01/01/2000,FWA,IN,AGL,CE,Towers with Radar,12,29,20,0,61,0,14,37,0,51,12,43,57,0,112,30,0,30,142
01/02/2000,FWA,IN,AGL,CE,Towers with Radar,26,57,39,0,122,1,6,1,0,8,27,63,40,0,130,32,0,32,162
01/03/2000,FWA,IN,AGL,CE,Towers with Radar,32,66,45,0,143,1,19,5,0,25,33,85,50,0,168,2,0,2,170
01/04/2000,FWA,IN,AGL,CE,Towers with Radar,50,101,70,8,229,4,0,0,18,22,54,101,70,26,251,8,12,20,271
01/05/2000,FWA,IN,AGL,CE,Towers with Radar,55,120,81,9,265,0,0,0,12,12,55,120,81,21,277,71,0,71,348
01/06/2000,FWA,IN,AGL,CE,Towers with Radar,59,110,82,9,260,0,0,67,3,70,59,110,149,12,330,60,20,80,410
01/07/2000,FWA,IN,AGL,CE,Towers with Radar,51,98,71,8,228,10,0,18,13,41,61,98,89,21,269,79,38,117,386
01/08/2000,FWA,IN,AGL,CE,Towers with Radar,29,62,41,5,137,12,10,30,0,52,41,72,71,5,189,100,0,100,289
01/09/2000,FWA,IN,AGL,CE,Towers with Radar,10,47,31,4,92,0,12,22,6,40,10,59,53,10,132,121,0,121,253
01/10/2000,FWA,IN,AGL,CE,Towers with Radar,23,72,47,3,145,0,15,4,0,19,23,87,51,3,164,13,0,13,177
01/11/2000,FWA,IN,AGL,CE,Towers with Radar,60,121,74,0,255,5,0,0,0,5,65,121,74,0,260,56,0,56,316
01/12/2000,FWA,IN,AGL,CE,Towers with Radar,48,125,83,9,265,0,0,29,15,44,48,125,112,24,309,64,8,72,381
01/13/2000,FWA,IN,AGL,CE,Towers with Radar,56,120,80,1,257,0,1,8,0,9,56,121,88,1,266,41,0,41,307
01/14/2000,FWA,IN,AGL,CE,Towers with Radar,55,106,78,3,242,0,0,31,0,31,55,106,109,3,273,107,0,107,380
01/15/2000,FWA,IN,AGL,CE,Towers with Radar,31,65,43,1,140,9,19,54,0,82,40,84,97,1,222,140,0,140,362
01/16/2000,FWA,IN,AGL,CE,Towers with Radar,15,49,33,3,100,0,15,21,0,36,15,64,54,3,136,70,2,72,208
01/17/2000,FWA,IN,AGL,CE,Towers with Radar,16,63,42,0,121,0,6,2,0,8,16,69,44,0,129,84,0,84,213
01/18/2000,FWA,IN,AGL,CE,Towers with Radar,52,96,70,1,219,10,0,29,0,39,62,96,99,1,258,18,0,18,276
01/19/2000,FWA,IN,AGL,CE,Towers with Radar,57,105,77,0,239,16,0,13,0,29,73,105,90,0,268,54,0,54,322
01/20/2000,FWA,IN,AGL,CE,Towers with Radar,48,82,66,3,199,3,0,35,0,38,51,82,101,3,237,44,16,60,297
01/21/2000,FWA,IN,AGL,CE,Towers with Radar,47,125,79,9,260,0,0,0,2,2,47,125,79,11,262,20,10,30,292
01/22/2000,FWA,IN,AGL,CE,Towers with Radar,27,54,18,4,103,19,6,0,1,26,46,60,18,5,129,3,0,3,132
01/23/2000,FWA,IN,AGL,CE,Towers with Radar,13,54,37,4,108,0,43,14,0,57,13,97,51,4,165,57,0,57,222
01/24/2000,FWA,IN,AGL,CE,Towers with Radar,15,70,48,1,134,0,21,46,0,67,15,91,94,1,201,56,0,56,257
01/25/2000,FWA,IN,AGL,CE,Towers with Radar,56,112,77,6,251,2,1,57,0,60,58,113,134,6,311,63,0,63,374
01/26/2000,FWA,IN,AGL,CE,Towers with Radar,51,93,70,7,221,5,0,62,8,75,56,93,132,15,296,50,24,74,370
01/27/2000,FWA,IN,AGL,CE,Towers with Radar,52,107,81,8,248,0,0,39,7,46,52,107,120,15,294,44,22,66,360
01/28/2000,FWA,IN,AGL,CE,Towers with Radar,50,93,69,7,219,23,0,47,2,72,73,93,116,9,291,160,0,160,451
01/29/2000,FWA,IN,AGL,CE,Towers with Radar,33,67,46,0,146,25,7,38,0,70,58,74,84,0,216,122,1,123,339
01/30/2000,FWA,IN,AGL,CE,Towers with Radar,11,27,19,0,57,0,21,0,0,21,11,48,19,0,78,0,0,0,78
01/31/2000,FWA,IN,AGL,CE,Towers with Radar,22,63,43,0,128,0,26,29,0,55,22,89,72,0,183,28,0,28,211
02/01/2000,FWA,IN,AGL,CE,Towers with Radar,44,99,76,0,219,11,3,21,0,35,55,102,97,0,254,58,0,58,312
02/02/2000,FWA,IN,AGL,CE,Towers with Radar,46,103,80,5,234,7,1,18,0,26,53,104,98,5,260,104,10,114,374
02/03/2000,FWA,IN,AGL,CE,Towers with Radar,46,103,80,0,229,9,5,6,0,20,55,108,86,0,249,17,0,17,266
02/04/2000,FWA,IN,AGL,CE,Towers with Radar,42,95,74,9,220,19,4,6,0,29,61,99,80,9,249,53,0,53,302
02/05/2000,FWA,IN,AGL,CE,Towers with Radar,29,65,50,7,151,5,3,33,0,41,34,68,83,7,192,20,0,20,212
02/06/2000,FWA,IN,AGL,CE,Towers with Radar,21,49,37,0,107,2,12,10,0,24,23,61,47,0,131,58,0,58,189
02/07/2000,FWA,IN,AGL,CE,Towers with Radar,17,75,58,0,150,0,22,27,0,49,17,97,85,0,199,82,0,82,281
02/08/2000,FWA,IN,AGL,CE,Towers with Radar,48,100,83,4,235,12,0,78,0,90,60,100,161,4,325,156,28,184,509
02/09/2000,FWA,IN,AGL,CE,Towers with Radar,48,102,84,7,241,0,0,83,0,83,48,102,167,7,324,113,0,113,437
02/10/2000,FWA,IN,AGL,CE,Towers with Radar,48,108,84,3,243,1,0,12,0,13,49,108,96,3,256,30,0,30,286
02/11/2000,FWA,IN,AGL,CE,Towers with Radar,63,116,80,13,272,5,0,0,0,5,68,116,80,13,277,44,0,44,321
02/12/2000,FWA,IN,AGL,CE,Towers with Radar,27,62,47,8,144,7,9,74,1,91,34,71,121,9,235,160,6,166,401
02/13/2000,FWA,IN,AGL,CE,Towers with Radar,9,36,24,5,74,0,22,0,7,29,9,58,24,12,103,0,2,2,105
02/14/2000,FWA,IN,AGL,CE,Towers with Radar,13,68,53,7,141,0,8,16,1,25,13,76,69,8,166,10,0,10,176
02/15/2000,FWA,IN,AGL,CE,Towers with Radar,58,105,100,14,277,1,0,48,13,62,59,105,148,27,339,31,8,39,378
02/16/2000,FWA,IN,AGL,CE,Towers with Radar,55,111,95,13,274,15,0,15,0,30,70,111,110,13,304,40,34,74,378
02/17/2000,FWA,IN,AGL,CE,Towers with Radar,53,111,97,7,268,0,0,63,0,63,53,111,160,7,331,78,20,98,429
02/18/2000,FWA,IN,AGL,CE,Towers with Radar,29,62,36,0,127,10,35,0,0,45,39,97,36,0,172,18,0,18,190
02/19/2000,FWA,IN,AGL,CE,Towers with Radar,24,60,48,0,132,0,19,4,0,23,24,79,52,0,155,2,0,2,157
02/20/2000,FWA,IN,AGL,CE,Towers with Radar,8,49,39,0,96,0,28,22,0,50,8,77,61,0,146,116,0,116,262
02/21/2000,FWA,IN,AGL,CE,Towers with Radar,9,68,54,0,131,0,9,47,0,56,9,77,101,0,187,58,0,58,245
02/22/2000,FWA,IN,AGL,CE,Towers with Radar,53,97,91,8,249,0,0,43,0,43,53,97,134,8,292,76,22,98,390
02/23/2000,FWA,IN,AGL,CE,Towers with Radar,52,95,89,7,243,11,0,37,0,48,63,95,126,7,291,88,4,92,383
02/24/2000,FWA,IN,AGL,CE,Towers with Radar,53,115,75,10,253,7,6,0,0,13,60,121,75,10,266,18,0,18,284
02/25/2000,FWA,IN,AGL,CE,Towers with Radar,53,115,68,11,247,10,8,0,0,18,63,123,68,11,265,30,8,38,303
02/26/2000,FWA,IN,AGL,CE,Towers with Radar,44,75,76,11,206,0,0,100,3,103,44,75,176,14,309,51,32,83,392
02/27/2000,FWA,IN,AGL,CE,Towers with Radar,6,44,35,5,90,0,18,19,0,37,6,62,54,5,127,24,0,24,151
02/28/2000,FWA,IN,AGL,CE,Towers with Radar,10,82,65,6,163,0,8,96,0,104,10,90,161,6,267,38,17,55,322
02/29/2000,FWA,IN,AGL,CE,Towers with Radar,45,98,76,0,219,7,18,45,0,70,52,116,121,0,289,150,0,150,439
03/01/2000,FWA,IN,AGL,CE,Towers with Radar,41,110,80,7,238,7,0,0,10,17,48,110,80,17,255,43,0,43,298
03/02/2000,FWA,IN,AGL,CE,Towers with Radar,47,115,96,5,263,14,0,29,0,43,61,115,125,5,306,69,6,75,381
03/03/2000,FWA,IN,AGL,CE,Towers with Radar,53,103,108,8,272,5,0,138,0,143,58,103,246,8,415,152,10,162,577
03/04/2000,FWA,IN,AGL,CE,Towers with Radar,27,81,57,5,170,14,6,80,1,101,41,87,137,6,271,122,4,126,397
03/05/2000,FWA,IN,AGL,CE,Towers with Radar,13,13,47,0,73,0,0,70,0,70,13,13,117,0,143,96,0,96,239
03/06/2000,FWA,IN,AGL,CE,Towers with Radar,9,88,62,1,160,0,18,89,0,107,9,106,151,1,267,58,0,58,325
03/07/2000,FWA,IN,AGL,CE,Towers with Radar,41,121,86,8,256,12,7,32,2,53,53,128,118,10,309,136,42,178,487
03/08/2000,FWA,IN,AGL,CE,Towers with Radar,39,103,80,8,230,17,0,19,7,43,56,103,99,15,273,72,22,94,367
03/09/2000,FWA,IN,AGL,CE,Towers with Radar,45,127,81,6,259,5,0,0,0,5,50,127,81,6,264,32,0,32,296
03/10/2000,FWA,IN,AGL,CE,Towers with Radar,53,152,107,10,322,5,0,1,8,14,58,152,108,18,336,130,0,130,466
03/11/2000,FWA,IN,AGL,CE,Towers with Radar,18,58,41,4,121,23,6,4,0,33,41,64,45,4,154,41,0,41,195
03/12/2000,FWA,IN,AGL,CE,Towers with Radar,8,57,40,0,105,0,8,34,0,42,8,65,74,0,147,53,0,53,200
03/13/2000,FWA,IN,AGL,CE,Towers with Radar,11,88,63,6,168,0,8,4,0,12,11,96,67,6,180,42,4,46,226
03/14/2000,FWA,IN,AGL,CE,Towers with Radar,48,152,126,12,338,0,0,78,2,80,48,152,204,14,418,104,26,130,548
03/15/2000,FWA,IN,AGL,CE,Towers with Radar,42,117,95,14,268,2,2,27,0,31,44,119,122,14,299,106,22,128,427
03/16/2000,FWA,IN,AGL,CE,Towers with Radar,68,154,104,12,338,2,0,21,0,23,70,154,125,12,361,64,0,64,425
03/17/2000,FWA,IN,AGL,CE,Towers with Radar,52,118,202,16,388,2,5,44,0,51,54,123,246,16,439,128,12,140,579
03/18/2000,FWA,IN,AGL,CE,Towers with Radar,28,77,55,5,165,5,10,48,0,63,33,87,103,5,228,40,4,44,272
03/19/2000,FWA,IN,AGL,CE,Towers with Radar,5,74,54,0,133,0,67,3,0,70,5,141,57,0,203,36,0,36,239
03/20/2000,FWA,IN,AGL,CE,Towers with Radar,7,96,67,1,171,0,39,0,0,39,7,135,67,1,210,6,0,6,216
03/21/2000,FWA,IN,AGL,CE,Towers with Radar,52,152,84,14,302,1,2,13,0,16,53,154,97,14,318,144,24,168,486
03/22/2000,FWA,IN,AGL,CE,Towers with Radar,50,145,106,5,306,1,1,22,0,24,51,146,128,5,330,106,8,114,444
03/23/2000,FWA,IN,AGL,CE,Towers with Radar,72,138,84,5,299,1,8,31,1,41,73,146,115,6,340,144,0,144,484
03/24/2000,FWA,IN,AGL,CE,Towers with Radar,59,132,64,16,271,1,7,42,0,50,60,139,106,16,321,73,36,109,430
03/25/2000,FWA,IN,AGL,CE,Towers with Radar,46,98,55,0,199,1,3,30,0,34,47,101,85,0,233,90,2,92,325
03/26/2000,FWA,IN,AGL,CE,Towers with Radar,5,95,58,0,158,1,2,52,0,55,6,97,110,0,213,79,0,79,292
03/27/2000,FWA,IN,AGL,CE,Towers with Radar,3,110,72,9,194,1,1,23,0,25,4,111,95,9,219,31,4,35,254
03/28/2000,FWA,IN,AGL,CE,Towers with Radar,47,114,67,10,238,1,1,13,0,15,48,115,80,10,253,37,8,45,298
03/29/2000,FWA,IN,AGL,CE,Towers with Radar,59,120,84,14,277,1,2,41,0,44,60,122,125,14,321,120,13,133,454
03/30/2000,FWA,IN,AGL,CE,Towers with Radar,68,130,84,14,296,1,3,52,1,57,69,133,136,15,353,124,24,148,501
03/31/2000,FWA,IN,AGL,CE,Towers with Radar,56,123,10,0,189,69,0,0,0,69,125,123,10,0,258,50,19,69,327
04/01/2000,FWA,IN,AGL,CE,Towers with Radar,35,83,55,4,177,0,0,42,3,45,35,83,97,7,222,92,12,104,326
04/02/2000,FWA,IN,AGL,CE,Towers with Radar,6,62,37,3,108,0,27,10,5,42,6,89,47,8,150,56,5,61,211
04/03/2000,FWA,IN,AGL,CE,Towers with Radar,8,90,60,0,158,0,0,3,0,3,8,90,63,0,161,32,0,32,193
04/04/2000,FWA,IN,AGL,CE,Towers with Radar,43,115,59,2,219,5,0,7,0,12,48,115,66,2,231,32,0,32,263
04/05/2000,FWA,IN,AGL,CE,Towers with Radar,44,109,49,7,209,5,1,32,0,38,49,110,81,7,247,35,10,45,292
04/06/2000,FWA,IN,AGL,CE,Towers with Radar,64,113,68,8,253,5,1,18,0,24,69,114,86,8,277,26,12,38,315
04/07/2000,FWA,IN,AGL,CE,Towers with Radar,56,108,55,0,219,5,2,10,0,17,61,110,65,0,236,52,0,52,288
04/08/2000,FWA,IN,AGL,CE,Towers with Radar,56,109,29,2,196,5,3,4,0,12,61,112,33,2,208,32,0,32,240
04/09/2000,FWA,IN,AGL,CE,Towers with Radar,8,86,37,0,131,4,1,13,0,18,12,87,50,0,149,12,0,12,161
04/10/2000,FWA,IN,AGL,CE,Towers with Radar,14,108,43,13,178,4,2,41,0,47,18,110,84,13,225,98,4,102,327
04/11/2000,FWA,IN,AGL,CE,Towers with Radar,54,163,70,9,296,4,2,3,0,9,58,165,73,9,305,55,0,55,360
04/12/2000,FWA,IN,AGL,CE,Towers with Radar,43,117,78,7,245,4,3,44,0,51,47,120,122,7,296,61,0,61,357
04/13/2000,FWA,IN,AGL,CE,Towers with Radar,64,111,101,9,285,4,6,63,0,73,68,117,164,9,358,88,10,98,456
04/14/2000,FWA,IN,AGL,CE,Towers with Radar,52,114,93,5,264,4,4,56,1,65,56,118,149,6,329,98,8,106,435
04/15/2000,FWA,IN,AGL,CE,Towers with Radar,44,99,67,0,210,3,5,53,1,62,47,104,120,1,272,82,0,82,354
04/16/2000,FWA,IN,AGL,CE,Towers with Radar,2,88,47,0,137,3,4,12,0,19,5,92,59,0,156,73,0,73,229
04/17/2000,FWA,IN,AGL,CE,Towers with Radar,9,155,105,0,269,3,1,0,0,4,12,156,105,0,273,2,0,2,275
04/18/2000,FWA,IN,AGL,CE,Towers with Radar,64,158,103,5,330,1,0,21,0,22,65,158,124,5,352,136,0,136,488
04/19/2000,FWA,IN,AGL,CE,Towers with Radar,52,141,98,5,296,0,0,19,0,19,52,141,117,5,315,128,0,128,443
04/20/2000,FWA,IN,AGL,CE,Towers with Radar,35,83,59,0,177,22,0,2,0,24,57,83,61,0,201,2,0,2,203
04/21/2000,FWA,IN,AGL,CE,Towers with Radar,45,108,66,0,219,3,2,0,0,5,48,110,66,0,224,2,0,2,226
04/22/2000,FWA,IN,AGL,CE,Towers with Radar,123,105,22,0,250,3,3,63,0,69,126,108,85,0,319,106,0,106,425
04/23/2000,FWA,IN,AGL,CE,Towers with Radar,11,64,39,0,114,0,18,23,0,41,11,82,62,0,155,28,0,28,183
04/24/2000,FWA,IN,AGL,CE,Towers with Radar,7,94,57,0,158,0,6,66,0,72,7,100,123,0,230,111,0,111,341
04/25/2000,FWA,IN,AGL,CE,Towers with Radar,50,139,99,3,291,3,4,59,0,66,53,143,158,3,357,172,4,176,533
04/26/2000,FWA,IN,AGL,CE,Towers with Radar,68,139,102,2,311,3,5,53,1,62,71,144,155,3,373,123,0,123,496
04/27/2000,FWA,IN,AGL,CE,Towers with Radar,46,128,76,4,254,6,4,50,9,69,52,132,126,13,323,153,16,169,492
04/28/2000,FWA,IN,AGL,CE,Towers with Radar,49,129,54,16,248,3,4,51,1,59,52,133,105,17,307,165,0,165,472
04/29/2000,FWA,IN,AGL,CE,Towers with Radar,9,83,50,0,142,0,13,88,0,101,9,96,138,0,243,113,0,113,356
04/30/2000,FWA,IN,AGL,CE,Towers with Radar,5,83,71,2,161,3,5,60,0,68,8,88,131,2,229,86,0,86,315
05/01/2000,FWA,IN,AGL,CE,Towers with Radar,6,96,64,0,166,0,1,7,0,8,6,97,71,0,174,26,0,26,200
05/02/2000,FWA,IN,AGL,CE,Towers with Radar,48,107,104,9,268,0,1,46,0,47,48,108,150,9,315,78,2,80,395
05/03/2000,FWA,IN,AGL,CE,Towers with Radar,55,127,80,7,269,25,0,66,14,105,80,127,146,21,374,135,26,161,535
05/04/2000,FWA,IN,AGL,CE,Towers with Radar,65,108,99,3,275,0,1,23,0,24,65,109,122,3,299,120,10,130,429
05/05/2000,FWA,IN,AGL,CE,Towers with Radar,66,107,45,9,227,0,2,35,0,37,66,109,80,9,264,99,12,111,375
05/06/2000,FWA,IN,AGL,CE,Towers with Radar,46,94,34,8,182,0,2,38,0,40,46,96,72,8,222,39,14,53,275
05/07/2000,FWA,IN,AGL,CE,Towers with Radar,7,94,17,6,124,0,2,12,0,14,7,96,29,6,138,18,16,34,172
05/08/2000,FWA,IN,AGL,CE,Towers with Radar,12,103,59,6,180,0,38,27,0,65,12,141,86,6,245,39,32,71,316
05/09/2000,FWA,IN,AGL,CE,Towers with Radar,53,183,62,24,322,0,2,22,0,24,53,185,84,24,346,22,24,46,392
05/10/2000,FWA,IN,AGL,CE,Towers with Radar,61,151,94,12,318,0,2,58,0,60,61,153,152,12,378,40,16,56,434
05/11/2000,FWA,IN,AGL,CE,Towers with Radar,59,146,87,9,301,3,0,37,0,40,62,146,124,9,341,46,6,52,393
05/12/2000,FWA,IN,AGL,CE,Towers with Radar,65,108,75,7,255,0,2,13,0,15,65,110,88,7,270,71,2,73,343
05/13/2000,FWA,IN,AGL,CE,Towers with Radar,28,68,39,2,137,8,10,15,0,33,36,78,54,2,170,52,0,52,222
05/14/2000,FWA,IN,AGL,CE,Towers with Radar,3,99,19,0,121,0,1,30,0,31,3,100,49,0,152,48,0,48,200
05/15/2000,FWA,IN,AGL,CE,Towers with Radar,11,99,69,0,179,0,11,69,0,80,11,110,138,0,259,53,0,53,312
05/16/2000,FWA,IN,AGL,CE,Towers with Radar,59,143,76,7,285,0,0,30,0,30,59,143,106,7,315,109,2,111,426
05/17/2000,FWA,IN,AGL,CE,Towers with Radar,63,136,93,4,296,19,0,35,0,54,82,136,128,4,350,36,10,46,396
05/18/2000,FWA,IN,AGL,CE,Towers with Radar,57,91,95,5,248,0,3,12,0,15,57,94,107,5,263,37,8,45,308
05/19/2000,FWA,IN,AGL,CE,Towers with Radar,64,111,92,4,271,0,1,2,0,3,64,112,94,4,274,4,0,4,278
05/20/2000,FWA,IN,AGL,CE,Towers with Radar,48,123,69,0,240,0,0,16,0,16,48,123,85,0,256,62,0,62,318
05/21/2000,FWA,IN,AGL,CE,Towers with Radar,8,84,48,3,143,0,2,51,0,53,8,86,99,3,196,94,0,94,290
05/22/2000,FWA,IN,AGL,CE,Towers with Radar,9,113,72,4,198,0,2,32,0,34,9,115,104,4,232,117,0,117,349
05/23/2000,FWA,IN,AGL,CE,Towers with Radar,69,117,102,8,296,0,2,25,0,27,69,119,127,8,323,120,0,120,443
05/24/2000,FWA,IN,AGL,CE,Towers with Radar,57,130,84,7,278,4,0,29,2,35,61,130,113,9,313,187,4,191,504
05/25/2000,FWA,IN,AGL,CE,Towers with Radar,66,117,95,11,289,0,5,76,0,81,66,122,171,11,370,196,12,208,578
05/26/2000,FWA,IN,AGL,CE,Towers with Radar,57,103,54,6,220,0,0,55,0,55,57,103,109,6,275,58,2,60,335
05/27/2000,FWA,IN,AGL,CE,Towers with Radar,39,73,19,2,133,0,0,4,0,4,39,73,23,2,137,2,0,2,139
05/28/2000,FWA,IN,AGL,CE,Towers with Radar,37,88,33,0,158,0,4,1,0,5,37,92,34,0,163,22,10,32,195
05/29/2000,FWA,IN,AGL,CE,Towers with Radar,10,90,32,1,133,0,2,59,0,61,10,92,91,1,194,102,0,102,296
05/30/2000,FWA,IN,AGL,CE,Towers with Radar,14,123,88,11,236,0,4,41,0,45,14,127,129,11,281,159,0,159,440
05/31/2000,FWA,IN,AGL,CE,Towers with Radar,54,109,76,6,245,0,6,27,0,33,54,115,103,6,278,60,1,61,339
06/01/2000,FWA,IN,AGL,CE,Towers with Radar,39,104,67,12,222,21,27,69,2,119,60,131,136,14,341,66,12,78,419
06/02/2000,FWA,IN,AGL,CE,Towers with Radar,57,105,75,17,254,0,1,43,0,44,57,106,118,17,298,88,40,128,426
06/03/2000,FWA,IN,AGL,CE,Towers with Radar,32,84,33,27,176,0,4,76,0,80,32,88,109,27,256,56,64,120,376
06/04/2000,FWA,IN,AGL,CE,Towers with Radar,4,82,55,31,172,0,10,31,0,41,4,92,86,31,213,66,38,104,317
06/05/2000,FWA,IN,AGL,CE,Towers with Radar,11,133,61,19,224,0,1,2,0,3,11,134,63,19,227,6,16,22,249
06/06/2000,FWA,IN,AGL,CE,Towers with Radar,51,149,97,29,326,0,7,70,1,78,51,156,167,30,404,124,42,166,570
06/07/2000,FWA,IN,AGL,CE,Towers with Radar,55,115,87,11,268,0,6,100,2,108,55,121,187,13,376,91,16,107,483
06/08/2000,FWA,IN,AGL,CE,Towers with Radar,54,127,89,8,278,0,6,75,2,83,54,133,164,10,361,60,24,84,445
06/09/2000,FWA,IN,AGL,CE,Towers with Radar,51,109,65,22,247,0,5,62,0,67,51,114,127,22,314,49,14,63,377
06/10/2000,FWA,IN,AGL,CE,Towers with Radar,34,103,36,4,177,0,3,40,4,47,34,106,76,8,224,56,4,60,284
06/11/2000,FWA,IN,AGL,CE,Towers with Radar,7,81,36,4,128,0,2,15,0,17,7,83,51,4,145,44,4,48,193
06/12/2000,FWA,IN,AGL,CE,Towers with Radar,5,118,76,1,200,0,2,14,1,17,5,120,90,2,217,102,2,104,321
06/13/2000,FWA,IN,AGL,CE,Towers with Radar,63,136,98,4,301,0,1,12,0,13,63,137,110,4,314,20,0,20,334
06/14/2000,FWA,IN,AGL,CE,Towers with Radar,59,109,85,10,263,0,2,20,0,22,59,111,105,10,285,52,0,52,337
06/15/2000,FWA,IN,AGL,CE,Towers with Radar,73,132,89,25,319,1,8,42,2,53,74,140,131,27,372,8,2,10,382
06/16/2000,FWA,IN,AGL,CE,Towers with Radar,59,109,65,16,249,0,5,10,1,16,59,114,75,17,265,18,8,26,291
06/17/2000,FWA,IN,AGL,CE,Towers with Radar,32,103,46,0,181,0,0,33,0,33,32,103,79,0,214,101,0,101,315
06/18/2000,FWA,IN,AGL,CE,Towers with Radar,6,95,40,0,141,0,0,23,0,23,6,95,63,0,164,74,0,74,238
06/19/2000,FWA,IN,AGL,CE,Towers with Radar,14,92,85,12,203,0,1,73,1,75,14,93,158,13,278,100,12,112,390
06/20/2000,FWA,IN,AGL,CE,Towers with Radar,54,120,105,31,310,0,1,28,0,29,54,121,133,31,339,42,20,62,401
06/21/2000,FWA,IN,AGL,CE,Towers with Radar,63,131,87,12,293,0,1,20,0,21,63,132,107,12,314,25,0,25,339
06/22/2000,FWA,IN,AGL,CE,Towers with Radar,55,117,94,17,283,6,0,70,2,78,61,117,164,19,361,74,13,87,448
06/23/2000,FWA,IN,AGL,CE,Towers with Radar,51,136,55,7,249,0,4,66,0,70,51,140,121,7,319,62,0,62,381
06/24/2000,FWA,IN,AGL,CE,Towers with Radar,34,81,37,2,154,0,0,20,1,21,34,81,57,3,175,102,0,102,277
06/25/2000,FWA,IN,AGL,CE,Towers with Radar,10,100,51,1,162,0,2,40,0,42,10,102,91,1,204,40,0,40,244
06/26/2000,FWA,IN,AGL,CE,Towers with Radar,11,106,84,0,201,0,1,28,1,30,11,107,112,1,231,107,0,107,338
06/27/2000,FWA,IN,AGL,CE,Towers with Radar,59,145,73,20,297,0,0,88,0,88,59,145,161,20,385,106,18,124,509
06/28/2000,FWA,IN,AGL,CE,Towers with Radar,63,128,92,16,299,0,6,76,0,82,63,134,168,16,381,86,22,108,489
06/29/2000,FWA,IN,AGL,CE,Towers with Radar,66,147,86,17,316,0,3,43,0,46,66,150,129,17,362,72,44,116,478
06/30/2000,FWA,IN,AGL,CE,Towers with Radar,62,136,74,24,296,0,5,83,0,88,62,141,157,24,384,102,16,118,502
07/01/2000,FWA,IN,AGL,CE,Towers with Radar,30,98,54,0,182,1,57,13,0,71,31,155,67,0,253,124,0,124,377
07/02/2000,FWA,IN,AGL,CE,Towers with Radar,5,87,27,0,119,0,3,24,0,27,5,90,51,0,146,104,0,104,250
07/03/2000,FWA,IN,AGL,CE,Towers with Radar,5,110,16,0,131,0,1,14,0,15,5,111,30,0,146,32,0,32,178
07/04/2000,FWA,IN,AGL,CE,Towers with Radar,8,129,32,10,179,0,3,24,1,28,8,132,56,11,207,45,0,45,252
07/05/2000,FWA,IN,AGL,CE,Towers with Radar,13,86,64,13,176,0,1,43,1,45,13,87,107,14,221,54,11,65,286
07/06/2000,FWA,IN,AGL,CE,Towers with Radar,41,111,72,10,234,10,0,60,15,85,51,111,132,25,319,83,29,112,431
07/07/2000,FWA,IN,AGL,CE,Towers with Radar,56,146,62,18,282,0,5,61,1,67,56,151,123,19,349,70,8,78,427
07/08/2000,FWA,IN,AGL,CE,Towers with Radar,29,116,36,2,183,0,5,41,2,48,29,121,77,4,231,70,20,90,321
07/09/2000,FWA,IN,AGL,CE,Towers with Radar,8,78,40,2,128,0,22,18,1,41,8,100,58,3,169,67,0,67,236
07/10/2000,FWA,IN,AGL,CE,Towers with Radar,9,87,48,0,144,0,0,28,0,28,9,87,76,0,172,130,0,130,302
07/11/2000,FWA,IN,AGL,CE,Towers with Radar,58,121,126,36,341,0,6,36,0,42,58,127,162,36,383,120,58,178,561
07/12/2000,FWA,IN,AGL,CE,Towers with Radar,51,134,68,27,280,0,6,65,0,71,51,140,133,27,351,87,38,125,476
07/13/2000,FWA,IN,AGL,CE,Towers with Radar,51,117,64,13,245,0,2,81,0,83,51,119,145,13,328,92,12,104,432
07/14/2000,FWA,IN,AGL,CE,Towers with Radar,58,92,49,11,210,0,3,57,0,60,58,95,106,11,270,26,54,80,350
07/15/2000,FWA,IN,AGL,CE,Towers with Radar,29,84,37,0,150,0,2,66,1,69,29,86,103,1,219,84,0,84,303
07/16/2000,FWA,IN,AGL,CE,Towers with Radar,6,114,32,0,152,0,1,48,0,49,6,115,80,0,201,30,0,30,231
07/17/2000,FWA,IN,AGL,CE,Towers with Radar,11,159,48,11,229,0,3,52,2,57,11,162,100,13,286,110,40,150,436
07/18/2000,FWA,IN,AGL,CE,Towers with Radar,48,112,80,11,251,0,3,70,1,74,48,115,150,12,325,73,10,83,408
07/19/2000,FWA,IN,AGL,CE,Towers with Radar,57,140,62,12,271,0,3,43,0,46,57,143,105,12,317,100,40,140,457
07/20/2000,FWA,IN,AGL,CE,Towers with Radar,49,136,84,22,291,0,3,63,0,66,49,139,147,22,357,162,44,206,563
07/21/2000,FWA,IN,AGL,CE,Towers with Radar,37,116,68,11,232,12,0,83,4,99,49,116,151,15,331,262,25,287,618
07/22/2000,FWA,IN,AGL,CE,Towers with Radar,41,98,32,0,171,0,1,46,0,47,41,99,78,0,218,102,0,102,320
07/23/2000,FWA,IN,AGL,CE,Towers with Radar,8,86,47,0,141,0,10,74,0,84,8,96,121,0,225,116,0,116,341
07/24/2000,FWA,IN,AGL,CE,Towers with Radar,6,131,61,0,198,0,1,55,4,60,6,132,116,4,258,73,0,73,331
07/25/2000,FWA,IN,AGL,CE,Towers with Radar,41,123,75,11,250,22,0,70,0,92,63,123,145,11,342,106,18,124,466
07/26/2000,FWA,IN,AGL,CE,Towers with Radar,47,139,87,13,286,11,0,71,5,87,58,139,158,18,373,72,19,91,464
07/27/2000,FWA,IN,AGL,CE,Towers with Radar,57,132,86,14,289,0,6,31,0,37,57,138,117,14,326,104,24,128,454
07/28/2000,FWA,IN,AGL,CE,Towers with Radar,59,98,93,17,267,0,10,26,0,36,59,108,119,17,303,141,6,147,450
07/29/2000,FWA,IN,AGL,CE,Towers with Radar,36,99,58,0,193,0,3,11,0,14,36,102,69,0,207,32,0,32,239
07/30/2000,FWA,IN,AGL,CE,Towers with Radar,6,77,43,0,126,0,2,7,0,9,6,79,50,0,135,32,0,32,167
07/31/2000,FWA,IN,AGL,CE,Towers with Radar,6,89,102,10,207,0,1,36,0,37,6,90,138,10,244,56,0,56,300
08/01/2000,FWA,IN,AGL,CE,Towers with Radar,44,123,62,17,246,2,4,30,0,36,46,127,92,17,282,171,6,177,459
08/02/2000,FWA,IN,AGL,CE,Towers with Radar,54,101,65,8,228,4,9,26,0,39,58,110,91,8,267,51,40,91,358
08/03/2000,FWA,IN,AGL,CE,Towers with Radar,52,142,96,21,311,4,6,37,0,47,56,148,133,21,358,82,12,94,452
08/04/2000,FWA,IN,AGL,CE,Towers with Radar,49,132,70,24,275,4,0,80,1,85,53,132,150,25,360,156,56,212,572
08/05/2000,FWA,IN,AGL,CE,Towers with Radar,40,111,57,11,219,4,0,58,0,62,44,111,115,11,281,208,16,224,505
08/06/2000,FWA,IN,AGL,CE,Towers with Radar,6,71,31,6,114,0,14,0,13,27,6,85,31,19,141,27,24,51,192
08/07/2000,FWA,IN,AGL,CE,Towers with Radar,1,104,67,0,172,4,0,34,0,38,5,104,101,0,210,72,0,72,282
08/08/2000,FWA,IN,AGL,CE,Towers with Radar,53,126,57,19,255,4,1,35,0,40,57,127,92,19,295,77,8,85,380
08/09/2000,FWA,IN,AGL,CE,Towers with Radar,56,121,86,14,277,4,0,32,1,37,60,121,118,15,314,114,0,114,428
08/10/2000,FWA,IN,AGL,CE,Towers with Radar,53,151,96,9,309,4,0,73,0,77,57,151,169,9,386,226,20,246,632
08/11/2000,FWA,IN,AGL,CE,Towers with Radar,53,130,60,15,258,4,0,61,0,65,57,130,121,15,323,126,12,138,461
08/12/2000,FWA,IN,AGL,CE,Towers with Radar,40,97,51,5,193,4,1,83,0,88,44,98,134,5,281,573,0,573,854
08/13/2000,FWA,IN,AGL,CE,Towers with Radar,6,112,31,1,150,3,0,43,0,46,9,112,74,1,196,273,0,273,469
08/14/2000,FWA,IN,AGL,CE,Towers with Radar,9,90,53,8,160,0,15,66,0,81,9,105,119,8,241,104,22,126,367
08/15/2000,FWA,IN,AGL,CE,Towers with Radar,57,106,87,25,275,3,1,49,1,54,60,107,136,26,329,102,36,138,467
08/16/2000,FWA,IN,AGL,CE,Towers with Radar,51,126,73,8,258,2,0,58,1,61,53,126,131,9,319,194,38,232,551
08/17/2000,FWA,IN,AGL,CE,Towers with Radar,75,126,68,9,278,2,0,13,0,15,77,126,81,9,293,60,12,72,365
08/18/2000,FWA,IN,AGL,CE,Towers with Radar,72,114,76,20,282,2,3,26,0,31,74,117,102,20,313,154,26,180,493
08/19/2000,FWA,IN,AGL,CE,Towers with Radar,43,92,29,0,164,2,3,68,1,74,45,95,97,1,238,168,0,168,406
08/20/2000,FWA,IN,AGL,CE,Towers with Radar,12,63,37,0,112,0,18,46,0,64,12,81,83,0,176,42,0,42,218
08/21/2000,FWA,IN,AGL,CE,Towers with Radar,17,106,60,2,185,2,0,49,0,51,19,106,109,2,236,109,0,109,345
08/22/2000,FWA,IN,AGL,CE,Towers with Radar,46,113,85,4,248,3,5,33,0,41,49,118,118,4,289,58,0,58,347
08/23/2000,FWA,IN,AGL,CE,Towers with Radar,64,120,70,7,261,2,1,21,0,24,66,121,91,7,285,67,2,69,354
08/24/2000,FWA,IN,AGL,CE,Towers with Radar,63,118,95,14,290,2,1,25,0,28,65,119,120,14,318,44,24,68,386
08/25/2000,FWA,IN,AGL,CE,Towers with Radar,60,140,61,12,273,2,2,81,0,85,62,142,142,12,358,175,4,179,537
08/26/2000,FWA,IN,AGL,CE,Towers with Radar,36,101,50,3,190,2,1,48,0,51,38,102,98,3,241,46,0,46,287
08/27/2000,FWA,IN,AGL,CE,Towers with Radar,7,91,35,4,137,2,0,12,0,14,9,91,47,4,151,68,0,68,219
08/28/2000,FWA,IN,AGL,CE,Towers with Radar,18,114,66,11,209,0,5,53,2,60,18,119,119,13,269,88,0,88,357
08/29/2000,FWA,IN,AGL,CE,Towers with Radar,60,124,95,12,291,2,0,42,0,44,62,124,137,12,335,38,22,60,395
08/30/2000,FWA,IN,AGL,CE,Towers with Radar,50,125,89,20,284,2,1,63,0,66,52,126,152,20,350,182,24,206,556
08/31/2000,FWA,IN,AGL,CE,Towers with Radar,58,116,81,9,264,2,3,49,0,54,60,119,130,9,318,102,8,110,428
09/01/2000,FWA,IN,AGL,CE,Towers with Radar,63,124,61,0,248,1,11,42,0,54,64,135,103,0,302,100,0,100,402
09/02/2000,FWA,IN,AGL,CE,Towers with Radar,35,89,52,2,178,0,10,4,0,14,35,99,56,2,192,136,8,144,336
09/03/2000,FWA,IN,AGL,CE,Towers with Radar,4,99,23,0,126,1,5,14,0,20,5,104,37,0,146,10,0,10,156
09/04/2000,FWA,IN,AGL,CE,Towers with Radar,3,100,23,0,126,1,4,12,0,17,4,104,35,0,143,16,1,17,160
09/05/2000,FWA,IN,AGL,CE,Towers with Radar,7,101,60,7,175,0,2,46,1,49,7,103,106,8,224,12,3,15,239
09/06/2000,FWA,IN,AGL,CE,Towers with Radar,50,123,75,9,257,0,12,74,2,88,50,135,149,11,345,102,18,120,465
09/07/2000,FWA,IN,AGL,CE,Towers with Radar,54,129,72,11,266,0,5,74,1,80,54,134,146,12,346,148,0,148,494
09/08/2000,FWA,IN,AGL,CE,Towers with Radar,60,114,49,11,234,0,6,44,2,52,60,120,93,13,286,202,10,212,498
09/09/2000,FWA,IN,AGL,CE,Towers with Radar,53,106,38,15,212,0,3,11,1,15,53,109,49,16,227,155,0,155,382
09/10/2000,FWA,IN,AGL,CE,Towers with Radar,9,81,37,0,127,0,0,0,0,0,9,81,37,0,127,22,0,22,149
09/11/2000,FWA,IN,AGL,CE,Towers with Radar,17,84,76,5,182,0,2,14,1,17,17,86,90,6,199,39,14,53,252
09/12/2000,FWA,IN,AGL,CE,Towers with Radar,51,120,72,7,250,3,0,35,0,38,54,120,107,7,288,110,6,116,404
09/13/2000,FWA,IN,AGL,CE,Towers with Radar,54,127,79,11,271,0,9,121,1,131,54,136,200,12,402,123,12,135,537
09/14/2000,FWA,IN,AGL,CE,Towers with Radar,76,115,77,23,291,1,6,31,1,39,77,121,108,24,330,88,4,92,422
09/15/2000,FWA,IN,AGL,CE,Towers with Radar,63,107,76,11,257,0,3,67,1,71,63,110,143,12,328,64,2,66,394
09/16/2000,FWA,IN,AGL,CE,Towers with Radar,36,89,30,3,158,0,3,51,2,56,36,92,81,5,214,70,0,70,284
09/17/2000,FWA,IN,AGL,CE,Towers with Radar,4,84,25,7,120,0,2,52,1,55,4,86,77,8,175,42,2,44,219
09/18/2000,FWA,IN,AGL,CE,Towers with Radar,14,60,35,2,111,0,31,88,0,119,14,91,123,2,230,108,10,118,348
09/19/2000,FWA,IN,AGL,CE,Towers with Radar,51,133,69,12,265,0,1,41,1,43,51,134,110,13,308,151,11,162,470
09/20/2000,FWA,IN,AGL,CE,Towers with Radar,57,126,66,5,254,0,4,7,1,12,57,130,73,6,266,86,0,86,352
09/21/2000,FWA,IN,AGL,CE,Towers with Radar,75,133,96,14,318,0,8,47,1,56,75,141,143,15,374,204,20,224,598
09/22/2000,FWA,IN,AGL,CE,Towers with Radar,74,132,75,21,302,0,3,47,4,54,74,135,122,25,356,100,22,122,478
09/23/2000,FWA,IN,AGL,CE,Towers with Radar,44,106,41,3,194,0,3,3,1,7,44,109,44,4,201,8,0,8,209
09/24/2000,FWA,IN,AGL,CE,Towers with Radar,10,85,35,4,134,0,2,21,1,24,10,87,56,5,158,4,0,4,162
09/25/2000,FWA,IN,AGL,CE,Towers with Radar,10,96,73,25,204,0,3,17,1,21,10,99,90,26,225,55,46,101,326
09/26/2000,FWA,IN,AGL,CE,Towers with Radar,54,140,101,10,305,0,11,78,1,90,54,151,179,11,395,154,28,182,577
09/27/2000,FWA,IN,AGL,CE,Towers with Radar,62,117,66,10,255,0,7,60,4,71,62,124,126,14,326,110,28,138,464
09/28/2000,FWA,IN,AGL,CE,Towers with Radar,70,131,70,10,281,0,4,58,1,63,70,135,128,11,344,136,14,150,494
09/29/2000,FWA,IN,AGL,CE,Towers with Radar,53,124,75,4,256,38,0,79,0,117,91,124,154,4,373,101,2,103,476
09/30/2000,FWA,IN,AGL,CE,Towers with Radar,27,85,63,0,175,0,2,65,2,69,27,87,128,2,244,55,0,55,299
10/01/2000,FWA,IN,AGL,CE,Towers with Radar,9,70,40,0,119,0,19,32,0,51,9,89,72,0,170,50,0,50,220
10/02/2000,FWA,IN,AGL,CE,Towers with Radar,3,93,52,7,155,0,15,30,1,46,3,108,82,8,201,55,8,63,264
10/03/2000,FWA,IN,AGL,CE,Towers with Radar,47,118,79,11,255,11,0,42,4,57,58,118,121,15,312,108,22,130,442
10/04/2000,FWA,IN,AGL,CE,Towers with Radar,56,138,91,25,310,2,1,11,0,14,58,139,102,25,324,50,12,62,386
10/05/2000,FWA,IN,AGL,CE,Towers with Radar,60,135,74,12,281,2,0,5,0,7,62,135,79,12,288,40,6,46,334
10/06/2000,FWA,IN,AGL,CE,Towers with Radar,70,109,57,18,254,2,0,19,1,22,72,109,76,19,276,54,15,69,345
10/07/2000,FWA,IN,AGL,CE,Towers with Radar,48,117,35,5,205,2,4,23,0,29,50,121,58,5,234,81,0,81,315
10/08/2000,FWA,IN,AGL,CE,Towers with Radar,7,82,51,0,140,2,1,34,0,37,9,83,85,0,177,75,0,75,252
10/09/2000,FWA,IN,AGL,CE,Towers with Radar,4,99,62,0,165,2,0,25,0,27,6,99,87,0,192,121,0,121,313
10/10/2000,FWA,IN,AGL,CE,Towers with Radar,50,130,86,10,276,2,0,58,0,60,52,130,144,10,336,185,8,193,529
10/11/2000,FWA,IN,AGL,CE,Towers with Radar,63,134,84,11,292,2,4,69,0,75,65,138,153,11,367,54,0,54,421
10/12/2000,FWA,IN,AGL,CE,Towers with Radar,57,120,76,13,266,2,1,60,0,63,59,121,136,13,329,122,4,126,455
10/13/2000,FWA,IN,AGL,CE,Towers with Radar,57,172,60,16,305,2,3,57,0,62,59,175,117,16,367,102,2,104,471
10/14/2000,FWA,IN,AGL,CE,Towers with Radar,39,124,151,8,322,1,4,40,0,45,40,128,191,8,367,12,0,12,379
10/15/2000,FWA,IN,AGL,CE,Towers with Radar,8,85,37,0,130,1,0,9,0,10,9,85,46,0,140,12,0,12,152
10/16/2000,FWA,IN,AGL,CE,Towers with Radar,10,113,85,3,211,1,0,8,0,9,11,113,93,3,220,62,12,74,294
10/17/2000,FWA,IN,AGL,CE,Towers with Radar,50,116,135,15,316,1,0,21,0,22,51,116,156,15,338,116,0,116,454
10/18/2000,FWA,IN,AGL,CE,Towers with Radar,52,140,87,27,306,1,1,61,0,63,53,141,148,27,369,92,34,126,495
10/19/2000,FWA,IN,AGL,CE,Towers with Radar,74,134,71,21,300,3,7,64,0,74,77,141,135,21,374,223,48,271,645
10/20/2000,FWA,IN,AGL,CE,Towers with Radar,79,145,43,13,280,1,3,62,2,68,80,148,105,15,348,173,18,191,539
10/21/2000,FWA,IN,AGL,CE,Towers with Radar,37,114,25,20,196,1,5,62,0,68,38,119,87,20,264,74,0,74,338
10/22/2000,FWA,IN,AGL,CE,Towers with Radar,6,98,43,7,154,1,0,59,0,60,7,98,102,7,214,91,0,91,305
10/23/2000,FWA,IN,AGL,CE,Towers with Radar,4,101,64,18,187,1,0,33,1,35,5,101,97,19,222,111,42,153,375
10/24/2000,FWA,IN,AGL,CE,Towers with Radar,50,123,95,9,277,1,0,4,1,6,51,123,99,10,283,24,0,24,307
10/25/2000,FWA,IN,AGL,CE,Towers with Radar,59,124,88,6,277,1,4,10,0,15,60,128,98,6,292,77,2,79,371
10/26/2000,FWA,IN,AGL,CE,Towers with Radar,69,116,78,5,268,0,0,23,0,23,69,116,101,5,291,41,8,49,340
10/27/2000,FWA,IN,AGL,CE,Towers with Radar,65,158,76,10,309,0,0,36,1,37,65,158,112,11,346,107,0,107,453
10/28/2000,FWA,IN,AGL,CE,Towers with Radar,48,89,37,0,174,0,2,35,1,38,48,91,72,1,212,14,0,14,226
10/29/2000,FWA,IN,AGL,CE,Towers with Radar,5,82,27,0,114,0,0,59,0,59,5,82,86,0,173,42,0,42,215
10/30/2000,FWA,IN,AGL,CE,Towers with Radar,9,101,59,0,169,0,1,58,0,59,9,102,117,0,228,171,0,171,399
10/31/2000,FWA,IN,AGL,CE,Towers with Radar,60,108,68,9,245,3,5,75,0,83,63,113,143,9,328,166,19,185,513
11/01/2000,FWA,IN,AGL,CE,Towers with Radar,58,106,85,7,256,0,4,51,0,55,58,110,136,7,311,176,2,178,489
11/02/2000,FWA,IN,AGL,CE,Towers with Radar,53,112,74,8,247,6,0,25,11,42,59,112,99,19,289,159,12,171,460
11/03/2000,FWA,IN,AGL,CE,Towers with Radar,52,113,71,13,249,0,6,44,1,51,52,119,115,14,300,108,14,122,422
11/04/2000,FWA,IN,AGL,CE,Towers with Radar,42,85,52,13,192,0,3,54,0,57,42,88,106,13,249,124,8,132,381
11/05/2000,FWA,IN,AGL,CE,Towers with Radar,4,83,47,6,140,0,19,75,7,101,4,102,122,13,241,0,0,0,241
11/06/2000,FWA,IN,AGL,CE,Towers with Radar,12,96,53,7,168,0,8,16,2,26,12,104,69,9,194,118,0,118,312
11/07/2000,FWA,IN,AGL,CE,Towers with Radar,68,107,83,0,258,1,4,12,0,17,69,111,95,0,275,74,2,76,351
11/08/2000,FWA,IN,AGL,CE,Towers with Radar,52,119,77,7,255,0,0,28,2,30,52,119,105,9,285,21,2,23,308
11/09/2000,FWA,IN,AGL,CE,Towers with Radar,57,124,71,3,255,0,2,0,0,2,57,126,71,3,257,0,0,0,257
11/10/2000,FWA,IN,AGL,CE,Towers with Radar,62,136,89,1,288,44,0,28,0,72,106,136,117,1,360,16,0,16,376
11/11/2000,FWA,IN,AGL,CE,Towers with Radar,35,126,25,1,187,0,4,40,0,44,35,130,65,1,231,83,0,83,314
11/12/2000,FWA,IN,AGL,CE,Towers with Radar,6,73,40,1,120,0,3,22,0,25,6,76,62,1,145,134,0,134,279
11/13/2000,FWA,IN,AGL,CE,Towers with Radar,8,115,70,0,193,0,4,1,0,5,8,119,71,0,198,10,0,10,208
11/14/2000,FWA,IN,AGL,CE,Towers with Radar,45,101,64,6,216,9,0,17,2,28,54,101,81,8,244,2,0,2,246
11/15/2000,FWA,IN,AGL,CE,Towers with Radar,61,108,97,15,281,1,5,62,0,68,62,113,159,15,349,60,10,70,419
11/16/2000,FWA,IN,AGL,CE,Towers with Radar,60,115,84,16,275,0,5,18,0,23,60,120,102,16,298,25,6,31,329
11/17/2000,FWA,IN,AGL,CE,Towers with Radar,54,95,55,13,217,0,2,6,0,8,54,97,61,13,225,16,0,16,241
11/18/2000,FWA,IN,AGL,CE,Towers with Radar,36,109,52,0,197,0,4,20,0,24,36,113,72,0,221,74,0,74,295
11/19/2000,FWA,IN,AGL,CE,Towers with Radar,4,83,23,0,110,0,3,28,0,31,4,86,51,0,141,60,0,60,201
11/20/2000,FWA,IN,AGL,CE,Towers with Radar,7,104,56,7,174,0,3,3,0,6,7,107,59,7,180,28,0,28,208
11/21/2000,FWA,IN,AGL,CE,Towers with Radar,52,115,74,13,254,0,5,27,0,32,52,120,101,13,286,50,14,64,350
11/22/2000,FWA,IN,AGL,CE,Towers with Radar,75,137,63,8,283,0,8,47,0,55,75,145,110,8,338,50,21,71,409
11/23/2000,FWA,IN,AGL,CE,Towers with Radar,9,51,28,0,88,0,29,0,0,29,9,80,28,0,117,28,0,28,145
11/24/2000,FWA,IN,AGL,CE,Towers with Radar,13,69,29,0,111,0,2,57,0,59,13,71,86,0,170,34,0,34,204
11/25/2000,FWA,IN,AGL,CE,Towers with Radar,9,71,29,0,109,0,2,3,0,5,9,73,32,0,114,2,0,2,116
11/26/2000,FWA,IN,AGL,CE,Towers with Radar,10,113,20,1,144,0,1,1,0,2,10,114,21,1,146,16,0,16,162
11/27/2000,FWA,IN,AGL,CE,Towers with Radar,13,107,67,8,195,0,1,1,0,2,13,108,68,8,197,8,0,8,205
11/28/2000,FWA,IN,AGL,CE,Towers with Radar,49,147,77,4,277,0,1,18,0,19,49,148,95,4,296,40,0,40,336
11/29/2000,FWA,IN,AGL,CE,Towers with Radar,87,112,68,0,267,2,3,5,0,10,89,115,73,0,277,24,0,24,301
11/30/2000,FWA,IN,AGL,CE,Towers with Radar,65,125,62,8,260,0,1,6,0,7,65,126,68,8,267,32,0,32,299
12/01/2000,FWA,IN,AGL,CE,Towers with Radar,54,134,59,0,247,2,0,4,0,6,56,134,63,0,253,6,0,6,259
12/02/2000,FWA,IN,AGL,CE,Towers with Radar,31,75,38,3,147,1,18,34,0,53,32,93,72,3,200,64,0,64,264
12/03/2000,FWA,IN,AGL,CE,Towers with Radar,6,69,35,1,111,0,27,71,0,98,6,96,106,1,209,52,0,52,261
12/04/2000,FWA,IN,AGL,CE,Towers with Radar,8,113,54,0,175,2,0,17,0,19,10,113,71,0,194,52,0,52,246
12/05/2000,FWA,IN,AGL,CE,Towers with Radar,53,91,64,3,211,8,0,19,0,27,61,91,83,3,238,10,0,10,248
12/06/2000,FWA,IN,AGL,CE,Towers with Radar,52,105,52,0,209,2,0,19,0,21,54,105,71,0,230,37,0,37,267
12/07/2000,FWA,IN,AGL,CE,Towers with Radar,56,89,75,3,223,2,0,4,0,6,58,89,79,3,229,0,0,0,229
12/08/2000,FWA,IN,AGL,CE,Towers with Radar,78,107,58,0,243,2,0,15,0,17,80,107,73,0,260,32,0,32,292
12/09/2000,FWA,IN,AGL,CE,Towers with Radar,35,85,43,3,166,6,10,43,4,63,41,95,86,7,229,73,0,73,302
12/10/2000,FWA,IN,AGL,CE,Towers with Radar,10,76,25,8,119,2,0,2,0,4,12,76,27,8,123,12,0,12,135
12/11/2000,FWA,IN,AGL,CE,Towers with Radar,16,97,48,0,161,2,0,0,0,2,18,97,48,0,163,0,2,2,165
12/12/2000,FWA,IN,AGL,CE,Towers with Radar,62,90,67,6,225,2,0,13,0,15,64,90,80,6,240,31,14,45,285
12/13/2000,FWA,IN,AGL,CE,Towers with Radar,50,91,62,19,222,2,3,3,0,8,52,94,65,19,230,20,6,26,256
12/14/2000,FWA,IN,AGL,CE,Towers with Radar,61,101,70,7,239,2,0,15,0,17,63,101,85,7,256,87,0,87,343
12/15/2000,FWA,IN,AGL,CE,Towers with Radar,66,100,57,8,231,2,0,1,0,3,68,100,58,8,234,0,0,0,234
12/16/2000,FWA,IN,AGL,CE,Towers with Radar,30,51,23,0,104,2,0,1,0,3,32,51,24,0,107,0,0,0,107
12/17/2000,FWA,IN,AGL,CE,Towers with Radar,3,31,3,0,37,0,14,0,0,14,3,45,3,0,51,0,0,0,51
12/18/2000,FWA,IN,AGL,CE,Towers with Radar,17,103,67,0,187,2,3,14,0,19,19,106,81,0,206,2,0,2,208
12/19/2000,FWA,IN,AGL,CE,Towers with Radar,44,84,54,0,182,2,2,7,0,11,46,86,61,0,193,3,1,4,197
12/20/2000,FWA,IN,AGL,CE,Towers with Radar,72,109,65,4,250,2,2,23,0,27,74,111,88,4,277,26,4,30,307
12/21/2000,FWA,IN,AGL,CE,Towers with Radar,63,90,62,2,217,1,0,10,0,11,64,90,72,2,228,8,0,8,236
12/22/2000,FWA,IN,AGL,CE,Towers with Radar,59,90,44,0,193,2,3,13,0,18,61,93,57,0,211,6,0,6,217
12/23/2000,FWA,IN,AGL,CE,Towers with Radar,43,86,40,0,169,1,0,15,0,16,44,86,55,0,185,9,0,9,194
12/24/2000,FWA,IN,AGL,CE,Towers with Radar,6,70,14,0,90,1,1,3,0,5,7,71,17,0,95,0,0,0,95
12/25/2000,FWA,IN,AGL,CE,Towers with Radar,7,67,6,0,80,1,0,8,0,9,8,67,14,0,89,0,0,0,89
12/26/2000,FWA,IN,AGL,CE,Towers with Radar,10,84,43,0,137,0,6,14,0,20,10,90,57,0,157,12,0,12,169
12/27/2000,FWA,IN,AGL,CE,Towers with Radar,43,99,52,3,197,4,0,25,0,29,47,99,77,3,226,18,0,18,244
12/28/2000,FWA,IN,AGL,CE,Towers with Radar,43,102,53,4,202,0,0,42,24,66,43,102,95,28,268,24,28,52,320
12/29/2000,FWA,IN,AGL,CE,Towers with Radar,42,107,36,0,185,1,1,3,0,5,43,108,39,0,190,32,0,32,222
12/30/2000,FWA,IN,AGL,CE,Towers with Radar,40,67,24,0,131,1,0,2,0,3,41,67,26,0,134,0,0,0,134
12/31/2000,FWA,IN,AGL,CE,Towers with Radar,7,79,21,0,107,1,3,25,0,29,8,82,46,0,136,40,0,40,176
01/01/2001,FWA,IN,AGL,CE,Towers with Radar,5,64,7,0,76,1,2,0,0,3,6,66,7,0,79,16,0,16,95
01/02/2001,FWA,IN,AGL,CE,Towers with Radar,6,82,37,7,132,0,2,15,1,18,6,84,52,8,150,64,12,76,226
01/03/2001,FWA,IN,AGL,CE,Towers with Radar,53,80,50,10,193,0,2,2,1,5,53,82,52,11,198,0,2,2,200
01/04/2001,FWA,IN,AGL,CE,Towers with Radar,69,91,64,5,229,0,1,9,1,11,69,92,73,6,240,0,0,0,240
01/05/2001,FWA,IN,AGL,CE,Towers with Radar,50,124,79,15,268,0,3,9,1,13,50,127,88,16,281,22,31,53,334
01/06/2001,FWA,IN,AGL,CE,Towers with Radar,30,73,52,0,155,3,23,41,0,67,33,96,93,0,222,76,0,76,298
01/07/2001,FWA,IN,AGL,CE,Towers with Radar,4,50,37,0,91,0,26,14,0,40,4,76,51,0,131,51,0,51,182
01/08/2001,FWA,IN,AGL,CE,Towers with Radar,9,92,110,0,211,0,4,30,0,34,9,96,140,0,245,68,0,68,313
01/09/2001,FWA,IN,AGL,CE,Towers with Radar,50,111,81,9,251,0,3,45,1,49,50,114,126,10,300,24,2,26,326
01/10/2001,FWA,IN,AGL,CE,Towers with Radar,56,105,103,10,274,0,2,64,0,66,56,107,167,10,340,111,24,135,475
01/11/2001,FWA,IN,AGL,CE,Towers with Radar,53,122,106,16,297,0,3,40,1,44,53,125,146,17,341,64,18,82,423
01/12/2001,FWA,IN,AGL,CE,Towers with Radar,50,116,85,11,262,1,0,32,1,34,51,116,117,12,296,34,40,74,370
01/13/2001,FWA,IN,AGL,CE,Towers with Radar,31,13,5,0,49,0,1,0,0,1,31,14,5,0,50,0,0,0,50
01/14/2001,FWA,IN,AGL,CE,Towers with Radar,11,61,21,0,93,2,1,0,0,3,13,62,21,0,96,0,0,0,96
01/15/2001,FWA,IN,AGL,CE,Towers with Radar,12,88,48,0,148,0,1,1,0,2,12,89,49,0,150,0,0,0,150
01/16/2001,FWA,IN,AGL,CE,Towers with Radar,57,103,74,9,243,0,1,7,0,8,57,104,81,9,251,46,0,46,297
01/17/2001,FWA,IN,AGL,CE,Towers with Radar,45,97,92,27,261,0,5,16,2,23,45,102,108,29,284,61,16,77,361
01/18/2001,FWA,IN,AGL,CE,Towers with Radar,64,152,106,14,336,24,0,11,2,37,88,152,117,16,373,94,8,102,475
01/19/2001,FWA,IN,AGL,CE,Towers with Radar,58,101,61,21,241,0,2,10,0,12,58,103,71,21,253,80,19,99,352
01/20/2001,FWA,IN,AGL,CE,Towers with Radar,34,138,13,18,203,0,3,57,0,60,34,141,70,18,263,102,36,138,401
01/21/2001,FWA,IN,AGL,CE,Towers with Radar,12,87,32,19,150,0,3,58,0,61,12,90,90,19,211,54,16,70,281
01/22/2001,FWA,IN,AGL,CE,Towers with Radar,16,81,88,1,186,0,5,37,0,42,16,86,125,1,228,122,0,122,350
01/23/2001,FWA,IN,AGL,CE,Towers with Radar,47,114,79,10,250,6,12,4,5,27,53,126,83,15,277,50,0,50,327
01/24/2001,FWA,IN,AGL,CE,Towers with Radar,57,116,78,13,264,6,0,0,4,10,63,116,78,17,274,0,2,2,276
01/25/2001,FWA,IN,AGL,CE,Towers with Radar,54,123,103,8,288,0,0,79,0,79,54,123,182,8,367,96,0,96,463
01/26/2001,FWA,IN,AGL,CE,Towers with Radar,42,103,71,0,216,13,14,5,0,32,55,117,76,0,248,34,0,34,282
01/27/2001,FWA,IN,AGL,CE,Towers with Radar,29,71,43,3,146,11,18,0,0,29,40,89,43,3,175,56,0,56,231
01/28/2001,FWA,IN,AGL,CE,Towers with Radar,9,48,34,4,95,0,29,30,4,63,9,77,64,8,158,30,0,30,188
01/29/2001,FWA,IN,AGL,CE,Towers with Radar,7,76,70,1,154,0,0,134,0,134,7,76,204,1,288,50,4,54,342
01/30/2001,FWA,IN,AGL,CE,Towers with Radar,47,94,80,11,232,13,0,7,17,37,60,94,87,28,269,4,16,20,289
01/31/2001,FWA,IN,AGL,CE,Towers with Radar,46,105,68,8,227,5,0,0,0,5,51,105,68,8,232,2,0,2,234
02/01/2001,FWA,IN,AGL,CE,Towers with Radar,50,96,65,9,220,0,3,31,0,34,50,99,96,9,254,64,10,74,328
02/02/2001,FWA,IN,AGL,CE,Towers with Radar,50,106,74,5,235,0,0,44,0,44,50,106,118,5,279,48,10,58,337
02/03/2001,FWA,IN,AGL,CE,Towers with Radar,43,68,38,0,149,0,2,39,0,41,43,70,77,0,190,32,0,32,222
02/04/2001,FWA,IN,AGL,CE,Towers with Radar,7,44,24,2,77,0,42,0,0,42,7,86,24,2,119,40,0,40,159
02/05/2001,FWA,IN,AGL,CE,Towers with Radar,11,100,50,0,161,0,0,2,0,2,11,100,52,0,163,0,0,0,163
02/06/2001,FWA,IN,AGL,CE,Towers with Radar,52,132,93,6,283,0,3,8,1,12,52,135,101,7,295,16,0,16,311
02/07/2001,FWA,IN,AGL,CE,Towers with Radar,55,111,58,14,238,0,4,58,0,62,55,115,116,14,300,100,34,134,434
02/08/2001,FWA,IN,AGL,CE,Towers with Radar,55,123,78,9,265,3,0,19,19,41,58,123,97,28,306,100,23,123,429
02/09/2001,FWA,IN,AGL,CE,Towers with Radar,36,81,48,4,169,17,0,0,0,17,53,81,48,4,186,0,0,0,186
02/10/2001,FWA,IN,AGL,CE,Towers with Radar,31,73,27,16,147,0,0,26,0,26,31,73,53,16,173,55,4,59,232
02/11/2001,FWA,IN,AGL,CE,Towers with Radar,10,92,64,17,183,0,0,110,1,111,10,92,174,18,294,87,0,87,381
02/12/2001,FWA,IN,AGL,CE,Towers with Radar,15,100,84,14,213,0,2,47,0,49,15,102,131,14,262,50,2,52,314
02/13/2001,FWA,IN,AGL,CE,Towers with Radar,53,118,83,17,271,0,0,11,1,12,53,118,94,18,283,40,17,57,340
02/14/2001,FWA,IN,AGL,CE,Towers with Radar,43,105,47,0,195,29,0,0,0,29,72,105,47,0,224,1,0,1,225
02/15/2001,FWA,IN,AGL,CE,Towers with Radar,55,99,75,1,230,0,0,3,0,3,55,99,78,1,233,5,3,8,241
02/16/2001,FWA,IN,AGL,CE,Towers with Radar,49,92,65,5,211,0,0,16,0,16,49,92,81,5,227,4,0,4,231
02/17/2001,FWA,IN,AGL,CE,Towers with Radar,31,99,46,0,176,0,0,27,2,29,31,99,73,2,205,85,0,85,290
02/18/2001,FWA,IN,AGL,CE,Towers with Radar,15,69,31,0,115,0,3,65,0,68,15,72,96,0,183,72,0,72,255
02/19/2001,FWA,IN,AGL,CE,Towers with Radar,17,90,41,0,148,0,0,18,0,18,17,90,59,0,166,24,0,24,190
02/20/2001,FWA,IN,AGL,CE,Towers with Radar,43,105,71,5,224,0,3,35,0,38,43,108,106,5,262,44,2,46,308
02/21/2001,FWA,IN,AGL,CE,Towers with Radar,58,112,60,7,237,0,1,54,0,55,58,113,114,7,292,34,8,42,334
02/22/2001,FWA,IN,AGL,CE,Towers with Radar,46,101,65,7,219,6,0,9,6,21,52,101,74,13,240,84,6,90,330
02/23/2001,FWA,IN,AGL,CE,Towers with Radar,52,109,75,9,245,0,0,79,1,80,52,109,154,10,325,68,0,68,393
02/24/2001,FWA,IN,AGL,CE,Towers with Radar,25,60,13,0,98,6,32,0,0,38,31,92,13,0,136,0,0,0,136
02/25/2001,FWA,IN,AGL,CE,Towers with Radar,17,48,27,0,92,0,22,0,0,22,17,70,27,0,114,0,0,0,114
02/26/2001,FWA,IN,AGL,CE,Towers with Radar,9,88,52,7,156,0,34,50,5,89,9,122,102,12,245,64,4,68,313
02/27/2001,FWA,IN,AGL,CE,Towers with Radar,51,110,72,9,242,7,0,29,4,40,58,110,101,13,282,16,0,16,298
02/28/2001,FWA,IN,AGL,CE,Towers with Radar,45,109,64,3,221,4,6,51,0,61,49,115,115,3,282,93,4,97,379
03/01/2001,FWA,IN,AGL,CE,Towers with Radar,38,96,65,7,206,14,7,61,0,82,52,103,126,7,288,62,22,84,372
03/02/2001,FWA,IN,AGL,CE,Towers with Radar,40,94,68,11,213,12,0,11,3,26,52,94,79,14,239,10,4,14,253
03/03/2001,FWA,IN,AGL,CE,Towers with Radar,32,69,54,9,164,1,0,30,9,40,33,69,84,18,204,76,0,76,280
03/04/2001,FWA,IN,AGL,CE,Towers with Radar,5,51,34,6,96,0,22,19,6,47,5,73,53,12,143,41,25,66,209
03/05/2001,FWA,IN,AGL,CE,Towers with Radar,7,66,44,1,118,0,39,13,0,52,7,105,57,1,170,35,0,35,205
03/06/2001,FWA,IN,AGL,CE,Towers with Radar,42,106,72,12,232,0,22,16,5,43,42,128,88,17,275,94,16,110,385
03/07/2001,FWA,IN,AGL,CE,Towers with Radar,44,112,76,10,242,0,5,49,0,54,44,117,125,10,296,108,4,112,408
03/08/2001,FWA,IN,AGL,CE,Towers with Radar,51,121,86,3,261,8,0,15,0,23,59,121,101,3,284,38,4,42,326
03/09/2001,FWA,IN,AGL,CE,Towers with Radar,45,111,76,7,239,5,3,16,0,24,50,114,92,7,263,73,22,95,358
03/10/2001,FWA,IN,AGL,CE,Towers with Radar,25,62,42,0,129,16,2,28,0,46,41,64,70,0,175,91,0,91,266
03/11/2001,FWA,IN,AGL,CE,Towers with Radar,16,45,30,1,92,0,11,21,0,32,16,56,51,1,124,54,0,54,178
03/12/2001,FWA,IN,AGL,CE,Towers with Radar,12,69,47,3,131,0,13,34,0,47,12,82,81,3,178,16,18,34,212
03/13/2001,FWA,IN,AGL,CE,Towers with Radar,43,107,71,8,229,20,0,0,0,20,63,107,71,8,249,14,0,14,263
03/14/2001,FWA,IN,AGL,CE,Towers with Radar,46,113,79,13,251,0,0,74,14,88,46,113,153,27,339,82,52,134,473
03/15/2001,FWA,IN,AGL,CE,Towers with Radar,43,104,73,12,232,12,4,38,10,64,55,108,111,22,296,80,14,94,390
03/16/2001,FWA,IN,AGL,CE,Towers with Radar,38,92,56,10,196,13,4,0,1,18,51,96,56,11,214,3,6,9,223
03/17/2001,FWA,IN,AGL,CE,Towers with Radar,26,63,44,0,133,8,21,15,0,44,34,84,59,0,177,33,0,33,210
03/18/2001,FWA,IN,AGL,CE,Towers with Radar,9,53,37,0,99,0,25,76,0,101,9,78,113,0,200,73,0,73,273
03/19/2001,FWA,IN,AGL,CE,Towers with Radar,8,77,54,0,139,0,10,76,0,86,8,87,130,0,225,91,0,91,316
03/20/2001,FWA,IN,AGL,CE,Towers with Radar,41,93,71,11,216,3,0,45,8,56,44,93,116,19,272,32,20,52,324
03/21/2001,FWA,IN,AGL,CE,Towers with Radar,36,100,80,12,228,0,0,84,0,84,36,100,164,12,312,134,6,140,452
03/22/2001,FWA,IN,AGL,CE,Towers with Radar,47,95,81,12,235,5,0,67,11,83,52,95,148,23,318,80,10,90,408
03/23/2001,FWA,IN,AGL,CE,Towers with Radar,45,96,76,12,229,9,0,4,3,16,54,96,80,15,245,108,14,122,367
03/24/2001,FWA,IN,AGL,CE,Towers with Radar,26,62,44,2,134,3,9,35,0,47,29,71,79,2,181,52,0,52,233
03/25/2001,FWA,IN,AGL,CE,Towers with Radar,6,45,28,2,81,0,10,0,0,10,6,55,28,2,91,0,0,0,91
03/26/2001,FWA,IN,AGL,CE,Towers with Radar,8,74,52,8,142,0,0,18,5,23,8,74,70,13,165,28,4,32,197
03/27/2001,FWA,IN,AGL,CE,Towers with Radar,38,81,63,10,192,6,0,40,2,48,44,81,103,12,240,115,12,127,367
03/28/2001,FWA,IN,AGL,CE,Towers with Radar,41,85,69,10,205,7,0,56,6,69,48,85,125,16,274,104,12,116,390
03/29/2001,FWA,IN,AGL,CE,Towers with Radar,46,85,84,13,228,0,0,8,14,22,46,85,92,27,250,92,6,98,348
03/30/2001,FWA,IN,AGL,CE,Towers with Radar,42,98,72,9,221,11,0,22,0,33,53,98,94,9,254,99,6,105,359
03/31/2001,FWA,IN,AGL,CE,Towers with Radar,21,62,51,3,137,0,0,52,0,52,21,62,103,3,189,68,0,68,257
04/01/2001,FWA,IN,AGL,CE,Towers with Radar,7,44,30,0,81,0,18,27,0,45,7,62,57,0,126,19,0,19,145
04/02/2001,FWA,IN,AGL,CE,Towers with Radar,7,64,45,0,116,0,14,34,0,48,7,78,79,0,164,91,0,91,255
04/03/2001,FWA,IN,AGL,CE,Towers with Radar,34,89,63,11,197,10,2,36,7,55,44,91,99,18,252,81,18,99,351
04/04/2001,FWA,IN,AGL,CE,Towers with Radar,37,82,68,9,196,5,0,42,0,47,42,82,110,9,243,52,4,56,299
04/05/2001,FWA,IN,AGL,CE,Towers with Radar,41,77,74,13,205,9,0,19,4,32,50,77,93,17,237,105,16,121,358
04/06/2001,FWA,IN,AGL,CE,Towers with Radar,34,86,60,1,181,15,0,0,0,15,49,86,60,1,196,36,0,36,232
04/07/2001,FWA,IN,AGL,CE,Towers with Radar,22,54,28,7,111,10,3,0,9,22,32,57,28,16,133,14,10,24,157
04/08/2001,FWA,IN,AGL,CE,Towers with Radar,7,53,38,7,105,0,35,31,8,74,7,88,69,15,179,16,8,24,203
04/09/2001,FWA,IN,AGL,CE,Towers with Radar,10,69,49,3,131,0,9,39,0,48,10,78,88,3,179,44,0,44,223
04/10/2001,FWA,IN,AGL,CE,Towers with Radar,44,79,77,9,209,0,0,16,0,16,44,79,93,9,225,2,0,2,227
04/11/2001,FWA,IN,AGL,CE,Towers with Radar,39,76,66,7,188,10,0,0,0,10,49,76,66,7,198,32,2,34,232
04/12/2001,FWA,IN,AGL,CE,Towers with Radar,36,91,66,9,202,10,6,6,0,22,46,97,72,9,224,12,0,12,236
04/13/2001,FWA,IN,AGL,CE,Towers with Radar,33,78,60,9,180,9,0,67,9,85,42,78,127,18,265,98,0,98,363
04/14/2001,FWA,IN,AGL,CE,Towers with Radar,14,43,32,3,92,0,11,60,0,71,14,54,92,3,163,73,0,73,236
04/15/2001,FWA,IN,AGL,CE,Towers with Radar,6,38,28,0,72,0,20,1,0,21,6,58,29,0,93,0,0,0,93
04/16/2001,FWA,IN,AGL,CE,Towers with Radar,11,67,49,0,127,0,8,49,0,57,11,75,98,0,184,38,0,38,222
04/17/2001,FWA,IN,AGL,CE,Towers with Radar,35,89,65,10,199,7,2,34,13,56,42,91,99,23,255,26,10,36,291
04/18/2001,FWA,IN,AGL,CE,Towers with Radar,40,96,73,11,220,4,0,59,2,65,44,96,132,13,285,88,18,106,391
04/19/2001,FWA,IN,AGL,CE,Towers with Radar,48,101,87,13,249,0,0,91,0,91,48,101,178,13,340,89,20,109,449
04/20/2001,FWA,IN,AGL,CE,Towers with Radar,45,96,80,12,233,4,0,46,5,55,49,96,126,17,288,89,26,115,403
04/21/2001,FWA,IN,AGL,CE,Towers with Radar,25,62,38,7,132,18,28,0,5,51,43,90,38,12,183,16,16,32,215
04/22/2001,FWA,IN,AGL,CE,Towers with Radar,8,46,34,0,88,0,21,5,0,26,8,67,39,0,114,26,0,26,140
04/23/2001,FWA,IN,AGL,CE,Towers with Radar,10,62,45,7,124,0,13,22,3,38,10,75,67,10,162,0,16,16,178
04/24/2001,FWA,IN,AGL,CE,Towers with Radar,37,84,65,10,196,5,0,27,5,37,42,84,92,15,233,30,12,42,275
04/25/2001,FWA,IN,AGL,CE,Towers with Radar,40,91,71,11,213,4,0,101,5,110,44,91,172,16,323,74,50,124,447
04/26/2001,FWA,IN,AGL,CE,Towers with Radar,38,81,67,11,197,6,0,96,9,111,44,81,163,20,308,73,20,93,401
04/27/2001,FWA,IN,AGL,CE,Towers with Radar,39,91,70,11,211,3,0,60,8,71,42,91,130,19,282,165,50,215,497
04/28/2001,FWA,IN,AGL,CE,Towers with Radar,24,59,42,0,125,6,22,32,0,60,30,81,74,0,185,87,0,87,272
04/29/2001,FWA,IN,AGL,CE,Towers with Radar,18,55,39,1,113,0,22,48,0,70,18,77,87,1,183,106,0,106,289
04/30/2001,FWA,IN,AGL,CE,Towers with Radar,8,59,42,0,109,0,30,50,0,80,8,89,92,0,189,48,0,48,237
05/01/2001,FWA,IN,AGL,CE,Towers with Radar,35,92,73,12,212,5,2,47,6,60,40,94,120,18,272,62,30,92,364
05/02/2001,FWA,IN,AGL,CE,Towers with Radar,37,97,78,10,222,5,5,79,0,89,42,102,157,10,311,153,4,157,468
05/03/2001,FWA,IN,AGL,CE,Towers with Radar,36,93,77,12,218,5,0,52,6,63,41,93,129,18,281,78,56,134,415
05/04/2001,FWA,IN,AGL,CE,Towers with Radar,33,81,70,11,195,9,0,31,0,40,42,81,101,11,235,45,34,79,314
05/05/2001,FWA,IN,AGL,CE,Towers with Radar,21,56,44,3,124,11,11,20,0,42,32,67,64,3,166,73,0,73,239
05/06/2001,FWA,IN,AGL,CE,Towers with Radar,7,47,37,0,91,0,14,23,0,37,7,61,60,0,128,58,0,58,186
05/07/2001,FWA,IN,AGL,CE,Towers with Radar,5,57,45,3,110,0,0,25,0,25,5,57,70,3,135,34,0,34,169
05/08/2001,FWA,IN,AGL,CE,Towers with Radar,32,86,68,11,197,9,0,48,4,61,41,86,116,15,258,21,30,51,309
05/09/2001,FWA,IN,AGL,CE,Towers with Radar,36,94,76,13,219,7,0,89,4,100,43,94,165,17,319,96,10,106,425
05/10/2001,FWA,IN,AGL,CE,Towers with Radar,35,86,76,12,209,5,0,49,0,54,40,86,125,12,263,90,14,104,367
05/11/2001,FWA,IN,AGL,CE,Towers with Radar,33,83,70,11,197,8,0,25,5,38,41,83,95,16,235,32,12,44,279
05/12/2001,FWA,IN,AGL,CE,Towers with Radar,25,62,51,6,144,6,1,60,0,67,31,63,111,6,211,76,0,76,287
05/13/2001,FWA,IN,AGL,CE,Towers with Radar,9,45,37,1,92,0,17,40,0,57,9,62,77,1,149,22,0,22,171
05/14/2001,FWA,IN,AGL,CE,Towers with Radar,7,62,51,0,120,0,9,54,0,63,7,71,105,0,183,134,0,134,317
05/15/2001,FWA,IN,AGL,CE,Towers with Radar,38,90,79,13,220,0,0,20,2,22,38,90,99,15,242,65,8,73,315
05/16/2001,FWA,IN,AGL,CE,Towers with Radar,38,87,80,8,213,8,0,36,0,44,46,87,116,8,257,67,0,67,324
05/17/2001,FWA,IN,AGL,CE,Towers with Radar,43,95,90,13,241,3,0,27,2,32,46,95,117,15,273,96,8,104,377
05/18/2001,FWA,IN,AGL,CE,Towers with Radar,39,97,61,12,209,5,0,0,12,17,44,97,61,24,226,2,0,2,228
05/19/2001,FWA,IN,AGL,CE,Towers with Radar,28,62,59,8,157,3,0,55,15,73,31,62,114,23,230,102,30,132,362
05/20/2001,FWA,IN,AGL,CE,Towers with Radar,5,58,48,7,118,0,10,59,6,75,5,68,107,13,193,157,4,161,354
05/21/2001,FWA,IN,AGL,CE,Towers with Radar,8,62,51,7,128,0,7,15,1,23,8,69,66,8,151,12,14,26,177
05/22/2001,FWA,IN,AGL,CE,Towers with Radar,40,77,84,12,213,11,0,49,11,71,51,77,133,23,284,102,32,134,418
05/23/2001,FWA,IN,AGL,CE,Towers with Radar,41,104,85,10,240,4,8,31,0,43,45,112,116,10,283,40,11,51,334
05/24/2001,FWA,IN,AGL,CE,Towers with Radar,36,92,65,11,204,0,0,0,1,1,36,92,65,12,205,104,6,110,315
05/25/2001,FWA,IN,AGL,CE,Towers with Radar,34,75,71,3,183,9,0,11,0,20,43,75,82,3,203,36,0,36,239
05/26/2001,FWA,IN,AGL,CE,Towers with Radar,24,61,41,0,126,9,6,0,0,15,33,67,41,0,141,33,2,35,176
05/27/2001,FWA,IN,AGL,CE,Towers with Radar,6,33,22,3,64,0,23,0,0,23,6,56,22,3,87,0,0,0,87
05/28/2001,FWA,IN,AGL,CE,Towers with Radar,5,62,50,4,121,0,43,12,0,55,5,105,62,4,176,44,0,44,220
05/29/2001,FWA,IN,AGL,CE,Towers with Radar,13,74,59,9,155,0,24,32,1,57,13,98,91,10,212,74,0,74,286
05/30/2001,FWA,IN,AGL,CE,Towers with Radar,34,90,72,11,207,3,7,85,0,95,37,97,157,11,302,136,20,156,458
05/31/2001,FWA,IN,AGL,CE,Towers with Radar,36,93,75,5,209,8,0,51,0,59,44,93,126,5,268,54,1,55,323
06/01/2001,FWA,IN,AGL,CE,Towers with Radar,45,94,74,9,222,0,6,0,0,6,45,100,74,9,228,4,0,4,232
06/02/2001,FWA,IN,AGL,CE,Towers with Radar,28,53,41,0,122,4,14,34,0,52,32,67,75,0,174,54,0,54,228
06/03/2001,FWA,IN,AGL,CE,Towers with Radar,3,57,45,2,107,0,3,1,0,4,3,60,46,2,111,141,0,141,252
06/04/2001,FWA,IN,AGL,CE,Towers with Radar,12,64,51,7,134,0,8,44,11,63,12,72,95,18,197,82,20,102,299
06/05/2001,FWA,IN,AGL,CE,Towers with Radar,48,88,70,0,206,2,2,7,0,11,50,90,77,0,217,36,10,46,263
06/06/2001,FWA,IN,AGL,CE,Towers with Radar,61,101,85,11,258,2,0,0,17,19,63,101,85,28,277,0,0,0,277
06/07/2001,FWA,IN,AGL,CE,Towers with Radar,54,100,89,9,252,0,0,54,0,54,54,100,143,9,306,24,6,30,336
06/08/2001,FWA,IN,AGL,CE,Towers with Radar,50,78,76,10,214,0,0,70,5,75,50,78,146,15,289,135,2,137,426
06/09/2001,FWA,IN,AGL,CE,Towers with Radar,29,55,43,6,133,12,6,43,0,61,41,61,86,6,194,36,15,51,245
06/10/2001,FWA,IN,AGL,CE,Towers with Radar,5,44,34,5,88,0,16,36,2,54,5,60,70,7,142,82,6,88,230
06/11/2001,FWA,IN,AGL,CE,Towers with Radar,7,70,55,0,132,0,2,57,0,59,7,72,112,0,191,44,0,44,235
06/12/2001,FWA,IN,AGL,CE,Towers with Radar,49,91,73,7,220,14,4,57,0,75,63,95,130,7,295,46,4,50,345
06/13/2001,FWA,IN,AGL,CE,Towers with Radar,51,87,74,7,219,12,0,43,0,55,63,87,117,7,274,88,0,88,362
06/14/2001,FWA,IN,AGL,CE,Towers with Radar,55,92,80,4,231,11,0,52,0,63,66,92,132,4,294,26,38,64,358
06/15/2001,FWA,IN,AGL,CE,Towers with Radar,44,79,64,2,189,20,12,10,0,42,64,91,74,2,231,22,0,22,253
06/16/2001,FWA,IN,AGL,CE,Towers with Radar,34,64,53,0,151,0,20,67,0,87,34,84,120,0,238,85,0,85,323
06/17/2001,FWA,IN,AGL,CE,Towers with Radar,3,44,37,0,84,0,22,52,0,74,3,66,89,0,158,42,0,42,200
06/18/2001,FWA,IN,AGL,CE,Towers with Radar,8,56,46,5,115,0,6,45,4,55,8,62,91,9,170,54,26,80,250
06/19/2001,FWA,IN,AGL,CE,Towers with Radar,48,78,70,8,204,20,0,59,0,79,68,78,129,8,283,52,10,62,345
06/20/2001,FWA,IN,AGL,CE,Towers with Radar,53,87,78,9,227,10,0,29,7,46,63,87,107,16,273,75,36,111,384
06/21/2001,FWA,IN,AGL,CE,Towers with Radar,59,94,86,1,240,12,0,21,0,33,71,94,107,1,273,56,0,56,329
06/22/2001,FWA,IN,AGL,CE,Towers with Radar,54,87,79,6,226,15,0,14,0,29,69,87,93,6,255,48,20,68,323
06/23/2001,FWA,IN,AGL,CE,Towers with Radar,36,64,52,1,153,5,17,53,0,75,41,81,105,1,228,80,0,80,308
06/24/2001,FWA,IN,AGL,CE,Towers with Radar,5,48,40,1,94,0,27,71,0,98,5,75,111,1,192,48,0,48,240
06/25/2001,FWA,IN,AGL,CE,Towers with Radar,15,65,53,2,135,0,16,71,0,87,15,81,124,2,222,70,0,70,292
06/26/2001,FWA,IN,AGL,CE,Towers with Radar,51,91,76,9,227,15,0,79,1,95,66,91,155,10,322,115,6,121,443
06/27/2001,FWA,IN,AGL,CE,Towers with Radar,50,74,73,8,205,19,0,29,6,54,69,74,102,14,259,53,8,61,320
06/28/2001,FWA,IN,AGL,CE,Towers with Radar,55,87,79,9,230,13,0,67,26,106,68,87,146,35,336,112,46,158,494
06/29/2001,FWA,IN,AGL,CE,Towers with Radar,55,88,79,9,231,13,0,42,10,65,68,88,121,19,296,111,16,127,423
06/30/2001,FWA,IN,AGL,CE,Towers with Radar,29,52,41,0,122,14,12,20,0,46,43,64,61,0,168,70,0,70,238
07/01/2001,FWA,IN,AGL,CE,Towers with Radar,6,48,34,0,88,0,11,13,0,24,6,59,47,0,112,48,0,48,160
07/02/2001,FWA,IN,AGL,CE,Towers with Radar,44,56,63,7,170,83,0,50,0,133,127,56,113,7,303,46,36,82,385
07/03/2001,FWA,IN,AGL,CE,Towers with Radar,41,77,58,7,183,21,0,33,0,54,62,77,91,7,237,70,0,70,307
07/04/2001,FWA,IN,AGL,CE,Towers with Radar,11,43,29,0,83,0,18,29,0,47,11,61,58,0,130,46,0,46,176
07/05/2001,FWA,IN,AGL,CE,Towers with Radar,13,71,48,2,134,0,7,92,0,99,13,78,140,2,233,64,16,80,313
07/06/2001,FWA,IN,AGL,CE,Towers with Radar,48,81,65,8,202,15,0,61,15,91,63,81,126,23,293,56,22,78,371
07/07/2001,FWA,IN,AGL,CE,Towers with Radar,27,55,37,3,122,6,15,28,0,49,33,70,65,3,171,91,0,91,262
07/08/2001,FWA,IN,AGL,CE,Towers with Radar,4,63,45,0,112,0,0,28,0,28,4,63,73,0,140,98,0,98,238
07/09/2001,FWA,IN,AGL,CE,Towers with Radar,11,76,51,4,142,0,3,66,0,69,11,79,117,4,211,39,0,39,250
07/10/2001,FWA,IN,AGL,CE,Towers with Radar,51,94,69,7,221,18,0,28,0,46,69,94,97,7,267,84,20,104,371
07/11/2001,FWA,IN,AGL,CE,Towers with Radar,51,103,70,9,233,22,4,71,3,100,73,107,141,12,333,115,16,131,464
07/12/2001,FWA,IN,AGL,CE,Towers with Radar,53,94,72,9,228,15,0,82,0,97,68,94,154,9,325,125,20,145,470
07/13/2001,FWA,IN,AGL,CE,Towers with Radar,56,112,76,8,252,13,26,66,0,105,69,138,142,8,357,84,10,94,451
07/14/2001,FWA,IN,AGL,CE,Towers with Radar,31,62,42,3,138,3,50,59,0,112,34,112,101,3,250,66,0,66,316
07/15/2001,FWA,IN,AGL,CE,Towers with Radar,9,68,46,0,123,0,15,58,0,73,9,83,104,0,196,54,0,54,250
07/16/2001,FWA,IN,AGL,CE,Towers with Radar,9,73,50,6,138,0,26,95,4,125,9,99,145,10,263,50,8,58,321
07/17/2001,FWA,IN,AGL,CE,Towers with Radar,59,98,80,9,246,7,0,29,16,52,66,98,109,25,298,80,13,93,391
07/18/2001,FWA,IN,AGL,CE,Towers with Radar,61,114,84,9,268,17,0,19,3,39,78,114,103,12,307,16,0,16,323
07/19/2001,FWA,IN,AGL,CE,Towers with Radar,62,104,85,9,260,6,0,18,5,29,68,104,103,14,289,72,8,80,369
07/20/2001,FWA,IN,AGL,CE,Towers with Radar,64,104,87,10,265,2,0,90,0,92,66,104,177,10,357,55,18,73,430
07/21/2001,FWA,IN,AGL,CE,Towers with Radar,34,66,46,0,146,4,2,20,0,26,38,68,66,0,172,52,0,52,224
07/22/2001,FWA,IN,AGL,CE,Towers with Radar,11,75,52,0,138,0,3,4,0,7,11,78,56,0,145,117,0,117,262
07/23/2001,FWA,IN,AGL,CE,Towers with Radar,7,85,59,0,151,0,3,50,0,53,7,88,109,0,204,31,0,31,235
07/24/2001,FWA,IN,AGL,CE,Towers with Radar,53,100,73,8,234,3,0,32,11,46,56,100,105,19,280,56,0,56,336
07/25/2001,FWA,IN,AGL,CE,Towers with Radar,55,107,74,8,244,6,11,18,1,36,61,118,92,9,280,72,0,72,352
07/26/2001,FWA,IN,AGL,CE,Towers with Radar,65,121,89,10,285,2,0,23,10,35,67,121,112,20,320,76,14,90,410
07/27/2001,FWA,IN,AGL,CE,Towers with Radar,57,100,77,9,243,5,0,49,1,55,62,100,126,10,298,28,6,34,332
07/28/2001,FWA,IN,AGL,CE,Towers with Radar,38,75,53,0,166,0,9,22,0,31,38,84,75,0,197,52,0,52,249
07/29/2001,FWA,IN,AGL,CE,Towers with Radar,11,77,54,2,144,0,18,23,0,41,11,95,77,2,185,30,0,30,215
07/30/2001,FWA,IN,AGL,CE,Towers with Radar,27,96,67,7,197,0,12,77,2,91,27,108,144,9,288,112,4,116,404
07/31/2001,FWA,IN,AGL,CE,Towers with Radar,57,111,77,9,254,26,0,58,7,91,83,111,135,16,345,123,6,129,474
08/01/2001,FWA,IN,AGL,CE,Towers with Radar,44,110,75,16,245,34,0,83,2,119,78,110,158,18,364,101,14,115,479
08/02/2001,FWA,IN,AGL,CE,Towers with Radar,45,102,76,16,239,22,0,10,1,33,67,102,86,17,272,48,10,58,330
08/03/2001,FWA,IN,AGL,CE,Towers with Radar,60,97,90,22,269,3,0,0,4,7,63,97,90,26,276,66,18,84,360
08/04/2001,FWA,IN,AGL,CE,Towers with Radar,29,78,48,10,165,7,15,67,0,89,36,93,115,10,254,26,0,26,280
08/05/2001,FWA,IN,AGL,CE,Towers with Radar,7,62,38,0,107,0,18,50,0,68,7,80,88,0,175,32,0,32,207
08/06/2001,FWA,IN,AGL,CE,Towers with Radar,25,94,58,4,181,0,13,60,0,73,25,107,118,4,254,62,12,74,328
08/07/2001,FWA,IN,AGL,CE,Towers with Radar,40,109,67,9,225,10,1,46,0,57,50,110,113,9,282,78,4,82,364
08/08/2001,FWA,IN,AGL,CE,Towers with Radar,45,122,75,9,251,2,3,21,0,26,47,125,96,9,277,72,8,80,357
08/09/2001,FWA,IN,AGL,CE,Towers with Radar,38,91,63,14,206,11,0,15,13,39,49,91,78,27,245,46,16,62,307
08/10/2001,FWA,IN,AGL,CE,Towers with Radar,44,114,75,16,249,0,0,26,39,65,44,114,101,55,314,60,34,94,408
08/11/2001,FWA,IN,AGL,CE,Towers with Radar,24,79,49,11,163,0,6,44,9,59,24,85,93,20,222,40,60,100,322
08/12/2001,FWA,IN,AGL,CE,Towers with Radar,6,62,38,9,115,0,22,29,9,60,6,84,67,18,175,68,39,107,282
08/13/2001,FWA,IN,AGL,CE,Towers with Radar,8,86,53,12,159,0,17,70,2,89,8,103,123,14,248,40,0,40,288
08/14/2001,FWA,IN,AGL,CE,Towers with Radar,38,103,63,13,217,8,7,85,0,100,46,110,148,13,317,120,10,130,447
08/15/2001,FWA,IN,AGL,CE,Towers with Radar,41,110,67,14,232,7,13,63,7,90,48,123,130,21,322,121,24,145,467
08/16/2001,FWA,IN,AGL,CE,Towers with Radar,42,117,70,14,243,2,4,8,0,14,44,121,78,14,257,32,0,32,289
08/17/2001,FWA,IN,AGL,CE,Towers with Radar,39,95,64,13,211,8,0,67,8,83,47,95,131,21,294,107,24,131,425
08/18/2001,FWA,IN,AGL,CE,Towers with Radar,24,63,37,7,131,7,11,15,2,35,31,74,52,9,166,113,6,119,285
08/19/2001,FWA,IN,AGL,CE,Towers with Radar,6,74,44,0,124,0,16,29,0,45,6,90,73,0,169,56,0,56,225
08/20/2001,FWA,IN,AGL,CE,Towers with Radar,10,84,50,6,150,0,20,53,0,73,10,104,103,6,223,126,6,132,355
08/21/2001,FWA,IN,AGL,CE,Towers with Radar,37,103,62,7,209,8,19,77,0,104,45,122,139,7,313,70,0,70,383
08/22/2001,FWA,IN,AGL,CE,Towers with Radar,35,79,56,8,178,13,0,17,0,30,48,79,73,8,208,69,0,69,277
08/23/2001,FWA,IN,AGL,CE,Towers with Radar,43,100,69,8,220,7,0,41,0,48,50,100,110,8,268,70,0,70,338
08/24/2001,FWA,IN,AGL,CE,Towers with Radar,44,118,78,8,248,0,0,29,0,29,44,118,107,8,277,55,0,55,332
08/25/2001,FWA,IN,AGL,CE,Towers with Radar,26,72,43,4,145,5,15,8,0,28,31,87,51,4,173,102,0,102,275
08/26/2001,FWA,IN,AGL,CE,Towers with Radar,6,71,42,0,119,0,38,19,0,57,6,109,61,0,176,110,0,110,286
08/27/2001,FWA,IN,AGL,CE,Towers with Radar,15,85,50,10,160,0,11,39,4,54,15,96,89,14,214,130,0,130,344
08/28/2001,FWA,IN,AGL,CE,Towers with Radar,43,123,73,15,254,0,13,44,13,70,43,136,117,28,324,60,0,60,384
08/29/2001,FWA,IN,AGL,CE,Towers with Radar,42,113,68,9,232,0,6,82,0,88,42,119,150,9,320,156,0,156,476
08/30/2001,FWA,IN,AGL,CE,Towers with Radar,44,107,74,9,234,5,0,40,0,45,49,107,114,9,279,45,4,49,328
08/31/2001,FWA,IN,AGL,CE,Towers with Radar,46,126,76,4,252,2,0,13,0,15,48,126,89,4,267,88,0,88,355
09/01/2001,FWA,IN,AGL,CE,Towers with Radar,14,73,43,0,130,0,24,59,0,83,14,97,102,0,213,68,0,68,281
09/02/2001,FWA,IN,AGL,CE,Towers with Radar,7,43,26,0,76,0,19,47,0,66,7,62,73,0,142,135,0,135,277
09/03/2001,FWA,IN,AGL,CE,Towers with Radar,6,59,35,0,100,0,20,34,0,54,6,79,69,0,154,37,0,37,191
09/04/2001,FWA,IN,AGL,CE,Towers with Radar,10,73,43,6,132,0,16,35,0,51,10,89,78,6,183,66,0,66,249
09/05/2001,FWA,IN,AGL,CE,Towers with Radar,30,93,55,8,186,8,0,59,3,70,38,93,114,11,256,44,26,70,326
09/06/2001,FWA,IN,AGL,CE,Towers with Radar,34,89,61,9,193,9,0,62,1,72,43,89,123,10,265,58,0,58,323
09/07/2001,FWA,IN,AGL,CE,Towers with Radar,30,75,55,8,168,12,0,20,2,34,42,75,75,10,202,40,6,46,248
09/08/2001,FWA,IN,AGL,CE,Towers with Radar,23,70,34,6,133,8,19,0,12,39,31,89,34,18,172,5,13,18,190
09/09/2001,FWA,IN,AGL,CE,Towers with Radar,12,38,23,0,73,2,10,7,0,19,14,48,30,0,92,0,0,0,92
09/10/2001,FWA,IN,AGL,CE,Towers with Radar,9,87,51,8,155,0,14,44,3,61,9,101,95,11,216,47,8,55,271
09/11/2001,FWA,IN,AGL,CE,Towers with Radar,14,40,27,5,86,21,0,12,1,34,35,40,39,6,120,2,0,2,122
09/12/2001,FWA,IN,AGL,CE,Towers with Radar,0,1,0,1,2,0,0,0,14,14,0,1,0,15,16,0,0,0,16
09/13/2001,FWA,IN,AGL,CE,Towers with Radar,3,16,1,2,22,0,14,0,0,14,3,30,1,2,36,0,0,0,36
09/14/2001,FWA,IN,AGL,CE,Towers with Radar,15,49,9,5,78,13,17,0,10,40,28,66,9,15,118,2,10,12,130
09/15/2001,FWA,IN,AGL,CE,Towers with Radar,23,67,45,2,137,0,0,3,0,3,23,67,48,2,140,0,0,0,140
09/16/2001,FWA,IN,AGL,CE,Towers with Radar,4,74,45,0,123,0,0,6,0,6,4,74,51,0,129,2,0,2,131
09/17/2001,FWA,IN,AGL,CE,Towers with Radar,13,97,63,2,175,0,0,35,0,35,13,97,98,2,210,0,6,6,216
09/18/2001,FWA,IN,AGL,CE,Towers with Radar,36,88,64,10,198,9,0,29,4,42,45,88,93,14,240,6,4,10,250
09/19/2001,FWA,IN,AGL,CE,Towers with Radar,31,99,52,9,191,17,2,0,6,25,48,101,52,15,216,0,0,0,216
09/20/2001,FWA,IN,AGL,CE,Towers with Radar,40,116,74,12,242,2,0,15,5,22,42,116,89,17,264,6,20,26,290
09/21/2001,FWA,IN,AGL,CE,Towers with Radar,35,112,64,6,217,9,0,7,0,16,44,112,71,6,233,22,0,22,255
09/22/2001,FWA,IN,AGL,CE,Towers with Radar,24,77,44,7,152,4,10,24,3,41,28,87,68,10,193,58,4,62,255
09/23/2001,FWA,IN,AGL,CE,Towers with Radar,6,49,28,0,83,0,13,20,0,33,6,62,48,0,116,18,0,18,134
09/24/2001,FWA,IN,AGL,CE,Towers with Radar,6,75,42,6,129,0,19,13,13,45,6,94,55,19,174,34,8,42,216
09/25/2001,FWA,IN,AGL,CE,Towers with Radar,32,87,57,9,185,12,0,22,2,36,44,87,79,11,221,39,20,59,280
09/26/2001,FWA,IN,AGL,CE,Towers with Radar,32,95,58,8,193,12,0,24,2,38,44,95,82,10,231,22,18,40,271
09/27/2001,FWA,IN,AGL,CE,Towers with Radar,38,121,69,6,234,7,1,34,0,42,45,122,103,6,276,122,0,122,398
09/28/2001,FWA,IN,AGL,CE,Towers with Radar,36,96,64,0,196,10,0,23,0,33,46,96,87,0,229,122,0,122,351
09/29/2001,FWA,IN,AGL,CE,Towers with Radar,26,80,47,0,153,3,0,72,0,75,29,80,119,0,228,178,0,178,406
09/30/2001,FWA,IN,AGL,CE,Towers with Radar,1,65,36,0,102,0,12,57,0,69,1,77,93,0,171,113,0,113,284
10/01/2001,FWA,IN,AGL,CE,Towers with Radar,8,71,45,1,125,0,14,56,0,70,8,85,101,1,195,22,0,22,217
10/02/2001,FWA,IN,AGL,CE,Towers with Radar,38,101,64,9,212,3,1,68,0,72,41,102,132,9,284,102,0,102,386
10/03/2001,FWA,IN,AGL,CE,Towers with Radar,42,100,69,11,222,3,0,27,5,35,45,100,96,16,257,14,49,63,320
10/04/2001,FWA,IN,AGL,CE,Towers with Radar,42,101,69,11,223,3,0,15,4,22,45,101,84,15,245,103,24,127,372
10/05/2001,FWA,IN,AGL,CE,Towers with Radar,36,70,41,0,147,26,0,0,0,26,62,70,41,0,173,0,0,0,173
10/06/2001,FWA,IN,AGL,CE,Towers with Radar,25,64,42,0,131,5,0,17,0,22,30,64,59,0,153,68,0,68,221
10/07/2001,FWA,IN,AGL,CE,Towers with Radar,5,58,36,0,99,0,9,61,0,70,5,67,97,0,169,34,0,34,203
10/08/2001,FWA,IN,AGL,CE,Towers with Radar,7,70,44,0,121,0,9,84,0,93,7,79,128,0,214,36,0,36,250
10/09/2001,FWA,IN,AGL,CE,Towers with Radar,40,95,66,9,210,0,0,57,0,57,40,95,123,9,267,42,20,62,329
10/10/2001,FWA,IN,AGL,CE,Towers with Radar,34,83,56,8,181,5,0,8,0,13,39,83,64,8,194,6,0,6,200
10/11/2001,FWA,IN,AGL,CE,Towers with Radar,45,108,72,5,230,8,0,16,0,24,53,108,88,5,254,4,0,4,258
10/12/2001,FWA,IN,AGL,CE,Towers with Radar,42,108,66,10,226,4,4,17,13,38,46,112,83,23,264,134,8,142,406
10/13/2001,FWA,IN,AGL,CE,Towers with Radar,24,62,27,5,118,5,2,0,8,15,29,64,27,13,133,4,0,4,137
10/14/2001,FWA,IN,AGL,CE,Towers with Radar,4,55,33,5,97,0,2,24,2,28,4,57,57,7,125,42,18,60,185
10/15/2001,FWA,IN,AGL,CE,Towers with Radar,3,64,39,0,106,0,13,45,0,58,3,77,84,0,164,39,0,39,203
10/16/2001,FWA,IN,AGL,CE,Towers with Radar,33,85,52,7,177,9,7,2,6,24,42,92,54,13,201,2,4,6,207
10/17/2001,FWA,IN,AGL,CE,Towers with Radar,38,100,61,6,205,3,8,40,0,51,41,108,101,6,256,92,0,92,348
10/18/2001,FWA,IN,AGL,CE,Towers with Radar,38,78,62,9,187,22,0,47,13,82,60,78,109,22,269,99,14,113,382
10/19/2001,FWA,IN,AGL,CE,Towers with Radar,42,95,68,10,215,4,0,17,13,34,46,95,85,23,249,38,35,73,322
10/20/2001,FWA,IN,AGL,CE,Towers with Radar,28,73,44,0,145,2,6,59,0,67,30,79,103,0,212,118,4,122,334
10/21/2001,FWA,IN,AGL,CE,Towers with Radar,7,71,43,1,122,0,15,6,0,21,7,86,49,1,143,27,0,27,170
10/22/2001,FWA,IN,AGL,CE,Towers with Radar,7,86,53,8,154,0,1,32,6,39,7,87,85,14,193,41,8,49,242
10/23/2001,FWA,IN,AGL,CE,Towers with Radar,34,90,55,8,187,5,10,12,7,34,39,100,67,15,221,93,0,93,314
10/24/2001,FWA,IN,AGL,CE,Towers with Radar,34,80,54,8,176,11,0,0,2,13,45,80,54,10,189,22,0,22,211
10/25/2001,FWA,IN,AGL,CE,Towers with Radar,33,89,46,0,168,20,4,0,0,24,53,93,46,0,192,2,0,2,194
10/26/2001,FWA,IN,AGL,CE,Towers with Radar,31,84,42,7,164,16,9,0,4,29,47,93,42,11,193,4,0,4,197
10/27/2001,FWA,IN,AGL,CE,Towers with Radar,23,59,36,0,118,6,10,33,0,49,29,69,69,0,167,64,0,64,231
10/28/2001,FWA,IN,AGL,CE,Towers with Radar,6,53,33,0,92,0,9,61,0,70,6,62,94,0,162,114,2,116,278
10/29/2001,FWA,IN,AGL,CE,Towers with Radar,6,65,41,0,112,0,7,64,0,71,6,72,105,0,183,10,0,10,193
10/30/2001,FWA,IN,AGL,CE,Towers with Radar,33,88,55,8,184,9,3,31,4,47,42,91,86,12,231,57,0,57,288
10/31/2001,FWA,IN,AGL,CE,Towers with Radar,35,93,58,8,194,8,10,25,5,48,43,103,83,13,242,40,48,88,330
11/01/2001,FWA,IN,AGL,CE,Towers with Radar,39,108,66,10,223,5,3,11,3,22,44,111,77,13,245,40,4,44,289
11/02/2001,FWA,IN,AGL,CE,Towers with Radar,39,93,66,8,206,7,0,29,0,36,46,93,95,8,242,20,4,24,266
11/03/2001,FWA,IN,AGL,CE,Towers with Radar,27,78,48,0,153,0,16,43,0,59,27,94,91,0,212,87,0,87,299
11/04/2001,FWA,IN,AGL,CE,Towers with Radar,7,59,36,0,102,0,6,55,0,61,7,65,91,0,163,88,0,88,251
11/05/2001,FWA,IN,AGL,CE,Towers with Radar,6,71,44,8,129,0,9,51,1,61,6,80,95,9,190,57,12,69,259
11/06/2001,FWA,IN,AGL,CE,Towers with Radar,37,98,64,8,207,4,0,62,0,66,41,98,126,8,273,134,6,140,413
11/07/2001,FWA,IN,AGL,CE,Towers with Radar,36,96,61,10,203,12,0,68,0,80,48,96,129,10,283,89,12,101,384
11/08/2001,FWA,IN,AGL,CE,Towers with Radar,40,92,70,12,214,4,0,38,4,46,44,92,108,16,260,20,30,50,310
11/09/2001,FWA,IN,AGL,CE,Towers with Radar,32,89,54,2,177,14,1,37,0,52,46,90,91,2,229,51,0,51,280
11/10/2001,FWA,IN,AGL,CE,Towers with Radar,22,59,36,1,118,8,20,10,0,38,30,79,46,1,156,56,0,56,212
11/11/2001,FWA,IN,AGL,CE,Towers with Radar,6,55,34,0,95,0,8,65,0,73,6,63,99,0,168,161,0,161,329
11/12/2001,FWA,IN,AGL,CE,Towers with Radar,8,77,47,0,132,0,19,46,0,65,8,96,93,0,197,18,0,18,215
11/13/2001,FWA,IN,AGL,CE,Towers with Radar,34,98,60,4,196,4,14,19,0,37,38,112,79,4,233,105,4,109,342
11/14/2001,FWA,IN,AGL,CE,Towers with Radar,40,114,63,12,229,1,5,0,9,15,41,119,63,21,244,123,2,125,369
11/15/2001,FWA,IN,AGL,CE,Towers with Radar,42,92,71,12,217,9,0,55,17,81,51,92,126,29,298,92,8,100,398
11/16/2001,FWA,IN,AGL,CE,Towers with Radar,41,104,71,12,228,11,0,10,6,27,52,104,81,18,255,12,0,12,267
11/17/2001,FWA,IN,AGL,CE,Towers with Radar,24,67,40,6,137,13,5,17,0,35,37,72,57,6,172,1,6,7,179
11/18/2001,FWA,IN,AGL,CE,Towers with Radar,2,49,34,6,91,0,0,32,1,33,2,49,66,7,124,38,10,48,172
11/19/2001,FWA,IN,AGL,CE,Towers with Radar,8,76,45,7,136,0,1,4,3,8,8,77,49,10,144,0,0,0,144
11/20/2001,FWA,IN,AGL,CE,Towers with Radar,34,96,58,9,197,7,0,51,12,70,41,96,109,21,267,61,12,73,340
11/21/2001,FWA,IN,AGL,CE,Towers with Radar,34,92,58,9,193,11,0,32,2,45,45,92,90,11,238,74,0,74,312
11/22/2001,FWA,IN,AGL,CE,Towers with Radar,9,40,23,0,72,0,30,7,0,37,9,70,30,0,109,4,0,4,113
11/23/2001,FWA,IN,AGL,CE,Towers with Radar,7,53,31,0,91,0,1,42,0,43,7,54,73,0,134,8,0,8,142
11/24/2001,FWA,IN,AGL,CE,Towers with Radar,12,43,17,0,72,0,35,0,0,35,12,78,17,0,107,14,0,14,121
11/25/2001,FWA,IN,AGL,CE,Towers with Radar,8,54,31,0,93,0,0,0,0,0,8,54,31,0,93,2,0,2,95
11/26/2001,FWA,IN,AGL,CE,Towers with Radar,4,82,49,8,143,0,0,18,3,21,4,82,67,11,164,22,20,42,206
11/27/2001,FWA,IN,AGL,CE,Towers with Radar,34,94,58,9,195,14,0,43,2,59,48,94,101,11,254,47,0,47,301
11/28/2001,FWA,IN,AGL,CE,Towers with Radar,31,88,52,8,179,14,0,0,0,14,45,88,52,8,193,7,2,9,202
11/29/2001,FWA,IN,AGL,CE,Towers with Radar,33,95,56,0,184,16,7,3,0,26,49,102,59,0,210,0,0,0,210
11/30/2001,FWA,IN,AGL,CE,Towers with Radar,39,103,66,10,218,11,0,13,18,42,50,103,79,28,260,2,14,16,276
12/01/2001,FWA,IN,AGL,CE,Towers with Radar,27,72,42,0,141,0,18,11,0,29,27,90,53,0,170,142,0,142,312
12/02/2001,FWA,IN,AGL,CE,Towers with Radar,5,63,37,0,105,0,3,71,0,74,5,66,108,0,179,193,0,193,372
12/03/2001,FWA,IN,AGL,CE,Towers with Radar,9,81,47,7,144,0,4,37,16,57,9,85,84,23,201,16,14,30,231
12/04/2001,FWA,IN,AGL,CE,Towers with Radar,45,100,71,12,228,3,0,28,0,31,48,100,99,12,259,60,4,64,323
12/05/2001,FWA,IN,AGL,CE,Towers with Radar,36,82,57,9,184,10,0,44,5,59,46,82,101,14,243,8,10,18,261
12/06/2001,FWA,IN,AGL,CE,Towers with Radar,46,115,70,11,242,16,0,22,20,58,62,115,92,31,300,40,0,40,340
12/07/2001,FWA,IN,AGL,CE,Towers with Radar,42,99,72,12,225,0,0,24,1,25,42,99,96,13,250,79,6,85,335
12/08/2001,FWA,IN,AGL,CE,Towers with Radar,23,62,37,6,128,8,17,3,6,34,31,79,40,12,162,80,0,80,242
12/09/2001,FWA,IN,AGL,CE,Towers with Radar,5,61,36,6,108,0,12,90,10,112,5,73,126,16,220,102,24,126,346
12/10/2001,FWA,IN,AGL,CE,Towers with Radar,13,78,47,8,146,0,0,51,5,56,13,78,98,13,202,30,2,32,234
12/11/2001,FWA,IN,AGL,CE,Towers with Radar,38,80,59,6,183,11,0,49,0,60,49,80,108,6,243,30,0,30,273
12/12/2001,FWA,IN,AGL,CE,Towers with Radar,38,99,54,1,192,5,0,0,0,5,43,99,54,1,197,32,0,32,229
12/13/2001,FWA,IN,AGL,CE,Towers with Radar,42,93,56,10,201,18,0,0,0,18,60,93,56,10,219,32,0,32,251
12/14/2001,FWA,IN,AGL,CE,Towers with Radar,33,86,44,5,168,11,0,0,0,11,44,86,44,5,179,10,0,10,189
12/15/2001,FWA,IN,AGL,CE,Towers with Radar,27,70,39,1,137,1,5,0,0,6,28,75,39,1,143,6,0,6,149
12/16/2001,FWA,IN,AGL,CE,Towers with Radar,4,43,24,0,71,0,22,13,0,35,4,65,37,0,106,22,0,22,128
12/17/2001,FWA,IN,AGL,CE,Towers with Radar,6,69,39,0,114,0,9,15,0,24,6,78,54,0,138,6,0,6,144
12/18/2001,FWA,IN,AGL,CE,Towers with Radar,39,95,61,10,205,9,0,49,2,60,48,95,110,12,265,71,16,87,352
12/19/2001,FWA,IN,AGL,CE,Towers with Radar,37,92,56,7,192,7,0,14,0,21,44,92,70,7,213,25,8,33,246
12/20/2001,FWA,IN,AGL,CE,Towers with Radar,41,99,62,8,210,3,0,98,0,101,44,99,160,8,311,30,4,34,345
12/21/2001,FWA,IN,AGL,CE,Towers with Radar,35,90,54,0,179,10,0,82,0,92,45,90,136,0,271,34,0,34,305
12/22/2001,FWA,IN,AGL,CE,Towers with Radar,21,59,33,0,113,14,12,26,0,52,35,71,59,0,165,58,0,58,223
12/23/2001,FWA,IN,AGL,CE,Towers with Radar,5,40,22,0,67,0,21,0,0,21,5,61,22,0,88,0,0,0,88
12/24/2001,FWA,IN,AGL,CE,Towers with Radar,8,31,15,0,54,0,30,0,0,30,8,61,15,0,84,50,0,50,134
12/25/2001,FWA,IN,AGL,CE,Towers with Radar,10,30,9,0,49,3,27,0,0,30,13,57,9,0,79,0,0,0,79
12/26/2001,FWA,IN,AGL,CE,Towers with Radar,14,61,36,5,116,0,0,30,6,36,14,61,66,11,152,48,6,54,206
12/27/2001,FWA,IN,AGL,CE,Towers with Radar,27,73,41,6,147,6,2,20,3,31,33,75,61,9,178,54,4,58,236
12/28/2001,FWA,IN,AGL,CE,Towers with Radar,27,67,42,6,142,7,0,16,5,28,34,67,58,11,170,24,10,34,204
12/29/2001,FWA,IN,AGL,CE,Towers with Radar,16,45,26,0,87,12,19,6,0,37,28,64,32,0,124,8,0,8,132
12/30/2001,FWA,IN,AGL,CE,Towers with Radar,10,43,25,0,78,0,18,20,0,38,10,61,45,0,116,86,0,86,202
12/31/2001,FWA,IN,AGL,CE,Towers with Radar,12,60,43,5,120,0,0,1,0,1,12,60,44,5,121,74,0,74,195
01/01/2002,FWA,IN,AGL,CE,Towers with Radar,11,35,18,0,64,2,30,12,0,44,13,65,30,0,108,170,0,170,278
01/02/2002,FWA,IN,AGL,CE,Towers with Radar,12,66,31,6,115,0,7,23,4,34,12,73,54,10,149,4,5,9,158
01/03/2002,FWA,IN,AGL,CE,Towers with Radar,27,86,41,7,161,12,3,31,1,47,39,89,72,8,208,79,14,93,301
01/04/2002,FWA,IN,AGL,CE,Towers with Radar,28,84,42,6,160,5,0,31,0,36,33,84,73,6,196,53,8,61,257
01/05/2002,FWA,IN,AGL,CE,Towers with Radar,18,60,28,1,107,8,15,23,0,46,26,75,51,1,153,44,0,44,197
01/06/2002,FWA,IN,AGL,CE,Towers with Radar,9,41,13,0,63,0,14,0,0,14,9,55,13,0,77,0,0,0,77
01/07/2002,FWA,IN,AGL,CE,Towers with Radar,2,78,39,0,119,0,8,15,0,23,2,86,54,0,142,12,0,12,154
01/08/2002,FWA,IN,AGL,CE,Towers with Radar,29,92,46,6,173,9,0,34,5,48,38,92,80,11,221,89,10,99,320
01/09/2002,FWA,IN,AGL,CE,Towers with Radar,35,105,56,7,203,8,0,25,13,46,43,105,81,20,249,136,28,164,413
01/10/2002,FWA,IN,AGL,CE,Towers with Radar,31,100,50,6,187,11,3,11,10,35,42,103,61,16,222,95,6,101,323
01/11/2002,FWA,IN,AGL,CE,Towers with Radar,33,81,52,6,172,8,0,25,11,44,41,81,77,17,216,74,8,82,298
01/12/2002,FWA,IN,AGL,CE,Towers with Radar,22,69,34,4,129,5,3,36,12,56,27,72,70,16,185,64,16,80,265
01/13/2002,FWA,IN,AGL,CE,Towers with Radar,3,67,33,4,107,0,13,77,1,91,3,80,110,5,198,100,0,100,298
01/14/2002,FWA,IN,AGL,CE,Towers with Radar,2,67,34,0,103,0,20,22,0,42,2,87,56,0,145,45,0,45,190
01/15/2002,FWA,IN,AGL,CE,Towers with Radar,41,95,40,0,176,1,3,9,0,13,42,98,49,0,189,4,0,4,193
01/16/2002,FWA,IN,AGL,CE,Towers with Radar,35,85,54,1,175,12,0,26,0,38,47,85,80,1,213,27,0,27,240
01/17/2002,FWA,IN,AGL,CE,Towers with Radar,41,99,55,6,201,1,6,27,0,34,42,105,82,6,235,60,0,60,295
01/18/2002,FWA,IN,AGL,CE,Towers with Radar,39,81,85,1,206,1,3,44,0,48,40,84,129,1,254,39,0,39,293
01/19/2002,FWA,IN,AGL,CE,Towers with Radar,26,94,16,0,136,1,3,33,0,37,27,97,49,0,173,64,0,64,237
01/20/2002,FWA,IN,AGL,CE,Towers with Radar,2,63,27,4,96,1,2,33,0,36,3,65,60,4,132,133,0,133,265
01/21/2002,FWA,IN,AGL,CE,Towers with Radar,3,72,33,0,108,2,1,14,0,17,5,73,47,0,125,4,0,4,129
01/22/2002,FWA,IN,AGL,CE,Towers with Radar,37,90,48,2,177,1,3,63,0,67,38,93,111,2,244,30,4,34,278
01/23/2002,FWA,IN,AGL,CE,Towers with Radar,35,95,53,0,183,5,0,9,0,14,40,95,62,0,197,12,0,12,209
01/24/2002,FWA,IN,AGL,CE,Towers with Radar,51,121,50,0,222,1,1,14,0,16,52,122,64,0,238,30,0,30,268
01/25/2002,FWA,IN,AGL,CE,Towers with Radar,45,81,55,5,186,0,0,68,0,68,45,81,123,5,254,70,4,74,328
01/26/2002,FWA,IN,AGL,CE,Towers with Radar,25,76,36,5,142,5,6,77,0,88,30,82,113,5,230,63,0,63,293
01/27/2002,FWA,IN,AGL,CE,Towers with Radar,4,68,27,1,100,0,0,72,0,72,4,68,99,1,172,104,2,106,278
01/28/2002,FWA,IN,AGL,CE,Towers with Radar,4,73,35,6,118,0,0,75,13,88,4,73,110,19,206,54,10,64,270
01/29/2002,FWA,IN,AGL,CE,Towers with Radar,39,79,78,5,201,0,1,6,0,7,39,80,84,5,208,4,0,4,212
01/30/2002,FWA,IN,AGL,CE,Towers with Radar,38,79,37,1,155,0,0,3,0,3,38,79,40,1,158,0,0,0,158
01/31/2002,FWA,IN,AGL,CE,Towers with Radar,38,70,42,2,152,0,0,3,0,3,38,70,45,2,155,0,0,0,155
02/01/2002,FWA,IN,AGL,CE,Towers with Radar,28,70,39,2,139,15,12,0,0,27,43,82,39,2,166,6,0,6,172
02/02/2002,FWA,IN,AGL,CE,Towers with Radar,29,71,27,0,127,0,6,66,0,72,29,77,93,0,199,98,0,98,297
02/03/2002,FWA,IN,AGL,CE,Towers with Radar,7,60,33,0,100,0,4,29,0,33,7,64,62,0,133,61,0,61,194
02/04/2002,FWA,IN,AGL,CE,Towers with Radar,14,64,41,0,119,0,21,15,0,36,14,85,56,0,155,43,0,43,198
02/05/2002,FWA,IN,AGL,CE,Towers with Radar,33,80,53,9,175,10,0,29,4,43,43,80,82,13,218,85,8,93,311
02/06/2002,FWA,IN,AGL,CE,Towers with Radar,33,85,54,9,181,10,1,47,0,58,43,86,101,9,239,111,4,115,354
02/07/2002,FWA,IN,AGL,CE,Towers with Radar,38,86,61,7,192,14,0,41,0,55,52,86,102,7,247,80,4,84,331
02/08/2002,FWA,IN,AGL,CE,Towers with Radar,38,81,62,8,189,12,0,39,0,51,50,81,101,8,240,102,6,108,348
02/09/2002,FWA,IN,AGL,CE,Towers with Radar,25,64,41,6,136,8,9,70,0,87,33,73,111,6,223,64,22,86,309
02/10/2002,FWA,IN,AGL,CE,Towers with Radar,7,44,28,5,84,0,17,9,6,32,7,61,37,11,116,36,0,36,152
02/11/2002,FWA,IN,AGL,CE,Towers with Radar,6,83,52,8,149,0,5,39,15,59,6,88,91,23,208,58,12,70,278
02/12/2002,FWA,IN,AGL,CE,Towers with Radar,34,90,56,9,189,0,15,5,10,30,34,105,61,19,219,26,0,26,245
02/13/2002,FWA,IN,AGL,CE,Towers with Radar,37,92,60,8,197,5,0,33,0,38,42,92,93,8,235,29,14,43,278
02/14/2002,FWA,IN,AGL,CE,Towers with Radar,37,88,60,10,195,5,0,42,0,47,42,88,102,10,242,34,8,42,284
02/15/2002,FWA,IN,AGL,CE,Towers with Radar,35,83,56,6,180,3,0,13,0,16,38,83,69,6,196,26,10,36,232
02/16/2002,FWA,IN,AGL,CE,Towers with Radar,22,67,43,0,132,0,15,4,0,19,22,82,47,0,151,4,0,4,155
02/17/2002,FWA,IN,AGL,CE,Towers with Radar,6,58,36,1,101,0,4,53,0,57,6,62,89,1,158,98,0,98,256
02/18/2002,FWA,IN,AGL,CE,Towers with Radar,8,76,48,0,132,0,2,42,0,44,8,78,90,0,176,95,0,95,271
02/19/2002,FWA,IN,AGL,CE,Towers with Radar,33,89,56,0,178,0,3,12,0,15,33,92,68,0,193,12,0,12,205
02/20/2002,FWA,IN,AGL,CE,Towers with Radar,32,83,53,0,168,5,2,0,0,7,37,85,53,0,175,0,0,0,175
02/21/2002,FWA,IN,AGL,CE,Towers with Radar,34,90,44,8,176,11,13,0,3,27,45,103,44,11,203,2,0,2,205
02/22/2002,FWA,IN,AGL,CE,Towers with Radar,36,94,59,8,197,3,4,46,6,59,39,98,105,14,256,51,20,71,327
02/23/2002,FWA,IN,AGL,CE,Towers with Radar,25,66,42,0,133,6,12,63,0,81,31,78,105,0,214,45,0,45,259
02/24/2002,FWA,IN,AGL,CE,Towers with Radar,6,51,33,0,90,0,12,64,0,76,6,63,97,0,166,58,0,58,224
02/25/2002,FWA,IN,AGL,CE,Towers with Radar,5,69,44,6,124,0,16,28,9,53,5,85,72,15,177,22,8,30,207
02/26/2002,FWA,IN,AGL,CE,Towers with Radar,25,65,41,5,136,15,2,1,0,18,40,67,42,5,154,0,0,0,154
02/27/2002,FWA,IN,AGL,CE,Towers with Radar,46,82,79,10,217,0,0,124,0,124,46,82,203,10,341,26,0,26,367
02/28/2002,FWA,IN,AGL,CE,Towers with Radar,42,94,68,10,214,7,0,29,27,63,49,94,97,37,277,88,20,108,385
03/01/2002,FWA,IN,AGL,CE,Towers with Radar,33,82,48,8,171,17,0,50,5,72,50,82,98,13,243,72,0,72,315
03/02/2002,FWA,IN,AGL,CE,Towers with Radar,16,43,10,0,69,9,37,0,0,46,25,80,10,0,115,0,0,0,115
03/03/2002,FWA,IN,AGL,CE,Towers with Radar,8,40,23,0,71,0,12,7,0,19,8,52,30,0,90,0,0,0,90
03/04/2002,FWA,IN,AGL,CE,Towers with Radar,6,62,36,6,110,0,6,25,4,35,6,68,61,10,145,25,4,29,174
03/05/2002,FWA,IN,AGL,CE,Towers with Radar,35,88,51,8,182,3,1,30,8,42,38,89,81,16,224,24,14,38,262
03/06/2002,FWA,IN,AGL,CE,Towers with Radar,34,86,50,8,178,10,7,32,8,57,44,93,82,16,235,20,10,30,265
03/07/2002,FWA,IN,AGL,CE,Towers with Radar,41,87,59,9,196,2,0,17,2,21,43,87,76,11,217,16,0,16,233
03/08/2002,FWA,IN,AGL,CE,Towers with Radar,38,95,56,8,197,17,0,29,0,46,55,95,85,8,243,4,0,4,247
03/09/2002,FWA,IN,AGL,CE,Towers with Radar,13,35,9,0,57,19,17,0,0,36,32,52,9,0,93,4,0,4,97
03/10/2002,FWA,IN,AGL,CE,Towers with Radar,5,47,28,0,80,0,9,7,0,16,5,56,35,0,96,14,0,14,110
03/11/2002,FWA,IN,AGL,CE,Towers with Radar,6,63,38,0,107,0,17,44,0,61,6,80,82,0,168,43,0,43,211
03/12/2002,FWA,IN,AGL,CE,Towers with Radar,42,93,62,10,207,0,0,70,9,79,42,93,132,19,286,111,15,126,412
03/13/2002,FWA,IN,AGL,CE,Towers with Radar,42,100,67,10,219,0,0,51,6,57,42,100,118,16,276,78,0,78,354
03/14/2002,FWA,IN,AGL,CE,Towers with Radar,40,96,58,9,203,3,0,46,0,49,43,96,104,9,252,30,22,52,304
03/15/2002,FWA,IN,AGL,CE,Towers with Radar,37,63,54,7,161,14,0,7,0,21,51,63,61,7,182,6,0,6,188
03/16/2002,FWA,IN,AGL,CE,Towers with Radar,33,75,47,6,161,0,0,55,11,66,33,75,102,17,227,67,46,113,340
03/17/2002,FWA,IN,AGL,CE,Towers with Radar,6,54,33,4,97,0,6,14,7,27,6,60,47,11,124,25,0,25,149
03/18/2002,FWA,IN,AGL,CE,Towers with Radar,7,76,46,3,132,0,13,51,0,64,7,89,97,3,196,83,0,83,279
03/19/2002,FWA,IN,AGL,CE,Towers with Radar,37,81,55,7,180,5,0,10,4,19,42,81,65,11,199,38,12,50,249
03/20/2002,FWA,IN,AGL,CE,Towers with Radar,43,106,63,7,219,0,3,13,0,16,43,109,76,7,235,46,0,46,281
03/21/2002,FWA,IN,AGL,CE,Towers with Radar,35,80,50,7,172,12,0,0,4,16,47,80,50,11,188,0,0,0,188
03/22/2002,FWA,IN,AGL,CE,Towers with Radar,42,79,62,8,191,2,0,34,0,36,44,79,96,8,227,14,10,24,251
03/23/2002,FWA,IN,AGL,CE,Towers with Radar,29,65,42,2,138,13,0,28,0,41,42,65,70,2,179,24,0,24,203
03/24/2002,FWA,IN,AGL,CE,Towers with Radar,6,50,30,0,86,0,11,20,0,31,6,61,50,0,117,68,0,68,185
03/25/2002,FWA,IN,AGL,CE,Towers with Radar,2,41,23,0,66,0,24,0,0,24,2,65,23,0,90,0,0,0,90
03/26/2002,FWA,IN,AGL,CE,Towers with Radar,22,52,28,0,102,17,12,0,0,29,39,64,28,0,131,0,0,0,131
03/27/2002,FWA,IN,AGL,CE,Towers with Radar,39,84,54,6,183,6,0,35,0,41,45,84,89,6,224,30,0,30,254
03/28/2002,FWA,IN,AGL,CE,Towers with Radar,42,79,60,8,189,9,0,22,0,31,51,79,82,8,220,30,4,34,254
03/29/2002,FWA,IN,AGL,CE,Towers with Radar,36,76,50,7,169,10,0,13,2,25,46,76,63,9,194,30,10,40,234
03/30/2002,FWA,IN,AGL,CE,Towers with Radar,14,64,37,0,115,0,1,49,0,50,14,65,86,0,165,31,0,31,196
03/31/2002,FWA,IN,AGL,CE,Towers with Radar,5,49,28,0,82,0,15,8,0,23,5,64,36,0,105,48,0,48,153
04/01/2002,FWA,IN,AGL,CE,Towers with Radar,6,62,38,0,106,0,15,33,0,48,6,77,71,0,154,10,0,10,164
04/02/2002,FWA,IN,AGL,CE,Towers with Radar,33,82,50,1,166,11,17,18,0,46,44,99,68,1,212,29,0,29,241
04/03/2002,FWA,IN,AGL,CE,Towers with Radar,32,79,48,8,167,15,2,16,11,44,47,81,64,19,211,41,10,51,262
04/04/2002,FWA,IN,AGL,CE,Towers with Radar,33,78,51,7,169,9,0,39,0,48,42,78,90,7,217,56,0,56,273
04/05/2002,FWA,IN,AGL,CE,Towers with Radar,39,81,59,9,188,8,0,32,0,40,47,81,91,9,228,55,0,55,283
04/06/2002,FWA,IN,AGL,CE,Towers with Radar,29,65,43,2,139,7,0,80,0,87,36,65,123,2,226,104,2,106,332
04/07/2002,FWA,IN,AGL,CE,Towers with Radar,9,59,38,0,106,0,0,46,0,46,9,59,84,0,152,104,0,104,256
04/08/2002,FWA,IN,AGL,CE,Towers with Radar,5,64,40,4,113,0,18,4,0,22,5,82,44,4,135,0,0,0,135
04/09/2002,FWA,IN,AGL,CE,Towers with Radar,35,85,53,9,182,17,20,0,1,38,52,105,53,10,220,12,4,16,236
04/10/2002,FWA,IN,AGL,CE,Towers with Radar,38,90,57,10,195,5,6,32,10,53,43,96,89,20,248,89,26,115,363
04/11/2002,FWA,IN,AGL,CE,Towers with Radar,37,87,57,9,190,4,0,60,0,64,41,87,117,9,254,94,0,94,348
04/12/2002,FWA,IN,AGL,CE,Towers with Radar,46,82,56,12,196,0,0,0,5,5,46,82,56,17,201,108,23,131,332
04/13/2002,FWA,IN,AGL,CE,Towers with Radar,32,71,48,1,152,0,0,29,0,29,32,71,77,1,181,35,0,35,216
04/14/2002,FWA,IN,AGL,CE,Towers with Radar,5,57,36,1,99,0,13,23,0,36,5,70,59,1,135,58,0,58,193
04/15/2002,FWA,IN,AGL,CE,Towers with Radar,8,74,47,7,136,0,0,28,9,37,8,74,75,16,173,28,0,28,201
04/16/2002,FWA,IN,AGL,CE,Towers with Radar,33,80,51,8,172,17,1,24,5,47,50,81,75,13,219,88,22,110,329
04/17/2002,FWA,IN,AGL,CE,Towers with Radar,35,74,53,7,169,14,0,58,0,72,49,74,111,7,241,32,12,44,285
04/18/2002,FWA,IN,AGL,CE,Towers with Radar,40,95,60,9,204,13,7,36,2,58,53,102,96,11,262,85,22,107,369
04/19/2002,FWA,IN,AGL,CE,Towers with Radar,36,82,55,8,181,0,0,45,2,47,36,82,100,10,228,49,8,57,285
04/20/2002,FWA,IN,AGL,CE,Towers with Radar,28,66,33,6,133,4,5,0,6,15,32,71,33,12,148,64,0,64,212
04/21/2002,FWA,IN,AGL,CE,Towers with Radar,6,47,22,4,79,0,12,0,4,16,6,59,22,8,95,0,0,0,95
04/22/2002,FWA,IN,AGL,CE,Towers with Radar,8,72,44,7,131,0,10,35,6,51,8,82,79,13,182,54,16,70,252
04/23/2002,FWA,IN,AGL,CE,Towers with Radar,37,79,56,9,181,9,0,63,1,73,46,79,119,10,254,81,6,87,341
04/24/2002,FWA,IN,AGL,CE,Towers with Radar,41,90,61,10,202,2,0,43,14,59,43,90,104,24,261,76,52,128,389
04/25/2002,FWA,IN,AGL,CE,Towers with Radar,38,90,55,6,189,4,6,16,0,26,42,96,71,6,215,12,2,14,229
04/26/2002,FWA,IN,AGL,CE,Towers with Radar,38,82,57,6,183,9,0,80,0,89,47,82,137,6,272,60,10,70,342
04/27/2002,FWA,IN,AGL,CE,Towers with Radar,22,52,32,0,106,22,14,10,0,46,44,66,42,0,152,98,0,98,250
04/28/2002,FWA,IN,AGL,CE,Towers with Radar,6,47,29,0,82,0,12,0,0,12,6,59,29,0,94,0,0,0,94
04/29/2002,FWA,IN,AGL,CE,Towers with Radar,9,84,53,8,154,0,0,43,5,48,9,84,96,13,202,76,0,76,278
04/30/2002,FWA,IN,AGL,CE,Towers with Radar,40,92,58,8,198,8,0,48,0,56,48,92,106,8,254,126,2,128,382
05/01/2002,FWA,IN,AGL,CE,Towers with Radar,51,90,62,32,235,0,1,36,0,37,51,91,98,32,272,44,32,76,348
05/02/2002,FWA,IN,AGL,CE,Towers with Radar,52,81,78,5,216,0,1,21,0,22,52,82,99,5,238,74,0,74,312
05/03/2002,FWA,IN,AGL,CE,Towers with Radar,49,84,73,2,208,0,1,72,0,73,49,85,145,2,281,40,0,40,321
05/04/2002,FWA,IN,AGL,CE,Towers with Radar,28,63,36,12,139,0,2,85,5,92,28,65,121,17,231,164,7,171,402
05/05/2002,FWA,IN,AGL,CE,Towers with Radar,6,62,24,8,100,0,2,54,1,57,6,64,78,9,157,86,2,88,245
05/06/2002,FWA,IN,AGL,CE,Towers with Radar,9,63,50,0,122,0,3,8,1,12,9,66,58,1,134,18,0,18,152
05/07/2002,FWA,IN,AGL,CE,Towers with Radar,38,83,74,4,199,0,2,5,1,8,38,85,79,5,207,50,0,50,257
05/08/2002,FWA,IN,AGL,CE,Towers with Radar,40,83,78,4,205,0,1,0,0,1,40,84,78,4,206,4,0,4,210
05/09/2002,FWA,IN,AGL,CE,Towers with Radar,52,68,66,6,192,0,2,3,2,7,52,70,69,8,199,2,2,4,203
05/10/2002,FWA,IN,AGL,CE,Towers with Radar,44,67,65,8,184,1,0,73,0,74,45,67,138,8,258,52,16,68,326
05/11/2002,FWA,IN,AGL,CE,Towers with Radar,30,58,17,0,105,0,1,17,0,18,30,59,34,0,123,66,0,66,189
05/12/2002,FWA,IN,AGL,CE,Towers with Radar,14,50,17,0,81,0,1,0,0,1,14,51,17,0,82,20,0,20,102
05/13/2002,FWA,IN,AGL,CE,Towers with Radar,16,97,70,1,184,0,1,10,0,11,16,98,80,1,195,14,0,14,209
05/14/2002,FWA,IN,AGL,CE,Towers with Radar,39,81,63,8,191,6,0,62,15,83,45,81,125,23,274,64,28,92,366
05/15/2002,FWA,IN,AGL,CE,Towers with Radar,42,74,53,12,181,0,1,89,0,90,42,75,142,12,271,89,0,89,360
05/16/2002,FWA,IN,AGL,CE,Towers with Radar,44,75,56,9,184,0,2,18,0,20,44,77,74,9,204,23,8,31,235
05/17/2002,FWA,IN,AGL,CE,Towers with Radar,57,83,64,5,209,0,3,16,0,19,57,86,80,5,228,83,0,83,311
05/18/2002,FWA,IN,AGL,CE,Towers with Radar,30,68,32,0,130,0,1,26,0,27,30,69,58,0,157,90,0,90,247
05/19/2002,FWA,IN,AGL,CE,Towers with Radar,7,48,14,0,69,0,2,23,0,25,7,50,37,0,94,113,0,113,207
05/20/2002,FWA,IN,AGL,CE,Towers with Radar,9,66,51,6,132,0,1,36,0,37,9,67,87,6,169,46,4,50,219
05/21/2002,FWA,IN,AGL,CE,Towers with Radar,40,101,74,9,224,0,4,75,0,79,40,105,149,9,303,101,6,107,410
05/22/2002,FWA,IN,AGL,CE,Towers with Radar,37,82,60,4,183,4,7,72,0,83,41,89,132,4,266,127,6,133,399
05/23/2002,FWA,IN,AGL,CE,Towers with Radar,48,82,60,6,196,0,7,42,0,49,48,89,102,6,245,56,10,66,311
05/24/2002,FWA,IN,AGL,CE,Towers with Radar,43,73,74,11,201,0,1,15,0,16,43,74,89,11,217,37,2,39,256
05/25/2002,FWA,IN,AGL,CE,Towers with Radar,31,54,19,3,107,0,3,0,0,3,31,57,19,3,110,6,0,6,116
05/26/2002,FWA,IN,AGL,CE,Towers with Radar,5,47,30,0,82,0,1,49,0,50,5,48,79,0,132,114,0,114,246
05/27/2002,FWA,IN,AGL,CE,Towers with Radar,6,49,21,0,76,0,2,31,0,33,6,51,52,0,109,59,0,59,168
05/28/2002,FWA,IN,AGL,CE,Towers with Radar,12,71,42,6,131,0,5,26,0,31,12,76,68,6,162,34,6,40,202
05/29/2002,FWA,IN,AGL,CE,Towers with Radar,46,84,56,7,193,0,1,13,1,15,46,85,69,8,208,58,6,64,272
05/30/2002,FWA,IN,AGL,CE,Towers with Radar,47,77,64,15,203,0,0,27,0,27,47,77,91,15,230,10,12,22,252
05/31/2002,FWA,IN,AGL,CE,Towers with Radar,52,69,49,12,182,0,0,37,1,38,52,69,86,13,220,33,14,47,267
06/01/2002,FWA,IN,AGL,CE,Towers with Radar,32,61,22,6,121,0,3,42,1,46,32,64,64,7,167,80,0,80,247
06/02/2002,FWA,IN,AGL,CE,Towers with Radar,10,57,30,0,97,0,2,29,0,31,10,59,59,0,128,183,0,183,311
06/03/2002,FWA,IN,AGL,CE,Towers with Radar,11,60,59,6,136,0,7,16,0,23,11,67,75,6,159,60,2,62,221
06/04/2002,FWA,IN,AGL,CE,Towers with Radar,48,79,55,4,186,0,0,21,0,21,48,79,76,4,207,46,6,52,259
06/05/2002,FWA,IN,AGL,CE,Towers with Radar,38,72,54,0,164,9,0,13,0,22,47,72,67,0,186,36,0,36,222
06/06/2002,FWA,IN,AGL,CE,Towers with Radar,70,84,105,12,271,0,0,23,0,23,70,84,128,12,294,47,10,57,351
06/07/2002,FWA,IN,AGL,CE,Towers with Radar,43,76,48,8,175,0,0,71,0,71,43,76,119,8,246,22,18,40,286
06/08/2002,FWA,IN,AGL,CE,Towers with Radar,31,65,53,10,159,0,4,51,0,55,31,69,104,10,214,64,16,80,294
06/09/2002,FWA,IN,AGL,CE,Towers with Radar,9,54,38,5,106,0,4,43,5,52,9,58,81,10,158,42,18,60,218
06/10/2002,FWA,IN,AGL,CE,Towers with Radar,9,72,42,0,123,0,1,44,1,46,9,73,86,1,169,12,0,12,181
06/11/2002,FWA,IN,AGL,CE,Towers with Radar,44,85,61,3,193,0,0,23,5,28,44,85,84,8,221,30,2,32,253
06/12/2002,FWA,IN,AGL,CE,Towers with Radar,53,76,83,11,223,0,4,13,1,18,53,80,96,12,241,26,9,35,276
06/13/2002,FWA,IN,AGL,CE,Towers with Radar,46,82,46,8,182,0,1,22,0,23,46,83,68,8,205,134,0,134,339
06/14/2002,FWA,IN,AGL,CE,Towers with Radar,51,76,52,8,187,0,1,19,0,20,51,77,71,8,207,8,0,8,215
06/15/2002,FWA,IN,AGL,CE,Towers with Radar,33,64,19,0,116,0,0,21,4,25,33,64,40,4,141,38,0,38,179
06/16/2002,FWA,IN,AGL,CE,Towers with Radar,8,70,34,0,112,0,1,48,0,49,8,71,82,0,161,79,0,79,240
06/17/2002,FWA,IN,AGL,CE,Towers with Radar,9,75,58,9,151,0,0,63,0,63,9,75,121,9,214,82,0,82,296
06/18/2002,FWA,IN,AGL,CE,Towers with Radar,49,77,68,16,210,0,4,51,0,55,49,81,119,16,265,18,8,26,291
06/19/2002,FWA,IN,AGL,CE,Towers with Radar,36,77,56,8,177,10,0,55,5,70,46,77,111,13,247,8,21,29,276
06/20/2002,FWA,IN,AGL,CE,Towers with Radar,53,79,63,11,206,0,0,38,0,38,53,79,101,11,244,2,10,12,256
06/21/2002,FWA,IN,AGL,CE,Towers with Radar,47,79,73,13,212,0,1,60,0,61,47,80,133,13,273,45,23,68,341
06/22/2002,FWA,IN,AGL,CE,Towers with Radar,31,67,19,3,120,0,0,34,0,34,31,67,53,3,154,74,0,74,228
06/23/2002,FWA,IN,AGL,CE,Towers with Radar,8,57,31,2,98,0,0,42,0,42,8,57,73,2,140,29,0,29,169
06/24/2002,FWA,IN,AGL,CE,Towers with Radar,9,68,48,1,126,0,0,48,2,50,9,68,96,3,176,25,0,25,201
06/25/2002,FWA,IN,AGL,CE,Towers with Radar,44,74,61,16,195,0,3,40,1,44,44,77,101,17,239,82,10,92,331
06/26/2002,FWA,IN,AGL,CE,Towers with Radar,47,106,74,14,241,0,6,33,2,41,47,112,107,16,282,27,11,38,320
06/27/2002,FWA,IN,AGL,CE,Towers with Radar,53,97,81,29,260,0,0,48,1,49,53,97,129,30,309,30,20,50,359
06/28/2002,FWA,IN,AGL,CE,Towers with Radar,45,72,76,18,211,0,0,98,1,99,45,72,174,19,310,44,6,50,360
06/29/2002,FWA,IN,AGL,CE,Towers with Radar,27,56,41,3,127,7,1,52,0,60,34,57,93,3,187,93,0,93,280
06/30/2002,FWA,IN,AGL,CE,Towers with Radar,9,62,40,0,111,0,1,40,0,41,9,63,80,0,152,75,0,75,227
07/01/2002,FWA,IN,AGL,CE,Towers with Radar,4,55,42,7,108,0,8,37,4,49,4,63,79,11,157,26,6,32,189
07/02/2002,FWA,IN,AGL,CE,Towers with Radar,41,77,45,11,174,0,3,57,0,60,41,80,102,11,234,36,0,36,270
07/03/2002,FWA,IN,AGL,CE,Towers with Radar,43,73,43,17,176,0,0,62,0,62,43,73,105,17,238,86,32,118,356
07/04/2002,FWA,IN,AGL,CE,Towers with Radar,9,67,15,2,93,0,3,36,0,39,9,70,51,2,132,42,0,42,174
07/05/2002,FWA,IN,AGL,CE,Towers with Radar,9,69,26,6,110,0,1,55,0,56,9,70,81,6,166,53,0,53,219
07/06/2002,FWA,IN,AGL,CE,Towers with Radar,6,67,15,0,88,1,0,38,1,40,7,67,53,1,128,30,0,30,158
07/07/2002,FWA,IN,AGL,CE,Towers with Radar,4,61,32,0,97,1,0,49,0,50,5,61,81,0,147,91,0,91,238
07/08/2002,FWA,IN,AGL,CE,Towers with Radar,3,85,43,10,141,1,0,50,3,54,4,85,93,13,195,67,28,95,290
07/09/2002,FWA,IN,AGL,CE,Towers with Radar,40,82,36,17,175,1,1,16,0,18,41,83,52,17,193,54,7,61,254
07/10/2002,FWA,IN,AGL,CE,Towers with Radar,40,82,60,23,205,1,2,45,1,49,41,84,105,24,254,98,48,146,400
07/11/2002,FWA,IN,AGL,CE,Towers with Radar,33,88,70,11,202,10,0,34,10,54,43,88,104,21,256,49,34,83,339
07/12/2002,FWA,IN,AGL,CE,Towers with Radar,36,74,87,15,212,1,5,59,0,65,37,79,146,15,277,73,17,90,367
07/13/2002,FWA,IN,AGL,CE,Towers with Radar,24,63,41,16,144,1,0,64,0,65,25,63,105,16,209,69,12,81,290
07/14/2002,FWA,IN,AGL,CE,Towers with Radar,7,57,20,15,99,1,5,50,3,59,8,62,70,18,158,40,8,48,206
07/15/2002,FWA,IN,AGL,CE,Towers with Radar,1,58,44,7,110,0,19,63,4,86,1,77,107,11,196,24,4,28,224
07/16/2002,FWA,IN,AGL,CE,Towers with Radar,38,79,72,16,205,1,0,62,0,63,39,79,134,16,268,83,4,87,355
07/17/2002,FWA,IN,AGL,CE,Towers with Radar,44,82,41,24,191,1,0,28,0,29,45,82,69,24,220,70,6,76,296
07/18/2002,FWA,IN,AGL,CE,Towers with Radar,50,80,84,7,221,1,0,20,0,21,51,80,104,7,242,46,0,46,288
07/19/2002,FWA,IN,AGL,CE,Towers with Radar,45,83,68,25,221,1,0,34,0,35,46,83,102,25,256,46,6,52,308
07/20/2002,FWA,IN,AGL,CE,Towers with Radar,24,68,51,3,146,10,0,27,0,37,34,68,78,3,183,72,0,72,255
07/21/2002,FWA,IN,AGL,CE,Towers with Radar,5,56,279,0,340,1,1,53,0,55,6,57,332,0,395,196,2,198,593
07/22/2002,FWA,IN,AGL,CE,Towers with Radar,12,80,64,0,156,0,1,29,0,30,12,81,93,0,186,42,0,42,228
07/23/2002,FWA,IN,AGL,CE,Towers with Radar,41,83,55,9,188,0,1,34,0,35,41,84,89,9,223,20,4,24,247
07/24/2002,FWA,IN,AGL,CE,Towers with Radar,46,80,73,15,214,0,1,69,0,70,46,81,142,15,284,32,14,46,330
07/25/2002,FWA,IN,AGL,CE,Towers with Radar,43,71,82,11,207,0,2,62,0,64,43,73,144,11,271,100,0,100,371
07/26/2002,FWA,IN,AGL,CE,Towers with Radar,46,80,61,6,193,0,1,30,0,31,46,81,91,6,224,46,3,49,273
07/27/2002,FWA,IN,AGL,CE,Towers with Radar,23,63,38,0,124,3,9,0,0,12,26,72,38,0,136,32,0,32,168
07/28/2002,FWA,IN,AGL,CE,Towers with Radar,4,59,34,0,97,0,2,31,0,33,4,61,65,0,130,108,0,108,238
07/29/2002,FWA,IN,AGL,CE,Towers with Radar,7,58,50,3,118,0,4,11,0,15,7,62,61,3,133,74,0,74,207
07/30/2002,FWA,IN,AGL,CE,Towers with Radar,42,87,76,2,207,0,1,24,0,25,42,88,100,2,232,50,0,50,282
07/31/2002,FWA,IN,AGL,CE,Towers with Radar,43,72,59,8,182,0,1,58,0,59,43,73,117,8,241,32,4,36,277
08/01/2002,FWA,IN,AGL,CE,Towers with Radar,47,88,47,0,182,1,7,36,0,44,48,95,83,0,226,86,0,86,312
08/02/2002,FWA,IN,AGL,CE,Towers with Radar,41,71,64,0,176,5,0,36,0,41,46,71,100,0,217,64,0,64,281
08/03/2002,FWA,IN,AGL,CE,Towers with Radar,28,60,43,0,131,0,6,9,0,15,28,66,52,0,146,62,0,62,208
08/04/2002,FWA,IN,AGL,CE,Towers with Radar,4,59,60,0,123,1,4,20,0,25,5,63,80,0,148,83,0,83,231
08/05/2002,FWA,IN,AGL,CE,Towers with Radar,9,80,34,0,123,1,1,22,0,24,10,81,56,0,147,82,0,82,229
08/06/2002,FWA,IN,AGL,CE,Towers with Radar,37,66,58,0,161,6,0,47,0,53,43,66,105,0,214,72,0,72,286
08/07/2002,FWA,IN,AGL,CE,Towers with Radar,40,79,62,5,186,3,0,82,0,85,43,79,144,5,271,114,2,116,387
08/08/2002,FWA,IN,AGL,CE,Towers with Radar,46,80,48,3,177,0,2,51,2,55,46,82,99,5,232,85,18,103,335
08/09/2002,FWA,IN,AGL,CE,Towers with Radar,44,78,35,5,162,0,5,48,1,54,44,83,83,6,216,92,24,116,332
08/10/2002,FWA,IN,AGL,CE,Towers with Radar,25,54,39,0,118,1,6,34,0,41,26,60,73,0,159,47,0,47,206
08/11/2002,FWA,IN,AGL,CE,Towers with Radar,2,54,39,0,95,1,6,37,0,44,3,60,76,0,139,88,0,88,227
08/12/2002,FWA,IN,AGL,CE,Towers with Radar,7,72,42,4,125,0,5,27,1,33,7,77,69,5,158,67,0,67,225
08/13/2002,FWA,IN,AGL,CE,Towers with Radar,42,81,55,8,186,0,3,14,5,22,42,84,69,13,208,34,0,34,242
08/14/2002,FWA,IN,AGL,CE,Towers with Radar,43,91,67,8,209,1,0,23,2,26,44,91,90,10,235,38,12,50,285
08/15/2002,FWA,IN,AGL,CE,Towers with Radar,46,80,74,13,213,0,4,17,1,22,46,84,91,14,235,163,2,165,400
08/16/2002,FWA,IN,AGL,CE,Towers with Radar,43,71,37,10,161,0,7,22,1,30,43,78,59,11,191,32,12,44,235
08/17/2002,FWA,IN,AGL,CE,Towers with Radar,27,63,35,4,129,0,2,12,1,15,27,65,47,5,144,44,0,44,188
08/18/2002,FWA,IN,AGL,CE,Towers with Radar,3,62,34,0,99,0,2,34,0,36,3,64,68,0,135,65,0,65,200
08/19/2002,FWA,IN,AGL,CE,Towers with Radar,6,67,72,2,147,0,2,8,1,11,6,69,80,3,158,16,0,16,174
08/20/2002,FWA,IN,AGL,CE,Towers with Radar,51,73,52,9,185,0,4,44,2,50,51,77,96,11,235,72,22,94,329
08/21/2002,FWA,IN,AGL,CE,Towers with Radar,48,79,79,13,219,0,3,58,1,62,48,82,137,14,281,94,12,106,387
08/22/2002,FWA,IN,AGL,CE,Towers with Radar,60,75,48,12,195,0,3,22,1,26,60,78,70,13,221,57,4,61,282
08/23/2002,FWA,IN,AGL,CE,Towers with Radar,50,89,77,10,226,0,2,9,0,11,50,91,86,10,237,0,4,4,241
08/24/2002,FWA,IN,AGL,CE,Towers with Radar,39,67,25,18,149,0,1,17,0,18,39,68,42,18,167,43,2,45,212
08/25/2002,FWA,IN,AGL,CE,Towers with Radar,8,49,45,10,112,0,1,57,0,58,8,50,102,10,170,71,8,79,249
08/26/2002,FWA,IN,AGL,CE,Towers with Radar,6,70,50,6,132,0,13,72,17,102,6,83,122,23,234,42,24,66,300
08/27/2002,FWA,IN,AGL,CE,Towers with Radar,45,86,83,20,234,0,3,36,2,41,45,89,119,22,275,34,18,52,327
08/28/2002,FWA,IN,AGL,CE,Towers with Radar,47,87,74,9,217,0,3,62,0,65,47,90,136,9,282,42,28,70,352
08/29/2002,FWA,IN,AGL,CE,Towers with Radar,40,95,70,13,218,0,4,43,0,47,40,99,113,13,265,58,10,68,333
08/30/2002,FWA,IN,AGL,CE,Towers with Radar,51,76,38,6,171,0,1,58,2,61,51,77,96,8,232,60,41,101,333
08/31/2002,FWA,IN,AGL,CE,Towers with Radar,27,54,41,1,123,11,0,15,0,26,38,54,56,1,149,8,0,8,157
09/01/2002,FWA,IN,AGL,CE,Towers with Radar,3,52,14,0,69,1,2,32,0,35,4,54,46,0,104,22,0,22,126
09/02/2002,FWA,IN,AGL,CE,Towers with Radar,6,47,30,0,83,0,21,12,0,33,6,68,42,0,116,60,0,60,176
09/03/2002,FWA,IN,AGL,CE,Towers with Radar,9,88,50,16,163,0,0,28,0,28,9,88,78,16,191,74,0,74,265
09/04/2002,FWA,IN,AGL,CE,Towers with Radar,36,87,58,7,188,4,12,47,0,63,40,99,105,7,251,95,0,95,346
09/05/2002,FWA,IN,AGL,CE,Towers with Radar,42,99,66,13,220,8,2,58,10,78,50,101,124,23,298,46,8,54,352
09/06/2002,FWA,IN,AGL,CE,Towers with Radar,41,74,64,12,191,13,0,46,15,74,54,74,110,27,265,35,34,69,334
09/07/2002,FWA,IN,AGL,CE,Towers with Radar,34,73,38,9,154,0,1,59,2,62,34,74,97,11,216,73,32,105,321
09/08/2002,FWA,IN,AGL,CE,Towers with Radar,8,61,30,14,113,0,5,41,3,49,8,66,71,17,162,46,18,64,226
09/09/2002,FWA,IN,AGL,CE,Towers with Radar,3,68,45,9,125,0,12,56,8,76,3,80,101,17,201,63,8,71,272
09/10/2002,FWA,IN,AGL,CE,Towers with Radar,35,84,56,11,186,12,4,30,0,46,47,88,86,11,232,52,0,52,284
09/11/2002,FWA,IN,AGL,CE,Towers with Radar,41,71,69,13,194,0,4,43,0,47,41,75,112,13,241,62,18,80,321
09/12/2002,FWA,IN,AGL,CE,Towers with Radar,53,78,71,16,218,0,3,48,0,51,53,81,119,16,269,42,2,44,313
09/13/2002,FWA,IN,AGL,CE,Towers with Radar,51,81,48,34,214,0,1,46,0,47,51,82,94,34,261,46,12,58,319
09/14/2002,FWA,IN,AGL,CE,Towers with Radar,34,72,40,2,148,0,1,20,0,21,34,73,60,2,169,42,0,42,211
09/15/2002,FWA,IN,AGL,CE,Towers with Radar,6,56,26,0,88,0,2,12,0,14,6,58,38,0,102,8,0,8,110
09/16/2002,FWA,IN,AGL,CE,Towers with Radar,5,79,62,8,154,0,1,23,0,24,5,80,85,8,178,34,16,50,228
09/17/2002,FWA,IN,AGL,CE,Towers with Radar,54,82,75,4,215,0,1,74,0,75,54,83,149,4,290,46,4,50,340
09/18/2002,FWA,IN,AGL,CE,Towers with Radar,51,86,67,18,222,0,2,0,0,2,51,88,67,18,224,44,16,60,284
09/19/2002,FWA,IN,AGL,CE,Towers with Radar,49,82,63,4,198,0,2,7,0,9,49,84,70,4,207,3,0,3,210
09/20/2002,FWA,IN,AGL,CE,Towers with Radar,50,84,40,1,175,0,3,5,0,8,50,87,45,1,183,0,0,0,183
09/21/2002,FWA,IN,AGL,CE,Towers with Radar,28,65,44,0,137,9,3,47,0,59,37,68,91,0,196,50,0,50,246
09/22/2002,FWA,IN,AGL,CE,Towers with Radar,7,61,53,0,121,0,1,26,0,27,7,62,79,0,148,60,0,60,208
09/23/2002,FWA,IN,AGL,CE,Towers with Radar,4,79,70,17,170,0,2,61,0,63,4,81,131,17,233,2,26,28,261
09/24/2002,FWA,IN,AGL,CE,Towers with Radar,39,91,65,12,207,8,0,32,3,43,47,91,97,15,250,38,22,60,310
09/25/2002,FWA,IN,AGL,CE,Towers with Radar,39,90,65,12,206,7,0,33,14,54,46,90,98,26,260,28,42,70,330
09/26/2002,FWA,IN,AGL,CE,Towers with Radar,44,92,73,11,220,5,0,13,0,18,49,92,86,11,238,58,22,80,318
09/27/2002,FWA,IN,AGL,CE,Towers with Radar,59,96,54,0,209,0,5,16,0,21,59,101,70,0,230,21,0,21,251
09/28/2002,FWA,IN,AGL,CE,Towers with Radar,38,73,50,0,161,0,2,41,0,43,38,75,91,0,204,35,0,35,239
09/29/2002,FWA,IN,AGL,CE,Towers with Radar,11,59,46,0,116,0,0,114,0,114,11,59,160,0,230,84,0,84,314
09/30/2002,FWA,IN,AGL,CE,Towers with Radar,5,71,42,0,118,0,3,40,1,44,5,74,82,1,162,35,0,35,197
10/01/2002,FWA,IN,AGL,CE,Towers with Radar,39,81,62,6,188,14,0,18,0,32,53,81,80,6,220,77,2,79,299
10/02/2002,FWA,IN,AGL,CE,Towers with Radar,45,84,55,41,225,0,1,6,0,7,45,85,61,41,232,46,42,88,320
10/03/2002,FWA,IN,AGL,CE,Towers with Radar,45,92,69,11,217,0,5,13,1,19,45,97,82,12,236,4,18,22,258
10/04/2002,FWA,IN,AGL,CE,Towers with Radar,48,78,37,1,164,0,3,5,0,8,48,81,42,1,172,28,0,28,200
10/05/2002,FWA,IN,AGL,CE,Towers with Radar,36,74,46,18,174,1,2,68,0,71,37,76,114,18,245,43,4,47,292
10/06/2002,FWA,IN,AGL,CE,Towers with Radar,11,61,37,7,116,0,1,37,0,38,11,62,74,7,154,72,0,72,226
10/07/2002,FWA,IN,AGL,CE,Towers with Radar,3,75,42,13,133,0,3,42,0,45,3,78,84,13,178,44,4,48,226
10/08/2002,FWA,IN,AGL,CE,Towers with Radar,38,83,59,10,190,6,0,55,2,63,44,83,114,12,253,40,16,56,309
10/09/2002,FWA,IN,AGL,CE,Towers with Radar,45,80,75,21,221,0,1,39,0,40,45,81,114,21,261,26,24,50,311
10/10/2002,FWA,IN,AGL,CE,Towers with Radar,44,83,70,8,205,5,0,68,0,73,49,83,138,8,278,50,26,76,354
10/11/2002,FWA,IN,AGL,CE,Towers with Radar,50,102,80,9,241,0,0,42,0,42,50,102,122,9,283,37,9,46,329
10/12/2002,FWA,IN,AGL,CE,Towers with Radar,38,76,43,0,157,0,7,24,0,31,38,83,67,0,188,32,0,32,220
10/13/2002,FWA,IN,AGL,CE,Towers with Radar,4,61,26,0,91,0,2,28,0,30,4,63,54,0,121,6,0,6,127
10/14/2002,FWA,IN,AGL,CE,Towers with Radar,9,74,37,0,120,0,1,61,2,64,9,75,98,2,184,74,0,74,258
10/15/2002,FWA,IN,AGL,CE,Towers with Radar,48,80,57,7,192,0,4,34,1,39,48,84,91,8,231,56,0,56,287
10/16/2002,FWA,IN,AGL,CE,Towers with Radar,50,89,75,33,247,0,5,59,1,65,50,94,134,34,312,76,10,86,398
10/17/2002,FWA,IN,AGL,CE,Towers with Radar,48,86,72,10,216,0,0,17,1,18,48,86,89,11,234,14,4,18,252
10/18/2002,FWA,IN,AGL,CE,Towers with Radar,50,90,81,13,234,0,0,30,3,33,50,90,111,16,267,4,2,6,273
10/19/2002,FWA,IN,AGL,CE,Towers with Radar,27,61,42,7,137,3,22,15,3,43,30,83,57,10,180,49,0,49,229
10/20/2002,FWA,IN,AGL,CE,Towers with Radar,5,70,43,9,127,0,0,32,0,32,5,70,75,9,159,3,4,7,166
10/21/2002,FWA,IN,AGL,CE,Towers with Radar,7,74,51,8,140,0,20,53,1,74,7,94,104,9,214,12,0,12,226
10/22/2002,FWA,IN,AGL,CE,Towers with Radar,45,86,63,12,206,0,0,38,2,40,45,86,101,14,246,72,4,76,322
10/23/2002,FWA,IN,AGL,CE,Towers with Radar,45,99,72,12,228,0,0,40,4,44,45,99,112,16,272,27,0,27,299
10/24/2002,FWA,IN,AGL,CE,Towers with Radar,51,79,81,9,220,0,1,17,1,19,51,80,98,10,239,100,0,100,339
10/25/2002,FWA,IN,AGL,CE,Towers with Radar,47,104,84,0,235,0,0,3,0,3,47,104,87,0,238,0,0,0,238
10/26/2002,FWA,IN,AGL,CE,Towers with Radar,37,87,33,0,157,0,1,2,0,3,37,88,35,0,160,29,0,29,189
10/27/2002,FWA,IN,AGL,CE,Towers with Radar,6,59,42,0,107,0,2,48,0,50,6,61,90,0,157,76,0,76,233
10/28/2002,FWA,IN,AGL,CE,Towers with Radar,7,72,54,0,133,0,1,23,2,26,7,73,77,2,159,40,0,40,199
10/29/2002,FWA,IN,AGL,CE,Towers with Radar,43,82,65,13,203,0,4,3,0,7,43,86,68,13,210,6,4,10,220
10/30/2002,FWA,IN,AGL,CE,Towers with Radar,48,114,53,11,226,0,0,17,0,17,48,114,70,11,243,52,18,70,313
10/31/2002,FWA,IN,AGL,CE,Towers with Radar,22,50,36,6,114,18,4,6,2,30,40,54,42,8,144,2,12,14,158
11/01/2002,FWA,IN,AGL,CE,Towers with Radar,46,89,67,9,211,0,0,29,0,29,46,89,96,9,240,20,2,22,262
11/02/2002,FWA,IN,AGL,CE,Towers with Radar,39,64,45,11,159,0,0,42,0,42,39,64,87,11,201,56,26,82,283
11/03/2002,FWA,IN,AGL,CE,Towers with Radar,2,56,32,7,97,0,0,44,1,45,2,56,76,8,142,58,26,84,226
11/04/2002,FWA,IN,AGL,CE,Towers with Radar,6,66,45,0,117,1,3,9,1,14,7,69,54,1,131,38,0,38,169
11/05/2002,FWA,IN,AGL,CE,Towers with Radar,41,80,46,2,169,0,2,5,0,7,41,82,51,2,176,14,0,14,190
11/06/2002,FWA,IN,AGL,CE,Towers with Radar,42,82,51,8,183,0,0,3,0,3,42,82,54,8,186,16,0,16,202
11/07/2002,FWA,IN,AGL,CE,Towers with Radar,51,88,78,11,228,0,2,19,0,21,51,90,97,11,249,42,13,55,304
11/08/2002,FWA,IN,AGL,CE,Towers with Radar,36,87,48,13,184,0,2,19,0,21,36,89,67,13,205,39,6,45,250
11/09/2002,FWA,IN,AGL,CE,Towers with Radar,27,69,24,0,120,0,0,22,0,22,27,69,46,0,142,73,0,73,215
11/10/2002,FWA,IN,AGL,CE,Towers with Radar,7,73,28,0,108,0,1,2,0,3,7,74,30,0,111,2,0,2,113
11/11/2002,FWA,IN,AGL,CE,Towers with Radar,21,58,47,0,126,0,0,27,1,28,21,58,74,1,154,13,4,17,171
11/12/2002,FWA,IN,AGL,CE,Towers with Radar,45,79,58,9,191,0,1,17,1,19,45,80,75,10,210,76,8,84,294
11/13/2002,FWA,IN,AGL,CE,Towers with Radar,46,88,86,15,235,0,1,43,0,44,46,89,129,15,279,56,36,92,371
11/14/2002,FWA,IN,AGL,CE,Towers with Radar,44,88,59,12,203,0,1,27,0,28,44,89,86,12,231,28,10,38,269
11/15/2002,FWA,IN,AGL,CE,Towers with Radar,50,96,51,7,204,0,0,3,0,3,50,96,54,7,207,0,0,0,207
11/16/2002,FWA,IN,AGL,CE,Towers with Radar,35,87,21,0,143,0,2,16,0,18,35,89,37,0,161,156,0,156,317
11/17/2002,FWA,IN,AGL,CE,Towers with Radar,3,91,28,3,125,0,2,21,0,23,3,93,49,3,148,10,0,10,158
11/18/2002,FWA,IN,AGL,CE,Towers with Radar,5,78,59,6,148,0,0,44,0,44,5,78,103,6,192,26,0,26,218
11/19/2002,FWA,IN,AGL,CE,Towers with Radar,41,85,69,16,211,0,0,27,0,27,41,85,96,16,238,26,18,44,282
11/20/2002,FWA,IN,AGL,CE,Towers with Radar,43,80,110,7,240,0,0,54,1,55,43,80,164,8,295,40,0,40,335
11/21/2002,FWA,IN,AGL,CE,Towers with Radar,53,82,84,9,228,0,0,4,0,4,53,82,88,9,232,0,0,0,232
11/22/2002,FWA,IN,AGL,CE,Towers with Radar,51,93,39,9,192,0,4,5,2,11,51,97,44,11,203,28,0,28,231
11/23/2002,FWA,IN,AGL,CE,Towers with Radar,29,80,36,0,145,0,3,43,0,46,29,83,79,0,191,75,0,75,266
11/24/2002,FWA,IN,AGL,CE,Towers with Radar,6,60,29,0,95,0,1,42,0,43,6,61,71,0,138,40,0,40,178
11/25/2002,FWA,IN,AGL,CE,Towers with Radar,10,91,67,12,180,0,5,7,0,12,10,96,74,12,192,18,6,24,216
11/26/2002,FWA,IN,AGL,CE,Towers with Radar,49,73,68,21,211,0,0,10,0,10,49,73,78,21,221,6,0,6,227
11/27/2002,FWA,IN,AGL,CE,Towers with Radar,38,84,55,14,191,0,0,17,0,17,38,84,72,14,208,36,18,54,262
11/28/2002,FWA,IN,AGL,CE,Towers with Radar,10,56,12,0,78,0,2,10,0,12,10,58,22,0,90,0,0,0,90
11/29/2002,FWA,IN,AGL,CE,Towers with Radar,9,45,19,0,73,0,2,16,0,18,9,47,35,0,91,7,0,7,98
11/30/2002,FWA,IN,AGL,CE,Towers with Radar,8,62,13,0,83,0,2,1,0,3,8,64,14,0,86,4,0,4,90
12/01/2002,FWA,IN,AGL,CE,Towers with Radar,4,69,43,0,116,0,1,18,0,19,4,70,61,0,135,30,0,30,165
12/02/2002,FWA,IN,AGL,CE,Towers with Radar,2,75,52,22,151,0,4,9,0,13,2,79,61,22,164,12,12,24,188
12/03/2002,FWA,IN,AGL,CE,Towers with Radar,39,77,71,15,202,0,2,29,0,31,39,79,100,15,233,10,32,42,275
12/04/2002,FWA,IN,AGL,CE,Towers with Radar,40,77,68,19,204,0,2,32,1,35,40,79,100,20,239,2,16,18,257
12/05/2002,FWA,IN,AGL,CE,Towers with Radar,47,87,70,9,213,0,0,21,1,22,47,87,91,10,235,18,22,40,275
12/06/2002,FWA,IN,AGL,CE,Towers with Radar,47,83,44,7,181,0,3,42,2,47,47,86,86,9,228,60,21,81,309
12/07/2002,FWA,IN,AGL,CE,Towers with Radar,33,71,34,11,149,0,2,28,0,30,33,73,62,11,179,94,2,96,275
12/08/2002,FWA,IN,AGL,CE,Towers with Radar,5,60,27,9,101,0,1,35,0,36,5,61,62,9,137,38,16,54,191
12/09/2002,FWA,IN,AGL,CE,Towers with Radar,4,63,44,0,111,0,1,34,0,35,4,64,78,0,146,24,0,24,170
12/10/2002,FWA,IN,AGL,CE,Towers with Radar,45,95,87,15,242,0,3,48,0,51,45,98,135,15,293,36,14,50,343
12/11/2002,FWA,IN,AGL,CE,Towers with Radar,49,90,81,22,242,0,0,18,0,18,49,90,99,22,260,12,0,12,272
12/12/2002,FWA,IN,AGL,CE,Towers with Radar,51,78,43,24,196,0,0,5,0,5,51,78,48,24,201,4,8,12,213
12/13/2002,FWA,IN,AGL,CE,Towers with Radar,43,90,41,0,174,0,1,2,0,3,43,91,43,0,177,1,1,2,179
12/14/2002,FWA,IN,AGL,CE,Towers with Radar,40,76,33,0,149,0,2,12,0,14,40,78,45,0,163,68,0,68,231
12/15/2002,FWA,IN,AGL,CE,Towers with Radar,8,58,28,0,94,0,1,48,0,49,8,59,76,0,143,121,0,121,264
12/16/2002,FWA,IN,AGL,CE,Towers with Radar,8,66,61,12,147,0,1,28,0,29,8,67,89,12,176,27,16,43,219
12/17/2002,FWA,IN,AGL,CE,Towers with Radar,50,92,92,9,243,0,4,21,0,25,50,96,113,9,268,8,8,16,284
12/18/2002,FWA,IN,AGL,CE,Towers with Radar,57,111,67,8,243,0,3,7,0,10,57,114,74,8,253,14,4,18,271
12/19/2002,FWA,IN,AGL,CE,Towers with Radar,44,96,63,17,220,0,1,3,0,4,44,97,66,17,224,12,0,12,236
12/20/2002,FWA,IN,AGL,CE,Towers with Radar,45,85,41,11,182,0,2,5,1,8,45,87,46,12,190,0,4,4,194
12/21/2002,FWA,IN,AGL,CE,Towers with Radar,38,70,36,0,144,0,4,21,0,25,38,74,57,0,169,20,0,20,189
12/22/2002,FWA,IN,AGL,CE,Towers with Radar,6,57,16,0,79,0,0,14,0,14,6,57,30,0,93,28,0,28,121
12/23/2002,FWA,IN,AGL,CE,Towers with Radar,3,68,30,2,103,0,0,14,2,16,3,68,44,4,119,0,0,0,119
12/24/2002,FWA,IN,AGL,CE,Towers with Radar,34,66,17,9,126,0,3,17,0,20,34,69,34,9,146,49,0,49,195
12/25/2002,FWA,IN,AGL,CE,Towers with Radar,10,52,4,0,66,0,2,1,0,3,10,54,5,0,69,0,0,0,69
12/26/2002,FWA,IN,AGL,CE,Towers with Radar,9,79,48,0,136,0,0,0,0,0,9,79,48,0,136,0,0,0,136
12/27/2002,FWA,IN,AGL,CE,Towers with Radar,31,74,47,0,152,0,2,10,0,12,31,76,57,0,164,28,0,28,192
12/28/2002,FWA,IN,AGL,CE,Towers with Radar,13,80,17,0,110,0,1,6,0,7,13,81,23,0,117,0,0,0,117
12/29/2002,FWA,IN,AGL,CE,Towers with Radar,2,92,52,0,146,0,0,5,0,5,2,92,57,0,151,0,0,0,151
12/30/2002,FWA,IN,AGL,CE,Towers with Radar,3,72,44,0,119,0,0,1,0,1,3,72,45,0,120,0,0,0,120
12/31/2002,FWA,IN,AGL,CE,Towers with Radar,34,80,32,0,146,0,3,11,0,14,34,83,43,0,160,6,0,6,166
01/01/2003,FWA,IN,AGL,CE,Towers with Radar,6,70,7,0,83,0,0,5,0,5,6,70,12,0,88,34,0,34,122
01/02/2003,FWA,IN,AGL,CE,Towers with Radar,5,65,21,3,94,0,1,0,0,1,5,66,21,3,95,0,0,0,95
01/03/2003,FWA,IN,AGL,CE,Towers with Radar,31,86,40,2,159,0,8,15,1,24,31,94,55,3,183,28,0,28,211
01/04/2003,FWA,IN,AGL,CE,Towers with Radar,29,74,35,0,138,0,1,45,1,47,29,75,80,1,185,56,0,56,241
01/05/2003,FWA,IN,AGL,CE,Towers with Radar,8,67,16,0,91,0,0,0,0,0,8,67,16,0,91,0,0,0,91
01/06/2003,FWA,IN,AGL,CE,Towers with Radar,6,76,32,2,116,0,0,9,1,10,6,76,41,3,126,0,0,0,126
01/07/2003,FWA,IN,AGL,CE,Towers with Radar,44,95,55,0,194,0,0,11,0,11,44,95,66,0,205,40,0,40,245
01/08/2003,FWA,IN,AGL,CE,Towers with Radar,40,83,48,7,178,0,2,38,1,41,40,85,86,8,219,14,0,14,233
01/09/2003,FWA,IN,AGL,CE,Towers with Radar,42,101,79,8,230,1,3,24,0,28,43,104,103,8,258,9,8,17,275
01/10/2003,FWA,IN,AGL,CE,Towers with Radar,39,82,40,14,175,0,0,6,0,6,39,82,46,14,181,2,0,2,183
01/11/2003,FWA,IN,AGL,CE,Towers with Radar,23,73,43,0,139,0,0,38,0,38,23,73,81,0,177,26,0,26,203
01/12/2003,FWA,IN,AGL,CE,Towers with Radar,2,50,34,11,97,0,5,64,0,69,2,55,98,11,166,64,18,82,248
01/13/2003,FWA,IN,AGL,CE,Towers with Radar,3,72,27,23,125,0,1,22,3,26,3,73,49,26,151,20,6,26,177
01/14/2003,FWA,IN,AGL,CE,Towers with Radar,42,100,97,5,244,0,2,7,0,9,42,102,104,5,253,2,0,2,255
01/15/2003,FWA,IN,AGL,CE,Towers with Radar,43,89,69,11,212,0,3,23,0,26,43,92,92,11,238,0,6,6,244
01/16/2003,FWA,IN,AGL,CE,Towers with Radar,43,79,41,7,170,0,6,26,0,32,43,85,67,7,202,12,22,34,236
01/17/2003,FWA,IN,AGL,CE,Towers with Radar,44,85,61,4,194,0,1,48,0,49,44,86,109,4,243,10,8,18,261
01/18/2003,FWA,IN,AGL,CE,Towers with Radar,24,63,25,4,116,0,2,17,2,21,24,65,42,6,137,20,10,30,167
01/19/2003,FWA,IN,AGL,CE,Towers with Radar,2,68,30,0,100,0,2,12,0,14,2,70,42,0,114,6,0,6,120
01/20/2003,FWA,IN,AGL,CE,Towers with Radar,2,77,44,0,123,0,1,23,0,24,2,78,67,0,147,42,0,42,189
01/21/2003,FWA,IN,AGL,CE,Towers with Radar,31,76,66,1,174,0,4,26,1,31,31,80,92,2,205,60,0,60,265
01/22/2003,FWA,IN,AGL,CE,Towers with Radar,39,102,72,11,224,0,2,15,0,17,39,104,87,11,241,2,4,6,247
01/23/2003,FWA,IN,AGL,CE,Towers with Radar,37,85,45,0,167,0,1,1,0,2,37,86,46,0,169,0,0,0,169
01/24/2003,FWA,IN,AGL,CE,Towers with Radar,41,82,52,17,192,0,0,22,0,22,41,82,74,17,214,10,12,22,236
01/25/2003,FWA,IN,AGL,CE,Towers with Radar,27,67,34,1,129,0,1,17,0,18,27,68,51,1,147,0,0,0,147
01/26/2003,FWA,IN,AGL,CE,Towers with Radar,3,58,8,0,69,0,0,8,0,8,3,58,16,0,77,18,0,18,95
01/27/2003,FWA,IN,AGL,CE,Towers with Radar,3,74,37,11,125,0,2,29,0,31,3,76,66,11,156,4,0,4,160
01/28/2003,FWA,IN,AGL,CE,Towers with Radar,38,87,45,5,175,0,0,13,0,13,38,87,58,5,188,38,0,38,226
01/29/2003,FWA,IN,AGL,CE,Towers with Radar,40,86,44,4,174,0,7,16,0,23,40,93,60,4,197,6,0,6,203
01/30/2003,FWA,IN,AGL,CE,Towers with Radar,48,100,63,12,223,0,1,13,2,16,48,101,76,14,239,66,6,72,311
01/31/2003,FWA,IN,AGL,CE,Towers with Radar,39,82,70,18,209,0,1,11,0,12,39,83,81,18,221,41,24,65,286
02/01/2003,FWA,IN,AGL,CE,Towers with Radar,21,77,8,5,111,0,1,0,0,1,21,78,8,5,112,20,0,20,132
02/02/2003,FWA,IN,AGL,CE,Towers with Radar,5,66,45,7,123,0,3,4,0,7,5,69,49,7,130,0,0,0,130
02/03/2003,FWA,IN,AGL,CE,Towers with Radar,3,69,52,0,124,0,0,2,0,2,3,69,54,0,126,0,0,0,126
02/04/2003,FWA,IN,AGL,CE,Towers with Radar,34,99,56,4,193,0,0,6,0,6,34,99,62,4,199,0,0,0,199
02/05/2003,FWA,IN,AGL,CE,Towers with Radar,39,90,76,12,217,0,6,51,0,57,39,96,127,12,274,84,1,85,359
02/06/2003,FWA,IN,AGL,CE,Towers with Radar,40,86,56,0,182,0,1,3,0,4,40,87,59,0,186,0,0,0,186
02/07/2003,FWA,IN,AGL,CE,Towers with Radar,30,101,55,3,189,0,1,26,0,27,30,102,81,3,216,80,0,80,296
02/08/2003,FWA,IN,AGL,CE,Towers with Radar,22,67,39,0,128,8,3,8,0,19,30,70,47,0,147,2,0,2,149
02/09/2003,FWA,IN,AGL,CE,Towers with Radar,5,68,27,0,100,0,2,31,2,35,5,70,58,2,135,16,0,16,151
02/10/2003,FWA,IN,AGL,CE,Towers with Radar,2,84,31,10,127,0,3,1,0,4,2,87,32,10,131,0,0,0,131
02/11/2003,FWA,IN,AGL,CE,Towers with Radar,34,93,58,4,189,0,5,11,1,17,34,98,69,5,206,24,16,40,246
02/12/2003,FWA,IN,AGL,CE,Towers with Radar,32,73,42,3,150,0,3,21,1,25,32,76,63,4,175,8,0,8,183
02/13/2003,FWA,IN,AGL,CE,Towers with Radar,37,74,77,2,190,0,4,39,1,44,37,78,116,3,234,6,6,12,246
02/14/2003,FWA,IN,AGL,CE,Towers with Radar,40,81,60,3,184,0,0,12,1,13,40,81,72,4,197,44,0,44,241
02/15/2003,FWA,IN,AGL,CE,Towers with Radar,22,56,13,10,101,0,6,2,0,8,22,62,15,10,109,0,0,0,109
02/16/2003,FWA,IN,AGL,CE,Towers with Radar,4,48,14,1,67,0,1,7,0,8,4,49,21,1,75,0,0,0,75
02/17/2003,FWA,IN,AGL,CE,Towers with Radar,1,61,32,0,94,0,4,1,0,5,1,65,33,0,99,0,0,0,99
02/18/2003,FWA,IN,AGL,CE,Towers with Radar,29,88,61,0,178,0,0,0,0,0,29,88,61,0,178,0,0,0,178
02/19/2003,FWA,IN,AGL,CE,Towers with Radar,34,100,80,5,219,0,3,18,0,21,34,103,98,5,240,34,2,36,276
02/20/2003,FWA,IN,AGL,CE,Towers with Radar,37,88,52,13,190,0,2,58,0,60,37,90,110,13,250,58,14,72,322
02/21/2003,FWA,IN,AGL,CE,Towers with Radar,34,74,66,10,184,0,1,6,1,8,34,75,72,11,192,46,0,46,238
02/22/2003,FWA,IN,AGL,CE,Towers with Radar,46,63,13,2,124,0,1,0,0,1,46,64,13,2,125,0,0,0,125
02/23/2003,FWA,IN,AGL,CE,Towers with Radar,7,53,17,1,78,0,6,9,1,16,7,59,26,2,94,0,0,0,94
02/24/2003,FWA,IN,AGL,CE,Towers with Radar,3,71,35,1,110,0,4,2,0,6,3,75,37,1,116,0,0,0,116
02/25/2003,FWA,IN,AGL,CE,Towers with Radar,37,88,59,6,190,0,3,20,0,23,37,91,79,6,213,36,12,48,261
02/26/2003,FWA,IN,AGL,CE,Towers with Radar,38,87,59,16,200,0,6,31,2,39,38,93,90,18,239,36,16,52,291
02/27/2003,FWA,IN,AGL,CE,Towers with Radar,40,84,57,20,201,0,2,23,0,25,40,86,80,20,226,12,16,28,254
02/28/2003,FWA,IN,AGL,CE,Towers with Radar,40,89,58,11,198,0,3,36,0,39,40,92,94,11,237,21,0,21,258
03/01/2003,FWA,IN,AGL,CE,Towers with Radar,19,56,22,0,97,10,13,0,0,23,29,69,22,0,120,0,0,0,120
03/02/2003,FWA,IN,AGL,CE,Towers with Radar,1,73,22,0,96,0,0,4,0,4,1,73,26,0,100,12,0,12,112
03/03/2003,FWA,IN,AGL,CE,Towers with Radar,1,73,44,0,118,0,3,14,0,17,1,76,58,0,135,8,0,8,143
03/04/2003,FWA,IN,AGL,CE,Towers with Radar,37,87,52,11,187,0,6,32,0,38,37,93,84,11,225,9,16,25,250
03/05/2003,FWA,IN,AGL,CE,Towers with Radar,36,81,46,0,163,0,0,10,0,10,36,81,56,0,173,6,0,6,179
03/06/2003,FWA,IN,AGL,CE,Towers with Radar,39,103,60,7,209,0,2,41,0,43,39,105,101,7,252,36,2,38,290
03/07/2003,FWA,IN,AGL,CE,Towers with Radar,43,89,48,14,194,0,5,12,0,17,43,94,60,14,211,18,4,22,233
03/08/2003,FWA,IN,AGL,CE,Towers with Radar,20,60,36,5,121,4,9,14,6,33,24,69,50,11,154,7,8,15,169
03/09/2003,FWA,IN,AGL,CE,Towers with Radar,2,78,34,10,124,0,4,10,0,14,2,82,44,10,138,8,10,18,156
03/10/2003,FWA,IN,AGL,CE,Towers with Radar,1,78,40,9,128,0,3,28,0,31,1,81,68,9,159,36,10,46,205
03/11/2003,FWA,IN,AGL,CE,Towers with Radar,39,75,64,18,196,0,5,47,0,52,39,80,111,18,248,38,0,38,286
03/12/2003,FWA,IN,AGL,CE,Towers with Radar,31,86,45,24,186,0,2,15,0,17,31,88,60,24,203,16,0,16,219
03/13/2003,FWA,IN,AGL,CE,Towers with Radar,38,81,61,11,191,0,2,3,0,5,38,83,64,11,196,2,0,2,198
03/14/2003,FWA,IN,AGL,CE,Towers with Radar,38,81,62,11,192,0,1,65,1,67,38,82,127,12,259,36,24,60,319
03/15/2003,FWA,IN,AGL,CE,Towers with Radar,28,63,84,1,176,0,1,58,1,60,28,64,142,2,236,63,0,63,299
03/16/2003,FWA,IN,AGL,CE,Towers with Radar,0,68,47,0,115,0,1,24,0,25,0,69,71,0,140,9,0,9,149
03/17/2003,FWA,IN,AGL,CE,Towers with Radar,6,70,39,12,127,0,1,19,0,20,6,71,58,12,147,58,10,68,215
03/18/2003,FWA,IN,AGL,CE,Towers with Radar,28,84,63,0,175,0,0,3,0,3,28,84,66,0,178,0,0,0,178
03/19/2003,FWA,IN,AGL,CE,Towers with Radar,34,80,59,8,181,0,0,3,0,3,34,80,62,8,184,8,6,14,198
03/20/2003,FWA,IN,AGL,CE,Towers with Radar,52,86,45,31,214,0,2,4,0,6,52,88,49,31,220,18,15,33,253
03/21/2003,FWA,IN,AGL,CE,Towers with Radar,41,90,74,7,212,0,0,6,0,6,41,90,80,7,218,0,0,0,218
03/22/2003,FWA,IN,AGL,CE,Towers with Radar,27,60,39,0,126,0,0,20,0,20,27,60,59,0,146,4,0,4,150
03/23/2003,FWA,IN,AGL,CE,Towers with Radar,1,64,29,0,94,0,0,27,0,27,1,64,56,0,121,44,0,44,165
03/24/2003,FWA,IN,AGL,CE,Towers with Radar,12,68,52,7,139,0,0,47,0,47,12,68,99,7,186,65,18,83,269
03/25/2003,FWA,IN,AGL,CE,Towers with Radar,39,92,57,8,196,0,3,19,0,22,39,95,76,8,218,22,36,58,276
03/26/2003,FWA,IN,AGL,CE,Towers with Radar,44,81,37,13,175,0,0,40,0,40,44,81,77,13,215,18,24,42,257
03/27/2003,FWA,IN,AGL,CE,Towers with Radar,41,86,57,10,194,0,0,38,2,40,41,86,95,12,234,40,8,48,282
03/28/2003,FWA,IN,AGL,CE,Towers with Radar,42,86,41,6,175,0,0,2,0,2,42,86,43,6,177,0,0,0,177
03/29/2003,FWA,IN,AGL,CE,Towers with Radar,28,73,39,1,141,0,2,13,0,15,28,75,52,1,156,0,0,0,156
03/30/2003,FWA,IN,AGL,CE,Towers with Radar,2,65,30,0,97,0,0,58,0,58,2,65,88,0,155,30,0,30,185
03/31/2003,FWA,IN,AGL,CE,Towers with Radar,4,80,48,0,132,0,0,39,0,39,4,80,87,0,171,10,0,10,181
04/01/2003,FWA,IN,AGL,CE,Towers with Radar,25,73,42,8,148,13,11,7,1,32,38,84,49,9,180,22,8,30,210
04/02/2003,FWA,IN,AGL,CE,Towers with Radar,32,83,36,12,163,0,0,35,0,35,32,83,71,12,198,26,8,34,232
04/03/2003,FWA,IN,AGL,CE,Towers with Radar,41,94,66,10,211,0,0,34,0,34,41,94,100,10,245,32,2,34,279
04/04/2003,FWA,IN,AGL,CE,Towers with Radar,44,79,43,5,171,0,0,4,0,4,44,79,47,5,175,0,0,0,175
04/05/2003,FWA,IN,AGL,CE,Towers with Radar,24,71,29,0,124,0,0,6,0,6,24,71,35,0,130,24,0,24,154
04/06/2003,FWA,IN,AGL,CE,Towers with Radar,0,72,18,0,90,0,1,10,1,12,0,73,28,1,102,26,0,26,128
04/07/2003,FWA,IN,AGL,CE,Towers with Radar,0,65,29,1,95,0,1,2,0,3,0,66,31,1,98,0,0,0,98
04/08/2003,FWA,IN,AGL,CE,Towers with Radar,40,80,36,5,161,0,0,1,0,1,40,80,37,5,162,0,0,0,162
04/09/2003,FWA,IN,AGL,CE,Towers with Radar,40,89,45,18,192,0,0,8,0,8,40,89,53,18,200,8,6,14,214
04/10/2003,FWA,IN,AGL,CE,Towers with Radar,37,87,79,9,212,0,0,50,0,50,37,87,129,9,262,26,10,36,298
04/11/2003,FWA,IN,AGL,CE,Towers with Radar,42,87,60,10,199,0,0,53,0,53,42,87,113,10,252,22,0,22,274
04/12/2003,FWA,IN,AGL,CE,Towers with Radar,23,66,20,12,121,0,0,57,0,57,23,66,77,12,178,16,22,38,216
04/13/2003,FWA,IN,AGL,CE,Towers with Radar,0,62,25,13,100,0,0,49,0,49,0,62,74,13,149,34,24,58,207
04/14/2003,FWA,IN,AGL,CE,Towers with Radar,0,77,38,0,115,0,0,33,0,33,0,77,71,0,148,26,0,26,174
04/15/2003,FWA,IN,AGL,CE,Towers with Radar,38,84,44,10,176,0,0,28,0,28,38,84,72,10,204,16,4,20,224
04/16/2003,FWA,IN,AGL,CE,Towers with Radar,37,82,66,16,201,0,0,36,1,37,37,82,102,17,238,14,22,36,274
04/17/2003,FWA,IN,AGL,CE,Towers with Radar,40,78,35,12,165,0,5,9,0,14,40,83,44,12,179,12,34,46,225
04/18/2003,FWA,IN,AGL,CE,Towers with Radar,33,73,25,7,138,0,0,14,1,15,33,73,39,8,153,2,6,8,161
04/19/2003,FWA,IN,AGL,CE,Towers with Radar,4,51,31,0,86,0,11,15,0,26,4,62,46,0,112,36,0,36,148
04/20/2003,FWA,IN,AGL,CE,Towers with Radar,2,70,9,0,81,0,2,6,0,8,2,72,15,0,89,24,0,24,113
04/21/2003,FWA,IN,AGL,CE,Towers with Radar,1,70,53,11,135,0,1,3,1,5,1,71,56,12,140,36,6,42,182
04/22/2003,FWA,IN,AGL,CE,Towers with Radar,35,84,99,13,231,0,0,28,2,30,35,84,127,15,261,24,18,42,303
04/23/2003,FWA,IN,AGL,CE,Towers with Radar,37,78,88,37,240,0,5,48,1,54,37,83,136,38,294,38,36,74,368
04/24/2003,FWA,IN,AGL,CE,Towers with Radar,35,83,58,10,186,0,3,30,1,34,35,86,88,11,220,24,12,36,256
04/25/2003,FWA,IN,AGL,CE,Towers with Radar,39,80,38,7,164,0,1,12,0,13,39,81,50,7,177,8,50,58,235
04/26/2003,FWA,IN,AGL,CE,Towers with Radar,22,54,42,0,118,0,0,43,2,45,22,54,85,2,163,2,0,2,165
04/27/2003,FWA,IN,AGL,CE,Towers with Radar,0,64,41,1,106,0,1,63,2,66,0,65,104,3,172,68,0,68,240
04/28/2003,FWA,IN,AGL,CE,Towers with Radar,0,73,39,9,121,0,1,29,1,31,0,74,68,10,152,12,4,16,168
04/29/2003,FWA,IN,AGL,CE,Towers with Radar,41,72,85,10,208,0,0,31,0,31,41,72,116,10,239,34,6,40,279
04/30/2003,FWA,IN,AGL,CE,Towers with Radar,37,66,39,12,154,0,3,15,0,18,37,69,54,12,172,0,4,4,176
05/01/2003,FWA,IN,AGL,CE,Towers with Radar,38,91,50,7,186,0,4,16,0,20,38,95,66,7,206,34,4,38,244
05/02/2003,FWA,IN,AGL,CE,Towers with Radar,49,105,73,11,238,0,0,10,0,10,49,105,83,11,248,14,0,14,262
05/03/2003,FWA,IN,AGL,CE,Towers with Radar,22,63,39,13,137,0,1,57,0,58,22,64,96,13,195,2,12,14,209
05/04/2003,FWA,IN,AGL,CE,Towers with Radar,0,70,17,10,97,0,2,31,1,34,0,72,48,11,131,22,8,30,161
05/05/2003,FWA,IN,AGL,CE,Towers with Radar,3,80,46,10,139,0,3,7,1,11,3,83,53,11,150,20,0,20,170
05/06/2003,FWA,IN,AGL,CE,Towers with Radar,36,89,52,17,194,0,3,31,0,34,36,92,83,17,228,8,0,8,236
05/07/2003,FWA,IN,AGL,CE,Towers with Radar,45,90,49,9,193,0,3,16,2,21,45,93,65,11,214,28,0,28,242
05/08/2003,FWA,IN,AGL,CE,Towers with Radar,38,82,72,9,201,0,0,12,0,12,38,82,84,9,213,44,8,52,265
05/09/2003,FWA,IN,AGL,CE,Towers with Radar,62,81,39,9,191,0,1,11,0,12,62,82,50,9,203,2,4,6,209
05/10/2003,FWA,IN,AGL,CE,Towers with Radar,21,54,13,0,88,0,0,7,0,7,21,54,20,0,95,5,0,5,100
05/11/2003,FWA,IN,AGL,CE,Towers with Radar,1,57,10,2,70,0,5,4,0,9,1,62,14,2,79,0,0,0,79
05/12/2003,FWA,IN,AGL,CE,Towers with Radar,2,83,30,1,116,0,0,7,1,8,2,83,37,2,124,8,0,8,132
05/13/2003,FWA,IN,AGL,CE,Towers with Radar,37,93,56,6,192,0,1,34,0,35,37,94,90,6,227,42,0,42,269
05/14/2003,FWA,IN,AGL,CE,Towers with Radar,40,82,57,12,191,0,6,36,1,43,40,88,93,13,234,6,2,8,242
05/15/2003,FWA,IN,AGL,CE,Towers with Radar,37,96,66,6,205,0,2,8,2,12,37,98,74,8,217,0,0,0,217
05/16/2003,FWA,IN,AGL,CE,Towers with Radar,48,86,62,11,207,0,2,28,0,30,48,88,90,11,237,52,0,52,289
05/17/2003,FWA,IN,AGL,CE,Towers with Radar,25,56,56,6,143,0,5,26,0,31,25,61,82,6,174,20,0,20,194
05/18/2003,FWA,IN,AGL,CE,Towers with Radar,1,59,33,2,95,0,1,4,2,7,1,60,37,4,102,44,0,44,146
05/19/2003,FWA,IN,AGL,CE,Towers with Radar,11,85,53,10,159,0,4,22,0,26,11,89,75,10,185,47,0,47,232
05/20/2003,FWA,IN,AGL,CE,Towers with Radar,34,81,85,9,209,0,3,8,0,11,34,84,93,9,220,32,0,32,252
05/21/2003,FWA,IN,AGL,CE,Towers with Radar,29,82,50,8,169,11,3,49,3,66,40,85,99,11,235,16,8,24,259
05/22/2003,FWA,IN,AGL,CE,Towers with Radar,38,85,62,13,198,0,1,62,0,63,38,86,124,13,261,68,14,82,343
05/23/2003,FWA,IN,AGL,CE,Towers with Radar,42,74,56,8,180,0,3,49,0,52,42,77,105,8,232,24,8,32,264
05/24/2003,FWA,IN,AGL,CE,Towers with Radar,34,40,28,0,102,0,0,41,0,41,34,40,69,0,143,44,0,44,187
05/25/2003,FWA,IN,AGL,CE,Towers with Radar,0,53,38,0,91,0,6,24,0,30,0,59,62,0,121,23,0,23,144
05/26/2003,FWA,IN,AGL,CE,Towers with Radar,2,64,18,0,84,0,0,24,0,24,2,64,42,0,108,79,0,79,187
05/27/2003,FWA,IN,AGL,CE,Towers with Radar,4,80,49,3,136,0,2,33,0,35,4,82,82,3,171,45,0,45,216
05/28/2003,FWA,IN,AGL,CE,Towers with Radar,35,79,49,18,181,0,0,28,0,28,35,79,77,18,209,16,10,26,235
05/29/2003,FWA,IN,AGL,CE,Towers with Radar,39,84,45,12,180,0,2,25,0,27,39,86,70,12,207,26,0,26,233
05/30/2003,FWA,IN,AGL,CE,Towers with Radar,43,84,58,13,198,0,1,42,0,43,43,85,100,13,241,30,12,42,283
05/31/2003,FWA,IN,AGL,CE,Towers with Radar,25,62,21,0,108,0,2,7,0,9,25,64,28,0,117,24,0,24,141
06/01/2003,FWA,IN,AGL,CE,Towers with Radar,1,72,25,0,98,0,0,56,1,57,1,72,81,1,155,18,7,25,180
06/02/2003,FWA,IN,AGL,CE,Towers with Radar,0,75,44,15,134,0,0,52,0,52,0,75,96,15,186,8,12,20,206
06/03/2003,FWA,IN,AGL,CE,Towers with Radar,41,90,69,9,209,0,1,10,0,11,41,91,79,9,220,36,0,36,256
06/04/2003,FWA,IN,AGL,CE,Towers with Radar,38,93,97,23,251,0,3,4,0,7,38,96,101,23,258,68,4,72,330
06/05/2003,FWA,IN,AGL,CE,Towers with Radar,37,88,55,13,193,0,2,52,1,55,37,90,107,14,248,121,18,139,387
06/06/2003,FWA,IN,AGL,CE,Towers with Radar,38,73,32,10,153,0,3,34,0,37,38,76,66,10,190,44,0,44,234
06/07/2003,FWA,IN,AGL,CE,Towers with Radar,24,64,21,1,110,0,1,30,0,31,24,65,51,1,141,0,0,0,141
06/08/2003,FWA,IN,AGL,CE,Towers with Radar,1,60,40,0,101,0,2,9,0,11,1,62,49,0,112,39,0,39,151
06/09/2003,FWA,IN,AGL,CE,Towers with Radar,3,72,56,0,131,0,0,46,0,46,3,72,102,0,177,88,0,88,265
06/10/2003,FWA,IN,AGL,CE,Towers with Radar,42,75,57,10,184,0,2,20,2,24,42,77,77,12,208,2,2,4,212
06/11/2003,FWA,IN,AGL,CE,Towers with Radar,49,84,50,8,191,0,3,15,0,18,49,87,65,8,209,21,0,21,230
06/12/2003,FWA,IN,AGL,CE,Towers with Radar,53,89,55,1,198,0,2,1,0,3,53,91,56,1,201,4,0,4,205
06/13/2003,FWA,IN,AGL,CE,Towers with Radar,48,77,63,0,188,0,1,4,0,5,48,78,67,0,193,4,0,4,197
06/14/2003,FWA,IN,AGL,CE,Towers with Radar,36,55,25,0,116,0,0,10,0,10,36,55,35,0,126,10,0,10,136
06/15/2003,FWA,IN,AGL,CE,Towers with Radar,0,64,21,4,89,0,0,62,0,62,0,64,83,4,151,18,0,18,169
06/16/2003,FWA,IN,AGL,CE,Towers with Radar,1,75,71,0,147,0,0,65,0,65,1,75,136,0,212,20,1,21,233
06/17/2003,FWA,IN,AGL,CE,Towers with Radar,38,90,66,6,200,0,1,22,0,23,38,91,88,6,223,74,3,77,300
06/18/2003,FWA,IN,AGL,CE,Towers with Radar,39,81,73,0,193,0,2,46,0,48,39,83,119,0,241,0,0,0,241
06/19/2003,FWA,IN,AGL,CE,Towers with Radar,40,101,48,7,196,0,8,75,0,83,40,109,123,7,279,44,10,54,333
06/20/2003,FWA,IN,AGL,CE,Towers with Radar,41,78,77,5,201,0,1,52,0,53,41,79,129,5,254,44,0,44,298
06/21/2003,FWA,IN,AGL,CE,Towers with Radar,29,59,36,0,124,0,3,50,0,53,29,62,86,0,177,42,0,42,219
06/22/2003,FWA,IN,AGL,CE,Towers with Radar,1,65,16,0,82,0,1,40,0,41,1,66,56,0,123,19,0,19,142
06/23/2003,FWA,IN,AGL,CE,Towers with Radar,4,76,54,0,134,0,3,47,1,51,4,79,101,1,185,24,0,24,209
06/24/2003,FWA,IN,AGL,CE,Towers with Radar,38,83,54,7,182,0,0,48,0,48,38,83,102,7,230,96,12,108,338
06/25/2003,FWA,IN,AGL,CE,Towers with Radar,37,84,59,7,187,0,0,36,0,36,37,84,95,7,223,33,14,47,270
06/26/2003,FWA,IN,AGL,CE,Towers with Radar,43,87,32,9,171,0,1,14,0,15,43,88,46,9,186,46,6,52,238
06/27/2003,FWA,IN,AGL,CE,Towers with Radar,38,83,52,10,183,0,2,48,0,50,38,85,100,10,233,24,6,30,263
06/28/2003,FWA,IN,AGL,CE,Towers with Radar,28,57,28,1,114,0,1,27,0,28,28,58,55,1,142,22,0,22,164
06/29/2003,FWA,IN,AGL,CE,Towers with Radar,3,59,33,0,95,0,5,40,0,45,3,64,73,0,140,64,0,64,204
06/30/2003,FWA,IN,AGL,CE,Towers with Radar,2,79,41,8,130,0,3,37,2,42,2,82,78,10,172,73,12,85,257
07/01/2003,FWA,IN,AGL,CE,Towers with Radar,33,84,40,19,176,0,6,36,0,42,33,90,76,19,218,48,28,76,294
07/02/2003,FWA,IN,AGL,CE,Towers with Radar,36,78,59,8,181,10,1,31,1,43,46,79,90,9,224,32,14,46,270
07/03/2003,FWA,IN,AGL,CE,Towers with Radar,35,89,36,9,169,0,0,47,0,47,35,89,83,9,216,46,8,54,270
07/04/2003,FWA,IN,AGL,CE,Towers with Radar,7,55,21,4,87,0,0,24,2,26,7,55,45,6,113,8,0,8,121
07/05/2003,FWA,IN,AGL,CE,Towers with Radar,6,45,9,0,60,0,0,26,0,26,6,45,35,0,86,4,0,4,90
07/06/2003,FWA,IN,AGL,CE,Towers with Radar,2,58,36,0,96,0,5,23,1,29,2,63,59,1,125,26,0,26,151
07/07/2003,FWA,IN,AGL,CE,Towers with Radar,4,81,40,0,125,1,5,25,1,32,5,86,65,1,157,20,0,20,177
07/08/2003,FWA,IN,AGL,CE,Towers with Radar,37,78,38,8,161,0,5,18,0,23,37,83,56,8,184,20,0,20,204
07/09/2003,FWA,IN,AGL,CE,Towers with Radar,27,81,47,9,164,16,7,8,0,31,43,88,55,9,195,8,8,16,211
07/10/2003,FWA,IN,AGL,CE,Towers with Radar,38,86,52,10,186,0,4,11,2,17,38,90,63,12,203,68,8,76,279
07/11/2003,FWA,IN,AGL,CE,Towers with Radar,39,89,40,20,188,0,1,31,0,32,39,90,71,20,220,6,22,28,248
07/12/2003,FWA,IN,AGL,CE,Towers with Radar,23,64,45,31,163,0,5,52,1,58,23,69,97,32,221,68,52,120,341
07/13/2003,FWA,IN,AGL,CE,Towers with Radar,1,68,24,16,109,0,1,46,1,48,1,69,70,17,157,80,26,106,263
07/14/2003,FWA,IN,AGL,CE,Towers with Radar,1,79,62,15,157,0,1,50,0,51,1,80,112,15,208,26,14,40,248
07/15/2003,FWA,IN,AGL,CE,Towers with Radar,37,75,43,2,157,0,2,20,0,22,37,77,63,2,179,44,0,44,223
07/16/2003,FWA,IN,AGL,CE,Towers with Radar,38,83,47,9,177,0,0,48,1,49,38,83,95,10,226,16,10,26,252
07/17/2003,FWA,IN,AGL,CE,Towers with Radar,37,84,48,16,185,0,0,56,3,59,37,84,104,19,244,33,18,51,295
07/18/2003,FWA,IN,AGL,CE,Towers with Radar,39,83,54,23,199,0,0,36,0,36,39,83,90,23,235,10,12,22,257
07/19/2003,FWA,IN,AGL,CE,Towers with Radar,23,60,36,0,119,0,0,45,2,47,23,60,81,2,166,31,0,31,197
07/20/2003,FWA,IN,AGL,CE,Towers with Radar,2,63,32,0,97,0,7,23,1,31,2,70,55,1,128,63,0,63,191
07/21/2003,FWA,IN,AGL,CE,Towers with Radar,2,84,52,0,138,0,1,6,0,7,2,85,58,0,145,38,0,38,183
07/22/2003,FWA,IN,AGL,CE,Towers with Radar,37,85,74,5,201,0,0,23,0,23,37,85,97,5,224,56,0,56,280
07/23/2003,FWA,IN,AGL,CE,Towers with Radar,40,100,48,13,201,0,3,97,0,100,40,103,145,13,301,28,10,38,339
07/24/2003,FWA,IN,AGL,CE,Towers with Radar,42,84,67,13,206,0,1,57,0,58,42,85,124,13,264,44,4,48,312
07/25/2003,FWA,IN,AGL,CE,Towers with Radar,38,80,61,9,188,0,5,72,3,80,38,85,133,12,268,30,10,40,308
07/26/2003,FWA,IN,AGL,CE,Towers with Radar,27,65,45,0,137,0,0,29,0,29,27,65,74,0,166,12,0,12,178
07/27/2003,FWA,IN,AGL,CE,Towers with Radar,2,56,31,1,90,0,7,19,1,27,2,63,50,2,117,0,10,10,127
07/28/2003,FWA,IN,AGL,CE,Towers with Radar,1,87,45,11,144,0,10,18,0,28,1,97,63,11,172,35,16,51,223
07/29/2003,FWA,IN,AGL,CE,Towers with Radar,38,77,59,17,191,0,1,61,3,65,38,78,120,20,256,101,20,121,377
07/30/2003,FWA,IN,AGL,CE,Towers with Radar,37,83,60,8,188,0,2,51,0,53,37,85,111,8,241,26,10,36,277
07/31/2003,FWA,IN,AGL,CE,Towers with Radar,42,88,61,13,204,0,0,50,0,50,42,88,111,13,254,26,6,32,286
08/01/2003,FWA,IN,AGL,CE,Towers with Radar,43,90,81,1,215,0,3,27,3,33,43,93,108,4,248,18,0,18,266
08/02/2003,FWA,IN,AGL,CE,Towers with Radar,24,52,35,0,111,0,1,15,0,16,24,53,50,0,127,0,0,0,127
08/03/2003,FWA,IN,AGL,CE,Towers with Radar,3,77,31,1,112,0,5,17,0,22,3,82,48,1,134,11,0,11,145
08/04/2003,FWA,IN,AGL,CE,Towers with Radar,2,79,37,0,118,0,2,8,0,10,2,81,45,0,128,6,0,6,134
08/05/2003,FWA,IN,AGL,CE,Towers with Radar,41,95,65,5,206,0,0,30,0,30,41,95,95,5,236,75,0,75,311
08/06/2003,FWA,IN,AGL,CE,Towers with Radar,38,87,57,10,192,0,0,30,0,30,38,87,87,10,222,58,2,60,282
08/07/2003,FWA,IN,AGL,CE,Towers with Radar,41,98,73,11,223,0,0,35,0,35,41,98,108,11,258,53,26,79,337
08/08/2003,FWA,IN,AGL,CE,Towers with Radar,38,89,45,12,184,0,0,22,0,22,38,89,67,12,206,18,6,24,230
08/09/2003,FWA,IN,AGL,CE,Towers with Radar,20,75,39,1,135,0,2,30,0,32,20,77,69,1,167,36,0,36,203
08/10/2003,FWA,IN,AGL,CE,Towers with Radar,0,79,30,0,109,0,2,55,0,57,0,81,85,0,166,52,0,52,218
08/11/2003,FWA,IN,AGL,CE,Towers with Radar,0,96,66,23,185,0,0,43,0,43,0,96,109,23,228,44,22,66,294
08/12/2003,FWA,IN,AGL,CE,Towers with Radar,40,100,59,7,206,0,2,5,0,7,40,102,64,7,213,0,0,0,213
08/13/2003,FWA,IN,AGL,CE,Towers with Radar,37,112,103,10,262,0,0,17,0,17,37,112,120,10,279,39,4,43,322
08/14/2003,FWA,IN,AGL,CE,Towers with Radar,38,90,60,17,205,0,0,29,0,29,38,90,89,17,234,22,10,32,266
08/15/2003,FWA,IN,AGL,CE,Towers with Radar,62,99,77,13,251,0,0,38,0,38,62,99,115,13,289,108,12,120,409
08/16/2003,FWA,IN,AGL,CE,Towers with Radar,24,71,45,0,140,0,2,31,0,33,24,73,76,0,173,36,0,36,209
08/17/2003,FWA,IN,AGL,CE,Towers with Radar,2,78,45,0,125,0,0,49,0,49,2,78,94,0,174,8,0,8,182
08/18/2003,FWA,IN,AGL,CE,Towers with Radar,0,82,65,0,147,0,1,54,0,55,0,83,119,0,202,49,0,49,251
08/19/2003,FWA,IN,AGL,CE,Towers with Radar,39,87,75,9,210,0,2,52,2,56,39,89,127,11,266,78,7,85,351
08/20/2003,FWA,IN,AGL,CE,Towers with Radar,43,99,78,14,234,0,0,35,0,35,43,99,113,14,269,40,4,44,313
08/21/2003,FWA,IN,AGL,CE,Towers with Radar,43,111,54,16,224,0,2,40,0,42,43,113,94,16,266,68,8,76,342
08/22/2003,FWA,IN,AGL,CE,Towers with Radar,40,91,63,7,201,0,4,39,0,43,40,95,102,7,244,18,0,18,262
08/23/2003,FWA,IN,AGL,CE,Towers with Radar,28,73,39,0,140,0,0,48,0,48,28,73,87,0,188,49,0,49,237
08/24/2003,FWA,IN,AGL,CE,Towers with Radar,0,73,33,0,106,0,0,36,0,36,0,73,69,0,142,35,0,35,177
08/25/2003,FWA,IN,AGL,CE,Towers with Radar,2,83,46,9,140,0,2,15,0,17,2,85,61,9,157,40,10,50,207
08/26/2003,FWA,IN,AGL,CE,Towers with Radar,39,93,55,13,200,0,2,10,0,12,39,95,65,13,212,18,2,20,232
08/27/2003,FWA,IN,AGL,CE,Towers with Radar,40,83,73,19,215,0,0,26,0,26,40,83,99,19,241,46,16,62,303
08/28/2003,FWA,IN,AGL,CE,Towers with Radar,43,88,65,17,213,0,3,35,0,38,43,91,100,17,251,76,34,110,361
08/29/2003,FWA,IN,AGL,CE,Towers with Radar,41,88,70,13,212,0,4,7,0,11,41,92,77,13,223,4,0,4,227
08/30/2003,FWA,IN,AGL,CE,Towers with Radar,32,52,29,0,113,0,2,25,0,27,32,54,54,0,140,2,0,2,142
08/31/2003,FWA,IN,AGL,CE,Towers with Radar,2,59,14,0,75,0,0,7,0,7,2,59,21,0,82,0,0,0,82
09/01/2003,FWA,IN,AGL,CE,Towers with Radar,1,65,38,1,105,0,1,0,0,1,1,66,38,1,106,0,0,0,106
09/02/2003,FWA,IN,AGL,CE,Towers with Radar,4,88,61,3,156,0,1,3,0,4,4,89,64,3,160,4,0,4,164
09/03/2003,FWA,IN,AGL,CE,Towers with Radar,43,85,50,22,200,0,1,23,0,24,43,86,73,22,224,24,20,44,268
09/04/2003,FWA,IN,AGL,CE,Towers with Radar,42,87,41,8,178,0,1,42,0,43,42,88,83,8,221,100,11,111,332
09/05/2003,FWA,IN,AGL,CE,Towers with Radar,43,84,68,15,210,0,1,61,2,64,43,85,129,17,274,28,36,64,338
09/06/2003,FWA,IN,AGL,CE,Towers with Radar,24,60,40,18,142,0,1,57,1,59,24,61,97,19,201,38,4,42,243
09/07/2003,FWA,IN,AGL,CE,Towers with Radar,2,70,27,13,112,0,4,105,1,110,2,74,132,14,222,23,11,34,256
09/08/2003,FWA,IN,AGL,CE,Towers with Radar,5,80,54,8,147,0,4,24,0,28,5,84,78,8,175,15,0,15,190
09/09/2003,FWA,IN,AGL,CE,Towers with Radar,50,91,70,17,228,0,1,13,0,14,50,92,83,17,242,70,12,82,324
09/10/2003,FWA,IN,AGL,CE,Towers with Radar,42,84,41,12,179,0,0,26,0,26,42,84,67,12,205,33,12,45,250
09/11/2003,FWA,IN,AGL,CE,Towers with Radar,44,77,72,9,202,0,3,49,1,53,44,80,121,10,255,66,6,72,327
09/12/2003,FWA,IN,AGL,CE,Towers with Radar,37,92,41,19,189,0,0,35,0,35,37,92,76,19,224,31,4,35,259
09/13/2003,FWA,IN,AGL,CE,Towers with Radar,30,76,20,0,126,0,9,17,0,26,30,85,37,0,152,8,0,8,160
09/14/2003,FWA,IN,AGL,CE,Towers with Radar,1,76,22,2,101,0,0,5,0,5,1,76,27,2,106,4,0,4,110
09/15/2003,FWA,IN,AGL,CE,Towers with Radar,5,87,50,0,142,0,0,18,0,18,5,87,68,0,160,49,0,49,209
09/16/2003,FWA,IN,AGL,CE,Towers with Radar,38,87,47,9,181,0,1,33,0,34,38,88,80,9,215,118,0,118,333
09/17/2003,FWA,IN,AGL,CE,Towers with Radar,45,67,42,10,164,0,1,50,0,51,45,68,92,10,215,60,2,62,277
09/18/2003,FWA,IN,AGL,CE,Towers with Radar,42,94,77,7,220,0,2,28,0,30,42,96,105,7,250,68,4,72,322
09/19/2003,FWA,IN,AGL,CE,Towers with Radar,35,89,46,17,187,0,2,25,0,27,35,91,71,17,214,12,23,35,249
09/20/2003,FWA,IN,AGL,CE,Towers with Radar,28,67,39,0,134,0,0,36,0,36,28,67,75,0,170,58,0,58,228
09/21/2003,FWA,IN,AGL,CE,Towers with Radar,4,72,29,1,106,0,0,38,0,38,4,72,67,1,144,61,0,61,205
09/22/2003,FWA,IN,AGL,CE,Towers with Radar,0,94,37,5,136,0,1,7,1,9,0,95,44,6,145,10,0,10,155
09/23/2003,FWA,IN,AGL,CE,Towers with Radar,30,81,54,8,173,12,0,36,2,50,42,81,90,10,223,46,15,61,284
09/24/2003,FWA,IN,AGL,CE,Towers with Radar,41,92,44,5,182,5,2,20,1,28,46,94,64,6,210,8,20,28,238
09/25/2003,FWA,IN,AGL,CE,Towers with Radar,46,100,70,11,227,0,0,21,0,21,46,100,91,11,248,111,42,153,401
09/26/2003,FWA,IN,AGL,CE,Towers with Radar,43,86,51,0,180,0,0,31,0,31,43,86,82,0,211,26,0,26,237
09/27/2003,FWA,IN,AGL,CE,Towers with Radar,35,67,48,0,150,0,0,32,0,32,35,67,80,0,182,62,0,62,244
09/28/2003,FWA,IN,AGL,CE,Towers with Radar,2,64,35,0,101,0,0,16,2,18,2,64,51,2,119,2,0,2,121
09/29/2003,FWA,IN,AGL,CE,Towers with Radar,3,86,78,0,167,0,0,16,0,16,3,86,94,0,183,42,0,42,225
09/30/2003,FWA,IN,AGL,CE,Towers with Radar,39,84,62,0,185,0,0,27,0,27,39,84,89,0,212,24,0,24,236
10/01/2003,FWA,IN,AGL,CE,Towers with Radar,31,89,59,7,186,12,3,24,5,44,43,92,83,12,230,38,12,50,280
10/02/2003,FWA,IN,AGL,CE,Towers with Radar,31,88,58,7,184,15,13,51,5,84,46,101,109,12,268,107,6,113,381
10/03/2003,FWA,IN,AGL,CE,Towers with Radar,35,93,64,8,200,16,0,2,7,25,51,93,66,15,225,16,12,28,253
10/04/2003,FWA,IN,AGL,CE,Towers with Radar,22,66,43,6,137,7,3,23,9,42,29,69,66,15,179,16,0,16,195
10/05/2003,FWA,IN,AGL,CE,Towers with Radar,1,58,38,5,102,0,18,58,8,84,1,76,96,13,186,28,14,42,228
10/06/2003,FWA,IN,AGL,CE,Towers with Radar,1,77,51,6,135,0,22,59,4,85,1,99,110,10,220,32,0,32,252
10/07/2003,FWA,IN,AGL,CE,Towers with Radar,33,91,60,7,191,8,2,70,9,89,41,93,130,16,280,54,8,62,342
10/08/2003,FWA,IN,AGL,CE,Towers with Radar,34,95,63,8,200,5,3,36,0,44,39,98,99,8,244,29,8,37,281
10/09/2003,FWA,IN,AGL,CE,Towers with Radar,35,90,64,8,197,6,0,46,9,61,41,90,110,17,258,60,0,60,318
10/10/2003,FWA,IN,AGL,CE,Towers with Radar,40,80,72,9,201,4,0,25,6,35,44,80,97,15,236,56,10,66,302
10/11/2003,FWA,IN,AGL,CE,Towers with Radar,29,68,52,0,149,9,0,48,0,57,38,68,100,0,206,28,0,28,234
10/12/2003,FWA,IN,AGL,CE,Towers with Radar,1,47,32,0,80,0,18,27,0,45,1,65,59,0,125,38,0,38,163
10/13/2003,FWA,IN,AGL,CE,Towers with Radar,2,75,51,1,129,0,0,49,0,49,2,75,100,1,178,6,0,6,184
10/14/2003,FWA,IN,AGL,CE,Towers with Radar,30,83,54,0,167,7,14,0,0,21,37,97,54,0,188,0,0,0,188
10/15/2003,FWA,IN,AGL,CE,Towers with Radar,37,93,68,8,206,2,0,29,0,31,39,93,97,8,237,17,8,25,262
10/16/2003,FWA,IN,AGL,CE,Towers with Radar,39,98,72,8,217,0,0,20,1,21,39,98,92,9,238,45,6,51,289
10/17/2003,FWA,IN,AGL,CE,Towers with Radar,37,89,68,8,202,1,0,53,0,54,38,89,121,8,256,58,2,60,316
10/18/2003,FWA,IN,AGL,CE,Towers with Radar,25,68,46,3,142,5,3,24,0,32,30,71,70,3,174,62,0,62,236
10/19/2003,FWA,IN,AGL,CE,Towers with Radar,2,56,38,0,96,0,21,45,0,66,2,77,83,0,162,16,0,16,178
10/20/2003,FWA,IN,AGL,CE,Towers with Radar,3,69,47,4,123,0,12,37,0,49,3,81,84,4,172,52,2,54,226
10/21/2003,FWA,IN,AGL,CE,Towers with Radar,36,93,66,7,202,0,0,15,7,22,36,93,81,14,224,44,18,62,286
10/22/2003,FWA,IN,AGL,CE,Towers with Radar,36,91,66,7,200,9,0,24,0,33,45,91,90,7,233,34,4,38,271
10/23/2003,FWA,IN,AGL,CE,Towers with Radar,33,93,63,2,191,7,6,35,0,48,40,99,98,2,239,50,0,50,289
10/24/2003,FWA,IN,AGL,CE,Towers with Radar,33,89,60,5,187,9,3,52,0,64,42,92,112,5,251,32,4,36,287
10/25/2003,FWA,IN,AGL,CE,Towers with Radar,21,58,39,0,118,14,9,10,0,33,35,67,49,0,151,4,0,4,155
10/26/2003,FWA,IN,AGL,CE,Towers with Radar,2,56,38,0,96,0,13,29,0,42,2,69,67,0,138,38,0,38,176
10/27/2003,FWA,IN,AGL,CE,Towers with Radar,3,71,47,1,122,0,11,22,0,33,3,82,69,1,155,6,0,6,161
10/28/2003,FWA,IN,AGL,CE,Towers with Radar,37,96,67,0,200,10,0,17,0,27,47,96,84,0,227,18,0,18,245
10/29/2003,FWA,IN,AGL,CE,Towers with Radar,36,87,64,4,191,13,0,28,0,41,49,87,92,4,232,60,0,60,292
10/30/2003,FWA,IN,AGL,CE,Towers with Radar,36,98,65,4,203,8,0,27,0,35,44,98,92,4,238,26,0,26,264
10/31/2003,FWA,IN,AGL,CE,Towers with Radar,34,74,55,5,168,5,0,0,0,5,39,74,55,5,173,20,0,20,193
11/01/2003,FWA,IN,AGL,CE,Towers with Radar,34,91,49,10,184,0,0,0,19,19,34,91,49,29,203,50,0,50,253
11/02/2003,FWA,IN,AGL,CE,Towers with Radar,2,64,41,6,113,0,8,22,6,36,2,72,63,12,149,46,2,48,197
11/03/2003,FWA,IN,AGL,CE,Towers with Radar,6,77,50,8,141,0,0,42,0,42,6,77,92,8,183,18,0,18,201
11/04/2003,FWA,IN,AGL,CE,Towers with Radar,31,92,59,9,191,19,5,17,1,42,50,97,76,10,233,30,0,30,263
11/05/2003,FWA,IN,AGL,CE,Towers with Radar,36,96,68,10,210,11,0,21,6,38,47,96,89,16,248,4,0,4,252
11/06/2003,FWA,IN,AGL,CE,Towers with Radar,34,97,64,10,205,14,0,8,4,26,48,97,72,14,231,6,14,20,251
11/07/2003,FWA,IN,AGL,CE,Towers with Radar,32,89,62,10,193,13,0,55,3,71,45,89,117,13,264,46,18,64,328
11/08/2003,FWA,IN,AGL,CE,Towers with Radar,20,60,38,0,118,9,2,50,0,61,29,62,88,0,179,46,0,46,225
11/09/2003,FWA,IN,AGL,CE,Towers with Radar,0,53,34,0,87,0,9,32,0,41,0,62,66,0,128,14,0,14,142
11/10/2003,FWA,IN,AGL,CE,Towers with Radar,2,68,46,6,122,0,0,67,0,67,2,68,113,6,189,56,10,66,255
11/11/2003,FWA,IN,AGL,CE,Towers with Radar,36,95,66,0,197,11,0,2,0,13,47,95,68,0,210,67,0,67,277
11/12/2003,FWA,IN,AGL,CE,Towers with Radar,29,71,54,4,158,14,0,0,0,14,43,71,54,4,172,8,0,8,180
11/13/2003,FWA,IN,AGL,CE,Towers with Radar,27,77,51,0,155,17,10,0,0,27,44,87,51,0,182,0,0,0,182
11/14/2003,FWA,IN,AGL,CE,Towers with Radar,38,83,72,11,204,6,0,47,0,53,44,83,119,11,257,24,28,52,309
11/15/2003,FWA,IN,AGL,CE,Towers with Radar,19,52,19,1,91,11,7,0,0,18,30,59,19,1,109,0,0,0,109
11/16/2003,FWA,IN,AGL,CE,Towers with Radar,1,37,22,0,60,0,12,0,0,12,1,49,22,0,72,0,0,0,72
11/17/2003,FWA,IN,AGL,CE,Towers with Radar,6,69,51,7,133,0,0,60,6,66,6,69,111,13,199,2,0,2,201
11/18/2003,FWA,IN,AGL,CE,Towers with Radar,26,72,37,0,135,16,7,0,0,23,42,79,37,0,158,0,0,0,158
11/19/2003,FWA,IN,AGL,CE,Towers with Radar,36,83,66,9,194,9,0,49,5,63,45,83,115,14,257,31,0,31,288
11/20/2003,FWA,IN,AGL,CE,Towers with Radar,38,107,70,10,225,7,2,30,7,46,45,109,100,17,271,52,6,58,329
11/21/2003,FWA,IN,AGL,CE,Towers with Radar,33,87,61,8,189,11,0,46,12,69,44,87,107,20,258,22,0,22,280
11/22/2003,FWA,IN,AGL,CE,Towers with Radar,27,62,49,2,140,5,0,53,0,58,32,62,102,2,198,44,0,44,242
11/23/2003,FWA,IN,AGL,CE,Towers with Radar,3,42,28,1,74,0,13,11,0,24,3,55,39,1,98,4,0,4,102
11/24/2003,FWA,IN,AGL,CE,Towers with Radar,2,45,30,0,77,0,29,10,0,39,2,74,40,0,116,10,0,10,126
11/25/2003,FWA,IN,AGL,CE,Towers with Radar,33,90,62,8,193,2,0,46,10,58,35,90,108,18,251,57,26,83,334
11/26/2003,FWA,IN,AGL,CE,Towers with Radar,33,92,60,8,193,13,0,37,1,51,46,92,97,9,244,39,18,57,301
11/27/2003,FWA,IN,AGL,CE,Towers with Radar,5,34,16,0,55,0,29,0,0,29,5,63,16,0,84,0,0,0,84
11/28/2003,FWA,IN,AGL,CE,Towers with Radar,5,36,19,0,60,0,21,0,0,21,5,57,19,0,81,0,0,0,81
11/29/2003,FWA,IN,AGL,CE,Towers with Radar,7,52,29,0,88,0,12,0,0,12,7,64,29,0,100,12,0,12,112
11/30/2003,FWA,IN,AGL,CE,Towers with Radar,1,65,41,0,107,0,4,17,0,21,1,69,58,0,128,37,0,37,165
12/01/2003,FWA,IN,AGL,CE,Towers with Radar,3,78,53,7,141,0,0,12,2,14,3,78,65,9,155,0,16,16,171
12/02/2003,FWA,IN,AGL,CE,Towers with Radar,31,77,56,7,171,9,0,41,0,50,40,77,97,7,221,62,2,64,285
12/03/2003,FWA,IN,AGL,CE,Towers with Radar,35,69,61,8,173,11,0,19,1,31,46,69,80,9,204,8,0,8,212
12/04/2003,FWA,IN,AGL,CE,Towers with Radar,29,88,52,7,176,14,0,6,2,22,43,88,58,9,198,2,4,6,204
12/05/2003,FWA,IN,AGL,CE,Towers with Radar,26,78,29,0,133,33,9,0,0,42,59,87,29,0,175,0,0,0,175
12/06/2003,FWA,IN,AGL,CE,Towers with Radar,20,80,39,6,145,0,9,0,6,15,20,89,39,12,160,2,4,6,166
12/07/2003,FWA,IN,AGL,CE,Towers with Radar,2,52,30,4,88,0,14,49,10,73,2,66,79,14,161,11,6,17,178
12/08/2003,FWA,IN,AGL,CE,Towers with Radar,1,69,40,0,110,0,8,35,0,43,1,77,75,0,153,10,0,10,163
12/09/2003,FWA,IN,AGL,CE,Towers with Radar,38,81,65,8,192,5,0,22,6,33,43,81,87,14,225,0,0,0,225
12/10/2003,FWA,IN,AGL,CE,Towers with Radar,32,88,55,1,176,8,0,3,0,11,40,88,58,1,187,0,0,0,187
12/11/2003,FWA,IN,AGL,CE,Towers with Radar,36,85,63,8,192,4,0,19,4,27,40,85,82,12,219,2,0,2,221
12/12/2003,FWA,IN,AGL,CE,Towers with Radar,37,90,65,8,200,10,0,34,4,48,47,90,99,12,248,10,0,10,258
12/13/2003,FWA,IN,AGL,CE,Towers with Radar,22,60,38,0,120,7,0,30,0,37,29,60,68,0,157,0,0,0,157
12/14/2003,FWA,IN,AGL,CE,Towers with Radar,0,35,8,1,44,0,33,0,0,33,0,68,8,1,77,0,0,0,77
12/15/2003,FWA,IN,AGL,CE,Towers with Radar,2,80,52,0,134,0,0,37,0,37,2,80,89,0,171,1,0,1,172
12/16/2003,FWA,IN,AGL,CE,Towers with Radar,30,91,53,7,181,15,0,0,7,22,45,91,53,14,203,0,0,0,203
12/17/2003,FWA,IN,AGL,CE,Towers with Radar,32,96,53,7,188,8,0,0,3,11,40,96,53,10,199,4,0,4,203
12/18/2003,FWA,IN,AGL,CE,Towers with Radar,33,91,58,6,188,8,0,5,6,19,41,91,63,12,207,22,6,28,235
12/19/2003,FWA,IN,AGL,CE,Towers with Radar,29,89,49,0,167,18,14,0,0,32,47,103,49,0,199,0,0,0,199
12/20/2003,FWA,IN,AGL,CE,Towers with Radar,27,75,49,0,151,7,0,46,0,53,34,75,95,0,204,20,0,20,224
12/21/2003,FWA,IN,AGL,CE,Towers with Radar,2,45,27,0,74,0,24,11,0,35,2,69,38,0,109,18,0,18,127
12/22/2003,FWA,IN,AGL,CE,Towers with Radar,1,81,50,5,137,0,0,28,0,28,1,81,78,5,165,32,0,32,197
12/23/2003,FWA,IN,AGL,CE,Towers with Radar,28,82,47,0,157,22,7,0,0,29,50,89,47,0,186,0,0,0,186
12/24/2003,FWA,IN,AGL,CE,Towers with Radar,21,64,21,3,109,20,24,0,0,44,41,88,21,3,153,0,0,0,153
12/25/2003,FWA,IN,AGL,CE,Towers with Radar,5,31,15,0,51,0,28,0,0,28,5,59,15,0,79,16,0,16,95
12/26/2003,FWA,IN,AGL,CE,Towers with Radar,5,61,34,0,100,0,2,63,0,65,5,63,97,0,165,2,0,2,167
12/27/2003,FWA,IN,AGL,CE,Towers with Radar,8,56,32,0,96,0,1,35,0,36,8,57,67,0,132,14,0,14,146
12/28/2003,FWA,IN,AGL,CE,Towers with Radar,1,49,26,0,76,0,26,0,0,26,1,75,26,0,102,22,0,22,124
12/29/2003,FWA,IN,AGL,CE,Towers with Radar,2,65,37,4,108,0,4,23,17,44,2,69,60,21,152,0,0,0,152
12/30/2003,FWA,IN,AGL,CE,Towers with Radar,27,82,47,4,160,4,1,49,0,54,31,83,96,4,214,44,0,44,258
12/31/2003,FWA,IN,AGL,CE,Towers with Radar,18,55,31,3,107,15,30,0,0,45,33,85,31,3,152,2,0,2,154
01/01/2004,FWA,IN,AGL,CE,Towers with Radar,6,43,24,0,73,0,21,24,0,45,6,64,48,0,118,20,0,20,138
01/02/2004,FWA,IN,AGL,CE,Towers with Radar,13,62,34,0,109,0,12,10,0,22,13,74,44,0,131,10,0,10,141
01/03/2004,FWA,IN,AGL,CE,Towers with Radar,7,54,33,0,94,0,0,12,0,12,7,54,45,0,106,6,0,6,112
01/04/2004,FWA,IN,AGL,CE,Towers with Radar,4,32,18,0,54,0,6,5,0,11,4,38,23,0,65,0,0,0,65
01/05/2004,FWA,IN,AGL,CE,Towers with Radar,3,89,29,0,121,0,0,0,0,0,3,89,29,0,121,0,0,0,121
01/06/2004,FWA,IN,AGL,CE,Towers with Radar,31,90,50,0,171,4,14,21,0,39,35,104,71,0,210,2,6,8,218
01/07/2004,FWA,IN,AGL,CE,Towers with Radar,33,92,53,6,184,9,0,32,0,41,42,92,85,6,225,0,14,14,239
01/08/2004,FWA,IN,AGL,CE,Towers with Radar,29,82,49,6,166,14,0,2,15,31,43,82,51,21,197,0,8,8,205
01/09/2004,FWA,IN,AGL,CE,Towers with Radar,33,95,53,7,188,8,2,16,8,34,41,97,69,15,222,8,20,28,250
01/10/2004,FWA,IN,AGL,CE,Towers with Radar,25,69,40,5,139,3,0,29,10,42,28,69,69,15,181,40,4,44,225
01/11/2004,FWA,IN,AGL,CE,Towers with Radar,0,53,30,4,87,0,22,1,15,38,0,75,31,19,125,14,34,48,173
01/12/2004,FWA,IN,AGL,CE,Towers with Radar,0,74,58,0,132,0,0,4,0,4,0,74,62,0,136,9,0,9,145
01/13/2004,FWA,IN,AGL,CE,Towers with Radar,33,83,55,6,177,10,0,9,11,30,43,83,64,17,207,43,4,47,254
01/14/2004,FWA,IN,AGL,CE,Towers with Radar,30,61,48,4,143,24,0,2,0,26,54,61,50,4,169,2,0,2,171
01/15/2004,FWA,IN,AGL,CE,Towers with Radar,34,85,56,6,181,8,0,34,7,49,42,85,90,13,230,2,0,2,232
01/16/2004,FWA,IN,AGL,CE,Towers with Radar,32,83,54,6,175,9,0,25,6,40,41,83,79,12,215,36,17,53,268
01/17/2004,FWA,IN,AGL,CE,Towers with Radar,14,41,20,0,75,12,15,0,0,27,26,56,20,0,102,4,0,4,106
01/18/2004,FWA,IN,AGL,CE,Towers with Radar,0,35,20,0,55,0,33,2,0,35,0,68,22,0,90,0,0,0,90
01/19/2004,FWA,IN,AGL,CE,Towers with Radar,0,64,35,0,99,0,14,19,0,33,0,78,54,0,132,2,0,2,134
01/20/2004,FWA,IN,AGL,CE,Towers with Radar,30,67,48,6,151,13,0,15,0,28,43,67,63,6,179,4,0,4,183
01/21/2004,FWA,IN,AGL,CE,Towers with Radar,33,98,52,6,189,11,10,0,4,25,44,108,52,10,214,9,12,21,235
01/22/2004,FWA,IN,AGL,CE,Towers with Radar,31,90,49,5,175,11,24,0,4,39,42,114,49,9,214,26,0,26,240
01/23/2004,FWA,IN,AGL,CE,Towers with Radar,29,92,49,4,174,0,3,19,0,22,29,95,68,4,196,6,0,6,202
01/24/2004,FWA,IN,AGL,CE,Towers with Radar,21,62,33,0,116,8,6,42,0,56,29,68,75,0,172,23,0,23,195
01/25/2004,FWA,IN,AGL,CE,Towers with Radar,0,49,26,0,75,0,17,23,0,40,0,66,49,0,115,14,6,20,135
01/26/2004,FWA,IN,AGL,CE,Towers with Radar,0,46,24,0,70,0,13,2,0,15,0,59,26,0,85,0,0,0,85
01/27/2004,FWA,IN,AGL,CE,Towers with Radar,20,59,30,0,109,18,8,0,0,26,38,67,30,0,135,0,0,0,135
01/28/2004,FWA,IN,AGL,CE,Towers with Radar,32,93,50,0,175,0,0,28,0,28,32,93,78,0,203,9,0,9,212
01/29/2004,FWA,IN,AGL,CE,Towers with Radar,32,84,50,0,166,7,0,15,0,22,39,84,65,0,188,4,0,4,192
01/30/2004,FWA,IN,AGL,CE,Towers with Radar,32,80,51,5,168,10,0,28,0,38,42,80,79,5,206,6,3,9,215
01/31/2004,FWA,IN,AGL,CE,Towers with Radar,0,0,0,0,0,0,0,0,0,0,0,0,0,0,0,0,0,0,0
02/01/2004,FWA,IN,AGL,CE,Towers with Radar,0,41,22,0,63,0,26,34,0,60,0,67,56,0,123,15,0,15,138
02/02/2004,FWA,IN,AGL,CE,Towers with Radar,0,51,28,0,79,0,22,1,0,23,0,73,29,0,102,0,0,0,102
02/03/2004,FWA,IN,AGL,CE,Towers with Radar,24,71,39,1,135,18,3,2,0,23,42,74,41,1,158,5,0,5,163
02/04/2004,FWA,IN,AGL,CE,Towers with Radar,36,89,57,0,182,7,0,53,0,60,43,89,110,0,242,0,0,0,242
02/05/2004,FWA,IN,AGL,CE,Towers with Radar,29,74,46,1,150,14,0,7,0,21,43,74,53,1,171,34,0,34,205
02/06/2004,FWA,IN,AGL,CE,Towers with Radar,28,77,33,1,139,15,6,0,0,21,43,83,33,1,160,0,0,0,160
02/07/2004,FWA,IN,AGL,CE,Towers with Radar,20,54,31,0,105,8,12,5,0,25,28,66,36,0,130,35,0,35,165
02/08/2004,FWA,IN,AGL,CE,Towers with Radar,4,65,38,7,114,0,1,19,13,33,4,66,57,20,147,10,0,10,157
02/09/2004,FWA,IN,AGL,CE,Towers with Radar,3,64,37,7,111,0,11,9,3,23,3,75,46,10,134,31,2,33,167
02/10/2004,FWA,IN,AGL,CE,Towers with Radar,33,91,52,9,185,7,2,3,16,28,40,93,55,25,213,64,12,76,289
02/11/2004,FWA,IN,AGL,CE,Towers with Radar,31,85,49,8,173,14,2,35,0,51,45,87,84,8,224,44,4,48,272
02/12/2004,FWA,IN,AGL,CE,Towers with Radar,37,98,56,10,201,5,0,1,2,8,42,98,57,12,209,90,0,90,299
02/13/2004,FWA,IN,AGL,CE,Towers with Radar,35,85,53,8,181,16,0,9,0,25,51,85,62,8,206,45,0,45,251
02/14/2004,FWA,IN,AGL,CE,Towers with Radar,22,58,34,2,116,8,15,50,0,73,30,73,84,2,189,57,0,57,246
02/15/2004,FWA,IN,AGL,CE,Towers with Radar,4,49,28,0,81,0,12,38,0,50,4,61,66,0,131,14,0,14,145
02/16/2004,FWA,IN,AGL,CE,Towers with Radar,0,71,41,0,112,0,18,12,0,30,0,89,53,0,142,33,0,33,175
02/17/2004,FWA,IN,AGL,CE,Towers with Radar,33,88,50,6,177,6,6,21,0,33,39,94,71,6,210,47,4,51,261
02/18/2004,FWA,IN,AGL,CE,Towers with Radar,38,86,58,9,191,6,0,34,11,51,44,86,92,20,242,44,20,64,306
02/19/2004,FWA,IN,AGL,CE,Towers with Radar,36,87,55,9,187,4,0,26,9,39,40,87,81,18,226,64,6,70,296
02/20/2004,FWA,IN,AGL,CE,Towers with Radar,33,90,50,8,181,11,0,5,2,18,44,90,55,10,199,24,0,24,223
02/21/2004,FWA,IN,AGL,CE,Towers with Radar,20,54,29,2,105,8,16,3,0,27,28,70,32,2,132,43,0,43,175
02/22/2004,FWA,IN,AGL,CE,Towers with Radar,0,62,34,0,96,0,1,41,0,42,0,63,75,0,138,26,0,26,164
02/23/2004,FWA,IN,AGL,CE,Towers with Radar,0,67,37,6,110,0,11,24,6,41,0,78,61,12,151,8,0,8,159
02/24/2004,FWA,IN,AGL,CE,Towers with Radar,30,75,45,7,157,12,0,1,0,13,42,75,46,7,170,26,0,26,196
02/25/2004,FWA,IN,AGL,CE,Towers with Radar,38,91,58,9,196,3,0,68,7,78,41,91,126,16,274,29,4,33,307
02/26/2004,FWA,IN,AGL,CE,Towers with Radar,35,83,52,8,178,8,0,14,4,26,43,83,66,12,204,32,18,50,254
02/27/2004,FWA,IN,AGL,CE,Towers with Radar,39,80,58,9,186,11,0,55,5,71,50,80,113,14,257,64,0,64,321
02/28/2004,FWA,IN,AGL,CE,Towers with Radar,0,66,36,0,102,0,1,20,0,21,0,67,56,0,123,15,0,15,138
02/29/2004,FWA,IN,AGL,CE,Towers with Radar,0,58,32,0,90,0,9,61,0,70,0,67,93,0,160,52,0,52,212
03/01/2004,FWA,IN,AGL,CE,Towers with Radar,0,56,24,0,80,0,26,0,0,26,0,82,24,0,106,0,0,0,106
03/02/2004,FWA,IN,AGL,CE,Towers with Radar,41,99,62,5,207,3,0,19,0,22,44,99,81,5,229,46,0,46,275
03/03/2004,FWA,IN,AGL,CE,Towers with Radar,35,93,54,7,189,7,0,14,0,21,42,93,68,7,210,6,0,6,216
03/04/2004,FWA,IN,AGL,CE,Towers with Radar,35,88,53,3,179,8,0,10,0,18,43,88,63,3,197,0,0,0,197
03/05/2004,FWA,IN,AGL,CE,Towers with Radar,27,72,38,2,139,22,5,0,0,27,49,77,38,2,166,0,0,0,166
03/06/2004,FWA,IN,AGL,CE,Towers with Radar,27,75,43,4,149,0,2,11,0,13,27,77,54,4,162,82,0,82,244
03/07/2004,FWA,IN,AGL,CE,Towers with Radar,0,35,19,2,56,0,17,0,4,21,0,52,19,6,77,0,0,0,77
03/08/2004,FWA,IN,AGL,CE,Towers with Radar,0,72,41,5,118,0,25,8,6,39,0,97,49,11,157,20,0,20,177
03/09/2004,FWA,IN,AGL,CE,Towers with Radar,38,83,59,5,185,5,0,43,0,48,43,83,102,5,233,22,0,22,255
03/10/2004,FWA,IN,AGL,CE,Towers with Radar,37,84,57,5,183,8,0,79,0,87,45,84,136,5,270,58,0,58,328
03/11/2004,FWA,IN,AGL,CE,Towers with Radar,32,87,50,1,170,12,7,10,0,29,44,94,60,1,199,29,0,29,228
03/12/2004,FWA,IN,AGL,CE,Towers with Radar,35,80,55,8,178,5,0,19,3,27,40,80,74,11,205,6,0,6,211
03/13/2004,FWA,IN,AGL,CE,Towers with Radar,27,68,40,0,135,1,0,61,0,62,28,68,101,0,197,30,0,30,227
03/14/2004,FWA,IN,AGL,CE,Towers with Radar,0,42,18,1,61,0,19,0,0,19,0,61,18,1,80,0,0,0,80
03/15/2004,FWA,IN,AGL,CE,Towers with Radar,0,73,42,5,120,0,10,39,0,49,0,83,81,5,169,12,0,12,181
03/16/2004,FWA,IN,AGL,CE,Towers with Radar,29,82,45,0,156,18,9,2,0,29,47,91,47,0,185,0,0,0,185
03/17/2004,FWA,IN,AGL,CE,Towers with Radar,37,102,55,8,202,11,6,0,0,17,48,108,55,8,219,10,2,12,231
03/18/2004,FWA,IN,AGL,CE,Towers with Radar,30,82,35,7,154,8,2,0,0,10,38,84,35,7,164,0,0,0,164
03/19/2004,FWA,IN,AGL,CE,Towers with Radar,45,79,69,10,203,5,0,30,3,38,50,79,99,13,241,57,2,59,300
03/20/2004,FWA,IN,AGL,CE,Towers with Radar,23,63,34,0,120,5,6,33,0,44,28,69,67,0,164,27,0,27,191
03/21/2004,FWA,IN,AGL,CE,Towers with Radar,0,45,25,1,71,0,20,24,0,44,0,65,49,1,115,32,0,32,147
03/22/2004,FWA,IN,AGL,CE,Towers with Radar,1,70,41,5,117,0,0,44,5,49,1,70,85,10,166,0,16,16,182
03/23/2004,FWA,IN,AGL,CE,Towers with Radar,39,96,61,8,204,7,0,62,6,75,46,96,123,14,279,2,26,28,307
03/24/2004,FWA,IN,AGL,CE,Towers with Radar,33,91,50,6,180,10,6,11,8,35,43,97,61,14,215,10,26,36,251
03/25/2004,FWA,IN,AGL,CE,Towers with Radar,38,93,58,7,196,6,0,0,7,13,44,93,58,14,209,10,0,10,219
03/26/2004,FWA,IN,AGL,CE,Towers with Radar,30,83,46,6,165,17,6,0,7,30,47,89,46,13,195,0,0,0,195
03/27/2004,FWA,IN,AGL,CE,Towers with Radar,24,65,32,0,121,10,3,0,0,13,34,68,32,0,134,0,0,0,134
03/28/2004,FWA,IN,AGL,CE,Towers with Radar,2,53,29,0,84,0,13,48,0,61,2,66,77,0,145,69,0,69,214
03/29/2004,FWA,IN,AGL,CE,Towers with Radar,0,79,44,0,123,0,9,24,0,33,0,88,68,0,156,77,0,77,233
03/30/2004,FWA,IN,AGL,CE,Towers with Radar,30,83,41,6,160,14,5,0,7,26,44,88,41,13,186,44,0,44,230
03/31/2004,FWA,IN,AGL,CE,Towers with Radar,35,97,54,7,193,12,0,15,9,36,47,97,69,16,229,12,30,42,271
04/01/2004,FWA,IN,AGL,CE,Towers with Radar,31,86,47,8,172,13,6,24,1,44,44,92,71,9,216,23,2,25,241
04/02/2004,FWA,IN,AGL,CE,Towers with Radar,32,73,48,5,158,18,0,17,0,35,50,73,65,5,193,79,0,79,272
04/03/2004,FWA,IN,AGL,CE,Towers with Radar,26,64,40,7,137,1,0,36,3,40,27,64,76,10,177,26,0,26,203
04/04/2004,FWA,IN,AGL,CE,Towers with Radar,0,49,27,5,81,0,24,2,5,31,0,73,29,10,112,22,24,46,158
04/05/2004,FWA,IN,AGL,CE,Towers with Radar,1,69,38,6,114,0,9,44,0,53,1,78,82,6,167,58,18,76,243
04/06/2004,FWA,IN,AGL,CE,Towers with Radar,32,80,48,9,169,10,0,44,10,64,42,80,92,19,233,46,0,46,279
04/07/2004,FWA,IN,AGL,CE,Towers with Radar,33,91,50,9,183,11,3,38,3,55,44,94,88,12,238,50,4,54,292
04/08/2004,FWA,IN,AGL,CE,Towers with Radar,30,84,46,9,169,16,9,10,1,36,46,93,56,10,205,36,2,38,243
04/09/2004,FWA,IN,AGL,CE,Towers with Radar,27,76,42,8,153,2,4,42,7,55,29,80,84,15,208,117,4,121,329
04/10/2004,FWA,IN,AGL,CE,Towers with Radar,6,56,32,2,96,0,4,62,0,66,6,60,94,2,162,63,0,63,225
04/11/2004,FWA,IN,AGL,CE,Towers with Radar,0,52,28,0,80,0,4,0,0,4,0,56,28,0,84,23,0,23,107
04/12/2004,FWA,IN,AGL,CE,Towers with Radar,0,65,37,2,104,0,15,25,0,40,0,80,62,2,144,7,0,7,151
04/13/2004,FWA,IN,AGL,CE,Towers with Radar,30,80,46,7,163,15,6,1,0,22,45,86,47,7,185,28,2,30,215
04/14/2004,FWA,IN,AGL,CE,Towers with Radar,37,96,56,9,198,9,0,45,5,59,46,96,101,14,257,126,6,132,389
04/15/2004,FWA,IN,AGL,CE,Towers with Radar,35,80,53,8,176,5,0,70,5,80,40,80,123,13,256,48,6,54,310
04/16/2004,FWA,IN,AGL,CE,Towers with Radar,34,81,52,8,175,6,0,27,0,33,40,81,79,8,208,6,4,10,218
04/17/2004,FWA,IN,AGL,CE,Towers with Radar,24,64,37,0,125,8,5,37,0,50,32,69,74,0,175,88,0,88,263
04/18/2004,FWA,IN,AGL,CE,Towers with Radar,0,40,23,1,64,0,24,2,0,26,0,64,25,1,90,38,0,38,128
04/19/2004,FWA,IN,AGL,CE,Towers with Radar,1,60,34,5,100,0,16,22,2,40,1,76,56,7,140,0,8,8,148
04/20/2004,FWA,IN,AGL,CE,Towers with Radar,36,70,55,8,169,9,0,26,0,35,45,70,81,8,204,0,2,2,206
04/21/2004,FWA,IN,AGL,CE,Towers with Radar,31,81,46,5,163,15,0,0,0,15,46,81,46,5,178,0,4,4,182
04/22/2004,FWA,IN,AGL,CE,Towers with Radar,36,85,54,7,182,6,0,17,0,23,42,85,71,7,205,5,4,9,214
04/23/2004,FWA,IN,AGL,CE,Towers with Radar,39,93,59,9,200,3,0,26,18,47,42,93,85,27,247,52,70,122,369
04/24/2004,FWA,IN,AGL,CE,Towers with Radar,22,58,34,0,114,5,2,55,0,62,27,60,89,0,176,141,0,141,317
04/25/2004,FWA,IN,AGL,CE,Towers with Radar,0,48,28,0,76,0,23,2,0,25,0,71,30,0,101,4,0,4,105
04/26/2004,FWA,IN,AGL,CE,Towers with Radar,0,66,36,0,102,0,19,17,0,36,0,85,53,0,138,44,8,52,190
04/27/2004,FWA,IN,AGL,CE,Towers with Radar,36,90,53,8,187,4,0,38,4,46,40,90,91,12,233,10,2,12,245
04/28/2004,FWA,IN,AGL,CE,Towers with Radar,32,76,48,4,160,11,0,18,0,29,43,76,66,4,189,26,2,28,217
04/29/2004,FWA,IN,AGL,CE,Towers with Radar,35,91,53,5,184,5,0,17,0,22,40,91,70,5,206,18,10,28,234
04/30/2004,FWA,IN,AGL,CE,Towers with Radar,38,88,56,9,191,6,0,31,0,37,44,88,87,9,228,66,0,66,294
05/01/2004,FWA,IN,AGL,CE,Towers with Radar,20,63,37,6,126,6,0,8,1,15,26,63,45,7,141,0,0,0,141
05/02/2004,FWA,IN,AGL,CE,Towers with Radar,0,50,29,5,84,0,16,34,5,55,0,66,63,10,139,113,8,121,260
05/03/2004,FWA,IN,AGL,CE,Towers with Radar,1,71,41,4,117,0,7,48,0,55,1,78,89,4,172,56,0,56,228
05/04/2004,FWA,IN,AGL,CE,Towers with Radar,29,88,51,9,177,10,2,16,4,32,39,90,67,13,209,80,0,80,289
05/05/2004,FWA,IN,AGL,CE,Towers with Radar,30,78,53,9,170,12,0,67,3,82,42,78,120,12,252,44,4,48,300
05/06/2004,FWA,IN,AGL,CE,Towers with Radar,32,95,57,10,194,9,0,72,4,85,41,95,129,14,279,32,0,32,311
05/07/2004,FWA,IN,AGL,CE,Towers with Radar,27,75,48,8,158,14,0,1,1,16,41,75,49,9,174,0,0,0,174
05/08/2004,FWA,IN,AGL,CE,Towers with Radar,16,47,29,4,96,1,0,36,0,37,17,47,65,4,133,89,0,89,222
05/09/2004,FWA,IN,AGL,CE,Towers with Radar,5,49,28,0,82,0,15,15,0,30,5,64,43,0,112,113,0,113,225
05/10/2004,FWA,IN,AGL,CE,Towers with Radar,11,68,41,0,120,0,13,35,0,48,11,81,76,0,168,20,0,20,188
05/11/2004,FWA,IN,AGL,CE,Towers with Radar,31,92,55,5,183,12,7,18,0,37,43,99,73,5,220,57,8,65,285
05/12/2004,FWA,IN,AGL,CE,Towers with Radar,31,91,55,8,185,13,2,22,4,41,44,93,77,12,226,44,20,64,290
05/13/2004,FWA,IN,AGL,CE,Towers with Radar,34,99,59,9,201,11,5,19,6,41,45,104,78,15,242,20,8,28,270
05/14/2004,FWA,IN,AGL,CE,Towers with Radar,27,98,59,8,192,0,5,3,0,8,27,103,62,8,200,5,0,5,205
05/15/2004,FWA,IN,AGL,CE,Towers with Radar,31,79,55,4,169,4,0,17,0,21,35,79,72,4,190,115,0,115,305
05/16/2004,FWA,IN,AGL,CE,Towers with Radar,1,69,42,2,114,0,3,23,0,26,1,72,65,2,140,56,66,122,262
05/17/2004,FWA,IN,AGL,CE,Towers with Radar,5,70,42,6,123,0,13,21,13,47,5,83,63,19,170,11,28,39,209
05/18/2004,FWA,IN,AGL,CE,Towers with Radar,30,85,53,8,176,10,0,16,1,27,40,85,69,9,203,2,6,8,211
05/19/2004,FWA,IN,AGL,CE,Towers with Radar,34,96,62,9,201,3,0,26,5,34,37,96,88,14,235,69,0,69,304
05/20/2004,FWA,IN,AGL,CE,Towers with Radar,36,99,64,10,209,7,0,1,3,11,43,99,65,13,220,58,0,58,278
05/21/2004,FWA,IN,AGL,CE,Towers with Radar,32,91,57,6,186,8,0,8,0,16,40,91,65,6,202,12,0,12,214
05/22/2004,FWA,IN,AGL,CE,Towers with Radar,18,52,30,2,102,3,19,0,0,22,21,71,30,2,124,154,0,154,278
05/23/2004,FWA,IN,AGL,CE,Towers with Radar,0,43,26,2,71,0,21,0,0,21,0,64,26,2,92,92,0,92,184
05/24/2004,FWA,IN,AGL,CE,Towers with Radar,1,76,46,3,126,0,7,23,0,30,1,83,69,3,156,113,0,113,269
05/25/2004,FWA,IN,AGL,CE,Towers with Radar,31,89,55,8,183,10,0,15,9,34,41,89,70,17,217,118,22,140,357
05/26/2004,FWA,IN,AGL,CE,Towers with Radar,32,95,55,7,189,8,3,37,0,48,40,98,92,7,237,20,24,44,281
05/27/2004,FWA,IN,AGL,CE,Towers with Radar,35,90,63,10,198,6,0,19,2,27,41,90,82,12,225,43,4,47,272
05/28/2004,FWA,IN,AGL,CE,Towers with Radar,33,92,57,5,187,8,0,15,0,23,41,92,72,5,210,24,0,24,234
05/29/2004,FWA,IN,AGL,CE,Towers with Radar,22,65,39,0,126,8,0,23,0,31,30,65,62,0,157,108,0,108,265
05/30/2004,FWA,IN,AGL,CE,Towers with Radar,0,31,6,2,39,0,19,0,0,19,0,50,6,2,58,26,0,26,84
05/31/2004,FWA,IN,AGL,CE,Towers with Radar,0,0,0,0,0,0,59,21,4,84,0,59,21,4,84,39,0,39,123
06/01/2004,FWA,IN,AGL,CE,Towers with Radar,3,82,42,5,132,0,20,28,2,50,3,102,70,7,182,61,8,69,251
06/02/2004,FWA,IN,AGL,CE,Towers with Radar,30,96,49,6,181,8,16,19,8,51,38,112,68,14,232,76,24,100,332
06/03/2004,FWA,IN,AGL,CE,Towers with Radar,37,99,61,8,205,0,0,70,11,81,37,99,131,19,286,38,12,50,336
06/04/2004,FWA,IN,AGL,CE,Towers with Radar,36,94,60,8,198,4,0,25,5,34,40,94,85,13,232,4,14,18,250
06/05/2004,FWA,IN,AGL,CE,Towers with Radar,22,69,35,0,126,5,19,35,0,59,27,88,70,0,185,128,0,128,313
06/06/2004,FWA,IN,AGL,CE,Towers with Radar,1,66,34,1,102,0,16,3,0,19,1,82,37,1,121,40,0,40,161
06/07/2004,FWA,IN,AGL,CE,Towers with Radar,2,74,40,5,121,0,0,33,9,42,2,74,73,14,163,118,6,124,287
06/08/2004,FWA,IN,AGL,CE,Towers with Radar,32,87,55,8,182,7,0,41,1,49,39,87,96,9,231,96,18,114,345
06/09/2004,FWA,IN,AGL,CE,Towers with Radar,29,95,48,7,179,12,9,1,2,24,41,104,49,9,203,49,2,51,254
06/10/2004,FWA,IN,AGL,CE,Towers with Radar,32,107,54,8,201,8,4,22,0,34,40,111,76,8,235,96,28,124,359
06/11/2004,FWA,IN,AGL,CE,Towers with Radar,30,101,51,0,182,10,21,5,0,36,40,122,56,0,218,1,0,1,219
06/12/2004,FWA,IN,AGL,CE,Towers with Radar,21,72,37,6,136,12,5,3,0,20,33,77,40,6,156,49,0,49,205
06/13/2004,FWA,IN,AGL,CE,Towers with Radar,2,51,26,4,83,0,27,13,2,42,2,78,39,6,125,68,0,68,193
06/14/2004,FWA,IN,AGL,CE,Towers with Radar,6,75,38,5,124,0,30,7,0,37,6,105,45,5,161,4,0,4,165
06/15/2004,FWA,IN,AGL,CE,Towers with Radar,32,106,52,8,198,12,11,33,2,58,44,117,85,10,256,80,10,90,346
06/16/2004,FWA,IN,AGL,CE,Towers with Radar,31,104,51,8,194,13,6,8,1,28,44,110,59,9,222,12,0,12,234
06/17/2004,FWA,IN,AGL,CE,Towers with Radar,32,106,52,4,194,14,1,18,0,33,46,107,70,4,227,60,0,60,287
06/18/2004,FWA,IN,AGL,CE,Towers with Radar,33,92,55,9,189,7,0,18,2,27,40,92,73,11,216,38,10,48,264
06/19/2004,FWA,IN,AGL,CE,Towers with Radar,22,72,35,3,132,7,13,13,0,33,29,85,48,3,165,91,0,91,256
06/20/2004,FWA,IN,AGL,CE,Towers with Radar,0,64,31,0,95,0,18,38,0,56,0,82,69,0,151,56,0,56,207
06/21/2004,FWA,IN,AGL,CE,Towers with Radar,0,89,44,7,140,0,6,56,0,62,0,95,100,7,202,46,8,54,256
06/22/2004,FWA,IN,AGL,CE,Towers with Radar,31,98,52,8,189,12,0,43,0,55,43,98,95,8,244,80,10,90,334
06/23/2004,FWA,IN,AGL,CE,Towers with Radar,32,95,54,7,188,11,0,75,4,90,43,95,129,11,278,28,12,40,318
06/24/2004,FWA,IN,AGL,CE,Towers with Radar,34,95,57,8,194,5,0,30,5,40,39,95,87,13,234,12,18,30,264
06/25/2004,FWA,IN,AGL,CE,Towers with Radar,34,87,57,8,186,12,0,15,1,28,46,87,72,9,214,2,0,2,216
06/26/2004,FWA,IN,AGL,CE,Towers with Radar,23,76,39,0,138,7,0,45,0,52,30,76,84,0,190,98,0,98,288
06/27/2004,FWA,IN,AGL,CE,Towers with Radar,1,66,32,0,99,0,11,16,0,27,1,77,48,0,126,44,0,44,170
06/28/2004,FWA,IN,AGL,CE,Towers with Radar,2,89,44,4,139,0,5,27,0,32,2,94,71,4,171,14,0,14,185
06/29/2004,FWA,IN,AGL,CE,Towers with Radar,31,92,52,7,182,9,0,25,1,35,40,92,77,8,217,75,15,90,307
06/30/2004,FWA,IN,AGL,CE,Towers with Radar,31,101,53,7,192,9,0,37,1,47,40,101,90,8,239,40,6,46,285
07/01/2004,FWA,IN,AGL,CE,Towers with Radar,32,86,55,7,180,9,0,45,1,55,41,86,100,8,235,70,4,74,309
07/02/2004,FWA,IN,AGL,CE,Towers with Radar,29,83,49,6,167,10,0,20,2,32,39,83,69,8,199,30,14,44,243
07/03/2004,FWA,IN,AGL,CE,Towers with Radar,18,54,29,0,101,7,21,0,0,28,25,75,29,0,129,32,0,32,161
07/04/2004,FWA,IN,AGL,CE,Towers with Radar,0,44,16,3,63,0,17,0,1,18,0,61,16,4,81,0,0,0,81
07/05/2004,FWA,IN,AGL,CE,Towers with Radar,0,67,36,0,103,0,3,9,0,12,0,70,45,0,115,55,0,55,170
07/06/2004,FWA,IN,AGL,CE,Towers with Radar,4,67,36,0,107,0,30,11,0,41,4,97,47,0,148,90,0,90,238
07/07/2004,FWA,IN,AGL,CE,Towers with Radar,28,91,49,6,174,15,11,2,6,34,43,102,51,12,208,32,0,32,240
07/08/2004,FWA,IN,AGL,CE,Towers with Radar,27,91,49,7,174,15,0,46,2,63,42,91,95,9,237,90,8,98,335
07/09/2004,FWA,IN,AGL,CE,Towers with Radar,30,81,52,7,170,8,0,35,5,48,38,81,87,12,218,64,0,64,282
07/10/2004,FWA,IN,AGL,CE,Towers with Radar,20,65,35,5,125,19,16,14,3,52,39,81,49,8,177,89,0,89,266
07/11/2004,FWA,IN,AGL,CE,Towers with Radar,0,61,33,5,99,0,22,27,4,53,0,83,60,9,152,181,0,181,333
07/12/2004,FWA,IN,AGL,CE,Towers with Radar,1,70,38,6,115,0,18,28,3,49,1,88,66,9,164,46,34,80,244
07/13/2004,FWA,IN,AGL,CE,Towers with Radar,28,88,49,7,172,16,0,43,2,61,44,88,92,9,233,118,6,124,357
07/14/2004,FWA,IN,AGL,CE,Towers with Radar,33,98,55,8,194,6,0,74,10,90,39,98,129,18,284,111,2,113,397
07/15/2004,FWA,IN,AGL,CE,Towers with Radar,30,99,52,7,188,6,0,63,0,69,36,99,115,7,257,97,10,107,364
07/16/2004,FWA,IN,AGL,CE,Towers with Radar,27,86,47,6,166,8,0,31,0,39,35,86,78,6,205,48,16,64,269
07/17/2004,FWA,IN,AGL,CE,Towers with Radar,18,61,32,0,111,8,16,16,0,40,26,77,48,0,151,48,0,48,199
07/18/2004,FWA,IN,AGL,CE,Towers with Radar,0,79,41,1,121,0,21,28,0,49,0,100,69,1,170,0,0,0,170
07/19/2004,FWA,IN,AGL,CE,Towers with Radar,8,78,43,1,130,0,0,45,0,45,8,78,88,1,175,78,0,78,253
07/20/2004,FWA,IN,AGL,CE,Towers with Radar,29,98,51,4,182,11,4,60,0,75,40,102,111,4,257,76,12,88,345
07/21/2004,FWA,IN,AGL,CE,Towers with Radar,32,91,55,8,186,10,0,14,7,31,42,91,69,15,217,132,22,154,371
07/22/2004,FWA,IN,AGL,CE,Towers with Radar,26,88,46,1,161,14,15,11,0,40,40,103,57,1,201,86,0,86,287
07/23/2004,FWA,IN,AGL,CE,Towers with Radar,29,84,50,4,167,8,0,34,0,42,37,84,84,4,209,22,0,22,231
07/24/2004,FWA,IN,AGL,CE,Towers with Radar,22,75,39,1,137,0,25,29,0,54,22,100,68,1,191,112,0,112,303
07/25/2004,FWA,IN,AGL,CE,Towers with Radar,0,70,36,0,106,0,3,33,0,36,0,73,69,0,142,79,0,79,221
07/26/2004,FWA,IN,AGL,CE,Towers with Radar,0,89,46,6,141,0,5,30,3,38,0,94,76,9,179,42,0,42,221
07/27/2004,FWA,IN,AGL,CE,Towers with Radar,30,97,52,5,184,8,0,35,0,43,38,97,87,5,227,78,0,78,305
07/28/2004,FWA,IN,AGL,CE,Towers with Radar,33,86,57,5,181,4,0,73,0,77,37,86,130,5,258,75,0,75,333
07/29/2004,FWA,IN,AGL,CE,Towers with Radar,35,100,63,8,206,0,0,37,0,37,35,100,100,8,243,79,6,85,328
07/30/2004,FWA,IN,AGL,CE,Towers with Radar,35,83,59,7,184,5,0,1,3,9,40,83,60,10,193,4,0,4,197
07/31/2004,FWA,IN,AGL,CE,Towers with Radar,25,87,46,6,164,0,0,13,7,20,25,87,59,13,184,18,0,18,202
08/01/2004,FWA,IN,AGL,CE,Towers with Radar,0,73,43,4,120,0,2,20,5,27,0,75,63,9,147,52,0,52,199
08/02/2004,FWA,IN,AGL,CE,Towers with Radar,2,73,43,1,119,0,25,28,0,53,2,98,71,1,172,50,0,50,222
08/03/2004,FWA,IN,AGL,CE,Towers with Radar,25,86,50,4,165,6,8,11,0,25,31,94,61,4,190,76,4,80,270
08/04/2004,FWA,IN,AGL,CE,Towers with Radar,23,81,43,3,150,10,7,0,0,17,33,88,43,3,167,0,0,0,167
08/05/2004,FWA,IN,AGL,CE,Towers with Radar,28,90,56,5,179,11,0,18,1,30,39,90,74,6,209,40,0,40,249
08/06/2004,FWA,IN,AGL,CE,Towers with Radar,23,78,11,1,113,10,26,0,0,36,33,104,11,1,149,26,0,26,175
08/07/2004,FWA,IN,AGL,CE,Towers with Radar,19,66,39,0,124,7,13,26,0,46,26,79,65,0,170,140,0,140,310
08/08/2004,FWA,IN,AGL,CE,Towers with Radar,3,62,36,0,101,0,23,46,0,69,3,85,82,0,170,87,0,87,257
08/09/2004,FWA,IN,AGL,CE,Towers with Radar,0,76,44,4,124,0,15,38,0,53,0,91,82,4,177,47,0,47,224
08/10/2004,FWA,IN,AGL,CE,Towers with Radar,29,82,59,5,175,9,0,25,0,34,38,82,84,5,209,65,11,76,285
08/11/2004,FWA,IN,AGL,CE,Towers with Radar,31,90,62,5,188,6,0,45,0,51,37,90,107,5,239,52,2,54,293
08/12/2004,FWA,IN,AGL,CE,Towers with Radar,28,91,56,5,180,11,0,15,1,27,39,91,71,6,207,54,2,56,263
08/13/2004,FWA,IN,AGL,CE,Towers with Radar,27,92,53,5,177,12,2,18,1,33,39,94,71,6,210,44,6,50,260
08/14/2004,FWA,IN,AGL,CE,Towers with Radar,19,65,38,1,123,7,10,41,0,58,26,75,79,1,181,84,0,84,265
08/15/2004,FWA,IN,AGL,CE,Towers with Radar,0,60,35,1,96,0,11,17,0,28,0,71,52,1,124,137,0,137,261
08/16/2004,FWA,IN,AGL,CE,Towers with Radar,2,81,47,0,130,0,10,36,0,46,2,91,83,0,176,62,0,62,238
08/17/2004,FWA,IN,AGL,CE,Towers with Radar,27,82,53,3,165,7,0,31,1,39,34,82,84,4,204,24,6,30,234
08/18/2004,FWA,IN,AGL,CE,Towers with Radar,26,75,48,3,152,9,0,0,2,11,35,75,48,5,163,32,0,32,195
08/19/2004,FWA,IN,AGL,CE,Towers with Radar,30,104,60,3,197,12,0,18,0,30,42,104,78,3,227,100,0,100,327
08/20/2004,FWA,IN,AGL,CE,Towers with Radar,26,89,35,0,150,20,9,0,0,29,46,98,35,0,179,0,0,0,179
08/21/2004,FWA,IN,AGL,CE,Towers with Radar,20,68,38,0,126,11,18,20,0,49,31,86,58,0,175,106,0,106,281
08/22/2004,FWA,IN,AGL,CE,Towers with Radar,0,54,30,0,84,0,23,27,0,50,0,77,57,0,134,120,0,120,254
08/23/2004,FWA,IN,AGL,CE,Towers with Radar,0,75,42,3,120,0,16,19,3,38,0,91,61,6,158,18,8,26,184
08/24/2004,FWA,IN,AGL,CE,Towers with Radar,27,80,54,4,165,13,0,15,1,29,40,80,69,5,194,106,4,110,304
08/25/2004,FWA,IN,AGL,CE,Towers with Radar,28,89,56,4,177,11,0,27,3,41,39,89,83,7,218,42,4,46,264
08/26/2004,FWA,IN,AGL,CE,Towers with Radar,29,86,58,4,177,12,0,12,20,44,41,86,70,24,221,16,20,36,257
08/27/2004,FWA,IN,AGL,CE,Towers with Radar,17,59,33,2,111,30,38,35,7,110,47,97,68,9,221,16,8,24,245
08/28/2004,FWA,IN,AGL,CE,Towers with Radar,17,62,35,0,114,13,3,1,0,17,30,65,36,0,131,73,0,73,204
08/29/2004,FWA,IN,AGL,CE,Towers with Radar,0,64,37,0,101,0,15,10,0,25,0,79,47,0,126,46,0,46,172
08/30/2004,FWA,IN,AGL,CE,Towers with Radar,2,84,48,0,134,0,14,28,0,42,2,98,76,0,176,110,0,110,286
08/31/2004,FWA,IN,AGL,CE,Towers with Radar,28,86,56,4,174,13,0,41,0,54,41,86,97,4,228,137,4,141,369
09/01/2004,FWA,IN,AGL,CE,Towers with Radar,28,75,45,3,151,11,0,40,2,53,39,75,85,5,204,70,8,78,282
09/02/2004,FWA,IN,AGL,CE,Towers with Radar,31,86,48,3,168,9,0,35,0,44,40,86,83,3,212,49,8,57,269
09/03/2004,FWA,IN,AGL,CE,Towers with Radar,0,0,0,0,0,43,94,40,3,180,43,94,40,3,180,30,0,30,210
09/04/2004,FWA,IN,AGL,CE,Towers with Radar,22,70,37,0,129,0,3,7,0,10,22,73,44,0,139,29,0,29,168
09/05/2004,FWA,IN,AGL,CE,Towers with Radar,0,56,29,0,85,0,19,11,0,30,0,75,40,0,115,108,0,108,223
09/06/2004,FWA,IN,AGL,CE,Towers with Radar,2,58,31,0,91,0,16,28,0,44,2,74,59,0,135,148,0,148,283
09/07/2004,FWA,IN,AGL,CE,Towers with Radar,2,73,38,0,113,0,15,31,0,46,2,88,69,0,159,97,0,97,256
09/08/2004,FWA,IN,AGL,CE,Towers with Radar,32,88,51,3,174,13,0,2,5,20,45,88,53,8,194,35,0,35,229
09/09/2004,FWA,IN,AGL,CE,Towers with Radar,33,92,54,4,183,10,0,29,2,41,43,92,83,6,224,10,0,10,234
09/10/2004,FWA,IN,AGL,CE,Towers with Radar,34,86,54,4,178,17,0,37,0,54,51,86,91,4,232,2,6,8,240
09/11/2004,FWA,IN,AGL,CE,Towers with Radar,25,75,40,3,143,7,11,34,4,56,32,86,74,7,199,54,4,58,257
09/12/2004,FWA,IN,AGL,CE,Towers with Radar,0,59,31,3,93,0,10,91,1,102,0,69,122,4,195,82,8,90,285
09/13/2004,FWA,IN,AGL,CE,Towers with Radar,0,75,39,3,117,0,16,33,0,49,0,91,72,3,166,55,0,55,221
09/14/2004,FWA,IN,AGL,CE,Towers with Radar,33,89,53,3,178,0,0,17,0,17,33,89,70,3,195,26,2,28,223
09/15/2004,FWA,IN,AGL,CE,Towers with Radar,32,86,52,4,174,12,0,20,0,32,44,86,72,4,206,59,0,59,265
09/16/2004,FWA,IN,AGL,CE,Towers with Radar,34,89,53,4,180,5,0,23,9,37,39,89,76,13,217,26,24,50,267
09/17/2004,FWA,IN,AGL,CE,Towers with Radar,33,102,53,4,192,5,0,7,0,12,38,102,60,4,204,20,2,22,226
09/18/2004,FWA,IN,AGL,CE,Towers with Radar,20,65,33,0,118,8,20,24,0,52,28,85,57,0,170,40,0,40,210
09/19/2004,FWA,IN,AGL,CE,Towers with Radar,0,67,34,0,101,0,19,26,0,45,0,86,60,0,146,95,0,95,241
09/20/2004,FWA,IN,AGL,CE,Towers with Radar,3,81,41,3,128,0,14,34,1,49,3,95,75,4,177,36,0,36,213
09/21/2004,FWA,IN,AGL,CE,Towers with Radar,32,92,52,4,180,8,0,32,2,42,40,92,84,6,222,26,0,26,248
09/22/2004,FWA,IN,AGL,CE,Towers with Radar,32,97,50,4,183,14,0,57,1,72,46,97,107,5,255,52,0,52,307
09/23/2004,FWA,IN,AGL,CE,Towers with Radar,34,103,55,3,195,14,0,48,0,62,48,103,103,3,257,88,0,88,345
09/24/2004,FWA,IN,AGL,CE,Towers with Radar,32,101,51,2,186,12,1,17,0,30,44,102,68,2,216,10,2,12,228
09/25/2004,FWA,IN,AGL,CE,Towers with Radar,23,73,37,0,133,6,18,19,0,43,29,91,56,0,176,51,0,51,227
09/26/2004,FWA,IN,AGL,CE,Towers with Radar,3,63,31,0,97,0,17,16,0,33,3,80,47,0,130,62,0,62,192
09/27/2004,FWA,IN,AGL,CE,Towers with Radar,2,69,35,1,107,0,15,47,0,62,2,84,82,1,169,0,0,0,169
09/28/2004,FWA,IN,AGL,CE,Towers with Radar,30,87,47,0,164,12,0,8,0,20,42,87,55,0,184,34,0,34,218
09/29/2004,FWA,IN,AGL,CE,Towers with Radar,33,84,52,2,171,12,0,27,0,39,45,84,79,2,210,26,4,30,240
09/30/2004,FWA,IN,AGL,CE,Towers with Radar,30,94,49,3,176,11,2,33,2,48,41,96,82,5,224,26,4,30,254
10/01/2004,FWA,IN,AGL,CE,Combined TRACON& Tower with Radar,44,84,75,21,224,0,0,31,0,31,44,84,106,21,255,22,4,26,281
10/02/2004,FWA,IN,AGL,CE,Combined TRACON& Tower with Radar,30,94,25,6,155,0,3,16,2,21,30,97,41,8,176,21,0,21,197
10/03/2004,FWA,IN,AGL,CE,Combined TRACON& Tower with Radar,0,73,23,13,109,0,10,37,0,47,0,83,60,13,156,44,8,52,208
10/04/2004,FWA,IN,AGL,CE,Combined TRACON& Tower with Radar,1,81,50,14,146,0,1,14,2,17,1,82,64,16,163,20,4,24,187
10/05/2004,FWA,IN,AGL,CE,Combined TRACON& Tower with Radar,32,97,63,15,207,0,3,26,1,30,32,100,89,16,237,44,10,54,291
10/06/2004,FWA,IN,AGL,CE,Combined TRACON& Tower with Radar,44,94,53,11,202,0,2,32,0,34,44,96,85,11,236,6,8,14,250
10/07/2004,FWA,IN,AGL,CE,Combined TRACON& Tower with Radar,49,96,43,12,200,0,2,39,0,41,49,98,82,12,241,20,0,20,261
10/08/2004,FWA,IN,AGL,CE,Combined TRACON& Tower with Radar,44,91,34,8,177,0,3,17,0,20,44,94,51,8,197,52,2,54,251
10/09/2004,FWA,IN,AGL,CE,Combined TRACON& Tower with Radar,30,76,15,0,121,0,3,26,0,29,30,79,41,0,150,28,0,28,178
10/10/2004,FWA,IN,AGL,CE,Combined TRACON& Tower with Radar,0,81,32,0,113,0,1,30,0,31,0,82,62,0,144,57,0,57,201
10/11/2004,FWA,IN,AGL,CE,Combined TRACON& Tower with Radar,0,81,44,0,125,0,1,17,0,18,0,82,61,0,143,32,0,32,175
10/12/2004,FWA,IN,AGL,CE,Combined TRACON& Tower with Radar,38,87,59,7,191,0,0,25,1,26,38,87,84,8,217,50,0,50,267
10/13/2004,FWA,IN,AGL,CE,Combined TRACON& Tower with Radar,39,101,62,12,214,0,2,2,2,6,39,103,64,14,220,4,2,6,226
10/14/2004,FWA,IN,AGL,CE,Combined TRACON& Tower with Radar,41,99,68,13,221,0,0,8,0,8,41,99,76,13,229,0,0,0,229
10/15/2004,FWA,IN,AGL,CE,Combined TRACON& Tower with Radar,43,92,40,13,188,0,1,7,0,8,43,93,47,13,196,4,0,4,200
10/16/2004,FWA,IN,AGL,CE,Combined TRACON& Tower with Radar,30,73,13,4,120,0,3,10,0,13,30,76,23,4,133,0,0,0,133
10/17/2004,FWA,IN,AGL,CE,Combined TRACON& Tower with Radar,0,73,30,0,103,0,4,33,1,38,0,77,63,1,141,59,0,59,200
10/18/2004,FWA,IN,AGL,CE,Combined TRACON& Tower with Radar,1,81,24,6,112,0,3,3,0,6,1,84,27,6,118,0,0,0,118
10/19/2004,FWA,IN,AGL,CE,Combined TRACON& Tower with Radar,38,93,56,3,190,0,0,0,0,0,38,93,56,3,190,0,0,0,190
10/20/2004,FWA,IN,AGL,CE,Combined TRACON& Tower with Radar,52,115,111,8,286,0,0,2,0,2,52,115,113,8,288,20,0,20,308
10/21/2004,FWA,IN,AGL,CE,Combined TRACON& Tower with Radar,42,106,75,13,236,0,2,10,0,12,42,108,85,13,248,20,2,22,270
10/22/2004,FWA,IN,AGL,CE,Combined TRACON& Tower with Radar,42,75,49,10,176,0,0,19,0,19,42,75,68,10,195,24,4,28,223
10/23/2004,FWA,IN,AGL,CE,Combined TRACON& Tower with Radar,36,80,12,0,128,0,0,1,1,2,36,80,13,1,130,0,0,0,130
10/24/2004,FWA,IN,AGL,CE,Combined TRACON& Tower with Radar,0,74,36,0,110,0,1,39,0,40,0,75,75,0,150,20,0,20,170
10/25/2004,FWA,IN,AGL,CE,Combined TRACON& Tower with Radar,0,87,54,0,141,0,0,32,0,32,0,87,86,0,173,30,0,30,203
10/26/2004,FWA,IN,AGL,CE,Combined TRACON& Tower with Radar,42,95,64,19,220,0,0,29,0,29,42,95,93,19,249,68,8,76,325
10/27/2004,FWA,IN,AGL,CE,Combined TRACON& Tower with Radar,43,90,48,14,195,0,0,11,0,11,43,90,59,14,206,24,10,34,240
10/28/2004,FWA,IN,AGL,CE,Combined TRACON& Tower with Radar,49,104,62,13,228,0,0,12,0,12,49,104,74,13,240,24,0,24,264
10/29/2004,FWA,IN,AGL,CE,Combined TRACON& Tower with Radar,42,102,49,8,201,0,1,6,0,7,42,103,55,8,208,2,0,2,210
10/30/2004,FWA,IN,AGL,CE,Combined TRACON& Tower with Radar,27,66,17,0,110,0,3,5,0,8,27,69,22,0,118,0,0,0,118
10/31/2004,FWA,IN,AGL,CE,Combined TRACON& Tower with Radar,0,75,28,0,103,0,0,30,0,30,0,75,58,0,133,54,0,54,187
11/01/2004,FWA,IN,AGL,CE,Combined TRACON& Tower with Radar,0,75,39,23,137,0,1,12,0,13,0,76,51,23,150,13,6,19,169
11/02/2004,FWA,IN,AGL,CE,Combined TRACON& Tower with Radar,36,81,46,0,163,0,0,2,0,2,36,81,48,0,165,0,0,0,165
11/03/2004,FWA,IN,AGL,CE,Combined TRACON& Tower with Radar,39,109,55,13,216,0,0,16,0,16,39,109,71,13,232,16,0,16,248
11/04/2004,FWA,IN,AGL,CE,Combined TRACON& Tower with Radar,48,88,55,10,201,0,1,4,0,5,48,89,59,10,206,2,0,2,208
11/05/2004,FWA,IN,AGL,CE,Combined TRACON& Tower with Radar,38,73,30,4,145,0,0,30,0,30,38,73,60,4,175,36,4,40,215
11/06/2004,FWA,IN,AGL,CE,Combined TRACON& Tower with Radar,31,74,22,21,148,0,3,28,1,32,31,77,50,22,180,36,6,42,222
11/07/2004,FWA,IN,AGL,CE,Combined TRACON& Tower with Radar,0,74,39,5,118,0,2,43,2,47,0,76,82,7,165,54,0,54,219
11/08/2004,FWA,IN,AGL,CE,Combined TRACON& Tower with Radar,2,81,64,10,157,0,0,34,0,34,2,81,98,10,191,46,12,58,249
11/09/2004,FWA,IN,AGL,CE,Combined TRACON& Tower with Radar,42,91,53,8,194,0,2,40,0,42,42,93,93,8,236,60,4,64,300
11/10/2004,FWA,IN,AGL,CE,Combined TRACON& Tower with Radar,42,86,67,11,206,0,1,38,0,39,42,87,105,11,245,36,4,40,285
11/11/2004,FWA,IN,AGL,CE,Combined TRACON& Tower with Radar,40,93,55,0,188,0,2,5,0,7,40,95,60,0,195,42,0,42,237
11/12/2004,FWA,IN,AGL,CE,Combined TRACON& Tower with Radar,37,87,45,3,172,0,0,36,0,36,37,87,81,3,208,27,2,29,237
11/13/2004,FWA,IN,AGL,CE,Combined TRACON& Tower with Radar,26,87,34,1,148,0,0,45,0,45,26,87,79,1,193,66,0,66,259
11/14/2004,FWA,IN,AGL,CE,Combined TRACON& Tower with Radar,0,76,35,0,111,0,0,0,0,0,0,76,35,0,111,98,0,98,209
11/15/2004,FWA,IN,AGL,CE,Combined TRACON& Tower with Radar,0,87,44,12,143,0,4,38,0,42,0,91,82,12,185,46,0,46,231
11/16/2004,FWA,IN,AGL,CE,Combined TRACON& Tower with Radar,37,96,58,13,204,0,1,14,0,15,37,97,72,13,219,52,2,54,273
11/17/2004,FWA,IN,AGL,CE,Combined TRACON& Tower with Radar,40,79,64,16,199,0,0,4,0,4,40,79,68,16,203,0,0,0,203
11/18/2004,FWA,IN,AGL,CE,Combined TRACON& Tower with Radar,43,103,76,6,228,0,3,0,0,3,43,106,76,6,231,0,0,0,231
11/19/2004,FWA,IN,AGL,CE,Combined TRACON& Tower with Radar,35,84,50,1,170,0,0,0,0,0,35,84,50,1,170,0,0,0,170
11/20/2004,FWA,IN,AGL,CE,Combined TRACON& Tower with Radar,29,93,60,2,184,0,0,0,0,0,29,93,60,2,184,36,0,36,220
11/21/2004,FWA,IN,AGL,CE,Combined TRACON& Tower with Radar,0,82,44,0,126,0,3,50,0,53,0,85,94,0,179,116,0,116,295
11/22/2004,FWA,IN,AGL,CE,Combined TRACON& Tower with Radar,0,83,51,17,151,0,1,24,0,25,0,84,75,17,176,40,13,53,229
11/23/2004,FWA,IN,AGL,CE,Combined TRACON& Tower with Radar,40,85,67,10,202,0,0,5,0,5,40,85,72,10,207,28,2,30,237
11/24/2004,FWA,IN,AGL,CE,Combined TRACON& Tower with Radar,38,102,40,4,184,0,2,0,0,2,38,104,40,4,186,0,0,0,186
11/25/2004,FWA,IN,AGL,CE,Combined TRACON& Tower with Radar,2,80,18,0,100,0,1,8,0,9,2,81,26,0,109,28,0,28,137
11/26/2004,FWA,IN,AGL,CE,Combined TRACON& Tower with Radar,4,61,21,0,86,0,2,10,0,12,4,63,31,0,98,0,0,0,98
11/27/2004,FWA,IN,AGL,CE,Combined TRACON& Tower with Radar,4,64,10,0,78,0,0,3,0,3,4,64,13,0,81,48,0,48,129
11/28/2004,FWA,IN,AGL,CE,Combined TRACON& Tower with Radar,0,76,44,0,120,0,1,15,0,16,0,77,59,0,136,75,0,75,211
11/29/2004,FWA,IN,AGL,CE,Combined TRACON& Tower with Radar,0,92,54,11,157,0,0,1,0,1,0,92,55,11,158,2,0,2,160
11/30/2004,FWA,IN,AGL,CE,Combined TRACON& Tower with Radar,34,95,62,5,196,0,0,0,0,0,34,95,62,5,196,0,0,0,196
12/01/2004,FWA,IN,AGL,CE,Combined TRACON& Tower with Radar,36,81,55,12,184,0,0,18,0,18,36,81,73,12,202,36,14,50,252
12/02/2004,FWA,IN,AGL,CE,Combined TRACON& Tower with Radar,36,97,47,11,191,0,3,18,0,21,36,100,65,11,212,8,12,20,232
12/03/2004,FWA,IN,AGL,CE,Combined TRACON& Tower with Radar,37,83,37,13,170,0,2,32,0,34,37,85,69,13,204,32,10,42,246
12/04/2004,FWA,IN,AGL,CE,Combined TRACON& Tower with Radar,28,91,37,10,166,0,3,18,0,21,28,94,55,10,187,70,0,70,257
12/05/2004,FWA,IN,AGL,CE,Combined TRACON& Tower with Radar,0,73,40,6,119,0,0,19,0,19,0,73,59,6,138,98,0,98,236
12/06/2004,FWA,IN,AGL,CE,Combined TRACON& Tower with Radar,0,79,35,0,114,0,1,0,1,2,0,80,35,1,116,12,0,12,128
12/07/2004,FWA,IN,AGL,CE,Combined TRACON& Tower with Radar,39,92,47,7,185,0,2,2,0,4,39,94,49,7,189,0,0,0,189
12/08/2004,FWA,IN,AGL,CE,Combined TRACON& Tower with Radar,36,83,56,8,183,0,2,28,0,30,36,85,84,8,213,16,0,16,229
12/09/2004,FWA,IN,AGL,CE,Combined TRACON& Tower with Radar,37,89,68,10,204,0,1,21,0,22,37,90,89,10,226,26,4,30,256
12/10/2004,FWA,IN,AGL,CE,Combined TRACON& Tower with Radar,38,97,45,6,186,0,0,1,0,1,38,97,46,6,187,2,0,2,189
12/11/2004,FWA,IN,AGL,CE,Combined TRACON& Tower with Radar,30,84,24,0,138,0,1,1,0,2,30,85,25,0,140,56,0,56,196
12/12/2004,FWA,IN,AGL,CE,Combined TRACON& Tower with Radar,2,71,17,8,98,0,0,2,0,2,2,71,19,8,100,22,0,22,122
12/13/2004,FWA,IN,AGL,CE,Combined TRACON& Tower with Radar,0,85,41,3,129,0,8,6,1,15,0,93,47,4,144,12,0,12,156
12/14/2004,FWA,IN,AGL,CE,Combined TRACON& Tower with Radar,28,101,58,5,192,0,3,5,1,9,28,104,63,6,201,0,0,0,201
12/15/2004,FWA,IN,AGL,CE,Combined TRACON& Tower with Radar,41,91,65,9,206,0,0,62,0,62,41,91,127,9,268,54,16,70,338
12/16/2004,FWA,IN,AGL,CE,Combined TRACON& Tower with Radar,41,86,59,10,196,0,0,27,0,27,41,86,86,10,223,12,10,22,245
12/17/2004,FWA,IN,AGL,CE,Combined TRACON& Tower with Radar,42,89,58,4,193,0,0,25,0,25,42,89,83,4,218,88,0,88,306
12/18/2004,FWA,IN,AGL,CE,Combined TRACON& Tower with Radar,31,84,46,0,161,0,2,21,0,23,31,86,67,0,184,86,0,86,270
12/19/2004,FWA,IN,AGL,CE,Combined TRACON& Tower with Radar,0,120,20,0,140,1,6,4,0,11,1,126,24,0,151,64,0,64,215
12/20/2004,FWA,IN,AGL,CE,Combined TRACON& Tower with Radar,2,76,41,8,127,0,4,15,0,19,2,80,56,8,146,46,16,62,208
12/21/2004,FWA,IN,AGL,CE,Combined TRACON& Tower with Radar,41,82,52,8,183,0,2,35,0,37,41,84,87,8,220,63,0,63,283
12/22/2004,FWA,IN,AGL,CE,Combined TRACON& Tower with Radar,42,72,42,6,162,0,3,7,0,10,42,75,49,6,172,54,4,58,230
12/23/2004,FWA,IN,AGL,CE,Combined TRACON& Tower with Radar,36,82,19,0,137,0,1,0,0,1,36,83,19,0,138,0,0,0,138
12/24/2004,FWA,IN,AGL,CE,Combined TRACON& Tower with Radar,9,58,15,0,82,0,8,4,0,12,9,66,19,0,94,0,0,0,94
12/25/2004,FWA,IN,AGL,CE,Combined TRACON& Tower with Radar,0,55,10,0,65,0,4,0,0,4,0,59,10,0,69,0,0,0,69
12/26/2004,FWA,IN,AGL,CE,Combined TRACON& Tower with Radar,0,58,20,0,78,0,4,1,0,5,0,62,21,0,83,72,0,72,155
12/27/2004,FWA,IN,AGL,CE,Combined TRACON& Tower with Radar,5,84,34,0,123,0,2,11,0,13,5,86,45,0,136,32,0,32,168
12/28/2004,FWA,IN,AGL,CE,Combined TRACON& Tower with Radar,31,80,41,6,158,0,2,33,0,35,31,82,74,6,193,97,0,97,290
12/29/2004,FWA,IN,AGL,CE,Combined TRACON& Tower with Radar,35,90,41,8,174,0,8,18,0,26,35,98,59,8,200,120,14,134,334
12/30/2004,FWA,IN,AGL,CE,Combined TRACON& Tower with Radar,36,69,23,0,128,0,2,1,0,3,36,71,24,0,131,0,0,0,131
12/31/2004,FWA,IN,AGL,CE,Combined TRACON& Tower with Radar,9,85,32,0,126,0,6,6,0,12,9,91,38,0,138,0,0,0,138
01/01/2005,FWA,IN,AGL,CE,Combined TRACON& Tower with Radar,4,72,30,0,106,0,0,16,0,16,4,72,46,0,122,50,0,50,172
01/02/2005,FWA,IN,AGL,CE,Combined TRACON& Tower with Radar,0,88,19,0,107,0,0,0,0,0,0,88,19,0,107,0,0,0,107
01/03/2005,FWA,IN,AGL,CE,Combined TRACON& Tower with Radar,0,80,24,0,104,0,0,0,0,0,0,80,24,0,104,0,0,0,104
01/04/2005,FWA,IN,AGL,CE,Combined TRACON& Tower with Radar,35,88,64,13,200,0,0,0,0,0,35,88,64,13,200,0,0,0,200
01/05/2005,FWA,IN,AGL,CE,Combined TRACON& Tower with Radar,33,55,11,0,99,0,0,0,0,0,33,55,11,0,99,0,0,0,99
01/06/2005,FWA,IN,AGL,CE,Combined TRACON& Tower with Radar,20,85,19,3,127,0,0,0,1,1,20,85,19,4,128,0,0,0,128
01/07/2005,FWA,IN,AGL,CE,Combined TRACON& Tower with Radar,38,89,37,0,164,0,6,12,1,19,38,95,49,1,183,64,0,64,247
01/08/2005,FWA,IN,AGL,CE,Combined TRACON& Tower with Radar,26,73,16,0,115,2,0,2,0,4,28,73,18,0,119,0,0,0,119
01/09/2005,FWA,IN,AGL,CE,Combined TRACON& Tower with Radar,0,76,27,0,103,0,5,3,0,8,0,81,30,0,111,31,0,31,142
01/10/2005,FWA,IN,AGL,CE,Combined TRACON& Tower with Radar,0,79,53,20,152,0,4,4,1,9,0,83,57,21,161,36,0,36,197
01/11/2005,FWA,IN,AGL,CE,Combined TRACON& Tower with Radar,27,90,33,0,150,0,0,0,0,0,27,90,33,0,150,0,0,0,150
01/12/2005,FWA,IN,AGL,CE,Combined TRACON& Tower with Radar,46,100,40,14,200,0,1,7,0,8,46,101,47,14,208,2,6,8,216
01/13/2005,FWA,IN,AGL,CE,Combined TRACON& Tower with Radar,33,99,41,2,175,0,3,1,0,4,33,102,42,2,179,2,0,2,181
01/14/2005,FWA,IN,AGL,CE,Combined TRACON& Tower with Radar,30,88,62,11,191,0,4,25,0,29,30,92,87,11,220,30,12,42,262
01/15/2005,FWA,IN,AGL,CE,Combined TRACON& Tower with Radar,27,80,41,0,148,0,2,22,0,24,27,82,63,0,172,96,0,96,268
01/16/2005,FWA,IN,AGL,CE,Combined TRACON& Tower with Radar,0,76,18,0,94,0,2,6,0,8,0,78,24,0,102,15,0,15,117
01/17/2005,FWA,IN,AGL,CE,Combined TRACON& Tower with Radar,0,75,24,0,99,0,2,10,2,14,0,77,34,2,113,20,0,20,133
01/18/2005,FWA,IN,AGL,CE,Combined TRACON& Tower with Radar,28,80,49,0,157,0,10,16,1,27,28,90,65,1,184,25,0,25,209
01/19/2005,FWA,IN,AGL,CE,Combined TRACON& Tower with Radar,33,83,49,0,165,0,1,4,0,5,33,84,53,0,170,5,0,5,175
01/20/2005,FWA,IN,AGL,CE,Combined TRACON& Tower with Radar,36,87,46,7,176,0,4,0,0,4,36,91,46,7,180,0,4,4,184
01/21/2005,FWA,IN,AGL,CE,Combined TRACON& Tower with Radar,32,82,26,8,148,0,2,5,0,7,32,84,31,8,155,2,12,14,169
01/22/2005,FWA,IN,AGL,CE,Combined TRACON& Tower with Radar,26,46,3,0,75,0,0,1,0,1,26,46,4,0,76,0,0,0,76
01/23/2005,FWA,IN,AGL,CE,Combined TRACON& Tower with Radar,2,70,17,3,92,0,3,16,0,19,2,73,33,3,111,29,0,29,140
01/24/2005,FWA,IN,AGL,CE,Combined TRACON& Tower with Radar,3,86,39,10,138,0,5,8,0,13,3,91,47,10,151,8,6,14,165
01/25/2005,FWA,IN,AGL,CE,Combined TRACON& Tower with Radar,31,90,57,5,183,0,4,19,0,23,31,94,76,5,206,10,0,10,216
01/26/2005,FWA,IN,AGL,CE,Combined TRACON& Tower with Radar,40,89,50,2,181,0,7,12,0,19,40,96,62,2,200,22,0,22,222
01/27/2005,FWA,IN,AGL,CE,Combined TRACON& Tower with Radar,39,82,62,8,191,0,2,30,0,32,39,84,92,8,223,68,6,74,297
01/28/2005,FWA,IN,AGL,CE,Combined TRACON& Tower with Radar,30,80,33,24,167,0,3,27,0,30,30,83,60,24,197,8,14,22,219
01/29/2005,FWA,IN,AGL,CE,Combined TRACON& Tower with Radar,27,57,21,6,111,0,3,3,0,6,27,60,24,6,117,4,0,4,121
01/30/2005,FWA,IN,AGL,CE,Combined TRACON& Tower with Radar,0,67,37,2,106,0,5,28,0,33,0,72,65,2,139,39,0,39,178
01/31/2005,FWA,IN,AGL,CE,Combined TRACON& Tower with Radar,3,75,43,0,121,0,2,4,0,6,3,77,47,0,127,0,0,0,127
02/01/2005,FWA,IN,AGL,CE,Combined TRACON& Tower with Radar,20,93,33,2,148,0,0,0,0,0,20,93,33,2,148,0,0,0,148
02/02/2005,FWA,IN,AGL,CE,Combined TRACON& Tower with Radar,28,72,49,8,157,0,0,10,1,11,28,72,59,9,168,78,2,80,248
02/03/2005,FWA,IN,AGL,CE,Combined TRACON& Tower with Radar,39,87,61,8,195,0,0,17,0,17,39,87,78,8,212,100,2,102,314
02/04/2005,FWA,IN,AGL,CE,Combined TRACON& Tower with Radar,34,67,35,0,136,0,0,4,0,4,34,67,39,0,140,0,0,0,140
02/05/2005,FWA,IN,AGL,CE,Combined TRACON& Tower with Radar,23,50,25,0,98,0,0,0,0,0,23,50,25,0,98,0,0,0,98
02/06/2005,FWA,IN,AGL,CE,Combined TRACON& Tower with Radar,0,74,22,0,96,0,7,21,0,28,0,81,43,0,124,32,0,32,156
02/07/2005,FWA,IN,AGL,CE,Combined TRACON& Tower with Radar,0,80,37,0,117,0,1,1,0,2,0,81,38,0,119,0,0,0,119
02/08/2005,FWA,IN,AGL,CE,Combined TRACON& Tower with Radar,27,98,51,3,179,0,0,0,0,0,27,98,51,3,179,0,0,0,179
02/09/2005,FWA,IN,AGL,CE,Combined TRACON& Tower with Radar,36,102,62,3,203,0,0,5,0,5,36,102,67,3,208,6,0,6,214
02/10/2005,FWA,IN,AGL,CE,Combined TRACON& Tower with Radar,38,91,41,6,176,0,3,16,0,19,38,94,57,6,195,74,12,86,281
02/11/2005,FWA,IN,AGL,CE,Combined TRACON& Tower with Radar,33,84,28,6,151,0,1,10,0,11,33,85,38,6,162,88,0,88,250
02/12/2005,FWA,IN,AGL,CE,Combined TRACON& Tower with Radar,25,82,32,7,146,0,4,45,0,49,25,86,77,7,195,57,0,57,252
02/13/2005,FWA,IN,AGL,CE,Combined TRACON& Tower with Radar,0,65,18,3,86,0,0,8,0,8,0,65,26,3,94,28,0,28,122
02/14/2005,FWA,IN,AGL,CE,Combined TRACON& Tower with Radar,0,80,36,0,116,0,5,1,0,6,0,85,37,0,122,0,0,0,122
02/15/2005,FWA,IN,AGL,CE,Combined TRACON& Tower with Radar,25,87,54,10,176,0,4,11,1,16,25,91,65,11,192,14,16,30,222
02/16/2005,FWA,IN,AGL,CE,Combined TRACON& Tower with Radar,41,83,34,14,172,0,2,16,1,19,41,85,50,15,191,12,4,16,207
02/17/2005,FWA,IN,AGL,CE,Combined TRACON& Tower with Radar,35,91,36,13,175,0,4,2,1,7,35,95,38,14,182,2,2,4,186
02/18/2005,FWA,IN,AGL,CE,Combined TRACON& Tower with Radar,46,82,39,8,175,0,0,15,0,15,46,82,54,8,190,24,0,24,214
02/19/2005,FWA,IN,AGL,CE,Combined TRACON& Tower with Radar,26,75,35,0,136,0,2,36,0,38,26,77,71,0,174,108,0,108,282
02/20/2005,FWA,IN,AGL,CE,Combined TRACON& Tower with Radar,0,57,14,0,71,0,0,1,0,1,0,57,15,0,72,0,0,0,72
02/21/2005,FWA,IN,AGL,CE,Combined TRACON& Tower with Radar,0,89,37,0,126,0,0,4,0,4,0,89,41,0,130,0,0,0,130
02/22/2005,FWA,IN,AGL,CE,Combined TRACON& Tower with Radar,35,90,51,8,184,0,1,6,0,7,35,91,57,8,191,6,0,6,197
02/23/2005,FWA,IN,AGL,CE,Combined TRACON& Tower with Radar,42,88,58,9,197,0,3,18,0,21,42,91,76,9,218,47,4,51,269
02/24/2005,FWA,IN,AGL,CE,Combined TRACON& Tower with Radar,39,93,53,10,195,0,6,21,0,27,39,99,74,10,222,30,12,42,264
02/25/2005,FWA,IN,AGL,CE,Combined TRACON& Tower with Radar,35,84,43,9,171,0,6,8,0,14,35,90,51,9,185,6,0,6,191
02/26/2005,FWA,IN,AGL,CE,Combined TRACON& Tower with Radar,26,82,34,8,150,0,10,44,1,55,26,92,78,9,205,92,26,118,323
02/27/2005,FWA,IN,AGL,CE,Combined TRACON& Tower with Radar,0,67,57,8,132,0,7,34,0,41,0,74,91,8,173,9,2,11,184
02/28/2005,FWA,IN,AGL,CE,Combined TRACON& Tower with Radar,0,66,30,0,96,0,0,1,0,1,0,66,31,0,97,0,0,0,97
03/01/2005,FWA,IN,AGL,CE,Combined TRACON& Tower with Radar,35,82,41,0,158,0,0,2,0,2,35,82,43,0,160,0,0,0,160
03/02/2005,FWA,IN,AGL,CE,Combined TRACON& Tower with Radar,35,99,57,9,200,0,6,11,0,17,35,105,68,9,217,30,12,42,259
03/03/2005,FWA,IN,AGL,CE,Combined TRACON& Tower with Radar,36,91,51,11,189,0,1,43,0,44,36,92,94,11,233,83,18,101,334
03/04/2005,FWA,IN,AGL,CE,Combined TRACON& Tower with Radar,35,95,50,12,192,0,1,29,1,31,35,96,79,13,223,100,0,100,323
03/05/2005,FWA,IN,AGL,CE,Combined TRACON& Tower with Radar,28,76,20,0,124,0,8,22,0,30,28,84,42,0,154,52,0,52,206
03/06/2005,FWA,IN,AGL,CE,Combined TRACON& Tower with Radar,1,67,13,0,81,0,4,14,0,18,1,71,27,0,99,42,0,42,141
03/07/2005,FWA,IN,AGL,CE,Combined TRACON& Tower with Radar,3,77,44,11,135,0,1,9,2,12,3,78,53,13,147,39,0,39,186
03/08/2005,FWA,IN,AGL,CE,Combined TRACON& Tower with Radar,35,94,56,12,197,0,1,14,0,15,35,95,70,12,212,30,0,30,242
03/09/2005,FWA,IN,AGL,CE,Combined TRACON& Tower with Radar,35,88,72,18,213,0,1,16,0,17,35,89,88,18,230,89,20,109,339
03/10/2005,FWA,IN,AGL,CE,Combined TRACON& Tower with Radar,37,80,37,12,166,0,5,8,1,14,37,85,45,13,180,54,6,60,240
03/11/2005,FWA,IN,AGL,CE,Combined TRACON& Tower with Radar,36,89,63,10,198,0,3,5,0,8,36,92,68,10,206,40,0,40,246
03/12/2005,FWA,IN,AGL,CE,Combined TRACON& Tower with Radar,28,68,16,14,126,0,0,7,0,7,28,68,23,14,133,60,0,60,193
03/13/2005,FWA,IN,AGL,CE,Combined TRACON& Tower with Radar,0,61,34,16,111,0,3,43,2,48,0,64,77,18,159,49,16,65,224
03/14/2005,FWA,IN,AGL,CE,Combined TRACON& Tower with Radar,0,82,42,0,124,0,0,0,0,0,0,82,42,0,124,2,4,6,130
03/15/2005,FWA,IN,AGL,CE,Combined TRACON& Tower with Radar,32,93,67,14,206,0,1,30,0,31,32,94,97,14,237,18,14,32,269
03/16/2005,FWA,IN,AGL,CE,Combined TRACON& Tower with Radar,36,85,72,13,206,0,0,34,1,35,36,85,106,14,241,0,0,0,241
03/17/2005,FWA,IN,AGL,CE,Combined TRACON& Tower with Radar,39,91,33,9,172,0,0,16,0,16,39,91,49,9,188,8,0,8,196
03/18/2005,FWA,IN,AGL,CE,Combined TRACON& Tower with Radar,37,81,30,9,157,0,3,30,0,33,37,84,60,9,190,38,26,64,254
03/19/2005,FWA,IN,AGL,CE,Combined TRACON& Tower with Radar,20,73,48,0,141,0,2,6,0,8,20,75,54,0,149,93,0,93,242
03/20/2005,FWA,IN,AGL,CE,Combined TRACON& Tower with Radar,0,71,26,2,99,0,0,4,0,4,0,71,30,2,103,54,0,54,157
03/21/2005,FWA,IN,AGL,CE,Combined TRACON& Tower with Radar,2,77,41,9,129,0,0,21,0,21,2,77,62,9,150,6,6,12,162
03/22/2005,FWA,IN,AGL,CE,Combined TRACON& Tower with Radar,33,76,54,15,178,0,4,24,2,30,33,80,78,17,208,18,6,24,232
03/23/2005,FWA,IN,AGL,CE,Combined TRACON& Tower with Radar,34,94,50,13,191,0,1,0,0,1,34,95,50,13,192,0,0,0,192
03/24/2005,FWA,IN,AGL,CE,Combined TRACON& Tower with Radar,37,89,78,15,219,0,0,36,0,36,37,89,114,15,255,8,0,8,263
03/25/2005,FWA,IN,AGL,CE,Combined TRACON& Tower with Radar,36,75,28,15,154,0,0,0,0,0,36,75,28,15,154,18,0,18,172
03/26/2005,FWA,IN,AGL,CE,Combined TRACON& Tower with Radar,6,71,16,2,95,0,0,3,0,3,6,71,19,2,98,30,0,30,128
03/27/2005,FWA,IN,AGL,CE,Combined TRACON& Tower with Radar,0,53,37,0,90,0,1,18,0,19,0,54,55,0,109,82,0,82,191
03/28/2005,FWA,IN,AGL,CE,Combined TRACON& Tower with Radar,0,73,37,8,118,0,1,25,0,26,0,74,62,8,144,16,8,24,168
03/29/2005,FWA,IN,AGL,CE,Combined TRACON& Tower with Radar,35,73,45,14,167,0,1,46,0,47,35,74,91,14,214,126,10,136,350
03/30/2005,FWA,IN,AGL,CE,Combined TRACON& Tower with Radar,38,81,48,10,177,0,4,19,0,23,38,85,67,10,200,20,20,40,240
03/31/2005,FWA,IN,AGL,CE,Combined TRACON& Tower with Radar,37,80,42,10,169,0,1,9,0,10,37,81,51,10,179,0,0,0,179
04/01/2005,FWA,IN,AGL,CE,Combined TRACON& Tower with Radar,36,83,35,6,160,0,2,27,0,29,36,85,62,6,189,56,12,68,257
04/02/2005,FWA,IN,AGL,CE,Combined TRACON& Tower with Radar,28,73,20,1,122,0,0,19,0,19,28,73,39,1,141,81,0,81,222
04/03/2005,FWA,IN,AGL,CE,Combined TRACON& Tower with Radar,0,68,17,0,85,0,2,32,0,34,0,70,49,0,119,41,0,41,160
04/04/2005,FWA,IN,AGL,CE,Combined TRACON& Tower with Radar,0,74,39,6,119,0,1,43,0,44,0,75,82,6,163,56,26,82,245
04/05/2005,FWA,IN,AGL,CE,Combined TRACON& Tower with Radar,32,77,42,9,160,0,0,37,1,38,32,77,79,10,198,66,8,74,272
04/06/2005,FWA,IN,AGL,CE,Combined TRACON& Tower with Radar,34,77,68,6,185,0,0,16,1,17,34,77,84,7,202,48,0,48,250
04/07/2005,FWA,IN,AGL,CE,Combined TRACON& Tower with Radar,35,96,59,7,197,0,2,1,0,3,35,98,60,7,200,16,0,16,216
04/08/2005,FWA,IN,AGL,CE,Combined TRACON& Tower with Radar,35,81,59,10,185,0,0,40,0,40,35,81,99,10,225,48,6,54,279
04/09/2005,FWA,IN,AGL,CE,Combined TRACON& Tower with Radar,26,83,33,0,142,0,1,48,0,49,26,84,81,0,191,88,0,88,279
04/10/2005,FWA,IN,AGL,CE,Combined TRACON& Tower with Radar,1,66,41,0,108,0,0,57,0,57,1,66,98,0,165,74,0,74,239
04/11/2005,FWA,IN,AGL,CE,Combined TRACON& Tower with Radar,6,82,40,1,129,0,6,30,0,36,6,88,70,1,165,14,0,14,179
04/12/2005,FWA,IN,AGL,CE,Combined TRACON& Tower with Radar,33,78,56,12,179,0,0,7,1,8,33,78,63,13,187,18,6,24,211
04/13/2005,FWA,IN,AGL,CE,Combined TRACON& Tower with Radar,32,75,38,12,157,0,5,16,2,23,32,80,54,14,180,16,4,20,200
04/14/2005,FWA,IN,AGL,CE,Combined TRACON& Tower with Radar,33,85,54,23,195,0,5,29,0,34,33,90,83,23,229,42,26,68,297
04/15/2005,FWA,IN,AGL,CE,Combined TRACON& Tower with Radar,30,79,54,12,175,0,3,43,1,47,30,82,97,13,222,135,8,143,365
04/16/2005,FWA,IN,AGL,CE,Combined TRACON& Tower with Radar,24,70,23,10,127,0,7,45,0,52,24,77,68,10,179,86,0,86,265
04/17/2005,FWA,IN,AGL,CE,Combined TRACON& Tower with Radar,0,69,28,9,106,0,2,27,1,30,0,71,55,10,136,110,0,110,246
04/18/2005,FWA,IN,AGL,CE,Combined TRACON& Tower with Radar,1,79,58,21,159,0,1,26,0,27,1,80,84,21,186,84,32,116,302
04/19/2005,FWA,IN,AGL,CE,Combined TRACON& Tower with Radar,32,80,63,17,192,0,1,26,0,27,32,81,89,17,219,112,4,116,335
04/20/2005,FWA,IN,AGL,CE,Combined TRACON& Tower with Radar,36,71,45,14,166,0,3,15,0,18,36,74,60,14,184,10,14,24,208
04/21/2005,FWA,IN,AGL,CE,Combined TRACON& Tower with Radar,33,94,49,14,190,0,0,14,0,14,33,94,63,14,204,44,10,54,258
04/22/2005,FWA,IN,AGL,CE,Combined TRACON& Tower with Radar,37,78,55,11,181,0,0,0,0,0,37,78,55,11,181,0,0,0,181
04/23/2005,FWA,IN,AGL,CE,Combined TRACON& Tower with Radar,26,82,32,0,140,0,2,4,0,6,26,84,36,0,146,84,0,84,230
04/24/2005,FWA,IN,AGL,CE,Combined TRACON& Tower with Radar,0,69,18,0,87,0,0,7,0,7,0,69,25,0,94,28,0,28,122
04/25/2005,FWA,IN,AGL,CE,Combined TRACON& Tower with Radar,0,76,49,1,126,0,0,22,0,22,0,76,71,1,148,33,0,33,181
04/26/2005,FWA,IN,AGL,CE,Combined TRACON& Tower with Radar,30,72,72,12,186,0,3,8,1,12,30,75,80,13,198,38,6,44,242
04/27/2005,FWA,IN,AGL,CE,Combined TRACON& Tower with Radar,30,73,53,8,164,0,3,14,0,17,30,76,67,8,181,49,0,49,230
04/28/2005,FWA,IN,AGL,CE,Combined TRACON& Tower with Radar,32,80,46,10,168,0,1,30,0,31,32,81,76,10,199,78,10,88,287
04/29/2005,FWA,IN,AGL,CE,Combined TRACON& Tower with Radar,35,92,39,2,168,0,3,17,0,20,35,95,56,2,188,38,10,48,236
04/30/2005,FWA,IN,AGL,CE,Combined TRACON& Tower with Radar,26,61,42,0,129,0,2,19,0,21,26,63,61,0,150,79,0,79,229
05/01/2005,FWA,IN,AGL,CE,Combined TRACON& Tower with Radar,0,68,26,0,94,0,1,17,0,18,0,69,43,0,112,46,0,46,158
05/02/2005,FWA,IN,AGL,CE,Combined TRACON& Tower with Radar,2,80,44,2,128,0,0,12,0,12,2,80,56,2,140,7,0,7,147
05/03/2005,FWA,IN,AGL,CE,Combined TRACON& Tower with Radar,32,75,42,6,155,0,0,25,0,25,32,75,67,6,180,38,2,40,220
05/04/2005,FWA,IN,AGL,CE,Combined TRACON& Tower with Radar,33,77,44,2,156,0,1,28,0,29,33,78,72,2,185,86,0,86,271
05/05/2005,FWA,IN,AGL,CE,Combined TRACON& Tower with Radar,36,91,50,0,177,0,2,37,0,39,36,93,87,0,216,52,0,52,268
05/06/2005,FWA,IN,AGL,CE,Combined TRACON& Tower with Radar,32,78,33,2,145,0,2,42,0,44,32,80,75,2,189,16,0,16,205
05/07/2005,FWA,IN,AGL,CE,Combined TRACON& Tower with Radar,28,74,24,0,126,0,2,24,0,26,28,76,48,0,152,60,0,60,212
05/08/2005,FWA,IN,AGL,CE,Combined TRACON& Tower with Radar,0,74,14,0,88,0,1,25,0,26,0,75,39,0,114,151,0,151,265
05/09/2005,FWA,IN,AGL,CE,Combined TRACON& Tower with Radar,0,80,59,0,139,0,2,15,0,17,0,82,74,0,156,12,0,12,168
05/10/2005,FWA,IN,AGL,CE,Combined TRACON& Tower with Radar,31,102,59,3,195,0,1,25,0,26,31,103,84,3,221,45,0,45,266
05/11/2005,FWA,IN,AGL,CE,Combined TRACON& Tower with Radar,37,71,79,7,194,0,2,25,0,27,37,73,104,7,221,62,4,66,287
05/12/2005,FWA,IN,AGL,CE,Combined TRACON& Tower with Radar,33,94,59,6,192,0,2,5,0,7,33,96,64,6,199,36,2,38,237
05/13/2005,FWA,IN,AGL,CE,Combined TRACON& Tower with Radar,42,72,45,8,167,0,3,22,3,28,42,75,67,11,195,28,10,38,233
05/14/2005,FWA,IN,AGL,CE,Combined TRACON& Tower with Radar,34,73,27,14,148,0,2,7,0,9,34,75,34,14,157,189,2,191,348
05/15/2005,FWA,IN,AGL,CE,Combined TRACON& Tower with Radar,0,67,30,14,111,0,0,13,0,13,0,67,43,14,124,75,0,75,199
05/16/2005,FWA,IN,AGL,CE,Combined TRACON& Tower with Radar,2,80,82,4,168,0,1,27,0,28,2,81,109,4,196,77,6,83,279
05/17/2005,FWA,IN,AGL,CE,Combined TRACON& Tower with Radar,33,81,32,7,153,0,8,28,0,36,33,89,60,7,189,46,6,52,241
05/18/2005,FWA,IN,AGL,CE,Combined TRACON& Tower with Radar,32,82,60,4,178,0,0,28,0,28,32,82,88,4,206,16,12,28,234
05/19/2005,FWA,IN,AGL,CE,Combined TRACON& Tower with Radar,38,83,77,1,199,0,1,13,0,14,38,84,90,1,213,5,0,5,218
05/20/2005,FWA,IN,AGL,CE,Combined TRACON& Tower with Radar,34,85,81,0,200,0,2,23,0,25,34,87,104,0,225,97,0,97,322
05/21/2005,FWA,IN,AGL,CE,Combined TRACON& Tower with Radar,24,79,12,0,115,0,2,46,0,48,24,81,58,0,163,64,0,64,227
05/22/2005,FWA,IN,AGL,CE,Combined TRACON& Tower with Radar,0,68,31,0,99,0,0,20,0,20,0,68,51,0,119,20,0,20,139
05/23/2005,FWA,IN,AGL,CE,Combined TRACON& Tower with Radar,2,99,39,0,140,0,0,12,0,12,2,99,51,0,152,36,0,36,188
05/24/2005,FWA,IN,AGL,CE,Combined TRACON& Tower with Radar,33,81,52,5,171,0,0,8,0,8,33,81,60,5,179,50,4,54,233
05/25/2005,FWA,IN,AGL,CE,Combined TRACON& Tower with Radar,35,83,61,8,187,0,2,43,0,45,35,85,104,8,232,67,4,71,303
05/26/2005,FWA,IN,AGL,CE,Combined TRACON& Tower with Radar,32,83,56,8,179,0,3,17,0,20,32,86,73,8,199,26,0,26,225
05/27/2005,FWA,IN,AGL,CE,Combined TRACON& Tower with Radar,33,80,43,10,166,0,2,23,0,25,33,82,66,10,191,64,0,64,255
05/28/2005,FWA,IN,AGL,CE,Combined TRACON& Tower with Radar,24,65,17,6,112,0,4,25,0,29,24,69,42,6,141,32,0,32,173
05/29/2005,FWA,IN,AGL,CE,Combined TRACON& Tower with Radar,0,60,12,0,72,0,4,22,0,26,0,64,34,0,98,45,0,45,143
05/30/2005,FWA,IN,AGL,CE,Combined TRACON& Tower with Radar,1,68,15,0,84,0,3,28,0,31,1,71,43,0,115,26,0,26,141
05/31/2005,FWA,IN,AGL,CE,Combined TRACON& Tower with Radar,2,70,54,23,149,0,3,32,0,35,2,73,86,23,184,14,16,30,214
06/01/2005,FWA,IN,AGL,CE,Combined TRACON& Tower with Radar,39,81,43,6,169,0,2,26,1,29,39,83,69,7,198,32,0,32,230
06/02/2005,FWA,IN,AGL,CE,Combined TRACON& Tower with Radar,34,91,59,4,188,0,3,13,1,17,34,94,72,5,205,18,2,20,225
06/03/2005,FWA,IN,AGL,CE,Combined TRACON& Tower with Radar,25,78,36,7,146,0,3,7,0,10,25,81,43,7,156,6,0,6,162
06/04/2005,FWA,IN,AGL,CE,Combined TRACON& Tower with Radar,27,84,22,0,133,1,6,21,0,28,28,90,43,0,161,100,0,100,261
06/05/2005,FWA,IN,AGL,CE,Combined TRACON& Tower with Radar,3,58,17,4,82,0,3,19,1,23,3,61,36,5,105,38,0,38,143
06/06/2005,FWA,IN,AGL,CE,Combined TRACON& Tower with Radar,1,69,36,11,117,0,4,22,0,26,1,73,58,11,143,8,0,8,151
06/07/2005,FWA,IN,AGL,CE,Combined TRACON& Tower with Radar,30,88,54,29,201,1,2,21,0,24,31,90,75,29,225,35,54,89,314
06/08/2005,FWA,IN,AGL,CE,Combined TRACON& Tower with Radar,42,90,58,14,204,0,3,18,1,22,42,93,76,15,226,48,12,60,286
06/09/2005,FWA,IN,AGL,CE,Combined TRACON& Tower with Radar,37,81,40,11,169,0,5,17,1,23,37,86,57,12,192,20,12,32,224
06/10/2005,FWA,IN,AGL,CE,Combined TRACON& Tower with Radar,34,87,59,2,182,0,0,16,1,17,34,87,75,3,199,32,0,32,231
06/11/2005,FWA,IN,AGL,CE,Combined TRACON& Tower with Radar,26,60,27,0,113,0,2,17,0,19,26,62,44,0,132,14,0,14,146
06/12/2005,FWA,IN,AGL,CE,Combined TRACON& Tower with Radar,0,67,42,10,119,0,2,8,0,10,0,69,50,10,129,93,0,93,222
06/13/2005,FWA,IN,AGL,CE,Combined TRACON& Tower with Radar,3,75,51,14,143,0,3,12,0,15,3,78,63,14,158,6,6,12,170
06/14/2005,FWA,IN,AGL,CE,Combined TRACON& Tower with Radar,34,75,43,10,162,0,5,17,1,23,34,80,60,11,185,99,4,103,288
06/15/2005,FWA,IN,AGL,CE,Combined TRACON& Tower with Radar,35,85,37,13,170,0,2,12,0,14,35,87,49,13,184,74,20,94,278
06/16/2005,FWA,IN,AGL,CE,Combined TRACON& Tower with Radar,33,81,46,7,167,0,0,35,1,36,33,81,81,8,203,92,13,105,308
06/17/2005,FWA,IN,AGL,CE,Combined TRACON& Tower with Radar,38,80,43,5,166,0,6,59,3,68,38,86,102,8,234,82,6,88,322
06/18/2005,FWA,IN,AGL,CE,Combined TRACON& Tower with Radar,28,63,25,1,117,0,3,21,2,26,28,66,46,3,143,38,2,40,183
06/19/2005,FWA,IN,AGL,CE,Combined TRACON& Tower with Radar,0,72,22,4,98,0,0,33,1,34,0,72,55,5,132,65,2,67,199
06/20/2005,FWA,IN,AGL,CE,Combined TRACON& Tower with Radar,0,69,41,1,111,0,6,26,0,32,0,75,67,1,143,110,0,110,253
06/21/2005,FWA,IN,AGL,CE,Combined TRACON& Tower with Radar,38,69,70,9,186,0,5,29,1,35,38,74,99,10,221,60,8,68,289
06/22/2005,FWA,IN,AGL,CE,Combined TRACON& Tower with Radar,44,85,52,9,190,0,1,34,0,35,44,86,86,9,225,42,14,56,281
06/23/2005,FWA,IN,AGL,CE,Combined TRACON& Tower with Radar,40,84,56,7,187,0,4,30,0,34,40,88,86,7,221,26,2,28,249
06/24/2005,FWA,IN,AGL,CE,Combined TRACON& Tower with Radar,41,76,44,11,172,0,6,50,0,56,41,82,94,11,228,30,12,42,270
06/25/2005,FWA,IN,AGL,CE,Combined TRACON& Tower with Radar,28,69,50,0,147,0,1,25,0,26,28,70,75,0,173,56,0,56,229
06/26/2005,FWA,IN,AGL,CE,Combined TRACON& Tower with Radar,0,62,34,0,96,0,1,26,0,27,0,63,60,0,123,50,0,50,173
06/27/2005,FWA,IN,AGL,CE,Combined TRACON& Tower with Radar,1,80,51,0,132,0,5,18,1,24,1,85,69,1,156,204,0,204,360
06/28/2005,FWA,IN,AGL,CE,Combined TRACON& Tower with Radar,33,82,53,4,172,0,6,11,0,17,33,88,64,4,189,122,0,122,311
06/29/2005,FWA,IN,AGL,CE,Combined TRACON& Tower with Radar,41,78,52,4,175,0,1,15,0,16,41,79,67,4,191,104,0,104,295
06/30/2005,FWA,IN,AGL,CE,Combined TRACON& Tower with Radar,42,78,48,5,173,0,5,9,0,14,42,83,57,5,187,38,8,46,233
07/01/2005,FWA,IN,AGL,CE,Combined TRACON& Tower with Radar,32,68,76,5,181,0,0,37,1,38,32,68,113,6,219,94,0,94,313
07/02/2005,FWA,IN,AGL,CE,Combined TRACON& Tower with Radar,24,63,20,1,108,0,0,33,0,33,24,63,53,1,141,66,8,74,215
07/03/2005,FWA,IN,AGL,CE,Combined TRACON& Tower with Radar,1,59,17,0,77,0,6,26,0,32,1,65,43,0,109,80,0,80,189
07/04/2005,FWA,IN,AGL,CE,Combined TRACON& Tower with Radar,0,66,18,1,85,0,1,20,1,22,0,67,38,2,107,12,4,16,123
07/05/2005,FWA,IN,AGL,CE,Combined TRACON& Tower with Radar,2,80,49,3,134,0,0,14,0,14,2,80,63,3,148,102,3,105,253
07/06/2005,FWA,IN,AGL,CE,Combined TRACON& Tower with Radar,30,80,51,5,166,0,4,28,0,32,30,84,79,5,198,58,4,62,260
07/07/2005,FWA,IN,AGL,CE,Combined TRACON& Tower with Radar,33,84,44,8,169,0,0,27,0,27,33,84,71,8,196,28,0,28,224
07/08/2005,FWA,IN,AGL,CE,Combined TRACON& Tower with Radar,32,66,40,8,146,0,5,40,2,47,32,71,80,10,193,65,16,81,274
07/09/2005,FWA,IN,AGL,CE,Combined TRACON& Tower with Radar,23,67,39,2,131,0,4,26,3,33,23,71,65,5,164,100,14,114,278
07/10/2005,FWA,IN,AGL,CE,Combined TRACON& Tower with Radar,0,195,23,0,218,0,3,22,0,25,0,198,45,0,243,66,0,66,309
07/11/2005,FWA,IN,AGL,CE,Combined TRACON& Tower with Radar,0,72,46,6,124,0,3,36,0,39,0,75,82,6,163,37,4,41,204
07/12/2005,FWA,IN,AGL,CE,Combined TRACON& Tower with Radar,29,79,69,8,185,0,2,22,0,24,29,81,91,8,209,104,6,110,319
07/13/2005,FWA,IN,AGL,CE,Combined TRACON& Tower with Radar,35,78,52,11,176,0,0,9,0,9,35,78,61,11,185,87,1,88,273
07/14/2005,FWA,IN,AGL,CE,Combined TRACON& Tower with Radar,35,79,51,40,205,0,0,4,0,4,35,79,55,40,209,0,2,2,211
07/15/2005,FWA,IN,AGL,CE,Combined TRACON& Tower with Radar,36,84,79,27,226,0,1,23,1,25,36,85,102,28,251,157,0,157,408
07/16/2005,FWA,IN,AGL,CE,Combined TRACON& Tower with Radar,28,111,32,11,182,0,4,5,0,9,28,115,37,11,191,20,0,20,211
07/17/2005,FWA,IN,AGL,CE,Combined TRACON& Tower with Radar,0,69,28,14,111,0,2,5,1,8,0,71,33,15,119,69,0,69,188
07/18/2005,FWA,IN,AGL,CE,Combined TRACON& Tower with Radar,0,87,59,2,148,0,4,4,0,8,0,91,63,2,156,21,0,21,177
07/19/2005,FWA,IN,AGL,CE,Combined TRACON& Tower with Radar,33,83,41,4,161,0,0,29,0,29,33,83,70,4,190,159,0,159,349
07/20/2005,FWA,IN,AGL,CE,Combined TRACON& Tower with Radar,43,81,61,8,193,0,5,48,0,53,43,86,109,8,246,40,12,52,298
07/21/2005,FWA,IN,AGL,CE,Combined TRACON& Tower with Radar,56,75,47,12,190,0,1,35,0,36,56,76,82,12,226,101,6,107,333
07/22/2005,FWA,IN,AGL,CE,Combined TRACON& Tower with Radar,44,58,36,4,142,6,3,46,0,55,50,61,82,4,197,59,0,59,256
07/23/2005,FWA,IN,AGL,CE,Combined TRACON& Tower with Radar,31,63,33,1,128,2,2,46,0,50,33,65,79,1,178,72,0,72,250
07/24/2005,FWA,IN,AGL,CE,Combined TRACON& Tower with Radar,0,70,39,0,109,0,0,33,0,33,0,70,72,0,142,106,0,106,248
07/25/2005,FWA,IN,AGL,CE,Combined TRACON& Tower with Radar,0,71,43,5,119,0,1,13,0,14,0,72,56,5,133,12,2,14,147
07/26/2005,FWA,IN,AGL,CE,Combined TRACON& Tower with Radar,36,69,40,10,155,0,2,10,0,12,36,71,50,10,167,0,2,2,169
07/27/2005,FWA,IN,AGL,CE,Combined TRACON& Tower with Radar,27,82,52,17,178,0,2,29,1,32,27,84,81,18,210,88,16,104,314
07/28/2005,FWA,IN,AGL,CE,Combined TRACON& Tower with Radar,34,97,51,10,192,0,0,53,0,53,34,97,104,10,245,43,0,43,288
07/29/2005,FWA,IN,AGL,CE,Combined TRACON& Tower with Radar,37,78,28,0,143,0,4,49,0,53,37,82,77,0,196,47,0,47,243
07/30/2005,FWA,IN,AGL,CE,Combined TRACON& Tower with Radar,25,61,38,0,124,0,1,19,0,20,25,62,57,0,144,34,0,34,178
07/31/2005,FWA,IN,AGL,CE,Combined TRACON& Tower with Radar,1,57,35,0,93,0,6,44,0,50,1,63,79,0,143,36,0,36,179
08/01/2005,FWA,IN,AGL,CE,Combined TRACON& Tower with Radar,2,74,67,0,143,0,0,30,0,30,2,74,97,0,173,29,0,29,202
08/02/2005,FWA,IN,AGL,CE,Combined TRACON& Tower with Radar,37,69,44,6,156,0,2,31,0,33,37,71,75,6,189,114,8,122,311
08/03/2005,FWA,IN,AGL,CE,Combined TRACON& Tower with Radar,39,81,64,10,194,0,1,26,0,27,39,82,90,10,221,16,20,36,257
08/04/2005,FWA,IN,AGL,CE,Combined TRACON& Tower with Radar,41,78,62,14,195,0,0,23,0,23,41,78,85,14,218,52,14,66,284
08/05/2005,FWA,IN,AGL,CE,Combined TRACON& Tower with Radar,37,79,30,17,163,0,4,32,0,36,37,83,62,17,199,19,14,33,232
08/06/2005,FWA,IN,AGL,CE,Combined TRACON& Tower with Radar,26,54,34,22,136,0,1,35,0,36,26,55,69,22,172,86,22,108,280
08/07/2005,FWA,IN,AGL,CE,Combined TRACON& Tower with Radar,0,70,19,14,103,0,3,35,0,38,0,73,54,14,141,105,66,171,312
08/08/2005,FWA,IN,AGL,CE,Combined TRACON& Tower with Radar,0,72,36,21,129,0,3,13,1,17,0,75,49,22,146,62,32,94,240
08/09/2005,FWA,IN,AGL,CE,Combined TRACON& Tower with Radar,33,77,49,14,173,0,3,20,1,24,33,80,69,15,197,16,12,28,225
08/10/2005,FWA,IN,AGL,CE,Combined TRACON& Tower with Radar,36,77,38,19,170,0,2,9,2,13,36,79,47,21,183,59,13,72,255
08/11/2005,FWA,IN,AGL,CE,Combined TRACON& Tower with Radar,38,83,64,12,197,0,4,14,0,18,38,87,78,12,215,24,10,34,249
08/12/2005,FWA,IN,AGL,CE,Combined TRACON& Tower with Radar,40,84,37,34,195,0,2,26,0,28,40,86,63,34,223,68,16,84,307
08/13/2005,FWA,IN,AGL,CE,Combined TRACON& Tower with Radar,27,60,12,0,99,0,5,7,0,12,27,65,19,0,111,6,0,6,117
08/14/2005,FWA,IN,AGL,CE,Combined TRACON& Tower with Radar,2,68,34,2,106,0,0,3,0,3,2,68,37,2,109,24,0,24,133
08/15/2005,FWA,IN,AGL,CE,Combined TRACON& Tower with Radar,0,83,31,1,115,0,4,15,0,19,0,87,46,1,134,10,0,10,144
08/16/2005,FWA,IN,AGL,CE,Combined TRACON& Tower with Radar,36,77,65,18,196,0,8,34,0,42,36,85,99,18,238,126,4,130,368
08/17/2005,FWA,IN,AGL,CE,Combined TRACON& Tower with Radar,38,84,55,14,191,0,2,46,0,48,38,86,101,14,239,83,8,91,330
08/18/2005,FWA,IN,AGL,CE,Combined TRACON& Tower with Radar,40,91,66,9,206,0,4,22,1,27,40,95,88,10,233,70,8,78,311
08/19/2005,FWA,IN,AGL,CE,Combined TRACON& Tower with Radar,46,82,51,10,189,0,3,20,0,23,46,85,71,10,212,67,5,72,284
08/20/2005,FWA,IN,AGL,CE,Combined TRACON& Tower with Radar,28,67,26,0,121,0,9,10,0,19,28,76,36,0,140,38,0,38,178
08/21/2005,FWA,IN,AGL,CE,Combined TRACON& Tower with Radar,3,65,29,2,99,0,4,35,1,40,3,69,64,3,139,73,0,73,212
08/22/2005,FWA,IN,AGL,CE,Combined TRACON& Tower with Radar,4,63,48,17,132,0,6,34,0,40,4,69,82,17,172,38,4,42,214
08/23/2005,FWA,IN,AGL,CE,Combined TRACON& Tower with Radar,40,75,71,9,195,0,0,41,0,41,40,75,112,9,236,60,4,64,300
08/24/2005,FWA,IN,AGL,CE,Combined TRACON& Tower with Radar,38,75,59,10,182,0,2,51,0,53,38,77,110,10,235,11,2,13,248
08/25/2005,FWA,IN,AGL,CE,Combined TRACON& Tower with Radar,44,84,52,11,191,0,0,33,1,34,44,84,85,12,225,33,5,38,263
08/26/2005,FWA,IN,AGL,CE,Combined TRACON& Tower with Radar,42,77,43,6,168,0,2,16,3,21,42,79,59,9,189,30,8,38,227
08/27/2005,FWA,IN,AGL,CE,Combined TRACON& Tower with Radar,34,62,36,3,135,0,5,17,0,22,34,67,53,3,157,30,0,30,187
08/28/2005,FWA,IN,AGL,CE,Combined TRACON& Tower with Radar,5,65,21,2,93,0,4,46,0,50,5,69,67,2,143,27,0,27,170
08/29/2005,FWA,IN,AGL,CE,Combined TRACON& Tower with Radar,3,84,63,2,152,0,0,27,0,27,3,84,90,2,179,60,0,60,239
08/30/2005,FWA,IN,AGL,CE,Combined TRACON& Tower with Radar,39,74,51,6,170,0,2,8,0,10,39,76,59,6,180,0,4,4,184
08/31/2005,FWA,IN,AGL,CE,Combined TRACON& Tower with Radar,38,77,63,14,192,0,4,34,0,38,38,81,97,14,230,11,26,37,267
09/01/2005,FWA,IN,AGL,CE,Combined TRACON& Tower with Radar,41,86,42,10,179,0,0,29,1,30,41,86,71,11,209,26,18,44,253
09/02/2005,FWA,IN,AGL,CE,Combined TRACON& Tower with Radar,40,73,61,9,183,1,0,40,0,41,41,73,101,9,224,66,8,74,298
09/03/2005,FWA,IN,AGL,CE,Combined TRACON& Tower with Radar,32,60,26,0,118,0,6,44,0,50,32,66,70,0,168,34,0,34,202
09/04/2005,FWA,IN,AGL,CE,Combined TRACON& Tower with Radar,0,59,13,0,72,0,3,38,0,41,0,62,51,0,113,26,0,26,139
09/05/2005,FWA,IN,AGL,CE,Combined TRACON& Tower with Radar,0,61,23,0,84,0,0,35,0,35,0,61,58,0,119,38,0,38,157
09/06/2005,FWA,IN,AGL,CE,Combined TRACON& Tower with Radar,4,67,36,0,107,0,5,24,0,29,4,72,60,0,136,32,0,32,168
09/07/2005,FWA,IN,AGL,CE,Combined TRACON& Tower with Radar,36,93,56,1,186,0,6,13,0,19,36,99,69,1,205,26,0,26,231
09/08/2005,FWA,IN,AGL,CE,Combined TRACON& Tower with Radar,38,84,31,13,166,0,0,19,1,20,38,84,50,14,186,114,0,114,300
09/09/2005,FWA,IN,AGL,CE,Combined TRACON& Tower with Radar,45,68,42,12,167,8,3,25,0,36,53,71,67,12,203,28,0,28,231
09/10/2005,FWA,IN,AGL,CE,Combined TRACON& Tower with Radar,34,68,30,0,132,0,0,31,1,32,34,68,61,1,164,126,0,126,290
09/11/2005,FWA,IN,AGL,CE,Combined TRACON& Tower with Radar,0,59,39,0,98,0,1,75,0,76,0,60,114,0,174,48,0,48,222
09/12/2005,FWA,IN,AGL,CE,Combined TRACON& Tower with Radar,0,68,39,1,108,0,0,25,1,26,0,68,64,2,134,32,0,32,166
09/13/2005,FWA,IN,AGL,CE,Combined TRACON& Tower with Radar,37,73,46,0,156,0,2,24,0,26,37,75,70,0,182,12,0,12,194
09/14/2005,FWA,IN,AGL,CE,Combined TRACON& Tower with Radar,47,76,62,0,185,0,3,20,0,23,47,79,82,0,208,26,0,26,234
09/15/2005,FWA,IN,AGL,CE,Combined TRACON& Tower with Radar,42,80,52,0,174,0,1,21,0,22,42,81,73,0,196,14,0,14,210
09/16/2005,FWA,IN,AGL,CE,Combined TRACON& Tower with Radar,52,98,59,0,209,0,2,0,0,2,52,100,59,0,211,17,0,17,228
09/17/2005,FWA,IN,AGL,CE,Combined TRACON& Tower with Radar,29,69,23,0,121,0,0,26,0,26,29,69,49,0,147,0,0,0,147
09/18/2005,FWA,IN,AGL,CE,Combined TRACON& Tower with Radar,0,59,33,0,92,0,2,39,0,41,0,61,72,0,133,85,0,85,218
09/19/2005,FWA,IN,AGL,CE,Combined TRACON& Tower with Radar,1,64,45,0,110,0,4,6,0,10,1,68,51,0,120,0,0,0,120
09/20/2005,FWA,IN,AGL,CE,Combined TRACON& Tower with Radar,40,91,73,0,204,0,2,27,0,29,40,93,100,0,233,36,0,36,269
09/21/2005,FWA,IN,AGL,CE,Combined TRACON& Tower with Radar,56,85,73,0,214,0,0,30,0,30,56,85,103,0,244,88,0,88,332
09/22/2005,FWA,IN,AGL,CE,Combined TRACON& Tower with Radar,49,98,52,0,199,0,9,16,0,25,49,107,68,0,224,0,0,0,224
09/23/2005,FWA,IN,AGL,CE,Combined TRACON& Tower with Radar,49,83,38,7,177,0,2,8,0,10,49,85,46,7,187,2,0,2,189
09/24/2005,FWA,IN,AGL,CE,Combined TRACON& Tower with Radar,30,59,39,1,129,0,7,11,0,18,30,66,50,1,147,20,0,20,167
09/25/2005,FWA,IN,AGL,CE,Combined TRACON& Tower with Radar,0,62,31,3,96,0,0,0,0,0,0,62,31,3,96,22,0,22,118
09/26/2005,FWA,IN,AGL,CE,Combined TRACON& Tower with Radar,0,81,26,0,107,0,0,1,0,1,0,81,27,0,108,0,0,0,108
09/27/2005,FWA,IN,AGL,CE,Combined TRACON& Tower with Radar,41,77,42,7,167,0,2,39,1,42,41,79,81,8,209,62,14,76,285
09/28/2005,FWA,IN,AGL,CE,Combined TRACON& Tower with Radar,44,65,55,9,173,0,2,20,0,22,44,67,75,9,195,22,10,32,227
09/29/2005,FWA,IN,AGL,CE,Combined TRACON& Tower with Radar,46,91,49,0,186,0,4,14,1,19,46,95,63,1,205,34,0,34,239
09/30/2005,FWA,IN,AGL,CE,Combined TRACON& Tower with Radar,45,63,40,0,148,0,0,35,0,35,45,63,75,0,183,28,0,28,211
10/01/2005,FWA,IN,AGL,CE,Combined TRACON& Tower with Radar,24,61,26,27,138,0,1,36,1,38,24,62,62,28,176,112,32,144,320
10/02/2005,FWA,IN,AGL,CE,Combined TRACON& Tower with Radar,3,52,25,10,90,0,4,19,1,24,3,56,44,11,114,48,0,48,162
10/03/2005,FWA,IN,AGL,CE,Combined TRACON& Tower with Radar,1,79,39,21,140,0,1,21,0,22,1,80,60,21,162,79,10,89,251
10/04/2005,FWA,IN,AGL,CE,Combined TRACON& Tower with Radar,43,81,34,13,171,0,3,16,0,19,43,84,50,13,190,14,18,32,222
10/05/2005,FWA,IN,AGL,CE,Combined TRACON& Tower with Radar,41,78,65,11,195,0,3,16,0,19,41,81,81,11,214,64,10,74,288
10/06/2005,FWA,IN,AGL,CE,Combined TRACON& Tower with Radar,42,72,41,13,168,0,4,8,0,12,42,76,49,13,180,12,6,18,198
10/07/2005,FWA,IN,AGL,CE,Combined TRACON& Tower with Radar,38,63,51,6,158,0,8,26,0,34,38,71,77,6,192,38,8,46,238
10/08/2005,FWA,IN,AGL,CE,Combined TRACON& Tower with Radar,30,66,22,0,118,0,2,22,0,24,30,68,44,0,142,26,0,26,168
10/09/2005,FWA,IN,AGL,CE,Combined TRACON& Tower with Radar,4,61,39,0,104,0,4,34,0,38,4,65,73,0,142,134,0,134,276
10/10/2005,FWA,IN,AGL,CE,Combined TRACON& Tower with Radar,2,67,46,0,115,0,0,0,0,0,2,67,46,0,115,24,0,24,139
10/11/2005,FWA,IN,AGL,CE,Combined TRACON& Tower with Radar,34,76,72,0,182,0,0,0,0,0,34,76,72,0,182,2,0,2,184
10/12/2005,FWA,IN,AGL,CE,Combined TRACON& Tower with Radar,40,72,65,7,184,0,0,10,2,12,40,72,75,9,196,32,8,40,236
10/13/2005,FWA,IN,AGL,CE,Combined TRACON& Tower with Radar,38,89,83,27,237,0,0,6,0,6,38,89,89,27,243,52,30,82,325
10/14/2005,FWA,IN,AGL,CE,Combined TRACON& Tower with Radar,39,75,32,6,152,0,2,15,0,17,39,77,47,6,169,10,0,10,179
10/15/2005,FWA,IN,AGL,CE,Combined TRACON& Tower with Radar,28,58,18,0,104,0,1,27,0,28,28,59,45,0,132,26,0,26,158
10/16/2005,FWA,IN,AGL,CE,Combined TRACON& Tower with Radar,0,72,30,0,102,0,2,50,0,52,0,74,80,0,154,34,0,34,188
10/17/2005,FWA,IN,AGL,CE,Combined TRACON& Tower with Radar,0,77,35,6,118,0,0,28,0,28,0,77,63,6,146,52,0,52,198
10/18/2005,FWA,IN,AGL,CE,Combined TRACON& Tower with Radar,40,80,43,14,177,0,2,26,0,28,40,82,69,14,205,28,14,42,247
10/19/2005,FWA,IN,AGL,CE,Combined TRACON& Tower with Radar,42,71,44,14,171,0,2,24,0,26,42,73,68,14,197,34,14,48,245
10/20/2005,FWA,IN,AGL,CE,Combined TRACON& Tower with Radar,38,80,56,8,182,0,0,17,0,17,38,80,73,8,199,16,0,16,215
10/21/2005,FWA,IN,AGL,CE,Combined TRACON& Tower with Radar,39,75,45,8,167,0,4,8,0,12,39,79,53,8,179,38,0,38,217
10/22/2005,FWA,IN,AGL,CE,Combined TRACON& Tower with Radar,43,67,25,0,135,0,2,26,0,28,43,69,51,0,163,64,0,64,227
10/23/2005,FWA,IN,AGL,CE,Combined TRACON& Tower with Radar,0,63,13,0,76,0,2,8,0,10,0,65,21,0,86,10,0,10,96
10/24/2005,FWA,IN,AGL,CE,Combined TRACON& Tower with Radar,0,69,44,0,113,0,0,4,1,5,0,69,48,1,118,47,0,47,165
10/25/2005,FWA,IN,AGL,CE,Combined TRACON& Tower with Radar,25,80,59,12,176,0,2,14,0,16,25,82,73,12,192,8,8,16,208
10/26/2005,FWA,IN,AGL,CE,Combined TRACON& Tower with Radar,46,74,48,14,182,0,7,12,0,19,46,81,60,14,201,40,0,40,241
10/27/2005,FWA,IN,AGL,CE,Combined TRACON& Tower with Radar,41,75,46,14,176,0,0,20,0,20,41,75,66,14,196,14,0,14,210
10/28/2005,FWA,IN,AGL,CE,Combined TRACON& Tower with Radar,42,80,37,9,168,0,3,22,0,25,42,83,59,9,193,106,8,114,307
10/29/2005,FWA,IN,AGL,CE,Combined TRACON& Tower with Radar,33,57,40,0,130,0,3,57,0,60,33,60,97,0,190,64,0,64,254
10/30/2005,FWA,IN,AGL,CE,Combined TRACON& Tower with Radar,0,57,33,0,90,0,2,49,0,51,0,59,82,0,141,42,0,42,183
10/31/2005,FWA,IN,AGL,CE,Combined TRACON& Tower with Radar,0,64,38,5,107,0,0,10,0,10,0,64,48,5,117,29,0,29,146
11/01/2005,FWA,IN,AGL,CE,Combined TRACON& Tower with Radar,38,65,41,13,157,0,4,16,0,20,38,69,57,13,177,52,2,54,231
11/02/2005,FWA,IN,AGL,CE,Combined TRACON& Tower with Radar,45,66,50,6,167,0,2,29,0,31,45,68,79,6,198,90,14,104,302
11/03/2005,FWA,IN,AGL,CE,Combined TRACON& Tower with Radar,42,80,52,19,193,0,2,26,0,28,42,82,78,19,221,18,20,38,259
11/04/2005,FWA,IN,AGL,CE,Combined TRACON& Tower with Radar,41,76,45,11,173,0,0,8,0,8,41,76,53,11,181,126,20,146,327
11/05/2005,FWA,IN,AGL,CE,Combined TRACON& Tower with Radar,33,55,32,16,136,0,3,15,0,18,33,58,47,16,154,8,0,8,162
11/06/2005,FWA,IN,AGL,CE,Combined TRACON& Tower with Radar,1,57,16,0,74,0,3,0,0,3,1,60,16,0,77,1,0,1,78
11/07/2005,FWA,IN,AGL,CE,Combined TRACON& Tower with Radar,2,74,43,14,133,0,3,22,0,25,2,77,65,14,158,16,6,22,180
11/08/2005,FWA,IN,AGL,CE,Combined TRACON& Tower with Radar,38,73,70,12,193,0,1,16,0,17,38,74,86,12,210,20,4,24,234
11/09/2005,FWA,IN,AGL,CE,Combined TRACON& Tower with Radar,43,66,33,17,159,0,5,3,0,8,43,71,36,17,167,0,6,6,173
11/10/2005,FWA,IN,AGL,CE,Combined TRACON& Tower with Radar,43,74,47,0,164,0,3,43,1,47,43,77,90,1,211,29,3,32,243
11/11/2005,FWA,IN,AGL,CE,Combined TRACON& Tower with Radar,44,68,26,5,143,0,3,42,0,45,44,71,68,5,188,44,8,52,240
11/12/2005,FWA,IN,AGL,CE,Combined TRACON& Tower with Radar,34,53,26,0,113,2,6,21,0,29,36,59,47,0,142,91,0,91,233
11/13/2005,FWA,IN,AGL,CE,Combined TRACON& Tower with Radar,0,55,25,0,80,0,4,3,0,7,0,59,28,0,87,0,0,0,87
11/14/2005,FWA,IN,AGL,CE,Combined TRACON& Tower with Radar,0,62,57,31,150,0,5,20,1,26,0,67,77,32,176,20,10,30,206
11/15/2005,FWA,IN,AGL,CE,Combined TRACON& Tower with Radar,38,63,36,3,140,0,1,1,0,2,38,64,37,3,142,0,0,0,142
11/16/2005,FWA,IN,AGL,CE,Combined TRACON& Tower with Radar,39,71,33,24,167,0,8,4,0,12,39,79,37,24,179,18,10,28,207
11/17/2005,FWA,IN,AGL,CE,Combined TRACON& Tower with Radar,31,84,66,19,200,0,0,12,0,12,31,84,78,19,212,50,49,99,311
11/18/2005,FWA,IN,AGL,CE,Combined TRACON& Tower with Radar,39,74,32,17,162,0,2,19,0,21,39,76,51,17,183,32,4,36,219
11/19/2005,FWA,IN,AGL,CE,Combined TRACON& Tower with Radar,33,64,45,0,142,0,3,40,0,43,33,67,85,0,185,30,0,30,215
11/20/2005,FWA,IN,AGL,CE,Combined TRACON& Tower with Radar,0,57,19,0,76,0,2,44,0,46,0,59,63,0,122,89,0,89,211
11/21/2005,FWA,IN,AGL,CE,Combined TRACON& Tower with Radar,0,64,49,12,125,0,0,2,0,2,0,64,51,12,127,8,0,8,135
11/22/2005,FWA,IN,AGL,CE,Combined TRACON& Tower with Radar,41,76,50,13,180,0,0,6,0,6,41,76,56,13,186,2,8,10,196
11/23/2005,FWA,IN,AGL,CE,Combined TRACON& Tower with Radar,33,79,33,2,147,1,4,6,0,11,34,83,39,2,158,0,0,0,158
11/24/2005,FWA,IN,AGL,CE,Combined TRACON& Tower with Radar,11,50,7,0,68,0,2,2,0,4,11,52,9,0,72,0,0,0,72
11/25/2005,FWA,IN,AGL,CE,Combined TRACON& Tower with Radar,4,48,19,0,71,0,0,17,1,18,4,48,36,1,89,74,0,74,163
11/26/2005,FWA,IN,AGL,CE,Combined TRACON& Tower with Radar,4,56,37,0,97,0,2,23,0,25,4,58,60,0,122,54,0,54,176
11/27/2005,FWA,IN,AGL,CE,Combined TRACON& Tower with Radar,0,60,25,0,85,0,2,7,0,9,0,62,32,0,94,56,0,56,150
11/28/2005,FWA,IN,AGL,CE,Combined TRACON& Tower with Radar,0,57,38,4,99,0,1,4,0,5,0,58,42,4,104,0,4,4,108
11/29/2005,FWA,IN,AGL,CE,Combined TRACON& Tower with Radar,34,72,59,14,179,0,1,7,0,8,34,73,66,14,187,4,0,4,191
11/30/2005,FWA,IN,AGL,CE,Combined TRACON& Tower with Radar,42,64,48,21,175,0,1,15,0,16,42,65,63,21,191,58,22,80,271
12/01/2005,FWA,IN,AGL,CE,Combined TRACON& Tower with Radar,47,78,47,3,175,0,6,5,0,11,47,84,52,3,186,0,0,0,186
12/02/2005,FWA,IN,AGL,CE,Combined TRACON& Tower with Radar,34,76,38,8,156,0,5,16,0,21,34,81,54,8,177,80,8,88,265
12/03/2005,FWA,IN,AGL,CE,Combined TRACON& Tower with Radar,33,54,42,8,137,0,1,26,0,27,33,55,68,8,164,76,4,80,244
12/04/2005,FWA,IN,AGL,CE,Combined TRACON& Tower with Radar,0,55,18,0,73,0,2,12,0,14,0,57,30,0,87,64,0,64,151
12/05/2005,FWA,IN,AGL,CE,Combined TRACON& Tower with Radar,2,65,31,0,98,0,0,16,0,16,2,65,47,0,114,14,0,14,128
12/06/2005,FWA,IN,AGL,CE,Combined TRACON& Tower with Radar,38,72,35,17,162,0,2,11,0,13,38,74,46,17,175,0,4,4,179
12/07/2005,FWA,IN,AGL,CE,Combined TRACON& Tower with Radar,45,69,33,21,168,0,4,17,0,21,45,73,50,21,189,18,16,34,223
12/08/2005,FWA,IN,AGL,CE,Combined TRACON& Tower with Radar,40,59,44,8,151,0,2,2,0,4,40,61,46,8,155,0,0,0,155
12/09/2005,FWA,IN,AGL,CE,Combined TRACON& Tower with Radar,35,65,31,8,139,0,3,3,0,6,35,68,34,8,145,0,0,0,145
12/10/2005,FWA,IN,AGL,CE,Combined TRACON& Tower with Radar,30,63,12,0,105,0,4,11,0,15,30,67,23,0,120,84,0,84,204
12/11/2005,FWA,IN,AGL,CE,Combined TRACON& Tower with Radar,0,55,11,0,66,0,1,2,0,3,0,56,13,0,69,43,0,43,112
12/12/2005,FWA,IN,AGL,CE,Combined TRACON& Tower with Radar,0,71,42,10,123,0,1,20,0,21,0,72,62,10,144,26,44,70,214
12/13/2005,FWA,IN,AGL,CE,Combined TRACON& Tower with Radar,36,70,47,12,165,0,4,10,0,14,36,74,57,12,179,24,0,24,203
12/14/2005,FWA,IN,AGL,CE,Combined TRACON& Tower with Radar,45,78,47,3,173,0,2,5,0,7,45,80,52,3,180,6,14,20,200
12/15/2005,FWA,IN,AGL,CE,Combined TRACON& Tower with Radar,43,46,32,0,121,0,1,0,0,1,43,47,32,0,122,0,0,0,122
12/16/2005,FWA,IN,AGL,CE,Combined TRACON& Tower with Radar,42,81,30,0,153,0,4,4,0,8,42,85,34,0,161,1,0,1,162
12/17/2005,FWA,IN,AGL,CE,Combined TRACON& Tower with Radar,42,81,30,0,153,0,4,4,0,8,42,85,34,0,161,10,0,10,171
12/18/2005,FWA,IN,AGL,CE,Combined TRACON& Tower with Radar,0,57,17,0,74,0,2,14,0,16,0,59,31,0,90,50,0,50,140
12/19/2005,FWA,IN,AGL,CE,Combined TRACON& Tower with Radar,1,72,38,13,124,0,0,25,1,26,1,72,63,14,150,24,6,30,180
12/20/2005,FWA,IN,AGL,CE,Combined TRACON& Tower with Radar,38,74,40,11,163,0,3,23,1,27,38,77,63,12,190,56,4,60,250
12/21/2005,FWA,IN,AGL,CE,Combined TRACON& Tower with Radar,44,70,55,11,180,0,3,19,1,23,44,73,74,12,203,46,4,50,253
12/22/2005,FWA,IN,AGL,CE,Combined TRACON& Tower with Radar,33,74,37,8,152,0,2,16,0,18,33,76,53,8,170,30,2,32,202
12/23/2005,FWA,IN,AGL,CE,Combined TRACON& Tower with Radar,41,69,16,0,126,0,3,20,0,23,41,72,36,0,149,32,0,32,181
12/24/2005,FWA,IN,AGL,CE,Combined TRACON& Tower with Radar,33,53,12,0,98,0,2,6,0,8,33,55,18,0,106,70,0,70,176
12/25/2005,FWA,IN,AGL,CE,Combined TRACON& Tower with Radar,0,51,1,0,52,0,0,0,0,0,0,51,1,0,52,0,0,0,52
12/26/2005,FWA,IN,AGL,CE,Combined TRACON& Tower with Radar,0,61,39,0,100,0,4,3,0,7,0,65,42,0,107,42,0,42,149
12/27/2005,FWA,IN,AGL,CE,Combined TRACON& Tower with Radar,3,71,37,12,123,0,3,2,0,5,3,74,39,12,128,76,8,84,212
12/28/2005,FWA,IN,AGL,CE,Combined TRACON& Tower with Radar,32,68,12,0,112,0,0,1,0,1,32,68,13,0,113,10,0,10,123
12/29/2005,FWA,IN,AGL,CE,Combined TRACON& Tower with Radar,33,66,25,8,132,0,2,2,0,4,33,68,27,8,136,2,0,2,138
12/30/2005,FWA,IN,AGL,CE,Combined TRACON& Tower with Radar,34,66,22,25,147,0,6,0,0,6,34,72,22,25,153,225,17,242,395
12/31/2005,FWA,IN,AGL,CE,Combined TRACON& Tower with Radar,9,49,7,0,65,0,4,0,0,4,9,53,7,0,69,0,0,0,69
01/01/2006,FWA,IN,AGL,CE,Combined TRACON& Tower with Radar,0,47,21,0,68,0,6,23,0,29,0,53,44,0,97,70,0,70,167
01/02/2006,FWA,IN,AGL,CE,Combined TRACON& Tower with Radar,0,65,14,0,79,0,0,0,0,0,0,65,14,0,79,0,0,0,79
01/03/2006,FWA,IN,AGL,CE,Combined TRACON& Tower with Radar,2,65,37,0,104,0,0,0,0,0,2,65,37,0,104,0,0,0,104
01/04/2006,FWA,IN,AGL,CE,Combined TRACON& Tower with Radar,44,57,28,8,137,0,0,0,0,0,44,57,28,8,137,2,0,2,139
01/05/2006,FWA,IN,AGL,CE,Combined TRACON& Tower with Radar,39,69,31,10,149,0,4,0,0,4,39,73,31,10,153,6,0,6,159
01/06/2006,FWA,IN,AGL,CE,Combined TRACON& Tower with Radar,45,63,30,4,142,0,2,21,1,24,45,65,51,5,166,26,0,26,192
01/07/2006,FWA,IN,AGL,CE,Combined TRACON& Tower with Radar,30,50,17,2,99,0,3,15,0,18,30,53,32,2,117,113,0,113,230
01/08/2006,FWA,IN,AGL,CE,Combined TRACON& Tower with Radar,0,56,33,6,95,0,4,40,0,44,0,60,73,6,139,13,10,23,162
01/09/2006,FWA,IN,AGL,CE,Combined TRACON& Tower with Radar,1,68,45,2,116,0,2,4,0,6,1,70,49,2,122,4,0,4,126
01/10/2006,FWA,IN,AGL,CE,Combined TRACON& Tower with Radar,43,65,48,1,157,0,4,10,0,14,43,69,58,1,171,26,0,26,197
01/11/2006,FWA,IN,AGL,CE,Combined TRACON& Tower with Radar,41,74,48,0,163,0,1,1,0,2,41,75,49,0,165,4,0,4,169
01/12/2006,FWA,IN,AGL,CE,Combined TRACON& Tower with Radar,40,73,50,0,163,0,2,57,1,60,40,75,107,1,223,68,0,68,291
01/13/2006,FWA,IN,AGL,CE,Combined TRACON& Tower with Radar,39,81,69,0,189,0,4,2,0,6,39,85,71,0,195,5,0,5,200
01/14/2006,FWA,IN,AGL,CE,Combined TRACON& Tower with Radar,29,62,20,0,111,0,4,5,0,9,29,66,25,0,120,8,0,8,128
01/15/2006,FWA,IN,AGL,CE,Combined TRACON& Tower with Radar,0,63,29,0,92,0,5,41,0,46,0,68,70,0,138,79,0,79,217
01/16/2006,FWA,IN,AGL,CE,Combined TRACON& Tower with Radar,2,64,45,0,111,0,7,30,0,37,2,71,75,0,148,53,0,53,201
01/17/2006,FWA,IN,AGL,CE,Combined TRACON& Tower with Radar,37,57,54,0,148,0,2,0,0,2,37,59,54,0,150,2,0,2,152
01/18/2006,FWA,IN,AGL,CE,Combined TRACON& Tower with Radar,45,65,33,0,143,0,2,6,0,8,45,67,39,0,151,8,0,8,159
01/19/2006,FWA,IN,AGL,CE,Combined TRACON& Tower with Radar,41,64,41,0,146,0,6,22,0,28,41,70,63,0,174,2,0,2,176
01/20/2006,FWA,IN,AGL,CE,Combined TRACON& Tower with Radar,41,71,23,0,135,0,1,2,0,3,41,72,25,0,138,14,2,16,154
01/21/2006,FWA,IN,AGL,CE,Combined TRACON& Tower with Radar,32,48,14,0,94,0,3,19,0,22,32,51,33,0,116,70,0,70,186
01/22/2006,FWA,IN,AGL,CE,Combined TRACON& Tower with Radar,10,67,36,0,113,0,12,31,1,44,10,79,67,1,157,28,0,28,185
01/23/2006,FWA,IN,AGL,CE,Combined TRACON& Tower with Radar,0,59,71,3,133,0,2,11,0,13,0,61,82,3,146,36,0,36,182
01/24/2006,FWA,IN,AGL,CE,Combined TRACON& Tower with Radar,37,65,53,5,160,0,3,3,0,6,37,68,56,5,166,0,0,0,166
01/25/2006,FWA,IN,AGL,CE,Combined TRACON& Tower with Radar,39,61,31,0,131,0,6,16,0,22,39,67,47,0,153,8,0,8,161
01/26/2006,FWA,IN,AGL,CE,Combined TRACON& Tower with Radar,44,70,53,1,168,0,3,47,0,50,44,73,100,1,218,63,0,63,281
01/27/2006,FWA,IN,AGL,CE,Combined TRACON& Tower with Radar,38,61,34,0,133,0,6,24,0,30,38,67,58,0,163,46,0,46,209
01/28/2006,FWA,IN,AGL,CE,Combined TRACON& Tower with Radar,30,50,40,0,120,0,2,15,0,17,30,52,55,0,137,66,0,66,203
01/29/2006,FWA,IN,AGL,CE,Combined TRACON& Tower with Radar,0,63,13,0,76,0,2,0,0,2,0,65,13,0,78,6,0,6,84
01/30/2006,FWA,IN,AGL,CE,Combined TRACON& Tower with Radar,1,62,46,0,109,0,3,5,0,8,1,65,51,0,117,0,0,0,117
01/31/2006,FWA,IN,AGL,CE,Combined TRACON& Tower with Radar,34,71,45,1,151,0,2,7,0,9,34,73,52,1,160,0,0,0,160
02/01/2006,FWA,IN,AGL,CE,Combined TRACON& Tower with Radar,39,60,39,0,138,0,3,15,0,18,39,63,54,0,156,46,0,46,202
02/02/2006,FWA,IN,AGL,CE,Combined TRACON& Tower with Radar,36,66,46,0,148,0,3,12,0,15,36,69,58,0,163,24,0,24,187
02/03/2006,FWA,IN,AGL,CE,Combined TRACON& Tower with Radar,37,66,46,1,150,0,0,1,0,1,37,66,47,1,151,0,0,0,151
02/04/2006,FWA,IN,AGL,CE,Combined TRACON& Tower with Radar,32,46,15,0,93,0,0,1,0,1,32,46,16,0,94,133,2,135,229
02/05/2006,FWA,IN,AGL,CE,Combined TRACON& Tower with Radar,2,65,12,0,79,0,3,0,0,3,2,68,12,0,82,2,0,2,84
02/06/2006,FWA,IN,AGL,CE,Combined TRACON& Tower with Radar,0,61,22,14,97,0,8,14,0,22,0,69,36,14,119,10,0,10,129
02/07/2006,FWA,IN,AGL,CE,Combined TRACON& Tower with Radar,37,67,65,1,170,0,4,26,0,30,37,71,91,1,200,12,0,12,212
02/08/2006,FWA,IN,AGL,CE,Combined TRACON& Tower with Radar,0,1,0,0,1,37,66,51,2,156,37,67,51,2,157,8,2,10,167
02/09/2006,FWA,IN,AGL,CE,Combined TRACON& Tower with Radar,37,67,44,1,149,0,5,18,0,23,37,72,62,1,172,32,12,44,216
02/10/2006,FWA,IN,AGL,CE,Combined TRACON& Tower with Radar,39,68,34,0,141,0,3,10,1,14,39,71,44,1,155,26,0,26,181
02/11/2006,FWA,IN,AGL,CE,Combined TRACON& Tower with Radar,31,58,34,0,123,0,6,0,0,6,31,64,34,0,129,35,0,35,164
02/12/2006,FWA,IN,AGL,CE,Combined TRACON& Tower with Radar,0,70,26,2,98,0,0,14,0,14,0,70,40,2,112,10,0,10,122
02/13/2006,FWA,IN,AGL,CE,Combined TRACON& Tower with Radar,0,64,43,0,107,0,4,12,0,16,0,68,55,0,123,16,0,16,139
02/14/2006,FWA,IN,AGL,CE,Combined TRACON& Tower with Radar,37,67,52,8,164,0,4,10,0,14,37,71,62,8,178,22,14,36,214
02/15/2006,FWA,IN,AGL,CE,Combined TRACON& Tower with Radar,39,75,35,1,150,0,4,13,0,17,39,79,48,1,167,12,0,12,179
02/16/2006,FWA,IN,AGL,CE,Combined TRACON& Tower with Radar,47,84,46,0,177,0,4,5,0,9,47,88,51,0,186,0,0,0,186
02/17/2006,FWA,IN,AGL,CE,Combined TRACON& Tower with Radar,37,60,34,1,132,0,2,6,0,8,37,62,40,1,140,14,0,14,154
02/18/2006,FWA,IN,AGL,CE,Combined TRACON& Tower with Radar,28,56,26,0,110,0,5,4,0,9,28,61,30,0,119,2,0,2,121
02/19/2006,FWA,IN,AGL,CE,Combined TRACON& Tower with Radar,0,52,18,0,70,0,1,25,0,26,0,53,43,0,96,26,0,26,122
02/20/2006,FWA,IN,AGL,CE,Combined TRACON& Tower with Radar,1,66,32,0,99,0,4,18,0,22,1,70,50,0,121,22,0,22,143
02/21/2006,FWA,IN,AGL,CE,Combined TRACON& Tower with Radar,34,68,71,3,176,0,3,33,0,36,34,71,104,3,212,58,4,62,274
02/22/2006,FWA,IN,AGL,CE,Combined TRACON& Tower with Radar,35,62,67,20,184,0,5,18,0,23,35,67,85,20,207,76,48,124,331
02/23/2006,FWA,IN,AGL,CE,Combined TRACON& Tower with Radar,39,65,48,0,152,0,10,15,0,25,39,75,63,0,177,4,0,4,181
02/24/2006,FWA,IN,AGL,CE,Combined TRACON& Tower with Radar,37,70,26,0,133,0,3,31,0,34,37,73,57,0,167,36,1,37,204
02/25/2006,FWA,IN,AGL,CE,Combined TRACON& Tower with Radar,31,69,13,0,113,0,5,16,0,21,31,74,29,0,134,194,68,262,396
02/26/2006,FWA,IN,AGL,CE,Combined TRACON& Tower with Radar,0,52,23,0,75,0,10,44,0,54,0,62,67,0,129,36,0,36,165
02/27/2006,FWA,IN,AGL,CE,Combined TRACON& Tower with Radar,0,54,36,0,90,0,5,10,0,15,0,59,46,0,105,0,0,0,105
02/28/2006,FWA,IN,AGL,CE,Combined TRACON& Tower with Radar,38,62,74,0,174,0,2,15,0,17,38,64,89,0,191,54,0,54,245
03/01/2006,FWA,IN,AGL,CE,Combined TRACON& Tower with Radar,40,63,62,2,167,0,3,16,1,20,40,66,78,3,187,4,0,4,191
03/02/2006,FWA,IN,AGL,CE,Combined TRACON& Tower with Radar,39,60,52,0,151,0,4,10,0,14,39,64,62,0,165,6,0,6,171
03/03/2006,FWA,IN,AGL,CE,Combined TRACON& Tower with Radar,38,72,33,0,143,0,7,36,0,43,38,79,69,0,186,314,108,422,608
03/04/2006,FWA,IN,AGL,CE,Combined TRACON& Tower with Radar,31,59,21,0,111,0,2,57,0,59,31,61,78,0,170,91,0,91,261
03/05/2006,FWA,IN,AGL,CE,Combined TRACON& Tower with Radar,0,67,18,0,85,0,4,21,1,26,0,71,39,1,111,26,0,26,137
03/06/2006,FWA,IN,AGL,CE,Combined TRACON& Tower with Radar,0,67,29,0,96,0,1,1,0,2,0,68,30,0,98,0,0,0,98
03/07/2006,FWA,IN,AGL,CE,Combined TRACON& Tower with Radar,40,71,38,2,151,0,0,38,0,38,40,71,76,2,189,38,2,40,229
03/08/2006,FWA,IN,AGL,CE,Combined TRACON& Tower with Radar,24,68,42,6,140,0,0,8,0,8,24,68,50,6,148,8,4,12,160
03/09/2006,FWA,IN,AGL,CE,Combined TRACON& Tower with Radar,36,67,58,10,171,0,2,3,0,5,36,69,61,10,176,1,8,9,185
03/10/2006,FWA,IN,AGL,CE,Combined TRACON& Tower with Radar,45,60,61,10,176,0,2,5,1,8,45,62,66,11,184,357,18,375,559
03/11/2006,FWA,IN,AGL,CE,Combined TRACON& Tower with Radar,43,45,20,0,108,0,6,5,0,11,43,51,25,0,119,20,0,20,139
03/12/2006,FWA,IN,AGL,CE,Combined TRACON& Tower with Radar,0,51,31,0,82,0,5,5,0,10,0,56,36,0,92,0,0,0,92
03/13/2006,FWA,IN,AGL,CE,Combined TRACON& Tower with Radar,1,83,30,0,114,0,6,2,0,8,1,89,32,0,122,2,0,2,124
03/14/2006,FWA,IN,AGL,CE,Combined TRACON& Tower with Radar,42,66,44,5,157,0,8,7,0,15,42,74,51,5,172,0,2,2,174
03/15/2006,FWA,IN,AGL,CE,Combined TRACON& Tower with Radar,36,77,49,9,171,0,9,24,0,33,36,86,73,9,204,62,8,70,274
03/16/2006,FWA,IN,AGL,CE,Combined TRACON& Tower with Radar,38,63,38,8,147,0,7,9,0,16,38,70,47,8,163,266,55,321,484
03/17/2006,FWA,IN,AGL,CE,Combined TRACON& Tower with Radar,41,63,35,14,153,0,4,17,0,21,41,67,52,14,174,16,32,48,222
03/18/2006,FWA,IN,AGL,CE,Combined TRACON& Tower with Radar,31,62,35,13,141,0,1,46,0,47,31,63,81,13,188,69,20,89,277
03/19/2006,FWA,IN,AGL,CE,Combined TRACON& Tower with Radar,0,55,28,12,95,0,1,50,0,51,0,56,78,12,146,183,154,337,483
03/20/2006,FWA,IN,AGL,CE,Combined TRACON& Tower with Radar,4,58,48,11,121,0,2,22,0,24,4,60,70,11,145,6,2,8,153
03/21/2006,FWA,IN,AGL,CE,Combined TRACON& Tower with Radar,36,69,54,11,170,0,1,7,0,8,36,70,61,11,178,48,14,62,240
03/22/2006,FWA,IN,AGL,CE,Combined TRACON& Tower with Radar,39,69,61,8,177,0,2,22,0,24,39,71,83,8,201,24,0,24,225
03/23/2006,FWA,IN,AGL,CE,Combined TRACON& Tower with Radar,37,78,56,10,181,0,6,25,0,31,37,84,81,10,212,72,0,72,284
03/24/2006,FWA,IN,AGL,CE,Combined TRACON& Tower with Radar,34,69,42,6,151,0,5,7,0,12,34,74,49,6,163,0,14,14,177
03/25/2006,FWA,IN,AGL,CE,Combined TRACON& Tower with Radar,30,61,26,0,117,0,1,7,0,8,30,62,33,0,125,38,0,38,163
03/26/2006,FWA,IN,AGL,CE,Combined TRACON& Tower with Radar,0,51,42,3,96,0,2,48,1,51,0,53,90,4,147,68,0,68,215
03/27/2006,FWA,IN,AGL,CE,Combined TRACON& Tower with Radar,0,60,42,2,104,0,1,34,0,35,0,61,76,2,139,8,0,8,147
03/28/2006,FWA,IN,AGL,CE,Combined TRACON& Tower with Radar,39,55,43,7,144,0,3,1,0,4,39,58,44,7,148,16,4,20,168
03/29/2006,FWA,IN,AGL,CE,Combined TRACON& Tower with Radar,40,65,51,15,171,0,1,10,1,12,40,66,61,16,183,6,6,12,195
03/30/2006,FWA,IN,AGL,CE,Combined TRACON& Tower with Radar,40,71,56,12,179,0,3,36,0,39,40,74,92,12,218,66,1,67,285
03/31/2006,FWA,IN,AGL,CE,Combined TRACON& Tower with Radar,38,68,37,12,155,0,3,7,0,10,38,71,44,12,165,0,0,0,165
04/01/2006,FWA,IN,AGL,CE,Combined TRACON& Tower with Radar,20,66,68,0,154,0,2,7,0,9,20,68,75,0,163,28,0,28,191
04/02/2006,FWA,IN,AGL,CE,Combined TRACON& Tower with Radar,1,57,23,6,87,0,0,4,0,4,1,57,27,6,91,16,0,16,107
04/03/2006,FWA,IN,AGL,CE,Combined TRACON& Tower with Radar,6,77,19,2,104,0,0,3,0,3,6,77,22,2,107,0,0,0,107
04/04/2006,FWA,IN,AGL,CE,Combined TRACON& Tower with Radar,33,63,28,18,142,0,1,16,0,17,33,64,44,18,159,0,14,14,173
04/05/2006,FWA,IN,AGL,CE,Combined TRACON& Tower with Radar,39,70,53,13,175,0,1,26,2,29,39,71,79,15,204,56,2,58,262
04/06/2006,FWA,IN,AGL,CE,Combined TRACON& Tower with Radar,35,75,40,7,157,0,0,12,0,12,35,75,52,7,169,12,18,30,199
04/07/2006,FWA,IN,AGL,CE,Combined TRACON& Tower with Radar,39,67,31,10,147,0,1,0,0,1,39,68,31,10,148,6,8,14,162
04/08/2006,FWA,IN,AGL,CE,Combined TRACON& Tower with Radar,29,54,37,13,133,0,2,19,0,21,29,56,56,13,154,22,26,48,202
04/09/2006,FWA,IN,AGL,CE,Combined TRACON& Tower with Radar,2,65,49,12,128,0,2,38,2,42,2,67,87,14,170,38,0,38,208
04/10/2006,FWA,IN,AGL,CE,Combined TRACON& Tower with Radar,0,186,29,0,215,0,0,28,0,28,0,186,57,0,243,8,0,8,251
04/11/2006,FWA,IN,AGL,CE,Combined TRACON& Tower with Radar,35,60,45,12,152,0,0,23,0,23,35,60,68,12,175,36,12,48,223
04/12/2006,FWA,IN,AGL,CE,Combined TRACON& Tower with Radar,35,64,38,10,147,0,6,5,0,11,35,70,43,10,158,6,12,18,176
04/13/2006,FWA,IN,AGL,CE,Combined TRACON& Tower with Radar,38,62,36,14,150,0,3,26,0,29,38,65,62,14,179,0,0,0,179
04/14/2006,FWA,IN,AGL,CE,Combined TRACON& Tower with Radar,35,66,22,11,134,0,5,9,1,15,35,71,31,12,149,20,16,36,185
04/15/2006,FWA,IN,AGL,CE,Combined TRACON& Tower with Radar,6,57,20,0,83,0,2,46,0,48,6,59,66,0,131,24,0,24,155
04/16/2006,FWA,IN,AGL,CE,Combined TRACON& Tower with Radar,0,47,14,0,61,0,3,11,0,14,0,50,25,0,75,20,0,20,95
04/17/2006,FWA,IN,AGL,CE,Combined TRACON& Tower with Radar,0,61,49,7,117,0,1,19,0,20,0,62,68,7,137,44,12,56,193
04/18/2006,FWA,IN,AGL,CE,Combined TRACON& Tower with Radar,36,67,45,10,158,0,3,27,1,31,36,70,72,11,189,34,4,38,227
04/19/2006,FWA,IN,AGL,CE,Combined TRACON& Tower with Radar,39,69,53,9,170,0,1,26,0,27,39,70,79,9,197,50,8,58,255
04/20/2006,FWA,IN,AGL,CE,Combined TRACON& Tower with Radar,38,79,43,11,171,0,2,24,2,28,38,81,67,13,199,28,54,82,281
04/21/2006,FWA,IN,AGL,CE,Combined TRACON& Tower with Radar,32,63,39,11,145,0,4,13,0,17,32,67,52,11,162,16,4,20,182
04/22/2006,FWA,IN,AGL,CE,Combined TRACON& Tower with Radar,31,66,17,5,119,0,0,24,0,24,31,66,41,5,143,21,28,49,192
04/23/2006,FWA,IN,AGL,CE,Combined TRACON& Tower with Radar,0,56,23,0,79,0,1,22,0,23,0,57,45,0,102,72,0,72,174
04/24/2006,FWA,IN,AGL,CE,Combined TRACON& Tower with Radar,0,63,46,1,110,0,1,14,0,15,0,64,60,1,125,7,0,7,132
04/25/2006,FWA,IN,AGL,CE,Combined TRACON& Tower with Radar,32,64,55,12,163,0,2,8,0,10,32,66,63,12,173,2,2,4,177
04/26/2006,FWA,IN,AGL,CE,Combined TRACON& Tower with Radar,38,86,46,12,182,0,12,18,3,33,38,98,64,15,215,14,12,26,241
04/27/2006,FWA,IN,AGL,CE,Combined TRACON& Tower with Radar,37,74,59,8,178,0,5,44,1,50,37,79,103,9,228,66,22,88,316
04/28/2006,FWA,IN,AGL,CE,Combined TRACON& Tower with Radar,36,56,36,7,135,0,1,30,0,31,36,57,66,7,166,26,14,40,206
04/29/2006,FWA,IN,AGL,CE,Combined TRACON& Tower with Radar,34,53,11,0,98,0,0,25,0,25,34,53,36,0,123,14,0,14,137
04/30/2006,FWA,IN,AGL,CE,Combined TRACON& Tower with Radar,0,55,18,0,73,0,0,4,0,4,0,55,22,0,77,93,0,93,170
05/01/2006,FWA,IN,AGL,CE,Combined TRACON& Tower with Radar,0,56,42,20,118,0,1,13,4,18,0,57,55,24,136,6,14,20,156
05/02/2006,FWA,IN,AGL,CE,Combined TRACON& Tower with Radar,38,57,44,15,154,0,1,3,0,4,38,58,47,15,158,32,18,50,208
05/03/2006,FWA,IN,AGL,CE,Combined TRACON& Tower with Radar,38,68,35,18,159,0,0,18,0,18,38,68,53,18,177,44,16,60,237
05/04/2006,FWA,IN,AGL,CE,Combined TRACON& Tower with Radar,39,66,43,21,169,0,2,24,0,26,39,68,67,21,195,76,22,98,293
05/05/2006,FWA,IN,AGL,CE,Combined TRACON& Tower with Radar,38,61,37,12,148,0,6,16,0,22,38,67,53,12,170,30,18,48,218
05/06/2006,FWA,IN,AGL,CE,Combined TRACON& Tower with Radar,29,52,29,11,121,0,6,35,0,41,29,58,64,11,162,48,22,70,232
05/07/2006,FWA,IN,AGL,CE,Combined TRACON& Tower with Radar,0,48,27,6,81,0,0,23,0,23,0,48,50,6,104,41,2,43,147
05/08/2006,FWA,IN,AGL,CE,Combined TRACON& Tower with Radar,0,62,35,0,97,0,3,16,0,19,0,65,51,0,116,78,0,78,194
05/09/2006,FWA,IN,AGL,CE,Combined TRACON& Tower with Radar,29,64,39,11,143,0,0,18,2,20,29,64,57,13,163,66,2,68,231
05/10/2006,FWA,IN,AGL,CE,Combined TRACON& Tower with Radar,35,70,44,19,168,0,0,11,0,11,35,70,55,19,179,38,28,66,245
05/11/2006,FWA,IN,AGL,CE,Combined TRACON& Tower with Radar,38,70,47,9,164,0,0,5,0,5,38,70,52,9,169,8,0,8,177
05/12/2006,FWA,IN,AGL,CE,Combined TRACON& Tower with Radar,35,67,48,9,159,0,2,3,0,5,35,69,51,9,164,14,0,14,178
05/13/2006,FWA,IN,AGL,CE,Combined TRACON& Tower with Radar,31,51,30,0,112,0,6,0,0,6,31,57,30,0,118,18,0,18,136
05/14/2006,FWA,IN,AGL,CE,Combined TRACON& Tower with Radar,0,48,21,0,69,0,0,2,0,2,0,48,23,0,71,0,0,0,71
05/15/2006,FWA,IN,AGL,CE,Combined TRACON& Tower with Radar,0,65,43,0,108,0,3,2,1,6,0,68,45,1,114,21,0,21,135
05/16/2006,FWA,IN,AGL,CE,Combined TRACON& Tower with Radar,35,76,65,3,179,0,3,5,0,8,35,79,70,3,187,66,0,66,253
05/17/2006,FWA,IN,AGL,CE,Combined TRACON& Tower with Radar,40,70,41,6,157,0,3,25,0,28,40,73,66,6,185,2,0,2,187
05/18/2006,FWA,IN,AGL,CE,Combined TRACON& Tower with Radar,41,68,48,7,164,4,1,24,0,29,45,69,72,7,193,16,4,20,213
05/19/2006,FWA,IN,AGL,CE,Combined TRACON& Tower with Radar,42,53,42,20,157,0,5,31,0,36,42,58,73,20,193,98,26,124,317
05/20/2006,FWA,IN,AGL,CE,Combined TRACON& Tower with Radar,32,52,58,4,146,0,7,44,0,51,32,59,102,4,197,40,0,40,237
05/21/2006,FWA,IN,AGL,CE,Combined TRACON& Tower with Radar,0,54,41,2,97,0,1,15,0,16,0,55,56,2,113,51,0,51,164
05/22/2006,FWA,IN,AGL,CE,Combined TRACON& Tower with Radar,0,58,47,2,107,0,1,32,0,33,0,59,79,2,140,14,0,14,154
05/23/2006,FWA,IN,AGL,CE,Combined TRACON& Tower with Radar,44,52,40,6,142,0,0,38,0,38,44,52,78,6,180,32,8,40,220
05/24/2006,FWA,IN,AGL,CE,Combined TRACON& Tower with Radar,37,72,63,11,183,0,2,19,0,21,37,74,82,11,204,20,8,28,232
05/25/2006,FWA,IN,AGL,CE,Combined TRACON& Tower with Radar,36,65,50,16,167,0,0,7,1,8,36,65,57,17,175,8,0,8,183
05/26/2006,FWA,IN,AGL,CE,Combined TRACON& Tower with Radar,36,66,50,11,163,0,1,13,0,14,36,67,63,11,177,10,0,10,187
05/27/2006,FWA,IN,AGL,CE,Combined TRACON& Tower with Radar,29,51,22,0,102,0,9,28,0,37,29,60,50,0,139,36,0,36,175
05/28/2006,FWA,IN,AGL,CE,Combined TRACON& Tower with Radar,4,33,19,0,56,0,5,25,0,30,4,38,44,0,86,32,0,32,118
05/29/2006,FWA,IN,AGL,CE,Combined TRACON& Tower with Radar,0,54,19,0,73,0,8,30,0,38,0,62,49,0,111,0,0,0,111
05/30/2006,FWA,IN,AGL,CE,Combined TRACON& Tower with Radar,3,56,37,9,105,0,0,19,0,19,3,56,56,9,124,8,4,12,136
05/31/2006,FWA,IN,AGL,CE,Combined TRACON& Tower with Radar,34,85,42,12,173,0,3,15,0,18,34,88,57,12,191,4,36,40,231
06/01/2006,FWA,IN,AGL,CE,Combined TRACON& Tower with Radar,37,70,35,14,156,0,2,10,1,13,37,72,45,15,169,42,16,58,227
06/02/2006,FWA,IN,AGL,CE,Combined TRACON& Tower with Radar,34,68,44,13,159,0,2,27,0,29,34,70,71,13,188,76,36,112,300
06/03/2006,FWA,IN,AGL,CE,Combined TRACON& Tower with Radar,31,63,38,4,136,0,6,27,0,33,31,69,65,4,169,70,0,70,239
06/04/2006,FWA,IN,AGL,CE,Combined TRACON& Tower with Radar,0,54,29,2,85,0,8,23,0,31,0,62,52,2,116,0,0,0,116
06/05/2006,FWA,IN,AGL,CE,Combined TRACON& Tower with Radar,2,64,49,0,115,0,3,38,0,41,2,67,87,0,156,22,0,22,178
06/06/2006,FWA,IN,AGL,CE,Combined TRACON& Tower with Radar,37,62,46,20,165,0,8,41,180,229,37,70,87,200,394,70,80,150,544
06/07/2006,FWA,IN,AGL,CE,Combined TRACON& Tower with Radar,35,71,56,14,176,0,5,16,1,22,35,76,72,15,198,72,24,96,294
06/08/2006,FWA,IN,AGL,CE,Combined TRACON& Tower with Radar,39,73,54,9,175,0,1,14,0,15,39,74,68,9,190,50,18,68,258
06/09/2006,FWA,IN,AGL,CE,Combined TRACON& Tower with Radar,34,56,46,10,146,0,6,49,1,56,34,62,95,11,202,66,24,90,292
06/10/2006,FWA,IN,AGL,CE,Combined TRACON& Tower with Radar,34,65,26,0,125,0,0,3,0,3,34,65,29,0,128,4,0,4,132
06/11/2006,FWA,IN,AGL,CE,Combined TRACON& Tower with Radar,0,56,36,0,92,0,3,28,0,31,0,59,64,0,123,67,0,67,190
06/12/2006,FWA,IN,AGL,CE,Combined TRACON& Tower with Radar,1,55,51,8,115,0,0,34,0,34,1,55,85,8,149,8,1,9,158
06/13/2006,FWA,IN,AGL,CE,Combined TRACON& Tower with Radar,38,55,44,9,146,0,3,30,0,33,38,58,74,9,179,30,0,30,209
06/14/2006,FWA,IN,AGL,CE,Combined TRACON& Tower with Radar,38,60,38,13,149,0,7,32,0,39,38,67,70,13,188,63,31,94,282
06/15/2006,FWA,IN,AGL,CE,Combined TRACON& Tower with Radar,35,64,39,15,153,0,3,30,0,33,35,67,69,15,186,48,30,78,264
06/16/2006,FWA,IN,AGL,CE,Combined TRACON& Tower with Radar,39,62,42,9,152,0,6,24,0,30,39,68,66,9,182,30,10,40,222
06/17/2006,FWA,IN,AGL,CE,Combined TRACON& Tower with Radar,31,49,16,0,96,0,4,22,0,26,31,53,38,0,122,20,2,22,144
06/18/2006,FWA,IN,AGL,CE,Combined TRACON& Tower with Radar,3,54,16,0,73,0,14,3,0,17,3,68,19,0,90,16,0,16,106
06/19/2006,FWA,IN,AGL,CE,Combined TRACON& Tower with Radar,0,70,43,4,117,0,2,6,0,8,0,72,49,4,125,32,0,32,157
06/20/2006,FWA,IN,AGL,CE,Combined TRACON& Tower with Radar,42,69,46,10,167,0,0,35,0,35,42,69,81,10,202,82,0,82,284
06/21/2006,FWA,IN,AGL,CE,Combined TRACON& Tower with Radar,36,62,51,11,160,0,10,21,0,31,36,72,72,11,191,58,2,60,251
06/22/2006,FWA,IN,AGL,CE,Combined TRACON& Tower with Radar,37,77,36,6,156,0,5,20,0,25,37,82,56,6,181,0,6,6,187
06/23/2006,FWA,IN,AGL,CE,Combined TRACON& Tower with Radar,37,67,49,8,161,0,0,17,0,17,37,67,66,8,178,44,0,44,222
06/24/2006,FWA,IN,AGL,CE,Combined TRACON& Tower with Radar,29,57,24,0,110,0,4,22,0,26,29,61,46,0,136,78,0,78,214
06/25/2006,FWA,IN,AGL,CE,Combined TRACON& Tower with Radar,0,57,22,0,79,0,8,28,0,36,0,65,50,0,115,52,0,52,167
06/26/2006,FWA,IN,AGL,CE,Combined TRACON& Tower with Radar,0,57,53,1,111,0,0,0,0,0,0,57,53,1,111,22,0,22,133
06/27/2006,FWA,IN,AGL,CE,Combined TRACON& Tower with Radar,40,65,48,8,161,0,2,5,3,10,40,67,53,11,171,20,2,22,193
06/28/2006,FWA,IN,AGL,CE,Combined TRACON& Tower with Radar,38,77,53,7,175,0,2,17,0,19,38,79,70,7,194,46,0,46,240
06/29/2006,FWA,IN,AGL,CE,Combined TRACON& Tower with Radar,40,67,47,13,167,0,2,27,0,29,40,69,74,13,196,38,26,64,260
06/30/2006,FWA,IN,AGL,CE,Combined TRACON& Tower with Radar,43,64,46,8,161,0,2,44,0,46,43,66,90,8,207,86,30,116,323
07/01/2006,FWA,IN,AGL,CE,Combined TRACON& Tower with Radar,31,49,26,1,107,0,7,25,0,32,31,56,51,1,139,85,0,85,224
07/02/2006,FWA,IN,AGL,CE,Combined TRACON& Tower with Radar,0,55,10,0,65,0,3,10,0,13,0,58,20,0,78,0,0,0,78
07/03/2006,FWA,IN,AGL,CE,Combined TRACON& Tower with Radar,0,49,13,0,62,0,4,3,0,7,0,53,16,0,69,11,0,11,80
07/04/2006,FWA,IN,AGL,CE,Combined TRACON& Tower with Radar,4,51,16,0,71,0,2,5,4,11,4,53,21,4,82,0,6,6,88
07/05/2006,FWA,IN,AGL,CE,Combined TRACON& Tower with Radar,4,62,30,10,106,0,1,24,0,25,4,63,54,10,131,80,6,86,217
07/06/2006,FWA,IN,AGL,CE,Combined TRACON& Tower with Radar,38,77,42,18,175,0,1,37,0,38,38,78,79,18,213,72,6,78,291
07/07/2006,FWA,IN,AGL,CE,Combined TRACON& Tower with Radar,37,75,25,12,149,0,2,36,1,39,37,77,61,13,188,70,26,96,284
07/08/2006,FWA,IN,AGL,CE,Combined TRACON& Tower with Radar,33,59,20,2,114,0,2,34,0,36,33,61,54,2,150,80,0,80,230
07/09/2006,FWA,IN,AGL,CE,Combined TRACON& Tower with Radar,0,60,21,0,81,0,0,33,0,33,0,60,54,0,114,54,0,54,168
07/10/2006,FWA,IN,AGL,CE,Combined TRACON& Tower with Radar,0,59,40,4,103,0,6,24,0,30,0,65,64,4,133,59,0,59,192
07/11/2006,FWA,IN,AGL,CE,Combined TRACON& Tower with Radar,36,67,47,0,150,0,3,5,0,8,36,70,52,0,158,18,0,18,176
07/12/2006,FWA,IN,AGL,CE,Combined TRACON& Tower with Radar,40,70,42,2,154,0,1,1,0,2,40,71,43,2,156,0,0,0,156
07/13/2006,FWA,IN,AGL,CE,Combined TRACON& Tower with Radar,39,65,65,0,169,0,0,16,0,16,39,65,81,0,185,38,0,38,223
07/14/2006,FWA,IN,AGL,CE,Combined TRACON& Tower with Radar,41,58,54,0,153,0,3,9,0,12,41,61,63,0,165,36,0,36,201
07/15/2006,FWA,IN,AGL,CE,Combined TRACON& Tower with Radar,31,51,20,17,119,0,4,37,0,41,31,55,57,17,160,26,8,34,194
07/16/2006,FWA,IN,AGL,CE,Combined TRACON& Tower with Radar,1,55,19,0,75,0,5,22,0,27,1,60,41,0,102,50,0,50,152
07/17/2006,FWA,IN,AGL,CE,Combined TRACON& Tower with Radar,0,60,29,5,94,0,1,36,0,37,0,61,65,5,131,10,4,14,145
07/18/2006,FWA,IN,AGL,CE,Combined TRACON& Tower with Radar,34,54,45,12,145,0,1,15,0,16,34,55,60,12,161,46,2,48,209
07/19/2006,FWA,IN,AGL,CE,Combined TRACON& Tower with Radar,41,59,52,11,163,0,1,23,0,24,41,60,75,11,187,86,2,88,275
07/20/2006,FWA,IN,AGL,CE,Combined TRACON& Tower with Radar,39,53,53,0,145,0,5,6,0,11,39,58,59,0,156,6,0,6,162
07/21/2006,FWA,IN,AGL,CE,Combined TRACON& Tower with Radar,40,76,53,0,169,0,1,32,0,33,40,77,85,0,202,54,0,54,256
07/22/2006,FWA,IN,AGL,CE,Combined TRACON& Tower with Radar,37,51,34,0,122,0,0,34,0,34,37,51,68,0,156,100,0,100,256
07/23/2006,FWA,IN,AGL,CE,Combined TRACON& Tower with Radar,0,54,34,2,90,0,0,35,0,35,0,54,69,2,125,16,0,16,141
07/24/2006,FWA,IN,AGL,CE,Combined TRACON& Tower with Radar,0,56,31,9,96,0,1,38,1,40,0,57,69,10,136,47,0,47,183
07/25/2006,FWA,IN,AGL,CE,Combined TRACON& Tower with Radar,40,64,64,10,178,0,8,34,1,43,40,72,98,11,221,46,0,46,267
07/26/2006,FWA,IN,AGL,CE,Combined TRACON& Tower with Radar,38,60,56,14,168,0,2,27,1,30,38,62,83,15,198,8,18,26,224
07/27/2006,FWA,IN,AGL,CE,Combined TRACON& Tower with Radar,41,67,65,12,185,0,2,14,0,16,41,69,79,12,201,0,0,0,201
07/28/2006,FWA,IN,AGL,CE,Combined TRACON& Tower with Radar,38,74,59,11,182,0,3,14,0,17,38,77,73,11,199,44,1,45,244
07/29/2006,FWA,IN,AGL,CE,Combined TRACON& Tower with Radar,21,64,24,1,110,0,2,18,0,20,21,66,42,1,130,18,0,18,148
07/30/2006,FWA,IN,AGL,CE,Combined TRACON& Tower with Radar,0,48,25,0,73,0,0,30,0,30,0,48,55,0,103,83,0,83,186
07/31/2006,FWA,IN,AGL,CE,Combined TRACON& Tower with Radar,0,56,34,0,90,0,2,15,0,17,0,58,49,0,107,2,2,4,111
08/01/2006,FWA,IN,AGL,CE,Combined TRACON& Tower with Radar,37,71,29,5,142,0,2,12,0,14,37,73,41,5,156,24,0,24,180
08/02/2006,FWA,IN,AGL,CE,Combined TRACON& Tower with Radar,39,61,47,9,156,0,2,43,0,45,39,63,90,9,201,62,12,74,275
08/03/2006,FWA,IN,AGL,CE,Combined TRACON& Tower with Radar,44,76,39,13,172,0,4,8,0,12,44,80,47,13,184,24,18,42,226
08/04/2006,FWA,IN,AGL,CE,Combined TRACON& Tower with Radar,37,64,44,10,155,0,3,35,1,39,37,67,79,11,194,78,4,82,276
08/05/2006,FWA,IN,AGL,CE,Combined TRACON& Tower with Radar,30,54,19,4,107,0,1,24,0,25,30,55,43,4,132,42,0,42,174
08/06/2006,FWA,IN,AGL,CE,Combined TRACON& Tower with Radar,0,51,21,0,72,0,2,46,0,48,0,53,67,0,120,70,0,70,190
08/07/2006,FWA,IN,AGL,CE,Combined TRACON& Tower with Radar,0,54,36,8,98,0,0,17,0,17,0,54,53,8,115,30,8,38,153
08/08/2006,FWA,IN,AGL,CE,Combined TRACON& Tower with Radar,36,60,40,14,150,0,1,27,1,29,36,61,67,15,179,104,14,118,297
08/09/2006,FWA,IN,AGL,CE,Combined TRACON& Tower with Radar,38,71,53,10,172,0,7,34,4,45,38,78,87,14,217,36,8,44,261
08/10/2006,FWA,IN,AGL,CE,Combined TRACON& Tower with Radar,39,63,38,7,147,0,5,5,0,10,39,68,43,7,157,12,0,12,169
08/11/2006,FWA,IN,AGL,CE,Combined TRACON& Tower with Radar,37,62,34,15,148,0,1,22,0,23,37,63,56,15,171,85,10,95,266
08/12/2006,FWA,IN,AGL,CE,Combined TRACON& Tower with Radar,28,46,47,10,131,0,5,45,0,50,28,51,92,10,181,48,4,52,233
08/13/2006,FWA,IN,AGL,CE,Combined TRACON& Tower with Radar,2,55,33,3,93,0,7,28,2,37,2,62,61,5,130,36,0,36,166
08/14/2006,FWA,IN,AGL,CE,Combined TRACON& Tower with Radar,0,54,32,0,86,0,0,5,0,5,0,54,37,0,91,4,0,4,95
08/15/2006,FWA,IN,AGL,CE,Combined TRACON& Tower with Radar,37,62,57,11,167,0,1,35,0,36,37,63,92,11,203,55,14,69,272
08/16/2006,FWA,IN,AGL,CE,Combined TRACON& Tower with Radar,34,68,62,20,184,0,6,61,0,67,34,74,123,20,251,42,4,46,297
08/17/2006,FWA,IN,AGL,CE,Combined TRACON& Tower with Radar,47,94,42,10,193,0,10,39,0,49,47,104,81,10,242,67,28,95,337
08/18/2006,FWA,IN,AGL,CE,Combined TRACON& Tower with Radar,38,60,41,7,146,0,0,34,0,34,38,60,75,7,180,84,2,86,266
08/19/2006,FWA,IN,AGL,CE,Combined TRACON& Tower with Radar,27,57,12,0,96,0,0,3,0,3,27,57,15,0,99,18,0,18,117
08/20/2006,FWA,IN,AGL,CE,Combined TRACON& Tower with Radar,0,49,22,0,71,0,0,20,2,22,0,49,42,2,93,26,0,26,119
08/21/2006,FWA,IN,AGL,CE,Combined TRACON& Tower with Radar,0,58,36,16,110,0,6,18,0,24,0,64,54,16,134,36,10,46,180
08/22/2006,FWA,IN,AGL,CE,Combined TRACON& Tower with Radar,37,56,81,11,185,0,0,26,0,26,37,56,107,11,211,96,18,114,325
08/23/2006,FWA,IN,AGL,CE,Combined TRACON& Tower with Radar,39,63,50,11,163,0,3,39,1,43,39,66,89,12,206,65,12,77,283
08/24/2006,FWA,IN,AGL,CE,Combined TRACON& Tower with Radar,36,65,42,10,153,0,1,7,0,8,36,66,49,10,161,64,10,74,235
08/25/2006,FWA,IN,AGL,CE,Combined TRACON& Tower with Radar,35,68,41,12,156,2,11,38,0,51,37,79,79,12,207,51,6,57,264
08/26/2006,FWA,IN,AGL,CE,Combined TRACON& Tower with Radar,33,53,21,2,109,0,1,14,0,15,33,54,35,2,124,50,2,52,176
08/27/2006,FWA,IN,AGL,CE,Combined TRACON& Tower with Radar,0,55,26,0,81,0,0,6,0,6,0,55,32,0,87,20,0,20,107
08/28/2006,FWA,IN,AGL,CE,Combined TRACON& Tower with Radar,0,64,48,0,112,0,4,0,0,4,0,68,48,0,116,0,0,0,116
08/29/2006,FWA,IN,AGL,CE,Combined TRACON& Tower with Radar,38,65,60,2,165,0,0,0,0,0,38,65,60,2,165,12,0,12,177
08/30/2006,FWA,IN,AGL,CE,Combined TRACON& Tower with Radar,39,67,65,27,198,0,6,9,0,15,39,73,74,27,213,52,0,52,265
08/31/2006,FWA,IN,AGL,CE,Combined TRACON& Tower with Radar,40,66,52,17,175,0,2,10,0,12,40,68,62,17,187,60,12,72,259
09/01/2006,FWA,IN,AGL,CE,Combined TRACON& Tower with Radar,40,60,33,0,133,0,1,4,0,5,40,61,37,0,138,34,0,34,172
09/02/2006,FWA,IN,AGL,CE,Combined TRACON& Tower with Radar,28,53,24,0,105,0,2,14,0,16,28,55,38,0,121,43,0,43,164
09/03/2006,FWA,IN,AGL,CE,Combined TRACON& Tower with Radar,0,40,16,0,56,0,3,16,0,19,0,43,32,0,75,42,0,42,117
09/04/2006,FWA,IN,AGL,CE,Combined TRACON& Tower with Radar,0,55,26,0,81,0,3,43,0,46,0,58,69,0,127,108,0,108,235
09/05/2006,FWA,IN,AGL,CE,Combined TRACON& Tower with Radar,2,62,36,9,109,0,2,13,0,15,2,64,49,9,124,62,8,70,194
09/06/2006,FWA,IN,AGL,CE,Combined TRACON& Tower with Radar,38,64,39,11,152,0,3,13,0,16,38,67,52,11,168,66,42,108,276
09/07/2006,FWA,IN,AGL,CE,Combined TRACON& Tower with Radar,35,67,35,16,153,0,2,34,0,36,35,69,69,16,189,128,2,130,319
09/08/2006,FWA,IN,AGL,CE,Combined TRACON& Tower with Radar,38,67,47,18,170,0,0,39,0,39,38,67,86,18,209,98,20,118,327
09/09/2006,FWA,IN,AGL,CE,Combined TRACON& Tower with Radar,35,47,31,12,125,0,0,27,2,29,35,47,58,14,154,56,42,98,252
09/10/2006,FWA,IN,AGL,CE,Combined TRACON& Tower with Radar,0,47,34,25,106,0,2,12,0,14,0,49,46,25,120,90,20,110,230
09/11/2006,FWA,IN,AGL,CE,Combined TRACON& Tower with Radar,0,52,40,0,92,0,8,3,0,11,0,60,43,0,103,46,0,46,149
09/12/2006,FWA,IN,AGL,CE,Combined TRACON& Tower with Radar,37,55,25,1,118,0,0,1,0,1,37,55,26,1,119,0,0,0,119
09/13/2006,FWA,IN,AGL,CE,Combined TRACON& Tower with Radar,41,62,50,0,153,0,0,0,0,0,41,62,50,0,153,2,0,2,155
09/14/2006,FWA,IN,AGL,CE,Combined TRACON& Tower with Radar,39,70,54,12,175,0,2,13,0,15,39,72,67,12,190,82,10,92,282
09/15/2006,FWA,IN,AGL,CE,Combined TRACON& Tower with Radar,34,67,67,8,176,0,1,34,0,35,34,68,101,8,211,76,32,108,319
09/16/2006,FWA,IN,AGL,CE,Combined TRACON& Tower with Radar,30,60,21,0,111,0,1,6,0,7,30,61,27,0,118,66,0,66,184
09/17/2006,FWA,IN,AGL,CE,Combined TRACON& Tower with Radar,2,41,18,0,61,0,0,28,0,28,2,41,46,0,89,12,0,12,101
09/18/2006,FWA,IN,AGL,CE,Combined TRACON& Tower with Radar,0,56,43,8,107,0,0,5,0,5,0,56,48,8,112,0,0,0,112
09/19/2006,FWA,IN,AGL,CE,Combined TRACON& Tower with Radar,40,68,55,17,180,0,3,11,1,15,40,71,66,18,195,122,14,136,331
09/20/2006,FWA,IN,AGL,CE,Combined TRACON& Tower with Radar,41,62,39,14,156,0,0,27,0,27,41,62,66,14,183,78,20,98,281
09/21/2006,FWA,IN,AGL,CE,Combined TRACON& Tower with Radar,35,65,55,12,167,0,3,42,1,46,35,68,97,13,213,86,12,98,311
09/22/2006,FWA,IN,AGL,CE,Combined TRACON& Tower with Radar,38,74,54,14,180,0,1,7,0,8,38,75,61,14,188,92,6,98,286
09/23/2006,FWA,IN,AGL,CE,Combined TRACON& Tower with Radar,50,50,21,0,121,0,1,0,0,1,50,51,21,0,122,0,0,0,122
09/24/2006,FWA,IN,AGL,CE,Combined TRACON& Tower with Radar,1,48,40,2,91,0,6,8,0,14,1,54,48,2,105,115,2,117,222
09/25/2006,FWA,IN,AGL,CE,Combined TRACON& Tower with Radar,0,62,40,0,102,0,2,21,0,23,0,64,61,0,125,46,0,46,171
09/26/2006,FWA,IN,AGL,CE,Combined TRACON& Tower with Radar,43,67,50,6,166,0,0,49,0,49,43,67,99,6,215,54,18,72,287
09/27/2006,FWA,IN,AGL,CE,Combined TRACON& Tower with Radar,40,63,44,0,147,0,2,15,0,17,40,65,59,0,164,50,0,50,214
09/28/2006,FWA,IN,AGL,CE,Combined TRACON& Tower with Radar,0,0,0,0,0,38,76,52,0,166,38,76,52,0,166,40,0,40,206
09/29/2006,FWA,IN,AGL,CE,Combined TRACON& Tower with Radar,41,67,43,3,154,0,5,41,0,46,41,72,84,3,200,129,0,129,329
09/30/2006,FWA,IN,AGL,CE,Combined TRACON& Tower with Radar,38,49,28,0,115,0,1,28,0,29,38,50,56,0,144,18,0,18,162
10/01/2006,FWA,IN,AGL,CE,Combined TRACON& Tower with Radar,0,43,17,0,60,0,2,54,0,56,0,45,71,0,116,64,0,64,180
10/02/2006,FWA,IN,AGL,CE,Combined TRACON& Tower with Radar,0,73,16,1,90,0,3,11,0,14,0,76,27,1,104,2,0,2,106
10/03/2006,FWA,IN,AGL,CE,Combined TRACON& Tower with Radar,38,59,33,15,145,0,3,29,0,32,38,62,62,15,177,32,24,56,233
10/04/2006,FWA,IN,AGL,CE,Combined TRACON& Tower with Radar,34,66,57,0,157,0,4,12,0,16,34,70,69,0,173,32,0,32,205
10/05/2006,FWA,IN,AGL,CE,Combined TRACON& Tower with Radar,34,75,55,16,180,0,2,36,0,38,34,77,91,16,218,58,6,64,282
10/06/2006,FWA,IN,AGL,CE,Combined TRACON& Tower with Radar,47,68,48,10,173,0,0,30,0,30,47,68,78,10,203,58,20,78,281
10/07/2006,FWA,IN,AGL,CE,Combined TRACON& Tower with Radar,31,59,31,0,121,0,3,42,0,45,31,62,73,0,166,46,0,46,212
10/08/2006,FWA,IN,AGL,CE,Combined TRACON& Tower with Radar,4,49,23,0,76,0,0,55,0,55,4,49,78,0,131,54,0,54,185
10/09/2006,FWA,IN,AGL,CE,Combined TRACON& Tower with Radar,0,58,29,0,87,0,0,40,0,40,0,58,69,0,127,22,0,22,149
10/10/2006,FWA,IN,AGL,CE,Combined TRACON& Tower with Radar,35,52,39,0,126,0,1,28,0,29,35,53,67,0,155,40,0,40,195
10/11/2006,FWA,IN,AGL,CE,Combined TRACON& Tower with Radar,36,69,47,8,160,0,2,4,0,6,36,71,51,8,166,4,6,10,176
10/12/2006,FWA,IN,AGL,CE,Combined TRACON& Tower with Radar,33,69,45,14,161,0,0,0,0,0,33,69,45,14,161,48,22,70,231
10/13/2006,FWA,IN,AGL,CE,Combined TRACON& Tower with Radar,36,57,32,9,134,0,2,11,0,13,36,59,43,9,147,2,16,18,165
10/14/2006,FWA,IN,AGL,CE,Combined TRACON& Tower with Radar,29,48,17,16,110,0,0,17,0,17,29,48,34,16,127,44,56,100,227
10/15/2006,FWA,IN,AGL,CE,Combined TRACON& Tower with Radar,0,54,41,11,106,0,0,29,0,29,0,54,70,11,135,32,18,50,185
10/16/2006,FWA,IN,AGL,CE,Combined TRACON& Tower with Radar,2,50,42,19,113,0,4,7,0,11,2,54,49,19,124,0,16,16,140
10/17/2006,FWA,IN,AGL,CE,Combined TRACON& Tower with Radar,41,58,66,17,182,0,0,1,0,1,41,58,67,17,183,10,6,16,199
10/18/2006,FWA,IN,AGL,CE,Combined TRACON& Tower with Radar,36,63,61,11,171,0,2,17,0,19,36,65,78,11,190,48,16,64,254
10/19/2006,FWA,IN,AGL,CE,Combined TRACON& Tower with Radar,34,72,53,28,187,0,0,0,0,0,34,72,53,28,187,30,12,42,229
10/20/2006,FWA,IN,AGL,CE,Combined TRACON& Tower with Radar,35,63,70,16,184,0,1,31,0,32,35,64,101,16,216,80,28,108,324
10/21/2006,FWA,IN,AGL,CE,Combined TRACON& Tower with Radar,26,48,39,3,116,0,2,46,0,48,26,50,85,3,164,48,0,48,212
10/22/2006,FWA,IN,AGL,CE,Combined TRACON& Tower with Radar,1,48,16,0,65,0,0,2,2,4,1,48,18,2,69,0,0,0,69
10/23/2006,FWA,IN,AGL,CE,Combined TRACON& Tower with Radar,0,72,46,0,118,0,1,5,0,6,0,73,51,0,124,0,0,0,124
10/24/2006,FWA,IN,AGL,CE,Combined TRACON& Tower with Radar,34,61,49,7,151,13,2,13,1,29,47,63,62,8,180,8,8,16,196
10/25/2006,FWA,IN,AGL,CE,Combined TRACON& Tower with Radar,36,71,32,27,166,0,1,21,2,24,36,72,53,29,190,72,30,102,292
10/26/2006,FWA,IN,AGL,CE,Combined TRACON& Tower with Radar,40,61,40,46,187,0,1,8,0,9,40,62,48,46,196,58,30,88,284
10/27/2006,FWA,IN,AGL,CE,Combined TRACON& Tower with Radar,38,65,36,0,139,0,0,0,0,0,38,65,36,0,139,0,0,0,139
10/28/2006,FWA,IN,AGL,CE,Combined TRACON& Tower with Radar,25,42,12,2,81,0,1,4,0,5,25,43,16,2,86,0,0,0,86
10/29/2006,FWA,IN,AGL,CE,Combined TRACON& Tower with Radar,0,53,23,0,76,0,3,32,1,36,0,56,55,1,112,136,0,136,248
10/30/2006,FWA,IN,AGL,CE,Combined TRACON& Tower with Radar,6,63,32,7,108,0,3,30,0,33,6,66,62,7,141,0,0,0,141
10/31/2006,FWA,IN,AGL,CE,Combined TRACON& Tower with Radar,36,54,47,10,147,2,1,11,0,14,38,55,58,10,161,58,20,78,239
11/01/2006,FWA,IN,AGL,CE,Combined TRACON& Tower with Radar,38,62,48,9,157,0,4,27,1,32,38,66,75,10,189,8,8,16,205
11/02/2006,FWA,IN,AGL,CE,Combined TRACON& Tower with Radar,33,68,52,9,162,0,3,14,0,17,33,71,66,9,179,44,24,68,247
11/03/2006,FWA,IN,AGL,CE,Combined TRACON& Tower with Radar,35,68,37,12,152,0,10,52,0,62,35,78,89,12,214,100,30,130,344
11/04/2006,FWA,IN,AGL,CE,Combined TRACON& Tower with Radar,31,52,27,11,121,0,3,19,0,22,31,55,46,11,143,50,0,50,193
11/05/2006,FWA,IN,AGL,CE,Combined TRACON& Tower with Radar,0,50,42,12,104,0,3,37,0,40,0,53,79,12,144,110,2,112,256
11/06/2006,FWA,IN,AGL,CE,Combined TRACON& Tower with Radar,0,62,35,21,118,0,1,26,0,27,0,63,61,21,145,22,36,58,203
11/07/2006,FWA,IN,AGL,CE,Combined TRACON& Tower with Radar,36,62,47,0,145,0,1,2,0,3,36,63,49,0,148,4,0,4,152
11/08/2006,FWA,IN,AGL,CE,Combined TRACON& Tower with Radar,42,68,35,19,164,0,0,16,0,16,42,68,51,19,180,6,4,10,190
11/09/2006,FWA,IN,AGL,CE,Combined TRACON& Tower with Radar,39,67,57,1,164,0,5,31,1,37,39,72,88,2,201,46,4,50,251
11/10/2006,FWA,IN,AGL,CE,Combined TRACON& Tower with Radar,37,86,41,0,164,0,4,31,0,35,37,90,72,0,199,58,0,58,257
11/11/2006,FWA,IN,AGL,CE,Combined TRACON& Tower with Radar,32,88,12,5,137,0,5,3,0,8,32,93,15,5,145,0,0,0,145
11/12/2006,FWA,IN,AGL,CE,Combined TRACON& Tower with Radar,1,54,33,2,90,0,2,15,0,17,1,56,48,2,107,90,0,90,197
11/13/2006,FWA,IN,AGL,CE,Combined TRACON& Tower with Radar,0,61,38,9,108,2,0,8,0,10,2,61,46,9,118,16,0,16,134
11/14/2006,FWA,IN,AGL,CE,Combined TRACON& Tower with Radar,35,73,83,10,201,0,0,11,1,12,35,73,94,11,213,28,4,32,245
11/15/2006,FWA,IN,AGL,CE,Combined TRACON& Tower with Radar,32,63,42,7,144,0,3,8,1,12,32,66,50,8,156,14,26,40,196
11/16/2006,FWA,IN,AGL,CE,Combined TRACON& Tower with Radar,34,80,38,0,152,0,0,0,0,0,34,80,38,0,152,0,0,0,152
11/17/2006,FWA,IN,AGL,CE,Combined TRACON& Tower with Radar,36,57,41,13,147,0,0,20,0,20,36,57,61,13,167,56,14,70,237
11/18/2006,FWA,IN,AGL,CE,Combined TRACON& Tower with Radar,14,47,28,0,89,0,0,21,0,21,14,47,49,0,110,110,0,110,220
11/19/2006,FWA,IN,AGL,CE,Combined TRACON& Tower with Radar,0,53,16,0,69,0,4,9,0,13,0,57,25,0,82,65,0,65,147
11/20/2006,FWA,IN,AGL,CE,Combined TRACON& Tower with Radar,0,58,46,10,114,0,2,32,1,35,0,60,78,11,149,94,6,100,249
11/21/2006,FWA,IN,AGL,CE,Combined TRACON& Tower with Radar,38,62,52,11,163,0,2,43,0,45,38,64,95,11,208,80,12,92,300
11/22/2006,FWA,IN,AGL,CE,Combined TRACON& Tower with Radar,42,70,54,0,166,0,0,22,0,22,42,70,76,0,188,81,0,81,269
11/23/2006,FWA,IN,AGL,CE,Combined TRACON& Tower with Radar,2,56,7,0,65,0,0,15,0,15,2,56,22,0,80,6,0,6,86
11/24/2006,FWA,IN,AGL,CE,Combined TRACON& Tower with Radar,3,51,19,0,73,0,12,27,0,39,3,63,46,0,112,98,0,98,210
11/25/2006,FWA,IN,AGL,CE,Combined TRACON& Tower with Radar,4,57,33,0,94,0,1,23,0,24,4,58,56,0,118,92,0,92,210
11/26/2006,FWA,IN,AGL,CE,Combined TRACON& Tower with Radar,0,55,44,0,99,0,0,39,0,39,0,55,83,0,138,50,0,50,188
11/27/2006,FWA,IN,AGL,CE,Combined TRACON& Tower with Radar,1,58,43,8,110,0,0,19,0,19,1,58,62,8,129,70,10,80,209
11/28/2006,FWA,IN,AGL,CE,Combined TRACON& Tower with Radar,66,70,57,13,206,0,2,28,0,30,66,72,85,13,236,166,18,184,420
11/29/2006,FWA,IN,AGL,CE,Combined TRACON& Tower with Radar,77,64,42,20,203,0,1,2,0,3,77,65,44,20,206,28,22,50,256
11/30/2006,FWA,IN,AGL,CE,Combined TRACON& Tower with Radar,79,71,66,11,227,0,0,5,0,5,79,71,71,11,232,2,0,2,234
12/01/2006,FWA,IN,AGL,CE,Combined TRACON& Tower with Radar,87,61,31,0,179,0,3,0,0,3,87,64,31,0,182,0,0,0,182
12/02/2006,FWA,IN,AGL,CE,Combined TRACON& Tower with Radar,65,46,39,11,161,0,2,30,1,33,65,48,69,12,194,84,0,84,278
12/03/2006,FWA,IN,AGL,CE,Combined TRACON& Tower with Radar,40,54,28,16,138,0,1,32,0,33,40,55,60,16,171,98,17,115,286
12/04/2006,FWA,IN,AGL,CE,Combined TRACON& Tower with Radar,2,60,59,0,121,0,2,7,0,9,2,62,66,0,130,34,0,34,164
12/05/2006,FWA,IN,AGL,CE,Combined TRACON& Tower with Radar,78,65,57,9,209,0,1,22,0,23,78,66,79,9,232,112,24,136,368
12/06/2006,FWA,IN,AGL,CE,Combined TRACON& Tower with Radar,79,59,32,19,189,0,0,20,0,20,79,59,52,19,209,53,23,76,285
12/07/2006,FWA,IN,AGL,CE,Combined TRACON& Tower with Radar,76,74,41,0,191,0,0,7,0,7,76,74,48,0,198,14,8,22,220
12/08/2006,FWA,IN,AGL,CE,Combined TRACON& Tower with Radar,93,75,54,18,240,0,1,38,0,39,93,76,92,18,279,115,22,137,416
12/09/2006,FWA,IN,AGL,CE,Combined TRACON& Tower with Radar,70,55,51,0,176,0,0,27,0,27,70,55,78,0,203,138,0,138,341
12/10/2006,FWA,IN,AGL,CE,Combined TRACON& Tower with Radar,36,43,24,0,103,0,2,34,0,36,36,45,58,0,139,66,0,66,205
12/11/2006,FWA,IN,AGL,CE,Combined TRACON& Tower with Radar,5,53,35,13,106,0,6,29,0,35,5,59,64,13,141,92,0,92,233
12/12/2006,FWA,IN,AGL,CE,Combined TRACON& Tower with Radar,92,61,39,16,208,0,1,1,0,2,92,62,40,16,210,11,0,11,221
12/13/2006,FWA,IN,AGL,CE,Combined TRACON& Tower with Radar,87,69,44,17,217,0,1,23,0,24,87,70,67,17,241,76,12,88,329
12/14/2006,FWA,IN,AGL,CE,Combined TRACON& Tower with Radar,92,73,37,14,216,0,0,9,0,9,92,73,46,14,225,28,6,34,259
12/15/2006,FWA,IN,AGL,CE,Combined TRACON& Tower with Radar,98,73,45,14,230,0,0,26,0,26,98,73,71,14,256,60,0,60,316
12/16/2006,FWA,IN,AGL,CE,Combined TRACON& Tower with Radar,83,45,27,3,158,0,5,45,1,51,83,50,72,4,209,126,4,130,339
12/17/2006,FWA,IN,AGL,CE,Combined TRACON& Tower with Radar,44,49,13,0,106,0,1,0,0,1,44,50,13,0,107,0,0,0,107
12/18/2006,FWA,IN,AGL,CE,Combined TRACON& Tower with Radar,3,60,50,0,113,0,1,15,0,16,3,61,65,0,129,40,0,40,169
12/19/2006,FWA,IN,AGL,CE,Combined TRACON& Tower with Radar,90,62,51,8,211,0,5,23,1,29,90,67,74,9,240,42,16,58,298
12/20/2006,FWA,IN,AGL,CE,Combined TRACON& Tower with Radar,86,53,55,6,200,0,0,30,0,30,86,53,85,6,230,8,4,12,242
12/21/2006,FWA,IN,AGL,CE,Combined TRACON& Tower with Radar,97,63,47,20,227,0,0,0,0,0,97,63,47,20,227,2,0,2,229
12/22/2006,FWA,IN,AGL,CE,Combined TRACON& Tower with Radar,86,61,25,0,172,0,0,4,0,4,86,61,29,0,176,18,0,18,194
12/23/2006,FWA,IN,AGL,CE,Combined TRACON& Tower with Radar,79,55,12,0,146,0,2,5,0,7,79,57,17,0,153,34,0,34,187
12/24/2006,FWA,IN,AGL,CE,Combined TRACON& Tower with Radar,26,46,24,0,96,0,3,17,0,20,26,49,41,0,116,20,0,20,136
12/25/2006,FWA,IN,AGL,CE,Combined TRACON& Tower with Radar,0,48,13,0,61,0,0,1,0,1,0,48,14,0,62,0,0,0,62
12/26/2006,FWA,IN,AGL,CE,Combined TRACON& Tower with Radar,2,55,30,0,87,0,0,11,0,11,2,55,41,0,98,40,0,40,138
12/27/2006,FWA,IN,AGL,CE,Combined TRACON& Tower with Radar,31,73,35,15,154,0,0,0,0,0,31,73,35,15,154,66,10,76,230
12/28/2006,FWA,IN,AGL,CE,Combined TRACON& Tower with Radar,32,63,32,6,133,0,2,23,0,25,32,65,55,6,158,70,10,80,238
12/29/2006,FWA,IN,AGL,CE,Combined TRACON& Tower with Radar,27,63,28,9,127,0,1,24,0,25,27,64,52,9,152,78,6,84,236
12/30/2006,FWA,IN,AGL,CE,Combined TRACON& Tower with Radar,25,49,37,0,111,0,1,17,0,18,25,50,54,0,129,80,0,80,209
12/31/2006,FWA,IN,AGL,CE,Combined TRACON& Tower with Radar,1,37,16,0,54,0,0,0,0,0,1,37,16,0,54,0,0,0,54
01/01/2007,FWA,IN,AGL,CE,Combined TRACON& Tower with Radar,0,44,7,0,51,0,0,2,0,2,0,44,9,0,53,0,0,0,53
01/02/2007,FWA,IN,AGL,CE,Combined TRACON& Tower with Radar,2,61,25,1,89,0,0,20,0,20,2,61,45,1,109,118,0,118,227
01/03/2007,FWA,IN,AGL,CE,Combined TRACON& Tower with Radar,33,62,46,14,155,0,5,19,0,24,33,67,65,14,179,54,18,72,251
01/04/2007,FWA,IN,AGL,CE,Combined TRACON& Tower with Radar,33,68,33,30,164,0,1,11,0,12,33,69,44,30,176,60,20,80,256
01/05/2007,FWA,IN,AGL,CE,Combined TRACON& Tower with Radar,44,85,28,19,176,0,0,0,0,0,44,85,28,19,176,0,0,0,176
01/06/2007,FWA,IN,AGL,CE,Combined TRACON& Tower with Radar,29,53,25,9,116,0,1,9,0,10,29,54,34,9,126,0,0,0,126
01/07/2007,FWA,IN,AGL,CE,Combined TRACON& Tower with Radar,0,44,23,24,91,0,2,1,0,3,0,46,24,24,94,70,16,86,180
01/08/2007,FWA,IN,AGL,CE,Combined TRACON& Tower with Radar,0,57,25,13,95,0,0,14,0,14,0,57,39,13,109,32,4,36,145
01/09/2007,FWA,IN,AGL,CE,Combined TRACON& Tower with Radar,35,66,47,12,160,0,6,10,0,16,35,72,57,12,176,80,12,92,268
01/10/2007,FWA,IN,AGL,CE,Combined TRACON& Tower with Radar,34,62,41,12,149,0,3,25,0,28,34,65,66,12,177,102,18,120,297
01/11/2007,FWA,IN,AGL,CE,Combined TRACON& Tower with Radar,32,60,40,8,140,0,1,10,0,11,32,61,50,8,151,60,6,66,217
01/12/2007,FWA,IN,AGL,CE,Combined TRACON& Tower with Radar,36,64,36,0,136,0,1,2,0,3,36,65,38,0,139,0,0,0,139
01/13/2007,FWA,IN,AGL,CE,Combined TRACON& Tower with Radar,24,50,17,0,91,0,0,0,0,0,24,50,17,0,91,0,0,0,91
01/14/2007,FWA,IN,AGL,CE,Combined TRACON& Tower with Radar,0,39,3,0,42,0,0,0,0,0,0,39,3,0,42,0,0,0,42
01/15/2007,FWA,IN,AGL,CE,Combined TRACON& Tower with Radar,0,54,24,0,78,0,0,0,0,0,0,54,24,0,78,0,0,0,78
01/16/2007,FWA,IN,AGL,CE,Combined TRACON& Tower with Radar,29,62,33,8,132,0,5,6,0,11,29,67,39,8,143,120,16,136,279
01/17/2007,FWA,IN,AGL,CE,Combined TRACON& Tower with Radar,29,61,64,12,166,0,6,35,0,41,29,67,99,12,207,80,14,94,301
01/18/2007,FWA,IN,AGL,CE,Combined TRACON& Tower with Radar,32,69,45,8,154,0,5,11,0,16,32,74,56,8,170,84,8,92,262
01/19/2007,FWA,IN,AGL,CE,Combined TRACON& Tower with Radar,34,70,21,6,131,0,5,11,0,16,34,75,32,6,147,51,0,51,198
01/20/2007,FWA,IN,AGL,CE,Combined TRACON& Tower with Radar,25,51,25,0,101,0,1,29,0,30,25,52,54,0,131,70,0,70,201
01/21/2007,FWA,IN,AGL,CE,Combined TRACON& Tower with Radar,3,36,5,0,44,0,2,0,0,2,3,38,5,0,46,0,0,0,46
01/22/2007,FWA,IN,AGL,CE,Combined TRACON& Tower with Radar,0,55,22,6,83,0,6,3,0,9,0,61,25,6,92,0,0,0,92
01/23/2007,FWA,IN,AGL,CE,Combined TRACON& Tower with Radar,40,56,46,7,149,0,5,5,0,10,40,61,51,7,159,0,0,0,159
01/24/2007,FWA,IN,AGL,CE,Combined TRACON& Tower with Radar,36,64,51,11,162,0,0,5,1,6,36,64,56,12,168,58,0,58,226
01/25/2007,FWA,IN,AGL,CE,Combined TRACON& Tower with Radar,35,63,51,11,160,0,0,2,0,2,35,63,53,11,162,52,14,66,228
01/26/2007,FWA,IN,AGL,CE,Combined TRACON& Tower with Radar,30,72,44,7,153,0,2,25,0,27,30,74,69,7,180,36,16,52,232
01/27/2007,FWA,IN,AGL,CE,Combined TRACON& Tower with Radar,27,49,15,0,91,0,2,4,0,6,27,51,19,0,97,52,0,52,149
01/28/2007,FWA,IN,AGL,CE,Combined TRACON& Tower with Radar,1,45,6,0,52,0,6,1,0,7,1,51,7,0,59,0,0,0,59
01/29/2007,FWA,IN,AGL,CE,Combined TRACON& Tower with Radar,2,54,37,0,93,0,1,8,0,9,2,55,45,0,102,0,0,0,102
01/30/2007,FWA,IN,AGL,CE,Combined TRACON& Tower with Radar,35,58,30,0,123,0,5,5,0,10,35,63,35,0,133,0,0,0,133
01/31/2007,FWA,IN,AGL,CE,Combined TRACON& Tower with Radar,31,54,36,7,128,0,0,37,1,38,31,54,73,8,166,82,8,90,256
02/01/2007,FWA,IN,AGL,CE,Combined TRACON& Tower with Radar,32,70,38,2,142,0,1,5,0,6,32,71,43,2,148,32,0,32,180
02/02/2007,FWA,IN,AGL,CE,Combined TRACON& Tower with Radar,32,64,32,7,135,0,5,9,0,14,32,69,41,7,149,10,10,20,169
02/03/2007,FWA,IN,AGL,CE,Combined TRACON& Tower with Radar,29,39,4,0,72,0,3,9,0,12,29,42,13,0,84,13,0,13,97
02/04/2007,FWA,IN,AGL,CE,Combined TRACON& Tower with Radar,0,48,9,0,57,0,2,3,0,5,0,50,12,0,62,0,0,0,62
02/05/2007,FWA,IN,AGL,CE,Combined TRACON& Tower with Radar,0,60,33,1,94,0,3,6,0,9,0,63,39,1,103,36,6,42,145
02/06/2007,FWA,IN,AGL,CE,Combined TRACON& Tower with Radar,28,51,34,0,113,0,1,4,0,5,28,52,38,0,118,8,4,12,130
02/07/2007,FWA,IN,AGL,CE,Combined TRACON& Tower with Radar,32,55,44,16,147,1,6,19,0,26,33,61,63,16,173,26,14,40,213
02/08/2007,FWA,IN,AGL,CE,Combined TRACON& Tower with Radar,33,71,81,9,194,0,4,19,0,23,33,75,100,9,217,38,23,61,278
02/09/2007,FWA,IN,AGL,CE,Combined TRACON& Tower with Radar,34,57,43,13,147,0,4,20,0,24,34,61,63,13,171,12,0,12,183
02/10/2007,FWA,IN,AGL,CE,Combined TRACON& Tower with Radar,25,52,13,22,112,0,3,30,0,33,25,55,43,22,145,52,8,60,205
02/11/2007,FWA,IN,AGL,CE,Combined TRACON& Tower with Radar,0,47,36,19,102,0,2,26,0,28,0,49,62,19,130,28,24,52,182
02/12/2007,FWA,IN,AGL,CE,Combined TRACON& Tower with Radar,0,57,46,7,110,0,0,5,1,6,0,57,51,8,116,6,12,18,134
02/13/2007,FWA,IN,AGL,CE,Combined TRACON& Tower with Radar,37,15,15,0,67,0,2,0,0,2,37,17,15,0,69,0,0,0,69
02/14/2007,FWA,IN,AGL,CE,Combined TRACON& Tower with Radar,10,38,20,0,68,0,4,7,0,11,10,42,27,0,79,0,0,0,79
02/15/2007,FWA,IN,AGL,CE,Combined TRACON& Tower with Radar,37,66,51,0,154,0,4,1,0,5,37,70,52,0,159,0,0,0,159
02/16/2007,FWA,IN,AGL,CE,Combined TRACON& Tower with Radar,36,69,33,0,138,0,4,31,0,35,36,73,64,0,173,28,0,28,201
02/17/2007,FWA,IN,AGL,CE,Combined TRACON& Tower with Radar,28,49,5,0,82,0,2,2,0,4,28,51,7,0,86,2,0,2,88
02/18/2007,FWA,IN,AGL,CE,Combined TRACON& Tower with Radar,0,48,13,0,61,0,4,24,0,28,0,52,37,0,89,2,0,2,91
02/19/2007,FWA,IN,AGL,CE,Combined TRACON& Tower with Radar,6,59,25,0,90,0,2,11,0,13,6,61,36,0,103,4,0,4,107
02/20/2007,FWA,IN,AGL,CE,Combined TRACON& Tower with Radar,25,60,52,9,146,0,7,10,0,17,25,67,62,9,163,34,4,38,201
02/21/2007,FWA,IN,AGL,CE,Combined TRACON& Tower with Radar,36,44,31,0,111,0,2,5,0,7,36,46,36,0,118,19,0,19,137
02/22/2007,FWA,IN,AGL,CE,Combined TRACON& Tower with Radar,35,71,41,16,163,0,3,4,0,7,35,74,45,16,170,8,0,8,178
02/23/2007,FWA,IN,AGL,CE,Combined TRACON& Tower with Radar,40,64,44,15,163,0,7,29,0,36,40,71,73,15,199,94,20,114,313
02/24/2007,FWA,IN,AGL,CE,Combined TRACON& Tower with Radar,28,48,25,4,105,2,2,20,0,24,30,50,45,4,129,38,0,38,167
02/25/2007,FWA,IN,AGL,CE,Combined TRACON& Tower with Radar,2,35,12,1,50,0,5,1,0,6,2,40,13,1,56,6,0,6,62
02/26/2007,FWA,IN,AGL,CE,Combined TRACON& Tower with Radar,4,51,23,10,88,0,7,0,0,7,4,58,23,10,95,0,0,0,95
02/27/2007,FWA,IN,AGL,CE,Combined TRACON& Tower with Radar,30,67,45,10,152,0,3,5,1,9,30,70,50,11,161,50,0,50,211
02/28/2007,FWA,IN,AGL,CE,Combined TRACON& Tower with Radar,32,69,40,16,157,0,8,22,0,30,32,77,62,16,187,30,24,54,241
03/01/2007,FWA,IN,AGL,CE,Combined TRACON& Tower with Radar,27,72,31,0,130,0,1,0,0,1,27,73,31,0,131,2,0,2,133
03/02/2007,FWA,IN,AGL,CE,Combined TRACON& Tower with Radar,35,55,23,4,117,0,0,1,0,1,35,55,24,4,118,2,2,4,122
03/03/2007,FWA,IN,AGL,CE,Combined TRACON& Tower with Radar,27,49,10,12,98,0,3,1,0,4,27,52,11,12,102,0,0,0,102
03/04/2007,FWA,IN,AGL,CE,Combined TRACON& Tower with Radar,0,46,30,20,96,0,4,13,0,17,0,50,43,20,113,10,12,22,135
03/05/2007,FWA,IN,AGL,CE,Combined TRACON& Tower with Radar,6,53,24,0,83,0,4,8,0,12,6,57,32,0,95,0,0,0,95
03/06/2007,FWA,IN,AGL,CE,Combined TRACON& Tower with Radar,27,62,52,8,149,0,5,18,0,23,27,67,70,8,172,84,0,84,256
03/07/2007,FWA,IN,AGL,CE,Combined TRACON& Tower with Radar,34,66,49,9,158,0,3,8,0,11,34,69,57,9,169,24,4,28,197
03/08/2007,FWA,IN,AGL,CE,Combined TRACON& Tower with Radar,29,72,52,10,163,0,5,35,0,40,29,77,87,10,203,94,8,102,305
03/09/2007,FWA,IN,AGL,CE,Combined TRACON& Tower with Radar,37,71,60,11,179,0,4,26,0,30,37,75,86,11,209,132,8,140,349
03/10/2007,FWA,IN,AGL,CE,Combined TRACON& Tower with Radar,28,52,28,0,108,1,4,17,0,22,29,56,45,0,130,76,0,76,206
03/11/2007,FWA,IN,AGL,CE,Combined TRACON& Tower with Radar,2,59,43,0,104,0,2,49,0,51,2,61,92,0,155,67,0,67,222
03/12/2007,FWA,IN,AGL,CE,Combined TRACON& Tower with Radar,4,63,31,8,106,0,4,6,0,10,4,67,37,8,116,39,2,41,157
03/13/2007,FWA,IN,AGL,CE,Combined TRACON& Tower with Radar,48,61,42,12,163,0,4,19,0,23,48,65,61,12,186,32,4,36,222
03/14/2007,FWA,IN,AGL,CE,Combined TRACON& Tower with Radar,34,64,52,11,161,0,0,0,0,0,34,64,52,11,161,34,0,34,195
03/15/2007,FWA,IN,AGL,CE,Combined TRACON& Tower with Radar,34,71,32,8,145,0,1,9,0,10,34,72,41,8,155,115,20,135,290
03/16/2007,FWA,IN,AGL,CE,Combined TRACON& Tower with Radar,37,65,38,21,161,0,1,24,0,25,37,66,62,21,186,65,16,81,267
03/17/2007,FWA,IN,AGL,CE,Combined TRACON& Tower with Radar,21,52,25,3,101,0,0,23,0,23,21,52,48,3,124,37,0,37,161
03/18/2007,FWA,IN,AGL,CE,Combined TRACON& Tower with Radar,0,49,46,4,99,0,0,25,0,25,0,49,71,4,124,136,0,136,260
03/19/2007,FWA,IN,AGL,CE,Combined TRACON& Tower with Radar,6,62,30,0,98,0,0,4,0,4,6,62,34,0,102,2,0,2,104
03/20/2007,FWA,IN,AGL,CE,Combined TRACON& Tower with Radar,31,81,45,12,169,0,6,16,0,22,31,87,61,12,191,60,6,66,257
03/21/2007,FWA,IN,AGL,CE,Combined TRACON& Tower with Radar,33,19,54,4,110,0,55,14,0,69,33,74,68,4,179,40,0,40,219
03/22/2007,FWA,IN,AGL,CE,Combined TRACON& Tower with Radar,33,58,55,3,149,0,4,5,0,9,33,62,60,3,158,22,0,22,180
03/23/2007,FWA,IN,AGL,CE,Combined TRACON& Tower with Radar,41,63,80,0,184,0,1,5,0,6,41,64,85,0,190,12,0,12,202
03/24/2007,FWA,IN,AGL,CE,Combined TRACON& Tower with Radar,26,50,21,0,97,0,0,0,0,0,26,50,21,0,97,14,0,14,111
03/25/2007,FWA,IN,AGL,CE,Combined TRACON& Tower with Radar,0,44,21,0,65,0,2,28,0,30,0,46,49,0,95,56,0,56,151
03/26/2007,FWA,IN,AGL,CE,Combined TRACON& Tower with Radar,6,56,38,0,100,0,0,12,3,15,6,56,50,3,115,22,0,22,137
03/27/2007,FWA,IN,AGL,CE,Combined TRACON& Tower with Radar,37,60,38,4,139,0,1,7,0,8,37,61,45,4,147,94,2,96,243
03/28/2007,FWA,IN,AGL,CE,Combined TRACON& Tower with Radar,30,71,68,1,170,0,1,5,1,7,30,72,73,2,177,2,0,2,179
03/29/2007,FWA,IN,AGL,CE,Combined TRACON& Tower with Radar,29,70,44,1,144,0,5,15,1,21,29,75,59,2,165,78,0,78,243
03/30/2007,FWA,IN,AGL,CE,Combined TRACON& Tower with Radar,39,78,78,1,196,0,0,40,0,40,39,78,118,1,236,120,0,120,356
03/31/2007,FWA,IN,AGL,CE,Combined TRACON& Tower with Radar,28,46,39,0,113,0,3,7,0,10,28,49,46,0,123,74,0,74,197
04/01/2007,FWA,IN,AGL,CE,Combined TRACON& Tower with Radar,0,45,9,0,54,0,3,5,0,8,0,48,14,0,62,0,0,0,62
04/02/2007,FWA,IN,AGL,CE,Combined TRACON& Tower with Radar,5,62,29,0,96,0,0,20,0,20,5,62,49,0,116,24,0,24,140
04/03/2007,FWA,IN,AGL,CE,Combined TRACON& Tower with Radar,33,54,44,0,131,0,4,9,0,13,33,58,53,0,144,8,0,8,152
04/04/2007,FWA,IN,AGL,CE,Combined TRACON& Tower with Radar,30,68,32,0,130,0,1,2,0,3,30,69,34,0,133,0,0,0,133
04/05/2007,FWA,IN,AGL,CE,Combined TRACON& Tower with Radar,32,59,35,0,126,0,1,5,0,6,32,60,40,0,132,0,0,0,132
04/06/2007,FWA,IN,AGL,CE,Combined TRACON& Tower with Radar,35,59,55,9,158,0,0,1,0,1,35,59,56,9,159,42,0,42,201
04/07/2007,FWA,IN,AGL,CE,Combined TRACON& Tower with Radar,6,49,17,4,76,0,0,4,0,4,6,49,21,4,80,0,0,0,80
04/08/2007,FWA,IN,AGL,CE,Combined TRACON& Tower with Radar,0,45,20,0,65,0,2,6,0,8,0,47,26,0,73,0,0,0,73
04/09/2007,FWA,IN,AGL,CE,Combined TRACON& Tower with Radar,6,61,28,10,105,0,2,11,2,15,6,63,39,12,120,12,0,12,132
04/10/2007,FWA,IN,AGL,CE,Combined TRACON& Tower with Radar,36,67,55,10,168,0,2,23,0,25,36,69,78,10,193,44,8,52,245
04/11/2007,FWA,IN,AGL,CE,Combined TRACON& Tower with Radar,31,65,51,1,148,2,1,7,0,10,33,66,58,1,158,6,0,6,164
04/12/2007,FWA,IN,AGL,CE,Combined TRACON& Tower with Radar,33,65,27,1,126,0,0,2,1,3,33,65,29,2,129,14,0,14,143
04/13/2007,FWA,IN,AGL,CE,Combined TRACON& Tower with Radar,36,64,40,11,151,0,1,36,0,37,36,65,76,11,188,141,16,157,345
04/14/2007,FWA,IN,AGL,CE,Combined TRACON& Tower with Radar,26,49,16,13,104,0,6,11,0,17,26,55,27,13,121,48,22,70,191
04/15/2007,FWA,IN,AGL,CE,Combined TRACON& Tower with Radar,0,59,17,10,86,0,0,25,2,27,0,59,42,12,113,22,14,36,149
04/16/2007,FWA,IN,AGL,CE,Combined TRACON& Tower with Radar,8,62,38,0,108,0,1,27,0,28,8,63,65,0,136,4,0,4,140
04/17/2007,FWA,IN,AGL,CE,Combined TRACON& Tower with Radar,35,64,65,15,179,0,2,32,0,34,35,66,97,15,213,68,6,74,287
04/18/2007,FWA,IN,AGL,CE,Combined TRACON& Tower with Radar,30,96,39,18,183,0,1,23,0,24,30,97,62,18,207,38,6,44,251
04/19/2007,FWA,IN,AGL,CE,Combined TRACON& Tower with Radar,33,73,49,10,165,0,0,9,0,9,33,73,58,10,174,96,0,96,270
04/20/2007,FWA,IN,AGL,CE,Combined TRACON& Tower with Radar,34,72,26,6,138,0,5,37,0,42,34,77,63,6,180,84,18,102,282
04/21/2007,FWA,IN,AGL,CE,Combined TRACON& Tower with Radar,26,55,20,0,101,0,0,36,0,36,26,55,56,0,137,120,0,120,257
04/22/2007,FWA,IN,AGL,CE,Combined TRACON& Tower with Radar,0,55,29,0,84,0,1,38,0,39,0,56,67,0,123,80,0,80,203
04/23/2007,FWA,IN,AGL,CE,Combined TRACON& Tower with Radar,5,60,36,8,109,0,1,7,0,8,5,61,43,8,117,0,7,7,124
04/24/2007,FWA,IN,AGL,CE,Combined TRACON& Tower with Radar,32,64,49,14,159,0,0,16,0,16,32,64,65,14,175,86,3,89,264
04/25/2007,FWA,IN,AGL,CE,Combined TRACON& Tower with Radar,36,68,58,7,169,0,3,1,0,4,36,71,59,7,173,10,0,10,183
04/26/2007,FWA,IN,AGL,CE,Combined TRACON& Tower with Radar,32,71,37,7,147,0,1,3,0,4,32,72,40,7,151,2,0,2,153
04/27/2007,FWA,IN,AGL,CE,Combined TRACON& Tower with Radar,36,77,48,13,174,0,3,2,0,5,36,80,50,13,179,4,4,8,187
04/28/2007,FWA,IN,AGL,CE,Combined TRACON& Tower with Radar,26,68,55,4,153,0,8,29,0,37,26,76,84,4,190,32,1,33,223
04/29/2007,FWA,IN,AGL,CE,Combined TRACON& Tower with Radar,0,63,43,0,106,0,2,38,0,40,0,65,81,0,146,190,0,190,336
04/30/2007,FWA,IN,AGL,CE,Combined TRACON& Tower with Radar,5,66,39,13,123,0,4,19,0,23,5,70,58,13,146,8,6,14,160
05/01/2007,FWA,IN,AGL,CE,Combined TRACON& Tower with Radar,33,57,36,11,137,0,4,14,0,18,33,61,50,11,155,16,4,20,175
05/02/2007,FWA,IN,AGL,CE,Combined TRACON& Tower with Radar,30,70,43,7,150,0,1,13,0,14,30,71,56,7,164,54,0,54,218
05/03/2007,FWA,IN,AGL,CE,Combined TRACON& Tower with Radar,34,69,47,5,155,0,0,42,0,42,34,69,89,5,197,75,2,77,274
05/04/2007,FWA,IN,AGL,CE,Combined TRACON& Tower with Radar,38,79,35,6,158,0,2,43,1,46,38,81,78,7,204,120,24,144,348
05/05/2007,FWA,IN,AGL,CE,Combined TRACON& Tower with Radar,24,57,23,32,136,0,6,7,0,13,24,63,30,32,149,72,6,78,227
05/06/2007,FWA,IN,AGL,CE,Combined TRACON& Tower with Radar,1,64,29,3,97,0,4,10,0,14,1,68,39,3,111,50,0,50,161
05/07/2007,FWA,IN,AGL,CE,Combined TRACON& Tower with Radar,6,58,37,1,102,0,1,26,0,27,6,59,63,1,129,4,0,4,133
05/08/2007,FWA,IN,AGL,CE,Combined TRACON& Tower with Radar,31,66,29,10,136,0,0,18,0,18,31,66,47,10,154,27,22,49,203
05/09/2007,FWA,IN,AGL,CE,Combined TRACON& Tower with Radar,29,75,47,4,155,0,1,5,0,6,29,76,52,4,161,62,6,68,229
05/10/2007,FWA,IN,AGL,CE,Combined TRACON& Tower with Radar,31,75,50,10,166,0,1,9,0,10,31,76,59,10,176,28,22,50,226
05/11/2007,FWA,IN,AGL,CE,Combined TRACON& Tower with Radar,35,70,61,10,176,0,5,42,0,47,35,75,103,10,223,68,8,76,299
05/12/2007,FWA,IN,AGL,CE,Combined TRACON& Tower with Radar,27,68,35,0,130,0,6,40,0,46,27,74,75,0,176,30,0,30,206
05/13/2007,FWA,IN,AGL,CE,Combined TRACON& Tower with Radar,0,58,20,0,78,0,1,17,0,18,0,59,37,0,96,18,0,18,114
05/14/2007,FWA,IN,AGL,CE,Combined TRACON& Tower with Radar,7,62,43,7,119,0,5,6,0,11,7,67,49,7,130,48,3,51,181
05/15/2007,FWA,IN,AGL,CE,Combined TRACON& Tower with Radar,32,64,35,6,137,0,5,12,0,17,32,69,47,6,154,0,0,0,154
05/16/2007,FWA,IN,AGL,CE,Combined TRACON& Tower with Radar,31,62,47,7,147,0,0,7,0,7,31,62,54,7,154,74,4,78,232
05/17/2007,FWA,IN,AGL,CE,Combined TRACON& Tower with Radar,31,83,47,22,183,0,0,14,0,14,31,83,61,22,197,12,6,18,215
05/18/2007,FWA,IN,AGL,CE,Combined TRACON& Tower with Radar,39,72,51,23,185,0,2,32,0,34,39,74,83,23,219,94,0,94,313
05/19/2007,FWA,IN,AGL,CE,Combined TRACON& Tower with Radar,24,75,36,10,145,0,5,14,0,19,24,80,50,10,164,26,0,26,190
05/20/2007,FWA,IN,AGL,CE,Combined TRACON& Tower with Radar,0,64,28,0,92,0,6,17,0,23,0,70,45,0,115,14,0,14,129
05/21/2007,FWA,IN,AGL,CE,Combined TRACON& Tower with Radar,5,67,56,7,135,0,2,30,0,32,5,69,86,7,167,33,4,37,204
05/22/2007,FWA,IN,AGL,CE,Combined TRACON& Tower with Radar,21,64,54,22,161,0,1,33,0,34,21,65,87,22,195,44,33,77,272
05/23/2007,FWA,IN,AGL,CE,Combined TRACON& Tower with Radar,30,68,52,15,165,0,2,29,0,31,30,70,81,15,196,45,0,45,241
05/24/2007,FWA,IN,AGL,CE,Combined TRACON& Tower with Radar,34,73,53,17,177,0,3,22,0,25,34,76,75,17,202,44,7,51,253
05/25/2007,FWA,IN,AGL,CE,Combined TRACON& Tower with Radar,39,66,39,9,153,0,0,13,4,17,39,66,52,13,170,18,6,24,194
05/26/2007,FWA,IN,AGL,CE,Combined TRACON& Tower with Radar,24,51,20,1,96,0,5,6,0,11,24,56,26,1,107,0,0,0,107
05/27/2007,FWA,IN,AGL,CE,Combined TRACON& Tower with Radar,1,38,6,1,46,0,2,6,0,8,1,40,12,1,54,0,0,0,54
05/28/2007,FWA,IN,AGL,CE,Combined TRACON& Tower with Radar,7,50,23,0,80,0,0,16,0,16,7,50,39,0,96,46,0,46,142
05/29/2007,FWA,IN,AGL,CE,Combined TRACON& Tower with Radar,2,57,49,7,115,0,2,25,0,27,2,59,74,7,142,12,10,22,164
05/30/2007,FWA,IN,AGL,CE,Combined TRACON& Tower with Radar,34,67,52,11,164,0,4,18,0,22,34,71,70,11,186,12,0,12,198
05/31/2007,FWA,IN,AGL,CE,Combined TRACON& Tower with Radar,33,74,59,12,178,0,0,16,0,16,33,74,75,12,194,48,8,56,250
06/01/2007,FWA,IN,AGL,CE,Combined TRACON& Tower with Radar,44,69,43,18,174,0,4,11,0,15,44,73,54,18,189,92,0,92,281
06/02/2007,FWA,IN,AGL,CE,Combined TRACON& Tower with Radar,27,55,32,8,122,0,3,13,0,16,27,58,45,8,138,20,6,26,164
06/03/2007,FWA,IN,AGL,CE,Combined TRACON& Tower with Radar,1,52,8,10,71,0,8,2,0,10,1,60,10,10,81,30,2,32,113
06/04/2007,FWA,IN,AGL,CE,Combined TRACON& Tower with Radar,6,61,28,2,97,0,0,11,0,11,6,61,39,2,108,4,0,4,112
06/05/2007,FWA,IN,AGL,CE,Combined TRACON& Tower with Radar,28,67,38,14,147,0,4,7,1,12,28,71,45,15,159,39,10,49,208
06/06/2007,FWA,IN,AGL,CE,Combined TRACON& Tower with Radar,31,62,50,19,162,0,2,40,0,42,31,64,90,19,204,34,6,40,244
06/07/2007,FWA,IN,AGL,CE,Combined TRACON& Tower with Radar,36,71,60,6,173,0,2,35,0,37,36,73,95,6,210,46,0,46,256
06/08/2007,FWA,IN,AGL,CE,Combined TRACON& Tower with Radar,34,60,22,9,125,0,2,5,0,7,34,62,27,9,132,48,0,48,180
06/09/2007,FWA,IN,AGL,CE,Combined TRACON& Tower with Radar,24,51,33,1,109,0,6,30,0,36,24,57,63,1,145,70,0,70,215
06/10/2007,FWA,IN,AGL,CE,Combined TRACON& Tower with Radar,0,54,32,0,86,0,3,32,0,35,0,57,64,0,121,14,0,14,135
06/11/2007,FWA,IN,AGL,CE,Combined TRACON& Tower with Radar,5,61,56,13,135,0,0,17,0,17,5,61,73,13,152,75,16,91,243
06/12/2007,FWA,IN,AGL,CE,Combined TRACON& Tower with Radar,33,65,39,10,147,0,2,29,0,31,33,67,68,10,178,54,6,60,238
06/13/2007,FWA,IN,AGL,CE,Combined TRACON& Tower with Radar,38,74,75,14,201,0,0,0,0,0,38,74,75,14,201,26,8,34,235
06/14/2007,FWA,IN,AGL,CE,Combined TRACON& Tower with Radar,33,70,50,14,167,0,2,23,0,25,33,72,73,14,192,75,10,85,277
06/15/2007,FWA,IN,AGL,CE,Combined TRACON& Tower with Radar,36,71,53,21,181,0,2,39,0,41,36,73,92,21,222,106,4,110,332
06/16/2007,FWA,IN,AGL,CE,Combined TRACON& Tower with Radar,24,51,23,0,98,0,3,37,0,40,24,54,60,0,138,74,0,74,212
06/17/2007,FWA,IN,AGL,CE,Combined TRACON& Tower with Radar,1,52,24,4,81,0,5,15,0,20,1,57,39,4,101,62,46,108,209
06/18/2007,FWA,IN,AGL,CE,Combined TRACON& Tower with Radar,8,66,33,0,107,0,0,9,0,9,8,66,42,0,116,4,0,4,120
06/19/2007,FWA,IN,AGL,CE,Combined TRACON& Tower with Radar,32,71,29,4,136,0,5,5,2,12,32,76,34,6,148,40,0,40,188
06/20/2007,FWA,IN,AGL,CE,Combined TRACON& Tower with Radar,36,65,47,10,158,0,0,42,0,42,36,65,89,10,200,62,16,78,278
06/21/2007,FWA,IN,AGL,CE,Combined TRACON& Tower with Radar,31,79,38,15,163,0,2,22,1,25,31,81,60,16,188,56,2,58,246
06/22/2007,FWA,IN,AGL,CE,Combined TRACON& Tower with Radar,44,79,42,15,180,0,3,31,0,34,44,82,73,15,214,106,8,114,328
06/23/2007,FWA,IN,AGL,CE,Combined TRACON& Tower with Radar,24,59,15,1,99,0,2,17,0,19,24,61,32,1,118,12,0,12,130
06/24/2007,FWA,IN,AGL,CE,Combined TRACON& Tower with Radar,1,57,27,0,85,0,0,13,0,13,1,57,40,0,98,2,0,2,100
06/25/2007,FWA,IN,AGL,CE,Combined TRACON& Tower with Radar,6,71,40,7,124,0,0,17,0,17,6,71,57,7,141,0,0,0,141
06/26/2007,FWA,IN,AGL,CE,Combined TRACON& Tower with Radar,37,70,41,10,158,0,0,17,0,17,37,70,58,10,175,40,2,42,217
06/27/2007,FWA,IN,AGL,CE,Combined TRACON& Tower with Radar,40,72,54,13,179,0,2,16,0,18,40,74,70,13,197,6,8,14,211
06/28/2007,FWA,IN,AGL,CE,Combined TRACON& Tower with Radar,35,68,48,13,164,0,0,5,0,5,35,68,53,13,169,12,6,18,187
06/29/2007,FWA,IN,AGL,CE,Combined TRACON& Tower with Radar,41,76,48,0,165,0,0,21,0,21,41,76,69,0,186,18,0,18,204
06/30/2007,FWA,IN,AGL,CE,Combined TRACON& Tower with Radar,25,47,31,4,107,0,4,35,0,39,25,51,66,4,146,28,0,28,174
07/01/2007,FWA,IN,AGL,CE,Combined TRACON& Tower with Radar,2,49,24,0,75,0,4,27,0,31,2,53,51,0,106,46,0,46,152
07/02/2007,FWA,IN,AGL,CE,Combined TRACON& Tower with Radar,6,48,23,0,77,0,3,34,0,37,6,51,57,0,114,49,0,49,163
07/03/2007,FWA,IN,AGL,CE,Combined TRACON& Tower with Radar,31,51,30,0,112,0,2,24,0,26,31,53,54,0,138,41,0,41,179
07/04/2007,FWA,IN,AGL,CE,Combined TRACON& Tower with Radar,8,49,9,0,66,0,0,6,0,6,8,49,15,0,72,15,0,15,87
07/05/2007,FWA,IN,AGL,CE,Combined TRACON& Tower with Radar,4,51,17,21,93,0,0,12,0,12,4,51,29,21,105,26,28,54,159
07/06/2007,FWA,IN,AGL,CE,Combined TRACON& Tower with Radar,40,58,38,13,149,0,0,29,0,29,40,58,67,13,178,68,2,70,248
07/07/2007,FWA,IN,AGL,CE,Combined TRACON& Tower with Radar,24,50,24,0,98,0,2,27,0,29,24,52,51,0,127,26,0,26,153
07/08/2007,FWA,IN,AGL,CE,Combined TRACON& Tower with Radar,0,59,20,0,79,0,2,18,0,20,0,61,38,0,99,30,0,30,129
07/09/2007,FWA,IN,AGL,CE,Combined TRACON& Tower with Radar,4,57,20,14,95,0,5,11,2,18,4,62,31,16,113,20,26,46,159
07/10/2007,FWA,IN,AGL,CE,Combined TRACON& Tower with Radar,31,74,64,18,187,0,1,13,0,14,31,75,77,18,201,42,16,58,259
07/11/2007,FWA,IN,AGL,CE,Combined TRACON& Tower with Radar,33,65,53,16,167,0,3,20,0,23,33,68,73,16,190,34,8,42,232
07/12/2007,FWA,IN,AGL,CE,Combined TRACON& Tower with Radar,28,68,69,21,186,0,1,12,0,13,28,69,81,21,199,25,23,48,247
07/13/2007,FWA,IN,AGL,CE,Combined TRACON& Tower with Radar,36,62,32,22,152,0,0,43,0,43,36,62,75,22,195,64,18,82,277
07/14/2007,FWA,IN,AGL,CE,Combined TRACON& Tower with Radar,25,50,25,25,125,0,3,30,2,35,25,53,55,27,160,64,36,100,260
07/15/2007,FWA,IN,AGL,CE,Combined TRACON& Tower with Radar,0,51,34,1,86,0,3,33,0,36,0,54,67,1,122,36,0,36,158
07/16/2007,FWA,IN,AGL,CE,Combined TRACON& Tower with Radar,5,72,35,0,112,0,0,16,0,16,5,72,51,0,128,4,0,4,132
07/17/2007,FWA,IN,AGL,CE,Combined TRACON& Tower with Radar,34,59,36,12,141,0,4,5,0,9,34,63,41,12,150,44,10,54,204
07/18/2007,FWA,IN,AGL,CE,Combined TRACON& Tower with Radar,39,71,55,27,192,0,3,14,0,17,39,74,69,27,209,46,22,68,277
07/19/2007,FWA,IN,AGL,CE,Combined TRACON& Tower with Radar,31,81,48,15,175,0,2,6,1,9,31,83,54,16,184,0,10,10,194
07/20/2007,FWA,IN,AGL,CE,Combined TRACON& Tower with Radar,36,72,29,24,161,0,5,27,0,32,36,77,56,24,193,106,20,126,319
07/21/2007,FWA,IN,AGL,CE,Combined TRACON& Tower with Radar,27,58,22,3,110,1,3,35,0,39,28,61,57,3,149,38,4,42,191
07/22/2007,FWA,IN,AGL,CE,Combined TRACON& Tower with Radar,0,52,25,6,83,0,3,26,0,29,0,55,51,6,112,28,0,28,140
07/23/2007,FWA,IN,AGL,CE,Combined TRACON& Tower with Radar,6,58,34,7,105,0,1,25,1,27,6,59,59,8,132,16,6,22,154
07/24/2007,FWA,IN,AGL,CE,Combined TRACON& Tower with Radar,29,59,53,6,147,0,3,31,0,34,29,62,84,6,181,8,0,8,189
07/25/2007,FWA,IN,AGL,CE,Combined TRACON& Tower with Radar,35,63,63,5,166,0,0,10,0,10,35,63,73,5,176,20,4,24,200
07/26/2007,FWA,IN,AGL,CE,Combined TRACON& Tower with Radar,33,65,52,34,184,0,0,7,0,7,33,65,59,34,191,0,8,8,199
07/27/2007,FWA,IN,AGL,CE,Combined TRACON& Tower with Radar,42,78,46,3,169,0,4,7,0,11,42,82,53,3,180,25,1,26,206
07/28/2007,FWA,IN,AGL,CE,Combined TRACON& Tower with Radar,26,58,37,3,124,0,2,2,0,4,26,60,39,3,128,0,0,0,128
07/29/2007,FWA,IN,AGL,CE,Combined TRACON& Tower with Radar,0,57,25,0,82,0,0,39,0,39,0,57,64,0,121,68,0,68,189
07/30/2007,FWA,IN,AGL,CE,Combined TRACON& Tower with Radar,6,56,38,0,100,0,1,20,0,21,6,57,58,0,121,6,0,6,127
07/31/2007,FWA,IN,AGL,CE,Combined TRACON& Tower with Radar,31,65,38,8,142,0,4,29,0,33,31,69,67,8,175,0,2,2,177
08/01/2007,FWA,IN,AGL,CE,Combined TRACON& Tower with Radar,34,65,66,9,174,0,3,20,0,23,34,68,86,9,197,46,0,46,243
08/02/2007,FWA,IN,AGL,CE,Combined TRACON& Tower with Radar,36,69,42,9,156,0,3,15,0,18,36,72,57,9,174,72,10,82,256
08/03/2007,FWA,IN,AGL,CE,Combined TRACON& Tower with Radar,37,72,29,8,146,0,0,14,1,15,37,72,43,9,161,110,2,112,273
08/04/2007,FWA,IN,AGL,CE,Combined TRACON& Tower with Radar,26,60,25,6,117,0,4,15,0,19,26,64,40,6,136,98,6,104,240
08/05/2007,FWA,IN,AGL,CE,Combined TRACON& Tower with Radar,0,49,34,3,86,0,0,8,0,8,0,49,42,3,94,34,0,34,128
08/06/2007,FWA,IN,AGL,CE,Combined TRACON& Tower with Radar,6,59,18,15,98,0,2,3,0,5,6,61,21,15,103,31,0,31,134
08/07/2007,FWA,IN,AGL,CE,Combined TRACON& Tower with Radar,32,59,41,14,146,0,1,3,1,5,32,60,44,15,151,47,14,61,212
08/08/2007,FWA,IN,AGL,CE,Combined TRACON& Tower with Radar,34,74,48,17,173,0,4,26,0,30,34,78,74,17,203,40,0,40,243
08/09/2007,FWA,IN,AGL,CE,Combined TRACON& Tower with Radar,36,86,44,19,185,0,6,17,0,23,36,92,61,19,208,22,0,22,230
08/10/2007,FWA,IN,AGL,CE,Combined TRACON& Tower with Radar,42,60,39,20,161,0,3,24,0,27,42,63,63,20,188,30,8,38,226
08/11/2007,FWA,IN,AGL,CE,Combined TRACON& Tower with Radar,22,57,18,19,116,0,6,21,0,27,22,63,39,19,143,12,20,32,175
08/12/2007,FWA,IN,AGL,CE,Combined TRACON& Tower with Radar,0,49,24,17,90,0,2,11,0,13,0,51,35,17,103,52,8,60,163
08/13/2007,FWA,IN,AGL,CE,Combined TRACON& Tower with Radar,6,58,35,0,99,0,0,26,0,26,6,58,61,0,125,4,0,4,129
08/14/2007,FWA,IN,AGL,CE,Combined TRACON& Tower with Radar,30,50,39,11,130,0,2,16,0,18,30,52,55,11,148,6,8,14,162
08/15/2007,FWA,IN,AGL,CE,Combined TRACON& Tower with Radar,0,0,0,0,0,32,59,49,11,151,32,59,49,11,151,30,8,38,189
08/16/2007,FWA,IN,AGL,CE,Combined TRACON& Tower with Radar,36,68,39,12,155,0,3,14,0,17,36,71,53,12,172,2,0,2,174
08/17/2007,FWA,IN,AGL,CE,Combined TRACON& Tower with Radar,31,74,50,16,171,0,10,28,0,38,31,84,78,16,209,72,8,80,289
08/18/2007,FWA,IN,AGL,CE,Combined TRACON& Tower with Radar,26,51,26,0,103,0,0,14,0,14,26,51,40,0,117,6,0,6,123
08/19/2007,FWA,IN,AGL,CE,Combined TRACON& Tower with Radar,0,43,10,0,53,0,2,0,0,2,0,45,10,0,55,6,0,6,61
08/20/2007,FWA,IN,AGL,CE,Combined TRACON& Tower with Radar,4,57,21,0,82,0,0,0,0,0,4,57,21,0,82,0,0,0,82
08/21/2007,FWA,IN,AGL,CE,Combined TRACON& Tower with Radar,36,63,45,10,154,0,0,1,0,1,36,63,46,10,155,4,0,4,159
08/22/2007,FWA,IN,AGL,CE,Combined TRACON& Tower with Radar,35,67,61,27,190,0,0,10,0,10,35,67,71,27,200,36,6,42,242
08/23/2007,FWA,IN,AGL,CE,Combined TRACON& Tower with Radar,29,74,44,19,166,0,1,25,1,27,29,75,69,20,193,28,23,51,244
08/24/2007,FWA,IN,AGL,CE,Combined TRACON& Tower with Radar,36,69,27,8,140,0,4,10,0,14,36,73,37,8,154,16,0,16,170
08/25/2007,FWA,IN,AGL,CE,Combined TRACON& Tower with Radar,23,53,17,0,93,0,2,9,0,11,23,55,26,0,104,19,0,19,123
08/26/2007,FWA,IN,AGL,CE,Combined TRACON& Tower with Radar,0,53,17,0,70,0,8,35,0,43,0,61,52,0,113,2,0,2,115
08/27/2007,FWA,IN,AGL,CE,Combined TRACON& Tower with Radar,4,59,61,0,124,0,0,25,0,25,4,59,86,0,149,4,0,4,153
08/28/2007,FWA,IN,AGL,CE,Combined TRACON& Tower with Radar,30,61,49,17,157,0,0,17,1,18,30,61,66,18,175,20,12,32,207
08/29/2007,FWA,IN,AGL,CE,Combined TRACON& Tower with Radar,31,81,45,23,180,0,3,16,1,20,31,84,61,24,200,67,6,73,273
08/30/2007,FWA,IN,AGL,CE,Combined TRACON& Tower with Radar,30,71,64,12,177,0,1,13,1,15,30,72,77,13,192,68,0,68,260
08/31/2007,FWA,IN,AGL,CE,Combined TRACON& Tower with Radar,36,68,46,14,164,0,3,28,0,31,36,71,74,14,195,50,13,63,258
09/01/2007,FWA,IN,AGL,CE,Combined TRACON& Tower with Radar,23,0,22,0,45,0,0,29,59,88,23,0,51,59,133,26,0,26,159
09/02/2007,FWA,IN,AGL,CE,Combined TRACON& Tower with Radar,1,40,19,0,60,0,6,25,0,31,1,46,44,0,91,8,0,8,99
09/03/2007,FWA,IN,AGL,CE,Combined TRACON& Tower with Radar,4,47,18,0,69,0,4,30,0,34,4,51,48,0,103,37,0,37,140
09/04/2007,FWA,IN,AGL,CE,Combined TRACON& Tower with Radar,2,60,25,3,90,0,0,13,0,13,2,60,38,3,103,22,4,26,129
09/05/2007,FWA,IN,AGL,CE,Combined TRACON& Tower with Radar,33,62,33,8,136,0,3,33,0,36,33,65,66,8,172,63,2,65,237
09/06/2007,FWA,IN,AGL,CE,Combined TRACON& Tower with Radar,32,63,32,3,130,0,1,11,0,12,32,64,43,3,142,22,0,22,164
09/07/2007,FWA,IN,AGL,CE,Combined TRACON& Tower with Radar,39,60,28,2,129,0,3,6,0,9,39,63,34,2,138,4,0,4,142
09/08/2007,FWA,IN,AGL,CE,Combined TRACON& Tower with Radar,30,44,19,0,93,0,0,6,0,6,30,44,25,0,99,6,0,6,105
09/09/2007,FWA,IN,AGL,CE,Combined TRACON& Tower with Radar,0,54,27,4,85,0,7,12,0,19,0,61,39,4,104,72,0,72,176
09/10/2007,FWA,IN,AGL,CE,Combined TRACON& Tower with Radar,8,71,47,0,126,0,2,8,0,10,8,73,55,0,136,24,0,24,160
09/11/2007,FWA,IN,AGL,CE,Combined TRACON& Tower with Radar,30,67,40,0,137,0,1,12,0,13,30,68,52,0,150,24,0,24,174
09/12/2007,FWA,IN,AGL,CE,Combined TRACON& Tower with Radar,32,65,48,1,146,0,2,24,2,28,32,67,72,3,174,20,0,20,194
09/13/2007,FWA,IN,AGL,CE,Combined TRACON& Tower with Radar,34,61,35,0,130,0,1,35,0,36,34,62,70,0,166,24,0,24,190
09/14/2007,FWA,IN,AGL,CE,Combined TRACON& Tower with Radar,38,56,35,0,129,0,6,19,0,25,38,62,54,0,154,34,0,34,188
09/15/2007,FWA,IN,AGL,CE,Combined TRACON& Tower with Radar,24,54,14,0,92,0,3,38,0,41,24,57,52,0,133,38,0,38,171
09/16/2007,FWA,IN,AGL,CE,Combined TRACON& Tower with Radar,4,53,40,0,97,0,0,31,0,31,4,53,71,0,128,68,0,68,196
09/17/2007,FWA,IN,AGL,CE,Combined TRACON& Tower with Radar,4,67,41,0,112,0,7,29,0,36,4,74,70,0,148,24,0,24,172
09/18/2007,FWA,IN,AGL,CE,Combined TRACON& Tower with Radar,32,104,47,0,183,0,3,15,0,18,32,107,62,0,201,92,0,92,293
09/19/2007,FWA,IN,AGL,CE,Combined TRACON& Tower with Radar,33,73,58,0,164,0,3,28,0,31,33,76,86,0,195,112,0,112,307
09/20/2007,FWA,IN,AGL,CE,Combined TRACON& Tower with Radar,35,63,49,1,148,0,1,35,1,37,35,64,84,2,185,86,0,86,271
09/21/2007,FWA,IN,AGL,CE,Combined TRACON& Tower with Radar,39,68,43,0,150,0,0,39,0,39,39,68,82,0,189,37,0,37,226
09/22/2007,FWA,IN,AGL,CE,Combined TRACON& Tower with Radar,25,48,19,0,92,0,0,28,0,28,25,48,47,0,120,106,0,106,226
09/23/2007,FWA,IN,AGL,CE,Combined TRACON& Tower with Radar,0,53,15,0,68,0,3,47,0,50,0,56,62,0,118,38,0,38,156
09/24/2007,FWA,IN,AGL,CE,Combined TRACON& Tower with Radar,4,56,37,6,103,0,0,38,0,38,4,56,75,6,141,42,0,42,183
09/25/2007,FWA,IN,AGL,CE,Combined TRACON& Tower with Radar,32,61,30,0,123,0,1,14,1,16,32,62,44,1,139,101,0,101,240
09/26/2007,FWA,IN,AGL,CE,Combined TRACON& Tower with Radar,34,60,43,1,138,0,2,0,0,2,34,62,43,1,140,12,0,12,152
09/27/2007,FWA,IN,AGL,CE,Combined TRACON& Tower with Radar,34,64,47,10,155,0,0,25,0,25,34,64,72,10,180,2,0,2,182
09/28/2007,FWA,IN,AGL,CE,Combined TRACON& Tower with Radar,38,56,37,0,131,0,0,33,0,33,38,56,70,0,164,98,0,98,262
09/29/2007,FWA,IN,AGL,CE,Combined TRACON& Tower with Radar,27,51,16,0,94,0,2,45,0,47,27,53,61,0,141,114,0,114,255
09/30/2007,FWA,IN,AGL,CE,Combined TRACON& Tower with Radar,0,52,16,0,68,0,2,29,0,31,0,54,45,0,99,30,0,30,129
10/01/2007,FWA,IN,AGL,CE,Combined TRACON& Tower with Radar,4,65,16,0,85,0,2,12,0,14,4,67,28,0,99,6,0,6,105
10/02/2007,FWA,IN,AGL,CE,Combined TRACON& Tower with Radar,40,65,44,0,149,0,0,19,0,19,40,65,63,0,168,51,0,51,219
10/03/2007,FWA,IN,AGL,CE,Combined TRACON& Tower with Radar,30,70,32,0,132,0,3,13,0,16,30,73,45,0,148,32,0,32,180
10/04/2007,FWA,IN,AGL,CE,Combined TRACON& Tower with Radar,33,65,48,0,146,0,3,37,0,40,33,68,85,0,186,38,0,38,224
10/05/2007,FWA,IN,AGL,CE,Combined TRACON& Tower with Radar,38,63,37,0,138,0,1,13,0,14,38,64,50,0,152,309,73,382,534
10/06/2007,FWA,IN,AGL,CE,Combined TRACON& Tower with Radar,23,47,29,0,99,0,3,19,0,22,23,50,48,0,121,12,0,12,133
10/07/2007,FWA,IN,AGL,CE,Combined TRACON& Tower with Radar,0,52,43,0,95,0,2,21,0,23,0,54,64,0,118,44,0,44,162
10/08/2007,FWA,IN,AGL,CE,Combined TRACON& Tower with Radar,4,61,49,0,114,0,0,16,1,17,4,61,65,1,131,14,0,14,145
10/09/2007,FWA,IN,AGL,CE,Combined TRACON& Tower with Radar,35,57,48,0,140,0,4,17,0,21,35,61,65,0,161,42,0,42,203
10/10/2007,FWA,IN,AGL,CE,Combined TRACON& Tower with Radar,37,66,43,2,148,0,1,15,0,16,37,67,58,2,164,90,0,90,254
10/11/2007,FWA,IN,AGL,CE,Combined TRACON& Tower with Radar,32,66,46,8,152,0,3,5,0,8,32,69,51,8,160,62,0,62,222
10/12/2007,FWA,IN,AGL,CE,Combined TRACON& Tower with Radar,38,66,58,6,168,0,3,15,0,18,38,69,73,6,186,58,8,66,252
10/13/2007,FWA,IN,AGL,CE,Combined TRACON& Tower with Radar,25,47,23,0,95,0,4,50,2,56,25,51,73,2,151,32,0,32,183
10/14/2007,FWA,IN,AGL,CE,Combined TRACON& Tower with Radar,0,47,43,0,90,0,0,22,0,22,0,47,65,0,112,64,0,64,176
10/15/2007,FWA,IN,AGL,CE,Combined TRACON& Tower with Radar,6,60,56,0,122,0,0,17,0,17,6,60,73,0,139,10,0,10,149
10/16/2007,FWA,IN,AGL,CE,Combined TRACON& Tower with Radar,36,54,56,1,147,0,0,6,0,6,36,54,62,1,153,8,0,8,161
10/17/2007,FWA,IN,AGL,CE,Combined TRACON& Tower with Radar,31,65,56,1,153,0,0,10,0,10,31,65,66,1,163,80,0,80,243
10/18/2007,FWA,IN,AGL,CE,Combined TRACON& Tower with Radar,37,54,26,4,121,0,3,3,1,7,37,57,29,5,128,8,8,16,144
10/19/2007,FWA,IN,AGL,CE,Combined TRACON& Tower with Radar,46,60,38,2,146,0,2,8,0,10,46,62,46,2,156,21,0,21,177
10/20/2007,FWA,IN,AGL,CE,Combined TRACON& Tower with Radar,23,54,12,0,89,0,4,30,0,34,23,58,42,0,123,54,0,54,177
10/21/2007,FWA,IN,AGL,CE,Combined TRACON& Tower with Radar,0,49,25,0,74,0,1,6,0,7,0,50,31,0,81,10,0,10,91
10/22/2007,FWA,IN,AGL,CE,Combined TRACON& Tower with Radar,4,65,40,0,109,0,4,18,1,23,4,69,58,1,132,28,0,28,160
10/23/2007,FWA,IN,AGL,CE,Combined TRACON& Tower with Radar,33,60,63,0,156,0,0,4,0,4,33,60,67,0,160,2,0,2,162
10/24/2007,FWA,IN,AGL,CE,Combined TRACON& Tower with Radar,35,63,69,0,167,0,0,26,1,27,35,63,95,1,194,60,0,60,254
10/25/2007,FWA,IN,AGL,CE,Combined TRACON& Tower with Radar,35,62,37,0,134,0,2,9,0,11,35,64,46,0,145,30,0,30,175
10/26/2007,FWA,IN,AGL,CE,Combined TRACON& Tower with Radar,42,61,33,0,136,0,2,23,0,25,42,63,56,0,161,54,0,54,215
10/27/2007,FWA,IN,AGL,CE,Combined TRACON& Tower with Radar,31,51,22,0,104,0,8,6,0,14,31,59,28,0,118,0,0,0,118
10/28/2007,FWA,IN,AGL,CE,Combined TRACON& Tower with Radar,0,53,47,2,102,0,0,44,0,44,0,53,91,2,146,76,0,76,222
10/29/2007,FWA,IN,AGL,CE,Combined TRACON& Tower with Radar,6,61,27,0,94,0,3,38,0,41,6,64,65,0,135,60,0,60,195
10/30/2007,FWA,IN,AGL,CE,Combined TRACON& Tower with Radar,6,64,64,0,134,0,1,24,0,25,6,65,88,0,159,48,0,48,207
10/31/2007,FWA,IN,AGL,CE,Combined TRACON& Tower with Radar,8,66,31,0,105,0,0,0,0,0,8,66,31,0,105,42,0,42,147
11/01/2007,FWA,IN,AGL,CE,Combined TRACON& Tower with Radar,11,56,32,0,99,0,0,18,0,18,11,56,50,0,117,28,0,28,145
11/02/2007,FWA,IN,AGL,CE,Combined TRACON& Tower with Radar,14,58,43,0,115,0,1,32,0,33,14,59,75,0,148,48,0,48,196
11/03/2007,FWA,IN,AGL,CE,Combined TRACON& Tower with Radar,9,44,37,0,90,0,2,39,0,41,9,46,76,0,131,20,0,20,151
11/04/2007,FWA,IN,AGL,CE,Combined TRACON& Tower with Radar,0,55,28,0,83,0,3,24,0,27,0,58,52,0,110,36,0,36,146
11/05/2007,FWA,IN,AGL,CE,Combined TRACON& Tower with Radar,7,59,15,5,86,0,1,6,0,7,7,60,21,5,93,0,0,0,93
11/06/2007,FWA,IN,AGL,CE,Combined TRACON& Tower with Radar,8,55,35,3,101,0,3,4,0,7,8,58,39,3,108,0,0,0,108
11/07/2007,FWA,IN,AGL,CE,Combined TRACON& Tower with Radar,12,57,32,1,102,0,1,17,0,18,12,58,49,1,120,34,0,34,154
11/08/2007,FWA,IN,AGL,CE,Combined TRACON& Tower with Radar,12,61,46,2,121,0,0,28,0,28,12,61,74,2,149,60,0,60,209
11/09/2007,FWA,IN,AGL,CE,Combined TRACON& Tower with Radar,13,60,38,0,111,0,3,29,0,32,13,63,67,0,143,46,0,46,189
11/10/2007,FWA,IN,AGL,CE,Combined TRACON& Tower with Radar,9,54,31,0,94,0,3,28,0,31,9,57,59,0,125,26,0,26,151
11/11/2007,FWA,IN,AGL,CE,Combined TRACON& Tower with Radar,0,54,16,0,70,0,0,1,0,1,0,54,17,0,71,14,0,14,85
11/12/2007,FWA,IN,AGL,CE,Combined TRACON& Tower with Radar,6,79,49,0,134,0,4,11,0,15,6,83,60,0,149,16,0,16,165
11/13/2007,FWA,IN,AGL,CE,Combined TRACON& Tower with Radar,12,67,64,0,143,0,5,10,0,15,12,72,74,0,158,62,0,62,220
11/14/2007,FWA,IN,AGL,CE,Combined TRACON& Tower with Radar,10,64,49,3,126,0,0,15,1,16,10,64,64,4,142,44,0,44,186
11/15/2007,FWA,IN,AGL,CE,Combined TRACON& Tower with Radar,13,62,56,7,138,0,1,2,0,3,13,63,58,7,141,12,8,20,161
11/16/2007,FWA,IN,AGL,CE,Combined TRACON& Tower with Radar,12,68,45,0,125,0,0,26,0,26,12,68,71,0,151,22,0,22,173
11/17/2007,FWA,IN,AGL,CE,Combined TRACON& Tower with Radar,4,46,29,10,89,0,3,11,1,15,4,49,40,11,104,14,2,16,120
11/18/2007,FWA,IN,AGL,CE,Combined TRACON& Tower with Radar,0,56,35,1,92,0,2,1,0,3,0,58,36,1,95,0,0,0,95
11/19/2007,FWA,IN,AGL,CE,Combined TRACON& Tower with Radar,5,50,43,7,105,0,0,3,1,4,5,50,46,8,109,4,12,16,125
11/20/2007,FWA,IN,AGL,CE,Combined TRACON& Tower with Radar,11,74,58,4,147,0,0,3,0,3,11,74,61,4,150,2,0,2,152
11/21/2007,FWA,IN,AGL,CE,Combined TRACON& Tower with Radar,13,68,47,5,133,0,0,2,0,2,13,68,49,5,135,0,0,0,135
11/22/2007,FWA,IN,AGL,CE,Combined TRACON& Tower with Radar,6,45,8,0,59,0,4,2,0,6,6,49,10,0,65,2,0,2,67
11/23/2007,FWA,IN,AGL,CE,Combined TRACON& Tower with Radar,8,38,25,0,71,0,0,15,0,15,8,38,40,0,86,20,0,20,106
11/24/2007,FWA,IN,AGL,CE,Combined TRACON& Tower with Radar,7,54,34,0,95,0,3,17,0,20,7,57,51,0,115,68,0,68,183
11/25/2007,FWA,IN,AGL,CE,Combined TRACON& Tower with Radar,0,64,29,0,93,0,0,22,0,22,0,64,51,0,115,32,0,32,147
11/26/2007,FWA,IN,AGL,CE,Combined TRACON& Tower with Radar,6,55,27,0,88,0,1,1,0,2,6,56,28,0,90,0,0,0,90
11/27/2007,FWA,IN,AGL,CE,Combined TRACON& Tower with Radar,7,58,36,12,113,0,3,8,0,11,7,61,44,12,124,24,12,36,160
11/28/2007,FWA,IN,AGL,CE,Combined TRACON& Tower with Radar,10,61,58,15,144,0,4,24,0,28,10,65,82,15,172,68,80,148,320
11/29/2007,FWA,IN,AGL,CE,Combined TRACON& Tower with Radar,10,61,27,15,113,0,1,16,1,18,10,62,43,16,131,104,36,140,271
11/30/2007,FWA,IN,AGL,CE,Combined TRACON& Tower with Radar,19,61,25,14,119,0,0,20,0,20,19,61,45,14,139,18,40,58,197
12/01/2007,FWA,IN,AGL,CE,Combined TRACON& Tower with Radar,9,39,22,18,88,0,2,24,0,26,9,41,46,18,114,14,38,52,166
12/02/2007,FWA,IN,AGL,CE,Combined TRACON& Tower with Radar,4,41,14,4,63,0,2,0,0,2,4,43,14,4,65,0,0,0,65
12/03/2007,FWA,IN,AGL,CE,Combined TRACON& Tower with Radar,6,59,21,0,86,0,2,2,1,5,6,61,23,1,91,20,0,20,111
12/04/2007,FWA,IN,AGL,CE,Combined TRACON& Tower with Radar,8,55,56,11,130,0,0,5,1,6,8,55,61,12,136,18,4,22,158
12/05/2007,FWA,IN,AGL,CE,Combined TRACON& Tower with Radar,15,48,36,0,99,0,0,5,0,5,15,48,41,0,104,0,0,0,104
12/06/2007,FWA,IN,AGL,CE,Combined TRACON& Tower with Radar,12,62,48,13,135,0,4,11,0,15,12,66,59,13,150,30,10,40,190
12/07/2007,FWA,IN,AGL,CE,Combined TRACON& Tower with Radar,14,66,30,0,110,0,5,9,0,14,14,71,39,0,124,24,0,24,148
12/08/2007,FWA,IN,AGL,CE,Combined TRACON& Tower with Radar,11,46,23,0,80,0,7,8,0,15,11,53,31,0,95,42,0,42,137
12/09/2007,FWA,IN,AGL,CE,Combined TRACON& Tower with Radar,0,30,7,0,37,0,0,0,0,0,0,30,7,0,37,0,0,0,37
12/10/2007,FWA,IN,AGL,CE,Combined TRACON& Tower with Radar,7,48,36,0,91,0,0,0,0,0,7,48,36,0,91,0,0,0,91
12/11/2007,FWA,IN,AGL,CE,Combined TRACON& Tower with Radar,6,52,41,0,99,0,0,0,0,0,6,52,41,0,99,0,0,0,99
12/12/2007,FWA,IN,AGL,CE,Combined TRACON& Tower with Radar,2,6,2,0,10,14,51,47,12,124,16,57,49,12,134,64,14,78,212
12/13/2007,FWA,IN,AGL,CE,Combined TRACON& Tower with Radar,15,69,48,12,144,0,0,1,1,2,15,69,49,13,146,16,0,16,162
12/14/2007,FWA,IN,AGL,CE,Combined TRACON& Tower with Radar,13,71,39,6,129,0,9,8,0,17,13,80,47,6,146,54,0,54,200
12/15/2007,FWA,IN,AGL,CE,Combined TRACON& Tower with Radar,8,39,14,0,61,0,1,5,0,6,8,40,19,0,67,20,0,20,87
12/16/2007,FWA,IN,AGL,CE,Combined TRACON& Tower with Radar,0,25,8,0,33,0,0,0,0,0,0,25,8,0,33,0,0,0,33
12/17/2007,FWA,IN,AGL,CE,Combined TRACON& Tower with Radar,8,63,51,0,122,0,3,4,0,7,8,66,55,0,129,20,0,20,149
12/18/2007,FWA,IN,AGL,CE,Combined TRACON& Tower with Radar,9,66,75,4,154,0,0,8,0,8,9,66,83,4,162,10,8,18,180
12/19/2007,FWA,IN,AGL,CE,Combined TRACON& Tower with Radar,23,53,59,12,147,0,0,1,0,1,23,53,60,12,148,54,0,54,202
12/20/2007,FWA,IN,AGL,CE,Combined TRACON& Tower with Radar,10,68,61,7,146,0,1,17,0,18,10,69,78,7,164,54,0,54,218
12/21/2007,FWA,IN,AGL,CE,Combined TRACON& Tower with Radar,17,65,66,0,148,0,4,5,0,9,17,69,71,0,157,0,0,0,157
12/22/2007,FWA,IN,AGL,CE,Combined TRACON& Tower with Radar,16,40,31,0,87,0,1,3,0,4,16,41,34,0,91,78,0,78,169
12/23/2007,FWA,IN,AGL,CE,Combined TRACON& Tower with Radar,0,48,20,0,68,0,1,0,0,1,0,49,20,0,69,0,0,0,69
12/24/2007,FWA,IN,AGL,CE,Combined TRACON& Tower with Radar,7,45,13,0,65,0,4,3,0,7,7,49,16,0,72,36,0,36,108
12/25/2007,FWA,IN,AGL,CE,Combined TRACON& Tower with Radar,5,41,5,0,51,0,3,4,0,7,5,44,9,0,58,0,0,0,58
12/26/2007,FWA,IN,AGL,CE,Combined TRACON& Tower with Radar,8,69,30,6,113,0,1,31,0,32,8,70,61,6,145,44,8,52,197
12/27/2007,FWA,IN,AGL,CE,Combined TRACON& Tower with Radar,13,76,14,0,103,0,2,2,1,5,13,78,16,1,108,0,0,0,108
12/28/2007,FWA,IN,AGL,CE,Combined TRACON& Tower with Radar,19,47,25,0,91,0,0,0,0,0,19,47,25,0,91,0,0,0,91
12/29/2007,FWA,IN,AGL,CE,Combined TRACON& Tower with Radar,7,62,25,0,94,0,5,3,0,8,7,67,28,0,102,50,0,50,152
12/30/2007,FWA,IN,AGL,CE,Combined TRACON& Tower with Radar,4,49,10,0,63,0,2,3,0,5,4,51,13,0,68,26,0,26,94
12/31/2007,FWA,IN,AGL,CE,Combined TRACON& Tower with Radar,5,44,25,0,74,0,2,5,0,7,5,46,30,0,81,45,0,45,126
01/01/2008,FWA,IN,AGL,CE,Combined TRACON& Tower with Radar,4,39,6,0,49,0,0,0,0,0,4,39,6,0,49,0,0,0,49
01/02/2008,FWA,IN,AGL,CE,Combined TRACON& Tower with Radar,12,62,17,11,102,0,0,0,0,0,12,62,17,11,102,4,2,6,108
01/03/2008,FWA,IN,AGL,CE,Combined TRACON& Tower with Radar,11,65,39,6,121,0,8,13,1,22,11,73,52,7,143,34,4,38,181
01/04/2008,FWA,IN,AGL,CE,Combined TRACON& Tower with Radar,12,60,32,14,118,0,5,20,0,25,12,65,52,14,143,62,13,75,218
01/05/2008,FWA,IN,AGL,CE,Combined TRACON& Tower with Radar,8,49,25,16,98,0,0,4,0,4,8,49,29,16,102,32,0,32,134
01/06/2008,FWA,IN,AGL,CE,Combined TRACON& Tower with Radar,0,47,10,16,73,0,1,1,0,2,0,48,11,16,75,0,0,0,75
01/07/2008,FWA,IN,AGL,CE,Combined TRACON& Tower with Radar,8,49,39,9,105,0,7,4,0,11,8,56,43,9,116,36,0,36,152
01/08/2008,FWA,IN,AGL,CE,Combined TRACON& Tower with Radar,14,55,23,1,93,0,1,4,0,5,14,56,27,1,98,0,0,0,98
01/09/2008,FWA,IN,AGL,CE,Combined TRACON& Tower with Radar,12,66,38,14,130,0,28,6,0,34,12,94,44,14,164,167,2,169,333
01/10/2008,FWA,IN,AGL,CE,Combined TRACON& Tower with Radar,10,67,36,13,126,0,6,14,1,21,10,73,50,14,147,54,0,54,201
01/11/2008,FWA,IN,AGL,CE,Combined TRACON& Tower with Radar,16,77,30,9,132,0,0,10,0,10,16,77,40,9,142,4,0,4,146
01/12/2008,FWA,IN,AGL,CE,Combined TRACON& Tower with Radar,8,44,34,0,86,0,0,31,2,33,8,44,65,2,119,88,0,88,207
01/13/2008,FWA,IN,AGL,CE,Combined TRACON& Tower with Radar,1,53,15,1,70,0,1,1,0,2,1,54,16,1,72,36,0,36,108
01/14/2008,FWA,IN,AGL,CE,Combined TRACON& Tower with Radar,8,56,38,10,112,0,2,1,0,3,8,58,39,10,115,0,4,4,119
01/15/2008,FWA,IN,AGL,CE,Combined TRACON& Tower with Radar,8,61,35,13,117,0,1,3,0,4,8,62,38,13,121,34,2,36,157
01/16/2008,FWA,IN,AGL,CE,Combined TRACON& Tower with Radar,10,59,49,11,129,0,2,44,0,46,10,61,93,11,175,24,10,34,209
01/17/2008,FWA,IN,AGL,CE,Combined TRACON& Tower with Radar,10,58,42,0,110,0,1,3,0,4,10,59,45,0,114,0,0,0,114
01/18/2008,FWA,IN,AGL,CE,Combined TRACON& Tower with Radar,14,69,49,0,132,0,8,16,0,24,14,77,65,0,156,74,0,74,230
01/19/2008,FWA,IN,AGL,CE,Combined TRACON& Tower with Radar,8,43,18,0,69,0,9,9,0,18,8,52,27,0,87,84,0,84,171
01/20/2008,FWA,IN,AGL,CE,Combined TRACON& Tower with Radar,0,52,17,0,69,0,6,13,0,19,0,58,30,0,88,78,0,78,166
01/21/2008,FWA,IN,AGL,CE,Combined TRACON& Tower with Radar,8,57,37,0,102,0,3,24,1,28,8,60,61,1,130,10,0,10,140
01/22/2008,FWA,IN,AGL,CE,Combined TRACON& Tower with Radar,10,67,47,14,138,0,3,4,1,8,10,70,51,15,146,0,0,0,146
01/23/2008,FWA,IN,AGL,CE,Combined TRACON& Tower with Radar,12,49,34,12,107,0,6,18,0,24,12,55,52,12,131,52,14,66,197
01/24/2008,FWA,IN,AGL,CE,Combined TRACON& Tower with Radar,10,61,44,10,125,0,1,9,0,10,10,62,53,10,135,4,12,16,151
01/25/2008,FWA,IN,AGL,CE,Combined TRACON& Tower with Radar,17,66,30,8,121,0,5,25,0,30,17,71,55,8,151,28,4,32,183
01/26/2008,FWA,IN,AGL,CE,Combined TRACON& Tower with Radar,8,54,29,0,91,0,4,9,0,13,8,58,38,0,104,2,0,2,106
01/27/2008,FWA,IN,AGL,CE,Combined TRACON& Tower with Radar,2,45,35,0,82,0,2,9,0,11,2,47,44,0,93,99,0,99,192
01/28/2008,FWA,IN,AGL,CE,Combined TRACON& Tower with Radar,7,46,17,7,77,0,4,10,2,16,7,50,27,9,93,66,12,78,171
01/29/2008,FWA,IN,AGL,CE,Combined TRACON& Tower with Radar,7,52,32,7,98,0,0,3,0,3,7,52,35,7,101,30,0,30,131
01/30/2008,FWA,IN,AGL,CE,Combined TRACON& Tower with Radar,12,66,32,0,110,0,5,4,0,9,12,71,36,0,119,6,0,6,125
01/31/2008,FWA,IN,AGL,CE,Combined TRACON& Tower with Radar,8,67,34,5,114,0,4,22,1,27,8,71,56,6,141,42,8,50,191
02/01/2008,FWA,IN,AGL,CE,Combined TRACON& Tower with Radar,14,46,21,0,81,0,0,0,0,0,14,46,21,0,81,0,0,0,81
02/02/2008,FWA,IN,AGL,CE,Combined TRACON& Tower with Radar,16,39,6,0,61,0,3,10,0,13,16,42,16,0,74,54,0,54,128
02/03/2008,FWA,IN,AGL,CE,Combined TRACON& Tower with Radar,1,42,18,0,61,0,2,0,0,2,1,44,18,0,63,12,0,12,75
02/04/2008,FWA,IN,AGL,CE,Combined TRACON& Tower with Radar,1,29,17,0,47,0,0,0,0,0,1,29,17,0,47,0,0,0,47
02/05/2008,FWA,IN,AGL,CE,Combined TRACON& Tower with Radar,10,29,18,0,57,0,0,0,0,0,10,29,18,0,57,0,0,0,57
02/06/2008,FWA,IN,AGL,CE,Combined TRACON& Tower with Radar,13,48,41,0,102,0,0,0,0,0,13,48,41,0,102,0,0,0,102
02/07/2008,FWA,IN,AGL,CE,Combined TRACON& Tower with Radar,10,58,32,2,102,0,1,4,0,5,10,59,36,2,107,40,0,40,147
02/08/2008,FWA,IN,AGL,CE,Combined TRACON& Tower with Radar,14,63,40,13,130,0,5,10,0,15,14,68,50,13,145,12,2,14,159
02/09/2008,FWA,IN,AGL,CE,Combined TRACON& Tower with Radar,10,46,16,2,74,0,3,6,0,9,10,49,22,2,83,7,0,7,90
02/10/2008,FWA,IN,AGL,CE,Combined TRACON& Tower with Radar,2,45,7,0,54,0,5,2,0,7,2,50,9,0,61,0,0,0,61
02/11/2008,FWA,IN,AGL,CE,Combined TRACON& Tower with Radar,6,58,39,0,103,0,1,8,0,9,6,59,47,0,112,42,0,42,154
02/12/2008,FWA,IN,AGL,CE,Combined TRACON& Tower with Radar,8,48,34,0,90,0,3,1,0,4,8,51,35,0,94,0,0,0,94
02/13/2008,FWA,IN,AGL,CE,Combined TRACON& Tower with Radar,17,60,43,0,120,0,2,12,2,16,17,62,55,2,136,32,0,32,168
02/14/2008,FWA,IN,AGL,CE,Combined TRACON& Tower with Radar,11,64,44,1,120,0,3,31,0,34,11,67,75,1,154,100,0,100,254
02/15/2008,FWA,IN,AGL,CE,Combined TRACON& Tower with Radar,17,53,32,0,102,0,4,21,0,25,17,57,53,0,127,51,0,51,178
02/16/2008,FWA,IN,AGL,CE,Combined TRACON& Tower with Radar,6,45,41,1,93,0,5,49,0,54,6,50,90,1,147,84,0,84,231
02/17/2008,FWA,IN,AGL,CE,Combined TRACON& Tower with Radar,0,46,21,1,68,0,0,7,0,7,0,46,28,1,75,12,0,12,87
02/18/2008,FWA,IN,AGL,CE,Combined TRACON& Tower with Radar,10,51,23,0,84,0,6,5,0,11,10,57,28,0,95,0,0,0,95
02/19/2008,FWA,IN,AGL,CE,Combined TRACON& Tower with Radar,8,67,31,0,106,0,2,2,0,4,8,69,33,0,110,29,0,29,139
02/20/2008,FWA,IN,AGL,CE,Combined TRACON& Tower with Radar,7,61,31,1,100,0,9,13,0,22,7,70,44,1,122,2,0,2,124
02/21/2008,FWA,IN,AGL,CE,Combined TRACON& Tower with Radar,14,60,46,1,121,0,2,21,1,24,14,62,67,2,145,40,0,40,185
02/22/2008,FWA,IN,AGL,CE,Combined TRACON& Tower with Radar,17,65,26,0,108,0,2,6,0,8,17,67,32,0,116,20,0,20,136
02/23/2008,FWA,IN,AGL,CE,Combined TRACON& Tower with Radar,11,55,32,2,100,0,6,30,0,36,11,61,62,2,136,182,0,182,318
02/24/2008,FWA,IN,AGL,CE,Combined TRACON& Tower with Radar,0,56,28,0,84,0,7,22,0,29,0,63,50,0,113,175,0,175,288
02/25/2008,FWA,IN,AGL,CE,Combined TRACON& Tower with Radar,6,49,34,16,105,0,0,1,0,1,6,49,35,16,106,32,0,32,138
02/26/2008,FWA,IN,AGL,CE,Combined TRACON& Tower with Radar,9,50,37,0,96,0,1,1,0,2,9,51,38,0,98,3,0,3,101
02/27/2008,FWA,IN,AGL,CE,Combined TRACON& Tower with Radar,10,59,47,10,126,0,2,5,0,7,10,61,52,10,133,36,4,40,173
02/28/2008,FWA,IN,AGL,CE,Combined TRACON& Tower with Radar,11,56,30,8,105,0,8,28,0,36,11,64,58,8,141,64,12,76,217
02/29/2008,FWA,IN,AGL,CE,Combined TRACON& Tower with Radar,17,57,31,4,109,0,3,4,0,7,17,60,35,4,116,34,0,34,150
03/01/2008,FWA,IN,AGL,CE,Combined TRACON& Tower with Radar,8,51,32,11,102,0,2,34,0,36,8,53,66,11,138,110,14,124,262
03/02/2008,FWA,IN,AGL,CE,Combined TRACON& Tower with Radar,0,51,36,11,98,0,1,23,0,24,0,52,59,11,122,152,12,164,286
03/03/2008,FWA,IN,AGL,CE,Combined TRACON& Tower with Radar,8,57,23,0,88,0,4,3,0,7,8,61,26,0,95,0,0,0,95
03/04/2008,FWA,IN,AGL,CE,Combined TRACON& Tower with Radar,11,44,34,0,89,0,2,2,0,4,11,46,36,0,93,1,0,1,94
03/05/2008,FWA,IN,AGL,CE,Combined TRACON& Tower with Radar,11,67,43,2,123,0,4,21,2,27,11,71,64,4,150,32,8,40,190
03/06/2008,FWA,IN,AGL,CE,Combined TRACON& Tower with Radar,12,57,54,15,138,0,2,8,0,10,12,59,62,15,148,31,2,33,181
03/07/2008,FWA,IN,AGL,CE,Combined TRACON& Tower with Radar,14,64,38,8,124,0,2,8,1,11,14,66,46,9,135,24,4,28,163
03/08/2008,FWA,IN,AGL,CE,Combined TRACON& Tower with Radar,12,44,12,0,68,0,5,1,0,6,12,49,13,0,74,19,0,19,93
03/09/2008,FWA,IN,AGL,CE,Combined TRACON& Tower with Radar,0,56,28,0,84,0,6,28,0,34,0,62,56,0,118,139,0,139,257
03/10/2008,FWA,IN,AGL,CE,Combined TRACON& Tower with Radar,7,56,31,5,99,0,0,6,0,6,7,56,37,5,105,0,0,0,105
03/11/2008,FWA,IN,AGL,CE,Combined TRACON& Tower with Radar,9,62,52,12,135,0,3,15,1,19,9,65,67,13,154,14,20,34,188
03/12/2008,FWA,IN,AGL,CE,Combined TRACON& Tower with Radar,17,69,35,6,127,0,3,27,0,30,17,72,62,6,157,44,12,56,213
03/13/2008,FWA,IN,AGL,CE,Combined TRACON& Tower with Radar,12,61,38,17,128,0,4,22,0,26,12,65,60,17,154,24,12,36,190
03/14/2008,FWA,IN,AGL,CE,Combined TRACON& Tower with Radar,14,83,30,10,137,0,2,20,0,22,14,85,50,10,159,30,4,34,193
03/15/2008,FWA,IN,AGL,CE,Combined TRACON& Tower with Radar,10,58,37,0,105,0,4,19,0,23,10,62,56,0,128,58,0,58,186
03/16/2008,FWA,IN,AGL,CE,Combined TRACON& Tower with Radar,0,45,51,0,96,0,5,27,0,32,0,50,78,0,128,95,0,95,223
03/17/2008,FWA,IN,AGL,CE,Combined TRACON& Tower with Radar,5,62,43,1,111,0,2,22,2,26,5,64,65,3,137,21,0,21,158
03/18/2008,FWA,IN,AGL,CE,Combined TRACON& Tower with Radar,12,50,40,0,102,0,0,0,0,0,12,50,40,0,102,0,0,0,102
03/19/2008,FWA,IN,AGL,CE,Combined TRACON& Tower with Radar,11,71,40,1,123,0,1,1,2,4,11,72,41,3,127,0,0,0,127
03/20/2008,FWA,IN,AGL,CE,Combined TRACON& Tower with Radar,10,62,52,12,136,0,10,32,1,43,10,72,84,13,179,118,8,126,305
03/21/2008,FWA,IN,AGL,CE,Combined TRACON& Tower with Radar,12,46,13,13,84,0,2,10,0,12,12,48,23,13,96,38,0,38,134
03/22/2008,FWA,IN,AGL,CE,Combined TRACON& Tower with Radar,9,52,4,0,65,0,4,8,0,12,9,56,12,0,77,2,0,2,79
03/23/2008,FWA,IN,AGL,CE,Combined TRACON& Tower with Radar,1,47,8,0,56,0,2,13,0,15,1,49,21,0,71,32,0,32,103
03/24/2008,FWA,IN,AGL,CE,Combined TRACON& Tower with Radar,6,59,46,6,117,0,2,17,0,19,6,61,63,6,136,19,12,31,167
03/25/2008,FWA,IN,AGL,CE,Combined TRACON& Tower with Radar,9,57,28,4,98,0,5,7,0,12,9,62,35,4,110,0,0,0,110
03/26/2008,FWA,IN,AGL,CE,Combined TRACON& Tower with Radar,12,59,38,9,118,0,5,37,1,43,12,64,75,10,161,26,8,34,195
03/27/2008,FWA,IN,AGL,CE,Combined TRACON& Tower with Radar,12,55,34,8,109,0,2,10,0,12,12,57,44,8,121,13,0,13,134
03/28/2008,FWA,IN,AGL,CE,Combined TRACON& Tower with Radar,15,64,42,8,129,0,3,22,0,25,15,67,64,8,154,126,18,144,298
03/29/2008,FWA,IN,AGL,CE,Combined TRACON& Tower with Radar,10,52,33,2,97,0,11,62,0,73,10,63,95,2,170,126,2,128,298
03/30/2008,FWA,IN,AGL,CE,Combined TRACON& Tower with Radar,4,59,24,0,87,0,1,13,0,14,4,60,37,0,101,46,1,47,148
03/31/2008,FWA,IN,AGL,CE,Combined TRACON& Tower with Radar,7,63,23,0,93,0,1,0,1,2,7,64,23,1,95,12,0,12,107
04/01/2008,FWA,IN,AGL,CE,Combined TRACON& Tower with Radar,11,54,25,13,103,0,10,0,0,10,11,64,25,13,113,4,4,8,121
04/02/2008,FWA,IN,AGL,CE,Combined TRACON& Tower with Radar,15,55,26,7,103,0,3,38,1,42,15,58,64,8,145,108,23,131,276
04/03/2008,FWA,IN,AGL,CE,Combined TRACON& Tower with Radar,7,58,41,9,115,0,7,19,0,26,7,65,60,9,141,42,4,46,187
04/04/2008,FWA,IN,AGL,CE,Combined TRACON& Tower with Radar,15,58,19,10,102,0,2,0,0,2,15,60,19,10,104,0,0,0,104
04/05/2008,FWA,IN,AGL,CE,Combined TRACON& Tower with Radar,8,58,40,0,106,0,0,37,0,37,8,58,77,0,143,89,0,89,232
04/06/2008,FWA,IN,AGL,CE,Combined TRACON& Tower with Radar,0,99,23,0,122,0,4,48,0,52,0,103,71,0,174,102,0,102,276
04/07/2008,FWA,IN,AGL,CE,Combined TRACON& Tower with Radar,7,61,44,2,114,0,7,19,0,26,7,68,63,2,140,80,0,80,220
04/08/2008,FWA,IN,AGL,CE,Combined TRACON& Tower with Radar,7,61,43,5,116,0,9,30,2,41,7,70,73,7,157,36,0,36,193
04/09/2008,FWA,IN,AGL,CE,Combined TRACON& Tower with Radar,9,73,41,5,128,0,8,9,0,17,9,81,50,5,145,24,0,24,169
04/10/2008,FWA,IN,AGL,CE,Combined TRACON& Tower with Radar,9,54,20,17,100,0,2,10,0,12,9,56,30,17,112,4,0,4,116
04/11/2008,FWA,IN,AGL,CE,Combined TRACON& Tower with Radar,12,60,31,5,108,0,0,14,2,16,12,60,45,7,124,4,2,6,130
04/12/2008,FWA,IN,AGL,CE,Combined TRACON& Tower with Radar,10,50,23,13,96,0,2,6,0,8,10,52,29,13,104,2,0,2,106
04/13/2008,FWA,IN,AGL,CE,Combined TRACON& Tower with Radar,0,49,13,6,68,0,0,4,0,4,0,49,17,6,72,31,0,31,103
04/14/2008,FWA,IN,AGL,CE,Combined TRACON& Tower with Radar,5,52,26,0,83,0,7,33,0,40,5,59,59,0,123,38,0,38,161
04/15/2008,FWA,IN,AGL,CE,Combined TRACON& Tower with Radar,9,64,50,7,130,0,4,38,0,42,9,68,88,7,172,78,8,86,258
04/16/2008,FWA,IN,AGL,CE,Combined TRACON& Tower with Radar,12,54,41,12,119,0,5,26,0,31,12,59,67,12,150,26,0,26,176
04/17/2008,FWA,IN,AGL,CE,Combined TRACON& Tower with Radar,10,58,51,16,135,0,9,42,0,51,10,67,93,16,186,147,2,149,335
04/18/2008,FWA,IN,AGL,CE,Combined TRACON& Tower with Radar,14,71,36,18,139,0,3,34,0,37,14,74,70,18,176,44,16,60,236
04/19/2008,FWA,IN,AGL,CE,Combined TRACON& Tower with Radar,7,48,8,6,69,0,0,16,0,16,7,48,24,6,85,18,4,22,107
04/20/2008,FWA,IN,AGL,CE,Combined TRACON& Tower with Radar,0,55,35,0,90,0,7,14,0,21,0,62,49,0,111,64,0,64,175
04/21/2008,FWA,IN,AGL,CE,Combined TRACON& Tower with Radar,4,63,48,6,121,0,3,37,0,40,4,66,85,6,161,112,8,120,281
04/22/2008,FWA,IN,AGL,CE,Combined TRACON& Tower with Radar,9,64,49,9,131,1,11,39,1,52,10,75,88,10,183,40,14,54,237
04/23/2008,FWA,IN,AGL,CE,Combined TRACON& Tower with Radar,10,68,42,9,129,0,4,41,0,45,10,72,83,9,174,50,4,54,228
04/24/2008,FWA,IN,AGL,CE,Combined TRACON& Tower with Radar,10,67,44,16,137,0,3,41,0,44,10,70,85,16,181,104,9,113,294
04/25/2008,FWA,IN,AGL,CE,Combined TRACON& Tower with Radar,10,56,28,6,100,0,4,10,0,14,10,60,38,6,114,6,0,6,120
04/26/2008,FWA,IN,AGL,CE,Combined TRACON& Tower with Radar,14,42,24,1,81,0,2,16,0,18,14,44,40,1,99,8,0,8,107
04/27/2008,FWA,IN,AGL,CE,Combined TRACON& Tower with Radar,2,53,22,1,78,0,7,38,0,45,2,60,60,1,123,87,0,87,210
04/28/2008,FWA,IN,AGL,CE,Combined TRACON& Tower with Radar,6,70,34,0,110,0,3,11,0,14,6,73,45,0,124,89,0,89,213
04/29/2008,FWA,IN,AGL,CE,Combined TRACON& Tower with Radar,7,61,41,10,119,0,2,30,0,32,7,63,71,10,151,136,0,136,287
04/30/2008,FWA,IN,AGL,CE,Combined TRACON& Tower with Radar,10,68,55,10,143,0,8,34,0,42,10,76,89,10,185,125,0,125,310
05/01/2008,FWA,IN,AGL,CE,Combined TRACON& Tower with Radar,12,63,61,2,138,0,2,19,0,21,12,65,80,2,159,20,0,20,179
05/02/2008,FWA,IN,AGL,CE,Combined TRACON& Tower with Radar,12,71,24,0,107,0,2,4,0,6,12,73,28,0,113,34,0,34,147
05/03/2008,FWA,IN,AGL,CE,Combined TRACON& Tower with Radar,11,54,15,0,80,0,6,9,0,15,11,60,24,0,95,10,0,10,105
05/04/2008,FWA,IN,AGL,CE,Combined TRACON& Tower with Radar,7,54,40,0,101,0,2,19,0,21,7,56,59,0,122,134,0,134,256
05/05/2008,FWA,IN,AGL,CE,Combined TRACON& Tower with Radar,5,55,31,6,97,0,0,25,1,26,5,55,56,7,123,61,0,61,184
05/06/2008,FWA,IN,AGL,CE,Combined TRACON& Tower with Radar,8,54,41,10,113,0,1,24,0,25,8,55,65,10,138,18,4,22,160
05/07/2008,FWA,IN,AGL,CE,Combined TRACON& Tower with Radar,10,63,25,10,108,0,3,15,0,18,10,66,40,10,126,38,0,38,164
05/08/2008,FWA,IN,AGL,CE,Combined TRACON& Tower with Radar,11,72,35,15,133,0,0,3,0,3,11,72,38,15,136,36,6,42,178
05/09/2008,FWA,IN,AGL,CE,Combined TRACON& Tower with Radar,17,61,43,8,129,0,2,32,0,34,17,63,75,8,163,34,1,35,198
05/10/2008,FWA,IN,AGL,CE,Combined TRACON& Tower with Radar,13,49,21,0,83,0,0,45,1,46,13,49,66,1,129,100,0,100,229
05/11/2008,FWA,IN,AGL,CE,Combined TRACON& Tower with Radar,2,43,4,0,49,0,2,0,0,2,2,45,4,0,51,0,0,0,51
05/12/2008,FWA,IN,AGL,CE,Combined TRACON& Tower with Radar,4,77,55,0,136,0,0,13,0,13,4,77,68,0,149,70,0,70,219
05/13/2008,FWA,IN,AGL,CE,Combined TRACON& Tower with Radar,9,73,56,3,141,0,1,33,0,34,9,74,89,3,175,48,8,56,231
05/14/2008,FWA,IN,AGL,CE,Combined TRACON& Tower with Radar,10,71,63,0,144,0,1,5,0,6,10,72,68,0,150,4,0,4,154
05/15/2008,FWA,IN,AGL,CE,Combined TRACON& Tower with Radar,10,67,52,12,141,0,3,9,0,12,10,70,61,12,153,66,0,66,219
05/16/2008,FWA,IN,AGL,CE,Combined TRACON& Tower with Radar,12,69,50,9,140,0,4,43,0,47,12,73,93,9,187,90,42,132,319
05/17/2008,FWA,IN,AGL,CE,Combined TRACON& Tower with Radar,9,50,15,8,82,0,1,10,0,11,9,51,25,8,93,52,8,60,153
05/18/2008,FWA,IN,AGL,CE,Combined TRACON& Tower with Radar,0,62,27,12,101,0,4,12,0,16,0,66,39,12,117,76,24,100,217
05/19/2008,FWA,IN,AGL,CE,Combined TRACON& Tower with Radar,5,66,29,10,110,0,2,25,1,28,5,68,54,11,138,101,40,141,279
05/20/2008,FWA,IN,AGL,CE,Combined TRACON& Tower with Radar,9,54,42,6,111,0,4,27,0,31,9,58,69,6,142,52,16,68,210
05/21/2008,FWA,IN,AGL,CE,Combined TRACON& Tower with Radar,10,61,70,8,149,0,3,27,0,30,10,64,97,8,179,22,0,22,201
05/22/2008,FWA,IN,AGL,CE,Combined TRACON& Tower with Radar,10,60,50,11,131,0,0,25,0,25,10,60,75,11,156,32,20,52,208
05/23/2008,FWA,IN,AGL,CE,Combined TRACON& Tower with Radar,12,65,35,1,113,0,1,19,0,20,12,66,54,1,133,108,0,108,241
05/24/2008,FWA,IN,AGL,CE,Combined TRACON& Tower with Radar,8,45,13,0,66,0,0,18,2,20,8,45,31,2,86,2,0,2,88
05/25/2008,FWA,IN,AGL,CE,Combined TRACON& Tower with Radar,0,42,11,0,53,0,5,28,0,33,0,47,39,0,86,12,0,12,98
05/26/2008,FWA,IN,AGL,CE,Combined TRACON& Tower with Radar,6,55,14,0,75,0,2,5,0,7,6,57,19,0,82,14,0,14,96
05/27/2008,FWA,IN,AGL,CE,Combined TRACON& Tower with Radar,2,61,42,15,120,0,0,9,0,9,2,61,51,15,129,95,0,95,224
05/28/2008,FWA,IN,AGL,CE,Combined TRACON& Tower with Radar,11,63,45,8,127,0,2,22,3,27,11,65,67,11,154,60,10,70,224
05/29/2008,FWA,IN,AGL,CE,Combined TRACON& Tower with Radar,11,61,50,11,133,0,2,36,1,39,11,63,86,12,172,52,2,54,226
05/30/2008,FWA,IN,AGL,CE,Combined TRACON& Tower with Radar,12,57,28,12,109,0,3,25,0,28,12,60,53,12,137,42,10,52,189
05/31/2008,FWA,IN,AGL,CE,Combined TRACON& Tower with Radar,6,48,26,0,80,0,2,14,0,16,6,50,40,0,96,48,0,48,144
06/01/2008,FWA,IN,AGL,CE,Combined TRACON& Tower with Radar,2,54,19,0,75,0,6,26,0,32,2,60,45,0,107,108,0,108,215
06/02/2008,FWA,IN,AGL,CE,Combined TRACON& Tower with Radar,3,67,32,3,105,0,1,19,0,20,3,68,51,3,125,42,0,42,167
06/03/2008,FWA,IN,AGL,CE,Combined TRACON& Tower with Radar,10,65,25,1,101,0,1,0,0,1,10,66,25,1,102,0,0,0,102
06/04/2008,FWA,IN,AGL,CE,Combined TRACON& Tower with Radar,15,68,34,3,120,0,0,13,0,13,15,68,47,3,133,84,6,90,223
06/05/2008,FWA,IN,AGL,CE,Combined TRACON& Tower with Radar,11,65,45,3,124,0,0,0,0,0,11,65,45,3,124,44,14,58,182
06/06/2008,FWA,IN,AGL,CE,Combined TRACON& Tower with Radar,8,59,38,2,107,0,1,22,0,23,8,60,60,2,130,4,8,12,142
06/07/2008,FWA,IN,AGL,CE,Combined TRACON& Tower with Radar,9,45,9,0,63,0,2,4,0,6,9,47,13,0,69,4,0,4,73
06/08/2008,FWA,IN,AGL,CE,Combined TRACON& Tower with Radar,2,43,29,0,74,0,2,6,0,8,2,45,35,0,82,90,0,90,172
06/09/2008,FWA,IN,AGL,CE,Combined TRACON& Tower with Radar,4,63,25,0,92,0,4,11,0,15,4,67,36,0,107,104,0,104,211
06/10/2008,FWA,IN,AGL,CE,Combined TRACON& Tower with Radar,11,63,37,0,111,0,3,17,0,20,11,66,54,0,131,14,0,14,145
06/11/2008,FWA,IN,AGL,CE,Combined TRACON& Tower with Radar,12,56,32,1,101,0,4,40,0,44,12,60,72,1,145,60,6,66,211
06/12/2008,FWA,IN,AGL,CE,Combined TRACON& Tower with Radar,8,63,51,8,130,0,1,24,0,25,8,64,75,8,155,111,0,111,266
06/13/2008,FWA,IN,AGL,CE,Combined TRACON& Tower with Radar,13,57,25,0,95,0,9,5,0,14,13,66,30,0,109,12,0,12,121
06/14/2008,FWA,IN,AGL,CE,Combined TRACON& Tower with Radar,9,44,17,1,71,0,4,22,0,26,9,48,39,1,97,24,0,24,121
06/15/2008,FWA,IN,AGL,CE,Combined TRACON& Tower with Radar,4,45,14,1,64,0,3,10,0,13,4,48,24,1,77,106,0,106,183
06/16/2008,FWA,IN,AGL,CE,Combined TRACON& Tower with Radar,5,62,32,6,105,0,1,11,0,12,5,63,43,6,117,48,17,65,182
06/17/2008,FWA,IN,AGL,CE,Combined TRACON& Tower with Radar,8,54,47,7,116,0,4,15,0,19,8,58,62,7,135,40,32,72,207
06/18/2008,FWA,IN,AGL,CE,Combined TRACON& Tower with Radar,11,57,37,6,111,0,2,27,0,29,11,59,64,6,140,56,8,64,204
06/19/2008,FWA,IN,AGL,CE,Combined TRACON& Tower with Radar,11,110,42,4,167,0,2,30,0,32,11,112,72,4,199,100,14,114,313
06/20/2008,FWA,IN,AGL,CE,Combined TRACON& Tower with Radar,10,58,42,12,122,0,2,28,0,30,10,60,70,12,152,94,22,116,268
06/21/2008,FWA,IN,AGL,CE,Combined TRACON& Tower with Radar,10,44,10,0,64,0,6,10,0,16,10,50,20,0,80,2,0,2,82
06/22/2008,FWA,IN,AGL,CE,Combined TRACON& Tower with Radar,2,47,9,2,60,0,7,5,0,12,2,54,14,2,72,32,0,32,104
06/23/2008,FWA,IN,AGL,CE,Combined TRACON& Tower with Radar,2,57,42,0,101,0,0,15,0,15,2,57,57,0,116,68,0,68,184
06/24/2008,FWA,IN,AGL,CE,Combined TRACON& Tower with Radar,10,67,37,5,119,0,4,18,0,22,10,71,55,5,141,78,12,90,231
06/25/2008,FWA,IN,AGL,CE,Combined TRACON& Tower with Radar,14,66,33,12,125,0,13,11,0,24,14,79,44,12,149,45,0,45,194
06/26/2008,FWA,IN,AGL,CE,Combined TRACON& Tower with Radar,9,62,33,4,108,0,5,15,0,20,9,67,48,4,128,54,0,54,182
06/27/2008,FWA,IN,AGL,CE,Combined TRACON& Tower with Radar,9,64,31,8,112,0,2,15,0,17,9,66,46,8,129,76,6,82,211
06/28/2008,FWA,IN,AGL,CE,Combined TRACON& Tower with Radar,9,45,19,4,77,0,5,14,0,19,9,50,33,4,96,10,0,10,106
06/29/2008,FWA,IN,AGL,CE,Combined TRACON& Tower with Radar,1,53,17,0,71,0,10,21,0,31,1,63,38,0,102,20,0,20,122
06/30/2008,FWA,IN,AGL,CE,Combined TRACON& Tower with Radar,4,62,39,8,113,0,5,11,0,16,4,67,50,8,129,75,0,75,204
07/01/2008,FWA,IN,AGL,CE,Combined TRACON& Tower with Radar,7,60,45,8,120,0,10,24,0,34,7,70,69,8,154,36,4,40,194
07/02/2008,FWA,IN,AGL,CE,Combined TRACON& Tower with Radar,11,60,75,8,154,0,2,41,1,44,11,62,116,9,198,23,13,36,234
07/03/2008,FWA,IN,AGL,CE,Combined TRACON& Tower with Radar,10,53,45,5,113,0,0,9,0,9,10,53,54,5,122,88,0,88,210
07/04/2008,FWA,IN,AGL,CE,Combined TRACON& Tower with Radar,4,49,38,5,96,0,2,24,3,29,4,51,62,8,125,16,0,16,141
07/05/2008,FWA,IN,AGL,CE,Combined TRACON& Tower with Radar,4,44,57,0,105,0,5,23,0,28,4,49,80,0,133,2,0,2,135
07/06/2008,FWA,IN,AGL,CE,Combined TRACON& Tower with Radar,1,57,69,0,127,0,9,48,0,57,1,66,117,0,184,40,0,40,224
07/07/2008,FWA,IN,AGL,CE,Combined TRACON& Tower with Radar,2,58,44,0,104,0,0,8,0,8,2,58,52,0,112,126,0,126,238
07/08/2008,FWA,IN,AGL,CE,Combined TRACON& Tower with Radar,9,53,35,5,102,0,2,12,0,14,9,55,47,5,116,0,0,0,116
07/09/2008,FWA,IN,AGL,CE,Combined TRACON& Tower with Radar,10,67,69,9,155,0,8,29,0,37,10,75,98,9,192,20,0,20,212
07/10/2008,FWA,IN,AGL,CE,Combined TRACON& Tower with Radar,10,81,59,11,161,0,8,27,0,35,10,89,86,11,196,40,8,48,244
07/11/2008,FWA,IN,AGL,CE,Combined TRACON& Tower with Radar,9,65,90,13,177,0,3,31,0,34,9,68,121,13,211,30,32,62,273
07/12/2008,FWA,IN,AGL,CE,Combined TRACON& Tower with Radar,9,64,14,3,90,0,11,5,0,16,9,75,19,3,106,20,30,50,156
07/13/2008,FWA,IN,AGL,CE,Combined TRACON& Tower with Radar,0,58,53,8,119,0,2,36,0,38,0,60,89,8,157,24,0,24,181
07/14/2008,FWA,IN,AGL,CE,Combined TRACON& Tower with Radar,8,57,77,13,155,0,4,29,0,33,8,61,106,13,188,127,22,149,337
07/15/2008,FWA,IN,AGL,CE,Combined TRACON& Tower with Radar,9,63,54,7,133,0,0,27,0,27,9,63,81,7,160,115,14,129,289
07/16/2008,FWA,IN,AGL,CE,Combined TRACON& Tower with Radar,8,68,82,11,169,0,5,35,1,41,8,73,117,12,210,112,14,126,336
07/17/2008,FWA,IN,AGL,CE,Combined TRACON& Tower with Radar,10,76,63,10,159,0,1,32,0,33,10,77,95,10,192,64,8,72,264
07/18/2008,FWA,IN,AGL,CE,Combined TRACON& Tower with Radar,11,70,53,6,140,0,7,29,0,36,11,77,82,6,176,44,10,54,230
07/19/2008,FWA,IN,AGL,CE,Combined TRACON& Tower with Radar,9,53,62,2,126,0,7,19,0,26,9,60,81,2,152,46,0,46,198
07/20/2008,FWA,IN,AGL,CE,Combined TRACON& Tower with Radar,3,50,104,0,157,0,2,191,0,193,3,52,295,0,350,59,0,59,409
07/21/2008,FWA,IN,AGL,CE,Combined TRACON& Tower with Radar,5,68,48,5,126,0,1,12,3,16,5,69,60,8,142,8,0,8,150
07/22/2008,FWA,IN,AGL,CE,Combined TRACON& Tower with Radar,11,62,96,7,176,0,3,28,0,31,11,65,124,7,207,136,1,137,344
07/23/2008,FWA,IN,AGL,CE,Combined TRACON& Tower with Radar,8,61,100,14,183,0,2,36,0,38,8,63,136,14,221,96,10,106,327
07/24/2008,FWA,IN,AGL,CE,Combined TRACON& Tower with Radar,10,84,89,12,195,0,0,13,0,13,10,84,102,12,208,86,10,96,304
07/25/2008,FWA,IN,AGL,CE,Combined TRACON& Tower with Radar,16,66,65,9,156,0,4,35,0,39,16,70,100,9,195,44,0,44,239
07/26/2008,FWA,IN,AGL,CE,Combined TRACON& Tower with Radar,8,51,23,6,88,0,4,10,1,15,8,55,33,7,103,34,0,34,137
07/27/2008,FWA,IN,AGL,CE,Combined TRACON& Tower with Radar,0,48,83,0,131,0,0,27,0,27,0,48,110,0,158,46,0,46,204
07/28/2008,FWA,IN,AGL,CE,Combined TRACON& Tower with Radar,4,80,77,5,166,0,8,27,0,35,4,88,104,5,201,46,6,52,253
07/29/2008,FWA,IN,AGL,CE,Combined TRACON& Tower with Radar,10,63,67,12,152,0,17,40,0,57,10,80,107,12,209,8,4,12,221
07/30/2008,FWA,IN,AGL,CE,Combined TRACON& Tower with Radar,10,61,61,5,137,0,1,30,0,31,10,62,91,5,168,58,14,72,240
07/31/2008,FWA,IN,AGL,CE,Combined TRACON& Tower with Radar,11,69,73,8,161,0,4,21,1,26,11,73,94,9,187,28,1,29,216
08/01/2008,FWA,IN,AGL,CE,Combined TRACON& Tower with Radar,10,72,47,14,143,0,9,16,0,25,10,81,63,14,168,36,2,38,206
08/02/2008,FWA,IN,AGL,CE,Combined TRACON& Tower with Radar,7,47,30,21,105,0,3,15,1,19,7,50,45,22,124,34,40,74,198
08/03/2008,FWA,IN,AGL,CE,Combined TRACON& Tower with Radar,0,60,70,0,130,0,14,26,0,40,0,74,96,0,170,26,0,26,196
08/04/2008,FWA,IN,AGL,CE,Combined TRACON& Tower with Radar,4,50,43,0,97,0,3,12,0,15,4,53,55,0,112,41,0,41,153
08/05/2008,FWA,IN,AGL,CE,Combined TRACON& Tower with Radar,9,60,54,0,123,0,1,17,0,18,9,61,71,0,141,52,0,52,193
08/06/2008,FWA,IN,AGL,CE,Combined TRACON& Tower with Radar,8,69,78,11,166,0,12,30,0,42,8,81,108,11,208,98,20,118,326
08/07/2008,FWA,IN,AGL,CE,Combined TRACON& Tower with Radar,10,67,92,10,179,0,4,43,0,47,10,71,135,10,226,24,4,28,254
08/08/2008,FWA,IN,AGL,CE,Combined TRACON& Tower with Radar,9,192,59,10,270,0,3,30,0,33,9,195,89,10,303,111,8,119,422
08/09/2008,FWA,IN,AGL,CE,Combined TRACON& Tower with Radar,8,45,9,0,62,0,0,28,0,28,8,45,37,0,90,38,0,38,128
08/10/2008,FWA,IN,AGL,CE,Combined TRACON& Tower with Radar,0,40,50,1,91,0,0,35,0,35,0,40,85,1,126,51,0,51,177
08/11/2008,FWA,IN,AGL,CE,Combined TRACON& Tower with Radar,4,49,61,4,118,0,0,32,0,32,4,49,93,4,150,153,1,154,304
08/12/2008,FWA,IN,AGL,CE,Combined TRACON& Tower with Radar,8,58,66,13,145,0,1,24,0,25,8,59,90,13,170,71,18,89,259
08/13/2008,FWA,IN,AGL,CE,Combined TRACON& Tower with Radar,14,58,69,13,154,0,3,23,0,26,14,61,92,13,180,108,5,113,293
08/14/2008,FWA,IN,AGL,CE,Combined TRACON& Tower with Radar,15,62,31,10,118,0,3,8,0,11,15,65,39,10,129,70,0,70,199
08/15/2008,FWA,IN,AGL,CE,Combined TRACON& Tower with Radar,11,63,61,10,145,0,9,22,0,31,11,72,83,10,176,69,24,93,269
08/16/2008,FWA,IN,AGL,CE,Combined TRACON& Tower with Radar,9,45,51,0,105,0,3,31,0,34,9,48,82,0,139,44,0,44,183
08/17/2008,FWA,IN,AGL,CE,Combined TRACON& Tower with Radar,0,49,38,0,87,0,5,16,0,21,0,54,54,0,108,78,0,78,186
08/18/2008,FWA,IN,AGL,CE,Combined TRACON& Tower with Radar,2,54,65,0,121,0,1,26,0,27,2,55,91,0,148,345,0,345,493
08/19/2008,FWA,IN,AGL,CE,Combined TRACON& Tower with Radar,8,56,61,7,132,0,4,22,0,26,8,60,83,7,158,0,26,26,184
08/20/2008,FWA,IN,AGL,CE,Combined TRACON& Tower with Radar,11,51,70,11,143,0,0,29,0,29,11,51,99,11,172,96,0,96,268
08/21/2008,FWA,IN,AGL,CE,Combined TRACON& Tower with Radar,11,66,85,15,177,0,6,32,0,38,11,72,117,15,215,136,20,156,371
08/22/2008,FWA,IN,AGL,CE,Combined TRACON& Tower with Radar,8,58,100,9,175,1,37,57,0,95,9,95,157,9,270,26,0,26,296
08/23/2008,FWA,IN,AGL,CE,Combined TRACON& Tower with Radar,7,50,42,1,100,0,3,21,1,25,7,53,63,2,125,58,0,58,183
08/24/2008,FWA,IN,AGL,CE,Combined TRACON& Tower with Radar,0,53,48,0,101,0,8,23,0,31,0,61,71,0,132,144,0,144,276
08/25/2008,FWA,IN,AGL,CE,Combined TRACON& Tower with Radar,0,60,57,6,123,0,5,24,1,30,0,65,81,7,153,0,2,2,155
08/26/2008,FWA,IN,AGL,CE,Combined TRACON& Tower with Radar,16,56,57,7,136,0,13,21,0,34,16,69,78,7,170,66,0,66,236
08/27/2008,FWA,IN,AGL,CE,Combined TRACON& Tower with Radar,8,68,79,12,167,0,5,31,0,36,8,73,110,12,203,64,4,68,271
08/28/2008,FWA,IN,AGL,CE,Combined TRACON& Tower with Radar,8,63,70,2,143,0,4,10,0,14,8,67,80,2,157,22,0,22,179
08/29/2008,FWA,IN,AGL,CE,Combined TRACON& Tower with Radar,10,61,55,0,126,0,5,19,0,24,10,66,74,0,150,71,0,71,221
08/30/2008,FWA,IN,AGL,CE,Combined TRACON& Tower with Radar,7,38,52,0,97,0,3,24,0,27,7,41,76,0,124,20,0,20,144
08/31/2008,FWA,IN,AGL,CE,Combined TRACON& Tower with Radar,1,47,34,0,82,0,9,25,0,34,1,56,59,0,116,34,0,34,150
09/01/2008,FWA,IN,AGL,CE,Combined TRACON& Tower with Radar,1,44,33,0,78,0,1,26,0,27,1,45,59,0,105,24,0,24,129
09/02/2008,FWA,IN,AGL,CE,Combined TRACON& Tower with Radar,2,57,30,9,98,0,5,5,0,10,2,62,35,9,108,40,8,48,156
09/03/2008,FWA,IN,AGL,CE,Combined TRACON& Tower with Radar,8,61,57,8,134,0,2,14,0,16,8,63,71,8,150,64,14,78,228
09/04/2008,FWA,IN,AGL,CE,Combined TRACON& Tower with Radar,7,58,53,2,120,0,2,6,0,8,7,60,59,2,128,16,0,16,144
09/05/2008,FWA,IN,AGL,CE,Combined TRACON& Tower with Radar,7,67,41,11,126,0,5,16,0,21,7,72,57,11,147,42,0,42,189
09/06/2008,FWA,IN,AGL,CE,Combined TRACON& Tower with Radar,8,55,53,0,116,0,6,39,0,45,8,61,92,0,161,48,0,48,209
09/07/2008,FWA,IN,AGL,CE,Combined TRACON& Tower with Radar,8,48,48,0,104,0,7,27,0,34,8,55,75,0,138,32,2,34,172
09/08/2008,FWA,IN,AGL,CE,Combined TRACON& Tower with Radar,2,64,34,6,106,0,2,13,0,15,2,66,47,6,121,14,8,22,143
09/09/2008,FWA,IN,AGL,CE,Combined TRACON& Tower with Radar,8,57,54,9,128,0,0,15,1,16,8,57,69,10,144,42,18,60,204
09/10/2008,FWA,IN,AGL,CE,Combined TRACON& Tower with Radar,8,67,91,11,177,0,9,35,0,44,8,76,126,11,221,59,26,85,306
09/11/2008,FWA,IN,AGL,CE,Combined TRACON& Tower with Radar,6,66,59,7,138,0,5,14,0,19,6,71,73,7,157,66,0,66,223
09/12/2008,FWA,IN,AGL,CE,Combined TRACON& Tower with Radar,9,57,50,0,116,0,1,2,0,3,9,58,52,0,119,0,0,0,119
09/13/2008,FWA,IN,AGL,CE,Combined TRACON& Tower with Radar,10,42,20,0,72,0,0,2,0,2,10,42,22,0,74,26,0,26,100
09/14/2008,FWA,IN,AGL,CE,Combined TRACON& Tower with Radar,3,45,26,0,74,0,0,3,0,3,3,45,29,0,77,4,0,4,81
09/15/2008,FWA,IN,AGL,CE,Combined TRACON& Tower with Radar,1,64,52,0,117,0,0,6,0,6,1,64,58,0,123,249,32,281,404
09/16/2008,FWA,IN,AGL,CE,Combined TRACON& Tower with Radar,8,60,63,11,142,0,6,26,0,32,8,66,89,11,174,64,6,70,244
09/17/2008,FWA,IN,AGL,CE,Combined TRACON& Tower with Radar,9,60,61,9,139,0,8,32,0,40,9,68,93,9,179,24,22,46,225
09/18/2008,FWA,IN,AGL,CE,Combined TRACON& Tower with Radar,9,68,51,9,137,0,4,17,0,21,9,72,68,9,158,6,21,27,185
09/19/2008,FWA,IN,AGL,CE,Combined TRACON& Tower with Radar,8,60,65,10,143,0,10,33,0,43,8,70,98,10,186,34,38,72,258
09/20/2008,FWA,IN,AGL,CE,Combined TRACON& Tower with Radar,4,55,48,0,107,0,7,25,0,32,4,62,73,0,139,42,0,42,181
09/21/2008,FWA,IN,AGL,CE,Combined TRACON& Tower with Radar,3,55,44,2,104,0,7,20,0,27,3,62,64,2,131,67,0,67,198
09/22/2008,FWA,IN,AGL,CE,Combined TRACON& Tower with Radar,1,60,72,12,145,0,2,35,2,39,1,62,107,14,184,28,14,42,226
09/23/2008,FWA,IN,AGL,CE,Combined TRACON& Tower with Radar,10,54,57,8,129,0,2,18,0,20,10,56,75,8,149,62,26,88,237
09/24/2008,FWA,IN,AGL,CE,Combined TRACON& Tower with Radar,8,57,69,0,134,0,5,24,0,29,8,62,93,0,163,58,0,58,221
09/25/2008,FWA,IN,AGL,CE,Combined TRACON& Tower with Radar,9,66,78,1,154,0,5,12,1,18,9,71,90,2,172,8,0,8,180
09/26/2008,FWA,IN,AGL,CE,Combined TRACON& Tower with Radar,7,69,63,0,139,0,7,33,0,40,7,76,96,0,179,4,0,4,183
09/27/2008,FWA,IN,AGL,CE,Combined TRACON& Tower with Radar,5,55,36,0,96,0,3,22,0,25,5,58,58,0,121,22,0,22,143
09/28/2008,FWA,IN,AGL,CE,Combined TRACON& Tower with Radar,1,46,30,0,77,0,2,12,0,14,1,48,42,0,91,40,0,40,131
09/29/2008,FWA,IN,AGL,CE,Combined TRACON& Tower with Radar,2,56,38,0,96,0,2,8,0,10,2,58,46,0,106,10,0,10,116
09/30/2008,FWA,IN,AGL,CE,Combined TRACON& Tower with Radar,8,59,40,0,107,0,5,8,0,13,8,64,48,0,120,56,0,56,176
10/01/2008,FWA,IN,AGL,CE,Combined TRACON& Tower with Radar,8,61,40,5,114,0,6,7,0,13,8,67,47,5,127,110,0,110,237
10/02/2008,FWA,IN,AGL,CE,Combined TRACON& Tower with Radar,7,66,49,5,127,0,4,14,0,18,7,70,63,5,145,25,2,27,172
10/03/2008,FWA,IN,AGL,CE,Combined TRACON& Tower with Radar,6,192,94,9,301,0,29,60,0,89,6,221,154,9,390,12,14,26,416
10/04/2008,FWA,IN,AGL,CE,Combined TRACON& Tower with Radar,5,53,30,14,102,0,4,37,0,41,5,57,67,14,143,0,0,0,143
10/05/2008,FWA,IN,AGL,CE,Combined TRACON& Tower with Radar,0,45,71,3,119,0,4,27,0,31,0,49,98,3,150,52,0,52,202
10/06/2008,FWA,IN,AGL,CE,Combined TRACON& Tower with Radar,0,59,48,4,111,0,1,23,1,25,0,60,71,5,136,10,40,50,186
10/07/2008,FWA,IN,AGL,CE,Combined TRACON& Tower with Radar,8,59,58,6,131,0,9,20,0,29,8,68,78,6,160,18,2,20,180
10/08/2008,FWA,IN,AGL,CE,Combined TRACON& Tower with Radar,8,57,56,1,122,0,0,1,0,1,8,57,57,1,123,252,5,257,380
10/09/2008,FWA,IN,AGL,CE,Combined TRACON& Tower with Radar,6,59,74,7,146,0,3,31,1,35,6,62,105,8,181,12,10,22,203
10/10/2008,FWA,IN,AGL,CE,Combined TRACON& Tower with Radar,9,68,74,0,151,0,10,34,0,44,9,78,108,0,195,40,0,40,235
10/11/2008,FWA,IN,AGL,CE,Combined TRACON& Tower with Radar,8,50,56,0,114,0,8,36,0,44,8,58,92,0,158,10,0,10,168
10/12/2008,FWA,IN,AGL,CE,Combined TRACON& Tower with Radar,19,52,85,0,156,0,2,50,0,52,19,54,135,0,208,126,0,126,334
10/13/2008,FWA,IN,AGL,CE,Combined TRACON& Tower with Radar,0,73,61,0,134,0,15,23,0,38,0,88,84,0,172,28,0,28,200
10/14/2008,FWA,IN,AGL,CE,Combined TRACON& Tower with Radar,8,52,43,6,109,0,5,9,0,14,8,57,52,6,123,18,0,18,141
10/15/2008,FWA,IN,AGL,CE,Combined TRACON& Tower with Radar,8,85,38,30,161,0,2,2,0,4,8,87,40,30,165,0,11,11,176
10/16/2008,FWA,IN,AGL,CE,Combined TRACON& Tower with Radar,9,80,73,8,170,0,8,22,0,30,9,88,95,8,200,10,30,40,240
10/17/2008,FWA,IN,AGL,CE,Combined TRACON& Tower with Radar,8,61,53,12,134,0,4,21,0,25,8,65,74,12,159,0,10,10,169
10/18/2008,FWA,IN,AGL,CE,Combined TRACON& Tower with Radar,9,54,48,0,111,0,2,28,0,30,9,56,76,0,141,38,0,38,179
10/19/2008,FWA,IN,AGL,CE,Combined TRACON& Tower with Radar,0,46,43,6,95,0,0,22,0,22,0,46,65,6,117,21,0,21,138
10/20/2008,FWA,IN,AGL,CE,Combined TRACON& Tower with Radar,1,58,45,5,109,0,5,16,0,21,1,63,61,5,130,18,10,28,158
10/21/2008,FWA,IN,AGL,CE,Combined TRACON& Tower with Radar,8,66,63,8,145,0,2,19,0,21,8,68,82,8,166,14,16,30,196
10/22/2008,FWA,IN,AGL,CE,Combined TRACON& Tower with Radar,8,68,47,3,126,0,13,17,0,30,8,81,64,3,156,75,0,75,231
10/23/2008,FWA,IN,AGL,CE,Combined TRACON& Tower with Radar,8,68,57,1,134,0,6,23,0,29,8,74,80,1,163,1,2,3,166
10/24/2008,FWA,IN,AGL,CE,Combined TRACON& Tower with Radar,7,61,40,6,114,0,1,5,0,6,7,62,45,6,120,0,0,0,120
10/25/2008,FWA,IN,AGL,CE,Combined TRACON& Tower with Radar,6,49,33,1,89,0,2,12,1,15,6,51,45,2,104,20,0,20,124
10/26/2008,FWA,IN,AGL,CE,Combined TRACON& Tower with Radar,1,44,21,0,66,0,3,4,0,7,1,47,25,0,73,0,0,0,73
10/27/2008,FWA,IN,AGL,CE,Combined TRACON& Tower with Radar,0,60,40,0,100,0,6,7,0,13,0,66,47,0,113,48,0,48,161
10/28/2008,FWA,IN,AGL,CE,Combined TRACON& Tower with Radar,8,54,39,4,105,0,3,10,0,13,8,57,49,4,118,14,8,22,140
10/29/2008,FWA,IN,AGL,CE,Combined TRACON& Tower with Radar,7,63,53,5,128,0,5,14,0,19,7,68,67,5,147,58,16,74,221
10/30/2008,FWA,IN,AGL,CE,Combined TRACON& Tower with Radar,7,66,36,7,116,0,2,11,2,15,7,68,47,9,131,84,8,92,223
10/31/2008,FWA,IN,AGL,CE,Combined TRACON& Tower with Radar,8,58,58,7,131,0,0,35,1,36,8,58,93,8,167,92,6,98,265
11/01/2008,FWA,IN,AGL,CE,Combined TRACON& Tower with Radar,7,35,46,2,90,0,0,298,0,298,7,35,344,2,388,47,0,47,435
11/02/2008,FWA,IN,AGL,CE,Combined TRACON& Tower with Radar,2,46,39,0,87,0,4,28,0,32,2,50,67,0,119,92,0,92,211
11/03/2008,FWA,IN,AGL,CE,Combined TRACON& Tower with Radar,0,53,36,4,93,0,2,17,1,20,0,55,53,5,113,24,16,40,153
11/04/2008,FWA,IN,AGL,CE,Combined TRACON& Tower with Radar,8,57,31,6,102,0,2,21,1,24,8,59,52,7,126,39,10,49,175
11/05/2008,FWA,IN,AGL,CE,Combined TRACON& Tower with Radar,16,59,57,12,144,7,5,31,0,43,23,64,88,12,187,45,10,55,242
11/06/2008,FWA,IN,AGL,CE,Combined TRACON& Tower with Radar,10,62,52,8,132,0,1,24,2,27,10,63,76,10,159,74,12,86,245
11/07/2008,FWA,IN,AGL,CE,Combined TRACON& Tower with Radar,8,59,46,4,117,0,2,13,1,16,8,61,59,5,133,36,8,44,177
11/08/2008,FWA,IN,AGL,CE,Combined TRACON& Tower with Radar,6,58,12,3,79,0,13,2,0,15,6,71,14,3,94,70,0,70,164
11/09/2008,FWA,IN,AGL,CE,Combined TRACON& Tower with Radar,0,59,18,0,77,0,0,2,0,2,0,59,20,0,79,0,0,0,79
11/10/2008,FWA,IN,AGL,CE,Combined TRACON& Tower with Radar,5,57,53,0,115,5,2,24,0,31,10,59,77,0,146,47,2,49,195
11/11/2008,FWA,IN,AGL,CE,Combined TRACON& Tower with Radar,12,52,38,3,105,4,2,15,0,21,16,54,53,3,126,44,0,44,170
11/12/2008,FWA,IN,AGL,CE,Combined TRACON& Tower with Radar,8,61,35,4,108,0,5,6,1,12,8,66,41,5,120,32,2,34,154
11/13/2008,FWA,IN,AGL,CE,Combined TRACON& Tower with Radar,6,60,39,4,109,0,1,4,0,5,6,61,43,4,114,84,6,90,204
11/14/2008,FWA,IN,AGL,CE,Combined TRACON& Tower with Radar,7,64,23,5,99,0,3,2,0,5,7,67,25,5,104,84,6,90,194
11/15/2008,FWA,IN,AGL,CE,Combined TRACON& Tower with Radar,7,45,15,0,67,0,5,1,0,6,7,50,16,0,73,0,0,0,73
11/16/2008,FWA,IN,AGL,CE,Combined TRACON& Tower with Radar,1,57,18,0,76,0,7,5,0,12,1,64,23,0,88,0,0,0,88
11/17/2008,FWA,IN,AGL,CE,Combined TRACON& Tower with Radar,3,56,36,0,95,0,5,1,0,6,3,61,37,0,101,0,0,0,101
11/18/2008,FWA,IN,AGL,CE,Combined TRACON& Tower with Radar,6,66,60,1,133,0,9,21,0,30,6,75,81,1,163,46,0,46,209
11/19/2008,FWA,IN,AGL,CE,Combined TRACON& Tower with Radar,8,61,53,3,125,0,1,7,1,9,8,62,60,4,134,36,2,38,172
11/20/2008,FWA,IN,AGL,CE,Combined TRACON& Tower with Radar,10,59,46,9,124,0,0,13,0,13,10,59,59,9,137,26,0,26,163
11/21/2008,FWA,IN,AGL,CE,Combined TRACON& Tower with Radar,12,60,40,2,114,0,3,5,0,8,12,63,45,2,122,10,0,10,132
11/22/2008,FWA,IN,AGL,CE,Combined TRACON& Tower with Radar,7,59,63,7,136,0,12,40,0,52,7,71,103,7,188,126,6,132,320
11/23/2008,FWA,IN,AGL,CE,Combined TRACON& Tower with Radar,0,47,62,11,120,0,1,44,1,46,0,48,106,12,166,110,16,126,292
11/24/2008,FWA,IN,AGL,CE,Combined TRACON& Tower with Radar,4,66,22,1,93,0,2,0,0,2,4,68,22,1,95,0,0,0,95
11/25/2008,FWA,IN,AGL,CE,Combined TRACON& Tower with Radar,6,67,41,8,122,0,6,6,0,12,6,73,47,8,134,0,0,0,134
11/26/2008,FWA,IN,AGL,CE,Combined TRACON& Tower with Radar,7,66,55,5,133,0,9,56,0,65,7,75,111,5,198,56,6,62,260
11/27/2008,FWA,IN,AGL,CE,Combined TRACON& Tower with Radar,2,48,21,0,71,0,5,14,0,19,2,53,35,0,90,2,0,2,92
11/28/2008,FWA,IN,AGL,CE,Combined TRACON& Tower with Radar,6,34,33,0,73,0,5,22,0,27,6,39,55,0,100,50,0,50,150
11/29/2008,FWA,IN,AGL,CE,Combined TRACON& Tower with Radar,5,39,45,0,89,0,3,19,0,22,5,42,64,0,111,134,0,134,245
11/30/2008,FWA,IN,AGL,CE,Combined TRACON& Tower with Radar,0,55,13,0,68,0,4,1,0,5,0,59,14,0,73,0,0,0,73
12/01/2008,FWA,IN,AGL,CE,Combined TRACON& Tower with Radar,5,63,13,4,85,0,0,0,0,0,5,63,13,4,85,0,0,0,85
12/02/2008,FWA,IN,AGL,CE,Combined TRACON& Tower with Radar,8,70,30,6,114,0,8,4,0,12,8,78,34,6,126,30,8,38,164
12/03/2008,FWA,IN,AGL,CE,Combined TRACON& Tower with Radar,9,59,53,9,130,0,5,8,0,13,9,64,61,9,143,0,0,0,143
12/04/2008,FWA,IN,AGL,CE,Combined TRACON& Tower with Radar,8,66,23,5,102,0,8,1,0,9,8,74,24,5,111,18,0,18,129
12/05/2008,FWA,IN,AGL,CE,Combined TRACON& Tower with Radar,10,61,49,7,127,0,5,12,1,18,10,66,61,8,145,74,16,90,235
12/06/2008,FWA,IN,AGL,CE,Combined TRACON& Tower with Radar,6,48,14,0,68,0,3,2,0,5,6,51,16,0,73,0,0,0,73
12/07/2008,FWA,IN,AGL,CE,Combined TRACON& Tower with Radar,0,55,21,4,80,0,7,11,0,18,0,62,32,4,98,66,12,78,176
12/08/2008,FWA,IN,AGL,CE,Combined TRACON& Tower with Radar,8,55,64,0,127,0,2,5,0,7,8,57,69,0,134,12,0,12,146
12/09/2008,FWA,IN,AGL,CE,Combined TRACON& Tower with Radar,8,57,37,1,103,0,3,4,0,7,8,60,41,1,110,8,0,8,118
12/10/2008,FWA,IN,AGL,CE,Combined TRACON& Tower with Radar,17,58,44,4,123,0,1,7,0,8,17,59,51,4,131,66,2,68,199
12/11/2008,FWA,IN,AGL,CE,Combined TRACON& Tower with Radar,10,57,44,7,118,0,3,7,1,11,10,60,51,8,129,34,0,34,163
12/12/2008,FWA,IN,AGL,CE,Combined TRACON& Tower with Radar,9,73,29,9,120,0,8,1,0,9,9,81,30,9,129,2,0,2,131
12/13/2008,FWA,IN,AGL,CE,Combined TRACON& Tower with Radar,6,56,51,0,113,0,2,16,0,18,6,58,67,0,131,0,0,0,131
12/14/2008,FWA,IN,AGL,CE,Combined TRACON& Tower with Radar,1,52,4,2,59,0,4,0,2,6,1,56,4,4,65,0,0,0,65
12/15/2008,FWA,IN,AGL,CE,Combined TRACON& Tower with Radar,4,54,12,0,70,0,2,2,0,4,4,56,14,0,74,44,0,44,118
12/16/2008,FWA,IN,AGL,CE,Combined TRACON& Tower with Radar,12,37,30,15,94,0,3,3,0,6,12,40,33,15,100,2,22,24,124
12/17/2008,FWA,IN,AGL,CE,Combined TRACON& Tower with Radar,9,63,37,0,109,0,6,3,0,9,9,69,40,0,118,0,0,0,118
12/18/2008,FWA,IN,AGL,CE,Combined TRACON& Tower with Radar,10,52,61,3,126,0,1,8,0,9,10,53,69,3,135,0,0,0,135
12/19/2008,FWA,IN,AGL,CE,Combined TRACON& Tower with Radar,8,40,15,0,63,0,0,0,0,0,8,40,15,0,63,0,0,0,63
12/20/2008,FWA,IN,AGL,CE,Combined TRACON& Tower with Radar,8,46,15,0,69,0,1,2,0,3,8,47,17,0,72,0,0,0,72
12/21/2008,FWA,IN,AGL,CE,Combined TRACON& Tower with Radar,2,40,13,0,55,0,3,2,0,5,2,43,15,0,60,0,0,0,60
12/22/2008,FWA,IN,AGL,CE,Combined TRACON& Tower with Radar,4,46,17,0,67,0,5,6,0,11,4,51,23,0,78,0,0,0,78
12/23/2008,FWA,IN,AGL,CE,Combined TRACON& Tower with Radar,10,53,18,1,82,0,0,10,1,11,10,53,28,2,93,3,2,5,98
12/24/2008,FWA,IN,AGL,CE,Combined TRACON& Tower with Radar,12,55,12,0,79,0,0,0,0,0,12,55,12,0,79,4,0,4,83
12/25/2008,FWA,IN,AGL,CE,Combined TRACON& Tower with Radar,4,41,9,0,54,0,3,5,0,8,4,44,14,0,62,0,0,0,62
12/26/2008,FWA,IN,AGL,CE,Combined TRACON& Tower with Radar,10,63,14,0,87,0,3,3,0,6,10,66,17,0,93,8,0,8,101
12/27/2008,FWA,IN,AGL,CE,Combined TRACON& Tower with Radar,9,42,13,0,64,0,4,3,0,7,9,46,16,0,71,0,0,0,71
12/28/2008,FWA,IN,AGL,CE,Combined TRACON& Tower with Radar,0,56,18,0,74,0,5,7,0,12,0,61,25,0,86,12,0,12,98
12/29/2008,FWA,IN,AGL,CE,Combined TRACON& Tower with Radar,7,56,51,5,119,0,6,18,0,24,7,62,69,5,143,6,2,8,151
12/30/2008,FWA,IN,AGL,CE,Combined TRACON& Tower with Radar,8,64,31,6,109,0,6,16,0,22,8,70,47,6,131,0,8,8,139
12/31/2008,FWA,IN,AGL,CE,Combined TRACON& Tower with Radar,10,52,16,5,83,0,5,6,0,11,10,57,22,5,94,0,6,6,100
01/01/2009,FWA,IN,AGL,CE,Combined TRACON& Tower with Radar,4,56,15,0,75,0,16,5,0,21,4,72,20,0,96,6,0,6,102
01/02/2009,FWA,IN,AGL,CE,Combined TRACON& Tower with Radar,6,54,31,0,91,0,2,11,0,13,6,56,42,0,104,8,0,8,112
01/03/2009,FWA,IN,AGL,CE,Combined TRACON& Tower with Radar,8,63,52,0,123,0,7,21,0,28,8,70,73,0,151,40,0,40,191
01/04/2009,FWA,IN,AGL,CE,Combined TRACON& Tower with Radar,4,63,6,0,73,0,7,0,0,7,4,70,6,0,80,0,0,0,80
01/05/2009,FWA,IN,AGL,CE,Combined TRACON& Tower with Radar,4,65,50,0,119,0,4,17,0,21,4,69,67,0,140,34,0,34,174
01/06/2009,FWA,IN,AGL,CE,Combined TRACON& Tower with Radar,8,43,17,6,74,0,1,1,0,2,8,44,18,6,76,0,0,0,76
01/07/2009,FWA,IN,AGL,CE,Combined TRACON& Tower with Radar,8,49,34,0,91,0,0,3,0,3,8,49,37,0,94,0,0,0,94
01/08/2009,FWA,IN,AGL,CE,Combined TRACON& Tower with Radar,11,57,25,6,99,0,1,3,0,4,11,58,28,6,103,0,0,0,103
01/09/2009,FWA,IN,AGL,CE,Combined TRACON& Tower with Radar,9,51,18,2,80,0,2,2,0,4,9,53,20,2,84,0,0,0,84
01/10/2009,FWA,IN,AGL,CE,Combined TRACON& Tower with Radar,7,34,9,0,50,0,0,1,0,1,7,34,10,0,51,0,0,0,51
01/11/2009,FWA,IN,AGL,CE,Combined TRACON& Tower with Radar,0,43,11,13,67,0,4,2,1,7,0,47,13,14,74,0,4,4,78
01/12/2009,FWA,IN,AGL,CE,Combined TRACON& Tower with Radar,4,47,17,2,70,0,2,0,0,2,4,49,17,2,72,6,0,6,78
01/13/2009,FWA,IN,AGL,CE,Combined TRACON& Tower with Radar,7,42,15,0,64,0,5,2,0,7,7,47,17,0,71,14,0,14,85
01/14/2009,FWA,IN,AGL,CE,Combined TRACON& Tower with Radar,8,58,19,0,85,0,0,1,0,1,8,58,20,0,86,0,0,0,86
01/15/2009,FWA,IN,AGL,CE,Combined TRACON& Tower with Radar,13,44,17,0,74,0,2,5,0,7,13,46,22,0,81,0,2,2,83
01/16/2009,FWA,IN,AGL,CE,Combined TRACON& Tower with Radar,7,195,27,0,229,0,7,8,0,15,7,202,35,0,244,0,0,0,244
01/17/2009,FWA,IN,AGL,CE,Combined TRACON& Tower with Radar,7,45,9,0,61,0,7,1,0,8,7,52,10,0,69,22,0,22,91
01/18/2009,FWA,IN,AGL,CE,Combined TRACON& Tower with Radar,2,45,16,0,63,0,0,13,0,13,2,45,29,0,76,10,0,10,86
01/19/2009,FWA,IN,AGL,CE,Combined TRACON& Tower with Radar,4,45,35,0,84,0,0,10,0,10,4,45,45,0,94,38,9,47,141
01/20/2009,FWA,IN,AGL,CE,Combined TRACON& Tower with Radar,8,52,44,11,115,0,6,25,0,31,8,58,69,11,146,16,14,30,176
01/21/2009,FWA,IN,AGL,CE,Combined TRACON& Tower with Radar,11,55,55,12,133,0,2,25,2,29,11,57,80,14,162,22,4,26,188
01/22/2009,FWA,IN,AGL,CE,Combined TRACON& Tower with Radar,10,61,55,6,132,0,3,33,0,36,10,64,88,6,168,68,4,72,240
01/23/2009,FWA,IN,AGL,CE,Combined TRACON& Tower with Radar,12,72,50,5,139,0,8,14,0,22,12,80,64,5,161,1,44,45,206
01/24/2009,FWA,IN,AGL,CE,Combined TRACON& Tower with Radar,9,44,26,0,79,0,3,9,0,12,9,47,35,0,91,19,0,19,110
01/25/2009,FWA,IN,AGL,CE,Combined TRACON& Tower with Radar,0,44,13,0,57,0,7,2,0,9,0,51,15,0,66,35,0,35,101
01/26/2009,FWA,IN,AGL,CE,Combined TRACON& Tower with Radar,4,51,39,4,98,0,3,12,0,15,4,54,51,4,113,1,6,7,120
01/27/2009,FWA,IN,AGL,CE,Combined TRACON& Tower with Radar,8,47,13,4,72,0,2,5,0,7,8,49,18,4,79,10,8,18,97
01/28/2009,FWA,IN,AGL,CE,Combined TRACON& Tower with Radar,8,53,18,2,81,0,2,0,0,2,8,55,18,2,83,0,14,14,97
01/29/2009,FWA,IN,AGL,CE,Combined TRACON& Tower with Radar,9,61,31,4,105,0,12,6,0,18,9,73,37,4,123,0,0,0,123
01/30/2009,FWA,IN,AGL,CE,Combined TRACON& Tower with Radar,10,57,36,4,107,0,9,21,0,30,10,66,57,4,137,12,20,32,169
01/31/2009,FWA,IN,AGL,CE,Combined TRACON& Tower with Radar,6,43,31,0,80,0,5,12,0,17,6,48,43,0,97,8,0,8,105
02/01/2009,FWA,IN,AGL,CE,Combined TRACON& Tower with Radar,0,47,66,0,113,0,4,36,0,40,0,51,102,0,153,61,0,61,214
02/02/2009,FWA,IN,AGL,CE,Combined TRACON& Tower with Radar,4,56,31,0,91,0,3,10,0,13,4,59,41,0,104,0,0,0,104
02/03/2009,FWA,IN,AGL,CE,Combined TRACON& Tower with Radar,5,48,22,8,83,0,0,3,0,3,5,48,25,8,86,2,18,20,106
02/04/2009,FWA,IN,AGL,CE,Combined TRACON& Tower with Radar,8,51,39,9,107,0,2,10,0,12,8,53,49,9,119,26,24,50,169
02/05/2009,FWA,IN,AGL,CE,Combined TRACON& Tower with Radar,10,67,51,9,137,0,3,27,0,30,10,70,78,9,167,12,38,50,217
02/06/2009,FWA,IN,AGL,CE,Combined TRACON& Tower with Radar,11,54,77,8,150,0,10,40,0,50,11,64,117,8,200,0,24,24,224
02/07/2009,FWA,IN,AGL,CE,Combined TRACON& Tower with Radar,4,45,13,10,72,0,4,6,0,10,4,49,19,10,82,6,10,16,98
02/08/2009,FWA,IN,AGL,CE,Combined TRACON& Tower with Radar,2,42,20,7,71,0,5,7,1,13,2,47,27,8,84,106,4,110,194
02/09/2009,FWA,IN,AGL,CE,Combined TRACON& Tower with Radar,4,59,19,8,90,0,3,7,0,10,4,62,26,8,100,10,14,24,124
02/10/2009,FWA,IN,AGL,CE,Combined TRACON& Tower with Radar,8,54,24,8,94,0,9,2,0,11,8,63,26,8,105,18,18,36,141
02/11/2009,FWA,IN,AGL,CE,Combined TRACON& Tower with Radar,11,51,18,0,80,0,0,0,0,0,11,51,18,0,80,0,0,0,80
02/12/2009,FWA,IN,AGL,CE,Combined TRACON& Tower with Radar,13,52,35,10,110,0,2,2,1,5,13,54,37,11,115,0,2,2,117
02/13/2009,FWA,IN,AGL,CE,Combined TRACON& Tower with Radar,7,65,76,0,148,0,5,35,0,40,7,70,111,0,188,60,0,60,248
02/14/2009,FWA,IN,AGL,CE,Combined TRACON& Tower with Radar,7,54,23,0,84,0,6,14,0,20,7,60,37,0,104,0,0,0,104
02/15/2009,FWA,IN,AGL,CE,Combined TRACON& Tower with Radar,2,49,41,0,92,0,4,16,0,20,2,53,57,0,112,135,0,135,247
02/16/2009,FWA,IN,AGL,CE,Combined TRACON& Tower with Radar,4,58,57,0,119,0,1,24,0,25,4,59,81,0,144,70,0,70,214
02/17/2009,FWA,IN,AGL,CE,Combined TRACON& Tower with Radar,8,53,67,2,130,0,4,21,0,25,8,57,88,2,155,14,0,14,169
02/18/2009,FWA,IN,AGL,CE,Combined TRACON& Tower with Radar,10,47,29,0,86,0,3,1,0,4,10,50,30,0,90,0,0,0,90
02/19/2009,FWA,IN,AGL,CE,Combined TRACON& Tower with Radar,10,50,31,12,103,0,3,8,0,11,10,53,39,12,114,2,12,14,128
02/20/2009,FWA,IN,AGL,CE,Combined TRACON& Tower with Radar,11,58,46,9,124,0,6,15,0,21,11,64,61,9,145,93,26,119,264
02/21/2009,FWA,IN,AGL,CE,Combined TRACON& Tower with Radar,4,40,7,0,51,0,0,2,0,2,4,40,9,0,53,0,0,0,53
02/22/2009,FWA,IN,AGL,CE,Combined TRACON& Tower with Radar,2,51,10,0,63,0,0,8,0,8,2,51,18,0,71,64,0,64,135
02/23/2009,FWA,IN,AGL,CE,Combined TRACON& Tower with Radar,4,53,39,8,104,0,5,13,0,18,4,58,52,8,122,0,12,12,134
02/24/2009,FWA,IN,AGL,CE,Combined TRACON& Tower with Radar,9,53,59,5,126,0,6,25,0,31,9,59,84,5,157,42,0,42,199
02/25/2009,FWA,IN,AGL,CE,Combined TRACON& Tower with Radar,10,62,49,12,133,0,5,25,0,30,10,67,74,12,163,18,2,20,183
02/26/2009,FWA,IN,AGL,CE,Combined TRACON& Tower with Radar,11,49,11,2,73,0,0,13,0,13,11,49,24,2,86,0,0,0,86
02/27/2009,FWA,IN,AGL,CE,Combined TRACON& Tower with Radar,12,54,21,10,97,0,0,13,0,13,12,54,34,10,110,10,0,10,120
02/28/2009,FWA,IN,AGL,CE,Combined TRACON& Tower with Radar,7,53,24,0,84,0,6,8,0,14,7,59,32,0,98,20,0,20,118
03/01/2009,FWA,IN,AGL,CE,Combined TRACON& Tower with Radar,2,50,27,2,81,0,2,14,1,17,2,52,41,3,98,8,0,8,106
03/02/2009,FWA,IN,AGL,CE,Combined TRACON& Tower with Radar,6,42,58,0,106,6,39,30,0,75,12,81,88,0,181,20,0,20,201
03/03/2009,FWA,IN,AGL,CE,Combined TRACON& Tower with Radar,10,54,67,8,139,0,7,35,1,43,10,61,102,9,182,30,14,44,226
03/04/2009,FWA,IN,AGL,CE,Combined TRACON& Tower with Radar,9,55,59,14,137,0,3,21,0,24,9,58,80,14,161,12,12,24,185
03/05/2009,FWA,IN,AGL,CE,Combined TRACON& Tower with Radar,10,55,47,7,119,0,2,17,1,20,10,57,64,8,139,12,0,12,151
03/06/2009,FWA,IN,AGL,CE,Combined TRACON& Tower with Radar,12,54,44,6,116,0,1,16,0,17,12,55,60,6,133,44,0,44,177
03/07/2009,FWA,IN,AGL,CE,Combined TRACON& Tower with Radar,4,48,50,0,102,0,6,13,0,19,4,54,63,0,121,6,0,6,127
03/08/2009,FWA,IN,AGL,CE,Combined TRACON& Tower with Radar,1,54,12,0,67,0,0,100,0,100,1,54,112,0,167,0,0,0,167
03/09/2009,FWA,IN,AGL,CE,Combined TRACON& Tower with Radar,4,51,43,8,106,0,0,12,0,12,4,51,55,8,118,0,0,0,118
03/10/2009,FWA,IN,AGL,CE,Combined TRACON& Tower with Radar,7,53,26,0,86,0,4,2,0,6,7,57,28,0,92,0,0,0,92
03/11/2009,FWA,IN,AGL,CE,Combined TRACON& Tower with Radar,9,55,35,4,103,0,4,9,0,13,9,59,44,4,116,0,0,0,116
03/12/2009,FWA,IN,AGL,CE,Combined TRACON& Tower with Radar,12,58,61,15,146,0,3,28,0,31,12,61,89,15,177,20,3,23,200
03/13/2009,FWA,IN,AGL,CE,Combined TRACON& Tower with Radar,12,53,72,12,149,0,5,46,0,51,12,58,118,12,200,22,22,44,244
03/14/2009,FWA,IN,AGL,CE,Combined TRACON& Tower with Radar,9,47,62,8,126,0,6,29,0,35,9,53,91,8,161,12,10,22,183
03/15/2009,FWA,IN,AGL,CE,Combined TRACON& Tower with Radar,4,56,63,9,132,1,11,43,0,55,5,67,106,9,187,48,0,48,235
03/16/2009,FWA,IN,AGL,CE,Combined TRACON& Tower with Radar,5,55,37,4,101,0,7,13,0,20,5,62,50,4,121,6,0,6,127
03/17/2009,FWA,IN,AGL,CE,Combined TRACON& Tower with Radar,8,52,65,7,132,0,2,30,1,33,8,54,95,8,165,16,20,36,201
03/18/2009,FWA,IN,AGL,CE,Combined TRACON& Tower with Radar,10,59,39,4,112,0,6,18,0,24,10,65,57,4,136,2,16,18,154
03/19/2009,FWA,IN,AGL,CE,Combined TRACON& Tower with Radar,16,47,32,1,96,0,2,18,1,21,16,49,50,2,117,12,0,12,129
03/20/2009,FWA,IN,AGL,CE,Combined TRACON& Tower with Radar,13,59,70,0,142,0,7,44,0,51,13,66,114,0,193,10,0,10,203
03/21/2009,FWA,IN,AGL,CE,Combined TRACON& Tower with Radar,7,49,44,0,100,0,3,20,0,23,7,52,64,0,123,0,0,0,123
03/22/2009,FWA,IN,AGL,CE,Combined TRACON& Tower with Radar,3,47,34,0,84,0,2,21,0,23,3,49,55,0,107,0,0,0,107
03/23/2009,FWA,IN,AGL,CE,Combined TRACON& Tower with Radar,6,58,32,7,103,0,2,10,0,12,6,60,42,7,115,0,10,10,125
03/24/2009,FWA,IN,AGL,CE,Combined TRACON& Tower with Radar,10,53,44,13,120,0,4,16,1,21,10,57,60,14,141,10,22,32,173
03/25/2009,FWA,IN,AGL,CE,Combined TRACON& Tower with Radar,8,49,35,8,100,0,0,6,1,7,8,49,41,9,107,0,4,4,111
03/26/2009,FWA,IN,AGL,CE,Combined TRACON& Tower with Radar,14,52,26,7,99,0,0,13,0,13,14,52,39,7,112,22,4,26,138
03/27/2009,FWA,IN,AGL,CE,Combined TRACON& Tower with Radar,12,59,50,9,130,0,3,29,0,32,12,62,79,9,162,40,0,40,202
03/28/2009,FWA,IN,AGL,CE,Combined TRACON& Tower with Radar,8,47,27,2,84,0,3,19,0,22,8,50,46,2,106,0,0,0,106
03/29/2009,FWA,IN,AGL,CE,Combined TRACON& Tower with Radar,4,41,8,0,53,0,2,3,0,5,4,43,11,0,58,0,0,0,58
03/30/2009,FWA,IN,AGL,CE,Combined TRACON& Tower with Radar,4,49,79,0,132,0,2,34,0,36,4,51,113,0,168,16,0,16,184
03/31/2009,FWA,IN,AGL,CE,Combined TRACON& Tower with Radar,12,58,25,15,110,0,9,10,0,19,12,67,35,15,129,0,28,28,157
04/01/2009,FWA,IN,AGL,CE,Combined TRACON& Tower with Radar,12,54,33,7,106,0,14,2,19,35,12,68,35,26,141,18,8,26,167
04/02/2009,FWA,IN,AGL,CE,Combined TRACON& Tower with Radar,10,52,33,6,101,0,0,18,0,18,10,52,51,6,119,0,0,0,119
04/03/2009,FWA,IN,AGL,CE,Combined TRACON& Tower with Radar,10,62,19,9,100,0,4,4,0,8,10,66,23,9,108,0,0,0,108
04/04/2009,FWA,IN,AGL,CE,Combined TRACON& Tower with Radar,8,46,68,0,122,0,2,52,0,54,8,48,120,0,176,46,0,46,222
04/05/2009,FWA,IN,AGL,CE,Combined TRACON& Tower with Radar,2,41,9,0,52,0,1,3,0,4,2,42,12,0,56,0,0,0,56
04/06/2009,FWA,IN,AGL,CE,Combined TRACON& Tower with Radar,2,48,16,5,71,0,1,5,0,6,2,49,21,5,77,0,0,0,77
04/07/2009,FWA,IN,AGL,CE,Combined TRACON& Tower with Radar,12,50,21,19,102,0,1,6,1,8,12,51,27,20,110,10,42,52,162
04/08/2009,FWA,IN,AGL,CE,Combined TRACON& Tower with Radar,10,55,51,10,126,0,5,26,0,31,10,60,77,10,157,114,14,128,285
04/09/2009,FWA,IN,AGL,CE,Combined TRACON& Tower with Radar,12,53,69,6,140,0,2,39,1,42,12,55,108,7,182,110,0,110,292
04/10/2009,FWA,IN,AGL,CE,Combined TRACON& Tower with Radar,9,52,28,4,93,0,2,4,0,6,9,54,32,4,99,108,10,118,217
04/11/2009,FWA,IN,AGL,CE,Combined TRACON& Tower with Radar,6,47,52,0,105,0,8,40,0,48,6,55,92,0,153,101,2,103,256
04/12/2009,FWA,IN,AGL,CE,Combined TRACON& Tower with Radar,4,39,24,0,67,0,1,13,0,14,4,40,37,0,81,84,0,84,165
04/13/2009,FWA,IN,AGL,CE,Combined TRACON& Tower with Radar,4,49,24,1,78,0,3,2,0,5,4,52,26,1,83,26,0,26,109
04/14/2009,FWA,IN,AGL,CE,Combined TRACON& Tower with Radar,10,46,20,3,79,0,0,0,0,0,10,46,20,3,79,0,0,0,79
04/15/2009,FWA,IN,AGL,CE,Combined TRACON& Tower with Radar,8,45,31,8,92,0,3,6,0,9,8,48,37,8,101,0,0,0,101
04/16/2009,FWA,IN,AGL,CE,Combined TRACON& Tower with Radar,13,50,72,13,148,0,1,42,2,45,13,51,114,15,193,84,6,90,283
04/17/2009,FWA,IN,AGL,CE,Combined TRACON& Tower with Radar,10,47,54,10,121,0,1,31,0,32,10,48,85,10,153,132,18,150,303
04/18/2009,FWA,IN,AGL,CE,Combined TRACON& Tower with Radar,4,40,48,9,101,0,4,24,0,28,4,44,72,9,129,54,0,54,183
04/19/2009,FWA,IN,AGL,CE,Combined TRACON& Tower with Radar,3,41,44,8,96,0,5,4,0,9,3,46,48,8,105,0,18,18,123
04/20/2009,FWA,IN,AGL,CE,Combined TRACON& Tower with Radar,2,46,20,3,71,0,2,4,0,6,2,48,24,3,77,34,0,34,111
04/21/2009,FWA,IN,AGL,CE,Combined TRACON& Tower with Radar,10,44,39,10,103,0,2,11,0,13,10,46,50,10,116,2,0,2,118
04/22/2009,FWA,IN,AGL,CE,Combined TRACON& Tower with Radar,8,54,57,7,126,0,4,26,0,30,8,58,83,7,156,36,0,36,192
04/23/2009,FWA,IN,AGL,CE,Combined TRACON& Tower with Radar,9,66,86,9,170,0,6,34,0,40,9,72,120,9,210,100,22,122,332
04/24/2009,FWA,IN,AGL,CE,Combined TRACON& Tower with Radar,11,80,45,12,148,0,8,16,3,27,11,88,61,15,175,24,0,24,199
04/25/2009,FWA,IN,AGL,CE,Combined TRACON& Tower with Radar,10,54,20,0,84,0,5,7,0,12,10,59,27,0,96,42,0,42,138
04/26/2009,FWA,IN,AGL,CE,Combined TRACON& Tower with Radar,4,42,29,0,75,0,2,21,0,23,4,44,50,0,98,94,0,94,192
04/27/2009,FWA,IN,AGL,CE,Combined TRACON& Tower with Radar,2,46,29,0,77,0,3,7,0,10,2,49,36,0,87,0,0,0,87
04/28/2009,FWA,IN,AGL,CE,Combined TRACON& Tower with Radar,10,52,20,4,86,0,1,0,0,1,10,53,20,4,87,0,0,0,87
04/29/2009,FWA,IN,AGL,CE,Combined TRACON& Tower with Radar,10,47,42,17,116,0,0,0,0,0,10,47,42,17,116,0,4,4,120
04/30/2009,FWA,IN,AGL,CE,Combined TRACON& Tower with Radar,10,50,28,3,91,0,4,4,0,8,10,54,32,3,99,12,0,12,111
05/01/2009,FWA,IN,AGL,CE,Combined TRACON& Tower with Radar,10,57,34,26,127,0,5,6,0,11,10,62,40,26,138,70,2,72,210
05/02/2009,FWA,IN,AGL,CE,Combined TRACON& Tower with Radar,4,42,52,14,112,0,3,24,0,27,4,45,76,14,139,104,0,104,243
05/03/2009,FWA,IN,AGL,CE,Combined TRACON& Tower with Radar,2,44,58,0,104,0,3,37,0,40,2,47,95,0,144,21,0,21,165
05/04/2009,FWA,IN,AGL,CE,Combined TRACON& Tower with Radar,2,53,44,8,107,0,4,21,0,25,2,57,65,8,132,102,0,102,234
05/05/2009,FWA,IN,AGL,CE,Combined TRACON& Tower with Radar,10,58,91,13,172,0,5,32,1,38,10,63,123,14,210,110,8,118,328
05/06/2009,FWA,IN,AGL,CE,Combined TRACON& Tower with Radar,10,53,47,4,114,0,4,20,0,24,10,57,67,4,138,29,0,29,167
05/07/2009,FWA,IN,AGL,CE,Combined TRACON& Tower with Radar,9,59,40,12,120,0,0,8,0,8,9,59,48,12,128,42,0,42,170
05/08/2009,FWA,IN,AGL,CE,Combined TRACON& Tower with Radar,10,47,47,14,118,0,0,21,0,21,10,47,68,14,139,70,10,80,219
05/09/2009,FWA,IN,AGL,CE,Combined TRACON& Tower with Radar,4,49,10,0,63,0,4,4,0,8,4,53,14,0,71,0,0,0,71
05/10/2009,FWA,IN,AGL,CE,Combined TRACON& Tower with Radar,2,42,28,1,73,0,0,18,1,19,2,42,46,2,92,10,0,10,102
05/11/2009,FWA,IN,AGL,CE,Combined TRACON& Tower with Radar,4,53,41,0,98,0,9,12,0,21,4,62,53,0,119,200,0,200,319
05/12/2009,FWA,IN,AGL,CE,Combined TRACON& Tower with Radar,11,55,100,12,178,0,4,54,3,61,11,59,154,15,239,82,8,90,329
05/13/2009,FWA,IN,AGL,CE,Combined TRACON& Tower with Radar,10,48,38,2,98,0,1,12,0,13,10,49,50,2,111,60,0,60,171
05/14/2009,FWA,IN,AGL,CE,Combined TRACON& Tower with Radar,16,65,32,23,136,0,1,14,0,15,16,66,46,23,151,20,14,34,185
05/15/2009,FWA,IN,AGL,CE,Combined TRACON& Tower with Radar,9,61,62,12,144,0,9,27,1,37,9,70,89,13,181,78,8,86,267
05/16/2009,FWA,IN,AGL,CE,Combined TRACON& Tower with Radar,5,51,35,25,116,0,7,7,0,14,5,58,42,25,130,36,22,58,188
05/17/2009,FWA,IN,AGL,CE,Combined TRACON& Tower with Radar,2,46,57,22,127,0,6,32,0,38,2,52,89,22,165,34,22,56,221
05/18/2009,FWA,IN,AGL,CE,Combined TRACON& Tower with Radar,1,49,74,14,138,0,13,36,0,49,1,62,110,14,187,70,0,70,257
05/19/2009,FWA,IN,AGL,CE,Combined TRACON& Tower with Radar,9,48,68,9,134,0,3,39,0,42,9,51,107,9,176,26,4,30,206
05/20/2009,FWA,IN,AGL,CE,Combined TRACON& Tower with Radar,8,55,52,11,126,0,6,21,0,27,8,61,73,11,153,20,20,40,193
05/21/2009,FWA,IN,AGL,CE,Combined TRACON& Tower with Radar,9,51,40,10,110,0,4,24,1,29,9,55,64,11,139,46,6,52,191
05/22/2009,FWA,IN,AGL,CE,Combined TRACON& Tower with Radar,13,65,50,2,130,0,9,18,0,27,13,74,68,2,157,78,0,78,235
05/23/2009,FWA,IN,AGL,CE,Combined TRACON& Tower with Radar,2,40,38,0,80,0,4,20,0,24,2,44,58,0,104,24,0,24,128
05/24/2009,FWA,IN,AGL,CE,Combined TRACON& Tower with Radar,2,40,26,0,68,0,8,18,0,26,2,48,44,0,94,30,0,30,124
05/25/2009,FWA,IN,AGL,CE,Combined TRACON& Tower with Radar,2,61,18,0,81,0,6,9,0,15,2,67,27,0,96,72,0,72,168
05/26/2009,FWA,IN,AGL,CE,Combined TRACON& Tower with Radar,4,48,30,9,91,0,6,8,0,14,4,54,38,9,105,26,8,34,139
05/27/2009,FWA,IN,AGL,CE,Combined TRACON& Tower with Radar,8,45,21,13,87,0,0,6,0,6,8,45,27,13,93,42,16,58,151
05/28/2009,FWA,IN,AGL,CE,Combined TRACON& Tower with Radar,10,54,30,1,95,0,8,2,0,10,10,62,32,1,105,22,9,31,136
05/29/2009,FWA,IN,AGL,CE,Combined TRACON& Tower with Radar,10,54,56,14,134,0,5,19,0,24,10,59,75,14,158,38,18,56,214
05/30/2009,FWA,IN,AGL,CE,Combined TRACON& Tower with Radar,4,55,39,5,103,0,13,16,0,29,4,68,55,5,132,74,0,74,206
05/31/2009,FWA,IN,AGL,CE,Combined TRACON& Tower with Radar,2,45,39,2,88,0,0,25,0,25,2,45,64,2,113,178,0,178,291
06/01/2009,FWA,IN,AGL,CE,Combined TRACON& Tower with Radar,2,53,27,4,86,0,5,7,0,12,2,58,34,4,98,8,0,8,106
06/02/2009,FWA,IN,AGL,CE,Combined TRACON& Tower with Radar,8,47,40,7,102,0,4,0,0,4,8,51,40,7,106,0,0,0,106
06/03/2009,FWA,IN,AGL,CE,Combined TRACON& Tower with Radar,7,58,43,39,147,0,6,11,0,17,7,64,54,39,164,8,44,52,216
06/04/2009,FWA,IN,AGL,CE,Combined TRACON& Tower with Radar,12,54,56,14,136,0,2,33,1,36,12,56,89,15,172,12,26,38,210
06/05/2009,FWA,IN,AGL,CE,Combined TRACON& Tower with Radar,11,61,71,7,150,0,0,24,0,24,11,61,95,7,174,62,0,62,236
06/06/2009,FWA,IN,AGL,CE,Combined TRACON& Tower with Radar,7,55,24,0,86,0,0,21,0,21,7,55,45,0,107,0,0,0,107
06/07/2009,FWA,IN,AGL,CE,Combined TRACON& Tower with Radar,2,40,29,0,71,0,1,7,0,8,2,41,36,0,79,8,0,8,87
06/08/2009,FWA,IN,AGL,CE,Combined TRACON& Tower with Radar,2,50,46,100,198,0,3,9,0,12,2,53,55,100,210,0,0,0,210
06/09/2009,FWA,IN,AGL,CE,Combined TRACON& Tower with Radar,8,50,41,15,114,0,0,286,0,286,8,50,327,15,400,20,20,40,440
06/10/2009,FWA,IN,AGL,CE,Combined TRACON& Tower with Radar,5,44,52,22,123,0,2,13,0,15,5,46,65,22,138,7,10,17,155
06/11/2009,FWA,IN,AGL,CE,Combined TRACON& Tower with Radar,10,45,13,1,69,0,0,0,0,0,10,45,13,1,69,0,0,0,69
06/12/2009,FWA,IN,AGL,CE,Combined TRACON& Tower with Radar,9,54,64,20,147,0,0,11,0,11,9,54,75,20,158,22,14,36,194
06/13/2009,FWA,IN,AGL,CE,Combined TRACON& Tower with Radar,6,47,56,0,109,0,5,27,0,32,6,52,83,0,141,18,0,18,159
06/14/2009,FWA,IN,AGL,CE,Combined TRACON& Tower with Radar,2,40,55,0,97,0,1,32,0,33,2,41,87,0,130,28,0,28,158
06/15/2009,FWA,IN,AGL,CE,Combined TRACON& Tower with Radar,2,55,42,9,108,0,2,25,1,28,2,57,67,10,136,18,10,28,164
06/16/2009,FWA,IN,AGL,CE,Combined TRACON& Tower with Radar,10,48,48,13,119,0,18,67,1,86,10,66,115,14,205,44,18,62,267
06/17/2009,FWA,IN,AGL,CE,Combined TRACON& Tower with Radar,9,59,50,14,132,0,5,15,0,20,9,64,65,14,152,8,12,20,172
06/18/2009,FWA,IN,AGL,CE,Combined TRACON& Tower with Radar,12,57,39,9,117,0,3,6,2,11,12,60,45,11,128,1,10,11,139
06/19/2009,FWA,IN,AGL,CE,Combined TRACON& Tower with Radar,17,58,27,6,108,0,2,5,0,7,17,60,32,6,115,2,16,18,133
06/20/2009,FWA,IN,AGL,CE,Combined TRACON& Tower with Radar,6,47,32,0,85,0,4,17,0,21,6,51,49,0,106,0,0,0,106
06/21/2009,FWA,IN,AGL,CE,Combined TRACON& Tower with Radar,1,50,57,1,109,0,11,27,0,38,1,61,84,1,147,28,0,28,175
06/22/2009,FWA,IN,AGL,CE,Combined TRACON& Tower with Radar,3,48,35,1,87,0,0,11,1,12,3,48,46,2,99,6,0,6,105
06/23/2009,FWA,IN,AGL,CE,Combined TRACON& Tower with Radar,7,47,45,10,109,0,1,10,1,12,7,48,55,11,121,0,27,27,148
06/24/2009,FWA,IN,AGL,CE,Combined TRACON& Tower with Radar,9,67,63,18,157,0,1,31,0,32,9,68,94,18,189,33,24,57,246
06/25/2009,FWA,IN,AGL,CE,Combined TRACON& Tower with Radar,18,58,62,16,154,0,11,15,0,26,18,69,77,16,180,24,0,24,204
06/26/2009,FWA,IN,AGL,CE,Combined TRACON& Tower with Radar,10,61,36,14,121,0,1,11,3,15,10,62,47,17,136,16,14,30,166
06/27/2009,FWA,IN,AGL,CE,Combined TRACON& Tower with Radar,7,52,40,0,99,0,1,23,0,24,7,53,63,0,123,22,0,22,145
06/28/2009,FWA,IN,AGL,CE,Combined TRACON& Tower with Radar,2,47,33,0,82,0,0,10,0,10,2,47,43,0,92,0,0,0,92
06/29/2009,FWA,IN,AGL,CE,Combined TRACON& Tower with Radar,3,54,33,7,97,0,7,15,0,22,3,61,48,7,119,16,10,26,145
06/30/2009,FWA,IN,AGL,CE,Combined TRACON& Tower with Radar,10,57,42,11,120,0,6,17,0,23,10,63,59,11,143,4,24,28,171
07/01/2009,FWA,IN,AGL,CE,Combined TRACON& Tower with Radar,9,69,37,21,136,0,7,12,0,19,9,76,49,21,155,0,32,32,187
07/02/2009,FWA,IN,AGL,CE,Combined TRACON& Tower with Radar,11,53,43,6,113,0,8,8,0,16,11,61,51,6,129,21,0,21,150
07/03/2009,FWA,IN,AGL,CE,Combined TRACON& Tower with Radar,12,46,30,0,88,0,4,16,0,20,12,50,46,0,108,0,0,0,108
07/04/2009,FWA,IN,AGL,CE,Combined TRACON& Tower with Radar,2,40,14,4,60,0,10,6,0,16,2,50,20,4,76,14,0,14,90
07/05/2009,FWA,IN,AGL,CE,Combined TRACON& Tower with Radar,4,41,26,0,71,0,4,11,0,15,4,45,37,0,86,2,0,2,88
07/06/2009,FWA,IN,AGL,CE,Combined TRACON& Tower with Radar,2,46,29,0,77,0,1,14,0,15,2,47,43,0,92,0,0,0,92
07/07/2009,FWA,IN,AGL,CE,Combined TRACON& Tower with Radar,12,52,64,7,135,0,4,35,1,40,12,56,99,8,175,36,15,51,226
07/08/2009,FWA,IN,AGL,CE,Combined TRACON& Tower with Radar,8,48,60,16,132,0,0,18,0,18,8,48,78,16,150,0,0,0,150
07/09/2009,FWA,IN,AGL,CE,Combined TRACON& Tower with Radar,8,61,58,11,138,0,7,28,0,35,8,68,86,11,173,4,0,4,177
07/10/2009,FWA,IN,AGL,CE,Combined TRACON& Tower with Radar,14,51,45,8,118,0,5,17,0,22,14,56,62,8,140,30,12,42,182
07/11/2009,FWA,IN,AGL,CE,Combined TRACON& Tower with Radar,9,47,14,8,78,0,7,7,3,17,9,54,21,11,95,10,0,10,105
07/12/2009,FWA,IN,AGL,CE,Combined TRACON& Tower with Radar,2,47,42,6,97,0,3,21,0,24,2,50,63,6,121,0,0,0,121
07/13/2009,FWA,IN,AGL,CE,Combined TRACON& Tower with Radar,2,42,31,11,86,0,2,25,0,27,2,44,56,11,113,26,16,42,155
07/14/2009,FWA,IN,AGL,CE,Combined TRACON& Tower with Radar,8,43,79,15,145,0,0,34,0,34,8,43,113,15,179,14,10,24,203
07/15/2009,FWA,IN,AGL,CE,Combined TRACON& Tower with Radar,9,71,45,8,133,0,4,10,0,14,9,75,55,8,147,23,20,43,190
07/16/2009,FWA,IN,AGL,CE,Combined TRACON& Tower with Radar,10,65,86,0,161,0,3,27,0,30,10,68,113,0,191,15,2,17,208
07/17/2009,FWA,IN,AGL,CE,Combined TRACON& Tower with Radar,12,49,34,42,137,0,3,12,0,15,12,52,46,42,152,0,12,12,164
07/18/2009,FWA,IN,AGL,CE,Combined TRACON& Tower with Radar,6,44,27,20,97,0,0,7,0,7,6,44,34,20,104,12,0,12,116
07/19/2009,FWA,IN,AGL,CE,Combined TRACON& Tower with Radar,2,39,27,0,68,0,0,13,0,13,2,39,40,0,81,12,0,12,93
07/20/2009,FWA,IN,AGL,CE,Combined TRACON& Tower with Radar,2,56,80,0,138,0,3,23,0,26,2,59,103,0,164,39,0,39,203
07/21/2009,FWA,IN,AGL,CE,Combined TRACON& Tower with Radar,9,56,65,14,144,0,5,30,1,36,9,61,95,15,180,40,28,68,248
07/22/2009,FWA,IN,AGL,CE,Combined TRACON& Tower with Radar,41,48,27,14,130,0,3,7,0,10,41,51,34,14,140,19,0,19,159
07/23/2009,FWA,IN,AGL,CE,Combined TRACON& Tower with Radar,9,48,74,19,150,0,0,12,0,12,9,48,86,19,162,10,0,10,172
07/24/2009,FWA,IN,AGL,CE,Combined TRACON& Tower with Radar,12,57,43,15,127,0,6,22,1,29,12,63,65,16,156,10,8,18,174
07/25/2009,FWA,IN,AGL,CE,Combined TRACON& Tower with Radar,4,45,35,0,84,0,5,6,0,11,4,50,41,0,95,22,0,22,117
07/26/2009,FWA,IN,AGL,CE,Combined TRACON& Tower with Radar,2,49,43,0,94,0,6,20,0,26,2,55,63,0,120,2,0,2,122
07/27/2009,FWA,IN,AGL,CE,Combined TRACON& Tower with Radar,3,51,68,9,131,0,0,40,0,40,3,51,108,9,171,46,8,54,225
07/28/2009,FWA,IN,AGL,CE,Combined TRACON& Tower with Radar,8,43,41,10,102,0,0,10,0,10,8,43,51,10,112,4,8,12,124
07/29/2009,FWA,IN,AGL,CE,Combined TRACON& Tower with Radar,9,65,46,21,141,0,0,20,0,20,9,65,66,21,161,48,0,48,209
07/30/2009,FWA,IN,AGL,CE,Combined TRACON& Tower with Radar,10,43,87,9,149,0,0,37,0,37,10,43,124,9,186,82,0,82,268
07/31/2009,FWA,IN,AGL,CE,Combined TRACON& Tower with Radar,7,48,59,8,122,0,1,24,0,25,7,49,83,8,147,88,0,88,235
08/01/2009,FWA,IN,AGL,CE,Combined TRACON& Tower with Radar,5,43,31,0,79,0,1,19,0,20,5,44,50,0,99,4,0,4,103
08/02/2009,FWA,IN,AGL,CE,Combined TRACON& Tower with Radar,3,40,32,1,76,0,2,16,0,18,3,42,48,1,94,10,0,10,104
08/03/2009,FWA,IN,AGL,CE,Combined TRACON& Tower with Radar,2,57,40,2,101,0,8,28,2,38,2,65,68,4,139,18,0,18,157
08/04/2009,FWA,IN,AGL,CE,Combined TRACON& Tower with Radar,8,54,32,6,100,0,2,12,2,16,8,56,44,8,116,0,0,0,116
08/05/2009,FWA,IN,AGL,CE,Combined TRACON& Tower with Radar,8,81,59,26,174,0,3,32,1,36,8,84,91,27,210,70,44,114,324
08/06/2009,FWA,IN,AGL,CE,Combined TRACON& Tower with Radar,11,54,74,28,167,0,3,42,0,45,11,57,116,28,212,16,23,39,251
08/07/2009,FWA,IN,AGL,CE,Combined TRACON& Tower with Radar,11,50,47,10,118,0,2,15,0,17,11,52,62,10,135,18,2,20,155
08/08/2009,FWA,IN,AGL,CE,Combined TRACON& Tower with Radar,6,46,26,2,80,0,3,5,0,8,6,49,31,2,88,0,0,0,88
08/09/2009,FWA,IN,AGL,CE,Combined TRACON& Tower with Radar,3,40,35,1,79,0,1,11,0,12,3,41,46,1,91,50,0,50,141
08/10/2009,FWA,IN,AGL,CE,Combined TRACON& Tower with Radar,1,53,32,19,105,0,9,14,0,23,1,62,46,19,128,8,26,34,162
08/11/2009,FWA,IN,AGL,CE,Combined TRACON& Tower with Radar,6,56,37,16,115,0,6,6,0,12,6,62,43,16,127,2,18,20,147
08/12/2009,FWA,IN,AGL,CE,Combined TRACON& Tower with Radar,8,73,99,27,207,0,2,21,0,23,8,75,120,27,230,20,20,40,270
08/13/2009,FWA,IN,AGL,CE,Combined TRACON& Tower with Radar,10,79,65,17,171,0,5,24,0,29,10,84,89,17,200,26,20,46,246
08/14/2009,FWA,IN,AGL,CE,Combined TRACON& Tower with Radar,12,49,52,28,141,0,3,17,0,20,12,52,69,28,161,12,32,44,205
08/15/2009,FWA,IN,AGL,CE,Combined TRACON& Tower with Radar,6,46,39,0,91,0,0,22,0,22,6,46,61,0,113,26,0,26,139
08/16/2009,FWA,IN,AGL,CE,Combined TRACON& Tower with Radar,6,47,47,0,100,0,4,19,0,23,6,51,66,0,123,44,0,44,167
08/17/2009,FWA,IN,AGL,CE,Combined TRACON& Tower with Radar,2,50,15,10,77,0,3,7,0,10,2,53,22,10,87,4,2,6,93
08/18/2009,FWA,IN,AGL,CE,Combined TRACON& Tower with Radar,2,47,33,6,88,0,0,9,1,10,2,47,42,7,98,8,13,21,119
08/19/2009,FWA,IN,AGL,CE,Combined TRACON& Tower with Radar,13,49,41,3,106,0,5,14,0,19,13,54,55,3,125,0,0,0,125
08/20/2009,FWA,IN,AGL,CE,Combined TRACON& Tower with Radar,10,47,36,2,95,0,1,12,0,13,10,48,48,2,108,2,0,2,110
08/21/2009,FWA,IN,AGL,CE,Combined TRACON& Tower with Radar,11,51,32,1,95,0,1,11,0,12,11,52,43,1,107,26,0,26,133
08/22/2009,FWA,IN,AGL,CE,Combined TRACON& Tower with Radar,6,37,23,2,68,0,1,10,0,11,6,38,33,2,79,0,0,0,79
08/23/2009,FWA,IN,AGL,CE,Combined TRACON& Tower with Radar,2,50,17,1,70,0,5,8,0,13,2,55,25,1,83,0,0,0,83
08/24/2009,FWA,IN,AGL,CE,Combined TRACON& Tower with Radar,2,52,53,37,144,0,5,22,0,27,2,57,75,37,171,0,8,8,179
08/25/2009,FWA,IN,AGL,CE,Combined TRACON& Tower with Radar,8,53,61,3,125,0,0,34,0,34,8,53,95,3,159,42,20,62,221
08/26/2009,FWA,IN,AGL,CE,Combined TRACON& Tower with Radar,9,58,42,6,115,0,6,7,0,13,9,64,49,6,128,24,8,32,160
08/27/2009,FWA,IN,AGL,CE,Combined TRACON& Tower with Radar,13,50,36,4,103,0,0,8,0,8,13,50,44,4,111,0,0,0,111
08/28/2009,FWA,IN,AGL,CE,Combined TRACON& Tower with Radar,10,49,31,0,90,0,0,1,0,1,10,49,32,0,91,0,0,0,91
08/29/2009,FWA,IN,AGL,CE,Combined TRACON& Tower with Radar,5,43,36,0,84,0,1,11,0,12,5,44,47,0,96,4,0,4,100
08/30/2009,FWA,IN,AGL,CE,Combined TRACON& Tower with Radar,2,42,35,2,81,0,5,21,1,27,2,47,56,3,108,0,0,0,108
08/31/2009,FWA,IN,AGL,CE,Combined TRACON& Tower with Radar,0,55,20,0,75,0,6,10,0,16,0,61,30,0,91,0,0,0,91
09/01/2009,FWA,IN,AGL,CE,Combined TRACON& Tower with Radar,4,49,46,4,103,0,3,23,0,26,4,52,69,4,129,26,0,26,155
09/02/2009,FWA,IN,AGL,CE,Combined TRACON& Tower with Radar,7,60,49,5,121,0,13,23,0,36,7,73,72,5,157,48,0,48,205
09/03/2009,FWA,IN,AGL,CE,Combined TRACON& Tower with Radar,7,42,36,11,96,0,0,11,0,11,7,42,47,11,107,20,0,20,127
09/04/2009,FWA,IN,AGL,CE,Combined TRACON& Tower with Radar,8,49,68,2,127,0,3,33,0,36,8,52,101,2,163,14,2,16,179
09/05/2009,FWA,IN,AGL,CE,Combined TRACON& Tower with Radar,4,53,46,0,103,0,5,24,0,29,4,58,70,0,132,24,2,26,158
09/06/2009,FWA,IN,AGL,CE,Combined TRACON& Tower with Radar,3,34,28,0,65,0,11,15,0,26,3,45,43,0,91,34,0,34,125
09/07/2009,FWA,IN,AGL,CE,Combined TRACON& Tower with Radar,1,41,28,0,70,0,0,8,0,8,1,41,36,0,78,16,0,16,94
09/08/2009,FWA,IN,AGL,CE,Combined TRACON& Tower with Radar,2,52,33,7,94,0,3,2,0,5,2,55,35,7,99,0,0,0,99
09/09/2009,FWA,IN,AGL,CE,Combined TRACON& Tower with Radar,5,44,39,17,105,0,2,5,2,9,5,46,44,19,114,0,4,4,118
09/10/2009,FWA,IN,AGL,CE,Combined TRACON& Tower with Radar,6,59,46,10,121,0,7,21,0,28,6,66,67,10,149,47,8,55,204
09/11/2009,FWA,IN,AGL,CE,Combined TRACON& Tower with Radar,9,44,65,9,127,0,2,32,0,34,9,46,97,9,161,30,44,74,235
09/12/2009,FWA,IN,AGL,CE,Combined TRACON& Tower with Radar,4,49,61,10,124,0,4,30,0,34,4,53,91,10,158,8,20,28,186
09/13/2009,FWA,IN,AGL,CE,Combined TRACON& Tower with Radar,2,42,71,8,123,0,1,50,0,51,2,43,121,8,174,11,16,27,201
09/14/2009,FWA,IN,AGL,CE,Combined TRACON& Tower with Radar,0,46,21,0,67,0,0,12,0,12,0,46,33,0,79,2,0,2,81
09/15/2009,FWA,IN,AGL,CE,Combined TRACON& Tower with Radar,11,53,70,9,143,0,7,24,0,31,11,60,94,9,174,0,74,74,248
09/16/2009,FWA,IN,AGL,CE,Combined TRACON& Tower with Radar,17,36,41,9,103,0,0,11,0,11,17,36,52,9,114,0,0,0,114
09/17/2009,FWA,IN,AGL,CE,Combined TRACON& Tower with Radar,10,53,58,9,130,0,6,25,0,31,10,59,83,9,161,2,0,2,163
09/18/2009,FWA,IN,AGL,CE,Combined TRACON& Tower with Radar,8,59,47,9,123,0,3,29,0,32,8,62,76,9,155,2,26,28,183
09/19/2009,FWA,IN,AGL,CE,Combined TRACON& Tower with Radar,6,46,44,2,98,0,5,17,0,22,6,51,61,2,120,18,0,18,138
09/20/2009,FWA,IN,AGL,CE,Combined TRACON& Tower with Radar,2,40,37,0,79,0,2,5,0,7,2,42,42,0,86,4,0,4,90
09/21/2009,FWA,IN,AGL,CE,Combined TRACON& Tower with Radar,0,49,41,9,99,0,2,3,0,5,0,51,44,9,104,0,0,0,104
09/22/2009,FWA,IN,AGL,CE,Combined TRACON& Tower with Radar,7,55,39,10,111,0,2,6,0,8,7,57,45,10,119,0,0,0,119
09/23/2009,FWA,IN,AGL,CE,Combined TRACON& Tower with Radar,19,46,43,11,119,0,2,5,0,7,19,48,48,11,126,1,12,13,139
09/24/2009,FWA,IN,AGL,CE,Combined TRACON& Tower with Radar,8,55,48,34,145,0,1,5,0,6,8,56,53,34,151,0,6,6,157
09/25/2009,FWA,IN,AGL,CE,Combined TRACON& Tower with Radar,8,53,41,7,109,0,2,11,2,15,8,55,52,9,124,6,26,32,156
09/26/2009,FWA,IN,AGL,CE,Combined TRACON& Tower with Radar,5,38,41,0,84,0,3,10,0,13,5,41,51,0,97,18,0,18,115
09/27/2009,FWA,IN,AGL,CE,Combined TRACON& Tower with Radar,3,52,48,0,103,0,3,21,0,24,3,55,69,0,127,4,0,4,131
09/28/2009,FWA,IN,AGL,CE,Combined TRACON& Tower with Radar,1,54,27,0,82,0,3,5,0,8,1,57,32,0,90,0,0,0,90
09/29/2009,FWA,IN,AGL,CE,Combined TRACON& Tower with Radar,8,52,38,5,103,0,2,5,0,7,8,54,43,5,110,2,0,2,112
09/30/2009,FWA,IN,AGL,CE,Combined TRACON& Tower with Radar,10,47,55,1,113,0,0,0,0,0,10,47,55,1,113,40,0,40,153
10/01/2009,FWA,IN,AGL,CE,Combined TRACON& Tower with Radar,11,38,54,8,111,0,2,29,0,31,11,40,83,8,142,32,2,34,176
10/02/2009,FWA,IN,AGL,CE,Combined TRACON& Tower with Radar,10,51,47,10,118,0,0,11,0,11,10,51,58,10,129,9,0,9,138
10/03/2009,FWA,IN,AGL,CE,Combined TRACON& Tower with Radar,4,46,47,8,105,0,6,17,0,23,4,52,64,8,128,2,0,2,130
10/04/2009,FWA,IN,AGL,CE,Combined TRACON& Tower with Radar,3,44,35,11,93,0,3,25,0,28,3,47,60,11,121,20,12,32,153
10/05/2009,FWA,IN,AGL,CE,Combined TRACON& Tower with Radar,1,44,42,8,95,0,6,19,0,25,1,50,61,8,120,6,2,8,128
10/06/2009,FWA,IN,AGL,CE,Combined TRACON& Tower with Radar,8,40,33,11,92,0,1,8,0,9,8,41,41,11,101,16,0,16,117
10/07/2009,FWA,IN,AGL,CE,Combined TRACON& Tower with Radar,26,53,39,5,123,0,7,9,1,17,26,60,48,6,140,2,8,10,150
10/08/2009,FWA,IN,AGL,CE,Combined TRACON& Tower with Radar,14,34,35,19,102,0,1,8,0,9,14,35,43,19,111,0,0,0,111
10/09/2009,FWA,IN,AGL,CE,Combined TRACON& Tower with Radar,5,42,30,0,77,0,0,0,0,0,5,42,30,0,77,0,0,0,77
10/10/2009,FWA,IN,AGL,CE,Combined TRACON& Tower with Radar,4,35,15,0,54,0,1,2,0,3,4,36,17,0,57,2,0,2,59
10/11/2009,FWA,IN,AGL,CE,Combined TRACON& Tower with Radar,2,46,34,0,82,0,6,21,0,27,2,52,55,0,109,4,0,4,113
10/12/2009,FWA,IN,AGL,CE,Combined TRACON& Tower with Radar,0,38,48,0,86,0,2,14,0,16,0,40,62,0,102,20,0,20,122
10/13/2009,FWA,IN,AGL,CE,Combined TRACON& Tower with Radar,9,54,49,5,117,0,5,14,0,19,9,59,63,5,136,48,0,48,184
10/14/2009,FWA,IN,AGL,CE,Combined TRACON& Tower with Radar,14,35,47,6,102,0,2,5,0,7,14,37,52,6,109,18,0,18,127
10/15/2009,FWA,IN,AGL,CE,Combined TRACON& Tower with Radar,11,41,38,12,102,0,2,3,0,5,11,43,41,12,107,0,0,0,107
10/16/2009,FWA,IN,AGL,CE,Combined TRACON& Tower with Radar,9,47,29,7,92,0,0,15,0,15,9,47,44,7,107,0,8,8,115
10/17/2009,FWA,IN,AGL,CE,Combined TRACON& Tower with Radar,4,38,37,0,79,0,3,14,0,17,4,41,51,0,96,26,0,26,122
10/18/2009,FWA,IN,AGL,CE,Combined TRACON& Tower with Radar,1,42,56,0,99,0,3,35,0,38,1,45,91,0,137,32,0,32,169
10/19/2009,FWA,IN,AGL,CE,Combined TRACON& Tower with Radar,2,43,29,3,77,0,5,12,0,17,2,48,41,3,94,4,0,4,98
10/20/2009,FWA,IN,AGL,CE,Combined TRACON& Tower with Radar,9,45,60,7,121,0,5,23,0,28,9,50,83,7,149,15,0,15,164
10/21/2009,FWA,IN,AGL,CE,Combined TRACON& Tower with Radar,14,36,33,5,88,3,19,69,0,91,17,55,102,5,179,13,0,13,192
10/22/2009,FWA,IN,AGL,CE,Combined TRACON& Tower with Radar,10,52,47,7,116,0,9,13,0,22,10,61,60,7,138,0,2,2,140
10/23/2009,FWA,IN,AGL,CE,Combined TRACON& Tower with Radar,10,40,44,0,94,0,1,3,0,4,10,41,47,0,98,4,0,4,102
10/24/2009,FWA,IN,AGL,CE,Combined TRACON& Tower with Radar,4,35,33,0,72,0,0,1,0,1,4,35,34,0,73,0,0,0,73
10/25/2009,FWA,IN,AGL,CE,Combined TRACON& Tower with Radar,2,48,38,0,88,0,5,25,0,30,2,53,63,0,118,11,0,11,129
10/26/2009,FWA,IN,AGL,CE,Combined TRACON& Tower with Radar,2,45,40,0,87,0,1,19,0,20,2,46,59,0,107,2,0,2,109
10/27/2009,FWA,IN,AGL,CE,Combined TRACON& Tower with Radar,7,43,36,6,92,0,3,3,0,6,7,46,39,6,98,2,0,2,100
10/28/2009,FWA,IN,AGL,CE,Combined TRACON& Tower with Radar,17,37,50,3,107,0,1,2,0,3,17,38,52,3,110,16,4,20,130
10/29/2009,FWA,IN,AGL,CE,Combined TRACON& Tower with Radar,10,45,68,5,128,0,1,14,0,15,10,46,82,5,143,0,0,0,143
10/30/2009,FWA,IN,AGL,CE,Combined TRACON& Tower with Radar,11,48,34,8,101,0,7,3,0,10,11,55,37,8,111,34,10,44,155
10/31/2009,FWA,IN,AGL,CE,Combined TRACON& Tower with Radar,4,37,19,2,62,0,4,8,0,12,4,41,27,2,74,0,0,0,74
11/01/2009,FWA,IN,AGL,CE,Combined TRACON& Tower with Radar,2,46,59,0,107,0,9,29,0,38,2,55,88,0,145,17,0,17,162
11/02/2009,FWA,IN,AGL,CE,Combined TRACON& Tower with Radar,2,41,36,0,79,0,2,21,0,23,2,43,57,0,102,2,0,2,104
11/03/2009,FWA,IN,AGL,CE,Combined TRACON& Tower with Radar,8,45,66,0,119,0,5,36,0,41,8,50,102,0,160,8,0,8,168
11/04/2009,FWA,IN,AGL,CE,Combined TRACON& Tower with Radar,13,34,59,1,107,0,2,17,0,19,13,36,76,1,126,12,0,12,138
11/05/2009,FWA,IN,AGL,CE,Combined TRACON& Tower with Radar,9,49,57,0,115,0,9,17,0,26,9,58,74,0,141,4,0,4,145
11/06/2009,FWA,IN,AGL,CE,Combined TRACON& Tower with Radar,10,48,79,0,137,0,6,33,0,39,10,54,112,0,176,30,0,30,206
11/07/2009,FWA,IN,AGL,CE,Combined TRACON& Tower with Radar,6,33,31,0,70,0,4,19,0,23,6,37,50,0,93,14,0,14,107
11/08/2009,FWA,IN,AGL,CE,Combined TRACON& Tower with Radar,2,43,76,0,121,0,3,50,0,53,2,46,126,0,174,6,0,6,180
11/09/2009,FWA,IN,AGL,CE,Combined TRACON& Tower with Radar,2,45,52,1,100,0,3,23,0,26,2,48,75,1,126,28,0,28,154
11/10/2009,FWA,IN,AGL,CE,Combined TRACON& Tower with Radar,8,44,43,0,95,0,0,13,0,13,8,44,56,0,108,0,0,0,108
11/11/2009,FWA,IN,AGL,CE,Combined TRACON& Tower with Radar,10,41,39,2,92,0,3,11,0,14,10,44,50,2,106,4,0,4,110
11/12/2009,FWA,IN,AGL,CE,Combined TRACON& Tower with Radar,9,47,64,0,120,0,8,26,0,34,9,55,90,0,154,52,0,52,206
11/13/2009,FWA,IN,AGL,CE,Combined TRACON& Tower with Radar,9,47,53,2,111,0,3,32,0,35,9,50,85,2,146,18,0,18,164
11/14/2009,FWA,IN,AGL,CE,Combined TRACON& Tower with Radar,7,34,42,3,86,0,4,24,2,30,7,38,66,5,116,16,0,16,132
11/15/2009,FWA,IN,AGL,CE,Combined TRACON& Tower with Radar,2,33,53,6,94,0,0,15,3,18,2,33,68,9,112,5,0,5,117
11/16/2009,FWA,IN,AGL,CE,Combined TRACON& Tower with Radar,2,47,13,3,65,0,2,1,0,3,2,49,14,3,68,0,0,0,68
11/17/2009,FWA,IN,AGL,CE,Combined TRACON& Tower with Radar,10,40,35,0,85,0,1,9,0,10,10,41,44,0,95,0,0,0,95
11/18/2009,FWA,IN,AGL,CE,Combined TRACON& Tower with Radar,9,39,47,6,101,0,1,2,0,3,9,40,49,6,104,0,0,0,104
11/19/2009,FWA,IN,AGL,CE,Combined TRACON& Tower with Radar,10,46,50,7,113,0,2,9,0,11,10,48,59,7,124,0,0,0,124
11/20/2009,FWA,IN,AGL,CE,Combined TRACON& Tower with Radar,8,44,44,0,96,0,0,4,0,4,8,44,48,0,100,0,0,0,100
11/21/2009,FWA,IN,AGL,CE,Combined TRACON& Tower with Radar,4,37,68,0,109,0,5,39,0,44,4,42,107,0,153,88,0,88,241
11/22/2009,FWA,IN,AGL,CE,Combined TRACON& Tower with Radar,2,45,72,0,119,0,4,38,0,42,2,49,110,0,161,44,0,44,205
11/23/2009,FWA,IN,AGL,CE,Combined TRACON& Tower with Radar,0,43,38,6,87,0,0,12,2,14,0,43,50,8,101,2,8,10,111
11/24/2009,FWA,IN,AGL,CE,Combined TRACON& Tower with Radar,9,42,55,2,108,0,3,9,0,12,9,45,64,2,120,4,4,8,128
11/25/2009,FWA,IN,AGL,CE,Combined TRACON& Tower with Radar,11,49,15,4,79,0,2,0,0,2,11,51,15,4,81,0,0,0,81
11/26/2009,FWA,IN,AGL,CE,Combined TRACON& Tower with Radar,2,24,6,0,32,0,1,0,0,1,2,25,6,0,33,0,0,0,33
11/27/2009,FWA,IN,AGL,CE,Combined TRACON& Tower with Radar,2,28,9,0,39,0,4,2,0,6,2,32,11,0,45,0,0,0,45
11/28/2009,FWA,IN,AGL,CE,Combined TRACON& Tower with Radar,6,40,40,0,86,0,0,20,0,20,6,40,60,0,106,4,0,4,110
11/29/2009,FWA,IN,AGL,CE,Combined TRACON& Tower with Radar,5,44,19,0,68,0,2,3,0,5,5,46,22,0,73,0,0,0,73
11/30/2009,FWA,IN,AGL,CE,Combined TRACON& Tower with Radar,3,40,40,4,87,0,3,13,0,16,3,43,53,4,103,2,0,2,105
12/01/2009,FWA,IN,AGL,CE,Combined TRACON& Tower with Radar,4,45,33,5,87,0,2,19,0,21,4,47,52,5,108,7,4,11,119
12/02/2009,FWA,IN,AGL,CE,Combined TRACON& Tower with Radar,13,46,23,10,92,0,3,2,4,9,13,49,25,14,101,12,8,20,121
12/03/2009,FWA,IN,AGL,CE,Combined TRACON& Tower with Radar,14,40,16,8,78,0,1,0,0,1,14,41,16,8,79,0,0,0,79
12/04/2009,FWA,IN,AGL,CE,Combined TRACON& Tower with Radar,11,46,65,11,133,0,1,11,0,12,11,47,76,11,145,0,10,10,155
12/05/2009,FWA,IN,AGL,CE,Combined TRACON& Tower with Radar,4,33,24,9,70,0,5,8,1,14,4,38,32,10,84,4,2,6,90
12/06/2009,FWA,IN,AGL,CE,Combined TRACON& Tower with Radar,4,43,41,0,88,0,4,27,0,31,4,47,68,0,119,0,0,0,119
12/07/2009,FWA,IN,AGL,CE,Combined TRACON& Tower with Radar,4,47,21,0,72,0,1,0,0,1,4,48,21,0,73,0,0,0,73
12/08/2009,FWA,IN,AGL,CE,Combined TRACON& Tower with Radar,10,41,14,8,73,0,1,3,0,4,10,42,17,8,77,0,14,14,91
12/09/2009,FWA,IN,AGL,CE,Combined TRACON& Tower with Radar,11,37,7,0,55,0,0,0,0,0,11,37,7,0,55,0,0,0,55
12/10/2009,FWA,IN,AGL,CE,Combined TRACON& Tower with Radar,13,53,30,9,105,0,4,4,0,8,13,57,34,9,113,0,6,6,119
12/11/2009,FWA,IN,AGL,CE,Combined TRACON& Tower with Radar,12,54,51,8,125,0,1,32,0,33,12,55,83,8,158,4,12,16,174
12/12/2009,FWA,IN,AGL,CE,Combined TRACON& Tower with Radar,5,37,45,0,87,0,3,22,0,25,5,40,67,0,112,12,0,12,124
12/13/2009,FWA,IN,AGL,CE,Combined TRACON& Tower with Radar,1,45,8,0,54,0,4,0,0,4,1,49,8,0,58,0,0,0,58
12/14/2009,FWA,IN,AGL,CE,Combined TRACON& Tower with Radar,2,43,26,5,76,0,0,2,0,2,2,43,28,5,78,0,0,0,78
12/15/2009,FWA,IN,AGL,CE,Combined TRACON& Tower with Radar,12,43,31,5,91,1,1,0,0,2,13,44,31,5,93,0,0,0,93
12/16/2009,FWA,IN,AGL,CE,Combined TRACON& Tower with Radar,8,58,60,5,131,0,8,22,0,30,8,66,82,5,161,19,10,29,190
12/17/2009,FWA,IN,AGL,CE,Combined TRACON& Tower with Radar,10,50,72,9,141,0,5,33,2,40,10,55,105,11,181,22,0,22,203
12/18/2009,FWA,IN,AGL,CE,Combined TRACON& Tower with Radar,10,48,54,4,116,0,6,20,1,27,10,54,74,5,143,8,18,26,169
12/19/2009,FWA,IN,AGL,CE,Combined TRACON& Tower with Radar,4,36,11,0,51,0,0,0,0,0,4,36,11,0,51,0,0,0,51
12/20/2009,FWA,IN,AGL,CE,Combined TRACON& Tower with Radar,6,32,18,0,56,0,1,2,0,3,6,33,20,0,59,0,0,0,59
12/21/2009,FWA,IN,AGL,CE,Combined TRACON& Tower with Radar,0,49,54,13,116,0,9,0,0,9,0,58,54,13,125,0,20,20,145
12/22/2009,FWA,IN,AGL,CE,Combined TRACON& Tower with Radar,13,37,19,0,69,0,2,0,0,2,13,39,19,0,71,0,0,0,71
12/23/2009,FWA,IN,AGL,CE,Combined TRACON& Tower with Radar,13,32,24,3,72,0,0,1,0,1,13,32,25,3,73,0,12,12,85
12/24/2009,FWA,IN,AGL,CE,Combined TRACON& Tower with Radar,11,35,4,0,50,0,3,0,0,3,11,38,4,0,53,0,0,0,53
12/25/2009,FWA,IN,AGL,CE,Combined TRACON& Tower with Radar,3,33,3,0,39,0,4,0,0,4,3,37,3,0,43,0,0,0,43
12/26/2009,FWA,IN,AGL,CE,Combined TRACON& Tower with Radar,4,33,10,0,47,0,4,1,0,5,4,37,11,0,52,0,0,0,52
12/27/2009,FWA,IN,AGL,CE,Combined TRACON& Tower with Radar,4,36,16,0,56,0,0,0,0,0,4,36,16,0,56,0,0,0,56
12/28/2009,FWA,IN,AGL,CE,Combined TRACON& Tower with Radar,1,47,12,0,60,0,3,0,0,3,1,50,12,0,63,0,0,0,63
12/29/2009,FWA,IN,AGL,CE,Combined TRACON& Tower with Radar,9,48,57,0,114,0,6,21,0,27,9,54,78,0,141,8,6,14,155
12/30/2009,FWA,IN,AGL,CE,Combined TRACON& Tower with Radar,9,37,33,0,79,0,4,14,0,18,9,41,47,0,97,4,0,4,101
12/31/2009,FWA,IN,AGL,CE,Combined TRACON& Tower with Radar,10,37,1,0,48,0,2,0,0,2,10,39,1,0,50,0,0,0,50
01/01/2010,FWA,IN,AGL,CE,Combined TRACON& Tower with Radar,2,28,2,0,32,0,1,1,0,2,2,29,3,0,34,0,0,0,34
01/02/2010,FWA,IN,AGL,CE,Combined TRACON& Tower with Radar,4,44,13,0,61,0,8,3,0,11,4,52,16,0,72,0,0,0,72
01/03/2010,FWA,IN,AGL,CE,Combined TRACON& Tower with Radar,3,39,29,1,72,0,4,8,0,12,3,43,37,1,84,0,0,0,84
01/04/2010,FWA,IN,AGL,CE,Combined TRACON& Tower with Radar,6,43,10,0,59,0,7,1,0,8,6,50,11,0,67,0,0,0,67
01/05/2010,FWA,IN,AGL,CE,Combined TRACON& Tower with Radar,8,44,20,0,72,0,0,0,0,0,8,44,20,0,72,0,0,0,72
01/06/2010,FWA,IN,AGL,CE,Combined TRACON& Tower with Radar,10,39,41,5,95,0,0,3,0,3,10,39,44,5,98,0,0,0,98
01/07/2010,FWA,IN,AGL,CE,Combined TRACON& Tower with Radar,9,37,15,0,61,0,0,0,0,0,9,37,15,0,61,0,0,0,61
01/08/2010,FWA,IN,AGL,CE,Combined TRACON& Tower with Radar,11,53,11,6,81,0,9,3,0,12,11,62,14,6,93,2,4,6,99
01/09/2010,FWA,IN,AGL,CE,Combined TRACON& Tower with Radar,7,36,37,10,90,0,4,8,0,12,7,40,45,10,102,23,11,34,136
01/10/2010,FWA,IN,AGL,CE,Combined TRACON& Tower with Radar,4,36,13,11,64,0,3,8,0,11,4,39,21,11,75,2,32,34,109
01/11/2010,FWA,IN,AGL,CE,Combined TRACON& Tower with Radar,2,37,12,0,51,0,1,0,0,1,2,38,12,0,52,0,0,0,52
01/12/2010,FWA,IN,AGL,CE,Combined TRACON& Tower with Radar,8,54,49,14,125,0,4,11,0,15,8,58,60,14,140,66,36,102,242
01/13/2010,FWA,IN,AGL,CE,Combined TRACON& Tower with Radar,8,60,63,7,138,0,17,44,0,61,8,77,107,7,199,46,12,58,257
01/14/2010,FWA,IN,AGL,CE,Combined TRACON& Tower with Radar,11,41,47,10,109,0,2,21,1,24,11,43,68,11,133,16,16,32,165
01/15/2010,FWA,IN,AGL,CE,Combined TRACON& Tower with Radar,10,50,20,0,80,0,0,10,0,10,10,50,30,0,90,4,0,4,94
01/16/2010,FWA,IN,AGL,CE,Combined TRACON& Tower with Radar,4,27,9,0,40,0,1,0,0,1,4,28,9,0,41,0,0,0,41
01/17/2010,FWA,IN,AGL,CE,Combined TRACON& Tower with Radar,2,31,8,0,41,0,0,0,0,0,2,31,8,0,41,0,0,0,41
01/18/2010,FWA,IN,AGL,CE,Combined TRACON& Tower with Radar,4,37,16,0,57,0,0,0,0,0,4,37,16,0,57,0,0,0,57
01/19/2010,FWA,IN,AGL,CE,Combined TRACON& Tower with Radar,8,40,20,3,71,0,0,4,0,4,8,40,24,3,75,0,0,0,75
01/20/2010,FWA,IN,AGL,CE,Combined TRACON& Tower with Radar,10,34,46,10,100,0,9,27,0,36,10,43,73,10,136,0,10,10,146
01/21/2010,FWA,IN,AGL,CE,Combined TRACON& Tower with Radar,9,42,15,0,66,0,0,0,0,0,9,42,15,0,66,0,0,0,66
01/22/2010,FWA,IN,AGL,CE,Combined TRACON& Tower with Radar,10,41,32,1,84,0,0,1,0,1,10,41,33,1,85,0,0,0,85
01/23/2010,FWA,IN,AGL,CE,Combined TRACON& Tower with Radar,4,27,16,0,47,0,1,0,0,1,4,28,16,0,48,0,0,0,48
01/24/2010,FWA,IN,AGL,CE,Combined TRACON& Tower with Radar,2,41,9,0,52,0,4,4,0,8,2,45,13,0,60,0,0,0,60
01/25/2010,FWA,IN,AGL,CE,Combined TRACON& Tower with Radar,3,37,22,8,70,0,2,1,0,3,3,39,23,8,73,0,0,0,73
01/26/2010,FWA,IN,AGL,CE,Combined TRACON& Tower with Radar,8,46,26,5,85,0,4,3,0,7,8,50,29,5,92,0,0,0,92
01/27/2010,FWA,IN,AGL,CE,Combined TRACON& Tower with Radar,9,42,62,4,117,0,10,20,0,30,9,52,82,4,147,6,0,6,153
01/28/2010,FWA,IN,AGL,CE,Combined TRACON& Tower with Radar,11,42,32,5,90,0,1,2,0,3,11,43,34,5,93,0,0,0,93
01/29/2010,FWA,IN,AGL,CE,Combined TRACON& Tower with Radar,12,40,28,5,85,0,0,12,0,12,12,40,40,5,97,2,0,2,99
01/30/2010,FWA,IN,AGL,CE,Combined TRACON& Tower with Radar,3,31,47,0,81,0,2,9,0,11,3,33,56,0,92,6,0,6,98
01/31/2010,FWA,IN,AGL,CE,Combined TRACON& Tower with Radar,2,40,42,0,84,0,3,14,0,17,2,43,56,0,101,30,0,30,131
02/01/2010,FWA,IN,AGL,CE,Combined TRACON& Tower with Radar,2,43,23,0,68,0,4,8,0,12,2,47,31,0,80,10,0,10,90
02/02/2010,FWA,IN,AGL,CE,Combined TRACON& Tower with Radar,10,43,17,2,72,0,5,3,0,8,10,48,20,2,80,4,0,4,84
02/03/2010,FWA,IN,AGL,CE,Combined TRACON& Tower with Radar,8,39,22,5,74,0,1,0,0,1,8,40,22,5,75,12,0,12,87
02/04/2010,FWA,IN,AGL,CE,Combined TRACON& Tower with Radar,11,48,38,3,100,0,2,10,0,12,11,50,48,3,112,18,4,22,134
02/05/2010,FWA,IN,AGL,CE,Combined TRACON& Tower with Radar,9,38,27,0,74,0,3,1,0,4,9,41,28,0,78,6,0,6,84
02/06/2010,FWA,IN,AGL,CE,Combined TRACON& Tower with Radar,4,30,30,0,64,0,1,7,0,8,4,31,37,0,72,0,0,0,72
02/07/2010,FWA,IN,AGL,CE,Combined TRACON& Tower with Radar,2,35,49,0,86,0,1,11,0,12,2,36,60,0,98,15,0,15,113
02/08/2010,FWA,IN,AGL,CE,Combined TRACON& Tower with Radar,2,43,35,0,80,0,4,15,0,19,2,47,50,0,99,0,0,0,99
02/09/2010,FWA,IN,AGL,CE,Combined TRACON& Tower with Radar,11,32,13,0,56,0,0,0,0,0,11,32,13,0,56,0,0,0,56
02/10/2010,FWA,IN,AGL,CE,Combined TRACON& Tower with Radar,8,41,15,0,64,0,2,0,0,2,8,43,15,0,66,0,0,0,66
02/11/2010,FWA,IN,AGL,CE,Combined TRACON& Tower with Radar,12,37,55,0,104,0,5,19,0,24,12,42,74,0,128,4,0,4,132
02/12/2010,FWA,IN,AGL,CE,Combined TRACON& Tower with Radar,11,35,30,1,77,0,2,14,0,16,11,37,44,1,93,2,0,2,95
02/13/2010,FWA,IN,AGL,CE,Combined TRACON& Tower with Radar,6,39,27,0,72,0,7,10,0,17,6,46,37,0,89,22,0,22,111
02/14/2010,FWA,IN,AGL,CE,Combined TRACON& Tower with Radar,2,55,33,0,90,0,15,18,0,33,2,70,51,0,123,19,1,20,143
02/15/2010,FWA,IN,AGL,CE,Combined TRACON& Tower with Radar,2,43,24,0,69,0,5,7,0,12,2,48,31,0,81,0,0,0,81
02/16/2010,FWA,IN,AGL,CE,Combined TRACON& Tower with Radar,12,41,19,0,72,0,0,1,0,1,12,41,20,0,73,0,0,0,73
02/17/2010,FWA,IN,AGL,CE,Combined TRACON& Tower with Radar,8,36,42,0,86,0,0,7,0,7,8,36,49,0,93,0,0,0,93
02/18/2010,FWA,IN,AGL,CE,Combined TRACON& Tower with Radar,9,42,37,10,98,0,0,9,0,9,9,42,46,10,107,2,0,2,109
02/19/2010,FWA,IN,AGL,CE,Combined TRACON& Tower with Radar,12,42,79,10,143,0,1,45,0,46,12,43,124,10,189,84,34,118,307
02/20/2010,FWA,IN,AGL,CE,Combined TRACON& Tower with Radar,6,32,25,6,69,0,2,8,0,10,6,34,33,6,79,36,28,64,143
02/21/2010,FWA,IN,AGL,CE,Combined TRACON& Tower with Radar,2,32,22,12,68,0,3,2,0,5,2,35,24,12,73,0,0,0,73
02/22/2010,FWA,IN,AGL,CE,Combined TRACON& Tower with Radar,1,34,5,1,41,0,0,0,0,0,1,34,5,1,41,0,0,0,41
02/23/2010,FWA,IN,AGL,CE,Combined TRACON& Tower with Radar,10,41,21,10,82,0,4,3,0,7,10,45,24,10,89,0,0,0,89
02/24/2010,FWA,IN,AGL,CE,Combined TRACON& Tower with Radar,8,36,17,5,66,0,0,0,0,0,8,36,17,5,66,0,2,2,68
02/25/2010,FWA,IN,AGL,CE,Combined TRACON& Tower with Radar,10,47,44,30,131,0,0,7,0,7,10,47,51,30,138,18,14,32,170
02/26/2010,FWA,IN,AGL,CE,Combined TRACON& Tower with Radar,10,54,27,14,105,0,9,5,0,14,10,63,32,14,119,44,2,46,165
02/27/2010,FWA,IN,AGL,CE,Combined TRACON& Tower with Radar,5,35,6,0,46,0,3,1,0,4,5,38,7,0,50,18,0,18,68
02/28/2010,FWA,IN,AGL,CE,Combined TRACON& Tower with Radar,2,36,22,0,60,0,1,3,0,4,2,37,25,0,64,2,0,2,66
03/01/2010,FWA,IN,AGL,CE,Combined TRACON& Tower with Radar,2,38,38,0,78,0,5,2,0,7,2,43,40,0,85,0,0,0,85
03/02/2010,FWA,IN,AGL,CE,Combined TRACON& Tower with Radar,10,35,22,8,75,0,1,2,2,5,10,36,24,10,80,0,16,16,96
03/03/2010,FWA,IN,AGL,CE,Combined TRACON& Tower with Radar,10,49,40,9,108,0,4,15,0,19,10,53,55,9,127,24,26,50,177
03/04/2010,FWA,IN,AGL,CE,Combined TRACON& Tower with Radar,10,43,56,9,118,0,3,23,2,28,10,46,79,11,146,14,20,34,180
03/05/2010,FWA,IN,AGL,CE,Combined TRACON& Tower with Radar,9,54,67,0,130,0,7,35,0,42,9,61,102,0,172,46,0,46,218
03/06/2010,FWA,IN,AGL,CE,Combined TRACON& Tower with Radar,6,38,62,0,106,0,5,24,0,29,6,43,86,0,135,44,0,44,179
03/07/2010,FWA,IN,AGL,CE,Combined TRACON& Tower with Radar,0,40,54,0,94,0,5,36,0,41,0,45,90,0,135,50,0,50,185
03/08/2010,FWA,IN,AGL,CE,Combined TRACON& Tower with Radar,4,41,24,4,73,0,3,7,0,10,4,44,31,4,83,6,0,6,89
03/09/2010,FWA,IN,AGL,CE,Combined TRACON& Tower with Radar,12,53,44,0,109,0,4,12,0,16,12,57,56,0,125,16,0,16,141
03/10/2010,FWA,IN,AGL,CE,Combined TRACON& Tower with Radar,11,42,44,0,97,0,7,15,0,22,11,49,59,0,119,0,0,0,119
03/11/2010,FWA,IN,AGL,CE,Combined TRACON& Tower with Radar,8,46,43,10,107,0,2,10,0,12,8,48,53,10,119,10,2,12,131
03/12/2010,FWA,IN,AGL,CE,Combined TRACON& Tower with Radar,12,44,16,0,72,0,0,3,0,3,12,44,19,0,75,0,0,0,75
03/13/2010,FWA,IN,AGL,CE,Combined TRACON& Tower with Radar,8,33,13,0,54,0,2,0,0,2,8,35,13,0,56,0,0,0,56
03/14/2010,FWA,IN,AGL,CE,Combined TRACON& Tower with Radar,1,39,10,7,57,0,4,2,0,6,1,43,12,7,63,0,4,4,67
03/15/2010,FWA,IN,AGL,CE,Combined TRACON& Tower with Radar,4,41,56,0,101,0,4,8,0,12,4,45,64,0,113,29,16,45,158
03/16/2010,FWA,IN,AGL,CE,Combined TRACON& Tower with Radar,10,38,54,7,109,0,1,29,0,30,10,39,83,7,139,10,0,10,149
03/17/2010,FWA,IN,AGL,CE,Combined TRACON& Tower with Radar,10,41,107,9,167,0,2,68,0,70,10,43,175,9,237,74,4,78,315
03/18/2010,FWA,IN,AGL,CE,Combined TRACON& Tower with Radar,14,39,60,1,114,0,0,34,0,34,14,39,94,1,148,0,0,0,148
03/19/2010,FWA,IN,AGL,CE,Combined TRACON& Tower with Radar,10,38,46,3,97,0,0,24,0,24,10,38,70,3,121,20,20,40,161
03/20/2010,FWA,IN,AGL,CE,Combined TRACON& Tower with Radar,6,32,30,3,71,0,4,13,3,20,6,36,43,6,91,2,0,2,93
03/21/2010,FWA,IN,AGL,CE,Combined TRACON& Tower with Radar,4,40,24,0,68,0,7,6,0,13,4,47,30,0,81,6,0,6,87
03/22/2010,FWA,IN,AGL,CE,Combined TRACON& Tower with Radar,5,39,27,3,74,0,2,4,0,6,5,41,31,3,80,10,0,10,90
03/23/2010,FWA,IN,AGL,CE,Combined TRACON& Tower with Radar,11,39,56,9,115,0,4,20,0,24,11,43,76,9,139,0,8,8,147
03/24/2010,FWA,IN,AGL,CE,Combined TRACON& Tower with Radar,10,45,43,8,106,0,7,22,1,30,10,52,65,9,136,30,0,30,166
03/25/2010,FWA,IN,AGL,CE,Combined TRACON& Tower with Radar,14,37,45,4,100,0,1,10,0,11,14,38,55,4,111,0,0,0,111
03/26/2010,FWA,IN,AGL,CE,Combined TRACON& Tower with Radar,11,52,33,1,97,0,10,16,0,26,11,62,49,1,123,0,1,1,124
03/27/2010,FWA,IN,AGL,CE,Combined TRACON& Tower with Radar,10,30,51,1,92,0,3,36,0,39,10,33,87,1,131,26,0,26,157
03/28/2010,FWA,IN,AGL,CE,Combined TRACON& Tower with Radar,10,36,11,0,57,0,3,2,0,5,10,39,13,0,62,8,0,8,70
03/29/2010,FWA,IN,AGL,CE,Combined TRACON& Tower with Radar,4,45,23,0,72,0,8,7,0,15,4,53,30,0,87,14,0,14,101
03/30/2010,FWA,IN,AGL,CE,Combined TRACON& Tower with Radar,12,43,67,0,122,0,5,37,0,42,12,48,104,0,164,50,0,50,214
03/31/2010,FWA,IN,AGL,CE,Combined TRACON& Tower with Radar,10,51,53,8,122,0,9,36,0,45,10,60,89,8,167,49,12,61,228
04/01/2010,FWA,IN,AGL,CE,Combined TRACON& Tower with Radar,15,43,49,5,112,0,3,23,1,27,15,46,72,6,139,10,14,24,163
04/02/2010,FWA,IN,AGL,CE,Combined TRACON& Tower with Radar,10,39,40,0,89,0,4,25,0,29,10,43,65,0,118,10,0,10,128
04/03/2010,FWA,IN,AGL,CE,Combined TRACON& Tower with Radar,7,36,17,0,60,0,3,10,0,13,7,39,27,0,73,0,0,0,73
04/04/2010,FWA,IN,AGL,CE,Combined TRACON& Tower with Radar,7,37,26,0,70,0,4,16,0,20,7,41,42,0,90,0,0,0,90
04/05/2010,FWA,IN,AGL,CE,Combined TRACON& Tower with Radar,4,47,18,4,73,0,3,12,0,15,4,50,30,4,88,82,12,94,182
04/06/2010,FWA,IN,AGL,CE,Combined TRACON& Tower with Radar,12,53,13,4,82,0,2,4,0,6,12,55,17,4,88,4,4,8,96
04/07/2010,FWA,IN,AGL,CE,Combined TRACON& Tower with Radar,10,42,31,3,86,0,2,6,0,8,10,44,37,3,94,0,4,4,98
04/08/2010,FWA,IN,AGL,CE,Combined TRACON& Tower with Radar,13,39,26,11,89,0,0,5,0,5,13,39,31,11,94,0,6,6,100
04/09/2010,FWA,IN,AGL,CE,Combined TRACON& Tower with Radar,12,66,44,1,123,0,10,19,0,29,12,76,63,1,152,0,2,2,154
04/10/2010,FWA,IN,AGL,CE,Combined TRACON& Tower with Radar,8,37,32,0,77,0,4,22,0,26,8,41,54,0,103,24,0,24,127
04/11/2010,FWA,IN,AGL,CE,Combined TRACON& Tower with Radar,4,53,65,0,122,0,10,41,0,51,4,63,106,0,173,24,0,24,197
04/12/2010,FWA,IN,AGL,CE,Combined TRACON& Tower with Radar,3,40,57,0,100,0,1,21,0,22,3,41,78,0,122,14,0,14,136
04/13/2010,FWA,IN,AGL,CE,Combined TRACON& Tower with Radar,7,55,52,0,114,0,8,15,0,23,7,63,67,0,137,26,6,32,169
04/14/2010,FWA,IN,AGL,CE,Combined TRACON& Tower with Radar,10,49,72,2,133,0,7,31,0,38,10,56,103,2,171,24,2,26,197
04/15/2010,FWA,IN,AGL,CE,Combined TRACON& Tower with Radar,10,51,40,8,109,0,0,26,0,26,10,51,66,8,135,35,2,37,172
04/16/2010,FWA,IN,AGL,CE,Combined TRACON& Tower with Radar,9,49,39,8,105,0,5,14,0,19,9,54,53,8,124,22,0,22,146
04/17/2010,FWA,IN,AGL,CE,Combined TRACON& Tower with Radar,6,33,27,4,70,0,1,10,0,11,6,34,37,4,81,12,20,32,113
04/18/2010,FWA,IN,AGL,CE,Combined TRACON& Tower with Radar,3,41,67,4,115,0,4,37,0,41,3,45,104,4,156,40,0,40,196
04/19/2010,FWA,IN,AGL,CE,Combined TRACON& Tower with Radar,2,48,38,1,89,0,6,17,0,23,2,54,55,1,112,22,0,22,134
04/20/2010,FWA,IN,AGL,CE,Combined TRACON& Tower with Radar,12,42,55,6,115,0,0,23,0,23,12,42,78,6,138,12,6,18,156
04/21/2010,FWA,IN,AGL,CE,Combined TRACON& Tower with Radar,8,44,62,7,121,0,1,29,1,31,8,45,91,8,152,50,5,55,207
04/22/2010,FWA,IN,AGL,CE,Combined TRACON& Tower with Radar,9,48,52,6,115,0,3,27,1,31,9,51,79,7,146,17,6,23,169
04/23/2010,FWA,IN,AGL,CE,Combined TRACON& Tower with Radar,12,46,41,4,103,0,0,18,2,20,12,46,59,6,123,0,0,0,123
04/24/2010,FWA,IN,AGL,CE,Combined TRACON& Tower with Radar,4,36,18,0,58,0,3,2,0,5,4,39,20,0,63,2,0,2,65
04/25/2010,FWA,IN,AGL,CE,Combined TRACON& Tower with Radar,1,41,29,0,71,0,3,2,0,5,1,44,31,0,76,18,0,18,94
04/26/2010,FWA,IN,AGL,CE,Combined TRACON& Tower with Radar,4,49,48,5,106,0,6,15,0,21,4,55,63,5,127,0,10,10,137
04/27/2010,FWA,IN,AGL,CE,Combined TRACON& Tower with Radar,11,45,60,4,120,0,5,18,0,23,11,50,78,4,143,36,8,44,187
04/28/2010,FWA,IN,AGL,CE,Combined TRACON& Tower with Radar,10,45,77,4,136,0,5,41,0,46,10,50,118,4,182,18,2,20,202
04/29/2010,FWA,IN,AGL,CE,Combined TRACON& Tower with Radar,6,41,61,10,118,0,4,25,3,32,6,45,86,13,150,26,1,27,177
04/30/2010,FWA,IN,AGL,CE,Combined TRACON& Tower with Radar,14,60,29,0,103,0,11,6,0,17,14,71,35,0,120,6,0,6,126
05/01/2010,FWA,IN,AGL,CE,Combined TRACON& Tower with Radar,2,27,15,0,44,0,2,2,0,4,2,29,17,0,48,0,0,0,48
05/02/2010,FWA,IN,AGL,CE,Combined TRACON& Tower with Radar,0,38,29,0,67,0,0,2,0,2,0,38,31,0,69,0,0,0,69
05/03/2010,FWA,IN,AGL,CE,Combined TRACON& Tower with Radar,10,38,19,3,70,0,1,19,1,21,10,39,38,4,91,0,0,0,91
05/04/2010,FWA,IN,AGL,CE,Combined TRACON& Tower with Radar,10,37,28,6,81,0,11,33,0,44,10,48,61,6,125,75,12,87,212
05/05/2010,FWA,IN,AGL,CE,Combined TRACON& Tower with Radar,12,43,23,3,81,0,3,14,1,18,12,46,37,4,99,14,4,18,117
05/06/2010,FWA,IN,AGL,CE,Combined TRACON& Tower with Radar,12,44,32,6,94,0,2,27,0,29,12,46,59,6,123,2,0,2,125
05/07/2010,FWA,IN,AGL,CE,Combined TRACON& Tower with Radar,14,40,25,0,79,0,10,8,0,18,14,50,33,0,97,2,0,2,99
05/08/2010,FWA,IN,AGL,CE,Combined TRACON& Tower with Radar,2,29,7,0,38,0,3,3,0,6,2,32,10,0,44,0,0,0,44
05/09/2010,FWA,IN,AGL,CE,Combined TRACON& Tower with Radar,0,35,20,0,55,0,7,28,0,35,0,42,48,0,90,10,0,10,100
05/10/2010,FWA,IN,AGL,CE,Combined TRACON& Tower with Radar,14,37,28,4,83,0,9,28,0,37,14,46,56,4,120,28,16,44,164
05/11/2010,FWA,IN,AGL,CE,Combined TRACON& Tower with Radar,8,38,31,0,77,0,3,4,0,7,8,41,35,0,84,0,0,0,84
05/12/2010,FWA,IN,AGL,CE,Combined TRACON& Tower with Radar,10,43,33,0,86,0,5,0,0,5,10,48,33,0,91,6,0,6,97
05/13/2010,FWA,IN,AGL,CE,Combined TRACON& Tower with Radar,9,48,25,0,82,0,11,2,0,13,9,59,27,0,95,0,0,0,95
05/14/2010,FWA,IN,AGL,CE,Combined TRACON& Tower with Radar,36,38,33,4,111,0,7,34,4,45,36,45,67,8,156,28,0,28,184
05/15/2010,FWA,IN,AGL,CE,Combined TRACON& Tower with Radar,2,30,23,10,65,0,1,30,0,31,2,31,53,10,96,70,0,70,166
05/16/2010,FWA,IN,AGL,CE,Combined TRACON& Tower with Radar,0,37,21,0,58,0,1,20,0,21,0,38,41,0,79,8,0,8,87
05/17/2010,FWA,IN,AGL,CE,Combined TRACON& Tower with Radar,12,39,15,0,66,0,3,2,0,5,12,42,17,0,71,0,0,0,71
05/18/2010,FWA,IN,AGL,CE,Combined TRACON& Tower with Radar,10,40,47,0,97,0,1,1,0,2,10,41,48,0,99,0,0,0,99
05/19/2010,FWA,IN,AGL,CE,Combined TRACON& Tower with Radar,10,40,46,4,100,0,11,28,3,42,10,51,74,7,142,40,12,52,194
05/20/2010,FWA,IN,AGL,CE,Combined TRACON& Tower with Radar,8,44,31,5,88,0,1,27,0,28,8,45,58,5,116,22,34,56,172
05/21/2010,FWA,IN,AGL,CE,Combined TRACON& Tower with Radar,12,45,28,4,89,0,5,4,2,11,12,50,32,6,100,0,0,0,100
05/22/2010,FWA,IN,AGL,CE,Combined TRACON& Tower with Radar,2,33,13,5,53,0,17,4,0,21,2,50,17,5,74,8,32,40,114
05/23/2010,FWA,IN,AGL,CE,Combined TRACON& Tower with Radar,2,35,15,2,54,0,0,17,2,19,2,35,32,4,73,0,0,0,73
05/24/2010,FWA,IN,AGL,CE,Combined TRACON& Tower with Radar,9,40,19,0,68,0,4,2,0,6,9,44,21,0,74,6,0,6,80
05/25/2010,FWA,IN,AGL,CE,Combined TRACON& Tower with Radar,10,39,29,1,79,0,9,29,0,38,10,48,58,1,117,22,0,22,139
05/26/2010,FWA,IN,AGL,CE,Combined TRACON& Tower with Radar,12,43,45,2,102,0,2,19,0,21,12,45,64,2,123,2,0,2,125
05/27/2010,FWA,IN,AGL,CE,Combined TRACON& Tower with Radar,10,48,29,13,100,0,2,15,1,18,10,50,44,14,118,0,22,22,140
05/28/2010,FWA,IN,AGL,CE,Combined TRACON& Tower with Radar,25,45,28,12,110,1,4,27,2,34,26,49,55,14,144,36,28,64,208
05/29/2010,FWA,IN,AGL,CE,Combined TRACON& Tower with Radar,2,29,11,0,42,0,8,22,0,30,2,37,33,0,72,16,0,16,88
05/30/2010,FWA,IN,AGL,CE,Combined TRACON& Tower with Radar,0,28,6,0,34,0,4,14,0,18,0,32,20,0,52,0,0,0,52
05/31/2010,FWA,IN,AGL,CE,Combined TRACON& Tower with Radar,7,32,7,0,46,0,5,5,0,10,7,37,12,0,56,0,0,0,56
06/01/2010,FWA,IN,AGL,CE,Combined TRACON& Tower with Radar,8,44,34,0,86,0,2,28,0,30,8,46,62,0,116,18,0,18,134
06/02/2010,FWA,IN,AGL,CE,Combined TRACON& Tower with Radar,10,44,34,0,88,0,4,13,0,17,10,48,47,0,105,18,0,18,123
06/03/2010,FWA,IN,AGL,CE,Combined TRACON& Tower with Radar,10,37,29,7,83,0,1,9,0,10,10,38,38,7,93,2,0,2,95
06/04/2010,FWA,IN,AGL,CE,Combined TRACON& Tower with Radar,13,42,32,3,90,0,5,29,1,35,13,47,61,4,125,0,0,0,125
06/05/2010,FWA,IN,AGL,CE,Combined TRACON& Tower with Radar,2,28,21,0,51,0,12,3,0,15,2,40,24,0,66,6,0,6,72
06/06/2010,FWA,IN,AGL,CE,Combined TRACON& Tower with Radar,18,32,18,5,73,0,6,16,0,22,18,38,34,5,95,19,0,19,114
06/07/2010,FWA,IN,AGL,CE,Combined TRACON& Tower with Radar,10,47,21,0,78,0,0,26,0,26,10,47,47,0,104,40,0,40,144
06/08/2010,FWA,IN,AGL,CE,Combined TRACON& Tower with Radar,8,46,14,0,68,0,4,9,0,13,8,50,23,0,81,6,0,6,87
06/09/2010,FWA,IN,AGL,CE,Combined TRACON& Tower with Radar,10,45,39,0,94,0,4,21,0,25,10,49,60,0,119,22,0,22,141
06/10/2010,FWA,IN,AGL,CE,Combined TRACON& Tower with Radar,10,51,30,6,97,0,1,55,0,56,10,52,85,6,153,28,0,28,181
06/11/2010,FWA,IN,AGL,CE,Combined TRACON& Tower with Radar,10,46,17,0,73,0,4,12,0,16,10,50,29,0,89,0,0,0,89
06/12/2010,FWA,IN,AGL,CE,Combined TRACON& Tower with Radar,8,33,22,1,64,0,11,1,0,12,8,44,23,1,76,0,0,0,76
06/13/2010,FWA,IN,AGL,CE,Combined TRACON& Tower with Radar,2,43,27,0,72,0,4,2,0,6,2,47,29,0,78,2,0,2,80
06/14/2010,FWA,IN,AGL,CE,Combined TRACON& Tower with Radar,8,43,22,0,73,0,0,4,0,4,8,43,26,0,77,0,0,0,77
06/15/2010,FWA,IN,AGL,CE,Combined TRACON& Tower with Radar,8,41,35,1,85,0,3,7,0,10,8,44,42,1,95,0,0,0,95
06/16/2010,FWA,IN,AGL,CE,Combined TRACON& Tower with Radar,12,41,33,0,86,0,5,21,0,26,12,46,54,0,112,2,0,2,114
06/17/2010,FWA,IN,AGL,CE,Combined TRACON& Tower with Radar,13,40,30,5,88,0,5,28,0,33,13,45,58,5,121,90,6,96,217
06/18/2010,FWA,IN,AGL,CE,Combined TRACON& Tower with Radar,11,45,29,5,90,0,7,21,0,28,11,52,50,5,118,12,0,12,130
06/19/2010,FWA,IN,AGL,CE,Combined TRACON& Tower with Radar,4,31,21,0,56,0,7,21,0,28,4,38,42,0,84,2,0,2,86
06/20/2010,FWA,IN,AGL,CE,Combined TRACON& Tower with Radar,2,43,13,0,58,0,4,22,0,26,2,47,35,0,84,2,0,2,86
06/21/2010,FWA,IN,AGL,CE,Combined TRACON& Tower with Radar,10,41,21,2,74,0,10,15,0,25,10,51,36,2,99,22,0,22,121
06/22/2010,FWA,IN,AGL,CE,Combined TRACON& Tower with Radar,8,40,23,5,76,0,11,14,1,26,8,51,37,6,102,8,0,8,110
06/23/2010,FWA,IN,AGL,CE,Combined TRACON& Tower with Radar,15,48,43,0,106,0,7,8,0,15,15,55,51,0,121,10,0,10,131
06/24/2010,FWA,IN,AGL,CE,Combined TRACON& Tower with Radar,13,40,39,3,95,0,6,26,0,32,13,46,65,3,127,2,28,30,157
06/25/2010,FWA,IN,AGL,CE,Combined TRACON& Tower with Radar,12,49,25,0,86,0,6,43,0,49,12,55,68,0,135,4,0,4,139
06/26/2010,FWA,IN,AGL,CE,Combined TRACON& Tower with Radar,4,37,13,0,54,0,13,8,1,22,4,50,21,1,76,0,0,0,76
06/27/2010,FWA,IN,AGL,CE,Combined TRACON& Tower with Radar,8,33,21,0,62,0,8,5,0,13,8,41,26,0,75,0,0,0,75
06/28/2010,FWA,IN,AGL,CE,Combined TRACON& Tower with Radar,14,38,18,0,70,0,8,7,2,17,14,46,25,2,87,0,0,0,87
06/29/2010,FWA,IN,AGL,CE,Combined TRACON& Tower with Radar,8,46,20,2,76,0,0,34,0,34,8,46,54,2,110,0,0,0,110
06/30/2010,FWA,IN,AGL,CE,Combined TRACON& Tower with Radar,13,43,33,3,92,0,3,13,2,18,13,46,46,5,110,2,24,26,136
07/01/2010,FWA,IN,AGL,CE,Combined TRACON& Tower with Radar,19,46,18,0,83,0,4,22,0,26,19,50,40,0,109,8,0,8,117
07/02/2010,FWA,IN,AGL,CE,Combined TRACON& Tower with Radar,15,41,22,0,78,0,3,29,0,32,15,44,51,0,110,16,0,16,126
07/03/2010,FWA,IN,AGL,CE,Combined TRACON& Tower with Radar,4,32,11,0,47,0,10,21,0,31,4,42,32,0,78,2,0,2,80
07/04/2010,FWA,IN,AGL,CE,Combined TRACON& Tower with Radar,2,32,8,0,42,0,8,3,0,11,2,40,11,0,53,2,0,2,55
07/05/2010,FWA,IN,AGL,CE,Combined TRACON& Tower with Radar,4,37,22,0,63,0,5,15,0,20,4,42,37,0,83,22,2,24,107
07/06/2010,FWA,IN,AGL,CE,Combined TRACON& Tower with Radar,8,40,34,4,86,0,8,34,0,42,8,48,68,4,128,0,0,0,128
07/07/2010,FWA,IN,AGL,CE,Combined TRACON& Tower with Radar,10,45,21,0,76,0,2,24,0,26,10,47,45,0,102,4,0,4,106
07/08/2010,FWA,IN,AGL,CE,Combined TRACON& Tower with Radar,10,43,27,2,82,0,2,14,0,16,10,45,41,2,98,0,0,0,98
07/09/2010,FWA,IN,AGL,CE,Combined TRACON& Tower with Radar,13,44,31,3,91,0,0,5,0,5,13,44,36,3,96,0,0,0,96
07/10/2010,FWA,IN,AGL,CE,Combined TRACON& Tower with Radar,3,39,14,0,56,0,4,32,0,36,3,43,46,0,92,8,0,8,100
07/11/2010,FWA,IN,AGL,CE,Combined TRACON& Tower with Radar,2,40,24,2,68,0,2,30,0,32,2,42,54,2,100,4,0,4,104
07/12/2010,FWA,IN,AGL,CE,Combined TRACON& Tower with Radar,8,47,18,0,73,0,2,9,0,11,8,49,27,0,84,36,0,36,120
07/13/2010,FWA,IN,AGL,CE,Combined TRACON& Tower with Radar,8,43,27,0,78,0,6,19,0,25,8,49,46,0,103,16,0,16,119
07/14/2010,FWA,IN,AGL,CE,Combined TRACON& Tower with Radar,11,51,31,3,96,0,0,25,0,25,11,51,56,3,121,16,0,16,137
07/15/2010,FWA,IN,AGL,CE,Combined TRACON& Tower with Radar,12,44,28,7,91,0,2,12,1,15,12,46,40,8,106,0,0,0,106
07/16/2010,FWA,IN,AGL,CE,Combined TRACON& Tower with Radar,8,40,23,3,74,0,6,13,0,19,8,46,36,3,93,2,0,2,95
07/17/2010,FWA,IN,AGL,CE,Combined TRACON& Tower with Radar,6,30,9,2,47,0,6,9,0,15,6,36,18,2,62,0,0,0,62
07/18/2010,FWA,IN,AGL,CE,Combined TRACON& Tower with Radar,2,42,10,1,55,0,6,7,0,13,2,48,17,1,68,0,0,0,68
07/19/2010,FWA,IN,AGL,CE,Combined TRACON& Tower with Radar,8,41,31,0,80,0,4,11,0,15,8,45,42,0,95,0,0,0,95
07/20/2010,FWA,IN,AGL,CE,Combined TRACON& Tower with Radar,7,44,26,5,82,0,4,12,1,17,7,48,38,6,99,18,18,36,135
07/21/2010,FWA,IN,AGL,CE,Combined TRACON& Tower with Radar,16,47,43,0,106,0,1,17,0,18,16,48,60,0,124,18,0,18,142
07/22/2010,FWA,IN,AGL,CE,Combined TRACON& Tower with Radar,13,42,35,0,90,0,0,7,1,8,13,42,42,1,98,4,0,4,102
07/23/2010,FWA,IN,AGL,CE,Combined TRACON& Tower with Radar,13,59,35,2,109,0,1,29,0,30,13,60,64,2,139,2,2,4,143
07/24/2010,FWA,IN,AGL,CE,Combined TRACON& Tower with Radar,6,33,6,2,47,0,9,7,0,16,6,42,13,2,63,0,0,0,63
07/25/2010,FWA,IN,AGL,CE,Combined TRACON& Tower with Radar,2,35,15,0,52,0,6,10,0,16,2,41,25,0,68,0,0,0,68
07/26/2010,FWA,IN,AGL,CE,Combined TRACON& Tower with Radar,8,40,30,0,78,0,8,27,0,35,8,48,57,0,113,0,0,0,113
07/27/2010,FWA,IN,AGL,CE,Combined TRACON& Tower with Radar,9,42,45,0,96,0,2,34,0,36,9,44,79,0,132,20,0,20,152
07/28/2010,FWA,IN,AGL,CE,Combined TRACON& Tower with Radar,10,39,39,0,88,0,3,16,0,19,10,42,55,0,107,2,0,2,109
07/29/2010,FWA,IN,AGL,CE,Combined TRACON& Tower with Radar,15,44,36,2,97,0,5,49,13,67,15,49,85,15,164,40,6,46,210
07/30/2010,FWA,IN,AGL,CE,Combined TRACON& Tower with Radar,10,45,28,2,85,0,8,15,0,23,10,53,43,2,108,4,0,4,112
07/31/2010,FWA,IN,AGL,CE,Combined TRACON& Tower with Radar,2,31,6,0,39,0,6,15,0,21,2,37,21,0,60,0,0,0,60
08/01/2010,FWA,IN,AGL,CE,Combined TRACON& Tower with Radar,2,45,22,0,69,0,2,19,0,21,2,47,41,0,90,16,0,16,106
08/02/2010,FWA,IN,AGL,CE,Combined TRACON& Tower with Radar,9,38,24,0,71,0,7,20,0,27,9,45,44,0,98,14,0,14,112
08/03/2010,FWA,IN,AGL,CE,Combined TRACON& Tower with Radar,11,39,36,0,86,0,3,2,2,7,11,42,38,2,93,10,0,10,103
08/04/2010,FWA,IN,AGL,CE,Combined TRACON& Tower with Radar,16,49,23,0,88,0,17,6,0,23,16,66,29,0,111,0,0,0,111
08/05/2010,FWA,IN,AGL,CE,Combined TRACON& Tower with Radar,10,39,28,0,77,0,0,14,0,14,10,39,42,0,91,0,0,0,91
08/06/2010,FWA,IN,AGL,CE,Combined TRACON& Tower with Radar,18,45,35,1,99,0,11,29,0,40,18,56,64,1,139,30,0,30,169
08/07/2010,FWA,IN,AGL,CE,Combined TRACON& Tower with Radar,4,30,13,2,49,0,6,30,0,36,4,36,43,2,85,12,0,12,97
08/08/2010,FWA,IN,AGL,CE,Combined TRACON& Tower with Radar,2,39,24,3,68,0,1,20,0,21,2,40,44,3,89,10,0,10,99
08/09/2010,FWA,IN,AGL,CE,Combined TRACON& Tower with Radar,8,48,18,0,74,0,3,10,1,14,8,51,28,1,88,0,0,0,88
08/10/2010,FWA,IN,AGL,CE,Combined TRACON& Tower with Radar,8,39,44,0,91,0,2,29,0,31,8,41,73,0,122,32,0,32,154
08/11/2010,FWA,IN,AGL,CE,Combined TRACON& Tower with Radar,12,39,34,0,85,0,1,10,0,11,12,40,44,0,96,0,0,0,96
08/12/2010,FWA,IN,AGL,CE,Combined TRACON& Tower with Radar,10,46,15,3,74,0,2,36,1,39,10,48,51,4,113,6,2,8,121
08/13/2010,FWA,IN,AGL,CE,Combined TRACON& Tower with Radar,26,51,26,2,105,0,3,15,0,18,26,54,41,2,123,54,0,54,177
08/14/2010,FWA,IN,AGL,CE,Combined TRACON& Tower with Radar,4,32,9,0,45,0,8,11,0,19,4,40,20,0,64,0,0,0,64
08/15/2010,FWA,IN,AGL,CE,Combined TRACON& Tower with Radar,2,44,7,0,53,0,0,0,0,0,2,44,7,0,53,0,0,0,53
08/16/2010,FWA,IN,AGL,CE,Combined TRACON& Tower with Radar,10,36,24,0,70,0,3,22,0,25,10,39,46,0,95,13,0,13,108
08/17/2010,FWA,IN,AGL,CE,Combined TRACON& Tower with Radar,8,42,32,2,84,0,3,28,0,31,8,45,60,2,115,2,2,4,119
08/18/2010,FWA,IN,AGL,CE,Combined TRACON& Tower with Radar,8,44,29,5,86,0,6,26,2,34,8,50,55,7,120,12,14,26,146
08/19/2010,FWA,IN,AGL,CE,Combined TRACON& Tower with Radar,10,41,24,3,78,0,2,23,3,28,10,43,47,6,106,0,0,0,106
08/20/2010,FWA,IN,AGL,CE,Combined TRACON& Tower with Radar,10,43,23,0,76,0,3,25,0,28,10,46,48,0,104,10,0,10,114
08/21/2010,FWA,IN,AGL,CE,Combined TRACON& Tower with Radar,2,32,11,1,46,0,2,2,1,5,2,34,13,2,51,0,0,0,51
08/22/2010,FWA,IN,AGL,CE,Combined TRACON& Tower with Radar,2,40,20,0,62,0,6,15,0,21,2,46,35,0,83,22,0,22,105
08/23/2010,FWA,IN,AGL,CE,Combined TRACON& Tower with Radar,10,42,37,0,89,0,0,9,0,9,10,42,46,0,98,0,0,0,98
08/24/2010,FWA,IN,AGL,CE,Combined TRACON& Tower with Radar,8,40,58,7,113,0,7,26,0,33,8,47,84,7,146,24,0,24,170
08/25/2010,FWA,IN,AGL,CE,Combined TRACON& Tower with Radar,10,48,29,1,88,0,2,17,1,20,10,50,46,2,108,0,0,0,108
08/26/2010,FWA,IN,AGL,CE,Combined TRACON& Tower with Radar,10,42,41,0,93,0,1,37,0,38,10,43,78,0,131,28,0,28,159
08/27/2010,FWA,IN,AGL,CE,Combined TRACON& Tower with Radar,10,41,24,0,75,0,2,35,0,37,10,43,59,0,112,34,0,34,146
08/28/2010,FWA,IN,AGL,CE,Combined TRACON& Tower with Radar,2,31,25,0,58,0,0,15,0,15,2,31,40,0,73,0,0,0,73
08/29/2010,FWA,IN,AGL,CE,Combined TRACON& Tower with Radar,4,36,26,0,66,0,6,41,0,47,4,42,67,0,113,0,0,0,113
08/30/2010,FWA,IN,AGL,CE,Combined TRACON& Tower with Radar,10,43,25,1,79,0,6,17,0,23,10,49,42,1,102,50,0,50,152
08/31/2010,FWA,IN,AGL,CE,Combined TRACON& Tower with Radar,8,43,27,0,78,0,0,29,0,29,8,43,56,0,107,56,0,56,163
09/01/2010,FWA,IN,AGL,CE,Combined TRACON& Tower with Radar,8,46,15,0,69,0,3,6,0,9,8,49,21,0,78,0,0,0,78
09/02/2010,FWA,IN,AGL,CE,Combined TRACON& Tower with Radar,12,44,37,0,93,0,2,6,0,8,12,46,43,0,101,0,0,0,101
09/03/2010,FWA,IN,AGL,CE,Combined TRACON& Tower with Radar,12,41,27,0,80,0,0,7,0,7,12,41,34,0,87,0,0,0,87
09/04/2010,FWA,IN,AGL,CE,Combined TRACON& Tower with Radar,2,31,12,0,45,0,2,15,0,17,2,33,27,0,62,0,0,0,62
09/05/2010,FWA,IN,AGL,CE,Combined TRACON& Tower with Radar,2,28,13,0,43,0,5,26,0,31,2,33,39,0,74,2,0,2,76
09/06/2010,FWA,IN,AGL,CE,Combined TRACON& Tower with Radar,4,36,19,0,59,0,2,16,0,18,4,38,35,0,77,0,0,0,77
09/07/2010,FWA,IN,AGL,CE,Combined TRACON& Tower with Radar,6,40,31,2,79,0,7,19,4,30,6,47,50,6,109,16,16,32,141
09/08/2010,FWA,IN,AGL,CE,Combined TRACON& Tower with Radar,8,39,38,10,95,0,3,17,0,20,8,42,55,10,115,44,12,56,171
09/09/2010,FWA,IN,AGL,CE,Combined TRACON& Tower with Radar,9,37,23,0,69,0,3,30,0,33,9,40,53,0,102,0,0,0,102
09/10/2010,FWA,IN,AGL,CE,Combined TRACON& Tower with Radar,17,41,16,6,80,14,1,16,3,34,31,42,32,9,114,26,4,30,144
09/11/2010,FWA,IN,AGL,CE,Combined TRACON& Tower with Radar,2,27,17,9,55,0,1,5,1,7,2,28,22,10,62,4,24,28,90
09/12/2010,FWA,IN,AGL,CE,Combined TRACON& Tower with Radar,2,33,30,2,67,0,9,17,4,30,2,42,47,6,97,0,28,28,125
09/13/2010,FWA,IN,AGL,CE,Combined TRACON& Tower with Radar,8,38,29,1,76,0,0,16,1,17,8,38,45,2,93,8,0,8,101
09/14/2010,FWA,IN,AGL,CE,Combined TRACON& Tower with Radar,8,38,27,1,74,0,3,20,0,23,8,41,47,1,97,4,0,4,101
09/15/2010,FWA,IN,AGL,CE,Combined TRACON& Tower with Radar,8,42,36,0,86,0,3,30,0,33,8,45,66,0,119,10,0,10,129
09/16/2010,FWA,IN,AGL,CE,Combined TRACON& Tower with Radar,10,47,27,3,87,0,4,3,0,7,10,51,30,3,94,0,2,2,96
09/17/2010,FWA,IN,AGL,CE,Combined TRACON& Tower with Radar,10,45,22,0,77,0,4,26,4,34,10,49,48,4,111,10,10,20,131
09/18/2010,FWA,IN,AGL,CE,Combined TRACON& Tower with Radar,2,31,21,0,54,0,9,23,0,32,2,40,44,0,86,8,0,8,94
09/19/2010,FWA,IN,AGL,CE,Combined TRACON& Tower with Radar,2,33,36,0,71,0,2,6,0,8,2,35,42,0,79,28,0,28,107
09/20/2010,FWA,IN,AGL,CE,Combined TRACON& Tower with Radar,8,35,29,0,72,0,3,7,0,10,8,38,36,0,82,14,0,14,96
09/21/2010,FWA,IN,AGL,CE,Combined TRACON& Tower with Radar,8,40,20,0,68,0,1,16,0,17,8,41,36,0,85,18,0,18,103
09/22/2010,FWA,IN,AGL,CE,Combined TRACON& Tower with Radar,8,41,40,0,89,0,0,6,0,6,8,41,46,0,95,6,0,6,101
09/23/2010,FWA,IN,AGL,CE,Combined TRACON& Tower with Radar,10,43,34,1,88,0,1,10,0,11,10,44,44,1,99,0,0,0,99
09/24/2010,FWA,IN,AGL,CE,Combined TRACON& Tower with Radar,8,40,25,1,74,0,4,10,4,18,8,44,35,5,92,8,4,12,104
09/25/2010,FWA,IN,AGL,CE,Combined TRACON& Tower with Radar,4,28,19,0,51,0,3,19,0,22,4,31,38,0,73,2,0,2,75
09/26/2010,FWA,IN,AGL,CE,Combined TRACON& Tower with Radar,3,34,41,0,78,0,8,28,0,36,3,42,69,0,114,54,0,54,168
09/27/2010,FWA,IN,AGL,CE,Combined TRACON& Tower with Radar,6,44,38,0,88,0,9,5,0,14,6,53,43,0,102,30,0,30,132
09/28/2010,FWA,IN,AGL,CE,Combined TRACON& Tower with Radar,12,36,32,0,80,0,3,15,0,18,12,39,47,0,98,46,0,46,144
09/29/2010,FWA,IN,AGL,CE,Combined TRACON& Tower with Radar,10,39,33,0,82,0,0,30,0,30,10,39,63,0,112,26,0,26,138
09/30/2010,FWA,IN,AGL,CE,Combined TRACON& Tower with Radar,10,39,31,0,80,0,0,19,0,19,10,39,50,0,99,24,0,24,123
10/01/2010,FWA,IN,AGL,CE,Combined TRACON& Tower with Radar,16,37,16,0,69,0,4,37,0,41,16,41,53,0,110,22,2,24,134
10/02/2010,FWA,IN,AGL,CE,Combined TRACON& Tower with Radar,2,30,20,0,52,0,0,3,0,3,2,30,23,0,55,0,0,0,55
10/03/2010,FWA,IN,AGL,CE,Combined TRACON& Tower with Radar,2,32,14,0,48,0,0,12,0,12,2,32,26,0,60,26,0,26,86
10/04/2010,FWA,IN,AGL,CE,Combined TRACON& Tower with Radar,6,34,29,0,69,0,4,21,0,25,6,38,50,0,94,0,0,0,94
10/05/2010,FWA,IN,AGL,CE,Combined TRACON& Tower with Radar,11,41,42,0,94,0,4,22,0,26,11,45,64,0,120,44,0,44,164
10/06/2010,FWA,IN,AGL,CE,Combined TRACON& Tower with Radar,14,38,40,0,92,0,1,18,0,19,14,39,58,0,111,42,0,42,153
10/07/2010,FWA,IN,AGL,CE,Combined TRACON& Tower with Radar,10,40,42,1,93,0,4,28,1,33,10,44,70,2,126,60,0,60,186
10/08/2010,FWA,IN,AGL,CE,Combined TRACON& Tower with Radar,8,38,26,0,72,0,3,32,0,35,8,41,58,0,107,4,0,4,111
10/09/2010,FWA,IN,AGL,CE,Combined TRACON& Tower with Radar,2,30,22,0,54,0,11,29,0,40,2,41,51,0,94,46,0,46,140
10/10/2010,FWA,IN,AGL,CE,Combined TRACON& Tower with Radar,2,31,13,0,46,0,1,16,0,17,2,32,29,0,63,20,0,20,83
10/11/2010,FWA,IN,AGL,CE,Combined TRACON& Tower with Radar,6,36,21,0,63,0,0,14,0,14,6,36,35,0,77,4,0,4,81
10/12/2010,FWA,IN,AGL,CE,Combined TRACON& Tower with Radar,8,37,35,0,80,0,2,16,0,18,8,39,51,0,98,10,0,10,108
10/13/2010,FWA,IN,AGL,CE,Combined TRACON& Tower with Radar,10,40,28,1,79,0,0,25,0,25,10,40,53,1,104,0,0,0,104
10/14/2010,FWA,IN,AGL,CE,Combined TRACON& Tower with Radar,12,38,26,0,76,0,0,19,0,19,12,38,45,0,95,0,0,0,95
10/15/2010,FWA,IN,AGL,CE,Combined TRACON& Tower with Radar,9,39,21,0,69,0,1,18,0,19,9,40,39,0,88,0,0,0,88
10/16/2010,FWA,IN,AGL,CE,Combined TRACON& Tower with Radar,2,29,24,0,55,0,3,33,0,36,2,32,57,0,91,18,0,18,109
10/17/2010,FWA,IN,AGL,CE,Combined TRACON& Tower with Radar,3,32,23,0,58,0,5,21,0,26,3,37,44,0,84,0,0,0,84
10/18/2010,FWA,IN,AGL,CE,Combined TRACON& Tower with Radar,6,38,19,0,63,0,8,8,0,16,6,46,27,0,79,0,0,0,79
10/19/2010,FWA,IN,AGL,CE,Combined TRACON& Tower with Radar,6,41,31,0,78,0,4,30,0,34,6,45,61,0,112,43,0,43,155
10/20/2010,FWA,IN,AGL,CE,Combined TRACON& Tower with Radar,7,45,29,0,81,0,4,18,0,22,7,49,47,0,103,0,0,0,103
10/21/2010,FWA,IN,AGL,CE,Combined TRACON& Tower with Radar,13,38,34,2,87,0,0,13,0,13,13,38,47,2,100,0,0,0,100
10/22/2010,FWA,IN,AGL,CE,Combined TRACON& Tower with Radar,8,37,31,3,79,0,1,27,0,28,8,38,58,3,107,24,0,24,131
10/23/2010,FWA,IN,AGL,CE,Combined TRACON& Tower with Radar,2,30,13,0,45,0,2,13,0,15,2,32,26,0,60,20,0,20,80
10/24/2010,FWA,IN,AGL,CE,Combined TRACON& Tower with Radar,13,33,13,0,59,3,0,6,0,9,16,33,19,0,68,24,0,24,92
10/25/2010,FWA,IN,AGL,CE,Combined TRACON& Tower with Radar,5,36,28,0,69,0,1,8,0,9,5,37,36,0,78,0,0,0,78
10/26/2010,FWA,IN,AGL,CE,Combined TRACON& Tower with Radar,9,34,18,0,61,0,9,1,0,10,9,43,19,0,71,0,0,0,71
10/27/2010,FWA,IN,AGL,CE,Combined TRACON& Tower with Radar,8,35,32,0,75,0,2,6,4,12,8,37,38,4,87,0,12,12,99
10/28/2010,FWA,IN,AGL,CE,Combined TRACON& Tower with Radar,11,40,44,2,97,0,4,6,4,14,11,44,50,6,111,0,8,8,119
10/29/2010,FWA,IN,AGL,CE,Combined TRACON& Tower with Radar,8,40,26,4,78,0,2,34,4,40,8,42,60,8,118,30,0,30,148
10/30/2010,FWA,IN,AGL,CE,Combined TRACON& Tower with Radar,5,28,12,0,45,0,0,18,0,18,5,28,30,0,63,0,0,0,63
10/31/2010,FWA,IN,AGL,CE,Combined TRACON& Tower with Radar,2,35,17,0,54,0,10,29,0,39,2,45,46,0,93,36,0,36,129
11/01/2010,FWA,IN,AGL,CE,Combined TRACON& Tower with Radar,5,36,23,0,64,0,3,13,0,16,5,39,36,0,80,4,0,4,84
11/02/2010,FWA,IN,AGL,CE,Combined TRACON& Tower with Radar,9,41,54,0,104,0,2,26,0,28,9,43,80,0,132,36,0,36,168
11/03/2010,FWA,IN,AGL,CE,Combined TRACON& Tower with Radar,25,44,40,1,110,0,9,16,2,27,25,53,56,3,137,80,2,82,219
11/04/2010,FWA,IN,AGL,CE,Combined TRACON& Tower with Radar,10,44,33,0,87,0,1,16,0,17,10,45,49,0,104,10,0,10,114
11/05/2010,FWA,IN,AGL,CE,Combined TRACON& Tower with Radar,8,36,31,0,75,0,3,11,4,18,8,39,42,4,93,0,0,0,93
11/06/2010,FWA,IN,AGL,CE,Combined TRACON& Tower with Radar,2,29,3,1,35,0,7,22,3,32,2,36,25,4,67,0,2,2,69
11/07/2010,FWA,IN,AGL,CE,Combined TRACON& Tower with Radar,2,35,19,3,59,0,4,16,3,23,2,39,35,6,82,2,0,2,84
11/08/2010,FWA,IN,AGL,CE,Combined TRACON& Tower with Radar,6,38,19,1,64,0,2,25,1,28,6,40,44,2,92,10,18,28,120
11/09/2010,FWA,IN,AGL,CE,Combined TRACON& Tower with Radar,8,40,17,3,68,0,2,16,2,20,8,42,33,5,88,0,0,0,88
11/10/2010,FWA,IN,AGL,CE,Combined TRACON& Tower with Radar,12,37,37,0,86,0,2,30,3,35,12,39,67,3,121,28,0,28,149
11/11/2010,FWA,IN,AGL,CE,Combined TRACON& Tower with Radar,8,40,39,0,87,0,0,14,2,16,8,40,53,2,103,12,0,12,115
11/12/2010,FWA,IN,AGL,CE,Combined TRACON& Tower with Radar,10,42,38,2,92,0,4,22,0,26,10,46,60,2,118,20,0,20,138
11/13/2010,FWA,IN,AGL,CE,Combined TRACON& Tower with Radar,4,32,16,0,52,0,3,12,0,15,4,35,28,0,67,0,0,0,67
11/14/2010,FWA,IN,AGL,CE,Combined TRACON& Tower with Radar,0,32,16,0,48,0,6,11,0,17,0,38,27,0,65,36,0,36,101
11/15/2010,FWA,IN,AGL,CE,Combined TRACON& Tower with Radar,8,40,27,3,78,0,4,17,3,24,8,44,44,6,102,0,0,0,102
11/16/2010,FWA,IN,AGL,CE,Combined TRACON& Tower with Radar,12,46,28,3,89,0,7,5,1,13,12,53,33,4,102,10,0,10,112
11/17/2010,FWA,IN,AGL,CE,Combined TRACON& Tower with Radar,10,33,34,0,77,0,3,13,6,22,10,36,47,6,99,0,14,14,113
11/18/2010,FWA,IN,AGL,CE,Combined TRACON& Tower with Radar,10,38,26,2,76,0,1,12,8,21,10,39,38,10,97,0,8,8,105
11/19/2010,FWA,IN,AGL,CE,Combined TRACON& Tower with Radar,12,37,32,2,83,0,6,18,2,26,12,43,50,4,109,14,0,14,123
11/20/2010,FWA,IN,AGL,CE,Combined TRACON& Tower with Radar,4,35,30,4,73,0,1,2,4,7,4,36,32,8,80,0,0,0,80
11/21/2010,FWA,IN,AGL,CE,Combined TRACON& Tower with Radar,0,31,16,0,47,0,2,0,0,2,0,33,16,0,49,0,0,0,49
11/22/2010,FWA,IN,AGL,CE,Combined TRACON& Tower with Radar,8,37,17,3,65,0,7,2,1,10,8,44,19,4,75,0,8,8,83
11/23/2010,FWA,IN,AGL,CE,Combined TRACON& Tower with Radar,10,49,22,5,86,0,5,12,1,18,10,54,34,6,104,0,10,10,114
11/24/2010,FWA,IN,AGL,CE,Combined TRACON& Tower with Radar,8,36,18,0,62,0,4,5,4,13,8,40,23,4,75,0,0,0,75
11/25/2010,FWA,IN,AGL,CE,Combined TRACON& Tower with Radar,0,27,4,0,31,0,0,0,0,0,0,27,4,0,31,0,0,0,31
11/26/2010,FWA,IN,AGL,CE,Combined TRACON& Tower with Radar,8,29,11,0,48,0,3,9,0,12,8,32,20,0,60,0,0,0,60
11/27/2010,FWA,IN,AGL,CE,Combined TRACON& Tower with Radar,4,34,14,0,52,0,5,12,0,17,4,39,26,0,69,44,0,44,113
11/28/2010,FWA,IN,AGL,CE,Combined TRACON& Tower with Radar,0,35,34,0,69,0,5,29,0,34,0,40,63,0,103,70,0,70,173
11/29/2010,FWA,IN,AGL,CE,Combined TRACON& Tower with Radar,8,36,15,0,59,0,5,13,0,18,8,41,28,0,77,4,0,4,81
11/30/2010,FWA,IN,AGL,CE,Combined TRACON& Tower with Radar,8,42,17,7,74,0,2,0,0,2,8,44,17,7,76,0,0,0,76
12/01/2010,FWA,IN,AGL,CE,Combined TRACON& Tower with Radar,12,48,22,8,90,0,3,2,0,5,12,51,24,8,95,0,0,0,95
12/02/2010,FWA,IN,AGL,CE,Combined TRACON& Tower with Radar,8,45,31,3,87,0,9,13,3,25,8,54,44,6,112,22,2,24,136
12/03/2010,FWA,IN,AGL,CE,Combined TRACON& Tower with Radar,12,41,22,0,75,0,7,13,8,28,12,48,35,8,103,0,8,8,111
12/04/2010,FWA,IN,AGL,CE,Combined TRACON& Tower with Radar,2,26,7,2,37,0,2,3,0,5,2,28,10,2,42,0,0,0,42
12/05/2010,FWA,IN,AGL,CE,Combined TRACON& Tower with Radar,2,39,8,6,55,0,0,0,1,1,2,39,8,7,56,0,0,0,56
12/06/2010,FWA,IN,AGL,CE,Combined TRACON& Tower with Radar,12,45,7,0,64,0,0,0,0,0,12,45,7,0,64,0,0,0,64
12/07/2010,FWA,IN,AGL,CE,Combined TRACON& Tower with Radar,8,42,24,4,78,0,1,1,0,2,8,43,25,4,80,0,0,0,80
12/08/2010,FWA,IN,AGL,CE,Combined TRACON& Tower with Radar,8,41,54,0,103,0,17,21,6,44,8,58,75,6,147,16,12,28,175
12/09/2010,FWA,IN,AGL,CE,Combined TRACON& Tower with Radar,8,42,34,0,84,0,1,21,2,24,8,43,55,2,108,44,0,44,152
12/10/2010,FWA,IN,AGL,CE,Combined TRACON& Tower with Radar,10,41,15,0,66,0,6,18,4,28,10,47,33,4,94,0,0,0,94
12/11/2010,FWA,IN,AGL,CE,Combined TRACON& Tower with Radar,2,29,7,0,38,0,3,2,0,5,2,32,9,0,43,0,0,0,43
12/12/2010,FWA,IN,AGL,CE,Combined TRACON& Tower with Radar,0,21,6,0,27,0,0,0,0,0,0,21,6,0,27,0,0,0,27
12/13/2010,FWA,IN,AGL,CE,Combined TRACON& Tower with Radar,8,33,18,0,59,0,6,4,2,12,8,39,22,2,71,0,2,2,73
12/14/2010,FWA,IN,AGL,CE,Combined TRACON& Tower with Radar,8,40,27,0,75,0,3,4,0,7,8,43,31,0,82,2,0,2,84
12/15/2010,FWA,IN,AGL,CE,Combined TRACON& Tower with Radar,7,39,23,0,69,0,11,15,2,28,7,50,38,2,97,4,4,8,105
12/16/2010,FWA,IN,AGL,CE,Combined TRACON& Tower with Radar,9,43,22,3,77,0,6,5,1,12,9,49,27,4,89,0,0,0,89
12/17/2010,FWA,IN,AGL,CE,Combined TRACON& Tower with Radar,10,46,25,7,88,0,3,10,2,15,10,49,35,9,103,0,0,0,103
12/18/2010,FWA,IN,AGL,CE,Combined TRACON& Tower with Radar,2,38,26,0,66,0,13,8,0,21,2,51,34,0,87,12,0,12,99
12/19/2010,FWA,IN,AGL,CE,Combined TRACON& Tower with Radar,0,35,13,0,48,0,5,7,0,12,0,40,20,0,60,16,0,16,76
12/20/2010,FWA,IN,AGL,CE,Combined TRACON& Tower with Radar,11,45,11,0,67,0,7,6,6,19,11,52,17,6,86,0,0,0,86
12/21/2010,FWA,IN,AGL,CE,Combined TRACON& Tower with Radar,13,41,25,0,79,0,2,0,0,2,13,43,25,0,81,0,0,0,81
12/22/2010,FWA,IN,AGL,CE,Combined TRACON& Tower with Radar,12,56,13,0,81,0,6,5,0,11,12,62,18,0,92,0,0,0,92
12/23/2010,FWA,IN,AGL,CE,Combined TRACON& Tower with Radar,9,43,20,0,72,0,10,13,3,26,9,53,33,3,98,10,0,10,108
12/24/2010,FWA,IN,AGL,CE,Combined TRACON& Tower with Radar,9,29,4,0,42,0,2,1,0,3,9,31,5,0,45,0,0,0,45
12/25/2010,FWA,IN,AGL,CE,Combined TRACON& Tower with Radar,4,26,3,0,33,0,6,0,0,6,4,32,3,0,39,0,0,0,39
12/26/2010,FWA,IN,AGL,CE,Combined TRACON& Tower with Radar,2,37,19,0,58,0,5,1,0,6,2,42,20,0,64,22,0,22,86
12/27/2010,FWA,IN,AGL,CE,Combined TRACON& Tower with Radar,6,42,18,0,66,0,4,7,0,11,6,46,25,0,77,10,0,10,87
12/28/2010,FWA,IN,AGL,CE,Combined TRACON& Tower with Radar,14,48,13,2,77,0,2,21,1,24,14,50,34,3,101,0,0,0,101
12/29/2010,FWA,IN,AGL,CE,Combined TRACON& Tower with Radar,15,45,23,1,84,0,2,12,4,18,15,47,35,5,102,6,8,14,116
12/30/2010,FWA,IN,AGL,CE,Combined TRACON& Tower with Radar,9,37,23,2,71,0,3,2,0,5,9,40,25,2,76,0,2,2,78
12/31/2010,FWA,IN,AGL,CE,Combined TRACON& Tower with Radar,8,30,3,0,41,0,4,2,0,6,8,34,5,0,47,0,0,0,47
01/01/2011,FWA,IN,AGL,CE,Combined TRACON& Tower with Radar,4,35,3,0,42,0,5,6,0,11,4,40,9,0,53,0,0,0,53
01/02/2011,FWA,IN,AGL,CE,Combined TRACON& Tower with Radar,2,45,22,0,69,0,6,6,0,12,2,51,28,0,81,0,0,0,81
01/03/2011,FWA,IN,AGL,CE,Combined TRACON& Tower with Radar,8,37,26,0,71,0,5,12,0,17,8,42,38,0,88,12,0,12,100
01/04/2011,FWA,IN,AGL,CE,Combined TRACON& Tower with Radar,9,35,13,0,57,0,11,5,2,18,9,46,18,2,75,0,0,0,75
01/05/2011,FWA,IN,AGL,CE,Combined TRACON& Tower with Radar,12,39,33,0,84,0,3,32,2,37,12,42,65,2,121,28,0,28,149
01/06/2011,FWA,IN,AGL,CE,Combined TRACON& Tower with Radar,8,37,14,6,65,0,4,4,0,8,8,41,18,6,73,4,0,4,77
01/07/2011,FWA,IN,AGL,CE,Combined TRACON& Tower with Radar,9,38,29,6,82,0,0,2,0,2,9,38,31,6,84,12,0,12,96
01/08/2011,FWA,IN,AGL,CE,Combined TRACON& Tower with Radar,3,30,14,0,47,0,0,3,0,3,3,30,17,0,50,0,0,0,50
01/09/2011,FWA,IN,AGL,CE,Combined TRACON& Tower with Radar,0,33,29,0,62,0,2,30,5,37,0,35,59,5,99,56,4,60,159
01/10/2011,FWA,IN,AGL,CE,Combined TRACON& Tower with Radar,8,38,21,0,67,0,4,16,3,23,8,42,37,3,90,0,0,0,90
01/11/2011,FWA,IN,AGL,CE,Combined TRACON& Tower with Radar,8,30,20,0,58,0,1,0,0,1,8,31,20,0,59,0,0,0,59
01/12/2011,FWA,IN,AGL,CE,Combined TRACON& Tower with Radar,9,37,22,6,74,0,5,6,7,18,9,42,28,13,92,0,16,16,108
01/13/2011,FWA,IN,AGL,CE,Combined TRACON& Tower with Radar,11,39,39,6,95,0,6,7,0,13,11,45,46,6,108,0,0,0,108
01/14/2011,FWA,IN,AGL,CE,Combined TRACON& Tower with Radar,8,41,26,0,75,0,3,2,0,5,8,44,28,0,80,21,0,21,101
01/15/2011,FWA,IN,AGL,CE,Combined TRACON& Tower with Radar,2,31,3,0,36,0,7,0,0,7,2,38,3,0,43,0,0,0,43
01/16/2011,FWA,IN,AGL,CE,Combined TRACON& Tower with Radar,0,30,16,0,46,0,5,23,0,28,0,35,39,0,74,7,0,7,81
01/17/2011,FWA,IN,AGL,CE,Combined TRACON& Tower with Radar,11,31,14,0,56,0,5,5,0,10,11,36,19,0,66,8,0,8,74
01/18/2011,FWA,IN,AGL,CE,Combined TRACON& Tower with Radar,8,37,16,0,61,0,2,1,0,3,8,39,17,0,64,0,0,0,64
01/19/2011,FWA,IN,AGL,CE,Combined TRACON& Tower with Radar,7,36,27,0,70,0,3,1,2,6,7,39,28,2,76,0,0,0,76
01/20/2011,FWA,IN,AGL,CE,Combined TRACON& Tower with Radar,12,42,23,5,82,0,2,2,1,5,12,44,25,6,87,14,0,14,101
01/21/2011,FWA,IN,AGL,CE,Combined TRACON& Tower with Radar,8,38,27,4,77,0,5,11,3,19,8,43,38,7,96,16,4,20,116
01/22/2011,FWA,IN,AGL,CE,Combined TRACON& Tower with Radar,4,34,3,0,41,0,6,1,0,7,4,40,4,0,48,0,0,0,48
01/23/2011,FWA,IN,AGL,CE,Combined TRACON& Tower with Radar,0,34,19,0,53,0,5,23,0,28,0,39,42,0,81,6,0,6,87
01/24/2011,FWA,IN,AGL,CE,Combined TRACON& Tower with Radar,7,38,14,0,59,0,0,0,0,0,7,38,14,0,59,0,0,0,59
01/25/2011,FWA,IN,AGL,CE,Combined TRACON& Tower with Radar,10,37,19,7,73,0,6,1,0,7,10,43,20,7,80,0,0,0,80
01/26/2011,FWA,IN,AGL,CE,Combined TRACON& Tower with Radar,9,39,23,4,75,0,2,1,0,3,9,41,24,4,78,0,0,0,78
01/27/2011,FWA,IN,AGL,CE,Combined TRACON& Tower with Radar,12,40,10,0,62,0,1,0,0,1,12,41,10,0,63,0,0,0,63
01/28/2011,FWA,IN,AGL,CE,Combined TRACON& Tower with Radar,10,35,23,6,74,0,2,2,3,7,10,37,25,9,81,6,0,6,87
01/29/2011,FWA,IN,AGL,CE,Combined TRACON& Tower with Radar,2,30,4,0,36,0,15,2,0,17,2,45,6,0,53,0,0,0,53
01/30/2011,FWA,IN,AGL,CE,Combined TRACON& Tower with Radar,0,38,19,0,57,0,4,16,0,20,0,42,35,0,77,78,0,78,155
01/31/2011,FWA,IN,AGL,CE,Combined TRACON& Tower with Radar,8,40,13,1,62,0,4,10,0,14,8,44,23,1,76,2,0,2,78
02/01/2011,FWA,IN,AGL,CE,Combined TRACON& Tower with Radar,6,24,6,0,36,0,0,1,0,1,6,24,7,0,37,0,0,0,37
02/02/2011,FWA,IN,AGL,CE,Combined TRACON& Tower with Radar,6,18,0,0,24,0,5,0,0,5,6,23,0,0,29,0,0,0,29
02/03/2011,FWA,IN,AGL,CE,Combined TRACON& Tower with Radar,15,33,12,1,61,0,5,18,4,27,15,38,30,5,88,0,0,0,88
02/04/2011,FWA,IN,AGL,CE,Combined TRACON& Tower with Radar,8,36,36,0,80,0,8,9,10,27,8,44,45,10,107,0,6,6,113
02/05/2011,FWA,IN,AGL,CE,Combined TRACON& Tower with Radar,4,31,9,0,44,0,0,0,0,0,4,31,9,0,44,0,0,0,44
02/06/2011,FWA,IN,AGL,CE,Combined TRACON& Tower with Radar,2,36,5,0,43,0,0,0,0,0,2,36,5,0,43,0,0,0,43
02/07/2011,FWA,IN,AGL,CE,Combined TRACON& Tower with Radar,6,36,20,1,63,0,8,0,2,10,6,44,20,3,73,0,0,0,73
02/08/2011,FWA,IN,AGL,CE,Combined TRACON& Tower with Radar,8,45,23,9,85,0,3,7,2,12,8,48,30,11,97,6,3,9,106
02/09/2011,FWA,IN,AGL,CE,Combined TRACON& Tower with Radar,8,37,28,1,74,0,6,18,0,24,8,43,46,1,98,4,0,4,102
02/10/2011,FWA,IN,AGL,CE,Combined TRACON& Tower with Radar,12,42,23,0,77,0,2,11,4,17,12,44,34,4,94,6,4,10,104
02/11/2011,FWA,IN,AGL,CE,Combined TRACON& Tower with Radar,8,41,30,0,79,0,13,8,9,30,8,54,38,9,109,4,6,10,119
02/12/2011,FWA,IN,AGL,CE,Combined TRACON& Tower with Radar,2,30,6,0,38,0,5,8,3,16,2,35,14,3,54,0,0,0,54
02/13/2011,FWA,IN,AGL,CE,Combined TRACON& Tower with Radar,4,34,10,1,49,0,11,17,4,32,4,45,27,5,81,14,6,20,101
02/14/2011,FWA,IN,AGL,CE,Combined TRACON& Tower with Radar,6,39,15,0,60,0,11,6,0,17,6,50,21,0,77,0,0,0,77
02/15/2011,FWA,IN,AGL,CE,Combined TRACON& Tower with Radar,10,45,23,0,78,0,9,21,4,34,10,54,44,4,112,57,6,63,175
02/16/2011,FWA,IN,AGL,CE,Combined TRACON& Tower with Radar,10,44,21,2,77,0,6,24,8,38,10,50,45,10,115,18,6,24,139
02/17/2011,FWA,IN,AGL,CE,Combined TRACON& Tower with Radar,9,42,21,2,74,0,13,3,2,18,9,55,24,4,92,0,0,0,92
02/18/2011,FWA,IN,AGL,CE,Combined TRACON& Tower with Radar,7,41,18,0,66,0,2,9,6,17,7,43,27,6,83,1,28,29,112
02/19/2011,FWA,IN,AGL,CE,Combined TRACON& Tower with Radar,3,32,29,0,64,0,13,46,0,59,3,45,75,0,123,8,0,8,131
02/20/2011,FWA,IN,AGL,CE,Combined TRACON& Tower with Radar,3,37,11,0,51,0,5,1,0,6,3,42,12,0,57,0,0,0,57
02/21/2011,FWA,IN,AGL,CE,Combined TRACON& Tower with Radar,7,29,13,0,49,0,0,0,0,0,7,29,13,0,49,0,0,0,49
02/22/2011,FWA,IN,AGL,CE,Combined TRACON& Tower with Radar,9,45,45,2,101,0,14,3,0,17,9,59,48,2,118,0,0,0,118
02/23/2011,FWA,IN,AGL,CE,Combined TRACON& Tower with Radar,5,54,43,4,106,0,0,0,0,0,5,54,43,4,106,0,0,0,106
02/24/2011,FWA,IN,AGL,CE,Combined TRACON& Tower with Radar,10,48,35,0,93,0,3,5,0,8,10,51,40,0,101,0,0,0,101
02/25/2011,FWA,IN,AGL,CE,Combined TRACON& Tower with Radar,9,44,13,0,66,0,1,8,4,13,9,45,21,4,79,22,12,34,113
02/26/2011,FWA,IN,AGL,CE,Combined TRACON& Tower with Radar,3,33,8,0,44,0,12,2,0,14,3,45,10,0,58,0,0,0,58
02/27/2011,FWA,IN,AGL,CE,Combined TRACON& Tower with Radar,2,36,17,0,55,0,6,0,0,6,2,42,17,0,61,0,0,0,61
02/28/2011,FWA,IN,AGL,CE,Combined TRACON& Tower with Radar,6,43,13,1,63,0,5,6,1,12,6,48,19,2,75,0,0,0,75
03/01/2011,FWA,IN,AGL,CE,Combined TRACON& Tower with Radar,12,45,34,0,91,0,6,23,4,33,12,51,57,4,124,6,0,6,130
03/02/2011,FWA,IN,AGL,CE,Combined TRACON& Tower with Radar,8,41,24,1,74,0,7,25,1,33,8,48,49,2,107,0,0,0,107
03/03/2011,FWA,IN,AGL,CE,Combined TRACON& Tower with Radar,12,53,30,2,97,0,7,18,4,29,12,60,48,6,126,19,12,31,157
03/04/2011,FWA,IN,AGL,CE,Combined TRACON& Tower with Radar,10,46,42,5,103,0,10,5,1,16,10,56,47,6,119,0,2,2,121
03/05/2011,FWA,IN,AGL,CE,Combined TRACON& Tower with Radar,2,31,9,0,42,0,2,0,0,2,2,33,9,0,44,0,0,0,44
03/06/2011,FWA,IN,AGL,CE,Combined TRACON& Tower with Radar,2,35,12,0,49,0,5,10,6,21,2,40,22,6,70,4,4,8,78
03/07/2011,FWA,IN,AGL,CE,Combined TRACON& Tower with Radar,6,38,24,0,68,0,5,11,0,16,6,43,35,0,84,0,0,0,84
03/08/2011,FWA,IN,AGL,CE,Combined TRACON& Tower with Radar,11,47,25,4,87,0,6,22,3,31,11,53,47,7,118,0,0,0,118
03/09/2011,FWA,IN,AGL,CE,Combined TRACON& Tower with Radar,11,49,36,0,96,0,3,1,0,4,11,52,37,0,100,0,0,0,100
03/10/2011,FWA,IN,AGL,CE,Combined TRACON& Tower with Radar,12,44,28,5,89,0,8,5,0,13,12,52,33,5,102,0,0,0,102
03/11/2011,FWA,IN,AGL,CE,Combined TRACON& Tower with Radar,10,47,23,1,81,0,5,14,6,25,10,52,37,7,106,6,0,6,112
03/12/2011,FWA,IN,AGL,CE,Combined TRACON& Tower with Radar,2,34,7,1,44,0,7,1,0,8,2,41,8,1,52,8,0,8,60
03/13/2011,FWA,IN,AGL,CE,Combined TRACON& Tower with Radar,2,35,33,0,70,0,7,8,0,15,2,42,41,0,85,34,0,34,119
03/14/2011,FWA,IN,AGL,CE,Combined TRACON& Tower with Radar,7,42,23,5,77,0,8,5,2,15,7,50,28,7,92,0,0,0,92
03/15/2011,FWA,IN,AGL,CE,Combined TRACON& Tower with Radar,13,42,17,1,73,0,2,0,0,2,13,44,17,1,75,0,0,0,75
03/16/2011,FWA,IN,AGL,CE,Combined TRACON& Tower with Radar,11,41,35,0,87,0,6,25,3,34,11,47,60,3,121,10,0,10,131
03/17/2011,FWA,IN,AGL,CE,Combined TRACON& Tower with Radar,11,41,25,2,79,0,7,10,4,21,11,48,35,6,100,2,6,8,108
03/18/2011,FWA,IN,AGL,CE,Combined TRACON& Tower with Radar,13,39,28,4,84,0,11,39,3,53,13,50,67,7,137,8,8,16,153
03/19/2011,FWA,IN,AGL,CE,Combined TRACON& Tower with Radar,3,37,18,4,62,0,15,48,0,63,3,52,66,4,125,44,0,44,169
03/20/2011,FWA,IN,AGL,CE,Combined TRACON& Tower with Radar,4,38,11,0,53,0,10,11,0,21,4,48,22,0,74,22,0,22,96
03/21/2011,FWA,IN,AGL,CE,Combined TRACON& Tower with Radar,8,45,24,0,77,0,6,7,0,13,8,51,31,0,90,4,0,4,94
03/22/2011,FWA,IN,AGL,CE,Combined TRACON& Tower with Radar,11,39,28,9,87,0,7,1,0,8,11,46,29,9,95,4,0,4,99
03/23/2011,FWA,IN,AGL,CE,Combined TRACON& Tower with Radar,14,34,16,3,67,0,3,0,0,3,14,37,16,3,70,0,0,0,70
03/24/2011,FWA,IN,AGL,CE,Combined TRACON& Tower with Radar,13,46,26,3,88,0,2,11,1,14,13,48,37,4,102,0,0,0,102
03/25/2011,FWA,IN,AGL,CE,Combined TRACON& Tower with Radar,8,39,26,1,74,0,1,14,3,18,8,40,40,4,92,8,0,8,100
03/26/2011,FWA,IN,AGL,CE,Combined TRACON& Tower with Radar,6,42,21,0,69,0,0,19,0,19,6,42,40,0,88,0,0,0,88
03/27/2011,FWA,IN,AGL,CE,Combined TRACON& Tower with Radar,2,38,16,1,57,0,7,16,1,24,2,45,32,2,81,30,0,30,111
03/28/2011,FWA,IN,AGL,CE,Combined TRACON& Tower with Radar,9,40,17,0,66,0,1,34,6,41,9,41,51,6,107,0,2,2,109
03/29/2011,FWA,IN,AGL,CE,Combined TRACON& Tower with Radar,17,43,23,2,85,0,2,19,4,25,17,45,42,6,110,8,0,8,118
03/30/2011,FWA,IN,AGL,CE,Combined TRACON& Tower with Radar,10,47,27,2,86,0,2,12,2,16,10,49,39,4,102,28,4,32,134
03/31/2011,FWA,IN,AGL,CE,Combined TRACON& Tower with Radar,11,40,21,2,74,0,8,23,3,34,11,48,44,5,108,2,3,5,113
04/01/2011,FWA,IN,AGL,CE,Combined TRACON& Tower with Radar,13,46,27,1,87,0,0,18,4,22,13,46,45,5,109,10,6,16,125
04/02/2011,FWA,IN,AGL,CE,Combined TRACON& Tower with Radar,4,35,17,0,56,0,3,6,0,9,4,38,23,0,65,0,0,0,65
04/03/2011,FWA,IN,AGL,CE,Combined TRACON& Tower with Radar,4,41,8,0,53,0,6,1,0,7,4,47,9,0,60,38,0,38,98
04/04/2011,FWA,IN,AGL,CE,Combined TRACON& Tower with Radar,9,47,11,1,68,0,2,0,0,2,9,49,11,1,70,0,0,0,70
04/05/2011,FWA,IN,AGL,CE,Combined TRACON& Tower with Radar,13,38,22,13,86,0,0,28,1,29,13,38,50,14,115,0,0,0,115
04/06/2011,FWA,IN,AGL,CE,Combined TRACON& Tower with Radar,9,44,18,4,75,0,4,7,1,12,9,48,25,5,87,0,0,0,87
04/07/2011,FWA,IN,AGL,CE,Combined TRACON& Tower with Radar,14,48,19,4,85,0,0,1,1,2,14,48,20,5,87,0,0,0,87
04/08/2011,FWA,IN,AGL,CE,Combined TRACON& Tower with Radar,11,41,23,7,82,0,0,1,0,1,11,41,24,7,83,0,0,0,83
04/09/2011,FWA,IN,AGL,CE,Combined TRACON& Tower with Radar,5,34,20,1,60,0,2,3,0,5,5,36,23,1,65,20,0,20,85
04/10/2011,FWA,IN,AGL,CE,Combined TRACON& Tower with Radar,6,52,17,0,75,0,1,7,0,8,6,53,24,0,83,2,0,2,85
04/11/2011,FWA,IN,AGL,CE,Combined TRACON& Tower with Radar,8,40,27,2,77,0,2,4,4,10,8,42,31,6,87,0,0,0,87
04/12/2011,FWA,IN,AGL,CE,Combined TRACON& Tower with Radar,13,42,29,12,96,0,2,25,5,32,13,44,54,17,128,46,0,46,174
04/13/2011,FWA,IN,AGL,CE,Combined TRACON& Tower with Radar,12,50,34,1,97,0,1,39,5,45,12,51,73,6,142,18,0,18,160
04/14/2011,FWA,IN,AGL,CE,Combined TRACON& Tower with Radar,12,51,19,8,90,0,0,20,5,25,12,51,39,13,115,36,4,40,155
04/15/2011,FWA,IN,AGL,CE,Combined TRACON& Tower with Radar,11,44,16,1,72,0,1,4,5,10,11,45,20,6,82,0,0,0,82
04/16/2011,FWA,IN,AGL,CE,Combined TRACON& Tower with Radar,4,36,3,9,52,0,0,0,0,0,4,36,3,9,52,0,0,0,52
04/17/2011,FWA,IN,AGL,CE,Combined TRACON& Tower with Radar,4,36,6,1,47,0,0,7,5,12,4,36,13,6,59,0,0,0,59
04/18/2011,FWA,IN,AGL,CE,Combined TRACON& Tower with Radar,9,46,17,17,89,0,17,3,0,20,9,63,20,17,109,14,3,17,126
04/19/2011,FWA,IN,AGL,CE,Combined TRACON& Tower with Radar,14,29,15,0,58,0,1,0,0,1,14,30,15,0,59,0,8,8,67
04/20/2011,FWA,IN,AGL,CE,Combined TRACON& Tower with Radar,15,52,45,3,115,0,4,0,1,5,15,56,45,4,120,0,0,0,120
04/21/2011,FWA,IN,AGL,CE,Combined TRACON& Tower with Radar,12,53,60,2,127,0,7,17,4,28,12,60,77,6,155,24,0,24,179
04/22/2011,FWA,IN,AGL,CE,Combined TRACON& Tower with Radar,12,42,17,0,71,0,1,2,0,3,12,43,19,0,74,0,0,0,74
04/23/2011,FWA,IN,AGL,CE,Combined TRACON& Tower with Radar,2,32,14,1,49,0,3,13,0,16,2,35,27,1,65,0,0,0,65
04/24/2011,FWA,IN,AGL,CE,Combined TRACON& Tower with Radar,4,39,11,1,55,0,0,6,0,6,4,39,17,1,61,0,0,0,61
04/25/2011,FWA,IN,AGL,CE,Combined TRACON& Tower with Radar,6,43,21,0,70,0,0,1,0,1,6,43,22,0,71,0,0,0,71
04/26/2011,FWA,IN,AGL,CE,Combined TRACON& Tower with Radar,9,41,17,1,68,0,1,3,2,6,9,42,20,3,74,0,0,0,74
04/27/2011,FWA,IN,AGL,CE,Combined TRACON& Tower with Radar,11,45,17,0,73,0,3,0,6,9,11,48,17,6,82,0,0,0,82
04/28/2011,FWA,IN,AGL,CE,Combined TRACON& Tower with Radar,10,48,26,3,87,0,6,3,4,13,10,54,29,7,100,26,0,26,126
04/29/2011,FWA,IN,AGL,CE,Combined TRACON& Tower with Radar,13,45,34,0,92,0,6,26,7,39,13,51,60,7,131,0,0,0,131
04/30/2011,FWA,IN,AGL,CE,Combined TRACON& Tower with Radar,2,31,8,0,41,0,1,14,2,17,2,32,22,2,58,0,0,0,58
05/01/2011,FWA,IN,AGL,CE,Combined TRACON& Tower with Radar,2,37,25,0,64,0,3,13,0,16,2,40,38,0,80,14,0,14,94
05/02/2011,FWA,IN,AGL,CE,Combined TRACON& Tower with Radar,7,46,19,3,75,0,2,12,0,14,7,48,31,3,89,38,0,38,127
05/03/2011,FWA,IN,AGL,CE,Combined TRACON& Tower with Radar,11,41,41,14,107,0,1,14,5,20,11,42,55,19,127,0,0,0,127
05/04/2011,FWA,IN,AGL,CE,Combined TRACON& Tower with Radar,11,47,29,1,88,0,1,20,4,25,11,48,49,5,113,72,0,72,185
05/05/2011,FWA,IN,AGL,CE,Combined TRACON& Tower with Radar,12,51,25,1,89,0,1,28,4,33,12,52,53,5,122,16,6,22,144
05/06/2011,FWA,IN,AGL,CE,Combined TRACON& Tower with Radar,8,44,22,4,78,0,2,6,2,10,8,46,28,6,88,0,4,4,92
05/07/2011,FWA,IN,AGL,CE,Combined TRACON& Tower with Radar,2,33,4,0,39,0,5,13,0,18,2,38,17,0,57,14,0,14,71
05/08/2011,FWA,IN,AGL,CE,Combined TRACON& Tower with Radar,2,37,18,0,57,0,1,5,0,6,2,38,23,0,63,0,0,0,63
05/09/2011,FWA,IN,AGL,CE,Combined TRACON& Tower with Radar,6,45,33,0,84,0,3,17,0,20,6,48,50,0,104,30,0,30,134
05/10/2011,FWA,IN,AGL,CE,Combined TRACON& Tower with Radar,8,45,20,7,80,0,0,7,3,10,8,45,27,10,90,24,6,30,120
05/11/2011,FWA,IN,AGL,CE,Combined TRACON& Tower with Radar,8,50,29,3,90,0,4,18,6,28,8,54,47,9,118,0,0,0,118
05/12/2011,FWA,IN,AGL,CE,Combined TRACON& Tower with Radar,10,47,24,4,85,0,3,12,6,21,10,50,36,10,106,0,0,0,106
05/13/2011,FWA,IN,AGL,CE,Combined TRACON& Tower with Radar,8,39,19,1,67,0,4,8,5,17,8,43,27,6,84,26,20,46,130
05/14/2011,FWA,IN,AGL,CE,Combined TRACON& Tower with Radar,4,29,5,0,38,0,4,9,0,13,4,33,14,0,51,0,0,0,51
05/15/2011,FWA,IN,AGL,CE,Combined TRACON& Tower with Radar,2,38,9,0,49,0,1,1,0,2,2,39,10,0,51,0,0,0,51
05/16/2011,FWA,IN,AGL,CE,Combined TRACON& Tower with Radar,6,45,22,0,73,0,1,21,7,29,6,46,43,7,102,32,0,32,134
05/17/2011,FWA,IN,AGL,CE,Combined TRACON& Tower with Radar,10,39,41,6,96,0,1,5,3,9,10,40,46,9,105,58,12,70,175
05/18/2011,FWA,IN,AGL,CE,Combined TRACON& Tower with Radar,8,41,35,1,85,0,1,6,0,7,8,42,41,1,92,10,0,10,102
05/19/2011,FWA,IN,AGL,CE,Combined TRACON& Tower with Radar,13,47,23,3,86,0,6,3,1,10,13,53,26,4,96,14,6,20,116
05/20/2011,FWA,IN,AGL,CE,Combined TRACON& Tower with Radar,10,44,29,5,88,0,1,33,5,39,10,45,62,10,127,2,2,4,131
05/21/2011,FWA,IN,AGL,CE,Combined TRACON& Tower with Radar,4,40,6,2,52,0,1,13,2,16,4,41,19,4,68,0,0,0,68
05/22/2011,FWA,IN,AGL,CE,Combined TRACON& Tower with Radar,4,38,14,4,60,0,2,7,2,11,4,40,21,6,71,0,0,0,71
05/23/2011,FWA,IN,AGL,CE,Combined TRACON& Tower with Radar,5,37,25,0,67,0,3,6,2,11,5,40,31,2,78,0,0,0,78
05/24/2011,FWA,IN,AGL,CE,Combined TRACON& Tower with Radar,10,55,10,1,76,0,5,5,3,13,10,60,15,4,89,32,0,32,121
05/25/2011,FWA,IN,AGL,CE,Combined TRACON& Tower with Radar,7,36,21,0,64,0,2,2,0,4,7,38,23,0,68,0,0,0,68
05/26/2011,FWA,IN,AGL,CE,Combined TRACON& Tower with Radar,13,43,26,0,82,0,3,1,0,4,13,46,27,0,86,2,0,2,88
05/27/2011,FWA,IN,AGL,CE,Combined TRACON& Tower with Radar,9,49,31,6,95,0,0,1,0,1,9,49,32,6,96,0,0,0,96
05/28/2011,FWA,IN,AGL,CE,Combined TRACON& Tower with Radar,2,31,23,0,56,0,9,3,0,12,2,40,26,0,68,0,0,0,68
05/29/2011,FWA,IN,AGL,CE,Combined TRACON& Tower with Radar,6,28,13,0,47,0,6,10,0,16,6,34,23,0,63,0,0,0,63
05/30/2011,FWA,IN,AGL,CE,Combined TRACON& Tower with Radar,2,35,6,0,43,0,6,21,0,27,2,41,27,0,70,20,0,20,90
05/31/2011,FWA,IN,AGL,CE,Combined TRACON& Tower with Radar,6,37,23,4,70,0,1,16,7,24,6,38,39,11,94,6,6,12,106
06/01/2011,FWA,IN,AGL,CE,Combined TRACON& Tower with Radar,10,58,35,4,107,0,5,23,5,33,10,63,58,9,140,24,2,26,166
06/02/2011,FWA,IN,AGL,CE,Combined TRACON& Tower with Radar,13,46,44,1,104,0,5,38,7,50,13,51,82,8,154,6,0,6,160
06/03/2011,FWA,IN,AGL,CE,Combined TRACON& Tower with Radar,13,45,23,0,81,0,8,14,5,27,13,53,37,5,108,0,0,0,108
06/04/2011,FWA,IN,AGL,CE,Combined TRACON& Tower with Radar,2,34,8,1,45,0,9,17,4,30,2,43,25,5,75,12,0,12,87
06/05/2011,FWA,IN,AGL,CE,Combined TRACON& Tower with Radar,6,42,21,1,70,0,4,14,2,20,6,46,35,3,90,6,0,6,96
06/06/2011,FWA,IN,AGL,CE,Combined TRACON& Tower with Radar,6,53,24,2,85,0,2,26,0,28,6,55,50,2,113,18,0,18,131
06/07/2011,FWA,IN,AGL,CE,Combined TRACON& Tower with Radar,10,43,16,0,69,0,5,25,6,36,10,48,41,6,105,44,2,46,151
06/08/2011,FWA,IN,AGL,CE,Combined TRACON& Tower with Radar,7,46,27,6,86,0,3,22,2,27,7,49,49,8,113,11,14,25,138
06/09/2011,FWA,IN,AGL,CE,Combined TRACON& Tower with Radar,12,42,19,2,75,0,9,6,6,21,12,51,25,8,96,12,0,12,108
06/10/2011,FWA,IN,AGL,CE,Combined TRACON& Tower with Radar,10,48,28,3,89,0,5,3,2,10,10,53,31,5,99,0,0,0,99
06/11/2011,FWA,IN,AGL,CE,Combined TRACON& Tower with Radar,2,36,4,0,42,0,11,15,0,26,2,47,19,0,68,32,0,32,100
06/12/2011,FWA,IN,AGL,CE,Combined TRACON& Tower with Radar,4,41,25,2,72,0,3,29,0,32,4,44,54,2,104,2,0,2,106
06/13/2011,FWA,IN,AGL,CE,Combined TRACON& Tower with Radar,6,44,17,0,67,0,2,23,6,31,6,46,40,6,98,48,12,60,158
06/14/2011,FWA,IN,AGL,CE,Combined TRACON& Tower with Radar,7,49,42,5,103,0,9,45,9,63,7,58,87,14,166,70,10,80,246
06/15/2011,FWA,IN,AGL,CE,Combined TRACON& Tower with Radar,11,48,25,0,84,0,4,13,0,17,11,52,38,0,101,28,0,28,129
06/16/2011,FWA,IN,AGL,CE,Combined TRACON& Tower with Radar,12,51,34,14,111,0,8,10,5,23,12,59,44,19,134,0,4,4,138
06/17/2011,FWA,IN,AGL,CE,Combined TRACON& Tower with Radar,9,42,30,3,84,0,2,13,7,22,9,44,43,10,106,2,32,34,140
06/18/2011,FWA,IN,AGL,CE,Combined TRACON& Tower with Radar,2,30,11,0,43,0,1,14,0,15,2,31,25,0,58,0,0,0,58
06/19/2011,FWA,IN,AGL,CE,Combined TRACON& Tower with Radar,6,37,6,0,49,0,2,3,1,6,6,39,9,1,55,0,0,0,55
06/20/2011,FWA,IN,AGL,CE,Combined TRACON& Tower with Radar,6,47,17,0,70,0,4,8,1,13,6,51,25,1,83,8,0,8,91
06/21/2011,FWA,IN,AGL,CE,Combined TRACON& Tower with Radar,12,40,41,4,97,0,6,27,6,39,12,46,68,10,136,6,0,6,142
06/22/2011,FWA,IN,AGL,CE,Combined TRACON& Tower with Radar,12,44,17,7,80,0,6,14,2,22,12,50,31,9,102,0,10,10,112
06/23/2011,FWA,IN,AGL,CE,Combined TRACON& Tower with Radar,12,50,18,3,83,0,12,7,3,22,12,62,25,6,105,4,10,14,119
06/24/2011,FWA,IN,AGL,CE,Combined TRACON& Tower with Radar,12,42,30,14,98,0,3,7,1,11,12,45,37,15,109,30,0,30,139
06/25/2011,FWA,IN,AGL,CE,Combined TRACON& Tower with Radar,2,32,8,0,42,0,11,24,0,35,2,43,32,0,77,8,0,8,85
06/26/2011,FWA,IN,AGL,CE,Combined TRACON& Tower with Radar,6,36,32,0,74,0,5,15,0,20,6,41,47,0,94,2,0,2,96
06/27/2011,FWA,IN,AGL,CE,Combined TRACON& Tower with Radar,8,42,24,3,77,0,2,7,5,14,8,44,31,8,91,2,10,12,103
06/28/2011,FWA,IN,AGL,CE,Combined TRACON& Tower with Radar,10,52,20,8,90,0,4,22,14,40,10,56,42,22,130,74,36,110,240
06/29/2011,FWA,IN,AGL,CE,Combined TRACON& Tower with Radar,8,49,44,15,116,0,4,25,6,35,8,53,69,21,151,36,0,36,187
06/30/2011,FWA,IN,AGL,CE,Combined TRACON& Tower with Radar,11,44,31,4,90,0,4,21,2,27,11,48,52,6,117,32,0,32,149
07/01/2011,FWA,IN,AGL,CE,Combined TRACON& Tower with Radar,10,41,21,0,72,0,8,9,0,17,10,49,30,0,89,0,0,0,89
07/02/2011,FWA,IN,AGL,CE,Combined TRACON& Tower with Radar,2,35,8,0,45,0,4,15,0,19,2,39,23,0,64,0,0,0,64
07/03/2011,FWA,IN,AGL,CE,Combined TRACON& Tower with Radar,4,28,16,0,48,0,5,12,2,19,4,33,28,2,67,0,0,0,67
07/04/2011,FWA,IN,AGL,CE,Combined TRACON& Tower with Radar,4,32,4,0,40,0,3,13,4,20,4,35,17,4,60,22,12,34,94
07/05/2011,FWA,IN,AGL,CE,Combined TRACON& Tower with Radar,6,39,11,1,57,0,3,13,9,25,6,42,24,10,82,12,0,12,94
07/06/2011,FWA,IN,AGL,CE,Combined TRACON& Tower with Radar,11,45,15,1,72,0,2,11,7,20,11,47,26,8,92,36,4,40,132
07/07/2011,FWA,IN,AGL,CE,Combined TRACON& Tower with Radar,12,46,18,2,78,0,0,19,8,27,12,46,37,10,105,21,8,29,134
07/08/2011,FWA,IN,AGL,CE,Combined TRACON& Tower with Radar,10,46,16,3,75,0,2,29,8,39,10,48,45,11,114,22,8,30,144
07/09/2011,FWA,IN,AGL,CE,Combined TRACON& Tower with Radar,2,34,5,2,43,0,4,16,3,23,2,38,21,5,66,0,0,0,66
07/10/2011,FWA,IN,AGL,CE,Combined TRACON& Tower with Radar,6,37,17,0,60,0,1,15,0,16,6,38,32,0,76,0,0,0,76
07/11/2011,FWA,IN,AGL,CE,Combined TRACON& Tower with Radar,15,51,17,4,87,0,4,17,8,29,15,55,34,12,116,6,10,16,132
07/12/2011,FWA,IN,AGL,CE,Combined TRACON& Tower with Radar,11,47,28,7,93,0,0,21,12,33,11,47,49,19,126,7,0,7,133
07/13/2011,FWA,IN,AGL,CE,Combined TRACON& Tower with Radar,12,45,17,15,89,0,0,27,6,33,12,45,44,21,122,18,8,26,148
07/14/2011,FWA,IN,AGL,CE,Combined TRACON& Tower with Radar,12,51,34,4,101,0,5,37,8,50,12,56,71,12,151,40,7,47,198
07/15/2011,FWA,IN,AGL,CE,Combined TRACON& Tower with Radar,8,50,27,10,95,0,5,10,7,22,8,55,37,17,117,0,12,12,129
07/16/2011,FWA,IN,AGL,CE,Combined TRACON& Tower with Radar,2,33,11,0,46,0,0,10,0,10,2,33,21,0,56,20,0,20,76
07/17/2011,FWA,IN,AGL,CE,Combined TRACON& Tower with Radar,4,36,17,1,58,0,2,4,0,6,4,38,21,1,64,0,0,0,64
07/18/2011,FWA,IN,AGL,CE,Combined TRACON& Tower with Radar,8,53,19,9,89,0,3,11,0,14,8,56,30,9,103,20,18,38,141
07/19/2011,FWA,IN,AGL,CE,Combined TRACON& Tower with Radar,10,53,13,10,86,0,2,16,4,22,10,55,29,14,108,0,0,0,108
07/20/2011,FWA,IN,AGL,CE,Combined TRACON& Tower with Radar,8,45,24,13,90,0,5,11,4,20,8,50,35,17,110,10,6,16,126
07/21/2011,FWA,IN,AGL,CE,Combined TRACON& Tower with Radar,12,54,32,18,116,0,5,18,5,28,12,59,50,23,144,12,6,18,162
07/22/2011,FWA,IN,AGL,CE,Combined TRACON& Tower with Radar,10,43,12,1,66,0,2,24,7,33,10,45,36,8,99,26,0,26,125
07/23/2011,FWA,IN,AGL,CE,Combined TRACON& Tower with Radar,2,34,14,0,50,0,5,6,0,11,2,39,20,0,61,0,0,0,61
07/24/2011,FWA,IN,AGL,CE,Combined TRACON& Tower with Radar,4,36,23,0,63,0,3,13,0,16,4,39,36,0,79,0,0,0,79
07/25/2011,FWA,IN,AGL,CE,Combined TRACON& Tower with Radar,6,45,35,7,93,0,5,8,5,18,6,50,43,12,111,0,0,0,111
07/26/2011,FWA,IN,AGL,CE,Combined TRACON& Tower with Radar,9,49,26,11,95,0,2,30,7,39,9,51,56,18,134,7,0,7,141
07/27/2011,FWA,IN,AGL,CE,Combined TRACON& Tower with Radar,9,41,26,2,78,0,7,27,7,41,9,48,53,9,119,32,8,40,159
07/28/2011,FWA,IN,AGL,CE,Combined TRACON& Tower with Radar,12,47,27,8,94,0,7,19,0,26,12,54,46,8,120,0,0,0,120
07/29/2011,FWA,IN,AGL,CE,Combined TRACON& Tower with Radar,8,57,24,0,89,0,2,13,1,16,8,59,37,1,105,6,0,6,111
07/30/2011,FWA,IN,AGL,CE,Combined TRACON& Tower with Radar,2,38,10,0,50,0,2,23,0,25,2,40,33,0,75,0,0,0,75
07/31/2011,FWA,IN,AGL,CE,Combined TRACON& Tower with Radar,4,46,16,0,66,0,4,20,4,28,4,50,36,4,94,20,0,20,114
08/01/2011,FWA,IN,AGL,CE,Combined TRACON& Tower with Radar,6,52,33,0,91,0,2,11,0,13,6,54,44,0,104,8,0,8,112
08/02/2011,FWA,IN,AGL,CE,Combined TRACON& Tower with Radar,10,45,29,10,94,0,3,14,7,24,10,48,43,17,118,2,0,2,120
08/03/2011,FWA,IN,AGL,CE,Combined TRACON& Tower with Radar,10,49,35,16,110,0,5,9,11,25,10,54,44,27,135,14,4,18,153
08/04/2011,FWA,IN,AGL,CE,Combined TRACON& Tower with Radar,14,54,33,4,105,0,1,7,8,16,14,55,40,12,121,0,4,4,125
08/05/2011,FWA,IN,AGL,CE,Combined TRACON& Tower with Radar,12,49,31,10,102,0,6,19,10,35,12,55,50,20,137,3,0,3,140
08/06/2011,FWA,IN,AGL,CE,Combined TRACON& Tower with Radar,4,35,10,0,49,0,8,4,0,12,4,43,14,0,61,22,0,22,83
08/07/2011,FWA,IN,AGL,CE,Combined TRACON& Tower with Radar,4,37,30,0,71,0,9,9,0,18,4,46,39,0,89,2,0,2,91
08/08/2011,FWA,IN,AGL,CE,Combined TRACON& Tower with Radar,6,50,11,0,67,0,1,8,4,13,6,51,19,4,80,16,0,16,96
08/09/2011,FWA,IN,AGL,CE,Combined TRACON& Tower with Radar,14,49,32,12,107,0,1,13,5,19,14,50,45,17,126,14,0,14,140
08/10/2011,FWA,IN,AGL,CE,Combined TRACON& Tower with Radar,6,51,29,6,92,0,5,34,3,42,6,56,63,9,134,44,0,44,178
08/11/2011,FWA,IN,AGL,CE,Combined TRACON& Tower with Radar,14,49,31,9,103,0,0,45,5,50,14,49,76,14,153,62,0,62,215
08/12/2011,FWA,IN,AGL,CE,Combined TRACON& Tower with Radar,8,45,26,2,81,0,3,30,7,40,8,48,56,9,121,10,2,12,133
08/13/2011,FWA,IN,AGL,CE,Combined TRACON& Tower with Radar,4,39,9,0,52,0,4,5,0,9,4,43,14,0,61,6,0,6,67
08/14/2011,FWA,IN,AGL,CE,Combined TRACON& Tower with Radar,4,43,28,0,75,0,6,3,0,9,4,49,31,0,84,3,0,3,87
08/15/2011,FWA,IN,AGL,CE,Combined TRACON& Tower with Radar,6,47,14,2,69,0,3,18,0,21,6,50,32,2,90,0,0,0,90
08/16/2011,FWA,IN,AGL,CE,Combined TRACON& Tower with Radar,10,41,19,1,71,0,1,30,8,39,10,42,49,9,110,6,0,6,116
08/17/2011,FWA,IN,AGL,CE,Combined TRACON& Tower with Radar,8,55,28,0,91,0,0,24,8,32,8,55,52,8,123,28,0,28,151
08/18/2011,FWA,IN,AGL,CE,Combined TRACON& Tower with Radar,11,48,25,4,88,0,3,18,15,36,11,51,43,19,124,14,6,20,144
08/19/2011,FWA,IN,AGL,CE,Combined TRACON& Tower with Radar,6,41,27,5,79,0,0,28,8,36,6,41,55,13,115,8,4,12,127
08/20/2011,FWA,IN,AGL,CE,Combined TRACON& Tower with Radar,4,34,14,1,53,0,0,5,6,11,4,34,19,7,64,2,8,10,74
08/21/2011,FWA,IN,AGL,CE,Combined TRACON& Tower with Radar,4,34,17,3,58,0,4,10,5,19,4,38,27,8,77,8,3,11,88
08/22/2011,FWA,IN,AGL,CE,Combined TRACON& Tower with Radar,4,41,18,1,64,0,8,18,9,35,4,49,36,10,99,0,8,8,107
08/23/2011,FWA,IN,AGL,CE,Combined TRACON& Tower with Radar,8,34,29,0,71,0,1,21,6,28,8,35,50,6,99,8,0,8,107
08/24/2011,FWA,IN,AGL,CE,Combined TRACON& Tower with Radar,9,44,30,5,88,0,2,5,7,14,9,46,35,12,102,0,4,4,106
08/25/2011,FWA,IN,AGL,CE,Combined TRACON& Tower with Radar,17,48,34,9,108,0,6,24,4,34,17,54,58,13,142,24,4,28,170
08/26/2011,FWA,IN,AGL,CE,Combined TRACON& Tower with Radar,10,45,29,0,84,0,0,26,8,34,10,45,55,8,118,8,8,16,134
08/27/2011,FWA,IN,AGL,CE,Combined TRACON& Tower with Radar,2,32,9,0,43,0,8,12,0,20,2,40,21,0,63,18,0,18,81
08/28/2011,FWA,IN,AGL,CE,Combined TRACON& Tower with Radar,5,34,28,0,67,0,4,49,2,55,5,38,77,2,122,30,0,30,152
08/29/2011,FWA,IN,AGL,CE,Combined TRACON& Tower with Radar,4,44,29,2,79,0,2,21,6,29,4,46,50,8,108,0,0,0,108
08/30/2011,FWA,IN,AGL,CE,Combined TRACON& Tower with Radar,8,43,27,0,78,0,5,22,4,31,8,48,49,4,109,38,10,48,157
08/31/2011,FWA,IN,AGL,CE,Combined TRACON& Tower with Radar,8,45,27,5,85,0,1,13,4,18,8,46,40,9,103,0,4,4,107
09/01/2011,FWA,IN,AGL,CE,Combined TRACON& Tower with Radar,6,31,25,4,66,0,1,15,9,25,6,32,40,13,91,0,0,0,91
09/02/2011,FWA,IN,AGL,CE,Combined TRACON& Tower with Radar,2,23,9,0,34,0,0,11,0,11,2,23,20,0,45,0,0,0,45
09/03/2011,FWA,IN,AGL,CE,Combined TRACON& Tower with Radar,4,24,22,0,50,0,1,15,0,16,4,25,37,0,66,4,0,4,70
09/04/2011,FWA,IN,AGL,CE,Combined TRACON& Tower with Radar,4,22,8,0,34,0,3,6,0,9,4,25,14,0,43,13,0,13,56
09/05/2011,FWA,IN,AGL,CE,Combined TRACON& Tower with Radar,0,37,17,0,54,0,1,2,0,3,0,38,19,0,57,8,0,8,65
09/06/2011,FWA,IN,AGL,CE,Combined TRACON& Tower with Radar,6,41,34,3,84,0,2,3,5,10,6,43,37,8,94,4,0,4,98
09/07/2011,FWA,IN,AGL,CE,Combined TRACON& Tower with Radar,9,38,19,9,75,0,3,1,1,5,9,41,20,10,80,0,0,0,80
09/08/2011,FWA,IN,AGL,CE,Combined TRACON& Tower with Radar,12,39,58,6,115,0,0,0,0,0,12,39,58,6,115,0,0,0,115
09/09/2011,FWA,IN,AGL,CE,Combined TRACON& Tower with Radar,8,44,22,15,89,0,4,3,1,8,8,48,25,16,97,16,0,16,113
09/10/2011,FWA,IN,AGL,CE,Combined TRACON& Tower with Radar,2,31,9,2,44,0,8,7,1,16,2,39,16,3,60,2,2,4,64
09/11/2011,FWA,IN,AGL,CE,Combined TRACON& Tower with Radar,4,37,23,0,64,0,0,19,3,22,4,37,42,3,86,16,0,16,102
09/12/2011,FWA,IN,AGL,CE,Combined TRACON& Tower with Radar,6,39,13,12,70,0,5,19,0,24,6,44,32,12,94,10,14,24,118
09/13/2011,FWA,IN,AGL,CE,Combined TRACON& Tower with Radar,10,34,25,13,82,0,3,8,5,16,10,37,33,18,98,0,14,14,112
09/14/2011,FWA,IN,AGL,CE,Combined TRACON& Tower with Radar,7,39,29,4,79,0,2,8,6,16,7,41,37,10,95,0,6,6,101
09/15/2011,FWA,IN,AGL,CE,Combined TRACON& Tower with Radar,15,41,46,2,104,0,4,22,6,32,15,45,68,8,136,8,0,8,144
09/16/2011,FWA,IN,AGL,CE,Combined TRACON& Tower with Radar,6,40,21,0,67,0,2,21,10,33,6,42,42,10,100,30,6,36,136
09/17/2011,FWA,IN,AGL,CE,Combined TRACON& Tower with Radar,5,30,12,0,47,0,2,19,0,21,5,32,31,0,68,40,0,40,108
09/18/2011,FWA,IN,AGL,CE,Combined TRACON& Tower with Radar,4,31,21,0,56,0,3,23,2,28,4,34,44,2,84,20,0,20,104
09/19/2011,FWA,IN,AGL,CE,Combined TRACON& Tower with Radar,8,44,25,17,94,0,4,0,0,4,8,48,25,17,98,0,0,0,98
09/20/2011,FWA,IN,AGL,CE,Combined TRACON& Tower with Radar,6,41,23,9,79,0,0,15,3,18,6,41,38,12,97,16,0,16,113
09/21/2011,FWA,IN,AGL,CE,Combined TRACON& Tower with Radar,8,45,21,13,87,0,6,11,3,20,8,51,32,16,107,10,0,10,117
09/22/2011,FWA,IN,AGL,CE,Combined TRACON& Tower with Radar,12,44,40,1,97,0,12,16,5,33,12,56,56,6,130,4,8,12,142
09/23/2011,FWA,IN,AGL,CE,Combined TRACON& Tower with Radar,8,45,24,6,83,0,3,6,12,21,8,48,30,18,104,12,4,16,120
09/24/2011,FWA,IN,AGL,CE,Combined TRACON& Tower with Radar,2,29,9,0,40,0,0,3,0,3,2,29,12,0,43,0,0,0,43
09/25/2011,FWA,IN,AGL,CE,Combined TRACON& Tower with Radar,5,39,17,0,61,0,3,6,0,9,5,42,23,0,70,2,0,2,72
09/26/2011,FWA,IN,AGL,CE,Combined TRACON& Tower with Radar,5,40,25,8,78,0,1,15,2,18,5,41,40,10,96,6,0,6,102
09/27/2011,FWA,IN,AGL,CE,Combined TRACON& Tower with Radar,8,35,26,6,75,0,2,6,4,12,8,37,32,10,87,0,4,4,91
09/28/2011,FWA,IN,AGL,CE,Combined TRACON& Tower with Radar,8,40,25,11,84,0,2,3,2,7,8,42,28,13,91,0,0,0,91
09/29/2011,FWA,IN,AGL,CE,Combined TRACON& Tower with Radar,16,41,31,7,95,0,4,3,3,10,16,45,34,10,105,0,24,24,129
09/30/2011,FWA,IN,AGL,CE,Combined TRACON& Tower with Radar,9,42,24,7,82,0,3,2,4,9,9,45,26,11,91,4,4,8,99
10/01/2011,FWA,IN,AGL,CE,Combined TRACON& Tower with Radar,3,35,18,0,56,0,6,8,0,14,3,41,26,0,70,0,0,0,70
10/02/2011,FWA,IN,AGL,CE,Combined TRACON& Tower with Radar,4,36,11,0,51,0,2,14,0,16,4,38,25,0,67,13,0,13,80
10/03/2011,FWA,IN,AGL,CE,Combined TRACON& Tower with Radar,4,40,18,1,63,0,3,32,8,43,4,43,50,9,106,22,0,22,128
10/04/2011,FWA,IN,AGL,CE,Combined TRACON& Tower with Radar,12,36,20,7,75,0,4,32,5,41,12,40,52,12,116,50,2,52,168
10/05/2011,FWA,IN,AGL,CE,Combined TRACON& Tower with Radar,10,45,32,14,101,0,5,31,10,46,10,50,63,24,147,12,12,24,171
10/06/2011,FWA,IN,AGL,CE,Combined TRACON& Tower with Radar,12,44,21,1,78,0,6,43,8,57,12,50,64,9,135,36,2,38,173
10/07/2011,FWA,IN,AGL,CE,Combined TRACON& Tower with Radar,8,43,30,5,86,0,2,22,0,24,8,45,52,5,110,22,0,22,132
10/08/2011,FWA,IN,AGL,CE,Combined TRACON& Tower with Radar,2,28,8,0,38,0,2,19,0,21,2,30,27,0,59,20,0,20,79
10/09/2011,FWA,IN,AGL,CE,Combined TRACON& Tower with Radar,4,37,19,0,60,0,8,20,0,28,4,45,39,0,88,22,0,22,110
10/10/2011,FWA,IN,AGL,CE,Combined TRACON& Tower with Radar,4,37,11,0,52,0,3,16,0,19,4,40,27,0,71,10,0,10,81
10/11/2011,FWA,IN,AGL,CE,Combined TRACON& Tower with Radar,10,35,10,11,66,0,9,33,13,55,10,44,43,24,121,48,26,74,195
10/12/2011,FWA,IN,AGL,CE,Combined TRACON& Tower with Radar,8,40,14,3,65,0,3,15,6,24,8,43,29,9,89,0,4,4,93
10/13/2011,FWA,IN,AGL,CE,Combined TRACON& Tower with Radar,9,46,22,6,83,0,0,1,0,1,9,46,23,6,84,0,0,0,84
10/14/2011,FWA,IN,AGL,CE,Combined TRACON& Tower with Radar,8,45,12,1,66,0,1,6,4,11,8,46,18,5,77,0,8,8,85
10/15/2011,FWA,IN,AGL,CE,Combined TRACON& Tower with Radar,2,32,1,0,35,0,10,1,4,15,2,42,2,4,50,0,4,4,54
10/16/2011,FWA,IN,AGL,CE,Combined TRACON& Tower with Radar,4,36,7,0,47,0,8,9,7,24,4,44,16,7,71,25,4,29,100
10/17/2011,FWA,IN,AGL,CE,Combined TRACON& Tower with Radar,6,38,13,0,57,0,7,15,0,22,6,45,28,0,79,4,0,4,83
10/18/2011,FWA,IN,AGL,CE,Combined TRACON& Tower with Radar,8,35,45,0,88,0,3,18,4,25,8,38,63,4,113,0,0,0,113
10/19/2011,FWA,IN,AGL,CE,Combined TRACON& Tower with Radar,8,35,27,0,70,0,0,0,0,0,8,35,27,0,70,0,0,0,70
10/20/2011,FWA,IN,AGL,CE,Combined TRACON& Tower with Radar,12,44,28,8,92,0,7,0,0,7,12,51,28,8,99,0,0,0,99
10/21/2011,FWA,IN,AGL,CE,Combined TRACON& Tower with Radar,12,50,20,6,88,0,5,18,3,26,12,55,38,9,114,10,0,10,124
10/22/2011,FWA,IN,AGL,CE,Combined TRACON& Tower with Radar,2,30,16,0,48,0,6,18,0,24,2,36,34,0,72,6,0,6,78
10/23/2011,FWA,IN,AGL,CE,Combined TRACON& Tower with Radar,4,36,13,0,53,0,0,27,0,27,4,36,40,0,80,14,0,14,94
10/24/2011,FWA,IN,AGL,CE,Combined TRACON& Tower with Radar,4,41,18,0,63,0,0,28,0,28,4,41,46,0,91,28,0,28,119
10/25/2011,FWA,IN,AGL,CE,Combined TRACON& Tower with Radar,8,35,30,4,77,0,6,19,6,31,8,41,49,10,108,58,4,62,170
10/26/2011,FWA,IN,AGL,CE,Combined TRACON& Tower with Radar,8,38,33,36,115,0,1,7,8,16,8,39,40,44,131,38,22,60,191
10/27/2011,FWA,IN,AGL,CE,Combined TRACON& Tower with Radar,11,39,35,12,97,0,1,13,2,16,11,40,48,14,113,12,2,14,127
10/28/2011,FWA,IN,AGL,CE,Combined TRACON& Tower with Radar,7,44,23,0,74,0,4,40,9,53,7,48,63,9,127,64,16,80,207
10/29/2011,FWA,IN,AGL,CE,Combined TRACON& Tower with Radar,2,31,21,0,54,0,4,16,0,20,2,35,37,0,74,22,0,22,96
10/30/2011,FWA,IN,AGL,CE,Combined TRACON& Tower with Radar,4,36,4,0,44,0,2,8,0,10,4,38,12,0,54,0,0,0,54
10/31/2011,FWA,IN,AGL,CE,Combined TRACON& Tower with Radar,4,40,27,2,73,0,5,36,0,41,4,45,63,2,114,108,6,114,228
11/01/2011,FWA,IN,AGL,CE,Combined TRACON& Tower with Radar,8,37,32,4,81,0,0,25,6,31,8,37,57,10,112,26,0,26,138
11/02/2011,FWA,IN,AGL,CE,Combined TRACON& Tower with Radar,8,46,35,4,93,0,4,20,10,34,8,50,55,14,127,16,16,32,159
11/03/2011,FWA,IN,AGL,CE,Combined TRACON& Tower with Radar,12,40,20,2,74,0,5,11,8,24,12,45,31,10,98,0,0,0,98
11/04/2011,FWA,IN,AGL,CE,Combined TRACON& Tower with Radar,6,50,26,6,88,0,4,12,7,23,6,54,38,13,111,28,2,30,141
11/05/2011,FWA,IN,AGL,CE,Combined TRACON& Tower with Radar,3,36,14,4,57,0,4,20,3,27,3,40,34,7,84,4,0,4,88
11/06/2011,FWA,IN,AGL,CE,Combined TRACON& Tower with Radar,4,35,13,1,53,0,9,17,9,35,4,44,30,10,88,8,0,8,96
11/07/2011,FWA,IN,AGL,CE,Combined TRACON& Tower with Radar,5,52,22,9,88,0,1,1,0,2,5,53,23,9,90,0,0,0,90
11/08/2011,FWA,IN,AGL,CE,Combined TRACON& Tower with Radar,8,37,23,6,74,0,8,10,9,27,8,45,33,15,101,15,8,23,124
11/09/2011,FWA,IN,AGL,CE,Combined TRACON& Tower with Radar,8,44,27,8,87,0,2,1,2,5,8,46,28,10,92,0,0,0,92
11/10/2011,FWA,IN,AGL,CE,Combined TRACON& Tower with Radar,12,43,23,7,85,0,2,11,10,23,12,45,34,17,108,12,2,14,122
11/11/2011,FWA,IN,AGL,CE,Combined TRACON& Tower with Radar,6,38,15,0,59,0,6,26,2,34,6,44,41,2,93,23,0,23,116
11/12/2011,FWA,IN,AGL,CE,Combined TRACON& Tower with Radar,2,27,10,0,39,0,2,4,0,6,2,29,14,0,45,2,0,2,47
11/13/2011,FWA,IN,AGL,CE,Combined TRACON& Tower with Radar,4,31,8,0,43,0,4,0,0,4,4,35,8,0,47,0,0,0,47
11/14/2011,FWA,IN,AGL,CE,Combined TRACON& Tower with Radar,4,41,7,2,54,0,3,0,0,3,4,44,7,2,57,0,0,0,57
11/15/2011,FWA,IN,AGL,CE,Combined TRACON& Tower with Radar,10,45,22,8,85,0,3,9,1,13,10,48,31,9,98,26,0,26,124
11/16/2011,FWA,IN,AGL,CE,Combined TRACON& Tower with Radar,10,42,32,5,89,0,4,14,3,21,10,46,46,8,110,16,8,24,134
11/17/2011,FWA,IN,AGL,CE,Combined TRACON& Tower with Radar,10,49,25,11,95,0,7,32,3,42,10,56,57,14,137,22,0,22,159
11/18/2011,FWA,IN,AGL,CE,Combined TRACON& Tower with Radar,8,40,7,8,63,0,7,8,8,23,8,47,15,16,86,0,16,16,102
11/19/2011,FWA,IN,AGL,CE,Combined TRACON& Tower with Radar,8,34,18,0,60,0,0,6,0,6,8,34,24,0,66,14,0,14,80
11/20/2011,FWA,IN,AGL,CE,Combined TRACON& Tower with Radar,2,37,24,0,63,0,0,17,0,17,2,37,41,0,80,55,0,55,135
11/21/2011,FWA,IN,AGL,CE,Combined TRACON& Tower with Radar,8,42,31,10,91,0,13,1,1,15,8,55,32,11,106,6,0,6,112
11/22/2011,FWA,IN,AGL,CE,Combined TRACON& Tower with Radar,11,44,14,4,73,0,2,1,0,3,11,46,15,4,76,0,0,0,76
11/23/2011,FWA,IN,AGL,CE,Combined TRACON& Tower with Radar,8,47,18,3,76,0,5,15,8,28,8,52,33,11,104,0,0,0,104
11/24/2011,FWA,IN,AGL,CE,Combined TRACON& Tower with Radar,7,20,3,0,30,0,5,0,0,5,7,25,3,0,35,0,0,0,35
11/25/2011,FWA,IN,AGL,CE,Combined TRACON& Tower with Radar,6,27,5,0,38,0,6,15,0,21,6,33,20,0,59,7,0,7,66
11/26/2011,FWA,IN,AGL,CE,Combined TRACON& Tower with Radar,2,36,7,0,45,0,6,6,0,12,2,42,13,0,57,0,0,0,57
11/27/2011,FWA,IN,AGL,CE,Combined TRACON& Tower with Radar,2,43,14,0,59,0,2,0,0,2,2,45,14,0,61,0,0,0,61
11/28/2011,FWA,IN,AGL,CE,Combined TRACON& Tower with Radar,6,40,23,4,73,0,0,2,0,2,6,40,25,4,75,4,2,6,81
11/29/2011,FWA,IN,AGL,CE,Combined TRACON& Tower with Radar,6,30,31,0,67,0,0,0,0,0,6,30,31,0,67,0,0,0,67
11/30/2011,FWA,IN,AGL,CE,Combined TRACON& Tower with Radar,8,43,30,9,90,0,0,30,2,32,8,43,60,11,122,10,0,10,132
12/01/2011,FWA,IN,AGL,CE,Combined TRACON& Tower with Radar,12,42,40,11,105,0,10,21,0,31,12,52,61,11,136,20,0,20,156
12/02/2011,FWA,IN,AGL,CE,Combined TRACON& Tower with Radar,8,42,28,11,89,0,3,5,1,9,8,45,33,12,98,4,4,8,106
12/03/2011,FWA,IN,AGL,CE,Combined TRACON& Tower with Radar,2,32,14,13,61,0,1,30,1,32,2,33,44,14,93,110,16,126,219
12/04/2011,FWA,IN,AGL,CE,Combined TRACON& Tower with Radar,4,39,13,10,66,0,5,1,3,9,4,44,14,13,75,0,0,0,75
12/05/2011,FWA,IN,AGL,CE,Combined TRACON& Tower with Radar,6,42,17,0,65,0,1,0,0,1,6,43,17,0,66,0,0,0,66
12/06/2011,FWA,IN,AGL,CE,Combined TRACON& Tower with Radar,10,41,13,9,73,0,2,8,1,11,10,43,21,10,84,0,0,0,84
12/07/2011,FWA,IN,AGL,CE,Combined TRACON& Tower with Radar,8,43,43,8,102,0,19,27,5,51,8,62,70,13,153,4,8,12,165
12/08/2011,FWA,IN,AGL,CE,Combined TRACON& Tower with Radar,10,41,28,1,80,0,8,33,6,47,10,49,61,7,127,38,0,38,165
12/09/2011,FWA,IN,AGL,CE,Combined TRACON& Tower with Radar,10,43,15,7,75,0,1,4,2,7,10,44,19,9,82,0,0,0,82
12/10/2011,FWA,IN,AGL,CE,Combined TRACON& Tower with Radar,4,28,19,0,51,0,3,32,0,35,4,31,51,0,86,28,0,28,114
12/11/2011,FWA,IN,AGL,CE,Combined TRACON& Tower with Radar,2,34,12,0,48,0,1,29,0,30,2,35,41,0,78,10,0,10,88
12/12/2011,FWA,IN,AGL,CE,Combined TRACON& Tower with Radar,6,43,18,0,67,0,8,30,0,38,6,51,48,0,105,38,0,38,143
12/13/2011,FWA,IN,AGL,CE,Combined TRACON& Tower with Radar,8,41,34,8,91,0,0,5,2,7,8,41,39,10,98,40,3,43,141
12/14/2011,FWA,IN,AGL,CE,Combined TRACON& Tower with Radar,6,44,25,4,79,0,1,0,0,1,6,45,25,4,80,0,0,0,80
12/15/2011,FWA,IN,AGL,CE,Combined TRACON& Tower with Radar,8,49,28,7,92,0,4,3,0,7,8,53,31,7,99,0,6,6,105
12/16/2011,FWA,IN,AGL,CE,Combined TRACON& Tower with Radar,8,43,25,0,76,0,11,17,4,32,8,54,42,4,108,46,2,48,156
12/17/2011,FWA,IN,AGL,CE,Combined TRACON& Tower with Radar,2,29,17,0,48,0,2,0,0,2,2,31,17,0,50,0,0,0,50
12/18/2011,FWA,IN,AGL,CE,Combined TRACON& Tower with Radar,2,33,27,0,62,0,2,22,0,24,2,35,49,0,86,5,0,5,91
12/19/2011,FWA,IN,AGL,CE,Combined TRACON& Tower with Radar,6,35,24,0,65,0,5,15,0,20,6,40,39,0,85,6,0,6,91
12/20/2011,FWA,IN,AGL,CE,Combined TRACON& Tower with Radar,10,43,28,3,84,0,0,0,0,0,10,43,28,3,84,0,0,0,84
12/21/2011,FWA,IN,AGL,CE,Combined TRACON& Tower with Radar,10,44,19,12,85,0,5,2,1,8,10,49,21,13,93,0,0,0,93
12/22/2011,FWA,IN,AGL,CE,Combined TRACON& Tower with Radar,12,40,22,5,79,0,6,2,2,10,12,46,24,7,89,6,0,6,95
12/23/2011,FWA,IN,AGL,CE,Combined TRACON& Tower with Radar,10,41,21,0,72,0,3,16,0,19,10,44,37,0,91,0,0,0,91
12/24/2011,FWA,IN,AGL,CE,Combined TRACON& Tower with Radar,6,24,5,0,35,0,15,19,0,34,6,39,24,0,69,80,0,80,149
12/25/2011,FWA,IN,AGL,CE,Combined TRACON& Tower with Radar,2,25,5,0,32,0,4,0,0,4,2,29,5,0,36,0,0,0,36
12/26/2011,FWA,IN,AGL,CE,Combined TRACON& Tower with Radar,2,39,16,0,57,0,10,24,0,34,2,49,40,0,91,12,0,12,103
12/27/2011,FWA,IN,AGL,CE,Combined TRACON& Tower with Radar,9,36,6,0,51,0,4,0,0,4,9,40,6,0,55,0,0,0,55
12/28/2011,FWA,IN,AGL,CE,Combined TRACON& Tower with Radar,9,41,21,8,79,0,5,23,3,31,9,46,44,11,110,20,18,38,148
12/29/2011,FWA,IN,AGL,CE,Combined TRACON& Tower with Radar,12,39,9,1,61,0,3,13,6,22,12,42,22,7,83,0,2,2,85
12/30/2011,FWA,IN,AGL,CE,Combined TRACON& Tower with Radar,10,37,8,0,55,0,7,0,0,7,10,44,8,0,62,0,0,0,62
12/31/2011,FWA,IN,AGL,CE,Combined TRACON& Tower with Radar,2,24,33,0,59,0,2,2,0,4,2,26,35,0,63,2,0,2,65
01/01/2012,FWA,IN,AGL,CE,Combined TRACON& Tower with Radar,2,29,4,0,35,0,4,1,0,5,2,33,5,0,40,0,0,0,40
01/02/2012,FWA,IN,AGL,CE,Combined TRACON& Tower with Radar,2,38,3,0,43,0,6,0,0,6,2,44,3,0,49,0,6,6,55
01/03/2012,FWA,IN,AGL,CE,Combined TRACON& Tower with Radar,10,45,16,1,72,0,9,7,8,24,10,54,23,9,96,0,0,0,96
01/04/2012,FWA,IN,AGL,CE,Combined TRACON& Tower with Radar,8,42,24,6,80,0,9,6,8,23,8,51,30,14,103,2,20,22,125
01/05/2012,FWA,IN,AGL,CE,Combined TRACON& Tower with Radar,12,39,23,3,77,0,5,24,6,35,12,44,47,9,112,36,12,48,160
01/06/2012,FWA,IN,AGL,CE,Combined TRACON& Tower with Radar,10,40,22,6,78,0,7,27,6,40,10,47,49,12,118,24,2,26,144
01/07/2012,FWA,IN,AGL,CE,Combined TRACON& Tower with Radar,4,37,19,6,66,0,4,26,2,32,4,41,45,8,98,8,0,8,106
01/08/2012,FWA,IN,AGL,CE,Combined TRACON& Tower with Radar,2,36,14,2,54,0,6,32,9,47,2,42,46,11,101,12,8,20,121
01/09/2012,FWA,IN,AGL,CE,Combined TRACON& Tower with Radar,6,38,24,0,68,0,6,20,0,26,6,44,44,0,94,60,0,60,154
01/10/2012,FWA,IN,AGL,CE,Combined TRACON& Tower with Radar,8,44,32,8,92,0,3,20,4,27,8,47,52,12,119,30,6,36,155
01/11/2012,FWA,IN,AGL,CE,Combined TRACON& Tower with Radar,8,40,33,3,84,0,14,8,2,24,8,54,41,5,108,0,0,0,108
01/12/2012,FWA,IN,AGL,CE,Combined TRACON& Tower with Radar,10,40,30,0,80,0,0,0,0,0,10,40,30,0,80,0,0,0,80
01/13/2012,FWA,IN,AGL,CE,Combined TRACON& Tower with Radar,8,51,8,5,72,0,3,0,0,3,8,54,8,5,75,2,0,2,77
01/14/2012,FWA,IN,AGL,CE,Combined TRACON& Tower with Radar,2,34,20,7,63,0,4,7,0,11,2,38,27,7,74,0,0,0,74
01/15/2012,FWA,IN,AGL,CE,Combined TRACON& Tower with Radar,2,33,18,0,53,0,13,21,0,34,2,46,39,0,87,2,0,2,89
01/16/2012,FWA,IN,AGL,CE,Combined TRACON& Tower with Radar,5,34,9,0,48,0,5,14,0,19,5,39,23,0,67,22,0,22,89
01/17/2012,FWA,IN,AGL,CE,Combined TRACON& Tower with Radar,7,46,22,0,75,0,2,1,0,3,7,48,23,0,78,2,0,2,80
01/18/2012,FWA,IN,AGL,CE,Combined TRACON& Tower with Radar,9,45,27,2,83,0,10,19,0,29,9,55,46,2,112,16,0,16,128
01/19/2012,FWA,IN,AGL,CE,Combined TRACON& Tower with Radar,9,39,35,0,83,0,0,1,0,1,9,39,36,0,84,0,0,0,84
01/20/2012,FWA,IN,AGL,CE,Combined TRACON& Tower with Radar,8,36,23,0,67,0,0,6,0,6,8,36,29,0,73,0,0,0,73
01/21/2012,FWA,IN,AGL,CE,Combined TRACON& Tower with Radar,6,39,11,0,56,0,6,8,0,14,6,45,19,0,70,28,0,28,98
01/22/2012,FWA,IN,AGL,CE,Combined TRACON& Tower with Radar,3,37,7,0,47,0,2,0,0,2,3,39,7,0,49,0,0,0,49
01/23/2012,FWA,IN,AGL,CE,Combined TRACON& Tower with Radar,6,34,6,0,46,0,3,2,0,5,6,37,8,0,51,0,0,0,51
01/24/2012,FWA,IN,AGL,CE,Combined TRACON& Tower with Radar,10,38,19,0,67,0,2,9,1,12,10,40,28,1,79,30,0,30,109
01/25/2012,FWA,IN,AGL,CE,Combined TRACON& Tower with Radar,8,40,28,0,76,0,8,10,0,18,8,48,38,0,94,16,0,16,110
01/26/2012,FWA,IN,AGL,CE,Combined TRACON& Tower with Radar,11,47,16,0,74,0,0,0,0,0,11,47,16,0,74,0,0,0,74
01/27/2012,FWA,IN,AGL,CE,Combined TRACON& Tower with Radar,9,44,41,2,96,0,4,6,0,10,9,48,47,2,106,4,0,4,110
01/28/2012,FWA,IN,AGL,CE,Combined TRACON& Tower with Radar,2,35,11,6,54,0,5,2,0,7,2,40,13,6,61,0,0,0,61
01/29/2012,FWA,IN,AGL,CE,Combined TRACON& Tower with Radar,2,36,4,2,44,0,10,3,0,13,2,46,7,2,57,0,0,0,57
01/30/2012,FWA,IN,AGL,CE,Combined TRACON& Tower with Radar,6,43,11,0,60,0,8,11,0,19,6,51,22,0,79,14,0,14,93
01/31/2012,FWA,IN,AGL,CE,Combined TRACON& Tower with Radar,8,36,20,0,64,0,5,8,0,13,8,41,28,0,77,2,0,2,79
02/01/2012,FWA,IN,AGL,CE,Combined TRACON& Tower with Radar,7,40,39,2,88,0,9,12,0,21,7,49,51,2,109,16,30,46,155
02/02/2012,FWA,IN,AGL,CE,Combined TRACON& Tower with Radar,10,42,29,8,89,0,9,27,4,40,10,51,56,12,129,38,8,46,175
02/03/2012,FWA,IN,AGL,CE,Combined TRACON& Tower with Radar,9,43,24,0,76,0,6,15,0,21,9,49,39,0,97,50,0,50,147
02/04/2012,FWA,IN,AGL,CE,Combined TRACON& Tower with Radar,2,34,6,0,42,0,0,0,0,0,2,34,6,0,42,8,0,8,50
02/05/2012,FWA,IN,AGL,CE,Combined TRACON& Tower with Radar,2,36,11,0,49,0,5,23,0,28,2,41,34,0,77,3,0,3,80
02/06/2012,FWA,IN,AGL,CE,Combined TRACON& Tower with Radar,6,43,18,0,67,0,2,10,0,12,6,45,28,0,79,0,0,0,79
02/07/2012,FWA,IN,AGL,CE,Combined TRACON& Tower with Radar,10,39,27,2,78,0,1,2,0,3,10,40,29,2,81,6,0,6,87
02/08/2012,FWA,IN,AGL,CE,Combined TRACON& Tower with Radar,8,38,20,6,72,0,0,15,0,15,8,38,35,6,87,12,0,12,99
02/09/2012,FWA,IN,AGL,CE,Combined TRACON& Tower with Radar,10,40,25,0,75,0,3,11,0,14,10,43,36,0,89,0,0,0,89
02/10/2012,FWA,IN,AGL,CE,Combined TRACON& Tower with Radar,12,30,12,0,54,0,1,0,0,1,12,31,12,0,55,0,0,0,55
02/11/2012,FWA,IN,AGL,CE,Combined TRACON& Tower with Radar,2,35,9,17,63,0,5,2,0,7,2,40,11,17,70,0,0,0,70
02/12/2012,FWA,IN,AGL,CE,Combined TRACON& Tower with Radar,2,33,17,2,54,0,6,11,0,17,2,39,28,2,71,22,0,22,93
02/13/2012,FWA,IN,AGL,CE,Combined TRACON& Tower with Radar,6,35,15,4,60,0,4,12,0,16,6,39,27,4,76,0,0,0,76
02/14/2012,FWA,IN,AGL,CE,Combined TRACON& Tower with Radar,10,47,16,1,74,0,8,0,0,8,10,55,16,1,82,0,2,2,84
02/15/2012,FWA,IN,AGL,CE,Combined TRACON& Tower with Radar,10,44,42,8,104,0,2,2,8,12,10,46,44,16,116,0,0,0,116
02/16/2012,FWA,IN,AGL,CE,Combined TRACON& Tower with Radar,13,37,16,7,73,0,0,1,0,1,13,37,17,7,74,0,2,2,76
02/17/2012,FWA,IN,AGL,CE,Combined TRACON& Tower with Radar,8,41,30,0,79,0,6,20,0,26,8,47,50,0,105,0,0,0,105
02/18/2012,FWA,IN,AGL,CE,Combined TRACON& Tower with Radar,8,36,19,0,63,0,4,22,0,26,8,40,41,0,89,6,4,10,99
02/19/2012,FWA,IN,AGL,CE,Combined TRACON& Tower with Radar,2,33,23,4,62,0,7,24,0,31,2,40,47,4,93,4,0,4,97
02/20/2012,FWA,IN,AGL,CE,Combined TRACON& Tower with Radar,6,39,13,0,58,0,5,33,0,38,6,44,46,0,96,0,0,0,96
02/21/2012,FWA,IN,AGL,CE,Combined TRACON& Tower with Radar,12,40,20,9,81,0,10,1,0,11,12,50,21,9,92,20,0,20,112
02/22/2012,FWA,IN,AGL,CE,Combined TRACON& Tower with Radar,10,40,29,0,79,0,6,22,10,38,10,46,51,10,117,19,0,19,136
02/23/2012,FWA,IN,AGL,CE,Combined TRACON& Tower with Radar,8,39,19,4,70,0,0,0,1,1,8,39,19,5,71,0,0,0,71
02/24/2012,FWA,IN,AGL,CE,Combined TRACON& Tower with Radar,11,41,6,0,58,0,1,3,0,4,11,42,9,0,62,0,0,0,62
02/25/2012,FWA,IN,AGL,CE,Combined TRACON& Tower with Radar,6,36,3,0,45,0,3,2,0,5,6,39,5,0,50,14,0,14,64
02/26/2012,FWA,IN,AGL,CE,Combined TRACON& Tower with Radar,2,34,19,0,55,0,7,16,0,23,2,41,35,0,78,6,0,6,84
02/27/2012,FWA,IN,AGL,CE,Combined TRACON& Tower with Radar,8,37,13,0,58,0,9,24,0,33,8,46,37,0,91,34,0,34,125
02/28/2012,FWA,IN,AGL,CE,Combined TRACON& Tower with Radar,12,41,34,13,100,0,4,26,8,38,12,45,60,21,138,0,0,0,138
02/29/2012,FWA,IN,AGL,CE,Combined TRACON& Tower with Radar,10,34,24,1,69,0,0,2,5,7,10,34,26,6,76,0,0,0,76
03/01/2012,FWA,IN,AGL,CE,Combined TRACON& Tower with Radar,11,41,13,4,69,0,5,12,7,24,11,46,25,11,93,32,10,42,135
03/02/2012,FWA,IN,AGL,CE,Combined TRACON& Tower with Radar,10,37,19,0,66,0,2,11,6,19,10,39,30,6,85,6,14,20,105
03/03/2012,FWA,IN,AGL,CE,Combined TRACON& Tower with Radar,6,32,0,0,38,0,4,2,0,6,6,36,2,0,44,6,8,14,58
03/04/2012,FWA,IN,AGL,CE,Combined TRACON& Tower with Radar,2,37,6,8,53,0,1,3,0,4,2,38,9,8,57,0,0,0,57
03/05/2012,FWA,IN,AGL,CE,Combined TRACON& Tower with Radar,6,41,12,0,59,0,5,30,0,35,6,46,42,0,94,50,0,50,144
03/06/2012,FWA,IN,AGL,CE,Combined TRACON& Tower with Radar,9,38,19,1,67,0,5,14,10,29,9,43,33,11,96,8,8,16,112
03/07/2012,FWA,IN,AGL,CE,Combined TRACON& Tower with Radar,15,40,23,2,80,0,4,18,15,37,15,44,41,17,117,6,0,6,123
03/08/2012,FWA,IN,AGL,CE,Combined TRACON& Tower with Radar,8,40,34,26,108,0,8,8,0,16,8,48,42,26,124,2,6,8,132
03/09/2012,FWA,IN,AGL,CE,Combined TRACON& Tower with Radar,10,44,32,1,87,0,1,25,17,43,10,45,57,18,130,18,4,22,152
03/10/2012,FWA,IN,AGL,CE,Combined TRACON& Tower with Radar,4,34,9,5,52,0,3,39,15,57,4,37,48,20,109,70,8,78,187
03/11/2012,FWA,IN,AGL,CE,Combined TRACON& Tower with Radar,2,36,20,0,58,0,8,27,0,35,2,44,47,0,93,38,0,38,131
03/12/2012,FWA,IN,AGL,CE,Combined TRACON& Tower with Radar,10,44,19,0,73,0,5,3,0,8,10,49,22,0,81,2,0,2,83
03/13/2012,FWA,IN,AGL,CE,Combined TRACON& Tower with Radar,10,47,34,7,98,0,6,31,14,51,10,53,65,21,149,0,8,8,157
03/14/2012,FWA,IN,AGL,CE,Combined TRACON& Tower with Radar,10,50,29,1,90,0,4,31,7,42,10,54,60,8,132,4,10,14,146
03/15/2012,FWA,IN,AGL,CE,Combined TRACON& Tower with Radar,13,47,18,2,80,0,9,10,13,32,13,56,28,15,112,0,14,14,126
03/16/2012,FWA,IN,AGL,CE,Combined TRACON& Tower with Radar,11,41,20,7,79,0,7,36,17,60,11,48,56,24,139,6,10,16,155
03/17/2012,FWA,IN,AGL,CE,Combined TRACON& Tower with Radar,4,41,5,0,50,0,16,12,0,28,4,57,17,0,78,0,0,0,78
03/18/2012,FWA,IN,AGL,CE,Combined TRACON& Tower with Radar,2,40,14,0,56,0,9,6,0,15,2,49,20,0,71,20,0,20,91
03/19/2012,FWA,IN,AGL,CE,Combined TRACON& Tower with Radar,10,42,17,1,70,0,11,24,0,35,10,53,41,1,105,17,0,17,122
03/20/2012,FWA,IN,AGL,CE,Combined TRACON& Tower with Radar,10,47,16,2,75,0,6,19,3,28,10,53,35,5,103,4,0,4,107
03/21/2012,FWA,IN,AGL,CE,Combined TRACON& Tower with Radar,14,43,31,1,89,0,8,38,4,50,14,51,69,5,139,18,0,18,157
03/22/2012,FWA,IN,AGL,CE,Combined TRACON& Tower with Radar,10,49,34,3,96,0,8,28,17,53,10,57,62,20,149,25,0,25,174
03/23/2012,FWA,IN,AGL,CE,Combined TRACON& Tower with Radar,10,41,22,9,82,0,0,6,11,17,10,41,28,20,99,0,20,20,119
03/24/2012,FWA,IN,AGL,CE,Combined TRACON& Tower with Radar,4,37,18,2,61,0,2,7,0,9,4,39,25,2,70,0,0,0,70
03/25/2012,FWA,IN,AGL,CE,Combined TRACON& Tower with Radar,2,46,24,0,72,0,0,8,0,8,2,46,32,0,80,0,0,0,80
03/26/2012,FWA,IN,AGL,CE,Combined TRACON& Tower with Radar,6,44,24,0,74,0,1,35,0,36,6,45,59,0,110,26,0,26,136
03/27/2012,FWA,IN,AGL,CE,Combined TRACON& Tower with Radar,11,46,25,3,85,0,6,33,8,47,11,52,58,11,132,52,2,54,186
03/28/2012,FWA,IN,AGL,CE,Combined TRACON& Tower with Radar,13,42,28,8,91,0,4,23,7,34,13,46,51,15,125,42,0,42,167
03/29/2012,FWA,IN,AGL,CE,Combined TRACON& Tower with Radar,11,43,25,8,87,0,3,19,7,29,11,46,44,15,116,0,0,0,116
03/30/2012,FWA,IN,AGL,CE,Combined TRACON& Tower with Radar,11,44,11,9,75,0,9,9,6,24,11,53,20,15,99,2,0,2,101
03/31/2012,FWA,IN,AGL,CE,Combined TRACON& Tower with Radar,8,33,20,0,61,0,6,5,0,11,8,39,25,0,72,32,0,32,104
04/01/2012,FWA,IN,AGL,CE,Combined TRACON& Tower with Radar,4,40,14,0,58,0,10,17,0,27,4,50,31,0,85,0,0,0,85
04/02/2012,FWA,IN,AGL,CE,Combined TRACON& Tower with Radar,8,43,15,1,67,0,23,15,11,49,8,66,30,12,116,10,4,14,130
04/03/2012,FWA,IN,AGL,CE,Combined TRACON& Tower with Radar,10,44,26,1,81,0,5,9,8,22,10,49,35,9,103,34,14,48,151
04/04/2012,FWA,IN,AGL,CE,Combined TRACON& Tower with Radar,12,41,19,1,73,0,5,38,10,53,12,46,57,11,126,46,0,46,172
04/05/2012,FWA,IN,AGL,CE,Combined TRACON& Tower with Radar,12,41,15,3,71,0,56,17,11,84,12,97,32,14,155,20,6,26,181
04/06/2012,FWA,IN,AGL,CE,Combined TRACON& Tower with Radar,10,51,7,0,68,0,2,26,0,28,10,53,33,0,96,20,0,20,116
04/07/2012,FWA,IN,AGL,CE,Combined TRACON& Tower with Radar,6,35,19,0,60,0,3,25,0,28,6,38,44,0,88,18,0,18,106
04/08/2012,FWA,IN,AGL,CE,Combined TRACON& Tower with Radar,4,36,6,0,46,0,1,6,0,7,4,37,12,0,53,0,0,0,53
04/09/2012,FWA,IN,AGL,CE,Combined TRACON& Tower with Radar,6,40,23,0,69,0,2,16,0,18,6,42,39,0,87,0,0,0,87
04/10/2012,FWA,IN,AGL,CE,Combined TRACON& Tower with Radar,10,46,19,6,81,0,1,12,10,23,10,47,31,16,104,0,0,0,104
04/11/2012,FWA,IN,AGL,CE,Combined TRACON& Tower with Radar,8,40,48,1,97,0,2,44,14,60,8,42,92,15,157,58,0,58,215
04/12/2012,FWA,IN,AGL,CE,Combined TRACON& Tower with Radar,9,43,34,2,88,0,0,25,14,39,9,43,59,16,127,18,0,18,145
04/13/2012,FWA,IN,AGL,CE,Combined TRACON& Tower with Radar,9,46,27,2,84,0,0,23,9,32,9,46,50,11,116,28,4,32,148
04/14/2012,FWA,IN,AGL,CE,Combined TRACON& Tower with Radar,3,31,12,2,48,0,6,2,3,11,3,37,14,5,59,0,0,0,59
04/15/2012,FWA,IN,AGL,CE,Combined TRACON& Tower with Radar,4,35,15,0,54,0,3,5,17,25,4,38,20,17,79,40,6,46,125
04/16/2012,FWA,IN,AGL,CE,Combined TRACON& Tower with Radar,7,38,14,0,59,0,2,3,1,6,7,40,17,1,65,22,0,22,87
04/17/2012,FWA,IN,AGL,CE,Combined TRACON& Tower with Radar,12,41,32,6,91,0,1,36,7,44,12,42,68,13,135,36,6,42,177
04/18/2012,FWA,IN,AGL,CE,Combined TRACON& Tower with Radar,11,39,20,3,73,0,2,31,8,41,11,41,51,11,114,4,20,24,138
04/19/2012,FWA,IN,AGL,CE,Combined TRACON& Tower with Radar,12,44,29,1,86,0,2,18,15,35,12,46,47,16,121,14,8,22,143
04/20/2012,FWA,IN,AGL,CE,Combined TRACON& Tower with Radar,8,41,17,6,72,0,0,9,4,13,8,41,26,10,85,20,0,20,105
04/21/2012,FWA,IN,AGL,CE,Combined TRACON& Tower with Radar,2,32,11,0,45,0,1,19,1,21,2,33,30,1,66,42,0,42,108
04/22/2012,FWA,IN,AGL,CE,Combined TRACON& Tower with Radar,2,37,22,4,65,0,0,16,0,16,2,37,38,4,81,4,4,8,89
04/23/2012,FWA,IN,AGL,CE,Combined TRACON& Tower with Radar,6,43,25,6,80,0,1,9,0,10,6,44,34,6,90,6,0,6,96
04/24/2012,FWA,IN,AGL,CE,Combined TRACON& Tower with Radar,10,44,36,2,92,0,1,15,6,22,10,45,51,8,114,50,0,50,164
04/25/2012,FWA,IN,AGL,CE,Combined TRACON& Tower with Radar,8,44,17,4,73,0,0,11,8,19,8,44,28,12,92,16,0,16,108
04/26/2012,FWA,IN,AGL,CE,Combined TRACON& Tower with Radar,14,39,16,13,82,0,2,23,1,26,14,41,39,14,108,10,0,10,118
04/27/2012,FWA,IN,AGL,CE,Combined TRACON& Tower with Radar,8,40,19,3,70,0,1,22,9,32,8,41,41,12,102,0,0,0,102
04/28/2012,FWA,IN,AGL,CE,Combined TRACON& Tower with Radar,2,32,9,0,43,0,0,7,2,9,2,32,16,2,52,0,0,0,52
04/29/2012,FWA,IN,AGL,CE,Combined TRACON& Tower with Radar,4,35,15,0,54,0,5,14,0,19,4,40,29,0,73,22,0,22,95
04/30/2012,FWA,IN,AGL,CE,Combined TRACON& Tower with Radar,8,40,16,0,64,0,6,11,0,17,8,46,27,0,81,36,0,36,117
05/01/2012,FWA,IN,AGL,CE,Combined TRACON& Tower with Radar,10,39,29,5,83,0,1,4,2,7,10,40,33,7,90,16,0,16,106
05/02/2012,FWA,IN,AGL,CE,Combined TRACON& Tower with Radar,8,41,24,4,77,0,3,14,15,32,8,44,38,19,109,8,22,30,139
05/03/2012,FWA,IN,AGL,CE,Combined TRACON& Tower with Radar,12,40,22,2,76,0,2,10,10,22,12,42,32,12,98,58,14,72,170
05/04/2012,FWA,IN,AGL,CE,Combined TRACON& Tower with Radar,8,38,19,11,76,0,3,17,8,28,8,41,36,19,104,0,18,18,122
05/05/2012,FWA,IN,AGL,CE,Combined TRACON& Tower with Radar,2,30,23,17,72,0,0,8,6,14,2,30,31,23,86,0,0,0,86
05/06/2012,FWA,IN,AGL,CE,Combined TRACON& Tower with Radar,2,35,9,1,47,0,1,27,14,42,2,36,36,15,89,28,0,28,117
05/07/2012,FWA,IN,AGL,CE,Combined TRACON& Tower with Radar,6,40,15,3,64,0,3,1,0,4,6,43,16,3,68,0,0,0,68
05/08/2012,FWA,IN,AGL,CE,Combined TRACON& Tower with Radar,12,41,32,1,86,0,0,24,7,31,12,41,56,8,117,42,6,48,165
05/09/2012,FWA,IN,AGL,CE,Combined TRACON& Tower with Radar,8,40,28,2,78,0,1,26,12,39,8,41,54,14,117,18,0,18,135
05/10/2012,FWA,IN,AGL,CE,Combined TRACON& Tower with Radar,10,40,36,0,86,0,2,28,6,36,10,42,64,6,122,40,11,51,173
05/11/2012,FWA,IN,AGL,CE,Combined TRACON& Tower with Radar,8,44,19,0,71,0,0,15,8,23,8,44,34,8,94,26,0,26,120
05/12/2012,FWA,IN,AGL,CE,Combined TRACON& Tower with Radar,2,33,11,0,46,0,1,22,0,23,2,34,33,0,69,4,0,4,73
05/13/2012,FWA,IN,AGL,CE,Combined TRACON& Tower with Radar,2,33,12,0,47,0,0,7,0,7,2,33,19,0,54,24,0,24,78
05/14/2012,FWA,IN,AGL,CE,Combined TRACON& Tower with Radar,6,37,24,0,67,0,0,23,1,24,6,37,47,1,91,0,0,0,91
05/15/2012,FWA,IN,AGL,CE,Combined TRACON& Tower with Radar,10,39,34,5,88,0,0,19,9,28,10,39,53,14,116,0,34,34,150
05/16/2012,FWA,IN,AGL,CE,Combined TRACON& Tower with Radar,8,38,28,2,76,0,3,17,14,34,8,41,45,16,110,0,0,0,110
05/17/2012,FWA,IN,AGL,CE,Combined TRACON& Tower with Radar,12,45,38,0,95,0,0,31,12,43,12,45,69,12,138,32,16,48,186
05/18/2012,FWA,IN,AGL,CE,Combined TRACON& Tower with Radar,8,43,23,2,76,0,0,32,17,49,8,43,55,19,125,18,0,18,143
05/19/2012,FWA,IN,AGL,CE,Combined TRACON& Tower with Radar,2,31,7,0,40,0,1,19,1,21,2,32,26,1,61,0,0,0,61
05/20/2012,FWA,IN,AGL,CE,Combined TRACON& Tower with Radar,4,30,17,0,51,0,0,13,1,14,4,30,30,1,65,20,0,20,85
05/21/2012,FWA,IN,AGL,CE,Combined TRACON& Tower with Radar,8,33,29,2,72,0,9,13,0,22,8,42,42,2,94,0,0,0,94
05/22/2012,FWA,IN,AGL,CE,Combined TRACON& Tower with Radar,9,38,26,2,75,0,1,11,12,24,9,39,37,14,99,4,22,26,125
05/23/2012,FWA,IN,AGL,CE,Combined TRACON& Tower with Radar,9,42,37,6,94,0,1,19,7,27,9,43,56,13,121,17,6,23,144
05/24/2012,FWA,IN,AGL,CE,Combined TRACON& Tower with Radar,12,40,24,0,76,0,0,23,14,37,12,40,47,14,113,22,12,34,147
05/25/2012,FWA,IN,AGL,CE,Combined TRACON& Tower with Radar,10,38,18,0,66,0,0,17,1,18,10,38,35,1,84,0,0,0,84
05/26/2012,FWA,IN,AGL,CE,Combined TRACON& Tower with Radar,2,30,1,0,33,0,0,4,0,4,2,30,5,0,37,14,0,14,51
05/27/2012,FWA,IN,AGL,CE,Combined TRACON& Tower with Radar,2,37,22,4,65,0,0,16,0,16,2,37,38,4,81,49,0,49,130
05/28/2012,FWA,IN,AGL,CE,Combined TRACON& Tower with Radar,6,43,25,6,80,0,0,9,0,9,6,43,34,6,89,2,0,2,91
05/29/2012,FWA,IN,AGL,CE,Combined TRACON& Tower with Radar,7,52,25,6,90,0,2,12,16,30,7,54,37,22,120,28,0,28,148
05/30/2012,FWA,IN,AGL,CE,Combined TRACON& Tower with Radar,9,42,38,10,99,0,0,21,9,30,9,42,59,19,129,36,10,46,175
05/31/2012,FWA,IN,AGL,CE,Combined TRACON& Tower with Radar,12,41,31,0,84,0,2,7,0,9,12,43,38,0,93,0,0,0,93
06/01/2012,FWA,IN,AGL,CE,Combined TRACON& Tower with Radar,8,39,28,3,78,0,0,4,7,11,8,39,32,10,89,0,2,2,91
06/02/2012,FWA,IN,AGL,CE,Combined TRACON& Tower with Radar,6,31,16,2,55,0,1,12,0,13,6,32,28,2,68,2,0,2,70
06/03/2012,FWA,IN,AGL,CE,Combined TRACON& Tower with Radar,4,36,20,2,62,0,2,4,0,6,4,38,24,2,68,0,0,0,68
06/04/2012,FWA,IN,AGL,CE,Combined TRACON& Tower with Radar,7,40,23,0,70,0,2,13,0,15,7,42,36,0,85,16,0,16,101
06/05/2012,FWA,IN,AGL,CE,Combined TRACON& Tower with Radar,9,42,23,5,79,0,4,15,14,33,9,46,38,19,112,4,0,4,116
06/06/2012,FWA,IN,AGL,CE,Combined TRACON& Tower with Radar,9,36,23,3,71,0,0,27,11,38,9,36,50,14,109,48,20,68,177
06/07/2012,FWA,IN,AGL,CE,Combined TRACON& Tower with Radar,13,45,38,1,97,0,1,23,9,33,13,46,61,10,130,20,0,20,150
06/08/2012,FWA,IN,AGL,CE,Combined TRACON& Tower with Radar,6,43,21,9,79,0,2,11,10,23,6,45,32,19,102,10,6,16,118
06/09/2012,FWA,IN,AGL,CE,Combined TRACON& Tower with Radar,4,38,19,6,67,0,3,28,21,52,4,41,47,27,119,8,2,10,129
06/10/2012,FWA,IN,AGL,CE,Combined TRACON& Tower with Radar,4,40,20,3,67,0,3,13,0,16,4,43,33,3,83,0,0,0,83
06/11/2012,FWA,IN,AGL,CE,Combined TRACON& Tower with Radar,6,45,33,0,84,0,0,6,0,6,6,45,39,0,90,22,0,22,112
06/12/2012,FWA,IN,AGL,CE,Combined TRACON& Tower with Radar,12,49,28,10,99,0,3,21,13,37,12,52,49,23,136,28,0,28,164
06/13/2012,FWA,IN,AGL,CE,Combined TRACON& Tower with Radar,8,45,13,1,67,0,0,28,12,40,8,45,41,13,107,26,4,30,137
06/14/2012,FWA,IN,AGL,CE,Combined TRACON& Tower with Radar,12,38,24,3,77,0,0,24,7,31,12,38,48,10,108,14,8,22,130
06/15/2012,FWA,IN,AGL,CE,Combined TRACON& Tower with Radar,10,44,33,1,88,0,0,17,9,26,10,44,50,10,114,0,0,0,114
06/16/2012,FWA,IN,AGL,CE,Combined TRACON& Tower with Radar,10,37,15,0,62,0,1,18,0,19,10,38,33,0,81,6,0,6,87
06/17/2012,FWA,IN,AGL,CE,Combined TRACON& Tower with Radar,4,37,21,0,62,0,2,6,0,8,4,39,27,0,70,2,0,2,72
06/18/2012,FWA,IN,AGL,CE,Combined TRACON& Tower with Radar,6,49,34,4,93,0,2,7,0,9,6,51,41,4,102,20,0,20,122
06/19/2012,FWA,IN,AGL,CE,Combined TRACON& Tower with Radar,8,51,33,2,94,0,1,16,9,26,8,52,49,11,120,26,8,34,154
06/20/2012,FWA,IN,AGL,CE,Combined TRACON& Tower with Radar,12,46,24,0,82,0,1,18,9,28,12,47,42,9,110,0,2,2,112
06/21/2012,FWA,IN,AGL,CE,Combined TRACON& Tower with Radar,15,48,23,1,87,0,2,18,6,26,15,50,41,7,113,0,0,0,113
06/22/2012,FWA,IN,AGL,CE,Combined TRACON& Tower with Radar,8,55,34,2,99,0,2,21,2,25,8,57,55,4,124,0,0,0,124
06/23/2012,FWA,IN,AGL,CE,Combined TRACON& Tower with Radar,4,37,31,0,72,0,2,23,0,25,4,39,54,0,97,30,0,30,127
06/24/2012,FWA,IN,AGL,CE,Combined TRACON& Tower with Radar,4,41,19,0,64,0,2,19,0,21,4,43,38,0,85,8,0,8,93
06/25/2012,FWA,IN,AGL,CE,Combined TRACON& Tower with Radar,6,48,27,0,81,0,1,28,0,29,6,49,55,0,110,10,0,10,120
06/26/2012,FWA,IN,AGL,CE,Combined TRACON& Tower with Radar,8,51,31,0,90,0,0,24,20,44,8,51,55,20,134,30,30,60,194
06/27/2012,FWA,IN,AGL,CE,Combined TRACON& Tower with Radar,10,45,20,1,76,0,0,40,9,49,10,45,60,10,125,58,16,74,199
06/28/2012,FWA,IN,AGL,CE,Combined TRACON& Tower with Radar,14,43,35,0,92,0,1,18,8,27,14,44,53,8,119,48,14,62,181
06/29/2012,FWA,IN,AGL,CE,Combined TRACON& Tower with Radar,7,40,13,2,62,0,7,7,7,21,7,47,20,9,83,2,2,4,87
06/30/2012,FWA,IN,AGL,CE,Combined TRACON& Tower with Radar,6,34,8,0,48,0,1,6,0,7,6,35,14,0,55,0,0,0,55
07/01/2012,FWA,IN,AGL,CE,Combined TRACON& Tower with Radar,6,35,7,0,48,0,4,13,0,17,6,39,20,0,65,0,0,0,65
07/02/2012,FWA,IN,AGL,CE,Combined TRACON& Tower with Radar,5,39,32,0,76,0,2,29,0,31,5,41,61,0,107,52,0,52,159
07/03/2012,FWA,IN,AGL,CE,Combined TRACON& Tower with Radar,8,44,15,0,67,0,0,27,0,27,8,44,42,0,94,44,0,44,138
07/04/2012,FWA,IN,AGL,CE,Combined TRACON& Tower with Radar,2,25,11,0,38,0,0,20,4,24,2,25,31,4,62,44,0,44,106
07/05/2012,FWA,IN,AGL,CE,Combined TRACON& Tower with Radar,22,43,26,2,93,0,5,15,6,26,22,48,41,8,119,1,0,1,120
07/06/2012,FWA,IN,AGL,CE,Combined TRACON& Tower with Radar,11,39,16,1,67,0,1,10,12,23,11,40,26,13,90,20,0,20,110
07/07/2012,FWA,IN,AGL,CE,Combined TRACON& Tower with Radar,4,36,10,0,50,0,2,7,0,9,4,38,17,0,59,10,0,10,69
07/08/2012,FWA,IN,AGL,CE,Combined TRACON& Tower with Radar,6,40,22,0,68,0,3,14,2,19,6,43,36,2,87,12,0,12,99
07/09/2012,FWA,IN,AGL,CE,Combined TRACON& Tower with Radar,6,46,29,0,81,0,0,29,0,29,6,46,58,0,110,26,0,26,136
07/10/2012,FWA,IN,AGL,CE,Combined TRACON& Tower with Radar,10,46,28,4,88,0,2,38,4,44,10,48,66,8,132,24,0,24,156
07/11/2012,FWA,IN,AGL,CE,Combined TRACON& Tower with Radar,8,47,22,4,81,0,4,32,2,38,8,51,54,6,119,14,0,14,133
07/12/2012,FWA,IN,AGL,CE,Combined TRACON& Tower with Radar,14,41,34,4,93,0,4,23,4,31,14,45,57,8,124,2,4,6,130
07/13/2012,FWA,IN,AGL,CE,Combined TRACON& Tower with Radar,10,44,23,5,82,0,0,28,10,38,10,44,51,15,120,2,4,6,126
07/14/2012,FWA,IN,AGL,CE,Combined TRACON& Tower with Radar,2,37,16,2,57,0,2,12,13,27,2,39,28,15,84,8,16,24,108
07/15/2012,FWA,IN,AGL,CE,Combined TRACON& Tower with Radar,6,37,8,8,59,0,0,8,9,17,6,37,16,17,76,2,6,8,84
07/16/2012,FWA,IN,AGL,CE,Combined TRACON& Tower with Radar,6,39,24,0,69,0,4,18,0,22,6,43,42,0,91,28,0,28,119
07/17/2012,FWA,IN,AGL,CE,Combined TRACON& Tower with Radar,7,47,36,4,94,0,4,12,5,21,7,51,48,9,115,4,2,6,121
07/18/2012,FWA,IN,AGL,CE,Combined TRACON& Tower with Radar,11,42,42,0,95,0,2,10,2,14,11,44,52,2,109,38,0,38,147
07/19/2012,FWA,IN,AGL,CE,Combined TRACON& Tower with Radar,18,44,31,7,100,0,3,1,5,9,18,47,32,12,109,18,0,18,127
07/20/2012,FWA,IN,AGL,CE,Combined TRACON& Tower with Radar,8,42,41,9,100,0,2,15,7,24,8,44,56,16,124,34,0,34,158
07/21/2012,FWA,IN,AGL,CE,Combined TRACON& Tower with Radar,2,41,13,0,56,0,8,23,0,31,2,49,36,0,87,20,0,20,107
07/22/2012,FWA,IN,AGL,CE,Combined TRACON& Tower with Radar,6,41,22,0,69,0,2,16,0,18,6,43,38,0,87,0,0,0,87
07/23/2012,FWA,IN,AGL,CE,Combined TRACON& Tower with Radar,6,44,21,0,71,0,0,17,0,17,6,44,38,0,88,22,0,22,110
07/24/2012,FWA,IN,AGL,CE,Combined TRACON& Tower with Radar,7,41,30,1,79,0,4,12,5,21,7,45,42,6,100,16,0,16,116
07/25/2012,FWA,IN,AGL,CE,Combined TRACON& Tower with Radar,8,49,34,2,93,0,6,17,10,33,8,55,51,12,126,18,12,30,156
07/26/2012,FWA,IN,AGL,CE,Combined TRACON& Tower with Radar,16,43,21,1,81,0,3,13,12,28,16,46,34,13,109,24,10,34,143
07/27/2012,FWA,IN,AGL,CE,Combined TRACON& Tower with Radar,12,49,24,3,88,0,1,22,4,27,12,50,46,7,115,24,0,24,139
07/28/2012,FWA,IN,AGL,CE,Combined TRACON& Tower with Radar,2,37,25,0,64,0,2,15,0,17,2,39,40,0,81,22,0,22,103
07/29/2012,FWA,IN,AGL,CE,Combined TRACON& Tower with Radar,10,41,20,2,73,0,1,33,0,34,10,42,53,2,107,28,0,28,135
07/30/2012,FWA,IN,AGL,CE,Combined TRACON& Tower with Radar,8,46,28,0,82,0,0,20,5,25,8,46,48,5,107,12,0,12,119
07/31/2012,FWA,IN,AGL,CE,Combined TRACON& Tower with Radar,8,47,31,1,87,0,7,6,8,21,8,54,37,9,108,0,0,0,108
08/01/2012,FWA,IN,AGL,CE,Combined TRACON& Tower with Radar,9,47,28,5,89,0,9,28,15,52,9,56,56,20,141,56,34,90,231
08/02/2012,FWA,IN,AGL,CE,Combined TRACON& Tower with Radar,16,45,31,2,94,0,1,26,12,39,16,46,57,14,133,30,8,38,171
08/03/2012,FWA,IN,AGL,CE,Combined TRACON& Tower with Radar,8,42,19,2,71,0,1,13,6,20,8,43,32,8,91,40,16,56,147
08/04/2012,FWA,IN,AGL,CE,Combined TRACON& Tower with Radar,4,35,12,0,51,0,8,1,0,9,4,43,13,0,60,0,0,0,60
08/05/2012,FWA,IN,AGL,CE,Combined TRACON& Tower with Radar,6,41,13,0,60,0,4,9,0,13,6,45,22,0,73,0,0,0,73
08/06/2012,FWA,IN,AGL,CE,Combined TRACON& Tower with Radar,6,41,25,4,76,0,0,21,0,21,6,41,46,4,97,4,0,4,101
08/07/2012,FWA,IN,AGL,CE,Combined TRACON& Tower with Radar,7,43,32,2,84,1,0,15,8,24,8,43,47,10,108,26,0,26,134
08/08/2012,FWA,IN,AGL,CE,Combined TRACON& Tower with Radar,8,44,18,0,70,0,0,12,9,21,8,44,30,9,91,51,12,63,154
08/09/2012,FWA,IN,AGL,CE,Combined TRACON& Tower with Radar,11,43,23,4,81,0,7,3,5,15,11,50,26,9,96,0,0,0,96
08/10/2012,FWA,IN,AGL,CE,Combined TRACON& Tower with Radar,11,42,37,10,100,0,3,5,1,9,11,45,42,11,109,0,0,0,109
08/11/2012,FWA,IN,AGL,CE,Combined TRACON& Tower with Radar,2,32,5,0,39,0,0,1,0,1,2,32,6,0,40,0,0,0,40
08/12/2012,FWA,IN,AGL,CE,Combined TRACON& Tower with Radar,6,43,22,2,73,0,1,11,0,12,6,44,33,2,85,36,0,36,121
08/13/2012,FWA,IN,AGL,CE,Combined TRACON& Tower with Radar,6,43,21,0,70,0,0,2,0,2,6,43,23,0,72,2,0,2,74
08/14/2012,FWA,IN,AGL,CE,Combined TRACON& Tower with Radar,10,41,34,6,91,0,1,12,1,14,10,42,46,7,105,0,0,0,105
08/15/2012,FWA,IN,AGL,CE,Combined TRACON& Tower with Radar,9,42,29,3,83,0,0,17,2,19,9,42,46,5,102,34,0,34,136
08/16/2012,FWA,IN,AGL,CE,Combined TRACON& Tower with Radar,10,48,30,3,91,0,2,11,2,15,10,50,41,5,106,0,0,0,106
08/17/2012,FWA,IN,AGL,CE,Combined TRACON& Tower with Radar,8,44,40,4,96,0,0,14,13,27,8,44,54,17,123,28,14,42,165
08/18/2012,FWA,IN,AGL,CE,Combined TRACON& Tower with Radar,6,34,5,5,50,0,2,26,14,42,6,36,31,19,92,26,22,48,140
08/19/2012,FWA,IN,AGL,CE,Combined TRACON& Tower with Radar,2,47,17,0,66,0,0,21,17,38,2,47,38,17,104,2,4,6,110
08/20/2012,FWA,IN,AGL,CE,Combined TRACON& Tower with Radar,6,44,17,0,67,0,0,16,0,16,6,44,33,0,83,22,0,22,105
08/21/2012,FWA,IN,AGL,CE,Combined TRACON& Tower with Radar,10,46,35,4,95,0,0,21,13,34,10,46,56,17,129,24,12,36,165
08/22/2012,FWA,IN,AGL,CE,Combined TRACON& Tower with Radar,10,45,26,4,85,0,2,17,12,31,10,47,43,16,116,14,8,22,138
08/23/2012,FWA,IN,AGL,CE,Combined TRACON& Tower with Radar,9,48,38,24,119,0,1,7,19,27,9,49,45,43,146,0,4,4,150
08/24/2012,FWA,IN,AGL,CE,Combined TRACON& Tower with Radar,8,44,22,2,76,0,2,22,5,29,8,46,44,7,105,12,0,12,117
08/25/2012,FWA,IN,AGL,CE,Combined TRACON& Tower with Radar,9,33,6,0,48,0,1,12,0,13,9,34,18,0,61,0,0,0,61
08/26/2012,FWA,IN,AGL,CE,Combined TRACON& Tower with Radar,2,39,27,0,68,0,1,24,0,25,2,40,51,0,93,0,0,0,93
08/27/2012,FWA,IN,AGL,CE,Combined TRACON& Tower with Radar,6,45,19,8,78,0,0,12,0,12,6,45,31,8,90,5,0,5,95
08/28/2012,FWA,IN,AGL,CE,Combined TRACON& Tower with Radar,8,37,22,1,68,0,4,23,12,39,8,41,45,13,107,3,0,3,110
08/29/2012,FWA,IN,AGL,CE,Combined TRACON& Tower with Radar,11,47,21,0,79,0,2,7,6,15,11,49,28,6,94,3,0,3,97
08/30/2012,FWA,IN,AGL,CE,Combined TRACON& Tower with Radar,9,41,24,5,79,0,2,55,2,59,9,43,79,7,138,28,8,36,174
08/31/2012,FWA,IN,AGL,CE,Combined TRACON& Tower with Radar,12,46,22,2,82,0,3,26,4,33,12,49,48,6,115,16,0,16,131
09/01/2012,FWA,IN,AGL,CE,Combined TRACON& Tower with Radar,4,26,6,6,42,0,5,6,7,18,4,31,12,13,60,6,0,6,66
09/02/2012,FWA,IN,AGL,CE,Combined TRACON& Tower with Radar,3,22,11,6,42,0,5,12,8,25,3,27,23,14,67,16,0,16,83
09/03/2012,FWA,IN,AGL,CE,Combined TRACON& Tower with Radar,2,35,17,5,59,0,0,9,1,10,2,35,26,6,69,0,0,0,69
09/04/2012,FWA,IN,AGL,CE,Combined TRACON& Tower with Radar,6,42,32,5,85,0,0,11,0,11,6,42,43,5,96,4,12,16,112
09/05/2012,FWA,IN,AGL,CE,Combined TRACON& Tower with Radar,10,36,19,0,65,0,2,10,4,16,10,38,29,4,81,0,0,0,81
09/06/2012,FWA,IN,AGL,CE,Combined TRACON& Tower with Radar,8,37,37,3,85,0,2,8,12,22,8,39,45,15,107,14,6,20,127
09/07/2012,FWA,IN,AGL,CE,Combined TRACON& Tower with Radar,9,43,25,1,78,0,6,9,10,25,9,49,34,11,103,10,18,28,131
09/08/2012,FWA,IN,AGL,CE,Combined TRACON& Tower with Radar,5,34,8,0,47,0,2,12,0,14,5,36,20,0,61,4,0,4,65
09/09/2012,FWA,IN,AGL,CE,Combined TRACON& Tower with Radar,2,38,8,0,48,0,0,16,0,16,2,38,24,0,64,68,0,68,132
09/10/2012,FWA,IN,AGL,CE,Combined TRACON& Tower with Radar,8,38,29,0,75,0,0,38,0,38,8,38,67,0,113,32,0,32,145
09/11/2012,FWA,IN,AGL,CE,Combined TRACON& Tower with Radar,7,39,33,0,79,0,5,27,13,45,7,44,60,13,124,66,12,78,202
09/12/2012,FWA,IN,AGL,CE,Combined TRACON& Tower with Radar,11,46,25,1,83,0,0,30,10,40,11,46,55,11,123,52,14,66,189
09/13/2012,FWA,IN,AGL,CE,Combined TRACON& Tower with Radar,10,42,38,0,90,0,3,18,17,38,10,45,56,17,128,26,24,50,178
09/14/2012,FWA,IN,AGL,CE,Combined TRACON& Tower with Radar,8,42,21,8,79,0,3,12,8,23,8,45,33,16,102,2,9,11,113
09/15/2012,FWA,IN,AGL,CE,Combined TRACON& Tower with Radar,4,31,14,2,51,0,0,17,16,33,4,31,31,18,84,0,2,2,86
09/16/2012,FWA,IN,AGL,CE,Combined TRACON& Tower with Radar,2,41,10,0,53,0,0,19,0,19,2,41,29,0,72,18,0,18,90
09/17/2012,FWA,IN,AGL,CE,Combined TRACON& Tower with Radar,6,36,17,0,59,0,3,13,0,16,6,39,30,0,75,32,0,32,107
09/18/2012,FWA,IN,AGL,CE,Combined TRACON& Tower with Radar,7,43,24,0,74,0,4,6,11,21,7,47,30,11,95,0,0,0,95
09/19/2012,FWA,IN,AGL,CE,Combined TRACON& Tower with Radar,10,45,31,4,90,0,4,22,13,39,10,49,53,17,129,55,4,59,188
09/20/2012,FWA,IN,AGL,CE,Combined TRACON& Tower with Radar,11,40,16,5,72,0,2,13,6,21,11,42,29,11,93,32,0,32,125
09/21/2012,FWA,IN,AGL,CE,Combined TRACON& Tower with Radar,9,46,17,1,73,0,0,13,0,13,9,46,30,1,86,0,0,0,86
09/22/2012,FWA,IN,AGL,CE,Combined TRACON& Tower with Radar,5,30,11,0,46,0,0,4,0,4,5,30,15,0,50,0,0,0,50
09/23/2012,FWA,IN,AGL,CE,Combined TRACON& Tower with Radar,2,38,23,0,63,0,0,14,2,16,2,38,37,2,79,0,0,0,79
09/24/2012,FWA,IN,AGL,CE,Combined TRACON& Tower with Radar,6,39,22,0,67,0,0,32,0,32,6,39,54,0,99,43,0,43,142
09/25/2012,FWA,IN,AGL,CE,Combined TRACON& Tower with Radar,7,40,31,1,79,0,0,6,0,6,7,40,37,1,85,4,0,4,89
09/26/2012,FWA,IN,AGL,CE,Combined TRACON& Tower with Radar,11,41,37,0,89,0,2,2,0,4,11,43,39,0,93,22,0,22,115
09/27/2012,FWA,IN,AGL,CE,Combined TRACON& Tower with Radar,10,46,31,4,91,0,0,17,0,17,10,46,48,4,108,16,0,16,124
09/28/2012,FWA,IN,AGL,CE,Combined TRACON& Tower with Radar,10,48,16,0,74,0,0,13,0,13,10,48,29,0,87,10,0,10,97
09/29/2012,FWA,IN,AGL,CE,Combined TRACON& Tower with Radar,14,34,7,0,55,0,10,11,1,22,14,44,18,1,77,0,0,0,77
09/30/2012,FWA,IN,AGL,CE,Combined TRACON& Tower with Radar,6,39,7,0,52,0,0,14,2,16,6,39,21,2,68,4,0,4,72
10/01/2012,FWA,IN,AGL,CE,Combined TRACON& Tower with Radar,7,40,13,0,60,0,1,20,0,21,7,41,33,0,81,11,0,11,92
10/02/2012,FWA,IN,AGL,CE,Combined TRACON& Tower with Radar,12,39,25,15,91,0,0,1,0,1,12,39,26,15,92,0,0,0,92
10/03/2012,FWA,IN,AGL,CE,Combined TRACON& Tower with Radar,15,42,27,11,95,0,0,13,6,19,15,42,40,17,114,0,0,0,114
10/04/2012,FWA,IN,AGL,CE,Combined TRACON& Tower with Radar,14,38,21,0,73,0,2,23,8,33,14,40,44,8,106,74,0,74,180
10/05/2012,FWA,IN,AGL,CE,Combined TRACON& Tower with Radar,12,45,36,0,93,0,3,2,0,5,12,48,38,0,98,0,0,0,98
10/06/2012,FWA,IN,AGL,CE,Combined TRACON& Tower with Radar,6,35,9,0,50,0,0,10,0,10,6,35,19,0,60,27,0,27,87
10/07/2012,FWA,IN,AGL,CE,Combined TRACON& Tower with Radar,2,35,9,0,46,0,0,15,0,15,2,35,24,0,61,0,0,0,61
10/08/2012,FWA,IN,AGL,CE,Combined TRACON& Tower with Radar,6,38,24,0,68,0,0,31,0,31,6,38,55,0,99,15,0,15,114
10/09/2012,FWA,IN,AGL,CE,Combined TRACON& Tower with Radar,8,39,22,3,72,0,2,20,9,31,8,41,42,12,103,58,8,66,169
10/10/2012,FWA,IN,AGL,CE,Combined TRACON& Tower with Radar,10,46,24,4,84,0,0,11,10,21,10,46,35,14,105,2,12,14,119
10/11/2012,FWA,IN,AGL,CE,Combined TRACON& Tower with Radar,9,41,28,2,80,0,2,36,13,51,9,43,64,15,131,46,0,46,177
10/12/2012,FWA,IN,AGL,CE,Combined TRACON& Tower with Radar,11,45,22,3,81,0,5,21,8,34,11,50,43,11,115,32,2,34,149
10/13/2012,FWA,IN,AGL,CE,Combined TRACON& Tower with Radar,6,32,14,0,52,0,0,5,0,5,6,32,19,0,57,0,0,0,57
10/14/2012,FWA,IN,AGL,CE,Combined TRACON& Tower with Radar,4,36,12,3,55,0,7,1,3,11,4,43,13,6,66,0,0,0,66
10/15/2012,FWA,IN,AGL,CE,Combined TRACON& Tower with Radar,6,45,17,3,71,0,3,7,1,11,6,48,24,4,82,7,0,7,89
10/16/2012,FWA,IN,AGL,CE,Combined TRACON& Tower with Radar,10,43,14,3,70,0,0,28,8,36,10,43,42,11,106,82,4,86,192
10/17/2012,FWA,IN,AGL,CE,Combined TRACON& Tower with Radar,17,41,10,3,71,0,1,17,8,26,17,42,27,11,97,0,0,0,97
10/18/2012,FWA,IN,AGL,CE,Combined TRACON& Tower with Radar,11,45,29,5,90,0,5,5,10,20,11,50,34,15,110,0,12,12,122
10/19/2012,FWA,IN,AGL,CE,Combined TRACON& Tower with Radar,6,47,27,10,90,0,3,2,14,19,6,50,29,24,109,0,14,14,123
10/20/2012,FWA,IN,AGL,CE,Combined TRACON& Tower with Radar,4,34,24,3,65,0,0,6,4,10,4,34,30,7,75,4,10,14,89
10/21/2012,FWA,IN,AGL,CE,Combined TRACON& Tower with Radar,2,40,10,0,52,0,10,11,14,35,2,50,21,14,87,4,8,12,99
10/22/2012,FWA,IN,AGL,CE,Combined TRACON& Tower with Radar,6,33,16,2,57,0,1,14,1,16,6,34,30,3,73,6,0,6,79
10/23/2012,FWA,IN,AGL,CE,Combined TRACON& Tower with Radar,8,37,25,3,73,0,1,7,2,10,8,38,32,5,83,8,0,8,91
10/24/2012,FWA,IN,AGL,CE,Combined TRACON& Tower with Radar,10,37,26,1,74,0,1,21,7,29,10,38,47,8,103,38,4,42,145
10/25/2012,FWA,IN,AGL,CE,Combined TRACON& Tower with Radar,10,41,12,1,64,0,1,21,8,30,10,42,33,9,94,24,0,24,118
10/26/2012,FWA,IN,AGL,CE,Combined TRACON& Tower with Radar,10,44,17,5,76,0,0,1,12,13,10,44,18,17,89,50,12,62,151
10/27/2012,FWA,IN,AGL,CE,Combined TRACON& Tower with Radar,4,30,3,1,38,0,0,11,0,11,4,30,14,1,49,30,0,30,79
10/28/2012,FWA,IN,AGL,CE,Combined TRACON& Tower with Radar,2,37,11,2,52,0,0,11,0,11,2,37,22,2,63,32,0,32,95
10/29/2012,FWA,IN,AGL,CE,Combined TRACON& Tower with Radar,6,45,6,0,57,0,3,3,0,6,6,48,9,0,63,0,0,0,63
10/30/2012,FWA,IN,AGL,CE,Combined TRACON& Tower with Radar,8,37,11,0,56,0,0,0,0,0,8,37,11,0,56,0,0,0,56
10/31/2012,FWA,IN,AGL,CE,Combined TRACON& Tower with Radar,10,33,17,13,73,0,4,0,0,4,10,37,17,13,77,6,14,20,97
11/01/2012,FWA,IN,AGL,CE,Combined TRACON& Tower with Radar,10,43,18,6,77,0,0,27,11,38,10,43,45,17,115,28,0,28,143
11/02/2012,FWA,IN,AGL,CE,Combined TRACON& Tower with Radar,8,40,18,7,73,0,1,13,11,25,8,41,31,18,98,34,0,34,132
11/03/2012,FWA,IN,AGL,CE,Combined TRACON& Tower with Radar,4,36,9,2,51,0,1,16,8,25,4,37,25,10,76,76,0,76,152
11/04/2012,FWA,IN,AGL,CE,Combined TRACON& Tower with Radar,2,33,13,1,49,0,0,8,11,19,2,33,21,12,68,4,16,20,88
11/05/2012,FWA,IN,AGL,CE,Combined TRACON& Tower with Radar,6,37,19,0,62,0,0,17,8,25,6,37,36,8,87,2,0,2,89
11/06/2012,FWA,IN,AGL,CE,Combined TRACON& Tower with Radar,8,41,16,1,66,0,0,11,8,19,8,41,27,9,85,30,6,36,121
11/07/2012,FWA,IN,AGL,CE,Combined TRACON& Tower with Radar,9,45,27,12,93,0,3,11,5,19,9,48,38,17,112,26,4,30,142
11/08/2012,FWA,IN,AGL,CE,Combined TRACON& Tower with Radar,11,38,25,0,74,0,0,10,0,10,11,38,35,0,84,22,0,22,106
11/09/2012,FWA,IN,AGL,CE,Combined TRACON& Tower with Radar,10,41,14,0,65,1,0,18,0,19,11,41,32,0,84,26,0,26,110
11/10/2012,FWA,IN,AGL,CE,Combined TRACON& Tower with Radar,4,29,17,0,50,0,0,15,4,19,4,29,32,4,69,6,2,8,77
11/11/2012,FWA,IN,AGL,CE,Combined TRACON& Tower with Radar,2,37,13,0,52,0,0,4,0,4,2,37,17,0,56,16,0,16,72
11/12/2012,FWA,IN,AGL,CE,Combined TRACON& Tower with Radar,6,38,21,0,65,0,0,6,0,6,6,38,27,0,71,0,0,0,71
11/13/2012,FWA,IN,AGL,CE,Combined TRACON& Tower with Radar,10,40,26,3,79,0,0,22,8,30,10,40,48,11,109,48,10,58,167
11/14/2012,FWA,IN,AGL,CE,Combined TRACON& Tower with Radar,8,44,35,3,90,0,4,55,10,69,8,48,90,13,159,78,0,78,237
11/15/2012,FWA,IN,AGL,CE,Combined TRACON& Tower with Radar,12,41,29,7,89,0,5,27,16,48,12,46,56,23,137,24,8,32,169
11/16/2012,FWA,IN,AGL,CE,Combined TRACON& Tower with Radar,11,42,23,2,78,0,2,10,7,19,11,44,33,9,97,30,0,30,127
11/17/2012,FWA,IN,AGL,CE,Combined TRACON& Tower with Radar,4,27,17,0,48,0,2,20,4,26,4,29,37,4,74,10,0,10,84
11/18/2012,FWA,IN,AGL,CE,Combined TRACON& Tower with Radar,5,28,33,1,67,0,0,25,3,28,5,28,58,4,95,34,0,34,129
11/19/2012,FWA,IN,AGL,CE,Combined TRACON& Tower with Radar,7,32,19,1,59,0,3,25,7,35,7,35,44,8,94,54,0,54,148
11/20/2012,FWA,IN,AGL,CE,Combined TRACON& Tower with Radar,11,38,15,0,64,0,1,9,13,23,11,39,24,13,87,6,0,6,93
11/21/2012,FWA,IN,AGL,CE,Combined TRACON& Tower with Radar,15,38,29,4,86,0,0,12,1,13,15,38,41,5,99,24,0,24,123
11/22/2012,FWA,IN,AGL,CE,Combined TRACON& Tower with Radar,0,16,7,0,23,0,3,0,0,3,0,19,7,0,26,0,0,0,26
11/23/2012,FWA,IN,AGL,CE,Combined TRACON& Tower with Radar,6,23,0,0,29,0,0,0,0,0,6,23,0,0,29,0,0,0,29
11/24/2012,FWA,IN,AGL,CE,Combined TRACON& Tower with Radar,4,34,15,0,53,0,2,2,0,4,4,36,17,0,57,8,0,8,65
11/25/2012,FWA,IN,AGL,CE,Combined TRACON& Tower with Radar,4,38,16,0,58,0,1,10,0,11,4,39,26,0,69,0,0,0,69
11/26/2012,FWA,IN,AGL,CE,Combined TRACON& Tower with Radar,3,40,14,2,59,0,0,12,0,12,3,40,26,2,71,28,0,28,99
11/27/2012,FWA,IN,AGL,CE,Combined TRACON& Tower with Radar,9,39,29,4,81,0,0,13,9,22,9,39,42,13,103,8,6,14,117
11/28/2012,FWA,IN,AGL,CE,Combined TRACON& Tower with Radar,10,40,30,3,83,0,3,15,11,29,10,43,45,14,112,14,14,28,140
11/29/2012,FWA,IN,AGL,CE,Combined TRACON& Tower with Radar,12,43,28,0,83,0,2,6,12,20,12,45,34,12,103,0,16,16,119
11/30/2012,FWA,IN,AGL,CE,Combined TRACON& Tower with Radar,8,38,27,1,74,0,0,24,13,37,8,38,51,14,111,46,2,48,159
12/01/2012,FWA,IN,AGL,CE,Combined TRACON& Tower with Radar,2,28,13,5,48,0,1,11,2,14,2,29,24,7,62,6,16,22,84
12/02/2012,FWA,IN,AGL,CE,Combined TRACON& Tower with Radar,5,29,12,19,65,0,0,1,1,2,5,29,13,20,67,2,0,2,69
12/03/2012,FWA,IN,AGL,CE,Combined TRACON& Tower with Radar,7,35,30,0,72,0,0,1,0,1,7,35,31,0,73,4,0,4,77
12/04/2012,FWA,IN,AGL,CE,Combined TRACON& Tower with Radar,8,36,27,12,83,0,3,0,4,7,8,39,27,16,90,0,0,0,90
12/05/2012,FWA,IN,AGL,CE,Combined TRACON& Tower with Radar,8,39,33,0,80,0,3,28,14,45,8,42,61,14,125,22,0,22,147
12/06/2012,FWA,IN,AGL,CE,Combined TRACON& Tower with Radar,12,37,38,1,88,0,2,26,15,43,12,39,64,16,131,24,2,26,157
12/07/2012,FWA,IN,AGL,CE,Combined TRACON& Tower with Radar,10,42,25,0,77,0,0,3,3,6,10,42,28,3,83,8,0,8,91
12/08/2012,FWA,IN,AGL,CE,Combined TRACON& Tower with Radar,2,26,16,0,44,0,0,0,0,0,2,26,16,0,44,0,0,0,44
12/09/2012,FWA,IN,AGL,CE,Combined TRACON& Tower with Radar,4,33,8,0,45,0,0,0,0,0,4,33,8,0,45,0,0,0,45
12/10/2012,FWA,IN,AGL,CE,Combined TRACON& Tower with Radar,6,38,19,0,63,0,0,1,0,1,6,38,20,0,64,0,0,0,64
12/11/2012,FWA,IN,AGL,CE,Combined TRACON& Tower with Radar,8,42,30,4,84,0,1,13,12,26,8,43,43,16,110,4,0,4,114
12/12/2012,FWA,IN,AGL,CE,Combined TRACON& Tower with Radar,8,43,22,0,73,0,0,43,16,59,8,43,65,16,132,5,0,5,137
12/13/2012,FWA,IN,AGL,CE,Combined TRACON& Tower with Radar,13,39,38,9,99,0,0,27,14,41,13,39,65,23,140,26,2,28,168
12/14/2012,FWA,IN,AGL,CE,Combined TRACON& Tower with Radar,9,39,18,3,69,0,1,17,13,31,9,40,35,16,100,10,4,14,114
12/15/2012,FWA,IN,AGL,CE,Combined TRACON& Tower with Radar,2,28,10,1,41,0,0,7,0,7,2,28,17,1,48,2,0,2,50
12/16/2012,FWA,IN,AGL,CE,Combined TRACON& Tower with Radar,4,27,6,2,39,0,3,0,0,3,4,30,6,2,42,0,0,0,42
12/17/2012,FWA,IN,AGL,CE,Combined TRACON& Tower with Radar,5,36,18,18,77,0,0,0,0,0,5,36,18,18,77,0,0,0,77
12/18/2012,FWA,IN,AGL,CE,Combined TRACON& Tower with Radar,11,28,30,3,72,0,0,12,11,23,11,28,42,14,95,12,0,12,107
12/19/2012,FWA,IN,AGL,CE,Combined TRACON& Tower with Radar,10,37,33,4,84,0,1,15,5,21,10,38,48,9,105,44,0,44,149
12/20/2012,FWA,IN,AGL,CE,Combined TRACON& Tower with Radar,13,35,22,9,79,0,4,1,0,5,13,39,23,9,84,4,0,4,88
12/21/2012,FWA,IN,AGL,CE,Combined TRACON& Tower with Radar,10,36,2,0,48,0,0,1,0,1,10,36,3,0,49,0,0,0,49
12/22/2012,FWA,IN,AGL,CE,Combined TRACON& Tower with Radar,6,29,15,0,50,0,0,9,0,9,6,29,24,0,59,2,0,2,61
12/23/2012,FWA,IN,AGL,CE,Combined TRACON& Tower with Radar,4,28,15,0,47,0,1,18,0,19,4,29,33,0,66,12,0,12,78
12/24/2012,FWA,IN,AGL,CE,Combined TRACON& Tower with Radar,6,25,1,0,32,0,0,4,0,4,6,25,5,0,36,0,0,0,36
12/25/2012,FWA,IN,AGL,CE,Combined TRACON& Tower with Radar,0,24,1,0,25,0,0,6,0,6,0,24,7,0,31,2,0,2,33
12/26/2012,FWA,IN,AGL,CE,Combined TRACON& Tower with Radar,9,30,12,0,51,0,1,0,0,1,9,31,12,0,52,0,0,0,52
12/27/2012,FWA,IN,AGL,CE,Combined TRACON& Tower with Radar,15,41,20,0,76,0,0,6,2,8,15,41,26,2,84,10,6,16,100
12/28/2012,FWA,IN,AGL,CE,Combined TRACON& Tower with Radar,8,38,19,1,66,0,3,2,1,6,8,41,21,2,72,0,0,0,72
12/29/2012,FWA,IN,AGL,CE,Combined TRACON& Tower with Radar,7,39,5,0,51,0,2,0,0,2,7,41,5,0,53,0,0,0,53
12/30/2012,FWA,IN,AGL,CE,Combined TRACON& Tower with Radar,4,32,6,0,42,0,0,7,0,7,4,32,13,0,49,0,0,0,49
12/31/2012,FWA,IN,AGL,CE,Combined TRACON& Tower with Radar,6,30,0,0,36,0,1,0,0,1,6,31,0,0,37,0,0,0,37
01/01/2013,FWA,IN,AGL,CE,Combined TRACON& Tower with Radar,0,28,5,0,33,0,3,12,0,15,0,31,17,0,48,8,0,8,56
01/02/2013,FWA,IN,AGL,CE,Combined TRACON& Tower with Radar,8,38,22,0,68,0,6,13,4,23,8,44,35,4,91,6,4,10,101
01/03/2013,FWA,IN,AGL,CE,Combined TRACON& Tower with Radar,12,39,6,15,72,0,2,3,3,8,12,41,9,18,80,0,2,2,82
01/04/2013,FWA,IN,AGL,CE,Combined TRACON& Tower with Radar,8,34,4,2,48,0,2,12,17,31,8,36,16,19,79,40,18,58,137
01/05/2013,FWA,IN,AGL,CE,Combined TRACON& Tower with Radar,2,28,12,1,43,0,0,8,9,17,2,28,20,10,60,0,0,0,60
01/06/2013,FWA,IN,AGL,CE,Combined TRACON& Tower with Radar,4,27,8,15,54,0,1,0,3,4,4,28,8,18,58,2,0,2,60
01/07/2013,FWA,IN,AGL,CE,Combined TRACON& Tower with Radar,6,35,18,0,59,0,1,22,0,23,6,36,40,0,82,22,0,22,104
01/08/2013,FWA,IN,AGL,CE,Combined TRACON& Tower with Radar,9,37,24,3,73,0,7,17,11,35,9,44,41,14,108,42,0,42,150
01/09/2013,FWA,IN,AGL,CE,Combined TRACON& Tower with Radar,6,38,25,6,75,0,1,9,10,20,6,39,34,16,95,6,2,8,103
01/10/2013,FWA,IN,AGL,CE,Combined TRACON& Tower with Radar,13,34,22,1,70,0,6,10,15,31,13,40,32,16,101,0,6,6,107
01/11/2013,FWA,IN,AGL,CE,Combined TRACON& Tower with Radar,8,35,16,13,72,0,1,0,6,7,8,36,16,19,79,0,0,0,79
01/12/2013,FWA,IN,AGL,CE,Combined TRACON& Tower with Radar,2,26,19,0,47,0,2,14,0,16,2,28,33,0,63,20,0,20,83
01/13/2013,FWA,IN,AGL,CE,Combined TRACON& Tower with Radar,5,31,8,0,44,0,0,0,0,0,5,31,8,0,44,0,0,0,44
01/14/2013,FWA,IN,AGL,CE,Combined TRACON& Tower with Radar,5,39,21,0,65,0,0,8,0,8,5,39,29,0,73,30,0,30,103
01/15/2013,FWA,IN,AGL,CE,Combined TRACON& Tower with Radar,10,39,28,1,78,0,3,18,7,28,10,42,46,8,106,42,0,42,148
01/16/2013,FWA,IN,AGL,CE,Combined TRACON& Tower with Radar,9,30,16,3,58,0,0,12,6,18,9,30,28,9,76,48,0,48,124
01/17/2013,FWA,IN,AGL,CE,Combined TRACON& Tower with Radar,10,36,28,4,78,0,3,9,6,18,10,39,37,10,96,0,0,0,96
01/18/2013,FWA,IN,AGL,CE,Combined TRACON& Tower with Radar,5,34,19,1,59,0,0,9,0,9,5,34,28,1,68,4,0,4,72
01/19/2013,FWA,IN,AGL,CE,Combined TRACON& Tower with Radar,3,25,8,0,36,0,0,9,0,9,3,25,17,0,45,13,0,13,58
01/20/2013,FWA,IN,AGL,CE,Combined TRACON& Tower with Radar,4,25,5,0,34,0,2,3,0,5,4,27,8,0,39,12,0,12,51
01/21/2013,FWA,IN,AGL,CE,Combined TRACON& Tower with Radar,4,21,10,0,35,0,6,4,0,10,4,27,14,0,45,13,0,13,58
01/22/2013,FWA,IN,AGL,CE,Combined TRACON& Tower with Radar,6,35,25,1,67,0,8,6,9,23,6,43,31,10,90,0,0,0,90
01/23/2013,FWA,IN,AGL,CE,Combined TRACON& Tower with Radar,13,29,28,7,77,0,0,13,2,15,13,29,41,9,92,0,6,6,98
01/24/2013,FWA,IN,AGL,CE,Combined TRACON& Tower with Radar,9,35,20,3,67,0,0,10,6,16,9,35,30,9,83,16,4,20,103
01/25/2013,FWA,IN,AGL,CE,Combined TRACON& Tower with Radar,9,37,7,2,55,0,0,1,0,1,9,37,8,2,56,0,0,0,56
01/26/2013,FWA,IN,AGL,CE,Combined TRACON& Tower with Radar,4,26,23,0,53,0,3,7,0,10,4,29,30,0,63,2,0,2,65
01/27/2013,FWA,IN,AGL,CE,Combined TRACON& Tower with Radar,4,23,3,0,30,0,0,7,0,7,4,23,10,0,37,18,0,18,55
01/28/2013,FWA,IN,AGL,CE,Combined TRACON& Tower with Radar,5,37,5,0,47,0,0,0,0,0,5,37,5,0,47,0,0,0,47
01/29/2013,FWA,IN,AGL,CE,Combined TRACON& Tower with Radar,10,34,12,4,60,0,1,0,0,1,10,35,12,4,61,0,0,0,61
01/30/2013,FWA,IN,AGL,CE,Combined TRACON& Tower with Radar,11,34,15,14,74,0,0,0,20,20,11,34,15,34,94,0,0,0,94
01/31/2013,FWA,IN,AGL,CE,Combined TRACON& Tower with Radar,12,38,13,11,74,0,0,1,3,4,12,38,14,14,78,0,0,0,78
02/01/2013,FWA,IN,AGL,CE,Combined TRACON& Tower with Radar,8,40,25,1,74,0,0,6,2,8,8,40,31,3,82,0,0,0,82
02/02/2013,FWA,IN,AGL,CE,Combined TRACON& Tower with Radar,4,27,5,0,36,0,0,0,0,0,4,27,5,0,36,0,0,0,36
02/03/2013,FWA,IN,AGL,CE,Combined TRACON& Tower with Radar,4,22,3,2,31,0,1,5,2,8,4,23,8,4,39,16,0,16,55
02/04/2013,FWA,IN,AGL,CE,Combined TRACON& Tower with Radar,6,31,22,0,59,0,1,4,0,5,6,32,26,0,64,0,0,0,64
02/05/2013,FWA,IN,AGL,CE,Combined TRACON& Tower with Radar,7,36,25,11,79,0,0,3,1,4,7,36,28,12,83,0,0,0,83
02/06/2013,FWA,IN,AGL,CE,Combined TRACON& Tower with Radar,10,42,30,3,85,0,8,19,6,33,10,50,49,9,118,30,2,32,150
02/07/2013,FWA,IN,AGL,CE,Combined TRACON& Tower with Radar,13,40,33,1,87,0,0,8,9,17,13,40,41,10,104,0,6,6,110
02/08/2013,FWA,IN,AGL,CE,Combined TRACON& Tower with Radar,8,40,19,11,78,0,0,8,6,14,8,40,27,17,92,0,0,0,92
02/09/2013,FWA,IN,AGL,CE,Combined TRACON& Tower with Radar,2,27,14,0,43,0,2,28,0,30,2,29,42,0,73,46,0,46,119
02/10/2013,FWA,IN,AGL,CE,Combined TRACON& Tower with Radar,5,27,6,2,40,0,6,4,24,34,5,33,10,26,74,0,0,0,74
02/11/2013,FWA,IN,AGL,CE,Combined TRACON& Tower with Radar,6,36,17,0,59,0,0,2,10,12,6,36,19,10,71,0,4,4,75
02/12/2013,FWA,IN,AGL,CE,Combined TRACON& Tower with Radar,8,42,20,0,70,0,1,20,0,21,8,43,40,0,91,51,0,51,142
02/13/2013,FWA,IN,AGL,CE,Combined TRACON& Tower with Radar,10,32,27,4,73,0,0,31,0,31,10,32,58,4,104,50,0,50,154
02/14/2013,FWA,IN,AGL,CE,Combined TRACON& Tower with Radar,14,36,22,0,72,0,4,3,0,7,14,40,25,0,79,22,0,22,101
02/15/2013,FWA,IN,AGL,CE,Combined TRACON& Tower with Radar,8,40,6,0,54,0,3,3,0,6,8,43,9,0,60,7,0,7,67
02/16/2013,FWA,IN,AGL,CE,Combined TRACON& Tower with Radar,4,26,21,0,51,0,1,0,0,1,4,27,21,0,52,10,0,10,62
02/17/2013,FWA,IN,AGL,CE,Combined TRACON& Tower with Radar,4,30,20,0,54,0,7,15,0,22,4,37,35,0,76,38,0,38,114
02/18/2013,FWA,IN,AGL,CE,Combined TRACON& Tower with Radar,6,34,23,0,63,0,1,8,0,9,6,35,31,0,72,0,0,0,72
02/19/2013,FWA,IN,AGL,CE,Combined TRACON& Tower with Radar,10,35,18,14,77,0,2,0,0,2,10,37,18,14,79,0,0,0,79
02/20/2013,FWA,IN,AGL,CE,Combined TRACON& Tower with Radar,12,34,27,10,83,0,2,8,7,17,12,36,35,17,100,14,6,20,120
02/21/2013,FWA,IN,AGL,CE,Combined TRACON& Tower with Radar,12,33,24,6,75,0,0,6,8,14,12,33,30,14,89,20,4,24,113
02/22/2013,FWA,IN,AGL,CE,Combined TRACON& Tower with Radar,6,31,13,3,53,0,0,0,0,0,6,31,13,3,53,0,0,0,53
02/23/2013,FWA,IN,AGL,CE,Combined TRACON& Tower with Radar,8,28,10,0,46,0,4,4,0,8,8,32,14,0,54,6,0,6,60
02/24/2013,FWA,IN,AGL,CE,Combined TRACON& Tower with Radar,4,36,18,0,58,0,4,24,0,28,4,40,42,0,86,12,0,12,98
02/25/2013,FWA,IN,AGL,CE,Combined TRACON& Tower with Radar,9,37,34,0,80,0,6,46,0,52,9,43,80,0,132,22,0,22,154
02/26/2013,FWA,IN,AGL,CE,Combined TRACON& Tower with Radar,13,27,13,0,53,0,0,0,0,0,13,27,13,0,53,0,0,0,53
02/27/2013,FWA,IN,AGL,CE,Combined TRACON& Tower with Radar,9,42,18,0,69,0,0,0,0,0,9,42,18,0,69,0,0,0,69
02/28/2013,FWA,IN,AGL,CE,Combined TRACON& Tower with Radar,16,36,15,1,68,0,0,1,8,9,16,36,16,9,77,0,4,4,81
03/01/2013,FWA,IN,AGL,CE,Combined TRACON& Tower with Radar,8,37,27,6,78,0,0,2,0,2,8,37,29,6,80,2,2,4,84
03/02/2013,FWA,IN,AGL,CE,Combined TRACON& Tower with Radar,6,32,16,0,54,0,9,18,0,27,6,41,34,0,81,50,0,50,131
03/03/2013,FWA,IN,AGL,CE,Combined TRACON& Tower with Radar,4,30,16,0,50,0,0,7,0,7,4,30,23,0,57,25,0,25,82
03/04/2013,FWA,IN,AGL,CE,Combined TRACON& Tower with Radar,6,37,26,8,77,0,0,31,3,34,6,37,57,11,111,44,14,58,169
03/05/2013,FWA,IN,AGL,CE,Combined TRACON& Tower with Radar,6,33,17,3,59,0,0,0,0,0,6,33,17,3,59,0,0,0,59
03/06/2013,FWA,IN,AGL,CE,Combined TRACON& Tower with Radar,16,35,18,0,69,0,6,1,0,7,16,41,19,0,76,0,0,0,76
03/07/2013,FWA,IN,AGL,CE,Combined TRACON& Tower with Radar,11,41,25,9,86,0,6,34,4,44,11,47,59,13,130,44,0,44,174
03/08/2013,FWA,IN,AGL,CE,Combined TRACON& Tower with Radar,9,37,18,0,64,0,1,20,12,33,9,38,38,12,97,28,14,42,139
03/09/2013,FWA,IN,AGL,CE,Combined TRACON& Tower with Radar,4,30,8,0,42,0,2,8,4,14,4,32,16,4,56,12,0,12,68
03/10/2013,FWA,IN,AGL,CE,Combined TRACON& Tower with Radar,8,36,18,0,62,0,0,10,0,10,8,36,28,0,72,0,0,0,72
03/11/2013,FWA,IN,AGL,CE,Combined TRACON& Tower with Radar,6,40,20,0,66,0,0,0,0,0,6,40,20,0,66,0,0,0,66
03/12/2013,FWA,IN,AGL,CE,Combined TRACON& Tower with Radar,10,34,31,0,75,0,0,4,0,4,10,34,35,0,79,0,0,0,79
03/13/2013,FWA,IN,AGL,CE,Combined TRACON& Tower with Radar,10,41,17,7,75,0,3,2,3,8,10,44,19,10,83,0,10,10,93
03/14/2013,FWA,IN,AGL,CE,Combined TRACON& Tower with Radar,12,36,24,2,74,0,1,22,8,31,12,37,46,10,105,8,0,8,113
03/15/2013,FWA,IN,AGL,CE,Combined TRACON& Tower with Radar,8,37,21,4,70,0,2,3,2,7,8,39,24,6,77,0,4,4,81
03/16/2013,FWA,IN,AGL,CE,Combined TRACON& Tower with Radar,4,28,5,0,37,0,1,0,0,1,4,29,5,0,38,0,0,0,38
03/17/2013,FWA,IN,AGL,CE,Combined TRACON& Tower with Radar,4,31,16,0,51,0,3,3,0,6,4,34,19,0,57,2,0,2,59
03/18/2013,FWA,IN,AGL,CE,Combined TRACON& Tower with Radar,6,36,6,0,48,0,1,0,0,1,6,37,6,0,49,0,0,0,49
03/19/2013,FWA,IN,AGL,CE,Combined TRACON& Tower with Radar,10,32,17,0,59,0,0,1,4,5,10,32,18,4,64,0,0,0,64
03/20/2013,FWA,IN,AGL,CE,Combined TRACON& Tower with Radar,10,36,31,6,83,0,10,9,5,24,10,46,40,11,107,4,14,18,125
03/21/2013,FWA,IN,AGL,CE,Combined TRACON& Tower with Radar,12,43,25,2,82,0,1,7,9,17,12,44,32,11,99,0,0,0,99
03/22/2013,FWA,IN,AGL,CE,Combined TRACON& Tower with Radar,8,34,24,1,67,0,7,25,2,34,8,41,49,3,101,32,0,32,133
03/23/2013,FWA,IN,AGL,CE,Combined TRACON& Tower with Radar,6,33,28,0,67,0,5,38,0,43,6,38,66,0,110,42,0,42,152
03/24/2013,FWA,IN,AGL,CE,Combined TRACON& Tower with Radar,4,31,16,0,51,0,0,0,0,0,4,31,16,0,51,0,0,0,51
03/25/2013,FWA,IN,AGL,CE,Combined TRACON& Tower with Radar,8,35,3,0,46,0,2,0,0,2,8,37,3,0,48,0,0,0,48
03/26/2013,FWA,IN,AGL,CE,Combined TRACON& Tower with Radar,10,42,15,3,70,0,3,3,11,17,10,45,18,14,87,8,14,22,109
03/27/2013,FWA,IN,AGL,CE,Combined TRACON& Tower with Radar,14,38,24,4,80,0,6,17,9,32,14,44,41,13,112,22,6,28,140
03/28/2013,FWA,IN,AGL,CE,Combined TRACON& Tower with Radar,14,40,26,0,80,0,2,33,7,42,14,42,59,7,122,38,20,58,180
03/29/2013,FWA,IN,AGL,CE,Combined TRACON& Tower with Radar,8,37,23,0,68,0,0,15,0,15,8,37,38,0,83,28,0,28,111
03/30/2013,FWA,IN,AGL,CE,Combined TRACON& Tower with Radar,8,29,10,14,61,0,7,26,0,33,8,36,36,14,94,28,0,28,122
03/31/2013,FWA,IN,AGL,CE,Combined TRACON& Tower with Radar,6,30,6,0,42,0,0,3,0,3,6,30,9,0,45,0,0,0,45
04/01/2013,FWA,IN,AGL,CE,Combined TRACON& Tower with Radar,6,35,17,0,58,0,0,7,0,7,6,35,24,0,65,8,0,8,73
04/02/2013,FWA,IN,AGL,CE,Combined TRACON& Tower with Radar,10,36,11,0,57,0,1,19,10,30,10,37,30,10,87,34,4,38,125
04/03/2013,FWA,IN,AGL,CE,Combined TRACON& Tower with Radar,10,36,32,2,80,0,3,15,9,27,10,39,47,11,107,40,14,54,161
04/04/2013,FWA,IN,AGL,CE,Combined TRACON& Tower with Radar,11,42,23,2,78,0,6,21,7,34,11,48,44,9,112,50,2,52,164
04/05/2013,FWA,IN,AGL,CE,Combined TRACON& Tower with Radar,11,41,25,0,77,0,7,20,10,37,11,48,45,10,114,26,2,28,142
04/06/2013,FWA,IN,AGL,CE,Combined TRACON& Tower with Radar,10,35,21,0,66,0,3,7,0,10,10,38,28,0,76,4,0,4,80
04/07/2013,FWA,IN,AGL,CE,Combined TRACON& Tower with Radar,6,39,13,0,58,0,3,2,0,5,6,42,15,0,63,0,0,0,63
04/08/2013,FWA,IN,AGL,CE,Combined TRACON& Tower with Radar,6,37,7,0,50,0,4,5,0,9,6,41,12,0,59,0,0,0,59
04/09/2013,FWA,IN,AGL,CE,Combined TRACON& Tower with Radar,8,33,20,4,65,0,1,7,8,16,8,34,27,12,81,0,6,6,87
04/10/2013,FWA,IN,AGL,CE,Combined TRACON& Tower with Radar,14,23,26,0,63,0,0,2,4,6,14,23,28,4,69,0,2,2,71
04/11/2013,FWA,IN,AGL,CE,Combined TRACON& Tower with Radar,14,42,10,3,69,0,0,0,0,0,14,42,10,3,69,0,0,0,69
04/12/2013,FWA,IN,AGL,CE,Combined TRACON& Tower with Radar,8,41,26,11,86,0,3,3,6,12,8,44,29,17,98,2,0,2,100
04/13/2013,FWA,IN,AGL,CE,Combined TRACON& Tower with Radar,2,31,12,8,53,0,0,3,7,10,2,31,15,15,63,0,8,8,71
04/14/2013,FWA,IN,AGL,CE,Combined TRACON& Tower with Radar,4,35,16,2,57,0,2,12,8,22,4,37,28,10,79,42,10,52,131
04/15/2013,FWA,IN,AGL,CE,Combined TRACON& Tower with Radar,6,39,21,3,69,0,5,8,11,24,6,44,29,14,93,6,0,6,99
04/16/2013,FWA,IN,AGL,CE,Combined TRACON& Tower with Radar,8,38,26,17,89,0,0,4,5,9,8,38,30,22,98,10,22,32,130
04/17/2013,FWA,IN,AGL,CE,Combined TRACON& Tower with Radar,12,29,35,12,88,0,1,7,1,9,12,30,42,13,97,6,6,12,109
04/18/2013,FWA,IN,AGL,CE,Combined TRACON& Tower with Radar,12,29,13,1,55,0,0,2,7,9,12,29,15,8,64,0,6,6,70
04/19/2013,FWA,IN,AGL,CE,Combined TRACON& Tower with Radar,8,42,17,2,69,0,2,7,0,9,8,44,24,2,78,0,12,12,90
04/20/2013,FWA,IN,AGL,CE,Combined TRACON& Tower with Radar,2,30,9,0,41,0,4,31,0,35,2,34,40,0,76,18,0,18,94
04/21/2013,FWA,IN,AGL,CE,Combined TRACON& Tower with Radar,4,35,16,0,55,0,4,27,0,31,4,39,43,0,86,4,0,4,90
04/22/2013,FWA,IN,AGL,CE,Combined TRACON& Tower with Radar,6,35,24,0,65,0,1,49,0,50,6,36,73,0,115,38,0,38,153
04/23/2013,FWA,IN,AGL,CE,Combined TRACON& Tower with Radar,8,34,23,8,73,0,1,13,8,22,8,35,36,16,95,0,18,18,113
04/24/2013,FWA,IN,AGL,CE,Combined TRACON& Tower with Radar,10,44,24,1,79,0,1,3,9,13,10,45,27,10,92,0,8,8,100
04/25/2013,FWA,IN,AGL,CE,Combined TRACON& Tower with Radar,14,41,19,0,74,0,1,34,11,46,14,42,53,11,120,34,16,50,170
04/26/2013,FWA,IN,AGL,CE,Combined TRACON& Tower with Radar,8,42,27,1,78,0,0,21,12,33,8,42,48,13,111,12,0,12,123
04/27/2013,FWA,IN,AGL,CE,Combined TRACON& Tower with Radar,2,29,9,0,40,0,0,25,0,25,2,29,34,0,65,32,0,32,97
04/28/2013,FWA,IN,AGL,CE,Combined TRACON& Tower with Radar,4,35,28,0,67,0,2,0,0,2,4,37,28,0,69,0,0,0,69
04/29/2013,FWA,IN,AGL,CE,Combined TRACON& Tower with Radar,8,38,21,0,67,0,6,9,0,15,8,44,30,0,82,18,0,18,100
04/30/2013,FWA,IN,AGL,CE,Combined TRACON& Tower with Radar,10,42,21,0,73,0,1,22,12,35,10,43,43,12,108,10,12,22,130
05/01/2013,FWA,IN,AGL,CE,Combined TRACON& Tower with Radar,10,45,34,1,90,0,1,27,9,37,10,46,61,10,127,28,2,30,157
05/02/2013,FWA,IN,AGL,CE,Combined TRACON& Tower with Radar,11,42,14,0,67,0,7,23,9,39,11,49,37,9,106,0,0,0,106
05/03/2013,FWA,IN,AGL,CE,Combined TRACON& Tower with Radar,11,37,23,0,71,0,1,15,10,26,11,38,38,10,97,4,2,6,103
05/04/2013,FWA,IN,AGL,CE,Combined TRACON& Tower with Radar,2,30,10,0,42,0,0,12,0,12,2,30,22,0,54,18,0,18,72
05/05/2013,FWA,IN,AGL,CE,Combined TRACON& Tower with Radar,6,37,12,0,55,0,0,6,0,6,6,37,18,0,61,20,0,20,81
05/06/2013,FWA,IN,AGL,CE,Combined TRACON& Tower with Radar,6,35,19,0,60,0,2,20,0,22,6,37,39,0,82,0,0,0,82
05/07/2013,FWA,IN,AGL,CE,Combined TRACON& Tower with Radar,8,37,14,2,61,0,5,13,12,30,8,42,27,14,91,0,4,4,95
05/08/2013,FWA,IN,AGL,CE,Combined TRACON& Tower with Radar,14,38,21,2,75,0,5,9,8,22,14,43,30,10,97,0,2,2,99
05/09/2013,FWA,IN,AGL,CE,Combined TRACON& Tower with Radar,11,38,24,1,74,0,3,21,10,34,11,41,45,11,108,18,6,24,132
05/10/2013,FWA,IN,AGL,CE,Combined TRACON& Tower with Radar,11,32,15,4,62,0,1,8,6,15,11,33,23,10,77,16,0,16,93
05/11/2013,FWA,IN,AGL,CE,Combined TRACON& Tower with Radar,2,27,14,0,43,0,0,6,0,6,2,27,20,0,49,4,0,4,53
05/12/2013,FWA,IN,AGL,CE,Combined TRACON& Tower with Radar,4,34,12,0,50,0,3,7,0,10,4,37,19,0,60,6,0,6,66
05/13/2013,FWA,IN,AGL,CE,Combined TRACON& Tower with Radar,6,35,31,0,72,0,4,17,0,21,6,39,48,0,93,0,0,0,93
05/14/2013,FWA,IN,AGL,CE,Combined TRACON& Tower with Radar,8,36,42,0,86,0,0,12,16,28,8,36,54,16,114,0,0,0,114
05/15/2013,FWA,IN,AGL,CE,Combined TRACON& Tower with Radar,8,45,32,0,85,0,3,17,13,33,8,48,49,13,118,0,8,8,126
05/16/2013,FWA,IN,AGL,CE,Combined TRACON& Tower with Radar,14,39,32,1,86,0,3,29,12,44,14,42,61,13,130,12,4,16,146
05/17/2013,FWA,IN,AGL,CE,Combined TRACON& Tower with Radar,9,43,23,1,76,0,5,26,16,47,9,48,49,17,123,0,0,0,123
05/18/2013,FWA,IN,AGL,CE,Combined TRACON& Tower with Radar,2,27,9,0,38,0,0,13,5,18,2,27,22,5,56,20,48,68,124
05/19/2013,FWA,IN,AGL,CE,Combined TRACON& Tower with Radar,6,32,7,2,47,0,4,11,12,27,6,36,18,14,74,28,0,28,102
05/20/2013,FWA,IN,AGL,CE,Combined TRACON& Tower with Radar,8,33,7,0,48,0,2,9,0,11,8,35,16,0,59,10,0,10,69
05/21/2013,FWA,IN,AGL,CE,Combined TRACON& Tower with Radar,9,37,15,0,61,0,0,12,13,25,9,37,27,13,86,14,0,14,100
05/22/2013,FWA,IN,AGL,CE,Combined TRACON& Tower with Radar,8,42,20,2,72,0,3,4,11,18,8,45,24,13,90,0,4,4,94
05/23/2013,FWA,IN,AGL,CE,Combined TRACON& Tower with Radar,13,46,33,10,102,0,0,0,3,3,13,46,33,13,105,0,0,0,105
05/24/2013,FWA,IN,AGL,CE,Combined TRACON& Tower with Radar,11,39,33,0,83,0,3,26,0,29,11,42,59,0,112,18,0,18,130
05/25/2013,FWA,IN,AGL,CE,Combined TRACON& Tower with Radar,2,30,8,0,40,0,0,16,0,16,2,30,24,0,56,20,0,20,76
05/26/2013,FWA,IN,AGL,CE,Combined TRACON& Tower with Radar,8,25,8,0,41,0,2,13,0,15,8,27,21,0,56,24,0,24,80
05/27/2013,FWA,IN,AGL,CE,Combined TRACON& Tower with Radar,3,30,2,0,35,0,0,0,0,0,3,30,2,0,35,0,0,0,35
05/28/2013,FWA,IN,AGL,CE,Combined TRACON& Tower with Radar,6,41,15,1,63,0,0,12,7,19,6,41,27,8,82,20,10,30,112
05/29/2013,FWA,IN,AGL,CE,Combined TRACON& Tower with Radar,12,39,21,4,76,0,0,10,11,21,12,39,31,15,97,18,4,22,119
05/30/2013,FWA,IN,AGL,CE,Combined TRACON& Tower with Radar,19,36,25,3,83,0,7,5,11,23,19,43,30,14,106,1,4,5,111
05/31/2013,FWA,IN,AGL,CE,Combined TRACON& Tower with Radar,8,43,24,0,75,0,3,1,6,10,8,46,25,6,85,0,0,0,85
06/01/2013,FWA,IN,AGL,CE,Combined TRACON& Tower with Radar,2,35,21,0,58,0,1,3,1,5,2,36,24,1,63,0,0,0,63
06/02/2013,FWA,IN,AGL,CE,Combined TRACON& Tower with Radar,6,33,21,0,60,0,3,2,0,5,6,36,23,0,65,0,0,0,65
06/03/2013,FWA,IN,AGL,CE,Combined TRACON& Tower with Radar,6,40,18,0,64,0,6,20,0,26,6,46,38,0,90,0,0,0,90
06/04/2013,FWA,IN,AGL,CE,Combined TRACON& Tower with Radar,10,39,31,0,80,0,10,28,9,47,10,49,59,9,127,70,0,70,197
06/05/2013,FWA,IN,AGL,CE,Combined TRACON& Tower with Radar,8,42,34,0,84,0,0,22,10,32,8,42,56,10,116,14,6,20,136
06/06/2013,FWA,IN,AGL,CE,Combined TRACON& Tower with Radar,14,39,24,0,77,0,3,13,7,23,14,42,37,7,100,26,0,26,126
06/07/2013,FWA,IN,AGL,CE,Combined TRACON& Tower with Radar,8,42,13,0,63,0,10,9,8,27,8,52,22,8,90,0,0,0,90
06/08/2013,FWA,IN,AGL,CE,Combined TRACON& Tower with Radar,2,31,19,2,54,0,4,19,7,30,2,35,38,9,84,28,4,32,116
06/09/2013,FWA,IN,AGL,CE,Combined TRACON& Tower with Radar,6,39,13,2,60,0,3,17,23,43,6,42,30,25,103,20,2,22,125
06/10/2013,FWA,IN,AGL,CE,Combined TRACON& Tower with Radar,6,41,17,0,64,0,1,5,2,8,6,42,22,2,72,0,0,0,72
06/11/2013,FWA,IN,AGL,CE,Combined TRACON& Tower with Radar,8,44,23,4,79,0,4,7,6,17,8,48,30,10,96,4,4,8,104
06/12/2013,FWA,IN,AGL,CE,Combined TRACON& Tower with Radar,9,35,23,2,69,0,5,9,7,21,9,40,32,9,90,4,0,4,94
06/13/2013,FWA,IN,AGL,CE,Combined TRACON& Tower with Radar,15,43,26,7,91,0,6,14,4,24,15,49,40,11,115,0,8,8,123
06/14/2013,FWA,IN,AGL,CE,Combined TRACON& Tower with Radar,9,39,21,0,69,0,1,26,9,36,9,40,47,9,105,34,12,46,151
06/15/2013,FWA,IN,AGL,CE,Combined TRACON& Tower with Radar,4,37,10,0,51,0,4,14,0,18,4,41,24,0,69,8,0,8,77
06/16/2013,FWA,IN,AGL,CE,Combined TRACON& Tower with Radar,6,38,7,2,53,0,0,4,0,4,6,38,11,2,57,0,0,0,57
06/17/2013,FWA,IN,AGL,CE,Combined TRACON& Tower with Radar,6,43,13,0,62,0,6,13,0,19,6,49,26,0,81,6,0,6,87
06/18/2013,FWA,IN,AGL,CE,Combined TRACON& Tower with Radar,10,39,27,2,78,0,2,10,16,28,10,41,37,18,106,21,0,21,127
06/19/2013,FWA,IN,AGL,CE,Combined TRACON& Tower with Radar,12,46,28,0,86,0,4,23,12,39,12,50,51,12,125,60,6,66,191
06/20/2013,FWA,IN,AGL,CE,Combined TRACON& Tower with Radar,14,47,29,1,91,0,4,16,11,31,14,51,45,12,122,20,0,20,142
06/21/2013,FWA,IN,AGL,CE,Combined TRACON& Tower with Radar,8,45,17,3,73,0,0,18,13,31,8,45,35,16,104,18,2,20,124
06/22/2013,FWA,IN,AGL,CE,Combined TRACON& Tower with Radar,6,45,3,1,55,0,1,3,0,4,6,46,6,1,59,12,0,12,71
06/23/2013,FWA,IN,AGL,CE,Combined TRACON& Tower with Radar,6,39,19,1,65,0,3,4,2,9,6,42,23,3,74,4,0,4,78
06/24/2013,FWA,IN,AGL,CE,Combined TRACON& Tower with Radar,6,43,19,0,68,0,1,1,0,2,6,44,20,0,70,0,0,0,70
06/25/2013,FWA,IN,AGL,CE,Combined TRACON& Tower with Radar,10,45,15,2,72,0,0,0,8,8,10,45,15,10,80,17,2,19,99
06/26/2013,FWA,IN,AGL,CE,Combined TRACON& Tower with Radar,12,38,24,0,74,0,1,2,2,5,12,39,26,2,79,0,0,0,79
06/27/2013,FWA,IN,AGL,CE,Combined TRACON& Tower with Radar,18,56,15,11,100,0,3,8,5,16,18,59,23,16,116,16,2,18,134
06/28/2013,FWA,IN,AGL,CE,Combined TRACON& Tower with Radar,10,43,20,2,75,0,4,12,12,28,10,47,32,14,103,0,8,8,111
06/29/2013,FWA,IN,AGL,CE,Combined TRACON& Tower with Radar,4,36,6,0,46,0,4,1,0,5,4,40,7,0,51,0,0,0,51
06/30/2013,FWA,IN,AGL,CE,Combined TRACON& Tower with Radar,6,38,13,0,57,0,1,2,0,3,6,39,15,0,60,0,0,0,60
07/01/2013,FWA,IN,AGL,CE,Combined TRACON& Tower with Radar,6,35,10,6,57,0,0,8,6,14,6,35,18,12,71,2,0,2,73
07/02/2013,FWA,IN,AGL,CE,Combined TRACON& Tower with Radar,8,45,16,0,69,0,0,0,0,0,8,45,16,0,69,10,0,10,79
07/03/2013,FWA,IN,AGL,CE,Combined TRACON& Tower with Radar,10,41,11,1,63,0,0,14,9,23,10,41,25,10,86,16,0,16,102
07/04/2013,FWA,IN,AGL,CE,Combined TRACON& Tower with Radar,6,24,12,1,43,0,0,6,0,6,6,24,18,1,49,16,0,16,65
07/05/2013,FWA,IN,AGL,CE,Combined TRACON& Tower with Radar,10,36,5,0,51,0,3,5,0,8,10,39,10,0,59,0,0,0,59
07/06/2013,FWA,IN,AGL,CE,Combined TRACON& Tower with Radar,4,37,13,0,54,0,2,8,0,10,4,39,21,0,64,4,0,4,68
07/07/2013,FWA,IN,AGL,CE,Combined TRACON& Tower with Radar,6,45,30,0,81,0,3,4,0,7,6,48,34,0,88,16,0,16,104
07/08/2013,FWA,IN,AGL,CE,Combined TRACON& Tower with Radar,11,45,21,0,77,0,3,15,0,18,11,48,36,0,95,2,0,2,97
07/09/2013,FWA,IN,AGL,CE,Combined TRACON& Tower with Radar,8,36,13,0,57,0,0,14,0,14,8,36,27,0,71,4,0,4,75
07/10/2013,FWA,IN,AGL,CE,Combined TRACON& Tower with Radar,8,44,26,0,78,0,3,19,6,28,8,47,45,6,106,52,4,56,162
07/11/2013,FWA,IN,AGL,CE,Combined TRACON& Tower with Radar,14,41,19,5,79,0,3,37,6,46,14,44,56,11,125,4,0,4,129
07/12/2013,FWA,IN,AGL,CE,Combined TRACON& Tower with Radar,8,45,22,1,76,0,2,24,16,42,8,47,46,17,118,50,0,50,168
07/13/2013,FWA,IN,AGL,CE,Combined TRACON& Tower with Radar,2,43,9,5,59,0,4,16,1,21,2,47,25,6,80,20,0,20,100
07/14/2013,FWA,IN,AGL,CE,Combined TRACON& Tower with Radar,6,40,27,0,73,0,6,20,0,26,6,46,47,0,99,2,0,2,101
07/15/2013,FWA,IN,AGL,CE,Combined TRACON& Tower with Radar,6,45,10,13,74,0,2,12,0,14,6,47,22,13,88,36,16,52,140
07/16/2013,FWA,IN,AGL,CE,Combined TRACON& Tower with Radar,8,44,22,0,74,0,2,25,0,27,8,46,47,0,101,12,0,12,113
07/17/2013,FWA,IN,AGL,CE,Combined TRACON& Tower with Radar,8,47,45,1,101,0,1,16,8,25,8,48,61,9,126,5,10,15,141
07/18/2013,FWA,IN,AGL,CE,Combined TRACON& Tower with Radar,14,46,16,17,93,0,0,14,5,19,14,46,30,22,112,20,0,20,132
07/19/2013,FWA,IN,AGL,CE,Combined TRACON& Tower with Radar,8,49,16,0,73,0,0,16,12,28,8,49,32,12,101,24,0,24,125
07/20/2013,FWA,IN,AGL,CE,Combined TRACON& Tower with Radar,2,40,9,10,61,0,0,9,19,28,2,40,18,29,89,0,0,0,89
07/21/2013,FWA,IN,AGL,CE,Combined TRACON& Tower with Radar,6,47,25,1,79,0,3,24,23,50,6,50,49,24,129,46,16,62,191
07/22/2013,FWA,IN,AGL,CE,Combined TRACON& Tower with Radar,6,43,16,0,65,0,0,8,0,8,6,43,24,0,73,0,0,0,73
07/23/2013,FWA,IN,AGL,CE,Combined TRACON& Tower with Radar,10,50,13,0,73,0,2,6,0,8,10,52,19,0,81,10,0,10,91
07/24/2013,FWA,IN,AGL,CE,Combined TRACON& Tower with Radar,9,46,31,0,86,0,2,32,7,41,9,48,63,7,127,63,6,69,196
07/25/2013,FWA,IN,AGL,CE,Combined TRACON& Tower with Radar,16,49,39,2,106,0,6,36,20,62,16,55,75,22,168,24,18,42,210
07/26/2013,FWA,IN,AGL,CE,Combined TRACON& Tower with Radar,8,39,15,0,62,0,3,33,14,50,8,42,48,14,112,28,4,32,144
07/27/2013,FWA,IN,AGL,CE,Combined TRACON& Tower with Radar,2,40,20,0,62,0,3,10,0,13,2,43,30,0,75,0,0,0,75
07/28/2013,FWA,IN,AGL,CE,Combined TRACON& Tower with Radar,6,48,15,0,69,0,3,8,0,11,6,51,23,0,80,4,0,4,84
07/29/2013,FWA,IN,AGL,CE,Combined TRACON& Tower with Radar,6,42,21,0,69,0,4,13,0,17,6,46,34,0,86,0,0,0,86
07/30/2013,FWA,IN,AGL,CE,Combined TRACON& Tower with Radar,8,51,33,0,92,0,2,21,0,23,8,53,54,0,115,82,0,82,197
07/31/2013,FWA,IN,AGL,CE,Combined TRACON& Tower with Radar,8,52,22,3,85,0,7,1,0,8,8,59,23,3,93,0,0,0,93
08/01/2013,FWA,IN,AGL,CE,Combined TRACON& Tower with Radar,14,44,43,1,102,0,1,7,0,8,14,45,50,1,110,0,0,0,110
08/02/2013,FWA,IN,AGL,CE,Combined TRACON& Tower with Radar,8,45,12,0,65,0,2,4,1,7,8,47,16,1,72,4,0,4,76
08/03/2013,FWA,IN,AGL,CE,Combined TRACON& Tower with Radar,2,50,21,0,73,0,3,11,1,15,2,53,32,1,88,2,0,2,90
08/04/2013,FWA,IN,AGL,CE,Combined TRACON& Tower with Radar,6,47,23,4,80,0,4,17,4,25,6,51,40,8,105,0,0,0,105
08/05/2013,FWA,IN,AGL,CE,Combined TRACON& Tower with Radar,6,41,21,12,80,0,2,14,2,18,6,43,35,14,98,26,0,26,124
08/06/2013,FWA,IN,AGL,CE,Combined TRACON& Tower with Radar,8,41,18,2,69,0,4,4,0,8,8,45,22,2,77,18,0,18,95
08/07/2013,FWA,IN,AGL,CE,Combined TRACON& Tower with Radar,8,44,32,1,85,0,0,5,0,5,8,44,37,1,90,10,0,10,100
08/08/2013,FWA,IN,AGL,CE,Combined TRACON& Tower with Radar,14,43,40,0,97,0,5,3,0,8,14,48,43,0,105,30,0,30,135
08/09/2013,FWA,IN,AGL,CE,Combined TRACON& Tower with Radar,8,39,29,1,77,0,6,22,0,28,8,45,51,1,105,0,0,0,105
08/10/2013,FWA,IN,AGL,CE,Combined TRACON& Tower with Radar,2,38,11,0,51,0,3,18,0,21,2,41,29,0,72,62,0,62,134
08/11/2013,FWA,IN,AGL,CE,Combined TRACON& Tower with Radar,6,39,23,7,75,0,6,30,0,36,6,45,53,7,111,36,0,36,147
08/12/2013,FWA,IN,AGL,CE,Combined TRACON& Tower with Radar,8,39,15,0,62,0,1,7,0,8,8,40,22,0,70,23,0,23,93
08/13/2013,FWA,IN,AGL,CE,Combined TRACON& Tower with Radar,10,42,29,0,81,0,7,7,0,14,10,49,36,0,95,8,0,8,103
08/14/2013,FWA,IN,AGL,CE,Combined TRACON& Tower with Radar,12,49,29,0,90,0,1,25,2,28,12,50,54,2,118,42,0,42,160
08/15/2013,FWA,IN,AGL,CE,Combined TRACON& Tower with Radar,14,43,23,0,80,0,1,21,4,26,14,44,44,4,106,18,0,18,124
08/16/2013,FWA,IN,AGL,CE,Combined TRACON& Tower with Radar,12,45,18,0,75,0,2,25,2,29,12,47,43,2,104,16,8,24,128
08/17/2013,FWA,IN,AGL,CE,Combined TRACON& Tower with Radar,4,47,6,0,57,0,0,7,0,7,4,47,13,0,64,6,0,6,70
08/18/2013,FWA,IN,AGL,CE,Combined TRACON& Tower with Radar,4,42,18,0,64,0,1,13,0,14,4,43,31,0,78,0,0,0,78
08/19/2013,FWA,IN,AGL,CE,Combined TRACON& Tower with Radar,8,46,22,0,76,0,0,18,0,18,8,46,40,0,94,20,0,20,114
08/20/2013,FWA,IN,AGL,CE,Combined TRACON& Tower with Radar,21,47,22,0,90,0,8,14,0,22,21,55,36,0,112,4,0,4,116
08/21/2013,FWA,IN,AGL,CE,Combined TRACON& Tower with Radar,23,43,21,2,89,0,4,16,0,20,23,47,37,2,109,18,0,18,127
08/22/2013,FWA,IN,AGL,CE,Combined TRACON& Tower with Radar,17,53,28,3,101,0,0,11,4,15,17,53,39,7,116,6,4,10,126
08/23/2013,FWA,IN,AGL,CE,Combined TRACON& Tower with Radar,18,51,25,5,99,0,1,19,0,20,18,52,44,5,119,0,14,14,133
08/24/2013,FWA,IN,AGL,CE,Combined TRACON& Tower with Radar,5,37,7,0,49,0,4,12,0,16,5,41,19,0,65,2,0,2,67
08/25/2013,FWA,IN,AGL,CE,Combined TRACON& Tower with Radar,7,44,17,4,72,0,4,15,0,19,7,48,32,4,91,11,10,21,112
08/26/2013,FWA,IN,AGL,CE,Combined TRACON& Tower with Radar,19,42,18,7,86,0,0,13,1,14,19,42,31,8,100,20,0,20,120
08/27/2013,FWA,IN,AGL,CE,Combined TRACON& Tower with Radar,27,40,48,1,116,0,2,20,0,22,27,42,68,1,138,0,0,0,138
08/28/2013,FWA,IN,AGL,CE,Combined TRACON& Tower with Radar,27,42,32,1,102,0,3,23,0,26,27,45,55,1,128,64,4,68,196
08/29/2013,FWA,IN,AGL,CE,Combined TRACON& Tower with Radar,27,42,31,1,101,0,1,17,5,23,27,43,48,6,124,24,0,24,148
08/30/2013,FWA,IN,AGL,CE,Combined TRACON& Tower with Radar,18,43,18,0,79,0,7,15,0,22,18,50,33,0,101,22,0,22,123
08/31/2013,FWA,IN,AGL,CE,Combined TRACON& Tower with Radar,4,29,24,0,57,0,3,3,0,6,4,32,27,0,63,0,0,0,63
09/01/2013,FWA,IN,AGL,CE,Combined TRACON& Tower with Radar,14,25,24,0,63,0,1,6,0,7,14,26,30,0,70,0,0,0,70
09/02/2013,FWA,IN,AGL,CE,Combined TRACON& Tower with Radar,9,38,19,0,66,0,5,5,0,10,9,43,24,0,76,6,0,6,82
09/03/2013,FWA,IN,AGL,CE,Combined TRACON& Tower with Radar,13,41,10,0,64,0,5,11,0,16,13,46,21,0,80,8,0,8,88
09/04/2013,FWA,IN,AGL,CE,Combined TRACON& Tower with Radar,11,42,28,0,81,0,0,30,8,38,11,42,58,8,119,0,0,0,119
09/05/2013,FWA,IN,AGL,CE,Combined TRACON& Tower with Radar,14,43,19,0,76,0,10,25,11,46,14,53,44,11,122,36,8,44,166
09/06/2013,FWA,IN,AGL,CE,Combined TRACON& Tower with Radar,8,46,13,4,71,0,1,15,13,29,8,47,28,17,100,32,26,58,158
09/07/2013,FWA,IN,AGL,CE,Combined TRACON& Tower with Radar,2,29,6,2,39,0,9,5,0,14,2,38,11,2,53,0,0,0,53
09/08/2013,FWA,IN,AGL,CE,Combined TRACON& Tower with Radar,4,39,19,3,65,0,3,3,0,6,4,42,22,3,71,0,0,0,71
09/09/2013,FWA,IN,AGL,CE,Combined TRACON& Tower with Radar,6,43,5,1,55,0,3,9,1,13,6,46,14,2,68,0,0,0,68
09/10/2013,FWA,IN,AGL,CE,Combined TRACON& Tower with Radar,8,35,14,4,61,0,2,12,18,32,8,37,26,22,93,14,22,36,129
09/11/2013,FWA,IN,AGL,CE,Combined TRACON& Tower with Radar,9,41,23,7,80,0,1,16,17,34,9,42,39,24,114,6,2,8,122
09/12/2013,FWA,IN,AGL,CE,Combined TRACON& Tower with Radar,17,47,20,15,99,0,1,13,3,17,17,48,33,18,116,0,0,0,116
09/13/2013,FWA,IN,AGL,CE,Combined TRACON& Tower with Radar,10,42,20,8,80,0,5,22,7,34,10,47,42,15,114,35,12,47,161
09/14/2013,FWA,IN,AGL,CE,Combined TRACON& Tower with Radar,10,31,11,7,59,14,8,17,16,55,24,39,28,23,114,88,16,104,218
09/15/2013,FWA,IN,AGL,CE,Combined TRACON& Tower with Radar,4,39,22,11,76,0,0,21,20,41,4,39,43,31,117,0,0,0,117
09/16/2013,FWA,IN,AGL,CE,Combined TRACON& Tower with Radar,10,43,22,12,87,0,7,20,3,30,10,50,42,15,117,66,12,78,195
09/17/2013,FWA,IN,AGL,CE,Combined TRACON& Tower with Radar,21,41,36,9,107,0,0,24,8,32,21,41,60,17,139,6,0,6,145
09/18/2013,FWA,IN,AGL,CE,Combined TRACON& Tower with Radar,23,43,33,11,110,0,0,26,13,39,23,43,59,24,149,12,0,12,161
09/19/2013,FWA,IN,AGL,CE,Combined TRACON& Tower with Radar,16,39,13,10,78,0,1,2,8,11,16,40,15,18,89,12,0,12,101
09/20/2013,FWA,IN,AGL,CE,Combined TRACON& Tower with Radar,11,44,26,8,89,0,1,3,2,6,11,45,29,10,95,0,0,0,95
09/21/2013,FWA,IN,AGL,CE,Combined TRACON& Tower with Radar,5,32,13,0,50,0,6,6,0,12,5,38,19,0,62,8,0,8,70
09/22/2013,FWA,IN,AGL,CE,Combined TRACON& Tower with Radar,4,39,10,0,53,0,9,13,0,22,4,48,23,0,75,2,0,2,77
09/23/2013,FWA,IN,AGL,CE,Combined TRACON& Tower with Radar,11,44,7,2,64,0,3,37,0,40,11,47,44,2,104,18,0,18,122
09/24/2013,FWA,IN,AGL,CE,Combined TRACON& Tower with Radar,18,43,31,0,92,0,3,31,13,47,18,46,62,13,139,42,4,46,185
09/25/2013,FWA,IN,AGL,CE,Combined TRACON& Tower with Radar,24,41,19,2,86,0,2,11,15,28,24,43,30,17,114,10,2,12,126
09/26/2013,FWA,IN,AGL,CE,Combined TRACON& Tower with Radar,23,50,12,3,88,0,2,26,15,43,23,52,38,18,131,36,10,46,177
09/27/2013,FWA,IN,AGL,CE,Combined TRACON& Tower with Radar,22,42,29,0,93,0,3,26,11,40,22,45,55,11,133,8,6,14,147
09/28/2013,FWA,IN,AGL,CE,Combined TRACON& Tower with Radar,2,34,7,0,43,0,5,30,0,35,2,39,37,0,78,42,0,42,120
09/29/2013,FWA,IN,AGL,CE,Combined TRACON& Tower with Radar,6,43,18,0,67,0,1,1,0,2,6,44,19,0,69,0,0,0,69
09/30/2013,FWA,IN,AGL,CE,Combined TRACON& Tower with Radar,15,41,22,0,78,0,1,9,0,10,15,42,31,0,88,0,0,0,88
10/01/2013,FWA,IN,AGL,CE,Combined TRACON& Tower with Radar,21,44,31,2,98,0,1,15,0,16,21,45,46,2,114,22,0,22,136
10/02/2013,FWA,IN,AGL,CE,Combined TRACON& Tower with Radar,23,42,21,2,88,0,0,13,0,13,23,42,34,2,101,24,0,24,125
10/03/2013,FWA,IN,AGL,CE,Combined TRACON& Tower with Radar,29,39,4,2,74,0,0,3,0,3,29,39,7,2,77,0,0,0,77
10/04/2013,FWA,IN,AGL,CE,Combined TRACON& Tower with Radar,30,42,24,2,98,0,1,15,0,16,30,43,39,2,114,0,0,0,114
10/05/2013,FWA,IN,AGL,CE,Combined TRACON& Tower with Radar,5,36,11,1,53,0,0,4,5,9,5,36,15,6,62,0,0,0,62
10/06/2013,FWA,IN,AGL,CE,Combined TRACON& Tower with Radar,10,38,4,0,52,0,8,0,0,8,10,46,4,0,60,10,0,10,70
10/07/2013,FWA,IN,AGL,CE,Combined TRACON& Tower with Radar,22,42,18,0,82,0,3,4,0,7,22,45,22,0,89,0,0,0,89
10/08/2013,FWA,IN,AGL,CE,Combined TRACON& Tower with Radar,22,41,18,2,83,0,4,25,0,29,22,45,43,2,112,54,0,54,166
10/09/2013,FWA,IN,AGL,CE,Combined TRACON& Tower with Radar,21,43,21,6,91,0,1,30,0,31,21,44,51,6,122,55,0,55,177
10/10/2013,FWA,IN,AGL,CE,Combined TRACON& Tower with Radar,20,43,21,0,84,0,2,27,0,29,20,45,48,0,113,14,0,14,127
10/11/2013,FWA,IN,AGL,CE,Combined TRACON& Tower with Radar,16,44,37,0,97,0,5,33,0,38,16,49,70,0,135,8,0,8,143
10/12/2013,FWA,IN,AGL,CE,Combined TRACON& Tower with Radar,7,30,13,0,50,0,5,27,0,32,7,35,40,0,82,10,0,10,92
10/13/2013,FWA,IN,AGL,CE,Combined TRACON& Tower with Radar,14,33,25,0,72,0,5,30,0,35,14,38,55,0,107,2,0,2,109
10/14/2013,FWA,IN,AGL,CE,Combined TRACON& Tower with Radar,10,45,9,0,64,0,1,17,0,18,10,46,26,0,82,20,0,20,102
10/15/2013,FWA,IN,AGL,CE,Combined TRACON& Tower with Radar,11,43,32,7,93,0,0,2,0,2,11,43,34,7,95,0,0,0,95
10/16/2013,FWA,IN,AGL,CE,Combined TRACON& Tower with Radar,8,50,33,3,94,0,1,9,5,15,8,51,42,8,109,28,4,32,141
10/17/2013,FWA,IN,AGL,CE,Combined TRACON& Tower with Radar,13,42,41,7,103,0,3,7,2,12,13,45,48,9,115,0,0,0,115
10/18/2013,FWA,IN,AGL,CE,Combined TRACON& Tower with Radar,9,44,19,1,73,0,3,24,9,36,9,47,43,10,109,14,14,28,137
10/19/2013,FWA,IN,AGL,CE,Combined TRACON& Tower with Radar,2,30,12,0,44,0,5,8,0,13,2,35,20,0,57,12,0,12,69
10/20/2013,FWA,IN,AGL,CE,Combined TRACON& Tower with Radar,4,42,19,0,65,0,2,8,0,10,4,44,27,0,75,0,0,0,75
10/21/2013,FWA,IN,AGL,CE,Combined TRACON& Tower with Radar,8,38,24,0,70,0,6,8,0,14,8,44,32,0,84,16,0,16,100
10/22/2013,FWA,IN,AGL,CE,Combined TRACON& Tower with Radar,8,41,25,4,78,0,4,12,5,21,8,45,37,9,99,6,0,6,105
10/23/2013,FWA,IN,AGL,CE,Combined TRACON& Tower with Radar,12,43,18,6,79,0,0,3,5,8,12,43,21,11,87,0,6,6,93
10/24/2013,FWA,IN,AGL,CE,Combined TRACON& Tower with Radar,18,45,29,0,92,0,1,13,8,22,18,46,42,8,114,0,0,0,114
10/25/2013,FWA,IN,AGL,CE,Combined TRACON& Tower with Radar,8,39,14,0,61,0,4,18,8,30,8,43,32,8,91,0,2,2,93
10/26/2013,FWA,IN,AGL,CE,Combined TRACON& Tower with Radar,6,34,9,0,49,0,5,6,0,11,6,39,15,0,60,20,0,20,80
10/27/2013,FWA,IN,AGL,CE,Combined TRACON& Tower with Radar,4,38,10,0,52,0,0,15,0,15,4,38,25,0,67,22,0,22,89
10/28/2013,FWA,IN,AGL,CE,Combined TRACON& Tower with Radar,6,40,26,0,72,0,2,28,0,30,6,42,54,0,102,40,0,40,142
10/29/2013,FWA,IN,AGL,CE,Combined TRACON& Tower with Radar,8,44,56,1,109,0,0,14,6,20,8,44,70,7,129,0,0,0,129
10/30/2013,FWA,IN,AGL,CE,Combined TRACON& Tower with Radar,10,45,33,1,89,0,1,3,0,4,10,46,36,1,93,0,0,0,93
10/31/2013,FWA,IN,AGL,CE,Combined TRACON& Tower with Radar,12,36,14,1,63,0,0,0,0,0,12,36,14,1,63,0,0,0,63
11/01/2013,FWA,IN,AGL,CE,Combined TRACON& Tower with Radar,8,41,10,2,61,0,1,6,0,7,8,42,16,2,68,0,0,0,68
11/02/2013,FWA,IN,AGL,CE,Combined TRACON& Tower with Radar,4,31,6,18,59,0,2,0,6,8,4,33,6,24,67,18,4,22,89
11/03/2013,FWA,IN,AGL,CE,Combined TRACON& Tower with Radar,4,35,21,13,73,0,1,10,8,19,4,36,31,21,92,6,0,6,98
11/04/2013,FWA,IN,AGL,CE,Combined TRACON& Tower with Radar,6,39,18,0,63,0,1,24,9,34,6,40,42,9,97,32,4,36,133
11/05/2013,FWA,IN,AGL,CE,Combined TRACON& Tower with Radar,8,45,18,1,72,0,3,18,8,29,8,48,36,9,101,26,0,26,127
11/06/2013,FWA,IN,AGL,CE,Combined TRACON& Tower with Radar,12,47,19,15,93,0,0,2,3,5,12,47,21,18,98,18,0,18,116
11/07/2013,FWA,IN,AGL,CE,Combined TRACON& Tower with Radar,12,40,28,0,80,0,4,23,0,27,12,44,51,0,107,45,0,45,152
11/08/2013,FWA,IN,AGL,CE,Combined TRACON& Tower with Radar,9,40,31,0,80,0,4,22,0,26,9,44,53,0,106,18,0,18,124
11/09/2013,FWA,IN,AGL,CE,Combined TRACON& Tower with Radar,4,27,3,1,35,0,0,0,9,9,4,27,3,10,44,0,0,0,44
11/10/2013,FWA,IN,AGL,CE,Combined TRACON& Tower with Radar,6,39,20,0,65,0,0,15,0,15,6,39,35,0,80,28,0,28,108
11/11/2013,FWA,IN,AGL,CE,Combined TRACON& Tower with Radar,6,36,28,0,70,0,5,3,0,8,6,41,31,0,78,6,0,6,84
11/12/2013,FWA,IN,AGL,CE,Combined TRACON& Tower with Radar,7,43,30,2,82,0,0,15,3,18,7,43,45,5,100,6,0,6,106
11/13/2013,FWA,IN,AGL,CE,Combined TRACON& Tower with Radar,13,42,23,1,79,0,2,23,4,29,13,44,46,5,108,4,0,4,112
11/14/2013,FWA,IN,AGL,CE,Combined TRACON& Tower with Radar,12,38,20,1,71,0,3,9,8,20,12,41,29,9,91,22,8,30,121
11/15/2013,FWA,IN,AGL,CE,Combined TRACON& Tower with Radar,8,42,23,3,76,0,4,16,5,25,8,46,39,8,101,10,0,10,111
11/16/2013,FWA,IN,AGL,CE,Combined TRACON& Tower with Radar,4,27,12,0,43,0,3,0,0,3,4,30,12,0,46,0,0,0,46
11/17/2013,FWA,IN,AGL,CE,Combined TRACON& Tower with Radar,6,32,8,0,46,0,0,0,0,0,6,32,8,0,46,0,0,0,46
11/18/2013,FWA,IN,AGL,CE,Combined TRACON& Tower with Radar,6,47,23,2,78,0,3,7,2,12,6,50,30,4,90,10,0,10,100
11/19/2013,FWA,IN,AGL,CE,Combined TRACON& Tower with Radar,8,42,31,2,83,0,2,31,8,41,8,44,62,10,124,34,0,34,158
11/20/2013,FWA,IN,AGL,CE,Combined TRACON& Tower with Radar,10,38,22,0,70,0,3,21,8,32,10,41,43,8,102,34,6,40,142
11/21/2013,FWA,IN,AGL,CE,Combined TRACON& Tower with Radar,12,38,25,9,84,0,0,7,0,7,12,38,32,9,91,0,0,0,91
11/22/2013,FWA,IN,AGL,CE,Combined TRACON& Tower with Radar,7,37,14,6,64,0,3,5,0,8,7,40,19,6,72,10,0,10,82
11/23/2013,FWA,IN,AGL,CE,Combined TRACON& Tower with Radar,4,30,5,0,39,0,0,4,0,4,4,30,9,0,43,0,0,0,43
11/24/2013,FWA,IN,AGL,CE,Combined TRACON& Tower with Radar,4,35,10,0,49,0,1,2,0,3,4,36,12,0,52,0,0,0,52
11/25/2013,FWA,IN,AGL,CE,Combined TRACON& Tower with Radar,5,38,18,4,65,0,2,14,3,19,5,40,32,7,84,16,0,16,100
11/26/2013,FWA,IN,AGL,CE,Combined TRACON& Tower with Radar,13,39,27,4,83,0,2,8,6,16,13,41,35,10,99,6,0,6,105
11/27/2013,FWA,IN,AGL,CE,Combined TRACON& Tower with Radar,10,40,21,8,79,0,1,7,6,14,10,41,28,14,93,0,0,0,93
11/28/2013,FWA,IN,AGL,CE,Combined TRACON& Tower with Radar,1,18,4,0,23,0,0,0,0,0,1,18,4,0,23,0,0,0,23
11/29/2013,FWA,IN,AGL,CE,Combined TRACON& Tower with Radar,8,21,5,0,34,0,0,16,0,16,8,21,21,0,50,2,0,2,52
11/30/2013,FWA,IN,AGL,CE,Combined TRACON& Tower with Radar,8,31,6,0,45,0,0,14,0,14,8,31,20,0,59,6,0,6,65
12/01/2013,FWA,IN,AGL,CE,Combined TRACON& Tower with Radar,5,42,27,0,74,0,0,11,0,11,5,42,38,0,85,10,0,10,95
12/02/2013,FWA,IN,AGL,CE,Combined TRACON& Tower with Radar,6,36,30,0,72,0,0,6,0,6,6,36,36,0,78,0,0,0,78
12/03/2013,FWA,IN,AGL,CE,Combined TRACON& Tower with Radar,10,42,39,15,106,0,0,1,0,1,10,42,40,15,107,0,0,0,107
12/04/2013,FWA,IN,AGL,CE,Combined TRACON& Tower with Radar,10,38,15,11,74,0,0,0,0,0,10,38,15,11,74,0,0,0,74
12/05/2013,FWA,IN,AGL,CE,Combined TRACON& Tower with Radar,13,42,28,9,92,0,1,3,3,7,13,43,31,12,99,0,0,0,99
12/06/2013,FWA,IN,AGL,CE,Combined TRACON& Tower with Radar,8,35,11,0,54,0,0,7,6,13,8,35,18,6,67,20,2,22,89
12/07/2013,FWA,IN,AGL,CE,Combined TRACON& Tower with Radar,7,23,12,0,42,0,0,13,7,20,7,23,25,7,62,6,4,10,72
12/08/2013,FWA,IN,AGL,CE,Combined TRACON& Tower with Radar,4,23,5,1,33,0,0,3,6,9,4,23,8,7,42,6,0,6,48
12/09/2013,FWA,IN,AGL,CE,Combined TRACON& Tower with Radar,7,32,14,1,54,0,0,0,9,9,7,32,14,10,63,0,0,0,63
12/10/2013,FWA,IN,AGL,CE,Combined TRACON& Tower with Radar,13,40,48,2,103,0,1,7,12,20,13,41,55,14,123,28,0,28,151
12/11/2013,FWA,IN,AGL,CE,Combined TRACON& Tower with Radar,10,36,13,9,68,0,0,0,0,0,10,36,13,9,68,0,0,0,68
12/12/2013,FWA,IN,AGL,CE,Combined TRACON& Tower with Radar,14,42,29,6,91,0,0,18,12,30,14,42,47,18,121,30,12,42,163
12/13/2013,FWA,IN,AGL,CE,Combined TRACON& Tower with Radar,11,40,21,1,73,0,6,11,11,28,11,46,32,12,101,0,2,2,103
12/14/2013,FWA,IN,AGL,CE,Combined TRACON& Tower with Radar,5,21,4,0,30,0,0,0,0,0,5,21,4,0,30,0,0,0,30
12/15/2013,FWA,IN,AGL,CE,Combined TRACON& Tower with Radar,4,38,7,0,49,0,2,0,0,2,4,40,7,0,51,0,0,0,51
12/16/2013,FWA,IN,AGL,CE,Combined TRACON& Tower with Radar,11,40,18,0,69,0,5,8,6,19,11,45,26,6,88,0,0,0,88
12/17/2013,FWA,IN,AGL,CE,Combined TRACON& Tower with Radar,18,38,27,16,99,0,4,0,0,4,18,42,27,16,103,0,0,0,103
12/18/2013,FWA,IN,AGL,CE,Combined TRACON& Tower with Radar,18,47,30,2,97,0,0,19,9,28,18,47,49,11,125,8,4,12,137
12/19/2013,FWA,IN,AGL,CE,Combined TRACON& Tower with Radar,22,33,22,7,84,0,0,4,8,12,22,33,26,15,96,0,0,0,96
12/20/2013,FWA,IN,AGL,CE,Combined TRACON& Tower with Radar,7,22,16,0,45,0,0,0,0,0,7,22,16,0,45,0,0,0,45
12/21/2013,FWA,IN,AGL,CE,Combined TRACON& Tower with Radar,14,30,10,0,54,0,0,1,0,1,14,30,11,0,55,0,0,0,55
12/22/2013,FWA,IN,AGL,CE,Combined TRACON& Tower with Radar,4,22,2,0,28,0,0,1,0,1,4,22,3,0,29,0,0,0,29
12/23/2013,FWA,IN,AGL,CE,Combined TRACON& Tower with Radar,7,29,10,0,46,0,0,7,0,7,7,29,17,0,53,8,0,8,61
12/24/2013,FWA,IN,AGL,CE,Combined TRACON& Tower with Radar,10,24,7,0,41,0,2,4,0,6,10,26,11,0,47,0,0,0,47
12/25/2013,FWA,IN,AGL,CE,Combined TRACON& Tower with Radar,4,19,0,0,23,0,3,1,0,4,4,22,1,0,27,0,0,0,27
12/26/2013,FWA,IN,AGL,CE,Combined TRACON& Tower with Radar,12,29,20,0,61,0,0,11,4,15,12,29,31,4,76,0,0,0,76
12/27/2013,FWA,IN,AGL,CE,Combined TRACON& Tower with Radar,8,35,9,0,52,0,5,20,4,29,8,40,29,4,81,6,4,10,91
12/28/2013,FWA,IN,AGL,CE,Combined TRACON& Tower with Radar,6,29,18,0,53,0,1,26,0,27,6,30,44,0,80,50,0,50,130
12/29/2013,FWA,IN,AGL,CE,Combined TRACON& Tower with Radar,4,22,14,0,40,0,0,3,0,3,4,22,17,0,43,0,0,0,43
12/30/2013,FWA,IN,AGL,CE,Combined TRACON& Tower with Radar,4,31,4,1,40,0,3,7,0,10,4,34,11,1,50,71,0,71,121
12/31/2013,FWA,IN,AGL,CE,Combined TRACON& Tower with Radar,10,24,2,0,36,0,0,2,0,2,10,24,4,0,38,24,0,24,62
01/01/2014,FWA,IN,AGL,CE,Combined TRACON& Tower with Radar,4,14,3,0,21,0,1,0,0,1,4,15,3,0,22,0,0,0,22
01/02/2014,FWA,IN,AGL,CE,Combined TRACON& Tower with Radar,13,25,10,0,48,0,0,0,0,0,13,25,10,0,48,0,0,0,48
01/03/2014,FWA,IN,AGL,CE,Combined TRACON& Tower with Radar,9,34,10,1,54,0,0,13,8,21,9,34,23,9,75,0,0,0,75
01/04/2014,FWA,IN,AGL,CE,Combined TRACON& Tower with Radar,8,39,15,3,65,0,1,4,16,21,8,40,19,19,86,31,6,37,123
01/05/2014,FWA,IN,AGL,CE,Combined TRACON& Tower with Radar,0,7,0,0,7,0,0,0,0,0,0,7,0,0,7,0,0,0,7
01/06/2014,FWA,IN,AGL,CE,Combined TRACON& Tower with Radar,0,4,10,0,14,0,0,0,0,0,0,4,10,0,14,0,0,0,14
01/07/2014,FWA,IN,AGL,CE,Combined TRACON& Tower with Radar,12,18,11,0,41,0,4,2,0,6,12,22,13,0,47,0,0,0,47
01/08/2014,FWA,IN,AGL,CE,Combined TRACON& Tower with Radar,19,52,18,5,94,0,1,5,3,9,19,53,23,8,103,0,0,0,103
01/09/2014,FWA,IN,AGL,CE,Combined TRACON& Tower with Radar,25,37,23,3,88,0,0,2,7,9,25,37,25,10,97,0,8,8,105
01/10/2014,FWA,IN,AGL,CE,Combined TRACON& Tower with Radar,10,31,10,11,62,0,0,0,1,1,10,31,10,12,63,0,0,0,63
01/11/2014,FWA,IN,AGL,CE,Combined TRACON& Tower with Radar,2,25,5,0,32,0,0,0,0,0,2,25,5,0,32,0,0,0,32
01/12/2014,FWA,IN,AGL,CE,Combined TRACON& Tower with Radar,5,32,9,0,46,0,0,3,5,8,5,32,12,5,54,0,0,0,54
01/13/2014,FWA,IN,AGL,CE,Combined TRACON& Tower with Radar,13,34,21,0,68,0,2,12,0,14,13,36,33,0,82,6,0,6,88
01/14/2014,FWA,IN,AGL,CE,Combined TRACON& Tower with Radar,7,34,25,2,68,0,3,11,6,20,7,37,36,8,88,0,0,0,88
01/15/2014,FWA,IN,AGL,CE,Combined TRACON& Tower with Radar,11,37,19,9,76,0,3,4,5,12,11,40,23,14,88,0,0,0,88
01/16/2014,FWA,IN,AGL,CE,Combined TRACON& Tower with Radar,13,31,18,0,62,0,0,0,0,0,13,31,18,0,62,0,0,0,62
01/17/2014,FWA,IN,AGL,CE,Combined TRACON& Tower with Radar,9,35,8,0,52,0,3,7,0,10,9,38,15,0,62,0,0,0,62
01/18/2014,FWA,IN,AGL,CE,Combined TRACON& Tower with Radar,4,26,9,0,39,0,0,8,0,8,4,26,17,0,47,8,0,8,55
01/19/2014,FWA,IN,AGL,CE,Combined TRACON& Tower with Radar,2,22,8,0,32,0,0,1,0,1,2,22,9,0,33,0,0,0,33
01/20/2014,FWA,IN,AGL,CE,Combined TRACON& Tower with Radar,8,27,16,0,51,0,3,6,0,9,8,30,22,0,60,2,0,2,62
01/21/2014,FWA,IN,AGL,CE,Combined TRACON& Tower with Radar,8,32,15,1,56,0,1,7,10,18,8,33,22,11,74,16,4,20,94
01/22/2014,FWA,IN,AGL,CE,Combined TRACON& Tower with Radar,10,37,18,8,73,0,0,1,3,4,10,37,19,11,77,0,2,2,79
01/23/2014,FWA,IN,AGL,CE,Combined TRACON& Tower with Radar,11,44,23,0,78,0,0,6,0,6,11,44,29,0,84,0,0,0,84
01/24/2014,FWA,IN,AGL,CE,Combined TRACON& Tower with Radar,11,33,12,0,56,0,1,8,0,9,11,34,20,0,65,0,0,0,65
01/25/2014,FWA,IN,AGL,CE,Combined TRACON& Tower with Radar,4,24,1,5,34,0,1,0,3,4,4,25,1,8,38,0,0,0,38
01/26/2014,FWA,IN,AGL,CE,Combined TRACON& Tower with Radar,4,29,11,2,46,0,2,0,2,4,4,31,11,4,50,0,0,0,50
01/27/2014,FWA,IN,AGL,CE,Combined TRACON& Tower with Radar,4,29,12,0,45,0,0,2,0,2,4,29,14,0,47,0,0,0,47
01/28/2014,FWA,IN,AGL,CE,Combined TRACON& Tower with Radar,10,30,5,0,45,0,1,3,0,4,10,31,8,0,49,0,0,0,49
01/29/2014,FWA,IN,AGL,CE,Combined TRACON& Tower with Radar,14,31,21,16,82,0,2,19,4,25,14,33,40,20,107,20,4,24,131
01/30/2014,FWA,IN,AGL,CE,Combined TRACON& Tower with Radar,13,39,25,3,80,0,3,4,8,15,13,42,29,11,95,2,4,6,101
01/31/2014,FWA,IN,AGL,CE,Combined TRACON& Tower with Radar,10,40,21,3,74,0,0,0,5,5,10,40,21,8,79,0,2,2,81
02/01/2014,FWA,IN,AGL,CE,Combined TRACON& Tower with Radar,14,25,5,1,45,0,0,0,0,0,14,25,5,1,45,0,0,0,45
02/02/2014,FWA,IN,AGL,CE,Combined TRACON& Tower with Radar,6,27,4,0,37,0,1,1,0,2,6,28,5,0,39,38,0,38,77
02/03/2014,FWA,IN,AGL,CE,Combined TRACON& Tower with Radar,6,36,20,0,62,0,1,27,0,28,6,37,47,0,90,34,0,34,124
02/04/2014,FWA,IN,AGL,CE,Combined TRACON& Tower with Radar,13,32,20,2,67,0,0,13,2,15,13,32,33,4,82,2,0,2,84
02/05/2014,FWA,IN,AGL,CE,Combined TRACON& Tower with Radar,17,22,3,0,42,0,0,0,0,0,17,22,3,0,42,0,0,0,42
02/06/2014,FWA,IN,AGL,CE,Combined TRACON& Tower with Radar,14,34,18,0,66,0,2,3,3,8,14,36,21,3,74,12,0,12,86
02/07/2014,FWA,IN,AGL,CE,Combined TRACON& Tower with Radar,9,39,23,0,71,0,0,17,4,21,9,39,40,4,92,6,0,6,98
02/08/2014,FWA,IN,AGL,CE,Combined TRACON& Tower with Radar,4,22,3,2,31,0,0,2,0,2,4,22,5,2,33,10,0,10,43
02/09/2014,FWA,IN,AGL,CE,Combined TRACON& Tower with Radar,4,25,8,2,39,0,6,3,1,10,4,31,11,3,49,0,0,0,49
02/10/2014,FWA,IN,AGL,CE,Combined TRACON& Tower with Radar,8,31,28,0,67,0,3,5,0,8,8,34,33,0,75,12,0,12,87
02/11/2014,FWA,IN,AGL,CE,Combined TRACON& Tower with Radar,8,32,15,3,58,0,2,14,3,19,8,34,29,6,77,36,0,36,113
02/12/2014,FWA,IN,AGL,CE,Combined TRACON& Tower with Radar,13,31,17,1,62,0,0,11,8,19,13,31,28,9,81,50,0,50,131
02/13/2014,FWA,IN,AGL,CE,Combined TRACON& Tower with Radar,15,37,34,5,91,0,3,21,4,28,15,40,55,9,119,6,2,8,127
02/14/2014,FWA,IN,AGL,CE,Combined TRACON& Tower with Radar,8,46,17,0,71,0,0,4,0,4,8,46,21,0,75,0,0,0,75
02/15/2014,FWA,IN,AGL,CE,Combined TRACON& Tower with Radar,10,24,12,0,46,0,3,3,0,6,10,27,15,0,52,30,0,30,82
02/16/2014,FWA,IN,AGL,CE,Combined TRACON& Tower with Radar,8,25,5,0,38,0,0,0,0,0,8,25,5,0,38,0,0,0,38
02/17/2014,FWA,IN,AGL,CE,Combined TRACON& Tower with Radar,4,25,11,0,40,0,0,2,0,2,4,25,13,0,42,10,0,10,52
02/18/2014,FWA,IN,AGL,CE,Combined TRACON& Tower with Radar,14,41,24,1,80,0,2,9,5,16,14,43,33,6,96,0,6,6,102
02/19/2014,FWA,IN,AGL,CE,Combined TRACON& Tower with Radar,11,34,25,0,70,0,2,32,7,41,11,36,57,7,111,30,0,30,141
02/20/2014,FWA,IN,AGL,CE,Combined TRACON& Tower with Radar,16,41,15,9,81,0,0,0,4,4,16,41,15,13,85,0,0,0,85
02/21/2014,FWA,IN,AGL,CE,Combined TRACON& Tower with Radar,8,33,16,6,63,0,0,2,3,5,8,33,18,9,68,0,10,10,78
02/22/2014,FWA,IN,AGL,CE,Combined TRACON& Tower with Radar,10,23,11,3,47,0,0,19,10,29,10,23,30,13,76,22,4,26,102
02/23/2014,FWA,IN,AGL,CE,Combined TRACON& Tower with Radar,4,29,10,3,46,0,2,13,8,23,4,31,23,11,69,0,0,0,69
02/24/2014,FWA,IN,AGL,CE,Combined TRACON& Tower with Radar,6,34,14,1,55,0,0,13,13,26,6,34,27,14,81,14,0,14,95
02/25/2014,FWA,IN,AGL,CE,Combined TRACON& Tower with Radar,12,34,13,6,65,0,0,3,8,11,12,34,16,14,76,0,0,0,76
02/26/2014,FWA,IN,AGL,CE,Combined TRACON& Tower with Radar,10,33,19,0,62,0,6,21,12,39,10,39,40,12,101,38,13,51,152
02/27/2014,FWA,IN,AGL,CE,Combined TRACON& Tower with Radar,13,36,19,7,75,0,1,3,4,8,13,37,22,11,83,0,4,4,87
02/28/2014,FWA,IN,AGL,CE,Combined TRACON& Tower with Radar,8,35,24,0,67,0,0,19,8,27,8,35,43,8,94,20,8,28,122
03/01/2014,FWA,IN,AGL,CE,Combined TRACON& Tower with Radar,10,25,4,0,39,0,3,14,0,17,10,28,18,0,56,46,0,46,102
03/02/2014,FWA,IN,AGL,CE,Combined TRACON& Tower with Radar,4,33,7,0,44,0,0,0,0,0,4,33,7,0,44,0,0,0,44
03/03/2014,FWA,IN,AGL,CE,Combined TRACON& Tower with Radar,6,33,21,0,60,0,7,13,0,20,6,40,34,0,80,38,0,38,118
03/04/2014,FWA,IN,AGL,CE,Combined TRACON& Tower with Radar,15,33,28,0,76,0,0,17,9,26,15,33,45,9,102,20,0,20,122
03/05/2014,FWA,IN,AGL,CE,Combined TRACON& Tower with Radar,16,33,11,9,69,0,0,3,5,8,16,33,14,14,77,8,0,8,85
03/06/2014,FWA,IN,AGL,CE,Combined TRACON& Tower with Radar,18,40,14,0,72,0,0,18,6,24,18,40,32,6,96,34,2,36,132
03/07/2014,FWA,IN,AGL,CE,Combined TRACON& Tower with Radar,15,38,26,0,79,0,3,27,10,40,15,41,53,10,119,22,2,24,143
03/08/2014,FWA,IN,AGL,CE,Combined TRACON& Tower with Radar,10,28,5,0,43,0,0,1,0,1,10,28,6,0,44,0,0,0,44
03/09/2014,FWA,IN,AGL,CE,Combined TRACON& Tower with Radar,4,31,19,0,54,0,1,18,0,19,4,32,37,0,73,34,0,34,107
03/10/2014,FWA,IN,AGL,CE,Combined TRACON& Tower with Radar,6,39,34,0,79,0,0,20,0,20,6,39,54,0,99,22,0,22,121
03/11/2014,FWA,IN,AGL,CE,Combined TRACON& Tower with Radar,12,40,17,0,69,0,6,6,9,21,12,46,23,9,90,0,0,0,90
03/12/2014,FWA,IN,AGL,CE,Combined TRACON& Tower with Radar,14,20,8,0,42,0,1,2,0,3,14,21,10,0,45,0,0,0,45
03/13/2014,FWA,IN,AGL,CE,Combined TRACON& Tower with Radar,12,34,28,2,76,0,2,13,5,20,12,36,41,7,96,6,0,6,102
03/14/2014,FWA,IN,AGL,CE,Combined TRACON& Tower with Radar,4,22,11,1,38,0,17,5,7,29,4,39,16,8,67,2,5,7,74
03/15/2014,FWA,IN,AGL,CE,Combined TRACON& Tower with Radar,10,28,9,0,47,0,1,11,10,22,10,29,20,10,69,0,0,0,69
03/16/2014,FWA,IN,AGL,CE,Combined TRACON& Tower with Radar,7,30,5,2,44,0,0,7,7,14,7,30,12,9,58,6,0,6,64
03/17/2014,FWA,IN,AGL,CE,Combined TRACON& Tower with Radar,6,38,32,8,84,0,0,13,6,19,6,38,45,14,103,10,2,12,115
03/18/2014,FWA,IN,AGL,CE,Combined TRACON& Tower with Radar,17,34,24,9,84,0,5,17,11,33,17,39,41,20,117,28,4,32,149
03/19/2014,FWA,IN,AGL,CE,Combined TRACON& Tower with Radar,22,38,22,8,90,0,0,3,4,7,22,38,25,12,97,0,0,0,97
03/20/2014,FWA,IN,AGL,CE,Combined TRACON& Tower with Radar,20,44,30,4,98,0,5,27,7,39,20,49,57,11,137,6,0,6,143
03/21/2014,FWA,IN,AGL,CE,Combined TRACON& Tower with Radar,19,39,14,0,72,0,2,17,6,25,19,41,31,6,97,8,0,8,105
03/22/2014,FWA,IN,AGL,CE,Combined TRACON& Tower with Radar,19,25,25,0,69,0,0,8,0,8,19,25,33,0,77,4,0,4,81
03/23/2014,FWA,IN,AGL,CE,Combined TRACON& Tower with Radar,10,32,18,0,60,0,0,15,0,15,10,32,33,0,75,14,0,14,89
03/24/2014,FWA,IN,AGL,CE,Combined TRACON& Tower with Radar,9,35,15,2,61,0,2,14,0,16,9,37,29,2,77,8,0,8,85
03/25/2014,FWA,IN,AGL,CE,Combined TRACON& Tower with Radar,14,42,16,5,77,0,0,7,3,10,14,42,23,8,87,4,0,4,91
03/26/2014,FWA,IN,AGL,CE,Combined TRACON& Tower with Radar,16,36,29,5,86,0,3,40,2,45,16,39,69,7,131,18,0,18,149
03/27/2014,FWA,IN,AGL,CE,Combined TRACON& Tower with Radar,15,37,21,6,79,0,4,1,5,10,15,41,22,11,89,26,0,26,115
03/28/2014,FWA,IN,AGL,CE,Combined TRACON& Tower with Radar,13,40,19,1,73,0,4,7,10,21,13,44,26,11,94,2,0,2,96
03/29/2014,FWA,IN,AGL,CE,Combined TRACON& Tower with Radar,9,27,8,0,44,0,0,3,0,3,9,27,11,0,47,6,0,6,53
03/30/2014,FWA,IN,AGL,CE,Combined TRACON& Tower with Radar,6,31,17,0,54,0,0,31,0,31,6,31,48,0,85,8,0,8,93
03/31/2014,FWA,IN,AGL,CE,Combined TRACON& Tower with Radar,8,36,8,0,52,0,0,10,0,10,8,36,18,0,62,0,0,0,62
04/01/2014,FWA,IN,AGL,CE,Combined TRACON& Tower with Radar,18,39,11,0,68,0,0,7,6,13,18,39,18,6,81,0,0,0,81
04/02/2014,FWA,IN,AGL,CE,Combined TRACON& Tower with Radar,12,40,20,15,87,0,1,21,11,33,12,41,41,26,120,4,22,26,146
04/03/2014,FWA,IN,AGL,CE,Combined TRACON& Tower with Radar,19,31,6,0,56,0,0,1,0,1,19,31,7,0,57,0,0,0,57
04/04/2014,FWA,IN,AGL,CE,Combined TRACON& Tower with Radar,10,43,9,4,66,0,0,2,3,5,10,43,11,7,71,0,0,0,71
04/05/2014,FWA,IN,AGL,CE,Combined TRACON& Tower with Radar,12,31,14,6,63,0,1,21,0,22,12,32,35,6,85,60,8,68,153
04/06/2014,FWA,IN,AGL,CE,Combined TRACON& Tower with Radar,6,36,33,0,75,0,1,22,0,23,6,37,55,0,98,8,0,8,106
04/07/2014,FWA,IN,AGL,CE,Combined TRACON& Tower with Radar,6,39,14,0,59,0,0,10,0,10,6,39,24,0,69,0,0,0,69
04/08/2014,FWA,IN,AGL,CE,Combined TRACON& Tower with Radar,12,39,22,7,80,0,1,17,11,29,12,40,39,18,109,36,8,44,153
04/09/2014,FWA,IN,AGL,CE,Combined TRACON& Tower with Radar,12,40,16,0,68,0,0,93,11,104,12,40,109,11,172,108,12,120,292
04/10/2014,FWA,IN,AGL,CE,Combined TRACON& Tower with Radar,12,39,20,0,71,0,2,10,13,25,12,41,30,13,96,6,0,6,102
04/11/2014,FWA,IN,AGL,CE,Combined TRACON& Tower with Radar,7,35,21,0,63,0,0,26,0,26,7,35,47,0,89,40,0,40,129
04/12/2014,FWA,IN,AGL,CE,Combined TRACON& Tower with Radar,9,31,8,0,48,0,5,14,11,30,9,36,22,11,78,10,2,12,90
04/13/2014,FWA,IN,AGL,CE,Combined TRACON& Tower with Radar,6,38,7,3,54,0,1,1,13,15,6,39,8,16,69,0,0,0,69
04/14/2014,FWA,IN,AGL,CE,Combined TRACON& Tower with Radar,6,39,17,0,62,0,0,3,0,3,6,39,20,0,65,0,0,0,65
04/15/2014,FWA,IN,AGL,CE,Combined TRACON& Tower with Radar,10,43,19,0,72,0,2,15,0,17,10,45,34,0,89,28,0,28,117
04/16/2014,FWA,IN,AGL,CE,Combined TRACON& Tower with Radar,15,39,16,0,70,0,3,34,2,39,15,42,50,2,109,4,0,4,113
04/17/2014,FWA,IN,AGL,CE,Combined TRACON& Tower with Radar,12,38,31,0,81,0,0,23,11,34,12,38,54,11,115,8,16,24,139
04/18/2014,FWA,IN,AGL,CE,Combined TRACON& Tower with Radar,8,39,23,0,70,0,4,42,1,47,8,43,65,1,117,50,0,50,167
04/19/2014,FWA,IN,AGL,CE,Combined TRACON& Tower with Radar,14,28,9,0,51,0,0,25,0,25,14,28,34,0,76,54,0,54,130
04/20/2014,FWA,IN,AGL,CE,Combined TRACON& Tower with Radar,4,29,5,0,38,0,2,8,0,10,4,31,13,0,48,6,0,6,54
04/21/2014,FWA,IN,AGL,CE,Combined TRACON& Tower with Radar,6,41,31,0,78,0,2,15,0,17,6,43,46,0,95,44,2,46,141
04/22/2014,FWA,IN,AGL,CE,Combined TRACON& Tower with Radar,10,44,27,0,81,0,0,11,2,13,10,44,38,2,94,10,4,14,108
04/23/2014,FWA,IN,AGL,CE,Combined TRACON& Tower with Radar,10,35,30,3,78,0,0,22,5,27,10,35,52,8,105,2,10,12,117
04/24/2014,FWA,IN,AGL,CE,Combined TRACON& Tower with Radar,12,40,21,4,77,0,5,17,4,26,12,45,38,8,103,8,0,8,111
04/25/2014,FWA,IN,AGL,CE,Combined TRACON& Tower with Radar,8,37,21,10,76,0,4,8,3,15,8,41,29,13,91,10,1,11,102
04/26/2014,FWA,IN,AGL,CE,Combined TRACON& Tower with Radar,10,28,16,0,54,0,0,25,0,25,10,28,41,0,79,4,0,4,83
04/27/2014,FWA,IN,AGL,CE,Combined TRACON& Tower with Radar,6,32,11,0,49,0,0,18,0,18,6,32,29,0,67,14,0,14,81
04/28/2014,FWA,IN,AGL,CE,Combined TRACON& Tower with Radar,7,34,16,0,57,0,0,2,0,2,7,34,18,0,59,6,0,6,65
04/29/2014,FWA,IN,AGL,CE,Combined TRACON& Tower with Radar,13,34,24,0,71,0,2,6,6,14,13,36,30,6,85,16,16,32,117
04/30/2014,FWA,IN,AGL,CE,Combined TRACON& Tower with Radar,14,36,32,5,87,0,0,4,2,6,14,36,36,7,93,0,0,0,93
05/01/2014,FWA,IN,AGL,CE,Combined TRACON& Tower with Radar,16,35,25,0,76,0,1,10,9,20,16,36,35,9,96,0,0,0,96
05/02/2014,FWA,IN,AGL,CE,Combined TRACON& Tower with Radar,8,40,29,11,88,0,1,7,3,11,8,41,36,14,99,0,4,4,103
05/03/2014,FWA,IN,AGL,CE,Combined TRACON& Tower with Radar,4,30,9,0,43,0,0,13,0,13,4,30,22,0,56,12,0,12,68
05/04/2014,FWA,IN,AGL,CE,Combined TRACON& Tower with Radar,6,35,19,0,60,0,4,24,0,28,6,39,43,0,88,20,0,20,108
05/05/2014,FWA,IN,AGL,CE,Combined TRACON& Tower with Radar,6,37,19,2,64,0,5,18,0,23,6,42,37,2,87,18,2,20,107
05/06/2014,FWA,IN,AGL,CE,Combined TRACON& Tower with Radar,8,34,15,3,60,0,3,10,13,26,8,37,25,16,86,0,0,0,86
05/07/2014,FWA,IN,AGL,CE,Combined TRACON& Tower with Radar,9,38,16,4,67,0,6,19,7,32,9,44,35,11,99,0,0,0,99
05/08/2014,FWA,IN,AGL,CE,Combined TRACON& Tower with Radar,17,38,34,4,93,0,2,20,13,35,17,40,54,17,128,28,0,28,156
05/09/2014,FWA,IN,AGL,CE,Combined TRACON& Tower with Radar,7,32,14,2,55,0,0,4,8,12,7,32,18,10,67,0,0,0,67
05/10/2014,FWA,IN,AGL,CE,Combined TRACON& Tower with Radar,4,29,14,0,47,0,1,22,0,23,4,30,36,0,70,34,0,34,104
05/11/2014,FWA,IN,AGL,CE,Combined TRACON& Tower with Radar,12,33,13,0,58,0,4,9,0,13,12,37,22,0,71,2,0,2,73
05/12/2014,FWA,IN,AGL,CE,Combined TRACON& Tower with Radar,8,40,21,0,69,0,1,15,0,16,8,41,36,0,85,0,0,0,85
05/13/2014,FWA,IN,AGL,CE,Combined TRACON& Tower with Radar,10,30,32,7,79,0,0,11,2,13,10,30,43,9,92,0,0,0,92
05/14/2014,FWA,IN,AGL,CE,Combined TRACON& Tower with Radar,8,41,21,17,87,0,4,2,0,6,8,45,23,17,93,18,12,30,123
05/15/2014,FWA,IN,AGL,CE,Combined TRACON& Tower with Radar,16,49,28,13,106,0,0,11,0,11,16,49,39,13,117,0,0,0,117
05/16/2014,FWA,IN,AGL,CE,Combined TRACON& Tower with Radar,6,37,22,4,69,0,2,11,8,21,6,39,33,12,90,0,0,0,90
05/17/2014,FWA,IN,AGL,CE,Combined TRACON& Tower with Radar,6,30,16,3,55,0,0,17,14,31,6,30,33,17,86,14,0,14,100
05/18/2014,FWA,IN,AGL,CE,Combined TRACON& Tower with Radar,6,39,13,3,61,0,0,32,10,42,6,39,45,13,103,28,2,30,133
05/19/2014,FWA,IN,AGL,CE,Combined TRACON& Tower with Radar,9,37,23,0,69,0,0,29,2,31,9,37,52,2,100,58,0,58,158
05/20/2014,FWA,IN,AGL,CE,Combined TRACON& Tower with Radar,13,37,26,0,76,0,2,12,10,24,13,39,38,10,100,18,2,20,120
05/21/2014,FWA,IN,AGL,CE,Combined TRACON& Tower with Radar,19,45,23,3,90,0,0,12,12,24,19,45,35,15,114,12,0,12,126
05/22/2014,FWA,IN,AGL,CE,Combined TRACON& Tower with Radar,22,48,31,1,102,0,1,36,8,45,22,49,67,9,147,10,0,10,157
05/23/2014,FWA,IN,AGL,CE,Combined TRACON& Tower with Radar,10,36,15,0,61,0,3,37,2,42,10,39,52,2,103,12,0,12,115
05/24/2014,FWA,IN,AGL,CE,Combined TRACON& Tower with Radar,6,33,8,0,47,0,0,15,0,15,6,33,23,0,62,12,0,12,74
05/25/2014,FWA,IN,AGL,CE,Combined TRACON& Tower with Radar,6,26,11,0,43,0,0,6,0,6,6,26,17,0,49,20,0,20,69
05/26/2014,FWA,IN,AGL,CE,Combined TRACON& Tower with Radar,2,32,4,0,38,0,2,12,1,15,2,34,16,1,53,14,0,14,67
05/27/2014,FWA,IN,AGL,CE,Combined TRACON& Tower with Radar,7,44,22,5,78,0,1,9,9,19,7,45,31,14,97,0,0,0,97
05/28/2014,FWA,IN,AGL,CE,Combined TRACON& Tower with Radar,15,40,16,12,83,0,0,8,10,18,15,40,24,22,101,0,14,14,115
05/29/2014,FWA,IN,AGL,CE,Combined TRACON& Tower with Radar,15,38,32,5,90,0,0,16,11,27,15,38,48,16,117,42,2,44,161
05/30/2014,FWA,IN,AGL,CE,Combined TRACON& Tower with Radar,8,38,16,7,69,0,6,51,11,68,8,44,67,18,137,10,0,10,147
05/31/2014,FWA,IN,AGL,CE,Combined TRACON& Tower with Radar,4,34,13,8,59,0,0,19,0,19,4,34,32,8,78,0,0,0,78
06/01/2014,FWA,IN,AGL,CE,Combined TRACON& Tower with Radar,7,32,11,0,50,0,0,18,1,19,7,32,29,1,69,0,0,0,69
06/02/2014,FWA,IN,AGL,CE,Combined TRACON& Tower with Radar,13,37,26,5,81,0,0,8,2,10,13,37,34,7,91,8,0,8,99
06/03/2014,FWA,IN,AGL,CE,Combined TRACON& Tower with Radar,10,45,22,2,79,0,0,15,11,26,10,45,37,13,105,8,2,10,115
06/04/2014,FWA,IN,AGL,CE,Combined TRACON& Tower with Radar,20,35,23,8,86,0,0,5,1,6,20,35,28,9,92,0,0,0,92
06/05/2014,FWA,IN,AGL,CE,Combined TRACON& Tower with Radar,16,38,30,6,90,0,4,20,8,32,16,42,50,14,122,6,1,7,129
06/06/2014,FWA,IN,AGL,CE,Combined TRACON& Tower with Radar,8,36,23,3,70,0,0,22,11,33,8,36,45,14,103,2,0,2,105
06/07/2014,FWA,IN,AGL,CE,Combined TRACON& Tower with Radar,4,29,10,0,43,0,1,20,18,39,4,30,30,18,82,20,2,22,104
06/08/2014,FWA,IN,AGL,CE,Combined TRACON& Tower with Radar,8,39,7,0,54,0,0,5,1,6,8,39,12,1,60,8,0,8,68
06/09/2014,FWA,IN,AGL,CE,Combined TRACON& Tower with Radar,6,36,20,2,64,0,0,18,20,38,6,36,38,22,102,0,0,0,102
06/10/2014,FWA,IN,AGL,CE,Combined TRACON& Tower with Radar,8,38,26,0,72,0,0,9,10,19,8,38,35,10,91,10,0,10,101
06/11/2014,FWA,IN,AGL,CE,Combined TRACON& Tower with Radar,13,39,24,9,85,0,0,10,6,16,13,39,34,15,101,0,0,0,101
06/12/2014,FWA,IN,AGL,CE,Combined TRACON& Tower with Radar,14,35,34,3,86,0,2,6,10,18,14,37,40,13,104,0,0,0,104
06/13/2014,FWA,IN,AGL,CE,Combined TRACON& Tower with Radar,8,42,41,0,91,0,0,27,0,27,8,42,68,0,118,12,0,12,130
06/14/2014,FWA,IN,AGL,CE,Combined TRACON& Tower with Radar,6,33,13,2,54,0,2,18,6,26,6,35,31,8,80,19,0,19,99
06/15/2014,FWA,IN,AGL,CE,Combined TRACON& Tower with Radar,8,34,19,0,61,0,0,15,3,18,8,34,34,3,79,0,0,0,79
06/16/2014,FWA,IN,AGL,CE,Combined TRACON& Tower with Radar,5,35,18,1,59,0,0,14,2,16,5,35,32,3,75,12,0,12,87
06/17/2014,FWA,IN,AGL,CE,Combined TRACON& Tower with Radar,11,42,17,14,84,0,0,13,6,19,11,42,30,20,103,16,0,16,119
06/18/2014,FWA,IN,AGL,CE,Combined TRACON& Tower with Radar,14,35,20,2,71,0,0,11,11,22,14,35,31,13,93,22,6,28,121
06/19/2014,FWA,IN,AGL,CE,Combined TRACON& Tower with Radar,15,34,26,5,80,0,0,10,3,13,15,34,36,8,93,4,0,4,97
06/20/2014,FWA,IN,AGL,CE,Combined TRACON& Tower with Radar,9,44,30,10,93,0,0,3,4,7,9,44,33,14,100,0,0,0,100
06/21/2014,FWA,IN,AGL,CE,Combined TRACON& Tower with Radar,6,35,15,1,57,0,0,15,4,19,6,35,30,5,76,18,0,18,94
06/22/2014,FWA,IN,AGL,CE,Combined TRACON& Tower with Radar,6,36,14,0,56,0,0,11,0,11,6,36,25,0,67,30,0,30,97
06/23/2014,FWA,IN,AGL,CE,Combined TRACON& Tower with Radar,6,29,9,0,44,0,0,16,0,16,6,29,25,0,60,4,0,4,64
06/24/2014,FWA,IN,AGL,CE,Combined TRACON& Tower with Radar,8,46,20,15,89,0,0,6,2,8,8,46,26,17,97,0,0,0,97
06/25/2014,FWA,IN,AGL,CE,Combined TRACON& Tower with Radar,12,35,32,7,86,0,0,11,3,14,12,35,43,10,100,16,0,16,116
06/26/2014,FWA,IN,AGL,CE,Combined TRACON& Tower with Radar,14,38,26,4,82,0,0,11,2,13,14,38,37,6,95,48,2,50,145
06/27/2014,FWA,IN,AGL,CE,Combined TRACON& Tower with Radar,11,37,21,0,69,0,0,31,5,36,11,37,52,5,105,2,0,2,107
06/28/2014,FWA,IN,AGL,CE,Combined TRACON& Tower with Radar,9,30,13,1,53,0,2,11,0,13,9,32,24,1,66,20,0,20,86
06/29/2014,FWA,IN,AGL,CE,Combined TRACON& Tower with Radar,7,33,14,1,55,0,0,6,1,7,7,33,20,2,62,0,0,0,62
06/30/2014,FWA,IN,AGL,CE,Combined TRACON& Tower with Radar,7,33,32,0,72,0,0,5,0,5,7,33,37,0,77,4,0,4,81
07/01/2014,FWA,IN,AGL,CE,Combined TRACON& Tower with Radar,8,31,24,4,67,0,0,16,12,28,8,31,40,16,95,20,0,20,115
07/02/2014,FWA,IN,AGL,CE,Combined TRACON& Tower with Radar,13,41,24,3,81,0,1,12,14,27,13,42,36,17,108,28,8,36,144
07/03/2014,FWA,IN,AGL,CE,Combined TRACON& Tower with Radar,16,34,34,3,87,0,4,28,7,39,16,38,62,10,126,48,0,48,174
07/04/2014,FWA,IN,AGL,CE,Combined TRACON& Tower with Radar,5,24,3,0,32,0,0,24,2,26,5,24,27,2,58,4,0,4,62
07/05/2014,FWA,IN,AGL,CE,Combined TRACON& Tower with Radar,8,23,4,0,35,0,0,7,1,8,8,23,11,1,43,4,0,4,47
07/06/2014,FWA,IN,AGL,CE,Combined TRACON& Tower with Radar,8,36,12,0,56,0,0,7,1,8,8,36,19,1,64,24,0,24,88
07/07/2014,FWA,IN,AGL,CE,Combined TRACON& Tower with Radar,10,41,13,0,64,0,0,5,0,5,10,41,18,0,69,6,0,6,75
07/08/2014,FWA,IN,AGL,CE,Combined TRACON& Tower with Radar,13,39,15,5,72,0,3,9,5,17,13,42,24,10,89,0,0,0,89
07/09/2014,FWA,IN,AGL,CE,Combined TRACON& Tower with Radar,12,36,19,15,82,0,1,23,6,30,12,37,42,21,112,30,18,48,160
07/10/2014,FWA,IN,AGL,CE,Combined TRACON& Tower with Radar,16,41,17,0,74,0,0,36,7,43,16,41,53,7,117,80,2,82,199
07/11/2014,FWA,IN,AGL,CE,Combined TRACON& Tower with Radar,10,47,18,1,76,0,0,14,2,16,10,47,32,3,92,26,0,26,118
07/12/2014,FWA,IN,AGL,CE,Combined TRACON& Tower with Radar,5,33,17,1,56,0,4,6,5,15,5,37,23,6,71,6,12,18,89
07/13/2014,FWA,IN,AGL,CE,Combined TRACON& Tower with Radar,11,39,12,15,77,0,0,7,2,9,11,39,19,17,86,4,2,6,92
07/14/2014,FWA,IN,AGL,CE,Combined TRACON& Tower with Radar,8,35,28,0,71,0,0,13,0,13,8,35,41,0,84,8,0,8,92
07/15/2014,FWA,IN,AGL,CE,Combined TRACON& Tower with Radar,10,34,27,0,71,0,2,13,0,15,10,36,40,0,86,0,0,0,86
07/16/2014,FWA,IN,AGL,CE,Combined TRACON& Tower with Radar,13,39,22,2,76,0,0,19,0,19,13,39,41,2,95,2,0,2,97
07/17/2014,FWA,IN,AGL,CE,Combined TRACON& Tower with Radar,15,37,13,0,65,0,2,36,7,45,15,39,49,7,110,25,0,25,135
07/18/2014,FWA,IN,AGL,CE,Combined TRACON& Tower with Radar,8,33,19,7,67,0,4,11,1,16,8,37,30,8,83,8,0,8,91
07/19/2014,FWA,IN,AGL,CE,Combined TRACON& Tower with Radar,6,31,10,2,49,0,0,2,2,4,6,31,12,4,53,0,0,0,53
07/20/2014,FWA,IN,AGL,CE,Combined TRACON& Tower with Radar,8,32,7,0,47,0,0,6,0,6,8,32,13,0,53,0,0,0,53
07/21/2014,FWA,IN,AGL,CE,Combined TRACON& Tower with Radar,7,43,32,0,82,0,2,22,4,28,7,45,54,4,110,22,0,22,132
07/22/2014,FWA,IN,AGL,CE,Combined TRACON& Tower with Radar,10,35,25,0,70,0,4,17,0,21,10,39,42,0,91,34,0,34,125
07/23/2014,FWA,IN,AGL,CE,Combined TRACON& Tower with Radar,15,37,28,2,82,0,0,9,3,12,15,37,37,5,94,10,0,10,104
07/24/2014,FWA,IN,AGL,CE,Combined TRACON& Tower with Radar,16,37,20,1,74,0,2,18,3,23,16,39,38,4,97,16,0,16,113
07/25/2014,FWA,IN,AGL,CE,Combined TRACON& Tower with Radar,10,37,15,0,62,0,1,22,2,25,10,38,37,2,87,22,0,22,109
07/26/2014,FWA,IN,AGL,CE,Combined TRACON& Tower with Radar,4,31,14,2,51,0,1,8,0,9,4,32,22,2,60,0,0,0,60
07/27/2014,FWA,IN,AGL,CE,Combined TRACON& Tower with Radar,10,29,15,2,56,0,0,3,2,5,10,29,18,4,61,0,0,0,61
07/28/2014,FWA,IN,AGL,CE,Combined TRACON& Tower with Radar,8,36,19,1,64,0,0,17,1,18,8,36,36,2,82,0,0,0,82
07/29/2014,FWA,IN,AGL,CE,Combined TRACON& Tower with Radar,14,36,30,0,80,0,3,13,7,23,14,39,43,7,103,16,0,16,119
07/30/2014,FWA,IN,AGL,CE,Combined TRACON& Tower with Radar,20,40,14,0,74,0,2,16,0,18,20,42,30,0,92,0,0,0,92
07/31/2014,FWA,IN,AGL,CE,Combined TRACON& Tower with Radar,19,41,24,0,84,0,2,14,1,17,19,43,38,1,101,0,0,0,101
08/01/2014,FWA,IN,AGL,CE,Combined TRACON& Tower with Radar,13,31,13,0,57,0,0,14,0,14,13,31,27,0,71,32,0,32,103
08/02/2014,FWA,IN,AGL,CE,Combined TRACON& Tower with Radar,4,30,7,0,41,0,2,27,6,35,4,32,34,6,76,22,0,22,98
08/03/2014,FWA,IN,AGL,CE,Combined TRACON& Tower with Radar,8,31,14,0,53,0,2,41,3,46,8,33,55,3,99,4,0,4,103
08/04/2014,FWA,IN,AGL,CE,Combined TRACON& Tower with Radar,9,30,11,0,50,0,2,17,0,19,9,32,28,0,69,21,0,21,90
08/05/2014,FWA,IN,AGL,CE,Combined TRACON& Tower with Radar,12,33,8,0,53,0,4,10,1,15,12,37,18,1,68,0,0,0,68
08/06/2014,FWA,IN,AGL,CE,Combined TRACON& Tower with Radar,12,41,27,13,93,0,0,9,3,12,12,41,36,16,105,0,0,0,105
08/07/2014,FWA,IN,AGL,CE,Combined TRACON& Tower with Radar,15,38,29,3,85,0,0,21,1,22,15,38,50,4,107,12,0,12,119
08/08/2014,FWA,IN,AGL,CE,Combined TRACON& Tower with Radar,10,36,22,2,70,0,0,17,4,21,10,36,39,6,91,62,2,64,155
08/09/2014,FWA,IN,AGL,CE,Combined TRACON& Tower with Radar,7,30,11,0,48,0,0,21,0,21,7,30,32,0,69,9,0,9,78
08/10/2014,FWA,IN,AGL,CE,Combined TRACON& Tower with Radar,10,32,8,0,50,0,3,30,1,34,10,35,38,1,84,48,0,48,132
08/11/2014,FWA,IN,AGL,CE,Combined TRACON& Tower with Radar,8,37,22,0,67,0,0,2,0,2,8,37,24,0,69,0,0,0,69
08/12/2014,FWA,IN,AGL,CE,Combined TRACON& Tower with Radar,11,41,24,16,92,0,0,6,1,7,11,41,30,17,99,0,0,0,99
08/13/2014,FWA,IN,AGL,CE,Combined TRACON& Tower with Radar,9,36,23,0,68,0,0,23,12,35,9,36,46,12,103,0,0,0,103
08/14/2014,FWA,IN,AGL,CE,Combined TRACON& Tower with Radar,18,39,25,2,84,0,0,25,11,36,18,39,50,13,120,16,6,22,142
08/15/2014,FWA,IN,AGL,CE,Combined TRACON& Tower with Radar,10,41,21,5,77,0,0,19,9,28,10,41,40,14,105,30,0,30,135
08/16/2014,FWA,IN,AGL,CE,Combined TRACON& Tower with Radar,2,33,9,1,45,0,1,5,7,13,2,34,14,8,58,0,0,0,58
08/17/2014,FWA,IN,AGL,CE,Combined TRACON& Tower with Radar,10,35,10,1,56,0,0,14,0,14,10,35,24,1,70,4,0,4,74
08/18/2014,FWA,IN,AGL,CE,Combined TRACON& Tower with Radar,8,35,29,0,72,0,0,8,2,10,8,35,37,2,82,0,0,0,82
08/19/2014,FWA,IN,AGL,CE,Combined TRACON& Tower with Radar,14,41,26,12,93,0,0,7,5,12,14,41,33,17,105,0,0,0,105
08/20/2014,FWA,IN,AGL,CE,Combined TRACON& Tower with Radar,12,37,26,2,77,0,0,13,12,25,12,37,39,14,102,0,4,4,106
08/21/2014,FWA,IN,AGL,CE,Combined TRACON& Tower with Radar,18,38,14,2,72,0,0,4,5,9,18,38,18,7,81,0,0,0,81
08/22/2014,FWA,IN,AGL,CE,Combined TRACON& Tower with Radar,12,43,19,6,80,0,2,6,10,18,12,45,25,16,98,4,4,8,106
08/23/2014,FWA,IN,AGL,CE,Combined TRACON& Tower with Radar,4,30,10,0,44,0,0,2,2,4,4,30,12,2,48,5,0,5,53
08/24/2014,FWA,IN,AGL,CE,Combined TRACON& Tower with Radar,8,35,9,0,52,0,0,9,1,10,8,35,18,1,62,0,0,0,62
08/25/2014,FWA,IN,AGL,CE,Combined TRACON& Tower with Radar,12,32,12,0,56,0,0,14,0,14,12,32,26,0,70,20,0,20,90
08/26/2014,FWA,IN,AGL,CE,Combined TRACON& Tower with Radar,10,29,20,1,60,0,0,4,13,17,10,29,24,14,77,0,0,0,77
08/27/2014,FWA,IN,AGL,CE,Combined TRACON& Tower with Radar,12,38,26,6,82,0,1,16,12,29,12,39,42,18,111,4,0,4,115
08/28/2014,FWA,IN,AGL,CE,Combined TRACON& Tower with Radar,18,37,23,1,79,0,1,19,11,31,18,38,42,12,110,0,0,0,110
08/29/2014,FWA,IN,AGL,CE,Combined TRACON& Tower with Radar,17,39,15,0,71,0,0,18,0,18,17,39,33,0,89,14,0,14,103
08/30/2014,FWA,IN,AGL,CE,Combined TRACON& Tower with Radar,4,30,5,0,39,0,0,7,0,7,4,30,12,0,46,0,0,0,46
08/31/2014,FWA,IN,AGL,CE,Combined TRACON& Tower with Radar,10,28,12,0,50,0,1,1,1,3,10,29,13,1,53,0,0,0,53
09/01/2014,FWA,IN,AGL,CE,Combined TRACON& Tower with Radar,6,39,15,0,60,0,0,3,0,3,6,39,18,0,63,0,0,0,63
09/02/2014,FWA,IN,AGL,CE,Combined TRACON& Tower with Radar,12,36,27,7,82,0,0,5,8,13,12,36,32,15,95,10,2,12,107
09/03/2014,FWA,IN,AGL,CE,Combined TRACON& Tower with Radar,14,41,25,1,81,0,0,25,8,33,14,41,50,9,114,32,2,34,148
09/04/2014,FWA,IN,AGL,CE,Combined TRACON& Tower with Radar,32,33,20,2,87,0,0,13,9,22,32,33,33,11,109,0,0,0,109
09/05/2014,FWA,IN,AGL,CE,Combined TRACON& Tower with Radar,16,27,26,10,79,0,0,8,14,22,16,27,34,24,101,20,0,20,121
09/06/2014,FWA,IN,AGL,CE,Combined TRACON& Tower with Radar,6,31,11,0,48,0,0,9,0,9,6,31,20,0,57,0,0,0,57
09/07/2014,FWA,IN,AGL,CE,Combined TRACON& Tower with Radar,8,40,10,0,58,0,2,18,1,21,8,42,28,1,79,34,0,34,113
09/08/2014,FWA,IN,AGL,CE,Combined TRACON& Tower with Radar,8,41,19,0,68,0,0,10,3,13,8,41,29,3,81,36,0,36,117
09/09/2014,FWA,IN,AGL,CE,Combined TRACON& Tower with Radar,10,37,28,2,77,0,0,11,7,18,10,37,39,9,95,12,4,16,111
09/10/2014,FWA,IN,AGL,CE,Combined TRACON& Tower with Radar,12,34,14,6,66,0,0,3,2,5,12,34,17,8,71,0,0,0,71
09/11/2014,FWA,IN,AGL,CE,Combined TRACON& Tower with Radar,16,41,24,14,95,0,4,3,2,9,16,45,27,16,104,0,0,0,104
09/12/2014,FWA,IN,AGL,CE,Combined TRACON& Tower with Radar,8,38,24,6,76,0,0,4,3,7,8,38,28,9,83,0,0,0,83
09/13/2014,FWA,IN,AGL,CE,Combined TRACON& Tower with Radar,2,31,11,5,49,0,1,14,20,35,2,32,25,25,84,6,26,32,116
09/14/2014,FWA,IN,AGL,CE,Combined TRACON& Tower with Radar,8,40,17,0,65,0,2,12,0,14,8,42,29,0,79,10,0,10,89
09/15/2014,FWA,IN,AGL,CE,Combined TRACON& Tower with Radar,10,37,8,0,55,0,0,8,0,8,10,37,16,0,63,0,0,0,63
09/16/2014,FWA,IN,AGL,CE,Combined TRACON& Tower with Radar,8,42,49,9,108,0,2,18,9,29,8,44,67,18,137,24,0,24,161
09/17/2014,FWA,IN,AGL,CE,Combined TRACON& Tower with Radar,11,40,28,4,83,0,2,19,15,36,11,42,47,19,119,6,6,12,131
09/18/2014,FWA,IN,AGL,CE,Combined TRACON& Tower with Radar,15,37,38,1,91,0,0,40,14,54,15,37,78,15,145,0,0,0,145
09/19/2014,FWA,IN,AGL,CE,Combined TRACON& Tower with Radar,11,41,19,7,78,0,4,16,10,30,11,45,35,17,108,46,6,52,160
09/20/2014,FWA,IN,AGL,CE,Combined TRACON& Tower with Radar,2,32,8,0,42,0,0,4,3,7,2,32,12,3,49,10,0,10,59
09/21/2014,FWA,IN,AGL,CE,Combined TRACON& Tower with Radar,10,35,16,0,61,0,0,0,0,0,10,35,16,0,61,0,0,0,61
09/22/2014,FWA,IN,AGL,CE,Combined TRACON& Tower with Radar,10,37,13,2,62,0,2,24,0,26,10,39,37,2,88,32,0,32,120
09/23/2014,FWA,IN,AGL,CE,Combined TRACON& Tower with Radar,10,40,16,4,70,0,4,27,10,41,10,44,43,14,111,32,0,32,143
09/24/2014,FWA,IN,AGL,CE,Combined TRACON& Tower with Radar,10,45,20,2,77,0,1,21,12,34,10,46,41,14,111,12,0,12,123
09/25/2014,FWA,IN,AGL,CE,Combined TRACON& Tower with Radar,12,42,28,0,82,0,0,35,7,42,12,42,63,7,124,0,4,4,128
09/26/2014,FWA,IN,AGL,CE,Combined TRACON& Tower with Radar,9,19,11,7,46,0,6,23,2,31,9,25,34,9,77,31,5,36,113
09/27/2014,FWA,IN,AGL,CE,Combined TRACON& Tower with Radar,2,26,8,0,36,0,4,22,3,29,2,30,30,3,65,23,2,25,90
09/28/2014,FWA,IN,AGL,CE,Combined TRACON& Tower with Radar,3,37,13,0,53,0,2,7,1,10,3,39,20,1,63,6,0,6,69
09/29/2014,FWA,IN,AGL,CE,Combined TRACON& Tower with Radar,10,32,13,0,55,0,2,7,2,11,10,34,20,2,66,14,2,16,82
09/30/2014,FWA,IN,AGL,CE,Combined TRACON& Tower with Radar,10,41,21,0,72,0,6,3,0,9,10,47,24,0,81,8,0,8,89
10/01/2014,FWA,IN,AGL,CE,Combined TRACON& Tower with Radar,16,39,23,2,80,0,0,7,0,7,16,39,30,2,87,2,0,2,89
10/02/2014,FWA,IN,AGL,CE,Combined TRACON& Tower with Radar,10,49,24,1,84,0,1,13,0,14,10,50,37,1,98,25,2,27,125
10/03/2014,FWA,IN,AGL,CE,Combined TRACON& Tower with Radar,8,49,17,0,74,0,0,2,0,2,8,49,19,0,76,9,0,9,85
10/04/2014,FWA,IN,AGL,CE,Combined TRACON& Tower with Radar,3,38,16,0,57,0,6,3,0,9,3,44,19,0,66,1,0,1,67
10/05/2014,FWA,IN,AGL,CE,Combined TRACON& Tower with Radar,4,44,16,0,64,0,0,6,0,6,4,44,22,0,70,1,0,1,71
10/06/2014,FWA,IN,AGL,CE,Combined TRACON& Tower with Radar,5,49,18,0,72,0,0,7,1,8,5,49,25,1,80,18,0,18,98
10/07/2014,FWA,IN,AGL,CE,Combined TRACON& Tower with Radar,10,48,26,8,92,0,0,4,0,4,10,48,30,8,96,27,0,27,123
10/08/2014,FWA,IN,AGL,CE,Combined TRACON& Tower with Radar,10,48,28,2,88,0,0,15,0,15,10,48,43,2,103,63,0,63,166
10/09/2014,FWA,IN,AGL,CE,Combined TRACON& Tower with Radar,14,49,29,2,94,0,0,6,2,8,14,49,35,4,102,14,0,14,116
10/10/2014,FWA,IN,AGL,CE,Combined TRACON& Tower with Radar,7,45,29,3,84,0,1,35,1,37,7,46,64,4,121,23,0,23,144
10/11/2014,FWA,IN,AGL,CE,Combined TRACON& Tower with Radar,4,45,8,0,57,0,2,18,1,21,4,47,26,1,78,6,0,6,84
10/12/2014,FWA,IN,AGL,CE,Combined TRACON& Tower with Radar,6,48,7,1,62,0,3,16,1,20,6,51,23,2,82,0,0,0,82
10/13/2014,FWA,IN,AGL,CE,Combined TRACON& Tower with Radar,5,49,11,2,67,0,2,1,1,4,5,51,12,3,71,0,0,0,71
10/14/2014,FWA,IN,AGL,CE,Combined TRACON& Tower with Radar,11,52,28,3,94,0,0,7,0,7,11,52,35,3,101,14,0,14,115
10/15/2014,FWA,IN,AGL,CE,Combined TRACON& Tower with Radar,9,49,17,4,79,0,0,3,0,3,9,49,20,4,82,2,0,2,84
10/16/2014,FWA,IN,AGL,CE,Combined TRACON& Tower with Radar,12,51,47,2,112,0,1,7,0,8,12,52,54,2,120,6,0,6,126
10/17/2014,FWA,IN,AGL,CE,Combined TRACON& Tower with Radar,8,46,17,3,74,0,0,21,0,21,8,46,38,3,95,4,0,4,99
10/18/2014,FWA,IN,AGL,CE,Combined TRACON& Tower with Radar,2,34,8,0,44,0,0,3,0,3,2,34,11,0,47,8,0,8,55
10/19/2014,FWA,IN,AGL,CE,Combined TRACON& Tower with Radar,5,52,12,0,69,0,0,21,0,21,5,52,33,0,90,42,0,42,132
10/20/2014,FWA,IN,AGL,CE,Combined TRACON& Tower with Radar,7,43,29,0,79,0,1,4,0,5,7,44,33,0,84,14,0,14,98
10/21/2014,FWA,IN,AGL,CE,Combined TRACON& Tower with Radar,14,50,35,0,99,0,0,8,2,10,14,50,43,2,109,4,0,4,113
10/22/2014,FWA,IN,AGL,CE,Combined TRACON& Tower with Radar,8,49,35,7,99,0,0,23,7,30,8,49,58,14,129,0,4,4,133
10/23/2014,FWA,IN,AGL,CE,Combined TRACON& Tower with Radar,12,49,30,0,91,0,2,28,1,31,12,51,58,1,122,6,0,6,128
10/24/2014,FWA,IN,AGL,CE,Combined TRACON& Tower with Radar,8,48,22,0,78,0,0,16,0,16,8,48,38,0,94,50,0,50,144
10/25/2014,FWA,IN,AGL,CE,Combined TRACON& Tower with Radar,2,36,9,0,47,0,0,20,0,20,2,36,29,0,67,36,0,36,103
10/26/2014,FWA,IN,AGL,CE,Combined TRACON& Tower with Radar,4,45,17,0,66,0,0,17,3,20,4,45,34,3,86,0,0,0,86
10/27/2014,FWA,IN,AGL,CE,Combined TRACON& Tower with Radar,6,46,16,0,68,0,2,24,0,26,6,48,40,0,94,4,0,4,98
10/28/2014,FWA,IN,AGL,CE,Combined TRACON& Tower with Radar,12,48,26,0,86,0,0,12,1,13,12,48,38,1,99,26,0,26,125
10/29/2014,FWA,IN,AGL,CE,Combined TRACON& Tower with Radar,14,44,21,0,79,0,0,10,2,12,14,44,31,2,91,6,0,6,97
10/30/2014,FWA,IN,AGL,CE,Combined TRACON& Tower with Radar,9,49,23,0,81,0,2,22,4,28,9,51,45,4,109,42,0,42,151
10/31/2014,FWA,IN,AGL,CE,Combined TRACON& Tower with Radar,12,36,10,0,58,0,0,2,0,2,12,36,12,0,60,4,0,4,64
11/01/2014,FWA,IN,AGL,CE,Combined TRACON& Tower with Radar,10,38,10,0,58,0,0,9,0,9,10,38,19,0,67,18,0,18,85
11/02/2014,FWA,IN,AGL,CE,Combined TRACON& Tower with Radar,8,45,15,0,68,0,0,10,2,12,8,45,25,2,80,36,0,36,116
11/03/2014,FWA,IN,AGL,CE,Combined TRACON& Tower with Radar,13,49,22,0,84,0,2,6,2,10,13,51,28,2,94,6,0,6,100
11/04/2014,FWA,IN,AGL,CE,Combined TRACON& Tower with Radar,11,43,17,0,71,0,0,3,0,3,11,43,20,0,74,0,0,0,74
11/05/2014,FWA,IN,AGL,CE,Combined TRACON& Tower with Radar,12,44,17,0,73,0,0,24,1,25,12,44,41,1,98,0,0,0,98
11/06/2014,FWA,IN,AGL,CE,Combined TRACON& Tower with Radar,16,46,26,0,88,0,0,2,1,3,16,46,28,1,91,12,0,12,103
11/07/2014,FWA,IN,AGL,CE,Combined TRACON& Tower with Radar,15,50,11,0,76,0,3,14,2,19,15,53,25,2,95,0,0,0,95
11/08/2014,FWA,IN,AGL,CE,Combined TRACON& Tower with Radar,8,38,5,0,51,0,0,2,0,2,8,38,7,0,53,0,0,0,53
11/09/2014,FWA,IN,AGL,CE,Combined TRACON& Tower with Radar,4,43,13,0,60,0,4,23,1,28,4,47,36,1,88,0,0,0,88
11/10/2014,FWA,IN,AGL,CE,Combined TRACON& Tower with Radar,12,46,29,0,87,0,0,11,2,13,12,46,40,2,100,0,0,0,100
11/11/2014,FWA,IN,AGL,CE,Combined TRACON& Tower with Radar,10,46,23,0,79,0,0,2,0,2,10,46,25,0,81,0,0,0,81
11/12/2014,FWA,IN,AGL,CE,Combined TRACON& Tower with Radar,12,40,23,4,79,0,0,4,3,7,12,40,27,7,86,6,0,6,92
11/13/2014,FWA,IN,AGL,CE,Combined TRACON& Tower with Radar,11,44,23,0,78,0,0,7,1,8,11,44,30,1,86,0,0,0,86
11/14/2014,FWA,IN,AGL,CE,Combined TRACON& Tower with Radar,14,43,27,5,89,0,2,10,5,17,14,45,37,10,106,4,0,4,110
11/15/2014,FWA,IN,AGL,CE,Combined TRACON& Tower with Radar,10,32,11,0,53,0,0,13,5,18,10,32,24,5,71,2,2,4,75
11/16/2014,FWA,IN,AGL,CE,Combined TRACON& Tower with Radar,4,43,15,5,67,0,0,0,0,0,4,43,15,5,67,0,0,0,67
11/17/2014,FWA,IN,AGL,CE,Combined TRACON& Tower with Radar,8,43,16,0,67,0,0,5,0,5,8,43,21,0,72,0,0,0,72
11/18/2014,FWA,IN,AGL,CE,Combined TRACON& Tower with Radar,13,40,31,2,86,0,0,1,0,1,13,40,32,2,87,0,0,0,87
11/19/2014,FWA,IN,AGL,CE,Combined TRACON& Tower with Radar,18,51,26,0,95,0,0,0,0,0,18,51,26,0,95,0,0,0,95
11/20/2014,FWA,IN,AGL,CE,Combined TRACON& Tower with Radar,22,56,36,0,114,0,0,10,6,16,22,56,46,6,130,2,0,2,132
11/21/2014,FWA,IN,AGL,CE,Combined TRACON& Tower with Radar,19,59,22,0,100,0,0,21,3,24,19,59,43,3,124,0,0,0,124
11/22/2014,FWA,IN,AGL,CE,Combined TRACON& Tower with Radar,19,42,5,0,66,0,0,2,0,2,19,42,7,0,68,14,0,14,82
11/23/2014,FWA,IN,AGL,CE,Combined TRACON& Tower with Radar,6,54,6,0,66,0,0,0,0,0,6,54,6,0,66,0,0,0,66
11/24/2014,FWA,IN,AGL,CE,Combined TRACON& Tower with Radar,12,36,11,0,59,0,0,0,0,0,12,36,11,0,59,0,0,0,59
11/25/2014,FWA,IN,AGL,CE,Combined TRACON& Tower with Radar,17,51,25,0,93,0,0,2,0,2,17,51,27,0,95,0,0,0,95
11/26/2014,FWA,IN,AGL,CE,Combined TRACON& Tower with Radar,19,44,9,0,72,0,1,3,4,8,19,45,12,4,80,14,0,14,94
11/27/2014,FWA,IN,AGL,CE,Combined TRACON& Tower with Radar,7,26,3,0,36,0,0,1,0,1,7,26,4,0,37,0,0,0,37
11/28/2014,FWA,IN,AGL,CE,Combined TRACON& Tower with Radar,18,25,3,0,46,0,0,8,2,10,18,25,11,2,56,0,0,0,56
11/29/2014,FWA,IN,AGL,CE,Combined TRACON& Tower with Radar,13,44,9,0,66,0,0,3,0,3,13,44,12,0,69,0,0,0,69
11/30/2014,FWA,IN,AGL,CE,Combined TRACON& Tower with Radar,8,42,15,0,65,0,0,4,1,5,8,42,19,1,70,0,0,0,70
12/01/2014,FWA,IN,AGL,CE,Combined TRACON& Tower with Radar,16,42,25,0,83,0,0,12,1,13,16,42,37,1,96,22,0,22,118
12/02/2014,FWA,IN,AGL,CE,Combined TRACON& Tower with Radar,18,47,30,0,95,0,0,3,1,4,18,47,33,1,99,0,0,0,99
12/03/2014,FWA,IN,AGL,CE,Combined TRACON& Tower with Radar,17,47,31,2,97,0,0,28,0,28,17,47,59,2,125,0,0,0,125
12/04/2014,FWA,IN,AGL,CE,Combined TRACON& Tower with Radar,13,43,30,0,86,0,2,8,0,10,13,45,38,0,96,0,0,0,96
12/05/2014,FWA,IN,AGL,CE,Combined TRACON& Tower with Radar,12,44,24,0,80,0,0,1,0,1,12,44,25,0,81,0,0,0,81
12/06/2014,FWA,IN,AGL,CE,Combined TRACON& Tower with Radar,12,36,5,3,56,0,0,2,5,7,12,36,7,8,63,0,0,0,63
12/07/2014,FWA,IN,AGL,CE,Combined TRACON& Tower with Radar,8,43,16,0,67,0,5,18,6,29,8,48,34,6,96,0,0,0,96
12/08/2014,FWA,IN,AGL,CE,Combined TRACON& Tower with Radar,15,49,28,0,92,0,0,3,0,3,15,49,31,0,95,0,0,0,95
12/09/2014,FWA,IN,AGL,CE,Combined TRACON& Tower with Radar,10,41,31,1,83,0,0,0,0,0,10,41,31,1,83,0,0,0,83
12/10/2014,FWA,IN,AGL,CE,Combined TRACON& Tower with Radar,12,42,19,0,73,0,0,2,1,3,12,42,21,1,76,2,0,2,78
12/11/2014,FWA,IN,AGL,CE,Combined TRACON& Tower with Radar,12,45,34,2,93,0,0,19,3,22,12,45,53,5,115,18,0,18,133
12/12/2014,FWA,IN,AGL,CE,Combined TRACON& Tower with Radar,14,44,22,4,84,0,0,0,0,0,14,44,22,4,84,0,0,0,84
12/13/2014,FWA,IN,AGL,CE,Combined TRACON& Tower with Radar,10,36,14,4,64,0,0,1,2,3,10,36,15,6,67,0,0,0,67
12/14/2014,FWA,IN,AGL,CE,Combined TRACON& Tower with Radar,5,41,8,0,54,0,0,4,0,4,5,41,12,0,58,26,0,26,84
12/15/2014,FWA,IN,AGL,CE,Combined TRACON& Tower with Radar,11,46,36,0,93,0,1,0,6,7,11,47,36,6,100,0,0,0,100
12/16/2014,FWA,IN,AGL,CE,Combined TRACON& Tower with Radar,11,42,19,0,72,0,0,0,0,0,11,42,19,0,72,0,0,0,72
12/17/2014,FWA,IN,AGL,CE,Combined TRACON& Tower with Radar,14,43,16,0,73,0,0,1,2,3,14,43,17,2,76,0,0,0,76
12/18/2014,FWA,IN,AGL,CE,Combined TRACON& Tower with Radar,12,41,24,3,80,0,2,3,0,5,12,43,27,3,85,0,0,0,85
12/19/2014,FWA,IN,AGL,CE,Combined TRACON& Tower with Radar,14,40,14,2,70,0,0,5,4,9,14,40,19,6,79,12,2,14,93
12/20/2014,FWA,IN,AGL,CE,Combined TRACON& Tower with Radar,14,39,16,0,69,0,0,11,1,12,14,39,27,1,81,8,0,8,89
12/21/2014,FWA,IN,AGL,CE,Combined TRACON& Tower with Radar,2,44,23,0,69,0,2,14,0,16,2,46,37,0,85,33,0,33,118
12/22/2014,FWA,IN,AGL,CE,Combined TRACON& Tower with Radar,9,44,19,0,72,0,2,12,2,16,9,46,31,2,88,6,12,18,106
12/23/2014,FWA,IN,AGL,CE,Combined TRACON& Tower with Radar,11,47,17,0,75,0,0,8,2,10,11,47,25,2,85,0,0,0,85
12/24/2014,FWA,IN,AGL,CE,Combined TRACON& Tower with Radar,8,33,4,0,45,0,0,0,0,0,8,33,4,0,45,0,0,0,45
12/25/2014,FWA,IN,AGL,CE,Combined TRACON& Tower with Radar,4,29,2,0,35,0,2,0,2,4,4,31,2,2,39,0,0,0,39
12/26/2014,FWA,IN,AGL,CE,Combined TRACON& Tower with Radar,11,39,15,0,65,0,0,10,1,11,11,39,25,1,76,0,0,0,76
12/27/2014,FWA,IN,AGL,CE,Combined TRACON& Tower with Radar,11,46,6,0,63,0,0,0,0,0,11,46,6,0,63,0,0,0,63
12/28/2014,FWA,IN,AGL,CE,Combined TRACON& Tower with Radar,4,42,9,0,55,0,0,0,0,0,4,42,9,0,55,21,0,21,76
12/29/2014,FWA,IN,AGL,CE,Combined TRACON& Tower with Radar,6,39,11,0,56,0,0,16,2,18,6,39,27,2,74,0,0,0,74
12/30/2014,FWA,IN,AGL,CE,Combined TRACON& Tower with Radar,14,42,15,8,79,0,0,15,1,16,14,42,30,9,95,0,0,0,95
12/31/2014,FWA,IN,AGL,CE,Combined TRACON& Tower with Radar,9,38,4,0,51,0,0,9,1,10,9,38,13,1,61,4,0,4,65
01/01/2015,FWA,IN,AGL,CE,Combined TRACON& Tower with Radar,2,30,0,0,32,0,2,2,0,4,2,32,2,0,36,0,0,0,36
01/02/2015,FWA,IN,AGL,CE,Combined TRACON& Tower with Radar,10,52,18,0,80,0,0,19,0,19,10,52,37,0,99,18,0,18,117
01/03/2015,FWA,IN,AGL,CE,Combined TRACON& Tower with Radar,14,38,9,0,61,0,0,0,0,0,14,38,9,0,61,0,0,0,61
01/04/2015,FWA,IN,AGL,CE,Combined TRACON& Tower with Radar,4,38,16,0,58,0,0,0,0,0,4,38,16,0,58,0,0,0,58
01/05/2015,FWA,IN,AGL,CE,Combined TRACON& Tower with Radar,3,38,8,0,49,0,0,3,1,4,3,38,11,1,53,0,0,0,53
01/06/2015,FWA,IN,AGL,CE,Combined TRACON& Tower with Radar,14,39,15,0,68,0,0,2,0,2,14,39,17,0,70,6,0,6,76
01/07/2015,FWA,IN,AGL,CE,Combined TRACON& Tower with Radar,14,52,13,0,79,0,0,0,0,0,14,52,13,0,79,0,0,0,79
01/08/2015,FWA,IN,AGL,CE,Combined TRACON& Tower with Radar,12,38,27,0,77,0,0,2,0,2,12,38,29,0,79,0,0,0,79
01/09/2015,FWA,IN,AGL,CE,Combined TRACON& Tower with Radar,10,36,15,0,61,0,0,1,0,1,10,36,16,0,62,0,0,0,62
01/10/2015,FWA,IN,AGL,CE,Combined TRACON& Tower with Radar,8,32,19,2,61,0,0,13,2,15,8,32,32,4,76,16,0,16,92
01/11/2015,FWA,IN,AGL,CE,Combined TRACON& Tower with Radar,2,34,12,0,48,0,0,7,0,7,2,34,19,0,55,16,0,16,71
01/12/2015,FWA,IN,AGL,CE,Combined TRACON& Tower with Radar,12,42,5,0,59,0,0,2,0,2,12,42,7,0,61,0,0,0,61
01/13/2015,FWA,IN,AGL,CE,Combined TRACON& Tower with Radar,8,39,29,1,77,0,0,12,2,14,8,39,41,3,91,2,0,2,93
01/14/2015,FWA,IN,AGL,CE,Combined TRACON& Tower with Radar,10,44,30,0,84,0,0,12,0,12,10,44,42,0,96,0,0,0,96
01/15/2015,FWA,IN,AGL,CE,Combined TRACON& Tower with Radar,12,41,13,0,66,0,0,10,0,10,12,41,23,0,76,2,0,2,78
01/16/2015,FWA,IN,AGL,CE,Combined TRACON& Tower with Radar,10,45,11,0,66,0,0,6,1,7,10,45,17,1,73,0,0,0,73
01/17/2015,FWA,IN,AGL,CE,Combined TRACON& Tower with Radar,8,35,8,0,51,0,0,2,1,3,8,35,10,1,54,0,0,0,54
01/18/2015,FWA,IN,AGL,CE,Combined TRACON& Tower with Radar,2,35,9,0,46,0,0,1,1,2,2,35,10,1,48,0,0,0,48
01/19/2015,FWA,IN,AGL,CE,Combined TRACON& Tower with Radar,9,49,21,0,79,0,1,4,2,7,9,50,25,2,86,10,0,10,96
01/20/2015,FWA,IN,AGL,CE,Combined TRACON& Tower with Radar,10,39,19,0,68,0,0,0,0,0,10,39,19,0,68,0,0,0,68
01/21/2015,FWA,IN,AGL,CE,Combined TRACON& Tower with Radar,10,41,17,0,68,0,0,0,0,0,10,41,17,0,68,0,0,0,68
01/22/2015,FWA,IN,AGL,CE,Combined TRACON& Tower with Radar,10,40,38,1,89,0,0,13,4,17,10,40,51,5,106,6,0,6,112
01/23/2015,FWA,IN,AGL,CE,Combined TRACON& Tower with Radar,12,38,29,8,87,0,0,6,1,7,12,38,35,9,94,24,0,24,118
01/24/2015,FWA,IN,AGL,CE,Combined TRACON& Tower with Radar,6,38,11,0,55,0,0,11,2,13,6,38,22,2,68,0,0,0,68
01/25/2015,FWA,IN,AGL,CE,Combined TRACON& Tower with Radar,2,35,8,0,45,0,0,1,0,1,2,35,9,0,46,0,0,0,46
01/26/2015,FWA,IN,AGL,CE,Combined TRACON& Tower with Radar,12,38,10,0,60,0,0,11,0,11,12,38,21,0,71,0,0,0,71
01/27/2015,FWA,IN,AGL,CE,Combined TRACON& Tower with Radar,10,42,35,0,87,0,0,18,0,18,10,42,53,0,105,38,0,38,143
01/28/2015,FWA,IN,AGL,CE,Combined TRACON& Tower with Radar,12,46,8,0,66,0,4,21,6,31,12,50,29,6,97,0,8,8,105
01/29/2015,FWA,IN,AGL,CE,Combined TRACON& Tower with Radar,5,40,15,0,60,0,0,0,0,0,5,40,15,0,60,0,0,0,60
01/30/2015,FWA,IN,AGL,CE,Combined TRACON& Tower with Radar,15,49,16,0,80,0,3,21,7,31,15,52,37,7,111,6,0,6,117
01/31/2015,FWA,IN,AGL,CE,Combined TRACON& Tower with Radar,6,35,14,0,55,0,0,21,0,21,6,35,35,0,76,22,0,22,98
02/01/2015,FWA,IN,AGL,CE,Combined TRACON& Tower with Radar,2,14,5,0,21,0,0,0,0,0,2,14,5,0,21,0,0,0,21
02/02/2015,FWA,IN,AGL,CE,Combined TRACON& Tower with Radar,7,28,18,0,53,0,0,4,0,4,7,28,22,0,57,0,0,0,57
02/03/2015,FWA,IN,AGL,CE,Combined TRACON& Tower with Radar,9,37,45,0,91,0,0,10,1,11,9,37,55,1,102,14,0,14,116
02/04/2015,FWA,IN,AGL,CE,Combined TRACON& Tower with Radar,10,35,16,0,61,0,0,0,0,0,10,35,16,0,61,0,0,0,61
02/05/2015,FWA,IN,AGL,CE,Combined TRACON& Tower with Radar,10,41,17,0,68,0,2,26,1,29,10,43,43,1,97,44,0,44,141
02/06/2015,FWA,IN,AGL,CE,Combined TRACON& Tower with Radar,10,44,25,1,80,0,0,15,6,21,10,44,40,7,101,16,4,20,121
02/07/2015,FWA,IN,AGL,CE,Combined TRACON& Tower with Radar,8,29,9,0,46,0,0,24,4,28,8,29,33,4,74,50,14,64,138
02/08/2015,FWA,IN,AGL,CE,Combined TRACON& Tower with Radar,3,36,6,0,45,0,0,1,2,3,3,36,7,2,48,0,0,0,48
02/09/2015,FWA,IN,AGL,CE,Combined TRACON& Tower with Radar,8,43,24,0,75,0,4,1,6,11,8,47,25,6,86,0,0,0,86
02/10/2015,FWA,IN,AGL,CE,Combined TRACON& Tower with Radar,8,40,33,0,81,0,0,23,0,23,8,40,56,0,104,0,0,0,104
02/11/2015,FWA,IN,AGL,CE,Combined TRACON& Tower with Radar,9,43,26,2,80,0,0,2,1,3,9,43,28,3,83,0,0,0,83
02/12/2015,FWA,IN,AGL,CE,Combined TRACON& Tower with Radar,13,41,19,0,73,0,0,6,0,6,13,41,25,0,79,4,0,4,83
02/13/2015,FWA,IN,AGL,CE,Combined TRACON& Tower with Radar,9,50,37,0,96,0,3,9,1,13,9,53,46,1,109,14,0,14,123
02/14/2015,FWA,IN,AGL,CE,Combined TRACON& Tower with Radar,9,29,1,0,39,0,0,0,0,0,9,29,1,0,39,0,0,0,39
02/15/2015,FWA,IN,AGL,CE,Combined TRACON& Tower with Radar,4,32,11,0,47,0,0,2,1,3,4,32,13,1,50,0,0,0,50
02/16/2015,FWA,IN,AGL,CE,Combined TRACON& Tower with Radar,6,44,20,0,70,0,2,23,1,26,6,46,43,1,96,6,0,6,102
02/17/2015,FWA,IN,AGL,CE,Combined TRACON& Tower with Radar,11,56,21,4,92,0,0,1,0,1,11,56,22,4,93,0,0,0,93
02/18/2015,FWA,IN,AGL,CE,Combined TRACON& Tower with Radar,14,42,25,1,82,0,0,4,5,9,14,42,29,6,91,0,0,0,91
02/19/2015,FWA,IN,AGL,CE,Combined TRACON& Tower with Radar,12,48,35,4,99,0,0,6,0,6,12,48,41,4,105,12,4,16,121
02/20/2015,FWA,IN,AGL,CE,Combined TRACON& Tower with Radar,8,48,21,0,77,0,0,14,0,14,8,48,35,0,91,0,0,0,91
02/21/2015,FWA,IN,AGL,CE,Combined TRACON& Tower with Radar,10,40,0,0,50,0,0,0,0,0,10,40,0,0,50,0,0,0,50
02/22/2015,FWA,IN,AGL,CE,Combined TRACON& Tower with Radar,5,45,5,0,55,0,0,2,4,6,5,45,7,4,61,0,0,0,61
02/23/2015,FWA,IN,AGL,CE,Combined TRACON& Tower with Radar,6,44,27,0,77,0,0,25,0,25,6,44,52,0,102,4,0,4,106
02/24/2015,FWA,IN,AGL,CE,Combined TRACON& Tower with Radar,12,44,17,0,73,0,2,6,0,8,12,46,23,0,81,8,0,8,89
02/25/2015,FWA,IN,AGL,CE,Combined TRACON& Tower with Radar,10,47,19,0,76,0,0,16,4,20,10,47,35,4,96,12,6,18,114
02/26/2015,FWA,IN,AGL,CE,Combined TRACON& Tower with Radar,12,39,27,0,78,0,0,5,2,7,12,39,32,2,85,0,0,0,85
02/27/2015,FWA,IN,AGL,CE,Combined TRACON& Tower with Radar,8,47,35,1,91,0,3,15,3,21,8,50,50,4,112,2,0,2,114
02/28/2015,FWA,IN,AGL,CE,Combined TRACON& Tower with Radar,8,31,10,0,49,0,4,19,2,25,8,35,29,2,74,6,0,6,80
03/01/2015,FWA,IN,AGL,CE,Combined TRACON& Tower with Radar,4,42,5,0,51,0,0,0,0,0,4,42,5,0,51,0,0,0,51
03/02/2015,FWA,IN,AGL,CE,Combined TRACON& Tower with Radar,7,43,20,0,70,0,0,25,2,27,7,43,45,2,97,46,0,46,143
03/03/2015,FWA,IN,AGL,CE,Combined TRACON& Tower with Radar,13,43,17,0,73,0,0,0,0,0,13,43,17,0,73,0,0,0,73
03/04/2015,FWA,IN,AGL,CE,Combined TRACON& Tower with Radar,13,43,21,0,77,0,0,4,0,4,13,43,25,0,81,0,0,0,81
03/05/2015,FWA,IN,AGL,CE,Combined TRACON& Tower with Radar,9,37,13,0,59,0,4,10,1,15,9,41,23,1,74,4,0,4,78
03/06/2015,FWA,IN,AGL,CE,Combined TRACON& Tower with Radar,16,43,16,8,83,0,0,16,4,20,16,43,32,12,103,8,16,24,127
03/07/2015,FWA,IN,AGL,CE,Combined TRACON& Tower with Radar,8,31,19,0,58,0,2,13,7,22,8,33,32,7,80,14,2,16,96
03/08/2015,FWA,IN,AGL,CE,Combined TRACON& Tower with Radar,4,41,9,0,54,0,1,10,4,15,4,42,19,4,69,15,0,15,84
03/09/2015,FWA,IN,AGL,CE,Combined TRACON& Tower with Radar,8,42,31,6,87,0,0,9,2,11,8,42,40,8,98,0,0,0,98
03/10/2015,FWA,IN,AGL,CE,Combined TRACON& Tower with Radar,14,41,33,12,100,0,0,0,0,0,14,41,33,12,100,0,0,0,100
03/11/2015,FWA,IN,AGL,CE,Combined TRACON& Tower with Radar,13,37,18,1,69,0,0,5,1,6,13,37,23,2,75,12,0,12,87
03/12/2015,FWA,IN,AGL,CE,Combined TRACON& Tower with Radar,15,40,31,0,86,0,0,28,6,34,15,40,59,6,120,16,0,16,136
03/13/2015,FWA,IN,AGL,CE,Combined TRACON& Tower with Radar,11,43,25,2,81,0,0,9,1,10,11,43,34,3,91,14,0,14,105
03/14/2015,FWA,IN,AGL,CE,Combined TRACON& Tower with Radar,10,31,5,0,46,0,0,2,1,3,10,31,7,1,49,0,0,0,49
03/15/2015,FWA,IN,AGL,CE,Combined TRACON& Tower with Radar,4,38,22,0,64,0,0,25,0,25,4,38,47,0,89,28,0,28,117
03/16/2015,FWA,IN,AGL,CE,Combined TRACON& Tower with Radar,10,41,15,0,66,0,0,13,1,14,10,41,28,1,80,42,0,42,122
03/17/2015,FWA,IN,AGL,CE,Combined TRACON& Tower with Radar,14,45,30,0,89,0,2,16,0,18,14,47,46,0,107,16,0,16,123
03/18/2015,FWA,IN,AGL,CE,Combined TRACON& Tower with Radar,12,43,34,0,89,0,1,17,0,18,12,44,51,0,107,8,0,8,115
03/19/2015,FWA,IN,AGL,CE,Combined TRACON& Tower with Radar,16,43,20,0,79,0,0,16,4,20,16,43,36,4,99,0,0,0,99
03/20/2015,FWA,IN,AGL,CE,Combined TRACON& Tower with Radar,12,43,23,0,78,0,1,2,0,3,12,44,25,0,81,0,0,0,81
03/21/2015,FWA,IN,AGL,CE,Combined TRACON& Tower with Radar,12,35,12,0,59,0,0,6,0,6,12,35,18,0,65,4,0,4,69
03/22/2015,FWA,IN,AGL,CE,Combined TRACON& Tower with Radar,4,41,11,0,56,0,1,15,1,17,4,42,26,1,73,4,0,4,77
03/23/2015,FWA,IN,AGL,CE,Combined TRACON& Tower with Radar,6,31,12,0,49,0,2,1,0,3,6,33,13,0,52,0,0,0,52
03/24/2015,FWA,IN,AGL,CE,Combined TRACON& Tower with Radar,14,43,22,0,79,0,2,11,0,13,14,45,33,0,92,10,0,10,102
03/25/2015,FWA,IN,AGL,CE,Combined TRACON& Tower with Radar,16,47,21,1,85,0,2,0,0,2,16,49,21,1,87,0,0,0,87
03/26/2015,FWA,IN,AGL,CE,Combined TRACON& Tower with Radar,14,44,13,0,71,0,0,9,0,9,14,44,22,0,80,12,0,12,92
03/27/2015,FWA,IN,AGL,CE,Combined TRACON& Tower with Radar,14,43,24,0,81,0,5,5,2,12,14,48,29,2,93,4,0,4,97
03/28/2015,FWA,IN,AGL,CE,Combined TRACON& Tower with Radar,16,34,16,0,66,0,0,21,0,21,16,34,37,0,87,12,0,12,99
03/29/2015,FWA,IN,AGL,CE,Combined TRACON& Tower with Radar,4,38,9,0,51,0,1,3,2,6,4,39,12,2,57,0,0,0,57
03/30/2015,FWA,IN,AGL,CE,Combined TRACON& Tower with Radar,10,42,19,0,71,0,0,18,0,18,10,42,37,0,89,10,0,10,99
03/31/2015,FWA,IN,AGL,CE,Combined TRACON& Tower with Radar,14,41,17,0,72,0,1,9,0,10,14,42,26,0,82,34,1,35,117
04/01/2015,FWA,IN,AGL,CE,Combined TRACON& Tower with Radar,15,44,20,0,79,0,3,26,0,29,15,47,46,0,108,57,1,58,166
04/02/2015,FWA,IN,AGL,CE,Combined TRACON& Tower with Radar,16,44,11,0,71,0,1,0,0,1,16,45,11,0,72,0,0,0,72
04/03/2015,FWA,IN,AGL,CE,Combined TRACON& Tower with Radar,10,39,11,0,60,0,2,7,0,9,10,41,18,0,69,0,0,0,69
04/04/2015,FWA,IN,AGL,CE,Combined TRACON& Tower with Radar,17,31,18,0,66,0,1,11,0,12,17,32,29,0,78,16,0,16,94
04/05/2015,FWA,IN,AGL,CE,Combined TRACON& Tower with Radar,6,36,5,0,47,0,2,9,0,11,6,38,14,0,58,0,0,0,58
04/06/2015,FWA,IN,AGL,CE,Combined TRACON& Tower with Radar,7,44,19,0,70,0,0,9,0,9,7,44,28,0,79,24,0,24,103
04/07/2015,FWA,IN,AGL,CE,Combined TRACON& Tower with Radar,17,47,12,0,76,0,0,0,0,0,17,47,12,0,76,0,0,0,76
04/08/2015,FWA,IN,AGL,CE,Combined TRACON& Tower with Radar,16,43,17,0,76,0,1,1,0,2,16,44,18,0,78,4,0,4,82
04/09/2015,FWA,IN,AGL,CE,Combined TRACON& Tower with Radar,14,37,10,0,61,0,0,1,0,1,14,37,11,0,62,0,0,0,62
04/10/2015,FWA,IN,AGL,CE,Combined TRACON& Tower with Radar,10,41,25,0,76,0,5,0,3,8,10,46,25,3,84,0,0,0,84
04/11/2015,FWA,IN,AGL,CE,Combined TRACON& Tower with Radar,15,34,19,3,71,0,1,32,7,40,15,35,51,10,111,14,0,14,125
04/12/2015,FWA,IN,AGL,CE,Combined TRACON& Tower with Radar,9,38,24,0,71,0,2,19,3,24,9,40,43,3,95,6,0,6,101
04/13/2015,FWA,IN,AGL,CE,Combined TRACON& Tower with Radar,9,47,8,0,64,0,2,13,0,15,9,49,21,0,79,30,0,30,109
04/14/2015,FWA,IN,AGL,CE,Combined TRACON& Tower with Radar,12,44,32,0,88,0,2,27,0,29,12,46,59,0,117,0,0,0,117
04/15/2015,FWA,IN,AGL,CE,Combined TRACON& Tower with Radar,12,45,18,0,75,0,1,8,0,9,12,46,26,0,84,20,0,20,104
04/16/2015,FWA,IN,AGL,CE,Combined TRACON& Tower with Radar,18,50,20,3,91,0,2,1,2,5,18,52,21,5,96,0,2,2,98
04/17/2015,FWA,IN,AGL,CE,Combined TRACON& Tower with Radar,11,41,20,0,72,0,0,17,0,17,11,41,37,0,89,0,0,0,89
04/18/2015,FWA,IN,AGL,CE,Combined TRACON& Tower with Radar,8,33,17,0,58,0,3,22,0,25,8,36,39,0,83,24,0,24,107
04/19/2015,FWA,IN,AGL,CE,Combined TRACON& Tower with Radar,6,39,12,0,57,0,0,1,0,1,6,39,13,0,58,0,0,0,58
04/20/2015,FWA,IN,AGL,CE,Combined TRACON& Tower with Radar,7,42,12,0,61,0,4,1,0,5,7,46,13,0,66,0,0,0,66
04/21/2015,FWA,IN,AGL,CE,Combined TRACON& Tower with Radar,12,46,24,0,82,0,1,3,0,4,12,47,27,0,86,0,0,0,86
04/22/2015,FWA,IN,AGL,CE,Combined TRACON& Tower with Radar,20,42,16,2,80,0,0,5,0,5,20,42,21,2,85,6,0,6,91
04/23/2015,FWA,IN,AGL,CE,Combined TRACON& Tower with Radar,15,45,35,2,97,0,2,11,1,14,15,47,46,3,111,1,0,1,112
04/24/2015,FWA,IN,AGL,CE,Combined TRACON& Tower with Radar,12,50,24,1,87,0,2,48,2,52,12,52,72,3,139,0,0,0,139
04/25/2015,FWA,IN,AGL,CE,Combined TRACON& Tower with Radar,8,38,10,1,57,0,0,2,0,2,8,38,12,1,59,0,0,0,59
04/26/2015,FWA,IN,AGL,CE,Combined TRACON& Tower with Radar,6,38,20,0,64,0,0,19,0,19,6,38,39,0,83,0,0,0,83
04/27/2015,FWA,IN,AGL,CE,Combined TRACON& Tower with Radar,8,43,13,0,64,0,4,17,0,21,8,47,30,0,85,45,0,45,130
04/28/2015,FWA,IN,AGL,CE,Combined TRACON& Tower with Radar,13,41,19,2,75,0,1,20,0,21,13,42,39,2,96,46,18,64,160
04/29/2015,FWA,IN,AGL,CE,Combined TRACON& Tower with Radar,15,44,28,0,87,0,0,33,0,33,15,44,61,0,120,82,0,82,202
04/30/2015,FWA,IN,AGL,CE,Combined TRACON& Tower with Radar,13,46,20,0,79,0,0,9,4,13,13,46,29,4,92,32,0,32,124
05/01/2015,FWA,IN,AGL,CE,Combined TRACON& Tower with Radar,11,46,17,0,74,0,1,10,0,11,11,47,27,0,85,0,0,0,85
05/02/2015,FWA,IN,AGL,CE,Combined TRACON& Tower with Radar,8,36,8,0,52,0,3,30,0,33,8,39,38,0,85,18,0,18,103
05/03/2015,FWA,IN,AGL,CE,Combined TRACON& Tower with Radar,4,42,15,0,61,0,0,25,1,26,4,42,40,1,87,22,0,22,109
05/04/2015,FWA,IN,AGL,CE,Combined TRACON& Tower with Radar,7,46,11,0,64,0,2,1,0,3,7,48,12,0,67,0,0,0,67
05/05/2015,FWA,IN,AGL,CE,Combined TRACON& Tower with Radar,11,49,30,0,90,0,2,8,0,10,11,51,38,0,100,0,0,0,100
05/06/2015,FWA,IN,AGL,CE,Combined TRACON& Tower with Radar,13,47,19,0,79,0,0,11,0,11,13,47,30,0,90,0,0,0,90
05/07/2015,FWA,IN,AGL,CE,Combined TRACON& Tower with Radar,14,44,47,0,105,0,1,26,7,34,14,45,73,7,139,14,0,14,153
05/08/2015,FWA,IN,AGL,CE,Combined TRACON& Tower with Radar,12,42,24,0,78,0,3,12,0,15,12,45,36,0,93,6,0,6,99
05/09/2015,FWA,IN,AGL,CE,Combined TRACON& Tower with Radar,6,31,10,0,47,0,3,7,0,10,6,34,17,0,57,0,0,0,57
05/10/2015,FWA,IN,AGL,CE,Combined TRACON& Tower with Radar,6,38,9,0,53,0,3,1,0,4,6,41,10,0,57,0,0,0,57
05/11/2015,FWA,IN,AGL,CE,Combined TRACON& Tower with Radar,8,43,24,0,75,0,1,3,0,4,8,44,27,0,79,0,0,0,79
05/12/2015,FWA,IN,AGL,CE,Combined TRACON& Tower with Radar,10,48,16,8,82,0,0,4,0,4,10,48,20,8,86,6,0,6,92
05/13/2015,FWA,IN,AGL,CE,Combined TRACON& Tower with Radar,12,46,31,0,89,0,0,22,0,22,12,46,53,0,111,14,0,14,125
05/14/2015,FWA,IN,AGL,CE,Combined TRACON& Tower with Radar,18,45,25,0,88,0,0,22,0,22,18,45,47,0,110,32,0,32,142
05/15/2015,FWA,IN,AGL,CE,Combined TRACON& Tower with Radar,10,45,24,1,80,0,0,9,4,13,10,45,33,5,93,24,0,24,117
05/16/2015,FWA,IN,AGL,CE,Combined TRACON& Tower with Radar,6,35,5,12,58,0,2,4,0,6,6,37,9,12,64,6,0,6,70
05/17/2015,FWA,IN,AGL,CE,Combined TRACON& Tower with Radar,6,40,13,6,65,0,0,4,4,8,6,40,17,10,73,0,0,0,73
05/18/2015,FWA,IN,AGL,CE,Combined TRACON& Tower with Radar,9,39,17,0,65,0,2,10,0,12,9,41,27,0,77,20,0,20,97
05/19/2015,FWA,IN,AGL,CE,Combined TRACON& Tower with Radar,11,45,28,0,84,0,2,21,0,23,11,47,49,0,107,26,0,26,133
05/20/2015,FWA,IN,AGL,CE,Combined TRACON& Tower with Radar,19,48,34,10,111,0,1,15,6,22,19,49,49,16,133,0,20,20,153
05/21/2015,FWA,IN,AGL,CE,Combined TRACON& Tower with Radar,20,44,28,1,93,0,1,23,1,25,20,45,51,2,118,6,0,6,124
05/22/2015,FWA,IN,AGL,CE,Combined TRACON& Tower with Radar,11,43,18,0,72,0,2,27,0,29,11,45,45,0,101,10,0,10,111
05/23/2015,FWA,IN,AGL,CE,Combined TRACON& Tower with Radar,6,30,6,0,42,0,0,28,0,28,6,30,34,0,70,4,0,4,74
05/24/2015,FWA,IN,AGL,CE,Combined TRACON& Tower with Radar,8,34,11,0,53,0,1,16,2,19,8,35,27,2,72,12,0,12,84
05/25/2015,FWA,IN,AGL,CE,Combined TRACON& Tower with Radar,2,40,11,0,53,0,0,3,0,3,2,40,14,0,56,0,0,0,56
05/26/2015,FWA,IN,AGL,CE,Combined TRACON& Tower with Radar,8,40,26,0,74,0,0,3,0,3,8,40,29,0,77,12,0,12,89
05/27/2015,FWA,IN,AGL,CE,Combined TRACON& Tower with Radar,12,44,18,8,82,0,1,1,0,2,12,45,19,8,84,0,0,0,84
05/28/2015,FWA,IN,AGL,CE,Combined TRACON& Tower with Radar,16,42,19,0,77,0,5,24,3,32,16,47,43,3,109,30,0,30,139
05/29/2015,FWA,IN,AGL,CE,Combined TRACON& Tower with Radar,10,46,26,2,84,0,1,26,3,30,10,47,52,5,114,12,0,12,126
05/30/2015,FWA,IN,AGL,CE,Combined TRACON& Tower with Radar,6,31,5,0,42,0,1,2,0,3,6,32,7,0,45,0,0,0,45
05/31/2015,FWA,IN,AGL,CE,Combined TRACON& Tower with Radar,8,39,7,1,55,0,0,1,0,1,8,39,8,1,56,0,0,0,56
06/01/2015,FWA,IN,AGL,CE,Combined TRACON& Tower with Radar,8,47,23,0,78,0,0,10,1,11,8,47,33,1,89,2,0,2,91
06/02/2015,FWA,IN,AGL,CE,Combined TRACON& Tower with Radar,12,48,25,0,85,0,0,22,0,22,12,48,47,0,107,16,0,16,123
06/03/2015,FWA,IN,AGL,CE,Combined TRACON& Tower with Radar,14,44,24,0,82,0,3,14,1,18,14,47,38,1,100,2,0,2,102
06/04/2015,FWA,IN,AGL,CE,Combined TRACON& Tower with Radar,14,44,14,0,72,0,3,31,6,40,14,47,45,6,112,18,14,32,144
06/05/2015,FWA,IN,AGL,CE,Combined TRACON& Tower with Radar,10,40,25,1,76,0,0,20,3,23,10,40,45,4,99,6,0,6,105
06/06/2015,FWA,IN,AGL,CE,Combined TRACON& Tower with Radar,12,32,15,0,59,0,2,21,1,24,12,34,36,1,83,14,0,14,97
06/07/2015,FWA,IN,AGL,CE,Combined TRACON& Tower with Radar,6,40,16,0,62,0,0,11,0,11,6,40,27,0,73,2,0,2,75
06/08/2015,FWA,IN,AGL,CE,Combined TRACON& Tower with Radar,6,41,17,0,64,0,0,6,0,6,6,41,23,0,70,0,0,0,70
06/09/2015,FWA,IN,AGL,CE,Combined TRACON& Tower with Radar,10,44,29,4,87,0,0,23,2,25,10,44,52,6,112,6,0,6,118
06/10/2015,FWA,IN,AGL,CE,Combined TRACON& Tower with Radar,14,35,28,2,79,3,1,8,0,12,17,36,36,2,91,0,0,0,91
06/11/2015,FWA,IN,AGL,CE,Combined TRACON& Tower with Radar,13,40,23,1,77,0,2,11,3,16,13,42,34,4,93,14,0,14,107
06/12/2015,FWA,IN,AGL,CE,Combined TRACON& Tower with Radar,9,39,11,1,60,0,0,5,2,7,9,39,16,3,67,0,2,2,69
06/13/2015,FWA,IN,AGL,CE,Combined TRACON& Tower with Radar,10,33,7,4,54,0,2,8,4,14,10,35,15,8,68,13,6,19,87
06/14/2015,FWA,IN,AGL,CE,Combined TRACON& Tower with Radar,6,39,12,4,61,0,3,1,5,9,6,42,13,9,70,0,6,6,76
06/15/2015,FWA,IN,AGL,CE,Combined TRACON& Tower with Radar,9,35,14,0,58,0,0,1,1,2,9,35,15,1,60,0,0,0,60
06/16/2015,FWA,IN,AGL,CE,Combined TRACON& Tower with Radar,13,41,30,11,95,0,2,14,7,23,13,43,44,18,118,44,0,44,162
06/17/2015,FWA,IN,AGL,CE,Combined TRACON& Tower with Radar,14,54,17,0,85,0,0,0,0,0,14,54,17,0,85,0,0,0,85
06/18/2015,FWA,IN,AGL,CE,Combined TRACON& Tower with Radar,13,36,22,17,88,0,1,7,3,11,13,37,29,20,99,10,0,10,109
06/19/2015,FWA,IN,AGL,CE,Combined TRACON& Tower with Radar,8,43,23,13,87,0,2,2,2,6,8,45,25,15,93,2,0,2,95
06/20/2015,FWA,IN,AGL,CE,Combined TRACON& Tower with Radar,9,38,7,0,54,0,0,2,0,2,9,38,9,0,56,0,0,0,56
06/21/2015,FWA,IN,AGL,CE,Combined TRACON& Tower with Radar,7,43,10,0,60,0,1,7,0,8,7,44,17,0,68,0,0,0,68
06/22/2015,FWA,IN,AGL,CE,Combined TRACON& Tower with Radar,8,36,15,0,59,0,2,6,0,8,8,38,21,0,67,0,0,0,67
06/23/2015,FWA,IN,AGL,CE,Combined TRACON& Tower with Radar,10,47,19,3,79,0,2,24,9,35,10,49,43,12,114,44,6,50,164
06/24/2015,FWA,IN,AGL,CE,Combined TRACON& Tower with Radar,12,40,28,3,83,0,1,28,11,40,12,41,56,14,123,6,4,10,133
06/25/2015,FWA,IN,AGL,CE,Combined TRACON& Tower with Radar,13,46,26,9,94,0,0,4,1,5,13,46,30,10,99,0,2,2,101
06/26/2015,FWA,IN,AGL,CE,Combined TRACON& Tower with Radar,9,41,27,9,86,0,2,3,0,5,9,43,30,9,91,2,6,8,99
06/27/2015,FWA,IN,AGL,CE,Combined TRACON& Tower with Radar,9,34,6,0,49,0,1,0,0,1,9,35,6,0,50,0,0,0,50
06/28/2015,FWA,IN,AGL,CE,Combined TRACON& Tower with Radar,6,39,24,4,73,0,2,29,0,31,6,41,53,4,104,52,10,62,166
06/29/2015,FWA,IN,AGL,CE,Combined TRACON& Tower with Radar,5,45,31,1,82,0,0,5,0,5,5,45,36,1,87,2,0,2,89
06/30/2015,FWA,IN,AGL,CE,Combined TRACON& Tower with Radar,11,41,18,14,84,0,1,3,2,6,11,42,21,16,90,8,0,8,98
07/01/2015,FWA,IN,AGL,CE,Combined TRACON& Tower with Radar,11,43,30,0,84,0,1,26,13,40,11,44,56,13,124,20,0,20,144
07/02/2015,FWA,IN,AGL,CE,Combined TRACON& Tower with Radar,16,43,24,19,102,0,2,6,17,25,16,45,30,36,127,16,0,16,143
07/03/2015,FWA,IN,AGL,CE,Combined TRACON& Tower with Radar,7,35,7,0,49,0,5,12,0,17,7,40,19,0,66,3,0,3,69
07/04/2015,FWA,IN,AGL,CE,Combined TRACON& Tower with Radar,6,29,2,1,38,0,2,9,3,14,6,31,11,4,52,0,2,2,54
07/05/2015,FWA,IN,AGL,CE,Combined TRACON& Tower with Radar,6,40,14,0,60,0,1,13,0,14,6,41,27,0,74,12,0,12,86
07/06/2015,FWA,IN,AGL,CE,Combined TRACON& Tower with Radar,9,42,20,0,71,0,2,15,0,17,9,44,35,0,88,18,0,18,106
07/07/2015,FWA,IN,AGL,CE,Combined TRACON& Tower with Radar,10,52,22,6,90,0,0,0,1,1,10,52,22,7,91,4,0,4,95
07/08/2015,FWA,IN,AGL,CE,Combined TRACON& Tower with Radar,12,46,28,10,96,0,0,1,8,9,12,46,29,18,105,0,8,8,113
07/09/2015,FWA,IN,AGL,CE,Combined TRACON& Tower with Radar,17,41,34,33,125,0,0,0,0,0,17,41,34,33,125,20,10,30,155
07/10/2015,FWA,IN,AGL,CE,Combined TRACON& Tower with Radar,13,54,35,6,108,0,3,12,17,32,13,57,47,23,140,23,4,27,167
07/11/2015,FWA,IN,AGL,CE,Combined TRACON& Tower with Radar,7,37,13,2,59,1,5,2,16,24,8,42,15,18,83,4,22,26,109
07/12/2015,FWA,IN,AGL,CE,Combined TRACON& Tower with Radar,10,47,38,22,117,0,1,3,0,4,10,48,41,22,121,10,0,10,131
07/13/2015,FWA,IN,AGL,CE,Combined TRACON& Tower with Radar,6,34,13,0,53,0,3,2,0,5,6,37,15,0,58,0,0,0,58
07/14/2015,FWA,IN,AGL,CE,Combined TRACON& Tower with Radar,12,47,18,3,80,0,1,7,7,15,12,48,25,10,95,0,6,6,101
07/15/2015,FWA,IN,AGL,CE,Combined TRACON& Tower with Radar,12,43,13,4,72,0,3,33,11,47,12,46,46,15,119,22,0,22,141
07/16/2015,FWA,IN,AGL,CE,Combined TRACON& Tower with Radar,16,43,33,5,97,0,2,21,7,30,16,45,54,12,127,18,0,18,145
07/17/2015,FWA,IN,AGL,CE,Combined TRACON& Tower with Radar,11,40,30,5,86,0,0,9,5,14,11,40,39,10,100,20,0,20,120
07/18/2015,FWA,IN,AGL,CE,Combined TRACON& Tower with Radar,11,33,7,0,51,0,0,11,0,11,11,33,18,0,62,8,0,8,70
07/19/2015,FWA,IN,AGL,CE,Combined TRACON& Tower with Radar,6,46,17,0,69,0,4,5,0,9,6,50,22,0,78,0,0,0,78
07/20/2015,FWA,IN,AGL,CE,Combined TRACON& Tower with Radar,8,43,22,4,77,0,1,9,0,10,8,44,31,4,87,0,0,0,87
07/21/2015,FWA,IN,AGL,CE,Combined TRACON& Tower with Radar,8,42,27,4,81,0,2,19,6,27,8,44,46,10,108,8,4,12,120
07/22/2015,FWA,IN,AGL,CE,Combined TRACON& Tower with Radar,12,45,33,1,91,0,1,26,9,36,12,46,59,10,127,20,2,22,149
07/23/2015,FWA,IN,AGL,CE,Combined TRACON& Tower with Radar,16,43,45,4,108,0,5,27,9,41,16,48,72,13,149,17,4,21,170
07/24/2015,FWA,IN,AGL,CE,Combined TRACON& Tower with Radar,10,47,20,1,78,0,3,22,8,33,10,50,42,9,111,7,0,7,118
07/25/2015,FWA,IN,AGL,CE,Combined TRACON& Tower with Radar,8,36,12,0,56,0,1,9,0,10,8,37,21,0,66,17,0,17,83
07/26/2015,FWA,IN,AGL,CE,Combined TRACON& Tower with Radar,6,44,18,9,77,0,0,7,0,7,6,44,25,9,84,10,0,10,94
07/27/2015,FWA,IN,AGL,CE,Combined TRACON& Tower with Radar,8,39,27,8,82,0,0,17,0,17,8,39,44,8,99,33,8,41,140
07/28/2015,FWA,IN,AGL,CE,Combined TRACON& Tower with Radar,8,43,22,1,74,0,3,21,10,34,8,46,43,11,108,6,0,6,114
07/29/2015,FWA,IN,AGL,CE,Combined TRACON& Tower with Radar,12,48,13,6,79,0,1,0,6,7,12,49,13,12,86,12,0,12,98
07/30/2015,FWA,IN,AGL,CE,Combined TRACON& Tower with Radar,16,42,23,0,81,0,6,16,8,30,16,48,39,8,111,14,2,16,127
07/31/2015,FWA,IN,AGL,CE,Combined TRACON& Tower with Radar,12,40,21,4,77,0,2,10,21,33,12,42,31,25,110,10,0,10,120
08/01/2015,FWA,IN,AGL,CE,Combined TRACON& Tower with Radar,10,37,7,0,54,0,4,5,4,13,10,41,12,4,67,12,0,12,79
08/02/2015,FWA,IN,AGL,CE,Combined TRACON& Tower with Radar,5,40,15,2,62,0,3,13,12,28,5,43,28,14,90,34,26,60,150
08/03/2015,FWA,IN,AGL,CE,Combined TRACON& Tower with Radar,11,43,13,0,67,0,3,13,0,16,11,46,26,0,83,0,0,0,83
08/04/2015,FWA,IN,AGL,CE,Combined TRACON& Tower with Radar,10,47,21,8,86,0,0,18,14,32,10,47,39,22,118,10,14,24,142
08/05/2015,FWA,IN,AGL,CE,Combined TRACON& Tower with Radar,14,44,24,2,84,0,1,12,12,25,14,45,36,14,109,8,2,10,119
08/06/2015,FWA,IN,AGL,CE,Combined TRACON& Tower with Radar,18,45,17,3,83,0,0,18,13,31,18,45,35,16,114,22,3,25,139
08/07/2015,FWA,IN,AGL,CE,Combined TRACON& Tower with Radar,14,45,14,0,73,0,2,23,11,36,14,47,37,11,109,4,0,4,113
08/08/2015,FWA,IN,AGL,CE,Combined TRACON& Tower with Radar,8,34,18,0,60,0,1,29,0,30,8,35,47,0,90,14,0,14,104
08/09/2015,FWA,IN,AGL,CE,Combined TRACON& Tower with Radar,8,37,12,0,57,0,2,2,0,4,8,39,14,0,61,0,0,0,61
08/10/2015,FWA,IN,AGL,CE,Combined TRACON& Tower with Radar,7,37,14,0,58,0,0,2,0,2,7,37,16,0,60,0,0,0,60
08/11/2015,FWA,IN,AGL,CE,Combined TRACON& Tower with Radar,9,42,25,7,83,0,1,12,11,24,9,43,37,18,107,18,2,20,127
08/12/2015,FWA,IN,AGL,CE,Combined TRACON& Tower with Radar,14,41,23,4,82,0,1,21,11,33,14,42,44,15,115,20,0,20,135
08/13/2015,FWA,IN,AGL,CE,Combined TRACON& Tower with Radar,18,36,36,2,92,0,1,28,8,37,18,37,64,10,129,0,0,0,129
08/14/2015,FWA,IN,AGL,CE,Combined TRACON& Tower with Radar,10,41,20,2,73,0,4,10,6,20,10,45,30,8,93,10,0,10,103
08/15/2015,FWA,IN,AGL,CE,Combined TRACON& Tower with Radar,8,35,11,0,54,0,4,15,0,19,8,39,26,0,73,2,0,2,75
08/16/2015,FWA,IN,AGL,CE,Combined TRACON& Tower with Radar,10,46,13,0,69,0,1,15,0,16,10,47,28,0,85,10,0,10,95
08/17/2015,FWA,IN,AGL,CE,Combined TRACON& Tower with Radar,11,43,16,2,72,0,0,7,0,7,11,43,23,2,79,10,0,10,89
08/18/2015,FWA,IN,AGL,CE,Combined TRACON& Tower with Radar,12,36,18,3,69,0,1,8,5,14,12,37,26,8,83,10,0,10,93
08/19/2015,FWA,IN,AGL,CE,Combined TRACON& Tower with Radar,14,39,16,0,69,0,2,10,7,19,14,41,26,7,88,0,0,0,88
08/20/2015,FWA,IN,AGL,CE,Combined TRACON& Tower with Radar,17,45,18,3,83,0,4,16,7,27,17,49,34,10,110,4,0,4,114
08/21/2015,FWA,IN,AGL,CE,Combined TRACON& Tower with Radar,16,41,15,0,72,0,3,35,10,48,16,44,50,10,120,12,0,12,132
08/22/2015,FWA,IN,AGL,CE,Combined TRACON& Tower with Radar,3,31,12,2,48,0,2,24,0,26,3,33,36,2,74,12,0,12,86
08/23/2015,FWA,IN,AGL,CE,Combined TRACON& Tower with Radar,14,40,9,0,63,0,1,30,0,31,14,41,39,0,94,6,0,6,100
08/24/2015,FWA,IN,AGL,CE,Combined TRACON& Tower with Radar,8,45,26,0,79,0,3,21,1,25,8,48,47,1,104,12,0,12,116
08/25/2015,FWA,IN,AGL,CE,Combined TRACON& Tower with Radar,14,33,41,7,95,0,6,16,7,29,14,39,57,14,124,4,6,10,134
08/26/2015,FWA,IN,AGL,CE,Combined TRACON& Tower with Radar,11,45,36,0,92,0,1,36,12,49,11,46,72,12,141,6,0,6,147
08/27/2015,FWA,IN,AGL,CE,Combined TRACON& Tower with Radar,17,40,40,11,108,0,0,20,10,30,17,40,60,21,138,0,10,10,148
08/28/2015,FWA,IN,AGL,CE,Combined TRACON& Tower with Radar,18,41,17,4,80,0,0,32,6,38,18,41,49,10,118,16,0,16,134
08/29/2015,FWA,IN,AGL,CE,Combined TRACON& Tower with Radar,4,30,3,0,37,0,2,5,0,7,4,32,8,0,44,32,0,32,76
08/30/2015,FWA,IN,AGL,CE,Combined TRACON& Tower with Radar,6,40,13,1,60,0,0,16,0,16,6,40,29,1,76,26,0,26,102
08/31/2015,FWA,IN,AGL,CE,Combined TRACON& Tower with Radar,12,37,33,0,82,0,0,18,0,18,12,37,51,0,100,6,0,6,106
09/01/2015,FWA,IN,AGL,CE,Combined TRACON& Tower with Radar,8,42,28,5,83,0,0,14,13,27,8,42,42,18,110,30,0,30,140
09/02/2015,FWA,IN,AGL,CE,Combined TRACON& Tower with Radar,8,47,33,2,90,0,2,33,10,45,8,49,66,12,135,42,4,46,181
09/03/2015,FWA,IN,AGL,CE,Combined TRACON& Tower with Radar,14,52,20,1,87,0,2,16,12,30,14,54,36,13,117,0,4,4,121
09/04/2015,FWA,IN,AGL,CE,Combined TRACON& Tower with Radar,10,43,20,0,73,0,0,10,1,11,10,43,30,1,84,0,0,0,84
09/05/2015,FWA,IN,AGL,CE,Combined TRACON& Tower with Radar,4,32,10,0,46,0,1,5,0,6,4,33,15,0,52,0,0,0,52
09/06/2015,FWA,IN,AGL,CE,Combined TRACON& Tower with Radar,6,33,9,0,48,0,4,12,0,16,6,37,21,0,64,0,0,0,64
09/07/2015,FWA,IN,AGL,CE,Combined TRACON& Tower with Radar,4,42,21,0,67,0,2,25,0,27,4,44,46,0,94,10,0,10,104
09/08/2015,FWA,IN,AGL,CE,Combined TRACON& Tower with Radar,14,41,20,2,77,0,2,11,8,21,14,43,31,10,98,6,0,6,104
09/09/2015,FWA,IN,AGL,CE,Combined TRACON& Tower with Radar,11,43,23,1,78,0,0,4,9,13,11,43,27,10,91,0,0,0,91
09/10/2015,FWA,IN,AGL,CE,Combined TRACON& Tower with Radar,17,40,22,3,82,0,3,13,6,22,17,43,35,9,104,0,0,0,104
09/11/2015,FWA,IN,AGL,CE,Combined TRACON& Tower with Radar,12,48,17,2,79,0,3,1,7,11,12,51,18,9,90,0,0,0,90
09/12/2015,FWA,IN,AGL,CE,Combined TRACON& Tower with Radar,3,33,16,0,52,0,0,18,0,18,3,33,34,0,70,8,0,8,78
09/13/2015,FWA,IN,AGL,CE,Combined TRACON& Tower with Radar,4,41,6,0,51,0,3,20,0,23,4,44,26,0,74,0,0,0,74
09/14/2015,FWA,IN,AGL,CE,Combined TRACON& Tower with Radar,6,45,11,0,62,0,0,28,0,28,6,45,39,0,90,14,0,14,104
09/15/2015,FWA,IN,AGL,CE,Combined TRACON& Tower with Radar,10,46,39,0,95,0,0,31,10,41,10,46,70,10,136,15,2,17,153
09/16/2015,FWA,IN,AGL,CE,Combined TRACON& Tower with Radar,14,45,18,0,77,0,4,27,13,44,14,49,45,13,121,28,0,28,149
09/17/2015,FWA,IN,AGL,CE,Combined TRACON& Tower with Radar,14,49,20,5,88,0,4,19,10,33,14,53,39,15,121,4,0,4,125
09/18/2015,FWA,IN,AGL,CE,Combined TRACON& Tower with Radar,8,51,13,7,79,0,2,4,6,12,8,53,17,13,91,22,0,22,113
09/19/2015,FWA,IN,AGL,CE,Combined TRACON& Tower with Radar,2,32,15,22,71,0,0,5,7,12,2,32,20,29,83,0,10,10,93
09/20/2015,FWA,IN,AGL,CE,Combined TRACON& Tower with Radar,4,40,23,3,70,0,0,27,12,39,4,40,50,15,109,35,0,35,144
09/21/2015,FWA,IN,AGL,CE,Combined TRACON& Tower with Radar,12,43,36,2,93,0,5,23,0,28,12,48,59,2,121,6,0,6,127
09/22/2015,FWA,IN,AGL,CE,Combined TRACON& Tower with Radar,8,44,48,2,102,0,3,12,9,24,8,47,60,11,126,6,0,6,132
09/23/2015,FWA,IN,AGL,CE,Combined TRACON& Tower with Radar,8,52,20,1,81,0,4,17,10,31,8,56,37,11,112,14,0,14,126
09/24/2015,FWA,IN,AGL,CE,Combined TRACON& Tower with Radar,12,44,20,2,78,0,0,18,9,27,12,44,38,11,105,6,0,6,111
09/25/2015,FWA,IN,AGL,CE,Combined TRACON& Tower with Radar,10,49,20,7,86,2,0,21,7,30,12,49,41,14,116,6,0,6,122
09/26/2015,FWA,IN,AGL,CE,Combined TRACON& Tower with Radar,4,32,15,0,51,0,3,24,0,27,4,35,39,0,78,12,0,12,90
09/27/2015,FWA,IN,AGL,CE,Combined TRACON& Tower with Radar,5,42,35,0,82,0,1,23,0,24,5,43,58,0,106,14,0,14,120
09/28/2015,FWA,IN,AGL,CE,Combined TRACON& Tower with Radar,7,43,26,0,76,0,1,22,0,23,7,44,48,0,99,36,0,36,135
09/29/2015,FWA,IN,AGL,CE,Combined TRACON& Tower with Radar,8,41,35,5,89,0,3,3,7,13,8,44,38,12,102,11,12,23,125
09/30/2015,FWA,IN,AGL,CE,Combined TRACON& Tower with Radar,8,46,27,3,84,0,3,25,0,28,8,49,52,3,112,24,8,32,144
10/01/2015,FWA,IN,AGL,CE,Combined TRACON& Tower with Radar,14,48,23,1,86,0,1,14,16,31,14,49,37,17,117,16,0,16,133
10/02/2015,FWA,IN,AGL,CE,Combined TRACON& Tower with Radar,10,39,14,0,63,0,2,12,9,23,10,41,26,9,86,0,0,0,86
10/03/2015,FWA,IN,AGL,CE,Combined TRACON& Tower with Radar,3,30,12,13,58,0,0,6,3,9,3,30,18,16,67,0,0,0,67
10/04/2015,FWA,IN,AGL,CE,Combined TRACON& Tower with Radar,7,41,31,0,79,0,0,1,0,1,7,41,32,0,80,4,0,4,84
10/05/2015,FWA,IN,AGL,CE,Combined TRACON& Tower with Radar,10,40,31,0,81,0,1,14,0,15,10,41,45,0,96,24,0,24,120
10/06/2015,FWA,IN,AGL,CE,Combined TRACON& Tower with Radar,10,44,35,11,100,0,4,4,1,9,10,48,39,12,109,0,0,0,109
10/07/2015,FWA,IN,AGL,CE,Combined TRACON& Tower with Radar,18,48,34,0,100,0,8,22,6,36,18,56,56,6,136,30,0,30,166
10/08/2015,FWA,IN,AGL,CE,Combined TRACON& Tower with Radar,23,44,29,2,98,0,1,31,11,43,23,45,60,13,141,24,0,24,165
10/09/2015,FWA,IN,AGL,CE,Combined TRACON& Tower with Radar,25,43,14,0,82,0,2,3,0,5,25,45,17,0,87,0,0,0,87
10/10/2015,FWA,IN,AGL,CE,Combined TRACON& Tower with Radar,5,32,8,0,45,0,2,12,0,14,5,34,20,0,59,12,0,12,71
10/11/2015,FWA,IN,AGL,CE,Combined TRACON& Tower with Radar,6,40,9,0,55,0,2,14,0,16,6,42,23,0,71,14,0,14,85
10/12/2015,FWA,IN,AGL,CE,Combined TRACON& Tower with Radar,10,40,22,0,72,0,2,5,0,7,10,42,27,0,79,0,0,0,79
10/13/2015,FWA,IN,AGL,CE,Combined TRACON& Tower with Radar,10,43,26,7,86,0,3,12,8,23,10,46,38,15,109,16,0,16,125
10/14/2015,FWA,IN,AGL,CE,Combined TRACON& Tower with Radar,12,44,25,7,88,0,2,11,2,15,12,46,36,9,103,19,0,19,122
10/15/2015,FWA,IN,AGL,CE,Combined TRACON& Tower with Radar,14,47,24,6,91,0,2,25,8,35,14,49,49,14,126,0,0,0,126
10/16/2015,FWA,IN,AGL,CE,Combined TRACON& Tower with Radar,10,41,14,1,66,0,0,11,8,19,10,41,25,9,85,0,0,0,85
10/17/2015,FWA,IN,AGL,CE,Combined TRACON& Tower with Radar,6,33,11,4,54,0,2,6,0,8,6,35,17,4,62,18,4,22,84
10/18/2015,FWA,IN,AGL,CE,Combined TRACON& Tower with Radar,6,41,19,0,66,0,0,17,0,17,6,41,36,0,83,6,0,6,89
10/19/2015,FWA,IN,AGL,CE,Combined TRACON& Tower with Radar,8,43,26,0,77,0,0,8,0,8,8,43,34,0,85,26,0,26,111
10/20/2015,FWA,IN,AGL,CE,Combined TRACON& Tower with Radar,10,40,14,0,64,0,2,23,12,37,10,42,37,12,101,38,0,38,139
10/21/2015,FWA,IN,AGL,CE,Combined TRACON& Tower with Radar,10,41,26,1,78,0,2,19,13,34,10,43,45,14,112,10,4,14,126
10/22/2015,FWA,IN,AGL,CE,Combined TRACON& Tower with Radar,21,40,26,1,88,0,0,21,11,32,21,40,47,12,120,42,0,42,162
10/23/2015,FWA,IN,AGL,CE,Combined TRACON& Tower with Radar,10,41,23,3,77,0,0,10,7,17,10,41,33,10,94,0,0,0,94
10/24/2015,FWA,IN,AGL,CE,Combined TRACON& Tower with Radar,6,33,12,0,51,0,0,4,13,17,6,33,16,13,68,8,0,8,76
10/25/2015,FWA,IN,AGL,CE,Combined TRACON& Tower with Radar,6,38,15,0,59,0,2,14,0,16,6,40,29,0,75,10,0,10,85
10/26/2015,FWA,IN,AGL,CE,Combined TRACON& Tower with Radar,7,42,16,0,65,0,3,37,0,40,7,45,53,0,105,22,0,22,127
10/27/2015,FWA,IN,AGL,CE,Combined TRACON& Tower with Radar,10,42,23,2,77,0,0,5,7,12,10,42,28,9,89,0,0,0,89
10/28/2015,FWA,IN,AGL,CE,Combined TRACON& Tower with Radar,13,44,32,0,89,0,0,1,0,1,13,44,33,0,90,0,0,0,90
10/29/2015,FWA,IN,AGL,CE,Combined TRACON& Tower with Radar,16,42,23,3,84,0,0,4,8,12,16,42,27,11,96,0,0,0,96
10/30/2015,FWA,IN,AGL,CE,Combined TRACON& Tower with Radar,10,45,26,12,93,0,0,16,3,19,10,45,42,15,112,4,8,12,124
10/31/2015,FWA,IN,AGL,CE,Combined TRACON& Tower with Radar,4,28,10,0,42,0,0,3,0,3,4,28,13,0,45,10,0,10,55
11/01/2015,FWA,IN,AGL,CE,Combined TRACON& Tower with Radar,6,39,16,0,61,0,0,12,0,12,6,39,28,0,73,2,0,2,75
11/02/2015,FWA,IN,AGL,CE,Combined TRACON& Tower with Radar,8,41,29,2,80,0,0,27,10,37,8,41,56,12,117,32,4,36,153
11/03/2015,FWA,IN,AGL,CE,Combined TRACON& Tower with Radar,8,42,19,0,69,0,0,35,8,43,8,42,54,8,112,64,0,64,176
11/04/2015,FWA,IN,AGL,CE,Combined TRACON& Tower with Radar,10,41,35,0,86,0,0,27,9,36,10,41,62,9,122,36,0,36,158
11/05/2015,FWA,IN,AGL,CE,Combined TRACON& Tower with Radar,14,40,16,2,72,0,0,13,9,22,14,40,29,11,94,16,0,16,110
11/06/2015,FWA,IN,AGL,CE,Combined TRACON& Tower with Radar,17,43,33,1,94,0,0,7,6,13,17,43,40,7,107,0,0,0,107
11/07/2015,FWA,IN,AGL,CE,Combined TRACON& Tower with Radar,6,32,6,9,53,0,1,15,20,36,6,33,21,29,89,6,16,22,111
11/08/2015,FWA,IN,AGL,CE,Combined TRACON& Tower with Radar,5,42,15,1,63,0,0,16,15,31,5,42,31,16,94,25,4,29,123
11/09/2015,FWA,IN,AGL,CE,Combined TRACON& Tower with Radar,8,39,29,0,76,0,0,12,0,12,8,39,41,0,88,34,0,34,122
11/10/2015,FWA,IN,AGL,CE,Combined TRACON& Tower with Radar,10,43,48,0,101,0,0,6,0,6,10,43,54,0,107,24,0,24,131
11/11/2015,FWA,IN,AGL,CE,Combined TRACON& Tower with Radar,10,46,16,0,72,0,0,20,1,21,10,46,36,1,93,29,0,29,122
11/12/2015,FWA,IN,AGL,CE,Combined TRACON& Tower with Radar,14,41,10,0,65,0,0,1,0,1,14,41,11,0,66,0,0,0,66
11/13/2015,FWA,IN,AGL,CE,Combined TRACON& Tower with Radar,10,42,26,1,79,0,0,5,7,12,10,42,31,8,91,0,0,0,91
11/14/2015,FWA,IN,AGL,CE,Combined TRACON& Tower with Radar,6,32,8,0,46,0,0,21,0,21,6,32,29,0,67,31,0,31,98
11/15/2015,FWA,IN,AGL,CE,Combined TRACON& Tower with Radar,6,37,25,0,68,0,0,16,0,16,6,37,41,0,84,6,0,6,90
11/16/2015,FWA,IN,AGL,CE,Combined TRACON& Tower with Radar,8,45,12,0,65,0,0,12,0,12,8,45,24,0,77,7,0,7,84
11/17/2015,FWA,IN,AGL,CE,Combined TRACON& Tower with Radar,9,48,28,1,86,0,0,4,11,15,9,48,32,12,101,0,0,0,101
11/18/2015,FWA,IN,AGL,CE,Combined TRACON& Tower with Radar,10,34,19,0,63,0,0,3,0,3,10,34,22,0,66,0,0,0,66
11/19/2015,FWA,IN,AGL,CE,Combined TRACON& Tower with Radar,13,46,27,6,92,0,0,21,7,28,13,46,48,13,120,8,0,8,128
11/20/2015,FWA,IN,AGL,CE,Combined TRACON& Tower with Radar,14,45,32,0,91,0,0,19,12,31,14,45,51,12,122,10,0,10,132
11/21/2015,FWA,IN,AGL,CE,Combined TRACON& Tower with Radar,11,24,12,0,47,0,0,3,0,3,11,24,15,0,50,0,0,0,50
11/22/2015,FWA,IN,AGL,CE,Combined TRACON& Tower with Radar,5,42,14,0,61,0,0,13,0,13,5,42,27,0,74,16,0,16,90
11/23/2015,FWA,IN,AGL,CE,Combined TRACON& Tower with Radar,6,41,26,1,74,0,0,21,5,26,6,41,47,6,100,46,4,50,150
11/24/2015,FWA,IN,AGL,CE,Combined TRACON& Tower with Radar,10,44,11,2,67,0,0,18,7,25,10,44,29,9,92,2,0,2,94
11/25/2015,FWA,IN,AGL,CE,Combined TRACON& Tower with Radar,14,48,16,0,78,0,0,21,8,29,14,48,37,8,107,15,0,15,122
11/26/2015,FWA,IN,AGL,CE,Combined TRACON& Tower with Radar,2,22,2,0,26,0,0,4,0,4,2,22,6,0,30,0,0,0,30
11/27/2015,FWA,IN,AGL,CE,Combined TRACON& Tower with Radar,11,28,12,0,51,0,0,0,0,0,11,28,12,0,51,0,0,0,51
11/28/2015,FWA,IN,AGL,CE,Combined TRACON& Tower with Radar,11,41,14,0,66,0,0,0,0,0,11,41,14,0,66,0,0,0,66
11/29/2015,FWA,IN,AGL,CE,Combined TRACON& Tower with Radar,4,46,22,0,72,0,0,7,0,7,4,46,29,0,79,4,0,4,83
11/30/2015,FWA,IN,AGL,CE,Combined TRACON& Tower with Radar,9,44,20,0,73,0,0,12,0,12,9,44,32,0,85,0,0,0,85
12/01/2015,FWA,IN,AGL,CE,Combined TRACON& Tower with Radar,11,43,38,7,99,0,0,10,2,12,11,43,48,9,111,0,0,0,111
12/02/2015,FWA,IN,AGL,CE,Combined TRACON& Tower with Radar,10,41,16,9,76,0,0,1,0,1,10,41,17,9,77,12,0,12,89
12/03/2015,FWA,IN,AGL,CE,Combined TRACON& Tower with Radar,12,46,18,11,87,0,0,12,1,13,12,46,30,12,100,4,0,4,104
12/04/2015,FWA,IN,AGL,CE,Combined TRACON& Tower with Radar,7,43,18,9,77,0,1,3,4,8,7,44,21,13,85,0,2,2,87
12/05/2015,FWA,IN,AGL,CE,Combined TRACON& Tower with Radar,9,32,15,0,56,0,0,4,0,4,9,32,19,0,60,0,0,0,60
12/06/2015,FWA,IN,AGL,CE,Combined TRACON& Tower with Radar,6,40,17,0,63,0,0,11,0,11,6,40,28,0,74,0,0,0,74
12/07/2015,FWA,IN,AGL,CE,Combined TRACON& Tower with Radar,6,40,27,0,73,0,0,4,0,4,6,40,31,0,77,0,0,0,77
12/08/2015,FWA,IN,AGL,CE,Combined TRACON& Tower with Radar,12,42,31,12,97,0,0,4,3,7,12,42,35,15,104,0,0,0,104
12/09/2015,FWA,IN,AGL,CE,Combined TRACON& Tower with Radar,11,49,33,6,99,0,0,15,12,27,11,49,48,18,126,0,0,0,126
12/10/2015,FWA,IN,AGL,CE,Combined TRACON& Tower with Radar,12,42,39,0,93,0,0,14,12,26,12,42,53,12,119,18,20,38,157
12/11/2015,FWA,IN,AGL,CE,Combined TRACON& Tower with Radar,8,39,15,0,62,0,0,10,16,26,8,39,25,16,88,6,10,16,104
12/12/2015,FWA,IN,AGL,CE,Combined TRACON& Tower with Radar,7,30,11,18,66,0,0,6,3,9,7,30,17,21,75,0,0,0,75
12/13/2015,FWA,IN,AGL,CE,Combined TRACON& Tower with Radar,5,40,12,3,60,0,0,9,17,26,5,40,21,20,86,6,0,6,92
12/14/2015,FWA,IN,AGL,CE,Combined TRACON& Tower with Radar,9,37,12,0,58,0,0,1,0,1,9,37,13,0,59,0,0,0,59
12/15/2015,FWA,IN,AGL,CE,Combined TRACON& Tower with Radar,8,41,33,19,101,0,0,1,0,1,8,41,34,19,102,0,0,0,102
12/16/2015,FWA,IN,AGL,CE,Combined TRACON& Tower with Radar,13,40,41,9,103,0,0,15,7,22,13,40,56,16,125,0,2,2,127
12/17/2015,FWA,IN,AGL,CE,Combined TRACON& Tower with Radar,11,41,38,5,95,0,0,8,3,11,11,41,46,8,106,0,0,0,106
12/18/2015,FWA,IN,AGL,CE,Combined TRACON& Tower with Radar,12,44,18,1,75,0,0,7,7,14,12,44,25,8,89,0,0,0,89
12/19/2015,FWA,IN,AGL,CE,Combined TRACON& Tower with Radar,12,37,21,0,70,0,0,18,2,20,12,37,39,2,90,28,0,28,118
12/20/2015,FWA,IN,AGL,CE,Combined TRACON& Tower with Radar,2,44,18,1,65,0,0,3,1,4,2,44,21,2,69,2,0,2,71
12/21/2015,FWA,IN,AGL,CE,Combined TRACON& Tower with Radar,8,40,6,0,54,0,0,0,0,0,8,40,6,0,54,0,0,0,54
12/22/2015,FWA,IN,AGL,CE,Combined TRACON& Tower with Radar,13,39,30,32,114,0,0,2,0,2,13,39,32,32,116,20,0,20,136
12/23/2015,FWA,IN,AGL,CE,Combined TRACON& Tower with Radar,15,43,11,0,69,0,0,0,0,0,15,43,11,0,69,0,0,0,69
12/24/2015,FWA,IN,AGL,CE,Combined TRACON& Tower with Radar,12,40,5,0,57,0,0,6,0,6,12,40,11,0,63,0,0,0,63
12/25/2015,FWA,IN,AGL,CE,Combined TRACON& Tower with Radar,2,29,6,0,37,0,0,11,0,11,2,29,17,0,48,0,0,0,48
12/26/2015,FWA,IN,AGL,CE,Combined TRACON& Tower with Radar,10,42,16,0,68,0,0,0,0,0,10,42,16,0,68,0,0,0,68
12/27/2015,FWA,IN,AGL,CE,Combined TRACON& Tower with Radar,4,39,15,0,58,0,0,0,0,0,4,39,15,0,58,0,0,0,58
12/28/2015,FWA,IN,AGL,CE,Combined TRACON& Tower with Radar,6,23,2,0,31,0,0,0,0,0,6,23,2,0,31,0,0,0,31
12/29/2015,FWA,IN,AGL,CE,Combined TRACON& Tower with Radar,12,37,10,12,71,0,0,0,0,0,12,37,10,12,71,0,0,0,71
12/30/2015,FWA,IN,AGL,CE,Combined TRACON& Tower with Radar,14,42,4,14,74,0,0,0,0,0,14,42,4,14,74,0,0,0,74
12/31/2015,FWA,IN,AGL,CE,Combined TRACON& Tower with Radar,8,32,2,0,42,0,0,2,2,4,8,32,4,2,46,32,0,32,78
01/01/2016,FWA,IN,AGL,CE,Combined TRACON& Tower with Radar,2,31,3,0,36,0,0,0,0,0,2,31,3,0,36,0,0,0,36
01/02/2016,FWA,IN,AGL,CE,Combined TRACON& Tower with Radar,10,47,20,0,77,0,0,8,0,8,10,47,28,0,85,10,0,10,95
01/03/2016,FWA,IN,AGL,CE,Combined TRACON& Tower with Radar,5,43,10,0,58,0,1,6,0,7,5,44,16,0,65,0,0,0,65
01/04/2016,FWA,IN,AGL,CE,Combined TRACON& Tower with Radar,13,39,15,0,67,0,0,1,0,1,13,39,16,0,68,18,0,18,86
01/05/2016,FWA,IN,AGL,CE,Combined TRACON& Tower with Radar,8,42,18,1,69,0,0,16,11,27,8,42,34,12,96,6,0,6,102
01/06/2016,FWA,IN,AGL,CE,Combined TRACON& Tower with Radar,12,44,16,0,72,0,1,14,10,25,12,45,30,10,97,26,2,28,125
01/07/2016,FWA,IN,AGL,CE,Combined TRACON& Tower with Radar,12,45,29,0,86,0,0,14,12,26,12,45,43,12,112,12,0,12,124
01/08/2016,FWA,IN,AGL,CE,Combined TRACON& Tower with Radar,8,50,8,6,72,0,0,0,0,0,8,50,8,6,72,0,0,0,72
01/09/2016,FWA,IN,AGL,CE,Combined TRACON& Tower with Radar,6,28,3,7,44,0,0,0,2,2,6,28,3,9,46,0,0,0,46
01/10/2016,FWA,IN,AGL,CE,Combined TRACON& Tower with Radar,6,44,5,1,56,0,0,0,0,0,6,44,5,1,56,6,0,6,62
01/11/2016,FWA,IN,AGL,CE,Combined TRACON& Tower with Radar,8,42,31,0,81,0,0,7,0,7,8,42,38,0,88,14,0,14,102
01/12/2016,FWA,IN,AGL,CE,Combined TRACON& Tower with Radar,8,47,19,4,78,0,0,4,0,4,8,47,23,4,82,0,0,0,82
01/13/2016,FWA,IN,AGL,CE,Combined TRACON& Tower with Radar,12,41,11,1,65,0,0,2,8,10,12,41,13,9,75,0,6,6,81
01/14/2016,FWA,IN,AGL,CE,Combined TRACON& Tower with Radar,14,40,31,2,87,0,2,18,12,32,14,42,49,14,119,14,0,14,133
01/15/2016,FWA,IN,AGL,CE,Combined TRACON& Tower with Radar,8,45,17,0,70,0,0,1,0,1,8,45,18,0,71,2,0,2,73
01/16/2016,FWA,IN,AGL,CE,Combined TRACON& Tower with Radar,4,35,5,0,44,0,0,11,0,11,4,35,16,0,55,8,0,8,63
01/17/2016,FWA,IN,AGL,CE,Combined TRACON& Tower with Radar,4,34,11,0,49,0,0,1,0,1,4,34,12,0,50,0,0,0,50
01/18/2016,FWA,IN,AGL,CE,Combined TRACON& Tower with Radar,6,41,11,3,61,0,0,14,0,14,6,41,25,3,75,14,8,22,97
01/19/2016,FWA,IN,AGL,CE,Combined TRACON& Tower with Radar,8,42,27,5,82,0,0,11,10,21,8,42,38,15,103,14,2,16,119
01/20/2016,FWA,IN,AGL,CE,Combined TRACON& Tower with Radar,11,40,15,11,77,0,0,4,1,5,11,40,19,12,82,0,0,0,82
01/21/2016,FWA,IN,AGL,CE,Combined TRACON& Tower with Radar,13,48,14,5,80,0,0,14,10,24,13,48,28,15,104,0,0,0,104
01/22/2016,FWA,IN,AGL,CE,Combined TRACON& Tower with Radar,8,39,25,12,84,0,0,2,2,4,8,39,27,14,88,0,0,0,88
01/23/2016,FWA,IN,AGL,CE,Combined TRACON& Tower with Radar,7,29,7,0,43,0,2,19,0,21,7,31,26,0,64,62,0,62,126
01/24/2016,FWA,IN,AGL,CE,Combined TRACON& Tower with Radar,5,38,19,0,62,0,0,14,0,14,5,38,33,0,76,14,0,14,90
01/25/2016,FWA,IN,AGL,CE,Combined TRACON& Tower with Radar,5,42,20,0,67,0,0,17,0,17,5,42,37,0,84,0,0,0,84
01/26/2016,FWA,IN,AGL,CE,Combined TRACON& Tower with Radar,9,44,25,15,93,0,0,0,1,1,9,44,25,16,94,0,0,0,94
01/27/2016,FWA,IN,AGL,CE,Combined TRACON& Tower with Radar,12,43,39,0,94,0,0,4,9,13,12,43,43,9,107,0,0,0,107
01/28/2016,FWA,IN,AGL,CE,Combined TRACON& Tower with Radar,11,44,29,2,86,0,0,4,10,14,11,44,33,12,100,0,0,0,100
01/29/2016,FWA,IN,AGL,CE,Combined TRACON& Tower with Radar,8,43,18,0,69,0,0,16,10,26,8,43,34,10,95,12,2,14,109
01/30/2016,FWA,IN,AGL,CE,Combined TRACON& Tower with Radar,4,35,6,0,45,0,0,14,0,14,4,35,20,0,59,0,0,0,59
01/31/2016,FWA,IN,AGL,CE,Combined TRACON& Tower with Radar,4,44,5,0,53,0,0,0,0,0,4,44,5,0,53,0,0,0,53
02/01/2016,FWA,IN,AGL,CE,Combined TRACON& Tower with Radar,6,41,26,0,73,0,2,12,0,14,6,43,38,0,87,10,0,10,97
02/02/2016,FWA,IN,AGL,CE,Combined TRACON& Tower with Radar,7,41,18,3,69,0,0,2,8,10,7,41,20,11,79,0,0,0,79
02/03/2016,FWA,IN,AGL,CE,Combined TRACON& Tower with Radar,14,41,9,2,66,0,0,4,13,17,14,41,13,15,83,12,0,12,95
02/04/2016,FWA,IN,AGL,CE,Combined TRACON& Tower with Radar,12,48,16,10,86,0,0,12,9,21,12,48,28,19,107,0,44,44,151
02/05/2016,FWA,IN,AGL,CE,Combined TRACON& Tower with Radar,9,42,28,1,80,0,0,21,12,33,9,42,49,13,113,0,0,0,113
02/06/2016,FWA,IN,AGL,CE,Combined TRACON& Tower with Radar,7,33,12,3,55,0,0,20,16,36,7,33,32,19,91,6,4,10,101
02/07/2016,FWA,IN,AGL,CE,Combined TRACON& Tower with Radar,4,39,10,1,54,0,0,15,15,30,4,39,25,16,84,0,0,0,84
02/08/2016,FWA,IN,AGL,CE,Combined TRACON& Tower with Radar,6,42,22,0,70,0,0,1,0,1,6,42,23,0,71,0,0,0,71
02/09/2016,FWA,IN,AGL,CE,Combined TRACON& Tower with Radar,10,40,16,5,71,0,0,0,0,0,10,40,16,5,71,0,0,0,71
02/10/2016,FWA,IN,AGL,CE,Combined TRACON& Tower with Radar,14,43,16,11,84,0,0,2,2,4,14,43,18,13,88,0,0,0,88
02/11/2016,FWA,IN,AGL,CE,Combined TRACON& Tower with Radar,13,46,32,6,97,0,0,12,2,14,13,46,44,8,111,6,0,6,117
02/12/2016,FWA,IN,AGL,CE,Combined TRACON& Tower with Radar,9,53,26,9,97,0,0,9,1,10,9,53,35,10,107,0,0,0,107
02/13/2016,FWA,IN,AGL,CE,Combined TRACON& Tower with Radar,8,28,2,8,46,0,0,5,0,5,8,28,7,8,51,18,0,18,69
02/14/2016,FWA,IN,AGL,CE,Combined TRACON& Tower with Radar,6,39,13,0,58,0,0,1,0,1,6,39,14,0,59,0,0,0,59
02/15/2016,FWA,IN,AGL,CE,Combined TRACON& Tower with Radar,5,41,14,1,61,0,0,0,0,0,5,41,14,1,61,0,0,0,61
02/16/2016,FWA,IN,AGL,CE,Combined TRACON& Tower with Radar,10,47,18,0,75,0,0,0,0,0,10,47,18,0,75,0,0,0,75
02/17/2016,FWA,IN,AGL,CE,Combined TRACON& Tower with Radar,13,54,31,0,98,0,0,19,0,19,13,54,50,0,117,40,0,40,157
02/18/2016,FWA,IN,AGL,CE,Combined TRACON& Tower with Radar,10,46,21,0,77,0,2,20,0,22,10,48,41,0,99,14,0,14,113
02/19/2016,FWA,IN,AGL,CE,Combined TRACON& Tower with Radar,12,47,16,0,75,0,0,0,0,0,12,47,16,0,75,0,0,0,75
02/20/2016,FWA,IN,AGL,CE,Combined TRACON& Tower with Radar,8,32,14,0,54,0,0,17,3,20,8,32,31,3,74,0,0,0,74
02/21/2016,FWA,IN,AGL,CE,Combined TRACON& Tower with Radar,4,45,16,0,65,0,0,16,0,16,4,45,32,0,81,12,0,12,93
02/22/2016,FWA,IN,AGL,CE,Combined TRACON& Tower with Radar,6,44,20,0,70,0,3,13,1,17,6,47,33,1,87,22,0,22,109
02/23/2016,FWA,IN,AGL,CE,Combined TRACON& Tower with Radar,12,50,13,0,75,0,1,17,0,18,12,51,30,0,93,33,0,33,126
02/24/2016,FWA,IN,AGL,CE,Combined TRACON& Tower with Radar,12,35,8,0,55,0,0,0,0,0,12,35,8,0,55,0,0,0,55
02/25/2016,FWA,IN,AGL,CE,Combined TRACON& Tower with Radar,12,53,25,0,90,0,0,0,0,0,12,53,25,0,90,0,0,0,90
02/26/2016,FWA,IN,AGL,CE,Combined TRACON& Tower with Radar,8,50,23,0,81,0,0,15,0,15,8,50,38,0,96,8,0,8,104
02/27/2016,FWA,IN,AGL,CE,Combined TRACON& Tower with Radar,8,32,15,8,63,0,0,4,1,5,8,32,19,9,68,0,0,0,68
02/28/2016,FWA,IN,AGL,CE,Combined TRACON& Tower with Radar,4,47,10,5,66,0,0,0,0,0,4,47,10,5,66,0,0,0,66
02/29/2016,FWA,IN,AGL,CE,Combined TRACON& Tower with Radar,6,43,28,0,77,0,0,9,0,9,6,43,37,0,86,13,0,13,99
03/01/2016,FWA,IN,AGL,CE,Combined TRACON& Tower with Radar,14,42,13,1,70,0,0,1,0,1,14,42,14,1,71,0,0,0,71
03/02/2016,FWA,IN,AGL,CE,Combined TRACON& Tower with Radar,12,49,31,10,102,0,0,13,7,20,12,49,44,17,122,20,16,36,158
03/03/2016,FWA,IN,AGL,CE,Combined TRACON& Tower with Radar,12,47,28,5,92,0,0,0,0,0,12,47,28,5,92,0,0,0,92
03/04/2016,FWA,IN,AGL,CE,Combined TRACON& Tower with Radar,8,46,23,4,81,0,0,4,1,5,8,46,27,5,86,2,14,16,102
03/05/2016,FWA,IN,AGL,CE,Combined TRACON& Tower with Radar,9,34,7,23,73,0,0,0,0,0,9,34,7,23,73,0,0,0,73
03/06/2016,FWA,IN,AGL,CE,Combined TRACON& Tower with Radar,4,46,12,6,68,0,0,3,10,13,4,46,15,16,81,0,0,0,81
03/07/2016,FWA,IN,AGL,CE,Combined TRACON& Tower with Radar,6,47,20,1,74,0,0,11,0,11,6,47,31,1,85,10,0,10,95
03/08/2016,FWA,IN,AGL,CE,Combined TRACON& Tower with Radar,11,44,20,0,75,0,0,19,12,31,11,44,39,12,106,14,0,14,120
03/09/2016,FWA,IN,AGL,CE,Combined TRACON& Tower with Radar,14,48,17,1,80,0,0,3,5,8,14,48,20,6,88,0,4,4,92
03/10/2016,FWA,IN,AGL,CE,Combined TRACON& Tower with Radar,12,42,27,3,84,0,0,0,3,3,12,42,27,6,87,0,0,0,87
03/11/2016,FWA,IN,AGL,CE,Combined TRACON& Tower with Radar,8,48,25,4,85,0,0,11,11,22,8,48,36,15,107,18,0,18,125
03/12/2016,FWA,IN,AGL,CE,Combined TRACON& Tower with Radar,10,33,10,0,53,0,0,21,0,21,10,33,31,0,74,54,0,54,128
03/13/2016,FWA,IN,AGL,CE,Combined TRACON& Tower with Radar,4,42,14,0,60,0,0,0,0,0,4,42,14,0,60,0,0,0,60
03/14/2016,FWA,IN,AGL,CE,Combined TRACON& Tower with Radar,6,47,28,0,81,0,0,0,0,0,6,47,28,0,81,12,0,12,93
03/15/2016,FWA,IN,AGL,CE,Combined TRACON& Tower with Radar,11,40,23,9,83,0,0,1,0,1,11,40,24,9,84,0,0,0,84
03/16/2016,FWA,IN,AGL,CE,Combined TRACON& Tower with Radar,12,50,18,9,89,0,0,0,8,8,12,50,18,17,97,0,0,0,97
03/17/2016,FWA,IN,AGL,CE,Combined TRACON& Tower with Radar,12,49,26,0,87,0,0,5,12,17,12,49,31,12,104,6,4,10,114
03/18/2016,FWA,IN,AGL,CE,Combined TRACON& Tower with Radar,8,53,17,0,78,0,0,26,10,36,8,53,43,10,114,8,0,8,122
03/19/2016,FWA,IN,AGL,CE,Combined TRACON& Tower with Radar,10,35,6,0,51,0,0,13,0,13,10,35,19,0,64,2,0,2,66
03/20/2016,FWA,IN,AGL,CE,Combined TRACON& Tower with Radar,4,45,20,0,69,0,0,13,0,13,4,45,33,0,82,16,0,16,98
03/21/2016,FWA,IN,AGL,CE,Combined TRACON& Tower with Radar,7,48,22,0,77,0,0,48,1,49,7,48,70,1,126,49,0,49,175
03/22/2016,FWA,IN,AGL,CE,Combined TRACON& Tower with Radar,12,52,16,0,80,0,0,12,11,23,12,52,28,11,103,0,0,0,103
03/23/2016,FWA,IN,AGL,CE,Combined TRACON& Tower with Radar,15,47,16,1,79,0,0,8,10,18,15,47,24,11,97,14,8,22,119
03/24/2016,FWA,IN,AGL,CE,Combined TRACON& Tower with Radar,15,45,10,0,70,0,0,1,1,2,15,45,11,1,72,0,20,20,92
03/25/2016,FWA,IN,AGL,CE,Combined TRACON& Tower with Radar,8,46,20,4,78,0,0,14,5,19,8,46,34,9,97,14,0,14,111
03/26/2016,FWA,IN,AGL,CE,Combined TRACON& Tower with Radar,12,36,10,0,58,0,0,24,0,24,12,36,34,0,82,34,0,34,116
03/27/2016,FWA,IN,AGL,CE,Combined TRACON& Tower with Radar,8,45,9,0,62,0,0,12,0,12,8,45,21,0,74,0,0,0,74
03/28/2016,FWA,IN,AGL,CE,Combined TRACON& Tower with Radar,6,42,15,0,63,0,0,1,0,1,6,42,16,0,64,0,0,0,64
03/29/2016,FWA,IN,AGL,CE,Combined TRACON& Tower with Radar,14,48,34,0,96,0,0,49,12,61,14,48,83,12,157,32,2,34,191
03/30/2016,FWA,IN,AGL,CE,Combined TRACON& Tower with Radar,13,44,27,2,86,0,0,11,9,20,13,44,38,11,106,3,6,9,115
03/31/2016,FWA,IN,AGL,CE,Combined TRACON& Tower with Radar,16,49,21,5,91,0,0,0,1,1,16,49,21,6,92,2,6,8,100
04/01/2016,FWA,IN,AGL,CE,Combined TRACON& Tower with Radar,9,53,37,2,101,0,0,2,2,4,9,53,39,4,105,0,0,0,105
04/02/2016,FWA,IN,AGL,CE,Combined TRACON& Tower with Radar,10,39,6,0,55,0,0,7,0,7,10,39,13,0,62,0,0,0,62
04/03/2016,FWA,IN,AGL,CE,Combined TRACON& Tower with Radar,6,40,6,0,52,0,1,10,0,11,6,41,16,0,63,0,0,0,63
04/04/2016,FWA,IN,AGL,CE,Combined TRACON& Tower with Radar,5,50,7,0,62,0,0,0,0,0,5,50,7,0,62,0,0,0,62
04/05/2016,FWA,IN,AGL,CE,Combined TRACON& Tower with Radar,17,46,22,0,85,0,0,22,8,30,17,46,44,8,115,10,2,12,127
04/06/2016,FWA,IN,AGL,CE,Combined TRACON& Tower with Radar,12,49,9,0,70,0,0,0,10,10,12,49,9,10,80,0,0,0,80
04/07/2016,FWA,IN,AGL,CE,Combined TRACON& Tower with Radar,12,47,20,5,84,0,0,0,1,1,12,47,20,6,85,0,0,0,85
04/08/2016,FWA,IN,AGL,CE,Combined TRACON& Tower with Radar,10,43,9,10,72,0,0,5,5,10,10,43,14,15,82,6,10,16,98
04/09/2016,FWA,IN,AGL,CE,Combined TRACON& Tower with Radar,12,37,8,3,60,0,0,4,13,17,12,37,12,16,77,0,0,0,77
04/10/2016,FWA,IN,AGL,CE,Combined TRACON& Tower with Radar,8,43,8,3,62,0,0,2,14,16,8,43,10,17,78,0,19,19,97
04/11/2016,FWA,IN,AGL,CE,Combined TRACON& Tower with Radar,7,45,11,0,63,0,2,4,0,6,7,47,15,0,69,12,0,12,81
04/12/2016,FWA,IN,AGL,CE,Combined TRACON& Tower with Radar,12,42,25,6,85,0,4,38,10,52,12,46,63,16,137,68,0,68,205
04/13/2016,FWA,IN,AGL,CE,Combined TRACON& Tower with Radar,12,46,20,2,80,0,0,36,11,47,12,46,56,13,127,0,0,0,127
04/14/2016,FWA,IN,AGL,CE,Combined TRACON& Tower with Radar,12,50,38,10,110,0,0,49,10,59,12,50,87,20,169,30,0,30,199
04/15/2016,FWA,IN,AGL,CE,Combined TRACON& Tower with Radar,8,46,17,0,71,0,0,29,15,44,8,46,46,15,115,16,8,24,139
04/16/2016,FWA,IN,AGL,CE,Combined TRACON& Tower with Radar,8,41,12,0,61,0,0,34,0,34,8,41,46,0,95,38,0,38,133
04/17/2016,FWA,IN,AGL,CE,Combined TRACON& Tower with Radar,4,38,10,0,52,0,3,20,0,23,4,41,30,0,75,6,0,6,81
04/18/2016,FWA,IN,AGL,CE,Combined TRACON& Tower with Radar,6,44,19,0,69,0,2,33,0,35,6,46,52,0,104,26,0,26,130
04/19/2016,FWA,IN,AGL,CE,Combined TRACON& Tower with Radar,8,51,38,6,103,0,0,37,3,40,8,51,75,9,143,18,2,20,163
04/20/2016,FWA,IN,AGL,CE,Combined TRACON& Tower with Radar,11,45,28,2,86,0,1,11,7,19,11,46,39,9,105,2,0,2,107
04/21/2016,FWA,IN,AGL,CE,Combined TRACON& Tower with Radar,13,45,18,3,79,0,0,0,2,2,13,45,18,5,81,0,0,0,81
04/22/2016,FWA,IN,AGL,CE,Combined TRACON& Tower with Radar,10,46,27,9,92,0,0,1,0,1,10,46,28,9,93,0,0,0,93
04/23/2016,FWA,IN,AGL,CE,Combined TRACON& Tower with Radar,8,35,10,0,53,0,0,18,0,18,8,35,28,0,71,2,0,2,73
04/24/2016,FWA,IN,AGL,CE,Combined TRACON& Tower with Radar,4,40,11,0,55,0,0,17,0,17,4,40,28,0,72,0,0,0,72
04/25/2016,FWA,IN,AGL,CE,Combined TRACON& Tower with Radar,6,41,14,0,61,0,0,15,1,16,6,41,29,1,77,2,0,2,79
04/26/2016,FWA,IN,AGL,CE,Combined TRACON& Tower with Radar,7,49,25,3,84,0,0,15,9,24,7,49,40,12,108,10,8,18,126
04/27/2016,FWA,IN,AGL,CE,Combined TRACON& Tower with Radar,19,45,15,11,90,0,0,1,3,4,19,45,16,14,94,6,0,6,100
04/28/2016,FWA,IN,AGL,CE,Combined TRACON& Tower with Radar,12,44,35,12,103,0,2,1,0,3,12,46,36,12,106,0,0,0,106
04/29/2016,FWA,IN,AGL,CE,Combined TRACON& Tower with Radar,8,40,20,8,76,0,0,2,0,2,8,40,22,8,78,6,0,6,84
04/30/2016,FWA,IN,AGL,CE,Combined TRACON& Tower with Radar,10,34,21,0,65,0,0,6,0,6,10,34,27,0,71,0,0,0,71
05/01/2016,FWA,IN,AGL,CE,Combined TRACON& Tower with Radar,6,36,29,0,71,0,0,0,0,0,6,36,29,0,71,0,0,0,71
05/02/2016,FWA,IN,AGL,CE,Combined TRACON& Tower with Radar,8,43,30,0,81,0,0,0,0,0,8,43,30,0,81,2,0,2,83
05/03/2016,FWA,IN,AGL,CE,Combined TRACON& Tower with Radar,10,45,23,3,81,0,0,20,7,27,10,45,43,10,108,40,0,40,148
05/04/2016,FWA,IN,AGL,CE,Combined TRACON& Tower with Radar,12,46,26,12,96,0,0,0,4,4,12,46,26,16,100,6,0,6,106
05/05/2016,FWA,IN,AGL,CE,Combined TRACON& Tower with Radar,12,45,44,4,105,0,0,10,4,14,12,45,54,8,119,22,0,22,141
05/06/2016,FWA,IN,AGL,CE,Combined TRACON& Tower with Radar,8,44,28,0,80,0,0,22,14,36,8,44,50,14,116,12,6,18,134
05/07/2016,FWA,IN,AGL,CE,Combined TRACON& Tower with Radar,10,34,12,0,56,0,0,6,0,6,10,34,18,0,62,5,0,5,67
05/08/2016,FWA,IN,AGL,CE,Combined TRACON& Tower with Radar,6,41,12,0,59,0,1,12,0,13,6,42,24,0,72,16,0,16,88
05/09/2016,FWA,IN,AGL,CE,Combined TRACON& Tower with Radar,5,43,22,0,70,0,0,0,0,0,5,43,22,0,70,0,0,0,70
05/10/2016,FWA,IN,AGL,CE,Combined TRACON& Tower with Radar,9,47,28,7,91,0,0,0,3,3,9,47,28,10,94,0,0,0,94
05/11/2016,FWA,IN,AGL,CE,Combined TRACON& Tower with Radar,14,46,27,8,95,0,0,3,0,3,14,46,30,8,98,2,0,2,100
05/12/2016,FWA,IN,AGL,CE,Combined TRACON& Tower with Radar,12,43,24,3,82,0,1,3,10,14,12,44,27,13,96,10,0,10,106
05/13/2016,FWA,IN,AGL,CE,Combined TRACON& Tower with Radar,8,49,14,18,89,0,0,12,16,28,8,49,26,34,117,2,8,10,127
05/14/2016,FWA,IN,AGL,CE,Combined TRACON& Tower with Radar,6,34,12,17,69,0,0,6,4,10,6,34,18,21,79,4,0,4,83
05/15/2016,FWA,IN,AGL,CE,Combined TRACON& Tower with Radar,4,38,10,2,54,0,0,15,0,15,4,38,25,2,69,6,0,6,75
05/16/2016,FWA,IN,AGL,CE,Combined TRACON& Tower with Radar,8,47,24,1,80,0,0,20,9,29,8,47,44,10,109,6,0,6,115
05/17/2016,FWA,IN,AGL,CE,Combined TRACON& Tower with Radar,10,50,28,5,93,0,0,6,16,22,10,50,34,21,115,18,10,28,143
05/18/2016,FWA,IN,AGL,CE,Combined TRACON& Tower with Radar,12,45,39,3,99,0,2,32,30,64,12,47,71,33,163,92,0,92,255
05/19/2016,FWA,IN,AGL,CE,Combined TRACON& Tower with Radar,12,42,38,5,97,0,1,30,35,66,12,43,68,40,163,48,0,48,211
05/20/2016,FWA,IN,AGL,CE,Combined TRACON& Tower with Radar,8,48,22,5,83,0,10,35,34,79,8,58,57,39,162,52,18,70,232
05/21/2016,FWA,IN,AGL,CE,Combined TRACON& Tower with Radar,6,35,1,3,45,0,1,11,18,30,6,36,12,21,75,28,0,28,103
05/22/2016,FWA,IN,AGL,CE,Combined TRACON& Tower with Radar,4,41,17,0,62,0,0,16,0,16,4,41,33,0,78,4,0,4,82
05/23/2016,FWA,IN,AGL,CE,Combined TRACON& Tower with Radar,6,43,18,0,67,0,0,22,0,22,6,43,40,0,89,22,0,22,111
05/24/2016,FWA,IN,AGL,CE,Combined TRACON& Tower with Radar,8,49,50,1,108,0,0,14,7,21,8,49,64,8,129,25,14,39,168
05/25/2016,FWA,IN,AGL,CE,Combined TRACON& Tower with Radar,17,42,25,1,85,0,1,15,8,24,17,43,40,9,109,12,0,12,121
05/26/2016,FWA,IN,AGL,CE,Combined TRACON& Tower with Radar,14,48,32,2,96,0,0,14,8,22,14,48,46,10,118,11,8,19,137
05/27/2016,FWA,IN,AGL,CE,Combined TRACON& Tower with Radar,9,44,31,0,84,0,0,15,4,19,9,44,46,4,103,22,0,22,125
05/28/2016,FWA,IN,AGL,CE,Combined TRACON& Tower with Radar,6,38,5,0,49,0,0,4,0,4,6,38,9,0,53,14,0,14,67
05/29/2016,FWA,IN,AGL,CE,Combined TRACON& Tower with Radar,4,28,5,0,37,0,0,8,0,8,4,28,13,0,45,16,0,16,61
05/30/2016,FWA,IN,AGL,CE,Combined TRACON& Tower with Radar,2,41,9,0,52,0,1,27,0,28,2,42,36,0,80,12,0,12,92
05/31/2016,FWA,IN,AGL,CE,Combined TRACON& Tower with Radar,8,54,23,1,86,0,0,12,7,19,8,54,35,8,105,22,2,24,129
06/01/2016,FWA,IN,AGL,CE,Combined TRACON& Tower with Radar,16,46,17,2,81,0,0,13,10,23,16,46,30,12,104,15,3,18,122
06/02/2016,FWA,IN,AGL,CE,Combined TRACON& Tower with Radar,12,46,19,5,82,0,0,19,6,25,12,46,38,11,107,6,0,6,113
06/03/2016,FWA,IN,AGL,CE,Combined TRACON& Tower with Radar,10,43,14,2,69,0,0,24,7,31,10,43,38,9,100,4,0,4,104
06/04/2016,FWA,IN,AGL,CE,Combined TRACON& Tower with Radar,15,37,7,5,64,0,0,1,8,9,15,37,8,13,73,0,24,24,97
06/05/2016,FWA,IN,AGL,CE,Combined TRACON& Tower with Radar,4,43,19,11,77,0,1,1,10,12,4,44,20,21,89,0,4,4,93
06/06/2016,FWA,IN,AGL,CE,Combined TRACON& Tower with Radar,9,43,24,2,78,0,1,12,0,13,9,44,36,2,91,10,0,10,101
06/07/2016,FWA,IN,AGL,CE,Combined TRACON& Tower with Radar,7,41,42,6,96,0,0,14,5,19,7,41,56,11,115,0,0,0,115
06/08/2016,FWA,IN,AGL,CE,Combined TRACON& Tower with Radar,15,46,35,5,101,0,1,25,5,31,15,47,60,10,132,22,0,22,154
06/09/2016,FWA,IN,AGL,CE,Combined TRACON& Tower with Radar,11,53,21,14,99,0,0,9,8,17,11,53,30,22,116,10,0,10,126
06/10/2016,FWA,IN,AGL,CE,Combined TRACON& Tower with Radar,10,52,19,1,82,0,0,5,9,14,10,52,24,10,96,0,0,0,96
06/11/2016,FWA,IN,AGL,CE,Combined TRACON& Tower with Radar,8,34,11,3,56,0,0,4,0,4,8,34,15,3,60,8,0,8,68
06/12/2016,FWA,IN,AGL,CE,Combined TRACON& Tower with Radar,6,42,16,0,64,0,0,18,0,18,6,42,34,0,82,20,0,20,102
06/13/2016,FWA,IN,AGL,CE,Combined TRACON& Tower with Radar,10,50,17,0,77,0,0,12,0,12,10,50,29,0,89,10,0,10,99
06/14/2016,FWA,IN,AGL,CE,Combined TRACON& Tower with Radar,12,44,12,3,71,0,0,7,8,15,12,44,19,11,86,2,6,8,94
06/15/2016,FWA,IN,AGL,CE,Combined TRACON& Tower with Radar,16,43,31,0,90,0,1,10,4,15,16,44,41,4,105,12,0,12,117
06/16/2016,FWA,IN,AGL,CE,Combined TRACON& Tower with Radar,11,43,30,2,86,0,0,3,7,10,11,43,33,9,96,0,0,0,96
06/17/2016,FWA,IN,AGL,CE,Combined TRACON& Tower with Radar,10,46,31,2,89,0,1,16,6,23,10,47,47,8,112,10,0,10,122
06/18/2016,FWA,IN,AGL,CE,Combined TRACON& Tower with Radar,8,36,13,0,57,0,0,13,0,13,8,36,26,0,70,10,0,10,80
06/19/2016,FWA,IN,AGL,CE,Combined TRACON& Tower with Radar,4,42,17,0,63,0,0,15,0,15,4,42,32,0,78,0,0,0,78
06/20/2016,FWA,IN,AGL,CE,Combined TRACON& Tower with Radar,8,44,24,0,76,0,0,6,0,6,8,44,30,0,82,0,0,0,82
06/21/2016,FWA,IN,AGL,CE,Combined TRACON& Tower with Radar,15,46,22,0,83,0,4,17,8,29,15,50,39,8,112,0,0,0,112
06/22/2016,FWA,IN,AGL,CE,Combined TRACON& Tower with Radar,14,46,25,3,88,0,0,16,3,19,14,46,41,6,107,10,0,10,117
06/23/2016,FWA,IN,AGL,CE,Combined TRACON& Tower with Radar,17,44,27,7,95,0,0,11,3,14,17,44,38,10,109,10,0,10,119
06/24/2016,FWA,IN,AGL,CE,Combined TRACON& Tower with Radar,12,44,29,0,85,0,0,24,8,32,12,44,53,8,117,34,0,34,151
06/25/2016,FWA,IN,AGL,CE,Combined TRACON& Tower with Radar,8,40,6,0,54,0,0,20,1,21,8,40,26,1,75,16,0,16,91
06/26/2016,FWA,IN,AGL,CE,Combined TRACON& Tower with Radar,4,41,5,0,50,0,0,3,0,3,4,41,8,0,53,20,0,20,73
06/27/2016,FWA,IN,AGL,CE,Combined TRACON& Tower with Radar,10,44,35,0,89,0,0,25,0,25,10,44,60,0,114,0,0,0,114
06/28/2016,FWA,IN,AGL,CE,Combined TRACON& Tower with Radar,11,49,24,3,87,0,0,8,8,16,11,49,32,11,103,0,0,0,103
06/29/2016,FWA,IN,AGL,CE,Combined TRACON& Tower with Radar,11,46,27,1,85,0,0,20,5,25,11,46,47,6,110,8,0,8,118
06/30/2016,FWA,IN,AGL,CE,Combined TRACON& Tower with Radar,12,46,21,0,79,0,0,16,0,16,12,46,37,0,95,14,0,14,109
07/01/2016,FWA,IN,AGL,CE,Combined TRACON& Tower with Radar,8,46,25,0,79,0,0,16,0,16,8,46,41,0,95,14,0,14,109
07/02/2016,FWA,IN,AGL,CE,Combined TRACON& Tower with Radar,8,34,13,0,55,0,0,13,0,13,8,34,26,0,68,6,0,6,74
07/03/2016,FWA,IN,AGL,CE,Combined TRACON& Tower with Radar,4,33,13,0,50,0,0,2,0,2,4,33,15,0,52,4,0,4,56
07/04/2016,FWA,IN,AGL,CE,Combined TRACON& Tower with Radar,4,37,11,0,52,0,0,1,0,1,4,37,12,0,53,0,0,0,53
07/05/2016,FWA,IN,AGL,CE,Combined TRACON& Tower with Radar,10,44,25,1,80,0,0,11,0,11,10,44,36,1,91,28,0,28,119
07/06/2016,FWA,IN,AGL,CE,Combined TRACON& Tower with Radar,16,46,27,6,95,0,0,9,0,9,16,46,36,6,104,0,0,0,104
07/07/2016,FWA,IN,AGL,CE,Combined TRACON& Tower with Radar,16,44,25,0,85,0,0,1,0,1,16,44,26,0,86,0,0,0,86
07/08/2016,FWA,IN,AGL,CE,Combined TRACON& Tower with Radar,10,47,19,2,78,0,0,4,0,4,10,47,23,2,82,0,0,0,82
07/09/2016,FWA,IN,AGL,CE,Combined TRACON& Tower with Radar,8,38,10,0,56,0,0,12,1,13,8,38,22,1,69,2,0,2,71
07/10/2016,FWA,IN,AGL,CE,Combined TRACON& Tower with Radar,4,39,18,0,61,0,2,19,0,21,4,41,37,0,82,6,0,6,88
07/11/2016,FWA,IN,AGL,CE,Combined TRACON& Tower with Radar,8,44,21,0,73,0,0,14,0,14,8,44,35,0,87,10,0,10,97
07/12/2016,FWA,IN,AGL,CE,Combined TRACON& Tower with Radar,10,47,27,1,85,0,0,15,3,18,10,47,42,4,103,18,0,18,121
07/13/2016,FWA,IN,AGL,CE,Combined TRACON& Tower with Radar,12,45,12,0,69,0,0,4,1,5,12,45,16,1,74,0,0,0,74
07/14/2016,FWA,IN,AGL,CE,Combined TRACON& Tower with Radar,12,46,27,0,85,0,0,6,0,6,12,46,33,0,91,0,0,0,91
07/15/2016,FWA,IN,AGL,CE,Combined TRACON& Tower with Radar,10,46,29,0,85,0,0,11,1,12,10,46,40,1,97,18,0,18,115
07/16/2016,FWA,IN,AGL,CE,Combined TRACON& Tower with Radar,8,33,18,0,59,0,0,22,1,23,8,33,40,1,82,16,0,16,98
07/17/2016,FWA,IN,AGL,CE,Combined TRACON& Tower with Radar,6,46,21,0,73,0,0,8,0,8,6,46,29,0,81,0,0,0,81
07/18/2016,FWA,IN,AGL,CE,Combined TRACON& Tower with Radar,8,46,12,2,68,0,0,8,0,8,8,46,20,2,76,4,0,4,80
07/19/2016,FWA,IN,AGL,CE,Combined TRACON& Tower with Radar,8,52,23,0,83,0,0,28,0,28,8,52,51,0,111,48,0,48,159
07/20/2016,FWA,IN,AGL,CE,Combined TRACON& Tower with Radar,12,52,26,3,93,0,2,33,3,38,12,54,59,6,131,12,0,12,143
07/21/2016,FWA,IN,AGL,CE,Combined TRACON& Tower with Radar,22,56,28,0,106,0,0,22,0,22,22,56,50,0,128,0,0,0,128
07/22/2016,FWA,IN,AGL,CE,Combined TRACON& Tower with Radar,12,47,31,0,90,0,0,20,0,20,12,47,51,0,110,12,0,12,122
07/23/2016,FWA,IN,AGL,CE,Combined TRACON& Tower with Radar,9,37,15,0,61,0,0,19,0,19,9,37,34,0,80,2,0,2,82
07/24/2016,FWA,IN,AGL,CE,Combined TRACON& Tower with Radar,5,42,16,0,63,0,1,12,1,14,5,43,28,1,77,0,0,0,77
07/25/2016,FWA,IN,AGL,CE,Combined TRACON& Tower with Radar,8,49,11,0,68,0,0,17,0,17,8,49,28,0,85,0,0,0,85
07/26/2016,FWA,IN,AGL,CE,Combined TRACON& Tower with Radar,10,46,19,0,75,0,2,19,1,22,10,48,38,1,97,4,0,4,101
07/27/2016,FWA,IN,AGL,CE,Combined TRACON& Tower with Radar,12,48,27,2,89,0,0,26,2,28,12,48,53,4,117,42,0,42,159
07/28/2016,FWA,IN,AGL,CE,Combined TRACON& Tower with Radar,11,40,31,1,83,0,0,11,0,11,11,40,42,1,94,0,0,0,94
07/29/2016,FWA,IN,AGL,CE,Combined TRACON& Tower with Radar,11,43,19,0,73,0,1,15,3,19,11,44,34,3,92,2,0,2,94
07/30/2016,FWA,IN,AGL,CE,Combined TRACON& Tower with Radar,8,42,14,0,64,0,0,7,0,7,8,42,21,0,71,0,0,0,71
07/31/2016,FWA,IN,AGL,CE,Combined TRACON& Tower with Radar,6,46,15,0,67,0,0,8,0,8,6,46,23,0,75,6,0,6,81
08/01/2016,FWA,IN,AGL,CE,Combined TRACON& Tower with Radar,8,44,26,0,78,0,0,26,0,26,8,44,52,0,104,4,0,4,108
08/02/2016,FWA,IN,AGL,CE,Combined TRACON& Tower with Radar,10,48,24,0,82,0,0,17,8,25,10,48,41,8,107,4,0,4,111
08/03/2016,FWA,IN,AGL,CE,Combined TRACON& Tower with Radar,11,44,27,2,84,0,0,15,0,15,11,44,42,2,99,0,0,0,99
08/04/2016,FWA,IN,AGL,CE,Combined TRACON& Tower with Radar,12,44,34,3,93,0,0,21,0,21,12,44,55,3,114,14,0,14,128
08/05/2016,FWA,IN,AGL,CE,Combined TRACON& Tower with Radar,12,51,23,0,86,0,0,15,0,15,12,51,38,0,101,14,0,14,115
08/06/2016,FWA,IN,AGL,CE,Combined TRACON& Tower with Radar,8,35,9,0,52,0,4,22,10,36,8,39,31,10,88,50,22,72,160
08/07/2016,FWA,IN,AGL,CE,Combined TRACON& Tower with Radar,4,44,9,2,59,0,0,5,4,9,4,44,14,6,68,0,12,12,80
08/08/2016,FWA,IN,AGL,CE,Combined TRACON& Tower with Radar,8,47,9,0,64,0,0,20,0,20,8,47,29,0,84,12,0,12,96
08/09/2016,FWA,IN,AGL,CE,Combined TRACON& Tower with Radar,10,49,18,1,78,0,0,14,5,19,10,49,32,6,97,8,0,8,105
08/10/2016,FWA,IN,AGL,CE,Combined TRACON& Tower with Radar,14,56,24,2,96,0,0,23,5,28,14,56,47,7,124,12,0,12,136
08/11/2016,FWA,IN,AGL,CE,Combined TRACON& Tower with Radar,12,46,32,2,92,0,0,8,9,17,12,46,40,11,109,10,12,22,131
08/12/2016,FWA,IN,AGL,CE,Combined TRACON& Tower with Radar,10,46,40,2,98,0,0,3,5,8,10,46,43,7,106,0,0,0,106
08/13/2016,FWA,IN,AGL,CE,Combined TRACON& Tower with Radar,4,38,23,0,65,0,0,2,0,2,4,38,25,0,67,0,0,0,67
08/14/2016,FWA,IN,AGL,CE,Combined TRACON& Tower with Radar,6,46,11,0,63,0,0,6,0,6,6,46,17,0,69,9,0,9,78
08/15/2016,FWA,IN,AGL,CE,Combined TRACON& Tower with Radar,8,50,14,0,72,0,0,0,0,0,8,50,14,0,72,0,0,0,72
08/16/2016,FWA,IN,AGL,CE,Combined TRACON& Tower with Radar,10,48,27,4,89,0,0,8,9,17,10,48,35,13,106,4,0,4,110
08/17/2016,FWA,IN,AGL,CE,Combined TRACON& Tower with Radar,10,50,33,5,98,0,0,2,8,10,10,50,35,13,108,10,0,10,118
08/18/2016,FWA,IN,AGL,CE,Combined TRACON& Tower with Radar,16,41,37,2,96,0,0,2,5,7,16,41,39,7,103,0,2,2,105
08/19/2016,FWA,IN,AGL,CE,Combined TRACON& Tower with Radar,10,47,29,4,90,0,0,6,3,9,10,47,35,7,99,14,4,18,117
08/20/2016,FWA,IN,AGL,CE,Combined TRACON& Tower with Radar,2,30,8,0,40,0,0,5,0,5,2,30,13,0,45,0,0,0,45
08/21/2016,FWA,IN,AGL,CE,Combined TRACON& Tower with Radar,5,40,26,7,78,0,1,12,0,13,5,41,38,7,91,26,0,26,117
08/22/2016,FWA,IN,AGL,CE,Combined TRACON& Tower with Radar,6,45,21,0,72,0,0,21,0,21,6,45,42,0,93,18,0,18,111
08/23/2016,FWA,IN,AGL,CE,Combined TRACON& Tower with Radar,8,41,23,0,72,0,1,20,7,28,8,42,43,7,100,18,0,18,118
08/24/2016,FWA,IN,AGL,CE,Combined TRACON& Tower with Radar,12,45,20,4,81,0,0,11,6,17,12,45,31,10,98,0,0,0,98
08/25/2016,FWA,IN,AGL,CE,Combined TRACON& Tower with Radar,15,44,21,0,80,0,0,9,7,16,15,44,30,7,96,0,0,0,96
08/26/2016,FWA,IN,AGL,CE,Combined TRACON& Tower with Radar,9,52,16,3,80,0,0,10,9,19,9,52,26,12,99,0,10,10,109
08/27/2016,FWA,IN,AGL,CE,Combined TRACON& Tower with Radar,5,29,14,1,49,0,0,5,2,7,5,29,19,3,56,4,0,4,60
08/28/2016,FWA,IN,AGL,CE,Combined TRACON& Tower with Radar,4,37,12,0,53,0,0,0,0,0,4,37,12,0,53,0,0,0,53
08/29/2016,FWA,IN,AGL,CE,Combined TRACON& Tower with Radar,8,44,21,0,73,0,1,11,0,12,8,45,32,0,85,0,0,0,85
08/30/2016,FWA,IN,AGL,CE,Combined TRACON& Tower with Radar,10,42,17,2,71,0,0,1,8,9,10,42,18,10,80,1,2,3,83
08/31/2016,FWA,IN,AGL,CE,Combined TRACON& Tower with Radar,10,45,14,0,69,0,0,4,4,8,10,45,18,4,77,6,8,14,91
09/01/2016,FWA,IN,AGL,CE,Combined TRACON& Tower with Radar,13,46,34,1,94,0,0,20,9,29,13,46,54,10,123,0,0,0,123
09/02/2016,FWA,IN,AGL,CE,Combined TRACON& Tower with Radar,10,40,20,0,70,0,0,20,0,20,10,40,40,0,90,6,0,6,96
09/03/2016,FWA,IN,AGL,CE,Combined TRACON& Tower with Radar,4,33,7,0,44,0,0,23,2,25,4,33,30,2,69,38,0,38,107
09/04/2016,FWA,IN,AGL,CE,Combined TRACON& Tower with Radar,4,25,6,0,35,0,0,8,0,8,4,25,14,0,43,0,0,0,43
09/05/2016,FWA,IN,AGL,CE,Combined TRACON& Tower with Radar,2,40,10,0,52,0,0,10,1,11,2,40,20,1,63,0,0,0,63
09/06/2016,FWA,IN,AGL,CE,Combined TRACON& Tower with Radar,5,43,11,0,59,0,0,14,0,14,5,43,25,0,73,26,0,26,99
09/07/2016,FWA,IN,AGL,CE,Combined TRACON& Tower with Radar,14,48,28,1,91,0,0,15,0,15,14,48,43,1,106,0,0,0,106
09/08/2016,FWA,IN,AGL,CE,Combined TRACON& Tower with Radar,12,46,16,7,81,0,0,11,5,16,12,46,27,12,97,2,2,4,101
09/09/2016,FWA,IN,AGL,CE,Combined TRACON& Tower with Radar,6,42,15,6,69,0,0,7,6,13,6,42,22,12,82,0,0,0,82
09/10/2016,FWA,IN,AGL,CE,Combined TRACON& Tower with Radar,2,33,3,0,38,0,0,3,0,3,2,33,6,0,41,0,0,0,41
09/11/2016,FWA,IN,AGL,CE,Combined TRACON& Tower with Radar,4,39,12,1,56,0,0,33,6,39,4,39,45,7,95,8,0,8,103
09/12/2016,FWA,IN,AGL,CE,Combined TRACON& Tower with Radar,6,48,22,9,85,0,0,33,1,34,6,48,55,10,119,16,0,16,135
09/13/2016,FWA,IN,AGL,CE,Combined TRACON& Tower with Radar,12,51,37,1,101,0,2,22,3,27,12,53,59,4,128,16,0,16,144
09/14/2016,FWA,IN,AGL,CE,Combined TRACON& Tower with Radar,8,45,31,11,95,0,0,6,4,10,8,45,37,15,105,7,0,7,112
09/15/2016,FWA,IN,AGL,CE,Combined TRACON& Tower with Radar,16,45,39,2,102,0,0,14,8,22,16,45,53,10,124,6,24,30,154
09/16/2016,FWA,IN,AGL,CE,Combined TRACON& Tower with Radar,12,43,18,2,75,0,0,10,9,19,12,43,28,11,94,8,0,8,102
09/17/2016,FWA,IN,AGL,CE,Combined TRACON& Tower with Radar,2,34,6,2,44,0,0,2,2,4,2,34,8,4,48,0,0,0,48
09/18/2016,FWA,IN,AGL,CE,Combined TRACON& Tower with Radar,4,43,12,3,62,0,0,18,13,31,4,43,30,16,93,0,2,2,95
09/19/2016,FWA,IN,AGL,CE,Combined TRACON& Tower with Radar,6,42,14,0,62,0,2,12,0,14,6,44,26,0,76,14,0,14,90
09/20/2016,FWA,IN,AGL,CE,Combined TRACON& Tower with Radar,14,48,18,1,81,0,0,28,11,39,14,48,46,12,120,20,0,20,140
09/21/2016,FWA,IN,AGL,CE,Combined TRACON& Tower with Radar,10,38,24,2,74,0,2,18,13,33,10,40,42,15,107,22,10,32,139
09/22/2016,FWA,IN,AGL,CE,Combined TRACON& Tower with Radar,24,49,24,6,103,0,0,8,10,18,24,49,32,16,121,0,0,0,121
09/23/2016,FWA,IN,AGL,CE,Combined TRACON& Tower with Radar,14,51,15,0,80,0,0,19,11,30,14,51,34,11,110,20,0,20,130
09/24/2016,FWA,IN,AGL,CE,Combined TRACON& Tower with Radar,4,35,7,0,46,0,0,5,0,5,4,35,12,0,51,16,0,16,67
09/25/2016,FWA,IN,AGL,CE,Combined TRACON& Tower with Radar,8,45,17,0,70,0,0,9,0,9,8,45,26,0,79,30,0,30,109
09/26/2016,FWA,IN,AGL,CE,Combined TRACON& Tower with Radar,7,51,13,0,71,0,0,5,0,5,7,51,18,0,76,0,0,0,76
09/27/2016,FWA,IN,AGL,CE,Combined TRACON& Tower with Radar,17,47,23,2,89,0,0,18,11,29,17,47,41,13,118,18,0,18,136
09/28/2016,FWA,IN,AGL,CE,Combined TRACON& Tower with Radar,17,45,24,5,91,0,0,3,9,12,17,45,27,14,103,0,0,0,103
09/29/2016,FWA,IN,AGL,CE,Combined TRACON& Tower with Radar,25,50,27,7,109,0,0,3,5,8,25,50,30,12,117,0,0,0,117
09/30/2016,FWA,IN,AGL,CE,Combined TRACON& Tower with Radar,12,48,25,8,93,0,0,0,0,0,12,48,25,8,93,0,0,0,93
10/01/2016,FWA,IN,AGL,CE,Combined TRACON& Tower with Radar,2,32,18,12,64,0,0,0,5,5,2,32,18,17,69,0,0,0,69
10/02/2016,FWA,IN,AGL,CE,Combined TRACON& Tower with Radar,4,40,22,8,74,0,0,2,0,2,4,40,24,8,76,0,0,0,76
10/03/2016,FWA,IN,AGL,CE,Combined TRACON& Tower with Radar,6,43,14,11,74,0,0,3,4,7,6,43,17,15,81,0,0,0,81
10/04/2016,FWA,IN,AGL,CE,Combined TRACON& Tower with Radar,8,45,17,7,77,0,2,29,7,38,8,47,46,14,115,52,0,52,167
10/05/2016,FWA,IN,AGL,CE,Combined TRACON& Tower with Radar,10,43,26,3,82,0,0,9,9,18,10,43,35,12,100,0,14,14,114
10/06/2016,FWA,IN,AGL,CE,Combined TRACON& Tower with Radar,12,50,30,0,92,0,0,20,0,20,12,50,50,0,112,16,0,16,128
10/07/2016,FWA,IN,AGL,CE,Combined TRACON& Tower with Radar,10,43,11,0,64,0,0,17,1,18,10,43,28,1,82,12,0,12,94
10/08/2016,FWA,IN,AGL,CE,Combined TRACON& Tower with Radar,4,37,8,0,49,0,0,9,0,9,4,37,17,0,58,14,0,14,72
10/09/2016,FWA,IN,AGL,CE,Combined TRACON& Tower with Radar,4,38,20,0,62,0,0,14,0,14,4,38,34,0,76,3,0,3,79
10/10/2016,FWA,IN,AGL,CE,Combined TRACON& Tower with Radar,8,43,8,1,60,0,4,11,2,17,8,47,19,3,77,6,0,6,83
10/11/2016,FWA,IN,AGL,CE,Combined TRACON& Tower with Radar,14,49,24,2,89,0,0,13,11,24,14,49,37,13,113,8,18,26,139
10/12/2016,FWA,IN,AGL,CE,Combined TRACON& Tower with Radar,18,45,24,1,88,0,0,9,9,18,18,45,33,10,106,0,0,0,106
10/13/2016,FWA,IN,AGL,CE,Combined TRACON& Tower with Radar,23,49,29,0,101,0,2,10,11,23,23,51,39,11,124,14,0,14,138
10/14/2016,FWA,IN,AGL,CE,Combined TRACON& Tower with Radar,16,45,17,0,78,0,0,14,12,26,16,45,31,12,104,2,0,2,106
10/15/2016,FWA,IN,AGL,CE,Combined TRACON& Tower with Radar,5,36,10,0,51,0,0,5,0,5,5,36,15,0,56,0,0,0,56
10/16/2016,FWA,IN,AGL,CE,Combined TRACON& Tower with Radar,7,46,18,0,71,0,0,0,0,0,7,46,18,0,71,0,0,0,71
10/17/2016,FWA,IN,AGL,CE,Combined TRACON& Tower with Radar,11,54,18,0,83,0,0,6,0,6,11,54,24,0,89,8,0,8,97
10/18/2016,FWA,IN,AGL,CE,Combined TRACON& Tower with Radar,14,47,20,2,83,0,0,1,8,9,14,47,21,10,92,6,4,10,102
10/19/2016,FWA,IN,AGL,CE,Combined TRACON& Tower with Radar,19,47,28,0,94,0,0,7,10,17,19,47,35,10,111,0,0,0,111
10/20/2016,FWA,IN,AGL,CE,Combined TRACON& Tower with Radar,15,50,30,0,95,0,1,1,0,2,15,51,31,0,97,8,0,8,105
10/21/2016,FWA,IN,AGL,CE,Combined TRACON& Tower with Radar,12,44,23,7,86,0,0,15,9,24,12,44,38,16,110,8,4,12,122
10/22/2016,FWA,IN,AGL,CE,Combined TRACON& Tower with Radar,4,35,8,1,48,0,0,21,3,24,4,35,29,4,72,12,0,12,84
10/23/2016,FWA,IN,AGL,CE,Combined TRACON& Tower with Radar,4,41,22,0,67,0,0,17,0,17,4,41,39,0,84,20,0,20,104
10/24/2016,FWA,IN,AGL,CE,Combined TRACON& Tower with Radar,8,44,20,3,75,0,2,26,0,28,8,46,46,3,103,46,0,46,149
10/25/2016,FWA,IN,AGL,CE,Combined TRACON& Tower with Radar,14,44,16,1,75,0,0,21,9,30,14,44,37,10,105,20,0,20,125
10/26/2016,FWA,IN,AGL,CE,Combined TRACON& Tower with Radar,12,38,25,2,77,0,0,6,8,14,12,38,31,10,91,20,0,20,111
10/27/2016,FWA,IN,AGL,CE,Combined TRACON& Tower with Radar,16,44,33,5,98,0,0,0,4,4,16,44,33,9,102,0,2,2,104
10/28/2016,FWA,IN,AGL,CE,Combined TRACON& Tower with Radar,10,44,19,5,78,0,2,12,8,22,10,46,31,13,100,26,0,26,126
10/29/2016,FWA,IN,AGL,CE,Combined TRACON& Tower with Radar,4,32,3,0,39,0,0,11,0,11,4,32,14,0,50,12,0,12,62
10/30/2016,FWA,IN,AGL,CE,Combined TRACON& Tower with Radar,4,44,12,0,60,0,0,0,0,0,4,44,12,0,60,0,0,0,60
10/31/2016,FWA,IN,AGL,CE,Combined TRACON& Tower with Radar,8,41,6,0,55,0,0,11,0,11,8,41,17,0,66,2,0,2,68
11/01/2016,FWA,IN,AGL,CE,Combined TRACON& Tower with Radar,12,46,14,0,72,0,0,17,12,29,12,46,31,12,101,40,2,42,143
11/02/2016,FWA,IN,AGL,CE,Combined TRACON& Tower with Radar,18,39,16,4,77,0,2,6,12,20,18,41,22,16,97,8,0,8,105
11/03/2016,FWA,IN,AGL,CE,Combined TRACON& Tower with Radar,18,40,30,9,97,0,0,4,3,7,18,40,34,12,104,18,4,22,126
11/04/2016,FWA,IN,AGL,CE,Combined TRACON& Tower with Radar,14,41,14,0,69,0,0,25,12,37,14,41,39,12,106,8,0,8,114
11/05/2016,FWA,IN,AGL,CE,Combined TRACON& Tower with Radar,9,27,8,2,46,0,0,23,13,36,9,27,31,15,82,26,0,26,108
11/06/2016,FWA,IN,AGL,CE,Combined TRACON& Tower with Radar,10,35,22,1,68,0,0,12,12,24,10,35,34,13,92,32,0,32,124
11/07/2016,FWA,IN,AGL,CE,Combined TRACON& Tower with Radar,12,42,15,0,69,0,4,25,7,36,12,46,40,7,105,23,0,23,128
11/08/2016,FWA,IN,AGL,CE,Combined TRACON& Tower with Radar,14,38,20,1,73,0,0,6,2,8,14,38,26,3,81,0,0,0,81
11/09/2016,FWA,IN,AGL,CE,Combined TRACON& Tower with Radar,15,38,18,4,75,0,0,15,5,20,15,38,33,9,95,34,0,34,129
11/10/2016,FWA,IN,AGL,CE,Combined TRACON& Tower with Radar,16,42,29,0,87,0,2,14,3,19,16,44,43,3,106,18,0,18,124
11/11/2016,FWA,IN,AGL,CE,Combined TRACON& Tower with Radar,12,40,23,1,76,0,0,10,4,14,12,40,33,5,90,10,0,10,100
11/12/2016,FWA,IN,AGL,CE,Combined TRACON& Tower with Radar,8,28,5,0,41,0,0,17,0,17,8,28,22,0,58,22,0,22,80
11/13/2016,FWA,IN,AGL,CE,Combined TRACON& Tower with Radar,8,37,20,0,65,0,0,10,0,10,8,37,30,0,75,10,0,10,85
11/14/2016,FWA,IN,AGL,CE,Combined TRACON& Tower with Radar,10,41,10,0,61,0,0,12,0,12,10,41,22,0,73,16,0,16,89
11/15/2016,FWA,IN,AGL,CE,Combined TRACON& Tower with Radar,14,43,11,0,68,0,0,14,0,14,14,43,25,0,82,16,0,16,98
11/16/2016,FWA,IN,AGL,CE,Combined TRACON& Tower with Radar,20,44,26,5,95,0,0,10,3,13,20,44,36,8,108,10,0,10,118
11/17/2016,FWA,IN,AGL,CE,Combined TRACON& Tower with Radar,17,41,23,3,84,0,0,11,3,14,17,41,34,6,98,18,0,18,116
11/18/2016,FWA,IN,AGL,CE,Combined TRACON& Tower with Radar,12,40,26,2,80,0,2,12,7,21,12,42,38,9,101,4,0,4,105
11/19/2016,FWA,IN,AGL,CE,Combined TRACON& Tower with Radar,10,31,6,0,47,0,0,1,0,1,10,31,7,0,48,0,0,0,48
11/20/2016,FWA,IN,AGL,CE,Combined TRACON& Tower with Radar,8,36,5,0,49,0,0,4,0,4,8,36,9,0,53,0,0,0,53
11/21/2016,FWA,IN,AGL,CE,Combined TRACON& Tower with Radar,10,37,20,4,71,0,2,21,12,35,10,39,41,16,106,16,0,16,122
11/22/2016,FWA,IN,AGL,CE,Combined TRACON& Tower with Radar,18,39,26,4,87,0,0,28,8,36,18,39,54,12,123,24,2,26,149
11/23/2016,FWA,IN,AGL,CE,Combined TRACON& Tower with Radar,16,41,17,0,74,0,0,1,0,1,16,41,18,0,75,0,0,0,75
11/24/2016,FWA,IN,AGL,CE,Combined TRACON& Tower with Radar,4,25,4,0,33,0,0,0,0,0,4,25,4,0,33,0,0,0,33
11/25/2016,FWA,IN,AGL,CE,Combined TRACON& Tower with Radar,12,26,3,0,41,0,0,0,0,0,12,26,3,0,41,0,0,0,41
11/26/2016,FWA,IN,AGL,CE,Combined TRACON& Tower with Radar,9,41,5,0,55,0,0,3,0,3,9,41,8,0,58,0,0,0,58
11/27/2016,FWA,IN,AGL,CE,Combined TRACON& Tower with Radar,8,36,21,0,65,0,0,5,0,5,8,36,26,0,70,22,0,22,92
11/28/2016,FWA,IN,AGL,CE,Combined TRACON& Tower with Radar,10,44,13,0,67,0,0,0,0,0,10,44,13,0,67,0,0,0,67
11/29/2016,FWA,IN,AGL,CE,Combined TRACON& Tower with Radar,12,36,21,1,70,0,0,10,11,21,12,36,31,12,91,22,0,22,113
11/30/2016,FWA,IN,AGL,CE,Combined TRACON& Tower with Radar,10,36,13,6,65,0,0,3,5,8,10,36,16,11,73,4,0,4,77
12/01/2016,FWA,IN,AGL,CE,Combined TRACON& Tower with Radar,16,41,25,1,83,0,0,2,5,7,16,41,27,6,90,0,0,0,90
12/02/2016,FWA,IN,AGL,CE,Combined TRACON& Tower with Radar,12,38,20,10,80,0,0,6,6,12,12,38,26,16,92,0,0,0,92
12/03/2016,FWA,IN,AGL,CE,Combined TRACON& Tower with Radar,8,28,12,5,53,0,0,6,14,20,8,28,18,19,73,8,0,8,81
12/04/2016,FWA,IN,AGL,CE,Combined TRACON& Tower with Radar,8,28,9,1,46,0,0,2,14,16,8,28,11,15,62,0,0,0,62
12/05/2016,FWA,IN,AGL,CE,Combined TRACON& Tower with Radar,10,41,27,13,91,0,0,0,2,2,10,41,27,15,93,0,0,0,93
12/06/2016,FWA,IN,AGL,CE,Combined TRACON& Tower with Radar,12,36,20,13,81,0,0,0,2,2,12,36,20,15,83,6,0,6,89
12/07/2016,FWA,IN,AGL,CE,Combined TRACON& Tower with Radar,12,37,27,5,81,0,0,18,7,25,12,37,45,12,106,6,0,6,112
12/08/2016,FWA,IN,AGL,CE,Combined TRACON& Tower with Radar,18,40,21,10,89,0,0,4,3,7,18,40,25,13,96,4,0,4,100
12/09/2016,FWA,IN,AGL,CE,Combined TRACON& Tower with Radar,14,41,18,0,73,0,0,13,0,13,14,41,31,0,86,14,0,14,100
12/10/2016,FWA,IN,AGL,CE,Combined TRACON& Tower with Radar,8,27,19,0,54,0,0,8,0,8,8,27,27,0,62,20,0,20,82
12/11/2016,FWA,IN,AGL,CE,Combined TRACON& Tower with Radar,8,14,8,0,30,0,0,0,0,0,8,14,8,0,30,0,0,0,30
12/12/2016,FWA,IN,AGL,CE,Combined TRACON& Tower with Radar,9,36,18,0,63,0,0,2,0,2,9,36,20,0,65,0,0,0,65
12/13/2016,FWA,IN,AGL,CE,Combined TRACON& Tower with Radar,14,51,36,7,108,0,0,2,1,3,14,51,38,8,111,0,0,0,111
12/14/2016,FWA,IN,AGL,CE,Combined TRACON& Tower with Radar,15,40,45,2,102,0,0,19,11,30,15,40,64,13,132,16,0,16,148
12/15/2016,FWA,IN,AGL,CE,Combined TRACON& Tower with Radar,19,34,39,2,94,0,0,19,6,25,19,34,58,8,119,12,0,12,131
12/16/2016,FWA,IN,AGL,CE,Combined TRACON& Tower with Radar,15,40,20,2,77,0,0,4,5,9,15,40,24,7,86,0,0,0,86
12/17/2016,FWA,IN,AGL,CE,Combined TRACON& Tower with Radar,13,24,2,0,39,0,0,0,0,0,13,24,2,0,39,0,0,0,39
12/18/2016,FWA,IN,AGL,CE,Combined TRACON& Tower with Radar,12,31,14,0,57,0,0,3,0,3,12,31,17,0,60,0,0,0,60
12/19/2016,FWA,IN,AGL,CE,Combined TRACON& Tower with Radar,12,36,35,0,83,0,0,6,0,6,12,36,41,0,89,0,0,0,89
12/20/2016,FWA,IN,AGL,CE,Combined TRACON& Tower with Radar,19,41,11,0,71,0,0,16,0,16,19,41,27,0,87,0,0,0,87
12/21/2016,FWA,IN,AGL,CE,Combined TRACON& Tower with Radar,23,36,24,0,83,0,0,15,4,19,23,36,39,4,102,8,0,8,110
12/22/2016,FWA,IN,AGL,CE,Combined TRACON& Tower with Radar,23,38,13,0,74,0,0,15,2,17,23,38,28,2,91,17,0,17,108
12/23/2016,FWA,IN,AGL,CE,Combined TRACON& Tower with Radar,15,36,7,0,58,0,0,8,0,8,15,36,15,0,66,10,0,10,76
12/24/2016,FWA,IN,AGL,CE,Combined TRACON& Tower with Radar,16,25,7,0,48,0,0,0,0,0,16,25,7,0,48,12,0,12,60
12/25/2016,FWA,IN,AGL,CE,Combined TRACON& Tower with Radar,10,20,2,0,32,0,0,0,0,0,10,20,2,0,32,0,0,0,32
12/26/2016,FWA,IN,AGL,CE,Combined TRACON& Tower with Radar,9,33,10,0,52,0,0,0,0,0,9,33,10,0,52,0,0,0,52
12/27/2016,FWA,IN,AGL,CE,Combined TRACON& Tower with Radar,12,38,10,0,60,0,0,12,6,18,12,38,22,6,78,0,0,0,78
12/28/2016,FWA,IN,AGL,CE,Combined TRACON& Tower with Radar,17,33,6,0,56,0,0,15,10,25,17,33,21,10,81,28,0,28,109
12/29/2016,FWA,IN,AGL,CE,Combined TRACON& Tower with Radar,17,36,7,1,61,0,0,4,3,7,17,36,11,4,68,0,0,0,68
12/30/2016,FWA,IN,AGL,CE,Combined TRACON& Tower with Radar,12,38,10,0,60,0,0,9,0,9,12,38,19,0,69,0,0,0,69
12/31/2016,FWA,IN,AGL,CE,Combined TRACON& Tower with Radar,14,29,3,0,46,0,1,0,0,1,14,30,3,0,47,0,0,0,47
01/01/2017,FWA,IN,AGL,CE,Combined TRACON& Tower with Radar,8,25,17,0,50,0,0,8,1,9,8,25,25,1,59,4,0,4,63
01/02/2017,FWA,IN,AGL,CE,Combined TRACON& Tower with Radar,6,36,11,0,53,0,0,0,0,0,6,36,11,0,53,0,0,0,53
01/03/2017,FWA,IN,AGL,CE,Combined TRACON& Tower with Radar,12,33,23,0,68,0,0,0,0,0,12,33,23,0,68,0,0,0,68
01/04/2017,FWA,IN,AGL,CE,Combined TRACON& Tower with Radar,16,38,14,7,75,0,0,2,6,8,16,38,16,13,83,0,0,0,83
01/05/2017,FWA,IN,AGL,CE,Combined TRACON& Tower with Radar,15,34,24,2,75,0,0,0,0,0,15,34,24,2,75,0,0,0,75
01/06/2017,FWA,IN,AGL,CE,Combined TRACON& Tower with Radar,11,42,18,1,72,0,0,14,11,25,11,42,32,12,97,8,4,12,109
01/07/2017,FWA,IN,AGL,CE,Combined TRACON& Tower with Radar,9,21,13,2,45,0,0,3,16,19,9,21,16,18,64,0,0,0,64
01/08/2017,FWA,IN,AGL,CE,Combined TRACON& Tower with Radar,8,32,11,2,53,0,0,8,16,24,8,32,19,18,77,20,4,24,101
01/09/2017,FWA,IN,AGL,CE,Combined TRACON& Tower with Radar,9,38,17,2,66,0,0,19,11,30,9,38,36,13,96,18,0,18,114
01/10/2017,FWA,IN,AGL,CE,Combined TRACON& Tower with Radar,13,35,15,0,63,0,0,0,0,0,13,35,15,0,63,0,0,0,63
01/11/2017,FWA,IN,AGL,CE,Combined TRACON& Tower with Radar,13,40,19,0,72,0,0,2,0,2,13,40,21,0,74,0,0,0,74
01/12/2017,FWA,IN,AGL,CE,Combined TRACON& Tower with Radar,18,37,17,9,81,0,0,0,0,0,18,37,17,9,81,0,0,0,81
01/13/2017,FWA,IN,AGL,CE,Combined TRACON& Tower with Radar,13,40,11,2,66,0,0,28,2,30,13,40,39,4,96,19,0,19,115
01/14/2017,FWA,IN,AGL,CE,Combined TRACON& Tower with Radar,8,23,6,0,37,0,0,1,0,1,8,23,7,0,38,0,0,0,38
01/15/2017,FWA,IN,AGL,CE,Combined TRACON& Tower with Radar,8,31,10,0,49,0,0,12,0,12,8,31,22,0,61,18,0,18,79
01/16/2017,FWA,IN,AGL,CE,Combined TRACON& Tower with Radar,8,38,8,0,54,0,0,0,0,0,8,38,8,0,54,0,0,0,54
01/17/2017,FWA,IN,AGL,CE,Combined TRACON& Tower with Radar,11,38,18,0,67,0,0,0,0,0,11,38,18,0,67,0,0,0,67
01/18/2017,FWA,IN,AGL,CE,Combined TRACON& Tower with Radar,16,40,32,5,93,0,0,0,0,0,16,40,32,5,93,0,0,0,93
01/19/2017,FWA,IN,AGL,CE,Combined TRACON& Tower with Radar,17,39,20,4,80,0,0,1,0,1,17,39,21,4,81,0,0,0,81
01/20/2017,FWA,IN,AGL,CE,Combined TRACON& Tower with Radar,12,43,16,0,71,0,0,0,0,0,12,43,16,0,71,0,0,0,71
01/21/2017,FWA,IN,AGL,CE,Combined TRACON& Tower with Radar,6,24,9,0,39,0,0,9,0,9,6,24,18,0,48,26,0,26,74
01/22/2017,FWA,IN,AGL,CE,Combined TRACON& Tower with Radar,12,42,11,0,65,0,0,8,0,8,12,42,19,0,73,0,0,0,73
01/23/2017,FWA,IN,AGL,CE,Combined TRACON& Tower with Radar,10,42,15,0,67,0,0,0,0,0,10,42,15,0,67,0,0,0,67
01/24/2017,FWA,IN,AGL,CE,Combined TRACON& Tower with Radar,16,37,16,6,75,0,0,10,2,12,16,37,26,8,87,8,0,8,95
01/25/2017,FWA,IN,AGL,CE,Combined TRACON& Tower with Radar,17,41,22,5,85,0,0,4,5,9,17,41,26,10,94,46,0,46,140
01/26/2017,FWA,IN,AGL,CE,Combined TRACON& Tower with Radar,19,36,19,11,85,0,0,0,1,1,19,36,19,12,86,0,2,2,88
01/27/2017,FWA,IN,AGL,CE,Combined TRACON& Tower with Radar,10,39,14,8,71,0,0,2,3,5,10,39,16,11,76,0,0,0,76
01/28/2017,FWA,IN,AGL,CE,Combined TRACON& Tower with Radar,8,27,4,0,39,0,0,0,0,0,8,27,4,0,39,1,1,2,41
01/29/2017,FWA,IN,AGL,CE,Combined TRACON& Tower with Radar,10,32,13,0,55,0,0,2,0,2,10,32,15,0,57,4,0,4,61
01/30/2017,FWA,IN,AGL,CE,Combined TRACON& Tower with Radar,10,38,27,0,75,0,0,17,0,17,10,38,44,0,92,0,0,0,92
01/31/2017,FWA,IN,AGL,CE,Combined TRACON& Tower with Radar,13,40,13,6,72,0,0,2,7,9,13,40,15,13,81,2,0,2,83
02/01/2017,FWA,IN,AGL,CE,Combined TRACON& Tower with Radar,21,40,21,6,88,0,0,5,5,10,21,40,26,11,98,10,0,10,108
02/02/2017,FWA,IN,AGL,CE,Combined TRACON& Tower with Radar,20,37,23,2,82,0,0,22,12,34,20,37,45,14,116,4,0,4,120
02/03/2017,FWA,IN,AGL,CE,Combined TRACON& Tower with Radar,14,40,22,3,79,0,2,22,13,37,14,42,44,16,116,22,0,22,138
02/04/2017,FWA,IN,AGL,CE,Combined TRACON& Tower with Radar,6,24,5,0,35,0,0,19,0,19,6,24,24,0,54,32,0,32,86
02/05/2017,FWA,IN,AGL,CE,Combined TRACON& Tower with Radar,10,28,11,0,49,0,0,10,0,10,10,28,21,0,59,8,0,8,67
02/06/2017,FWA,IN,AGL,CE,Combined TRACON& Tower with Radar,10,36,16,1,63,0,0,12,0,12,10,36,28,1,75,6,0,6,81
02/07/2017,FWA,IN,AGL,CE,Combined TRACON& Tower with Radar,12,42,21,4,79,0,0,1,3,4,12,42,22,7,83,0,0,0,83
02/08/2017,FWA,IN,AGL,CE,Combined TRACON& Tower with Radar,16,42,24,3,85,0,0,4,0,4,16,42,28,3,89,0,0,0,89
02/09/2017,FWA,IN,AGL,CE,Combined TRACON& Tower with Radar,16,41,25,0,82,0,0,21,6,27,16,41,46,6,109,22,0,22,131
02/10/2017,FWA,IN,AGL,CE,Combined TRACON& Tower with Radar,11,37,15,4,67,0,1,10,1,12,11,38,25,5,79,2,18,20,99
02/11/2017,FWA,IN,AGL,CE,Combined TRACON& Tower with Radar,9,24,7,3,43,0,0,10,0,10,9,24,17,3,53,12,0,12,65
02/12/2017,FWA,IN,AGL,CE,Combined TRACON& Tower with Radar,8,33,7,4,52,0,0,5,0,5,8,33,12,4,57,0,0,0,57
02/13/2017,FWA,IN,AGL,CE,Combined TRACON& Tower with Radar,10,44,14,2,70,0,0,21,0,21,10,44,35,2,91,24,14,38,129
02/14/2017,FWA,IN,AGL,CE,Combined TRACON& Tower with Radar,16,44,15,0,75,0,0,13,0,13,16,44,28,0,88,18,0,18,106
02/15/2017,FWA,IN,AGL,CE,Combined TRACON& Tower with Radar,20,38,22,2,82,0,0,1,0,1,20,38,23,2,83,0,0,0,83
02/16/2017,FWA,IN,AGL,CE,Combined TRACON& Tower with Radar,18,41,18,0,77,0,0,34,0,34,18,41,52,0,111,26,0,26,137
02/17/2017,FWA,IN,AGL,CE,Combined TRACON& Tower with Radar,12,39,19,0,70,0,0,25,0,25,12,39,44,0,95,6,0,6,101
02/18/2017,FWA,IN,AGL,CE,Combined TRACON& Tower with Radar,10,23,3,0,36,0,0,29,0,29,10,23,32,0,65,22,0,22,87
02/19/2017,FWA,IN,AGL,CE,Combined TRACON& Tower with Radar,6,31,14,0,51,0,0,14,0,14,6,31,28,0,65,25,0,25,90
02/20/2017,FWA,IN,AGL,CE,Combined TRACON& Tower with Radar,10,44,17,0,71,0,0,16,0,16,10,44,33,0,87,6,0,6,93
02/21/2017,FWA,IN,AGL,CE,Combined TRACON& Tower with Radar,16,39,5,0,60,0,0,7,0,7,16,39,12,0,67,12,0,12,79
02/22/2017,FWA,IN,AGL,CE,Combined TRACON& Tower with Radar,18,41,23,3,85,0,0,1,1,2,18,41,24,4,87,0,0,0,87
02/23/2017,FWA,IN,AGL,CE,Combined TRACON& Tower with Radar,13,43,19,1,76,0,0,8,0,8,13,43,27,1,84,38,0,38,122
02/24/2017,FWA,IN,AGL,CE,Combined TRACON& Tower with Radar,13,44,15,1,73,0,0,1,0,1,13,44,16,1,74,0,0,0,74
02/25/2017,FWA,IN,AGL,CE,Combined TRACON& Tower with Radar,10,24,8,7,49,0,0,5,0,5,10,24,13,7,54,0,0,0,54
02/26/2017,FWA,IN,AGL,CE,Combined TRACON& Tower with Radar,6,38,6,3,53,0,0,8,0,8,6,38,14,3,61,18,0,18,79
02/27/2017,FWA,IN,AGL,CE,Combined TRACON& Tower with Radar,10,50,27,2,89,0,0,9,0,9,10,50,36,2,98,28,12,40,138
02/28/2017,FWA,IN,AGL,CE,Combined TRACON& Tower with Radar,13,40,23,1,77,0,0,0,0,0,13,40,23,1,77,0,0,0,77
03/01/2017,FWA,IN,AGL,CE,Combined TRACON& Tower with Radar,20,44,20,2,86,0,0,3,5,8,20,44,23,7,94,0,0,0,94
03/02/2017,FWA,IN,AGL,CE,Combined TRACON& Tower with Radar,14,42,22,4,82,0,0,9,11,20,14,42,31,15,102,25,0,25,127
03/03/2017,FWA,IN,AGL,CE,Combined TRACON& Tower with Radar,12,41,21,1,75,0,0,22,9,31,12,41,43,10,106,16,0,16,122
03/04/2017,FWA,IN,AGL,CE,Combined TRACON& Tower with Radar,13,30,12,0,55,0,0,11,6,17,13,30,23,6,72,10,0,10,82
03/05/2017,FWA,IN,AGL,CE,Combined TRACON& Tower with Radar,10,40,15,1,66,0,0,32,14,46,10,40,47,15,112,26,0,26,138
03/06/2017,FWA,IN,AGL,CE,Combined TRACON& Tower with Radar,14,36,18,8,76,0,0,4,4,8,14,36,22,12,84,0,0,0,84
03/07/2017,FWA,IN,AGL,CE,Combined TRACON& Tower with Radar,18,36,22,9,85,0,0,16,3,19,18,36,38,12,104,34,0,34,138
03/08/2017,FWA,IN,AGL,CE,Combined TRACON& Tower with Radar,25,42,19,1,87,0,0,0,4,4,25,42,19,5,91,0,0,0,91
03/09/2017,FWA,IN,AGL,CE,Combined TRACON& Tower with Radar,19,35,22,0,76,0,0,20,9,29,19,35,42,9,105,8,0,8,113
03/10/2017,FWA,IN,AGL,CE,Combined TRACON& Tower with Radar,15,35,14,2,66,0,0,21,0,21,15,35,35,2,87,14,0,14,101
03/11/2017,FWA,IN,AGL,CE,Combined TRACON& Tower with Radar,15,26,0,0,41,0,0,24,0,24,15,26,24,0,65,32,0,32,97
03/12/2017,FWA,IN,AGL,CE,Combined TRACON& Tower with Radar,11,32,11,0,54,0,0,22,0,22,11,32,33,0,76,14,0,14,90
03/13/2017,FWA,IN,AGL,CE,Combined TRACON& Tower with Radar,13,31,21,0,65,0,0,0,0,0,13,31,21,0,65,0,0,0,65
03/14/2017,FWA,IN,AGL,CE,Combined TRACON& Tower with Radar,19,25,13,1,58,0,0,9,11,20,19,25,22,12,78,0,0,0,78
03/15/2017,FWA,IN,AGL,CE,Combined TRACON& Tower with Radar,22,36,18,9,85,0,0,7,5,12,22,36,25,14,97,8,0,8,105
03/16/2017,FWA,IN,AGL,CE,Combined TRACON& Tower with Radar,23,38,9,1,71,0,0,38,9,47,23,38,47,10,118,34,0,34,152
03/17/2017,FWA,IN,AGL,CE,Combined TRACON& Tower with Radar,15,35,3,0,53,0,0,0,0,0,15,35,3,0,53,0,0,0,53
03/18/2017,FWA,IN,AGL,CE,Combined TRACON& Tower with Radar,16,28,5,2,51,0,0,0,0,0,16,28,5,2,51,0,0,0,51
03/19/2017,FWA,IN,AGL,CE,Combined TRACON& Tower with Radar,12,34,12,0,58,0,0,12,0,12,12,34,24,0,70,10,0,10,80
03/20/2017,FWA,IN,AGL,CE,Combined TRACON& Tower with Radar,14,38,9,0,61,0,0,0,0,0,14,38,9,0,61,0,0,0,61
03/21/2017,FWA,IN,AGL,CE,Combined TRACON& Tower with Radar,19,37,16,3,75,0,0,23,5,28,19,37,39,8,103,28,0,28,131
03/22/2017,FWA,IN,AGL,CE,Combined TRACON& Tower with Radar,26,39,32,4,101,0,2,46,5,53,26,41,78,9,154,16,0,16,170
03/23/2017,FWA,IN,AGL,CE,Combined TRACON& Tower with Radar,18,39,17,9,83,0,1,23,4,28,18,40,40,13,111,12,0,12,123
03/24/2017,FWA,IN,AGL,CE,Combined TRACON& Tower with Radar,18,39,13,0,70,0,0,12,9,21,18,39,25,9,91,10,0,10,101
03/25/2017,FWA,IN,AGL,CE,Combined TRACON& Tower with Radar,22,26,7,0,55,0,0,9,0,9,22,26,16,0,64,30,0,30,94
03/26/2017,FWA,IN,AGL,CE,Combined TRACON& Tower with Radar,11,31,7,0,49,0,0,1,0,1,11,31,8,0,50,0,0,0,50
03/27/2017,FWA,IN,AGL,CE,Combined TRACON& Tower with Radar,14,33,9,0,56,0,0,2,0,2,14,33,11,0,58,4,0,4,62
03/28/2017,FWA,IN,AGL,CE,Combined TRACON& Tower with Radar,18,35,21,11,85,0,0,0,1,1,18,35,21,12,86,0,0,0,86
03/29/2017,FWA,IN,AGL,CE,Combined TRACON& Tower with Radar,21,39,41,0,101,1,0,18,11,30,22,39,59,11,131,26,0,26,157
03/30/2017,FWA,IN,AGL,CE,Combined TRACON& Tower with Radar,21,40,23,0,84,0,0,0,0,0,21,40,23,0,84,0,0,0,84
03/31/2017,FWA,IN,AGL,CE,Combined TRACON& Tower with Radar,18,44,15,0,77,0,0,0,0,0,18,44,15,0,77,0,0,0,77
04/01/2017,FWA,IN,AGL,CE,Combined TRACON& Tower with Radar,21,29,16,0,66,0,0,21,0,21,21,29,37,0,87,0,0,0,87
04/02/2017,FWA,IN,AGL,CE,Combined TRACON& Tower with Radar,8,35,8,0,51,0,0,26,0,26,8,35,34,0,77,12,0,12,89
04/03/2017,FWA,IN,AGL,CE,Combined TRACON& Tower with Radar,16,37,18,0,71,0,0,7,0,7,16,37,25,0,78,12,0,12,90
04/04/2017,FWA,IN,AGL,CE,Combined TRACON& Tower with Radar,17,35,5,11,68,0,0,4,0,4,17,35,9,11,72,12,0,12,84
04/05/2017,FWA,IN,AGL,CE,Combined TRACON& Tower with Radar,24,28,19,5,76,0,0,1,5,6,24,28,20,10,82,0,0,0,82
04/06/2017,FWA,IN,AGL,CE,Combined TRACON& Tower with Radar,21,38,10,0,69,0,0,1,0,1,21,38,11,0,70,0,0,0,70
04/07/2017,FWA,IN,AGL,CE,Combined TRACON& Tower with Radar,13,38,9,5,65,0,0,18,8,26,13,38,27,13,91,30,0,30,121
04/08/2017,FWA,IN,AGL,CE,Combined TRACON& Tower with Radar,18,33,20,1,72,0,0,24,15,39,18,33,44,16,111,44,4,48,159
04/09/2017,FWA,IN,AGL,CE,Combined TRACON& Tower with Radar,11,36,11,0,58,0,0,21,18,39,11,36,32,18,97,0,0,0,97
04/10/2017,FWA,IN,AGL,CE,Combined TRACON& Tower with Radar,15,31,9,0,55,0,0,10,10,20,15,31,19,10,75,0,0,0,75
04/11/2017,FWA,IN,AGL,CE,Combined TRACON& Tower with Radar,17,36,36,11,100,0,2,11,3,16,17,38,47,14,116,10,0,10,126
04/12/2017,FWA,IN,AGL,CE,Combined TRACON& Tower with Radar,22,36,16,0,74,0,0,31,8,39,22,36,47,8,113,54,2,56,169
04/13/2017,FWA,IN,AGL,CE,Combined TRACON& Tower with Radar,18,33,23,2,76,0,0,29,8,37,18,33,52,10,113,12,4,16,129
04/14/2017,FWA,IN,AGL,CE,Combined TRACON& Tower with Radar,16,32,16,0,64,0,0,13,0,13,16,32,29,0,77,18,0,18,95
04/15/2017,FWA,IN,AGL,CE,Combined TRACON& Tower with Radar,17,21,9,0,47,0,0,13,2,15,17,21,22,2,62,0,0,0,62
04/16/2017,FWA,IN,AGL,CE,Combined TRACON& Tower with Radar,9,27,7,0,43,0,0,1,0,1,9,27,8,0,44,0,0,0,44
04/17/2017,FWA,IN,AGL,CE,Combined TRACON& Tower with Radar,14,40,23,2,79,0,0,24,0,24,14,40,47,2,103,36,0,36,139
04/18/2017,FWA,IN,AGL,CE,Combined TRACON& Tower with Radar,18,35,27,1,81,0,0,29,8,37,18,35,56,9,118,32,0,32,150
04/19/2017,FWA,IN,AGL,CE,Combined TRACON& Tower with Radar,19,40,34,5,98,0,0,12,4,16,19,40,46,9,114,16,0,16,130
04/20/2017,FWA,IN,AGL,CE,Combined TRACON& Tower with Radar,20,38,20,5,83,0,0,1,5,6,20,38,21,10,89,0,0,0,89
04/21/2017,FWA,IN,AGL,CE,Combined TRACON& Tower with Radar,16,35,35,4,90,0,0,15,3,18,16,35,50,7,108,36,0,36,144
04/22/2017,FWA,IN,AGL,CE,Combined TRACON& Tower with Radar,18,24,6,0,48,0,0,10,0,10,18,24,16,0,58,12,0,12,70
04/23/2017,FWA,IN,AGL,CE,Combined TRACON& Tower with Radar,9,34,8,0,51,0,0,24,0,24,9,34,32,0,75,6,0,6,81
04/24/2017,FWA,IN,AGL,CE,Combined TRACON& Tower with Radar,14,34,14,0,62,0,0,25,0,25,14,34,39,0,87,8,0,8,95
04/25/2017,FWA,IN,AGL,CE,Combined TRACON& Tower with Radar,16,32,22,0,70,0,0,17,4,21,16,32,39,4,91,12,4,16,107
04/26/2017,FWA,IN,AGL,CE,Combined TRACON& Tower with Radar,29,39,12,0,80,0,0,7,8,15,29,39,19,8,95,0,0,0,95
04/27/2017,FWA,IN,AGL,CE,Combined TRACON& Tower with Radar,18,36,16,2,72,0,0,3,5,8,18,36,19,7,80,0,0,0,80
04/28/2017,FWA,IN,AGL,CE,Combined TRACON& Tower with Radar,16,33,22,2,73,0,0,15,6,21,16,33,37,8,94,28,4,32,126
04/29/2017,FWA,IN,AGL,CE,Combined TRACON& Tower with Radar,13,25,4,0,42,0,0,0,0,0,13,25,4,0,42,0,0,0,42
04/30/2017,FWA,IN,AGL,CE,Combined TRACON& Tower with Radar,10,28,8,0,46,0,0,1,0,1,10,28,9,0,47,0,0,0,47
05/01/2017,FWA,IN,AGL,CE,Combined TRACON& Tower with Radar,13,35,14,0,62,0,0,2,0,2,13,35,16,0,64,0,0,0,64
05/02/2017,FWA,IN,AGL,CE,Combined TRACON& Tower with Radar,16,32,18,3,69,0,0,5,3,8,16,32,23,6,77,4,0,4,81
05/03/2017,FWA,IN,AGL,CE,Combined TRACON& Tower with Radar,21,34,17,1,73,0,0,42,8,50,21,34,59,9,123,10,0,10,133
05/04/2017,FWA,IN,AGL,CE,Combined TRACON& Tower with Radar,22,39,19,0,80,0,0,1,0,1,22,39,20,0,81,0,0,0,81
05/05/2017,FWA,IN,AGL,CE,Combined TRACON& Tower with Radar,20,33,29,1,83,0,1,1,2,4,20,34,30,3,87,0,0,0,87
05/06/2017,FWA,IN,AGL,CE,Combined TRACON& Tower with Radar,15,27,7,0,49,0,3,11,10,24,15,30,18,10,73,12,0,12,85
05/07/2017,FWA,IN,AGL,CE,Combined TRACON& Tower with Radar,12,34,12,2,60,0,0,15,16,31,12,34,27,18,91,10,2,12,103
05/08/2017,FWA,IN,AGL,CE,Combined TRACON& Tower with Radar,18,36,14,1,69,0,0,36,3,39,18,36,50,4,108,14,0,14,122
05/09/2017,FWA,IN,AGL,CE,Combined TRACON& Tower with Radar,19,39,37,1,96,0,0,11,3,14,19,39,48,4,110,14,0,14,124
05/10/2017,FWA,IN,AGL,CE,Combined TRACON& Tower with Radar,24,45,17,0,86,0,0,15,3,18,24,45,32,3,104,14,0,14,118
05/11/2017,FWA,IN,AGL,CE,Combined TRACON& Tower with Radar,15,41,20,5,81,0,0,7,2,9,15,41,27,7,90,2,0,2,92
05/12/2017,FWA,IN,AGL,CE,Combined TRACON& Tower with Radar,20,33,22,0,75,0,0,33,2,35,20,33,55,2,110,18,0,18,128
05/13/2017,FWA,IN,AGL,CE,Combined TRACON& Tower with Radar,16,27,13,0,56,0,2,18,1,21,16,29,31,1,77,26,0,26,103
05/14/2017,FWA,IN,AGL,CE,Combined TRACON& Tower with Radar,10,33,10,2,55,0,0,9,0,9,10,33,19,2,64,0,0,0,64
05/15/2017,FWA,IN,AGL,CE,Combined TRACON& Tower with Radar,14,34,29,0,77,0,0,31,0,31,14,34,60,0,108,0,0,0,108
05/16/2017,FWA,IN,AGL,CE,Combined TRACON& Tower with Radar,18,38,13,1,70,0,0,24,8,32,18,38,37,9,102,0,6,6,108
05/17/2017,FWA,IN,AGL,CE,Combined TRACON& Tower with Radar,22,39,28,3,92,0,0,8,3,11,22,39,36,6,103,0,0,0,103
05/18/2017,FWA,IN,AGL,CE,Combined TRACON& Tower with Radar,20,36,23,0,79,0,0,9,4,13,20,36,32,4,92,0,0,0,92
05/19/2017,FWA,IN,AGL,CE,Combined TRACON& Tower with Radar,16,33,24,0,73,0,0,4,0,4,16,33,28,0,77,12,0,12,89
05/20/2017,FWA,IN,AGL,CE,Combined TRACON& Tower with Radar,12,29,8,0,49,0,0,0,0,0,12,29,8,0,49,0,0,0,49
05/21/2017,FWA,IN,AGL,CE,Combined TRACON& Tower with Radar,10,30,14,0,54,0,0,4,0,4,10,30,18,0,58,0,0,0,58
05/22/2017,FWA,IN,AGL,CE,Combined TRACON& Tower with Radar,17,41,28,0,86,0,0,35,0,35,17,41,63,0,121,96,0,96,217
05/23/2017,FWA,IN,AGL,CE,Combined TRACON& Tower with Radar,21,33,37,2,93,0,3,18,9,30,21,36,55,11,123,19,0,19,142
05/24/2017,FWA,IN,AGL,CE,Combined TRACON& Tower with Radar,26,33,34,2,95,0,0,1,4,5,26,33,35,6,100,0,0,0,100
05/25/2017,FWA,IN,AGL,CE,Combined TRACON& Tower with Radar,20,33,23,7,83,0,0,2,1,3,20,33,25,8,86,0,0,0,86
05/26/2017,FWA,IN,AGL,CE,Combined TRACON& Tower with Radar,13,36,10,0,59,0,0,12,2,14,13,36,22,2,73,16,0,16,89
05/27/2017,FWA,IN,AGL,CE,Combined TRACON& Tower with Radar,17,25,5,0,47,0,0,7,0,7,17,25,12,0,54,14,0,14,68
05/28/2017,FWA,IN,AGL,CE,Combined TRACON& Tower with Radar,10,24,2,0,36,0,0,5,0,5,10,24,7,0,41,0,0,0,41
05/29/2017,FWA,IN,AGL,CE,Combined TRACON& Tower with Radar,11,28,11,0,50,0,0,7,0,7,11,28,18,0,57,12,0,12,69
05/30/2017,FWA,IN,AGL,CE,Combined TRACON& Tower with Radar,19,32,23,1,75,0,0,23,7,30,19,32,46,8,105,14,4,18,123
05/31/2017,FWA,IN,AGL,CE,Combined TRACON& Tower with Radar,22,32,23,1,78,0,0,28,6,34,22,32,51,7,112,22,0,22,134
06/01/2017,FWA,IN,AGL,CE,Combined TRACON& Tower with Radar,18,36,18,2,74,0,1,13,6,20,18,37,31,8,94,30,4,34,128
06/02/2017,FWA,IN,AGL,CE,Combined TRACON& Tower with Radar,15,34,17,1,67,0,2,15,3,20,15,36,32,4,87,22,0,22,109
06/03/2017,FWA,IN,AGL,CE,Combined TRACON& Tower with Radar,13,29,12,1,55,0,0,17,0,17,13,29,29,1,72,6,0,6,78
06/04/2017,FWA,IN,AGL,CE,Combined TRACON& Tower with Radar,11,34,11,1,57,0,0,3,0,3,11,34,14,1,60,4,0,4,64
06/05/2017,FWA,IN,AGL,CE,Combined TRACON& Tower with Radar,15,32,16,0,63,0,0,24,0,24,15,32,40,0,87,40,0,40,127
06/06/2017,FWA,IN,AGL,CE,Combined TRACON& Tower with Radar,18,40,12,2,72,0,0,21,2,23,18,40,33,4,95,10,2,12,107
06/07/2017,FWA,IN,AGL,CE,Combined TRACON& Tower with Radar,24,34,20,3,81,0,0,15,6,21,24,34,35,9,102,16,2,18,120
06/08/2017,FWA,IN,AGL,CE,Combined TRACON& Tower with Radar,20,42,15,1,78,0,2,17,7,26,20,44,32,8,104,12,2,14,118
06/09/2017,FWA,IN,AGL,CE,Combined TRACON& Tower with Radar,16,33,13,3,65,0,0,8,8,16,16,33,21,11,81,2,12,14,95
06/10/2017,FWA,IN,AGL,CE,Combined TRACON& Tower with Radar,14,29,15,0,58,0,2,25,18,45,14,31,40,18,103,24,8,32,135
06/11/2017,FWA,IN,AGL,CE,Combined TRACON& Tower with Radar,14,31,6,3,54,0,3,5,6,14,14,34,11,9,68,2,0,2,70
06/12/2017,FWA,IN,AGL,CE,Combined TRACON& Tower with Radar,14,36,27,1,78,0,2,20,5,27,14,38,47,6,105,0,0,0,105
06/13/2017,FWA,IN,AGL,CE,Combined TRACON& Tower with Radar,18,32,17,2,69,0,0,5,8,13,18,32,22,10,82,0,10,10,92
06/14/2017,FWA,IN,AGL,CE,Combined TRACON& Tower with Radar,24,36,21,5,86,0,0,17,3,20,24,36,38,8,106,0,0,0,106
06/15/2017,FWA,IN,AGL,CE,Combined TRACON& Tower with Radar,19,37,18,1,75,0,0,17,5,22,19,37,35,6,97,2,14,16,113
06/16/2017,FWA,IN,AGL,CE,Combined TRACON& Tower with Radar,15,34,23,0,72,0,0,18,4,22,15,34,41,4,94,46,0,46,140
06/17/2017,FWA,IN,AGL,CE,Combined TRACON& Tower with Radar,12,30,2,0,44,0,0,12,0,12,12,30,14,0,56,12,0,12,68
06/18/2017,FWA,IN,AGL,CE,Combined TRACON& Tower with Radar,12,28,13,2,55,0,0,4,0,4,12,28,17,2,59,0,8,8,67
06/19/2017,FWA,IN,AGL,CE,Combined TRACON& Tower with Radar,15,29,23,0,67,0,0,8,0,8,15,29,31,0,75,6,0,6,81
06/20/2017,FWA,IN,AGL,CE,Combined TRACON& Tower with Radar,19,35,20,2,76,0,0,12,1,13,19,35,32,3,89,0,0,0,89
06/21/2017,FWA,IN,AGL,CE,Combined TRACON& Tower with Radar,22,34,19,3,78,0,0,23,6,29,22,34,42,9,107,58,0,58,165
06/22/2017,FWA,IN,AGL,CE,Combined TRACON& Tower with Radar,25,39,16,8,88,0,0,8,2,10,25,39,24,10,98,0,0,0,98
06/23/2017,FWA,IN,AGL,CE,Combined TRACON& Tower with Radar,19,29,10,2,60,0,0,5,2,7,19,29,15,4,67,30,0,30,97
06/24/2017,FWA,IN,AGL,CE,Combined TRACON& Tower with Radar,13,26,13,2,54,0,0,10,0,10,13,26,23,2,64,4,0,4,68
06/25/2017,FWA,IN,AGL,CE,Combined TRACON& Tower with Radar,13,34,12,0,59,0,0,7,0,7,13,34,19,0,66,0,0,0,66
06/26/2017,FWA,IN,AGL,CE,Combined TRACON& Tower with Radar,14,32,13,0,59,0,0,17,0,17,14,32,30,0,76,6,0,6,82
06/27/2017,FWA,IN,AGL,CE,Combined TRACON& Tower with Radar,20,35,16,4,75,0,0,34,4,38,20,35,50,8,113,46,0,46,159
06/28/2017,FWA,IN,AGL,CE,Combined TRACON& Tower with Radar,21,37,10,1,69,0,0,20,4,24,21,37,30,5,93,45,4,49,142
06/29/2017,FWA,IN,AGL,CE,Combined TRACON& Tower with Radar,19,36,30,2,87,0,0,7,9,16,19,36,37,11,103,10,0,10,113
06/30/2017,FWA,IN,AGL,CE,Combined TRACON& Tower with Radar,16,38,25,4,83,0,0,9,4,13,16,38,34,8,96,26,0,26,122
07/01/2017,FWA,IN,AGL,CE,Combined TRACON& Tower with Radar,10,25,15,1,51,0,0,10,2,12,10,25,25,3,63,22,0,22,85
07/02/2017,FWA,IN,AGL,CE,Combined TRACON& Tower with Radar,16,27,8,1,52,0,0,16,0,16,16,27,24,1,68,0,0,0,68
07/03/2017,FWA,IN,AGL,CE,Combined TRACON& Tower with Radar,13,30,2,0,45,0,0,8,0,8,13,30,10,0,53,6,0,6,59
07/04/2017,FWA,IN,AGL,CE,Combined TRACON& Tower with Radar,8,30,7,0,45,0,0,4,4,8,8,30,11,4,53,0,2,2,55
07/05/2017,FWA,IN,AGL,CE,Combined TRACON& Tower with Radar,22,32,24,2,80,0,0,19,2,21,22,32,43,4,101,6,4,10,111
07/06/2017,FWA,IN,AGL,CE,Combined TRACON& Tower with Radar,21,34,13,1,69,0,0,19,7,26,21,34,32,8,95,51,28,79,174
07/07/2017,FWA,IN,AGL,CE,Combined TRACON& Tower with Radar,16,38,8,0,62,0,0,12,10,22,16,38,20,10,84,20,0,20,104
07/08/2017,FWA,IN,AGL,CE,Combined TRACON& Tower with Radar,16,26,15,0,57,0,0,27,15,42,16,26,42,15,99,2,0,2,101
07/09/2017,FWA,IN,AGL,CE,Combined TRACON& Tower with Radar,14,35,20,0,69,0,1,12,17,30,14,36,32,17,99,4,8,12,111
07/10/2017,FWA,IN,AGL,CE,Combined TRACON& Tower with Radar,12,30,21,4,67,0,0,2,4,6,12,30,23,8,73,0,0,0,73
07/11/2017,FWA,IN,AGL,CE,Combined TRACON& Tower with Radar,20,40,29,9,98,0,0,10,7,17,20,40,39,16,115,6,2,8,123
07/12/2017,FWA,IN,AGL,CE,Combined TRACON& Tower with Radar,29,34,28,1,92,0,0,15,10,25,29,34,43,11,117,0,0,0,117
07/13/2017,FWA,IN,AGL,CE,Combined TRACON& Tower with Radar,22,35,29,12,98,0,0,5,0,5,22,35,34,12,103,6,4,10,113
07/14/2017,FWA,IN,AGL,CE,Combined TRACON& Tower with Radar,16,41,22,3,82,0,0,15,1,16,16,41,37,4,98,8,12,20,118
07/15/2017,FWA,IN,AGL,CE,Combined TRACON& Tower with Radar,14,27,25,0,66,0,0,18,0,18,14,27,43,0,84,44,0,44,128
07/16/2017,FWA,IN,AGL,CE,Combined TRACON& Tower with Radar,12,32,12,2,58,0,0,8,0,8,12,32,20,2,66,8,0,8,74
07/17/2017,FWA,IN,AGL,CE,Combined TRACON& Tower with Radar,13,33,19,2,67,0,0,12,1,13,13,33,31,3,80,0,2,2,82
07/18/2017,FWA,IN,AGL,CE,Combined TRACON& Tower with Radar,19,34,19,7,79,0,2,33,7,42,19,36,52,14,121,14,14,28,149
07/19/2017,FWA,IN,AGL,CE,Combined TRACON& Tower with Radar,20,33,43,3,99,0,0,28,9,37,20,33,71,12,136,14,0,14,150
07/20/2017,FWA,IN,AGL,CE,Combined TRACON& Tower with Radar,22,32,29,5,88,0,0,6,4,10,22,32,35,9,98,0,0,0,98
07/21/2017,FWA,IN,AGL,CE,Combined TRACON& Tower with Radar,18,31,15,2,66,0,0,22,9,31,18,31,37,11,97,16,0,16,113
07/22/2017,FWA,IN,AGL,CE,Combined TRACON& Tower with Radar,14,34,24,0,72,0,0,4,1,5,14,34,28,1,77,4,0,4,81
07/23/2017,FWA,IN,AGL,CE,Combined TRACON& Tower with Radar,12,30,15,2,59,0,0,12,1,13,12,30,27,3,72,2,0,2,74
07/24/2017,FWA,IN,AGL,CE,Combined TRACON& Tower with Radar,11,34,14,0,59,0,0,6,0,6,11,34,20,0,65,32,0,32,97
07/25/2017,FWA,IN,AGL,CE,Combined TRACON& Tower with Radar,17,37,23,1,78,0,2,26,9,37,17,39,49,10,115,32,0,32,147
07/26/2017,FWA,IN,AGL,CE,Combined TRACON& Tower with Radar,20,35,32,2,89,0,1,17,7,25,20,36,49,9,114,8,0,8,122
07/27/2017,FWA,IN,AGL,CE,Combined TRACON& Tower with Radar,20,33,28,6,87,0,0,4,0,4,20,33,32,6,91,0,0,0,91
07/28/2017,FWA,IN,AGL,CE,Combined TRACON& Tower with Radar,18,35,18,3,74,0,1,16,9,26,18,36,34,12,100,12,0,12,112
07/29/2017,FWA,IN,AGL,CE,Combined TRACON& Tower with Radar,13,24,9,0,46,0,0,14,0,14,13,24,23,0,60,0,0,0,60
07/30/2017,FWA,IN,AGL,CE,Combined TRACON& Tower with Radar,12,32,21,0,65,0,0,14,2,16,12,32,35,2,81,18,0,18,99
07/31/2017,FWA,IN,AGL,CE,Combined TRACON& Tower with Radar,13,34,13,0,60,0,2,44,0,46,13,36,57,0,106,0,0,0,106
08/01/2017,FWA,IN,AGL,CE,Combined TRACON& Tower with Radar,18,34,16,2,70,0,0,16,6,22,18,34,32,8,92,4,0,4,96
08/02/2017,FWA,IN,AGL,CE,Combined TRACON& Tower with Radar,20,35,19,2,76,0,0,17,10,27,20,35,36,12,103,8,0,8,111
08/03/2017,FWA,IN,AGL,CE,Combined TRACON& Tower with Radar,20,29,22,2,73,0,2,21,4,27,20,31,43,6,100,26,0,26,126
08/04/2017,FWA,IN,AGL,CE,Combined TRACON& Tower with Radar,15,32,24,2,73,0,0,5,7,12,15,32,29,9,85,1,0,1,86
08/05/2017,FWA,IN,AGL,CE,Combined TRACON& Tower with Radar,15,26,11,0,52,0,0,15,0,15,15,26,26,0,67,0,0,0,67
08/06/2017,FWA,IN,AGL,CE,Combined TRACON& Tower with Radar,12,30,16,0,58,0,0,6,0,6,12,30,22,0,64,0,0,0,64
08/07/2017,FWA,IN,AGL,CE,Combined TRACON& Tower with Radar,14,34,17,0,65,0,0,18,0,18,14,34,35,0,83,22,0,22,105
08/08/2017,FWA,IN,AGL,CE,Combined TRACON& Tower with Radar,16,40,35,6,97,0,2,42,5,49,16,42,77,11,146,28,0,28,174
08/09/2017,FWA,IN,AGL,CE,Combined TRACON& Tower with Radar,22,40,23,6,91,0,0,38,9,47,22,40,61,15,138,18,0,18,156
08/10/2017,FWA,IN,AGL,CE,Combined TRACON& Tower with Radar,20,35,19,2,76,0,0,30,10,40,20,35,49,12,116,14,0,14,130
08/11/2017,FWA,IN,AGL,CE,Combined TRACON& Tower with Radar,18,36,22,2,78,0,0,16,3,19,18,36,38,5,97,24,2,26,123
08/12/2017,FWA,IN,AGL,CE,Combined TRACON& Tower with Radar,14,27,10,0,51,0,0,10,1,11,14,27,20,1,62,10,0,10,72
08/13/2017,FWA,IN,AGL,CE,Combined TRACON& Tower with Radar,12,32,18,0,62,0,0,34,0,34,12,32,52,0,96,20,0,20,116
08/14/2017,FWA,IN,AGL,CE,Combined TRACON& Tower with Radar,16,34,16,0,66,0,0,19,1,20,16,34,35,1,86,38,0,38,124
08/15/2017,FWA,IN,AGL,CE,Combined TRACON& Tower with Radar,16,35,20,1,72,0,0,18,5,23,16,35,38,6,95,0,2,2,97
08/16/2017,FWA,IN,AGL,CE,Combined TRACON& Tower with Radar,18,36,19,4,77,0,0,26,7,33,18,36,45,11,110,60,0,60,170
08/17/2017,FWA,IN,AGL,CE,Combined TRACON& Tower with Radar,17,38,32,7,94,0,0,11,3,14,17,38,43,10,108,16,0,16,124
08/18/2017,FWA,IN,AGL,CE,Combined TRACON& Tower with Radar,16,37,28,4,85,0,0,29,6,35,16,37,57,10,120,8,2,10,130
08/19/2017,FWA,IN,AGL,CE,Combined TRACON& Tower with Radar,9,26,20,8,63,0,0,19,7,26,9,26,39,15,89,12,0,12,101
08/20/2017,FWA,IN,AGL,CE,Combined TRACON& Tower with Radar,10,42,16,7,75,0,0,17,11,28,10,42,33,18,103,28,0,28,131
08/21/2017,FWA,IN,AGL,CE,Combined TRACON& Tower with Radar,16,35,31,6,88,0,0,13,6,19,16,35,44,12,107,0,0,0,107
08/22/2017,FWA,IN,AGL,CE,Combined TRACON& Tower with Radar,15,34,30,5,84,0,0,6,3,9,15,34,36,8,93,0,0,0,93
08/23/2017,FWA,IN,AGL,CE,Combined TRACON& Tower with Radar,18,36,38,9,101,0,0,30,5,35,18,36,68,14,136,8,2,10,146
08/24/2017,FWA,IN,AGL,CE,Combined TRACON& Tower with Radar,19,37,24,2,82,0,2,9,2,13,19,39,33,4,95,8,0,8,103
08/25/2017,FWA,IN,AGL,CE,Combined TRACON& Tower with Radar,16,34,21,2,73,0,0,13,0,13,16,34,34,2,86,16,0,16,102
08/26/2017,FWA,IN,AGL,CE,Combined TRACON& Tower with Radar,12,28,4,0,44,0,0,25,0,25,12,28,29,0,69,20,0,20,89
08/27/2017,FWA,IN,AGL,CE,Combined TRACON& Tower with Radar,9,34,20,0,63,0,0,40,0,40,9,34,60,0,103,25,0,25,128
08/28/2017,FWA,IN,AGL,CE,Combined TRACON& Tower with Radar,18,45,14,0,77,0,0,24,0,24,18,45,38,0,101,28,0,28,129
08/29/2017,FWA,IN,AGL,CE,Combined TRACON& Tower with Radar,17,36,23,4,80,0,0,4,2,6,17,36,27,6,86,8,2,10,96
08/30/2017,FWA,IN,AGL,CE,Combined TRACON& Tower with Radar,18,44,32,4,98,0,0,21,4,25,18,44,53,8,123,40,0,40,163
08/31/2017,FWA,IN,AGL,CE,Combined TRACON& Tower with Radar,17,41,30,8,96,0,0,10,3,13,17,41,40,11,109,28,2,30,139
09/01/2017,FWA,IN,AGL,CE,Combined TRACON& Tower with Radar,17,38,17,0,72,0,0,29,0,29,17,38,46,0,101,6,0,6,107
09/02/2017,FWA,IN,AGL,CE,Combined TRACON& Tower with Radar,12,26,11,0,49,0,0,14,0,14,12,26,25,0,63,0,0,0,63
09/03/2017,FWA,IN,AGL,CE,Combined TRACON& Tower with Radar,6,20,14,0,40,0,0,23,0,23,6,20,37,0,63,24,0,24,87
09/04/2017,FWA,IN,AGL,CE,Combined TRACON& Tower with Radar,10,46,17,0,73,0,1,19,0,20,10,47,36,0,93,14,0,14,107
09/05/2017,FWA,IN,AGL,CE,Combined TRACON& Tower with Radar,14,38,24,7,83,0,0,15,1,16,14,38,39,8,99,8,0,8,107
09/06/2017,FWA,IN,AGL,CE,Combined TRACON& Tower with Radar,18,36,22,0,76,0,0,5,1,6,18,36,27,1,82,0,0,0,82
09/07/2017,FWA,IN,AGL,CE,Combined TRACON& Tower with Radar,19,36,21,5,81,0,0,8,1,9,19,36,29,6,90,0,0,0,90
09/08/2017,FWA,IN,AGL,CE,Combined TRACON& Tower with Radar,15,35,18,8,76,0,0,16,2,18,15,35,34,10,94,12,28,40,134
09/09/2017,FWA,IN,AGL,CE,Combined TRACON& Tower with Radar,10,28,10,10,58,0,0,26,0,26,10,28,36,10,84,20,0,20,104
09/10/2017,FWA,IN,AGL,CE,Combined TRACON& Tower with Radar,8,32,10,0,50,0,0,15,0,15,8,32,25,0,65,18,0,18,83
09/11/2017,FWA,IN,AGL,CE,Combined TRACON& Tower with Radar,9,31,17,0,57,0,0,29,1,30,9,31,46,1,87,26,0,26,113
09/12/2017,FWA,IN,AGL,CE,Combined TRACON& Tower with Radar,15,33,19,2,69,0,0,40,0,40,15,33,59,2,109,22,0,22,131
09/13/2017,FWA,IN,AGL,CE,Combined TRACON& Tower with Radar,18,39,49,0,106,0,0,0,0,0,18,39,49,0,106,2,0,2,108
09/14/2017,FWA,IN,AGL,CE,Combined TRACON& Tower with Radar,25,36,24,0,85,0,0,16,0,16,25,36,40,0,101,26,0,26,127
09/15/2017,FWA,IN,AGL,CE,Combined TRACON& Tower with Radar,17,38,13,0,68,0,0,38,6,44,17,38,51,6,112,36,8,44,156
09/16/2017,FWA,IN,AGL,CE,Combined TRACON& Tower with Radar,12,28,9,0,49,0,0,39,1,40,12,28,48,1,89,24,0,24,113
09/17/2017,FWA,IN,AGL,CE,Combined TRACON& Tower with Radar,12,34,13,0,59,0,0,15,2,17,12,34,28,2,76,32,0,32,108
09/18/2017,FWA,IN,AGL,CE,Combined TRACON& Tower with Radar,16,41,21,0,78,0,0,6,0,6,16,41,27,0,84,0,0,0,84
09/19/2017,FWA,IN,AGL,CE,Combined TRACON& Tower with Radar,16,36,35,0,87,0,0,1,0,1,16,36,36,0,88,0,0,0,88
09/20/2017,FWA,IN,AGL,CE,Combined TRACON& Tower with Radar,17,36,17,0,70,0,2,28,8,38,17,38,45,8,108,38,0,38,146
09/21/2017,FWA,IN,AGL,CE,Combined TRACON& Tower with Radar,18,39,19,0,76,0,0,13,0,13,18,39,32,0,89,24,0,24,113
09/22/2017,FWA,IN,AGL,CE,Combined TRACON& Tower with Radar,17,34,19,0,70,0,0,22,1,23,17,34,41,1,93,4,0,4,97
09/23/2017,FWA,IN,AGL,CE,Combined TRACON& Tower with Radar,16,30,8,1,55,0,0,22,1,23,16,30,30,2,78,0,0,0,78
09/24/2017,FWA,IN,AGL,CE,Combined TRACON& Tower with Radar,10,35,14,0,59,0,0,22,1,23,10,35,36,1,82,14,0,14,96
09/25/2017,FWA,IN,AGL,CE,Combined TRACON& Tower with Radar,14,36,21,0,71,0,0,29,1,30,14,36,50,1,101,34,0,34,135
09/26/2017,FWA,IN,AGL,CE,Combined TRACON& Tower with Radar,16,39,12,5,72,0,0,37,0,37,16,39,49,5,109,24,0,24,133
09/27/2017,FWA,IN,AGL,CE,Combined TRACON& Tower with Radar,22,34,23,13,92,0,0,18,1,19,22,34,41,14,111,22,10,32,143
09/28/2017,FWA,IN,AGL,CE,Combined TRACON& Tower with Radar,18,46,26,7,97,0,2,30,5,37,18,48,56,12,134,34,2,36,170
09/29/2017,FWA,IN,AGL,CE,Combined TRACON& Tower with Radar,18,42,24,4,88,0,0,23,5,28,18,42,47,9,116,0,0,0,116
09/30/2017,FWA,IN,AGL,CE,Combined TRACON& Tower with Radar,12,29,8,0,49,0,0,19,0,19,12,29,27,0,68,8,0,8,76
10/01/2017,FWA,IN,AGL,CE,Combined TRACON& Tower with Radar,10,35,15,0,60,0,0,27,0,27,10,35,42,0,87,14,0,14,101
10/02/2017,FWA,IN,AGL,CE,Combined TRACON& Tower with Radar,14,37,9,0,60,0,1,33,0,34,14,38,42,0,94,68,0,68,162
10/03/2017,FWA,IN,AGL,CE,Combined TRACON& Tower with Radar,16,36,20,2,74,0,0,25,2,27,16,36,45,4,101,14,0,14,115
10/04/2017,FWA,IN,AGL,CE,Combined TRACON& Tower with Radar,24,40,24,5,93,0,0,5,1,6,24,40,29,6,99,12,2,14,113
10/05/2017,FWA,IN,AGL,CE,Combined TRACON& Tower with Radar,20,39,29,5,93,0,0,17,5,22,20,39,46,10,115,18,14,32,147
10/06/2017,FWA,IN,AGL,CE,Combined TRACON& Tower with Radar,18,37,28,0,83,0,0,6,1,7,18,37,34,1,90,6,0,6,96
10/07/2017,FWA,IN,AGL,CE,Combined TRACON& Tower with Radar,14,30,10,0,54,0,1,10,0,11,14,31,20,0,65,0,0,0,65
10/08/2017,FWA,IN,AGL,CE,Combined TRACON& Tower with Radar,10,36,16,0,62,0,0,25,0,25,10,36,41,0,87,26,0,26,113
10/09/2017,FWA,IN,AGL,CE,Combined TRACON& Tower with Radar,16,34,41,0,91,0,0,19,0,19,16,34,60,0,110,31,0,31,141
10/10/2017,FWA,IN,AGL,CE,Combined TRACON& Tower with Radar,18,36,21,3,78,0,0,14,3,17,18,36,35,6,95,0,2,2,97
10/11/2017,FWA,IN,AGL,CE,Combined TRACON& Tower with Radar,22,44,15,10,91,0,0,0,0,0,22,44,15,10,91,0,0,0,91
10/12/2017,FWA,IN,AGL,CE,Combined TRACON& Tower with Radar,17,40,49,11,117,0,0,1,0,1,17,40,50,11,118,0,0,0,118
10/13/2017,FWA,IN,AGL,CE,Combined TRACON& Tower with Radar,21,34,31,10,96,0,2,31,6,39,21,36,62,16,135,70,8,78,213
10/14/2017,FWA,IN,AGL,CE,Combined TRACON& Tower with Radar,16,27,7,1,51,0,0,31,11,42,16,27,38,12,93,24,8,32,125
10/15/2017,FWA,IN,AGL,CE,Combined TRACON& Tower with Radar,10,36,5,13,64,0,0,0,3,3,10,36,5,16,67,0,0,0,67
10/16/2017,FWA,IN,AGL,CE,Combined TRACON& Tower with Radar,16,37,22,5,80,0,0,33,8,41,16,37,55,13,121,36,0,36,157
10/17/2017,FWA,IN,AGL,CE,Combined TRACON& Tower with Radar,19,39,31,4,93,0,4,21,6,31,19,43,52,10,124,36,20,56,180
10/18/2017,FWA,IN,AGL,CE,Combined TRACON& Tower with Radar,25,38,41,9,113,0,1,38,5,44,25,39,79,14,157,42,0,42,199
10/19/2017,FWA,IN,AGL,CE,Combined TRACON& Tower with Radar,20,35,19,5,79,0,0,47,7,54,20,35,66,12,133,60,0,60,193
10/20/2017,FWA,IN,AGL,CE,Combined TRACON& Tower with Radar,22,38,8,0,68,0,0,29,6,35,22,38,37,6,103,44,0,44,147
10/21/2017,FWA,IN,AGL,CE,Combined TRACON& Tower with Radar,15,30,16,0,61,0,0,28,11,39,15,30,44,11,100,46,0,46,146
10/22/2017,FWA,IN,AGL,CE,Combined TRACON& Tower with Radar,12,33,10,0,55,0,0,8,1,9,12,33,18,1,64,0,0,0,64
10/23/2017,FWA,IN,AGL,CE,Combined TRACON& Tower with Radar,16,34,16,0,66,0,0,6,0,6,16,34,22,0,72,18,0,18,90
10/24/2017,FWA,IN,AGL,CE,Combined TRACON& Tower with Radar,22,42,31,8,103,0,0,2,0,2,22,42,33,8,105,2,0,2,107
10/25/2017,FWA,IN,AGL,CE,Combined TRACON& Tower with Radar,27,42,30,3,102,0,0,23,6,29,27,42,53,9,131,0,0,0,131
10/26/2017,FWA,IN,AGL,CE,Combined TRACON& Tower with Radar,22,34,34,2,92,0,0,37,8,45,22,34,71,10,137,24,0,24,161
10/27/2017,FWA,IN,AGL,CE,Combined TRACON& Tower with Radar,18,37,29,10,94,0,0,6,2,8,18,37,35,12,102,26,0,26,128
10/28/2017,FWA,IN,AGL,CE,Combined TRACON& Tower with Radar,14,34,11,0,59,0,0,10,1,11,14,34,21,1,70,8,0,8,78
10/29/2017,FWA,IN,AGL,CE,Combined TRACON& Tower with Radar,10,32,12,0,54,0,0,18,0,18,10,32,30,0,72,12,0,12,84
10/30/2017,FWA,IN,AGL,CE,Combined TRACON& Tower with Radar,13,39,30,0,82,0,0,6,0,6,13,39,36,0,88,16,0,16,104
10/31/2017,FWA,IN,AGL,CE,Combined TRACON& Tower with Radar,16,37,26,6,85,0,2,15,5,22,16,39,41,11,107,10,0,10,117
11/01/2017,FWA,IN,AGL,CE,Combined TRACON& Tower with Radar,25,37,23,18,103,0,0,2,0,2,25,37,25,18,105,0,0,0,105
11/02/2017,FWA,IN,AGL,CE,Combined TRACON& Tower with Radar,24,35,41,8,108,0,0,0,3,3,24,35,41,11,111,0,0,0,111
11/03/2017,FWA,IN,AGL,CE,Combined TRACON& Tower with Radar,19,36,24,1,80,0,1,28,4,33,19,37,52,5,113,8,0,8,121
11/04/2017,FWA,IN,AGL,CE,Combined TRACON& Tower with Radar,14,31,14,27,86,0,0,1,0,1,14,31,15,27,87,0,0,0,87
11/05/2017,FWA,IN,AGL,CE,Combined TRACON& Tower with Radar,14,36,9,0,59,0,0,0,0,0,14,36,9,0,59,0,0,0,59
11/06/2017,FWA,IN,AGL,CE,Combined TRACON& Tower with Radar,15,36,28,6,85,0,0,25,3,28,15,36,53,9,113,50,0,50,163
11/07/2017,FWA,IN,AGL,CE,Combined TRACON& Tower with Radar,17,32,24,5,78,0,0,13,4,17,17,32,37,9,95,20,0,20,115
11/08/2017,FWA,IN,AGL,CE,Combined TRACON& Tower with Radar,25,38,29,4,96,0,3,32,8,43,25,41,61,12,139,20,0,20,159
11/09/2017,FWA,IN,AGL,CE,Combined TRACON& Tower with Radar,17,35,29,0,81,0,0,21,0,21,17,35,50,0,102,12,0,12,114
11/10/2017,FWA,IN,AGL,CE,Combined TRACON& Tower with Radar,17,36,28,0,81,0,0,27,0,27,17,36,55,0,108,6,0,6,114
11/11/2017,FWA,IN,AGL,CE,Combined TRACON& Tower with Radar,14,29,8,0,51,0,0,29,2,31,14,29,37,2,82,20,0,20,102
11/12/2017,FWA,IN,AGL,CE,Combined TRACON& Tower with Radar,10,34,4,0,48,0,0,4,0,4,10,34,8,0,52,12,0,12,64
11/13/2017,FWA,IN,AGL,CE,Combined TRACON& Tower with Radar,16,34,22,0,72,0,0,7,0,7,16,34,29,0,79,0,0,0,79
11/14/2017,FWA,IN,AGL,CE,Combined TRACON& Tower with Radar,15,35,25,6,81,0,0,36,2,38,15,35,61,8,119,12,2,14,133
11/15/2017,FWA,IN,AGL,CE,Combined TRACON& Tower with Radar,24,39,40,4,107,0,0,0,1,1,24,39,40,5,108,0,0,0,108
11/16/2017,FWA,IN,AGL,CE,Combined TRACON& Tower with Radar,21,36,26,3,86,0,0,4,7,11,21,36,30,10,97,0,4,4,101
11/17/2017,FWA,IN,AGL,CE,Combined TRACON& Tower with Radar,15,37,35,15,102,0,0,11,5,16,15,37,46,20,118,12,0,12,130
11/18/2017,FWA,IN,AGL,CE,Combined TRACON& Tower with Radar,13,27,6,0,46,0,0,0,0,0,13,27,6,0,46,0,0,0,46
11/19/2017,FWA,IN,AGL,CE,Combined TRACON& Tower with Radar,12,32,18,1,63,0,0,3,0,3,12,32,21,1,66,0,0,0,66
11/20/2017,FWA,IN,AGL,CE,Combined TRACON& Tower with Radar,14,38,25,8,85,0,0,27,7,34,14,38,52,15,119,8,18,26,145
11/21/2017,FWA,IN,AGL,CE,Combined TRACON& Tower with Radar,20,39,32,3,94,0,0,8,9,17,20,39,40,12,111,0,0,0,111
11/22/2017,FWA,IN,AGL,CE,Combined TRACON& Tower with Radar,20,35,12,5,72,0,0,44,8,52,20,35,56,13,124,40,0,40,164
11/23/2017,FWA,IN,AGL,CE,Combined TRACON& Tower with Radar,4,21,1,0,26,0,0,8,0,8,4,21,9,0,34,0,0,0,34
11/24/2017,FWA,IN,AGL,CE,Combined TRACON& Tower with Radar,16,22,6,0,44,0,0,28,0,28,16,22,34,0,72,20,0,20,92
11/25/2017,FWA,IN,AGL,CE,Combined TRACON& Tower with Radar,16,36,9,0,61,0,0,11,0,11,16,36,20,0,72,28,0,28,100
11/26/2017,FWA,IN,AGL,CE,Combined TRACON& Tower with Radar,12,38,8,0,58,0,0,22,0,22,12,38,30,0,80,0,0,0,80
11/27/2017,FWA,IN,AGL,CE,Combined TRACON& Tower with Radar,13,36,23,0,72,0,0,38,0,38,13,36,61,0,110,52,0,52,162
11/28/2017,FWA,IN,AGL,CE,Combined TRACON& Tower with Radar,16,29,21,7,73,0,0,17,7,24,16,29,38,14,97,22,0,22,119
11/29/2017,FWA,IN,AGL,CE,Combined TRACON& Tower with Radar,16,40,22,6,84,0,0,36,8,44,16,40,58,14,128,26,0,26,154
11/30/2017,FWA,IN,AGL,CE,Combined TRACON& Tower with Radar,25,36,21,9,91,0,0,16,6,22,25,36,37,15,113,10,0,10,123
12/01/2017,FWA,IN,AGL,CE,Combined TRACON& Tower with Radar,16,43,25,19,103,0,0,30,12,42,16,43,55,31,145,8,24,32,177
12/02/2017,FWA,IN,AGL,CE,Combined TRACON& Tower with Radar,12,26,12,2,52,0,0,16,14,30,12,26,28,16,82,0,12,12,94
12/03/2017,FWA,IN,AGL,CE,Combined TRACON& Tower with Radar,12,43,19,0,74,0,0,25,0,25,12,43,44,0,99,12,0,12,111
12/04/2017,FWA,IN,AGL,CE,Combined TRACON& Tower with Radar,17,36,12,10,75,0,0,11,9,20,17,36,23,19,95,6,6,12,107
12/05/2017,FWA,IN,AGL,CE,Combined TRACON& Tower with Radar,21,33,24,14,92,0,0,8,3,11,21,33,32,17,103,2,0,2,105
12/06/2017,FWA,IN,AGL,CE,Combined TRACON& Tower with Radar,16,34,23,10,83,0,0,12,4,16,16,34,35,14,99,4,0,4,103
12/07/2017,FWA,IN,AGL,CE,Combined TRACON& Tower with Radar,20,33,22,8,83,0,0,6,5,11,20,33,28,13,94,1,0,1,95
12/08/2017,FWA,IN,AGL,CE,Combined TRACON& Tower with Radar,19,34,20,0,73,0,2,31,4,37,19,36,51,4,110,10,0,10,120
12/09/2017,FWA,IN,AGL,CE,Combined TRACON& Tower with Radar,12,29,4,0,45,0,0,1,0,1,12,29,5,0,46,0,0,0,46
12/10/2017,FWA,IN,AGL,CE,Combined TRACON& Tower with Radar,12,34,5,0,51,0,2,11,1,14,12,36,16,1,65,0,0,0,65
12/11/2017,FWA,IN,AGL,CE,Combined TRACON& Tower with Radar,17,37,12,0,66,0,0,17,1,18,17,37,29,1,84,8,0,8,92
12/12/2017,FWA,IN,AGL,CE,Combined TRACON& Tower with Radar,20,37,27,0,84,0,0,5,0,5,20,37,32,0,89,0,0,0,89
12/13/2017,FWA,IN,AGL,CE,Combined TRACON& Tower with Radar,19,35,25,2,81,0,0,1,4,5,19,35,26,6,86,0,0,0,86
12/14/2017,FWA,IN,AGL,CE,Combined TRACON& Tower with Radar,21,38,32,6,97,0,0,46,3,49,21,38,78,9,146,68,0,68,214
12/15/2017,FWA,IN,AGL,CE,Combined TRACON& Tower with Radar,19,36,33,13,101,0,0,15,4,19,19,36,48,17,120,6,4,10,130
12/16/2017,FWA,IN,AGL,CE,Combined TRACON& Tower with Radar,17,25,22,0,64,0,0,22,0,22,17,25,44,0,86,12,0,12,98
12/17/2017,FWA,IN,AGL,CE,Combined TRACON& Tower with Radar,14,29,11,0,54,0,0,3,1,4,14,29,14,1,58,0,0,0,58
12/18/2017,FWA,IN,AGL,CE,Combined TRACON& Tower with Radar,14,31,16,0,61,0,0,0,0,0,14,31,16,0,61,0,0,0,61
12/19/2017,FWA,IN,AGL,CE,Combined TRACON& Tower with Radar,17,30,44,15,106,0,0,17,1,18,17,30,61,16,124,50,0,50,174
12/20/2017,FWA,IN,AGL,CE,Combined TRACON& Tower with Radar,21,31,29,5,86,0,0,58,8,66,21,31,87,13,152,28,0,28,180
12/21/2017,FWA,IN,AGL,CE,Combined TRACON& Tower with Radar,20,33,30,3,86,0,0,16,2,18,20,33,46,5,104,0,0,0,104
12/22/2017,FWA,IN,AGL,CE,Combined TRACON& Tower with Radar,16,34,13,0,63,0,0,0,0,0,16,34,13,0,63,0,0,0,63
12/23/2017,FWA,IN,AGL,CE,Combined TRACON& Tower with Radar,24,30,8,0,62,0,0,1,0,1,24,30,9,0,63,6,0,6,69
12/24/2017,FWA,IN,AGL,CE,Combined TRACON& Tower with Radar,10,24,3,0,37,0,0,2,0,2,10,24,5,0,39,0,0,0,39
12/25/2017,FWA,IN,AGL,CE,Combined TRACON& Tower with Radar,12,19,2,0,33,0,0,0,0,0,12,19,2,0,33,0,0,0,33
12/26/2017,FWA,IN,AGL,CE,Combined TRACON& Tower with Radar,17,35,26,0,78,0,0,13,0,13,17,35,39,0,91,0,0,0,91
12/27/2017,FWA,IN,AGL,CE,Combined TRACON& Tower with Radar,22,30,16,0,68,0,0,2,0,2,22,30,18,0,70,0,0,0,70
12/28/2017,FWA,IN,AGL,CE,Combined TRACON& Tower with Radar,21,35,17,0,73,0,0,7,0,7,21,35,24,0,80,0,0,0,80
12/29/2017,FWA,IN,AGL,CE,Combined TRACON& Tower with Radar,15,35,10,0,60,0,0,11,0,11,15,35,21,0,71,0,0,0,71
12/30/2017,FWA,IN,AGL,CE,Combined TRACON& Tower with Radar,17,33,9,0,59,0,0,0,0,0,17,33,9,0,59,0,0,0,59
12/31/2017,FWA,IN,AGL,CE,Combined TRACON& Tower with Radar,12,29,6,0,47,0,0,4,0,4,12,29,10,0,51,0,0,0,51
01/01/2018,FWA,IN,AGL,CE,Combined TRACON& Tower with Radar,9,20,4,0,33,0,0,1,0,1,9,20,5,0,34,0,0,0,34
01/02/2018,FWA,IN,AGL,CE,Combined TRACON& Tower with Radar,21,31,27,0,79,0,0,4,0,4,21,31,31,0,83,32,0,32,115
01/03/2018,FWA,IN,AGL,CE,Combined TRACON& Tower with Radar,23,30,13,8,74,0,0,2,2,4,23,30,15,10,78,0,0,0,78
01/04/2018,FWA,IN,AGL,CE,Combined TRACON& Tower with Radar,22,27,13,15,77,0,0,5,3,8,22,27,18,18,85,2,0,2,87
01/05/2018,FWA,IN,AGL,CE,Combined TRACON& Tower with Radar,15,31,19,9,74,0,0,7,4,11,15,31,26,13,85,0,0,0,85
01/06/2018,FWA,IN,AGL,CE,Combined TRACON& Tower with Radar,16,25,8,0,49,0,0,11,0,11,16,25,19,0,60,0,0,0,60
01/07/2018,FWA,IN,AGL,CE,Combined TRACON& Tower with Radar,13,32,13,0,58,0,0,15,0,15,13,32,28,0,73,10,0,10,83
01/08/2018,FWA,IN,AGL,CE,Combined TRACON& Tower with Radar,13,37,19,0,69,0,0,0,0,0,13,37,19,0,69,0,0,0,69
01/09/2018,FWA,IN,AGL,CE,Combined TRACON& Tower with Radar,20,34,27,0,81,0,0,0,0,0,20,34,27,0,81,0,0,0,81
01/10/2018,FWA,IN,AGL,CE,Combined TRACON& Tower with Radar,17,36,20,9,82,0,0,0,0,0,17,36,20,9,82,4,0,4,86
01/11/2018,FWA,IN,AGL,CE,Combined TRACON& Tower with Radar,22,31,29,10,92,0,0,0,4,4,22,31,29,14,96,4,0,4,100
01/12/2018,FWA,IN,AGL,CE,Combined TRACON& Tower with Radar,14,36,9,0,59,0,0,0,0,0,14,36,9,0,59,0,0,0,59
01/13/2018,FWA,IN,AGL,CE,Combined TRACON& Tower with Radar,11,28,3,0,42,0,0,17,0,17,11,28,20,0,59,14,0,14,73
01/14/2018,FWA,IN,AGL,CE,Combined TRACON& Tower with Radar,12,27,15,0,54,0,0,14,0,14,12,27,29,0,68,0,0,0,68
01/15/2018,FWA,IN,AGL,CE,Combined TRACON& Tower with Radar,11,35,16,0,62,0,0,0,0,0,11,35,16,0,62,0,0,0,62
01/16/2018,FWA,IN,AGL,CE,Combined TRACON& Tower with Radar,16,34,34,5,89,0,0,3,0,3,16,34,37,5,92,18,0,18,110
01/17/2018,FWA,IN,AGL,CE,Combined TRACON& Tower with Radar,20,31,21,5,77,0,0,11,6,17,20,31,32,11,94,0,0,0,94
01/18/2018,FWA,IN,AGL,CE,Combined TRACON& Tower with Radar,18,32,28,5,83,0,0,11,11,22,18,32,39,16,105,0,8,8,113
01/19/2018,FWA,IN,AGL,CE,Combined TRACON& Tower with Radar,14,34,16,2,66,0,0,21,0,21,14,34,37,2,87,40,0,40,127
01/20/2018,FWA,IN,AGL,CE,Combined TRACON& Tower with Radar,10,24,16,0,50,0,0,13,1,14,10,24,29,1,64,6,0,6,70
01/21/2018,FWA,IN,AGL,CE,Combined TRACON& Tower with Radar,9,29,9,2,49,0,0,0,0,0,9,29,9,2,49,0,0,0,49
01/22/2018,FWA,IN,AGL,CE,Combined TRACON& Tower with Radar,13,29,23,12,77,0,0,3,0,3,13,29,26,12,80,0,0,0,80
01/23/2018,FWA,IN,AGL,CE,Combined TRACON& Tower with Radar,18,27,23,0,68,0,0,1,0,1,18,27,24,0,69,0,0,0,69
01/24/2018,FWA,IN,AGL,CE,Combined TRACON& Tower with Radar,19,30,14,0,63,0,0,0,0,0,19,30,14,0,63,12,0,12,75
01/25/2018,FWA,IN,AGL,CE,Combined TRACON& Tower with Radar,23,35,26,0,84,0,0,30,0,30,23,35,56,0,114,36,0,36,150
01/26/2018,FWA,IN,AGL,CE,Combined TRACON& Tower with Radar,16,31,14,0,61,0,1,36,1,38,16,32,50,1,99,12,0,12,111
01/27/2018,FWA,IN,AGL,CE,Combined TRACON& Tower with Radar,10,22,2,2,36,0,0,4,0,4,10,22,6,2,40,0,0,0,40
01/28/2018,FWA,IN,AGL,CE,Combined TRACON& Tower with Radar,14,33,16,0,63,0,0,29,0,29,14,33,45,0,92,0,0,0,92
01/29/2018,FWA,IN,AGL,CE,Combined TRACON& Tower with Radar,14,33,9,0,56,0,0,0,0,0,14,33,9,0,56,0,0,0,56
01/30/2018,FWA,IN,AGL,CE,Combined TRACON& Tower with Radar,16,34,20,0,70,0,0,10,0,10,16,34,30,0,80,0,0,0,80
01/31/2018,FWA,IN,AGL,CE,Combined TRACON& Tower with Radar,27,37,21,0,85,0,0,5,0,5,27,37,26,0,90,0,0,0,90
02/01/2018,FWA,IN,AGL,CE,Combined TRACON& Tower with Radar,30,32,19,5,86,0,0,7,0,7,30,32,26,5,93,6,0,6,99
02/02/2018,FWA,IN,AGL,CE,Combined TRACON& Tower with Radar,28,32,12,5,77,0,0,10,1,11,28,32,22,6,88,20,0,20,108
02/03/2018,FWA,IN,AGL,CE,Combined TRACON& Tower with Radar,14,25,8,1,48,0,0,4,0,4,14,25,12,1,52,22,0,22,74
02/04/2018,FWA,IN,AGL,CE,Combined TRACON& Tower with Radar,11,20,1,0,32,0,0,0,0,0,11,20,1,0,32,0,0,0,32
02/05/2018,FWA,IN,AGL,CE,Combined TRACON& Tower with Radar,18,39,20,0,77,0,1,9,0,10,18,40,29,0,87,4,0,4,91
02/06/2018,FWA,IN,AGL,CE,Combined TRACON& Tower with Radar,15,31,24,2,72,0,1,12,2,15,15,32,36,4,87,0,0,0,87
02/07/2018,FWA,IN,AGL,CE,Combined TRACON& Tower with Radar,19,36,30,7,92,0,0,5,4,9,19,36,35,11,101,0,0,0,101
02/08/2018,FWA,IN,AGL,CE,Combined TRACON& Tower with Radar,22,37,31,11,101,0,0,9,7,16,22,37,40,18,117,16,2,18,135
02/09/2018,FWA,IN,AGL,CE,Combined TRACON& Tower with Radar,16,32,6,9,63,0,0,0,4,4,16,32,6,13,67,0,0,0,67
02/10/2018,FWA,IN,AGL,CE,Combined TRACON& Tower with Radar,8,22,6,0,36,0,0,0,0,0,8,22,6,0,36,0,0,0,36
02/11/2018,FWA,IN,AGL,CE,Combined TRACON& Tower with Radar,21,27,10,0,58,0,0,0,0,0,21,27,10,0,58,0,0,0,58
02/12/2018,FWA,IN,AGL,CE,Combined TRACON& Tower with Radar,14,39,33,9,95,0,0,27,5,32,14,39,60,14,127,24,0,24,151
02/13/2018,FWA,IN,AGL,CE,Combined TRACON& Tower with Radar,17,44,28,18,107,0,0,32,5,37,17,44,60,23,144,16,0,16,160
02/14/2018,FWA,IN,AGL,CE,Combined TRACON& Tower with Radar,19,32,20,25,96,0,0,3,0,3,19,32,23,25,99,0,0,0,99
02/15/2018,FWA,IN,AGL,CE,Combined TRACON& Tower with Radar,24,49,21,2,96,0,0,0,0,0,24,49,21,2,96,0,0,0,96
02/16/2018,FWA,IN,AGL,CE,Combined TRACON& Tower with Radar,16,36,23,0,75,0,0,17,2,19,16,36,40,2,94,22,0,22,116
02/17/2018,FWA,IN,AGL,CE,Combined TRACON& Tower with Radar,14,25,6,0,45,0,2,8,0,10,14,27,14,0,55,0,0,0,55
02/18/2018,FWA,IN,AGL,CE,Combined TRACON& Tower with Radar,12,27,13,0,52,0,0,14,0,14,12,27,27,0,66,50,0,50,116
02/19/2018,FWA,IN,AGL,CE,Combined TRACON& Tower with Radar,17,29,13,0,59,0,0,0,0,0,17,29,13,0,59,0,0,0,59
02/20/2018,FWA,IN,AGL,CE,Combined TRACON& Tower with Radar,17,36,18,7,78,0,0,2,4,6,17,36,20,11,84,4,0,4,88
02/21/2018,FWA,IN,AGL,CE,Combined TRACON& Tower with Radar,22,36,13,4,75,0,0,0,1,1,22,36,13,5,76,6,0,6,82
02/22/2018,FWA,IN,AGL,CE,Combined TRACON& Tower with Radar,19,34,23,6,82,0,0,0,0,0,19,34,23,6,82,0,0,0,82
02/23/2018,FWA,IN,AGL,CE,Combined TRACON& Tower with Radar,16,31,29,2,78,0,0,0,0,0,16,31,29,2,78,6,0,6,84
02/24/2018,FWA,IN,AGL,CE,Combined TRACON& Tower with Radar,15,26,8,2,51,0,0,0,0,0,15,26,8,2,51,0,0,0,51
02/25/2018,FWA,IN,AGL,CE,Combined TRACON& Tower with Radar,12,28,13,0,53,0,0,20,0,20,12,28,33,0,73,48,0,48,121
02/26/2018,FWA,IN,AGL,CE,Combined TRACON& Tower with Radar,14,34,19,0,67,0,0,86,0,86,14,34,105,0,153,104,0,104,257
02/27/2018,FWA,IN,AGL,CE,Combined TRACON& Tower with Radar,17,35,15,5,72,0,0,36,8,44,17,35,51,13,116,70,2,72,188
02/28/2018,FWA,IN,AGL,CE,Combined TRACON& Tower with Radar,25,32,14,5,76,0,0,19,12,31,25,32,33,17,107,0,4,4,111
03/01/2018,FWA,IN,AGL,CE,Combined TRACON& Tower with Radar,23,27,21,0,71,0,0,0,0,0,23,27,21,0,71,0,0,0,71
03/02/2018,FWA,IN,AGL,CE,Combined TRACON& Tower with Radar,17,33,24,2,76,0,0,35,9,44,17,33,59,11,120,30,2,32,152
03/03/2018,FWA,IN,AGL,CE,Combined TRACON& Tower with Radar,14,26,9,7,56,0,0,29,12,41,14,26,38,19,97,34,0,34,131
03/04/2018,FWA,IN,AGL,CE,Combined TRACON& Tower with Radar,14,28,17,4,63,0,0,24,10,34,14,28,41,14,97,11,4,15,112
03/05/2018,FWA,IN,AGL,CE,Combined TRACON& Tower with Radar,14,30,9,10,63,0,0,9,7,16,14,30,18,17,79,0,0,0,79
03/06/2018,FWA,IN,AGL,CE,Combined TRACON& Tower with Radar,22,32,22,18,94,0,0,5,4,9,22,32,27,22,103,8,0,8,111
03/07/2018,FWA,IN,AGL,CE,Combined TRACON& Tower with Radar,21,32,28,11,92,0,0,5,8,13,21,32,33,19,105,18,0,18,123
03/08/2018,FWA,IN,AGL,CE,Combined TRACON& Tower with Radar,21,33,12,10,76,0,0,3,8,11,21,33,15,18,87,0,0,0,87
03/09/2018,FWA,IN,AGL,CE,Combined TRACON& Tower with Radar,19,32,18,0,69,0,0,13,0,13,19,32,31,0,82,25,0,25,107
03/10/2018,FWA,IN,AGL,CE,Combined TRACON& Tower with Radar,17,30,5,0,52,0,2,30,0,32,17,32,35,0,84,12,0,12,96
03/11/2018,FWA,IN,AGL,CE,Combined TRACON& Tower with Radar,12,37,17,2,68,0,0,25,0,25,12,37,42,2,93,10,0,10,103
03/12/2018,FWA,IN,AGL,CE,Combined TRACON& Tower with Radar,18,31,19,0,68,0,0,1,0,1,18,31,20,0,69,0,0,0,69
03/13/2018,FWA,IN,AGL,CE,Combined TRACON& Tower with Radar,21,40,16,20,97,0,0,1,10,11,21,40,17,30,108,0,22,22,130
03/14/2018,FWA,IN,AGL,CE,Combined TRACON& Tower with Radar,25,29,16,13,83,0,0,25,3,28,25,29,41,16,111,24,0,24,135
03/15/2018,FWA,IN,AGL,CE,Combined TRACON& Tower with Radar,20,35,24,5,84,0,0,22,5,27,20,35,46,10,111,52,0,52,163
03/16/2018,FWA,IN,AGL,CE,Combined TRACON& Tower with Radar,18,33,15,6,72,0,2,17,8,27,18,35,32,14,99,48,6,54,153
03/17/2018,FWA,IN,AGL,CE,Combined TRACON& Tower with Radar,14,26,2,0,42,0,0,4,0,4,14,26,6,0,46,0,0,0,46
03/18/2018,FWA,IN,AGL,CE,Combined TRACON& Tower with Radar,12,31,12,0,55,0,0,50,0,50,12,31,62,0,105,72,0,72,177
03/19/2018,FWA,IN,AGL,CE,Combined TRACON& Tower with Radar,13,31,7,0,51,0,0,24,0,24,13,31,31,0,75,6,0,6,81
03/20/2018,FWA,IN,AGL,CE,Combined TRACON& Tower with Radar,23,30,15,5,73,0,0,14,7,21,23,30,29,12,94,4,8,12,106
03/21/2018,FWA,IN,AGL,CE,Combined TRACON& Tower with Radar,24,33,24,8,89,0,0,13,4,17,24,33,37,12,106,18,0,18,124
03/22/2018,FWA,IN,AGL,CE,Combined TRACON& Tower with Radar,19,35,17,11,82,0,2,42,5,49,19,37,59,16,131,64,23,87,218
03/23/2018,FWA,IN,AGL,CE,Combined TRACON& Tower with Radar,16,34,27,5,82,0,0,38,4,42,16,34,65,9,124,8,2,10,134
03/24/2018,FWA,IN,AGL,CE,Combined TRACON& Tower with Radar,16,29,8,0,53,0,0,7,0,7,16,29,15,0,60,0,0,0,60
03/25/2018,FWA,IN,AGL,CE,Combined TRACON& Tower with Radar,12,31,9,0,52,0,0,10,0,10,12,31,19,0,62,0,0,0,62
03/26/2018,FWA,IN,AGL,CE,Combined TRACON& Tower with Radar,13,33,24,0,70,0,0,6,0,6,13,33,30,0,76,6,0,6,82
03/27/2018,FWA,IN,AGL,CE,Combined TRACON& Tower with Radar,23,31,28,0,82,0,0,0,0,0,23,31,28,0,82,0,0,0,82
03/28/2018,FWA,IN,AGL,CE,Combined TRACON& Tower with Radar,22,35,21,18,96,0,0,0,0,0,22,35,21,18,96,0,0,0,96
03/29/2018,FWA,IN,AGL,CE,Combined TRACON& Tower with Radar,23,31,21,0,75,0,0,0,0,0,23,31,21,0,75,0,0,0,75
03/30/2018,FWA,IN,AGL,CE,Combined TRACON& Tower with Radar,16,30,10,3,59,0,0,31,5,36,16,30,41,8,95,53,0,53,148
03/31/2018,FWA,IN,AGL,CE,Combined TRACON& Tower with Radar,17,28,5,0,50,0,0,5,0,5,17,28,10,0,55,0,0,0,55
04/01/2018,FWA,IN,AGL,CE,Combined TRACON& Tower with Radar,12,34,5,0,51,0,0,29,0,29,12,34,34,0,80,4,0,4,84
04/02/2018,FWA,IN,AGL,CE,Combined TRACON& Tower with Radar,14,32,18,0,64,0,0,27,0,27,14,32,45,0,91,12,0,12,103
04/03/2018,FWA,IN,AGL,CE,Combined TRACON& Tower with Radar,21,30,18,0,69,0,0,0,0,0,21,30,18,0,69,0,0,0,69
04/04/2018,FWA,IN,AGL,CE,Combined TRACON& Tower with Radar,23,33,14,0,70,0,0,0,0,0,23,33,14,0,70,0,0,0,70
04/05/2018,FWA,IN,AGL,CE,Combined TRACON& Tower with Radar,20,35,19,0,74,0,0,21,0,21,20,35,40,0,95,14,0,14,109
04/06/2018,FWA,IN,AGL,CE,Combined TRACON& Tower with Radar,16,29,12,2,59,0,0,11,0,11,16,29,23,2,70,0,0,0,70
04/07/2018,FWA,IN,AGL,CE,Combined TRACON& Tower with Radar,18,29,12,0,59,0,0,39,0,39,18,29,51,0,98,20,0,20,118
04/08/2018,FWA,IN,AGL,CE,Combined TRACON& Tower with Radar,12,33,12,1,58,0,0,36,1,37,12,33,48,2,95,44,0,44,139
04/09/2018,FWA,IN,AGL,CE,Combined TRACON& Tower with Radar,17,34,17,1,69,0,0,4,0,4,17,34,21,1,73,4,0,4,77
04/10/2018,FWA,IN,AGL,CE,Combined TRACON& Tower with Radar,22,32,26,4,84,0,0,34,0,34,22,32,60,4,118,36,0,36,154
04/11/2018,FWA,IN,AGL,CE,Combined TRACON& Tower with Radar,19,34,30,2,85,0,2,26,1,29,19,36,56,3,114,12,0,12,126
04/12/2018,FWA,IN,AGL,CE,Combined TRACON& Tower with Radar,24,33,28,0,85,0,0,9,6,15,24,33,37,6,100,18,0,18,118
04/13/2018,FWA,IN,AGL,CE,Combined TRACON& Tower with Radar,16,35,15,4,70,0,0,11,0,11,16,35,26,4,81,2,0,2,83
04/14/2018,FWA,IN,AGL,CE,Combined TRACON& Tower with Radar,12,31,7,0,50,0,0,0,0,0,12,31,7,0,50,0,0,0,50
04/15/2018,FWA,IN,AGL,CE,Combined TRACON& Tower with Radar,12,35,10,0,57,0,0,0,0,0,12,35,10,0,57,0,0,0,57
04/16/2018,FWA,IN,AGL,CE,Combined TRACON& Tower with Radar,16,47,16,0,79,0,0,0,0,0,16,47,16,0,79,0,0,0,79
04/17/2018,FWA,IN,AGL,CE,Combined TRACON& Tower with Radar,20,42,28,0,90,0,0,12,0,12,20,42,40,0,102,10,0,10,112
04/18/2018,FWA,IN,AGL,CE,Combined TRACON& Tower with Radar,18,32,20,1,71,0,0,24,0,24,18,32,44,1,95,36,0,36,131
04/19/2018,FWA,IN,AGL,CE,Combined TRACON& Tower with Radar,22,35,8,0,65,0,0,21,0,21,22,35,29,0,86,66,0,66,152
04/20/2018,FWA,IN,AGL,CE,Combined TRACON& Tower with Radar,16,34,15,0,65,0,0,41,0,41,16,34,56,0,106,101,0,101,207
04/21/2018,FWA,IN,AGL,CE,Combined TRACON& Tower with Radar,10,26,29,0,65,0,0,38,0,38,10,26,67,0,103,43,0,43,146
04/22/2018,FWA,IN,AGL,CE,Combined TRACON& Tower with Radar,14,31,9,0,54,0,0,22,0,22,14,31,31,0,76,33,0,33,109
04/23/2018,FWA,IN,AGL,CE,Combined TRACON& Tower with Radar,14,34,12,0,60,0,0,13,0,13,14,34,25,0,73,16,0,16,89
04/24/2018,FWA,IN,AGL,CE,Combined TRACON& Tower with Radar,18,32,25,0,75,0,0,2,2,4,18,32,27,2,79,0,0,0,79
04/25/2018,FWA,IN,AGL,CE,Combined TRACON& Tower with Radar,24,35,35,0,94,0,0,35,1,36,24,35,70,1,130,30,0,30,160
04/26/2018,FWA,IN,AGL,CE,Combined TRACON& Tower with Radar,20,31,36,1,88,0,0,31,4,35,20,31,67,5,123,22,8,30,153
04/27/2018,FWA,IN,AGL,CE,Combined TRACON& Tower with Radar,16,32,19,2,69,0,0,20,1,21,16,32,39,3,90,6,4,10,100
04/28/2018,FWA,IN,AGL,CE,Combined TRACON& Tower with Radar,10,25,8,0,43,0,0,14,1,15,10,25,22,1,58,24,0,24,82
04/29/2018,FWA,IN,AGL,CE,Combined TRACON& Tower with Radar,14,34,15,0,63,0,0,30,0,30,14,34,45,0,93,44,0,44,137
04/30/2018,FWA,IN,AGL,CE,Combined TRACON& Tower with Radar,14,30,20,0,64,0,0,22,0,22,14,30,42,0,86,30,0,30,116
05/01/2018,FWA,IN,AGL,CE,Combined TRACON& Tower with Radar,18,34,31,0,83,0,0,25,6,31,18,34,56,6,114,31,0,31,145
05/02/2018,FWA,IN,AGL,CE,Combined TRACON& Tower with Radar,21,37,26,1,85,0,0,6,0,6,21,37,32,1,91,0,0,0,91
05/03/2018,FWA,IN,AGL,CE,Combined TRACON& Tower with Radar,20,34,16,0,70,0,0,0,4,4,20,34,16,4,74,4,12,16,90
05/04/2018,FWA,IN,AGL,CE,Combined TRACON& Tower with Radar,16,37,26,0,79,0,0,8,0,8,16,37,34,0,87,16,0,16,103
05/05/2018,FWA,IN,AGL,CE,Combined TRACON& Tower with Radar,10,30,8,0,48,0,0,32,0,32,10,30,40,0,80,36,0,36,116
05/06/2018,FWA,IN,AGL,CE,Combined TRACON& Tower with Radar,12,36,19,0,67,0,0,21,0,21,12,36,40,0,88,14,0,14,102
05/07/2018,FWA,IN,AGL,CE,Combined TRACON& Tower with Radar,14,35,25,0,74,0,0,12,0,12,14,35,37,0,86,14,0,14,100
05/08/2018,FWA,IN,AGL,CE,Combined TRACON& Tower with Radar,19,32,24,1,76,0,0,42,1,43,19,32,66,2,119,28,0,28,147
05/09/2018,FWA,IN,AGL,CE,Combined TRACON& Tower with Radar,21,38,30,1,90,0,0,10,1,11,21,38,40,2,101,20,0,20,121
05/10/2018,FWA,IN,AGL,CE,Combined TRACON& Tower with Radar,24,42,30,0,96,0,0,17,0,17,24,42,47,0,113,22,0,22,135
05/11/2018,FWA,IN,AGL,CE,Combined TRACON& Tower with Radar,18,32,23,0,73,0,0,7,10,17,18,32,30,10,90,20,0,20,110
05/12/2018,FWA,IN,AGL,CE,Combined TRACON& Tower with Radar,12,22,8,0,42,0,0,4,3,7,12,22,12,3,49,14,0,14,63
05/13/2018,FWA,IN,AGL,CE,Combined TRACON& Tower with Radar,12,33,5,0,50,0,0,8,0,8,12,33,13,0,58,0,0,0,58
05/14/2018,FWA,IN,AGL,CE,Combined TRACON& Tower with Radar,23,37,21,0,81,0,0,10,0,10,23,37,31,0,91,16,0,16,107
05/15/2018,FWA,IN,AGL,CE,Combined TRACON& Tower with Radar,19,33,27,0,79,0,0,9,0,9,19,33,36,0,88,6,0,6,94
05/16/2018,FWA,IN,AGL,CE,Combined TRACON& Tower with Radar,20,31,41,0,92,0,0,24,0,24,20,31,65,0,116,32,0,32,148
05/17/2018,FWA,IN,AGL,CE,Combined TRACON& Tower with Radar,22,38,22,0,82,0,1,35,1,37,22,39,57,1,119,10,0,10,129
05/18/2018,FWA,IN,AGL,CE,Combined TRACON& Tower with Radar,17,42,30,2,91,0,0,5,0,5,17,42,35,2,96,14,0,14,110
05/19/2018,FWA,IN,AGL,CE,Combined TRACON& Tower with Radar,14,29,4,0,47,0,0,1,0,1,14,29,5,0,48,0,0,0,48
05/20/2018,FWA,IN,AGL,CE,Combined TRACON& Tower with Radar,12,30,23,2,67,0,0,3,0,3,12,30,26,2,70,0,0,0,70
05/21/2018,FWA,IN,AGL,CE,Combined TRACON& Tower with Radar,18,30,9,0,57,0,0,4,0,4,18,30,13,0,61,2,0,2,63
05/22/2018,FWA,IN,AGL,CE,Combined TRACON& Tower with Radar,19,33,25,0,77,0,0,12,0,12,19,33,37,0,89,10,0,10,99
05/23/2018,FWA,IN,AGL,CE,Combined TRACON& Tower with Radar,28,33,15,2,78,0,0,30,4,34,28,33,45,6,112,30,0,30,142
05/24/2018,FWA,IN,AGL,CE,Combined TRACON& Tower with Radar,20,36,37,0,93,0,0,30,1,31,20,36,67,1,124,62,0,62,186
05/25/2018,FWA,IN,AGL,CE,Combined TRACON& Tower with Radar,21,36,11,0,68,0,0,34,2,36,21,36,45,2,104,16,0,16,120
05/26/2018,FWA,IN,AGL,CE,Combined TRACON& Tower with Radar,10,28,14,0,52,0,0,10,0,10,10,28,24,0,62,20,0,20,82
05/27/2018,FWA,IN,AGL,CE,Combined TRACON& Tower with Radar,13,22,2,0,37,0,0,19,0,19,13,22,21,0,56,4,0,4,60
05/28/2018,FWA,IN,AGL,CE,Combined TRACON& Tower with Radar,13,30,3,0,46,0,1,6,0,7,13,31,9,0,53,16,0,16,69
05/29/2018,FWA,IN,AGL,CE,Combined TRACON& Tower with Radar,17,32,23,0,72,0,3,11,1,15,17,35,34,1,87,14,0,14,101
05/30/2018,FWA,IN,AGL,CE,Combined TRACON& Tower with Radar,22,32,16,0,70,0,0,6,1,7,22,32,22,1,77,4,0,4,81
05/31/2018,FWA,IN,AGL,CE,Combined TRACON& Tower with Radar,19,36,16,0,71,0,0,3,2,5,19,36,19,2,76,2,12,14,90
06/01/2018,FWA,IN,AGL,CE,Combined TRACON& Tower with Radar,18,32,23,0,73,0,0,11,0,11,18,32,34,0,84,30,0,30,114
06/02/2018,FWA,IN,AGL,CE,Combined TRACON& Tower with Radar,12,32,19,0,63,0,0,6,0,6,12,32,25,0,69,2,0,2,71
06/03/2018,FWA,IN,AGL,CE,Combined TRACON& Tower with Radar,11,30,10,0,51,0,0,4,0,4,11,30,14,0,55,1,0,1,56
06/04/2018,FWA,IN,AGL,CE,Combined TRACON& Tower with Radar,11,37,20,0,68,0,0,7,0,7,11,37,27,0,75,0,0,0,75
06/05/2018,FWA,IN,AGL,CE,Combined TRACON& Tower with Radar,23,28,28,0,79,0,2,4,0,6,23,30,32,0,85,0,0,0,85
06/06/2018,FWA,IN,AGL,CE,Combined TRACON& Tower with Radar,21,30,26,2,79,0,0,41,2,43,21,30,67,4,122,53,0,53,175
06/07/2018,FWA,IN,AGL,CE,Combined TRACON& Tower with Radar,21,34,28,0,83,0,1,29,0,30,21,35,57,0,113,22,0,22,135
06/08/2018,FWA,IN,AGL,CE,Combined TRACON& Tower with Radar,21,36,14,0,71,0,0,11,0,11,21,36,25,0,82,14,0,14,96
06/09/2018,FWA,IN,AGL,CE,Combined TRACON& Tower with Radar,16,34,5,1,56,0,0,6,1,7,16,34,11,2,63,16,0,16,79
06/10/2018,FWA,IN,AGL,CE,Combined TRACON& Tower with Radar,14,38,16,0,68,0,0,0,2,2,14,38,16,2,70,0,0,0,70
06/11/2018,FWA,IN,AGL,CE,Combined TRACON& Tower with Radar,20,37,15,0,72,0,0,0,0,0,20,37,15,0,72,0,0,0,72
06/12/2018,FWA,IN,AGL,CE,Combined TRACON& Tower with Radar,22,40,21,0,83,0,0,10,0,10,22,40,31,0,93,0,0,0,93
06/13/2018,FWA,IN,AGL,CE,Combined TRACON& Tower with Radar,22,32,34,0,88,0,0,15,0,15,22,32,49,0,103,12,0,12,115
06/14/2018,FWA,IN,AGL,CE,Combined TRACON& Tower with Radar,26,37,24,2,89,0,0,40,2,42,26,37,64,4,131,32,4,36,167
06/15/2018,FWA,IN,AGL,CE,Combined TRACON& Tower with Radar,17,43,20,0,80,0,0,37,2,39,17,43,57,2,119,38,0,38,157
06/16/2018,FWA,IN,AGL,CE,Combined TRACON& Tower with Radar,17,34,9,0,60,0,0,15,2,17,17,34,24,2,77,20,0,20,97
06/17/2018,FWA,IN,AGL,CE,Combined TRACON& Tower with Radar,13,34,19,0,66,0,0,12,16,28,13,34,31,16,94,58,0,58,152
06/18/2018,FWA,IN,AGL,CE,Combined TRACON& Tower with Radar,17,35,24,0,76,0,0,20,18,38,17,35,44,18,114,24,0,24,138
06/19/2018,FWA,IN,AGL,CE,Combined TRACON& Tower with Radar,22,34,24,0,80,0,0,6,0,6,22,34,30,0,86,0,0,0,86
06/20/2018,FWA,IN,AGL,CE,Combined TRACON& Tower with Radar,20,40,17,2,79,0,0,1,3,4,20,40,18,5,83,24,16,40,123
06/21/2018,FWA,IN,AGL,CE,Combined TRACON& Tower with Radar,26,41,22,0,89,0,0,12,8,20,26,41,34,8,109,36,0,36,145
06/22/2018,FWA,IN,AGL,CE,Combined TRACON& Tower with Radar,20,35,19,0,74,0,0,1,0,1,20,35,20,0,75,0,0,0,75
06/23/2018,FWA,IN,AGL,CE,Combined TRACON& Tower with Radar,18,38,16,0,72,0,0,0,0,0,18,38,16,0,72,0,0,0,72
06/24/2018,FWA,IN,AGL,CE,Combined TRACON& Tower with Radar,14,36,18,0,68,0,0,21,16,37,14,36,39,16,105,36,0,36,141
06/25/2018,FWA,IN,AGL,CE,Combined TRACON& Tower with Radar,18,36,21,0,75,0,1,33,3,37,18,37,54,3,112,10,0,10,122
06/26/2018,FWA,IN,AGL,CE,Combined TRACON& Tower with Radar,25,40,22,1,88,0,0,17,0,17,25,40,39,1,105,38,0,38,143
06/27/2018,FWA,IN,AGL,CE,Combined TRACON& Tower with Radar,22,36,33,2,93,0,0,5,0,5,22,36,38,2,98,34,0,34,132
06/28/2018,FWA,IN,AGL,CE,Combined TRACON& Tower with Radar,21,37,24,0,82,0,0,43,2,45,21,37,67,2,127,47,0,47,174
06/29/2018,FWA,IN,AGL,CE,Combined TRACON& Tower with Radar,22,36,31,0,89,0,0,29,0,29,22,36,60,0,118,32,0,32,150
06/30/2018,FWA,IN,AGL,CE,Combined TRACON& Tower with Radar,16,30,8,0,54,0,0,26,1,27,16,30,34,1,81,12,0,12,93
07/01/2018,FWA,IN,AGL,CE,Combined TRACON& Tower with Radar,16,22,14,0,52,0,0,4,0,4,16,22,18,0,56,0,0,0,56
07/02/2018,FWA,IN,AGL,CE,Combined TRACON& Tower with Radar,19,19,24,1,63,0,0,8,0,8,19,19,32,1,71,26,0,26,97
07/03/2018,FWA,IN,AGL,CE,Combined TRACON& Tower with Radar,23,21,14,1,59,0,0,28,0,28,23,21,42,1,87,37,0,37,124
07/04/2018,FWA,IN,AGL,CE,Combined TRACON& Tower with Radar,15,20,0,0,35,0,0,19,0,19,15,20,19,0,54,0,0,0,54
07/05/2018,FWA,IN,AGL,CE,Combined TRACON& Tower with Radar,24,22,10,0,56,0,0,17,0,17,24,22,27,0,73,22,0,22,95
07/06/2018,FWA,IN,AGL,CE,Combined TRACON& Tower with Radar,20,26,25,6,77,0,0,34,0,34,20,26,59,6,111,43,0,43,154
07/07/2018,FWA,IN,AGL,CE,Combined TRACON& Tower with Radar,20,34,11,0,65,0,0,34,0,34,20,34,45,0,99,10,0,10,109
07/08/2018,FWA,IN,AGL,CE,Combined TRACON& Tower with Radar,17,32,8,0,57,0,0,22,2,24,17,32,30,2,81,86,0,86,167
07/09/2018,FWA,IN,AGL,CE,Combined TRACON& Tower with Radar,18,33,13,0,64,0,0,27,0,27,18,33,40,0,91,56,0,56,147
07/10/2018,FWA,IN,AGL,CE,Combined TRACON& Tower with Radar,29,38,26,0,93,0,2,12,0,14,29,40,38,0,107,23,0,23,130
07/11/2018,FWA,IN,AGL,CE,Combined TRACON& Tower with Radar,20,29,29,0,78,0,0,47,4,51,20,29,76,4,129,32,10,42,171
07/12/2018,FWA,IN,AGL,CE,Combined TRACON& Tower with Radar,22,32,18,0,72,0,0,24,0,24,22,32,42,0,96,24,0,24,120
07/13/2018,FWA,IN,AGL,CE,Combined TRACON& Tower with Radar,21,33,21,2,77,0,0,21,1,22,21,33,42,3,99,14,0,14,113
07/14/2018,FWA,IN,AGL,CE,Combined TRACON& Tower with Radar,16,29,3,0,48,0,0,16,1,17,16,29,19,1,65,18,0,18,83
07/15/2018,FWA,IN,AGL,CE,Combined TRACON& Tower with Radar,15,36,9,0,60,0,0,13,1,14,15,36,22,1,74,6,0,6,80
07/16/2018,FWA,IN,AGL,CE,Combined TRACON& Tower with Radar,28,35,16,2,81,0,0,12,0,12,28,35,28,2,93,6,0,6,99
07/17/2018,FWA,IN,AGL,CE,Combined TRACON& Tower with Radar,28,34,21,0,83,0,0,26,0,26,28,34,47,0,109,34,0,34,143
07/18/2018,FWA,IN,AGL,CE,Combined TRACON& Tower with Radar,28,31,20,2,81,0,0,33,0,33,28,31,53,2,114,36,0,36,150
07/19/2018,FWA,IN,AGL,CE,Combined TRACON& Tower with Radar,26,35,31,1,93,0,0,23,2,25,26,35,54,3,118,16,0,16,134
07/20/2018,FWA,IN,AGL,CE,Combined TRACON& Tower with Radar,20,37,24,0,81,0,0,2,0,2,20,37,26,0,83,0,0,0,83
07/21/2018,FWA,IN,AGL,CE,Combined TRACON& Tower with Radar,14,28,23,0,65,0,0,0,0,0,14,28,23,0,65,0,0,0,65
07/22/2018,FWA,IN,AGL,CE,Combined TRACON& Tower with Radar,13,34,15,1,63,0,0,7,1,8,13,34,22,2,71,14,0,14,85
07/23/2018,FWA,IN,AGL,CE,Combined TRACON& Tower with Radar,19,27,22,0,68,0,0,10,0,10,19,27,32,0,78,0,0,0,78
07/24/2018,FWA,IN,AGL,CE,Combined TRACON& Tower with Radar,21,38,18,0,77,0,0,14,0,14,21,38,32,0,91,2,0,2,93
07/25/2018,FWA,IN,AGL,CE,Combined TRACON& Tower with Radar,20,29,21,2,72,0,0,29,3,32,20,29,50,5,104,26,4,30,134
07/26/2018,FWA,IN,AGL,CE,Combined TRACON& Tower with Radar,23,38,27,2,90,0,0,6,1,7,23,38,33,3,97,0,0,0,97
07/27/2018,FWA,IN,AGL,CE,Combined TRACON& Tower with Radar,22,39,41,2,104,0,0,22,8,30,22,39,63,10,134,2,0,2,136
07/28/2018,FWA,IN,AGL,CE,Combined TRACON& Tower with Radar,16,30,13,0,59,0,0,26,0,26,16,30,39,0,85,30,0,30,115
07/29/2018,FWA,IN,AGL,CE,Combined TRACON& Tower with Radar,14,33,15,0,62,0,1,35,1,37,14,34,50,1,99,48,0,48,147
07/30/2018,FWA,IN,AGL,CE,Combined TRACON& Tower with Radar,19,31,16,0,66,0,0,5,0,5,19,31,21,0,71,6,0,6,77
07/31/2018,FWA,IN,AGL,CE,Combined TRACON& Tower with Radar,24,27,24,0,75,0,0,0,0,0,24,27,24,0,75,0,0,0,75
08/01/2018,FWA,IN,AGL,CE,Combined TRACON& Tower with Radar,23,22,11,0,56,0,0,15,0,15,23,22,26,0,71,14,0,14,85
08/02/2018,FWA,IN,AGL,CE,Combined TRACON& Tower with Radar,22,38,24,2,86,0,0,22,3,25,22,38,46,5,111,4,0,4,115
08/03/2018,FWA,IN,AGL,CE,Combined TRACON& Tower with Radar,20,36,15,0,71,0,0,78,1,79,20,36,93,1,150,22,0,22,172
08/04/2018,FWA,IN,AGL,CE,Combined TRACON& Tower with Radar,12,31,14,0,57,0,0,12,1,13,12,31,26,1,70,18,0,18,88
08/05/2018,FWA,IN,AGL,CE,Combined TRACON& Tower with Radar,14,33,7,0,54,0,0,11,0,11,14,33,18,0,65,0,0,0,65
08/06/2018,FWA,IN,AGL,CE,Combined TRACON& Tower with Radar,18,31,16,0,65,0,0,16,0,16,18,31,32,0,81,0,0,0,81
08/07/2018,FWA,IN,AGL,CE,Combined TRACON& Tower with Radar,20,34,23,0,77,0,2,26,0,28,20,36,49,0,105,48,0,48,153
08/08/2018,FWA,IN,AGL,CE,Combined TRACON& Tower with Radar,18,35,24,0,77,0,0,26,1,27,18,35,50,1,104,0,0,0,104
08/09/2018,FWA,IN,AGL,CE,Combined TRACON& Tower with Radar,22,27,34,0,83,0,0,10,2,12,22,27,44,2,95,4,0,4,99
08/10/2018,FWA,IN,AGL,CE,Combined TRACON& Tower with Radar,19,33,25,0,77,0,0,15,0,15,19,33,40,0,92,34,0,34,126
08/11/2018,FWA,IN,AGL,CE,Combined TRACON& Tower with Radar,11,32,20,0,63,0,0,23,0,23,11,32,43,0,86,0,0,0,86
08/12/2018,FWA,IN,AGL,CE,Combined TRACON& Tower with Radar,14,31,16,0,61,0,0,13,0,13,14,31,29,0,74,9,0,9,83
08/13/2018,FWA,IN,AGL,CE,Combined TRACON& Tower with Radar,17,35,26,1,79,0,0,39,0,39,17,35,65,1,118,12,0,12,130
08/14/2018,FWA,IN,AGL,CE,Combined TRACON& Tower with Radar,23,43,27,1,94,0,0,30,8,38,23,43,57,9,132,14,0,14,146
08/15/2018,FWA,IN,AGL,CE,Combined TRACON& Tower with Radar,20,33,31,0,84,0,0,23,2,25,20,33,54,2,109,10,0,10,119
08/16/2018,FWA,IN,AGL,CE,Combined TRACON& Tower with Radar,23,44,39,0,106,0,0,0,0,0,23,44,39,0,106,0,0,0,106
08/17/2018,FWA,IN,AGL,CE,Combined TRACON& Tower with Radar,17,34,27,2,80,0,0,3,1,4,17,34,30,3,84,0,0,0,84
08/18/2018,FWA,IN,AGL,CE,Combined TRACON& Tower with Radar,13,27,21,0,61,0,0,10,2,12,13,27,31,2,73,6,0,6,79
08/19/2018,FWA,IN,AGL,CE,Combined TRACON& Tower with Radar,17,30,14,0,61,0,0,27,3,30,17,30,41,3,91,32,0,32,123
08/20/2018,FWA,IN,AGL,CE,Combined TRACON& Tower with Radar,19,39,12,1,71,0,0,0,0,0,19,39,12,1,71,0,0,0,71
08/21/2018,FWA,IN,AGL,CE,Combined TRACON& Tower with Radar,21,40,28,3,92,0,0,6,1,7,21,40,34,4,99,0,0,0,99
08/22/2018,FWA,IN,AGL,CE,Combined TRACON& Tower with Radar,20,34,28,1,83,0,0,30,1,31,20,34,58,2,114,26,0,26,140
08/23/2018,FWA,IN,AGL,CE,Combined TRACON& Tower with Radar,24,35,40,0,99,0,2,35,8,45,24,37,75,8,144,78,0,78,222
08/24/2018,FWA,IN,AGL,CE,Combined TRACON& Tower with Radar,20,35,16,0,71,0,0,22,4,26,20,35,38,4,97,2,14,16,113
08/25/2018,FWA,IN,AGL,CE,Combined TRACON& Tower with Radar,10,26,7,0,43,0,0,0,2,2,10,26,7,2,45,0,0,0,45
08/26/2018,FWA,IN,AGL,CE,Combined TRACON& Tower with Radar,20,34,18,15,87,0,0,4,0,4,20,34,22,15,91,0,0,0,91
08/27/2018,FWA,IN,AGL,CE,Combined TRACON& Tower with Radar,17,34,9,0,60,0,0,15,0,15,17,34,24,0,75,2,0,2,77
08/28/2018,FWA,IN,AGL,CE,Combined TRACON& Tower with Radar,26,35,31,1,93,0,0,15,1,16,26,35,46,2,109,16,0,16,125
08/29/2018,FWA,IN,AGL,CE,Combined TRACON& Tower with Radar,22,32,25,0,79,0,0,13,3,16,22,32,38,3,95,28,12,40,135
08/30/2018,FWA,IN,AGL,CE,Combined TRACON& Tower with Radar,24,36,31,1,92,0,0,28,0,28,24,36,59,1,120,28,0,28,148
08/31/2018,FWA,IN,AGL,CE,Combined TRACON& Tower with Radar,21,32,27,0,80,0,0,16,0,16,21,32,43,0,96,18,0,18,114
09/01/2018,FWA,IN,AGL,CE,Combined TRACON& Tower with Radar,10,23,7,0,40,0,0,10,0,10,10,23,17,0,50,6,0,6,56
09/02/2018,FWA,IN,AGL,CE,Combined TRACON& Tower with Radar,16,25,5,0,46,0,0,21,0,21,16,25,26,0,67,8,0,8,75
09/03/2018,FWA,IN,AGL,CE,Combined TRACON& Tower with Radar,13,30,9,0,52,0,0,13,0,13,13,30,22,0,65,18,0,18,83
09/04/2018,FWA,IN,AGL,CE,Combined TRACON& Tower with Radar,19,32,26,0,77,0,1,19,2,22,19,33,45,2,99,0,0,0,99
09/05/2018,FWA,IN,AGL,CE,Combined TRACON& Tower with Radar,19,41,21,1,82,0,0,19,1,20,19,41,40,2,102,4,2,6,108
09/06/2018,FWA,IN,AGL,CE,Combined TRACON& Tower with Radar,22,42,23,0,87,0,0,4,0,4,22,42,27,0,91,2,0,2,93
09/07/2018,FWA,IN,AGL,CE,Combined TRACON& Tower with Radar,20,34,28,7,89,0,0,5,2,7,20,34,33,9,96,26,0,26,122
09/08/2018,FWA,IN,AGL,CE,Combined TRACON& Tower with Radar,13,27,7,0,47,0,0,0,0,0,13,27,7,0,47,2,0,2,49
09/09/2018,FWA,IN,AGL,CE,Combined TRACON& Tower with Radar,18,34,19,0,71,0,0,2,0,2,18,34,21,0,73,0,0,0,73
09/10/2018,FWA,IN,AGL,CE,Combined TRACON& Tower with Radar,18,37,28,0,83,0,0,2,0,2,18,37,30,0,85,0,0,0,85
09/11/2018,FWA,IN,AGL,CE,Combined TRACON& Tower with Radar,21,32,27,0,80,0,0,17,8,25,21,32,44,8,105,14,4,18,123
09/12/2018,FWA,IN,AGL,CE,Combined TRACON& Tower with Radar,20,39,41,1,101,0,0,22,7,29,20,39,63,8,130,26,0,26,156
09/13/2018,FWA,IN,AGL,CE,Combined TRACON& Tower with Radar,24,35,30,6,95,0,2,15,14,31,24,37,45,20,126,24,32,56,182
09/14/2018,FWA,IN,AGL,CE,Combined TRACON& Tower with Radar,20,34,31,3,88,0,0,32,6,38,20,34,63,9,126,52,30,82,208
09/15/2018,FWA,IN,AGL,CE,Combined TRACON& Tower with Radar,7,29,11,14,61,0,0,14,1,15,7,29,25,15,76,0,4,4,80
09/16/2018,FWA,IN,AGL,CE,Combined TRACON& Tower with Radar,15,37,16,0,68,0,2,14,2,18,15,39,30,2,86,2,2,4,90
09/17/2018,FWA,IN,AGL,CE,Combined TRACON& Tower with Radar,18,34,27,6,85,0,0,16,10,26,18,34,43,16,111,14,8,22,133
09/18/2018,FWA,IN,AGL,CE,Combined TRACON& Tower with Radar,20,38,33,2,93,0,0,29,10,39,20,38,62,12,132,31,15,46,178
09/19/2018,FWA,IN,AGL,CE,Combined TRACON& Tower with Radar,29,36,26,7,98,0,2,17,8,27,29,38,43,15,125,24,8,32,157
09/20/2018,FWA,IN,AGL,CE,Combined TRACON& Tower with Radar,26,34,35,5,100,0,0,25,12,37,26,34,60,17,137,34,8,42,179
09/21/2018,FWA,IN,AGL,CE,Combined TRACON& Tower with Radar,21,35,10,0,66,0,0,10,0,10,21,35,20,0,76,0,0,0,76
09/22/2018,FWA,IN,AGL,CE,Combined TRACON& Tower with Radar,15,31,8,0,54,0,2,22,0,24,15,33,30,0,78,18,0,18,96
09/23/2018,FWA,IN,AGL,CE,Combined TRACON& Tower with Radar,17,33,22,0,72,0,4,14,0,18,17,37,36,0,90,20,0,20,110
09/24/2018,FWA,IN,AGL,CE,Combined TRACON& Tower with Radar,20,37,28,6,91,0,0,2,2,4,20,37,30,8,95,12,0,12,107
09/25/2018,FWA,IN,AGL,CE,Combined TRACON& Tower with Radar,20,41,25,0,86,0,0,2,0,2,20,41,27,0,88,0,0,0,88
09/26/2018,FWA,IN,AGL,CE,Combined TRACON& Tower with Radar,21,41,33,4,99,0,0,27,22,49,21,41,60,26,148,72,8,80,228
09/27/2018,FWA,IN,AGL,CE,Combined TRACON& Tower with Radar,26,35,28,5,94,0,2,42,16,60,26,37,70,21,154,90,8,98,252
09/28/2018,FWA,IN,AGL,CE,Combined TRACON& Tower with Radar,21,35,14,0,70,0,0,28,11,39,21,35,42,11,109,26,0,26,135
09/29/2018,FWA,IN,AGL,CE,Combined TRACON& Tower with Radar,13,30,8,0,51,0,2,43,0,45,13,32,51,0,96,20,0,20,116
09/30/2018,FWA,IN,AGL,CE,Combined TRACON& Tower with Radar,16,35,8,0,59,0,0,21,10,31,16,35,29,10,90,48,0,48,138
10/01/2018,FWA,IN,AGL,CE,Combined TRACON& Tower with Radar,19,37,21,2,79,0,1,21,0,22,19,38,42,2,101,22,0,22,123
10/02/2018,FWA,IN,AGL,CE,Combined TRACON& Tower with Radar,24,33,33,0,90,0,0,0,1,1,24,33,33,1,91,0,0,0,91
10/03/2018,FWA,IN,AGL,CE,Combined TRACON& Tower with Radar,28,40,20,2,90,0,0,11,4,15,28,40,31,6,105,4,6,10,115
10/04/2018,FWA,IN,AGL,CE,Combined TRACON& Tower with Radar,26,35,19,10,90,0,0,22,1,23,26,35,41,11,113,16,6,22,135
10/05/2018,FWA,IN,AGL,CE,Combined TRACON& Tower with Radar,23,35,17,0,75,0,0,0,0,0,23,35,17,0,75,0,0,0,75
10/06/2018,FWA,IN,AGL,CE,Combined TRACON& Tower with Radar,16,27,5,0,48,0,0,3,0,3,16,27,8,0,51,0,0,0,51
10/07/2018,FWA,IN,AGL,CE,Combined TRACON& Tower with Radar,15,39,12,0,66,0,0,0,0,0,15,39,12,0,66,0,0,0,66
10/08/2018,FWA,IN,AGL,CE,Combined TRACON& Tower with Radar,18,38,25,0,81,0,0,23,0,23,18,38,48,0,104,18,0,18,122
10/09/2018,FWA,IN,AGL,CE,Combined TRACON& Tower with Radar,22,38,41,1,102,0,2,22,10,34,22,40,63,11,136,16,8,24,160
10/10/2018,FWA,IN,AGL,CE,Combined TRACON& Tower with Radar,28,34,24,4,90,0,0,4,2,6,28,34,28,6,96,32,0,32,128
10/11/2018,FWA,IN,AGL,CE,Combined TRACON& Tower with Radar,21,39,22,5,87,0,0,12,8,20,21,39,34,13,107,12,0,12,119
10/12/2018,FWA,IN,AGL,CE,Combined TRACON& Tower with Radar,22,36,12,4,74,0,0,16,12,28,22,36,28,16,102,4,0,4,106
10/13/2018,FWA,IN,AGL,CE,Combined TRACON& Tower with Radar,15,29,13,18,75,0,0,14,1,15,15,29,27,19,90,4,2,6,96
10/14/2018,FWA,IN,AGL,CE,Combined TRACON& Tower with Radar,16,30,22,0,68,0,2,30,1,33,16,32,52,1,101,32,0,32,133
10/15/2018,FWA,IN,AGL,CE,Combined TRACON& Tower with Radar,21,32,16,7,76,0,0,12,4,16,21,32,28,11,92,20,0,20,112
10/16/2018,FWA,IN,AGL,CE,Combined TRACON& Tower with Radar,24,43,20,0,87,0,0,19,4,23,24,43,39,4,110,44,2,46,156
10/17/2018,FWA,IN,AGL,CE,Combined TRACON& Tower with Radar,32,37,31,4,104,0,2,26,2,30,32,39,57,6,134,42,0,42,176
10/18/2018,FWA,IN,AGL,CE,Combined TRACON& Tower with Radar,25,43,13,2,83,0,2,35,0,37,25,45,48,2,120,14,0,14,134
10/19/2018,FWA,IN,AGL,CE,Combined TRACON& Tower with Radar,21,37,20,0,78,0,0,12,1,13,21,37,32,1,91,80,0,80,171
10/20/2018,FWA,IN,AGL,CE,Combined TRACON& Tower with Radar,18,28,7,2,55,0,0,11,1,12,18,28,18,3,67,2,0,2,69
10/21/2018,FWA,IN,AGL,CE,Combined TRACON& Tower with Radar,16,34,15,0,65,0,0,23,0,23,16,34,38,0,88,0,0,0,88
10/22/2018,FWA,IN,AGL,CE,Combined TRACON& Tower with Radar,19,34,13,0,66,0,0,31,0,31,19,34,44,0,97,32,0,32,129
10/23/2018,FWA,IN,AGL,CE,Combined TRACON& Tower with Radar,25,32,25,5,87,0,2,27,1,30,25,34,52,6,117,30,0,30,147
10/24/2018,FWA,IN,AGL,CE,Combined TRACON& Tower with Radar,27,37,31,4,99,0,2,39,16,57,27,39,70,20,156,44,0,44,200
10/25/2018,FWA,IN,AGL,CE,Combined TRACON& Tower with Radar,24,40,21,1,86,0,2,26,7,35,24,42,47,8,121,32,12,44,165
10/26/2018,FWA,IN,AGL,CE,Combined TRACON& Tower with Radar,21,32,18,0,71,0,0,10,8,18,21,32,28,8,89,10,0,10,99
10/27/2018,FWA,IN,AGL,CE,Combined TRACON& Tower with Radar,15,28,19,0,62,0,1,5,0,6,15,29,24,0,68,0,0,0,68
10/28/2018,FWA,IN,AGL,CE,Combined TRACON& Tower with Radar,17,30,16,0,63,0,0,0,0,0,17,30,16,0,63,0,0,0,63
10/29/2018,FWA,IN,AGL,CE,Combined TRACON& Tower with Radar,20,38,10,0,68,0,1,19,0,20,20,39,29,0,88,8,0,8,96
10/30/2018,FWA,IN,AGL,CE,Combined TRACON& Tower with Radar,26,35,27,3,91,0,2,19,12,33,26,37,46,15,124,24,4,28,152
10/31/2018,FWA,IN,AGL,CE,Combined TRACON& Tower with Radar,24,29,24,5,82,0,0,4,0,4,24,29,28,5,86,6,0,6,92
11/01/2018,FWA,IN,AGL,CE,Combined TRACON& Tower with Radar,29,32,26,0,87,0,0,0,0,0,29,32,26,0,87,0,0,0,87
11/02/2018,FWA,IN,AGL,CE,Combined TRACON& Tower with Radar,23,37,26,5,91,0,2,21,12,35,23,39,47,17,126,0,4,4,130
11/03/2018,FWA,IN,AGL,CE,Combined TRACON& Tower with Radar,13,30,10,4,57,0,0,40,13,53,13,30,50,17,110,26,20,46,156
11/04/2018,FWA,IN,AGL,CE,Combined TRACON& Tower with Radar,16,32,12,1,61,0,0,7,1,8,16,32,19,2,69,0,0,0,69
11/05/2018,FWA,IN,AGL,CE,Combined TRACON& Tower with Radar,18,32,17,3,70,0,0,10,5,15,18,32,27,8,85,6,0,6,91
11/06/2018,FWA,IN,AGL,CE,Combined TRACON& Tower with Radar,26,34,29,8,97,0,0,9,5,14,26,34,38,13,111,0,0,0,111
11/07/2018,FWA,IN,AGL,CE,Combined TRACON& Tower with Radar,24,37,19,12,92,0,0,10,3,13,24,37,29,15,105,18,0,18,123
11/08/2018,FWA,IN,AGL,CE,Combined TRACON& Tower with Radar,23,31,31,1,86,0,2,26,0,28,23,33,57,1,114,8,0,8,122
11/09/2018,FWA,IN,AGL,CE,Combined TRACON& Tower with Radar,20,31,13,0,64,0,0,0,0,0,20,31,13,0,64,0,0,0,64
11/10/2018,FWA,IN,AGL,CE,Combined TRACON& Tower with Radar,13,29,12,0,54,0,0,16,5,21,13,29,28,5,75,10,10,20,95
11/11/2018,FWA,IN,AGL,CE,Combined TRACON& Tower with Radar,16,34,18,0,68,0,2,15,1,18,16,36,33,1,86,8,0,8,94
11/12/2018,FWA,IN,AGL,CE,Combined TRACON& Tower with Radar,19,29,17,0,65,0,0,15,0,15,19,29,32,0,80,14,0,14,94
11/13/2018,FWA,IN,AGL,CE,Combined TRACON& Tower with Radar,25,37,23,12,97,0,0,14,4,18,25,37,37,16,115,14,0,14,129
11/14/2018,FWA,IN,AGL,CE,Combined TRACON& Tower with Radar,22,34,28,4,88,0,4,20,10,34,22,38,48,14,122,12,0,12,134
11/15/2018,FWA,IN,AGL,CE,Combined TRACON& Tower with Radar,23,30,19,0,72,0,0,0,0,0,23,30,19,0,72,0,0,0,72
11/16/2018,FWA,IN,AGL,CE,Combined TRACON& Tower with Radar,22,40,20,10,92,0,0,7,0,7,22,40,27,10,99,24,0,24,123
11/17/2018,FWA,IN,AGL,CE,Combined TRACON& Tower with Radar,14,30,7,0,51,0,0,1,0,1,14,30,8,0,52,0,0,0,52
11/18/2018,FWA,IN,AGL,CE,Combined TRACON& Tower with Radar,16,32,12,0,60,0,0,0,0,0,16,32,12,0,60,0,0,0,60
11/19/2018,FWA,IN,AGL,CE,Combined TRACON& Tower with Radar,19,32,24,14,89,0,0,13,1,14,19,32,37,15,103,6,2,8,111
11/20/2018,FWA,IN,AGL,CE,Combined TRACON& Tower with Radar,27,36,30,6,99,0,0,3,0,3,27,36,33,6,102,0,4,4,106
11/21/2018,FWA,IN,AGL,CE,Combined TRACON& Tower with Radar,24,35,15,1,75,0,0,4,5,9,24,35,19,6,84,0,0,0,84
11/22/2018,FWA,IN,AGL,CE,Combined TRACON& Tower with Radar,6,18,1,0,25,0,0,4,0,4,6,18,5,0,29,0,0,0,29
11/23/2018,FWA,IN,AGL,CE,Combined TRACON& Tower with Radar,22,25,14,0,61,0,0,30,0,30,22,25,44,0,91,24,0,24,115
11/24/2018,FWA,IN,AGL,CE,Combined TRACON& Tower with Radar,15,29,1,0,45,0,0,0,0,0,15,29,1,0,45,0,0,0,45
11/25/2018,FWA,IN,AGL,CE,Combined TRACON& Tower with Radar,16,37,12,0,65,0,0,9,0,9,16,37,21,0,74,4,0,4,78
11/26/2018,FWA,IN,AGL,CE,Combined TRACON& Tower with Radar,18,27,10,0,55,0,0,0,0,0,18,27,10,0,55,0,0,0,55
11/27/2018,FWA,IN,AGL,CE,Combined TRACON& Tower with Radar,20,32,26,8,86,0,0,0,1,1,20,32,26,9,87,0,0,0,87
11/28/2018,FWA,IN,AGL,CE,Combined TRACON& Tower with Radar,22,39,23,15,99,0,2,4,1,7,22,41,27,16,106,12,8,20,126
11/29/2018,FWA,IN,AGL,CE,Combined TRACON& Tower with Radar,21,31,27,2,81,0,2,10,5,17,21,33,37,7,98,0,2,2,100
11/30/2018,FWA,IN,AGL,CE,Combined TRACON& Tower with Radar,19,30,19,5,73,0,0,0,0,0,19,30,19,5,73,0,0,0,73
12/01/2018,FWA,IN,AGL,CE,Combined TRACON& Tower with Radar,16,25,8,0,49,0,0,0,0,0,16,25,8,0,49,0,0,0,49
12/02/2018,FWA,IN,AGL,CE,Combined TRACON& Tower with Radar,20,31,9,2,62,0,0,14,1,15,20,31,23,3,77,10,2,12,89
12/03/2018,FWA,IN,AGL,CE,Combined TRACON& Tower with Radar,20,31,9,4,64,0,0,0,0,0,20,31,9,4,64,0,0,0,64
12/04/2018,FWA,IN,AGL,CE,Combined TRACON& Tower with Radar,21,33,29,2,85,0,0,13,1,14,21,33,42,3,99,8,0,8,107
12/05/2018,FWA,IN,AGL,CE,Combined TRACON& Tower with Radar,22,28,29,0,79,0,0,2,0,2,22,28,31,0,81,0,0,0,81
12/06/2018,FWA,IN,AGL,CE,Combined TRACON& Tower with Radar,22,31,25,1,79,0,0,6,3,9,22,31,31,4,88,6,0,6,94
12/07/2018,FWA,IN,AGL,CE,Combined TRACON& Tower with Radar,22,30,28,0,80,0,2,26,0,28,22,32,54,0,108,4,0,4,112
12/08/2018,FWA,IN,AGL,CE,Combined TRACON& Tower with Radar,14,25,16,2,57,0,0,22,2,24,14,25,38,4,81,12,0,12,93
12/09/2018,FWA,IN,AGL,CE,Combined TRACON& Tower with Radar,14,35,19,0,68,0,2,35,1,38,14,37,54,1,106,32,0,32,138
12/10/2018,FWA,IN,AGL,CE,Combined TRACON& Tower with Radar,18,28,21,0,67,0,0,2,0,2,18,28,23,0,69,0,0,0,69
12/11/2018,FWA,IN,AGL,CE,Combined TRACON& Tower with Radar,20,34,23,1,78,0,0,50,1,51,20,34,73,2,129,58,2,60,189
12/12/2018,FWA,IN,AGL,CE,Combined TRACON& Tower with Radar,20,30,31,0,81,0,0,12,0,12,20,30,43,0,93,6,0,6,99
12/13/2018,FWA,IN,AGL,CE,Combined TRACON& Tower with Radar,23,37,36,24,120,0,0,11,0,11,23,37,47,24,131,12,0,12,143
12/14/2018,FWA,IN,AGL,CE,Combined TRACON& Tower with Radar,25,36,29,6,96,0,0,6,0,6,25,36,35,6,102,2,0,2,104
12/15/2018,FWA,IN,AGL,CE,Combined TRACON& Tower with Radar,16,25,19,0,60,0,0,16,0,16,16,25,35,0,76,22,0,22,98
12/16/2018,FWA,IN,AGL,CE,Combined TRACON& Tower with Radar,16,29,16,0,61,0,0,30,0,30,16,29,46,0,91,12,0,12,103
12/17/2018,FWA,IN,AGL,CE,Combined TRACON& Tower with Radar,16,35,26,0,77,0,2,18,0,20,16,37,44,0,97,10,0,10,107
12/18/2018,FWA,IN,AGL,CE,Combined TRACON& Tower with Radar,20,30,23,1,74,0,0,42,12,54,20,30,65,13,128,10,0,10,138
12/19/2018,FWA,IN,AGL,CE,Combined TRACON& Tower with Radar,20,37,30,1,88,0,2,43,7,52,20,39,73,8,140,54,14,68,208
12/20/2018,FWA,IN,AGL,CE,Combined TRACON& Tower with Radar,21,46,20,3,90,0,0,2,7,9,21,46,22,10,99,0,8,8,107
12/21/2018,FWA,IN,AGL,CE,Combined TRACON& Tower with Radar,19,37,19,0,75,0,0,0,0,0,19,37,19,0,75,0,0,0,75
12/22/2018,FWA,IN,AGL,CE,Combined TRACON& Tower with Radar,20,33,8,0,61,0,0,7,0,7,20,33,15,0,68,6,0,6,74
12/23/2018,FWA,IN,AGL,CE,Combined TRACON& Tower with Radar,13,33,5,0,51,0,0,7,0,7,13,33,12,0,58,10,0,10,68
12/24/2018,FWA,IN,AGL,CE,Combined TRACON& Tower with Radar,13,27,5,0,45,0,0,5,1,6,13,27,10,1,51,0,0,0,51
12/25/2018,FWA,IN,AGL,CE,Combined TRACON& Tower with Radar,8,24,3,0,35,0,0,5,0,5,8,24,8,0,40,8,0,8,48
12/26/2018,FWA,IN,AGL,CE,Combined TRACON& Tower with Radar,20,35,26,0,81,0,0,33,0,33,20,35,59,0,114,18,0,18,132
12/27/2018,FWA,IN,AGL,CE,Combined TRACON& Tower with Radar,22,34,14,0,70,0,4,4,0,8,22,38,18,0,78,0,0,0,78
12/28/2018,FWA,IN,AGL,CE,Combined TRACON& Tower with Radar,16,36,18,1,71,0,0,0,0,0,16,36,18,1,71,0,0,0,71
12/29/2018,FWA,IN,AGL,CE,Combined TRACON& Tower with Radar,18,33,8,0,59,0,0,0,0,0,18,33,8,0,59,0,0,0,59
12/30/2018,FWA,IN,AGL,CE,Combined TRACON& Tower with Radar,13,35,7,0,55,0,0,27,0,27,13,35,34,0,82,0,0,0,82
12/31/2018,FWA,IN,AGL,CE,Combined TRACON& Tower with Radar,12,28,1,4,45,0,0,1,0,1,12,28,2,4,46,0,0,0,46
01/01/2019,FWA,IN,AGL,CE,Combined TRACON& Tower with Radar,10,25,4,0,39,0,0,4,0,4,10,25,8,0,43,8,0,8,51
01/02/2019,FWA,IN,AGL,CE,Combined TRACON& Tower with Radar,22,37,11,10,80,0,0,1,0,1,22,37,12,10,81,0,0,0,81
01/03/2019,FWA,IN,AGL,CE,Combined TRACON& Tower with Radar,22,36,18,12,88,0,0,28,9,37,22,36,46,21,125,50,16,66,191
01/04/2019,FWA,IN,AGL,CE,Combined TRACON& Tower with Radar,17,45,9,1,72,0,0,36,2,38,17,45,45,3,110,60,0,60,170
01/05/2019,FWA,IN,AGL,CE,Combined TRACON& Tower with Radar,18,30,12,0,60,0,7,21,0,28,18,37,33,0,88,42,0,42,130
01/06/2019,FWA,IN,AGL,CE,Combined TRACON& Tower with Radar,12,34,17,0,63,0,2,26,0,28,12,36,43,0,91,12,0,12,103
01/07/2019,FWA,IN,AGL,CE,Combined TRACON& Tower with Radar,14,33,14,0,61,0,0,1,0,1,14,33,15,0,62,0,0,0,62
01/08/2019,FWA,IN,AGL,CE,Combined TRACON& Tower with Radar,16,32,24,14,86,0,0,5,1,6,16,32,29,15,92,4,0,4,96
01/09/2019,FWA,IN,AGL,CE,Combined TRACON& Tower with Radar,19,33,8,18,78,0,0,1,0,1,19,33,9,18,79,0,0,0,79
01/10/2019,FWA,IN,AGL,CE,Combined TRACON& Tower with Radar,21,37,32,8,98,0,0,6,6,12,21,37,38,14,110,28,0,28,138
01/11/2019,FWA,IN,AGL,CE,Combined TRACON& Tower with Radar,16,39,15,4,74,0,0,5,9,14,16,39,20,13,88,0,0,0,88
01/12/2019,FWA,IN,AGL,CE,Combined TRACON& Tower with Radar,14,30,7,0,51,0,0,0,0,0,14,30,7,0,51,0,0,0,51
01/13/2019,FWA,IN,AGL,CE,Combined TRACON& Tower with Radar,13,33,13,9,68,0,0,8,4,12,13,33,21,13,80,10,0,10,90
01/14/2019,FWA,IN,AGL,CE,Combined TRACON& Tower with Radar,14,36,25,0,75,0,0,23,8,31,14,36,48,8,106,14,0,14,120
01/15/2019,FWA,IN,AGL,CE,Combined TRACON& Tower with Radar,17,31,14,0,62,0,0,0,0,0,17,31,14,0,62,0,0,0,62
01/16/2019,FWA,IN,AGL,CE,Combined TRACON& Tower with Radar,18,36,18,0,72,0,0,9,0,9,18,36,27,0,81,18,0,18,99
01/17/2019,FWA,IN,AGL,CE,Combined TRACON& Tower with Radar,22,35,19,0,76,0,0,0,1,1,22,35,19,1,77,0,0,0,77
01/18/2019,FWA,IN,AGL,CE,Combined TRACON& Tower with Radar,15,36,24,2,77,0,0,7,0,7,15,36,31,2,84,6,0,6,90
01/19/2019,FWA,IN,AGL,CE,Combined TRACON& Tower with Radar,14,17,2,0,33,0,0,0,0,0,14,17,2,0,33,0,0,0,33
01/20/2019,FWA,IN,AGL,CE,Combined TRACON& Tower with Radar,12,23,4,2,41,0,0,6,2,8,12,23,10,4,49,0,0,0,49
01/21/2019,FWA,IN,AGL,CE,Combined TRACON& Tower with Radar,15,31,15,0,61,0,0,9,3,12,15,31,24,3,73,0,0,0,73
01/22/2019,FWA,IN,AGL,CE,Combined TRACON& Tower with Radar,16,29,20,2,67,0,0,8,3,11,16,29,28,5,78,0,0,0,78
01/23/2019,FWA,IN,AGL,CE,Combined TRACON& Tower with Radar,23,34,16,0,73,0,0,0,0,0,23,34,16,0,73,0,0,0,73
01/24/2019,FWA,IN,AGL,CE,Combined TRACON& Tower with Radar,20,34,19,6,79,0,0,4,3,7,20,34,23,9,86,6,0,6,92
01/25/2019,FWA,IN,AGL,CE,Combined TRACON& Tower with Radar,18,33,28,7,86,0,0,15,6,21,18,33,43,13,107,14,0,14,121
01/26/2019,FWA,IN,AGL,CE,Combined TRACON& Tower with Radar,14,26,9,0,49,0,0,11,0,11,14,26,20,0,60,44,0,44,104
01/27/2019,FWA,IN,AGL,CE,Combined TRACON& Tower with Radar,12,30,9,0,51,0,0,19,0,19,12,30,28,0,70,2,0,2,72
01/28/2019,FWA,IN,AGL,CE,Combined TRACON& Tower with Radar,13,28,10,0,51,0,0,0,0,0,13,28,10,0,51,0,0,0,51
01/29/2019,FWA,IN,AGL,CE,Combined TRACON& Tower with Radar,15,42,19,0,76,0,0,2,0,2,15,42,21,0,78,0,0,0,78
01/30/2019,FWA,IN,AGL,CE,Combined TRACON& Tower with Radar,18,30,6,0,54,0,0,1,0,1,18,30,7,0,55,0,0,0,55
01/31/2019,FWA,IN,AGL,CE,Combined TRACON& Tower with Radar,24,25,19,0,68,0,0,6,0,6,24,25,25,0,74,12,0,12,86
02/01/2019,FWA,IN,AGL,CE,Combined TRACON& Tower with Radar,20,37,15,0,72,0,1,7,0,8,20,38,22,0,80,8,0,8,88
02/02/2019,FWA,IN,AGL,CE,Combined TRACON& Tower with Radar,14,22,6,0,42,0,0,10,0,10,14,22,16,0,52,4,0,4,56
02/03/2019,FWA,IN,AGL,CE,Combined TRACON& Tower with Radar,13,27,13,0,53,0,0,9,0,9,13,27,22,0,62,4,0,4,66
02/04/2019,FWA,IN,AGL,CE,Combined TRACON& Tower with Radar,21,34,15,0,70,0,1,1,0,2,21,35,16,0,72,0,0,0,72
02/05/2019,FWA,IN,AGL,CE,Combined TRACON& Tower with Radar,19,34,22,15,90,0,0,0,1,1,19,34,22,16,91,0,0,0,91
02/06/2019,FWA,IN,AGL,CE,Combined TRACON& Tower with Radar,16,35,9,0,60,0,0,0,0,0,16,35,9,0,60,0,0,0,60
02/07/2019,FWA,IN,AGL,CE,Combined TRACON& Tower with Radar,22,33,11,0,66,0,0,0,0,0,22,33,11,0,66,0,0,0,66
02/08/2019,FWA,IN,AGL,CE,Combined TRACON& Tower with Radar,19,38,17,19,93,0,0,7,1,8,19,38,24,20,101,12,4,16,117
02/09/2019,FWA,IN,AGL,CE,Combined TRACON& Tower with Radar,14,27,10,1,52,0,0,38,1,39,14,27,48,2,91,74,4,78,169
02/10/2019,FWA,IN,AGL,CE,Combined TRACON& Tower with Radar,15,27,6,2,50,0,0,4,0,4,15,27,10,2,54,0,0,0,54
02/11/2019,FWA,IN,AGL,CE,Combined TRACON& Tower with Radar,14,38,5,0,57,0,0,0,0,0,14,38,5,0,57,0,0,0,57
02/12/2019,FWA,IN,AGL,CE,Combined TRACON& Tower with Radar,21,33,12,0,66,0,0,0,0,0,21,33,12,0,66,0,0,0,66
02/13/2019,FWA,IN,AGL,CE,Combined TRACON& Tower with Radar,24,38,28,2,92,0,0,16,1,17,24,38,44,3,109,12,0,12,121
02/14/2019,FWA,IN,AGL,CE,Combined TRACON& Tower with Radar,22,33,24,0,79,0,0,11,0,11,22,33,35,0,90,0,0,0,90
02/15/2019,FWA,IN,AGL,CE,Combined TRACON& Tower with Radar,16,33,15,2,66,0,0,6,0,6,16,33,21,2,72,0,0,0,72
02/16/2019,FWA,IN,AGL,CE,Combined TRACON& Tower with Radar,15,28,8,0,51,0,0,11,2,13,15,28,19,2,64,0,0,0,64
02/17/2019,FWA,IN,AGL,CE,Combined TRACON& Tower with Radar,11,21,5,0,37,0,0,0,0,0,11,21,5,0,37,5,0,5,42
02/18/2019,FWA,IN,AGL,CE,Combined TRACON& Tower with Radar,14,29,14,0,57,0,0,3,0,3,14,29,17,0,60,0,0,0,60
02/19/2019,FWA,IN,AGL,CE,Combined TRACON& Tower with Radar,18,32,36,0,86,0,2,20,2,24,18,34,56,2,110,12,0,12,122
02/20/2019,FWA,IN,AGL,CE,Combined TRACON& Tower with Radar,24,34,7,0,65,0,0,0,0,0,24,34,7,0,65,0,0,0,65
02/21/2019,FWA,IN,AGL,CE,Combined TRACON& Tower with Radar,23,36,32,2,93,0,0,25,0,25,23,36,57,2,118,13,0,13,131
02/22/2019,FWA,IN,AGL,CE,Combined TRACON& Tower with Radar,19,36,23,0,78,0,2,40,1,43,19,38,63,1,121,32,0,32,153
02/23/2019,FWA,IN,AGL,CE,Combined TRACON& Tower with Radar,19,28,9,0,56,0,0,2,0,2,19,28,11,0,58,0,0,0,58
02/24/2019,FWA,IN,AGL,CE,Combined TRACON& Tower with Radar,12,29,1,4,46,0,0,0,0,0,12,29,1,4,46,0,0,0,46
02/25/2019,FWA,IN,AGL,CE,Combined TRACON& Tower with Radar,14,31,12,0,57,0,2,26,0,28,14,33,38,0,85,48,0,48,133
02/26/2019,FWA,IN,AGL,CE,Combined TRACON& Tower with Radar,18,34,22,4,78,0,2,9,12,23,18,36,31,16,101,0,8,8,109
02/27/2019,FWA,IN,AGL,CE,Combined TRACON& Tower with Radar,21,39,16,12,88,0,2,18,8,28,21,41,34,20,116,18,36,54,170
02/28/2019,FWA,IN,AGL,CE,Combined TRACON& Tower with Radar,22,43,18,2,85,0,0,18,6,24,22,43,36,8,109,32,0,32,141
03/01/2019,FWA,IN,AGL,CE,Combined TRACON& Tower with Radar,19,33,23,1,76,0,2,23,10,35,19,35,46,11,111,38,0,38,149
03/02/2019,FWA,IN,AGL,CE,Combined TRACON& Tower with Radar,18,31,2,10,61,0,0,6,8,14,18,31,8,18,75,0,0,0,75
03/03/2019,FWA,IN,AGL,CE,Combined TRACON& Tower with Radar,12,35,3,8,58,0,0,0,7,7,12,35,3,15,65,0,12,12,77
03/04/2019,FWA,IN,AGL,CE,Combined TRACON& Tower with Radar,15,34,14,1,64,0,0,3,2,5,15,34,17,3,69,0,0,0,69
03/05/2019,FWA,IN,AGL,CE,Combined TRACON& Tower with Radar,21,37,18,5,81,0,0,4,0,4,21,37,22,5,85,0,0,0,85
03/06/2019,FWA,IN,AGL,CE,Combined TRACON& Tower with Radar,21,34,22,3,80,0,0,17,2,19,21,34,39,5,99,20,0,20,119
03/07/2019,FWA,IN,AGL,CE,Combined TRACON& Tower with Radar,19,40,35,4,98,0,4,36,5,45,19,44,71,9,143,36,0,36,179
03/08/2019,FWA,IN,AGL,CE,Combined TRACON& Tower with Radar,21,34,12,2,69,0,0,21,0,21,21,34,33,2,90,66,0,66,156
03/09/2019,FWA,IN,AGL,CE,Combined TRACON& Tower with Radar,17,29,10,0,56,0,0,4,0,4,17,29,14,0,60,0,0,0,60
03/10/2019,FWA,IN,AGL,CE,Combined TRACON& Tower with Radar,12,35,10,0,57,0,0,1,0,1,12,35,11,0,58,0,0,0,58
03/11/2019,FWA,IN,AGL,CE,Combined TRACON& Tower with Radar,13,30,17,0,60,0,0,33,0,33,13,30,50,0,93,28,0,28,121
03/12/2019,FWA,IN,AGL,CE,Combined TRACON& Tower with Radar,18,31,20,7,76,0,2,46,5,53,18,33,66,12,129,44,6,50,179
03/13/2019,FWA,IN,AGL,CE,Combined TRACON& Tower with Radar,25,32,21,9,87,0,0,14,3,17,25,32,35,12,104,0,0,0,104
03/14/2019,FWA,IN,AGL,CE,Combined TRACON& Tower with Radar,24,34,14,12,84,0,0,2,3,5,24,34,16,15,89,0,0,0,89
03/15/2019,FWA,IN,AGL,CE,Combined TRACON& Tower with Radar,16,34,9,11,70,0,0,1,1,2,16,34,10,12,72,0,0,0,72
03/16/2019,FWA,IN,AGL,CE,Combined TRACON& Tower with Radar,18,36,11,0,65,0,0,21,0,21,18,36,32,0,86,4,0,4,90
03/17/2019,FWA,IN,AGL,CE,Combined TRACON& Tower with Radar,12,35,6,0,53,0,0,5,0,5,12,35,11,0,58,6,0,6,64
03/18/2019,FWA,IN,AGL,CE,Combined TRACON& Tower with Radar,17,38,19,0,74,0,0,30,0,30,17,38,49,0,104,46,0,46,150
03/19/2019,FWA,IN,AGL,CE,Combined TRACON& Tower with Radar,23,38,33,3,97,0,2,37,6,45,23,40,70,9,142,26,8,34,176
03/20/2019,FWA,IN,AGL,CE,Combined TRACON& Tower with Radar,25,35,19,4,83,0,0,10,8,18,25,35,29,12,101,16,2,18,119
03/21/2019,FWA,IN,AGL,CE,Combined TRACON& Tower with Radar,22,43,19,0,84,0,0,8,0,8,22,43,27,0,92,12,0,12,104
03/22/2019,FWA,IN,AGL,CE,Combined TRACON& Tower with Radar,18,41,13,6,78,0,0,16,8,24,18,41,29,14,102,8,0,8,110
03/23/2019,FWA,IN,AGL,CE,Combined TRACON& Tower with Radar,18,32,17,0,67,0,0,62,0,62,18,32,79,0,129,48,0,48,177
03/24/2019,FWA,IN,AGL,CE,Combined TRACON& Tower with Radar,12,37,6,0,55,0,0,14,1,15,12,37,20,1,70,12,0,12,82
03/25/2019,FWA,IN,AGL,CE,Combined TRACON& Tower with Radar,14,35,21,0,70,0,0,30,0,30,14,35,51,0,100,56,0,56,156
03/26/2019,FWA,IN,AGL,CE,Combined TRACON& Tower with Radar,25,31,18,8,82,0,0,46,7,53,25,31,64,15,135,18,2,20,155
03/27/2019,FWA,IN,AGL,CE,Combined TRACON& Tower with Radar,29,34,22,7,92,0,0,39,6,45,29,34,61,13,137,40,0,40,177
03/28/2019,FWA,IN,AGL,CE,Combined TRACON& Tower with Radar,22,35,14,7,78,0,0,15,7,22,22,35,29,14,100,16,0,16,116
03/29/2019,FWA,IN,AGL,CE,Combined TRACON& Tower with Radar,22,34,6,5,67,0,0,0,0,0,22,34,6,5,67,0,0,0,67
03/30/2019,FWA,IN,AGL,CE,Combined TRACON& Tower with Radar,18,31,15,0,64,0,0,1,0,1,18,31,16,0,65,6,0,6,71
03/31/2019,FWA,IN,AGL,CE,Combined TRACON& Tower with Radar,14,32,5,7,58,0,0,14,9,23,14,32,19,16,81,10,6,16,97
04/01/2019,FWA,IN,AGL,CE,Combined TRACON& Tower with Radar,14,33,14,9,70,0,0,33,6,39,14,33,47,15,109,18,6,24,133
04/02/2019,FWA,IN,AGL,CE,Combined TRACON& Tower with Radar,25,32,22,7,86,0,0,13,3,16,25,32,35,10,102,28,2,30,132
04/03/2019,FWA,IN,AGL,CE,Combined TRACON& Tower with Radar,26,34,9,9,78,0,0,13,3,16,26,34,22,12,94,52,0,52,146
04/04/2019,FWA,IN,AGL,CE,Combined TRACON& Tower with Radar,26,30,18,6,80,0,0,4,6,10,26,30,22,12,90,6,0,6,96
04/05/2019,FWA,IN,AGL,CE,Combined TRACON& Tower with Radar,20,33,22,0,75,0,0,9,0,9,20,33,31,0,84,0,0,0,84
04/06/2019,FWA,IN,AGL,CE,Combined TRACON& Tower with Radar,23,36,14,0,73,0,0,35,0,35,23,36,49,0,108,58,0,58,166
04/07/2019,FWA,IN,AGL,CE,Combined TRACON& Tower with Radar,18,33,14,0,65,0,0,9,0,9,18,33,23,0,74,8,0,8,82
04/08/2019,FWA,IN,AGL,CE,Combined TRACON& Tower with Radar,18,29,18,0,65,0,0,29,0,29,18,29,47,0,94,44,0,44,138
04/09/2019,FWA,IN,AGL,CE,Combined TRACON& Tower with Radar,28,33,26,5,92,0,0,35,12,47,28,33,61,17,139,54,14,68,207
04/10/2019,FWA,IN,AGL,CE,Combined TRACON& Tower with Radar,24,27,18,11,80,0,0,30,5,35,24,27,48,16,115,18,6,24,139
04/11/2019,FWA,IN,AGL,CE,Combined TRACON& Tower with Radar,23,29,22,2,76,0,0,4,8,12,23,29,26,10,88,8,0,8,96
04/12/2019,FWA,IN,AGL,CE,Combined TRACON& Tower with Radar,23,38,10,5,76,0,0,9,4,13,23,38,19,9,89,0,0,0,89
04/13/2019,FWA,IN,AGL,CE,Combined TRACON& Tower with Radar,20,33,11,0,64,0,3,29,1,33,20,36,40,1,97,44,0,44,141
04/14/2019,FWA,IN,AGL,CE,Combined TRACON& Tower with Radar,16,24,13,0,53,0,0,0,0,0,16,24,13,0,53,0,0,0,53
04/15/2019,FWA,IN,AGL,CE,Combined TRACON& Tower with Radar,18,31,21,0,70,0,0,39,0,39,18,31,60,0,109,36,0,36,145
04/16/2019,FWA,IN,AGL,CE,Combined TRACON& Tower with Radar,27,34,16,2,79,0,0,31,6,37,27,34,47,8,116,18,0,18,134
04/17/2019,FWA,IN,AGL,CE,Combined TRACON& Tower with Radar,23,39,9,4,75,0,2,29,9,40,23,41,38,13,115,18,2,20,135
04/18/2019,FWA,IN,AGL,CE,Combined TRACON& Tower with Radar,26,31,21,8,86,0,0,3,3,6,26,31,24,11,92,0,0,0,92
04/19/2019,FWA,IN,AGL,CE,Combined TRACON& Tower with Radar,18,26,18,2,64,0,0,0,1,1,18,26,18,3,65,0,0,0,65
04/20/2019,FWA,IN,AGL,CE,Combined TRACON& Tower with Radar,21,29,4,1,55,0,0,0,0,0,21,29,4,1,55,0,0,0,55
04/21/2019,FWA,IN,AGL,CE,Combined TRACON& Tower with Radar,16,29,8,0,53,0,0,33,0,33,16,29,41,0,86,2,0,2,88
04/22/2019,FWA,IN,AGL,CE,Combined TRACON& Tower with Radar,18,28,25,0,71,0,0,20,0,20,18,28,45,0,91,40,0,40,131
04/23/2019,FWA,IN,AGL,CE,Combined TRACON& Tower with Radar,24,38,20,7,89,0,0,22,4,26,24,38,42,11,115,26,0,26,141
04/24/2019,FWA,IN,AGL,CE,Combined TRACON& Tower with Radar,26,40,30,5,101,0,2,32,3,37,26,42,62,8,138,44,8,52,190
04/25/2019,FWA,IN,AGL,CE,Combined TRACON& Tower with Radar,24,29,36,14,103,0,0,3,0,3,24,29,39,14,106,6,0,6,112
04/26/2019,FWA,IN,AGL,CE,Combined TRACON& Tower with Radar,24,28,10,5,67,0,0,8,5,13,24,28,18,10,80,14,2,16,96
04/27/2019,FWA,IN,AGL,CE,Combined TRACON& Tower with Radar,17,24,8,0,49,0,0,20,2,22,17,24,28,2,71,4,0,4,75
04/28/2019,FWA,IN,AGL,CE,Combined TRACON& Tower with Radar,15,29,22,0,66,0,0,32,4,36,15,29,54,4,102,8,0,8,110
04/29/2019,FWA,IN,AGL,CE,Combined TRACON& Tower with Radar,18,30,18,0,66,0,0,1,0,1,18,30,19,0,67,0,0,0,67
04/30/2019,FWA,IN,AGL,CE,Combined TRACON& Tower with Radar,24,29,16,3,72,0,0,0,0,0,24,29,16,3,72,0,0,0,72
05/01/2019,FWA,IN,AGL,CE,Combined TRACON& Tower with Radar,23,30,19,2,74,0,0,7,6,13,23,30,26,8,87,14,2,16,103
05/02/2019,FWA,IN,AGL,CE,Combined TRACON& Tower with Radar,24,35,17,0,76,0,0,2,0,2,24,35,19,0,78,2,0,2,80
05/03/2019,FWA,IN,AGL,CE,Combined TRACON& Tower with Radar,26,47,16,7,96,0,0,2,2,4,26,47,18,9,100,0,0,0,100
05/04/2019,FWA,IN,AGL,CE,Combined TRACON& Tower with Radar,18,31,22,18,89,0,0,4,4,8,18,31,26,22,97,0,0,0,97
05/05/2019,FWA,IN,AGL,CE,Combined TRACON& Tower with Radar,19,34,15,1,69,0,0,41,3,44,19,34,56,4,113,24,8,32,145
05/06/2019,FWA,IN,AGL,CE,Combined TRACON& Tower with Radar,21,45,17,8,91,0,0,30,4,34,21,45,47,12,125,32,0,32,157
05/07/2019,FWA,IN,AGL,CE,Combined TRACON& Tower with Radar,24,30,28,9,91,0,0,6,2,8,24,30,34,11,99,6,0,6,105
05/08/2019,FWA,IN,AGL,CE,Combined TRACON& Tower with Radar,24,37,25,5,91,0,0,13,2,15,24,37,38,7,106,36,0,36,142
05/09/2019,FWA,IN,AGL,CE,Combined TRACON& Tower with Radar,28,27,17,11,83,0,0,3,4,7,28,27,20,15,90,0,0,0,90
05/10/2019,FWA,IN,AGL,CE,Combined TRACON& Tower with Radar,21,32,28,0,81,0,0,6,0,6,21,32,34,0,87,16,0,16,103
05/11/2019,FWA,IN,AGL,CE,Combined TRACON& Tower with Radar,17,30,15,0,62,0,0,30,7,37,17,30,45,7,99,10,0,10,109
05/12/2019,FWA,IN,AGL,CE,Combined TRACON& Tower with Radar,18,24,14,2,58,0,0,0,0,0,18,24,14,2,58,0,0,0,58
05/13/2019,FWA,IN,AGL,CE,Combined TRACON& Tower with Radar,21,28,19,0,68,0,0,0,0,0,21,28,19,0,68,0,0,0,68
05/14/2019,FWA,IN,AGL,CE,Combined TRACON& Tower with Radar,24,32,24,4,84,0,3,25,5,33,24,35,49,9,117,34,4,38,155
05/15/2019,FWA,IN,AGL,CE,Combined TRACON& Tower with Radar,24,29,21,6,80,0,2,24,3,29,24,31,45,9,109,22,4,26,135
05/16/2019,FWA,IN,AGL,CE,Combined TRACON& Tower with Radar,28,28,27,5,88,0,1,29,6,36,28,29,56,11,124,8,8,16,140
05/17/2019,FWA,IN,AGL,CE,Combined TRACON& Tower with Radar,25,34,19,7,85,0,0,9,9,18,25,34,28,16,103,14,0,14,117
05/18/2019,FWA,IN,AGL,CE,Combined TRACON& Tower with Radar,19,31,12,0,62,0,0,40,0,40,19,31,52,0,102,16,0,16,118
05/19/2019,FWA,IN,AGL,CE,Combined TRACON& Tower with Radar,16,25,12,0,53,0,0,0,0,0,16,25,12,0,53,6,0,6,59
05/20/2019,FWA,IN,AGL,CE,Combined TRACON& Tower with Radar,19,39,25,0,83,0,0,8,1,9,19,39,33,1,92,20,0,20,112
05/21/2019,FWA,IN,AGL,CE,Combined TRACON& Tower with Radar,26,29,20,5,80,0,2,3,5,10,26,31,23,10,90,8,6,14,104
05/22/2019,FWA,IN,AGL,CE,Combined TRACON& Tower with Radar,32,29,30,3,94,0,0,17,3,20,32,29,47,6,114,44,0,44,158
05/23/2019,FWA,IN,AGL,CE,Combined TRACON& Tower with Radar,28,32,40,5,105,0,0,18,7,25,28,32,58,12,130,20,2,22,152
05/24/2019,FWA,IN,AGL,CE,Combined TRACON& Tower with Radar,25,28,16,0,69,0,0,23,2,25,25,28,39,2,94,28,0,28,122
05/25/2019,FWA,IN,AGL,CE,Combined TRACON& Tower with Radar,21,29,6,0,56,0,4,8,0,12,21,33,14,0,68,20,0,20,88
05/26/2019,FWA,IN,AGL,CE,Combined TRACON& Tower with Radar,19,23,15,0,57,0,0,3,1,4,19,23,18,1,61,8,0,8,69
05/27/2019,FWA,IN,AGL,CE,Combined TRACON& Tower with Radar,16,28,13,0,57,0,0,12,1,13,16,28,25,1,70,14,0,14,84
05/28/2019,FWA,IN,AGL,CE,Combined TRACON& Tower with Radar,26,28,19,5,78,0,0,4,7,11,26,28,23,12,89,0,0,0,89
05/29/2019,FWA,IN,AGL,CE,Combined TRACON& Tower with Radar,26,36,25,4,91,0,0,9,6,15,26,36,34,10,106,4,0,4,110
05/30/2019,FWA,IN,AGL,CE,Combined TRACON& Tower with Radar,27,30,36,11,104,0,0,6,3,9,27,30,42,14,113,48,8,56,169
05/31/2019,FWA,IN,AGL,CE,Combined TRACON& Tower with Radar,24,33,22,6,85,0,6,63,6,75,24,39,85,12,160,58,0,58,218
06/01/2019,FWA,IN,AGL,CE,Combined TRACON& Tower with Radar,20,29,11,0,60,0,0,18,0,18,20,29,29,0,78,14,0,14,92
06/02/2019,FWA,IN,AGL,CE,Combined TRACON& Tower with Radar,18,29,18,0,65,0,2,19,0,21,18,31,37,0,86,8,0,8,94
06/03/2019,FWA,IN,AGL,CE,Combined TRACON& Tower with Radar,22,29,22,0,73,0,0,37,2,39,22,29,59,2,112,48,0,48,160
06/04/2019,FWA,IN,AGL,CE,Combined TRACON& Tower with Radar,28,26,18,4,76,0,2,14,3,19,28,28,32,7,95,14,0,14,109
06/05/2019,FWA,IN,AGL,CE,Combined TRACON& Tower with Radar,23,35,16,6,80,0,2,5,0,7,23,37,21,6,87,0,0,0,87
06/06/2019,FWA,IN,AGL,CE,Combined TRACON& Tower with Radar,29,29,24,5,87,0,0,47,3,50,29,29,71,8,137,20,4,24,161
06/07/2019,FWA,IN,AGL,CE,Combined TRACON& Tower with Radar,25,28,15,10,78,0,0,16,33,49,25,28,31,43,127,2,0,2,129
06/08/2019,FWA,IN,AGL,CE,Combined TRACON& Tower with Radar,21,32,5,0,58,0,2,16,25,43,21,34,21,25,101,14,0,14,115
06/09/2019,FWA,IN,AGL,CE,Combined TRACON& Tower with Radar,19,29,9,8,65,0,0,10,19,29,19,29,19,27,94,0,0,0,94
06/10/2019,FWA,IN,AGL,CE,Combined TRACON& Tower with Radar,22,25,18,12,77,0,0,4,0,4,22,25,22,12,81,0,0,0,81
06/11/2019,FWA,IN,AGL,CE,Combined TRACON& Tower with Radar,31,38,19,0,88,0,2,46,11,59,31,40,65,11,147,64,0,64,211
06/12/2019,FWA,IN,AGL,CE,Combined TRACON& Tower with Radar,31,30,20,3,84,0,2,33,8,43,31,32,53,11,127,32,0,32,159
06/13/2019,FWA,IN,AGL,CE,Combined TRACON& Tower with Radar,29,35,17,12,93,0,0,3,0,3,29,35,20,12,96,0,0,0,96
06/14/2019,FWA,IN,AGL,CE,Combined TRACON& Tower with Radar,24,29,14,0,67,0,12,21,0,33,24,41,35,0,100,6,0,6,106
06/15/2019,FWA,IN,AGL,CE,Combined TRACON& Tower with Radar,20,31,4,0,55,0,0,2,1,3,20,31,6,1,58,24,0,24,82
06/16/2019,FWA,IN,AGL,CE,Combined TRACON& Tower with Radar,17,27,12,0,56,0,0,3,0,3,17,27,15,0,59,0,0,0,59
06/17/2019,FWA,IN,AGL,CE,Combined TRACON& Tower with Radar,22,30,17,0,69,0,0,4,0,4,22,30,21,0,73,22,0,22,95
06/18/2019,FWA,IN,AGL,CE,Combined TRACON& Tower with Radar,29,35,18,5,87,0,2,20,2,24,29,37,38,7,111,36,0,36,147
06/19/2019,FWA,IN,AGL,CE,Combined TRACON& Tower with Radar,27,29,14,2,72,0,0,25,5,30,27,29,39,7,102,20,0,20,122
06/20/2019,FWA,IN,AGL,CE,Combined TRACON& Tower with Radar,26,38,27,14,105,0,0,0,0,0,26,38,27,14,105,0,0,0,105
06/21/2019,FWA,IN,AGL,CE,Combined TRACON& Tower with Radar,25,37,21,6,89,0,0,46,6,52,25,37,67,12,141,57,0,57,198
06/22/2019,FWA,IN,AGL,CE,Combined TRACON& Tower with Radar,20,35,22,0,77,0,0,16,0,16,20,35,38,0,93,10,0,10,103
06/23/2019,FWA,IN,AGL,CE,Combined TRACON& Tower with Radar,14,33,7,0,54,0,0,7,1,8,14,33,14,1,62,2,0,2,64
06/24/2019,FWA,IN,AGL,CE,Combined TRACON& Tower with Radar,20,33,30,0,83,0,0,4,1,5,20,33,34,1,88,0,0,0,88
06/25/2019,FWA,IN,AGL,CE,Combined TRACON& Tower with Radar,32,44,25,4,105,0,0,18,5,23,32,44,43,9,128,18,0,18,146
06/26/2019,FWA,IN,AGL,CE,Combined TRACON& Tower with Radar,28,32,26,4,90,0,3,22,3,28,28,35,48,7,118,26,12,38,156
06/27/2019,FWA,IN,AGL,CE,Combined TRACON& Tower with Radar,26,35,20,5,86,0,2,28,3,33,26,37,48,8,119,26,0,26,145
06/28/2019,FWA,IN,AGL,CE,Combined TRACON& Tower with Radar,22,32,19,8,81,0,0,42,5,47,22,32,61,13,128,4,4,8,136
06/29/2019,FWA,IN,AGL,CE,Combined TRACON& Tower with Radar,24,27,7,1,59,0,0,27,1,28,24,27,34,2,87,2,0,2,89
06/30/2019,FWA,IN,AGL,CE,Combined TRACON& Tower with Radar,18,28,15,0,61,0,0,37,0,37,18,28,52,0,98,18,0,18,116
07/01/2019,FWA,IN,AGL,CE,Combined TRACON& Tower with Radar,22,23,13,3,61,0,6,30,4,40,22,29,43,7,101,30,0,30,131
07/02/2019,FWA,IN,AGL,CE,Combined TRACON& Tower with Radar,30,31,24,6,91,0,4,19,11,34,30,35,43,17,125,14,6,20,145
07/03/2019,FWA,IN,AGL,CE,Combined TRACON& Tower with Radar,30,25,22,4,81,0,0,21,9,30,30,25,43,13,111,16,0,16,127
07/04/2019,FWA,IN,AGL,CE,Combined TRACON& Tower with Radar,20,17,3,0,40,0,0,13,2,15,20,17,16,2,55,6,0,6,61
07/05/2019,FWA,IN,AGL,CE,Combined TRACON& Tower with Radar,23,23,0,0,46,0,0,7,0,7,23,23,7,0,53,18,0,18,71
07/06/2019,FWA,IN,AGL,CE,Combined TRACON& Tower with Radar,21,26,11,0,58,0,0,9,0,9,21,26,20,0,67,0,0,0,67
07/07/2019,FWA,IN,AGL,CE,Combined TRACON& Tower with Radar,16,27,14,0,57,0,0,7,1,8,16,27,21,1,65,0,0,0,65
07/08/2019,FWA,IN,AGL,CE,Combined TRACON& Tower with Radar,23,23,23,0,69,0,4,33,0,37,23,27,56,0,106,42,0,42,148
07/09/2019,FWA,IN,AGL,CE,Combined TRACON& Tower with Radar,32,25,52,7,116,0,0,48,5,53,32,25,100,12,169,32,2,34,203
07/10/2019,FWA,IN,AGL,CE,Combined TRACON& Tower with Radar,26,23,27,7,83,0,0,24,5,29,26,23,51,12,112,40,2,42,154
07/11/2019,FWA,IN,AGL,CE,Combined TRACON& Tower with Radar,26,24,27,3,80,0,0,19,10,29,26,24,46,13,109,32,6,38,147
07/12/2019,FWA,IN,AGL,CE,Combined TRACON& Tower with Radar,29,31,22,5,87,0,6,29,7,42,29,37,51,12,129,22,0,22,151
07/13/2019,FWA,IN,AGL,CE,Combined TRACON& Tower with Radar,20,30,19,4,73,0,0,19,14,33,20,30,38,18,106,2,4,6,112
07/14/2019,FWA,IN,AGL,CE,Combined TRACON& Tower with Radar,21,29,12,10,72,0,2,14,12,28,21,31,26,22,100,4,4,8,108
07/15/2019,FWA,IN,AGL,CE,Combined TRACON& Tower with Radar,23,25,16,0,64,0,5,13,0,18,23,30,29,0,82,8,0,8,90
07/16/2019,FWA,IN,AGL,CE,Combined TRACON& Tower with Radar,29,27,23,6,85,0,0,5,4,9,29,27,28,10,94,0,0,0,94
07/17/2019,FWA,IN,AGL,CE,Combined TRACON& Tower with Radar,26,28,41,8,103,0,0,6,3,9,26,28,47,11,112,24,0,24,136
07/18/2019,FWA,IN,AGL,CE,Combined TRACON& Tower with Radar,29,29,33,3,94,0,1,25,4,30,29,30,58,7,124,20,0,20,144
07/19/2019,FWA,IN,AGL,CE,Combined TRACON& Tower with Radar,25,22,34,1,82,0,0,14,2,16,25,22,48,3,98,48,0,48,146
07/20/2019,FWA,IN,AGL,CE,Combined TRACON& Tower with Radar,21,33,10,2,66,0,0,19,4,23,21,33,29,6,89,6,0,6,95
07/21/2019,FWA,IN,AGL,CE,Combined TRACON& Tower with Radar,17,28,14,0,59,0,0,12,0,12,17,28,26,0,71,8,0,8,79
07/22/2019,FWA,IN,AGL,CE,Combined TRACON& Tower with Radar,21,26,17,0,64,0,0,21,1,22,21,26,38,1,86,10,0,10,96
07/23/2019,FWA,IN,AGL,CE,Combined TRACON& Tower with Radar,29,29,14,5,77,0,2,29,2,33,29,31,43,7,110,2,0,2,112
07/24/2019,FWA,IN,AGL,CE,Combined TRACON& Tower with Radar,28,25,28,1,82,0,0,29,0,29,28,25,57,1,111,4,0,4,115
07/25/2019,FWA,IN,AGL,CE,Combined TRACON& Tower with Radar,28,25,30,1,84,0,0,24,0,24,28,25,54,1,108,34,0,34,142
07/26/2019,FWA,IN,AGL,CE,Combined TRACON& Tower with Radar,28,31,25,0,84,0,0,27,0,27,28,31,52,0,111,6,0,6,117
07/27/2019,FWA,IN,AGL,CE,Combined TRACON& Tower with Radar,20,26,12,0,58,0,6,8,0,14,20,32,20,0,72,0,0,0,72
07/28/2019,FWA,IN,AGL,CE,Combined TRACON& Tower with Radar,14,39,15,0,68,0,2,9,0,11,14,41,24,0,79,12,0,12,91
07/29/2019,FWA,IN,AGL,CE,Combined TRACON& Tower with Radar,20,24,13,0,57,0,0,4,0,4,20,24,17,0,61,6,0,6,67
07/30/2019,FWA,IN,AGL,CE,Combined TRACON& Tower with Radar,32,25,20,0,77,0,0,15,1,16,32,25,35,1,93,32,0,32,125
07/31/2019,FWA,IN,AGL,CE,Combined TRACON& Tower with Radar,24,24,21,0,69,0,0,18,4,22,24,24,39,4,91,32,8,40,131
08/01/2019,FWA,IN,AGL,CE,Combined TRACON& Tower with Radar,24,41,14,1,80,0,0,37,3,40,24,41,51,4,120,0,0,0,120
08/02/2019,FWA,IN,AGL,CE,Combined TRACON& Tower with Radar,27,37,21,4,89,0,0,21,2,23,27,37,42,6,112,30,0,30,142
08/03/2019,FWA,IN,AGL,CE,Combined TRACON& Tower with Radar,19,32,6,0,57,0,0,38,1,39,19,32,44,1,96,36,0,36,132
08/04/2019,FWA,IN,AGL,CE,Combined TRACON& Tower with Radar,16,34,6,0,56,0,0,11,0,11,16,34,17,0,67,0,0,0,67
08/05/2019,FWA,IN,AGL,CE,Combined TRACON& Tower with Radar,22,29,28,0,79,0,2,15,0,17,22,31,43,0,96,22,0,22,118
08/06/2019,FWA,IN,AGL,CE,Combined TRACON& Tower with Radar,24,37,16,3,80,0,0,12,2,14,24,37,28,5,94,14,0,14,108
08/07/2019,FWA,IN,AGL,CE,Combined TRACON& Tower with Radar,22,26,21,3,72,0,0,33,3,36,22,26,54,6,108,16,0,16,124
08/08/2019,FWA,IN,AGL,CE,Combined TRACON& Tower with Radar,30,31,27,2,90,0,1,29,4,34,30,32,56,6,124,34,0,34,158
08/09/2019,FWA,IN,AGL,CE,Combined TRACON& Tower with Radar,26,38,21,0,85,0,4,38,4,46,26,42,59,4,131,46,4,50,181
08/10/2019,FWA,IN,AGL,CE,Combined TRACON& Tower with Radar,18,33,10,0,61,0,2,13,0,15,18,35,23,0,76,8,0,8,84
08/11/2019,FWA,IN,AGL,CE,Combined TRACON& Tower with Radar,16,29,7,0,52,0,0,15,0,15,16,29,22,0,67,24,0,24,91
08/12/2019,FWA,IN,AGL,CE,Combined TRACON& Tower with Radar,22,28,14,0,64,0,0,7,1,8,22,28,21,1,72,4,0,4,76
08/13/2019,FWA,IN,AGL,CE,Combined TRACON& Tower with Radar,26,31,14,6,77,0,0,10,1,11,26,31,24,7,88,22,0,22,110
08/14/2019,FWA,IN,AGL,CE,Combined TRACON& Tower with Radar,23,26,12,3,64,0,2,11,2,15,23,28,23,5,79,12,0,12,91
08/15/2019,FWA,IN,AGL,CE,Combined TRACON& Tower with Radar,29,26,28,5,88,0,0,19,13,32,29,26,47,18,120,4,0,4,124
08/16/2019,FWA,IN,AGL,CE,Combined TRACON& Tower with Radar,26,28,13,4,71,0,0,29,12,41,26,28,42,16,112,6,6,12,124
08/17/2019,FWA,IN,AGL,CE,Combined TRACON& Tower with Radar,14,30,6,9,59,0,0,2,1,3,14,30,8,10,62,16,0,16,78
08/18/2019,FWA,IN,AGL,CE,Combined TRACON& Tower with Radar,17,25,8,5,55,0,0,8,12,20,17,25,16,17,75,14,8,22,97
08/19/2019,FWA,IN,AGL,CE,Combined TRACON& Tower with Radar,19,35,18,9,81,0,4,27,3,34,19,39,45,12,115,22,0,22,137
08/20/2019,FWA,IN,AGL,CE,Combined TRACON& Tower with Radar,24,21,18,8,71,0,0,19,6,25,24,21,37,14,96,20,0,20,116
08/21/2019,FWA,IN,AGL,CE,Combined TRACON& Tower with Radar,20,37,24,4,85,0,0,11,7,18,20,37,35,11,103,26,0,26,129
08/22/2019,FWA,IN,AGL,CE,Combined TRACON& Tower with Radar,28,31,25,2,86,0,0,16,5,21,28,31,41,7,107,16,0,16,123
08/23/2019,FWA,IN,AGL,CE,Combined TRACON& Tower with Radar,23,29,19,0,71,0,6,19,0,25,23,35,38,0,96,0,0,0,96
08/24/2019,FWA,IN,AGL,CE,Combined TRACON& Tower with Radar,15,25,20,0,60,0,4,21,2,27,15,29,41,2,87,18,0,18,105
08/25/2019,FWA,IN,AGL,CE,Combined TRACON& Tower with Radar,20,30,11,0,61,0,9,27,1,37,20,39,38,1,98,10,0,10,108
08/26/2019,FWA,IN,AGL,CE,Combined TRACON& Tower with Radar,20,31,19,0,70,0,0,1,0,1,20,31,20,0,71,0,0,0,71
08/27/2019,FWA,IN,AGL,CE,Combined TRACON& Tower with Radar,24,31,29,7,91,0,0,10,4,14,24,31,39,11,105,28,2,30,135
08/28/2019,FWA,IN,AGL,CE,Combined TRACON& Tower with Radar,29,22,24,8,83,0,2,21,2,25,29,24,45,10,108,8,0,8,116
08/29/2019,FWA,IN,AGL,CE,Combined TRACON& Tower with Radar,31,27,29,5,92,0,5,16,8,29,31,32,45,13,121,10,0,10,131
08/30/2019,FWA,IN,AGL,CE,Combined TRACON& Tower with Radar,24,31,19,0,74,0,4,19,0,23,24,35,38,0,97,20,0,20,117
08/31/2019,FWA,IN,AGL,CE,Combined TRACON& Tower with Radar,14,30,16,0,60,0,3,14,0,17,14,33,30,0,77,10,0,10,87
09/01/2019,FWA,IN,AGL,CE,Combined TRACON& Tower with Radar,20,19,11,0,50,0,0,5,0,5,20,19,16,0,55,2,0,2,57
09/02/2019,FWA,IN,AGL,CE,Combined TRACON& Tower with Radar,19,22,12,0,53,0,4,18,0,22,19,26,30,0,75,16,0,16,91
09/03/2019,FWA,IN,AGL,CE,Combined TRACON& Tower with Radar,21,22,17,6,66,0,2,6,2,10,21,24,23,8,76,0,0,0,76
09/04/2019,FWA,IN,AGL,CE,Combined TRACON& Tower with Radar,27,34,24,4,89,0,2,34,6,42,27,36,58,10,131,0,0,0,131
09/05/2019,FWA,IN,AGL,CE,Combined TRACON& Tower with Radar,27,32,30,3,92,0,0,24,4,28,27,32,54,7,120,30,0,30,150
09/06/2019,FWA,IN,AGL,CE,Combined TRACON& Tower with Radar,21,26,31,12,90,0,2,6,6,14,21,28,37,18,104,0,0,0,104
09/07/2019,FWA,IN,AGL,CE,Combined TRACON& Tower with Radar,14,24,12,1,51,0,0,25,1,26,14,24,37,2,77,0,0,0,77
09/08/2019,FWA,IN,AGL,CE,Combined TRACON& Tower with Radar,18,32,14,0,64,0,0,8,2,10,18,32,22,2,74,8,0,8,82
09/09/2019,FWA,IN,AGL,CE,Combined TRACON& Tower with Radar,20,28,27,0,75,0,0,28,0,28,20,28,55,0,103,20,0,20,123
09/10/2019,FWA,IN,AGL,CE,Combined TRACON& Tower with Radar,23,28,35,5,91,0,2,23,5,30,23,30,58,10,121,16,0,16,137
09/11/2019,FWA,IN,AGL,CE,Combined TRACON& Tower with Radar,27,26,25,6,84,0,0,15,5,20,27,26,40,11,104,12,0,12,116
09/12/2019,FWA,IN,AGL,CE,Combined TRACON& Tower with Radar,32,28,20,11,91,0,1,7,5,13,32,29,27,16,104,0,2,2,106
09/13/2019,FWA,IN,AGL,CE,Combined TRACON& Tower with Radar,22,31,13,8,74,0,0,19,9,28,22,31,32,17,102,4,2,6,108
09/14/2019,FWA,IN,AGL,CE,Combined TRACON& Tower with Radar,12,28,17,1,58,0,0,43,2,45,12,28,60,3,103,6,0,6,109
09/15/2019,FWA,IN,AGL,CE,Combined TRACON& Tower with Radar,18,26,14,3,61,0,1,10,7,18,18,27,24,10,79,0,0,0,79
09/16/2019,FWA,IN,AGL,CE,Combined TRACON& Tower with Radar,18,29,13,6,66,0,0,16,5,21,18,29,29,11,87,18,0,18,105
09/17/2019,FWA,IN,AGL,CE,Combined TRACON& Tower with Radar,23,25,25,7,80,0,0,9,6,15,23,25,34,13,95,28,0,28,123
09/18/2019,FWA,IN,AGL,CE,Combined TRACON& Tower with Radar,28,30,31,9,98,0,5,26,5,36,28,35,57,14,134,14,0,14,148
09/19/2019,FWA,IN,AGL,CE,Combined TRACON& Tower with Radar,32,31,33,3,99,0,2,34,19,55,32,33,67,22,154,36,0,36,190
09/20/2019,FWA,IN,AGL,CE,Combined TRACON& Tower with Radar,24,33,22,1,80,0,2,33,1,36,24,35,55,2,116,14,0,14,130
09/21/2019,FWA,IN,AGL,CE,Combined TRACON& Tower with Radar,13,26,10,0,49,0,2,24,0,26,13,28,34,0,75,22,0,22,97
09/22/2019,FWA,IN,AGL,CE,Combined TRACON& Tower with Radar,18,30,9,0,57,0,0,4,0,4,18,30,13,0,61,0,0,0,61
09/23/2019,FWA,IN,AGL,CE,Combined TRACON& Tower with Radar,20,31,32,4,87,0,0,13,0,13,20,31,45,4,100,40,16,56,156
09/24/2019,FWA,IN,AGL,CE,Combined TRACON& Tower with Radar,22,30,24,3,79,0,4,43,7,54,22,34,67,10,133,16,0,16,149
09/25/2019,FWA,IN,AGL,CE,Combined TRACON& Tower with Radar,22,29,18,3,72,0,0,13,7,20,22,29,31,10,92,2,0,2,94
09/26/2019,FWA,IN,AGL,CE,Combined TRACON& Tower with Radar,27,33,33,5,98,0,2,37,5,44,27,35,70,10,142,28,0,28,170
09/27/2019,FWA,IN,AGL,CE,Combined TRACON& Tower with Radar,25,26,7,3,61,0,0,8,8,16,25,26,15,11,77,0,6,6,83
09/28/2019,FWA,IN,AGL,CE,Combined TRACON& Tower with Radar,12,31,13,0,56,0,0,7,0,7,12,31,20,0,63,0,0,0,63
09/29/2019,FWA,IN,AGL,CE,Combined TRACON& Tower with Radar,18,32,6,0,56,0,0,0,0,0,18,32,6,0,56,0,0,0,56
09/30/2019,FWA,IN,AGL,CE,Combined TRACON& Tower with Radar,20,31,26,0,77,0,0,26,1,27,20,31,52,1,104,32,0,32,136
10/01/2019,FWA,IN,AGL,CE,Combined TRACON& Tower with Radar,26,33,14,3,76,0,0,17,1,18,26,33,31,4,94,12,0,12,106
10/02/2019,FWA,IN,AGL,CE,Combined TRACON& Tower with Radar,29,29,15,6,79,0,0,25,5,30,29,29,40,11,109,40,0,40,149
10/03/2019,FWA,IN,AGL,CE,Combined TRACON& Tower with Radar,33,30,25,9,97,0,2,9,1,12,33,32,34,10,109,8,0,8,117
10/04/2019,FWA,IN,AGL,CE,Combined TRACON& Tower with Radar,26,26,26,5,83,0,0,33,6,39,26,26,59,11,122,14,4,18,140
10/05/2019,FWA,IN,AGL,CE,Combined TRACON& Tower with Radar,22,27,2,5,56,0,0,26,10,36,22,27,28,15,92,12,2,14,106
10/06/2019,FWA,IN,AGL,CE,Combined TRACON& Tower with Radar,17,29,14,5,65,0,0,10,8,18,17,29,24,13,83,8,0,8,91
10/07/2019,FWA,IN,AGL,CE,Combined TRACON& Tower with Radar,21,28,28,8,85,0,2,18,8,28,21,30,46,16,113,30,0,30,143
10/08/2019,FWA,IN,AGL,CE,Combined TRACON& Tower with Radar,24,28,23,4,79,0,8,27,3,38,24,36,50,7,117,60,0,60,177
10/09/2019,FWA,IN,AGL,CE,Combined TRACON& Tower with Radar,31,30,22,4,87,0,5,51,7,63,31,35,73,11,150,58,0,58,208
10/10/2019,FWA,IN,AGL,CE,Combined TRACON& Tower with Radar,31,34,25,0,90,0,2,24,0,26,31,36,49,0,116,36,0,36,152
10/11/2019,FWA,IN,AGL,CE,Combined TRACON& Tower with Radar,25,29,15,0,69,0,0,9,0,9,25,29,24,0,78,0,0,0,78
10/12/2019,FWA,IN,AGL,CE,Combined TRACON& Tower with Radar,21,29,9,1,60,0,0,17,0,17,21,29,26,1,77,52,0,52,129
10/13/2019,FWA,IN,AGL,CE,Combined TRACON& Tower with Radar,18,29,16,0,63,0,0,12,0,12,18,29,28,0,75,8,0,8,83
10/14/2019,FWA,IN,AGL,CE,Combined TRACON& Tower with Radar,20,28,18,0,66,0,2,39,1,42,20,30,57,1,108,66,0,66,174
10/15/2019,FWA,IN,AGL,CE,Combined TRACON& Tower with Radar,26,29,15,4,74,0,2,19,6,27,26,31,34,10,101,24,0,24,125
10/16/2019,FWA,IN,AGL,CE,Combined TRACON& Tower with Radar,32,31,14,7,84,0,0,1,1,2,32,31,15,8,86,0,2,2,88
10/17/2019,FWA,IN,AGL,CE,Combined TRACON& Tower with Radar,25,27,18,5,75,0,0,17,4,21,25,27,35,9,96,26,4,30,126
10/18/2019,FWA,IN,AGL,CE,Combined TRACON& Tower with Radar,23,29,28,2,82,0,1,28,2,31,23,30,56,4,113,56,4,60,173
10/19/2019,FWA,IN,AGL,CE,Combined TRACON& Tower with Radar,22,29,10,0,61,0,0,37,0,37,22,29,47,0,98,28,0,28,126
10/20/2019,FWA,IN,AGL,CE,Combined TRACON& Tower with Radar,18,26,11,0,55,0,1,19,0,20,18,27,30,0,75,30,0,30,105
10/21/2019,FWA,IN,AGL,CE,Combined TRACON& Tower with Radar,20,30,11,0,61,0,0,0,0,0,20,30,11,0,61,0,0,0,61
10/22/2019,FWA,IN,AGL,CE,Combined TRACON& Tower with Radar,26,26,18,4,74,0,1,7,2,10,26,27,25,6,84,18,4,22,106
10/23/2019,FWA,IN,AGL,CE,Combined TRACON& Tower with Radar,29,33,25,4,91,0,6,19,2,27,29,39,44,6,118,4,0,4,122
10/24/2019,FWA,IN,AGL,CE,Combined TRACON& Tower with Radar,24,35,19,5,83,0,3,24,2,29,24,38,43,7,112,20,0,20,132
10/25/2019,FWA,IN,AGL,CE,Combined TRACON& Tower with Radar,23,27,15,4,69,0,2,28,0,30,23,29,43,4,99,20,0,20,119
10/26/2019,FWA,IN,AGL,CE,Combined TRACON& Tower with Radar,20,28,14,0,62,0,0,3,0,3,20,28,17,0,65,0,0,0,65
10/27/2019,FWA,IN,AGL,CE,Combined TRACON& Tower with Radar,20,31,14,0,65,0,0,8,0,8,20,31,22,0,73,8,0,8,81
10/28/2019,FWA,IN,AGL,CE,Combined TRACON& Tower with Radar,21,30,31,2,84,0,1,33,2,36,21,31,64,4,120,24,0,24,144
10/29/2019,FWA,IN,AGL,CE,Combined TRACON& Tower with Radar,23,36,28,10,97,0,0,3,0,3,23,36,31,10,100,0,0,0,100
10/30/2019,FWA,IN,AGL,CE,Combined TRACON& Tower with Radar,29,27,27,0,83,0,0,0,0,0,29,27,27,0,83,0,0,0,83
10/31/2019,FWA,IN,AGL,CE,Combined TRACON& Tower with Radar,33,26,20,1,80,0,0,0,0,0,33,26,20,1,80,0,0,0,80
11/01/2019,FWA,IN,AGL,CE,Combined TRACON& Tower with Radar,30,29,27,3,89,0,2,22,3,27,30,31,49,6,116,4,2,6,122
11/02/2019,FWA,IN,AGL,CE,Combined TRACON& Tower with Radar,27,29,6,9,71,0,0,5,6,11,27,29,11,15,82,6,0,6,88
11/03/2019,FWA,IN,AGL,CE,Combined TRACON& Tower with Radar,27,36,29,6,98,0,0,44,8,52,27,36,73,14,150,38,0,38,188
11/04/2019,FWA,IN,AGL,CE,Combined TRACON& Tower with Radar,26,32,9,11,78,0,2,9,1,12,26,34,18,12,90,0,0,0,90
11/05/2019,FWA,IN,AGL,CE,Combined TRACON& Tower with Radar,29,33,14,7,83,0,0,25,5,30,29,33,39,12,113,0,0,0,113
11/06/2019,FWA,IN,AGL,CE,Combined TRACON& Tower with Radar,27,37,15,8,87,0,2,17,5,24,27,39,32,13,111,30,0,30,141
11/07/2019,FWA,IN,AGL,CE,Combined TRACON& Tower with Radar,27,29,24,0,80,0,0,16,1,17,27,29,40,1,97,10,0,10,107
11/08/2019,FWA,IN,AGL,CE,Combined TRACON& Tower with Radar,23,31,20,0,74,0,0,30,0,30,23,31,50,0,104,28,0,28,132
11/09/2019,FWA,IN,AGL,CE,Combined TRACON& Tower with Radar,20,25,10,0,55,0,2,19,0,21,20,27,29,0,76,0,0,0,76
11/10/2019,FWA,IN,AGL,CE,Combined TRACON& Tower with Radar,18,28,8,0,54,0,2,13,0,15,18,30,21,0,69,4,0,4,73
11/11/2019,FWA,IN,AGL,CE,Combined TRACON& Tower with Radar,14,20,10,0,44,0,0,0,0,0,14,20,10,0,44,0,0,0,44
11/12/2019,FWA,IN,AGL,CE,Combined TRACON& Tower with Radar,25,31,14,0,70,0,0,6,0,6,25,31,20,0,76,0,0,0,76
11/13/2019,FWA,IN,AGL,CE,Combined TRACON& Tower with Radar,25,27,16,11,79,0,4,15,3,22,25,31,31,14,101,0,0,0,101
11/14/2019,FWA,IN,AGL,CE,Combined TRACON& Tower with Radar,26,26,22,4,78,0,0,12,9,21,26,26,34,13,99,8,2,10,109
11/15/2019,FWA,IN,AGL,CE,Combined TRACON& Tower with Radar,22,30,10,4,66,0,0,19,8,27,22,30,29,12,93,20,0,20,113
11/16/2019,FWA,IN,AGL,CE,Combined TRACON& Tower with Radar,20,28,7,2,57,0,0,24,0,24,20,28,31,2,81,8,0,8,89
11/17/2019,FWA,IN,AGL,CE,Combined TRACON& Tower with Radar,18,35,7,0,60,0,0,13,0,13,18,35,20,0,73,26,0,26,99
11/18/2019,FWA,IN,AGL,CE,Combined TRACON& Tower with Radar,20,28,15,0,63,0,0,4,0,4,20,28,19,0,67,8,0,8,75
11/19/2019,FWA,IN,AGL,CE,Combined TRACON& Tower with Radar,24,30,22,11,87,0,0,1,3,4,24,30,23,14,91,0,0,0,91
11/20/2019,FWA,IN,AGL,CE,Combined TRACON& Tower with Radar,24,31,26,8,89,0,0,11,1,12,24,31,37,9,101,2,0,2,103
11/21/2019,FWA,IN,AGL,CE,Combined TRACON& Tower with Radar,26,29,15,11,81,0,0,0,3,3,26,29,15,14,84,0,0,0,84
11/22/2019,FWA,IN,AGL,CE,Combined TRACON& Tower with Radar,22,30,30,10,92,0,0,34,3,37,22,30,64,13,129,14,0,14,143
11/23/2019,FWA,IN,AGL,CE,Combined TRACON& Tower with Radar,18,27,3,0,48,0,2,18,0,20,18,29,21,0,68,28,0,28,96
11/24/2019,FWA,IN,AGL,CE,Combined TRACON& Tower with Radar,18,27,11,0,56,0,0,33,1,34,18,27,44,1,90,14,0,14,104
11/25/2019,FWA,IN,AGL,CE,Combined TRACON& Tower with Radar,20,25,15,1,61,0,2,35,7,44,20,27,50,8,105,8,0,8,113
11/26/2019,FWA,IN,AGL,CE,Combined TRACON& Tower with Radar,30,33,22,3,88,0,2,8,8,18,30,35,30,11,106,2,0,2,108
11/27/2019,FWA,IN,AGL,CE,Combined TRACON& Tower with Radar,27,37,10,0,74,0,0,1,0,1,27,37,11,0,75,0,0,0,75
11/28/2019,FWA,IN,AGL,CE,Combined TRACON& Tower with Radar,11,19,9,0,39,0,0,0,0,0,11,19,9,0,39,0,0,0,39
11/29/2019,FWA,IN,AGL,CE,Combined TRACON& Tower with Radar,19,19,13,0,51,0,0,8,1,9,19,19,21,1,60,18,0,18,78
11/30/2019,FWA,IN,AGL,CE,Combined TRACON& Tower with Radar,25,25,7,0,57,0,0,0,0,0,25,25,7,0,57,0,0,0,57
12/01/2019,FWA,IN,AGL,CE,Combined TRACON& Tower with Radar,20,31,9,0,60,0,0,0,0,0,20,31,9,0,60,0,0,0,60
12/02/2019,FWA,IN,AGL,CE,Combined TRACON& Tower with Radar,22,31,11,0,64,0,0,1,2,3,22,31,12,2,67,0,0,0,67
12/03/2019,FWA,IN,AGL,CE,Combined TRACON& Tower with Radar,24,23,22,7,76,0,0,3,2,5,24,23,25,9,81,0,0,0,81
12/04/2019,FWA,IN,AGL,CE,Combined TRACON& Tower with Radar,24,30,23,6,83,0,0,3,8,11,24,30,26,14,94,0,2,2,96
12/05/2019,FWA,IN,AGL,CE,Combined TRACON& Tower with Radar,30,34,35,7,106,0,0,43,8,51,30,34,78,15,157,28,0,28,185
12/06/2019,FWA,IN,AGL,CE,Combined TRACON& Tower with Radar,26,29,29,0,84,0,0,28,0,28,26,29,57,0,112,12,0,12,124
12/07/2019,FWA,IN,AGL,CE,Combined TRACON& Tower with Radar,16,23,14,0,53,0,1,37,0,38,16,24,51,0,91,36,0,36,127
12/08/2019,FWA,IN,AGL,CE,Combined TRACON& Tower with Radar,18,24,6,0,48,0,0,7,0,7,18,24,13,0,55,16,0,16,71
12/09/2019,FWA,IN,AGL,CE,Combined TRACON& Tower with Radar,27,30,28,0,85,0,0,0,0,0,27,30,28,0,85,0,0,0,85
12/10/2019,FWA,IN,AGL,CE,Combined TRACON& Tower with Radar,22,26,25,7,80,0,0,15,3,18,22,26,40,10,98,0,2,2,100
12/11/2019,FWA,IN,AGL,CE,Combined TRACON& Tower with Radar,22,30,31,8,91,0,0,4,2,6,22,30,35,10,97,0,0,0,97
12/12/2019,FWA,IN,AGL,CE,Combined TRACON& Tower with Radar,28,24,22,7,81,0,0,20,2,22,28,24,42,9,103,0,10,10,113
12/13/2019,FWA,IN,AGL,CE,Combined TRACON& Tower with Radar,23,29,31,0,83,0,2,23,0,25,23,31,54,0,108,0,0,0,108
12/14/2019,FWA,IN,AGL,CE,Combined TRACON& Tower with Radar,19,21,12,0,52,0,0,6,0,6,19,21,18,0,58,10,0,10,68
12/15/2019,FWA,IN,AGL,CE,Combined TRACON& Tower with Radar,21,25,9,0,55,0,0,7,0,7,21,25,16,0,62,46,0,46,108
12/16/2019,FWA,IN,AGL,CE,Combined TRACON& Tower with Radar,19,30,18,0,67,0,0,1,2,3,19,30,19,2,70,0,0,0,70
12/17/2019,FWA,IN,AGL,CE,Combined TRACON& Tower with Radar,23,29,29,5,86,0,0,24,7,31,23,29,53,12,117,10,2,12,129
12/18/2019,FWA,IN,AGL,CE,Combined TRACON& Tower with Radar,20,37,27,0,84,0,2,27,0,29,20,39,54,0,113,0,0,0,113
12/19/2019,FWA,IN,AGL,CE,Combined TRACON& Tower with Radar,27,40,24,4,95,0,2,31,10,43,27,42,55,14,138,44,0,44,182
12/20/2019,FWA,IN,AGL,CE,Combined TRACON& Tower with Radar,23,32,30,3,88,0,6,26,11,43,23,38,56,14,131,24,2,26,157
12/21/2019,FWA,IN,AGL,CE,Combined TRACON& Tower with Radar,22,32,12,0,66,0,0,37,1,38,22,32,49,1,104,20,0,20,124
12/22/2019,FWA,IN,AGL,CE,Combined TRACON& Tower with Radar,17,32,12,0,61,1,0,13,0,14,18,32,25,0,75,16,0,16,91
12/23/2019,FWA,IN,AGL,CE,Combined TRACON& Tower with Radar,20,39,7,0,66,0,2,25,0,27,20,41,32,0,93,24,0,24,117
12/24/2019,FWA,IN,AGL,CE,Combined TRACON& Tower with Radar,10,14,1,0,25,0,0,0,0,0,10,14,1,0,25,0,0,0,25
12/25/2019,FWA,IN,AGL,CE,Combined TRACON& Tower with Radar,14,23,4,0,41,0,0,10,0,10,14,23,14,0,51,26,0,26,77
12/26/2019,FWA,IN,AGL,CE,Combined TRACON& Tower with Radar,26,37,12,4,79,0,1,9,2,12,26,38,21,6,91,8,0,8,99
12/27/2019,FWA,IN,AGL,CE,Combined TRACON& Tower with Radar,20,31,22,10,83,0,0,4,0,4,20,31,26,10,87,4,0,4,91
12/28/2019,FWA,IN,AGL,CE,Combined TRACON& Tower with Radar,20,31,14,0,65,0,0,3,0,3,20,31,17,0,68,0,0,0,68
12/29/2019,FWA,IN,AGL,CE,Combined TRACON& Tower with Radar,20,32,8,0,60,0,1,1,0,2,20,33,9,0,62,0,0,0,62
12/30/2019,FWA,IN,AGL,CE,Combined TRACON& Tower with Radar,18,35,3,0,56,0,0,2,0,2,18,35,5,0,58,0,0,0,58
12/31/2019,FWA,IN,AGL,CE,Combined TRACON& Tower with Radar,24,27,3,0,54,0,0,2,0,2,24,27,5,0,56,0,0,0,56
01/01/2020,FWA,IN,AGL,CE,Combined TRACON& Tower with Radar,10,23,2,0,35,0,2,16,1,19,10,25,18,1,54,28,0,28,82
01/02/2020,FWA,IN,AGL,CE,Combined TRACON& Tower with Radar,26,34,5,0,65,0,0,27,7,34,26,34,32,7,99,26,2,28,127
01/03/2020,FWA,IN,AGL,CE,Combined TRACON& Tower with Radar,20,33,20,8,81,0,0,1,0,1,20,33,21,8,82,0,0,0,82
01/04/2020,FWA,IN,AGL,CE,Combined TRACON& Tower with Radar,19,26,6,0,51,0,0,1,0,1,19,26,7,0,52,0,0,0,52
01/05/2020,FWA,IN,AGL,CE,Combined TRACON& Tower with Radar,19,35,16,0,70,0,0,13,2,15,19,35,29,2,85,10,0,10,95
01/06/2020,FWA,IN,AGL,CE,Combined TRACON& Tower with Radar,18,29,19,1,67,0,0,33,1,34,18,29,52,2,101,8,0,8,109
01/07/2020,FWA,IN,AGL,CE,Combined TRACON& Tower with Radar,20,29,15,7,71,0,2,23,6,31,20,31,38,13,102,2,0,2,104
01/08/2020,FWA,IN,AGL,CE,Combined TRACON& Tower with Radar,20,29,10,7,66,0,2,20,5,27,20,31,30,12,93,14,0,14,107
01/09/2020,FWA,IN,AGL,CE,Combined TRACON& Tower with Radar,26,30,19,5,80,0,0,3,9,12,26,30,22,14,92,18,4,22,114
01/10/2020,FWA,IN,AGL,CE,Combined TRACON& Tower with Radar,18,35,20,18,91,0,0,0,0,0,18,35,20,18,91,0,0,0,91
01/11/2020,FWA,IN,AGL,CE,Combined TRACON& Tower with Radar,22,24,0,0,46,0,0,0,0,0,22,24,0,0,46,0,0,0,46
01/12/2020,FWA,IN,AGL,CE,Combined TRACON& Tower with Radar,18,33,13,15,79,0,0,0,3,3,18,33,13,18,82,0,0,0,82
01/13/2020,FWA,IN,AGL,CE,Combined TRACON& Tower with Radar,17,30,13,15,75,0,0,3,2,5,17,30,16,17,80,0,0,0,80
01/14/2020,FWA,IN,AGL,CE,Combined TRACON& Tower with Radar,23,31,24,14,92,0,0,1,1,2,23,31,25,15,94,8,0,8,102
01/15/2020,FWA,IN,AGL,CE,Combined TRACON& Tower with Radar,20,31,18,0,69,0,0,0,0,0,20,31,18,0,69,0,0,0,69
01/16/2020,FWA,IN,AGL,CE,Combined TRACON& Tower with Radar,26,30,20,0,76,0,0,10,0,10,26,30,30,0,86,2,0,2,88
01/17/2020,FWA,IN,AGL,CE,Combined TRACON& Tower with Radar,17,29,12,0,58,0,0,21,0,21,17,29,33,0,79,6,0,6,85
01/18/2020,FWA,IN,AGL,CE,Combined TRACON& Tower with Radar,20,22,5,0,47,0,0,0,0,0,20,22,5,0,47,0,0,0,47
01/19/2020,FWA,IN,AGL,CE,Combined TRACON& Tower with Radar,19,26,9,0,54,0,0,0,0,0,19,26,9,0,54,0,0,0,54
01/20/2020,FWA,IN,AGL,CE,Combined TRACON& Tower with Radar,18,27,23,0,68,0,0,12,0,12,18,27,35,0,80,50,0,50,130
01/21/2020,FWA,IN,AGL,CE,Combined TRACON& Tower with Radar,20,31,37,6,94,0,0,16,8,24,20,31,53,14,118,6,0,6,124
01/22/2020,FWA,IN,AGL,CE,Combined TRACON& Tower with Radar,20,29,10,4,63,0,2,23,8,33,20,31,33,12,96,4,0,4,100
01/23/2020,FWA,IN,AGL,CE,Combined TRACON& Tower with Radar,26,32,21,5,84,0,4,12,4,20,26,36,33,9,104,0,0,0,104
01/24/2020,FWA,IN,AGL,CE,Combined TRACON& Tower with Radar,20,36,26,2,84,0,0,0,0,0,20,36,26,2,84,0,0,0,84
01/25/2020,FWA,IN,AGL,CE,Combined TRACON& Tower with Radar,18,30,2,0,50,0,0,0,0,0,18,30,2,0,50,0,0,0,50
01/26/2020,FWA,IN,AGL,CE,Combined TRACON& Tower with Radar,18,30,9,0,57,0,0,0,0,0,18,30,9,0,57,0,0,0,57
01/27/2020,FWA,IN,AGL,CE,Combined TRACON& Tower with Radar,18,27,10,1,56,0,0,0,0,0,18,27,10,1,56,0,0,0,56
01/28/2020,FWA,IN,AGL,CE,Combined TRACON& Tower with Radar,20,27,17,1,65,0,0,0,0,0,20,27,17,1,65,0,0,0,65
01/29/2020,FWA,IN,AGL,CE,Combined TRACON& Tower with Radar,22,28,22,7,79,0,0,14,1,15,22,28,36,8,94,0,4,4,98
01/30/2020,FWA,IN,AGL,CE,Combined TRACON& Tower with Radar,26,31,27,3,87,0,2,16,1,19,26,33,43,4,106,8,4,12,118
01/31/2020,FWA,IN,AGL,CE,Combined TRACON& Tower with Radar,26,26,24,1,77,0,0,3,0,3,26,26,27,1,80,8,0,8,88
02/01/2020,FWA,IN,AGL,CE,Combined TRACON& Tower with Radar,18,26,8,1,53,0,0,1,0,1,18,26,9,1,54,0,0,0,54
02/02/2020,FWA,IN,AGL,CE,Combined TRACON& Tower with Radar,17,24,5,4,50,0,0,12,1,13,17,24,17,5,63,0,8,8,71
02/03/2020,FWA,IN,AGL,CE,Combined TRACON& Tower with Radar,19,30,35,0,84,0,2,38,0,40,19,32,73,0,124,22,0,22,146
02/04/2020,FWA,IN,AGL,CE,Combined TRACON& Tower with Radar,22,31,18,0,71,0,0,5,0,5,22,31,23,0,76,6,0,6,82
02/05/2020,FWA,IN,AGL,CE,Combined TRACON& Tower with Radar,19,27,15,0,61,0,0,7,0,7,19,27,22,0,68,0,0,0,68
02/06/2020,FWA,IN,AGL,CE,Combined TRACON& Tower with Radar,23,23,18,0,64,0,0,0,0,0,23,23,18,0,64,0,0,0,64
02/07/2020,FWA,IN,AGL,CE,Combined TRACON& Tower with Radar,22,27,22,0,71,0,0,20,0,20,22,27,42,0,91,18,0,18,109
02/08/2020,FWA,IN,AGL,CE,Combined TRACON& Tower with Radar,19,24,4,0,47,0,0,1,1,2,19,24,5,1,49,0,0,0,49
02/09/2020,FWA,IN,AGL,CE,Combined TRACON& Tower with Radar,20,30,12,0,62,0,0,7,0,7,20,30,19,0,69,0,0,0,69
02/10/2020,FWA,IN,AGL,CE,Combined TRACON& Tower with Radar,18,33,14,0,65,0,0,3,0,3,18,33,17,0,68,0,0,0,68
02/11/2020,FWA,IN,AGL,CE,Combined TRACON& Tower with Radar,22,33,30,0,85,0,4,44,1,49,22,37,74,1,134,26,0,26,160
02/12/2020,FWA,IN,AGL,CE,Combined TRACON& Tower with Radar,28,35,24,0,87,0,0,16,0,16,28,35,40,0,103,16,0,16,119
02/13/2020,FWA,IN,AGL,CE,Combined TRACON& Tower with Radar,26,27,16,2,71,0,1,0,1,2,26,28,16,3,73,0,0,0,73
02/14/2020,FWA,IN,AGL,CE,Combined TRACON& Tower with Radar,24,29,20,4,77,0,4,41,0,45,24,33,61,4,122,0,0,0,122
02/15/2020,FWA,IN,AGL,CE,Combined TRACON& Tower with Radar,28,20,1,0,49,0,0,9,0,9,28,20,10,0,58,0,0,0,58
02/16/2020,FWA,IN,AGL,CE,Combined TRACON& Tower with Radar,21,23,8,0,52,0,0,21,0,21,21,23,29,0,73,0,0,0,73
02/17/2020,FWA,IN,AGL,CE,Combined TRACON& Tower with Radar,21,25,17,0,63,0,0,14,0,14,21,25,31,0,77,28,0,28,105
02/18/2020,FWA,IN,AGL,CE,Combined TRACON& Tower with Radar,25,28,27,0,80,0,2,11,1,14,25,30,38,1,94,12,0,12,106
02/19/2020,FWA,IN,AGL,CE,Combined TRACON& Tower with Radar,26,31,25,2,84,0,4,32,0,36,26,35,57,2,120,18,0,18,138
02/20/2020,FWA,IN,AGL,CE,Combined TRACON& Tower with Radar,26,30,27,1,84,0,4,11,3,18,26,34,38,4,102,28,0,28,130
02/21/2020,FWA,IN,AGL,CE,Combined TRACON& Tower with Radar,21,32,26,2,81,0,0,46,2,48,21,32,72,4,129,38,0,38,167
02/22/2020,FWA,IN,AGL,CE,Combined TRACON& Tower with Radar,25,24,15,0,64,0,6,44,0,50,25,30,59,0,114,34,0,34,148
02/23/2020,FWA,IN,AGL,CE,Combined TRACON& Tower with Radar,20,31,5,0,56,0,0,19,1,20,20,31,24,1,76,18,0,18,94
02/24/2020,FWA,IN,AGL,CE,Combined TRACON& Tower with Radar,20,33,20,0,73,0,0,0,0,0,20,33,20,0,73,0,0,0,73
02/25/2020,FWA,IN,AGL,CE,Combined TRACON& Tower with Radar,23,28,15,0,66,0,0,0,0,0,23,28,15,0,66,0,0,0,66
02/26/2020,FWA,IN,AGL,CE,Combined TRACON& Tower with Radar,27,26,9,0,62,0,0,0,0,0,27,26,9,0,62,0,0,0,62
02/27/2020,FWA,IN,AGL,CE,Combined TRACON& Tower with Radar,27,35,19,2,83,0,0,4,0,4,27,35,23,2,87,4,0,4,91
02/28/2020,FWA,IN,AGL,CE,Combined TRACON& Tower with Radar,21,27,16,4,68,0,0,23,0,23,21,27,39,4,91,11,0,11,102
02/29/2020,FWA,IN,AGL,CE,Combined TRACON& Tower with Radar,25,24,9,0,58,0,3,26,1,30,25,27,35,1,88,10,0,10,98
03/01/2020,FWA,IN,AGL,CE,Combined TRACON& Tower with Radar,20,27,9,0,56,0,4,11,0,15,20,31,20,0,71,16,0,16,87
03/02/2020,FWA,IN,AGL,CE,Combined TRACON& Tower with Radar,21,36,19,0,76,0,0,4,0,4,21,36,23,0,80,8,0,8,88
03/03/2020,FWA,IN,AGL,CE,Combined TRACON& Tower with Radar,26,26,29,3,84,0,0,8,5,13,26,26,37,8,97,0,4,4,101
03/04/2020,FWA,IN,AGL,CE,Combined TRACON& Tower with Radar,30,30,17,9,86,0,2,18,5,25,30,32,35,14,111,20,18,38,149
03/05/2020,FWA,IN,AGL,CE,Combined TRACON& Tower with Radar,28,29,29,3,89,0,2,22,9,33,28,31,51,12,122,26,0,26,148
03/06/2020,FWA,IN,AGL,CE,Combined TRACON& Tower with Radar,24,40,20,9,93,0,0,2,7,9,24,40,22,16,102,6,0,6,108
03/07/2020,FWA,IN,AGL,CE,Combined TRACON& Tower with Radar,24,20,9,2,55,0,7,43,15,65,24,27,52,17,120,10,0,10,130
03/08/2020,FWA,IN,AGL,CE,Combined TRACON& Tower with Radar,18,29,17,1,65,0,0,24,16,40,18,29,41,17,105,0,0,0,105
03/09/2020,FWA,IN,AGL,CE,Combined TRACON& Tower with Radar,19,32,11,8,70,0,2,5,8,15,19,34,16,16,85,0,0,0,85
03/10/2020,FWA,IN,AGL,CE,Combined TRACON& Tower with Radar,27,32,22,10,91,0,0,10,0,10,27,32,32,10,101,4,2,6,107
03/11/2020,FWA,IN,AGL,CE,Combined TRACON& Tower with Radar,32,40,21,9,102,0,0,1,1,2,32,40,22,10,104,0,0,0,104
03/12/2020,FWA,IN,AGL,CE,Combined TRACON& Tower with Radar,28,32,18,9,87,0,0,0,4,4,28,32,18,13,91,0,6,6,97
03/13/2020,FWA,IN,AGL,CE,Combined TRACON& Tower with Radar,24,30,14,0,68,0,0,12,0,12,24,30,26,0,80,8,0,8,88
03/14/2020,FWA,IN,AGL,CE,Combined TRACON& Tower with Radar,24,25,7,0,56,0,0,11,2,13,24,25,18,2,69,2,0,2,71
03/15/2020,FWA,IN,AGL,CE,Combined TRACON& Tower with Radar,22,27,11,0,60,0,2,27,0,29,22,29,38,0,89,16,0,16,105
03/16/2020,FWA,IN,AGL,CE,Combined TRACON& Tower with Radar,20,32,12,1,65,0,2,7,0,9,20,34,19,1,74,10,0,10,84
03/17/2020,FWA,IN,AGL,CE,Combined TRACON& Tower with Radar,28,27,9,9,73,0,0,19,4,23,28,27,28,13,96,46,0,46,142
03/18/2020,FWA,IN,AGL,CE,Combined TRACON& Tower with Radar,34,30,9,8,81,0,0,3,7,10,34,30,12,15,91,0,26,26,117
03/19/2020,FWA,IN,AGL,CE,Combined TRACON& Tower with Radar,27,24,5,0,56,0,0,0,0,0,27,24,5,0,56,0,0,0,56
03/20/2020,FWA,IN,AGL,CE,Combined TRACON& Tower with Radar,25,23,13,11,72,0,0,2,0,2,25,23,15,11,74,0,0,0,74
03/21/2020,FWA,IN,AGL,CE,Combined TRACON& Tower with Radar,24,22,7,0,53,0,4,23,0,27,24,26,30,0,80,20,0,20,100
03/22/2020,FWA,IN,AGL,CE,Combined TRACON& Tower with Radar,20,23,5,0,48,0,2,24,0,26,20,25,29,0,74,30,0,30,104
03/23/2020,FWA,IN,AGL,CE,Combined TRACON& Tower with Radar,20,23,7,0,50,0,0,0,1,1,20,23,7,1,51,0,0,0,51
03/24/2020,FWA,IN,AGL,CE,Combined TRACON& Tower with Radar,26,23,10,3,62,0,0,1,1,2,26,23,11,4,64,0,0,0,64
03/25/2020,FWA,IN,AGL,CE,Combined TRACON& Tower with Radar,26,21,1,2,50,0,0,12,0,12,26,21,13,2,62,8,0,8,70
03/26/2020,FWA,IN,AGL,CE,Combined TRACON& Tower with Radar,25,23,10,6,64,0,0,2,4,6,25,23,12,10,70,0,10,10,80
03/27/2020,FWA,IN,AGL,CE,Combined TRACON& Tower with Radar,20,23,9,0,52,0,0,0,0,0,20,23,9,0,52,0,0,0,52
03/28/2020,FWA,IN,AGL,CE,Combined TRACON& Tower with Radar,22,23,0,0,45,0,0,0,0,0,22,23,0,0,45,0,0,0,45
03/29/2020,FWA,IN,AGL,CE,Combined TRACON& Tower with Radar,18,29,1,0,48,0,0,0,0,0,18,29,1,0,48,0,0,0,48
03/30/2020,FWA,IN,AGL,CE,Combined TRACON& Tower with Radar,15,23,9,0,47,0,0,0,0,0,15,23,9,0,47,4,0,4,51
03/31/2020,FWA,IN,AGL,CE,Combined TRACON& Tower with Radar,24,21,6,11,62,0,0,3,2,5,24,21,9,13,67,4,8,12,79
04/01/2020,FWA,IN,AGL,CE,Combined TRACON& Tower with Radar,22,16,6,8,52,0,0,5,0,5,22,16,11,8,57,0,0,0,57
04/02/2020,FWA,IN,AGL,CE,Combined TRACON& Tower with Radar,22,10,2,9,43,0,0,14,2,16,22,10,16,11,59,30,4,34,93
04/03/2020,FWA,IN,AGL,CE,Combined TRACON& Tower with Radar,16,12,11,2,41,0,0,16,5,21,16,12,27,7,62,6,0,6,68
04/04/2020,FWA,IN,AGL,CE,Combined TRACON& Tower with Radar,16,8,2,2,28,0,0,2,0,2,16,8,4,2,30,0,0,0,30
04/05/2020,FWA,IN,AGL,CE,Combined TRACON& Tower with Radar,15,13,5,0,33,0,0,9,0,9,15,13,14,0,42,34,0,34,76
04/06/2020,FWA,IN,AGL,CE,Combined TRACON& Tower with Radar,13,9,5,0,27,0,0,9,0,9,13,9,14,0,36,10,0,10,46
04/07/2020,FWA,IN,AGL,CE,Combined TRACON& Tower with Radar,19,21,7,3,50,0,0,5,5,10,19,21,12,8,60,0,4,4,64
04/08/2020,FWA,IN,AGL,CE,Combined TRACON& Tower with Radar,17,8,7,5,37,0,0,16,5,21,17,8,23,10,58,30,0,30,88
04/09/2020,FWA,IN,AGL,CE,Combined TRACON& Tower with Radar,25,10,4,5,44,0,0,1,4,5,25,10,5,9,49,0,2,2,51
04/10/2020,FWA,IN,AGL,CE,Combined TRACON& Tower with Radar,17,12,0,3,32,0,0,4,4,8,17,12,4,7,40,2,4,6,46
04/11/2020,FWA,IN,AGL,CE,Combined TRACON& Tower with Radar,14,10,14,0,38,0,0,17,0,17,14,10,31,0,55,0,0,0,55
04/12/2020,FWA,IN,AGL,CE,Combined TRACON& Tower with Radar,12,10,1,0,23,0,0,2,0,2,12,10,3,0,25,0,0,0,25
04/13/2020,FWA,IN,AGL,CE,Combined TRACON& Tower with Radar,16,12,10,0,38,0,0,0,0,0,16,12,10,0,38,4,0,4,42
04/14/2020,FWA,IN,AGL,CE,Combined TRACON& Tower with Radar,18,9,4,2,33,0,0,15,2,17,18,9,19,4,50,4,8,12,62
04/15/2020,FWA,IN,AGL,CE,Combined TRACON& Tower with Radar,20,6,2,2,30,0,0,2,0,2,20,6,4,2,32,0,0,0,32
04/16/2020,FWA,IN,AGL,CE,Combined TRACON& Tower with Radar,21,6,4,1,32,0,0,10,7,17,21,6,14,8,49,22,4,26,75
04/17/2020,FWA,IN,AGL,CE,Combined TRACON& Tower with Radar,14,7,4,3,28,0,0,0,0,0,14,7,4,3,28,0,0,0,28
04/18/2020,FWA,IN,AGL,CE,Combined TRACON& Tower with Radar,12,11,4,4,31,0,1,12,3,16,12,12,16,7,47,4,0,4,51
04/19/2020,FWA,IN,AGL,CE,Combined TRACON& Tower with Radar,8,6,4,3,21,0,0,8,5,13,8,6,12,8,34,6,4,10,44
04/20/2020,FWA,IN,AGL,CE,Combined TRACON& Tower with Radar,12,6,17,9,44,0,0,2,1,3,12,6,19,10,47,14,0,14,61
04/21/2020,FWA,IN,AGL,CE,Combined TRACON& Tower with Radar,16,8,11,3,38,0,0,7,5,12,16,8,18,8,50,4,4,8,58
04/22/2020,FWA,IN,AGL,CE,Combined TRACON& Tower with Radar,18,7,3,6,34,0,0,9,5,14,18,7,12,11,48,0,2,2,50
04/23/2020,FWA,IN,AGL,CE,Combined TRACON& Tower with Radar,18,15,1,0,34,0,0,1,4,5,18,15,2,4,39,0,0,0,39
04/24/2020,FWA,IN,AGL,CE,Combined TRACON& Tower with Radar,18,5,12,0,35,0,0,19,0,19,18,5,31,0,54,38,0,38,92
04/25/2020,FWA,IN,AGL,CE,Combined TRACON& Tower with Radar,11,8,7,0,26,0,0,7,0,7,11,8,14,0,33,18,0,18,51
04/26/2020,FWA,IN,AGL,CE,Combined TRACON& Tower with Radar,8,5,4,0,17,0,0,7,0,7,8,5,11,0,24,0,0,0,24
04/27/2020,FWA,IN,AGL,CE,Combined TRACON& Tower with Radar,14,4,15,0,33,0,0,43,0,43,14,4,58,0,76,14,0,14,90
04/28/2020,FWA,IN,AGL,CE,Combined TRACON& Tower with Radar,12,6,8,4,30,0,0,18,4,22,12,6,26,8,52,22,0,22,74
04/29/2020,FWA,IN,AGL,CE,Combined TRACON& Tower with Radar,18,5,7,4,34,0,1,1,5,7,18,6,8,9,41,0,0,0,41
04/30/2020,FWA,IN,AGL,CE,Combined TRACON& Tower with Radar,18,8,8,6,40,0,0,2,0,2,18,8,10,6,42,2,0,2,44
05/01/2020,FWA,IN,AGL,CE,Combined TRACON& Tower with Radar,16,7,26,11,60,0,0,37,2,39,16,7,63,13,99,10,0,10,109
05/02/2020,FWA,IN,AGL,CE,Combined TRACON& Tower with Radar,8,8,0,0,16,0,0,22,5,27,8,8,22,5,43,14,0,14,57
05/03/2020,FWA,IN,AGL,CE,Combined TRACON& Tower with Radar,10,3,3,4,20,0,0,22,4,26,10,3,25,8,46,6,0,6,52
05/04/2020,FWA,IN,AGL,CE,Combined TRACON& Tower with Radar,18,8,19,5,50,0,0,30,3,33,18,8,49,8,83,12,0,12,95
05/05/2020,FWA,IN,AGL,CE,Combined TRACON& Tower with Radar,12,5,8,2,27,0,0,5,2,7,12,5,13,4,34,6,0,6,40
05/06/2020,FWA,IN,AGL,CE,Combined TRACON& Tower with Radar,13,5,4,5,27,0,0,27,3,30,13,5,31,8,57,4,0,4,61
05/07/2020,FWA,IN,AGL,CE,Combined TRACON& Tower with Radar,15,8,6,6,35,0,1,14,2,17,15,9,20,8,52,2,0,2,54
05/08/2020,FWA,IN,AGL,CE,Combined TRACON& Tower with Radar,13,10,9,0,32,0,0,3,0,3,13,10,12,0,35,0,0,0,35
05/09/2020,FWA,IN,AGL,CE,Combined TRACON& Tower with Radar,13,4,7,0,24,0,0,14,0,14,13,4,21,0,38,0,0,0,38
05/10/2020,FWA,IN,AGL,CE,Combined TRACON& Tower with Radar,8,6,3,0,17,0,0,0,0,0,8,6,3,0,17,0,0,0,17
05/11/2020,FWA,IN,AGL,CE,Combined TRACON& Tower with Radar,12,7,4,0,23,0,0,11,0,11,12,7,15,0,34,16,0,16,50
05/12/2020,FWA,IN,AGL,CE,Combined TRACON& Tower with Radar,14,4,21,3,42,0,0,16,5,21,14,4,37,8,63,34,4,38,101
05/13/2020,FWA,IN,AGL,CE,Combined TRACON& Tower with Radar,14,11,9,1,35,0,0,24,9,33,14,11,33,10,68,18,0,18,86
05/14/2020,FWA,IN,AGL,CE,Combined TRACON& Tower with Radar,21,6,2,2,31,0,0,0,2,2,21,6,2,4,33,0,0,0,33
05/15/2020,FWA,IN,AGL,CE,Combined TRACON& Tower with Radar,14,8,4,6,32,0,0,4,1,5,14,8,8,7,37,0,0,0,37
05/16/2020,FWA,IN,AGL,CE,Combined TRACON& Tower with Radar,10,5,17,0,32,0,0,16,0,16,10,5,33,0,48,0,0,0,48
05/17/2020,FWA,IN,AGL,CE,Combined TRACON& Tower with Radar,10,5,4,0,19,0,0,0,0,0,10,5,4,0,19,0,0,0,19
05/18/2020,FWA,IN,AGL,CE,Combined TRACON& Tower with Radar,11,7,4,2,24,0,0,2,0,2,11,7,6,2,26,0,0,0,26
05/19/2020,FWA,IN,AGL,CE,Combined TRACON& Tower with Radar,15,14,17,2,48,0,0,0,0,0,15,14,17,2,48,0,0,0,48
05/20/2020,FWA,IN,AGL,CE,Combined TRACON& Tower with Radar,14,6,27,2,49,0,0,11,5,16,14,6,38,7,65,12,2,14,79
05/21/2020,FWA,IN,AGL,CE,Combined TRACON& Tower with Radar,18,13,21,4,56,0,0,13,7,20,18,13,34,11,76,4,0,4,80
05/22/2020,FWA,IN,AGL,CE,Combined TRACON& Tower with Radar,14,6,44,0,64,0,0,7,0,7,14,6,51,0,71,8,0,8,79
05/23/2020,FWA,IN,AGL,CE,Combined TRACON& Tower with Radar,16,5,15,0,36,0,4,6,0,10,16,9,21,0,46,4,0,4,50
05/24/2020,FWA,IN,AGL,CE,Combined TRACON& Tower with Radar,10,5,0,0,15,0,2,14,0,16,10,7,14,0,31,6,0,6,37
05/25/2020,FWA,IN,AGL,CE,Combined TRACON& Tower with Radar,8,5,8,0,21,0,0,8,0,8,8,5,16,0,29,0,0,0,29
05/26/2020,FWA,IN,AGL,CE,Combined TRACON& Tower with Radar,12,5,13,3,33,0,0,15,6,21,12,5,28,9,54,0,0,0,54
05/27/2020,FWA,IN,AGL,CE,Combined TRACON& Tower with Radar,14,11,8,3,36,0,0,15,5,20,14,11,23,8,56,10,0,10,66
05/28/2020,FWA,IN,AGL,CE,Combined TRACON& Tower with Radar,18,13,27,7,65,0,0,0,1,1,18,13,27,8,66,0,0,0,66
05/29/2020,FWA,IN,AGL,CE,Combined TRACON& Tower with Radar,14,8,22,8,52,0,0,21,3,24,14,8,43,11,76,12,0,12,88
05/30/2020,FWA,IN,AGL,CE,Combined TRACON& Tower with Radar,14,6,11,0,31,0,4,43,0,47,14,10,54,0,78,44,0,44,122
05/31/2020,FWA,IN,AGL,CE,Combined TRACON& Tower with Radar,10,5,12,0,27,0,0,37,0,37,10,5,49,0,64,12,0,12,76
06/01/2020,FWA,IN,AGL,CE,Combined TRACON& Tower with Radar,12,8,11,0,31,0,0,38,0,38,12,8,49,0,69,12,0,12,81
06/02/2020,FWA,IN,AGL,CE,Combined TRACON& Tower with Radar,14,4,11,5,34,0,0,22,9,31,14,4,33,14,65,14,0,14,79
06/03/2020,FWA,IN,AGL,CE,Combined TRACON& Tower with Radar,17,10,7,8,42,0,0,14,2,16,17,10,21,10,58,4,0,4,62
06/04/2020,FWA,IN,AGL,CE,Combined TRACON& Tower with Radar,17,7,4,4,32,0,0,32,11,43,17,7,36,15,75,36,6,42,117
06/05/2020,FWA,IN,AGL,CE,Combined TRACON& Tower with Radar,20,10,15,13,58,0,0,32,7,39,20,10,47,20,97,16,0,16,113
06/06/2020,FWA,IN,AGL,CE,Combined TRACON& Tower with Radar,20,8,14,0,42,0,2,27,0,29,20,10,41,0,71,26,0,26,97
06/07/2020,FWA,IN,AGL,CE,Combined TRACON& Tower with Radar,10,13,10,4,37,0,2,30,2,34,10,15,40,6,71,34,0,34,105
06/08/2020,FWA,IN,AGL,CE,Combined TRACON& Tower with Radar,16,6,11,0,33,0,4,26,0,30,16,10,37,0,63,38,0,38,101
06/09/2020,FWA,IN,AGL,CE,Combined TRACON& Tower with Radar,14,12,17,5,48,0,0,20,7,27,14,12,37,12,75,8,0,8,83
06/10/2020,FWA,IN,AGL,CE,Combined TRACON& Tower with Radar,18,10,8,5,41,0,0,0,2,2,18,10,8,7,43,2,0,2,45
06/11/2020,FWA,IN,AGL,CE,Combined TRACON& Tower with Radar,19,8,20,5,52,0,1,35,7,43,19,9,55,12,95,42,0,42,137
06/12/2020,FWA,IN,AGL,CE,Combined TRACON& Tower with Radar,20,6,23,7,56,0,6,48,7,61,20,12,71,14,117,10,2,12,129
06/13/2020,FWA,IN,AGL,CE,Combined TRACON& Tower with Radar,20,5,13,0,38,0,6,35,0,41,20,11,48,0,79,28,0,28,107
06/14/2020,FWA,IN,AGL,CE,Combined TRACON& Tower with Radar,12,9,18,2,41,0,0,26,16,42,12,9,44,18,83,26,0,26,109
06/15/2020,FWA,IN,AGL,CE,Combined TRACON& Tower with Radar,17,8,16,8,49,0,2,38,8,48,17,10,54,16,97,16,0,16,113
06/16/2020,FWA,IN,AGL,CE,Combined TRACON& Tower with Radar,15,5,8,9,37,0,0,41,11,52,15,5,49,20,89,16,4,20,109
06/17/2020,FWA,IN,AGL,CE,Combined TRACON& Tower with Radar,17,5,18,8,48,0,2,39,8,49,17,7,57,16,97,24,6,30,127
06/18/2020,FWA,IN,AGL,CE,Combined TRACON& Tower with Radar,18,13,17,4,52,0,0,44,12,56,18,13,61,16,108,60,12,72,180
06/19/2020,FWA,IN,AGL,CE,Combined TRACON& Tower with Radar,19,8,18,0,45,0,0,46,0,46,19,8,64,0,91,24,0,24,115
06/20/2020,FWA,IN,AGL,CE,Combined TRACON& Tower with Radar,19,5,11,0,35,0,6,17,0,23,19,11,28,0,58,52,0,52,110
06/21/2020,FWA,IN,AGL,CE,Combined TRACON& Tower with Radar,13,5,8,0,26,0,4,7,0,11,13,9,15,0,37,46,0,46,83
06/22/2020,FWA,IN,AGL,CE,Combined TRACON& Tower with Radar,17,15,17,0,49,0,0,16,0,16,17,15,33,0,65,2,0,2,67
06/23/2020,FWA,IN,AGL,CE,Combined TRACON& Tower with Radar,15,8,6,8,37,0,0,18,3,21,15,8,24,11,58,6,0,6,64
06/24/2020,FWA,IN,AGL,CE,Combined TRACON& Tower with Radar,18,9,19,7,53,0,4,33,12,49,18,13,52,19,102,16,0,16,118
06/25/2020,FWA,IN,AGL,CE,Combined TRACON& Tower with Radar,19,13,19,8,59,0,2,26,7,35,19,15,45,15,94,8,0,8,102
06/26/2020,FWA,IN,AGL,CE,Combined TRACON& Tower with Radar,19,17,15,5,56,2,0,8,10,20,21,17,23,15,76,8,0,8,84
06/27/2020,FWA,IN,AGL,CE,Combined TRACON& Tower with Radar,20,7,6,0,33,0,0,9,2,11,20,7,15,2,44,0,0,0,44
06/28/2020,FWA,IN,AGL,CE,Combined TRACON& Tower with Radar,12,11,15,0,38,0,4,12,0,16,12,15,27,0,54,24,0,24,78
06/29/2020,FWA,IN,AGL,CE,Combined TRACON& Tower with Radar,18,8,9,0,35,0,2,17,0,19,18,10,26,0,54,6,0,6,60
06/30/2020,FWA,IN,AGL,CE,Combined TRACON& Tower with Radar,15,4,12,4,35,0,0,15,2,17,15,4,27,6,52,20,0,20,72
07/01/2020,FWA,IN,AGL,CE,Combined TRACON& Tower with Radar,21,10,13,9,53,0,2,27,6,35,21,12,40,15,88,42,2,44,132
07/02/2020,FWA,IN,AGL,CE,Combined TRACON& Tower with Radar,20,15,7,3,45,0,6,52,6,64,20,21,59,9,109,22,0,22,131
07/03/2020,FWA,IN,AGL,CE,Combined TRACON& Tower with Radar,18,13,17,0,48,0,5,28,0,33,18,18,45,0,81,16,0,16,97
07/04/2020,FWA,IN,AGL,CE,Combined TRACON& Tower with Radar,17,7,1,0,25,0,0,13,3,16,17,7,14,3,41,2,0,2,43
07/05/2020,FWA,IN,AGL,CE,Combined TRACON& Tower with Radar,11,13,8,0,32,0,4,9,2,15,11,17,17,2,47,18,0,18,65
07/06/2020,FWA,IN,AGL,CE,Combined TRACON& Tower with Radar,18,11,11,0,40,0,4,20,1,25,18,15,31,1,65,24,0,24,89
07/07/2020,FWA,IN,AGL,CE,Combined TRACON& Tower with Radar,17,19,6,5,47,0,0,15,8,23,17,19,21,13,70,2,6,8,78
07/08/2020,FWA,IN,AGL,CE,Combined TRACON& Tower with Radar,21,21,12,4,58,0,2,17,6,25,21,23,29,10,83,2,0,2,85
07/09/2020,FWA,IN,AGL,CE,Combined TRACON& Tower with Radar,23,17,16,6,62,0,4,31,8,43,23,21,47,14,105,36,2,38,143
07/10/2020,FWA,IN,AGL,CE,Combined TRACON& Tower with Radar,22,19,5,7,53,0,0,10,8,18,22,19,15,15,71,20,0,20,91
07/11/2020,FWA,IN,AGL,CE,Combined TRACON& Tower with Radar,21,19,7,0,47,0,2,29,0,31,21,21,36,0,78,14,0,14,92
07/12/2020,FWA,IN,AGL,CE,Combined TRACON& Tower with Radar,13,19,3,0,35,0,2,17,0,19,13,21,20,0,54,16,0,16,70
07/13/2020,FWA,IN,AGL,CE,Combined TRACON& Tower with Radar,21,16,19,4,60,0,0,51,9,60,21,16,70,13,120,14,0,14,134
07/14/2020,FWA,IN,AGL,CE,Combined TRACON& Tower with Radar,16,17,25,13,71,0,2,38,11,51,16,19,63,24,122,18,4,22,144
07/15/2020,FWA,IN,AGL,CE,Combined TRACON& Tower with Radar,20,28,16,16,80,0,2,32,8,42,20,30,48,24,122,36,0,36,158
07/16/2020,FWA,IN,AGL,CE,Combined TRACON& Tower with Radar,21,22,21,17,81,0,0,13,1,14,21,22,34,18,95,0,0,0,95
07/17/2020,FWA,IN,AGL,CE,Combined TRACON& Tower with Radar,22,22,16,0,60,0,5,19,0,24,22,27,35,0,84,8,0,8,92
07/18/2020,FWA,IN,AGL,CE,Combined TRACON& Tower with Radar,21,23,10,0,54,0,6,17,0,23,21,29,27,0,77,60,0,60,137
07/19/2020,FWA,IN,AGL,CE,Combined TRACON& Tower with Radar,14,22,11,0,47,0,2,6,0,8,14,24,17,0,55,0,0,0,55
07/20/2020,FWA,IN,AGL,CE,Combined TRACON& Tower with Radar,19,19,7,0,45,0,10,23,1,34,19,29,30,1,79,40,0,40,119
07/21/2020,FWA,IN,AGL,CE,Combined TRACON& Tower with Radar,17,25,10,8,60,0,0,25,8,33,17,25,35,16,93,0,2,2,95
07/22/2020,FWA,IN,AGL,CE,Combined TRACON& Tower with Radar,23,19,9,8,59,0,14,7,0,21,23,33,16,8,80,54,0,54,134
07/23/2020,FWA,IN,AGL,CE,Combined TRACON& Tower with Radar,22,18,33,17,90,0,10,25,9,44,22,28,58,26,134,64,10,74,208
07/24/2020,FWA,IN,AGL,CE,Combined TRACON& Tower with Radar,24,15,18,7,64,0,0,25,5,30,24,15,43,12,94,6,0,6,100
07/25/2020,FWA,IN,AGL,CE,Combined TRACON& Tower with Radar,21,17,16,0,54,0,6,41,0,47,21,23,57,0,101,34,0,34,135
07/26/2020,FWA,IN,AGL,CE,Combined TRACON& Tower with Radar,13,23,11,0,47,0,10,18,0,28,13,33,29,0,75,30,0,30,105
07/27/2020,FWA,IN,AGL,CE,Combined TRACON& Tower with Radar,18,22,10,0,50,0,0,4,0,4,18,22,14,0,54,2,0,2,56
07/28/2020,FWA,IN,AGL,CE,Combined TRACON& Tower with Radar,19,27,24,14,84,0,16,28,6,50,19,43,52,20,134,60,16,76,210
07/29/2020,FWA,IN,AGL,CE,Combined TRACON& Tower with Radar,19,16,10,7,52,0,17,32,7,56,19,33,42,14,108,128,4,132,240
07/30/2020,FWA,IN,AGL,CE,Combined TRACON& Tower with Radar,25,21,13,9,68,0,5,19,7,31,25,26,32,16,99,8,2,10,109
07/31/2020,FWA,IN,AGL,CE,Combined TRACON& Tower with Radar,23,19,12,2,56,0,8,30,12,50,23,27,42,14,106,30,2,32,138
08/01/2020,FWA,IN,AGL,CE,Combined TRACON& Tower with Radar,23,19,10,0,52,0,0,0,0,0,23,19,10,0,52,0,0,0,52
08/02/2020,FWA,IN,AGL,CE,Combined TRACON& Tower with Radar,14,22,17,1,54,0,2,8,1,11,14,24,25,2,65,40,0,40,105
08/03/2020,FWA,IN,AGL,CE,Combined TRACON& Tower with Radar,20,24,12,6,62,0,0,35,6,41,20,24,47,12,103,30,0,30,133
08/04/2020,FWA,IN,AGL,CE,Combined TRACON& Tower with Radar,18,22,26,5,71,0,8,7,5,20,18,30,33,10,91,0,0,0,91
08/05/2020,FWA,IN,AGL,CE,Combined TRACON& Tower with Radar,20,25,14,6,65,0,29,38,3,70,20,54,52,9,135,46,0,46,181
08/06/2020,FWA,IN,AGL,CE,Combined TRACON& Tower with Radar,22,20,21,5,68,0,2,25,7,34,22,22,46,12,102,26,6,32,134
08/07/2020,FWA,IN,AGL,CE,Combined TRACON& Tower with Radar,24,20,8,0,52,0,12,29,0,41,24,32,37,0,93,50,0,50,143
08/08/2020,FWA,IN,AGL,CE,Combined TRACON& Tower with Radar,20,22,9,0,51,0,6,26,0,32,20,28,35,0,83,32,0,32,115
08/09/2020,FWA,IN,AGL,CE,Combined TRACON& Tower with Radar,14,21,9,0,44,0,3,12,0,15,14,24,21,0,59,36,0,36,95
08/10/2020,FWA,IN,AGL,CE,Combined TRACON& Tower with Radar,20,23,13,0,56,0,3,15,2,20,20,26,28,2,76,22,0,22,98
08/11/2020,FWA,IN,AGL,CE,Combined TRACON& Tower with Radar,20,23,23,8,74,0,0,18,3,21,20,23,41,11,95,20,0,20,115
08/12/2020,FWA,IN,AGL,CE,Combined TRACON& Tower with Radar,19,26,34,5,84,0,5,21,6,32,19,31,55,11,116,24,0,24,140
08/13/2020,FWA,IN,AGL,CE,Combined TRACON& Tower with Radar,23,21,38,1,83,0,12,26,3,41,23,33,64,4,124,0,0,0,124
08/14/2020,FWA,IN,AGL,CE,Combined TRACON& Tower with Radar,26,22,17,6,71,0,4,36,8,48,26,26,53,14,119,10,2,12,131
08/15/2020,FWA,IN,AGL,CE,Combined TRACON& Tower with Radar,20,20,24,2,66,0,0,17,2,19,20,20,41,4,85,22,0,22,107
08/16/2020,FWA,IN,AGL,CE,Combined TRACON& Tower with Radar,13,20,8,1,42,0,6,15,4,25,13,26,23,5,67,40,0,40,107
08/17/2020,FWA,IN,AGL,CE,Combined TRACON& Tower with Radar,23,22,4,0,49,0,0,28,0,28,23,22,32,0,77,46,0,46,123
08/18/2020,FWA,IN,AGL,CE,Combined TRACON& Tower with Radar,19,24,29,7,79,0,2,32,5,39,19,26,61,12,118,14,0,14,132
08/19/2020,FWA,IN,AGL,CE,Combined TRACON& Tower with Radar,20,22,15,2,59,0,0,34,11,45,20,22,49,13,104,22,0,22,126
08/20/2020,FWA,IN,AGL,CE,Combined TRACON& Tower with Radar,24,23,15,4,66,0,0,48,10,58,24,23,63,14,124,24,6,30,154
08/21/2020,FWA,IN,AGL,CE,Combined TRACON& Tower with Radar,22,22,22,0,66,0,0,27,12,39,22,22,49,12,105,12,0,12,117
08/22/2020,FWA,IN,AGL,CE,Combined TRACON& Tower with Radar,13,21,13,6,53,0,4,21,0,25,13,25,34,6,78,18,0,18,96
08/23/2020,FWA,IN,AGL,CE,Combined TRACON& Tower with Radar,17,23,26,0,66,0,2,35,0,37,17,25,61,0,103,20,0,20,123
08/24/2020,FWA,IN,AGL,CE,Combined TRACON& Tower with Radar,17,22,18,0,57,0,2,37,0,39,17,24,55,0,96,20,0,20,116
08/25/2020,FWA,IN,AGL,CE,Combined TRACON& Tower with Radar,25,21,17,15,78,0,1,24,8,33,25,22,41,23,111,6,4,10,121
08/26/2020,FWA,IN,AGL,CE,Combined TRACON& Tower with Radar,21,25,22,5,73,0,0,21,8,29,21,25,43,13,102,4,4,8,110
08/27/2020,FWA,IN,AGL,CE,Combined TRACON& Tower with Radar,24,23,15,9,71,0,0,19,3,22,24,23,34,12,93,2,0,2,95
08/28/2020,FWA,IN,AGL,CE,Combined TRACON& Tower with Radar,25,26,19,0,70,0,0,5,4,9,25,26,24,4,79,10,2,12,91
08/29/2020,FWA,IN,AGL,CE,Combined TRACON& Tower with Radar,15,19,18,0,52,0,8,15,0,23,15,27,33,0,75,48,0,48,123
08/30/2020,FWA,IN,AGL,CE,Combined TRACON& Tower with Radar,16,23,33,0,72,0,2,31,0,33,16,25,64,0,105,14,0,14,119
08/31/2020,FWA,IN,AGL,CE,Combined TRACON& Tower with Radar,20,22,19,0,61,0,2,37,0,39,20,24,56,0,100,24,0,24,124
09/01/2020,FWA,IN,AGL,CE,Combined TRACON& Tower with Radar,20,18,17,10,65,0,0,11,4,15,20,18,28,14,80,22,0,22,102
09/02/2020,FWA,IN,AGL,CE,Combined TRACON& Tower with Radar,20,18,19,10,67,0,2,11,3,16,20,20,30,13,83,28,3,31,114
09/03/2020,FWA,IN,AGL,CE,Combined TRACON& Tower with Radar,24,18,19,0,61,0,2,28,1,31,24,20,47,1,92,12,0,12,104
09/04/2020,FWA,IN,AGL,CE,Combined TRACON& Tower with Radar,22,28,29,0,79,0,4,31,0,35,22,32,60,0,114,40,0,40,154
09/05/2020,FWA,IN,AGL,CE,Combined TRACON& Tower with Radar,16,18,9,0,43,0,0,18,0,18,16,18,27,0,61,2,0,2,63
09/06/2020,FWA,IN,AGL,CE,Combined TRACON& Tower with Radar,16,18,4,0,38,0,0,6,0,6,16,18,10,0,44,18,0,18,62
09/07/2020,FWA,IN,AGL,CE,Combined TRACON& Tower with Radar,19,17,12,1,49,0,0,1,0,1,19,17,13,1,50,0,0,0,50
09/08/2020,FWA,IN,AGL,CE,Combined TRACON& Tower with Radar,19,24,10,7,60,0,0,17,1,18,19,24,27,8,78,40,0,40,118
09/09/2020,FWA,IN,AGL,CE,Combined TRACON& Tower with Radar,17,24,15,2,58,0,8,25,1,34,17,32,40,3,92,0,0,0,92
09/10/2020,FWA,IN,AGL,CE,Combined TRACON& Tower with Radar,24,15,35,0,74,0,0,1,0,1,24,15,36,0,75,36,0,36,111
09/11/2020,FWA,IN,AGL,CE,Combined TRACON& Tower with Radar,25,23,29,0,77,0,3,16,1,20,25,26,45,1,97,4,0,4,101
09/12/2020,FWA,IN,AGL,CE,Combined TRACON& Tower with Radar,16,28,25,0,69,0,0,5,4,9,16,28,30,4,78,0,0,0,78
09/13/2020,FWA,IN,AGL,CE,Combined TRACON& Tower with Radar,20,25,12,0,57,0,2,14,8,24,20,27,26,8,81,20,4,24,105
09/14/2020,FWA,IN,AGL,CE,Combined TRACON& Tower with Radar,25,16,10,2,53,0,14,43,2,59,25,30,53,4,112,60,0,60,172
09/15/2020,FWA,IN,AGL,CE,Combined TRACON& Tower with Radar,21,18,25,11,75,0,12,36,1,49,21,30,61,12,124,66,2,68,192
09/16/2020,FWA,IN,AGL,CE,Combined TRACON& Tower with Radar,19,18,20,8,65,0,10,30,8,48,19,28,50,16,113,34,0,34,147
09/17/2020,FWA,IN,AGL,CE,Combined TRACON& Tower with Radar,26,19,20,3,68,0,8,18,1,27,26,27,38,4,95,32,0,32,127
09/18/2020,FWA,IN,AGL,CE,Combined TRACON& Tower with Radar,26,26,17,26,95,0,8,28,8,44,26,34,45,34,139,60,16,76,215
09/19/2020,FWA,IN,AGL,CE,Combined TRACON& Tower with Radar,15,18,10,0,43,0,6,30,1,37,15,24,40,1,80,30,0,30,110
09/20/2020,FWA,IN,AGL,CE,Combined TRACON& Tower with Radar,18,19,11,6,54,0,2,42,0,44,18,21,53,6,98,10,0,10,108
09/21/2020,FWA,IN,AGL,CE,Combined TRACON& Tower with Radar,21,15,11,2,49,0,10,28,0,38,21,25,39,2,87,52,0,52,139
09/22/2020,FWA,IN,AGL,CE,Combined TRACON& Tower with Radar,19,17,14,3,53,0,8,16,9,33,19,25,30,12,86,38,4,42,128
09/23/2020,FWA,IN,AGL,CE,Combined TRACON& Tower with Radar,19,18,10,4,51,0,4,43,5,52,19,22,53,9,103,48,0,48,151
09/24/2020,FWA,IN,AGL,CE,Combined TRACON& Tower with Radar,30,18,27,5,80,0,14,24,6,44,30,32,51,11,124,72,0,72,196
09/25/2020,FWA,IN,AGL,CE,Combined TRACON& Tower with Radar,23,22,12,11,68,0,8,33,8,49,23,30,45,19,117,30,14,44,161
09/26/2020,FWA,IN,AGL,CE,Combined TRACON& Tower with Radar,14,23,36,0,73,0,0,2,0,2,14,23,38,0,75,4,0,4,79
09/27/2020,FWA,IN,AGL,CE,Combined TRACON& Tower with Radar,19,15,15,0,49,0,2,9,0,11,19,17,24,0,60,4,0,4,64
09/28/2020,FWA,IN,AGL,CE,Combined TRACON& Tower with Radar,23,17,32,0,72,0,0,8,0,8,23,17,40,0,80,0,0,0,80
09/29/2020,FWA,IN,AGL,CE,Combined TRACON& Tower with Radar,18,16,25,4,63,0,6,26,14,46,18,22,51,18,109,72,0,72,181
09/30/2020,FWA,IN,AGL,CE,Combined TRACON& Tower with Radar,20,20,14,7,61,0,4,9,2,15,20,24,23,9,76,28,2,30,106
10/01/2020,FWA,IN,AGL,CE,Combined TRACON& Tower with Radar,24,19,10,5,58,0,0,12,2,14,24,19,22,7,72,26,2,28,100
10/02/2020,FWA,IN,AGL,CE,Combined TRACON& Tower with Radar,23,18,14,5,60,0,6,40,5,51,23,24,54,10,111,44,0,44,155
10/03/2020,FWA,IN,AGL,CE,Combined TRACON& Tower with Radar,20,21,8,0,49,0,2,26,0,28,20,23,34,0,77,36,0,36,113
10/04/2020,FWA,IN,AGL,CE,Combined TRACON& Tower with Radar,17,17,7,0,41,0,2,4,0,6,17,19,11,0,47,20,0,20,67
10/05/2020,FWA,IN,AGL,CE,Combined TRACON& Tower with Radar,22,18,15,0,55,0,16,31,0,47,22,34,46,0,102,90,0,90,192
10/06/2020,FWA,IN,AGL,CE,Combined TRACON& Tower with Radar,18,14,16,6,54,0,12,18,2,32,18,26,34,8,86,104,0,104,190
10/07/2020,FWA,IN,AGL,CE,Combined TRACON& Tower with Radar,21,20,19,9,69,0,14,15,4,33,21,34,34,13,102,38,10,48,150
10/08/2020,FWA,IN,AGL,CE,Combined TRACON& Tower with Radar,25,17,32,3,77,0,6,43,6,55,25,23,75,9,132,66,0,66,198
10/09/2020,FWA,IN,AGL,CE,Combined TRACON& Tower with Radar,24,17,12,0,53,0,2,35,0,37,24,19,47,0,90,40,0,40,130
10/10/2020,FWA,IN,AGL,CE,Combined TRACON& Tower with Radar,24,14,15,0,53,0,0,43,0,43,24,14,58,0,96,74,0,74,170
10/11/2020,FWA,IN,AGL,CE,Combined TRACON& Tower with Radar,19,15,19,0,53,0,0,17,0,17,19,15,36,0,70,0,0,0,70
10/12/2020,FWA,IN,AGL,CE,Combined TRACON& Tower with Radar,20,15,9,0,44,0,0,1,0,1,20,15,10,0,45,0,0,0,45
10/13/2020,FWA,IN,AGL,CE,Combined TRACON& Tower with Radar,21,15,22,4,62,0,4,36,4,44,21,19,58,8,106,42,0,42,148
10/14/2020,FWA,IN,AGL,CE,Combined TRACON& Tower with Radar,19,13,19,7,58,0,2,17,13,32,19,15,36,20,90,32,16,48,138
10/15/2020,FWA,IN,AGL,CE,Combined TRACON& Tower with Radar,25,14,23,14,76,0,6,14,8,28,25,20,37,22,104,32,2,34,138
10/16/2020,FWA,IN,AGL,CE,Combined TRACON& Tower with Radar,24,16,23,19,82,0,0,31,13,44,24,16,54,32,126,22,16,38,164
10/17/2020,FWA,IN,AGL,CE,Combined TRACON& Tower with Radar,25,16,7,6,54,0,2,13,3,18,25,18,20,9,72,14,0,14,86
10/18/2020,FWA,IN,AGL,CE,Combined TRACON& Tower with Radar,16,19,7,4,46,0,2,10,9,21,16,21,17,13,67,46,14,60,127
10/19/2020,FWA,IN,AGL,CE,Combined TRACON& Tower with Radar,20,22,21,22,85,0,0,2,0,2,20,22,23,22,87,0,0,0,87
10/20/2020,FWA,IN,AGL,CE,Combined TRACON& Tower with Radar,25,14,28,7,74,0,0,8,0,8,25,14,36,7,82,0,0,0,82
10/21/2020,FWA,IN,AGL,CE,Combined TRACON& Tower with Radar,20,30,24,10,84,0,0,22,4,26,20,30,46,14,110,18,0,18,128
10/22/2020,FWA,IN,AGL,CE,Combined TRACON& Tower with Radar,28,21,30,7,86,0,2,15,1,18,28,23,45,8,104,0,0,0,104
10/23/2020,FWA,IN,AGL,CE,Combined TRACON& Tower with Radar,24,20,21,4,69,0,3,4,1,8,24,23,25,5,77,6,0,6,83
10/24/2020,FWA,IN,AGL,CE,Combined TRACON& Tower with Radar,20,16,15,1,52,0,5,46,7,58,20,21,61,8,110,16,4,20,130
10/25/2020,FWA,IN,AGL,CE,Combined TRACON& Tower with Radar,16,19,17,6,58,0,6,10,3,19,16,25,27,9,77,8,0,8,85
10/26/2020,FWA,IN,AGL,CE,Combined TRACON& Tower with Radar,19,18,20,2,59,0,0,17,0,17,19,18,37,2,76,90,0,90,166
10/27/2020,FWA,IN,AGL,CE,Combined TRACON& Tower with Radar,21,19,18,5,63,0,0,1,7,8,21,19,19,12,71,30,0,30,101
10/28/2020,FWA,IN,AGL,CE,Combined TRACON& Tower with Radar,18,17,16,5,56,0,8,45,13,66,18,25,61,18,122,106,0,106,228
10/29/2020,FWA,IN,AGL,CE,Combined TRACON& Tower with Radar,23,18,19,5,65,0,2,7,4,13,23,20,26,9,78,8,0,8,86
10/30/2020,FWA,IN,AGL,CE,Combined TRACON& Tower with Radar,23,19,23,8,73,0,2,41,4,47,23,21,64,12,120,34,0,34,154
10/31/2020,FWA,IN,AGL,CE,Combined TRACON& Tower with Radar,10,18,18,0,46,0,4,29,0,33,10,22,47,0,79,24,0,24,103
11/01/2020,FWA,IN,AGL,CE,Combined TRACON& Tower with Radar,16,18,14,0,48,0,0,1,0,1,16,18,15,0,49,0,0,0,49
11/02/2020,FWA,IN,AGL,CE,Combined TRACON& Tower with Radar,20,20,23,0,63,0,3,24,1,28,20,23,47,1,91,72,0,72,163
11/03/2020,FWA,IN,AGL,CE,Combined TRACON& Tower with Radar,21,14,12,2,49,0,2,46,8,56,21,16,58,10,105,28,4,32,137
11/04/2020,FWA,IN,AGL,CE,Combined TRACON& Tower with Radar,21,26,12,7,66,0,4,38,4,46,21,30,50,11,112,44,8,52,164
11/05/2020,FWA,IN,AGL,CE,Combined TRACON& Tower with Radar,26,26,27,2,81,0,8,31,12,51,26,34,58,14,132,22,2,24,156
11/06/2020,FWA,IN,AGL,CE,Combined TRACON& Tower with Radar,22,30,26,8,86,0,1,35,5,41,22,31,61,13,127,36,8,44,171
11/07/2020,FWA,IN,AGL,CE,Combined TRACON& Tower with Radar,17,19,4,1,41,0,4,40,7,51,17,23,44,8,92,40,0,40,132
11/08/2020,FWA,IN,AGL,CE,Combined TRACON& Tower with Radar,17,21,17,2,57,0,4,27,8,39,17,25,44,10,96,26,4,30,126
11/09/2020,FWA,IN,AGL,CE,Combined TRACON& Tower with Radar,23,16,22,0,61,0,2,36,0,38,23,18,58,0,99,28,0,28,127
11/10/2020,FWA,IN,AGL,CE,Combined TRACON& Tower with Radar,17,21,24,5,67,0,0,8,4,12,17,21,32,9,79,26,0,26,105
11/11/2020,FWA,IN,AGL,CE,Combined TRACON& Tower with Radar,20,17,37,0,74,0,0,9,0,9,20,17,46,0,83,4,0,4,87
11/12/2020,FWA,IN,AGL,CE,Combined TRACON& Tower with Radar,22,17,20,3,62,0,11,58,7,76,22,28,78,10,138,56,0,56,194
11/13/2020,FWA,IN,AGL,CE,Combined TRACON& Tower with Radar,22,16,23,2,63,0,0,21,2,23,22,16,44,4,86,24,0,24,110
11/14/2020,FWA,IN,AGL,CE,Combined TRACON& Tower with Radar,17,18,5,2,42,0,0,26,3,29,17,18,31,5,71,34,0,34,105
11/15/2020,FWA,IN,AGL,CE,Combined TRACON& Tower with Radar,16,19,7,0,42,0,0,1,0,1,16,19,8,0,43,0,0,0,43
11/16/2020,FWA,IN,AGL,CE,Combined TRACON& Tower with Radar,24,18,13,6,61,0,2,9,2,13,24,20,22,8,74,18,0,18,92
11/17/2020,FWA,IN,AGL,CE,Combined TRACON& Tower with Radar,15,17,12,6,50,0,0,8,5,13,15,17,20,11,63,6,0,6,69
11/18/2020,FWA,IN,AGL,CE,Combined TRACON& Tower with Radar,17,18,11,6,52,0,2,28,3,33,17,20,39,9,85,42,2,44,129
11/19/2020,FWA,IN,AGL,CE,Combined TRACON& Tower with Radar,28,18,21,7,74,0,0,5,6,11,28,18,26,13,85,2,0,2,87
11/20/2020,FWA,IN,AGL,CE,Combined TRACON& Tower with Radar,23,29,16,0,68,0,4,25,0,29,23,33,41,0,97,18,0,18,115
11/21/2020,FWA,IN,AGL,CE,Combined TRACON& Tower with Radar,19,25,8,0,52,0,2,19,0,21,19,27,27,0,73,38,0,38,111
11/22/2020,FWA,IN,AGL,CE,Combined TRACON& Tower with Radar,17,23,10,0,50,0,0,0,0,0,17,23,10,0,50,0,0,0,50
11/23/2020,FWA,IN,AGL,CE,Combined TRACON& Tower with Radar,17,23,13,2,55,0,2,36,0,38,17,25,49,2,93,34,0,34,127
11/24/2020,FWA,IN,AGL,CE,Combined TRACON& Tower with Radar,27,24,15,5,71,0,0,1,3,4,27,24,16,8,75,6,0,6,81
11/25/2020,FWA,IN,AGL,CE,Combined TRACON& Tower with Radar,30,24,26,0,80,0,0,0,0,0,30,24,26,0,80,0,0,0,80
11/26/2020,FWA,IN,AGL,CE,Combined TRACON& Tower with Radar,2,10,9,0,21,0,0,0,0,0,2,10,9,0,21,0,0,0,21
11/27/2020,FWA,IN,AGL,CE,Combined TRACON& Tower with Radar,18,16,18,0,52,0,0,20,0,20,18,16,38,0,72,36,0,36,108
11/28/2020,FWA,IN,AGL,CE,Combined TRACON& Tower with Radar,18,28,16,0,62,0,2,49,1,52,18,30,65,1,114,42,0,42,156
11/29/2020,FWA,IN,AGL,CE,Combined TRACON& Tower with Radar,23,26,20,0,69,0,2,21,0,23,23,28,41,0,92,34,0,34,126
11/30/2020,FWA,IN,AGL,CE,Combined TRACON& Tower with Radar,23,25,12,0,60,0,0,0,0,0,23,25,12,0,60,0,0,0,60
12/01/2020,FWA,IN,AGL,CE,Combined TRACON& Tower with Radar,18,20,13,9,60,0,0,3,6,9,18,20,16,15,69,16,0,16,85
12/02/2020,FWA,IN,AGL,CE,Combined TRACON& Tower with Radar,16,19,15,5,55,0,6,36,5,47,16,25,51,10,102,40,0,40,142
12/03/2020,FWA,IN,AGL,CE,Combined TRACON& Tower with Radar,22,19,21,7,69,0,6,13,7,26,22,25,34,14,95,46,0,46,141
12/04/2020,FWA,IN,AGL,CE,Combined TRACON& Tower with Radar,20,26,16,9,71,0,4,16,4,24,20,30,32,13,95,12,4,16,111
12/05/2020,FWA,IN,AGL,CE,Combined TRACON& Tower with Radar,12,16,12,3,43,0,2,17,4,23,12,18,29,7,66,80,2,82,148
12/06/2020,FWA,IN,AGL,CE,Combined TRACON& Tower with Radar,14,21,21,3,59,0,0,18,5,23,14,21,39,8,82,28,0,28,110
12/07/2020,FWA,IN,AGL,CE,Combined TRACON& Tower with Radar,18,20,19,13,70,0,4,22,0,26,18,24,41,13,96,48,0,48,144
12/08/2020,FWA,IN,AGL,CE,Combined TRACON& Tower with Radar,14,17,16,14,61,0,2,12,0,14,14,19,28,14,75,28,0,28,103
12/09/2020,FWA,IN,AGL,CE,Combined TRACON& Tower with Radar,15,20,16,6,57,0,10,15,1,26,15,30,31,7,83,10,0,10,93
12/10/2020,FWA,IN,AGL,CE,Combined TRACON& Tower with Radar,25,22,23,9,79,0,6,42,0,48,25,28,65,9,127,18,0,18,145
12/11/2020,FWA,IN,AGL,CE,Combined TRACON& Tower with Radar,20,24,18,0,62,0,0,16,0,16,20,24,34,0,78,38,0,38,116
12/12/2020,FWA,IN,AGL,CE,Combined TRACON& Tower with Radar,13,16,9,8,46,0,0,0,2,2,13,16,9,10,48,0,0,0,48
12/13/2020,FWA,IN,AGL,CE,Combined TRACON& Tower with Radar,15,21,8,6,50,0,0,1,2,3,15,21,9,8,53,0,0,0,53
12/14/2020,FWA,IN,AGL,CE,Combined TRACON& Tower with Radar,18,21,26,0,65,0,0,12,0,12,18,21,38,0,77,2,0,2,79
12/15/2020,FWA,IN,AGL,CE,Combined TRACON& Tower with Radar,14,17,20,5,56,0,4,42,7,53,14,21,62,12,109,2,10,12,121
12/16/2020,FWA,IN,AGL,CE,Combined TRACON& Tower with Radar,15,20,16,0,51,0,0,0,0,0,15,20,16,0,51,0,0,0,51
12/17/2020,FWA,IN,AGL,CE,Combined TRACON& Tower with Radar,21,25,16,9,71,0,0,3,3,6,21,25,19,12,77,6,0,6,83
12/18/2020,FWA,IN,AGL,CE,Combined TRACON& Tower with Radar,22,24,20,5,71,0,0,20,7,27,22,24,40,12,98,10,2,12,110
12/19/2020,FWA,IN,AGL,CE,Combined TRACON& Tower with Radar,22,31,5,0,58,0,0,4,0,4,22,31,9,0,62,10,0,10,72
12/20/2020,FWA,IN,AGL,CE,Combined TRACON& Tower with Radar,14,20,12,0,46,0,1,7,0,8,14,21,19,0,54,16,0,16,70
12/21/2020,FWA,IN,AGL,CE,Combined TRACON& Tower with Radar,26,22,15,0,63,0,0,2,0,2,26,22,17,0,65,0,0,0,65
12/22/2020,FWA,IN,AGL,CE,Combined TRACON& Tower with Radar,22,24,14,12,72,0,1,15,0,16,22,25,29,12,88,58,0,58,146
12/23/2020,FWA,IN,AGL,CE,Combined TRACON& Tower with Radar,27,20,17,5,69,0,0,7,1,8,27,20,24,6,77,26,0,26,103
12/24/2020,FWA,IN,AGL,CE,Combined TRACON& Tower with Radar,20,19,11,0,50,0,0,0,0,0,20,19,11,0,50,0,0,0,50
12/25/2020,FWA,IN,AGL,CE,Combined TRACON& Tower with Radar,9,15,5,0,29,0,0,0,0,0,9,15,5,0,29,0,0,0,29
12/26/2020,FWA,IN,AGL,CE,Combined TRACON& Tower with Radar,21,21,25,0,67,0,0,29,2,31,21,21,54,2,98,20,0,20,118
12/27/2020,FWA,IN,AGL,CE,Combined TRACON& Tower with Radar,15,21,15,0,51,0,0,15,0,15,15,21,30,0,66,16,0,16,82
12/28/2020,FWA,IN,AGL,CE,Combined TRACON& Tower with Radar,23,23,20,0,66,0,0,0,1,1,23,23,20,1,67,0,0,0,67
12/29/2020,FWA,IN,AGL,CE,Combined TRACON& Tower with Radar,22,22,18,4,66,0,2,24,4,30,22,24,42,8,96,0,0,0,96
12/30/2020,FWA,IN,AGL,CE,Combined TRACON& Tower with Radar,26,18,1,1,46,0,0,0,1,1,26,18,1,2,47,16,0,16,63
12/31/2020,FWA,IN,AGL,CE,Combined TRACON& Tower with Radar,18,17,15,1,51,0,0,3,1,4,18,17,18,2,55,8,0,8,63
01/01/2021,FWA,IN,AGL,CE,Combined TRACON& Tower with Radar,4,10,10,0,24,0,0,0,0,0,4,10,10,0,24,0,0,0,24
01/02/2021,FWA,IN,AGL,CE,Combined TRACON& Tower with Radar,18,27,13,0,58,0,0,0,0,0,18,27,13,0,58,0,0,0,58
01/03/2021,FWA,IN,AGL,CE,Combined TRACON& Tower with Radar,19,19,18,0,56,0,0,0,0,0,19,19,18,0,56,0,0,0,56
01/04/2021,FWA,IN,AGL,CE,Combined TRACON& Tower with Radar,23,21,12,0,56,0,0,1,0,1,23,21,13,0,57,0,0,0,57
01/05/2021,FWA,IN,AGL,CE,Combined TRACON& Tower with Radar,19,10,7,0,36,0,0,0,0,0,19,10,7,0,36,0,0,0,36
01/06/2021,FWA,IN,AGL,CE,Combined TRACON& Tower with Radar,22,13,10,10,55,0,0,13,9,22,22,13,23,19,77,8,20,28,105
01/07/2021,FWA,IN,AGL,CE,Combined TRACON& Tower with Radar,33,14,14,13,74,0,0,14,5,19,33,14,28,18,93,16,0,16,109
01/08/2021,FWA,IN,AGL,CE,Combined TRACON& Tower with Radar,24,15,8,20,67,0,0,3,3,6,24,15,11,23,73,0,12,12,85
01/09/2021,FWA,IN,AGL,CE,Combined TRACON& Tower with Radar,18,15,12,0,45,0,0,32,0,32,18,15,44,0,77,46,0,46,123
01/10/2021,FWA,IN,AGL,CE,Combined TRACON& Tower with Radar,22,12,7,0,41,0,0,0,1,1,22,12,7,1,42,14,0,14,56
01/11/2021,FWA,IN,AGL,CE,Combined TRACON& Tower with Radar,23,13,7,14,57,0,0,1,0,1,23,13,8,14,58,0,0,0,58
01/12/2021,FWA,IN,AGL,CE,Combined TRACON& Tower with Radar,20,10,19,12,61,0,0,6,0,6,20,10,25,12,67,24,0,24,91
01/13/2021,FWA,IN,AGL,CE,Combined TRACON& Tower with Radar,20,15,19,3,57,0,4,41,8,53,20,19,60,11,110,32,0,32,142
01/14/2021,FWA,IN,AGL,CE,Combined TRACON& Tower with Radar,30,16,18,0,64,0,2,16,0,18,30,18,34,0,82,20,0,20,102
01/15/2021,FWA,IN,AGL,CE,Combined TRACON& Tower with Radar,24,18,14,0,56,0,0,1,0,1,24,18,15,0,57,8,0,8,65
01/16/2021,FWA,IN,AGL,CE,Combined TRACON& Tower with Radar,16,14,7,0,37,0,0,3,0,3,16,14,10,0,40,8,0,8,48
01/17/2021,FWA,IN,AGL,CE,Combined TRACON& Tower with Radar,22,9,8,2,41,0,0,0,0,0,22,9,8,2,41,18,0,18,59
01/18/2021,FWA,IN,AGL,CE,Combined TRACON& Tower with Radar,21,12,20,6,59,0,0,1,0,1,21,12,21,6,60,0,0,0,60
01/19/2021,FWA,IN,AGL,CE,Combined TRACON& Tower with Radar,22,10,15,3,50,0,0,18,0,18,22,10,33,3,68,82,0,82,150
01/20/2021,FWA,IN,AGL,CE,Combined TRACON& Tower with Radar,20,10,9,0,39,0,2,13,1,16,20,12,22,1,55,12,0,12,67
01/21/2021,FWA,IN,AGL,CE,Combined TRACON& Tower with Radar,30,12,10,0,52,0,2,31,0,33,30,14,41,0,85,2,0,2,87
01/22/2021,FWA,IN,AGL,CE,Combined TRACON& Tower with Radar,24,14,14,0,52,0,0,13,0,13,24,14,27,0,65,4,0,4,69
01/23/2021,FWA,IN,AGL,CE,Combined TRACON& Tower with Radar,18,14,2,0,34,0,10,38,1,49,18,24,40,1,83,34,0,34,117
01/24/2021,FWA,IN,AGL,CE,Combined TRACON& Tower with Radar,24,12,7,0,43,0,0,3,0,3,24,12,10,0,46,2,0,2,48
01/25/2021,FWA,IN,AGL,CE,Combined TRACON& Tower with Radar,21,18,10,0,49,0,0,4,0,4,21,18,14,0,53,4,0,4,57
01/26/2021,FWA,IN,AGL,CE,Combined TRACON& Tower with Radar,19,8,8,0,35,0,0,0,0,0,19,8,8,0,35,0,0,0,35
01/27/2021,FWA,IN,AGL,CE,Combined TRACON& Tower with Radar,22,8,30,2,62,0,0,30,0,30,22,8,60,2,92,48,0,48,140
01/28/2021,FWA,IN,AGL,CE,Combined TRACON& Tower with Radar,28,12,15,1,56,0,0,28,0,28,28,12,43,1,84,22,0,22,106
01/29/2021,FWA,IN,AGL,CE,Combined TRACON& Tower with Radar,28,14,26,1,69,0,2,57,0,59,28,16,83,1,128,42,0,42,170
01/30/2021,FWA,IN,AGL,CE,Combined TRACON& Tower with Radar,17,13,18,2,50,0,0,4,0,4,17,13,22,2,54,0,0,0,54
01/31/2021,FWA,IN,AGL,CE,Combined TRACON& Tower with Radar,24,11,1,0,36,0,0,0,0,0,24,11,1,0,36,0,0,0,36
02/01/2021,FWA,IN,AGL,CE,Combined TRACON& Tower with Radar,25,13,13,0,51,0,0,4,0,4,25,13,17,0,55,2,0,2,57
02/02/2021,FWA,IN,AGL,CE,Combined TRACON& Tower with Radar,20,12,19,0,51,0,6,20,0,26,20,18,39,0,77,98,0,98,175
02/03/2021,FWA,IN,AGL,CE,Combined TRACON& Tower with Radar,22,14,21,1,58,0,2,33,3,38,22,16,54,4,96,46,4,50,146
02/04/2021,FWA,IN,AGL,CE,Combined TRACON& Tower with Radar,27,21,20,1,69,0,2,7,3,12,27,23,27,4,81,8,6,14,95
02/05/2021,FWA,IN,AGL,CE,Combined TRACON& Tower with Radar,24,18,9,0,51,0,0,0,0,0,24,18,9,0,51,0,0,0,51
02/06/2021,FWA,IN,AGL,CE,Combined TRACON& Tower with Radar,17,14,5,0,36,0,4,24,0,28,17,18,29,0,64,22,0,22,86
02/07/2021,FWA,IN,AGL,CE,Combined TRACON& Tower with Radar,20,11,7,0,38,0,0,9,0,9,20,11,16,0,47,26,0,26,73
02/08/2021,FWA,IN,AGL,CE,Combined TRACON& Tower with Radar,22,15,9,1,47,0,0,6,0,6,22,15,15,1,53,8,0,8,61
02/09/2021,FWA,IN,AGL,CE,Combined TRACON& Tower with Radar,22,10,17,0,49,0,0,11,0,11,22,10,28,0,60,50,0,50,110
02/10/2021,FWA,IN,AGL,CE,Combined TRACON& Tower with Radar,22,11,9,0,42,0,0,4,0,4,22,11,13,0,46,4,0,4,50
02/11/2021,FWA,IN,AGL,CE,Combined TRACON& Tower with Radar,23,18,20,0,61,0,8,31,2,41,23,26,51,2,102,26,0,26,128
02/12/2021,FWA,IN,AGL,CE,Combined TRACON& Tower with Radar,30,19,19,0,68,0,2,5,3,10,30,21,24,3,78,20,0,20,98
02/13/2021,FWA,IN,AGL,CE,Combined TRACON& Tower with Radar,26,15,3,10,54,0,0,3,0,3,26,15,6,10,57,0,0,0,57
02/14/2021,FWA,IN,AGL,CE,Combined TRACON& Tower with Radar,18,9,7,2,36,0,0,4,1,5,18,9,11,3,41,0,0,0,41
02/15/2021,FWA,IN,AGL,CE,Combined TRACON& Tower with Radar,13,11,5,0,29,0,0,0,0,0,13,11,5,0,29,0,0,0,29
02/16/2021,FWA,IN,AGL,CE,Combined TRACON& Tower with Radar,13,8,3,0,24,0,0,2,0,2,13,8,5,0,26,4,0,4,30
02/17/2021,FWA,IN,AGL,CE,Combined TRACON& Tower with Radar,19,18,20,0,57,0,6,8,0,14,19,24,28,0,71,28,0,28,99
02/18/2021,FWA,IN,AGL,CE,Combined TRACON& Tower with Radar,25,13,22,0,60,0,0,1,2,3,25,13,23,2,63,2,0,2,65
02/19/2021,FWA,IN,AGL,CE,Combined TRACON& Tower with Radar,26,16,11,4,57,0,0,6,4,10,26,16,17,8,67,6,0,6,73
02/20/2021,FWA,IN,AGL,CE,Combined TRACON& Tower with Radar,26,17,6,0,49,0,4,21,0,25,26,21,27,0,74,0,0,0,74
02/21/2021,FWA,IN,AGL,CE,Combined TRACON& Tower with Radar,24,15,10,1,50,0,1,19,0,20,24,16,29,1,70,20,0,20,90
02/22/2021,FWA,IN,AGL,CE,Combined TRACON& Tower with Radar,26,16,7,0,49,0,0,0,0,0,26,16,7,0,49,22,0,22,71
02/23/2021,FWA,IN,AGL,CE,Combined TRACON& Tower with Radar,22,15,12,2,51,0,10,15,11,36,22,25,27,13,87,36,2,38,125
02/24/2021,FWA,IN,AGL,CE,Combined TRACON& Tower with Radar,25,12,10,3,50,0,0,12,10,22,25,12,22,13,72,10,2,12,84
02/25/2021,FWA,IN,AGL,CE,Combined TRACON& Tower with Radar,31,12,27,3,73,0,8,37,9,54,31,20,64,12,127,36,4,40,167
02/26/2021,FWA,IN,AGL,CE,Combined TRACON& Tower with Radar,28,17,18,11,74,0,4,33,6,43,28,21,51,17,117,14,0,14,131
02/27/2021,FWA,IN,AGL,CE,Combined TRACON& Tower with Radar,26,16,14,0,56,0,0,20,0,20,26,16,34,0,76,20,0,20,96
02/28/2021,FWA,IN,AGL,CE,Combined TRACON& Tower with Radar,24,11,29,0,64,0,0,14,0,14,24,11,43,0,78,4,0,4,82
03/01/2021,FWA,IN,AGL,CE,Combined TRACON& Tower with Radar,26,16,25,4,71,0,4,18,0,22,26,20,43,4,93,22,0,22,115
03/02/2021,FWA,IN,AGL,CE,Combined TRACON& Tower with Radar,24,14,21,5,64,0,9,45,10,64,24,23,66,15,128,96,8,104,232
03/03/2021,FWA,IN,AGL,CE,Combined TRACON& Tower with Radar,26,16,16,5,63,0,8,43,8,59,26,24,59,13,122,26,2,28,150
03/04/2021,FWA,IN,AGL,CE,Combined TRACON& Tower with Radar,32,20,26,0,78,0,16,48,12,76,32,36,74,12,154,60,2,62,216
03/05/2021,FWA,IN,AGL,CE,Combined TRACON& Tower with Radar,30,19,17,2,68,0,6,42,13,61,30,25,59,15,129,36,0,36,165
03/06/2021,FWA,IN,AGL,CE,Combined TRACON& Tower with Radar,26,14,8,1,49,0,2,37,3,42,26,16,45,4,91,58,10,68,159
03/07/2021,FWA,IN,AGL,CE,Combined TRACON& Tower with Radar,22,12,8,1,43,0,0,29,2,31,22,12,37,3,74,10,2,12,86
03/08/2021,FWA,IN,AGL,CE,Combined TRACON& Tower with Radar,28,12,12,3,55,0,0,18,7,25,28,12,30,10,80,6,0,6,86
03/09/2021,FWA,IN,AGL,CE,Combined TRACON& Tower with Radar,26,11,13,16,66,0,4,28,6,38,26,15,41,22,104,46,0,46,150
03/10/2021,FWA,IN,AGL,CE,Combined TRACON& Tower with Radar,30,16,15,7,68,0,0,2,2,4,30,16,17,9,72,0,0,0,72
03/11/2021,FWA,IN,AGL,CE,Combined TRACON& Tower with Radar,31,17,13,5,66,0,2,4,4,10,31,19,17,9,76,28,0,28,104
03/12/2021,FWA,IN,AGL,CE,Combined TRACON& Tower with Radar,28,14,11,0,53,0,4,32,0,36,28,18,43,0,89,24,0,24,113
03/13/2021,FWA,IN,AGL,CE,Combined TRACON& Tower with Radar,26,16,8,0,50,0,2,40,0,42,26,18,48,0,92,57,0,57,149
03/14/2021,FWA,IN,AGL,CE,Combined TRACON& Tower with Radar,24,13,6,0,43,0,2,29,0,31,24,15,35,0,74,42,0,42,116
03/15/2021,FWA,IN,AGL,CE,Combined TRACON& Tower with Radar,26,18,6,0,50,0,0,2,0,2,26,18,8,0,52,0,0,0,52
03/16/2021,FWA,IN,AGL,CE,Combined TRACON& Tower with Radar,28,14,16,7,65,0,0,5,0,5,28,14,21,7,70,14,0,14,84
03/17/2021,FWA,IN,AGL,CE,Combined TRACON& Tower with Radar,32,14,17,12,75,0,0,36,7,43,32,14,53,19,118,48,6,54,172
03/18/2021,FWA,IN,AGL,CE,Combined TRACON& Tower with Radar,31,10,5,1,47,0,0,0,0,0,31,10,5,1,47,0,0,0,47
03/19/2021,FWA,IN,AGL,CE,Combined TRACON& Tower with Radar,30,20,18,4,72,0,10,45,8,63,30,30,63,12,135,32,2,34,169
03/20/2021,FWA,IN,AGL,CE,Combined TRACON& Tower with Radar,28,14,12,0,54,0,2,30,1,33,28,16,42,1,87,4,0,4,91
03/21/2021,FWA,IN,AGL,CE,Combined TRACON& Tower with Radar,24,15,26,10,75,0,4,41,3,48,24,19,67,13,123,66,8,74,197
03/22/2021,FWA,IN,AGL,CE,Combined TRACON& Tower with Radar,28,13,31,0,72,0,8,30,0,38,28,21,61,0,110,20,0,20,130
03/23/2021,FWA,IN,AGL,CE,Combined TRACON& Tower with Radar,28,15,14,7,64,0,0,30,13,43,28,15,44,20,107,26,0,26,133
03/24/2021,FWA,IN,AGL,CE,Combined TRACON& Tower with Radar,30,14,12,3,59,0,0,2,9,11,30,14,14,12,70,8,0,8,78
03/25/2021,FWA,IN,AGL,CE,Combined TRACON& Tower with Radar,34,24,29,2,89,0,0,6,10,16,34,24,35,12,105,6,2,8,113
03/26/2021,FWA,IN,AGL,CE,Combined TRACON& Tower with Radar,28,18,23,13,82,0,0,2,2,4,28,18,25,15,86,0,0,0,86
03/27/2021,FWA,IN,AGL,CE,Combined TRACON& Tower with Radar,28,17,18,0,63,0,2,6,0,8,28,19,24,0,71,22,0,22,93
03/28/2021,FWA,IN,AGL,CE,Combined TRACON& Tower with Radar,27,13,15,0,55,0,0,1,0,1,27,13,16,0,56,2,0,2,58
03/29/2021,FWA,IN,AGL,CE,Combined TRACON& Tower with Radar,26,17,23,0,66,0,6,45,0,51,26,23,68,0,117,50,0,50,167
03/30/2021,FWA,IN,AGL,CE,Combined TRACON& Tower with Radar,29,18,15,5,67,0,0,10,9,19,29,18,25,14,86,20,0,20,106
03/31/2021,FWA,IN,AGL,CE,Combined TRACON& Tower with Radar,30,20,11,3,64,0,0,24,7,31,30,20,35,10,95,36,4,40,135
04/01/2021,FWA,IN,AGL,CE,Combined TRACON& Tower with Radar,33,20,22,6,81,0,0,16,8,24,33,20,38,14,105,6,2,8,113
04/02/2021,FWA,IN,AGL,CE,Combined TRACON& Tower with Radar,29,13,31,2,75,0,10,34,6,50,29,23,65,8,125,0,0,0,125
04/03/2021,FWA,IN,AGL,CE,Combined TRACON& Tower with Radar,29,18,10,0,57,0,0,23,0,23,29,18,33,0,80,18,0,18,98
04/04/2021,FWA,IN,AGL,CE,Combined TRACON& Tower with Radar,24,18,10,0,52,0,6,25,2,33,24,24,35,2,85,54,0,54,139
04/05/2021,FWA,IN,AGL,CE,Combined TRACON& Tower with Radar,26,18,11,0,55,0,2,16,0,18,26,20,27,0,73,28,0,28,101
04/06/2021,FWA,IN,AGL,CE,Combined TRACON& Tower with Radar,28,18,14,0,60,0,5,27,8,40,28,23,41,8,100,12,10,22,122
04/07/2021,FWA,IN,AGL,CE,Combined TRACON& Tower with Radar,28,15,14,1,58,0,0,6,5,11,28,15,20,6,69,18,0,18,87
04/08/2021,FWA,IN,AGL,CE,Combined TRACON& Tower with Radar,32,20,10,4,66,0,0,11,6,17,32,20,21,10,83,40,0,40,123
04/09/2021,FWA,IN,AGL,CE,Combined TRACON& Tower with Radar,27,19,13,4,63,0,4,18,5,27,27,23,31,9,90,18,0,18,108
04/10/2021,FWA,IN,AGL,CE,Combined TRACON& Tower with Radar,31,16,14,0,61,0,0,5,0,5,31,16,19,0,66,10,0,10,76
04/11/2021,FWA,IN,AGL,CE,Combined TRACON& Tower with Radar,19,17,10,0,46,0,0,1,0,1,19,17,11,0,47,0,0,0,47
04/12/2021,FWA,IN,AGL,CE,Combined TRACON& Tower with Radar,27,29,19,2,77,0,3,15,0,18,27,32,34,2,95,12,0,12,107
04/13/2021,FWA,IN,AGL,CE,Combined TRACON& Tower with Radar,24,14,15,1,54,0,11,26,7,44,24,25,41,8,98,28,0,28,126
04/14/2021,FWA,IN,AGL,CE,Combined TRACON& Tower with Radar,26,19,11,3,59,0,6,21,8,35,26,25,32,11,94,20,0,20,114
04/15/2021,FWA,IN,AGL,CE,Combined TRACON& Tower with Radar,32,20,19,1,72,0,2,9,6,17,32,22,28,7,89,8,0,8,97
04/16/2021,FWA,IN,AGL,CE,Combined TRACON& Tower with Radar,24,16,11,1,52,0,2,35,5,42,24,18,46,6,94,48,2,50,144
04/17/2021,FWA,IN,AGL,CE,Combined TRACON& Tower with Radar,20,20,13,0,53,0,2,37,0,39,20,22,50,0,92,46,0,46,138
04/18/2021,FWA,IN,AGL,CE,Combined TRACON& Tower with Radar,22,15,14,0,51,0,4,32,0,36,22,19,46,0,87,34,0,34,121
04/19/2021,FWA,IN,AGL,CE,Combined TRACON& Tower with Radar,24,13,23,0,60,0,0,11,0,11,24,13,34,0,71,11,0,11,82
04/20/2021,FWA,IN,AGL,CE,Combined TRACON& Tower with Radar,24,13,13,6,56,0,0,0,1,1,24,13,13,7,57,0,0,0,57
04/21/2021,FWA,IN,AGL,CE,Combined TRACON& Tower with Radar,28,12,9,9,58,0,0,14,4,18,28,12,23,13,76,8,0,8,84
04/22/2021,FWA,IN,AGL,CE,Combined TRACON& Tower with Radar,30,24,21,5,80,0,14,29,8,51,30,38,50,13,131,35,0,35,166
04/23/2021,FWA,IN,AGL,CE,Combined TRACON& Tower with Radar,24,21,29,3,77,0,4,34,12,50,24,25,63,15,127,68,0,68,195
04/24/2021,FWA,IN,AGL,CE,Combined TRACON& Tower with Radar,22,13,9,1,45,0,0,9,7,16,22,13,18,8,61,12,2,14,75
04/25/2021,FWA,IN,AGL,CE,Combined TRACON& Tower with Radar,22,14,18,7,61,0,2,32,7,41,22,16,50,14,102,10,10,20,122
04/26/2021,FWA,IN,AGL,CE,Combined TRACON& Tower with Radar,22,18,10,9,59,0,0,27,5,32,22,18,37,14,91,6,0,6,97
04/27/2021,FWA,IN,AGL,CE,Combined TRACON& Tower with Radar,26,13,17,7,63,0,3,23,7,33,26,16,40,14,96,32,0,32,128
04/28/2021,FWA,IN,AGL,CE,Combined TRACON& Tower with Radar,26,15,17,3,61,0,1,11,5,17,26,16,28,8,78,12,0,12,90
04/29/2021,FWA,IN,AGL,CE,Combined TRACON& Tower with Radar,30,17,32,3,82,0,0,0,1,1,30,17,32,4,83,0,0,0,83
04/30/2021,FWA,IN,AGL,CE,Combined TRACON& Tower with Radar,24,17,16,0,57,0,4,33,0,37,24,21,49,0,94,50,0,50,144
05/01/2021,FWA,IN,AGL,CE,Combined TRACON& Tower with Radar,20,13,16,0,49,0,6,31,0,37,20,19,47,0,86,32,0,32,118
05/02/2021,FWA,IN,AGL,CE,Combined TRACON& Tower with Radar,22,16,8,0,46,0,2,6,0,8,22,18,14,0,54,26,0,26,80
05/03/2021,FWA,IN,AGL,CE,Combined TRACON& Tower with Radar,22,22,13,0,57,0,0,0,0,0,22,22,13,0,57,8,0,8,65
05/04/2021,FWA,IN,AGL,CE,Combined TRACON& Tower with Radar,24,12,18,20,74,0,0,0,3,3,24,12,18,23,77,0,12,12,89
05/05/2021,FWA,IN,AGL,CE,Combined TRACON& Tower with Radar,26,23,22,8,79,0,18,31,13,62,26,41,53,21,141,96,6,102,243
05/06/2021,FWA,IN,AGL,CE,Combined TRACON& Tower with Radar,30,21,43,9,103,0,0,19,7,26,30,21,62,16,129,42,0,42,171
05/07/2021,FWA,IN,AGL,CE,Combined TRACON& Tower with Radar,24,22,18,7,71,0,0,17,7,24,24,22,35,14,95,56,2,58,153
05/08/2021,FWA,IN,AGL,CE,Combined TRACON& Tower with Radar,22,14,12,0,48,0,6,27,0,33,22,20,39,0,81,22,0,22,103
05/09/2021,FWA,IN,AGL,CE,Combined TRACON& Tower with Radar,22,20,4,0,46,0,0,0,0,0,22,20,4,0,46,0,0,0,46
05/10/2021,FWA,IN,AGL,CE,Combined TRACON& Tower with Radar,22,18,17,1,58,0,2,28,0,30,22,20,45,1,88,8,0,8,96
05/11/2021,FWA,IN,AGL,CE,Combined TRACON& Tower with Radar,23,15,17,5,60,0,2,25,4,31,23,17,42,9,91,2,6,8,99
05/12/2021,FWA,IN,AGL,CE,Combined TRACON& Tower with Radar,26,12,19,3,60,0,0,51,9,60,26,12,70,12,120,28,2,30,150
05/13/2021,FWA,IN,AGL,CE,Combined TRACON& Tower with Radar,30,21,15,2,68,0,2,37,12,51,30,23,52,14,119,34,2,36,155
05/14/2021,FWA,IN,AGL,CE,Combined TRACON& Tower with Radar,24,18,20,2,64,0,4,35,7,46,24,22,55,9,110,60,0,60,170
05/15/2021,FWA,IN,AGL,CE,Combined TRACON& Tower with Radar,21,21,10,4,56,0,0,13,12,25,21,21,23,16,81,20,8,28,109
05/16/2021,FWA,IN,AGL,CE,Combined TRACON& Tower with Radar,23,16,13,3,55,0,3,13,1,17,23,19,26,4,72,50,2,52,124
05/17/2021,FWA,IN,AGL,CE,Combined TRACON& Tower with Radar,22,19,16,8,65,0,2,24,4,30,22,21,40,12,95,20,2,22,117
05/18/2021,FWA,IN,AGL,CE,Combined TRACON& Tower with Radar,24,23,22,9,78,0,5,35,6,46,24,28,57,15,124,50,0,50,174
05/19/2021,FWA,IN,AGL,CE,Combined TRACON& Tower with Radar,25,23,11,5,64,0,3,21,3,27,25,26,32,8,91,6,0,6,97
05/20/2021,FWA,IN,AGL,CE,Combined TRACON& Tower with Radar,33,28,21,6,88,0,14,46,5,65,33,42,67,11,153,38,0,38,191
05/21/2021,FWA,IN,AGL,CE,Combined TRACON& Tower with Radar,26,24,14,0,64,0,2,21,0,23,26,26,35,0,87,52,0,52,139
05/22/2021,FWA,IN,AGL,CE,Combined TRACON& Tower with Radar,20,20,16,0,56,0,6,24,0,30,20,26,40,0,86,28,0,28,114
05/23/2021,FWA,IN,AGL,CE,Combined TRACON& Tower with Radar,22,14,11,0,47,0,0,16,0,16,22,14,27,0,63,14,0,14,77
05/24/2021,FWA,IN,AGL,CE,Combined TRACON& Tower with Radar,25,18,12,0,55,0,0,22,6,28,25,18,34,6,83,26,0,26,109
05/25/2021,FWA,IN,AGL,CE,Combined TRACON& Tower with Radar,24,14,30,7,75,0,4,28,8,40,24,18,58,15,115,16,0,16,131
05/26/2021,FWA,IN,AGL,CE,Combined TRACON& Tower with Radar,24,21,17,9,71,0,0,8,5,13,24,21,25,14,84,26,4,30,114
05/27/2021,FWA,IN,AGL,CE,Combined TRACON& Tower with Radar,30,23,28,3,84,0,2,29,8,39,30,25,57,11,123,36,0,36,159
05/28/2021,FWA,IN,AGL,CE,Combined TRACON& Tower with Radar,31,15,23,0,69,0,0,4,0,4,31,15,27,0,73,0,0,0,73
05/29/2021,FWA,IN,AGL,CE,Combined TRACON& Tower with Radar,26,22,18,0,66,0,4,18,6,28,26,26,36,6,94,62,0,62,156
05/30/2021,FWA,IN,AGL,CE,Combined TRACON& Tower with Radar,22,13,4,0,39,0,0,35,2,37,22,13,39,2,76,72,0,72,148
05/31/2021,FWA,IN,AGL,CE,Combined TRACON& Tower with Radar,22,13,20,0,55,0,0,8,0,8,22,13,28,0,63,14,0,14,77
06/01/2021,FWA,IN,AGL,CE,Combined TRACON& Tower with Radar,29,18,10,4,61,0,0,19,16,35,29,18,29,20,96,12,4,16,112
06/02/2021,FWA,IN,AGL,CE,Combined TRACON& Tower with Radar,32,23,27,5,87,0,0,1,0,1,32,23,28,5,88,8,0,8,96
06/03/2021,FWA,IN,AGL,CE,Combined TRACON& Tower with Radar,30,23,41,13,107,0,16,27,4,47,30,39,68,17,154,90,8,98,252
06/04/2021,FWA,IN,AGL,CE,Combined TRACON& Tower with Radar,29,19,22,4,74,0,4,18,3,25,29,23,40,7,99,50,4,54,153
06/05/2021,FWA,IN,AGL,CE,Combined TRACON& Tower with Radar,30,16,14,1,61,0,2,25,7,34,30,18,39,8,95,24,2,26,121
06/06/2021,FWA,IN,AGL,CE,Combined TRACON& Tower with Radar,22,14,11,2,49,0,0,25,10,35,22,14,36,12,84,42,4,46,130
06/07/2021,FWA,IN,AGL,CE,Combined TRACON& Tower with Radar,26,18,16,6,66,0,0,4,6,10,26,18,20,12,76,0,0,0,76
06/08/2021,FWA,IN,AGL,CE,Combined TRACON& Tower with Radar,37,15,19,9,80,0,0,14,4,18,37,15,33,13,98,10,2,12,110
06/09/2021,FWA,IN,AGL,CE,Combined TRACON& Tower with Radar,30,15,17,6,68,0,0,22,4,26,30,15,39,10,94,14,0,14,108
06/10/2021,FWA,IN,AGL,CE,Combined TRACON& Tower with Radar,30,18,33,5,86,0,8,18,2,28,30,26,51,7,114,32,0,32,146
06/11/2021,FWA,IN,AGL,CE,Combined TRACON& Tower with Radar,33,16,24,0,73,0,0,29,0,29,33,16,53,0,102,38,0,38,140
06/12/2021,FWA,IN,AGL,CE,Combined TRACON& Tower with Radar,30,19,11,0,60,0,0,17,4,21,30,19,28,4,81,12,0,12,93
06/13/2021,FWA,IN,AGL,CE,Combined TRACON& Tower with Radar,23,15,14,0,52,0,0,16,0,16,23,15,30,0,68,2,0,2,70
06/14/2021,FWA,IN,AGL,CE,Combined TRACON& Tower with Radar,28,22,16,5,71,0,0,13,0,13,28,22,29,5,84,10,0,10,94
06/15/2021,FWA,IN,AGL,CE,Combined TRACON& Tower with Radar,31,16,18,4,69,0,3,37,8,48,31,19,55,12,117,40,0,40,157
06/16/2021,FWA,IN,AGL,CE,Combined TRACON& Tower with Radar,30,21,22,3,76,0,14,27,10,51,30,35,49,13,127,38,2,40,167
06/17/2021,FWA,IN,AGL,CE,Combined TRACON& Tower with Radar,31,20,23,6,80,0,4,52,9,65,31,24,75,15,145,44,6,50,195
06/18/2021,FWA,IN,AGL,CE,Combined TRACON& Tower with Radar,30,15,18,2,65,0,0,2,2,4,30,15,20,4,69,16,2,18,87
06/19/2021,FWA,IN,AGL,CE,Combined TRACON& Tower with Radar,30,17,15,0,62,0,0,5,0,5,30,17,20,0,67,34,0,34,101
06/20/2021,FWA,IN,AGL,CE,Combined TRACON& Tower with Radar,22,16,18,0,56,0,2,13,0,15,22,18,31,0,71,20,0,20,91
06/21/2021,FWA,IN,AGL,CE,Combined TRACON& Tower with Radar,31,26,27,0,84,0,0,8,0,8,31,26,35,0,92,30,0,30,122
06/22/2021,FWA,IN,AGL,CE,Combined TRACON& Tower with Radar,30,17,26,2,75,0,4,45,0,49,30,21,71,2,124,28,0,28,152
06/23/2021,FWA,IN,AGL,CE,Combined TRACON& Tower with Radar,30,16,20,4,70,0,4,42,10,56,30,20,62,14,126,55,6,61,187
06/24/2021,FWA,IN,AGL,CE,Combined TRACON& Tower with Radar,30,25,27,3,85,0,0,26,9,35,30,25,53,12,120,0,2,2,122
06/25/2021,FWA,IN,AGL,CE,Combined TRACON& Tower with Radar,32,18,9,0,59,0,0,4,0,4,32,18,13,0,63,18,0,18,81
06/26/2021,FWA,IN,AGL,CE,Combined TRACON& Tower with Radar,28,19,11,0,58,0,2,2,0,4,28,21,13,0,62,0,0,0,62
06/27/2021,FWA,IN,AGL,CE,Combined TRACON& Tower with Radar,22,15,8,2,47,0,0,5,0,5,22,15,13,2,52,0,0,0,52
06/28/2021,FWA,IN,AGL,CE,Combined TRACON& Tower with Radar,28,20,25,0,73,0,0,26,0,26,28,20,51,0,99,60,0,60,159
06/29/2021,FWA,IN,AGL,CE,Combined TRACON& Tower with Radar,32,17,27,3,79,0,2,18,11,31,32,19,45,14,110,16,8,24,134
06/30/2021,FWA,IN,AGL,CE,Combined TRACON& Tower with Radar,30,18,28,2,78,0,0,6,2,8,30,18,34,4,86,8,0,8,94
07/01/2021,FWA,IN,AGL,CE,Combined TRACON& Tower with Radar,29,26,29,9,93,0,2,41,10,53,29,28,70,19,146,60,0,60,206
07/02/2021,FWA,IN,AGL,CE,Combined TRACON& Tower with Radar,28,18,19,4,69,0,1,40,11,52,28,19,59,15,121,48,8,56,177
07/03/2021,FWA,IN,AGL,CE,Combined TRACON& Tower with Radar,29,16,5,0,50,0,3,34,0,37,29,19,39,0,87,45,0,45,132
07/04/2021,FWA,IN,AGL,CE,Combined TRACON& Tower with Radar,24,15,3,0,42,0,0,22,2,24,24,15,25,2,66,28,2,30,96
07/05/2021,FWA,IN,AGL,CE,Combined TRACON& Tower with Radar,26,14,12,0,52,0,0,20,0,20,26,14,32,0,72,4,0,4,76
07/06/2021,FWA,IN,AGL,CE,Combined TRACON& Tower with Radar,25,18,11,0,54,0,4,40,0,44,25,22,51,0,98,72,0,72,170
07/07/2021,FWA,IN,AGL,CE,Combined TRACON& Tower with Radar,30,23,19,6,78,0,2,12,9,23,30,25,31,15,101,0,4,4,105
07/08/2021,FWA,IN,AGL,CE,Combined TRACON& Tower with Radar,31,20,11,11,73,0,0,7,5,12,31,20,18,16,85,0,0,0,85
07/09/2021,FWA,IN,AGL,CE,Combined TRACON& Tower with Radar,30,20,40,9,99,0,4,17,2,23,30,24,57,11,122,44,0,44,166
07/10/2021,FWA,IN,AGL,CE,Combined TRACON& Tower with Radar,28,22,17,0,67,0,2,31,0,33,28,24,48,0,100,34,0,34,134
07/11/2021,FWA,IN,AGL,CE,Combined TRACON& Tower with Radar,20,16,29,0,65,0,0,0,0,0,20,16,29,0,65,0,0,0,65
07/12/2021,FWA,IN,AGL,CE,Combined TRACON& Tower with Radar,30,16,21,2,69,0,0,6,0,6,30,16,27,2,75,0,0,0,75
07/13/2021,FWA,IN,AGL,CE,Combined TRACON& Tower with Radar,31,14,26,8,79,0,0,5,3,8,31,14,31,11,87,10,0,10,97
07/14/2021,FWA,IN,AGL,CE,Combined TRACON& Tower with Radar,30,28,16,5,79,0,8,43,18,69,30,36,59,23,148,88,2,90,238
07/15/2021,FWA,IN,AGL,CE,Combined TRACON& Tower with Radar,33,17,27,6,83,0,0,17,10,27,33,17,44,16,110,4,14,18,128
07/16/2021,FWA,IN,AGL,CE,Combined TRACON& Tower with Radar,32,18,17,16,83,0,0,0,1,1,32,18,17,17,84,8,0,8,92
07/17/2021,FWA,IN,AGL,CE,Combined TRACON& Tower with Radar,28,17,14,7,66,0,0,6,2,8,28,17,20,9,74,0,0,0,74
07/18/2021,FWA,IN,AGL,CE,Combined TRACON& Tower with Radar,23,16,18,7,64,0,0,33,9,42,23,16,51,16,106,20,0,20,126
07/19/2021,FWA,IN,AGL,CE,Combined TRACON& Tower with Radar,28,19,24,10,81,0,6,32,5,43,28,25,56,15,124,26,2,28,152
07/20/2021,FWA,IN,AGL,CE,Combined TRACON& Tower with Radar,33,14,19,4,70,0,2,39,20,61,33,16,58,24,131,51,0,51,182
07/21/2021,FWA,IN,AGL,CE,Combined TRACON& Tower with Radar,30,23,25,6,84,0,10,16,9,35,30,33,41,15,119,54,4,58,177
07/22/2021,FWA,IN,AGL,CE,Combined TRACON& Tower with Radar,30,20,31,3,84,0,10,43,4,57,30,30,74,7,141,40,0,40,181
07/23/2021,FWA,IN,AGL,CE,Combined TRACON& Tower with Radar,32,22,18,0,72,0,0,17,0,17,32,22,35,0,89,0,0,0,89
07/24/2021,FWA,IN,AGL,CE,Combined TRACON& Tower with Radar,29,21,13,0,63,0,1,25,1,27,29,22,38,1,90,22,0,22,112
07/25/2021,FWA,IN,AGL,CE,Combined TRACON& Tower with Radar,23,18,15,0,56,0,4,21,1,26,23,22,36,1,82,32,0,32,114
07/26/2021,FWA,IN,AGL,CE,Combined TRACON& Tower with Radar,26,16,9,0,51,0,0,35,0,35,26,16,44,0,86,8,0,8,94
07/27/2021,FWA,IN,AGL,CE,Combined TRACON& Tower with Radar,31,13,22,4,70,0,4,27,6,37,31,17,49,10,107,58,0,58,165
07/28/2021,FWA,IN,AGL,CE,Combined TRACON& Tower with Radar,29,19,40,1,89,0,4,24,11,39,29,23,64,12,128,8,0,8,136
07/29/2021,FWA,IN,AGL,CE,Combined TRACON& Tower with Radar,31,30,29,1,91,0,4,32,5,41,31,34,61,6,132,10,0,10,142
07/30/2021,FWA,IN,AGL,CE,Combined TRACON& Tower with Radar,30,25,25,0,80,0,6,37,4,47,30,31,62,4,127,20,0,20,147
07/31/2021,FWA,IN,AGL,CE,Combined TRACON& Tower with Radar,27,18,6,0,51,0,0,25,0,25,27,18,31,0,76,0,0,0,76
08/01/2021,FWA,IN,AGL,CE,Combined TRACON& Tower with Radar,21,20,31,0,72,0,4,17,0,21,21,24,48,0,93,6,0,6,99
08/02/2021,FWA,IN,AGL,CE,Combined TRACON& Tower with Radar,29,23,12,0,64,0,1,35,0,36,29,24,47,0,100,16,0,16,116
08/03/2021,FWA,IN,AGL,CE,Combined TRACON& Tower with Radar,27,16,16,1,60,0,2,29,4,35,27,18,45,5,95,16,0,16,111
08/04/2021,FWA,IN,AGL,CE,Combined TRACON& Tower with Radar,26,16,23,3,68,0,2,30,9,41,26,18,53,12,109,22,0,22,131
08/05/2021,FWA,IN,AGL,CE,Combined TRACON& Tower with Radar,30,17,25,4,76,0,4,42,8,54,30,21,67,12,130,62,0,62,192
08/06/2021,FWA,IN,AGL,CE,Combined TRACON& Tower with Radar,30,19,15,0,64,0,2,19,12,33,30,21,34,12,97,8,0,8,105
08/07/2021,FWA,IN,AGL,CE,Combined TRACON& Tower with Radar,22,19,9,7,57,0,0,15,9,24,22,19,24,16,81,20,2,22,103
08/08/2021,FWA,IN,AGL,CE,Combined TRACON& Tower with Radar,20,18,18,3,59,0,0,26,13,39,20,18,44,16,98,0,0,0,98
08/09/2021,FWA,IN,AGL,CE,Combined TRACON& Tower with Radar,25,16,25,6,72,0,0,14,7,21,25,16,39,13,93,24,4,28,121
08/10/2021,FWA,IN,AGL,CE,Combined TRACON& Tower with Radar,22,18,33,10,83,0,0,5,3,8,22,18,38,13,91,6,0,6,97
08/11/2021,FWA,IN,AGL,CE,Combined TRACON& Tower with Radar,23,20,18,0,61,0,3,13,0,16,23,23,31,0,77,22,0,22,99
08/12/2021,FWA,IN,AGL,CE,Combined TRACON& Tower with Radar,30,22,17,3,72,0,0,22,2,24,30,22,39,5,96,4,0,4,100
08/13/2021,FWA,IN,AGL,CE,Combined TRACON& Tower with Radar,28,24,20,0,72,0,0,16,1,17,28,24,36,1,89,30,0,30,119
08/14/2021,FWA,IN,AGL,CE,Combined TRACON& Tower with Radar,24,19,16,0,59,0,4,23,2,29,24,23,39,2,88,18,0,18,106
08/15/2021,FWA,IN,AGL,CE,Combined TRACON& Tower with Radar,22,20,15,0,57,0,4,29,2,35,22,24,44,2,92,14,0,14,106
08/16/2021,FWA,IN,AGL,CE,Combined TRACON& Tower with Radar,27,21,23,0,71,0,0,11,4,15,27,21,34,4,86,12,0,12,98
08/17/2021,FWA,IN,AGL,CE,Combined TRACON& Tower with Radar,25,16,16,4,61,0,0,9,0,9,25,16,25,4,70,18,0,18,88
08/18/2021,FWA,IN,AGL,CE,Combined TRACON& Tower with Radar,26,24,11,10,71,0,0,17,3,20,26,24,28,13,91,16,0,16,107
08/19/2021,FWA,IN,AGL,CE,Combined TRACON& Tower with Radar,30,18,25,4,77,0,0,24,3,27,30,18,49,7,104,12,0,12,116
08/20/2021,FWA,IN,AGL,CE,Combined TRACON& Tower with Radar,32,19,21,4,76,0,1,19,4,24,32,20,40,8,100,30,0,30,130
08/21/2021,FWA,IN,AGL,CE,Combined TRACON& Tower with Radar,17,18,13,0,48,0,2,29,0,31,17,20,42,0,79,10,0,10,89
08/22/2021,FWA,IN,AGL,CE,Combined TRACON& Tower with Radar,24,20,14,0,58,0,2,24,0,26,24,22,38,0,84,0,0,0,84
08/23/2021,FWA,IN,AGL,CE,Combined TRACON& Tower with Radar,27,18,21,0,66,0,0,38,0,38,27,18,59,0,104,78,0,78,182
08/24/2021,FWA,IN,AGL,CE,Combined TRACON& Tower with Radar,29,23,19,2,73,0,0,19,5,24,29,23,38,7,97,0,0,0,97
08/25/2021,FWA,IN,AGL,CE,Combined TRACON& Tower with Radar,29,21,23,2,75,0,2,25,10,37,29,23,48,12,112,72,0,72,184
08/26/2021,FWA,IN,AGL,CE,Combined TRACON& Tower with Radar,31,24,21,9,85,0,0,17,13,30,31,24,38,22,115,18,12,30,145
08/27/2021,FWA,IN,AGL,CE,Combined TRACON& Tower with Radar,30,18,19,2,69,0,0,20,21,41,30,18,39,23,110,14,0,14,124
08/28/2021,FWA,IN,AGL,CE,Combined TRACON& Tower with Radar,20,17,11,0,48,0,2,31,0,33,20,19,42,0,81,36,0,36,117
08/29/2021,FWA,IN,AGL,CE,Combined TRACON& Tower with Radar,22,18,16,0,56,0,0,31,0,31,22,18,47,0,87,14,0,14,101
08/30/2021,FWA,IN,AGL,CE,Combined TRACON& Tower with Radar,29,21,32,0,82,0,2,20,0,22,29,23,52,0,104,28,0,28,132
08/31/2021,FWA,IN,AGL,CE,Combined TRACON& Tower with Radar,27,23,23,8,81,0,0,23,5,28,27,23,46,13,109,14,4,18,127
09/01/2021,FWA,IN,AGL,CE,Combined TRACON& Tower with Radar,27,24,37,7,95,0,0,49,10,59,27,24,86,17,154,36,4,40,194
09/02/2021,FWA,IN,AGL,CE,Combined TRACON& Tower with Radar,36,20,24,7,87,0,2,46,1,49,36,22,70,8,136,26,0,26,162
09/03/2021,FWA,IN,AGL,CE,Combined TRACON& Tower with Radar,30,18,23,0,71,0,0,26,0,26,30,18,49,0,97,12,0,12,109
09/04/2021,FWA,IN,AGL,CE,Combined TRACON& Tower with Radar,18,19,16,0,53,0,1,23,0,24,18,20,39,0,77,14,0,14,91
09/05/2021,FWA,IN,AGL,CE,Combined TRACON& Tower with Radar,18,16,11,0,45,0,2,17,0,19,18,18,28,0,64,32,0,32,96
09/06/2021,FWA,IN,AGL,CE,Combined TRACON& Tower with Radar,20,21,18,0,59,0,2,30,17,49,20,23,48,17,108,62,0,62,170
09/07/2021,FWA,IN,AGL,CE,Combined TRACON& Tower with Radar,22,19,22,9,72,0,0,19,19,38,22,19,41,28,110,10,2,12,122
09/08/2021,FWA,IN,AGL,CE,Combined TRACON& Tower with Radar,26,18,26,8,78,0,5,33,24,62,26,23,59,32,140,47,10,57,197
09/09/2021,FWA,IN,AGL,CE,Combined TRACON& Tower with Radar,31,22,24,2,79,0,4,31,21,56,31,26,55,23,135,50,10,60,195
09/10/2021,FWA,IN,AGL,CE,Combined TRACON& Tower with Radar,27,20,35,4,86,0,6,33,29,68,27,26,68,33,154,38,4,42,196
09/11/2021,FWA,IN,AGL,CE,Combined TRACON& Tower with Radar,18,23,26,2,69,0,3,16,11,30,18,26,42,13,99,26,12,38,137
09/12/2021,FWA,IN,AGL,CE,Combined TRACON& Tower with Radar,25,21,23,5,74,0,0,12,7,19,25,21,35,12,93,0,0,0,93
09/13/2021,FWA,IN,AGL,CE,Combined TRACON& Tower with Radar,29,22,24,6,81,0,2,25,10,37,29,24,49,16,118,50,0,50,168
09/14/2021,FWA,IN,AGL,CE,Combined TRACON& Tower with Radar,24,12,24,7,67,0,0,10,5,15,24,12,34,12,82,12,0,12,94
09/15/2021,FWA,IN,AGL,CE,Combined TRACON& Tower with Radar,28,18,33,15,94,0,4,25,2,31,28,22,58,17,125,72,0,72,197
09/16/2021,FWA,IN,AGL,CE,Combined TRACON& Tower with Radar,32,27,12,0,71,0,6,42,4,52,32,33,54,4,123,21,4,25,148
09/17/2021,FWA,IN,AGL,CE,Combined TRACON& Tower with Radar,32,23,18,1,74,0,4,33,1,38,32,27,51,2,112,14,0,14,126
09/18/2021,FWA,IN,AGL,CE,Combined TRACON& Tower with Radar,16,20,10,0,46,0,0,30,0,30,16,20,40,0,76,2,0,2,78
09/19/2021,FWA,IN,AGL,CE,Combined TRACON& Tower with Radar,26,22,10,0,58,0,2,37,3,42,26,24,47,3,100,4,0,4,104
09/20/2021,FWA,IN,AGL,CE,Combined TRACON& Tower with Radar,27,21,22,0,70,0,0,2,0,2,27,21,24,0,72,0,0,0,72
09/21/2021,FWA,IN,AGL,CE,Combined TRACON& Tower with Radar,25,19,14,3,61,0,0,1,0,1,25,19,15,3,62,0,0,0,62
09/22/2021,FWA,IN,AGL,CE,Combined TRACON& Tower with Radar,26,21,19,0,66,0,0,1,0,1,26,21,20,0,67,0,0,0,67
09/23/2021,FWA,IN,AGL,CE,Combined TRACON& Tower with Radar,32,25,26,0,83,0,0,1,0,1,32,25,27,0,84,0,0,0,84
09/24/2021,FWA,IN,AGL,CE,Combined TRACON& Tower with Radar,31,28,31,0,90,0,8,37,14,59,31,36,68,14,149,34,0,34,183
09/25/2021,FWA,IN,AGL,CE,Combined TRACON& Tower with Radar,17,14,15,0,46,0,0,18,0,18,17,14,33,0,64,2,0,2,66
09/26/2021,FWA,IN,AGL,CE,Combined TRACON& Tower with Radar,24,22,17,0,63,0,0,27,0,27,24,22,44,0,90,20,0,20,110
09/27/2021,FWA,IN,AGL,CE,Combined TRACON& Tower with Radar,28,25,15,0,68,0,0,16,0,16,28,25,31,0,84,8,0,8,92
09/28/2021,FWA,IN,AGL,CE,Combined TRACON& Tower with Radar,24,22,18,0,64,0,18,30,0,48,24,40,48,0,112,52,0,52,164
09/29/2021,FWA,IN,AGL,CE,Combined TRACON& Tower with Radar,27,26,18,4,75,0,0,33,0,33,27,26,51,4,108,12,2,14,122
09/30/2021,FWA,IN,AGL,CE,Combined TRACON& Tower with Radar,33,22,17,3,75,0,6,29,5,40,33,28,46,8,115,38,4,42,157
10/01/2021,FWA,IN,AGL,CE,Combined TRACON& Tower with Radar,30,29,23,6,88,0,2,37,6,45,30,31,60,12,133,22,8,30,163
10/02/2021,FWA,IN,AGL,CE,Combined TRACON& Tower with Radar,18,24,10,0,52,0,0,16,0,16,18,24,26,0,68,0,0,0,68
10/03/2021,FWA,IN,AGL,CE,Combined TRACON& Tower with Radar,24,26,22,0,72,0,0,0,0,0,24,26,22,0,72,0,0,0,72
10/04/2021,FWA,IN,AGL,CE,Combined TRACON& Tower with Radar,28,32,15,0,75,0,0,0,0,0,28,32,15,0,75,0,0,0,75
10/05/2021,FWA,IN,AGL,CE,Combined TRACON& Tower with Radar,24,31,35,8,98,0,8,11,1,20,24,39,46,9,118,6,0,6,124
10/06/2021,FWA,IN,AGL,CE,Combined TRACON& Tower with Radar,30,29,38,12,109,0,0,10,2,12,30,29,48,14,121,0,0,0,121
10/07/2021,FWA,IN,AGL,CE,Combined TRACON& Tower with Radar,33,30,12,3,78,0,1,4,1,6,33,31,16,4,84,12,0,12,96
10/08/2021,FWA,IN,AGL,CE,Combined TRACON& Tower with Radar,28,18,27,0,73,0,0,7,0,7,28,18,34,0,80,8,0,8,88
10/09/2021,FWA,IN,AGL,CE,Combined TRACON& Tower with Radar,27,20,18,0,65,0,0,33,0,33,27,20,51,0,98,36,0,36,134
10/10/2021,FWA,IN,AGL,CE,Combined TRACON& Tower with Radar,24,16,17,0,57,0,2,21,0,23,24,18,38,0,80,2,0,2,82
10/11/2021,FWA,IN,AGL,CE,Combined TRACON& Tower with Radar,26,22,14,0,62,0,6,11,0,17,26,28,25,0,79,2,0,2,81
10/12/2021,FWA,IN,AGL,CE,Combined TRACON& Tower with Radar,27,37,25,13,102,0,0,5,2,7,27,37,30,15,109,14,4,18,127
10/13/2021,FWA,IN,AGL,CE,Combined TRACON& Tower with Radar,26,26,15,6,73,0,0,18,6,24,26,26,33,12,97,4,0,4,101
10/14/2021,FWA,IN,AGL,CE,Combined TRACON& Tower with Radar,28,25,26,8,87,0,2,3,8,13,28,27,29,16,100,0,8,8,108
10/15/2021,FWA,IN,AGL,CE,Combined TRACON& Tower with Radar,28,23,24,0,75,0,0,0,0,0,28,23,24,0,75,0,0,0,75
10/16/2021,FWA,IN,AGL,CE,Combined TRACON& Tower with Radar,25,14,10,9,58,0,4,22,4,30,25,18,32,13,88,0,2,2,90
10/17/2021,FWA,IN,AGL,CE,Combined TRACON& Tower with Radar,20,21,12,4,57,0,0,30,12,42,20,21,42,16,99,10,0,10,109
10/18/2021,FWA,IN,AGL,CE,Combined TRACON& Tower with Radar,30,22,25,7,84,0,2,41,3,46,30,24,66,10,130,24,0,24,154
10/19/2021,FWA,IN,AGL,CE,Combined TRACON& Tower with Radar,31,19,16,11,77,0,9,60,15,84,31,28,76,26,161,66,0,66,227
10/20/2021,FWA,IN,AGL,CE,Combined TRACON& Tower with Radar,29,31,24,5,89,0,4,45,3,52,29,35,69,8,141,40,6,46,187
10/21/2021,FWA,IN,AGL,CE,Combined TRACON& Tower with Radar,24,22,23,4,73,0,0,6,7,13,24,22,29,11,86,10,0,10,96
10/22/2021,FWA,IN,AGL,CE,Combined TRACON& Tower with Radar,24,26,18,0,68,0,0,26,0,26,24,26,44,0,94,8,0,8,102
10/23/2021,FWA,IN,AGL,CE,Combined TRACON& Tower with Radar,24,23,7,0,54,0,2,13,0,15,24,25,20,0,69,18,0,18,87
10/24/2021,FWA,IN,AGL,CE,Combined TRACON& Tower with Radar,20,21,21,0,62,0,0,0,0,0,20,21,21,0,62,0,0,0,62
10/25/2021,FWA,IN,AGL,CE,Combined TRACON& Tower with Radar,28,18,16,0,62,0,0,1,0,1,28,18,17,0,63,0,0,0,63
10/26/2021,FWA,IN,AGL,CE,Combined TRACON& Tower with Radar,26,15,31,5,77,0,6,55,5,66,26,21,86,10,143,50,0,50,193
10/27/2021,FWA,IN,AGL,CE,Combined TRACON& Tower with Radar,30,22,21,12,85,0,2,34,5,41,30,24,55,17,126,14,12,26,152
10/28/2021,FWA,IN,AGL,CE,Combined TRACON& Tower with Radar,28,31,26,6,91,0,0,2,2,4,28,31,28,8,95,0,0,0,95
10/29/2021,FWA,IN,AGL,CE,Combined TRACON& Tower with Radar,28,25,26,1,80,0,0,0,0,0,28,25,26,1,80,0,0,0,80
10/30/2021,FWA,IN,AGL,CE,Combined TRACON& Tower with Radar,22,24,23,2,71,0,0,3,0,3,22,24,26,2,74,0,0,0,74
10/31/2021,FWA,IN,AGL,CE,Combined TRACON& Tower with Radar,20,22,9,0,51,0,2,15,0,17,20,24,24,0,68,0,0,0,68
11/01/2021,FWA,IN,AGL,CE,Combined TRACON& Tower with Radar,27,21,23,3,74,0,2,50,0,52,27,23,73,3,126,34,2,36,162
11/02/2021,FWA,IN,AGL,CE,Combined TRACON& Tower with Radar,19,18,10,4,51,0,9,23,8,40,19,27,33,12,91,32,0,32,123
11/03/2021,FWA,IN,AGL,CE,Combined TRACON& Tower with Radar,24,26,35,6,91,0,8,35,7,50,24,34,70,13,141,40,0,40,181
11/04/2021,FWA,IN,AGL,CE,Combined TRACON& Tower with Radar,24,23,22,8,77,0,6,34,7,47,24,29,56,15,124,42,6,48,172
11/05/2021,FWA,IN,AGL,CE,Combined TRACON& Tower with Radar,26,21,24,13,84,0,8,35,3,46,26,29,59,16,130,20,0,20,150
11/06/2021,FWA,IN,AGL,CE,Combined TRACON& Tower with Radar,20,25,9,7,61,0,0,33,10,43,20,25,42,17,104,10,0,10,114
11/07/2021,FWA,IN,AGL,CE,Combined TRACON& Tower with Radar,14,23,19,6,62,0,4,34,5,43,14,27,53,11,105,28,6,34,139
11/08/2021,FWA,IN,AGL,CE,Combined TRACON& Tower with Radar,20,24,19,9,72,0,12,48,15,75,20,36,67,24,147,54,0,54,201
11/09/2021,FWA,IN,AGL,CE,Combined TRACON& Tower with Radar,20,24,17,8,69,0,8,39,4,51,20,32,56,12,120,30,0,30,150
11/10/2021,FWA,IN,AGL,CE,Combined TRACON& Tower with Radar,20,29,27,10,86,0,6,13,2,21,20,35,40,12,107,8,0,8,115
11/11/2021,FWA,IN,AGL,CE,Combined TRACON& Tower with Radar,22,25,18,0,65,0,1,5,0,6,22,26,23,0,71,0,0,0,71
11/12/2021,FWA,IN,AGL,CE,Combined TRACON& Tower with Radar,24,23,18,2,67,0,0,0,0,0,24,23,18,2,67,0,0,0,67
11/13/2021,FWA,IN,AGL,CE,Combined TRACON& Tower with Radar,17,18,9,0,44,0,0,2,0,2,17,18,11,0,46,0,0,0,46
11/14/2021,FWA,IN,AGL,CE,Combined TRACON& Tower with Radar,15,23,9,0,47,0,0,0,0,0,15,23,9,0,47,0,0,0,47
11/15/2021,FWA,IN,AGL,CE,Combined TRACON& Tower with Radar,22,21,17,0,60,0,2,5,0,7,22,23,22,0,67,6,0,6,73
11/16/2021,FWA,IN,AGL,CE,Combined TRACON& Tower with Radar,19,23,32,3,77,0,4,20,3,27,19,27,52,6,104,16,6,22,126
11/17/2021,FWA,IN,AGL,CE,Combined TRACON& Tower with Radar,25,26,24,10,85,0,0,0,1,1,25,26,24,11,86,0,0,0,86
11/18/2021,FWA,IN,AGL,CE,Combined TRACON& Tower with Radar,30,29,24,7,90,0,3,17,7,27,30,32,41,14,117,22,0,22,139
11/19/2021,FWA,IN,AGL,CE,Combined TRACON& Tower with Radar,25,31,30,4,90,0,11,37,3,51,25,42,67,7,141,28,4,32,173
11/20/2021,FWA,IN,AGL,CE,Combined TRACON& Tower with Radar,16,19,25,0,60,0,2,15,0,17,16,21,40,0,77,22,0,22,99
11/21/2021,FWA,IN,AGL,CE,Combined TRACON& Tower with Radar,19,20,32,0,71,0,0,2,0,2,19,20,34,0,73,0,0,0,73
11/22/2021,FWA,IN,AGL,CE,Combined TRACON& Tower with Radar,21,24,12,6,63,0,2,12,4,18,21,26,24,10,81,0,4,4,85
11/23/2021,FWA,IN,AGL,CE,Combined TRACON& Tower with Radar,28,19,28,5,80,0,8,37,6,51,28,27,65,11,131,62,0,62,193
11/24/2021,FWA,IN,AGL,CE,Combined TRACON& Tower with Radar,29,21,20,1,71,0,0,11,8,19,29,21,31,9,90,10,6,16,106
11/25/2021,FWA,IN,AGL,CE,Combined TRACON& Tower with Radar,9,14,5,0,28,0,0,0,0,0,9,14,5,0,28,0,0,0,28
11/26/2021,FWA,IN,AGL,CE,Combined TRACON& Tower with Radar,19,19,7,0,45,0,0,9,0,9,19,19,16,0,54,6,0,6,60
11/27/2021,FWA,IN,AGL,CE,Combined TRACON& Tower with Radar,22,22,17,0,61,0,0,13,0,13,22,22,30,0,74,16,0,16,90
11/28/2021,FWA,IN,AGL,CE,Combined TRACON& Tower with Radar,24,23,27,0,74,0,0,6,0,6,24,23,33,0,80,0,0,0,80
11/29/2021,FWA,IN,AGL,CE,Combined TRACON& Tower with Radar,26,22,10,0,58,0,3,28,0,31,26,25,38,0,89,22,0,22,111
11/30/2021,FWA,IN,AGL,CE,Combined TRACON& Tower with Radar,23,26,33,3,85,0,1,23,7,31,23,27,56,10,116,20,20,40,156
12/01/2021,FWA,IN,AGL,CE,Combined TRACON& Tower with Radar,23,26,21,9,79,0,2,8,5,15,23,28,29,14,94,6,0,6,100
12/02/2021,FWA,IN,AGL,CE,Combined TRACON& Tower with Radar,22,27,32,5,86,0,4,21,7,32,22,31,53,12,118,30,2,32,150
12/03/2021,FWA,IN,AGL,CE,Combined TRACON& Tower with Radar,20,31,20,5,76,0,2,35,8,45,20,33,55,13,121,22,0,22,143
12/04/2021,FWA,IN,AGL,CE,Combined TRACON& Tower with Radar,16,23,14,4,57,0,2,34,3,39,16,25,48,7,96,22,0,22,118
12/05/2021,FWA,IN,AGL,CE,Combined TRACON& Tower with Radar,17,29,12,5,63,0,0,3,8,11,17,29,15,13,74,0,2,2,76
12/06/2021,FWA,IN,AGL,CE,Combined TRACON& Tower with Radar,17,23,17,4,61,0,0,4,7,11,17,23,21,11,72,0,2,2,74
12/07/2021,FWA,IN,AGL,CE,Combined TRACON& Tower with Radar,17,23,26,8,74,0,2,21,5,28,17,25,47,13,102,6,0,6,108
12/08/2021,FWA,IN,AGL,CE,Combined TRACON& Tower with Radar,20,28,31,4,83,0,2,19,5,26,20,30,50,9,109,24,0,24,133
12/09/2021,FWA,IN,AGL,CE,Combined TRACON& Tower with Radar,22,29,36,0,87,0,0,18,4,22,22,29,54,4,109,10,0,10,119
12/10/2021,FWA,IN,AGL,CE,Combined TRACON& Tower with Radar,20,26,17,0,63,0,0,0,0,0,20,26,17,0,63,0,0,0,63
12/11/2021,FWA,IN,AGL,CE,Combined TRACON& Tower with Radar,16,23,3,0,42,0,0,0,0,0,16,23,3,0,42,0,0,0,42
12/12/2021,FWA,IN,AGL,CE,Combined TRACON& Tower with Radar,16,31,22,0,69,0,0,35,0,35,16,31,57,0,104,32,0,32,136
12/13/2021,FWA,IN,AGL,CE,Combined TRACON& Tower with Radar,18,27,30,0,75,0,4,55,0,59,18,31,85,0,134,18,0,18,152
12/14/2021,FWA,IN,AGL,CE,Combined TRACON& Tower with Radar,19,26,41,2,88,0,8,31,4,43,19,34,72,6,131,18,0,18,149
12/15/2021,FWA,IN,AGL,CE,Combined TRACON& Tower with Radar,20,21,28,7,76,0,0,2,1,3,20,21,30,8,79,0,0,0,79
12/16/2021,FWA,IN,AGL,CE,Combined TRACON& Tower with Radar,28,28,13,6,75,0,0,10,2,12,28,28,23,8,87,4,2,6,93
12/17/2021,FWA,IN,AGL,CE,Combined TRACON& Tower with Radar,29,27,22,2,80,0,4,29,10,43,29,31,51,12,123,6,2,8,131
12/18/2021,FWA,IN,AGL,CE,Combined TRACON& Tower with Radar,26,24,7,0,57,0,0,0,0,0,26,24,7,0,57,0,0,0,57
12/19/2021,FWA,IN,AGL,CE,Combined TRACON& Tower with Radar,15,25,13,0,53,0,2,23,0,25,15,27,36,0,78,8,0,8,86
12/20/2021,FWA,IN,AGL,CE,Combined TRACON& Tower with Radar,30,22,17,2,71,0,6,21,2,29,30,28,38,4,100,14,0,14,114
12/21/2021,FWA,IN,AGL,CE,Combined TRACON& Tower with Radar,28,24,17,6,75,0,2,10,4,16,28,26,27,10,91,38,6,44,135
12/22/2021,FWA,IN,AGL,CE,Combined TRACON& Tower with Radar,28,28,15,5,76,0,2,20,3,25,28,30,35,8,101,10,0,10,111
12/23/2021,FWA,IN,AGL,CE,Combined TRACON& Tower with Radar,27,22,20,0,69,0,0,10,0,10,27,22,30,0,79,6,0,6,85
12/24/2021,FWA,IN,AGL,CE,Combined TRACON& Tower with Radar,24,24,4,0,52,0,0,3,0,3,24,24,7,0,55,26,0,26,81
12/25/2021,FWA,IN,AGL,CE,Combined TRACON& Tower with Radar,13,16,3,0,32,0,0,1,0,1,13,16,4,0,33,0,0,0,33
12/26/2021,FWA,IN,AGL,CE,Combined TRACON& Tower with Radar,19,27,21,0,67,0,0,18,0,18,19,27,39,0,85,0,0,0,85
12/27/2021,FWA,IN,AGL,CE,Combined TRACON& Tower with Radar,19,25,25,0,69,0,0,0,0,0,19,25,25,0,69,0,0,0,69
12/28/2021,FWA,IN,AGL,CE,Combined TRACON& Tower with Radar,23,19,22,0,64,0,0,6,4,10,23,19,28,4,74,0,0,0,74
12/29/2021,FWA,IN,AGL,CE,Combined TRACON& Tower with Radar,27,25,10,0,62,0,0,0,0,0,27,25,10,0,62,0,0,0,62
12/30/2021,FWA,IN,AGL,CE,Combined TRACON& Tower with Radar,20,17,11,0,48,0,0,0,0,0,20,17,11,0,48,0,0,0,48
12/31/2021,FWA,IN,AGL,CE,Combined TRACON& Tower with Radar,21,14,28,0,63,0,0,6,0,6,21,14,34,0,69,8,0,8,77
01/01/2022,FWA,IN,AGL,CE,Combined TRACON& Tower with Radar,14,14,1,0,29,0,0,0,0,0,14,14,1,0,29,0,0,0,29
01/02/2022,FWA,IN,AGL,CE,Combined TRACON& Tower with Radar,16,31,14,0,61,0,0,4,0,4,16,31,18,0,65,12,0,12,77
01/03/2022,FWA,IN,AGL,CE,Combined TRACON& Tower with Radar,22,24,43,0,89,0,2,29,0,31,22,26,72,0,120,43,0,43,163
01/04/2022,FWA,IN,AGL,CE,Combined TRACON& Tower with Radar,17,19,34,3,73,0,4,13,3,20,17,23,47,6,93,4,0,4,97
01/05/2022,FWA,IN,AGL,CE,Combined TRACON& Tower with Radar,15,23,8,7,53,0,0,0,1,1,15,23,8,8,54,0,0,0,54
01/06/2022,FWA,IN,AGL,CE,Combined TRACON& Tower with Radar,19,19,6,6,50,0,0,0,2,2,19,19,6,8,52,0,0,0,52
01/07/2022,FWA,IN,AGL,CE,Combined TRACON& Tower with Radar,16,22,20,5,63,0,2,9,5,16,16,24,29,10,79,8,0,8,87
01/08/2022,FWA,IN,AGL,CE,Combined TRACON& Tower with Radar,13,24,9,5,51,0,2,16,11,29,13,26,25,16,80,4,0,4,84
01/09/2022,FWA,IN,AGL,CE,Combined TRACON& Tower with Radar,11,26,6,9,52,0,0,2,4,6,11,26,8,13,58,2,0,2,60
01/10/2022,FWA,IN,AGL,CE,Combined TRACON& Tower with Radar,13,28,17,7,65,0,0,4,4,8,13,28,21,11,73,0,0,0,73
01/11/2022,FWA,IN,AGL,CE,Combined TRACON& Tower with Radar,16,24,20,3,63,0,0,13,8,21,16,24,33,11,84,6,0,6,90
01/12/2022,FWA,IN,AGL,CE,Combined TRACON& Tower with Radar,12,21,22,6,61,0,0,20,2,22,12,21,42,8,83,4,2,6,89
01/13/2022,FWA,IN,AGL,CE,Combined TRACON& Tower with Radar,21,27,13,0,61,0,1,17,0,18,21,28,30,0,79,44,0,44,123
01/14/2022,FWA,IN,AGL,CE,Combined TRACON& Tower with Radar,16,25,20,0,61,0,0,0,0,0,16,25,20,0,61,0,0,0,61
01/15/2022,FWA,IN,AGL,CE,Combined TRACON& Tower with Radar,12,21,3,0,36,0,4,22,1,27,12,25,25,1,63,6,0,6,69
01/16/2022,FWA,IN,AGL,CE,Combined TRACON& Tower with Radar,12,20,18,0,50,0,0,33,0,33,12,20,51,0,83,16,0,16,99
01/17/2022,FWA,IN,AGL,CE,Combined TRACON& Tower with Radar,13,23,12,0,48,0,0,2,0,2,13,23,14,0,50,0,0,0,50
01/18/2022,FWA,IN,AGL,CE,Combined TRACON& Tower with Radar,17,23,18,0,58,0,2,5,0,7,17,25,23,0,65,6,0,6,71
01/19/2022,FWA,IN,AGL,CE,Combined TRACON& Tower with Radar,13,23,6,9,51,0,0,11,4,15,13,23,17,13,66,0,0,0,66
01/20/2022,FWA,IN,AGL,CE,Combined TRACON& Tower with Radar,22,32,28,6,88,0,0,13,3,16,22,32,41,9,104,14,5,19,123
01/21/2022,FWA,IN,AGL,CE,Combined TRACON& Tower with Radar,16,25,12,4,57,0,10,29,0,39,16,35,41,4,96,12,4,16,112
01/22/2022,FWA,IN,AGL,CE,Combined TRACON& Tower with Radar,12,25,8,0,45,0,2,11,0,13,12,27,19,0,58,16,0,16,74
01/23/2022,FWA,IN,AGL,CE,Combined TRACON& Tower with Radar,13,27,11,0,51,0,0,2,0,2,13,27,13,0,53,0,0,0,53
01/24/2022,FWA,IN,AGL,CE,Combined TRACON& Tower with Radar,14,21,15,0,50,0,0,0,0,0,14,21,15,0,50,0,0,0,50
01/25/2022,FWA,IN,AGL,CE,Combined TRACON& Tower with Radar,18,25,14,8,65,0,7,23,5,35,18,32,37,13,100,34,0,34,134
01/26/2022,FWA,IN,AGL,CE,Combined TRACON& Tower with Radar,15,25,22,2,64,0,6,27,0,33,15,31,49,2,97,18,0,18,115
01/27/2022,FWA,IN,AGL,CE,Combined TRACON& Tower with Radar,20,35,17,0,72,0,0,11,0,11,20,35,28,0,83,22,0,22,105
01/28/2022,FWA,IN,AGL,CE,Combined TRACON& Tower with Radar,17,26,19,0,62,0,2,11,0,13,17,28,30,0,75,0,0,0,75
01/29/2022,FWA,IN,AGL,CE,Combined TRACON& Tower with Radar,16,22,5,0,43,0,8,24,0,32,16,30,29,0,75,0,0,0,75
01/30/2022,FWA,IN,AGL,CE,Combined TRACON& Tower with Radar,16,24,14,0,54,0,7,25,1,33,16,31,39,1,87,0,0,0,87
01/31/2022,FWA,IN,AGL,CE,Combined TRACON& Tower with Radar,12,28,22,0,62,0,8,44,0,52,12,36,66,0,114,0,0,0,114
02/01/2022,FWA,IN,AGL,CE,Combined TRACON& Tower with Radar,16,29,17,2,64,0,2,12,2,16,16,31,29,4,80,10,0,10,90
02/02/2022,FWA,IN,AGL,CE,Combined TRACON& Tower with Radar,10,10,4,0,24,0,0,0,0,0,10,10,4,0,24,0,0,0,24
02/03/2022,FWA,IN,AGL,CE,Combined TRACON& Tower with Radar,7,7,4,0,18,0,0,0,0,0,7,7,4,0,18,0,0,0,18
02/04/2022,FWA,IN,AGL,CE,Combined TRACON& Tower with Radar,21,33,9,0,63,0,0,2,0,2,21,33,11,0,65,4,0,4,69
02/05/2022,FWA,IN,AGL,CE,Combined TRACON& Tower with Radar,16,19,9,6,50,0,0,18,0,18,16,19,27,6,68,30,0,30,98
02/06/2022,FWA,IN,AGL,CE,Combined TRACON& Tower with Radar,12,27,25,0,64,0,0,31,2,33,12,27,56,2,97,18,0,18,115
02/07/2022,FWA,IN,AGL,CE,Combined TRACON& Tower with Radar,15,27,13,12,67,0,0,4,0,4,15,27,17,12,71,0,0,0,71
02/08/2022,FWA,IN,AGL,CE,Combined TRACON& Tower with Radar,27,30,20,6,83,0,1,36,3,40,27,31,56,9,123,30,0,30,153
02/09/2022,FWA,IN,AGL,CE,Combined TRACON& Tower with Radar,15,28,27,4,74,0,2,20,2,24,15,30,47,6,98,14,2,16,114
02/10/2022,FWA,IN,AGL,CE,Combined TRACON& Tower with Radar,24,33,22,7,86,0,0,2,1,3,24,33,24,8,89,0,20,20,109
02/11/2022,FWA,IN,AGL,CE,Combined TRACON& Tower with Radar,21,35,9,1,66,0,0,0,0,0,21,35,9,1,66,0,0,0,66
02/12/2022,FWA,IN,AGL,CE,Combined TRACON& Tower with Radar,15,21,21,0,57,0,0,2,0,2,15,21,23,0,59,6,0,6,65
02/13/2022,FWA,IN,AGL,CE,Combined TRACON& Tower with Radar,13,22,18,0,53,0,0,8,0,8,13,22,26,0,61,8,0,8,69
02/14/2022,FWA,IN,AGL,CE,Combined TRACON& Tower with Radar,16,28,12,0,56,0,2,28,0,30,16,30,40,0,86,56,0,56,142
02/15/2022,FWA,IN,AGL,CE,Combined TRACON& Tower with Radar,19,26,31,4,80,0,10,19,6,35,19,36,50,10,115,32,8,40,155
02/16/2022,FWA,IN,AGL,CE,Combined TRACON& Tower with Radar,18,33,17,11,79,0,0,5,1,6,18,33,22,12,85,22,14,36,121
02/17/2022,FWA,IN,AGL,CE,Combined TRACON& Tower with Radar,11,29,23,0,63,0,0,0,0,0,11,29,23,0,63,0,0,0,63
02/18/2022,FWA,IN,AGL,CE,Combined TRACON& Tower with Radar,22,32,28,0,82,0,1,16,0,17,22,33,44,0,99,18,0,18,117
02/19/2022,FWA,IN,AGL,CE,Combined TRACON& Tower with Radar,13,28,12,0,53,0,0,13,0,13,13,28,25,0,66,12,0,12,78
02/20/2022,FWA,IN,AGL,CE,Combined TRACON& Tower with Radar,12,34,13,0,59,0,0,14,0,14,12,34,27,0,73,6,0,6,79
02/21/2022,FWA,IN,AGL,CE,Combined TRACON& Tower with Radar,21,31,31,0,83,0,2,30,0,32,21,33,61,0,115,14,0,14,129
02/22/2022,FWA,IN,AGL,CE,Combined TRACON& Tower with Radar,18,30,26,8,82,0,0,0,0,0,18,30,26,8,82,0,0,0,82
02/23/2022,FWA,IN,AGL,CE,Combined TRACON& Tower with Radar,17,32,23,10,82,0,0,4,3,7,17,32,27,13,89,12,2,14,103
02/24/2022,FWA,IN,AGL,CE,Combined TRACON& Tower with Radar,18,27,13,9,67,0,0,1,2,3,18,27,14,11,70,0,0,0,70
02/25/2022,FWA,IN,AGL,CE,Combined TRACON& Tower with Radar,21,30,16,1,68,0,0,8,0,8,21,30,24,1,76,22,0,22,98
02/26/2022,FWA,IN,AGL,CE,Combined TRACON& Tower with Radar,17,31,8,0,56,0,0,28,0,28,17,31,36,0,84,32,0,32,116
02/27/2022,FWA,IN,AGL,CE,Combined TRACON& Tower with Radar,13,34,14,1,62,0,8,43,0,51,13,42,57,1,113,72,0,72,185
02/28/2022,FWA,IN,AGL,CE,Combined TRACON& Tower with Radar,22,29,26,0,77,0,4,26,0,30,22,33,52,0,107,40,0,40,147
03/01/2022,FWA,IN,AGL,CE,Combined TRACON& Tower with Radar,18,32,28,7,85,0,8,16,8,32,18,40,44,15,117,24,4,28,145
03/02/2022,FWA,IN,AGL,CE,Combined TRACON& Tower with Radar,20,24,15,7,66,0,6,15,5,26,20,30,30,12,92,0,6,6,98
03/03/2022,FWA,IN,AGL,CE,Combined TRACON& Tower with Radar,18,31,17,5,71,0,4,23,5,32,18,35,40,10,103,30,4,34,137
03/04/2022,FWA,IN,AGL,CE,Combined TRACON& Tower with Radar,22,28,24,1,75,0,0,27,7,34,22,28,51,8,109,36,0,36,145
03/05/2022,FWA,IN,AGL,CE,Combined TRACON& Tower with Radar,16,24,14,3,57,0,0,12,9,21,16,24,26,12,78,6,8,14,92
03/06/2022,FWA,IN,AGL,CE,Combined TRACON& Tower with Radar,8,32,18,8,66,0,1,8,6,15,8,33,26,14,81,0,0,0,81
03/07/2022,FWA,IN,AGL,CE,Combined TRACON& Tower with Radar,20,25,10,9,64,0,0,1,2,3,20,25,11,11,67,8,0,8,75
03/08/2022,FWA,IN,AGL,CE,Combined TRACON& Tower with Radar,13,25,33,14,85,0,0,17,3,20,13,25,50,17,105,24,4,28,133
03/09/2022,FWA,IN,AGL,CE,Combined TRACON& Tower with Radar,22,25,24,9,80,0,2,33,7,42,22,27,57,16,122,8,0,8,130
03/10/2022,FWA,IN,AGL,CE,Combined TRACON& Tower with Radar,19,38,22,6,85,0,2,9,7,18,19,40,31,13,103,8,4,12,115
03/11/2022,FWA,IN,AGL,CE,Combined TRACON& Tower with Radar,23,24,26,0,73,0,0,0,0,0,23,24,26,0,73,0,0,0,73
03/12/2022,FWA,IN,AGL,CE,Combined TRACON& Tower with Radar,17,27,14,0,58,0,0,1,0,1,17,27,15,0,59,0,0,0,59
03/13/2022,FWA,IN,AGL,CE,Combined TRACON& Tower with Radar,12,23,11,0,46,0,0,6,0,6,12,23,17,0,52,4,0,4,56
03/14/2022,FWA,IN,AGL,CE,Combined TRACON& Tower with Radar,20,37,26,0,83,0,6,14,0,20,20,43,40,0,103,18,0,18,121
03/15/2022,FWA,IN,AGL,CE,Combined TRACON& Tower with Radar,14,33,29,4,80,0,4,38,8,50,14,37,67,12,130,22,2,24,154
03/16/2022,FWA,IN,AGL,CE,Combined TRACON& Tower with Radar,20,31,26,7,84,0,4,30,6,40,20,35,56,13,124,4,0,4,128
03/17/2022,FWA,IN,AGL,CE,Combined TRACON& Tower with Radar,20,28,17,8,73,0,2,20,6,28,20,30,37,14,101,4,4,8,109
03/18/2022,FWA,IN,AGL,CE,Combined TRACON& Tower with Radar,21,25,13,9,68,0,4,7,5,16,21,29,20,14,84,0,0,0,84
03/19/2022,FWA,IN,AGL,CE,Combined TRACON& Tower with Radar,21,30,8,0,59,0,0,0,0,0,21,30,8,0,59,0,0,0,59
03/20/2022,FWA,IN,AGL,CE,Combined TRACON& Tower with Radar,12,25,18,0,55,0,0,36,0,36,12,25,54,0,91,48,0,48,139
03/21/2022,FWA,IN,AGL,CE,Combined TRACON& Tower with Radar,17,24,22,0,63,0,9,28,0,37,17,33,50,0,100,12,0,12,112
03/22/2022,FWA,IN,AGL,CE,Combined TRACON& Tower with Radar,14,21,19,5,59,0,0,0,3,3,14,21,19,8,62,0,0,0,62
03/23/2022,FWA,IN,AGL,CE,Combined TRACON& Tower with Radar,22,23,21,5,71,0,0,1,4,5,22,23,22,9,76,2,0,2,78
03/24/2022,FWA,IN,AGL,CE,Combined TRACON& Tower with Radar,23,34,40,1,98,0,0,7,2,9,23,34,47,3,107,28,0,28,135
03/25/2022,FWA,IN,AGL,CE,Combined TRACON& Tower with Radar,22,36,14,0,72,0,0,1,0,1,22,36,15,0,73,0,0,0,73
03/26/2022,FWA,IN,AGL,CE,Combined TRACON& Tower with Radar,16,27,9,0,52,0,0,0,0,0,16,27,9,0,52,0,0,0,52
03/27/2022,FWA,IN,AGL,CE,Combined TRACON& Tower with Radar,13,32,9,0,54,0,4,23,0,27,13,36,32,0,81,10,0,10,91
03/28/2022,FWA,IN,AGL,CE,Combined TRACON& Tower with Radar,20,37,29,0,86,0,4,26,0,30,20,41,55,0,116,10,0,10,126
03/29/2022,FWA,IN,AGL,CE,Combined TRACON& Tower with Radar,14,29,22,8,73,0,6,24,8,38,14,35,46,16,111,12,8,20,131
03/30/2022,FWA,IN,AGL,CE,Combined TRACON& Tower with Radar,20,27,31,0,78,0,2,2,12,16,20,29,33,12,94,10,0,10,104
03/31/2022,FWA,IN,AGL,CE,Combined TRACON& Tower with Radar,18,26,34,0,78,0,0,0,0,0,18,26,34,0,78,0,0,0,78
04/01/2022,FWA,IN,AGL,CE,Combined TRACON& Tower with Radar,24,33,19,6,82,0,0,25,3,28,24,33,44,9,110,20,0,20,130
04/02/2022,FWA,IN,AGL,CE,Combined TRACON& Tower with Radar,14,42,15,0,71,0,4,19,0,23,14,46,34,0,94,10,0,10,104
04/03/2022,FWA,IN,AGL,CE,Combined TRACON& Tower with Radar,12,31,18,0,61,0,2,20,0,22,12,33,38,0,83,40,0,40,123
04/04/2022,FWA,IN,AGL,CE,Combined TRACON& Tower with Radar,19,31,14,0,64,0,0,25,0,25,19,31,39,0,89,10,0,10,99
04/05/2022,FWA,IN,AGL,CE,Combined TRACON& Tower with Radar,17,22,20,1,60,0,2,13,1,16,17,24,33,2,76,0,0,0,76
04/06/2022,FWA,IN,AGL,CE,Combined TRACON& Tower with Radar,20,30,25,0,75,0,0,9,0,9,20,30,34,0,84,10,0,10,94
04/07/2022,FWA,IN,AGL,CE,Combined TRACON& Tower with Radar,23,30,21,3,77,0,0,3,4,7,23,30,24,7,84,0,4,4,88
04/08/2022,FWA,IN,AGL,CE,Combined TRACON& Tower with Radar,22,24,17,0,63,0,0,3,1,4,22,24,20,1,67,10,0,10,77
04/09/2022,FWA,IN,AGL,CE,Combined TRACON& Tower with Radar,16,25,17,1,59,0,0,8,0,8,16,25,25,1,67,10,0,10,77
04/10/2022,FWA,IN,AGL,CE,Combined TRACON& Tower with Radar,14,33,14,0,61,0,0,41,0,41,14,33,55,0,102,20,0,20,122
04/11/2022,FWA,IN,AGL,CE,Combined TRACON& Tower with Radar,20,20,24,2,66,0,4,10,0,14,20,24,34,2,80,18,0,18,98
04/12/2022,FWA,IN,AGL,CE,Combined TRACON& Tower with Radar,17,22,20,8,67,0,2,23,4,29,17,24,43,12,96,34,0,34,130
04/13/2022,FWA,IN,AGL,CE,Combined TRACON& Tower with Radar,21,22,11,0,54,0,0,1,0,1,21,22,12,0,55,0,0,0,55
04/14/2022,FWA,IN,AGL,CE,Combined TRACON& Tower with Radar,24,28,32,2,86,0,2,15,8,25,24,30,47,10,111,0,0,0,111
04/15/2022,FWA,IN,AGL,CE,Combined TRACON& Tower with Radar,21,25,7,7,60,0,4,5,15,24,21,29,12,22,84,8,0,8,92
04/16/2022,FWA,IN,AGL,CE,Combined TRACON& Tower with Radar,16,24,10,0,50,0,4,33,0,37,16,28,43,0,87,22,0,22,109
04/17/2022,FWA,IN,AGL,CE,Combined TRACON& Tower with Radar,14,25,9,0,48,0,8,35,0,43,14,33,44,0,91,8,0,8,99
04/18/2022,FWA,IN,AGL,CE,Combined TRACON& Tower with Radar,19,27,10,0,56,0,1,0,0,1,19,28,10,0,57,0,0,0,57
04/19/2022,FWA,IN,AGL,CE,Combined TRACON& Tower with Radar,19,28,22,3,72,0,23,29,5,57,19,51,51,8,129,68,0,68,197
04/20/2022,FWA,IN,AGL,CE,Combined TRACON& Tower with Radar,22,22,31,5,80,0,8,17,3,28,22,30,48,8,108,2,0,2,110
04/21/2022,FWA,IN,AGL,CE,Combined TRACON& Tower with Radar,22,38,27,8,95,0,4,28,4,36,22,42,55,12,131,44,0,44,175
04/22/2022,FWA,IN,AGL,CE,Combined TRACON& Tower with Radar,20,32,15,4,71,0,5,9,5,19,20,37,24,9,90,4,2,6,96
04/23/2022,FWA,IN,AGL,CE,Combined TRACON& Tower with Radar,16,27,13,0,56,0,5,21,3,29,16,32,34,3,85,24,12,36,121
04/24/2022,FWA,IN,AGL,CE,Combined TRACON& Tower with Radar,16,20,11,6,53,0,3,6,9,18,16,23,17,15,71,0,0,0,71
04/25/2022,FWA,IN,AGL,CE,Combined TRACON& Tower with Radar,19,26,19,6,70,0,0,8,5,13,19,26,27,11,83,24,0,24,107
04/26/2022,FWA,IN,AGL,CE,Combined TRACON& Tower with Radar,21,25,22,9,77,0,0,29,1,30,21,25,51,10,107,18,0,18,125
04/27/2022,FWA,IN,AGL,CE,Combined TRACON& Tower with Radar,26,19,22,6,73,0,8,60,5,73,26,27,82,11,146,44,0,44,190
04/28/2022,FWA,IN,AGL,CE,Combined TRACON& Tower with Radar,22,37,18,3,80,0,10,34,3,47,22,47,52,6,127,34,0,34,161
04/29/2022,FWA,IN,AGL,CE,Combined TRACON& Tower with Radar,22,26,20,2,70,0,10,27,0,37,22,36,47,2,107,2,0,2,109
04/30/2022,FWA,IN,AGL,CE,Combined TRACON& Tower with Radar,21,26,14,0,61,0,0,4,0,4,21,26,18,0,65,4,0,4,69
05/01/2022,FWA,IN,AGL,CE,Combined TRACON& Tower with Radar,17,22,23,0,62,0,0,10,0,10,17,22,33,0,72,8,0,8,80
05/02/2022,FWA,IN,AGL,CE,Combined TRACON& Tower with Radar,18,28,23,0,69,0,0,18,0,18,18,28,41,0,87,34,0,34,121
05/03/2022,FWA,IN,AGL,CE,Combined TRACON& Tower with Radar,21,19,12,7,59,0,0,1,0,1,21,19,13,7,60,0,0,0,60
05/04/2022,FWA,IN,AGL,CE,Combined TRACON& Tower with Radar,22,39,46,10,117,0,0,11,1,12,22,39,57,11,129,24,2,26,155
05/05/2022,FWA,IN,AGL,CE,Combined TRACON& Tower with Radar,25,27,26,7,85,0,0,12,3,15,25,27,38,10,100,0,0,0,100
05/06/2022,FWA,IN,AGL,CE,Combined TRACON& Tower with Radar,28,18,20,0,66,0,0,0,0,0,28,18,20,0,66,0,0,0,66
05/07/2022,FWA,IN,AGL,CE,Combined TRACON& Tower with Radar,22,28,22,0,72,0,0,16,0,16,22,28,38,0,88,8,0,8,96
05/08/2022,FWA,IN,AGL,CE,Combined TRACON& Tower with Radar,19,24,10,0,53,0,0,18,0,18,19,24,28,0,71,0,0,0,71
05/09/2022,FWA,IN,AGL,CE,Combined TRACON& Tower with Radar,24,35,23,0,82,0,2,31,0,33,24,37,54,0,115,12,0,12,127
05/10/2022,FWA,IN,AGL,CE,Combined TRACON& Tower with Radar,22,26,14,4,66,0,8,35,2,45,22,34,49,6,111,52,0,52,163
05/11/2022,FWA,IN,AGL,CE,Combined TRACON& Tower with Radar,24,31,29,4,88,0,22,39,4,65,24,53,68,8,153,72,4,76,229
05/12/2022,FWA,IN,AGL,CE,Combined TRACON& Tower with Radar,23,37,34,7,101,0,6,41,6,53,23,43,75,13,154,16,0,16,170
05/13/2022,FWA,IN,AGL,CE,Combined TRACON& Tower with Radar,25,30,14,4,73,0,8,42,9,59,25,38,56,13,132,46,6,52,184
05/14/2022,FWA,IN,AGL,CE,Combined TRACON& Tower with Radar,18,34,17,2,71,0,2,14,6,22,18,36,31,8,93,0,0,0,93
05/15/2022,FWA,IN,AGL,CE,Combined TRACON& Tower with Radar,16,27,16,3,62,0,4,40,9,53,16,31,56,12,115,28,0,28,143
05/16/2022,FWA,IN,AGL,CE,Combined TRACON& Tower with Radar,21,23,22,8,74,0,0,29,6,35,21,23,51,14,109,12,2,14,123
05/17/2022,FWA,IN,AGL,CE,Combined TRACON& Tower with Radar,23,29,25,7,84,0,10,36,4,50,23,39,61,11,134,66,0,66,200
05/18/2022,FWA,IN,AGL,CE,Combined TRACON& Tower with Radar,22,24,24,21,91,0,0,4,0,4,22,24,28,21,95,0,0,0,95
05/19/2022,FWA,IN,AGL,CE,Combined TRACON& Tower with Radar,26,27,27,6,86,0,0,37,4,41,26,27,64,10,127,40,6,46,173
05/20/2022,FWA,IN,AGL,CE,Combined TRACON& Tower with Radar,23,26,26,0,75,0,0,1,0,1,23,26,27,0,76,0,0,0,76
05/21/2022,FWA,IN,AGL,CE,Combined TRACON& Tower with Radar,18,21,7,0,46,0,0,2,0,2,18,21,9,0,48,0,0,0,48
05/22/2022,FWA,IN,AGL,CE,Combined TRACON& Tower with Radar,19,20,21,0,60,0,2,11,0,13,19,22,32,0,73,4,0,4,77
05/23/2022,FWA,IN,AGL,CE,Combined TRACON& Tower with Radar,20,22,23,1,66,0,5,32,0,37,20,27,55,1,103,88,0,88,191
05/24/2022,FWA,IN,AGL,CE,Combined TRACON& Tower with Radar,22,32,34,2,90,0,3,24,6,33,22,35,58,8,123,42,0,42,165
05/25/2022,FWA,IN,AGL,CE,Combined TRACON& Tower with Radar,27,28,24,10,89,0,0,2,0,2,27,28,26,10,91,20,0,20,111
05/26/2022,FWA,IN,AGL,CE,Combined TRACON& Tower with Radar,28,28,26,0,82,0,0,4,2,6,28,28,30,2,88,0,0,0,88
05/27/2022,FWA,IN,AGL,CE,Combined TRACON& Tower with Radar,24,23,21,0,68,0,1,4,0,5,24,24,25,0,73,0,0,0,73
05/28/2022,FWA,IN,AGL,CE,Combined TRACON& Tower with Radar,21,22,14,1,58,0,2,32,0,34,21,24,46,1,92,16,0,16,108
05/29/2022,FWA,IN,AGL,CE,Combined TRACON& Tower with Radar,19,18,6,0,43,0,3,24,0,27,19,21,30,0,70,6,0,6,76
05/30/2022,FWA,IN,AGL,CE,Combined TRACON& Tower with Radar,18,26,9,1,54,0,0,24,0,24,18,26,33,1,78,16,0,16,94
05/31/2022,FWA,IN,AGL,CE,Combined TRACON& Tower with Radar,20,22,25,5,72,0,6,27,3,36,20,28,52,8,108,76,0,76,184
06/01/2022,FWA,IN,AGL,CE,Combined TRACON& Tower with Radar,25,26,23,4,78,0,4,4,3,11,25,30,27,7,89,6,0,6,95
06/02/2022,FWA,IN,AGL,CE,Combined TRACON& Tower with Radar,30,18,15,6,69,0,2,44,14,60,30,20,59,20,129,39,0,39,168
06/03/2022,FWA,IN,AGL,CE,Combined TRACON& Tower with Radar,21,25,19,6,71,0,1,24,43,68,21,26,43,49,139,0,4,4,143
06/04/2022,FWA,IN,AGL,CE,Combined TRACON& Tower with Radar,18,18,12,0,48,0,0,13,33,46,18,18,25,33,94,8,0,8,102
06/05/2022,FWA,IN,AGL,CE,Combined TRACON& Tower with Radar,17,26,11,1,55,0,1,24,31,56,17,27,35,32,111,2,0,2,113
06/06/2022,FWA,IN,AGL,CE,Combined TRACON& Tower with Radar,20,19,15,6,60,0,0,21,7,28,20,19,36,13,88,10,0,10,98
06/07/2022,FWA,IN,AGL,CE,Combined TRACON& Tower with Radar,21,30,22,6,79,0,2,15,3,20,21,32,37,9,99,8,0,8,107
06/08/2022,FWA,IN,AGL,CE,Combined TRACON& Tower with Radar,27,26,18,3,74,0,6,8,9,23,27,32,26,12,97,4,12,16,113
06/09/2022,FWA,IN,AGL,CE,Combined TRACON& Tower with Radar,25,27,27,4,83,0,8,26,2,36,25,35,53,6,119,20,0,20,139
06/10/2022,FWA,IN,AGL,CE,Combined TRACON& Tower with Radar,22,25,19,0,66,0,2,32,0,34,22,27,51,0,100,4,0,4,104
06/11/2022,FWA,IN,AGL,CE,Combined TRACON& Tower with Radar,17,23,12,1,53,0,0,20,0,20,17,23,32,1,73,14,0,14,87
06/12/2022,FWA,IN,AGL,CE,Combined TRACON& Tower with Radar,20,21,22,3,66,0,0,6,0,6,20,21,28,3,72,0,0,0,72
06/13/2022,FWA,IN,AGL,CE,Combined TRACON& Tower with Radar,13,31,27,1,72,0,0,9,0,9,13,31,36,1,81,26,0,26,107
06/14/2022,FWA,IN,AGL,CE,Combined TRACON& Tower with Radar,16,25,24,0,65,0,4,26,0,30,16,29,50,0,95,18,0,18,113
06/15/2022,FWA,IN,AGL,CE,Combined TRACON& Tower with Radar,22,31,22,11,86,0,4,30,6,40,22,35,52,17,126,4,0,4,130
06/16/2022,FWA,IN,AGL,CE,Combined TRACON& Tower with Radar,23,21,10,9,63,0,4,27,5,36,23,25,37,14,99,26,0,26,125
06/17/2022,FWA,IN,AGL,CE,Combined TRACON& Tower with Radar,23,26,15,0,64,0,8,12,0,20,23,34,27,0,84,26,0,26,110
06/18/2022,FWA,IN,AGL,CE,Combined TRACON& Tower with Radar,22,24,14,0,60,0,4,35,0,39,22,28,49,0,99,44,0,44,143
06/19/2022,FWA,IN,AGL,CE,Combined TRACON& Tower with Radar,17,21,7,0,45,0,1,16,0,17,17,22,23,0,62,32,0,32,94
06/20/2022,FWA,IN,AGL,CE,Combined TRACON& Tower with Radar,19,21,25,0,65,0,3,25,0,28,19,24,50,0,93,16,0,16,109
06/21/2022,FWA,IN,AGL,CE,Combined TRACON& Tower with Radar,20,27,23,0,70,0,4,12,0,16,20,31,35,0,86,18,0,18,104
06/22/2022,FWA,IN,AGL,CE,Combined TRACON& Tower with Radar,23,31,26,5,85,0,2,39,11,52,23,33,65,16,137,46,0,46,183
06/23/2022,FWA,IN,AGL,CE,Combined TRACON& Tower with Radar,25,33,34,6,98,0,6,18,11,35,25,39,52,17,133,52,6,58,191
06/24/2022,FWA,IN,AGL,CE,Combined TRACON& Tower with Radar,23,25,15,2,65,0,2,29,11,42,23,27,44,13,107,6,0,6,113
06/25/2022,FWA,IN,AGL,CE,Combined TRACON& Tower with Radar,24,19,16,2,61,0,4,18,2,24,24,23,34,4,85,38,0,38,123
06/26/2022,FWA,IN,AGL,CE,Combined TRACON& Tower with Radar,15,23,10,2,50,0,0,4,0,4,15,23,14,2,54,0,2,2,56
06/27/2022,FWA,IN,AGL,CE,Combined TRACON& Tower with Radar,20,26,36,0,82,0,4,33,0,37,20,30,69,0,119,36,0,36,155
06/28/2022,FWA,IN,AGL,CE,Combined TRACON& Tower with Radar,21,26,28,3,78,0,16,71,9,96,21,42,99,12,174,122,0,122,296
06/29/2022,FWA,IN,AGL,CE,Combined TRACON& Tower with Radar,23,31,27,5,86,0,2,38,7,47,23,33,65,12,133,22,2,24,157
06/30/2022,FWA,IN,AGL,CE,Combined TRACON& Tower with Radar,26,27,27,5,85,0,2,41,7,50,26,29,68,12,135,30,2,32,167
07/01/2022,FWA,IN,AGL,CE,Combined TRACON& Tower with Radar,22,25,13,0,60,0,0,21,1,22,22,25,34,1,82,10,0,10,92
07/02/2022,FWA,IN,AGL,CE,Combined TRACON& Tower with Radar,21,25,7,0,53,0,0,31,4,35,21,25,38,4,88,4,0,4,92
07/03/2022,FWA,IN,AGL,CE,Combined TRACON& Tower with Radar,16,21,10,1,48,0,2,31,10,43,16,23,41,11,91,10,0,10,101
07/04/2022,FWA,IN,AGL,CE,Combined TRACON& Tower with Radar,17,20,12,0,49,0,5,17,9,31,17,25,29,9,80,14,2,16,96
07/05/2022,FWA,IN,AGL,CE,Combined TRACON& Tower with Radar,17,27,18,3,65,0,0,3,2,5,17,27,21,5,70,0,0,0,70
07/06/2022,FWA,IN,AGL,CE,Combined TRACON& Tower with Radar,23,19,10,7,59,0,0,2,5,7,23,19,12,12,66,0,0,0,66
07/07/2022,FWA,IN,AGL,CE,Combined TRACON& Tower with Radar,22,22,23,2,69,0,0,48,1,49,22,22,71,3,118,22,0,22,140
07/08/2022,FWA,IN,AGL,CE,Combined TRACON& Tower with Radar,23,22,24,1,70,0,0,10,0,10,23,22,34,1,80,24,0,24,104
07/09/2022,FWA,IN,AGL,CE,Combined TRACON& Tower with Radar,21,28,13,2,64,0,2,38,0,40,21,30,51,2,104,30,0,30,134
07/10/2022,FWA,IN,AGL,CE,Combined TRACON& Tower with Radar,17,18,13,6,54,0,6,37,6,49,17,24,50,12,103,24,0,24,127
07/11/2022,FWA,IN,AGL,CE,Combined TRACON& Tower with Radar,22,23,14,2,61,0,2,15,0,17,22,25,29,2,78,10,0,10,88
07/12/2022,FWA,IN,AGL,CE,Combined TRACON& Tower with Radar,18,24,20,3,65,0,0,20,6,26,18,24,40,9,91,4,0,4,95
07/13/2022,FWA,IN,AGL,CE,Combined TRACON& Tower with Radar,22,24,17,3,66,0,8,39,9,56,22,32,56,12,122,64,4,68,190
07/14/2022,FWA,IN,AGL,CE,Combined TRACON& Tower with Radar,21,22,19,9,71,0,5,22,2,29,21,27,41,11,100,48,0,48,148
07/15/2022,FWA,IN,AGL,CE,Combined TRACON& Tower with Radar,29,24,19,5,77,0,0,12,6,18,29,24,31,11,95,6,0,6,101
07/16/2022,FWA,IN,AGL,CE,Combined TRACON& Tower with Radar,22,26,21,0,69,0,0,10,0,10,22,26,31,0,79,14,0,14,93
07/17/2022,FWA,IN,AGL,CE,Combined TRACON& Tower with Radar,16,23,11,1,51,0,0,2,0,2,16,23,13,1,53,0,0,0,53
07/18/2022,FWA,IN,AGL,CE,Combined TRACON& Tower with Radar,24,25,26,0,75,0,4,19,0,23,24,29,45,0,98,18,0,18,116
07/19/2022,FWA,IN,AGL,CE,Combined TRACON& Tower with Radar,22,21,25,1,69,0,8,34,9,51,22,29,59,10,120,14,4,18,138
07/20/2022,FWA,IN,AGL,CE,Combined TRACON& Tower with Radar,25,25,26,2,78,0,0,19,6,25,25,25,45,8,103,34,0,34,137
07/21/2022,FWA,IN,AGL,CE,Combined TRACON& Tower with Radar,23,25,22,1,71,0,6,36,8,50,23,31,58,9,121,42,0,42,163
07/22/2022,FWA,IN,AGL,CE,Combined TRACON& Tower with Radar,23,21,25,2,71,0,4,33,5,42,23,25,58,7,113,14,0,14,127
07/23/2022,FWA,IN,AGL,CE,Combined TRACON& Tower with Radar,22,28,4,0,54,0,3,9,0,12,22,31,13,0,66,6,0,6,72
07/24/2022,FWA,IN,AGL,CE,Combined TRACON& Tower with Radar,18,18,12,0,48,0,0,13,0,13,18,18,25,0,61,10,0,10,71
07/25/2022,FWA,IN,AGL,CE,Combined TRACON& Tower with Radar,20,21,16,0,57,0,8,47,0,55,20,29,63,0,112,20,0,20,132
07/26/2022,FWA,IN,AGL,CE,Combined TRACON& Tower with Radar,21,27,33,3,84,0,5,18,4,27,21,32,51,7,111,22,2,24,135
07/27/2022,FWA,IN,AGL,CE,Combined TRACON& Tower with Radar,21,34,27,4,86,0,0,2,0,2,21,34,29,4,88,0,0,0,88
07/28/2022,FWA,IN,AGL,CE,Combined TRACON& Tower with Radar,23,25,19,8,75,0,2,31,7,40,23,27,50,15,115,30,0,30,145
07/29/2022,FWA,IN,AGL,CE,Combined TRACON& Tower with Radar,24,33,27,6,90,0,3,30,4,37,24,36,57,10,127,16,2,18,145
07/30/2022,FWA,IN,AGL,CE,Combined TRACON& Tower with Radar,27,23,16,0,66,0,0,26,0,26,27,23,42,0,92,12,0,12,104
07/31/2022,FWA,IN,AGL,CE,Combined TRACON& Tower with Radar,17,21,16,0,54,0,4,16,0,20,17,25,32,0,74,0,0,0,74
08/01/2022,FWA,IN,AGL,CE,Combined TRACON& Tower with Radar,21,23,16,0,60,0,0,15,0,15,21,23,31,0,75,32,0,32,107
08/02/2022,FWA,IN,AGL,CE,Combined TRACON& Tower with Radar,18,30,24,5,77,0,6,24,5,35,18,36,48,10,112,38,0,38,150
08/03/2022,FWA,IN,AGL,CE,Combined TRACON& Tower with Radar,19,34,23,0,76,0,0,8,9,17,19,34,31,9,93,6,4,10,103
08/04/2022,FWA,IN,AGL,CE,Combined TRACON& Tower with Radar,25,25,20,6,76,0,0,9,6,15,25,25,29,12,91,0,12,12,103
08/05/2022,FWA,IN,AGL,CE,Combined TRACON& Tower with Radar,23,37,15,0,75,0,4,12,5,21,23,41,27,5,96,50,0,50,146
08/06/2022,FWA,IN,AGL,CE,Combined TRACON& Tower with Radar,21,24,25,0,70,0,0,6,0,6,21,24,31,0,76,24,0,24,100
08/07/2022,FWA,IN,AGL,CE,Combined TRACON& Tower with Radar,15,22,14,2,53,0,0,9,0,9,15,22,23,2,62,0,10,10,72
08/08/2022,FWA,IN,AGL,CE,Combined TRACON& Tower with Radar,21,23,19,0,63,0,0,13,0,13,21,23,32,0,76,6,0,6,82
08/09/2022,FWA,IN,AGL,CE,Combined TRACON& Tower with Radar,23,23,25,5,76,0,0,8,2,10,23,23,33,7,86,0,0,0,86
08/10/2022,FWA,IN,AGL,CE,Combined TRACON& Tower with Radar,21,27,25,6,79,0,3,35,6,44,21,30,60,12,123,50,0,50,173
08/11/2022,FWA,IN,AGL,CE,Combined TRACON& Tower with Radar,25,23,34,6,88,0,4,21,6,31,25,27,55,12,119,2,4,6,125
08/12/2022,FWA,IN,AGL,CE,Combined TRACON& Tower with Radar,22,21,16,4,63,0,4,43,5,52,22,25,59,9,115,40,0,40,155
08/13/2022,FWA,IN,AGL,CE,Combined TRACON& Tower with Radar,22,22,13,0,57,0,0,15,0,15,22,22,28,0,72,10,0,10,82
08/14/2022,FWA,IN,AGL,CE,Combined TRACON& Tower with Radar,18,23,15,0,56,0,0,2,2,4,18,23,17,2,60,0,0,0,60
08/15/2022,FWA,IN,AGL,CE,Combined TRACON& Tower with Radar,20,19,26,11,76,0,2,13,0,15,20,21,39,11,91,20,4,24,115
08/16/2022,FWA,IN,AGL,CE,Combined TRACON& Tower with Radar,20,19,23,1,63,0,0,19,10,29,20,19,42,11,92,16,4,20,112
08/17/2022,FWA,IN,AGL,CE,Combined TRACON& Tower with Radar,21,17,29,6,73,0,6,18,7,31,21,23,47,13,104,22,4,26,130
08/18/2022,FWA,IN,AGL,CE,Combined TRACON& Tower with Radar,27,21,19,2,69,0,1,27,8,36,27,22,46,10,105,0,0,0,105
08/19/2022,FWA,IN,AGL,CE,Combined TRACON& Tower with Radar,24,25,22,3,74,0,4,21,9,34,24,29,43,12,108,24,2,26,134
08/20/2022,FWA,IN,AGL,CE,Combined TRACON& Tower with Radar,14,21,15,0,50,0,0,5,0,5,14,21,20,0,55,8,0,8,63
08/21/2022,FWA,IN,AGL,CE,Combined TRACON& Tower with Radar,20,21,17,0,58,0,0,3,0,3,20,21,20,0,61,24,0,24,85
08/22/2022,FWA,IN,AGL,CE,Combined TRACON& Tower with Radar,19,21,35,14,89,0,2,19,0,21,19,23,54,14,110,0,0,0,110
08/23/2022,FWA,IN,AGL,CE,Combined TRACON& Tower with Radar,23,19,13,3,58,0,0,33,7,40,23,19,46,10,98,20,10,30,128
08/24/2022,FWA,IN,AGL,CE,Combined TRACON& Tower with Radar,20,21,22,8,71,0,11,52,2,65,20,32,74,10,136,32,0,32,168
08/25/2022,FWA,IN,AGL,CE,Combined TRACON& Tower with Radar,27,20,30,9,86,0,0,13,7,20,27,20,43,16,106,10,12,22,128
08/26/2022,FWA,IN,AGL,CE,Combined TRACON& Tower with Radar,23,23,25,4,75,0,2,30,5,37,23,25,55,9,112,6,4,10,122
08/27/2022,FWA,IN,AGL,CE,Combined TRACON& Tower with Radar,14,24,8,0,46,0,6,26,0,32,14,30,34,0,78,36,0,36,114
08/28/2022,FWA,IN,AGL,CE,Combined TRACON& Tower with Radar,18,19,18,0,55,0,0,20,0,20,18,19,38,0,75,16,0,16,91
08/29/2022,FWA,IN,AGL,CE,Combined TRACON& Tower with Radar,20,22,17,0,59,0,0,5,0,5,20,22,22,0,64,8,0,8,72
08/30/2022,FWA,IN,AGL,CE,Combined TRACON& Tower with Radar,20,18,34,3,75,0,0,14,3,17,20,18,48,6,92,18,0,18,110
08/31/2022,FWA,IN,AGL,CE,Combined TRACON& Tower with Radar,25,21,28,3,77,0,2,49,11,62,25,23,77,14,139,26,0,26,165
09/01/2022,FWA,IN,AGL,CE,Combined TRACON& Tower with Radar,29,20,27,8,84,0,4,28,3,35,29,24,55,11,119,22,0,22,141
09/02/2022,FWA,IN,AGL,CE,Combined TRACON& Tower with Radar,22,15,18,0,55,0,4,33,0,37,22,19,51,0,92,36,0,36,128
09/03/2022,FWA,IN,AGL,CE,Combined TRACON& Tower with Radar,13,18,14,0,45,0,2,33,2,37,13,20,47,2,82,12,0,12,94
09/04/2022,FWA,IN,AGL,CE,Combined TRACON& Tower with Radar,18,15,19,0,52,0,0,2,0,2,18,15,21,0,54,0,0,0,54
09/05/2022,FWA,IN,AGL,CE,Combined TRACON& Tower with Radar,16,24,24,0,64,0,0,3,0,3,16,24,27,0,67,16,0,16,83
09/06/2022,FWA,IN,AGL,CE,Combined TRACON& Tower with Radar,22,24,21,3,70,0,2,6,1,9,22,26,27,4,79,4,0,4,83
09/07/2022,FWA,IN,AGL,CE,Combined TRACON& Tower with Radar,23,19,13,0,55,0,6,18,5,29,23,25,31,5,84,54,12,66,150
09/08/2022,FWA,IN,AGL,CE,Combined TRACON& Tower with Radar,24,26,35,0,85,0,5,38,4,47,24,31,73,4,132,48,0,48,180
09/09/2022,FWA,IN,AGL,CE,Combined TRACON& Tower with Radar,21,24,27,0,72,0,0,35,8,43,21,24,62,8,115,18,0,18,133
09/10/2022,FWA,IN,AGL,CE,Combined TRACON& Tower with Radar,15,24,13,3,55,0,0,25,13,38,15,24,38,16,93,52,12,64,157
09/11/2022,FWA,IN,AGL,CE,Combined TRACON& Tower with Radar,22,18,21,14,75,0,0,2,0,2,22,18,23,14,77,0,0,0,77
09/12/2022,FWA,IN,AGL,CE,Combined TRACON& Tower with Radar,18,23,22,12,75,0,0,5,4,9,18,23,27,16,84,0,4,4,88
09/13/2022,FWA,IN,AGL,CE,Combined TRACON& Tower with Radar,19,28,28,11,86,0,0,0,2,2,19,28,28,13,88,12,0,12,100
09/14/2022,FWA,IN,AGL,CE,Combined TRACON& Tower with Radar,22,18,30,3,73,0,1,26,12,39,22,19,56,15,112,46,0,46,158
09/15/2022,FWA,IN,AGL,CE,Combined TRACON& Tower with Radar,27,27,25,6,85,0,7,19,4,30,27,34,44,10,115,32,6,38,153
09/16/2022,FWA,IN,AGL,CE,Combined TRACON& Tower with Radar,20,24,19,0,63,0,2,46,0,48,20,26,65,0,111,30,0,30,141
09/17/2022,FWA,IN,AGL,CE,Combined TRACON& Tower with Radar,12,20,15,0,47,0,6,16,0,22,12,26,31,0,69,0,0,0,69
09/18/2022,FWA,IN,AGL,CE,Combined TRACON& Tower with Radar,18,22,15,0,55,0,0,26,0,26,18,22,41,0,81,28,0,28,109
09/19/2022,FWA,IN,AGL,CE,Combined TRACON& Tower with Radar,18,29,22,0,69,0,6,17,0,23,18,35,39,0,92,28,0,28,120
09/20/2022,FWA,IN,AGL,CE,Combined TRACON& Tower with Radar,20,23,23,5,71,0,2,23,6,31,20,25,46,11,102,47,10,57,159
09/21/2022,FWA,IN,AGL,CE,Combined TRACON& Tower with Radar,19,18,21,3,61,0,4,8,7,19,19,22,29,10,80,4,0,4,84
09/22/2022,FWA,IN,AGL,CE,Combined TRACON& Tower with Radar,29,23,18,9,79,0,8,52,5,65,29,31,70,14,144,36,2,38,182
09/23/2022,FWA,IN,AGL,CE,Combined TRACON& Tower with Radar,24,28,19,0,71,0,5,31,0,36,24,33,50,0,107,82,0,82,189
09/24/2022,FWA,IN,AGL,CE,Combined TRACON& Tower with Radar,14,24,13,0,51,0,10,21,0,31,14,34,34,0,82,20,0,20,102
09/25/2022,FWA,IN,AGL,CE,Combined TRACON& Tower with Radar,24,30,18,0,72,0,0,4,0,4,24,30,22,0,76,0,0,0,76
09/26/2022,FWA,IN,AGL,CE,Combined TRACON& Tower with Radar,20,23,28,0,71,0,0,13,0,13,20,23,41,0,84,4,0,4,88
09/27/2022,FWA,IN,AGL,CE,Combined TRACON& Tower with Radar,19,23,22,2,66,0,3,14,4,21,19,26,36,6,87,12,8,20,107
09/28/2022,FWA,IN,AGL,CE,Combined TRACON& Tower with Radar,24,26,21,3,74,0,1,17,0,18,24,27,38,3,92,22,0,22,114
09/29/2022,FWA,IN,AGL,CE,Combined TRACON& Tower with Radar,27,27,19,0,73,0,2,42,0,44,27,29,61,0,117,30,0,30,147
09/30/2022,FWA,IN,AGL,CE,Combined TRACON& Tower with Radar,18,29,18,0,65,0,8,48,0,56,18,37,66,0,121,88,0,88,209
10/01/2022,FWA,IN,AGL,CE,Combined TRACON& Tower with Radar,15,18,10,0,43,0,0,12,0,12,15,18,22,0,55,16,0,16,71
10/02/2022,FWA,IN,AGL,CE,Combined TRACON& Tower with Radar,18,23,19,0,60,0,2,14,0,16,18,25,33,0,76,12,0,12,88
10/03/2022,FWA,IN,AGL,CE,Combined TRACON& Tower with Radar,20,27,20,0,67,0,4,32,0,36,20,31,52,0,103,62,0,62,165
10/04/2022,FWA,IN,AGL,CE,Combined TRACON& Tower with Radar,21,18,25,2,66,0,10,24,18,52,21,28,49,20,118,62,0,62,180
10/05/2022,FWA,IN,AGL,CE,Combined TRACON& Tower with Radar,26,19,20,6,71,0,10,42,4,56,26,29,62,10,127,24,0,24,151
10/06/2022,FWA,IN,AGL,CE,Combined TRACON& Tower with Radar,31,19,20,1,71,0,6,26,6,38,31,25,46,7,109,20,0,20,129
10/07/2022,FWA,IN,AGL,CE,Combined TRACON& Tower with Radar,30,24,24,0,78,0,2,18,0,20,30,26,42,0,98,32,0,32,130
10/08/2022,FWA,IN,AGL,CE,Combined TRACON& Tower with Radar,28,22,23,0,73,0,0,42,0,42,28,22,65,0,115,28,0,28,143
10/09/2022,FWA,IN,AGL,CE,Combined TRACON& Tower with Radar,22,19,9,0,50,0,2,29,0,31,22,21,38,0,81,12,0,12,93
10/10/2022,FWA,IN,AGL,CE,Combined TRACON& Tower with Radar,24,20,17,0,61,0,2,34,0,36,24,22,51,0,97,6,0,6,103
10/11/2022,FWA,IN,AGL,CE,Combined TRACON& Tower with Radar,24,19,20,3,66,0,0,15,4,19,24,19,35,7,85,14,2,16,101
10/12/2022,FWA,IN,AGL,CE,Combined TRACON& Tower with Radar,26,25,18,5,74,0,0,4,7,11,26,25,22,12,85,6,0,6,91
10/13/2022,FWA,IN,AGL,CE,Combined TRACON& Tower with Radar,30,17,27,0,74,0,2,21,8,31,30,19,48,8,105,8,0,8,113
10/14/2022,FWA,IN,AGL,CE,Combined TRACON& Tower with Radar,26,17,17,13,73,0,4,15,10,29,26,21,32,23,102,28,22,50,152
10/15/2022,FWA,IN,AGL,CE,Combined TRACON& Tower with Radar,24,19,29,0,72,0,0,18,4,22,24,19,47,4,94,18,6,24,118
10/16/2022,FWA,IN,AGL,CE,Combined TRACON& Tower with Radar,22,17,14,5,58,0,2,17,6,25,22,19,31,11,83,6,0,6,89
10/17/2022,FWA,IN,AGL,CE,Combined TRACON& Tower with Radar,24,20,28,3,75,0,0,1,6,7,24,20,29,9,82,0,0,0,82
10/18/2022,FWA,IN,AGL,CE,Combined TRACON& Tower with Radar,23,29,23,5,80,0,0,0,0,0,23,29,23,5,80,0,0,0,80
10/19/2022,FWA,IN,AGL,CE,Combined TRACON& Tower with Radar,24,24,20,4,72,0,0,10,5,15,24,24,30,9,87,0,2,2,89
10/20/2022,FWA,IN,AGL,CE,Combined TRACON& Tower with Radar,35,26,23,7,91,0,17,51,6,74,35,43,74,13,165,72,4,76,241
10/21/2022,FWA,IN,AGL,CE,Combined TRACON& Tower with Radar,28,18,16,0,62,0,2,26,0,28,28,20,42,0,90,8,0,8,98
10/22/2022,FWA,IN,AGL,CE,Combined TRACON& Tower with Radar,24,20,11,0,55,0,2,23,0,25,24,22,34,0,80,8,0,8,88
10/23/2022,FWA,IN,AGL,CE,Combined TRACON& Tower with Radar,27,15,24,0,66,0,0,16,0,16,27,15,40,0,82,8,0,8,90
10/24/2022,FWA,IN,AGL,CE,Combined TRACON& Tower with Radar,23,18,24,0,65,0,2,44,6,52,23,20,68,6,117,54,0,54,171
10/25/2022,FWA,IN,AGL,CE,Combined TRACON& Tower with Radar,26,19,21,3,69,0,0,7,8,15,26,19,28,11,84,4,0,4,88
10/26/2022,FWA,IN,AGL,CE,Combined TRACON& Tower with Radar,36,24,20,4,84,0,0,0,4,4,36,24,20,8,88,4,0,4,92
10/27/2022,FWA,IN,AGL,CE,Combined TRACON& Tower with Radar,36,23,10,2,71,0,1,41,7,49,36,24,51,9,120,18,4,22,142
10/28/2022,FWA,IN,AGL,CE,Combined TRACON& Tower with Radar,32,25,17,4,78,0,2,40,4,46,32,27,57,8,124,6,0,6,130
10/29/2022,FWA,IN,AGL,CE,Combined TRACON& Tower with Radar,24,21,15,0,60,0,4,23,0,27,24,25,38,0,87,12,0,12,99
10/30/2022,FWA,IN,AGL,CE,Combined TRACON& Tower with Radar,19,24,13,0,56,0,2,21,0,23,19,26,34,0,79,12,0,12,91
10/31/2022,FWA,IN,AGL,CE,Combined TRACON& Tower with Radar,19,27,41,0,87,0,0,1,0,1,19,27,42,0,88,2,0,2,90
11/01/2022,FWA,IN,AGL,CE,Combined TRACON& Tower with Radar,26,18,31,11,86,0,2,25,5,32,26,20,56,16,118,36,8,44,162
11/02/2022,FWA,IN,AGL,CE,Combined TRACON& Tower with Radar,24,13,16,5,58,0,0,14,8,22,24,13,30,13,80,22,0,22,102
11/03/2022,FWA,IN,AGL,CE,Combined TRACON& Tower with Radar,29,21,38,6,94,0,14,57,2,73,29,35,95,8,167,74,0,74,241
11/04/2022,FWA,IN,AGL,CE,Combined TRACON& Tower with Radar,24,24,36,6,90,0,4,20,8,32,24,28,56,14,122,10,2,12,134
11/05/2022,FWA,IN,AGL,CE,Combined TRACON& Tower with Radar,22,18,7,3,50,0,0,0,4,4,22,18,7,7,54,0,0,0,54
11/06/2022,FWA,IN,AGL,CE,Combined TRACON& Tower with Radar,18,20,16,4,58,0,4,17,2,23,18,24,33,6,81,48,2,50,131
11/07/2022,FWA,IN,AGL,CE,Combined TRACON& Tower with Radar,20,16,26,8,70,0,4,34,4,42,20,20,60,12,112,18,0,18,130
11/08/2022,FWA,IN,AGL,CE,Combined TRACON& Tower with Radar,20,21,31,6,78,0,7,30,4,41,20,28,61,10,119,24,0,24,143
11/09/2022,FWA,IN,AGL,CE,Combined TRACON& Tower with Radar,25,19,18,6,68,0,4,33,6,43,25,23,51,12,111,30,2,32,143
11/10/2022,FWA,IN,AGL,CE,Combined TRACON& Tower with Radar,18,29,28,0,75,0,4,31,0,35,18,33,59,0,110,33,0,33,143
11/11/2022,FWA,IN,AGL,CE,Combined TRACON& Tower with Radar,23,23,23,0,69,0,6,4,0,10,23,29,27,0,79,6,0,6,85
11/12/2022,FWA,IN,AGL,CE,Combined TRACON& Tower with Radar,21,22,5,0,48,0,0,0,0,0,21,22,5,0,48,0,0,0,48
11/13/2022,FWA,IN,AGL,CE,Combined TRACON& Tower with Radar,20,17,9,0,46,0,0,12,0,12,20,17,21,0,58,8,0,8,66
11/14/2022,FWA,IN,AGL,CE,Combined TRACON& Tower with Radar,22,24,31,0,77,0,7,56,0,63,22,31,87,0,140,58,0,58,198
11/15/2022,FWA,IN,AGL,CE,Combined TRACON& Tower with Radar,24,21,17,12,74,0,0,10,9,19,24,21,27,21,93,0,6,6,99
11/16/2022,FWA,IN,AGL,CE,Combined TRACON& Tower with Radar,26,26,41,5,98,0,0,12,6,18,26,26,53,11,116,6,0,6,122
11/17/2022,FWA,IN,AGL,CE,Combined TRACON& Tower with Radar,25,23,19,9,76,0,0,1,2,3,25,23,20,11,79,0,0,0,79
11/18/2022,FWA,IN,AGL,CE,Combined TRACON& Tower with Radar,25,26,16,3,70,0,0,6,7,13,25,26,22,10,83,0,0,0,83
11/19/2022,FWA,IN,AGL,CE,Combined TRACON& Tower with Radar,23,26,9,0,58,0,1,1,0,2,23,27,10,0,60,0,2,2,62
11/20/2022,FWA,IN,AGL,CE,Combined TRACON& Tower with Radar,18,23,16,0,57,0,0,37,0,37,18,23,53,0,94,28,0,28,122
11/21/2022,FWA,IN,AGL,CE,Combined TRACON& Tower with Radar,22,23,15,5,65,0,4,26,1,31,22,27,41,6,96,24,0,24,120
11/22/2022,FWA,IN,AGL,CE,Combined TRACON& Tower with Radar,28,23,38,6,95,0,0,47,6,53,28,23,85,12,148,44,16,60,208
11/23/2022,FWA,IN,AGL,CE,Combined TRACON& Tower with Radar,32,19,23,13,87,0,2,33,1,36,32,21,56,14,123,26,0,26,149
11/24/2022,FWA,IN,AGL,CE,Combined TRACON& Tower with Radar,12,11,2,0,25,0,0,11,0,11,12,11,13,0,36,0,0,0,36
11/25/2022,FWA,IN,AGL,CE,Combined TRACON& Tower with Radar,21,24,11,0,56,0,0,9,0,9,21,24,20,0,65,2,0,2,67
11/26/2022,FWA,IN,AGL,CE,Combined TRACON& Tower with Radar,20,20,8,0,48,0,0,8,0,8,20,20,16,0,56,24,0,24,80
11/27/2022,FWA,IN,AGL,CE,Combined TRACON& Tower with Radar,25,19,6,0,50,0,0,0,0,0,25,19,6,0,50,0,0,0,50
11/28/2022,FWA,IN,AGL,CE,Combined TRACON& Tower with Radar,27,16,16,0,59,0,0,16,0,16,27,16,32,0,75,14,0,14,89
11/29/2022,FWA,IN,AGL,CE,Combined TRACON& Tower with Radar,21,21,26,6,74,0,0,9,5,14,21,21,35,11,88,0,0,0,88
11/30/2022,FWA,IN,AGL,CE,Combined TRACON& Tower with Radar,24,16,28,18,86,0,0,2,3,5,24,16,30,21,91,0,20,20,111
12/01/2022,FWA,IN,AGL,CE,Combined TRACON& Tower with Radar,26,21,35,4,86,0,4,48,5,57,26,25,83,9,143,62,0,62,205
12/02/2022,FWA,IN,AGL,CE,Combined TRACON& Tower with Radar,26,20,17,1,64,0,0,21,12,33,26,20,38,13,97,0,0,0,97
12/03/2022,FWA,IN,AGL,CE,Combined TRACON& Tower with Radar,18,16,15,6,55,0,0,11,9,20,18,16,26,15,75,0,2,2,77
12/04/2022,FWA,IN,AGL,CE,Combined TRACON& Tower with Radar,18,16,13,0,47,0,0,36,12,48,18,16,49,12,95,36,4,40,135
12/05/2022,FWA,IN,AGL,CE,Combined TRACON& Tower with Radar,24,23,22,10,79,0,0,19,4,23,24,23,41,14,102,4,0,4,106
12/06/2022,FWA,IN,AGL,CE,Combined TRACON& Tower with Radar,20,22,26,7,75,0,0,4,0,4,20,22,30,7,79,0,0,0,79
12/07/2022,FWA,IN,AGL,CE,Combined TRACON& Tower with Radar,20,19,35,9,83,0,0,0,0,0,20,19,35,9,83,4,0,4,87
12/08/2022,FWA,IN,AGL,CE,Combined TRACON& Tower with Radar,25,21,40,4,90,0,0,7,6,13,25,21,47,10,103,4,0,4,107
12/09/2022,FWA,IN,AGL,CE,Combined TRACON& Tower with Radar,26,21,17,0,64,0,0,0,0,0,26,21,17,0,64,0,0,0,64
12/10/2022,FWA,IN,AGL,CE,Combined TRACON& Tower with Radar,18,17,13,0,48,0,0,0,0,0,18,17,13,0,48,0,0,0,48
12/11/2022,FWA,IN,AGL,CE,Combined TRACON& Tower with Radar,19,18,12,0,49,0,0,0,0,0,19,18,12,0,49,0,0,0,49
12/12/2022,FWA,IN,AGL,CE,Combined TRACON& Tower with Radar,24,18,15,0,57,0,3,22,0,25,24,21,37,0,82,12,0,12,94
12/13/2022,FWA,IN,AGL,CE,Combined TRACON& Tower with Radar,20,18,20,7,65,0,0,8,2,10,20,18,28,9,75,16,0,16,91
12/14/2022,FWA,IN,AGL,CE,Combined TRACON& Tower with Radar,22,27,15,7,71,0,0,0,0,0,22,27,15,7,71,0,0,0,71
12/15/2022,FWA,IN,AGL,CE,Combined TRACON& Tower with Radar,26,21,24,1,72,0,0,3,3,6,26,21,27,4,78,24,0,24,102
12/16/2022,FWA,IN,AGL,CE,Combined TRACON& Tower with Radar,24,16,21,0,61,0,0,2,9,11,24,16,23,9,72,0,0,0,72
12/17/2022,FWA,IN,AGL,CE,Combined TRACON& Tower with Radar,22,14,8,0,44,0,0,2,0,2,22,14,10,0,46,2,0,2,48
12/18/2022,FWA,IN,AGL,CE,Combined TRACON& Tower with Radar,16,14,4,0,34,0,0,1,0,1,16,14,5,0,35,2,0,2,37
12/19/2022,FWA,IN,AGL,CE,Combined TRACON& Tower with Radar,24,22,18,11,75,0,1,5,0,6,24,23,23,11,81,0,0,0,81
12/20/2022,FWA,IN,AGL,CE,Combined TRACON& Tower with Radar,26,18,23,4,71,0,10,40,7,57,26,28,63,11,128,60,0,60,188
12/21/2022,FWA,IN,AGL,CE,Combined TRACON& Tower with Radar,26,21,18,3,68,0,0,23,2,25,26,21,41,5,93,66,0,66,159
12/22/2022,FWA,IN,AGL,CE,Combined TRACON& Tower with Radar,24,13,12,2,51,0,0,1,6,7,24,13,13,8,58,0,0,0,58
12/23/2022,FWA,IN,AGL,CE,Combined TRACON& Tower with Radar,6,0,6,0,12,0,0,0,0,0,6,0,6,0,12,0,0,0,12
12/24/2022,FWA,IN,AGL,CE,Combined TRACON& Tower with Radar,17,13,6,0,36,0,0,1,0,1,17,13,7,0,37,0,0,0,37
12/25/2022,FWA,IN,AGL,CE,Combined TRACON& Tower with Radar,15,18,3,0,36,0,0,3,0,3,15,18,6,0,39,12,0,12,51
12/26/2022,FWA,IN,AGL,CE,Combined TRACON& Tower with Radar,17,17,28,0,62,0,0,7,0,7,17,17,35,0,69,16,0,16,85
12/27/2022,FWA,IN,AGL,CE,Combined TRACON& Tower with Radar,22,18,25,0,65,0,0,6,0,6,22,18,31,0,71,0,0,0,71
12/28/2022,FWA,IN,AGL,CE,Combined TRACON& Tower with Radar,24,14,10,0,48,0,2,18,4,24,24,16,28,4,72,6,0,6,78
12/29/2022,FWA,IN,AGL,CE,Combined TRACON& Tower with Radar,26,21,8,2,57,0,0,0,2,2,26,21,8,4,59,0,0,0,59
12/30/2022,FWA,IN,AGL,CE,Combined TRACON& Tower with Radar,24,22,20,2,68,0,0,0,1,1,24,22,20,3,69,0,0,0,69
12/31/2022,FWA,IN,AGL,CE,Combined TRACON& Tower with Radar,22,14,25,0,61,0,0,0,0,0,22,14,25,0,61,0,0,0,61
01/01/2023,FWA,IN,AGL,CE,Combined TRACON& Tower with Radar,14,14,7,0,35,0,0,0,0,0,14,14,7,0,35,0,0,0,35
01/02/2023,FWA,IN,AGL,CE,Combined TRACON& Tower with Radar,17,15,18,0,50,0,0,0,0,0,17,15,18,0,50,0,0,0,50
01/03/2023,FWA,IN,AGL,CE,Combined TRACON& Tower with Radar,23,18,25,0,66,0,0,0,0,0,23,18,25,0,66,0,0,0,66
01/04/2023,FWA,IN,AGL,CE,Combined TRACON& Tower with Radar,27,33,51,0,111,0,0,26,0,26,27,33,77,0,137,62,0,62,199
01/05/2023,FWA,IN,AGL,CE,Combined TRACON& Tower with Radar,25,28,14,4,71,0,0,3,4,7,25,28,17,8,78,0,0,0,78
01/06/2023,FWA,IN,AGL,CE,Combined TRACON& Tower with Radar,26,23,19,8,76,0,0,2,0,2,26,23,21,8,78,0,0,0,78
01/07/2023,FWA,IN,AGL,CE,Combined TRACON& Tower with Radar,18,18,10,0,46,0,0,14,0,14,18,18,24,0,60,52,0,52,112
01/08/2023,FWA,IN,AGL,CE,Combined TRACON& Tower with Radar,16,16,20,0,52,0,0,8,0,8,16,16,28,0,60,10,0,10,70
01/09/2023,FWA,IN,AGL,CE,Combined TRACON& Tower with Radar,19,20,18,0,57,0,4,35,0,39,19,24,53,0,96,50,0,50,146
01/10/2023,FWA,IN,AGL,CE,Combined TRACON& Tower with Radar,20,17,19,1,57,0,2,10,8,20,20,19,29,9,77,20,0,20,97
01/11/2023,FWA,IN,AGL,CE,Combined TRACON& Tower with Radar,21,17,15,4,57,0,0,16,4,20,21,17,31,8,77,34,0,34,111
01/12/2023,FWA,IN,AGL,CE,Combined TRACON& Tower with Radar,25,21,7,0,53,0,0,0,0,0,25,21,7,0,53,0,0,0,53
01/13/2023,FWA,IN,AGL,CE,Combined TRACON& Tower with Radar,25,21,28,0,74,0,0,6,0,6,25,21,34,0,80,26,0,26,106
01/14/2023,FWA,IN,AGL,CE,Combined TRACON& Tower with Radar,20,15,11,0,46,0,4,63,0,67,20,19,74,0,113,38,0,38,151
01/15/2023,FWA,IN,AGL,CE,Combined TRACON& Tower with Radar,14,19,15,0,48,0,2,33,0,35,14,21,48,0,83,30,0,30,113
01/16/2023,FWA,IN,AGL,CE,Combined TRACON& Tower with Radar,22,22,11,0,55,0,0,10,0,10,22,22,21,0,65,14,0,14,79
01/17/2023,FWA,IN,AGL,CE,Combined TRACON& Tower with Radar,21,29,16,7,73,0,0,2,7,9,21,29,18,14,82,0,2,2,84
01/18/2023,FWA,IN,AGL,CE,Combined TRACON& Tower with Radar,22,23,18,8,71,0,0,8,6,14,22,23,26,14,85,10,0,10,95
01/19/2023,FWA,IN,AGL,CE,Combined TRACON& Tower with Radar,30,21,14,5,70,0,0,0,2,2,30,21,14,7,72,0,2,2,74
01/20/2023,FWA,IN,AGL,CE,Combined TRACON& Tower with Radar,25,22,16,0,63,0,0,2,0,2,25,22,18,0,65,0,0,0,65
01/21/2023,FWA,IN,AGL,CE,Combined TRACON& Tower with Radar,21,18,9,0,48,0,0,4,0,4,21,18,13,0,52,8,0,8,60
01/22/2023,FWA,IN,AGL,CE,Combined TRACON& Tower with Radar,15,19,10,3,47,0,0,0,0,0,15,19,10,3,47,4,0,4,51
01/23/2023,FWA,IN,AGL,CE,Combined TRACON& Tower with Radar,27,17,20,8,72,0,0,2,0,2,27,17,22,8,74,0,0,0,74
01/24/2023,FWA,IN,AGL,CE,Combined TRACON& Tower with Radar,24,21,32,4,81,0,0,0,0,0,24,21,32,4,81,0,0,0,81
01/25/2023,FWA,IN,AGL,CE,Combined TRACON& Tower with Radar,22,17,7,0,46,0,0,0,0,0,22,17,7,0,46,0,0,0,46
01/26/2023,FWA,IN,AGL,CE,Combined TRACON& Tower with Radar,29,25,22,0,76,0,0,0,0,0,29,25,22,0,76,0,0,0,76
01/27/2023,FWA,IN,AGL,CE,Combined TRACON& Tower with Radar,25,25,12,0,62,0,0,4,0,4,25,25,16,0,66,0,0,0,66
01/28/2023,FWA,IN,AGL,CE,Combined TRACON& Tower with Radar,21,18,11,0,50,0,2,20,0,22,21,20,31,0,72,12,0,12,84
01/29/2023,FWA,IN,AGL,CE,Combined TRACON& Tower with Radar,16,18,11,0,45,0,0,0,0,0,16,18,11,0,45,0,0,0,45
01/30/2023,FWA,IN,AGL,CE,Combined TRACON& Tower with Radar,24,21,15,0,60,0,0,0,0,0,24,21,15,0,60,12,0,12,72
01/31/2023,FWA,IN,AGL,CE,Combined TRACON& Tower with Radar,16,21,29,0,66,0,0,13,5,18,16,21,42,5,84,10,0,10,94
02/01/2023,FWA,IN,AGL,CE,Combined TRACON& Tower with Radar,18,27,27,0,72,0,10,45,0,55,18,37,72,0,127,28,0,28,155
02/02/2023,FWA,IN,AGL,CE,Combined TRACON& Tower with Radar,26,25,16,0,67,0,6,26,2,34,26,31,42,2,101,28,0,28,129
02/03/2023,FWA,IN,AGL,CE,Combined TRACON& Tower with Radar,29,22,23,2,76,0,2,14,0,16,29,24,37,2,92,28,0,28,120
02/04/2023,FWA,IN,AGL,CE,Combined TRACON& Tower with Radar,21,20,18,11,70,0,2,9,1,12,21,22,27,12,82,4,0,4,86
02/05/2023,FWA,IN,AGL,CE,Combined TRACON& Tower with Radar,16,15,5,5,41,0,0,4,0,4,16,15,9,5,45,0,0,0,45
02/06/2023,FWA,IN,AGL,CE,Combined TRACON& Tower with Radar,25,25,17,4,71,0,2,31,1,34,25,27,48,5,105,38,2,40,145
02/07/2023,FWA,IN,AGL,CE,Combined TRACON& Tower with Radar,21,24,19,0,64,0,0,8,4,12,21,24,27,4,76,0,8,8,84
02/08/2023,FWA,IN,AGL,CE,Combined TRACON& Tower with Radar,23,23,21,4,71,0,2,18,5,25,23,25,39,9,96,0,6,6,102
02/09/2023,FWA,IN,AGL,CE,Combined TRACON& Tower with Radar,23,21,12,0,56,0,0,0,0,0,23,21,12,0,56,0,0,0,56
02/10/2023,FWA,IN,AGL,CE,Combined TRACON& Tower with Radar,25,22,19,0,66,0,4,18,0,22,25,26,37,0,88,16,0,16,104
02/11/2023,FWA,IN,AGL,CE,Combined TRACON& Tower with Radar,20,29,14,0,63,0,12,53,0,65,20,41,67,0,128,40,0,40,168
02/12/2023,FWA,IN,AGL,CE,Combined TRACON& Tower with Radar,16,16,4,1,37,0,0,27,2,29,16,16,31,3,66,34,0,34,100
02/13/2023,FWA,IN,AGL,CE,Combined TRACON& Tower with Radar,22,21,24,1,68,0,7,31,0,38,22,28,55,1,106,68,0,68,174
02/14/2023,FWA,IN,AGL,CE,Combined TRACON& Tower with Radar,21,20,12,0,53,0,2,13,4,19,21,22,25,4,72,14,2,16,88
02/15/2023,FWA,IN,AGL,CE,Combined TRACON& Tower with Radar,27,27,9,3,66,0,0,11,7,18,27,27,20,10,84,26,0,26,110
02/16/2023,FWA,IN,AGL,CE,Combined TRACON& Tower with Radar,31,20,19,0,70,0,0,0,0,0,31,20,19,0,70,0,0,0,70
02/17/2023,FWA,IN,AGL,CE,Combined TRACON& Tower with Radar,28,19,13,0,60,0,0,14,0,14,28,19,27,0,74,16,0,16,90
02/18/2023,FWA,IN,AGL,CE,Combined TRACON& Tower with Radar,24,24,9,0,57,0,2,18,0,20,24,26,27,0,77,14,0,14,91
02/19/2023,FWA,IN,AGL,CE,Combined TRACON& Tower with Radar,25,17,17,0,59,0,4,17,0,21,25,21,34,0,80,14,0,14,94
02/20/2023,FWA,IN,AGL,CE,Combined TRACON& Tower with Radar,30,23,27,0,80,0,6,42,0,48,30,29,69,0,128,26,0,26,154
02/21/2023,FWA,IN,AGL,CE,Combined TRACON& Tower with Radar,27,16,23,2,68,0,5,31,6,42,27,21,54,8,110,52,0,52,162
02/22/2023,FWA,IN,AGL,CE,Combined TRACON& Tower with Radar,26,25,21,0,72,0,0,0,0,0,26,25,21,0,72,0,0,0,72
02/23/2023,FWA,IN,AGL,CE,Combined TRACON& Tower with Radar,25,24,19,2,70,0,0,0,2,2,25,24,19,4,72,0,4,4,76
02/24/2023,FWA,IN,AGL,CE,Combined TRACON& Tower with Radar,28,21,17,13,79,0,0,37,7,44,28,21,54,20,123,16,8,24,147
02/25/2023,FWA,IN,AGL,CE,Combined TRACON& Tower with Radar,21,18,15,0,54,0,2,25,0,27,21,20,40,0,81,8,0,8,89
02/26/2023,FWA,IN,AGL,CE,Combined TRACON& Tower with Radar,18,16,11,0,45,0,6,32,0,38,18,22,43,0,83,6,0,6,89
02/27/2023,FWA,IN,AGL,CE,Combined TRACON& Tower with Radar,26,19,15,0,60,0,0,1,0,1,26,19,16,0,61,0,0,0,61
02/28/2023,FWA,IN,AGL,CE,Combined TRACON& Tower with Radar,25,18,19,11,73,0,6,27,1,34,25,24,46,12,107,18,0,18,125
03/01/2023,FWA,IN,AGL,CE,Combined TRACON& Tower with Radar,28,26,17,3,74,0,2,49,5,56,28,28,66,8,130,24,0,24,154
03/02/2023,FWA,IN,AGL,CE,Combined TRACON& Tower with Radar,28,19,26,2,75,0,0,9,6,15,28,19,35,8,90,28,0,28,118
03/03/2023,FWA,IN,AGL,CE,Combined TRACON& Tower with Radar,27,14,6,5,52,0,0,0,0,0,27,14,6,5,52,0,0,0,52
03/04/2023,FWA,IN,AGL,CE,Combined TRACON& Tower with Radar,22,24,7,6,59,0,0,10,2,12,22,24,17,8,71,16,0,16,87
03/05/2023,FWA,IN,AGL,CE,Combined TRACON& Tower with Radar,17,23,19,1,60,0,9,34,7,50,17,32,53,8,110,12,8,20,130
03/06/2023,FWA,IN,AGL,CE,Combined TRACON& Tower with Radar,24,19,26,3,72,0,0,28,3,31,24,19,54,6,103,36,0,36,139
03/07/2023,FWA,IN,AGL,CE,Combined TRACON& Tower with Radar,22,15,19,6,62,1,2,30,3,36,23,17,49,9,98,6,0,6,104
03/08/2023,FWA,IN,AGL,CE,Combined TRACON& Tower with Radar,24,31,16,2,73,0,7,58,5,70,24,38,74,7,143,54,0,54,197
03/09/2023,FWA,IN,AGL,CE,Combined TRACON& Tower with Radar,31,20,22,0,73,0,4,18,1,23,31,24,40,1,96,4,0,4,100
03/10/2023,FWA,IN,AGL,CE,Combined TRACON& Tower with Radar,28,18,7,0,53,0,0,0,0,0,28,18,7,0,53,0,0,0,53
03/11/2023,FWA,IN,AGL,CE,Combined TRACON& Tower with Radar,22,20,15,0,57,0,0,24,0,24,22,20,39,0,81,36,0,36,117
03/12/2023,FWA,IN,AGL,CE,Combined TRACON& Tower with Radar,18,18,3,0,39,0,0,0,0,0,18,18,3,0,39,0,0,0,39
03/13/2023,FWA,IN,AGL,CE,Combined TRACON& Tower with Radar,23,22,13,0,58,0,0,1,0,1,23,22,14,0,59,0,0,0,59
03/14/2023,FWA,IN,AGL,CE,Combined TRACON& Tower with Radar,21,16,16,1,54,0,0,17,2,19,21,16,33,3,73,12,0,12,85
03/15/2023,FWA,IN,AGL,CE,Combined TRACON& Tower with Radar,24,18,32,5,79,0,6,49,7,62,24,24,81,12,141,16,12,28,169
03/16/2023,FWA,IN,AGL,CE,Combined TRACON& Tower with Radar,28,16,18,9,71,0,2,10,3,15,28,18,28,12,86,6,16,22,108
03/17/2023,FWA,IN,AGL,CE,Combined TRACON& Tower with Radar,29,21,12,0,62,0,0,1,0,1,29,21,13,0,63,0,0,0,63
03/18/2023,FWA,IN,AGL,CE,Combined TRACON& Tower with Radar,22,23,2,0,47,0,0,2,0,2,22,23,4,0,49,0,0,0,49
03/19/2023,FWA,IN,AGL,CE,Combined TRACON& Tower with Radar,20,19,17,0,56,0,2,17,0,19,20,21,34,0,75,12,0,12,87
03/20/2023,FWA,IN,AGL,CE,Combined TRACON& Tower with Radar,26,20,15,0,61,0,3,20,0,23,26,23,35,0,84,8,0,8,92
03/21/2023,FWA,IN,AGL,CE,Combined TRACON& Tower with Radar,20,22,20,6,68,0,4,26,6,36,20,26,46,12,104,18,2,20,124
03/22/2023,FWA,IN,AGL,CE,Combined TRACON& Tower with Radar,26,26,18,5,75,0,0,0,0,0,26,26,18,5,75,0,0,0,75
03/23/2023,FWA,IN,AGL,CE,Combined TRACON& Tower with Radar,28,34,22,2,86,0,0,0,0,0,28,34,22,2,86,0,0,0,86
03/24/2023,FWA,IN,AGL,CE,Combined TRACON& Tower with Radar,26,21,22,6,75,0,1,5,9,15,26,22,27,15,90,0,0,0,90
03/25/2023,FWA,IN,AGL,CE,Combined TRACON& Tower with Radar,22,21,6,0,49,0,0,0,0,0,22,21,6,0,49,0,0,0,49
03/26/2023,FWA,IN,AGL,CE,Combined TRACON& Tower with Radar,20,20,25,0,65,0,6,45,0,51,20,26,70,0,116,14,0,14,130
03/27/2023,FWA,IN,AGL,CE,Combined TRACON& Tower with Radar,22,24,16,0,62,0,0,0,0,0,22,24,16,0,62,0,0,0,62
03/28/2023,FWA,IN,AGL,CE,Combined TRACON& Tower with Radar,18,29,19,2,68,0,9,50,4,63,18,38,69,6,131,38,6,44,175
03/29/2023,FWA,IN,AGL,CE,Combined TRACON& Tower with Radar,22,28,16,3,69,0,0,13,2,15,22,28,29,5,84,6,6,12,96
03/30/2023,FWA,IN,AGL,CE,Combined TRACON& Tower with Radar,23,21,26,4,74,0,5,40,4,49,23,26,66,8,123,40,0,40,163
03/31/2023,FWA,IN,AGL,CE,Combined TRACON& Tower with Radar,26,24,16,4,70,0,0,1,1,2,26,24,17,5,72,0,0,0,72
04/01/2023,FWA,IN,AGL,CE,Combined TRACON& Tower with Radar,27,20,6,0,53,0,0,0,2,2,27,20,6,2,55,0,0,0,55
04/02/2023,FWA,IN,AGL,CE,Combined TRACON& Tower with Radar,18,16,15,1,50,0,0,37,0,37,18,16,52,1,87,50,0,50,137
04/03/2023,FWA,IN,AGL,CE,Combined TRACON& Tower with Radar,22,25,14,4,65,0,3,14,0,17,22,28,28,4,82,10,0,10,92
04/04/2023,FWA,IN,AGL,CE,Combined TRACON& Tower with Radar,20,17,10,4,51,0,0,0,0,0,20,17,10,4,51,0,0,0,51
04/05/2023,FWA,IN,AGL,CE,Combined TRACON& Tower with Radar,23,18,10,1,52,0,0,0,0,0,23,18,10,1,52,0,0,0,52
04/06/2023,FWA,IN,AGL,CE,Combined TRACON& Tower with Radar,27,25,18,2,72,0,8,32,0,40,27,33,50,2,112,14,0,14,126
04/07/2023,FWA,IN,AGL,CE,Combined TRACON& Tower with Radar,27,19,19,2,67,0,6,42,4,52,27,25,61,6,119,10,2,12,131
04/08/2023,FWA,IN,AGL,CE,Combined TRACON& Tower with Radar,29,24,17,0,70,0,0,33,0,33,29,24,50,0,103,16,0,16,119
04/09/2023,FWA,IN,AGL,CE,Combined TRACON& Tower with Radar,18,19,0,0,37,0,0,25,0,25,18,19,25,0,62,0,0,0,62
04/10/2023,FWA,IN,AGL,CE,Combined TRACON& Tower with Radar,24,35,16,6,81,0,4,28,0,32,24,39,44,6,113,26,0,26,139
04/11/2023,FWA,IN,AGL,CE,Combined TRACON& Tower with Radar,20,29,23,14,86,0,2,23,4,29,20,31,46,18,115,8,12,20,135
04/12/2023,FWA,IN,AGL,CE,Combined TRACON& Tower with Radar,24,24,21,15,84,0,0,18,13,31,24,24,39,28,115,26,0,26,141
04/13/2023,FWA,IN,AGL,CE,Combined TRACON& Tower with Radar,27,19,28,4,78,0,4,37,4,45,27,23,65,8,123,64,8,72,195
04/14/2023,FWA,IN,AGL,CE,Combined TRACON& Tower with Radar,25,21,11,11,68,0,6,41,7,54,25,27,52,18,122,52,0,52,174
04/15/2023,FWA,IN,AGL,CE,Combined TRACON& Tower with Radar,20,20,11,17,68,0,1,11,8,20,20,21,22,25,88,22,12,34,122
04/16/2023,FWA,IN,AGL,CE,Combined TRACON& Tower with Radar,20,22,18,2,62,0,0,0,1,1,20,22,18,3,63,0,0,0,63
04/17/2023,FWA,IN,AGL,CE,Combined TRACON& Tower with Radar,20,20,12,8,60,0,0,0,0,0,20,20,12,8,60,0,0,0,60
04/18/2023,FWA,IN,AGL,CE,Combined TRACON& Tower with Radar,20,27,23,10,80,0,6,19,4,29,20,33,42,14,109,22,4,26,135
04/19/2023,FWA,IN,AGL,CE,Combined TRACON& Tower with Radar,22,29,20,8,79,0,7,21,3,31,22,36,41,11,110,24,0,24,134
04/20/2023,FWA,IN,AGL,CE,Combined TRACON& Tower with Radar,25,26,14,10,75,0,0,11,1,12,25,26,25,11,87,12,2,14,101
04/21/2023,FWA,IN,AGL,CE,Combined TRACON& Tower with Radar,24,35,15,6,80,0,0,9,0,9,24,35,24,6,89,8,0,8,97
04/22/2023,FWA,IN,AGL,CE,Combined TRACON& Tower with Radar,21,21,12,0,54,0,2,15,0,17,21,23,27,0,71,4,0,4,75
04/23/2023,FWA,IN,AGL,CE,Combined TRACON& Tower with Radar,20,22,9,1,52,0,0,9,0,9,20,22,18,1,61,0,0,0,61
04/24/2023,FWA,IN,AGL,CE,Combined TRACON& Tower with Radar,20,22,22,22,86,0,4,16,0,20,20,26,38,22,106,41,8,49,155
04/25/2023,FWA,IN,AGL,CE,Combined TRACON& Tower with Radar,20,19,26,11,76,0,2,14,1,17,20,21,40,12,93,0,0,0,93
04/26/2023,FWA,IN,AGL,CE,Combined TRACON& Tower with Radar,23,27,28,22,100,0,8,30,0,38,23,35,58,22,138,57,0,57,195
04/27/2023,FWA,IN,AGL,CE,Combined TRACON& Tower with Radar,27,24,25,9,85,0,2,63,3,68,27,26,88,12,153,26,2,28,181
04/28/2023,FWA,IN,AGL,CE,Combined TRACON& Tower with Radar,25,21,24,5,75,0,0,0,0,0,25,21,24,5,75,0,0,0,75
04/29/2023,FWA,IN,AGL,CE,Combined TRACON& Tower with Radar,23,19,21,0,63,0,0,8,0,8,23,19,29,0,71,36,0,36,107
04/30/2023,FWA,IN,AGL,CE,Combined TRACON& Tower with Radar,21,24,12,0,57,0,0,4,0,4,21,24,16,0,61,22,0,22,83
05/01/2023,FWA,IN,AGL,CE,Combined TRACON& Tower with Radar,21,18,27,3,69,0,0,0,0,0,21,18,27,3,69,4,0,4,73
05/02/2023,FWA,IN,AGL,CE,Combined TRACON& Tower with Radar,22,19,29,10,80,0,0,0,4,4,22,19,29,14,84,0,0,0,84
05/03/2023,FWA,IN,AGL,CE,Combined TRACON& Tower with Radar,24,17,18,4,63,0,2,20,6,28,24,19,38,10,91,38,0,38,129
05/04/2023,FWA,IN,AGL,CE,Combined TRACON& Tower with Radar,27,36,22,5,90,0,2,68,0,70,27,38,90,5,160,36,0,36,196
05/05/2023,FWA,IN,AGL,CE,Combined TRACON& Tower with Radar,23,21,32,8,84,0,6,40,0,46,23,27,72,8,130,42,6,48,178
05/06/2023,FWA,IN,AGL,CE,Combined TRACON& Tower with Radar,22,20,14,3,59,0,4,18,4,26,22,24,32,7,85,83,32,115,200
05/07/2023,FWA,IN,AGL,CE,Combined TRACON& Tower with Radar,22,24,12,2,60,0,0,12,2,14,22,24,24,4,74,6,0,6,80
05/08/2023,FWA,IN,AGL,CE,Combined TRACON& Tower with Radar,21,23,34,9,87,0,0,0,1,1,21,23,34,10,88,14,10,24,112
05/09/2023,FWA,IN,AGL,CE,Combined TRACON& Tower with Radar,23,19,23,14,79,0,6,28,2,36,23,25,51,16,115,10,0,10,125
05/10/2023,FWA,IN,AGL,CE,Combined TRACON& Tower with Radar,24,25,22,8,79,0,0,28,1,29,24,25,50,9,108,30,0,30,138
05/11/2023,FWA,IN,AGL,CE,Combined TRACON& Tower with Radar,28,34,26,8,96,0,4,41,8,53,28,38,67,16,149,24,0,24,173
05/12/2023,FWA,IN,AGL,CE,Combined TRACON& Tower with Radar,26,21,11,8,66,0,0,7,0,7,26,21,18,8,73,0,8,8,81
05/13/2023,FWA,IN,AGL,CE,Combined TRACON& Tower with Radar,22,14,13,0,49,0,0,7,0,7,22,14,20,0,56,8,0,8,64
05/14/2023,FWA,IN,AGL,CE,Combined TRACON& Tower with Radar,22,29,10,0,61,0,0,9,0,9,22,29,19,0,70,14,0,14,84
05/15/2023,FWA,IN,AGL,CE,Combined TRACON& Tower with Radar,22,20,14,2,58,0,4,37,0,41,22,24,51,2,99,44,0,44,143
05/16/2023,FWA,IN,AGL,CE,Combined TRACON& Tower with Radar,23,18,27,4,72,0,2,35,6,43,23,20,62,10,115,20,4,24,139
05/17/2023,FWA,IN,AGL,CE,Combined TRACON& Tower with Radar,27,17,35,6,85,0,8,35,5,48,27,25,70,11,133,34,4,38,171
05/18/2023,FWA,IN,AGL,CE,Combined TRACON& Tower with Radar,28,25,30,2,85,0,2,34,4,40,28,27,64,6,125,16,0,16,141
05/19/2023,FWA,IN,AGL,CE,Combined TRACON& Tower with Radar,24,23,17,4,68,0,2,6,0,8,24,25,23,4,76,22,0,22,98
05/20/2023,FWA,IN,AGL,CE,Combined TRACON& Tower with Radar,20,19,10,0,49,0,5,25,2,32,20,24,35,2,81,40,0,40,121
05/21/2023,FWA,IN,AGL,CE,Combined TRACON& Tower with Radar,22,16,7,0,45,0,8,27,0,35,22,24,34,0,80,24,0,24,104
05/22/2023,FWA,IN,AGL,CE,Combined TRACON& Tower with Radar,24,20,20,6,70,0,5,25,0,30,24,25,45,6,100,16,0,16,116
05/23/2023,FWA,IN,AGL,CE,Combined TRACON& Tower with Radar,20,15,22,9,66,0,2,41,6,49,20,17,63,15,115,8,8,16,131
05/24/2023,FWA,IN,AGL,CE,Combined TRACON& Tower with Radar,29,28,28,8,93,0,6,29,5,40,29,34,57,13,133,28,0,28,161
05/25/2023,FWA,IN,AGL,CE,Combined TRACON& Tower with Radar,29,20,38,7,94,0,5,25,7,37,29,25,63,14,131,20,4,24,155
05/26/2023,FWA,IN,AGL,CE,Combined TRACON& Tower with Radar,30,27,15,0,72,0,4,35,2,41,30,31,50,2,113,50,0,50,163
05/27/2023,FWA,IN,AGL,CE,Combined TRACON& Tower with Radar,22,20,12,0,54,0,6,22,0,28,22,26,34,0,82,34,0,34,116
05/28/2023,FWA,IN,AGL,CE,Combined TRACON& Tower with Radar,22,16,8,0,46,0,2,14,0,16,22,18,22,0,62,2,0,2,64
05/29/2023,FWA,IN,AGL,CE,Combined TRACON& Tower with Radar,22,21,3,0,46,0,2,14,0,16,22,23,17,0,62,6,0,6,68
05/30/2023,FWA,IN,AGL,CE,Combined TRACON& Tower with Radar,22,16,16,3,57,0,8,20,2,30,22,24,36,5,87,34,4,38,125
05/31/2023,FWA,IN,AGL,CE,Combined TRACON& Tower with Radar,28,21,19,4,72,0,6,41,4,51,28,27,60,8,123,52,2,54,177
06/01/2023,FWA,IN,AGL,CE,Combined TRACON& Tower with Radar,32,21,20,4,77,0,4,20,3,27,32,25,40,7,104,24,16,40,144
06/02/2023,FWA,IN,AGL,CE,Combined TRACON& Tower with Radar,30,19,12,5,66,0,8,66,4,78,30,27,78,9,144,20,6,26,170
06/03/2023,FWA,IN,AGL,CE,Combined TRACON& Tower with Radar,25,19,14,0,58,0,2,28,9,39,25,21,42,9,97,40,14,54,151
06/04/2023,FWA,IN,AGL,CE,Combined TRACON& Tower with Radar,24,16,17,0,57,0,0,26,0,26,24,16,43,0,83,24,0,24,107
06/05/2023,FWA,IN,AGL,CE,Combined TRACON& Tower with Radar,28,23,22,8,81,0,17,57,2,76,28,40,79,10,157,66,0,66,223
06/06/2023,FWA,IN,AGL,CE,Combined TRACON& Tower with Radar,24,24,24,3,75,0,4,17,4,25,24,28,41,7,100,14,0,14,114
06/07/2023,FWA,IN,AGL,CE,Combined TRACON& Tower with Radar,26,20,20,2,68,0,2,28,3,33,26,22,48,5,101,28,4,32,133
06/08/2023,FWA,IN,AGL,CE,Combined TRACON& Tower with Radar,30,19,24,10,83,0,4,49,8,61,30,23,73,18,144,50,6,56,200
06/09/2023,FWA,IN,AGL,CE,Combined TRACON& Tower with Radar,30,20,27,14,91,0,2,32,0,34,30,22,59,14,125,24,6,30,155
06/10/2023,FWA,IN,AGL,CE,Combined TRACON& Tower with Radar,24,24,12,1,61,0,4,30,0,34,24,28,42,1,95,26,0,26,121
06/11/2023,FWA,IN,AGL,CE,Combined TRACON& Tower with Radar,23,15,7,1,46,0,0,9,0,9,23,15,16,1,55,8,0,8,63
06/12/2023,FWA,IN,AGL,CE,Combined TRACON& Tower with Radar,26,26,42,7,101,0,5,8,0,13,26,31,50,7,114,8,14,22,136
06/13/2023,FWA,IN,AGL,CE,Combined TRACON& Tower with Radar,23,18,25,12,78,0,0,0,4,4,23,18,25,16,82,8,0,8,90
06/14/2023,FWA,IN,AGL,CE,Combined TRACON& Tower with Radar,28,20,28,8,84,0,6,17,0,23,28,26,45,8,107,24,0,24,131
06/15/2023,FWA,IN,AGL,CE,Combined TRACON& Tower with Radar,32,26,23,3,84,0,2,15,1,18,32,28,38,4,102,6,0,6,108
06/16/2023,FWA,IN,AGL,CE,Combined TRACON& Tower with Radar,29,31,24,1,85,0,2,15,0,17,29,33,39,1,102,32,0,32,134
06/17/2023,FWA,IN,AGL,CE,Combined TRACON& Tower with Radar,31,22,10,0,63,0,0,26,0,26,31,22,36,0,89,12,0,12,101
06/18/2023,FWA,IN,AGL,CE,Combined TRACON& Tower with Radar,24,26,17,0,67,0,2,12,0,14,24,28,29,0,81,16,0,16,97
06/19/2023,FWA,IN,AGL,CE,Combined TRACON& Tower with Radar,26,22,13,8,69,0,8,29,2,39,26,30,42,10,108,44,0,44,152
06/20/2023,FWA,IN,AGL,CE,Combined TRACON& Tower with Radar,24,21,18,1,64,0,2,14,0,16,24,23,32,1,80,2,0,2,82
06/21/2023,FWA,IN,AGL,CE,Combined TRACON& Tower with Radar,25,19,22,10,76,0,0,30,5,35,25,19,52,15,111,18,2,20,131
06/22/2023,FWA,IN,AGL,CE,Combined TRACON& Tower with Radar,31,24,27,10,92,0,2,40,4,46,31,26,67,14,138,26,0,26,164
06/23/2023,FWA,IN,AGL,CE,Combined TRACON& Tower with Radar,30,17,19,4,70,0,2,9,0,11,30,19,28,4,81,32,0,32,113
06/24/2023,FWA,IN,AGL,CE,Combined TRACON& Tower with Radar,29,21,9,4,63,0,4,26,0,30,29,25,35,4,93,10,0,10,103
06/25/2023,FWA,IN,AGL,CE,Combined TRACON& Tower with Radar,23,17,16,0,56,0,2,2,0,4,23,19,18,0,60,12,0,12,72
06/26/2023,FWA,IN,AGL,CE,Combined TRACON& Tower with Radar,29,20,14,2,65,0,0,4,0,4,29,20,18,2,69,0,0,0,69
06/27/2023,FWA,IN,AGL,CE,Combined TRACON& Tower with Radar,21,21,37,13,92,0,0,0,0,0,21,21,37,13,92,0,0,0,92
06/28/2023,FWA,IN,AGL,CE,Combined TRACON& Tower with Radar,27,23,43,4,97,0,0,1,0,1,27,23,44,4,98,0,0,0,98
06/29/2023,FWA,IN,AGL,CE,Combined TRACON& Tower with Radar,31,22,46,15,114,0,0,10,1,11,31,22,56,16,125,12,4,16,141
06/30/2023,FWA,IN,AGL,CE,Combined TRACON& Tower with Radar,29,22,49,11,111,0,0,1,0,1,29,22,50,11,112,0,0,0,112
07/01/2023,FWA,IN,AGL,CE,Combined TRACON& Tower with Radar,28,17,14,0,59,0,2,5,0,7,28,19,19,0,66,6,0,6,72
07/02/2023,FWA,IN,AGL,CE,Combined TRACON& Tower with Radar,24,15,10,0,49,0,2,5,0,7,24,17,15,0,56,28,0,28,84
07/03/2023,FWA,IN,AGL,CE,Combined TRACON& Tower with Radar,25,15,19,0,59,0,4,6,0,10,25,19,25,0,69,34,0,34,103
07/04/2023,FWA,IN,AGL,CE,Combined TRACON& Tower with Radar,16,8,7,0,31,0,0,19,2,21,16,8,26,2,52,0,4,4,56
07/05/2023,FWA,IN,AGL,CE,Combined TRACON& Tower with Radar,23,25,18,4,70,0,0,31,0,31,23,25,49,4,101,46,0,46,147
07/06/2023,FWA,IN,AGL,CE,Combined TRACON& Tower with Radar,24,26,37,3,90,0,2,23,1,26,24,28,60,4,116,22,6,28,144
07/07/2023,FWA,IN,AGL,CE,Combined TRACON& Tower with Radar,24,26,31,29,110,0,3,51,1,55,24,29,82,30,165,56,26,82,247
07/08/2023,FWA,IN,AGL,CE,Combined TRACON& Tower with Radar,24,24,15,0,63,0,2,0,6,8,24,26,15,6,71,20,0,20,91
07/09/2023,FWA,IN,AGL,CE,Combined TRACON& Tower with Radar,20,24,17,0,61,0,5,36,0,41,20,29,53,0,102,10,52,62,164
07/10/2023,FWA,IN,AGL,CE,Combined TRACON& Tower with Radar,25,31,16,5,77,0,4,38,1,43,25,35,54,6,120,38,2,40,160
07/11/2023,FWA,IN,AGL,CE,Combined TRACON& Tower with Radar,20,28,18,4,70,0,1,27,0,28,20,29,45,4,98,0,0,0,98
07/12/2023,FWA,IN,AGL,CE,Combined TRACON& Tower with Radar,25,20,23,3,71,0,0,7,0,7,25,20,30,3,78,14,0,14,92
07/13/2023,FWA,IN,AGL,CE,Combined TRACON& Tower with Radar,26,22,23,6,77,0,0,32,10,42,26,22,55,16,119,46,0,46,165
07/14/2023,FWA,IN,AGL,CE,Combined TRACON& Tower with Radar,24,31,24,1,80,0,6,18,2,26,24,37,42,3,106,12,0,12,118
07/15/2023,FWA,IN,AGL,CE,Combined TRACON& Tower with Radar,24,23,13,2,62,0,0,10,0,10,24,23,23,2,72,10,0,10,82
07/16/2023,FWA,IN,AGL,CE,Combined TRACON& Tower with Radar,22,23,19,0,64,0,0,3,0,3,22,23,22,0,67,0,0,0,67
07/17/2023,FWA,IN,AGL,CE,Combined TRACON& Tower with Radar,24,29,8,4,65,0,0,7,0,7,24,29,15,4,72,6,0,6,78
07/18/2023,FWA,IN,AGL,CE,Combined TRACON& Tower with Radar,20,26,19,8,73,0,4,30,0,34,20,30,49,8,107,34,0,34,141
07/19/2023,FWA,IN,AGL,CE,Combined TRACON& Tower with Radar,24,28,12,11,75,0,2,37,0,39,24,30,49,11,114,8,0,8,122
07/20/2023,FWA,IN,AGL,CE,Combined TRACON& Tower with Radar,26,29,21,8,84,0,1,17,0,18,26,30,38,8,102,0,0,0,102
07/21/2023,FWA,IN,AGL,CE,Combined TRACON& Tower with Radar,25,23,31,4,83,0,0,15,0,15,25,23,46,4,98,2,0,2,100
07/22/2023,FWA,IN,AGL,CE,Combined TRACON& Tower with Radar,25,23,20,0,68,0,4,31,2,37,25,27,51,2,105,46,0,46,151
07/23/2023,FWA,IN,AGL,CE,Combined TRACON& Tower with Radar,20,25,5,1,51,0,3,13,2,18,20,28,18,3,69,20,0,20,89
07/24/2023,FWA,IN,AGL,CE,Combined TRACON& Tower with Radar,22,29,17,13,81,0,4,19,0,23,22,33,36,13,104,14,0,14,118
07/25/2023,FWA,IN,AGL,CE,Combined TRACON& Tower with Radar,20,26,28,3,77,0,0,22,0,22,20,26,50,3,99,18,0,18,117
07/26/2023,FWA,IN,AGL,CE,Combined TRACON& Tower with Radar,22,20,26,1,69,0,0,10,2,12,22,20,36,3,81,2,6,8,89
07/27/2023,FWA,IN,AGL,CE,Combined TRACON& Tower with Radar,26,32,31,4,93,0,0,21,2,23,26,32,52,6,116,0,0,0,116
07/28/2023,FWA,IN,AGL,CE,Combined TRACON& Tower with Radar,27,24,28,3,82,0,4,23,0,27,27,28,51,3,109,4,0,4,113
07/29/2023,FWA,IN,AGL,CE,Combined TRACON& Tower with Radar,23,20,11,0,54,0,6,11,2,19,23,26,22,2,73,28,0,28,101
07/30/2023,FWA,IN,AGL,CE,Combined TRACON& Tower with Radar,19,25,17,0,61,0,2,26,0,28,19,27,43,0,89,10,0,10,99
07/31/2023,FWA,IN,AGL,CE,Combined TRACON& Tower with Radar,21,22,25,6,74,0,6,41,0,47,21,28,66,6,121,22,4,26,147
08/01/2023,FWA,IN,AGL,CE,Combined TRACON& Tower with Radar,20,28,15,4,67,0,2,31,0,33,20,30,46,4,100,22,0,22,122
08/02/2023,FWA,IN,AGL,CE,Combined TRACON& Tower with Radar,20,24,21,2,67,0,0,49,2,51,20,24,70,4,118,58,6,64,182
08/03/2023,FWA,IN,AGL,CE,Combined TRACON& Tower with Radar,31,28,24,2,85,0,2,48,0,50,31,30,72,2,135,77,0,77,212
08/04/2023,FWA,IN,AGL,CE,Combined TRACON& Tower with Radar,27,22,18,2,69,0,6,50,0,56,27,28,68,2,125,44,2,46,171
08/05/2023,FWA,IN,AGL,CE,Combined TRACON& Tower with Radar,21,15,6,0,42,0,0,15,0,15,21,15,21,0,57,0,0,0,57
08/06/2023,FWA,IN,AGL,CE,Combined TRACON& Tower with Radar,22,24,22,0,68,0,0,1,0,1,22,24,23,0,69,0,0,0,69
08/07/2023,FWA,IN,AGL,CE,Combined TRACON& Tower with Radar,26,21,26,2,75,0,2,13,0,15,26,23,39,2,90,16,0,16,106
08/08/2023,FWA,IN,AGL,CE,Combined TRACON& Tower with Radar,22,27,26,5,80,0,7,33,0,40,22,34,59,5,120,26,0,26,146
08/09/2023,FWA,IN,AGL,CE,Combined TRACON& Tower with Radar,21,21,11,2,55,0,0,4,2,6,21,21,15,4,61,6,0,6,67
08/10/2023,FWA,IN,AGL,CE,Combined TRACON& Tower with Radar,29,19,33,7,88,0,2,17,0,19,29,21,50,7,107,32,0,32,139
08/11/2023,FWA,IN,AGL,CE,Combined TRACON& Tower with Radar,29,20,23,6,78,0,5,18,0,23,29,25,41,6,101,50,0,50,151
08/12/2023,FWA,IN,AGL,CE,Combined TRACON& Tower with Radar,19,15,8,0,42,0,8,13,0,21,19,23,21,0,63,34,0,34,97
08/13/2023,FWA,IN,AGL,CE,Combined TRACON& Tower with Radar,24,22,21,0,67,0,16,41,0,57,24,38,62,0,124,50,0,50,174
08/14/2023,FWA,IN,AGL,CE,Combined TRACON& Tower with Radar,25,23,16,5,69,0,2,8,0,10,25,25,24,5,79,18,0,18,97
08/15/2023,FWA,IN,AGL,CE,Combined TRACON& Tower with Radar,22,22,28,5,77,0,0,5,0,5,22,22,33,5,82,0,0,0,82
08/16/2023,FWA,IN,AGL,CE,Combined TRACON& Tower with Radar,24,28,33,10,95,0,3,54,5,62,24,31,87,15,157,28,0,28,185
08/17/2023,FWA,IN,AGL,CE,Combined TRACON& Tower with Radar,30,18,25,0,73,0,0,6,0,6,30,18,31,0,79,4,0,4,83
08/18/2023,FWA,IN,AGL,CE,Combined TRACON& Tower with Radar,26,24,28,0,78,0,4,28,0,32,26,28,56,0,110,26,0,26,136
08/19/2023,FWA,IN,AGL,CE,Combined TRACON& Tower with Radar,18,19,4,0,41,0,6,27,0,33,18,25,31,0,74,44,0,44,118
08/20/2023,FWA,IN,AGL,CE,Combined TRACON& Tower with Radar,26,19,20,0,65,0,0,12,0,12,26,19,32,0,77,40,0,40,117
08/21/2023,FWA,IN,AGL,CE,Combined TRACON& Tower with Radar,22,23,29,0,74,0,4,6,0,10,22,27,35,0,84,12,0,12,96
08/22/2023,FWA,IN,AGL,CE,Combined TRACON& Tower with Radar,22,30,27,2,81,0,6,19,0,25,22,36,46,2,106,0,0,0,106
08/23/2023,FWA,IN,AGL,CE,Combined TRACON& Tower with Radar,22,20,28,6,76,0,2,26,0,28,22,22,54,6,104,40,6,46,150
08/24/2023,FWA,IN,AGL,CE,Combined TRACON& Tower with Radar,30,21,29,15,95,0,1,12,0,13,30,22,41,15,108,18,0,18,126
08/25/2023,FWA,IN,AGL,CE,Combined TRACON& Tower with Radar,26,21,43,3,93,0,2,10,0,12,26,23,53,3,105,58,0,58,163
08/26/2023,FWA,IN,AGL,CE,Combined TRACON& Tower with Radar,18,21,8,3,50,0,5,14,0,19,18,26,22,3,69,8,0,8,77
08/27/2023,FWA,IN,AGL,CE,Combined TRACON& Tower with Radar,24,20,19,0,63,0,3,17,0,20,24,23,36,0,83,22,0,22,105
08/28/2023,FWA,IN,AGL,CE,Combined TRACON& Tower with Radar,21,18,24,2,65,0,4,30,8,42,21,22,54,10,107,24,0,24,131
08/29/2023,FWA,IN,AGL,CE,Combined TRACON& Tower with Radar,23,16,20,2,61,0,2,33,0,35,23,18,53,2,96,0,0,0,96
08/30/2023,FWA,IN,AGL,CE,Combined TRACON& Tower with Radar,22,23,26,22,93,0,2,18,0,20,22,25,44,22,113,40,0,40,153
08/31/2023,FWA,IN,AGL,CE,Combined TRACON& Tower with Radar,30,26,50,5,111,0,0,29,0,29,30,26,79,5,140,26,0,26,166
