01/01/2000,FXE,FL,ASO,ES,Towers with Display (VFR),0,7,75,0,82,0,0,191,0,191,0,7,266,0,273,124,0,124,397
01/02/2000,FXE,FL,ASO,ES,Towers with Display (VFR),0,21,200,0,221,0,0,407,0,407,0,21,607,0,628,76,0,76,704
01/03/2000,FXE,FL,ASO,ES,Towers with Display (VFR),0,31,188,0,219,0,6,326,0,332,0,37,514,0,551,86,0,86,637
01/04/2000,FXE,FL,ASO,ES,Towers with Display (VFR),0,31,190,0,221,0,27,319,0,346,0,58,509,0,567,118,0,118,685
01/05/2000,FXE,FL,ASO,ES,Towers with Display (VFR),0,27,164,0,191,0,2,241,0,243,0,29,405,0,434,76,0,76,510
01/06/2000,FXE,FL,ASO,ES,Towers with Display (VFR),0,28,176,0,204,0,13,323,0,336,0,41,499,0,540,88,0,88,628
01/07/2000,FXE,FL,ASO,ES,Towers with Display (VFR),0,37,230,0,267,0,11,400,0,411,0,48,630,0,678,52,0,52,730
01/08/2000,FXE,FL,ASO,ES,Towers with Display (VFR),0,16,135,0,151,0,0,433,0,433,0,16,568,0,584,220,0,220,804
01/09/2000,FXE,FL,ASO,ES,Towers with Display (VFR),0,11,117,0,128,0,0,378,0,378,0,11,495,0,506,238,0,238,744
01/10/2000,FXE,FL,ASO,ES,Towers with Display (VFR),0,26,163,0,189,0,1,368,0,369,0,27,531,0,558,190,0,190,748
01/11/2000,FXE,FL,ASO,ES,Towers with Display (VFR),0,27,170,0,197,0,18,325,0,343,0,45,495,0,540,146,0,146,686
01/12/2000,FXE,FL,ASO,ES,Towers with Display (VFR),0,26,165,0,191,0,11,358,0,369,0,37,523,0,560,184,0,184,744
01/13/2000,FXE,FL,ASO,ES,Towers with Display (VFR),0,27,176,0,203,0,0,422,0,422,0,27,598,0,625,146,0,146,771
01/14/2000,FXE,FL,ASO,ES,Towers with Display (VFR),0,23,149,0,172,0,15,255,0,270,0,38,404,0,442,10,0,10,452
01/15/2000,FXE,FL,ASO,ES,Towers with Display (VFR),0,18,144,0,162,0,0,172,0,172,0,18,316,0,334,104,0,104,438
01/16/2000,FXE,FL,ASO,ES,Towers with Display (VFR),0,14,143,0,157,0,0,398,0,398,0,14,541,0,555,202,0,202,757
01/17/2000,FXE,FL,ASO,ES,Towers with Display (VFR),0,18,184,0,202,0,0,423,0,423,0,18,607,0,625,192,0,192,817
01/18/2000,FXE,FL,ASO,ES,Towers with Display (VFR),0,27,175,0,202,0,21,385,0,406,0,48,560,0,608,122,0,122,730
01/19/2000,FXE,FL,ASO,ES,Towers with Display (VFR),0,24,152,0,176,0,28,356,0,384,0,52,508,0,560,200,0,200,760
01/20/2000,FXE,FL,ASO,ES,Towers with Display (VFR),0,23,151,0,174,0,15,285,0,300,0,38,436,0,474,90,0,90,564
01/21/2000,FXE,FL,ASO,ES,Towers with Display (VFR),0,28,183,0,211,0,17,460,0,477,0,45,643,0,688,190,0,190,878
01/22/2000,FXE,FL,ASO,ES,Towers with Display (VFR),0,24,154,0,178,0,30,473,0,503,0,54,627,0,681,206,0,206,887
01/23/2000,FXE,FL,ASO,ES,Towers with Display (VFR),0,16,137,0,153,0,0,399,0,399,0,16,536,0,552,216,0,216,768
01/24/2000,FXE,FL,ASO,ES,Towers with Display (VFR),0,17,107,0,124,0,8,122,0,130,0,25,229,0,254,86,0,86,340
01/25/2000,FXE,FL,ASO,ES,Towers with Display (VFR),0,25,163,0,188,0,11,306,0,317,0,36,469,0,505,174,0,174,679
01/26/2000,FXE,FL,ASO,ES,Towers with Display (VFR),0,26,166,0,192,0,21,314,0,335,0,47,480,0,527,78,0,78,605
01/27/2000,FXE,FL,ASO,ES,Towers with Display (VFR),0,33,223,0,256,0,0,423,5,428,0,33,646,5,684,154,0,154,838
01/28/2000,FXE,FL,ASO,ES,Towers with Display (VFR),0,32,206,0,238,0,12,395,0,407,0,44,601,0,645,180,0,180,825
01/29/2000,FXE,FL,ASO,ES,Towers with Display (VFR),0,15,144,0,159,0,0,420,0,420,0,15,564,0,579,238,0,238,817
01/30/2000,FXE,FL,ASO,ES,Towers with Display (VFR),0,11,127,0,138,0,0,376,1,377,0,11,503,1,515,260,0,260,775
01/31/2000,FXE,FL,ASO,ES,Towers with Display (VFR),0,30,191,0,221,0,1,292,0,293,0,31,483,0,514,160,0,160,674
02/01/2000,FXE,FL,ASO,ES,Towers with Display (VFR),0,22,172,0,194,0,7,288,0,295,0,29,460,0,489,150,0,150,639
02/02/2000,FXE,FL,ASO,ES,Towers with Display (VFR),0,23,180,0,203,0,4,235,0,239,0,27,415,0,442,148,0,148,590
02/03/2000,FXE,FL,ASO,ES,Towers with Display (VFR),0,29,234,0,263,0,2,269,0,271,0,31,503,0,534,92,0,92,626
02/04/2000,FXE,FL,ASO,ES,Towers with Display (VFR),0,24,190,0,214,0,8,389,0,397,0,32,579,0,611,169,0,169,780
02/05/2000,FXE,FL,ASO,ES,Towers with Display (VFR),0,13,121,0,134,0,0,551,0,551,0,13,672,0,685,217,0,217,902
02/06/2000,FXE,FL,ASO,ES,Towers with Display (VFR),0,7,141,0,148,0,0,439,0,439,0,7,580,0,587,238,0,238,825
02/07/2000,FXE,FL,ASO,ES,Towers with Display (VFR),0,26,208,0,234,0,6,371,0,377,0,32,579,0,611,168,0,168,779
02/08/2000,FXE,FL,ASO,ES,Towers with Display (VFR),0,21,168,0,189,0,5,212,0,217,0,26,380,0,406,156,0,156,562
02/09/2000,FXE,FL,ASO,ES,Towers with Display (VFR),0,21,170,0,191,0,26,333,0,359,0,47,503,0,550,158,0,158,708
02/10/2000,FXE,FL,ASO,ES,Towers with Display (VFR),0,25,201,0,226,0,12,377,0,389,0,37,578,0,615,196,0,196,811
02/11/2000,FXE,FL,ASO,ES,Towers with Display (VFR),0,25,198,0,223,0,15,466,1,482,0,40,664,1,705,110,0,110,815
02/12/2000,FXE,FL,ASO,ES,Towers with Display (VFR),0,14,170,0,184,0,0,468,2,470,0,14,638,2,654,184,0,184,838
02/13/2000,FXE,FL,ASO,ES,Towers with Display (VFR),0,10,145,0,155,0,0,378,0,378,0,10,523,0,533,166,0,166,699
02/14/2000,FXE,FL,ASO,ES,Towers with Display (VFR),0,19,158,0,177,0,3,251,0,254,0,22,409,0,431,100,0,100,531
02/15/2000,FXE,FL,ASO,ES,Towers with Display (VFR),0,25,203,0,228,0,7,331,0,338,0,32,534,0,566,188,0,188,754
02/16/2000,FXE,FL,ASO,ES,Towers with Display (VFR),0,25,205,1,231,0,8,378,0,386,0,33,583,1,617,162,0,162,779
02/17/2000,FXE,FL,ASO,ES,Towers with Display (VFR),0,27,219,0,246,0,5,426,0,431,0,32,645,0,677,138,0,138,815
02/18/2000,FXE,FL,ASO,ES,Towers with Display (VFR),0,26,216,0,242,0,15,388,0,403,0,41,604,0,645,150,0,150,795
02/19/2000,FXE,FL,ASO,ES,Towers with Display (VFR),0,21,175,0,196,0,5,478,2,485,0,26,653,2,681,176,0,176,857
02/20/2000,FXE,FL,ASO,ES,Towers with Display (VFR),0,18,192,0,210,0,0,374,0,374,0,18,566,0,584,210,0,210,794
02/21/2000,FXE,FL,ASO,ES,Towers with Display (VFR),0,20,200,0,220,0,0,392,0,392,0,20,592,0,612,188,0,188,800
02/22/2000,FXE,FL,ASO,ES,Towers with Display (VFR),0,28,232,0,260,0,19,262,0,281,0,47,494,0,541,182,0,182,723
02/23/2000,FXE,FL,ASO,ES,Towers with Display (VFR),0,25,211,0,236,0,28,376,0,404,0,53,587,0,640,154,0,154,794
02/24/2000,FXE,FL,ASO,ES,Towers with Display (VFR),0,25,211,0,236,0,10,346,0,356,0,35,557,0,592,152,0,152,744
02/25/2000,FXE,FL,ASO,ES,Towers with Display (VFR),0,25,212,0,237,0,4,339,0,343,0,29,551,0,580,121,0,121,701
02/26/2000,FXE,FL,ASO,ES,Towers with Display (VFR),0,20,167,0,187,0,1,340,0,341,0,21,507,0,528,176,0,176,704
02/27/2000,FXE,FL,ASO,ES,Towers with Display (VFR),0,10,187,0,197,0,0,447,0,447,0,10,634,0,644,200,0,200,844
02/28/2000,FXE,FL,ASO,ES,Towers with Display (VFR),0,0,6,0,6,0,29,579,0,608,0,29,585,0,614,164,0,164,778
02/29/2000,FXE,FL,ASO,ES,Towers with Display (VFR),0,27,225,0,252,0,15,371,2,388,0,42,596,2,640,178,0,178,818
03/01/2000,FXE,FL,ASO,ES,Towers with Display (VFR),0,24,184,0,208,0,2,446,0,448,0,26,630,0,656,168,0,168,824
03/02/2000,FXE,FL,ASO,ES,Towers with Display (VFR),0,26,200,0,226,0,17,443,0,460,0,43,643,0,686,114,0,114,800
03/03/2000,FXE,FL,ASO,ES,Towers with Display (VFR),0,26,202,0,228,0,16,431,0,447,0,42,633,0,675,190,0,190,865
03/04/2000,FXE,FL,ASO,ES,Towers with Display (VFR),0,20,152,0,172,0,17,466,0,483,0,37,618,0,655,172,0,172,827
03/05/2000,FXE,FL,ASO,ES,Towers with Display (VFR),0,22,171,0,193,0,11,344,0,355,0,33,515,0,548,172,0,172,720
03/06/2000,FXE,FL,ASO,ES,Towers with Display (VFR),0,27,204,0,231,0,2,336,0,338,0,29,540,0,569,160,0,160,729
03/07/2000,FXE,FL,ASO,ES,Towers with Display (VFR),0,29,226,0,255,0,0,390,0,390,0,29,616,0,645,134,0,134,779
03/08/2000,FXE,FL,ASO,ES,Towers with Display (VFR),0,26,204,0,230,0,13,372,0,385,0,39,576,0,615,164,0,164,779
03/09/2000,FXE,FL,ASO,ES,Towers with Display (VFR),0,26,208,0,234,0,13,446,0,459,0,39,654,0,693,122,0,122,815
03/10/2000,FXE,FL,ASO,ES,Towers with Display (VFR),0,26,205,0,231,0,7,377,0,384,0,33,582,0,615,106,0,106,721
03/11/2000,FXE,FL,ASO,ES,Towers with Display (VFR),0,16,166,0,182,0,0,270,0,270,0,16,436,0,452,156,0,156,608
03/12/2000,FXE,FL,ASO,ES,Towers with Display (VFR),0,16,163,1,180,0,0,345,3,348,0,16,508,4,528,132,0,132,660
03/13/2000,FXE,FL,ASO,ES,Towers with Display (VFR),0,27,220,0,247,0,0,374,0,374,0,27,594,0,621,120,0,120,741
03/14/2000,FXE,FL,ASO,ES,Towers with Display (VFR),0,24,188,1,213,0,5,382,3,390,0,29,570,4,603,88,0,88,691
03/15/2000,FXE,FL,ASO,ES,Towers with Display (VFR),0,25,196,0,221,0,18,309,0,327,0,43,505,0,548,127,0,127,675
03/16/2000,FXE,FL,ASO,ES,Towers with Display (VFR),0,21,165,0,186,0,9,349,2,360,0,30,514,2,546,78,0,78,624
03/17/2000,FXE,FL,ASO,ES,Towers with Display (VFR),0,25,202,0,227,0,17,424,0,441,0,42,626,0,668,176,0,176,844
03/18/2000,FXE,FL,ASO,ES,Towers with Display (VFR),0,18,174,0,192,0,0,482,0,482,0,18,656,0,674,232,0,232,906
03/19/2000,FXE,FL,ASO,ES,Towers with Display (VFR),0,12,164,0,176,0,0,75,0,75,0,12,239,0,251,22,0,22,273
03/20/2000,FXE,FL,ASO,ES,Towers with Display (VFR),0,25,196,0,221,0,0,347,0,347,0,25,543,0,568,192,0,192,760
03/21/2000,FXE,FL,ASO,ES,Towers with Display (VFR),0,21,171,0,192,0,26,395,0,421,0,47,566,0,613,174,0,174,787
03/22/2000,FXE,FL,ASO,ES,Towers with Display (VFR),0,28,225,0,253,0,21,418,4,443,0,49,643,4,696,180,0,180,876
03/23/2000,FXE,FL,ASO,ES,Towers with Display (VFR),0,30,236,0,266,0,22,371,0,393,0,52,607,0,659,168,0,168,827
03/24/2000,FXE,FL,ASO,ES,Towers with Display (VFR),0,28,224,0,252,0,4,483,0,487,0,32,707,0,739,117,0,117,856
03/25/2000,FXE,FL,ASO,ES,Towers with Display (VFR),0,18,150,0,168,0,0,446,0,446,0,18,596,0,614,240,0,240,854
03/26/2000,FXE,FL,ASO,ES,Towers with Display (VFR),0,15,158,0,173,0,0,416,0,416,0,15,574,0,589,241,0,241,830
03/27/2000,FXE,FL,ASO,ES,Towers with Display (VFR),0,21,164,0,185,0,15,290,0,305,0,36,454,0,490,194,0,194,684
03/28/2000,FXE,FL,ASO,ES,Towers with Display (VFR),0,23,187,0,210,0,13,368,0,381,0,36,555,0,591,104,0,104,695
03/29/2000,FXE,FL,ASO,ES,Towers with Display (VFR),0,24,194,0,218,0,18,421,0,439,0,42,615,0,657,98,0,98,755
03/30/2000,FXE,FL,ASO,ES,Towers with Display (VFR),0,21,171,0,192,0,19,410,0,429,0,40,581,0,621,148,0,148,769
03/31/2000,FXE,FL,ASO,ES,Towers with Display (VFR),0,21,169,0,190,0,19,380,0,399,0,40,549,0,589,138,0,138,727
04/01/2000,FXE,FL,ASO,ES,Towers with Display (VFR),0,24,156,0,180,0,0,378,0,378,0,24,534,0,558,228,0,228,786
04/02/2000,FXE,FL,ASO,ES,Towers with Display (VFR),0,21,149,0,170,0,0,394,0,394,0,21,543,0,564,241,0,241,805
04/03/2000,FXE,FL,ASO,ES,Towers with Display (VFR),0,27,171,0,198,0,7,295,0,302,0,34,466,0,500,186,0,186,686
04/04/2000,FXE,FL,ASO,ES,Towers with Display (VFR),0,16,96,0,112,0,46,363,2,411,0,62,459,2,523,152,0,152,675
04/05/2000,FXE,FL,ASO,ES,Towers with Display (VFR),0,21,129,0,150,0,35,326,0,361,0,56,455,0,511,114,0,114,625
04/06/2000,FXE,FL,ASO,ES,Towers with Display (VFR),0,31,195,0,226,0,10,439,0,449,0,41,634,0,675,208,0,208,883
04/07/2000,FXE,FL,ASO,ES,Towers with Display (VFR),0,34,214,0,248,0,21,396,0,417,0,55,610,0,665,302,0,302,967
04/08/2000,FXE,FL,ASO,ES,Towers with Display (VFR),0,21,135,0,156,0,5,354,0,359,0,26,489,0,515,142,0,142,657
04/09/2000,FXE,FL,ASO,ES,Towers with Display (VFR),0,19,182,0,201,0,0,354,0,354,0,19,536,0,555,172,0,172,727
04/10/2000,FXE,FL,ASO,ES,Towers with Display (VFR),0,30,190,0,220,0,0,447,0,447,0,30,637,0,667,202,0,202,869
04/11/2000,FXE,FL,ASO,ES,Towers with Display (VFR),0,29,184,0,213,0,2,432,0,434,0,31,616,0,647,216,0,216,863
04/12/2000,FXE,FL,ASO,ES,Towers with Display (VFR),0,27,174,0,201,0,16,232,0,248,0,43,406,0,449,132,0,132,581
04/13/2000,FXE,FL,ASO,ES,Towers with Display (VFR),0,25,158,0,183,0,16,259,0,275,0,41,417,0,458,112,0,112,570
04/14/2000,FXE,FL,ASO,ES,Towers with Display (VFR),0,22,144,0,166,0,12,86,0,98,0,34,230,0,264,20,0,20,284
04/15/2000,FXE,FL,ASO,ES,Towers with Display (VFR),0,16,156,0,172,0,0,311,0,311,0,16,467,0,483,226,0,226,709
04/16/2000,FXE,FL,ASO,ES,Towers with Display (VFR),0,20,129,1,150,0,1,351,0,352,0,21,480,1,502,136,0,136,638
04/17/2000,FXE,FL,ASO,ES,Towers with Display (VFR),0,19,125,0,144,0,10,395,0,405,0,29,520,0,549,266,0,266,815
04/18/2000,FXE,FL,ASO,ES,Towers with Display (VFR),0,21,141,0,162,0,24,422,0,446,0,45,563,0,608,234,0,234,842
04/19/2000,FXE,FL,ASO,ES,Towers with Display (VFR),0,22,144,0,166,0,11,461,2,474,0,33,605,2,640,142,0,142,782
04/20/2000,FXE,FL,ASO,ES,Towers with Display (VFR),0,26,171,0,197,0,15,536,0,551,0,41,707,0,748,193,0,193,941
04/21/2000,FXE,FL,ASO,ES,Towers with Display (VFR),0,18,119,0,137,0,23,503,0,526,0,41,622,0,663,106,0,106,769
04/22/2000,FXE,FL,ASO,ES,Towers with Display (VFR),0,14,110,0,124,0,0,416,0,416,0,14,526,0,540,148,0,148,688
04/23/2000,FXE,FL,ASO,ES,Towers with Display (VFR),0,12,84,0,96,0,1,371,0,372,0,13,455,0,468,258,0,258,726
04/24/2000,FXE,FL,ASO,ES,Towers with Display (VFR),0,26,170,0,196,0,3,373,0,376,0,29,543,0,572,180,0,180,752
04/25/2000,FXE,FL,ASO,ES,Towers with Display (VFR),0,21,140,0,161,0,12,293,0,305,0,33,433,0,466,236,0,236,702
04/26/2000,FXE,FL,ASO,ES,Towers with Display (VFR),0,20,135,0,155,0,16,399,0,415,0,36,534,0,570,144,0,144,714
04/27/2000,FXE,FL,ASO,ES,Towers with Display (VFR),0,23,153,0,176,0,21,478,0,499,0,44,631,0,675,174,0,174,849
04/28/2000,FXE,FL,ASO,ES,Towers with Display (VFR),0,21,141,0,162,0,25,454,0,479,0,46,595,0,641,212,0,212,853
04/29/2000,FXE,FL,ASO,ES,Towers with Display (VFR),0,17,117,0,134,0,4,517,0,521,0,21,634,0,655,218,0,218,873
04/30/2000,FXE,FL,ASO,ES,Towers with Display (VFR),0,21,141,0,162,0,1,365,0,366,0,22,506,0,528,190,0,190,718
05/01/2000,FXE,FL,ASO,ES,Towers with Display (VFR),0,25,176,0,201,0,9,396,0,405,0,34,572,0,606,212,0,212,818
05/02/2000,FXE,FL,ASO,ES,Towers with Display (VFR),0,32,228,0,260,0,6,438,0,444,0,38,666,0,704,209,0,209,913
05/03/2000,FXE,FL,ASO,ES,Towers with Display (VFR),0,30,212,0,242,0,9,386,0,395,0,39,598,0,637,214,0,214,851
05/04/2000,FXE,FL,ASO,ES,Towers with Display (VFR),0,20,143,0,163,0,17,394,1,412,0,37,537,1,575,190,0,190,765
05/05/2000,FXE,FL,ASO,ES,Towers with Display (VFR),0,25,173,0,198,0,36,422,0,458,0,61,595,0,656,150,0,150,806
05/06/2000,FXE,FL,ASO,ES,Towers with Display (VFR),0,14,96,0,110,0,20,255,0,275,0,34,351,0,385,108,0,108,493
05/07/2000,FXE,FL,ASO,ES,Towers with Display (VFR),0,18,125,0,143,0,0,311,0,311,0,18,436,0,454,148,0,148,602
05/08/2000,FXE,FL,ASO,ES,Towers with Display (VFR),0,20,139,0,159,0,10,364,0,374,0,30,503,0,533,249,0,249,782
05/09/2000,FXE,FL,ASO,ES,Towers with Display (VFR),0,24,172,0,196,0,7,408,0,415,0,31,580,0,611,274,0,274,885
05/10/2000,FXE,FL,ASO,ES,Towers with Display (VFR),0,22,151,0,173,0,16,400,0,416,0,38,551,0,589,181,0,181,770
05/11/2000,FXE,FL,ASO,ES,Towers with Display (VFR),0,21,146,0,167,0,17,454,0,471,0,38,600,0,638,232,0,232,870
05/12/2000,FXE,FL,ASO,ES,Towers with Display (VFR),0,22,159,0,181,0,18,440,0,458,0,40,599,0,639,207,0,207,846
05/13/2000,FXE,FL,ASO,ES,Towers with Display (VFR),0,10,113,0,123,0,0,418,0,418,0,10,531,0,541,196,0,196,737
05/14/2000,FXE,FL,ASO,ES,Towers with Display (VFR),0,3,106,0,109,0,0,354,0,354,0,3,460,0,463,223,0,223,686
05/15/2000,FXE,FL,ASO,ES,Towers with Display (VFR),0,17,122,0,139,0,10,320,0,330,0,27,442,0,469,101,0,101,570
05/16/2000,FXE,FL,ASO,ES,Towers with Display (VFR),0,25,174,0,199,0,16,350,0,366,0,41,524,0,565,208,0,208,773
05/17/2000,FXE,FL,ASO,ES,Towers with Display (VFR),0,23,172,0,195,0,10,370,0,380,0,33,542,0,575,258,0,258,833
05/18/2000,FXE,FL,ASO,ES,Towers with Display (VFR),0,27,198,0,225,0,3,461,0,464,0,30,659,0,689,211,0,211,900
05/19/2000,FXE,FL,ASO,ES,Towers with Display (VFR),0,26,192,0,218,0,13,520,0,533,0,39,712,0,751,152,0,152,903
05/20/2000,FXE,FL,ASO,ES,Towers with Display (VFR),0,14,136,0,150,0,0,429,0,429,0,14,565,0,579,256,0,256,835
05/21/2000,FXE,FL,ASO,ES,Towers with Display (VFR),0,16,116,0,132,0,0,386,0,386,0,16,502,0,518,152,0,152,670
05/22/2000,FXE,FL,ASO,ES,Towers with Display (VFR),0,23,174,0,197,0,7,382,0,389,0,30,556,0,586,146,0,146,732
05/23/2000,FXE,FL,ASO,ES,Towers with Display (VFR),0,19,145,0,164,0,16,350,0,366,0,35,495,0,530,150,0,150,680
05/24/2000,FXE,FL,ASO,ES,Towers with Display (VFR),0,23,174,0,197,0,25,406,0,431,0,48,580,0,628,151,0,151,779
05/25/2000,FXE,FL,ASO,ES,Towers with Display (VFR),0,24,174,0,198,0,2,405,0,407,0,26,579,0,605,149,0,149,754
05/26/2000,FXE,FL,ASO,ES,Towers with Display (VFR),0,23,171,0,194,0,11,523,0,534,0,34,694,0,728,285,0,285,1013
05/27/2000,FXE,FL,ASO,ES,Towers with Display (VFR),0,13,123,0,136,0,0,428,0,428,0,13,551,0,564,273,0,273,837
05/28/2000,FXE,FL,ASO,ES,Towers with Display (VFR),0,3,102,0,105,0,0,308,0,308,0,3,410,0,413,231,0,231,644
05/29/2000,FXE,FL,ASO,ES,Towers with Display (VFR),0,4,105,0,109,0,0,299,0,299,0,4,404,0,408,208,0,208,616
05/30/2000,FXE,FL,ASO,ES,Towers with Display (VFR),0,23,167,0,190,0,11,258,1,270,0,34,425,1,460,116,0,116,576
05/31/2000,FXE,FL,ASO,ES,Towers with Display (VFR),0,20,151,0,171,0,17,292,1,310,0,37,443,1,481,272,0,272,753
06/01/2000,FXE,FL,ASO,ES,Towers with Display (VFR),0,23,139,0,162,0,12,396,0,408,0,35,535,0,570,128,0,128,698
06/02/2000,FXE,FL,ASO,ES,Towers with Display (VFR),0,23,139,0,162,0,23,414,0,437,0,46,553,0,599,212,0,212,811
06/03/2000,FXE,FL,ASO,ES,Towers with Display (VFR),0,10,111,0,121,0,0,374,0,374,0,10,485,0,495,248,0,248,743
06/04/2000,FXE,FL,ASO,ES,Towers with Display (VFR),0,7,117,0,124,0,0,382,0,382,0,7,499,0,506,274,0,274,780
06/05/2000,FXE,FL,ASO,ES,Towers with Display (VFR),0,19,117,0,136,0,7,308,0,315,0,26,425,0,451,192,0,192,643
06/06/2000,FXE,FL,ASO,ES,Towers with Display (VFR),0,16,100,0,116,0,12,266,2,280,0,28,366,2,396,96,0,96,492
06/07/2000,FXE,FL,ASO,ES,Towers with Display (VFR),0,24,148,0,172,0,24,361,0,385,0,48,509,0,557,180,0,180,737
06/08/2000,FXE,FL,ASO,ES,Towers with Display (VFR),0,25,156,0,181,0,19,297,4,320,0,44,453,4,501,114,0,114,615
06/09/2000,FXE,FL,ASO,ES,Towers with Display (VFR),0,25,157,0,182,0,12,384,0,396,0,37,541,0,578,144,0,144,722
06/10/2000,FXE,FL,ASO,ES,Towers with Display (VFR),0,11,137,0,148,0,0,439,0,439,0,11,576,0,587,196,0,196,783
06/11/2000,FXE,FL,ASO,ES,Towers with Display (VFR),0,14,112,0,126,0,0,94,0,94,0,14,206,0,220,60,0,60,280
06/12/2000,FXE,FL,ASO,ES,Towers with Display (VFR),0,25,159,0,184,0,8,361,0,369,0,33,520,0,553,168,0,168,721
06/13/2000,FXE,FL,ASO,ES,Towers with Display (VFR),0,26,168,0,194,0,18,362,0,380,0,44,530,0,574,204,0,204,778
06/14/2000,FXE,FL,ASO,ES,Towers with Display (VFR),0,27,175,0,202,0,11,430,0,441,0,38,605,0,643,200,0,200,843
06/15/2000,FXE,FL,ASO,ES,Towers with Display (VFR),0,25,161,0,186,0,4,429,0,433,0,29,590,0,619,186,0,186,805
06/16/2000,FXE,FL,ASO,ES,Towers with Display (VFR),0,22,142,0,164,0,34,456,0,490,0,56,598,0,654,262,0,262,916
06/17/2000,FXE,FL,ASO,ES,Towers with Display (VFR),0,17,114,0,131,0,1,369,0,370,0,18,483,0,501,222,0,222,723
06/18/2000,FXE,FL,ASO,ES,Towers with Display (VFR),0,11,96,0,107,0,0,338,0,338,0,11,434,0,445,162,0,162,607
06/19/2000,FXE,FL,ASO,ES,Towers with Display (VFR),0,21,137,0,158,0,1,338,0,339,0,22,475,0,497,178,0,178,675
06/20/2000,FXE,FL,ASO,ES,Towers with Display (VFR),0,22,143,0,165,0,14,338,0,352,0,36,481,0,517,199,0,199,716
06/21/2000,FXE,FL,ASO,ES,Towers with Display (VFR),0,25,160,0,185,0,10,476,0,486,0,35,636,0,671,167,0,167,838
06/22/2000,FXE,FL,ASO,ES,Towers with Display (VFR),0,23,146,0,169,0,18,459,0,477,0,41,605,0,646,228,0,228,874
06/23/2000,FXE,FL,ASO,ES,Towers with Display (VFR),0,24,156,0,180,0,13,469,0,482,0,37,625,0,662,214,0,214,876
06/24/2000,FXE,FL,ASO,ES,Towers with Display (VFR),0,22,140,0,162,0,4,440,0,444,0,26,580,0,606,282,0,282,888
06/25/2000,FXE,FL,ASO,ES,Towers with Display (VFR),0,6,122,0,128,0,0,290,0,290,0,6,412,0,418,236,0,236,654
06/26/2000,FXE,FL,ASO,ES,Towers with Display (VFR),0,23,149,0,172,0,8,315,0,323,0,31,464,0,495,322,0,322,817
06/27/2000,FXE,FL,ASO,ES,Towers with Display (VFR),0,23,147,0,170,0,11,251,0,262,0,34,398,0,432,222,0,222,654
06/28/2000,FXE,FL,ASO,ES,Towers with Display (VFR),0,29,184,0,213,0,23,412,0,435,0,52,596,0,648,266,0,266,914
06/29/2000,FXE,FL,ASO,ES,Towers with Display (VFR),0,25,165,0,190,0,11,404,0,415,0,36,569,0,605,270,0,270,875
06/30/2000,FXE,FL,ASO,ES,Towers with Display (VFR),0,22,143,0,165,0,15,463,0,478,0,37,606,0,643,155,0,155,798
07/01/2000,FXE,FL,ASO,ES,Towers with Display (VFR),0,22,123,0,145,0,27,326,0,353,0,49,449,0,498,192,0,192,690
07/02/2000,FXE,FL,ASO,ES,Towers with Display (VFR),0,7,85,0,92,0,0,240,0,240,0,7,325,0,332,365,0,365,697
07/03/2000,FXE,FL,ASO,ES,Towers with Display (VFR),0,16,90,0,106,0,13,242,0,255,0,29,332,0,361,275,0,275,636
07/04/2000,FXE,FL,ASO,ES,Towers with Display (VFR),0,9,95,0,104,0,0,293,0,293,0,9,388,0,397,128,0,128,525
07/05/2000,FXE,FL,ASO,ES,Towers with Display (VFR),0,25,141,0,166,0,7,333,0,340,0,32,474,0,506,176,0,176,682
07/06/2000,FXE,FL,ASO,ES,Towers with Display (VFR),0,25,146,0,171,0,15,461,0,476,0,40,607,0,647,268,0,268,915
07/07/2000,FXE,FL,ASO,ES,Towers with Display (VFR),0,17,94,0,111,0,18,345,0,363,0,35,439,0,474,210,0,210,684
07/08/2000,FXE,FL,ASO,ES,Towers with Display (VFR),0,20,113,0,133,0,4,441,0,445,0,24,554,0,578,258,0,258,836
07/09/2000,FXE,FL,ASO,ES,Towers with Display (VFR),0,23,132,0,155,0,2,277,0,279,0,25,409,0,434,218,0,218,652
07/10/2000,FXE,FL,ASO,ES,Towers with Display (VFR),0,26,150,0,176,0,20,340,0,360,0,46,490,0,536,188,0,188,724
07/11/2000,FXE,FL,ASO,ES,Towers with Display (VFR),0,22,123,0,145,0,20,405,2,427,0,42,528,2,572,170,0,170,742
07/12/2000,FXE,FL,ASO,ES,Towers with Display (VFR),0,20,112,0,132,0,14,350,0,364,0,34,462,0,496,130,0,130,626
07/13/2000,FXE,FL,ASO,ES,Towers with Display (VFR),0,20,114,0,134,0,13,364,0,377,0,33,478,0,511,228,0,228,739
07/14/2000,FXE,FL,ASO,ES,Towers with Display (VFR),0,19,116,0,135,0,12,451,0,463,0,31,567,0,598,140,0,140,738
07/15/2000,FXE,FL,ASO,ES,Towers with Display (VFR),0,14,88,0,102,0,1,391,0,392,0,15,479,0,494,172,0,172,666
07/16/2000,FXE,FL,ASO,ES,Towers with Display (VFR),0,11,81,0,92,0,0,320,0,320,0,11,401,0,412,210,0,210,622
07/17/2000,FXE,FL,ASO,ES,Towers with Display (VFR),0,13,83,0,96,0,13,340,0,353,0,26,423,0,449,214,0,214,663
07/18/2000,FXE,FL,ASO,ES,Towers with Display (VFR),0,18,107,0,125,0,14,339,1,354,0,32,446,1,479,185,0,185,664
07/19/2000,FXE,FL,ASO,ES,Towers with Display (VFR),0,23,140,0,163,0,11,325,0,336,0,34,465,0,499,140,0,140,639
07/20/2000,FXE,FL,ASO,ES,Towers with Display (VFR),0,24,144,0,168,0,6,419,0,425,0,30,563,0,593,174,0,174,767
07/21/2000,FXE,FL,ASO,ES,Towers with Display (VFR),0,22,136,0,158,0,23,293,0,316,0,45,429,0,474,118,0,118,592
07/22/2000,FXE,FL,ASO,ES,Towers with Display (VFR),0,15,95,0,110,0,18,351,0,369,0,33,446,0,479,192,0,192,671
07/23/2000,FXE,FL,ASO,ES,Towers with Display (VFR),0,19,118,0,137,0,0,313,0,313,0,19,431,0,450,300,0,300,750
07/24/2000,FXE,FL,ASO,ES,Towers with Display (VFR),0,24,144,0,168,0,4,346,0,350,0,28,490,0,518,213,0,213,731
07/25/2000,FXE,FL,ASO,ES,Towers with Display (VFR),0,24,146,0,170,0,8,274,0,282,0,32,420,0,452,192,0,192,644
07/26/2000,FXE,FL,ASO,ES,Towers with Display (VFR),0,23,140,0,163,0,27,273,0,300,0,50,413,0,463,216,0,216,679
07/27/2000,FXE,FL,ASO,ES,Towers with Display (VFR),0,26,157,0,183,0,3,371,0,374,0,29,528,0,557,192,0,192,749
07/28/2000,FXE,FL,ASO,ES,Towers with Display (VFR),0,21,126,0,147,0,8,382,0,390,0,29,508,0,537,182,0,182,719
07/29/2000,FXE,FL,ASO,ES,Towers with Display (VFR),0,14,115,0,129,0,0,360,0,360,0,14,475,0,489,202,0,202,691
07/30/2000,FXE,FL,ASO,ES,Towers with Display (VFR),0,11,102,0,113,0,0,309,0,309,0,11,411,0,422,210,0,210,632
07/31/2000,FXE,FL,ASO,ES,Towers with Display (VFR),0,23,162,0,185,0,0,403,0,403,0,23,565,0,588,196,0,196,784
08/01/2000,FXE,FL,ASO,ES,Towers with Display (VFR),0,24,139,0,163,0,6,299,0,305,0,30,438,0,468,186,0,186,654
08/02/2000,FXE,FL,ASO,ES,Towers with Display (VFR),0,20,115,0,135,0,17,238,1,256,0,37,353,1,391,176,0,176,567
08/03/2000,FXE,FL,ASO,ES,Towers with Display (VFR),0,26,146,0,172,0,1,388,2,391,0,27,534,2,563,178,0,178,741
08/04/2000,FXE,FL,ASO,ES,Towers with Display (VFR),0,28,160,0,188,0,6,435,0,441,0,34,595,0,629,248,0,248,877
08/05/2000,FXE,FL,ASO,ES,Towers with Display (VFR),0,18,127,0,145,0,0,395,0,395,0,18,522,0,540,250,0,250,790
08/06/2000,FXE,FL,ASO,ES,Towers with Display (VFR),0,19,109,0,128,0,8,319,0,327,0,27,428,0,455,232,0,232,687
08/07/2000,FXE,FL,ASO,ES,Towers with Display (VFR),0,22,124,0,146,0,1,367,0,368,0,23,491,0,514,228,0,228,742
08/08/2000,FXE,FL,ASO,ES,Towers with Display (VFR),0,24,134,0,158,0,6,365,0,371,0,30,499,0,529,239,0,239,768
08/09/2000,FXE,FL,ASO,ES,Towers with Display (VFR),0,22,125,0,147,0,16,351,0,367,0,38,476,0,514,168,0,168,682
08/10/2000,FXE,FL,ASO,ES,Towers with Display (VFR),0,21,118,0,139,0,16,385,0,401,0,37,503,0,540,146,0,146,686
08/11/2000,FXE,FL,ASO,ES,Towers with Display (VFR),0,18,104,0,122,0,14,413,3,430,0,32,517,3,552,180,0,180,732
08/12/2000,FXE,FL,ASO,ES,Towers with Display (VFR),0,11,67,0,78,0,0,293,0,293,0,11,360,0,371,220,0,220,591
08/13/2000,FXE,FL,ASO,ES,Towers with Display (VFR),0,9,73,0,82,0,0,348,0,348,0,9,421,0,430,232,0,232,662
08/14/2000,FXE,FL,ASO,ES,Towers with Display (VFR),0,18,110,0,128,0,5,325,0,330,0,23,435,0,458,164,0,164,622
08/15/2000,FXE,FL,ASO,ES,Towers with Display (VFR),0,18,108,0,126,0,17,321,0,338,0,35,429,0,464,270,0,270,734
08/16/2000,FXE,FL,ASO,ES,Towers with Display (VFR),0,29,172,0,201,0,9,372,0,381,0,38,544,0,582,184,0,184,766
08/17/2000,FXE,FL,ASO,ES,Towers with Display (VFR),0,24,142,0,166,0,13,415,0,428,0,37,557,0,594,154,0,154,748
08/18/2000,FXE,FL,ASO,ES,Towers with Display (VFR),0,24,142,0,166,0,9,332,0,341,0,33,474,0,507,178,0,178,685
08/19/2000,FXE,FL,ASO,ES,Towers with Display (VFR),0,10,115,0,125,0,0,396,0,396,0,10,511,0,521,164,0,164,685
08/20/2000,FXE,FL,ASO,ES,Towers with Display (VFR),0,13,129,0,142,0,0,331,0,331,0,13,460,0,473,150,0,150,623
08/21/2000,FXE,FL,ASO,ES,Towers with Display (VFR),0,23,135,0,158,0,5,372,0,377,0,28,507,0,535,182,0,182,717
08/22/2000,FXE,FL,ASO,ES,Towers with Display (VFR),0,25,153,0,178,0,26,338,0,364,0,51,491,0,542,164,0,164,706
08/23/2000,FXE,FL,ASO,ES,Towers with Display (VFR),0,22,131,0,153,0,34,351,0,385,0,56,482,0,538,244,0,244,782
08/24/2000,FXE,FL,ASO,ES,Towers with Display (VFR),0,26,158,0,184,0,29,357,0,386,0,55,515,0,570,224,0,224,794
08/25/2000,FXE,FL,ASO,ES,Towers with Display (VFR),0,24,146,0,170,0,48,336,0,384,0,72,482,0,554,238,0,238,792
08/26/2000,FXE,FL,ASO,ES,Towers with Display (VFR),0,15,92,0,107,0,8,340,0,348,0,23,432,0,455,222,0,222,677
08/27/2000,FXE,FL,ASO,ES,Towers with Display (VFR),0,13,82,0,95,0,6,222,0,228,0,19,304,0,323,268,0,268,591
08/28/2000,FXE,FL,ASO,ES,Towers with Display (VFR),0,10,95,0,105,0,0,247,0,247,0,10,342,0,352,118,0,118,470
08/29/2000,FXE,FL,ASO,ES,Towers with Display (VFR),0,20,122,0,142,0,35,330,0,365,0,55,452,0,507,185,0,185,692
08/30/2000,FXE,FL,ASO,ES,Towers with Display (VFR),0,18,110,0,128,0,17,354,0,371,0,35,464,0,499,272,0,272,771
08/31/2000,FXE,FL,ASO,ES,Towers with Display (VFR),0,19,116,0,135,0,13,315,0,328,0,32,431,0,463,200,0,200,663
09/01/2000,FXE,FL,ASO,ES,Towers with Display (VFR),0,23,149,0,172,0,5,459,0,464,0,28,608,0,636,302,0,302,938
09/02/2000,FXE,FL,ASO,ES,Towers with Display (VFR),0,13,100,0,113,0,0,420,0,420,0,13,520,0,533,264,0,264,797
09/03/2000,FXE,FL,ASO,ES,Towers with Display (VFR),0,11,107,0,118,0,0,262,0,262,0,11,369,0,380,148,0,148,528
09/04/2000,FXE,FL,ASO,ES,Towers with Display (VFR),0,5,99,0,104,0,0,286,0,286,0,5,385,0,390,124,0,124,514
09/05/2000,FXE,FL,ASO,ES,Towers with Display (VFR),0,20,131,0,151,0,5,336,0,341,0,25,467,0,492,216,0,216,708
09/06/2000,FXE,FL,ASO,ES,Towers with Display (VFR),0,16,108,0,124,0,11,222,0,233,0,27,330,0,357,154,0,154,511
09/07/2000,FXE,FL,ASO,ES,Towers with Display (VFR),0,19,122,0,141,0,10,328,0,338,0,29,450,0,479,158,0,158,637
09/08/2000,FXE,FL,ASO,ES,Towers with Display (VFR),0,21,145,0,166,0,0,335,0,335,0,21,480,0,501,154,0,154,655
09/09/2000,FXE,FL,ASO,ES,Towers with Display (VFR),0,8,129,0,137,0,0,409,0,409,0,8,538,0,546,284,0,284,830
09/10/2000,FXE,FL,ASO,ES,Towers with Display (VFR),0,8,102,0,110,0,0,236,0,236,0,8,338,0,346,132,0,132,478
09/11/2000,FXE,FL,ASO,ES,Towers with Display (VFR),0,19,129,0,148,0,25,369,0,394,0,44,498,0,542,200,0,200,742
09/12/2000,FXE,FL,ASO,ES,Towers with Display (VFR),0,26,175,0,201,0,5,343,0,348,0,31,518,0,549,172,0,172,721
09/13/2000,FXE,FL,ASO,ES,Towers with Display (VFR),0,24,165,0,189,0,56,465,0,521,0,80,630,0,710,200,0,200,910
09/14/2000,FXE,FL,ASO,ES,Towers with Display (VFR),0,22,149,0,171,0,22,406,0,428,0,44,555,0,599,274,0,274,873
09/15/2000,FXE,FL,ASO,ES,Towers with Display (VFR),0,18,127,0,145,0,45,310,1,356,0,63,437,1,501,126,0,126,627
09/16/2000,FXE,FL,ASO,ES,Towers with Display (VFR),0,9,75,0,84,0,0,318,0,318,0,9,393,0,402,214,0,214,616
09/17/2000,FXE,FL,ASO,ES,Towers with Display (VFR),0,8,61,0,69,0,3,73,0,76,0,11,134,0,145,44,0,44,189
09/18/2000,FXE,FL,ASO,ES,Towers with Display (VFR),0,18,123,0,141,0,3,328,0,331,0,21,451,0,472,140,0,140,612
09/19/2000,FXE,FL,ASO,ES,Towers with Display (VFR),0,20,139,0,159,0,11,255,6,272,0,31,394,6,431,232,0,232,663
09/20/2000,FXE,FL,ASO,ES,Towers with Display (VFR),0,19,135,0,154,0,8,265,0,273,0,27,400,0,427,180,0,180,607
09/21/2000,FXE,FL,ASO,ES,Towers with Display (VFR),0,23,156,0,179,0,12,392,0,404,0,35,548,0,583,205,0,205,788
09/22/2000,FXE,FL,ASO,ES,Towers with Display (VFR),0,21,142,0,163,0,18,409,0,427,0,39,551,0,590,238,0,238,828
09/23/2000,FXE,FL,ASO,ES,Towers with Display (VFR),0,17,149,0,166,0,0,353,0,353,0,17,502,0,519,312,0,312,831
09/24/2000,FXE,FL,ASO,ES,Towers with Display (VFR),0,5,120,0,125,0,0,343,0,343,0,5,463,0,468,176,0,176,644
09/25/2000,FXE,FL,ASO,ES,Towers with Display (VFR),0,18,125,0,143,0,5,333,0,338,0,23,458,0,481,108,0,108,589
09/26/2000,FXE,FL,ASO,ES,Towers with Display (VFR),0,20,137,0,157,0,29,357,0,386,0,49,494,0,543,244,0,244,787
09/27/2000,FXE,FL,ASO,ES,Towers with Display (VFR),0,23,156,0,179,0,26,393,0,419,0,49,549,0,598,228,0,228,826
09/28/2000,FXE,FL,ASO,ES,Towers with Display (VFR),0,21,146,0,167,0,15,230,0,245,0,36,376,0,412,144,0,144,556
09/29/2000,FXE,FL,ASO,ES,Towers with Display (VFR),0,20,136,0,156,0,7,300,0,307,0,27,436,0,463,175,0,175,638
09/30/2000,FXE,FL,ASO,ES,Towers with Display (VFR),0,14,109,0,123,0,0,378,0,378,0,14,487,0,501,194,0,194,695
10/01/2000,FXE,FL,ASO,ES,Towers with Display (VFR),0,17,92,0,109,0,1,296,0,297,0,18,388,0,406,348,0,348,754
10/02/2000,FXE,FL,ASO,ES,Towers with Display (VFR),0,20,111,0,131,0,3,198,0,201,0,23,309,0,332,128,0,128,460
10/03/2000,FXE,FL,ASO,ES,Towers with Display (VFR),0,19,108,0,127,0,17,42,0,59,0,36,150,0,186,30,0,30,216
10/04/2000,FXE,FL,ASO,ES,Towers with Display (VFR),0,27,151,0,178,0,19,214,0,233,0,46,365,0,411,204,0,204,615
10/05/2000,FXE,FL,ASO,ES,Towers with Display (VFR),0,22,126,0,148,0,10,428,0,438,0,32,554,0,586,182,0,182,768
10/06/2000,FXE,FL,ASO,ES,Towers with Display (VFR),0,25,144,0,169,0,31,367,0,398,0,56,511,0,567,164,0,164,731
10/07/2000,FXE,FL,ASO,ES,Towers with Display (VFR),0,16,92,0,108,0,2,343,0,345,0,18,435,0,453,249,0,249,702
10/08/2000,FXE,FL,ASO,ES,Towers with Display (VFR),0,16,91,0,107,0,0,334,0,334,0,16,425,0,441,231,0,231,672
10/09/2000,FXE,FL,ASO,ES,Towers with Display (VFR),0,13,79,0,92,0,0,133,0,133,0,13,212,0,225,78,0,78,303
10/10/2000,FXE,FL,ASO,ES,Towers with Display (VFR),0,23,126,0,149,0,3,322,0,325,0,26,448,0,474,128,0,128,602
10/11/2000,FXE,FL,ASO,ES,Towers with Display (VFR),0,24,133,0,157,0,12,390,0,402,0,36,523,0,559,188,0,188,747
10/12/2000,FXE,FL,ASO,ES,Towers with Display (VFR),0,30,170,0,200,0,2,342,0,344,0,32,512,0,544,128,0,128,672
10/13/2000,FXE,FL,ASO,ES,Towers with Display (VFR),0,25,139,0,164,0,5,329,0,334,0,30,468,0,498,104,0,104,602
10/14/2000,FXE,FL,ASO,ES,Towers with Display (VFR),0,13,116,0,129,0,0,459,0,459,0,13,575,0,588,280,0,280,868
10/15/2000,FXE,FL,ASO,ES,Towers with Display (VFR),0,6,86,0,92,0,0,257,0,257,0,6,343,0,349,200,0,200,549
10/16/2000,FXE,FL,ASO,ES,Towers with Display (VFR),0,17,101,0,118,0,25,396,0,421,0,42,497,0,539,188,0,188,727
10/17/2000,FXE,FL,ASO,ES,Towers with Display (VFR),0,21,124,0,145,0,11,362,2,375,0,32,486,2,520,296,0,296,816
10/18/2000,FXE,FL,ASO,ES,Towers with Display (VFR),0,19,113,0,132,0,34,362,0,396,0,53,475,0,528,210,0,210,738
10/19/2000,FXE,FL,ASO,ES,Towers with Display (VFR),0,28,165,0,193,0,29,390,0,419,0,57,555,0,612,260,0,260,872
10/20/2000,FXE,FL,ASO,ES,Towers with Display (VFR),0,27,161,0,188,0,9,441,0,450,0,36,602,0,638,250,0,250,888
10/21/2000,FXE,FL,ASO,ES,Towers with Display (VFR),0,17,104,0,121,0,0,323,0,323,0,17,427,0,444,296,0,296,740
10/22/2000,FXE,FL,ASO,ES,Towers with Display (VFR),0,8,103,0,111,0,0,288,0,288,0,8,391,0,399,154,0,154,553
10/23/2000,FXE,FL,ASO,ES,Towers with Display (VFR),0,20,122,0,142,0,6,193,0,199,0,26,315,0,341,56,0,56,397
10/24/2000,FXE,FL,ASO,ES,Towers with Display (VFR),0,21,127,0,148,0,9,213,0,222,0,30,340,0,370,120,0,120,490
10/25/2000,FXE,FL,ASO,ES,Towers with Display (VFR),0,31,183,0,214,0,8,330,0,338,0,39,513,0,552,90,0,90,642
10/26/2000,FXE,FL,ASO,ES,Towers with Display (VFR),0,31,184,0,215,0,3,434,0,437,0,34,618,0,652,176,0,176,828
10/27/2000,FXE,FL,ASO,ES,Towers with Display (VFR),0,31,179,0,210,0,39,485,0,524,0,70,664,0,734,174,0,174,908
10/28/2000,FXE,FL,ASO,ES,Towers with Display (VFR),0,21,122,0,143,0,0,401,0,401,0,21,523,0,544,252,0,252,796
10/29/2000,FXE,FL,ASO,ES,Towers with Display (VFR),0,30,175,0,205,0,11,327,3,341,0,41,502,3,546,183,0,183,729
10/30/2000,FXE,FL,ASO,ES,Towers with Display (VFR),0,29,170,0,199,0,10,322,0,332,0,39,492,0,531,233,0,233,764
10/31/2000,FXE,FL,ASO,ES,Towers with Display (VFR),0,26,150,0,176,0,3,269,0,272,0,29,419,0,448,186,0,186,634
11/01/2000,FXE,FL,ASO,ES,Towers with Display (VFR),0,31,185,0,216,0,15,394,0,409,0,46,579,0,625,182,0,182,807
11/02/2000,FXE,FL,ASO,ES,Towers with Display (VFR),0,31,181,0,212,0,5,402,0,407,0,36,583,0,619,228,0,228,847
11/03/2000,FXE,FL,ASO,ES,Towers with Display (VFR),0,26,157,0,183,0,10,455,0,465,0,36,612,0,648,173,0,173,821
11/04/2000,FXE,FL,ASO,ES,Towers with Display (VFR),0,13,127,0,140,0,0,355,0,355,0,13,482,0,495,278,0,278,773
11/05/2000,FXE,FL,ASO,ES,Towers with Display (VFR),0,13,127,0,140,0,0,382,0,382,0,13,509,0,522,250,0,250,772
11/06/2000,FXE,FL,ASO,ES,Towers with Display (VFR),0,24,149,0,173,0,0,342,0,342,0,24,491,0,515,188,0,188,703
11/07/2000,FXE,FL,ASO,ES,Towers with Display (VFR),0,26,155,0,181,0,23,404,0,427,0,49,559,0,608,195,0,195,803
11/08/2000,FXE,FL,ASO,ES,Towers with Display (VFR),0,31,185,0,216,0,56,434,0,490,0,87,619,0,706,148,0,148,854
11/09/2000,FXE,FL,ASO,ES,Towers with Display (VFR),0,31,185,0,216,0,5,385,0,390,0,36,570,0,606,180,0,180,786
11/10/2000,FXE,FL,ASO,ES,Towers with Display (VFR),0,27,160,0,187,0,31,434,0,465,0,58,594,0,652,168,0,168,820
11/11/2000,FXE,FL,ASO,ES,Towers with Display (VFR),0,16,109,0,125,0,0,397,0,397,0,16,506,0,522,220,0,220,742
11/12/2000,FXE,FL,ASO,ES,Towers with Display (VFR),0,22,134,0,156,0,6,363,0,369,0,28,497,0,525,152,0,152,677
11/13/2000,FXE,FL,ASO,ES,Towers with Display (VFR),0,23,171,0,194,0,0,396,0,396,0,23,567,0,590,214,0,214,804
11/14/2000,FXE,FL,ASO,ES,Towers with Display (VFR),0,19,116,1,136,0,12,394,1,407,0,31,510,2,543,157,0,157,700
11/15/2000,FXE,FL,ASO,ES,Towers with Display (VFR),0,28,171,0,199,0,15,400,0,415,0,43,571,0,614,139,0,139,753
11/16/2000,FXE,FL,ASO,ES,Towers with Display (VFR),0,33,202,0,235,0,9,453,0,462,0,42,655,0,697,130,0,130,827
11/17/2000,FXE,FL,ASO,ES,Towers with Display (VFR),0,20,128,0,148,0,23,411,0,434,0,43,539,0,582,166,0,166,748
11/18/2000,FXE,FL,ASO,ES,Towers with Display (VFR),0,17,116,0,133,0,0,342,0,342,0,17,458,0,475,198,0,198,673
11/19/2000,FXE,FL,ASO,ES,Towers with Display (VFR),0,15,116,0,131,0,0,327,0,327,0,15,443,0,458,156,0,156,614
11/20/2000,FXE,FL,ASO,ES,Towers with Display (VFR),0,25,154,0,179,0,1,212,0,213,0,26,366,0,392,153,0,153,545
11/21/2000,FXE,FL,ASO,ES,Towers with Display (VFR),0,23,143,0,166,0,9,310,2,321,0,32,453,2,487,108,0,108,595
11/22/2000,FXE,FL,ASO,ES,Towers with Display (VFR),0,15,91,0,106,0,17,194,0,211,0,32,285,0,317,140,0,140,457
11/23/2000,FXE,FL,ASO,ES,Towers with Display (VFR),0,30,183,0,213,0,24,430,0,454,0,54,613,0,667,74,0,74,741
11/24/2000,FXE,FL,ASO,ES,Towers with Display (VFR),0,17,110,0,127,0,12,331,0,343,0,29,441,0,470,148,0,148,618
11/25/2000,FXE,FL,ASO,ES,Towers with Display (VFR),0,16,104,0,120,0,12,100,0,112,0,28,204,0,232,74,0,74,306
11/26/2000,FXE,FL,ASO,ES,Towers with Display (VFR),0,31,194,0,225,0,6,249,0,255,0,37,443,0,480,158,0,158,638
11/27/2000,FXE,FL,ASO,ES,Towers with Display (VFR),0,21,134,0,155,0,13,308,0,321,0,34,442,0,476,150,0,150,626
11/28/2000,FXE,FL,ASO,ES,Towers with Display (VFR),0,29,177,0,206,0,31,345,0,376,0,60,522,0,582,166,0,166,748
11/29/2000,FXE,FL,ASO,ES,Towers with Display (VFR),0,31,189,0,220,0,17,407,0,424,0,48,596,0,644,216,0,216,860
11/30/2000,FXE,FL,ASO,ES,Towers with Display (VFR),0,27,164,0,191,0,13,487,0,500,0,40,651,0,691,185,0,185,876
12/01/2000,FXE,FL,ASO,ES,Towers with Display (VFR),0,28,141,0,169,0,0,508,0,508,0,28,649,0,677,178,0,178,855
12/02/2000,FXE,FL,ASO,ES,Towers with Display (VFR),0,19,98,0,117,0,0,579,0,579,0,19,677,0,696,104,0,104,800
12/03/2000,FXE,FL,ASO,ES,Towers with Display (VFR),0,9,80,0,89,0,0,407,0,407,0,9,487,0,496,222,0,222,718
12/04/2000,FXE,FL,ASO,ES,Towers with Display (VFR),0,16,120,0,136,0,0,361,1,362,0,16,481,1,498,120,0,120,618
12/05/2000,FXE,FL,ASO,ES,Towers with Display (VFR),0,25,120,0,145,0,12,279,0,291,0,37,399,0,436,109,0,109,545
12/06/2000,FXE,FL,ASO,ES,Towers with Display (VFR),0,32,156,0,188,0,0,443,0,443,0,32,599,0,631,148,0,148,779
12/07/2000,FXE,FL,ASO,ES,Towers with Display (VFR),0,36,169,0,205,0,3,419,0,422,0,39,588,0,627,166,0,166,793
12/08/2000,FXE,FL,ASO,ES,Towers with Display (VFR),0,34,164,0,198,0,0,415,0,415,0,34,579,0,613,144,0,144,757
12/09/2000,FXE,FL,ASO,ES,Towers with Display (VFR),0,30,134,0,164,0,8,328,2,338,0,38,462,2,502,136,0,136,638
12/10/2000,FXE,FL,ASO,ES,Towers with Display (VFR),0,18,124,0,142,0,0,57,0,57,0,18,181,0,199,10,0,10,209
12/11/2000,FXE,FL,ASO,ES,Towers with Display (VFR),0,23,136,0,159,0,0,259,0,259,0,23,395,0,418,230,0,230,648
12/12/2000,FXE,FL,ASO,ES,Towers with Display (VFR),0,30,142,0,172,0,0,342,0,342,0,30,484,0,514,176,0,176,690
12/13/2000,FXE,FL,ASO,ES,Towers with Display (VFR),0,30,136,0,166,0,6,365,0,371,0,36,501,0,537,186,0,186,723
12/14/2000,FXE,FL,ASO,ES,Towers with Display (VFR),0,41,191,0,232,0,0,347,0,347,0,41,538,0,579,112,0,112,691
12/15/2000,FXE,FL,ASO,ES,Towers with Display (VFR),0,38,177,0,215,0,4,423,2,429,0,42,600,2,644,158,0,158,802
12/16/2000,FXE,FL,ASO,ES,Towers with Display (VFR),0,23,106,0,129,0,9,388,0,397,0,32,494,0,526,182,0,182,708
12/17/2000,FXE,FL,ASO,ES,Towers with Display (VFR),0,19,88,0,107,0,7,312,0,319,0,26,400,0,426,159,0,159,585
12/18/2000,FXE,FL,ASO,ES,Towers with Display (VFR),0,36,169,0,205,0,12,342,0,354,0,48,511,0,559,64,0,64,623
12/19/2000,FXE,FL,ASO,ES,Towers with Display (VFR),0,24,107,0,131,0,20,251,0,271,0,44,358,0,402,56,0,56,458
12/20/2000,FXE,FL,ASO,ES,Towers with Display (VFR),0,30,133,0,163,0,0,359,0,359,0,30,492,0,522,184,0,184,706
12/21/2000,FXE,FL,ASO,ES,Towers with Display (VFR),0,35,158,0,193,0,20,380,0,400,0,55,538,0,593,140,0,140,733
12/22/2000,FXE,FL,ASO,ES,Towers with Display (VFR),0,35,158,0,193,0,12,306,0,318,0,47,464,0,511,147,0,147,658
12/23/2000,FXE,FL,ASO,ES,Towers with Display (VFR),0,17,76,0,93,0,6,255,0,261,0,23,331,0,354,62,0,62,416
12/24/2000,FXE,FL,ASO,ES,Towers with Display (VFR),0,16,119,0,135,0,0,0,1,1,0,16,119,1,136,2,0,2,138
12/25/2000,FXE,FL,ASO,ES,Towers with Display (VFR),0,8,39,0,47,0,4,72,0,76,0,12,111,0,123,16,0,16,139
12/26/2000,FXE,FL,ASO,ES,Towers with Display (VFR),0,42,192,0,234,0,11,252,0,263,0,53,444,0,497,72,0,72,569
12/27/2000,FXE,FL,ASO,ES,Towers with Display (VFR),0,41,189,0,230,0,2,384,0,386,0,43,573,0,616,80,0,80,696
12/28/2000,FXE,FL,ASO,ES,Towers with Display (VFR),0,32,146,0,178,0,47,327,0,374,0,79,473,0,552,78,0,78,630
12/29/2000,FXE,FL,ASO,ES,Towers with Display (VFR),0,36,161,0,197,0,2,366,0,368,0,38,527,0,565,242,0,242,807
12/30/2000,FXE,FL,ASO,ES,Towers with Display (VFR),0,19,100,0,119,0,0,376,0,376,0,19,476,0,495,78,0,78,573
12/31/2000,FXE,FL,ASO,ES,Towers with Display (VFR),0,18,93,0,111,0,0,232,0,232,0,18,325,0,343,112,0,112,455
01/01/2001,FXE,FL,ASO,ES,Towers with Display (VFR),0,24,133,0,157,0,13,248,0,261,0,37,381,0,418,110,0,110,528
01/02/2001,FXE,FL,ASO,ES,Towers with Display (VFR),0,41,230,0,271,0,8,305,0,313,0,49,535,0,584,38,0,38,622
01/03/2001,FXE,FL,ASO,ES,Towers with Display (VFR),0,26,143,0,169,0,18,374,0,392,0,44,517,0,561,152,0,152,713
01/04/2001,FXE,FL,ASO,ES,Towers with Display (VFR),0,25,142,0,167,0,50,317,0,367,0,75,459,0,534,114,0,114,648
01/05/2001,FXE,FL,ASO,ES,Towers with Display (VFR),0,27,151,0,178,0,8,459,0,467,0,35,610,0,645,40,0,40,685
01/06/2001,FXE,FL,ASO,ES,Towers with Display (VFR),0,9,104,0,113,0,0,405,0,405,0,9,509,0,518,202,0,202,720
01/07/2001,FXE,FL,ASO,ES,Towers with Display (VFR),0,13,116,0,129,0,0,439,0,439,0,13,555,0,568,110,0,110,678
01/08/2001,FXE,FL,ASO,ES,Towers with Display (VFR),0,20,108,0,128,0,7,332,0,339,0,27,440,0,467,147,0,147,614
01/09/2001,FXE,FL,ASO,ES,Towers with Display (VFR),0,19,102,0,121,0,14,278,1,293,0,33,380,1,414,244,0,244,658
01/10/2001,FXE,FL,ASO,ES,Towers with Display (VFR),0,27,151,0,178,0,9,355,0,364,0,36,506,0,542,200,0,200,742
01/11/2001,FXE,FL,ASO,ES,Towers with Display (VFR),0,34,191,0,225,0,7,425,0,432,0,41,616,0,657,172,0,172,829
01/12/2001,FXE,FL,ASO,ES,Towers with Display (VFR),0,22,123,0,145,0,14,406,0,420,0,36,529,0,565,185,0,185,750
01/13/2001,FXE,FL,ASO,ES,Towers with Display (VFR),0,11,104,0,115,0,0,372,0,372,0,11,476,0,487,136,0,136,623
01/14/2001,FXE,FL,ASO,ES,Towers with Display (VFR),0,18,117,0,135,0,0,351,0,351,0,18,468,0,486,138,0,138,624
01/15/2001,FXE,FL,ASO,ES,Towers with Display (VFR),0,21,164,0,185,0,0,380,0,380,0,21,544,0,565,120,0,120,685
01/16/2001,FXE,FL,ASO,ES,Towers with Display (VFR),0,26,143,0,169,0,17,354,0,371,0,43,497,0,540,186,0,186,726
01/17/2001,FXE,FL,ASO,ES,Towers with Display (VFR),0,34,197,0,231,0,3,382,0,385,0,37,579,0,616,212,0,212,828
01/18/2001,FXE,FL,ASO,ES,Towers with Display (VFR),0,28,163,0,191,0,4,405,0,409,0,32,568,0,600,146,0,146,746
01/19/2001,FXE,FL,ASO,ES,Towers with Display (VFR),0,29,201,0,230,0,0,333,0,333,0,29,534,0,563,162,0,162,725
01/20/2001,FXE,FL,ASO,ES,Towers with Display (VFR),0,16,93,0,109,0,11,193,0,204,0,27,286,0,313,142,0,142,455
01/21/2001,FXE,FL,ASO,ES,Towers with Display (VFR),0,5,114,0,119,0,0,368,0,368,0,5,482,0,487,180,0,180,667
01/22/2001,FXE,FL,ASO,ES,Towers with Display (VFR),0,27,154,0,181,0,7,52,0,59,0,34,206,0,240,58,0,58,298
01/23/2001,FXE,FL,ASO,ES,Towers with Display (VFR),0,25,146,0,171,0,12,213,0,225,0,37,359,0,396,60,0,60,456
01/24/2001,FXE,FL,ASO,ES,Towers with Display (VFR),0,22,131,0,153,0,43,444,0,487,0,65,575,0,640,188,0,188,828
01/25/2001,FXE,FL,ASO,ES,Towers with Display (VFR),0,22,129,0,151,0,15,406,0,421,0,37,535,0,572,133,0,133,705
01/26/2001,FXE,FL,ASO,ES,Towers with Display (VFR),0,30,174,0,204,0,16,405,0,421,0,46,579,0,625,130,0,130,755
01/27/2001,FXE,FL,ASO,ES,Towers with Display (VFR),0,28,165,0,193,0,24,464,0,488,0,52,629,0,681,165,0,165,846
01/28/2001,FXE,FL,ASO,ES,Towers with Display (VFR),0,20,143,0,163,0,0,339,0,339,0,20,482,0,502,120,0,120,622
01/29/2001,FXE,FL,ASO,ES,Towers with Display (VFR),0,37,216,0,253,0,19,293,0,312,0,56,509,0,565,118,0,118,683
01/30/2001,FXE,FL,ASO,ES,Towers with Display (VFR),0,29,166,0,195,0,8,328,0,336,0,37,494,0,531,133,0,133,664
01/31/2001,FXE,FL,ASO,ES,Towers with Display (VFR),0,34,198,0,232,0,18,525,0,543,0,52,723,0,775,180,0,180,955
02/01/2001,FXE,FL,ASO,ES,Towers with Display (VFR),0,33,222,0,255,0,0,380,0,380,0,33,602,0,635,204,0,204,839
02/02/2001,FXE,FL,ASO,ES,Towers with Display (VFR),0,35,215,0,250,0,17,380,0,397,0,52,595,0,647,177,0,177,824
02/03/2001,FXE,FL,ASO,ES,Towers with Display (VFR),0,15,155,0,170,0,0,380,0,380,0,15,535,0,550,288,0,288,838
02/04/2001,FXE,FL,ASO,ES,Towers with Display (VFR),0,12,132,0,144,0,0,299,0,299,0,12,431,0,443,209,0,209,652
02/05/2001,FXE,FL,ASO,ES,Towers with Display (VFR),0,21,130,0,151,0,12,294,0,306,0,33,424,0,457,234,0,234,691
02/06/2001,FXE,FL,ASO,ES,Towers with Display (VFR),0,27,167,0,194,0,13,436,0,449,0,40,603,0,643,152,0,152,795
02/07/2001,FXE,FL,ASO,ES,Towers with Display (VFR),0,31,193,0,224,0,6,478,0,484,0,37,671,0,708,260,0,260,968
02/08/2001,FXE,FL,ASO,ES,Towers with Display (VFR),0,35,214,0,249,0,5,448,0,453,0,40,662,0,702,186,0,186,888
02/09/2001,FXE,FL,ASO,ES,Towers with Display (VFR),0,29,180,0,209,0,17,451,0,468,0,46,631,0,677,190,0,190,867
02/10/2001,FXE,FL,ASO,ES,Towers with Display (VFR),0,11,132,0,143,0,0,394,0,394,0,11,526,0,537,247,0,247,784
02/11/2001,FXE,FL,ASO,ES,Towers with Display (VFR),0,9,138,0,147,0,0,413,0,413,0,9,551,0,560,218,0,218,778
02/12/2001,FXE,FL,ASO,ES,Towers with Display (VFR),0,23,142,0,165,0,7,321,0,328,0,30,463,0,493,242,0,242,735
02/13/2001,FXE,FL,ASO,ES,Towers with Display (VFR),0,27,169,0,196,0,27,348,0,375,0,54,517,0,571,152,0,152,723
02/14/2001,FXE,FL,ASO,ES,Towers with Display (VFR),0,29,176,0,205,0,44,403,0,447,0,73,579,0,652,160,0,160,812
02/15/2001,FXE,FL,ASO,ES,Towers with Display (VFR),0,37,233,0,270,0,22,484,0,506,0,59,717,0,776,188,0,188,964
02/16/2001,FXE,FL,ASO,ES,Towers with Display (VFR),0,33,213,0,246,0,12,434,0,446,0,45,647,0,692,207,0,207,899
02/17/2001,FXE,FL,ASO,ES,Towers with Display (VFR),0,23,160,0,183,0,0,370,0,370,0,23,530,0,553,96,0,96,649
02/18/2001,FXE,FL,ASO,ES,Towers with Display (VFR),0,14,160,0,174,0,0,325,0,325,0,14,485,0,499,239,0,239,738
02/19/2001,FXE,FL,ASO,ES,Towers with Display (VFR),0,27,176,0,203,0,5,294,0,299,0,32,470,0,502,143,0,143,645
02/20/2001,FXE,FL,ASO,ES,Towers with Display (VFR),0,34,221,0,255,0,10,479,0,489,0,44,700,0,744,268,0,268,1012
02/21/2001,FXE,FL,ASO,ES,Towers with Display (VFR),0,31,200,0,231,0,13,389,0,402,0,44,589,0,633,200,0,200,833
02/22/2001,FXE,FL,ASO,ES,Towers with Display (VFR),0,32,208,0,240,0,18,458,1,477,0,50,666,1,717,266,0,266,983
02/23/2001,FXE,FL,ASO,ES,Towers with Display (VFR),0,34,215,0,249,0,23,453,0,476,0,57,668,0,725,158,0,158,883
02/24/2001,FXE,FL,ASO,ES,Towers with Display (VFR),0,16,126,0,142,0,0,409,0,409,0,16,535,0,551,273,0,273,824
02/25/2001,FXE,FL,ASO,ES,Towers with Display (VFR),0,21,139,0,160,0,2,302,0,304,0,23,441,0,464,276,0,276,740
02/26/2001,FXE,FL,ASO,ES,Towers with Display (VFR),0,30,190,0,220,0,6,316,0,322,0,36,506,0,542,167,0,167,709
02/27/2001,FXE,FL,ASO,ES,Towers with Display (VFR),0,29,187,0,216,0,20,384,0,404,0,49,571,0,620,210,0,210,830
02/28/2001,FXE,FL,ASO,ES,Towers with Display (VFR),0,24,155,0,179,0,75,401,0,476,0,99,556,0,655,160,0,160,815
03/01/2001,FXE,FL,ASO,ES,Towers with Display (VFR),0,30,167,0,197,0,30,452,1,483,0,60,619,1,680,180,0,180,860
03/02/2001,FXE,FL,ASO,ES,Towers with Display (VFR),0,32,176,0,208,0,16,438,0,454,0,48,614,0,662,175,0,175,837
03/03/2001,FXE,FL,ASO,ES,Towers with Display (VFR),0,23,125,0,148,0,8,362,0,370,0,31,487,0,518,111,0,111,629
03/04/2001,FXE,FL,ASO,ES,Towers with Display (VFR),0,19,106,0,125,0,12,199,0,211,0,31,305,0,336,126,0,126,462
03/05/2001,FXE,FL,ASO,ES,Towers with Display (VFR),0,20,108,0,128,0,16,191,0,207,0,36,299,0,335,60,0,60,395
03/06/2001,FXE,FL,ASO,ES,Towers with Display (VFR),0,19,109,0,128,0,18,237,0,255,0,37,346,0,383,59,0,59,442
03/07/2001,FXE,FL,ASO,ES,Towers with Display (VFR),0,25,140,0,165,0,13,379,0,392,0,38,519,0,557,118,0,118,675
03/08/2001,FXE,FL,ASO,ES,Towers with Display (VFR),0,28,158,0,186,0,5,500,0,505,0,33,658,0,691,152,0,152,843
03/09/2001,FXE,FL,ASO,ES,Towers with Display (VFR),0,28,157,0,185,0,1,490,0,491,0,29,647,0,676,193,0,193,869
03/10/2001,FXE,FL,ASO,ES,Towers with Display (VFR),0,20,124,0,144,0,0,362,0,362,0,20,486,0,506,234,0,234,740
03/11/2001,FXE,FL,ASO,ES,Towers with Display (VFR),0,15,163,1,179,0,0,308,0,308,0,15,471,1,487,154,0,154,641
03/12/2001,FXE,FL,ASO,ES,Towers with Display (VFR),0,20,146,1,167,0,0,313,1,314,0,20,459,2,481,242,0,242,723
03/13/2001,FXE,FL,ASO,ES,Towers with Display (VFR),0,21,121,0,142,0,16,331,0,347,0,37,452,0,489,149,0,149,638
03/14/2001,FXE,FL,ASO,ES,Towers with Display (VFR),0,35,200,0,235,0,19,389,1,409,0,54,589,1,644,223,0,223,867
03/15/2001,FXE,FL,ASO,ES,Towers with Display (VFR),0,35,202,0,237,0,30,370,0,400,0,65,572,0,637,196,0,196,833
03/16/2001,FXE,FL,ASO,ES,Towers with Display (VFR),0,34,197,0,231,0,33,472,1,506,0,67,669,1,737,224,11,235,972
03/17/2001,FXE,FL,ASO,ES,Towers with Display (VFR),0,28,162,0,190,0,3,377,0,380,0,31,539,0,570,120,0,120,690
03/18/2001,FXE,FL,ASO,ES,Towers with Display (VFR),0,24,158,0,182,0,0,221,0,221,0,24,379,0,403,162,0,162,565
03/19/2001,FXE,FL,ASO,ES,Towers with Display (VFR),0,21,119,0,140,0,18,92,0,110,0,39,211,0,250,74,0,74,324
03/20/2001,FXE,FL,ASO,ES,Towers with Display (VFR),0,17,99,0,116,0,19,411,0,430,0,36,510,0,546,288,0,288,834
03/21/2001,FXE,FL,ASO,ES,Towers with Display (VFR),0,21,120,0,141,0,14,423,0,437,0,35,543,0,578,122,0,122,700
03/22/2001,FXE,FL,ASO,ES,Towers with Display (VFR),0,21,123,0,144,0,7,431,0,438,0,28,554,0,582,256,0,256,838
03/23/2001,FXE,FL,ASO,ES,Towers with Display (VFR),0,30,171,0,201,0,8,521,0,529,0,38,692,0,730,198,0,198,928
03/24/2001,FXE,FL,ASO,ES,Towers with Display (VFR),0,12,124,0,136,0,0,484,0,484,0,12,608,0,620,250,0,250,870
03/25/2001,FXE,FL,ASO,ES,Towers with Display (VFR),0,23,135,0,158,0,0,422,0,422,0,23,557,0,580,282,0,282,862
03/26/2001,FXE,FL,ASO,ES,Towers with Display (VFR),0,25,142,0,167,0,17,350,0,367,0,42,492,0,534,183,0,183,717
03/27/2001,FXE,FL,ASO,ES,Towers with Display (VFR),0,29,164,0,193,0,18,471,0,489,0,47,635,0,682,175,0,175,857
03/28/2001,FXE,FL,ASO,ES,Towers with Display (VFR),0,29,166,0,195,0,11,353,5,369,0,40,519,5,564,154,0,154,718
03/29/2001,FXE,FL,ASO,ES,Towers with Display (VFR),0,18,105,0,123,0,15,234,0,249,0,33,339,0,372,158,0,158,530
03/30/2001,FXE,FL,ASO,ES,Towers with Display (VFR),0,28,163,0,191,0,15,283,0,298,0,43,446,0,489,144,0,144,633
03/31/2001,FXE,FL,ASO,ES,Towers with Display (VFR),0,26,148,0,174,0,4,317,0,321,0,30,465,0,495,100,0,100,595
04/01/2001,FXE,FL,ASO,ES,Towers with Display (VFR),0,19,134,0,153,0,9,330,0,339,0,28,464,0,492,144,0,144,636
04/02/2001,FXE,FL,ASO,ES,Towers with Display (VFR),0,35,172,0,207,0,3,398,0,401,0,38,570,0,608,224,0,224,832
04/03/2001,FXE,FL,ASO,ES,Towers with Display (VFR),0,27,179,0,206,0,13,373,0,386,0,40,552,0,592,224,0,224,816
04/04/2001,FXE,FL,ASO,ES,Towers with Display (VFR),0,36,170,2,208,0,9,446,0,455,0,45,616,2,663,260,0,260,923
04/05/2001,FXE,FL,ASO,ES,Towers with Display (VFR),0,39,179,0,218,0,8,427,0,435,0,47,606,0,653,228,0,228,881
04/06/2001,FXE,FL,ASO,ES,Towers with Display (VFR),0,32,224,0,256,0,7,360,0,367,0,39,584,0,623,140,0,140,763
04/07/2001,FXE,FL,ASO,ES,Towers with Display (VFR),0,12,162,0,174,0,1,372,0,373,0,13,534,0,547,156,0,156,703
04/08/2001,FXE,FL,ASO,ES,Towers with Display (VFR),0,9,154,0,163,0,2,398,0,400,0,11,552,0,563,188,0,188,751
04/09/2001,FXE,FL,ASO,ES,Towers with Display (VFR),0,30,191,0,221,0,6,355,0,361,0,36,546,0,582,121,0,121,703
04/10/2001,FXE,FL,ASO,ES,Towers with Display (VFR),0,26,184,0,210,0,13,309,0,322,0,39,493,0,532,168,0,168,700
04/11/2001,FXE,FL,ASO,ES,Towers with Display (VFR),0,28,174,0,202,0,18,389,0,407,0,46,563,0,609,158,0,158,767
04/12/2001,FXE,FL,ASO,ES,Towers with Display (VFR),0,40,189,0,229,0,5,410,0,415,0,45,599,0,644,174,0,174,818
04/13/2001,FXE,FL,ASO,ES,Towers with Display (VFR),0,29,181,0,210,0,12,461,0,473,0,41,642,0,683,129,0,129,812
04/14/2001,FXE,FL,ASO,ES,Towers with Display (VFR),0,12,143,0,155,0,5,473,0,478,0,17,616,0,633,200,0,200,833
04/15/2001,FXE,FL,ASO,ES,Towers with Display (VFR),0,15,148,0,163,0,9,282,0,291,0,24,430,0,454,224,0,224,678
04/16/2001,FXE,FL,ASO,ES,Towers with Display (VFR),0,35,166,0,201,0,8,445,0,453,0,43,611,0,654,127,0,127,781
04/17/2001,FXE,FL,ASO,ES,Towers with Display (VFR),0,29,180,0,209,0,10,383,0,393,0,39,563,0,602,182,0,182,784
04/18/2001,FXE,FL,ASO,ES,Towers with Display (VFR),0,31,140,0,171,0,11,355,0,366,0,42,495,0,537,164,0,164,701
04/19/2001,FXE,FL,ASO,ES,Towers with Display (VFR),0,30,168,0,198,0,7,455,0,462,0,37,623,0,660,152,0,152,812
04/20/2001,FXE,FL,ASO,ES,Towers with Display (VFR),0,35,168,0,203,0,19,383,0,402,0,54,551,0,605,124,0,124,729
04/21/2001,FXE,FL,ASO,ES,Towers with Display (VFR),0,7,140,0,147,0,5,405,0,410,0,12,545,0,557,230,0,230,787
04/22/2001,FXE,FL,ASO,ES,Towers with Display (VFR),0,15,114,0,129,0,1,269,0,270,0,16,383,0,399,216,0,216,615
04/23/2001,FXE,FL,ASO,ES,Towers with Display (VFR),0,34,167,0,201,0,31,367,0,398,0,65,534,0,599,118,0,118,717
04/24/2001,FXE,FL,ASO,ES,Towers with Display (VFR),0,43,181,0,224,0,5,401,0,406,0,48,582,0,630,180,0,180,810
04/25/2001,FXE,FL,ASO,ES,Towers with Display (VFR),0,31,147,0,178,0,11,370,0,381,0,42,517,0,559,230,0,230,789
04/26/2001,FXE,FL,ASO,ES,Towers with Display (VFR),0,41,169,0,210,0,5,344,0,349,0,46,513,0,559,160,0,160,719
04/27/2001,FXE,FL,ASO,ES,Towers with Display (VFR),0,21,170,0,191,0,18,434,0,452,0,39,604,0,643,112,0,112,755
04/28/2001,FXE,FL,ASO,ES,Towers with Display (VFR),0,7,124,0,131,0,15,378,0,393,0,22,502,0,524,234,0,234,758
04/29/2001,FXE,FL,ASO,ES,Towers with Display (VFR),0,21,144,0,165,0,6,230,0,236,0,27,374,0,401,228,0,228,629
04/30/2001,FXE,FL,ASO,ES,Towers with Display (VFR),0,30,128,0,158,0,7,133,0,140,0,37,261,0,298,82,0,82,380
05/01/2001,FXE,FL,ASO,ES,Towers with Display (VFR),0,31,182,0,213,0,15,228,0,243,0,46,410,0,456,124,0,124,580
05/02/2001,FXE,FL,ASO,ES,Towers with Display (VFR),0,24,146,0,170,0,16,336,0,352,0,40,482,0,522,132,0,132,654
05/03/2001,FXE,FL,ASO,ES,Towers with Display (VFR),0,36,140,0,176,0,3,195,0,198,0,39,335,0,374,124,0,124,498
05/04/2001,FXE,FL,ASO,ES,Towers with Display (VFR),0,31,151,0,182,0,15,259,0,274,0,46,410,0,456,154,0,154,610
05/05/2001,FXE,FL,ASO,ES,Towers with Display (VFR),0,8,92,0,100,0,10,261,0,271,0,18,353,0,371,130,0,130,501
05/06/2001,FXE,FL,ASO,ES,Towers with Display (VFR),0,8,93,0,101,0,1,232,0,233,0,9,325,0,334,232,0,232,566
05/07/2001,FXE,FL,ASO,ES,Towers with Display (VFR),0,24,149,0,173,0,11,342,0,353,0,35,491,0,526,194,0,194,720
05/08/2001,FXE,FL,ASO,ES,Towers with Display (VFR),0,20,132,0,152,0,8,315,0,323,0,28,447,0,475,190,0,190,665
05/09/2001,FXE,FL,ASO,ES,Towers with Display (VFR),0,25,133,0,158,0,13,391,0,404,0,38,524,0,562,248,0,248,810
05/10/2001,FXE,FL,ASO,ES,Towers with Display (VFR),0,27,151,0,178,0,4,531,0,535,0,31,682,0,713,168,0,168,881
05/11/2001,FXE,FL,ASO,ES,Towers with Display (VFR),0,28,177,0,205,0,5,506,0,511,0,33,683,0,716,224,0,224,940
05/12/2001,FXE,FL,ASO,ES,Towers with Display (VFR),0,10,140,0,150,0,4,470,0,474,0,14,610,0,624,152,2,154,778
05/13/2001,FXE,FL,ASO,ES,Towers with Display (VFR),0,6,118,0,124,0,8,346,0,354,0,14,464,0,478,212,0,212,690
05/14/2001,FXE,FL,ASO,ES,Towers with Display (VFR),0,25,164,0,189,0,8,414,0,422,0,33,578,0,611,292,0,292,903
05/15/2001,FXE,FL,ASO,ES,Towers with Display (VFR),0,22,92,0,114,0,6,462,0,468,0,28,554,0,582,326,0,326,908
05/16/2001,FXE,FL,ASO,ES,Towers with Display (VFR),0,18,153,0,171,0,5,482,0,487,0,23,635,0,658,314,0,314,972
05/17/2001,FXE,FL,ASO,ES,Towers with Display (VFR),0,35,143,0,178,0,13,398,0,411,0,48,541,0,589,263,0,263,852
05/18/2001,FXE,FL,ASO,ES,Towers with Display (VFR),0,23,142,0,165,0,9,457,0,466,0,32,599,0,631,206,0,206,837
05/19/2001,FXE,FL,ASO,ES,Towers with Display (VFR),0,12,105,0,117,0,8,523,0,531,0,20,628,0,648,284,0,284,932
05/20/2001,FXE,FL,ASO,ES,Towers with Display (VFR),0,8,131,0,139,0,5,360,0,365,0,13,491,0,504,352,0,352,856
05/21/2001,FXE,FL,ASO,ES,Towers with Display (VFR),0,18,129,0,147,0,0,292,0,292,0,18,421,0,439,263,0,263,702
05/22/2001,FXE,FL,ASO,ES,Towers with Display (VFR),0,26,131,0,157,0,10,314,0,324,0,36,445,0,481,190,0,190,671
05/23/2001,FXE,FL,ASO,ES,Towers with Display (VFR),0,28,112,0,140,0,9,143,0,152,0,37,255,0,292,110,0,110,402
05/24/2001,FXE,FL,ASO,ES,Towers with Display (VFR),0,25,196,0,221,0,12,237,0,249,0,37,433,0,470,272,0,272,742
05/25/2001,FXE,FL,ASO,ES,Towers with Display (VFR),0,27,156,0,183,0,5,311,0,316,0,32,467,0,499,196,0,196,695
05/26/2001,FXE,FL,ASO,ES,Towers with Display (VFR),0,8,132,0,140,0,7,400,0,407,0,15,532,0,547,272,0,272,819
05/27/2001,FXE,FL,ASO,ES,Towers with Display (VFR),0,8,89,0,97,0,4,229,0,233,0,12,318,0,330,380,0,380,710
05/28/2001,FXE,FL,ASO,ES,Towers with Display (VFR),0,11,171,0,182,0,12,235,0,247,0,23,406,0,429,242,0,242,671
05/29/2001,FXE,FL,ASO,ES,Towers with Display (VFR),0,34,151,0,185,0,10,331,0,341,0,44,482,0,526,236,0,236,762
05/30/2001,FXE,FL,ASO,ES,Towers with Display (VFR),0,35,160,0,195,0,20,338,0,358,0,55,498,0,553,296,0,296,849
05/31/2001,FXE,FL,ASO,ES,Towers with Display (VFR),0,0,0,0,0,0,55,498,0,553,0,55,498,0,553,296,0,296,849
06/01/2001,FXE,FL,ASO,ES,Towers with Display (VFR),0,17,156,0,173,0,14,324,0,338,0,31,480,0,511,162,0,162,673
06/02/2001,FXE,FL,ASO,ES,Towers with Display (VFR),0,11,107,0,118,0,4,236,0,240,0,15,343,0,358,172,0,172,530
06/03/2001,FXE,FL,ASO,ES,Towers with Display (VFR),0,11,117,0,128,0,0,325,0,325,0,11,442,0,453,296,0,296,749
06/04/2001,FXE,FL,ASO,ES,Towers with Display (VFR),0,19,125,0,144,0,2,303,0,305,0,21,428,0,449,206,0,206,655
06/05/2001,FXE,FL,ASO,ES,Towers with Display (VFR),0,22,126,0,148,0,1,292,0,293,0,23,418,0,441,237,2,239,680
06/06/2001,FXE,FL,ASO,ES,Towers with Display (VFR),0,30,136,0,166,0,9,438,0,447,0,39,574,0,613,267,0,267,880
06/07/2001,FXE,FL,ASO,ES,Towers with Display (VFR),0,25,158,0,183,0,10,390,0,400,0,35,548,0,583,174,0,174,757
06/08/2001,FXE,FL,ASO,ES,Towers with Display (VFR),0,23,144,0,167,0,5,371,0,376,0,28,515,0,543,214,0,214,757
06/09/2001,FXE,FL,ASO,ES,Towers with Display (VFR),0,31,95,0,126,0,14,388,0,402,0,45,483,0,528,166,0,166,694
06/10/2001,FXE,FL,ASO,ES,Towers with Display (VFR),0,23,113,0,136,0,0,342,0,342,0,23,455,0,478,238,0,238,716
06/11/2001,FXE,FL,ASO,ES,Towers with Display (VFR),0,16,130,0,146,0,3,386,0,389,0,19,516,0,535,256,0,256,791
06/12/2001,FXE,FL,ASO,ES,Towers with Display (VFR),0,35,175,0,210,0,24,386,0,410,0,59,561,0,620,274,0,274,894
06/13/2001,FXE,FL,ASO,ES,Towers with Display (VFR),0,38,127,0,165,0,10,337,0,347,0,48,464,0,512,182,0,182,694
06/14/2001,FXE,FL,ASO,ES,Towers with Display (VFR),0,38,168,0,206,0,23,416,0,439,0,61,584,0,645,248,0,248,893
06/15/2001,FXE,FL,ASO,ES,Towers with Display (VFR),0,22,168,0,190,0,24,406,0,430,0,46,574,0,620,188,0,188,808
06/16/2001,FXE,FL,ASO,ES,Towers with Display (VFR),0,15,129,0,144,0,1,308,0,309,0,16,437,0,453,208,0,208,661
06/17/2001,FXE,FL,ASO,ES,Towers with Display (VFR),0,14,96,0,110,0,7,324,0,331,0,21,420,0,441,298,0,298,739
06/18/2001,FXE,FL,ASO,ES,Towers with Display (VFR),0,17,141,0,158,0,2,319,0,321,0,19,460,0,479,228,0,228,707
06/19/2001,FXE,FL,ASO,ES,Towers with Display (VFR),0,25,107,0,132,0,8,352,0,360,0,33,459,0,492,206,0,206,698
06/20/2001,FXE,FL,ASO,ES,Towers with Display (VFR),0,27,157,0,184,0,6,462,0,468,0,33,619,0,652,202,0,202,854
06/21/2001,FXE,FL,ASO,ES,Towers with Display (VFR),0,28,139,0,167,0,8,345,0,353,0,36,484,0,520,214,0,214,734
06/22/2001,FXE,FL,ASO,ES,Towers with Display (VFR),0,35,145,0,180,0,35,264,1,300,0,70,409,1,480,114,0,114,594
06/23/2001,FXE,FL,ASO,ES,Towers with Display (VFR),0,8,77,0,85,0,23,220,0,243,0,31,297,0,328,126,0,126,454
06/24/2001,FXE,FL,ASO,ES,Towers with Display (VFR),0,8,89,0,97,0,6,351,0,357,0,14,440,0,454,198,0,198,652
06/25/2001,FXE,FL,ASO,ES,Towers with Display (VFR),0,22,125,0,147,0,7,255,0,262,0,29,380,0,409,148,0,148,557
06/26/2001,FXE,FL,ASO,ES,Towers with Display (VFR),0,28,143,0,171,0,6,336,0,342,0,34,479,0,513,174,0,174,687
06/27/2001,FXE,FL,ASO,ES,Towers with Display (VFR),0,30,142,0,172,0,9,240,0,249,0,39,382,0,421,226,0,226,647
06/28/2001,FXE,FL,ASO,ES,Towers with Display (VFR),0,19,116,0,135,0,20,158,0,178,0,39,274,0,313,236,0,236,549
06/29/2001,FXE,FL,ASO,ES,Towers with Display (VFR),0,26,143,0,169,0,20,402,1,423,0,46,545,1,592,254,0,254,846
06/30/2001,FXE,FL,ASO,ES,Towers with Display (VFR),0,10,134,0,144,0,9,393,0,402,0,19,527,0,546,208,0,208,754
07/01/2001,FXE,FL,ASO,ES,Towers with Display (VFR),0,1,115,0,116,0,16,257,0,273,0,17,372,0,389,190,0,190,579
07/02/2001,FXE,FL,ASO,ES,Towers with Display (VFR),0,16,123,0,139,0,6,303,0,309,0,22,426,0,448,208,0,208,656
07/03/2001,FXE,FL,ASO,ES,Towers with Display (VFR),0,24,143,0,167,0,5,350,0,355,0,29,493,0,522,190,0,190,712
07/04/2001,FXE,FL,ASO,ES,Towers with Display (VFR),0,20,80,0,100,0,4,184,0,188,0,24,264,0,288,172,0,172,460
07/05/2001,FXE,FL,ASO,ES,Towers with Display (VFR),0,18,124,0,142,0,6,328,0,334,0,24,452,0,476,210,0,210,686
07/06/2001,FXE,FL,ASO,ES,Towers with Display (VFR),0,24,101,0,125,0,12,423,0,435,0,36,524,0,560,216,0,216,776
07/07/2001,FXE,FL,ASO,ES,Towers with Display (VFR),0,10,112,0,122,0,16,335,0,351,0,26,447,0,473,222,0,222,695
07/08/2001,FXE,FL,ASO,ES,Towers with Display (VFR),0,12,123,0,135,0,4,294,1,299,0,16,417,1,434,220,0,220,654
07/09/2001,FXE,FL,ASO,ES,Towers with Display (VFR),0,23,80,0,103,0,9,259,0,268,0,32,339,0,371,120,0,120,491
07/10/2001,FXE,FL,ASO,ES,Towers with Display (VFR),0,36,77,0,113,0,10,260,0,270,0,46,337,0,383,162,0,162,545
07/11/2001,FXE,FL,ASO,ES,Towers with Display (VFR),0,33,81,0,114,0,13,305,0,318,0,46,386,0,432,172,0,172,604
07/12/2001,FXE,FL,ASO,ES,Towers with Display (VFR),0,23,96,0,119,0,9,342,0,351,0,32,438,0,470,186,0,186,656
07/13/2001,FXE,FL,ASO,ES,Towers with Display (VFR),0,33,95,0,128,0,10,358,0,368,0,43,453,0,496,94,0,94,590
07/14/2001,FXE,FL,ASO,ES,Towers with Display (VFR),0,17,97,0,114,0,13,232,0,245,0,30,329,0,359,218,0,218,577
07/15/2001,FXE,FL,ASO,ES,Towers with Display (VFR),0,18,83,0,101,0,4,151,0,155,0,22,234,0,256,220,0,220,476
07/16/2001,FXE,FL,ASO,ES,Towers with Display (VFR),0,20,71,0,91,0,10,337,0,347,0,30,408,0,438,230,0,230,668
07/17/2001,FXE,FL,ASO,ES,Towers with Display (VFR),0,32,134,0,166,0,6,290,0,296,0,38,424,0,462,166,0,166,628
07/18/2001,FXE,FL,ASO,ES,Towers with Display (VFR),0,35,132,0,167,0,20,287,0,307,0,55,419,0,474,180,0,180,654
07/19/2001,FXE,FL,ASO,ES,Towers with Display (VFR),0,27,134,0,161,0,26,375,0,401,0,53,509,0,562,150,0,150,712
07/20/2001,FXE,FL,ASO,ES,Towers with Display (VFR),0,21,137,0,158,0,14,388,0,402,0,35,525,0,560,204,0,204,764
07/21/2001,FXE,FL,ASO,ES,Towers with Display (VFR),0,19,72,0,91,0,1,232,0,233,0,20,304,0,324,160,0,160,484
07/22/2001,FXE,FL,ASO,ES,Towers with Display (VFR),0,17,106,2,125,0,6,181,0,187,0,23,287,2,312,170,0,170,482
07/23/2001,FXE,FL,ASO,ES,Towers with Display (VFR),0,25,72,0,97,0,0,111,0,111,0,25,183,0,208,40,0,40,248
07/24/2001,FXE,FL,ASO,ES,Towers with Display (VFR),0,20,133,0,153,0,12,422,0,434,0,32,555,0,587,202,0,202,789
07/25/2001,FXE,FL,ASO,ES,Towers with Display (VFR),0,33,126,0,159,0,13,369,0,382,0,46,495,0,541,202,0,202,743
07/26/2001,FXE,FL,ASO,ES,Towers with Display (VFR),0,37,153,0,190,0,13,392,0,405,0,50,545,0,595,214,0,214,809
07/27/2001,FXE,FL,ASO,ES,Towers with Display (VFR),0,24,130,0,154,0,15,314,0,329,0,39,444,0,483,226,0,226,709
07/28/2001,FXE,FL,ASO,ES,Towers with Display (VFR),0,13,125,0,138,0,3,486,0,489,0,16,611,0,627,226,0,226,853
07/29/2001,FXE,FL,ASO,ES,Towers with Display (VFR),0,1,113,0,114,0,3,289,0,292,0,4,402,0,406,166,0,166,572
07/30/2001,FXE,FL,ASO,ES,Towers with Display (VFR),0,17,119,0,136,0,12,297,0,309,0,29,416,0,445,320,4,324,769
07/31/2001,FXE,FL,ASO,ES,Towers with Display (VFR),0,0,0,0,0,0,29,416,0,445,0,29,416,0,445,320,4,324,769
08/01/2001,FXE,FL,ASO,ES,Towers with Display (VFR),0,34,91,0,125,0,5,88,0,93,0,39,179,0,218,44,0,44,262
08/02/2001,FXE,FL,ASO,ES,Towers with Display (VFR),0,22,81,0,103,0,6,79,0,85,0,28,160,0,188,2,0,2,190
08/03/2001,FXE,FL,ASO,ES,Towers with Display (VFR),0,16,100,0,116,0,7,104,0,111,0,23,204,0,227,16,0,16,243
08/04/2001,FXE,FL,ASO,ES,Towers with Display (VFR),0,12,120,0,132,0,1,327,0,328,0,13,447,0,460,182,0,182,642
08/05/2001,FXE,FL,ASO,ES,Towers with Display (VFR),0,16,107,0,123,0,5,289,0,294,0,21,396,0,417,240,0,240,657
08/06/2001,FXE,FL,ASO,ES,Towers with Display (VFR),0,10,139,0,149,0,14,315,0,329,0,24,454,0,478,246,0,246,724
08/07/2001,FXE,FL,ASO,ES,Towers with Display (VFR),0,25,121,0,146,0,13,423,0,436,0,38,544,0,582,144,0,144,726
08/08/2001,FXE,FL,ASO,ES,Towers with Display (VFR),0,20,117,0,137,0,12,432,0,444,0,32,549,0,581,180,0,180,761
08/09/2001,FXE,FL,ASO,ES,Towers with Display (VFR),0,41,130,0,171,0,4,396,0,400,0,45,526,0,571,234,0,234,805
08/10/2001,FXE,FL,ASO,ES,Towers with Display (VFR),0,25,130,0,155,0,10,380,0,390,0,35,510,0,545,246,0,246,791
08/11/2001,FXE,FL,ASO,ES,Towers with Display (VFR),0,18,74,0,92,0,1,322,0,323,0,19,396,0,415,218,0,218,633
08/12/2001,FXE,FL,ASO,ES,Towers with Display (VFR),0,8,110,0,118,0,7,447,0,454,0,15,557,0,572,296,0,296,868
08/13/2001,FXE,FL,ASO,ES,Towers with Display (VFR),0,14,144,0,158,0,21,280,0,301,0,35,424,0,459,252,0,252,711
08/14/2001,FXE,FL,ASO,ES,Towers with Display (VFR),0,28,159,0,187,0,11,376,0,387,0,39,535,0,574,147,0,147,721
08/15/2001,FXE,FL,ASO,ES,Towers with Display (VFR),0,24,134,3,161,0,3,376,1,380,0,27,510,4,541,221,0,221,762
08/16/2001,FXE,FL,ASO,ES,Towers with Display (VFR),0,19,152,0,171,0,11,404,0,415,0,30,556,0,586,254,0,254,840
08/17/2001,FXE,FL,ASO,ES,Towers with Display (VFR),0,19,135,0,154,0,11,428,0,439,0,30,563,0,593,184,0,184,777
08/18/2001,FXE,FL,ASO,ES,Towers with Display (VFR),0,14,115,0,129,0,2,349,0,351,0,16,464,0,480,218,0,218,698
08/19/2001,FXE,FL,ASO,ES,Towers with Display (VFR),0,7,116,2,125,0,5,270,0,275,0,12,386,2,400,296,0,296,696
08/20/2001,FXE,FL,ASO,ES,Towers with Display (VFR),0,14,115,0,129,0,8,303,0,311,0,22,418,0,440,178,0,178,618
08/21/2001,FXE,FL,ASO,ES,Towers with Display (VFR),0,24,112,0,136,0,11,255,0,266,0,35,367,0,402,152,0,152,554
08/22/2001,FXE,FL,ASO,ES,Towers with Display (VFR),0,29,102,0,131,0,15,322,0,337,0,44,424,0,468,218,0,218,686
08/23/2001,FXE,FL,ASO,ES,Towers with Display (VFR),0,29,133,0,162,0,13,336,0,349,0,42,469,0,511,164,0,164,675
08/24/2001,FXE,FL,ASO,ES,Towers with Display (VFR),0,22,142,0,164,0,15,366,0,381,0,37,508,0,545,296,0,296,841
08/25/2001,FXE,FL,ASO,ES,Towers with Display (VFR),0,21,93,2,116,0,22,346,0,368,0,43,439,2,484,246,0,246,730
08/26/2001,FXE,FL,ASO,ES,Towers with Display (VFR),0,12,103,0,115,0,8,314,0,322,0,20,417,0,437,280,0,280,717
08/27/2001,FXE,FL,ASO,ES,Towers with Display (VFR),0,16,96,0,112,0,7,216,0,223,0,23,312,0,335,134,0,134,469
08/28/2001,FXE,FL,ASO,ES,Towers with Display (VFR),0,25,131,0,156,0,11,338,0,349,0,36,469,0,505,224,0,224,729
08/29/2001,FXE,FL,ASO,ES,Towers with Display (VFR),0,22,132,0,154,0,16,370,0,386,0,38,502,0,540,196,0,196,736
08/30/2001,FXE,FL,ASO,ES,Towers with Display (VFR),0,20,148,0,168,0,14,375,0,389,0,34,523,0,557,170,0,170,727
08/31/2001,FXE,FL,ASO,ES,Towers with Display (VFR),0,20,164,0,184,0,12,422,0,434,0,32,586,0,618,188,0,188,806
09/01/2001,FXE,FL,ASO,ES,Towers with Display (VFR),0,7,116,0,123,0,19,325,0,344,0,26,441,0,467,160,0,160,627
09/02/2001,FXE,FL,ASO,ES,Towers with Display (VFR),0,2,84,0,86,0,6,254,0,260,0,8,338,0,346,202,0,202,548
09/03/2001,FXE,FL,ASO,ES,Towers with Display (VFR),0,11,118,0,129,0,7,279,0,286,0,18,397,0,415,168,0,168,583
09/04/2001,FXE,FL,ASO,ES,Towers with Display (VFR),0,26,118,0,144,0,15,312,0,327,0,41,430,0,471,288,0,288,759
09/05/2001,FXE,FL,ASO,ES,Towers with Display (VFR),0,31,115,0,146,0,21,304,0,325,0,52,419,0,471,246,0,246,717
09/06/2001,FXE,FL,ASO,ES,Towers with Display (VFR),0,28,141,0,169,0,5,259,0,264,0,33,400,0,433,200,0,200,633
09/07/2001,FXE,FL,ASO,ES,Towers with Display (VFR),0,16,130,0,146,0,7,203,0,210,0,23,333,0,356,78,0,78,434
09/08/2001,FXE,FL,ASO,ES,Towers with Display (VFR),0,15,66,0,81,0,5,152,0,157,0,20,218,0,238,94,0,94,332
09/09/2001,FXE,FL,ASO,ES,Towers with Display (VFR),0,7,76,0,83,0,4,119,0,123,0,11,195,0,206,158,0,158,364
09/10/2001,FXE,FL,ASO,ES,Towers with Display (VFR),0,19,92,0,111,0,12,226,0,238,0,31,318,0,349,112,0,112,461
09/11/2001,FXE,FL,ASO,ES,Towers with Display (VFR),0,8,37,0,45,0,5,65,0,70,0,13,102,0,115,8,0,8,123
09/12/2001,FXE,FL,ASO,ES,Towers with Display (VFR),0,1,12,0,13,0,2,3,0,5,0,3,15,0,18,0,0,0,18
09/13/2001,FXE,FL,ASO,ES,Towers with Display (VFR),0,62,10,1,73,0,0,17,1,18,0,62,27,2,91,2,0,2,93
09/14/2001,FXE,FL,ASO,ES,Towers with Display (VFR),0,112,14,0,126,0,1,7,0,8,0,113,21,0,134,0,0,0,134
09/15/2001,FXE,FL,ASO,ES,Towers with Display (VFR),0,84,68,0,152,0,11,15,0,26,0,95,83,0,178,0,0,0,178
09/16/2001,FXE,FL,ASO,ES,Towers with Display (VFR),0,47,92,0,139,0,0,28,0,28,0,47,120,0,167,0,0,0,167
09/17/2001,FXE,FL,ASO,ES,Towers with Display (VFR),0,84,147,0,231,0,3,17,0,20,0,87,164,0,251,0,0,0,251
09/18/2001,FXE,FL,ASO,ES,Towers with Display (VFR),0,97,176,0,273,0,10,26,0,36,0,107,202,0,309,0,0,0,309
09/19/2001,FXE,FL,ASO,ES,Towers with Display (VFR),0,79,217,0,296,0,0,30,0,30,0,79,247,0,326,0,0,0,326
09/20/2001,FXE,FL,ASO,ES,Towers with Display (VFR),0,78,196,0,274,0,18,115,0,133,0,96,311,0,407,2,0,2,409
09/21/2001,FXE,FL,ASO,ES,Towers with Display (VFR),0,67,167,0,234,0,6,135,0,141,0,73,302,0,375,14,0,14,389
09/22/2001,FXE,FL,ASO,ES,Towers with Display (VFR),0,21,118,0,139,0,13,180,0,193,0,34,298,0,332,126,0,126,458
09/23/2001,FXE,FL,ASO,ES,Towers with Display (VFR),0,38,120,0,158,0,7,233,0,240,0,45,353,0,398,144,0,144,542
09/24/2001,FXE,FL,ASO,ES,Towers with Display (VFR),0,38,125,0,163,0,3,256,0,259,0,41,381,0,422,192,0,192,614
09/25/2001,FXE,FL,ASO,ES,Towers with Display (VFR),0,56,148,0,204,0,5,268,0,273,0,61,416,0,477,152,0,152,629
09/26/2001,FXE,FL,ASO,ES,Towers with Display (VFR),0,67,140,0,207,0,7,274,0,281,0,74,414,0,488,142,0,142,630
09/27/2001,FXE,FL,ASO,ES,Towers with Display (VFR),0,42,102,0,144,0,12,167,0,179,0,54,269,0,323,110,0,110,433
09/28/2001,FXE,FL,ASO,ES,Towers with Display (VFR),0,52,145,0,197,0,6,199,0,205,0,58,344,0,402,164,0,164,566
09/29/2001,FXE,FL,ASO,ES,Towers with Display (VFR),0,34,52,0,86,0,2,73,0,75,0,36,125,0,161,134,0,134,295
09/30/2001,FXE,FL,ASO,ES,Towers with Display (VFR),0,43,72,0,115,0,4,188,0,192,0,47,260,0,307,234,0,234,541
10/01/2001,FXE,FL,ASO,ES,Towers with Display (VFR),0,37,141,0,178,0,13,290,0,303,0,50,431,0,481,176,0,176,657
10/02/2001,FXE,FL,ASO,ES,Towers with Display (VFR),0,68,142,0,210,0,6,292,0,298,0,74,434,0,508,148,0,148,656
10/03/2001,FXE,FL,ASO,ES,Towers with Display (VFR),0,57,165,0,222,0,0,344,0,344,0,57,509,0,566,150,0,150,716
10/04/2001,FXE,FL,ASO,ES,Towers with Display (VFR),0,45,142,0,187,0,6,323,0,329,0,51,465,0,516,168,0,168,684
10/05/2001,FXE,FL,ASO,ES,Towers with Display (VFR),0,44,145,0,189,0,21,307,0,328,0,65,452,0,517,158,0,158,675
10/06/2001,FXE,FL,ASO,ES,Towers with Display (VFR),0,25,106,0,131,0,3,297,0,300,0,28,403,0,431,268,0,268,699
10/07/2001,FXE,FL,ASO,ES,Towers with Display (VFR),0,24,90,0,114,0,0,218,0,218,0,24,308,0,332,206,0,206,538
10/08/2001,FXE,FL,ASO,ES,Towers with Display (VFR),0,52,129,0,181,0,1,227,0,228,0,53,356,0,409,186,0,186,595
10/09/2001,FXE,FL,ASO,ES,Towers with Display (VFR),0,44,75,0,119,0,13,60,0,73,0,57,135,0,192,12,0,12,204
10/10/2001,FXE,FL,ASO,ES,Towers with Display (VFR),0,74,141,0,215,0,12,167,0,179,0,86,308,0,394,72,0,72,466
10/11/2001,FXE,FL,ASO,ES,Towers with Display (VFR),0,75,160,0,235,0,4,320,0,324,0,79,480,0,559,204,0,204,763
10/12/2001,FXE,FL,ASO,ES,Towers with Display (VFR),0,61,168,0,229,0,3,362,0,365,0,64,530,0,594,232,0,232,826
10/13/2001,FXE,FL,ASO,ES,Towers with Display (VFR),0,38,105,0,143,0,13,336,0,349,0,51,441,0,492,250,0,250,742
10/14/2001,FXE,FL,ASO,ES,Towers with Display (VFR),0,43,124,0,167,0,2,271,0,273,0,45,395,0,440,262,0,262,702
10/15/2001,FXE,FL,ASO,ES,Towers with Display (VFR),0,57,132,1,190,0,22,264,2,288,0,79,396,3,478,176,0,176,654
10/16/2001,FXE,FL,ASO,ES,Towers with Display (VFR),0,72,142,0,214,0,13,320,0,333,0,85,462,0,547,210,0,210,757
10/17/2001,FXE,FL,ASO,ES,Towers with Display (VFR),0,64,139,0,203,0,15,235,0,250,0,79,374,0,453,130,0,130,583
10/18/2001,FXE,FL,ASO,ES,Towers with Display (VFR),0,75,134,0,209,0,17,119,0,136,0,92,253,0,345,88,0,88,433
10/19/2001,FXE,FL,ASO,ES,Towers with Display (VFR),0,68,176,1,245,0,23,383,0,406,0,91,559,1,651,196,0,196,847
10/20/2001,FXE,FL,ASO,ES,Towers with Display (VFR),0,40,63,0,103,0,11,185,0,196,0,51,248,0,299,116,0,116,415
10/21/2001,FXE,FL,ASO,ES,Towers with Display (VFR),0,45,105,1,151,0,3,207,0,210,0,48,312,1,361,296,0,296,657
10/22/2001,FXE,FL,ASO,ES,Towers with Display (VFR),0,66,96,0,162,0,16,113,0,129,0,82,209,0,291,62,0,62,353
10/23/2001,FXE,FL,ASO,ES,Towers with Display (VFR),0,58,122,0,180,0,10,288,0,298,0,68,410,0,478,160,0,160,638
10/24/2001,FXE,FL,ASO,ES,Towers with Display (VFR),0,61,169,0,230,0,22,353,0,375,0,83,522,0,605,124,0,124,729
10/25/2001,FXE,FL,ASO,ES,Towers with Display (VFR),0,70,194,0,264,0,15,353,0,368,0,85,547,0,632,154,0,154,786
10/26/2001,FXE,FL,ASO,ES,Towers with Display (VFR),0,64,177,0,241,0,14,237,0,251,0,78,414,0,492,168,0,168,660
10/27/2001,FXE,FL,ASO,ES,Towers with Display (VFR),0,40,115,0,155,0,12,322,0,334,0,52,437,0,489,114,0,114,603
10/28/2001,FXE,FL,ASO,ES,Towers with Display (VFR),0,38,165,0,203,0,1,306,0,307,0,39,471,0,510,126,0,126,636
10/29/2001,FXE,FL,ASO,ES,Towers with Display (VFR),0,56,155,0,211,0,11,218,0,229,0,67,373,0,440,80,0,80,520
10/30/2001,FXE,FL,ASO,ES,Towers with Display (VFR),0,41,160,0,201,0,14,230,0,244,0,55,390,0,445,94,0,94,539
10/31/2001,FXE,FL,ASO,ES,Towers with Display (VFR),0,55,138,0,193,0,0,252,0,252,0,55,390,0,445,94,0,94,539
11/01/2001,FXE,FL,ASO,ES,Towers with Display (VFR),0,70,129,0,199,0,25,201,0,226,0,95,330,0,425,96,0,96,521
11/02/2001,FXE,FL,ASO,ES,Towers with Display (VFR),0,46,126,0,172,0,13,172,0,185,0,59,298,0,357,58,0,58,415
11/03/2001,FXE,FL,ASO,ES,Towers with Display (VFR),0,24,69,0,93,0,9,96,0,105,0,33,165,0,198,114,0,114,312
11/04/2001,FXE,FL,ASO,ES,Towers with Display (VFR),0,54,72,0,126,0,2,49,0,51,0,56,121,0,177,4,0,4,181
11/05/2001,FXE,FL,ASO,ES,Towers with Display (VFR),0,23,35,0,58,0,2,26,0,28,0,25,61,0,86,2,0,2,88
11/06/2001,FXE,FL,ASO,ES,Towers with Display (VFR),0,44,139,0,183,0,15,393,0,408,0,59,532,0,591,180,0,180,771
11/07/2001,FXE,FL,ASO,ES,Towers with Display (VFR),0,65,191,0,256,0,5,685,0,690,0,70,876,0,946,136,0,136,1082
11/08/2001,FXE,FL,ASO,ES,Towers with Display (VFR),0,49,175,0,224,0,12,626,0,638,0,61,801,0,862,172,0,172,1034
11/09/2001,FXE,FL,ASO,ES,Towers with Display (VFR),0,38,166,0,204,0,20,589,0,609,0,58,755,0,813,166,0,166,979
11/10/2001,FXE,FL,ASO,ES,Towers with Display (VFR),0,25,138,0,163,0,16,483,0,499,0,41,621,0,662,242,0,242,904
11/11/2001,FXE,FL,ASO,ES,Towers with Display (VFR),0,23,131,0,154,0,18,469,0,487,0,41,600,0,641,162,0,162,803
11/12/2001,FXE,FL,ASO,ES,Towers with Display (VFR),0,46,153,0,199,0,4,327,0,331,0,50,480,0,530,184,0,184,714
11/13/2001,FXE,FL,ASO,ES,Towers with Display (VFR),0,54,165,0,219,0,5,445,0,450,0,59,610,0,669,150,0,150,819
11/14/2001,FXE,FL,ASO,ES,Towers with Display (VFR),0,53,116,0,169,0,13,358,0,371,0,66,474,0,540,166,0,166,706
11/15/2001,FXE,FL,ASO,ES,Towers with Display (VFR),0,65,167,0,232,0,10,211,0,221,0,75,378,0,453,156,0,156,609
11/16/2001,FXE,FL,ASO,ES,Towers with Display (VFR),0,60,135,0,195,0,20,425,0,445,0,80,560,0,640,202,0,202,842
11/17/2001,FXE,FL,ASO,ES,Towers with Display (VFR),0,38,86,0,124,0,0,340,0,340,0,38,426,0,464,182,0,182,646
11/18/2001,FXE,FL,ASO,ES,Towers with Display (VFR),0,25,129,0,154,0,10,270,0,280,0,35,399,0,434,234,0,234,668
11/19/2001,FXE,FL,ASO,ES,Towers with Display (VFR),0,46,123,0,169,0,5,275,0,280,0,51,398,0,449,236,0,236,685
11/20/2001,FXE,FL,ASO,ES,Towers with Display (VFR),0,67,171,0,238,0,10,385,0,395,0,77,556,0,633,192,0,192,825
11/21/2001,FXE,FL,ASO,ES,Towers with Display (VFR),0,55,170,0,225,0,16,477,0,493,0,71,647,0,718,132,0,132,850
11/22/2001,FXE,FL,ASO,ES,Towers with Display (VFR),0,15,75,0,90,0,7,193,0,200,0,22,268,0,290,170,0,170,460
11/23/2001,FXE,FL,ASO,ES,Towers with Display (VFR),0,29,112,0,141,0,6,368,0,374,0,35,480,0,515,164,0,164,679
11/24/2001,FXE,FL,ASO,ES,Towers with Display (VFR),0,28,92,0,120,0,0,304,4,308,0,28,396,4,428,208,0,208,636
11/25/2001,FXE,FL,ASO,ES,Towers with Display (VFR),0,49,183,0,232,0,1,356,0,357,0,50,539,0,589,218,0,218,807
11/26/2001,FXE,FL,ASO,ES,Towers with Display (VFR),0,39,144,0,183,0,7,424,0,431,0,46,568,0,614,202,0,202,816
11/27/2001,FXE,FL,ASO,ES,Towers with Display (VFR),0,40,133,0,173,0,0,356,0,356,0,40,489,0,529,186,0,186,715
11/28/2001,FXE,FL,ASO,ES,Towers with Display (VFR),0,46,163,0,209,0,7,389,0,396,0,53,552,0,605,216,0,216,821
11/29/2001,FXE,FL,ASO,ES,Towers with Display (VFR),0,47,162,0,209,0,18,432,0,450,0,65,594,0,659,194,0,194,853
11/30/2001,FXE,FL,ASO,ES,Towers with Display (VFR),0,36,164,0,200,0,21,366,0,387,0,57,530,0,587,210,0,210,797
12/01/2001,FXE,FL,ASO,ES,Towers with Display (VFR),0,27,106,0,133,0,10,355,0,365,0,37,461,0,498,294,0,294,792
12/02/2001,FXE,FL,ASO,ES,Towers with Display (VFR),0,45,121,0,166,0,4,293,0,297,0,49,414,0,463,236,0,236,699
12/03/2001,FXE,FL,ASO,ES,Towers with Display (VFR),0,32,135,0,167,0,7,383,0,390,0,39,518,0,557,146,0,146,703
12/04/2001,FXE,FL,ASO,ES,Towers with Display (VFR),0,53,149,1,203,0,9,354,0,363,0,62,503,1,566,202,0,202,768
12/05/2001,FXE,FL,ASO,ES,Towers with Display (VFR),0,65,175,0,240,0,4,378,0,382,0,69,553,0,622,98,0,98,720
12/06/2001,FXE,FL,ASO,ES,Towers with Display (VFR),0,57,150,0,207,0,5,268,0,273,0,62,418,0,480,152,0,152,632
12/07/2001,FXE,FL,ASO,ES,Towers with Display (VFR),0,50,180,0,230,0,14,323,0,337,0,64,503,0,567,240,0,240,807
12/08/2001,FXE,FL,ASO,ES,Towers with Display (VFR),0,18,107,0,125,0,6,551,0,557,0,24,658,0,682,116,0,116,798
12/09/2001,FXE,FL,ASO,ES,Towers with Display (VFR),0,26,148,0,174,0,7,310,0,317,0,33,458,0,491,279,0,279,770
12/10/2001,FXE,FL,ASO,ES,Towers with Display (VFR),0,37,154,0,191,0,16,356,0,372,0,53,510,0,563,180,0,180,743
12/11/2001,FXE,FL,ASO,ES,Towers with Display (VFR),0,34,165,0,199,0,12,401,0,413,0,46,566,0,612,186,0,186,798
12/12/2001,FXE,FL,ASO,ES,Towers with Display (VFR),0,38,177,0,215,0,15,427,0,442,0,53,604,0,657,176,0,176,833
12/13/2001,FXE,FL,ASO,ES,Towers with Display (VFR),0,43,156,0,199,0,12,373,0,385,0,55,529,0,584,188,0,188,772
12/14/2001,FXE,FL,ASO,ES,Towers with Display (VFR),0,35,137,0,172,0,21,395,0,416,0,56,532,0,588,168,0,168,756
12/15/2001,FXE,FL,ASO,ES,Towers with Display (VFR),0,24,126,0,150,0,0,352,0,352,0,24,478,0,502,212,0,212,714
12/16/2001,FXE,FL,ASO,ES,Towers with Display (VFR),0,9,112,0,121,0,0,310,0,310,0,9,422,0,431,196,0,196,627
12/17/2001,FXE,FL,ASO,ES,Towers with Display (VFR),0,33,130,0,163,0,3,266,0,269,0,36,396,0,432,162,0,162,594
12/18/2001,FXE,FL,ASO,ES,Towers with Display (VFR),0,31,121,0,152,0,20,300,0,320,0,51,421,0,472,80,0,80,552
12/19/2001,FXE,FL,ASO,ES,Towers with Display (VFR),0,41,102,0,143,0,12,399,0,411,0,53,501,0,554,186,0,186,740
12/20/2001,FXE,FL,ASO,ES,Towers with Display (VFR),0,43,133,0,176,0,8,429,0,437,0,51,562,0,613,166,0,166,779
12/21/2001,FXE,FL,ASO,ES,Towers with Display (VFR),0,43,161,0,204,0,11,316,0,327,0,54,477,0,531,106,0,106,637
12/22/2001,FXE,FL,ASO,ES,Towers with Display (VFR),0,40,156,0,196,0,4,313,0,317,0,44,469,0,513,114,0,114,627
12/23/2001,FXE,FL,ASO,ES,Towers with Display (VFR),0,16,111,0,127,0,8,243,0,251,0,24,354,0,378,106,0,106,484
12/24/2001,FXE,FL,ASO,ES,Towers with Display (VFR),0,24,68,0,92,0,9,153,0,162,0,33,221,0,254,108,0,108,362
12/25/2001,FXE,FL,ASO,ES,Towers with Display (VFR),0,12,41,0,53,0,4,87,0,91,0,16,128,0,144,70,0,70,214
12/26/2001,FXE,FL,ASO,ES,Towers with Display (VFR),0,41,134,0,175,0,11,256,0,267,0,52,390,0,442,68,0,68,510
12/27/2001,FXE,FL,ASO,ES,Towers with Display (VFR),0,48,146,0,194,0,15,391,0,406,0,63,537,0,600,96,0,96,696
12/28/2001,FXE,FL,ASO,ES,Towers with Display (VFR),0,40,143,0,183,0,15,345,0,360,0,55,488,0,543,126,0,126,669
12/29/2001,FXE,FL,ASO,ES,Towers with Display (VFR),0,27,132,0,159,0,5,309,0,314,0,32,441,0,473,128,0,128,601
12/30/2001,FXE,FL,ASO,ES,Towers with Display (VFR),0,29,150,0,179,0,8,269,0,277,0,37,419,0,456,136,0,136,592
12/31/2001,FXE,FL,ASO,ES,Towers with Display (VFR),0,0,0,0,0,0,37,419,0,456,0,37,419,0,456,136,0,136,592
01/01/2002,FXE,FL,ASO,ES,Towers with Display (VFR),0,41,136,0,177,0,13,206,0,219,0,54,342,0,396,44,0,44,440
01/02/2002,FXE,FL,ASO,ES,Towers with Display (VFR),0,70,187,0,257,0,8,216,0,224,0,78,403,0,481,68,0,68,549
01/03/2002,FXE,FL,ASO,ES,Towers with Display (VFR),0,54,166,0,220,0,10,247,0,257,0,64,413,0,477,62,0,62,539
01/04/2002,FXE,FL,ASO,ES,Towers with Display (VFR),0,42,138,0,180,0,4,316,0,320,0,46,454,0,500,32,0,32,532
01/05/2002,FXE,FL,ASO,ES,Towers with Display (VFR),0,62,179,0,241,0,10,377,0,387,0,72,556,0,628,132,0,132,760
01/06/2002,FXE,FL,ASO,ES,Towers with Display (VFR),0,40,127,0,167,0,17,135,0,152,0,57,262,0,319,130,0,130,449
01/07/2002,FXE,FL,ASO,ES,Towers with Display (VFR),0,31,97,0,128,0,7,261,0,268,0,38,358,0,396,68,0,68,464
01/08/2002,FXE,FL,ASO,ES,Towers with Display (VFR),0,31,125,0,156,0,11,320,0,331,0,42,445,0,487,150,0,150,637
01/09/2002,FXE,FL,ASO,ES,Towers with Display (VFR),0,37,90,0,127,0,4,364,0,368,0,41,454,0,495,132,0,132,627
01/10/2002,FXE,FL,ASO,ES,Towers with Display (VFR),0,41,125,0,166,0,4,454,0,458,0,45,579,0,624,132,0,132,756
01/11/2002,FXE,FL,ASO,ES,Towers with Display (VFR),0,26,165,0,191,0,10,404,0,414,0,36,569,0,605,118,0,118,723
01/12/2002,FXE,FL,ASO,ES,Towers with Display (VFR),0,18,156,0,174,0,5,358,0,363,0,23,514,0,537,176,0,176,713
01/13/2002,FXE,FL,ASO,ES,Towers with Display (VFR),0,26,117,2,145,0,6,292,0,298,0,32,409,2,443,138,0,138,581
01/14/2002,FXE,FL,ASO,ES,Towers with Display (VFR),0,35,159,0,194,0,11,314,0,325,0,46,473,0,519,176,0,176,695
01/15/2002,FXE,FL,ASO,ES,Towers with Display (VFR),0,38,178,0,216,0,5,334,0,339,0,43,512,0,555,160,0,160,715
01/16/2002,FXE,FL,ASO,ES,Towers with Display (VFR),0,37,186,0,223,0,3,364,0,367,0,40,550,0,590,130,0,130,720
01/17/2002,FXE,FL,ASO,ES,Towers with Display (VFR),0,33,178,0,211,0,10,371,0,381,0,43,549,0,592,166,0,166,758
01/18/2002,FXE,FL,ASO,ES,Towers with Display (VFR),0,41,175,0,216,0,13,350,0,363,0,54,525,0,579,88,1,89,668
01/19/2002,FXE,FL,ASO,ES,Towers with Display (VFR),0,17,136,0,153,0,8,346,8,362,0,25,482,8,515,136,0,136,651
01/20/2002,FXE,FL,ASO,ES,Towers with Display (VFR),0,17,127,0,144,0,4,316,0,320,0,21,443,0,464,248,0,248,712
01/21/2002,FXE,FL,ASO,ES,Towers with Display (VFR),0,30,194,1,225,0,5,389,0,394,0,35,583,1,619,124,0,124,743
01/22/2002,FXE,FL,ASO,ES,Towers with Display (VFR),0,35,179,0,214,0,12,350,0,362,0,47,529,0,576,94,0,94,670
01/23/2002,FXE,FL,ASO,ES,Towers with Display (VFR),0,33,186,0,219,0,6,413,0,419,0,39,599,0,638,174,0,174,812
01/24/2002,FXE,FL,ASO,ES,Towers with Display (VFR),0,39,196,0,235,0,12,330,0,342,0,51,526,0,577,126,0,126,703
01/25/2002,FXE,FL,ASO,ES,Towers with Display (VFR),0,51,195,0,246,0,9,411,0,420,0,60,606,0,666,122,0,122,788
01/26/2002,FXE,FL,ASO,ES,Towers with Display (VFR),0,34,142,0,176,0,16,387,0,403,0,50,529,0,579,190,2,192,771
01/27/2002,FXE,FL,ASO,ES,Towers with Display (VFR),0,25,167,0,192,0,0,287,0,287,0,25,454,0,479,134,0,134,613
01/28/2002,FXE,FL,ASO,ES,Towers with Display (VFR),0,41,182,0,223,0,6,304,0,310,0,47,486,0,533,162,0,162,695
01/29/2002,FXE,FL,ASO,ES,Towers with Display (VFR),0,46,178,0,224,0,8,371,0,379,0,54,549,0,603,142,0,142,745
01/30/2002,FXE,FL,ASO,ES,Towers with Display (VFR),0,44,198,0,242,0,7,424,0,431,0,51,622,0,673,134,0,134,807
01/31/2002,FXE,FL,ASO,ES,Towers with Display (VFR),0,43,178,0,221,0,6,424,0,430,0,49,602,0,651,138,0,138,789
02/01/2002,FXE,FL,ASO,ES,Towers with Display (VFR),0,25,175,0,200,0,8,294,0,302,0,33,469,0,502,94,0,94,596
02/02/2002,FXE,FL,ASO,ES,Towers with Display (VFR),0,20,172,0,192,0,5,399,0,404,0,25,571,0,596,206,0,206,802
02/03/2002,FXE,FL,ASO,ES,Towers with Display (VFR),0,31,124,0,155,0,1,252,0,253,0,32,376,0,408,120,0,120,528
02/04/2002,FXE,FL,ASO,ES,Towers with Display (VFR),0,36,130,0,166,0,4,351,0,355,0,40,481,0,521,136,0,136,657
02/05/2002,FXE,FL,ASO,ES,Towers with Display (VFR),0,34,169,0,203,0,3,384,0,387,0,37,553,0,590,110,0,110,700
02/06/2002,FXE,FL,ASO,ES,Towers with Display (VFR),0,42,178,0,220,0,3,372,0,375,0,45,550,0,595,70,0,70,665
02/07/2002,FXE,FL,ASO,ES,Towers with Display (VFR),0,42,137,0,179,0,15,430,0,445,0,57,567,0,624,132,0,132,756
02/08/2002,FXE,FL,ASO,ES,Towers with Display (VFR),0,43,180,0,223,0,13,613,0,626,0,56,793,0,849,128,0,128,977
02/09/2002,FXE,FL,ASO,ES,Towers with Display (VFR),0,28,156,0,184,0,11,339,0,350,0,39,495,0,534,178,0,178,712
02/10/2002,FXE,FL,ASO,ES,Towers with Display (VFR),0,28,119,0,147,0,7,171,0,178,0,35,290,0,325,126,0,126,451
02/11/2002,FXE,FL,ASO,ES,Towers with Display (VFR),0,42,149,0,191,0,11,375,0,386,0,53,524,0,577,112,0,112,689
02/12/2002,FXE,FL,ASO,ES,Towers with Display (VFR),0,40,157,0,197,0,15,450,0,465,0,55,607,0,662,182,0,182,844
02/13/2002,FXE,FL,ASO,ES,Towers with Display (VFR),0,42,154,0,196,0,13,421,0,434,0,55,575,0,630,102,0,102,732
02/14/2002,FXE,FL,ASO,ES,Towers with Display (VFR),0,67,207,0,274,0,6,299,0,305,0,73,506,0,579,124,0,124,703
02/15/2002,FXE,FL,ASO,ES,Towers with Display (VFR),0,66,250,0,316,0,9,414,0,423,0,75,664,0,739,144,0,144,883
02/16/2002,FXE,FL,ASO,ES,Towers with Display (VFR),0,45,136,0,181,0,4,139,0,143,0,49,275,0,324,86,0,86,410
02/17/2002,FXE,FL,ASO,ES,Towers with Display (VFR),0,27,150,0,177,0,1,496,0,497,0,28,646,0,674,93,0,93,767
02/18/2002,FXE,FL,ASO,ES,Towers with Display (VFR),0,34,178,0,212,0,12,359,0,371,0,46,537,0,583,152,0,152,735
02/19/2002,FXE,FL,ASO,ES,Towers with Display (VFR),0,47,210,0,257,0,7,419,0,426,0,54,629,0,683,144,0,144,827
02/20/2002,FXE,FL,ASO,ES,Towers with Display (VFR),0,52,206,0,258,0,10,414,0,424,0,62,620,0,682,64,0,64,746
02/21/2002,FXE,FL,ASO,ES,Towers with Display (VFR),0,46,193,0,239,0,5,374,0,379,0,51,567,0,618,88,0,88,706
02/22/2002,FXE,FL,ASO,ES,Towers with Display (VFR),0,44,183,0,227,0,12,335,0,347,0,56,518,0,574,220,0,220,794
02/23/2002,FXE,FL,ASO,ES,Towers with Display (VFR),0,29,148,0,177,0,0,96,0,96,0,29,244,0,273,90,0,90,363
02/24/2002,FXE,FL,ASO,ES,Towers with Display (VFR),0,44,140,0,184,0,2,354,0,356,0,46,494,0,540,168,0,168,708
02/25/2002,FXE,FL,ASO,ES,Towers with Display (VFR),0,43,162,0,205,0,4,395,4,403,0,47,557,4,608,109,0,109,717
02/26/2002,FXE,FL,ASO,ES,Towers with Display (VFR),0,35,188,2,225,0,11,379,1,391,0,46,567,3,616,131,0,131,747
02/27/2002,FXE,FL,ASO,ES,Towers with Display (VFR),0,47,154,0,201,0,9,331,0,340,0,56,485,0,541,112,0,112,653
02/28/2002,FXE,FL,ASO,ES,Towers with Display (VFR),0,51,166,1,218,0,11,392,0,403,0,62,558,1,621,178,0,178,799
03/01/2002,FXE,FL,ASO,ES,Towers with Display (VFR),0,45,182,4,231,0,8,239,1,248,0,53,421,5,479,108,0,108,587
03/02/2002,FXE,FL,ASO,ES,Towers with Display (VFR),0,27,140,0,167,0,4,212,0,216,0,31,352,0,383,24,0,24,407
03/03/2002,FXE,FL,ASO,ES,Towers with Display (VFR),0,32,148,0,180,0,12,307,0,319,0,44,455,0,499,118,0,118,617
03/04/2002,FXE,FL,ASO,ES,Towers with Display (VFR),0,29,123,0,152,0,5,95,0,100,0,34,218,0,252,62,0,62,314
03/05/2002,FXE,FL,ASO,ES,Towers with Display (VFR),0,40,158,0,198,0,14,268,0,282,0,54,426,0,480,104,0,104,584
03/06/2002,FXE,FL,ASO,ES,Towers with Display (VFR),0,43,182,0,225,0,7,220,0,227,0,50,402,0,452,102,0,102,554
03/07/2002,FXE,FL,ASO,ES,Towers with Display (VFR),0,44,167,0,211,0,3,179,0,182,0,47,346,0,393,106,0,106,499
03/08/2002,FXE,FL,ASO,ES,Towers with Display (VFR),0,38,211,0,249,0,10,539,4,553,0,48,750,4,802,90,0,90,892
03/09/2002,FXE,FL,ASO,ES,Towers with Display (VFR),0,26,155,0,181,0,2,499,0,501,0,28,654,0,682,120,0,120,802
03/10/2002,FXE,FL,ASO,ES,Towers with Display (VFR),0,33,191,0,224,0,11,429,0,440,0,44,620,0,664,94,0,94,758
03/11/2002,FXE,FL,ASO,ES,Towers with Display (VFR),0,32,166,0,198,0,4,366,0,370,0,36,532,0,568,104,0,104,672
03/12/2002,FXE,FL,ASO,ES,Towers with Display (VFR),0,60,147,0,207,0,4,353,0,357,0,64,500,0,564,138,0,138,702
03/13/2002,FXE,FL,ASO,ES,Towers with Display (VFR),0,37,107,0,144,0,11,426,0,437,0,48,533,0,581,126,0,126,707
03/14/2002,FXE,FL,ASO,ES,Towers with Display (VFR),0,46,153,0,199,0,6,509,0,515,0,52,662,0,714,150,0,150,864
03/15/2002,FXE,FL,ASO,ES,Towers with Display (VFR),0,45,167,0,212,0,11,544,0,555,0,56,711,0,767,60,0,60,827
03/16/2002,FXE,FL,ASO,ES,Towers with Display (VFR),0,39,146,0,185,0,12,485,0,497,0,51,631,0,682,100,0,100,782
03/17/2002,FXE,FL,ASO,ES,Towers with Display (VFR),0,28,178,0,206,0,7,385,0,392,0,35,563,0,598,138,0,138,736
03/18/2002,FXE,FL,ASO,ES,Towers with Display (VFR),0,35,177,0,212,0,9,379,0,388,0,44,556,0,600,136,0,136,736
03/19/2002,FXE,FL,ASO,ES,Towers with Display (VFR),0,48,189,0,237,0,9,427,0,436,0,57,616,0,673,150,2,152,825
03/20/2002,FXE,FL,ASO,ES,Towers with Display (VFR),0,47,163,0,210,0,10,406,0,416,0,57,569,0,626,80,0,80,706
03/21/2002,FXE,FL,ASO,ES,Towers with Display (VFR),0,53,170,2,225,0,18,454,0,472,0,71,624,2,697,108,0,108,805
03/22/2002,FXE,FL,ASO,ES,Towers with Display (VFR),0,31,205,0,236,0,12,420,0,432,0,43,625,0,668,98,0,98,766
03/23/2002,FXE,FL,ASO,ES,Towers with Display (VFR),0,41,186,0,227,0,9,470,0,479,0,50,656,0,706,157,0,157,863
03/24/2002,FXE,FL,ASO,ES,Towers with Display (VFR),0,31,159,0,190,0,9,391,0,400,0,40,550,0,590,133,0,133,723
03/25/2002,FXE,FL,ASO,ES,Towers with Display (VFR),0,52,179,0,231,0,8,410,0,418,0,60,589,0,649,182,0,182,831
03/26/2002,FXE,FL,ASO,ES,Towers with Display (VFR),0,36,152,0,188,0,9,415,0,424,0,45,567,0,612,260,0,260,872
03/27/2002,FXE,FL,ASO,ES,Towers with Display (VFR),0,40,211,0,251,0,15,441,0,456,0,55,652,0,707,218,0,218,925
03/28/2002,FXE,FL,ASO,ES,Towers with Display (VFR),0,55,227,0,282,0,14,597,0,611,0,69,824,0,893,78,0,78,971
03/29/2002,FXE,FL,ASO,ES,Towers with Display (VFR),0,45,233,0,278,0,22,458,0,480,0,67,691,0,758,84,0,84,842
03/30/2002,FXE,FL,ASO,ES,Towers with Display (VFR),0,21,193,0,214,0,2,463,0,465,0,23,656,0,679,74,0,74,753
03/31/2002,FXE,FL,ASO,ES,Towers with Display (VFR),0,46,136,0,182,0,1,269,0,270,0,47,405,0,452,157,0,157,609
04/01/2002,FXE,FL,ASO,ES,Towers with Display (VFR),0,53,181,0,234,0,36,292,0,328,0,89,473,0,562,76,0,76,638
04/02/2002,FXE,FL,ASO,ES,Towers with Display (VFR),0,43,151,0,194,0,6,406,0,412,0,49,557,0,606,98,0,98,704
04/03/2002,FXE,FL,ASO,ES,Towers with Display (VFR),0,43,148,0,191,0,23,295,0,318,0,66,443,0,509,96,0,96,605
04/04/2002,FXE,FL,ASO,ES,Towers with Display (VFR),0,37,193,0,230,0,22,532,0,554,0,59,725,0,784,100,0,100,884
04/05/2002,FXE,FL,ASO,ES,Towers with Display (VFR),0,52,173,0,225,0,6,468,0,474,0,58,641,0,699,64,0,64,763
04/06/2002,FXE,FL,ASO,ES,Towers with Display (VFR),0,23,179,0,202,0,8,427,0,435,0,31,606,0,637,150,0,150,787
04/07/2002,FXE,FL,ASO,ES,Towers with Display (VFR),0,32,181,0,213,0,8,278,0,286,0,40,459,0,499,102,0,102,601
04/08/2002,FXE,FL,ASO,ES,Towers with Display (VFR),0,27,168,0,195,0,5,281,0,286,0,32,449,0,481,102,0,102,583
04/09/2002,FXE,FL,ASO,ES,Towers with Display (VFR),0,43,153,4,200,0,8,243,0,251,0,51,396,4,451,134,0,134,585
04/10/2002,FXE,FL,ASO,ES,Towers with Display (VFR),0,42,180,0,222,0,4,400,0,404,0,46,580,0,626,104,0,104,730
04/11/2002,FXE,FL,ASO,ES,Towers with Display (VFR),0,47,202,1,250,0,5,434,0,439,0,52,636,1,689,98,0,98,787
04/12/2002,FXE,FL,ASO,ES,Towers with Display (VFR),0,39,199,0,238,0,11,338,0,349,0,50,537,0,587,96,4,100,687
04/13/2002,FXE,FL,ASO,ES,Towers with Display (VFR),0,28,137,0,165,0,6,410,0,416,0,34,547,0,581,160,0,160,741
04/14/2002,FXE,FL,ASO,ES,Towers with Display (VFR),0,25,114,0,139,0,27,228,0,255,0,52,342,0,394,122,0,122,516
04/15/2002,FXE,FL,ASO,ES,Towers with Display (VFR),0,31,173,0,204,0,9,359,0,368,0,40,532,0,572,152,0,152,724
04/16/2002,FXE,FL,ASO,ES,Towers with Display (VFR),0,53,168,0,221,0,8,389,3,400,0,61,557,3,621,165,0,165,786
04/17/2002,FXE,FL,ASO,ES,Towers with Display (VFR),0,43,211,0,254,0,11,387,0,398,0,54,598,0,652,164,0,164,816
04/18/2002,FXE,FL,ASO,ES,Towers with Display (VFR),0,57,185,2,244,0,11,443,0,454,0,68,628,2,698,88,0,88,786
04/19/2002,FXE,FL,ASO,ES,Towers with Display (VFR),0,39,173,0,212,0,18,463,0,481,0,57,636,0,693,156,0,156,849
04/20/2002,FXE,FL,ASO,ES,Towers with Display (VFR),0,34,150,0,184,0,4,422,0,426,0,38,572,0,610,151,0,151,761
04/21/2002,FXE,FL,ASO,ES,Towers with Display (VFR),0,23,168,0,191,0,7,352,0,359,0,30,520,0,550,205,0,205,755
04/22/2002,FXE,FL,ASO,ES,Towers with Display (VFR),0,44,147,0,191,0,14,354,0,368,0,58,501,0,559,182,0,182,741
04/23/2002,FXE,FL,ASO,ES,Towers with Display (VFR),0,33,141,0,174,0,7,370,0,377,0,40,511,0,551,210,0,210,761
04/24/2002,FXE,FL,ASO,ES,Towers with Display (VFR),0,34,159,0,193,0,6,391,0,397,0,40,550,0,590,140,0,140,730
04/25/2002,FXE,FL,ASO,ES,Towers with Display (VFR),0,41,179,0,220,0,22,411,0,433,0,63,590,0,653,158,0,158,811
04/26/2002,FXE,FL,ASO,ES,Towers with Display (VFR),0,47,145,0,192,0,10,420,0,430,0,57,565,0,622,90,0,90,712
04/27/2002,FXE,FL,ASO,ES,Towers with Display (VFR),0,37,99,0,136,0,2,342,0,344,0,39,441,0,480,128,0,128,608
04/28/2002,FXE,FL,ASO,ES,Towers with Display (VFR),0,32,135,0,167,0,5,323,0,328,0,37,458,0,495,132,0,132,627
04/29/2002,FXE,FL,ASO,ES,Towers with Display (VFR),0,29,134,0,163,0,9,339,0,348,0,38,473,0,511,136,0,136,647
04/30/2002,FXE,FL,ASO,ES,Towers with Display (VFR),0,35,167,0,202,0,5,453,0,458,0,40,620,0,660,136,0,136,796
05/01/2002,FXE,FL,ASO,ES,Towers with Display (VFR),0,37,138,0,175,0,3,361,2,366,0,40,499,2,541,96,0,96,637
05/02/2002,FXE,FL,ASO,ES,Towers with Display (VFR),0,46,148,0,194,0,28,375,2,405,0,74,523,2,599,106,0,106,705
05/03/2002,FXE,FL,ASO,ES,Towers with Display (VFR),0,36,150,0,186,0,11,577,0,588,0,47,727,0,774,82,0,82,856
05/04/2002,FXE,FL,ASO,ES,Towers with Display (VFR),0,28,116,0,144,0,18,277,0,295,0,46,393,0,439,136,0,136,575
05/05/2002,FXE,FL,ASO,ES,Towers with Display (VFR),0,24,110,0,134,0,15,221,0,236,0,39,331,0,370,65,0,65,435
05/06/2002,FXE,FL,ASO,ES,Towers with Display (VFR),0,27,156,0,183,0,23,419,0,442,0,50,575,0,625,210,0,210,835
05/07/2002,FXE,FL,ASO,ES,Towers with Display (VFR),0,50,186,0,236,0,12,495,0,507,0,62,681,0,743,158,0,158,901
05/08/2002,FXE,FL,ASO,ES,Towers with Display (VFR),0,24,168,2,194,0,6,460,0,466,0,30,628,2,660,138,0,138,798
05/09/2002,FXE,FL,ASO,ES,Towers with Display (VFR),0,45,153,0,198,0,9,426,0,435,0,54,579,0,633,152,0,152,785
05/10/2002,FXE,FL,ASO,ES,Towers with Display (VFR),0,50,157,0,207,0,17,391,1,409,0,67,548,1,616,148,0,148,764
05/11/2002,FXE,FL,ASO,ES,Towers with Display (VFR),0,22,117,0,139,0,6,342,0,348,0,28,459,0,487,139,0,139,626
05/12/2002,FXE,FL,ASO,ES,Towers with Display (VFR),0,33,135,4,172,0,8,316,0,324,0,41,451,4,496,133,0,133,629
05/13/2002,FXE,FL,ASO,ES,Towers with Display (VFR),0,24,149,0,173,0,6,377,0,383,0,30,526,0,556,66,0,66,622
05/14/2002,FXE,FL,ASO,ES,Towers with Display (VFR),0,34,138,0,172,0,20,401,3,424,0,54,539,3,596,110,0,110,706
05/15/2002,FXE,FL,ASO,ES,Towers with Display (VFR),0,47,160,0,207,0,8,316,1,325,0,55,476,1,532,152,0,152,684
05/16/2002,FXE,FL,ASO,ES,Towers with Display (VFR),0,28,140,0,168,0,7,288,0,295,0,35,428,0,463,188,0,188,651
05/17/2002,FXE,FL,ASO,ES,Towers with Display (VFR),0,44,157,0,201,0,14,569,0,583,0,58,726,0,784,140,0,140,924
05/18/2002,FXE,FL,ASO,ES,Towers with Display (VFR),0,29,100,0,129,0,11,315,0,326,0,40,415,0,455,194,0,194,649
05/19/2002,FXE,FL,ASO,ES,Towers with Display (VFR),0,17,99,0,116,0,5,99,0,104,0,22,198,0,220,64,0,64,284
05/20/2002,FXE,FL,ASO,ES,Towers with Display (VFR),0,26,157,0,183,0,18,326,0,344,0,44,483,0,527,90,0,90,617
05/21/2002,FXE,FL,ASO,ES,Towers with Display (VFR),0,41,146,0,187,0,9,400,0,409,0,50,546,0,596,212,0,212,808
05/22/2002,FXE,FL,ASO,ES,Towers with Display (VFR),0,36,178,0,214,0,8,341,1,350,0,44,519,1,564,124,0,124,688
05/23/2002,FXE,FL,ASO,ES,Towers with Display (VFR),0,39,154,0,193,0,19,461,0,480,0,58,615,0,673,202,0,202,875
05/24/2002,FXE,FL,ASO,ES,Towers with Display (VFR),0,33,182,0,215,0,26,579,0,605,0,59,761,0,820,110,0,110,930
05/25/2002,FXE,FL,ASO,ES,Towers with Display (VFR),0,8,128,0,136,0,14,424,0,438,0,22,552,0,574,234,0,234,808
05/26/2002,FXE,FL,ASO,ES,Towers with Display (VFR),0,4,100,0,104,0,6,372,0,378,0,10,472,0,482,228,0,228,710
05/27/2002,FXE,FL,ASO,ES,Towers with Display (VFR),0,20,129,0,149,0,12,357,0,369,0,32,486,0,518,82,0,82,600
05/28/2002,FXE,FL,ASO,ES,Towers with Display (VFR),0,39,167,2,208,0,16,409,0,425,0,55,576,2,633,169,0,169,802
05/29/2002,FXE,FL,ASO,ES,Towers with Display (VFR),0,41,143,0,184,0,13,461,0,474,0,54,604,0,658,190,0,190,848
05/30/2002,FXE,FL,ASO,ES,Towers with Display (VFR),0,33,134,0,167,0,6,399,0,405,0,39,533,0,572,182,0,182,754
05/31/2002,FXE,FL,ASO,ES,Towers with Display (VFR),0,35,185,0,220,0,4,348,0,352,0,39,533,0,572,182,0,182,754
06/01/2002,FXE,FL,ASO,ES,Towers with Display (VFR),0,14,116,0,130,0,10,340,1,351,0,24,456,1,481,288,0,288,769
06/02/2002,FXE,FL,ASO,ES,Towers with Display (VFR),0,14,127,0,141,0,11,362,0,373,0,25,489,0,514,206,0,206,720
06/03/2002,FXE,FL,ASO,ES,Towers with Display (VFR),0,23,118,0,141,0,16,334,0,350,0,39,452,0,491,114,0,114,605
06/04/2002,FXE,FL,ASO,ES,Towers with Display (VFR),0,32,152,0,184,0,19,408,0,427,0,51,560,0,611,116,0,116,727
06/05/2002,FXE,FL,ASO,ES,Towers with Display (VFR),0,50,130,0,180,0,14,387,0,401,0,64,517,0,581,183,0,183,764
06/06/2002,FXE,FL,ASO,ES,Towers with Display (VFR),0,38,190,0,228,0,47,364,0,411,0,85,554,0,639,120,0,120,759
06/07/2002,FXE,FL,ASO,ES,Towers with Display (VFR),0,35,156,0,191,0,3,326,0,329,0,38,482,0,520,150,0,150,670
06/08/2002,FXE,FL,ASO,ES,Towers with Display (VFR),0,26,152,0,178,0,4,280,0,284,0,30,432,0,462,160,0,160,622
06/09/2002,FXE,FL,ASO,ES,Towers with Display (VFR),0,20,110,0,130,0,9,293,0,302,0,29,403,0,432,149,0,149,581
06/10/2002,FXE,FL,ASO,ES,Towers with Display (VFR),0,24,155,0,179,0,3,378,0,381,0,27,533,0,560,174,0,174,734
06/11/2002,FXE,FL,ASO,ES,Towers with Display (VFR),0,27,136,0,163,0,7,225,14,246,0,34,361,14,409,76,0,76,485
06/12/2002,FXE,FL,ASO,ES,Towers with Display (VFR),0,34,130,0,164,0,0,282,0,282,0,34,412,0,446,94,0,94,540
06/13/2002,FXE,FL,ASO,ES,Towers with Display (VFR),0,33,139,0,172,0,1,181,0,182,0,34,320,0,354,44,0,44,398
06/14/2002,FXE,FL,ASO,ES,Towers with Display (VFR),0,42,114,0,156,0,4,141,0,145,0,46,255,0,301,64,0,64,365
06/15/2002,FXE,FL,ASO,ES,Towers with Display (VFR),0,10,91,0,101,0,3,84,0,87,0,13,175,0,188,58,0,58,246
06/16/2002,FXE,FL,ASO,ES,Towers with Display (VFR),0,11,91,0,102,0,9,305,0,314,0,20,396,0,416,214,0,214,630
06/17/2002,FXE,FL,ASO,ES,Towers with Display (VFR),0,39,129,0,168,0,10,368,0,378,0,49,497,0,546,144,0,144,690
06/18/2002,FXE,FL,ASO,ES,Towers with Display (VFR),0,35,141,0,176,0,18,322,0,340,0,53,463,0,516,155,0,155,671
06/19/2002,FXE,FL,ASO,ES,Towers with Display (VFR),0,51,149,0,200,0,1,401,0,402,0,52,550,0,602,248,0,248,850
06/20/2002,FXE,FL,ASO,ES,Towers with Display (VFR),0,59,110,0,169,0,8,259,0,267,0,67,369,0,436,60,0,60,496
06/21/2002,FXE,FL,ASO,ES,Towers with Display (VFR),0,28,146,0,174,0,6,118,0,124,0,34,264,0,298,34,0,34,332
06/22/2002,FXE,FL,ASO,ES,Towers with Display (VFR),0,15,105,0,120,0,6,201,0,207,0,21,306,0,327,294,0,294,621
06/23/2002,FXE,FL,ASO,ES,Towers with Display (VFR),0,19,99,0,118,0,3,116,0,119,0,22,215,0,237,84,0,84,321
06/24/2002,FXE,FL,ASO,ES,Towers with Display (VFR),0,33,139,0,172,0,1,210,0,211,0,34,349,0,383,140,0,140,523
06/25/2002,FXE,FL,ASO,ES,Towers with Display (VFR),0,31,131,0,162,0,25,244,0,269,0,56,375,0,431,166,0,166,597
06/26/2002,FXE,FL,ASO,ES,Towers with Display (VFR),0,45,169,0,214,0,14,306,0,320,0,59,475,0,534,210,0,210,744
06/27/2002,FXE,FL,ASO,ES,Towers with Display (VFR),0,32,165,0,197,0,17,487,0,504,0,49,652,0,701,188,0,188,889
06/28/2002,FXE,FL,ASO,ES,Towers with Display (VFR),0,57,169,0,226,0,10,383,0,393,0,67,552,0,619,123,0,123,742
06/29/2002,FXE,FL,ASO,ES,Towers with Display (VFR),0,15,128,0,143,0,3,432,0,435,0,18,560,0,578,157,0,157,735
06/30/2002,FXE,FL,ASO,ES,Towers with Display (VFR),0,12,125,0,137,0,8,206,0,214,0,20,331,0,351,187,0,187,538
07/01/2002,FXE,FL,ASO,ES,Towers with Display (VFR),0,22,113,0,135,0,8,149,0,157,0,30,262,0,292,66,0,66,358
07/02/2002,FXE,FL,ASO,ES,Towers with Display (VFR),0,29,128,0,157,0,95,347,0,442,0,124,475,0,599,220,0,220,819
07/03/2002,FXE,FL,ASO,ES,Towers with Display (VFR),0,35,115,0,150,0,10,398,0,408,0,45,513,0,558,200,0,200,758
07/04/2002,FXE,FL,ASO,ES,Towers with Display (VFR),0,16,128,0,144,0,5,268,0,273,0,21,396,0,417,88,0,88,505
07/05/2002,FXE,FL,ASO,ES,Towers with Display (VFR),0,19,105,0,124,0,4,251,0,255,0,23,356,0,379,186,0,186,565
07/06/2002,FXE,FL,ASO,ES,Towers with Display (VFR),0,17,123,0,140,0,9,335,0,344,0,26,458,0,484,258,0,258,742
07/07/2002,FXE,FL,ASO,ES,Towers with Display (VFR),0,31,166,0,197,0,7,267,0,274,0,38,433,0,471,176,0,176,647
07/08/2002,FXE,FL,ASO,ES,Towers with Display (VFR),0,21,95,0,116,0,8,180,0,188,0,29,275,0,304,138,0,138,442
07/09/2002,FXE,FL,ASO,ES,Towers with Display (VFR),0,31,137,0,168,0,9,257,0,266,0,40,394,0,434,222,0,222,656
07/10/2002,FXE,FL,ASO,ES,Towers with Display (VFR),0,23,118,0,141,0,10,173,0,183,0,33,291,0,324,128,0,128,452
07/11/2002,FXE,FL,ASO,ES,Towers with Display (VFR),0,37,164,0,201,0,13,411,0,424,0,50,575,0,625,182,0,182,807
07/12/2002,FXE,FL,ASO,ES,Towers with Display (VFR),0,40,148,0,188,0,7,302,0,309,0,47,450,0,497,104,0,104,601
07/13/2002,FXE,FL,ASO,ES,Towers with Display (VFR),0,13,97,0,110,0,7,376,0,383,0,20,473,0,493,186,0,186,679
07/14/2002,FXE,FL,ASO,ES,Towers with Display (VFR),0,22,114,0,136,0,10,342,0,352,0,32,456,0,488,210,0,210,698
07/15/2002,FXE,FL,ASO,ES,Towers with Display (VFR),0,27,122,0,149,0,9,350,0,359,0,36,472,0,508,140,0,140,648
07/16/2002,FXE,FL,ASO,ES,Towers with Display (VFR),0,25,147,0,172,0,17,433,0,450,0,42,580,0,622,154,0,154,776
07/17/2002,FXE,FL,ASO,ES,Towers with Display (VFR),0,38,123,0,161,0,7,379,0,386,0,45,502,0,547,142,0,142,689
07/18/2002,FXE,FL,ASO,ES,Towers with Display (VFR),0,44,140,0,184,0,10,357,0,367,0,54,497,0,551,186,0,186,737
07/19/2002,FXE,FL,ASO,ES,Towers with Display (VFR),0,37,167,0,204,0,11,378,0,389,0,48,545,0,593,142,0,142,735
07/20/2002,FXE,FL,ASO,ES,Towers with Display (VFR),0,18,110,0,128,0,6,401,0,407,0,24,511,0,535,182,0,182,717
07/21/2002,FXE,FL,ASO,ES,Towers with Display (VFR),0,27,127,0,154,0,11,289,0,300,0,38,416,0,454,172,0,172,626
07/22/2002,FXE,FL,ASO,ES,Towers with Display (VFR),0,26,142,0,168,0,6,355,0,361,0,32,497,0,529,154,0,154,683
07/23/2002,FXE,FL,ASO,ES,Towers with Display (VFR),0,31,143,0,174,0,8,392,0,400,0,39,535,0,574,162,0,162,736
07/24/2002,FXE,FL,ASO,ES,Towers with Display (VFR),0,25,171,0,196,0,5,340,0,345,0,30,511,0,541,116,0,116,657
07/25/2002,FXE,FL,ASO,ES,Towers with Display (VFR),0,32,146,0,178,0,14,418,0,432,0,46,564,0,610,202,0,202,812
07/26/2002,FXE,FL,ASO,ES,Towers with Display (VFR),0,34,151,0,185,0,5,460,0,465,0,39,611,0,650,222,0,222,872
07/27/2002,FXE,FL,ASO,ES,Towers with Display (VFR),0,9,87,0,96,0,7,334,2,343,0,16,421,2,439,146,0,146,585
07/28/2002,FXE,FL,ASO,ES,Towers with Display (VFR),0,8,92,0,100,0,6,301,0,307,0,14,393,0,407,184,0,184,591
07/29/2002,FXE,FL,ASO,ES,Towers with Display (VFR),0,23,156,0,179,0,12,360,0,372,0,35,516,0,551,160,0,160,711
07/30/2002,FXE,FL,ASO,ES,Towers with Display (VFR),0,35,175,0,210,0,22,381,0,403,0,57,556,0,613,242,0,242,855
07/31/2002,FXE,FL,ASO,ES,Towers with Display (VFR),0,0,0,0,0,0,57,556,0,613,0,57,556,0,613,242,0,242,855
08/01/2002,FXE,FL,ASO,ES,Towers with Display (VFR),0,38,127,0,165,0,9,385,0,394,0,47,512,0,559,116,0,116,675
08/02/2002,FXE,FL,ASO,ES,Towers with Display (VFR),0,29,110,0,139,0,4,397,0,401,0,33,507,0,540,138,0,138,678
08/03/2002,FXE,FL,ASO,ES,Towers with Display (VFR),0,13,86,0,99,0,1,275,0,276,0,14,361,0,375,168,0,168,543
08/04/2002,FXE,FL,ASO,ES,Towers with Display (VFR),0,11,92,0,103,0,8,258,0,266,0,19,350,0,369,111,0,111,480
08/05/2002,FXE,FL,ASO,ES,Towers with Display (VFR),0,14,113,0,127,0,7,274,0,281,0,21,387,0,408,136,0,136,544
08/06/2002,FXE,FL,ASO,ES,Towers with Display (VFR),0,39,135,0,174,0,5,350,1,356,0,44,485,1,530,106,0,106,636
08/07/2002,FXE,FL,ASO,ES,Towers with Display (VFR),0,28,123,0,151,0,12,240,0,252,0,40,363,0,403,230,0,230,633
08/08/2002,FXE,FL,ASO,ES,Towers with Display (VFR),0,30,151,0,181,0,8,362,0,370,0,38,513,0,551,139,0,139,690
08/09/2002,FXE,FL,ASO,ES,Towers with Display (VFR),0,31,89,0,120,0,21,225,0,246,0,52,314,0,366,48,0,48,414
08/10/2002,FXE,FL,ASO,ES,Towers with Display (VFR),0,12,117,0,129,0,1,395,0,396,0,13,512,0,525,196,0,196,721
08/11/2002,FXE,FL,ASO,ES,Towers with Display (VFR),0,22,110,0,132,0,3,152,1,156,0,25,262,1,288,108,0,108,396
08/12/2002,FXE,FL,ASO,ES,Towers with Display (VFR),0,22,140,0,162,0,8,338,0,346,0,30,478,0,508,152,0,152,660
08/13/2002,FXE,FL,ASO,ES,Towers with Display (VFR),0,31,128,0,159,0,0,328,0,328,0,31,456,0,487,118,0,118,605
08/14/2002,FXE,FL,ASO,ES,Towers with Display (VFR),0,27,150,0,177,0,5,386,0,391,0,32,536,0,568,202,0,202,770
08/15/2002,FXE,FL,ASO,ES,Towers with Display (VFR),0,32,172,0,204,0,5,395,2,402,0,37,567,2,606,219,0,219,825
08/16/2002,FXE,FL,ASO,ES,Towers with Display (VFR),0,44,153,0,197,0,12,261,0,273,0,56,414,0,470,89,0,89,559
08/17/2002,FXE,FL,ASO,ES,Towers with Display (VFR),0,31,107,0,138,0,11,345,0,356,0,42,452,0,494,208,0,208,702
08/18/2002,FXE,FL,ASO,ES,Towers with Display (VFR),0,11,110,0,121,0,10,324,0,334,0,21,434,0,455,203,0,203,658
08/19/2002,FXE,FL,ASO,ES,Towers with Display (VFR),0,18,121,0,139,0,13,349,0,362,0,31,470,0,501,208,0,208,709
08/20/2002,FXE,FL,ASO,ES,Towers with Display (VFR),0,30,110,0,140,0,3,265,0,268,0,33,375,0,408,74,0,74,482
08/21/2002,FXE,FL,ASO,ES,Towers with Display (VFR),0,33,166,0,199,0,6,396,0,402,0,39,562,0,601,162,0,162,763
08/22/2002,FXE,FL,ASO,ES,Towers with Display (VFR),0,30,131,0,161,0,17,396,0,413,0,47,527,0,574,183,0,183,757
08/23/2002,FXE,FL,ASO,ES,Towers with Display (VFR),0,27,150,0,177,0,6,375,0,381,0,33,525,0,558,184,0,184,742
08/24/2002,FXE,FL,ASO,ES,Towers with Display (VFR),0,20,119,0,139,0,12,350,1,363,0,32,469,1,502,160,0,160,662
08/25/2002,FXE,FL,ASO,ES,Towers with Display (VFR),0,9,133,0,142,0,7,307,0,314,0,16,440,0,456,246,0,246,702
08/26/2002,FXE,FL,ASO,ES,Towers with Display (VFR),0,15,121,0,136,0,18,268,0,286,0,33,389,0,422,120,2,122,544
08/27/2002,FXE,FL,ASO,ES,Towers with Display (VFR),0,23,113,0,136,0,4,244,0,248,0,27,357,0,384,138,0,138,522
08/28/2002,FXE,FL,ASO,ES,Towers with Display (VFR),0,24,130,0,154,0,9,249,0,258,0,33,379,0,412,128,0,128,540
08/29/2002,FXE,FL,ASO,ES,Towers with Display (VFR),0,32,148,0,180,0,5,387,0,392,0,37,535,0,572,152,0,152,724
08/30/2002,FXE,FL,ASO,ES,Towers with Display (VFR),0,36,162,0,198,0,9,357,1,367,0,45,519,1,565,156,0,156,721
08/31/2002,FXE,FL,ASO,ES,Towers with Display (VFR),0,10,108,0,118,0,35,411,1,447,0,45,519,1,565,156,0,156,721
09/01/2002,FXE,FL,ASO,ES,Towers with Display (VFR),0,9,84,0,93,0,3,212,0,215,0,12,296,0,308,152,0,152,460
09/02/2002,FXE,FL,ASO,ES,Towers with Display (VFR),0,11,123,0,134,0,7,297,0,304,0,18,420,0,438,146,0,146,584
09/03/2002,FXE,FL,ASO,ES,Towers with Display (VFR),0,19,139,0,158,0,4,257,0,261,0,23,396,0,419,88,0,88,507
09/04/2002,FXE,FL,ASO,ES,Towers with Display (VFR),0,17,109,0,126,0,2,342,0,344,0,19,451,0,470,130,0,130,600
09/05/2002,FXE,FL,ASO,ES,Towers with Display (VFR),0,29,120,0,149,0,5,239,0,244,0,34,359,0,393,114,0,114,507
09/06/2002,FXE,FL,ASO,ES,Towers with Display (VFR),0,23,161,0,184,0,8,344,0,352,0,31,505,0,536,131,0,131,667
09/07/2002,FXE,FL,ASO,ES,Towers with Display (VFR),0,15,105,0,120,0,1,302,0,303,0,16,407,0,423,218,0,218,641
09/08/2002,FXE,FL,ASO,ES,Towers with Display (VFR),0,9,111,0,120,0,0,261,0,261,0,9,372,0,381,150,0,150,531
09/09/2002,FXE,FL,ASO,ES,Towers with Display (VFR),0,18,133,0,151,0,6,323,0,329,0,24,456,0,480,122,0,122,602
09/10/2002,FXE,FL,ASO,ES,Towers with Display (VFR),0,37,130,0,167,0,14,349,0,363,0,51,479,0,530,166,0,166,696
09/11/2002,FXE,FL,ASO,ES,Towers with Display (VFR),0,30,115,0,145,0,4,287,0,291,0,34,402,0,436,104,0,104,540
09/12/2002,FXE,FL,ASO,ES,Towers with Display (VFR),0,27,136,0,163,0,8,237,0,245,0,35,373,0,408,144,0,144,552
09/13/2002,FXE,FL,ASO,ES,Towers with Display (VFR),0,23,159,0,182,0,6,353,0,359,0,29,512,0,541,216,0,216,757
09/14/2002,FXE,FL,ASO,ES,Towers with Display (VFR),0,6,106,0,112,0,3,328,0,331,0,9,434,0,443,178,0,178,621
09/15/2002,FXE,FL,ASO,ES,Towers with Display (VFR),0,4,94,0,98,0,3,303,0,306,0,7,397,0,404,150,0,150,554
09/16/2002,FXE,FL,ASO,ES,Towers with Display (VFR),0,28,136,0,164,0,9,323,0,332,0,37,459,0,496,188,0,188,684
09/17/2002,FXE,FL,ASO,ES,Towers with Display (VFR),0,35,137,0,172,0,1,409,0,410,0,36,546,0,582,126,0,126,708
09/18/2002,FXE,FL,ASO,ES,Towers with Display (VFR),0,27,144,0,171,0,9,343,0,352,0,36,487,0,523,178,0,178,701
09/19/2002,FXE,FL,ASO,ES,Towers with Display (VFR),0,29,142,0,171,0,5,349,0,354,0,34,491,0,525,172,0,172,697
09/20/2002,FXE,FL,ASO,ES,Towers with Display (VFR),0,40,141,1,182,0,6,291,2,299,0,46,432,3,481,128,2,130,611
09/21/2002,FXE,FL,ASO,ES,Towers with Display (VFR),0,9,101,0,110,0,3,329,0,332,0,12,430,0,442,158,0,158,600
09/22/2002,FXE,FL,ASO,ES,Towers with Display (VFR),0,8,95,0,103,0,11,258,0,269,0,19,353,0,372,160,0,160,532
09/23/2002,FXE,FL,ASO,ES,Towers with Display (VFR),0,18,109,0,127,0,1,262,0,263,0,19,371,0,390,162,0,162,552
09/24/2002,FXE,FL,ASO,ES,Towers with Display (VFR),0,37,116,0,153,0,6,352,0,358,0,43,468,0,511,146,0,146,657
09/25/2002,FXE,FL,ASO,ES,Towers with Display (VFR),0,22,124,0,146,0,6,309,0,315,0,28,433,0,461,156,0,156,617
09/26/2002,FXE,FL,ASO,ES,Towers with Display (VFR),0,35,158,0,193,0,9,349,0,358,0,44,507,0,551,150,0,150,701
09/27/2002,FXE,FL,ASO,ES,Towers with Display (VFR),0,22,137,0,159,0,13,309,0,322,0,35,446,0,481,130,0,130,611
09/28/2002,FXE,FL,ASO,ES,Towers with Display (VFR),0,11,108,1,120,0,0,386,1,387,0,11,494,2,507,178,0,178,685
09/29/2002,FXE,FL,ASO,ES,Towers with Display (VFR),0,2,102,0,104,0,2,286,0,288,0,4,388,0,392,180,0,180,572
09/30/2002,FXE,FL,ASO,ES,Towers with Display (VFR),0,19,121,0,140,0,3,268,0,271,0,22,389,0,411,146,0,146,557
10/01/2002,FXE,FL,ASO,ES,Towers with Display (VFR),0,18,92,0,110,0,3,286,0,289,0,21,378,0,399,168,0,168,567
10/02/2002,FXE,FL,ASO,ES,Towers with Display (VFR),0,19,119,0,138,0,4,402,1,407,0,23,521,1,545,162,0,162,707
10/03/2002,FXE,FL,ASO,ES,Towers with Display (VFR),0,30,145,0,175,0,16,351,0,367,0,46,496,0,542,202,0,202,744
10/04/2002,FXE,FL,ASO,ES,Towers with Display (VFR),0,23,159,0,182,0,10,300,0,310,0,33,459,0,492,92,0,92,584
10/05/2002,FXE,FL,ASO,ES,Towers with Display (VFR),0,5,85,0,90,0,4,311,0,315,0,9,396,0,405,216,0,216,621
10/06/2002,FXE,FL,ASO,ES,Towers with Display (VFR),0,15,132,0,147,0,3,262,0,265,0,18,394,0,412,163,0,163,575
10/07/2002,FXE,FL,ASO,ES,Towers with Display (VFR),0,15,133,0,148,0,4,288,0,292,0,19,421,0,440,158,0,158,598
10/08/2002,FXE,FL,ASO,ES,Towers with Display (VFR),0,24,140,0,164,0,14,317,0,331,0,38,457,0,495,88,0,88,583
10/09/2002,FXE,FL,ASO,ES,Towers with Display (VFR),0,20,150,0,170,0,9,333,0,342,0,29,483,0,512,176,0,176,688
10/10/2002,FXE,FL,ASO,ES,Towers with Display (VFR),0,31,151,0,182,0,13,390,0,403,0,44,541,0,585,222,0,222,807
10/11/2002,FXE,FL,ASO,ES,Towers with Display (VFR),0,24,179,0,203,0,4,354,0,358,0,28,533,0,561,204,0,204,765
10/12/2002,FXE,FL,ASO,ES,Towers with Display (VFR),0,7,112,0,119,0,5,274,0,279,0,12,386,0,398,194,0,194,592
10/13/2002,FXE,FL,ASO,ES,Towers with Display (VFR),0,9,101,0,110,0,6,358,0,364,0,15,459,0,474,242,0,242,716
10/14/2002,FXE,FL,ASO,ES,Towers with Display (VFR),0,21,147,0,168,0,5,320,0,325,0,26,467,0,493,124,0,124,617
10/15/2002,FXE,FL,ASO,ES,Towers with Display (VFR),0,17,105,0,122,0,7,252,0,259,0,24,357,0,381,72,0,72,453
10/16/2002,FXE,FL,ASO,ES,Towers with Display (VFR),0,26,123,0,149,0,7,298,0,305,0,33,421,0,454,160,0,160,614
10/17/2002,FXE,FL,ASO,ES,Towers with Display (VFR),0,29,142,0,171,0,3,377,0,380,0,32,519,0,551,144,0,144,695
10/18/2002,FXE,FL,ASO,ES,Towers with Display (VFR),0,20,156,0,176,0,5,350,0,355,0,25,506,0,531,146,0,146,677
10/19/2002,FXE,FL,ASO,ES,Towers with Display (VFR),0,11,122,0,133,0,11,360,0,371,0,22,482,0,504,176,0,176,680
10/20/2002,FXE,FL,ASO,ES,Towers with Display (VFR),0,17,96,1,114,0,1,313,0,314,0,18,409,1,428,160,0,160,588
10/21/2002,FXE,FL,ASO,ES,Towers with Display (VFR),0,26,109,0,135,0,10,308,0,318,0,36,417,0,453,178,0,178,631
10/22/2002,FXE,FL,ASO,ES,Towers with Display (VFR),0,30,169,0,199,0,2,406,0,408,0,32,575,0,607,166,0,166,773
10/23/2002,FXE,FL,ASO,ES,Towers with Display (VFR),0,27,210,0,237,0,2,382,0,384,0,29,592,0,621,248,0,248,869
10/24/2002,FXE,FL,ASO,ES,Towers with Display (VFR),0,39,176,0,215,0,6,430,0,436,0,45,606,0,651,132,0,132,783
10/25/2002,FXE,FL,ASO,ES,Towers with Display (VFR),0,33,154,0,187,0,1,354,0,355,0,34,508,0,542,186,0,186,728
10/26/2002,FXE,FL,ASO,ES,Towers with Display (VFR),0,8,124,0,132,0,7,298,0,305,0,15,422,0,437,144,0,144,581
10/27/2002,FXE,FL,ASO,ES,Towers with Display (VFR),0,13,108,0,121,0,2,250,0,252,0,15,358,0,373,155,0,155,528
10/28/2002,FXE,FL,ASO,ES,Towers with Display (VFR),0,19,145,0,164,0,11,290,0,301,0,30,435,0,465,140,0,140,605
10/29/2002,FXE,FL,ASO,ES,Towers with Display (VFR),0,45,150,0,195,0,5,254,0,259,0,50,404,0,454,158,0,158,612
10/30/2002,FXE,FL,ASO,ES,Towers with Display (VFR),0,15,130,0,145,0,6,336,0,342,0,21,466,0,487,148,0,148,635
10/31/2002,FXE,FL,ASO,ES,Towers with Display (VFR),0,32,189,0,221,0,0,345,0,345,0,32,534,0,566,130,0,130,696
11/01/2002,FXE,FL,ASO,ES,Towers with Display (VFR),0,32,243,0,275,0,3,359,0,362,0,35,602,0,637,180,0,180,817
11/02/2002,FXE,FL,ASO,ES,Towers with Display (VFR),0,18,140,0,158,0,3,284,0,287,0,21,424,0,445,162,0,162,607
11/03/2002,FXE,FL,ASO,ES,Towers with Display (VFR),0,18,171,0,189,0,0,318,0,318,0,18,489,0,507,156,0,156,663
11/04/2002,FXE,FL,ASO,ES,Towers with Display (VFR),0,24,136,0,160,0,0,377,0,377,0,24,513,0,537,180,0,180,717
11/05/2002,FXE,FL,ASO,ES,Towers with Display (VFR),0,30,162,0,192,0,7,366,0,373,0,37,528,0,565,118,0,118,683
11/06/2002,FXE,FL,ASO,ES,Towers with Display (VFR),0,31,117,1,149,0,9,234,0,243,0,40,351,1,392,103,0,103,495
11/07/2002,FXE,FL,ASO,ES,Towers with Display (VFR),0,30,152,2,184,0,5,390,2,397,0,35,542,4,581,126,0,126,707
11/08/2002,FXE,FL,ASO,ES,Towers with Display (VFR),0,31,137,2,170,0,3,426,0,429,0,34,563,2,599,132,0,132,731
11/09/2002,FXE,FL,ASO,ES,Towers with Display (VFR),0,12,122,0,134,0,6,343,0,349,0,18,465,0,483,262,0,262,745
11/10/2002,FXE,FL,ASO,ES,Towers with Display (VFR),0,14,102,7,123,0,0,285,5,290,0,14,387,12,413,220,0,220,633
11/11/2002,FXE,FL,ASO,ES,Towers with Display (VFR),0,16,137,1,154,0,1,334,0,335,0,17,471,1,489,142,0,142,631
11/12/2002,FXE,FL,ASO,ES,Towers with Display (VFR),0,25,135,3,163,0,4,339,0,343,0,29,474,3,506,94,0,94,600
11/13/2002,FXE,FL,ASO,ES,Towers with Display (VFR),0,29,133,0,162,0,4,226,0,230,0,33,359,0,392,66,0,66,458
11/14/2002,FXE,FL,ASO,ES,Towers with Display (VFR),0,25,183,0,208,0,3,386,0,389,0,28,569,0,597,164,0,164,761
11/15/2002,FXE,FL,ASO,ES,Towers with Display (VFR),0,38,182,0,220,0,10,398,0,408,0,48,580,0,628,134,0,134,762
11/16/2002,FXE,FL,ASO,ES,Towers with Display (VFR),0,15,96,0,111,0,6,165,0,171,0,21,261,0,282,168,0,168,450
11/17/2002,FXE,FL,ASO,ES,Towers with Display (VFR),0,10,105,0,115,0,3,86,0,89,0,13,191,0,204,46,0,46,250
11/18/2002,FXE,FL,ASO,ES,Towers with Display (VFR),0,17,144,0,161,0,2,332,1,335,0,19,476,1,496,62,0,62,558
11/19/2002,FXE,FL,ASO,ES,Towers with Display (VFR),0,39,172,0,211,0,0,382,0,382,0,39,554,0,593,236,0,236,829
11/20/2002,FXE,FL,ASO,ES,Towers with Display (VFR),0,37,158,0,195,0,5,314,0,319,0,42,472,0,514,160,0,160,674
11/21/2002,FXE,FL,ASO,ES,Towers with Display (VFR),0,29,125,0,154,0,8,383,0,391,0,37,508,0,545,176,0,176,721
11/22/2002,FXE,FL,ASO,ES,Towers with Display (VFR),0,40,162,0,202,0,10,287,0,297,0,50,449,0,499,128,0,128,627
11/23/2002,FXE,FL,ASO,ES,Towers with Display (VFR),0,18,124,0,142,0,4,378,0,382,0,22,502,0,524,160,0,160,684
11/24/2002,FXE,FL,ASO,ES,Towers with Display (VFR),0,20,144,0,164,0,3,367,0,370,0,23,511,0,534,182,0,182,716
11/25/2002,FXE,FL,ASO,ES,Towers with Display (VFR),0,31,146,0,177,0,4,336,0,340,0,35,482,0,517,154,0,154,671
11/26/2002,FXE,FL,ASO,ES,Towers with Display (VFR),0,31,181,0,212,0,10,395,0,405,0,41,576,0,617,122,0,122,739
11/27/2002,FXE,FL,ASO,ES,Towers with Display (VFR),0,28,193,0,221,0,12,458,0,470,0,40,651,0,691,114,0,114,805
11/28/2002,FXE,FL,ASO,ES,Towers with Display (VFR),0,10,62,0,72,0,1,146,0,147,0,11,208,0,219,70,0,70,289
11/29/2002,FXE,FL,ASO,ES,Towers with Display (VFR),0,17,91,0,108,0,2,341,0,343,0,19,432,0,451,144,0,144,595
11/30/2002,FXE,FL,ASO,ES,Towers with Display (VFR),0,25,116,0,141,0,3,354,0,357,0,28,470,0,498,158,0,158,656
12/01/2002,FXE,FL,ASO,ES,Towers with Display (VFR),0,33,195,0,228,0,2,256,0,258,0,35,451,0,486,114,0,114,600
12/02/2002,FXE,FL,ASO,ES,Towers with Display (VFR),0,28,142,0,170,0,5,272,0,277,0,33,414,0,447,102,0,102,549
12/03/2002,FXE,FL,ASO,ES,Towers with Display (VFR),0,33,157,0,190,0,3,337,0,340,0,36,494,0,530,172,0,172,702
12/04/2002,FXE,FL,ASO,ES,Towers with Display (VFR),0,19,146,0,165,0,5,398,0,403,0,24,544,0,568,112,0,112,680
12/05/2002,FXE,FL,ASO,ES,Towers with Display (VFR),0,28,139,0,167,0,8,389,0,397,0,36,528,0,564,128,0,128,692
12/06/2002,FXE,FL,ASO,ES,Towers with Display (VFR),0,40,184,0,224,0,5,255,0,260,0,45,439,0,484,102,0,102,586
12/07/2002,FXE,FL,ASO,ES,Towers with Display (VFR),0,11,146,0,157,0,5,256,0,261,0,16,402,0,418,98,0,98,516
12/08/2002,FXE,FL,ASO,ES,Towers with Display (VFR),0,13,122,0,135,0,4,250,0,254,0,17,372,0,389,144,0,144,533
12/09/2002,FXE,FL,ASO,ES,Towers with Display (VFR),0,31,114,0,145,0,1,111,0,112,0,32,225,0,257,110,0,110,367
12/10/2002,FXE,FL,ASO,ES,Towers with Display (VFR),0,24,130,0,154,0,6,189,0,195,0,30,319,0,349,70,0,70,419
12/11/2002,FXE,FL,ASO,ES,Towers with Display (VFR),0,28,133,0,161,0,15,359,0,374,0,43,492,0,535,72,0,72,607
12/12/2002,FXE,FL,ASO,ES,Towers with Display (VFR),0,31,147,0,178,0,12,274,0,286,0,43,421,0,464,90,0,90,554
12/13/2002,FXE,FL,ASO,ES,Towers with Display (VFR),0,22,116,0,138,0,5,208,0,213,0,27,324,0,351,96,0,96,447
12/14/2002,FXE,FL,ASO,ES,Towers with Display (VFR),0,16,124,0,140,0,0,345,0,345,0,16,469,0,485,166,0,166,651
12/15/2002,FXE,FL,ASO,ES,Towers with Display (VFR),0,8,103,0,111,0,2,254,0,256,0,10,357,0,367,120,0,120,487
12/16/2002,FXE,FL,ASO,ES,Towers with Display (VFR),0,13,113,0,126,0,0,365,2,367,0,13,478,2,493,122,0,122,615
12/17/2002,FXE,FL,ASO,ES,Towers with Display (VFR),0,35,152,0,187,0,1,373,0,374,0,36,525,0,561,130,0,130,691
12/18/2002,FXE,FL,ASO,ES,Towers with Display (VFR),0,22,143,0,165,0,7,295,0,302,0,29,438,0,467,132,0,132,599
12/19/2002,FXE,FL,ASO,ES,Towers with Display (VFR),0,32,154,0,186,0,7,364,0,371,0,39,518,0,557,78,0,78,635
12/20/2002,FXE,FL,ASO,ES,Towers with Display (VFR),0,31,145,0,176,0,7,199,0,206,0,38,344,0,382,58,0,58,440
12/21/2002,FXE,FL,ASO,ES,Towers with Display (VFR),0,15,175,1,191,0,2,424,0,426,0,17,599,1,617,108,0,108,725
12/22/2002,FXE,FL,ASO,ES,Towers with Display (VFR),0,15,115,0,130,0,2,302,0,304,0,17,417,0,434,138,0,138,572
12/23/2002,FXE,FL,ASO,ES,Towers with Display (VFR),0,20,134,0,154,0,8,249,0,257,0,28,383,0,411,50,0,50,461
12/24/2002,FXE,FL,ASO,ES,Towers with Display (VFR),0,27,71,0,98,0,8,184,0,192,0,35,255,0,290,134,0,134,424
12/25/2002,FXE,FL,ASO,ES,Towers with Display (VFR),0,11,35,0,46,0,1,76,0,77,0,12,111,0,123,14,0,14,137
12/26/2002,FXE,FL,ASO,ES,Towers with Display (VFR),0,39,152,0,191,0,10,313,0,323,0,49,465,0,514,88,0,88,602
12/27/2002,FXE,FL,ASO,ES,Towers with Display (VFR),0,39,182,0,221,0,9,319,0,328,0,48,501,0,549,52,0,52,601
12/28/2002,FXE,FL,ASO,ES,Towers with Display (VFR),0,15,163,0,178,0,3,283,0,286,0,18,446,0,464,106,0,106,570
12/29/2002,FXE,FL,ASO,ES,Towers with Display (VFR),0,17,103,0,120,0,0,274,0,274,0,17,377,0,394,98,0,98,492
12/30/2002,FXE,FL,ASO,ES,Towers with Display (VFR),0,22,162,0,184,0,3,309,0,312,0,25,471,0,496,72,0,72,568
12/31/2002,FXE,FL,ASO,ES,Towers with Display (VFR),0,21,140,0,161,0,4,193,0,197,0,25,333,0,358,30,0,30,388
01/01/2003,FXE,FL,ASO,ES,Towers with Display (VFR),0,26,93,0,119,0,6,97,0,103,0,32,190,0,222,36,0,36,258
01/02/2003,FXE,FL,ASO,ES,Towers with Display (VFR),0,19,199,0,218,0,4,346,0,350,0,23,545,0,568,72,0,72,640
01/03/2003,FXE,FL,ASO,ES,Towers with Display (VFR),0,49,203,0,252,0,9,316,0,325,0,58,519,0,577,126,0,126,703
01/04/2003,FXE,FL,ASO,ES,Towers with Display (VFR),0,43,171,0,214,0,5,453,0,458,0,48,624,0,672,92,0,92,764
01/05/2003,FXE,FL,ASO,ES,Towers with Display (VFR),0,49,199,0,248,0,3,444,0,447,0,52,643,0,695,110,0,110,805
01/06/2003,FXE,FL,ASO,ES,Towers with Display (VFR),0,31,132,0,163,0,0,315,0,315,0,31,447,0,478,126,0,126,604
01/07/2003,FXE,FL,ASO,ES,Towers with Display (VFR),0,36,140,0,176,0,11,312,0,323,0,47,452,0,499,88,0,88,587
01/08/2003,FXE,FL,ASO,ES,Towers with Display (VFR),0,23,155,4,182,0,4,362,2,368,0,27,517,6,550,98,0,98,648
01/09/2003,FXE,FL,ASO,ES,Towers with Display (VFR),0,22,151,1,174,0,7,465,0,472,0,29,616,1,646,160,0,160,806
01/10/2003,FXE,FL,ASO,ES,Towers with Display (VFR),0,17,135,0,152,0,6,525,0,531,0,23,660,0,683,164,0,164,847
01/11/2003,FXE,FL,ASO,ES,Towers with Display (VFR),0,13,95,1,109,0,4,431,0,435,0,17,526,1,544,152,0,152,696
01/12/2003,FXE,FL,ASO,ES,Towers with Display (VFR),0,10,143,0,153,0,4,264,0,268,0,14,407,0,421,122,0,122,543
01/13/2003,FXE,FL,ASO,ES,Towers with Display (VFR),0,16,140,0,156,0,0,348,0,348,0,16,488,0,504,138,0,138,642
01/14/2003,FXE,FL,ASO,ES,Towers with Display (VFR),0,27,128,0,155,0,2,333,0,335,0,29,461,0,490,146,0,146,636
01/15/2003,FXE,FL,ASO,ES,Towers with Display (VFR),0,34,135,0,169,0,1,351,0,352,0,35,486,0,521,130,0,130,651
01/16/2003,FXE,FL,ASO,ES,Towers with Display (VFR),0,27,184,0,211,0,8,438,0,446,0,35,622,0,657,136,0,136,793
01/17/2003,FXE,FL,ASO,ES,Towers with Display (VFR),0,31,149,0,180,0,9,414,0,423,0,40,563,0,603,146,0,146,749
01/18/2003,FXE,FL,ASO,ES,Towers with Display (VFR),0,18,100,0,118,0,4,348,0,352,0,22,448,0,470,122,0,122,592
01/19/2003,FXE,FL,ASO,ES,Towers with Display (VFR),0,19,101,0,120,0,1,373,0,374,0,20,474,0,494,124,0,124,618
01/20/2003,FXE,FL,ASO,ES,Towers with Display (VFR),0,18,181,0,199,0,6,357,0,363,0,24,538,0,562,90,0,90,652
01/21/2003,FXE,FL,ASO,ES,Towers with Display (VFR),0,26,147,0,173,0,6,373,0,379,0,32,520,0,552,106,0,106,658
01/22/2003,FXE,FL,ASO,ES,Towers with Display (VFR),0,23,138,0,161,0,6,383,0,389,0,29,521,0,550,110,0,110,660
01/23/2003,FXE,FL,ASO,ES,Towers with Display (VFR),0,29,127,0,156,0,3,339,0,342,0,32,466,0,498,120,0,120,618
01/24/2003,FXE,FL,ASO,ES,Towers with Display (VFR),0,21,163,0,184,0,9,347,0,356,0,30,510,0,540,140,0,140,680
01/25/2003,FXE,FL,ASO,ES,Towers with Display (VFR),0,18,133,1,152,0,6,561,0,567,0,24,694,1,719,120,0,120,839
01/26/2003,FXE,FL,ASO,ES,Towers with Display (VFR),0,9,102,0,111,0,7,297,0,304,0,16,399,0,415,198,0,198,613
01/27/2003,FXE,FL,ASO,ES,Towers with Display (VFR),0,20,139,0,159,0,4,286,0,290,0,24,425,0,449,138,0,138,587
01/28/2003,FXE,FL,ASO,ES,Towers with Display (VFR),0,26,192,2,220,0,5,309,0,314,0,31,501,2,534,142,0,142,676
01/29/2003,FXE,FL,ASO,ES,Towers with Display (VFR),0,16,162,0,178,0,8,332,0,340,0,24,494,0,518,136,0,136,654
01/30/2003,FXE,FL,ASO,ES,Towers with Display (VFR),0,22,182,3,207,0,5,433,0,438,0,27,615,3,645,150,0,150,795
01/31/2003,FXE,FL,ASO,ES,Towers with Display (VFR),0,39,203,1,243,0,8,491,0,499,0,47,694,1,742,182,0,182,924
02/01/2003,FXE,FL,ASO,ES,Towers with Display (VFR),0,17,102,0,119,0,7,364,0,371,0,24,466,0,490,106,0,106,596
02/02/2003,FXE,FL,ASO,ES,Towers with Display (VFR),0,14,141,0,155,0,0,323,0,323,0,14,464,0,478,156,0,156,634
02/03/2003,FXE,FL,ASO,ES,Towers with Display (VFR),0,21,165,0,186,0,1,253,1,255,0,22,418,1,441,120,0,120,561
02/04/2003,FXE,FL,ASO,ES,Towers with Display (VFR),0,33,152,0,185,0,5,303,0,308,0,38,455,0,493,98,0,98,591
02/05/2003,FXE,FL,ASO,ES,Towers with Display (VFR),0,18,203,0,221,0,7,144,0,151,0,25,347,0,372,14,0,14,386
02/06/2003,FXE,FL,ASO,ES,Towers with Display (VFR),0,26,222,0,248,0,9,438,0,447,0,35,660,0,695,96,0,96,791
02/07/2003,FXE,FL,ASO,ES,Towers with Display (VFR),0,38,150,0,188,0,7,402,0,409,0,45,552,0,597,60,0,60,657
02/08/2003,FXE,FL,ASO,ES,Towers with Display (VFR),0,21,147,0,168,0,2,294,0,296,0,23,441,0,464,278,0,278,742
02/09/2003,FXE,FL,ASO,ES,Towers with Display (VFR),0,31,146,0,177,0,2,384,0,386,0,33,530,0,563,140,0,140,703
02/10/2003,FXE,FL,ASO,ES,Towers with Display (VFR),0,18,111,0,129,0,5,381,0,386,0,23,492,0,515,104,0,104,619
02/11/2003,FXE,FL,ASO,ES,Towers with Display (VFR),0,28,158,0,186,0,8,335,0,343,0,36,493,0,529,90,0,90,619
02/12/2003,FXE,FL,ASO,ES,Towers with Display (VFR),0,26,177,0,203,0,0,362,0,362,0,26,539,0,565,92,0,92,657
02/13/2003,FXE,FL,ASO,ES,Towers with Display (VFR),0,37,191,0,228,0,7,498,0,505,0,44,689,0,733,128,0,128,861
02/14/2003,FXE,FL,ASO,ES,Towers with Display (VFR),0,36,202,0,238,0,8,419,0,427,0,44,621,0,665,118,0,118,783
02/15/2003,FXE,FL,ASO,ES,Towers with Display (VFR),0,26,157,0,183,0,4,366,0,370,0,30,523,0,553,162,0,162,715
02/16/2003,FXE,FL,ASO,ES,Towers with Display (VFR),0,14,155,0,169,0,6,315,0,321,0,20,470,0,490,174,0,174,664
02/17/2003,FXE,FL,ASO,ES,Towers with Display (VFR),0,22,153,0,175,0,6,305,0,311,0,28,458,0,486,208,0,208,694
02/18/2003,FXE,FL,ASO,ES,Towers with Display (VFR),0,50,253,0,303,0,3,415,0,418,0,53,668,0,721,134,0,134,855
02/19/2003,FXE,FL,ASO,ES,Towers with Display (VFR),0,29,211,0,240,0,8,316,0,324,0,37,527,0,564,90,0,90,654
02/20/2003,FXE,FL,ASO,ES,Towers with Display (VFR),0,31,151,0,182,0,5,352,0,357,0,36,503,0,539,154,0,154,693
02/21/2003,FXE,FL,ASO,ES,Towers with Display (VFR),0,44,206,0,250,0,18,421,0,439,0,62,627,0,689,174,0,174,863
02/22/2003,FXE,FL,ASO,ES,Towers with Display (VFR),0,20,102,0,122,0,6,296,0,302,0,26,398,0,424,122,0,122,546
02/23/2003,FXE,FL,ASO,ES,Towers with Display (VFR),0,25,141,0,166,0,1,284,0,285,0,26,425,0,451,186,0,186,637
02/24/2003,FXE,FL,ASO,ES,Towers with Display (VFR),0,26,174,0,200,0,5,404,0,409,0,31,578,0,609,198,0,198,807
02/25/2003,FXE,FL,ASO,ES,Towers with Display (VFR),0,41,188,0,229,0,7,299,0,306,0,48,487,0,535,96,0,96,631
02/26/2003,FXE,FL,ASO,ES,Towers with Display (VFR),0,35,226,0,261,0,10,417,0,427,0,45,643,0,688,146,0,146,834
02/27/2003,FXE,FL,ASO,ES,Towers with Display (VFR),0,30,160,0,190,0,5,341,0,346,0,35,501,0,536,92,0,92,628
02/28/2003,FXE,FL,ASO,ES,Towers with Display (VFR),0,38,205,1,244,0,10,402,0,412,0,48,607,1,656,180,0,180,836
03/01/2003,FXE,FL,ASO,ES,Towers with Display (VFR),0,17,149,0,166,0,4,339,0,343,0,21,488,0,509,178,0,178,687
03/02/2003,FXE,FL,ASO,ES,Towers with Display (VFR),0,19,115,0,134,0,6,334,0,340,0,25,449,0,474,186,0,186,660
03/03/2003,FXE,FL,ASO,ES,Towers with Display (VFR),0,25,170,0,195,0,0,292,1,293,0,25,462,1,488,190,0,190,678
03/04/2003,FXE,FL,ASO,ES,Towers with Display (VFR),0,25,125,2,152,0,7,458,0,465,0,32,583,2,617,132,0,132,749
03/05/2003,FXE,FL,ASO,ES,Towers with Display (VFR),0,21,174,3,198,0,10,440,0,450,0,31,614,3,648,170,0,170,818
03/06/2003,FXE,FL,ASO,ES,Towers with Display (VFR),0,38,172,0,210,0,6,445,0,451,0,44,617,0,661,106,0,106,767
03/07/2003,FXE,FL,ASO,ES,Towers with Display (VFR),0,33,178,0,211,0,5,449,0,454,0,38,627,0,665,92,0,92,757
03/08/2003,FXE,FL,ASO,ES,Towers with Display (VFR),0,16,163,0,179,0,12,414,0,426,0,28,577,0,605,162,0,162,767
03/09/2003,FXE,FL,ASO,ES,Towers with Display (VFR),0,28,126,0,154,0,1,282,0,283,0,29,408,0,437,140,0,140,577
03/10/2003,FXE,FL,ASO,ES,Towers with Display (VFR),0,23,153,0,176,0,6,249,0,255,0,29,402,0,431,126,0,126,557
03/11/2003,FXE,FL,ASO,ES,Towers with Display (VFR),0,35,145,0,180,0,1,312,0,313,0,36,457,0,493,182,0,182,675
03/12/2003,FXE,FL,ASO,ES,Towers with Display (VFR),0,29,205,0,234,0,13,323,0,336,0,42,528,0,570,98,0,98,668
03/13/2003,FXE,FL,ASO,ES,Towers with Display (VFR),0,28,169,0,197,0,8,392,1,401,0,36,561,1,598,92,0,92,690
03/14/2003,FXE,FL,ASO,ES,Towers with Display (VFR),0,29,185,0,214,0,8,461,0,469,0,37,646,0,683,144,0,144,827
03/15/2003,FXE,FL,ASO,ES,Towers with Display (VFR),0,25,148,0,173,0,10,322,0,332,0,35,470,0,505,138,0,138,643
03/16/2003,FXE,FL,ASO,ES,Towers with Display (VFR),0,17,170,0,187,0,5,252,0,257,0,22,422,0,444,68,0,68,512
03/17/2003,FXE,FL,ASO,ES,Towers with Display (VFR),0,22,101,0,123,0,1,233,0,234,0,23,334,0,357,92,0,92,449
03/18/2003,FXE,FL,ASO,ES,Towers with Display (VFR),0,34,160,0,194,0,7,328,0,335,0,41,488,0,529,148,0,148,677
03/19/2003,FXE,FL,ASO,ES,Towers with Display (VFR),0,31,195,0,226,0,5,388,0,393,0,36,583,0,619,158,0,158,777
03/20/2003,FXE,FL,ASO,ES,Towers with Display (VFR),0,34,133,0,167,0,5,393,0,398,0,39,526,0,565,154,0,154,719
03/21/2003,FXE,FL,ASO,ES,Towers with Display (VFR),0,38,200,3,241,0,13,393,0,406,0,51,593,3,647,76,0,76,723
03/22/2003,FXE,FL,ASO,ES,Towers with Display (VFR),0,18,145,0,163,0,3,310,0,313,0,21,455,0,476,124,0,124,600
03/23/2003,FXE,FL,ASO,ES,Towers with Display (VFR),0,21,129,0,150,0,3,218,0,221,0,24,347,0,371,80,0,80,451
03/24/2003,FXE,FL,ASO,ES,Towers with Display (VFR),0,21,196,3,220,0,8,287,0,295,0,29,483,3,515,104,2,106,621
03/25/2003,FXE,FL,ASO,ES,Towers with Display (VFR),0,32,169,1,202,0,5,401,0,406,0,37,570,1,608,120,0,120,728
03/26/2003,FXE,FL,ASO,ES,Towers with Display (VFR),0,27,172,0,199,0,0,354,0,354,0,27,526,0,553,168,0,168,721
03/27/2003,FXE,FL,ASO,ES,Towers with Display (VFR),0,22,173,0,195,0,11,163,0,174,0,33,336,0,369,52,0,52,421
03/28/2003,FXE,FL,ASO,ES,Towers with Display (VFR),0,31,194,2,227,0,5,399,0,404,0,36,593,2,631,142,0,142,773
03/29/2003,FXE,FL,ASO,ES,Towers with Display (VFR),0,27,145,0,172,0,6,405,0,411,0,33,550,0,583,190,0,190,773
03/30/2003,FXE,FL,ASO,ES,Towers with Display (VFR),0,36,122,2,160,0,4,222,1,227,0,40,344,3,387,126,0,126,513
03/31/2003,FXE,FL,ASO,ES,Towers with Display (VFR),0,25,129,0,154,0,7,279,0,286,0,32,408,0,440,64,0,64,504
04/01/2003,FXE,FL,ASO,ES,Towers with Display (VFR),0,34,167,0,201,0,0,343,0,343,0,34,510,0,544,84,0,84,628
04/02/2003,FXE,FL,ASO,ES,Towers with Display (VFR),0,31,159,0,190,0,3,366,0,369,0,34,525,0,559,66,0,66,625
04/03/2003,FXE,FL,ASO,ES,Towers with Display (VFR),0,24,171,0,195,0,5,349,0,354,0,29,520,0,549,144,0,144,693
04/04/2003,FXE,FL,ASO,ES,Towers with Display (VFR),0,34,174,0,208,0,0,422,0,422,0,34,596,0,630,130,0,130,760
04/05/2003,FXE,FL,ASO,ES,Towers with Display (VFR),0,14,148,0,162,0,1,352,0,353,0,15,500,0,515,104,0,104,619
04/06/2003,FXE,FL,ASO,ES,Towers with Display (VFR),0,26,150,0,176,0,2,299,0,301,0,28,449,0,477,146,0,146,623
04/07/2003,FXE,FL,ASO,ES,Towers with Display (VFR),0,19,139,0,158,0,7,299,1,307,0,26,438,1,465,80,0,80,545
04/08/2003,FXE,FL,ASO,ES,Towers with Display (VFR),0,26,159,0,185,0,5,316,0,321,0,31,475,0,506,86,0,86,592
04/09/2003,FXE,FL,ASO,ES,Towers with Display (VFR),0,27,137,0,164,0,5,309,0,314,0,32,446,0,478,86,0,86,564
04/10/2003,FXE,FL,ASO,ES,Towers with Display (VFR),0,35,144,0,179,0,2,352,2,356,0,37,496,2,535,70,0,70,605
04/11/2003,FXE,FL,ASO,ES,Towers with Display (VFR),0,36,160,1,197,0,2,417,0,419,0,38,577,1,616,176,0,176,792
04/12/2003,FXE,FL,ASO,ES,Towers with Display (VFR),0,22,135,0,157,0,7,399,0,406,0,29,534,0,563,108,0,108,671
04/13/2003,FXE,FL,ASO,ES,Towers with Display (VFR),0,18,149,0,167,0,2,346,0,348,0,20,495,0,515,198,0,198,713
04/14/2003,FXE,FL,ASO,ES,Towers with Display (VFR),0,25,133,1,159,0,4,349,0,353,0,29,482,1,512,128,0,128,640
04/15/2003,FXE,FL,ASO,ES,Towers with Display (VFR),0,39,172,0,211,0,4,322,0,326,0,43,494,0,537,116,0,116,653
04/16/2003,FXE,FL,ASO,ES,Towers with Display (VFR),0,30,180,0,210,0,7,325,0,332,0,37,505,0,542,104,0,104,646
04/17/2003,FXE,FL,ASO,ES,Towers with Display (VFR),0,38,178,0,216,0,2,462,0,464,0,40,640,0,680,90,0,90,770
04/18/2003,FXE,FL,ASO,ES,Towers with Display (VFR),0,30,180,0,210,0,3,403,0,406,0,33,583,0,616,122,0,122,738
04/19/2003,FXE,FL,ASO,ES,Towers with Display (VFR),0,16,119,0,135,0,6,280,0,286,0,22,399,0,421,83,0,83,504
04/20/2003,FXE,FL,ASO,ES,Towers with Display (VFR),0,24,117,0,141,0,7,213,2,222,0,31,330,2,363,48,0,48,411
04/21/2003,FXE,FL,ASO,ES,Towers with Display (VFR),0,29,176,2,207,0,8,346,0,354,0,37,522,2,561,146,0,146,707
04/22/2003,FXE,FL,ASO,ES,Towers with Display (VFR),0,36,135,3,174,0,22,299,0,321,0,58,434,3,495,170,0,170,665
04/23/2003,FXE,FL,ASO,ES,Towers with Display (VFR),0,23,153,1,177,0,3,335,0,338,0,26,488,1,515,146,0,146,661
04/24/2003,FXE,FL,ASO,ES,Towers with Display (VFR),0,32,159,0,191,0,5,444,0,449,0,37,603,0,640,106,0,106,746
04/25/2003,FXE,FL,ASO,ES,Towers with Display (VFR),0,40,149,0,189,0,8,336,0,344,0,48,485,0,533,106,0,106,639
04/26/2003,FXE,FL,ASO,ES,Towers with Display (VFR),0,16,84,0,100,0,2,57,0,59,0,18,141,0,159,8,0,8,167
04/27/2003,FXE,FL,ASO,ES,Towers with Display (VFR),0,23,157,0,180,0,5,210,0,215,0,28,367,0,395,116,0,116,511
04/28/2003,FXE,FL,ASO,ES,Towers with Display (VFR),0,45,152,0,197,0,2,262,0,264,0,47,414,0,461,112,0,112,573
04/29/2003,FXE,FL,ASO,ES,Towers with Display (VFR),0,34,131,5,170,0,17,268,0,285,0,51,399,5,455,76,0,76,531
04/30/2003,FXE,FL,ASO,ES,Towers with Display (VFR),0,30,140,0,170,0,4,146,0,150,0,34,286,0,320,54,0,54,374
05/01/2003,FXE,FL,ASO,ES,Towers with Display (VFR),0,32,172,0,204,0,3,388,0,391,0,35,560,0,595,194,0,194,789
05/02/2003,FXE,FL,ASO,ES,Towers with Display (VFR),0,29,149,1,179,0,14,355,0,369,0,43,504,1,548,78,0,78,626
05/03/2003,FXE,FL,ASO,ES,Towers with Display (VFR),0,5,128,2,135,0,6,246,0,252,0,11,374,2,387,140,0,140,527
05/04/2003,FXE,FL,ASO,ES,Towers with Display (VFR),0,18,119,0,137,0,10,282,1,293,0,28,401,1,430,104,0,104,534
05/05/2003,FXE,FL,ASO,ES,Towers with Display (VFR),0,13,159,0,172,0,13,385,0,398,0,26,544,0,570,141,0,141,711
05/06/2003,FXE,FL,ASO,ES,Towers with Display (VFR),0,26,139,0,165,0,5,386,4,395,0,31,525,4,560,180,0,180,740
05/07/2003,FXE,FL,ASO,ES,Towers with Display (VFR),0,24,148,0,172,0,0,293,0,293,0,24,441,0,465,112,0,112,577
05/08/2003,FXE,FL,ASO,ES,Towers with Display (VFR),0,22,167,1,190,0,7,450,0,457,0,29,617,1,647,168,0,168,815
05/09/2003,FXE,FL,ASO,ES,Towers with Display (VFR),0,35,162,0,197,0,6,354,0,360,0,41,516,0,557,214,0,214,771
05/10/2003,FXE,FL,ASO,ES,Towers with Display (VFR),0,15,124,0,139,0,1,346,0,347,0,16,470,0,486,140,0,140,626
05/11/2003,FXE,FL,ASO,ES,Towers with Display (VFR),0,16,130,0,146,0,6,297,0,303,0,22,427,0,449,150,0,150,599
05/12/2003,FXE,FL,ASO,ES,Towers with Display (VFR),0,32,141,0,173,0,3,287,0,290,0,35,428,0,463,142,0,142,605
05/13/2003,FXE,FL,ASO,ES,Towers with Display (VFR),0,32,136,0,168,0,0,312,0,312,0,32,448,0,480,156,0,156,636
05/14/2003,FXE,FL,ASO,ES,Towers with Display (VFR),0,32,169,0,201,0,6,316,0,322,0,38,485,0,523,142,0,142,665
05/15/2003,FXE,FL,ASO,ES,Towers with Display (VFR),0,36,144,0,180,0,4,413,0,417,0,40,557,0,597,166,0,166,763
05/16/2003,FXE,FL,ASO,ES,Towers with Display (VFR),0,19,173,0,192,0,10,447,0,457,0,29,620,0,649,220,0,220,869
05/17/2003,FXE,FL,ASO,ES,Towers with Display (VFR),0,10,89,0,99,0,5,345,0,350,0,15,434,0,449,226,0,226,675
05/18/2003,FXE,FL,ASO,ES,Towers with Display (VFR),0,12,128,0,140,0,0,267,0,267,0,12,395,0,407,168,0,168,575
05/19/2003,FXE,FL,ASO,ES,Towers with Display (VFR),0,23,144,0,167,0,5,330,0,335,0,28,474,0,502,110,0,110,612
05/20/2003,FXE,FL,ASO,ES,Towers with Display (VFR),0,28,141,0,169,0,5,425,0,430,0,33,566,0,599,128,0,128,727
05/21/2003,FXE,FL,ASO,ES,Towers with Display (VFR),0,31,170,0,201,0,4,406,0,410,0,35,576,0,611,192,0,192,803
05/22/2003,FXE,FL,ASO,ES,Towers with Display (VFR),0,23,143,0,166,0,0,98,0,98,0,23,241,0,264,12,0,12,276
05/23/2003,FXE,FL,ASO,ES,Towers with Display (VFR),0,41,155,0,196,0,2,264,0,266,0,43,419,0,462,60,0,60,522
05/24/2003,FXE,FL,ASO,ES,Towers with Display (VFR),0,14,106,0,120,0,4,271,0,275,0,18,377,0,395,142,0,142,537
05/25/2003,FXE,FL,ASO,ES,Towers with Display (VFR),0,14,86,0,100,0,0,164,0,164,0,14,250,0,264,206,0,206,470
05/26/2003,FXE,FL,ASO,ES,Towers with Display (VFR),0,8,136,0,144,0,2,250,0,252,0,10,386,0,396,128,0,128,524
05/27/2003,FXE,FL,ASO,ES,Towers with Display (VFR),0,29,146,0,175,0,2,202,0,204,0,31,348,0,379,90,0,90,469
05/28/2003,FXE,FL,ASO,ES,Towers with Display (VFR),0,27,133,0,160,0,0,210,0,210,0,27,343,0,370,32,0,32,402
05/29/2003,FXE,FL,ASO,ES,Towers with Display (VFR),0,30,118,0,148,0,6,218,0,224,0,36,336,0,372,128,0,128,500
05/30/2003,FXE,FL,ASO,ES,Towers with Display (VFR),0,22,126,0,148,0,5,472,0,477,0,27,598,0,625,200,0,200,825
05/31/2003,FXE,FL,ASO,ES,Towers with Display (VFR),0,13,98,0,111,0,14,500,0,514,0,27,598,0,625,200,0,200,825
06/01/2003,FXE,FL,ASO,ES,Towers with Display (VFR),0,18,88,0,106,0,4,258,0,262,0,22,346,0,368,154,0,154,522
06/02/2003,FXE,FL,ASO,ES,Towers with Display (VFR),0,14,114,0,128,0,1,265,0,266,0,15,379,0,394,138,0,138,532
06/03/2003,FXE,FL,ASO,ES,Towers with Display (VFR),0,21,132,0,153,0,2,306,0,308,0,23,438,0,461,164,0,164,625
06/04/2003,FXE,FL,ASO,ES,Towers with Display (VFR),0,16,143,0,159,0,10,310,0,320,0,26,453,0,479,174,0,174,653
06/05/2003,FXE,FL,ASO,ES,Towers with Display (VFR),0,26,163,0,189,0,1,389,0,390,0,27,552,0,579,162,0,162,741
06/06/2003,FXE,FL,ASO,ES,Towers with Display (VFR),0,37,161,0,198,0,4,366,0,370,0,41,527,0,568,138,0,138,706
06/07/2003,FXE,FL,ASO,ES,Towers with Display (VFR),0,11,111,0,122,0,1,225,0,226,0,12,336,0,348,146,0,146,494
06/08/2003,FXE,FL,ASO,ES,Towers with Display (VFR),0,13,97,0,110,0,3,284,0,287,0,16,381,0,397,178,0,178,575
06/09/2003,FXE,FL,ASO,ES,Towers with Display (VFR),0,17,122,0,139,0,13,223,0,236,0,30,345,0,375,136,0,136,511
06/10/2003,FXE,FL,ASO,ES,Towers with Display (VFR),0,22,135,0,157,0,2,308,0,310,0,24,443,0,467,152,0,152,619
06/11/2003,FXE,FL,ASO,ES,Towers with Display (VFR),0,28,170,0,198,0,1,297,0,298,0,29,467,0,496,112,0,112,608
06/12/2003,FXE,FL,ASO,ES,Towers with Display (VFR),0,31,153,1,185,0,8,397,1,406,0,39,550,2,591,96,0,96,687
06/13/2003,FXE,FL,ASO,ES,Towers with Display (VFR),0,22,175,3,200,0,10,409,2,421,0,32,584,5,621,184,0,184,805
06/14/2003,FXE,FL,ASO,ES,Towers with Display (VFR),0,16,126,1,143,0,9,332,0,341,0,25,458,1,484,188,0,188,672
06/15/2003,FXE,FL,ASO,ES,Towers with Display (VFR),0,16,122,0,138,0,0,202,0,202,0,16,324,0,340,136,0,136,476
06/16/2003,FXE,FL,ASO,ES,Towers with Display (VFR),0,17,164,0,181,0,5,310,0,315,0,22,474,0,496,180,0,180,676
06/17/2003,FXE,FL,ASO,ES,Towers with Display (VFR),0,19,130,2,151,0,6,255,1,262,0,25,385,3,413,122,0,122,535
06/18/2003,FXE,FL,ASO,ES,Towers with Display (VFR),0,39,135,0,174,0,0,299,0,299,0,39,434,0,473,128,0,128,601
06/19/2003,FXE,FL,ASO,ES,Towers with Display (VFR),0,20,142,2,164,0,10,257,0,267,0,30,399,2,431,70,0,70,501
06/20/2003,FXE,FL,ASO,ES,Towers with Display (VFR),0,25,123,2,150,0,9,219,2,230,0,34,342,4,380,116,0,116,496
06/21/2003,FXE,FL,ASO,ES,Towers with Display (VFR),0,14,97,0,111,0,0,295,0,295,0,14,392,0,406,150,0,150,556
06/22/2003,FXE,FL,ASO,ES,Towers with Display (VFR),0,16,105,0,121,0,0,218,0,218,0,16,323,0,339,188,0,188,527
06/23/2003,FXE,FL,ASO,ES,Towers with Display (VFR),0,34,107,0,141,0,4,192,0,196,0,38,299,0,337,126,0,126,463
06/24/2003,FXE,FL,ASO,ES,Towers with Display (VFR),0,13,152,0,165,0,8,330,0,338,0,21,482,0,503,212,0,212,715
06/25/2003,FXE,FL,ASO,ES,Towers with Display (VFR),0,33,162,0,195,0,7,440,0,447,0,40,602,0,642,168,0,168,810
06/26/2003,FXE,FL,ASO,ES,Towers with Display (VFR),0,51,161,0,212,0,8,417,0,425,0,59,578,0,637,172,0,172,809
06/27/2003,FXE,FL,ASO,ES,Towers with Display (VFR),0,23,141,0,164,0,13,329,0,342,0,36,470,0,506,154,0,154,660
06/28/2003,FXE,FL,ASO,ES,Towers with Display (VFR),0,11,111,0,122,0,4,325,0,329,0,15,436,0,451,158,0,158,609
06/29/2003,FXE,FL,ASO,ES,Towers with Display (VFR),0,10,100,0,110,0,3,392,0,395,0,13,492,0,505,212,0,212,717
06/30/2003,FXE,FL,ASO,ES,Towers with Display (VFR),0,24,182,0,206,0,5,289,0,294,0,29,471,0,500,158,0,158,658
07/01/2003,FXE,FL,ASO,ES,Towers with Display (VFR),0,21,149,0,170,0,14,356,0,370,0,35,505,0,540,162,0,162,702
07/02/2003,FXE,FL,ASO,ES,Towers with Display (VFR),0,20,134,0,154,0,3,284,0,287,0,23,418,0,441,108,0,108,549
07/03/2003,FXE,FL,ASO,ES,Towers with Display (VFR),0,24,162,0,186,0,13,466,0,479,0,37,628,0,665,184,0,184,849
07/04/2003,FXE,FL,ASO,ES,Towers with Display (VFR),0,9,74,0,83,0,9,197,0,206,0,18,271,0,289,172,0,172,461
07/05/2003,FXE,FL,ASO,ES,Towers with Display (VFR),0,11,52,0,63,0,4,222,0,226,0,15,274,0,289,114,0,114,403
07/06/2003,FXE,FL,ASO,ES,Towers with Display (VFR),0,15,139,0,154,0,7,251,0,258,0,22,390,0,412,108,0,108,520
07/07/2003,FXE,FL,ASO,ES,Towers with Display (VFR),0,19,154,0,173,0,3,327,0,330,0,22,481,0,503,94,0,94,597
07/08/2003,FXE,FL,ASO,ES,Towers with Display (VFR),0,23,131,0,154,0,7,368,0,375,0,30,499,0,529,157,0,157,686
07/09/2003,FXE,FL,ASO,ES,Towers with Display (VFR),0,20,137,0,157,0,3,382,0,385,0,23,519,0,542,220,0,220,762
07/10/2003,FXE,FL,ASO,ES,Towers with Display (VFR),0,28,128,0,156,0,7,391,0,398,0,35,519,0,554,152,0,152,706
07/11/2003,FXE,FL,ASO,ES,Towers with Display (VFR),0,27,143,0,170,0,6,374,0,380,0,33,517,0,550,164,0,164,714
07/12/2003,FXE,FL,ASO,ES,Towers with Display (VFR),0,12,93,0,105,0,2,259,0,261,0,14,352,0,366,135,0,135,501
07/13/2003,FXE,FL,ASO,ES,Towers with Display (VFR),0,13,112,0,125,0,3,317,0,320,0,16,429,0,445,162,0,162,607
07/14/2003,FXE,FL,ASO,ES,Towers with Display (VFR),0,25,116,0,141,0,3,268,0,271,0,28,384,0,412,108,0,108,520
07/15/2003,FXE,FL,ASO,ES,Towers with Display (VFR),0,42,127,0,169,0,8,341,0,349,0,50,468,0,518,158,0,158,676
07/16/2003,FXE,FL,ASO,ES,Towers with Display (VFR),0,24,160,0,184,0,4,304,0,308,0,28,464,0,492,216,0,216,708
07/17/2003,FXE,FL,ASO,ES,Towers with Display (VFR),0,40,139,2,181,0,7,339,0,346,0,47,478,2,527,70,0,70,597
07/18/2003,FXE,FL,ASO,ES,Towers with Display (VFR),0,31,165,0,196,0,3,277,0,280,0,34,442,0,476,72,0,72,548
07/19/2003,FXE,FL,ASO,ES,Towers with Display (VFR),0,11,88,0,99,0,3,256,0,259,0,14,344,0,358,162,0,162,520
07/20/2003,FXE,FL,ASO,ES,Towers with Display (VFR),0,18,120,0,138,0,7,312,0,319,0,25,432,0,457,188,0,188,645
07/21/2003,FXE,FL,ASO,ES,Towers with Display (VFR),0,21,130,0,151,0,9,221,0,230,0,30,351,0,381,144,0,144,525
07/22/2003,FXE,FL,ASO,ES,Towers with Display (VFR),0,21,117,0,138,0,4,283,0,287,0,25,400,0,425,126,0,126,551
07/23/2003,FXE,FL,ASO,ES,Towers with Display (VFR),0,26,135,0,161,0,4,392,0,396,0,30,527,0,557,256,0,256,813
07/24/2003,FXE,FL,ASO,ES,Towers with Display (VFR),0,17,140,0,157,0,0,266,0,266,0,17,406,0,423,250,0,250,673
07/25/2003,FXE,FL,ASO,ES,Towers with Display (VFR),0,33,118,0,151,0,7,345,0,352,0,40,463,0,503,136,0,136,639
07/26/2003,FXE,FL,ASO,ES,Towers with Display (VFR),0,14,100,3,117,0,7,235,3,245,0,21,335,6,362,140,0,140,502
07/27/2003,FXE,FL,ASO,ES,Towers with Display (VFR),0,4,116,0,120,0,2,279,0,281,0,6,395,0,401,228,0,228,629
07/28/2003,FXE,FL,ASO,ES,Towers with Display (VFR),0,11,140,0,151,0,6,312,0,318,0,17,452,0,469,198,0,198,667
07/29/2003,FXE,FL,ASO,ES,Towers with Display (VFR),0,15,139,0,154,0,4,285,0,289,0,19,424,0,443,150,0,150,593
07/30/2003,FXE,FL,ASO,ES,Towers with Display (VFR),0,19,142,0,161,0,5,294,0,299,0,24,436,0,460,196,0,196,656
07/31/2003,FXE,FL,ASO,ES,Towers with Display (VFR),0,33,156,0,189,0,18,378,0,396,0,51,534,0,585,124,2,126,711
08/01/2003,FXE,FL,ASO,ES,Towers with Display (VFR),0,29,140,1,170,0,10,312,0,322,0,39,452,1,492,188,0,188,680
08/02/2003,FXE,FL,ASO,ES,Towers with Display (VFR),0,16,97,1,114,0,5,233,0,238,0,21,330,1,352,110,0,110,462
08/03/2003,FXE,FL,ASO,ES,Towers with Display (VFR),0,14,108,0,122,0,6,258,0,264,0,20,366,0,386,126,0,126,512
08/04/2003,FXE,FL,ASO,ES,Towers with Display (VFR),0,23,128,3,154,0,7,274,0,281,0,30,402,3,435,146,0,146,581
08/05/2003,FXE,FL,ASO,ES,Towers with Display (VFR),0,22,123,0,145,0,4,289,0,293,0,26,412,0,438,134,0,134,572
08/06/2003,FXE,FL,ASO,ES,Towers with Display (VFR),0,19,136,1,156,0,5,370,0,375,0,24,506,1,531,140,0,140,671
08/07/2003,FXE,FL,ASO,ES,Towers with Display (VFR),0,33,140,0,173,0,8,344,0,352,0,41,484,0,525,106,0,106,631
08/08/2003,FXE,FL,ASO,ES,Towers with Display (VFR),0,32,117,0,149,0,9,280,0,289,0,41,397,0,438,76,0,76,514
08/09/2003,FXE,FL,ASO,ES,Towers with Display (VFR),0,23,108,0,131,0,5,184,0,189,0,28,292,0,320,28,0,28,348
08/10/2003,FXE,FL,ASO,ES,Towers with Display (VFR),0,19,94,0,113,0,9,221,0,230,0,28,315,0,343,190,0,190,533
08/11/2003,FXE,FL,ASO,ES,Towers with Display (VFR),0,22,133,0,155,0,5,292,0,297,0,27,425,0,452,114,1,115,567
08/12/2003,FXE,FL,ASO,ES,Towers with Display (VFR),0,31,162,0,193,0,11,416,0,427,0,42,578,0,620,144,0,144,764
08/13/2003,FXE,FL,ASO,ES,Towers with Display (VFR),0,28,137,0,165,0,12,304,0,316,0,40,441,0,481,152,0,152,633
08/14/2003,FXE,FL,ASO,ES,Towers with Display (VFR),0,28,123,0,151,0,8,177,0,185,0,36,300,0,336,84,0,84,420
08/15/2003,FXE,FL,ASO,ES,Towers with Display (VFR),0,30,147,0,177,0,14,331,0,345,0,44,478,0,522,134,0,134,656
08/16/2003,FXE,FL,ASO,ES,Towers with Display (VFR),0,17,117,0,134,0,6,337,0,343,0,23,454,0,477,224,0,224,701
08/17/2003,FXE,FL,ASO,ES,Towers with Display (VFR),0,17,110,0,127,0,4,274,0,278,0,21,384,0,405,224,0,224,629
08/18/2003,FXE,FL,ASO,ES,Towers with Display (VFR),0,28,132,0,160,0,2,298,0,300,0,30,430,0,460,140,0,140,600
08/19/2003,FXE,FL,ASO,ES,Towers with Display (VFR),0,25,142,0,167,0,5,309,0,314,0,30,451,0,481,170,0,170,651
08/20/2003,FXE,FL,ASO,ES,Towers with Display (VFR),0,21,88,0,109,0,14,83,0,97,0,35,171,0,206,58,0,58,264
08/21/2003,FXE,FL,ASO,ES,Towers with Display (VFR),0,26,143,0,169,0,5,360,0,365,0,31,503,0,534,154,0,154,688
08/22/2003,FXE,FL,ASO,ES,Towers with Display (VFR),0,29,135,0,164,0,5,405,0,410,0,34,540,0,574,170,0,170,744
08/23/2003,FXE,FL,ASO,ES,Towers with Display (VFR),0,22,87,0,109,0,4,329,0,333,0,26,416,0,442,238,0,238,680
08/24/2003,FXE,FL,ASO,ES,Towers with Display (VFR),0,21,111,0,132,0,2,268,0,270,0,23,379,0,402,206,0,206,608
08/25/2003,FXE,FL,ASO,ES,Towers with Display (VFR),0,31,92,1,124,0,5,267,0,272,0,36,359,1,396,118,0,118,514
08/26/2003,FXE,FL,ASO,ES,Towers with Display (VFR),0,18,113,0,131,0,3,251,0,254,0,21,364,0,385,134,0,134,519
08/27/2003,FXE,FL,ASO,ES,Towers with Display (VFR),0,17,116,0,133,0,2,368,0,370,0,19,484,0,503,228,0,228,731
08/28/2003,FXE,FL,ASO,ES,Towers with Display (VFR),0,32,120,0,152,0,6,264,0,270,0,38,384,0,422,154,0,154,576
08/29/2003,FXE,FL,ASO,ES,Towers with Display (VFR),0,26,148,0,174,0,16,390,0,406,0,42,538,0,580,122,0,122,702
08/30/2003,FXE,FL,ASO,ES,Towers with Display (VFR),0,26,86,0,112,0,18,339,0,357,0,44,425,0,469,147,0,147,616
08/31/2003,FXE,FL,ASO,ES,Towers with Display (VFR),0,24,91,0,115,0,3,226,0,229,0,27,317,0,344,138,0,138,482
09/01/2003,FXE,FL,ASO,ES,Towers with Display (VFR),0,16,110,0,126,0,5,164,0,169,0,21,274,0,295,72,0,72,367
09/02/2003,FXE,FL,ASO,ES,Towers with Display (VFR),0,24,123,0,147,0,11,215,0,226,0,35,338,0,373,54,0,54,427
09/03/2003,FXE,FL,ASO,ES,Towers with Display (VFR),0,25,128,0,153,0,32,302,0,334,0,57,430,0,487,166,0,166,653
09/04/2003,FXE,FL,ASO,ES,Towers with Display (VFR),0,29,136,0,165,0,6,276,0,282,0,35,412,0,447,102,0,102,549
09/05/2003,FXE,FL,ASO,ES,Towers with Display (VFR),0,47,119,0,166,0,4,230,0,234,0,51,349,0,400,86,0,86,486
09/06/2003,FXE,FL,ASO,ES,Towers with Display (VFR),0,24,52,0,76,0,3,183,0,186,0,27,235,0,262,162,0,162,424
09/07/2003,FXE,FL,ASO,ES,Towers with Display (VFR),0,13,74,0,87,0,1,275,0,276,0,14,349,0,363,304,0,304,667
09/08/2003,FXE,FL,ASO,ES,Towers with Display (VFR),0,14,112,0,126,0,4,273,0,277,0,18,385,0,403,146,0,146,549
09/09/2003,FXE,FL,ASO,ES,Towers with Display (VFR),0,21,109,0,130,0,2,246,0,248,0,23,355,0,378,216,0,216,594
09/10/2003,FXE,FL,ASO,ES,Towers with Display (VFR),0,20,127,0,147,0,2,349,0,351,0,22,476,0,498,156,0,156,654
09/11/2003,FXE,FL,ASO,ES,Towers with Display (VFR),0,23,150,0,173,0,4,334,0,338,0,27,484,0,511,168,0,168,679
09/12/2003,FXE,FL,ASO,ES,Towers with Display (VFR),0,36,145,0,181,0,4,377,0,381,0,40,522,0,562,192,0,192,754
09/13/2003,FXE,FL,ASO,ES,Towers with Display (VFR),0,8,100,0,108,0,6,295,0,301,0,14,395,0,409,152,0,152,561
09/14/2003,FXE,FL,ASO,ES,Towers with Display (VFR),0,22,130,0,152,0,0,305,0,305,0,22,435,0,457,180,0,180,637
09/15/2003,FXE,FL,ASO,ES,Towers with Display (VFR),0,19,102,0,121,0,2,289,0,291,0,21,391,0,412,188,0,188,600
09/16/2003,FXE,FL,ASO,ES,Towers with Display (VFR),0,25,156,0,181,0,15,317,0,332,0,40,473,0,513,122,0,122,635
09/17/2003,FXE,FL,ASO,ES,Towers with Display (VFR),0,28,127,0,155,0,3,352,0,355,0,31,479,0,510,182,0,182,692
09/18/2003,FXE,FL,ASO,ES,Towers with Display (VFR),0,25,117,0,142,0,8,460,0,468,0,33,577,0,610,194,0,194,804
09/19/2003,FXE,FL,ASO,ES,Towers with Display (VFR),0,25,141,0,166,0,6,370,0,376,0,31,511,0,542,110,0,110,652
09/20/2003,FXE,FL,ASO,ES,Towers with Display (VFR),0,14,92,0,106,0,5,226,0,231,0,19,318,0,337,170,0,170,507
09/21/2003,FXE,FL,ASO,ES,Towers with Display (VFR),0,13,117,0,130,0,1,323,0,324,0,14,440,0,454,106,0,106,560
09/22/2003,FXE,FL,ASO,ES,Towers with Display (VFR),0,18,120,0,138,0,5,291,0,296,0,23,411,0,434,138,0,138,572
09/23/2003,FXE,FL,ASO,ES,Towers with Display (VFR),0,17,137,0,154,0,13,274,0,287,0,30,411,0,441,138,0,138,579
09/24/2003,FXE,FL,ASO,ES,Towers with Display (VFR),0,24,129,0,153,0,0,302,1,303,0,24,431,1,456,156,0,156,612
09/25/2003,FXE,FL,ASO,ES,Towers with Display (VFR),0,29,127,0,156,0,15,324,0,339,0,44,451,0,495,146,0,146,641
09/26/2003,FXE,FL,ASO,ES,Towers with Display (VFR),0,26,109,6,141,0,5,202,0,207,0,31,311,6,348,142,6,148,496
09/27/2003,FXE,FL,ASO,ES,Towers with Display (VFR),0,9,71,0,80,0,1,269,0,270,0,10,340,0,350,140,0,140,490
09/28/2003,FXE,FL,ASO,ES,Towers with Display (VFR),0,12,108,0,120,0,3,309,0,312,0,15,417,0,432,178,0,178,610
09/29/2003,FXE,FL,ASO,ES,Towers with Display (VFR),0,22,106,0,128,0,5,137,0,142,0,27,243,0,270,82,0,82,352
09/30/2003,FXE,FL,ASO,ES,Towers with Display (VFR),0,30,99,0,129,0,7,250,4,261,0,37,349,4,390,112,0,112,502
10/01/2003,FXE,FL,ASO,ES,Towers with Display (VFR),0,24,135,0,159,0,21,328,0,349,0,45,463,0,508,170,0,170,678
10/02/2003,FXE,FL,ASO,ES,Towers with Display (VFR),0,21,115,0,136,0,9,345,0,354,0,30,460,0,490,160,0,160,650
10/03/2003,FXE,FL,ASO,ES,Towers with Display (VFR),0,28,152,0,180,0,9,316,0,325,0,37,468,0,505,150,0,150,655
10/04/2003,FXE,FL,ASO,ES,Towers with Display (VFR),0,13,81,0,94,0,0,281,0,281,0,13,362,0,375,146,0,146,521
10/05/2003,FXE,FL,ASO,ES,Towers with Display (VFR),0,16,86,0,102,0,6,253,0,259,0,22,339,0,361,118,0,118,479
10/06/2003,FXE,FL,ASO,ES,Towers with Display (VFR),0,21,117,0,138,0,2,299,0,301,0,23,416,0,439,176,0,176,615
10/07/2003,FXE,FL,ASO,ES,Towers with Display (VFR),0,31,171,0,202,0,1,297,0,298,0,32,468,0,500,146,0,146,646
10/08/2003,FXE,FL,ASO,ES,Towers with Display (VFR),0,30,165,0,195,0,14,272,0,286,0,44,437,0,481,116,0,116,597
10/09/2003,FXE,FL,ASO,ES,Towers with Display (VFR),0,24,132,0,156,0,11,379,0,390,0,35,511,0,546,212,0,212,758
10/10/2003,FXE,FL,ASO,ES,Towers with Display (VFR),0,28,162,0,190,0,3,348,0,351,0,31,510,0,541,220,0,220,761
10/11/2003,FXE,FL,ASO,ES,Towers with Display (VFR),0,12,101,0,113,0,0,268,0,268,0,12,369,0,381,162,0,162,543
10/12/2003,FXE,FL,ASO,ES,Towers with Display (VFR),0,13,88,0,101,0,0,282,0,282,0,13,370,0,383,144,0,144,527
10/13/2003,FXE,FL,ASO,ES,Towers with Display (VFR),0,17,105,0,122,0,0,262,0,262,0,17,367,0,384,150,0,150,534
10/14/2003,FXE,FL,ASO,ES,Towers with Display (VFR),0,23,130,0,153,0,2,337,0,339,0,25,467,0,492,156,0,156,648
10/15/2003,FXE,FL,ASO,ES,Towers with Display (VFR),0,26,163,0,189,0,0,318,0,318,0,26,481,0,507,120,0,120,627
10/16/2003,FXE,FL,ASO,ES,Towers with Display (VFR),0,23,130,0,153,0,10,392,0,402,0,33,522,0,555,162,0,162,717
10/17/2003,FXE,FL,ASO,ES,Towers with Display (VFR),0,26,152,0,178,0,11,322,0,333,0,37,474,0,511,138,0,138,649
10/18/2003,FXE,FL,ASO,ES,Towers with Display (VFR),0,18,106,0,124,0,2,292,0,294,0,20,398,0,418,172,0,172,590
10/19/2003,FXE,FL,ASO,ES,Towers with Display (VFR),0,21,124,0,145,0,1,264,2,267,0,22,388,2,412,136,0,136,548
10/20/2003,FXE,FL,ASO,ES,Towers with Display (VFR),0,23,130,0,153,0,2,301,0,303,0,25,431,0,456,244,0,244,700
10/21/2003,FXE,FL,ASO,ES,Towers with Display (VFR),0,26,150,0,176,0,12,336,0,348,0,38,486,0,524,174,0,174,698
10/22/2003,FXE,FL,ASO,ES,Towers with Display (VFR),0,22,147,0,169,0,0,315,0,315,0,22,462,0,484,132,0,132,616
10/23/2003,FXE,FL,ASO,ES,Towers with Display (VFR),0,21,122,0,143,0,3,361,0,364,0,24,483,0,507,146,0,146,653
10/24/2003,FXE,FL,ASO,ES,Towers with Display (VFR),0,27,155,0,182,0,10,363,0,373,0,37,518,0,555,166,0,166,721
10/25/2003,FXE,FL,ASO,ES,Towers with Display (VFR),0,13,94,0,107,0,0,219,0,219,0,13,313,0,326,152,0,152,478
10/26/2003,FXE,FL,ASO,ES,Towers with Display (VFR),0,22,130,0,152,0,13,260,0,273,0,35,390,0,425,176,0,176,601
10/27/2003,FXE,FL,ASO,ES,Towers with Display (VFR),0,22,128,0,150,0,4,323,0,327,0,26,451,0,477,188,0,188,665
10/28/2003,FXE,FL,ASO,ES,Towers with Display (VFR),0,20,113,0,133,0,13,351,0,364,0,33,464,0,497,246,0,246,743
10/29/2003,FXE,FL,ASO,ES,Towers with Display (VFR),0,22,142,0,164,0,0,422,0,422,0,22,564,0,586,160,0,160,746
10/30/2003,FXE,FL,ASO,ES,Towers with Display (VFR),0,33,188,0,221,0,20,283,0,303,0,53,471,0,524,78,0,78,602
10/31/2003,FXE,FL,ASO,ES,Towers with Display (VFR),0,29,167,0,196,0,12,276,5,293,0,41,443,5,489,110,0,110,599
11/01/2003,FXE,FL,ASO,ES,Towers with Display (VFR),0,24,140,0,164,0,0,289,0,289,0,24,429,0,453,126,0,126,579
11/02/2003,FXE,FL,ASO,ES,Towers with Display (VFR),0,22,145,0,167,0,0,248,0,248,0,22,393,0,415,116,0,116,531
11/03/2003,FXE,FL,ASO,ES,Towers with Display (VFR),0,23,136,0,159,0,0,283,1,284,0,23,419,1,443,81,0,81,524
11/04/2003,FXE,FL,ASO,ES,Towers with Display (VFR),0,22,157,0,179,0,0,210,0,210,0,22,367,0,389,114,0,114,503
11/05/2003,FXE,FL,ASO,ES,Towers with Display (VFR),0,26,148,0,174,0,2,265,0,267,0,28,413,0,441,98,0,98,539
11/06/2003,FXE,FL,ASO,ES,Towers with Display (VFR),0,22,124,0,146,0,16,98,0,114,0,38,222,0,260,42,0,42,302
11/07/2003,FXE,FL,ASO,ES,Towers with Display (VFR),0,27,153,0,180,0,10,374,0,384,0,37,527,0,564,108,6,114,678
11/08/2003,FXE,FL,ASO,ES,Towers with Display (VFR),0,12,104,0,116,0,0,176,0,176,0,12,280,0,292,74,0,74,366
11/09/2003,FXE,FL,ASO,ES,Towers with Display (VFR),0,17,128,0,145,0,0,272,0,272,0,17,400,0,417,116,0,116,533
11/10/2003,FXE,FL,ASO,ES,Towers with Display (VFR),0,18,120,0,138,0,0,233,0,233,0,18,353,0,371,122,0,122,493
11/11/2003,FXE,FL,ASO,ES,Towers with Display (VFR),0,19,144,0,163,0,0,247,2,249,0,19,391,2,412,96,0,96,508
11/12/2003,FXE,FL,ASO,ES,Towers with Display (VFR),0,23,138,0,161,0,6,369,0,375,0,29,507,0,536,116,0,116,652
11/13/2003,FXE,FL,ASO,ES,Towers with Display (VFR),0,30,176,0,206,0,4,421,0,425,0,34,597,0,631,100,0,100,731
11/14/2003,FXE,FL,ASO,ES,Towers with Display (VFR),0,27,161,0,188,0,7,325,0,332,0,34,486,0,520,82,0,82,602
11/15/2003,FXE,FL,ASO,ES,Towers with Display (VFR),0,25,148,0,173,0,7,375,0,382,0,32,523,0,555,194,0,194,749
11/16/2003,FXE,FL,ASO,ES,Towers with Display (VFR),0,23,137,0,160,0,5,314,0,319,0,28,451,0,479,132,0,132,611
11/17/2003,FXE,FL,ASO,ES,Towers with Display (VFR),0,24,146,0,170,0,0,314,0,314,0,24,460,0,484,156,0,156,640
11/18/2003,FXE,FL,ASO,ES,Towers with Display (VFR),0,26,157,0,183,0,30,341,0,371,0,56,498,0,554,120,0,120,674
11/19/2003,FXE,FL,ASO,ES,Towers with Display (VFR),0,20,122,0,142,0,14,253,0,267,0,34,375,0,409,68,0,68,477
11/20/2003,FXE,FL,ASO,ES,Towers with Display (VFR),0,23,139,0,162,0,6,436,0,442,0,29,575,0,604,174,0,174,778
11/21/2003,FXE,FL,ASO,ES,Towers with Display (VFR),0,32,188,0,220,0,14,427,0,441,0,46,615,0,661,146,0,146,807
11/22/2003,FXE,FL,ASO,ES,Towers with Display (VFR),0,22,129,0,151,0,8,296,0,304,0,30,425,0,455,170,0,170,625
11/23/2003,FXE,FL,ASO,ES,Towers with Display (VFR),0,21,125,0,146,0,3,251,0,254,0,24,376,0,400,148,0,148,548
11/24/2003,FXE,FL,ASO,ES,Towers with Display (VFR),0,21,127,0,148,0,2,290,0,292,0,23,417,0,440,112,0,112,552
11/25/2003,FXE,FL,ASO,ES,Towers with Display (VFR),0,34,204,0,238,0,4,288,0,292,0,38,492,0,530,128,0,128,658
11/26/2003,FXE,FL,ASO,ES,Towers with Display (VFR),0,32,187,0,219,0,6,347,0,353,0,38,534,0,572,150,0,150,722
11/27/2003,FXE,FL,ASO,ES,Towers with Display (VFR),0,10,64,0,74,0,7,138,0,145,0,17,202,0,219,56,0,56,275
11/28/2003,FXE,FL,ASO,ES,Towers with Display (VFR),0,21,125,0,146,0,8,312,0,320,0,29,437,0,466,126,0,126,592
11/29/2003,FXE,FL,ASO,ES,Towers with Display (VFR),0,18,105,0,123,0,8,121,0,129,0,26,226,0,252,114,0,114,366
11/30/2003,FXE,FL,ASO,ES,Towers with Display (VFR),0,35,210,0,245,0,15,355,0,370,0,50,565,0,615,136,0,136,751
12/01/2003,FXE,FL,ASO,ES,Towers with Display (VFR),0,25,131,0,156,0,6,375,0,381,0,31,506,0,537,108,0,108,645
12/02/2003,FXE,FL,ASO,ES,Towers with Display (VFR),0,29,148,0,177,0,3,283,0,286,0,32,431,0,463,88,0,88,551
12/03/2003,FXE,FL,ASO,ES,Towers with Display (VFR),0,31,155,0,186,0,2,261,0,263,0,33,416,0,449,66,0,66,515
12/04/2003,FXE,FL,ASO,ES,Towers with Display (VFR),0,31,155,0,186,0,3,277,0,280,0,34,432,0,466,132,0,132,598
12/05/2003,FXE,FL,ASO,ES,Towers with Display (VFR),0,24,121,0,145,0,0,289,0,289,0,24,410,0,434,155,0,155,589
12/06/2003,FXE,FL,ASO,ES,Towers with Display (VFR),0,17,96,0,113,0,0,223,0,223,0,17,319,0,336,54,0,54,390
12/07/2003,FXE,FL,ASO,ES,Towers with Display (VFR),0,20,100,1,121,0,3,303,1,307,0,23,403,2,428,218,0,218,646
12/08/2003,FXE,FL,ASO,ES,Towers with Display (VFR),0,30,146,0,176,0,15,373,0,388,0,45,519,0,564,116,0,116,680
12/09/2003,FXE,FL,ASO,ES,Towers with Display (VFR),0,27,132,0,159,0,2,347,0,349,0,29,479,0,508,102,0,102,610
12/10/2003,FXE,FL,ASO,ES,Towers with Display (VFR),0,31,151,0,182,0,2,204,0,206,0,33,355,0,388,78,0,78,466
12/11/2003,FXE,FL,ASO,ES,Towers with Display (VFR),0,28,139,0,167,0,5,411,0,416,0,33,550,0,583,84,0,84,667
12/12/2003,FXE,FL,ASO,ES,Towers with Display (VFR),0,31,151,0,182,0,15,422,0,437,0,46,573,0,619,152,0,152,771
12/13/2003,FXE,FL,ASO,ES,Towers with Display (VFR),0,18,112,0,130,0,0,332,0,332,0,18,444,0,462,166,0,166,628
12/14/2003,FXE,FL,ASO,ES,Towers with Display (VFR),0,18,88,0,106,0,8,219,0,227,0,26,307,0,333,128,0,128,461
12/15/2003,FXE,FL,ASO,ES,Towers with Display (VFR),0,38,184,1,223,0,2,331,0,333,0,40,515,1,556,112,0,112,668
12/16/2003,FXE,FL,ASO,ES,Towers with Display (VFR),0,33,161,0,194,0,1,268,0,269,0,34,429,0,463,78,0,78,541
12/17/2003,FXE,FL,ASO,ES,Towers with Display (VFR),0,28,137,0,165,0,7,199,0,206,0,35,336,0,371,72,0,72,443
12/18/2003,FXE,FL,ASO,ES,Towers with Display (VFR),0,30,148,0,178,0,2,418,0,420,0,32,566,0,598,176,0,176,774
12/19/2003,FXE,FL,ASO,ES,Towers with Display (VFR),0,31,154,0,185,0,7,415,0,422,0,38,569,0,607,146,0,146,753
12/20/2003,FXE,FL,ASO,ES,Towers with Display (VFR),0,23,115,0,138,0,5,303,0,308,0,28,418,0,446,76,0,76,522
12/21/2003,FXE,FL,ASO,ES,Towers with Display (VFR),0,27,131,0,158,0,11,304,2,317,0,38,435,2,475,102,0,102,577
12/22/2003,FXE,FL,ASO,ES,Towers with Display (VFR),0,27,134,0,161,0,2,308,0,310,0,29,442,0,471,118,0,118,589
12/23/2003,FXE,FL,ASO,ES,Towers with Display (VFR),0,30,146,0,176,0,16,271,0,287,0,46,417,0,463,100,0,100,563
12/24/2003,FXE,FL,ASO,ES,Towers with Display (VFR),0,21,103,0,124,0,11,189,0,200,0,32,292,0,324,110,0,110,434
12/25/2003,FXE,FL,ASO,ES,Towers with Display (VFR),0,7,37,0,44,0,5,98,0,103,0,12,135,0,147,26,0,26,173
12/26/2003,FXE,FL,ASO,ES,Towers with Display (VFR),0,42,205,0,247,0,17,331,0,348,0,59,536,0,595,82,0,82,677
12/27/2003,FXE,FL,ASO,ES,Towers with Display (VFR),0,42,204,0,246,0,13,303,0,316,0,55,507,0,562,44,0,44,606
12/28/2003,FXE,FL,ASO,ES,Towers with Display (VFR),0,31,155,0,186,0,1,296,0,297,0,32,451,0,483,134,0,134,617
12/29/2003,FXE,FL,ASO,ES,Towers with Display (VFR),0,28,141,0,169,0,11,284,0,295,0,39,425,0,464,74,0,74,538
12/30/2003,FXE,FL,ASO,ES,Towers with Display (VFR),0,35,174,0,209,0,5,283,0,288,0,40,457,0,497,146,0,146,643
12/31/2003,FXE,FL,ASO,ES,Towers with Display (VFR),0,25,123,0,148,0,8,256,0,264,0,33,379,0,412,40,0,40,452
01/01/2004,FXE,FL,ASO,ES,Towers with Display (VFR),0,19,106,0,125,0,0,155,0,155,0,19,261,0,280,46,0,46,326
01/02/2004,FXE,FL,ASO,ES,Towers with Display (VFR),0,45,199,0,244,0,11,397,0,408,0,56,596,0,652,138,0,138,790
01/03/2004,FXE,FL,ASO,ES,Towers with Display (VFR),0,48,216,0,264,0,17,365,0,382,0,65,581,0,646,132,0,132,778
01/04/2004,FXE,FL,ASO,ES,Towers with Display (VFR),0,46,202,0,248,0,17,286,0,303,0,63,488,0,551,48,0,48,599
01/05/2004,FXE,FL,ASO,ES,Towers with Display (VFR),0,34,153,0,187,0,15,288,4,307,0,49,441,4,494,104,0,104,598
01/06/2004,FXE,FL,ASO,ES,Towers with Display (VFR),0,34,152,0,186,0,14,341,0,355,0,48,493,0,541,124,0,124,665
01/07/2004,FXE,FL,ASO,ES,Towers with Display (VFR),0,44,197,0,241,0,7,251,0,258,0,51,448,0,499,82,0,82,581
01/08/2004,FXE,FL,ASO,ES,Towers with Display (VFR),0,44,203,0,247,0,0,333,0,333,0,44,536,0,580,62,0,62,642
01/09/2004,FXE,FL,ASO,ES,Towers with Display (VFR),0,31,139,0,170,0,9,375,0,384,0,40,514,0,554,94,0,94,648
01/10/2004,FXE,FL,ASO,ES,Towers with Display (VFR),0,29,128,0,157,0,2,104,0,106,0,31,232,0,263,26,0,26,289
01/11/2004,FXE,FL,ASO,ES,Towers with Display (VFR),0,24,107,0,131,0,14,264,2,280,0,38,371,2,411,104,0,104,515
01/12/2004,FXE,FL,ASO,ES,Towers with Display (VFR),0,27,120,0,147,0,12,293,0,305,0,39,413,0,452,179,0,179,631
01/13/2004,FXE,FL,ASO,ES,Towers with Display (VFR),0,36,158,0,194,0,7,378,0,385,0,43,536,0,579,126,0,126,705
01/14/2004,FXE,FL,ASO,ES,Towers with Display (VFR),0,29,126,0,155,0,6,384,0,390,0,35,510,0,545,152,0,152,697
01/15/2004,FXE,FL,ASO,ES,Towers with Display (VFR),0,33,150,0,183,0,4,418,0,422,0,37,568,0,605,122,0,122,727
01/16/2004,FXE,FL,ASO,ES,Towers with Display (VFR),0,38,175,0,213,0,15,364,0,379,0,53,539,0,592,110,0,110,702
01/17/2004,FXE,FL,ASO,ES,Towers with Display (VFR),0,21,105,0,126,0,0,384,0,384,0,21,489,0,510,172,0,172,682
01/18/2004,FXE,FL,ASO,ES,Towers with Display (VFR),0,24,112,0,136,0,12,164,0,176,0,36,276,0,312,70,0,70,382
01/19/2004,FXE,FL,ASO,ES,Towers with Display (VFR),0,38,173,0,211,0,0,282,0,282,0,38,455,0,493,150,0,150,643
01/20/2004,FXE,FL,ASO,ES,Towers with Display (VFR),0,28,127,0,155,0,21,339,0,360,0,49,466,0,515,80,0,80,595
01/21/2004,FXE,FL,ASO,ES,Towers with Display (VFR),0,29,134,0,163,0,1,341,0,342,0,30,475,0,505,152,0,152,657
01/22/2004,FXE,FL,ASO,ES,Towers with Display (VFR),0,32,158,0,190,0,0,322,0,322,0,32,480,0,512,126,0,126,638
01/23/2004,FXE,FL,ASO,ES,Towers with Display (VFR),0,28,131,0,159,0,4,393,0,397,0,32,524,0,556,120,0,120,676
01/24/2004,FXE,FL,ASO,ES,Towers with Display (VFR),0,25,117,0,142,0,5,361,0,366,0,30,478,0,508,112,0,112,620
01/25/2004,FXE,FL,ASO,ES,Towers with Display (VFR),0,33,152,0,185,0,8,332,0,340,0,41,484,0,525,150,0,150,675
01/26/2004,FXE,FL,ASO,ES,Towers with Display (VFR),0,26,134,0,160,0,0,308,0,308,0,26,442,0,468,130,0,130,598
01/27/2004,FXE,FL,ASO,ES,Towers with Display (VFR),0,28,128,0,156,0,12,117,0,129,0,40,245,0,285,50,0,50,335
01/28/2004,FXE,FL,ASO,ES,Towers with Display (VFR),0,32,149,0,181,0,14,290,0,304,0,46,439,0,485,130,0,130,615
01/29/2004,FXE,FL,ASO,ES,Towers with Display (VFR),0,36,172,0,208,0,0,418,0,418,0,36,590,0,626,174,0,174,800
01/30/2004,FXE,FL,ASO,ES,Towers with Display (VFR),0,41,185,0,226,0,5,216,0,221,0,46,401,0,447,92,0,92,539
01/31/2004,FXE,FL,ASO,ES,Towers with Display (VFR),0,39,180,0,219,0,2,61,0,63,0,41,241,0,282,24,0,24,306
02/01/2004,FXE,FL,ASO,ES,Towers with Display (VFR),0,25,112,0,137,0,0,163,0,163,0,25,275,0,300,132,0,132,432
02/02/2004,FXE,FL,ASO,ES,Towers with Display (VFR),0,42,176,0,218,0,3,328,0,331,0,45,504,0,549,84,0,84,633
02/03/2004,FXE,FL,ASO,ES,Towers with Display (VFR),0,33,155,0,188,0,0,342,0,342,0,33,497,0,530,196,0,196,726
02/04/2004,FXE,FL,ASO,ES,Towers with Display (VFR),0,39,162,0,201,0,6,411,0,417,0,45,573,0,618,144,0,144,762
02/05/2004,FXE,FL,ASO,ES,Towers with Display (VFR),0,38,158,0,196,0,5,285,0,290,0,43,443,0,486,68,0,68,554
02/06/2004,FXE,FL,ASO,ES,Towers with Display (VFR),0,40,165,0,205,0,17,290,0,307,0,57,455,0,512,72,0,72,584
02/07/2004,FXE,FL,ASO,ES,Towers with Display (VFR),0,23,92,0,115,0,5,196,0,201,0,28,288,0,316,154,0,154,470
02/08/2004,FXE,FL,ASO,ES,Towers with Display (VFR),0,37,153,0,190,0,17,299,0,316,0,54,452,0,506,197,0,197,703
02/09/2004,FXE,FL,ASO,ES,Towers with Display (VFR),0,35,144,0,179,0,2,354,0,356,0,37,498,0,535,130,0,130,665
02/10/2004,FXE,FL,ASO,ES,Towers with Display (VFR),0,32,155,0,187,0,0,341,0,341,0,32,496,0,528,168,0,168,696
02/11/2004,FXE,FL,ASO,ES,Towers with Display (VFR),0,34,175,0,209,0,0,349,0,349,0,34,524,0,558,184,0,184,742
02/12/2004,FXE,FL,ASO,ES,Towers with Display (VFR),0,51,217,1,269,0,3,311,2,316,0,54,528,3,585,126,0,126,711
02/13/2004,FXE,FL,ASO,ES,Towers with Display (VFR),0,53,224,0,277,0,11,287,0,298,0,64,511,0,575,82,0,82,657
02/14/2004,FXE,FL,ASO,ES,Towers with Display (VFR),0,34,147,0,181,0,5,298,0,303,0,39,445,0,484,164,0,164,648
02/15/2004,FXE,FL,ASO,ES,Towers with Display (VFR),0,25,126,0,151,0,0,193,0,193,0,25,319,0,344,120,0,120,464
02/16/2004,FXE,FL,ASO,ES,Towers with Display (VFR),0,50,216,0,266,0,0,314,0,314,0,50,530,0,580,187,0,187,767
02/17/2004,FXE,FL,ASO,ES,Towers with Display (VFR),0,42,182,0,224,0,10,276,0,286,0,52,458,0,510,142,0,142,652
02/18/2004,FXE,FL,ASO,ES,Towers with Display (VFR),0,36,158,0,194,0,0,324,0,324,0,36,482,0,518,104,0,104,622
02/19/2004,FXE,FL,ASO,ES,Towers with Display (VFR),0,41,176,0,217,0,6,412,0,418,0,47,588,0,635,144,0,144,779
02/20/2004,FXE,FL,ASO,ES,Towers with Display (VFR),0,43,186,0,229,0,0,313,0,313,0,43,499,0,542,158,0,158,700
02/21/2004,FXE,FL,ASO,ES,Towers with Display (VFR),0,33,147,0,180,0,0,306,0,306,0,33,453,0,486,110,0,110,596
02/22/2004,FXE,FL,ASO,ES,Towers with Display (VFR),0,36,153,0,189,0,6,255,0,261,0,42,408,0,450,140,0,140,590
02/23/2004,FXE,FL,ASO,ES,Towers with Display (VFR),0,33,141,0,174,0,5,337,0,342,0,38,478,0,516,130,0,130,646
02/24/2004,FXE,FL,ASO,ES,Towers with Display (VFR),0,34,146,0,180,0,8,391,1,400,0,42,537,1,580,120,0,120,700
02/25/2004,FXE,FL,ASO,ES,Towers with Display (VFR),0,27,118,0,145,0,14,166,0,180,0,41,284,0,325,100,0,100,425
02/26/2004,FXE,FL,ASO,ES,Towers with Display (VFR),0,37,158,0,195,0,10,297,0,307,0,47,455,0,502,185,0,185,687
02/27/2004,FXE,FL,ASO,ES,Towers with Display (VFR),0,39,167,0,206,0,7,255,0,262,0,46,422,0,468,42,0,42,510
02/28/2004,FXE,FL,ASO,ES,Towers with Display (VFR),0,30,128,0,158,0,4,276,0,280,0,34,404,0,438,159,0,159,597
02/29/2004,FXE,FL,ASO,ES,Towers with Display (VFR),0,33,141,0,174,0,42,181,0,223,0,75,322,0,397,136,0,136,533
03/01/2004,FXE,FL,ASO,ES,Towers with Display (VFR),0,32,186,0,218,0,0,393,0,393,0,32,579,0,611,138,0,138,749
03/02/2004,FXE,FL,ASO,ES,Towers with Display (VFR),0,41,163,0,204,0,7,307,0,314,0,48,470,0,518,116,0,116,634
03/03/2004,FXE,FL,ASO,ES,Towers with Display (VFR),0,42,170,0,212,0,0,352,0,352,0,42,522,0,564,156,0,156,720
03/04/2004,FXE,FL,ASO,ES,Towers with Display (VFR),0,34,136,0,170,0,9,319,0,328,0,43,455,0,498,104,0,104,602
03/05/2004,FXE,FL,ASO,ES,Towers with Display (VFR),0,42,169,0,211,0,2,303,0,305,0,44,472,0,516,66,0,66,582
03/06/2004,FXE,FL,ASO,ES,Towers with Display (VFR),0,20,96,0,116,0,0,270,0,270,0,20,366,0,386,108,0,108,494
03/07/2004,FXE,FL,ASO,ES,Towers with Display (VFR),0,32,127,0,159,0,1,237,0,238,0,33,364,0,397,190,0,190,587
03/08/2004,FXE,FL,ASO,ES,Towers with Display (VFR),0,42,169,0,211,0,12,326,0,338,0,54,495,0,549,134,0,134,683
03/09/2004,FXE,FL,ASO,ES,Towers with Display (VFR),0,35,145,0,180,0,5,359,0,364,0,40,504,0,544,146,0,146,690
03/10/2004,FXE,FL,ASO,ES,Towers with Display (VFR),0,43,175,1,219,0,2,298,1,301,0,45,473,2,520,96,0,96,616
03/11/2004,FXE,FL,ASO,ES,Towers with Display (VFR),0,43,175,1,219,0,15,382,0,397,0,58,557,1,616,213,1,214,830
03/12/2004,FXE,FL,ASO,ES,Towers with Display (VFR),0,51,208,1,260,0,0,363,0,363,0,51,571,1,623,176,0,176,799
03/13/2004,FXE,FL,ASO,ES,Towers with Display (VFR),0,41,168,0,209,0,4,336,0,340,0,45,504,0,549,132,0,132,681
03/14/2004,FXE,FL,ASO,ES,Towers with Display (VFR),0,34,152,0,186,0,0,201,0,201,0,34,353,0,387,90,0,90,477
03/15/2004,FXE,FL,ASO,ES,Towers with Display (VFR),0,42,173,0,215,0,19,270,0,289,0,61,443,0,504,124,0,124,628
03/16/2004,FXE,FL,ASO,ES,Towers with Display (VFR),0,37,156,0,193,0,16,217,0,233,0,53,373,0,426,112,0,112,538
03/17/2004,FXE,FL,ASO,ES,Towers with Display (VFR),0,38,160,0,198,0,8,302,0,310,0,46,462,0,508,166,0,166,674
03/18/2004,FXE,FL,ASO,ES,Towers with Display (VFR),0,45,185,0,230,0,6,432,2,440,0,51,617,2,670,114,0,114,784
03/19/2004,FXE,FL,ASO,ES,Towers with Display (VFR),0,52,217,0,269,0,6,396,3,405,0,58,613,3,674,102,0,102,776
03/20/2004,FXE,FL,ASO,ES,Towers with Display (VFR),0,33,137,0,170,0,10,285,0,295,0,43,422,0,465,56,0,56,521
03/21/2004,FXE,FL,ASO,ES,Towers with Display (VFR),0,39,160,0,199,0,6,353,0,359,0,45,513,0,558,162,0,162,720
03/22/2004,FXE,FL,ASO,ES,Towers with Display (VFR),0,38,159,0,197,0,38,300,0,338,0,76,459,0,535,122,0,122,657
03/23/2004,FXE,FL,ASO,ES,Towers with Display (VFR),0,39,160,0,199,0,2,259,0,261,0,41,419,0,460,132,0,132,592
03/24/2004,FXE,FL,ASO,ES,Towers with Display (VFR),0,44,182,0,226,0,7,210,0,217,0,51,392,0,443,56,0,56,499
03/25/2004,FXE,FL,ASO,ES,Towers with Display (VFR),0,44,185,0,229,0,18,221,1,240,0,62,406,1,469,61,1,62,531
03/26/2004,FXE,FL,ASO,ES,Towers with Display (VFR),0,45,188,0,233,0,6,223,0,229,0,51,411,0,462,50,0,50,512
03/27/2004,FXE,FL,ASO,ES,Towers with Display (VFR),0,33,139,0,172,0,5,237,0,242,0,38,376,0,414,68,0,68,482
03/28/2004,FXE,FL,ASO,ES,Towers with Display (VFR),0,36,151,0,187,0,2,359,0,361,0,38,510,0,548,168,0,168,716
03/29/2004,FXE,FL,ASO,ES,Towers with Display (VFR),0,42,174,0,216,0,15,255,0,270,0,57,429,0,486,136,0,136,622
03/30/2004,FXE,FL,ASO,ES,Towers with Display (VFR),0,41,172,0,213,0,10,413,0,423,0,51,585,0,636,190,0,190,826
03/31/2004,FXE,FL,ASO,ES,Towers with Display (VFR),0,33,139,0,172,0,9,404,0,413,0,42,543,0,585,158,0,158,743
04/01/2004,FXE,FL,ASO,ES,Towers with Display (VFR),0,31,142,0,173,0,13,346,0,359,0,44,488,0,532,91,0,91,623
04/02/2004,FXE,FL,ASO,ES,Towers with Display (VFR),0,39,179,0,218,0,4,433,1,438,0,43,612,1,656,98,0,98,754
04/03/2004,FXE,FL,ASO,ES,Towers with Display (VFR),0,28,130,0,158,0,8,287,0,295,0,36,417,0,453,110,0,110,563
04/04/2004,FXE,FL,ASO,ES,Towers with Display (VFR),0,32,147,0,179,0,14,345,2,361,0,46,492,2,540,176,0,176,716
04/05/2004,FXE,FL,ASO,ES,Towers with Display (VFR),0,30,136,0,166,0,25,324,0,349,0,55,460,0,515,164,0,164,679
04/06/2004,FXE,FL,ASO,ES,Towers with Display (VFR),0,42,192,0,234,0,14,377,0,391,0,56,569,0,625,122,0,122,747
04/07/2004,FXE,FL,ASO,ES,Towers with Display (VFR),0,42,195,0,237,0,15,421,0,436,0,57,616,0,673,302,0,302,975
04/08/2004,FXE,FL,ASO,ES,Towers with Display (VFR),0,39,177,0,216,0,33,455,0,488,0,72,632,0,704,132,0,132,836
04/09/2004,FXE,FL,ASO,ES,Towers with Display (VFR),0,40,184,0,224,0,14,247,0,261,0,54,431,0,485,118,0,118,603
04/10/2004,FXE,FL,ASO,ES,Towers with Display (VFR),0,39,180,0,219,0,3,170,0,173,0,42,350,0,392,78,0,78,470
04/11/2004,FXE,FL,ASO,ES,Towers with Display (VFR),0,32,144,0,176,0,16,202,0,218,0,48,346,0,394,210,0,210,604
04/12/2004,FXE,FL,ASO,ES,Towers with Display (VFR),0,34,153,0,187,0,25,147,0,172,0,59,300,0,359,106,0,106,465
04/13/2004,FXE,FL,ASO,ES,Towers with Display (VFR),0,29,134,0,163,0,16,174,0,190,0,45,308,0,353,96,0,96,449
04/14/2004,FXE,FL,ASO,ES,Towers with Display (VFR),0,30,144,0,174,0,10,365,0,375,0,40,509,0,549,146,0,146,695
04/15/2004,FXE,FL,ASO,ES,Towers with Display (VFR),0,37,171,0,208,0,4,418,0,422,0,41,589,0,630,154,0,154,784
04/16/2004,FXE,FL,ASO,ES,Towers with Display (VFR),0,39,184,0,223,0,14,344,0,358,0,53,528,0,581,94,0,94,675
04/17/2004,FXE,FL,ASO,ES,Towers with Display (VFR),0,26,130,0,156,0,0,234,0,234,0,26,364,0,390,124,0,124,514
04/18/2004,FXE,FL,ASO,ES,Towers with Display (VFR),0,33,158,0,191,0,8,297,0,305,0,41,455,0,496,130,0,130,626
04/19/2004,FXE,FL,ASO,ES,Towers with Display (VFR),0,30,142,0,172,0,9,376,0,385,0,39,518,0,557,130,0,130,687
04/20/2004,FXE,FL,ASO,ES,Towers with Display (VFR),0,31,149,0,180,0,10,475,0,485,0,41,624,0,665,248,0,248,913
04/21/2004,FXE,FL,ASO,ES,Towers with Display (VFR),0,23,169,0,192,0,0,300,0,300,0,23,469,0,492,184,0,184,676
04/22/2004,FXE,FL,ASO,ES,Towers with Display (VFR),0,34,162,0,196,0,1,372,0,373,0,35,534,0,569,224,0,224,793
04/23/2004,FXE,FL,ASO,ES,Towers with Display (VFR),0,44,207,0,251,0,3,285,0,288,0,47,492,0,539,134,0,134,673
04/24/2004,FXE,FL,ASO,ES,Towers with Display (VFR),0,28,133,0,161,0,12,336,3,351,0,40,469,3,512,256,0,256,768
04/25/2004,FXE,FL,ASO,ES,Towers with Display (VFR),0,26,126,0,152,0,9,302,2,313,0,35,428,2,465,170,0,170,635
04/26/2004,FXE,FL,ASO,ES,Towers with Display (VFR),0,28,133,0,161,0,13,359,0,372,0,41,492,0,533,170,0,170,703
04/27/2004,FXE,FL,ASO,ES,Towers with Display (VFR),0,27,127,0,154,0,11,303,0,314,0,38,430,0,468,182,0,182,650
04/28/2004,FXE,FL,ASO,ES,Towers with Display (VFR),0,34,159,0,193,0,5,266,1,272,0,39,425,1,465,116,0,116,581
04/29/2004,FXE,FL,ASO,ES,Towers with Display (VFR),0,33,155,0,188,0,6,182,0,188,0,39,337,0,376,38,0,38,414
04/30/2004,FXE,FL,ASO,ES,Towers with Display (VFR),0,40,187,0,227,0,10,264,0,274,0,50,451,0,501,158,0,158,659
05/01/2004,FXE,FL,ASO,ES,Towers with Display (VFR),0,22,114,0,136,0,12,195,0,207,0,34,309,0,343,90,0,90,433
05/02/2004,FXE,FL,ASO,ES,Towers with Display (VFR),0,20,107,0,127,0,22,137,0,159,0,42,244,0,286,126,0,126,412
05/03/2004,FXE,FL,ASO,ES,Towers with Display (VFR),0,21,113,0,134,0,13,184,0,197,0,34,297,0,331,148,0,148,479
05/04/2004,FXE,FL,ASO,ES,Towers with Display (VFR),0,33,176,0,209,0,19,277,0,296,0,52,453,0,505,158,0,158,663
05/05/2004,FXE,FL,ASO,ES,Towers with Display (VFR),0,27,165,0,192,0,0,337,0,337,0,27,502,0,529,150,0,150,679
05/06/2004,FXE,FL,ASO,ES,Towers with Display (VFR),0,32,173,0,205,0,15,314,0,329,0,47,487,0,534,192,0,192,726
05/07/2004,FXE,FL,ASO,ES,Towers with Display (VFR),0,20,108,0,128,0,17,304,0,321,0,37,412,0,449,70,0,70,519
05/08/2004,FXE,FL,ASO,ES,Towers with Display (VFR),0,18,110,0,128,0,0,320,0,320,0,18,430,0,448,176,0,176,624
05/09/2004,FXE,FL,ASO,ES,Towers with Display (VFR),0,19,100,0,119,0,11,220,0,231,0,30,320,0,350,58,0,58,408
05/10/2004,FXE,FL,ASO,ES,Towers with Display (VFR),0,26,138,0,164,0,13,243,0,256,0,39,381,0,420,134,0,134,554
05/11/2004,FXE,FL,ASO,ES,Towers with Display (VFR),0,31,163,0,194,0,5,277,0,282,0,36,440,0,476,66,0,66,542
05/12/2004,FXE,FL,ASO,ES,Towers with Display (VFR),0,30,163,0,193,0,11,257,0,268,0,41,420,0,461,130,0,130,591
05/13/2004,FXE,FL,ASO,ES,Towers with Display (VFR),0,34,181,0,215,0,15,258,0,273,0,49,439,0,488,132,0,132,620
05/14/2004,FXE,FL,ASO,ES,Towers with Display (VFR),0,32,171,0,203,0,15,307,0,322,0,47,478,0,525,120,0,120,645
05/15/2004,FXE,FL,ASO,ES,Towers with Display (VFR),0,23,130,0,153,0,0,293,0,293,0,23,423,0,446,152,0,152,598
05/16/2004,FXE,FL,ASO,ES,Towers with Display (VFR),0,22,117,0,139,0,7,250,0,257,0,29,367,0,396,148,0,148,544
05/17/2004,FXE,FL,ASO,ES,Towers with Display (VFR),0,23,126,0,149,0,24,282,0,306,0,47,408,0,455,108,0,108,563
05/18/2004,FXE,FL,ASO,ES,Towers with Display (VFR),0,28,153,0,181,0,25,306,0,331,0,53,459,0,512,189,0,189,701
05/19/2004,FXE,FL,ASO,ES,Towers with Display (VFR),0,27,149,0,176,0,2,360,0,362,0,29,509,0,538,172,0,172,710
05/20/2004,FXE,FL,ASO,ES,Towers with Display (VFR),0,28,155,0,183,0,11,304,0,315,0,39,459,0,498,134,0,134,632
05/21/2004,FXE,FL,ASO,ES,Towers with Display (VFR),0,31,170,0,201,0,23,348,0,371,0,54,518,0,572,122,0,122,694
05/22/2004,FXE,FL,ASO,ES,Towers with Display (VFR),0,18,103,0,121,0,1,306,0,307,0,19,409,0,428,210,0,210,638
05/23/2004,FXE,FL,ASO,ES,Towers with Display (VFR),0,19,108,0,127,0,16,249,0,265,0,35,357,0,392,126,0,126,518
05/24/2004,FXE,FL,ASO,ES,Towers with Display (VFR),0,22,122,0,144,0,4,313,0,317,0,26,435,0,461,104,0,104,565
05/25/2004,FXE,FL,ASO,ES,Towers with Display (VFR),0,30,166,0,196,0,6,332,0,338,0,36,498,0,534,152,0,152,686
05/26/2004,FXE,FL,ASO,ES,Towers with Display (VFR),0,30,169,0,199,0,31,408,0,439,0,61,577,0,638,106,0,106,744
05/27/2004,FXE,FL,ASO,ES,Towers with Display (VFR),0,33,180,0,213,0,21,328,0,349,0,54,508,0,562,172,0,172,734
05/28/2004,FXE,FL,ASO,ES,Towers with Display (VFR),0,29,161,0,190,0,29,286,0,315,0,58,447,0,505,94,0,94,599
05/29/2004,FXE,FL,ASO,ES,Towers with Display (VFR),0,20,115,0,135,0,3,289,0,292,0,23,404,0,427,156,0,156,583
05/30/2004,FXE,FL,ASO,ES,Towers with Display (VFR),0,15,84,0,99,0,6,203,0,209,0,21,287,0,308,50,0,50,358
05/31/2004,FXE,FL,ASO,ES,Towers with Display (VFR),0,21,120,0,141,0,0,167,0,167,0,21,287,0,308,50,0,50,358
06/01/2004,FXE,FL,ASO,ES,Towers with Display (VFR),0,33,154,0,187,0,19,301,0,320,0,52,455,0,507,136,0,136,643
06/02/2004,FXE,FL,ASO,ES,Towers with Display (VFR),0,32,148,0,180,0,20,426,0,446,0,52,574,0,626,92,0,92,718
06/03/2004,FXE,FL,ASO,ES,Towers with Display (VFR),0,35,162,0,197,0,25,278,0,303,0,60,440,0,500,104,0,104,604
06/04/2004,FXE,FL,ASO,ES,Towers with Display (VFR),0,26,119,0,145,0,20,222,0,242,0,46,341,0,387,100,0,100,487
06/05/2004,FXE,FL,ASO,ES,Towers with Display (VFR),0,23,104,0,127,0,2,218,0,220,0,25,322,0,347,232,0,232,579
06/06/2004,FXE,FL,ASO,ES,Towers with Display (VFR),0,23,106,0,129,0,3,247,0,250,0,26,353,0,379,174,0,174,553
06/07/2004,FXE,FL,ASO,ES,Towers with Display (VFR),0,25,115,0,140,0,1,218,0,219,0,26,333,0,359,90,0,90,449
06/08/2004,FXE,FL,ASO,ES,Towers with Display (VFR),0,24,108,0,132,0,8,298,0,306,0,32,406,0,438,154,0,154,592
06/09/2004,FXE,FL,ASO,ES,Towers with Display (VFR),0,28,127,0,155,0,1,378,0,379,0,29,505,0,534,180,0,180,714
06/10/2004,FXE,FL,ASO,ES,Towers with Display (VFR),0,29,133,0,162,0,19,262,0,281,0,48,395,0,443,98,0,98,541
06/11/2004,FXE,FL,ASO,ES,Towers with Display (VFR),0,28,127,0,155,0,10,303,0,313,0,38,430,0,468,146,0,146,614
06/12/2004,FXE,FL,ASO,ES,Towers with Display (VFR),0,22,98,0,120,0,4,210,0,214,0,26,308,0,334,202,0,202,536
06/13/2004,FXE,FL,ASO,ES,Towers with Display (VFR),0,25,115,0,140,0,15,247,0,262,0,40,362,0,402,190,0,190,592
06/14/2004,FXE,FL,ASO,ES,Towers with Display (VFR),0,25,113,0,138,0,19,270,0,289,0,44,383,0,427,132,0,132,559
06/15/2004,FXE,FL,ASO,ES,Towers with Display (VFR),0,27,126,0,153,0,10,274,0,284,0,37,400,0,437,136,0,136,573
06/16/2004,FXE,FL,ASO,ES,Towers with Display (VFR),0,33,151,0,184,0,2,299,0,301,0,35,450,0,485,180,0,180,665
06/17/2004,FXE,FL,ASO,ES,Towers with Display (VFR),0,37,178,0,215,0,21,383,0,404,0,58,561,0,619,156,0,156,775
06/18/2004,FXE,FL,ASO,ES,Towers with Display (VFR),0,33,160,0,193,0,16,263,0,279,0,49,423,0,472,53,0,53,525
06/19/2004,FXE,FL,ASO,ES,Towers with Display (VFR),0,20,94,0,114,0,15,216,0,231,0,35,310,0,345,143,0,143,488
06/20/2004,FXE,FL,ASO,ES,Towers with Display (VFR),0,20,97,0,117,0,21,211,0,232,0,41,308,0,349,136,0,136,485
06/21/2004,FXE,FL,ASO,ES,Towers with Display (VFR),0,25,118,0,143,0,12,242,0,254,0,37,360,0,397,74,0,74,471
06/22/2004,FXE,FL,ASO,ES,Towers with Display (VFR),0,28,136,0,164,0,28,237,0,265,0,56,373,0,429,132,0,132,561
06/23/2004,FXE,FL,ASO,ES,Towers with Display (VFR),0,33,160,0,193,0,18,396,0,414,0,51,556,0,607,120,0,120,727
06/24/2004,FXE,FL,ASO,ES,Towers with Display (VFR),0,26,126,0,152,0,9,309,0,318,0,35,435,0,470,150,0,150,620
06/25/2004,FXE,FL,ASO,ES,Towers with Display (VFR),0,28,133,0,161,0,9,279,0,288,0,37,412,0,449,98,0,98,547
06/26/2004,FXE,FL,ASO,ES,Towers with Display (VFR),0,22,107,0,129,0,9,270,0,279,0,31,377,0,408,172,0,172,580
06/27/2004,FXE,FL,ASO,ES,Towers with Display (VFR),0,20,98,0,118,0,3,269,0,272,0,23,367,0,390,143,0,143,533
06/28/2004,FXE,FL,ASO,ES,Towers with Display (VFR),0,23,109,0,132,0,18,275,0,293,0,41,384,0,425,141,0,141,566
06/29/2004,FXE,FL,ASO,ES,Towers with Display (VFR),0,20,97,0,117,0,10,296,0,306,0,30,393,0,423,186,0,186,609
06/30/2004,FXE,FL,ASO,ES,Towers with Display (VFR),0,26,127,0,153,0,13,377,0,390,0,39,504,0,543,178,0,178,721
07/01/2004,FXE,FL,ASO,ES,Towers with Display (VFR),0,25,127,0,152,0,12,264,0,276,0,37,391,0,428,136,0,136,564
07/02/2004,FXE,FL,ASO,ES,Towers with Display (VFR),0,28,147,0,175,0,12,359,0,371,0,40,506,0,546,152,0,152,698
07/03/2004,FXE,FL,ASO,ES,Towers with Display (VFR),0,19,97,0,116,0,3,218,0,221,0,22,315,0,337,142,0,142,479
07/04/2004,FXE,FL,ASO,ES,Towers with Display (VFR),0,10,49,0,59,0,9,119,0,128,0,19,168,0,187,74,0,74,261
07/05/2004,FXE,FL,ASO,ES,Towers with Display (VFR),0,22,115,0,137,0,13,199,0,212,0,35,314,0,349,94,0,94,443
07/06/2004,FXE,FL,ASO,ES,Towers with Display (VFR),0,25,131,0,156,0,8,233,0,241,0,33,364,0,397,112,0,112,509
07/07/2004,FXE,FL,ASO,ES,Towers with Display (VFR),0,20,104,0,124,0,6,284,0,290,0,26,388,0,414,150,0,150,564
07/08/2004,FXE,FL,ASO,ES,Towers with Display (VFR),0,19,98,0,117,0,5,286,0,291,0,24,384,0,408,162,0,162,570
07/09/2004,FXE,FL,ASO,ES,Towers with Display (VFR),0,27,137,0,164,0,20,314,0,334,0,47,451,0,498,118,0,118,616
07/10/2004,FXE,FL,ASO,ES,Towers with Display (VFR),0,18,94,0,112,0,7,298,0,305,0,25,392,0,417,134,0,134,551
07/11/2004,FXE,FL,ASO,ES,Towers with Display (VFR),0,22,114,0,136,0,5,209,0,214,0,27,323,0,350,163,0,163,513
07/12/2004,FXE,FL,ASO,ES,Towers with Display (VFR),0,21,107,0,128,0,7,241,0,248,0,28,348,0,376,80,0,80,456
07/13/2004,FXE,FL,ASO,ES,Towers with Display (VFR),0,15,74,0,89,0,17,296,0,313,0,32,370,0,402,104,0,104,506
07/14/2004,FXE,FL,ASO,ES,Towers with Display (VFR),0,11,59,0,70,0,13,268,0,281,0,24,327,0,351,86,0,86,437
07/15/2004,FXE,FL,ASO,ES,Towers with Display (VFR),0,16,85,0,101,0,11,326,0,337,0,27,411,0,438,116,0,116,554
07/16/2004,FXE,FL,ASO,ES,Towers with Display (VFR),0,14,75,0,89,0,12,233,0,245,0,26,308,0,334,132,0,132,466
07/17/2004,FXE,FL,ASO,ES,Towers with Display (VFR),0,0,0,0,0,0,0,57,0,57,0,0,57,0,57,0,0,0,57
07/18/2004,FXE,FL,ASO,ES,Towers with Display (VFR),0,0,0,0,0,0,0,44,0,44,0,0,44,0,44,0,0,0,44
07/19/2004,FXE,FL,ASO,ES,Towers with Display (VFR),0,3,22,0,25,0,0,129,0,129,0,3,151,0,154,34,0,34,188
07/20/2004,FXE,FL,ASO,ES,Towers with Display (VFR),0,9,52,0,61,0,12,214,0,226,0,21,266,0,287,130,0,130,417
07/21/2004,FXE,FL,ASO,ES,Towers with Display (VFR),0,11,60,0,71,0,6,300,0,306,0,17,360,0,377,114,0,114,491
07/22/2004,FXE,FL,ASO,ES,Towers with Display (VFR),0,12,66,0,78,0,32,270,0,302,0,44,336,0,380,117,0,117,497
07/23/2004,FXE,FL,ASO,ES,Towers with Display (VFR),0,17,95,0,112,0,19,363,0,382,0,36,458,0,494,160,0,160,654
07/24/2004,FXE,FL,ASO,ES,Towers with Display (VFR),0,17,92,0,109,0,5,314,0,319,0,22,406,0,428,150,0,150,578
07/25/2004,FXE,FL,ASO,ES,Towers with Display (VFR),0,17,94,0,111,0,18,241,0,259,0,35,335,0,370,140,0,140,510
07/26/2004,FXE,FL,ASO,ES,Towers with Display (VFR),0,19,106,0,125,0,11,272,0,283,0,30,378,0,408,140,0,140,548
07/27/2004,FXE,FL,ASO,ES,Towers with Display (VFR),0,21,115,0,136,0,4,201,0,205,0,25,316,0,341,114,0,114,455
07/28/2004,FXE,FL,ASO,ES,Towers with Display (VFR),0,23,123,0,146,0,1,230,0,231,0,24,353,0,377,166,0,166,543
07/29/2004,FXE,FL,ASO,ES,Towers with Display (VFR),0,22,122,0,144,0,11,373,0,384,0,33,495,0,528,180,0,180,708
07/30/2004,FXE,FL,ASO,ES,Towers with Display (VFR),0,27,146,0,173,0,14,338,0,352,0,41,484,0,525,124,0,124,649
07/31/2004,FXE,FL,ASO,ES,Towers with Display (VFR),0,17,95,0,112,0,24,389,0,413,0,41,484,0,525,124,0,124,649
08/01/2004,FXE,FL,ASO,ES,Towers with Display (VFR),0,19,93,0,112,0,3,148,0,151,0,22,241,0,263,76,0,76,339
08/02/2004,FXE,FL,ASO,ES,Towers with Display (VFR),0,19,94,0,113,0,7,206,0,213,0,26,300,0,326,50,0,50,376
08/03/2004,FXE,FL,ASO,ES,Towers with Display (VFR),0,22,110,0,132,0,13,254,0,267,0,35,364,0,399,100,0,100,499
08/04/2004,FXE,FL,ASO,ES,Towers with Display (VFR),0,25,125,0,150,0,14,348,0,362,0,39,473,0,512,206,0,206,718
08/05/2004,FXE,FL,ASO,ES,Towers with Display (VFR),0,23,111,0,134,0,6,207,0,213,0,29,318,0,347,72,0,72,419
08/06/2004,FXE,FL,ASO,ES,Towers with Display (VFR),0,23,114,0,137,0,5,288,0,293,0,28,402,0,430,106,0,106,536
08/07/2004,FXE,FL,ASO,ES,Towers with Display (VFR),0,17,82,0,99,0,16,169,0,185,0,33,251,0,284,114,0,114,398
08/08/2004,FXE,FL,ASO,ES,Towers with Display (VFR),0,19,91,0,110,0,17,194,0,211,0,36,285,0,321,154,0,154,475
08/09/2004,FXE,FL,ASO,ES,Towers with Display (VFR),0,26,127,0,153,0,13,265,0,278,0,39,392,0,431,137,0,137,568
08/10/2004,FXE,FL,ASO,ES,Towers with Display (VFR),0,25,120,0,145,0,18,298,2,318,0,43,418,2,463,128,0,128,591
08/11/2004,FXE,FL,ASO,ES,Towers with Display (VFR),0,24,115,0,139,0,2,318,2,322,0,26,433,2,461,140,0,140,601
08/12/2004,FXE,FL,ASO,ES,Towers with Display (VFR),0,26,127,0,153,0,12,334,0,346,0,38,461,0,499,78,0,78,577
08/13/2004,FXE,FL,ASO,ES,Towers with Display (VFR),0,10,45,0,55,0,13,49,0,62,0,23,94,0,117,6,0,6,123
08/14/2004,FXE,FL,ASO,ES,Towers with Display (VFR),0,14,76,0,90,0,9,217,0,226,0,23,293,0,316,128,0,128,444
08/15/2004,FXE,FL,ASO,ES,Towers with Display (VFR),0,16,82,0,98,0,4,177,0,181,0,20,259,0,279,172,0,172,451
08/16/2004,FXE,FL,ASO,ES,Towers with Display (VFR),0,22,114,0,136,0,11,365,0,376,0,33,479,0,512,116,0,116,628
08/17/2004,FXE,FL,ASO,ES,Towers with Display (VFR),0,23,119,0,142,0,22,312,0,334,0,45,431,0,476,164,0,164,640
08/18/2004,FXE,FL,ASO,ES,Towers with Display (VFR),0,24,121,0,145,0,10,352,0,362,0,34,473,0,507,224,0,224,731
08/19/2004,FXE,FL,ASO,ES,Towers with Display (VFR),0,21,110,0,131,0,16,332,0,348,0,37,442,0,479,172,0,172,651
08/20/2004,FXE,FL,ASO,ES,Towers with Display (VFR),0,23,118,0,141,0,5,339,0,344,0,28,457,0,485,274,0,274,759
08/21/2004,FXE,FL,ASO,ES,Towers with Display (VFR),0,14,93,0,107,0,0,218,0,218,0,14,311,0,325,198,0,198,523
08/22/2004,FXE,FL,ASO,ES,Towers with Display (VFR),0,21,106,0,127,0,6,163,0,169,0,27,269,0,296,106,0,106,402
08/23/2004,FXE,FL,ASO,ES,Towers with Display (VFR),0,21,106,0,127,0,12,301,0,313,0,33,407,0,440,160,0,160,600
08/24/2004,FXE,FL,ASO,ES,Towers with Display (VFR),0,25,129,0,154,0,16,228,0,244,0,41,357,0,398,142,0,142,540
08/25/2004,FXE,FL,ASO,ES,Towers with Display (VFR),0,26,132,0,158,0,8,288,0,296,0,34,420,0,454,180,0,180,634
08/26/2004,FXE,FL,ASO,ES,Towers with Display (VFR),0,25,131,0,156,0,14,308,0,322,0,39,439,0,478,196,0,196,674
08/27/2004,FXE,FL,ASO,ES,Towers with Display (VFR),0,28,142,0,170,0,15,274,0,289,0,43,416,0,459,152,0,152,611
08/28/2004,FXE,FL,ASO,ES,Towers with Display (VFR),0,9,48,0,57,0,4,231,0,235,0,13,279,0,292,200,0,200,492
08/29/2004,FXE,FL,ASO,ES,Towers with Display (VFR),0,18,95,0,113,0,1,166,0,167,0,19,261,0,280,188,0,188,468
08/30/2004,FXE,FL,ASO,ES,Towers with Display (VFR),0,20,104,0,124,0,9,280,0,289,0,29,384,0,413,266,0,266,679
08/31/2004,FXE,FL,ASO,ES,Towers with Display (VFR),0,25,129,0,154,0,5,262,0,267,0,30,391,0,421,252,0,252,673
09/01/2004,FXE,FL,ASO,ES,Towers with Display (VFR),0,37,147,0,184,0,8,354,0,362,0,45,501,0,546,184,0,184,730
09/02/2004,FXE,FL,ASO,ES,Towers with Display (VFR),0,60,248,0,308,0,0,355,0,355,0,60,603,0,663,30,0,30,693
09/03/2004,FXE,FL,ASO,ES,Towers with Display (VFR),0,12,47,0,59,0,0,19,0,19,0,12,66,0,78,0,0,0,78
09/04/2004,FXE,FL,ASO,ES,Towers with Display (VFR),0,0,0,0,0,0,0,0,0,0,0,0,0,0,0,0,0,0,0
09/05/2004,FXE,FL,ASO,ES,Towers with Display (VFR),0,1,9,0,10,0,0,2,0,2,0,1,11,0,12,0,0,0,12
09/06/2004,FXE,FL,ASO,ES,Towers with Display (VFR),0,26,104,0,130,0,2,118,0,120,0,28,222,0,250,44,0,44,294
09/07/2004,FXE,FL,ASO,ES,Towers with Display (VFR),0,27,104,0,131,0,19,191,0,210,0,46,295,0,341,14,0,14,355
09/08/2004,FXE,FL,ASO,ES,Towers with Display (VFR),0,29,115,0,144,0,4,179,0,183,0,33,294,0,327,104,0,104,431
09/09/2004,FXE,FL,ASO,ES,Towers with Display (VFR),0,31,124,0,155,0,21,361,0,382,0,52,485,0,537,166,0,166,703
09/10/2004,FXE,FL,ASO,ES,Towers with Display (VFR),0,31,122,0,153,0,7,291,0,298,0,38,413,0,451,160,0,160,611
09/11/2004,FXE,FL,ASO,ES,Towers with Display (VFR),0,28,109,0,137,0,7,191,0,198,0,35,300,0,335,184,0,184,519
09/12/2004,FXE,FL,ASO,ES,Towers with Display (VFR),0,17,67,0,84,0,7,181,0,188,0,24,248,0,272,146,0,146,418
09/13/2004,FXE,FL,ASO,ES,Towers with Display (VFR),0,18,70,0,88,0,4,193,0,197,0,22,263,0,285,138,0,138,423
09/14/2004,FXE,FL,ASO,ES,Towers with Display (VFR),0,25,96,0,121,0,17,165,0,182,0,42,261,0,303,141,0,141,444
09/15/2004,FXE,FL,ASO,ES,Towers with Display (VFR),0,28,114,0,142,0,10,201,0,211,0,38,315,0,353,152,0,152,505
09/16/2004,FXE,FL,ASO,ES,Towers with Display (VFR),0,29,118,0,147,0,15,278,0,293,0,44,396,0,440,126,0,126,566
09/17/2004,FXE,FL,ASO,ES,Towers with Display (VFR),0,23,93,0,116,0,8,307,1,316,0,31,400,1,432,90,0,90,522
09/18/2004,FXE,FL,ASO,ES,Towers with Display (VFR),0,17,70,0,87,0,6,188,0,194,0,23,258,0,281,114,0,114,395
09/19/2004,FXE,FL,ASO,ES,Towers with Display (VFR),0,19,80,0,99,0,15,114,0,129,0,34,194,0,228,104,0,104,332
09/20/2004,FXE,FL,ASO,ES,Towers with Display (VFR),0,25,103,0,128,0,13,131,0,144,0,38,234,0,272,92,0,92,364
09/21/2004,FXE,FL,ASO,ES,Towers with Display (VFR),0,32,130,0,162,0,11,257,0,268,0,43,387,0,430,110,0,110,540
09/22/2004,FXE,FL,ASO,ES,Towers with Display (VFR),0,28,115,0,143,0,7,273,0,280,0,35,388,0,423,138,0,138,561
09/23/2004,FXE,FL,ASO,ES,Towers with Display (VFR),0,28,117,0,145,0,3,349,0,352,0,31,466,0,497,120,0,120,617
09/24/2004,FXE,FL,ASO,ES,Towers with Display (VFR),0,36,145,0,181,0,11,302,0,313,0,47,447,0,494,130,0,130,624
09/25/2004,FXE,FL,ASO,ES,Towers with Display (VFR),0,16,97,0,113,0,0,88,0,88,0,16,185,0,201,12,0,12,213
09/26/2004,FXE,FL,ASO,ES,Towers with Display (VFR),0,9,38,0,47,0,2,20,0,22,0,11,58,0,69,0,0,0,69
09/27/2004,FXE,FL,ASO,ES,Towers with Display (VFR),0,18,77,0,95,0,13,241,0,254,0,31,318,0,349,102,0,102,451
09/28/2004,FXE,FL,ASO,ES,Towers with Display (VFR),0,27,109,0,136,0,7,256,0,263,0,34,365,0,399,162,0,162,561
09/29/2004,FXE,FL,ASO,ES,Towers with Display (VFR),0,29,120,0,149,0,6,273,0,279,0,35,393,0,428,126,0,126,554
09/30/2004,FXE,FL,ASO,ES,Towers with Display (VFR),0,63,254,0,317,0,6,35,0,41,0,69,289,0,358,0,0,0,358
10/01/2004,FXE,FL,ASO,ES,Towers with Display (VFR),0,35,125,0,160,0,14,291,0,305,0,49,416,0,465,112,0,112,577
10/02/2004,FXE,FL,ASO,ES,Towers with Display (VFR),0,11,77,0,88,0,5,264,0,269,0,16,341,0,357,112,0,112,469
10/03/2004,FXE,FL,ASO,ES,Towers with Display (VFR),0,15,115,0,130,0,8,217,0,225,0,23,332,0,355,80,0,80,435
10/04/2004,FXE,FL,ASO,ES,Towers with Display (VFR),0,21,113,0,134,0,5,262,0,267,0,26,375,0,401,76,0,76,477
10/05/2004,FXE,FL,ASO,ES,Towers with Display (VFR),0,22,111,1,134,0,11,314,0,325,0,33,425,1,459,154,0,154,613
10/06/2004,FXE,FL,ASO,ES,Towers with Display (VFR),0,26,126,1,153,0,9,229,0,238,0,35,355,1,391,140,0,140,531
10/07/2004,FXE,FL,ASO,ES,Towers with Display (VFR),0,32,112,0,144,0,10,263,0,273,0,42,375,0,417,150,0,150,567
10/08/2004,FXE,FL,ASO,ES,Towers with Display (VFR),0,26,168,0,194,0,10,305,0,315,0,36,473,0,509,150,0,150,659
10/09/2004,FXE,FL,ASO,ES,Towers with Display (VFR),0,15,84,0,99,0,5,277,0,282,0,20,361,0,381,138,0,138,519
10/10/2004,FXE,FL,ASO,ES,Towers with Display (VFR),0,13,94,0,107,0,7,204,0,211,0,20,298,0,318,196,0,196,514
10/11/2004,FXE,FL,ASO,ES,Towers with Display (VFR),0,21,100,0,121,0,4,235,0,239,0,25,335,0,360,242,0,242,602
10/12/2004,FXE,FL,ASO,ES,Towers with Display (VFR),0,30,124,0,154,0,8,220,0,228,0,38,344,0,382,122,0,122,504
10/13/2004,FXE,FL,ASO,ES,Towers with Display (VFR),0,18,103,0,121,0,17,297,0,314,0,35,400,0,435,209,0,209,644
10/14/2004,FXE,FL,ASO,ES,Towers with Display (VFR),0,28,108,0,136,0,12,296,0,308,0,40,404,0,444,172,0,172,616
10/15/2004,FXE,FL,ASO,ES,Towers with Display (VFR),0,29,141,0,170,0,4,183,0,187,0,33,324,0,357,96,0,96,453
10/16/2004,FXE,FL,ASO,ES,Towers with Display (VFR),0,10,100,0,110,0,4,76,0,80,0,14,176,0,190,58,0,58,248
10/17/2004,FXE,FL,ASO,ES,Towers with Display (VFR),0,27,109,0,136,0,2,205,0,207,0,29,314,0,343,78,0,78,421
10/18/2004,FXE,FL,ASO,ES,Towers with Display (VFR),0,26,91,2,119,0,11,149,2,162,0,37,240,4,281,72,0,72,353
10/19/2004,FXE,FL,ASO,ES,Towers with Display (VFR),0,31,105,0,136,0,14,227,0,241,0,45,332,0,377,152,0,152,529
10/20/2004,FXE,FL,ASO,ES,Towers with Display (VFR),0,26,153,0,179,0,6,252,0,258,0,32,405,0,437,138,0,138,575
10/21/2004,FXE,FL,ASO,ES,Towers with Display (VFR),0,27,146,0,173,0,14,260,0,274,0,41,406,0,447,158,0,158,605
10/22/2004,FXE,FL,ASO,ES,Towers with Display (VFR),0,31,135,0,166,0,15,317,0,332,0,46,452,0,498,106,0,106,604
10/23/2004,FXE,FL,ASO,ES,Towers with Display (VFR),0,13,103,0,116,0,8,238,0,246,0,21,341,0,362,172,0,172,534
10/24/2004,FXE,FL,ASO,ES,Towers with Display (VFR),0,20,125,0,145,0,10,266,0,276,0,30,391,0,421,210,0,210,631
10/25/2004,FXE,FL,ASO,ES,Towers with Display (VFR),0,33,145,0,178,0,2,400,0,402,0,35,545,0,580,134,0,134,714
10/26/2004,FXE,FL,ASO,ES,Towers with Display (VFR),0,32,123,0,155,0,11,336,0,347,0,43,459,0,502,174,0,174,676
10/27/2004,FXE,FL,ASO,ES,Towers with Display (VFR),0,37,187,0,224,0,12,316,0,328,0,49,503,0,552,172,0,172,724
10/28/2004,FXE,FL,ASO,ES,Towers with Display (VFR),0,35,222,0,257,0,16,296,0,312,0,51,518,0,569,184,0,184,753
10/29/2004,FXE,FL,ASO,ES,Towers with Display (VFR),0,46,203,0,249,0,14,310,0,324,0,60,513,0,573,126,0,126,699
10/30/2004,FXE,FL,ASO,ES,Towers with Display (VFR),0,21,139,0,160,0,3,278,0,281,0,24,417,0,441,150,0,150,591
10/31/2004,FXE,FL,ASO,ES,Towers with Display (VFR),0,30,181,0,211,0,4,134,0,138,0,34,315,0,349,44,0,44,393
11/01/2004,FXE,FL,ASO,ES,Towers with Radar,0,17,124,0,141,0,11,257,0,268,0,28,381,0,409,100,0,100,509
11/02/2004,FXE,FL,ASO,ES,Towers with Radar,0,26,132,0,158,0,4,295,0,299,0,30,427,0,457,154,0,154,611
11/03/2004,FXE,FL,ASO,ES,Towers with Radar,0,30,153,0,183,0,11,233,0,244,0,41,386,0,427,128,0,128,555
11/04/2004,FXE,FL,ASO,ES,Towers with Radar,0,29,150,0,179,0,13,422,0,435,0,42,572,0,614,166,0,166,780
11/05/2004,FXE,FL,ASO,ES,Towers with Radar,0,22,131,0,153,0,6,262,0,268,0,28,393,0,421,152,0,152,573
11/06/2004,FXE,FL,ASO,ES,Towers with Radar,0,17,108,0,125,0,4,221,0,225,0,21,329,0,350,122,0,122,472
11/07/2004,FXE,FL,ASO,ES,Towers with Radar,0,18,105,0,123,0,15,284,0,299,0,33,389,0,422,160,0,160,582
11/08/2004,FXE,FL,ASO,ES,Towers with Radar,0,14,100,0,114,0,15,351,0,366,0,29,451,0,480,160,0,160,640
11/09/2004,FXE,FL,ASO,ES,Towers with Radar,0,17,135,0,152,0,7,346,0,353,0,24,481,0,505,164,0,164,669
11/10/2004,FXE,FL,ASO,ES,Towers with Radar,0,39,147,0,186,0,10,319,0,329,0,49,466,0,515,110,0,110,625
11/11/2004,FXE,FL,ASO,ES,Towers with Radar,0,29,154,0,183,0,9,363,0,372,0,38,517,0,555,192,0,192,747
11/12/2004,FXE,FL,ASO,ES,Towers with Radar,0,13,153,0,166,0,10,376,0,386,0,23,529,0,552,236,0,236,788
11/13/2004,FXE,FL,ASO,ES,Towers with Radar,0,22,95,0,117,0,7,294,0,301,0,29,389,0,418,168,0,168,586
11/14/2004,FXE,FL,ASO,ES,Towers with Radar,0,39,119,0,158,0,0,223,0,223,0,39,342,0,381,56,0,56,437
11/15/2004,FXE,FL,ASO,ES,Towers with Radar,0,21,130,0,151,0,17,216,0,233,0,38,346,0,384,94,0,94,478
11/16/2004,FXE,FL,ASO,ES,Towers with Radar,0,33,141,1,175,0,4,295,0,299,0,37,436,1,474,138,0,138,612
11/17/2004,FXE,FL,ASO,ES,Towers with Radar,0,29,182,0,211,0,3,343,0,346,0,32,525,0,557,170,0,170,727
11/18/2004,FXE,FL,ASO,ES,Towers with Radar,0,42,196,0,238,0,12,425,0,437,0,54,621,0,675,176,0,176,851
11/19/2004,FXE,FL,ASO,ES,Towers with Radar,0,34,182,0,216,0,7,356,0,363,0,41,538,0,579,192,0,192,771
11/20/2004,FXE,FL,ASO,ES,Towers with Radar,0,18,132,0,150,0,6,293,1,300,0,24,425,1,450,150,0,150,600
11/21/2004,FXE,FL,ASO,ES,Towers with Radar,0,14,131,0,145,0,4,304,0,308,0,18,435,0,453,138,0,138,591
11/22/2004,FXE,FL,ASO,ES,Towers with Radar,0,38,140,0,178,0,5,330,0,335,0,43,470,0,513,230,0,230,743
11/23/2004,FXE,FL,ASO,ES,Towers with Radar,0,42,187,1,230,0,10,384,1,395,0,52,571,2,625,174,0,174,799
11/24/2004,FXE,FL,ASO,ES,Towers with Radar,0,42,186,0,228,0,5,374,0,379,0,47,560,0,607,158,0,158,765
11/25/2004,FXE,FL,ASO,ES,Towers with Radar,0,17,52,0,69,0,4,113,0,117,0,21,165,0,186,66,0,66,252
11/26/2004,FXE,FL,ASO,ES,Towers with Radar,0,18,105,0,123,0,3,274,1,278,0,21,379,1,401,204,0,204,605
11/27/2004,FXE,FL,ASO,ES,Towers with Radar,0,25,124,0,149,0,4,237,0,241,0,29,361,0,390,192,0,192,582
11/28/2004,FXE,FL,ASO,ES,Towers with Radar,0,27,190,0,217,0,7,305,0,312,0,34,495,0,529,146,0,146,675
11/29/2004,FXE,FL,ASO,ES,Towers with Radar,0,29,150,0,179,0,7,338,0,345,0,36,488,0,524,136,0,136,660
11/30/2004,FXE,FL,ASO,ES,Towers with Radar,0,39,193,0,232,0,9,359,0,368,0,48,552,0,600,158,0,158,758
12/01/2004,FXE,FL,ASO,ES,Towers with Radar,0,30,154,0,184,0,15,325,0,340,0,45,479,0,524,80,0,80,604
12/02/2004,FXE,FL,ASO,ES,Towers with Radar,0,43,164,1,208,0,8,388,0,396,0,51,552,1,604,184,0,184,788
12/03/2004,FXE,FL,ASO,ES,Towers with Radar,0,29,158,0,187,0,10,389,0,399,0,39,547,0,586,210,0,210,796
12/04/2004,FXE,FL,ASO,ES,Towers with Radar,0,15,121,0,136,0,0,357,0,357,0,15,478,0,493,232,0,232,725
12/05/2004,FXE,FL,ASO,ES,Towers with Radar,0,22,143,0,165,0,7,226,0,233,0,29,369,0,398,200,0,200,598
12/06/2004,FXE,FL,ASO,ES,Towers with Radar,0,31,124,0,155,0,6,284,0,290,0,37,408,0,445,128,0,128,573
12/07/2004,FXE,FL,ASO,ES,Towers with Radar,0,39,140,0,179,0,8,362,0,370,0,47,502,0,549,186,0,186,735
12/08/2004,FXE,FL,ASO,ES,Towers with Radar,0,31,175,0,206,0,11,303,0,314,0,42,478,0,520,130,0,130,650
12/09/2004,FXE,FL,ASO,ES,Towers with Radar,0,32,197,0,229,0,7,399,1,407,0,39,596,1,636,198,0,198,834
12/10/2004,FXE,FL,ASO,ES,Towers with Radar,0,28,114,0,142,0,5,258,0,263,0,33,372,0,405,156,0,156,561
12/11/2004,FXE,FL,ASO,ES,Towers with Radar,0,14,93,1,108,0,2,230,1,233,0,16,323,2,341,194,0,194,535
12/12/2004,FXE,FL,ASO,ES,Towers with Radar,0,15,89,0,104,0,10,252,0,262,0,25,341,0,366,180,0,180,546
12/13/2004,FXE,FL,ASO,ES,Towers with Radar,0,15,117,0,132,0,3,308,0,311,0,18,425,0,443,214,0,214,657
12/14/2004,FXE,FL,ASO,ES,Towers with Radar,0,28,131,0,159,0,10,302,0,312,0,38,433,0,471,202,0,202,673
12/15/2004,FXE,FL,ASO,ES,Towers with Radar,0,37,140,0,177,0,17,314,0,331,0,54,454,0,508,104,0,104,612
12/16/2004,FXE,FL,ASO,ES,Towers with Radar,0,38,140,0,178,0,4,371,0,375,0,42,511,0,553,154,0,154,707
12/17/2004,FXE,FL,ASO,ES,Towers with Radar,0,43,220,0,263,0,4,57,0,61,0,47,277,0,324,6,0,6,330
12/18/2004,FXE,FL,ASO,ES,Towers with Radar,0,27,149,0,176,0,6,296,0,302,0,33,445,0,478,180,0,180,658
12/19/2004,FXE,FL,ASO,ES,Towers with Radar,0,17,98,1,116,0,8,188,0,196,0,25,286,1,312,240,0,240,552
12/20/2004,FXE,FL,ASO,ES,Towers with Radar,0,26,118,0,144,0,10,341,0,351,0,36,459,0,495,172,0,172,667
12/21/2004,FXE,FL,ASO,ES,Towers with Radar,0,32,153,0,185,0,9,378,0,387,0,41,531,0,572,166,0,166,738
12/22/2004,FXE,FL,ASO,ES,Towers with Radar,0,26,167,0,193,0,8,330,0,338,0,34,497,0,531,192,0,192,723
12/23/2004,FXE,FL,ASO,ES,Towers with Radar,0,42,141,0,183,0,14,357,0,371,0,56,498,0,554,164,0,164,718
12/24/2004,FXE,FL,ASO,ES,Towers with Radar,0,33,103,0,136,0,5,172,0,177,0,38,275,0,313,70,0,70,383
12/25/2004,FXE,FL,ASO,ES,Towers with Radar,0,13,45,0,58,0,6,14,0,20,0,19,59,0,78,20,4,24,102
12/26/2004,FXE,FL,ASO,ES,Towers with Radar,0,31,182,0,213,0,13,123,0,136,0,44,305,0,349,4,0,4,353
12/27/2004,FXE,FL,ASO,ES,Towers with Radar,0,44,177,0,221,0,11,243,0,254,0,55,420,0,475,68,0,68,543
12/28/2004,FXE,FL,ASO,ES,Towers with Radar,0,38,165,0,203,0,10,222,0,232,0,48,387,0,435,86,0,86,521
12/29/2004,FXE,FL,ASO,ES,Towers with Radar,0,40,145,0,185,0,9,240,0,249,0,49,385,0,434,0,106,106,540
12/30/2004,FXE,FL,ASO,ES,Towers with Radar,0,42,163,0,205,0,4,304,0,308,0,46,467,0,513,130,0,130,643
12/31/2004,FXE,FL,ASO,ES,Towers with Radar,0,27,127,0,154,0,10,171,0,181,0,37,298,0,335,88,0,88,423
01/01/2005,FXE,FL,ASO,ES,Towers with Radar,0,26,113,0,139,0,23,94,0,117,0,49,207,0,256,20,0,20,276
01/02/2005,FXE,FL,ASO,ES,Towers with Radar,0,68,242,0,310,0,16,342,0,358,0,84,584,0,668,102,0,102,770
01/03/2005,FXE,FL,ASO,ES,Towers with Radar,0,49,185,0,234,0,8,322,0,330,0,57,507,0,564,138,0,138,702
01/04/2005,FXE,FL,ASO,ES,Towers with Radar,0,44,171,0,215,0,6,305,0,311,0,50,476,0,526,100,0,100,626
01/05/2005,FXE,FL,ASO,ES,Towers with Radar,0,52,166,0,218,0,10,344,0,354,0,62,510,0,572,170,0,170,742
01/06/2005,FXE,FL,ASO,ES,Towers with Radar,0,29,153,0,182,0,19,404,0,423,0,48,557,0,605,146,0,146,751
01/07/2005,FXE,FL,ASO,ES,Towers with Radar,0,33,171,0,204,0,8,353,0,361,0,41,524,0,565,180,0,180,745
01/08/2005,FXE,FL,ASO,ES,Towers with Radar,0,18,150,0,168,0,6,316,0,322,0,24,466,0,490,160,0,160,650
01/09/2005,FXE,FL,ASO,ES,Towers with Radar,0,18,140,0,158,0,9,269,0,278,0,27,409,0,436,176,0,176,612
01/10/2005,FXE,FL,ASO,ES,Towers with Radar,0,25,139,0,164,0,16,301,0,317,0,41,440,0,481,146,0,146,627
01/11/2005,FXE,FL,ASO,ES,Towers with Radar,0,31,148,0,179,0,6,327,0,333,0,37,475,0,512,124,0,124,636
01/12/2005,FXE,FL,ASO,ES,Towers with Radar,0,28,145,0,173,0,7,354,0,361,0,35,499,0,534,118,0,118,652
01/13/2005,FXE,FL,ASO,ES,Towers with Radar,0,33,161,0,194,0,18,168,0,186,0,51,329,0,380,56,0,56,436
01/14/2005,FXE,FL,ASO,ES,Towers with Radar,0,58,170,0,228,0,3,116,0,119,0,61,286,0,347,38,0,38,385
01/15/2005,FXE,FL,ASO,ES,Towers with Radar,0,20,152,0,172,0,0,15,0,15,0,20,167,0,187,12,0,12,199
01/16/2005,FXE,FL,ASO,ES,Towers with Radar,0,18,147,0,165,0,4,121,0,125,0,22,268,0,290,56,0,56,346
01/17/2005,FXE,FL,ASO,ES,Towers with Radar,0,41,160,0,201,0,11,274,0,285,0,52,434,0,486,84,0,84,570
01/18/2005,FXE,FL,ASO,ES,Towers with Radar,0,26,163,0,189,0,0,313,0,313,0,26,476,0,502,137,0,137,639
01/19/2005,FXE,FL,ASO,ES,Towers with Radar,0,37,165,0,202,0,1,355,0,356,0,38,520,0,558,136,0,136,694
01/20/2005,FXE,FL,ASO,ES,Towers with Radar,0,27,148,0,175,0,14,350,0,364,0,41,498,0,539,218,0,218,757
01/21/2005,FXE,FL,ASO,ES,Towers with Radar,0,40,189,0,229,0,9,377,0,386,0,49,566,0,615,156,0,156,771
01/22/2005,FXE,FL,ASO,ES,Towers with Radar,0,9,135,0,144,0,1,313,0,314,0,10,448,0,458,180,0,180,638
01/23/2005,FXE,FL,ASO,ES,Towers with Radar,0,18,118,0,136,0,7,211,0,218,0,25,329,0,354,196,0,196,550
01/24/2005,FXE,FL,ASO,ES,Towers with Radar,0,32,115,0,147,0,9,316,0,325,0,41,431,0,472,96,0,96,568
01/25/2005,FXE,FL,ASO,ES,Towers with Radar,0,44,139,0,183,0,11,364,0,375,0,55,503,0,558,194,0,194,752
01/26/2005,FXE,FL,ASO,ES,Towers with Radar,0,27,138,0,165,0,11,326,0,337,0,38,464,0,502,64,0,64,566
01/27/2005,FXE,FL,ASO,ES,Towers with Radar,0,37,167,0,204,0,9,393,0,402,0,46,560,0,606,154,0,154,760
01/28/2005,FXE,FL,ASO,ES,Towers with Radar,0,48,171,0,219,0,6,314,0,320,0,54,485,0,539,132,0,132,671
01/29/2005,FXE,FL,ASO,ES,Towers with Radar,0,17,111,0,128,0,5,489,0,494,0,22,600,0,622,104,0,104,726
01/30/2005,FXE,FL,ASO,ES,Towers with Radar,0,27,123,0,150,0,6,292,0,298,0,33,415,0,448,218,0,218,666
01/31/2005,FXE,FL,ASO,ES,Towers with Radar,0,25,148,0,173,0,4,327,0,331,0,29,475,0,504,158,0,158,662
02/01/2005,FXE,FL,ASO,ES,Towers with Radar,0,35,177,0,212,0,6,362,2,370,0,41,539,2,582,174,0,174,756
02/02/2005,FXE,FL,ASO,ES,Towers with Radar,0,26,156,0,182,0,2,351,0,353,0,28,507,0,535,88,0,88,623
02/03/2005,FXE,FL,ASO,ES,Towers with Radar,0,33,194,1,228,0,10,248,5,263,0,43,442,6,491,86,0,86,577
02/04/2005,FXE,FL,ASO,ES,Towers with Radar,0,38,197,0,235,0,9,289,0,298,0,47,486,0,533,94,0,94,627
02/05/2005,FXE,FL,ASO,ES,Towers with Radar,0,11,137,1,149,0,8,266,0,274,0,19,403,1,423,162,0,162,585
02/06/2005,FXE,FL,ASO,ES,Towers with Radar,0,26,126,0,152,0,7,210,0,217,0,33,336,0,369,62,0,62,431
02/07/2005,FXE,FL,ASO,ES,Towers with Radar,0,31,188,0,219,0,5,405,0,410,0,36,593,0,629,150,0,150,779
02/08/2005,FXE,FL,ASO,ES,Towers with Radar,0,34,183,0,217,0,12,349,0,361,0,46,532,0,578,210,0,210,788
02/09/2005,FXE,FL,ASO,ES,Towers with Radar,0,42,188,0,230,0,3,412,0,415,0,45,600,0,645,132,0,132,777
02/10/2005,FXE,FL,ASO,ES,Towers with Radar,0,33,145,0,178,0,7,380,0,387,0,40,525,0,565,152,0,152,717
02/11/2005,FXE,FL,ASO,ES,Towers with Radar,0,35,144,0,179,0,13,423,0,436,0,48,567,0,615,142,0,142,757
02/12/2005,FXE,FL,ASO,ES,Towers with Radar,0,20,125,0,145,0,8,308,0,316,0,28,433,0,461,186,0,186,647
02/13/2005,FXE,FL,ASO,ES,Towers with Radar,0,30,137,0,167,0,10,242,0,252,0,40,379,0,419,154,0,154,573
02/14/2005,FXE,FL,ASO,ES,Towers with Radar,0,20,134,0,154,0,8,324,0,332,0,28,458,0,486,130,0,130,616
02/15/2005,FXE,FL,ASO,ES,Towers with Radar,0,41,165,0,206,0,14,325,0,339,0,55,490,0,545,162,0,162,707
02/16/2005,FXE,FL,ASO,ES,Towers with Radar,0,29,175,0,204,0,6,353,0,359,0,35,528,0,563,166,0,166,729
02/17/2005,FXE,FL,ASO,ES,Towers with Radar,0,38,196,0,234,0,12,488,0,500,0,50,684,0,734,154,0,154,888
02/18/2005,FXE,FL,ASO,ES,Towers with Radar,0,37,200,0,237,0,11,484,0,495,0,48,684,0,732,192,0,192,924
02/19/2005,FXE,FL,ASO,ES,Towers with Radar,0,27,159,0,186,0,8,387,0,395,0,35,546,0,581,176,0,176,757
02/20/2005,FXE,FL,ASO,ES,Towers with Radar,0,35,154,0,189,0,15,332,0,347,0,50,486,0,536,132,0,132,668
02/21/2005,FXE,FL,ASO,ES,Towers with Radar,0,31,147,0,178,0,6,385,0,391,0,37,532,0,569,184,0,184,753
02/22/2005,FXE,FL,ASO,ES,Towers with Radar,0,33,207,0,240,0,14,323,0,337,0,47,530,0,577,130,0,130,707
02/23/2005,FXE,FL,ASO,ES,Towers with Radar,0,52,189,0,241,0,8,334,0,342,0,60,523,0,583,168,0,168,751
02/24/2005,FXE,FL,ASO,ES,Towers with Radar,0,41,167,0,208,0,7,406,0,413,0,48,573,0,621,196,0,196,817
02/25/2005,FXE,FL,ASO,ES,Towers with Radar,0,51,186,0,237,0,12,232,0,244,0,63,418,0,481,132,0,132,613
02/26/2005,FXE,FL,ASO,ES,Towers with Radar,0,29,183,0,212,0,2,214,0,216,0,31,397,0,428,128,0,128,556
02/27/2005,FXE,FL,ASO,ES,Towers with Radar,0,32,128,0,160,0,4,114,0,118,0,36,242,0,278,68,0,68,346
02/28/2005,FXE,FL,ASO,ES,Towers with Radar,0,37,111,0,148,0,0,264,0,264,0,37,375,0,412,144,0,144,556
03/01/2005,FXE,FL,ASO,ES,Towers with Radar,0,34,117,0,151,0,4,312,0,316,0,38,429,0,467,128,0,128,595
03/02/2005,FXE,FL,ASO,ES,Towers with Radar,0,43,173,0,216,0,9,396,0,405,0,52,569,0,621,172,0,172,793
03/03/2005,FXE,FL,ASO,ES,Towers with Radar,0,43,187,0,230,0,19,357,0,376,0,62,544,0,606,130,0,130,736
03/04/2005,FXE,FL,ASO,ES,Towers with Radar,0,50,184,0,234,0,14,228,0,242,0,64,412,0,476,90,0,90,566
03/05/2005,FXE,FL,ASO,ES,Towers with Radar,0,11,150,0,161,0,7,340,0,347,0,18,490,0,508,214,0,214,722
03/06/2005,FXE,FL,ASO,ES,Towers with Radar,0,32,124,1,157,0,10,268,0,278,0,42,392,1,435,132,0,132,567
03/07/2005,FXE,FL,ASO,ES,Towers with Radar,0,33,143,0,176,0,13,322,0,335,0,46,465,0,511,94,0,94,605
03/08/2005,FXE,FL,ASO,ES,Towers with Radar,0,38,119,0,157,0,9,136,0,145,0,47,255,0,302,20,0,20,322
03/09/2005,FXE,FL,ASO,ES,Towers with Radar,0,50,156,0,206,0,6,50,0,56,0,56,206,0,262,48,0,48,310
03/10/2005,FXE,FL,ASO,ES,Towers with Radar,0,51,166,0,217,0,11,414,0,425,0,62,580,0,642,186,0,186,828
03/11/2005,FXE,FL,ASO,ES,Towers with Radar,0,51,142,0,193,0,14,408,0,422,0,65,550,0,615,182,0,182,797
03/12/2005,FXE,FL,ASO,ES,Towers with Radar,0,24,116,0,140,0,9,313,0,322,0,33,429,0,462,180,0,180,642
03/13/2005,FXE,FL,ASO,ES,Towers with Radar,0,23,141,0,164,0,11,262,0,273,0,34,403,0,437,208,0,208,645
03/14/2005,FXE,FL,ASO,ES,Towers with Radar,0,31,137,0,168,0,4,305,0,309,0,35,442,0,477,148,0,148,625
03/15/2005,FXE,FL,ASO,ES,Towers with Radar,0,51,162,0,213,0,19,317,0,336,0,70,479,0,549,242,0,242,791
03/16/2005,FXE,FL,ASO,ES,Towers with Radar,0,45,137,0,182,0,13,241,0,254,0,58,378,0,436,74,0,74,510
03/17/2005,FXE,FL,ASO,ES,Towers with Radar,0,59,140,0,199,0,4,93,0,97,0,63,233,0,296,10,0,10,306
03/18/2005,FXE,FL,ASO,ES,Towers with Radar,0,45,195,0,240,0,7,361,0,368,0,52,556,0,608,90,0,90,698
03/19/2005,FXE,FL,ASO,ES,Towers with Radar,0,27,192,0,219,0,17,391,0,408,0,44,583,0,627,220,0,220,847
03/20/2005,FXE,FL,ASO,ES,Towers with Radar,0,33,153,0,186,0,33,256,0,289,0,66,409,0,475,92,0,92,567
03/21/2005,FXE,FL,ASO,ES,Towers with Radar,0,48,131,0,179,0,7,310,4,321,0,55,441,4,500,122,0,122,622
03/22/2005,FXE,FL,ASO,ES,Towers with Radar,0,56,167,0,223,0,5,214,0,219,0,61,381,0,442,130,0,130,572
03/23/2005,FXE,FL,ASO,ES,Towers with Radar,0,56,146,0,202,0,11,269,0,280,0,67,415,0,482,120,0,120,602
03/24/2005,FXE,FL,ASO,ES,Towers with Radar,0,67,223,0,290,0,13,498,0,511,0,80,721,0,801,154,0,154,955
03/25/2005,FXE,FL,ASO,ES,Towers with Radar,0,38,183,0,221,0,13,443,0,456,0,51,626,0,677,208,0,208,885
03/26/2005,FXE,FL,ASO,ES,Towers with Radar,0,34,170,0,204,0,6,320,0,326,0,40,490,0,530,142,0,142,672
03/27/2005,FXE,FL,ASO,ES,Towers with Radar,0,32,134,0,166,0,17,162,0,179,0,49,296,0,345,44,0,44,389
03/28/2005,FXE,FL,ASO,ES,Towers with Radar,0,47,190,0,237,0,15,243,0,258,0,62,433,0,495,96,0,96,591
03/29/2005,FXE,FL,ASO,ES,Towers with Radar,0,31,162,0,193,0,14,353,0,367,0,45,515,0,560,104,0,104,664
03/30/2005,FXE,FL,ASO,ES,Towers with Radar,0,29,162,2,193,0,19,413,0,432,0,48,575,2,625,130,0,130,755
03/31/2005,FXE,FL,ASO,ES,Towers with Radar,0,38,176,0,214,0,22,430,0,452,0,60,606,0,666,136,0,136,802
04/01/2005,FXE,FL,ASO,ES,Towers with Radar,0,47,168,0,215,0,15,466,0,481,0,62,634,0,696,168,0,168,864
04/02/2005,FXE,FL,ASO,ES,Towers with Radar,0,31,147,0,178,0,13,122,0,135,0,44,269,0,313,44,0,44,357
04/03/2005,FXE,FL,ASO,ES,Towers with Radar,0,37,190,0,227,0,7,266,0,273,0,44,456,0,500,162,0,162,662
04/04/2005,FXE,FL,ASO,ES,Towers with Radar,0,28,134,0,162,0,3,322,0,325,0,31,456,0,487,142,0,142,629
04/05/2005,FXE,FL,ASO,ES,Towers with Radar,0,38,135,0,173,0,13,337,0,350,0,51,472,0,523,186,0,186,709
04/06/2005,FXE,FL,ASO,ES,Towers with Radar,0,39,174,0,213,0,19,343,0,362,0,58,517,0,575,122,0,122,697
04/07/2005,FXE,FL,ASO,ES,Towers with Radar,0,36,145,0,181,0,10,299,0,309,0,46,444,0,490,138,0,138,628
04/08/2005,FXE,FL,ASO,ES,Towers with Radar,0,33,147,0,180,0,12,152,0,164,0,45,299,0,344,62,0,62,406
04/09/2005,FXE,FL,ASO,ES,Towers with Radar,0,14,139,0,153,0,17,352,0,369,0,31,491,0,522,144,0,144,666
04/10/2005,FXE,FL,ASO,ES,Towers with Radar,0,15,153,0,168,0,10,335,0,345,0,25,488,0,513,176,0,176,689
04/11/2005,FXE,FL,ASO,ES,Towers with Radar,0,23,156,0,179,0,9,323,0,332,0,32,479,0,511,150,0,150,661
04/12/2005,FXE,FL,ASO,ES,Towers with Radar,0,31,146,0,177,0,10,340,0,350,0,41,486,0,527,176,0,176,703
04/13/2005,FXE,FL,ASO,ES,Towers with Radar,0,29,143,0,172,0,13,279,0,292,0,42,422,0,464,100,0,100,564
04/14/2005,FXE,FL,ASO,ES,Towers with Radar,0,44,136,0,180,0,17,344,0,361,0,61,480,0,541,198,0,198,739
04/15/2005,FXE,FL,ASO,ES,Towers with Radar,0,37,170,0,207,0,14,332,0,346,0,51,502,0,553,76,0,76,629
04/16/2005,FXE,FL,ASO,ES,Towers with Radar,0,22,141,0,163,0,19,335,0,354,0,41,476,0,517,138,0,138,655
04/17/2005,FXE,FL,ASO,ES,Towers with Radar,0,23,138,0,161,0,13,243,0,256,0,36,381,0,417,118,0,118,535
04/18/2005,FXE,FL,ASO,ES,Towers with Radar,0,24,142,0,166,0,8,356,0,364,0,32,498,0,530,256,0,256,786
04/19/2005,FXE,FL,ASO,ES,Towers with Radar,0,41,164,0,205,0,14,312,0,326,0,55,476,0,531,224,0,224,755
04/20/2005,FXE,FL,ASO,ES,Towers with Radar,0,34,149,0,183,0,9,320,0,329,0,43,469,0,512,150,0,150,662
04/21/2005,FXE,FL,ASO,ES,Towers with Radar,0,37,170,0,207,0,13,341,0,354,0,50,511,0,561,182,0,182,743
04/22/2005,FXE,FL,ASO,ES,Towers with Radar,0,39,154,0,193,0,5,329,0,334,0,44,483,0,527,138,0,138,665
04/23/2005,FXE,FL,ASO,ES,Towers with Radar,0,22,98,0,120,0,11,265,0,276,0,33,363,0,396,88,0,88,484
04/24/2005,FXE,FL,ASO,ES,Towers with Radar,0,18,124,0,142,0,10,229,0,239,0,28,353,0,381,108,0,108,489
04/25/2005,FXE,FL,ASO,ES,Towers with Radar,0,31,140,0,171,0,14,351,0,365,0,45,491,0,536,164,0,164,700
04/26/2005,FXE,FL,ASO,ES,Towers with Radar,0,28,160,0,188,0,11,264,0,275,0,39,424,0,463,76,0,76,539
04/27/2005,FXE,FL,ASO,ES,Towers with Radar,0,43,146,0,189,0,8,161,6,175,0,51,307,6,364,72,0,72,436
04/28/2005,FXE,FL,ASO,ES,Towers with Radar,0,42,182,0,224,0,12,400,0,412,0,54,582,0,636,144,0,144,780
04/29/2005,FXE,FL,ASO,ES,Towers with Radar,0,48,140,0,188,0,7,371,0,378,0,55,511,0,566,102,0,102,668
04/30/2005,FXE,FL,ASO,ES,Towers with Radar,0,19,95,0,114,0,11,192,0,203,0,30,287,0,317,102,0,102,419
05/01/2005,FXE,FL,ASO,ES,Towers with Radar,0,40,135,0,175,0,1,140,0,141,0,41,275,0,316,46,0,46,362
05/02/2005,FXE,FL,ASO,ES,Towers with Radar,0,31,137,1,169,0,7,273,0,280,0,38,410,1,449,102,0,102,551
05/03/2005,FXE,FL,ASO,ES,Towers with Radar,0,41,120,0,161,0,8,201,0,209,0,49,321,0,370,62,0,62,432
05/04/2005,FXE,FL,ASO,ES,Towers with Radar,0,39,116,1,156,0,7,176,0,183,0,46,292,1,339,100,0,100,439
05/05/2005,FXE,FL,ASO,ES,Towers with Radar,0,39,121,1,161,0,11,173,0,184,0,50,294,1,345,144,0,144,489
05/06/2005,FXE,FL,ASO,ES,Towers with Radar,0,32,160,0,192,0,17,286,0,303,0,49,446,0,495,92,0,92,587
05/07/2005,FXE,FL,ASO,ES,Towers with Radar,0,24,99,0,123,0,44,341,0,385,0,68,440,0,508,190,0,190,698
05/08/2005,FXE,FL,ASO,ES,Towers with Radar,0,31,116,0,147,0,24,180,0,204,0,55,296,0,351,130,0,130,481
05/09/2005,FXE,FL,ASO,ES,Towers with Radar,0,42,110,0,152,0,14,310,0,324,0,56,420,0,476,184,0,184,660
05/10/2005,FXE,FL,ASO,ES,Towers with Radar,0,29,138,0,167,0,17,345,0,362,0,46,483,0,529,180,0,180,709
05/11/2005,FXE,FL,ASO,ES,Towers with Radar,0,38,123,3,164,0,7,366,0,373,0,45,489,3,537,124,0,124,661
05/12/2005,FXE,FL,ASO,ES,Towers with Radar,0,39,152,0,191,0,17,359,0,376,0,56,511,0,567,182,0,182,749
05/13/2005,FXE,FL,ASO,ES,Towers with Radar,0,67,168,0,235,0,5,414,0,419,0,72,582,0,654,110,0,110,764
05/14/2005,FXE,FL,ASO,ES,Towers with Radar,0,25,94,0,119,0,33,240,0,273,0,58,334,0,392,174,0,174,566
05/15/2005,FXE,FL,ASO,ES,Towers with Radar,0,22,112,0,134,0,20,224,0,244,0,42,336,0,378,150,0,150,528
05/16/2005,FXE,FL,ASO,ES,Towers with Radar,0,27,114,0,141,0,11,292,0,303,0,38,406,0,444,182,0,182,626
05/17/2005,FXE,FL,ASO,ES,Towers with Radar,0,33,104,0,137,0,14,285,0,299,0,47,389,0,436,104,0,104,540
05/18/2005,FXE,FL,ASO,ES,Towers with Radar,0,37,136,0,173,0,16,314,0,330,0,53,450,0,503,142,0,142,645
05/19/2005,FXE,FL,ASO,ES,Towers with Radar,0,39,153,0,192,0,15,399,0,414,0,54,552,0,606,236,0,236,842
05/20/2005,FXE,FL,ASO,ES,Towers with Radar,0,54,158,0,212,0,30,331,0,361,0,84,489,0,573,210,0,210,783
05/21/2005,FXE,FL,ASO,ES,Towers with Radar,0,19,82,0,101,0,6,236,0,242,0,25,318,0,343,92,0,92,435
05/22/2005,FXE,FL,ASO,ES,Towers with Radar,0,27,129,0,156,0,14,241,0,255,0,41,370,0,411,104,0,104,515
05/23/2005,FXE,FL,ASO,ES,Towers with Radar,0,22,110,0,132,0,12,279,0,291,0,34,389,0,423,78,0,78,501
05/24/2005,FXE,FL,ASO,ES,Towers with Radar,0,26,108,0,134,0,8,287,0,295,0,34,395,0,429,120,0,120,549
05/25/2005,FXE,FL,ASO,ES,Towers with Radar,0,44,134,0,178,0,15,314,1,330,0,59,448,1,508,46,0,46,554
05/26/2005,FXE,FL,ASO,ES,Towers with Radar,0,33,154,0,187,0,23,234,0,257,0,56,388,0,444,94,0,94,538
05/27/2005,FXE,FL,ASO,ES,Towers with Radar,0,51,162,0,213,0,16,357,0,373,0,67,519,0,586,66,0,66,652
05/28/2005,FXE,FL,ASO,ES,Towers with Radar,0,26,94,0,120,0,21,365,0,386,0,47,459,0,506,138,0,138,644
05/29/2005,FXE,FL,ASO,ES,Towers with Radar,0,10,75,0,85,0,10,153,0,163,0,20,228,0,248,44,0,44,292
05/30/2005,FXE,FL,ASO,ES,Towers with Radar,0,19,117,0,136,0,9,210,0,219,0,28,327,0,355,56,0,56,411
05/31/2005,FXE,FL,ASO,ES,Towers with Radar,0,47,99,0,146,0,6,131,0,137,0,53,230,0,283,46,0,46,329
06/01/2005,FXE,FL,ASO,ES,Towers with Radar,0,37,84,0,121,0,8,131,0,139,0,45,215,0,260,60,0,60,320
06/02/2005,FXE,FL,ASO,ES,Towers with Radar,0,39,134,0,173,0,20,148,0,168,0,59,282,0,341,34,0,34,375
06/03/2005,FXE,FL,ASO,ES,Towers with Radar,0,42,143,0,185,0,20,192,0,212,0,62,335,0,397,44,0,44,441
06/04/2005,FXE,FL,ASO,ES,Towers with Radar,0,19,102,0,121,0,14,189,0,203,0,33,291,0,324,98,0,98,422
06/05/2005,FXE,FL,ASO,ES,Towers with Radar,0,28,77,0,105,0,14,133,0,147,0,42,210,0,252,90,0,90,342
06/06/2005,FXE,FL,ASO,ES,Towers with Radar,0,36,121,0,157,0,15,173,0,188,0,51,294,0,345,44,0,44,389
06/07/2005,FXE,FL,ASO,ES,Towers with Radar,0,45,126,0,171,0,16,243,0,259,0,61,369,0,430,140,0,140,570
06/08/2005,FXE,FL,ASO,ES,Towers with Radar,0,42,112,0,154,0,14,274,0,288,0,56,386,0,442,88,0,88,530
06/09/2005,FXE,FL,ASO,ES,Towers with Radar,0,46,110,0,156,0,9,193,0,202,0,55,303,0,358,68,0,68,426
06/10/2005,FXE,FL,ASO,ES,Towers with Radar,0,46,84,0,130,0,16,61,0,77,0,62,145,0,207,6,0,6,213
06/11/2005,FXE,FL,ASO,ES,Towers with Radar,0,29,68,1,98,0,12,78,0,90,0,41,146,1,188,12,0,12,200
06/12/2005,FXE,FL,ASO,ES,Towers with Radar,0,20,91,0,111,0,16,232,0,248,0,36,323,0,359,110,0,110,469
06/13/2005,FXE,FL,ASO,ES,Towers with Radar,0,27,107,0,134,0,16,285,0,301,0,43,392,0,435,92,0,92,527
06/14/2005,FXE,FL,ASO,ES,Towers with Radar,0,28,129,0,157,0,19,274,0,293,0,47,403,0,450,136,0,136,586
06/15/2005,FXE,FL,ASO,ES,Towers with Radar,0,35,117,0,152,0,22,352,0,374,0,57,469,0,526,90,0,90,616
06/16/2005,FXE,FL,ASO,ES,Towers with Radar,0,36,99,0,135,0,17,332,0,349,0,53,431,0,484,112,0,112,596
06/17/2005,FXE,FL,ASO,ES,Towers with Radar,0,42,119,0,161,0,18,322,0,340,0,60,441,0,501,88,0,88,589
06/18/2005,FXE,FL,ASO,ES,Towers with Radar,0,22,120,0,142,0,10,209,0,219,0,32,329,0,361,72,0,72,433
06/19/2005,FXE,FL,ASO,ES,Towers with Radar,0,17,81,0,98,0,12,180,0,192,0,29,261,0,290,112,0,112,402
06/20/2005,FXE,FL,ASO,ES,Towers with Radar,0,42,116,0,158,0,9,77,0,86,0,51,193,0,244,14,0,14,258
06/21/2005,FXE,FL,ASO,ES,Towers with Radar,0,30,121,0,151,0,12,195,0,207,0,42,316,0,358,96,0,96,454
06/22/2005,FXE,FL,ASO,ES,Towers with Radar,0,44,136,0,180,0,7,152,0,159,0,51,288,0,339,24,0,24,363
06/23/2005,FXE,FL,ASO,ES,Towers with Radar,0,50,157,0,207,0,12,311,0,323,0,62,468,0,530,110,0,110,640
06/24/2005,FXE,FL,ASO,ES,Towers with Radar,0,40,146,0,186,0,16,299,0,315,0,56,445,0,501,172,0,172,673
06/25/2005,FXE,FL,ASO,ES,Towers with Radar,0,14,121,0,135,0,13,305,0,318,0,27,426,0,453,90,0,90,543
06/26/2005,FXE,FL,ASO,ES,Towers with Radar,0,23,88,0,111,0,14,254,0,268,0,37,342,0,379,94,0,94,473
06/27/2005,FXE,FL,ASO,ES,Towers with Radar,0,29,101,0,130,0,16,253,0,269,0,45,354,0,399,130,0,130,529
06/28/2005,FXE,FL,ASO,ES,Towers with Radar,0,33,105,2,140,0,24,184,0,208,0,57,289,2,348,88,0,88,436
06/29/2005,FXE,FL,ASO,ES,Towers with Radar,0,40,148,1,189,0,10,291,1,302,0,50,439,2,491,86,0,86,577
06/30/2005,FXE,FL,ASO,ES,Towers with Radar,0,40,142,0,182,0,16,277,0,293,0,56,419,0,475,84,0,84,559
07/01/2005,FXE,FL,ASO,ES,Towers with Radar,0,52,127,0,179,0,11,224,0,235,0,63,351,0,414,78,0,78,492
07/02/2005,FXE,FL,ASO,ES,Towers with Radar,0,11,88,1,100,0,23,287,6,316,0,34,375,7,416,94,0,94,510
07/03/2005,FXE,FL,ASO,ES,Towers with Radar,0,13,80,0,93,0,16,147,0,163,0,29,227,0,256,99,0,99,355
07/04/2005,FXE,FL,ASO,ES,Towers with Radar,0,20,102,0,122,0,15,150,0,165,0,35,252,0,287,32,0,32,319
07/05/2005,FXE,FL,ASO,ES,Towers with Radar,0,35,115,0,150,0,8,291,0,299,0,43,406,0,449,130,0,130,579
07/06/2005,FXE,FL,ASO,ES,Towers with Radar,0,31,127,0,158,0,9,309,0,318,0,40,436,0,476,88,0,88,564
07/07/2005,FXE,FL,ASO,ES,Towers with Radar,0,38,118,0,156,0,23,269,0,292,0,61,387,0,448,74,0,74,522
07/08/2005,FXE,FL,ASO,ES,Towers with Radar,0,52,97,1,150,0,17,162,0,179,0,69,259,1,329,28,0,28,357
07/09/2005,FXE,FL,ASO,ES,Towers with Radar,0,9,34,0,43,0,8,20,0,28,0,17,54,0,71,0,0,0,71
07/10/2005,FXE,FL,ASO,ES,Towers with Radar,0,21,60,0,81,0,7,38,0,45,0,28,98,0,126,18,0,18,144
07/11/2005,FXE,FL,ASO,ES,Towers with Radar,0,35,123,0,158,0,12,284,0,296,0,47,407,0,454,74,0,74,528
07/12/2005,FXE,FL,ASO,ES,Towers with Radar,0,29,140,0,169,0,10,344,0,354,0,39,484,0,523,216,0,216,739
07/13/2005,FXE,FL,ASO,ES,Towers with Radar,0,36,136,0,172,0,15,292,0,307,0,51,428,0,479,90,0,90,569
07/14/2005,FXE,FL,ASO,ES,Towers with Radar,0,34,136,0,170,0,29,363,0,392,0,63,499,0,562,160,0,160,722
07/15/2005,FXE,FL,ASO,ES,Towers with Radar,0,38,136,0,174,0,10,386,0,396,0,48,522,0,570,176,0,176,746
07/16/2005,FXE,FL,ASO,ES,Towers with Radar,0,12,109,0,121,0,18,316,0,334,0,30,425,0,455,174,6,180,635
07/17/2005,FXE,FL,ASO,ES,Towers with Radar,0,13,96,0,109,0,13,206,0,219,0,26,302,0,328,160,0,160,488
07/18/2005,FXE,FL,ASO,ES,Towers with Radar,0,21,118,0,139,0,15,250,0,265,0,36,368,0,404,84,0,84,488
07/19/2005,FXE,FL,ASO,ES,Towers with Radar,0,29,98,0,127,0,19,283,1,303,0,48,381,1,430,160,0,160,590
07/20/2005,FXE,FL,ASO,ES,Towers with Radar,0,30,128,1,159,0,20,196,0,216,0,50,324,1,375,60,0,60,435
07/21/2005,FXE,FL,ASO,ES,Towers with Radar,0,34,156,1,191,0,23,372,0,395,0,57,528,1,586,174,0,174,760
07/22/2005,FXE,FL,ASO,ES,Towers with Radar,0,45,130,0,175,0,17,333,0,350,0,62,463,0,525,174,0,174,699
07/23/2005,FXE,FL,ASO,ES,Towers with Radar,0,23,106,0,129,0,12,322,0,334,0,35,428,0,463,174,0,174,637
07/24/2005,FXE,FL,ASO,ES,Towers with Radar,0,21,83,0,104,0,13,158,0,171,0,34,241,0,275,78,0,78,353
07/25/2005,FXE,FL,ASO,ES,Towers with Radar,0,24,96,0,120,0,9,244,0,253,0,33,340,0,373,68,0,68,441
07/26/2005,FXE,FL,ASO,ES,Towers with Radar,0,27,128,0,155,0,17,223,0,240,0,44,351,0,395,58,0,58,453
07/27/2005,FXE,FL,ASO,ES,Towers with Radar,0,31,133,0,164,0,9,213,0,222,0,40,346,0,386,104,0,104,490
07/28/2005,FXE,FL,ASO,ES,Towers with Radar,0,43,124,0,167,0,20,414,0,434,0,63,538,0,601,144,0,144,745
07/29/2005,FXE,FL,ASO,ES,Towers with Radar,0,38,131,0,169,0,29,311,0,340,0,67,442,0,509,170,0,170,679
07/30/2005,FXE,FL,ASO,ES,Towers with Radar,0,14,90,2,106,0,11,201,0,212,0,25,291,2,318,56,0,56,374
07/31/2005,FXE,FL,ASO,ES,Towers with Radar,0,10,107,0,117,0,17,223,0,240,0,27,330,0,357,88,0,88,445
08/01/2005,FXE,FL,ASO,ES,Towers with Radar,0,29,113,0,142,0,5,255,0,260,0,34,368,0,402,86,0,86,488
08/02/2005,FXE,FL,ASO,ES,Towers with Radar,0,31,126,0,157,0,17,301,0,318,0,48,427,0,475,132,0,132,607
08/03/2005,FXE,FL,ASO,ES,Towers with Radar,0,33,127,0,160,0,11,241,0,252,0,44,368,0,412,92,0,92,504
08/04/2005,FXE,FL,ASO,ES,Towers with Radar,0,36,129,0,165,0,21,346,0,367,0,57,475,0,532,118,0,118,650
08/05/2005,FXE,FL,ASO,ES,Towers with Radar,0,33,157,0,190,0,9,231,1,241,0,42,388,1,431,112,0,112,543
08/06/2005,FXE,FL,ASO,ES,Towers with Radar,0,11,106,0,117,0,12,223,0,235,0,23,329,0,352,82,0,82,434
08/07/2005,FXE,FL,ASO,ES,Towers with Radar,0,22,87,0,109,0,18,171,0,189,0,40,258,0,298,102,0,102,400
08/08/2005,FXE,FL,ASO,ES,Towers with Radar,0,17,104,0,121,0,14,284,0,298,0,31,388,0,419,128,0,128,547
08/09/2005,FXE,FL,ASO,ES,Towers with Radar,0,38,120,0,158,0,6,264,0,270,0,44,384,0,428,180,0,180,608
08/10/2005,FXE,FL,ASO,ES,Towers with Radar,0,32,128,0,160,0,10,202,0,212,0,42,330,0,372,50,0,50,422
08/11/2005,FXE,FL,ASO,ES,Towers with Radar,0,28,133,0,161,0,16,212,0,228,0,44,345,0,389,118,0,118,507
08/12/2005,FXE,FL,ASO,ES,Towers with Radar,0,38,153,0,191,0,23,277,0,300,0,61,430,0,491,142,0,142,633
08/13/2005,FXE,FL,ASO,ES,Towers with Radar,0,8,87,0,95,0,14,260,0,274,0,22,347,0,369,100,0,100,469
08/14/2005,FXE,FL,ASO,ES,Towers with Radar,0,11,86,0,97,0,11,202,0,213,0,22,288,0,310,100,0,100,410
08/15/2005,FXE,FL,ASO,ES,Towers with Radar,0,29,121,0,150,0,21,229,0,250,0,50,350,0,400,90,0,90,490
08/16/2005,FXE,FL,ASO,ES,Towers with Radar,0,25,135,0,160,0,20,291,0,311,0,45,426,0,471,174,0,174,645
08/17/2005,FXE,FL,ASO,ES,Towers with Radar,0,32,134,2,168,0,7,288,0,295,0,39,422,2,463,90,0,90,553
08/18/2005,FXE,FL,ASO,ES,Towers with Radar,0,27,167,2,196,0,19,249,0,268,0,46,416,2,464,148,0,148,612
08/19/2005,FXE,FL,ASO,ES,Towers with Radar,0,17,135,0,152,0,26,305,0,331,0,43,440,0,483,92,0,92,575
08/20/2005,FXE,FL,ASO,ES,Towers with Radar,0,14,82,0,96,0,9,279,0,288,0,23,361,0,384,146,0,146,530
08/21/2005,FXE,FL,ASO,ES,Towers with Radar,0,14,115,0,129,0,6,254,0,260,0,20,369,0,389,50,0,50,439
08/22/2005,FXE,FL,ASO,ES,Towers with Radar,0,22,93,0,115,0,12,259,0,271,0,34,352,0,386,156,0,156,542
08/23/2005,FXE,FL,ASO,ES,Towers with Radar,0,55,136,0,191,0,7,249,0,256,0,62,385,0,447,126,0,126,573
08/24/2005,FXE,FL,ASO,ES,Towers with Radar,0,31,149,0,180,0,13,252,0,265,0,44,401,0,445,72,0,72,517
08/25/2005,FXE,FL,ASO,ES,Towers with Radar,0,17,54,0,71,0,2,9,0,11,0,19,63,0,82,0,0,0,82
08/26/2005,FXE,FL,ASO,ES,Towers with Radar,0,12,31,0,43,0,3,25,0,28,0,15,56,0,71,0,0,0,71
08/27/2005,FXE,FL,ASO,ES,Towers with Radar,0,14,79,1,94,0,9,125,0,134,0,23,204,1,228,28,0,28,256
08/28/2005,FXE,FL,ASO,ES,Towers with Radar,0,33,91,0,124,0,5,150,0,155,0,38,241,0,279,38,0,38,317
08/29/2005,FXE,FL,ASO,ES,Towers with Radar,0,46,96,0,142,0,11,202,0,213,0,57,298,0,355,66,0,66,421
08/30/2005,FXE,FL,ASO,ES,Towers with Radar,0,56,112,0,168,0,12,244,0,256,0,68,356,0,424,84,0,84,508
08/31/2005,FXE,FL,ASO,ES,Towers with Radar,0,46,127,1,174,0,16,200,3,219,0,62,327,4,393,76,0,76,469
09/01/2005,FXE,FL,ASO,ES,Towers with Radar,0,38,130,0,168,0,12,309,0,321,0,50,439,0,489,182,0,182,671
09/02/2005,FXE,FL,ASO,ES,Towers with Radar,0,33,132,0,165,0,29,356,0,385,0,62,488,0,550,106,0,106,656
09/03/2005,FXE,FL,ASO,ES,Towers with Radar,0,13,114,0,127,0,2,155,0,157,0,15,269,0,284,52,0,52,336
09/04/2005,FXE,FL,ASO,ES,Towers with Radar,0,5,56,0,61,0,10,113,0,123,0,15,169,0,184,86,0,86,270
09/05/2005,FXE,FL,ASO,ES,Towers with Radar,0,31,126,0,157,0,16,139,0,155,0,47,265,0,312,94,0,94,406
09/06/2005,FXE,FL,ASO,ES,Towers with Radar,0,31,115,0,146,0,16,118,0,134,0,47,233,0,280,86,0,86,366
09/07/2005,FXE,FL,ASO,ES,Towers with Radar,0,29,113,0,142,0,5,182,0,187,0,34,295,0,329,44,0,44,373
09/08/2005,FXE,FL,ASO,ES,Towers with Radar,0,30,110,3,143,0,7,269,0,276,0,37,379,3,419,186,0,186,605
09/09/2005,FXE,FL,ASO,ES,Towers with Radar,0,28,103,0,131,0,9,338,0,347,0,37,441,0,478,150,0,150,628
09/10/2005,FXE,FL,ASO,ES,Towers with Radar,0,10,85,0,95,0,13,306,0,319,0,23,391,0,414,152,0,152,566
09/11/2005,FXE,FL,ASO,ES,Towers with Radar,0,12,87,0,99,0,8,242,0,250,0,20,329,0,349,106,0,106,455
09/12/2005,FXE,FL,ASO,ES,Towers with Radar,0,27,102,0,129,0,2,319,0,321,0,29,421,0,450,158,0,158,608
09/13/2005,FXE,FL,ASO,ES,Towers with Radar,0,34,107,2,143,0,9,292,0,301,0,43,399,2,444,74,0,74,518
09/14/2005,FXE,FL,ASO,ES,Towers with Radar,0,40,100,0,140,0,11,255,0,266,0,51,355,0,406,50,0,50,456
09/15/2005,FXE,FL,ASO,ES,Towers with Radar,0,31,132,0,163,0,12,311,0,323,0,43,443,0,486,174,0,174,660
09/16/2005,FXE,FL,ASO,ES,Towers with Radar,0,20,150,0,170,0,17,261,0,278,0,37,411,0,448,92,0,92,540
09/17/2005,FXE,FL,ASO,ES,Towers with Radar,0,17,109,0,126,0,2,209,0,211,0,19,318,0,337,70,0,70,407
09/18/2005,FXE,FL,ASO,ES,Towers with Radar,0,23,0,0,23,0,0,297,0,297,0,23,297,0,320,112,0,112,432
09/19/2005,FXE,FL,ASO,ES,Towers with Radar,0,25,85,2,112,0,3,137,0,140,0,28,222,2,252,54,0,54,306
09/20/2005,FXE,FL,ASO,ES,Towers with Radar,0,30,30,0,60,0,0,0,0,0,0,30,30,0,60,0,0,0,60
09/21/2005,FXE,FL,ASO,ES,Towers with Radar,0,37,89,1,127,0,2,148,0,150,0,39,237,1,277,4,0,4,281
09/22/2005,FXE,FL,ASO,ES,Towers with Radar,0,34,168,1,203,0,12,236,0,248,0,46,404,1,451,148,0,148,599
09/23/2005,FXE,FL,ASO,ES,Towers with Radar,0,32,134,0,166,0,10,283,0,293,0,42,417,0,459,128,0,128,587
09/24/2005,FXE,FL,ASO,ES,Towers with Radar,0,11,106,0,117,0,1,208,0,209,0,12,314,0,326,68,0,68,394
09/25/2005,FXE,FL,ASO,ES,Towers with Radar,0,19,110,0,129,0,8,133,0,141,0,27,243,0,270,66,0,66,336
09/26/2005,FXE,FL,ASO,ES,Towers with Radar,0,30,108,0,138,0,11,229,0,240,0,41,337,0,378,74,0,74,452
09/27/2005,FXE,FL,ASO,ES,Towers with Radar,0,30,137,1,168,0,3,276,0,279,0,33,413,1,447,156,0,156,603
09/28/2005,FXE,FL,ASO,ES,Towers with Radar,0,42,128,0,170,0,4,251,0,255,0,46,379,0,425,110,0,110,535
09/29/2005,FXE,FL,ASO,ES,Towers with Radar,0,38,146,2,186,0,6,346,2,354,0,44,492,4,540,160,0,160,700
09/30/2005,FXE,FL,ASO,ES,Towers with Radar,0,39,157,0,196,0,5,231,0,236,0,44,388,0,432,104,0,104,536
10/01/2005,FXE,FL,ASO,ES,Towers with Radar,0,18,99,0,117,0,3,274,0,277,0,21,373,0,394,138,0,138,532
10/02/2005,FXE,FL,ASO,ES,Towers with Radar,0,21,89,0,110,0,12,152,0,164,0,33,241,0,274,38,0,38,312
10/03/2005,FXE,FL,ASO,ES,Towers with Radar,0,30,107,0,137,0,8,225,0,233,0,38,332,0,370,104,0,104,474
10/04/2005,FXE,FL,ASO,ES,Towers with Radar,0,60,98,0,158,0,3,82,0,85,0,63,180,0,243,16,0,16,259
10/05/2005,FXE,FL,ASO,ES,Towers with Radar,0,32,129,0,161,0,6,209,0,215,0,38,338,0,376,130,0,130,506
10/06/2005,FXE,FL,ASO,ES,Towers with Radar,0,43,124,0,167,0,7,202,0,209,0,50,326,0,376,20,0,20,396
10/07/2005,FXE,FL,ASO,ES,Towers with Radar,0,56,108,2,166,0,2,193,0,195,0,58,301,2,361,22,0,22,383
10/08/2005,FXE,FL,ASO,ES,Towers with Radar,0,11,101,0,112,0,15,254,0,269,0,26,355,0,381,152,0,152,533
10/09/2005,FXE,FL,ASO,ES,Towers with Radar,0,14,71,0,85,0,7,192,0,199,0,21,263,0,284,68,0,68,352
10/10/2005,FXE,FL,ASO,ES,Towers with Radar,0,29,119,0,148,0,7,268,0,275,0,36,387,0,423,132,0,132,555
10/11/2005,FXE,FL,ASO,ES,Towers with Radar,0,27,130,3,160,0,25,281,1,307,0,52,411,4,467,68,0,68,535
10/12/2005,FXE,FL,ASO,ES,Towers with Radar,0,39,168,0,207,0,6,283,0,289,0,45,451,0,496,94,0,94,590
10/13/2005,FXE,FL,ASO,ES,Towers with Radar,0,35,131,0,166,0,22,398,0,420,0,57,529,0,586,196,0,196,782
10/14/2005,FXE,FL,ASO,ES,Towers with Radar,0,37,159,0,196,0,10,334,0,344,0,47,493,0,540,144,0,144,684
10/15/2005,FXE,FL,ASO,ES,Towers with Radar,0,17,110,0,127,0,6,137,0,143,0,23,247,0,270,54,0,54,324
10/16/2005,FXE,FL,ASO,ES,Towers with Radar,0,37,134,0,171,0,2,242,0,244,0,39,376,0,415,98,0,98,513
10/17/2005,FXE,FL,ASO,ES,Towers with Radar,0,38,92,0,130,0,0,292,0,292,0,38,384,0,422,132,0,132,554
10/18/2005,FXE,FL,ASO,ES,Towers with Radar,0,31,150,0,181,0,9,234,0,243,0,40,384,0,424,42,0,42,466
10/19/2005,FXE,FL,ASO,ES,Towers with Radar,0,36,144,0,180,0,4,348,28,380,0,40,492,28,560,128,0,128,688
10/20/2005,FXE,FL,ASO,ES,Towers with Radar,0,39,147,3,189,0,9,277,0,286,0,48,424,3,475,112,0,112,587
10/21/2005,FXE,FL,ASO,ES,Towers with Radar,0,40,134,0,174,0,10,136,0,146,0,50,270,0,320,32,0,32,352
10/22/2005,FXE,FL,ASO,ES,Towers with Radar,0,19,54,0,73,0,3,87,0,90,0,22,141,0,163,42,0,42,205
10/23/2005,FXE,FL,ASO,ES,Towers with Radar,0,6,78,0,84,0,6,32,0,38,0,12,110,0,122,6,0,6,128
10/24/2005,FXE,FL,ASO,ES,Towers with Radar,0,0,0,0,0,0,0,0,0,0,0,0,0,0,0,0,0,0,0
10/25/2005,FXE,FL,ASO,ES,Towers with Radar,0,0,0,0,0,0,4,77,0,81,0,4,77,0,81,0,0,0,81
10/26/2005,FXE,FL,ASO,ES,Towers with Radar,0,31,103,0,134,0,3,104,0,107,0,34,207,0,241,0,0,0,241
10/27/2005,FXE,FL,ASO,ES,Towers with Radar,0,25,120,1,146,0,7,158,3,168,0,32,278,4,314,2,0,2,316
10/28/2005,FXE,FL,ASO,ES,Towers with Radar,0,31,124,0,155,0,13,223,1,237,0,44,347,1,392,0,0,0,392
10/29/2005,FXE,FL,ASO,ES,Towers with Radar,0,11,100,0,111,0,6,119,0,125,0,17,219,0,236,10,0,10,246
10/30/2005,FXE,FL,ASO,ES,Towers with Radar,0,20,53,0,73,0,7,84,0,91,0,27,137,0,164,0,0,0,164
10/31/2005,FXE,FL,ASO,ES,Towers with Radar,0,21,79,0,100,0,2,117,7,126,0,23,196,7,226,22,0,22,248
11/01/2005,FXE,FL,ASO,ES,Towers with Radar,0,39,125,0,164,0,4,126,0,130,0,43,251,0,294,20,0,20,314
11/02/2005,FXE,FL,ASO,ES,Towers with Radar,0,41,118,2,161,0,6,232,0,238,0,47,350,2,399,62,0,62,461
11/03/2005,FXE,FL,ASO,ES,Towers with Radar,0,36,141,0,177,0,11,225,0,236,0,47,366,0,413,86,0,86,499
11/04/2005,FXE,FL,ASO,ES,Towers with Radar,0,36,159,0,195,0,20,317,0,337,0,56,476,0,532,124,0,124,656
11/05/2005,FXE,FL,ASO,ES,Towers with Radar,0,24,119,0,143,0,10,294,0,304,0,34,413,0,447,142,0,142,589
11/06/2005,FXE,FL,ASO,ES,Towers with Radar,0,21,134,0,155,0,11,207,0,218,0,32,341,0,373,106,0,106,479
11/07/2005,FXE,FL,ASO,ES,Towers with Radar,0,19,142,1,162,0,8,294,0,302,0,27,436,1,464,90,0,90,554
11/08/2005,FXE,FL,ASO,ES,Towers with Radar,0,32,173,0,205,0,24,288,0,312,0,56,461,0,517,54,0,54,571
11/09/2005,FXE,FL,ASO,ES,Towers with Radar,0,37,167,0,204,0,17,332,1,350,0,54,499,1,554,54,0,54,608
11/10/2005,FXE,FL,ASO,ES,Towers with Radar,0,50,167,7,224,0,6,338,0,344,0,56,505,7,568,176,0,176,744
11/11/2005,FXE,FL,ASO,ES,Towers with Radar,0,38,141,0,179,0,2,385,0,387,0,40,526,0,566,134,0,134,700
11/12/2005,FXE,FL,ASO,ES,Towers with Radar,0,22,103,0,125,0,12,267,0,279,0,34,370,0,404,100,0,100,504
11/13/2005,FXE,FL,ASO,ES,Towers with Radar,0,24,141,0,165,0,8,168,0,176,0,32,309,0,341,134,0,134,475
11/14/2005,FXE,FL,ASO,ES,Towers with Radar,0,35,121,0,156,0,7,158,0,165,0,42,279,0,321,62,0,62,383
11/15/2005,FXE,FL,ASO,ES,Towers with Radar,0,38,141,0,179,0,3,284,0,287,0,41,425,0,466,98,0,98,564
11/16/2005,FXE,FL,ASO,ES,Towers with Radar,0,44,163,0,207,0,6,365,0,371,0,50,528,0,578,142,0,142,720
11/17/2005,FXE,FL,ASO,ES,Towers with Radar,0,54,142,1,197,0,0,345,0,345,0,54,487,1,542,186,0,186,728
11/18/2005,FXE,FL,ASO,ES,Towers with Radar,0,43,175,0,218,0,11,217,0,228,0,54,392,0,446,50,0,50,496
11/19/2005,FXE,FL,ASO,ES,Towers with Radar,0,21,102,0,123,0,16,254,2,272,0,37,356,2,395,90,0,90,485
11/20/2005,FXE,FL,ASO,ES,Towers with Radar,0,31,137,0,168,0,8,190,0,198,0,39,327,0,366,98,0,98,464
11/21/2005,FXE,FL,ASO,ES,Towers with Radar,0,25,83,0,108,0,5,212,0,217,0,30,295,0,325,62,0,62,387
11/22/2005,FXE,FL,ASO,ES,Towers with Radar,0,43,137,0,180,0,9,225,0,234,0,52,362,0,414,124,0,124,538
11/23/2005,FXE,FL,ASO,ES,Towers with Radar,0,62,156,0,218,0,7,278,0,285,0,69,434,0,503,42,0,42,545
11/24/2005,FXE,FL,ASO,ES,Towers with Radar,0,24,47,0,71,0,6,109,0,115,0,30,156,0,186,14,0,14,200
11/25/2005,FXE,FL,ASO,ES,Towers with Radar,0,21,84,0,105,0,0,253,0,253,0,21,337,0,358,98,0,98,456
11/26/2005,FXE,FL,ASO,ES,Towers with Radar,0,27,95,0,122,0,2,259,0,261,0,29,354,0,383,116,0,116,499
11/27/2005,FXE,FL,ASO,ES,Towers with Radar,0,50,178,0,228,0,11,268,0,279,0,61,446,0,507,72,0,72,579
11/28/2005,FXE,FL,ASO,ES,Towers with Radar,0,32,131,0,163,0,0,199,0,199,0,32,330,0,362,62,0,62,424
11/29/2005,FXE,FL,ASO,ES,Towers with Radar,0,46,123,0,169,0,3,106,0,109,0,49,229,0,278,58,0,58,336
11/30/2005,FXE,FL,ASO,ES,Towers with Radar,0,52,132,0,184,0,4,266,2,272,0,56,398,2,456,50,0,50,506
12/01/2005,FXE,FL,ASO,ES,Towers with Radar,0,33,153,3,189,0,6,256,0,262,0,39,409,3,451,138,0,138,589
12/02/2005,FXE,FL,ASO,ES,Towers with Radar,0,32,163,0,195,0,9,361,0,370,0,41,524,0,565,140,0,140,705
12/03/2005,FXE,FL,ASO,ES,Towers with Radar,0,24,121,0,145,0,10,245,0,255,0,34,366,0,400,96,0,96,496
12/04/2005,FXE,FL,ASO,ES,Towers with Radar,0,26,120,0,146,0,10,178,0,188,0,36,298,0,334,104,0,104,438
12/05/2005,FXE,FL,ASO,ES,Towers with Radar,0,25,135,0,160,0,7,214,0,221,0,32,349,0,381,88,0,88,469
12/06/2005,FXE,FL,ASO,ES,Towers with Radar,0,33,173,0,206,0,5,119,0,124,0,38,292,0,330,102,0,102,432
12/07/2005,FXE,FL,ASO,ES,Towers with Radar,0,37,148,0,185,0,8,150,0,158,0,45,298,0,343,34,0,34,377
12/08/2005,FXE,FL,ASO,ES,Towers with Radar,0,43,153,0,196,0,3,315,0,318,0,46,468,0,514,162,0,162,676
12/09/2005,FXE,FL,ASO,ES,Towers with Radar,0,38,164,0,202,0,2,335,0,337,0,40,499,0,539,132,0,132,671
12/10/2005,FXE,FL,ASO,ES,Towers with Radar,0,15,140,0,155,0,5,185,0,190,0,20,325,0,345,94,0,94,439
12/11/2005,FXE,FL,ASO,ES,Towers with Radar,0,10,132,0,142,0,13,118,0,131,0,23,250,0,273,78,0,78,351
12/12/2005,FXE,FL,ASO,ES,Towers with Radar,0,29,123,0,152,0,8,268,0,276,0,37,391,0,428,110,0,110,538
12/13/2005,FXE,FL,ASO,ES,Towers with Radar,0,33,134,0,167,0,1,266,0,267,0,34,400,0,434,126,0,126,560
12/14/2005,FXE,FL,ASO,ES,Towers with Radar,0,39,165,2,206,0,13,317,1,331,0,52,482,3,537,116,0,116,653
12/15/2005,FXE,FL,ASO,ES,Towers with Radar,0,35,167,0,202,0,11,261,1,273,0,46,428,1,475,86,0,86,561
12/16/2005,FXE,FL,ASO,ES,Towers with Radar,0,45,174,0,219,0,10,340,0,350,0,55,514,0,569,132,0,132,701
12/17/2005,FXE,FL,ASO,ES,Towers with Radar,0,14,134,0,148,0,6,206,0,212,0,20,340,0,360,86,2,88,448
12/18/2005,FXE,FL,ASO,ES,Towers with Radar,0,13,140,0,153,0,6,162,0,168,0,19,302,0,321,76,0,76,397
12/19/2005,FXE,FL,ASO,ES,Towers with Radar,0,38,187,0,225,0,0,9,0,9,0,38,196,0,234,0,0,0,234
12/20/2005,FXE,FL,ASO,ES,Towers with Radar,0,42,200,0,242,0,8,142,0,150,0,50,342,0,392,84,0,84,476
12/21/2005,FXE,FL,ASO,ES,Towers with Radar,0,37,157,0,194,0,11,249,0,260,0,48,406,0,454,136,0,136,590
12/22/2005,FXE,FL,ASO,ES,Towers with Radar,0,30,162,4,196,0,19,309,0,328,0,49,471,4,524,82,0,82,606
12/23/2005,FXE,FL,ASO,ES,Towers with Radar,0,48,129,0,177,0,9,336,0,345,0,57,465,0,522,118,0,118,640
12/24/2005,FXE,FL,ASO,ES,Towers with Radar,0,11,76,0,87,0,9,179,0,188,0,20,255,0,275,34,0,34,309
12/25/2005,FXE,FL,ASO,ES,Towers with Radar,0,14,40,0,54,0,10,29,0,39,0,24,69,0,93,2,0,2,95
12/26/2005,FXE,FL,ASO,ES,Towers with Radar,0,41,180,0,221,0,10,192,0,202,0,51,372,0,423,70,0,70,493
12/27/2005,FXE,FL,ASO,ES,Towers with Radar,0,53,185,0,238,0,16,305,0,321,0,69,490,0,559,50,0,50,609
12/28/2005,FXE,FL,ASO,ES,Towers with Radar,0,44,165,0,209,0,7,272,0,279,0,51,437,0,488,78,0,78,566
12/29/2005,FXE,FL,ASO,ES,Towers with Radar,0,41,165,0,206,0,11,318,2,331,0,52,483,2,537,152,0,152,689
12/30/2005,FXE,FL,ASO,ES,Towers with Radar,0,31,143,0,174,0,9,304,0,313,0,40,447,0,487,0,82,82,569
12/31/2005,FXE,FL,ASO,ES,Towers with Radar,0,19,111,0,130,0,5,235,0,240,0,24,346,0,370,60,0,60,430
01/01/2006,FXE,FL,ASO,ES,Towers with Radar,0,38,152,0,190,0,8,147,0,155,0,46,299,0,345,32,0,32,377
01/02/2006,FXE,FL,ASO,ES,Towers with Radar,0,35,249,0,284,0,11,204,0,215,0,46,453,0,499,68,0,68,567
01/03/2006,FXE,FL,ASO,ES,Towers with Radar,0,42,171,0,213,0,15,287,0,302,0,57,458,0,515,30,0,30,545
01/04/2006,FXE,FL,ASO,ES,Towers with Radar,0,40,171,0,211,0,10,309,2,321,0,50,480,2,532,42,0,42,574
01/05/2006,FXE,FL,ASO,ES,Towers with Radar,0,48,152,0,200,0,6,377,0,383,0,54,529,0,583,190,0,190,773
01/06/2006,FXE,FL,ASO,ES,Towers with Radar,0,46,134,0,180,0,12,224,0,236,0,58,358,0,416,60,0,60,476
01/07/2006,FXE,FL,ASO,ES,Towers with Radar,0,19,155,2,176,0,7,313,0,320,0,26,468,2,496,0,104,104,600
01/08/2006,FXE,FL,ASO,ES,Towers with Radar,0,22,145,1,168,0,4,248,0,252,0,26,393,1,420,98,0,98,518
01/09/2006,FXE,FL,ASO,ES,Towers with Radar,0,20,123,0,143,0,11,251,0,262,0,31,374,0,405,80,0,80,485
01/10/2006,FXE,FL,ASO,ES,Towers with Radar,0,33,164,0,197,0,6,272,0,278,0,39,436,0,475,46,0,46,521
01/11/2006,FXE,FL,ASO,ES,Towers with Radar,0,30,125,0,155,0,7,426,0,433,0,37,551,0,588,140,0,140,728
01/12/2006,FXE,FL,ASO,ES,Towers with Radar,0,39,198,0,237,0,4,344,0,348,0,43,542,0,585,108,0,108,693
01/13/2006,FXE,FL,ASO,ES,Towers with Radar,0,43,158,0,201,0,3,324,0,327,0,46,482,0,528,114,0,114,642
01/14/2006,FXE,FL,ASO,ES,Towers with Radar,0,18,96,0,114,0,6,120,0,126,0,24,216,0,240,14,0,14,254
01/15/2006,FXE,FL,ASO,ES,Towers with Radar,0,18,111,0,129,0,6,179,0,185,0,24,290,0,314,62,0,62,376
01/16/2006,FXE,FL,ASO,ES,Towers with Radar,0,39,141,0,180,0,0,336,0,336,0,39,477,0,516,84,0,84,600
01/17/2006,FXE,FL,ASO,ES,Towers with Radar,0,44,130,0,174,0,9,272,0,281,0,53,402,0,455,68,0,68,523
01/18/2006,FXE,FL,ASO,ES,Towers with Radar,0,37,145,0,182,0,8,214,0,222,0,45,359,0,404,44,0,44,448
01/19/2006,FXE,FL,ASO,ES,Towers with Radar,0,43,184,0,227,0,4,302,0,306,0,47,486,0,533,142,0,142,675
01/20/2006,FXE,FL,ASO,ES,Towers with Radar,0,45,185,1,231,0,9,334,0,343,0,54,519,1,574,152,0,152,726
01/21/2006,FXE,FL,ASO,ES,Towers with Radar,0,24,125,0,149,0,13,284,0,297,0,37,409,0,446,134,0,134,580
01/22/2006,FXE,FL,ASO,ES,Towers with Radar,0,35,118,0,153,0,4,213,2,219,0,39,331,2,372,130,0,130,502
01/23/2006,FXE,FL,ASO,ES,Towers with Radar,0,31,151,0,182,0,9,225,0,234,0,40,376,0,416,70,0,70,486
01/24/2006,FXE,FL,ASO,ES,Towers with Radar,0,44,159,0,203,0,3,240,0,243,0,47,399,0,446,48,0,48,494
01/25/2006,FXE,FL,ASO,ES,Towers with Radar,0,37,133,0,170,0,9,269,0,278,0,46,402,0,448,62,0,62,510
01/26/2006,FXE,FL,ASO,ES,Towers with Radar,0,36,162,0,198,0,16,333,0,349,0,52,495,0,547,138,0,138,685
01/27/2006,FXE,FL,ASO,ES,Towers with Radar,0,33,160,0,193,0,4,296,0,300,0,37,456,0,493,112,0,112,605
01/28/2006,FXE,FL,ASO,ES,Towers with Radar,0,21,93,0,114,0,0,602,0,602,0,21,695,0,716,14,0,14,730
01/29/2006,FXE,FL,ASO,ES,Towers with Radar,0,41,119,0,160,0,8,151,0,159,0,49,270,0,319,60,0,60,379
01/30/2006,FXE,FL,ASO,ES,Towers with Radar,0,43,148,0,191,0,7,155,0,162,0,50,303,0,353,60,0,60,413
01/31/2006,FXE,FL,ASO,ES,Towers with Radar,0,32,136,0,168,0,4,375,0,379,0,36,511,0,547,176,0,176,723
02/01/2006,FXE,FL,ASO,ES,Towers with Radar,0,44,166,0,210,0,12,358,0,370,0,56,524,0,580,196,0,196,776
02/02/2006,FXE,FL,ASO,ES,Towers with Radar,0,63,177,0,240,0,3,278,0,281,0,66,455,0,521,156,0,156,677
02/03/2006,FXE,FL,ASO,ES,Towers with Radar,0,45,155,0,200,0,5,257,0,262,0,50,412,0,462,138,0,138,600
02/04/2006,FXE,FL,ASO,ES,Towers with Radar,0,25,89,0,114,0,0,52,0,52,0,25,141,0,166,20,0,20,186
02/05/2006,FXE,FL,ASO,ES,Towers with Radar,0,23,111,2,136,0,5,138,0,143,0,28,249,2,279,70,0,70,349
02/06/2006,FXE,FL,ASO,ES,Towers with Radar,0,40,135,0,175,0,7,251,0,258,0,47,386,0,433,68,0,68,501
02/07/2006,FXE,FL,ASO,ES,Towers with Radar,0,42,135,0,177,0,2,381,0,383,0,44,516,0,560,158,0,158,718
02/08/2006,FXE,FL,ASO,ES,Towers with Radar,0,46,147,0,193,0,4,345,0,349,0,50,492,0,542,152,0,152,694
02/09/2006,FXE,FL,ASO,ES,Towers with Radar,0,69,166,0,235,0,8,352,0,360,0,77,518,0,595,166,0,166,761
02/10/2006,FXE,FL,ASO,ES,Towers with Radar,0,39,150,0,189,0,17,335,0,352,0,56,485,0,541,128,0,128,669
02/11/2006,FXE,FL,ASO,ES,Towers with Radar,0,18,92,0,110,0,5,204,0,209,0,23,296,0,319,72,0,72,391
02/12/2006,FXE,FL,ASO,ES,Towers with Radar,0,37,115,0,152,0,1,100,0,101,0,38,215,0,253,64,0,64,317
02/13/2006,FXE,FL,ASO,ES,Towers with Radar,0,40,141,0,181,0,0,227,0,227,0,40,368,0,408,118,0,118,526
02/14/2006,FXE,FL,ASO,ES,Towers with Radar,0,43,135,0,178,0,14,283,0,297,0,57,418,0,475,134,0,134,609
02/15/2006,FXE,FL,ASO,ES,Towers with Radar,0,48,178,0,226,0,3,301,0,304,0,51,479,0,530,92,0,92,622
02/16/2006,FXE,FL,ASO,ES,Towers with Radar,0,58,201,0,259,0,6,358,0,364,0,64,559,0,623,154,0,154,777
02/17/2006,FXE,FL,ASO,ES,Towers with Radar,0,58,195,0,253,0,10,352,0,362,0,68,547,0,615,108,0,108,723
02/18/2006,FXE,FL,ASO,ES,Towers with Radar,0,34,132,0,166,0,9,337,0,346,0,43,469,0,512,108,0,108,620
02/19/2006,FXE,FL,ASO,ES,Towers with Radar,0,23,148,0,171,0,7,228,0,235,0,30,376,0,406,160,0,160,566
02/20/2006,FXE,FL,ASO,ES,Towers with Radar,0,41,172,0,213,0,6,256,0,262,0,47,428,0,475,95,0,95,570
02/21/2006,FXE,FL,ASO,ES,Towers with Radar,0,36,182,0,218,0,11,415,0,426,0,47,597,0,644,180,0,180,824
02/22/2006,FXE,FL,ASO,ES,Towers with Radar,0,41,190,3,234,0,8,385,3,396,0,49,575,6,630,170,0,170,800
02/23/2006,FXE,FL,ASO,ES,Towers with Radar,0,54,187,0,241,0,8,404,0,412,0,62,591,0,653,124,0,124,777
02/24/2006,FXE,FL,ASO,ES,Towers with Radar,0,40,169,4,213,0,5,254,0,259,0,45,423,4,472,126,0,126,598
02/25/2006,FXE,FL,ASO,ES,Towers with Radar,0,45,155,0,200,0,9,178,0,187,0,54,333,0,387,44,0,44,431
02/26/2006,FXE,FL,ASO,ES,Towers with Radar,0,33,132,0,165,0,9,82,0,91,0,42,214,0,256,54,0,54,310
02/27/2006,FXE,FL,ASO,ES,Towers with Radar,0,43,129,0,172,0,6,244,0,250,0,49,373,0,422,66,0,66,488
02/28/2006,FXE,FL,ASO,ES,Towers with Radar,0,41,164,1,206,0,8,337,0,345,0,49,501,1,551,106,0,106,657
03/01/2006,FXE,FL,ASO,ES,Towers with Radar,0,57,183,0,240,0,19,403,0,422,0,76,586,0,662,112,0,112,774
03/02/2006,FXE,FL,ASO,ES,Towers with Radar,0,36,152,0,188,0,7,362,0,369,0,43,514,0,557,146,0,146,703
03/03/2006,FXE,FL,ASO,ES,Towers with Radar,0,40,170,0,210,0,3,288,0,291,0,43,458,0,501,118,0,118,619
03/04/2006,FXE,FL,ASO,ES,Towers with Radar,0,26,115,0,141,0,9,224,0,233,0,35,339,0,374,96,0,96,470
03/05/2006,FXE,FL,ASO,ES,Towers with Radar,0,39,151,0,190,0,11,224,0,235,0,50,375,0,425,92,0,92,517
03/06/2006,FXE,FL,ASO,ES,Towers with Radar,0,30,146,0,176,0,11,238,0,249,0,41,384,0,425,72,0,72,497
03/07/2006,FXE,FL,ASO,ES,Towers with Radar,0,38,156,0,194,0,6,244,0,250,0,44,400,0,444,130,0,130,574
03/08/2006,FXE,FL,ASO,ES,Towers with Radar,0,33,161,0,194,0,10,308,0,318,0,43,469,0,512,110,0,110,622
03/09/2006,FXE,FL,ASO,ES,Towers with Radar,0,34,153,0,187,0,6,319,0,325,0,40,472,0,512,130,0,130,642
03/10/2006,FXE,FL,ASO,ES,Towers with Radar,0,37,180,0,217,0,19,362,0,381,0,56,542,0,598,134,0,134,732
03/11/2006,FXE,FL,ASO,ES,Towers with Radar,0,26,154,0,180,0,8,273,0,281,0,34,427,0,461,100,0,100,561
03/12/2006,FXE,FL,ASO,ES,Towers with Radar,0,32,152,0,184,0,6,172,0,178,0,38,324,0,362,82,0,82,444
03/13/2006,FXE,FL,ASO,ES,Towers with Radar,0,40,150,0,190,0,0,228,0,228,0,40,378,0,418,98,0,98,516
03/14/2006,FXE,FL,ASO,ES,Towers with Radar,0,29,130,0,159,0,8,391,0,399,0,37,521,0,558,180,0,180,738
03/15/2006,FXE,FL,ASO,ES,Towers with Radar,0,58,188,0,246,0,15,316,0,331,0,73,504,0,577,126,0,126,703
03/16/2006,FXE,FL,ASO,ES,Towers with Radar,0,50,184,0,234,0,11,353,0,364,0,61,537,0,598,104,0,104,702
03/17/2006,FXE,FL,ASO,ES,Towers with Radar,0,48,159,0,207,0,19,413,0,432,0,67,572,0,639,146,0,146,785
03/18/2006,FXE,FL,ASO,ES,Towers with Radar,0,27,163,0,190,0,9,278,0,287,0,36,441,0,477,72,0,72,549
03/19/2006,FXE,FL,ASO,ES,Towers with Radar,0,36,151,0,187,0,4,185,5,194,0,40,336,5,381,98,0,98,479
03/20/2006,FXE,FL,ASO,ES,Towers with Radar,0,29,145,0,174,0,5,215,0,220,0,34,360,0,394,90,0,90,484
03/21/2006,FXE,FL,ASO,ES,Towers with Radar,0,42,153,1,196,0,9,378,0,387,0,51,531,1,583,152,0,152,735
03/22/2006,FXE,FL,ASO,ES,Towers with Radar,0,39,132,3,174,0,6,309,0,315,0,45,441,3,489,106,0,106,595
03/23/2006,FXE,FL,ASO,ES,Towers with Radar,0,35,155,1,191,0,6,213,0,219,0,41,368,1,410,80,0,80,490
03/24/2006,FXE,FL,ASO,ES,Towers with Radar,0,41,191,0,232,0,15,274,0,289,0,56,465,0,521,90,0,90,611
03/25/2006,FXE,FL,ASO,ES,Towers with Radar,0,34,151,2,187,0,8,269,0,277,0,42,420,2,464,48,0,48,512
03/26/2006,FXE,FL,ASO,ES,Towers with Radar,0,52,155,0,207,0,26,202,0,228,0,78,357,0,435,82,0,82,517
03/27/2006,FXE,FL,ASO,ES,Towers with Radar,0,37,134,0,171,0,13,264,0,277,0,50,398,0,448,58,0,58,506
03/28/2006,FXE,FL,ASO,ES,Towers with Radar,0,41,149,0,190,0,19,348,0,367,0,60,497,0,557,104,0,104,661
03/29/2006,FXE,FL,ASO,ES,Towers with Radar,0,45,162,0,207,0,14,304,0,318,0,59,466,0,525,126,0,126,651
03/30/2006,FXE,FL,ASO,ES,Towers with Radar,0,46,188,0,234,0,14,398,0,412,0,60,586,0,646,102,0,102,748
03/31/2006,FXE,FL,ASO,ES,Towers with Radar,0,43,204,0,247,0,13,340,0,353,0,56,544,0,600,76,0,76,676
04/01/2006,FXE,FL,ASO,ES,Towers with Radar,0,33,126,0,159,0,16,229,0,245,0,49,355,0,404,82,0,82,486
04/02/2006,FXE,FL,ASO,ES,Towers with Radar,0,44,170,0,214,0,10,187,0,197,0,54,357,0,411,86,0,86,497
04/03/2006,FXE,FL,ASO,ES,Towers with Radar,0,36,115,0,151,0,12,237,0,249,0,48,352,0,400,52,0,52,452
04/04/2006,FXE,FL,ASO,ES,Towers with Radar,0,37,106,0,143,0,8,325,0,333,0,45,431,0,476,142,0,142,618
04/05/2006,FXE,FL,ASO,ES,Towers with Radar,0,40,166,0,206,0,14,337,0,351,0,54,503,0,557,138,0,138,695
04/06/2006,FXE,FL,ASO,ES,Towers with Radar,0,32,193,0,225,0,8,292,0,300,0,40,485,0,525,132,0,132,657
04/07/2006,FXE,FL,ASO,ES,Towers with Radar,0,35,195,0,230,0,12,360,0,372,0,47,555,0,602,100,0,100,702
04/08/2006,FXE,FL,ASO,ES,Towers with Radar,0,19,152,0,171,0,13,290,0,303,0,32,442,0,474,78,0,78,552
04/09/2006,FXE,FL,ASO,ES,Towers with Radar,0,40,155,0,195,0,6,125,0,131,0,46,280,0,326,62,0,62,388
04/10/2006,FXE,FL,ASO,ES,Towers with Radar,0,48,117,0,165,0,7,155,0,162,0,55,272,0,327,58,0,58,385
04/11/2006,FXE,FL,ASO,ES,Towers with Radar,0,31,155,0,186,0,10,253,0,263,0,41,408,0,449,54,0,54,503
04/12/2006,FXE,FL,ASO,ES,Towers with Radar,0,51,139,0,190,0,11,302,0,313,0,62,441,0,503,50,0,50,553
04/13/2006,FXE,FL,ASO,ES,Towers with Radar,0,42,186,0,228,0,9,308,0,317,0,51,494,0,545,102,0,102,647
04/14/2006,FXE,FL,ASO,ES,Towers with Radar,0,38,167,0,205,0,13,385,0,398,0,51,552,0,603,160,0,160,763
04/15/2006,FXE,FL,ASO,ES,Towers with Radar,0,16,100,0,116,0,10,321,0,331,0,26,421,0,447,158,2,160,607
04/16/2006,FXE,FL,ASO,ES,Towers with Radar,0,31,114,0,145,0,11,220,0,231,0,42,334,0,376,94,0,94,470
04/17/2006,FXE,FL,ASO,ES,Towers with Radar,0,38,150,0,188,0,16,252,0,268,0,54,402,0,456,46,0,46,502
04/18/2006,FXE,FL,ASO,ES,Towers with Radar,0,46,153,0,199,0,13,363,0,376,0,59,516,0,575,134,0,134,709
04/19/2006,FXE,FL,ASO,ES,Towers with Radar,0,56,166,0,222,0,7,384,0,391,0,63,550,0,613,104,0,104,717
04/20/2006,FXE,FL,ASO,ES,Towers with Radar,0,35,175,1,211,0,13,466,0,479,0,48,641,1,690,162,0,162,852
04/21/2006,FXE,FL,ASO,ES,Towers with Radar,0,45,172,0,217,0,10,358,0,368,0,55,530,0,585,128,0,128,713
04/22/2006,FXE,FL,ASO,ES,Towers with Radar,0,23,154,0,177,0,13,297,0,310,0,36,451,0,487,118,0,118,605
04/23/2006,FXE,FL,ASO,ES,Towers with Radar,0,37,179,0,216,0,16,175,0,191,0,53,354,0,407,70,0,70,477
04/24/2006,FXE,FL,ASO,ES,Towers with Radar,0,32,125,0,157,0,7,189,0,196,0,39,314,0,353,142,0,142,495
04/25/2006,FXE,FL,ASO,ES,Towers with Radar,0,49,107,0,156,0,21,321,0,342,0,70,428,0,498,56,0,56,554
04/26/2006,FXE,FL,ASO,ES,Towers with Radar,0,48,164,0,212,0,7,224,0,231,0,55,388,0,443,54,0,54,497
04/27/2006,FXE,FL,ASO,ES,Towers with Radar,0,54,112,0,166,0,7,282,0,289,0,61,394,0,455,47,0,47,502
04/28/2006,FXE,FL,ASO,ES,Towers with Radar,0,40,141,0,181,0,14,309,0,323,0,54,450,0,504,90,0,90,594
04/29/2006,FXE,FL,ASO,ES,Towers with Radar,0,15,101,0,116,0,19,151,0,170,0,34,252,0,286,24,0,24,310
04/30/2006,FXE,FL,ASO,ES,Towers with Radar,0,31,138,0,169,0,12,249,0,261,0,43,387,0,430,96,0,96,526
05/01/2006,FXE,FL,ASO,ES,Towers with Radar,0,24,115,0,139,0,0,195,0,195,0,24,310,0,334,60,0,60,394
05/02/2006,FXE,FL,ASO,ES,Towers with Radar,0,39,117,0,156,0,17,295,0,312,0,56,412,0,468,94,0,94,562
05/03/2006,FXE,FL,ASO,ES,Towers with Radar,0,41,165,2,208,0,25,414,0,439,0,66,579,2,647,170,0,170,817
05/04/2006,FXE,FL,ASO,ES,Towers with Radar,0,34,137,0,171,0,11,271,0,282,0,45,408,0,453,70,0,70,523
05/05/2006,FXE,FL,ASO,ES,Towers with Radar,0,39,143,0,182,0,19,278,0,297,0,58,421,0,479,88,0,88,567
05/06/2006,FXE,FL,ASO,ES,Towers with Radar,0,27,92,0,119,0,12,173,0,185,0,39,265,0,304,44,0,44,348
05/07/2006,FXE,FL,ASO,ES,Towers with Radar,0,30,126,0,156,0,9,175,0,184,0,39,301,0,340,70,0,70,410
05/08/2006,FXE,FL,ASO,ES,Towers with Radar,0,20,117,0,137,0,5,149,0,154,0,25,266,0,291,36,0,36,327
05/09/2006,FXE,FL,ASO,ES,Towers with Radar,0,33,94,0,127,0,14,307,0,321,0,47,401,0,448,90,0,90,538
05/10/2006,FXE,FL,ASO,ES,Towers with Radar,0,34,165,0,199,0,7,281,0,288,0,41,446,0,487,92,0,92,579
05/11/2006,FXE,FL,ASO,ES,Towers with Radar,0,39,135,0,174,0,6,263,0,269,0,45,398,0,443,122,0,122,565
05/12/2006,FXE,FL,ASO,ES,Towers with Radar,0,36,142,0,178,0,12,273,0,285,0,48,415,0,463,86,0,86,549
05/13/2006,FXE,FL,ASO,ES,Towers with Radar,0,20,114,0,134,0,8,203,0,211,0,28,317,0,345,60,0,60,405
05/14/2006,FXE,FL,ASO,ES,Towers with Radar,0,20,112,0,132,0,10,141,0,151,0,30,253,0,283,48,0,48,331
05/15/2006,FXE,FL,ASO,ES,Towers with Radar,0,31,120,0,151,0,14,176,0,190,0,45,296,0,341,34,0,34,375
05/16/2006,FXE,FL,ASO,ES,Towers with Radar,0,52,68,0,120,0,6,81,0,87,0,58,149,0,207,28,0,28,235
05/17/2006,FXE,FL,ASO,ES,Towers with Radar,0,34,149,0,183,0,3,249,0,252,0,37,398,0,435,90,0,90,525
05/18/2006,FXE,FL,ASO,ES,Towers with Radar,0,38,139,0,177,0,7,390,0,397,0,45,529,0,574,138,0,138,712
05/19/2006,FXE,FL,ASO,ES,Towers with Radar,0,43,136,0,179,0,15,365,0,380,0,58,501,0,559,140,0,140,699
05/20/2006,FXE,FL,ASO,ES,Towers with Radar,0,25,97,0,122,0,9,265,0,274,0,34,362,0,396,140,0,140,536
05/21/2006,FXE,FL,ASO,ES,Towers with Radar,0,28,108,0,136,0,10,244,0,254,0,38,352,0,390,122,0,122,512
05/22/2006,FXE,FL,ASO,ES,Towers with Radar,0,29,153,0,182,0,5,225,0,230,0,34,378,0,412,84,0,84,496
05/23/2006,FXE,FL,ASO,ES,Towers with Radar,0,32,160,0,192,0,13,343,0,356,0,45,503,0,548,156,0,156,704
05/24/2006,FXE,FL,ASO,ES,Towers with Radar,0,46,151,0,197,0,4,275,0,279,0,50,426,0,476,72,0,72,548
05/25/2006,FXE,FL,ASO,ES,Towers with Radar,0,43,156,0,199,0,13,317,0,330,0,56,473,0,529,120,0,120,649
05/26/2006,FXE,FL,ASO,ES,Towers with Radar,0,58,188,0,246,0,10,307,0,317,0,68,495,0,563,144,0,144,707
05/27/2006,FXE,FL,ASO,ES,Towers with Radar,0,21,97,0,118,0,5,187,0,192,0,26,284,0,310,68,0,68,378
05/28/2006,FXE,FL,ASO,ES,Towers with Radar,0,8,74,0,82,0,8,225,0,233,0,16,299,0,315,68,0,68,383
05/29/2006,FXE,FL,ASO,ES,Towers with Radar,0,31,114,0,145,0,8,205,0,213,0,39,319,0,358,56,0,56,414
05/30/2006,FXE,FL,ASO,ES,Towers with Radar,0,28,156,0,184,0,8,273,0,281,0,36,429,0,465,82,0,82,547
05/31/2006,FXE,FL,ASO,ES,Towers with Radar,0,30,125,0,155,0,7,288,0,295,0,37,413,0,450,152,0,152,602
06/01/2006,FXE,FL,ASO,ES,Towers with Radar,0,36,114,0,150,0,8,184,0,192,0,44,298,0,342,92,0,92,434
06/02/2006,FXE,FL,ASO,ES,Towers with Radar,0,37,135,0,172,0,12,305,0,317,0,49,440,0,489,162,0,162,651
06/03/2006,FXE,FL,ASO,ES,Towers with Radar,0,12,111,0,123,0,13,247,0,260,0,25,358,0,383,128,0,128,511
06/04/2006,FXE,FL,ASO,ES,Towers with Radar,0,19,92,0,111,0,10,181,0,191,0,29,273,0,302,92,0,92,394
06/05/2006,FXE,FL,ASO,ES,Towers with Radar,0,14,115,0,129,0,7,176,0,183,0,21,291,0,312,90,0,90,402
06/06/2006,FXE,FL,ASO,ES,Towers with Radar,0,34,126,0,160,0,12,356,0,368,0,46,482,0,528,156,0,156,684
06/07/2006,FXE,FL,ASO,ES,Towers with Radar,0,21,146,0,167,0,9,375,0,384,0,30,521,0,551,118,0,118,669
06/08/2006,FXE,FL,ASO,ES,Towers with Radar,0,25,144,0,169,0,5,323,0,328,0,30,467,0,497,0,180,180,677
06/09/2006,FXE,FL,ASO,ES,Towers with Radar,0,28,136,0,164,0,13,386,0,399,0,41,522,0,563,118,0,118,681
06/10/2006,FXE,FL,ASO,ES,Towers with Radar,0,13,104,0,117,0,11,197,0,208,0,24,301,0,325,62,0,62,387
06/11/2006,FXE,FL,ASO,ES,Towers with Radar,0,20,116,0,136,0,7,86,0,93,0,27,202,0,229,42,0,42,271
06/12/2006,FXE,FL,ASO,ES,Towers with Radar,0,20,116,0,136,0,21,120,2,143,0,41,236,2,279,18,0,18,297
06/13/2006,FXE,FL,ASO,ES,Towers with Radar,0,23,83,0,106,0,5,166,0,171,0,28,249,0,277,84,0,84,361
06/14/2006,FXE,FL,ASO,ES,Towers with Radar,0,33,148,0,181,0,20,331,0,351,0,53,479,0,532,168,0,168,700
06/15/2006,FXE,FL,ASO,ES,Towers with Radar,0,31,151,0,182,0,7,360,0,367,0,38,511,0,549,148,0,148,697
06/16/2006,FXE,FL,ASO,ES,Towers with Radar,0,30,164,0,194,0,15,345,0,360,0,45,509,0,554,0,146,146,700
06/17/2006,FXE,FL,ASO,ES,Towers with Radar,0,15,115,0,130,0,16,213,0,229,0,31,328,0,359,104,0,104,463
06/18/2006,FXE,FL,ASO,ES,Towers with Radar,0,13,116,0,129,0,3,122,0,125,0,16,238,0,254,64,0,64,318
06/19/2006,FXE,FL,ASO,ES,Towers with Radar,0,22,134,0,156,0,5,207,0,212,0,27,341,0,368,114,0,114,482
06/20/2006,FXE,FL,ASO,ES,Towers with Radar,0,26,108,0,134,0,9,391,0,400,0,35,499,0,534,186,0,186,720
06/21/2006,FXE,FL,ASO,ES,Towers with Radar,0,33,138,4,175,0,14,404,0,418,0,47,542,4,593,204,0,204,797
06/22/2006,FXE,FL,ASO,ES,Towers with Radar,0,42,119,0,161,0,3,378,0,381,0,45,497,0,542,156,0,156,698
06/23/2006,FXE,FL,ASO,ES,Towers with Radar,0,32,144,0,176,0,58,325,0,383,0,90,469,0,559,142,0,142,701
06/24/2006,FXE,FL,ASO,ES,Towers with Radar,0,21,101,0,122,0,11,201,0,212,0,32,302,0,334,134,0,134,468
06/25/2006,FXE,FL,ASO,ES,Towers with Radar,0,39,114,0,153,0,4,85,0,89,0,43,199,0,242,20,0,20,262
06/26/2006,FXE,FL,ASO,ES,Towers with Radar,0,42,100,0,142,0,12,186,0,198,0,54,286,0,340,34,0,34,374
06/27/2006,FXE,FL,ASO,ES,Towers with Radar,0,34,117,1,152,0,8,262,0,270,0,42,379,1,422,92,0,92,514
06/28/2006,FXE,FL,ASO,ES,Towers with Radar,0,36,122,0,158,0,11,287,0,298,0,47,409,0,456,84,0,84,540
06/29/2006,FXE,FL,ASO,ES,Towers with Radar,0,52,130,0,182,0,8,313,0,321,0,60,443,0,503,58,0,58,561
06/30/2006,FXE,FL,ASO,ES,Towers with Radar,0,39,141,0,180,0,12,351,0,363,0,51,492,0,543,156,0,156,699
07/01/2006,FXE,FL,ASO,ES,Towers with Radar,0,32,134,0,166,0,16,215,0,231,0,48,349,0,397,144,0,144,541
07/02/2006,FXE,FL,ASO,ES,Towers with Radar,0,15,62,0,77,0,7,71,0,78,0,22,133,0,155,64,0,64,219
07/03/2006,FXE,FL,ASO,ES,Towers with Radar,0,30,92,0,122,0,0,193,0,193,0,30,285,0,315,104,0,104,419
07/04/2006,FXE,FL,ASO,ES,Towers with Radar,0,16,49,0,65,0,7,186,0,193,0,23,235,0,258,82,0,82,340
07/05/2006,FXE,FL,ASO,ES,Towers with Radar,0,18,96,0,114,0,9,357,0,366,0,27,453,0,480,188,0,188,668
07/06/2006,FXE,FL,ASO,ES,Towers with Radar,0,35,121,0,156,0,4,224,0,228,0,39,345,0,384,38,0,38,422
07/07/2006,FXE,FL,ASO,ES,Towers with Radar,0,34,113,0,147,0,9,293,0,302,0,43,406,0,449,148,0,148,597
07/08/2006,FXE,FL,ASO,ES,Towers with Radar,0,10,102,0,112,0,9,236,0,245,0,19,338,0,357,154,0,154,511
07/09/2006,FXE,FL,ASO,ES,Towers with Radar,0,22,97,0,119,0,9,177,0,186,0,31,274,0,305,98,0,98,403
07/10/2006,FXE,FL,ASO,ES,Towers with Radar,0,46,91,0,137,0,20,208,0,228,0,66,299,0,365,110,0,110,475
07/11/2006,FXE,FL,ASO,ES,Towers with Radar,0,48,121,0,169,0,12,256,0,268,0,60,377,0,437,86,0,86,523
07/12/2006,FXE,FL,ASO,ES,Towers with Radar,0,32,128,0,160,0,14,207,0,221,0,46,335,0,381,126,0,126,507
07/13/2006,FXE,FL,ASO,ES,Towers with Radar,0,48,125,0,173,0,14,287,0,301,0,62,412,0,474,158,0,158,632
07/14/2006,FXE,FL,ASO,ES,Towers with Radar,0,40,105,0,145,0,18,340,1,359,0,58,445,1,504,157,0,157,661
07/15/2006,FXE,FL,ASO,ES,Towers with Radar,0,25,91,0,116,0,12,231,0,243,0,37,322,0,359,136,0,136,495
07/16/2006,FXE,FL,ASO,ES,Towers with Radar,0,19,100,0,119,0,7,189,0,196,0,26,289,0,315,146,0,146,461
07/17/2006,FXE,FL,ASO,ES,Towers with Radar,0,22,90,0,112,0,9,252,0,261,0,31,342,0,373,102,0,102,475
07/18/2006,FXE,FL,ASO,ES,Towers with Radar,0,32,94,0,126,0,15,386,0,401,0,47,480,0,527,210,0,210,737
07/19/2006,FXE,FL,ASO,ES,Towers with Radar,0,43,107,0,150,0,20,315,0,335,0,63,422,0,485,92,0,92,577
07/20/2006,FXE,FL,ASO,ES,Towers with Radar,0,34,137,0,171,0,6,298,0,304,0,40,435,0,475,208,0,208,683
07/21/2006,FXE,FL,ASO,ES,Towers with Radar,0,39,117,0,156,0,7,214,0,221,0,46,331,0,377,72,0,72,449
07/22/2006,FXE,FL,ASO,ES,Towers with Radar,0,8,69,0,77,0,9,208,0,217,0,17,277,0,294,148,0,148,442
07/23/2006,FXE,FL,ASO,ES,Towers with Radar,0,15,80,0,95,0,18,122,0,140,0,33,202,0,235,108,0,108,343
07/24/2006,FXE,FL,ASO,ES,Towers with Radar,0,50,128,0,178,0,13,253,0,266,0,63,381,0,444,140,0,140,584
07/25/2006,FXE,FL,ASO,ES,Towers with Radar,0,38,111,0,149,0,12,465,0,477,0,50,576,0,626,192,0,192,818
07/26/2006,FXE,FL,ASO,ES,Towers with Radar,0,38,130,0,168,0,21,314,0,335,0,59,444,0,503,128,0,128,631
07/27/2006,FXE,FL,ASO,ES,Towers with Radar,0,46,112,0,158,0,16,259,0,275,0,62,371,0,433,108,0,108,541
07/28/2006,FXE,FL,ASO,ES,Towers with Radar,0,34,114,0,148,0,7,267,0,274,0,41,381,0,422,60,0,60,482
07/29/2006,FXE,FL,ASO,ES,Towers with Radar,0,16,74,2,92,0,10,178,0,188,0,26,252,2,280,68,0,68,348
07/30/2006,FXE,FL,ASO,ES,Towers with Radar,0,22,111,0,133,0,13,168,0,181,0,35,279,0,314,82,0,82,396
07/31/2006,FXE,FL,ASO,ES,Towers with Radar,0,41,153,0,194,0,6,175,0,181,0,47,328,0,375,84,0,84,459
08/01/2006,FXE,FL,ASO,ES,Towers with Radar,0,42,124,0,166,0,8,424,0,432,0,50,548,0,598,214,0,214,812
08/02/2006,FXE,FL,ASO,ES,Towers with Radar,0,31,109,0,140,0,6,494,0,500,0,37,603,0,640,216,0,216,856
08/03/2006,FXE,FL,ASO,ES,Towers with Radar,0,40,142,0,182,0,13,399,0,412,0,53,541,0,594,148,0,148,742
08/04/2006,FXE,FL,ASO,ES,Towers with Radar,0,34,105,0,139,0,15,345,0,360,0,49,450,0,499,132,0,132,631
08/05/2006,FXE,FL,ASO,ES,Towers with Radar,0,22,95,0,117,0,10,253,0,263,0,32,348,0,380,158,0,158,538
08/06/2006,FXE,FL,ASO,ES,Towers with Radar,0,15,85,0,100,0,9,142,0,151,0,24,227,0,251,0,101,101,352
08/07/2006,FXE,FL,ASO,ES,Towers with Radar,0,25,101,4,130,0,5,288,0,293,0,30,389,4,423,110,0,110,533
08/08/2006,FXE,FL,ASO,ES,Towers with Radar,0,40,108,0,148,0,11,310,0,321,0,51,418,0,469,206,0,206,675
08/09/2006,FXE,FL,ASO,ES,Towers with Radar,0,33,97,0,130,0,6,329,0,335,0,39,426,0,465,110,0,110,575
08/10/2006,FXE,FL,ASO,ES,Towers with Radar,0,48,135,0,183,0,18,314,0,332,0,66,449,0,515,100,0,100,615
08/11/2006,FXE,FL,ASO,ES,Towers with Radar,0,35,126,0,161,0,14,305,0,319,0,49,431,0,480,116,0,116,596
08/12/2006,FXE,FL,ASO,ES,Towers with Radar,0,19,116,0,135,0,7,298,0,305,0,26,414,0,440,208,0,208,648
08/13/2006,FXE,FL,ASO,ES,Towers with Radar,0,22,110,0,132,0,5,136,0,141,0,27,246,0,273,118,0,118,391
08/14/2006,FXE,FL,ASO,ES,Towers with Radar,0,28,94,0,122,0,11,237,0,248,0,39,331,0,370,60,0,60,430
08/15/2006,FXE,FL,ASO,ES,Towers with Radar,0,41,122,0,163,0,8,372,0,380,0,49,494,0,543,200,0,200,743
08/16/2006,FXE,FL,ASO,ES,Towers with Radar,0,38,144,0,182,0,10,370,0,380,0,48,514,0,562,148,0,148,710
08/17/2006,FXE,FL,ASO,ES,Towers with Radar,0,46,153,0,199,0,19,411,0,430,0,65,564,0,629,168,0,168,797
08/18/2006,FXE,FL,ASO,ES,Towers with Radar,0,31,139,0,170,0,6,332,0,338,0,37,471,0,508,138,0,138,646
08/19/2006,FXE,FL,ASO,ES,Towers with Radar,0,17,75,0,92,0,9,217,0,226,0,26,292,0,318,116,0,116,434
08/20/2006,FXE,FL,ASO,ES,Towers with Radar,0,25,88,0,113,0,15,185,0,200,0,40,273,0,313,82,0,82,395
08/21/2006,FXE,FL,ASO,ES,Towers with Radar,0,30,98,0,128,0,2,135,0,137,0,32,233,0,265,46,0,46,311
08/22/2006,FXE,FL,ASO,ES,Towers with Radar,0,44,125,0,169,0,7,379,0,386,0,51,504,0,555,210,0,210,765
08/23/2006,FXE,FL,ASO,ES,Towers with Radar,0,25,132,0,157,0,18,347,0,365,0,43,479,0,522,86,0,86,608
08/24/2006,FXE,FL,ASO,ES,Towers with Radar,0,51,134,0,185,0,6,357,0,363,0,57,491,0,548,100,0,100,648
08/25/2006,FXE,FL,ASO,ES,Towers with Radar,0,38,127,0,165,0,18,331,0,349,0,56,458,0,514,124,0,124,638
08/26/2006,FXE,FL,ASO,ES,Towers with Radar,0,13,79,0,92,0,12,213,0,225,0,25,292,0,317,162,0,162,479
08/27/2006,FXE,FL,ASO,ES,Towers with Radar,0,37,95,0,132,0,6,212,0,218,0,43,307,0,350,98,0,98,448
08/28/2006,FXE,FL,ASO,ES,Towers with Radar,0,34,88,0,122,0,1,234,0,235,0,35,322,0,357,90,0,90,447
08/29/2006,FXE,FL,ASO,ES,Towers with Radar,0,37,110,0,147,0,0,80,0,80,0,37,190,0,227,4,0,4,231
08/30/2006,FXE,FL,ASO,ES,Towers with Radar,0,18,32,0,50,0,0,7,0,7,0,18,39,0,57,2,0,2,59
08/31/2006,FXE,FL,ASO,ES,Towers with Radar,0,39,129,0,168,0,11,309,0,320,0,50,438,0,488,168,0,168,656
09/01/2006,FXE,FL,ASO,ES,Towers with Radar,0,38,161,6,205,0,5,263,0,268,0,43,424,6,473,72,0,72,545
09/02/2006,FXE,FL,ASO,ES,Towers with Radar,0,9,86,0,95,0,5,221,0,226,0,14,307,0,321,108,0,108,429
09/03/2006,FXE,FL,ASO,ES,Towers with Radar,0,18,82,0,100,0,5,130,0,135,0,23,212,0,235,88,0,88,323
09/04/2006,FXE,FL,ASO,ES,Towers with Radar,0,33,124,1,158,0,8,151,4,163,0,41,275,5,321,74,0,74,395
09/05/2006,FXE,FL,ASO,ES,Towers with Radar,0,53,105,0,158,0,7,144,0,151,0,60,249,0,309,30,0,30,339
09/06/2006,FXE,FL,ASO,ES,Towers with Radar,0,48,138,0,186,0,11,225,0,236,0,59,363,0,422,58,0,58,480
09/07/2006,FXE,FL,ASO,ES,Towers with Radar,0,44,156,0,200,0,19,359,0,378,0,63,515,0,578,208,0,208,786
09/08/2006,FXE,FL,ASO,ES,Towers with Radar,0,37,127,0,164,0,11,292,0,303,0,48,419,0,467,176,0,176,643
09/09/2006,FXE,FL,ASO,ES,Towers with Radar,0,18,90,0,108,0,13,224,0,237,0,31,314,0,345,154,0,154,499
09/10/2006,FXE,FL,ASO,ES,Towers with Radar,0,18,97,0,115,0,10,178,0,188,0,28,275,0,303,58,0,58,361
09/11/2006,FXE,FL,ASO,ES,Towers with Radar,0,31,103,0,134,0,11,190,0,201,0,42,293,0,335,92,0,92,427
09/12/2006,FXE,FL,ASO,ES,Towers with Radar,0,41,122,0,163,0,8,418,0,426,0,49,540,0,589,146,0,146,735
09/13/2006,FXE,FL,ASO,ES,Towers with Radar,0,41,159,3,203,0,8,383,0,391,0,49,542,3,594,172,0,172,766
09/14/2006,FXE,FL,ASO,ES,Towers with Radar,0,40,110,0,150,0,0,330,0,330,0,40,440,0,480,162,0,162,642
09/15/2006,FXE,FL,ASO,ES,Towers with Radar,0,39,107,0,146,0,12,308,0,320,0,51,415,0,466,130,0,130,596
09/16/2006,FXE,FL,ASO,ES,Towers with Radar,0,18,99,0,117,0,7,203,0,210,0,25,302,0,327,140,0,140,467
09/17/2006,FXE,FL,ASO,ES,Towers with Radar,0,19,86,0,105,0,4,146,2,152,0,23,232,2,257,98,0,98,355
09/18/2006,FXE,FL,ASO,ES,Towers with Radar,0,41,134,0,175,0,10,243,0,253,0,51,377,0,428,104,0,104,532
09/19/2006,FXE,FL,ASO,ES,Towers with Radar,0,38,106,0,144,0,7,379,1,387,0,45,485,1,531,146,0,146,677
09/20/2006,FXE,FL,ASO,ES,Towers with Radar,0,28,103,0,131,0,3,351,0,354,0,31,454,0,485,142,0,142,627
09/21/2006,FXE,FL,ASO,ES,Towers with Radar,0,48,151,0,199,0,11,386,0,397,0,59,537,0,596,122,0,122,718
09/22/2006,FXE,FL,ASO,ES,Towers with Radar,0,39,129,0,168,0,9,395,0,404,0,48,524,0,572,130,0,130,702
09/23/2006,FXE,FL,ASO,ES,Towers with Radar,0,30,81,0,111,0,5,309,0,314,0,35,390,0,425,168,0,168,593
09/24/2006,FXE,FL,ASO,ES,Towers with Radar,0,25,97,0,122,0,22,189,0,211,0,47,286,0,333,78,0,78,411
09/25/2006,FXE,FL,ASO,ES,Towers with Radar,0,33,106,0,139,0,12,258,0,270,0,45,364,0,409,134,0,134,543
09/26/2006,FXE,FL,ASO,ES,Towers with Radar,0,48,123,0,171,0,1,441,0,442,0,49,564,0,613,168,0,168,781
09/27/2006,FXE,FL,ASO,ES,Towers with Radar,0,39,135,0,174,0,7,417,0,424,0,46,552,0,598,146,0,146,744
09/28/2006,FXE,FL,ASO,ES,Towers with Radar,0,37,128,0,165,0,9,284,0,293,0,46,412,0,458,132,0,132,590
09/29/2006,FXE,FL,ASO,ES,Towers with Radar,0,40,142,0,182,0,7,340,0,347,0,47,482,0,529,132,0,132,661
09/30/2006,FXE,FL,ASO,ES,Towers with Radar,0,25,108,0,133,0,1,217,0,218,0,26,325,0,351,94,0,94,445
10/01/2006,FXE,FL,ASO,ES,Towers with Radar,0,19,80,0,99,0,2,204,0,206,0,21,284,0,305,66,0,66,371
10/02/2006,FXE,FL,ASO,ES,Towers with Radar,0,33,107,0,140,0,19,280,0,299,0,52,387,0,439,76,0,76,515
10/03/2006,FXE,FL,ASO,ES,Towers with Radar,0,41,103,0,144,0,1,347,0,348,0,42,450,0,492,108,0,108,600
10/04/2006,FXE,FL,ASO,ES,Towers with Radar,0,54,162,0,216,0,11,358,0,369,0,65,520,0,585,84,0,84,669
10/05/2006,FXE,FL,ASO,ES,Towers with Radar,0,33,165,0,198,0,13,351,0,364,0,46,516,0,562,64,0,64,626
10/06/2006,FXE,FL,ASO,ES,Towers with Radar,0,31,133,1,165,0,10,305,0,315,0,41,438,1,480,76,0,76,556
10/07/2006,FXE,FL,ASO,ES,Towers with Radar,0,15,93,0,108,0,6,241,0,247,0,21,334,0,355,118,0,118,473
10/08/2006,FXE,FL,ASO,ES,Towers with Radar,0,30,89,0,119,0,11,262,0,273,0,41,351,0,392,110,0,110,502
10/09/2006,FXE,FL,ASO,ES,Towers with Radar,0,24,99,1,124,0,9,237,0,246,0,33,336,1,370,80,0,80,450
10/10/2006,FXE,FL,ASO,ES,Towers with Radar,0,36,157,0,193,0,14,371,0,385,0,50,528,0,578,176,0,176,754
10/11/2006,FXE,FL,ASO,ES,Towers with Radar,0,39,104,0,143,0,6,428,0,434,0,45,532,0,577,164,0,164,741
10/12/2006,FXE,FL,ASO,ES,Towers with Radar,0,42,114,0,156,0,9,250,0,259,0,51,364,0,415,66,0,66,481
10/13/2006,FXE,FL,ASO,ES,Towers with Radar,0,36,117,0,153,0,7,252,0,259,0,43,369,0,412,112,0,112,524
10/14/2006,FXE,FL,ASO,ES,Towers with Radar,0,24,84,0,108,0,7,306,0,313,0,31,390,0,421,144,0,144,565
10/15/2006,FXE,FL,ASO,ES,Towers with Radar,0,22,107,0,129,0,10,199,0,209,0,32,306,0,338,92,0,92,430
10/16/2006,FXE,FL,ASO,ES,Towers with Radar,0,45,129,0,174,0,9,289,0,298,0,54,418,0,472,88,0,88,560
10/17/2006,FXE,FL,ASO,ES,Towers with Radar,0,43,143,0,186,0,4,440,0,444,0,47,583,0,630,180,0,180,810
10/18/2006,FXE,FL,ASO,ES,Towers with Radar,0,47,128,0,175,0,11,412,0,423,0,58,540,0,598,126,0,126,724
10/19/2006,FXE,FL,ASO,ES,Towers with Radar,0,37,157,0,194,0,0,375,6,381,0,37,532,6,575,206,0,206,781
10/20/2006,FXE,FL,ASO,ES,Towers with Radar,0,31,146,0,177,0,10,358,0,368,0,41,504,0,545,136,0,136,681
10/21/2006,FXE,FL,ASO,ES,Towers with Radar,0,17,110,0,127,0,8,293,0,301,0,25,403,0,428,200,0,200,628
10/22/2006,FXE,FL,ASO,ES,Towers with Radar,0,29,107,0,136,0,7,192,2,201,0,36,299,2,337,92,0,92,429
10/23/2006,FXE,FL,ASO,ES,Towers with Radar,0,25,89,0,114,0,6,223,0,229,0,31,312,0,343,102,0,102,445
10/24/2006,FXE,FL,ASO,ES,Towers with Radar,0,37,104,0,141,0,8,239,2,249,0,45,343,2,390,82,0,82,472
10/25/2006,FXE,FL,ASO,ES,Towers with Radar,0,39,162,1,202,0,15,477,0,492,0,54,639,1,694,166,2,168,862
10/26/2006,FXE,FL,ASO,ES,Towers with Radar,0,50,212,0,262,0,26,402,0,428,0,76,614,0,690,156,0,156,846
10/27/2006,FXE,FL,ASO,ES,Towers with Radar,0,47,183,0,230,0,10,462,0,472,0,57,645,0,702,106,0,106,808
10/28/2006,FXE,FL,ASO,ES,Towers with Radar,0,25,142,0,167,0,2,116,0,118,0,27,258,0,285,24,0,24,309
10/29/2006,FXE,FL,ASO,ES,Towers with Radar,0,24,166,0,190,0,3,155,0,158,0,27,321,0,348,56,0,56,404
10/30/2006,FXE,FL,ASO,ES,Towers with Radar,0,52,141,0,193,0,5,261,0,266,0,57,402,0,459,136,0,136,595
10/31/2006,FXE,FL,ASO,ES,Towers with Radar,0,46,127,0,173,0,10,243,0,253,0,56,370,0,426,60,0,60,486
11/01/2006,FXE,FL,ASO,ES,Towers with Radar,0,40,134,0,174,0,12,349,0,361,0,52,483,0,535,176,0,176,711
11/02/2006,FXE,FL,ASO,ES,Towers with Radar,0,48,151,0,199,0,18,174,0,192,0,66,325,0,391,92,0,92,483
11/03/2006,FXE,FL,ASO,ES,Towers with Radar,0,30,145,0,175,0,10,346,0,356,0,40,491,0,531,106,0,106,637
11/04/2006,FXE,FL,ASO,ES,Towers with Radar,0,11,89,0,100,0,7,136,0,143,0,18,225,0,243,34,0,34,277
11/05/2006,FXE,FL,ASO,ES,Towers with Radar,0,16,97,0,113,0,11,176,0,187,0,27,273,0,300,150,0,150,450
11/06/2006,FXE,FL,ASO,ES,Towers with Radar,0,21,128,0,149,0,23,249,0,272,0,44,377,0,421,92,0,92,513
11/07/2006,FXE,FL,ASO,ES,Towers with Radar,0,45,146,0,191,0,5,306,0,311,0,50,452,0,502,156,0,156,658
11/08/2006,FXE,FL,ASO,ES,Towers with Radar,0,45,148,2,195,0,18,288,0,306,0,63,436,2,501,108,0,108,609
11/09/2006,FXE,FL,ASO,ES,Towers with Radar,0,46,142,0,188,0,16,382,0,398,0,62,524,0,586,102,0,102,688
11/10/2006,FXE,FL,ASO,ES,Towers with Radar,0,40,163,0,203,0,16,442,0,458,0,56,605,0,661,142,0,142,803
11/11/2006,FXE,FL,ASO,ES,Towers with Radar,0,18,108,0,126,0,2,295,0,297,0,20,403,0,423,104,0,104,527
11/12/2006,FXE,FL,ASO,ES,Towers with Radar,0,34,131,0,165,0,9,329,0,338,0,43,460,0,503,90,0,90,593
11/13/2006,FXE,FL,ASO,ES,Towers with Radar,0,27,137,0,164,0,8,241,0,249,0,35,378,0,413,118,0,118,531
11/14/2006,FXE,FL,ASO,ES,Towers with Radar,0,54,186,0,240,0,7,408,0,415,0,61,594,0,655,152,0,152,807
11/15/2006,FXE,FL,ASO,ES,Towers with Radar,0,52,118,0,170,0,11,318,0,329,0,63,436,0,499,124,0,124,623
11/16/2006,FXE,FL,ASO,ES,Towers with Radar,0,41,117,0,158,0,17,224,0,241,0,58,341,0,399,60,0,60,459
11/17/2006,FXE,FL,ASO,ES,Towers with Radar,0,48,179,0,227,0,17,426,0,443,0,65,605,0,670,138,0,138,808
11/18/2006,FXE,FL,ASO,ES,Towers with Radar,0,30,129,0,159,0,12,294,0,306,0,42,423,0,465,120,0,120,585
11/19/2006,FXE,FL,ASO,ES,Towers with Radar,0,26,104,0,130,0,4,220,0,224,0,30,324,0,354,128,0,128,482
11/20/2006,FXE,FL,ASO,ES,Towers with Radar,0,27,139,0,166,0,10,249,0,259,0,37,388,0,425,120,0,120,545
11/21/2006,FXE,FL,ASO,ES,Towers with Radar,0,44,163,0,207,0,21,398,0,419,0,65,561,0,626,138,0,138,764
11/22/2006,FXE,FL,ASO,ES,Towers with Radar,0,45,151,0,196,0,20,488,0,508,0,65,639,0,704,140,0,140,844
11/23/2006,FXE,FL,ASO,ES,Towers with Radar,0,16,53,0,69,0,4,123,0,127,0,20,176,0,196,52,0,52,248
11/24/2006,FXE,FL,ASO,ES,Towers with Radar,0,20,86,0,106,0,7,194,0,201,0,27,280,0,307,50,0,50,357
11/25/2006,FXE,FL,ASO,ES,Towers with Radar,0,32,120,0,152,0,0,177,0,177,0,32,297,0,329,88,0,88,417
11/26/2006,FXE,FL,ASO,ES,Towers with Radar,0,66,172,0,238,0,5,272,0,277,0,71,444,0,515,62,0,62,577
11/27/2006,FXE,FL,ASO,ES,Towers with Radar,0,42,145,0,187,0,9,269,0,278,0,51,414,0,465,104,0,104,569
11/28/2006,FXE,FL,ASO,ES,Towers with Radar,0,46,115,0,161,0,5,281,0,286,0,51,396,0,447,64,0,64,511
11/29/2006,FXE,FL,ASO,ES,Towers with Radar,0,33,171,0,204,0,9,271,0,280,0,42,442,0,484,92,0,92,576
11/30/2006,FXE,FL,ASO,ES,Towers with Radar,0,48,151,0,199,0,3,315,0,318,0,51,466,0,517,70,0,70,587
12/01/2006,FXE,FL,ASO,ES,Towers with Radar,0,42,162,0,204,0,9,251,0,260,0,51,413,0,464,70,0,70,534
12/02/2006,FXE,FL,ASO,ES,Towers with Radar,0,22,117,0,139,0,11,291,0,302,0,33,408,0,441,80,0,80,521
12/03/2006,FXE,FL,ASO,ES,Towers with Radar,0,18,137,0,155,0,5,185,0,190,0,23,322,0,345,64,0,64,409
12/04/2006,FXE,FL,ASO,ES,Towers with Radar,0,23,129,0,152,0,8,254,0,262,0,31,383,0,414,102,0,102,516
12/05/2006,FXE,FL,ASO,ES,Towers with Radar,0,52,170,2,224,0,17,246,1,264,0,69,416,3,488,78,14,92,580
12/06/2006,FXE,FL,ASO,ES,Towers with Radar,0,37,148,0,185,0,7,297,0,304,0,44,445,0,489,84,0,84,573
12/07/2006,FXE,FL,ASO,ES,Towers with Radar,0,49,153,0,202,0,7,316,0,323,0,56,469,0,525,82,0,82,607
12/08/2006,FXE,FL,ASO,ES,Towers with Radar,0,45,203,0,248,0,4,132,2,138,0,49,335,2,386,60,0,60,446
12/09/2006,FXE,FL,ASO,ES,Towers with Radar,0,16,127,0,143,0,3,119,0,122,0,19,246,0,265,18,0,18,283
12/10/2006,FXE,FL,ASO,ES,Towers with Radar,0,36,114,0,150,0,9,167,0,176,0,45,281,0,326,42,0,42,368
12/11/2006,FXE,FL,ASO,ES,Towers with Radar,0,31,123,0,154,0,13,269,0,282,0,44,392,0,436,98,0,98,534
12/12/2006,FXE,FL,ASO,ES,Towers with Radar,0,46,145,3,194,0,18,282,0,300,0,64,427,3,494,60,0,60,554
12/13/2006,FXE,FL,ASO,ES,Towers with Radar,0,35,139,1,175,0,5,293,0,298,0,40,432,1,473,46,0,46,519
12/14/2006,FXE,FL,ASO,ES,Towers with Radar,0,43,155,0,198,0,4,81,0,85,0,47,236,0,283,2,0,2,285
12/15/2006,FXE,FL,ASO,ES,Towers with Radar,0,52,171,0,223,0,4,267,0,271,0,56,438,0,494,34,0,34,528
12/16/2006,FXE,FL,ASO,ES,Towers with Radar,0,24,139,0,163,0,2,108,0,110,0,26,247,0,273,38,0,38,311
12/17/2006,FXE,FL,ASO,ES,Towers with Radar,0,21,133,0,154,0,6,177,0,183,0,27,310,0,337,92,0,92,429
12/18/2006,FXE,FL,ASO,ES,Towers with Radar,0,32,168,0,200,0,8,284,0,292,0,40,452,0,492,62,0,62,554
12/19/2006,FXE,FL,ASO,ES,Towers with Radar,0,48,158,0,206,0,12,406,0,418,0,60,564,0,624,131,0,131,755
12/20/2006,FXE,FL,ASO,ES,Towers with Radar,0,51,182,0,233,0,16,357,0,373,0,67,539,0,606,84,0,84,690
12/21/2006,FXE,FL,ASO,ES,Towers with Radar,0,67,206,0,273,0,1,348,0,349,0,68,554,0,622,112,0,112,734
12/22/2006,FXE,FL,ASO,ES,Towers with Radar,0,68,146,0,214,0,3,293,0,296,0,71,439,0,510,78,0,78,588
12/23/2006,FXE,FL,ASO,ES,Towers with Radar,0,39,127,0,166,0,4,204,0,208,0,43,331,0,374,42,0,42,416
12/24/2006,FXE,FL,ASO,ES,Towers with Radar,0,23,61,0,84,0,5,99,0,104,0,28,160,0,188,18,0,18,206
12/25/2006,FXE,FL,ASO,ES,Towers with Radar,0,15,17,0,32,0,3,25,0,28,0,18,42,0,60,2,0,2,62
12/26/2006,FXE,FL,ASO,ES,Towers with Radar,0,57,159,0,216,0,14,176,0,190,0,71,335,0,406,32,0,32,438
12/27/2006,FXE,FL,ASO,ES,Towers with Radar,0,46,169,0,215,0,11,439,0,450,0,57,608,0,665,160,0,160,825
12/28/2006,FXE,FL,ASO,ES,Towers with Radar,0,50,174,0,224,0,13,354,0,367,0,63,528,0,591,116,0,116,707
12/29/2006,FXE,FL,ASO,ES,Towers with Radar,0,44,176,2,222,0,14,315,0,329,0,58,491,2,551,92,0,92,643
12/30/2006,FXE,FL,ASO,ES,Towers with Radar,0,40,136,0,176,0,8,169,0,177,0,48,305,0,353,62,0,62,415
12/31/2006,FXE,FL,ASO,ES,Towers with Radar,0,27,71,0,98,0,7,81,0,88,0,34,152,0,186,16,0,16,202
01/01/2007,FXE,FL,ASO,ES,Towers with Radar,0,46,130,0,176,0,8,159,0,167,0,54,289,0,343,14,0,14,357
01/02/2007,FXE,FL,ASO,ES,Towers with Radar,0,74,244,0,318,0,8,321,0,329,0,82,565,0,647,52,6,58,705
01/03/2007,FXE,FL,ASO,ES,Towers with Radar,0,57,202,0,259,0,8,322,0,330,0,65,524,0,589,84,0,84,673
01/04/2007,FXE,FL,ASO,ES,Towers with Radar,0,42,166,0,208,0,7,246,0,253,0,49,412,0,461,74,0,74,535
01/05/2007,FXE,FL,ASO,ES,Towers with Radar,0,55,189,0,244,0,5,230,0,235,0,60,419,0,479,36,0,36,515
01/06/2007,FXE,FL,ASO,ES,Towers with Radar,0,42,168,0,210,0,8,276,0,284,0,50,444,0,494,80,0,80,574
01/07/2007,FXE,FL,ASO,ES,Towers with Radar,0,29,133,0,162,0,3,264,0,267,0,32,397,0,429,74,0,74,503
01/08/2007,FXE,FL,ASO,ES,Towers with Radar,0,33,111,0,144,0,20,295,0,315,0,53,406,0,459,120,0,120,579
01/09/2007,FXE,FL,ASO,ES,Towers with Radar,0,44,130,0,174,0,8,327,0,335,0,52,457,0,509,122,0,122,631
01/10/2007,FXE,FL,ASO,ES,Towers with Radar,0,46,136,0,182,0,13,374,0,387,0,59,510,0,569,126,0,126,695
01/11/2007,FXE,FL,ASO,ES,Towers with Radar,0,45,169,0,214,0,8,248,0,256,0,53,417,0,470,78,0,78,548
01/12/2007,FXE,FL,ASO,ES,Towers with Radar,0,43,164,0,207,0,10,300,0,310,0,53,464,0,517,104,0,104,621
01/13/2007,FXE,FL,ASO,ES,Towers with Radar,0,16,126,0,142,0,8,229,0,237,0,24,355,0,379,82,0,82,461
01/14/2007,FXE,FL,ASO,ES,Towers with Radar,0,20,120,0,140,0,9,168,0,177,0,29,288,0,317,50,0,50,367
01/15/2007,FXE,FL,ASO,ES,Towers with Radar,0,41,150,0,191,0,3,203,0,206,0,44,353,0,397,76,0,76,473
01/16/2007,FXE,FL,ASO,ES,Towers with Radar,0,42,144,0,186,0,15,303,0,318,0,57,447,0,504,66,0,66,570
01/17/2007,FXE,FL,ASO,ES,Towers with Radar,0,49,141,0,190,0,15,324,0,339,0,64,465,0,529,122,0,122,651
01/18/2007,FXE,FL,ASO,ES,Towers with Radar,0,50,162,2,214,0,20,323,0,343,0,70,485,2,557,94,0,94,651
01/19/2007,FXE,FL,ASO,ES,Towers with Radar,0,50,167,0,217,0,6,325,0,331,0,56,492,0,548,90,0,90,638
01/20/2007,FXE,FL,ASO,ES,Towers with Radar,0,33,112,0,145,0,5,310,0,315,0,38,422,0,460,148,0,148,608
01/21/2007,FXE,FL,ASO,ES,Towers with Radar,0,28,119,0,147,0,18,232,0,250,0,46,351,0,397,94,0,94,491
01/22/2007,FXE,FL,ASO,ES,Towers with Radar,0,43,119,0,162,0,17,240,0,257,0,60,359,0,419,80,0,80,499
01/23/2007,FXE,FL,ASO,ES,Towers with Radar,0,42,139,0,181,0,9,319,0,328,0,51,458,0,509,106,0,106,615
01/24/2007,FXE,FL,ASO,ES,Towers with Radar,0,44,172,0,216,0,7,273,0,280,0,51,445,0,496,18,0,18,514
01/25/2007,FXE,FL,ASO,ES,Towers with Radar,0,57,157,0,214,0,0,31,0,31,0,57,188,0,245,2,0,2,247
01/26/2007,FXE,FL,ASO,ES,Towers with Radar,0,37,161,0,198,0,13,397,0,410,0,50,558,0,608,102,0,102,710
01/27/2007,FXE,FL,ASO,ES,Towers with Radar,0,30,105,0,135,0,10,573,0,583,0,40,678,0,718,42,0,42,760
01/28/2007,FXE,FL,ASO,ES,Towers with Radar,0,37,103,0,140,0,6,189,0,195,0,43,292,0,335,76,0,76,411
01/29/2007,FXE,FL,ASO,ES,Towers with Radar,0,35,144,0,179,0,7,320,0,327,0,42,464,0,506,130,0,130,636
01/30/2007,FXE,FL,ASO,ES,Towers with Radar,0,40,153,0,193,0,5,305,0,310,0,45,458,0,503,78,0,78,581
01/31/2007,FXE,FL,ASO,ES,Towers with Radar,0,44,169,0,213,0,18,331,0,349,0,62,500,0,562,90,0,90,652
02/01/2007,FXE,FL,ASO,ES,Towers with Radar,0,60,154,0,214,0,11,237,0,248,0,71,391,0,462,96,0,96,558
02/02/2007,FXE,FL,ASO,ES,Towers with Radar,0,82,178,0,260,0,6,226,0,232,0,88,404,0,492,10,0,10,502
02/03/2007,FXE,FL,ASO,ES,Towers with Radar,0,52,148,0,200,0,3,205,0,208,0,55,353,0,408,38,0,38,446
02/04/2007,FXE,FL,ASO,ES,Towers with Radar,0,126,180,0,306,0,3,52,0,55,0,129,232,0,361,14,0,14,375
02/05/2007,FXE,FL,ASO,ES,Towers with Radar,0,139,255,0,394,0,20,256,0,276,0,159,511,0,670,44,0,44,714
02/06/2007,FXE,FL,ASO,ES,Towers with Radar,0,52,128,0,180,0,1,294,0,295,0,53,422,0,475,70,0,70,545
02/07/2007,FXE,FL,ASO,ES,Towers with Radar,0,46,152,0,198,0,4,323,0,327,0,50,475,0,525,90,0,90,615
02/08/2007,FXE,FL,ASO,ES,Towers with Radar,0,55,179,0,234,0,7,357,0,364,0,62,536,0,598,88,0,88,686
02/09/2007,FXE,FL,ASO,ES,Towers with Radar,0,52,175,0,227,0,10,314,0,324,0,62,489,0,551,70,0,70,621
02/10/2007,FXE,FL,ASO,ES,Towers with Radar,0,28,102,0,130,0,5,312,0,317,0,33,414,0,447,194,0,194,641
02/11/2007,FXE,FL,ASO,ES,Towers with Radar,0,25,153,0,178,0,3,276,0,279,0,28,429,0,457,64,0,64,521
02/12/2007,FXE,FL,ASO,ES,Towers with Radar,0,57,132,0,189,0,2,162,0,164,0,59,294,0,353,44,0,44,397
02/13/2007,FXE,FL,ASO,ES,Towers with Radar,0,52,142,0,194,0,6,390,0,396,0,58,532,0,590,116,0,116,706
02/14/2007,FXE,FL,ASO,ES,Towers with Radar,0,49,128,0,177,0,3,272,0,275,0,52,400,0,452,94,0,94,546
02/15/2007,FXE,FL,ASO,ES,Towers with Radar,0,64,209,0,273,0,2,284,0,286,0,66,493,0,559,60,0,60,619
02/16/2007,FXE,FL,ASO,ES,Towers with Radar,0,54,219,0,273,0,7,302,0,309,0,61,521,0,582,92,0,92,674
02/17/2007,FXE,FL,ASO,ES,Towers with Radar,0,38,141,0,179,0,8,369,0,377,0,46,510,0,556,118,0,118,674
02/18/2007,FXE,FL,ASO,ES,Towers with Radar,0,37,107,0,144,0,6,109,0,115,0,43,216,0,259,8,0,8,267
02/19/2007,FXE,FL,ASO,ES,Towers with Radar,0,48,191,0,239,0,9,258,0,267,0,57,449,0,506,110,0,110,616
02/20/2007,FXE,FL,ASO,ES,Towers with Radar,0,43,184,0,227,0,5,347,0,352,0,48,531,0,579,132,0,132,711
02/21/2007,FXE,FL,ASO,ES,Towers with Radar,0,54,205,0,259,0,9,349,0,358,0,63,554,0,617,82,0,82,699
02/22/2007,FXE,FL,ASO,ES,Towers with Radar,0,44,175,0,219,0,9,371,0,380,0,53,546,0,599,148,0,148,747
02/23/2007,FXE,FL,ASO,ES,Towers with Radar,0,44,194,0,238,0,6,401,0,407,0,50,595,0,645,72,0,72,717
02/24/2007,FXE,FL,ASO,ES,Towers with Radar,0,36,150,0,186,0,6,335,0,341,0,42,485,0,527,134,0,134,661
02/25/2007,FXE,FL,ASO,ES,Towers with Radar,0,42,145,0,187,0,9,236,0,245,0,51,381,0,432,90,0,90,522
02/26/2007,FXE,FL,ASO,ES,Towers with Radar,0,43,154,0,197,0,11,204,0,215,0,54,358,0,412,58,0,58,470
02/27/2007,FXE,FL,ASO,ES,Towers with Radar,0,53,132,0,185,0,8,370,1,379,0,61,502,1,564,158,0,158,722
02/28/2007,FXE,FL,ASO,ES,Towers with Radar,0,46,160,2,208,0,7,243,0,250,0,53,403,2,458,100,0,100,558
03/01/2007,FXE,FL,ASO,ES,Towers with Radar,0,44,238,0,282,0,3,305,0,308,0,47,543,0,590,106,0,106,696
03/02/2007,FXE,FL,ASO,ES,Towers with Radar,0,46,157,0,203,0,7,257,0,264,0,53,414,0,467,24,0,24,491
03/03/2007,FXE,FL,ASO,ES,Towers with Radar,0,19,131,0,150,0,11,280,0,291,0,30,411,0,441,78,0,78,519
03/04/2007,FXE,FL,ASO,ES,Towers with Radar,0,27,148,0,175,0,5,239,0,244,0,32,387,0,419,140,0,140,559
03/05/2007,FXE,FL,ASO,ES,Towers with Radar,0,42,143,0,185,0,0,341,0,341,0,42,484,0,526,106,0,106,632
03/06/2007,FXE,FL,ASO,ES,Towers with Radar,0,42,147,0,189,0,12,390,0,402,0,54,537,0,591,168,0,168,759
03/07/2007,FXE,FL,ASO,ES,Towers with Radar,0,42,139,0,181,0,5,348,0,353,0,47,487,0,534,202,0,202,736
03/08/2007,FXE,FL,ASO,ES,Towers with Radar,0,58,153,0,211,0,5,389,0,394,0,63,542,0,605,84,0,84,689
03/09/2007,FXE,FL,ASO,ES,Towers with Radar,0,50,178,0,228,0,10,385,0,395,0,60,563,0,623,82,0,82,705
03/10/2007,FXE,FL,ASO,ES,Towers with Radar,0,29,145,1,175,0,10,311,0,321,0,39,456,1,496,86,0,86,582
03/11/2007,FXE,FL,ASO,ES,Towers with Radar,0,43,114,0,157,0,3,285,0,288,0,46,399,0,445,78,0,78,523
03/12/2007,FXE,FL,ASO,ES,Towers with Radar,0,44,116,0,160,0,7,273,0,280,0,51,389,0,440,84,0,84,524
03/13/2007,FXE,FL,ASO,ES,Towers with Radar,0,41,150,1,192,0,2,295,0,297,0,43,445,1,489,100,0,100,589
03/14/2007,FXE,FL,ASO,ES,Towers with Radar,0,54,166,0,220,0,14,297,0,311,0,68,463,0,531,96,0,96,627
03/15/2007,FXE,FL,ASO,ES,Towers with Radar,0,43,173,2,218,0,3,271,0,274,0,46,444,2,492,64,0,64,556
03/16/2007,FXE,FL,ASO,ES,Towers with Radar,0,35,148,0,183,0,12,243,0,255,0,47,391,0,438,64,0,64,502
03/17/2007,FXE,FL,ASO,ES,Towers with Radar,0,45,177,0,222,0,0,262,0,262,0,45,439,0,484,68,0,68,552
03/18/2007,FXE,FL,ASO,ES,Towers with Radar,0,55,149,0,204,0,11,280,0,291,0,66,429,0,495,118,0,118,613
03/19/2007,FXE,FL,ASO,ES,Towers with Radar,0,30,115,0,145,0,6,320,0,326,0,36,435,0,471,160,0,160,631
03/20/2007,FXE,FL,ASO,ES,Towers with Radar,0,45,151,0,196,0,5,125,0,130,0,50,276,0,326,42,0,42,368
03/21/2007,FXE,FL,ASO,ES,Towers with Radar,0,45,156,0,201,0,0,308,0,308,0,45,464,0,509,78,0,78,587
03/22/2007,FXE,FL,ASO,ES,Towers with Radar,0,62,210,0,272,0,9,231,0,240,0,71,441,0,512,24,0,24,536
03/23/2007,FXE,FL,ASO,ES,Towers with Radar,0,48,182,0,230,0,4,260,0,264,0,52,442,0,494,78,0,78,572
03/24/2007,FXE,FL,ASO,ES,Towers with Radar,0,28,169,0,197,0,5,232,0,237,0,33,401,0,434,62,0,62,496
03/25/2007,FXE,FL,ASO,ES,Towers with Radar,0,34,164,0,198,0,15,295,0,310,0,49,459,0,508,148,0,148,656
03/26/2007,FXE,FL,ASO,ES,Towers with Radar,0,42,126,0,168,0,17,335,0,352,0,59,461,0,520,154,0,154,674
03/27/2007,FXE,FL,ASO,ES,Towers with Radar,0,47,154,0,201,0,12,320,0,332,0,59,474,0,533,188,0,188,721
03/28/2007,FXE,FL,ASO,ES,Towers with Radar,0,47,202,0,249,0,10,482,0,492,0,57,684,0,741,112,0,112,853
03/29/2007,FXE,FL,ASO,ES,Towers with Radar,0,52,142,0,194,0,3,294,0,297,0,55,436,0,491,110,0,110,601
03/30/2007,FXE,FL,ASO,ES,Towers with Radar,0,54,194,0,248,0,26,367,0,393,0,80,561,0,641,86,0,86,727
03/31/2007,FXE,FL,ASO,ES,Towers with Radar,0,40,190,0,230,0,7,343,0,350,0,47,533,0,580,48,0,48,628
04/01/2007,FXE,FL,ASO,ES,Towers with Radar,0,45,158,0,203,0,0,254,0,254,0,45,412,0,457,70,0,70,527
04/02/2007,FXE,FL,ASO,ES,Towers with Radar,0,41,125,0,166,0,12,340,0,352,0,53,465,0,518,106,0,106,624
04/03/2007,FXE,FL,ASO,ES,Towers with Radar,0,55,144,0,199,0,7,278,0,285,0,62,422,0,484,226,0,226,710
04/04/2007,FXE,FL,ASO,ES,Towers with Radar,0,59,147,0,206,0,16,339,0,355,0,75,486,0,561,132,0,132,693
04/05/2007,FXE,FL,ASO,ES,Towers with Radar,0,66,148,0,214,0,10,255,0,265,0,76,403,0,479,100,0,100,579
04/06/2007,FXE,FL,ASO,ES,Towers with Radar,0,45,126,0,171,0,14,335,0,349,0,59,461,0,520,78,0,78,598
04/07/2007,FXE,FL,ASO,ES,Towers with Radar,0,22,145,0,167,0,3,300,0,303,0,25,445,0,470,84,0,84,554
04/08/2007,FXE,FL,ASO,ES,Towers with Radar,0,46,137,0,183,0,14,281,0,295,0,60,418,0,478,44,0,44,522
04/09/2007,FXE,FL,ASO,ES,Towers with Radar,0,61,149,0,210,0,4,218,0,222,0,65,367,0,432,112,0,112,544
04/10/2007,FXE,FL,ASO,ES,Towers with Radar,0,67,150,0,217,0,4,221,0,225,0,71,371,0,442,80,0,80,522
04/11/2007,FXE,FL,ASO,ES,Towers with Radar,0,56,136,0,192,0,31,296,0,327,0,87,432,0,519,126,0,126,645
04/12/2007,FXE,FL,ASO,ES,Towers with Radar,0,58,138,0,196,0,9,220,0,229,0,67,358,0,425,66,0,66,491
04/13/2007,FXE,FL,ASO,ES,Towers with Radar,0,53,200,0,253,0,15,364,0,379,0,68,564,0,632,112,0,112,744
04/14/2007,FXE,FL,ASO,ES,Towers with Radar,0,34,127,0,161,0,9,279,0,288,0,43,406,0,449,102,0,102,551
04/15/2007,FXE,FL,ASO,ES,Towers with Radar,0,32,69,0,101,0,13,99,0,112,0,45,168,0,213,30,0,30,243
04/16/2007,FXE,FL,ASO,ES,Towers with Radar,0,38,109,0,147,0,1,245,0,246,0,39,354,0,393,58,0,58,451
04/17/2007,FXE,FL,ASO,ES,Towers with Radar,0,44,138,0,182,0,5,336,0,341,0,49,474,0,523,88,0,88,611
04/18/2007,FXE,FL,ASO,ES,Towers with Radar,0,45,111,0,156,0,0,321,0,321,0,45,432,0,477,68,0,68,545
04/19/2007,FXE,FL,ASO,ES,Towers with Radar,0,48,164,0,212,0,9,334,0,343,0,57,498,0,555,108,0,108,663
04/20/2007,FXE,FL,ASO,ES,Towers with Radar,0,40,178,0,218,0,6,267,0,273,0,46,445,0,491,54,0,54,545
04/21/2007,FXE,FL,ASO,ES,Towers with Radar,0,25,117,0,142,0,4,277,0,281,0,29,394,0,423,178,0,178,601
04/22/2007,FXE,FL,ASO,ES,Towers with Radar,0,21,158,0,179,0,5,249,0,254,0,26,407,0,433,55,0,55,488
04/23/2007,FXE,FL,ASO,ES,Towers with Radar,0,43,135,0,178,0,12,304,0,316,0,55,439,0,494,92,0,92,586
04/24/2007,FXE,FL,ASO,ES,Towers with Radar,0,48,158,0,206,0,11,368,0,379,0,59,526,0,585,64,0,64,649
04/25/2007,FXE,FL,ASO,ES,Towers with Radar,0,48,155,0,203,0,5,350,0,355,0,53,505,0,558,74,0,74,632
04/26/2007,FXE,FL,ASO,ES,Towers with Radar,0,55,165,0,220,0,5,259,0,264,0,60,424,0,484,80,0,80,564
04/27/2007,FXE,FL,ASO,ES,Towers with Radar,0,49,172,0,221,0,1,338,0,339,0,50,510,0,560,86,0,86,646
04/28/2007,FXE,FL,ASO,ES,Towers with Radar,0,31,103,0,134,0,6,282,2,290,0,37,385,2,424,126,2,128,552
04/29/2007,FXE,FL,ASO,ES,Towers with Radar,0,32,141,0,173,0,10,264,0,274,0,42,405,0,447,94,0,94,541
04/30/2007,FXE,FL,ASO,ES,Towers with Radar,0,28,141,1,170,0,10,285,0,295,0,38,426,1,465,40,0,40,505
05/01/2007,FXE,FL,ASO,ES,Towers with Radar,0,37,166,0,203,0,10,367,0,377,0,47,533,0,580,130,0,130,710
05/02/2007,FXE,FL,ASO,ES,Towers with Radar,0,45,137,0,182,0,9,351,2,362,0,54,488,2,544,64,0,64,608
05/03/2007,FXE,FL,ASO,ES,Towers with Radar,0,57,164,0,221,0,8,306,0,314,0,65,470,0,535,108,0,108,643
05/04/2007,FXE,FL,ASO,ES,Towers with Radar,0,41,127,0,168,0,2,223,0,225,0,43,350,0,393,54,0,54,447
05/05/2007,FXE,FL,ASO,ES,Towers with Radar,0,25,108,0,133,0,17,190,0,207,0,42,298,0,340,68,0,68,408
05/06/2007,FXE,FL,ASO,ES,Towers with Radar,0,36,116,0,152,0,27,148,1,176,0,63,264,1,328,49,0,49,377
05/07/2007,FXE,FL,ASO,ES,Towers with Radar,0,29,115,0,144,0,7,171,0,178,0,36,286,0,322,22,0,22,344
05/08/2007,FXE,FL,ASO,ES,Towers with Radar,0,45,140,0,185,0,15,320,0,335,0,60,460,0,520,100,0,100,620
05/09/2007,FXE,FL,ASO,ES,Towers with Radar,0,50,151,0,201,0,8,249,0,257,0,58,400,0,458,112,0,112,570
05/10/2007,FXE,FL,ASO,ES,Towers with Radar,0,43,152,0,195,0,5,317,0,322,0,48,469,0,517,128,0,128,645
05/11/2007,FXE,FL,ASO,ES,Towers with Radar,0,53,156,0,209,0,6,237,0,243,0,59,393,0,452,64,0,64,516
05/12/2007,FXE,FL,ASO,ES,Towers with Radar,0,37,160,0,197,0,2,20,0,22,0,39,180,0,219,12,0,12,231
05/13/2007,FXE,FL,ASO,ES,Towers with Radar,0,39,110,0,149,0,6,72,0,78,0,45,182,0,227,60,0,60,287
05/14/2007,FXE,FL,ASO,ES,Towers with Radar,0,33,135,0,168,0,3,201,0,204,0,36,336,0,372,76,0,76,448
05/15/2007,FXE,FL,ASO,ES,Towers with Radar,0,49,146,0,195,0,1,156,0,157,0,50,302,0,352,62,0,62,414
05/16/2007,FXE,FL,ASO,ES,Towers with Radar,0,38,140,0,178,0,12,182,0,194,0,50,322,0,372,28,0,28,400
05/17/2007,FXE,FL,ASO,ES,Towers with Radar,0,48,157,0,205,0,4,330,0,334,0,52,487,0,539,146,0,146,685
05/18/2007,FXE,FL,ASO,ES,Towers with Radar,0,46,155,0,201,0,6,369,0,375,0,52,524,0,576,86,0,86,662
05/19/2007,FXE,FL,ASO,ES,Towers with Radar,0,16,103,0,119,0,3,197,0,200,0,19,300,0,319,68,0,68,387
05/20/2007,FXE,FL,ASO,ES,Towers with Radar,0,36,123,0,159,0,5,138,0,143,0,41,261,0,302,68,0,68,370
05/21/2007,FXE,FL,ASO,ES,Towers with Radar,0,24,127,0,151,0,11,195,0,206,0,35,322,0,357,76,0,76,433
05/22/2007,FXE,FL,ASO,ES,Towers with Radar,0,43,112,0,155,0,6,311,0,317,0,49,423,0,472,116,0,116,588
05/23/2007,FXE,FL,ASO,ES,Towers with Radar,0,44,113,0,157,0,8,271,0,279,0,52,384,0,436,100,0,100,536
05/24/2007,FXE,FL,ASO,ES,Towers with Radar,0,55,144,0,199,0,8,282,0,290,0,63,426,0,489,76,0,76,565
05/25/2007,FXE,FL,ASO,ES,Towers with Radar,0,45,182,0,227,0,22,281,0,303,0,67,463,0,530,52,0,52,582
05/26/2007,FXE,FL,ASO,ES,Towers with Radar,0,23,87,0,110,0,7,206,0,213,0,30,293,0,323,86,0,86,409
05/27/2007,FXE,FL,ASO,ES,Towers with Radar,0,14,72,0,86,0,5,149,0,154,0,19,221,0,240,62,0,62,302
05/28/2007,FXE,FL,ASO,ES,Towers with Radar,0,37,152,0,189,0,14,319,0,333,0,51,471,0,522,184,0,184,706
05/29/2007,FXE,FL,ASO,ES,Towers with Radar,0,34,112,0,146,0,13,329,0,342,0,47,441,0,488,138,0,138,626
05/30/2007,FXE,FL,ASO,ES,Towers with Radar,0,35,140,0,175,0,6,333,0,339,0,41,473,0,514,130,0,130,644
05/31/2007,FXE,FL,ASO,ES,Towers with Radar,0,47,176,0,223,0,14,273,0,287,0,61,449,0,510,72,0,72,582
06/01/2007,FXE,FL,ASO,ES,Towers with Radar,0,47,154,0,201,0,3,101,0,104,0,50,255,0,305,48,0,48,353
06/02/2007,FXE,FL,ASO,ES,Towers with Radar,0,34,64,0,98,0,7,35,0,42,0,41,99,0,140,6,0,6,146
06/03/2007,FXE,FL,ASO,ES,Towers with Radar,0,25,121,0,146,0,28,222,0,250,0,53,343,0,396,58,0,58,454
06/04/2007,FXE,FL,ASO,ES,Towers with Radar,0,36,93,0,129,0,2,295,0,297,0,38,388,0,426,102,0,102,528
06/05/2007,FXE,FL,ASO,ES,Towers with Radar,0,34,128,1,163,0,11,290,1,302,0,45,418,2,465,156,0,156,621
06/06/2007,FXE,FL,ASO,ES,Towers with Radar,0,25,111,0,136,0,12,140,0,152,0,37,251,0,288,36,0,36,324
06/07/2007,FXE,FL,ASO,ES,Towers with Radar,0,62,145,0,207,0,16,266,0,282,0,78,411,0,489,68,0,68,557
06/08/2007,FXE,FL,ASO,ES,Towers with Radar,0,55,141,0,196,0,6,254,0,260,0,61,395,0,456,20,0,20,476
06/09/2007,FXE,FL,ASO,ES,Towers with Radar,0,32,131,0,163,0,9,225,0,234,0,41,356,0,397,118,0,118,515
06/10/2007,FXE,FL,ASO,ES,Towers with Radar,0,31,99,0,130,0,7,253,0,260,0,38,352,0,390,110,0,110,500
06/11/2007,FXE,FL,ASO,ES,Towers with Radar,0,30,151,0,181,0,8,342,0,350,0,38,493,0,531,46,0,46,577
06/12/2007,FXE,FL,ASO,ES,Towers with Radar,0,44,127,0,171,0,5,289,0,294,0,49,416,0,465,134,0,134,599
06/13/2007,FXE,FL,ASO,ES,Towers with Radar,0,37,143,0,180,0,9,294,0,303,0,46,437,0,483,124,0,124,607
06/14/2007,FXE,FL,ASO,ES,Towers with Radar,0,40,154,0,194,0,3,271,0,274,0,43,425,0,468,142,0,142,610
06/15/2007,FXE,FL,ASO,ES,Towers with Radar,0,43,125,0,168,0,8,282,0,290,0,51,407,0,458,66,0,66,524
06/16/2007,FXE,FL,ASO,ES,Towers with Radar,0,35,73,0,108,0,4,118,0,122,0,39,191,0,230,142,0,142,372
06/17/2007,FXE,FL,ASO,ES,Towers with Radar,0,38,108,1,147,0,3,148,0,151,0,41,256,1,298,70,0,70,368
06/18/2007,FXE,FL,ASO,ES,Towers with Radar,0,35,100,0,135,0,5,229,0,234,0,40,329,0,369,102,0,102,471
06/19/2007,FXE,FL,ASO,ES,Towers with Radar,0,34,128,1,163,0,6,328,0,334,0,40,456,1,497,160,0,160,657
06/20/2007,FXE,FL,ASO,ES,Towers with Radar,0,33,113,0,146,0,3,344,1,348,0,36,457,1,494,138,0,138,632
06/21/2007,FXE,FL,ASO,ES,Towers with Radar,0,46,109,0,155,0,6,263,0,269,0,52,372,0,424,46,0,46,470
06/22/2007,FXE,FL,ASO,ES,Towers with Radar,0,52,125,0,177,0,7,348,0,355,0,59,473,0,532,110,0,110,642
06/23/2007,FXE,FL,ASO,ES,Towers with Radar,0,23,99,0,122,0,9,212,0,221,0,32,311,0,343,104,0,104,447
06/24/2007,FXE,FL,ASO,ES,Towers with Radar,0,25,84,0,109,0,4,207,0,211,0,29,291,0,320,60,0,60,380
06/25/2007,FXE,FL,ASO,ES,Towers with Radar,0,22,126,0,148,0,7,291,0,298,0,29,417,0,446,114,0,114,560
06/26/2007,FXE,FL,ASO,ES,Towers with Radar,0,35,120,0,155,0,9,402,0,411,0,44,522,0,566,160,0,160,726
06/27/2007,FXE,FL,ASO,ES,Towers with Radar,0,31,150,1,182,0,12,390,0,402,0,43,540,1,584,104,0,104,688
06/28/2007,FXE,FL,ASO,ES,Towers with Radar,0,45,126,0,171,0,1,134,0,135,0,46,260,0,306,64,0,64,370
06/29/2007,FXE,FL,ASO,ES,Towers with Radar,0,51,163,0,214,0,9,252,0,261,0,60,415,0,475,78,2,80,555
06/30/2007,FXE,FL,ASO,ES,Towers with Radar,0,30,80,0,110,0,2,241,0,243,0,32,321,0,353,82,0,82,435
07/01/2007,FXE,FL,ASO,ES,Towers with Radar,0,22,68,0,90,0,5,181,0,186,0,27,249,0,276,85,0,85,361
07/02/2007,FXE,FL,ASO,ES,Towers with Radar,0,33,87,0,120,0,12,298,0,310,0,45,385,0,430,124,0,124,554
07/03/2007,FXE,FL,ASO,ES,Towers with Radar,0,45,109,0,154,0,7,346,0,353,0,52,455,0,507,140,0,140,647
07/04/2007,FXE,FL,ASO,ES,Towers with Radar,0,22,70,0,92,0,14,179,0,193,0,36,249,0,285,128,0,128,413
07/05/2007,FXE,FL,ASO,ES,Towers with Radar,0,36,96,0,132,0,7,236,0,243,0,43,332,0,375,114,0,114,489
07/06/2007,FXE,FL,ASO,ES,Towers with Radar,0,35,113,0,148,0,8,267,0,275,0,43,380,0,423,86,0,86,509
07/07/2007,FXE,FL,ASO,ES,Towers with Radar,0,19,98,0,117,0,2,290,0,292,0,21,388,0,409,118,0,118,527
07/08/2007,FXE,FL,ASO,ES,Towers with Radar,0,43,88,0,131,0,1,212,0,213,0,44,300,0,344,82,0,82,426
07/09/2007,FXE,FL,ASO,ES,Towers with Radar,0,31,133,2,166,0,0,312,0,312,0,31,445,2,478,156,0,156,634
07/10/2007,FXE,FL,ASO,ES,Towers with Radar,0,41,104,0,145,0,6,310,0,316,0,47,414,0,461,112,0,112,573
07/11/2007,FXE,FL,ASO,ES,Towers with Radar,0,49,121,0,170,0,5,392,0,397,0,54,513,0,567,138,0,138,705
07/12/2007,FXE,FL,ASO,ES,Towers with Radar,0,39,132,0,171,0,6,302,0,308,0,45,434,0,479,60,0,60,539
07/13/2007,FXE,FL,ASO,ES,Towers with Radar,0,48,113,0,161,0,0,328,0,328,0,48,441,0,489,64,0,64,553
07/14/2007,FXE,FL,ASO,ES,Towers with Radar,0,26,77,0,103,0,7,301,0,308,0,33,378,0,411,60,0,60,471
07/15/2007,FXE,FL,ASO,ES,Towers with Radar,0,18,97,0,115,0,6,209,0,215,0,24,306,0,330,38,0,38,368
07/16/2007,FXE,FL,ASO,ES,Towers with Radar,0,36,88,0,124,0,10,259,0,269,0,46,347,0,393,92,0,92,485
07/17/2007,FXE,FL,ASO,ES,Towers with Radar,0,40,122,0,162,0,10,374,0,384,0,50,496,0,546,132,0,132,678
07/18/2007,FXE,FL,ASO,ES,Towers with Radar,0,44,115,0,159,0,7,349,0,356,0,51,464,0,515,116,0,116,631
07/19/2007,FXE,FL,ASO,ES,Towers with Radar,0,45,115,0,160,0,3,382,0,385,0,48,497,0,545,104,0,104,649
07/20/2007,FXE,FL,ASO,ES,Towers with Radar,0,38,141,0,179,0,17,417,0,434,0,55,558,0,613,70,0,70,683
07/21/2007,FXE,FL,ASO,ES,Towers with Radar,0,21,83,0,104,0,8,235,0,243,0,29,318,0,347,26,0,26,373
07/22/2007,FXE,FL,ASO,ES,Towers with Radar,0,24,99,0,123,0,3,149,0,152,0,27,248,0,275,42,0,42,317
07/23/2007,FXE,FL,ASO,ES,Towers with Radar,0,34,94,0,128,0,11,262,0,273,0,45,356,0,401,130,0,130,531
07/24/2007,FXE,FL,ASO,ES,Towers with Radar,0,40,141,0,181,0,5,313,0,318,0,45,454,0,499,152,0,152,651
07/25/2007,FXE,FL,ASO,ES,Towers with Radar,0,43,114,0,157,0,2,348,0,350,0,45,462,0,507,146,0,146,653
07/26/2007,FXE,FL,ASO,ES,Towers with Radar,0,36,140,0,176,0,8,336,0,344,0,44,476,0,520,92,0,92,612
07/27/2007,FXE,FL,ASO,ES,Towers with Radar,0,46,127,0,173,0,11,249,0,260,0,57,376,0,433,102,0,102,535
07/28/2007,FXE,FL,ASO,ES,Towers with Radar,0,29,102,0,131,0,12,267,0,279,0,41,369,0,410,130,0,130,540
07/29/2007,FXE,FL,ASO,ES,Towers with Radar,0,39,83,0,122,0,4,224,0,228,0,43,307,0,350,80,0,80,430
07/30/2007,FXE,FL,ASO,ES,Towers with Radar,0,30,93,0,123,0,9,340,0,349,0,39,433,0,472,76,0,76,548
07/31/2007,FXE,FL,ASO,ES,Towers with Radar,0,37,91,0,128,0,8,273,0,281,0,45,364,0,409,104,0,104,513
08/01/2007,FXE,FL,ASO,ES,Towers with Radar,0,36,110,0,146,0,5,282,0,287,0,41,392,0,433,74,0,74,507
08/02/2007,FXE,FL,ASO,ES,Towers with Radar,0,48,118,0,166,0,5,366,0,371,0,53,484,0,537,132,0,132,669
08/03/2007,FXE,FL,ASO,ES,Towers with Radar,0,37,113,0,150,0,19,339,0,358,0,56,452,0,508,92,0,92,600
08/04/2007,FXE,FL,ASO,ES,Towers with Radar,0,18,101,0,119,0,5,236,0,241,0,23,337,0,360,78,0,78,438
08/05/2007,FXE,FL,ASO,ES,Towers with Radar,0,28,100,0,128,0,10,282,0,292,0,38,382,0,420,84,0,84,504
08/06/2007,FXE,FL,ASO,ES,Towers with Radar,0,44,107,0,151,0,12,321,0,333,0,56,428,0,484,86,0,86,570
08/07/2007,FXE,FL,ASO,ES,Towers with Radar,0,45,119,0,164,0,16,376,0,392,0,61,495,0,556,156,0,156,712
08/08/2007,FXE,FL,ASO,ES,Towers with Radar,0,34,122,0,156,0,3,367,0,370,0,37,489,0,526,280,0,280,806
08/09/2007,FXE,FL,ASO,ES,Towers with Radar,0,57,125,0,182,0,7,316,0,323,0,64,441,0,505,174,0,174,679
08/10/2007,FXE,FL,ASO,ES,Towers with Radar,0,37,120,0,157,0,14,394,0,408,0,51,514,0,565,144,0,144,709
08/11/2007,FXE,FL,ASO,ES,Towers with Radar,0,36,103,0,139,0,0,237,0,237,0,36,340,0,376,78,0,78,454
08/12/2007,FXE,FL,ASO,ES,Towers with Radar,0,29,92,0,121,0,7,185,0,192,0,36,277,0,313,104,0,104,417
08/13/2007,FXE,FL,ASO,ES,Towers with Radar,0,32,109,0,141,0,11,283,0,294,0,43,392,0,435,76,0,76,511
08/14/2007,FXE,FL,ASO,ES,Towers with Radar,0,42,102,0,144,0,11,387,0,398,0,53,489,0,542,110,0,110,652
08/15/2007,FXE,FL,ASO,ES,Towers with Radar,0,39,130,0,169,0,6,324,0,330,0,45,454,0,499,116,0,116,615
08/16/2007,FXE,FL,ASO,ES,Towers with Radar,0,42,117,0,159,0,5,301,0,306,0,47,418,0,465,74,0,74,539
08/17/2007,FXE,FL,ASO,ES,Towers with Radar,0,45,130,0,175,0,5,351,0,356,0,50,481,0,531,72,0,72,603
08/18/2007,FXE,FL,ASO,ES,Towers with Radar,0,52,83,0,135,0,9,245,0,254,0,61,328,0,389,68,0,68,457
08/19/2007,FXE,FL,ASO,ES,Towers with Radar,0,39,100,0,139,0,6,175,0,181,0,45,275,0,320,66,0,66,386
08/20/2007,FXE,FL,ASO,ES,Towers with Radar,0,37,117,0,154,0,5,331,0,336,0,42,448,0,490,94,0,94,584
08/21/2007,FXE,FL,ASO,ES,Towers with Radar,0,44,116,0,160,0,10,311,2,323,0,54,427,2,483,138,0,138,621
08/22/2007,FXE,FL,ASO,ES,Towers with Radar,0,51,134,0,185,0,7,335,0,342,0,58,469,0,527,92,0,92,619
08/23/2007,FXE,FL,ASO,ES,Towers with Radar,0,56,138,0,194,0,3,348,0,351,0,59,486,0,545,88,0,88,633
08/24/2007,FXE,FL,ASO,ES,Towers with Radar,0,44,128,0,172,0,13,279,0,292,0,57,407,0,464,114,0,114,578
08/25/2007,FXE,FL,ASO,ES,Towers with Radar,0,16,99,0,115,0,9,172,0,181,0,25,271,0,296,28,0,28,324
08/26/2007,FXE,FL,ASO,ES,Towers with Radar,0,31,89,0,120,0,1,177,0,178,0,32,266,0,298,55,0,55,353
08/27/2007,FXE,FL,ASO,ES,Towers with Radar,0,31,81,0,112,0,0,339,0,339,0,31,420,0,451,120,0,120,571
08/28/2007,FXE,FL,ASO,ES,Towers with Radar,0,33,117,0,150,0,11,409,0,420,0,44,526,0,570,140,0,140,710
08/29/2007,FXE,FL,ASO,ES,Towers with Radar,0,31,137,0,168,0,4,321,0,325,0,35,458,0,493,108,0,108,601
08/30/2007,FXE,FL,ASO,ES,Towers with Radar,0,38,150,0,188,0,6,327,0,333,0,44,477,0,521,88,0,88,609
08/31/2007,FXE,FL,ASO,ES,Towers with Radar,0,51,138,0,189,0,14,362,0,376,0,65,500,0,565,72,0,72,637
09/01/2007,FXE,FL,ASO,ES,Towers with Radar,0,22,89,2,113,0,24,265,0,289,0,46,354,2,402,104,0,104,506
09/02/2007,FXE,FL,ASO,ES,Towers with Radar,0,17,56,0,73,0,32,208,0,240,0,49,264,0,313,60,0,60,373
09/03/2007,FXE,FL,ASO,ES,Towers with Radar,0,45,131,0,176,0,10,184,0,194,0,55,315,0,370,64,0,64,434
09/04/2007,FXE,FL,ASO,ES,Towers with Radar,0,36,94,0,130,0,7,233,0,240,0,43,327,0,370,70,0,70,440
09/05/2007,FXE,FL,ASO,ES,Towers with Radar,0,33,125,0,158,0,4,308,0,312,0,37,433,0,470,102,0,102,572
09/06/2007,FXE,FL,ASO,ES,Towers with Radar,0,35,123,0,158,0,0,293,0,293,0,35,416,0,451,116,0,116,567
09/07/2007,FXE,FL,ASO,ES,Towers with Radar,0,36,110,0,146,0,6,361,0,367,0,42,471,0,513,104,0,104,617
09/08/2007,FXE,FL,ASO,ES,Towers with Radar,0,14,89,0,103,0,5,244,0,249,0,19,333,0,352,118,0,118,470
09/09/2007,FXE,FL,ASO,ES,Towers with Radar,0,19,90,0,109,0,1,128,0,129,0,20,218,0,238,56,0,56,294
09/10/2007,FXE,FL,ASO,ES,Towers with Radar,0,35,90,0,125,0,6,311,0,317,0,41,401,0,442,198,0,198,640
09/11/2007,FXE,FL,ASO,ES,Towers with Radar,0,40,107,0,147,0,2,345,0,347,0,42,452,0,494,108,0,108,602
09/12/2007,FXE,FL,ASO,ES,Towers with Radar,0,34,108,0,142,0,11,256,0,267,0,45,364,0,409,106,0,106,515
09/13/2007,FXE,FL,ASO,ES,Towers with Radar,0,34,96,2,132,0,4,285,0,289,0,38,381,2,421,102,0,102,523
09/14/2007,FXE,FL,ASO,ES,Towers with Radar,0,40,120,0,160,0,5,237,0,242,0,45,357,0,402,122,0,122,524
09/15/2007,FXE,FL,ASO,ES,Towers with Radar,0,13,103,0,116,0,3,241,0,244,0,16,344,0,360,60,0,60,420
09/16/2007,FXE,FL,ASO,ES,Towers with Radar,0,24,91,0,115,0,8,201,0,209,0,32,292,0,324,73,0,73,397
09/17/2007,FXE,FL,ASO,ES,Towers with Radar,0,30,107,0,137,0,6,234,0,240,0,36,341,0,377,126,0,126,503
09/18/2007,FXE,FL,ASO,ES,Towers with Radar,0,34,101,0,135,0,7,212,0,219,0,41,313,0,354,84,0,84,438
09/19/2007,FXE,FL,ASO,ES,Towers with Radar,0,26,94,0,120,0,13,259,0,272,0,39,353,0,392,114,0,114,506
09/20/2007,FXE,FL,ASO,ES,Towers with Radar,0,33,117,0,150,0,4,275,0,279,0,37,392,0,429,96,0,96,525
09/21/2007,FXE,FL,ASO,ES,Towers with Radar,0,41,109,0,150,0,3,201,0,204,0,44,310,0,354,66,0,66,420
09/22/2007,FXE,FL,ASO,ES,Towers with Radar,0,18,69,0,87,0,2,258,0,260,0,20,327,0,347,128,0,128,475
09/23/2007,FXE,FL,ASO,ES,Towers with Radar,0,22,85,0,107,0,3,89,0,92,0,25,174,0,199,40,0,40,239
09/24/2007,FXE,FL,ASO,ES,Towers with Radar,0,29,97,0,126,0,5,142,0,147,0,34,239,0,273,38,0,38,311
09/25/2007,FXE,FL,ASO,ES,Towers with Radar,0,41,120,2,163,0,20,222,0,242,0,61,342,2,405,66,0,66,471
09/26/2007,FXE,FL,ASO,ES,Towers with Radar,0,42,137,0,179,0,6,75,0,81,0,48,212,0,260,20,0,20,280
09/27/2007,FXE,FL,ASO,ES,Towers with Radar,0,42,133,0,175,0,5,349,0,354,0,47,482,0,529,148,0,148,677
09/28/2007,FXE,FL,ASO,ES,Towers with Radar,0,27,137,0,164,0,5,356,0,361,0,32,493,0,525,88,0,88,613
09/29/2007,FXE,FL,ASO,ES,Towers with Radar,0,16,73,0,89,0,0,264,0,264,0,16,337,0,353,114,0,114,467
09/30/2007,FXE,FL,ASO,ES,Towers with Radar,0,34,91,0,125,0,4,56,0,60,0,38,147,0,185,10,0,10,195
10/01/2007,FXE,FL,ASO,ES,Towers with Radar,0,32,77,0,109,0,0,104,1,105,0,32,181,1,214,4,0,4,218
10/02/2007,FXE,FL,ASO,ES,Towers with Radar,0,48,95,0,143,0,8,318,0,326,0,56,413,0,469,156,0,156,625
10/03/2007,FXE,FL,ASO,ES,Towers with Radar,0,41,123,0,164,0,10,287,0,297,0,51,410,0,461,102,0,102,563
10/04/2007,FXE,FL,ASO,ES,Towers with Radar,0,57,134,0,191,0,8,362,0,370,0,65,496,0,561,86,0,86,647
10/05/2007,FXE,FL,ASO,ES,Towers with Radar,0,51,117,0,168,0,10,245,0,255,0,61,362,0,423,52,0,52,475
10/06/2007,FXE,FL,ASO,ES,Towers with Radar,0,18,90,0,108,0,5,184,0,189,0,23,274,0,297,78,0,78,375
10/07/2007,FXE,FL,ASO,ES,Towers with Radar,0,31,88,0,119,0,5,134,0,139,0,36,222,0,258,62,0,62,320
10/08/2007,FXE,FL,ASO,ES,Towers with Radar,0,37,113,0,150,0,7,253,0,260,0,44,366,0,410,104,0,104,514
10/09/2007,FXE,FL,ASO,ES,Towers with Radar,0,35,130,0,165,0,5,318,0,323,0,40,448,0,488,114,0,114,602
10/10/2007,FXE,FL,ASO,ES,Towers with Radar,0,39,129,0,168,0,5,318,0,323,0,44,447,0,491,118,0,118,609
10/11/2007,FXE,FL,ASO,ES,Towers with Radar,0,46,153,0,199,0,4,328,0,332,0,50,481,0,531,116,0,116,647
10/12/2007,FXE,FL,ASO,ES,Towers with Radar,0,43,148,0,191,0,9,260,0,269,0,52,408,0,460,74,0,74,534
10/13/2007,FXE,FL,ASO,ES,Towers with Radar,0,18,84,0,102,0,0,212,0,212,0,18,296,0,314,90,0,90,404
10/14/2007,FXE,FL,ASO,ES,Towers with Radar,0,29,117,0,146,0,4,181,0,185,0,33,298,0,331,74,0,74,405
10/15/2007,FXE,FL,ASO,ES,Towers with Radar,0,39,121,0,160,0,7,293,0,300,0,46,414,0,460,138,0,138,598
10/16/2007,FXE,FL,ASO,ES,Towers with Radar,0,50,120,0,170,0,5,254,0,259,0,55,374,0,429,112,0,112,541
10/17/2007,FXE,FL,ASO,ES,Towers with Radar,0,36,145,0,181,0,4,287,0,291,0,40,432,0,472,116,0,116,588
10/18/2007,FXE,FL,ASO,ES,Towers with Radar,0,58,162,0,220,0,7,321,0,328,0,65,483,0,548,70,0,70,618
10/19/2007,FXE,FL,ASO,ES,Towers with Radar,0,36,125,0,161,0,8,294,0,302,0,44,419,0,463,100,0,100,563
10/20/2007,FXE,FL,ASO,ES,Towers with Radar,0,37,117,0,154,0,1,148,0,149,0,38,265,0,303,102,0,102,405
10/21/2007,FXE,FL,ASO,ES,Towers with Radar,0,39,135,0,174,0,3,172,0,175,0,42,307,0,349,78,0,78,427
10/22/2007,FXE,FL,ASO,ES,Towers with Radar,0,43,116,0,159,0,4,282,0,286,0,47,398,0,445,92,0,92,537
10/23/2007,FXE,FL,ASO,ES,Towers with Radar,0,45,118,0,163,0,5,354,0,359,0,50,472,0,522,184,0,184,706
10/24/2007,FXE,FL,ASO,ES,Towers with Radar,0,34,175,0,209,0,6,324,0,330,0,40,499,0,539,168,0,168,707
10/25/2007,FXE,FL,ASO,ES,Towers with Radar,0,54,231,0,285,0,0,251,0,251,0,54,482,0,536,76,0,76,612
10/26/2007,FXE,FL,ASO,ES,Towers with Radar,0,54,176,0,230,0,3,60,0,63,0,57,236,0,293,10,0,10,303
10/27/2007,FXE,FL,ASO,ES,Towers with Radar,0,22,157,0,179,0,6,344,0,350,0,28,501,0,529,160,0,160,689
10/28/2007,FXE,FL,ASO,ES,Towers with Radar,0,39,161,0,200,0,3,220,0,223,0,42,381,0,423,112,0,112,535
10/29/2007,FXE,FL,ASO,ES,Towers with Radar,0,35,157,0,192,0,6,261,0,267,0,41,418,0,459,106,0,106,565
10/30/2007,FXE,FL,ASO,ES,Towers with Radar,0,46,92,0,138,0,6,114,0,120,0,52,206,0,258,18,0,18,276
10/31/2007,FXE,FL,ASO,ES,Towers with Radar,0,40,66,0,106,0,1,34,0,35,0,41,100,0,141,6,0,6,147
11/01/2007,FXE,FL,ASO,ES,Towers with Radar,0,43,97,0,140,0,5,81,0,86,0,48,178,0,226,10,0,10,236
11/02/2007,FXE,FL,ASO,ES,Towers with Radar,0,34,139,0,173,0,5,328,0,333,0,39,467,0,506,48,0,48,554
11/03/2007,FXE,FL,ASO,ES,Towers with Radar,0,22,94,0,116,0,9,336,0,345,0,31,430,0,461,142,0,142,603
11/04/2007,FXE,FL,ASO,ES,Towers with Radar,0,22,114,0,136,0,2,222,0,224,0,24,336,0,360,110,0,110,470
11/05/2007,FXE,FL,ASO,ES,Towers with Radar,0,38,130,0,168,0,7,328,0,335,0,45,458,0,503,174,0,174,677
11/06/2007,FXE,FL,ASO,ES,Towers with Radar,0,50,146,0,196,0,11,413,0,424,0,61,559,0,620,206,0,206,826
11/07/2007,FXE,FL,ASO,ES,Towers with Radar,0,51,131,0,182,0,5,392,0,397,0,56,523,0,579,120,0,120,699
11/08/2007,FXE,FL,ASO,ES,Towers with Radar,0,48,146,1,195,0,13,332,0,345,0,61,478,1,540,98,0,98,638
11/09/2007,FXE,FL,ASO,ES,Towers with Radar,0,54,174,0,228,0,12,522,0,534,0,66,696,0,762,64,0,64,826
11/10/2007,FXE,FL,ASO,ES,Towers with Radar,0,26,101,0,127,0,3,275,0,278,0,29,376,0,405,105,0,105,510
11/11/2007,FXE,FL,ASO,ES,Towers with Radar,0,49,130,1,180,0,3,287,0,290,0,52,417,1,470,134,0,134,604
11/12/2007,FXE,FL,ASO,ES,Towers with Radar,0,37,135,0,172,0,5,292,0,297,0,42,427,0,469,166,0,166,635
11/13/2007,FXE,FL,ASO,ES,Towers with Radar,0,40,128,0,168,0,0,365,0,365,0,40,493,0,533,178,0,178,711
11/14/2007,FXE,FL,ASO,ES,Towers with Radar,0,52,150,0,202,0,9,286,0,295,0,61,436,0,497,112,0,112,609
11/15/2007,FXE,FL,ASO,ES,Towers with Radar,0,59,152,0,211,0,9,345,0,354,0,68,497,0,565,76,0,76,641
11/16/2007,FXE,FL,ASO,ES,Towers with Radar,0,37,145,0,182,0,9,406,0,415,0,46,551,0,597,54,0,54,651
11/17/2007,FXE,FL,ASO,ES,Towers with Radar,0,35,132,0,167,0,6,296,0,302,0,41,428,0,469,156,0,156,625
11/18/2007,FXE,FL,ASO,ES,Towers with Radar,0,35,110,0,145,0,0,246,1,247,0,35,356,1,392,98,0,98,490
11/19/2007,FXE,FL,ASO,ES,Towers with Radar,0,25,166,0,191,0,8,262,0,270,0,33,428,0,461,140,0,140,601
11/20/2007,FXE,FL,ASO,ES,Towers with Radar,0,58,178,0,236,0,9,385,0,394,0,67,563,0,630,182,0,182,812
11/21/2007,FXE,FL,ASO,ES,Towers with Radar,0,60,180,0,240,0,1,397,0,398,0,61,577,0,638,82,0,82,720
11/22/2007,FXE,FL,ASO,ES,Towers with Radar,0,20,50,0,70,0,6,91,0,97,0,26,141,0,167,26,0,26,193
11/23/2007,FXE,FL,ASO,ES,Towers with Radar,0,16,78,0,94,0,14,252,0,266,0,30,330,0,360,96,0,96,456
11/24/2007,FXE,FL,ASO,ES,Towers with Radar,0,38,118,0,156,0,7,258,0,265,0,45,376,0,421,114,0,114,535
11/25/2007,FXE,FL,ASO,ES,Towers with Radar,0,60,170,0,230,0,10,255,0,265,0,70,425,0,495,56,0,56,551
11/26/2007,FXE,FL,ASO,ES,Towers with Radar,0,52,174,0,226,0,4,225,0,229,0,56,399,0,455,97,0,97,552
11/27/2007,FXE,FL,ASO,ES,Towers with Radar,0,47,161,0,208,0,2,308,0,310,0,49,469,0,518,58,0,58,576
11/28/2007,FXE,FL,ASO,ES,Towers with Radar,0,47,168,0,215,0,10,301,0,311,0,57,469,0,526,0,84,84,610
11/29/2007,FXE,FL,ASO,ES,Towers with Radar,0,46,160,0,206,0,2,437,0,439,0,48,597,0,645,90,0,90,735
11/30/2007,FXE,FL,ASO,ES,Towers with Radar,0,42,142,0,184,0,8,360,0,368,0,50,502,0,552,128,0,128,680
12/01/2007,FXE,FL,ASO,ES,Towers with Radar,0,28,112,0,140,0,6,282,0,288,0,34,394,0,428,90,0,90,518
12/02/2007,FXE,FL,ASO,ES,Towers with Radar,0,28,101,0,129,0,8,265,0,273,0,36,366,0,402,78,0,78,480
12/03/2007,FXE,FL,ASO,ES,Towers with Radar,0,42,118,0,160,0,12,349,0,361,0,54,467,0,521,118,0,118,639
12/04/2007,FXE,FL,ASO,ES,Towers with Radar,0,45,100,0,145,0,8,243,0,251,0,53,343,0,396,102,0,102,498
12/05/2007,FXE,FL,ASO,ES,Towers with Radar,0,40,132,0,172,0,5,332,0,337,0,45,464,0,509,52,0,52,561
12/06/2007,FXE,FL,ASO,ES,Towers with Radar,0,49,139,0,188,0,5,391,0,396,0,54,530,0,584,86,0,86,670
12/07/2007,FXE,FL,ASO,ES,Towers with Radar,0,43,146,0,189,0,3,369,0,372,0,46,515,0,561,124,0,124,685
12/08/2007,FXE,FL,ASO,ES,Towers with Radar,0,22,105,0,127,0,3,267,0,270,0,25,372,0,397,68,0,68,465
12/09/2007,FXE,FL,ASO,ES,Towers with Radar,0,33,123,0,156,0,7,171,0,178,0,40,294,0,334,66,0,66,400
12/10/2007,FXE,FL,ASO,ES,Towers with Radar,0,34,143,0,177,0,10,254,0,264,0,44,397,0,441,90,0,90,531
12/11/2007,FXE,FL,ASO,ES,Towers with Radar,0,41,140,0,181,0,3,381,0,384,0,44,521,0,565,158,0,158,723
12/12/2007,FXE,FL,ASO,ES,Towers with Radar,0,41,175,0,216,0,3,330,0,333,0,44,505,0,549,104,0,104,653
12/13/2007,FXE,FL,ASO,ES,Towers with Radar,0,40,156,0,196,0,8,355,0,363,0,48,511,0,559,98,0,98,657
12/14/2007,FXE,FL,ASO,ES,Towers with Radar,0,36,197,0,233,0,12,378,0,390,0,48,575,0,623,100,0,100,723
12/15/2007,FXE,FL,ASO,ES,Towers with Radar,0,16,125,0,141,0,13,190,0,203,0,29,315,0,344,32,0,32,376
12/16/2007,FXE,FL,ASO,ES,Towers with Radar,0,33,90,0,123,0,7,79,0,86,0,40,169,0,209,28,0,28,237
12/17/2007,FXE,FL,ASO,ES,Towers with Radar,0,36,161,0,197,0,5,322,2,329,0,41,483,2,526,116,0,116,642
12/18/2007,FXE,FL,ASO,ES,Towers with Radar,0,45,140,0,185,0,5,386,0,391,0,50,526,0,576,135,0,135,711
12/19/2007,FXE,FL,ASO,ES,Towers with Radar,0,46,162,0,208,0,4,393,0,397,0,50,555,0,605,130,0,130,735
12/20/2007,FXE,FL,ASO,ES,Towers with Radar,0,50,166,0,216,0,9,265,0,274,0,59,431,0,490,28,0,28,518
12/21/2007,FXE,FL,ASO,ES,Towers with Radar,0,58,154,0,212,0,9,445,0,454,0,67,599,0,666,112,0,112,778
12/22/2007,FXE,FL,ASO,ES,Towers with Radar,0,44,163,0,207,0,8,298,0,306,0,52,461,0,513,54,0,54,567
12/23/2007,FXE,FL,ASO,ES,Towers with Radar,0,29,106,0,135,0,8,223,0,231,0,37,329,0,366,80,0,80,446
12/24/2007,FXE,FL,ASO,ES,Towers with Radar,0,22,82,0,104,0,13,174,0,187,0,35,256,0,291,112,0,112,403
12/25/2007,FXE,FL,ASO,ES,Towers with Radar,0,33,21,0,54,0,4,51,0,55,0,37,72,0,109,12,0,12,121
12/26/2007,FXE,FL,ASO,ES,Towers with Radar,0,64,181,0,245,0,8,243,0,251,0,72,424,0,496,60,0,60,556
12/27/2007,FXE,FL,ASO,ES,Towers with Radar,0,72,158,0,230,0,9,379,0,388,0,81,537,0,618,96,0,96,714
12/28/2007,FXE,FL,ASO,ES,Towers with Radar,0,62,166,0,228,0,11,338,0,349,0,73,504,0,577,86,0,86,663
12/29/2007,FXE,FL,ASO,ES,Towers with Radar,0,49,110,0,159,0,7,319,0,326,0,56,429,0,485,48,0,48,533
12/30/2007,FXE,FL,ASO,ES,Towers with Radar,0,37,98,0,135,0,5,189,0,194,0,42,287,0,329,50,0,50,379
12/31/2007,FXE,FL,ASO,ES,Towers with Radar,0,30,104,0,134,0,7,186,0,193,0,37,290,0,327,120,0,120,447
01/01/2008,FXE,FL,ASO,ES,Towers with Radar,0,53,127,0,180,0,14,230,0,244,0,67,357,0,424,52,0,52,476
01/02/2008,FXE,FL,ASO,ES,Towers with Radar,0,69,175,0,244,0,2,175,0,177,0,71,350,0,421,12,0,12,433
01/03/2008,FXE,FL,ASO,ES,Towers with Radar,0,57,142,0,199,0,4,133,0,137,0,61,275,0,336,14,0,14,350
01/04/2008,FXE,FL,ASO,ES,Towers with Radar,0,54,198,0,252,0,13,313,0,326,0,67,511,0,578,48,0,48,626
01/05/2008,FXE,FL,ASO,ES,Towers with Radar,0,66,169,0,235,0,2,279,0,281,0,68,448,0,516,76,0,76,592
01/06/2008,FXE,FL,ASO,ES,Towers with Radar,0,46,159,0,205,0,6,288,0,294,0,52,447,0,499,108,0,108,607
01/07/2008,FXE,FL,ASO,ES,Towers with Radar,0,42,144,0,186,0,9,266,0,275,0,51,410,0,461,164,0,164,625
01/08/2008,FXE,FL,ASO,ES,Towers with Radar,0,48,144,0,192,0,11,360,0,371,0,59,504,0,563,170,0,170,733
01/09/2008,FXE,FL,ASO,ES,Towers with Radar,0,44,167,0,211,0,5,320,0,325,0,49,487,0,536,86,0,86,622
01/10/2008,FXE,FL,ASO,ES,Towers with Radar,0,37,168,0,205,0,4,300,0,304,0,41,468,0,509,102,0,102,611
01/11/2008,FXE,FL,ASO,ES,Towers with Radar,0,44,146,0,190,0,10,314,0,324,0,54,460,0,514,142,0,142,656
01/12/2008,FXE,FL,ASO,ES,Towers with Radar,0,22,108,0,130,0,10,242,0,252,0,32,350,0,382,76,0,76,458
01/13/2008,FXE,FL,ASO,ES,Towers with Radar,0,18,110,0,128,0,5,175,0,180,0,23,285,0,308,151,0,151,459
01/14/2008,FXE,FL,ASO,ES,Towers with Radar,0,46,154,0,200,0,7,252,0,259,0,53,406,0,459,74,0,74,533
01/15/2008,FXE,FL,ASO,ES,Towers with Radar,0,40,145,0,185,0,6,392,0,398,0,46,537,0,583,154,0,154,737
01/16/2008,FXE,FL,ASO,ES,Towers with Radar,0,40,177,0,217,0,15,330,0,345,0,55,507,0,562,116,0,116,678
01/17/2008,FXE,FL,ASO,ES,Towers with Radar,0,40,153,2,195,0,5,193,0,198,0,45,346,2,393,80,0,80,473
01/18/2008,FXE,FL,ASO,ES,Towers with Radar,0,62,200,0,262,0,5,439,0,444,0,67,639,0,706,142,1,143,849
01/19/2008,FXE,FL,ASO,ES,Towers with Radar,0,25,138,0,163,0,4,290,0,294,0,29,428,0,457,132,0,132,589
01/20/2008,FXE,FL,ASO,ES,Towers with Radar,0,35,99,0,134,0,1,81,0,82,0,36,180,0,216,138,0,138,354
01/21/2008,FXE,FL,ASO,ES,Towers with Radar,0,54,153,0,207,0,1,209,0,210,0,55,362,0,417,38,0,38,455
01/22/2008,FXE,FL,ASO,ES,Towers with Radar,0,42,132,0,174,0,5,181,0,186,0,47,313,0,360,92,0,92,452
01/23/2008,FXE,FL,ASO,ES,Towers with Radar,0,35,157,0,192,0,0,286,0,286,0,35,443,0,478,78,0,78,556
01/24/2008,FXE,FL,ASO,ES,Towers with Radar,0,38,149,0,187,0,10,258,0,268,0,48,407,0,455,48,0,48,503
01/25/2008,FXE,FL,ASO,ES,Towers with Radar,0,52,181,0,233,0,3,317,0,320,0,55,498,0,553,86,0,86,639
01/26/2008,FXE,FL,ASO,ES,Towers with Radar,0,13,122,0,135,0,3,619,0,622,0,16,741,0,757,50,0,50,807
01/27/2008,FXE,FL,ASO,ES,Towers with Radar,0,22,125,0,147,0,2,158,0,160,0,24,283,0,307,74,0,74,381
01/28/2008,FXE,FL,ASO,ES,Towers with Radar,0,33,142,0,175,0,1,310,0,311,0,34,452,0,486,64,0,64,550
01/29/2008,FXE,FL,ASO,ES,Towers with Radar,0,39,148,1,188,0,1,339,0,340,0,40,487,1,528,130,0,130,658
01/30/2008,FXE,FL,ASO,ES,Towers with Radar,0,50,157,0,207,0,2,401,0,403,0,52,558,0,610,152,0,152,762
01/31/2008,FXE,FL,ASO,ES,Towers with Radar,0,39,198,2,239,0,5,380,0,385,0,44,578,2,624,74,0,74,698
02/01/2008,FXE,FL,ASO,ES,Towers with Radar,0,52,176,0,228,0,0,390,0,390,0,52,566,0,618,114,0,114,732
02/02/2008,FXE,FL,ASO,ES,Towers with Radar,0,26,138,0,164,0,7,301,0,308,0,33,439,0,472,78,0,78,550
02/03/2008,FXE,FL,ASO,ES,Towers with Radar,0,22,103,0,125,0,4,248,0,252,0,26,351,0,377,26,0,26,403
02/04/2008,FXE,FL,ASO,ES,Towers with Radar,0,32,157,0,189,0,3,280,0,283,0,35,437,0,472,132,0,132,604
02/05/2008,FXE,FL,ASO,ES,Towers with Radar,0,44,149,0,193,0,3,328,0,331,0,47,477,0,524,124,0,124,648
02/06/2008,FXE,FL,ASO,ES,Towers with Radar,0,47,156,0,203,0,4,293,0,297,0,51,449,0,500,66,0,66,566
02/07/2008,FXE,FL,ASO,ES,Towers with Radar,0,37,147,0,184,0,13,355,0,368,0,50,502,0,552,126,0,126,678
02/08/2008,FXE,FL,ASO,ES,Towers with Radar,0,45,155,0,200,0,3,285,0,288,0,48,440,0,488,74,0,74,562
02/09/2008,FXE,FL,ASO,ES,Towers with Radar,0,32,102,0,134,0,6,204,0,210,0,38,306,0,344,40,0,40,384
02/10/2008,FXE,FL,ASO,ES,Towers with Radar,0,19,137,0,156,0,4,170,0,174,0,23,307,0,330,80,0,80,410
02/11/2008,FXE,FL,ASO,ES,Towers with Radar,0,36,142,0,178,0,9,329,0,338,0,45,471,0,516,82,0,82,598
02/12/2008,FXE,FL,ASO,ES,Towers with Radar,0,54,127,0,181,0,10,121,0,131,0,64,248,0,312,20,0,20,332
02/13/2008,FXE,FL,ASO,ES,Towers with Radar,0,44,107,0,151,0,11,93,0,104,0,55,200,0,255,14,0,14,269
02/14/2008,FXE,FL,ASO,ES,Towers with Radar,0,58,216,0,274,0,2,340,0,342,0,60,556,0,616,88,0,88,704
02/15/2008,FXE,FL,ASO,ES,Towers with Radar,0,53,223,0,276,0,17,345,0,362,0,70,568,0,638,60,0,60,698
02/16/2008,FXE,FL,ASO,ES,Towers with Radar,0,54,158,0,212,0,2,289,0,291,0,56,447,0,503,140,0,140,643
02/17/2008,FXE,FL,ASO,ES,Towers with Radar,0,31,147,0,178,0,3,180,0,183,0,34,327,0,361,60,0,60,421
02/18/2008,FXE,FL,ASO,ES,Towers with Radar,0,46,171,0,217,0,11,256,0,267,0,57,427,0,484,82,0,82,566
02/19/2008,FXE,FL,ASO,ES,Towers with Radar,0,60,194,0,254,0,4,321,0,325,0,64,515,0,579,130,0,130,709
02/20/2008,FXE,FL,ASO,ES,Towers with Radar,0,45,172,0,217,0,4,412,0,416,0,49,584,0,633,106,0,106,739
02/21/2008,FXE,FL,ASO,ES,Towers with Radar,0,53,168,0,221,0,0,207,0,207,0,53,375,0,428,86,0,86,514
02/22/2008,FXE,FL,ASO,ES,Towers with Radar,0,46,165,0,211,0,12,353,0,365,0,58,518,0,576,84,0,84,660
02/23/2008,FXE,FL,ASO,ES,Towers with Radar,0,32,103,0,135,0,8,222,0,230,0,40,325,0,365,58,0,58,423
02/24/2008,FXE,FL,ASO,ES,Towers with Radar,0,52,166,0,218,0,3,210,0,213,0,55,376,0,431,38,0,38,469
02/25/2008,FXE,FL,ASO,ES,Towers with Radar,0,44,151,0,195,0,8,234,2,244,0,52,385,2,439,68,0,68,507
02/26/2008,FXE,FL,ASO,ES,Towers with Radar,0,32,121,0,153,0,13,240,0,253,0,45,361,0,406,112,0,112,518
02/27/2008,FXE,FL,ASO,ES,Towers with Radar,0,51,130,0,181,0,3,175,0,178,0,54,305,0,359,150,0,150,509
02/28/2008,FXE,FL,ASO,ES,Towers with Radar,0,47,151,0,198,0,3,280,0,283,0,50,431,0,481,99,0,99,580
02/29/2008,FXE,FL,ASO,ES,Towers with Radar,0,57,174,0,231,0,7,349,0,356,0,64,523,0,587,72,0,72,659
03/01/2008,FXE,FL,ASO,ES,Towers with Radar,0,26,138,0,164,0,8,227,0,235,0,34,365,0,399,98,0,98,497
03/02/2008,FXE,FL,ASO,ES,Towers with Radar,0,32,117,0,149,0,4,223,0,227,0,36,340,0,376,86,0,86,462
03/03/2008,FXE,FL,ASO,ES,Towers with Radar,0,28,112,0,140,0,7,178,0,185,0,35,290,0,325,86,0,86,411
03/04/2008,FXE,FL,ASO,ES,Towers with Radar,0,47,124,0,171,0,9,252,0,261,0,56,376,0,432,82,0,82,514
03/05/2008,FXE,FL,ASO,ES,Towers with Radar,0,42,134,0,176,0,7,235,0,242,0,49,369,0,418,94,0,94,512
03/06/2008,FXE,FL,ASO,ES,Towers with Radar,0,41,150,0,191,0,16,129,1,146,0,57,279,1,337,38,1,39,376
03/07/2008,FXE,FL,ASO,ES,Towers with Radar,0,49,129,1,179,0,9,230,0,239,0,58,359,1,418,70,0,70,488
03/08/2008,FXE,FL,ASO,ES,Towers with Radar,0,36,109,0,145,0,4,132,0,136,0,40,241,0,281,38,0,38,319
03/09/2008,FXE,FL,ASO,ES,Towers with Radar,0,39,135,0,174,0,8,231,0,239,0,47,366,0,413,50,0,50,463
03/10/2008,FXE,FL,ASO,ES,Towers with Radar,0,48,175,0,223,0,11,314,0,325,0,59,489,0,548,82,0,82,630
03/11/2008,FXE,FL,ASO,ES,Towers with Radar,0,47,141,0,188,0,4,354,0,358,0,51,495,0,546,138,0,138,684
03/12/2008,FXE,FL,ASO,ES,Towers with Radar,0,42,140,0,182,0,1,328,0,329,0,43,468,0,511,114,0,114,625
03/13/2008,FXE,FL,ASO,ES,Towers with Radar,0,42,172,0,214,0,5,373,0,378,0,47,545,0,592,60,0,60,652
03/14/2008,FXE,FL,ASO,ES,Towers with Radar,0,44,170,0,214,0,26,264,0,290,0,70,434,0,504,70,0,70,574
03/15/2008,FXE,FL,ASO,ES,Towers with Radar,0,39,137,0,176,0,5,243,0,248,0,44,380,0,424,84,0,84,508
03/16/2008,FXE,FL,ASO,ES,Towers with Radar,0,36,147,0,183,0,5,185,0,190,0,41,332,0,373,64,0,64,437
03/17/2008,FXE,FL,ASO,ES,Towers with Radar,0,37,131,0,168,0,3,237,0,240,0,40,368,0,408,76,0,76,484
03/18/2008,FXE,FL,ASO,ES,Towers with Radar,0,54,146,0,200,0,43,167,0,210,0,97,313,0,410,12,0,12,422
03/19/2008,FXE,FL,ASO,ES,Towers with Radar,0,51,153,0,204,0,7,273,0,280,0,58,426,0,484,62,0,62,546
03/20/2008,FXE,FL,ASO,ES,Towers with Radar,0,74,166,0,240,0,10,328,0,338,0,84,494,0,578,72,0,72,650
03/21/2008,FXE,FL,ASO,ES,Towers with Radar,0,59,193,0,252,0,8,333,0,341,0,67,526,0,593,54,0,54,647
03/22/2008,FXE,FL,ASO,ES,Towers with Radar,0,60,164,0,224,0,2,129,0,131,0,62,293,0,355,26,0,26,381
03/23/2008,FXE,FL,ASO,ES,Towers with Radar,0,17,112,0,129,0,2,103,0,105,0,19,215,0,234,46,0,46,280
03/24/2008,FXE,FL,ASO,ES,Towers with Radar,0,56,159,0,215,0,11,232,0,243,0,67,391,0,458,75,0,75,533
03/25/2008,FXE,FL,ASO,ES,Towers with Radar,0,55,174,0,229,0,11,320,0,331,0,66,494,0,560,68,0,68,628
03/26/2008,FXE,FL,ASO,ES,Towers with Radar,0,56,184,0,240,0,8,297,0,305,0,64,481,0,545,64,0,64,609
03/27/2008,FXE,FL,ASO,ES,Towers with Radar,0,50,156,0,206,0,5,328,0,333,0,55,484,0,539,68,0,68,607
03/28/2008,FXE,FL,ASO,ES,Towers with Radar,0,46,181,0,227,0,5,379,0,384,0,51,560,0,611,60,2,62,673
03/29/2008,FXE,FL,ASO,ES,Towers with Radar,0,53,129,0,182,0,2,283,0,285,0,55,412,0,467,60,0,60,527
03/30/2008,FXE,FL,ASO,ES,Towers with Radar,0,61,174,0,235,0,7,265,0,272,0,68,439,0,507,52,0,52,559
03/31/2008,FXE,FL,ASO,ES,Towers with Radar,0,42,139,0,181,0,5,179,0,184,0,47,318,0,365,48,0,48,413
04/01/2008,FXE,FL,ASO,ES,Towers with Radar,0,44,157,0,201,0,4,357,0,361,0,48,514,0,562,130,0,130,692
04/02/2008,FXE,FL,ASO,ES,Towers with Radar,0,41,127,0,168,0,5,318,0,323,0,46,445,0,491,54,0,54,545
04/03/2008,FXE,FL,ASO,ES,Towers with Radar,0,43,167,0,210,0,7,278,0,285,0,50,445,0,495,90,0,90,585
04/04/2008,FXE,FL,ASO,ES,Towers with Radar,0,50,169,0,219,0,7,299,0,306,0,57,468,0,525,44,0,44,569
04/05/2008,FXE,FL,ASO,ES,Towers with Radar,0,36,112,0,148,0,4,246,0,250,0,40,358,0,398,76,0,76,474
04/06/2008,FXE,FL,ASO,ES,Towers with Radar,0,24,128,0,152,0,6,146,6,158,0,30,274,6,310,92,0,92,402
04/07/2008,FXE,FL,ASO,ES,Towers with Radar,0,47,140,0,187,0,14,218,0,232,0,61,358,0,419,98,0,98,517
04/08/2008,FXE,FL,ASO,ES,Towers with Radar,0,38,174,0,212,0,34,268,0,302,0,72,442,0,514,110,0,110,624
04/09/2008,FXE,FL,ASO,ES,Towers with Radar,0,52,180,0,232,0,0,307,0,307,0,52,487,0,539,72,0,72,611
04/10/2008,FXE,FL,ASO,ES,Towers with Radar,0,50,183,0,233,0,4,337,0,341,0,54,520,0,574,90,0,90,664
04/11/2008,FXE,FL,ASO,ES,Towers with Radar,0,41,179,0,220,0,11,322,0,333,0,52,501,0,553,54,0,54,607
04/12/2008,FXE,FL,ASO,ES,Towers with Radar,0,27,148,0,175,0,6,216,0,222,0,33,364,0,397,62,0,62,459
04/13/2008,FXE,FL,ASO,ES,Towers with Radar,0,33,124,0,157,0,8,151,0,159,0,41,275,0,316,31,0,31,347
04/14/2008,FXE,FL,ASO,ES,Towers with Radar,0,40,145,0,185,0,7,321,0,328,0,47,466,0,513,94,0,94,607
04/15/2008,FXE,FL,ASO,ES,Towers with Radar,0,37,128,0,165,0,3,297,0,300,0,40,425,0,465,106,0,106,571
04/16/2008,FXE,FL,ASO,ES,Towers with Radar,0,63,173,0,236,0,0,278,0,278,0,63,451,0,514,46,0,46,560
04/17/2008,FXE,FL,ASO,ES,Towers with Radar,0,49,175,0,224,0,5,367,0,372,0,54,542,0,596,60,0,60,656
04/18/2008,FXE,FL,ASO,ES,Towers with Radar,0,45,203,0,248,0,6,370,0,376,0,51,573,0,624,84,0,84,708
04/19/2008,FXE,FL,ASO,ES,Towers with Radar,0,36,111,0,147,0,5,246,0,251,0,41,357,0,398,70,0,70,468
04/20/2008,FXE,FL,ASO,ES,Towers with Radar,0,26,121,0,147,0,2,211,0,213,0,28,332,0,360,64,0,64,424
04/21/2008,FXE,FL,ASO,ES,Towers with Radar,0,26,114,0,140,0,2,334,0,336,0,28,448,0,476,142,0,142,618
04/22/2008,FXE,FL,ASO,ES,Towers with Radar,0,45,163,0,208,0,1,305,0,306,0,46,468,0,514,66,0,66,580
04/23/2008,FXE,FL,ASO,ES,Towers with Radar,0,44,148,0,192,0,7,291,0,298,0,51,439,0,490,78,0,78,568
04/24/2008,FXE,FL,ASO,ES,Towers with Radar,0,37,136,0,173,0,2,305,0,307,0,39,441,0,480,54,0,54,534
04/25/2008,FXE,FL,ASO,ES,Towers with Radar,0,41,158,0,199,0,7,340,0,347,0,48,498,0,546,84,0,84,630
04/26/2008,FXE,FL,ASO,ES,Towers with Radar,0,27,128,0,155,0,4,247,0,251,0,31,375,0,406,92,0,92,498
04/27/2008,FXE,FL,ASO,ES,Towers with Radar,0,38,118,0,156,0,9,265,0,274,0,47,383,0,430,50,0,50,480
04/28/2008,FXE,FL,ASO,ES,Towers with Radar,0,37,151,0,188,0,6,323,0,329,0,43,474,0,517,132,0,132,649
04/29/2008,FXE,FL,ASO,ES,Towers with Radar,0,51,122,0,173,0,1,313,0,314,0,52,435,0,487,118,0,118,605
04/30/2008,FXE,FL,ASO,ES,Towers with Radar,0,52,163,0,215,0,5,312,0,317,0,57,475,0,532,72,0,72,604
05/01/2008,FXE,FL,ASO,ES,Towers with Radar,0,55,109,0,164,6,7,322,0,335,6,62,431,0,499,60,0,60,559
05/02/2008,FXE,FL,ASO,ES,Towers with Radar,0,47,128,0,175,0,7,350,0,357,0,54,478,0,532,68,0,68,600
05/03/2008,FXE,FL,ASO,ES,Towers with Radar,0,43,76,0,119,0,4,258,0,262,0,47,334,0,381,38,0,38,419
05/04/2008,FXE,FL,ASO,ES,Towers with Radar,0,40,105,0,145,0,8,242,0,250,0,48,347,0,395,78,0,78,473
05/05/2008,FXE,FL,ASO,ES,Towers with Radar,0,24,97,0,121,0,5,277,0,282,0,29,374,0,403,60,0,60,463
05/06/2008,FXE,FL,ASO,ES,Towers with Radar,0,49,96,0,145,0,30,389,0,419,0,79,485,0,564,86,0,86,650
05/07/2008,FXE,FL,ASO,ES,Towers with Radar,0,47,109,1,157,0,4,415,0,419,0,51,524,1,576,64,0,64,640
05/08/2008,FXE,FL,ASO,ES,Towers with Radar,0,46,133,0,179,4,12,302,0,318,4,58,435,0,497,36,0,36,533
05/09/2008,FXE,FL,ASO,ES,Towers with Radar,0,32,109,0,141,0,7,315,0,322,0,39,424,0,463,48,0,48,511
05/10/2008,FXE,FL,ASO,ES,Towers with Radar,0,22,66,0,88,0,3,223,0,226,0,25,289,0,314,96,0,96,410
05/11/2008,FXE,FL,ASO,ES,Towers with Radar,0,28,72,0,100,0,3,121,0,124,0,31,193,0,224,72,0,72,296
05/12/2008,FXE,FL,ASO,ES,Towers with Radar,0,22,69,0,91,0,10,242,0,252,0,32,311,0,343,56,0,56,399
05/13/2008,FXE,FL,ASO,ES,Towers with Radar,1,54,107,0,162,0,29,415,0,444,1,83,522,0,606,80,0,80,686
05/14/2008,FXE,FL,ASO,ES,Towers with Radar,0,39,126,0,165,0,2,386,0,388,0,41,512,0,553,70,0,70,623
05/15/2008,FXE,FL,ASO,ES,Towers with Radar,0,52,130,0,182,0,25,363,0,388,0,77,493,0,570,56,0,56,626
05/16/2008,FXE,FL,ASO,ES,Towers with Radar,0,43,128,0,171,0,17,387,0,404,0,60,515,0,575,64,0,64,639
05/17/2008,FXE,FL,ASO,ES,Towers with Radar,0,20,85,1,106,0,2,246,1,249,0,22,331,2,355,78,0,78,433
05/18/2008,FXE,FL,ASO,ES,Towers with Radar,0,25,104,0,129,0,4,158,0,162,0,29,262,0,291,134,0,134,425
05/19/2008,FXE,FL,ASO,ES,Towers with Radar,0,31,85,0,116,0,14,217,0,231,0,45,302,0,347,68,0,68,415
05/20/2008,FXE,FL,ASO,ES,Towers with Radar,1,40,82,1,124,0,1,272,0,273,1,41,354,1,397,68,0,68,465
05/21/2008,FXE,FL,ASO,ES,Towers with Radar,0,42,110,0,152,0,42,338,0,380,0,84,448,0,532,68,0,68,600
05/22/2008,FXE,FL,ASO,ES,Towers with Radar,0,43,122,0,165,0,4,376,2,382,0,47,498,2,547,102,0,102,649
05/23/2008,FXE,FL,ASO,ES,Towers with Radar,0,33,115,0,148,0,4,308,0,312,0,37,423,0,460,68,0,68,528
05/24/2008,FXE,FL,ASO,ES,Towers with Radar,0,23,68,0,91,0,5,216,0,221,0,28,284,0,312,86,0,86,398
05/25/2008,FXE,FL,ASO,ES,Towers with Radar,0,14,71,0,85,0,3,131,0,134,0,17,202,0,219,44,0,44,263
05/26/2008,FXE,FL,ASO,ES,Towers with Radar,0,25,101,0,126,0,1,204,0,205,0,26,305,0,331,2,0,2,333
05/27/2008,FXE,FL,ASO,ES,Towers with Radar,0,33,113,0,146,0,8,326,0,334,0,41,439,0,480,66,0,66,546
05/28/2008,FXE,FL,ASO,ES,Towers with Radar,0,29,136,0,165,0,5,334,0,339,0,34,470,0,504,94,0,94,598
05/29/2008,FXE,FL,ASO,ES,Towers with Radar,0,43,105,0,148,0,6,287,0,293,0,49,392,0,441,116,0,116,557
05/30/2008,FXE,FL,ASO,ES,Towers with Radar,0,41,124,0,165,0,11,293,0,304,0,52,417,0,469,96,0,96,565
05/31/2008,FXE,FL,ASO,ES,Towers with Radar,0,17,94,0,111,0,7,238,0,245,0,24,332,0,356,62,0,62,418
06/01/2008,FXE,FL,ASO,ES,Towers with Radar,0,32,99,0,131,0,3,168,0,171,0,35,267,0,302,74,0,74,376
06/02/2008,FXE,FL,ASO,ES,Towers with Radar,0,22,91,0,113,0,8,181,0,189,0,30,272,0,302,94,0,94,396
06/03/2008,FXE,FL,ASO,ES,Towers with Radar,0,40,107,0,147,0,10,324,0,334,0,50,431,0,481,122,0,122,603
06/04/2008,FXE,FL,ASO,ES,Towers with Radar,0,32,114,0,146,0,13,274,0,287,0,45,388,0,433,60,0,60,493
06/05/2008,FXE,FL,ASO,ES,Towers with Radar,0,48,111,1,160,0,13,312,0,325,0,61,423,1,485,70,0,70,555
06/06/2008,FXE,FL,ASO,ES,Towers with Radar,0,37,126,1,164,0,10,343,0,353,0,47,469,1,517,46,0,46,563
06/07/2008,FXE,FL,ASO,ES,Towers with Radar,0,29,88,1,118,0,5,217,0,222,0,34,305,1,340,68,0,68,408
06/08/2008,FXE,FL,ASO,ES,Towers with Radar,0,16,113,0,129,0,3,170,0,173,0,19,283,0,302,12,0,12,314
06/09/2008,FXE,FL,ASO,ES,Towers with Radar,0,26,79,0,105,0,4,242,1,247,0,30,321,1,352,118,0,118,470
06/10/2008,FXE,FL,ASO,ES,Towers with Radar,0,31,110,0,141,0,8,324,0,332,0,39,434,0,473,72,0,72,545
06/11/2008,FXE,FL,ASO,ES,Towers with Radar,0,27,105,0,132,0,6,280,0,286,0,33,385,0,418,74,0,74,492
06/12/2008,FXE,FL,ASO,ES,Towers with Radar,0,43,111,0,154,0,6,332,0,338,0,49,443,0,492,80,0,80,572
06/13/2008,FXE,FL,ASO,ES,Towers with Radar,0,35,101,0,136,0,2,294,0,296,0,37,395,0,432,102,0,102,534
06/14/2008,FXE,FL,ASO,ES,Towers with Radar,0,23,84,0,107,0,9,187,0,196,0,32,271,0,303,44,0,44,347
06/15/2008,FXE,FL,ASO,ES,Towers with Radar,0,9,99,0,108,0,3,154,0,157,0,12,253,0,265,34,0,34,299
06/16/2008,FXE,FL,ASO,ES,Towers with Radar,0,23,101,0,124,0,2,234,0,236,0,25,335,0,360,76,0,76,436
06/17/2008,FXE,FL,ASO,ES,Towers with Radar,0,39,92,0,131,0,4,282,0,286,0,43,374,0,417,58,0,58,475
06/18/2008,FXE,FL,ASO,ES,Towers with Radar,0,53,93,0,146,0,4,188,0,192,0,57,281,0,338,86,0,86,424
06/19/2008,FXE,FL,ASO,ES,Towers with Radar,0,45,112,0,157,0,6,225,0,231,0,51,337,0,388,74,0,74,462
06/20/2008,FXE,FL,ASO,ES,Towers with Radar,0,0,0,0,0,1,34,387,0,422,1,34,387,0,422,84,0,84,506
06/21/2008,FXE,FL,ASO,ES,Towers with Radar,0,0,0,0,0,0,33,264,0,297,0,33,264,0,297,92,0,92,389
06/22/2008,FXE,FL,ASO,ES,Towers with Radar,0,0,0,0,0,0,26,244,0,270,0,26,244,0,270,40,0,40,310
06/23/2008,FXE,FL,ASO,ES,Towers with Radar,0,0,0,0,0,0,21,313,0,334,0,21,313,0,334,84,0,84,418
06/24/2008,FXE,FL,ASO,ES,Towers with Radar,0,0,0,0,0,0,40,441,0,481,0,40,441,0,481,108,0,108,589
06/25/2008,FXE,FL,ASO,ES,Towers with Radar,0,0,0,0,0,0,45,422,1,468,0,45,422,1,468,73,0,73,541
06/26/2008,FXE,FL,ASO,ES,Towers with Radar,0,0,0,0,0,0,42,370,0,412,0,42,370,0,412,80,0,80,492
06/27/2008,FXE,FL,ASO,ES,Towers with Radar,0,0,0,0,0,0,41,353,0,394,0,41,353,0,394,72,0,72,466
06/28/2008,FXE,FL,ASO,ES,Towers with Radar,0,0,0,0,0,0,31,287,0,318,0,31,287,0,318,80,0,80,398
06/29/2008,FXE,FL,ASO,ES,Towers with Radar,0,0,0,0,0,0,34,251,0,285,0,34,251,0,285,60,0,60,345
06/30/2008,FXE,FL,ASO,ES,Towers with Radar,0,0,0,0,0,0,42,348,0,390,0,42,348,0,390,124,0,124,514
07/01/2008,FXE,FL,ASO,ES,Towers with Radar,0,40,96,0,136,0,12,250,0,262,0,52,346,0,398,108,0,108,506
07/02/2008,FXE,FL,ASO,ES,Towers with Radar,0,41,102,0,143,0,10,247,0,257,0,51,349,0,400,78,0,78,478
07/03/2008,FXE,FL,ASO,ES,Towers with Radar,0,44,95,0,139,0,11,265,0,276,0,55,360,0,415,48,0,48,463
07/04/2008,FXE,FL,ASO,ES,Towers with Radar,0,15,46,0,61,0,8,144,2,154,0,23,190,2,215,38,4,42,257
07/05/2008,FXE,FL,ASO,ES,Towers with Radar,0,25,45,0,70,0,5,139,0,144,0,30,184,0,214,16,0,16,230
07/06/2008,FXE,FL,ASO,ES,Towers with Radar,0,27,106,0,133,0,5,143,0,148,0,32,249,0,281,24,0,24,305
07/07/2008,FXE,FL,ASO,ES,Towers with Radar,0,24,65,0,89,0,8,240,0,248,0,32,305,0,337,92,0,92,429
07/08/2008,FXE,FL,ASO,ES,Towers with Radar,0,34,100,0,134,0,1,251,0,252,0,35,351,0,386,114,0,114,500
07/09/2008,FXE,FL,ASO,ES,Towers with Radar,0,43,98,0,141,0,10,317,0,327,0,53,415,0,468,146,0,146,614
07/10/2008,FXE,FL,ASO,ES,Towers with Radar,0,47,115,1,163,0,8,322,0,330,0,55,437,1,493,88,0,88,581
07/11/2008,FXE,FL,ASO,ES,Towers with Radar,0,35,98,0,133,0,8,343,0,351,0,43,441,0,484,88,0,88,572
07/12/2008,FXE,FL,ASO,ES,Towers with Radar,0,20,82,0,102,0,8,193,0,201,0,28,275,0,303,78,0,78,381
07/13/2008,FXE,FL,ASO,ES,Towers with Radar,0,12,76,0,88,0,10,138,1,149,0,22,214,1,237,52,0,52,289
07/14/2008,FXE,FL,ASO,ES,Towers with Radar,0,37,91,0,128,0,10,232,0,242,0,47,323,0,370,72,0,72,442
07/15/2008,FXE,FL,ASO,ES,Towers with Radar,0,34,110,0,144,0,3,126,0,129,0,37,236,0,273,30,0,30,303
07/16/2008,FXE,FL,ASO,ES,Towers with Radar,0,36,94,0,130,0,4,283,0,287,0,40,377,0,417,92,0,92,509
07/17/2008,FXE,FL,ASO,ES,Towers with Radar,0,43,117,0,160,0,14,367,0,381,0,57,484,0,541,86,0,86,627
07/18/2008,FXE,FL,ASO,ES,Towers with Radar,0,45,124,0,169,0,20,336,0,356,0,65,460,0,525,90,0,90,615
07/19/2008,FXE,FL,ASO,ES,Towers with Radar,0,10,71,0,81,0,3,257,0,260,0,13,328,0,341,114,0,114,455
07/20/2008,FXE,FL,ASO,ES,Towers with Radar,0,18,116,0,134,0,6,215,0,221,0,24,331,0,355,16,0,16,371
07/21/2008,FXE,FL,ASO,ES,Towers with Radar,0,32,89,0,121,0,8,270,2,280,0,40,359,2,401,98,0,98,499
07/22/2008,FXE,FL,ASO,ES,Towers with Radar,0,39,99,0,138,0,14,258,0,272,0,53,357,0,410,56,0,56,466
07/23/2008,FXE,FL,ASO,ES,Towers with Radar,0,30,106,0,136,0,3,360,0,363,0,33,466,0,499,54,0,54,553
07/24/2008,FXE,FL,ASO,ES,Towers with Radar,0,33,105,0,138,0,4,336,0,340,0,37,441,0,478,56,0,56,534
07/25/2008,FXE,FL,ASO,ES,Towers with Radar,0,26,101,0,127,0,11,346,0,357,0,37,447,0,484,72,0,72,556
07/26/2008,FXE,FL,ASO,ES,Towers with Radar,0,13,72,0,85,0,5,267,0,272,0,18,339,0,357,62,0,62,419
07/27/2008,FXE,FL,ASO,ES,Towers with Radar,0,12,91,0,103,0,5,228,0,233,0,17,319,0,336,64,0,64,400
07/28/2008,FXE,FL,ASO,ES,Towers with Radar,0,24,77,0,101,0,9,219,0,228,0,33,296,0,329,62,0,62,391
07/29/2008,FXE,FL,ASO,ES,Towers with Radar,0,33,78,0,111,0,4,299,0,303,0,37,377,0,414,68,0,68,482
07/30/2008,FXE,FL,ASO,ES,Towers with Radar,0,44,98,3,145,0,8,347,0,355,0,52,445,3,500,76,0,76,576
07/31/2008,FXE,FL,ASO,ES,Towers with Radar,0,38,88,0,126,0,8,345,0,353,0,46,433,0,479,52,0,52,531
08/01/2008,FXE,FL,ASO,ES,Towers with Radar,0,39,86,0,125,0,11,339,1,351,0,50,425,1,476,84,0,84,560
08/02/2008,FXE,FL,ASO,ES,Towers with Radar,0,28,100,0,128,0,6,230,0,236,0,34,330,0,364,68,0,68,432
08/03/2008,FXE,FL,ASO,ES,Towers with Radar,0,22,70,0,92,0,5,219,0,224,0,27,289,0,316,42,0,42,358
08/04/2008,FXE,FL,ASO,ES,Towers with Radar,0,20,65,0,85,0,2,243,0,245,0,22,308,0,330,52,0,52,382
08/05/2008,FXE,FL,ASO,ES,Towers with Radar,0,31,95,0,126,0,6,352,0,358,0,37,447,0,484,140,0,140,624
08/06/2008,FXE,FL,ASO,ES,Towers with Radar,0,32,109,0,141,0,2,343,0,345,0,34,452,0,486,138,0,138,624
08/07/2008,FXE,FL,ASO,ES,Towers with Radar,0,40,112,0,152,0,10,324,0,334,0,50,436,0,486,110,0,110,596
08/08/2008,FXE,FL,ASO,ES,Towers with Radar,0,37,107,0,144,0,6,292,1,299,0,43,399,1,443,102,0,102,545
08/09/2008,FXE,FL,ASO,ES,Towers with Radar,0,21,80,0,101,0,7,170,0,177,0,28,250,0,278,52,0,52,330
08/10/2008,FXE,FL,ASO,ES,Towers with Radar,0,30,75,0,105,0,6,145,0,151,0,36,220,0,256,8,0,8,264
08/11/2008,FXE,FL,ASO,ES,Towers with Radar,0,23,73,0,96,0,9,244,0,253,0,32,317,0,349,68,0,68,417
08/12/2008,FXE,FL,ASO,ES,Towers with Radar,0,35,77,0,112,0,3,212,0,215,0,38,289,0,327,70,0,70,397
08/13/2008,FXE,FL,ASO,ES,Towers with Radar,0,28,96,0,124,0,5,406,0,411,0,33,502,0,535,112,0,112,647
08/14/2008,FXE,FL,ASO,ES,Towers with Radar,0,44,86,0,130,0,3,271,0,274,0,47,357,0,404,48,0,48,452
08/15/2008,FXE,FL,ASO,ES,Towers with Radar,0,44,96,0,140,0,10,369,0,379,0,54,465,0,519,64,0,64,583
08/16/2008,FXE,FL,ASO,ES,Towers with Radar,0,29,83,0,112,0,4,281,0,285,0,33,364,0,397,80,0,80,477
08/17/2008,FXE,FL,ASO,ES,Towers with Radar,0,22,97,0,119,0,10,196,0,206,0,32,293,0,325,70,0,70,395
08/18/2008,FXE,FL,ASO,ES,Towers with Radar,0,18,34,0,52,0,0,18,0,18,0,18,52,0,70,0,0,0,70
08/19/2008,FXE,FL,ASO,ES,Towers with Radar,0,14,21,0,35,0,0,5,0,5,0,14,26,0,40,0,0,0,40
08/20/2008,FXE,FL,ASO,ES,Towers with Radar,0,26,80,0,106,0,7,203,0,210,0,33,283,0,316,50,0,50,366
08/21/2008,FXE,FL,ASO,ES,Towers with Radar,0,38,79,0,117,0,6,203,2,211,0,44,282,2,328,48,0,48,376
08/22/2008,FXE,FL,ASO,ES,Towers with Radar,0,37,59,0,96,0,0,263,0,263,0,37,322,0,359,28,0,28,387
08/23/2008,FXE,FL,ASO,ES,Towers with Radar,0,20,77,0,97,0,5,265,1,271,0,25,342,1,368,56,0,56,424
08/24/2008,FXE,FL,ASO,ES,Towers with Radar,0,17,80,0,97,0,4,175,0,179,0,21,255,0,276,70,0,70,346
08/25/2008,FXE,FL,ASO,ES,Towers with Radar,0,35,116,0,151,0,1,283,0,284,0,36,399,0,435,88,0,88,523
08/26/2008,FXE,FL,ASO,ES,Towers with Radar,0,41,104,0,145,0,4,251,0,255,0,45,355,0,400,44,0,44,444
08/27/2008,FXE,FL,ASO,ES,Towers with Radar,0,36,166,0,202,0,3,322,0,325,0,39,488,0,527,120,0,120,647
08/28/2008,FXE,FL,ASO,ES,Towers with Radar,0,41,147,0,188,0,2,386,0,388,0,43,533,0,576,100,0,100,676
08/29/2008,FXE,FL,ASO,ES,Towers with Radar,0,44,139,0,183,0,7,324,0,331,0,51,463,0,514,34,0,34,548
08/30/2008,FXE,FL,ASO,ES,Towers with Radar,0,13,49,0,62,0,5,122,0,127,0,18,171,0,189,22,0,22,211
08/31/2008,FXE,FL,ASO,ES,Towers with Radar,0,15,60,0,75,0,3,40,0,43,0,18,100,0,118,2,0,2,120
09/01/2008,FXE,FL,ASO,ES,Towers with Radar,0,21,83,0,104,0,11,206,0,217,0,32,289,0,321,42,0,42,363
09/02/2008,FXE,FL,ASO,ES,Towers with Radar,0,21,89,0,110,0,3,223,0,226,0,24,312,0,336,80,0,80,416
09/03/2008,FXE,FL,ASO,ES,Towers with Radar,0,25,83,0,108,0,1,327,0,328,0,26,410,0,436,86,0,86,522
09/04/2008,FXE,FL,ASO,ES,Towers with Radar,0,24,110,0,134,0,1,208,0,209,0,25,318,0,343,44,0,44,387
09/05/2008,FXE,FL,ASO,ES,Towers with Radar,0,32,91,0,123,0,1,118,0,119,0,33,209,0,242,26,0,26,268
09/06/2008,FXE,FL,ASO,ES,Towers with Radar,0,12,77,0,89,0,3,253,0,256,0,15,330,0,345,54,0,54,399
09/07/2008,FXE,FL,ASO,ES,Towers with Radar,0,11,66,0,77,0,2,159,0,161,0,13,225,0,238,44,0,44,282
09/08/2008,FXE,FL,ASO,ES,Towers with Radar,0,19,63,0,82,0,3,111,0,114,0,22,174,0,196,20,0,20,216
09/09/2008,FXE,FL,ASO,ES,Towers with Radar,0,24,54,0,78,0,5,63,0,68,0,29,117,0,146,18,0,18,164
09/10/2008,FXE,FL,ASO,ES,Towers with Radar,0,24,103,0,127,0,1,169,0,170,0,25,272,0,297,30,0,30,327
09/11/2008,FXE,FL,ASO,ES,Towers with Radar,0,41,111,0,152,0,25,246,0,271,0,66,357,0,423,62,0,62,485
09/12/2008,FXE,FL,ASO,ES,Towers with Radar,0,25,99,0,124,0,3,276,0,279,0,28,375,0,403,86,0,86,489
09/13/2008,FXE,FL,ASO,ES,Towers with Radar,0,17,85,0,102,0,3,223,0,226,0,20,308,0,328,38,0,38,366
09/14/2008,FXE,FL,ASO,ES,Towers with Radar,0,31,60,0,91,0,5,181,0,186,0,36,241,0,277,34,0,34,311
09/15/2008,FXE,FL,ASO,ES,Towers with Radar,0,34,94,0,128,0,0,275,0,275,0,34,369,0,403,96,0,96,499
09/16/2008,FXE,FL,ASO,ES,Towers with Radar,0,50,111,0,161,0,1,293,1,295,0,51,404,1,456,118,0,118,574
09/17/2008,FXE,FL,ASO,ES,Towers with Radar,0,37,95,0,132,0,6,276,0,282,0,43,371,0,414,110,0,110,524
09/18/2008,FXE,FL,ASO,ES,Towers with Radar,0,33,99,0,132,0,4,279,0,283,0,37,378,0,415,64,0,64,479
09/19/2008,FXE,FL,ASO,ES,Towers with Radar,0,32,96,0,128,0,2,294,0,296,0,34,390,0,424,84,0,84,508
09/20/2008,FXE,FL,ASO,ES,Towers with Radar,0,25,78,0,103,0,4,217,0,221,0,29,295,0,324,56,0,56,380
09/21/2008,FXE,FL,ASO,ES,Towers with Radar,0,9,93,0,102,0,3,184,0,187,0,12,277,0,289,66,0,66,355
09/22/2008,FXE,FL,ASO,ES,Towers with Radar,0,16,67,0,83,0,5,243,0,248,0,21,310,0,331,90,0,90,421
09/23/2008,FXE,FL,ASO,ES,Towers with Radar,0,35,89,0,124,0,7,259,0,266,0,42,348,0,390,190,0,190,580
09/24/2008,FXE,FL,ASO,ES,Towers with Radar,1,34,104,0,139,0,7,204,0,211,1,41,308,0,350,96,0,96,446
09/25/2008,FXE,FL,ASO,ES,Towers with Radar,0,45,108,2,155,0,6,353,1,360,0,51,461,3,515,122,0,122,637
09/26/2008,FXE,FL,ASO,ES,Towers with Radar,0,30,108,0,138,0,5,308,1,314,0,35,416,1,452,68,0,68,520
09/27/2008,FXE,FL,ASO,ES,Towers with Radar,0,20,66,0,86,0,3,136,0,139,0,23,202,0,225,100,0,100,325
09/28/2008,FXE,FL,ASO,ES,Towers with Radar,0,20,64,0,84,0,3,124,0,127,0,23,188,0,211,52,0,52,263
09/29/2008,FXE,FL,ASO,ES,Towers with Radar,0,16,65,0,81,0,5,116,0,121,0,21,181,0,202,106,0,106,308
09/30/2008,FXE,FL,ASO,ES,Towers with Radar,0,34,77,0,111,0,3,167,0,170,0,37,244,0,281,88,0,88,369
10/01/2008,FXE,FL,ASO,ES,Towers with Radar,0,25,76,0,101,0,4,303,0,307,0,29,379,0,408,130,0,130,538
10/02/2008,FXE,FL,ASO,ES,Towers with Radar,0,34,95,0,129,0,4,374,1,379,0,38,469,1,508,72,0,72,580
10/03/2008,FXE,FL,ASO,ES,Towers with Radar,0,47,110,0,157,0,15,361,0,376,0,62,471,0,533,78,2,80,613
10/04/2008,FXE,FL,ASO,ES,Towers with Radar,0,13,68,0,81,0,3,114,1,118,0,16,182,1,199,42,0,42,241
10/05/2008,FXE,FL,ASO,ES,Towers with Radar,0,22,103,0,125,0,4,126,1,131,0,26,229,1,256,36,0,36,292
10/06/2008,FXE,FL,ASO,ES,Towers with Radar,0,14,85,0,99,0,3,297,1,301,0,17,382,1,400,104,0,104,504
10/07/2008,FXE,FL,ASO,ES,Towers with Radar,0,32,107,0,139,0,7,301,0,308,0,39,408,0,447,84,0,84,531
10/08/2008,FXE,FL,ASO,ES,Towers with Radar,0,22,110,0,132,0,3,286,0,289,0,25,396,0,421,60,0,60,481
10/09/2008,FXE,FL,ASO,ES,Towers with Radar,0,35,94,0,129,0,5,233,0,238,0,40,327,0,367,62,0,62,429
10/10/2008,FXE,FL,ASO,ES,Towers with Radar,0,23,110,0,133,0,3,263,0,266,0,26,373,0,399,70,0,70,469
10/11/2008,FXE,FL,ASO,ES,Towers with Radar,0,20,81,0,101,0,7,225,0,232,0,27,306,0,333,86,0,86,419
10/12/2008,FXE,FL,ASO,ES,Towers with Radar,0,28,93,0,121,0,4,168,0,172,0,32,261,0,293,66,0,66,359
10/13/2008,FXE,FL,ASO,ES,Towers with Radar,0,16,87,0,103,0,2,102,0,104,0,18,189,0,207,36,0,36,243
10/14/2008,FXE,FL,ASO,ES,Towers with Radar,0,26,95,0,121,0,3,254,0,257,0,29,349,0,378,92,0,92,470
10/15/2008,FXE,FL,ASO,ES,Towers with Radar,0,40,116,0,156,0,6,324,1,331,0,46,440,1,487,124,0,124,611
10/16/2008,FXE,FL,ASO,ES,Towers with Radar,0,33,105,0,138,0,3,413,0,416,0,36,518,0,554,80,0,80,634
10/17/2008,FXE,FL,ASO,ES,Towers with Radar,0,39,122,0,161,0,4,357,0,361,0,43,479,0,522,192,0,192,714
10/18/2008,FXE,FL,ASO,ES,Towers with Radar,0,14,76,0,90,0,4,250,1,255,0,18,326,1,345,76,0,76,421
10/19/2008,FXE,FL,ASO,ES,Towers with Radar,0,23,72,0,95,0,3,224,0,227,0,26,296,0,322,60,0,60,382
10/20/2008,FXE,FL,ASO,ES,Towers with Radar,0,24,96,0,120,0,3,245,0,248,0,27,341,0,368,145,0,145,513
10/21/2008,FXE,FL,ASO,ES,Towers with Radar,0,39,101,0,140,0,2,335,0,337,0,41,436,0,477,88,0,88,565
10/22/2008,FXE,FL,ASO,ES,Towers with Radar,0,27,125,0,152,0,0,315,0,315,0,27,440,0,467,130,0,130,597
10/23/2008,FXE,FL,ASO,ES,Towers with Radar,0,44,124,0,168,0,4,158,0,162,0,48,282,0,330,36,0,36,366
10/24/2008,FXE,FL,ASO,ES,Towers with Radar,0,31,107,0,138,0,0,312,0,312,0,31,419,0,450,130,0,130,580
10/25/2008,FXE,FL,ASO,ES,Towers with Radar,0,14,67,0,81,0,3,214,0,217,0,17,281,0,298,50,0,50,348
10/26/2008,FXE,FL,ASO,ES,Towers with Radar,0,12,103,0,115,0,3,97,0,100,0,15,200,0,215,44,0,44,259
10/27/2008,FXE,FL,ASO,ES,Towers with Radar,0,18,66,0,84,0,5,281,0,286,0,23,347,0,370,72,0,72,442
10/28/2008,FXE,FL,ASO,ES,Towers with Radar,0,37,116,0,153,0,9,288,0,297,0,46,404,0,450,86,0,86,536
10/29/2008,FXE,FL,ASO,ES,Towers with Radar,0,32,121,0,153,0,6,408,0,414,0,38,529,0,567,120,0,120,687
10/30/2008,FXE,FL,ASO,ES,Towers with Radar,0,33,126,1,160,0,6,320,0,326,0,39,446,1,486,84,0,84,570
10/31/2008,FXE,FL,ASO,ES,Towers with Radar,0,24,158,0,182,0,1,310,0,311,0,25,468,0,493,82,0,82,575
11/01/2008,FXE,FL,ASO,ES,Towers with Radar,0,20,92,0,112,0,6,198,0,204,0,26,290,0,316,48,0,48,364
11/02/2008,FXE,FL,ASO,ES,Towers with Radar,0,21,143,0,164,0,0,177,0,177,0,21,320,0,341,54,0,54,395
11/03/2008,FXE,FL,ASO,ES,Towers with Radar,0,16,110,0,126,0,7,286,0,293,0,23,396,0,419,72,0,72,491
11/04/2008,FXE,FL,ASO,ES,Towers with Radar,0,37,116,0,153,0,0,164,0,164,0,37,280,0,317,20,0,20,337
11/05/2008,FXE,FL,ASO,ES,Towers with Radar,0,36,102,0,138,0,4,310,0,314,0,40,412,0,452,128,0,128,580
11/06/2008,FXE,FL,ASO,ES,Towers with Radar,0,48,129,0,177,0,6,354,0,360,0,54,483,0,537,58,0,58,595
11/07/2008,FXE,FL,ASO,ES,Towers with Radar,0,31,128,0,159,0,9,388,1,398,0,40,516,1,557,118,0,118,675
11/08/2008,FXE,FL,ASO,ES,Towers with Radar,0,20,91,0,111,0,2,210,0,212,0,22,301,0,323,76,0,76,399
11/09/2008,FXE,FL,ASO,ES,Towers with Radar,0,20,102,0,122,0,5,277,1,283,0,25,379,1,405,76,0,76,481
11/10/2008,FXE,FL,ASO,ES,Towers with Radar,0,20,78,0,98,0,1,242,0,243,0,21,320,0,341,140,0,140,481
11/11/2008,FXE,FL,ASO,ES,Towers with Radar,0,27,124,0,151,0,6,250,0,256,0,33,374,0,407,58,0,58,465
11/12/2008,FXE,FL,ASO,ES,Towers with Radar,0,36,143,0,179,0,0,280,0,280,0,36,423,0,459,122,0,122,581
11/13/2008,FXE,FL,ASO,ES,Towers with Radar,0,49,143,0,192,0,6,294,0,300,0,55,437,0,492,114,0,114,606
11/14/2008,FXE,FL,ASO,ES,Towers with Radar,0,36,125,3,164,0,6,344,0,350,0,42,469,3,514,126,0,126,640
11/15/2008,FXE,FL,ASO,ES,Towers with Radar,0,25,60,0,85,0,2,213,0,215,0,27,273,0,300,54,0,54,354
11/16/2008,FXE,FL,ASO,ES,Towers with Radar,0,29,89,0,118,0,4,166,0,170,0,33,255,0,288,20,0,20,308
11/17/2008,FXE,FL,ASO,ES,Towers with Radar,1,23,84,0,108,0,4,245,0,249,1,27,329,0,357,74,0,74,431
11/18/2008,FXE,FL,ASO,ES,Towers with Radar,1,31,81,0,113,0,23,271,1,295,1,54,352,1,408,80,0,80,488
11/19/2008,FXE,FL,ASO,ES,Towers with Radar,0,28,83,0,111,0,4,322,0,326,0,32,405,0,437,98,0,98,535
11/20/2008,FXE,FL,ASO,ES,Towers with Radar,0,30,92,0,122,0,5,350,0,355,0,35,442,0,477,98,0,98,575
11/21/2008,FXE,FL,ASO,ES,Towers with Radar,0,31,95,1,127,0,8,354,1,363,0,39,449,2,490,124,0,124,614
11/22/2008,FXE,FL,ASO,ES,Towers with Radar,0,27,87,0,114,0,1,260,0,261,0,28,347,0,375,94,0,94,469
11/23/2008,FXE,FL,ASO,ES,Towers with Radar,0,24,93,0,117,0,6,222,0,228,0,30,315,0,345,42,0,42,387
11/24/2008,FXE,FL,ASO,ES,Towers with Radar,0,26,102,0,128,0,3,238,1,242,0,29,340,1,370,92,0,92,462
11/25/2008,FXE,FL,ASO,ES,Towers with Radar,0,35,118,0,153,0,8,328,0,336,0,43,446,0,489,86,0,86,575
11/26/2008,FXE,FL,ASO,ES,Towers with Radar,0,39,129,0,168,0,4,356,0,360,0,43,485,0,528,36,0,36,564
11/27/2008,FXE,FL,ASO,ES,Towers with Radar,0,11,36,0,47,0,2,159,0,161,0,13,195,0,208,20,0,20,228
11/28/2008,FXE,FL,ASO,ES,Towers with Radar,0,17,89,0,106,0,2,271,0,273,0,19,360,0,379,106,0,106,485
11/29/2008,FXE,FL,ASO,ES,Towers with Radar,0,41,97,0,138,0,1,250,0,251,0,42,347,0,389,96,0,96,485
11/30/2008,FXE,FL,ASO,ES,Towers with Radar,0,51,122,0,173,0,2,128,0,130,0,53,250,0,303,20,0,20,323
12/01/2008,FXE,FL,ASO,ES,Towers with Radar,0,37,110,0,147,0,4,173,0,177,0,41,283,0,324,58,0,58,382
12/02/2008,FXE,FL,ASO,ES,Towers with Radar,0,27,97,0,124,0,7,216,0,223,0,34,313,0,347,68,0,68,415
12/03/2008,FXE,FL,ASO,ES,Towers with Radar,0,21,108,0,129,0,6,319,0,325,0,27,427,0,454,86,0,86,540
12/04/2008,FXE,FL,ASO,ES,Towers with Radar,0,36,124,1,161,0,7,352,0,359,0,43,476,1,520,106,0,106,626
12/05/2008,FXE,FL,ASO,ES,Towers with Radar,0,43,111,0,154,0,3,396,0,399,0,46,507,0,553,94,0,94,647
12/06/2008,FXE,FL,ASO,ES,Towers with Radar,0,22,56,0,78,0,6,268,0,274,0,28,324,0,352,104,0,104,456
12/07/2008,FXE,FL,ASO,ES,Towers with Radar,0,22,99,0,121,0,3,199,0,202,0,25,298,0,323,140,0,140,463
12/08/2008,FXE,FL,ASO,ES,Towers with Radar,0,28,96,0,124,0,1,245,0,246,0,29,341,0,370,70,0,70,440
12/09/2008,FXE,FL,ASO,ES,Towers with Radar,0,25,104,0,129,0,8,239,0,247,0,33,343,0,376,72,0,72,448
12/10/2008,FXE,FL,ASO,ES,Towers with Radar,0,30,106,0,136,0,4,311,0,315,0,34,417,0,451,112,0,112,563
12/11/2008,FXE,FL,ASO,ES,Towers with Radar,0,34,105,2,141,0,1,115,0,116,0,35,220,2,257,16,0,16,273
12/12/2008,FXE,FL,ASO,ES,Towers with Radar,0,44,114,0,158,0,10,309,0,319,0,54,423,0,477,78,0,78,555
12/13/2008,FXE,FL,ASO,ES,Towers with Radar,0,15,101,0,116,0,5,259,0,264,0,20,360,0,380,40,0,40,420
12/14/2008,FXE,FL,ASO,ES,Towers with Radar,0,20,113,0,133,0,3,183,1,187,0,23,296,1,320,90,0,90,410
12/15/2008,FXE,FL,ASO,ES,Towers with Radar,0,23,145,0,168,0,6,265,0,271,0,29,410,0,439,126,0,126,565
12/16/2008,FXE,FL,ASO,ES,Towers with Radar,0,28,118,0,146,0,4,239,2,245,0,32,357,2,391,96,0,96,487
12/17/2008,FXE,FL,ASO,ES,Towers with Radar,0,24,114,0,138,0,7,365,0,372,0,31,479,0,510,108,0,108,618
12/18/2008,FXE,FL,ASO,ES,Towers with Radar,0,37,138,0,175,0,4,424,0,428,0,41,562,0,603,122,0,122,725
12/19/2008,FXE,FL,ASO,ES,Towers with Radar,0,20,140,0,160,0,2,437,1,440,0,22,577,1,600,46,0,46,646
12/20/2008,FXE,FL,ASO,ES,Towers with Radar,0,43,122,0,165,0,5,284,0,289,0,48,406,0,454,72,0,72,526
12/21/2008,FXE,FL,ASO,ES,Towers with Radar,0,16,72,0,88,0,1,208,0,209,0,17,280,0,297,60,0,60,357
12/22/2008,FXE,FL,ASO,ES,Towers with Radar,0,33,116,0,149,0,6,231,0,237,0,39,347,0,386,72,0,72,458
12/23/2008,FXE,FL,ASO,ES,Towers with Radar,0,34,127,0,161,0,4,205,0,209,0,38,332,0,370,52,0,52,422
12/24/2008,FXE,FL,ASO,ES,Towers with Radar,0,22,79,0,101,0,2,134,0,136,0,24,213,0,237,34,0,34,271
12/25/2008,FXE,FL,ASO,ES,Towers with Radar,0,19,40,5,64,0,0,34,0,34,0,19,74,5,98,18,0,18,116
12/26/2008,FXE,FL,ASO,ES,Towers with Radar,0,44,131,0,175,0,11,290,0,301,0,55,421,0,476,60,0,60,536
12/27/2008,FXE,FL,ASO,ES,Towers with Radar,0,46,132,0,178,0,8,200,0,208,0,54,332,0,386,28,0,28,414
12/28/2008,FXE,FL,ASO,ES,Towers with Radar,0,27,108,0,135,0,3,217,0,220,0,30,325,0,355,58,0,58,413
12/29/2008,FXE,FL,ASO,ES,Towers with Radar,0,32,110,0,142,0,7,236,0,243,0,39,346,0,385,46,0,46,431
12/30/2008,FXE,FL,ASO,ES,Towers with Radar,0,39,120,0,159,0,5,329,0,334,0,44,449,0,493,70,0,70,563
12/31/2008,FXE,FL,ASO,ES,Towers with Radar,0,21,60,0,81,0,19,234,0,253,0,40,294,0,334,46,0,46,380
01/01/2009,FXE,FL,ASO,ES,Towers with Radar,0,12,66,0,78,0,1,101,0,102,0,13,167,0,180,36,0,36,216
01/02/2009,FXE,FL,ASO,ES,Towers with Radar,0,51,130,0,181,0,7,249,0,256,0,58,379,0,437,36,0,36,473
01/03/2009,FXE,FL,ASO,ES,Towers with Radar,0,59,152,0,211,0,4,267,0,271,0,63,419,0,482,84,0,84,566
01/04/2009,FXE,FL,ASO,ES,Towers with Radar,0,67,156,0,223,0,4,203,0,207,0,71,359,0,430,80,0,80,510
01/05/2009,FXE,FL,ASO,ES,Towers with Radar,0,38,116,0,154,0,6,226,0,232,0,44,342,0,386,52,0,52,438
01/06/2009,FXE,FL,ASO,ES,Towers with Radar,0,34,86,0,120,0,5,254,0,259,0,39,340,0,379,96,0,96,475
01/07/2009,FXE,FL,ASO,ES,Towers with Radar,0,31,104,0,135,0,4,215,0,219,0,35,319,0,354,30,0,30,384
01/08/2009,FXE,FL,ASO,ES,Towers with Radar,0,33,111,0,144,0,3,335,1,339,0,36,446,1,483,56,0,56,539
01/09/2009,FXE,FL,ASO,ES,Towers with Radar,0,29,146,0,175,0,5,273,0,278,0,34,419,0,453,71,0,71,524
01/10/2009,FXE,FL,ASO,ES,Towers with Radar,0,16,95,0,111,0,7,217,0,224,0,23,312,0,335,42,0,42,377
01/11/2009,FXE,FL,ASO,ES,Towers with Radar,0,10,116,0,126,0,3,173,0,176,0,13,289,0,302,72,0,72,374
01/12/2009,FXE,FL,ASO,ES,Towers with Radar,0,24,103,0,127,0,4,257,0,261,0,28,360,0,388,92,0,92,480
01/13/2009,FXE,FL,ASO,ES,Towers with Radar,0,34,96,0,130,0,7,195,0,202,0,41,291,0,332,78,0,78,410
01/14/2009,FXE,FL,ASO,ES,Towers with Radar,0,21,123,0,144,0,5,294,0,299,0,26,417,0,443,74,0,74,517
01/15/2009,FXE,FL,ASO,ES,Towers with Radar,0,24,121,0,145,0,21,273,0,294,0,45,394,0,439,78,0,78,517
01/16/2009,FXE,FL,ASO,ES,Towers with Radar,0,39,98,0,137,0,6,294,0,300,0,45,392,0,437,62,0,62,499
01/17/2009,FXE,FL,ASO,ES,Towers with Radar,0,10,76,0,86,0,4,224,0,228,0,14,300,0,314,48,0,48,362
01/18/2009,FXE,FL,ASO,ES,Towers with Radar,0,15,62,0,77,0,2,158,0,160,0,17,220,0,237,26,0,26,263
01/19/2009,FXE,FL,ASO,ES,Towers with Radar,0,29,90,0,119,0,3,194,0,197,0,32,284,0,316,56,0,56,372
01/20/2009,FXE,FL,ASO,ES,Towers with Radar,0,22,91,0,113,0,21,202,1,224,0,43,293,1,337,60,0,60,397
01/21/2009,FXE,FL,ASO,ES,Towers with Radar,0,37,93,1,131,0,4,250,0,254,0,41,343,1,385,58,0,58,443
01/22/2009,FXE,FL,ASO,ES,Towers with Radar,0,30,93,0,123,0,6,325,0,331,0,36,418,0,454,62,0,62,516
01/23/2009,FXE,FL,ASO,ES,Towers with Radar,0,31,96,0,127,0,18,409,0,427,0,49,505,0,554,84,0,84,638
01/24/2009,FXE,FL,ASO,ES,Towers with Radar,0,17,70,0,87,0,4,180,0,184,0,21,250,0,271,40,0,40,311
01/25/2009,FXE,FL,ASO,ES,Towers with Radar,0,19,91,0,110,0,1,181,0,182,0,20,272,0,292,28,0,28,320
01/26/2009,FXE,FL,ASO,ES,Towers with Radar,0,31,115,0,146,0,11,214,0,225,0,42,329,0,371,86,0,86,457
01/27/2009,FXE,FL,ASO,ES,Towers with Radar,0,28,119,0,147,0,5,228,0,233,0,33,347,0,380,16,0,16,396
01/28/2009,FXE,FL,ASO,ES,Towers with Radar,0,25,112,0,137,0,10,303,0,313,0,35,415,0,450,46,0,46,496
01/29/2009,FXE,FL,ASO,ES,Towers with Radar,0,40,103,0,143,0,3,283,0,286,0,43,386,0,429,62,0,62,491
01/30/2009,FXE,FL,ASO,ES,Towers with Radar,0,39,130,0,169,0,9,183,0,192,0,48,313,0,361,74,0,74,435
01/31/2009,FXE,FL,ASO,ES,Towers with Radar,0,12,71,0,83,0,4,425,0,429,0,16,496,0,512,10,0,10,522
02/01/2009,FXE,FL,ASO,ES,Towers with Radar,0,21,83,0,104,0,0,172,0,172,0,21,255,0,276,36,0,36,312
02/02/2009,FXE,FL,ASO,ES,Towers with Radar,0,34,124,0,158,0,0,183,0,183,0,34,307,0,341,36,0,36,377
02/03/2009,FXE,FL,ASO,ES,Towers with Radar,0,33,89,0,122,0,6,226,0,232,0,39,315,0,354,52,0,52,406
02/04/2009,FXE,FL,ASO,ES,Towers with Radar,0,26,71,0,97,0,9,216,1,226,0,35,287,1,323,74,0,74,397
02/05/2009,FXE,FL,ASO,ES,Towers with Radar,0,26,101,0,127,0,8,294,0,302,0,34,395,0,429,104,0,104,533
02/06/2009,FXE,FL,ASO,ES,Towers with Radar,0,36,124,0,160,0,9,238,0,247,0,45,362,0,407,56,0,56,463
02/07/2009,FXE,FL,ASO,ES,Towers with Radar,0,18,79,0,97,0,1,201,0,202,0,19,280,0,299,46,0,46,345
02/08/2009,FXE,FL,ASO,ES,Towers with Radar,0,25,81,0,106,0,5,157,0,162,0,30,238,0,268,94,0,94,362
02/09/2009,FXE,FL,ASO,ES,Towers with Radar,0,16,119,0,135,0,11,233,0,244,0,27,352,0,379,30,0,30,409
02/10/2009,FXE,FL,ASO,ES,Towers with Radar,0,28,125,0,153,0,7,232,0,239,0,35,357,0,392,36,0,36,428
02/11/2009,FXE,FL,ASO,ES,Towers with Radar,0,33,124,0,157,0,56,219,0,275,0,89,343,0,432,46,0,46,478
02/12/2009,FXE,FL,ASO,ES,Towers with Radar,0,47,125,2,174,0,4,289,3,296,0,51,414,5,470,36,0,36,506
02/13/2009,FXE,FL,ASO,ES,Towers with Radar,0,41,140,0,181,0,14,276,0,290,0,55,416,0,471,22,0,22,493
02/14/2009,FXE,FL,ASO,ES,Towers with Radar,0,17,107,1,125,0,3,223,1,227,0,20,330,2,352,44,0,44,396
02/15/2009,FXE,FL,ASO,ES,Towers with Radar,0,20,110,0,130,0,3,145,0,148,0,23,255,0,278,40,0,40,318
02/16/2009,FXE,FL,ASO,ES,Towers with Radar,0,36,132,0,168,0,5,154,1,160,0,41,286,1,328,14,0,14,342
02/17/2009,FXE,FL,ASO,ES,Towers with Radar,0,29,150,0,179,0,8,273,0,281,0,37,423,0,460,44,0,44,504
02/18/2009,FXE,FL,ASO,ES,Towers with Radar,0,35,128,0,163,0,10,315,0,325,0,45,443,0,488,46,0,46,534
02/19/2009,FXE,FL,ASO,ES,Towers with Radar,0,33,106,0,139,0,12,289,0,301,0,45,395,0,440,36,0,36,476
02/20/2009,FXE,FL,ASO,ES,Towers with Radar,0,31,127,0,158,0,5,314,0,319,0,36,441,0,477,40,0,40,517
02/21/2009,FXE,FL,ASO,ES,Towers with Radar,0,28,85,0,113,0,2,221,0,223,0,30,306,0,336,50,0,50,386
02/22/2009,FXE,FL,ASO,ES,Towers with Radar,0,25,80,0,105,0,3,158,0,161,0,28,238,0,266,32,0,32,298
02/23/2009,FXE,FL,ASO,ES,Towers with Radar,0,20,90,0,110,0,6,178,0,184,0,26,268,0,294,38,0,38,332
02/24/2009,FXE,FL,ASO,ES,Towers with Radar,0,21,116,0,137,0,8,251,0,259,0,29,367,0,396,98,0,98,494
02/25/2009,FXE,FL,ASO,ES,Towers with Radar,0,30,129,0,159,0,11,284,0,295,0,41,413,0,454,52,0,52,506
02/26/2009,FXE,FL,ASO,ES,Towers with Radar,0,42,119,0,161,0,7,288,0,295,0,49,407,0,456,52,0,52,508
02/27/2009,FXE,FL,ASO,ES,Towers with Radar,0,39,123,0,162,0,14,293,0,307,0,53,416,0,469,68,0,68,537
02/28/2009,FXE,FL,ASO,ES,Towers with Radar,0,18,93,0,111,0,4,222,0,226,0,22,315,0,337,54,0,54,391
03/01/2009,FXE,FL,ASO,ES,Towers with Radar,0,34,98,0,132,0,2,110,2,114,0,36,208,2,246,34,0,34,280
03/02/2009,FXE,FL,ASO,ES,Towers with Radar,0,24,74,0,98,0,4,202,0,206,0,28,276,0,304,32,0,32,336
03/03/2009,FXE,FL,ASO,ES,Towers with Radar,0,29,98,0,127,0,7,224,0,231,0,36,322,0,358,72,0,72,430
03/04/2009,FXE,FL,ASO,ES,Towers with Radar,0,38,125,0,163,0,4,286,2,292,0,42,411,2,455,44,0,44,499
03/05/2009,FXE,FL,ASO,ES,Towers with Radar,0,36,110,0,146,0,7,279,0,286,0,43,389,0,432,62,0,62,494
03/06/2009,FXE,FL,ASO,ES,Towers with Radar,0,42,110,0,152,0,13,265,0,278,0,55,375,0,430,78,0,78,508
03/07/2009,FXE,FL,ASO,ES,Towers with Radar,0,11,108,0,119,0,2,215,0,217,0,13,323,0,336,58,0,58,394
03/08/2009,FXE,FL,ASO,ES,Towers with Radar,0,33,98,0,131,0,3,170,0,173,0,36,268,0,304,90,0,90,394
03/09/2009,FXE,FL,ASO,ES,Towers with Radar,0,18,82,0,100,0,5,199,0,204,0,23,281,0,304,88,0,88,392
03/10/2009,FXE,FL,ASO,ES,Towers with Radar,0,24,97,0,121,0,3,248,0,251,0,27,345,0,372,34,0,34,406
03/11/2009,FXE,FL,ASO,ES,Towers with Radar,0,37,103,0,140,0,8,250,0,258,0,45,353,0,398,60,0,60,458
03/12/2009,FXE,FL,ASO,ES,Towers with Radar,0,30,117,0,147,0,3,276,0,279,0,33,393,0,426,36,0,36,462
03/13/2009,FXE,FL,ASO,ES,Towers with Radar,0,42,123,0,165,0,9,271,0,280,0,51,394,0,445,22,0,22,467
03/14/2009,FXE,FL,ASO,ES,Towers with Radar,0,30,106,0,136,0,6,213,0,219,0,36,319,0,355,32,0,32,387
03/15/2009,FXE,FL,ASO,ES,Towers with Radar,0,17,97,0,114,0,2,187,0,189,0,19,284,0,303,10,0,10,313
03/16/2009,FXE,FL,ASO,ES,Towers with Radar,0,22,107,0,129,0,3,216,0,219,0,25,323,0,348,36,0,36,384
03/17/2009,FXE,FL,ASO,ES,Towers with Radar,0,19,109,0,128,0,8,240,0,248,0,27,349,0,376,46,0,46,422
03/18/2009,FXE,FL,ASO,ES,Towers with Radar,0,38,153,0,191,0,0,24,0,24,0,38,177,0,215,16,0,16,231
03/19/2009,FXE,FL,ASO,ES,Towers with Radar,0,48,150,0,198,0,6,138,0,144,0,54,288,0,342,26,0,26,368
03/20/2009,FXE,FL,ASO,ES,Towers with Radar,0,31,169,0,200,0,4,283,0,287,0,35,452,0,487,74,0,74,561
03/21/2009,FXE,FL,ASO,ES,Towers with Radar,0,32,99,0,131,0,1,101,0,102,0,33,200,0,233,12,0,12,245
03/22/2009,FXE,FL,ASO,ES,Towers with Radar,0,21,127,0,148,0,4,202,0,206,0,25,329,0,354,76,0,76,430
03/23/2009,FXE,FL,ASO,ES,Towers with Radar,0,33,113,0,146,0,4,154,0,158,0,37,267,0,304,37,0,37,341
03/24/2009,FXE,FL,ASO,ES,Towers with Radar,0,35,88,0,123,0,4,196,0,200,0,39,284,0,323,80,0,80,403
03/25/2009,FXE,FL,ASO,ES,Towers with Radar,0,28,113,1,142,0,5,238,1,244,0,33,351,2,386,50,0,50,436
03/26/2009,FXE,FL,ASO,ES,Towers with Radar,0,29,122,0,151,0,11,262,0,273,0,40,384,0,424,58,0,58,482
03/27/2009,FXE,FL,ASO,ES,Towers with Radar,0,39,117,2,158,0,11,197,0,208,0,50,314,2,366,54,0,54,420
03/28/2009,FXE,FL,ASO,ES,Towers with Radar,0,17,91,0,108,0,6,137,0,143,0,23,228,0,251,20,0,20,271
03/29/2009,FXE,FL,ASO,ES,Towers with Radar,1,34,86,0,121,0,3,74,0,77,1,37,160,0,198,52,0,52,250
03/30/2009,FXE,FL,ASO,ES,Towers with Radar,0,34,95,3,132,0,5,221,2,228,0,39,316,5,360,100,0,100,460
03/31/2009,FXE,FL,ASO,ES,Towers with Radar,0,32,101,0,133,0,4,247,0,251,0,36,348,0,384,72,0,72,456
04/01/2009,FXE,FL,ASO,ES,Towers with Radar,0,24,123,0,147,0,7,300,0,307,0,31,423,0,454,74,0,74,528
04/02/2009,FXE,FL,ASO,ES,Towers with Radar,0,38,111,0,149,0,3,265,0,268,0,41,376,0,417,42,0,42,459
04/03/2009,FXE,FL,ASO,ES,Towers with Radar,0,45,131,0,176,0,14,211,0,225,0,59,342,0,401,40,0,40,441
04/04/2009,FXE,FL,ASO,ES,Towers with Radar,0,29,107,0,136,0,4,229,0,233,0,33,336,0,369,60,0,60,429
04/05/2009,FXE,FL,ASO,ES,Towers with Radar,0,40,86,0,126,0,3,154,0,157,0,43,240,0,283,18,0,18,301
04/06/2009,FXE,FL,ASO,ES,Towers with Radar,0,25,91,0,116,0,3,182,0,185,0,28,273,0,301,84,0,84,385
04/07/2009,FXE,FL,ASO,ES,Towers with Radar,0,20,95,0,115,0,8,280,0,288,0,28,375,0,403,38,0,38,441
04/08/2009,FXE,FL,ASO,ES,Towers with Radar,0,32,113,1,146,0,7,340,0,347,0,39,453,1,493,58,0,58,551
04/09/2009,FXE,FL,ASO,ES,Towers with Radar,0,49,156,0,205,0,6,385,2,393,0,55,541,2,598,46,0,46,644
04/10/2009,FXE,FL,ASO,ES,Towers with Radar,0,31,123,0,154,0,6,300,0,306,0,37,423,0,460,50,0,50,510
04/11/2009,FXE,FL,ASO,ES,Towers with Radar,0,20,92,0,112,0,1,169,0,170,0,21,261,0,282,80,0,80,362
04/12/2009,FXE,FL,ASO,ES,Towers with Radar,0,21,88,0,109,0,4,150,0,154,0,25,238,0,263,62,0,62,325
04/13/2009,FXE,FL,ASO,ES,Towers with Radar,0,26,146,0,172,0,1,197,0,198,0,27,343,0,370,58,0,58,428
04/14/2009,FXE,FL,ASO,ES,Towers with Radar,0,36,108,0,144,0,7,204,0,211,0,43,312,0,355,54,0,54,409
04/15/2009,FXE,FL,ASO,ES,Towers with Radar,0,37,97,0,134,0,9,237,0,246,0,46,334,0,380,66,0,66,446
04/16/2009,FXE,FL,ASO,ES,Towers with Radar,0,39,105,0,144,0,6,266,0,272,0,45,371,0,416,84,0,84,500
04/17/2009,FXE,FL,ASO,ES,Towers with Radar,0,32,134,0,166,0,6,253,0,259,0,38,387,0,425,74,0,74,499
04/18/2009,FXE,FL,ASO,ES,Towers with Radar,0,19,72,1,92,0,4,258,1,263,0,23,330,2,355,36,0,36,391
04/19/2009,FXE,FL,ASO,ES,Towers with Radar,0,27,121,0,148,0,4,213,2,219,0,31,334,2,367,28,0,28,395
04/20/2009,FXE,FL,ASO,ES,Towers with Radar,0,25,120,0,145,0,2,175,0,177,0,27,295,0,322,30,0,30,352
04/21/2009,FXE,FL,ASO,ES,Towers with Radar,0,27,88,0,115,0,9,187,0,196,0,36,275,0,311,78,0,78,389
04/22/2009,FXE,FL,ASO,ES,Towers with Radar,0,36,110,0,146,0,9,325,0,334,0,45,435,0,480,70,0,70,550
04/23/2009,FXE,FL,ASO,ES,Towers with Radar,0,31,106,0,137,0,10,289,0,299,0,41,395,0,436,52,0,52,488
04/24/2009,FXE,FL,ASO,ES,Towers with Radar,0,28,136,0,164,0,14,292,0,306,0,42,428,0,470,72,0,72,542
04/25/2009,FXE,FL,ASO,ES,Towers with Radar,0,27,75,0,102,0,6,146,0,152,0,33,221,0,254,26,0,26,280
04/26/2009,FXE,FL,ASO,ES,Towers with Radar,0,16,93,0,109,0,16,170,0,186,0,32,263,0,295,28,0,28,323
04/27/2009,FXE,FL,ASO,ES,Towers with Radar,0,25,82,0,107,0,5,203,1,209,0,30,285,1,316,98,0,98,414
04/28/2009,FXE,FL,ASO,ES,Towers with Radar,0,36,97,0,133,0,9,231,3,243,0,45,328,3,376,92,0,92,468
04/29/2009,FXE,FL,ASO,ES,Towers with Radar,0,32,126,2,160,0,4,256,0,260,0,36,382,2,420,66,0,66,486
04/30/2009,FXE,FL,ASO,ES,Towers with Radar,0,40,122,0,162,0,8,272,0,280,0,48,394,0,442,54,0,54,496
05/01/2009,FXE,FL,ASO,ES,Towers with Radar,0,35,97,0,132,0,12,271,0,283,0,47,368,0,415,60,0,60,475
05/02/2009,FXE,FL,ASO,ES,Towers with Radar,0,12,65,0,77,0,4,150,0,154,0,16,215,0,231,20,0,20,251
05/03/2009,FXE,FL,ASO,ES,Towers with Radar,0,21,73,0,94,0,3,169,0,172,0,24,242,0,266,42,0,42,308
05/04/2009,FXE,FL,ASO,ES,Towers with Radar,0,24,115,0,139,0,5,231,0,236,0,29,346,0,375,76,0,76,451
05/05/2009,FXE,FL,ASO,ES,Towers with Radar,0,22,102,0,124,0,10,268,1,279,0,32,370,1,403,128,0,128,531
05/06/2009,FXE,FL,ASO,ES,Towers with Radar,0,24,115,0,139,0,5,275,0,280,0,29,390,0,419,86,0,86,505
05/07/2009,FXE,FL,ASO,ES,Towers with Radar,0,41,86,1,128,0,6,238,0,244,0,47,324,1,372,74,0,74,446
05/08/2009,FXE,FL,ASO,ES,Towers with Radar,0,31,105,0,136,0,9,248,0,257,0,40,353,0,393,68,0,68,461
05/09/2009,FXE,FL,ASO,ES,Towers with Radar,0,18,74,0,92,0,3,212,0,215,0,21,286,0,307,46,0,46,353
05/10/2009,FXE,FL,ASO,ES,Towers with Radar,0,20,70,0,90,0,6,158,0,164,0,26,228,0,254,42,0,42,296
05/11/2009,FXE,FL,ASO,ES,Towers with Radar,0,23,73,0,96,0,5,194,0,199,0,28,267,0,295,66,0,66,361
05/12/2009,FXE,FL,ASO,ES,Towers with Radar,0,31,87,0,118,0,15,188,1,204,0,46,275,1,322,88,0,88,410
05/13/2009,FXE,FL,ASO,ES,Towers with Radar,0,32,90,0,122,0,8,206,0,214,0,40,296,0,336,40,0,40,376
05/14/2009,FXE,FL,ASO,ES,Towers with Radar,0,23,104,0,127,0,15,208,0,223,0,38,312,0,350,14,0,14,364
05/15/2009,FXE,FL,ASO,ES,Towers with Radar,0,40,110,0,150,0,12,234,0,246,0,52,344,0,396,34,0,34,430
05/16/2009,FXE,FL,ASO,ES,Towers with Radar,0,16,59,0,75,0,6,155,1,162,0,22,214,1,237,38,0,38,275
05/17/2009,FXE,FL,ASO,ES,Towers with Radar,0,16,84,0,100,0,2,137,0,139,0,18,221,0,239,18,0,18,257
05/18/2009,FXE,FL,ASO,ES,Towers with Radar,0,24,65,0,89,0,12,132,0,144,0,36,197,0,233,48,0,48,281
05/19/2009,FXE,FL,ASO,ES,Towers with Radar,0,29,88,0,117,0,0,89,0,89,0,29,177,0,206,24,0,24,230
05/20/2009,FXE,FL,ASO,ES,Towers with Radar,0,32,80,0,112,0,3,195,0,198,0,35,275,0,310,98,0,98,408
05/21/2009,FXE,FL,ASO,ES,Towers with Radar,0,38,99,0,137,0,8,140,0,148,0,46,239,0,285,22,0,22,307
05/22/2009,FXE,FL,ASO,ES,Towers with Radar,0,48,116,0,164,0,5,194,0,199,0,53,310,0,363,38,0,38,401
05/23/2009,FXE,FL,ASO,ES,Towers with Radar,0,22,62,0,84,0,2,93,0,95,0,24,155,0,179,54,0,54,233
05/24/2009,FXE,FL,ASO,ES,Towers with Radar,0,16,44,0,60,0,6,72,0,78,0,22,116,0,138,36,0,36,174
05/25/2009,FXE,FL,ASO,ES,Towers with Radar,0,24,76,0,100,0,7,137,0,144,0,31,213,0,244,12,0,12,256
05/26/2009,FXE,FL,ASO,ES,Towers with Radar,0,34,73,0,107,0,6,191,0,197,0,40,264,0,304,24,0,24,328
05/27/2009,FXE,FL,ASO,ES,Towers with Radar,0,20,112,0,132,0,10,193,0,203,0,30,305,0,335,40,0,40,375
05/28/2009,FXE,FL,ASO,ES,Towers with Radar,0,30,97,0,127,0,2,192,0,194,0,32,289,0,321,44,0,44,365
05/29/2009,FXE,FL,ASO,ES,Towers with Radar,0,27,97,0,124,0,9,147,0,156,0,36,244,0,280,32,0,32,312
05/30/2009,FXE,FL,ASO,ES,Towers with Radar,0,12,70,0,82,0,2,170,0,172,0,14,240,0,254,42,0,42,296
05/31/2009,FXE,FL,ASO,ES,Towers with Radar,0,20,62,0,82,0,8,136,0,144,0,28,198,0,226,44,0,44,270
06/01/2009,FXE,FL,ASO,ES,Towers with Radar,0,33,74,0,107,0,5,118,0,123,0,38,192,0,230,40,0,40,270
06/02/2009,FXE,FL,ASO,ES,Towers with Radar,1,27,85,0,113,0,4,204,0,208,1,31,289,0,321,68,0,68,389
06/03/2009,FXE,FL,ASO,ES,Towers with Radar,0,18,82,0,100,0,4,213,0,217,0,22,295,0,317,82,0,82,399
06/04/2009,FXE,FL,ASO,ES,Towers with Radar,0,35,116,0,151,0,4,256,0,260,0,39,372,0,411,66,0,66,477
06/05/2009,FXE,FL,ASO,ES,Towers with Radar,1,24,84,0,109,0,3,209,0,212,1,27,293,0,321,22,0,22,343
06/06/2009,FXE,FL,ASO,ES,Towers with Radar,0,13,71,0,84,0,4,141,0,145,0,17,212,0,229,22,0,22,251
06/07/2009,FXE,FL,ASO,ES,Towers with Radar,0,12,70,0,82,0,3,144,0,147,0,15,214,0,229,18,0,18,247
06/08/2009,FXE,FL,ASO,ES,Towers with Radar,0,35,89,0,124,0,5,180,0,185,0,40,269,0,309,34,0,34,343
06/09/2009,FXE,FL,ASO,ES,Towers with Radar,0,27,91,0,118,0,6,226,0,232,0,33,317,0,350,44,0,44,394
06/10/2009,FXE,FL,ASO,ES,Towers with Radar,0,27,97,0,124,0,3,224,0,227,0,30,321,0,351,54,0,54,405
06/11/2009,FXE,FL,ASO,ES,Towers with Radar,0,40,109,0,149,0,8,288,0,296,0,48,397,0,445,50,0,50,495
06/12/2009,FXE,FL,ASO,ES,Towers with Radar,0,33,83,3,119,0,9,242,2,253,0,42,325,5,372,66,0,66,438
06/13/2009,FXE,FL,ASO,ES,Towers with Radar,0,18,70,2,90,0,3,186,0,189,0,21,256,2,279,64,0,64,343
06/14/2009,FXE,FL,ASO,ES,Towers with Radar,0,26,81,1,108,0,3,152,0,155,0,29,233,1,263,34,0,34,297
06/15/2009,FXE,FL,ASO,ES,Towers with Radar,1,21,95,1,118,0,2,200,0,202,1,23,295,1,320,70,0,70,390
06/16/2009,FXE,FL,ASO,ES,Towers with Radar,0,30,76,1,107,0,1,169,1,171,0,31,245,2,278,32,0,32,310
06/17/2009,FXE,FL,ASO,ES,Towers with Radar,1,32,88,0,121,0,8,214,0,222,1,40,302,0,343,52,0,52,395
06/18/2009,FXE,FL,ASO,ES,Towers with Radar,1,29,100,0,130,0,6,231,1,238,1,35,331,1,368,76,0,76,444
06/19/2009,FXE,FL,ASO,ES,Towers with Radar,0,32,108,0,140,0,8,241,0,249,0,40,349,0,389,44,0,44,433
06/20/2009,FXE,FL,ASO,ES,Towers with Radar,0,20,71,1,92,0,0,201,0,201,0,20,272,1,293,66,0,66,359
06/21/2009,FXE,FL,ASO,ES,Towers with Radar,0,22,69,1,92,0,3,147,0,150,0,25,216,1,242,20,0,20,262
06/22/2009,FXE,FL,ASO,ES,Towers with Radar,0,32,74,0,106,0,3,177,0,180,0,35,251,0,286,42,0,42,328
06/23/2009,FXE,FL,ASO,ES,Towers with Radar,0,19,72,0,91,0,5,53,0,58,0,24,125,0,149,0,0,0,149
06/24/2009,FXE,FL,ASO,ES,Towers with Radar,0,24,95,0,119,0,3,171,0,174,0,27,266,0,293,76,0,76,369
06/25/2009,FXE,FL,ASO,ES,Towers with Radar,0,31,112,0,143,0,4,195,0,199,0,35,307,0,342,30,0,30,372
06/26/2009,FXE,FL,ASO,ES,Towers with Radar,0,26,93,1,120,0,6,155,0,161,0,32,248,1,281,30,0,30,311
06/27/2009,FXE,FL,ASO,ES,Towers with Radar,0,19,87,0,106,0,5,218,0,223,0,24,305,0,329,26,0,26,355
06/28/2009,FXE,FL,ASO,ES,Towers with Radar,0,21,81,0,102,0,0,115,0,115,0,21,196,0,217,12,0,12,229
06/29/2009,FXE,FL,ASO,ES,Towers with Radar,0,23,106,0,129,0,3,96,0,99,0,26,202,0,228,16,0,16,244
06/30/2009,FXE,FL,ASO,ES,Towers with Radar,0,22,81,0,103,0,1,112,0,113,0,23,193,0,216,64,0,64,280
07/01/2009,FXE,FL,ASO,ES,Towers with Radar,0,30,86,1,117,0,4,193,0,197,0,34,279,1,314,40,0,40,354
07/02/2009,FXE,FL,ASO,ES,Towers with Radar,0,38,116,0,154,0,9,198,0,207,0,47,314,0,361,20,0,20,381
07/03/2009,FXE,FL,ASO,ES,Towers with Radar,0,19,91,0,110,0,7,318,0,325,0,26,409,0,435,76,0,76,511
07/04/2009,FXE,FL,ASO,ES,Towers with Radar,0,11,35,1,47,0,2,143,0,145,0,13,178,1,192,20,0,20,212
07/05/2009,FXE,FL,ASO,ES,Towers with Radar,0,21,72,0,93,0,3,161,0,164,0,24,233,0,257,48,0,48,305
07/06/2009,FXE,FL,ASO,ES,Towers with Radar,0,26,94,0,120,0,8,189,0,197,0,34,283,0,317,46,0,46,363
07/07/2009,FXE,FL,ASO,ES,Towers with Radar,0,30,67,1,98,0,12,243,0,255,0,42,310,1,353,70,0,70,423
07/08/2009,FXE,FL,ASO,ES,Towers with Radar,0,40,68,2,110,0,8,194,0,202,0,48,262,2,312,90,0,90,402
07/09/2009,FXE,FL,ASO,ES,Towers with Radar,0,32,99,0,131,0,30,214,0,244,0,62,313,0,375,60,0,60,435
07/10/2009,FXE,FL,ASO,ES,Towers with Radar,0,34,97,2,133,0,1,238,1,240,0,35,335,3,373,50,0,50,423
07/11/2009,FXE,FL,ASO,ES,Towers with Radar,0,22,84,0,106,0,3,222,0,225,0,25,306,0,331,40,0,40,371
07/12/2009,FXE,FL,ASO,ES,Towers with Radar,0,31,68,0,99,0,1,201,0,202,0,32,269,0,301,28,0,28,329
07/13/2009,FXE,FL,ASO,ES,Towers with Radar,0,27,87,0,114,0,1,190,0,191,0,28,277,0,305,24,0,24,329
07/14/2009,FXE,FL,ASO,ES,Towers with Radar,0,33,109,0,142,0,4,203,0,207,0,37,312,0,349,54,0,54,403
07/15/2009,FXE,FL,ASO,ES,Towers with Radar,0,27,66,0,93,0,3,225,0,228,0,30,291,0,321,84,0,84,405
07/16/2009,FXE,FL,ASO,ES,Towers with Radar,0,35,81,0,116,0,10,215,0,225,0,45,296,0,341,56,0,56,397
07/17/2009,FXE,FL,ASO,ES,Towers with Radar,0,32,78,1,111,0,9,282,0,291,0,41,360,1,402,46,0,46,448
07/18/2009,FXE,FL,ASO,ES,Towers with Radar,0,25,63,0,88,0,7,207,0,214,0,32,270,0,302,30,0,30,332
07/19/2009,FXE,FL,ASO,ES,Towers with Radar,0,28,82,0,110,0,4,179,0,183,0,32,261,0,293,66,0,66,359
07/20/2009,FXE,FL,ASO,ES,Towers with Radar,0,26,78,0,104,0,2,156,1,159,0,28,234,1,263,114,0,114,377
07/21/2009,FXE,FL,ASO,ES,Towers with Radar,0,39,95,1,135,0,3,251,0,254,0,42,346,1,389,146,0,146,535
07/22/2009,FXE,FL,ASO,ES,Towers with Radar,0,24,103,0,127,0,9,264,0,273,0,33,367,0,400,108,0,108,508
07/23/2009,FXE,FL,ASO,ES,Towers with Radar,0,35,67,0,102,1,9,249,0,259,1,44,316,0,361,50,0,50,411
07/24/2009,FXE,FL,ASO,ES,Towers with Radar,0,48,103,0,151,0,3,277,0,280,0,51,380,0,431,58,0,58,489
07/25/2009,FXE,FL,ASO,ES,Towers with Radar,0,25,63,0,88,0,0,121,0,121,0,25,184,0,209,48,0,48,257
07/26/2009,FXE,FL,ASO,ES,Towers with Radar,0,24,72,0,96,0,3,127,0,130,0,27,199,0,226,68,0,68,294
07/27/2009,FXE,FL,ASO,ES,Towers with Radar,0,28,96,0,124,0,2,128,0,130,0,30,224,0,254,34,0,34,288
07/28/2009,FXE,FL,ASO,ES,Towers with Radar,0,29,88,0,117,0,11,202,0,213,0,40,290,0,330,98,0,98,428
07/29/2009,FXE,FL,ASO,ES,Towers with Radar,0,31,75,0,106,0,3,176,0,179,0,34,251,0,285,54,0,54,339
07/30/2009,FXE,FL,ASO,ES,Towers with Radar,0,44,89,0,133,0,3,203,0,206,0,47,292,0,339,84,0,84,423
07/31/2009,FXE,FL,ASO,ES,Towers with Radar,0,35,104,0,139,0,10,338,0,348,0,45,442,0,487,60,0,60,547
08/01/2009,FXE,FL,ASO,ES,Towers with Radar,0,21,83,0,104,0,2,181,0,183,0,23,264,0,287,87,0,87,374
08/02/2009,FXE,FL,ASO,ES,Towers with Radar,0,24,66,0,90,0,3,159,0,162,0,27,225,0,252,42,0,42,294
08/03/2009,FXE,FL,ASO,ES,Towers with Radar,0,23,79,0,102,0,5,209,0,214,0,28,288,0,316,10,0,10,326
08/04/2009,FXE,FL,ASO,ES,Towers with Radar,0,29,86,2,117,0,4,256,0,260,0,33,342,2,377,76,0,76,453
08/05/2009,FXE,FL,ASO,ES,Towers with Radar,0,23,94,0,117,0,3,228,0,231,0,26,322,0,348,82,0,82,430
08/06/2009,FXE,FL,ASO,ES,Towers with Radar,0,33,81,0,114,0,3,201,0,204,0,36,282,0,318,102,0,102,420
08/07/2009,FXE,FL,ASO,ES,Towers with Radar,0,26,95,0,121,0,13,291,0,304,0,39,386,0,425,70,0,70,495
08/08/2009,FXE,FL,ASO,ES,Towers with Radar,0,11,89,0,100,0,6,227,0,233,0,17,316,0,333,52,0,52,385
08/09/2009,FXE,FL,ASO,ES,Towers with Radar,0,17,73,0,90,0,5,183,0,188,0,22,256,0,278,77,0,77,355
08/10/2009,FXE,FL,ASO,ES,Towers with Radar,0,19,95,0,114,0,3,184,0,187,0,22,279,0,301,72,0,72,373
08/11/2009,FXE,FL,ASO,ES,Towers with Radar,0,31,68,3,102,0,9,236,0,245,0,40,304,3,347,78,0,78,425
08/12/2009,FXE,FL,ASO,ES,Towers with Radar,0,23,80,0,103,0,4,212,0,216,0,27,292,0,319,36,0,36,355
08/13/2009,FXE,FL,ASO,ES,Towers with Radar,0,37,82,0,119,0,2,227,0,229,0,39,309,0,348,64,0,64,412
08/14/2009,FXE,FL,ASO,ES,Towers with Radar,0,32,92,0,124,0,7,281,1,289,0,39,373,1,413,126,0,126,539
08/15/2009,FXE,FL,ASO,ES,Towers with Radar,0,19,57,0,76,0,0,71,0,71,0,19,128,0,147,14,0,14,161
08/16/2009,FXE,FL,ASO,ES,Towers with Radar,0,20,108,0,128,0,3,179,0,182,0,23,287,0,310,46,0,46,356
08/17/2009,FXE,FL,ASO,ES,Towers with Radar,0,24,101,0,125,0,6,259,0,265,0,30,360,0,390,84,0,84,474
08/18/2009,FXE,FL,ASO,ES,Towers with Radar,0,33,73,0,106,0,2,210,0,212,0,35,283,0,318,58,0,58,376
08/19/2009,FXE,FL,ASO,ES,Towers with Radar,0,27,82,0,109,0,10,180,0,190,0,37,262,0,299,90,0,90,389
08/20/2009,FXE,FL,ASO,ES,Towers with Radar,0,35,106,0,141,0,3,330,0,333,0,38,436,0,474,68,0,68,542
08/21/2009,FXE,FL,ASO,ES,Towers with Radar,0,24,80,0,104,0,6,277,0,283,0,30,357,0,387,110,0,110,497
08/22/2009,FXE,FL,ASO,ES,Towers with Radar,0,9,65,0,74,0,4,190,0,194,0,13,255,0,268,48,0,48,316
08/23/2009,FXE,FL,ASO,ES,Towers with Radar,0,23,77,0,100,0,1,156,0,157,0,24,233,0,257,52,0,52,309
08/24/2009,FXE,FL,ASO,ES,Towers with Radar,0,15,76,0,91,0,2,180,0,182,0,17,256,0,273,24,0,24,297
08/25/2009,FXE,FL,ASO,ES,Towers with Radar,0,18,85,0,103,0,3,278,0,281,0,21,363,0,384,94,0,94,478
08/26/2009,FXE,FL,ASO,ES,Towers with Radar,0,21,107,0,128,0,0,275,0,275,0,21,382,0,403,98,0,98,501
08/27/2009,FXE,FL,ASO,ES,Towers with Radar,0,30,126,0,156,0,2,296,1,299,0,32,422,1,455,85,0,85,540
08/28/2009,FXE,FL,ASO,ES,Towers with Radar,0,28,61,2,91,0,4,327,0,331,0,32,388,2,422,66,0,66,488
08/29/2009,FXE,FL,ASO,ES,Towers with Radar,0,6,48,0,54,0,2,179,0,181,0,8,227,0,235,45,0,45,280
08/30/2009,FXE,FL,ASO,ES,Towers with Radar,0,17,67,0,84,0,1,133,1,135,0,18,200,1,219,106,0,106,325
08/31/2009,FXE,FL,ASO,ES,Towers with Radar,0,14,98,0,112,0,1,202,0,203,0,15,300,0,315,84,0,84,399
09/01/2009,FXE,FL,ASO,ES,Towers with Radar,0,31,79,0,110,0,2,158,0,160,0,33,237,0,270,40,0,40,310
09/02/2009,FXE,FL,ASO,ES,Towers with Radar,0,18,98,0,116,0,0,196,0,196,0,18,294,0,312,156,0,156,468
09/03/2009,FXE,FL,ASO,ES,Towers with Radar,1,20,70,0,91,0,5,226,0,231,1,25,296,0,322,80,0,80,402
09/04/2009,FXE,FL,ASO,ES,Towers with Radar,0,21,118,0,139,0,4,222,0,226,0,25,340,0,365,66,0,66,431
09/05/2009,FXE,FL,ASO,ES,Towers with Radar,0,10,74,0,84,0,1,164,0,165,0,11,238,0,249,62,0,62,311
09/06/2009,FXE,FL,ASO,ES,Towers with Radar,0,4,73,0,77,0,2,143,0,145,0,6,216,0,222,98,0,98,320
09/07/2009,FXE,FL,ASO,ES,Towers with Radar,0,27,93,0,120,0,2,219,0,221,0,29,312,0,341,88,0,88,429
09/08/2009,FXE,FL,ASO,ES,Towers with Radar,1,23,109,2,135,0,3,239,0,242,1,26,348,2,377,40,0,40,417
09/09/2009,FXE,FL,ASO,ES,Towers with Radar,0,25,102,1,128,0,2,228,0,230,0,27,330,1,358,70,0,70,428
09/10/2009,FXE,FL,ASO,ES,Towers with Radar,0,20,120,0,140,0,7,271,0,278,0,27,391,0,418,180,0,180,598
09/11/2009,FXE,FL,ASO,ES,Towers with Radar,0,27,99,0,126,0,5,232,0,237,0,32,331,0,363,78,0,78,441
09/12/2009,FXE,FL,ASO,ES,Towers with Radar,0,17,61,1,79,0,1,177,1,179,0,18,238,2,258,84,0,84,342
09/13/2009,FXE,FL,ASO,ES,Towers with Radar,0,14,50,0,64,0,0,142,0,142,0,14,192,0,206,44,0,44,250
09/14/2009,FXE,FL,ASO,ES,Towers with Radar,0,19,83,1,103,0,1,193,0,194,0,20,276,1,297,54,0,54,351
09/15/2009,FXE,FL,ASO,ES,Towers with Radar,0,21,88,0,109,0,3,263,0,266,0,24,351,0,375,112,0,112,487
09/16/2009,FXE,FL,ASO,ES,Towers with Radar,0,23,98,0,121,0,0,267,0,267,0,23,365,0,388,82,0,82,470
09/17/2009,FXE,FL,ASO,ES,Towers with Radar,0,27,111,1,139,0,0,288,0,288,0,27,399,1,427,106,0,106,533
09/18/2009,FXE,FL,ASO,ES,Towers with Radar,0,31,101,0,132,0,8,245,0,253,0,39,346,0,385,66,0,66,451
09/19/2009,FXE,FL,ASO,ES,Towers with Radar,0,13,70,0,83,0,5,143,0,148,0,18,213,0,231,60,0,60,291
09/20/2009,FXE,FL,ASO,ES,Towers with Radar,0,14,78,0,92,0,1,178,2,181,0,15,256,2,273,64,0,64,337
09/21/2009,FXE,FL,ASO,ES,Towers with Radar,0,24,83,0,107,0,2,189,0,191,0,26,272,0,298,76,0,76,374
09/22/2009,FXE,FL,ASO,ES,Towers with Radar,0,21,92,0,113,0,3,287,0,290,0,24,379,0,403,84,0,84,487
09/23/2009,FXE,FL,ASO,ES,Towers with Radar,0,31,103,0,134,0,1,231,0,232,0,32,334,0,366,110,0,110,476
09/24/2009,FXE,FL,ASO,ES,Towers with Radar,0,24,105,1,130,0,2,282,1,285,0,26,387,2,415,110,0,110,525
09/25/2009,FXE,FL,ASO,ES,Towers with Radar,0,31,107,0,138,0,8,322,1,331,0,39,429,1,469,102,0,102,571
09/26/2009,FXE,FL,ASO,ES,Towers with Radar,0,11,72,0,83,0,2,215,0,217,0,13,287,0,300,66,0,66,366
09/27/2009,FXE,FL,ASO,ES,Towers with Radar,0,10,73,0,83,0,3,129,0,132,0,13,202,0,215,70,0,70,285
09/28/2009,FXE,FL,ASO,ES,Towers with Radar,0,19,62,0,81,0,4,162,0,166,0,23,224,0,247,88,0,88,335
09/29/2009,FXE,FL,ASO,ES,Towers with Radar,0,32,72,0,104,0,4,250,0,254,0,36,322,0,358,62,0,62,420
09/30/2009,FXE,FL,ASO,ES,Towers with Radar,0,20,77,0,97,0,3,242,0,245,0,23,319,0,342,122,0,122,464
10/01/2009,FXE,FL,ASO,ES,Towers with Radar,0,37,92,1,130,0,6,249,0,255,0,43,341,1,385,96,0,96,481
10/02/2009,FXE,FL,ASO,ES,Towers with Radar,0,31,122,3,156,0,8,283,0,291,0,39,405,3,447,136,0,136,583
10/03/2009,FXE,FL,ASO,ES,Towers with Radar,0,11,67,1,79,0,1,225,0,226,0,12,292,1,305,68,0,68,373
10/04/2009,FXE,FL,ASO,ES,Towers with Radar,0,20,63,0,83,0,1,159,0,160,0,21,222,0,243,44,0,44,287
10/05/2009,FXE,FL,ASO,ES,Towers with Radar,0,23,83,0,106,0,2,198,0,200,0,25,281,0,306,62,0,62,368
10/06/2009,FXE,FL,ASO,ES,Towers with Radar,0,27,85,0,112,0,4,286,0,290,0,31,371,0,402,122,0,122,524
10/07/2009,FXE,FL,ASO,ES,Towers with Radar,1,28,88,0,117,0,3,282,0,285,1,31,370,0,402,70,0,70,472
10/08/2009,FXE,FL,ASO,ES,Towers with Radar,0,38,96,0,134,0,8,319,0,327,0,46,415,0,461,82,0,82,543
10/09/2009,FXE,FL,ASO,ES,Towers with Radar,0,24,96,0,120,0,9,302,0,311,0,33,398,0,431,114,0,114,545
10/10/2009,FXE,FL,ASO,ES,Towers with Radar,0,11,71,0,82,0,1,182,0,183,0,12,253,0,265,110,0,110,375
10/11/2009,FXE,FL,ASO,ES,Towers with Radar,0,12,105,0,117,0,3,182,0,185,0,15,287,0,302,52,0,52,354
10/12/2009,FXE,FL,ASO,ES,Towers with Radar,0,26,113,0,139,0,3,238,0,241,0,29,351,0,380,102,0,102,482
10/13/2009,FXE,FL,ASO,ES,Towers with Radar,0,23,91,0,114,0,4,223,0,227,0,27,314,0,341,96,0,96,437
10/14/2009,FXE,FL,ASO,ES,Towers with Radar,0,26,134,0,160,0,2,311,0,313,0,28,445,0,473,97,0,97,570
10/15/2009,FXE,FL,ASO,ES,Towers with Radar,0,32,104,0,136,0,8,280,1,289,0,40,384,1,425,76,0,76,501
10/16/2009,FXE,FL,ASO,ES,Towers with Radar,0,35,93,0,128,0,4,233,0,237,0,39,326,0,365,88,0,88,453
10/17/2009,FXE,FL,ASO,ES,Towers with Radar,1,8,79,0,88,0,3,168,0,171,1,11,247,0,259,104,0,104,363
10/18/2009,FXE,FL,ASO,ES,Towers with Radar,0,15,75,0,90,0,0,180,0,180,0,15,255,0,270,40,0,40,310
10/19/2009,FXE,FL,ASO,ES,Towers with Radar,0,21,100,0,121,0,3,236,0,239,0,24,336,0,360,72,0,72,432
10/20/2009,FXE,FL,ASO,ES,Towers with Radar,0,27,105,0,132,0,6,222,0,228,0,33,327,0,360,72,0,72,432
10/21/2009,FXE,FL,ASO,ES,Towers with Radar,0,38,97,0,135,0,1,216,0,217,0,39,313,0,352,64,0,64,416
10/22/2009,FXE,FL,ASO,ES,Towers with Radar,0,30,95,0,125,0,5,234,0,239,0,35,329,0,364,90,0,90,454
10/23/2009,FXE,FL,ASO,ES,Towers with Radar,0,20,135,0,155,0,3,299,0,302,0,23,434,0,457,74,0,74,531
10/24/2009,FXE,FL,ASO,ES,Towers with Radar,0,20,66,0,86,0,3,196,0,199,0,23,262,0,285,136,0,136,421
10/25/2009,FXE,FL,ASO,ES,Towers with Radar,0,25,88,0,113,0,0,232,0,232,0,25,320,0,345,66,0,66,411
10/26/2009,FXE,FL,ASO,ES,Towers with Radar,0,22,89,0,111,0,1,186,0,187,0,23,275,0,298,78,0,78,376
10/27/2009,FXE,FL,ASO,ES,Towers with Radar,0,36,113,0,149,0,4,276,1,281,0,40,389,1,430,112,0,112,542
10/28/2009,FXE,FL,ASO,ES,Towers with Radar,0,34,122,0,156,0,2,283,1,286,0,36,405,1,442,106,0,106,548
10/29/2009,FXE,FL,ASO,ES,Towers with Radar,0,34,171,0,205,0,1,323,4,328,0,35,494,4,533,102,0,102,635
10/30/2009,FXE,FL,ASO,ES,Towers with Radar,0,27,122,0,149,0,8,252,0,260,0,35,374,0,409,68,0,68,477
10/31/2009,FXE,FL,ASO,ES,Towers with Radar,0,20,87,0,107,0,3,274,0,277,0,23,361,0,384,44,0,44,428
11/01/2009,FXE,FL,ASO,ES,Towers with Radar,0,20,120,0,140,0,1,197,0,198,0,21,317,0,338,24,0,24,362
11/02/2009,FXE,FL,ASO,ES,Towers with Radar,0,36,130,0,166,0,2,222,0,224,0,38,352,0,390,64,0,64,454
11/03/2009,FXE,FL,ASO,ES,Towers with Radar,0,25,101,1,127,0,1,268,0,269,0,26,369,1,396,122,0,122,518
11/04/2009,FXE,FL,ASO,ES,Towers with Radar,0,35,97,1,133,0,1,262,1,264,0,36,359,2,397,124,0,124,521
11/05/2009,FXE,FL,ASO,ES,Towers with Radar,0,27,111,0,138,0,8,223,0,231,0,35,334,0,369,58,0,58,427
11/06/2009,FXE,FL,ASO,ES,Towers with Radar,0,27,97,1,125,0,6,244,1,251,0,33,341,2,376,96,8,104,480
11/07/2009,FXE,FL,ASO,ES,Towers with Radar,0,12,80,0,92,0,2,171,2,175,0,14,251,2,267,74,0,74,341
11/08/2009,FXE,FL,ASO,ES,Towers with Radar,0,23,94,0,117,0,3,111,0,114,0,26,205,0,231,26,0,26,257
11/09/2009,FXE,FL,ASO,ES,Towers with Radar,0,23,63,0,86,0,7,141,0,148,0,30,204,0,234,42,0,42,276
11/10/2009,FXE,FL,ASO,ES,Towers with Radar,0,24,89,0,113,0,5,221,0,226,0,29,310,0,339,64,0,64,403
11/11/2009,FXE,FL,ASO,ES,Towers with Radar,0,18,103,0,121,0,2,196,0,198,0,20,299,0,319,62,0,62,381
11/12/2009,FXE,FL,ASO,ES,Towers with Radar,0,39,134,1,174,0,1,179,1,181,0,40,313,2,355,146,0,146,501
11/13/2009,FXE,FL,ASO,ES,Towers with Radar,0,31,89,0,120,0,11,334,0,345,0,42,423,0,465,96,0,96,561
11/14/2009,FXE,FL,ASO,ES,Towers with Radar,0,21,68,0,89,0,0,254,0,254,0,21,322,0,343,76,0,76,419
11/15/2009,FXE,FL,ASO,ES,Towers with Radar,0,16,70,0,86,0,3,230,0,233,0,19,300,0,319,88,0,88,407
11/16/2009,FXE,FL,ASO,ES,Towers with Radar,1,23,80,0,104,0,1,223,0,224,1,24,303,0,328,98,0,98,426
11/17/2009,FXE,FL,ASO,ES,Towers with Radar,0,30,119,1,150,0,7,234,0,241,0,37,353,1,391,114,0,114,505
11/18/2009,FXE,FL,ASO,ES,Towers with Radar,1,19,112,0,132,0,6,269,1,276,1,25,381,1,408,88,0,88,496
11/19/2009,FXE,FL,ASO,ES,Towers with Radar,0,37,113,0,150,0,4,319,0,323,0,41,432,0,473,110,0,110,583
11/20/2009,FXE,FL,ASO,ES,Towers with Radar,0,39,129,0,168,0,19,327,0,346,0,58,456,0,514,58,0,58,572
11/21/2009,FXE,FL,ASO,ES,Towers with Radar,0,24,94,0,118,0,5,265,0,270,0,29,359,0,388,40,0,40,428
11/22/2009,FXE,FL,ASO,ES,Towers with Radar,0,24,84,0,108,0,2,173,0,175,0,26,257,0,283,40,0,40,323
11/23/2009,FXE,FL,ASO,ES,Towers with Radar,0,22,82,0,104,0,6,207,0,213,0,28,289,0,317,104,0,104,421
11/24/2009,FXE,FL,ASO,ES,Towers with Radar,0,30,122,0,152,0,7,303,4,314,0,37,425,4,466,134,0,134,600
11/25/2009,FXE,FL,ASO,ES,Towers with Radar,0,53,110,0,163,0,2,100,0,102,0,55,210,0,265,0,0,0,265
11/26/2009,FXE,FL,ASO,ES,Towers with Radar,0,11,62,0,73,0,0,108,0,108,0,11,170,0,181,58,0,58,239
11/27/2009,FXE,FL,ASO,ES,Towers with Radar,0,19,61,0,80,0,2,246,0,248,0,21,307,0,328,44,0,44,372
11/28/2009,FXE,FL,ASO,ES,Towers with Radar,0,31,87,0,118,0,5,256,0,261,0,36,343,0,379,68,0,68,447
11/29/2009,FXE,FL,ASO,ES,Towers with Radar,0,37,148,0,185,0,0,291,0,291,0,37,439,0,476,88,0,88,564
11/30/2009,FXE,FL,ASO,ES,Towers with Radar,0,44,130,0,174,0,2,253,0,255,0,46,383,0,429,92,0,92,521
12/01/2009,FXE,FL,ASO,ES,Towers with Radar,0,31,110,0,141,0,6,241,0,247,0,37,351,0,388,62,0,62,450
12/02/2009,FXE,FL,ASO,ES,Towers with Radar,0,39,94,0,133,0,6,199,0,205,0,45,293,0,338,62,0,62,400
12/03/2009,FXE,FL,ASO,ES,Towers with Radar,0,41,116,0,157,0,3,213,0,216,0,44,329,0,373,108,0,108,481
12/04/2009,FXE,FL,ASO,ES,Towers with Radar,0,31,135,1,167,0,4,181,0,185,0,35,316,1,352,128,0,128,480
12/05/2009,FXE,FL,ASO,ES,Towers with Radar,0,25,72,1,98,0,0,101,0,101,0,25,173,1,199,48,0,48,247
12/06/2009,FXE,FL,ASO,ES,Towers with Radar,0,25,117,1,143,0,0,166,0,166,0,25,283,1,309,39,0,39,348
12/07/2009,FXE,FL,ASO,ES,Towers with Radar,0,29,108,1,138,0,1,229,0,230,0,30,337,1,368,126,0,126,494
12/08/2009,FXE,FL,ASO,ES,Towers with Radar,0,20,92,0,112,0,5,242,0,247,0,25,334,0,359,110,0,110,469
12/09/2009,FXE,FL,ASO,ES,Towers with Radar,0,19,68,1,88,0,5,269,0,274,0,24,337,1,362,102,0,102,464
12/10/2009,FXE,FL,ASO,ES,Towers with Radar,0,34,108,1,143,0,3,270,0,273,0,37,378,1,416,126,0,126,542
12/11/2009,FXE,FL,ASO,ES,Towers with Radar,0,22,129,0,151,0,3,258,0,261,0,25,387,0,412,82,0,82,494
12/12/2009,FXE,FL,ASO,ES,Towers with Radar,0,22,94,0,116,0,2,118,0,120,0,24,212,0,236,24,0,24,260
12/13/2009,FXE,FL,ASO,ES,Towers with Radar,0,24,104,0,128,0,1,255,0,256,0,25,359,0,384,82,0,82,466
12/14/2009,FXE,FL,ASO,ES,Towers with Radar,0,24,108,0,132,0,5,239,0,244,0,29,347,0,376,42,0,42,418
12/15/2009,FXE,FL,ASO,ES,Towers with Radar,0,33,115,0,148,0,2,225,1,228,0,35,340,1,376,92,0,92,468
12/16/2009,FXE,FL,ASO,ES,Towers with Radar,0,27,125,0,152,0,6,311,0,317,0,33,436,0,469,130,0,130,599
12/17/2009,FXE,FL,ASO,ES,Towers with Radar,0,34,121,0,155,0,3,185,0,188,0,37,306,0,343,86,0,86,429
12/18/2009,FXE,FL,ASO,ES,Towers with Radar,0,40,99,0,139,0,2,64,0,66,0,42,163,0,205,52,0,52,257
12/19/2009,FXE,FL,ASO,ES,Towers with Radar,0,30,96,0,126,0,1,226,0,227,0,31,322,0,353,80,0,80,433
12/20/2009,FXE,FL,ASO,ES,Towers with Radar,0,25,88,0,113,0,4,185,0,189,0,29,273,0,302,56,0,56,358
12/21/2009,FXE,FL,ASO,ES,Towers with Radar,0,28,104,0,132,0,6,239,0,245,0,34,343,0,377,60,0,60,437
12/22/2009,FXE,FL,ASO,ES,Towers with Radar,0,31,113,1,145,0,9,261,0,270,0,40,374,1,415,84,0,84,499
12/23/2009,FXE,FL,ASO,ES,Towers with Radar,1,42,123,0,166,0,8,333,0,341,1,50,456,0,507,30,0,30,537
12/24/2009,FXE,FL,ASO,ES,Towers with Radar,0,16,64,0,80,0,5,177,0,182,0,21,241,0,262,64,0,64,326
12/25/2009,FXE,FL,ASO,ES,Towers with Radar,0,17,34,0,51,0,0,50,0,50,0,17,84,0,101,10,0,10,111
12/26/2009,FXE,FL,ASO,ES,Towers with Radar,0,55,130,0,185,0,3,231,0,234,0,58,361,0,419,22,0,22,441
12/27/2009,FXE,FL,ASO,ES,Towers with Radar,0,34,105,3,142,0,2,165,0,167,0,36,270,3,309,38,0,38,347
12/28/2009,FXE,FL,ASO,ES,Towers with Radar,0,46,93,0,139,0,3,224,1,228,0,49,317,1,367,58,0,58,425
12/29/2009,FXE,FL,ASO,ES,Towers with Radar,0,41,107,2,150,0,2,305,0,307,0,43,412,2,457,76,0,76,533
12/30/2009,FXE,FL,ASO,ES,Towers with Radar,0,52,98,0,150,0,7,307,0,314,0,59,405,0,464,56,0,56,520
12/31/2009,FXE,FL,ASO,ES,Towers with Radar,0,29,83,0,112,0,4,261,0,265,0,33,344,0,377,36,0,36,413
01/01/2010,FXE,FL,ASO,ES,Towers with Radar,0,26,46,0,72,0,0,91,2,93,0,26,137,2,165,16,0,16,181
01/02/2010,FXE,FL,ASO,ES,Towers with Radar,0,54,137,0,191,0,4,289,0,293,0,58,426,0,484,16,0,16,500
01/03/2010,FXE,FL,ASO,ES,Towers with Radar,0,57,166,0,223,0,3,225,0,228,0,60,391,0,451,36,0,36,487
01/04/2010,FXE,FL,ASO,ES,Towers with Radar,0,49,127,2,178,0,5,182,0,187,0,54,309,2,365,24,0,24,389
01/05/2010,FXE,FL,ASO,ES,Towers with Radar,0,43,90,0,133,0,6,204,0,210,0,49,294,0,343,58,0,58,401
01/06/2010,FXE,FL,ASO,ES,Towers with Radar,0,43,89,0,132,0,6,223,0,229,0,49,312,0,361,50,0,50,411
01/07/2010,FXE,FL,ASO,ES,Towers with Radar,0,37,135,2,174,0,3,235,0,238,0,40,370,2,412,52,0,52,464
01/08/2010,FXE,FL,ASO,ES,Towers with Radar,0,44,106,0,150,0,6,270,0,276,0,50,376,0,426,70,0,70,496
01/09/2010,FXE,FL,ASO,ES,Towers with Radar,0,16,84,0,100,0,0,17,0,17,0,16,101,0,117,4,0,4,121
01/10/2010,FXE,FL,ASO,ES,Towers with Radar,0,22,110,0,132,0,1,80,0,81,0,23,190,0,213,29,0,29,242
01/11/2010,FXE,FL,ASO,ES,Towers with Radar,0,18,83,0,101,0,8,191,0,199,0,26,274,0,300,88,0,88,388
01/12/2010,FXE,FL,ASO,ES,Towers with Radar,0,46,88,0,134,0,9,300,0,309,0,55,388,0,443,106,0,106,549
01/13/2010,FXE,FL,ASO,ES,Towers with Radar,0,44,103,0,147,0,7,295,0,302,0,51,398,0,449,104,0,104,553
01/14/2010,FXE,FL,ASO,ES,Towers with Radar,0,57,128,0,185,0,10,252,0,262,0,67,380,0,447,54,0,54,501
01/15/2010,FXE,FL,ASO,ES,Towers with Radar,0,49,153,0,202,0,10,290,0,300,0,59,443,0,502,68,0,68,570
01/16/2010,FXE,FL,ASO,ES,Towers with Radar,0,15,97,0,112,0,9,181,0,190,0,24,278,0,302,40,0,40,342
01/17/2010,FXE,FL,ASO,ES,Towers with Radar,0,26,105,0,131,0,6,90,0,96,0,32,195,0,227,28,0,28,255
01/18/2010,FXE,FL,ASO,ES,Towers with Radar,0,33,132,0,165,0,5,308,0,313,0,38,440,0,478,54,0,54,532
01/19/2010,FXE,FL,ASO,ES,Towers with Radar,0,35,135,0,170,0,23,246,1,270,0,58,381,1,440,54,0,54,494
01/20/2010,FXE,FL,ASO,ES,Towers with Radar,0,33,156,4,193,0,6,292,0,298,0,39,448,4,491,130,0,130,621
01/21/2010,FXE,FL,ASO,ES,Towers with Radar,0,41,158,1,200,0,7,239,0,246,0,48,397,1,446,30,0,30,476
01/22/2010,FXE,FL,ASO,ES,Towers with Radar,0,37,160,3,200,0,4,183,0,187,0,41,343,3,387,36,0,36,423
01/23/2010,FXE,FL,ASO,ES,Towers with Radar,0,22,161,0,183,0,0,216,0,216,0,22,377,0,399,80,0,80,479
01/24/2010,FXE,FL,ASO,ES,Towers with Radar,0,32,165,0,197,0,3,126,0,129,0,35,291,0,326,36,0,36,362
01/25/2010,FXE,FL,ASO,ES,Towers with Radar,0,28,143,0,171,0,0,131,0,131,0,28,274,0,302,48,0,48,350
01/26/2010,FXE,FL,ASO,ES,Towers with Radar,0,43,169,0,212,0,8,377,0,385,0,51,546,0,597,54,0,54,651
01/27/2010,FXE,FL,ASO,ES,Towers with Radar,0,41,179,0,220,0,4,419,0,423,0,45,598,0,643,96,0,96,739
01/28/2010,FXE,FL,ASO,ES,Towers with Radar,0,46,164,0,210,0,5,379,0,384,0,51,543,0,594,86,0,86,680
01/29/2010,FXE,FL,ASO,ES,Towers with Radar,1,21,162,0,184,0,10,392,0,402,1,31,554,0,586,80,0,80,666
01/30/2010,FXE,FL,ASO,ES,Towers with Radar,0,21,133,0,154,0,5,237,0,242,0,26,370,0,396,90,0,90,486
01/31/2010,FXE,FL,ASO,ES,Towers with Radar,0,29,161,0,190,0,0,85,0,85,0,29,246,0,275,32,0,32,307
02/01/2010,FXE,FL,ASO,ES,Towers with Radar,0,27,131,0,158,0,0,17,0,17,0,27,148,0,175,4,0,4,179
02/02/2010,FXE,FL,ASO,ES,Towers with Radar,0,27,101,0,128,0,5,202,0,207,0,32,303,0,335,108,0,108,443
02/03/2010,FXE,FL,ASO,ES,Towers with Radar,0,25,165,0,190,0,8,335,0,343,0,33,500,0,533,96,0,96,629
02/04/2010,FXE,FL,ASO,ES,Towers with Radar,0,45,148,0,193,0,2,364,0,366,0,47,512,0,559,64,0,64,623
02/05/2010,FXE,FL,ASO,ES,Towers with Radar,0,56,168,0,224,0,6,132,0,138,0,62,300,0,362,14,0,14,376
02/06/2010,FXE,FL,ASO,ES,Towers with Radar,0,32,115,0,147,0,1,234,0,235,0,33,349,0,382,34,0,34,416
02/07/2010,FXE,FL,ASO,ES,Towers with Radar,0,99,164,2,265,0,1,159,0,160,0,100,323,2,425,4,0,4,429
02/08/2010,FXE,FL,ASO,ES,Towers with Radar,0,114,177,0,291,0,6,290,3,299,0,120,467,3,590,44,0,44,634
02/09/2010,FXE,FL,ASO,ES,Towers with Radar,0,36,108,0,144,0,4,208,0,212,0,40,316,0,356,38,0,38,394
02/10/2010,FXE,FL,ASO,ES,Towers with Radar,0,26,107,1,134,0,3,279,0,282,0,29,386,1,416,62,0,62,478
02/11/2010,FXE,FL,ASO,ES,Towers with Radar,0,48,155,0,203,0,2,316,0,318,0,50,471,0,521,46,0,46,567
02/12/2010,FXE,FL,ASO,ES,Towers with Radar,0,57,157,4,218,0,5,204,1,210,0,62,361,5,428,8,0,8,436
02/13/2010,FXE,FL,ASO,ES,Towers with Radar,0,34,147,0,181,0,4,206,0,210,0,38,353,0,391,16,0,16,407
02/14/2010,FXE,FL,ASO,ES,Towers with Radar,0,27,116,0,143,0,1,237,0,238,0,28,353,0,381,42,0,42,423
02/15/2010,FXE,FL,ASO,ES,Towers with Radar,0,45,141,2,188,0,6,341,0,347,0,51,482,2,535,82,0,82,617
02/16/2010,FXE,FL,ASO,ES,Towers with Radar,0,40,122,0,162,0,4,246,0,250,0,44,368,0,412,38,0,38,450
02/17/2010,FXE,FL,ASO,ES,Towers with Radar,0,40,104,0,144,0,4,300,1,305,0,44,404,1,449,24,0,24,473
02/18/2010,FXE,FL,ASO,ES,Towers with Radar,0,28,136,0,164,0,2,355,0,357,0,30,491,0,521,55,0,55,576
02/19/2010,FXE,FL,ASO,ES,Towers with Radar,0,40,135,0,175,0,7,286,0,293,0,47,421,0,468,48,0,48,516
02/20/2010,FXE,FL,ASO,ES,Towers with Radar,0,24,155,0,179,0,2,286,0,288,0,26,441,0,467,50,0,50,517
02/21/2010,FXE,FL,ASO,ES,Towers with Radar,1,40,126,0,167,0,1,192,0,193,1,41,318,0,360,30,0,30,390
02/22/2010,FXE,FL,ASO,ES,Towers with Radar,0,21,106,0,127,0,1,108,0,109,0,22,214,0,236,28,0,28,264
02/23/2010,FXE,FL,ASO,ES,Towers with Radar,0,40,140,1,181,0,4,229,0,233,0,44,369,1,414,60,0,60,474
02/24/2010,FXE,FL,ASO,ES,Towers with Radar,0,41,106,1,148,0,1,113,0,114,0,42,219,1,262,16,0,16,278
02/25/2010,FXE,FL,ASO,ES,Towers with Radar,0,40,105,0,145,0,3,238,0,241,0,43,343,0,386,60,0,60,446
02/26/2010,FXE,FL,ASO,ES,Towers with Radar,0,36,115,0,151,0,2,328,0,330,0,38,443,0,481,68,0,68,549
02/27/2010,FXE,FL,ASO,ES,Towers with Radar,0,14,89,0,103,0,5,172,0,177,0,19,261,0,280,40,0,40,320
02/28/2010,FXE,FL,ASO,ES,Towers with Radar,0,31,113,0,144,0,2,224,0,226,0,33,337,0,370,48,0,48,418
03/01/2010,FXE,FL,ASO,ES,Towers with Radar,0,29,131,0,160,0,6,245,1,252,0,35,376,1,412,24,0,24,436
03/02/2010,FXE,FL,ASO,ES,Towers with Radar,0,39,82,0,121,0,2,96,0,98,0,41,178,0,219,2,0,2,221
03/03/2010,FXE,FL,ASO,ES,Towers with Radar,0,36,134,0,170,0,3,244,1,248,0,39,378,1,418,32,0,32,450
03/04/2010,FXE,FL,ASO,ES,Towers with Radar,0,26,111,0,137,0,3,320,0,323,0,29,431,0,460,38,0,38,498
03/05/2010,FXE,FL,ASO,ES,Towers with Radar,0,39,98,1,138,0,3,350,0,353,0,42,448,1,491,22,0,22,513
03/06/2010,FXE,FL,ASO,ES,Towers with Radar,0,12,103,1,116,0,1,245,0,246,0,13,348,1,362,28,0,28,390
03/07/2010,FXE,FL,ASO,ES,Towers with Radar,0,20,108,0,128,0,1,270,0,271,0,21,378,0,399,36,0,36,435
03/08/2010,FXE,FL,ASO,ES,Towers with Radar,0,23,88,0,111,0,7,268,0,275,0,30,356,0,386,28,0,28,414
03/09/2010,FXE,FL,ASO,ES,Towers with Radar,0,31,116,2,149,0,5,281,0,286,0,36,397,2,435,50,0,50,485
03/10/2010,FXE,FL,ASO,ES,Towers with Radar,0,28,117,1,146,0,6,261,0,267,0,34,378,1,413,30,0,30,443
03/11/2010,FXE,FL,ASO,ES,Towers with Radar,0,48,121,0,169,0,5,87,0,92,0,53,208,0,261,24,0,24,285
03/12/2010,FXE,FL,ASO,ES,Towers with Radar,1,48,138,0,187,0,0,30,0,30,1,48,168,0,217,2,0,2,219
03/13/2010,FXE,FL,ASO,ES,Towers with Radar,0,34,139,2,175,0,2,194,1,197,0,36,333,3,372,35,0,35,407
03/14/2010,FXE,FL,ASO,ES,Towers with Radar,0,31,118,0,149,0,1,251,0,252,0,32,369,0,401,30,0,30,431
03/15/2010,FXE,FL,ASO,ES,Towers with Radar,0,38,97,0,135,0,1,335,0,336,0,39,432,0,471,56,0,56,527
03/16/2010,FXE,FL,ASO,ES,Towers with Radar,0,37,95,1,133,0,5,326,0,331,0,42,421,1,464,66,0,66,530
03/17/2010,FXE,FL,ASO,ES,Towers with Radar,0,34,128,0,162,0,3,213,0,216,0,37,341,0,378,124,0,124,502
03/18/2010,FXE,FL,ASO,ES,Towers with Radar,0,41,113,1,155,0,5,310,0,315,0,46,423,1,470,50,0,50,520
03/19/2010,FXE,FL,ASO,ES,Towers with Radar,0,30,135,0,165,0,5,328,0,333,0,35,463,0,498,62,0,62,560
03/20/2010,FXE,FL,ASO,ES,Towers with Radar,0,23,105,0,128,0,0,368,0,368,0,23,473,0,496,46,0,46,542
03/21/2010,FXE,FL,ASO,ES,Towers with Radar,0,25,139,0,164,0,0,145,0,145,0,25,284,0,309,12,0,12,321
03/22/2010,FXE,FL,ASO,ES,Towers with Radar,0,27,98,0,125,0,0,150,0,150,0,27,248,0,275,54,0,54,329
03/23/2010,FXE,FL,ASO,ES,Towers with Radar,0,37,90,0,127,0,14,386,0,400,0,51,476,0,527,118,0,118,645
03/24/2010,FXE,FL,ASO,ES,Towers with Radar,0,38,109,0,147,0,6,325,0,331,0,44,434,0,478,36,0,36,514
03/25/2010,FXE,FL,ASO,ES,Towers with Radar,1,36,159,0,196,0,4,283,0,287,1,40,442,0,483,90,0,90,573
03/26/2010,FXE,FL,ASO,ES,Towers with Radar,0,56,119,0,175,0,9,166,0,175,0,65,285,0,350,16,0,16,366
03/27/2010,FXE,FL,ASO,ES,Towers with Radar,0,22,143,0,165,0,0,369,0,369,0,22,512,0,534,58,0,58,592
03/28/2010,FXE,FL,ASO,ES,Towers with Radar,0,47,128,0,175,0,4,127,1,132,0,51,255,1,307,14,0,14,321
03/29/2010,FXE,FL,ASO,ES,Towers with Radar,0,29,71,0,100,0,3,65,0,68,0,32,136,0,168,24,0,24,192
03/30/2010,FXE,FL,ASO,ES,Towers with Radar,0,31,85,3,119,0,3,302,0,305,0,34,387,3,424,52,0,52,476
03/31/2010,FXE,FL,ASO,ES,Towers with Radar,1,38,112,0,151,0,12,369,0,381,1,50,481,0,532,72,0,72,604
04/01/2010,FXE,FL,ASO,ES,Towers with Radar,0,54,131,1,186,0,6,385,0,391,0,60,516,1,577,60,0,60,637
04/02/2010,FXE,FL,ASO,ES,Towers with Radar,0,33,142,1,176,0,5,368,0,373,0,38,510,1,549,66,0,66,615
04/03/2010,FXE,FL,ASO,ES,Towers with Radar,0,32,122,0,154,0,4,263,0,267,0,36,385,0,421,36,0,36,457
04/04/2010,FXE,FL,ASO,ES,Towers with Radar,0,25,123,0,148,0,2,205,0,207,0,27,328,0,355,42,0,42,397
04/05/2010,FXE,FL,ASO,ES,Towers with Radar,0,47,145,0,192,0,3,238,0,241,0,50,383,0,433,32,0,32,465
04/06/2010,FXE,FL,ASO,ES,Towers with Radar,0,35,118,4,157,0,7,286,3,296,0,42,404,7,453,44,0,44,497
04/07/2010,FXE,FL,ASO,ES,Towers with Radar,0,36,108,0,144,0,4,343,0,347,0,40,451,0,491,84,0,84,575
04/08/2010,FXE,FL,ASO,ES,Towers with Radar,0,36,118,0,154,0,6,283,0,289,0,42,401,0,443,36,0,36,479
04/09/2010,FXE,FL,ASO,ES,Towers with Radar,0,42,111,0,153,0,11,232,0,243,0,53,343,0,396,62,0,62,458
04/10/2010,FXE,FL,ASO,ES,Towers with Radar,0,32,117,0,149,0,1,270,0,271,0,33,387,0,420,26,0,26,446
04/11/2010,FXE,FL,ASO,ES,Towers with Radar,0,24,107,0,131,0,1,99,0,100,0,25,206,0,231,10,0,10,241
04/12/2010,FXE,FL,ASO,ES,Towers with Radar,0,34,106,0,140,0,2,114,0,116,0,36,220,0,256,44,0,44,300
04/13/2010,FXE,FL,ASO,ES,Towers with Radar,0,40,118,1,159,0,5,253,0,258,0,45,371,1,417,20,0,20,437
04/14/2010,FXE,FL,ASO,ES,Towers with Radar,0,32,122,0,154,0,3,205,0,208,0,35,327,0,362,48,0,48,410
04/15/2010,FXE,FL,ASO,ES,Towers with Radar,0,36,102,0,138,0,7,178,0,185,0,43,280,0,323,46,0,46,369
04/16/2010,FXE,FL,ASO,ES,Towers with Radar,0,23,123,0,146,0,4,263,0,267,0,27,386,0,413,78,0,78,491
04/17/2010,FXE,FL,ASO,ES,Towers with Radar,0,12,86,0,98,0,0,235,0,235,0,12,321,0,333,50,0,50,383
04/18/2010,FXE,FL,ASO,ES,Towers with Radar,0,21,109,0,130,0,1,74,0,75,0,22,183,0,205,50,0,50,255
04/19/2010,FXE,FL,ASO,ES,Towers with Radar,0,29,137,0,166,0,5,153,0,158,0,34,290,0,324,90,0,90,414
04/20/2010,FXE,FL,ASO,ES,Towers with Radar,0,34,108,0,142,0,4,284,0,288,0,38,392,0,430,54,0,54,484
04/21/2010,FXE,FL,ASO,ES,Towers with Radar,0,25,98,0,123,0,6,332,0,338,0,31,430,0,461,144,0,144,605
04/22/2010,FXE,FL,ASO,ES,Towers with Radar,0,37,113,0,150,0,8,392,0,400,0,45,505,0,550,112,0,112,662
04/23/2010,FXE,FL,ASO,ES,Towers with Radar,0,37,119,0,156,0,10,375,3,388,0,47,494,3,544,132,0,132,676
04/24/2010,FXE,FL,ASO,ES,Towers with Radar,0,13,95,0,108,0,2,285,0,287,0,15,380,0,395,58,0,58,453
04/25/2010,FXE,FL,ASO,ES,Towers with Radar,0,22,86,0,108,0,2,220,0,222,0,24,306,0,330,34,0,34,364
04/26/2010,FXE,FL,ASO,ES,Towers with Radar,0,37,65,0,102,0,6,76,0,82,0,43,141,0,184,6,0,6,190
04/27/2010,FXE,FL,ASO,ES,Towers with Radar,0,25,75,0,100,0,11,385,0,396,0,36,460,0,496,90,0,90,586
04/28/2010,FXE,FL,ASO,ES,Towers with Radar,0,25,91,1,117,0,11,345,0,356,0,36,436,1,473,88,0,88,561
04/29/2010,FXE,FL,ASO,ES,Towers with Radar,0,39,105,0,144,0,6,266,0,272,0,45,371,0,416,78,0,78,494
04/30/2010,FXE,FL,ASO,ES,Towers with Radar,0,28,117,1,146,0,5,271,0,276,0,33,388,1,422,66,0,66,488
05/01/2010,FXE,FL,ASO,ES,Towers with Radar,0,25,87,0,112,0,3,229,0,232,0,28,316,0,344,50,0,50,394
05/02/2010,FXE,FL,ASO,ES,Towers with Radar,0,14,86,1,101,0,1,193,0,194,0,15,279,1,295,26,0,26,321
05/03/2010,FXE,FL,ASO,ES,Towers with Radar,0,35,71,0,106,0,2,230,0,232,0,37,301,0,338,50,0,50,388
05/04/2010,FXE,FL,ASO,ES,Towers with Radar,0,32,108,0,140,0,10,225,0,235,0,42,333,0,375,74,0,74,449
05/05/2010,FXE,FL,ASO,ES,Towers with Radar,0,30,119,0,149,0,8,299,0,307,0,38,418,0,456,80,0,80,536
05/06/2010,FXE,FL,ASO,ES,Towers with Radar,0,30,119,0,149,0,5,278,0,283,0,35,397,0,432,32,0,32,464
05/07/2010,FXE,FL,ASO,ES,Towers with Radar,0,39,83,0,122,0,2,308,0,310,0,41,391,0,432,126,0,126,558
05/08/2010,FXE,FL,ASO,ES,Towers with Radar,0,18,84,0,102,0,1,232,0,233,0,19,316,0,335,68,0,68,403
05/09/2010,FXE,FL,ASO,ES,Towers with Radar,0,15,80,0,95,0,1,169,0,170,0,16,249,0,265,32,0,32,297
05/10/2010,FXE,FL,ASO,ES,Towers with Radar,0,25,88,0,113,0,6,215,2,223,0,31,303,2,336,36,0,36,372
05/11/2010,FXE,FL,ASO,ES,Towers with Radar,0,32,94,0,126,0,7,255,0,262,0,39,349,0,388,92,0,92,480
05/12/2010,FXE,FL,ASO,ES,Towers with Radar,0,35,94,0,129,0,4,275,0,279,0,39,369,0,408,78,0,78,486
05/13/2010,FXE,FL,ASO,ES,Towers with Radar,0,37,116,0,153,0,7,286,0,293,0,44,402,0,446,58,0,58,504
05/14/2010,FXE,FL,ASO,ES,Towers with Radar,0,37,96,0,133,0,6,254,0,260,0,43,350,0,393,44,0,44,437
05/15/2010,FXE,FL,ASO,ES,Towers with Radar,0,20,95,0,115,0,2,236,0,238,0,22,331,0,353,36,0,36,389
05/16/2010,FXE,FL,ASO,ES,Towers with Radar,0,21,87,1,109,0,6,155,0,161,0,27,242,1,270,80,0,80,350
05/17/2010,FXE,FL,ASO,ES,Towers with Radar,0,32,74,0,106,0,1,164,0,165,0,33,238,0,271,84,0,84,355
05/18/2010,FXE,FL,ASO,ES,Towers with Radar,0,24,94,0,118,0,0,259,0,259,0,24,353,0,377,52,0,52,429
05/19/2010,FXE,FL,ASO,ES,Towers with Radar,0,25,110,0,135,0,2,198,0,200,0,27,308,0,335,40,0,40,375
05/20/2010,FXE,FL,ASO,ES,Towers with Radar,0,39,109,0,148,0,0,282,0,282,0,39,391,0,430,78,0,78,508
05/21/2010,FXE,FL,ASO,ES,Towers with Radar,0,39,135,0,174,0,8,351,0,359,0,47,486,0,533,50,0,50,583
05/22/2010,FXE,FL,ASO,ES,Towers with Radar,0,17,69,0,86,0,4,266,0,270,0,21,335,0,356,74,0,74,430
05/23/2010,FXE,FL,ASO,ES,Towers with Radar,0,27,90,0,117,0,5,210,0,215,0,32,300,0,332,40,0,40,372
05/24/2010,FXE,FL,ASO,ES,Towers with Radar,0,24,87,0,111,0,1,221,0,222,0,25,308,0,333,40,0,40,373
05/25/2010,FXE,FL,ASO,ES,Towers with Radar,0,42,91,0,133,0,5,224,0,229,0,47,315,0,362,44,0,44,406
05/26/2010,FXE,FL,ASO,ES,Towers with Radar,0,35,88,0,123,0,5,301,0,306,0,40,389,0,429,114,0,114,543
05/27/2010,FXE,FL,ASO,ES,Towers with Radar,0,37,108,0,145,0,3,318,0,321,0,40,426,0,466,58,0,58,524
05/28/2010,FXE,FL,ASO,ES,Towers with Radar,0,36,110,0,146,0,3,266,0,269,0,39,376,0,415,34,0,34,449
05/29/2010,FXE,FL,ASO,ES,Towers with Radar,0,15,82,1,98,0,6,223,1,230,0,21,305,2,328,70,0,70,398
05/30/2010,FXE,FL,ASO,ES,Towers with Radar,0,12,46,0,58,0,7,172,0,179,0,19,218,0,237,32,0,32,269
05/31/2010,FXE,FL,ASO,ES,Towers with Radar,0,38,78,0,116,0,19,195,0,214,0,57,273,0,330,56,0,56,386
06/01/2010,FXE,FL,ASO,ES,Towers with Radar,0,27,96,0,123,0,1,162,0,163,0,28,258,0,286,40,0,40,326
06/02/2010,FXE,FL,ASO,ES,Towers with Radar,0,27,113,1,141,0,4,230,0,234,0,31,343,1,375,80,0,80,455
06/03/2010,FXE,FL,ASO,ES,Towers with Radar,0,38,86,2,126,0,10,198,0,208,0,48,284,2,334,52,0,52,386
06/04/2010,FXE,FL,ASO,ES,Towers with Radar,0,27,90,0,117,0,2,274,0,276,0,29,364,0,393,42,0,42,435
06/05/2010,FXE,FL,ASO,ES,Towers with Radar,0,36,84,0,120,0,3,215,0,218,0,39,299,0,338,22,0,22,360
06/06/2010,FXE,FL,ASO,ES,Towers with Radar,0,19,66,0,85,0,3,164,0,167,0,22,230,0,252,42,0,42,294
06/07/2010,FXE,FL,ASO,ES,Towers with Radar,0,27,78,0,105,0,3,201,0,204,0,30,279,0,309,88,0,88,397
06/08/2010,FXE,FL,ASO,ES,Towers with Radar,0,28,92,0,120,0,7,259,0,266,0,35,351,0,386,76,0,76,462
06/09/2010,FXE,FL,ASO,ES,Towers with Radar,1,32,110,0,143,0,6,291,1,298,1,38,401,1,441,86,0,86,527
06/10/2010,FXE,FL,ASO,ES,Towers with Radar,0,35,107,0,142,0,10,226,0,236,0,45,333,0,378,72,0,72,450
06/11/2010,FXE,FL,ASO,ES,Towers with Radar,0,31,123,0,154,0,14,295,0,309,0,45,418,0,463,48,0,48,511
06/12/2010,FXE,FL,ASO,ES,Towers with Radar,0,22,91,0,113,0,1,195,0,196,0,23,286,0,309,74,0,74,383
06/13/2010,FXE,FL,ASO,ES,Towers with Radar,0,32,89,0,121,0,1,188,0,189,0,33,277,0,310,120,0,120,430
06/14/2010,FXE,FL,ASO,ES,Towers with Radar,0,43,74,0,117,0,0,189,0,189,0,43,263,0,306,50,0,50,356
06/15/2010,FXE,FL,ASO,ES,Towers with Radar,0,31,107,0,138,0,6,262,0,268,0,37,369,0,406,48,0,48,454
06/16/2010,FXE,FL,ASO,ES,Towers with Radar,0,35,106,0,141,0,12,274,0,286,0,47,380,0,427,62,0,62,489
06/17/2010,FXE,FL,ASO,ES,Towers with Radar,0,35,84,0,119,0,8,233,1,242,0,43,317,1,361,86,0,86,447
06/18/2010,FXE,FL,ASO,ES,Towers with Radar,0,27,99,0,126,0,18,256,0,274,0,45,355,0,400,50,0,50,450
06/19/2010,FXE,FL,ASO,ES,Towers with Radar,0,24,82,0,106,0,4,216,0,220,0,28,298,0,326,26,0,26,352
06/20/2010,FXE,FL,ASO,ES,Towers with Radar,0,14,51,0,65,0,2,166,0,168,0,16,217,0,233,32,0,32,265
06/21/2010,FXE,FL,ASO,ES,Towers with Radar,0,22,58,0,80,0,4,188,0,192,0,26,246,0,272,106,0,106,378
06/22/2010,FXE,FL,ASO,ES,Towers with Radar,0,31,89,0,120,0,11,238,0,249,0,42,327,0,369,68,0,68,437
06/23/2010,FXE,FL,ASO,ES,Towers with Radar,0,29,94,0,123,0,5,226,0,231,0,34,320,0,354,66,0,66,420
06/24/2010,FXE,FL,ASO,ES,Towers with Radar,0,32,121,0,153,0,14,260,0,274,0,46,381,0,427,82,0,82,509
06/25/2010,FXE,FL,ASO,ES,Towers with Radar,0,29,105,0,134,0,9,287,0,296,0,38,392,0,430,68,0,68,498
06/26/2010,FXE,FL,ASO,ES,Towers with Radar,0,21,96,0,117,0,1,201,0,202,0,22,297,0,319,112,0,112,431
06/27/2010,FXE,FL,ASO,ES,Towers with Radar,0,37,68,0,105,0,3,169,0,172,0,40,237,0,277,82,0,82,359
06/28/2010,FXE,FL,ASO,ES,Towers with Radar,0,33,93,0,126,0,7,194,0,201,0,40,287,0,327,70,0,70,397
06/29/2010,FXE,FL,ASO,ES,Towers with Radar,0,26,94,2,122,0,9,198,0,207,0,35,292,2,329,126,0,126,455
06/30/2010,FXE,FL,ASO,ES,Towers with Radar,0,23,119,0,142,0,6,224,0,230,0,29,343,0,372,84,0,84,456
07/01/2010,FXE,FL,ASO,ES,Towers with Radar,0,36,99,0,135,0,13,291,0,304,0,49,390,0,439,56,0,56,495
07/02/2010,FXE,FL,ASO,ES,Towers with Radar,0,38,128,0,166,0,10,218,0,228,0,48,346,0,394,86,0,86,480
07/03/2010,FXE,FL,ASO,ES,Towers with Radar,0,19,67,0,86,0,5,144,0,149,0,24,211,0,235,84,0,84,319
07/04/2010,FXE,FL,ASO,ES,Towers with Radar,0,14,39,0,53,0,7,66,1,74,0,21,105,1,127,32,0,32,159
07/05/2010,FXE,FL,ASO,ES,Towers with Radar,0,28,92,0,120,0,5,142,0,147,0,33,234,0,267,16,0,16,283
07/06/2010,FXE,FL,ASO,ES,Towers with Radar,0,22,100,0,122,0,5,269,0,274,0,27,369,0,396,72,0,72,468
07/07/2010,FXE,FL,ASO,ES,Towers with Radar,4,26,126,0,156,0,10,281,0,291,4,36,407,0,447,72,0,72,519
07/08/2010,FXE,FL,ASO,ES,Towers with Radar,0,28,90,0,118,0,13,192,0,205,0,41,282,0,323,62,0,62,385
07/09/2010,FXE,FL,ASO,ES,Towers with Radar,2,30,107,0,139,0,15,272,0,287,2,45,379,0,426,46,0,46,472
07/10/2010,FXE,FL,ASO,ES,Towers with Radar,0,19,84,2,105,0,4,244,0,248,0,23,328,2,353,100,0,100,453
07/11/2010,FXE,FL,ASO,ES,Towers with Radar,0,31,74,0,105,0,3,211,0,214,0,34,285,0,319,28,0,28,347
07/12/2010,FXE,FL,ASO,ES,Towers with Radar,0,23,66,0,89,0,3,195,0,198,0,26,261,0,287,76,0,76,363
07/13/2010,FXE,FL,ASO,ES,Towers with Radar,0,44,111,0,155,0,15,236,0,251,0,59,347,0,406,74,0,74,480
07/14/2010,FXE,FL,ASO,ES,Towers with Radar,0,29,99,0,128,0,10,201,0,211,0,39,300,0,339,80,0,80,419
07/15/2010,FXE,FL,ASO,ES,Towers with Radar,0,42,97,0,139,0,9,215,0,224,0,51,312,0,363,36,0,36,399
07/16/2010,FXE,FL,ASO,ES,Towers with Radar,0,24,121,0,145,0,5,244,0,249,0,29,365,0,394,74,0,74,468
07/17/2010,FXE,FL,ASO,ES,Towers with Radar,1,21,93,0,115,0,4,209,0,213,1,25,302,0,328,74,0,74,402
07/18/2010,FXE,FL,ASO,ES,Towers with Radar,0,29,80,0,109,0,3,153,0,156,0,32,233,0,265,18,0,18,283
07/19/2010,FXE,FL,ASO,ES,Towers with Radar,0,30,70,0,100,0,5,185,2,192,0,35,255,2,292,42,0,42,334
07/20/2010,FXE,FL,ASO,ES,Towers with Radar,2,36,87,0,125,0,6,212,0,218,2,42,299,0,343,62,0,62,405
07/21/2010,FXE,FL,ASO,ES,Towers with Radar,0,29,88,2,119,1,4,272,1,278,1,33,360,3,397,56,0,56,453
07/22/2010,FXE,FL,ASO,ES,Towers with Radar,1,42,72,0,115,1,6,250,0,257,2,48,322,0,372,90,0,90,462
07/23/2010,FXE,FL,ASO,ES,Towers with Radar,0,24,47,0,71,1,5,25,1,32,1,29,72,1,103,0,0,0,103
07/24/2010,FXE,FL,ASO,ES,Towers with Radar,0,18,71,1,90,1,2,194,0,197,1,20,265,1,287,18,0,18,305
07/25/2010,FXE,FL,ASO,ES,Towers with Radar,0,19,71,0,90,0,3,118,0,121,0,22,189,0,211,30,0,30,241
07/26/2010,FXE,FL,ASO,ES,Towers with Radar,0,15,86,0,101,1,9,197,0,207,1,24,283,0,308,62,0,62,370
07/27/2010,FXE,FL,ASO,ES,Towers with Radar,1,24,91,0,116,0,8,244,0,252,1,32,335,0,368,38,0,38,406
07/28/2010,FXE,FL,ASO,ES,Towers with Radar,1,18,94,0,113,1,10,249,0,260,2,28,343,0,373,72,0,72,445
07/29/2010,FXE,FL,ASO,ES,Towers with Radar,1,32,98,0,131,0,8,264,1,273,1,40,362,1,404,82,0,82,486
07/30/2010,FXE,FL,ASO,ES,Towers with Radar,0,21,95,0,116,0,10,226,0,236,0,31,321,0,352,48,0,48,400
07/31/2010,FXE,FL,ASO,ES,Towers with Radar,0,10,73,0,83,0,2,184,0,186,0,12,257,0,269,32,0,32,301
08/01/2010,FXE,FL,ASO,ES,Towers with Radar,0,23,54,0,77,0,4,167,0,171,0,27,221,0,248,42,0,42,290
08/02/2010,FXE,FL,ASO,ES,Towers with Radar,0,18,101,0,119,0,8,201,0,209,0,26,302,0,328,56,0,56,384
08/03/2010,FXE,FL,ASO,ES,Towers with Radar,0,33,82,0,115,0,4,240,2,246,0,37,322,2,361,102,0,102,463
08/04/2010,FXE,FL,ASO,ES,Towers with Radar,0,22,83,0,105,0,5,235,0,240,0,27,318,0,345,40,0,40,385
08/05/2010,FXE,FL,ASO,ES,Towers with Radar,0,33,111,0,144,0,11,252,1,264,0,44,363,1,408,78,0,78,486
08/06/2010,FXE,FL,ASO,ES,Towers with Radar,0,31,87,0,118,0,8,228,0,236,0,39,315,0,354,78,0,78,432
08/07/2010,FXE,FL,ASO,ES,Towers with Radar,0,18,71,0,89,0,2,190,0,192,0,20,261,0,281,30,0,30,311
08/08/2010,FXE,FL,ASO,ES,Towers with Radar,0,20,65,0,85,0,1,73,0,74,0,21,138,0,159,36,0,36,195
08/09/2010,FXE,FL,ASO,ES,Towers with Radar,0,24,62,0,86,0,6,161,0,167,0,30,223,0,253,124,0,124,377
08/10/2010,FXE,FL,ASO,ES,Towers with Radar,0,33,79,0,112,0,2,86,0,88,0,35,165,0,200,20,0,20,220
08/11/2010,FXE,FL,ASO,ES,Towers with Radar,0,26,122,1,149,0,7,253,3,263,0,33,375,4,412,100,2,102,514
08/12/2010,FXE,FL,ASO,ES,Towers with Radar,0,26,91,0,117,0,7,239,0,246,0,33,330,0,363,40,0,40,403
08/13/2010,FXE,FL,ASO,ES,Towers with Radar,0,21,85,5,111,0,17,270,5,292,0,38,355,10,403,44,0,44,447
08/14/2010,FXE,FL,ASO,ES,Towers with Radar,0,24,63,0,87,0,3,204,0,207,0,27,267,0,294,62,0,62,356
08/15/2010,FXE,FL,ASO,ES,Towers with Radar,0,30,66,0,96,0,1,130,0,131,0,31,196,0,227,34,0,34,261
08/16/2010,FXE,FL,ASO,ES,Towers with Radar,0,23,76,0,99,0,2,180,0,182,0,25,256,0,281,96,0,96,377
08/17/2010,FXE,FL,ASO,ES,Towers with Radar,0,17,103,0,120,0,6,244,0,250,0,23,347,0,370,32,0,32,402
08/18/2010,FXE,FL,ASO,ES,Towers with Radar,1,26,101,0,128,0,7,216,0,223,1,33,317,0,351,56,0,56,407
08/19/2010,FXE,FL,ASO,ES,Towers with Radar,0,34,112,1,147,0,8,223,0,231,0,42,335,1,378,52,0,52,430
08/20/2010,FXE,FL,ASO,ES,Towers with Radar,0,25,89,1,115,0,9,269,1,279,0,34,358,2,394,62,0,62,456
08/21/2010,FXE,FL,ASO,ES,Towers with Radar,0,14,66,0,80,0,6,165,0,171,0,20,231,0,251,26,0,26,277
08/22/2010,FXE,FL,ASO,ES,Towers with Radar,0,17,65,0,82,0,2,132,0,134,0,19,197,0,216,88,0,88,304
08/23/2010,FXE,FL,ASO,ES,Towers with Radar,0,20,76,0,96,0,9,116,0,125,0,29,192,0,221,42,0,42,263
08/24/2010,FXE,FL,ASO,ES,Towers with Radar,0,27,85,0,112,0,8,182,0,190,0,35,267,0,302,82,0,82,384
08/25/2010,FXE,FL,ASO,ES,Towers with Radar,0,26,104,0,130,0,7,187,0,194,0,33,291,0,324,80,0,80,404
08/26/2010,FXE,FL,ASO,ES,Towers with Radar,0,37,97,0,134,0,9,187,0,196,0,46,284,0,330,54,0,54,384
08/27/2010,FXE,FL,ASO,ES,Towers with Radar,0,23,110,0,133,0,8,191,0,199,0,31,301,0,332,74,0,74,406
08/28/2010,FXE,FL,ASO,ES,Towers with Radar,0,11,71,0,82,0,1,180,0,181,0,12,251,0,263,30,0,30,293
08/29/2010,FXE,FL,ASO,ES,Towers with Radar,0,11,75,0,86,0,0,72,0,72,0,11,147,0,158,26,0,26,184
08/30/2010,FXE,FL,ASO,ES,Towers with Radar,0,16,95,0,111,0,4,127,0,131,0,20,222,0,242,42,0,42,284
08/31/2010,FXE,FL,ASO,ES,Towers with Radar,0,19,100,2,121,0,8,157,0,165,0,27,257,2,286,68,0,68,354
09/01/2010,FXE,FL,ASO,ES,Towers with Radar,0,17,93,0,110,0,4,204,1,209,0,21,297,1,319,28,0,28,347
09/02/2010,FXE,FL,ASO,ES,Towers with Radar,0,26,105,1,132,0,5,232,0,237,0,31,337,1,369,62,0,62,431
09/03/2010,FXE,FL,ASO,ES,Towers with Radar,0,23,88,0,111,0,7,206,0,213,0,30,294,0,324,62,0,62,386
09/04/2010,FXE,FL,ASO,ES,Towers with Radar,0,17,78,0,95,0,4,221,0,225,0,21,299,0,320,50,0,50,370
09/05/2010,FXE,FL,ASO,ES,Towers with Radar,0,5,40,0,45,0,5,98,0,103,0,10,138,0,148,32,0,32,180
09/06/2010,FXE,FL,ASO,ES,Towers with Radar,0,21,62,0,83,0,4,131,0,135,0,25,193,0,218,68,0,68,286
09/07/2010,FXE,FL,ASO,ES,Towers with Radar,0,24,85,0,109,0,4,148,0,152,0,28,233,0,261,80,0,80,341
09/08/2010,FXE,FL,ASO,ES,Towers with Radar,0,32,111,0,143,0,5,146,0,151,0,37,257,0,294,36,0,36,330
09/09/2010,FXE,FL,ASO,ES,Towers with Radar,0,25,85,2,112,0,7,184,0,191,0,32,269,2,303,40,0,40,343
09/10/2010,FXE,FL,ASO,ES,Towers with Radar,0,25,83,1,109,0,5,185,0,190,0,30,268,1,299,44,0,44,343
09/11/2010,FXE,FL,ASO,ES,Towers with Radar,0,9,64,0,73,0,3,169,0,172,0,12,233,0,245,64,0,64,309
09/12/2010,FXE,FL,ASO,ES,Towers with Radar,0,10,79,0,89,0,2,146,0,148,0,12,225,0,237,78,0,78,315
09/13/2010,FXE,FL,ASO,ES,Towers with Radar,0,23,96,0,119,0,6,185,0,191,0,29,281,0,310,56,0,56,366
09/14/2010,FXE,FL,ASO,ES,Towers with Radar,0,25,76,0,101,0,8,131,0,139,0,33,207,0,240,58,0,58,298
09/15/2010,FXE,FL,ASO,ES,Towers with Radar,0,32,87,0,119,0,5,244,0,249,0,37,331,0,368,52,0,52,420
09/16/2010,FXE,FL,ASO,ES,Towers with Radar,1,35,100,4,140,0,8,188,0,196,1,43,288,4,336,46,0,46,382
09/17/2010,FXE,FL,ASO,ES,Towers with Radar,0,15,77,0,92,0,7,198,0,205,0,22,275,0,297,28,0,28,325
09/18/2010,FXE,FL,ASO,ES,Towers with Radar,0,14,49,0,63,0,4,161,0,165,0,18,210,0,228,48,0,48,276
09/19/2010,FXE,FL,ASO,ES,Towers with Radar,0,19,50,0,69,0,1,104,0,105,0,20,154,0,174,76,0,76,250
09/20/2010,FXE,FL,ASO,ES,Towers with Radar,0,19,79,0,98,0,4,217,0,221,0,23,296,0,319,50,0,50,369
09/21/2010,FXE,FL,ASO,ES,Towers with Radar,0,22,83,3,108,0,10,208,0,218,0,32,291,3,326,74,0,74,400
09/22/2010,FXE,FL,ASO,ES,Towers with Radar,0,16,90,0,106,0,5,208,0,213,0,21,298,0,319,56,0,56,375
09/23/2010,FXE,FL,ASO,ES,Towers with Radar,0,20,94,0,114,0,5,131,0,136,0,25,225,0,250,30,0,30,280
09/24/2010,FXE,FL,ASO,ES,Towers with Radar,0,16,112,0,128,0,3,125,0,128,0,19,237,0,256,30,0,30,286
09/25/2010,FXE,FL,ASO,ES,Towers with Radar,0,16,77,0,93,0,1,161,0,162,0,17,238,0,255,38,0,38,293
09/26/2010,FXE,FL,ASO,ES,Towers with Radar,0,22,96,0,118,0,0,225,0,225,0,22,321,0,343,54,0,54,397
09/27/2010,FXE,FL,ASO,ES,Towers with Radar,0,22,82,0,104,0,4,221,0,225,0,26,303,0,329,54,0,54,383
09/28/2010,FXE,FL,ASO,ES,Towers with Radar,0,25,64,0,89,0,1,137,0,138,0,26,201,0,227,98,0,98,325
09/29/2010,FXE,FL,ASO,ES,Towers with Radar,0,22,33,0,55,0,2,3,0,5,0,24,36,0,60,0,0,0,60
09/30/2010,FXE,FL,ASO,ES,Towers with Radar,0,22,92,0,114,0,2,243,0,245,0,24,335,0,359,75,0,75,434
10/01/2010,FXE,FL,ASO,ES,Towers with Radar,0,24,96,0,120,0,8,245,0,253,0,32,341,0,373,48,0,48,421
10/02/2010,FXE,FL,ASO,ES,Towers with Radar,1,16,65,0,82,0,1,200,0,201,1,17,265,0,283,98,0,98,381
10/03/2010,FXE,FL,ASO,ES,Towers with Radar,0,19,91,0,110,0,1,168,0,169,0,20,259,0,279,60,0,60,339
10/04/2010,FXE,FL,ASO,ES,Towers with Radar,0,17,94,0,111,0,4,237,0,241,0,21,331,0,352,124,0,124,476
10/05/2010,FXE,FL,ASO,ES,Towers with Radar,0,20,97,0,117,0,4,193,0,197,0,24,290,0,314,60,0,60,374
10/06/2010,FXE,FL,ASO,ES,Towers with Radar,0,37,74,0,111,0,7,187,0,194,0,44,261,0,305,50,0,50,355
10/07/2010,FXE,FL,ASO,ES,Towers with Radar,0,30,101,0,131,0,11,233,0,244,0,41,334,0,375,90,0,90,465
10/08/2010,FXE,FL,ASO,ES,Towers with Radar,0,27,104,0,131,0,9,233,0,242,0,36,337,0,373,44,0,44,417
10/09/2010,FXE,FL,ASO,ES,Towers with Radar,0,11,61,0,72,0,2,213,0,215,0,13,274,0,287,82,0,82,369
10/10/2010,FXE,FL,ASO,ES,Towers with Radar,0,26,56,0,82,0,3,180,0,183,0,29,236,0,265,72,0,72,337
10/11/2010,FXE,FL,ASO,ES,Towers with Radar,0,29,112,0,141,0,3,201,0,204,0,32,313,0,345,60,0,60,405
10/12/2010,FXE,FL,ASO,ES,Towers with Radar,0,35,106,0,141,0,5,209,0,214,0,40,315,0,355,80,0,80,435
10/13/2010,FXE,FL,ASO,ES,Towers with Radar,0,25,112,0,137,0,8,207,2,217,0,33,319,2,354,82,0,82,436
10/14/2010,FXE,FL,ASO,ES,Towers with Radar,0,38,91,0,129,0,5,179,0,184,0,43,270,0,313,66,0,66,379
10/15/2010,FXE,FL,ASO,ES,Towers with Radar,0,25,96,0,121,0,2,250,0,252,0,27,346,0,373,44,0,44,417
10/16/2010,FXE,FL,ASO,ES,Towers with Radar,0,19,55,0,74,0,3,233,1,237,0,22,288,1,311,28,0,28,339
10/17/2010,FXE,FL,ASO,ES,Towers with Radar,0,23,62,0,85,0,1,161,0,162,0,24,223,0,247,72,0,72,319
10/18/2010,FXE,FL,ASO,ES,Towers with Radar,0,25,85,4,114,0,4,220,0,224,0,29,305,4,338,88,0,88,426
10/19/2010,FXE,FL,ASO,ES,Towers with Radar,0,30,107,0,137,0,5,218,0,223,0,35,325,0,360,76,0,76,436
10/20/2010,FXE,FL,ASO,ES,Towers with Radar,0,36,96,0,132,0,3,262,0,265,0,39,358,0,397,86,0,86,483
10/21/2010,FXE,FL,ASO,ES,Towers with Radar,0,32,70,0,102,0,5,275,0,280,0,37,345,0,382,122,0,122,504
10/22/2010,FXE,FL,ASO,ES,Towers with Radar,0,39,86,0,125,0,6,245,0,251,0,45,331,0,376,78,0,78,454
10/23/2010,FXE,FL,ASO,ES,Towers with Radar,0,17,68,0,85,0,2,148,0,150,0,19,216,0,235,56,0,56,291
10/24/2010,FXE,FL,ASO,ES,Towers with Radar,1,18,88,1,108,0,1,84,0,85,1,19,172,1,193,26,0,26,219
10/25/2010,FXE,FL,ASO,ES,Towers with Radar,0,28,101,1,130,0,7,191,0,198,0,35,292,1,328,54,0,54,382
10/26/2010,FXE,FL,ASO,ES,Towers with Radar,0,27,105,0,132,0,3,212,0,215,0,30,317,0,347,56,0,56,403
10/27/2010,FXE,FL,ASO,ES,Towers with Radar,0,36,129,0,165,0,9,239,0,248,0,45,368,0,413,54,0,54,467
10/28/2010,FXE,FL,ASO,ES,Towers with Radar,1,41,135,0,177,0,4,230,0,234,1,45,365,0,411,80,0,80,491
10/29/2010,FXE,FL,ASO,ES,Towers with Radar,0,46,118,0,164,0,6,240,0,246,0,52,358,0,410,80,0,80,490
10/30/2010,FXE,FL,ASO,ES,Towers with Radar,0,22,104,0,126,0,1,186,0,187,0,23,290,0,313,60,0,60,373
10/31/2010,FXE,FL,ASO,ES,Towers with Radar,0,27,94,0,121,0,2,141,0,143,0,29,235,0,264,28,0,28,292
11/01/2010,FXE,FL,ASO,ES,Towers with Radar,0,24,93,1,118,0,4,148,0,152,0,28,241,1,270,52,0,52,322
11/02/2010,FXE,FL,ASO,ES,Towers with Radar,0,38,98,1,137,0,2,261,1,264,0,40,359,2,401,61,0,61,462
11/03/2010,FXE,FL,ASO,ES,Towers with Radar,0,38,91,2,131,0,3,132,0,135,0,41,223,2,266,48,0,48,314
11/04/2010,FXE,FL,ASO,ES,Towers with Radar,0,53,97,0,150,0,4,152,0,156,0,57,249,0,306,36,0,36,342
11/05/2010,FXE,FL,ASO,ES,Towers with Radar,0,35,93,0,128,0,4,188,0,192,0,39,281,0,320,50,0,50,370
11/06/2010,FXE,FL,ASO,ES,Towers with Radar,0,20,54,0,74,0,1,248,0,249,0,21,302,0,323,90,0,90,413
11/07/2010,FXE,FL,ASO,ES,Towers with Radar,0,26,81,0,107,0,1,145,0,146,0,27,226,0,253,70,0,70,323
11/08/2010,FXE,FL,ASO,ES,Towers with Radar,0,15,79,0,94,0,3,158,0,161,0,18,237,0,255,46,0,46,301
11/09/2010,FXE,FL,ASO,ES,Towers with Radar,0,25,92,0,117,0,5,270,0,275,0,30,362,0,392,54,0,54,446
11/10/2010,FXE,FL,ASO,ES,Towers with Radar,0,30,111,2,143,0,7,313,0,320,0,37,424,2,463,106,0,106,569
11/11/2010,FXE,FL,ASO,ES,Towers with Radar,0,44,122,0,166,0,8,276,0,284,0,52,398,0,450,46,0,46,496
11/12/2010,FXE,FL,ASO,ES,Towers with Radar,0,34,99,0,133,0,3,244,0,247,0,37,343,0,380,30,0,30,410
11/13/2010,FXE,FL,ASO,ES,Towers with Radar,0,20,76,0,96,0,3,230,0,233,0,23,306,0,329,46,0,46,375
11/14/2010,FXE,FL,ASO,ES,Towers with Radar,0,26,101,0,127,0,0,193,0,193,0,26,294,0,320,82,0,82,402
11/15/2010,FXE,FL,ASO,ES,Towers with Radar,0,21,65,0,86,0,5,183,0,188,0,26,248,0,274,76,0,76,350
11/16/2010,FXE,FL,ASO,ES,Towers with Radar,0,34,94,1,129,0,2,242,0,244,0,36,336,1,373,100,0,100,473
11/17/2010,FXE,FL,ASO,ES,Towers with Radar,0,21,102,1,124,0,7,245,1,253,0,28,347,2,377,42,0,42,419
11/18/2010,FXE,FL,ASO,ES,Towers with Radar,0,35,134,0,169,0,2,230,1,233,0,37,364,1,402,54,0,54,456
11/19/2010,FXE,FL,ASO,ES,Towers with Radar,0,43,137,0,180,0,10,316,0,326,0,53,453,0,506,56,0,56,562
11/20/2010,FXE,FL,ASO,ES,Towers with Radar,0,25,91,0,116,0,2,238,0,240,0,27,329,0,356,28,0,28,384
11/21/2010,FXE,FL,ASO,ES,Towers with Radar,0,15,88,0,103,0,3,182,0,185,0,18,270,0,288,50,0,50,338
11/22/2010,FXE,FL,ASO,ES,Towers with Radar,0,19,96,0,115,0,4,229,0,233,0,23,325,0,348,60,0,60,408
11/23/2010,FXE,FL,ASO,ES,Towers with Radar,0,36,124,0,160,0,4,278,0,282,0,40,402,0,442,60,0,60,502
11/24/2010,FXE,FL,ASO,ES,Towers with Radar,0,40,129,0,169,0,8,276,1,285,0,48,405,1,454,30,0,30,484
11/25/2010,FXE,FL,ASO,ES,Towers with Radar,0,25,48,0,73,0,5,101,0,106,0,30,149,0,179,12,0,12,191
11/26/2010,FXE,FL,ASO,ES,Towers with Radar,0,22,94,0,116,0,7,205,0,212,0,29,299,0,328,12,0,12,340
11/27/2010,FXE,FL,ASO,ES,Towers with Radar,0,24,90,0,114,0,1,156,0,157,0,25,246,0,271,22,0,22,293
11/28/2010,FXE,FL,ASO,ES,Towers with Radar,0,54,160,0,214,0,1,185,0,186,0,55,345,0,400,54,0,54,454
11/29/2010,FXE,FL,ASO,ES,Towers with Radar,0,41,90,0,131,0,6,168,0,174,0,47,258,0,305,36,0,36,341
11/30/2010,FXE,FL,ASO,ES,Towers with Radar,0,32,86,0,118,0,6,215,0,221,0,38,301,0,339,42,0,42,381
12/01/2010,FXE,FL,ASO,ES,Towers with Radar,0,33,84,0,117,0,7,162,0,169,0,40,246,0,286,48,0,48,334
12/02/2010,FXE,FL,ASO,ES,Towers with Radar,0,47,139,0,186,0,5,249,0,254,0,52,388,0,440,38,0,38,478
12/03/2010,FXE,FL,ASO,ES,Towers with Radar,0,41,108,1,150,0,2,261,1,264,0,43,369,2,414,40,0,40,454
12/04/2010,FXE,FL,ASO,ES,Towers with Radar,0,23,73,0,96,0,3,225,0,228,0,26,298,0,324,56,0,56,380
12/05/2010,FXE,FL,ASO,ES,Towers with Radar,0,20,96,0,116,0,2,156,0,158,0,22,252,0,274,70,0,70,344
12/06/2010,FXE,FL,ASO,ES,Towers with Radar,0,25,78,0,103,0,7,194,0,201,0,32,272,0,304,46,0,46,350
12/07/2010,FXE,FL,ASO,ES,Towers with Radar,0,33,107,0,140,0,3,233,0,236,0,36,340,0,376,52,0,52,428
12/08/2010,FXE,FL,ASO,ES,Towers with Radar,0,34,94,4,132,14,2,223,0,239,14,36,317,4,371,106,4,110,481
12/09/2010,FXE,FL,ASO,ES,Towers with Radar,0,39,101,0,140,0,4,114,0,118,0,43,215,0,258,60,0,60,318
12/10/2010,FXE,FL,ASO,ES,Towers with Radar,0,29,100,0,129,0,5,262,0,267,0,34,362,0,396,34,0,34,430
12/11/2010,FXE,FL,ASO,ES,Towers with Radar,0,30,77,0,107,0,5,266,0,271,0,35,343,0,378,58,0,58,436
12/12/2010,FXE,FL,ASO,ES,Towers with Radar,0,27,81,0,108,0,2,151,1,154,0,29,232,1,262,56,0,56,318
12/13/2010,FXE,FL,ASO,ES,Towers with Radar,0,33,73,0,106,0,7,138,0,145,0,40,211,0,251,16,0,16,267
12/14/2010,FXE,FL,ASO,ES,Towers with Radar,0,33,92,0,125,0,4,224,0,228,0,37,316,0,353,86,0,86,439
12/15/2010,FXE,FL,ASO,ES,Towers with Radar,0,48,116,0,164,0,9,259,0,268,0,57,375,0,432,28,0,28,460
12/16/2010,FXE,FL,ASO,ES,Towers with Radar,0,44,141,0,185,0,10,260,0,270,0,54,401,0,455,40,0,40,495
12/17/2010,FXE,FL,ASO,ES,Towers with Radar,0,46,153,0,199,0,6,260,0,266,0,52,413,0,465,24,0,24,489
12/18/2010,FXE,FL,ASO,ES,Towers with Radar,0,43,112,0,155,0,3,106,0,109,0,46,218,0,264,12,0,12,276
12/19/2010,FXE,FL,ASO,ES,Towers with Radar,0,34,124,0,158,0,1,83,0,84,0,35,207,0,242,60,0,60,302
12/20/2010,FXE,FL,ASO,ES,Towers with Radar,0,28,104,0,132,0,3,217,0,220,0,31,321,0,352,28,0,28,380
12/21/2010,FXE,FL,ASO,ES,Towers with Radar,0,41,96,0,137,0,9,253,0,262,0,50,349,0,399,64,0,64,463
12/22/2010,FXE,FL,ASO,ES,Towers with Radar,0,37,117,0,154,0,6,247,0,253,0,43,364,0,407,56,0,56,463
12/23/2010,FXE,FL,ASO,ES,Towers with Radar,1,29,98,0,128,0,4,247,0,251,1,33,345,0,379,72,0,72,451
12/24/2010,FXE,FL,ASO,ES,Towers with Radar,0,20,51,0,71,0,5,172,0,177,0,25,223,0,248,38,0,38,286
12/25/2010,FXE,FL,ASO,ES,Towers with Radar,0,12,30,0,42,0,2,98,0,100,0,14,128,0,142,16,0,16,158
12/26/2010,FXE,FL,ASO,ES,Towers with Radar,0,59,124,0,183,0,5,56,0,61,0,64,180,0,244,6,0,6,250
12/27/2010,FXE,FL,ASO,ES,Towers with Radar,0,48,102,0,150,0,6,182,0,188,0,54,284,0,338,26,0,26,364
12/28/2010,FXE,FL,ASO,ES,Towers with Radar,0,61,135,0,196,0,13,290,0,303,0,74,425,0,499,42,0,42,541
12/29/2010,FXE,FL,ASO,ES,Towers with Radar,0,58,123,0,181,0,8,255,0,263,0,66,378,0,444,54,0,54,498
12/30/2010,FXE,FL,ASO,ES,Towers with Radar,0,46,88,2,136,0,7,325,0,332,0,53,413,2,468,58,0,58,526
12/31/2010,FXE,FL,ASO,ES,Towers with Radar,0,27,70,0,97,0,5,205,0,210,0,32,275,0,307,40,0,40,347
01/01/2011,FXE,FL,ASO,ES,Towers with Radar,0,46,81,0,127,0,2,112,0,114,0,48,193,0,241,4,0,4,245
01/02/2011,FXE,FL,ASO,ES,Towers with Radar,0,60,180,0,240,0,9,233,0,242,0,69,413,0,482,34,0,34,516
01/03/2011,FXE,FL,ASO,ES,Towers with Radar,0,63,163,0,226,0,5,184,0,189,0,68,347,0,415,36,0,36,451
01/04/2011,FXE,FL,ASO,ES,Towers with Radar,0,41,143,0,184,0,3,248,0,251,0,44,391,0,435,50,0,50,485
01/05/2011,FXE,FL,ASO,ES,Towers with Radar,0,33,108,0,141,0,8,257,0,265,0,41,365,0,406,50,0,50,456
01/06/2011,FXE,FL,ASO,ES,Towers with Radar,0,37,97,0,134,0,5,124,0,129,0,42,221,0,263,45,0,45,308
01/07/2011,FXE,FL,ASO,ES,Towers with Radar,0,30,125,0,155,0,8,242,0,250,0,38,367,0,405,44,0,44,449
01/08/2011,FXE,FL,ASO,ES,Towers with Radar,0,19,97,0,116,0,7,257,0,264,0,26,354,0,380,52,0,52,432
01/09/2011,FXE,FL,ASO,ES,Towers with Radar,0,24,117,0,141,0,2,190,0,192,0,26,307,0,333,26,0,26,359
01/10/2011,FXE,FL,ASO,ES,Towers with Radar,1,24,102,0,127,0,5,164,0,169,1,29,266,0,296,50,0,50,346
01/11/2011,FXE,FL,ASO,ES,Towers with Radar,0,45,111,0,156,0,2,163,0,165,0,47,274,0,321,40,0,40,361
01/12/2011,FXE,FL,ASO,ES,Towers with Radar,0,30,101,0,131,0,4,234,0,238,0,34,335,0,369,38,0,38,407
01/13/2011,FXE,FL,ASO,ES,Towers with Radar,0,43,103,0,146,0,8,196,0,204,0,51,299,0,350,12,0,12,362
01/14/2011,FXE,FL,ASO,ES,Towers with Radar,0,31,116,1,148,1,5,254,0,260,1,36,370,1,408,60,0,60,468
01/15/2011,FXE,FL,ASO,ES,Towers with Radar,0,19,76,0,95,0,0,246,0,246,0,19,322,0,341,62,0,62,403
01/16/2011,FXE,FL,ASO,ES,Towers with Radar,0,37,110,0,147,0,3,175,0,178,0,40,285,0,325,28,0,28,353
01/17/2011,FXE,FL,ASO,ES,Towers with Radar,0,33,96,1,130,0,2,65,0,67,0,35,161,1,197,16,0,16,213
01/18/2011,FXE,FL,ASO,ES,Towers with Radar,0,53,116,2,171,0,6,216,0,222,0,59,332,2,393,40,0,40,433
01/19/2011,FXE,FL,ASO,ES,Towers with Radar,0,35,129,2,166,0,5,159,0,164,0,40,288,2,330,24,0,24,354
01/20/2011,FXE,FL,ASO,ES,Towers with Radar,0,41,99,0,140,0,7,263,0,270,0,48,362,0,410,84,0,84,494
01/21/2011,FXE,FL,ASO,ES,Towers with Radar,0,28,99,0,127,0,7,191,0,198,0,35,290,0,325,36,0,36,361
01/22/2011,FXE,FL,ASO,ES,Towers with Radar,0,35,61,0,96,0,0,118,0,118,0,35,179,0,214,28,0,28,242
01/23/2011,FXE,FL,ASO,ES,Towers with Radar,0,19,98,0,117,0,1,208,0,209,0,20,306,0,326,14,0,14,340
01/24/2011,FXE,FL,ASO,ES,Towers with Radar,0,42,126,1,169,0,4,214,0,218,0,46,340,1,387,70,0,70,457
01/25/2011,FXE,FL,ASO,ES,Towers with Radar,0,39,86,3,128,0,6,117,0,123,0,45,203,3,251,20,0,20,271
01/26/2011,FXE,FL,ASO,ES,Towers with Radar,0,39,100,0,139,0,5,194,0,199,0,44,294,0,338,38,0,38,376
01/27/2011,FXE,FL,ASO,ES,Towers with Radar,0,51,131,0,182,0,7,288,0,295,0,58,419,0,477,104,0,104,581
01/28/2011,FXE,FL,ASO,ES,Towers with Radar,0,37,106,0,143,0,4,285,0,289,0,41,391,0,432,74,0,74,506
01/29/2011,FXE,FL,ASO,ES,Towers with Radar,0,22,60,0,82,0,4,318,0,322,0,26,378,0,404,24,0,24,428
01/30/2011,FXE,FL,ASO,ES,Towers with Radar,0,32,91,0,123,0,1,172,0,173,0,33,263,0,296,30,0,30,326
01/31/2011,FXE,FL,ASO,ES,Towers with Radar,0,30,104,0,134,0,5,174,0,179,0,35,278,0,313,56,0,56,369
02/01/2011,FXE,FL,ASO,ES,Towers with Radar,0,21,80,0,101,0,1,197,0,198,0,22,277,0,299,54,0,54,353
02/02/2011,FXE,FL,ASO,ES,Towers with Radar,0,19,84,0,103,0,4,246,0,250,0,23,330,0,353,76,0,76,429
02/03/2011,FXE,FL,ASO,ES,Towers with Radar,0,46,120,0,166,0,3,253,0,256,0,49,373,0,422,70,0,70,492
02/04/2011,FXE,FL,ASO,ES,Towers with Radar,0,28,97,0,125,0,4,268,0,272,0,32,365,0,397,60,0,60,457
02/05/2011,FXE,FL,ASO,ES,Towers with Radar,0,26,91,0,117,0,26,166,0,192,0,52,257,0,309,72,0,72,381
02/06/2011,FXE,FL,ASO,ES,Towers with Radar,0,27,110,0,137,0,0,117,0,117,0,27,227,0,254,50,0,50,304
02/07/2011,FXE,FL,ASO,ES,Towers with Radar,0,38,91,0,129,0,5,211,0,216,0,43,302,0,345,36,0,36,381
02/08/2011,FXE,FL,ASO,ES,Towers with Radar,0,33,89,4,126,0,6,233,5,244,0,39,322,9,370,68,0,68,438
02/09/2011,FXE,FL,ASO,ES,Towers with Radar,0,39,109,7,155,0,4,212,7,223,0,43,321,14,378,50,0,50,428
02/10/2011,FXE,FL,ASO,ES,Towers with Radar,0,47,93,0,140,0,2,184,0,186,0,49,277,0,326,78,0,78,404
02/11/2011,FXE,FL,ASO,ES,Towers with Radar,0,39,157,0,196,0,3,103,0,106,0,42,260,0,302,8,0,8,310
02/12/2011,FXE,FL,ASO,ES,Towers with Radar,0,35,86,0,121,0,2,133,0,135,0,37,219,0,256,28,0,28,284
02/13/2011,FXE,FL,ASO,ES,Towers with Radar,0,25,95,0,120,0,4,223,0,227,0,29,318,0,347,42,0,42,389
02/14/2011,FXE,FL,ASO,ES,Towers with Radar,0,28,79,4,111,0,6,227,3,236,0,34,306,7,347,50,0,50,397
02/15/2011,FXE,FL,ASO,ES,Towers with Radar,0,38,146,0,184,0,8,326,0,334,0,46,472,0,518,70,0,70,588
02/16/2011,FXE,FL,ASO,ES,Towers with Radar,0,37,120,0,157,0,10,360,0,370,0,47,480,0,527,38,0,38,565
02/17/2011,FXE,FL,ASO,ES,Towers with Radar,0,51,142,4,197,0,7,273,4,284,0,58,415,8,481,56,0,56,537
02/18/2011,FXE,FL,ASO,ES,Towers with Radar,0,56,128,0,184,0,4,316,0,320,0,60,444,0,504,52,0,52,556
02/19/2011,FXE,FL,ASO,ES,Towers with Radar,0,35,110,0,145,0,4,255,0,259,0,39,365,0,404,74,0,74,478
02/20/2011,FXE,FL,ASO,ES,Towers with Radar,0,39,107,0,146,0,7,239,0,246,0,46,346,0,392,86,0,86,478
02/21/2011,FXE,FL,ASO,ES,Towers with Radar,0,42,140,0,182,0,7,257,0,264,0,49,397,0,446,40,0,40,486
02/22/2011,FXE,FL,ASO,ES,Towers with Radar,0,40,97,0,137,0,6,224,0,230,0,46,321,0,367,28,0,28,395
02/23/2011,FXE,FL,ASO,ES,Towers with Radar,0,33,130,0,163,0,4,318,1,323,0,37,448,1,486,44,0,44,530
02/24/2011,FXE,FL,ASO,ES,Towers with Radar,0,39,128,0,167,0,5,276,0,281,0,44,404,0,448,62,0,62,510
02/25/2011,FXE,FL,ASO,ES,Towers with Radar,0,33,119,2,154,0,8,318,2,328,0,41,437,4,482,62,0,62,544
02/26/2011,FXE,FL,ASO,ES,Towers with Radar,0,36,124,0,160,0,5,258,0,263,0,41,382,0,423,36,0,36,459
02/27/2011,FXE,FL,ASO,ES,Towers with Radar,1,33,94,0,128,0,2,191,0,193,1,35,285,0,321,36,0,36,357
02/28/2011,FXE,FL,ASO,ES,Towers with Radar,0,34,103,0,137,0,7,175,0,182,0,41,278,0,319,36,0,36,355
03/01/2011,FXE,FL,ASO,ES,Towers with Radar,0,39,89,0,128,0,4,183,0,187,0,43,272,0,315,58,0,58,373
03/02/2011,FXE,FL,ASO,ES,Towers with Radar,0,38,130,0,168,0,3,247,0,250,0,41,377,0,418,62,0,62,480
03/03/2011,FXE,FL,ASO,ES,Towers with Radar,0,38,136,0,174,0,7,222,0,229,0,45,358,0,403,50,0,50,453
03/04/2011,FXE,FL,ASO,ES,Towers with Radar,0,38,123,0,161,0,1,156,0,157,0,39,279,0,318,26,0,26,344
03/05/2011,FXE,FL,ASO,ES,Towers with Radar,0,35,104,0,139,0,2,197,0,199,0,37,301,0,338,12,0,12,350
03/06/2011,FXE,FL,ASO,ES,Towers with Radar,0,26,93,0,119,0,3,118,0,121,0,29,211,0,240,50,0,50,290
03/07/2011,FXE,FL,ASO,ES,Towers with Radar,0,29,113,0,142,0,5,276,0,281,0,34,389,0,423,84,0,84,507
03/08/2011,FXE,FL,ASO,ES,Towers with Radar,0,33,118,0,151,0,5,273,0,278,0,38,391,0,429,66,0,66,495
03/09/2011,FXE,FL,ASO,ES,Towers with Radar,0,33,135,0,168,0,6,246,0,252,0,39,381,0,420,30,0,30,450
03/10/2011,FXE,FL,ASO,ES,Towers with Radar,0,42,99,0,141,0,4,183,0,187,0,46,282,0,328,50,0,50,378
03/11/2011,FXE,FL,ASO,ES,Towers with Radar,0,34,139,2,175,0,12,317,0,329,0,46,456,2,504,34,0,34,538
03/12/2011,FXE,FL,ASO,ES,Towers with Radar,0,40,116,0,156,0,9,307,0,316,0,49,423,0,472,20,0,20,492
03/13/2011,FXE,FL,ASO,ES,Towers with Radar,0,34,123,0,157,0,3,222,0,225,0,37,345,0,382,14,0,14,396
03/14/2011,FXE,FL,ASO,ES,Towers with Radar,0,29,114,0,143,0,6,262,0,268,0,35,376,0,411,38,0,38,449
03/15/2011,FXE,FL,ASO,ES,Towers with Radar,0,39,95,0,134,0,8,258,0,266,0,47,353,0,400,52,0,52,452
03/16/2011,FXE,FL,ASO,ES,Towers with Radar,0,43,136,0,179,0,3,335,0,338,0,46,471,0,517,60,0,60,577
03/17/2011,FXE,FL,ASO,ES,Towers with Radar,0,41,114,0,155,0,6,296,0,302,0,47,410,0,457,46,0,46,503
03/18/2011,FXE,FL,ASO,ES,Towers with Radar,0,47,132,3,182,0,5,346,2,353,0,52,478,5,535,102,0,102,637
03/19/2011,FXE,FL,ASO,ES,Towers with Radar,0,40,116,0,156,0,5,310,0,315,0,45,426,0,471,42,0,42,513
03/20/2011,FXE,FL,ASO,ES,Towers with Radar,0,37,121,0,158,0,1,270,0,271,0,38,391,0,429,32,0,32,461
03/21/2011,FXE,FL,ASO,ES,Towers with Radar,0,34,116,1,151,0,4,195,0,199,0,38,311,1,350,30,0,30,380
03/22/2011,FXE,FL,ASO,ES,Towers with Radar,0,45,111,2,158,0,2,264,0,266,0,47,375,2,424,62,0,62,486
03/23/2011,FXE,FL,ASO,ES,Towers with Radar,0,34,115,0,149,0,9,268,0,277,0,43,383,0,426,54,0,54,480
03/24/2011,FXE,FL,ASO,ES,Towers with Radar,0,40,104,0,144,0,7,252,0,259,0,47,356,0,403,52,0,52,455
03/25/2011,FXE,FL,ASO,ES,Towers with Radar,0,35,148,0,183,0,4,224,0,228,0,39,372,0,411,46,0,46,457
03/26/2011,FXE,FL,ASO,ES,Towers with Radar,0,39,93,0,132,0,4,253,1,258,0,43,346,1,390,28,0,28,418
03/27/2011,FXE,FL,ASO,ES,Towers with Radar,0,36,116,0,152,0,5,258,1,264,0,41,374,1,416,74,0,74,490
03/28/2011,FXE,FL,ASO,ES,Towers with Radar,0,43,92,0,135,0,6,107,0,113,0,49,199,0,248,24,0,24,272
03/29/2011,FXE,FL,ASO,ES,Towers with Radar,0,34,113,0,147,0,2,211,1,214,0,36,324,1,361,62,0,62,423
03/30/2011,FXE,FL,ASO,ES,Towers with Radar,0,42,119,0,161,0,9,247,0,256,0,51,366,0,417,48,0,48,465
03/31/2011,FXE,FL,ASO,ES,Towers with Radar,0,37,86,0,123,0,4,175,0,179,0,41,261,0,302,60,0,60,362
04/01/2011,FXE,FL,ASO,ES,Towers with Radar,0,34,147,0,181,0,3,206,0,209,0,37,353,0,390,46,0,46,436
04/02/2011,FXE,FL,ASO,ES,Towers with Radar,0,32,118,0,150,0,3,289,0,292,0,35,407,0,442,38,0,38,480
04/03/2011,FXE,FL,ASO,ES,Towers with Radar,0,26,116,0,142,0,3,233,0,236,0,29,349,0,378,44,0,44,422
04/04/2011,FXE,FL,ASO,ES,Towers with Radar,0,39,103,0,142,0,4,233,0,237,0,43,336,0,379,16,0,16,395
04/05/2011,FXE,FL,ASO,ES,Towers with Radar,0,34,48,0,82,0,7,141,0,148,0,41,189,0,230,40,0,40,270
04/06/2011,FXE,FL,ASO,ES,Towers with Radar,0,37,132,0,169,0,3,263,0,266,0,40,395,0,435,68,0,68,503
04/07/2011,FXE,FL,ASO,ES,Towers with Radar,0,49,111,1,161,0,9,274,0,283,0,58,385,1,444,73,0,73,517
04/08/2011,FXE,FL,ASO,ES,Towers with Radar,0,45,130,2,177,0,7,324,0,331,0,52,454,2,508,20,0,20,528
04/09/2011,FXE,FL,ASO,ES,Towers with Radar,0,33,88,0,121,0,4,275,2,281,0,37,363,2,402,30,0,30,432
04/10/2011,FXE,FL,ASO,ES,Towers with Radar,0,22,89,0,111,0,10,284,0,294,0,32,373,0,405,92,0,92,497
04/11/2011,FXE,FL,ASO,ES,Towers with Radar,0,26,94,1,121,0,6,209,1,216,0,32,303,2,337,68,0,68,405
04/12/2011,FXE,FL,ASO,ES,Towers with Radar,0,27,80,0,107,0,10,192,0,202,0,37,272,0,309,50,0,50,359
04/13/2011,FXE,FL,ASO,ES,Towers with Radar,0,45,104,0,149,0,5,262,0,267,0,50,366,0,416,102,0,102,518
04/14/2011,FXE,FL,ASO,ES,Towers with Radar,0,53,136,0,189,0,7,273,0,280,0,60,409,0,469,80,0,80,549
04/15/2011,FXE,FL,ASO,ES,Towers with Radar,0,45,167,0,212,0,5,305,0,310,0,50,472,0,522,50,0,50,572
04/16/2011,FXE,FL,ASO,ES,Towers with Radar,1,33,107,0,141,0,2,250,0,252,1,35,357,0,393,104,0,104,497
04/17/2011,FXE,FL,ASO,ES,Towers with Radar,0,33,111,0,144,0,2,175,0,177,0,35,286,0,321,100,0,100,421
04/18/2011,FXE,FL,ASO,ES,Towers with Radar,0,25,124,0,149,0,6,219,0,225,0,31,343,0,374,34,0,34,408
04/19/2011,FXE,FL,ASO,ES,Towers with Radar,0,41,117,0,158,0,7,241,0,248,0,48,358,0,406,46,0,46,452
04/20/2011,FXE,FL,ASO,ES,Towers with Radar,0,34,122,0,156,0,7,327,0,334,0,41,449,0,490,74,0,74,564
04/21/2011,FXE,FL,ASO,ES,Towers with Radar,0,44,112,0,156,0,15,311,0,326,0,59,423,0,482,58,0,58,540
04/22/2011,FXE,FL,ASO,ES,Towers with Radar,0,35,105,0,140,0,8,293,0,301,0,43,398,0,441,18,0,18,459
04/23/2011,FXE,FL,ASO,ES,Towers with Radar,0,26,98,0,124,0,11,285,0,296,0,37,383,0,420,64,0,64,484
04/24/2011,FXE,FL,ASO,ES,Towers with Radar,0,36,100,0,136,0,5,184,0,189,0,41,284,0,325,84,0,84,409
04/25/2011,FXE,FL,ASO,ES,Towers with Radar,0,53,128,1,182,0,16,233,1,250,0,69,361,2,432,50,0,50,482
04/26/2011,FXE,FL,ASO,ES,Towers with Radar,0,39,105,4,148,0,5,219,0,224,0,44,324,4,372,46,0,46,418
04/27/2011,FXE,FL,ASO,ES,Towers with Radar,0,36,124,1,161,0,3,264,1,268,0,39,388,2,429,62,0,62,491
04/28/2011,FXE,FL,ASO,ES,Towers with Radar,0,38,126,0,164,0,14,287,0,301,0,52,413,0,465,50,0,50,515
04/29/2011,FXE,FL,ASO,ES,Towers with Radar,0,50,117,0,167,0,5,190,1,196,0,55,307,1,363,36,0,36,399
04/30/2011,FXE,FL,ASO,ES,Towers with Radar,0,21,90,0,111,0,1,224,0,225,0,22,314,0,336,74,0,74,410
05/01/2011,FXE,FL,ASO,ES,Towers with Radar,0,36,104,0,140,0,2,248,0,250,0,38,352,0,390,136,0,136,526
05/02/2011,FXE,FL,ASO,ES,Towers with Radar,0,33,85,0,118,0,4,247,1,252,0,37,332,1,370,68,0,68,438
05/03/2011,FXE,FL,ASO,ES,Towers with Radar,0,31,95,0,126,0,2,254,0,256,0,33,349,0,382,58,0,58,440
05/04/2011,FXE,FL,ASO,ES,Towers with Radar,0,36,101,0,137,0,4,258,0,262,0,40,359,0,399,72,0,72,471
05/05/2011,FXE,FL,ASO,ES,Towers with Radar,1,43,105,0,149,0,4,188,0,192,1,47,293,0,341,80,0,80,421
05/06/2011,FXE,FL,ASO,ES,Towers with Radar,0,36,93,2,131,0,3,189,0,192,0,39,282,2,323,74,0,74,397
05/07/2011,FXE,FL,ASO,ES,Towers with Radar,0,24,74,0,98,0,3,250,0,253,0,27,324,0,351,62,0,62,413
05/08/2011,FXE,FL,ASO,ES,Towers with Radar,0,24,63,0,87,0,2,206,0,208,0,26,269,0,295,76,0,76,371
05/09/2011,FXE,FL,ASO,ES,Towers with Radar,0,26,85,0,111,15,4,200,0,219,15,30,285,0,330,98,0,98,428
05/10/2011,FXE,FL,ASO,ES,Towers with Radar,0,32,83,0,115,0,3,254,0,257,0,35,337,0,372,110,0,110,482
05/11/2011,FXE,FL,ASO,ES,Towers with Radar,0,37,72,0,109,0,4,273,1,278,0,41,345,1,387,36,0,36,423
05/12/2011,FXE,FL,ASO,ES,Towers with Radar,0,43,83,0,126,0,1,252,0,253,0,44,335,0,379,66,0,66,445
05/13/2011,FXE,FL,ASO,ES,Towers with Radar,0,33,91,0,124,0,2,330,1,333,0,35,421,1,457,54,0,54,511
05/14/2011,FXE,FL,ASO,ES,Towers with Radar,0,16,54,0,70,0,0,164,0,164,0,16,218,0,234,44,0,44,278
05/15/2011,FXE,FL,ASO,ES,Towers with Radar,0,31,77,0,108,0,4,123,0,127,0,35,200,0,235,22,0,22,257
05/16/2011,FXE,FL,ASO,ES,Towers with Radar,0,40,74,0,114,0,62,268,0,330,0,102,342,0,444,60,0,60,504
05/17/2011,FXE,FL,ASO,ES,Towers with Radar,0,37,72,0,109,0,4,211,1,216,0,41,283,1,325,62,0,62,387
05/18/2011,FXE,FL,ASO,ES,Towers with Radar,0,29,83,0,112,0,4,253,1,258,0,33,336,1,370,46,0,46,416
05/19/2011,FXE,FL,ASO,ES,Towers with Radar,0,43,98,0,141,0,2,279,0,281,0,45,377,0,422,58,0,58,480
05/20/2011,FXE,FL,ASO,ES,Towers with Radar,0,47,90,0,137,0,4,299,0,303,0,51,389,0,440,78,0,78,518
05/21/2011,FXE,FL,ASO,ES,Towers with Radar,0,30,37,0,67,0,3,216,0,219,0,33,253,0,286,64,0,64,350
05/22/2011,FXE,FL,ASO,ES,Towers with Radar,0,33,70,0,103,0,3,220,0,223,0,36,290,0,326,66,0,66,392
05/23/2011,FXE,FL,ASO,ES,Towers with Radar,0,30,74,0,104,0,1,238,1,240,0,31,312,1,344,108,0,108,452
05/24/2011,FXE,FL,ASO,ES,Towers with Radar,0,38,73,0,111,0,3,274,0,277,0,41,347,0,388,98,0,98,486
05/25/2011,FXE,FL,ASO,ES,Towers with Radar,0,33,65,1,99,0,6,301,1,308,0,39,366,2,407,56,0,56,463
05/26/2011,FXE,FL,ASO,ES,Towers with Radar,0,40,78,0,118,0,3,265,0,268,0,43,343,0,386,82,0,82,468
05/27/2011,FXE,FL,ASO,ES,Towers with Radar,0,65,101,0,166,0,3,267,0,270,0,68,368,0,436,28,0,28,464
05/28/2011,FXE,FL,ASO,ES,Towers with Radar,0,15,71,0,86,0,0,230,0,230,0,15,301,0,316,90,0,90,406
05/29/2011,FXE,FL,ASO,ES,Towers with Radar,0,18,47,0,65,0,2,155,0,157,0,20,202,0,222,76,0,76,298
05/30/2011,FXE,FL,ASO,ES,Towers with Radar,0,30,75,0,105,0,1,201,0,202,0,31,276,0,307,58,0,58,365
05/31/2011,FXE,FL,ASO,ES,Towers with Radar,0,32,78,0,110,0,4,222,0,226,0,36,300,0,336,80,0,80,416
06/01/2011,FXE,FL,ASO,ES,Towers with Radar,0,27,76,0,103,0,4,228,0,232,0,31,304,0,335,106,0,106,441
06/02/2011,FXE,FL,ASO,ES,Towers with Radar,0,35,87,0,122,0,3,238,0,241,0,38,325,0,363,82,0,82,445
06/03/2011,FXE,FL,ASO,ES,Towers with Radar,0,36,94,0,130,0,3,217,0,220,0,39,311,0,350,46,0,46,396
06/04/2011,FXE,FL,ASO,ES,Towers with Radar,0,29,40,0,69,0,1,202,0,203,0,30,242,0,272,40,0,40,312
06/05/2011,FXE,FL,ASO,ES,Towers with Radar,0,30,66,0,96,0,2,211,0,213,0,32,277,0,309,64,0,64,373
06/06/2011,FXE,FL,ASO,ES,Towers with Radar,0,24,77,0,101,0,5,200,1,206,0,29,277,1,307,60,0,60,367
06/07/2011,FXE,FL,ASO,ES,Towers with Radar,0,23,65,0,88,0,0,208,0,208,0,23,273,0,296,30,0,30,326
06/08/2011,FXE,FL,ASO,ES,Towers with Radar,0,34,93,0,127,0,0,228,1,229,0,34,321,1,356,37,0,37,393
06/09/2011,FXE,FL,ASO,ES,Towers with Radar,0,39,97,0,136,0,2,242,0,244,0,41,339,0,380,64,0,64,444
06/10/2011,FXE,FL,ASO,ES,Towers with Radar,0,39,88,0,127,0,4,252,0,256,0,43,340,0,383,34,0,34,417
06/11/2011,FXE,FL,ASO,ES,Towers with Radar,0,22,69,0,91,0,5,162,0,167,0,27,231,0,258,34,0,34,292
06/12/2011,FXE,FL,ASO,ES,Towers with Radar,0,32,68,0,100,0,3,147,0,150,0,35,215,0,250,20,0,20,270
06/13/2011,FXE,FL,ASO,ES,Towers with Radar,0,28,71,0,99,0,3,154,1,158,0,31,225,1,257,38,0,38,295
06/14/2011,FXE,FL,ASO,ES,Towers with Radar,0,26,66,0,92,0,2,178,0,180,0,28,244,0,272,70,0,70,342
06/15/2011,FXE,FL,ASO,ES,Towers with Radar,0,28,90,0,118,0,1,167,0,168,0,29,257,0,286,48,0,48,334
06/16/2011,FXE,FL,ASO,ES,Towers with Radar,0,36,94,0,130,0,6,244,0,250,0,42,338,0,380,34,0,34,414
06/17/2011,FXE,FL,ASO,ES,Towers with Radar,0,47,78,0,125,0,4,235,0,239,0,51,313,0,364,112,0,112,476
06/18/2011,FXE,FL,ASO,ES,Towers with Radar,0,42,74,0,116,0,4,193,0,197,0,46,267,0,313,90,0,90,403
06/19/2011,FXE,FL,ASO,ES,Towers with Radar,0,19,72,0,91,0,4,127,0,131,0,23,199,0,222,48,0,48,270
06/20/2011,FXE,FL,ASO,ES,Towers with Radar,0,30,91,0,121,0,2,216,0,218,0,32,307,0,339,96,0,96,435
06/21/2011,FXE,FL,ASO,ES,Towers with Radar,0,33,93,0,126,0,2,200,0,202,0,35,293,0,328,104,0,104,432
06/22/2011,FXE,FL,ASO,ES,Towers with Radar,0,29,76,0,105,0,4,224,0,228,0,33,300,0,333,86,0,86,419
06/23/2011,FXE,FL,ASO,ES,Towers with Radar,0,45,74,0,119,0,3,241,0,244,0,48,315,0,363,66,0,66,429
06/24/2011,FXE,FL,ASO,ES,Towers with Radar,0,36,72,0,108,0,2,196,0,198,0,38,268,0,306,62,0,62,368
06/25/2011,FXE,FL,ASO,ES,Towers with Radar,0,30,57,0,87,0,0,186,0,186,0,30,243,0,273,78,0,78,351
06/26/2011,FXE,FL,ASO,ES,Towers with Radar,0,41,70,0,111,0,5,179,0,184,0,46,249,0,295,40,0,40,335
06/27/2011,FXE,FL,ASO,ES,Towers with Radar,0,25,81,0,106,0,0,268,1,269,0,25,349,1,375,94,0,94,469
06/28/2011,FXE,FL,ASO,ES,Towers with Radar,0,28,72,4,104,0,3,141,0,144,0,31,213,4,248,76,0,76,324
06/29/2011,FXE,FL,ASO,ES,Towers with Radar,0,37,89,0,126,0,0,151,0,151,0,37,240,0,277,18,0,18,295
06/30/2011,FXE,FL,ASO,ES,Towers with Radar,0,45,105,0,150,0,2,226,0,228,0,47,331,0,378,98,0,98,476
07/01/2011,FXE,FL,ASO,ES,Towers with Radar,0,38,111,0,149,0,2,206,0,208,0,40,317,0,357,60,0,60,417
07/02/2011,FXE,FL,ASO,ES,Towers with Radar,0,21,66,0,87,0,1,201,0,202,0,22,267,0,289,68,0,68,357
07/03/2011,FXE,FL,ASO,ES,Towers with Radar,0,13,77,0,90,0,2,129,0,131,0,15,206,0,221,60,0,60,281
07/04/2011,FXE,FL,ASO,ES,Towers with Radar,0,11,36,0,47,0,6,155,0,161,0,17,191,0,208,40,0,40,248
07/05/2011,FXE,FL,ASO,ES,Towers with Radar,0,40,86,0,126,0,1,245,0,246,0,41,331,0,372,59,0,59,431
07/06/2011,FXE,FL,ASO,ES,Towers with Radar,0,29,102,0,131,0,3,199,0,202,0,32,301,0,333,82,0,82,415
07/07/2011,FXE,FL,ASO,ES,Towers with Radar,0,43,96,0,139,0,3,56,0,59,0,46,152,0,198,24,0,24,222
07/08/2011,FXE,FL,ASO,ES,Towers with Radar,0,34,87,0,121,0,3,267,0,270,0,37,354,0,391,98,0,98,489
07/09/2011,FXE,FL,ASO,ES,Towers with Radar,0,30,88,0,118,0,3,186,0,189,0,33,274,0,307,58,0,58,365
07/10/2011,FXE,FL,ASO,ES,Towers with Radar,0,19,68,0,87,0,2,213,0,215,0,21,281,0,302,108,0,108,410
07/11/2011,FXE,FL,ASO,ES,Towers with Radar,0,21,101,0,122,0,1,240,1,242,0,22,341,1,364,82,0,82,446
07/12/2011,FXE,FL,ASO,ES,Towers with Radar,1,33,108,0,142,0,2,246,0,248,1,35,354,0,390,68,0,68,458
07/13/2011,FXE,FL,ASO,ES,Towers with Radar,0,26,105,0,131,0,1,199,0,200,0,27,304,0,331,96,0,96,427
07/14/2011,FXE,FL,ASO,ES,Towers with Radar,0,32,96,0,128,0,0,278,0,278,0,32,374,0,406,58,0,58,464
07/15/2011,FXE,FL,ASO,ES,Towers with Radar,0,43,101,0,144,0,2,261,0,263,0,45,362,0,407,56,0,56,463
07/16/2011,FXE,FL,ASO,ES,Towers with Radar,0,28,62,0,90,0,0,215,0,215,0,28,277,0,305,64,0,64,369
07/17/2011,FXE,FL,ASO,ES,Towers with Radar,0,15,78,3,96,0,1,132,0,133,0,16,210,3,229,66,0,66,295
07/18/2011,FXE,FL,ASO,ES,Towers with Radar,0,24,68,4,96,0,2,174,0,176,0,26,242,4,272,124,0,124,396
07/19/2011,FXE,FL,ASO,ES,Towers with Radar,0,34,92,0,126,0,0,219,0,219,0,34,311,0,345,112,0,112,457
07/20/2011,FXE,FL,ASO,ES,Towers with Radar,0,29,85,0,114,0,3,215,1,219,0,32,300,1,333,74,0,74,407
07/21/2011,FXE,FL,ASO,ES,Towers with Radar,0,36,104,0,140,0,1,214,0,215,0,37,318,0,355,58,0,58,413
07/22/2011,FXE,FL,ASO,ES,Towers with Radar,0,28,101,0,129,0,3,252,0,255,0,31,353,0,384,94,0,94,478
07/23/2011,FXE,FL,ASO,ES,Towers with Radar,0,20,73,1,94,0,1,230,1,232,0,21,303,2,326,76,0,76,402
07/24/2011,FXE,FL,ASO,ES,Towers with Radar,0,11,66,0,77,0,0,150,0,150,0,11,216,0,227,46,0,46,273
07/25/2011,FXE,FL,ASO,ES,Towers with Radar,0,25,68,0,93,0,2,198,0,200,0,27,266,0,293,86,0,86,379
07/26/2011,FXE,FL,ASO,ES,Towers with Radar,0,24,100,0,124,0,1,217,1,219,0,25,317,1,343,121,0,121,464
07/27/2011,FXE,FL,ASO,ES,Towers with Radar,0,27,99,0,126,0,1,204,0,205,0,28,303,0,331,104,0,104,435
07/28/2011,FXE,FL,ASO,ES,Towers with Radar,0,31,101,0,132,0,1,261,0,262,0,32,362,0,394,66,0,66,460
07/29/2011,FXE,FL,ASO,ES,Towers with Radar,0,41,97,0,138,0,5,244,0,249,0,46,341,0,387,48,0,48,435
07/30/2011,FXE,FL,ASO,ES,Towers with Radar,0,25,69,0,94,0,11,235,0,246,0,36,304,0,340,64,0,64,404
07/31/2011,FXE,FL,ASO,ES,Towers with Radar,0,25,62,0,87,0,4,198,0,202,0,29,260,0,289,100,0,100,389
08/01/2011,FXE,FL,ASO,ES,Towers with Radar,0,23,74,2,99,0,0,173,1,174,0,23,247,3,273,78,0,78,351
08/02/2011,FXE,FL,ASO,ES,Towers with Radar,0,26,72,0,98,0,2,205,1,208,0,28,277,1,306,64,0,64,370
08/03/2011,FXE,FL,ASO,ES,Towers with Radar,0,34,85,0,119,0,3,205,0,208,0,37,290,0,327,154,0,154,481
08/04/2011,FXE,FL,ASO,ES,Towers with Radar,0,37,96,0,133,0,2,248,0,250,0,39,344,0,383,94,0,94,477
08/05/2011,FXE,FL,ASO,ES,Towers with Radar,0,32,80,0,112,0,3,246,0,249,0,35,326,0,361,72,0,72,433
08/06/2011,FXE,FL,ASO,ES,Towers with Radar,0,20,49,0,69,0,0,131,0,131,0,20,180,0,200,68,0,68,268
08/07/2011,FXE,FL,ASO,ES,Towers with Radar,0,19,59,0,78,0,2,103,2,107,0,21,162,2,185,60,0,60,245
08/08/2011,FXE,FL,ASO,ES,Towers with Radar,0,18,60,0,78,0,1,156,0,157,0,19,216,0,235,74,0,74,309
08/09/2011,FXE,FL,ASO,ES,Towers with Radar,0,29,54,0,83,0,4,179,0,183,0,33,233,0,266,40,0,40,306
08/10/2011,FXE,FL,ASO,ES,Towers with Radar,0,35,78,0,113,0,1,212,0,213,0,36,290,0,326,68,0,68,394
08/11/2011,FXE,FL,ASO,ES,Towers with Radar,0,40,92,0,132,0,2,209,0,211,0,42,301,0,343,82,0,82,425
08/12/2011,FXE,FL,ASO,ES,Towers with Radar,1,39,94,0,134,0,1,196,0,197,1,40,290,0,331,83,0,83,414
08/13/2011,FXE,FL,ASO,ES,Towers with Radar,0,24,76,0,100,0,0,239,0,239,0,24,315,0,339,44,0,44,383
08/14/2011,FXE,FL,ASO,ES,Towers with Radar,0,19,60,0,79,0,1,146,0,147,0,20,206,0,226,92,0,92,318
08/15/2011,FXE,FL,ASO,ES,Towers with Radar,0,32,81,0,113,0,2,195,0,197,0,34,276,0,310,42,0,42,352
08/16/2011,FXE,FL,ASO,ES,Towers with Radar,0,36,75,0,111,0,1,189,0,190,0,37,264,0,301,136,0,136,437
08/17/2011,FXE,FL,ASO,ES,Towers with Radar,0,33,109,0,142,0,1,265,0,266,0,34,374,0,408,50,0,50,458
08/18/2011,FXE,FL,ASO,ES,Towers with Radar,0,39,117,0,156,0,0,206,0,206,0,39,323,0,362,116,0,116,478
08/19/2011,FXE,FL,ASO,ES,Towers with Radar,0,41,81,1,123,0,1,212,0,213,0,42,293,1,336,22,0,22,358
08/20/2011,FXE,FL,ASO,ES,Towers with Radar,0,18,76,0,94,0,1,237,0,238,0,19,313,0,332,70,0,70,402
08/21/2011,FXE,FL,ASO,ES,Towers with Radar,0,31,75,0,106,0,1,183,0,184,0,32,258,0,290,82,0,82,372
08/22/2011,FXE,FL,ASO,ES,Towers with Radar,0,18,90,0,108,0,2,188,0,190,0,20,278,0,298,86,0,86,384
08/23/2011,FXE,FL,ASO,ES,Towers with Radar,0,51,107,0,158,0,3,253,1,257,0,54,360,1,415,74,0,74,489
08/24/2011,FXE,FL,ASO,ES,Towers with Radar,0,45,83,0,128,0,2,207,0,209,0,47,290,0,337,110,0,110,447
08/25/2011,FXE,FL,ASO,ES,Towers with Radar,0,27,19,0,46,0,1,16,0,17,0,28,35,0,63,8,0,8,71
08/26/2011,FXE,FL,ASO,ES,Towers with Radar,0,30,70,0,100,0,0,182,0,182,0,30,252,0,282,83,0,83,365
08/27/2011,FXE,FL,ASO,ES,Towers with Radar,0,23,68,0,91,0,5,193,0,198,0,28,261,0,289,68,0,68,357
08/28/2011,FXE,FL,ASO,ES,Towers with Radar,0,11,60,0,71,0,1,139,0,140,0,12,199,0,211,66,0,66,277
08/29/2011,FXE,FL,ASO,ES,Towers with Radar,0,32,89,0,121,0,1,155,0,156,0,33,244,0,277,50,0,50,327
08/30/2011,FXE,FL,ASO,ES,Towers with Radar,0,29,89,0,118,0,14,197,0,211,0,43,286,0,329,92,0,92,421
08/31/2011,FXE,FL,ASO,ES,Towers with Radar,0,22,93,0,115,0,13,221,0,234,0,35,314,0,349,54,0,54,403
09/01/2011,FXE,FL,ASO,ES,Towers with Radar,0,33,108,0,141,0,1,247,0,248,0,34,355,0,389,62,0,62,451
09/02/2011,FXE,FL,ASO,ES,Towers with Radar,1,33,126,0,160,0,2,235,0,237,1,35,361,0,397,34,0,34,431
09/03/2011,FXE,FL,ASO,ES,Towers with Radar,0,14,54,0,68,0,0,172,0,172,0,14,226,0,240,34,0,34,274
09/04/2011,FXE,FL,ASO,ES,Towers with Radar,0,10,47,0,57,0,0,162,0,162,0,10,209,0,219,46,0,46,265
09/05/2011,FXE,FL,ASO,ES,Towers with Radar,0,23,75,0,98,0,5,201,0,206,0,28,276,0,304,74,0,74,378
09/06/2011,FXE,FL,ASO,ES,Towers with Radar,0,27,73,0,100,0,1,176,1,178,0,28,249,1,278,52,0,52,330
09/07/2011,FXE,FL,ASO,ES,Towers with Radar,0,27,81,0,108,0,1,198,0,199,0,28,279,0,307,68,0,68,375
09/08/2011,FXE,FL,ASO,ES,Towers with Radar,0,29,68,0,97,0,1,213,0,214,0,30,281,0,311,30,0,30,341
09/09/2011,FXE,FL,ASO,ES,Towers with Radar,0,33,86,0,119,0,0,247,0,247,0,33,333,0,366,64,0,64,430
09/10/2011,FXE,FL,ASO,ES,Towers with Radar,0,16,72,0,88,0,1,211,0,212,0,17,283,0,300,76,0,76,376
09/11/2011,FXE,FL,ASO,ES,Towers with Radar,0,17,61,0,78,0,0,169,0,169,0,17,230,0,247,50,0,50,297
09/12/2011,FXE,FL,ASO,ES,Towers with Radar,0,20,78,0,98,0,3,153,0,156,0,23,231,0,254,50,0,50,304
09/13/2011,FXE,FL,ASO,ES,Towers with Radar,0,27,105,0,132,2,3,220,0,225,2,30,325,0,357,70,0,70,427
09/14/2011,FXE,FL,ASO,ES,Towers with Radar,0,19,94,0,113,0,5,251,0,256,0,24,345,0,369,76,0,76,445
09/15/2011,FXE,FL,ASO,ES,Towers with Radar,1,28,100,0,129,1,4,246,0,251,2,32,346,0,380,182,0,182,562
09/16/2011,FXE,FL,ASO,ES,Towers with Radar,0,26,106,0,132,0,1,238,0,239,0,27,344,0,371,100,0,100,471
09/17/2011,FXE,FL,ASO,ES,Towers with Radar,0,16,75,0,91,0,1,203,0,204,0,17,278,0,295,98,0,98,393
09/18/2011,FXE,FL,ASO,ES,Towers with Radar,0,19,76,0,95,0,5,172,1,178,0,24,248,1,273,50,0,50,323
09/19/2011,FXE,FL,ASO,ES,Towers with Radar,0,23,99,0,122,0,0,194,0,194,0,23,293,0,316,70,0,70,386
09/20/2011,FXE,FL,ASO,ES,Towers with Radar,2,37,100,0,139,2,0,198,0,200,4,37,298,0,339,110,0,110,449
09/21/2011,FXE,FL,ASO,ES,Towers with Radar,0,26,98,0,124,0,2,192,0,194,0,28,290,0,318,92,0,92,410
09/22/2011,FXE,FL,ASO,ES,Towers with Radar,0,31,86,0,117,0,2,191,0,193,0,33,277,0,310,88,0,88,398
09/23/2011,FXE,FL,ASO,ES,Towers with Radar,0,30,91,0,121,0,0,187,0,187,0,30,278,0,308,118,0,118,426
09/24/2011,FXE,FL,ASO,ES,Towers with Radar,0,13,45,0,58,0,0,186,0,186,0,13,231,0,244,98,0,98,342
09/25/2011,FXE,FL,ASO,ES,Towers with Radar,0,28,76,0,104,0,0,119,0,119,0,28,195,0,223,114,0,114,337
09/26/2011,FXE,FL,ASO,ES,Towers with Radar,0,16,85,0,101,0,3,118,0,121,0,19,203,0,222,60,0,60,282
09/27/2011,FXE,FL,ASO,ES,Towers with Radar,0,26,95,0,121,0,3,222,0,225,0,29,317,0,346,103,0,103,449
09/28/2011,FXE,FL,ASO,ES,Towers with Radar,0,27,101,0,128,0,0,264,0,264,0,27,365,0,392,120,0,120,512
09/29/2011,FXE,FL,ASO,ES,Towers with Radar,0,35,113,1,149,0,2,237,3,242,0,37,350,4,391,124,4,128,519
09/30/2011,FXE,FL,ASO,ES,Towers with Radar,0,23,95,2,120,0,5,270,0,275,0,28,365,2,395,118,0,118,513
10/01/2011,FXE,FL,ASO,ES,Towers with Radar,0,18,53,0,71,0,2,174,0,176,0,20,227,0,247,90,0,90,337
10/02/2011,FXE,FL,ASO,ES,Towers with Radar,0,21,80,0,101,0,1,197,0,198,0,22,277,0,299,48,0,48,347
10/03/2011,FXE,FL,ASO,ES,Towers with Radar,0,26,84,0,110,0,1,237,0,238,0,27,321,0,348,98,0,98,446
10/04/2011,FXE,FL,ASO,ES,Towers with Radar,0,16,109,0,125,0,3,280,0,283,0,19,389,0,408,110,0,110,518
10/05/2011,FXE,FL,ASO,ES,Towers with Radar,0,36,96,0,132,0,7,260,0,267,0,43,356,0,399,106,0,106,505
10/06/2011,FXE,FL,ASO,ES,Towers with Radar,0,31,117,0,148,0,2,268,0,270,0,33,385,0,418,78,0,78,496
10/07/2011,FXE,FL,ASO,ES,Towers with Radar,0,31,85,0,116,0,5,186,0,191,0,36,271,0,307,28,0,28,335
10/08/2011,FXE,FL,ASO,ES,Towers with Radar,0,18,29,0,47,0,0,23,0,23,0,18,52,0,70,0,0,0,70
10/09/2011,FXE,FL,ASO,ES,Towers with Radar,0,20,54,0,74,0,1,53,0,54,0,21,107,0,128,40,0,40,168
10/10/2011,FXE,FL,ASO,ES,Towers with Radar,0,31,73,0,104,0,1,212,0,213,0,32,285,0,317,72,0,72,389
10/11/2011,FXE,FL,ASO,ES,Towers with Radar,0,27,62,0,89,0,1,260,0,261,0,28,322,0,350,76,0,76,426
10/12/2011,FXE,FL,ASO,ES,Towers with Radar,0,36,92,0,128,0,1,246,1,248,0,37,338,1,376,92,0,92,468
10/13/2011,FXE,FL,ASO,ES,Towers with Radar,0,42,66,0,108,0,6,244,0,250,0,48,310,0,358,144,0,144,502
10/14/2011,FXE,FL,ASO,ES,Towers with Radar,0,32,103,0,135,0,4,237,0,241,0,36,340,0,376,120,0,120,496
10/15/2011,FXE,FL,ASO,ES,Towers with Radar,0,23,92,1,116,0,0,173,0,173,0,23,265,1,289,54,0,54,343
10/16/2011,FXE,FL,ASO,ES,Towers with Radar,0,30,63,1,94,0,0,66,0,66,0,30,129,1,160,66,0,66,226
10/17/2011,FXE,FL,ASO,ES,Towers with Radar,0,35,79,16,130,0,2,89,0,91,0,37,168,16,221,30,0,30,251
10/18/2011,FXE,FL,ASO,ES,Towers with Radar,0,34,57,2,93,0,0,87,1,88,0,34,144,3,181,42,0,42,223
10/19/2011,FXE,FL,ASO,ES,Towers with Radar,0,42,69,10,121,0,1,65,0,66,0,43,134,10,187,2,0,2,189
10/20/2011,FXE,FL,ASO,ES,Towers with Radar,0,41,113,0,154,0,5,245,0,250,0,46,358,0,404,66,0,66,470
10/21/2011,FXE,FL,ASO,ES,Towers with Radar,0,33,106,0,139,0,1,259,0,260,0,34,365,0,399,128,0,128,527
10/22/2011,FXE,FL,ASO,ES,Towers with Radar,0,35,63,0,98,0,2,273,0,275,0,37,336,0,373,98,0,98,471
10/23/2011,FXE,FL,ASO,ES,Towers with Radar,0,26,88,0,114,0,6,182,0,188,0,32,270,0,302,82,0,82,384
10/24/2011,FXE,FL,ASO,ES,Towers with Radar,0,27,100,0,127,0,0,236,3,239,0,27,336,3,366,70,0,70,436
10/25/2011,FXE,FL,ASO,ES,Towers with Radar,0,48,111,0,159,0,7,264,0,271,0,55,375,0,430,100,0,100,530
10/26/2011,FXE,FL,ASO,ES,Towers with Radar,0,44,113,0,157,0,6,287,0,293,0,50,400,0,450,118,0,118,568
10/27/2011,FXE,FL,ASO,ES,Towers with Radar,0,37,148,0,185,0,3,307,0,310,0,40,455,0,495,118,0,118,613
10/28/2011,FXE,FL,ASO,ES,Towers with Radar,0,35,116,0,151,0,1,186,0,187,0,36,302,0,338,156,0,156,494
10/29/2011,FXE,FL,ASO,ES,Towers with Radar,0,18,70,0,88,0,4,102,0,106,0,22,172,0,194,44,0,44,238
10/30/2011,FXE,FL,ASO,ES,Towers with Radar,0,35,107,0,142,0,0,37,0,37,0,35,144,0,179,14,0,14,193
10/31/2011,FXE,FL,ASO,ES,Towers with Radar,0,26,84,0,110,0,2,81,0,83,0,28,165,0,193,55,0,55,248
11/01/2011,FXE,FL,ASO,ES,Towers with Radar,0,40,102,0,142,0,4,189,0,193,0,44,291,0,335,66,0,66,401
11/02/2011,FXE,FL,ASO,ES,Towers with Radar,0,46,101,0,147,0,3,237,0,240,0,49,338,0,387,58,0,58,445
11/03/2011,FXE,FL,ASO,ES,Towers with Radar,0,45,128,0,173,0,4,269,0,273,0,49,397,0,446,92,0,92,538
11/04/2011,FXE,FL,ASO,ES,Towers with Radar,0,36,111,6,153,0,8,272,0,280,0,44,383,6,433,44,0,44,477
11/05/2011,FXE,FL,ASO,ES,Towers with Radar,0,21,65,0,86,0,2,250,0,252,0,23,315,0,338,128,0,128,466
11/06/2011,FXE,FL,ASO,ES,Towers with Radar,0,32,88,0,120,0,6,126,0,132,0,38,214,0,252,60,0,60,312
11/07/2011,FXE,FL,ASO,ES,Towers with Radar,0,38,94,0,132,0,2,211,0,213,0,40,305,0,345,56,0,56,401
11/08/2011,FXE,FL,ASO,ES,Towers with Radar,0,25,121,0,146,0,1,231,0,232,0,26,352,0,378,50,0,50,428
11/09/2011,FXE,FL,ASO,ES,Towers with Radar,0,40,93,0,133,0,2,216,0,218,0,42,309,0,351,84,0,84,435
11/10/2011,FXE,FL,ASO,ES,Towers with Radar,0,40,76,0,116,0,4,234,0,238,0,44,310,0,354,114,0,114,468
11/11/2011,FXE,FL,ASO,ES,Towers with Radar,0,42,104,0,146,0,7,278,0,285,0,49,382,0,431,60,0,60,491
11/12/2011,FXE,FL,ASO,ES,Towers with Radar,0,25,82,0,107,0,6,248,0,254,0,31,330,0,361,74,0,74,435
11/13/2011,FXE,FL,ASO,ES,Towers with Radar,0,40,73,0,113,0,2,144,0,146,0,42,217,0,259,38,0,38,297
11/14/2011,FXE,FL,ASO,ES,Towers with Radar,0,31,121,0,152,0,3,186,0,189,0,34,307,0,341,90,0,90,431
11/15/2011,FXE,FL,ASO,ES,Towers with Radar,0,41,123,0,164,0,1,217,0,218,0,42,340,0,382,162,0,162,544
11/16/2011,FXE,FL,ASO,ES,Towers with Radar,0,33,108,0,141,0,3,238,0,241,0,36,346,0,382,128,0,128,510
11/17/2011,FXE,FL,ASO,ES,Towers with Radar,0,47,153,0,200,0,6,243,0,249,0,53,396,0,449,90,0,90,539
11/18/2011,FXE,FL,ASO,ES,Towers with Radar,0,48,129,0,177,0,3,65,0,68,0,51,194,0,245,4,0,4,249
11/19/2011,FXE,FL,ASO,ES,Towers with Radar,0,21,97,0,118,0,2,201,0,203,0,23,298,0,321,84,0,84,405
11/20/2011,FXE,FL,ASO,ES,Towers with Radar,0,35,109,7,151,0,4,198,1,203,0,39,307,8,354,72,0,72,426
11/21/2011,FXE,FL,ASO,ES,Towers with Radar,0,24,150,0,174,0,2,173,0,175,0,26,323,0,349,162,0,162,511
11/22/2011,FXE,FL,ASO,ES,Towers with Radar,0,46,117,0,163,0,1,297,0,298,0,47,414,0,461,120,0,120,581
11/23/2011,FXE,FL,ASO,ES,Towers with Radar,0,50,131,0,181,0,5,302,1,308,0,55,433,1,489,54,0,54,543
11/24/2011,FXE,FL,ASO,ES,Towers with Radar,0,21,48,0,69,0,7,87,0,94,0,28,135,0,163,6,0,6,169
11/25/2011,FXE,FL,ASO,ES,Towers with Radar,0,29,63,0,92,0,8,180,0,188,0,37,243,0,280,52,0,52,332
11/26/2011,FXE,FL,ASO,ES,Towers with Radar,0,16,87,0,103,0,9,147,0,156,0,25,234,0,259,68,0,68,327
11/27/2011,FXE,FL,ASO,ES,Towers with Radar,0,43,147,0,190,0,7,209,1,217,0,50,356,1,407,56,0,56,463
11/28/2011,FXE,FL,ASO,ES,Towers with Radar,0,30,101,0,131,0,4,188,0,192,0,34,289,0,323,86,0,86,409
11/29/2011,FXE,FL,ASO,ES,Towers with Radar,0,30,98,0,128,0,6,243,0,249,0,36,341,0,377,112,0,112,489
11/30/2011,FXE,FL,ASO,ES,Towers with Radar,0,30,89,0,119,0,3,230,0,233,0,33,319,0,352,100,0,100,452
12/01/2011,FXE,FL,ASO,ES,Towers with Radar,0,44,121,4,169,0,1,246,0,247,0,45,367,4,416,58,2,60,476
12/02/2011,FXE,FL,ASO,ES,Towers with Radar,0,34,145,1,180,0,2,271,1,274,0,36,416,2,454,92,0,92,546
12/03/2011,FXE,FL,ASO,ES,Towers with Radar,0,11,69,0,80,0,3,195,0,198,0,14,264,0,278,58,0,58,336
12/04/2011,FXE,FL,ASO,ES,Towers with Radar,0,24,96,1,121,0,5,154,0,159,0,29,250,1,280,38,0,38,318
12/05/2011,FXE,FL,ASO,ES,Towers with Radar,0,21,103,0,124,0,4,213,0,217,0,25,316,0,341,92,0,92,433
12/06/2011,FXE,FL,ASO,ES,Towers with Radar,0,37,127,0,164,0,3,225,0,228,0,40,352,0,392,74,0,74,466
12/07/2011,FXE,FL,ASO,ES,Towers with Radar,0,38,101,0,139,0,2,209,0,211,0,40,310,0,350,42,0,42,392
12/08/2011,FXE,FL,ASO,ES,Towers with Radar,0,36,104,0,140,0,2,232,0,234,0,38,336,0,374,116,0,116,490
12/09/2011,FXE,FL,ASO,ES,Towers with Radar,0,36,138,0,174,0,2,134,0,136,0,38,272,0,310,32,0,32,342
12/10/2011,FXE,FL,ASO,ES,Towers with Radar,0,24,93,0,117,0,2,180,0,182,0,26,273,0,299,114,0,114,413
12/11/2011,FXE,FL,ASO,ES,Towers with Radar,0,25,99,0,124,0,2,136,0,138,0,27,235,0,262,110,0,110,372
12/12/2011,FXE,FL,ASO,ES,Towers with Radar,2,26,110,0,138,0,3,176,0,179,2,29,286,0,317,96,0,96,413
12/13/2011,FXE,FL,ASO,ES,Towers with Radar,0,41,114,0,155,0,4,250,0,254,0,45,364,0,409,64,0,64,473
12/14/2011,FXE,FL,ASO,ES,Towers with Radar,0,36,107,0,143,0,1,249,0,250,0,37,356,0,393,76,0,76,469
12/15/2011,FXE,FL,ASO,ES,Towers with Radar,0,37,121,0,158,0,2,276,0,278,0,39,397,0,436,66,0,66,502
12/16/2011,FXE,FL,ASO,ES,Towers with Radar,0,38,134,0,172,0,6,257,0,263,0,44,391,0,435,104,0,104,539
12/17/2011,FXE,FL,ASO,ES,Towers with Radar,0,26,140,0,166,0,6,208,0,214,0,32,348,0,380,73,0,73,453
12/18/2011,FXE,FL,ASO,ES,Towers with Radar,0,32,81,0,113,0,2,177,0,179,0,34,258,0,292,48,0,48,340
12/19/2011,FXE,FL,ASO,ES,Towers with Radar,0,21,110,0,131,0,2,206,0,208,0,23,316,0,339,76,0,76,415
12/20/2011,FXE,FL,ASO,ES,Towers with Radar,0,35,84,0,119,0,5,235,0,240,0,40,319,0,359,110,0,110,469
12/21/2011,FXE,FL,ASO,ES,Towers with Radar,0,35,88,0,123,0,2,249,0,251,0,37,337,0,374,92,0,92,466
12/22/2011,FXE,FL,ASO,ES,Towers with Radar,0,42,122,0,164,0,4,244,0,248,0,46,366,0,412,66,0,66,478
12/23/2011,FXE,FL,ASO,ES,Towers with Radar,0,41,116,0,157,0,5,198,0,203,0,46,314,0,360,8,0,8,368
12/24/2011,FXE,FL,ASO,ES,Towers with Radar,0,24,64,0,88,0,9,117,0,126,0,33,181,0,214,16,0,16,230
12/25/2011,FXE,FL,ASO,ES,Towers with Radar,0,17,33,0,50,0,0,55,0,55,0,17,88,0,105,30,2,32,137
12/26/2011,FXE,FL,ASO,ES,Towers with Radar,0,57,132,0,189,0,9,205,0,214,0,66,337,0,403,48,0,48,451
12/27/2011,FXE,FL,ASO,ES,Towers with Radar,0,56,130,1,187,0,4,211,0,215,0,60,341,1,402,18,0,18,420
12/28/2011,FXE,FL,ASO,ES,Towers with Radar,0,41,113,0,154,0,4,237,0,241,0,45,350,0,395,18,0,18,413
12/29/2011,FXE,FL,ASO,ES,Towers with Radar,0,45,133,1,179,0,7,308,0,315,0,52,441,1,494,36,0,36,530
12/30/2011,FXE,FL,ASO,ES,Towers with Radar,0,40,98,0,138,0,9,264,0,273,0,49,362,0,411,32,0,32,443
12/31/2011,FXE,FL,ASO,ES,Towers with Radar,0,26,63,0,89,0,8,168,3,179,0,34,231,3,268,34,0,34,302
01/01/2012,FXE,FL,ASO,ES,Towers with Radar,0,56,76,0,132,0,4,121,0,125,0,60,197,0,257,52,0,52,309
01/02/2012,FXE,FL,ASO,ES,Towers with Radar,0,64,169,1,234,0,4,220,0,224,0,68,389,1,458,42,0,42,500
01/03/2012,FXE,FL,ASO,ES,Towers with Radar,0,52,113,0,165,0,5,175,0,180,0,57,288,0,345,44,0,44,389
01/04/2012,FXE,FL,ASO,ES,Towers with Radar,0,45,107,1,153,31,0,219,1,251,31,45,326,2,404,54,0,54,458
01/05/2012,FXE,FL,ASO,ES,Towers with Radar,0,52,125,1,178,14,4,211,1,230,14,56,336,2,408,78,0,78,486
01/06/2012,FXE,FL,ASO,ES,Towers with Radar,0,39,132,0,171,0,6,286,0,292,0,45,418,0,463,46,0,46,509
01/07/2012,FXE,FL,ASO,ES,Towers with Radar,0,27,93,0,120,0,5,257,0,262,0,32,350,0,382,102,0,102,484
01/08/2012,FXE,FL,ASO,ES,Towers with Radar,0,37,112,0,149,0,5,171,0,176,0,42,283,0,325,30,0,30,355
01/09/2012,FXE,FL,ASO,ES,Towers with Radar,0,27,123,0,150,0,5,267,0,272,0,32,390,0,422,32,0,32,454
01/10/2012,FXE,FL,ASO,ES,Towers with Radar,0,34,119,2,155,0,3,239,0,242,0,37,358,2,397,64,0,64,461
01/11/2012,FXE,FL,ASO,ES,Towers with Radar,0,30,107,0,137,0,2,182,0,184,0,32,289,0,321,76,0,76,397
01/12/2012,FXE,FL,ASO,ES,Towers with Radar,0,34,115,0,149,0,2,236,0,238,0,36,351,0,387,44,0,44,431
01/13/2012,FXE,FL,ASO,ES,Towers with Radar,0,46,121,0,167,0,2,252,0,254,0,48,373,0,421,60,0,60,481
01/14/2012,FXE,FL,ASO,ES,Towers with Radar,0,32,72,0,104,0,1,253,0,254,0,33,325,0,358,62,0,62,420
01/15/2012,FXE,FL,ASO,ES,Towers with Radar,0,23,89,0,112,0,4,179,0,183,0,27,268,0,295,62,0,62,357
01/16/2012,FXE,FL,ASO,ES,Towers with Radar,0,40,125,0,165,0,2,250,0,252,0,42,375,0,417,48,0,48,465
01/17/2012,FXE,FL,ASO,ES,Towers with Radar,0,29,113,0,142,0,2,297,0,299,0,31,410,0,441,82,0,82,523
01/18/2012,FXE,FL,ASO,ES,Towers with Radar,0,31,93,0,124,0,3,269,0,272,0,34,362,0,396,92,0,92,488
01/19/2012,FXE,FL,ASO,ES,Towers with Radar,0,42,114,1,157,0,6,204,0,210,0,48,318,1,367,34,0,34,401
01/20/2012,FXE,FL,ASO,ES,Towers with Radar,0,39,125,0,164,0,1,304,0,305,0,40,429,0,469,46,0,46,515
01/21/2012,FXE,FL,ASO,ES,Towers with Radar,0,27,97,0,124,0,0,290,0,290,0,27,387,0,414,76,0,76,490
01/22/2012,FXE,FL,ASO,ES,Towers with Radar,0,32,112,0,144,0,1,205,0,206,0,33,317,0,350,82,0,82,432
01/23/2012,FXE,FL,ASO,ES,Towers with Radar,0,37,100,0,137,0,3,262,0,265,0,40,362,0,402,76,0,76,478
01/24/2012,FXE,FL,ASO,ES,Towers with Radar,0,30,115,2,147,0,1,256,0,257,0,31,371,2,404,104,0,104,508
01/25/2012,FXE,FL,ASO,ES,Towers with Radar,0,37,124,0,161,0,1,278,0,279,0,38,402,0,440,40,0,40,480
01/26/2012,FXE,FL,ASO,ES,Towers with Radar,0,44,143,0,187,0,5,259,0,264,0,49,402,0,451,84,0,84,535
01/27/2012,FXE,FL,ASO,ES,Towers with Radar,0,31,94,0,125,0,0,228,0,228,0,31,322,0,353,60,0,60,413
01/28/2012,FXE,FL,ASO,ES,Towers with Radar,0,15,55,0,70,0,58,379,0,437,0,73,434,0,507,34,0,34,541
01/29/2012,FXE,FL,ASO,ES,Towers with Radar,0,30,97,0,127,0,0,144,0,144,0,30,241,0,271,34,0,34,305
01/30/2012,FXE,FL,ASO,ES,Towers with Radar,0,36,94,0,130,0,2,223,0,225,0,38,317,0,355,62,0,62,417
01/31/2012,FXE,FL,ASO,ES,Towers with Radar,0,25,122,1,148,0,0,248,0,248,0,25,370,1,396,84,0,84,480
02/01/2012,FXE,FL,ASO,ES,Towers with Radar,0,35,123,0,158,0,0,315,0,315,0,35,438,0,473,24,0,24,497
02/02/2012,FXE,FL,ASO,ES,Towers with Radar,0,46,136,0,182,0,3,241,0,244,0,49,377,0,426,86,0,86,512
02/03/2012,FXE,FL,ASO,ES,Towers with Radar,0,37,115,1,153,0,5,232,0,237,0,42,347,1,390,82,0,82,472
02/04/2012,FXE,FL,ASO,ES,Towers with Radar,0,23,82,0,105,0,4,197,4,205,0,27,279,4,310,114,2,116,426
02/05/2012,FXE,FL,ASO,ES,Towers with Radar,0,31,91,0,122,0,13,147,0,160,0,44,238,0,282,66,0,66,348
02/06/2012,FXE,FL,ASO,ES,Towers with Radar,0,38,108,0,146,0,1,68,0,69,0,39,176,0,215,16,0,16,231
02/07/2012,FXE,FL,ASO,ES,Towers with Radar,0,30,110,0,140,0,0,194,0,194,0,30,304,0,334,116,0,116,450
02/08/2012,FXE,FL,ASO,ES,Towers with Radar,0,37,145,0,182,0,0,100,1,101,0,37,245,1,283,70,0,70,353
02/09/2012,FXE,FL,ASO,ES,Towers with Radar,0,38,112,0,150,0,1,152,0,153,0,39,264,0,303,61,0,61,364
02/10/2012,FXE,FL,ASO,ES,Towers with Radar,0,44,130,0,174,0,2,141,0,143,0,46,271,0,317,84,0,84,401
02/11/2012,FXE,FL,ASO,ES,Towers with Radar,0,27,84,0,111,0,6,147,0,153,0,33,231,0,264,38,0,38,302
02/12/2012,FXE,FL,ASO,ES,Towers with Radar,0,26,67,0,93,0,3,138,1,142,0,29,205,1,235,54,0,54,289
02/13/2012,FXE,FL,ASO,ES,Towers with Radar,0,24,113,0,137,0,14,343,0,357,0,38,456,0,494,96,0,96,590
02/14/2012,FXE,FL,ASO,ES,Towers with Radar,0,34,104,0,138,0,7,252,1,260,0,41,356,1,398,90,0,90,488
02/15/2012,FXE,FL,ASO,ES,Towers with Radar,0,35,103,0,138,0,2,268,0,270,0,37,371,0,408,46,0,46,454
02/16/2012,FXE,FL,ASO,ES,Towers with Radar,0,49,133,1,183,0,8,317,0,325,0,57,450,1,508,76,0,76,584
02/17/2012,FXE,FL,ASO,ES,Towers with Radar,0,51,159,0,210,0,8,295,0,303,0,59,454,0,513,67,4,71,584
02/18/2012,FXE,FL,ASO,ES,Towers with Radar,0,28,104,0,132,0,0,231,0,231,0,28,335,0,363,48,0,48,411
02/19/2012,FXE,FL,ASO,ES,Towers with Radar,0,34,103,0,137,0,0,153,0,153,0,34,256,0,290,48,0,48,338
02/20/2012,FXE,FL,ASO,ES,Towers with Radar,0,50,144,0,194,0,5,324,0,329,0,55,468,0,523,118,0,118,641
02/21/2012,FXE,FL,ASO,ES,Towers with Radar,0,40,118,0,158,0,3,309,0,312,0,43,427,0,470,85,0,85,555
02/22/2012,FXE,FL,ASO,ES,Towers with Radar,0,34,141,0,175,0,1,322,0,323,0,35,463,0,498,170,0,170,668
02/23/2012,FXE,FL,ASO,ES,Towers with Radar,0,55,141,0,196,0,6,193,0,199,0,61,334,0,395,20,0,20,415
02/24/2012,FXE,FL,ASO,ES,Towers with Radar,0,41,126,0,167,0,1,272,1,274,0,42,398,1,441,50,0,50,491
02/25/2012,FXE,FL,ASO,ES,Towers with Radar,0,34,104,0,138,0,0,190,0,190,0,34,294,0,328,52,0,52,380
02/26/2012,FXE,FL,ASO,ES,Towers with Radar,0,40,140,6,186,0,0,108,0,108,0,40,248,6,294,70,0,70,364
02/27/2012,FXE,FL,ASO,ES,Towers with Radar,0,28,114,0,142,0,1,229,0,230,0,29,343,0,372,86,0,86,458
02/28/2012,FXE,FL,ASO,ES,Towers with Radar,0,43,104,0,147,0,3,196,0,199,0,46,300,0,346,92,0,92,438
02/29/2012,FXE,FL,ASO,ES,Towers with Radar,0,27,123,0,150,0,2,269,0,271,0,29,392,0,421,42,0,42,463
03/01/2012,FXE,FL,ASO,ES,Towers with Radar,0,45,124,0,169,0,5,286,0,291,0,50,410,0,460,92,0,92,552
03/02/2012,FXE,FL,ASO,ES,Towers with Radar,0,37,136,0,173,0,5,256,0,261,0,42,392,0,434,64,0,64,498
03/03/2012,FXE,FL,ASO,ES,Towers with Radar,0,21,87,0,108,0,2,243,0,245,0,23,330,0,353,42,0,42,395
03/04/2012,FXE,FL,ASO,ES,Towers with Radar,0,21,94,6,121,0,0,74,0,74,0,21,168,6,195,2,0,2,197
03/05/2012,FXE,FL,ASO,ES,Towers with Radar,0,23,121,0,144,0,1,263,0,264,0,24,384,0,408,90,0,90,498
03/06/2012,FXE,FL,ASO,ES,Towers with Radar,0,26,105,0,131,0,3,173,0,176,0,29,278,0,307,34,0,34,341
03/07/2012,FXE,FL,ASO,ES,Towers with Radar,0,48,116,0,164,0,2,111,0,113,0,50,227,0,277,34,0,34,311
03/08/2012,FXE,FL,ASO,ES,Towers with Radar,0,46,122,0,168,0,1,117,0,118,0,47,239,0,286,14,0,14,300
03/09/2012,FXE,FL,ASO,ES,Towers with Radar,0,41,126,3,170,0,5,254,0,259,0,46,380,3,429,60,0,60,489
03/10/2012,FXE,FL,ASO,ES,Towers with Radar,0,37,146,0,183,0,3,246,0,249,0,40,392,0,432,90,0,90,522
03/11/2012,FXE,FL,ASO,ES,Towers with Radar,0,33,123,0,156,0,2,139,0,141,0,35,262,0,297,58,0,58,355
03/12/2012,FXE,FL,ASO,ES,Towers with Radar,0,38,97,0,135,0,3,247,0,250,0,41,344,0,385,70,0,70,455
03/13/2012,FXE,FL,ASO,ES,Towers with Radar,0,32,110,0,142,0,1,301,0,302,0,33,411,0,444,82,0,82,526
03/14/2012,FXE,FL,ASO,ES,Towers with Radar,0,40,115,0,155,0,3,265,0,268,0,43,380,0,423,80,0,80,503
03/15/2012,FXE,FL,ASO,ES,Towers with Radar,0,50,131,0,181,0,4,224,0,228,0,54,355,0,409,38,0,38,447
03/16/2012,FXE,FL,ASO,ES,Towers with Radar,0,47,145,0,192,0,2,298,0,300,0,49,443,0,492,94,0,94,586
03/17/2012,FXE,FL,ASO,ES,Towers with Radar,0,25,111,0,136,0,4,290,0,294,0,29,401,0,430,72,0,72,502
03/18/2012,FXE,FL,ASO,ES,Towers with Radar,0,40,106,0,146,0,3,186,0,189,0,43,292,0,335,60,0,60,395
03/19/2012,FXE,FL,ASO,ES,Towers with Radar,0,44,111,0,155,0,6,267,0,273,0,50,378,0,428,124,0,124,552
03/20/2012,FXE,FL,ASO,ES,Towers with Radar,0,40,111,0,151,0,4,312,0,316,0,44,423,0,467,108,0,108,575
03/21/2012,FXE,FL,ASO,ES,Towers with Radar,0,45,106,0,151,0,2,198,1,201,0,47,304,1,352,70,0,70,422
03/22/2012,FXE,FL,ASO,ES,Towers with Radar,0,41,118,0,159,0,2,300,0,302,0,43,418,0,461,69,0,69,530
03/23/2012,FXE,FL,ASO,ES,Towers with Radar,0,39,132,0,171,0,2,208,0,210,0,41,340,0,381,45,0,45,426
03/24/2012,FXE,FL,ASO,ES,Towers with Radar,0,36,100,0,136,0,2,271,0,273,0,38,371,0,409,100,0,100,509
03/25/2012,FXE,FL,ASO,ES,Towers with Radar,0,49,94,0,143,0,3,191,0,194,0,52,285,0,337,84,0,84,421
03/26/2012,FXE,FL,ASO,ES,Towers with Radar,0,36,104,0,140,0,3,284,0,287,0,39,388,0,427,118,0,118,545
03/27/2012,FXE,FL,ASO,ES,Towers with Radar,0,42,119,0,161,0,4,288,0,292,0,46,407,0,453,102,0,102,555
03/28/2012,FXE,FL,ASO,ES,Towers with Radar,0,42,118,0,160,0,2,228,0,230,0,44,346,0,390,38,0,38,428
03/29/2012,FXE,FL,ASO,ES,Towers with Radar,0,48,140,0,188,0,6,305,0,311,0,54,445,0,499,68,0,68,567
03/30/2012,FXE,FL,ASO,ES,Towers with Radar,0,44,141,0,185,0,5,287,0,292,0,49,428,0,477,58,0,58,535
03/31/2012,FXE,FL,ASO,ES,Towers with Radar,0,41,119,0,160,0,4,192,0,196,0,45,311,0,356,64,0,64,420
04/01/2012,FXE,FL,ASO,ES,Towers with Radar,0,32,97,0,129,0,1,162,0,163,0,33,259,0,292,68,0,68,360
04/02/2012,FXE,FL,ASO,ES,Towers with Radar,0,45,84,2,131,0,3,224,0,227,0,48,308,2,358,116,0,116,474
04/03/2012,FXE,FL,ASO,ES,Towers with Radar,0,30,106,0,136,0,2,229,0,231,0,32,335,0,367,176,0,176,543
04/04/2012,FXE,FL,ASO,ES,Towers with Radar,0,40,133,0,173,0,2,291,0,293,0,42,424,0,466,110,0,110,576
04/05/2012,FXE,FL,ASO,ES,Towers with Radar,0,59,137,0,196,0,8,240,0,248,0,67,377,0,444,73,0,73,517
04/06/2012,FXE,FL,ASO,ES,Towers with Radar,0,43,109,0,152,0,1,201,0,202,0,44,310,0,354,58,0,58,412
04/07/2012,FXE,FL,ASO,ES,Towers with Radar,0,23,83,0,106,0,5,235,0,240,0,28,318,0,346,44,0,44,390
04/08/2012,FXE,FL,ASO,ES,Towers with Radar,0,33,92,0,125,0,7,172,0,179,0,40,264,0,304,58,0,58,362
04/09/2012,FXE,FL,ASO,ES,Towers with Radar,0,59,142,1,202,0,2,344,0,346,0,61,486,1,548,79,0,79,627
04/10/2012,FXE,FL,ASO,ES,Towers with Radar,0,38,80,0,118,4,3,167,2,176,4,41,247,2,294,90,0,90,384
04/11/2012,FXE,FL,ASO,ES,Towers with Radar,0,45,90,0,135,30,7,263,0,300,30,52,353,0,435,98,0,98,533
04/12/2012,FXE,FL,ASO,ES,Towers with Radar,0,37,102,1,140,0,3,282,0,285,0,40,384,1,425,80,0,80,505
04/13/2012,FXE,FL,ASO,ES,Towers with Radar,0,43,107,0,150,0,8,244,0,252,0,51,351,0,402,70,0,70,472
04/14/2012,FXE,FL,ASO,ES,Towers with Radar,0,39,84,0,123,0,2,125,0,127,0,41,209,0,250,22,0,22,272
04/15/2012,FXE,FL,ASO,ES,Towers with Radar,0,43,99,0,142,0,3,206,0,209,0,46,305,0,351,48,0,48,399
04/16/2012,FXE,FL,ASO,ES,Towers with Radar,0,35,114,0,149,0,0,227,1,228,0,35,341,1,377,86,0,86,463
04/17/2012,FXE,FL,ASO,ES,Towers with Radar,0,42,67,0,109,0,0,278,0,278,0,42,345,0,387,171,0,171,558
04/18/2012,FXE,FL,ASO,ES,Towers with Radar,0,42,91,0,133,0,0,266,0,266,0,42,357,0,399,73,0,73,472
04/19/2012,FXE,FL,ASO,ES,Towers with Radar,1,42,84,0,127,0,2,295,0,297,1,44,379,0,424,93,0,93,517
04/20/2012,FXE,FL,ASO,ES,Towers with Radar,0,53,67,0,120,0,2,227,0,229,0,55,294,0,349,98,0,98,447
04/21/2012,FXE,FL,ASO,ES,Towers with Radar,0,30,37,0,67,0,1,62,0,63,0,31,99,0,130,30,0,30,160
04/22/2012,FXE,FL,ASO,ES,Towers with Radar,0,34,64,2,100,0,0,97,0,97,0,34,161,2,197,50,0,50,247
04/23/2012,FXE,FL,ASO,ES,Towers with Radar,0,38,77,0,115,0,0,212,0,212,0,38,289,0,327,46,0,46,373
04/24/2012,FXE,FL,ASO,ES,Towers with Radar,0,34,66,2,102,0,8,296,0,304,0,42,362,2,406,108,0,108,514
04/25/2012,FXE,FL,ASO,ES,Towers with Radar,0,41,82,0,123,0,1,290,0,291,0,42,372,0,414,92,0,92,506
04/26/2012,FXE,FL,ASO,ES,Towers with Radar,0,40,95,0,135,0,9,389,0,398,0,49,484,0,533,86,0,86,619
04/27/2012,FXE,FL,ASO,ES,Towers with Radar,1,58,126,0,185,0,2,348,0,350,1,60,474,0,535,32,0,32,567
04/28/2012,FXE,FL,ASO,ES,Towers with Radar,0,46,71,0,117,0,0,84,2,86,0,46,155,2,203,62,0,62,265
04/29/2012,FXE,FL,ASO,ES,Towers with Radar,1,32,75,0,108,0,1,10,0,11,1,33,85,0,119,0,0,0,119
04/30/2012,FXE,FL,ASO,ES,Towers with Radar,0,43,104,2,149,0,0,19,0,19,0,43,123,2,168,0,0,0,168
05/01/2012,FXE,FL,ASO,ES,Towers with Radar,0,35,89,0,124,0,3,159,0,162,0,38,248,0,286,118,0,118,404
05/02/2012,FXE,FL,ASO,ES,Towers with Radar,0,40,106,2,148,0,2,230,0,232,0,42,336,2,380,88,0,88,468
05/03/2012,FXE,FL,ASO,ES,Towers with Radar,0,49,108,0,157,0,1,242,0,243,0,50,350,0,400,144,0,144,544
05/04/2012,FXE,FL,ASO,ES,Towers with Radar,0,34,105,0,139,0,3,281,0,284,0,37,386,0,423,102,0,102,525
05/05/2012,FXE,FL,ASO,ES,Towers with Radar,0,29,70,0,99,0,2,258,0,260,0,31,328,0,359,160,0,160,519
05/06/2012,FXE,FL,ASO,ES,Towers with Radar,0,23,73,0,96,0,2,226,0,228,0,25,299,0,324,128,0,128,452
05/07/2012,FXE,FL,ASO,ES,Towers with Radar,0,39,63,0,102,0,0,230,0,230,0,39,293,0,332,188,0,188,520
05/08/2012,FXE,FL,ASO,ES,Towers with Radar,0,38,74,0,112,0,6,179,0,185,0,44,253,0,297,116,0,116,413
05/09/2012,FXE,FL,ASO,ES,Towers with Radar,0,45,74,1,120,0,5,220,0,225,0,50,294,1,345,204,0,204,549
05/10/2012,FXE,FL,ASO,ES,Towers with Radar,0,39,93,0,132,0,3,230,0,233,0,42,323,0,365,166,0,166,531
05/11/2012,FXE,FL,ASO,ES,Towers with Radar,0,35,106,1,142,0,0,275,0,275,0,35,381,1,417,130,0,130,547
05/12/2012,FXE,FL,ASO,ES,Towers with Radar,0,41,85,0,126,0,1,213,0,214,0,42,298,0,340,56,0,56,396
05/13/2012,FXE,FL,ASO,ES,Towers with Radar,0,34,58,0,92,0,3,141,0,144,0,37,199,0,236,118,0,118,354
05/14/2012,FXE,FL,ASO,ES,Towers with Radar,0,51,69,3,123,0,4,239,1,244,0,55,308,4,367,120,0,120,487
05/15/2012,FXE,FL,ASO,ES,Towers with Radar,0,47,105,0,152,0,0,235,0,235,0,47,340,0,387,84,0,84,471
05/16/2012,FXE,FL,ASO,ES,Towers with Radar,0,41,110,0,151,0,3,213,0,216,0,44,323,0,367,118,0,118,485
05/17/2012,FXE,FL,ASO,ES,Towers with Radar,0,42,107,0,149,0,1,306,0,307,0,43,413,0,456,134,0,134,590
05/18/2012,FXE,FL,ASO,ES,Towers with Radar,0,46,116,0,162,0,0,300,0,300,0,46,416,0,462,46,0,46,508
05/19/2012,FXE,FL,ASO,ES,Towers with Radar,0,17,91,0,108,0,5,198,0,203,0,22,289,0,311,58,0,58,369
05/20/2012,FXE,FL,ASO,ES,Towers with Radar,0,46,71,0,117,0,0,174,0,174,0,46,245,0,291,112,0,112,403
05/21/2012,FXE,FL,ASO,ES,Towers with Radar,0,27,89,1,117,0,4,233,1,238,0,31,322,2,355,72,0,72,427
05/22/2012,FXE,FL,ASO,ES,Towers with Radar,0,32,94,0,126,0,4,165,0,169,0,36,259,0,295,88,0,88,383
05/23/2012,FXE,FL,ASO,ES,Towers with Radar,0,32,82,0,114,0,1,196,0,197,0,33,278,0,311,112,0,112,423
05/24/2012,FXE,FL,ASO,ES,Towers with Radar,0,51,99,0,150,0,2,81,0,83,0,53,180,0,233,34,0,34,267
05/25/2012,FXE,FL,ASO,ES,Towers with Radar,0,48,136,0,184,0,8,345,0,353,0,56,481,0,537,88,0,88,625
05/26/2012,FXE,FL,ASO,ES,Towers with Radar,0,28,98,0,126,0,1,292,0,293,0,29,390,0,419,114,0,114,533
05/27/2012,FXE,FL,ASO,ES,Towers with Radar,0,22,51,0,73,0,0,139,0,139,0,22,190,0,212,64,0,64,276
05/28/2012,FXE,FL,ASO,ES,Towers with Radar,0,34,98,0,132,0,1,232,0,233,0,35,330,0,365,102,0,102,467
05/29/2012,FXE,FL,ASO,ES,Towers with Radar,0,37,91,0,128,0,2,204,0,206,0,39,295,0,334,94,0,94,428
05/30/2012,FXE,FL,ASO,ES,Towers with Radar,0,42,67,2,111,0,4,239,0,243,0,46,306,2,354,180,0,180,534
05/31/2012,FXE,FL,ASO,ES,Towers with Radar,0,37,86,0,123,0,5,220,0,225,0,42,306,0,348,172,0,172,520
06/01/2012,FXE,FL,ASO,ES,Towers with Radar,0,45,93,0,138,6,3,109,0,118,6,48,202,0,256,68,0,68,324
06/02/2012,FXE,FL,ASO,ES,Towers with Radar,0,31,71,0,102,0,2,221,0,223,0,33,292,0,325,130,0,130,455
06/03/2012,FXE,FL,ASO,ES,Towers with Radar,0,17,67,0,84,0,1,214,0,215,0,18,281,0,299,128,0,128,427
06/04/2012,FXE,FL,ASO,ES,Towers with Radar,0,34,80,0,114,0,2,271,0,273,0,36,351,0,387,106,0,106,493
06/05/2012,FXE,FL,ASO,ES,Towers with Radar,0,27,92,0,119,0,6,231,0,237,0,33,323,0,356,154,0,154,510
06/06/2012,FXE,FL,ASO,ES,Towers with Radar,0,39,98,4,141,0,0,187,0,187,0,39,285,4,328,76,0,76,404
06/07/2012,FXE,FL,ASO,ES,Towers with Radar,0,48,93,0,141,0,5,165,0,170,0,53,258,0,311,68,0,68,379
06/08/2012,FXE,FL,ASO,ES,Towers with Radar,0,34,109,0,143,0,1,261,0,262,0,35,370,0,405,58,0,58,463
06/09/2012,FXE,FL,ASO,ES,Towers with Radar,0,22,90,0,112,0,16,223,0,239,0,38,313,0,351,150,0,150,501
06/10/2012,FXE,FL,ASO,ES,Towers with Radar,0,29,90,0,119,0,2,196,0,198,0,31,286,0,317,104,0,104,421
06/11/2012,FXE,FL,ASO,ES,Towers with Radar,0,30,72,0,102,0,5,296,0,301,0,35,368,0,403,126,0,126,529
06/12/2012,FXE,FL,ASO,ES,Towers with Radar,0,20,97,0,117,0,4,283,0,287,0,24,380,0,404,116,0,116,520
06/13/2012,FXE,FL,ASO,ES,Towers with Radar,0,34,76,0,110,0,1,286,1,288,0,35,362,1,398,130,0,130,528
06/14/2012,FXE,FL,ASO,ES,Towers with Radar,0,39,96,1,136,0,1,273,0,274,0,40,369,1,410,118,0,118,528
06/15/2012,FXE,FL,ASO,ES,Towers with Radar,0,38,76,0,114,0,8,196,0,204,0,46,272,0,318,72,0,72,390
06/16/2012,FXE,FL,ASO,ES,Towers with Radar,0,22,91,0,113,0,5,231,0,236,0,27,322,0,349,114,0,114,463
06/17/2012,FXE,FL,ASO,ES,Towers with Radar,0,41,64,0,105,0,3,160,0,163,0,44,224,0,268,54,0,54,322
06/18/2012,FXE,FL,ASO,ES,Towers with Radar,0,34,73,0,107,0,8,216,0,224,0,42,289,0,331,134,0,134,465
06/19/2012,FXE,FL,ASO,ES,Towers with Radar,0,30,81,0,111,0,4,279,0,283,0,34,360,0,394,44,0,44,438
06/20/2012,FXE,FL,ASO,ES,Towers with Radar,0,43,75,0,118,0,0,74,0,74,0,43,149,0,192,28,0,28,220
06/21/2012,FXE,FL,ASO,ES,Towers with Radar,0,57,96,2,155,0,4,251,0,255,0,61,347,2,410,79,4,83,493
06/22/2012,FXE,FL,ASO,ES,Towers with Radar,0,39,77,0,116,0,2,130,0,132,0,41,207,0,248,54,0,54,302
06/23/2012,FXE,FL,ASO,ES,Towers with Radar,0,26,88,0,114,0,2,161,0,163,0,28,249,0,277,64,0,64,341
06/24/2012,FXE,FL,ASO,ES,Towers with Radar,0,26,45,0,71,0,2,29,2,33,0,28,74,2,104,8,0,8,112
06/25/2012,FXE,FL,ASO,ES,Towers with Radar,0,29,58,0,87,0,2,173,0,175,0,31,231,0,262,58,0,58,320
06/26/2012,FXE,FL,ASO,ES,Towers with Radar,0,31,69,0,100,0,8,119,0,127,0,39,188,0,227,10,0,10,237
06/27/2012,FXE,FL,ASO,ES,Towers with Radar,0,37,71,1,109,0,1,161,0,162,0,38,232,1,271,118,0,118,389
06/28/2012,FXE,FL,ASO,ES,Towers with Radar,0,45,100,1,146,0,3,348,0,351,0,48,448,1,497,158,0,158,655
06/29/2012,FXE,FL,ASO,ES,Towers with Radar,0,37,113,0,150,0,12,307,0,319,0,49,420,0,469,86,0,86,555
06/30/2012,FXE,FL,ASO,ES,Towers with Radar,0,16,80,0,96,0,4,259,0,263,0,20,339,0,359,72,0,72,431
07/01/2012,FXE,FL,ASO,ES,Towers with Radar,0,22,78,0,100,0,6,201,0,207,0,28,279,0,307,70,0,70,377
07/02/2012,FXE,FL,ASO,ES,Towers with Radar,0,24,109,0,133,0,2,295,0,297,0,26,404,0,430,72,0,72,502
07/03/2012,FXE,FL,ASO,ES,Towers with Radar,0,28,109,0,137,0,4,267,0,271,0,32,376,0,408,55,0,55,463
07/04/2012,FXE,FL,ASO,ES,Towers with Radar,0,12,59,0,71,0,1,174,0,175,0,13,233,0,246,68,0,68,314
07/05/2012,FXE,FL,ASO,ES,Towers with Radar,0,30,90,0,120,0,2,241,0,243,0,32,331,0,363,106,0,106,469
07/06/2012,FXE,FL,ASO,ES,Towers with Radar,0,28,101,0,129,0,4,259,4,267,0,32,360,4,396,134,0,134,530
07/07/2012,FXE,FL,ASO,ES,Towers with Radar,0,33,83,0,116,0,6,209,0,215,0,39,292,0,331,112,0,112,443
07/08/2012,FXE,FL,ASO,ES,Towers with Radar,0,32,95,0,127,0,2,167,0,169,0,34,262,0,296,54,0,54,350
07/09/2012,FXE,FL,ASO,ES,Towers with Radar,0,22,84,0,106,0,2,256,0,258,0,24,340,0,364,136,0,136,500
07/10/2012,FXE,FL,ASO,ES,Towers with Radar,0,25,107,0,132,0,4,224,0,228,0,29,331,0,360,164,0,164,524
07/11/2012,FXE,FL,ASO,ES,Towers with Radar,0,35,88,0,123,0,4,97,0,101,0,39,185,0,224,48,0,48,272
07/12/2012,FXE,FL,ASO,ES,Towers with Radar,0,33,99,0,132,0,5,235,0,240,0,38,334,0,372,126,0,126,498
07/13/2012,FXE,FL,ASO,ES,Towers with Radar,1,26,104,0,131,0,10,259,0,269,1,36,363,0,400,82,0,82,482
07/14/2012,FXE,FL,ASO,ES,Towers with Radar,0,23,68,0,91,0,7,192,0,199,0,30,260,0,290,56,0,56,346
07/15/2012,FXE,FL,ASO,ES,Towers with Radar,0,19,57,0,76,0,5,121,0,126,0,24,178,0,202,100,0,100,302
07/16/2012,FXE,FL,ASO,ES,Towers with Radar,0,31,69,0,100,0,6,161,0,167,0,37,230,0,267,103,0,103,370
07/17/2012,FXE,FL,ASO,ES,Towers with Radar,0,24,85,1,110,0,3,175,1,179,0,27,260,2,289,92,0,92,381
07/18/2012,FXE,FL,ASO,ES,Towers with Radar,0,29,106,0,135,0,3,353,0,356,0,32,459,0,491,143,0,143,634
07/19/2012,FXE,FL,ASO,ES,Towers with Radar,0,38,86,0,124,0,10,258,0,268,0,48,344,0,392,86,0,86,478
07/20/2012,FXE,FL,ASO,ES,Towers with Radar,0,43,113,0,156,0,11,261,0,272,0,54,374,0,428,120,0,120,548
07/21/2012,FXE,FL,ASO,ES,Towers with Radar,0,28,99,0,127,0,10,263,0,273,0,38,362,0,400,138,0,138,538
07/22/2012,FXE,FL,ASO,ES,Towers with Radar,0,11,46,0,57,0,3,90,0,93,0,14,136,0,150,105,0,105,255
07/23/2012,FXE,FL,ASO,ES,Towers with Radar,0,39,86,0,125,0,7,257,0,264,0,46,343,0,389,110,0,110,499
07/24/2012,FXE,FL,ASO,ES,Towers with Radar,0,30,98,0,128,0,6,282,0,288,0,36,380,0,416,158,0,158,574
07/25/2012,FXE,FL,ASO,ES,Towers with Radar,0,34,106,0,140,0,3,298,0,301,0,37,404,0,441,164,0,164,605
07/26/2012,FXE,FL,ASO,ES,Towers with Radar,0,24,90,1,115,0,3,296,0,299,0,27,386,1,414,204,0,204,618
07/27/2012,FXE,FL,ASO,ES,Towers with Radar,0,35,111,0,146,0,3,320,0,323,0,38,431,0,469,130,0,130,599
07/28/2012,FXE,FL,ASO,ES,Towers with Radar,0,29,78,0,107,0,8,246,0,254,0,37,324,0,361,58,0,58,419
07/29/2012,FXE,FL,ASO,ES,Towers with Radar,0,20,66,0,86,0,4,192,0,196,0,24,258,0,282,54,0,54,336
07/30/2012,FXE,FL,ASO,ES,Towers with Radar,0,26,92,0,118,0,7,248,1,256,0,33,340,1,374,106,0,106,480
07/31/2012,FXE,FL,ASO,ES,Towers with Radar,0,26,90,1,117,0,8,258,2,268,0,34,348,3,385,128,0,128,513
08/01/2012,FXE,FL,ASO,ES,Towers with Radar,0,27,88,0,115,0,8,288,0,296,0,35,376,0,411,94,0,94,505
08/02/2012,FXE,FL,ASO,ES,Towers with Radar,0,29,122,0,151,0,7,259,0,266,0,36,381,0,417,214,0,214,631
08/03/2012,FXE,FL,ASO,ES,Towers with Radar,0,45,99,0,144,0,7,169,0,176,0,52,268,0,320,82,0,82,402
08/04/2012,FXE,FL,ASO,ES,Towers with Radar,0,30,61,0,91,0,2,192,0,194,0,32,253,0,285,94,0,94,379
08/05/2012,FXE,FL,ASO,ES,Towers with Radar,0,26,72,0,98,0,6,163,0,169,0,32,235,0,267,50,0,50,317
08/06/2012,FXE,FL,ASO,ES,Towers with Radar,0,28,69,7,104,0,7,139,0,146,0,35,208,7,250,154,0,154,404
08/07/2012,FXE,FL,ASO,ES,Towers with Radar,0,28,85,0,113,0,4,288,0,292,0,32,373,0,405,152,0,152,557
08/08/2012,FXE,FL,ASO,ES,Towers with Radar,1,30,103,0,134,0,6,314,0,320,1,36,417,0,454,202,0,202,656
08/09/2012,FXE,FL,ASO,ES,Towers with Radar,0,36,96,0,132,0,9,328,0,337,0,45,424,0,469,103,0,103,572
08/10/2012,FXE,FL,ASO,ES,Towers with Radar,0,48,85,0,133,0,4,231,0,235,0,52,316,0,368,88,0,88,456
08/11/2012,FXE,FL,ASO,ES,Towers with Radar,0,15,62,0,77,0,5,186,0,191,0,20,248,0,268,68,0,68,336
08/12/2012,FXE,FL,ASO,ES,Towers with Radar,0,27,65,0,92,0,5,142,0,147,0,32,207,0,239,22,0,22,261
08/13/2012,FXE,FL,ASO,ES,Towers with Radar,0,35,102,0,137,0,11,285,0,296,0,46,387,0,433,100,0,100,533
08/14/2012,FXE,FL,ASO,ES,Towers with Radar,0,29,107,0,136,0,11,266,0,277,0,40,373,0,413,112,0,112,525
08/15/2012,FXE,FL,ASO,ES,Towers with Radar,0,25,73,0,98,0,4,261,0,265,0,29,334,0,363,124,0,124,487
08/16/2012,FXE,FL,ASO,ES,Towers with Radar,0,35,92,1,128,0,8,259,0,267,0,43,351,1,395,80,0,80,475
08/17/2012,FXE,FL,ASO,ES,Towers with Radar,0,27,105,0,132,0,12,275,0,287,0,39,380,0,419,102,0,102,521
08/18/2012,FXE,FL,ASO,ES,Towers with Radar,0,19,80,0,99,0,8,223,0,231,0,27,303,0,330,74,0,74,404
08/19/2012,FXE,FL,ASO,ES,Towers with Radar,0,22,72,0,94,0,2,200,0,202,0,24,272,0,296,56,0,56,352
08/20/2012,FXE,FL,ASO,ES,Towers with Radar,0,18,108,0,126,0,6,262,0,268,0,24,370,0,394,88,0,88,482
08/21/2012,FXE,FL,ASO,ES,Towers with Radar,0,20,77,0,97,0,2,183,0,185,0,22,260,0,282,62,0,62,344
08/22/2012,FXE,FL,ASO,ES,Towers with Radar,0,24,88,0,112,0,4,216,0,220,0,28,304,0,332,188,0,188,520
08/23/2012,FXE,FL,ASO,ES,Towers with Radar,0,30,89,0,119,0,5,318,0,323,0,35,407,0,442,136,0,136,578
08/24/2012,FXE,FL,ASO,ES,Towers with Radar,0,28,78,0,106,0,4,203,0,207,0,32,281,0,313,56,0,56,369
08/25/2012,FXE,FL,ASO,ES,Towers with Radar,0,24,64,2,90,0,3,42,0,45,0,27,106,2,135,0,0,0,135
08/26/2012,FXE,FL,ASO,ES,Towers with Radar,0,4,9,0,13,0,0,0,0,0,0,4,9,0,13,0,0,0,13
08/27/2012,FXE,FL,ASO,ES,Towers with Radar,0,21,18,0,39,0,2,5,0,7,0,23,23,0,46,0,0,0,46
08/28/2012,FXE,FL,ASO,ES,Towers with Radar,0,31,80,0,111,0,3,181,0,184,0,34,261,0,295,76,0,76,371
08/29/2012,FXE,FL,ASO,ES,Towers with Radar,0,32,86,0,118,0,6,233,0,239,0,38,319,0,357,80,0,80,437
08/30/2012,FXE,FL,ASO,ES,Towers with Radar,0,40,108,0,148,0,8,248,0,256,0,48,356,0,404,96,0,96,500
08/31/2012,FXE,FL,ASO,ES,Towers with Radar,0,41,118,0,159,0,7,311,0,318,0,48,429,0,477,74,0,74,551
09/01/2012,FXE,FL,ASO,ES,Towers with Radar,0,18,43,0,61,0,3,186,0,189,0,21,229,0,250,66,0,66,316
09/02/2012,FXE,FL,ASO,ES,Towers with Radar,0,13,40,0,53,0,8,139,0,147,0,21,179,0,200,72,0,72,272
09/03/2012,FXE,FL,ASO,ES,Towers with Radar,0,15,81,0,96,0,4,188,0,192,0,19,269,0,288,72,0,72,360
09/04/2012,FXE,FL,ASO,ES,Towers with Radar,0,28,86,0,114,0,3,200,0,203,0,31,286,0,317,24,0,24,341
09/05/2012,FXE,FL,ASO,ES,Towers with Radar,0,23,67,0,90,0,2,172,0,174,0,25,239,0,264,106,0,106,370
09/06/2012,FXE,FL,ASO,ES,Towers with Radar,0,33,76,0,109,0,10,233,0,243,0,43,309,0,352,100,0,100,452
09/07/2012,FXE,FL,ASO,ES,Towers with Radar,0,28,99,0,127,0,13,221,0,234,0,41,320,0,361,114,0,114,475
09/08/2012,FXE,FL,ASO,ES,Towers with Radar,0,29,72,0,101,0,4,209,0,213,0,33,281,0,314,90,0,90,404
09/09/2012,FXE,FL,ASO,ES,Towers with Radar,0,23,63,0,86,0,3,119,0,122,0,26,182,0,208,30,0,30,238
09/10/2012,FXE,FL,ASO,ES,Towers with Radar,0,14,63,0,77,0,4,163,0,167,0,18,226,0,244,144,0,144,388
09/11/2012,FXE,FL,ASO,ES,Towers with Radar,0,30,85,4,119,0,8,229,0,237,0,38,314,4,356,84,0,84,440
09/12/2012,FXE,FL,ASO,ES,Towers with Radar,0,41,101,0,142,0,6,191,0,197,0,47,292,0,339,76,0,76,415
09/13/2012,FXE,FL,ASO,ES,Towers with Radar,0,38,105,0,143,0,5,103,0,108,0,43,208,0,251,52,0,52,303
09/14/2012,FXE,FL,ASO,ES,Towers with Radar,0,25,120,0,145,0,10,232,0,242,0,35,352,0,387,72,0,72,459
09/15/2012,FXE,FL,ASO,ES,Towers with Radar,0,16,101,0,117,0,2,156,0,158,0,18,257,0,275,88,0,88,363
09/16/2012,FXE,FL,ASO,ES,Towers with Radar,0,21,65,0,86,0,1,131,0,132,0,22,196,0,218,70,0,70,288
09/17/2012,FXE,FL,ASO,ES,Towers with Radar,0,21,75,0,96,0,9,250,0,259,0,30,325,0,355,106,0,106,461
09/18/2012,FXE,FL,ASO,ES,Towers with Radar,0,31,80,0,111,0,5,223,0,228,0,36,303,0,339,112,0,112,451
09/19/2012,FXE,FL,ASO,ES,Towers with Radar,0,28,77,0,105,0,11,224,0,235,0,39,301,0,340,94,0,94,434
09/20/2012,FXE,FL,ASO,ES,Towers with Radar,0,40,89,0,129,0,8,173,0,181,0,48,262,0,310,46,0,46,356
09/21/2012,FXE,FL,ASO,ES,Towers with Radar,0,30,89,0,119,0,4,212,0,216,0,34,301,0,335,60,0,60,395
09/22/2012,FXE,FL,ASO,ES,Towers with Radar,0,19,66,0,85,0,2,91,0,93,0,21,157,0,178,82,0,82,260
09/23/2012,FXE,FL,ASO,ES,Towers with Radar,0,17,77,0,94,0,1,140,0,141,0,18,217,0,235,68,0,68,303
09/24/2012,FXE,FL,ASO,ES,Towers with Radar,0,23,83,2,108,0,10,207,0,217,0,33,290,2,325,193,0,193,518
09/25/2012,FXE,FL,ASO,ES,Towers with Radar,0,23,88,0,111,0,8,205,0,213,0,31,293,0,324,52,0,52,376
09/26/2012,FXE,FL,ASO,ES,Towers with Radar,0,35,94,0,129,0,7,200,0,207,0,42,294,0,336,103,0,103,439
09/27/2012,FXE,FL,ASO,ES,Towers with Radar,0,34,96,0,130,0,9,270,0,279,0,43,366,0,409,88,0,88,497
09/28/2012,FXE,FL,ASO,ES,Towers with Radar,0,29,83,2,114,0,10,257,1,268,0,39,340,3,382,91,0,91,473
09/29/2012,FXE,FL,ASO,ES,Towers with Radar,1,27,66,0,94,0,2,200,0,202,1,29,266,0,296,148,0,148,444
09/30/2012,FXE,FL,ASO,ES,Towers with Radar,0,17,50,0,67,0,0,172,0,172,0,17,222,0,239,126,0,126,365
10/01/2012,FXE,FL,ASO,ES,Towers with Radar,0,21,70,0,91,0,3,138,1,142,0,24,208,1,233,66,0,66,299
10/02/2012,FXE,FL,ASO,ES,Towers with Radar,0,22,71,1,94,0,9,246,0,255,0,31,317,1,349,96,0,96,445
10/03/2012,FXE,FL,ASO,ES,Towers with Radar,0,30,124,0,154,0,7,248,0,255,0,37,372,0,409,71,0,71,480
10/04/2012,FXE,FL,ASO,ES,Towers with Radar,0,39,107,0,146,0,9,224,0,233,0,48,331,0,379,124,0,124,503
10/05/2012,FXE,FL,ASO,ES,Towers with Radar,0,40,127,0,167,0,10,269,0,279,0,50,396,0,446,226,0,226,672
10/06/2012,FXE,FL,ASO,ES,Towers with Radar,0,25,63,0,88,0,2,160,0,162,0,27,223,0,250,102,0,102,352
10/07/2012,FXE,FL,ASO,ES,Towers with Radar,0,22,62,0,84,0,5,147,0,152,0,27,209,0,236,74,0,74,310
10/08/2012,FXE,FL,ASO,ES,Towers with Radar,0,28,85,0,113,0,9,204,0,213,0,37,289,0,326,72,0,72,398
10/09/2012,FXE,FL,ASO,ES,Towers with Radar,0,29,95,0,124,0,4,237,0,241,0,33,332,0,365,122,0,122,487
10/10/2012,FXE,FL,ASO,ES,Towers with Radar,0,29,107,0,136,0,7,294,0,301,0,36,401,0,437,166,0,166,603
10/11/2012,FXE,FL,ASO,ES,Towers with Radar,0,38,99,0,137,0,12,210,0,222,0,50,309,0,359,94,0,94,453
10/12/2012,FXE,FL,ASO,ES,Towers with Radar,0,39,91,2,132,0,7,216,0,223,0,46,307,2,355,54,0,54,409
10/13/2012,FXE,FL,ASO,ES,Towers with Radar,0,22,73,0,95,0,1,145,0,146,0,23,218,0,241,36,0,36,277
10/14/2012,FXE,FL,ASO,ES,Towers with Radar,0,19,84,0,103,0,0,110,0,110,0,19,194,0,213,38,0,38,251
10/15/2012,FXE,FL,ASO,ES,Towers with Radar,1,25,120,0,146,0,10,219,0,229,1,35,339,0,375,152,0,152,527
10/16/2012,FXE,FL,ASO,ES,Towers with Radar,0,14,105,0,119,0,3,188,0,191,0,17,293,0,310,64,0,64,374
10/17/2012,FXE,FL,ASO,ES,Towers with Radar,0,26,98,0,124,0,6,204,0,210,0,32,302,0,334,96,0,96,430
10/18/2012,FXE,FL,ASO,ES,Towers with Radar,0,30,103,0,133,0,8,253,0,261,0,38,356,0,394,146,0,146,540
10/19/2012,FXE,FL,ASO,ES,Towers with Radar,0,30,88,0,118,0,5,210,0,215,0,35,298,0,333,96,0,96,429
10/20/2012,FXE,FL,ASO,ES,Towers with Radar,0,26,58,0,84,0,5,222,0,227,0,31,280,0,311,50,0,50,361
10/21/2012,FXE,FL,ASO,ES,Towers with Radar,0,25,77,0,102,0,0,180,0,180,0,25,257,0,282,60,0,60,342
10/22/2012,FXE,FL,ASO,ES,Towers with Radar,0,29,80,0,109,0,10,130,0,140,0,39,210,0,249,70,0,70,319
10/23/2012,FXE,FL,ASO,ES,Towers with Radar,0,37,89,1,127,0,6,125,0,131,0,43,214,1,258,48,0,48,306
10/24/2012,FXE,FL,ASO,ES,Towers with Radar,0,46,121,0,167,0,10,126,0,136,0,56,247,0,303,34,0,34,337
10/25/2012,FXE,FL,ASO,ES,Towers with Radar,0,30,78,0,108,0,2,16,0,18,0,32,94,0,126,0,0,0,126
10/26/2012,FXE,FL,ASO,ES,Towers with Radar,0,23,76,0,99,0,1,10,0,11,0,24,86,0,110,0,0,0,110
10/27/2012,FXE,FL,ASO,ES,Towers with Radar,0,22,71,0,93,0,6,75,0,81,0,28,146,0,174,10,0,10,184
10/28/2012,FXE,FL,ASO,ES,Towers with Radar,0,17,103,0,120,0,5,134,1,140,0,22,237,1,260,42,0,42,302
10/29/2012,FXE,FL,ASO,ES,Towers with Radar,0,28,111,0,139,0,16,186,0,202,0,44,297,0,341,96,0,96,437
10/30/2012,FXE,FL,ASO,ES,Towers with Radar,0,31,88,0,119,0,8,250,0,258,0,39,338,0,377,114,0,114,491
10/31/2012,FXE,FL,ASO,ES,Towers with Radar,0,37,93,0,130,0,11,225,0,236,0,48,318,0,366,108,0,108,474
11/01/2012,FXE,FL,ASO,ES,Towers with Radar,0,35,102,0,137,0,14,243,0,257,0,49,345,0,394,60,0,60,454
11/02/2012,FXE,FL,ASO,ES,Towers with Radar,0,32,125,0,157,0,9,204,0,213,0,41,329,0,370,62,0,62,432
11/03/2012,FXE,FL,ASO,ES,Towers with Radar,0,26,69,0,95,0,6,234,0,240,0,32,303,0,335,108,0,108,443
11/04/2012,FXE,FL,ASO,ES,Towers with Radar,0,23,54,0,77,0,5,150,0,155,0,28,204,0,232,60,0,60,292
11/05/2012,FXE,FL,ASO,ES,Towers with Radar,0,22,78,0,100,0,4,252,0,256,0,26,330,0,356,124,0,124,480
11/06/2012,FXE,FL,ASO,ES,Towers with Radar,0,27,83,2,112,0,5,240,0,245,0,32,323,2,357,108,0,108,465
11/07/2012,FXE,FL,ASO,ES,Towers with Radar,0,24,102,0,126,0,7,250,0,257,0,31,352,0,383,126,0,126,509
11/08/2012,FXE,FL,ASO,ES,Towers with Radar,0,59,87,0,146,0,9,274,0,283,0,68,361,0,429,16,0,16,445
11/09/2012,FXE,FL,ASO,ES,Towers with Radar,0,38,122,0,160,0,11,282,0,293,0,49,404,0,453,107,0,107,560
11/10/2012,FXE,FL,ASO,ES,Towers with Radar,0,19,63,0,82,0,6,212,0,218,0,25,275,0,300,132,0,132,432
11/11/2012,FXE,FL,ASO,ES,Towers with Radar,0,46,108,0,154,0,2,174,0,176,0,48,282,0,330,90,0,90,420
11/12/2012,FXE,FL,ASO,ES,Towers with Radar,0,30,92,0,122,0,9,174,0,183,0,39,266,0,305,48,0,48,353
11/13/2012,FXE,FL,ASO,ES,Towers with Radar,0,37,108,0,145,0,7,209,0,216,0,44,317,0,361,110,0,110,471
11/14/2012,FXE,FL,ASO,ES,Towers with Radar,2,22,92,0,116,0,4,222,0,226,2,26,314,0,342,130,0,130,472
11/15/2012,FXE,FL,ASO,ES,Towers with Radar,0,33,116,1,150,0,10,218,0,228,0,43,334,1,378,100,0,100,478
11/16/2012,FXE,FL,ASO,ES,Towers with Radar,0,39,143,0,182,0,6,235,0,241,0,45,378,0,423,68,0,68,491
11/17/2012,FXE,FL,ASO,ES,Towers with Radar,0,33,87,0,120,0,0,262,2,264,0,33,349,2,384,185,0,185,569
11/18/2012,FXE,FL,ASO,ES,Towers with Radar,0,34,79,0,113,0,2,164,0,166,0,36,243,0,279,52,0,52,331
11/19/2012,FXE,FL,ASO,ES,Towers with Radar,0,34,87,0,121,0,8,236,1,245,0,42,323,1,366,150,0,150,516
11/20/2012,FXE,FL,ASO,ES,Towers with Radar,0,38,119,0,157,0,4,109,0,113,0,42,228,0,270,38,0,38,308
11/21/2012,FXE,FL,ASO,ES,Towers with Radar,0,47,88,0,135,19,16,295,0,330,19,63,383,0,465,44,0,44,509
11/22/2012,FXE,FL,ASO,ES,Towers with Radar,0,19,44,0,63,0,10,117,0,127,0,29,161,0,190,54,0,54,244
11/23/2012,FXE,FL,ASO,ES,Towers with Radar,0,31,53,0,84,0,12,177,0,189,0,43,230,0,273,46,0,46,319
11/24/2012,FXE,FL,ASO,ES,Towers with Radar,0,16,80,0,96,0,5,159,0,164,0,21,239,0,260,58,0,58,318
11/25/2012,FXE,FL,ASO,ES,Towers with Radar,0,52,111,0,163,0,5,188,0,193,0,57,299,0,356,66,0,66,422
11/26/2012,FXE,FL,ASO,ES,Towers with Radar,0,37,127,0,164,0,9,244,0,253,0,46,371,0,417,114,0,114,531
11/27/2012,FXE,FL,ASO,ES,Towers with Radar,0,24,105,0,129,0,7,257,0,264,0,31,362,0,393,132,0,132,525
11/28/2012,FXE,FL,ASO,ES,Towers with Radar,0,27,92,0,119,0,5,225,0,230,0,32,317,0,349,128,0,128,477
11/29/2012,FXE,FL,ASO,ES,Towers with Radar,0,42,104,0,146,0,8,227,0,235,0,50,331,0,381,174,0,174,555
11/30/2012,FXE,FL,ASO,ES,Towers with Radar,0,29,103,0,132,0,22,207,0,229,0,51,310,0,361,52,0,52,413
12/01/2012,FXE,FL,ASO,ES,Towers with Radar,0,15,82,0,97,0,4,190,0,194,0,19,272,0,291,92,0,92,383
12/02/2012,FXE,FL,ASO,ES,Towers with Radar,0,23,81,0,104,0,1,149,0,150,0,24,230,0,254,50,0,50,304
12/03/2012,FXE,FL,ASO,ES,Towers with Radar,0,26,103,0,129,0,9,199,0,208,0,35,302,0,337,60,0,60,397
12/04/2012,FXE,FL,ASO,ES,Towers with Radar,0,36,105,0,141,0,7,217,0,224,0,43,322,0,365,102,0,102,467
12/05/2012,FXE,FL,ASO,ES,Towers with Radar,0,37,126,2,165,0,7,244,0,251,0,44,370,2,416,90,0,90,506
12/06/2012,FXE,FL,ASO,ES,Towers with Radar,1,38,105,0,144,0,9,231,0,240,1,47,336,0,384,96,0,96,480
12/07/2012,FXE,FL,ASO,ES,Towers with Radar,0,39,138,0,177,0,10,311,1,322,0,49,449,1,499,86,0,86,585
12/08/2012,FXE,FL,ASO,ES,Towers with Radar,0,36,69,0,105,0,6,229,0,235,0,42,298,0,340,74,0,74,414
12/09/2012,FXE,FL,ASO,ES,Towers with Radar,0,28,88,0,116,0,0,163,0,163,0,28,251,0,279,170,0,170,449
12/10/2012,FXE,FL,ASO,ES,Towers with Radar,0,40,84,0,124,0,10,199,0,209,0,50,283,0,333,96,0,96,429
12/11/2012,FXE,FL,ASO,ES,Towers with Radar,0,38,96,0,134,0,8,198,0,206,0,46,294,0,340,176,0,176,516
12/12/2012,FXE,FL,ASO,ES,Towers with Radar,0,32,96,0,128,0,10,235,0,245,0,42,331,0,373,148,0,148,521
12/13/2012,FXE,FL,ASO,ES,Towers with Radar,0,42,119,0,161,0,10,145,0,155,0,52,264,0,316,46,0,46,362
12/14/2012,FXE,FL,ASO,ES,Towers with Radar,0,38,134,2,174,0,8,225,0,233,0,46,359,2,407,118,0,118,525
12/15/2012,FXE,FL,ASO,ES,Towers with Radar,0,26,107,0,133,0,8,219,0,227,0,34,326,0,360,84,0,84,444
12/16/2012,FXE,FL,ASO,ES,Towers with Radar,0,21,86,0,107,0,2,137,0,139,0,23,223,0,246,32,0,32,278
12/17/2012,FXE,FL,ASO,ES,Towers with Radar,0,35,112,0,147,0,6,234,0,240,0,41,346,0,387,128,0,128,515
12/18/2012,FXE,FL,ASO,ES,Towers with Radar,0,26,121,0,147,0,10,243,1,254,0,36,364,1,401,128,0,128,529
12/19/2012,FXE,FL,ASO,ES,Towers with Radar,0,35,99,0,134,0,15,320,0,335,0,50,419,0,469,92,0,92,561
12/20/2012,FXE,FL,ASO,ES,Towers with Radar,0,33,123,0,156,0,10,264,1,275,0,43,387,1,431,80,0,80,511
12/21/2012,FXE,FL,ASO,ES,Towers with Radar,0,44,98,0,142,0,14,202,0,216,0,58,300,0,358,84,0,84,442
12/22/2012,FXE,FL,ASO,ES,Towers with Radar,0,46,117,0,163,0,20,225,0,245,0,66,342,0,408,68,0,68,476
12/23/2012,FXE,FL,ASO,ES,Towers with Radar,0,36,96,0,132,0,5,187,0,192,0,41,283,0,324,60,0,60,384
12/24/2012,FXE,FL,ASO,ES,Towers with Radar,0,22,52,0,74,0,5,140,0,145,0,27,192,0,219,78,0,78,297
12/25/2012,FXE,FL,ASO,ES,Towers with Radar,0,16,32,0,48,0,7,84,0,91,0,23,116,0,139,62,0,62,201
12/26/2012,FXE,FL,ASO,ES,Towers with Radar,0,35,106,0,141,0,10,144,0,154,0,45,250,0,295,31,0,31,326
12/27/2012,FXE,FL,ASO,ES,Towers with Radar,0,45,129,0,174,0,17,261,0,278,0,62,390,0,452,30,0,30,482
12/28/2012,FXE,FL,ASO,ES,Towers with Radar,0,59,128,3,190,0,11,200,0,211,0,70,328,3,401,60,0,60,461
12/29/2012,FXE,FL,ASO,ES,Towers with Radar,0,46,95,0,141,0,8,210,0,218,0,54,305,0,359,48,0,48,407
12/30/2012,FXE,FL,ASO,ES,Towers with Radar,0,25,76,0,101,0,7,204,0,211,0,32,280,0,312,96,0,96,408
12/31/2012,FXE,FL,ASO,ES,Towers with Radar,0,36,71,0,107,0,4,161,0,165,0,40,232,0,272,14,0,14,286
01/01/2013,FXE,FL,ASO,ES,Towers with Radar,0,51,52,0,103,0,7,144,0,151,0,58,196,0,254,32,0,32,286
01/02/2013,FXE,FL,ASO,ES,Towers with Radar,0,52,121,0,173,0,11,209,0,220,0,63,330,0,393,78,0,78,471
01/03/2013,FXE,FL,ASO,ES,Towers with Radar,0,49,124,0,173,0,9,230,0,239,0,58,354,0,412,68,0,68,480
01/04/2013,FXE,FL,ASO,ES,Towers with Radar,1,49,126,0,176,0,6,215,0,221,1,55,341,0,397,62,0,62,459
01/05/2013,FXE,FL,ASO,ES,Towers with Radar,0,41,172,0,213,0,1,116,0,117,0,42,288,0,330,34,0,34,364
01/06/2013,FXE,FL,ASO,ES,Towers with Radar,0,44,141,0,185,0,3,166,0,169,0,47,307,0,354,70,0,70,424
01/07/2013,FXE,FL,ASO,ES,Towers with Radar,0,27,143,0,170,0,5,122,0,127,0,32,265,0,297,58,0,58,355
01/08/2013,FXE,FL,ASO,ES,Towers with Radar,0,45,154,0,199,0,6,235,0,241,0,51,389,0,440,78,0,78,518
01/09/2013,FXE,FL,ASO,ES,Towers with Radar,0,34,115,0,149,0,6,190,0,196,0,40,305,0,345,78,0,78,423
01/10/2013,FXE,FL,ASO,ES,Towers with Radar,0,36,106,0,142,0,7,283,0,290,0,43,389,0,432,142,0,142,574
01/11/2013,FXE,FL,ASO,ES,Towers with Radar,0,40,115,0,155,0,12,236,0,248,0,52,351,0,403,96,0,96,499
01/12/2013,FXE,FL,ASO,ES,Towers with Radar,0,23,91,0,114,0,4,267,0,271,0,27,358,0,385,120,0,120,505
01/13/2013,FXE,FL,ASO,ES,Towers with Radar,0,25,63,0,88,0,1,174,0,175,0,26,237,0,263,88,0,88,351
01/14/2013,FXE,FL,ASO,ES,Towers with Radar,2,27,100,0,129,0,9,225,0,234,2,36,325,0,363,118,0,118,481
01/15/2013,FXE,FL,ASO,ES,Towers with Radar,0,26,98,0,124,0,5,187,0,192,0,31,285,0,316,66,0,66,382
01/16/2013,FXE,FL,ASO,ES,Towers with Radar,0,32,104,0,136,0,7,286,0,293,0,39,390,0,429,120,0,120,549
01/17/2013,FXE,FL,ASO,ES,Towers with Radar,0,49,78,0,127,0,11,200,0,211,0,60,278,0,338,64,0,64,402
01/18/2013,FXE,FL,ASO,ES,Towers with Radar,0,38,120,0,158,0,9,250,0,259,0,47,370,0,417,84,0,84,501
01/19/2013,FXE,FL,ASO,ES,Towers with Radar,0,29,101,0,130,0,1,56,0,57,0,30,157,0,187,4,0,4,191
01/20/2013,FXE,FL,ASO,ES,Towers with Radar,0,16,93,0,109,0,3,204,0,207,0,19,297,0,316,66,0,66,382
01/21/2013,FXE,FL,ASO,ES,Towers with Radar,0,38,91,0,129,0,9,220,0,229,0,47,311,0,358,84,0,84,442
01/22/2013,FXE,FL,ASO,ES,Towers with Radar,0,29,102,0,131,0,8,268,0,276,0,37,370,0,407,70,0,70,477
01/23/2013,FXE,FL,ASO,ES,Towers with Radar,0,29,96,0,125,0,10,248,0,258,0,39,344,0,383,82,0,82,465
01/24/2013,FXE,FL,ASO,ES,Towers with Radar,0,39,108,0,147,0,8,244,0,252,0,47,352,0,399,36,0,36,435
01/25/2013,FXE,FL,ASO,ES,Towers with Radar,0,47,108,0,155,0,18,304,0,322,0,65,412,0,477,52,0,52,529
01/26/2013,FXE,FL,ASO,ES,Towers with Radar,0,31,71,0,102,0,8,431,0,439,0,39,502,0,541,18,0,18,559
01/27/2013,FXE,FL,ASO,ES,Towers with Radar,0,24,83,0,107,0,1,180,0,181,0,25,263,0,288,36,0,36,324
01/28/2013,FXE,FL,ASO,ES,Towers with Radar,0,30,101,1,132,0,5,226,1,232,0,35,327,2,364,84,0,84,448
01/29/2013,FXE,FL,ASO,ES,Towers with Radar,0,28,91,0,119,0,3,222,0,225,0,31,313,0,344,46,0,46,390
01/30/2013,FXE,FL,ASO,ES,Towers with Radar,0,40,107,0,147,0,11,215,0,226,0,51,322,0,373,79,0,79,452
01/31/2013,FXE,FL,ASO,ES,Towers with Radar,0,45,102,0,147,0,9,164,0,173,0,54,266,0,320,42,0,42,362
02/01/2013,FXE,FL,ASO,ES,Towers with Radar,0,29,88,0,117,0,10,271,0,281,0,39,359,0,398,88,0,88,486
02/02/2013,FXE,FL,ASO,ES,Towers with Radar,0,27,80,0,107,0,7,238,0,245,0,34,318,0,352,68,0,68,420
02/03/2013,FXE,FL,ASO,ES,Towers with Radar,0,28,58,1,87,0,3,160,1,164,0,31,218,2,251,62,0,62,313
02/04/2013,FXE,FL,ASO,ES,Towers with Radar,0,63,88,0,151,0,9,276,0,285,0,72,364,0,436,76,0,76,512
02/05/2013,FXE,FL,ASO,ES,Towers with Radar,0,27,104,3,134,0,6,343,1,350,0,33,447,4,484,88,0,88,572
02/06/2013,FXE,FL,ASO,ES,Towers with Radar,0,37,102,0,139,0,6,256,2,264,0,43,358,2,403,90,0,90,493
02/07/2013,FXE,FL,ASO,ES,Towers with Radar,0,40,92,0,132,0,11,314,1,326,0,51,406,1,458,73,0,73,531
02/08/2013,FXE,FL,ASO,ES,Towers with Radar,0,49,133,0,182,0,9,351,0,360,0,58,484,0,542,116,0,116,658
02/09/2013,FXE,FL,ASO,ES,Towers with Radar,0,20,97,0,117,0,7,233,0,240,0,27,330,0,357,78,0,78,435
02/10/2013,FXE,FL,ASO,ES,Towers with Radar,0,31,104,0,135,0,2,138,0,140,0,33,242,0,275,24,0,24,299
02/11/2013,FXE,FL,ASO,ES,Towers with Radar,0,26,87,0,113,0,7,264,1,272,0,33,351,1,385,82,0,82,467
02/12/2013,FXE,FL,ASO,ES,Towers with Radar,0,31,100,0,131,0,15,280,0,295,0,46,380,0,426,92,0,92,518
02/13/2013,FXE,FL,ASO,ES,Towers with Radar,0,38,79,0,117,0,11,212,0,223,0,49,291,0,340,90,0,90,430
02/14/2013,FXE,FL,ASO,ES,Towers with Radar,0,56,105,0,161,0,11,95,0,106,0,67,200,0,267,50,0,50,317
02/15/2013,FXE,FL,ASO,ES,Towers with Radar,0,66,138,0,204,0,5,74,0,79,0,71,212,0,283,26,0,26,309
02/16/2013,FXE,FL,ASO,ES,Towers with Radar,0,41,89,0,130,0,5,175,0,180,0,46,264,0,310,50,0,50,360
02/17/2013,FXE,FL,ASO,ES,Towers with Radar,0,20,103,0,123,0,9,148,0,157,0,29,251,0,280,64,0,64,344
02/18/2013,FXE,FL,ASO,ES,Towers with Radar,0,47,109,0,156,0,10,190,0,200,0,57,299,0,356,56,0,56,412
02/19/2013,FXE,FL,ASO,ES,Towers with Radar,0,31,118,0,149,0,4,238,0,242,0,35,356,0,391,36,0,36,427
02/20/2013,FXE,FL,ASO,ES,Towers with Radar,0,50,114,0,164,0,17,261,0,278,0,67,375,0,442,74,0,74,516
02/21/2013,FXE,FL,ASO,ES,Towers with Radar,0,48,101,0,149,0,17,248,0,265,0,65,349,0,414,104,0,104,518
02/22/2013,FXE,FL,ASO,ES,Towers with Radar,0,37,108,0,145,0,28,266,0,294,0,65,374,0,439,60,0,60,499
02/23/2013,FXE,FL,ASO,ES,Towers with Radar,0,21,91,0,112,0,6,243,0,249,0,27,334,0,361,134,0,134,495
02/24/2013,FXE,FL,ASO,ES,Towers with Radar,0,40,85,0,125,0,3,158,0,161,0,43,243,0,286,82,0,82,368
02/25/2013,FXE,FL,ASO,ES,Towers with Radar,0,42,85,1,128,0,4,225,0,229,0,46,310,1,357,84,0,84,441
02/26/2013,FXE,FL,ASO,ES,Towers with Radar,0,21,80,4,105,0,13,172,0,185,0,34,252,4,290,50,0,50,340
02/27/2013,FXE,FL,ASO,ES,Towers with Radar,0,33,117,0,150,0,9,160,0,169,0,42,277,0,319,44,0,44,363
02/28/2013,FXE,FL,ASO,ES,Towers with Radar,0,43,92,1,136,0,10,251,0,261,0,53,343,1,397,58,0,58,455
03/01/2013,FXE,FL,ASO,ES,Towers with Radar,0,37,114,3,154,0,10,242,0,252,0,47,356,3,406,122,0,122,528
03/02/2013,FXE,FL,ASO,ES,Towers with Radar,0,28,92,2,122,0,1,205,0,206,0,29,297,2,328,110,0,110,438
03/03/2013,FXE,FL,ASO,ES,Towers with Radar,0,45,83,0,128,0,3,163,0,166,0,48,246,0,294,38,0,38,332
03/04/2013,FXE,FL,ASO,ES,Towers with Radar,1,30,82,0,113,0,10,185,0,195,1,40,267,0,308,72,0,72,380
03/05/2013,FXE,FL,ASO,ES,Towers with Radar,0,37,104,0,141,0,5,226,0,231,0,42,330,0,372,82,0,82,454
03/06/2013,FXE,FL,ASO,ES,Towers with Radar,0,48,109,1,158,0,10,159,0,169,0,58,268,1,327,70,0,70,397
03/07/2013,FXE,FL,ASO,ES,Towers with Radar,0,43,104,1,148,0,9,299,0,308,0,52,403,1,456,70,0,70,526
03/08/2013,FXE,FL,ASO,ES,Towers with Radar,0,39,99,1,139,0,12,261,0,273,0,51,360,1,412,44,0,44,456
03/09/2013,FXE,FL,ASO,ES,Towers with Radar,0,38,108,0,146,0,7,239,0,246,0,45,347,0,392,84,0,84,476
03/10/2013,FXE,FL,ASO,ES,Towers with Radar,0,43,105,0,148,0,6,183,0,189,0,49,288,0,337,94,0,94,431
03/11/2013,FXE,FL,ASO,ES,Towers with Radar,0,41,95,0,136,0,5,203,0,208,0,46,298,0,344,58,0,58,402
03/12/2013,FXE,FL,ASO,ES,Towers with Radar,0,38,109,0,147,0,10,165,1,176,0,48,274,1,323,146,0,146,469
03/13/2013,FXE,FL,ASO,ES,Towers with Radar,0,42,106,0,148,0,8,221,0,229,0,50,327,0,377,72,0,72,449
03/14/2013,FXE,FL,ASO,ES,Towers with Radar,0,59,113,0,172,0,20,256,0,276,0,79,369,0,448,78,0,78,526
03/15/2013,FXE,FL,ASO,ES,Towers with Radar,0,41,94,1,136,0,5,250,0,255,0,46,344,1,391,66,0,66,457
03/16/2013,FXE,FL,ASO,ES,Towers with Radar,0,28,86,0,114,0,11,238,0,249,0,39,324,0,363,80,0,80,443
03/17/2013,FXE,FL,ASO,ES,Towers with Radar,0,43,108,0,151,0,3,230,0,233,0,46,338,0,384,72,0,72,456
03/18/2013,FXE,FL,ASO,ES,Towers with Radar,0,35,100,0,135,0,4,154,0,158,0,39,254,0,293,56,0,56,349
03/19/2013,FXE,FL,ASO,ES,Towers with Radar,0,34,100,0,134,0,2,232,0,234,0,36,332,0,368,170,0,170,538
03/20/2013,FXE,FL,ASO,ES,Towers with Radar,0,45,96,0,141,0,11,230,0,241,0,56,326,0,382,146,0,146,528
03/21/2013,FXE,FL,ASO,ES,Towers with Radar,0,51,128,0,179,0,10,300,0,310,0,61,428,0,489,172,0,172,661
03/22/2013,FXE,FL,ASO,ES,Towers with Radar,0,44,139,0,183,0,14,317,0,331,0,58,456,0,514,116,0,116,630
03/23/2013,FXE,FL,ASO,ES,Towers with Radar,0,39,131,0,170,0,28,208,0,236,0,67,339,0,406,106,0,106,512
03/24/2013,FXE,FL,ASO,ES,Towers with Radar,0,35,74,1,110,0,7,95,0,102,0,42,169,1,212,8,0,8,220
03/25/2013,FXE,FL,ASO,ES,Towers with Radar,0,32,100,0,132,0,5,216,0,221,0,37,316,0,353,186,0,186,539
03/26/2013,FXE,FL,ASO,ES,Towers with Radar,0,47,78,0,125,0,12,213,0,225,0,59,291,0,350,96,0,96,446
03/27/2013,FXE,FL,ASO,ES,Towers with Radar,0,47,116,0,163,0,9,265,0,274,0,56,381,0,437,132,0,132,569
03/28/2013,FXE,FL,ASO,ES,Towers with Radar,0,52,123,0,175,0,18,305,0,323,0,70,428,0,498,180,0,180,678
03/29/2013,FXE,FL,ASO,ES,Towers with Radar,0,33,127,0,160,0,7,213,0,220,0,40,340,0,380,110,0,110,490
03/30/2013,FXE,FL,ASO,ES,Towers with Radar,0,34,119,0,153,0,21,323,0,344,0,55,442,0,497,100,0,100,597
03/31/2013,FXE,FL,ASO,ES,Towers with Radar,0,30,77,0,107,0,13,159,0,172,0,43,236,0,279,56,0,56,335
04/01/2013,FXE,FL,ASO,ES,Towers with Radar,0,44,119,0,163,0,11,180,0,191,0,55,299,0,354,130,0,130,484
04/02/2013,FXE,FL,ASO,ES,Towers with Radar,0,36,84,0,120,0,9,225,0,234,0,45,309,0,354,116,0,116,470
04/03/2013,FXE,FL,ASO,ES,Towers with Radar,0,42,78,0,120,0,12,223,0,235,0,54,301,0,355,106,0,106,461
04/04/2013,FXE,FL,ASO,ES,Towers with Radar,0,36,93,0,129,0,6,155,0,161,0,42,248,0,290,36,0,36,326
04/05/2013,FXE,FL,ASO,ES,Towers with Radar,0,49,76,0,125,0,7,74,0,81,0,56,150,0,206,18,0,18,224
04/06/2013,FXE,FL,ASO,ES,Towers with Radar,0,38,102,0,140,0,5,276,0,281,0,43,378,0,421,90,0,90,511
04/07/2013,FXE,FL,ASO,ES,Towers with Radar,1,25,78,0,104,0,4,160,2,166,1,29,238,2,270,66,0,66,336
04/08/2013,FXE,FL,ASO,ES,Towers with Radar,0,20,79,0,99,0,9,291,0,300,0,29,370,0,399,150,0,150,549
04/09/2013,FXE,FL,ASO,ES,Towers with Radar,0,37,85,0,122,0,7,263,0,270,0,44,348,0,392,188,0,188,580
04/10/2013,FXE,FL,ASO,ES,Towers with Radar,0,43,86,0,129,0,6,211,0,217,0,49,297,0,346,178,0,178,524
04/11/2013,FXE,FL,ASO,ES,Towers with Radar,0,58,104,0,162,0,11,208,0,219,0,69,312,0,381,162,0,162,543
04/12/2013,FXE,FL,ASO,ES,Towers with Radar,0,42,95,0,137,0,9,190,0,199,0,51,285,0,336,136,0,136,472
04/13/2013,FXE,FL,ASO,ES,Towers with Radar,0,33,71,0,104,0,5,197,0,202,0,38,268,0,306,168,0,168,474
04/14/2013,FXE,FL,ASO,ES,Towers with Radar,0,37,96,0,133,0,2,216,0,218,0,39,312,0,351,54,0,54,405
04/15/2013,FXE,FL,ASO,ES,Towers with Radar,0,34,106,0,140,0,10,193,0,203,0,44,299,0,343,112,0,112,455
04/16/2013,FXE,FL,ASO,ES,Towers with Radar,0,42,104,1,147,0,3,291,0,294,0,45,395,1,441,226,0,226,667
04/17/2013,FXE,FL,ASO,ES,Towers with Radar,0,29,91,0,120,0,9,247,1,257,0,38,338,1,377,168,0,168,545
04/18/2013,FXE,FL,ASO,ES,Towers with Radar,0,44,92,1,137,0,11,337,0,348,0,55,429,1,485,142,0,142,627
04/19/2013,FXE,FL,ASO,ES,Towers with Radar,1,37,90,1,129,0,12,301,3,316,1,49,391,4,445,110,0,110,555
04/20/2013,FXE,FL,ASO,ES,Towers with Radar,0,29,74,0,103,0,10,153,0,163,0,39,227,0,266,18,0,18,284
04/21/2013,FXE,FL,ASO,ES,Towers with Radar,0,26,64,0,90,0,4,105,1,110,0,30,169,1,200,24,0,24,224
04/22/2013,FXE,FL,ASO,ES,Towers with Radar,0,39,63,0,102,0,6,183,1,190,0,45,246,1,292,176,0,176,468
04/23/2013,FXE,FL,ASO,ES,Towers with Radar,0,34,92,0,126,0,10,320,0,330,0,44,412,0,456,166,0,166,622
04/24/2013,FXE,FL,ASO,ES,Towers with Radar,0,36,97,0,133,0,16,281,1,298,0,52,378,1,431,166,0,166,597
04/25/2013,FXE,FL,ASO,ES,Towers with Radar,0,61,83,0,144,0,14,325,0,339,0,75,408,0,483,124,0,124,607
04/26/2013,FXE,FL,ASO,ES,Towers with Radar,0,39,110,0,149,0,15,310,0,325,0,54,420,0,474,130,0,130,604
04/27/2013,FXE,FL,ASO,ES,Towers with Radar,0,19,83,0,102,0,4,289,0,293,0,23,372,0,395,160,0,160,555
04/28/2013,FXE,FL,ASO,ES,Towers with Radar,0,25,73,0,98,0,7,210,0,217,0,32,283,0,315,40,0,40,355
04/29/2013,FXE,FL,ASO,ES,Towers with Radar,0,38,89,1,128,0,9,187,0,196,0,47,276,1,324,136,0,136,460
04/30/2013,FXE,FL,ASO,ES,Towers with Radar,0,50,61,1,112,0,4,176,0,180,0,54,237,1,292,188,0,188,480
05/01/2013,FXE,FL,ASO,ES,Towers with Radar,0,35,102,1,138,0,17,185,0,202,0,52,287,1,340,58,0,58,398
05/02/2013,FXE,FL,ASO,ES,Towers with Radar,1,35,63,3,102,0,7,87,0,94,1,42,150,3,196,80,0,80,276
05/03/2013,FXE,FL,ASO,ES,Towers with Radar,0,51,70,0,121,0,11,169,0,180,0,62,239,0,301,56,0,56,357
05/04/2013,FXE,FL,ASO,ES,Towers with Radar,0,24,71,0,95,0,3,225,0,228,0,27,296,0,323,182,0,182,505
05/05/2013,FXE,FL,ASO,ES,Towers with Radar,0,39,79,0,118,0,5,165,0,170,0,44,244,0,288,90,0,90,378
05/06/2013,FXE,FL,ASO,ES,Towers with Radar,0,21,75,0,96,0,16,239,0,255,0,37,314,0,351,102,0,102,453
05/07/2013,FXE,FL,ASO,ES,Towers with Radar,0,23,75,0,98,0,12,283,0,295,0,35,358,0,393,116,0,116,509
05/08/2013,FXE,FL,ASO,ES,Towers with Radar,0,30,76,0,106,0,10,306,0,316,0,40,382,0,422,114,0,114,536
05/09/2013,FXE,FL,ASO,ES,Towers with Radar,0,42,103,0,145,0,8,270,0,278,0,50,373,0,423,106,0,106,529
05/10/2013,FXE,FL,ASO,ES,Towers with Radar,0,35,96,2,133,0,15,221,0,236,0,50,317,2,369,132,0,132,501
05/11/2013,FXE,FL,ASO,ES,Towers with Radar,0,38,65,0,103,0,3,272,0,275,0,41,337,0,378,94,0,94,472
05/12/2013,FXE,FL,ASO,ES,Towers with Radar,0,44,62,0,106,0,7,139,0,146,0,51,201,0,252,50,0,50,302
05/13/2013,FXE,FL,ASO,ES,Towers with Radar,0,26,63,0,89,0,12,254,0,266,0,38,317,0,355,144,0,144,499
05/14/2013,FXE,FL,ASO,ES,Towers with Radar,0,36,102,0,138,0,6,270,0,276,0,42,372,0,414,92,0,92,506
05/15/2013,FXE,FL,ASO,ES,Towers with Radar,0,30,97,0,127,0,8,237,0,245,0,38,334,0,372,108,0,108,480
05/16/2013,FXE,FL,ASO,ES,Towers with Radar,0,41,101,0,142,0,10,330,0,340,0,51,431,0,482,188,0,188,670
05/17/2013,FXE,FL,ASO,ES,Towers with Radar,0,37,114,0,151,0,7,261,1,269,0,44,375,1,420,140,0,140,560
05/18/2013,FXE,FL,ASO,ES,Towers with Radar,0,26,71,0,97,0,7,250,0,257,0,33,321,0,354,64,0,64,418
05/19/2013,FXE,FL,ASO,ES,Towers with Radar,0,40,66,0,106,0,4,187,0,191,0,44,253,0,297,104,0,104,401
05/20/2013,FXE,FL,ASO,ES,Towers with Radar,0,31,59,0,90,0,4,112,1,117,0,35,171,1,207,24,0,24,231
05/21/2013,FXE,FL,ASO,ES,Towers with Radar,0,37,71,0,108,0,6,167,0,173,0,43,238,0,281,140,0,140,421
05/22/2013,FXE,FL,ASO,ES,Towers with Radar,0,30,78,0,108,0,9,243,0,252,0,39,321,0,360,98,0,98,458
05/23/2013,FXE,FL,ASO,ES,Towers with Radar,0,46,101,0,147,0,12,259,0,271,0,58,360,0,418,68,0,68,486
05/24/2013,FXE,FL,ASO,ES,Towers with Radar,0,43,106,0,149,0,18,312,0,330,0,61,418,0,479,132,0,132,611
05/25/2013,FXE,FL,ASO,ES,Towers with Radar,0,27,82,0,109,0,9,263,0,272,0,36,345,0,381,88,0,88,469
05/26/2013,FXE,FL,ASO,ES,Towers with Radar,0,23,57,1,81,0,5,178,0,183,0,28,235,1,264,94,0,94,358
05/27/2013,FXE,FL,ASO,ES,Towers with Radar,0,42,93,1,136,0,14,240,0,254,0,56,333,1,390,126,0,126,516
05/28/2013,FXE,FL,ASO,ES,Towers with Radar,0,34,86,0,120,0,6,126,0,132,0,40,212,0,252,120,0,120,372
05/29/2013,FXE,FL,ASO,ES,Towers with Radar,0,50,63,0,113,0,2,49,0,51,0,52,112,0,164,68,0,68,232
05/30/2013,FXE,FL,ASO,ES,Towers with Radar,0,28,94,0,122,0,15,146,0,161,0,43,240,0,283,60,0,60,343
05/31/2013,FXE,FL,ASO,ES,Towers with Radar,0,31,97,0,128,0,9,206,0,215,0,40,303,0,343,152,0,152,495
06/01/2013,FXE,FL,ASO,ES,Towers with Radar,0,29,62,0,91,0,3,121,0,124,0,32,183,0,215,84,0,84,299
06/02/2013,FXE,FL,ASO,ES,Towers with Radar,0,29,90,0,119,0,3,144,0,147,0,32,234,0,266,128,0,128,394
06/03/2013,FXE,FL,ASO,ES,Towers with Radar,0,20,94,0,114,0,5,231,0,236,0,25,325,0,350,238,0,238,588
06/04/2013,FXE,FL,ASO,ES,Towers with Radar,0,40,97,0,137,0,6,288,0,294,0,46,385,0,431,178,0,178,609
06/05/2013,FXE,FL,ASO,ES,Towers with Radar,0,49,75,0,124,0,5,195,0,200,0,54,270,0,324,200,0,200,524
06/06/2013,FXE,FL,ASO,ES,Towers with Radar,1,50,47,0,98,0,7,91,0,98,1,57,138,0,196,40,0,40,236
06/07/2013,FXE,FL,ASO,ES,Towers with Radar,0,34,78,0,112,0,3,122,0,125,0,37,200,0,237,66,0,66,303
06/08/2013,FXE,FL,ASO,ES,Towers with Radar,0,36,84,0,120,0,7,219,0,226,0,43,303,0,346,108,0,108,454
06/09/2013,FXE,FL,ASO,ES,Towers with Radar,0,42,79,0,121,0,1,176,0,177,0,43,255,0,298,42,0,42,340
06/10/2013,FXE,FL,ASO,ES,Towers with Radar,0,29,98,0,127,0,9,261,0,270,0,38,359,0,397,232,0,232,629
06/11/2013,FXE,FL,ASO,ES,Towers with Radar,0,40,77,0,117,0,7,250,1,258,0,47,327,1,375,192,0,192,567
06/12/2013,FXE,FL,ASO,ES,Towers with Radar,0,27,84,0,111,0,7,171,0,178,0,34,255,0,289,110,0,110,399
06/13/2013,FXE,FL,ASO,ES,Towers with Radar,0,40,106,0,146,0,8,224,0,232,0,48,330,0,378,92,0,92,470
06/14/2013,FXE,FL,ASO,ES,Towers with Radar,0,45,76,0,121,0,10,268,0,278,0,55,344,0,399,100,0,100,499
06/15/2013,FXE,FL,ASO,ES,Towers with Radar,0,27,72,0,99,0,5,311,0,316,0,32,383,0,415,152,0,152,567
06/16/2013,FXE,FL,ASO,ES,Towers with Radar,0,35,66,0,101,0,6,172,0,178,0,41,238,0,279,34,0,34,313
06/17/2013,FXE,FL,ASO,ES,Towers with Radar,0,30,79,0,109,0,20,223,0,243,0,50,302,0,352,190,0,190,542
06/18/2013,FXE,FL,ASO,ES,Towers with Radar,0,30,78,0,108,0,12,285,0,297,0,42,363,0,405,134,0,134,539
06/19/2013,FXE,FL,ASO,ES,Towers with Radar,0,25,76,0,101,0,15,295,0,310,0,40,371,0,411,144,0,144,555
06/20/2013,FXE,FL,ASO,ES,Towers with Radar,0,39,99,0,138,0,12,252,0,264,0,51,351,0,402,94,0,94,496
06/21/2013,FXE,FL,ASO,ES,Towers with Radar,0,28,108,0,136,0,12,299,0,311,0,40,407,0,447,118,0,118,565
06/22/2013,FXE,FL,ASO,ES,Towers with Radar,0,25,60,0,85,0,8,220,0,228,0,33,280,0,313,76,0,76,389
06/23/2013,FXE,FL,ASO,ES,Towers with Radar,0,29,84,0,113,0,8,195,0,203,0,37,279,0,316,56,0,56,372
06/24/2013,FXE,FL,ASO,ES,Towers with Radar,0,32,84,0,116,0,7,269,1,277,0,39,353,1,393,126,0,126,519
06/25/2013,FXE,FL,ASO,ES,Towers with Radar,0,27,80,0,107,0,6,205,0,211,0,33,285,0,318,121,0,121,439
06/26/2013,FXE,FL,ASO,ES,Towers with Radar,0,35,100,0,135,0,12,242,0,254,0,47,342,0,389,141,0,141,530
06/27/2013,FXE,FL,ASO,ES,Towers with Radar,0,38,94,0,132,0,10,248,0,258,0,48,342,0,390,92,0,92,482
06/28/2013,FXE,FL,ASO,ES,Towers with Radar,0,37,97,0,134,0,10,208,0,218,0,47,305,0,352,48,0,48,400
06/29/2013,FXE,FL,ASO,ES,Towers with Radar,0,27,81,0,108,0,8,204,0,212,0,35,285,0,320,32,0,32,352
06/30/2013,FXE,FL,ASO,ES,Towers with Radar,0,28,80,0,108,0,3,137,0,140,0,31,217,0,248,22,0,22,270
07/01/2013,FXE,FL,ASO,ES,Towers with Radar,0,30,88,0,118,0,9,168,0,177,0,39,256,0,295,88,0,88,383
07/02/2013,FXE,FL,ASO,ES,Towers with Radar,0,29,72,0,101,0,5,155,0,160,0,34,227,0,261,84,0,84,345
07/03/2013,FXE,FL,ASO,ES,Towers with Radar,0,28,108,0,136,0,14,238,0,252,0,42,346,0,388,50,0,50,438
07/04/2013,FXE,FL,ASO,ES,Towers with Radar,0,18,48,0,66,0,8,156,0,164,0,26,204,0,230,50,0,50,280
07/05/2013,FXE,FL,ASO,ES,Towers with Radar,0,35,74,0,109,0,9,195,0,204,0,44,269,0,313,102,0,102,415
07/06/2013,FXE,FL,ASO,ES,Towers with Radar,0,31,57,0,88,0,4,193,1,198,0,35,250,1,286,124,0,124,410
07/07/2013,FXE,FL,ASO,ES,Towers with Radar,0,37,73,0,110,0,9,190,0,199,0,46,263,0,309,96,0,96,405
07/08/2013,FXE,FL,ASO,ES,Towers with Radar,0,32,74,0,106,0,7,243,0,250,0,39,317,0,356,84,0,84,440
07/09/2013,FXE,FL,ASO,ES,Towers with Radar,0,25,86,0,111,0,8,234,0,242,0,33,320,0,353,138,0,138,491
07/10/2013,FXE,FL,ASO,ES,Towers with Radar,0,37,99,0,136,0,5,159,0,164,0,42,258,0,300,48,0,48,348
07/11/2013,FXE,FL,ASO,ES,Towers with Radar,0,34,89,0,123,0,10,267,0,277,0,44,356,0,400,106,0,106,506
07/12/2013,FXE,FL,ASO,ES,Towers with Radar,1,27,83,0,111,0,9,206,1,216,1,36,289,1,327,84,0,84,411
07/13/2013,FXE,FL,ASO,ES,Towers with Radar,0,26,60,0,86,0,5,130,0,135,0,31,190,0,221,96,0,96,317
07/14/2013,FXE,FL,ASO,ES,Towers with Radar,0,35,44,0,79,0,3,117,0,120,0,38,161,0,199,76,0,76,275
07/15/2013,FXE,FL,ASO,ES,Towers with Radar,0,19,81,0,100,0,7,245,0,252,0,26,326,0,352,120,0,120,472
07/16/2013,FXE,FL,ASO,ES,Towers with Radar,0,26,69,0,95,0,6,114,0,120,0,32,183,0,215,34,0,34,249
07/17/2013,FXE,FL,ASO,ES,Towers with Radar,0,24,80,0,104,0,2,76,0,78,0,26,156,0,182,16,0,16,198
07/18/2013,FXE,FL,ASO,ES,Towers with Radar,0,38,92,0,130,0,9,150,0,159,0,47,242,0,289,66,0,66,355
07/19/2013,FXE,FL,ASO,ES,Towers with Radar,0,30,114,0,144,0,6,289,1,296,0,36,403,1,440,106,0,106,546
07/20/2013,FXE,FL,ASO,ES,Towers with Radar,0,28,60,0,88,0,4,228,0,232,0,32,288,0,320,90,0,90,410
07/21/2013,FXE,FL,ASO,ES,Towers with Radar,0,20,70,0,90,0,4,151,0,155,0,24,221,0,245,60,0,60,305
07/22/2013,FXE,FL,ASO,ES,Towers with Radar,0,25,84,0,109,0,13,252,0,265,0,38,336,0,374,130,0,130,504
07/23/2013,FXE,FL,ASO,ES,Towers with Radar,0,36,97,1,134,0,15,255,0,270,0,51,352,1,404,114,0,114,518
07/24/2013,FXE,FL,ASO,ES,Towers with Radar,0,25,84,1,110,0,10,307,0,317,0,35,391,1,427,120,0,120,547
07/25/2013,FXE,FL,ASO,ES,Towers with Radar,0,35,91,0,126,0,8,241,0,249,0,43,332,0,375,86,0,86,461
07/26/2013,FXE,FL,ASO,ES,Towers with Radar,0,29,86,0,115,0,8,208,1,217,0,37,294,1,332,74,0,74,406
07/27/2013,FXE,FL,ASO,ES,Towers with Radar,0,31,63,0,94,0,2,155,0,157,0,33,218,0,251,60,0,60,311
07/28/2013,FXE,FL,ASO,ES,Towers with Radar,0,27,87,0,114,0,6,145,0,151,0,33,232,0,265,48,0,48,313
07/29/2013,FXE,FL,ASO,ES,Towers with Radar,0,26,80,0,106,0,8,206,1,215,0,34,286,1,321,114,0,114,435
07/30/2013,FXE,FL,ASO,ES,Towers with Radar,0,32,86,0,118,1,8,180,0,189,1,40,266,0,307,82,0,82,389
07/31/2013,FXE,FL,ASO,ES,Towers with Radar,0,28,103,0,131,0,12,234,0,246,0,40,337,0,377,78,0,78,455
08/01/2013,FXE,FL,ASO,ES,Towers with Radar,0,34,91,0,125,0,12,208,0,220,0,46,299,0,345,154,0,154,499
08/02/2013,FXE,FL,ASO,ES,Towers with Radar,0,30,105,0,135,0,11,189,0,200,0,41,294,0,335,98,0,98,433
08/03/2013,FXE,FL,ASO,ES,Towers with Radar,0,24,57,0,81,0,2,174,0,176,0,26,231,0,257,68,0,68,325
08/04/2013,FXE,FL,ASO,ES,Towers with Radar,0,31,83,0,114,0,8,173,0,181,0,39,256,0,295,72,0,72,367
08/05/2013,FXE,FL,ASO,ES,Towers with Radar,0,22,66,0,88,0,7,214,0,221,0,29,280,0,309,78,0,78,387
08/06/2013,FXE,FL,ASO,ES,Towers with Radar,0,25,90,0,115,0,7,207,0,214,0,32,297,0,329,72,0,72,401
08/07/2013,FXE,FL,ASO,ES,Towers with Radar,0,34,85,0,119,0,8,236,0,244,0,42,321,0,363,104,0,104,467
08/08/2013,FXE,FL,ASO,ES,Towers with Radar,0,36,67,2,105,0,8,256,0,264,0,44,323,2,369,82,0,82,451
08/09/2013,FXE,FL,ASO,ES,Towers with Radar,0,25,104,0,129,0,11,220,0,231,0,36,324,0,360,68,0,68,428
08/10/2013,FXE,FL,ASO,ES,Towers with Radar,0,26,80,1,107,0,5,245,0,250,0,31,325,1,357,96,0,96,453
08/11/2013,FXE,FL,ASO,ES,Towers with Radar,0,34,76,0,110,0,3,185,0,188,0,37,261,0,298,62,0,62,360
08/12/2013,FXE,FL,ASO,ES,Towers with Radar,0,26,87,0,113,0,6,248,0,254,0,32,335,0,367,102,0,102,469
08/13/2013,FXE,FL,ASO,ES,Towers with Radar,0,23,92,0,115,0,10,255,1,266,0,33,347,1,381,74,0,74,455
08/14/2013,FXE,FL,ASO,ES,Towers with Radar,0,25,93,0,118,0,6,213,0,219,0,31,306,0,337,114,0,114,451
08/15/2013,FXE,FL,ASO,ES,Towers with Radar,1,33,106,0,140,0,5,158,0,163,1,38,264,0,303,136,0,136,439
08/16/2013,FXE,FL,ASO,ES,Towers with Radar,0,33,94,2,129,0,9,238,0,247,0,42,332,2,376,94,0,94,470
08/17/2013,FXE,FL,ASO,ES,Towers with Radar,0,23,69,0,92,0,7,195,0,202,0,30,264,0,294,80,0,80,374
08/18/2013,FXE,FL,ASO,ES,Towers with Radar,0,30,86,1,117,0,2,174,0,176,0,32,260,1,293,56,0,56,349
08/19/2013,FXE,FL,ASO,ES,Towers with Radar,0,31,99,0,130,0,8,204,0,212,0,39,303,0,342,98,0,98,440
08/20/2013,FXE,FL,ASO,ES,Towers with Radar,0,23,101,0,124,0,2,211,0,213,0,25,312,0,337,106,0,106,443
08/21/2013,FXE,FL,ASO,ES,Towers with Radar,0,23,96,0,119,0,5,200,0,205,0,28,296,0,324,116,0,116,440
08/22/2013,FXE,FL,ASO,ES,Towers with Radar,0,47,92,0,139,0,12,219,0,231,0,59,311,0,370,138,0,138,508
08/23/2013,FXE,FL,ASO,ES,Towers with Radar,0,30,90,2,122,0,16,244,0,260,0,46,334,2,382,178,0,178,560
08/24/2013,FXE,FL,ASO,ES,Towers with Radar,0,12,78,0,90,0,6,195,0,201,0,18,273,0,291,114,0,114,405
08/25/2013,FXE,FL,ASO,ES,Towers with Radar,0,22,79,0,101,0,1,160,0,161,0,23,239,0,262,148,0,148,410
08/26/2013,FXE,FL,ASO,ES,Towers with Radar,0,28,78,0,106,0,4,167,0,171,0,32,245,0,277,152,0,152,429
08/27/2013,FXE,FL,ASO,ES,Towers with Radar,0,27,98,0,125,0,5,195,0,200,0,32,293,0,325,159,0,159,484
08/28/2013,FXE,FL,ASO,ES,Towers with Radar,0,34,86,0,120,0,4,166,0,170,0,38,252,0,290,78,0,78,368
08/29/2013,FXE,FL,ASO,ES,Towers with Radar,0,34,114,0,148,0,7,261,0,268,0,41,375,0,416,138,0,138,554
08/30/2013,FXE,FL,ASO,ES,Towers with Radar,0,29,114,0,143,0,11,244,0,255,0,40,358,0,398,136,0,136,534
08/31/2013,FXE,FL,ASO,ES,Towers with Radar,0,17,74,0,91,0,6,213,0,219,0,23,287,0,310,85,0,85,395
09/01/2013,FXE,FL,ASO,ES,Towers with Radar,0,9,51,0,60,0,4,151,0,155,0,13,202,0,215,98,0,98,313
09/02/2013,FXE,FL,ASO,ES,Towers with Radar,0,22,84,0,106,0,8,171,0,179,0,30,255,0,285,50,0,50,335
09/03/2013,FXE,FL,ASO,ES,Towers with Radar,0,20,71,0,91,0,6,213,0,219,0,26,284,0,310,51,0,51,361
09/04/2013,FXE,FL,ASO,ES,Towers with Radar,0,25,94,0,119,0,7,201,0,208,0,32,295,0,327,124,0,124,451
09/05/2013,FXE,FL,ASO,ES,Towers with Radar,0,23,90,0,113,0,5,248,0,253,0,28,338,0,366,124,0,124,490
09/06/2013,FXE,FL,ASO,ES,Towers with Radar,1,17,83,0,101,0,5,223,2,230,1,22,306,2,331,140,0,140,471
09/07/2013,FXE,FL,ASO,ES,Towers with Radar,1,20,54,0,75,0,13,210,0,223,1,33,264,0,298,90,0,90,388
09/08/2013,FXE,FL,ASO,ES,Towers with Radar,0,10,77,0,87,0,2,164,0,166,0,12,241,0,253,90,0,90,343
09/09/2013,FXE,FL,ASO,ES,Towers with Radar,0,19,78,1,98,0,10,227,0,237,0,29,305,1,335,40,0,40,375
09/10/2013,FXE,FL,ASO,ES,Towers with Radar,0,27,71,2,100,0,5,155,0,160,0,32,226,2,260,114,0,114,374
09/11/2013,FXE,FL,ASO,ES,Towers with Radar,0,26,91,2,119,0,6,214,0,220,0,32,305,2,339,108,0,108,447
09/12/2013,FXE,FL,ASO,ES,Towers with Radar,0,22,95,0,117,0,6,177,0,183,0,28,272,0,300,126,0,126,426
09/13/2013,FXE,FL,ASO,ES,Towers with Radar,0,28,91,2,121,0,10,209,0,219,0,38,300,2,340,118,0,118,458
09/14/2013,FXE,FL,ASO,ES,Towers with Radar,0,17,64,0,81,0,1,216,0,217,0,18,280,0,298,146,0,146,444
09/15/2013,FXE,FL,ASO,ES,Towers with Radar,0,14,45,0,59,0,2,121,0,123,0,16,166,0,182,72,0,72,254
09/16/2013,FXE,FL,ASO,ES,Towers with Radar,0,23,82,0,105,0,4,155,0,159,0,27,237,0,264,86,0,86,350
09/17/2013,FXE,FL,ASO,ES,Towers with Radar,0,29,78,0,107,0,5,146,0,151,0,34,224,0,258,94,0,94,352
09/18/2013,FXE,FL,ASO,ES,Towers with Radar,0,27,78,2,107,0,9,212,1,222,0,36,290,3,329,80,0,80,409
09/19/2013,FXE,FL,ASO,ES,Towers with Radar,0,29,100,1,130,0,6,193,0,199,0,35,293,1,329,118,0,118,447
09/20/2013,FXE,FL,ASO,ES,Towers with Radar,0,34,109,0,143,0,6,264,0,270,0,40,373,0,413,136,0,136,549
09/21/2013,FXE,FL,ASO,ES,Towers with Radar,0,17,66,0,83,0,5,177,0,182,0,22,243,0,265,86,0,86,351
09/22/2013,FXE,FL,ASO,ES,Towers with Radar,0,20,78,0,98,0,1,143,1,145,0,21,221,1,243,96,0,96,339
09/23/2013,FXE,FL,ASO,ES,Towers with Radar,0,18,79,0,97,0,6,128,0,134,0,24,207,0,231,138,0,138,369
09/24/2013,FXE,FL,ASO,ES,Towers with Radar,0,23,61,0,84,0,1,218,0,219,0,24,279,0,303,78,0,78,381
09/25/2013,FXE,FL,ASO,ES,Towers with Radar,0,18,57,0,75,0,2,189,0,191,0,20,246,0,266,218,0,218,484
09/26/2013,FXE,FL,ASO,ES,Towers with Radar,0,25,95,0,120,0,14,191,0,205,0,39,286,0,325,86,0,86,411
09/27/2013,FXE,FL,ASO,ES,Towers with Radar,0,36,70,0,106,0,5,265,0,270,0,41,335,0,376,151,0,151,527
09/28/2013,FXE,FL,ASO,ES,Towers with Radar,0,18,78,0,96,0,3,257,0,260,0,21,335,0,356,114,0,114,470
09/29/2013,FXE,FL,ASO,ES,Towers with Radar,0,31,74,0,105,0,2,155,0,157,0,33,229,0,262,92,0,92,354
09/30/2013,FXE,FL,ASO,ES,Towers with Radar,0,15,79,0,94,0,5,235,0,240,0,20,314,0,334,150,0,150,484
10/01/2013,FXE,FL,ASO,ES,Towers with Radar,0,30,70,0,100,0,4,211,0,215,0,34,281,0,315,170,0,170,485
10/02/2013,FXE,FL,ASO,ES,Towers with Radar,0,31,91,0,122,0,4,153,0,157,0,35,244,0,279,140,0,140,419
10/03/2013,FXE,FL,ASO,ES,Towers with Radar,0,31,58,0,89,0,5,211,0,216,0,36,269,0,305,119,0,119,424
10/04/2013,FXE,FL,ASO,ES,Towers with Radar,0,30,85,0,115,0,8,273,0,281,0,38,358,0,396,110,0,110,506
10/05/2013,FXE,FL,ASO,ES,Towers with Radar,0,14,64,0,78,0,6,256,0,262,0,20,320,0,340,162,0,162,502
10/06/2013,FXE,FL,ASO,ES,Towers with Radar,0,24,62,0,86,0,3,186,0,189,0,27,248,0,275,22,0,22,297
10/07/2013,FXE,FL,ASO,ES,Towers with Radar,0,19,62,0,81,0,17,185,0,202,0,36,247,0,283,72,0,72,355
10/08/2013,FXE,FL,ASO,ES,Towers with Radar,0,33,58,0,91,0,7,229,1,237,0,40,287,1,328,80,0,80,408
10/09/2013,FXE,FL,ASO,ES,Towers with Radar,0,40,99,1,140,0,3,165,0,168,0,43,264,1,308,84,0,84,392
10/10/2013,FXE,FL,ASO,ES,Towers with Radar,0,39,97,1,137,0,10,249,0,259,0,49,346,1,396,88,0,88,484
10/11/2013,FXE,FL,ASO,ES,Towers with Radar,0,37,117,4,158,0,10,305,4,319,0,47,422,8,477,70,0,70,547
10/12/2013,FXE,FL,ASO,ES,Towers with Radar,0,18,66,0,84,0,6,234,0,240,0,24,300,0,324,110,0,110,434
10/13/2013,FXE,FL,ASO,ES,Towers with Radar,0,32,79,0,111,0,16,207,0,223,0,48,286,0,334,60,0,60,394
10/14/2013,FXE,FL,ASO,ES,Towers with Radar,0,31,92,0,123,0,5,183,0,188,0,36,275,0,311,88,0,88,399
10/15/2013,FXE,FL,ASO,ES,Towers with Radar,0,36,110,1,147,0,6,245,0,251,0,42,355,1,398,120,0,120,518
10/16/2013,FXE,FL,ASO,ES,Towers with Radar,0,31,92,0,123,0,4,241,0,245,0,35,333,0,368,128,0,128,496
10/17/2013,FXE,FL,ASO,ES,Towers with Radar,0,45,117,0,162,0,6,257,0,263,0,51,374,0,425,132,0,132,557
10/18/2013,FXE,FL,ASO,ES,Towers with Radar,0,32,101,0,133,0,5,249,0,254,0,37,350,0,387,112,0,112,499
10/19/2013,FXE,FL,ASO,ES,Towers with Radar,0,27,71,0,98,0,5,245,0,250,0,32,316,0,348,90,0,90,438
10/20/2013,FXE,FL,ASO,ES,Towers with Radar,0,24,81,0,105,0,5,167,0,172,0,29,248,0,277,76,0,76,353
10/21/2013,FXE,FL,ASO,ES,Towers with Radar,0,27,93,0,120,0,2,192,2,196,0,29,285,2,316,136,0,136,452
10/22/2013,FXE,FL,ASO,ES,Towers with Radar,0,34,90,0,124,0,2,207,0,209,0,36,297,0,333,136,0,136,469
10/23/2013,FXE,FL,ASO,ES,Towers with Radar,0,28,91,0,119,0,6,245,0,251,0,34,336,0,370,118,0,118,488
10/24/2013,FXE,FL,ASO,ES,Towers with Radar,0,34,124,1,159,0,10,235,0,245,0,44,359,1,404,98,0,98,502
10/25/2013,FXE,FL,ASO,ES,Towers with Radar,0,19,98,0,117,0,9,237,0,246,0,28,335,0,363,84,0,84,447
10/26/2013,FXE,FL,ASO,ES,Towers with Radar,0,17,73,0,90,0,5,226,0,231,0,22,299,0,321,64,0,64,385
10/27/2013,FXE,FL,ASO,ES,Towers with Radar,0,19,86,0,105,0,2,177,0,179,0,21,263,0,284,48,0,48,332
10/28/2013,FXE,FL,ASO,ES,Towers with Radar,0,22,71,0,93,0,7,240,0,247,0,29,311,0,340,96,0,96,436
10/29/2013,FXE,FL,ASO,ES,Towers with Radar,0,27,80,0,107,0,8,238,0,246,0,35,318,0,353,112,0,112,465
10/30/2013,FXE,FL,ASO,ES,Towers with Radar,0,28,124,0,152,0,3,301,0,304,0,31,425,0,456,97,0,97,553
10/31/2013,FXE,FL,ASO,ES,Towers with Radar,0,43,135,0,178,0,9,210,1,220,0,52,345,1,398,62,0,62,460
11/01/2013,FXE,FL,ASO,ES,Towers with Radar,0,31,149,0,180,0,12,233,0,245,0,43,382,0,425,62,0,62,487
11/02/2013,FXE,FL,ASO,ES,Towers with Radar,0,25,103,0,128,0,3,239,0,242,0,28,342,0,370,68,0,68,438
11/03/2013,FXE,FL,ASO,ES,Towers with Radar,0,34,137,0,171,0,3,191,0,194,0,37,328,0,365,40,0,40,405
11/04/2013,FXE,FL,ASO,ES,Towers with Radar,0,35,99,0,134,0,4,131,0,135,0,39,230,0,269,86,0,86,355
11/05/2013,FXE,FL,ASO,ES,Towers with Radar,0,49,79,0,128,0,6,65,0,71,0,55,144,0,199,48,0,48,247
11/06/2013,FXE,FL,ASO,ES,Towers with Radar,0,33,101,0,134,0,6,226,0,232,0,39,327,0,366,84,0,84,450
11/07/2013,FXE,FL,ASO,ES,Towers with Radar,0,50,107,0,157,0,5,270,0,275,0,55,377,0,432,102,0,102,534
11/08/2013,FXE,FL,ASO,ES,Towers with Radar,1,48,148,0,197,0,6,211,2,219,1,54,359,2,416,76,0,76,492
11/09/2013,FXE,FL,ASO,ES,Towers with Radar,0,28,92,0,120,0,0,52,0,52,0,28,144,0,172,0,0,0,172
11/10/2013,FXE,FL,ASO,ES,Towers with Radar,0,46,104,0,150,0,0,162,0,162,0,46,266,0,312,90,0,90,402
11/11/2013,FXE,FL,ASO,ES,Towers with Radar,0,42,123,0,165,0,5,209,1,215,0,47,332,1,380,53,0,53,433
11/12/2013,FXE,FL,ASO,ES,Towers with Radar,0,35,110,0,145,0,9,241,0,250,0,44,351,0,395,82,0,82,477
11/13/2013,FXE,FL,ASO,ES,Towers with Radar,0,35,86,0,121,0,7,161,0,168,0,42,247,0,289,42,0,42,331
11/14/2013,FXE,FL,ASO,ES,Towers with Radar,0,41,101,1,143,0,6,182,1,189,0,47,283,2,332,48,0,48,380
11/15/2013,FXE,FL,ASO,ES,Towers with Radar,0,53,124,1,178,0,5,180,0,185,0,58,304,1,363,36,0,36,399
11/16/2013,FXE,FL,ASO,ES,Towers with Radar,0,24,81,0,105,0,2,158,0,160,0,26,239,0,265,46,0,46,311
11/17/2013,FXE,FL,ASO,ES,Towers with Radar,0,27,113,0,140,0,0,225,0,225,0,27,338,0,365,60,0,60,425
11/18/2013,FXE,FL,ASO,ES,Towers with Radar,0,37,109,0,146,0,6,247,0,253,0,43,356,0,399,134,0,134,533
11/19/2013,FXE,FL,ASO,ES,Towers with Radar,1,33,91,0,125,0,5,187,0,192,1,38,278,0,317,78,0,78,395
11/20/2013,FXE,FL,ASO,ES,Towers with Radar,0,27,113,0,140,0,8,202,0,210,0,35,315,0,350,64,0,64,414
11/21/2013,FXE,FL,ASO,ES,Towers with Radar,0,53,113,0,166,0,7,171,0,178,0,60,284,0,344,22,0,22,366
11/22/2013,FXE,FL,ASO,ES,Towers with Radar,0,43,119,0,162,0,11,183,0,194,0,54,302,0,356,42,0,42,398
11/23/2013,FXE,FL,ASO,ES,Towers with Radar,0,22,96,0,118,0,2,242,0,244,0,24,338,0,362,84,0,84,446
11/24/2013,FXE,FL,ASO,ES,Towers with Radar,0,24,77,0,101,0,1,152,0,153,0,25,229,0,254,62,0,62,316
11/25/2013,FXE,FL,ASO,ES,Towers with Radar,0,40,93,0,133,0,7,127,0,134,0,47,220,0,267,100,0,100,367
11/26/2013,FXE,FL,ASO,ES,Towers with Radar,0,50,128,0,178,0,7,148,0,155,0,57,276,0,333,90,0,90,423
11/27/2013,FXE,FL,ASO,ES,Towers with Radar,1,45,110,0,156,0,7,150,0,157,1,52,260,0,313,46,0,46,359
11/28/2013,FXE,FL,ASO,ES,Towers with Radar,1,21,50,0,72,0,5,88,0,93,1,26,138,0,165,16,0,16,181
11/29/2013,FXE,FL,ASO,ES,Towers with Radar,0,18,55,0,73,0,7,174,0,181,0,25,229,0,254,64,0,64,318
11/30/2013,FXE,FL,ASO,ES,Towers with Radar,0,33,85,0,118,0,8,178,0,186,0,41,263,0,304,98,0,98,402
12/01/2013,FXE,FL,ASO,ES,Towers with Radar,0,66,143,0,209,0,1,68,0,69,0,67,211,0,278,28,0,28,306
12/02/2013,FXE,FL,ASO,ES,Towers with Radar,0,33,139,0,172,0,6,102,0,108,0,39,241,0,280,40,0,40,320
12/03/2013,FXE,FL,ASO,ES,Towers with Radar,0,25,100,1,126,0,12,225,0,237,0,37,325,1,363,112,0,112,475
12/04/2013,FXE,FL,ASO,ES,Towers with Radar,0,32,91,0,123,0,11,264,0,275,0,43,355,0,398,114,0,114,512
12/05/2013,FXE,FL,ASO,ES,Towers with Radar,0,43,98,1,142,0,9,206,0,215,0,52,304,1,357,72,0,72,429
12/06/2013,FXE,FL,ASO,ES,Towers with Radar,0,37,94,0,131,0,8,247,0,255,0,45,341,0,386,92,0,92,478
12/07/2013,FXE,FL,ASO,ES,Towers with Radar,0,21,94,2,117,0,7,236,0,243,0,28,330,2,360,102,0,102,462
12/08/2013,FXE,FL,ASO,ES,Towers with Radar,0,32,92,0,124,0,3,199,0,202,0,35,291,0,326,76,0,76,402
12/09/2013,FXE,FL,ASO,ES,Towers with Radar,0,24,93,0,117,0,12,226,0,238,0,36,319,0,355,108,0,108,463
12/10/2013,FXE,FL,ASO,ES,Towers with Radar,0,32,105,0,137,0,14,206,0,220,0,46,311,0,357,92,0,92,449
12/11/2013,FXE,FL,ASO,ES,Towers with Radar,0,34,112,0,146,0,4,257,0,261,0,38,369,0,407,86,0,86,493
12/12/2013,FXE,FL,ASO,ES,Towers with Radar,0,43,124,0,167,0,11,207,0,218,0,54,331,0,385,58,0,58,443
12/13/2013,FXE,FL,ASO,ES,Towers with Radar,0,50,125,0,175,0,12,235,0,247,0,62,360,0,422,36,0,36,458
12/14/2013,FXE,FL,ASO,ES,Towers with Radar,0,28,92,2,122,0,4,192,1,197,0,32,284,3,319,102,0,102,421
12/15/2013,FXE,FL,ASO,ES,Towers with Radar,0,31,107,0,138,0,1,133,0,134,0,32,240,0,272,72,0,72,344
12/16/2013,FXE,FL,ASO,ES,Towers with Radar,0,28,136,0,164,0,4,202,0,206,0,32,338,0,370,80,0,80,450
12/17/2013,FXE,FL,ASO,ES,Towers with Radar,0,28,136,0,164,0,9,209,0,218,0,37,345,0,382,61,0,61,443
12/18/2013,FXE,FL,ASO,ES,Towers with Radar,0,36,125,0,161,0,16,263,0,279,0,52,388,0,440,54,0,54,494
12/19/2013,FXE,FL,ASO,ES,Towers with Radar,0,37,128,0,165,0,10,260,0,270,0,47,388,0,435,86,0,86,521
12/20/2013,FXE,FL,ASO,ES,Towers with Radar,0,47,128,0,175,0,10,204,0,214,0,57,332,0,389,40,0,40,429
12/21/2013,FXE,FL,ASO,ES,Towers with Radar,0,40,110,0,150,0,11,192,2,205,0,51,302,2,355,36,0,36,391
12/22/2013,FXE,FL,ASO,ES,Towers with Radar,0,35,63,0,98,0,6,132,0,138,0,41,195,0,236,22,0,22,258
12/23/2013,FXE,FL,ASO,ES,Towers with Radar,0,33,93,0,126,0,11,211,0,222,0,44,304,0,348,67,0,67,415
12/24/2013,FXE,FL,ASO,ES,Towers with Radar,0,29,58,0,87,0,8,120,0,128,0,37,178,0,215,26,0,26,241
12/25/2013,FXE,FL,ASO,ES,Towers with Radar,0,20,30,0,50,0,1,20,0,21,0,21,50,0,71,8,0,8,79
12/26/2013,FXE,FL,ASO,ES,Towers with Radar,0,68,154,0,222,0,5,127,0,132,0,73,281,0,354,48,0,48,402
12/27/2013,FXE,FL,ASO,ES,Towers with Radar,0,60,150,0,210,0,12,164,0,176,0,72,314,0,386,42,0,42,428
12/28/2013,FXE,FL,ASO,ES,Towers with Radar,0,61,134,0,195,0,6,173,0,179,0,67,307,0,374,54,0,54,428
12/29/2013,FXE,FL,ASO,ES,Towers with Radar,1,36,105,0,142,0,3,99,0,102,1,39,204,0,244,53,0,53,297
12/30/2013,FXE,FL,ASO,ES,Towers with Radar,0,30,124,0,154,0,6,140,0,146,0,36,264,0,300,38,0,38,338
12/31/2013,FXE,FL,ASO,ES,Towers with Radar,0,35,103,0,138,0,4,171,0,175,0,39,274,0,313,36,0,36,349
01/01/2014,FXE,FL,ASO,ES,Towers with Radar,0,46,50,0,96,0,1,93,0,94,0,47,143,0,190,29,0,29,219
01/02/2014,FXE,FL,ASO,ES,Towers with Radar,0,55,102,0,157,0,11,201,0,212,0,66,303,0,369,46,0,46,415
01/03/2014,FXE,FL,ASO,ES,Towers with Radar,0,52,121,0,173,0,16,228,0,244,0,68,349,0,417,38,0,38,455
01/04/2014,FXE,FL,ASO,ES,Towers with Radar,0,81,167,0,248,0,5,108,0,113,0,86,275,0,361,54,0,54,415
01/05/2014,FXE,FL,ASO,ES,Towers with Radar,0,60,103,8,171,0,9,146,0,155,0,69,249,8,326,70,0,70,396
01/06/2014,FXE,FL,ASO,ES,Towers with Radar,0,46,109,0,155,0,4,179,0,183,0,50,288,0,338,23,0,23,361
01/07/2014,FXE,FL,ASO,ES,Towers with Radar,0,43,90,0,133,0,8,148,0,156,0,51,238,0,289,55,0,55,344
01/08/2014,FXE,FL,ASO,ES,Towers with Radar,0,41,116,1,158,0,5,28,0,33,0,46,144,1,191,32,0,32,223
01/09/2014,FXE,FL,ASO,ES,Towers with Radar,0,45,122,0,167,0,6,74,0,80,0,51,196,0,247,46,0,46,293
01/10/2014,FXE,FL,ASO,ES,Towers with Radar,0,35,92,3,130,0,5,226,0,231,0,40,318,3,361,88,0,88,449
01/11/2014,FXE,FL,ASO,ES,Towers with Radar,0,17,82,0,99,0,4,194,0,198,0,21,276,0,297,100,4,104,401
01/12/2014,FXE,FL,ASO,ES,Towers with Radar,0,25,108,0,133,0,2,214,0,216,0,27,322,0,349,74,0,74,423
01/13/2014,FXE,FL,ASO,ES,Towers with Radar,0,28,118,0,146,0,6,211,0,217,0,34,329,0,363,122,0,122,485
01/14/2014,FXE,FL,ASO,ES,Towers with Radar,0,30,116,0,146,0,7,206,0,213,0,37,322,0,359,116,0,116,475
01/15/2014,FXE,FL,ASO,ES,Towers with Radar,0,41,117,0,158,0,6,108,0,114,0,47,225,0,272,30,0,30,302
01/16/2014,FXE,FL,ASO,ES,Towers with Radar,0,54,89,0,143,0,8,219,0,227,0,62,308,0,370,92,0,92,462
01/17/2014,FXE,FL,ASO,ES,Towers with Radar,0,49,100,0,149,0,12,253,0,265,0,61,353,0,414,102,0,102,516
01/18/2014,FXE,FL,ASO,ES,Towers with Radar,0,27,75,0,102,0,9,261,0,270,0,36,336,0,372,86,0,86,458
01/19/2014,FXE,FL,ASO,ES,Towers with Radar,0,24,74,0,98,0,6,286,0,292,0,30,360,0,390,56,0,56,446
01/20/2014,FXE,FL,ASO,ES,Towers with Radar,0,51,115,0,166,0,9,249,0,258,0,60,364,0,424,48,0,48,472
01/21/2014,FXE,FL,ASO,ES,Towers with Radar,0,36,100,0,136,0,7,215,0,222,0,43,315,0,358,154,0,154,512
01/22/2014,FXE,FL,ASO,ES,Towers with Radar,0,28,113,0,141,0,6,305,1,312,0,34,418,1,453,114,0,114,567
01/23/2014,FXE,FL,ASO,ES,Towers with Radar,0,24,116,1,141,0,13,236,0,249,0,37,352,1,390,74,0,74,464
01/24/2014,FXE,FL,ASO,ES,Towers with Radar,1,54,120,0,175,0,6,228,0,234,1,60,348,0,409,38,0,38,447
01/25/2014,FXE,FL,ASO,ES,Towers with Radar,0,24,72,0,96,0,170,345,0,515,0,194,417,0,611,44,0,44,655
01/26/2014,FXE,FL,ASO,ES,Towers with Radar,0,25,120,0,145,0,2,205,0,207,0,27,325,0,352,83,0,83,435
01/27/2014,FXE,FL,ASO,ES,Towers with Radar,0,32,90,0,122,0,6,167,0,173,0,38,257,0,295,36,0,36,331
01/28/2014,FXE,FL,ASO,ES,Towers with Radar,0,32,139,0,171,0,6,266,0,272,0,38,405,0,443,124,0,124,567
01/29/2014,FXE,FL,ASO,ES,Towers with Radar,0,31,92,0,123,0,6,60,0,66,0,37,152,0,189,42,0,42,231
01/30/2014,FXE,FL,ASO,ES,Towers with Radar,0,48,117,0,165,0,4,34,0,38,0,52,151,0,203,24,0,24,227
01/31/2014,FXE,FL,ASO,ES,Towers with Radar,0,39,143,0,182,0,13,216,0,229,0,52,359,0,411,56,0,56,467
02/01/2014,FXE,FL,ASO,ES,Towers with Radar,0,22,150,0,172,0,5,186,0,191,0,27,336,0,363,102,0,102,465
02/02/2014,FXE,FL,ASO,ES,Towers with Radar,0,23,89,0,112,0,0,166,0,166,0,23,255,0,278,50,0,50,328
02/03/2014,FXE,FL,ASO,ES,Towers with Radar,0,34,115,0,149,0,7,188,0,195,0,41,303,0,344,104,0,104,448
02/04/2014,FXE,FL,ASO,ES,Towers with Radar,0,37,112,0,149,0,9,196,0,205,0,46,308,0,354,92,0,92,446
02/05/2014,FXE,FL,ASO,ES,Towers with Radar,0,24,78,0,102,0,4,152,1,157,0,28,230,1,259,82,0,82,341
02/06/2014,FXE,FL,ASO,ES,Towers with Radar,0,56,142,0,198,0,12,221,0,233,0,68,363,0,431,70,0,70,501
02/07/2014,FXE,FL,ASO,ES,Towers with Radar,1,42,139,1,183,0,6,201,0,207,1,48,340,1,390,64,0,64,454
02/08/2014,FXE,FL,ASO,ES,Towers with Radar,0,30,101,0,131,0,11,196,0,207,0,41,297,0,338,68,0,68,406
02/09/2014,FXE,FL,ASO,ES,Towers with Radar,0,33,111,0,144,0,0,116,0,116,0,33,227,0,260,48,0,48,308
02/10/2014,FXE,FL,ASO,ES,Towers with Radar,0,29,81,0,110,0,10,240,0,250,0,39,321,0,360,74,0,74,434
02/11/2014,FXE,FL,ASO,ES,Towers with Radar,0,41,91,0,132,0,11,241,0,252,0,52,332,0,384,104,0,104,488
02/12/2014,FXE,FL,ASO,ES,Towers with Radar,0,42,124,0,166,0,6,198,0,204,0,48,322,0,370,62,0,62,432
02/13/2014,FXE,FL,ASO,ES,Towers with Radar,1,62,138,0,201,0,4,162,0,166,1,66,300,0,367,54,0,54,421
02/14/2014,FXE,FL,ASO,ES,Towers with Radar,0,61,163,0,224,14,14,292,0,320,14,75,455,0,544,56,0,56,600
02/15/2014,FXE,FL,ASO,ES,Towers with Radar,0,35,103,0,138,0,5,231,0,236,0,40,334,0,374,60,0,60,434
02/16/2014,FXE,FL,ASO,ES,Towers with Radar,0,20,111,0,131,0,6,226,0,232,0,26,337,0,363,52,0,52,415
02/17/2014,FXE,FL,ASO,ES,Towers with Radar,0,54,147,0,201,0,10,272,0,282,0,64,419,0,483,76,0,76,559
02/18/2014,FXE,FL,ASO,ES,Towers with Radar,0,32,118,0,150,0,9,262,0,271,0,41,380,0,421,59,0,59,480
02/19/2014,FXE,FL,ASO,ES,Towers with Radar,0,41,124,0,165,0,16,245,0,261,0,57,369,0,426,100,0,100,526
02/20/2014,FXE,FL,ASO,ES,Towers with Radar,1,48,120,0,169,0,11,270,2,283,1,59,390,2,452,88,0,88,540
02/21/2014,FXE,FL,ASO,ES,Towers with Radar,0,41,119,0,160,0,9,258,0,267,0,50,377,0,427,66,0,66,493
02/22/2014,FXE,FL,ASO,ES,Towers with Radar,0,34,144,0,178,0,7,237,0,244,0,41,381,0,422,94,0,94,516
02/23/2014,FXE,FL,ASO,ES,Towers with Radar,2,20,106,0,128,0,3,196,0,199,2,23,302,0,327,86,0,86,413
02/24/2014,FXE,FL,ASO,ES,Towers with Radar,0,43,101,0,144,0,10,193,0,203,0,53,294,0,347,92,0,92,439
02/25/2014,FXE,FL,ASO,ES,Towers with Radar,0,42,88,0,130,0,7,247,0,254,0,49,335,0,384,60,0,60,444
02/26/2014,FXE,FL,ASO,ES,Towers with Radar,0,47,93,0,140,0,10,244,0,254,0,57,337,0,394,86,0,86,480
02/27/2014,FXE,FL,ASO,ES,Towers with Radar,0,36,120,0,156,0,9,252,0,261,0,45,372,0,417,154,0,154,571
02/28/2014,FXE,FL,ASO,ES,Towers with Radar,0,51,135,0,186,0,10,164,0,174,0,61,299,0,360,30,0,30,390
03/01/2014,FXE,FL,ASO,ES,Towers with Radar,0,30,119,0,149,0,10,272,0,282,0,40,391,0,431,84,0,84,515
03/02/2014,FXE,FL,ASO,ES,Towers with Radar,0,38,109,0,147,0,10,244,0,254,0,48,353,0,401,106,0,106,507
03/03/2014,FXE,FL,ASO,ES,Towers with Radar,0,39,98,0,137,0,7,261,0,268,0,46,359,0,405,88,0,88,493
03/04/2014,FXE,FL,ASO,ES,Towers with Radar,0,34,120,0,154,0,10,214,0,224,0,44,334,0,378,98,0,98,476
03/05/2014,FXE,FL,ASO,ES,Towers with Radar,0,40,129,0,169,0,6,184,0,190,0,46,313,0,359,66,0,66,425
03/06/2014,FXE,FL,ASO,ES,Towers with Radar,0,48,62,0,110,0,7,108,0,115,0,55,170,0,225,78,0,78,303
03/07/2014,FXE,FL,ASO,ES,Towers with Radar,0,54,135,0,189,0,6,215,0,221,0,60,350,0,410,64,0,64,474
03/08/2014,FXE,FL,ASO,ES,Towers with Radar,0,27,120,0,147,0,10,242,0,252,0,37,362,0,399,92,0,92,491
03/09/2014,FXE,FL,ASO,ES,Towers with Radar,0,24,117,0,141,0,8,207,0,215,0,32,324,0,356,82,0,82,438
03/10/2014,FXE,FL,ASO,ES,Towers with Radar,1,26,110,0,137,0,13,333,0,346,1,39,443,0,483,154,0,154,637
03/11/2014,FXE,FL,ASO,ES,Towers with Radar,0,47,104,2,153,0,11,314,0,325,0,58,418,2,478,108,0,108,586
03/12/2014,FXE,FL,ASO,ES,Towers with Radar,0,33,98,0,131,0,9,195,0,204,0,42,293,0,335,48,0,48,383
03/13/2014,FXE,FL,ASO,ES,Towers with Radar,0,42,108,0,150,0,15,249,0,264,0,57,357,0,414,92,0,92,506
03/14/2014,FXE,FL,ASO,ES,Towers with Radar,0,45,104,1,150,0,14,282,0,296,0,59,386,1,446,152,0,152,598
03/15/2014,FXE,FL,ASO,ES,Towers with Radar,0,34,112,0,146,0,13,315,0,328,0,47,427,0,474,134,0,134,608
03/16/2014,FXE,FL,ASO,ES,Towers with Radar,0,43,114,0,157,0,4,206,0,210,0,47,320,0,367,43,0,43,410
03/17/2014,FXE,FL,ASO,ES,Towers with Radar,0,28,64,0,92,0,10,164,0,174,0,38,228,0,266,40,0,40,306
03/18/2014,FXE,FL,ASO,ES,Towers with Radar,0,50,113,0,163,0,11,186,0,197,0,61,299,0,360,70,0,70,430
03/19/2014,FXE,FL,ASO,ES,Towers with Radar,0,40,134,0,174,0,9,288,2,299,0,49,422,2,473,84,0,84,557
03/20/2014,FXE,FL,ASO,ES,Towers with Radar,0,49,128,0,177,0,10,277,0,287,0,59,405,0,464,96,0,96,560
03/21/2014,FXE,FL,ASO,ES,Towers with Radar,0,56,145,0,201,0,10,228,0,238,0,66,373,0,439,32,0,32,471
03/22/2014,FXE,FL,ASO,ES,Towers with Radar,0,54,101,0,155,0,5,173,0,178,0,59,274,0,333,234,0,234,567
03/23/2014,FXE,FL,ASO,ES,Towers with Radar,0,40,126,0,166,0,9,234,1,244,0,49,360,1,410,98,0,98,508
03/24/2014,FXE,FL,ASO,ES,Towers with Radar,0,40,106,2,148,0,9,165,7,181,0,49,271,9,329,142,0,142,471
03/25/2014,FXE,FL,ASO,ES,Towers with Radar,0,34,96,0,130,0,4,196,3,203,0,38,292,3,333,120,0,120,453
03/26/2014,FXE,FL,ASO,ES,Towers with Radar,0,53,113,0,166,0,8,280,6,294,0,61,393,6,460,64,0,64,524
03/27/2014,FXE,FL,ASO,ES,Towers with Radar,0,41,138,0,179,0,14,304,2,320,0,55,442,2,499,44,0,44,543
03/28/2014,FXE,FL,ASO,ES,Towers with Radar,0,36,132,0,168,0,13,272,1,286,0,49,404,1,454,74,0,74,528
03/29/2014,FXE,FL,ASO,ES,Towers with Radar,0,34,93,0,127,0,2,129,0,131,0,36,222,0,258,98,0,98,356
03/30/2014,FXE,FL,ASO,ES,Towers with Radar,0,50,121,0,171,0,11,217,0,228,0,61,338,0,399,96,0,96,495
03/31/2014,FXE,FL,ASO,ES,Towers with Radar,0,40,118,0,158,0,13,260,0,273,0,53,378,0,431,130,0,130,561
04/01/2014,FXE,FL,ASO,ES,Towers with Radar,0,28,111,0,139,0,8,314,0,322,0,36,425,0,461,150,0,150,611
04/02/2014,FXE,FL,ASO,ES,Towers with Radar,0,35,91,0,126,0,12,290,0,302,0,47,381,0,428,80,0,80,508
04/03/2014,FXE,FL,ASO,ES,Towers with Radar,0,54,116,0,170,0,14,310,0,324,0,68,426,0,494,94,0,94,588
04/04/2014,FXE,FL,ASO,ES,Towers with Radar,0,41,129,0,170,0,13,301,1,315,0,54,430,1,485,120,0,120,605
04/05/2014,FXE,FL,ASO,ES,Towers with Radar,0,23,96,0,119,0,8,327,0,335,0,31,423,0,454,84,0,84,538
04/06/2014,FXE,FL,ASO,ES,Towers with Radar,0,30,91,0,121,0,5,222,1,228,0,35,313,1,349,112,0,112,461
04/07/2014,FXE,FL,ASO,ES,Towers with Radar,0,30,98,0,128,0,13,260,0,273,0,43,358,0,401,93,0,93,494
04/08/2014,FXE,FL,ASO,ES,Towers with Radar,0,28,66,0,94,0,16,217,0,233,0,44,283,0,327,82,0,82,409
04/09/2014,FXE,FL,ASO,ES,Towers with Radar,0,46,97,0,143,0,14,276,1,291,0,60,373,1,434,107,2,109,543
04/10/2014,FXE,FL,ASO,ES,Towers with Radar,0,51,121,0,172,0,12,325,0,337,0,63,446,0,509,72,0,72,581
04/11/2014,FXE,FL,ASO,ES,Towers with Radar,0,62,139,0,201,0,16,320,2,338,0,78,459,2,539,44,0,44,583
04/12/2014,FXE,FL,ASO,ES,Towers with Radar,0,38,127,0,165,0,15,295,0,310,0,53,422,0,475,110,0,110,585
04/13/2014,FXE,FL,ASO,ES,Towers with Radar,0,38,143,0,181,0,3,51,0,54,0,41,194,0,235,20,0,20,255
04/14/2014,FXE,FL,ASO,ES,Towers with Radar,0,43,101,0,144,0,7,346,0,353,0,50,447,0,497,124,0,124,621
04/15/2014,FXE,FL,ASO,ES,Towers with Radar,0,31,97,0,128,0,10,272,0,282,0,41,369,0,410,138,0,138,548
04/16/2014,FXE,FL,ASO,ES,Towers with Radar,0,49,127,0,176,0,10,232,0,242,0,59,359,0,418,121,0,121,539
04/17/2014,FXE,FL,ASO,ES,Towers with Radar,0,61,104,0,165,0,16,179,0,195,0,77,283,0,360,46,0,46,406
04/18/2014,FXE,FL,ASO,ES,Towers with Radar,0,36,109,0,145,0,13,279,0,292,0,49,388,0,437,96,0,96,533
04/19/2014,FXE,FL,ASO,ES,Towers with Radar,0,30,80,0,110,0,5,262,0,267,0,35,342,0,377,192,0,192,569
04/20/2014,FXE,FL,ASO,ES,Towers with Radar,0,36,86,0,122,0,3,248,0,251,0,39,334,0,373,228,0,228,601
04/21/2014,FXE,FL,ASO,ES,Towers with Radar,0,50,136,0,186,0,10,394,0,404,0,60,530,0,590,106,0,106,696
04/22/2014,FXE,FL,ASO,ES,Towers with Radar,0,43,126,0,169,0,21,369,0,390,0,64,495,0,559,185,0,185,744
04/23/2014,FXE,FL,ASO,ES,Towers with Radar,0,34,104,0,138,0,19,326,0,345,0,53,430,0,483,122,0,122,605
04/24/2014,FXE,FL,ASO,ES,Towers with Radar,0,30,104,1,135,0,11,337,1,349,0,41,441,2,484,150,0,150,634
04/25/2014,FXE,FL,ASO,ES,Towers with Radar,0,30,144,0,174,0,45,315,0,360,0,75,459,0,534,92,0,92,626
04/26/2014,FXE,FL,ASO,ES,Towers with Radar,0,14,86,3,103,0,34,288,4,326,0,48,374,7,429,72,0,72,501
04/27/2014,FXE,FL,ASO,ES,Towers with Radar,0,19,116,0,135,0,17,238,0,255,0,36,354,0,390,72,0,72,462
04/28/2014,FXE,FL,ASO,ES,Towers with Radar,0,31,106,0,137,0,15,236,1,252,0,46,342,1,389,111,0,111,500
04/29/2014,FXE,FL,ASO,ES,Towers with Radar,0,23,87,1,111,0,9,278,2,289,0,32,365,3,400,144,0,144,544
04/30/2014,FXE,FL,ASO,ES,Towers with Radar,0,34,100,2,136,0,6,276,1,283,0,40,376,3,419,122,0,122,541
05/01/2014,FXE,FL,ASO,ES,Towers with Radar,0,47,106,0,153,0,10,254,0,264,0,57,360,0,417,98,0,98,515
05/02/2014,FXE,FL,ASO,ES,Towers with Radar,0,25,116,0,141,0,50,226,0,276,0,75,342,0,417,80,0,80,497
05/03/2014,FXE,FL,ASO,ES,Towers with Radar,0,27,88,0,115,0,4,124,1,129,0,31,212,1,244,76,0,76,320
05/04/2014,FXE,FL,ASO,ES,Towers with Radar,0,39,104,0,143,0,7,229,0,236,0,46,333,0,379,94,0,94,473
05/05/2014,FXE,FL,ASO,ES,Towers with Radar,0,19,92,2,113,0,13,301,0,314,0,32,393,2,427,164,0,164,591
05/06/2014,FXE,FL,ASO,ES,Towers with Radar,0,27,100,0,127,0,17,351,0,368,0,44,451,0,495,106,0,106,601
05/07/2014,FXE,FL,ASO,ES,Towers with Radar,0,34,103,0,137,0,10,221,0,231,0,44,324,0,368,140,0,140,508
05/08/2014,FXE,FL,ASO,ES,Towers with Radar,0,35,91,0,126,0,12,255,0,267,0,47,346,0,393,174,0,174,567
05/09/2014,FXE,FL,ASO,ES,Towers with Radar,0,44,102,0,146,0,13,268,0,281,0,57,370,0,427,108,0,108,535
05/10/2014,FXE,FL,ASO,ES,Towers with Radar,0,33,79,2,114,0,4,261,0,265,0,37,340,2,379,120,0,120,499
05/11/2014,FXE,FL,ASO,ES,Towers with Radar,0,31,64,0,95,0,6,200,0,206,0,37,264,0,301,164,0,164,465
05/12/2014,FXE,FL,ASO,ES,Towers with Radar,0,23,87,2,112,0,9,254,0,263,0,32,341,2,375,122,0,122,497
05/13/2014,FXE,FL,ASO,ES,Towers with Radar,0,27,91,0,118,0,15,204,1,220,0,42,295,1,338,138,0,138,476
05/14/2014,FXE,FL,ASO,ES,Towers with Radar,0,42,107,2,151,0,10,175,2,187,0,52,282,4,338,106,0,106,444
05/15/2014,FXE,FL,ASO,ES,Towers with Radar,0,44,80,2,126,0,5,83,2,90,0,49,163,4,216,48,0,48,264
05/16/2014,FXE,FL,ASO,ES,Towers with Radar,0,44,122,0,166,0,8,205,0,213,0,52,327,0,379,96,0,96,475
05/17/2014,FXE,FL,ASO,ES,Towers with Radar,0,23,74,0,97,0,6,256,0,262,0,29,330,0,359,52,0,52,411
05/18/2014,FXE,FL,ASO,ES,Towers with Radar,0,36,81,2,119,0,4,232,0,236,0,40,313,2,355,102,0,102,457
05/19/2014,FXE,FL,ASO,ES,Towers with Radar,0,21,105,0,126,0,11,326,3,340,0,32,431,3,466,84,0,84,550
05/20/2014,FXE,FL,ASO,ES,Towers with Radar,0,34,104,0,138,0,8,351,0,359,0,42,455,0,497,92,0,92,589
05/21/2014,FXE,FL,ASO,ES,Towers with Radar,0,27,110,0,137,0,15,321,0,336,0,42,431,0,473,85,0,85,558
05/22/2014,FXE,FL,ASO,ES,Towers with Radar,0,34,128,0,162,0,8,364,1,373,0,42,492,1,535,216,0,216,751
05/23/2014,FXE,FL,ASO,ES,Towers with Radar,0,44,119,0,163,0,14,336,0,350,0,58,455,0,513,153,0,153,666
05/24/2014,FXE,FL,ASO,ES,Towers with Radar,0,15,95,2,112,0,7,293,0,300,0,22,388,2,412,158,0,158,570
05/25/2014,FXE,FL,ASO,ES,Towers with Radar,0,15,59,0,74,0,6,192,0,198,0,21,251,0,272,198,0,198,470
05/26/2014,FXE,FL,ASO,ES,Towers with Radar,0,29,110,0,139,0,14,318,0,332,0,43,428,0,471,98,0,98,569
05/27/2014,FXE,FL,ASO,ES,Towers with Radar,0,22,113,1,136,0,3,325,3,331,0,25,438,4,467,162,0,162,629
05/28/2014,FXE,FL,ASO,ES,Towers with Radar,0,27,83,5,115,0,14,329,0,343,0,41,412,5,458,113,0,113,571
05/29/2014,FXE,FL,ASO,ES,Towers with Radar,0,40,83,0,123,0,11,143,0,154,0,51,226,0,277,28,0,28,305
05/30/2014,FXE,FL,ASO,ES,Towers with Radar,0,27,87,2,116,0,8,229,2,239,0,35,316,4,355,96,0,96,451
05/31/2014,FXE,FL,ASO,ES,Towers with Radar,0,21,67,0,88,0,6,289,0,295,0,27,356,0,383,191,0,191,574
06/01/2014,FXE,FL,ASO,ES,Towers with Radar,0,29,80,2,111,0,2,239,0,241,0,31,319,2,352,128,0,128,480
06/02/2014,FXE,FL,ASO,ES,Towers with Radar,0,28,92,0,120,0,5,99,0,104,0,33,191,0,224,38,0,38,262
06/03/2014,FXE,FL,ASO,ES,Towers with Radar,0,40,93,0,133,0,10,245,1,256,0,50,338,1,389,144,0,144,533
06/04/2014,FXE,FL,ASO,ES,Towers with Radar,0,27,135,2,164,0,8,238,1,247,0,35,373,3,411,161,0,161,572
06/05/2014,FXE,FL,ASO,ES,Towers with Radar,0,45,101,2,148,0,11,354,0,365,0,56,455,2,513,86,0,86,599
06/06/2014,FXE,FL,ASO,ES,Towers with Radar,0,41,122,2,165,0,6,285,0,291,0,47,407,2,456,124,0,124,580
06/07/2014,FXE,FL,ASO,ES,Towers with Radar,0,21,76,0,97,0,8,242,0,250,0,29,318,0,347,124,2,126,473
06/08/2014,FXE,FL,ASO,ES,Towers with Radar,0,25,82,0,107,0,4,187,0,191,0,29,269,0,298,128,0,128,426
06/09/2014,FXE,FL,ASO,ES,Towers with Radar,0,19,102,0,121,0,2,111,0,113,0,21,213,0,234,22,0,22,256
06/10/2014,FXE,FL,ASO,ES,Towers with Radar,0,43,77,0,120,0,10,215,0,225,0,53,292,0,345,166,0,166,511
06/11/2014,FXE,FL,ASO,ES,Towers with Radar,0,25,101,1,127,0,6,198,0,204,0,31,299,1,331,74,0,74,405
06/12/2014,FXE,FL,ASO,ES,Towers with Radar,0,37,114,0,151,0,11,184,0,195,0,48,298,0,346,44,0,44,390
06/13/2014,FXE,FL,ASO,ES,Towers with Radar,0,32,91,0,123,0,10,189,0,199,0,42,280,0,322,50,0,50,372
06/14/2014,FXE,FL,ASO,ES,Towers with Radar,0,12,83,1,96,0,4,228,0,232,0,16,311,1,328,154,0,154,482
06/15/2014,FXE,FL,ASO,ES,Towers with Radar,0,23,98,0,121,0,1,214,0,215,0,24,312,0,336,110,0,110,446
06/16/2014,FXE,FL,ASO,ES,Towers with Radar,0,30,121,0,151,0,5,256,4,265,0,35,377,4,416,96,0,96,512
06/17/2014,FXE,FL,ASO,ES,Towers with Radar,0,24,99,0,123,0,5,146,0,151,0,29,245,0,274,120,0,120,394
06/18/2014,FXE,FL,ASO,ES,Towers with Radar,0,21,99,0,120,0,6,254,0,260,0,27,353,0,380,174,0,174,554
06/19/2014,FXE,FL,ASO,ES,Towers with Radar,0,36,84,0,120,0,9,186,1,196,0,45,270,1,316,84,0,84,400
06/20/2014,FXE,FL,ASO,ES,Towers with Radar,0,24,103,0,127,0,10,240,1,251,0,34,343,1,378,96,0,96,474
06/21/2014,FXE,FL,ASO,ES,Towers with Radar,0,23,64,3,90,0,3,189,0,192,0,26,253,3,282,92,0,92,374
06/22/2014,FXE,FL,ASO,ES,Towers with Radar,0,20,86,0,106,0,3,271,0,274,0,23,357,0,380,106,0,106,486
06/23/2014,FXE,FL,ASO,ES,Towers with Radar,1,23,103,0,127,0,9,280,0,289,1,32,383,0,416,120,0,120,536
06/24/2014,FXE,FL,ASO,ES,Towers with Radar,0,18,101,0,119,0,10,281,0,291,0,28,382,0,410,110,0,110,520
06/25/2014,FXE,FL,ASO,ES,Towers with Radar,0,26,105,0,131,0,9,302,0,311,0,35,407,0,442,96,0,96,538
06/26/2014,FXE,FL,ASO,ES,Towers with Radar,0,38,109,0,147,0,11,280,0,291,0,49,389,0,438,204,0,204,642
06/27/2014,FXE,FL,ASO,ES,Towers with Radar,0,34,114,0,148,0,9,255,0,264,0,43,369,0,412,134,0,134,546
06/28/2014,FXE,FL,ASO,ES,Towers with Radar,0,17,74,2,93,0,8,252,1,261,0,25,326,3,354,216,0,216,570
06/29/2014,FXE,FL,ASO,ES,Towers with Radar,0,17,118,0,135,0,5,230,0,235,0,22,348,0,370,106,0,106,476
06/30/2014,FXE,FL,ASO,ES,Towers with Radar,0,21,87,2,110,0,11,260,0,271,0,32,347,2,381,140,0,140,521
07/01/2014,FXE,FL,ASO,ES,Towers with Radar,0,35,64,0,99,0,2,175,0,177,0,37,239,0,276,196,0,196,472
07/02/2014,FXE,FL,ASO,ES,Towers with Radar,0,27,87,0,114,0,8,143,0,151,0,35,230,0,265,124,0,124,389
07/03/2014,FXE,FL,ASO,ES,Towers with Radar,0,28,95,0,123,0,16,273,0,289,0,44,368,0,412,80,0,80,492
07/04/2014,FXE,FL,ASO,ES,Towers with Radar,0,14,44,0,58,0,11,189,0,200,0,25,233,0,258,76,0,76,334
07/05/2014,FXE,FL,ASO,ES,Towers with Radar,0,18,61,2,81,0,5,140,0,145,0,23,201,2,226,184,0,184,410
07/06/2014,FXE,FL,ASO,ES,Towers with Radar,0,44,93,0,137,0,9,140,0,149,0,53,233,0,286,118,0,118,404
07/07/2014,FXE,FL,ASO,ES,Towers with Radar,0,21,98,2,121,0,8,240,0,248,0,29,338,2,369,112,0,112,481
07/08/2014,FXE,FL,ASO,ES,Towers with Radar,0,21,84,0,105,0,8,213,0,221,0,29,297,0,326,204,0,204,530
07/09/2014,FXE,FL,ASO,ES,Towers with Radar,0,32,97,1,130,0,6,218,0,224,0,38,315,1,354,72,0,72,426
07/10/2014,FXE,FL,ASO,ES,Towers with Radar,0,31,94,0,125,0,3,170,2,175,0,34,264,2,300,104,0,104,404
07/11/2014,FXE,FL,ASO,ES,Towers with Radar,0,31,101,4,136,0,10,349,5,364,0,41,450,9,500,110,0,110,610
07/12/2014,FXE,FL,ASO,ES,Towers with Radar,0,24,66,1,91,0,5,278,0,283,0,29,344,1,374,72,0,72,446
07/13/2014,FXE,FL,ASO,ES,Towers with Radar,0,35,85,0,120,0,6,225,0,231,0,41,310,0,351,162,0,162,513
07/14/2014,FXE,FL,ASO,ES,Towers with Radar,0,21,71,0,92,0,11,271,0,282,0,32,342,0,374,118,0,118,492
07/15/2014,FXE,FL,ASO,ES,Towers with Radar,0,27,84,1,112,0,9,250,0,259,0,36,334,1,371,158,0,158,529
07/16/2014,FXE,FL,ASO,ES,Towers with Radar,0,17,86,0,103,0,9,194,0,203,0,26,280,0,306,118,0,118,424
07/17/2014,FXE,FL,ASO,ES,Towers with Radar,0,29,83,0,112,0,9,189,3,201,0,38,272,3,313,134,0,134,447
07/18/2014,FXE,FL,ASO,ES,Towers with Radar,0,24,77,1,102,0,12,331,1,344,0,36,408,2,446,128,0,128,574
07/19/2014,FXE,FL,ASO,ES,Towers with Radar,0,25,79,4,108,0,5,314,0,319,0,30,393,4,427,154,0,154,581
07/20/2014,FXE,FL,ASO,ES,Towers with Radar,0,40,90,0,130,0,3,249,0,252,0,43,339,0,382,146,0,146,528
07/21/2014,FXE,FL,ASO,ES,Towers with Radar,0,22,65,0,87,0,6,219,0,225,0,28,284,0,312,146,0,146,458
07/22/2014,FXE,FL,ASO,ES,Towers with Radar,0,37,98,2,137,0,4,293,0,297,0,41,391,2,434,176,0,176,610
07/23/2014,FXE,FL,ASO,ES,Towers with Radar,0,29,105,0,134,0,6,214,0,220,0,35,319,0,354,196,0,196,550
07/24/2014,FXE,FL,ASO,ES,Towers with Radar,0,38,91,2,131,0,4,299,1,304,0,42,390,3,435,178,0,178,613
07/25/2014,FXE,FL,ASO,ES,Towers with Radar,0,29,94,0,123,0,7,338,0,345,0,36,432,0,468,158,0,158,626
07/26/2014,FXE,FL,ASO,ES,Towers with Radar,0,22,60,0,82,0,6,247,2,255,0,28,307,2,337,122,0,122,459
07/27/2014,FXE,FL,ASO,ES,Towers with Radar,0,25,66,1,92,0,3,224,1,228,0,28,290,2,320,176,0,176,496
07/28/2014,FXE,FL,ASO,ES,Towers with Radar,0,29,73,0,102,0,7,382,0,389,0,36,455,0,491,130,0,130,621
07/29/2014,FXE,FL,ASO,ES,Towers with Radar,0,26,73,0,99,0,6,246,0,252,0,32,319,0,351,112,0,112,463
07/30/2014,FXE,FL,ASO,ES,Towers with Radar,1,25,92,0,118,4,5,192,0,201,5,30,284,0,319,74,0,74,393
07/31/2014,FXE,FL,ASO,ES,Towers with Radar,0,37,97,0,134,0,10,281,0,291,0,47,378,0,425,66,0,66,491
08/01/2014,FXE,FL,ASO,ES,Towers with Radar,0,29,87,0,116,0,10,287,0,297,0,39,374,0,413,68,0,68,481
08/02/2014,FXE,FL,ASO,ES,Towers with Radar,0,13,90,0,103,0,3,214,0,217,0,16,304,0,320,162,0,162,482
08/03/2014,FXE,FL,ASO,ES,Towers with Radar,0,31,53,0,84,0,2,128,0,130,0,33,181,0,214,38,0,38,252
08/04/2014,FXE,FL,ASO,ES,Towers with Radar,0,22,52,2,76,0,0,157,0,157,0,22,209,2,233,54,0,54,287
08/05/2014,FXE,FL,ASO,ES,Towers with Radar,0,16,70,2,88,0,6,234,0,240,0,22,304,2,328,68,0,68,396
08/06/2014,FXE,FL,ASO,ES,Towers with Radar,0,30,79,0,109,0,8,322,0,330,0,38,401,0,439,160,0,160,599
08/07/2014,FXE,FL,ASO,ES,Towers with Radar,0,36,91,0,127,0,8,291,0,299,0,44,382,0,426,88,0,88,514
08/08/2014,FXE,FL,ASO,ES,Towers with Radar,0,15,112,2,129,0,10,255,0,265,0,25,367,2,394,70,0,70,464
08/09/2014,FXE,FL,ASO,ES,Towers with Radar,0,14,69,6,89,0,6,257,2,265,0,20,326,8,354,156,0,156,510
08/10/2014,FXE,FL,ASO,ES,Towers with Radar,0,38,90,0,128,0,7,213,0,220,0,45,303,0,348,102,0,102,450
08/11/2014,FXE,FL,ASO,ES,Towers with Radar,0,27,93,0,120,0,6,310,0,316,0,33,403,0,436,120,0,120,556
08/12/2014,FXE,FL,ASO,ES,Towers with Radar,0,25,85,0,110,0,7,295,0,302,0,32,380,0,412,92,0,92,504
08/13/2014,FXE,FL,ASO,ES,Towers with Radar,0,21,89,0,110,0,8,344,2,354,0,29,433,2,464,170,0,170,634
08/14/2014,FXE,FL,ASO,ES,Towers with Radar,0,29,65,1,95,0,9,246,1,256,0,38,311,2,351,80,0,80,431
08/15/2014,FXE,FL,ASO,ES,Towers with Radar,0,33,74,0,107,0,11,229,0,240,0,44,303,0,347,52,0,52,399
08/16/2014,FXE,FL,ASO,ES,Towers with Radar,0,9,63,0,72,0,6,229,0,235,0,15,292,0,307,184,0,184,491
08/17/2014,FXE,FL,ASO,ES,Towers with Radar,0,22,90,0,112,0,4,213,0,217,0,26,303,0,329,172,0,172,501
08/18/2014,FXE,FL,ASO,ES,Towers with Radar,0,36,109,0,145,0,7,332,0,339,0,43,441,0,484,146,0,146,630
08/19/2014,FXE,FL,ASO,ES,Towers with Radar,0,38,84,0,122,0,9,318,2,329,0,47,402,2,451,66,0,66,517
08/20/2014,FXE,FL,ASO,ES,Towers with Radar,0,37,120,2,159,0,8,328,2,338,0,45,448,4,497,138,0,138,635
08/21/2014,FXE,FL,ASO,ES,Towers with Radar,0,42,108,4,154,0,11,250,0,261,0,53,358,4,415,168,0,168,583
08/22/2014,FXE,FL,ASO,ES,Towers with Radar,0,28,95,0,123,0,9,287,2,298,0,37,382,2,421,124,0,124,545
08/23/2014,FXE,FL,ASO,ES,Towers with Radar,0,17,74,0,91,0,3,273,0,276,0,20,347,0,367,64,0,64,431
08/24/2014,FXE,FL,ASO,ES,Towers with Radar,0,25,61,0,86,0,4,205,0,209,0,29,266,0,295,82,0,82,377
08/25/2014,FXE,FL,ASO,ES,Towers with Radar,0,14,73,4,91,0,3,218,0,221,0,17,291,4,312,66,0,66,378
08/26/2014,FXE,FL,ASO,ES,Towers with Radar,0,22,84,0,106,0,6,266,3,275,0,28,350,3,381,128,0,128,509
08/27/2014,FXE,FL,ASO,ES,Towers with Radar,0,30,77,2,109,0,10,285,4,299,0,40,362,6,408,142,0,142,550
08/28/2014,FXE,FL,ASO,ES,Towers with Radar,0,38,88,0,126,0,14,224,2,240,0,52,312,2,366,92,0,92,458
08/29/2014,FXE,FL,ASO,ES,Towers with Radar,0,26,90,0,116,0,9,296,0,305,0,35,386,0,421,108,0,108,529
08/30/2014,FXE,FL,ASO,ES,Towers with Radar,0,14,77,0,91,0,3,219,0,222,0,17,296,0,313,102,0,102,415
08/31/2014,FXE,FL,ASO,ES,Towers with Radar,0,17,58,0,75,0,1,186,0,187,0,18,244,0,262,80,0,80,342
09/01/2014,FXE,FL,ASO,ES,Towers with Radar,0,40,70,0,110,0,3,220,2,225,0,43,290,2,335,132,0,132,467
09/02/2014,FXE,FL,ASO,ES,Towers with Radar,0,24,78,0,102,0,5,204,3,212,0,29,282,3,314,62,0,62,376
09/03/2014,FXE,FL,ASO,ES,Towers with Radar,0,21,71,2,94,0,9,246,0,255,0,30,317,2,349,167,0,167,516
09/04/2014,FXE,FL,ASO,ES,Towers with Radar,0,19,80,0,99,0,7,254,0,261,0,26,334,0,360,111,0,111,471
09/05/2014,FXE,FL,ASO,ES,Towers with Radar,0,26,88,0,114,0,10,276,1,287,0,36,364,1,401,158,0,158,559
09/06/2014,FXE,FL,ASO,ES,Towers with Radar,0,12,52,2,66,0,7,169,0,176,0,19,221,2,242,156,0,156,398
09/07/2014,FXE,FL,ASO,ES,Towers with Radar,0,16,87,2,105,0,6,207,0,213,0,22,294,2,318,120,0,120,438
09/08/2014,FXE,FL,ASO,ES,Towers with Radar,0,17,97,0,114,0,6,234,2,242,0,23,331,2,356,84,0,84,440
09/09/2014,FXE,FL,ASO,ES,Towers with Radar,0,20,107,0,127,0,8,224,3,235,0,28,331,3,362,120,0,120,482
09/10/2014,FXE,FL,ASO,ES,Towers with Radar,0,27,79,0,106,0,7,218,0,225,0,34,297,0,331,117,0,117,448
09/11/2014,FXE,FL,ASO,ES,Towers with Radar,0,29,107,2,138,0,7,165,0,172,0,36,272,2,310,126,0,126,436
09/12/2014,FXE,FL,ASO,ES,Towers with Radar,0,29,73,2,104,0,9,156,0,165,0,38,229,2,269,79,0,79,348
09/13/2014,FXE,FL,ASO,ES,Towers with Radar,0,14,59,0,73,0,4,181,0,185,0,18,240,0,258,152,0,152,410
09/14/2014,FXE,FL,ASO,ES,Towers with Radar,0,21,57,0,78,0,3,193,4,200,0,24,250,4,278,128,0,128,406
09/15/2014,FXE,FL,ASO,ES,Towers with Radar,0,27,84,0,111,0,7,246,0,253,0,34,330,0,364,124,0,124,488
09/16/2014,FXE,FL,ASO,ES,Towers with Radar,0,19,85,2,106,0,6,239,0,245,0,25,324,2,351,54,0,54,405
09/17/2014,FXE,FL,ASO,ES,Towers with Radar,0,31,65,0,96,0,4,220,0,224,0,35,285,0,320,86,0,86,406
09/18/2014,FXE,FL,ASO,ES,Towers with Radar,0,32,82,2,116,0,9,184,0,193,0,41,266,2,309,96,0,96,405
09/19/2014,FXE,FL,ASO,ES,Towers with Radar,0,28,86,0,114,0,7,139,0,146,0,35,225,0,260,60,0,60,320
09/20/2014,FXE,FL,ASO,ES,Towers with Radar,0,15,56,0,71,0,3,134,0,137,0,18,190,0,208,94,0,94,302
09/21/2014,FXE,FL,ASO,ES,Towers with Radar,0,28,79,0,107,0,3,178,1,182,0,31,257,1,289,126,0,126,415
09/22/2014,FXE,FL,ASO,ES,Towers with Radar,0,21,66,0,87,0,2,164,0,166,0,23,230,0,253,46,0,46,299
09/23/2014,FXE,FL,ASO,ES,Towers with Radar,0,22,84,0,106,0,6,159,8,173,0,28,243,8,279,102,0,102,381
09/24/2014,FXE,FL,ASO,ES,Towers with Radar,0,27,85,1,113,0,8,211,2,221,0,35,296,3,334,99,0,99,433
09/25/2014,FXE,FL,ASO,ES,Towers with Radar,0,24,86,2,112,0,7,186,0,193,0,31,272,2,305,66,0,66,371
09/26/2014,FXE,FL,ASO,ES,Towers with Radar,0,15,86,0,101,0,10,233,1,244,0,25,319,1,345,136,0,136,481
09/27/2014,FXE,FL,ASO,ES,Towers with Radar,0,20,75,0,95,0,3,238,2,243,0,23,313,2,338,132,0,132,470
09/28/2014,FXE,FL,ASO,ES,Towers with Radar,0,24,79,0,103,0,2,216,0,218,0,26,295,0,321,120,0,120,441
09/29/2014,FXE,FL,ASO,ES,Towers with Radar,0,23,74,0,97,0,4,186,0,190,0,27,260,0,287,50,0,50,337
09/30/2014,FXE,FL,ASO,ES,Towers with Radar,0,14,96,0,110,1,8,183,2,194,1,22,279,2,304,60,0,60,364
10/01/2014,FXE,FL,ASO,ES,Towers with Radar,0,29,76,0,105,0,8,235,0,243,0,37,311,0,348,142,0,142,490
10/02/2014,FXE,FL,ASO,ES,Towers with Radar,0,52,68,0,120,0,13,201,4,218,0,65,269,4,338,89,0,89,427
10/03/2014,FXE,FL,ASO,ES,Towers with Radar,0,23,104,0,127,0,12,189,0,201,0,35,293,0,328,108,0,108,436
10/04/2014,FXE,FL,ASO,ES,Towers with Radar,0,17,53,0,70,0,5,185,0,190,0,22,238,0,260,104,0,104,364
10/05/2014,FXE,FL,ASO,ES,Towers with Radar,0,18,83,2,103,0,5,237,2,244,0,23,320,4,347,88,0,88,435
10/06/2014,FXE,FL,ASO,ES,Towers with Radar,0,20,56,0,76,0,6,178,0,184,0,26,234,0,260,118,0,118,378
10/07/2014,FXE,FL,ASO,ES,Towers with Radar,0,22,80,0,102,0,7,163,0,170,0,29,243,0,272,132,0,132,404
10/08/2014,FXE,FL,ASO,ES,Towers with Radar,0,34,96,3,133,0,5,247,1,253,0,39,343,4,386,65,0,65,451
10/09/2014,FXE,FL,ASO,ES,Towers with Radar,1,34,106,4,145,0,11,246,2,259,1,45,352,6,404,154,0,154,558
10/10/2014,FXE,FL,ASO,ES,Towers with Radar,0,31,105,2,138,0,9,245,2,256,0,40,350,4,394,110,0,110,504
10/11/2014,FXE,FL,ASO,ES,Towers with Radar,0,19,65,2,86,0,4,206,0,210,0,23,271,2,296,50,0,50,346
10/12/2014,FXE,FL,ASO,ES,Towers with Radar,0,19,85,2,106,0,1,174,0,175,0,20,259,2,281,72,0,72,353
10/13/2014,FXE,FL,ASO,ES,Towers with Radar,0,26,82,0,108,0,3,136,0,139,0,29,218,0,247,56,0,56,303
10/14/2014,FXE,FL,ASO,ES,Towers with Radar,0,27,78,1,106,0,6,204,1,211,0,33,282,2,317,144,0,144,461
10/15/2014,FXE,FL,ASO,ES,Towers with Radar,0,35,91,4,130,0,7,202,0,209,0,42,293,4,339,128,0,128,467
10/16/2014,FXE,FL,ASO,ES,Towers with Radar,0,35,83,0,118,0,8,253,0,261,0,43,336,0,379,118,0,118,497
10/17/2014,FXE,FL,ASO,ES,Towers with Radar,0,35,80,2,117,0,6,262,0,268,0,41,342,2,385,86,0,86,471
10/18/2014,FXE,FL,ASO,ES,Towers with Radar,0,27,73,2,102,0,10,215,0,225,0,37,288,2,327,72,0,72,399
10/19/2014,FXE,FL,ASO,ES,Towers with Radar,0,40,108,1,149,0,6,224,2,232,0,46,332,3,381,128,0,128,509
10/20/2014,FXE,FL,ASO,ES,Towers with Radar,0,20,95,1,116,0,6,274,0,280,0,26,369,1,396,100,0,100,496
10/21/2014,FXE,FL,ASO,ES,Towers with Radar,0,33,81,3,117,0,6,194,0,200,0,39,275,3,317,104,0,104,421
10/22/2014,FXE,FL,ASO,ES,Towers with Radar,0,35,108,0,143,0,6,212,0,218,0,41,320,0,361,132,0,132,493
10/23/2014,FXE,FL,ASO,ES,Towers with Radar,0,35,133,3,171,0,7,74,0,81,0,42,207,3,252,44,0,44,296
10/24/2014,FXE,FL,ASO,ES,Towers with Radar,0,47,106,3,156,0,6,115,0,121,0,53,221,3,277,42,0,42,319
10/25/2014,FXE,FL,ASO,ES,Towers with Radar,0,31,77,0,108,0,3,274,0,277,0,34,351,0,385,104,0,104,489
10/26/2014,FXE,FL,ASO,ES,Towers with Radar,0,34,114,0,148,0,5,268,0,273,0,39,382,0,421,122,0,122,543
10/27/2014,FXE,FL,ASO,ES,Towers with Radar,0,26,85,0,111,0,10,263,2,275,0,36,348,2,386,122,0,122,508
10/28/2014,FXE,FL,ASO,ES,Towers with Radar,0,16,92,0,108,0,5,279,0,284,0,21,371,0,392,104,0,104,496
10/29/2014,FXE,FL,ASO,ES,Towers with Radar,0,32,138,2,172,0,3,302,0,305,0,35,440,2,477,82,0,82,559
10/30/2014,FXE,FL,ASO,ES,Towers with Radar,0,37,130,0,167,0,11,286,0,297,0,48,416,0,464,112,0,112,576
10/31/2014,FXE,FL,ASO,ES,Towers with Radar,0,13,110,2,125,0,13,241,0,254,0,26,351,2,379,54,0,54,433
11/01/2014,FXE,FL,ASO,ES,Towers with Radar,0,19,71,0,90,0,8,194,0,202,0,27,265,0,292,68,0,68,360
11/02/2014,FXE,FL,ASO,ES,Towers with Radar,0,15,99,0,114,0,8,187,0,195,0,23,286,0,309,130,0,130,439
11/03/2014,FXE,FL,ASO,ES,Towers with Radar,0,29,73,0,102,0,8,174,1,183,0,37,247,1,285,62,0,62,347
11/04/2014,FXE,FL,ASO,ES,Towers with Radar,0,32,103,2,137,0,8,220,0,228,0,40,323,2,365,42,0,42,407
11/05/2014,FXE,FL,ASO,ES,Towers with Radar,0,31,78,0,109,0,9,201,0,210,0,40,279,0,319,42,0,42,361
11/06/2014,FXE,FL,ASO,ES,Towers with Radar,1,42,100,0,143,0,10,286,0,296,1,52,386,0,439,135,0,135,574
11/07/2014,FXE,FL,ASO,ES,Towers with Radar,0,27,111,0,138,0,11,292,0,303,0,38,403,0,441,96,0,96,537
11/08/2014,FXE,FL,ASO,ES,Towers with Radar,0,19,75,0,94,0,5,207,0,212,0,24,282,0,306,54,0,54,360
11/09/2014,FXE,FL,ASO,ES,Towers with Radar,0,25,84,0,109,0,0,35,0,35,0,25,119,0,144,10,0,10,154
11/10/2014,FXE,FL,ASO,ES,Towers with Radar,0,36,80,2,118,0,5,128,2,135,0,41,208,4,253,42,0,42,295
11/11/2014,FXE,FL,ASO,ES,Towers with Radar,0,22,76,0,98,0,12,310,0,322,0,34,386,0,420,128,0,128,548
11/12/2014,FXE,FL,ASO,ES,Towers with Radar,0,23,87,0,110,0,13,267,0,280,0,36,354,0,390,90,0,90,480
11/13/2014,FXE,FL,ASO,ES,Towers with Radar,0,48,120,0,168,0,6,240,1,247,0,54,360,1,415,106,0,106,521
11/14/2014,FXE,FL,ASO,ES,Towers with Radar,0,40,118,0,158,0,16,255,0,271,0,56,373,0,429,134,0,134,563
11/15/2014,FXE,FL,ASO,ES,Towers with Radar,0,16,86,4,106,0,6,245,0,251,0,22,331,4,357,94,0,94,451
11/16/2014,FXE,FL,ASO,ES,Towers with Radar,0,41,76,0,117,0,6,201,0,207,0,47,277,0,324,36,0,36,360
11/17/2014,FXE,FL,ASO,ES,Towers with Radar,0,27,101,0,128,0,6,176,0,182,0,33,277,0,310,59,0,59,369
11/18/2014,FXE,FL,ASO,ES,Towers with Radar,0,36,129,0,165,0,4,67,0,71,0,40,196,0,236,36,0,36,272
11/19/2014,FXE,FL,ASO,ES,Towers with Radar,0,33,117,0,150,0,11,145,0,156,0,44,262,0,306,90,0,90,396
11/20/2014,FXE,FL,ASO,ES,Towers with Radar,0,25,126,2,153,0,6,180,0,186,0,31,306,2,339,83,0,83,422
11/21/2014,FXE,FL,ASO,ES,Towers with Radar,0,29,180,0,209,0,5,66,0,71,0,34,246,0,280,16,0,16,296
11/22/2014,FXE,FL,ASO,ES,Towers with Radar,0,25,130,0,155,0,2,97,0,99,0,27,227,0,254,26,0,26,280
11/23/2014,FXE,FL,ASO,ES,Towers with Radar,0,25,100,0,125,0,2,139,0,141,0,27,239,0,266,84,0,84,350
11/24/2014,FXE,FL,ASO,ES,Towers with Radar,0,18,122,1,141,0,8,241,0,249,0,26,363,1,390,52,0,52,442
11/25/2014,FXE,FL,ASO,ES,Towers with Radar,0,50,125,0,175,0,15,256,0,271,0,65,381,0,446,54,0,54,500
11/26/2014,FXE,FL,ASO,ES,Towers with Radar,1,57,112,0,170,0,14,112,0,126,1,71,224,0,296,72,0,72,368
11/27/2014,FXE,FL,ASO,ES,Towers with Radar,0,20,43,1,64,0,6,129,0,135,0,26,172,1,199,72,0,72,271
11/28/2014,FXE,FL,ASO,ES,Towers with Radar,0,20,74,0,94,0,11,169,0,180,0,31,243,0,274,14,0,14,288
11/29/2014,FXE,FL,ASO,ES,Towers with Radar,0,24,81,0,105,0,1,214,0,215,0,25,295,0,320,72,0,72,392
11/30/2014,FXE,FL,ASO,ES,Towers with Radar,0,62,146,0,208,0,9,291,0,300,0,71,437,0,508,43,0,43,551
12/01/2014,FXE,FL,ASO,ES,Towers with Radar,0,39,120,0,159,0,5,205,0,210,0,44,325,0,369,66,0,66,435
12/02/2014,FXE,FL,ASO,ES,Towers with Radar,0,42,97,0,139,0,7,83,0,90,0,49,180,0,229,0,0,0,229
12/03/2014,FXE,FL,ASO,ES,Towers with Radar,0,29,128,0,157,0,9,234,0,243,0,38,362,0,400,131,0,131,531
12/04/2014,FXE,FL,ASO,ES,Towers with Radar,1,35,126,0,162,0,10,228,0,238,1,45,354,0,400,96,0,96,496
12/05/2014,FXE,FL,ASO,ES,Towers with Radar,0,26,118,2,146,0,10,225,0,235,0,36,343,2,381,97,0,97,478
12/06/2014,FXE,FL,ASO,ES,Towers with Radar,1,17,86,1,105,0,3,262,0,265,1,20,348,1,370,48,0,48,418
12/07/2014,FXE,FL,ASO,ES,Towers with Radar,0,31,103,0,134,0,4,210,2,216,0,35,313,2,350,72,0,72,422
12/08/2014,FXE,FL,ASO,ES,Towers with Radar,0,13,113,0,126,0,12,161,0,173,0,25,274,0,299,61,0,61,360
12/09/2014,FXE,FL,ASO,ES,Towers with Radar,0,29,118,0,147,0,8,193,0,201,0,37,311,0,348,52,0,52,400
12/10/2014,FXE,FL,ASO,ES,Towers with Radar,0,21,111,0,132,0,9,288,0,297,0,30,399,0,429,63,0,63,492
12/11/2014,FXE,FL,ASO,ES,Towers with Radar,0,31,102,3,136,0,11,316,0,327,0,42,418,3,463,50,0,50,513
12/12/2014,FXE,FL,ASO,ES,Towers with Radar,0,39,121,0,160,0,16,293,0,309,0,55,414,0,469,86,0,86,555
12/13/2014,FXE,FL,ASO,ES,Towers with Radar,1,27,75,0,103,0,9,304,0,313,1,36,379,0,416,90,0,90,506
12/14/2014,FXE,FL,ASO,ES,Towers with Radar,0,31,90,0,121,0,5,239,0,244,0,36,329,0,365,118,0,118,483
12/15/2014,FXE,FL,ASO,ES,Towers with Radar,0,28,106,0,134,0,15,237,0,252,0,43,343,0,386,36,0,36,422
12/16/2014,FXE,FL,ASO,ES,Towers with Radar,0,24,113,0,137,0,12,286,0,298,0,36,399,0,435,46,0,46,481
12/17/2014,FXE,FL,ASO,ES,Towers with Radar,0,19,122,0,141,0,13,249,0,262,0,32,371,0,403,61,0,61,464
12/18/2014,FXE,FL,ASO,ES,Towers with Radar,1,31,115,0,147,0,10,235,0,245,1,41,350,0,392,78,0,78,470
12/19/2014,FXE,FL,ASO,ES,Towers with Radar,0,43,140,0,183,0,16,264,0,280,0,59,404,0,463,68,0,68,531
12/20/2014,FXE,FL,ASO,ES,Towers with Radar,0,26,131,0,157,0,9,197,1,207,0,35,328,1,364,60,0,60,424
12/21/2014,FXE,FL,ASO,ES,Towers with Radar,0,22,93,0,115,0,10,161,0,171,0,32,254,0,286,24,0,24,310
12/22/2014,FXE,FL,ASO,ES,Towers with Radar,0,30,93,1,124,0,14,231,0,245,0,44,324,1,369,70,0,70,439
12/23/2014,FXE,FL,ASO,ES,Towers with Radar,0,29,77,1,107,0,13,225,0,238,0,42,302,1,345,72,0,72,417
12/24/2014,FXE,FL,ASO,ES,Towers with Radar,1,22,43,0,66,0,7,103,0,110,1,29,146,0,176,14,0,14,190
12/25/2014,FXE,FL,ASO,ES,Towers with Radar,0,17,40,0,57,0,1,33,0,34,0,18,73,0,91,4,0,4,95
12/26/2014,FXE,FL,ASO,ES,Towers with Radar,0,48,180,0,228,0,1,59,0,60,0,49,239,0,288,18,0,18,306
12/27/2014,FXE,FL,ASO,ES,Towers with Radar,0,58,131,0,189,0,7,165,0,172,0,65,296,0,361,48,0,48,409
12/28/2014,FXE,FL,ASO,ES,Towers with Radar,0,44,92,0,136,0,8,147,5,160,0,52,239,5,296,56,0,56,352
12/29/2014,FXE,FL,ASO,ES,Towers with Radar,0,40,104,0,144,0,11,185,0,196,0,51,289,0,340,48,0,48,388
12/30/2014,FXE,FL,ASO,ES,Towers with Radar,0,25,109,0,134,0,8,285,0,293,0,33,394,0,427,50,0,50,477
12/31/2014,FXE,FL,ASO,ES,Towers with Radar,0,18,75,0,93,0,7,146,0,153,0,25,221,0,246,94,0,94,340
01/01/2015,FXE,FL,ASO,ES,Towers with Radar,0,21,58,0,79,0,4,59,0,63,0,25,117,0,142,18,0,18,160
01/02/2015,FXE,FL,ASO,ES,Towers with Radar,0,46,141,2,189,0,10,199,0,209,0,56,340,2,398,68,0,68,466
01/03/2015,FXE,FL,ASO,ES,Towers with Radar,0,49,146,0,195,0,4,260,0,264,0,53,406,0,459,68,0,68,527
01/04/2015,FXE,FL,ASO,ES,Towers with Radar,0,47,151,0,198,0,12,180,0,192,0,59,331,0,390,32,0,32,422
01/05/2015,FXE,FL,ASO,ES,Towers with Radar,0,59,134,0,193,0,5,212,0,217,0,64,346,0,410,36,0,36,446
01/06/2015,FXE,FL,ASO,ES,Towers with Radar,0,27,103,8,138,0,6,244,0,250,0,33,347,8,388,66,0,66,454
01/07/2015,FXE,FL,ASO,ES,Towers with Radar,0,24,70,0,94,0,8,223,0,231,0,32,293,0,325,121,0,121,446
01/08/2015,FXE,FL,ASO,ES,Towers with Radar,0,22,70,0,92,1,11,188,0,200,1,33,258,0,292,84,0,84,376
01/09/2015,FXE,FL,ASO,ES,Towers with Radar,0,22,117,0,139,0,7,247,0,254,0,29,364,0,393,109,0,109,502
01/10/2015,FXE,FL,ASO,ES,Towers with Radar,0,24,100,2,126,0,2,244,1,247,0,26,344,3,373,56,0,56,429
01/11/2015,FXE,FL,ASO,ES,Towers with Radar,0,20,97,0,117,0,4,116,0,120,0,24,213,0,237,62,0,62,299
01/12/2015,FXE,FL,ASO,ES,Towers with Radar,0,28,99,2,129,0,2,137,0,139,0,30,236,2,268,46,0,46,314
01/13/2015,FXE,FL,ASO,ES,Towers with Radar,0,19,116,0,135,0,6,123,0,129,0,25,239,0,264,50,0,50,314
01/14/2015,FXE,FL,ASO,ES,Towers with Radar,0,23,138,0,161,0,5,146,0,151,0,28,284,0,312,72,0,72,384
01/15/2015,FXE,FL,ASO,ES,Towers with Radar,0,33,153,0,186,0,7,164,0,171,0,40,317,0,357,82,0,82,439
01/16/2015,FXE,FL,ASO,ES,Towers with Radar,0,43,144,0,187,0,7,161,0,168,0,50,305,0,355,65,0,65,420
01/17/2015,FXE,FL,ASO,ES,Towers with Radar,0,12,112,0,124,0,6,300,1,307,0,18,412,1,431,137,0,137,568
01/18/2015,FXE,FL,ASO,ES,Towers with Radar,0,29,64,0,93,0,5,212,0,217,0,34,276,0,310,30,0,30,340
01/19/2015,FXE,FL,ASO,ES,Towers with Radar,0,32,122,0,154,0,11,252,1,264,0,43,374,1,418,89,0,89,507
01/20/2015,FXE,FL,ASO,ES,Towers with Radar,0,31,107,0,138,0,8,268,1,277,0,39,375,1,415,154,0,154,569
01/21/2015,FXE,FL,ASO,ES,Towers with Radar,0,23,128,8,159,0,3,270,0,273,0,26,398,8,432,84,0,84,516
01/22/2015,FXE,FL,ASO,ES,Towers with Radar,0,32,129,0,161,0,8,283,0,291,0,40,412,0,452,107,0,107,559
01/23/2015,FXE,FL,ASO,ES,Towers with Radar,1,27,117,6,151,0,13,250,0,263,1,40,367,6,414,85,0,85,499
01/24/2015,FXE,FL,ASO,ES,Towers with Radar,0,15,69,0,84,0,3,99,0,102,0,18,168,0,186,51,0,51,237
01/25/2015,FXE,FL,ASO,ES,Towers with Radar,0,40,96,0,136,0,6,233,0,239,0,46,329,0,375,76,0,76,451
01/26/2015,FXE,FL,ASO,ES,Towers with Radar,0,32,84,0,116,0,6,153,0,159,0,38,237,0,275,44,0,44,319
01/27/2015,FXE,FL,ASO,ES,Towers with Radar,0,27,89,0,116,0,7,265,0,272,0,34,354,0,388,58,0,58,446
01/28/2015,FXE,FL,ASO,ES,Towers with Radar,0,39,84,0,123,0,9,250,0,259,0,48,334,0,382,68,0,68,450
01/29/2015,FXE,FL,ASO,ES,Towers with Radar,0,37,139,2,178,0,7,243,0,250,0,44,382,2,428,132,0,132,560
01/30/2015,FXE,FL,ASO,ES,Towers with Radar,1,34,92,0,127,0,16,278,0,294,1,50,370,0,421,42,0,42,463
01/31/2015,FXE,FL,ASO,ES,Towers with Radar,0,21,71,0,92,0,4,517,0,521,0,25,588,0,613,22,0,22,635
02/01/2015,FXE,FL,ASO,ES,Towers with Radar,0,21,77,1,99,0,2,172,1,175,0,23,249,2,274,76,0,76,350
02/02/2015,FXE,FL,ASO,ES,Towers with Radar,0,33,89,0,122,0,4,190,0,194,0,37,279,0,316,70,0,70,386
02/03/2015,FXE,FL,ASO,ES,Towers with Radar,0,24,109,0,133,0,12,270,0,282,0,36,379,0,415,80,0,80,495
02/04/2015,FXE,FL,ASO,ES,Towers with Radar,0,31,103,0,134,0,13,268,0,281,0,44,371,0,415,64,0,64,479
02/05/2015,FXE,FL,ASO,ES,Towers with Radar,0,31,93,0,124,0,9,82,0,91,0,40,175,0,215,46,0,46,261
02/06/2015,FXE,FL,ASO,ES,Towers with Radar,0,36,118,2,156,0,7,274,0,281,0,43,392,2,437,100,0,100,537
02/07/2015,FXE,FL,ASO,ES,Towers with Radar,0,24,118,0,142,0,8,239,0,247,0,32,357,0,389,108,0,108,497
02/08/2015,FXE,FL,ASO,ES,Towers with Radar,0,43,83,0,126,0,4,211,1,216,0,47,294,1,342,65,0,65,407
02/09/2015,FXE,FL,ASO,ES,Towers with Radar,0,36,107,0,143,0,3,135,0,138,0,39,242,0,281,60,0,60,341
02/10/2015,FXE,FL,ASO,ES,Towers with Radar,0,28,123,0,151,0,9,112,0,121,0,37,235,0,272,92,0,92,364
02/11/2015,FXE,FL,ASO,ES,Towers with Radar,0,37,120,0,157,0,9,288,2,299,0,46,408,2,456,102,0,102,558
02/12/2015,FXE,FL,ASO,ES,Towers with Radar,0,39,117,2,158,0,11,345,0,356,0,50,462,2,514,55,0,55,569
02/13/2015,FXE,FL,ASO,ES,Towers with Radar,0,46,152,0,198,0,8,340,0,348,0,54,492,0,546,64,0,64,610
02/14/2015,FXE,FL,ASO,ES,Towers with Radar,1,38,84,0,123,0,9,259,0,268,1,47,343,0,391,106,0,106,497
02/15/2015,FXE,FL,ASO,ES,Towers with Radar,0,29,98,0,127,0,3,235,0,238,0,32,333,0,365,74,0,74,439
02/16/2015,FXE,FL,ASO,ES,Towers with Radar,0,37,133,0,170,0,8,306,0,314,0,45,439,0,484,98,0,98,582
02/17/2015,FXE,FL,ASO,ES,Towers with Radar,0,41,83,0,124,0,10,243,0,253,0,51,326,0,377,52,0,52,429
02/18/2015,FXE,FL,ASO,ES,Towers with Radar,0,26,112,1,139,0,7,140,1,148,0,33,252,2,287,76,0,76,363
02/19/2015,FXE,FL,ASO,ES,Towers with Radar,0,33,91,0,124,0,6,210,0,216,0,39,301,0,340,12,0,12,352
02/20/2015,FXE,FL,ASO,ES,Towers with Radar,0,39,116,0,155,0,9,272,0,281,0,48,388,0,436,74,0,74,510
02/21/2015,FXE,FL,ASO,ES,Towers with Radar,0,16,84,1,101,0,2,253,0,255,0,18,337,1,356,64,0,64,420
02/22/2015,FXE,FL,ASO,ES,Towers with Radar,0,50,126,1,177,0,4,203,0,207,0,54,329,1,384,40,0,40,424
02/23/2015,FXE,FL,ASO,ES,Towers with Radar,0,34,116,0,150,0,7,277,2,286,0,41,393,2,436,116,0,116,552
02/24/2015,FXE,FL,ASO,ES,Towers with Radar,0,40,97,0,137,0,7,337,0,344,0,47,434,0,481,128,0,128,609
02/25/2015,FXE,FL,ASO,ES,Towers with Radar,0,34,126,0,160,0,3,110,0,113,0,37,236,0,273,34,0,34,307
02/26/2015,FXE,FL,ASO,ES,Towers with Radar,0,38,105,0,143,0,9,159,0,168,0,47,264,0,311,34,0,34,345
02/27/2015,FXE,FL,ASO,ES,Towers with Radar,0,43,173,0,216,0,6,81,0,87,0,49,254,0,303,40,0,40,343
02/28/2015,FXE,FL,ASO,ES,Towers with Radar,0,24,97,0,121,0,0,63,0,63,0,24,160,0,184,36,0,36,220
03/01/2015,FXE,FL,ASO,ES,Towers with Radar,0,29,125,0,154,0,6,199,1,206,0,35,324,1,360,72,4,76,436
03/02/2015,FXE,FL,ASO,ES,Towers with Radar,0,44,117,0,161,0,7,312,0,319,0,51,429,0,480,96,0,96,576
03/03/2015,FXE,FL,ASO,ES,Towers with Radar,0,33,99,0,132,0,6,282,0,288,0,39,381,0,420,89,0,89,509
03/04/2015,FXE,FL,ASO,ES,Towers with Radar,0,46,152,0,198,0,8,245,0,253,0,54,397,0,451,124,0,124,575
03/05/2015,FXE,FL,ASO,ES,Towers with Radar,0,36,128,0,164,0,6,250,0,256,0,42,378,0,420,29,0,29,449
03/06/2015,FXE,FL,ASO,ES,Towers with Radar,0,45,136,0,181,0,12,202,3,217,0,57,338,3,398,112,0,112,510
03/07/2015,FXE,FL,ASO,ES,Towers with Radar,0,39,145,0,184,0,0,91,0,91,0,39,236,0,275,37,0,37,312
03/08/2015,FXE,FL,ASO,ES,Towers with Radar,0,40,136,0,176,0,1,140,0,141,0,41,276,0,317,46,0,46,363
03/09/2015,FXE,FL,ASO,ES,Towers with Radar,0,25,121,1,147,0,6,289,1,296,0,31,410,2,443,100,0,100,543
03/10/2015,FXE,FL,ASO,ES,Towers with Radar,0,32,136,0,168,0,11,309,0,320,0,43,445,0,488,64,0,64,552
03/11/2015,FXE,FL,ASO,ES,Towers with Radar,0,29,135,0,164,0,6,272,1,279,0,35,407,1,443,98,0,98,541
03/12/2015,FXE,FL,ASO,ES,Towers with Radar,0,51,156,0,207,0,11,341,0,352,0,62,497,0,559,62,0,62,621
03/13/2015,FXE,FL,ASO,ES,Towers with Radar,0,29,137,0,166,0,15,252,0,267,0,44,389,0,433,90,0,90,523
03/14/2015,FXE,FL,ASO,ES,Towers with Radar,0,28,119,2,149,0,4,278,0,282,0,32,397,2,431,110,0,110,541
03/15/2015,FXE,FL,ASO,ES,Towers with Radar,0,57,128,0,185,0,4,249,0,253,0,61,377,0,438,78,0,78,516
03/16/2015,FXE,FL,ASO,ES,Towers with Radar,0,28,117,0,145,0,10,288,2,300,0,38,405,2,445,90,0,90,535
03/17/2015,FXE,FL,ASO,ES,Towers with Radar,0,21,101,0,122,0,5,278,0,283,0,26,379,0,405,176,0,176,581
03/18/2015,FXE,FL,ASO,ES,Towers with Radar,0,29,96,0,125,0,7,224,0,231,0,36,320,0,356,151,0,151,507
03/19/2015,FXE,FL,ASO,ES,Towers with Radar,1,51,138,0,190,0,9,212,0,221,1,60,350,0,411,28,0,28,439
03/20/2015,FXE,FL,ASO,ES,Towers with Radar,0,43,118,0,161,0,10,275,0,285,0,53,393,0,446,95,0,95,541
03/21/2015,FXE,FL,ASO,ES,Towers with Radar,0,25,108,2,135,0,11,274,0,285,0,36,382,2,420,92,0,92,512
03/22/2015,FXE,FL,ASO,ES,Towers with Radar,0,46,118,1,165,0,9,223,2,234,0,55,341,3,399,46,0,46,445
03/23/2015,FXE,FL,ASO,ES,Towers with Radar,0,32,98,1,131,0,7,240,18,265,0,39,338,19,396,42,0,42,438
03/24/2015,FXE,FL,ASO,ES,Towers with Radar,0,42,113,0,155,0,11,234,22,267,0,53,347,22,422,148,0,148,570
03/25/2015,FXE,FL,ASO,ES,Towers with Radar,1,41,137,2,181,0,6,205,41,252,1,47,342,43,433,102,4,106,539
03/26/2015,FXE,FL,ASO,ES,Towers with Radar,0,44,128,0,172,0,11,232,10,253,0,55,360,10,425,87,0,87,512
03/27/2015,FXE,FL,ASO,ES,Towers with Radar,0,33,109,1,143,0,14,221,1,236,0,47,330,2,379,104,0,104,483
03/28/2015,FXE,FL,ASO,ES,Towers with Radar,1,39,144,1,185,0,8,267,0,275,1,47,411,1,460,110,0,110,570
03/29/2015,FXE,FL,ASO,ES,Towers with Radar,0,31,124,0,155,0,16,234,0,250,0,47,358,0,405,92,0,92,497
03/30/2015,FXE,FL,ASO,ES,Towers with Radar,0,29,129,0,158,0,6,266,0,272,0,35,395,0,430,92,0,92,522
03/31/2015,FXE,FL,ASO,ES,Towers with Radar,0,31,108,0,139,0,11,416,0,427,0,42,524,0,566,146,0,146,712
04/01/2015,FXE,FL,ASO,ES,Towers with Radar,0,29,112,0,141,0,10,312,0,322,0,39,424,0,463,120,0,120,583
04/02/2015,FXE,FL,ASO,ES,Towers with Radar,0,31,150,0,181,0,10,298,1,309,0,41,448,1,490,160,0,160,650
04/03/2015,FXE,FL,ASO,ES,Towers with Radar,0,31,134,1,166,0,23,306,3,332,0,54,440,4,498,80,0,80,578
04/04/2015,FXE,FL,ASO,ES,Towers with Radar,1,35,106,0,142,0,16,285,2,303,1,51,391,2,445,79,0,79,524
04/05/2015,FXE,FL,ASO,ES,Towers with Radar,1,26,94,0,121,0,7,136,0,143,1,33,230,0,264,31,0,31,295
04/06/2015,FXE,FL,ASO,ES,Towers with Radar,0,40,169,0,209,0,7,289,0,296,0,47,458,0,505,146,0,146,651
04/07/2015,FXE,FL,ASO,ES,Towers with Radar,0,41,109,0,150,0,12,259,0,271,0,53,368,0,421,152,0,152,573
04/08/2015,FXE,FL,ASO,ES,Towers with Radar,0,32,117,0,149,0,15,250,1,266,0,47,367,1,415,123,0,123,538
04/09/2015,FXE,FL,ASO,ES,Towers with Radar,0,37,101,0,138,0,10,238,0,248,0,47,339,0,386,69,0,69,455
04/10/2015,FXE,FL,ASO,ES,Towers with Radar,0,40,122,0,162,0,14,265,0,279,0,54,387,0,441,84,0,84,525
04/11/2015,FXE,FL,ASO,ES,Towers with Radar,0,23,94,0,117,0,5,248,1,254,0,28,342,1,371,85,0,85,456
04/12/2015,FXE,FL,ASO,ES,Towers with Radar,0,34,91,0,125,0,10,192,0,202,0,44,283,0,327,68,0,68,395
04/13/2015,FXE,FL,ASO,ES,Towers with Radar,0,40,112,0,152,0,10,240,0,250,0,50,352,0,402,174,0,174,576
04/14/2015,FXE,FL,ASO,ES,Towers with Radar,0,20,110,1,131,0,9,290,0,299,0,29,400,1,430,166,0,166,596
04/15/2015,FXE,FL,ASO,ES,Towers with Radar,0,43,115,0,158,0,11,307,0,318,0,54,422,0,476,126,0,126,602
04/16/2015,FXE,FL,ASO,ES,Towers with Radar,0,29,135,0,164,0,4,294,0,298,0,33,429,0,462,129,0,129,591
04/17/2015,FXE,FL,ASO,ES,Towers with Radar,0,32,117,1,150,0,9,236,0,245,0,41,353,1,395,78,0,78,473
04/18/2015,FXE,FL,ASO,ES,Towers with Radar,0,17,91,0,108,0,5,211,0,216,0,22,302,0,324,88,0,88,412
04/19/2015,FXE,FL,ASO,ES,Towers with Radar,0,24,117,0,141,0,5,202,0,207,0,29,319,0,348,64,0,64,412
04/20/2015,FXE,FL,ASO,ES,Towers with Radar,0,30,94,0,124,0,5,178,0,183,0,35,272,0,307,58,0,58,365
04/21/2015,FXE,FL,ASO,ES,Towers with Radar,0,38,115,0,153,0,5,146,1,152,0,43,261,1,305,50,0,50,355
04/22/2015,FXE,FL,ASO,ES,Towers with Radar,0,25,116,0,141,0,10,235,0,245,0,35,351,0,386,92,0,92,478
04/23/2015,FXE,FL,ASO,ES,Towers with Radar,0,44,114,0,158,0,6,174,0,180,0,50,288,0,338,44,0,44,382
04/24/2015,FXE,FL,ASO,ES,Towers with Radar,0,38,140,2,180,0,12,275,0,287,0,50,415,2,467,31,0,31,498
04/25/2015,FXE,FL,ASO,ES,Towers with Radar,0,11,103,0,114,0,6,257,0,263,0,17,360,0,377,54,0,54,431
04/26/2015,FXE,FL,ASO,ES,Towers with Radar,0,38,106,0,144,0,4,197,0,201,0,42,303,0,345,48,0,48,393
04/27/2015,FXE,FL,ASO,ES,Towers with Radar,0,25,81,2,108,0,8,166,16,190,0,33,247,18,298,52,4,56,354
04/28/2015,FXE,FL,ASO,ES,Towers with Radar,0,35,80,0,115,0,5,141,0,146,0,40,221,0,261,56,0,56,317
04/29/2015,FXE,FL,ASO,ES,Towers with Radar,0,29,86,0,115,0,8,122,2,132,0,37,208,2,247,56,0,56,303
04/30/2015,FXE,FL,ASO,ES,Towers with Radar,0,48,122,2,172,0,7,282,0,289,0,55,404,2,461,114,0,114,575
05/01/2015,FXE,FL,ASO,ES,Towers with Radar,0,35,99,2,136,0,15,335,3,353,0,50,434,5,489,118,0,118,607
05/02/2015,FXE,FL,ASO,ES,Towers with Radar,0,26,77,6,109,0,8,274,3,285,0,34,351,9,394,78,0,78,472
05/03/2015,FXE,FL,ASO,ES,Towers with Radar,0,33,107,0,140,1,7,203,0,211,1,40,310,0,351,56,0,56,407
05/04/2015,FXE,FL,ASO,ES,Towers with Radar,0,27,92,0,119,0,9,176,1,186,0,36,268,1,305,58,0,58,363
05/05/2015,FXE,FL,ASO,ES,Towers with Radar,0,27,73,0,100,0,2,87,1,90,0,29,160,1,190,28,0,28,218
05/06/2015,FXE,FL,ASO,ES,Towers with Radar,0,36,130,0,166,0,11,337,0,348,0,47,467,0,514,116,0,116,630
05/07/2015,FXE,FL,ASO,ES,Towers with Radar,0,35,100,0,135,0,7,273,0,280,0,42,373,0,415,86,0,86,501
05/08/2015,FXE,FL,ASO,ES,Towers with Radar,0,39,117,3,159,0,11,265,1,277,0,50,382,4,436,78,0,78,514
05/09/2015,FXE,FL,ASO,ES,Towers with Radar,0,20,80,0,100,0,4,243,0,247,0,24,323,0,347,62,0,62,409
05/10/2015,FXE,FL,ASO,ES,Towers with Radar,0,15,69,1,85,0,8,199,0,207,0,23,268,1,292,30,0,30,322
05/11/2015,FXE,FL,ASO,ES,Towers with Radar,0,35,116,0,151,0,10,222,0,232,0,45,338,0,383,72,0,72,455
05/12/2015,FXE,FL,ASO,ES,Towers with Radar,0,18,119,0,137,0,7,213,1,221,0,25,332,1,358,52,0,52,410
05/13/2015,FXE,FL,ASO,ES,Towers with Radar,0,39,123,0,162,0,12,283,0,295,0,51,406,0,457,108,0,108,565
05/14/2015,FXE,FL,ASO,ES,Towers with Radar,0,30,118,0,148,0,10,217,0,227,0,40,335,0,375,20,0,20,395
05/15/2015,FXE,FL,ASO,ES,Towers with Radar,0,41,108,0,149,0,8,280,0,288,0,49,388,0,437,72,0,72,509
05/16/2015,FXE,FL,ASO,ES,Towers with Radar,0,22,109,0,131,0,4,175,0,179,0,26,284,0,310,72,0,72,382
05/17/2015,FXE,FL,ASO,ES,Towers with Radar,0,38,106,0,144,0,6,155,0,161,0,44,261,0,305,86,0,86,391
05/18/2015,FXE,FL,ASO,ES,Towers with Radar,0,41,106,0,147,0,4,209,0,213,0,45,315,0,360,58,0,58,418
05/19/2015,FXE,FL,ASO,ES,Towers with Radar,0,22,92,0,114,0,8,257,0,265,0,30,349,0,379,127,0,127,506
05/20/2015,FXE,FL,ASO,ES,Towers with Radar,0,32,119,1,152,0,3,271,0,274,0,35,390,1,426,127,0,127,553
05/21/2015,FXE,FL,ASO,ES,Towers with Radar,0,32,99,1,132,0,7,261,1,269,0,39,360,2,401,102,0,102,503
05/22/2015,FXE,FL,ASO,ES,Towers with Radar,0,43,115,0,158,0,10,297,0,307,0,53,412,0,465,100,0,100,565
05/23/2015,FXE,FL,ASO,ES,Towers with Radar,0,24,91,0,115,0,4,174,0,178,0,28,265,0,293,50,0,50,343
05/24/2015,FXE,FL,ASO,ES,Towers with Radar,1,14,67,0,82,0,1,185,0,186,1,15,252,0,268,54,0,54,322
05/25/2015,FXE,FL,ASO,ES,Towers with Radar,0,37,102,0,139,0,4,179,0,183,0,41,281,0,322,66,0,66,388
05/26/2015,FXE,FL,ASO,ES,Towers with Radar,0,37,106,0,143,0,11,231,0,242,0,48,337,0,385,74,0,74,459
05/27/2015,FXE,FL,ASO,ES,Towers with Radar,0,26,94,0,120,0,7,177,0,184,0,33,271,0,304,22,0,22,326
05/28/2015,FXE,FL,ASO,ES,Towers with Radar,0,46,134,0,180,0,4,134,0,138,0,50,268,0,318,70,0,70,388
05/29/2015,FXE,FL,ASO,ES,Towers with Radar,0,30,164,0,194,0,6,292,0,298,0,36,456,0,492,83,0,83,575
05/30/2015,FXE,FL,ASO,ES,Towers with Radar,0,23,95,2,120,0,4,205,0,209,0,27,300,2,329,36,0,36,365
05/31/2015,FXE,FL,ASO,ES,Towers with Radar,0,21,76,0,97,0,2,190,0,192,0,23,266,0,289,98,0,98,387
06/01/2015,FXE,FL,ASO,ES,Towers with Radar,0,28,124,0,152,0,9,247,1,257,0,37,371,1,409,146,0,146,555
06/02/2015,FXE,FL,ASO,ES,Towers with Radar,0,17,100,0,117,0,8,247,0,255,0,25,347,0,372,108,0,108,480
06/03/2015,FXE,FL,ASO,ES,Towers with Radar,0,30,93,0,123,0,6,194,0,200,0,36,287,0,323,147,0,147,470
06/04/2015,FXE,FL,ASO,ES,Towers with Radar,0,28,142,0,170,0,9,289,0,298,0,37,431,0,468,99,0,99,567
06/05/2015,FXE,FL,ASO,ES,Towers with Radar,1,29,100,2,132,0,7,257,0,264,1,36,357,2,396,98,0,98,494
06/06/2015,FXE,FL,ASO,ES,Towers with Radar,0,23,82,0,105,0,2,175,0,177,0,25,257,0,282,64,0,64,346
06/07/2015,FXE,FL,ASO,ES,Towers with Radar,0,26,95,0,121,0,5,179,3,187,0,31,274,3,308,48,0,48,356
06/08/2015,FXE,FL,ASO,ES,Towers with Radar,1,19,97,0,117,0,4,279,0,283,1,23,376,0,400,166,0,166,566
06/09/2015,FXE,FL,ASO,ES,Towers with Radar,0,31,84,0,115,0,5,178,1,184,0,36,262,1,299,60,0,60,359
06/10/2015,FXE,FL,ASO,ES,Towers with Radar,1,27,83,0,111,0,11,169,0,180,1,38,252,0,291,102,0,102,393
06/11/2015,FXE,FL,ASO,ES,Towers with Radar,0,35,106,2,143,20,9,250,2,281,20,44,356,4,424,118,0,118,542
06/12/2015,FXE,FL,ASO,ES,Towers with Radar,0,34,141,0,175,0,7,276,0,283,0,41,417,0,458,80,0,80,538
06/13/2015,FXE,FL,ASO,ES,Towers with Radar,0,24,85,2,111,0,4,207,0,211,0,28,292,2,322,56,0,56,378
06/14/2015,FXE,FL,ASO,ES,Towers with Radar,0,23,101,0,124,0,7,174,0,181,0,30,275,0,305,86,0,86,391
06/15/2015,FXE,FL,ASO,ES,Towers with Radar,0,29,77,0,106,0,7,198,0,205,0,36,275,0,311,64,0,64,375
06/16/2015,FXE,FL,ASO,ES,Towers with Radar,0,34,99,0,133,0,14,323,0,337,0,48,422,0,470,164,0,164,634
06/17/2015,FXE,FL,ASO,ES,Towers with Radar,0,25,97,0,122,0,8,230,0,238,0,33,327,0,360,89,0,89,449
06/18/2015,FXE,FL,ASO,ES,Towers with Radar,0,30,86,2,118,0,9,262,0,271,0,39,348,2,389,116,0,116,505
06/19/2015,FXE,FL,ASO,ES,Towers with Radar,0,38,88,0,126,0,13,204,0,217,0,51,292,0,343,62,0,62,405
06/20/2015,FXE,FL,ASO,ES,Towers with Radar,0,22,64,2,88,0,2,231,1,234,0,24,295,3,322,51,0,51,373
06/21/2015,FXE,FL,ASO,ES,Towers with Radar,1,24,66,2,93,0,7,168,0,175,1,31,234,2,268,44,0,44,312
06/22/2015,FXE,FL,ASO,ES,Towers with Radar,0,26,113,0,139,0,11,237,0,248,0,37,350,0,387,36,0,36,423
06/23/2015,FXE,FL,ASO,ES,Towers with Radar,0,26,86,0,112,0,4,203,0,207,0,30,289,0,319,54,0,54,373
06/24/2015,FXE,FL,ASO,ES,Towers with Radar,0,29,84,1,114,0,6,223,1,230,0,35,307,2,344,78,0,78,422
06/25/2015,FXE,FL,ASO,ES,Towers with Radar,0,29,116,0,145,0,3,223,0,226,0,32,339,0,371,80,0,80,451
06/26/2015,FXE,FL,ASO,ES,Towers with Radar,0,34,106,0,140,0,10,259,0,269,0,44,365,0,409,84,0,84,493
06/27/2015,FXE,FL,ASO,ES,Towers with Radar,0,27,72,0,99,0,3,199,0,202,0,30,271,0,301,32,0,32,333
06/28/2015,FXE,FL,ASO,ES,Towers with Radar,0,20,83,0,103,0,4,135,0,139,0,24,218,0,242,28,0,28,270
06/29/2015,FXE,FL,ASO,ES,Towers with Radar,0,16,82,0,98,0,7,198,0,205,0,23,280,0,303,100,0,100,403
06/30/2015,FXE,FL,ASO,ES,Towers with Radar,0,26,114,0,140,0,6,247,0,253,0,32,361,0,393,52,0,52,445
07/01/2015,FXE,FL,ASO,ES,Towers with Radar,0,35,83,0,118,0,4,237,0,241,0,39,320,0,359,96,0,96,455
07/02/2015,FXE,FL,ASO,ES,Towers with Radar,0,39,129,2,170,0,8,223,0,231,0,47,352,2,401,68,0,68,469
07/03/2015,FXE,FL,ASO,ES,Towers with Radar,0,19,89,0,108,0,9,428,2,439,0,28,517,2,547,101,0,101,648
07/04/2015,FXE,FL,ASO,ES,Towers with Radar,0,17,52,0,69,0,1,102,0,103,0,18,154,0,172,40,0,40,212
07/05/2015,FXE,FL,ASO,ES,Towers with Radar,0,28,83,0,111,0,6,175,0,181,0,34,258,0,292,80,0,80,372
07/06/2015,FXE,FL,ASO,ES,Towers with Radar,0,32,74,0,106,0,7,198,0,205,0,39,272,0,311,64,0,64,375
07/07/2015,FXE,FL,ASO,ES,Towers with Radar,0,24,103,0,127,0,7,216,1,224,0,31,319,1,351,84,0,84,435
07/08/2015,FXE,FL,ASO,ES,Towers with Radar,0,25,96,2,123,0,5,237,2,244,0,30,333,4,367,46,0,46,413
07/09/2015,FXE,FL,ASO,ES,Towers with Radar,1,30,90,0,121,0,3,226,0,229,1,33,316,0,350,110,0,110,460
07/10/2015,FXE,FL,ASO,ES,Towers with Radar,0,40,119,0,159,10,5,247,0,262,10,45,366,0,421,38,0,38,459
07/11/2015,FXE,FL,ASO,ES,Towers with Radar,0,19,83,0,102,0,9,243,0,252,0,28,326,0,354,60,0,60,414
07/12/2015,FXE,FL,ASO,ES,Towers with Radar,0,21,100,0,121,0,4,221,0,225,0,25,321,0,346,52,0,52,398
07/13/2015,FXE,FL,ASO,ES,Towers with Radar,0,36,91,0,127,0,8,241,0,249,0,44,332,0,376,100,0,100,476
07/14/2015,FXE,FL,ASO,ES,Towers with Radar,0,16,84,0,100,0,7,216,0,223,0,23,300,0,323,60,0,60,383
07/15/2015,FXE,FL,ASO,ES,Towers with Radar,0,30,69,0,99,0,9,217,0,226,0,39,286,0,325,45,0,45,370
07/16/2015,FXE,FL,ASO,ES,Towers with Radar,0,39,84,0,123,0,3,152,0,155,0,42,236,0,278,62,0,62,340
07/17/2015,FXE,FL,ASO,ES,Towers with Radar,0,31,87,1,119,0,4,259,0,263,0,35,346,1,382,138,0,138,520
07/18/2015,FXE,FL,ASO,ES,Towers with Radar,0,28,91,0,119,0,5,197,0,202,0,33,288,0,321,66,0,66,387
07/19/2015,FXE,FL,ASO,ES,Towers with Radar,0,25,89,0,114,0,3,186,0,189,0,28,275,0,303,30,0,30,333
07/20/2015,FXE,FL,ASO,ES,Towers with Radar,0,25,62,0,87,0,6,264,0,270,0,31,326,0,357,74,0,74,431
07/21/2015,FXE,FL,ASO,ES,Towers with Radar,0,19,74,2,95,0,5,243,0,248,0,24,317,2,343,96,0,96,439
07/22/2015,FXE,FL,ASO,ES,Towers with Radar,0,27,73,0,100,0,5,255,0,260,0,32,328,0,360,118,0,118,478
07/23/2015,FXE,FL,ASO,ES,Towers with Radar,0,37,84,0,121,0,5,231,0,236,0,42,315,0,357,117,0,117,474
07/24/2015,FXE,FL,ASO,ES,Towers with Radar,0,29,74,0,103,0,10,220,0,230,0,39,294,0,333,110,0,110,443
07/25/2015,FXE,FL,ASO,ES,Towers with Radar,0,17,62,0,79,0,4,186,0,190,0,21,248,0,269,72,0,72,341
07/26/2015,FXE,FL,ASO,ES,Towers with Radar,0,21,67,0,88,0,1,114,1,116,0,22,181,1,204,76,0,76,280
07/27/2015,FXE,FL,ASO,ES,Towers with Radar,0,35,64,0,99,0,2,201,0,203,0,37,265,0,302,132,0,132,434
07/28/2015,FXE,FL,ASO,ES,Towers with Radar,0,26,77,0,103,0,8,251,0,259,0,34,328,0,362,140,0,140,502
07/29/2015,FXE,FL,ASO,ES,Towers with Radar,0,18,85,0,103,0,3,279,1,283,0,21,364,1,386,176,0,176,562
07/30/2015,FXE,FL,ASO,ES,Towers with Radar,0,35,66,0,101,0,5,264,1,270,0,40,330,1,371,148,0,148,519
07/31/2015,FXE,FL,ASO,ES,Towers with Radar,0,29,81,1,111,0,12,233,0,245,0,41,314,1,356,60,0,60,416
08/01/2015,FXE,FL,ASO,ES,Towers with Radar,0,21,64,0,85,0,2,203,0,205,0,23,267,0,290,46,0,46,336
08/02/2015,FXE,FL,ASO,ES,Towers with Radar,0,37,72,2,111,0,3,138,0,141,0,40,210,2,252,12,0,12,264
08/03/2015,FXE,FL,ASO,ES,Towers with Radar,0,26,70,0,96,0,8,190,0,198,0,34,260,0,294,102,0,102,396
08/04/2015,FXE,FL,ASO,ES,Towers with Radar,0,33,77,0,110,0,9,264,0,273,0,42,341,0,383,128,0,128,511
08/05/2015,FXE,FL,ASO,ES,Towers with Radar,0,19,108,0,127,0,5,233,0,238,0,24,341,0,365,112,0,112,477
08/06/2015,FXE,FL,ASO,ES,Towers with Radar,0,30,94,0,124,0,5,261,0,266,0,35,355,0,390,93,0,93,483
08/07/2015,FXE,FL,ASO,ES,Towers with Radar,0,28,103,0,131,0,10,255,0,265,0,38,358,0,396,78,0,78,474
08/08/2015,FXE,FL,ASO,ES,Towers with Radar,0,19,60,0,79,0,6,214,0,220,0,25,274,0,299,80,0,80,379
08/09/2015,FXE,FL,ASO,ES,Towers with Radar,0,24,77,0,101,0,5,164,0,169,0,29,241,0,270,40,0,40,310
08/10/2015,FXE,FL,ASO,ES,Towers with Radar,0,21,76,0,97,0,4,207,0,211,0,25,283,0,308,148,0,148,456
08/11/2015,FXE,FL,ASO,ES,Towers with Radar,0,19,64,0,83,0,10,196,0,206,0,29,260,0,289,166,0,166,455
08/12/2015,FXE,FL,ASO,ES,Towers with Radar,1,28,89,0,118,0,4,301,0,305,1,32,390,0,423,189,0,189,612
08/13/2015,FXE,FL,ASO,ES,Towers with Radar,0,25,80,0,105,0,5,195,0,200,0,30,275,0,305,124,0,124,429
08/14/2015,FXE,FL,ASO,ES,Towers with Radar,0,29,87,0,116,0,8,265,0,273,0,37,352,0,389,150,0,150,539
08/15/2015,FXE,FL,ASO,ES,Towers with Radar,0,26,58,0,84,0,4,123,0,127,0,30,181,0,211,100,0,100,311
08/16/2015,FXE,FL,ASO,ES,Towers with Radar,0,21,71,0,92,0,2,183,0,185,0,23,254,0,277,88,0,88,365
08/17/2015,FXE,FL,ASO,ES,Towers with Radar,0,24,89,0,113,0,12,216,0,228,0,36,305,0,341,88,0,88,429
08/18/2015,FXE,FL,ASO,ES,Towers with Radar,0,26,104,0,130,0,9,265,0,274,0,35,369,0,404,88,0,88,492
08/19/2015,FXE,FL,ASO,ES,Towers with Radar,0,34,80,0,114,0,10,292,0,302,0,44,372,0,416,161,0,161,577
08/20/2015,FXE,FL,ASO,ES,Towers with Radar,0,29,114,0,143,0,9,231,0,240,0,38,345,0,383,131,0,131,514
08/21/2015,FXE,FL,ASO,ES,Towers with Radar,0,21,92,2,115,0,7,289,0,296,0,28,381,2,411,76,0,76,487
08/22/2015,FXE,FL,ASO,ES,Towers with Radar,0,15,78,0,93,0,5,229,0,234,0,20,307,0,327,89,0,89,416
08/23/2015,FXE,FL,ASO,ES,Towers with Radar,0,24,77,0,101,0,7,159,0,166,0,31,236,0,267,18,0,18,285
08/24/2015,FXE,FL,ASO,ES,Towers with Radar,0,27,86,0,113,0,2,219,0,221,0,29,305,0,334,134,0,134,468
08/25/2015,FXE,FL,ASO,ES,Towers with Radar,0,16,80,0,96,0,3,265,0,268,0,19,345,0,364,108,0,108,472
08/26/2015,FXE,FL,ASO,ES,Towers with Radar,0,22,66,0,88,0,5,182,0,187,0,27,248,0,275,206,0,206,481
08/27/2015,FXE,FL,ASO,ES,Towers with Radar,0,37,87,0,124,0,9,182,0,191,0,46,269,0,315,54,0,54,369
08/28/2015,FXE,FL,ASO,ES,Towers with Radar,0,16,93,1,110,0,14,311,0,325,0,30,404,1,435,200,0,200,635
08/29/2015,FXE,FL,ASO,ES,Towers with Radar,0,18,78,1,97,0,0,138,0,138,0,18,216,1,235,58,0,58,293
08/30/2015,FXE,FL,ASO,ES,Towers with Radar,0,8,39,0,47,0,4,43,0,47,0,12,82,0,94,30,0,30,124
08/31/2015,FXE,FL,ASO,ES,Towers with Radar,0,9,44,0,53,0,10,174,0,184,0,19,218,0,237,126,0,126,363
09/01/2015,FXE,FL,ASO,ES,Towers with Radar,0,19,93,0,112,0,6,271,0,277,0,25,364,0,389,158,0,158,547
09/02/2015,FXE,FL,ASO,ES,Towers with Radar,0,16,96,0,112,0,5,157,0,162,0,21,253,0,274,98,0,98,372
09/03/2015,FXE,FL,ASO,ES,Towers with Radar,0,30,95,0,125,0,9,255,0,264,0,39,350,0,389,108,0,108,497
09/04/2015,FXE,FL,ASO,ES,Towers with Radar,0,34,101,1,136,0,7,247,0,254,0,41,348,1,390,74,0,74,464
09/05/2015,FXE,FL,ASO,ES,Towers with Radar,0,13,71,0,84,0,3,126,0,129,0,16,197,0,213,70,0,70,283
09/06/2015,FXE,FL,ASO,ES,Towers with Radar,0,4,41,0,45,0,0,99,0,99,0,4,140,0,144,58,0,58,202
09/07/2015,FXE,FL,ASO,ES,Towers with Radar,0,31,77,0,108,0,2,164,0,166,0,33,241,0,274,76,0,76,350
09/08/2015,FXE,FL,ASO,ES,Towers with Radar,0,17,88,0,105,0,4,222,0,226,0,21,310,0,331,126,0,126,457
09/09/2015,FXE,FL,ASO,ES,Towers with Radar,0,21,74,1,96,0,7,202,1,210,0,28,276,2,306,66,0,66,372
09/10/2015,FXE,FL,ASO,ES,Towers with Radar,0,26,83,0,109,0,6,267,0,273,0,32,350,0,382,112,0,112,494
09/11/2015,FXE,FL,ASO,ES,Towers with Radar,0,27,118,0,145,0,6,239,0,245,0,33,357,0,390,60,0,60,450
09/12/2015,FXE,FL,ASO,ES,Towers with Radar,0,10,54,0,64,0,8,134,0,142,0,18,188,0,206,188,0,188,394
09/13/2015,FXE,FL,ASO,ES,Towers with Radar,0,15,65,0,80,0,4,129,0,133,0,19,194,0,213,120,0,120,333
09/14/2015,FXE,FL,ASO,ES,Towers with Radar,0,10,84,2,96,0,2,232,0,234,0,12,316,2,330,96,0,96,426
09/15/2015,FXE,FL,ASO,ES,Towers with Radar,0,21,93,0,114,0,5,169,0,174,0,26,262,0,288,164,0,164,452
09/16/2015,FXE,FL,ASO,ES,Towers with Radar,0,21,64,0,85,0,5,67,0,72,0,26,131,0,157,32,0,32,189
09/17/2015,FXE,FL,ASO,ES,Towers with Radar,0,35,81,0,116,0,6,65,0,71,0,41,146,0,187,20,0,20,207
09/18/2015,FXE,FL,ASO,ES,Towers with Radar,0,32,112,0,144,0,2,208,0,210,0,34,320,0,354,112,0,112,466
09/19/2015,FXE,FL,ASO,ES,Towers with Radar,0,24,71,0,95,0,1,176,0,177,0,25,247,0,272,108,0,108,380
09/20/2015,FXE,FL,ASO,ES,Towers with Radar,0,26,78,0,104,0,2,151,0,153,0,28,229,0,257,66,0,66,323
09/21/2015,FXE,FL,ASO,ES,Towers with Radar,0,27,102,0,129,0,5,176,10,191,0,32,278,10,320,108,16,124,444
09/22/2015,FXE,FL,ASO,ES,Towers with Radar,0,31,82,0,113,0,3,191,0,194,0,34,273,0,307,60,0,60,367
09/23/2015,FXE,FL,ASO,ES,Towers with Radar,0,27,76,1,104,0,10,202,0,212,0,37,278,1,316,134,0,134,450
09/24/2015,FXE,FL,ASO,ES,Towers with Radar,0,36,93,1,130,0,4,230,1,235,0,40,323,2,365,178,0,178,543
09/25/2015,FXE,FL,ASO,ES,Towers with Radar,0,24,112,0,136,0,6,239,0,245,0,30,351,0,381,168,0,168,549
09/26/2015,FXE,FL,ASO,ES,Towers with Radar,0,28,60,0,88,0,5,186,0,191,0,33,246,0,279,106,0,106,385
09/27/2015,FXE,FL,ASO,ES,Towers with Radar,0,27,73,0,100,0,3,132,0,135,0,30,205,0,235,118,0,118,353
09/28/2015,FXE,FL,ASO,ES,Towers with Radar,0,21,79,0,100,0,2,216,1,219,0,23,295,1,319,126,0,126,445
09/29/2015,FXE,FL,ASO,ES,Towers with Radar,0,19,66,0,85,0,2,209,0,211,0,21,275,0,296,134,0,134,430
09/30/2015,FXE,FL,ASO,ES,Towers with Radar,0,19,77,3,99,0,8,274,0,282,0,27,351,3,381,158,0,158,539
10/01/2015,FXE,FL,ASO,ES,Towers with Radar,0,35,72,0,107,0,6,214,0,220,0,41,286,0,327,100,0,100,427
10/02/2015,FXE,FL,ASO,ES,Towers with Radar,0,26,87,0,113,0,1,204,0,205,0,27,291,0,318,93,0,93,411
10/03/2015,FXE,FL,ASO,ES,Towers with Radar,0,26,81,0,107,0,5,190,11,206,0,31,271,11,313,79,0,79,392
10/04/2015,FXE,FL,ASO,ES,Towers with Radar,0,21,70,0,91,0,2,168,0,170,0,23,238,0,261,90,0,90,351
10/05/2015,FXE,FL,ASO,ES,Towers with Radar,0,20,96,0,116,0,5,163,0,168,0,25,259,0,284,106,0,106,390
10/06/2015,FXE,FL,ASO,ES,Towers with Radar,0,25,86,0,111,0,10,200,0,210,0,35,286,0,321,114,0,114,435
10/07/2015,FXE,FL,ASO,ES,Towers with Radar,0,28,111,0,139,0,7,203,0,210,0,35,314,0,349,82,0,82,431
10/08/2015,FXE,FL,ASO,ES,Towers with Radar,0,41,112,0,153,0,7,221,0,228,0,48,333,0,381,139,0,139,520
10/09/2015,FXE,FL,ASO,ES,Towers with Radar,0,26,114,0,140,0,6,251,0,257,0,32,365,0,397,74,0,74,471
10/10/2015,FXE,FL,ASO,ES,Towers with Radar,0,18,71,0,89,0,2,154,0,156,0,20,225,0,245,66,0,66,311
10/11/2015,FXE,FL,ASO,ES,Towers with Radar,0,18,93,0,111,0,1,198,0,199,0,19,291,0,310,78,0,78,388
10/12/2015,FXE,FL,ASO,ES,Towers with Radar,0,30,88,0,118,0,2,207,1,210,0,32,295,1,328,92,0,92,420
10/13/2015,FXE,FL,ASO,ES,Towers with Radar,0,19,86,0,105,0,7,217,0,224,0,26,303,0,329,140,0,140,469
10/14/2015,FXE,FL,ASO,ES,Towers with Radar,0,31,106,0,137,0,8,297,1,306,0,39,403,1,443,173,0,173,616
10/15/2015,FXE,FL,ASO,ES,Towers with Radar,0,33,115,0,148,0,2,267,0,269,0,35,382,0,417,120,0,120,537
10/16/2015,FXE,FL,ASO,ES,Towers with Radar,0,35,93,0,128,0,5,170,0,175,0,40,263,0,303,80,0,80,383
10/17/2015,FXE,FL,ASO,ES,Towers with Radar,0,28,69,0,97,0,3,156,0,159,0,31,225,0,256,99,0,99,355
10/18/2015,FXE,FL,ASO,ES,Towers with Radar,0,27,89,0,116,0,1,147,0,148,0,28,236,0,264,66,0,66,330
10/19/2015,FXE,FL,ASO,ES,Towers with Radar,0,23,95,0,118,0,4,115,0,119,0,27,210,0,237,46,0,46,283
10/20/2015,FXE,FL,ASO,ES,Towers with Radar,0,18,87,0,105,0,6,189,1,196,0,24,276,1,301,70,0,70,371
10/21/2015,FXE,FL,ASO,ES,Towers with Radar,0,29,92,0,121,0,5,226,0,231,0,34,318,0,352,88,0,88,440
10/22/2015,FXE,FL,ASO,ES,Towers with Radar,0,39,106,0,145,0,9,237,0,246,0,48,343,0,391,94,0,94,485
10/23/2015,FXE,FL,ASO,ES,Towers with Radar,0,34,132,1,167,0,13,306,0,319,0,47,438,1,486,134,0,134,620
10/24/2015,FXE,FL,ASO,ES,Towers with Radar,0,18,86,0,104,0,2,161,0,163,0,20,247,0,267,50,0,50,317
10/25/2015,FXE,FL,ASO,ES,Towers with Radar,0,21,81,0,102,0,3,128,0,131,0,24,209,0,233,90,0,90,323
10/26/2015,FXE,FL,ASO,ES,Towers with Radar,0,22,100,0,122,0,8,217,1,226,0,30,317,1,348,100,0,100,448
10/27/2015,FXE,FL,ASO,ES,Towers with Radar,0,22,93,0,115,0,5,215,0,220,0,27,308,0,335,140,0,140,475
10/28/2015,FXE,FL,ASO,ES,Towers with Radar,0,28,87,0,115,0,7,168,0,175,0,35,255,0,290,102,0,102,392
10/29/2015,FXE,FL,ASO,ES,Towers with Radar,0,45,127,1,173,0,6,195,1,202,0,51,322,2,375,74,0,74,449
10/30/2015,FXE,FL,ASO,ES,Towers with Radar,0,25,107,0,132,0,9,255,0,264,0,34,362,0,396,168,0,168,564
10/31/2015,FXE,FL,ASO,ES,Towers with Radar,0,19,74,0,93,0,6,188,2,196,0,25,262,2,289,56,0,56,345
11/01/2015,FXE,FL,ASO,ES,Towers with Radar,0,28,90,0,118,0,4,136,0,140,0,32,226,0,258,60,0,60,318
11/02/2015,FXE,FL,ASO,ES,Towers with Radar,0,25,86,0,111,0,6,171,0,177,0,31,257,0,288,106,0,106,394
11/03/2015,FXE,FL,ASO,ES,Towers with Radar,0,31,101,0,132,0,11,210,0,221,0,42,311,0,353,100,0,100,453
11/04/2015,FXE,FL,ASO,ES,Towers with Radar,0,37,145,0,182,0,3,250,0,253,0,40,395,0,435,128,0,128,563
11/05/2015,FXE,FL,ASO,ES,Towers with Radar,0,47,142,0,189,0,11,297,0,308,0,58,439,0,497,160,0,160,657
11/06/2015,FXE,FL,ASO,ES,Towers with Radar,0,52,126,0,178,0,9,254,0,263,0,61,380,0,441,118,0,118,559
11/07/2015,FXE,FL,ASO,ES,Towers with Radar,0,25,97,0,122,0,0,222,0,222,0,25,319,0,344,116,0,116,460
11/08/2015,FXE,FL,ASO,ES,Towers with Radar,0,36,119,0,155,0,4,157,0,161,0,40,276,0,316,88,0,88,404
11/09/2015,FXE,FL,ASO,ES,Towers with Radar,0,32,115,0,147,0,5,210,0,215,0,37,325,0,362,125,0,125,487
11/10/2015,FXE,FL,ASO,ES,Towers with Radar,0,36,107,0,143,0,13,249,0,262,0,49,356,0,405,100,0,100,505
11/11/2015,FXE,FL,ASO,ES,Towers with Radar,0,33,128,0,161,0,12,293,0,305,0,45,421,0,466,151,0,151,617
11/12/2015,FXE,FL,ASO,ES,Towers with Radar,1,44,122,1,168,0,11,296,2,309,1,55,418,3,477,124,0,124,601
11/13/2015,FXE,FL,ASO,ES,Towers with Radar,0,31,101,0,132,0,10,213,1,224,0,41,314,1,356,88,0,88,444
11/14/2015,FXE,FL,ASO,ES,Towers with Radar,0,22,78,0,100,0,5,94,0,99,0,27,172,0,199,45,0,45,244
11/15/2015,FXE,FL,ASO,ES,Towers with Radar,0,38,93,0,131,0,4,116,0,120,0,42,209,0,251,42,0,42,293
11/16/2015,FXE,FL,ASO,ES,Towers with Radar,1,32,97,1,131,0,5,191,0,196,1,37,288,1,327,108,0,108,435
11/17/2015,FXE,FL,ASO,ES,Towers with Radar,0,23,111,0,134,0,9,198,0,207,0,32,309,0,341,110,0,110,451
11/18/2015,FXE,FL,ASO,ES,Towers with Radar,0,26,82,0,108,0,7,173,0,180,0,33,255,0,288,124,0,124,412
11/19/2015,FXE,FL,ASO,ES,Towers with Radar,0,26,108,0,134,0,5,213,1,219,0,31,321,1,353,137,0,137,490
11/20/2015,FXE,FL,ASO,ES,Towers with Radar,0,47,134,0,181,0,15,211,0,226,0,62,345,0,407,83,0,83,490
11/21/2015,FXE,FL,ASO,ES,Towers with Radar,0,32,98,0,130,0,5,134,1,140,0,37,232,1,270,40,0,40,310
11/22/2015,FXE,FL,ASO,ES,Towers with Radar,0,27,74,1,102,0,3,111,0,114,0,30,185,1,216,92,0,92,308
11/23/2015,FXE,FL,ASO,ES,Towers with Radar,0,19,100,0,119,0,12,237,2,251,0,31,337,2,370,98,0,98,468
11/24/2015,FXE,FL,ASO,ES,Towers with Radar,0,32,116,0,148,0,10,280,1,291,0,42,396,1,439,84,0,84,523
11/25/2015,FXE,FL,ASO,ES,Towers with Radar,0,40,124,0,164,0,4,181,0,185,0,44,305,0,349,47,0,47,396
11/26/2015,FXE,FL,ASO,ES,Towers with Radar,0,15,36,0,51,0,2,65,0,67,0,17,101,0,118,14,0,14,132
11/27/2015,FXE,FL,ASO,ES,Towers with Radar,0,21,81,0,102,0,12,178,0,190,0,33,259,0,292,66,0,66,358
11/28/2015,FXE,FL,ASO,ES,Towers with Radar,0,26,92,0,118,0,3,190,0,193,0,29,282,0,311,90,0,90,401
11/29/2015,FXE,FL,ASO,ES,Towers with Radar,0,51,148,0,199,0,2,183,0,185,0,53,331,0,384,58,0,58,442
11/30/2015,FXE,FL,ASO,ES,Towers with Radar,1,36,111,0,148,12,10,188,0,210,13,46,299,0,358,124,0,124,482
12/01/2015,FXE,FL,ASO,ES,Towers with Radar,0,39,128,0,167,0,7,186,0,193,0,46,314,0,360,76,0,76,436
12/02/2015,FXE,FL,ASO,ES,Towers with Radar,0,26,99,0,125,0,8,190,0,198,0,34,289,0,323,104,0,104,427
12/03/2015,FXE,FL,ASO,ES,Towers with Radar,0,44,108,0,152,0,6,136,0,142,0,50,244,0,294,66,0,66,360
12/04/2015,FXE,FL,ASO,ES,Towers with Radar,0,31,104,0,135,0,10,44,0,54,0,41,148,0,189,28,0,28,217
12/05/2015,FXE,FL,ASO,ES,Towers with Radar,0,21,83,0,104,0,2,45,0,47,0,23,128,0,151,32,0,32,183
12/06/2015,FXE,FL,ASO,ES,Towers with Radar,0,24,84,0,108,0,3,144,0,147,0,27,228,0,255,110,0,110,365
12/07/2015,FXE,FL,ASO,ES,Towers with Radar,0,28,128,0,156,0,17,114,0,131,0,45,242,0,287,128,0,128,415
12/08/2015,FXE,FL,ASO,ES,Towers with Radar,0,38,134,0,172,0,5,91,0,96,0,43,225,0,268,24,0,24,292
12/09/2015,FXE,FL,ASO,ES,Towers with Radar,0,29,129,0,158,0,12,212,0,224,0,41,341,0,382,80,0,80,462
12/10/2015,FXE,FL,ASO,ES,Towers with Radar,0,35,125,0,160,0,9,273,0,282,0,44,398,0,442,113,0,113,555
12/11/2015,FXE,FL,ASO,ES,Towers with Radar,0,23,113,0,136,0,16,316,0,332,0,39,429,0,468,122,0,122,590
12/12/2015,FXE,FL,ASO,ES,Towers with Radar,0,32,104,0,136,0,7,277,1,285,0,39,381,1,421,80,0,80,501
12/13/2015,FXE,FL,ASO,ES,Towers with Radar,0,29,124,0,153,0,6,103,0,109,0,35,227,0,262,42,0,42,304
12/14/2015,FXE,FL,ASO,ES,Towers with Radar,0,23,105,0,128,0,12,157,0,169,0,35,262,0,297,116,0,116,413
12/15/2015,FXE,FL,ASO,ES,Towers with Radar,0,22,94,3,119,0,6,255,0,261,0,28,349,3,380,132,0,132,512
12/16/2015,FXE,FL,ASO,ES,Towers with Radar,0,28,96,1,125,0,8,230,0,238,0,36,326,1,363,141,0,141,504
12/17/2015,FXE,FL,ASO,ES,Towers with Radar,0,33,122,0,155,0,7,237,0,244,0,40,359,0,399,142,0,142,541
12/18/2015,FXE,FL,ASO,ES,Towers with Radar,0,32,123,0,155,0,15,167,0,182,0,47,290,0,337,104,0,104,441
12/19/2015,FXE,FL,ASO,ES,Towers with Radar,0,20,124,0,144,0,3,162,0,165,0,23,286,0,309,54,0,54,363
12/20/2015,FXE,FL,ASO,ES,Towers with Radar,0,29,118,0,147,0,4,128,0,132,0,33,246,0,279,38,0,38,317
12/21/2015,FXE,FL,ASO,ES,Towers with Radar,0,20,96,0,116,0,7,191,0,198,0,27,287,0,314,106,0,106,420
12/22/2015,FXE,FL,ASO,ES,Towers with Radar,0,26,99,1,126,0,11,177,0,188,0,37,276,1,314,88,0,88,402
12/23/2015,FXE,FL,ASO,ES,Towers with Radar,0,32,106,0,138,0,12,249,0,261,0,44,355,0,399,95,0,95,494
12/24/2015,FXE,FL,ASO,ES,Towers with Radar,0,22,78,0,100,0,9,117,2,128,0,31,195,2,228,108,6,114,342
12/25/2015,FXE,FL,ASO,ES,Towers with Radar,0,19,43,0,62,0,1,71,0,72,0,20,114,0,134,56,0,56,190
12/26/2015,FXE,FL,ASO,ES,Towers with Radar,0,51,136,0,187,0,1,174,0,175,0,52,310,0,362,92,0,92,454
12/27/2015,FXE,FL,ASO,ES,Towers with Radar,0,50,141,0,191,0,4,158,0,162,0,54,299,0,353,50,0,50,403
12/28/2015,FXE,FL,ASO,ES,Towers with Radar,0,44,122,0,166,0,5,160,0,165,0,49,282,0,331,76,0,76,407
12/29/2015,FXE,FL,ASO,ES,Towers with Radar,0,28,86,2,116,0,4,206,2,212,0,32,292,4,328,66,0,66,394
12/30/2015,FXE,FL,ASO,ES,Towers with Radar,0,23,118,0,141,0,0,170,0,170,0,23,288,0,311,44,0,44,355
12/31/2015,FXE,FL,ASO,ES,Towers with Radar,0,17,87,0,104,0,10,130,0,140,0,27,217,0,244,95,0,95,339
01/01/2016,FXE,FL,ASO,ES,Towers with Radar,0,31,57,0,88,0,4,110,0,114,0,35,167,0,202,38,0,38,240
01/02/2016,FXE,FL,ASO,ES,Towers with Radar,0,49,134,1,184,0,4,175,0,179,0,53,309,1,363,38,0,38,401
01/03/2016,FXE,FL,ASO,ES,Towers with Radar,0,44,162,0,206,0,8,171,0,179,0,52,333,0,385,38,0,38,423
01/04/2016,FXE,FL,ASO,ES,Towers with Radar,0,53,110,0,163,0,10,172,0,182,0,63,282,0,345,54,0,54,399
01/05/2016,FXE,FL,ASO,ES,Towers with Radar,0,47,78,0,125,0,8,95,1,104,0,55,173,1,229,44,0,44,273
01/06/2016,FXE,FL,ASO,ES,Towers with Radar,0,19,107,0,126,0,4,67,0,71,0,23,174,0,197,14,0,14,211
01/07/2016,FXE,FL,ASO,ES,Towers with Radar,0,22,121,0,143,0,1,212,0,213,0,23,333,0,356,126,0,126,482
01/08/2016,FXE,FL,ASO,ES,Towers with Radar,0,37,93,0,130,0,9,218,0,227,0,46,311,0,357,156,0,156,513
01/09/2016,FXE,FL,ASO,ES,Towers with Radar,0,19,122,1,142,0,3,245,0,248,0,22,367,1,390,94,0,94,484
01/10/2016,FXE,FL,ASO,ES,Towers with Radar,0,18,108,1,127,0,2,147,0,149,0,20,255,1,276,104,0,104,380
01/11/2016,FXE,FL,ASO,ES,Towers with Radar,0,25,87,1,113,0,3,195,0,198,0,28,282,1,311,83,0,83,394
01/12/2016,FXE,FL,ASO,ES,Towers with Radar,0,32,108,0,140,0,6,128,0,134,0,38,236,0,274,76,0,76,350
01/13/2016,FXE,FL,ASO,ES,Towers with Radar,2,23,115,1,141,0,10,249,0,259,2,33,364,1,400,81,0,81,481
01/14/2016,FXE,FL,ASO,ES,Towers with Radar,0,49,120,0,169,0,10,177,0,187,0,59,297,0,356,94,0,94,450
01/15/2016,FXE,FL,ASO,ES,Towers with Radar,0,41,108,0,149,0,5,28,0,33,0,46,136,0,182,6,0,6,188
01/16/2016,FXE,FL,ASO,ES,Towers with Radar,0,26,137,0,163,0,2,300,1,303,0,28,437,1,466,22,0,22,488
01/17/2016,FXE,FL,ASO,ES,Towers with Radar,0,25,71,1,97,0,1,86,0,87,0,26,157,1,184,22,0,22,206
01/18/2016,FXE,FL,ASO,ES,Towers with Radar,0,34,95,0,129,0,6,210,0,216,0,40,305,0,345,46,0,46,391
01/19/2016,FXE,FL,ASO,ES,Towers with Radar,0,32,94,0,126,0,5,220,2,227,0,37,314,2,353,136,0,136,489
01/20/2016,FXE,FL,ASO,ES,Towers with Radar,0,47,131,0,178,0,4,244,0,248,0,51,375,0,426,97,0,97,523
01/21/2016,FXE,FL,ASO,ES,Towers with Radar,0,36,120,1,157,0,5,284,1,290,0,41,404,2,447,140,6,146,593
01/22/2016,FXE,FL,ASO,ES,Towers with Radar,0,29,63,0,92,0,1,27,0,28,0,30,90,0,120,0,0,0,120
01/23/2016,FXE,FL,ASO,ES,Towers with Radar,0,20,67,0,87,0,6,95,3,104,0,26,162,3,191,10,2,12,203
01/24/2016,FXE,FL,ASO,ES,Towers with Radar,1,37,108,0,146,0,2,233,0,235,1,39,341,0,381,64,0,64,445
01/25/2016,FXE,FL,ASO,ES,Towers with Radar,0,41,118,0,159,0,13,224,1,238,0,54,342,1,397,116,0,116,513
01/26/2016,FXE,FL,ASO,ES,Towers with Radar,0,25,106,0,131,0,6,240,0,246,0,31,346,0,377,58,0,58,435
01/27/2016,FXE,FL,ASO,ES,Towers with Radar,0,36,86,0,122,0,7,16,0,23,0,43,102,0,145,0,0,0,145
01/28/2016,FXE,FL,ASO,ES,Towers with Radar,0,45,103,0,148,0,3,42,0,45,0,48,145,0,193,30,0,30,223
01/29/2016,FXE,FL,ASO,ES,Towers with Radar,0,30,120,0,150,0,7,310,2,319,0,37,430,2,469,106,0,106,575
01/30/2016,FXE,FL,ASO,ES,Towers with Radar,0,14,87,0,101,0,5,450,0,455,0,19,537,0,556,20,0,20,576
01/31/2016,FXE,FL,ASO,ES,Towers with Radar,0,30,112,1,143,0,0,188,2,190,0,30,300,3,333,68,0,68,401
02/01/2016,FXE,FL,ASO,ES,Towers with Radar,0,16,99,0,115,0,2,62,16,80,0,18,161,16,195,62,0,62,257
02/02/2016,FXE,FL,ASO,ES,Towers with Radar,0,24,96,3,123,0,8,203,1,212,0,32,299,4,335,66,0,66,401
02/03/2016,FXE,FL,ASO,ES,Towers with Radar,0,20,109,0,129,0,2,205,0,207,0,22,314,0,336,65,0,65,401
02/04/2016,FXE,FL,ASO,ES,Towers with Radar,0,40,111,0,151,0,7,210,0,217,0,47,321,0,368,46,0,46,414
02/05/2016,FXE,FL,ASO,ES,Towers with Radar,0,37,139,0,176,0,11,139,0,150,0,48,278,0,326,48,0,48,374
02/06/2016,FXE,FL,ASO,ES,Towers with Radar,0,24,95,0,119,0,3,148,2,153,0,27,243,2,272,110,0,110,382
02/07/2016,FXE,FL,ASO,ES,Towers with Radar,0,22,63,0,85,0,0,101,0,101,0,22,164,0,186,32,0,32,218
02/08/2016,FXE,FL,ASO,ES,Towers with Radar,0,20,111,0,131,0,7,223,20,250,0,27,334,20,381,138,16,154,535
02/09/2016,FXE,FL,ASO,ES,Towers with Radar,0,35,88,0,123,0,6,144,0,150,0,41,232,0,273,66,0,66,339
02/10/2016,FXE,FL,ASO,ES,Towers with Radar,0,44,134,0,178,0,4,178,0,182,0,48,312,0,360,123,0,123,483
02/11/2016,FXE,FL,ASO,ES,Towers with Radar,0,41,140,0,181,0,7,274,0,281,0,48,414,0,462,141,0,141,603
02/12/2016,FXE,FL,ASO,ES,Towers with Radar,1,50,129,0,180,0,10,262,0,272,1,60,391,0,452,82,0,82,534
02/13/2016,FXE,FL,ASO,ES,Towers with Radar,0,21,121,0,142,0,11,233,0,244,0,32,354,0,386,52,0,52,438
02/14/2016,FXE,FL,ASO,ES,Towers with Radar,0,32,91,0,123,0,1,200,0,201,0,33,291,0,324,68,0,68,392
02/15/2016,FXE,FL,ASO,ES,Towers with Radar,0,52,146,0,198,0,4,184,0,188,0,56,330,0,386,66,0,66,452
02/16/2016,FXE,FL,ASO,ES,Towers with Radar,1,33,98,0,132,0,9,126,0,135,1,42,224,0,267,54,0,54,321
02/17/2016,FXE,FL,ASO,ES,Towers with Radar,0,30,132,0,162,15,3,256,1,275,15,33,388,1,437,169,0,169,606
02/18/2016,FXE,FL,ASO,ES,Towers with Radar,0,58,133,0,191,0,5,257,0,262,0,63,390,0,453,100,0,100,553
02/19/2016,FXE,FL,ASO,ES,Towers with Radar,0,38,131,0,169,0,14,275,0,289,0,52,406,0,458,108,0,108,566
02/20/2016,FXE,FL,ASO,ES,Towers with Radar,0,28,109,0,137,0,7,220,0,227,0,35,329,0,364,84,0,84,448
02/21/2016,FXE,FL,ASO,ES,Towers with Radar,0,27,120,0,147,0,13,227,0,240,0,40,347,0,387,112,0,112,499
02/22/2016,FXE,FL,ASO,ES,Towers with Radar,1,25,110,0,136,0,10,225,2,237,1,35,335,2,373,126,0,126,499
02/23/2016,FXE,FL,ASO,ES,Towers with Radar,0,32,106,0,138,0,7,180,0,187,0,39,286,0,325,116,0,116,441
02/24/2016,FXE,FL,ASO,ES,Towers with Radar,0,18,73,0,91,0,6,195,0,201,0,24,268,0,292,60,0,60,352
02/25/2016,FXE,FL,ASO,ES,Towers with Radar,1,42,122,0,165,0,7,262,0,269,1,49,384,0,434,132,0,132,566
02/26/2016,FXE,FL,ASO,ES,Towers with Radar,0,34,120,0,154,0,20,338,0,358,0,54,458,0,512,138,0,138,650
02/27/2016,FXE,FL,ASO,ES,Towers with Radar,0,26,117,0,143,0,6,247,0,253,0,32,364,0,396,155,0,155,551
02/28/2016,FXE,FL,ASO,ES,Towers with Radar,0,34,126,0,160,0,7,259,0,266,0,41,385,0,426,86,0,86,512
02/29/2016,FXE,FL,ASO,ES,Towers with Radar,0,29,114,0,143,0,5,252,0,257,0,34,366,0,400,166,0,166,566
03/01/2016,FXE,FL,ASO,ES,Towers with Radar,0,20,103,0,123,0,12,250,0,262,0,32,353,0,385,200,0,200,585
03/02/2016,FXE,FL,ASO,ES,Towers with Radar,2,42,102,0,146,0,7,264,1,272,2,49,366,1,418,230,10,240,658
03/03/2016,FXE,FL,ASO,ES,Towers with Radar,0,54,111,0,165,0,12,227,0,239,0,66,338,0,404,152,0,152,556
03/04/2016,FXE,FL,ASO,ES,Towers with Radar,0,41,114,0,155,0,9,273,1,283,0,50,387,1,438,154,0,154,592
03/05/2016,FXE,FL,ASO,ES,Towers with Radar,0,36,105,0,141,0,6,239,0,245,0,42,344,0,386,92,0,92,478
03/06/2016,FXE,FL,ASO,ES,Towers with Radar,0,27,83,0,110,0,2,240,0,242,0,29,323,0,352,86,0,86,438
03/07/2016,FXE,FL,ASO,ES,Towers with Radar,0,30,137,0,167,0,5,255,2,262,0,35,392,2,429,92,0,92,521
03/08/2016,FXE,FL,ASO,ES,Towers with Radar,0,30,107,0,137,0,6,231,0,237,0,36,338,0,374,86,0,86,460
03/09/2016,FXE,FL,ASO,ES,Towers with Radar,0,42,98,0,140,0,6,191,0,197,0,48,289,0,337,84,0,84,421
03/10/2016,FXE,FL,ASO,ES,Towers with Radar,0,42,109,0,151,0,9,258,0,267,0,51,367,0,418,130,0,130,548
03/11/2016,FXE,FL,ASO,ES,Towers with Radar,0,37,142,0,179,0,8,304,0,312,0,45,446,0,491,56,0,56,547
03/12/2016,FXE,FL,ASO,ES,Towers with Radar,0,30,99,0,129,0,5,236,0,241,0,35,335,0,370,58,0,58,428
03/13/2016,FXE,FL,ASO,ES,Towers with Radar,0,26,115,0,141,0,0,195,0,195,0,26,310,0,336,128,0,128,464
03/14/2016,FXE,FL,ASO,ES,Towers with Radar,0,31,101,2,134,0,5,218,0,223,0,36,319,2,357,88,0,88,445
03/15/2016,FXE,FL,ASO,ES,Towers with Radar,0,42,114,0,156,0,8,242,0,250,0,50,356,0,406,150,0,150,556
03/16/2016,FXE,FL,ASO,ES,Towers with Radar,0,43,116,0,159,0,6,307,0,313,0,49,423,0,472,124,0,124,596
03/17/2016,FXE,FL,ASO,ES,Towers with Radar,0,50,163,0,213,0,3,291,0,294,0,53,454,0,507,58,0,58,565
03/18/2016,FXE,FL,ASO,ES,Towers with Radar,0,40,122,0,162,0,18,293,0,311,0,58,415,0,473,96,0,96,569
03/19/2016,FXE,FL,ASO,ES,Towers with Radar,0,36,148,0,184,0,3,202,0,205,0,39,350,0,389,39,0,39,428
03/20/2016,FXE,FL,ASO,ES,Towers with Radar,0,39,128,0,167,0,10,157,0,167,0,49,285,0,334,104,0,104,438
03/21/2016,FXE,FL,ASO,ES,Towers with Radar,0,28,112,0,140,0,10,236,0,246,0,38,348,0,386,126,0,126,512
03/22/2016,FXE,FL,ASO,ES,Towers with Radar,0,37,118,0,155,0,8,264,0,272,0,45,382,0,427,124,0,124,551
03/23/2016,FXE,FL,ASO,ES,Towers with Radar,0,42,105,1,148,0,13,249,0,262,0,55,354,1,410,89,0,89,499
03/24/2016,FXE,FL,ASO,ES,Towers with Radar,0,43,135,0,178,0,10,166,0,176,0,53,301,0,354,58,0,58,412
03/25/2016,FXE,FL,ASO,ES,Towers with Radar,0,41,123,0,164,0,13,176,0,189,0,54,299,0,353,152,0,152,505
03/26/2016,FXE,FL,ASO,ES,Towers with Radar,0,34,118,0,152,0,10,117,4,131,0,44,235,4,283,57,0,57,340
03/27/2016,FXE,FL,ASO,ES,Towers with Radar,0,28,120,0,148,0,2,59,0,61,0,30,179,0,209,0,0,0,209
03/28/2016,FXE,FL,ASO,ES,Towers with Radar,0,50,126,2,178,0,9,206,0,215,0,59,332,2,393,116,0,116,509
03/29/2016,FXE,FL,ASO,ES,Towers with Radar,0,41,95,0,136,0,6,193,0,199,0,47,288,0,335,68,0,68,403
03/30/2016,FXE,FL,ASO,ES,Towers with Radar,0,38,111,2,151,0,8,94,0,102,0,46,205,2,253,62,0,62,315
03/31/2016,FXE,FL,ASO,ES,Towers with Radar,0,32,151,0,183,0,4,254,0,258,0,36,405,0,441,82,0,82,523
04/01/2016,FXE,FL,ASO,ES,Towers with Radar,0,45,128,1,174,0,12,241,0,253,0,57,369,1,427,58,0,58,485
04/02/2016,FXE,FL,ASO,ES,Towers with Radar,1,46,107,0,154,0,9,172,0,181,1,55,279,0,335,94,4,98,433
04/03/2016,FXE,FL,ASO,ES,Towers with Radar,0,43,133,0,176,0,4,135,0,139,0,47,268,0,315,108,0,108,423
04/04/2016,FXE,FL,ASO,ES,Towers with Radar,0,35,108,0,143,0,9,198,0,207,0,44,306,0,350,116,0,116,466
04/05/2016,FXE,FL,ASO,ES,Towers with Radar,0,34,92,0,126,0,6,304,1,311,0,40,396,1,437,66,0,66,503
04/06/2016,FXE,FL,ASO,ES,Towers with Radar,0,39,131,1,171,0,9,210,0,219,0,48,341,1,390,74,0,74,464
04/07/2016,FXE,FL,ASO,ES,Towers with Radar,0,43,111,0,154,0,10,284,0,294,0,53,395,0,448,68,0,68,516
04/08/2016,FXE,FL,ASO,ES,Towers with Radar,0,38,105,0,143,0,13,263,0,276,0,51,368,0,419,70,0,70,489
04/09/2016,FXE,FL,ASO,ES,Towers with Radar,0,33,104,0,137,0,10,242,0,252,0,43,346,0,389,14,0,14,403
04/10/2016,FXE,FL,ASO,ES,Towers with Radar,0,32,133,0,165,0,5,221,1,227,0,37,354,1,392,78,0,78,470
04/11/2016,FXE,FL,ASO,ES,Towers with Radar,0,35,126,2,163,0,10,196,0,206,0,45,322,2,369,66,0,66,435
04/12/2016,FXE,FL,ASO,ES,Towers with Radar,0,28,115,0,143,0,4,292,0,296,0,32,407,0,439,168,0,168,607
04/13/2016,FXE,FL,ASO,ES,Towers with Radar,0,44,107,0,151,0,7,244,0,251,0,51,351,0,402,110,0,110,512
04/14/2016,FXE,FL,ASO,ES,Towers with Radar,0,39,143,0,182,0,7,305,0,312,0,46,448,0,494,88,0,88,582
04/15/2016,FXE,FL,ASO,ES,Towers with Radar,0,39,145,2,186,0,10,186,0,196,0,49,331,2,382,28,0,28,410
04/16/2016,FXE,FL,ASO,ES,Towers with Radar,0,27,121,0,148,0,2,162,0,164,0,29,283,0,312,44,0,44,356
04/17/2016,FXE,FL,ASO,ES,Towers with Radar,0,28,107,0,135,0,1,138,0,139,0,29,245,0,274,52,0,52,326
04/18/2016,FXE,FL,ASO,ES,Towers with Radar,0,33,107,0,140,0,5,272,0,277,0,38,379,0,417,105,0,105,522
04/19/2016,FXE,FL,ASO,ES,Towers with Radar,0,23,137,0,160,0,9,335,0,344,0,32,472,0,504,140,0,140,644
04/20/2016,FXE,FL,ASO,ES,Towers with Radar,0,33,146,0,179,0,8,301,0,309,0,41,447,0,488,90,0,90,578
04/21/2016,FXE,FL,ASO,ES,Towers with Radar,0,32,137,0,169,0,2,243,0,245,0,34,380,0,414,104,0,104,518
04/22/2016,FXE,FL,ASO,ES,Towers with Radar,0,31,132,0,163,0,10,240,0,250,0,41,372,0,413,66,0,66,479
04/23/2016,FXE,FL,ASO,ES,Towers with Radar,0,28,88,0,116,0,10,198,0,208,0,38,286,0,324,80,0,80,404
04/24/2016,FXE,FL,ASO,ES,Towers with Radar,0,25,118,0,143,0,2,226,0,228,0,27,344,0,371,44,0,44,415
04/25/2016,FXE,FL,ASO,ES,Towers with Radar,0,19,128,0,147,0,13,216,0,229,0,32,344,0,376,128,0,128,504
04/26/2016,FXE,FL,ASO,ES,Towers with Radar,0,22,111,0,133,0,9,281,0,290,0,31,392,0,423,88,0,88,511
04/27/2016,FXE,FL,ASO,ES,Towers with Radar,0,18,92,0,110,0,5,293,0,298,0,23,385,0,408,130,0,130,538
04/28/2016,FXE,FL,ASO,ES,Towers with Radar,0,46,115,0,161,0,8,251,0,259,0,54,366,0,420,106,0,106,526
04/29/2016,FXE,FL,ASO,ES,Towers with Radar,0,37,97,0,134,0,7,294,0,301,0,44,391,0,435,99,0,99,534
04/30/2016,FXE,FL,ASO,ES,Towers with Radar,0,20,88,0,108,0,2,234,0,236,0,22,322,0,344,64,0,64,408
05/01/2016,FXE,FL,ASO,ES,Towers with Radar,0,39,95,0,134,0,4,205,2,211,0,43,300,2,345,24,0,24,369
05/02/2016,FXE,FL,ASO,ES,Towers with Radar,0,24,88,0,112,0,11,189,1,201,0,35,277,1,313,120,0,120,433
05/03/2016,FXE,FL,ASO,ES,Towers with Radar,0,30,64,0,94,0,4,190,0,194,0,34,254,0,288,124,0,124,412
05/04/2016,FXE,FL,ASO,ES,Towers with Radar,0,29,71,0,100,0,3,105,0,108,0,32,176,0,208,70,0,70,278
05/05/2016,FXE,FL,ASO,ES,Towers with Radar,0,41,93,0,134,0,4,215,2,221,0,45,308,2,355,57,0,57,412
05/06/2016,FXE,FL,ASO,ES,Towers with Radar,0,27,86,0,113,0,8,141,2,151,0,35,227,2,264,14,0,14,278
05/07/2016,FXE,FL,ASO,ES,Towers with Radar,0,22,48,0,70,0,3,137,2,142,0,25,185,2,212,28,0,28,240
05/08/2016,FXE,FL,ASO,ES,Towers with Radar,0,25,79,0,104,0,4,109,4,117,0,29,188,4,221,6,0,6,227
05/09/2016,FXE,FL,ASO,ES,Towers with Radar,0,16,111,0,127,0,7,281,0,288,0,23,392,0,415,66,0,66,481
05/10/2016,FXE,FL,ASO,ES,Towers with Radar,0,29,98,0,127,0,11,316,0,327,0,40,414,0,454,116,0,116,570
05/11/2016,FXE,FL,ASO,ES,Towers with Radar,0,28,101,1,130,0,5,280,2,287,0,33,381,3,417,82,0,82,499
05/12/2016,FXE,FL,ASO,ES,Towers with Radar,0,39,99,0,138,0,4,285,0,289,0,43,384,0,427,84,0,84,511
05/13/2016,FXE,FL,ASO,ES,Towers with Radar,0,32,122,0,154,0,10,261,0,271,0,42,383,0,425,103,0,103,528
05/14/2016,FXE,FL,ASO,ES,Towers with Radar,0,22,61,0,83,0,6,209,0,215,0,28,270,0,298,79,0,79,377
05/15/2016,FXE,FL,ASO,ES,Towers with Radar,0,38,103,0,141,0,3,201,0,204,0,41,304,0,345,76,0,76,421
05/16/2016,FXE,FL,ASO,ES,Towers with Radar,0,25,96,0,121,0,4,263,0,267,0,29,359,0,388,98,0,98,486
05/17/2016,FXE,FL,ASO,ES,Towers with Radar,0,33,103,0,136,0,5,167,0,172,0,38,270,0,308,58,0,58,366
05/18/2016,FXE,FL,ASO,ES,Towers with Radar,0,21,89,0,110,14,2,129,0,145,14,23,218,0,255,46,0,46,301
05/19/2016,FXE,FL,ASO,ES,Towers with Radar,0,41,110,0,151,0,15,223,0,238,0,56,333,0,389,148,0,148,537
05/20/2016,FXE,FL,ASO,ES,Towers with Radar,0,25,99,0,124,0,14,229,0,243,0,39,328,0,367,78,0,78,445
05/21/2016,FXE,FL,ASO,ES,Towers with Radar,0,21,60,0,81,0,6,211,0,217,0,27,271,0,298,84,0,84,382
05/22/2016,FXE,FL,ASO,ES,Towers with Radar,0,19,76,0,95,0,4,218,0,222,0,23,294,0,317,47,0,47,364
05/23/2016,FXE,FL,ASO,ES,Towers with Radar,0,17,110,0,127,0,11,269,0,280,0,28,379,0,407,84,0,84,491
05/24/2016,FXE,FL,ASO,ES,Towers with Radar,0,34,97,0,131,0,9,227,0,236,0,43,324,0,367,110,0,110,477
05/25/2016,FXE,FL,ASO,ES,Towers with Radar,0,26,111,0,137,0,9,264,0,273,0,35,375,0,410,86,0,86,496
05/26/2016,FXE,FL,ASO,ES,Towers with Radar,0,38,111,0,149,0,9,240,0,249,0,47,351,0,398,70,0,70,468
05/27/2016,FXE,FL,ASO,ES,Towers with Radar,0,33,118,0,151,0,12,276,1,289,0,45,394,1,440,83,0,83,523
05/28/2016,FXE,FL,ASO,ES,Towers with Radar,0,31,75,0,106,0,9,167,0,176,0,40,242,0,282,62,0,62,344
05/29/2016,FXE,FL,ASO,ES,Towers with Radar,0,15,57,0,72,0,0,184,0,184,0,15,241,0,256,108,0,108,364
05/30/2016,FXE,FL,ASO,ES,Towers with Radar,0,22,120,0,142,0,13,198,1,212,0,35,318,1,354,116,0,116,470
05/31/2016,FXE,FL,ASO,ES,Towers with Radar,0,26,112,0,138,0,10,230,0,240,0,36,342,0,378,137,0,137,515
06/01/2016,FXE,FL,ASO,ES,Towers with Radar,0,22,100,0,122,0,12,337,0,349,0,34,437,0,471,196,0,196,667
06/02/2016,FXE,FL,ASO,ES,Towers with Radar,0,22,130,0,152,0,7,289,0,296,0,29,419,0,448,97,0,97,545
06/03/2016,FXE,FL,ASO,ES,Towers with Radar,0,36,111,1,148,0,7,209,0,216,0,43,320,1,364,58,0,58,422
06/04/2016,FXE,FL,ASO,ES,Towers with Radar,0,26,90,0,116,0,6,190,1,197,0,32,280,1,313,92,0,92,405
06/05/2016,FXE,FL,ASO,ES,Towers with Radar,0,31,93,1,125,0,3,179,0,182,0,34,272,1,307,82,0,82,389
06/06/2016,FXE,FL,ASO,ES,Towers with Radar,0,26,70,0,96,0,8,100,0,108,0,34,170,0,204,126,0,126,330
06/07/2016,FXE,FL,ASO,ES,Towers with Radar,0,24,53,0,77,0,4,116,0,120,0,28,169,0,197,114,0,114,311
06/08/2016,FXE,FL,ASO,ES,Towers with Radar,0,34,90,0,124,0,3,125,0,128,0,37,215,0,252,100,0,100,352
06/09/2016,FXE,FL,ASO,ES,Towers with Radar,0,23,101,0,124,0,4,145,0,149,0,27,246,0,273,154,0,154,427
06/10/2016,FXE,FL,ASO,ES,Towers with Radar,0,32,96,0,128,0,17,165,0,182,0,49,261,0,310,138,0,138,448
06/11/2016,FXE,FL,ASO,ES,Towers with Radar,0,28,110,0,138,0,3,169,0,172,0,31,279,0,310,57,0,57,367
06/12/2016,FXE,FL,ASO,ES,Towers with Radar,0,21,104,0,125,0,5,216,0,221,0,26,320,0,346,78,0,78,424
06/13/2016,FXE,FL,ASO,ES,Towers with Radar,0,22,117,1,140,0,8,267,1,276,0,30,384,2,416,150,0,150,566
06/14/2016,FXE,FL,ASO,ES,Towers with Radar,0,22,122,0,144,0,6,260,1,267,0,28,382,1,411,144,0,144,555
06/15/2016,FXE,FL,ASO,ES,Towers with Radar,0,32,131,0,163,0,4,337,0,341,0,36,468,0,504,142,0,142,646
06/16/2016,FXE,FL,ASO,ES,Towers with Radar,0,33,105,0,138,0,4,190,0,194,0,37,295,0,332,109,0,109,441
06/17/2016,FXE,FL,ASO,ES,Towers with Radar,0,26,89,0,115,0,8,215,0,223,0,34,304,0,338,32,0,32,370
06/18/2016,FXE,FL,ASO,ES,Towers with Radar,0,31,80,1,112,0,9,170,0,179,0,40,250,1,291,72,0,72,363
06/19/2016,FXE,FL,ASO,ES,Towers with Radar,0,24,100,0,124,0,1,156,0,157,0,25,256,0,281,56,0,56,337
06/20/2016,FXE,FL,ASO,ES,Towers with Radar,0,26,110,3,139,0,8,186,0,194,0,34,296,3,333,92,0,92,425
06/21/2016,FXE,FL,ASO,ES,Towers with Radar,0,28,73,1,102,0,3,192,1,196,0,31,265,2,298,82,0,82,380
06/22/2016,FXE,FL,ASO,ES,Towers with Radar,0,38,100,2,140,0,7,257,0,264,0,45,357,2,404,185,0,185,589
06/23/2016,FXE,FL,ASO,ES,Towers with Radar,0,42,102,0,144,0,6,205,1,212,0,48,307,1,356,178,0,178,534
06/24/2016,FXE,FL,ASO,ES,Towers with Radar,0,46,111,0,157,0,8,310,0,318,0,54,421,0,475,134,0,134,609
06/25/2016,FXE,FL,ASO,ES,Towers with Radar,0,20,77,0,97,0,5,165,0,170,0,25,242,0,267,55,0,55,322
06/26/2016,FXE,FL,ASO,ES,Towers with Radar,0,21,81,0,102,0,0,167,0,167,0,21,248,0,269,36,0,36,305
06/27/2016,FXE,FL,ASO,ES,Towers with Radar,0,29,92,0,121,0,9,195,0,204,0,38,287,0,325,178,0,178,503
06/28/2016,FXE,FL,ASO,ES,Towers with Radar,0,29,111,0,140,0,1,255,0,256,0,30,366,0,396,110,0,110,506
06/29/2016,FXE,FL,ASO,ES,Towers with Radar,0,25,88,0,113,0,4,241,0,245,0,29,329,0,358,109,0,109,467
06/30/2016,FXE,FL,ASO,ES,Towers with Radar,0,50,107,0,157,0,9,190,0,199,0,59,297,0,356,108,0,108,464
07/01/2016,FXE,FL,ASO,ES,Towers with Radar,0,31,107,0,138,0,11,257,0,268,0,42,364,0,406,84,0,84,490
07/02/2016,FXE,FL,ASO,ES,Towers with Radar,0,24,78,0,102,0,7,182,0,189,0,31,260,0,291,59,0,59,350
07/03/2016,FXE,FL,ASO,ES,Towers with Radar,0,14,46,0,60,0,0,114,0,114,0,14,160,0,174,24,0,24,198
07/04/2016,FXE,FL,ASO,ES,Towers with Radar,0,15,44,0,59,0,5,148,0,153,0,20,192,0,212,38,0,38,250
07/05/2016,FXE,FL,ASO,ES,Towers with Radar,0,32,91,0,123,0,13,274,0,287,0,45,365,0,410,80,0,80,490
07/06/2016,FXE,FL,ASO,ES,Towers with Radar,0,22,99,0,121,0,3,287,0,290,0,25,386,0,411,68,0,68,479
07/07/2016,FXE,FL,ASO,ES,Towers with Radar,0,33,89,0,122,0,11,252,0,263,0,44,341,0,385,163,0,163,548
07/08/2016,FXE,FL,ASO,ES,Towers with Radar,0,41,90,0,131,0,13,247,0,260,0,54,337,0,391,50,0,50,441
07/09/2016,FXE,FL,ASO,ES,Towers with Radar,0,33,67,0,100,0,3,191,0,194,0,36,258,0,294,118,0,118,412
07/10/2016,FXE,FL,ASO,ES,Towers with Radar,0,17,61,0,78,0,1,137,0,138,0,18,198,0,216,68,0,68,284
07/11/2016,FXE,FL,ASO,ES,Towers with Radar,0,22,82,0,104,0,4,188,0,192,0,26,270,0,296,94,0,94,390
07/12/2016,FXE,FL,ASO,ES,Towers with Radar,0,14,77,0,91,0,10,205,0,215,0,24,282,0,306,80,0,80,386
07/13/2016,FXE,FL,ASO,ES,Towers with Radar,0,14,89,0,103,0,7,208,0,215,0,21,297,0,318,110,0,110,428
07/14/2016,FXE,FL,ASO,ES,Towers with Radar,0,35,87,3,125,0,7,244,0,251,0,42,331,3,376,110,8,118,494
07/15/2016,FXE,FL,ASO,ES,Towers with Radar,0,24,73,0,97,0,11,257,1,269,0,35,330,1,366,128,0,128,494
07/16/2016,FXE,FL,ASO,ES,Towers with Radar,0,27,69,0,96,0,6,170,0,176,0,33,239,0,272,53,0,53,325
07/17/2016,FXE,FL,ASO,ES,Towers with Radar,0,22,78,0,100,0,1,178,0,179,0,23,256,0,279,68,0,68,347
07/18/2016,FXE,FL,ASO,ES,Towers with Radar,0,25,91,0,116,0,9,204,0,213,0,34,295,0,329,82,0,82,411
07/19/2016,FXE,FL,ASO,ES,Towers with Radar,0,20,89,0,109,0,5,190,0,195,0,25,279,0,304,78,0,78,382
07/20/2016,FXE,FL,ASO,ES,Towers with Radar,0,29,91,0,120,0,8,274,0,282,0,37,365,0,402,84,0,84,486
07/21/2016,FXE,FL,ASO,ES,Towers with Radar,0,50,99,0,149,0,11,237,0,248,0,61,336,0,397,136,0,136,533
07/22/2016,FXE,FL,ASO,ES,Towers with Radar,0,38,95,0,133,0,13,217,2,232,0,51,312,2,365,110,0,110,475
07/23/2016,FXE,FL,ASO,ES,Towers with Radar,0,18,70,0,88,0,6,170,0,176,0,24,240,0,264,122,0,122,386
07/24/2016,FXE,FL,ASO,ES,Towers with Radar,0,19,60,0,79,0,2,116,0,118,0,21,176,0,197,58,0,58,255
07/25/2016,FXE,FL,ASO,ES,Towers with Radar,0,24,90,0,114,0,14,219,0,233,0,38,309,0,347,154,0,154,501
07/26/2016,FXE,FL,ASO,ES,Towers with Radar,0,27,89,2,118,0,9,232,0,241,0,36,321,2,359,162,0,162,521
07/27/2016,FXE,FL,ASO,ES,Towers with Radar,0,21,97,0,118,0,6,290,0,296,0,27,387,0,414,166,0,166,580
07/28/2016,FXE,FL,ASO,ES,Towers with Radar,0,29,114,0,143,0,4,246,0,250,0,33,360,0,393,88,0,88,481
07/29/2016,FXE,FL,ASO,ES,Towers with Radar,0,26,81,0,107,0,15,216,0,231,0,41,297,0,338,54,0,54,392
07/30/2016,FXE,FL,ASO,ES,Towers with Radar,0,25,72,0,97,0,5,208,0,213,0,30,280,0,310,104,0,104,414
07/31/2016,FXE,FL,ASO,ES,Towers with Radar,0,23,78,0,101,0,0,178,0,178,0,23,256,0,279,44,0,44,323
08/01/2016,FXE,FL,ASO,ES,Towers with Radar,0,21,72,0,93,0,5,233,0,238,0,26,305,0,331,106,0,106,437
08/02/2016,FXE,FL,ASO,ES,Towers with Radar,0,27,69,0,96,0,11,118,0,129,0,38,187,0,225,40,0,40,265
08/03/2016,FXE,FL,ASO,ES,Towers with Radar,0,30,91,1,122,0,7,207,0,214,0,37,298,1,336,71,0,71,407
08/04/2016,FXE,FL,ASO,ES,Towers with Radar,0,27,108,0,135,0,8,260,0,268,0,35,368,0,403,136,0,136,539
08/05/2016,FXE,FL,ASO,ES,Towers with Radar,0,37,78,0,115,0,12,255,0,267,0,49,333,0,382,71,0,71,453
08/06/2016,FXE,FL,ASO,ES,Towers with Radar,0,19,64,0,83,0,7,167,0,174,0,26,231,0,257,46,0,46,303
08/07/2016,FXE,FL,ASO,ES,Towers with Radar,0,26,99,0,125,0,5,178,0,183,0,31,277,0,308,50,0,50,358
08/08/2016,FXE,FL,ASO,ES,Towers with Radar,0,22,80,1,103,0,6,168,0,174,0,28,248,1,277,94,0,94,371
08/09/2016,FXE,FL,ASO,ES,Towers with Radar,0,29,75,1,105,0,8,174,0,182,0,37,249,1,287,92,0,92,379
08/10/2016,FXE,FL,ASO,ES,Towers with Radar,0,25,88,0,113,0,10,244,0,254,0,35,332,0,367,141,0,141,508
08/11/2016,FXE,FL,ASO,ES,Towers with Radar,0,36,96,0,132,0,9,197,0,206,0,45,293,0,338,66,0,66,404
08/12/2016,FXE,FL,ASO,ES,Towers with Radar,0,32,118,0,150,0,9,236,0,245,0,41,354,0,395,56,0,56,451
08/13/2016,FXE,FL,ASO,ES,Towers with Radar,0,22,83,0,105,0,5,222,0,227,0,27,305,0,332,68,0,68,400
08/14/2016,FXE,FL,ASO,ES,Towers with Radar,0,34,103,0,137,0,0,136,0,136,0,34,239,0,273,58,0,58,331
08/15/2016,FXE,FL,ASO,ES,Towers with Radar,0,25,101,0,126,0,10,201,0,211,0,35,302,0,337,52,0,52,389
08/16/2016,FXE,FL,ASO,ES,Towers with Radar,0,25,83,2,110,0,10,172,0,182,0,35,255,2,292,70,0,70,362
08/17/2016,FXE,FL,ASO,ES,Towers with Radar,0,54,124,0,178,0,13,209,0,222,0,67,333,0,400,76,0,76,476
08/18/2016,FXE,FL,ASO,ES,Towers with Radar,0,34,89,0,123,0,5,223,0,228,0,39,312,0,351,144,0,144,495
08/19/2016,FXE,FL,ASO,ES,Towers with Radar,0,34,86,0,120,0,12,222,0,234,0,46,308,0,354,89,0,89,443
08/20/2016,FXE,FL,ASO,ES,Towers with Radar,0,26,80,0,106,0,8,216,0,224,0,34,296,0,330,104,0,104,434
08/21/2016,FXE,FL,ASO,ES,Towers with Radar,0,20,74,0,94,0,3,191,0,194,0,23,265,0,288,102,0,102,390
08/22/2016,FXE,FL,ASO,ES,Towers with Radar,0,23,99,0,122,0,12,213,0,225,0,35,312,0,347,184,0,184,531
08/23/2016,FXE,FL,ASO,ES,Towers with Radar,0,24,91,0,115,0,10,208,0,218,0,34,299,0,333,144,0,144,477
08/24/2016,FXE,FL,ASO,ES,Towers with Radar,0,30,78,1,109,0,6,179,0,185,0,36,257,1,294,133,0,133,427
08/25/2016,FXE,FL,ASO,ES,Towers with Radar,0,23,91,2,116,0,9,197,0,206,0,32,288,2,322,82,0,82,404
08/26/2016,FXE,FL,ASO,ES,Towers with Radar,0,33,83,0,116,0,11,242,0,253,0,44,325,0,369,124,0,124,493
08/27/2016,FXE,FL,ASO,ES,Towers with Radar,0,22,83,0,105,0,5,173,0,178,0,27,256,0,283,94,0,94,377
08/28/2016,FXE,FL,ASO,ES,Towers with Radar,0,30,96,0,126,0,0,87,0,87,0,30,183,0,213,12,0,12,225
08/29/2016,FXE,FL,ASO,ES,Towers with Radar,0,20,74,0,94,0,5,140,0,145,0,25,214,0,239,94,0,94,333
08/30/2016,FXE,FL,ASO,ES,Towers with Radar,0,22,83,0,105,0,6,82,0,88,0,28,165,0,193,90,0,90,283
08/31/2016,FXE,FL,ASO,ES,Towers with Radar,0,33,93,0,126,0,8,176,5,189,0,41,269,5,315,106,0,106,421
09/01/2016,FXE,FL,ASO,ES,Towers with Radar,0,26,75,0,101,0,11,243,0,254,0,37,318,0,355,172,0,172,527
09/02/2016,FXE,FL,ASO,ES,Towers with Radar,0,23,90,0,113,0,16,191,0,207,0,39,281,0,320,92,0,92,412
09/03/2016,FXE,FL,ASO,ES,Towers with Radar,0,17,64,2,83,0,4,149,0,153,0,21,213,2,236,36,0,36,272
09/04/2016,FXE,FL,ASO,ES,Towers with Radar,0,11,66,2,79,0,2,160,0,162,0,13,226,2,241,48,0,48,289
09/05/2016,FXE,FL,ASO,ES,Towers with Radar,0,37,81,0,118,0,2,133,1,136,0,39,214,1,254,60,0,60,314
09/06/2016,FXE,FL,ASO,ES,Towers with Radar,0,29,93,0,122,0,6,138,1,145,0,35,231,1,267,126,0,126,393
09/07/2016,FXE,FL,ASO,ES,Towers with Radar,0,25,95,0,120,0,6,211,0,217,0,31,306,0,337,132,0,132,469
09/08/2016,FXE,FL,ASO,ES,Towers with Radar,0,20,109,0,129,0,7,173,0,180,0,27,282,0,309,80,0,80,389
09/09/2016,FXE,FL,ASO,ES,Towers with Radar,0,25,102,0,127,0,11,281,0,292,0,36,383,0,419,86,0,86,505
09/10/2016,FXE,FL,ASO,ES,Towers with Radar,0,19,81,0,100,0,3,172,0,175,0,22,253,0,275,102,0,102,377
09/11/2016,FXE,FL,ASO,ES,Towers with Radar,0,15,84,0,99,0,0,109,0,109,0,15,193,0,208,66,0,66,274
09/12/2016,FXE,FL,ASO,ES,Towers with Radar,1,25,94,1,121,0,10,178,0,188,1,35,272,1,309,178,0,178,487
09/13/2016,FXE,FL,ASO,ES,Towers with Radar,0,27,82,0,109,0,7,105,0,112,0,34,187,0,221,98,0,98,319
09/14/2016,FXE,FL,ASO,ES,Towers with Radar,0,25,115,0,140,0,7,268,0,275,0,32,383,0,415,131,0,131,546
09/15/2016,FXE,FL,ASO,ES,Towers with Radar,0,35,104,0,139,0,6,219,0,225,0,41,323,0,364,101,0,101,465
09/16/2016,FXE,FL,ASO,ES,Towers with Radar,0,22,106,0,128,0,14,193,0,207,0,36,299,0,335,85,0,85,420
09/17/2016,FXE,FL,ASO,ES,Towers with Radar,0,20,63,0,83,0,6,234,0,240,0,26,297,0,323,116,0,116,439
09/18/2016,FXE,FL,ASO,ES,Towers with Radar,0,23,79,1,103,0,0,162,0,162,0,23,241,1,265,74,0,74,339
09/19/2016,FXE,FL,ASO,ES,Towers with Radar,0,18,91,0,109,0,11,146,1,158,0,29,237,1,267,134,0,134,401
09/20/2016,FXE,FL,ASO,ES,Towers with Radar,0,17,89,0,106,0,6,173,0,179,0,23,262,0,285,142,0,142,427
09/21/2016,FXE,FL,ASO,ES,Towers with Radar,0,28,83,0,111,0,7,260,1,268,0,35,343,1,379,170,0,170,549
09/22/2016,FXE,FL,ASO,ES,Towers with Radar,0,26,117,1,144,0,6,232,0,238,0,32,349,1,382,96,0,96,478
09/23/2016,FXE,FL,ASO,ES,Towers with Radar,0,38,89,0,127,0,13,180,0,193,0,51,269,0,320,169,0,169,489
09/24/2016,FXE,FL,ASO,ES,Towers with Radar,0,16,58,0,74,0,2,204,0,206,0,18,262,0,280,149,0,149,429
09/25/2016,FXE,FL,ASO,ES,Towers with Radar,0,23,79,0,102,0,0,111,0,111,0,23,190,0,213,26,0,26,239
09/26/2016,FXE,FL,ASO,ES,Towers with Radar,0,26,75,0,101,0,10,171,2,183,0,36,246,2,284,332,0,332,616
09/27/2016,FXE,FL,ASO,ES,Towers with Radar,0,19,81,0,100,0,7,158,0,165,0,26,239,0,265,172,0,172,437
09/28/2016,FXE,FL,ASO,ES,Towers with Radar,0,16,85,0,101,0,6,246,0,252,0,22,331,0,353,192,0,192,545
09/29/2016,FXE,FL,ASO,ES,Towers with Radar,0,23,85,0,108,0,10,191,0,201,0,33,276,0,309,178,0,178,487
09/30/2016,FXE,FL,ASO,ES,Towers with Radar,0,25,84,1,110,0,14,197,1,212,0,39,281,2,322,169,0,169,491
10/01/2016,FXE,FL,ASO,ES,Towers with Radar,0,16,62,0,78,0,6,146,1,153,0,22,208,1,231,78,0,78,309
10/02/2016,FXE,FL,ASO,ES,Towers with Radar,0,22,78,0,100,0,1,143,0,144,0,23,221,0,244,40,0,40,284
10/03/2016,FXE,FL,ASO,ES,Towers with Radar,0,18,88,0,106,0,13,186,0,199,0,31,274,0,305,158,0,158,463
10/04/2016,FXE,FL,ASO,ES,Towers with Radar,0,24,90,0,114,0,9,271,1,281,0,33,361,1,395,146,0,146,541
10/05/2016,FXE,FL,ASO,ES,Towers with Radar,0,36,114,0,150,0,5,196,0,201,0,41,310,0,351,26,0,26,377
10/06/2016,FXE,FL,ASO,ES,Towers with Radar,0,7,21,0,28,0,1,6,0,7,0,8,27,0,35,0,0,0,35
10/07/2016,FXE,FL,ASO,ES,Towers with Radar,0,18,46,0,64,0,0,50,0,50,0,18,96,0,114,2,0,2,116
10/08/2016,FXE,FL,ASO,ES,Towers with Radar,0,20,85,0,105,0,4,182,0,186,0,24,267,0,291,43,0,43,334
10/09/2016,FXE,FL,ASO,ES,Towers with Radar,0,17,81,0,98,0,3,178,0,181,0,20,259,0,279,48,0,48,327
10/10/2016,FXE,FL,ASO,ES,Towers with Radar,0,18,108,0,126,0,9,243,0,252,0,27,351,0,378,176,0,176,554
10/11/2016,FXE,FL,ASO,ES,Towers with Radar,0,25,87,8,120,0,9,178,2,189,0,34,265,10,309,92,0,92,401
10/12/2016,FXE,FL,ASO,ES,Towers with Radar,0,26,110,0,136,0,11,215,2,228,0,37,325,2,364,156,0,156,520
10/13/2016,FXE,FL,ASO,ES,Towers with Radar,0,27,110,0,137,0,9,190,1,200,0,36,300,1,337,39,0,39,376
10/14/2016,FXE,FL,ASO,ES,Towers with Radar,0,20,119,0,139,0,11,273,1,285,0,31,392,1,424,103,0,103,527
10/15/2016,FXE,FL,ASO,ES,Towers with Radar,0,26,79,0,105,0,1,129,0,130,0,27,208,0,235,64,0,64,299
10/16/2016,FXE,FL,ASO,ES,Towers with Radar,0,16,92,0,108,0,1,148,0,149,0,17,240,0,257,84,0,84,341
10/17/2016,FXE,FL,ASO,ES,Towers with Radar,0,20,85,0,105,0,8,240,0,248,0,28,325,0,353,138,0,138,491
10/18/2016,FXE,FL,ASO,ES,Towers with Radar,0,23,104,0,127,0,6,214,2,222,0,29,318,2,349,96,0,96,445
10/19/2016,FXE,FL,ASO,ES,Towers with Radar,0,20,87,0,107,0,7,211,2,220,0,27,298,2,327,98,0,98,425
10/20/2016,FXE,FL,ASO,ES,Towers with Radar,0,40,105,0,145,0,8,127,0,135,0,48,232,0,280,44,0,44,324
10/21/2016,FXE,FL,ASO,ES,Towers with Radar,0,26,130,0,156,0,12,325,0,337,0,38,455,0,493,220,0,220,713
10/22/2016,FXE,FL,ASO,ES,Towers with Radar,0,26,76,0,102,0,8,205,0,213,0,34,281,0,315,56,0,56,371
10/23/2016,FXE,FL,ASO,ES,Towers with Radar,0,24,93,0,117,0,6,199,1,206,0,30,292,1,323,61,0,61,384
10/24/2016,FXE,FL,ASO,ES,Towers with Radar,0,26,88,0,114,0,7,202,1,210,0,33,290,1,324,234,0,234,558
10/25/2016,FXE,FL,ASO,ES,Towers with Radar,0,35,91,1,127,0,15,252,0,267,0,50,343,1,394,72,0,72,466
10/26/2016,FXE,FL,ASO,ES,Towers with Radar,0,16,97,0,113,0,6,248,0,254,0,22,345,0,367,105,0,105,472
10/27/2016,FXE,FL,ASO,ES,Towers with Radar,0,29,112,0,141,0,11,172,0,183,0,40,284,0,324,176,0,176,500
10/28/2016,FXE,FL,ASO,ES,Towers with Radar,0,35,105,0,140,0,16,166,2,184,0,51,271,2,324,75,0,75,399
10/29/2016,FXE,FL,ASO,ES,Towers with Radar,0,23,90,0,113,0,3,53,0,56,0,26,143,0,169,48,0,48,217
10/30/2016,FXE,FL,ASO,ES,Towers with Radar,0,18,84,0,102,0,1,113,0,114,0,19,197,0,216,88,0,88,304
10/31/2016,FXE,FL,ASO,ES,Towers with Radar,0,20,86,1,107,0,12,192,0,204,0,32,278,1,311,126,0,126,437
11/01/2016,FXE,FL,ASO,ES,Towers with Radar,0,22,96,0,118,0,11,273,2,286,0,33,369,2,404,136,0,136,540
11/02/2016,FXE,FL,ASO,ES,Towers with Radar,0,39,123,0,162,0,13,231,0,244,0,52,354,0,406,186,0,186,592
11/03/2016,FXE,FL,ASO,ES,Towers with Radar,0,51,172,0,223,0,8,227,0,235,0,59,399,0,458,34,0,34,492
11/04/2016,FXE,FL,ASO,ES,Towers with Radar,0,45,142,0,187,0,12,298,0,310,0,57,440,0,497,108,0,108,605
11/05/2016,FXE,FL,ASO,ES,Towers with Radar,0,19,81,0,100,0,4,251,0,255,0,23,332,0,355,78,0,78,433
11/06/2016,FXE,FL,ASO,ES,Towers with Radar,0,28,128,0,156,0,0,223,0,223,0,28,351,0,379,98,0,98,477
11/07/2016,FXE,FL,ASO,ES,Towers with Radar,0,25,120,0,145,0,10,218,0,228,0,35,338,0,373,203,0,203,576
11/08/2016,FXE,FL,ASO,ES,Towers with Radar,0,25,107,0,132,0,16,275,0,291,0,41,382,0,423,228,0,228,651
11/09/2016,FXE,FL,ASO,ES,Towers with Radar,0,36,115,0,151,0,10,241,1,252,0,46,356,1,403,131,0,131,534
11/10/2016,FXE,FL,ASO,ES,Towers with Radar,0,35,128,0,163,0,9,303,0,312,0,44,431,0,475,172,0,172,647
11/11/2016,FXE,FL,ASO,ES,Towers with Radar,0,25,107,0,132,0,9,346,0,355,0,34,453,0,487,254,0,254,741
11/12/2016,FXE,FL,ASO,ES,Towers with Radar,0,31,89,0,120,0,7,260,1,268,0,38,349,1,388,92,0,92,480
11/13/2016,FXE,FL,ASO,ES,Towers with Radar,0,31,106,0,137,0,2,243,0,245,0,33,349,0,382,86,0,86,468
11/14/2016,FXE,FL,ASO,ES,Towers with Radar,0,16,103,0,119,0,13,252,1,266,0,29,355,1,385,136,0,136,521
11/15/2016,FXE,FL,ASO,ES,Towers with Radar,0,17,131,0,148,0,7,265,0,272,0,24,396,0,420,164,0,164,584
11/16/2016,FXE,FL,ASO,ES,Towers with Radar,0,30,117,1,148,0,10,280,0,290,0,40,397,1,438,188,0,188,626
11/17/2016,FXE,FL,ASO,ES,Towers with Radar,0,27,128,0,155,0,13,262,2,277,0,40,390,2,432,144,0,144,576
11/18/2016,FXE,FL,ASO,ES,Towers with Radar,0,38,125,0,163,0,10,252,1,263,0,48,377,1,426,136,0,136,562
11/19/2016,FXE,FL,ASO,ES,Towers with Radar,0,30,96,0,126,0,8,256,0,264,0,38,352,0,390,94,0,94,484
11/20/2016,FXE,FL,ASO,ES,Towers with Radar,0,31,103,0,134,0,5,187,0,192,0,36,290,0,326,28,0,28,354
11/21/2016,FXE,FL,ASO,ES,Towers with Radar,0,26,104,0,130,0,12,209,0,221,0,38,313,0,351,61,0,61,412
11/22/2016,FXE,FL,ASO,ES,Towers with Radar,0,36,120,0,156,0,7,262,1,270,0,43,382,1,426,196,0,196,622
11/23/2016,FXE,FL,ASO,ES,Towers with Radar,0,41,127,0,168,0,14,208,0,222,0,55,335,0,390,49,0,49,439
11/24/2016,FXE,FL,ASO,ES,Towers with Radar,0,15,44,0,59,0,8,128,0,136,0,23,172,0,195,60,0,60,255
11/25/2016,FXE,FL,ASO,ES,Towers with Radar,0,18,84,0,102,0,11,190,0,201,0,29,274,0,303,58,0,58,361
11/26/2016,FXE,FL,ASO,ES,Towers with Radar,0,35,78,0,113,0,8,150,0,158,0,43,228,0,271,34,0,34,305
11/27/2016,FXE,FL,ASO,ES,Towers with Radar,0,56,155,0,211,0,1,192,0,193,0,57,347,0,404,118,0,118,522
11/28/2016,FXE,FL,ASO,ES,Towers with Radar,0,25,130,0,155,0,12,233,2,247,0,37,363,2,402,140,0,140,542
11/29/2016,FXE,FL,ASO,ES,Towers with Radar,0,32,107,0,139,0,9,223,3,235,0,41,330,3,374,124,0,124,498
11/30/2016,FXE,FL,ASO,ES,Towers with Radar,0,19,90,0,109,0,9,252,0,261,0,28,342,0,370,184,0,184,554
12/01/2016,FXE,FL,ASO,ES,Towers with Radar,0,40,96,0,136,0,12,201,0,213,0,52,297,0,349,110,0,110,459
12/02/2016,FXE,FL,ASO,ES,Towers with Radar,0,31,124,0,155,0,22,320,0,342,0,53,444,0,497,78,0,78,575
12/03/2016,FXE,FL,ASO,ES,Towers with Radar,0,0,4,0,4,0,0,22,0,22,0,0,26,0,26,12,0,12,38
12/04/2016,FXE,FL,ASO,ES,Towers with Radar,0,0,4,0,4,0,0,31,0,31,0,0,35,0,35,0,0,0,35
12/05/2016,FXE,FL,ASO,ES,Towers with Radar,0,27,114,0,141,0,6,262,0,268,0,33,376,0,409,44,0,44,453
12/06/2016,FXE,FL,ASO,ES,Towers with Radar,0,27,78,0,105,0,10,233,0,243,0,37,311,0,348,111,0,111,459
12/07/2016,FXE,FL,ASO,ES,Towers with Radar,0,43,137,2,182,0,6,194,0,200,0,49,331,2,382,144,0,144,526
12/08/2016,FXE,FL,ASO,ES,Towers with Radar,0,22,116,2,140,0,10,320,0,330,0,32,436,2,470,116,0,116,586
12/09/2016,FXE,FL,ASO,ES,Towers with Radar,0,33,117,0,150,0,10,303,0,313,0,43,420,0,463,82,0,82,545
12/10/2016,FXE,FL,ASO,ES,Towers with Radar,0,14,65,0,79,0,7,26,0,33,0,21,91,0,112,2,0,2,114
12/11/2016,FXE,FL,ASO,ES,Towers with Radar,0,5,53,0,58,0,2,77,0,79,0,7,130,0,137,12,0,12,149
12/12/2016,FXE,FL,ASO,ES,Towers with Radar,0,32,131,0,163,0,9,232,1,242,0,41,363,1,405,140,0,140,545
12/13/2016,FXE,FL,ASO,ES,Towers with Radar,0,29,123,0,152,0,12,312,1,325,0,41,435,1,477,118,0,118,595
12/14/2016,FXE,FL,ASO,ES,Towers with Radar,0,36,96,0,132,0,15,416,1,432,0,51,512,1,564,110,0,110,674
12/15/2016,FXE,FL,ASO,ES,Towers with Radar,0,41,142,0,183,0,6,257,0,263,0,47,399,0,446,68,0,68,514
12/16/2016,FXE,FL,ASO,ES,Towers with Radar,0,42,142,0,184,0,9,316,0,325,0,51,458,0,509,54,0,54,563
12/17/2016,FXE,FL,ASO,ES,Towers with Radar,0,12,69,0,81,0,9,191,0,200,0,21,260,0,281,26,0,26,307
12/18/2016,FXE,FL,ASO,ES,Towers with Radar,0,16,79,0,95,0,1,118,2,121,0,17,197,2,216,44,0,44,260
12/19/2016,FXE,FL,ASO,ES,Towers with Radar,0,29,121,0,150,0,10,221,0,231,0,39,342,0,381,66,0,66,447
12/20/2016,FXE,FL,ASO,ES,Towers with Radar,0,24,118,0,142,0,9,300,0,309,0,33,418,0,451,68,0,68,519
12/21/2016,FXE,FL,ASO,ES,Towers with Radar,0,31,117,0,148,0,10,144,0,154,0,41,261,0,302,82,0,82,384
12/22/2016,FXE,FL,ASO,ES,Towers with Radar,0,36,128,0,164,0,16,284,0,300,0,52,412,0,464,108,0,108,572
12/23/2016,FXE,FL,ASO,ES,Towers with Radar,0,26,159,0,185,0,9,240,0,249,0,35,399,0,434,64,0,64,498
12/24/2016,FXE,FL,ASO,ES,Towers with Radar,0,18,60,0,78,0,6,147,0,153,0,24,207,0,231,38,0,38,269
12/25/2016,FXE,FL,ASO,ES,Towers with Radar,0,15,46,0,61,0,1,50,0,51,0,16,96,0,112,24,0,24,136
12/26/2016,FXE,FL,ASO,ES,Towers with Radar,0,62,154,0,216,0,5,185,0,190,0,67,339,0,406,60,0,60,466
12/27/2016,FXE,FL,ASO,ES,Towers with Radar,0,48,127,0,175,0,2,215,0,217,0,50,342,0,392,74,0,74,466
12/28/2016,FXE,FL,ASO,ES,Towers with Radar,0,42,110,0,152,0,11,224,0,235,0,53,334,0,387,68,0,68,455
12/29/2016,FXE,FL,ASO,ES,Towers with Radar,0,37,100,0,137,0,6,271,0,277,0,43,371,0,414,40,0,40,454
12/30/2016,FXE,FL,ASO,ES,Towers with Radar,1,24,131,0,156,0,16,227,0,243,1,40,358,0,399,28,0,28,427
12/31/2016,FXE,FL,ASO,ES,Towers with Radar,0,17,76,0,93,0,4,164,1,169,0,21,240,1,262,30,0,30,292
01/01/2017,FXE,FL,ASO,ES,Towers with Radar,0,40,80,0,120,0,1,90,0,91,0,41,170,0,211,32,0,32,243
01/02/2017,FXE,FL,ASO,ES,Towers with Radar,0,54,158,0,212,0,3,234,0,237,0,57,392,0,449,54,0,54,503
01/03/2017,FXE,FL,ASO,ES,Towers with Radar,0,47,134,0,181,0,6,181,0,187,0,53,315,0,368,84,0,84,452
01/04/2017,FXE,FL,ASO,ES,Towers with Radar,0,39,120,1,160,0,11,137,0,148,0,50,257,1,308,32,0,32,340
01/05/2017,FXE,FL,ASO,ES,Towers with Radar,0,38,92,0,130,0,7,314,0,321,0,45,406,0,451,92,0,92,543
01/06/2017,FXE,FL,ASO,ES,Towers with Radar,0,57,131,0,188,0,10,258,0,268,0,67,389,0,456,112,0,112,568
01/07/2017,FXE,FL,ASO,ES,Towers with Radar,1,33,101,0,135,0,4,126,0,130,1,37,227,0,265,22,0,22,287
01/08/2017,FXE,FL,ASO,ES,Towers with Radar,0,49,109,0,158,0,1,133,0,134,0,50,242,0,292,44,0,44,336
01/09/2017,FXE,FL,ASO,ES,Towers with Radar,0,34,114,1,149,0,8,199,0,207,0,42,313,1,356,12,0,12,368
01/10/2017,FXE,FL,ASO,ES,Towers with Radar,0,28,115,0,143,0,4,211,1,216,0,32,326,1,359,82,0,82,441
01/11/2017,FXE,FL,ASO,ES,Towers with Radar,0,24,116,1,141,0,10,263,2,275,0,34,379,3,416,76,0,76,492
01/12/2017,FXE,FL,ASO,ES,Towers with Radar,0,38,121,1,160,0,11,261,0,272,0,49,382,1,432,105,0,105,537
01/13/2017,FXE,FL,ASO,ES,Towers with Radar,0,46,119,1,166,0,13,262,0,275,0,59,381,1,441,128,0,128,569
01/14/2017,FXE,FL,ASO,ES,Towers with Radar,0,27,74,0,101,0,2,177,0,179,0,29,251,0,280,66,0,66,346
01/15/2017,FXE,FL,ASO,ES,Towers with Radar,0,19,85,0,104,0,0,178,0,178,0,19,263,0,282,108,0,108,390
01/16/2017,FXE,FL,ASO,ES,Towers with Radar,1,35,123,0,159,0,9,199,1,209,1,44,322,1,368,66,0,66,434
01/17/2017,FXE,FL,ASO,ES,Towers with Radar,1,24,127,0,152,0,7,208,0,215,1,31,335,0,367,90,0,90,457
01/18/2017,FXE,FL,ASO,ES,Towers with Radar,0,33,142,0,175,0,7,278,1,286,0,40,420,1,461,106,0,106,567
01/19/2017,FXE,FL,ASO,ES,Towers with Radar,0,37,132,0,169,0,10,288,0,298,0,47,420,0,467,160,0,160,627
01/20/2017,FXE,FL,ASO,ES,Towers with Radar,1,23,103,0,127,0,14,289,0,303,1,37,392,0,430,110,0,110,540
01/21/2017,FXE,FL,ASO,ES,Towers with Radar,0,17,108,0,125,0,2,252,0,254,0,19,360,0,379,88,0,88,467
01/22/2017,FXE,FL,ASO,ES,Towers with Radar,0,21,82,0,103,0,2,126,0,128,0,23,208,0,231,22,0,22,253
01/23/2017,FXE,FL,ASO,ES,Towers with Radar,0,13,81,1,95,0,7,83,1,91,0,20,164,2,186,28,0,28,214
01/24/2017,FXE,FL,ASO,ES,Towers with Radar,0,46,101,0,147,0,8,263,0,271,0,54,364,0,418,157,0,157,575
01/25/2017,FXE,FL,ASO,ES,Towers with Radar,0,24,134,0,158,0,15,302,0,317,0,39,436,0,475,122,0,122,597
01/26/2017,FXE,FL,ASO,ES,Towers with Radar,0,34,145,0,179,0,3,310,0,313,0,37,455,0,492,172,0,172,664
01/27/2017,FXE,FL,ASO,ES,Towers with Radar,0,22,118,0,140,0,10,261,0,271,0,32,379,0,411,178,0,178,589
01/28/2017,FXE,FL,ASO,ES,Towers with Radar,0,26,89,0,115,0,4,508,0,512,0,30,597,0,627,16,0,16,643
01/29/2017,FXE,FL,ASO,ES,Towers with Radar,0,33,121,0,154,0,0,25,0,25,0,33,146,0,179,20,0,20,199
01/30/2017,FXE,FL,ASO,ES,Towers with Radar,0,40,111,1,152,0,9,250,2,261,0,49,361,3,413,114,0,114,527
01/31/2017,FXE,FL,ASO,ES,Towers with Radar,0,31,105,0,136,0,10,281,0,291,0,41,386,0,427,186,0,186,613
02/01/2017,FXE,FL,ASO,ES,Towers with Radar,0,37,114,0,151,0,9,299,0,308,0,46,413,0,459,216,0,216,675
02/02/2017,FXE,FL,ASO,ES,Towers with Radar,0,53,123,0,176,0,5,313,0,318,0,58,436,0,494,116,0,116,610
02/03/2017,FXE,FL,ASO,ES,Towers with Radar,0,43,117,0,160,0,11,179,0,190,0,54,296,0,350,120,0,120,470
02/04/2017,FXE,FL,ASO,ES,Towers with Radar,0,30,78,0,108,0,4,158,0,162,0,34,236,0,270,4,0,4,274
02/05/2017,FXE,FL,ASO,ES,Towers with Radar,0,24,97,0,121,0,5,89,0,94,0,29,186,0,215,6,0,6,221
02/06/2017,FXE,FL,ASO,ES,Towers with Radar,0,29,131,2,162,0,17,167,1,185,0,46,298,3,347,96,0,96,443
02/07/2017,FXE,FL,ASO,ES,Towers with Radar,0,28,130,0,158,0,2,292,0,294,0,30,422,0,452,210,0,210,662
02/08/2017,FXE,FL,ASO,ES,Towers with Radar,0,37,80,0,117,0,8,304,0,312,0,45,384,0,429,86,0,86,515
02/09/2017,FXE,FL,ASO,ES,Towers with Radar,0,31,134,0,165,0,5,238,0,243,0,36,372,0,408,103,0,103,511
02/10/2017,FXE,FL,ASO,ES,Towers with Radar,0,53,137,0,190,0,15,291,0,306,0,68,428,0,496,102,0,102,598
02/11/2017,FXE,FL,ASO,ES,Towers with Radar,0,30,90,0,120,0,4,203,0,207,0,34,293,0,327,4,0,4,331
02/12/2017,FXE,FL,ASO,ES,Towers with Radar,0,41,118,0,159,0,1,176,0,177,0,42,294,0,336,4,0,4,340
02/13/2017,FXE,FL,ASO,ES,Towers with Radar,0,40,105,0,145,0,12,238,0,250,0,52,343,0,395,171,0,171,566
02/14/2017,FXE,FL,ASO,ES,Towers with Radar,0,33,86,1,120,0,5,307,1,313,0,38,393,2,433,174,0,174,607
02/15/2017,FXE,FL,ASO,ES,Towers with Radar,0,57,112,0,169,0,4,231,0,235,0,61,343,0,404,62,0,62,466
02/16/2017,FXE,FL,ASO,ES,Towers with Radar,0,56,151,0,207,0,8,335,0,343,0,64,486,0,550,94,0,94,644
02/17/2017,FXE,FL,ASO,ES,Towers with Radar,0,53,180,0,233,0,20,294,0,314,0,73,474,0,547,62,0,62,609
02/18/2017,FXE,FL,ASO,ES,Towers with Radar,0,33,85,0,118,0,3,177,0,180,0,36,262,0,298,2,0,2,300
02/19/2017,FXE,FL,ASO,ES,Towers with Radar,0,34,112,0,146,0,5,151,0,156,0,39,263,0,302,23,0,23,325
02/20/2017,FXE,FL,ASO,ES,Towers with Radar,0,56,156,0,212,0,15,235,0,250,0,71,391,0,462,20,0,20,482
02/21/2017,FXE,FL,ASO,ES,Towers with Radar,0,43,133,2,178,0,8,299,0,307,0,51,432,2,485,128,0,128,613
02/22/2017,FXE,FL,ASO,ES,Towers with Radar,0,36,101,0,137,0,6,81,0,87,0,42,182,0,224,21,0,21,245
02/23/2017,FXE,FL,ASO,ES,Towers with Radar,0,41,144,0,185,0,10,295,0,305,0,51,439,0,490,122,0,122,612
02/24/2017,FXE,FL,ASO,ES,Towers with Radar,0,43,179,0,222,0,12,210,1,223,0,55,389,1,445,68,0,68,513
02/25/2017,FXE,FL,ASO,ES,Towers with Radar,0,27,116,0,143,0,3,172,0,175,0,30,288,0,318,78,0,78,396
02/26/2017,FXE,FL,ASO,ES,Towers with Radar,0,42,128,0,170,0,3,203,2,208,0,45,331,2,378,121,0,121,499
02/27/2017,FXE,FL,ASO,ES,Towers with Radar,0,29,127,0,156,0,16,230,0,246,0,45,357,0,402,76,0,76,478
02/28/2017,FXE,FL,ASO,ES,Towers with Radar,2,35,140,0,177,0,8,218,3,229,2,43,358,3,406,106,0,106,512
03/01/2017,FXE,FL,ASO,ES,Towers with Radar,0,46,136,2,184,0,14,267,1,282,0,60,403,3,466,244,0,244,710
03/02/2017,FXE,FL,ASO,ES,Towers with Radar,0,36,78,0,114,1,4,179,2,186,1,40,257,2,300,68,0,68,368
03/03/2017,FXE,FL,ASO,ES,Towers with Radar,0,40,127,1,168,0,7,204,0,211,0,47,331,1,379,74,0,74,453
03/04/2017,FXE,FL,ASO,ES,Towers with Radar,0,25,88,0,113,4,6,117,0,127,4,31,205,0,240,0,0,0,240
03/05/2017,FXE,FL,ASO,ES,Towers with Radar,0,27,120,1,148,0,1,80,0,81,0,28,200,1,229,10,0,10,239
03/06/2017,FXE,FL,ASO,ES,Towers with Radar,0,18,110,0,128,0,8,163,0,171,0,26,273,0,299,117,0,117,416
03/07/2017,FXE,FL,ASO,ES,Towers with Radar,0,42,110,0,152,0,6,267,0,273,0,48,377,0,425,94,0,94,519
03/08/2017,FXE,FL,ASO,ES,Towers with Radar,0,33,107,0,140,0,10,336,0,346,0,43,443,0,486,181,0,181,667
03/09/2017,FXE,FL,ASO,ES,Towers with Radar,0,44,130,0,174,0,8,436,1,445,0,52,566,1,619,202,2,204,823
03/10/2017,FXE,FL,ASO,ES,Towers with Radar,0,41,138,0,179,0,15,299,0,314,0,56,437,0,493,133,0,133,626
03/11/2017,FXE,FL,ASO,ES,Towers with Radar,0,36,136,0,172,0,6,264,0,270,0,42,400,0,442,74,0,74,516
03/12/2017,FXE,FL,ASO,ES,Towers with Radar,0,43,127,0,170,0,0,161,1,162,0,43,288,1,332,78,0,78,410
03/13/2017,FXE,FL,ASO,ES,Towers with Radar,0,48,107,0,155,0,6,254,0,260,0,54,361,0,415,93,0,93,508
03/14/2017,FXE,FL,ASO,ES,Towers with Radar,0,34,104,0,138,0,8,219,0,227,0,42,323,0,365,121,0,121,486
03/15/2017,FXE,FL,ASO,ES,Towers with Radar,0,43,108,1,152,0,10,279,0,289,0,53,387,1,441,60,0,60,501
03/16/2017,FXE,FL,ASO,ES,Towers with Radar,0,57,147,0,204,0,7,344,0,351,0,64,491,0,555,128,0,128,683
03/17/2017,FXE,FL,ASO,ES,Towers with Radar,0,49,131,0,180,0,11,241,0,252,0,60,372,0,432,68,0,68,500
03/18/2017,FXE,FL,ASO,ES,Towers with Radar,0,51,117,0,168,0,5,145,1,151,0,56,262,1,319,8,0,8,327
03/19/2017,FXE,FL,ASO,ES,Towers with Radar,0,53,128,0,181,0,4,140,0,144,0,57,268,0,325,14,0,14,339
03/20/2017,FXE,FL,ASO,ES,Towers with Radar,0,48,126,0,174,0,5,205,0,210,0,53,331,0,384,78,0,78,462
03/21/2017,FXE,FL,ASO,ES,Towers with Radar,0,43,104,0,147,0,4,274,0,278,0,47,378,0,425,90,0,90,515
03/22/2017,FXE,FL,ASO,ES,Towers with Radar,0,34,103,0,137,0,10,343,1,354,0,44,446,1,491,108,0,108,599
03/23/2017,FXE,FL,ASO,ES,Towers with Radar,0,47,101,0,148,0,7,200,0,207,0,54,301,0,355,78,0,78,433
03/24/2017,FXE,FL,ASO,ES,Towers with Radar,0,48,116,0,164,0,10,195,0,205,0,58,311,0,369,100,0,100,469
03/25/2017,FXE,FL,ASO,ES,Towers with Radar,0,44,101,0,145,0,6,218,0,224,0,50,319,0,369,56,0,56,425
03/26/2017,FXE,FL,ASO,ES,Towers with Radar,0,45,112,0,157,0,1,179,0,180,0,46,291,0,337,100,0,100,437
03/27/2017,FXE,FL,ASO,ES,Towers with Radar,0,40,104,1,145,0,12,249,1,262,0,52,353,2,407,154,0,154,561
03/28/2017,FXE,FL,ASO,ES,Towers with Radar,0,39,103,0,142,0,7,296,0,303,0,46,399,0,445,150,0,150,595
03/29/2017,FXE,FL,ASO,ES,Towers with Radar,0,39,101,0,140,0,12,372,0,384,0,51,473,0,524,176,0,176,700
03/30/2017,FXE,FL,ASO,ES,Towers with Radar,0,52,121,0,173,0,10,288,1,299,0,62,409,1,472,120,0,120,592
03/31/2017,FXE,FL,ASO,ES,Towers with Radar,0,39,130,0,169,0,10,267,1,278,0,49,397,1,447,180,0,180,627
04/01/2017,FXE,FL,ASO,ES,Towers with Radar,0,38,101,0,139,0,2,207,0,209,0,40,308,0,348,136,0,136,484
04/02/2017,FXE,FL,ASO,ES,Towers with Radar,0,51,113,0,164,0,1,172,0,173,0,52,285,0,337,60,0,60,397
04/03/2017,FXE,FL,ASO,ES,Towers with Radar,0,43,128,3,174,0,4,232,3,239,0,47,360,6,413,64,0,64,477
04/04/2017,FXE,FL,ASO,ES,Towers with Radar,0,30,100,0,130,0,8,287,2,297,0,38,387,2,427,216,0,216,643
04/05/2017,FXE,FL,ASO,ES,Towers with Radar,0,34,96,1,131,0,8,304,0,312,0,42,400,1,443,158,0,158,601
04/06/2017,FXE,FL,ASO,ES,Towers with Radar,0,48,136,3,187,0,4,260,3,267,0,52,396,6,454,65,0,65,519
04/07/2017,FXE,FL,ASO,ES,Towers with Radar,0,65,178,0,243,0,13,206,1,220,0,78,384,1,463,8,0,8,471
04/08/2017,FXE,FL,ASO,ES,Towers with Radar,0,59,133,0,192,0,7,169,0,176,0,66,302,0,368,1,0,1,369
04/09/2017,FXE,FL,ASO,ES,Towers with Radar,0,47,119,0,166,0,3,187,0,190,0,50,306,0,356,26,0,26,382
04/10/2017,FXE,FL,ASO,ES,Towers with Radar,0,38,122,0,160,0,8,204,0,212,0,46,326,0,372,67,0,67,439
04/11/2017,FXE,FL,ASO,ES,Towers with Radar,0,43,115,0,158,0,8,220,3,231,0,51,335,3,389,64,0,64,453
04/12/2017,FXE,FL,ASO,ES,Towers with Radar,0,45,108,0,153,0,12,182,0,194,0,57,290,0,347,104,0,104,451
04/13/2017,FXE,FL,ASO,ES,Towers with Radar,0,47,140,0,187,0,11,245,1,257,0,58,385,1,444,56,0,56,500
04/14/2017,FXE,FL,ASO,ES,Towers with Radar,0,50,134,1,185,0,8,270,0,278,0,58,404,1,463,16,0,16,479
04/15/2017,FXE,FL,ASO,ES,Towers with Radar,0,36,110,0,146,0,5,134,0,139,0,41,244,0,285,29,0,29,314
04/16/2017,FXE,FL,ASO,ES,Towers with Radar,1,44,100,0,145,0,6,100,0,106,1,50,200,0,251,34,0,34,285
04/17/2017,FXE,FL,ASO,ES,Towers with Radar,0,73,155,0,228,0,4,237,0,241,0,77,392,0,469,124,0,124,593
04/18/2017,FXE,FL,ASO,ES,Towers with Radar,0,42,125,0,167,0,12,288,1,301,0,54,413,1,468,153,0,153,621
04/19/2017,FXE,FL,ASO,ES,Towers with Radar,0,42,144,0,186,0,11,252,2,265,0,53,396,2,451,118,0,118,569
04/20/2017,FXE,FL,ASO,ES,Towers with Radar,0,52,163,0,215,0,3,229,0,232,0,55,392,0,447,106,0,106,553
04/21/2017,FXE,FL,ASO,ES,Towers with Radar,0,54,130,0,184,0,10,284,0,294,0,64,414,0,478,140,0,140,618
04/22/2017,FXE,FL,ASO,ES,Towers with Radar,0,27,77,0,104,0,6,204,0,210,0,33,281,0,314,140,0,140,454
04/23/2017,FXE,FL,ASO,ES,Towers with Radar,0,42,100,0,142,0,2,28,0,30,0,44,128,0,172,0,0,0,172
04/24/2017,FXE,FL,ASO,ES,Towers with Radar,0,56,104,0,160,0,5,219,0,224,0,61,323,0,384,89,0,89,473
04/25/2017,FXE,FL,ASO,ES,Towers with Radar,0,35,88,0,123,0,7,244,0,251,0,42,332,0,374,94,0,94,468
04/26/2017,FXE,FL,ASO,ES,Towers with Radar,1,49,103,2,155,0,10,247,0,257,1,59,350,2,412,208,0,208,620
04/27/2017,FXE,FL,ASO,ES,Towers with Radar,0,39,116,0,155,0,13,275,3,291,0,52,391,3,446,148,0,148,594
04/28/2017,FXE,FL,ASO,ES,Towers with Radar,0,40,122,0,162,0,7,258,0,265,0,47,380,0,427,54,0,54,481
04/29/2017,FXE,FL,ASO,ES,Towers with Radar,0,28,75,0,103,0,4,200,0,204,0,32,275,0,307,76,0,76,383
04/30/2017,FXE,FL,ASO,ES,Towers with Radar,0,45,98,0,143,0,2,148,0,150,0,47,246,0,293,68,0,68,361
05/01/2017,FXE,FL,ASO,ES,Towers with Radar,0,32,101,0,133,0,2,247,0,249,0,34,348,0,382,124,0,124,506
05/02/2017,FXE,FL,ASO,ES,Towers with Radar,0,45,122,0,167,0,9,223,1,233,0,54,345,1,400,156,0,156,556
05/03/2017,FXE,FL,ASO,ES,Towers with Radar,1,36,130,1,168,0,10,270,1,281,1,46,400,2,449,208,0,208,657
05/04/2017,FXE,FL,ASO,ES,Towers with Radar,0,55,124,0,179,0,10,200,0,210,0,65,324,0,389,120,0,120,509
05/05/2017,FXE,FL,ASO,ES,Towers with Radar,12,44,88,0,144,17,7,96,0,120,29,51,184,0,264,95,0,95,359
05/06/2017,FXE,FL,ASO,ES,Towers with Radar,0,38,59,0,97,0,5,167,0,172,0,43,226,0,269,116,0,116,385
05/07/2017,FXE,FL,ASO,ES,Towers with Radar,0,43,90,1,134,0,4,157,1,162,0,47,247,2,296,104,0,104,400
05/08/2017,FXE,FL,ASO,ES,Towers with Radar,0,35,105,0,140,0,9,253,0,262,0,44,358,0,402,138,0,138,540
05/09/2017,FXE,FL,ASO,ES,Towers with Radar,0,34,106,0,140,0,7,325,0,332,0,41,431,0,472,202,0,202,674
05/10/2017,FXE,FL,ASO,ES,Towers with Radar,0,26,135,0,161,0,3,300,0,303,0,29,435,0,464,182,0,182,646
05/11/2017,FXE,FL,ASO,ES,Towers with Radar,0,38,116,0,154,0,7,274,0,281,0,45,390,0,435,152,0,152,587
05/12/2017,FXE,FL,ASO,ES,Towers with Radar,0,50,105,0,155,0,7,243,1,251,0,57,348,1,406,106,0,106,512
05/13/2017,FXE,FL,ASO,ES,Towers with Radar,0,24,110,0,134,0,6,180,0,186,0,30,290,0,320,98,0,98,418
05/14/2017,FXE,FL,ASO,ES,Towers with Radar,0,31,69,0,100,0,2,179,0,181,0,33,248,0,281,106,0,106,387
05/15/2017,FXE,FL,ASO,ES,Towers with Radar,0,24,90,2,116,0,7,260,2,269,0,31,350,4,385,172,0,172,557
05/16/2017,FXE,FL,ASO,ES,Towers with Radar,0,38,102,0,140,22,15,306,0,343,22,53,408,0,483,164,0,164,647
05/17/2017,FXE,FL,ASO,ES,Towers with Radar,0,36,106,0,142,0,11,221,0,232,0,47,327,0,374,88,0,88,462
05/18/2017,FXE,FL,ASO,ES,Towers with Radar,0,47,119,0,166,0,5,188,0,193,0,52,307,0,359,103,0,103,462
05/19/2017,FXE,FL,ASO,ES,Towers with Radar,0,39,123,0,162,0,12,236,0,248,0,51,359,0,410,130,0,130,540
05/20/2017,FXE,FL,ASO,ES,Towers with Radar,0,24,85,0,109,0,3,186,0,189,0,27,271,0,298,60,0,60,358
05/21/2017,FXE,FL,ASO,ES,Towers with Radar,0,34,109,0,143,0,1,215,0,216,0,35,324,0,359,57,0,57,416
05/22/2017,FXE,FL,ASO,ES,Towers with Radar,0,31,111,2,144,0,9,275,1,285,0,40,386,3,429,144,0,144,573
05/23/2017,FXE,FL,ASO,ES,Towers with Radar,0,34,94,0,128,0,6,226,0,232,0,40,320,0,360,196,0,196,556
05/24/2017,FXE,FL,ASO,ES,Towers with Radar,0,42,66,0,108,0,11,166,0,177,0,53,232,0,285,66,0,66,351
05/25/2017,FXE,FL,ASO,ES,Towers with Radar,0,52,108,0,160,0,17,127,0,144,0,69,235,0,304,70,0,70,374
05/26/2017,FXE,FL,ASO,ES,Towers with Radar,0,37,146,0,183,0,11,333,2,346,0,48,479,2,529,147,0,147,676
05/27/2017,FXE,FL,ASO,ES,Towers with Radar,0,28,62,0,90,0,8,191,0,199,0,36,253,0,289,58,0,58,347
05/28/2017,FXE,FL,ASO,ES,Towers with Radar,0,19,64,0,83,0,0,129,1,130,0,19,193,1,213,78,0,78,291
05/29/2017,FXE,FL,ASO,ES,Towers with Radar,0,34,171,0,205,0,4,226,1,231,0,38,397,1,436,94,0,94,530
05/30/2017,FXE,FL,ASO,ES,Towers with Radar,0,32,127,0,159,0,5,291,2,298,0,37,418,2,457,118,0,118,575
05/31/2017,FXE,FL,ASO,ES,Towers with Radar,0,39,73,0,112,0,10,217,0,227,0,49,290,0,339,168,0,168,507
06/01/2017,FXE,FL,ASO,ES,Towers with Radar,0,29,82,0,111,0,8,242,0,250,0,37,324,0,361,210,0,210,571
06/02/2017,FXE,FL,ASO,ES,Towers with Radar,0,39,94,0,133,0,4,138,0,142,0,43,232,0,275,112,0,112,387
06/03/2017,FXE,FL,ASO,ES,Towers with Radar,0,36,78,1,115,0,5,86,0,91,0,41,164,1,206,32,0,32,238
06/04/2017,FXE,FL,ASO,ES,Towers with Radar,0,27,84,0,111,0,0,92,0,92,0,27,176,0,203,71,0,71,274
06/05/2017,FXE,FL,ASO,ES,Towers with Radar,1,27,94,0,122,0,1,95,0,96,1,28,189,0,218,106,0,106,324
06/06/2017,FXE,FL,ASO,ES,Towers with Radar,0,32,36,0,68,0,0,5,0,5,0,32,41,0,73,5,0,5,78
06/07/2017,FXE,FL,ASO,ES,Towers with Radar,0,26,68,1,95,0,8,71,0,79,0,34,139,1,174,36,0,36,210
06/08/2017,FXE,FL,ASO,ES,Towers with Radar,0,46,93,0,139,0,12,154,0,166,0,58,247,0,305,110,0,110,415
06/09/2017,FXE,FL,ASO,ES,Towers with Radar,0,43,86,0,129,0,14,183,0,197,0,57,269,0,326,118,0,118,444
06/10/2017,FXE,FL,ASO,ES,Towers with Radar,0,26,56,0,82,0,4,136,0,140,0,30,192,0,222,112,0,112,334
06/11/2017,FXE,FL,ASO,ES,Towers with Radar,0,37,77,0,114,0,1,147,0,148,0,38,224,0,262,76,0,76,338
06/12/2017,FXE,FL,ASO,ES,Towers with Radar,0,22,100,0,122,0,6,175,0,181,0,28,275,0,303,220,0,220,523
06/13/2017,FXE,FL,ASO,ES,Towers with Radar,0,34,86,2,122,0,13,269,1,283,0,47,355,3,405,272,0,272,677
06/14/2017,FXE,FL,ASO,ES,Towers with Radar,0,42,85,0,127,0,13,162,0,175,0,55,247,0,302,138,0,138,440
06/15/2017,FXE,FL,ASO,ES,Towers with Radar,0,54,96,0,150,0,10,224,0,234,0,64,320,0,384,176,0,176,560
06/16/2017,FXE,FL,ASO,ES,Towers with Radar,0,42,123,1,166,0,12,181,0,193,0,54,304,1,359,124,0,124,483
06/17/2017,FXE,FL,ASO,ES,Towers with Radar,0,34,70,0,104,0,5,205,1,211,0,39,275,1,315,122,0,122,437
06/18/2017,FXE,FL,ASO,ES,Towers with Radar,0,24,76,1,101,0,18,133,0,151,0,42,209,1,252,38,0,38,290
06/19/2017,FXE,FL,ASO,ES,Towers with Radar,0,33,99,0,132,0,9,175,0,184,0,42,274,0,316,135,0,135,451
06/20/2017,FXE,FL,ASO,ES,Towers with Radar,0,34,91,0,125,0,9,266,0,275,0,43,357,0,400,167,0,167,567
06/21/2017,FXE,FL,ASO,ES,Towers with Radar,0,29,92,0,121,0,10,240,0,250,0,39,332,0,371,197,0,197,568
06/22/2017,FXE,FL,ASO,ES,Towers with Radar,0,38,110,0,148,0,14,229,0,243,0,52,339,0,391,136,0,136,527
06/23/2017,FXE,FL,ASO,ES,Towers with Radar,0,39,104,0,143,0,7,271,0,278,0,46,375,0,421,182,0,182,603
06/24/2017,FXE,FL,ASO,ES,Towers with Radar,0,31,63,0,94,0,3,247,0,250,0,34,310,0,344,96,0,96,440
06/25/2017,FXE,FL,ASO,ES,Towers with Radar,0,35,79,0,114,0,0,240,0,240,0,35,319,0,354,111,0,111,465
06/26/2017,FXE,FL,ASO,ES,Towers with Radar,0,34,92,0,126,0,14,268,0,282,0,48,360,0,408,312,0,312,720
06/27/2017,FXE,FL,ASO,ES,Towers with Radar,0,29,92,1,122,0,6,225,0,231,0,35,317,1,353,280,0,280,633
06/28/2017,FXE,FL,ASO,ES,Towers with Radar,0,25,93,0,118,0,9,247,0,256,0,34,340,0,374,298,0,298,672
06/29/2017,FXE,FL,ASO,ES,Towers with Radar,0,27,98,0,125,0,11,264,2,277,0,38,362,2,402,232,0,232,634
06/30/2017,FXE,FL,ASO,ES,Towers with Radar,0,42,119,0,161,0,22,290,1,313,0,64,409,1,474,124,0,124,598
07/01/2017,FXE,FL,ASO,ES,Towers with Radar,0,47,80,0,127,0,8,189,0,197,0,55,269,0,324,101,0,101,425
07/02/2017,FXE,FL,ASO,ES,Towers with Radar,0,26,57,0,83,0,2,166,0,168,0,28,223,0,251,163,0,163,414
07/03/2017,FXE,FL,ASO,ES,Towers with Radar,0,22,86,0,108,0,6,216,0,222,0,28,302,0,330,202,0,202,532
07/04/2017,FXE,FL,ASO,ES,Towers with Radar,0,18,59,0,77,0,11,230,0,241,0,29,289,0,318,127,0,127,445
07/05/2017,FXE,FL,ASO,ES,Towers with Radar,0,29,84,0,113,0,5,331,0,336,0,34,415,0,449,250,0,250,699
07/06/2017,FXE,FL,ASO,ES,Towers with Radar,0,36,97,0,133,0,7,233,0,240,0,43,330,0,373,205,0,205,578
07/07/2017,FXE,FL,ASO,ES,Towers with Radar,0,36,103,0,139,0,9,193,0,202,0,45,296,0,341,107,0,107,448
07/08/2017,FXE,FL,ASO,ES,Towers with Radar,0,26,55,0,81,0,4,151,0,155,0,30,206,0,236,68,0,68,304
07/09/2017,FXE,FL,ASO,ES,Towers with Radar,0,42,79,0,121,0,1,162,0,163,0,43,241,0,284,115,0,115,399
07/10/2017,FXE,FL,ASO,ES,Towers with Radar,0,36,63,0,99,0,2,164,0,166,0,38,227,0,265,158,0,158,423
07/11/2017,FXE,FL,ASO,ES,Towers with Radar,0,21,82,0,103,0,7,288,0,295,0,28,370,0,398,196,0,196,594
07/12/2017,FXE,FL,ASO,ES,Towers with Radar,0,29,74,1,104,0,10,173,0,183,0,39,247,1,287,147,0,147,434
07/13/2017,FXE,FL,ASO,ES,Towers with Radar,0,43,100,0,143,0,6,202,0,208,0,49,302,0,351,120,0,120,471
07/14/2017,FXE,FL,ASO,ES,Towers with Radar,0,32,119,0,151,0,11,260,0,271,0,43,379,0,422,112,0,112,534
07/15/2017,FXE,FL,ASO,ES,Towers with Radar,0,31,85,0,116,0,2,211,0,213,0,33,296,0,329,145,0,145,474
07/16/2017,FXE,FL,ASO,ES,Towers with Radar,0,33,81,0,114,0,1,135,1,137,0,34,216,1,251,100,0,100,351
07/17/2017,FXE,FL,ASO,ES,Towers with Radar,0,37,81,0,118,1,5,227,0,233,1,42,308,0,351,104,0,104,455
07/18/2017,FXE,FL,ASO,ES,Towers with Radar,0,29,91,0,120,0,6,229,0,235,0,35,320,0,355,113,0,113,468
07/19/2017,FXE,FL,ASO,ES,Towers with Radar,0,25,67,0,92,0,5,226,0,231,0,30,293,0,323,164,0,164,487
07/20/2017,FXE,FL,ASO,ES,Towers with Radar,0,32,91,0,123,0,4,219,0,223,0,36,310,0,346,154,0,154,500
07/21/2017,FXE,FL,ASO,ES,Towers with Radar,0,37,92,0,129,0,8,201,0,209,0,45,293,0,338,135,0,135,473
07/22/2017,FXE,FL,ASO,ES,Towers with Radar,0,24,82,0,106,0,3,149,0,152,0,27,231,0,258,112,0,112,370
07/23/2017,FXE,FL,ASO,ES,Towers with Radar,0,26,88,0,114,0,9,162,0,171,0,35,250,0,285,94,0,94,379
07/24/2017,FXE,FL,ASO,ES,Towers with Radar,0,32,97,0,129,0,9,316,0,325,0,41,413,0,454,176,0,176,630
07/25/2017,FXE,FL,ASO,ES,Towers with Radar,0,19,82,0,101,0,7,250,0,257,0,26,332,0,358,200,0,200,558
07/26/2017,FXE,FL,ASO,ES,Towers with Radar,0,35,109,1,145,0,6,270,1,277,0,41,379,2,422,172,0,172,594
07/27/2017,FXE,FL,ASO,ES,Towers with Radar,0,28,100,0,128,0,4,287,1,292,0,32,387,1,420,150,0,150,570
07/28/2017,FXE,FL,ASO,ES,Towers with Radar,0,33,96,1,130,0,13,219,0,232,0,46,315,1,362,183,0,183,545
07/29/2017,FXE,FL,ASO,ES,Towers with Radar,0,28,63,0,91,0,5,185,0,190,0,33,248,0,281,102,0,102,383
07/30/2017,FXE,FL,ASO,ES,Towers with Radar,0,34,71,0,105,0,2,111,0,113,0,36,182,0,218,118,0,118,336
07/31/2017,FXE,FL,ASO,ES,Towers with Radar,1,30,61,0,92,0,4,118,0,122,1,34,179,0,214,124,0,124,338
08/01/2017,FXE,FL,ASO,ES,Towers with Radar,1,31,84,0,116,0,9,187,0,196,1,40,271,0,312,119,0,119,431
08/02/2017,FXE,FL,ASO,ES,Towers with Radar,0,47,91,0,138,0,9,318,0,327,0,56,409,0,465,218,0,218,683
08/03/2017,FXE,FL,ASO,ES,Towers with Radar,0,37,95,0,132,0,10,331,0,341,0,47,426,0,473,222,0,222,695
08/04/2017,FXE,FL,ASO,ES,Towers with Radar,0,34,114,0,148,0,11,326,0,337,0,45,440,0,485,168,0,168,653
08/05/2017,FXE,FL,ASO,ES,Towers with Radar,0,27,70,2,99,0,5,227,0,232,0,32,297,2,331,81,0,81,412
08/06/2017,FXE,FL,ASO,ES,Towers with Radar,0,20,79,0,99,0,2,167,0,169,0,22,246,0,268,102,0,102,370
08/07/2017,FXE,FL,ASO,ES,Towers with Radar,0,24,81,0,105,0,6,212,0,218,0,30,293,0,323,124,0,124,447
08/08/2017,FXE,FL,ASO,ES,Towers with Radar,0,26,100,0,126,0,4,339,1,344,0,30,439,1,470,154,0,154,624
08/09/2017,FXE,FL,ASO,ES,Towers with Radar,0,35,87,0,122,0,8,322,0,330,0,43,409,0,452,154,0,154,606
08/10/2017,FXE,FL,ASO,ES,Towers with Radar,0,29,79,0,108,0,7,154,0,161,0,36,233,0,269,84,0,84,353
08/11/2017,FXE,FL,ASO,ES,Towers with Radar,0,23,102,0,125,0,12,262,0,274,0,35,364,0,399,158,0,158,557
08/12/2017,FXE,FL,ASO,ES,Towers with Radar,0,29,74,0,103,0,6,250,0,256,0,35,324,0,359,124,0,124,483
08/13/2017,FXE,FL,ASO,ES,Towers with Radar,0,34,73,0,107,0,0,164,0,164,0,34,237,0,271,130,0,130,401
08/14/2017,FXE,FL,ASO,ES,Towers with Radar,0,27,84,0,111,0,8,234,0,242,0,35,318,0,353,212,0,212,565
08/15/2017,FXE,FL,ASO,ES,Towers with Radar,0,29,82,0,111,0,2,293,0,295,0,31,375,0,406,129,0,129,535
08/16/2017,FXE,FL,ASO,ES,Towers with Radar,0,30,90,0,120,0,9,279,0,288,0,39,369,0,408,170,0,170,578
08/17/2017,FXE,FL,ASO,ES,Towers with Radar,0,46,115,0,161,0,4,277,1,282,0,50,392,1,443,134,0,134,577
08/18/2017,FXE,FL,ASO,ES,Towers with Radar,0,24,95,0,119,0,11,279,0,290,0,35,374,0,409,122,0,122,531
08/19/2017,FXE,FL,ASO,ES,Towers with Radar,0,37,61,0,98,0,4,269,0,273,0,41,330,0,371,152,0,152,523
08/20/2017,FXE,FL,ASO,ES,Towers with Radar,0,39,57,0,96,0,0,121,0,121,0,39,178,0,217,63,0,63,280
08/21/2017,FXE,FL,ASO,ES,Towers with Radar,0,30,85,0,115,0,12,218,1,231,0,42,303,1,346,80,0,80,426
08/22/2017,FXE,FL,ASO,ES,Towers with Radar,0,27,89,0,116,0,3,256,0,259,0,30,345,0,375,143,0,143,518
08/23/2017,FXE,FL,ASO,ES,Towers with Radar,0,26,87,0,113,0,6,211,0,217,0,32,298,0,330,192,0,192,522
08/24/2017,FXE,FL,ASO,ES,Towers with Radar,0,32,109,0,141,0,15,77,0,92,0,47,186,0,233,22,0,22,255
08/25/2017,FXE,FL,ASO,ES,Towers with Radar,0,29,81,2,112,0,12,193,0,205,0,41,274,2,317,72,0,72,389
08/26/2017,FXE,FL,ASO,ES,Towers with Radar,0,23,47,0,70,1,2,122,0,125,1,25,169,0,195,107,0,107,302
08/27/2017,FXE,FL,ASO,ES,Towers with Radar,0,24,59,0,83,0,1,87,0,88,0,25,146,0,171,76,0,76,247
08/28/2017,FXE,FL,ASO,ES,Towers with Radar,0,29,74,0,103,0,11,296,1,308,0,40,370,1,411,216,0,216,627
08/29/2017,FXE,FL,ASO,ES,Towers with Radar,0,24,94,0,118,0,12,269,0,281,0,36,363,0,399,179,0,179,578
08/30/2017,FXE,FL,ASO,ES,Towers with Radar,0,22,86,0,108,0,11,358,0,369,0,33,444,0,477,245,0,245,722
08/31/2017,FXE,FL,ASO,ES,Towers with Radar,0,32,115,0,147,0,13,290,0,303,0,45,405,0,450,178,0,178,628
09/01/2017,FXE,FL,ASO,ES,Towers with Radar,0,41,108,0,149,0,14,304,0,318,0,55,412,0,467,210,0,210,677
09/02/2017,FXE,FL,ASO,ES,Towers with Radar,0,19,58,0,77,0,7,136,0,143,0,26,194,0,220,99,0,99,319
09/03/2017,FXE,FL,ASO,ES,Towers with Radar,0,17,63,0,80,0,2,156,0,158,0,19,219,0,238,76,0,76,314
09/04/2017,FXE,FL,ASO,ES,Towers with Radar,0,27,113,0,140,0,6,275,0,281,0,33,388,0,421,116,0,116,537
09/05/2017,FXE,FL,ASO,ES,Towers with Radar,0,41,99,0,140,0,10,232,0,242,0,51,331,0,382,177,0,177,559
09/06/2017,FXE,FL,ASO,ES,Towers with Radar,0,73,154,0,227,0,14,206,0,220,0,87,360,0,447,86,0,86,533
09/07/2017,FXE,FL,ASO,ES,Towers with Radar,0,103,225,1,329,0,7,481,0,488,0,110,706,1,817,290,0,290,1107
09/08/2017,FXE,FL,ASO,ES,Towers with Radar,0,90,152,0,242,0,3,100,0,103,0,93,252,0,345,7,0,7,352
09/09/2017,FXE,FL,ASO,ES,Towers with Radar,0,0,0,0,0,0,0,0,0,0,0,0,0,0,0,0,0,0,0
09/10/2017,FXE,FL,ASO,ES,Towers with Radar,0,0,0,0,0,0,0,0,0,0,0,0,0,0,0,0,0,0,0
09/11/2017,FXE,FL,ASO,ES,Towers with Radar,0,8,6,0,14,0,0,17,0,17,0,8,23,0,31,0,0,0,31
09/12/2017,FXE,FL,ASO,ES,Towers with Radar,2,49,81,0,132,0,1,101,0,102,2,50,182,0,234,0,0,0,234
09/13/2017,FXE,FL,ASO,ES,Towers with Radar,0,46,112,0,158,0,3,172,0,175,0,49,284,0,333,34,0,34,367
09/14/2017,FXE,FL,ASO,ES,Towers with Radar,0,30,77,0,107,0,2,127,0,129,0,32,204,0,236,55,0,55,291
09/15/2017,FXE,FL,ASO,ES,Towers with Radar,0,31,101,0,132,0,8,243,0,251,0,39,344,0,383,142,0,142,525
09/16/2017,FXE,FL,ASO,ES,Towers with Radar,0,23,73,0,96,0,5,133,0,138,0,28,206,0,234,22,0,22,256
09/17/2017,FXE,FL,ASO,ES,Towers with Radar,0,21,60,0,81,0,1,173,0,174,0,22,233,0,255,46,0,46,301
09/18/2017,FXE,FL,ASO,ES,Towers with Radar,0,32,78,0,110,0,10,176,0,186,0,42,254,0,296,142,0,142,438
09/19/2017,FXE,FL,ASO,ES,Towers with Radar,0,25,133,1,159,0,10,260,1,271,0,35,393,2,430,114,0,114,544
09/20/2017,FXE,FL,ASO,ES,Towers with Radar,0,33,110,0,143,0,10,306,0,316,0,43,416,0,459,163,0,163,622
09/21/2017,FXE,FL,ASO,ES,Towers with Radar,0,28,96,0,124,0,8,282,0,290,0,36,378,0,414,152,0,152,566
09/22/2017,FXE,FL,ASO,ES,Towers with Radar,0,35,69,0,104,0,12,258,0,270,0,47,327,0,374,174,0,174,548
09/23/2017,FXE,FL,ASO,ES,Towers with Radar,0,26,95,0,121,0,3,194,0,197,0,29,289,0,318,95,0,95,413
09/24/2017,FXE,FL,ASO,ES,Towers with Radar,0,19,74,0,93,0,1,126,0,127,0,20,200,0,220,69,0,69,289
09/25/2017,FXE,FL,ASO,ES,Towers with Radar,0,25,126,1,152,0,11,247,0,258,0,36,373,1,410,148,0,148,558
09/26/2017,FXE,FL,ASO,ES,Towers with Radar,0,50,111,2,163,0,5,278,0,283,0,55,389,2,446,188,0,188,634
09/27/2017,FXE,FL,ASO,ES,Towers with Radar,0,43,132,0,175,0,12,307,0,319,0,55,439,0,494,204,0,204,698
09/28/2017,FXE,FL,ASO,ES,Towers with Radar,2,63,145,1,211,0,9,380,0,389,2,72,525,1,600,198,0,198,798
09/29/2017,FXE,FL,ASO,ES,Towers with Radar,0,51,123,0,174,1,12,152,0,165,1,63,275,0,339,134,0,134,473
09/30/2017,FXE,FL,ASO,ES,Towers with Radar,0,39,133,0,172,13,7,212,0,232,13,46,345,0,404,146,0,146,550
10/01/2017,FXE,FL,ASO,ES,Towers with Radar,0,42,84,0,126,1,1,119,0,121,1,43,203,0,247,96,0,96,343
10/02/2017,FXE,FL,ASO,ES,Towers with Radar,0,43,107,0,150,0,5,210,0,215,0,48,317,0,365,176,0,176,541
10/03/2017,FXE,FL,ASO,ES,Towers with Radar,0,36,85,0,121,0,3,86,0,89,0,39,171,0,210,83,0,83,293
10/04/2017,FXE,FL,ASO,ES,Towers with Radar,0,39,116,0,155,0,6,89,0,95,0,45,205,0,250,21,0,21,271
10/05/2017,FXE,FL,ASO,ES,Towers with Radar,0,37,116,0,153,0,1,137,0,138,0,38,253,0,291,121,0,121,412
10/06/2017,FXE,FL,ASO,ES,Towers with Radar,0,47,146,1,194,0,19,321,0,340,0,66,467,1,534,218,0,218,752
10/07/2017,FXE,FL,ASO,ES,Towers with Radar,0,45,101,0,146,0,4,214,0,218,0,49,315,0,364,112,0,112,476
10/08/2017,FXE,FL,ASO,ES,Towers with Radar,0,32,83,0,115,0,2,256,0,258,0,34,339,0,373,76,0,76,449
10/09/2017,FXE,FL,ASO,ES,Towers with Radar,0,31,113,0,144,0,10,287,0,297,0,41,400,0,441,176,0,176,617
10/10/2017,FXE,FL,ASO,ES,Towers with Radar,0,26,100,1,127,0,5,300,0,305,0,31,400,1,432,105,0,105,537
10/11/2017,FXE,FL,ASO,ES,Towers with Radar,0,42,109,0,151,0,4,329,0,333,0,46,438,0,484,146,0,146,630
10/12/2017,FXE,FL,ASO,ES,Towers with Radar,0,37,109,0,146,0,3,143,2,148,0,40,252,2,294,105,0,105,399
10/13/2017,FXE,FL,ASO,ES,Towers with Radar,0,39,124,0,163,0,10,209,0,219,0,49,333,0,382,131,0,131,513
10/14/2017,FXE,FL,ASO,ES,Towers with Radar,0,32,81,0,113,0,5,244,0,249,0,37,325,0,362,61,0,61,423
10/15/2017,FXE,FL,ASO,ES,Towers with Radar,0,45,92,0,137,0,2,233,0,235,0,47,325,0,372,134,0,134,506
10/16/2017,FXE,FL,ASO,ES,Towers with Radar,0,47,94,1,142,0,8,358,0,366,0,55,452,1,508,146,0,146,654
10/17/2017,FXE,FL,ASO,ES,Towers with Radar,0,30,126,0,156,0,8,338,0,346,0,38,464,0,502,196,0,196,698
10/18/2017,FXE,FL,ASO,ES,Towers with Radar,0,24,111,0,135,0,13,276,0,289,0,37,387,0,424,132,0,132,556
10/19/2017,FXE,FL,ASO,ES,Towers with Radar,1,41,114,0,156,0,7,410,0,417,1,48,524,0,573,132,0,132,705
10/20/2017,FXE,FL,ASO,ES,Towers with Radar,0,43,114,0,157,0,10,340,0,350,0,53,454,0,507,136,0,136,643
10/21/2017,FXE,FL,ASO,ES,Towers with Radar,0,31,65,0,96,0,4,207,0,211,0,35,272,0,307,42,0,42,349
10/22/2017,FXE,FL,ASO,ES,Towers with Radar,0,46,94,2,142,0,2,167,0,169,0,48,261,2,311,46,0,46,357
10/23/2017,FXE,FL,ASO,ES,Towers with Radar,0,36,101,0,137,0,10,256,0,266,0,46,357,0,403,222,0,222,625
10/24/2017,FXE,FL,ASO,ES,Towers with Radar,0,33,123,0,156,0,1,172,0,173,0,34,295,0,329,134,0,134,463
10/25/2017,FXE,FL,ASO,ES,Towers with Radar,0,33,107,0,140,0,12,205,0,217,0,45,312,0,357,182,0,182,539
10/26/2017,FXE,FL,ASO,ES,Towers with Radar,0,45,125,1,171,0,3,402,0,405,0,48,527,1,576,172,0,172,748
10/27/2017,FXE,FL,ASO,ES,Towers with Radar,0,42,116,0,158,0,14,344,0,358,0,56,460,0,516,172,0,172,688
10/28/2017,FXE,FL,ASO,ES,Towers with Radar,0,42,73,0,115,0,4,81,0,85,0,46,154,0,200,65,0,65,265
10/29/2017,FXE,FL,ASO,ES,Towers with Radar,0,38,79,0,117,0,0,106,0,106,0,38,185,0,223,50,0,50,273
10/30/2017,FXE,FL,ASO,ES,Towers with Radar,0,32,95,0,127,0,8,347,0,355,0,40,442,0,482,144,0,144,626
10/31/2017,FXE,FL,ASO,ES,Towers with Radar,0,30,117,0,147,0,7,299,0,306,0,37,416,0,453,200,0,200,653
11/01/2017,FXE,FL,ASO,ES,Towers with Radar,0,58,114,1,173,0,11,335,0,346,0,69,449,1,519,150,0,150,669
11/02/2017,FXE,FL,ASO,ES,Towers with Radar,0,59,161,0,220,0,2,262,0,264,0,61,423,0,484,92,0,92,576
11/03/2017,FXE,FL,ASO,ES,Towers with Radar,0,59,163,1,223,0,16,392,1,409,0,75,555,2,632,106,0,106,738
11/04/2017,FXE,FL,ASO,ES,Towers with Radar,0,38,89,1,128,0,3,205,0,208,0,41,294,1,336,86,0,86,422
11/05/2017,FXE,FL,ASO,ES,Towers with Radar,0,53,131,0,184,0,1,182,0,183,0,54,313,0,367,62,0,62,429
11/06/2017,FXE,FL,ASO,ES,Towers with Radar,0,28,111,2,141,0,8,291,0,299,0,36,402,2,440,221,0,221,661
11/07/2017,FXE,FL,ASO,ES,Towers with Radar,0,37,167,0,204,0,6,292,0,298,0,43,459,0,502,168,0,168,670
11/08/2017,FXE,FL,ASO,ES,Towers with Radar,0,40,99,6,145,0,11,410,0,421,0,51,509,6,566,200,0,200,766
11/09/2017,FXE,FL,ASO,ES,Towers with Radar,0,51,148,0,199,0,4,312,0,316,0,55,460,0,515,194,0,194,709
11/10/2017,FXE,FL,ASO,ES,Towers with Radar,0,38,162,0,200,0,10,412,0,422,0,48,574,0,622,140,0,140,762
11/11/2017,FXE,FL,ASO,ES,Towers with Radar,0,21,97,0,118,0,2,174,0,176,0,23,271,0,294,52,0,52,346
11/12/2017,FXE,FL,ASO,ES,Towers with Radar,0,52,101,0,153,0,2,192,0,194,0,54,293,0,347,86,0,86,433
11/13/2017,FXE,FL,ASO,ES,Towers with Radar,0,35,104,0,139,0,7,261,0,268,0,42,365,0,407,114,0,114,521
11/14/2017,FXE,FL,ASO,ES,Towers with Radar,0,51,113,0,164,0,2,300,0,302,0,53,413,0,466,154,0,154,620
11/15/2017,FXE,FL,ASO,ES,Towers with Radar,0,41,133,0,174,0,10,249,0,259,0,51,382,0,433,104,0,104,537
11/16/2017,FXE,FL,ASO,ES,Towers with Radar,0,50,153,0,203,0,8,251,2,261,0,58,404,2,464,157,0,157,621
11/17/2017,FXE,FL,ASO,ES,Towers with Radar,0,54,170,0,224,0,11,281,0,292,0,65,451,0,516,88,0,88,604
11/18/2017,FXE,FL,ASO,ES,Towers with Radar,0,40,115,1,156,0,6,308,0,314,0,46,423,1,470,80,0,80,550
11/19/2017,FXE,FL,ASO,ES,Towers with Radar,0,42,101,0,143,0,3,228,0,231,0,45,329,0,374,71,0,71,445
11/20/2017,FXE,FL,ASO,ES,Towers with Radar,0,39,85,0,124,0,5,282,0,287,0,44,367,0,411,141,0,141,552
11/21/2017,FXE,FL,ASO,ES,Towers with Radar,0,45,130,0,175,0,4,302,0,306,0,49,432,0,481,126,0,126,607
11/22/2017,FXE,FL,ASO,ES,Towers with Radar,0,37,136,0,173,0,14,242,0,256,0,51,378,0,429,6,0,6,435
11/23/2017,FXE,FL,ASO,ES,Towers with Radar,0,18,55,0,73,0,4,61,0,65,0,22,116,0,138,10,0,10,148
11/24/2017,FXE,FL,ASO,ES,Towers with Radar,0,32,105,0,137,0,8,144,0,152,0,40,249,0,289,3,0,3,292
11/25/2017,FXE,FL,ASO,ES,Towers with Radar,0,38,91,0,129,0,9,178,1,188,0,47,269,1,317,4,0,4,321
11/26/2017,FXE,FL,ASO,ES,Towers with Radar,0,49,171,0,220,0,4,222,0,226,0,53,393,0,446,37,0,37,483
11/27/2017,FXE,FL,ASO,ES,Towers with Radar,0,39,128,0,167,0,4,381,0,385,0,43,509,0,552,150,0,150,702
11/28/2017,FXE,FL,ASO,ES,Towers with Radar,0,35,118,0,153,0,5,299,2,306,0,40,417,2,459,160,0,160,619
11/29/2017,FXE,FL,ASO,ES,Towers with Radar,0,45,130,1,176,0,6,309,0,315,0,51,439,1,491,142,0,142,633
11/30/2017,FXE,FL,ASO,ES,Towers with Radar,0,39,116,0,155,0,6,312,0,318,0,45,428,0,473,184,0,184,657
12/01/2017,FXE,FL,ASO,ES,Towers with Radar,0,31,105,0,136,0,12,334,0,346,0,43,439,0,482,204,0,204,686
12/02/2017,FXE,FL,ASO,ES,Towers with Radar,0,25,117,0,142,0,5,250,1,256,0,30,367,1,398,166,0,166,564
12/03/2017,FXE,FL,ASO,ES,Towers with Radar,0,19,110,0,129,0,4,282,0,286,0,23,392,0,415,144,0,144,559
12/04/2017,FXE,FL,ASO,ES,Towers with Radar,0,30,116,0,146,0,11,308,0,319,0,41,424,0,465,144,0,144,609
12/05/2017,FXE,FL,ASO,ES,Towers with Radar,0,41,116,0,157,0,6,314,0,320,0,47,430,0,477,166,0,166,643
12/06/2017,FXE,FL,ASO,ES,Towers with Radar,0,32,105,0,137,0,13,353,0,366,0,45,458,0,503,132,0,132,635
12/07/2017,FXE,FL,ASO,ES,Towers with Radar,0,56,141,0,197,0,10,305,0,315,0,66,446,0,512,158,0,158,670
12/08/2017,FXE,FL,ASO,ES,Towers with Radar,0,31,105,0,136,0,10,285,0,295,0,41,390,0,431,140,0,140,571
12/09/2017,FXE,FL,ASO,ES,Towers with Radar,0,28,55,0,83,0,7,44,0,51,0,35,99,0,134,6,0,6,140
12/10/2017,FXE,FL,ASO,ES,Towers with Radar,0,36,101,1,138,0,2,206,0,208,0,38,307,1,346,38,0,38,384
12/11/2017,FXE,FL,ASO,ES,Towers with Radar,0,29,101,0,130,0,6,336,1,343,0,35,437,1,473,52,0,52,525
12/12/2017,FXE,FL,ASO,ES,Towers with Radar,0,40,111,0,151,0,13,316,3,332,0,53,427,3,483,154,0,154,637
12/13/2017,FXE,FL,ASO,ES,Towers with Radar,0,31,109,0,140,0,10,294,4,308,0,41,403,4,448,170,0,170,618
12/14/2017,FXE,FL,ASO,ES,Towers with Radar,0,36,121,1,158,0,8,442,4,454,0,44,563,5,612,164,0,164,776
12/15/2017,FXE,FL,ASO,ES,Towers with Radar,0,45,121,2,168,0,14,340,0,354,0,59,461,2,522,118,0,118,640
12/16/2017,FXE,FL,ASO,ES,Towers with Radar,0,27,113,0,140,0,11,287,0,298,0,38,400,0,438,84,0,84,522
12/17/2017,FXE,FL,ASO,ES,Towers with Radar,0,30,94,0,124,0,2,184,0,186,0,32,278,0,310,86,0,86,396
12/18/2017,FXE,FL,ASO,ES,Towers with Radar,1,43,97,0,141,0,25,260,1,286,1,68,357,1,427,140,0,140,567
12/19/2017,FXE,FL,ASO,ES,Towers with Radar,0,31,119,0,150,0,13,354,0,367,0,44,473,0,517,154,0,154,671
12/20/2017,FXE,FL,ASO,ES,Towers with Radar,0,43,120,0,163,0,16,305,0,321,0,59,425,0,484,80,0,80,564
12/21/2017,FXE,FL,ASO,ES,Towers with Radar,0,61,135,0,196,0,9,320,0,329,0,70,455,0,525,110,0,110,635
12/22/2017,FXE,FL,ASO,ES,Towers with Radar,0,44,133,0,177,0,19,232,0,251,0,63,365,0,428,15,0,15,443
12/23/2017,FXE,FL,ASO,ES,Towers with Radar,0,43,100,0,143,0,10,234,0,244,0,53,334,0,387,55,0,55,442
12/24/2017,FXE,FL,ASO,ES,Towers with Radar,0,27,51,1,79,0,0,104,0,104,0,27,155,1,183,26,0,26,209
12/25/2017,FXE,FL,ASO,ES,Towers with Radar,1,18,43,0,62,0,0,70,0,70,1,18,113,0,132,16,0,16,148
12/26/2017,FXE,FL,ASO,ES,Towers with Radar,0,71,154,0,225,0,10,259,0,269,0,81,413,0,494,36,0,36,530
12/27/2017,FXE,FL,ASO,ES,Towers with Radar,0,65,158,1,224,0,8,239,0,247,0,73,397,1,471,8,0,8,479
12/28/2017,FXE,FL,ASO,ES,Towers with Radar,0,64,127,0,191,0,12,252,0,264,0,76,379,0,455,30,0,30,485
12/29/2017,FXE,FL,ASO,ES,Towers with Radar,0,53,132,0,185,0,10,166,0,176,0,63,298,0,361,20,0,20,381
12/30/2017,FXE,FL,ASO,ES,Towers with Radar,1,53,146,1,201,0,5,45,0,50,1,58,191,1,251,2,0,2,253
12/31/2017,FXE,FL,ASO,ES,Towers with Radar,0,36,89,1,126,12,5,162,0,179,12,41,251,1,305,14,0,14,319
01/01/2018,FXE,FL,ASO,ES,Towers with Radar,0,65,120,0,185,0,5,123,0,128,0,70,243,0,313,22,0,22,335
01/02/2018,FXE,FL,ASO,ES,Towers with Radar,0,72,158,0,230,0,2,15,0,17,0,74,173,0,247,0,0,0,247
01/03/2018,FXE,FL,ASO,ES,Towers with Radar,0,70,124,0,194,0,7,66,0,73,0,77,190,0,267,30,0,30,297
01/04/2018,FXE,FL,ASO,ES,Towers with Radar,0,42,96,0,138,0,9,305,0,314,0,51,401,0,452,114,0,114,566
01/05/2018,FXE,FL,ASO,ES,Towers with Radar,0,54,114,1,169,0,27,275,0,302,0,81,389,1,471,180,0,180,651
01/06/2018,FXE,FL,ASO,ES,Towers with Radar,0,49,108,0,157,0,2,229,0,231,0,51,337,0,388,70,0,70,458
01/07/2018,FXE,FL,ASO,ES,Towers with Radar,0,41,118,0,159,0,0,171,0,171,0,41,289,0,330,76,0,76,406
01/08/2018,FXE,FL,ASO,ES,Towers with Radar,0,38,105,2,145,0,13,241,0,254,0,51,346,2,399,99,0,99,498
01/09/2018,FXE,FL,ASO,ES,Towers with Radar,0,47,104,0,151,0,4,105,0,109,0,51,209,0,260,93,0,93,353
01/10/2018,FXE,FL,ASO,ES,Towers with Radar,0,20,134,0,154,0,8,201,0,209,0,28,335,0,363,94,0,94,457
01/11/2018,FXE,FL,ASO,ES,Towers with Radar,0,42,146,0,188,0,3,337,0,340,0,45,483,0,528,132,0,132,660
01/12/2018,FXE,FL,ASO,ES,Towers with Radar,0,41,135,1,177,0,7,183,0,190,0,48,318,1,367,70,0,70,437
01/13/2018,FXE,FL,ASO,ES,Towers with Radar,0,32,97,0,129,0,5,183,1,189,0,37,280,1,318,26,0,26,344
01/14/2018,FXE,FL,ASO,ES,Towers with Radar,0,34,91,1,126,0,6,142,5,153,0,40,233,6,279,7,0,7,286
01/15/2018,FXE,FL,ASO,ES,Towers with Radar,1,49,139,0,189,0,4,176,26,206,1,53,315,26,395,6,0,6,401
01/16/2018,FXE,FL,ASO,ES,Towers with Radar,0,51,125,0,176,0,5,305,27,337,0,56,430,27,513,189,0,189,702
01/17/2018,FXE,FL,ASO,ES,Towers with Radar,0,44,137,0,181,0,10,241,36,287,0,54,378,36,468,133,0,133,601
01/18/2018,FXE,FL,ASO,ES,Towers with Radar,0,60,110,0,170,0,13,296,16,325,0,73,406,16,495,100,0,100,595
01/19/2018,FXE,FL,ASO,ES,Towers with Radar,0,43,125,3,171,0,14,344,2,360,0,57,469,5,531,110,0,110,641
01/20/2018,FXE,FL,ASO,ES,Towers with Radar,0,28,105,1,134,0,5,206,4,215,0,33,311,5,349,112,0,112,461
01/21/2018,FXE,FL,ASO,ES,Towers with Radar,0,39,108,0,147,0,1,177,0,178,0,40,285,0,325,105,0,105,430
01/22/2018,FXE,FL,ASO,ES,Towers with Radar,0,30,132,2,164,0,10,372,1,383,0,40,504,3,547,172,0,172,719
01/23/2018,FXE,FL,ASO,ES,Towers with Radar,0,26,120,0,146,0,2,194,2,198,0,28,314,2,344,210,0,210,554
01/24/2018,FXE,FL,ASO,ES,Towers with Radar,0,39,151,0,190,0,6,267,0,273,0,45,418,0,463,80,0,80,543
01/25/2018,FXE,FL,ASO,ES,Towers with Radar,0,48,136,1,185,0,2,232,0,234,0,50,368,1,419,60,0,60,479
01/26/2018,FXE,FL,ASO,ES,Towers with Radar,0,36,107,0,143,0,8,155,0,163,0,44,262,0,306,37,0,37,343
01/27/2018,FXE,FL,ASO,ES,Towers with Radar,0,27,84,0,111,0,4,146,0,150,0,31,230,0,261,52,0,52,313
01/28/2018,FXE,FL,ASO,ES,Towers with Radar,0,45,113,0,158,0,4,135,0,139,0,49,248,0,297,84,0,84,381
01/29/2018,FXE,FL,ASO,ES,Towers with Radar,1,27,92,0,120,0,7,215,0,222,1,34,307,0,342,148,0,148,490
01/30/2018,FXE,FL,ASO,ES,Towers with Radar,0,41,117,0,158,0,3,276,0,279,0,44,393,0,437,86,0,86,523
01/31/2018,FXE,FL,ASO,ES,Towers with Radar,0,30,136,0,166,0,8,252,0,260,0,38,388,0,426,152,0,152,578
02/01/2018,FXE,FL,ASO,ES,Towers with Radar,0,52,158,0,210,0,5,302,0,307,0,57,460,0,517,101,0,101,618
02/02/2018,FXE,FL,ASO,ES,Towers with Radar,0,57,149,0,206,0,12,278,0,290,0,69,427,0,496,66,0,66,562
02/03/2018,FXE,FL,ASO,ES,Towers with Radar,0,36,86,0,122,0,4,139,0,143,0,40,225,0,265,52,0,52,317
02/04/2018,FXE,FL,ASO,ES,Towers with Radar,0,43,83,0,126,0,1,223,0,224,0,44,306,0,350,126,0,126,476
02/05/2018,FXE,FL,ASO,ES,Towers with Radar,0,50,142,0,192,0,6,304,0,310,0,56,446,0,502,86,0,86,588
02/06/2018,FXE,FL,ASO,ES,Towers with Radar,0,22,119,0,141,0,5,334,1,340,0,27,453,1,481,50,0,50,531
02/07/2018,FXE,FL,ASO,ES,Towers with Radar,0,35,137,1,173,0,7,289,1,297,0,42,426,2,470,170,0,170,640
02/08/2018,FXE,FL,ASO,ES,Towers with Radar,0,51,153,0,204,0,4,335,1,340,0,55,488,1,544,178,0,178,722
02/09/2018,FXE,FL,ASO,ES,Towers with Radar,0,46,140,0,186,0,13,236,2,251,0,59,376,2,437,92,0,92,529
02/10/2018,FXE,FL,ASO,ES,Towers with Radar,0,38,78,0,116,0,8,220,0,228,0,46,298,0,344,171,0,171,515
02/11/2018,FXE,FL,ASO,ES,Towers with Radar,0,43,110,0,153,0,1,172,0,173,0,44,282,0,326,108,0,108,434
02/12/2018,FXE,FL,ASO,ES,Towers with Radar,0,39,118,0,157,0,9,230,1,240,0,48,348,1,397,172,0,172,569
02/13/2018,FXE,FL,ASO,ES,Towers with Radar,0,44,134,0,178,0,7,311,1,319,0,51,445,1,497,92,0,92,589
02/14/2018,FXE,FL,ASO,ES,Towers with Radar,0,53,122,0,175,0,12,350,0,362,0,65,472,0,537,126,0,126,663
02/15/2018,FXE,FL,ASO,ES,Towers with Radar,0,63,176,0,239,0,3,329,0,332,0,66,505,0,571,102,0,102,673
02/16/2018,FXE,FL,ASO,ES,Towers with Radar,1,61,157,0,219,0,14,299,0,313,1,75,456,0,532,112,0,112,644
02/17/2018,FXE,FL,ASO,ES,Towers with Radar,0,52,91,0,143,0,3,243,0,246,0,55,334,0,389,84,0,84,473
02/18/2018,FXE,FL,ASO,ES,Towers with Radar,0,40,126,0,166,0,2,230,0,232,0,42,356,0,398,106,0,106,504
02/19/2018,FXE,FL,ASO,ES,Towers with Radar,0,63,178,0,241,0,10,199,0,209,0,73,377,0,450,52,0,52,502
02/20/2018,FXE,FL,ASO,ES,Towers with Radar,0,45,134,0,179,0,3,199,0,202,0,48,333,0,381,82,0,82,463
02/21/2018,FXE,FL,ASO,ES,Towers with Radar,0,53,143,0,196,0,8,287,0,295,0,61,430,0,491,92,0,92,583
02/22/2018,FXE,FL,ASO,ES,Towers with Radar,0,55,140,0,195,0,6,222,0,228,0,61,362,0,423,104,0,104,527
02/23/2018,FXE,FL,ASO,ES,Towers with Radar,0,52,106,0,158,0,16,245,1,262,0,68,351,1,420,76,0,76,496
02/24/2018,FXE,FL,ASO,ES,Towers with Radar,0,46,94,0,140,0,6,195,0,201,0,52,289,0,341,56,0,56,397
02/25/2018,FXE,FL,ASO,ES,Towers with Radar,0,52,108,0,160,0,4,198,0,202,0,56,306,0,362,142,0,142,504
02/26/2018,FXE,FL,ASO,ES,Towers with Radar,0,39,122,0,161,0,3,286,0,289,0,42,408,0,450,122,0,122,572
02/27/2018,FXE,FL,ASO,ES,Towers with Radar,0,41,123,0,164,0,0,279,0,279,0,41,402,0,443,168,0,168,611
02/28/2018,FXE,FL,ASO,ES,Towers with Radar,0,49,130,0,179,0,8,295,0,303,0,57,425,0,482,194,0,194,676
03/01/2018,FXE,FL,ASO,ES,Towers with Radar,0,66,127,0,193,0,12,274,0,286,0,78,401,0,479,118,0,118,597
03/02/2018,FXE,FL,ASO,ES,Towers with Radar,0,44,115,0,159,0,11,267,0,278,0,55,382,0,437,74,0,74,511
03/03/2018,FXE,FL,ASO,ES,Towers with Radar,0,48,115,0,163,0,5,199,0,204,0,53,314,0,367,51,0,51,418
03/04/2018,FXE,FL,ASO,ES,Towers with Radar,0,43,110,1,154,1,2,187,0,190,1,45,297,1,344,86,0,86,430
03/05/2018,FXE,FL,ASO,ES,Towers with Radar,0,38,98,0,136,0,11,322,0,333,0,49,420,0,469,274,0,274,743
03/06/2018,FXE,FL,ASO,ES,Towers with Radar,0,44,107,0,151,0,8,284,0,292,0,52,391,0,443,188,0,188,631
03/07/2018,FXE,FL,ASO,ES,Towers with Radar,0,50,101,0,151,0,7,248,0,255,0,57,349,0,406,82,0,82,488
03/08/2018,FXE,FL,ASO,ES,Towers with Radar,0,44,113,0,157,0,10,224,1,235,0,54,337,1,392,92,0,92,484
03/09/2018,FXE,FL,ASO,ES,Towers with Radar,0,53,121,1,175,0,14,332,0,346,0,67,453,1,521,91,0,91,612
03/10/2018,FXE,FL,ASO,ES,Towers with Radar,0,51,126,0,177,0,9,268,0,277,0,60,394,0,454,168,0,168,622
03/11/2018,FXE,FL,ASO,ES,Towers with Radar,0,40,109,0,149,0,3,143,0,146,0,43,252,0,295,92,0,92,387
03/12/2018,FXE,FL,ASO,ES,Towers with Radar,0,38,94,0,132,0,6,84,0,90,0,44,178,0,222,30,0,30,252
03/13/2018,FXE,FL,ASO,ES,Towers with Radar,0,43,138,0,181,0,9,310,0,319,0,52,448,0,500,110,0,110,610
03/14/2018,FXE,FL,ASO,ES,Towers with Radar,0,49,115,0,164,0,13,301,1,315,0,62,416,1,479,90,0,90,569
03/15/2018,FXE,FL,ASO,ES,Towers with Radar,0,55,126,0,181,0,2,301,0,303,0,57,427,0,484,76,0,76,560
03/16/2018,FXE,FL,ASO,ES,Towers with Radar,0,46,141,0,187,0,16,345,0,361,0,62,486,0,548,140,0,140,688
03/17/2018,FXE,FL,ASO,ES,Towers with Radar,0,55,131,0,186,0,13,313,0,326,0,68,444,0,512,166,0,166,678
03/18/2018,FXE,FL,ASO,ES,Towers with Radar,0,46,126,0,172,0,0,191,0,191,0,46,317,0,363,160,0,160,523
03/19/2018,FXE,FL,ASO,ES,Towers with Radar,0,42,109,0,151,0,7,265,0,272,0,49,374,0,423,116,0,116,539
03/20/2018,FXE,FL,ASO,ES,Towers with Radar,0,46,84,0,130,0,3,201,0,204,0,49,285,0,334,90,0,90,424
03/21/2018,FXE,FL,ASO,ES,Towers with Radar,0,52,124,0,176,0,16,283,0,299,0,68,407,0,475,50,0,50,525
03/22/2018,FXE,FL,ASO,ES,Towers with Radar,0,55,130,0,185,0,7,313,0,320,0,62,443,0,505,132,0,132,637
03/23/2018,FXE,FL,ASO,ES,Towers with Radar,0,61,145,0,206,0,12,304,0,316,0,73,449,0,522,114,0,114,636
03/24/2018,FXE,FL,ASO,ES,Towers with Radar,0,53,134,0,187,0,8,211,0,219,0,61,345,0,406,76,0,76,482
03/25/2018,FXE,FL,ASO,ES,Towers with Radar,0,70,132,0,202,0,0,233,0,233,0,70,365,0,435,68,0,68,503
03/26/2018,FXE,FL,ASO,ES,Towers with Radar,0,37,101,0,138,0,7,284,0,291,0,44,385,0,429,156,0,156,585
03/27/2018,FXE,FL,ASO,ES,Towers with Radar,0,42,93,0,135,0,6,268,0,274,0,48,361,0,409,142,0,142,551
03/28/2018,FXE,FL,ASO,ES,Towers with Radar,0,62,125,0,187,0,16,379,0,395,0,78,504,0,582,160,0,160,742
03/29/2018,FXE,FL,ASO,ES,Towers with Radar,0,75,167,0,242,0,11,309,0,320,0,86,476,0,562,122,0,122,684
03/30/2018,FXE,FL,ASO,ES,Towers with Radar,0,55,155,0,210,0,8,251,0,259,0,63,406,0,469,140,0,140,609
03/31/2018,FXE,FL,ASO,ES,Towers with Radar,0,47,110,0,157,0,9,211,0,220,0,56,321,0,377,92,0,92,469
04/01/2018,FXE,FL,ASO,ES,Towers with Radar,0,48,100,0,148,0,7,140,0,147,0,55,240,0,295,58,0,58,353
04/02/2018,FXE,FL,ASO,ES,Towers with Radar,0,56,157,0,213,0,11,286,0,297,0,67,443,0,510,128,0,128,638
04/03/2018,FXE,FL,ASO,ES,Towers with Radar,0,49,101,0,150,0,4,317,0,321,0,53,418,0,471,142,0,142,613
04/04/2018,FXE,FL,ASO,ES,Towers with Radar,0,49,112,0,161,0,8,283,0,291,0,57,395,0,452,142,0,142,594
04/05/2018,FXE,FL,ASO,ES,Towers with Radar,0,51,93,1,145,0,2,274,1,277,0,53,367,2,422,176,0,176,598
04/06/2018,FXE,FL,ASO,ES,Towers with Radar,1,55,108,0,164,0,17,336,2,355,1,72,444,2,519,154,0,154,673
04/07/2018,FXE,FL,ASO,ES,Towers with Radar,0,49,100,0,149,0,10,240,0,250,0,59,340,0,399,68,0,68,467
04/08/2018,FXE,FL,ASO,ES,Towers with Radar,0,64,120,0,184,0,2,161,0,163,0,66,281,0,347,92,0,92,439
04/09/2018,FXE,FL,ASO,ES,Towers with Radar,0,40,113,0,153,0,15,289,0,304,0,55,402,0,457,142,0,142,599
04/10/2018,FXE,FL,ASO,ES,Towers with Radar,0,43,102,0,145,0,2,193,0,195,0,45,295,0,340,55,0,55,395
04/11/2018,FXE,FL,ASO,ES,Towers with Radar,0,43,136,4,183,0,7,375,0,382,0,50,511,4,565,110,0,110,675
04/12/2018,FXE,FL,ASO,ES,Towers with Radar,0,38,135,0,173,0,7,371,0,378,0,45,506,0,551,130,0,130,681
04/13/2018,FXE,FL,ASO,ES,Towers with Radar,0,37,116,0,153,0,12,294,0,306,0,49,410,0,459,156,0,156,615
04/14/2018,FXE,FL,ASO,ES,Towers with Radar,0,39,97,0,136,0,6,202,0,208,0,45,299,0,344,146,0,146,490
04/15/2018,FXE,FL,ASO,ES,Towers with Radar,0,33,72,0,105,0,3,79,0,82,0,36,151,0,187,42,0,42,229
04/16/2018,FXE,FL,ASO,ES,Towers with Radar,0,46,132,0,178,0,6,168,0,174,0,52,300,0,352,42,0,42,394
04/17/2018,FXE,FL,ASO,ES,Towers with Radar,0,39,92,0,131,0,5,301,0,306,0,44,393,0,437,60,0,60,497
04/18/2018,FXE,FL,ASO,ES,Towers with Radar,0,37,117,1,155,0,8,329,1,338,0,45,446,2,493,88,0,88,581
04/19/2018,FXE,FL,ASO,ES,Towers with Radar,0,57,124,0,181,0,5,329,4,338,0,62,453,4,519,112,0,112,631
04/20/2018,FXE,FL,ASO,ES,Towers with Radar,0,56,119,2,177,0,8,328,0,336,0,64,447,2,513,84,0,84,597
04/21/2018,FXE,FL,ASO,ES,Towers with Radar,0,32,104,0,136,0,7,245,2,254,0,39,349,2,390,134,0,134,524
04/22/2018,FXE,FL,ASO,ES,Towers with Radar,0,37,115,1,153,0,1,111,0,112,0,38,226,1,265,112,0,112,377
04/23/2018,FXE,FL,ASO,ES,Towers with Radar,0,30,90,1,121,0,4,210,0,214,0,34,300,1,335,168,0,168,503
04/24/2018,FXE,FL,ASO,ES,Towers with Radar,0,27,95,2,124,0,3,291,1,295,0,30,386,3,419,170,0,170,589
04/25/2018,FXE,FL,ASO,ES,Towers with Radar,0,49,155,2,206,0,13,486,0,499,0,62,641,2,705,150,0,150,855
04/26/2018,FXE,FL,ASO,ES,Towers with Radar,0,54,147,1,202,0,9,381,1,391,0,63,528,2,593,238,0,238,831
04/27/2018,FXE,FL,ASO,ES,Towers with Radar,0,42,92,0,134,0,13,288,0,301,0,55,380,0,435,112,0,112,547
04/28/2018,FXE,FL,ASO,ES,Towers with Radar,0,24,91,0,115,0,7,281,0,288,0,31,372,0,403,142,0,142,545
04/29/2018,FXE,FL,ASO,ES,Towers with Radar,0,39,130,0,169,0,6,229,0,235,0,45,359,0,404,98,0,98,502
04/30/2018,FXE,FL,ASO,ES,Towers with Radar,0,47,100,0,147,0,5,283,0,288,0,52,383,0,435,146,0,146,581
05/01/2018,FXE,FL,ASO,ES,Towers with Radar,0,33,113,1,147,0,3,349,0,352,0,36,462,1,499,121,0,121,620
05/02/2018,FXE,FL,ASO,ES,Towers with Radar,0,32,103,1,136,0,7,215,0,222,0,39,318,1,358,98,0,98,456
05/03/2018,FXE,FL,ASO,ES,Towers with Radar,0,48,147,0,195,0,8,276,0,284,0,56,423,0,479,126,0,126,605
05/04/2018,FXE,FL,ASO,ES,Towers with Radar,0,41,78,1,120,0,6,193,1,200,0,47,271,2,320,76,0,76,396
05/05/2018,FXE,FL,ASO,ES,Towers with Radar,0,24,62,0,86,0,7,100,2,109,0,31,162,2,195,118,0,118,313
05/06/2018,FXE,FL,ASO,ES,Towers with Radar,0,40,109,0,149,0,3,103,0,106,0,43,212,0,255,58,0,58,313
05/07/2018,FXE,FL,ASO,ES,Towers with Radar,0,37,116,1,154,0,4,253,1,258,0,41,369,2,412,160,0,160,572
05/08/2018,FXE,FL,ASO,ES,Towers with Radar,0,42,104,2,148,0,11,329,1,341,0,53,433,3,489,128,0,128,617
05/09/2018,FXE,FL,ASO,ES,Towers with Radar,0,37,99,0,136,0,7,323,0,330,0,44,422,0,466,292,0,292,758
05/10/2018,FXE,FL,ASO,ES,Towers with Radar,0,50,118,0,168,0,9,343,2,354,0,59,461,2,522,244,0,244,766
05/11/2018,FXE,FL,ASO,ES,Towers with Radar,0,47,109,0,156,0,21,324,2,347,0,68,433,2,503,122,0,122,625
05/12/2018,FXE,FL,ASO,ES,Towers with Radar,0,33,88,2,123,0,3,216,0,219,0,36,304,2,342,202,0,202,544
05/13/2018,FXE,FL,ASO,ES,Towers with Radar,0,37,57,0,94,0,0,54,0,54,0,37,111,0,148,74,0,74,222
05/14/2018,FXE,FL,ASO,ES,Towers with Radar,0,28,82,0,110,0,5,96,0,101,0,33,178,0,211,166,0,166,377
05/15/2018,FXE,FL,ASO,ES,Towers with Radar,1,44,93,0,138,0,4,176,0,180,1,48,269,0,318,122,0,122,440
05/16/2018,FXE,FL,ASO,ES,Towers with Radar,0,38,108,0,146,0,11,229,0,240,0,49,337,0,386,172,0,172,558
05/17/2018,FXE,FL,ASO,ES,Towers with Radar,0,37,86,0,123,0,8,108,0,116,0,45,194,0,239,67,0,67,306
05/18/2018,FXE,FL,ASO,ES,Towers with Radar,0,39,92,0,131,0,12,276,0,288,0,51,368,0,419,163,0,163,582
05/19/2018,FXE,FL,ASO,ES,Towers with Radar,0,31,56,0,87,0,5,28,0,33,0,36,84,0,120,10,0,10,130
05/20/2018,FXE,FL,ASO,ES,Towers with Radar,0,30,73,0,103,0,4,69,0,73,0,34,142,0,176,162,0,162,338
05/21/2018,FXE,FL,ASO,ES,Towers with Radar,0,30,71,0,101,0,4,150,0,154,0,34,221,0,255,174,0,174,429
05/22/2018,FXE,FL,ASO,ES,Towers with Radar,0,41,114,0,155,0,7,235,0,242,0,48,349,0,397,155,0,155,552
05/23/2018,FXE,FL,ASO,ES,Towers with Radar,0,44,88,0,132,0,10,271,0,281,0,54,359,0,413,94,0,94,507
05/24/2018,FXE,FL,ASO,ES,Towers with Radar,1,51,131,0,183,0,7,249,1,257,1,58,380,1,440,169,0,169,609
05/25/2018,FXE,FL,ASO,ES,Towers with Radar,0,38,100,0,138,0,8,74,0,82,0,46,174,0,220,104,0,104,324
05/26/2018,FXE,FL,ASO,ES,Towers with Radar,0,40,55,0,95,0,5,50,0,55,0,45,105,0,150,93,0,93,243
05/27/2018,FXE,FL,ASO,ES,Towers with Radar,0,16,30,0,46,0,0,16,0,16,0,16,46,0,62,20,0,20,82
05/28/2018,FXE,FL,ASO,ES,Towers with Radar,0,40,98,0,138,0,4,141,0,145,0,44,239,0,283,115,0,115,398
05/29/2018,FXE,FL,ASO,ES,Towers with Radar,0,25,98,5,128,0,8,198,0,206,0,33,296,5,334,155,2,157,491
05/30/2018,FXE,FL,ASO,ES,Towers with Radar,0,32,87,0,119,0,11,152,0,163,0,43,239,0,282,259,0,259,541
05/31/2018,FXE,FL,ASO,ES,Towers with Radar,0,53,122,0,175,0,7,156,0,163,0,60,278,0,338,192,0,192,530
06/01/2018,FXE,FL,ASO,ES,Towers with Radar,0,39,101,0,140,0,8,267,0,275,0,47,368,0,415,143,0,143,558
06/02/2018,FXE,FL,ASO,ES,Towers with Radar,0,31,86,0,117,0,6,214,0,220,0,37,300,0,337,176,0,176,513
06/03/2018,FXE,FL,ASO,ES,Towers with Radar,0,35,71,1,107,0,3,206,0,209,0,38,277,1,316,89,0,89,405
06/04/2018,FXE,FL,ASO,ES,Towers with Radar,0,35,99,0,134,0,5,211,0,216,0,40,310,0,350,118,0,118,468
06/05/2018,FXE,FL,ASO,ES,Towers with Radar,0,31,100,0,131,0,5,231,0,236,0,36,331,0,367,154,0,154,521
06/06/2018,FXE,FL,ASO,ES,Towers with Radar,0,45,104,0,149,0,6,231,0,237,0,51,335,0,386,89,0,89,475
06/07/2018,FXE,FL,ASO,ES,Towers with Radar,0,43,118,0,161,0,3,185,0,188,0,46,303,0,349,56,0,56,405
06/08/2018,FXE,FL,ASO,ES,Towers with Radar,0,37,94,1,132,0,11,159,3,173,0,48,253,4,305,119,0,119,424
06/09/2018,FXE,FL,ASO,ES,Towers with Radar,0,35,68,0,103,0,5,142,0,147,0,40,210,0,250,87,0,87,337
06/10/2018,FXE,FL,ASO,ES,Towers with Radar,0,34,75,0,109,0,2,129,0,131,0,36,204,0,240,102,0,102,342
06/11/2018,FXE,FL,ASO,ES,Towers with Radar,0,20,60,0,80,0,6,186,0,192,0,26,246,0,272,265,0,265,537
06/12/2018,FXE,FL,ASO,ES,Towers with Radar,0,23,93,0,116,0,1,245,0,246,0,24,338,0,362,222,0,222,584
06/13/2018,FXE,FL,ASO,ES,Towers with Radar,0,40,90,0,130,0,11,247,0,258,0,51,337,0,388,274,0,274,662
06/14/2018,FXE,FL,ASO,ES,Towers with Radar,0,43,91,0,134,0,3,188,4,195,0,46,279,4,329,257,0,257,586
06/15/2018,FXE,FL,ASO,ES,Towers with Radar,0,38,115,0,153,0,13,180,0,193,0,51,295,0,346,76,0,76,422
06/16/2018,FXE,FL,ASO,ES,Towers with Radar,0,25,105,0,130,0,11,165,0,176,0,36,270,0,306,128,0,128,434
06/17/2018,FXE,FL,ASO,ES,Towers with Radar,0,25,66,1,92,0,7,136,0,143,0,32,202,1,235,177,0,177,412
06/18/2018,FXE,FL,ASO,ES,Towers with Radar,0,30,103,1,134,0,10,193,0,203,0,40,296,1,337,132,0,132,469
06/19/2018,FXE,FL,ASO,ES,Towers with Radar,0,34,88,0,122,0,6,259,0,265,0,40,347,0,387,164,0,164,551
06/20/2018,FXE,FL,ASO,ES,Towers with Radar,0,35,106,0,141,0,13,242,0,255,0,48,348,0,396,219,0,219,615
06/21/2018,FXE,FL,ASO,ES,Towers with Radar,0,33,105,0,138,0,12,226,0,238,0,45,331,0,376,163,0,163,539
06/22/2018,FXE,FL,ASO,ES,Towers with Radar,0,46,102,0,148,0,8,219,0,227,0,54,321,0,375,179,0,179,554
06/23/2018,FXE,FL,ASO,ES,Towers with Radar,0,30,74,0,104,0,6,186,0,192,0,36,260,0,296,94,0,94,390
06/24/2018,FXE,FL,ASO,ES,Towers with Radar,0,30,77,0,107,0,6,163,0,169,0,36,240,0,276,109,0,109,385
06/25/2018,FXE,FL,ASO,ES,Towers with Radar,0,32,114,0,146,0,17,189,0,206,0,49,303,0,352,255,0,255,607
06/26/2018,FXE,FL,ASO,ES,Towers with Radar,0,47,85,0,132,0,2,187,0,189,0,49,272,0,321,146,0,146,467
06/27/2018,FXE,FL,ASO,ES,Towers with Radar,0,33,102,0,135,0,15,224,0,239,0,48,326,0,374,158,0,158,532
06/28/2018,FXE,FL,ASO,ES,Towers with Radar,0,42,109,0,151,0,7,197,1,205,0,49,306,1,356,156,0,156,512
06/29/2018,FXE,FL,ASO,ES,Towers with Radar,0,53,110,0,163,0,15,207,0,222,0,68,317,0,385,114,0,114,499
06/30/2018,FXE,FL,ASO,ES,Towers with Radar,1,42,99,0,142,0,10,169,0,179,1,52,268,0,321,111,0,111,432
07/01/2018,FXE,FL,ASO,ES,Towers with Radar,0,36,74,0,110,0,2,117,0,119,0,38,191,0,229,103,0,103,332
07/02/2018,FXE,FL,ASO,ES,Towers with Radar,0,29,78,0,107,0,7,201,3,211,0,36,279,3,318,270,0,270,588
07/03/2018,FXE,FL,ASO,ES,Towers with Radar,0,50,81,0,131,0,8,246,0,254,0,58,327,0,385,143,0,143,528
07/04/2018,FXE,FL,ASO,ES,Towers with Radar,0,22,59,0,81,0,5,149,0,154,0,27,208,0,235,97,0,97,332
07/05/2018,FXE,FL,ASO,ES,Towers with Radar,0,32,99,0,131,0,6,161,2,169,0,38,260,2,300,88,0,88,388
07/06/2018,FXE,FL,ASO,ES,Towers with Radar,0,26,114,0,140,0,10,208,0,218,0,36,322,0,358,179,0,179,537
07/07/2018,FXE,FL,ASO,ES,Towers with Radar,0,44,71,0,115,0,7,155,0,162,0,51,226,0,277,205,0,205,482
07/08/2018,FXE,FL,ASO,ES,Towers with Radar,0,27,89,0,116,0,7,161,0,168,0,34,250,0,284,48,0,48,332
07/09/2018,FXE,FL,ASO,ES,Towers with Radar,0,28,106,0,134,0,10,234,1,245,0,38,340,1,379,184,0,184,563
07/10/2018,FXE,FL,ASO,ES,Towers with Radar,0,23,88,0,111,0,3,157,0,160,0,26,245,0,271,113,0,113,384
07/11/2018,FXE,FL,ASO,ES,Towers with Radar,0,36,82,0,118,0,6,186,0,192,0,42,268,0,310,178,0,178,488
07/12/2018,FXE,FL,ASO,ES,Towers with Radar,0,38,97,0,135,0,6,221,0,227,0,44,318,0,362,172,0,172,534
07/13/2018,FXE,FL,ASO,ES,Towers with Radar,0,32,99,0,131,0,15,214,0,229,0,47,313,0,360,190,0,190,550
07/14/2018,FXE,FL,ASO,ES,Towers with Radar,0,30,69,0,99,0,12,233,0,245,0,42,302,0,344,91,0,91,435
07/15/2018,FXE,FL,ASO,ES,Towers with Radar,0,32,81,0,113,0,6,124,1,131,0,38,205,1,244,159,0,159,403
07/16/2018,FXE,FL,ASO,ES,Towers with Radar,0,25,82,0,107,0,4,169,0,173,0,29,251,0,280,170,0,170,450
07/17/2018,FXE,FL,ASO,ES,Towers with Radar,0,41,77,0,118,0,2,160,1,163,0,43,237,1,281,161,0,161,442
07/18/2018,FXE,FL,ASO,ES,Towers with Radar,0,35,93,0,128,0,5,206,1,212,0,40,299,1,340,242,0,242,582
07/19/2018,FXE,FL,ASO,ES,Towers with Radar,0,40,122,0,162,0,10,199,1,210,0,50,321,1,372,176,0,176,548
07/20/2018,FXE,FL,ASO,ES,Towers with Radar,0,46,111,0,157,0,13,201,0,214,0,59,312,0,371,164,0,164,535
07/21/2018,FXE,FL,ASO,ES,Towers with Radar,0,32,77,0,109,0,5,192,0,197,0,37,269,0,306,101,0,101,407
07/22/2018,FXE,FL,ASO,ES,Towers with Radar,0,32,79,0,111,0,2,101,0,103,0,34,180,0,214,108,0,108,322
07/23/2018,FXE,FL,ASO,ES,Towers with Radar,0,24,82,0,106,0,2,169,1,172,0,26,251,1,278,93,0,93,371
07/24/2018,FXE,FL,ASO,ES,Towers with Radar,0,26,88,0,114,0,4,133,0,137,0,30,221,0,251,209,0,209,460
07/25/2018,FXE,FL,ASO,ES,Towers with Radar,0,36,81,1,118,0,7,204,0,211,0,43,285,1,329,213,0,213,542
07/26/2018,FXE,FL,ASO,ES,Towers with Radar,0,34,84,0,118,0,13,189,1,203,0,47,273,1,321,164,0,164,485
07/27/2018,FXE,FL,ASO,ES,Towers with Radar,0,32,80,0,112,0,7,174,0,181,0,39,254,0,293,168,0,168,461
07/28/2018,FXE,FL,ASO,ES,Towers with Radar,0,31,74,0,105,0,8,123,0,131,0,39,197,0,236,176,0,176,412
07/29/2018,FXE,FL,ASO,ES,Towers with Radar,0,20,78,0,98,0,1,116,0,117,0,21,194,0,215,113,0,113,328
07/30/2018,FXE,FL,ASO,ES,Towers with Radar,0,23,65,0,88,0,6,120,0,126,0,29,185,0,214,114,0,114,328
07/31/2018,FXE,FL,ASO,ES,Towers with Radar,0,24,100,1,125,0,1,199,0,200,0,25,299,1,325,182,0,182,507
08/01/2018,FXE,FL,ASO,ES,Towers with Radar,0,38,80,0,118,0,8,198,0,206,0,46,278,0,324,213,0,213,537
08/02/2018,FXE,FL,ASO,ES,Towers with Radar,0,37,122,2,161,0,6,251,0,257,0,43,373,2,418,198,0,198,616
08/03/2018,FXE,FL,ASO,ES,Towers with Radar,0,40,105,2,147,0,7,247,0,254,0,47,352,2,401,169,0,169,570
08/04/2018,FXE,FL,ASO,ES,Towers with Radar,0,21,96,0,117,0,8,150,0,158,0,29,246,0,275,161,0,161,436
08/05/2018,FXE,FL,ASO,ES,Towers with Radar,0,23,85,0,108,0,7,143,1,151,0,30,228,1,259,99,0,99,358
08/06/2018,FXE,FL,ASO,ES,Towers with Radar,0,35,97,0,132,0,2,206,0,208,0,37,303,0,340,219,0,219,559
08/07/2018,FXE,FL,ASO,ES,Towers with Radar,0,24,62,0,86,0,5,193,0,198,0,29,255,0,284,273,0,273,557
08/08/2018,FXE,FL,ASO,ES,Towers with Radar,0,24,121,0,145,0,8,245,0,253,0,32,366,0,398,301,0,301,699
08/09/2018,FXE,FL,ASO,ES,Towers with Radar,0,35,103,0,138,0,4,157,0,161,0,39,260,0,299,185,0,185,484
08/10/2018,FXE,FL,ASO,ES,Towers with Radar,0,45,84,0,129,0,12,189,0,201,0,57,273,0,330,79,0,79,409
08/11/2018,FXE,FL,ASO,ES,Towers with Radar,0,22,55,1,78,0,7,128,0,135,0,29,183,1,213,126,0,126,339
08/12/2018,FXE,FL,ASO,ES,Towers with Radar,0,32,80,0,112,0,2,125,0,127,0,34,205,0,239,133,0,133,372
08/13/2018,FXE,FL,ASO,ES,Towers with Radar,1,31,91,0,123,0,2,179,0,181,1,33,270,0,304,198,0,198,502
08/14/2018,FXE,FL,ASO,ES,Towers with Radar,0,35,89,2,126,0,3,227,0,230,0,38,316,2,356,326,0,326,682
08/15/2018,FXE,FL,ASO,ES,Towers with Radar,0,29,103,0,132,0,6,212,0,218,0,35,315,0,350,158,0,158,508
08/16/2018,FXE,FL,ASO,ES,Towers with Radar,0,36,111,0,147,0,8,184,0,192,0,44,295,0,339,146,0,146,485
08/17/2018,FXE,FL,ASO,ES,Towers with Radar,0,45,114,0,159,0,8,176,0,184,0,53,290,0,343,132,0,132,475
08/18/2018,FXE,FL,ASO,ES,Towers with Radar,1,23,64,0,88,0,5,168,0,173,1,28,232,0,261,120,0,120,381
08/19/2018,FXE,FL,ASO,ES,Towers with Radar,0,31,74,0,105,0,3,114,0,117,0,34,188,0,222,136,0,136,358
08/20/2018,FXE,FL,ASO,ES,Towers with Radar,0,35,96,0,131,0,7,143,0,150,0,42,239,0,281,265,0,265,546
08/21/2018,FXE,FL,ASO,ES,Towers with Radar,0,36,83,0,119,0,6,216,0,222,0,42,299,0,341,168,0,168,509
08/22/2018,FXE,FL,ASO,ES,Towers with Radar,0,22,91,0,113,0,7,177,0,184,0,29,268,0,297,213,0,213,510
08/23/2018,FXE,FL,ASO,ES,Towers with Radar,0,39,105,0,144,0,6,179,0,185,0,45,284,0,329,186,0,186,515
08/24/2018,FXE,FL,ASO,ES,Towers with Radar,0,29,85,0,114,0,8,168,0,176,0,37,253,0,290,142,0,142,432
08/25/2018,FXE,FL,ASO,ES,Towers with Radar,0,25,43,0,68,0,5,101,0,106,0,30,144,0,174,113,0,113,287
08/26/2018,FXE,FL,ASO,ES,Towers with Radar,0,23,86,1,110,0,4,132,0,136,0,27,218,1,246,111,0,111,357
08/27/2018,FXE,FL,ASO,ES,Towers with Radar,0,17,93,0,110,0,6,206,0,212,0,23,299,0,322,190,0,190,512
08/28/2018,FXE,FL,ASO,ES,Towers with Radar,0,38,80,0,118,0,3,121,0,124,0,41,201,0,242,143,0,143,385
08/29/2018,FXE,FL,ASO,ES,Towers with Radar,0,40,113,0,153,0,4,125,0,129,0,44,238,0,282,187,0,187,469
08/30/2018,FXE,FL,ASO,ES,Towers with Radar,0,38,81,0,119,0,7,132,0,139,0,45,213,0,258,218,0,218,476
08/31/2018,FXE,FL,ASO,ES,Towers with Radar,0,43,106,0,149,0,8,156,0,164,0,51,262,0,313,160,0,160,473
09/01/2018,FXE,FL,ASO,ES,Towers with Radar,0,29,75,0,104,0,3,145,0,148,0,32,220,0,252,122,0,122,374
09/02/2018,FXE,FL,ASO,ES,Towers with Radar,0,12,52,0,64,0,3,62,0,65,0,15,114,0,129,60,0,60,189
09/03/2018,FXE,FL,ASO,ES,Towers with Radar,0,31,56,0,87,0,1,36,0,37,0,32,92,0,124,13,0,13,137
09/04/2018,FXE,FL,ASO,ES,Towers with Radar,0,38,108,0,146,0,2,220,0,222,0,40,328,0,368,177,0,177,545
09/05/2018,FXE,FL,ASO,ES,Towers with Radar,0,21,85,0,106,0,5,231,0,236,0,26,316,0,342,164,0,164,506
09/06/2018,FXE,FL,ASO,ES,Towers with Radar,0,22,108,2,132,0,0,252,0,252,0,22,360,2,384,209,0,209,593
09/07/2018,FXE,FL,ASO,ES,Towers with Radar,0,39,86,0,125,0,11,163,0,174,0,50,249,0,299,197,0,197,496
09/08/2018,FXE,FL,ASO,ES,Towers with Radar,0,24,54,0,78,0,9,150,0,159,0,33,204,0,237,207,0,207,444
09/09/2018,FXE,FL,ASO,ES,Towers with Radar,0,32,55,0,87,0,2,104,0,106,0,34,159,0,193,165,0,165,358
09/10/2018,FXE,FL,ASO,ES,Towers with Radar,0,22,83,0,105,0,5,186,0,191,0,27,269,0,296,266,0,266,562
09/11/2018,FXE,FL,ASO,ES,Towers with Radar,0,27,88,0,115,0,1,201,0,202,0,28,289,0,317,204,0,204,521
09/12/2018,FXE,FL,ASO,ES,Towers with Radar,0,28,93,2,123,1,11,182,2,196,1,39,275,4,319,168,0,168,487
09/13/2018,FXE,FL,ASO,ES,Towers with Radar,0,33,105,0,138,0,4,177,0,181,0,37,282,0,319,149,0,149,468
09/14/2018,FXE,FL,ASO,ES,Towers with Radar,0,26,88,0,114,0,9,178,0,187,0,35,266,0,301,172,0,172,473
09/15/2018,FXE,FL,ASO,ES,Towers with Radar,0,23,51,0,74,0,4,158,0,162,0,27,209,0,236,75,0,75,311
09/16/2018,FXE,FL,ASO,ES,Towers with Radar,0,16,59,0,75,0,0,134,0,134,0,16,193,0,209,105,0,105,314
09/17/2018,FXE,FL,ASO,ES,Towers with Radar,0,23,90,0,113,0,6,203,0,209,0,29,293,0,322,304,0,304,626
09/18/2018,FXE,FL,ASO,ES,Towers with Radar,0,36,98,0,134,0,5,192,0,197,0,41,290,0,331,204,0,204,535
09/19/2018,FXE,FL,ASO,ES,Towers with Radar,0,25,96,0,121,0,8,190,0,198,0,33,286,0,319,192,0,192,511
09/20/2018,FXE,FL,ASO,ES,Towers with Radar,0,37,85,0,122,0,5,201,1,207,0,42,286,1,329,196,0,196,525
09/21/2018,FXE,FL,ASO,ES,Towers with Radar,0,42,87,0,129,1,12,163,1,177,1,54,250,1,306,283,0,283,589
09/22/2018,FXE,FL,ASO,ES,Towers with Radar,0,12,52,1,65,0,7,163,0,170,0,19,215,1,235,153,0,153,388
09/23/2018,FXE,FL,ASO,ES,Towers with Radar,0,43,49,0,92,0,0,128,0,128,0,43,177,0,220,82,0,82,302
09/24/2018,FXE,FL,ASO,ES,Towers with Radar,0,25,83,1,109,0,9,159,0,168,0,34,242,1,277,175,0,175,452
09/25/2018,FXE,FL,ASO,ES,Towers with Radar,0,20,85,0,105,0,4,172,0,176,0,24,257,0,281,258,0,258,539
09/26/2018,FXE,FL,ASO,ES,Towers with Radar,0,22,90,1,113,0,7,165,1,173,0,29,255,2,286,217,0,217,503
09/27/2018,FXE,FL,ASO,ES,Towers with Radar,0,33,132,0,165,0,6,195,0,201,0,39,327,0,366,221,0,221,587
09/28/2018,FXE,FL,ASO,ES,Towers with Radar,0,49,136,0,185,0,12,249,0,261,0,61,385,0,446,143,0,143,589
09/29/2018,FXE,FL,ASO,ES,Towers with Radar,0,23,71,0,94,0,5,156,1,162,0,28,227,1,256,88,0,88,344
09/30/2018,FXE,FL,ASO,ES,Towers with Radar,1,42,69,0,112,0,2,135,0,137,1,44,204,0,249,68,0,68,317
10/01/2018,FXE,FL,ASO,ES,Towers with Radar,0,15,88,0,103,0,7,199,0,206,0,22,287,0,309,182,0,182,491
10/02/2018,FXE,FL,ASO,ES,Towers with Radar,0,14,127,0,141,0,3,166,0,169,0,17,293,0,310,189,0,189,499
10/03/2018,FXE,FL,ASO,ES,Towers with Radar,0,30,106,2,138,0,4,180,1,185,0,34,286,3,323,167,0,167,490
10/04/2018,FXE,FL,ASO,ES,Towers with Radar,1,34,89,0,124,0,1,162,0,163,1,35,251,0,287,219,0,219,506
10/05/2018,FXE,FL,ASO,ES,Towers with Radar,0,49,120,0,169,0,8,222,0,230,0,57,342,0,399,156,0,156,555
10/06/2018,FXE,FL,ASO,ES,Towers with Radar,0,29,71,0,100,0,8,165,2,175,0,37,236,2,275,163,0,163,438
10/07/2018,FXE,FL,ASO,ES,Towers with Radar,0,26,58,0,84,0,2,106,0,108,0,28,164,0,192,67,0,67,259
10/08/2018,FXE,FL,ASO,ES,Towers with Radar,0,32,76,0,108,0,7,111,0,118,0,39,187,0,226,131,0,131,357
10/09/2018,FXE,FL,ASO,ES,Towers with Radar,0,31,107,0,138,0,4,173,0,177,0,35,280,0,315,227,0,227,542
10/10/2018,FXE,FL,ASO,ES,Towers with Radar,1,30,107,0,138,0,9,151,0,160,1,39,258,0,298,210,0,210,508
10/11/2018,FXE,FL,ASO,ES,Towers with Radar,0,32,94,0,126,0,4,145,0,149,0,36,239,0,275,226,0,226,501
10/12/2018,FXE,FL,ASO,ES,Towers with Radar,0,48,99,0,147,0,7,155,0,162,0,55,254,0,309,58,0,58,367
10/13/2018,FXE,FL,ASO,ES,Towers with Radar,0,26,46,0,72,0,4,152,0,156,0,30,198,0,228,150,0,150,378
10/14/2018,FXE,FL,ASO,ES,Towers with Radar,0,47,100,0,147,0,0,163,0,163,0,47,263,0,310,94,0,94,404
10/15/2018,FXE,FL,ASO,ES,Towers with Radar,0,16,113,2,131,0,3,180,0,183,0,19,293,2,314,181,0,181,495
10/16/2018,FXE,FL,ASO,ES,Towers with Radar,0,31,83,0,114,0,3,200,0,203,0,34,283,0,317,133,0,133,450
10/17/2018,FXE,FL,ASO,ES,Towers with Radar,0,35,96,0,131,0,7,209,0,216,0,42,305,0,347,184,0,184,531
10/18/2018,FXE,FL,ASO,ES,Towers with Radar,0,48,122,0,170,0,9,224,0,233,0,57,346,0,403,133,0,133,536
10/19/2018,FXE,FL,ASO,ES,Towers with Radar,0,41,112,0,153,0,12,214,0,226,0,53,326,0,379,169,0,169,548
10/20/2018,FXE,FL,ASO,ES,Towers with Radar,0,24,69,0,93,0,7,190,0,197,0,31,259,0,290,132,0,132,422
10/21/2018,FXE,FL,ASO,ES,Towers with Radar,0,44,74,0,118,0,0,152,0,152,0,44,226,0,270,92,0,92,362
10/22/2018,FXE,FL,ASO,ES,Towers with Radar,0,14,92,0,106,0,4,181,0,185,0,18,273,0,291,117,0,117,408
10/23/2018,FXE,FL,ASO,ES,Towers with Radar,0,31,101,0,132,0,16,210,0,226,0,47,311,0,358,238,0,238,596
10/24/2018,FXE,FL,ASO,ES,Towers with Radar,0,48,85,0,133,0,7,179,0,186,0,55,264,0,319,212,0,212,531
10/25/2018,FXE,FL,ASO,ES,Towers with Radar,0,57,98,0,155,0,6,211,1,218,0,63,309,1,373,179,0,179,552
10/26/2018,FXE,FL,ASO,ES,Towers with Radar,0,50,111,0,161,0,10,208,1,219,0,60,319,1,380,158,0,158,538
10/27/2018,FXE,FL,ASO,ES,Towers with Radar,0,24,78,0,102,0,2,142,0,144,0,26,220,0,246,113,0,113,359
10/28/2018,FXE,FL,ASO,ES,Towers with Radar,0,40,83,0,123,0,0,162,0,162,0,40,245,0,285,121,0,121,406
10/29/2018,FXE,FL,ASO,ES,Towers with Radar,0,31,93,0,124,0,7,175,0,182,0,38,268,0,306,251,0,251,557
10/30/2018,FXE,FL,ASO,ES,Towers with Radar,0,26,112,0,138,0,9,197,0,206,0,35,309,0,344,248,0,248,592
10/31/2018,FXE,FL,ASO,ES,Towers with Radar,0,42,117,0,159,0,12,183,0,195,0,54,300,0,354,205,0,205,559
11/01/2018,FXE,FL,ASO,ES,Towers with Radar,0,60,148,0,208,0,9,233,1,243,0,69,381,1,451,197,0,197,648
11/02/2018,FXE,FL,ASO,ES,Towers with Radar,3,48,145,0,196,0,11,161,0,172,3,59,306,0,368,200,0,200,568
11/03/2018,FXE,FL,ASO,ES,Towers with Radar,0,35,98,0,133,0,7,130,0,137,0,42,228,0,270,110,0,110,380
11/04/2018,FXE,FL,ASO,ES,Towers with Radar,0,50,107,0,157,0,6,138,0,144,0,56,245,0,301,68,0,68,369
11/05/2018,FXE,FL,ASO,ES,Towers with Radar,0,35,124,0,159,0,8,170,0,178,0,43,294,0,337,259,0,259,596
11/06/2018,FXE,FL,ASO,ES,Towers with Radar,0,34,138,0,172,0,7,207,0,214,0,41,345,0,386,239,0,239,625
11/07/2018,FXE,FL,ASO,ES,Towers with Radar,0,50,138,0,188,0,8,205,0,213,0,58,343,0,401,216,0,216,617
11/08/2018,FXE,FL,ASO,ES,Towers with Radar,0,53,113,0,166,0,5,221,1,227,0,58,334,1,393,188,0,188,581
11/09/2018,FXE,FL,ASO,ES,Towers with Radar,0,56,124,0,180,0,11,177,0,188,0,67,301,0,368,221,0,221,589
11/10/2018,FXE,FL,ASO,ES,Towers with Radar,0,32,100,0,132,0,5,169,0,174,0,37,269,0,306,177,0,177,483
11/11/2018,FXE,FL,ASO,ES,Towers with Radar,0,57,87,0,144,0,3,132,0,135,0,60,219,0,279,88,0,88,367
11/12/2018,FXE,FL,ASO,ES,Towers with Radar,0,33,111,0,144,0,6,164,0,170,0,39,275,0,314,196,0,196,510
11/13/2018,FXE,FL,ASO,ES,Towers with Radar,0,37,101,0,138,0,0,180,0,180,0,37,281,0,318,191,0,191,509
11/14/2018,FXE,FL,ASO,ES,Towers with Radar,0,48,106,0,154,1,4,171,0,176,1,52,277,0,330,259,0,259,589
11/15/2018,FXE,FL,ASO,ES,Towers with Radar,0,41,95,1,137,0,2,117,1,120,0,43,212,2,257,286,0,286,543
11/16/2018,FXE,FL,ASO,ES,Towers with Radar,0,61,149,0,210,0,15,199,0,214,0,76,348,0,424,161,0,161,585
11/17/2018,FXE,FL,ASO,ES,Towers with Radar,0,44,114,0,158,0,17,207,0,224,0,61,321,0,382,139,0,139,521
11/18/2018,FXE,FL,ASO,ES,Towers with Radar,0,30,100,0,130,0,7,166,0,173,0,37,266,0,303,113,0,113,416
11/19/2018,FXE,FL,ASO,ES,Towers with Radar,0,38,110,0,148,0,11,183,3,197,0,49,293,3,345,225,0,225,570
11/20/2018,FXE,FL,ASO,ES,Towers with Radar,2,64,155,0,221,0,6,184,0,190,2,70,339,0,411,175,0,175,586
11/21/2018,FXE,FL,ASO,ES,Towers with Radar,0,49,139,0,188,0,12,198,0,210,0,61,337,0,398,54,0,54,452
11/22/2018,FXE,FL,ASO,ES,Towers with Radar,0,14,48,1,63,0,5,96,0,101,0,19,144,1,164,95,0,95,259
11/23/2018,FXE,FL,ASO,ES,Towers with Radar,0,21,63,1,85,0,7,172,0,179,0,28,235,1,264,78,0,78,342
11/24/2018,FXE,FL,ASO,ES,Towers with Radar,0,41,58,1,100,0,12,191,0,203,0,53,249,1,303,175,0,175,478
11/25/2018,FXE,FL,ASO,ES,Towers with Radar,0,50,189,0,239,0,5,159,0,164,0,55,348,0,403,38,0,38,441
11/26/2018,FXE,FL,ASO,ES,Towers with Radar,0,43,124,0,167,0,7,161,1,169,0,50,285,1,336,89,0,89,425
11/27/2018,FXE,FL,ASO,ES,Towers with Radar,0,37,104,0,141,0,5,145,0,150,0,42,249,0,291,126,0,126,417
11/28/2018,FXE,FL,ASO,ES,Towers with Radar,1,45,110,0,156,0,6,189,0,195,1,51,299,0,351,178,0,178,529
11/29/2018,FXE,FL,ASO,ES,Towers with Radar,0,33,112,0,145,0,8,235,0,243,0,41,347,0,388,254,0,254,642
11/30/2018,FXE,FL,ASO,ES,Towers with Radar,0,32,136,0,168,0,16,237,0,253,0,48,373,0,421,228,0,228,649
12/01/2018,FXE,FL,ASO,ES,Towers with Radar,0,25,64,0,89,0,4,136,0,140,0,29,200,0,229,172,0,172,401
12/02/2018,FXE,FL,ASO,ES,Towers with Radar,0,21,84,0,105,0,6,139,0,145,0,27,223,0,250,155,0,155,405
12/03/2018,FXE,FL,ASO,ES,Towers with Radar,0,48,84,1,133,0,7,198,0,205,0,55,282,1,338,227,0,227,565
12/04/2018,FXE,FL,ASO,ES,Towers with Radar,0,28,92,0,120,0,3,166,0,169,0,31,258,0,289,201,0,201,490
12/05/2018,FXE,FL,ASO,ES,Towers with Radar,0,51,96,0,147,0,4,183,2,189,0,55,279,2,336,160,0,160,496
12/06/2018,FXE,FL,ASO,ES,Towers with Radar,0,43,103,0,146,0,13,230,3,246,0,56,333,3,392,213,0,213,605
12/07/2018,FXE,FL,ASO,ES,Towers with Radar,0,38,105,1,144,0,14,276,0,290,0,52,381,1,434,239,0,239,673
12/08/2018,FXE,FL,ASO,ES,Towers with Radar,0,30,89,0,119,0,7,183,1,191,0,37,272,1,310,192,0,192,502
12/09/2018,FXE,FL,ASO,ES,Towers with Radar,0,33,75,0,108,0,4,83,0,87,0,37,158,0,195,101,0,101,296
12/10/2018,FXE,FL,ASO,ES,Towers with Radar,0,35,105,0,140,0,10,157,0,167,0,45,262,0,307,141,0,141,448
12/11/2018,FXE,FL,ASO,ES,Towers with Radar,1,36,105,1,143,0,8,176,1,185,1,44,281,2,328,125,0,125,453
12/12/2018,FXE,FL,ASO,ES,Towers with Radar,0,33,91,0,124,0,9,204,2,215,0,42,295,2,339,196,0,196,535
12/13/2018,FXE,FL,ASO,ES,Towers with Radar,0,51,116,0,167,0,7,210,0,217,0,58,326,0,384,190,0,190,574
12/14/2018,FXE,FL,ASO,ES,Towers with Radar,0,38,116,0,154,0,12,155,0,167,0,50,271,0,321,85,0,85,406
12/15/2018,FXE,FL,ASO,ES,Towers with Radar,1,28,76,0,105,0,2,74,0,76,1,30,150,0,181,119,0,119,300
12/16/2018,FXE,FL,ASO,ES,Towers with Radar,1,24,99,1,125,0,6,170,1,177,1,30,269,2,302,136,0,136,438
12/17/2018,FXE,FL,ASO,ES,Towers with Radar,0,40,98,2,140,0,16,221,0,237,0,56,319,2,377,125,0,125,502
12/18/2018,FXE,FL,ASO,ES,Towers with Radar,0,44,97,0,141,0,11,203,0,214,0,55,300,0,355,119,0,119,474
12/19/2018,FXE,FL,ASO,ES,Towers with Radar,0,33,129,0,162,0,17,215,2,234,0,50,344,2,396,230,0,230,626
12/20/2018,FXE,FL,ASO,ES,Towers with Radar,0,41,70,0,111,0,6,65,4,75,0,47,135,4,186,25,4,29,215
12/21/2018,FXE,FL,ASO,ES,Towers with Radar,1,47,114,0,162,0,12,79,2,93,1,59,193,2,255,27,0,27,282
12/22/2018,FXE,FL,ASO,ES,Towers with Radar,0,55,104,0,159,0,18,205,0,223,0,73,309,0,382,96,0,96,478
12/23/2018,FXE,FL,ASO,ES,Towers with Radar,0,24,69,0,93,0,5,160,0,165,0,29,229,0,258,101,0,101,359
12/24/2018,FXE,FL,ASO,ES,Towers with Radar,0,20,41,0,61,0,12,117,0,129,0,32,158,0,190,92,0,92,282
12/25/2018,FXE,FL,ASO,ES,Towers with Radar,0,19,25,0,44,0,2,55,0,57,0,21,80,0,101,88,0,88,189
12/26/2018,FXE,FL,ASO,ES,Towers with Radar,0,72,129,0,201,0,11,116,0,127,0,83,245,0,328,13,0,13,341
12/27/2018,FXE,FL,ASO,ES,Towers with Radar,0,61,132,0,193,0,14,114,0,128,0,75,246,0,321,2,0,2,323
12/28/2018,FXE,FL,ASO,ES,Towers with Radar,0,60,107,0,167,0,14,117,0,131,0,74,224,0,298,57,0,57,355
12/29/2018,FXE,FL,ASO,ES,Towers with Radar,0,50,114,0,164,0,8,163,0,171,0,58,277,0,335,92,0,92,427
12/30/2018,FXE,FL,ASO,ES,Towers with Radar,0,50,102,0,152,0,6,109,0,115,0,56,211,0,267,86,0,86,353
12/31/2018,FXE,FL,ASO,ES,Towers with Radar,0,23,66,0,89,0,16,151,0,167,0,39,217,0,256,48,0,48,304
01/01/2019,FXE,FL,ASO,ES,Towers with Radar,0,49,86,0,135,0,4,80,0,84,0,53,166,0,219,19,0,19,238
01/02/2019,FXE,FL,ASO,ES,Towers with Radar,0,63,110,0,173,0,17,198,0,215,0,80,308,0,388,100,0,100,488
01/03/2019,FXE,FL,ASO,ES,Towers with Radar,1,47,96,0,144,0,14,141,0,155,1,61,237,0,299,181,0,181,480
01/04/2019,FXE,FL,ASO,ES,Towers with Radar,0,37,109,0,146,0,20,193,0,213,0,57,302,0,359,130,0,130,489
01/05/2019,FXE,FL,ASO,ES,Towers with Radar,0,61,107,0,168,0,10,166,0,176,0,71,273,0,344,81,0,81,425
01/06/2019,FXE,FL,ASO,ES,Towers with Radar,0,46,113,0,159,0,7,163,1,171,0,53,276,1,330,120,0,120,450
01/07/2019,FXE,FL,ASO,ES,Towers with Radar,0,32,107,0,139,0,11,219,0,230,0,43,326,0,369,228,0,228,597
01/08/2019,FXE,FL,ASO,ES,Towers with Radar,0,31,110,0,141,0,7,160,0,167,0,38,270,0,308,207,0,207,515
01/09/2019,FXE,FL,ASO,ES,Towers with Radar,0,38,98,0,136,0,11,202,0,213,0,49,300,0,349,168,0,168,517
01/10/2019,FXE,FL,ASO,ES,Towers with Radar,0,37,96,0,133,0,4,185,0,189,0,41,281,0,322,242,0,242,564
01/11/2019,FXE,FL,ASO,ES,Towers with Radar,0,42,125,1,168,0,15,199,0,214,0,57,324,1,382,165,0,165,547
01/12/2019,FXE,FL,ASO,ES,Towers with Radar,0,28,85,0,113,0,6,174,0,180,0,34,259,0,293,147,0,147,440
01/13/2019,FXE,FL,ASO,ES,Towers with Radar,0,31,107,0,138,0,0,148,0,148,0,31,255,0,286,190,0,190,476
01/14/2019,FXE,FL,ASO,ES,Towers with Radar,0,32,105,0,137,0,8,203,0,211,0,40,308,0,348,202,0,202,550
01/15/2019,FXE,FL,ASO,ES,Towers with Radar,0,26,85,0,111,0,3,207,0,210,0,29,292,0,321,242,0,242,563
01/16/2019,FXE,FL,ASO,ES,Towers with Radar,0,31,101,0,132,0,10,189,0,199,0,41,290,0,331,240,0,240,571
01/17/2019,FXE,FL,ASO,ES,Towers with Radar,0,32,139,0,171,0,5,224,0,229,0,37,363,0,400,183,0,183,583
01/18/2019,FXE,FL,ASO,ES,Towers with Radar,0,51,148,0,199,0,18,248,0,266,0,69,396,0,465,90,0,90,555
01/19/2019,FXE,FL,ASO,ES,Towers with Radar,0,25,89,0,114,0,11,190,0,201,0,36,279,0,315,108,0,108,423
01/20/2019,FXE,FL,ASO,ES,Towers with Radar,0,21,73,1,95,0,0,42,0,42,0,21,115,1,137,41,0,41,178
01/21/2019,FXE,FL,ASO,ES,Towers with Radar,0,42,141,0,183,0,10,218,0,228,0,52,359,0,411,96,0,96,507
01/22/2019,FXE,FL,ASO,ES,Towers with Radar,0,40,92,1,133,0,7,126,0,133,0,47,218,1,266,111,0,111,377
01/23/2019,FXE,FL,ASO,ES,Towers with Radar,0,37,95,0,132,0,7,144,0,151,0,44,239,0,283,59,0,59,342
01/24/2019,FXE,FL,ASO,ES,Towers with Radar,0,45,86,0,131,0,5,89,0,94,0,50,175,0,225,73,0,73,298
01/25/2019,FXE,FL,ASO,ES,Towers with Radar,0,42,134,0,176,0,9,229,0,238,0,51,363,0,414,173,0,173,587
01/26/2019,FXE,FL,ASO,ES,Towers with Radar,0,31,66,2,99,0,64,53,16,133,0,95,119,18,232,10,0,10,242
01/27/2019,FXE,FL,ASO,ES,Towers with Radar,0,42,102,0,144,0,0,24,0,24,0,42,126,0,168,11,0,11,179
01/28/2019,FXE,FL,ASO,ES,Towers with Radar,0,37,123,0,160,0,9,122,0,131,0,46,245,0,291,137,0,137,428
01/29/2019,FXE,FL,ASO,ES,Towers with Radar,0,42,96,0,138,0,8,233,0,241,0,50,329,0,379,118,0,118,497
01/30/2019,FXE,FL,ASO,ES,Towers with Radar,0,31,144,0,175,0,8,203,0,211,0,39,347,0,386,124,0,124,510
01/31/2019,FXE,FL,ASO,ES,Towers with Radar,0,42,148,0,190,0,7,187,0,194,0,49,335,0,384,153,0,153,537
02/01/2019,FXE,FL,ASO,ES,Towers with Radar,0,33,134,0,167,0,7,165,0,172,0,40,299,0,339,285,0,285,624
02/02/2019,FXE,FL,ASO,ES,Towers with Radar,0,33,91,1,125,0,3,163,0,166,0,36,254,1,291,73,0,73,364
02/03/2019,FXE,FL,ASO,ES,Towers with Radar,0,29,74,0,103,0,3,147,0,150,0,32,221,0,253,115,0,115,368
02/04/2019,FXE,FL,ASO,ES,Towers with Radar,0,47,139,0,186,0,9,133,0,142,0,56,272,0,328,144,0,144,472
02/05/2019,FXE,FL,ASO,ES,Towers with Radar,0,36,118,0,154,0,6,253,0,259,0,42,371,0,413,226,0,226,639
02/06/2019,FXE,FL,ASO,ES,Towers with Radar,1,32,109,0,142,0,13,209,0,222,1,45,318,0,364,168,0,168,532
02/07/2019,FXE,FL,ASO,ES,Towers with Radar,0,46,125,0,171,0,2,240,0,242,0,48,365,0,413,216,0,216,629
02/08/2019,FXE,FL,ASO,ES,Towers with Radar,0,34,144,0,178,0,8,201,1,210,0,42,345,1,388,173,0,173,561
02/09/2019,FXE,FL,ASO,ES,Towers with Radar,0,29,109,1,139,0,4,165,0,169,0,33,274,1,308,152,0,152,460
02/10/2019,FXE,FL,ASO,ES,Towers with Radar,0,36,92,0,128,0,2,130,0,132,0,38,222,0,260,147,0,147,407
02/11/2019,FXE,FL,ASO,ES,Towers with Radar,0,34,126,0,160,0,6,129,0,135,0,40,255,0,295,225,0,225,520
02/12/2019,FXE,FL,ASO,ES,Towers with Radar,0,34,107,0,141,0,3,163,0,166,0,37,270,0,307,220,0,220,527
02/13/2019,FXE,FL,ASO,ES,Towers with Radar,2,41,100,0,143,0,0,21,0,21,2,41,121,0,164,15,0,15,179
02/14/2019,FXE,FL,ASO,ES,Towers with Radar,2,54,149,0,205,0,4,220,0,224,2,58,369,0,429,137,0,137,566
02/15/2019,FXE,FL,ASO,ES,Towers with Radar,0,54,169,0,223,0,7,237,1,245,0,61,406,1,468,164,0,164,632
02/16/2019,FXE,FL,ASO,ES,Towers with Radar,0,39,95,0,134,0,9,164,2,175,0,48,259,2,309,82,0,82,391
02/17/2019,FXE,FL,ASO,ES,Towers with Radar,0,44,113,0,157,0,5,145,0,150,0,49,258,0,307,118,0,118,425
02/18/2019,FXE,FL,ASO,ES,Towers with Radar,0,47,144,0,191,0,7,157,0,164,0,54,301,0,355,33,0,33,388
02/19/2019,FXE,FL,ASO,ES,Towers with Radar,0,53,130,0,183,0,7,305,0,312,0,60,435,0,495,209,0,209,704
02/20/2019,FXE,FL,ASO,ES,Towers with Radar,0,47,138,0,185,0,9,208,0,217,0,56,346,0,402,161,0,161,563
02/21/2019,FXE,FL,ASO,ES,Towers with Radar,0,60,131,1,192,0,8,242,0,250,0,68,373,1,442,161,0,161,603
02/22/2019,FXE,FL,ASO,ES,Towers with Radar,0,52,163,0,215,0,14,255,0,269,0,66,418,0,484,187,0,187,671
02/23/2019,FXE,FL,ASO,ES,Towers with Radar,0,35,125,0,160,0,7,152,0,159,0,42,277,0,319,63,0,63,382
02/24/2019,FXE,FL,ASO,ES,Towers with Radar,0,44,101,0,145,0,4,103,2,109,0,48,204,2,254,101,0,101,355
02/25/2019,FXE,FL,ASO,ES,Towers with Radar,0,42,126,0,168,0,10,148,0,158,0,52,274,0,326,169,0,169,495
02/26/2019,FXE,FL,ASO,ES,Towers with Radar,0,50,105,0,155,0,2,105,0,107,0,52,210,0,262,75,0,75,337
02/27/2019,FXE,FL,ASO,ES,Towers with Radar,0,44,101,0,145,0,9,181,0,190,0,53,282,0,335,189,0,189,524
02/28/2019,FXE,FL,ASO,ES,Towers with Radar,0,61,135,0,196,0,12,241,0,253,0,73,376,0,449,199,0,199,648
03/01/2019,FXE,FL,ASO,ES,Towers with Radar,0,52,161,0,213,0,11,203,0,214,0,63,364,0,427,183,0,183,610
03/02/2019,FXE,FL,ASO,ES,Towers with Radar,0,35,117,0,152,0,5,209,0,214,0,40,326,0,366,188,0,188,554
03/03/2019,FXE,FL,ASO,ES,Towers with Radar,0,34,114,0,148,0,0,156,0,156,0,34,270,0,304,113,0,113,417
03/04/2019,FXE,FL,ASO,ES,Towers with Radar,1,30,110,0,141,0,18,215,0,233,1,48,325,0,374,209,0,209,583
03/05/2019,FXE,FL,ASO,ES,Towers with Radar,0,44,114,2,160,0,6,142,0,148,0,50,256,2,308,134,0,134,442
03/06/2019,FXE,FL,ASO,ES,Towers with Radar,0,34,133,0,167,0,5,205,0,210,0,39,338,0,377,148,0,148,525
03/07/2019,FXE,FL,ASO,ES,Towers with Radar,0,49,128,1,178,0,5,241,0,246,0,54,369,1,424,180,0,180,604
03/08/2019,FXE,FL,ASO,ES,Towers with Radar,0,50,145,2,197,0,18,205,0,223,0,68,350,2,420,143,0,143,563
03/09/2019,FXE,FL,ASO,ES,Towers with Radar,0,47,88,1,136,0,8,170,1,179,0,55,258,2,315,109,0,109,424
03/10/2019,FXE,FL,ASO,ES,Towers with Radar,0,32,117,0,149,0,3,144,0,147,0,35,261,0,296,103,0,103,399
03/11/2019,FXE,FL,ASO,ES,Towers with Radar,0,52,137,0,189,0,9,286,0,295,0,61,423,0,484,261,0,261,745
03/12/2019,FXE,FL,ASO,ES,Towers with Radar,0,38,130,1,169,0,3,229,0,232,0,41,359,1,401,165,0,165,566
03/13/2019,FXE,FL,ASO,ES,Towers with Radar,0,51,133,0,184,0,8,204,0,212,0,59,337,0,396,138,0,138,534
03/14/2019,FXE,FL,ASO,ES,Towers with Radar,0,51,156,0,207,0,4,228,0,232,0,55,384,0,439,210,0,210,649
03/15/2019,FXE,FL,ASO,ES,Towers with Radar,1,62,154,0,217,0,12,199,0,211,1,74,353,0,428,112,0,112,540
03/16/2019,FXE,FL,ASO,ES,Towers with Radar,0,52,132,0,184,0,8,170,1,179,0,60,302,1,363,132,0,132,495
03/17/2019,FXE,FL,ASO,ES,Towers with Radar,0,47,126,0,173,0,2,104,1,107,0,49,230,1,280,108,0,108,388
03/18/2019,FXE,FL,ASO,ES,Towers with Radar,0,51,144,0,195,0,6,123,0,129,0,57,267,0,324,115,0,115,439
03/19/2019,FXE,FL,ASO,ES,Towers with Radar,0,32,77,0,109,0,0,5,0,5,0,32,82,0,114,1,0,1,115
03/20/2019,FXE,FL,ASO,ES,Towers with Radar,0,29,147,0,176,0,4,76,0,80,0,33,223,0,256,22,0,22,278
03/21/2019,FXE,FL,ASO,ES,Towers with Radar,0,55,112,0,167,0,3,233,0,236,0,58,345,0,403,200,0,200,603
03/22/2019,FXE,FL,ASO,ES,Towers with Radar,0,59,125,0,184,0,14,223,0,237,0,73,348,0,421,133,0,133,554
03/23/2019,FXE,FL,ASO,ES,Towers with Radar,1,47,137,0,185,0,5,194,0,199,1,52,331,0,384,42,0,42,426
03/24/2019,FXE,FL,ASO,ES,Towers with Radar,0,51,112,0,163,0,3,144,0,147,0,54,256,0,310,125,0,125,435
03/25/2019,FXE,FL,ASO,ES,Towers with Radar,0,31,113,0,144,0,13,190,0,203,0,44,303,0,347,144,0,144,491
03/26/2019,FXE,FL,ASO,ES,Towers with Radar,0,37,84,0,121,0,7,197,0,204,0,44,281,0,325,199,0,199,524
03/27/2019,FXE,FL,ASO,ES,Towers with Radar,0,49,130,0,179,0,5,160,0,165,0,54,290,0,344,99,0,99,443
03/28/2019,FXE,FL,ASO,ES,Towers with Radar,0,58,112,0,170,0,7,123,0,130,0,65,235,0,300,86,0,86,386
03/29/2019,FXE,FL,ASO,ES,Towers with Radar,1,53,119,2,175,0,9,240,0,249,1,62,359,2,424,134,0,134,558
03/30/2019,FXE,FL,ASO,ES,Towers with Radar,0,57,111,0,168,0,4,185,0,189,0,61,296,0,357,124,0,124,481
03/31/2019,FXE,FL,ASO,ES,Towers with Radar,0,60,114,1,175,0,1,178,0,179,0,61,292,1,354,125,0,125,479
04/01/2019,FXE,FL,ASO,ES,Towers with Radar,0,44,129,0,173,0,8,208,0,216,0,52,337,0,389,270,0,270,659
04/02/2019,FXE,FL,ASO,ES,Towers with Radar,1,29,107,0,137,0,10,226,0,236,1,39,333,0,373,238,0,238,611
04/03/2019,FXE,FL,ASO,ES,Towers with Radar,0,49,118,0,167,0,11,209,0,220,0,60,327,0,387,171,0,171,558
04/04/2019,FXE,FL,ASO,ES,Towers with Radar,1,47,114,0,162,0,5,138,0,143,1,52,252,0,305,174,0,174,479
04/05/2019,FXE,FL,ASO,ES,Towers with Radar,0,47,127,0,174,0,11,214,0,225,0,58,341,0,399,243,0,243,642
04/06/2019,FXE,FL,ASO,ES,Towers with Radar,0,43,107,0,150,0,4,184,0,188,0,47,291,0,338,136,0,136,474
04/07/2019,FXE,FL,ASO,ES,Towers with Radar,0,49,106,0,155,0,8,156,0,164,0,57,262,0,319,152,0,152,471
04/08/2019,FXE,FL,ASO,ES,Towers with Radar,0,42,113,0,155,0,11,230,0,241,0,53,343,0,396,289,0,289,685
04/09/2019,FXE,FL,ASO,ES,Towers with Radar,0,39,87,0,126,0,8,73,1,82,0,47,160,1,208,177,0,177,385
04/10/2019,FXE,FL,ASO,ES,Towers with Radar,0,56,116,0,172,0,13,221,0,234,0,69,337,0,406,218,0,218,624
04/11/2019,FXE,FL,ASO,ES,Towers with Radar,0,60,128,0,188,0,10,276,0,286,0,70,404,0,474,160,0,160,634
04/12/2019,FXE,FL,ASO,ES,Towers with Radar,0,45,143,0,188,0,14,267,2,283,0,59,410,2,471,185,0,185,656
04/13/2019,FXE,FL,ASO,ES,Towers with Radar,0,48,88,0,136,0,7,144,0,151,0,55,232,0,287,115,0,115,402
04/14/2019,FXE,FL,ASO,ES,Towers with Radar,0,47,84,0,131,0,0,129,0,129,0,47,213,0,260,185,0,185,445
04/15/2019,FXE,FL,ASO,ES,Towers with Radar,0,35,106,0,141,0,14,170,0,184,0,49,276,0,325,224,0,224,549
04/16/2019,FXE,FL,ASO,ES,Towers with Radar,0,38,122,0,160,0,14,240,0,254,0,52,362,0,414,210,0,210,624
04/17/2019,FXE,FL,ASO,ES,Towers with Radar,0,37,145,0,182,0,19,241,0,260,0,56,386,0,442,143,0,143,585
04/18/2019,FXE,FL,ASO,ES,Towers with Radar,0,59,114,0,173,0,9,189,0,198,0,68,303,0,371,83,0,83,454
04/19/2019,FXE,FL,ASO,ES,Towers with Radar,0,34,79,0,113,0,3,74,0,77,0,37,153,0,190,61,0,61,251
04/20/2019,FXE,FL,ASO,ES,Towers with Radar,0,49,102,0,151,0,12,202,0,214,0,61,304,0,365,140,0,140,505
04/21/2019,FXE,FL,ASO,ES,Towers with Radar,1,34,101,0,136,0,5,123,0,128,1,39,224,0,264,100,0,100,364
04/22/2019,FXE,FL,ASO,ES,Towers with Radar,0,53,127,0,180,0,12,232,0,244,0,65,359,0,424,228,0,228,652
04/23/2019,FXE,FL,ASO,ES,Towers with Radar,0,41,132,0,173,0,8,234,0,242,0,49,366,0,415,275,0,275,690
04/24/2019,FXE,FL,ASO,ES,Towers with Radar,1,65,115,1,182,0,13,224,1,238,1,78,339,2,420,186,0,186,606
04/25/2019,FXE,FL,ASO,ES,Towers with Radar,0,36,138,0,174,0,5,213,0,218,0,41,351,0,392,264,0,264,656
04/26/2019,FXE,FL,ASO,ES,Towers with Radar,0,41,100,1,142,0,4,189,0,193,0,45,289,1,335,198,0,198,533
04/27/2019,FXE,FL,ASO,ES,Towers with Radar,0,39,102,2,143,0,6,178,1,185,0,45,280,3,328,198,0,198,526
04/28/2019,FXE,FL,ASO,ES,Towers with Radar,0,38,116,0,154,0,4,147,3,154,0,42,263,3,308,208,0,208,516
04/29/2019,FXE,FL,ASO,ES,Towers with Radar,0,41,84,0,125,0,9,189,0,198,0,50,273,0,323,280,0,280,603
04/30/2019,FXE,FL,ASO,ES,Towers with Radar,0,56,82,0,138,0,5,170,0,175,0,61,252,0,313,330,0,330,643
05/01/2019,FXE,FL,ASO,ES,Towers with Radar,0,41,112,1,154,0,9,120,0,129,0,50,232,1,283,91,0,91,374
05/02/2019,FXE,FL,ASO,ES,Towers with Radar,0,38,96,1,135,0,4,57,0,61,0,42,153,1,196,32,0,32,228
05/03/2019,FXE,FL,ASO,ES,Towers with Radar,0,36,63,2,101,0,10,136,2,148,0,46,199,4,249,126,0,126,375
05/04/2019,FXE,FL,ASO,ES,Towers with Radar,0,26,54,0,80,0,4,127,5,136,0,30,181,5,216,99,0,99,315
05/05/2019,FXE,FL,ASO,ES,Towers with Radar,0,29,89,2,120,0,3,108,20,131,0,32,197,22,251,61,0,61,312
05/06/2019,FXE,FL,ASO,ES,Towers with Radar,0,37,107,1,145,0,12,172,1,185,0,49,279,2,330,175,0,175,505
05/07/2019,FXE,FL,ASO,ES,Towers with Radar,0,48,117,0,165,0,10,251,0,261,0,58,368,0,426,279,0,279,705
05/08/2019,FXE,FL,ASO,ES,Towers with Radar,0,48,107,0,155,0,11,241,1,253,0,59,348,1,408,285,0,285,693
05/09/2019,FXE,FL,ASO,ES,Towers with Radar,0,49,119,0,168,0,19,234,0,253,0,68,353,0,421,240,0,240,661
05/10/2019,FXE,FL,ASO,ES,Towers with Radar,0,48,133,0,181,0,11,238,0,249,0,59,371,0,430,303,0,303,733
05/11/2019,FXE,FL,ASO,ES,Towers with Radar,0,35,81,0,116,0,11,187,0,198,0,46,268,0,314,150,0,150,464
05/12/2019,FXE,FL,ASO,ES,Towers with Radar,0,37,69,0,106,0,3,117,0,120,0,40,186,0,226,94,0,94,320
05/13/2019,FXE,FL,ASO,ES,Towers with Radar,0,27,96,0,123,0,11,160,0,171,0,38,256,0,294,149,0,149,443
05/14/2019,FXE,FL,ASO,ES,Towers with Radar,0,36,95,0,131,0,4,204,0,208,0,40,299,0,339,198,0,198,537
05/15/2019,FXE,FL,ASO,ES,Towers with Radar,0,35,103,0,138,0,16,188,0,204,0,51,291,0,342,225,0,225,567
05/16/2019,FXE,FL,ASO,ES,Towers with Radar,0,44,117,0,161,0,10,217,0,227,0,54,334,0,388,239,0,239,627
05/17/2019,FXE,FL,ASO,ES,Towers with Radar,0,40,107,0,147,0,18,219,0,237,0,58,326,0,384,175,0,175,559
05/18/2019,FXE,FL,ASO,ES,Towers with Radar,0,23,74,0,97,0,10,170,0,180,0,33,244,0,277,180,0,180,457
05/19/2019,FXE,FL,ASO,ES,Towers with Radar,1,59,79,0,139,0,6,162,0,168,1,65,241,0,307,137,0,137,444
05/20/2019,FXE,FL,ASO,ES,Towers with Radar,0,38,124,0,162,0,5,172,1,178,0,43,296,1,340,219,0,219,559
05/21/2019,FXE,FL,ASO,ES,Towers with Radar,0,36,92,0,128,0,6,248,1,255,0,42,340,1,383,148,0,148,531
05/22/2019,FXE,FL,ASO,ES,Towers with Radar,0,39,102,0,141,0,5,228,0,233,0,44,330,0,374,178,18,196,570
05/23/2019,FXE,FL,ASO,ES,Towers with Radar,0,58,126,0,184,0,11,232,0,243,0,69,358,0,427,110,0,110,537
05/24/2019,FXE,FL,ASO,ES,Towers with Radar,0,53,144,0,197,0,14,200,0,214,0,67,344,0,411,149,0,149,560
05/25/2019,FXE,FL,ASO,ES,Towers with Radar,0,39,85,0,124,0,12,154,0,166,0,51,239,0,290,105,0,105,395
05/26/2019,FXE,FL,ASO,ES,Towers with Radar,0,26,78,0,104,0,5,124,0,129,0,31,202,0,233,78,0,78,311
05/27/2019,FXE,FL,ASO,ES,Towers with Radar,0,41,104,1,146,0,6,173,1,180,0,47,277,2,326,251,0,251,577
05/28/2019,FXE,FL,ASO,ES,Towers with Radar,0,53,93,0,146,0,11,193,0,204,0,64,286,0,350,214,0,214,564
05/29/2019,FXE,FL,ASO,ES,Towers with Radar,0,47,108,0,155,0,16,193,0,209,0,63,301,0,364,177,0,177,541
05/30/2019,FXE,FL,ASO,ES,Towers with Radar,0,45,105,0,150,0,5,248,0,253,0,50,353,0,403,239,0,239,642
05/31/2019,FXE,FL,ASO,ES,Towers with Radar,0,38,108,0,146,0,14,195,0,209,0,52,303,0,355,162,0,162,517
06/01/2019,FXE,FL,ASO,ES,Towers with Radar,0,33,78,0,111,0,7,135,0,142,0,40,213,0,253,145,0,145,398
06/02/2019,FXE,FL,ASO,ES,Towers with Radar,0,36,65,0,101,0,3,121,0,124,0,39,186,0,225,107,0,107,332
06/03/2019,FXE,FL,ASO,ES,Towers with Radar,0,26,93,1,120,0,7,143,1,151,0,33,236,2,271,145,0,145,416
06/04/2019,FXE,FL,ASO,ES,Towers with Radar,0,38,85,1,124,0,1,135,1,137,0,39,220,2,261,223,0,223,484
06/05/2019,FXE,FL,ASO,ES,Towers with Radar,0,30,113,0,143,0,5,200,0,205,0,35,313,0,348,163,0,163,511
06/06/2019,FXE,FL,ASO,ES,Towers with Radar,0,37,98,0,135,0,3,214,0,217,0,40,312,0,352,200,0,200,552
06/07/2019,FXE,FL,ASO,ES,Towers with Radar,0,45,85,0,130,0,12,173,0,185,0,57,258,0,315,118,0,118,433
06/08/2019,FXE,FL,ASO,ES,Towers with Radar,0,31,63,0,94,0,6,132,0,138,0,37,195,0,232,89,0,89,321
06/09/2019,FXE,FL,ASO,ES,Towers with Radar,0,29,88,0,117,0,4,103,0,107,0,33,191,0,224,174,0,174,398
06/10/2019,FXE,FL,ASO,ES,Towers with Radar,0,38,85,0,123,0,4,101,0,105,0,42,186,0,228,211,0,211,439
06/11/2019,FXE,FL,ASO,ES,Towers with Radar,0,37,88,0,125,0,5,181,0,186,0,42,269,0,311,204,0,204,515
06/12/2019,FXE,FL,ASO,ES,Towers with Radar,0,37,93,0,130,0,9,166,0,175,0,46,259,0,305,197,0,197,502
06/13/2019,FXE,FL,ASO,ES,Towers with Radar,0,52,98,0,150,0,0,181,0,181,0,52,279,0,331,161,0,161,492
06/14/2019,FXE,FL,ASO,ES,Towers with Radar,0,36,124,0,160,0,12,187,0,199,0,48,311,0,359,116,0,116,475
06/15/2019,FXE,FL,ASO,ES,Towers with Radar,0,39,69,0,108,0,4,105,0,109,0,43,174,0,217,134,0,134,351
06/16/2019,FXE,FL,ASO,ES,Towers with Radar,0,36,76,0,112,0,0,46,0,46,0,36,122,0,158,75,0,75,233
06/17/2019,FXE,FL,ASO,ES,Towers with Radar,0,40,103,0,143,0,8,63,0,71,0,48,166,0,214,97,0,97,311
06/18/2019,FXE,FL,ASO,ES,Towers with Radar,0,35,91,0,126,0,4,163,0,167,0,39,254,0,293,130,0,130,423
06/19/2019,FXE,FL,ASO,ES,Towers with Radar,0,39,83,0,122,0,5,109,1,115,0,44,192,1,237,73,0,73,310
06/20/2019,FXE,FL,ASO,ES,Towers with Radar,0,51,123,1,175,0,9,264,1,274,0,60,387,2,449,149,0,149,598
06/21/2019,FXE,FL,ASO,ES,Towers with Radar,0,43,121,1,165,0,16,217,0,233,0,59,338,1,398,138,0,138,536
06/22/2019,FXE,FL,ASO,ES,Towers with Radar,7,32,89,0,128,0,8,144,0,152,7,40,233,0,280,122,0,122,402
06/23/2019,FXE,FL,ASO,ES,Towers with Radar,0,37,100,0,137,0,6,154,0,160,0,43,254,0,297,136,0,136,433
06/24/2019,FXE,FL,ASO,ES,Towers with Radar,0,36,77,0,113,0,9,175,0,184,0,45,252,0,297,196,0,196,493
06/25/2019,FXE,FL,ASO,ES,Towers with Radar,0,32,103,0,135,0,6,188,0,194,0,38,291,0,329,224,0,224,553
06/26/2019,FXE,FL,ASO,ES,Towers with Radar,0,28,94,0,122,0,12,186,0,198,0,40,280,0,320,283,0,283,603
06/27/2019,FXE,FL,ASO,ES,Towers with Radar,5,51,102,0,158,0,6,216,0,222,5,57,318,0,380,223,0,223,603
06/28/2019,FXE,FL,ASO,ES,Towers with Radar,0,31,110,0,141,0,12,181,0,193,0,43,291,0,334,200,0,200,534
06/29/2019,FXE,FL,ASO,ES,Towers with Radar,0,52,86,0,138,0,1,84,0,85,0,53,170,0,223,123,0,123,346
06/30/2019,FXE,FL,ASO,ES,Towers with Radar,0,33,86,1,120,0,0,123,0,123,0,33,209,1,243,103,0,103,346
07/01/2019,FXE,FL,ASO,ES,Towers with Radar,0,24,94,0,118,0,11,214,0,225,0,35,308,0,343,258,0,258,601
07/02/2019,FXE,FL,ASO,ES,Towers with Radar,0,24,92,0,116,0,4,205,0,209,0,28,297,0,325,177,0,177,502
07/03/2019,FXE,FL,ASO,ES,Towers with Radar,0,33,109,0,142,0,18,183,0,201,0,51,292,0,343,197,0,197,540
07/04/2019,FXE,FL,ASO,ES,Towers with Radar,0,20,69,0,89,0,4,141,0,145,0,24,210,0,234,164,0,164,398
07/05/2019,FXE,FL,ASO,ES,Towers with Radar,0,38,68,0,106,0,8,165,0,173,0,46,233,0,279,182,0,182,461
07/06/2019,FXE,FL,ASO,ES,Towers with Radar,0,32,90,0,122,0,7,125,0,132,0,39,215,0,254,102,0,102,356
07/07/2019,FXE,FL,ASO,ES,Towers with Radar,1,47,113,0,161,0,6,138,0,144,1,53,251,0,305,132,0,132,437
07/08/2019,FXE,FL,ASO,ES,Towers with Radar,0,42,91,0,133,0,8,87,0,95,0,50,178,0,228,118,0,118,346
07/09/2019,FXE,FL,ASO,ES,Towers with Radar,0,32,99,0,131,0,10,197,0,207,0,42,296,0,338,241,0,241,579
07/10/2019,FXE,FL,ASO,ES,Towers with Radar,0,35,101,0,136,0,4,214,0,218,0,39,315,0,354,254,0,254,608
07/11/2019,FXE,FL,ASO,ES,Towers with Radar,0,42,90,0,132,0,13,240,0,253,0,55,330,0,385,236,0,236,621
07/12/2019,FXE,FL,ASO,ES,Towers with Radar,0,33,103,0,136,0,18,193,0,211,0,51,296,0,347,262,37,299,646
07/13/2019,FXE,FL,ASO,ES,Towers with Radar,0,34,88,1,123,0,10,186,0,196,0,44,274,1,319,146,0,146,465
07/14/2019,FXE,FL,ASO,ES,Towers with Radar,0,30,106,0,136,0,0,139,0,139,0,30,245,0,275,163,0,163,438
07/15/2019,FXE,FL,ASO,ES,Towers with Radar,0,32,92,0,124,0,9,188,1,198,0,41,280,1,322,298,0,298,620
07/16/2019,FXE,FL,ASO,ES,Towers with Radar,0,26,91,2,119,0,6,160,0,166,0,32,251,2,285,263,0,263,548
07/17/2019,FXE,FL,ASO,ES,Towers with Radar,0,20,100,1,121,0,4,244,0,248,0,24,344,1,369,235,0,235,604
07/18/2019,FXE,FL,ASO,ES,Towers with Radar,0,21,101,2,124,0,8,175,0,183,0,29,276,2,307,131,0,131,438
07/19/2019,FXE,FL,ASO,ES,Towers with Radar,0,30,112,0,142,0,15,207,0,222,0,45,319,0,364,256,0,256,620
07/20/2019,FXE,FL,ASO,ES,Towers with Radar,0,22,75,0,97,0,5,140,0,145,0,27,215,0,242,163,0,163,405
07/21/2019,FXE,FL,ASO,ES,Towers with Radar,5,25,81,0,111,0,2,177,0,179,5,27,258,0,290,186,0,186,476
07/22/2019,FXE,FL,ASO,ES,Towers with Radar,0,27,71,0,98,0,8,174,0,182,0,35,245,0,280,185,0,185,465
07/23/2019,FXE,FL,ASO,ES,Towers with Radar,0,36,75,0,111,0,6,122,0,128,0,42,197,0,239,214,0,214,453
07/24/2019,FXE,FL,ASO,ES,Towers with Radar,0,46,97,0,143,0,2,168,1,171,0,48,265,1,314,185,0,185,499
07/25/2019,FXE,FL,ASO,ES,Towers with Radar,0,33,78,0,111,0,9,126,0,135,0,42,204,0,246,203,0,203,449
07/26/2019,FXE,FL,ASO,ES,Towers with Radar,0,41,97,0,138,0,17,153,0,170,0,58,250,0,308,176,0,176,484
07/27/2019,FXE,FL,ASO,ES,Towers with Radar,8,32,67,0,107,0,10,140,0,150,8,42,207,0,257,160,0,160,417
07/28/2019,FXE,FL,ASO,ES,Towers with Radar,0,31,70,0,101,0,3,131,0,134,0,34,201,0,235,194,0,194,429
07/29/2019,FXE,FL,ASO,ES,Towers with Radar,0,28,101,2,131,0,11,185,1,197,0,39,286,3,328,203,0,203,531
07/30/2019,FXE,FL,ASO,ES,Towers with Radar,0,41,85,0,126,0,5,183,0,188,0,46,268,0,314,218,0,218,532
07/31/2019,FXE,FL,ASO,ES,Towers with Radar,0,28,114,0,142,0,7,189,0,196,0,35,303,0,338,163,0,163,501
08/01/2019,FXE,FL,ASO,ES,Towers with Radar,0,40,90,0,130,0,7,88,0,95,0,47,178,0,225,103,0,103,328
08/02/2019,FXE,FL,ASO,ES,Towers with Radar,1,27,95,0,123,0,9,129,0,138,1,36,224,0,261,120,0,120,381
08/03/2019,FXE,FL,ASO,ES,Towers with Radar,0,34,49,0,83,0,1,111,0,112,0,35,160,0,195,186,0,186,381
08/04/2019,FXE,FL,ASO,ES,Towers with Radar,0,23,77,0,100,0,0,125,0,125,0,23,202,0,225,93,0,93,318
08/05/2019,FXE,FL,ASO,ES,Towers with Radar,0,30,79,0,109,0,4,122,1,127,0,34,201,1,236,153,0,153,389
08/06/2019,FXE,FL,ASO,ES,Towers with Radar,0,26,66,0,92,0,5,164,0,169,0,31,230,0,261,213,0,213,474
08/07/2019,FXE,FL,ASO,ES,Towers with Radar,0,32,79,0,111,0,7,195,2,204,0,39,274,2,315,140,0,140,455
08/08/2019,FXE,FL,ASO,ES,Towers with Radar,0,35,99,0,134,0,14,211,0,225,0,49,310,0,359,199,0,199,558
08/09/2019,FXE,FL,ASO,ES,Towers with Radar,0,38,90,2,130,0,6,207,0,213,0,44,297,2,343,128,0,128,471
08/10/2019,FXE,FL,ASO,ES,Towers with Radar,0,33,71,0,104,0,5,157,0,162,0,38,228,0,266,157,0,157,423
08/11/2019,FXE,FL,ASO,ES,Towers with Radar,0,36,61,1,98,0,1,123,0,124,0,37,184,1,222,122,0,122,344
08/12/2019,FXE,FL,ASO,ES,Towers with Radar,0,33,73,1,107,0,5,141,0,146,0,38,214,1,253,176,0,176,429
08/13/2019,FXE,FL,ASO,ES,Towers with Radar,0,26,74,2,102,0,6,142,0,148,0,32,216,2,250,161,0,161,411
08/14/2019,FXE,FL,ASO,ES,Towers with Radar,0,33,92,1,126,0,9,200,0,209,0,42,292,1,335,146,0,146,481
08/15/2019,FXE,FL,ASO,ES,Towers with Radar,0,32,93,0,125,0,9,202,0,211,0,41,295,0,336,141,0,141,477
08/16/2019,FXE,FL,ASO,ES,Towers with Radar,0,30,77,0,107,0,11,180,2,193,0,41,257,2,300,230,0,230,530
08/17/2019,FXE,FL,ASO,ES,Towers with Radar,0,30,72,0,102,0,10,151,0,161,0,40,223,0,263,162,0,162,425
08/18/2019,FXE,FL,ASO,ES,Towers with Radar,0,34,92,0,126,0,3,166,0,169,0,37,258,0,295,92,0,92,387
08/19/2019,FXE,FL,ASO,ES,Towers with Radar,0,26,94,0,120,0,8,201,2,211,0,34,295,2,331,185,0,185,516
08/20/2019,FXE,FL,ASO,ES,Towers with Radar,0,30,104,0,134,0,3,167,0,170,0,33,271,0,304,169,0,169,473
08/21/2019,FXE,FL,ASO,ES,Towers with Radar,0,26,121,1,148,0,9,252,0,261,0,35,373,1,409,129,0,129,538
08/22/2019,FXE,FL,ASO,ES,Towers with Radar,0,41,106,1,148,0,9,157,0,166,0,50,263,1,314,228,0,228,542
08/23/2019,FXE,FL,ASO,ES,Towers with Radar,0,36,87,0,123,0,8,153,0,161,0,44,240,0,284,149,0,149,433
08/24/2019,FXE,FL,ASO,ES,Towers with Radar,0,18,75,0,93,0,8,159,0,167,0,26,234,0,260,159,0,159,419
08/25/2019,FXE,FL,ASO,ES,Towers with Radar,0,23,57,1,81,0,0,116,0,116,0,23,173,1,197,170,0,170,367
08/26/2019,FXE,FL,ASO,ES,Towers with Radar,0,30,70,0,100,0,5,140,0,145,0,35,210,0,245,170,0,170,415
08/27/2019,FXE,FL,ASO,ES,Towers with Radar,0,29,94,0,123,0,5,179,0,184,0,34,273,0,307,128,0,128,435
08/28/2019,FXE,FL,ASO,ES,Towers with Radar,0,30,97,0,127,0,28,212,0,240,0,58,309,0,367,150,0,150,517
08/29/2019,FXE,FL,ASO,ES,Towers with Radar,0,34,105,0,139,0,4,193,0,197,0,38,298,0,336,73,0,73,409
08/30/2019,FXE,FL,ASO,ES,Towers with Radar,0,55,87,0,142,0,15,135,1,151,0,70,222,1,293,91,0,91,384
08/31/2019,FXE,FL,ASO,ES,Towers with Radar,0,53,94,0,147,0,1,83,0,84,0,54,177,0,231,40,0,40,271
09/01/2019,FXE,FL,ASO,ES,Towers with Radar,0,11,28,0,39,0,1,17,0,18,0,12,45,0,57,20,0,20,77
09/02/2019,FXE,FL,ASO,ES,Towers with Radar,0,2,0,0,2,0,0,0,0,0,0,2,0,0,2,0,0,0,2
09/03/2019,FXE,FL,ASO,ES,Towers with Radar,0,5,24,0,29,0,0,6,0,6,0,5,30,0,35,2,0,2,37
09/04/2019,FXE,FL,ASO,ES,Towers with Radar,0,47,93,0,140,0,10,89,0,99,0,57,182,0,239,18,0,18,257
09/05/2019,FXE,FL,ASO,ES,Towers with Radar,4,39,106,0,149,0,3,239,3,245,4,42,345,3,394,54,0,54,448
09/06/2019,FXE,FL,ASO,ES,Towers with Radar,6,25,108,0,139,0,6,215,4,225,6,31,323,4,364,157,0,157,521
09/07/2019,FXE,FL,ASO,ES,Towers with Radar,43,29,97,0,169,0,14,272,14,300,43,43,369,14,469,111,0,111,580
09/08/2019,FXE,FL,ASO,ES,Towers with Radar,33,24,106,0,163,0,8,200,5,213,33,32,306,5,376,155,0,155,531
09/09/2019,FXE,FL,ASO,ES,Towers with Radar,14,25,132,0,171,0,24,264,5,293,14,49,396,5,464,155,0,155,619
09/10/2019,FXE,FL,ASO,ES,Towers with Radar,24,26,98,1,149,0,10,269,4,283,24,36,367,5,432,140,0,140,572
09/11/2019,FXE,FL,ASO,ES,Towers with Radar,11,29,106,6,152,0,12,274,2,288,11,41,380,8,440,77,0,77,517
09/12/2019,FXE,FL,ASO,ES,Towers with Radar,2,35,83,0,120,0,11,173,3,187,2,46,256,3,307,234,0,234,541
09/13/2019,FXE,FL,ASO,ES,Towers with Radar,0,28,107,0,135,0,13,162,4,179,0,41,269,4,314,84,0,84,398
09/14/2019,FXE,FL,ASO,ES,Towers with Radar,1,18,68,0,87,0,3,106,1,110,1,21,174,1,197,95,0,95,292
09/15/2019,FXE,FL,ASO,ES,Towers with Radar,0,22,84,0,106,0,6,141,2,149,0,28,225,2,255,53,0,53,308
09/16/2019,FXE,FL,ASO,ES,Towers with Radar,1,19,91,0,111,0,11,200,1,212,1,30,291,1,323,114,0,114,437
09/17/2019,FXE,FL,ASO,ES,Towers with Radar,0,27,80,0,107,0,19,239,2,260,0,46,319,2,367,177,0,177,544
09/18/2019,FXE,FL,ASO,ES,Towers with Radar,0,41,124,0,165,0,8,264,4,276,0,49,388,4,441,130,0,130,571
09/19/2019,FXE,FL,ASO,ES,Towers with Radar,0,41,111,0,152,0,7,185,2,194,0,48,296,2,346,102,0,102,448
09/20/2019,FXE,FL,ASO,ES,Towers with Radar,0,36,96,0,132,0,11,140,2,153,0,47,236,2,285,90,0,90,375
09/21/2019,FXE,FL,ASO,ES,Towers with Radar,0,29,72,0,101,0,9,105,1,115,0,38,177,1,216,77,0,77,293
09/22/2019,FXE,FL,ASO,ES,Towers with Radar,0,22,90,0,112,0,0,87,1,88,0,22,177,1,200,114,0,114,314
09/23/2019,FXE,FL,ASO,ES,Towers with Radar,0,32,87,0,119,0,13,208,1,222,0,45,295,1,341,160,0,160,501
09/24/2019,FXE,FL,ASO,ES,Towers with Radar,0,23,109,0,132,0,18,229,2,249,0,41,338,2,381,238,0,238,619
09/25/2019,FXE,FL,ASO,ES,Towers with Radar,0,30,98,0,128,0,18,205,3,226,0,48,303,3,354,189,0,189,543
09/26/2019,FXE,FL,ASO,ES,Towers with Radar,0,36,120,0,156,0,12,210,1,223,0,48,330,1,379,223,0,223,602
09/27/2019,FXE,FL,ASO,ES,Towers with Radar,0,34,94,0,128,0,20,199,2,221,0,54,293,2,349,210,0,210,559
09/28/2019,FXE,FL,ASO,ES,Towers with Radar,6,25,78,0,109,0,2,221,0,223,6,27,299,0,332,179,0,179,511
09/29/2019,FXE,FL,ASO,ES,Towers with Radar,11,19,62,1,93,0,2,125,0,127,11,21,187,1,220,150,0,150,370
09/30/2019,FXE,FL,ASO,ES,Towers with Radar,0,27,95,0,122,0,10,141,3,154,0,37,236,3,276,164,0,164,440
10/01/2019,FXE,FL,ASO,ES,Towers with Radar,0,33,72,1,106,0,11,117,1,129,0,44,189,2,235,104,0,104,339
10/02/2019,FXE,FL,ASO,ES,Towers with Radar,0,28,94,0,122,0,11,204,0,215,0,39,298,0,337,204,0,204,541
10/03/2019,FXE,FL,ASO,ES,Towers with Radar,3,30,109,0,142,0,9,222,1,232,3,39,331,1,374,246,0,246,620
10/04/2019,FXE,FL,ASO,ES,Towers with Radar,0,39,118,1,158,0,14,204,0,218,0,53,322,1,376,201,0,201,577
10/05/2019,FXE,FL,ASO,ES,Towers with Radar,0,28,81,0,109,0,12,170,0,182,0,40,251,0,291,133,0,133,424
10/06/2019,FXE,FL,ASO,ES,Towers with Radar,0,31,99,0,130,0,7,133,0,140,0,38,232,0,270,108,0,108,378
10/07/2019,FXE,FL,ASO,ES,Towers with Radar,0,28,84,0,112,0,11,67,1,79,0,39,151,1,191,133,0,133,324
10/08/2019,FXE,FL,ASO,ES,Towers with Radar,0,31,66,0,97,0,6,87,0,93,0,37,153,0,190,139,0,139,329
10/09/2019,FXE,FL,ASO,ES,Towers with Radar,0,35,83,0,118,0,6,152,0,158,0,41,235,0,276,203,0,203,479
10/10/2019,FXE,FL,ASO,ES,Towers with Radar,0,37,89,0,126,0,6,168,0,174,0,43,257,0,300,276,0,276,576
10/11/2019,FXE,FL,ASO,ES,Towers with Radar,0,38,120,2,160,0,12,152,1,165,0,50,272,3,325,130,0,130,455
10/12/2019,FXE,FL,ASO,ES,Towers with Radar,0,23,79,0,102,0,7,188,0,195,0,30,267,0,297,166,0,166,463
10/13/2019,FXE,FL,ASO,ES,Towers with Radar,0,31,66,0,97,0,0,174,1,175,0,31,240,1,272,103,0,103,375
10/14/2019,FXE,FL,ASO,ES,Towers with Radar,6,26,103,0,135,0,7,213,0,220,6,33,316,0,355,186,0,186,541
10/15/2019,FXE,FL,ASO,ES,Towers with Radar,0,27,127,0,154,0,13,225,1,239,0,40,352,1,393,122,0,122,515
10/16/2019,FXE,FL,ASO,ES,Towers with Radar,0,41,97,0,138,0,15,199,0,214,0,56,296,0,352,174,0,174,526
10/17/2019,FXE,FL,ASO,ES,Towers with Radar,0,25,85,0,110,0,9,209,1,219,0,34,294,1,329,146,0,146,475
10/18/2019,FXE,FL,ASO,ES,Towers with Radar,0,47,120,0,167,0,12,197,1,210,0,59,317,1,377,151,0,151,528
10/19/2019,FXE,FL,ASO,ES,Towers with Radar,0,31,56,0,87,0,9,107,0,116,0,40,163,0,203,100,0,100,303
10/20/2019,FXE,FL,ASO,ES,Towers with Radar,0,28,69,0,97,0,3,132,0,135,0,31,201,0,232,95,0,95,327
10/21/2019,FXE,FL,ASO,ES,Towers with Radar,0,34,102,0,136,0,11,206,0,217,0,45,308,0,353,113,0,113,466
10/22/2019,FXE,FL,ASO,ES,Towers with Radar,0,30,101,0,131,0,3,188,1,192,0,33,289,1,323,227,0,227,550
10/23/2019,FXE,FL,ASO,ES,Towers with Radar,0,35,105,0,140,0,4,193,0,197,0,39,298,0,337,174,0,174,511
10/24/2019,FXE,FL,ASO,ES,Towers with Radar,0,47,109,0,156,0,11,205,0,216,0,58,314,0,372,211,0,211,583
10/25/2019,FXE,FL,ASO,ES,Towers with Radar,0,27,100,0,127,0,18,147,1,166,0,45,247,1,293,101,0,101,394
10/26/2019,FXE,FL,ASO,ES,Towers with Radar,0,26,84,0,110,0,5,93,0,98,0,31,177,0,208,98,0,98,306
10/27/2019,FXE,FL,ASO,ES,Towers with Radar,3,37,79,0,119,0,6,174,0,180,3,43,253,0,299,103,0,103,402
10/28/2019,FXE,FL,ASO,ES,Towers with Radar,6,43,107,0,156,0,14,180,0,194,6,57,287,0,350,106,0,106,456
10/29/2019,FXE,FL,ASO,ES,Towers with Radar,0,38,122,0,160,0,7,204,1,212,0,45,326,1,372,203,0,203,575
10/30/2019,FXE,FL,ASO,ES,Towers with Radar,5,39,118,0,162,0,7,224,1,232,5,46,342,1,394,153,0,153,547
10/31/2019,FXE,FL,ASO,ES,Towers with Radar,8,42,131,0,181,0,10,229,0,239,8,52,360,0,420,142,0,142,562
11/01/2019,FXE,FL,ASO,ES,Towers with Radar,5,52,144,3,204,0,15,259,1,275,5,67,403,4,479,130,0,130,609
11/02/2019,FXE,FL,ASO,ES,Towers with Radar,0,34,99,0,133,0,5,216,0,221,0,39,315,0,354,111,0,111,465
11/03/2019,FXE,FL,ASO,ES,Towers with Radar,0,30,134,0,164,0,2,61,0,63,0,32,195,0,227,66,0,66,293
11/04/2019,FXE,FL,ASO,ES,Towers with Radar,0,28,120,0,148,0,11,218,0,229,0,39,338,0,377,128,0,128,505
11/05/2019,FXE,FL,ASO,ES,Towers with Radar,0,29,102,0,131,0,11,167,0,178,0,40,269,0,309,194,0,194,503
11/06/2019,FXE,FL,ASO,ES,Towers with Radar,0,55,127,0,182,0,8,237,1,246,0,63,364,1,428,124,0,124,552
11/07/2019,FXE,FL,ASO,ES,Towers with Radar,0,47,117,3,167,0,27,221,0,248,0,74,338,3,415,171,0,171,586
11/08/2019,FXE,FL,ASO,ES,Towers with Radar,0,47,116,1,164,0,16,177,3,196,0,63,293,4,360,83,0,83,443
11/09/2019,FXE,FL,ASO,ES,Towers with Radar,0,34,56,0,90,0,2,42,0,44,0,36,98,0,134,67,0,67,201
11/10/2019,FXE,FL,ASO,ES,Towers with Radar,0,31,79,0,110,0,5,188,1,194,0,36,267,1,304,152,0,152,456
11/11/2019,FXE,FL,ASO,ES,Towers with Radar,0,43,116,0,159,0,11,208,3,222,0,54,324,3,381,109,0,109,490
11/12/2019,FXE,FL,ASO,ES,Towers with Radar,0,43,90,0,133,0,9,185,0,194,0,52,275,0,327,164,0,164,491
11/13/2019,FXE,FL,ASO,ES,Towers with Radar,0,34,106,0,140,0,9,142,0,151,0,43,248,0,291,37,0,37,328
11/14/2019,FXE,FL,ASO,ES,Towers with Radar,0,50,109,0,159,0,6,38,0,44,0,56,147,0,203,11,0,11,214
11/15/2019,FXE,FL,ASO,ES,Towers with Radar,0,41,104,0,145,0,7,197,0,204,0,48,301,0,349,180,0,180,529
11/16/2019,FXE,FL,ASO,ES,Towers with Radar,0,34,76,0,110,0,10,230,1,241,0,44,306,1,351,144,0,144,495
11/17/2019,FXE,FL,ASO,ES,Towers with Radar,0,43,116,0,159,0,2,62,0,64,0,45,178,0,223,196,0,196,419
11/18/2019,FXE,FL,ASO,ES,Towers with Radar,0,44,111,0,155,0,7,142,0,149,0,51,253,0,304,88,0,88,392
11/19/2019,FXE,FL,ASO,ES,Towers with Radar,0,47,105,1,153,0,9,192,0,201,0,56,297,1,354,122,0,122,476
11/20/2019,FXE,FL,ASO,ES,Towers with Radar,0,52,118,0,170,0,14,213,1,228,0,66,331,1,398,130,0,130,528
11/21/2019,FXE,FL,ASO,ES,Towers with Radar,0,42,101,0,143,0,8,233,0,241,0,50,334,0,384,191,0,191,575
11/22/2019,FXE,FL,ASO,ES,Towers with Radar,0,35,119,0,154,0,17,209,0,226,0,52,328,0,380,156,0,156,536
11/23/2019,FXE,FL,ASO,ES,Towers with Radar,1,32,105,0,138,0,13,193,0,206,1,45,298,0,344,101,0,101,445
11/24/2019,FXE,FL,ASO,ES,Towers with Radar,4,25,75,0,104,0,2,113,2,117,4,27,188,2,221,82,0,82,303
11/25/2019,FXE,FL,ASO,ES,Towers with Radar,0,35,84,0,119,0,10,210,0,220,0,45,294,0,339,167,0,167,506
11/26/2019,FXE,FL,ASO,ES,Towers with Radar,0,50,120,0,170,0,11,175,0,186,0,61,295,0,356,163,0,163,519
11/27/2019,FXE,FL,ASO,ES,Towers with Radar,0,41,127,0,168,0,13,164,1,178,0,54,291,1,346,119,0,119,465
11/28/2019,FXE,FL,ASO,ES,Towers with Radar,0,15,46,0,61,0,4,69,0,73,0,19,115,0,134,73,0,73,207
11/29/2019,FXE,FL,ASO,ES,Towers with Radar,0,20,79,0,99,0,14,134,0,148,0,34,213,0,247,119,0,119,366
11/30/2019,FXE,FL,ASO,ES,Towers with Radar,0,49,112,0,161,0,15,173,1,189,0,64,285,1,350,87,0,87,437
12/01/2019,FXE,FL,ASO,ES,Towers with Radar,0,57,112,0,169,0,4,179,0,183,0,61,291,0,352,75,0,75,427
12/02/2019,FXE,FL,ASO,ES,Towers with Radar,0,49,98,0,147,0,10,163,2,175,0,59,261,2,322,141,0,141,463
12/03/2019,FXE,FL,ASO,ES,Towers with Radar,0,38,110,0,148,0,15,210,0,225,0,53,320,0,373,175,0,175,548
12/04/2019,FXE,FL,ASO,ES,Towers with Radar,0,53,109,0,162,0,17,232,1,250,0,70,341,1,412,159,0,159,571
12/05/2019,FXE,FL,ASO,ES,Towers with Radar,0,39,121,0,160,0,16,224,1,241,0,55,345,1,401,177,0,177,578
12/06/2019,FXE,FL,ASO,ES,Towers with Radar,0,39,108,0,147,0,23,238,0,261,0,62,346,0,408,156,0,156,564
12/07/2019,FXE,FL,ASO,ES,Towers with Radar,0,29,62,0,91,0,6,186,0,192,0,35,248,0,283,111,0,111,394
12/08/2019,FXE,FL,ASO,ES,Towers with Radar,0,37,96,1,134,0,13,183,0,196,0,50,279,1,330,161,0,161,491
12/09/2019,FXE,FL,ASO,ES,Towers with Radar,0,21,96,0,117,0,16,179,0,195,0,37,275,0,312,249,0,249,561
12/10/2019,FXE,FL,ASO,ES,Towers with Radar,4,44,138,0,186,0,10,210,0,220,4,54,348,0,406,203,0,203,609
12/11/2019,FXE,FL,ASO,ES,Towers with Radar,0,45,111,0,156,0,13,135,0,148,0,58,246,0,304,250,0,250,554
12/12/2019,FXE,FL,ASO,ES,Towers with Radar,0,40,142,1,183,0,8,113,0,121,0,48,255,1,304,78,0,78,382
12/13/2019,FXE,FL,ASO,ES,Towers with Radar,0,39,130,0,169,0,20,213,0,233,0,59,343,0,402,238,0,238,640
12/14/2019,FXE,FL,ASO,ES,Towers with Radar,0,33,81,0,114,0,4,175,0,179,0,37,256,0,293,178,0,178,471
12/15/2019,FXE,FL,ASO,ES,Towers with Radar,1,34,113,0,148,0,8,186,0,194,1,42,299,0,342,149,0,149,491
12/16/2019,FXE,FL,ASO,ES,Towers with Radar,0,35,129,0,164,0,17,248,0,265,0,52,377,0,429,155,0,155,584
12/17/2019,FXE,FL,ASO,ES,Towers with Radar,0,27,104,0,131,0,13,190,0,203,0,40,294,0,334,148,0,148,482
12/18/2019,FXE,FL,ASO,ES,Towers with Radar,0,46,123,0,169,0,10,91,0,101,0,56,214,0,270,114,0,114,384
12/19/2019,FXE,FL,ASO,ES,Towers with Radar,0,42,125,0,167,0,8,84,0,92,0,50,209,0,259,35,0,35,294
12/20/2019,FXE,FL,ASO,ES,Towers with Radar,0,56,133,0,189,0,13,129,0,142,0,69,262,0,331,101,0,101,432
12/21/2019,FXE,FL,ASO,ES,Towers with Radar,0,28,139,0,167,0,8,118,0,126,0,36,257,0,293,96,0,96,389
12/22/2019,FXE,FL,ASO,ES,Towers with Radar,0,37,76,0,113,0,0,70,0,70,0,37,146,0,183,204,0,204,387
12/23/2019,FXE,FL,ASO,ES,Towers with Radar,0,47,89,0,136,0,5,114,0,119,0,52,203,0,255,115,0,115,370
12/24/2019,FXE,FL,ASO,ES,Towers with Radar,0,29,58,0,87,0,8,181,0,189,0,37,239,0,276,84,0,84,360
12/25/2019,FXE,FL,ASO,ES,Towers with Radar,0,25,28,0,53,0,0,34,0,34,0,25,62,0,87,44,0,44,131
12/26/2019,FXE,FL,ASO,ES,Towers with Radar,0,60,139,0,199,0,10,109,0,119,0,70,248,0,318,87,0,87,405
12/27/2019,FXE,FL,ASO,ES,Towers with Radar,0,85,149,0,234,0,18,186,0,204,0,103,335,0,438,136,0,136,574
12/28/2019,FXE,FL,ASO,ES,Towers with Radar,2,83,139,0,224,0,10,142,1,153,2,93,281,1,377,185,0,185,562
12/29/2019,FXE,FL,ASO,ES,Towers with Radar,1,52,99,0,152,0,3,109,0,112,1,55,208,0,264,188,0,188,452
12/30/2019,FXE,FL,ASO,ES,Towers with Radar,0,43,94,0,137,0,5,79,2,86,0,48,173,2,223,140,0,140,363
12/31/2019,FXE,FL,ASO,ES,Towers with Radar,0,35,102,0,137,0,4,149,1,154,0,39,251,1,291,77,0,77,368
01/01/2020,FXE,FL,ASO,ES,Towers with Radar,0,55,87,0,142,0,2,159,0,161,0,57,246,0,303,82,0,82,385
01/02/2020,FXE,FL,ASO,ES,Towers with Radar,0,42,112,0,154,0,13,217,0,230,0,55,329,0,384,234,0,234,618
01/03/2020,FXE,FL,ASO,ES,Towers with Radar,0,51,140,0,191,0,17,217,1,235,0,68,357,1,426,189,0,189,615
01/04/2020,FXE,FL,ASO,ES,Towers with Radar,0,55,148,0,203,0,17,145,0,162,0,72,293,0,365,70,0,70,435
01/05/2020,FXE,FL,ASO,ES,Towers with Radar,1,49,152,0,202,0,10,177,0,187,1,59,329,0,389,112,0,112,501
01/06/2020,FXE,FL,ASO,ES,Towers with Radar,0,34,124,0,158,0,10,179,0,189,0,44,303,0,347,210,0,210,557
01/07/2020,FXE,FL,ASO,ES,Towers with Radar,0,30,114,0,144,0,11,194,0,205,0,41,308,0,349,239,0,239,588
01/08/2020,FXE,FL,ASO,ES,Towers with Radar,0,37,114,1,152,0,11,224,1,236,0,48,338,2,388,212,0,212,600
01/09/2020,FXE,FL,ASO,ES,Towers with Radar,0,37,98,0,135,0,10,145,0,155,0,47,243,0,290,86,0,86,376
01/10/2020,FXE,FL,ASO,ES,Towers with Radar,0,33,112,0,145,0,7,86,0,93,0,40,198,0,238,126,0,126,364
01/11/2020,FXE,FL,ASO,ES,Towers with Radar,0,31,69,0,100,0,4,89,0,93,0,35,158,0,193,138,0,138,331
01/12/2020,FXE,FL,ASO,ES,Towers with Radar,0,36,101,0,137,0,0,88,0,88,0,36,189,0,225,157,0,157,382
01/13/2020,FXE,FL,ASO,ES,Towers with Radar,0,28,90,0,118,0,14,178,0,192,0,42,268,0,310,196,0,196,506
01/14/2020,FXE,FL,ASO,ES,Towers with Radar,0,30,106,0,136,0,10,203,0,213,0,40,309,0,349,264,0,264,613
01/15/2020,FXE,FL,ASO,ES,Towers with Radar,0,33,101,0,134,0,18,207,2,227,0,51,308,2,361,328,0,328,689
01/16/2020,FXE,FL,ASO,ES,Towers with Radar,0,44,112,0,156,0,9,202,1,212,0,53,314,1,368,278,0,278,646
01/17/2020,FXE,FL,ASO,ES,Towers with Radar,0,48,139,0,187,0,10,155,0,165,0,58,294,0,352,190,0,190,542
01/18/2020,FXE,FL,ASO,ES,Towers with Radar,0,30,65,0,95,0,3,174,0,177,0,33,239,0,272,210,0,210,482
01/19/2020,FXE,FL,ASO,ES,Towers with Radar,1,23,98,0,122,0,8,176,0,184,1,31,274,0,306,216,0,216,522
01/20/2020,FXE,FL,ASO,ES,Towers with Radar,0,36,107,0,143,0,7,164,0,171,0,43,271,0,314,261,0,261,575
01/21/2020,FXE,FL,ASO,ES,Towers with Radar,0,30,102,0,132,0,7,196,0,203,0,37,298,0,335,162,0,162,497
01/22/2020,FXE,FL,ASO,ES,Towers with Radar,0,40,110,0,150,0,7,123,0,130,0,47,233,0,280,149,0,149,429
01/23/2020,FXE,FL,ASO,ES,Towers with Radar,0,44,126,0,170,0,7,95,0,102,0,51,221,0,272,65,0,65,337
01/24/2020,FXE,FL,ASO,ES,Towers with Radar,0,42,116,1,159,0,16,226,1,243,0,58,342,2,402,306,3,309,711
01/25/2020,FXE,FL,ASO,ES,Towers with Radar,0,28,74,0,102,0,5,373,2,380,0,33,447,2,482,87,0,87,569
01/26/2020,FXE,FL,ASO,ES,Towers with Radar,0,44,113,0,157,0,11,202,0,213,0,55,315,0,370,255,0,255,625
01/27/2020,FXE,FL,ASO,ES,Towers with Radar,0,51,120,0,171,0,6,192,0,198,0,57,312,0,369,195,0,195,564
01/28/2020,FXE,FL,ASO,ES,Towers with Radar,0,27,111,0,138,0,10,174,0,184,0,37,285,0,322,125,0,125,447
01/29/2020,FXE,FL,ASO,ES,Towers with Radar,0,43,54,0,97,0,6,92,1,99,0,49,146,1,196,87,0,87,283
01/30/2020,FXE,FL,ASO,ES,Towers with Radar,0,57,67,0,124,0,6,65,0,71,0,63,132,0,195,50,0,50,245
01/31/2020,FXE,FL,ASO,ES,Towers with Radar,0,76,85,0,161,0,2,68,0,70,0,78,153,0,231,44,0,44,275
02/01/2020,FXE,FL,ASO,ES,Towers with Radar,0,51,51,0,102,0,1,26,0,27,0,52,77,0,129,85,0,85,214
02/02/2020,FXE,FL,ASO,ES,Towers with Radar,0,88,77,0,165,0,3,31,0,34,0,91,108,0,199,2,0,2,201
02/03/2020,FXE,FL,ASO,ES,Towers with Radar,0,125,105,0,230,0,4,80,0,84,0,129,185,0,314,31,0,31,345
02/04/2020,FXE,FL,ASO,ES,Towers with Radar,2,49,98,0,149,0,22,232,0,254,2,71,330,0,403,156,0,156,559
02/05/2020,FXE,FL,ASO,ES,Towers with Radar,0,44,129,0,173,0,8,253,0,261,0,52,382,0,434,194,0,194,628
02/06/2020,FXE,FL,ASO,ES,Towers with Radar,1,41,102,0,144,0,7,173,0,180,1,48,275,0,324,119,0,119,443
02/07/2020,FXE,FL,ASO,ES,Towers with Radar,0,46,109,0,155,0,5,116,0,121,0,51,225,0,276,126,0,126,402
02/08/2020,FXE,FL,ASO,ES,Towers with Radar,0,49,100,0,149,0,6,233,0,239,0,55,333,0,388,127,0,127,515
02/09/2020,FXE,FL,ASO,ES,Towers with Radar,0,33,107,0,140,0,5,150,0,155,0,38,257,0,295,151,0,151,446
02/10/2020,FXE,FL,ASO,ES,Towers with Radar,0,25,109,0,134,0,6,185,0,191,0,31,294,0,325,120,0,120,445
02/11/2020,FXE,FL,ASO,ES,Towers with Radar,0,31,91,0,122,0,4,224,0,228,0,35,315,0,350,297,0,297,647
02/12/2020,FXE,FL,ASO,ES,Towers with Radar,0,41,119,0,160,0,10,214,0,224,0,51,333,0,384,207,0,207,591
02/13/2020,FXE,FL,ASO,ES,Towers with Radar,0,54,164,0,218,0,12,198,0,210,0,66,362,0,428,229,0,229,657
02/14/2020,FXE,FL,ASO,ES,Towers with Radar,0,59,176,0,235,0,17,165,0,182,0,76,341,0,417,144,0,144,561
02/15/2020,FXE,FL,ASO,ES,Towers with Radar,0,44,100,0,144,0,1,37,0,38,0,45,137,0,182,4,0,4,186
02/16/2020,FXE,FL,ASO,ES,Towers with Radar,0,35,91,0,126,0,5,96,0,101,0,40,187,0,227,58,0,58,285
02/17/2020,FXE,FL,ASO,ES,Towers with Radar,0,56,154,0,210,0,8,332,0,340,0,64,486,0,550,196,0,196,746
02/18/2020,FXE,FL,ASO,ES,Towers with Radar,0,35,118,0,153,0,8,232,0,240,0,43,350,0,393,231,0,231,624
02/19/2020,FXE,FL,ASO,ES,Towers with Radar,0,42,146,0,188,0,7,236,1,244,0,49,382,1,432,203,0,203,635
02/20/2020,FXE,FL,ASO,ES,Towers with Radar,0,42,144,0,186,0,10,276,1,287,0,52,420,1,473,191,0,191,664
02/21/2020,FXE,FL,ASO,ES,Towers with Radar,0,49,115,0,164,0,5,58,0,63,0,54,173,0,227,37,0,37,264
02/22/2020,FXE,FL,ASO,ES,Towers with Radar,0,24,90,0,114,0,4,116,0,120,0,28,206,0,234,77,0,77,311
02/23/2020,FXE,FL,ASO,ES,Towers with Radar,0,31,92,0,123,0,6,200,0,206,0,37,292,0,329,126,0,126,455
02/24/2020,FXE,FL,ASO,ES,Towers with Radar,0,32,96,0,128,0,17,195,0,212,0,49,291,0,340,249,0,249,589
02/25/2020,FXE,FL,ASO,ES,Towers with Radar,0,49,118,0,167,0,6,211,0,217,0,55,329,0,384,175,0,175,559
02/26/2020,FXE,FL,ASO,ES,Towers with Radar,0,47,104,0,151,0,7,149,0,156,0,54,253,0,307,186,0,186,493
02/27/2020,FXE,FL,ASO,ES,Towers with Radar,1,57,113,0,171,0,15,226,1,242,1,72,339,1,413,189,0,189,602
02/28/2020,FXE,FL,ASO,ES,Towers with Radar,0,27,125,0,152,0,17,254,0,271,0,44,379,0,423,129,0,129,552
02/29/2020,FXE,FL,ASO,ES,Towers with Radar,1,50,71,0,122,1,7,240,0,248,2,57,311,0,370,158,0,158,528
03/01/2020,FXE,FL,ASO,ES,Towers with Radar,0,39,127,0,166,0,7,218,0,225,0,46,345,0,391,98,0,98,489
03/02/2020,FXE,FL,ASO,ES,Towers with Radar,0,40,110,0,150,0,18,200,0,218,0,58,310,0,368,194,0,194,562
03/03/2020,FXE,FL,ASO,ES,Towers with Radar,0,32,93,0,125,0,9,244,0,253,0,41,337,0,378,205,0,205,583
03/04/2020,FXE,FL,ASO,ES,Towers with Radar,0,35,107,0,142,0,15,253,0,268,0,50,360,0,410,262,0,262,672
03/05/2020,FXE,FL,ASO,ES,Towers with Radar,0,50,133,0,183,0,16,253,0,269,0,66,386,0,452,219,0,219,671
03/06/2020,FXE,FL,ASO,ES,Towers with Radar,0,49,131,0,180,0,11,222,0,233,0,60,353,0,413,135,0,135,548
03/07/2020,FXE,FL,ASO,ES,Towers with Radar,0,45,96,0,141,0,10,134,0,144,0,55,230,0,285,151,0,151,436
03/08/2020,FXE,FL,ASO,ES,Towers with Radar,0,57,105,0,162,0,2,154,0,156,0,59,259,0,318,89,0,89,407
03/09/2020,FXE,FL,ASO,ES,Towers with Radar,0,34,99,0,133,0,9,188,0,197,0,43,287,0,330,126,0,126,456
03/10/2020,FXE,FL,ASO,ES,Towers with Radar,0,40,107,0,147,1,7,232,0,240,1,47,339,0,387,268,0,268,655
03/11/2020,FXE,FL,ASO,ES,Towers with Radar,0,38,127,0,165,0,11,314,0,325,0,49,441,0,490,213,0,213,703
03/12/2020,FXE,FL,ASO,ES,Towers with Radar,0,48,143,0,191,0,8,326,0,334,0,56,469,0,525,229,0,229,754
03/13/2020,FXE,FL,ASO,ES,Towers with Radar,0,53,124,0,177,0,21,339,0,360,0,74,463,0,537,180,0,180,717
03/14/2020,FXE,FL,ASO,ES,Towers with Radar,0,37,112,0,149,0,18,194,0,212,0,55,306,0,361,215,0,215,576
03/15/2020,FXE,FL,ASO,ES,Towers with Radar,0,56,121,0,177,0,7,152,0,159,0,63,273,0,336,226,0,226,562
03/16/2020,FXE,FL,ASO,ES,Towers with Radar,0,50,117,0,167,0,8,228,0,236,0,58,345,0,403,238,0,238,641
03/17/2020,FXE,FL,ASO,ES,Towers with Radar,0,52,114,0,166,0,5,269,0,274,0,57,383,0,440,192,0,192,632
03/18/2020,FXE,FL,ASO,ES,Towers with Radar,0,51,120,0,171,0,11,253,0,264,0,62,373,0,435,198,0,198,633
03/19/2020,FXE,FL,ASO,ES,Towers with Radar,0,37,103,0,140,0,7,210,0,217,0,44,313,0,357,121,0,121,478
03/20/2020,FXE,FL,ASO,ES,Towers with Radar,0,53,122,0,175,0,14,271,0,285,0,67,393,0,460,216,0,216,676
03/21/2020,FXE,FL,ASO,ES,Towers with Radar,0,33,93,0,126,0,8,179,0,187,0,41,272,0,313,195,0,195,508
03/22/2020,FXE,FL,ASO,ES,Towers with Radar,0,21,66,0,87,0,4,174,0,178,0,25,240,0,265,146,0,146,411
03/23/2020,FXE,FL,ASO,ES,Towers with Radar,0,23,40,0,63,0,8,165,0,173,0,31,205,0,236,235,0,235,471
03/24/2020,FXE,FL,ASO,ES,Towers with Radar,0,25,58,0,83,0,1,147,0,148,0,26,205,0,231,187,0,187,418
03/25/2020,FXE,FL,ASO,ES,Towers with Radar,0,25,73,0,98,0,8,119,0,127,0,33,192,0,225,206,0,206,431
03/26/2020,FXE,FL,ASO,ES,Towers with Radar,0,23,51,0,74,0,3,118,0,121,0,26,169,0,195,251,0,251,446
03/27/2020,FXE,FL,ASO,ES,Towers with Radar,0,21,53,0,74,0,14,132,0,146,0,35,185,0,220,283,0,283,503
03/28/2020,FXE,FL,ASO,ES,Towers with Radar,0,11,41,0,52,0,0,105,0,105,0,11,146,0,157,225,0,225,382
03/29/2020,FXE,FL,ASO,ES,Towers with Radar,0,12,34,0,46,0,0,106,0,106,0,12,140,0,152,168,0,168,320
03/30/2020,FXE,FL,ASO,ES,Towers with Radar,0,19,44,0,63,0,2,122,0,124,0,21,166,0,187,170,0,170,357
03/31/2020,FXE,FL,ASO,ES,Towers with Radar,0,13,38,1,52,0,5,122,1,128,0,18,160,2,180,215,0,215,395
04/01/2020,FXE,FL,ASO,ES,Towers with Radar,0,14,44,0,58,0,8,123,0,131,0,22,167,0,189,223,0,223,412
04/02/2020,FXE,FL,ASO,ES,Towers with Radar,0,12,52,0,64,0,8,129,0,137,0,20,181,0,201,206,0,206,407
04/03/2020,FXE,FL,ASO,ES,Towers with Radar,0,14,59,0,73,0,11,127,0,138,0,25,186,0,211,248,0,248,459
04/04/2020,FXE,FL,ASO,ES,Towers with Radar,0,14,38,0,52,0,1,103,0,104,0,15,141,0,156,172,0,172,328
04/05/2020,FXE,FL,ASO,ES,Towers with Radar,0,5,27,0,32,0,0,52,0,52,0,5,79,0,84,118,0,118,202
04/06/2020,FXE,FL,ASO,ES,Towers with Radar,0,20,44,0,64,0,5,70,0,75,0,25,114,0,139,219,0,219,358
04/07/2020,FXE,FL,ASO,ES,Towers with Radar,0,15,54,0,69,0,7,127,0,134,0,22,181,0,203,209,0,209,412
04/08/2020,FXE,FL,ASO,ES,Towers with Radar,0,23,34,0,57,0,6,107,0,113,0,29,141,0,170,123,0,123,293
04/09/2020,FXE,FL,ASO,ES,Towers with Radar,0,13,41,0,54,0,4,98,0,102,0,17,139,0,156,116,0,116,272
04/10/2020,FXE,FL,ASO,ES,Towers with Radar,0,14,47,0,61,0,2,86,0,88,0,16,133,0,149,62,0,62,211
04/11/2020,FXE,FL,ASO,ES,Towers with Radar,0,3,47,0,50,0,0,94,0,94,0,3,141,0,144,120,0,120,264
04/12/2020,FXE,FL,ASO,ES,Towers with Radar,0,6,18,0,24,0,0,43,0,43,0,6,61,0,67,59,0,59,126
04/13/2020,FXE,FL,ASO,ES,Towers with Radar,0,10,53,0,63,0,0,91,0,91,0,10,144,0,154,80,0,80,234
04/14/2020,FXE,FL,ASO,ES,Towers with Radar,0,4,49,0,53,0,2,134,0,136,0,6,183,0,189,232,0,232,421
04/15/2020,FXE,FL,ASO,ES,Towers with Radar,0,11,53,0,64,0,11,142,0,153,0,22,195,0,217,158,0,158,375
04/16/2020,FXE,FL,ASO,ES,Towers with Radar,0,14,42,0,56,0,6,91,0,97,0,20,133,0,153,208,0,208,361
04/17/2020,FXE,FL,ASO,ES,Towers with Radar,0,8,39,0,47,0,8,94,0,102,0,16,133,0,149,184,0,184,333
04/18/2020,FXE,FL,ASO,ES,Towers with Radar,0,10,39,0,49,0,0,106,0,106,0,10,145,0,155,201,0,201,356
04/19/2020,FXE,FL,ASO,ES,Towers with Radar,0,7,38,2,47,0,0,132,1,133,0,7,170,3,180,174,0,174,354
04/20/2020,FXE,FL,ASO,ES,Towers with Radar,0,13,34,3,50,0,4,90,3,97,0,17,124,6,147,84,0,84,231
04/21/2020,FXE,FL,ASO,ES,Towers with Radar,0,5,45,2,52,0,0,139,0,139,0,5,184,2,191,239,0,239,430
04/22/2020,FXE,FL,ASO,ES,Towers with Radar,0,19,64,5,88,0,6,201,0,207,0,25,265,5,295,212,0,212,507
04/23/2020,FXE,FL,ASO,ES,Towers with Radar,0,16,55,1,72,0,2,159,0,161,0,18,214,1,233,204,0,204,437
04/24/2020,FXE,FL,ASO,ES,Towers with Radar,0,15,28,0,43,0,6,122,0,128,0,21,150,0,171,109,0,109,280
04/25/2020,FXE,FL,ASO,ES,Towers with Radar,0,13,34,4,51,0,0,83,0,83,0,13,117,4,134,62,0,62,196
04/26/2020,FXE,FL,ASO,ES,Towers with Radar,0,8,38,0,46,0,0,50,0,50,0,8,88,0,96,74,0,74,170
04/27/2020,FXE,FL,ASO,ES,Towers with Radar,0,6,66,0,72,0,4,218,0,222,0,10,284,0,294,137,0,137,431
04/28/2020,FXE,FL,ASO,ES,Towers with Radar,0,9,75,0,84,0,1,182,0,183,0,10,257,0,267,364,0,364,631
04/29/2020,FXE,FL,ASO,ES,Towers with Radar,0,19,70,1,90,0,3,189,0,192,0,22,259,1,282,172,0,172,454
04/30/2020,FXE,FL,ASO,ES,Towers with Radar,0,6,42,0,48,0,2,62,0,64,0,8,104,0,112,150,0,150,262
05/01/2020,FXE,FL,ASO,ES,Towers with Radar,1,30,66,0,97,0,12,237,0,249,1,42,303,0,346,169,0,169,515
05/02/2020,FXE,FL,ASO,ES,Towers with Radar,0,15,57,0,72,0,0,182,0,182,0,15,239,0,254,172,36,208,462
05/03/2020,FXE,FL,ASO,ES,Towers with Radar,0,13,41,3,57,0,0,145,0,145,0,13,186,3,202,213,0,213,415
05/04/2020,FXE,FL,ASO,ES,Towers with Radar,0,18,70,0,88,0,8,144,0,152,0,26,214,0,240,132,0,132,372
05/05/2020,FXE,FL,ASO,ES,Towers with Radar,0,17,74,0,91,0,0,211,0,211,0,17,285,0,302,238,0,238,540
05/06/2020,FXE,FL,ASO,ES,Towers with Radar,0,9,63,3,75,0,8,153,0,161,0,17,216,3,236,258,0,258,494
05/07/2020,FXE,FL,ASO,ES,Towers with Radar,0,15,104,0,119,0,7,180,0,187,0,22,284,0,306,175,0,175,481
05/08/2020,FXE,FL,ASO,ES,Towers with Radar,0,19,78,0,97,0,14,177,0,191,0,33,255,0,288,151,0,151,439
05/09/2020,FXE,FL,ASO,ES,Towers with Radar,0,12,79,0,91,0,2,153,0,155,0,14,232,0,246,150,0,150,396
05/10/2020,FXE,FL,ASO,ES,Towers with Radar,0,6,52,0,58,0,0,28,0,28,0,6,80,0,86,66,0,66,152
05/11/2020,FXE,FL,ASO,ES,Towers with Radar,0,9,68,0,77,0,3,128,0,131,0,12,196,0,208,185,0,185,393
05/12/2020,FXE,FL,ASO,ES,Towers with Radar,0,15,81,1,97,0,2,155,0,157,0,17,236,1,254,74,0,74,328
05/13/2020,FXE,FL,ASO,ES,Towers with Radar,0,22,87,0,109,0,7,173,0,180,0,29,260,0,289,135,0,135,424
05/14/2020,FXE,FL,ASO,ES,Towers with Radar,0,24,71,0,95,0,5,51,0,56,0,29,122,0,151,113,0,113,264
05/15/2020,FXE,FL,ASO,ES,Towers with Radar,0,30,47,0,77,0,0,10,0,10,0,30,57,0,87,16,0,16,103
05/16/2020,FXE,FL,ASO,ES,Towers with Radar,0,19,57,0,76,0,2,126,0,128,0,21,183,0,204,89,0,89,293
05/17/2020,FXE,FL,ASO,ES,Towers with Radar,0,15,69,0,84,0,0,117,0,117,0,15,186,0,201,209,0,209,410
05/18/2020,FXE,FL,ASO,ES,Towers with Radar,0,14,39,0,53,0,9,107,0,116,0,23,146,0,169,200,0,200,369
05/19/2020,FXE,FL,ASO,ES,Towers with Radar,0,19,63,0,82,0,3,156,0,159,0,22,219,0,241,226,0,226,467
05/20/2020,FXE,FL,ASO,ES,Towers with Radar,0,29,94,0,123,0,8,124,0,132,0,37,218,0,255,230,0,230,485
05/21/2020,FXE,FL,ASO,ES,Towers with Radar,0,27,73,0,100,0,2,151,0,153,0,29,224,0,253,137,0,137,390
05/22/2020,FXE,FL,ASO,ES,Towers with Radar,0,26,95,3,124,0,10,277,0,287,0,36,372,3,411,150,0,150,561
05/23/2020,FXE,FL,ASO,ES,Towers with Radar,0,14,73,0,87,0,0,148,0,148,0,14,221,0,235,250,0,250,485
05/24/2020,FXE,FL,ASO,ES,Towers with Radar,0,21,62,0,83,0,0,8,0,8,0,21,70,0,91,15,0,15,106
05/25/2020,FXE,FL,ASO,ES,Towers with Radar,0,26,53,0,79,0,1,10,0,11,0,27,63,0,90,3,0,3,93
05/26/2020,FXE,FL,ASO,ES,Towers with Radar,0,17,67,0,84,0,2,114,0,116,0,19,181,0,200,56,0,56,256
05/27/2020,FXE,FL,ASO,ES,Towers with Radar,0,21,81,0,102,0,9,195,0,204,0,30,276,0,306,268,0,268,574
05/28/2020,FXE,FL,ASO,ES,Towers with Radar,0,25,102,0,127,0,10,221,0,231,0,35,323,0,358,196,0,196,554
05/29/2020,FXE,FL,ASO,ES,Towers with Radar,0,35,95,3,133,0,27,265,0,292,0,62,360,3,425,212,0,212,637
05/30/2020,FXE,FL,ASO,ES,Towers with Radar,0,24,95,0,119,0,0,212,0,212,0,24,307,0,331,167,0,167,498
05/31/2020,FXE,FL,ASO,ES,Towers with Radar,0,24,70,0,94,0,0,159,1,160,0,24,229,1,254,301,0,301,555
06/01/2020,FXE,FL,ASO,ES,Towers with Radar,0,25,77,0,102,0,0,228,0,228,0,25,305,0,330,316,0,316,646
06/02/2020,FXE,FL,ASO,ES,Towers with Radar,0,27,94,0,121,0,6,169,0,175,0,33,263,0,296,222,0,222,518
06/03/2020,FXE,FL,ASO,ES,Towers with Radar,0,38,85,0,123,0,6,81,0,87,0,44,166,0,210,159,0,159,369
06/04/2020,FXE,FL,ASO,ES,Towers with Radar,0,39,85,0,124,0,6,97,0,103,0,45,182,0,227,122,0,122,349
06/05/2020,FXE,FL,ASO,ES,Towers with Radar,0,27,89,0,116,0,8,160,0,168,0,35,249,0,284,334,0,334,618
06/06/2020,FXE,FL,ASO,ES,Towers with Radar,0,23,69,0,92,0,1,154,0,155,0,24,223,0,247,290,0,290,537
06/07/2020,FXE,FL,ASO,ES,Towers with Radar,0,18,69,0,87,0,0,147,2,149,0,18,216,2,236,162,0,162,398
06/08/2020,FXE,FL,ASO,ES,Towers with Radar,0,21,72,0,93,0,6,213,0,219,0,27,285,0,312,408,0,408,720
06/09/2020,FXE,FL,ASO,ES,Towers with Radar,0,22,98,0,120,0,7,326,0,333,0,29,424,0,453,285,0,285,738
06/10/2020,FXE,FL,ASO,ES,Towers with Radar,0,18,124,1,143,0,11,332,0,343,0,29,456,1,486,245,12,257,743
06/11/2020,FXE,FL,ASO,ES,Towers with Radar,0,24,120,0,144,0,6,229,0,235,0,30,349,0,379,263,0,263,642
06/12/2020,FXE,FL,ASO,ES,Towers with Radar,0,33,116,1,150,0,11,279,0,290,0,44,395,1,440,254,0,254,694
06/13/2020,FXE,FL,ASO,ES,Towers with Radar,0,20,73,0,93,0,1,225,0,226,0,21,298,0,319,211,0,211,530
06/14/2020,FXE,FL,ASO,ES,Towers with Radar,0,19,84,0,103,0,0,84,0,84,0,19,168,0,187,101,0,101,288
06/15/2020,FXE,FL,ASO,ES,Towers with Radar,0,32,71,0,103,0,7,219,0,226,0,39,290,0,329,269,0,269,598
06/16/2020,FXE,FL,ASO,ES,Towers with Radar,0,23,119,0,142,0,5,295,0,300,0,28,414,0,442,189,0,189,631
06/17/2020,FXE,FL,ASO,ES,Towers with Radar,0,22,90,1,113,0,14,303,1,318,0,36,393,2,431,322,0,322,753
06/18/2020,FXE,FL,ASO,ES,Towers with Radar,0,28,103,0,131,0,7,101,0,108,0,35,204,0,239,137,0,137,376
06/19/2020,FXE,FL,ASO,ES,Towers with Radar,0,34,127,0,161,0,9,192,0,201,0,43,319,0,362,162,0,162,524
06/20/2020,FXE,FL,ASO,ES,Towers with Radar,0,29,89,0,118,0,19,197,0,216,0,48,286,0,334,239,0,239,573
06/21/2020,FXE,FL,ASO,ES,Towers with Radar,0,31,74,0,105,0,2,144,0,146,0,33,218,0,251,174,0,174,425
06/22/2020,FXE,FL,ASO,ES,Towers with Radar,1,29,122,0,152,0,4,229,0,233,1,33,351,0,385,177,0,177,562
06/23/2020,FXE,FL,ASO,ES,Towers with Radar,0,22,86,0,108,0,14,280,0,294,0,36,366,0,402,213,0,213,615
06/24/2020,FXE,FL,ASO,ES,Towers with Radar,0,31,95,0,126,0,13,254,2,269,0,44,349,2,395,199,0,199,594
06/25/2020,FXE,FL,ASO,ES,Towers with Radar,0,28,115,0,143,0,7,280,0,287,0,35,395,0,430,154,0,154,584
06/26/2020,FXE,FL,ASO,ES,Towers with Radar,0,14,112,0,126,0,17,266,0,283,0,31,378,0,409,230,0,230,639
06/27/2020,FXE,FL,ASO,ES,Towers with Radar,0,31,97,0,128,0,2,189,0,191,0,33,286,0,319,162,0,162,481
06/28/2020,FXE,FL,ASO,ES,Towers with Radar,0,16,76,0,92,0,2,184,0,186,0,18,260,0,278,182,0,182,460
06/29/2020,FXE,FL,ASO,ES,Towers with Radar,0,24,91,0,115,0,6,200,1,207,0,30,291,1,322,279,0,279,601
06/30/2020,FXE,FL,ASO,ES,Towers with Radar,0,32,118,0,150,0,13,302,0,315,0,45,420,0,465,224,0,224,689
07/01/2020,FXE,FL,ASO,ES,Towers with Radar,0,44,127,0,171,0,27,276,0,303,0,71,403,0,474,114,0,114,588
07/02/2020,FXE,FL,ASO,ES,Towers with Radar,0,45,122,0,167,0,24,260,1,285,0,69,382,1,452,188,0,188,640
07/03/2020,FXE,FL,ASO,ES,Towers with Radar,0,33,98,0,131,0,22,264,0,286,0,55,362,0,417,214,0,214,631
07/04/2020,FXE,FL,ASO,ES,Towers with Radar,0,20,52,0,72,0,7,139,0,146,0,27,191,0,218,127,0,127,345
07/05/2020,FXE,FL,ASO,ES,Towers with Radar,0,30,66,0,96,0,6,88,0,94,0,36,154,0,190,96,0,96,286
07/06/2020,FXE,FL,ASO,ES,Towers with Radar,0,24,83,0,107,0,8,166,1,175,0,32,249,1,282,225,0,225,507
07/07/2020,FXE,FL,ASO,ES,Towers with Radar,0,30,76,0,106,0,5,183,0,188,0,35,259,0,294,293,0,293,587
07/08/2020,FXE,FL,ASO,ES,Towers with Radar,0,33,92,0,125,0,14,234,0,248,0,47,326,0,373,354,0,354,727
07/09/2020,FXE,FL,ASO,ES,Towers with Radar,0,38,102,0,140,0,12,245,1,258,0,50,347,1,398,225,0,225,623
07/10/2020,FXE,FL,ASO,ES,Towers with Radar,0,25,77,0,102,0,9,107,0,116,0,34,184,0,218,80,0,80,298
07/11/2020,FXE,FL,ASO,ES,Towers with Radar,0,29,78,0,107,0,4,126,0,130,0,33,204,0,237,193,0,193,430
07/12/2020,FXE,FL,ASO,ES,Towers with Radar,0,33,63,0,96,0,1,133,0,134,0,34,196,0,230,174,0,174,404
07/13/2020,FXE,FL,ASO,ES,Towers with Radar,0,26,80,0,106,0,3,208,0,211,0,29,288,0,317,238,0,238,555
07/14/2020,FXE,FL,ASO,ES,Towers with Radar,0,24,83,0,107,0,13,203,0,216,0,37,286,0,323,161,0,161,484
07/15/2020,FXE,FL,ASO,ES,Towers with Radar,0,22,92,0,114,0,17,232,0,249,0,39,324,0,363,162,0,162,525
07/16/2020,FXE,FL,ASO,ES,Towers with Radar,0,24,108,0,132,0,11,204,0,215,0,35,312,0,347,132,0,132,479
07/17/2020,FXE,FL,ASO,ES,Towers with Radar,0,31,96,0,127,0,13,138,0,151,0,44,234,0,278,171,0,171,449
07/18/2020,FXE,FL,ASO,ES,Towers with Radar,0,30,62,0,92,0,1,58,0,59,0,31,120,0,151,70,0,70,221
07/19/2020,FXE,FL,ASO,ES,Towers with Radar,0,20,87,0,107,0,1,145,0,146,0,21,232,0,253,174,0,174,427
07/20/2020,FXE,FL,ASO,ES,Towers with Radar,0,21,98,0,119,0,10,221,1,232,0,31,319,1,351,241,0,241,592
07/21/2020,FXE,FL,ASO,ES,Towers with Radar,0,32,85,0,117,0,5,151,0,156,0,37,236,0,273,295,0,295,568
07/22/2020,FXE,FL,ASO,ES,Towers with Radar,0,33,68,0,101,0,13,81,0,94,0,46,149,0,195,162,0,162,357
07/23/2020,FXE,FL,ASO,ES,Towers with Radar,0,29,105,0,134,0,5,120,0,125,0,34,225,0,259,262,0,262,521
07/24/2020,FXE,FL,ASO,ES,Towers with Radar,0,22,103,0,125,0,17,246,0,263,0,39,349,0,388,222,0,222,610
07/25/2020,FXE,FL,ASO,ES,Towers with Radar,0,30,77,0,107,0,13,182,0,195,0,43,259,0,302,159,0,159,461
07/26/2020,FXE,FL,ASO,ES,Towers with Radar,0,37,61,0,98,0,5,167,0,172,0,42,228,0,270,187,0,187,457
07/27/2020,FXE,FL,ASO,ES,Towers with Radar,0,25,99,0,124,0,15,221,0,236,0,40,320,0,360,260,0,260,620
07/28/2020,FXE,FL,ASO,ES,Towers with Radar,0,20,112,0,132,0,8,247,0,255,0,28,359,0,387,179,0,179,566
07/29/2020,FXE,FL,ASO,ES,Towers with Radar,0,18,90,0,108,0,15,249,3,267,0,33,339,3,375,218,0,218,593
07/30/2020,FXE,FL,ASO,ES,Towers with Radar,0,41,113,0,154,0,14,273,0,287,0,55,386,0,441,193,0,193,634
07/31/2020,FXE,FL,ASO,ES,Towers with Radar,0,34,132,0,166,0,19,251,1,271,0,53,383,1,437,170,0,170,607
08/01/2020,FXE,FL,ASO,ES,Towers with Radar,0,7,21,0,28,0,0,23,0,23,0,7,44,0,51,24,0,24,75
08/02/2020,FXE,FL,ASO,ES,Towers with Radar,0,20,28,1,49,0,0,11,0,11,0,20,39,1,60,0,0,0,60
08/03/2020,FXE,FL,ASO,ES,Towers with Radar,0,35,82,0,117,0,9,125,0,134,0,44,207,0,251,168,0,168,419
08/04/2020,FXE,FL,ASO,ES,Towers with Radar,0,30,79,0,109,0,13,204,1,218,0,43,283,1,327,217,0,217,544
08/05/2020,FXE,FL,ASO,ES,Towers with Radar,0,25,101,2,128,0,19,190,0,209,0,44,291,2,337,186,0,186,523
08/06/2020,FXE,FL,ASO,ES,Towers with Radar,0,22,81,0,103,0,11,239,0,250,0,33,320,0,353,247,0,247,600
08/07/2020,FXE,FL,ASO,ES,Towers with Radar,0,39,109,0,148,0,18,203,0,221,0,57,312,0,369,189,0,189,558
08/08/2020,FXE,FL,ASO,ES,Towers with Radar,0,31,87,0,118,0,9,191,0,200,0,40,278,0,318,200,0,200,518
08/09/2020,FXE,FL,ASO,ES,Towers with Radar,0,30,63,0,93,0,3,136,0,139,0,33,199,0,232,114,0,114,346
08/10/2020,FXE,FL,ASO,ES,Towers with Radar,0,25,93,0,118,0,13,236,0,249,0,38,329,0,367,216,0,216,583
08/11/2020,FXE,FL,ASO,ES,Towers with Radar,0,28,93,0,121,0,3,187,0,190,0,31,280,0,311,240,0,240,551
08/12/2020,FXE,FL,ASO,ES,Towers with Radar,0,25,90,0,115,0,12,194,1,207,0,37,284,1,322,198,0,198,520
08/13/2020,FXE,FL,ASO,ES,Towers with Radar,0,22,95,0,117,0,11,241,0,252,0,33,336,0,369,189,0,189,558
08/14/2020,FXE,FL,ASO,ES,Towers with Radar,0,36,102,0,138,0,17,252,1,270,0,53,354,1,408,219,0,219,627
08/15/2020,FXE,FL,ASO,ES,Towers with Radar,0,35,68,0,103,0,5,177,0,182,0,40,245,0,285,159,0,159,444
08/16/2020,FXE,FL,ASO,ES,Towers with Radar,0,26,83,0,109,0,5,155,0,160,0,31,238,0,269,134,0,134,403
08/17/2020,FXE,FL,ASO,ES,Towers with Radar,0,34,94,0,128,0,10,232,0,242,0,44,326,0,370,210,0,210,580
08/18/2020,FXE,FL,ASO,ES,Towers with Radar,0,35,101,0,136,0,5,234,0,239,0,40,335,0,375,182,0,182,557
08/19/2020,FXE,FL,ASO,ES,Towers with Radar,0,33,90,0,123,0,13,154,0,167,0,46,244,0,290,116,0,116,406
08/20/2020,FXE,FL,ASO,ES,Towers with Radar,0,30,72,0,102,0,3,125,0,128,0,33,197,0,230,133,0,133,363
08/21/2020,FXE,FL,ASO,ES,Towers with Radar,0,36,98,0,134,0,12,230,1,243,0,48,328,1,377,201,0,201,578
08/22/2020,FXE,FL,ASO,ES,Towers with Radar,0,36,95,0,131,0,5,169,0,174,0,41,264,0,305,203,0,203,508
08/23/2020,FXE,FL,ASO,ES,Towers with Radar,0,25,68,0,93,0,5,123,0,128,0,30,191,0,221,91,0,91,312
08/24/2020,FXE,FL,ASO,ES,Towers with Radar,0,9,50,0,59,0,7,72,0,79,0,16,122,0,138,81,0,81,219
08/25/2020,FXE,FL,ASO,ES,Towers with Radar,0,23,83,0,106,0,9,229,0,238,0,32,312,0,344,258,0,258,602
08/26/2020,FXE,FL,ASO,ES,Towers with Radar,0,30,92,1,123,0,14,243,0,257,0,44,335,1,380,199,0,199,579
08/27/2020,FXE,FL,ASO,ES,Towers with Radar,0,19,95,0,114,0,6,214,0,220,0,25,309,0,334,224,0,224,558
08/28/2020,FXE,FL,ASO,ES,Towers with Radar,0,31,84,0,115,0,12,208,0,220,0,43,292,0,335,283,0,283,618
08/29/2020,FXE,FL,ASO,ES,Towers with Radar,0,21,56,0,77,0,5,201,0,206,0,26,257,0,283,150,0,150,433
08/30/2020,FXE,FL,ASO,ES,Towers with Radar,0,31,65,0,96,0,7,129,0,136,0,38,194,0,232,169,0,169,401
08/31/2020,FXE,FL,ASO,ES,Towers with Radar,0,24,83,2,109,0,6,161,0,167,0,30,244,2,276,173,0,173,449
09/01/2020,FXE,FL,ASO,ES,Towers with Radar,0,26,77,0,103,0,5,245,1,251,0,31,322,1,354,253,0,253,607
09/02/2020,FXE,FL,ASO,ES,Towers with Radar,0,22,94,0,116,0,15,223,0,238,0,37,317,0,354,213,0,213,567
09/03/2020,FXE,FL,ASO,ES,Towers with Radar,0,24,111,0,135,0,7,234,0,241,0,31,345,0,376,136,0,136,512
09/04/2020,FXE,FL,ASO,ES,Towers with Radar,0,41,105,0,146,0,11,203,0,214,0,52,308,0,360,179,0,179,539
09/05/2020,FXE,FL,ASO,ES,Towers with Radar,0,19,53,0,72,0,20,118,1,139,0,39,171,1,211,168,0,168,379
09/06/2020,FXE,FL,ASO,ES,Towers with Radar,0,15,53,0,68,0,5,92,0,97,0,20,145,0,165,103,0,103,268
09/07/2020,FXE,FL,ASO,ES,Towers with Radar,0,22,97,0,119,0,7,165,0,172,0,29,262,0,291,160,0,160,451
09/08/2020,FXE,FL,ASO,ES,Towers with Radar,0,28,78,0,106,0,9,168,0,177,0,37,246,0,283,100,0,100,383
09/09/2020,FXE,FL,ASO,ES,Towers with Radar,0,37,98,0,135,0,13,169,0,182,0,50,267,0,317,153,0,153,470
09/10/2020,FXE,FL,ASO,ES,Towers with Radar,0,17,95,0,112,0,9,174,0,183,0,26,269,0,295,193,0,193,488
09/11/2020,FXE,FL,ASO,ES,Towers with Radar,0,21,105,0,126,0,14,207,0,221,0,35,312,0,347,178,0,178,525
09/12/2020,FXE,FL,ASO,ES,Towers with Radar,0,32,52,0,84,0,1,13,0,14,0,33,65,0,98,21,0,21,119
09/13/2020,FXE,FL,ASO,ES,Towers with Radar,0,28,54,0,82,0,4,105,0,109,0,32,159,0,191,153,0,153,344
09/14/2020,FXE,FL,ASO,ES,Towers with Radar,0,23,103,0,126,0,16,217,0,233,0,39,320,0,359,232,0,232,591
09/15/2020,FXE,FL,ASO,ES,Towers with Radar,0,24,87,0,111,0,14,283,0,297,0,38,370,0,408,233,0,233,641
09/16/2020,FXE,FL,ASO,ES,Towers with Radar,0,22,107,0,129,0,11,237,0,248,0,33,344,0,377,242,0,242,619
09/17/2020,FXE,FL,ASO,ES,Towers with Radar,0,23,81,0,104,0,12,187,0,199,0,35,268,0,303,172,0,172,475
09/18/2020,FXE,FL,ASO,ES,Towers with Radar,0,32,63,1,96,0,12,185,1,198,0,44,248,2,294,152,0,152,446
09/19/2020,FXE,FL,ASO,ES,Towers with Radar,0,23,76,0,99,0,5,200,0,205,0,28,276,0,304,129,0,129,433
09/20/2020,FXE,FL,ASO,ES,Towers with Radar,0,24,68,0,92,0,8,122,0,130,0,32,190,0,222,70,0,70,292
09/21/2020,FXE,FL,ASO,ES,Towers with Radar,0,21,69,0,90,0,5,23,0,28,0,26,92,0,118,4,0,4,122
09/22/2020,FXE,FL,ASO,ES,Towers with Radar,0,24,100,0,124,0,11,195,0,206,0,35,295,0,330,99,0,99,429
09/23/2020,FXE,FL,ASO,ES,Towers with Radar,0,20,113,0,133,0,6,269,0,275,0,26,382,0,408,215,0,215,623
09/24/2020,FXE,FL,ASO,ES,Towers with Radar,0,22,116,1,139,0,10,186,1,197,0,32,302,2,336,173,0,173,509
09/25/2020,FXE,FL,ASO,ES,Towers with Radar,0,28,100,0,128,0,14,119,0,133,0,42,219,0,261,79,0,79,340
09/26/2020,FXE,FL,ASO,ES,Towers with Radar,0,28,56,0,84,0,10,173,0,183,0,38,229,0,267,139,0,139,406
09/27/2020,FXE,FL,ASO,ES,Towers with Radar,0,19,89,0,108,0,12,141,0,153,0,31,230,0,261,110,0,110,371
09/28/2020,FXE,FL,ASO,ES,Towers with Radar,0,33,102,0,135,0,9,197,0,206,0,42,299,0,341,172,0,172,513
09/29/2020,FXE,FL,ASO,ES,Towers with Radar,0,32,98,0,130,0,12,220,0,232,0,44,318,0,362,121,0,121,483
09/30/2020,FXE,FL,ASO,ES,Towers with Radar,0,36,111,2,149,0,10,234,0,244,0,46,345,2,393,159,0,159,552
10/01/2020,FXE,FL,ASO,ES,Towers with Radar,0,33,114,0,147,0,10,176,0,186,0,43,290,0,333,150,0,150,483
10/02/2020,FXE,FL,ASO,ES,Towers with Radar,0,35,106,2,143,0,11,124,0,135,0,46,230,2,278,130,0,130,408
10/03/2020,FXE,FL,ASO,ES,Towers with Radar,0,24,84,0,108,0,3,73,0,76,0,27,157,0,184,78,0,78,262
10/04/2020,FXE,FL,ASO,ES,Towers with Radar,0,37,101,0,138,0,11,153,0,164,0,48,254,0,302,161,0,161,463
10/05/2020,FXE,FL,ASO,ES,Towers with Radar,0,21,132,0,153,0,17,179,0,196,0,38,311,0,349,140,0,140,489
10/06/2020,FXE,FL,ASO,ES,Towers with Radar,0,34,97,0,131,0,13,186,0,199,0,47,283,0,330,132,0,132,462
10/07/2020,FXE,FL,ASO,ES,Towers with Radar,0,22,132,0,154,0,15,234,0,249,0,37,366,0,403,200,0,200,603
10/08/2020,FXE,FL,ASO,ES,Towers with Radar,0,32,122,2,156,0,11,279,1,291,0,43,401,3,447,108,0,108,555
10/09/2020,FXE,FL,ASO,ES,Towers with Radar,0,25,109,0,134,0,17,261,0,278,0,42,370,0,412,148,0,148,560
10/10/2020,FXE,FL,ASO,ES,Towers with Radar,0,31,75,0,106,0,3,132,0,135,0,34,207,0,241,201,0,201,442
10/11/2020,FXE,FL,ASO,ES,Towers with Radar,0,30,93,0,123,0,0,119,0,119,0,30,212,0,242,89,0,89,331
10/12/2020,FXE,FL,ASO,ES,Towers with Radar,0,37,98,0,135,0,6,182,0,188,0,43,280,0,323,96,0,96,419
10/13/2020,FXE,FL,ASO,ES,Towers with Radar,0,38,110,1,149,0,10,251,1,262,0,48,361,2,411,152,0,152,563
10/14/2020,FXE,FL,ASO,ES,Towers with Radar,0,33,121,0,154,0,14,266,0,280,0,47,387,0,434,168,0,168,602
10/15/2020,FXE,FL,ASO,ES,Towers with Radar,0,34,130,0,164,0,13,211,0,224,0,47,341,0,388,96,0,96,484
10/16/2020,FXE,FL,ASO,ES,Towers with Radar,0,57,117,0,174,0,5,77,0,82,0,62,194,0,256,13,0,13,269
10/17/2020,FXE,FL,ASO,ES,Towers with Radar,0,35,80,1,116,0,12,225,0,237,0,47,305,1,353,143,0,143,496
10/18/2020,FXE,FL,ASO,ES,Towers with Radar,0,23,108,0,131,0,3,134,0,137,0,26,242,0,268,118,0,118,386
10/19/2020,FXE,FL,ASO,ES,Towers with Radar,0,38,96,0,134,0,8,98,0,106,0,46,194,0,240,114,0,114,354
10/20/2020,FXE,FL,ASO,ES,Towers with Radar,0,31,96,0,127,0,3,82,0,85,0,34,178,0,212,175,0,175,387
10/21/2020,FXE,FL,ASO,ES,Towers with Radar,0,42,89,1,132,0,3,37,0,40,0,45,126,1,172,80,0,80,252
10/22/2020,FXE,FL,ASO,ES,Towers with Radar,0,36,123,0,159,0,6,170,0,176,0,42,293,0,335,263,0,263,598
10/23/2020,FXE,FL,ASO,ES,Towers with Radar,0,41,96,0,137,0,12,284,0,296,0,53,380,0,433,169,0,169,602
10/24/2020,FXE,FL,ASO,ES,Towers with Radar,0,38,68,1,107,0,8,133,0,141,0,46,201,1,248,194,0,194,442
10/25/2020,FXE,FL,ASO,ES,Towers with Radar,0,32,91,1,124,0,0,66,0,66,0,32,157,1,190,66,0,66,256
10/26/2020,FXE,FL,ASO,ES,Towers with Radar,0,28,108,0,136,0,15,234,0,249,0,43,342,0,385,201,0,201,586
10/27/2020,FXE,FL,ASO,ES,Towers with Radar,0,44,115,0,159,0,13,255,0,268,0,57,370,0,427,157,0,157,584
10/28/2020,FXE,FL,ASO,ES,Towers with Radar,0,39,147,2,188,0,15,264,0,279,0,54,411,2,467,204,0,204,671
10/29/2020,FXE,FL,ASO,ES,Towers with Radar,0,43,152,0,195,0,13,201,0,214,0,56,353,0,409,178,0,178,587
10/30/2020,FXE,FL,ASO,ES,Towers with Radar,0,60,153,0,213,0,20,278,0,298,0,80,431,0,511,166,0,166,677
10/31/2020,FXE,FL,ASO,ES,Towers with Radar,1,38,103,0,142,0,12,49,0,61,1,50,152,0,203,108,0,108,311
11/01/2020,FXE,FL,ASO,ES,Towers with Radar,0,54,110,0,164,0,4,149,0,153,0,58,259,0,317,88,0,88,405
11/02/2020,FXE,FL,ASO,ES,Towers with Radar,0,43,99,0,142,0,6,55,1,62,0,49,154,1,204,29,0,29,233
11/03/2020,FXE,FL,ASO,ES,Towers with Radar,0,37,74,0,111,0,4,162,0,166,0,41,236,0,277,115,0,115,392
11/04/2020,FXE,FL,ASO,ES,Towers with Radar,0,28,85,0,113,0,21,121,0,142,0,49,206,0,255,91,0,91,346
11/05/2020,FXE,FL,ASO,ES,Towers with Radar,0,36,88,0,124,0,7,88,0,95,0,43,176,0,219,28,0,28,247
11/06/2020,FXE,FL,ASO,ES,Towers with Radar,0,41,107,0,148,0,18,170,1,189,0,59,277,1,337,126,0,126,463
11/07/2020,FXE,FL,ASO,ES,Towers with Radar,0,41,73,0,114,0,7,45,0,52,0,48,118,0,166,36,0,36,202
11/08/2020,FXE,FL,ASO,ES,Towers with Radar,0,14,35,0,49,0,0,0,0,0,0,14,35,0,49,0,0,0,49
11/09/2020,FXE,FL,ASO,ES,Towers with Radar,0,22,43,0,65,0,2,24,0,26,0,24,67,0,91,0,0,0,91
11/10/2020,FXE,FL,ASO,ES,Towers with Radar,4,32,89,1,126,0,8,166,0,174,4,40,255,1,300,92,0,92,392
11/11/2020,FXE,FL,ASO,ES,Towers with Radar,0,38,78,0,116,0,11,115,0,126,0,49,193,0,242,68,0,68,310
11/12/2020,FXE,FL,ASO,ES,Towers with Radar,0,39,75,0,114,0,7,159,0,166,0,46,234,0,280,95,0,95,375
11/13/2020,FXE,FL,ASO,ES,Towers with Radar,0,39,120,0,159,0,20,228,1,249,0,59,348,1,408,70,0,70,478
11/14/2020,FXE,FL,ASO,ES,Towers with Radar,0,30,95,0,125,0,14,231,0,245,0,44,326,0,370,214,0,214,584
11/15/2020,FXE,FL,ASO,ES,Towers with Radar,1,38,82,0,121,0,14,198,1,213,1,52,280,1,334,193,0,193,527
11/16/2020,FXE,FL,ASO,ES,Towers with Radar,0,35,122,0,157,0,15,348,0,363,0,50,470,0,520,154,0,154,674
11/17/2020,FXE,FL,ASO,ES,Towers with Radar,0,29,121,0,150,0,10,182,0,192,0,39,303,0,342,115,0,115,457
11/18/2020,FXE,FL,ASO,ES,Towers with Radar,0,36,103,0,139,0,15,185,0,200,0,51,288,0,339,112,0,112,451
11/19/2020,FXE,FL,ASO,ES,Towers with Radar,0,40,111,0,151,0,9,164,3,176,0,49,275,3,327,78,0,78,405
11/20/2020,FXE,FL,ASO,ES,Towers with Radar,0,56,121,0,177,0,12,143,0,155,0,68,264,0,332,71,0,71,403
11/21/2020,FXE,FL,ASO,ES,Towers with Radar,0,55,86,0,141,0,13,165,0,178,0,68,251,0,319,162,0,162,481
11/22/2020,FXE,FL,ASO,ES,Towers with Radar,0,41,101,0,142,0,10,124,5,139,0,51,225,5,281,156,0,156,437
11/23/2020,FXE,FL,ASO,ES,Towers with Radar,0,38,112,1,151,0,11,251,0,262,0,49,363,1,413,87,0,87,500
11/24/2020,FXE,FL,ASO,ES,Towers with Radar,0,41,155,0,196,0,18,275,0,293,0,59,430,0,489,237,0,237,726
11/25/2020,FXE,FL,ASO,ES,Towers with Radar,0,44,139,0,183,0,16,252,0,268,0,60,391,0,451,224,0,224,675
11/26/2020,FXE,FL,ASO,ES,Towers with Radar,0,12,37,0,49,0,7,131,0,138,0,19,168,0,187,165,0,165,352
11/27/2020,FXE,FL,ASO,ES,Towers with Radar,0,32,80,0,112,0,19,215,0,234,0,51,295,0,346,202,0,202,548
11/28/2020,FXE,FL,ASO,ES,Towers with Radar,0,43,93,0,136,0,10,177,0,187,0,53,270,0,323,198,0,198,521
11/29/2020,FXE,FL,ASO,ES,Towers with Radar,0,46,128,0,174,0,9,159,0,168,0,55,287,0,342,217,0,217,559
11/30/2020,FXE,FL,ASO,ES,Towers with Radar,0,61,114,0,175,0,16,207,1,224,0,77,321,1,399,161,0,161,560
12/01/2020,FXE,FL,ASO,ES,Towers with Radar,0,42,112,0,154,0,6,239,1,246,0,48,351,1,400,147,0,147,547
12/02/2020,FXE,FL,ASO,ES,Towers with Radar,0,44,104,0,148,0,18,303,0,321,0,62,407,0,469,143,0,143,612
12/03/2020,FXE,FL,ASO,ES,Towers with Radar,0,42,123,2,167,0,17,276,0,293,0,59,399,2,460,260,0,260,720
12/04/2020,FXE,FL,ASO,ES,Towers with Radar,0,40,103,0,143,0,21,239,0,260,0,61,342,0,403,246,0,246,649
12/05/2020,FXE,FL,ASO,ES,Towers with Radar,0,26,103,0,129,0,9,194,0,203,0,35,297,0,332,235,0,235,567
12/06/2020,FXE,FL,ASO,ES,Towers with Radar,0,37,96,3,136,0,2,177,0,179,0,39,273,3,315,188,0,188,503
12/07/2020,FXE,FL,ASO,ES,Towers with Radar,1,40,100,0,141,0,14,124,0,138,1,54,224,0,279,115,0,115,394
12/08/2020,FXE,FL,ASO,ES,Towers with Radar,0,27,110,0,137,0,18,240,0,258,0,45,350,0,395,121,0,121,516
12/09/2020,FXE,FL,ASO,ES,Towers with Radar,0,46,122,0,168,0,15,256,0,271,0,61,378,0,439,205,0,205,644
12/10/2020,FXE,FL,ASO,ES,Towers with Radar,0,36,107,0,143,0,21,265,0,286,0,57,372,0,429,173,0,173,602
12/11/2020,FXE,FL,ASO,ES,Towers with Radar,0,46,123,2,171,0,21,222,0,243,0,67,345,2,414,196,0,196,610
12/12/2020,FXE,FL,ASO,ES,Towers with Radar,0,39,107,0,146,0,8,206,0,214,0,47,313,0,360,199,0,199,559
12/13/2020,FXE,FL,ASO,ES,Towers with Radar,0,31,94,0,125,0,5,212,0,217,0,36,306,0,342,163,0,163,505
12/14/2020,FXE,FL,ASO,ES,Towers with Radar,0,24,89,0,113,0,22,276,0,298,0,46,365,0,411,227,0,227,638
12/15/2020,FXE,FL,ASO,ES,Towers with Radar,0,37,156,0,193,0,17,235,0,252,0,54,391,0,445,156,0,156,601
12/16/2020,FXE,FL,ASO,ES,Towers with Radar,0,38,130,0,168,0,10,223,0,233,0,48,353,0,401,163,0,163,564
12/17/2020,FXE,FL,ASO,ES,Towers with Radar,0,26,87,0,113,0,10,166,0,176,0,36,253,0,289,146,0,146,435
12/18/2020,FXE,FL,ASO,ES,Towers with Radar,0,49,120,0,169,0,21,252,0,273,0,70,372,0,442,143,0,143,585
12/19/2020,FXE,FL,ASO,ES,Towers with Radar,0,57,120,0,177,0,15,208,0,223,0,72,328,0,400,98,0,98,498
12/20/2020,FXE,FL,ASO,ES,Towers with Radar,0,50,100,0,150,0,6,176,0,182,0,56,276,0,332,130,0,130,462
12/21/2020,FXE,FL,ASO,ES,Towers with Radar,0,33,93,0,126,0,18,167,1,186,0,51,260,1,312,172,0,172,484
12/22/2020,FXE,FL,ASO,ES,Towers with Radar,0,40,100,0,140,0,13,298,0,311,0,53,398,0,451,130,0,130,581
12/23/2020,FXE,FL,ASO,ES,Towers with Radar,0,48,126,0,174,0,18,255,0,273,0,66,381,0,447,151,0,151,598
12/24/2020,FXE,FL,ASO,ES,Towers with Radar,0,33,60,0,93,0,19,134,0,153,0,52,194,0,246,86,0,86,332
12/25/2020,FXE,FL,ASO,ES,Towers with Radar,0,26,27,0,53,0,0,39,0,39,0,26,66,0,92,5,0,5,97
12/26/2020,FXE,FL,ASO,ES,Towers with Radar,0,79,149,0,228,0,19,172,0,191,0,98,321,0,419,62,0,62,481
12/27/2020,FXE,FL,ASO,ES,Towers with Radar,0,89,159,0,248,0,17,184,0,201,0,106,343,0,449,42,0,42,491
12/28/2020,FXE,FL,ASO,ES,Towers with Radar,0,74,124,1,199,0,14,169,0,183,0,88,293,1,382,2,0,2,384
12/29/2020,FXE,FL,ASO,ES,Towers with Radar,0,61,120,0,181,0,11,215,0,226,0,72,335,0,407,17,0,17,424
12/30/2020,FXE,FL,ASO,ES,Towers with Radar,0,78,145,0,223,0,12,147,0,159,0,90,292,0,382,28,0,28,410
12/31/2020,FXE,FL,ASO,ES,Towers with Radar,0,38,78,0,116,0,14,127,0,141,0,52,205,0,257,25,0,25,282
01/01/2021,FXE,FL,ASO,ES,Towers with Radar,0,34,46,0,80,0,7,90,0,97,0,41,136,0,177,50,0,50,227
01/02/2021,FXE,FL,ASO,ES,Towers with Radar,0,62,162,0,224,0,7,172,0,179,0,69,334,0,403,79,0,79,482
01/03/2021,FXE,FL,ASO,ES,Towers with Radar,0,63,146,0,209,0,14,143,0,157,0,77,289,0,366,57,0,57,423
01/04/2021,FXE,FL,ASO,ES,Towers with Radar,0,54,121,0,175,0,21,177,0,198,0,75,298,0,373,98,0,98,471
01/05/2021,FXE,FL,ASO,ES,Towers with Radar,0,42,112,0,154,0,14,277,0,291,0,56,389,0,445,119,0,119,564
01/06/2021,FXE,FL,ASO,ES,Towers with Radar,0,42,100,0,142,0,15,256,0,271,0,57,356,0,413,157,0,157,570
01/07/2021,FXE,FL,ASO,ES,Towers with Radar,0,26,107,0,133,0,11,224,0,235,0,37,331,0,368,130,0,130,498
01/08/2021,FXE,FL,ASO,ES,Towers with Radar,0,35,112,1,148,0,12,197,0,209,0,47,309,1,357,107,0,107,464
01/09/2021,FXE,FL,ASO,ES,Towers with Radar,0,42,84,0,126,0,15,216,0,231,0,57,300,0,357,50,0,50,407
01/10/2021,FXE,FL,ASO,ES,Towers with Radar,0,52,130,0,182,0,14,200,0,214,0,66,330,0,396,85,0,85,481
01/11/2021,FXE,FL,ASO,ES,Towers with Radar,0,33,106,0,139,0,8,218,0,226,0,41,324,0,365,76,0,76,441
01/12/2021,FXE,FL,ASO,ES,Towers with Radar,0,43,102,0,145,0,12,211,0,223,0,55,313,0,368,72,0,72,440
01/13/2021,FXE,FL,ASO,ES,Towers with Radar,2,46,93,0,141,0,9,213,0,222,2,55,306,0,363,110,0,110,473
01/14/2021,FXE,FL,ASO,ES,Towers with Radar,0,38,137,0,175,0,9,161,0,170,0,47,298,0,345,124,0,124,469
01/15/2021,FXE,FL,ASO,ES,Towers with Radar,1,41,96,0,138,0,19,234,0,253,1,60,330,0,391,177,0,177,568
01/16/2021,FXE,FL,ASO,ES,Towers with Radar,1,26,79,0,106,0,5,221,0,226,1,31,300,0,332,83,0,83,415
01/17/2021,FXE,FL,ASO,ES,Towers with Radar,0,39,86,0,125,0,6,198,0,204,0,45,284,0,329,149,0,149,478
01/18/2021,FXE,FL,ASO,ES,Towers with Radar,0,43,110,1,154,0,13,229,0,242,0,56,339,1,396,170,0,170,566
01/19/2021,FXE,FL,ASO,ES,Towers with Radar,0,38,127,0,165,0,9,262,0,271,0,47,389,0,436,18,0,18,454
01/20/2021,FXE,FL,ASO,ES,Towers with Radar,0,34,118,0,152,0,15,273,0,288,0,49,391,0,440,166,0,166,606
01/21/2021,FXE,FL,ASO,ES,Towers with Radar,0,31,128,0,159,0,9,227,0,236,0,40,355,0,395,172,0,172,567
01/22/2021,FXE,FL,ASO,ES,Towers with Radar,0,34,102,0,136,0,18,292,0,310,0,52,394,0,446,76,0,76,522
01/23/2021,FXE,FL,ASO,ES,Towers with Radar,0,37,74,0,111,0,13,164,0,177,0,50,238,0,288,117,0,117,405
01/24/2021,FXE,FL,ASO,ES,Towers with Radar,0,35,94,0,129,0,6,161,0,167,0,41,255,0,296,96,0,96,392
01/25/2021,FXE,FL,ASO,ES,Towers with Radar,0,31,122,0,153,0,6,228,0,234,0,37,350,0,387,148,0,148,535
01/26/2021,FXE,FL,ASO,ES,Towers with Radar,0,35,110,1,146,0,12,251,1,264,0,47,361,2,410,133,0,133,543
01/27/2021,FXE,FL,ASO,ES,Towers with Radar,0,38,102,0,140,0,9,235,0,244,0,47,337,0,384,121,0,121,505
01/28/2021,FXE,FL,ASO,ES,Towers with Radar,0,37,91,0,128,0,13,148,0,161,0,50,239,0,289,68,0,68,357
01/29/2021,FXE,FL,ASO,ES,Towers with Radar,0,41,109,0,150,0,9,277,0,286,0,50,386,0,436,129,0,129,565
01/30/2021,FXE,FL,ASO,ES,Towers with Radar,0,48,64,0,112,0,7,264,0,271,0,55,328,0,383,196,0,196,579
01/31/2021,FXE,FL,ASO,ES,Towers with Radar,0,30,124,0,154,0,4,184,1,189,0,34,308,1,343,110,0,110,453
02/01/2021,FXE,FL,ASO,ES,Towers with Radar,0,33,78,1,112,0,7,122,0,129,0,40,200,1,241,110,0,110,351
02/02/2021,FXE,FL,ASO,ES,Towers with Radar,0,27,99,0,126,0,6,163,0,169,0,33,262,0,295,52,0,52,347
02/03/2021,FXE,FL,ASO,ES,Towers with Radar,0,37,100,0,137,0,12,240,0,252,0,49,340,0,389,159,0,159,548
02/04/2021,FXE,FL,ASO,ES,Towers with Radar,0,45,142,0,187,0,8,231,0,239,0,53,373,0,426,173,0,173,599
02/05/2021,FXE,FL,ASO,ES,Towers with Radar,0,36,149,0,185,0,11,286,0,297,0,47,435,0,482,238,0,238,720
02/06/2021,FXE,FL,ASO,ES,Towers with Radar,0,50,103,0,153,0,4,112,0,116,0,54,215,0,269,136,0,136,405
02/07/2021,FXE,FL,ASO,ES,Towers with Radar,0,34,83,0,117,0,0,72,0,72,0,34,155,0,189,124,0,124,313
02/08/2021,FXE,FL,ASO,ES,Towers with Radar,0,54,125,0,179,0,7,152,0,159,0,61,277,0,338,171,0,171,509
02/09/2021,FXE,FL,ASO,ES,Towers with Radar,0,44,108,0,152,0,10,292,0,302,0,54,400,0,454,141,0,141,595
02/10/2021,FXE,FL,ASO,ES,Towers with Radar,0,54,126,0,180,0,21,262,0,283,0,75,388,0,463,141,0,141,604
02/11/2021,FXE,FL,ASO,ES,Towers with Radar,0,43,135,0,178,0,20,228,0,248,0,63,363,0,426,226,0,226,652
02/12/2021,FXE,FL,ASO,ES,Towers with Radar,0,54,160,0,214,0,14,265,0,279,0,68,425,0,493,194,0,194,687
02/13/2021,FXE,FL,ASO,ES,Towers with Radar,0,54,106,0,160,0,2,197,0,199,0,56,303,0,359,131,0,131,490
02/14/2021,FXE,FL,ASO,ES,Towers with Radar,0,32,104,0,136,0,9,176,0,185,0,41,280,0,321,146,0,146,467
02/15/2021,FXE,FL,ASO,ES,Towers with Radar,0,35,129,0,164,0,5,245,0,250,0,40,374,0,414,177,0,177,591
02/16/2021,FXE,FL,ASO,ES,Towers with Radar,1,37,97,0,135,0,9,93,0,102,1,46,190,0,237,90,0,90,327
02/17/2021,FXE,FL,ASO,ES,Towers with Radar,0,75,136,0,211,0,8,198,0,206,0,83,334,0,417,211,0,211,628
02/18/2021,FXE,FL,ASO,ES,Towers with Radar,0,40,137,0,177,0,16,237,0,253,0,56,374,0,430,161,0,161,591
02/19/2021,FXE,FL,ASO,ES,Towers with Radar,0,50,107,0,157,0,16,189,0,205,0,66,296,0,362,133,0,133,495
02/20/2021,FXE,FL,ASO,ES,Towers with Radar,0,54,92,0,146,0,8,197,0,205,0,62,289,0,351,85,0,85,436
02/21/2021,FXE,FL,ASO,ES,Towers with Radar,3,57,141,0,201,0,6,106,0,112,3,63,247,0,313,46,0,46,359
02/22/2021,FXE,FL,ASO,ES,Towers with Radar,0,36,119,0,155,0,16,198,0,214,0,52,317,0,369,194,0,194,563
02/23/2021,FXE,FL,ASO,ES,Towers with Radar,0,38,139,1,178,0,10,208,0,218,0,48,347,1,396,159,0,159,555
02/24/2021,FXE,FL,ASO,ES,Towers with Radar,0,45,126,0,171,0,10,198,0,208,0,55,324,0,379,114,0,114,493
02/25/2021,FXE,FL,ASO,ES,Towers with Radar,0,36,121,0,157,0,11,226,0,237,0,47,347,0,394,163,0,163,557
02/26/2021,FXE,FL,ASO,ES,Towers with Radar,0,42,137,0,179,0,10,256,0,266,0,52,393,0,445,114,0,114,559
02/27/2021,FXE,FL,ASO,ES,Towers with Radar,0,57,97,0,154,0,7,226,0,233,0,64,323,0,387,217,0,217,604
02/28/2021,FXE,FL,ASO,ES,Towers with Radar,0,50,127,0,177,0,6,206,0,212,0,56,333,0,389,105,0,105,494
03/01/2021,FXE,FL,ASO,ES,Towers with Radar,0,48,121,0,169,0,15,253,0,268,0,63,374,0,437,6,0,6,443
03/02/2021,FXE,FL,ASO,ES,Towers with Radar,0,41,116,0,157,0,5,213,0,218,0,46,329,0,375,147,0,147,522
03/03/2021,FXE,FL,ASO,ES,Towers with Radar,0,37,117,0,154,0,13,200,0,213,0,50,317,0,367,106,0,106,473
03/04/2021,FXE,FL,ASO,ES,Towers with Radar,0,37,115,0,152,0,6,251,0,257,0,43,366,0,409,140,0,140,549
03/05/2021,FXE,FL,ASO,ES,Towers with Radar,0,34,127,0,161,0,12,266,0,278,0,46,393,0,439,130,0,130,569
03/06/2021,FXE,FL,ASO,ES,Towers with Radar,0,53,85,0,138,0,4,153,1,158,0,57,238,1,296,116,0,116,412
03/07/2021,FXE,FL,ASO,ES,Towers with Radar,0,35,125,0,160,0,8,153,0,161,0,43,278,0,321,39,0,39,360
03/08/2021,FXE,FL,ASO,ES,Towers with Radar,0,35,101,1,137,0,13,179,0,192,0,48,280,1,329,168,0,168,497
03/09/2021,FXE,FL,ASO,ES,Towers with Radar,0,36,92,0,128,0,9,236,0,245,0,45,328,0,373,100,0,100,473
03/10/2021,FXE,FL,ASO,ES,Towers with Radar,0,58,121,0,179,0,7,219,0,226,0,65,340,0,405,75,0,75,480
03/11/2021,FXE,FL,ASO,ES,Towers with Radar,0,58,127,3,188,0,8,213,0,221,0,66,340,3,409,54,0,54,463
03/12/2021,FXE,FL,ASO,ES,Towers with Radar,1,60,142,0,203,0,14,276,0,290,1,74,418,0,493,105,0,105,598
03/13/2021,FXE,FL,ASO,ES,Towers with Radar,0,58,113,0,171,0,15,300,0,315,0,73,413,0,486,83,0,83,569
03/14/2021,FXE,FL,ASO,ES,Towers with Radar,0,58,117,2,177,0,8,231,2,241,0,66,348,4,418,180,0,180,598
03/15/2021,FXE,FL,ASO,ES,Towers with Radar,1,58,125,3,187,0,13,234,2,249,1,71,359,5,436,219,0,219,655
03/16/2021,FXE,FL,ASO,ES,Towers with Radar,0,30,118,2,150,0,11,264,0,275,0,41,382,2,425,65,0,65,490
03/17/2021,FXE,FL,ASO,ES,Towers with Radar,0,40,121,0,161,0,15,224,0,239,0,55,345,0,400,169,0,169,569
03/18/2021,FXE,FL,ASO,ES,Towers with Radar,0,42,141,0,183,0,14,212,0,226,0,56,353,0,409,91,0,91,500
03/19/2021,FXE,FL,ASO,ES,Towers with Radar,0,63,124,5,192,0,11,215,0,226,0,74,339,5,418,161,0,161,579
03/20/2021,FXE,FL,ASO,ES,Towers with Radar,0,54,134,0,188,0,15,240,0,255,0,69,374,0,443,114,0,114,557
03/21/2021,FXE,FL,ASO,ES,Towers with Radar,0,66,107,0,173,0,9,163,0,172,0,75,270,0,345,108,0,108,453
03/22/2021,FXE,FL,ASO,ES,Towers with Radar,0,48,148,0,196,0,12,212,1,225,0,60,360,1,421,122,0,122,543
03/23/2021,FXE,FL,ASO,ES,Towers with Radar,0,46,134,0,180,0,11,274,0,285,0,57,408,0,465,114,0,114,579
03/24/2021,FXE,FL,ASO,ES,Towers with Radar,0,33,124,0,157,0,17,243,0,260,0,50,367,0,417,196,0,196,613
03/25/2021,FXE,FL,ASO,ES,Towers with Radar,0,51,148,0,199,0,10,181,0,191,0,61,329,0,390,154,0,154,544
03/26/2021,FXE,FL,ASO,ES,Towers with Radar,0,69,155,0,224,0,13,261,0,274,0,82,416,0,498,167,0,167,665
03/27/2021,FXE,FL,ASO,ES,Towers with Radar,1,74,127,0,202,0,11,242,0,253,1,85,369,0,455,25,0,25,480
03/28/2021,FXE,FL,ASO,ES,Towers with Radar,0,58,138,0,196,0,7,178,0,185,0,65,316,0,381,121,0,121,502
03/29/2021,FXE,FL,ASO,ES,Towers with Radar,0,47,139,3,189,0,13,257,0,270,0,60,396,3,459,6,0,6,465
03/30/2021,FXE,FL,ASO,ES,Towers with Radar,0,53,127,0,180,0,6,269,0,275,0,59,396,0,455,138,0,138,593
03/31/2021,FXE,FL,ASO,ES,Towers with Radar,0,51,131,0,182,0,7,279,1,287,0,58,410,1,469,200,0,200,669
04/01/2021,FXE,FL,ASO,ES,Towers with Radar,0,67,131,0,198,0,11,217,0,228,0,78,348,0,426,117,0,117,543
04/02/2021,FXE,FL,ASO,ES,Towers with Radar,0,53,105,1,159,0,10,177,0,187,0,63,282,1,346,87,0,87,433
04/03/2021,FXE,FL,ASO,ES,Towers with Radar,0,55,134,0,189,0,8,196,0,204,0,63,330,0,393,81,0,81,474
04/04/2021,FXE,FL,ASO,ES,Towers with Radar,0,51,125,0,176,0,6,162,0,168,0,57,287,0,344,114,0,114,458
04/05/2021,FXE,FL,ASO,ES,Towers with Radar,0,48,164,0,212,0,15,219,0,234,0,63,383,0,446,93,0,93,539
04/06/2021,FXE,FL,ASO,ES,Towers with Radar,0,51,129,0,180,0,9,302,0,311,0,60,431,0,491,100,0,100,591
04/07/2021,FXE,FL,ASO,ES,Towers with Radar,0,62,123,0,185,0,14,319,0,333,0,76,442,0,518,128,0,128,646
04/08/2021,FXE,FL,ASO,ES,Towers with Radar,0,58,131,0,189,0,16,254,0,270,0,74,385,0,459,116,0,116,575
04/09/2021,FXE,FL,ASO,ES,Towers with Radar,0,48,144,0,192,0,20,233,0,253,0,68,377,0,445,76,0,76,521
04/10/2021,FXE,FL,ASO,ES,Towers with Radar,0,51,122,0,173,0,11,248,0,259,0,62,370,0,432,68,0,68,500
04/11/2021,FXE,FL,ASO,ES,Towers with Radar,0,46,101,0,147,0,10,106,0,116,0,56,207,0,263,94,0,94,357
04/12/2021,FXE,FL,ASO,ES,Towers with Radar,0,51,181,0,232,0,14,222,1,237,0,65,403,1,469,105,0,105,574
04/13/2021,FXE,FL,ASO,ES,Towers with Radar,0,45,118,0,163,0,12,296,0,308,0,57,414,0,471,94,0,94,565
04/14/2021,FXE,FL,ASO,ES,Towers with Radar,0,46,124,0,170,0,14,273,0,287,0,60,397,0,457,118,0,118,575
04/15/2021,FXE,FL,ASO,ES,Towers with Radar,0,61,128,3,192,0,10,254,0,264,0,71,382,3,456,161,0,161,617
04/16/2021,FXE,FL,ASO,ES,Towers with Radar,3,48,155,2,208,0,11,215,0,226,3,59,370,2,434,71,0,71,505
04/17/2021,FXE,FL,ASO,ES,Towers with Radar,0,47,92,0,139,0,9,215,0,224,0,56,307,0,363,112,0,112,475
04/18/2021,FXE,FL,ASO,ES,Towers with Radar,0,69,126,1,196,0,2,200,1,203,0,71,326,2,399,106,0,106,505
04/19/2021,FXE,FL,ASO,ES,Towers with Radar,2,40,85,0,127,0,8,147,0,155,2,48,232,0,282,169,0,169,451
04/20/2021,FXE,FL,ASO,ES,Towers with Radar,0,43,106,0,149,0,7,141,0,148,0,50,247,0,297,108,0,108,405
04/21/2021,FXE,FL,ASO,ES,Towers with Radar,0,50,88,0,138,0,17,182,0,199,0,67,270,0,337,124,0,124,461
04/22/2021,FXE,FL,ASO,ES,Towers with Radar,0,49,152,1,202,0,9,265,0,274,0,58,417,1,476,132,0,132,608
04/23/2021,FXE,FL,ASO,ES,Towers with Radar,0,64,144,0,208,0,16,262,0,278,0,80,406,0,486,145,0,145,631
04/24/2021,FXE,FL,ASO,ES,Towers with Radar,0,53,111,0,164,0,4,196,1,201,0,57,307,1,365,148,0,148,513
04/25/2021,FXE,FL,ASO,ES,Towers with Radar,0,53,120,0,173,0,5,185,0,190,0,58,305,0,363,88,0,88,451
04/26/2021,FXE,FL,ASO,ES,Towers with Radar,0,37,131,0,168,0,13,256,0,269,0,50,387,0,437,139,0,139,576
04/27/2021,FXE,FL,ASO,ES,Towers with Radar,0,48,131,3,182,0,5,251,1,257,0,53,382,4,439,85,0,85,524
04/28/2021,FXE,FL,ASO,ES,Towers with Radar,0,47,133,3,183,0,23,255,0,278,0,70,388,3,461,75,0,75,536
04/29/2021,FXE,FL,ASO,ES,Towers with Radar,0,43,166,4,213,0,20,224,1,245,0,63,390,5,458,106,0,106,564
04/30/2021,FXE,FL,ASO,ES,Towers with Radar,0,49,139,0,188,0,13,218,0,231,0,62,357,0,419,93,0,93,512
05/01/2021,FXE,FL,ASO,ES,Towers with Radar,0,43,84,0,127,0,10,199,0,209,0,53,283,0,336,108,0,108,444
05/02/2021,FXE,FL,ASO,ES,Towers with Radar,1,59,139,0,199,0,15,180,0,195,1,74,319,0,394,80,0,80,474
05/03/2021,FXE,FL,ASO,ES,Towers with Radar,0,50,131,0,181,0,16,243,0,259,0,66,374,0,440,128,0,128,568
05/04/2021,FXE,FL,ASO,ES,Towers with Radar,0,35,116,0,151,0,8,295,1,304,0,43,411,1,455,49,0,49,504
05/05/2021,FXE,FL,ASO,ES,Towers with Radar,0,38,122,0,160,0,17,248,3,268,0,55,370,3,428,130,0,130,558
05/06/2021,FXE,FL,ASO,ES,Towers with Radar,1,38,113,0,152,0,11,171,1,183,1,49,284,1,335,58,0,58,393
05/07/2021,FXE,FL,ASO,ES,Towers with Radar,0,49,95,0,144,0,13,195,5,213,0,62,290,5,357,123,0,123,480
05/08/2021,FXE,FL,ASO,ES,Towers with Radar,0,41,106,0,147,0,5,159,1,165,0,46,265,1,312,61,0,61,373
05/09/2021,FXE,FL,ASO,ES,Towers with Radar,0,44,87,0,131,0,10,140,1,151,0,54,227,1,282,106,0,106,388
05/10/2021,FXE,FL,ASO,ES,Towers with Radar,0,48,128,0,176,0,6,201,0,207,0,54,329,0,383,166,0,166,549
05/11/2021,FXE,FL,ASO,ES,Towers with Radar,0,41,125,0,166,0,10,303,0,313,0,51,428,0,479,112,0,112,591
05/12/2021,FXE,FL,ASO,ES,Towers with Radar,0,48,109,0,157,0,18,202,0,220,0,66,311,0,377,117,0,117,494
05/13/2021,FXE,FL,ASO,ES,Towers with Radar,0,40,145,0,185,0,10,198,0,208,0,50,343,0,393,147,0,147,540
05/14/2021,FXE,FL,ASO,ES,Towers with Radar,0,50,125,0,175,0,9,227,0,236,0,59,352,0,411,115,0,115,526
05/15/2021,FXE,FL,ASO,ES,Towers with Radar,0,45,99,0,144,0,6,228,0,234,0,51,327,0,378,104,0,104,482
05/16/2021,FXE,FL,ASO,ES,Towers with Radar,0,55,117,0,172,0,10,173,0,183,0,65,290,0,355,90,0,90,445
05/17/2021,FXE,FL,ASO,ES,Towers with Radar,0,55,136,0,191,0,11,281,0,292,0,66,417,0,483,157,0,157,640
05/18/2021,FXE,FL,ASO,ES,Towers with Radar,0,53,131,0,184,0,8,231,1,240,0,61,362,1,424,66,0,66,490
05/19/2021,FXE,FL,ASO,ES,Towers with Radar,0,40,126,0,166,0,14,181,0,195,0,54,307,0,361,50,0,50,411
05/20/2021,FXE,FL,ASO,ES,Towers with Radar,0,60,143,0,203,0,10,153,0,163,0,70,296,0,366,81,0,81,447
05/21/2021,FXE,FL,ASO,ES,Towers with Radar,0,42,126,0,168,0,19,201,0,220,0,61,327,0,388,80,0,80,468
05/22/2021,FXE,FL,ASO,ES,Towers with Radar,0,44,80,0,124,0,21,213,0,234,0,65,293,0,358,108,0,108,466
05/23/2021,FXE,FL,ASO,ES,Towers with Radar,0,51,135,0,186,0,7,243,0,250,0,58,378,0,436,115,0,115,551
05/24/2021,FXE,FL,ASO,ES,Towers with Radar,0,40,133,2,175,0,14,284,0,298,0,54,417,2,473,182,0,182,655
05/25/2021,FXE,FL,ASO,ES,Towers with Radar,0,46,100,0,146,0,16,254,0,270,0,62,354,0,416,221,0,221,637
05/26/2021,FXE,FL,ASO,ES,Towers with Radar,0,50,133,0,183,0,19,287,0,306,0,69,420,0,489,171,0,171,660
05/27/2021,FXE,FL,ASO,ES,Towers with Radar,0,53,138,0,191,0,14,302,1,317,0,67,440,1,508,196,0,196,704
05/28/2021,FXE,FL,ASO,ES,Towers with Radar,0,44,160,0,204,0,21,291,1,313,0,65,451,1,517,81,0,81,598
05/29/2021,FXE,FL,ASO,ES,Towers with Radar,0,37,107,0,144,0,14,271,0,285,0,51,378,0,429,49,0,49,478
05/30/2021,FXE,FL,ASO,ES,Towers with Radar,0,26,81,0,107,0,3,166,4,173,0,29,247,4,280,128,0,128,408
05/31/2021,FXE,FL,ASO,ES,Towers with Radar,0,48,149,0,197,0,14,214,1,229,0,62,363,1,426,50,0,50,476
06/01/2021,FXE,FL,ASO,ES,Towers with Radar,0,61,119,0,180,0,15,103,0,118,0,76,222,0,298,126,0,126,424
06/02/2021,FXE,FL,ASO,ES,Towers with Radar,0,45,140,1,186,0,18,191,0,209,0,63,331,1,395,236,0,236,631
06/03/2021,FXE,FL,ASO,ES,Towers with Radar,1,42,106,0,149,0,12,152,0,164,1,54,258,0,313,144,0,144,457
06/04/2021,FXE,FL,ASO,ES,Towers with Radar,0,54,137,0,191,0,12,213,0,225,0,66,350,0,416,141,0,141,557
06/05/2021,FXE,FL,ASO,ES,Towers with Radar,0,39,96,0,135,0,11,232,0,243,0,50,328,0,378,66,0,66,444
06/06/2021,FXE,FL,ASO,ES,Towers with Radar,0,55,117,0,172,0,6,208,0,214,0,61,325,0,386,117,0,117,503
06/07/2021,FXE,FL,ASO,ES,Towers with Radar,0,41,123,0,164,0,12,229,0,241,0,53,352,0,405,142,0,142,547
06/08/2021,FXE,FL,ASO,ES,Towers with Radar,0,47,119,0,166,0,22,261,0,283,0,69,380,0,449,182,0,182,631
06/09/2021,FXE,FL,ASO,ES,Towers with Radar,0,50,123,0,173,0,15,271,0,286,0,65,394,0,459,149,0,149,608
06/10/2021,FXE,FL,ASO,ES,Towers with Radar,0,41,157,0,198,0,17,261,0,278,0,58,418,0,476,152,0,152,628
06/11/2021,FXE,FL,ASO,ES,Towers with Radar,0,47,127,2,176,0,12,254,0,266,0,59,381,2,442,178,0,178,620
06/12/2021,FXE,FL,ASO,ES,Towers with Radar,0,44,88,0,132,0,7,229,0,236,0,51,317,0,368,97,0,97,465
06/13/2021,FXE,FL,ASO,ES,Towers with Radar,0,56,101,0,157,0,7,193,0,200,0,63,294,0,357,96,0,96,453
06/14/2021,FXE,FL,ASO,ES,Towers with Radar,0,47,86,0,133,0,11,83,0,94,0,58,169,0,227,110,0,110,337
06/15/2021,FXE,FL,ASO,ES,Towers with Radar,0,46,98,0,144,0,7,134,0,141,0,53,232,0,285,69,0,69,354
06/16/2021,FXE,FL,ASO,ES,Towers with Radar,0,53,97,0,150,0,13,144,0,157,0,66,241,0,307,104,0,104,411
06/17/2021,FXE,FL,ASO,ES,Towers with Radar,0,52,113,0,165,0,9,204,0,213,0,61,317,0,378,214,0,214,592
06/18/2021,FXE,FL,ASO,ES,Towers with Radar,0,57,133,0,190,0,13,271,0,284,0,70,404,0,474,139,0,139,613
06/19/2021,FXE,FL,ASO,ES,Towers with Radar,1,32,111,0,144,0,9,274,0,283,1,41,385,0,427,133,0,133,560
06/20/2021,FXE,FL,ASO,ES,Towers with Radar,0,42,101,0,143,0,8,151,0,159,0,50,252,0,302,113,0,113,415
06/21/2021,FXE,FL,ASO,ES,Towers with Radar,0,41,132,0,173,0,17,231,0,248,0,58,363,0,421,180,0,180,601
06/22/2021,FXE,FL,ASO,ES,Towers with Radar,0,39,92,0,131,0,5,225,0,230,0,44,317,0,361,202,0,202,563
06/23/2021,FXE,FL,ASO,ES,Towers with Radar,0,34,92,1,127,0,16,196,0,212,0,50,288,1,339,254,0,254,593
06/24/2021,FXE,FL,ASO,ES,Towers with Radar,0,58,103,0,161,0,10,123,0,133,0,68,226,0,294,147,0,147,441
06/25/2021,FXE,FL,ASO,ES,Towers with Radar,0,48,86,0,134,0,21,163,0,184,0,69,249,0,318,178,0,178,496
06/26/2021,FXE,FL,ASO,ES,Towers with Radar,0,39,110,0,149,0,16,200,0,216,0,55,310,0,365,135,0,135,500
06/27/2021,FXE,FL,ASO,ES,Towers with Radar,5,42,97,0,144,0,12,194,1,207,5,54,291,1,351,130,0,130,481
06/28/2021,FXE,FL,ASO,ES,Towers with Radar,0,48,100,0,148,0,17,186,0,203,0,65,286,0,351,159,0,159,510
06/29/2021,FXE,FL,ASO,ES,Towers with Radar,0,32,105,0,137,0,10,179,0,189,0,42,284,0,326,250,0,250,576
06/30/2021,FXE,FL,ASO,ES,Towers with Radar,0,40,123,0,163,0,12,144,0,156,0,52,267,0,319,136,0,136,455
07/01/2021,FXE,FL,ASO,ES,Towers with Radar,0,46,169,0,215,0,17,140,0,157,0,63,309,0,372,39,0,39,411
07/02/2021,FXE,FL,ASO,ES,Towers with Radar,0,50,115,0,165,0,13,235,0,248,0,63,350,0,413,86,0,86,499
07/03/2021,FXE,FL,ASO,ES,Towers with Radar,0,46,97,0,143,0,16,208,1,225,0,62,305,1,368,112,0,112,480
07/04/2021,FXE,FL,ASO,ES,Towers with Radar,0,25,66,0,91,0,1,151,0,152,0,26,217,0,243,66,0,66,309
07/05/2021,FXE,FL,ASO,ES,Towers with Radar,0,47,94,0,141,0,10,120,0,130,0,57,214,0,271,67,0,67,338
07/06/2021,FXE,FL,ASO,ES,Towers with Radar,0,38,84,0,122,0,6,113,0,119,0,44,197,0,241,110,0,110,351
07/07/2021,FXE,FL,ASO,ES,Towers with Radar,0,39,125,0,164,0,20,267,0,287,0,59,392,0,451,156,0,156,607
07/08/2021,FXE,FL,ASO,ES,Towers with Radar,0,63,121,2,186,0,16,147,0,163,0,79,268,2,349,90,0,90,439
07/09/2021,FXE,FL,ASO,ES,Towers with Radar,0,52,139,0,191,0,18,227,0,245,0,70,366,0,436,165,0,165,601
07/10/2021,FXE,FL,ASO,ES,Towers with Radar,0,40,108,0,148,0,15,234,0,249,0,55,342,0,397,122,0,122,519
07/11/2021,FXE,FL,ASO,ES,Towers with Radar,0,46,125,0,171,0,11,202,0,213,0,57,327,0,384,86,0,86,470
07/12/2021,FXE,FL,ASO,ES,Towers with Radar,1,39,120,0,160,0,5,120,0,125,1,44,240,0,285,119,0,119,404
07/13/2021,FXE,FL,ASO,ES,Towers with Radar,0,54,114,0,168,0,10,202,0,212,0,64,316,0,380,121,0,121,501
07/14/2021,FXE,FL,ASO,ES,Towers with Radar,0,45,109,0,154,0,16,297,0,313,0,61,406,0,467,141,0,141,608
07/15/2021,FXE,FL,ASO,ES,Towers with Radar,0,43,131,0,174,0,11,243,0,254,0,54,374,0,428,93,0,93,521
07/16/2021,FXE,FL,ASO,ES,Towers with Radar,0,43,123,0,166,0,15,276,0,291,0,58,399,0,457,111,0,111,568
07/17/2021,FXE,FL,ASO,ES,Towers with Radar,2,29,109,0,140,0,14,196,0,210,2,43,305,0,350,162,0,162,512
07/18/2021,FXE,FL,ASO,ES,Towers with Radar,0,29,107,0,136,0,8,137,0,145,0,37,244,0,281,122,0,122,403
07/19/2021,FXE,FL,ASO,ES,Towers with Radar,0,44,118,0,162,0,18,216,0,234,0,62,334,0,396,90,0,90,486
07/20/2021,FXE,FL,ASO,ES,Towers with Radar,0,33,105,1,139,0,11,162,0,173,0,44,267,1,312,139,0,139,451
07/21/2021,FXE,FL,ASO,ES,Towers with Radar,0,42,148,0,190,0,16,266,0,282,0,58,414,0,472,138,0,138,610
07/22/2021,FXE,FL,ASO,ES,Towers with Radar,0,48,115,0,163,0,10,234,0,244,0,58,349,0,407,58,0,58,465
07/23/2021,FXE,FL,ASO,ES,Towers with Radar,0,40,115,0,155,0,14,199,0,213,0,54,314,0,368,120,0,120,488
07/24/2021,FXE,FL,ASO,ES,Towers with Radar,0,51,82,0,133,0,10,161,0,171,0,61,243,0,304,111,0,111,415
07/25/2021,FXE,FL,ASO,ES,Towers with Radar,0,47,102,0,149,0,7,178,0,185,0,54,280,0,334,150,0,150,484
07/26/2021,FXE,FL,ASO,ES,Towers with Radar,0,39,108,0,147,0,15,190,0,205,0,54,298,0,352,191,0,191,543
07/27/2021,FXE,FL,ASO,ES,Towers with Radar,0,32,99,0,131,0,11,216,0,227,0,43,315,0,358,163,0,163,521
07/28/2021,FXE,FL,ASO,ES,Towers with Radar,0,46,116,0,162,0,17,199,2,218,0,63,315,2,380,133,0,133,513
07/29/2021,FXE,FL,ASO,ES,Towers with Radar,0,41,107,2,150,0,12,205,1,218,0,53,312,3,368,136,0,136,504
07/30/2021,FXE,FL,ASO,ES,Towers with Radar,0,35,114,0,149,0,15,268,0,283,0,50,382,0,432,95,0,95,527
07/31/2021,FXE,FL,ASO,ES,Towers with Radar,0,46,114,0,160,0,11,215,0,226,0,57,329,0,386,134,0,134,520
08/01/2021,FXE,FL,ASO,ES,Towers with Radar,0,50,91,0,141,0,12,168,0,180,0,62,259,0,321,68,0,68,389
08/02/2021,FXE,FL,ASO,ES,Towers with Radar,0,34,105,0,139,0,10,172,0,182,0,44,277,0,321,137,0,137,458
08/03/2021,FXE,FL,ASO,ES,Towers with Radar,0,33,93,0,126,0,9,109,0,118,0,42,202,0,244,91,0,91,335
08/04/2021,FXE,FL,ASO,ES,Towers with Radar,0,46,119,0,165,0,20,169,0,189,0,66,288,0,354,99,0,99,453
08/05/2021,FXE,FL,ASO,ES,Towers with Radar,0,41,106,0,147,0,12,263,0,275,0,53,369,0,422,127,0,127,549
08/06/2021,FXE,FL,ASO,ES,Towers with Radar,0,46,102,0,148,0,20,261,0,281,0,66,363,0,429,127,0,127,556
08/07/2021,FXE,FL,ASO,ES,Towers with Radar,0,36,70,0,106,0,20,202,0,222,0,56,272,0,328,169,0,169,497
08/08/2021,FXE,FL,ASO,ES,Towers with Radar,0,57,103,0,160,0,10,192,0,202,0,67,295,0,362,108,0,108,470
08/09/2021,FXE,FL,ASO,ES,Towers with Radar,0,46,99,0,145,0,15,232,0,247,0,61,331,0,392,96,0,96,488
08/10/2021,FXE,FL,ASO,ES,Towers with Radar,0,34,82,0,116,0,11,273,0,284,0,45,355,0,400,42,0,42,442
08/11/2021,FXE,FL,ASO,ES,Towers with Radar,0,46,101,0,147,0,15,227,0,242,0,61,328,0,389,109,0,109,498
08/12/2021,FXE,FL,ASO,ES,Towers with Radar,0,29,109,0,138,0,15,258,0,273,0,44,367,0,411,118,0,118,529
08/13/2021,FXE,FL,ASO,ES,Towers with Radar,0,44,104,0,148,0,20,177,0,197,0,64,281,0,345,183,0,183,528
08/14/2021,FXE,FL,ASO,ES,Towers with Radar,0,34,60,0,94,0,8,91,0,99,0,42,151,0,193,89,0,89,282
08/15/2021,FXE,FL,ASO,ES,Towers with Radar,0,39,99,0,138,0,11,116,0,127,0,50,215,0,265,132,0,132,397
08/16/2021,FXE,FL,ASO,ES,Towers with Radar,0,39,82,0,121,0,13,238,0,251,0,52,320,0,372,190,0,190,562
08/17/2021,FXE,FL,ASO,ES,Towers with Radar,0,50,80,1,131,0,9,267,0,276,0,59,347,1,407,220,0,220,627
08/18/2021,FXE,FL,ASO,ES,Towers with Radar,0,41,108,0,149,0,18,244,0,262,0,59,352,0,411,36,0,36,447
08/19/2021,FXE,FL,ASO,ES,Towers with Radar,0,44,121,2,167,0,15,190,2,207,0,59,311,4,374,242,0,242,616
08/20/2021,FXE,FL,ASO,ES,Towers with Radar,0,32,126,3,161,0,13,230,0,243,0,45,356,3,404,171,0,171,575
08/21/2021,FXE,FL,ASO,ES,Towers with Radar,0,37,80,0,117,0,11,214,0,225,0,48,294,0,342,69,0,69,411
08/22/2021,FXE,FL,ASO,ES,Towers with Radar,0,27,101,0,128,0,4,153,0,157,0,31,254,0,285,174,0,174,459
08/23/2021,FXE,FL,ASO,ES,Towers with Radar,0,28,112,0,140,0,18,200,0,218,0,46,312,0,358,224,0,224,582
08/24/2021,FXE,FL,ASO,ES,Towers with Radar,0,36,109,2,147,0,12,254,1,267,0,48,363,3,414,156,0,156,570
08/25/2021,FXE,FL,ASO,ES,Towers with Radar,1,38,116,1,156,0,14,155,0,169,1,52,271,1,325,119,0,119,444
08/26/2021,FXE,FL,ASO,ES,Towers with Radar,0,38,125,1,164,0,9,181,0,190,0,47,306,1,354,175,0,175,529
08/27/2021,FXE,FL,ASO,ES,Towers with Radar,0,30,111,0,141,0,13,210,1,224,0,43,321,1,365,179,0,179,544
08/28/2021,FXE,FL,ASO,ES,Towers with Radar,0,37,97,0,134,0,7,192,0,199,0,44,289,0,333,170,0,170,503
08/29/2021,FXE,FL,ASO,ES,Towers with Radar,0,32,95,0,127,0,3,207,1,211,0,35,302,1,338,182,0,182,520
08/30/2021,FXE,FL,ASO,ES,Towers with Radar,0,39,92,0,131,0,18,189,1,208,0,57,281,1,339,111,0,111,450
08/31/2021,FXE,FL,ASO,ES,Towers with Radar,0,39,92,0,131,0,13,215,0,228,0,52,307,0,359,230,0,230,589
09/01/2021,FXE,FL,ASO,ES,Towers with Radar,0,47,93,0,140,0,13,214,0,227,0,60,307,0,367,147,0,147,514
09/02/2021,FXE,FL,ASO,ES,Towers with Radar,0,55,118,2,175,0,5,134,0,139,0,60,252,2,314,193,0,193,507
09/03/2021,FXE,FL,ASO,ES,Towers with Radar,0,52,98,0,150,0,18,195,0,213,0,70,293,0,363,137,0,137,500
09/04/2021,FXE,FL,ASO,ES,Towers with Radar,0,26,63,0,89,0,10,155,0,165,0,36,218,0,254,189,0,189,443
09/05/2021,FXE,FL,ASO,ES,Towers with Radar,0,19,56,0,75,0,6,129,0,135,0,25,185,0,210,168,0,168,378
09/06/2021,FXE,FL,ASO,ES,Towers with Radar,0,34,101,0,135,0,13,203,0,216,0,47,304,0,351,160,0,160,511
09/07/2021,FXE,FL,ASO,ES,Towers with Radar,0,30,111,0,141,0,14,233,0,247,0,44,344,0,388,151,0,151,539
09/08/2021,FXE,FL,ASO,ES,Towers with Radar,0,39,101,0,140,0,8,222,0,230,0,47,323,0,370,187,0,187,557
09/09/2021,FXE,FL,ASO,ES,Towers with Radar,0,50,113,0,163,0,5,170,0,175,0,55,283,0,338,132,0,132,470
09/10/2021,FXE,FL,ASO,ES,Towers with Radar,0,43,112,0,155,0,14,232,0,246,0,57,344,0,401,176,0,176,577
09/11/2021,FXE,FL,ASO,ES,Towers with Radar,0,29,80,0,109,0,13,229,0,242,0,42,309,0,351,130,0,130,481
09/12/2021,FXE,FL,ASO,ES,Towers with Radar,0,31,75,0,106,0,6,158,0,164,0,37,233,0,270,96,0,96,366
09/13/2021,FXE,FL,ASO,ES,Towers with Radar,0,24,91,0,115,0,16,95,0,111,0,40,186,0,226,203,0,203,429
09/14/2021,FXE,FL,ASO,ES,Towers with Radar,0,35,112,0,147,0,13,306,0,319,0,48,418,0,466,207,0,207,673
09/15/2021,FXE,FL,ASO,ES,Towers with Radar,0,36,82,0,118,0,22,264,0,286,0,58,346,0,404,214,0,214,618
09/16/2021,FXE,FL,ASO,ES,Towers with Radar,0,36,86,1,123,0,9,195,1,205,0,45,281,2,328,179,0,179,507
09/17/2021,FXE,FL,ASO,ES,Towers with Radar,0,40,103,2,145,0,16,197,0,213,0,56,300,2,358,153,0,153,511
09/18/2021,FXE,FL,ASO,ES,Towers with Radar,1,33,88,0,122,0,7,181,1,189,1,40,269,1,311,169,0,169,480
09/19/2021,FXE,FL,ASO,ES,Towers with Radar,0,32,107,0,139,0,2,169,0,171,0,34,276,0,310,198,0,198,508
09/20/2021,FXE,FL,ASO,ES,Towers with Radar,0,41,96,2,139,0,11,159,0,170,0,52,255,2,309,334,0,334,643
09/21/2021,FXE,FL,ASO,ES,Towers with Radar,0,33,81,1,115,0,5,126,0,131,0,38,207,1,246,121,0,121,367
09/22/2021,FXE,FL,ASO,ES,Towers with Radar,0,45,73,2,120,0,14,125,0,139,0,59,198,2,259,128,0,128,387
09/23/2021,FXE,FL,ASO,ES,Towers with Radar,0,33,106,0,139,0,3,220,0,223,0,36,326,0,362,159,0,159,521
09/24/2021,FXE,FL,ASO,ES,Towers with Radar,0,47,110,0,157,0,13,210,0,223,0,60,320,0,380,173,0,173,553
09/25/2021,FXE,FL,ASO,ES,Towers with Radar,0,31,68,1,100,0,9,199,0,208,0,40,267,1,308,171,0,171,479
09/26/2021,FXE,FL,ASO,ES,Towers with Radar,0,24,50,0,74,0,9,135,0,144,0,33,185,0,218,132,0,132,350
09/27/2021,FXE,FL,ASO,ES,Towers with Radar,0,38,110,0,148,0,12,233,0,245,0,50,343,0,393,284,0,284,677
09/28/2021,FXE,FL,ASO,ES,Towers with Radar,0,23,91,0,114,0,6,239,0,245,0,29,330,0,359,179,0,179,538
09/29/2021,FXE,FL,ASO,ES,Towers with Radar,0,31,104,0,135,0,12,272,0,284,0,43,376,0,419,232,0,232,651
09/30/2021,FXE,FL,ASO,ES,Towers with Radar,0,49,137,0,186,0,7,245,0,252,0,56,382,0,438,138,0,138,576
10/01/2021,FXE,FL,ASO,ES,Towers with Radar,0,47,106,0,153,0,13,133,0,146,0,60,239,0,299,225,0,225,524
10/02/2021,FXE,FL,ASO,ES,Towers with Radar,0,30,72,1,103,0,9,153,0,162,0,39,225,1,265,200,0,200,465
10/03/2021,FXE,FL,ASO,ES,Towers with Radar,0,39,121,0,160,0,10,164,0,174,0,49,285,0,334,161,0,161,495
10/04/2021,FXE,FL,ASO,ES,Towers with Radar,0,41,118,5,164,0,13,213,0,226,0,54,331,5,390,198,0,198,588
10/05/2021,FXE,FL,ASO,ES,Towers with Radar,0,28,105,0,133,0,11,234,0,245,0,39,339,0,378,204,0,204,582
10/06/2021,FXE,FL,ASO,ES,Towers with Radar,0,45,124,0,169,0,14,226,0,240,0,59,350,0,409,215,0,215,624
10/07/2021,FXE,FL,ASO,ES,Towers with Radar,0,39,147,0,186,0,8,235,0,243,0,47,382,0,429,216,0,216,645
10/08/2021,FXE,FL,ASO,ES,Towers with Radar,0,49,131,5,185,0,15,261,0,276,0,64,392,5,461,91,0,91,552
10/09/2021,FXE,FL,ASO,ES,Towers with Radar,0,46,82,0,128,0,5,144,0,149,0,51,226,0,277,85,0,85,362
10/10/2021,FXE,FL,ASO,ES,Towers with Radar,0,30,128,0,158,0,4,153,0,157,0,34,281,0,315,167,0,167,482
10/11/2021,FXE,FL,ASO,ES,Towers with Radar,0,48,119,0,167,0,12,200,0,212,0,60,319,0,379,152,0,152,531
10/12/2021,FXE,FL,ASO,ES,Towers with Radar,0,39,131,3,173,0,9,269,0,278,0,48,400,3,451,192,0,192,643
10/13/2021,FXE,FL,ASO,ES,Towers with Radar,0,47,129,0,176,24,9,226,0,259,24,56,355,0,435,215,0,215,650
10/14/2021,FXE,FL,ASO,ES,Towers with Radar,0,41,136,0,177,0,13,212,0,225,0,54,348,0,402,198,0,198,600
10/15/2021,FXE,FL,ASO,ES,Towers with Radar,0,58,126,0,184,0,14,209,0,223,0,72,335,0,407,189,0,189,596
10/16/2021,FXE,FL,ASO,ES,Towers with Radar,0,34,84,0,118,0,12,169,0,181,0,46,253,0,299,145,0,145,444
10/17/2021,FXE,FL,ASO,ES,Towers with Radar,0,38,110,1,149,0,10,208,0,218,0,48,318,1,367,142,0,142,509
10/18/2021,FXE,FL,ASO,ES,Towers with Radar,0,28,123,4,155,0,21,250,0,271,0,49,373,4,426,142,0,142,568
10/19/2021,FXE,FL,ASO,ES,Towers with Radar,0,34,110,0,144,0,10,272,0,282,0,44,382,0,426,211,0,211,637
10/20/2021,FXE,FL,ASO,ES,Towers with Radar,0,44,131,0,175,0,11,221,0,232,0,55,352,0,407,276,0,276,683
10/21/2021,FXE,FL,ASO,ES,Towers with Radar,0,52,144,0,196,0,13,224,0,237,0,65,368,0,433,177,0,177,610
10/22/2021,FXE,FL,ASO,ES,Towers with Radar,0,45,132,1,178,0,8,117,1,126,0,53,249,2,304,132,0,132,436
10/23/2021,FXE,FL,ASO,ES,Towers with Radar,0,38,103,0,141,0,9,121,0,130,0,47,224,0,271,133,0,133,404
10/24/2021,FXE,FL,ASO,ES,Towers with Radar,0,42,123,0,165,0,11,143,0,154,0,53,266,0,319,218,0,218,537
10/25/2021,FXE,FL,ASO,ES,Towers with Radar,0,58,102,0,160,0,13,147,0,160,0,71,249,0,320,125,0,125,445
10/26/2021,FXE,FL,ASO,ES,Towers with Radar,1,45,147,0,193,0,16,172,0,188,1,61,319,0,381,161,0,161,542
10/27/2021,FXE,FL,ASO,ES,Towers with Radar,0,65,150,2,217,0,9,226,0,235,0,74,376,2,452,165,0,165,617
10/28/2021,FXE,FL,ASO,ES,Towers with Radar,0,63,153,0,216,0,15,145,0,160,0,78,298,0,376,122,0,122,498
10/29/2021,FXE,FL,ASO,ES,Towers with Radar,0,68,162,0,230,0,13,186,0,199,0,81,348,0,429,137,0,137,566
10/30/2021,FXE,FL,ASO,ES,Towers with Radar,0,37,133,1,171,0,5,174,0,179,0,42,307,1,350,107,0,107,457
10/31/2021,FXE,FL,ASO,ES,Towers with Radar,2,55,151,1,209,0,10,206,0,216,2,65,357,1,425,102,0,102,527
11/01/2021,FXE,FL,ASO,ES,Towers with Radar,0,66,141,0,207,0,12,222,0,234,0,78,363,0,441,145,0,145,586
11/02/2021,FXE,FL,ASO,ES,Towers with Radar,0,39,141,0,180,0,10,157,0,167,0,49,298,0,347,101,0,101,448
11/03/2021,FXE,FL,ASO,ES,Towers with Radar,0,57,135,1,193,0,21,261,0,282,0,78,396,1,475,108,0,108,583
11/04/2021,FXE,FL,ASO,ES,Towers with Radar,0,56,154,0,210,0,17,246,0,263,0,73,400,0,473,205,0,205,678
11/05/2021,FXE,FL,ASO,ES,Towers with Radar,0,58,110,4,172,0,4,19,0,23,0,62,129,4,195,18,0,18,213
11/06/2021,FXE,FL,ASO,ES,Towers with Radar,0,52,117,0,169,0,11,139,0,150,0,63,256,0,319,46,0,46,365
11/07/2021,FXE,FL,ASO,ES,Towers with Radar,0,54,146,0,200,0,8,197,0,205,0,62,343,0,405,75,0,75,480
11/08/2021,FXE,FL,ASO,ES,Towers with Radar,0,57,142,0,199,0,15,237,0,252,0,72,379,0,451,121,0,121,572
11/09/2021,FXE,FL,ASO,ES,Towers with Radar,0,59,107,0,166,0,11,291,0,302,0,70,398,0,468,202,0,202,670
11/10/2021,FXE,FL,ASO,ES,Towers with Radar,0,41,145,0,186,0,16,227,0,243,0,57,372,0,429,170,0,170,599
11/11/2021,FXE,FL,ASO,ES,Towers with Radar,1,58,149,0,208,0,10,227,1,238,1,68,376,1,446,107,0,107,553
11/12/2021,FXE,FL,ASO,ES,Towers with Radar,0,51,162,0,213,0,15,145,0,160,0,66,307,0,373,233,0,233,606
11/13/2021,FXE,FL,ASO,ES,Towers with Radar,0,43,89,0,132,0,11,217,0,228,0,54,306,0,360,193,0,193,553
11/14/2021,FXE,FL,ASO,ES,Towers with Radar,0,50,142,0,192,0,8,235,0,243,0,58,377,0,435,128,0,128,563
11/15/2021,FXE,FL,ASO,ES,Towers with Radar,0,58,161,0,219,0,21,224,0,245,0,79,385,0,464,184,0,184,648
11/16/2021,FXE,FL,ASO,ES,Towers with Radar,0,46,139,0,185,0,11,308,0,319,0,57,447,0,504,213,0,213,717
11/17/2021,FXE,FL,ASO,ES,Towers with Radar,0,59,125,0,184,0,13,279,0,292,0,72,404,0,476,140,0,140,616
11/18/2021,FXE,FL,ASO,ES,Towers with Radar,0,53,147,0,200,0,11,130,0,141,0,64,277,0,341,153,0,153,494
11/19/2021,FXE,FL,ASO,ES,Towers with Radar,0,76,172,0,248,0,13,87,0,100,0,89,259,0,348,50,0,50,398
11/20/2021,FXE,FL,ASO,ES,Towers with Radar,0,60,125,0,185,0,13,131,0,144,0,73,256,0,329,133,0,133,462
11/21/2021,FXE,FL,ASO,ES,Towers with Radar,0,56,118,0,174,0,8,102,0,110,0,64,220,0,284,103,0,103,387
11/22/2021,FXE,FL,ASO,ES,Towers with Radar,0,48,129,0,177,0,15,183,0,198,0,63,312,0,375,178,0,178,553
11/23/2021,FXE,FL,ASO,ES,Towers with Radar,0,61,158,0,219,0,16,236,0,252,0,77,394,0,471,161,0,161,632
11/24/2021,FXE,FL,ASO,ES,Towers with Radar,0,60,145,0,205,0,15,206,0,221,0,75,351,0,426,80,0,80,506
11/25/2021,FXE,FL,ASO,ES,Towers with Radar,0,19,56,0,75,0,2,118,0,120,0,21,174,0,195,67,0,67,262
11/26/2021,FXE,FL,ASO,ES,Towers with Radar,0,47,98,0,145,0,19,150,0,169,0,66,248,0,314,113,0,113,427
11/27/2021,FXE,FL,ASO,ES,Towers with Radar,0,63,123,0,186,0,15,177,0,192,0,78,300,0,378,135,0,135,513
11/28/2021,FXE,FL,ASO,ES,Towers with Radar,0,64,169,0,233,0,13,187,0,200,0,77,356,0,433,135,0,135,568
11/29/2021,FXE,FL,ASO,ES,Towers with Radar,0,57,117,0,174,0,20,241,0,261,0,77,358,0,435,116,0,116,551
11/30/2021,FXE,FL,ASO,ES,Towers with Radar,1,60,119,0,180,0,12,271,0,283,1,72,390,0,463,109,0,109,572
12/01/2021,FXE,FL,ASO,ES,Towers with Radar,0,55,139,0,194,0,12,254,0,266,0,67,393,0,460,180,0,180,640
12/02/2021,FXE,FL,ASO,ES,Towers with Radar,0,46,135,0,181,0,18,225,0,243,0,64,360,0,424,188,0,188,612
12/03/2021,FXE,FL,ASO,ES,Towers with Radar,0,42,145,0,187,0,25,242,0,267,0,67,387,0,454,195,0,195,649
12/04/2021,FXE,FL,ASO,ES,Towers with Radar,0,38,131,0,169,0,11,188,0,199,0,49,319,0,368,269,0,269,637
12/05/2021,FXE,FL,ASO,ES,Towers with Radar,0,43,128,0,171,0,15,164,0,179,0,58,292,0,350,152,0,152,502
12/06/2021,FXE,FL,ASO,ES,Towers with Radar,0,50,131,0,181,0,13,100,0,113,0,63,231,0,294,184,0,184,478
12/07/2021,FXE,FL,ASO,ES,Towers with Radar,0,53,143,0,196,0,17,258,0,275,0,70,401,0,471,214,0,214,685
12/08/2021,FXE,FL,ASO,ES,Towers with Radar,0,78,157,0,235,0,15,267,0,282,0,93,424,0,517,133,0,133,650
12/09/2021,FXE,FL,ASO,ES,Towers with Radar,0,59,134,0,193,0,13,224,0,237,0,72,358,0,430,146,0,146,576
12/10/2021,FXE,FL,ASO,ES,Towers with Radar,0,47,166,0,213,0,9,230,0,239,0,56,396,0,452,268,0,268,720
12/11/2021,FXE,FL,ASO,ES,Towers with Radar,0,41,126,0,167,0,12,229,0,241,0,53,355,0,408,112,0,112,520
12/12/2021,FXE,FL,ASO,ES,Towers with Radar,0,35,147,2,184,0,13,188,0,201,0,48,335,2,385,152,0,152,537
12/13/2021,FXE,FL,ASO,ES,Towers with Radar,0,41,130,0,171,0,12,221,0,233,0,53,351,0,404,125,0,125,529
12/14/2021,FXE,FL,ASO,ES,Towers with Radar,0,51,124,0,175,0,13,212,0,225,0,64,336,0,400,208,0,208,608
12/15/2021,FXE,FL,ASO,ES,Towers with Radar,0,68,122,0,190,0,11,197,0,208,0,79,319,0,398,165,0,165,563
12/16/2021,FXE,FL,ASO,ES,Towers with Radar,0,52,160,0,212,0,16,227,0,243,0,68,387,0,455,134,0,134,589
12/17/2021,FXE,FL,ASO,ES,Towers with Radar,0,49,166,0,215,0,13,255,1,269,0,62,421,1,484,168,0,168,652
12/18/2021,FXE,FL,ASO,ES,Towers with Radar,0,73,142,0,215,0,16,166,0,182,0,89,308,0,397,141,0,141,538
12/19/2021,FXE,FL,ASO,ES,Towers with Radar,0,51,115,0,166,0,9,139,0,148,0,60,254,0,314,138,0,138,452
12/20/2021,FXE,FL,ASO,ES,Towers with Radar,0,64,127,0,191,0,17,136,0,153,0,81,263,0,344,88,0,88,432
12/21/2021,FXE,FL,ASO,ES,Towers with Radar,0,57,85,0,142,0,15,94,0,109,0,72,179,0,251,97,0,97,348
12/22/2021,FXE,FL,ASO,ES,Towers with Radar,0,60,114,0,174,0,20,119,0,139,0,80,233,0,313,69,0,69,382
12/23/2021,FXE,FL,ASO,ES,Towers with Radar,0,68,115,0,183,0,17,209,0,226,0,85,324,0,409,57,0,57,466
12/24/2021,FXE,FL,ASO,ES,Towers with Radar,0,51,70,0,121,0,14,146,0,160,0,65,216,0,281,42,0,42,323
12/25/2021,FXE,FL,ASO,ES,Towers with Radar,0,21,39,0,60,0,1,47,0,48,0,22,86,0,108,47,0,47,155
12/26/2021,FXE,FL,ASO,ES,Towers with Radar,0,58,140,0,198,0,12,174,0,186,0,70,314,0,384,115,0,115,499
12/27/2021,FXE,FL,ASO,ES,Towers with Radar,0,72,175,0,247,0,3,231,0,234,0,75,406,0,481,54,0,54,535
12/28/2021,FXE,FL,ASO,ES,Towers with Radar,0,80,149,0,229,0,11,205,1,217,0,91,354,1,446,81,0,81,527
12/29/2021,FXE,FL,ASO,ES,Towers with Radar,0,70,117,0,187,0,19,197,0,216,0,89,314,0,403,22,0,22,425
12/30/2021,FXE,FL,ASO,ES,Towers with Radar,0,52,160,0,212,0,10,183,0,193,0,62,343,0,405,18,0,18,423
12/31/2021,FXE,FL,ASO,ES,Towers with Radar,0,48,83,0,131,0,8,138,0,146,0,56,221,0,277,7,0,7,284
01/01/2022,FXE,FL,ASO,ES,Towers with Radar,0,60,89,0,149,0,1,85,0,86,0,61,174,0,235,27,0,27,262
01/02/2022,FXE,FL,ASO,ES,Towers with Radar,1,66,184,0,251,0,17,156,0,173,1,83,340,0,424,22,0,22,446
01/03/2022,FXE,FL,ASO,ES,Towers with Radar,0,72,169,1,242,0,16,156,0,172,0,88,325,1,414,71,0,71,485
01/04/2022,FXE,FL,ASO,ES,Towers with Radar,0,67,143,0,210,0,13,232,0,245,0,80,375,0,455,150,0,150,605
01/05/2022,FXE,FL,ASO,ES,Towers with Radar,0,45,144,2,191,0,11,167,0,178,0,56,311,2,369,106,0,106,475
01/06/2022,FXE,FL,ASO,ES,Towers with Radar,0,48,114,0,162,0,12,176,0,188,0,60,290,0,350,130,0,130,480
01/07/2022,FXE,FL,ASO,ES,Towers with Radar,0,54,108,0,162,0,19,192,0,211,0,73,300,0,373,66,0,66,439
01/08/2022,FXE,FL,ASO,ES,Towers with Radar,0,68,114,0,182,0,10,150,0,160,0,78,264,0,342,120,0,120,462
01/09/2022,FXE,FL,ASO,ES,Towers with Radar,0,74,145,0,219,0,2,105,0,107,0,76,250,0,326,41,0,41,367
01/10/2022,FXE,FL,ASO,ES,Towers with Radar,0,49,134,0,183,0,5,181,0,186,0,54,315,0,369,159,0,159,528
01/11/2022,FXE,FL,ASO,ES,Towers with Radar,0,35,101,0,136,0,7,121,0,128,0,42,222,0,264,116,0,116,380
01/12/2022,FXE,FL,ASO,ES,Towers with Radar,0,43,148,0,191,0,12,228,0,240,0,55,376,0,431,149,0,149,580
01/13/2022,FXE,FL,ASO,ES,Towers with Radar,0,57,131,0,188,0,10,191,0,201,0,67,322,0,389,200,0,200,589
01/14/2022,FXE,FL,ASO,ES,Towers with Radar,0,45,137,0,182,0,12,235,0,247,0,57,372,0,429,129,0,129,558
01/15/2022,FXE,FL,ASO,ES,Towers with Radar,0,71,125,0,196,0,9,264,0,273,0,80,389,0,469,142,0,142,611
01/16/2022,FXE,FL,ASO,ES,Towers with Radar,0,35,75,1,111,0,2,47,0,49,0,37,122,1,160,30,0,30,190
01/17/2022,FXE,FL,ASO,ES,Towers with Radar,0,55,120,2,177,0,12,231,0,243,0,67,351,2,420,150,0,150,570
01/18/2022,FXE,FL,ASO,ES,Towers with Radar,0,48,159,0,207,0,12,308,0,320,0,60,467,0,527,140,0,140,667
01/19/2022,FXE,FL,ASO,ES,Towers with Radar,0,52,139,1,192,0,12,243,0,255,0,64,382,1,447,179,0,179,626
01/20/2022,FXE,FL,ASO,ES,Towers with Radar,0,59,142,1,202,0,12,191,1,204,0,71,333,2,406,96,0,96,502
01/21/2022,FXE,FL,ASO,ES,Towers with Radar,0,42,145,1,188,0,18,154,0,172,0,60,299,1,360,243,0,243,603
01/22/2022,FXE,FL,ASO,ES,Towers with Radar,0,48,95,2,145,0,6,65,0,71,0,54,160,2,216,68,0,68,284
01/23/2022,FXE,FL,ASO,ES,Towers with Radar,0,56,150,1,207,0,4,66,0,70,0,60,216,1,277,21,0,21,298
01/24/2022,FXE,FL,ASO,ES,Towers with Radar,0,41,125,0,166,0,12,244,0,256,0,53,369,0,422,142,0,142,564
01/25/2022,FXE,FL,ASO,ES,Towers with Radar,0,36,133,1,170,0,12,233,0,245,0,48,366,1,415,292,0,292,707
01/26/2022,FXE,FL,ASO,ES,Towers with Radar,0,47,115,0,162,0,4,125,0,129,0,51,240,0,291,113,0,113,404
01/27/2022,FXE,FL,ASO,ES,Towers with Radar,0,54,137,0,191,0,11,163,0,174,0,65,300,0,365,107,0,107,472
01/28/2022,FXE,FL,ASO,ES,Towers with Radar,0,62,139,0,201,0,11,89,0,100,0,73,228,0,301,69,0,69,370
01/29/2022,FXE,FL,ASO,ES,Towers with Radar,0,40,74,1,115,0,9,108,0,117,0,49,182,1,232,56,0,56,288
01/30/2022,FXE,FL,ASO,ES,Towers with Radar,0,52,127,0,179,0,8,229,0,237,0,60,356,0,416,143,0,143,559
01/31/2022,FXE,FL,ASO,ES,Towers with Radar,0,45,133,0,178,0,14,272,0,286,0,59,405,0,464,159,0,159,623
02/01/2022,FXE,FL,ASO,ES,Towers with Radar,0,38,128,0,166,0,13,265,0,278,0,51,393,0,444,192,0,192,636
02/02/2022,FXE,FL,ASO,ES,Towers with Radar,0,52,138,0,190,0,14,174,0,188,0,66,312,0,378,84,0,84,462
02/03/2022,FXE,FL,ASO,ES,Towers with Radar,0,62,131,0,193,0,17,226,1,244,0,79,357,1,437,67,0,67,504
02/04/2022,FXE,FL,ASO,ES,Towers with Radar,0,46,154,0,200,0,14,225,0,239,0,60,379,0,439,122,0,122,561
02/05/2022,FXE,FL,ASO,ES,Towers with Radar,0,51,96,0,147,0,10,216,0,226,0,61,312,0,373,191,0,191,564
02/06/2022,FXE,FL,ASO,ES,Towers with Radar,0,53,136,0,189,0,6,164,0,170,0,59,300,0,359,115,0,115,474
02/07/2022,FXE,FL,ASO,ES,Towers with Radar,1,51,133,3,188,0,16,192,0,208,1,67,325,3,396,186,0,186,582
02/08/2022,FXE,FL,ASO,ES,Towers with Radar,0,40,134,1,175,0,7,154,0,161,0,47,288,1,336,124,0,124,460
02/09/2022,FXE,FL,ASO,ES,Towers with Radar,0,77,127,0,204,0,3,42,0,45,0,80,169,0,249,13,0,13,262
02/10/2022,FXE,FL,ASO,ES,Towers with Radar,1,68,149,2,220,0,14,272,0,286,1,82,421,2,506,111,0,111,617
02/11/2022,FXE,FL,ASO,ES,Towers with Radar,0,59,151,0,210,0,18,240,0,258,0,77,391,0,468,209,0,209,677
02/12/2022,FXE,FL,ASO,ES,Towers with Radar,0,71,114,1,186,0,15,300,0,315,0,86,414,1,501,206,0,206,707
02/13/2022,FXE,FL,ASO,ES,Towers with Radar,0,53,75,0,128,0,3,82,0,85,0,56,157,0,213,70,0,70,283
02/14/2022,FXE,FL,ASO,ES,Towers with Radar,0,49,132,0,181,0,17,276,0,293,0,66,408,0,474,139,0,139,613
02/15/2022,FXE,FL,ASO,ES,Towers with Radar,0,46,121,1,168,0,16,218,0,234,0,62,339,1,402,100,0,100,502
02/16/2022,FXE,FL,ASO,ES,Towers with Radar,0,66,143,3,212,0,11,163,0,174,0,77,306,3,386,72,0,72,458
02/17/2022,FXE,FL,ASO,ES,Towers with Radar,0,81,152,0,233,0,15,228,0,243,0,96,380,0,476,151,0,151,627
02/18/2022,FXE,FL,ASO,ES,Towers with Radar,0,75,163,0,238,0,14,272,1,287,0,89,435,1,525,168,0,168,693
02/19/2022,FXE,FL,ASO,ES,Towers with Radar,0,59,156,0,215,0,10,154,0,164,0,69,310,0,379,55,0,55,434
02/20/2022,FXE,FL,ASO,ES,Towers with Radar,0,64,160,0,224,0,5,235,0,240,0,69,395,0,464,183,0,183,647
02/21/2022,FXE,FL,ASO,ES,Towers with Radar,0,64,185,1,250,0,23,310,0,333,0,87,495,1,583,200,0,200,783
02/22/2022,FXE,FL,ASO,ES,Towers with Radar,0,59,159,0,218,0,16,299,0,315,0,75,458,0,533,145,0,145,678
02/23/2022,FXE,FL,ASO,ES,Towers with Radar,1,61,139,1,202,0,11,240,1,252,1,72,379,2,454,163,0,163,617
02/24/2022,FXE,FL,ASO,ES,Towers with Radar,0,59,167,0,226,0,18,225,0,243,0,77,392,0,469,138,0,138,607
02/25/2022,FXE,FL,ASO,ES,Towers with Radar,0,72,121,0,193,0,19,245,0,264,0,91,366,0,457,175,0,175,632
02/26/2022,FXE,FL,ASO,ES,Towers with Radar,0,56,141,0,197,0,8,240,0,248,0,64,381,0,445,123,0,123,568
02/27/2022,FXE,FL,ASO,ES,Towers with Radar,18,49,135,0,202,0,10,187,0,197,18,59,322,0,399,121,0,121,520
02/28/2022,FXE,FL,ASO,ES,Towers with Radar,0,55,113,0,168,0,7,269,0,276,0,62,382,0,444,68,0,68,512
03/01/2022,FXE,FL,ASO,ES,Towers with Radar,0,63,132,0,195,0,10,144,0,154,0,73,276,0,349,76,0,76,425
03/02/2022,FXE,FL,ASO,ES,Towers with Radar,0,64,128,0,192,0,15,236,0,251,0,79,364,0,443,196,0,196,639
03/03/2022,FXE,FL,ASO,ES,Towers with Radar,0,55,154,0,209,0,12,241,0,253,0,67,395,0,462,125,0,125,587
03/04/2022,FXE,FL,ASO,ES,Towers with Radar,0,65,126,0,191,0,18,253,1,272,0,83,379,1,463,100,0,100,563
03/05/2022,FXE,FL,ASO,ES,Towers with Radar,0,58,107,0,165,0,7,135,0,142,0,65,242,0,307,73,0,73,380
03/06/2022,FXE,FL,ASO,ES,Towers with Radar,0,78,151,0,229,0,4,192,0,196,0,82,343,0,425,108,0,108,533
03/07/2022,FXE,FL,ASO,ES,Towers with Radar,0,51,143,2,196,0,8,165,0,173,0,59,308,2,369,138,0,138,507
03/08/2022,FXE,FL,ASO,ES,Towers with Radar,0,57,142,0,199,0,10,240,0,250,0,67,382,0,449,211,0,211,660
03/09/2022,FXE,FL,ASO,ES,Towers with Radar,0,58,126,0,184,0,15,247,0,262,0,73,373,0,446,205,0,205,651
03/10/2022,FXE,FL,ASO,ES,Towers with Radar,0,70,119,0,189,0,13,161,0,174,0,83,280,0,363,227,0,227,590
03/11/2022,FXE,FL,ASO,ES,Towers with Radar,0,68,141,0,209,0,15,254,0,269,0,83,395,0,478,239,0,239,717
03/12/2022,FXE,FL,ASO,ES,Towers with Radar,0,69,114,0,183,0,19,129,0,148,0,88,243,0,331,64,0,64,395
03/13/2022,FXE,FL,ASO,ES,Towers with Radar,0,61,157,0,218,0,16,250,0,266,0,77,407,0,484,68,0,68,552
03/14/2022,FXE,FL,ASO,ES,Towers with Radar,0,64,149,2,215,0,16,233,2,251,0,80,382,4,466,120,0,120,586
03/15/2022,FXE,FL,ASO,ES,Towers with Radar,0,62,129,0,191,0,7,85,2,94,0,69,214,2,285,23,0,23,308
03/16/2022,FXE,FL,ASO,ES,Towers with Radar,0,61,115,0,176,0,17,209,0,226,0,78,324,0,402,199,0,199,601
03/17/2022,FXE,FL,ASO,ES,Towers with Radar,0,61,150,2,213,0,13,188,0,201,0,74,338,2,414,160,0,160,574
03/18/2022,FXE,FL,ASO,ES,Towers with Radar,0,62,164,0,226,0,23,298,0,321,0,85,462,0,547,120,0,120,667
03/19/2022,FXE,FL,ASO,ES,Towers with Radar,0,81,141,2,224,0,17,234,1,252,0,98,375,3,476,126,0,126,602
03/20/2022,FXE,FL,ASO,ES,Towers with Radar,0,92,158,4,254,0,12,228,0,240,0,104,386,4,494,113,0,113,607
03/21/2022,FXE,FL,ASO,ES,Towers with Radar,0,49,142,0,191,0,10,292,0,302,0,59,434,0,493,135,0,135,628
03/22/2022,FXE,FL,ASO,ES,Towers with Radar,0,60,131,0,191,0,9,252,0,261,0,69,383,0,452,174,0,174,626
03/23/2022,FXE,FL,ASO,ES,Towers with Radar,0,57,104,2,163,0,15,228,1,244,0,72,332,3,407,162,8,170,577
03/24/2022,FXE,FL,ASO,ES,Towers with Radar,0,59,119,0,178,0,14,171,1,186,0,73,290,1,364,64,0,64,428
03/25/2022,FXE,FL,ASO,ES,Towers with Radar,0,66,158,0,224,0,20,207,0,227,0,86,365,0,451,129,0,129,580
03/26/2022,FXE,FL,ASO,ES,Towers with Radar,0,60,128,0,188,0,21,255,0,276,0,81,383,0,464,76,0,76,540
03/27/2022,FXE,FL,ASO,ES,Towers with Radar,0,71,142,0,213,0,10,240,0,250,0,81,382,0,463,165,0,165,628
03/28/2022,FXE,FL,ASO,ES,Towers with Radar,0,50,112,0,162,0,18,266,0,284,0,68,378,0,446,154,0,154,600
03/29/2022,FXE,FL,ASO,ES,Towers with Radar,0,52,109,0,161,0,10,284,1,295,0,62,393,1,456,310,0,310,766
03/30/2022,FXE,FL,ASO,ES,Towers with Radar,0,54,120,0,174,0,16,232,0,248,0,70,352,0,422,91,0,91,513
03/31/2022,FXE,FL,ASO,ES,Towers with Radar,0,67,116,0,183,0,15,196,0,211,0,82,312,0,394,50,0,50,444
04/01/2022,FXE,FL,ASO,ES,Towers with Radar,0,68,140,6,214,0,20,218,0,238,0,88,358,6,452,169,0,169,621
04/02/2022,FXE,FL,ASO,ES,Towers with Radar,0,60,114,0,174,0,11,195,0,206,0,71,309,0,380,38,0,38,418
04/03/2022,FXE,FL,ASO,ES,Towers with Radar,0,66,158,0,224,0,11,166,0,177,0,77,324,0,401,121,0,121,522
04/04/2022,FXE,FL,ASO,ES,Towers with Radar,0,80,103,2,185,0,15,144,0,159,0,95,247,2,344,7,0,7,351
04/05/2022,FXE,FL,ASO,ES,Towers with Radar,0,53,139,0,192,0,12,291,0,303,0,65,430,0,495,8,0,8,503
04/06/2022,FXE,FL,ASO,ES,Towers with Radar,0,48,116,1,165,0,20,248,0,268,0,68,364,1,433,14,0,14,447
04/07/2022,FXE,FL,ASO,ES,Towers with Radar,0,57,133,0,190,0,15,190,0,205,0,72,323,0,395,11,0,11,406
04/08/2022,FXE,FL,ASO,ES,Towers with Radar,0,68,174,0,242,0,16,234,0,250,0,84,408,0,492,9,0,9,501
04/09/2022,FXE,FL,ASO,ES,Towers with Radar,0,65,132,0,197,0,9,214,0,223,0,74,346,0,420,10,0,10,430
04/10/2022,FXE,FL,ASO,ES,Towers with Radar,0,74,141,0,215,0,12,248,0,260,0,86,389,0,475,2,0,2,477
04/11/2022,FXE,FL,ASO,ES,Towers with Radar,0,55,129,3,187,0,17,256,0,273,0,72,385,3,460,166,0,166,626
04/12/2022,FXE,FL,ASO,ES,Towers with Radar,0,47,108,1,156,0,14,286,0,300,0,61,394,1,456,120,0,120,576
04/13/2022,FXE,FL,ASO,ES,Towers with Radar,0,62,158,0,220,0,15,275,0,290,0,77,433,0,510,135,0,135,645
04/14/2022,FXE,FL,ASO,ES,Towers with Radar,0,94,147,2,243,0,18,255,0,273,0,112,402,2,516,143,0,143,659
04/15/2022,FXE,FL,ASO,ES,Towers with Radar,0,72,105,1,178,0,12,146,0,158,0,84,251,1,336,69,0,69,405
04/16/2022,FXE,FL,ASO,ES,Towers with Radar,0,67,111,0,178,0,8,241,0,249,0,75,352,0,427,172,0,172,599
04/17/2022,FXE,FL,ASO,ES,Towers with Radar,0,48,95,1,144,0,4,239,0,243,0,52,334,1,387,138,0,138,525
04/18/2022,FXE,FL,ASO,ES,Towers with Radar,0,68,145,0,213,0,21,213,0,234,0,89,358,0,447,109,0,109,556
04/19/2022,FXE,FL,ASO,ES,Towers with Radar,0,60,125,0,185,0,19,242,0,261,0,79,367,0,446,94,0,94,540
04/20/2022,FXE,FL,ASO,ES,Towers with Radar,0,73,141,1,215,0,17,244,0,261,0,90,385,1,476,187,0,187,663
04/21/2022,FXE,FL,ASO,ES,Towers with Radar,0,71,130,2,203,0,15,235,0,250,0,86,365,2,453,72,0,72,525
04/22/2022,FXE,FL,ASO,ES,Towers with Radar,0,70,112,3,185,0,14,195,0,209,0,84,307,3,394,117,0,117,511
04/23/2022,FXE,FL,ASO,ES,Towers with Radar,0,50,72,0,122,0,155,234,0,389,0,205,306,0,511,46,0,46,557
04/24/2022,FXE,FL,ASO,ES,Towers with Radar,0,84,110,0,194,0,14,207,0,221,0,98,317,0,415,99,0,99,514
04/25/2022,FXE,FL,ASO,ES,Towers with Radar,0,63,131,1,195,0,14,255,1,270,0,77,386,2,465,176,0,176,641
04/26/2022,FXE,FL,ASO,ES,Towers with Radar,0,51,100,0,151,0,11,248,0,259,0,62,348,0,410,154,0,154,564
04/27/2022,FXE,FL,ASO,ES,Towers with Radar,2,48,118,0,168,0,20,267,0,287,2,68,385,0,455,198,0,198,653
04/28/2022,FXE,FL,ASO,ES,Towers with Radar,0,74,117,0,191,0,11,171,0,182,0,85,288,0,373,150,0,150,523
04/29/2022,FXE,FL,ASO,ES,Towers with Radar,0,50,92,0,142,0,16,135,3,154,0,66,227,3,296,158,0,158,454
04/30/2022,FXE,FL,ASO,ES,Towers with Radar,0,57,78,0,135,0,10,99,7,116,0,67,177,7,251,100,0,100,351
05/01/2022,FXE,FL,ASO,ES,Towers with Radar,0,54,113,0,167,0,5,169,0,174,0,59,282,0,341,93,0,93,434
05/02/2022,FXE,FL,ASO,ES,Towers with Radar,1,49,131,1,182,0,16,288,2,306,1,65,419,3,488,154,0,154,642
05/03/2022,FXE,FL,ASO,ES,Towers with Radar,0,61,104,0,165,0,15,202,0,217,0,76,306,0,382,206,0,206,588
05/04/2022,FXE,FL,ASO,ES,Towers with Radar,0,54,139,2,195,0,13,226,2,241,0,67,365,4,436,147,0,147,583
05/05/2022,FXE,FL,ASO,ES,Towers with Radar,0,63,170,0,233,0,17,233,0,250,0,80,403,0,483,106,0,106,589
05/06/2022,FXE,FL,ASO,ES,Towers with Radar,0,88,131,0,219,0,17,240,0,257,0,105,371,0,476,80,0,80,556
05/07/2022,FXE,FL,ASO,ES,Towers with Radar,0,53,92,0,145,0,9,138,0,147,0,62,230,0,292,134,0,134,426
05/08/2022,FXE,FL,ASO,ES,Towers with Radar,0,71,130,0,201,0,2,170,0,172,0,73,300,0,373,174,0,174,547
05/09/2022,FXE,FL,ASO,ES,Towers with Radar,0,67,130,0,197,0,12,230,0,242,0,79,360,0,439,92,0,92,531
05/10/2022,FXE,FL,ASO,ES,Towers with Radar,0,51,117,0,168,0,9,250,0,259,0,60,367,0,427,154,0,154,581
05/11/2022,FXE,FL,ASO,ES,Towers with Radar,0,38,88,0,126,0,18,252,0,270,0,56,340,0,396,192,0,192,588
05/12/2022,FXE,FL,ASO,ES,Towers with Radar,0,66,126,0,192,0,17,192,0,209,0,83,318,0,401,141,0,141,542
05/13/2022,FXE,FL,ASO,ES,Towers with Radar,0,56,132,0,188,0,14,225,0,239,0,70,357,0,427,206,0,206,633
05/14/2022,FXE,FL,ASO,ES,Towers with Radar,1,54,81,0,136,0,8,237,0,245,1,62,318,0,381,101,0,101,482
05/15/2022,FXE,FL,ASO,ES,Towers with Radar,0,63,98,0,161,0,9,171,0,180,0,72,269,0,341,130,0,130,471
05/16/2022,FXE,FL,ASO,ES,Towers with Radar,0,52,121,0,173,0,4,208,0,212,0,56,329,0,385,201,0,201,586
05/17/2022,FXE,FL,ASO,ES,Towers with Radar,0,43,93,0,136,0,9,220,0,229,0,52,313,0,365,116,0,116,481
05/18/2022,FXE,FL,ASO,ES,Towers with Radar,0,57,117,0,174,0,14,248,0,262,0,71,365,0,436,136,0,136,572
05/19/2022,FXE,FL,ASO,ES,Towers with Radar,0,54,114,0,168,0,10,214,0,224,0,64,328,0,392,174,0,174,566
05/20/2022,FXE,FL,ASO,ES,Towers with Radar,0,43,82,0,125,0,13,90,0,103,0,56,172,0,228,86,0,86,314
05/21/2022,FXE,FL,ASO,ES,Towers with Radar,0,54,80,0,134,0,11,190,0,201,0,65,270,0,335,132,0,132,467
05/22/2022,FXE,FL,ASO,ES,Towers with Radar,0,52,94,0,146,0,2,164,0,166,0,54,258,0,312,173,0,173,485
05/23/2022,FXE,FL,ASO,ES,Towers with Radar,0,46,113,0,159,0,17,158,0,175,0,63,271,0,334,92,0,92,426
05/24/2022,FXE,FL,ASO,ES,Towers with Radar,1,43,101,0,145,0,13,59,3,75,1,56,160,3,220,0,0,0,220
05/25/2022,FXE,FL,ASO,ES,Towers with Radar,0,52,106,1,159,0,17,63,1,81,0,69,169,2,240,0,0,0,240
05/26/2022,FXE,FL,ASO,ES,Towers with Radar,0,69,140,0,209,0,23,161,0,184,0,92,301,0,393,16,0,16,409
05/27/2022,FXE,FL,ASO,ES,Towers with Radar,0,61,128,0,189,0,29,241,0,270,0,90,369,0,459,45,0,45,504
05/28/2022,FXE,FL,ASO,ES,Towers with Radar,0,39,85,0,124,0,16,190,1,207,0,55,275,1,331,45,0,45,376
05/29/2022,FXE,FL,ASO,ES,Towers with Radar,0,46,66,0,112,0,8,119,1,128,0,54,185,1,240,28,0,28,268
05/30/2022,FXE,FL,ASO,ES,Towers with Radar,0,58,92,2,152,0,15,184,0,199,0,73,276,2,351,62,0,62,413
05/31/2022,FXE,FL,ASO,ES,Towers with Radar,0,41,134,0,175,0,11,225,1,237,0,52,359,1,412,116,0,116,528
06/01/2022,FXE,FL,ASO,ES,Towers with Radar,0,48,93,0,141,0,14,179,0,193,0,62,272,0,334,117,0,117,451
06/02/2022,FXE,FL,ASO,ES,Towers with Radar,0,50,112,0,162,0,13,153,0,166,0,63,265,0,328,43,0,43,371
06/03/2022,FXE,FL,ASO,ES,Towers with Radar,0,47,78,0,125,0,1,23,0,24,0,48,101,0,149,18,0,18,167
06/04/2022,FXE,FL,ASO,ES,Towers with Radar,0,22,20,0,42,0,1,14,0,15,0,23,34,0,57,13,0,13,70
06/05/2022,FXE,FL,ASO,ES,Towers with Radar,0,55,82,0,137,0,9,214,0,223,0,64,296,0,360,131,0,131,491
06/06/2022,FXE,FL,ASO,ES,Towers with Radar,0,50,99,0,149,0,11,175,0,186,0,61,274,0,335,115,0,115,450
06/07/2022,FXE,FL,ASO,ES,Towers with Radar,0,34,99,0,133,0,15,147,3,165,0,49,246,3,298,262,0,262,560
06/08/2022,FXE,FL,ASO,ES,Towers with Radar,0,55,69,0,124,0,14,215,1,230,0,69,284,1,354,134,0,134,488
06/09/2022,FXE,FL,ASO,ES,Towers with Radar,0,65,114,1,180,0,10,137,0,147,0,75,251,1,327,132,0,132,459
06/10/2022,FXE,FL,ASO,ES,Towers with Radar,0,53,92,1,146,0,11,149,0,160,0,64,241,1,306,119,0,119,425
06/11/2022,FXE,FL,ASO,ES,Towers with Radar,0,54,78,0,132,0,12,140,0,152,0,66,218,0,284,128,0,128,412
06/12/2022,FXE,FL,ASO,ES,Towers with Radar,0,45,69,1,115,0,7,205,0,212,0,52,274,1,327,108,0,108,435
06/13/2022,FXE,FL,ASO,ES,Towers with Radar,0,51,102,0,153,0,13,204,0,217,0,64,306,0,370,145,0,145,515
06/14/2022,FXE,FL,ASO,ES,Towers with Radar,0,37,105,2,144,0,15,234,0,249,0,52,339,2,393,159,0,159,552
06/15/2022,FXE,FL,ASO,ES,Towers with Radar,0,55,101,0,156,0,12,220,0,232,0,67,321,0,388,199,0,199,587
06/16/2022,FXE,FL,ASO,ES,Towers with Radar,0,58,92,0,150,0,12,238,0,250,0,70,330,0,400,104,0,104,504
06/17/2022,FXE,FL,ASO,ES,Towers with Radar,0,47,107,3,157,0,24,231,0,255,0,71,338,3,412,115,0,115,527
06/18/2022,FXE,FL,ASO,ES,Towers with Radar,0,42,90,0,132,0,12,206,0,218,0,54,296,0,350,187,0,187,537
06/19/2022,FXE,FL,ASO,ES,Towers with Radar,0,47,102,0,149,0,9,176,0,185,0,56,278,0,334,122,0,122,456
06/20/2022,FXE,FL,ASO,ES,Towers with Radar,0,49,94,0,143,0,22,150,0,172,0,71,244,0,315,71,0,71,386
06/21/2022,FXE,FL,ASO,ES,Towers with Radar,0,48,91,1,140,0,20,216,0,236,0,68,307,1,376,122,0,122,498
06/22/2022,FXE,FL,ASO,ES,Towers with Radar,0,44,108,2,154,0,14,197,0,211,0,58,305,2,365,139,0,139,504
06/23/2022,FXE,FL,ASO,ES,Towers with Radar,0,57,131,2,190,0,15,230,0,245,0,72,361,2,435,136,0,136,571
06/24/2022,FXE,FL,ASO,ES,Towers with Radar,1,50,98,0,149,0,21,232,0,253,1,71,330,0,402,132,0,132,534
06/25/2022,FXE,FL,ASO,ES,Towers with Radar,0,54,88,0,142,0,11,145,1,157,0,65,233,1,299,107,0,107,406
06/26/2022,FXE,FL,ASO,ES,Towers with Radar,1,47,91,0,139,0,12,193,0,205,1,59,284,0,344,125,0,125,469
06/27/2022,FXE,FL,ASO,ES,Towers with Radar,0,46,116,0,162,0,15,221,0,236,0,61,337,0,398,149,0,149,547
06/28/2022,FXE,FL,ASO,ES,Towers with Radar,0,49,132,0,181,0,19,241,0,260,0,68,373,0,441,99,0,99,540
06/29/2022,FXE,FL,ASO,ES,Towers with Radar,0,43,87,0,130,0,15,191,0,206,0,58,278,0,336,148,0,148,484
06/30/2022,FXE,FL,ASO,ES,Towers with Radar,0,51,108,0,159,0,20,129,0,149,0,71,237,0,308,206,0,206,514
07/01/2022,FXE,FL,ASO,ES,Towers with Radar,0,58,139,0,197,0,22,227,0,249,0,80,366,0,446,92,0,92,538
07/02/2022,FXE,FL,ASO,ES,Towers with Radar,0,37,80,0,117,0,16,192,0,208,0,53,272,0,325,143,0,143,468
07/03/2022,FXE,FL,ASO,ES,Towers with Radar,0,35,74,0,109,0,11,160,0,171,0,46,234,0,280,129,0,129,409
07/04/2022,FXE,FL,ASO,ES,Towers with Radar,0,22,48,0,70,0,6,141,0,147,0,28,189,0,217,154,0,154,371
07/05/2022,FXE,FL,ASO,ES,Towers with Radar,0,44,120,0,164,0,14,237,0,251,0,58,357,0,415,118,0,118,533
07/06/2022,FXE,FL,ASO,ES,Towers with Radar,0,46,102,0,148,0,18,193,0,211,0,64,295,0,359,176,0,176,535
07/07/2022,FXE,FL,ASO,ES,Towers with Radar,0,43,113,2,158,0,19,198,0,217,0,62,311,2,375,98,0,98,473
07/08/2022,FXE,FL,ASO,ES,Towers with Radar,0,45,123,0,168,0,18,221,0,239,0,63,344,0,407,144,0,144,551
07/09/2022,FXE,FL,ASO,ES,Towers with Radar,0,50,85,2,137,0,10,212,0,222,0,60,297,2,359,64,0,64,423
07/10/2022,FXE,FL,ASO,ES,Towers with Radar,0,39,93,0,132,0,11,152,0,163,0,50,245,0,295,119,0,119,414
07/11/2022,FXE,FL,ASO,ES,Towers with Radar,0,53,77,0,130,0,8,163,0,171,0,61,240,0,301,156,0,156,457
07/12/2022,FXE,FL,ASO,ES,Towers with Radar,0,44,96,0,140,0,14,215,0,229,0,58,311,0,369,173,0,173,542
07/13/2022,FXE,FL,ASO,ES,Towers with Radar,0,54,77,2,133,0,18,179,0,197,0,72,256,2,330,205,0,205,535
07/14/2022,FXE,FL,ASO,ES,Towers with Radar,0,56,137,0,193,0,20,201,0,221,0,76,338,0,414,136,0,136,550
07/15/2022,FXE,FL,ASO,ES,Towers with Radar,0,54,90,0,144,0,21,210,0,231,0,75,300,0,375,173,0,173,548
07/16/2022,FXE,FL,ASO,ES,Towers with Radar,0,53,67,0,120,0,13,196,1,210,0,66,263,1,330,195,0,195,525
07/17/2022,FXE,FL,ASO,ES,Towers with Radar,0,53,93,0,146,0,6,135,0,141,0,59,228,0,287,126,0,126,413
07/18/2022,FXE,FL,ASO,ES,Towers with Radar,0,38,63,1,102,0,19,194,0,213,0,57,257,1,315,139,0,139,454
07/19/2022,FXE,FL,ASO,ES,Towers with Radar,0,27,113,0,140,0,10,204,0,214,0,37,317,0,354,185,0,185,539
07/20/2022,FXE,FL,ASO,ES,Towers with Radar,0,46,115,0,161,0,19,240,0,259,0,65,355,0,420,161,0,161,581
07/21/2022,FXE,FL,ASO,ES,Towers with Radar,0,52,97,3,152,0,22,205,1,228,0,74,302,4,380,173,0,173,553
07/22/2022,FXE,FL,ASO,ES,Towers with Radar,0,52,115,0,167,0,20,178,1,199,0,72,293,1,366,116,0,116,482
07/23/2022,FXE,FL,ASO,ES,Towers with Radar,0,32,64,0,96,0,18,212,1,231,0,50,276,1,327,139,0,139,466
07/24/2022,FXE,FL,ASO,ES,Towers with Radar,0,46,81,0,127,0,9,177,0,186,0,55,258,0,313,91,0,91,404
07/25/2022,FXE,FL,ASO,ES,Towers with Radar,0,43,108,0,151,0,13,200,0,213,0,56,308,0,364,87,0,87,451
07/26/2022,FXE,FL,ASO,ES,Towers with Radar,0,45,68,0,113,0,14,79,4,97,0,59,147,4,210,6,0,6,216
07/27/2022,FXE,FL,ASO,ES,Towers with Radar,0,53,99,3,155,0,22,229,0,251,0,75,328,3,406,60,0,60,466
07/28/2022,FXE,FL,ASO,ES,Towers with Radar,0,51,111,0,162,0,19,218,1,238,0,70,329,1,400,25,0,25,425
07/29/2022,FXE,FL,ASO,ES,Towers with Radar,0,51,96,0,147,0,21,184,2,207,0,72,280,2,354,7,0,7,361
07/30/2022,FXE,FL,ASO,ES,Towers with Radar,0,40,84,0,124,0,15,187,0,202,0,55,271,0,326,61,0,61,387
07/31/2022,FXE,FL,ASO,ES,Towers with Radar,0,42,104,0,146,0,7,202,0,209,0,49,306,0,355,83,0,83,438
08/01/2022,FXE,FL,ASO,ES,Towers with Radar,0,51,86,0,137,0,10,221,0,231,0,61,307,0,368,155,0,155,523
08/02/2022,FXE,FL,ASO,ES,Towers with Radar,0,35,89,3,127,0,12,209,3,224,0,47,298,6,351,84,0,84,435
08/03/2022,FXE,FL,ASO,ES,Towers with Radar,0,43,98,0,141,0,17,258,0,275,0,60,356,0,416,16,0,16,432
08/04/2022,FXE,FL,ASO,ES,Towers with Radar,0,42,91,0,133,0,20,229,0,249,0,62,320,0,382,81,0,81,463
08/05/2022,FXE,FL,ASO,ES,Towers with Radar,0,51,101,0,152,0,19,215,0,234,0,70,316,0,386,106,0,106,492
08/06/2022,FXE,FL,ASO,ES,Towers with Radar,0,41,71,0,112,0,9,186,0,195,0,50,257,0,307,84,0,84,391
08/07/2022,FXE,FL,ASO,ES,Towers with Radar,0,46,97,0,143,0,3,138,0,141,0,49,235,0,284,93,0,93,377
08/08/2022,FXE,FL,ASO,ES,Towers with Radar,0,48,99,0,147,0,17,209,0,226,0,65,308,0,373,139,0,139,512
08/09/2022,FXE,FL,ASO,ES,Towers with Radar,0,42,96,0,138,0,8,210,0,218,0,50,306,0,356,123,0,123,479
08/10/2022,FXE,FL,ASO,ES,Towers with Radar,0,38,99,0,137,0,17,216,2,235,0,55,315,2,372,137,0,137,509
08/11/2022,FXE,FL,ASO,ES,Towers with Radar,0,56,98,0,154,0,19,209,0,228,0,75,307,0,382,153,0,153,535
08/12/2022,FXE,FL,ASO,ES,Towers with Radar,0,38,93,0,131,0,17,190,0,207,0,55,283,0,338,186,0,186,524
08/13/2022,FXE,FL,ASO,ES,Towers with Radar,0,37,54,0,91,0,8,164,0,172,0,45,218,0,263,113,0,113,376
08/14/2022,FXE,FL,ASO,ES,Towers with Radar,0,39,80,0,119,0,6,132,0,138,0,45,212,0,257,107,0,107,364
08/15/2022,FXE,FL,ASO,ES,Towers with Radar,0,47,87,0,134,0,17,200,0,217,0,64,287,0,351,96,0,96,447
08/16/2022,FXE,FL,ASO,ES,Towers with Radar,0,39,87,1,127,0,14,170,0,184,0,53,257,1,311,191,0,191,502
08/17/2022,FXE,FL,ASO,ES,Towers with Radar,0,45,92,1,138,0,17,219,0,236,0,62,311,1,374,199,0,199,573
08/18/2022,FXE,FL,ASO,ES,Towers with Radar,0,50,105,3,158,0,20,211,0,231,0,70,316,3,389,164,0,164,553
08/19/2022,FXE,FL,ASO,ES,Towers with Radar,0,38,109,0,147,0,14,249,0,263,0,52,358,0,410,139,0,139,549
08/20/2022,FXE,FL,ASO,ES,Towers with Radar,0,27,85,0,112,0,6,238,0,244,0,33,323,0,356,181,0,181,537
08/21/2022,FXE,FL,ASO,ES,Towers with Radar,0,47,97,0,144,0,5,184,0,189,0,52,281,0,333,137,0,137,470
08/22/2022,FXE,FL,ASO,ES,Towers with Radar,0,25,93,0,118,0,16,200,0,216,0,41,293,0,334,200,0,200,534
08/23/2022,FXE,FL,ASO,ES,Towers with Radar,0,35,83,0,118,0,9,213,0,222,0,44,296,0,340,157,0,157,497
08/24/2022,FXE,FL,ASO,ES,Towers with Radar,0,36,89,0,125,0,13,269,0,282,0,49,358,0,407,112,0,112,519
08/25/2022,FXE,FL,ASO,ES,Towers with Radar,4,39,107,0,150,0,20,187,0,207,4,59,294,0,357,160,0,160,517
08/26/2022,FXE,FL,ASO,ES,Towers with Radar,0,53,96,0,149,0,15,169,0,184,0,68,265,0,333,196,0,196,529
08/27/2022,FXE,FL,ASO,ES,Towers with Radar,0,31,69,0,100,0,9,184,0,193,0,40,253,0,293,133,0,133,426
08/28/2022,FXE,FL,ASO,ES,Towers with Radar,0,29,85,0,114,0,5,158,0,163,0,34,243,0,277,111,0,111,388
08/29/2022,FXE,FL,ASO,ES,Towers with Radar,0,29,98,0,127,0,15,153,0,168,0,44,251,0,295,141,0,141,436
08/30/2022,FXE,FL,ASO,ES,Towers with Radar,0,32,97,0,129,0,17,200,0,217,0,49,297,0,346,180,0,180,526
08/31/2022,FXE,FL,ASO,ES,Towers with Radar,0,35,88,0,123,0,17,166,0,183,0,52,254,0,306,153,0,153,459
09/01/2022,FXE,FL,ASO,ES,Towers with Radar,0,38,104,0,142,0,21,185,0,206,0,59,289,0,348,198,0,198,546
09/02/2022,FXE,FL,ASO,ES,Towers with Radar,0,55,124,0,179,0,26,216,0,242,0,81,340,0,421,119,0,119,540
09/03/2022,FXE,FL,ASO,ES,Towers with Radar,0,26,69,0,95,0,7,172,0,179,0,33,241,0,274,117,0,117,391
09/04/2022,FXE,FL,ASO,ES,Towers with Radar,0,27,55,0,82,0,6,149,0,155,0,33,204,0,237,141,0,141,378
09/05/2022,FXE,FL,ASO,ES,Towers with Radar,0,48,109,0,157,0,21,180,0,201,0,69,289,0,358,176,0,176,534
09/06/2022,FXE,FL,ASO,ES,Towers with Radar,0,25,97,0,122,0,9,194,0,203,0,34,291,0,325,190,0,190,515
09/07/2022,FXE,FL,ASO,ES,Towers with Radar,0,38,92,1,131,0,13,271,0,284,0,51,363,1,415,182,0,182,597
09/08/2022,FXE,FL,ASO,ES,Towers with Radar,0,57,78,0,135,0,20,174,0,194,0,77,252,0,329,156,0,156,485
09/09/2022,FXE,FL,ASO,ES,Towers with Radar,0,43,91,0,134,0,12,118,0,130,0,55,209,0,264,90,0,90,354
09/10/2022,FXE,FL,ASO,ES,Towers with Radar,0,30,69,0,99,0,5,193,0,198,0,35,262,0,297,142,0,142,439
09/11/2022,FXE,FL,ASO,ES,Towers with Radar,0,35,78,0,113,0,7,145,0,152,0,42,223,0,265,105,0,105,370
09/12/2022,FXE,FL,ASO,ES,Towers with Radar,0,36,114,0,150,0,16,200,1,217,0,52,314,1,367,117,0,117,484
09/13/2022,FXE,FL,ASO,ES,Towers with Radar,0,48,101,2,151,0,11,196,0,207,0,59,297,2,358,82,0,82,440
09/14/2022,FXE,FL,ASO,ES,Towers with Radar,0,40,95,0,135,0,14,149,1,164,0,54,244,1,299,209,0,209,508
09/15/2022,FXE,FL,ASO,ES,Towers with Radar,0,44,95,0,139,0,14,147,0,161,0,58,242,0,300,125,0,125,425
09/16/2022,FXE,FL,ASO,ES,Towers with Radar,0,51,97,0,148,0,12,188,0,200,0,63,285,0,348,186,0,186,534
09/17/2022,FXE,FL,ASO,ES,Towers with Radar,0,36,53,0,89,0,6,146,0,152,0,42,199,0,241,182,0,182,423
09/18/2022,FXE,FL,ASO,ES,Towers with Radar,0,48,95,0,143,0,3,97,0,100,0,51,192,0,243,96,0,96,339
09/19/2022,FXE,FL,ASO,ES,Towers with Radar,0,35,102,0,137,0,14,198,0,212,0,49,300,0,349,145,0,145,494
09/20/2022,FXE,FL,ASO,ES,Towers with Radar,0,30,94,0,124,0,16,226,1,243,0,46,320,1,367,208,0,208,575
09/21/2022,FXE,FL,ASO,ES,Towers with Radar,0,32,91,0,123,0,21,198,0,219,0,53,289,0,342,222,0,222,564
09/22/2022,FXE,FL,ASO,ES,Towers with Radar,0,58,77,0,135,0,11,169,0,180,0,69,246,0,315,97,0,97,412
09/23/2022,FXE,FL,ASO,ES,Towers with Radar,0,44,94,0,138,0,24,310,0,334,0,68,404,0,472,75,0,75,547
09/24/2022,FXE,FL,ASO,ES,Towers with Radar,0,35,64,0,99,0,6,137,0,143,0,41,201,0,242,73,0,73,315
09/25/2022,FXE,FL,ASO,ES,Towers with Radar,0,37,85,0,122,0,7,152,0,159,0,44,237,0,281,124,0,124,405
09/26/2022,FXE,FL,ASO,ES,Towers with Radar,0,48,83,1,132,0,15,123,2,140,0,63,206,3,272,94,0,94,366
09/27/2022,FXE,FL,ASO,ES,Towers with Radar,0,35,39,0,74,0,1,11,0,12,0,36,50,0,86,6,0,6,92
09/28/2022,FXE,FL,ASO,ES,Towers with Radar,0,5,7,0,12,0,2,5,0,7,0,7,12,0,19,0,0,0,19
09/29/2022,FXE,FL,ASO,ES,Towers with Radar,0,32,45,0,77,0,9,96,0,105,0,41,141,0,182,38,0,38,220
09/30/2022,FXE,FL,ASO,ES,Towers with Radar,0,42,94,0,136,0,16,179,0,195,0,58,273,0,331,180,0,180,511
10/01/2022,FXE,FL,ASO,ES,Towers with Radar,0,32,78,0,110,0,11,161,0,172,0,43,239,0,282,114,0,114,396
10/02/2022,FXE,FL,ASO,ES,Towers with Radar,0,39,74,0,113,0,6,165,0,171,0,45,239,0,284,145,0,145,429
10/03/2022,FXE,FL,ASO,ES,Towers with Radar,0,45,72,1,118,0,19,189,2,210,0,64,261,3,328,179,0,179,507
10/04/2022,FXE,FL,ASO,ES,Towers with Radar,0,38,115,0,153,0,16,176,0,192,0,54,291,0,345,184,0,184,529
10/05/2022,FXE,FL,ASO,ES,Towers with Radar,0,42,85,0,127,0,18,199,2,219,0,60,284,2,346,201,0,201,547
10/06/2022,FXE,FL,ASO,ES,Towers with Radar,0,58,106,0,164,0,18,244,2,264,0,76,350,2,428,146,0,146,574
10/07/2022,FXE,FL,ASO,ES,Towers with Radar,0,53,115,1,169,0,16,213,3,232,0,69,328,4,401,175,0,175,576
10/08/2022,FXE,FL,ASO,ES,Towers with Radar,0,39,78,0,117,0,11,172,2,185,0,50,250,2,302,66,0,66,368
10/09/2022,FXE,FL,ASO,ES,Towers with Radar,0,41,87,0,128,0,8,79,0,87,0,49,166,0,215,128,0,128,343
10/10/2022,FXE,FL,ASO,ES,Towers with Radar,0,44,105,0,149,0,12,275,2,289,0,56,380,2,438,279,0,279,717
10/11/2022,FXE,FL,ASO,ES,Towers with Radar,0,40,90,0,130,0,15,262,1,278,0,55,352,1,408,242,0,242,650
10/12/2022,FXE,FL,ASO,ES,Towers with Radar,0,38,101,0,139,0,22,232,0,254,0,60,333,0,393,265,0,265,658
10/13/2022,FXE,FL,ASO,ES,Towers with Radar,0,53,75,0,128,0,15,116,0,131,0,68,191,0,259,125,0,125,384
10/14/2022,FXE,FL,ASO,ES,Towers with Radar,0,40,105,0,145,0,18,235,1,254,0,58,340,1,399,171,0,171,570
10/15/2022,FXE,FL,ASO,ES,Towers with Radar,0,53,79,0,132,0,12,166,0,178,0,65,245,0,310,159,0,159,469
10/16/2022,FXE,FL,ASO,ES,Towers with Radar,0,54,109,0,163,0,7,229,0,236,0,61,338,0,399,156,0,156,555
10/17/2022,FXE,FL,ASO,ES,Towers with Radar,0,34,101,0,135,0,17,181,0,198,0,51,282,0,333,192,0,192,525
10/18/2022,FXE,FL,ASO,ES,Towers with Radar,0,34,76,0,110,0,11,231,0,242,0,45,307,0,352,124,0,124,476
10/19/2022,FXE,FL,ASO,ES,Towers with Radar,0,47,106,0,153,0,14,97,0,111,0,61,203,0,264,95,0,95,359
10/20/2022,FXE,FL,ASO,ES,Towers with Radar,0,52,123,0,175,0,19,192,0,211,0,71,315,0,386,138,0,138,524
10/21/2022,FXE,FL,ASO,ES,Towers with Radar,0,55,94,0,149,0,15,227,0,242,0,70,321,0,391,114,0,114,505
10/22/2022,FXE,FL,ASO,ES,Towers with Radar,0,49,92,0,141,0,8,189,0,197,0,57,281,0,338,135,0,135,473
10/23/2022,FXE,FL,ASO,ES,Towers with Radar,0,50,105,0,155,0,12,236,0,248,0,62,341,0,403,188,0,188,591
10/24/2022,FXE,FL,ASO,ES,Towers with Radar,0,33,109,0,142,0,19,208,0,227,0,52,317,0,369,205,0,205,574
10/25/2022,FXE,FL,ASO,ES,Towers with Radar,0,47,100,0,147,0,15,249,0,264,0,62,349,0,411,210,0,210,621
10/26/2022,FXE,FL,ASO,ES,Towers with Radar,0,54,134,0,188,0,20,228,0,248,0,74,362,0,436,198,0,198,634
10/27/2022,FXE,FL,ASO,ES,Towers with Radar,0,44,172,0,216,0,17,242,2,261,0,61,414,2,477,126,0,126,603
10/28/2022,FXE,FL,ASO,ES,Towers with Radar,0,44,147,0,191,0,18,242,0,260,0,62,389,0,451,52,0,52,503
10/29/2022,FXE,FL,ASO,ES,Towers with Radar,0,36,98,0,134,0,9,238,0,247,0,45,336,0,381,167,0,167,548
10/30/2022,FXE,FL,ASO,ES,Towers with Radar,0,53,116,0,169,0,4,195,0,199,0,57,311,0,368,150,0,150,518
10/31/2022,FXE,FL,ASO,ES,Towers with Radar,0,31,114,0,145,0,20,221,0,241,0,51,335,0,386,176,0,176,562
11/01/2022,FXE,FL,ASO,ES,Towers with Radar,1,51,105,0,157,0,15,146,0,161,1,66,251,0,318,73,0,73,391
11/02/2022,FXE,FL,ASO,ES,Towers with Radar,0,36,95,0,131,0,24,193,2,219,0,60,288,2,350,221,0,221,571
11/03/2022,FXE,FL,ASO,ES,Towers with Radar,0,64,129,0,193,0,16,207,0,223,0,80,336,0,416,116,0,116,532
11/04/2022,FXE,FL,ASO,ES,Towers with Radar,0,44,108,0,152,0,25,271,1,297,0,69,379,1,449,220,0,220,669
11/05/2022,FXE,FL,ASO,ES,Towers with Radar,2,39,72,0,113,0,7,199,3,209,2,46,271,3,322,167,0,167,489
11/06/2022,FXE,FL,ASO,ES,Towers with Radar,0,53,101,1,155,0,9,155,0,164,0,62,256,1,319,163,0,163,482
11/07/2022,FXE,FL,ASO,ES,Towers with Radar,0,44,88,0,132,0,13,184,1,198,0,57,272,1,330,87,0,87,417
11/08/2022,FXE,FL,ASO,ES,Towers with Radar,1,50,118,0,169,0,12,112,0,124,1,62,230,0,293,68,0,68,361
11/09/2022,FXE,FL,ASO,ES,Towers with Radar,0,26,33,0,59,0,0,4,0,4,0,26,37,0,63,0,0,0,63
11/10/2022,FXE,FL,ASO,ES,Towers with Radar,0,37,52,0,89,0,11,65,1,77,0,48,117,1,166,74,0,74,240
11/11/2022,FXE,FL,ASO,ES,Towers with Radar,0,59,100,0,159,0,20,212,3,235,0,79,312,3,394,180,0,180,574
11/12/2022,FXE,FL,ASO,ES,Towers with Radar,0,52,96,0,148,0,10,215,0,225,0,62,311,0,373,158,0,158,531
11/13/2022,FXE,FL,ASO,ES,Towers with Radar,0,49,116,0,165,0,9,212,0,221,0,58,328,0,386,258,0,258,644
11/14/2022,FXE,FL,ASO,ES,Towers with Radar,0,49,96,0,145,0,19,236,3,258,0,68,332,3,403,284,0,284,687
11/15/2022,FXE,FL,ASO,ES,Towers with Radar,0,45,128,1,174,0,19,255,2,276,0,64,383,3,450,230,0,230,680
11/16/2022,FXE,FL,ASO,ES,Towers with Radar,0,63,136,0,199,0,24,252,1,277,0,87,388,1,476,198,0,198,674
11/17/2022,FXE,FL,ASO,ES,Towers with Radar,0,69,131,0,200,0,14,153,2,169,0,83,284,2,369,83,0,83,452
11/18/2022,FXE,FL,ASO,ES,Towers with Radar,0,69,124,0,193,0,20,261,0,281,0,89,385,0,474,247,0,247,721
11/19/2022,FXE,FL,ASO,ES,Towers with Radar,0,58,121,0,179,0,14,252,1,267,0,72,373,1,446,152,0,152,598
11/20/2022,FXE,FL,ASO,ES,Towers with Radar,0,63,112,0,175,0,0,16,0,16,0,63,128,0,191,3,0,3,194
11/21/2022,FXE,FL,ASO,ES,Towers with Radar,0,55,110,0,165,0,18,109,1,128,0,73,219,1,293,93,0,93,386
11/22/2022,FXE,FL,ASO,ES,Towers with Radar,0,77,109,2,188,0,16,178,0,194,0,93,287,2,382,222,0,222,604
11/23/2022,FXE,FL,ASO,ES,Towers with Radar,0,65,119,0,184,0,29,156,2,187,0,94,275,2,371,26,0,26,397
11/24/2022,FXE,FL,ASO,ES,Towers with Radar,0,27,48,0,75,0,2,95,0,97,0,29,143,0,172,3,0,3,175
11/25/2022,FXE,FL,ASO,ES,Towers with Radar,0,52,96,0,148,0,19,188,0,207,0,71,284,0,355,105,0,105,460
11/26/2022,FXE,FL,ASO,ES,Towers with Radar,0,62,106,0,168,0,14,188,0,202,0,76,294,0,370,120,0,120,490
11/27/2022,FXE,FL,ASO,ES,Towers with Radar,1,71,125,0,197,0,13,201,0,214,1,84,326,0,411,153,0,153,564
11/28/2022,FXE,FL,ASO,ES,Towers with Radar,0,64,110,0,174,0,24,181,3,208,0,88,291,3,382,190,0,190,572
11/29/2022,FXE,FL,ASO,ES,Towers with Radar,0,58,111,0,169,0,15,190,5,210,0,73,301,5,379,152,0,152,531
11/30/2022,FXE,FL,ASO,ES,Towers with Radar,0,52,108,0,160,0,16,189,2,207,0,68,297,2,367,222,0,222,589
12/01/2022,FXE,FL,ASO,ES,Towers with Radar,0,54,136,0,190,0,15,177,1,193,0,69,313,1,383,58,0,58,441
12/02/2022,FXE,FL,ASO,ES,Towers with Radar,0,55,110,0,165,0,16,222,1,239,0,71,332,1,404,160,0,160,564
12/03/2022,FXE,FL,ASO,ES,Towers with Radar,0,43,103,0,146,0,12,187,1,200,0,55,290,1,346,200,0,200,546
12/04/2022,FXE,FL,ASO,ES,Towers with Radar,0,56,103,0,159,0,6,195,0,201,0,62,298,0,360,159,0,159,519
12/05/2022,FXE,FL,ASO,ES,Towers with Radar,0,50,125,1,176,0,21,204,2,227,0,71,329,3,403,152,0,152,555
12/06/2022,FXE,FL,ASO,ES,Towers with Radar,0,60,109,0,169,0,14,233,0,247,0,74,342,0,416,126,0,126,542
12/07/2022,FXE,FL,ASO,ES,Towers with Radar,0,45,117,0,162,0,24,206,1,231,0,69,323,1,393,94,0,94,487
12/08/2022,FXE,FL,ASO,ES,Towers with Radar,0,41,160,2,203,0,20,221,0,241,0,61,381,2,444,114,0,114,558
12/09/2022,FXE,FL,ASO,ES,Towers with Radar,0,54,93,1,148,0,21,181,3,205,0,75,274,4,353,129,0,129,482
12/10/2022,FXE,FL,ASO,ES,Towers with Radar,0,52,105,0,157,0,9,186,0,195,0,61,291,0,352,140,0,140,492
12/11/2022,FXE,FL,ASO,ES,Towers with Radar,0,43,113,0,156,0,7,172,0,179,0,50,285,0,335,133,0,133,468
12/12/2022,FXE,FL,ASO,ES,Towers with Radar,0,40,126,0,166,0,25,187,4,216,0,65,313,4,382,144,0,144,526
12/13/2022,FXE,FL,ASO,ES,Towers with Radar,0,36,106,0,142,0,17,169,0,186,0,53,275,0,328,139,0,139,467
12/14/2022,FXE,FL,ASO,ES,Towers with Radar,0,51,123,2,176,0,28,176,1,205,0,79,299,3,381,176,0,176,557
12/15/2022,FXE,FL,ASO,ES,Towers with Radar,0,49,129,0,178,0,25,209,0,234,0,74,338,0,412,200,0,200,612
12/16/2022,FXE,FL,ASO,ES,Towers with Radar,0,63,166,0,229,0,12,130,1,143,0,75,296,1,372,54,0,54,426
12/17/2022,FXE,FL,ASO,ES,Towers with Radar,0,46,127,0,173,0,8,115,0,123,0,54,242,0,296,100,0,100,396
12/18/2022,FXE,FL,ASO,ES,Towers with Radar,0,46,108,0,154,0,9,191,1,201,0,55,299,1,355,69,0,69,424
12/19/2022,FXE,FL,ASO,ES,Towers with Radar,4,39,116,0,159,0,24,195,0,219,4,63,311,0,378,9,0,9,387
12/20/2022,FXE,FL,ASO,ES,Towers with Radar,0,47,108,0,155,0,27,165,1,193,0,74,273,1,348,53,0,53,401
12/21/2022,FXE,FL,ASO,ES,Towers with Radar,0,55,128,0,183,0,25,176,0,201,0,80,304,0,384,94,0,94,478
12/22/2022,FXE,FL,ASO,ES,Towers with Radar,0,74,122,0,196,0,29,219,0,248,0,103,341,0,444,121,0,121,565
12/23/2022,FXE,FL,ASO,ES,Towers with Radar,0,73,93,0,166,0,13,169,2,184,0,86,262,2,350,2,0,2,352
12/24/2022,FXE,FL,ASO,ES,Towers with Radar,0,44,56,0,100,0,10,105,0,115,0,54,161,0,215,79,0,79,294
12/25/2022,FXE,FL,ASO,ES,Towers with Radar,4,18,59,0,81,0,0,34,0,34,4,18,93,0,115,2,0,2,117
12/26/2022,FXE,FL,ASO,ES,Towers with Radar,0,80,156,0,236,0,17,102,0,119,0,97,258,0,355,30,0,30,385
12/27/2022,FXE,FL,ASO,ES,Towers with Radar,0,101,160,0,261,0,12,88,0,100,0,113,248,0,361,57,0,57,418
12/28/2022,FXE,FL,ASO,ES,Towers with Radar,0,87,117,0,204,0,26,218,1,245,0,113,335,1,449,33,0,33,482
12/29/2022,FXE,FL,ASO,ES,Towers with Radar,0,79,125,0,204,0,19,211,2,232,0,98,336,2,436,75,0,75,511
12/30/2022,FXE,FL,ASO,ES,Towers with Radar,0,68,123,0,191,0,15,214,1,230,0,83,337,1,421,190,0,190,611
12/31/2022,FXE,FL,ASO,ES,Towers with Radar,0,42,91,0,133,0,21,176,0,197,0,63,267,0,330,59,0,59,389
01/01/2023,FXE,FL,ASO,ES,Towers with Radar,0,53,82,0,135,0,10,108,0,118,0,63,190,0,253,41,0,41,294
01/02/2023,FXE,FL,ASO,ES,Towers with Radar,0,68,185,0,253,0,15,227,2,244,0,83,412,2,497,63,0,63,560
01/03/2023,FXE,FL,ASO,ES,Towers with Radar,0,84,156,0,240,0,10,198,2,210,0,94,354,2,450,126,0,126,576
01/04/2023,FXE,FL,ASO,ES,Towers with Radar,0,70,95,0,165,0,20,194,0,214,0,90,289,0,379,86,0,86,465
01/05/2023,FXE,FL,ASO,ES,Towers with Radar,0,75,107,2,184,0,26,200,2,228,0,101,307,4,412,164,0,164,576
01/06/2023,FXE,FL,ASO,ES,Towers with Radar,0,49,115,0,164,0,23,234,0,257,0,72,349,0,421,88,0,88,509
01/07/2023,FXE,FL,ASO,ES,Towers with Radar,0,66,108,0,174,0,11,229,0,240,0,77,337,0,414,44,0,44,458
01/08/2023,FXE,FL,ASO,ES,Towers with Radar,0,63,140,0,203,0,9,183,0,192,0,72,323,0,395,10,0,10,405
01/09/2023,FXE,FL,ASO,ES,Towers with Radar,0,36,87,0,123,0,20,198,2,220,0,56,285,2,343,108,0,108,451
01/10/2023,FXE,FL,ASO,ES,Towers with Radar,0,41,100,0,141,0,18,244,0,262,0,59,344,0,403,197,0,197,600
01/11/2023,FXE,FL,ASO,ES,Towers with Radar,0,46,96,0,142,0,21,203,2,226,0,67,299,2,368,165,0,165,533
01/12/2023,FXE,FL,ASO,ES,Towers with Radar,1,66,147,0,214,0,23,235,1,259,1,89,382,1,473,211,0,211,684
01/13/2023,FXE,FL,ASO,ES,Towers with Radar,0,64,101,0,165,0,21,174,2,197,0,85,275,2,362,99,0,99,461
01/14/2023,FXE,FL,ASO,ES,Towers with Radar,0,45,79,0,124,0,9,154,2,165,0,54,233,2,289,22,0,22,311
01/15/2023,FXE,FL,ASO,ES,Towers with Radar,0,47,104,0,151,0,9,208,2,219,0,56,312,2,370,151,0,151,521
01/16/2023,FXE,FL,ASO,ES,Towers with Radar,0,62,145,0,207,0,26,219,11,256,0,88,364,11,463,156,0,156,619
01/17/2023,FXE,FL,ASO,ES,Towers with Radar,0,43,136,0,179,0,19,228,13,260,0,62,364,13,439,205,0,205,644
01/18/2023,FXE,FL,ASO,ES,Towers with Radar,0,50,122,0,172,0,20,219,11,250,0,70,341,11,422,160,0,160,582
01/19/2023,FXE,FL,ASO,ES,Towers with Radar,0,68,110,0,178,0,19,290,4,313,0,87,400,4,491,149,0,149,640
01/20/2023,FXE,FL,ASO,ES,Towers with Radar,0,72,133,0,205,0,14,219,4,237,0,86,352,4,442,211,0,211,653
01/21/2023,FXE,FL,ASO,ES,Towers with Radar,0,46,101,0,147,0,13,214,1,228,0,59,315,1,375,255,0,255,630
01/22/2023,FXE,FL,ASO,ES,Towers with Radar,0,54,100,0,154,0,7,175,1,183,0,61,275,1,337,120,0,120,457
01/23/2023,FXE,FL,ASO,ES,Towers with Radar,0,37,96,0,133,0,16,170,0,186,0,53,266,0,319,188,0,188,507
01/24/2023,FXE,FL,ASO,ES,Towers with Radar,0,44,112,0,156,0,19,231,0,250,0,63,343,0,406,193,0,193,599
01/25/2023,FXE,FL,ASO,ES,Towers with Radar,0,55,94,1,150,0,15,263,2,280,0,70,357,3,430,259,0,259,689
01/26/2023,FXE,FL,ASO,ES,Towers with Radar,0,51,128,0,179,0,11,188,1,200,0,62,316,1,379,150,0,150,529
01/27/2023,FXE,FL,ASO,ES,Towers with Radar,0,61,109,1,171,0,8,210,1,219,0,69,319,2,390,174,0,174,564
01/28/2023,FXE,FL,ASO,ES,Towers with Radar,0,61,102,0,163,0,7,339,0,346,0,68,441,0,509,20,0,20,529
01/29/2023,FXE,FL,ASO,ES,Towers with Radar,0,43,138,1,182,0,6,177,0,183,0,49,315,1,365,119,0,119,484
01/30/2023,FXE,FL,ASO,ES,Towers with Radar,0,48,127,0,175,0,18,177,0,195,0,66,304,0,370,228,0,228,598
01/31/2023,FXE,FL,ASO,ES,Towers with Radar,0,32,97,2,131,0,18,255,2,275,0,50,352,4,406,276,0,276,682
02/01/2023,FXE,FL,ASO,ES,Towers with Radar,0,43,132,0,175,0,22,213,1,236,0,65,345,1,411,175,0,175,586
02/02/2023,FXE,FL,ASO,ES,Towers with Radar,1,50,117,1,169,0,15,276,1,292,1,65,393,2,461,206,0,206,667
02/03/2023,FXE,FL,ASO,ES,Towers with Radar,0,59,127,0,186,0,17,216,2,235,0,76,343,2,421,224,0,224,645
02/04/2023,FXE,FL,ASO,ES,Towers with Radar,0,51,71,0,122,0,6,39,0,45,0,57,110,0,167,66,0,66,233
02/05/2023,FXE,FL,ASO,ES,Towers with Radar,0,44,101,2,147,0,3,53,0,56,0,47,154,2,203,39,0,39,242
02/06/2023,FXE,FL,ASO,ES,Towers with Radar,0,47,120,0,167,0,20,253,2,275,0,67,373,2,442,200,0,200,642
02/07/2023,FXE,FL,ASO,ES,Towers with Radar,0,34,87,0,121,0,21,247,0,268,0,55,334,0,389,292,0,292,681
02/08/2023,FXE,FL,ASO,ES,Towers with Radar,0,60,113,0,173,0,19,211,1,231,0,79,324,1,404,230,0,230,634
02/09/2023,FXE,FL,ASO,ES,Towers with Radar,0,51,134,0,185,0,12,210,0,222,0,63,344,0,407,277,0,277,684
02/10/2023,FXE,FL,ASO,ES,Towers with Radar,0,74,135,0,209,0,20,224,1,245,0,94,359,1,454,103,0,103,557
02/11/2023,FXE,FL,ASO,ES,Towers with Radar,0,48,92,0,140,0,3,203,0,206,0,51,295,0,346,157,0,157,503
02/12/2023,FXE,FL,ASO,ES,Towers with Radar,0,44,81,0,125,0,8,125,1,134,0,52,206,1,259,96,0,96,355
02/13/2023,FXE,FL,ASO,ES,Towers with Radar,0,57,116,1,174,0,20,243,0,263,0,77,359,1,437,180,0,180,617
02/14/2023,FXE,FL,ASO,ES,Towers with Radar,0,41,94,0,135,0,15,275,0,290,0,56,369,0,425,226,0,226,651
02/15/2023,FXE,FL,ASO,ES,Towers with Radar,0,47,151,2,200,0,26,215,0,241,0,73,366,2,441,238,0,238,679
02/16/2023,FXE,FL,ASO,ES,Towers with Radar,0,70,145,0,215,0,18,252,0,270,0,88,397,0,485,167,0,167,652
02/17/2023,FXE,FL,ASO,ES,Towers with Radar,0,68,176,0,244,0,15,211,1,227,0,83,387,1,471,269,0,269,740
02/18/2023,FXE,FL,ASO,ES,Towers with Radar,0,62,100,0,162,0,4,180,0,184,0,66,280,0,346,109,0,109,455
02/19/2023,FXE,FL,ASO,ES,Towers with Radar,4,43,111,0,158,0,7,208,0,215,4,50,319,0,373,156,0,156,529
02/20/2023,FXE,FL,ASO,ES,Towers with Radar,0,61,141,0,202,0,18,208,1,227,0,79,349,1,429,182,0,182,611
02/21/2023,FXE,FL,ASO,ES,Towers with Radar,0,56,110,0,166,0,14,219,2,235,0,70,329,2,401,208,0,208,609
02/22/2023,FXE,FL,ASO,ES,Towers with Radar,0,67,111,0,178,0,30,232,0,262,0,97,343,0,440,222,0,222,662
02/23/2023,FXE,FL,ASO,ES,Towers with Radar,0,57,122,0,179,0,14,244,0,258,0,71,366,0,437,228,0,228,665
02/24/2023,FXE,FL,ASO,ES,Towers with Radar,2,59,156,0,217,0,17,261,1,279,2,76,417,1,496,138,0,138,634
02/25/2023,FXE,FL,ASO,ES,Towers with Radar,0,52,109,1,162,0,14,204,0,218,0,66,313,1,380,154,0,154,534
02/26/2023,FXE,FL,ASO,ES,Towers with Radar,0,71,135,1,207,0,11,217,0,228,0,82,352,1,435,129,0,129,564
02/27/2023,FXE,FL,ASO,ES,Towers with Radar,0,51,117,1,169,0,20,167,0,187,0,71,284,1,356,171,0,171,527
02/28/2023,FXE,FL,ASO,ES,Towers with Radar,0,46,106,4,156,0,16,170,0,186,0,62,276,4,342,140,0,140,482
03/01/2023,FXE,FL,ASO,ES,Towers with Radar,0,75,112,0,187,0,20,229,1,250,0,95,341,1,437,220,0,220,657
03/02/2023,FXE,FL,ASO,ES,Towers with Radar,0,57,119,0,176,0,30,227,0,257,0,87,346,0,433,166,0,166,599
03/03/2023,FXE,FL,ASO,ES,Towers with Radar,0,56,95,1,152,0,30,182,0,212,0,86,277,1,364,112,0,112,476
03/04/2023,FXE,FL,ASO,ES,Towers with Radar,0,69,114,0,183,0,22,196,0,218,0,91,310,0,401,147,0,147,548
03/05/2023,FXE,FL,ASO,ES,Towers with Radar,0,73,117,0,190,0,13,235,0,248,0,86,352,0,438,134,0,134,572
03/06/2023,FXE,FL,ASO,ES,Towers with Radar,0,62,111,2,175,0,33,255,2,290,0,95,366,4,465,194,0,194,659
03/07/2023,FXE,FL,ASO,ES,Towers with Radar,0,58,110,0,168,0,18,273,0,291,0,76,383,0,459,138,0,138,597
03/08/2023,FXE,FL,ASO,ES,Towers with Radar,0,67,146,0,213,0,18,285,0,303,0,85,431,0,516,150,0,150,666
03/09/2023,FXE,FL,ASO,ES,Towers with Radar,0,64,137,0,201,0,27,260,0,287,0,91,397,0,488,142,0,142,630
03/10/2023,FXE,FL,ASO,ES,Towers with Radar,0,68,108,0,176,0,31,213,0,244,0,99,321,0,420,203,0,203,623
03/11/2023,FXE,FL,ASO,ES,Towers with Radar,0,68,142,0,210,0,21,260,0,281,0,89,402,0,491,135,0,135,626
03/12/2023,FXE,FL,ASO,ES,Towers with Radar,0,72,111,0,183,0,32,206,0,238,0,104,317,0,421,121,0,121,542
03/13/2023,FXE,FL,ASO,ES,Towers with Radar,0,50,102,0,152,0,21,214,0,235,0,71,316,0,387,124,0,124,511
03/14/2023,FXE,FL,ASO,ES,Towers with Radar,0,51,101,0,152,0,20,200,1,221,0,71,301,1,373,243,0,243,616
03/15/2023,FXE,FL,ASO,ES,Towers with Radar,0,62,111,0,173,0,16,186,0,202,0,78,297,0,375,162,0,162,537
03/16/2023,FXE,FL,ASO,ES,Towers with Radar,0,58,125,0,183,0,33,267,1,301,0,91,392,1,484,145,0,145,629
03/17/2023,FXE,FL,ASO,ES,Towers with Radar,0,69,141,0,210,0,33,261,0,294,0,102,402,0,504,125,0,125,629
03/18/2023,FXE,FL,ASO,ES,Towers with Radar,0,82,128,0,210,0,15,207,0,222,0,97,335,0,432,69,0,69,501
03/19/2023,FXE,FL,ASO,ES,Towers with Radar,0,88,108,0,196,0,35,114,1,150,0,123,222,1,346,17,0,17,363
03/20/2023,FXE,FL,ASO,ES,Towers with Radar,0,68,130,0,198,0,16,234,1,251,0,84,364,1,449,153,0,153,602
03/21/2023,FXE,FL,ASO,ES,Towers with Radar,0,44,108,0,152,0,29,250,0,279,0,73,358,0,431,152,0,152,583
03/22/2023,FXE,FL,ASO,ES,Towers with Radar,0,61,133,1,195,0,19,306,1,326,0,80,439,2,521,171,0,171,692
03/23/2023,FXE,FL,ASO,ES,Towers with Radar,0,73,110,0,183,0,27,253,0,280,0,100,363,0,463,170,0,170,633
03/24/2023,FXE,FL,ASO,ES,Towers with Radar,0,70,125,1,196,0,31,231,0,262,0,101,356,1,458,159,0,159,617
03/25/2023,FXE,FL,ASO,ES,Towers with Radar,0,80,112,0,192,0,14,228,0,242,0,94,340,0,434,211,0,211,645
03/26/2023,FXE,FL,ASO,ES,Towers with Radar,0,81,110,0,191,0,15,224,2,241,0,96,334,2,432,114,0,114,546
03/27/2023,FXE,FL,ASO,ES,Towers with Radar,0,52,103,0,155,0,16,200,1,217,0,68,303,1,372,143,0,143,515
03/28/2023,FXE,FL,ASO,ES,Towers with Radar,0,66,105,0,171,0,20,194,0,214,0,86,299,0,385,168,0,168,553
03/29/2023,FXE,FL,ASO,ES,Towers with Radar,0,57,115,0,172,0,19,200,1,220,0,76,315,1,392,137,0,137,529
03/30/2023,FXE,FL,ASO,ES,Towers with Radar,0,59,124,0,183,0,18,239,0,257,0,77,363,0,440,182,0,182,622
03/31/2023,FXE,FL,ASO,ES,Towers with Radar,0,94,140,0,234,0,14,314,1,329,0,108,454,1,563,93,0,93,656
04/01/2023,FXE,FL,ASO,ES,Towers with Radar,0,58,120,0,178,0,17,198,0,215,0,75,318,0,393,38,0,38,431
04/02/2023,FXE,FL,ASO,ES,Towers with Radar,0,60,122,0,182,0,10,202,0,212,0,70,324,0,394,114,0,114,508
04/03/2023,FXE,FL,ASO,ES,Towers with Radar,0,64,121,0,185,0,17,210,0,227,0,81,331,0,412,149,0,149,561
04/04/2023,FXE,FL,ASO,ES,Towers with Radar,0,57,123,0,180,0,11,204,0,215,0,68,327,0,395,306,0,306,701
04/05/2023,FXE,FL,ASO,ES,Towers with Radar,0,52,119,2,173,0,23,260,0,283,0,75,379,2,456,289,0,289,745
04/06/2023,FXE,FL,ASO,ES,Towers with Radar,0,69,124,0,193,0,26,264,0,290,0,95,388,0,483,202,0,202,685
04/07/2023,FXE,FL,ASO,ES,Towers with Radar,0,67,142,0,209,0,23,250,2,275,0,90,392,2,484,119,0,119,603
04/08/2023,FXE,FL,ASO,ES,Towers with Radar,0,62,112,0,174,0,18,228,0,246,0,80,340,0,420,107,0,107,527
04/09/2023,FXE,FL,ASO,ES,Towers with Radar,0,55,87,0,142,0,5,118,2,125,0,60,205,2,267,98,0,98,365
04/10/2023,FXE,FL,ASO,ES,Towers with Radar,0,98,109,2,209,0,9,29,0,38,0,107,138,2,247,5,0,5,252
04/11/2023,FXE,FL,ASO,ES,Towers with Radar,1,46,94,0,141,0,15,100,0,115,1,61,194,0,256,57,0,57,313
04/12/2023,FXE,FL,ASO,ES,Towers with Radar,0,83,87,4,174,0,1,12,0,13,0,84,99,4,187,0,0,0,187
04/13/2023,FXE,FL,ASO,ES,Towers with Radar,1,108,173,0,282,0,13,132,1,146,1,121,305,1,428,44,0,44,472
04/14/2023,FXE,FL,ASO,ES,Towers with Radar,0,87,188,0,275,0,21,252,1,274,0,108,440,1,549,81,0,81,630
04/15/2023,FXE,FL,ASO,ES,Towers with Radar,0,79,128,0,207,0,33,243,2,278,0,112,371,2,485,60,0,60,545
04/16/2023,FXE,FL,ASO,ES,Towers with Radar,0,75,124,0,199,0,15,141,0,156,0,90,265,0,355,160,0,160,515
04/17/2023,FXE,FL,ASO,ES,Towers with Radar,1,60,118,0,179,0,15,114,0,129,1,75,232,0,308,123,0,123,431
04/18/2023,FXE,FL,ASO,ES,Towers with Radar,0,61,122,0,183,0,21,280,0,301,0,82,402,0,484,95,0,95,579
04/19/2023,FXE,FL,ASO,ES,Towers with Radar,0,66,120,0,186,0,22,273,0,295,0,88,393,0,481,186,0,186,667
04/20/2023,FXE,FL,ASO,ES,Towers with Radar,0,76,132,0,208,0,17,246,0,263,0,93,378,0,471,177,0,177,648
04/21/2023,FXE,FL,ASO,ES,Towers with Radar,0,77,114,0,191,0,24,249,2,275,0,101,363,2,466,207,0,207,673
04/22/2023,FXE,FL,ASO,ES,Towers with Radar,0,52,94,0,146,0,14,218,2,234,0,66,312,2,380,181,0,181,561
04/23/2023,FXE,FL,ASO,ES,Towers with Radar,0,76,113,0,189,0,17,206,0,223,0,93,319,0,412,140,0,140,552
04/24/2023,FXE,FL,ASO,ES,Towers with Radar,0,46,90,0,136,0,23,137,0,160,0,69,227,0,296,157,0,157,453
04/25/2023,FXE,FL,ASO,ES,Towers with Radar,0,55,93,0,148,0,16,242,2,260,0,71,335,2,408,116,0,116,524
04/26/2023,FXE,FL,ASO,ES,Towers with Radar,0,76,112,0,188,0,25,199,1,225,0,101,311,1,413,209,0,209,622
04/27/2023,FXE,FL,ASO,ES,Towers with Radar,0,70,102,0,172,0,17,185,6,208,0,87,287,6,380,110,0,110,490
04/28/2023,FXE,FL,ASO,ES,Towers with Radar,0,66,93,0,159,0,17,191,4,212,0,83,284,4,371,100,0,100,471
04/29/2023,FXE,FL,ASO,ES,Towers with Radar,0,49,57,0,106,0,16,109,1,126,0,65,166,1,232,128,0,128,360
04/30/2023,FXE,FL,ASO,ES,Towers with Radar,0,46,82,0,128,0,6,74,2,82,0,52,156,2,210,41,0,41,251
05/01/2023,FXE,FL,ASO,ES,Towers with Radar,0,61,134,3,198,0,30,250,1,281,0,91,384,4,479,182,0,182,661
05/02/2023,FXE,FL,ASO,ES,Towers with Radar,0,53,97,1,151,0,25,236,1,262,0,78,333,2,413,142,0,142,555
05/03/2023,FXE,FL,ASO,ES,Towers with Radar,1,70,99,0,170,0,27,273,0,300,1,97,372,0,470,112,0,112,582
05/04/2023,FXE,FL,ASO,ES,Towers with Radar,0,71,130,0,201,0,24,248,0,272,0,95,378,0,473,189,0,189,662
05/05/2023,FXE,FL,ASO,ES,Towers with Radar,0,87,119,1,207,0,22,248,0,270,0,109,367,1,477,231,0,231,708
05/06/2023,FXE,FL,ASO,ES,Towers with Radar,4,51,94,0,149,0,14,240,0,254,4,65,334,0,403,174,0,174,577
05/07/2023,FXE,FL,ASO,ES,Towers with Radar,0,94,106,0,200,0,13,162,0,175,0,107,268,0,375,167,0,167,542
05/08/2023,FXE,FL,ASO,ES,Towers with Radar,0,64,148,1,213,0,22,212,1,235,0,86,360,2,448,194,0,194,642
05/09/2023,FXE,FL,ASO,ES,Towers with Radar,0,49,105,0,154,0,20,240,0,260,0,69,345,0,414,189,0,189,603
05/10/2023,FXE,FL,ASO,ES,Towers with Radar,0,59,135,0,194,0,20,232,0,252,0,79,367,0,446,226,0,226,672
05/11/2023,FXE,FL,ASO,ES,Towers with Radar,0,74,118,0,192,0,21,247,2,270,0,95,365,2,462,163,0,163,625
05/12/2023,FXE,FL,ASO,ES,Towers with Radar,0,55,116,0,171,0,19,289,2,310,0,74,405,2,481,172,0,172,653
05/13/2023,FXE,FL,ASO,ES,Towers with Radar,0,49,85,1,135,0,10,189,2,201,0,59,274,3,336,138,0,138,474
05/14/2023,FXE,FL,ASO,ES,Towers with Radar,0,45,83,0,128,0,8,186,2,196,0,53,269,2,324,179,0,179,503
05/15/2023,FXE,FL,ASO,ES,Towers with Radar,0,62,110,1,173,0,12,238,0,250,0,74,348,1,423,180,0,180,603
05/16/2023,FXE,FL,ASO,ES,Towers with Radar,0,57,111,0,168,0,18,278,0,296,0,75,389,0,464,148,0,148,612
05/17/2023,FXE,FL,ASO,ES,Towers with Radar,0,61,98,0,159,0,28,212,0,240,0,89,310,0,399,182,0,182,581
05/18/2023,FXE,FL,ASO,ES,Towers with Radar,0,75,103,0,178,0,20,237,0,257,0,95,340,0,435,217,0,217,652
05/19/2023,FXE,FL,ASO,ES,Towers with Radar,0,63,119,0,182,0,24,216,0,240,0,87,335,0,422,215,0,215,637
05/20/2023,FXE,FL,ASO,ES,Towers with Radar,0,45,73,0,118,0,10,249,1,260,0,55,322,1,378,205,0,205,583
05/21/2023,FXE,FL,ASO,ES,Towers with Radar,0,64,115,0,179,0,24,185,0,209,0,88,300,0,388,99,0,99,487
05/22/2023,FXE,FL,ASO,ES,Towers with Radar,0,54,88,0,142,0,23,236,0,259,0,77,324,0,401,244,0,244,645
05/23/2023,FXE,FL,ASO,ES,Towers with Radar,0,56,122,0,178,0,17,160,0,177,0,73,282,0,355,162,0,162,517
05/24/2023,FXE,FL,ASO,ES,Towers with Radar,0,81,89,0,170,0,25,169,0,194,0,106,258,0,364,116,0,116,480
05/25/2023,FXE,FL,ASO,ES,Towers with Radar,0,73,119,0,192,0,20,183,0,203,0,93,302,0,395,110,0,110,505
05/26/2023,FXE,FL,ASO,ES,Towers with Radar,0,83,119,0,202,0,26,206,0,232,0,109,325,0,434,231,0,231,665
05/27/2023,FXE,FL,ASO,ES,Towers with Radar,0,57,83,0,140,0,4,248,1,253,0,61,331,1,393,183,0,183,576
05/28/2023,FXE,FL,ASO,ES,Towers with Radar,0,51,74,0,125,0,8,186,1,195,0,59,260,1,320,86,0,86,406
05/29/2023,FXE,FL,ASO,ES,Towers with Radar,0,66,117,0,183,0,26,211,2,239,0,92,328,2,422,25,0,25,447
05/30/2023,FXE,FL,ASO,ES,Towers with Radar,0,55,120,1,176,0,23,225,2,250,0,78,345,3,426,155,0,155,581
05/31/2023,FXE,FL,ASO,ES,Towers with Radar,0,63,89,0,152,0,17,200,1,218,0,80,289,1,370,180,0,180,550
06/01/2023,FXE,FL,ASO,ES,Towers with Radar,0,57,97,0,154,0,15,223,1,239,0,72,320,1,393,214,0,214,607
06/02/2023,FXE,FL,ASO,ES,Towers with Radar,0,64,101,0,165,0,15,210,2,227,0,79,311,2,392,76,0,76,468
06/03/2023,FXE,FL,ASO,ES,Towers with Radar,0,59,79,0,138,0,9,184,2,195,0,68,263,2,333,126,0,126,459
06/04/2023,FXE,FL,ASO,ES,Towers with Radar,0,55,68,0,123,0,8,133,4,145,0,63,201,4,268,137,0,137,405
06/05/2023,FXE,FL,ASO,ES,Towers with Radar,0,59,89,0,148,0,19,254,3,276,0,78,343,3,424,209,0,209,633
06/06/2023,FXE,FL,ASO,ES,Towers with Radar,0,55,88,0,143,0,17,220,4,241,0,72,308,4,384,245,0,245,629
06/07/2023,FXE,FL,ASO,ES,Towers with Radar,0,63,92,0,155,0,17,230,3,250,0,80,322,3,405,222,0,222,627
06/08/2023,FXE,FL,ASO,ES,Towers with Radar,0,54,78,0,132,0,10,222,2,234,0,64,300,2,366,165,0,165,531
06/09/2023,FXE,FL,ASO,ES,Towers with Radar,0,63,93,0,156,0,16,206,2,224,0,79,299,2,380,121,0,121,501
06/10/2023,FXE,FL,ASO,ES,Towers with Radar,1,56,71,0,128,0,16,248,0,264,1,72,319,0,392,145,0,145,537
06/11/2023,FXE,FL,ASO,ES,Towers with Radar,0,49,94,0,143,0,11,161,0,172,0,60,255,0,315,154,0,154,469
06/12/2023,FXE,FL,ASO,ES,Towers with Radar,0,56,89,0,145,0,22,203,0,225,0,78,292,0,370,210,0,210,580
06/13/2023,FXE,FL,ASO,ES,Towers with Radar,0,49,92,1,142,0,18,162,0,180,0,67,254,1,322,158,0,158,480
06/14/2023,FXE,FL,ASO,ES,Towers with Radar,0,46,100,1,147,0,24,240,1,265,0,70,340,2,412,190,0,190,602
06/15/2023,FXE,FL,ASO,ES,Towers with Radar,0,67,117,2,186,0,21,363,0,384,0,88,480,2,570,291,0,291,861
06/16/2023,FXE,FL,ASO,ES,Towers with Radar,0,56,98,0,154,0,19,265,0,284,0,75,363,0,438,155,0,155,593
06/17/2023,FXE,FL,ASO,ES,Towers with Radar,0,41,74,0,115,0,21,177,0,198,0,62,251,0,313,128,0,128,441
06/18/2023,FXE,FL,ASO,ES,Towers with Radar,0,43,81,0,124,0,7,122,0,129,0,50,203,0,253,90,0,90,343
06/19/2023,FXE,FL,ASO,ES,Towers with Radar,0,39,81,0,120,0,21,199,2,222,0,60,280,2,342,119,0,119,461
06/20/2023,FXE,FL,ASO,ES,Towers with Radar,0,53,94,0,147,0,16,198,0,214,0,69,292,0,361,64,0,64,425
06/21/2023,FXE,FL,ASO,ES,Towers with Radar,0,56,105,3,164,0,25,267,0,292,0,81,372,3,456,242,0,242,698
06/22/2023,FXE,FL,ASO,ES,Towers with Radar,0,63,83,0,146,0,12,214,0,226,0,75,297,0,372,175,0,175,547
06/23/2023,FXE,FL,ASO,ES,Towers with Radar,0,58,89,0,147,0,15,216,0,231,0,73,305,0,378,180,0,180,558
06/24/2023,FXE,FL,ASO,ES,Towers with Radar,0,71,80,0,151,0,10,200,0,210,0,81,280,0,361,173,0,173,534
06/25/2023,FXE,FL,ASO,ES,Towers with Radar,0,48,82,0,130,0,10,146,0,156,0,58,228,0,286,171,0,171,457
06/26/2023,FXE,FL,ASO,ES,Towers with Radar,0,51,89,1,141,0,23,226,1,250,0,74,315,2,391,240,0,240,631
06/27/2023,FXE,FL,ASO,ES,Towers with Radar,0,61,89,2,152,0,22,257,0,279,0,83,346,2,431,250,0,250,681
06/28/2023,FXE,FL,ASO,ES,Towers with Radar,0,48,100,1,149,0,21,221,0,242,0,69,321,1,391,251,0,251,642
06/29/2023,FXE,FL,ASO,ES,Towers with Radar,1,72,119,0,192,0,27,254,0,281,1,99,373,0,473,194,0,194,667
06/30/2023,FXE,FL,ASO,ES,Towers with Radar,0,87,134,0,221,0,24,254,0,278,0,111,388,0,499,225,0,225,724
07/01/2023,FXE,FL,ASO,ES,Towers with Radar,0,70,72,0,142,0,14,198,0,212,0,84,270,0,354,140,0,140,494
07/02/2023,FXE,FL,ASO,ES,Towers with Radar,1,59,75,0,135,0,8,162,0,170,1,67,237,0,305,187,0,187,492
07/03/2023,FXE,FL,ASO,ES,Towers with Radar,0,46,84,0,130,0,21,201,0,222,0,67,285,0,352,198,0,198,550
07/04/2023,FXE,FL,ASO,ES,Towers with Radar,0,37,68,0,105,0,8,162,2,172,0,45,230,2,277,117,10,127,404
07/05/2023,FXE,FL,ASO,ES,Towers with Radar,0,46,94,0,140,0,24,215,1,240,0,70,309,1,380,324,0,324,704
07/06/2023,FXE,FL,ASO,ES,Towers with Radar,0,50,103,0,153,0,20,252,2,274,0,70,355,2,427,232,0,232,659
07/07/2023,FXE,FL,ASO,ES,Towers with Radar,1,44,89,0,134,0,21,189,0,210,1,65,278,0,344,130,0,130,474
07/08/2023,FXE,FL,ASO,ES,Towers with Radar,0,44,67,0,111,0,9,203,2,214,0,53,270,2,325,182,0,182,507
07/09/2023,FXE,FL,ASO,ES,Towers with Radar,0,55,94,0,149,0,21,184,1,206,0,76,278,1,355,171,0,171,526
07/10/2023,FXE,FL,ASO,ES,Towers with Radar,0,52,85,1,138,0,8,219,2,229,0,60,304,3,367,202,0,202,569
07/11/2023,FXE,FL,ASO,ES,Towers with Radar,0,52,109,0,161,0,15,259,3,277,0,67,368,3,438,119,0,119,557
07/12/2023,FXE,FL,ASO,ES,Towers with Radar,0,48,111,0,159,0,18,286,0,304,0,66,397,0,463,216,0,216,679
07/13/2023,FXE,FL,ASO,ES,Towers with Radar,0,66,91,0,157,0,21,207,0,228,0,87,298,0,385,219,0,219,604
07/14/2023,FXE,FL,ASO,ES,Towers with Radar,0,49,111,1,161,0,22,229,1,252,0,71,340,2,413,115,0,115,528
07/15/2023,FXE,FL,ASO,ES,Towers with Radar,0,55,73,0,128,0,13,183,0,196,0,68,256,0,324,103,0,103,427
07/16/2023,FXE,FL,ASO,ES,Towers with Radar,0,51,80,0,131,0,13,182,0,195,0,64,262,0,326,129,0,129,455
07/17/2023,FXE,FL,ASO,ES,Towers with Radar,0,52,83,0,135,0,8,135,0,143,0,60,218,0,278,80,0,80,358
07/18/2023,FXE,FL,ASO,ES,Towers with Radar,0,51,91,0,142,0,17,229,0,246,0,68,320,0,388,131,0,131,519
07/19/2023,FXE,FL,ASO,ES,Towers with Radar,2,49,88,0,139,0,31,315,1,347,2,80,403,1,486,137,0,137,623
07/20/2023,FXE,FL,ASO,ES,Towers with Radar,0,57,101,2,160,0,23,269,0,292,0,80,370,2,452,208,0,208,660
07/21/2023,FXE,FL,ASO,ES,Towers with Radar,0,55,89,4,148,0,28,247,9,284,0,83,336,13,432,126,0,126,558
07/22/2023,FXE,FL,ASO,ES,Towers with Radar,0,42,73,0,115,0,19,222,1,242,0,61,295,1,357,171,0,171,528
07/23/2023,FXE,FL,ASO,ES,Towers with Radar,0,53,71,0,124,0,9,227,0,236,0,62,298,0,360,228,0,228,588
07/24/2023,FXE,FL,ASO,ES,Towers with Radar,0,52,58,0,110,0,26,211,1,238,0,78,269,1,348,252,0,252,600
07/25/2023,FXE,FL,ASO,ES,Towers with Radar,0,48,97,0,145,0,22,230,1,253,0,70,327,1,398,255,0,255,653
07/26/2023,FXE,FL,ASO,ES,Towers with Radar,0,53,88,2,143,0,19,199,1,219,0,72,287,3,362,245,0,245,607
07/27/2023,FXE,FL,ASO,ES,Towers with Radar,0,53,88,0,141,0,17,141,1,159,0,70,229,1,300,123,0,123,423
07/28/2023,FXE,FL,ASO,ES,Towers with Radar,0,69,105,0,174,0,27,240,2,269,0,96,345,2,443,249,0,249,692
07/29/2023,FXE,FL,ASO,ES,Towers with Radar,0,59,103,0,162,0,15,235,3,253,0,74,338,3,415,165,0,165,580
07/30/2023,FXE,FL,ASO,ES,Towers with Radar,0,70,93,0,163,0,11,159,2,172,0,81,252,2,335,146,0,146,481
07/31/2023,FXE,FL,ASO,ES,Towers with Radar,0,55,95,0,150,0,24,201,1,226,0,79,296,1,376,133,0,133,509
08/01/2023,FXE,FL,ASO,ES,Towers with Radar,0,36,65,0,101,0,19,158,1,178,0,55,223,1,279,166,0,166,445
08/02/2023,FXE,FL,ASO,ES,Towers with Radar,0,54,97,0,151,0,28,232,0,260,0,82,329,0,411,158,0,158,569
08/03/2023,FXE,FL,ASO,ES,Towers with Radar,0,43,94,0,137,0,20,209,0,229,0,63,303,0,366,123,0,123,489
08/04/2023,FXE,FL,ASO,ES,Towers with Radar,0,49,80,0,129,0,24,237,2,263,0,73,317,2,392,145,0,145,537
08/05/2023,FXE,FL,ASO,ES,Towers with Radar,0,44,77,0,121,0,11,214,0,225,0,55,291,0,346,216,0,216,562
08/06/2023,FXE,FL,ASO,ES,Towers with Radar,0,46,80,0,126,0,12,196,0,208,0,58,276,0,334,128,0,128,462
08/07/2023,FXE,FL,ASO,ES,Towers with Radar,0,51,107,0,158,0,19,202,1,222,0,70,309,1,380,185,0,185,565
08/08/2023,FXE,FL,ASO,ES,Towers with Radar,0,52,85,0,137,0,20,186,0,206,0,72,271,0,343,133,0,133,476
08/09/2023,FXE,FL,ASO,ES,Towers with Radar,0,54,114,0,168,0,25,239,2,266,0,79,353,2,434,67,0,67,501
08/10/2023,FXE,FL,ASO,ES,Towers with Radar,0,43,103,0,146,0,24,212,0,236,0,67,315,0,382,208,0,208,590
08/11/2023,FXE,FL,ASO,ES,Towers with Radar,0,50,98,0,148,0,20,240,0,260,0,70,338,0,408,165,0,165,573
08/12/2023,FXE,FL,ASO,ES,Towers with Radar,0,46,87,0,133,0,12,175,0,187,0,58,262,0,320,180,0,180,500
08/13/2023,FXE,FL,ASO,ES,Towers with Radar,0,34,97,0,131,0,14,140,0,154,0,48,237,0,285,98,0,98,383
08/14/2023,FXE,FL,ASO,ES,Towers with Radar,0,43,91,0,134,0,19,218,1,238,0,62,309,1,372,193,0,193,565
08/15/2023,FXE,FL,ASO,ES,Towers with Radar,0,52,83,0,135,0,17,167,0,184,0,69,250,0,319,206,0,206,525
08/16/2023,FXE,FL,ASO,ES,Towers with Radar,0,52,113,0,165,0,28,212,0,240,0,80,325,0,405,96,0,96,501
08/17/2023,FXE,FL,ASO,ES,Towers with Radar,0,42,96,0,138,0,12,187,0,199,0,54,283,0,337,93,0,93,430
08/18/2023,FXE,FL,ASO,ES,Towers with Radar,0,52,85,0,137,0,25,190,1,216,0,77,275,1,353,262,0,262,615
08/19/2023,FXE,FL,ASO,ES,Towers with Radar,0,39,69,0,108,0,7,148,0,155,0,46,217,0,263,113,0,113,376
08/20/2023,FXE,FL,ASO,ES,Towers with Radar,0,63,70,0,133,0,18,113,1,132,0,81,183,1,265,142,0,142,407
08/21/2023,FXE,FL,ASO,ES,Towers with Radar,0,45,83,0,128,0,18,163,3,184,0,63,246,3,312,162,4,166,478
08/22/2023,FXE,FL,ASO,ES,Towers with Radar,0,40,84,0,124,0,22,210,2,234,0,62,294,2,358,167,0,167,525
08/23/2023,FXE,FL,ASO,ES,Towers with Radar,1,52,112,0,165,0,28,242,1,271,1,80,354,1,436,150,0,150,586
08/24/2023,FXE,FL,ASO,ES,Towers with Radar,0,53,86,0,139,0,18,199,1,218,0,71,285,1,357,157,0,157,514
08/25/2023,FXE,FL,ASO,ES,Towers with Radar,0,55,109,1,165,0,18,249,2,269,0,73,358,3,434,106,0,106,540
08/26/2023,FXE,FL,ASO,ES,Towers with Radar,0,41,64,0,105,0,10,215,0,225,0,51,279,0,330,170,0,170,500
08/27/2023,FXE,FL,ASO,ES,Towers with Radar,0,50,78,0,128,0,10,179,0,189,0,60,257,0,317,60,0,60,377
08/28/2023,FXE,FL,ASO,ES,Towers with Radar,0,39,77,0,116,0,24,188,0,212,0,63,265,0,328,121,0,121,449
08/29/2023,FXE,FL,ASO,ES,Towers with Radar,0,30,62,0,92,0,13,117,0,130,0,43,179,0,222,153,0,153,375
08/30/2023,FXE,FL,ASO,ES,Towers with Radar,0,25,45,0,70,0,14,81,0,95,0,39,126,0,165,73,0,73,238
08/31/2023,FXE,FL,ASO,ES,Towers with Radar,0,62,96,0,158,0,18,172,0,190,0,80,268,0,348,152,0,152,500
