01/01/2000,GEG,WA,ANM,WE,Towers with Radar,48,25,4,0,77,27,4,0,0,31,75,29,4,0,108,8,0,8,116
01/02/2000,GEG,WA,ANM,WE,Towers with Radar,66,32,14,0,112,26,0,2,0,28,92,32,16,0,140,4,0,4,144
01/03/2000,GEG,WA,ANM,WE,Towers with Radar,102,52,20,2,176,4,4,7,0,15,106,56,27,2,191,0,0,0,191
01/04/2000,GEG,WA,ANM,WE,Towers with Radar,154,78,32,3,267,0,9,0,1,10,154,87,32,4,277,2,6,8,285
01/05/2000,GEG,WA,ANM,WE,Towers with Radar,145,85,39,4,273,0,0,70,10,80,145,85,109,14,353,69,6,75,428
01/06/2000,GEG,WA,ANM,WE,Towers with Radar,143,79,37,2,261,0,0,29,0,29,143,79,66,2,290,92,0,92,382
01/07/2000,GEG,WA,ANM,WE,Towers with Radar,136,66,33,2,237,0,0,11,0,11,136,66,44,2,248,83,8,91,339
01/08/2000,GEG,WA,ANM,WE,Towers with Radar,89,45,10,2,146,15,11,0,0,26,104,56,10,2,172,26,0,26,198
01/09/2000,GEG,WA,ANM,WE,Towers with Radar,64,33,5,0,102,40,5,0,0,45,104,38,5,0,147,0,0,0,147
01/10/2000,GEG,WA,ANM,WE,Towers with Radar,111,57,22,1,191,1,1,15,0,17,112,58,37,1,208,6,0,6,214
01/11/2000,GEG,WA,ANM,WE,Towers with Radar,128,65,24,0,217,11,16,0,0,27,139,81,24,0,244,50,0,50,294
01/12/2000,GEG,WA,ANM,WE,Towers with Radar,138,70,26,0,234,1,17,69,0,87,139,87,95,0,321,54,2,56,377
01/13/2000,GEG,WA,ANM,WE,Towers with Radar,136,74,28,0,238,0,4,17,0,21,136,78,45,0,259,0,0,0,259
01/14/2000,GEG,WA,ANM,WE,Towers with Radar,145,74,25,0,244,17,1,0,0,18,162,75,25,0,262,22,0,22,284
01/15/2000,GEG,WA,ANM,WE,Towers with Radar,93,46,18,2,159,15,8,25,0,48,108,54,43,2,207,92,0,92,299
01/16/2000,GEG,WA,ANM,WE,Towers with Radar,61,30,10,0,101,37,3,0,0,40,98,33,10,0,141,6,0,6,147
01/17/2000,GEG,WA,ANM,WE,Towers with Radar,85,42,16,0,143,28,12,43,0,83,113,54,59,0,226,48,0,48,274
01/18/2000,GEG,WA,ANM,WE,Towers with Radar,143,73,28,2,246,0,5,24,0,29,143,78,52,2,275,92,6,98,373
01/19/2000,GEG,WA,ANM,WE,Towers with Radar,148,72,38,5,263,0,0,23,46,69,148,72,61,51,332,54,24,78,410
01/20/2000,GEG,WA,ANM,WE,Towers with Radar,145,73,22,0,240,0,9,0,0,9,145,82,22,0,249,8,0,8,257
01/21/2000,GEG,WA,ANM,WE,Towers with Radar,133,78,31,3,245,0,5,15,0,20,133,83,46,3,265,0,0,0,265
01/22/2000,GEG,WA,ANM,WE,Towers with Radar,87,43,10,3,143,31,8,0,2,41,118,51,10,5,184,0,0,0,184
01/23/2000,GEG,WA,ANM,WE,Towers with Radar,91,39,17,0,147,13,0,28,0,41,104,39,45,0,188,34,0,34,222
01/24/2000,GEG,WA,ANM,WE,Towers with Radar,133,54,26,0,213,0,0,42,0,42,133,54,68,0,255,64,6,70,325
01/25/2000,GEG,WA,ANM,WE,Towers with Radar,126,66,26,0,218,0,0,7,0,7,126,66,33,0,225,26,0,26,251
01/26/2000,GEG,WA,ANM,WE,Towers with Radar,130,64,16,0,210,11,14,0,0,25,141,78,16,0,235,0,0,0,235
01/27/2000,GEG,WA,ANM,WE,Towers with Radar,141,88,34,4,267,0,4,8,3,15,141,92,42,7,282,12,4,16,298
01/28/2000,GEG,WA,ANM,WE,Towers with Radar,167,70,35,4,276,0,0,52,7,59,167,70,87,11,335,46,8,54,389
01/29/2000,GEG,WA,ANM,WE,Towers with Radar,94,47,18,0,159,7,6,38,0,51,101,53,56,0,210,24,0,24,234
01/30/2000,GEG,WA,ANM,WE,Towers with Radar,81,41,16,1,139,26,0,9,1,36,107,41,25,2,175,48,0,48,223
01/31/2000,GEG,WA,ANM,WE,Towers with Radar,101,60,24,0,185,0,0,22,0,22,101,60,46,0,207,12,0,12,219
02/01/2000,GEG,WA,ANM,WE,Towers with Radar,134,76,15,1,226,0,0,0,0,0,134,76,15,1,226,8,0,8,234
02/02/2000,GEG,WA,ANM,WE,Towers with Radar,129,82,34,2,247,0,6,38,0,44,129,88,72,2,291,64,4,68,359
02/03/2000,GEG,WA,ANM,WE,Towers with Radar,138,77,35,2,252,0,0,59,0,59,138,77,94,2,311,26,0,26,337
02/04/2000,GEG,WA,ANM,WE,Towers with Radar,127,85,35,2,249,0,2,29,0,31,127,87,64,2,280,40,0,40,320
02/05/2000,GEG,WA,ANM,WE,Towers with Radar,102,57,24,0,183,8,1,59,0,68,110,58,83,0,251,148,5,153,404
02/06/2000,GEG,WA,ANM,WE,Towers with Radar,72,34,13,1,120,34,0,0,1,35,106,34,13,2,155,6,0,6,161
02/07/2000,GEG,WA,ANM,WE,Towers with Radar,103,60,25,1,189,0,0,8,3,11,103,60,33,4,200,52,0,52,252
02/08/2000,GEG,WA,ANM,WE,Towers with Radar,137,70,37,2,246,0,0,17,2,19,137,70,54,4,265,20,6,26,291
02/09/2000,GEG,WA,ANM,WE,Towers with Radar,136,81,33,3,253,0,6,40,4,50,136,87,73,7,303,89,0,89,392
02/10/2000,GEG,WA,ANM,WE,Towers with Radar,131,74,31,2,238,0,7,49,0,56,131,81,80,2,294,26,2,28,322
02/11/2000,GEG,WA,ANM,WE,Towers with Radar,133,76,29,3,241,0,3,0,1,4,133,79,29,4,245,12,0,12,257
02/12/2000,GEG,WA,ANM,WE,Towers with Radar,76,42,9,1,128,19,11,0,0,30,95,53,9,1,158,2,0,2,160
02/13/2000,GEG,WA,ANM,WE,Towers with Radar,75,42,16,2,135,20,0,22,0,42,95,42,38,2,177,26,0,26,203
02/14/2000,GEG,WA,ANM,WE,Towers with Radar,72,40,16,0,128,16,11,0,0,27,88,51,16,0,155,0,0,0,155
02/15/2000,GEG,WA,ANM,WE,Towers with Radar,123,67,27,2,219,19,16,55,5,95,142,83,82,7,314,66,4,70,384
02/16/2000,GEG,WA,ANM,WE,Towers with Radar,121,68,32,1,222,0,0,55,0,55,121,68,87,1,277,58,0,58,335
02/17/2000,GEG,WA,ANM,WE,Towers with Radar,134,78,36,0,248,0,0,39,0,39,134,78,75,0,287,18,0,18,305
02/18/2000,GEG,WA,ANM,WE,Towers with Radar,138,86,38,0,262,0,0,60,0,60,138,86,98,0,322,32,0,32,354
02/19/2000,GEG,WA,ANM,WE,Towers with Radar,90,48,20,0,158,20,1,48,0,69,110,49,68,0,227,72,0,72,299
02/20/2000,GEG,WA,ANM,WE,Towers with Radar,74,38,16,0,128,23,0,41,0,64,97,38,57,0,192,44,2,46,238
02/21/2000,GEG,WA,ANM,WE,Towers with Radar,87,43,19,0,149,13,0,27,0,40,100,43,46,0,189,38,0,38,227
02/22/2000,GEG,WA,ANM,WE,Towers with Radar,111,68,28,1,208,0,0,27,3,30,111,68,55,4,238,36,4,40,278
02/23/2000,GEG,WA,ANM,WE,Towers with Radar,144,82,33,1,260,0,8,31,0,39,144,90,64,1,299,28,0,28,327
02/24/2000,GEG,WA,ANM,WE,Towers with Radar,140,76,32,2,250,0,0,17,9,26,140,76,49,11,276,14,6,20,296
02/25/2000,GEG,WA,ANM,WE,Towers with Radar,128,73,30,1,232,0,3,40,1,44,128,76,70,2,276,8,0,8,284
02/26/2000,GEG,WA,ANM,WE,Towers with Radar,80,43,17,0,140,12,7,8,0,27,92,50,25,0,167,6,0,6,173
02/27/2000,GEG,WA,ANM,WE,Towers with Radar,82,41,11,0,134,19,0,0,0,19,101,41,11,0,153,0,12,12,165
02/28/2000,GEG,WA,ANM,WE,Towers with Radar,104,56,23,1,184,1,10,16,0,27,105,66,39,1,211,38,0,38,249
02/29/2000,GEG,WA,ANM,WE,Towers with Radar,116,64,25,1,206,12,5,20,2,39,128,69,45,3,245,50,14,64,309
03/01/2000,GEG,WA,ANM,WE,Towers with Radar,151,86,34,4,275,0,0,73,6,79,151,86,107,10,354,114,14,128,482
03/02/2000,GEG,WA,ANM,WE,Towers with Radar,146,80,32,4,262,0,0,43,3,46,146,80,75,7,308,36,18,54,362
03/03/2000,GEG,WA,ANM,WE,Towers with Radar,140,73,27,0,240,9,1,27,0,37,149,74,54,0,277,72,4,76,353
03/04/2000,GEG,WA,ANM,WE,Towers with Radar,101,52,20,2,175,7,4,25,1,37,108,56,45,3,212,76,12,88,300
03/05/2000,GEG,WA,ANM,WE,Towers with Radar,99,43,20,0,162,0,0,9,0,9,99,43,29,0,171,10,0,10,181
03/06/2000,GEG,WA,ANM,WE,Towers with Radar,105,58,23,0,186,0,2,4,0,6,105,60,27,0,192,10,0,10,202
03/07/2000,GEG,WA,ANM,WE,Towers with Radar,145,75,33,4,257,0,0,64,10,74,145,75,97,14,331,50,4,54,385
03/08/2000,GEG,WA,ANM,WE,Towers with Radar,130,74,28,1,233,0,0,47,0,47,130,74,75,1,280,70,12,82,362
03/09/2000,GEG,WA,ANM,WE,Towers with Radar,153,78,30,0,261,0,0,13,0,13,153,78,43,0,274,12,0,12,286
03/10/2000,GEG,WA,ANM,WE,Towers with Radar,131,68,24,4,227,8,13,37,16,74,139,81,61,20,301,83,30,113,414
03/11/2000,GEG,WA,ANM,WE,Towers with Radar,104,49,20,3,176,7,0,21,1,29,111,49,41,4,205,80,6,86,291
03/12/2000,GEG,WA,ANM,WE,Towers with Radar,81,40,15,0,136,22,0,58,0,80,103,40,73,0,216,82,0,82,298
03/13/2000,GEG,WA,ANM,WE,Towers with Radar,117,56,22,3,198,9,0,35,3,47,126,56,57,6,245,40,0,40,285
03/14/2000,GEG,WA,ANM,WE,Towers with Radar,135,75,28,4,242,0,2,3,3,8,135,77,31,7,250,4,22,26,276
03/15/2000,GEG,WA,ANM,WE,Towers with Radar,142,85,32,5,264,0,9,73,3,85,142,94,105,8,349,110,0,110,459
03/16/2000,GEG,WA,ANM,WE,Towers with Radar,151,82,30,0,263,0,9,23,0,32,151,91,53,0,295,6,2,8,303
03/17/2000,GEG,WA,ANM,WE,Towers with Radar,146,75,28,4,253,0,0,42,12,54,146,75,70,16,307,70,10,80,387
03/18/2000,GEG,WA,ANM,WE,Towers with Radar,94,47,18,0,159,27,2,8,0,37,121,49,26,0,196,38,2,40,236
03/19/2000,GEG,WA,ANM,WE,Towers with Radar,80,40,16,2,138,36,2,13,0,51,116,42,29,2,189,46,0,46,235
03/20/2000,GEG,WA,ANM,WE,Towers with Radar,127,64,24,0,215,16,4,59,0,79,143,68,83,0,294,54,0,54,348
03/21/2000,GEG,WA,ANM,WE,Towers with Radar,163,81,31,0,275,0,0,49,0,49,163,81,80,0,324,66,0,66,390
03/22/2000,GEG,WA,ANM,WE,Towers with Radar,161,87,32,4,284,0,9,42,5,56,161,96,74,9,340,32,20,52,392
03/23/2000,GEG,WA,ANM,WE,Towers with Radar,147,74,28,3,252,21,16,55,2,94,168,90,83,5,346,40,0,40,386
03/24/2000,GEG,WA,ANM,WE,Towers with Radar,128,81,31,0,240,0,0,76,0,76,128,81,107,0,316,62,0,62,378
03/25/2000,GEG,WA,ANM,WE,Towers with Radar,113,57,22,0,192,9,0,46,0,55,122,57,68,0,247,92,0,92,339
03/26/2000,GEG,WA,ANM,WE,Towers with Radar,84,42,15,2,143,33,9,43,1,86,117,51,58,3,229,18,0,18,247
03/27/2000,GEG,WA,ANM,WE,Towers with Radar,93,47,17,1,158,23,14,53,0,90,116,61,70,1,248,14,0,14,262
03/28/2000,GEG,WA,ANM,WE,Towers with Radar,141,72,26,0,239,8,20,18,0,46,149,92,44,0,285,18,2,20,305
03/29/2000,GEG,WA,ANM,WE,Towers with Radar,138,87,32,4,261,0,0,31,12,43,138,87,63,16,304,81,10,91,395
03/30/2000,GEG,WA,ANM,WE,Towers with Radar,147,75,28,0,250,0,7,96,0,103,147,82,124,0,353,44,0,44,397
03/31/2000,GEG,WA,ANM,WE,Towers with Radar,141,74,28,3,246,0,0,77,3,80,141,74,105,6,326,64,0,64,390
04/01/2000,GEG,WA,ANM,WE,Towers with Radar,98,45,18,0,161,22,1,49,0,72,120,46,67,0,233,60,0,60,293
04/02/2000,GEG,WA,ANM,WE,Towers with Radar,95,34,15,0,144,54,0,49,0,103,149,34,64,0,247,22,0,22,269
04/03/2000,GEG,WA,ANM,WE,Towers with Radar,125,55,21,3,204,6,13,29,1,49,131,68,50,4,253,50,12,62,315
04/04/2000,GEG,WA,ANM,WE,Towers with Radar,155,74,29,4,262,0,20,28,1,49,155,94,57,5,311,28,2,30,341
04/05/2000,GEG,WA,ANM,WE,Towers with Radar,143,72,29,3,247,0,14,48,5,67,143,86,77,8,314,30,0,30,344
04/06/2000,GEG,WA,ANM,WE,Towers with Radar,137,61,24,0,222,15,13,34,0,62,152,74,58,0,284,36,0,36,320
04/07/2000,GEG,WA,ANM,WE,Towers with Radar,146,71,28,0,245,0,5,98,0,103,146,76,126,0,348,58,0,58,406
04/08/2000,GEG,WA,ANM,WE,Towers with Radar,95,42,16,0,153,29,36,54,0,119,124,78,70,0,272,62,0,62,334
04/09/2000,GEG,WA,ANM,WE,Towers with Radar,86,38,14,1,139,31,0,87,0,118,117,38,101,1,257,48,0,48,305
04/10/2000,GEG,WA,ANM,WE,Towers with Radar,112,50,19,2,183,23,12,76,17,128,135,62,95,19,311,73,44,117,428
04/11/2000,GEG,WA,ANM,WE,Towers with Radar,155,71,21,0,247,0,6,71,1,78,155,77,92,1,325,56,0,56,381
04/12/2000,GEG,WA,ANM,WE,Towers with Radar,155,77,22,1,255,0,7,66,20,93,155,84,88,21,348,42,0,42,390
04/13/2000,GEG,WA,ANM,WE,Towers with Radar,138,68,49,1,256,0,0,10,0,10,138,68,59,1,266,22,0,22,288
04/14/2000,GEG,WA,ANM,WE,Towers with Radar,144,86,46,7,283,0,0,7,0,7,144,86,53,7,290,6,10,16,306
04/15/2000,GEG,WA,ANM,WE,Towers with Radar,112,49,20,0,181,1,0,27,0,28,113,49,47,0,209,98,0,98,307
04/16/2000,GEG,WA,ANM,WE,Towers with Radar,90,34,14,1,139,25,0,21,1,47,115,34,35,2,186,2,0,2,188
04/17/2000,GEG,WA,ANM,WE,Towers with Radar,127,46,42,2,217,0,0,52,0,52,127,46,94,2,269,59,18,77,346
04/18/2000,GEG,WA,ANM,WE,Towers with Radar,158,77,37,0,272,0,3,78,0,81,158,80,115,0,353,34,0,34,387
04/19/2000,GEG,WA,ANM,WE,Towers with Radar,145,73,34,7,259,0,8,95,0,103,145,81,129,7,362,94,0,94,456
04/20/2000,GEG,WA,ANM,WE,Towers with Radar,167,86,49,9,311,0,0,87,0,87,167,86,136,9,398,62,2,64,462
04/21/2000,GEG,WA,ANM,WE,Towers with Radar,153,77,28,3,261,0,0,86,0,86,153,77,114,3,347,74,10,84,431
04/22/2000,GEG,WA,ANM,WE,Towers with Radar,118,47,11,0,176,0,0,25,0,25,118,47,36,0,201,30,0,30,231
04/23/2000,GEG,WA,ANM,WE,Towers with Radar,112,33,14,0,159,0,0,29,0,29,112,33,43,0,188,12,0,12,200
04/24/2000,GEG,WA,ANM,WE,Towers with Radar,117,57,31,3,208,0,0,80,19,99,117,57,111,22,307,58,22,80,387
04/25/2000,GEG,WA,ANM,WE,Towers with Radar,158,76,36,0,270,0,0,18,0,18,158,76,54,0,288,78,0,78,366
04/26/2000,GEG,WA,ANM,WE,Towers with Radar,150,71,36,3,260,0,10,74,3,87,150,81,110,6,347,68,6,74,421
04/27/2000,GEG,WA,ANM,WE,Towers with Radar,151,81,41,2,275,0,3,72,5,80,151,84,113,7,355,68,0,68,423
04/28/2000,GEG,WA,ANM,WE,Towers with Radar,151,73,24,20,268,0,0,71,0,71,151,73,95,20,339,46,6,52,391
04/29/2000,GEG,WA,ANM,WE,Towers with Radar,118,49,21,0,188,0,0,90,0,90,118,49,111,0,278,26,0,26,304
04/30/2000,GEG,WA,ANM,WE,Towers with Radar,112,31,17,0,160,0,0,68,0,68,112,31,85,0,228,22,0,22,250
05/01/2000,GEG,WA,ANM,WE,Towers with Radar,118,54,12,0,184,3,11,103,0,117,121,65,115,0,301,38,16,54,355
05/02/2000,GEG,WA,ANM,WE,Towers with Radar,147,66,28,1,242,2,3,41,1,47,149,69,69,2,289,58,0,58,347
05/03/2000,GEG,WA,ANM,WE,Towers with Radar,150,76,21,0,247,2,8,60,1,71,152,84,81,1,318,94,8,102,420
05/04/2000,GEG,WA,ANM,WE,Towers with Radar,156,76,32,8,272,2,3,56,0,61,158,79,88,8,333,62,12,74,407
05/05/2000,GEG,WA,ANM,WE,Towers with Radar,141,73,19,5,238,2,1,60,1,64,143,74,79,6,302,22,8,30,332
05/06/2000,GEG,WA,ANM,WE,Towers with Radar,117,50,18,0,185,3,1,46,0,50,120,51,64,0,235,42,2,44,279
05/07/2000,GEG,WA,ANM,WE,Towers with Radar,113,34,9,11,167,2,1,59,1,63,115,35,68,12,230,44,0,44,274
05/08/2000,GEG,WA,ANM,WE,Towers with Radar,121,57,17,0,195,3,6,78,0,87,124,63,95,0,282,98,0,98,380
05/09/2000,GEG,WA,ANM,WE,Towers with Radar,152,81,24,12,269,2,5,45,2,54,154,86,69,14,323,32,0,32,355
05/10/2000,GEG,WA,ANM,WE,Towers with Radar,143,76,32,4,255,2,3,41,1,47,145,79,73,5,302,48,0,48,350
05/11/2000,GEG,WA,ANM,WE,Towers with Radar,149,77,33,0,259,0,0,30,0,30,149,77,63,0,289,38,24,62,351
05/12/2000,GEG,WA,ANM,WE,Towers with Radar,135,81,28,2,246,3,8,70,5,86,138,89,98,7,332,66,0,66,398
05/13/2000,GEG,WA,ANM,WE,Towers with Radar,125,55,22,10,212,3,1,84,0,88,128,56,106,10,300,58,0,58,358
05/14/2000,GEG,WA,ANM,WE,Towers with Radar,116,34,5,0,155,3,1,24,0,28,119,35,29,0,183,18,0,18,201
05/15/2000,GEG,WA,ANM,WE,Towers with Radar,126,69,16,0,211,3,5,63,0,71,129,74,79,0,282,68,0,68,350
05/16/2000,GEG,WA,ANM,WE,Towers with Radar,137,68,36,2,243,3,4,76,1,84,140,72,112,3,327,52,0,52,379
05/17/2000,GEG,WA,ANM,WE,Towers with Radar,144,74,31,19,268,3,5,60,1,69,147,79,91,20,337,30,98,128,465
05/18/2000,GEG,WA,ANM,WE,Towers with Radar,154,76,21,6,257,2,11,86,3,102,156,87,107,9,359,128,0,128,487
05/19/2000,GEG,WA,ANM,WE,Towers with Radar,139,76,26,3,244,2,1,86,0,89,141,77,112,3,333,96,0,96,429
05/20/2000,GEG,WA,ANM,WE,Towers with Radar,110,50,15,0,175,2,1,56,0,59,112,51,71,0,234,40,0,40,274
05/21/2000,GEG,WA,ANM,WE,Towers with Radar,87,32,13,1,133,2,1,35,0,38,89,33,48,1,171,0,0,0,171
05/22/2000,GEG,WA,ANM,WE,Towers with Radar,112,55,20,3,190,0,0,41,1,42,112,55,61,4,232,12,32,44,276
05/23/2000,GEG,WA,ANM,WE,Towers with Radar,152,70,19,3,244,2,6,84,0,92,154,76,103,3,336,118,6,124,460
05/24/2000,GEG,WA,ANM,WE,Towers with Radar,144,70,27,10,251,2,8,81,1,92,146,78,108,11,343,68,8,76,419
05/25/2000,GEG,WA,ANM,WE,Towers with Radar,133,66,27,4,230,2,6,98,5,111,135,72,125,9,341,58,2,60,401
05/26/2000,GEG,WA,ANM,WE,Towers with Radar,152,76,25,3,256,2,1,64,0,67,154,77,89,3,323,74,14,88,411
05/27/2000,GEG,WA,ANM,WE,Towers with Radar,101,45,3,1,150,2,1,35,0,38,103,46,38,1,188,64,0,64,252
05/28/2000,GEG,WA,ANM,WE,Towers with Radar,106,36,5,0,147,2,1,45,0,48,108,37,50,0,195,0,0,0,195
05/29/2000,GEG,WA,ANM,WE,Towers with Radar,114,34,20,0,168,2,2,47,0,51,116,36,67,0,219,14,0,14,233
05/30/2000,GEG,WA,ANM,WE,Towers with Radar,114,60,44,0,218,2,2,38,1,43,116,62,82,1,261,34,10,44,305
05/31/2000,GEG,WA,ANM,WE,Towers with Radar,142,68,27,0,237,2,6,30,3,41,144,74,57,3,278,53,0,53,331
06/01/2000,GEG,WA,ANM,WE,Towers with Radar,145,70,30,0,245,0,0,89,0,89,145,70,119,0,334,72,0,72,406
06/02/2000,GEG,WA,ANM,WE,Towers with Radar,131,66,27,0,224,0,0,121,0,121,131,66,148,0,345,62,0,62,407
06/03/2000,GEG,WA,ANM,WE,Towers with Radar,115,40,36,0,191,0,0,85,0,85,115,40,121,0,276,92,6,98,374
06/04/2000,GEG,WA,ANM,WE,Towers with Radar,99,34,17,0,150,0,0,74,0,74,99,34,91,0,224,34,0,34,258
06/05/2000,GEG,WA,ANM,WE,Towers with Radar,136,62,29,0,227,0,6,51,0,57,136,68,80,0,284,38,10,48,332
06/06/2000,GEG,WA,ANM,WE,Towers with Radar,142,79,34,1,256,0,7,75,3,85,142,86,109,4,341,96,0,96,437
06/07/2000,GEG,WA,ANM,WE,Towers with Radar,137,68,32,8,245,0,6,63,1,70,137,74,95,9,315,78,4,82,397
06/08/2000,GEG,WA,ANM,WE,Towers with Radar,164,77,41,15,297,0,0,24,0,24,164,77,65,15,321,22,0,22,343
06/09/2000,GEG,WA,ANM,WE,Towers with Radar,170,71,36,4,281,0,5,57,0,62,170,76,93,4,343,28,0,28,371
06/10/2000,GEG,WA,ANM,WE,Towers with Radar,98,48,20,1,167,27,0,35,4,66,125,48,55,5,233,44,46,90,323
06/11/2000,GEG,WA,ANM,WE,Towers with Radar,118,38,19,3,178,0,0,39,0,39,118,38,58,3,217,0,0,0,217
06/12/2000,GEG,WA,ANM,WE,Towers with Radar,118,62,34,0,214,0,1,21,1,23,118,63,55,1,237,10,0,10,247
06/13/2000,GEG,WA,ANM,WE,Towers with Radar,149,74,33,1,257,0,7,84,0,91,149,81,117,1,348,76,0,76,424
06/14/2000,GEG,WA,ANM,WE,Towers with Radar,139,84,31,0,254,0,1,52,7,60,139,85,83,7,314,40,0,40,354
06/15/2000,GEG,WA,ANM,WE,Towers with Radar,157,77,35,0,269,0,0,98,0,98,157,77,133,0,367,60,0,60,427
06/16/2000,GEG,WA,ANM,WE,Towers with Radar,124,56,20,0,200,0,0,85,0,85,124,56,105,0,285,68,0,68,353
06/17/2000,GEG,WA,ANM,WE,Towers with Radar,116,52,12,3,183,0,0,75,0,75,116,52,87,3,258,24,0,24,282
06/18/2000,GEG,WA,ANM,WE,Towers with Radar,115,43,27,0,185,0,0,40,0,40,115,43,67,0,225,0,0,0,225
06/19/2000,GEG,WA,ANM,WE,Towers with Radar,118,63,26,2,209,0,18,39,3,60,118,81,65,5,269,30,0,30,299
06/20/2000,GEG,WA,ANM,WE,Towers with Radar,125,82,18,0,225,0,9,69,0,78,125,91,87,0,303,22,0,22,325
06/21/2000,GEG,WA,ANM,WE,Towers with Radar,146,76,28,4,254,0,0,73,3,76,146,76,101,7,330,68,30,98,428
06/22/2000,GEG,WA,ANM,WE,Towers with Radar,150,80,22,0,252,0,0,110,0,110,150,80,132,0,362,22,0,22,384
06/23/2000,GEG,WA,ANM,WE,Towers with Radar,139,75,20,0,234,0,0,79,0,79,139,75,99,0,313,56,0,56,369
06/24/2000,GEG,WA,ANM,WE,Towers with Radar,120,57,18,4,199,0,0,59,0,59,120,57,77,4,258,28,0,28,286
06/25/2000,GEG,WA,ANM,WE,Towers with Radar,120,42,26,1,189,0,0,57,0,57,120,42,83,1,246,25,1,26,272
06/26/2000,GEG,WA,ANM,WE,Towers with Radar,121,63,20,0,204,0,5,73,0,78,121,68,93,0,282,48,0,48,330
06/27/2000,GEG,WA,ANM,WE,Towers with Radar,138,71,29,1,239,0,27,92,3,122,138,98,121,4,361,44,0,44,405
06/28/2000,GEG,WA,ANM,WE,Towers with Radar,152,76,27,0,255,0,11,84,5,100,152,87,111,5,355,32,0,32,387
06/29/2000,GEG,WA,ANM,WE,Towers with Radar,143,77,26,0,246,0,12,109,1,122,143,89,135,1,368,108,0,108,476
06/30/2000,GEG,WA,ANM,WE,Towers with Radar,162,80,27,0,269,0,6,100,0,106,162,86,127,0,375,58,0,58,433
07/01/2000,GEG,WA,ANM,WE,Towers with Radar,119,56,15,1,191,5,1,53,0,59,124,57,68,1,250,64,0,64,314
07/02/2000,GEG,WA,ANM,WE,Towers with Radar,95,39,13,2,149,2,0,40,0,42,97,39,53,2,191,0,0,0,191
07/03/2000,GEG,WA,ANM,WE,Towers with Radar,94,57,19,0,170,1,3,44,0,48,95,60,63,0,218,28,0,28,246
07/04/2000,GEG,WA,ANM,WE,Towers with Radar,91,44,10,0,145,2,0,24,0,26,93,44,34,0,171,14,0,14,185
07/05/2000,GEG,WA,ANM,WE,Towers with Radar,124,63,21,1,209,2,5,80,1,88,126,68,101,2,297,58,0,58,355
07/06/2000,GEG,WA,ANM,WE,Towers with Radar,161,71,30,5,267,2,0,54,0,56,163,71,84,5,323,66,0,66,389
07/07/2000,GEG,WA,ANM,WE,Towers with Radar,130,67,23,4,224,0,0,123,6,129,130,67,146,10,353,64,0,64,417
07/08/2000,GEG,WA,ANM,WE,Towers with Radar,134,50,4,3,191,1,1,82,0,84,135,51,86,3,275,116,0,116,391
07/09/2000,GEG,WA,ANM,WE,Towers with Radar,129,39,18,2,188,1,1,42,0,44,130,40,60,2,232,86,0,86,318
07/10/2000,GEG,WA,ANM,WE,Towers with Radar,115,61,21,3,200,0,0,109,5,114,115,61,130,8,314,42,2,44,358
07/11/2000,GEG,WA,ANM,WE,Towers with Radar,168,81,26,0,275,5,12,97,0,114,173,93,123,0,389,120,2,122,511
07/12/2000,GEG,WA,ANM,WE,Towers with Radar,137,80,24,6,247,1,7,121,4,133,138,87,145,10,380,68,18,86,466
07/13/2000,GEG,WA,ANM,WE,Towers with Radar,144,72,43,4,263,1,12,120,0,133,145,84,163,4,396,126,0,126,522
07/14/2000,GEG,WA,ANM,WE,Towers with Radar,138,73,25,0,236,2,1,93,0,96,140,74,118,0,332,80,12,92,424
07/15/2000,GEG,WA,ANM,WE,Towers with Radar,136,55,11,1,203,2,1,84,0,87,138,56,95,1,290,46,2,48,338
07/16/2000,GEG,WA,ANM,WE,Towers with Radar,106,40,11,1,158,2,1,50,0,53,108,41,61,1,211,30,0,30,241
07/17/2000,GEG,WA,ANM,WE,Towers with Radar,119,59,21,0,199,2,10,74,0,86,121,69,95,0,285,8,0,8,293
07/18/2000,GEG,WA,ANM,WE,Towers with Radar,148,84,18,4,254,1,0,79,0,80,149,84,97,4,334,48,10,58,392
07/19/2000,GEG,WA,ANM,WE,Towers with Radar,141,76,17,0,234,2,0,117,5,124,143,76,134,5,358,72,0,72,430
07/20/2000,GEG,WA,ANM,WE,Towers with Radar,144,74,36,4,258,12,11,107,1,131,156,85,143,5,389,96,0,96,485
07/21/2000,GEG,WA,ANM,WE,Towers with Radar,138,74,31,11,254,1,8,98,0,107,139,82,129,11,361,80,0,80,441
07/22/2000,GEG,WA,ANM,WE,Towers with Radar,120,54,16,4,194,2,0,46,0,48,122,54,62,4,242,28,0,28,270
07/23/2000,GEG,WA,ANM,WE,Towers with Radar,111,41,7,1,160,2,1,41,1,45,113,42,48,2,205,26,0,26,231
07/24/2000,GEG,WA,ANM,WE,Towers with Radar,114,61,15,0,190,2,8,66,0,76,116,69,81,0,266,36,0,36,302
07/25/2000,GEG,WA,ANM,WE,Towers with Radar,136,81,28,1,246,2,0,96,0,98,138,81,124,1,344,74,2,76,420
07/26/2000,GEG,WA,ANM,WE,Towers with Radar,135,66,24,5,230,2,23,99,7,131,137,89,123,12,361,48,0,48,409
07/27/2000,GEG,WA,ANM,WE,Towers with Radar,137,71,23,3,234,0,13,100,0,113,137,84,123,3,347,62,0,62,409
07/28/2000,GEG,WA,ANM,WE,Towers with Radar,143,82,30,2,257,2,0,91,0,93,145,82,121,2,350,82,0,82,432
07/29/2000,GEG,WA,ANM,WE,Towers with Radar,115,50,21,2,188,2,0,84,0,86,117,50,105,2,274,28,0,28,302
07/30/2000,GEG,WA,ANM,WE,Towers with Radar,116,45,7,0,168,2,0,64,0,66,118,45,71,0,234,28,0,28,262
07/31/2000,GEG,WA,ANM,WE,Towers with Radar,118,57,26,11,212,2,11,98,4,115,120,68,124,15,327,42,2,44,371
08/01/2000,GEG,WA,ANM,WE,Towers with Radar,130,77,23,1,231,3,8,78,1,90,133,85,101,2,321,58,2,60,381
08/02/2000,GEG,WA,ANM,WE,Towers with Radar,142,80,23,0,245,0,6,74,2,82,142,86,97,2,327,148,0,148,475
08/03/2000,GEG,WA,ANM,WE,Towers with Radar,169,85,20,1,275,0,10,98,2,110,169,95,118,3,385,120,0,120,505
08/04/2000,GEG,WA,ANM,WE,Towers with Radar,126,63,25,3,217,8,19,88,0,115,134,82,113,3,332,76,0,76,408
08/05/2000,GEG,WA,ANM,WE,Towers with Radar,86,44,18,2,150,38,4,37,0,79,124,48,55,2,229,16,0,16,245
08/06/2000,GEG,WA,ANM,WE,Towers with Radar,98,41,17,1,157,1,0,62,2,65,99,41,79,3,222,18,0,18,240
08/07/2000,GEG,WA,ANM,WE,Towers with Radar,125,59,25,0,209,6,0,84,0,90,131,59,109,0,299,126,0,126,425
08/08/2000,GEG,WA,ANM,WE,Towers with Radar,130,78,25,0,233,1,4,81,0,86,131,82,106,0,319,128,0,128,447
08/09/2000,GEG,WA,ANM,WE,Towers with Radar,156,87,54,2,299,1,11,84,2,98,157,98,138,4,397,28,2,30,427
08/10/2000,GEG,WA,ANM,WE,Towers with Radar,145,77,22,6,250,1,8,88,2,99,146,85,110,8,349,100,12,112,461
08/11/2000,GEG,WA,ANM,WE,Towers with Radar,156,78,15,8,257,1,0,104,0,105,157,78,119,8,362,70,0,70,432
08/12/2000,GEG,WA,ANM,WE,Towers with Radar,141,51,15,2,209,1,0,107,0,108,142,51,122,2,317,60,0,60,377
08/13/2000,GEG,WA,ANM,WE,Towers with Radar,135,42,31,11,219,1,0,104,0,105,136,42,135,11,324,48,0,48,372
08/14/2000,GEG,WA,ANM,WE,Towers with Radar,147,64,26,2,239,1,5,74,7,87,148,69,100,9,326,88,0,88,414
08/15/2000,GEG,WA,ANM,WE,Towers with Radar,143,81,33,4,261,0,13,80,21,114,143,94,113,25,375,50,8,58,433
08/16/2000,GEG,WA,ANM,WE,Towers with Radar,138,72,26,9,245,1,7,114,13,135,139,79,140,22,380,42,14,56,436
08/17/2000,GEG,WA,ANM,WE,Towers with Radar,142,75,27,0,244,1,9,99,20,129,143,84,126,20,373,58,0,58,431
08/18/2000,GEG,WA,ANM,WE,Towers with Radar,167,78,22,7,274,0,0,101,0,101,167,78,123,7,375,56,0,56,431
08/19/2000,GEG,WA,ANM,WE,Towers with Radar,118,59,18,2,197,0,0,65,0,65,118,59,83,2,262,62,0,62,324
08/20/2000,GEG,WA,ANM,WE,Towers with Radar,85,32,17,2,136,14,0,83,0,97,99,32,100,2,233,0,0,0,233
08/21/2000,GEG,WA,ANM,WE,Towers with Radar,123,63,27,2,215,0,11,98,6,115,123,74,125,8,330,20,0,20,350
08/22/2000,GEG,WA,ANM,WE,Towers with Radar,137,63,34,5,239,0,13,89,6,108,137,76,123,11,347,42,6,48,395
08/23/2000,GEG,WA,ANM,WE,Towers with Radar,142,72,25,5,244,0,8,88,16,112,142,80,113,21,356,81,0,81,437
08/24/2000,GEG,WA,ANM,WE,Towers with Radar,154,81,43,4,282,6,6,126,18,156,160,87,169,22,438,64,8,72,510
08/25/2000,GEG,WA,ANM,WE,Towers with Radar,142,76,30,4,252,0,2,89,5,96,142,78,119,9,348,64,6,70,418
08/26/2000,GEG,WA,ANM,WE,Towers with Radar,128,57,18,2,205,0,0,44,0,44,128,57,62,2,249,60,0,60,309
08/27/2000,GEG,WA,ANM,WE,Towers with Radar,120,35,13,2,170,0,0,53,0,53,120,35,66,2,223,0,14,14,237
08/28/2000,GEG,WA,ANM,WE,Towers with Radar,134,73,18,8,233,0,0,83,0,83,134,73,101,8,316,34,0,34,350
08/29/2000,GEG,WA,ANM,WE,Towers with Radar,136,65,31,6,238,0,6,55,34,95,136,71,86,40,333,70,10,80,413
08/30/2000,GEG,WA,ANM,WE,Towers with Radar,146,78,31,4,259,0,10,91,23,124,146,88,122,27,383,76,0,76,459
08/31/2000,GEG,WA,ANM,WE,Towers with Radar,141,86,34,4,265,0,0,91,3,94,141,86,125,7,359,82,14,96,455
09/01/2000,GEG,WA,ANM,WE,Towers with Radar,134,93,11,2,240,3,0,56,0,59,137,93,67,2,299,72,0,72,371
09/02/2000,GEG,WA,ANM,WE,Towers with Radar,112,56,21,0,189,2,0,13,0,15,114,56,34,0,204,18,0,18,222
09/03/2000,GEG,WA,ANM,WE,Towers with Radar,104,35,7,2,148,1,0,46,0,47,105,35,53,2,195,34,0,34,229
09/04/2000,GEG,WA,ANM,WE,Towers with Radar,97,45,19,2,163,9,0,39,22,70,106,45,58,24,233,55,0,55,288
09/05/2000,GEG,WA,ANM,WE,Towers with Radar,115,75,13,8,211,0,8,78,0,86,115,83,91,8,297,30,0,30,327
09/06/2000,GEG,WA,ANM,WE,Towers with Radar,147,78,53,3,281,0,3,90,4,97,147,81,143,7,378,58,10,68,446
09/07/2000,GEG,WA,ANM,WE,Towers with Radar,163,73,42,0,278,0,0,113,1,114,163,73,155,1,392,34,0,34,426
09/08/2000,GEG,WA,ANM,WE,Towers with Radar,136,86,23,0,245,0,3,20,3,26,136,89,43,3,271,24,0,24,295
09/09/2000,GEG,WA,ANM,WE,Towers with Radar,115,52,25,0,192,0,0,28,0,28,115,52,53,0,220,30,0,30,250
09/10/2000,GEG,WA,ANM,WE,Towers with Radar,101,34,41,0,176,0,0,3,1,4,101,34,44,1,180,20,0,20,200
09/11/2000,GEG,WA,ANM,WE,Towers with Radar,116,73,15,0,204,0,5,54,1,60,116,78,69,1,264,14,0,14,278
09/12/2000,GEG,WA,ANM,WE,Towers with Radar,135,69,33,0,237,0,9,80,2,91,135,78,113,2,328,96,36,132,460
09/13/2000,GEG,WA,ANM,WE,Towers with Radar,139,79,29,0,247,0,7,100,0,107,139,86,129,0,354,78,0,78,432
09/14/2000,GEG,WA,ANM,WE,Towers with Radar,144,78,54,6,282,0,0,99,1,100,144,78,153,7,382,48,6,54,436
09/15/2000,GEG,WA,ANM,WE,Towers with Radar,128,72,29,0,229,0,3,72,0,75,128,75,101,0,304,56,16,72,376
09/16/2000,GEG,WA,ANM,WE,Towers with Radar,83,43,17,0,143,28,9,53,0,90,111,52,70,0,233,44,0,44,277
09/17/2000,GEG,WA,ANM,WE,Towers with Radar,99,40,15,0,154,0,0,57,0,57,99,40,72,0,211,6,0,6,217
09/18/2000,GEG,WA,ANM,WE,Towers with Radar,101,52,19,2,174,6,16,85,14,121,107,68,104,16,295,56,0,56,351
09/19/2000,GEG,WA,ANM,WE,Towers with Radar,132,82,23,1,238,0,5,56,1,62,132,87,79,2,300,54,0,54,354
09/20/2000,GEG,WA,ANM,WE,Towers with Radar,154,78,41,0,273,0,9,57,0,66,154,87,98,0,339,20,0,20,359
09/21/2000,GEG,WA,ANM,WE,Towers with Radar,132,72,39,8,251,0,6,18,6,30,132,78,57,14,281,14,2,16,297
09/22/2000,GEG,WA,ANM,WE,Towers with Radar,137,75,24,12,248,0,0,81,0,81,137,75,105,12,329,40,4,44,373
09/23/2000,GEG,WA,ANM,WE,Towers with Radar,117,55,13,10,195,0,0,79,0,79,117,55,92,10,274,32,2,34,308
09/24/2000,GEG,WA,ANM,WE,Towers with Radar,103,36,30,1,170,1,0,45,1,47,104,36,75,2,217,32,0,32,249
09/25/2000,GEG,WA,ANM,WE,Towers with Radar,118,60,27,1,206,0,9,76,1,86,118,69,103,2,292,86,6,92,384
09/26/2000,GEG,WA,ANM,WE,Towers with Radar,125,72,16,0,213,0,6,90,4,100,125,78,106,4,313,22,6,28,341
09/27/2000,GEG,WA,ANM,WE,Towers with Radar,135,67,30,2,234,0,5,79,1,85,135,72,109,3,319,110,10,120,439
09/28/2000,GEG,WA,ANM,WE,Towers with Radar,151,72,29,15,267,0,0,101,0,101,151,72,130,15,368,64,0,64,432
09/29/2000,GEG,WA,ANM,WE,Towers with Radar,133,71,26,10,240,0,0,51,0,51,133,71,77,10,291,70,32,102,393
09/30/2000,GEG,WA,ANM,WE,Towers with Radar,113,51,39,2,205,0,0,10,0,10,113,51,49,2,215,22,0,22,237
10/01/2000,GEG,WA,ANM,WE,Towers with Radar,92,37,16,2,147,2,0,44,0,46,94,37,60,2,193,42,0,42,235
10/02/2000,GEG,WA,ANM,WE,Towers with Radar,109,68,25,0,202,0,4,80,0,84,109,72,105,0,286,16,18,34,320
10/03/2000,GEG,WA,ANM,WE,Towers with Radar,133,76,28,2,239,0,7,105,3,115,133,83,133,5,354,46,2,48,402
10/04/2000,GEG,WA,ANM,WE,Towers with Radar,132,87,35,4,258,0,10,125,1,136,132,97,160,5,394,32,10,42,436
10/05/2000,GEG,WA,ANM,WE,Towers with Radar,136,77,24,3,240,0,8,89,2,99,136,85,113,5,339,24,27,51,390
10/06/2000,GEG,WA,ANM,WE,Towers with Radar,124,73,26,0,223,0,0,128,0,128,124,73,154,0,351,78,0,78,429
10/07/2000,GEG,WA,ANM,WE,Towers with Radar,113,47,31,1,192,0,0,83,0,83,113,47,114,1,275,62,0,62,337
10/08/2000,GEG,WA,ANM,WE,Towers with Radar,105,40,12,0,157,0,0,62,0,62,105,40,74,0,219,42,0,42,261
10/09/2000,GEG,WA,ANM,WE,Towers with Radar,111,56,21,1,189,0,1,63,0,64,111,57,84,1,253,2,0,2,255
10/10/2000,GEG,WA,ANM,WE,Towers with Radar,131,76,42,0,249,0,1,56,3,60,131,77,98,3,309,96,0,96,405
10/11/2000,GEG,WA,ANM,WE,Towers with Radar,141,81,39,1,262,0,0,24,0,24,141,81,63,1,286,48,0,48,334
10/12/2000,GEG,WA,ANM,WE,Towers with Radar,134,85,58,4,281,0,0,40,0,40,134,85,98,4,321,12,0,12,333
10/13/2000,GEG,WA,ANM,WE,Towers with Radar,125,76,25,0,226,0,0,46,0,46,125,76,71,0,272,62,0,62,334
10/14/2000,GEG,WA,ANM,WE,Towers with Radar,91,50,18,0,159,21,1,28,2,52,112,51,46,2,211,26,0,26,237
10/15/2000,GEG,WA,ANM,WE,Towers with Radar,72,39,14,0,125,31,0,24,2,57,103,39,38,2,182,68,0,68,250
10/16/2000,GEG,WA,ANM,WE,Towers with Radar,109,60,23,0,192,7,8,73,0,88,116,68,96,0,280,8,0,8,288
10/17/2000,GEG,WA,ANM,WE,Towers with Radar,119,66,25,0,210,14,26,114,0,154,133,92,139,0,364,48,0,48,412
10/18/2000,GEG,WA,ANM,WE,Towers with Radar,140,74,30,0,244,0,0,69,0,69,140,74,99,0,313,78,4,82,395
10/19/2000,GEG,WA,ANM,WE,Towers with Radar,128,78,23,3,232,0,0,90,0,90,128,78,113,3,322,72,0,72,394
10/20/2000,GEG,WA,ANM,WE,Towers with Radar,132,85,52,0,269,0,0,38,0,38,132,85,90,0,307,66,0,66,373
10/21/2000,GEG,WA,ANM,WE,Towers with Radar,113,58,13,2,186,0,0,57,0,57,113,58,70,2,243,42,0,42,285
10/22/2000,GEG,WA,ANM,WE,Towers with Radar,98,44,12,0,154,1,0,42,0,43,99,44,54,0,197,0,0,0,197
10/23/2000,GEG,WA,ANM,WE,Towers with Radar,126,70,28,1,225,2,6,94,4,106,128,76,122,5,331,42,0,42,373
10/24/2000,GEG,WA,ANM,WE,Towers with Radar,137,78,32,1,248,0,0,88,0,88,137,78,120,1,336,54,0,54,390
10/25/2000,GEG,WA,ANM,WE,Towers with Radar,115,54,25,0,194,0,0,54,0,54,115,54,79,0,248,86,18,104,352
10/26/2000,GEG,WA,ANM,WE,Towers with Radar,134,83,48,0,265,0,0,53,0,53,134,83,101,0,318,62,0,62,380
10/27/2000,GEG,WA,ANM,WE,Towers with Radar,126,70,28,0,224,4,19,21,0,44,130,89,49,0,268,28,0,28,296
10/28/2000,GEG,WA,ANM,WE,Towers with Radar,114,55,22,1,192,0,0,20,0,20,114,55,42,1,212,32,0,32,244
10/29/2000,GEG,WA,ANM,WE,Towers with Radar,100,43,14,1,158,1,0,12,0,13,101,43,26,1,171,8,0,8,179
10/30/2000,GEG,WA,ANM,WE,Towers with Radar,118,65,13,0,196,0,0,36,0,36,118,65,49,0,232,22,0,22,254
10/31/2000,GEG,WA,ANM,WE,Towers with Radar,128,83,25,2,238,0,4,15,0,19,128,87,40,2,257,4,0,4,261
11/01/2000,GEG,WA,ANM,WE,Towers with Radar,122,77,36,0,235,3,1,52,0,56,125,78,88,0,291,0,0,0,291
11/02/2000,GEG,WA,ANM,WE,Towers with Radar,129,75,34,0,238,3,1,32,0,36,132,76,66,0,274,14,0,14,288
11/03/2000,GEG,WA,ANM,WE,Towers with Radar,123,79,30,2,234,0,0,17,5,22,123,79,47,7,256,26,4,30,286
11/04/2000,GEG,WA,ANM,WE,Towers with Radar,97,54,21,1,173,3,1,13,0,17,100,55,34,1,190,8,0,8,198
11/05/2000,GEG,WA,ANM,WE,Towers with Radar,99,44,18,2,163,3,1,59,0,63,102,45,77,2,226,40,0,40,266
11/06/2000,GEG,WA,ANM,WE,Towers with Radar,122,73,34,3,232,0,0,60,11,71,122,73,94,14,303,36,0,36,339
11/07/2000,GEG,WA,ANM,WE,Towers with Radar,122,78,36,0,236,3,1,62,0,66,125,79,98,0,302,8,0,8,310
11/08/2000,GEG,WA,ANM,WE,Towers with Radar,109,65,23,2,199,30,17,0,0,47,139,82,23,2,246,0,0,0,246
11/09/2000,GEG,WA,ANM,WE,Towers with Radar,128,77,48,2,255,0,0,20,0,20,128,77,68,2,275,24,0,24,299
11/10/2000,GEG,WA,ANM,WE,Towers with Radar,108,74,23,1,206,3,1,109,0,113,111,75,132,1,319,78,0,78,397
11/11/2000,GEG,WA,ANM,WE,Towers with Radar,88,53,20,2,163,10,5,69,1,85,98,58,89,3,248,48,6,54,302
11/12/2000,GEG,WA,ANM,WE,Towers with Radar,98,47,17,1,163,3,1,25,0,29,101,48,42,1,192,34,0,34,226
11/13/2000,GEG,WA,ANM,WE,Towers with Radar,111,61,26,0,198,3,7,60,0,70,114,68,86,0,268,48,0,48,316
11/14/2000,GEG,WA,ANM,WE,Towers with Radar,132,78,35,8,253,3,6,59,0,68,135,84,94,8,321,48,4,52,373
11/15/2000,GEG,WA,ANM,WE,Towers with Radar,125,80,64,0,269,3,0,16,0,19,128,80,80,0,288,24,0,24,312
11/16/2000,GEG,WA,ANM,WE,Towers with Radar,134,85,45,0,264,3,0,34,0,37,137,85,79,0,301,64,0,64,365
11/17/2000,GEG,WA,ANM,WE,Towers with Radar,96,58,21,2,177,14,18,32,0,64,110,76,53,2,241,96,0,96,337
11/18/2000,GEG,WA,ANM,WE,Towers with Radar,86,49,15,0,150,3,0,48,0,51,89,49,63,0,201,68,0,68,269
11/19/2000,GEG,WA,ANM,WE,Towers with Radar,98,42,10,0,150,3,2,45,0,50,101,44,55,0,200,56,0,56,256
11/20/2000,GEG,WA,ANM,WE,Towers with Radar,110,66,28,2,206,3,1,104,0,108,113,67,132,2,314,54,0,54,368
11/21/2000,GEG,WA,ANM,WE,Towers with Radar,129,85,29,1,244,3,7,54,2,66,132,92,83,3,310,56,0,56,366
11/22/2000,GEG,WA,ANM,WE,Towers with Radar,134,81,27,0,242,3,0,2,0,5,137,81,29,0,247,0,0,0,247
11/23/2000,GEG,WA,ANM,WE,Towers with Radar,99,31,10,0,140,3,0,1,0,4,102,31,11,0,144,8,0,8,152
11/24/2000,GEG,WA,ANM,WE,Towers with Radar,92,67,13,0,172,2,1,1,0,4,94,68,14,0,176,0,0,0,176
11/25/2000,GEG,WA,ANM,WE,Towers with Radar,92,54,13,2,161,2,1,7,0,10,94,55,20,2,171,0,0,0,171
11/26/2000,GEG,WA,ANM,WE,Towers with Radar,100,36,11,0,147,2,1,2,0,5,102,37,13,0,152,28,0,28,180
11/27/2000,GEG,WA,ANM,WE,Towers with Radar,115,81,29,0,225,2,1,57,0,60,117,82,86,0,285,34,0,34,319
11/28/2000,GEG,WA,ANM,WE,Towers with Radar,131,82,30,0,243,2,3,18,5,28,133,85,48,5,271,18,0,18,289
11/29/2000,GEG,WA,ANM,WE,Towers with Radar,127,85,24,0,236,2,1,4,0,7,129,86,28,0,243,4,0,4,247
11/30/2000,GEG,WA,ANM,WE,Towers with Radar,135,80,30,1,246,1,13,20,1,35,136,93,50,2,281,38,2,40,321
12/01/2000,GEG,WA,ANM,WE,Towers with Radar,105,73,32,3,213,0,0,18,1,19,105,73,50,4,232,8,0,8,240
12/02/2000,GEG,WA,ANM,WE,Towers with Radar,98,53,20,8,179,1,2,11,0,14,99,55,31,8,193,54,0,54,247
12/03/2000,GEG,WA,ANM,WE,Towers with Radar,113,43,27,7,190,1,2,1,2,6,114,45,28,9,196,10,0,10,206
12/04/2000,GEG,WA,ANM,WE,Towers with Radar,109,56,27,0,192,1,2,44,0,47,110,58,71,0,239,38,4,42,281
12/05/2000,GEG,WA,ANM,WE,Towers with Radar,132,82,28,2,244,0,2,0,0,2,132,84,28,2,246,0,0,0,246
12/06/2000,GEG,WA,ANM,WE,Towers with Radar,138,81,31,2,252,0,13,20,0,33,138,94,51,2,285,0,0,0,285
12/07/2000,GEG,WA,ANM,WE,Towers with Radar,144,90,40,6,280,0,2,0,0,2,144,92,40,6,282,0,0,0,282
12/08/2000,GEG,WA,ANM,WE,Towers with Radar,124,76,35,0,235,1,2,0,0,3,125,78,35,0,238,0,0,0,238
12/09/2000,GEG,WA,ANM,WE,Towers with Radar,96,55,16,0,167,1,2,9,0,12,97,57,25,0,179,28,0,28,207
12/10/2000,GEG,WA,ANM,WE,Towers with Radar,94,42,12,0,148,1,1,0,0,2,95,43,12,0,150,0,0,0,150
12/11/2000,GEG,WA,ANM,WE,Towers with Radar,123,80,29,2,234,1,1,52,0,54,124,81,81,2,288,30,0,30,318
12/12/2000,GEG,WA,ANM,WE,Towers with Radar,139,77,30,1,247,0,8,51,0,59,139,85,81,1,306,52,0,52,358
12/13/2000,GEG,WA,ANM,WE,Towers with Radar,116,77,38,3,234,0,2,18,2,22,116,79,56,5,256,84,0,84,340
12/14/2000,GEG,WA,ANM,WE,Towers with Radar,125,83,36,0,244,1,1,8,0,10,126,84,44,0,254,6,6,12,266
12/15/2000,GEG,WA,ANM,WE,Towers with Radar,122,67,26,1,216,19,24,13,0,56,141,91,39,1,272,30,0,30,302
12/16/2000,GEG,WA,ANM,WE,Towers with Radar,81,44,12,0,137,22,12,0,0,34,103,56,12,0,171,2,0,2,173
12/17/2000,GEG,WA,ANM,WE,Towers with Radar,110,45,12,0,167,1,1,18,0,20,111,46,30,0,187,24,0,24,211
12/18/2000,GEG,WA,ANM,WE,Towers with Radar,142,67,34,0,243,0,0,31,0,31,142,67,65,0,274,34,0,34,308
12/19/2000,GEG,WA,ANM,WE,Towers with Radar,136,86,31,0,253,1,2,18,2,23,137,88,49,2,276,38,0,38,314
12/20/2000,GEG,WA,ANM,WE,Towers with Radar,143,74,37,0,254,1,1,12,0,14,144,75,49,0,268,14,0,14,282
12/21/2000,GEG,WA,ANM,WE,Towers with Radar,147,87,33,2,269,0,3,12,2,17,147,90,45,4,286,10,0,10,296
12/22/2000,GEG,WA,ANM,WE,Towers with Radar,144,96,19,0,259,0,2,0,0,2,144,98,19,0,261,0,0,0,261
12/23/2000,GEG,WA,ANM,WE,Towers with Radar,128,70,6,0,204,0,2,0,0,2,128,72,6,0,206,0,0,0,206
12/24/2000,GEG,WA,ANM,WE,Towers with Radar,92,36,1,0,129,0,2,0,0,2,92,38,1,0,131,0,0,0,131
12/25/2000,GEG,WA,ANM,WE,Towers with Radar,87,29,1,0,117,0,2,0,0,2,87,31,1,0,119,0,0,0,119
12/26/2000,GEG,WA,ANM,WE,Towers with Radar,105,56,23,0,184,18,14,24,0,56,123,70,47,0,240,4,0,4,244
12/27/2000,GEG,WA,ANM,WE,Towers with Radar,135,74,32,3,244,0,2,10,0,12,135,76,42,3,256,22,0,22,278
12/28/2000,GEG,WA,ANM,WE,Towers with Radar,124,67,31,2,224,0,2,9,0,11,124,69,40,2,235,14,0,14,249
12/29/2000,GEG,WA,ANM,WE,Towers with Radar,122,68,19,0,209,0,10,30,0,40,122,78,49,0,249,50,0,50,299
12/30/2000,GEG,WA,ANM,WE,Towers with Radar,113,56,14,0,183,1,2,0,0,3,114,58,14,0,186,10,0,10,196
12/31/2000,GEG,WA,ANM,WE,Towers with Radar,77,40,10,0,127,19,0,0,0,19,96,40,10,0,146,0,0,0,146
01/01/2001,GEG,WA,ANM,WE,Towers with Radar,91,43,9,0,143,4,1,1,0,6,95,44,10,0,149,0,0,0,149
01/02/2001,GEG,WA,ANM,WE,Towers with Radar,108,68,29,0,205,3,3,27,0,33,111,71,56,0,238,45,0,45,283
01/03/2001,GEG,WA,ANM,WE,Towers with Radar,135,83,37,2,257,2,7,7,0,16,137,90,44,2,273,20,8,28,301
01/04/2001,GEG,WA,ANM,WE,Towers with Radar,134,79,32,1,246,2,2,48,0,52,136,81,80,1,298,64,0,64,362
01/05/2001,GEG,WA,ANM,WE,Towers with Radar,125,75,32,0,232,0,3,47,0,50,125,78,79,0,282,72,0,72,354
01/06/2001,GEG,WA,ANM,WE,Towers with Radar,76,37,19,0,132,2,2,0,0,4,78,39,19,0,136,0,0,0,136
01/07/2001,GEG,WA,ANM,WE,Towers with Radar,98,43,36,11,188,2,2,56,1,61,100,45,92,12,249,86,0,86,335
01/08/2001,GEG,WA,ANM,WE,Towers with Radar,103,66,19,0,188,2,2,43,0,47,105,68,62,0,235,6,0,6,241
01/09/2001,GEG,WA,ANM,WE,Towers with Radar,128,86,28,0,242,2,8,18,0,28,130,94,46,0,270,0,0,0,270
01/10/2001,GEG,WA,ANM,WE,Towers with Radar,134,79,34,6,253,2,2,7,1,12,136,81,41,7,265,12,0,12,277
01/11/2001,GEG,WA,ANM,WE,Towers with Radar,120,79,31,8,238,2,2,49,0,53,122,81,80,8,291,92,0,92,383
01/12/2001,GEG,WA,ANM,WE,Towers with Radar,119,68,32,3,222,2,2,2,0,6,121,70,34,3,228,4,0,4,232
01/13/2001,GEG,WA,ANM,WE,Towers with Radar,101,57,14,0,172,2,2,0,0,4,103,59,14,0,176,0,0,0,176
01/14/2001,GEG,WA,ANM,WE,Towers with Radar,93,41,15,0,149,3,1,0,0,4,96,42,15,0,153,4,0,4,157
01/15/2001,GEG,WA,ANM,WE,Towers with Radar,74,46,19,1,140,22,6,8,1,37,96,52,27,2,177,16,0,16,193
01/16/2001,GEG,WA,ANM,WE,Towers with Radar,132,76,22,0,230,3,0,0,0,3,135,76,22,0,233,0,0,0,233
01/17/2001,GEG,WA,ANM,WE,Towers with Radar,124,80,36,2,242,0,0,15,6,21,124,80,51,8,263,34,0,34,297
01/18/2001,GEG,WA,ANM,WE,Towers with Radar,125,80,32,2,239,0,0,0,2,2,125,80,32,4,241,0,0,0,241
01/19/2001,GEG,WA,ANM,WE,Towers with Radar,119,83,24,4,230,3,0,0,0,3,122,83,24,4,233,0,0,0,233
01/20/2001,GEG,WA,ANM,WE,Towers with Radar,97,60,36,0,193,3,0,28,0,31,100,60,64,0,224,28,0,28,252
01/21/2001,GEG,WA,ANM,WE,Towers with Radar,67,42,18,0,127,23,2,2,0,27,90,44,20,0,154,0,0,0,154
01/22/2001,GEG,WA,ANM,WE,Towers with Radar,106,74,29,0,209,3,0,0,0,3,109,74,29,0,212,0,0,0,212
01/23/2001,GEG,WA,ANM,WE,Towers with Radar,136,91,37,2,266,0,3,99,2,104,136,94,136,4,370,70,6,76,446
01/24/2001,GEG,WA,ANM,WE,Towers with Radar,141,88,44,2,275,0,0,58,0,58,141,88,102,2,333,86,0,86,419
01/25/2001,GEG,WA,ANM,WE,Towers with Radar,100,62,25,2,189,28,21,0,6,55,128,83,25,8,244,8,0,8,252
01/26/2001,GEG,WA,ANM,WE,Towers with Radar,127,78,34,2,241,0,0,29,3,32,127,78,63,5,273,12,6,18,291
01/27/2001,GEG,WA,ANM,WE,Towers with Radar,79,49,18,0,146,13,0,0,0,13,92,49,18,0,159,12,0,12,171
01/28/2001,GEG,WA,ANM,WE,Towers with Radar,94,45,8,0,147,3,0,0,0,3,97,45,8,0,150,0,0,0,150
01/29/2001,GEG,WA,ANM,WE,Towers with Radar,101,63,25,1,190,0,12,7,0,19,101,75,32,1,209,8,0,8,217
01/30/2001,GEG,WA,ANM,WE,Towers with Radar,122,80,33,3,238,0,0,11,3,14,122,80,44,6,252,12,0,12,264
01/31/2001,GEG,WA,ANM,WE,Towers with Radar,133,91,41,0,265,0,0,24,0,24,133,91,65,0,289,78,0,78,367
02/01/2001,GEG,WA,ANM,WE,Towers with Radar,121,71,36,3,231,3,1,42,0,46,124,72,78,3,277,22,0,22,299
02/02/2001,GEG,WA,ANM,WE,Towers with Radar,127,77,41,0,245,2,5,35,2,44,129,82,76,2,289,76,0,76,365
02/03/2001,GEG,WA,ANM,WE,Towers with Radar,100,51,21,3,175,2,3,57,1,63,102,54,78,4,238,60,0,60,298
02/04/2001,GEG,WA,ANM,WE,Towers with Radar,88,36,12,0,136,2,2,0,0,4,90,38,12,0,140,4,0,4,144
02/05/2001,GEG,WA,ANM,WE,Towers with Radar,108,87,28,3,226,2,3,7,1,13,110,90,35,4,239,8,0,8,247
02/06/2001,GEG,WA,ANM,WE,Towers with Radar,115,77,52,0,244,2,3,61,1,67,117,80,113,1,311,80,6,86,397
02/07/2001,GEG,WA,ANM,WE,Towers with Radar,129,76,21,5,231,2,1,86,0,89,131,77,107,5,320,82,0,82,402
02/08/2001,GEG,WA,ANM,WE,Towers with Radar,117,70,37,0,224,0,0,59,0,59,117,70,96,0,283,38,0,38,321
02/09/2001,GEG,WA,ANM,WE,Towers with Radar,116,88,16,0,220,2,1,0,0,3,118,89,16,0,223,0,0,0,223
02/10/2001,GEG,WA,ANM,WE,Towers with Radar,99,54,21,10,184,2,1,9,2,14,101,55,30,12,198,15,0,15,213
02/11/2001,GEG,WA,ANM,WE,Towers with Radar,101,43,16,0,160,40,1,0,0,41,141,44,16,0,201,44,0,44,245
02/12/2001,GEG,WA,ANM,WE,Towers with Radar,106,73,34,0,213,2,4,20,0,26,108,77,54,0,239,12,0,12,251
02/13/2001,GEG,WA,ANM,WE,Towers with Radar,122,84,34,1,241,0,13,34,4,51,122,97,68,5,292,24,0,24,316
02/14/2001,GEG,WA,ANM,WE,Towers with Radar,133,84,36,8,261,2,1,51,0,54,135,85,87,8,315,23,0,23,338
02/15/2001,GEG,WA,ANM,WE,Towers with Radar,130,83,33,0,246,2,1,55,0,58,132,84,88,0,304,30,6,36,340
02/16/2001,GEG,WA,ANM,WE,Towers with Radar,126,93,21,0,240,2,1,3,0,6,128,94,24,0,246,0,0,0,246
02/17/2001,GEG,WA,ANM,WE,Towers with Radar,104,55,23,0,182,2,2,33,0,37,106,57,56,0,219,56,0,56,275
02/18/2001,GEG,WA,ANM,WE,Towers with Radar,78,42,12,0,132,2,1,0,0,3,80,43,12,0,135,8,0,8,143
02/19/2001,GEG,WA,ANM,WE,Towers with Radar,108,60,24,0,192,2,2,42,0,46,110,62,66,0,238,54,0,54,292
02/20/2001,GEG,WA,ANM,WE,Towers with Radar,110,79,35,0,224,2,3,62,0,67,112,82,97,0,291,94,2,96,387
02/21/2001,GEG,WA,ANM,WE,Towers with Radar,128,79,37,2,246,0,0,51,0,51,128,79,88,2,297,70,4,74,371
02/22/2001,GEG,WA,ANM,WE,Towers with Radar,142,75,35,4,256,2,1,0,0,3,144,76,35,4,259,16,0,16,275
02/23/2001,GEG,WA,ANM,WE,Towers with Radar,127,85,24,0,236,2,1,3,0,6,129,86,27,0,242,12,0,12,254
02/24/2001,GEG,WA,ANM,WE,Towers with Radar,96,56,25,0,177,2,5,47,0,54,98,61,72,0,231,32,0,32,263
02/25/2001,GEG,WA,ANM,WE,Towers with Radar,72,42,18,1,133,15,0,66,0,81,87,42,84,1,214,66,0,66,280
02/26/2001,GEG,WA,ANM,WE,Towers with Radar,102,60,35,0,197,2,1,54,0,57,104,61,89,0,254,35,5,40,294
02/27/2001,GEG,WA,ANM,WE,Towers with Radar,115,81,37,2,235,2,6,92,1,101,117,87,129,3,336,86,0,86,422
02/28/2001,GEG,WA,ANM,WE,Towers with Radar,144,82,40,0,266,2,1,100,0,103,146,83,140,0,369,66,0,66,435
03/01/2001,GEG,WA,ANM,WE,Towers with Radar,121,76,25,2,224,1,0,48,0,49,122,76,73,2,273,28,0,28,301
03/02/2001,GEG,WA,ANM,WE,Towers with Radar,110,96,31,2,239,0,3,51,1,55,110,99,82,3,294,22,0,22,316
03/03/2001,GEG,WA,ANM,WE,Towers with Radar,94,61,11,0,166,0,3,55,0,58,94,64,66,0,224,60,0,60,284
03/04/2001,GEG,WA,ANM,WE,Towers with Radar,66,42,11,0,119,25,4,71,0,100,91,46,82,0,219,0,0,0,219
03/05/2001,GEG,WA,ANM,WE,Towers with Radar,124,74,31,0,229,0,6,77,0,83,124,80,108,0,312,78,0,78,390
03/06/2001,GEG,WA,ANM,WE,Towers with Radar,130,87,39,9,265,0,6,88,0,94,130,93,127,9,359,98,12,110,469
03/07/2001,GEG,WA,ANM,WE,Towers with Radar,136,87,26,4,253,0,0,106,0,106,136,87,132,4,359,66,25,91,450
03/08/2001,GEG,WA,ANM,WE,Towers with Radar,132,88,49,11,280,0,0,34,0,34,132,88,83,11,314,2,0,2,316
03/09/2001,GEG,WA,ANM,WE,Towers with Radar,123,92,36,0,251,0,3,51,0,54,123,95,87,0,305,96,0,96,401
03/10/2001,GEG,WA,ANM,WE,Towers with Radar,97,61,36,0,194,0,1,18,0,19,97,62,54,0,213,18,0,18,231
03/11/2001,GEG,WA,ANM,WE,Towers with Radar,103,39,17,0,159,0,1,49,0,50,103,40,66,0,209,30,0,30,239
03/12/2001,GEG,WA,ANM,WE,Towers with Radar,108,78,42,0,228,0,3,68,2,73,108,81,110,2,301,40,0,40,341
03/13/2001,GEG,WA,ANM,WE,Towers with Radar,118,74,23,0,215,0,3,16,2,21,118,77,39,2,236,0,0,0,236
03/14/2001,GEG,WA,ANM,WE,Towers with Radar,143,81,25,0,249,0,1,77,0,78,143,82,102,0,327,56,0,56,383
03/15/2001,GEG,WA,ANM,WE,Towers with Radar,130,86,40,0,256,0,0,42,0,42,130,86,82,0,298,40,0,40,338
03/16/2001,GEG,WA,ANM,WE,Towers with Radar,120,82,25,1,228,0,7,18,1,26,120,89,43,2,254,4,6,10,264
03/17/2001,GEG,WA,ANM,WE,Towers with Radar,100,56,22,0,178,0,1,19,0,20,100,57,41,0,198,8,0,8,206
03/18/2001,GEG,WA,ANM,WE,Towers with Radar,83,36,8,0,127,0,0,4,0,4,83,36,12,0,131,0,0,0,131
03/19/2001,GEG,WA,ANM,WE,Towers with Radar,100,82,26,1,209,0,6,18,4,28,100,88,44,5,237,0,10,10,247
03/20/2001,GEG,WA,ANM,WE,Towers with Radar,121,73,17,4,215,0,4,81,0,85,121,77,98,4,300,42,10,52,352
03/21/2001,GEG,WA,ANM,WE,Towers with Radar,132,80,17,1,230,0,0,80,0,80,132,80,97,1,310,92,0,92,402
03/22/2001,GEG,WA,ANM,WE,Towers with Radar,134,75,17,1,227,0,0,95,0,95,134,75,112,1,322,84,0,84,406
03/23/2001,GEG,WA,ANM,WE,Towers with Radar,119,70,21,1,211,0,0,113,0,113,119,70,134,1,324,34,0,34,358
03/24/2001,GEG,WA,ANM,WE,Towers with Radar,81,51,17,1,150,25,2,54,1,82,106,53,71,2,232,0,0,0,232
03/25/2001,GEG,WA,ANM,WE,Towers with Radar,74,37,13,0,124,45,0,0,0,45,119,37,13,0,169,8,0,8,177
03/26/2001,GEG,WA,ANM,WE,Towers with Radar,106,80,22,0,208,0,3,36,0,39,106,83,58,0,247,42,4,46,293
03/27/2001,GEG,WA,ANM,WE,Towers with Radar,123,86,29,0,238,0,3,37,2,42,123,89,66,2,280,112,18,130,410
03/28/2001,GEG,WA,ANM,WE,Towers with Radar,117,75,26,0,218,0,0,31,0,31,117,75,57,0,249,0,0,0,249
03/29/2001,GEG,WA,ANM,WE,Towers with Radar,132,85,30,1,248,0,0,13,3,16,132,85,43,4,264,28,0,28,292
03/30/2001,GEG,WA,ANM,WE,Towers with Radar,119,90,30,1,240,0,9,53,10,72,119,99,83,11,312,12,0,12,324
03/31/2001,GEG,WA,ANM,WE,Towers with Radar,92,58,3,0,153,0,0,5,0,5,92,58,8,0,158,2,0,2,160
04/01/2001,GEG,WA,ANM,WE,Towers with Radar,81,37,30,0,148,1,0,17,0,18,82,37,47,0,166,64,0,64,230
04/02/2001,GEG,WA,ANM,WE,Towers with Radar,103,69,31,0,203,0,0,13,0,13,103,69,44,0,216,46,0,46,262
04/03/2001,GEG,WA,ANM,WE,Towers with Radar,125,78,34,0,237,0,0,0,0,0,125,78,34,0,237,0,0,0,237
04/04/2001,GEG,WA,ANM,WE,Towers with Radar,134,80,10,2,226,0,0,69,1,70,134,80,79,3,296,102,2,104,400
04/05/2001,GEG,WA,ANM,WE,Towers with Radar,114,75,41,1,231,1,0,80,1,82,115,75,121,2,313,66,0,66,379
04/06/2001,GEG,WA,ANM,WE,Towers with Radar,144,90,32,9,275,1,0,19,1,21,145,90,51,10,296,54,18,72,368
04/07/2001,GEG,WA,ANM,WE,Towers with Radar,103,56,15,0,174,1,0,6,0,7,104,56,21,0,181,0,0,0,181
04/08/2001,GEG,WA,ANM,WE,Towers with Radar,105,36,12,0,153,1,0,17,0,18,106,36,29,0,171,22,0,22,193
04/09/2001,GEG,WA,ANM,WE,Towers with Radar,102,62,27,0,191,4,14,64,0,82,106,76,91,0,273,26,0,26,299
04/10/2001,GEG,WA,ANM,WE,Towers with Radar,122,91,35,0,248,1,5,42,0,48,123,96,77,0,296,24,0,24,320
04/11/2001,GEG,WA,ANM,WE,Towers with Radar,138,89,31,0,258,1,0,2,0,3,139,89,33,0,261,0,0,0,261
04/12/2001,GEG,WA,ANM,WE,Towers with Radar,138,79,48,1,266,1,0,53,0,54,139,79,101,1,320,0,0,0,320
04/13/2001,GEG,WA,ANM,WE,Towers with Radar,115,75,31,2,223,1,0,37,0,38,116,75,68,2,261,124,0,124,385
04/14/2001,GEG,WA,ANM,WE,Towers with Radar,93,48,1,0,142,1,25,0,0,26,94,73,1,0,168,30,0,30,198
04/15/2001,GEG,WA,ANM,WE,Towers with Radar,92,33,4,0,129,1,0,39,0,40,93,33,43,0,169,26,0,26,195
04/16/2001,GEG,WA,ANM,WE,Towers with Radar,96,62,33,0,191,0,8,71,2,81,96,70,104,2,272,6,0,6,278
04/17/2001,GEG,WA,ANM,WE,Towers with Radar,118,83,31,4,236,0,3,77,3,83,118,86,108,7,319,70,0,70,389
04/18/2001,GEG,WA,ANM,WE,Towers with Radar,128,90,50,0,268,0,0,41,0,41,128,90,91,0,309,38,0,38,347
04/19/2001,GEG,WA,ANM,WE,Towers with Radar,117,76,40,10,243,0,0,37,0,37,117,76,77,10,280,12,64,76,356
04/20/2001,GEG,WA,ANM,WE,Towers with Radar,113,78,31,2,224,0,1,80,0,81,113,79,111,2,305,14,24,38,343
04/21/2001,GEG,WA,ANM,WE,Towers with Radar,89,39,9,1,138,0,0,78,0,78,89,39,87,1,216,42,0,42,258
04/22/2001,GEG,WA,ANM,WE,Towers with Radar,104,38,22,1,165,0,0,45,0,45,104,38,67,1,210,0,0,0,210
04/23/2001,GEG,WA,ANM,WE,Towers with Radar,93,67,39,1,200,0,1,27,1,29,93,68,66,2,229,32,0,32,261
04/24/2001,GEG,WA,ANM,WE,Towers with Radar,114,71,23,1,209,0,0,69,0,69,114,71,92,1,278,60,0,60,338
04/25/2001,GEG,WA,ANM,WE,Towers with Radar,119,101,37,3,260,0,4,107,0,111,119,105,144,3,371,124,0,124,495
04/26/2001,GEG,WA,ANM,WE,Towers with Radar,121,84,48,2,255,0,3,89,2,94,121,87,137,4,349,78,0,78,427
04/27/2001,GEG,WA,ANM,WE,Towers with Radar,117,75,40,1,233,0,6,81,3,90,117,81,121,4,323,38,0,38,361
04/28/2001,GEG,WA,ANM,WE,Towers with Radar,83,46,20,0,149,13,0,0,0,13,96,46,20,0,162,2,0,2,164
04/29/2001,GEG,WA,ANM,WE,Towers with Radar,94,36,10,0,140,0,0,15,0,15,94,36,25,0,155,2,0,2,157
04/30/2001,GEG,WA,ANM,WE,Towers with Radar,97,31,26,1,155,0,0,11,0,11,97,31,37,1,166,20,0,20,186
05/01/2001,GEG,WA,ANM,WE,Towers with Radar,116,78,33,1,228,1,2,43,1,47,117,80,76,2,275,44,0,44,319
05/02/2001,GEG,WA,ANM,WE,Towers with Radar,127,85,27,0,239,0,0,91,0,91,127,85,118,0,330,51,14,65,395
05/03/2001,GEG,WA,ANM,WE,Towers with Radar,122,84,34,0,240,0,0,123,0,123,122,84,157,0,363,98,0,98,461
05/04/2001,GEG,WA,ANM,WE,Towers with Radar,111,80,24,0,215,1,9,61,0,71,112,89,85,0,286,40,2,42,328
05/05/2001,GEG,WA,ANM,WE,Towers with Radar,96,52,14,0,162,1,0,20,1,22,97,52,34,1,184,6,0,6,190
05/06/2001,GEG,WA,ANM,WE,Towers with Radar,87,32,14,0,133,1,0,112,0,113,88,32,126,0,246,26,0,26,272
05/07/2001,GEG,WA,ANM,WE,Towers with Radar,105,65,17,3,190,1,6,98,0,105,106,71,115,3,295,48,0,48,343
05/08/2001,GEG,WA,ANM,WE,Towers with Radar,116,73,26,10,225,0,4,89,1,94,116,77,115,11,319,78,46,124,443
05/09/2001,GEG,WA,ANM,WE,Towers with Radar,112,86,19,4,221,0,0,81,0,81,112,86,100,4,302,94,0,94,396
05/10/2001,GEG,WA,ANM,WE,Towers with Radar,129,82,14,3,228,1,0,108,0,109,130,82,122,3,337,30,0,30,367
05/11/2001,GEG,WA,ANM,WE,Towers with Radar,119,78,15,2,214,1,5,90,1,97,120,83,105,3,311,60,0,60,371
05/12/2001,GEG,WA,ANM,WE,Towers with Radar,95,48,24,0,167,1,5,71,0,77,96,53,95,0,244,32,0,32,276
05/13/2001,GEG,WA,ANM,WE,Towers with Radar,73,39,20,0,132,25,0,48,0,73,98,39,68,0,205,38,0,38,243
05/14/2001,GEG,WA,ANM,WE,Towers with Radar,117,72,36,0,225,1,0,20,0,21,118,72,56,0,246,36,2,38,284
05/15/2001,GEG,WA,ANM,WE,Towers with Radar,118,83,36,0,237,0,9,91,0,100,118,92,127,0,337,62,0,62,399
05/16/2001,GEG,WA,ANM,WE,Towers with Radar,132,88,39,0,259,1,0,43,0,44,133,88,82,0,303,14,8,22,325
05/17/2001,GEG,WA,ANM,WE,Towers with Radar,131,80,51,2,264,0,0,98,0,98,131,80,149,2,362,90,0,90,452
05/18/2001,GEG,WA,ANM,WE,Towers with Radar,115,91,44,0,250,0,5,73,6,84,115,96,117,6,334,74,0,74,408
05/19/2001,GEG,WA,ANM,WE,Towers with Radar,97,45,12,0,154,0,0,38,0,38,97,45,50,0,192,12,0,12,204
05/20/2001,GEG,WA,ANM,WE,Towers with Radar,86,38,17,0,141,0,0,67,0,67,86,38,84,0,208,26,0,26,234
05/21/2001,GEG,WA,ANM,WE,Towers with Radar,104,70,23,0,197,0,0,134,0,134,104,70,157,0,331,110,0,110,441
05/22/2001,GEG,WA,ANM,WE,Towers with Radar,122,80,34,0,236,0,6,120,0,126,122,86,154,0,362,80,0,80,442
05/23/2001,GEG,WA,ANM,WE,Towers with Radar,130,75,52,4,261,0,0,124,0,124,130,75,176,4,385,46,16,62,447
05/24/2001,GEG,WA,ANM,WE,Towers with Radar,126,74,42,4,246,0,0,117,0,117,126,74,159,4,363,79,0,79,442
05/25/2001,GEG,WA,ANM,WE,Towers with Radar,123,75,27,3,228,0,5,73,0,78,123,80,100,3,306,76,0,76,382
05/26/2001,GEG,WA,ANM,WE,Towers with Radar,91,46,37,2,176,0,2,63,0,65,91,48,100,2,241,84,0,84,325
05/27/2001,GEG,WA,ANM,WE,Towers with Radar,80,29,1,0,110,0,0,23,0,23,80,29,24,0,133,10,0,10,143
05/28/2001,GEG,WA,ANM,WE,Towers with Radar,79,33,16,0,128,0,0,51,0,51,79,33,67,0,179,10,0,10,189
05/29/2001,GEG,WA,ANM,WE,Towers with Radar,106,71,30,3,210,0,4,64,20,88,106,75,94,23,298,102,42,144,442
05/30/2001,GEG,WA,ANM,WE,Towers with Radar,134,81,68,9,292,0,0,93,0,93,134,81,161,9,385,114,14,128,513
05/31/2001,GEG,WA,ANM,WE,Towers with Radar,120,82,37,4,243,0,0,120,0,120,120,82,157,4,363,70,0,70,433
06/01/2001,GEG,WA,ANM,WE,Towers with Radar,113,91,38,7,249,2,3,70,2,77,115,94,108,9,326,76,0,76,402
06/02/2001,GEG,WA,ANM,WE,Towers with Radar,97,51,64,6,218,2,4,62,0,68,99,55,126,6,286,92,0,92,378
06/03/2001,GEG,WA,ANM,WE,Towers with Radar,89,42,78,12,221,2,0,29,0,31,91,42,107,12,252,72,0,72,324
06/04/2001,GEG,WA,ANM,WE,Towers with Radar,95,69,38,11,213,1,1,32,0,34,96,70,70,11,247,50,0,50,297
06/05/2001,GEG,WA,ANM,WE,Towers with Radar,124,92,62,6,284,2,1,34,5,42,126,93,96,11,326,64,0,64,390
06/06/2001,GEG,WA,ANM,WE,Towers with Radar,128,77,51,12,268,2,0,60,0,62,130,77,111,12,330,40,0,40,370
06/07/2001,GEG,WA,ANM,WE,Towers with Radar,132,80,31,9,252,2,0,86,0,88,134,80,117,9,340,110,0,110,450
06/08/2001,GEG,WA,ANM,WE,Towers with Radar,123,74,40,8,245,0,17,72,0,89,123,91,112,8,334,74,0,74,408
06/09/2001,GEG,WA,ANM,WE,Towers with Radar,89,48,25,0,162,2,0,33,0,35,91,48,58,0,197,0,0,0,197
06/10/2001,GEG,WA,ANM,WE,Towers with Radar,94,36,19,1,150,2,0,27,1,30,96,36,46,2,180,16,0,16,196
06/11/2001,GEG,WA,ANM,WE,Towers with Radar,99,65,21,0,185,2,1,38,0,41,101,66,59,0,226,4,0,4,230
06/12/2001,GEG,WA,ANM,WE,Towers with Radar,130,80,38,5,253,2,4,39,0,45,132,84,77,5,298,20,0,20,318
06/13/2001,GEG,WA,ANM,WE,Towers with Radar,132,79,43,10,264,0,0,65,3,68,132,79,108,13,332,58,0,58,390
06/14/2001,GEG,WA,ANM,WE,Towers with Radar,125,65,43,7,240,2,0,81,0,83,127,65,124,7,323,30,0,30,353
06/15/2001,GEG,WA,ANM,WE,Towers with Radar,129,69,44,3,245,1,6,89,3,99,130,75,133,6,344,32,0,32,376
06/16/2001,GEG,WA,ANM,WE,Towers with Radar,101,53,6,6,166,1,4,58,0,63,102,57,64,6,229,34,6,40,269
06/17/2001,GEG,WA,ANM,WE,Towers with Radar,88,34,12,6,140,1,1,42,0,44,89,35,54,6,184,6,0,6,190
06/18/2001,GEG,WA,ANM,WE,Towers with Radar,98,67,20,6,191,1,4,98,0,103,99,71,118,6,294,68,0,68,362
06/19/2001,GEG,WA,ANM,WE,Towers with Radar,117,78,30,13,238,1,8,89,5,103,118,86,119,18,341,20,4,24,365
06/20/2001,GEG,WA,ANM,WE,Towers with Radar,129,80,23,25,257,1,0,106,0,107,130,80,129,25,364,72,18,90,454
06/21/2001,GEG,WA,ANM,WE,Towers with Radar,111,66,34,8,219,2,6,94,1,103,113,72,128,9,322,40,0,40,362
06/22/2001,GEG,WA,ANM,WE,Towers with Radar,115,70,22,7,214,1,6,93,0,100,116,76,115,7,314,36,0,36,350
06/23/2001,GEG,WA,ANM,WE,Towers with Radar,102,39,26,7,174,1,5,64,0,70,103,44,90,7,244,44,6,50,294
06/24/2001,GEG,WA,ANM,WE,Towers with Radar,90,40,23,5,158,1,0,54,0,55,91,40,77,5,213,18,0,18,231
06/25/2001,GEG,WA,ANM,WE,Towers with Radar,110,65,34,6,215,1,5,73,0,79,111,70,107,6,294,84,0,84,378
06/26/2001,GEG,WA,ANM,WE,Towers with Radar,126,94,55,18,293,1,2,96,1,100,127,96,151,19,393,42,0,42,435
06/27/2001,GEG,WA,ANM,WE,Towers with Radar,145,71,39,13,268,1,0,35,0,36,146,71,74,13,304,8,0,8,312
06/28/2001,GEG,WA,ANM,WE,Towers with Radar,123,81,26,20,250,1,0,91,0,92,124,81,117,20,342,68,20,88,430
06/29/2001,GEG,WA,ANM,WE,Towers with Radar,129,79,49,10,267,0,0,77,0,77,129,79,126,10,344,72,0,72,416
06/30/2001,GEG,WA,ANM,WE,Towers with Radar,105,45,25,1,176,1,5,71,5,82,106,50,96,6,258,24,0,24,282
07/01/2001,GEG,WA,ANM,WE,Towers with Radar,93,33,27,1,154,2,3,32,0,37,95,36,59,1,191,28,0,28,219
07/02/2001,GEG,WA,ANM,WE,Towers with Radar,103,58,28,4,193,8,11,95,0,114,111,69,123,4,307,44,0,44,351
07/03/2001,GEG,WA,ANM,WE,Towers with Radar,116,71,24,8,219,0,9,82,7,98,116,80,106,15,317,62,4,66,383
07/04/2001,GEG,WA,ANM,WE,Towers with Radar,96,36,26,1,159,0,1,49,3,53,96,37,75,4,212,18,2,20,232
07/05/2001,GEG,WA,ANM,WE,Towers with Radar,116,69,20,2,207,0,1,50,1,52,116,70,70,3,259,28,10,38,297
07/06/2001,GEG,WA,ANM,WE,Towers with Radar,116,71,31,10,228,0,1,82,1,84,116,72,113,11,312,32,6,38,350
07/07/2001,GEG,WA,ANM,WE,Towers with Radar,98,42,33,5,178,0,5,63,1,69,98,47,96,6,247,72,0,72,319
07/08/2001,GEG,WA,ANM,WE,Towers with Radar,89,40,23,4,156,0,1,83,1,85,89,41,106,5,241,28,6,34,275
07/09/2001,GEG,WA,ANM,WE,Towers with Radar,104,68,19,3,194,0,12,95,4,111,104,80,114,7,305,56,0,56,361
07/10/2001,GEG,WA,ANM,WE,Towers with Radar,134,77,49,6,266,1,4,94,4,103,135,81,143,10,369,36,0,36,405
07/11/2001,GEG,WA,ANM,WE,Towers with Radar,130,78,40,11,259,1,6,71,3,81,131,84,111,14,340,120,0,120,460
07/12/2001,GEG,WA,ANM,WE,Towers with Radar,128,73,34,7,242,0,4,92,0,96,128,77,126,7,338,47,0,47,385
07/13/2001,GEG,WA,ANM,WE,Towers with Radar,127,73,34,7,241,0,6,89,0,95,127,79,123,7,336,14,0,14,350
07/14/2001,GEG,WA,ANM,WE,Towers with Radar,95,38,16,0,149,0,2,50,0,52,95,40,66,0,201,18,0,18,219
07/15/2001,GEG,WA,ANM,WE,Towers with Radar,89,38,25,2,154,0,0,50,0,50,89,38,75,2,204,0,0,0,204
07/16/2001,GEG,WA,ANM,WE,Towers with Radar,104,62,29,3,198,0,2,57,0,59,104,64,86,3,257,76,0,76,333
07/17/2001,GEG,WA,ANM,WE,Towers with Radar,129,85,55,9,278,1,0,91,0,92,130,85,146,9,370,112,2,114,484
07/18/2001,GEG,WA,ANM,WE,Towers with Radar,128,86,28,5,247,0,0,104,0,104,128,86,132,5,351,94,2,96,447
07/19/2001,GEG,WA,ANM,WE,Towers with Radar,133,85,39,17,274,0,0,87,0,87,133,85,126,17,361,48,0,48,409
07/20/2001,GEG,WA,ANM,WE,Towers with Radar,115,69,44,6,234,0,0,75,0,75,115,69,119,6,309,36,4,40,349
07/21/2001,GEG,WA,ANM,WE,Towers with Radar,104,53,30,5,192,0,0,56,4,60,104,53,86,9,252,20,10,30,282
07/22/2001,GEG,WA,ANM,WE,Towers with Radar,98,42,27,4,171,0,0,67,0,67,98,42,94,4,238,16,0,16,254
07/23/2001,GEG,WA,ANM,WE,Towers with Radar,102,65,36,5,208,0,6,84,5,95,102,71,120,10,303,80,0,80,383
07/24/2001,GEG,WA,ANM,WE,Towers with Radar,125,86,24,9,244,1,0,113,0,114,126,86,137,9,358,26,0,26,384
07/25/2001,GEG,WA,ANM,WE,Towers with Radar,116,70,45,14,245,1,0,80,0,81,117,70,125,14,326,72,14,86,412
07/26/2001,GEG,WA,ANM,WE,Towers with Radar,141,84,26,22,273,0,0,91,0,91,141,84,117,22,364,84,38,122,486
07/27/2001,GEG,WA,ANM,WE,Towers with Radar,126,68,26,19,239,1,16,118,2,137,127,84,144,21,376,50,20,70,446
07/28/2001,GEG,WA,ANM,WE,Towers with Radar,102,49,20,9,180,0,0,35,0,35,102,49,55,9,215,4,0,4,219
07/29/2001,GEG,WA,ANM,WE,Towers with Radar,97,37,36,2,172,0,1,72,0,73,97,38,108,2,245,56,0,56,301
07/30/2001,GEG,WA,ANM,WE,Towers with Radar,99,67,31,7,204,0,2,76,0,78,99,69,107,7,282,50,4,54,336
07/31/2001,GEG,WA,ANM,WE,Towers with Radar,116,88,24,0,228,1,3,69,1,74,117,91,93,1,302,80,0,80,382
08/01/2001,GEG,WA,ANM,WE,Towers with Radar,132,80,37,0,249,0,1,103,0,104,132,81,140,0,353,28,0,28,381
08/02/2001,GEG,WA,ANM,WE,Towers with Radar,134,75,42,5,256,0,1,90,1,92,134,76,132,6,348,40,0,40,388
08/03/2001,GEG,WA,ANM,WE,Towers with Radar,124,71,23,0,218,0,9,72,3,84,124,80,95,3,302,108,0,108,410
08/04/2001,GEG,WA,ANM,WE,Towers with Radar,97,51,39,0,187,0,3,33,2,38,97,54,72,2,225,34,0,34,259
08/05/2001,GEG,WA,ANM,WE,Towers with Radar,78,38,24,0,140,19,0,66,0,85,97,38,90,0,225,38,0,38,263
08/06/2001,GEG,WA,ANM,WE,Towers with Radar,112,69,40,0,221,0,11,60,0,71,112,80,100,0,292,76,0,76,368
08/07/2001,GEG,WA,ANM,WE,Towers with Radar,122,75,54,0,251,0,9,87,0,96,122,84,141,0,347,118,0,118,465
08/08/2001,GEG,WA,ANM,WE,Towers with Radar,126,73,49,0,248,0,1,91,0,92,126,74,140,0,340,96,0,96,436
08/09/2001,GEG,WA,ANM,WE,Towers with Radar,129,81,51,0,261,0,1,87,0,88,129,82,138,0,349,80,0,80,429
08/10/2001,GEG,WA,ANM,WE,Towers with Radar,127,80,36,6,249,0,5,98,0,103,127,85,134,6,352,54,0,54,406
08/11/2001,GEG,WA,ANM,WE,Towers with Radar,106,52,33,0,191,0,3,89,0,92,106,55,122,0,283,110,0,110,393
08/12/2001,GEG,WA,ANM,WE,Towers with Radar,76,43,23,0,142,24,5,62,0,91,100,48,85,0,233,84,0,84,317
08/13/2001,GEG,WA,ANM,WE,Towers with Radar,106,66,55,2,229,0,7,76,2,85,106,73,131,4,314,74,0,74,388
08/14/2001,GEG,WA,ANM,WE,Towers with Radar,117,76,39,0,232,0,8,96,2,106,117,84,135,2,338,62,0,62,400
08/15/2001,GEG,WA,ANM,WE,Towers with Radar,141,80,48,0,269,0,1,80,0,81,141,81,128,0,350,80,0,80,430
08/16/2001,GEG,WA,ANM,WE,Towers with Radar,125,77,45,0,247,0,1,85,0,86,125,78,130,0,333,32,0,32,365
08/17/2001,GEG,WA,ANM,WE,Towers with Radar,136,74,18,8,236,0,3,90,2,95,136,77,108,10,331,44,24,68,399
08/18/2001,GEG,WA,ANM,WE,Towers with Radar,100,46,8,6,160,0,1,39,1,41,100,47,47,7,201,42,0,42,243
08/19/2001,GEG,WA,ANM,WE,Towers with Radar,87,42,19,4,152,0,0,53,0,53,87,42,72,4,205,62,0,62,267
08/20/2001,GEG,WA,ANM,WE,Towers with Radar,115,69,25,2,211,0,0,89,0,89,115,69,114,2,300,34,0,34,334
08/21/2001,GEG,WA,ANM,WE,Towers with Radar,120,83,44,0,247,0,3,68,0,71,120,86,112,0,318,60,0,60,378
08/22/2001,GEG,WA,ANM,WE,Towers with Radar,131,80,37,0,248,0,0,74,0,74,131,80,111,0,322,19,1,20,342
08/23/2001,GEG,WA,ANM,WE,Towers with Radar,140,82,50,2,274,0,0,85,2,87,140,82,135,4,361,42,8,50,411
08/24/2001,GEG,WA,ANM,WE,Towers with Radar,123,84,32,1,240,0,6,80,4,90,123,90,112,5,330,92,0,92,422
08/25/2001,GEG,WA,ANM,WE,Towers with Radar,79,47,25,1,152,19,5,68,0,92,98,52,93,1,244,10,0,10,254
08/26/2001,GEG,WA,ANM,WE,Towers with Radar,99,45,16,0,160,0,0,63,0,63,99,45,79,0,223,2,0,2,225
08/27/2001,GEG,WA,ANM,WE,Towers with Radar,106,67,28,0,201,0,6,66,0,72,106,73,94,0,273,36,0,36,309
08/28/2001,GEG,WA,ANM,WE,Towers with Radar,123,81,44,0,248,0,3,70,0,73,123,84,114,0,321,20,0,20,341
08/29/2001,GEG,WA,ANM,WE,Towers with Radar,130,81,42,2,255,0,0,102,0,102,130,81,144,2,357,42,0,42,399
08/30/2001,GEG,WA,ANM,WE,Towers with Radar,135,84,57,1,277,0,0,137,0,137,135,84,194,1,414,80,0,80,494
08/31/2001,GEG,WA,ANM,WE,Towers with Radar,124,77,16,8,225,0,9,109,0,118,124,86,125,8,343,60,4,64,407
09/01/2001,GEG,WA,ANM,WE,Towers with Radar,89,40,8,4,141,1,5,45,0,51,90,45,53,4,192,22,0,22,214
09/02/2001,GEG,WA,ANM,WE,Towers with Radar,51,35,17,0,103,28,1,39,0,68,79,36,56,0,171,0,0,0,171
09/03/2001,GEG,WA,ANM,WE,Towers with Radar,94,40,12,4,150,0,2,68,0,70,94,42,80,4,220,28,0,28,248
09/04/2001,GEG,WA,ANM,WE,Towers with Radar,108,76,23,0,207,0,7,70,4,81,108,83,93,4,288,78,0,78,366
09/05/2001,GEG,WA,ANM,WE,Towers with Radar,123,88,28,0,239,0,0,79,0,79,123,88,107,0,318,46,6,52,370
09/06/2001,GEG,WA,ANM,WE,Towers with Radar,118,83,38,20,259,0,0,89,0,89,118,83,127,20,348,60,8,68,416
09/07/2001,GEG,WA,ANM,WE,Towers with Radar,103,72,34,2,211,13,11,78,5,107,116,83,112,7,318,86,8,94,412
09/08/2001,GEG,WA,ANM,WE,Towers with Radar,90,46,21,1,158,0,6,64,0,70,90,52,85,1,228,62,0,62,290
09/09/2001,GEG,WA,ANM,WE,Towers with Radar,90,35,16,0,141,0,4,60,0,64,90,39,76,0,205,28,0,28,233
09/10/2001,GEG,WA,ANM,WE,Towers with Radar,112,76,20,0,208,0,5,71,0,76,112,81,91,0,284,76,0,76,360
09/11/2001,GEG,WA,ANM,WE,Towers with Radar,23,17,4,0,44,0,1,2,0,3,23,18,6,0,47,0,0,0,47
09/12/2001,GEG,WA,ANM,WE,Towers with Radar,1,4,0,0,5,0,2,0,3,5,1,6,0,3,10,0,0,0,10
09/13/2001,GEG,WA,ANM,WE,Towers with Radar,16,41,1,0,58,0,5,0,0,5,16,46,1,0,63,0,0,0,63
09/14/2001,GEG,WA,ANM,WE,Towers with Radar,64,88,17,6,175,0,10,0,0,10,64,98,17,6,185,0,0,0,185
09/15/2001,GEG,WA,ANM,WE,Towers with Radar,69,55,8,4,136,0,14,0,2,16,69,69,8,6,152,0,0,0,152
09/16/2001,GEG,WA,ANM,WE,Towers with Radar,70,38,13,1,122,0,5,0,2,7,70,43,13,3,129,0,0,0,129
09/17/2001,GEG,WA,ANM,WE,Towers with Radar,75,77,24,0,176,0,6,0,0,6,75,83,24,0,182,0,0,0,182
09/18/2001,GEG,WA,ANM,WE,Towers with Radar,82,85,47,4,218,0,8,0,0,8,82,93,47,4,226,0,0,0,226
09/19/2001,GEG,WA,ANM,WE,Towers with Radar,92,88,66,1,247,0,1,8,0,9,92,89,74,1,256,14,0,14,270
09/20/2001,GEG,WA,ANM,WE,Towers with Radar,101,90,66,2,259,0,1,20,0,21,101,91,86,2,280,2,0,2,282
09/21/2001,GEG,WA,ANM,WE,Towers with Radar,97,81,23,2,203,0,4,17,0,21,97,85,40,2,224,10,0,10,234
09/22/2001,GEG,WA,ANM,WE,Towers with Radar,88,45,18,2,153,0,3,33,0,36,88,48,51,2,189,36,0,36,225
09/23/2001,GEG,WA,ANM,WE,Towers with Radar,69,31,22,1,123,11,0,42,2,55,80,31,64,3,178,38,0,38,216
09/24/2001,GEG,WA,ANM,WE,Towers with Radar,92,68,45,0,205,0,8,52,0,60,92,76,97,0,265,76,0,76,341
09/25/2001,GEG,WA,ANM,WE,Towers with Radar,111,84,29,0,224,0,0,45,0,45,111,84,74,0,269,44,0,44,313
09/26/2001,GEG,WA,ANM,WE,Towers with Radar,124,84,40,2,250,0,0,105,1,106,124,84,145,3,356,72,2,74,430
09/27/2001,GEG,WA,ANM,WE,Towers with Radar,112,88,39,0,239,0,3,77,0,80,112,91,116,0,319,82,0,82,401
09/28/2001,GEG,WA,ANM,WE,Towers with Radar,98,76,62,2,238,0,6,64,0,70,98,82,126,2,308,102,0,102,410
09/29/2001,GEG,WA,ANM,WE,Towers with Radar,64,44,21,0,129,11,3,95,0,109,75,47,116,0,238,118,0,118,356
09/30/2001,GEG,WA,ANM,WE,Towers with Radar,76,35,25,2,138,0,0,44,0,44,76,35,69,2,182,26,0,26,208
10/01/2001,GEG,WA,ANM,WE,Towers with Radar,97,61,30,2,190,0,1,61,4,66,97,62,91,6,256,84,0,84,340
10/02/2001,GEG,WA,ANM,WE,Towers with Radar,111,86,27,0,224,0,0,103,0,103,111,86,130,0,327,108,0,108,435
10/03/2001,GEG,WA,ANM,WE,Towers with Radar,128,77,48,5,258,0,0,101,2,103,128,77,149,7,361,122,0,122,483
10/04/2001,GEG,WA,ANM,WE,Towers with Radar,119,75,38,8,240,0,0,81,1,82,119,75,119,9,322,74,10,84,406
10/05/2001,GEG,WA,ANM,WE,Towers with Radar,112,75,35,6,228,0,6,93,1,100,112,81,128,7,328,96,0,96,424
10/06/2001,GEG,WA,ANM,WE,Towers with Radar,79,45,26,0,150,0,0,62,0,62,79,45,88,0,212,62,0,62,274
10/07/2001,GEG,WA,ANM,WE,Towers with Radar,73,33,5,0,111,0,0,40,0,40,73,33,45,0,151,8,0,8,159
10/08/2001,GEG,WA,ANM,WE,Towers with Radar,78,54,24,0,156,11,17,19,0,47,89,71,43,0,203,30,0,30,233
10/09/2001,GEG,WA,ANM,WE,Towers with Radar,111,76,24,0,211,1,0,62,0,63,112,76,86,0,274,60,0,60,334
10/10/2001,GEG,WA,ANM,WE,Towers with Radar,106,81,24,0,211,1,0,47,0,48,107,81,71,0,259,66,0,66,325
10/11/2001,GEG,WA,ANM,WE,Towers with Radar,110,77,40,0,227,1,0,54,0,55,111,77,94,0,282,84,0,84,366
10/12/2001,GEG,WA,ANM,WE,Towers with Radar,110,77,35,1,223,0,0,5,0,5,110,77,40,1,228,2,0,2,230
10/13/2001,GEG,WA,ANM,WE,Towers with Radar,78,40,36,0,154,1,0,24,2,27,79,40,60,2,181,68,4,72,253
10/14/2001,GEG,WA,ANM,WE,Towers with Radar,76,35,10,0,121,1,0,22,0,23,77,35,32,0,144,14,0,14,158
10/15/2001,GEG,WA,ANM,WE,Towers with Radar,101,70,32,0,203,0,0,116,0,116,101,70,148,0,319,66,0,66,385
10/16/2001,GEG,WA,ANM,WE,Towers with Radar,105,79,40,1,225,0,2,79,8,89,105,81,119,9,314,82,2,84,398
10/17/2001,GEG,WA,ANM,WE,Towers with Radar,106,83,51,0,240,1,0,85,0,86,107,83,136,0,326,90,0,90,416
10/18/2001,GEG,WA,ANM,WE,Towers with Radar,109,84,22,1,216,0,0,33,1,34,109,84,55,2,250,42,0,42,292
10/19/2001,GEG,WA,ANM,WE,Towers with Radar,97,80,37,0,214,1,3,43,2,49,98,83,80,2,263,122,22,144,407
10/20/2001,GEG,WA,ANM,WE,Towers with Radar,81,41,15,0,137,1,0,22,0,23,82,41,37,0,160,76,0,76,236
10/21/2001,GEG,WA,ANM,WE,Towers with Radar,77,31,32,1,141,0,0,12,1,13,77,31,44,2,154,18,0,18,172
10/22/2001,GEG,WA,ANM,WE,Towers with Radar,90,68,20,76,254,0,0,22,1,23,90,68,42,77,277,22,0,22,299
10/23/2001,GEG,WA,ANM,WE,Towers with Radar,109,87,35,0,231,0,6,15,1,22,109,93,50,1,253,12,0,12,265
10/24/2001,GEG,WA,ANM,WE,Towers with Radar,103,79,55,3,240,0,0,49,1,50,103,79,104,4,290,126,0,126,416
10/25/2001,GEG,WA,ANM,WE,Towers with Radar,114,77,44,1,236,0,0,44,1,45,114,77,88,2,281,48,0,48,329
10/26/2001,GEG,WA,ANM,WE,Towers with Radar,96,79,26,5,206,1,0,57,0,58,97,79,83,5,264,108,0,108,372
10/27/2001,GEG,WA,ANM,WE,Towers with Radar,61,42,17,0,120,16,0,24,0,40,77,42,41,0,160,62,0,62,222
10/28/2001,GEG,WA,ANM,WE,Towers with Radar,71,35,8,1,115,0,0,33,0,33,71,35,41,1,148,20,0,20,168
10/29/2001,GEG,WA,ANM,WE,Towers with Radar,95,73,20,0,188,0,0,60,0,60,95,73,80,0,248,104,0,104,352
10/30/2001,GEG,WA,ANM,WE,Towers with Radar,95,88,11,0,194,0,0,2,0,2,95,88,13,0,196,0,0,0,196
10/31/2001,GEG,WA,ANM,WE,Towers with Radar,101,76,34,0,211,0,0,14,0,14,101,76,48,0,225,2,0,2,227
11/01/2001,GEG,WA,ANM,WE,Towers with Radar,106,83,48,8,245,1,0,33,0,34,107,83,81,8,279,66,0,66,345
11/02/2001,GEG,WA,ANM,WE,Towers with Radar,105,79,37,5,226,1,0,51,0,52,106,79,88,5,278,103,0,103,381
11/03/2001,GEG,WA,ANM,WE,Towers with Radar,76,50,23,10,159,1,6,63,5,75,77,56,86,15,234,90,6,96,330
11/04/2001,GEG,WA,ANM,WE,Towers with Radar,82,33,10,0,125,1,0,45,0,46,83,33,55,0,171,108,0,108,279
11/05/2001,GEG,WA,ANM,WE,Towers with Radar,91,66,48,4,209,1,2,43,0,46,92,68,91,4,255,80,0,80,335
11/06/2001,GEG,WA,ANM,WE,Towers with Radar,104,87,28,0,219,1,2,44,0,47,105,89,72,0,266,82,0,82,348
11/07/2001,GEG,WA,ANM,WE,Towers with Radar,102,81,15,0,198,1,0,84,0,85,103,81,99,0,283,138,0,138,421
11/08/2001,GEG,WA,ANM,WE,Towers with Radar,112,76,28,2,218,6,0,80,0,86,118,76,108,2,304,78,0,78,382
11/09/2001,GEG,WA,ANM,WE,Towers with Radar,101,77,27,2,207,0,5,55,0,60,101,82,82,2,267,136,0,136,403
11/10/2001,GEG,WA,ANM,WE,Towers with Radar,60,40,15,0,115,23,0,45,0,68,83,40,60,0,183,82,0,82,265
11/11/2001,GEG,WA,ANM,WE,Towers with Radar,76,30,13,0,119,0,0,38,0,38,76,30,51,0,157,22,0,22,179
11/12/2001,GEG,WA,ANM,WE,Towers with Radar,88,65,16,0,169,0,6,28,0,34,88,71,44,0,203,54,0,54,257
11/13/2001,GEG,WA,ANM,WE,Towers with Radar,95,71,45,0,211,0,1,43,0,44,95,72,88,0,255,40,0,40,295
11/14/2001,GEG,WA,ANM,WE,Towers with Radar,118,85,23,6,232,0,0,20,0,20,118,85,43,6,252,30,0,30,282
11/15/2001,GEG,WA,ANM,WE,Towers with Radar,123,82,40,3,248,0,0,64,0,64,123,82,104,3,312,88,0,88,400
11/16/2001,GEG,WA,ANM,WE,Towers with Radar,100,81,19,4,204,0,0,9,1,10,100,81,28,5,214,18,0,18,232
11/17/2001,GEG,WA,ANM,WE,Towers with Radar,81,44,22,0,147,0,0,3,0,3,81,44,25,0,150,0,0,0,150
11/18/2001,GEG,WA,ANM,WE,Towers with Radar,82,34,38,0,154,0,0,19,0,19,82,34,57,0,173,40,0,40,213
11/19/2001,GEG,WA,ANM,WE,Towers with Radar,92,69,25,0,186,0,0,55,0,55,92,69,80,0,241,34,0,34,275
11/20/2001,GEG,WA,ANM,WE,Towers with Radar,100,76,26,2,204,0,9,49,6,64,100,85,75,8,268,102,0,102,370
11/21/2001,GEG,WA,ANM,WE,Towers with Radar,89,84,17,7,197,0,6,11,4,21,89,90,28,11,218,2,2,4,222
11/22/2001,GEG,WA,ANM,WE,Towers with Radar,77,38,5,0,120,0,0,3,0,3,77,38,8,0,123,0,0,0,123
11/23/2001,GEG,WA,ANM,WE,Towers with Radar,80,65,19,0,164,0,3,8,0,11,80,68,27,0,175,32,0,32,207
11/24/2001,GEG,WA,ANM,WE,Towers with Radar,83,39,11,0,133,0,0,45,0,45,83,39,56,0,178,18,0,18,196
11/25/2001,GEG,WA,ANM,WE,Towers with Radar,89,32,4,0,125,0,0,0,1,1,89,32,4,1,126,0,0,0,126
11/26/2001,GEG,WA,ANM,WE,Towers with Radar,99,66,30,0,195,0,0,3,0,3,99,66,33,0,198,0,0,0,198
11/27/2001,GEG,WA,ANM,WE,Towers with Radar,112,88,33,1,234,0,12,13,2,27,112,100,46,3,261,8,0,8,269
11/28/2001,GEG,WA,ANM,WE,Towers with Radar,88,75,6,0,169,0,0,1,0,1,88,75,7,0,170,0,0,0,170
11/29/2001,GEG,WA,ANM,WE,Towers with Radar,126,79,21,1,227,0,0,3,1,4,126,79,24,2,231,0,0,0,231
11/30/2001,GEG,WA,ANM,WE,Towers with Radar,99,68,17,0,184,16,8,0,0,24,115,76,17,0,208,0,0,0,208
12/01/2001,GEG,WA,ANM,WE,Towers with Radar,71,42,7,0,120,21,7,0,0,28,92,49,7,0,148,0,0,0,148
12/02/2001,GEG,WA,ANM,WE,Towers with Radar,85,31,3,0,119,0,0,35,0,35,85,31,38,0,154,92,0,92,246
12/03/2001,GEG,WA,ANM,WE,Towers with Radar,102,69,18,0,189,0,7,2,2,11,102,76,20,2,200,4,4,8,208
12/04/2001,GEG,WA,ANM,WE,Towers with Radar,110,64,19,1,194,3,20,16,1,40,113,84,35,2,234,0,0,0,234
12/05/2001,GEG,WA,ANM,WE,Towers with Radar,119,82,19,0,220,0,0,1,0,1,119,82,20,0,221,8,0,8,229
12/06/2001,GEG,WA,ANM,WE,Towers with Radar,114,88,26,0,228,0,0,1,0,1,114,88,27,0,229,0,0,0,229
12/07/2001,GEG,WA,ANM,WE,Towers with Radar,122,74,21,1,218,0,4,39,1,44,122,78,60,2,262,48,0,48,310
12/08/2001,GEG,WA,ANM,WE,Towers with Radar,96,43,23,0,162,1,0,38,0,39,97,43,61,0,201,44,0,44,245
12/09/2001,GEG,WA,ANM,WE,Towers with Radar,59,30,10,1,100,20,0,3,0,23,79,30,13,1,123,2,0,2,125
12/10/2001,GEG,WA,ANM,WE,Towers with Radar,104,62,17,0,183,1,10,15,0,26,105,72,32,0,209,0,0,0,209
12/11/2001,GEG,WA,ANM,WE,Towers with Radar,110,81,23,2,216,0,1,6,5,12,110,82,29,7,228,0,0,0,228
12/12/2001,GEG,WA,ANM,WE,Towers with Radar,118,81,32,0,231,1,0,6,0,7,119,81,38,0,238,6,0,6,244
12/13/2001,GEG,WA,ANM,WE,Towers with Radar,123,78,10,13,224,1,0,3,0,4,124,78,13,13,228,6,4,10,238
12/14/2001,GEG,WA,ANM,WE,Towers with Radar,123,74,18,5,220,1,0,13,0,14,124,74,31,5,234,12,2,14,248
12/15/2001,GEG,WA,ANM,WE,Towers with Radar,107,57,30,0,194,1,0,8,0,9,108,57,38,0,203,44,0,44,247
12/16/2001,GEG,WA,ANM,WE,Towers with Radar,100,34,8,0,142,1,0,0,0,1,101,34,8,0,143,6,0,6,149
12/17/2001,GEG,WA,ANM,WE,Towers with Radar,98,68,21,23,210,1,5,55,0,61,99,73,76,23,271,140,2,142,413
12/18/2001,GEG,WA,ANM,WE,Towers with Radar,115,78,35,6,234,1,0,26,0,27,116,78,61,6,261,18,0,18,279
12/19/2001,GEG,WA,ANM,WE,Towers with Radar,128,81,27,3,239,1,0,18,0,19,129,81,45,3,258,12,0,12,270
12/20/2001,GEG,WA,ANM,WE,Towers with Radar,133,72,25,2,232,1,0,37,0,38,134,72,62,2,270,74,2,76,346
12/21/2001,GEG,WA,ANM,WE,Towers with Radar,125,70,14,4,213,1,0,0,0,1,126,70,14,4,214,6,0,6,220
12/22/2001,GEG,WA,ANM,WE,Towers with Radar,105,51,26,0,182,1,0,29,0,30,106,51,55,0,212,0,0,0,212
12/23/2001,GEG,WA,ANM,WE,Towers with Radar,85,33,3,0,121,1,0,17,0,18,86,33,20,0,139,22,0,22,161
12/24/2001,GEG,WA,ANM,WE,Towers with Radar,69,41,11,0,121,14,7,22,0,43,83,48,33,0,164,0,0,0,164
12/25/2001,GEG,WA,ANM,WE,Towers with Radar,78,29,5,0,112,0,0,8,0,8,78,29,13,0,120,0,0,0,120
12/26/2001,GEG,WA,ANM,WE,Towers with Radar,116,72,27,0,215,0,2,50,0,52,116,74,77,0,267,30,0,30,297
12/27/2001,GEG,WA,ANM,WE,Towers with Radar,120,77,26,2,225,0,0,21,4,25,120,77,47,6,250,30,0,30,280
12/28/2001,GEG,WA,ANM,WE,Towers with Radar,113,81,14,0,208,0,0,0,0,0,113,81,14,0,208,8,0,8,216
12/29/2001,GEG,WA,ANM,WE,Towers with Radar,106,43,17,0,166,0,0,15,0,15,106,43,32,0,181,24,0,24,205
12/30/2001,GEG,WA,ANM,WE,Towers with Radar,85,30,16,0,131,0,0,12,0,12,85,30,28,0,143,80,0,80,223
12/31/2001,GEG,WA,ANM,WE,Towers with Radar,102,50,12,0,164,0,2,12,0,14,102,52,24,0,178,12,0,12,190
01/01/2002,GEG,WA,ANM,WE,Towers with Radar,71,31,9,0,111,3,1,24,0,28,74,32,33,0,139,10,0,10,149
01/02/2002,GEG,WA,ANM,WE,Towers with Radar,97,52,14,0,163,5,4,0,0,9,102,56,14,0,172,0,0,0,172
01/03/2002,GEG,WA,ANM,WE,Towers with Radar,122,79,19,2,222,5,4,0,0,9,127,83,19,2,231,0,0,0,231
01/04/2002,GEG,WA,ANM,WE,Towers with Radar,95,51,14,8,168,5,4,0,0,9,100,55,14,8,177,0,0,0,177
01/05/2002,GEG,WA,ANM,WE,Towers with Radar,63,40,14,0,117,18,5,9,0,32,81,45,23,0,149,6,0,6,155
01/06/2002,GEG,WA,ANM,WE,Towers with Radar,75,30,18,1,124,5,4,0,0,9,80,34,18,1,133,8,0,8,141
01/07/2002,GEG,WA,ANM,WE,Towers with Radar,82,67,15,0,164,5,9,13,0,27,87,76,28,0,191,8,0,8,199
01/08/2002,GEG,WA,ANM,WE,Towers with Radar,101,81,25,4,211,0,10,10,22,42,101,91,35,26,253,0,0,0,253
01/09/2002,GEG,WA,ANM,WE,Towers with Radar,114,84,15,0,213,5,3,4,0,12,119,87,19,0,225,0,0,0,225
01/10/2002,GEG,WA,ANM,WE,Towers with Radar,112,86,17,0,215,5,3,15,0,23,117,89,32,0,238,42,0,42,280
01/11/2002,GEG,WA,ANM,WE,Towers with Radar,114,73,29,2,218,0,0,47,0,47,114,73,76,2,265,86,0,86,351
01/12/2002,GEG,WA,ANM,WE,Towers with Radar,87,24,8,0,119,5,3,1,0,9,92,27,9,0,128,4,0,4,132
01/13/2002,GEG,WA,ANM,WE,Towers with Radar,70,32,15,0,117,14,0,27,0,41,84,32,42,0,158,66,0,66,224
01/14/2002,GEG,WA,ANM,WE,Towers with Radar,99,60,20,0,179,4,3,32,0,39,103,63,52,0,218,0,0,0,218
01/15/2002,GEG,WA,ANM,WE,Towers with Radar,104,77,26,0,207,4,3,64,0,71,108,80,90,0,278,69,2,71,349
01/16/2002,GEG,WA,ANM,WE,Towers with Radar,118,87,36,0,241,4,3,12,0,19,122,90,48,0,260,38,0,38,298
01/17/2002,GEG,WA,ANM,WE,Towers with Radar,120,78,27,1,226,0,0,55,0,55,120,78,82,1,281,22,12,34,315
01/18/2002,GEG,WA,ANM,WE,Towers with Radar,107,86,25,0,218,0,0,0,0,0,107,86,25,0,218,4,0,4,222
01/19/2002,GEG,WA,ANM,WE,Towers with Radar,59,38,11,2,110,27,7,0,0,34,86,45,11,2,144,0,0,0,144
01/20/2002,GEG,WA,ANM,WE,Towers with Radar,79,29,3,1,112,4,3,2,0,9,83,32,5,1,121,0,0,0,121
01/21/2002,GEG,WA,ANM,WE,Towers with Radar,84,55,19,0,158,4,3,29,0,36,88,58,48,0,194,56,0,56,250
01/22/2002,GEG,WA,ANM,WE,Towers with Radar,101,72,24,0,197,4,3,3,0,10,105,75,27,0,207,0,0,0,207
01/23/2002,GEG,WA,ANM,WE,Towers with Radar,112,92,25,0,229,4,4,4,0,12,116,96,29,0,241,22,0,22,263
01/24/2002,GEG,WA,ANM,WE,Towers with Radar,113,85,14,19,231,4,4,5,0,13,117,89,19,19,244,44,24,68,312
01/25/2002,GEG,WA,ANM,WE,Towers with Radar,100,73,26,4,203,0,0,2,15,17,100,73,28,19,220,6,22,28,248
01/26/2002,GEG,WA,ANM,WE,Towers with Radar,86,49,27,0,162,4,3,13,0,20,90,52,40,0,182,44,0,44,226
01/27/2002,GEG,WA,ANM,WE,Towers with Radar,59,33,13,0,105,22,0,12,0,34,81,33,25,0,139,0,0,0,139
01/28/2002,GEG,WA,ANM,WE,Towers with Radar,81,69,19,2,171,4,3,62,0,69,85,72,81,2,240,48,0,48,288
01/29/2002,GEG,WA,ANM,WE,Towers with Radar,104,74,21,4,203,0,9,0,0,9,104,83,21,4,212,6,0,6,218
01/30/2002,GEG,WA,ANM,WE,Towers with Radar,113,80,14,6,213,4,3,0,0,7,117,83,14,6,220,0,6,6,226
01/31/2002,GEG,WA,ANM,WE,Towers with Radar,117,82,27,0,226,4,3,3,0,10,121,85,30,0,236,0,0,0,236
02/01/2002,GEG,WA,ANM,WE,Towers with Radar,105,65,21,0,191,0,10,0,0,10,105,75,21,0,201,4,0,4,205
02/02/2002,GEG,WA,ANM,WE,Towers with Radar,103,51,39,0,193,0,0,53,0,53,103,51,92,0,246,118,0,118,364
02/03/2002,GEG,WA,ANM,WE,Towers with Radar,70,28,13,1,112,14,0,0,2,16,84,28,13,3,128,0,0,0,128
02/04/2002,GEG,WA,ANM,WE,Towers with Radar,101,57,19,3,180,0,0,41,0,41,101,57,60,3,221,92,0,92,313
02/05/2002,GEG,WA,ANM,WE,Towers with Radar,121,63,23,1,208,0,20,31,5,56,121,83,54,6,264,68,6,74,338
02/06/2002,GEG,WA,ANM,WE,Towers with Radar,135,76,32,0,243,0,0,29,0,29,135,76,61,0,272,28,0,28,300
02/07/2002,GEG,WA,ANM,WE,Towers with Radar,148,80,17,1,246,0,0,11,0,11,148,80,28,1,257,44,0,44,301
02/08/2002,GEG,WA,ANM,WE,Towers with Radar,109,62,23,0,194,0,27,58,0,85,109,89,81,0,279,52,0,52,331
02/09/2002,GEG,WA,ANM,WE,Towers with Radar,97,38,24,0,159,0,0,60,0,60,97,38,84,0,219,38,0,38,257
02/10/2002,GEG,WA,ANM,WE,Towers with Radar,80,24,14,0,118,11,0,41,0,52,91,24,55,0,170,34,0,34,204
02/11/2002,GEG,WA,ANM,WE,Towers with Radar,86,56,21,0,163,0,16,59,0,75,86,72,80,0,238,46,0,46,284
02/12/2002,GEG,WA,ANM,WE,Towers with Radar,132,71,46,5,254,0,1,63,0,64,132,72,109,5,318,86,2,88,406
02/13/2002,GEG,WA,ANM,WE,Towers with Radar,137,76,31,0,244,0,2,77,3,82,137,78,108,3,326,64,0,64,390
02/14/2002,GEG,WA,ANM,WE,Towers with Radar,121,61,24,0,206,8,11,65,0,84,129,72,89,0,290,86,0,86,376
02/15/2002,GEG,WA,ANM,WE,Towers with Radar,116,70,17,0,203,0,3,58,0,61,116,73,75,0,264,142,0,142,406
02/16/2002,GEG,WA,ANM,WE,Towers with Radar,97,49,17,0,163,0,0,42,0,42,97,49,59,0,205,62,0,62,267
02/17/2002,GEG,WA,ANM,WE,Towers with Radar,90,23,12,0,125,0,0,29,0,29,90,23,41,0,154,60,0,60,214
02/18/2002,GEG,WA,ANM,WE,Towers with Radar,85,43,15,0,143,19,2,17,0,38,104,45,32,0,181,18,0,18,199
02/19/2002,GEG,WA,ANM,WE,Towers with Radar,118,61,23,1,203,11,2,6,3,22,129,63,29,4,225,20,2,22,247
02/20/2002,GEG,WA,ANM,WE,Towers with Radar,130,71,22,0,223,0,6,72,0,78,130,77,94,0,301,63,0,63,364
02/21/2002,GEG,WA,ANM,WE,Towers with Radar,117,60,23,1,201,8,14,14,9,45,125,74,37,10,246,14,6,20,266
02/22/2002,GEG,WA,ANM,WE,Towers with Radar,109,64,22,25,220,0,0,23,0,23,109,64,45,25,243,22,26,48,291
02/23/2002,GEG,WA,ANM,WE,Towers with Radar,113,40,32,0,185,0,0,7,0,7,113,40,39,0,192,20,0,20,212
02/24/2002,GEG,WA,ANM,WE,Towers with Radar,74,24,13,0,111,25,0,20,0,45,99,24,33,0,156,18,0,18,174
02/25/2002,GEG,WA,ANM,WE,Towers with Radar,116,56,29,0,201,0,0,51,0,51,116,56,80,0,252,56,0,56,308
02/26/2002,GEG,WA,ANM,WE,Towers with Radar,143,59,28,0,230,3,0,30,0,33,146,59,58,0,263,8,0,8,271
02/27/2002,GEG,WA,ANM,WE,Towers with Radar,121,70,22,0,213,0,0,45,0,45,121,70,67,0,258,92,0,92,350
02/28/2002,GEG,WA,ANM,WE,Towers with Radar,126,72,31,1,230,0,3,69,0,72,126,75,100,1,302,104,0,104,406
03/01/2002,GEG,WA,ANM,WE,Towers with Radar,114,56,18,0,188,1,0,62,1,64,115,56,80,1,252,34,0,34,286
03/02/2002,GEG,WA,ANM,WE,Towers with Radar,105,41,35,4,185,0,0,37,1,38,105,41,72,5,223,64,0,64,287
03/03/2002,GEG,WA,ANM,WE,Towers with Radar,85,24,4,0,113,0,3,36,1,40,85,27,40,1,153,48,0,48,201
03/04/2002,GEG,WA,ANM,WE,Towers with Radar,107,58,19,0,184,0,0,22,0,22,107,58,41,0,206,44,0,44,250
03/05/2002,GEG,WA,ANM,WE,Towers with Radar,98,69,23,0,190,0,29,27,3,59,98,98,50,3,249,82,0,82,331
03/06/2002,GEG,WA,ANM,WE,Towers with Radar,122,65,17,0,204,0,0,3,0,3,122,65,20,0,207,0,0,0,207
03/07/2002,GEG,WA,ANM,WE,Towers with Radar,118,72,15,3,208,0,0,15,0,15,118,72,30,3,223,22,0,22,245
03/08/2002,GEG,WA,ANM,WE,Towers with Radar,109,72,16,0,197,0,0,15,0,15,109,72,31,0,212,10,0,10,222
03/09/2002,GEG,WA,ANM,WE,Towers with Radar,107,34,23,0,164,0,0,23,0,23,107,34,46,0,187,52,0,52,239
03/10/2002,GEG,WA,ANM,WE,Towers with Radar,76,34,9,1,120,0,0,5,0,5,76,34,14,1,125,12,0,12,137
03/11/2002,GEG,WA,ANM,WE,Towers with Radar,83,43,14,0,140,27,16,2,0,45,110,59,16,0,185,0,0,0,185
03/12/2002,GEG,WA,ANM,WE,Towers with Radar,109,90,14,0,213,0,0,19,0,19,109,90,33,0,232,14,0,14,246
03/13/2002,GEG,WA,ANM,WE,Towers with Radar,114,73,24,0,211,0,4,10,0,14,114,77,34,0,225,30,0,30,255
03/14/2002,GEG,WA,ANM,WE,Towers with Radar,123,76,27,0,226,0,5,16,0,21,123,81,43,0,247,44,0,44,291
03/15/2002,GEG,WA,ANM,WE,Towers with Radar,115,65,22,1,203,0,1,18,1,20,115,66,40,2,223,40,6,46,269
03/16/2002,GEG,WA,ANM,WE,Towers with Radar,81,37,14,0,132,8,0,8,0,16,89,37,22,0,148,10,0,10,158
03/17/2002,GEG,WA,ANM,WE,Towers with Radar,68,27,11,0,106,8,0,15,0,23,76,27,26,0,129,10,0,10,139
03/18/2002,GEG,WA,ANM,WE,Towers with Radar,80,66,16,0,162,0,0,3,0,3,80,66,19,0,165,0,0,0,165
03/19/2002,GEG,WA,ANM,WE,Towers with Radar,113,68,23,0,204,0,5,20,2,27,113,73,43,2,231,4,0,4,235
03/20/2002,GEG,WA,ANM,WE,Towers with Radar,106,62,19,0,187,0,1,1,0,2,106,63,20,0,189,0,2,2,191
03/21/2002,GEG,WA,ANM,WE,Towers with Radar,131,71,23,0,225,0,6,61,0,67,131,77,84,0,292,102,0,102,394
03/22/2002,GEG,WA,ANM,WE,Towers with Radar,104,71,25,0,200,0,0,55,1,56,104,71,80,1,256,88,38,126,382
03/23/2002,GEG,WA,ANM,WE,Towers with Radar,102,39,52,0,193,0,1,33,0,34,102,40,85,0,227,92,0,92,319
03/24/2002,GEG,WA,ANM,WE,Towers with Radar,80,24,8,0,112,10,0,0,0,10,90,24,8,0,122,18,0,18,140
03/25/2002,GEG,WA,ANM,WE,Towers with Radar,105,55,19,0,179,10,2,12,0,24,115,57,31,0,203,10,0,10,213
03/26/2002,GEG,WA,ANM,WE,Towers with Radar,115,59,20,0,194,0,0,0,51,51,115,59,20,51,245,56,16,72,317
03/27/2002,GEG,WA,ANM,WE,Towers with Radar,116,72,37,4,229,0,6,32,0,38,116,78,69,4,267,62,0,62,329
03/28/2002,GEG,WA,ANM,WE,Towers with Radar,129,73,40,0,242,0,2,45,3,50,129,75,85,3,292,68,0,68,360
03/29/2002,GEG,WA,ANM,WE,Towers with Radar,108,57,20,0,185,8,7,41,0,56,116,64,61,0,241,12,0,12,253
03/30/2002,GEG,WA,ANM,WE,Towers with Radar,77,37,14,0,128,16,0,45,2,63,93,37,59,2,191,44,0,44,235
03/31/2002,GEG,WA,ANM,WE,Towers with Radar,61,29,11,0,101,24,0,0,0,24,85,29,11,0,125,10,0,10,135
04/01/2002,GEG,WA,ANM,WE,Towers with Radar,101,52,33,0,186,1,2,50,0,53,102,54,83,0,239,14,4,18,257
04/02/2002,GEG,WA,ANM,WE,Towers with Radar,121,63,25,0,209,0,14,67,0,81,121,77,92,0,290,40,0,40,330
04/03/2002,GEG,WA,ANM,WE,Towers with Radar,120,66,41,0,227,0,5,68,0,73,120,71,109,0,300,82,0,82,382
04/04/2002,GEG,WA,ANM,WE,Towers with Radar,122,64,26,2,214,3,6,65,0,74,125,70,91,2,288,82,0,82,370
04/05/2002,GEG,WA,ANM,WE,Towers with Radar,107,68,37,2,214,1,4,42,5,52,108,72,79,7,266,116,0,116,382
04/06/2002,GEG,WA,ANM,WE,Towers with Radar,60,31,12,1,104,29,9,26,0,64,89,40,38,1,168,58,0,58,226
04/07/2002,GEG,WA,ANM,WE,Towers with Radar,61,23,12,2,98,32,0,23,0,55,93,23,35,2,153,12,0,12,165
04/08/2002,GEG,WA,ANM,WE,Towers with Radar,101,51,18,0,170,1,2,43,0,46,102,53,61,0,216,44,4,48,264
04/09/2002,GEG,WA,ANM,WE,Towers with Radar,125,66,21,0,212,1,2,19,0,22,126,68,40,0,234,0,0,0,234
04/10/2002,GEG,WA,ANM,WE,Towers with Radar,128,71,41,1,241,1,5,19,1,26,129,76,60,2,267,22,0,22,289
04/11/2002,GEG,WA,ANM,WE,Towers with Radar,109,58,22,4,193,7,27,25,1,60,116,85,47,5,253,106,0,106,359
04/12/2002,GEG,WA,ANM,WE,Towers with Radar,119,68,22,27,236,1,3,44,1,49,120,71,66,28,285,52,18,70,355
04/13/2002,GEG,WA,ANM,WE,Towers with Radar,107,41,3,1,152,0,11,9,2,22,107,52,12,3,174,22,0,22,196
04/14/2002,GEG,WA,ANM,WE,Towers with Radar,80,19,5,1,105,0,3,3,0,6,80,22,8,1,111,0,0,0,111
04/15/2002,GEG,WA,ANM,WE,Towers with Radar,109,51,14,2,176,0,2,41,0,43,109,53,55,2,219,34,0,34,253
04/16/2002,GEG,WA,ANM,WE,Towers with Radar,115,60,23,3,201,10,9,1,0,20,125,69,24,3,221,2,0,2,223
04/17/2002,GEG,WA,ANM,WE,Towers with Radar,119,69,36,0,224,0,2,32,0,34,119,71,68,0,258,110,0,110,368
04/18/2002,GEG,WA,ANM,WE,Towers with Radar,121,132,31,0,284,0,2,102,0,104,121,134,133,0,388,118,0,118,506
04/19/2002,GEG,WA,ANM,WE,Towers with Radar,121,64,11,3,199,0,5,98,7,110,121,69,109,10,309,38,18,56,365
04/20/2002,GEG,WA,ANM,WE,Towers with Radar,95,40,22,0,157,0,4,54,0,58,95,44,76,0,215,92,0,92,307
04/21/2002,GEG,WA,ANM,WE,Towers with Radar,61,30,13,2,106,16,0,48,0,64,77,30,61,2,170,36,0,36,206
04/22/2002,GEG,WA,ANM,WE,Towers with Radar,108,62,25,4,199,0,3,8,33,44,108,65,33,37,243,18,34,52,295
04/23/2002,GEG,WA,ANM,WE,Towers with Radar,115,63,34,5,217,0,0,40,1,41,115,63,74,6,258,62,2,64,322
04/24/2002,GEG,WA,ANM,WE,Towers with Radar,124,76,34,5,239,0,0,68,0,68,124,76,102,5,307,76,2,78,385
04/25/2002,GEG,WA,ANM,WE,Towers with Radar,122,69,34,4,229,0,0,73,0,73,122,69,107,4,302,52,0,52,354
04/26/2002,GEG,WA,ANM,WE,Towers with Radar,114,62,25,3,204,0,1,67,19,87,114,63,92,22,291,118,0,118,409
04/27/2002,GEG,WA,ANM,WE,Towers with Radar,72,37,15,0,124,21,3,103,0,127,93,40,118,0,251,76,0,76,327
04/28/2002,GEG,WA,ANM,WE,Towers with Radar,58,27,12,0,97,24,0,47,0,71,82,27,59,0,168,92,0,92,260
04/29/2002,GEG,WA,ANM,WE,Towers with Radar,107,60,25,3,195,0,8,87,1,96,107,68,112,4,291,92,10,102,393
04/30/2002,GEG,WA,ANM,WE,Towers with Radar,122,67,28,3,220,0,3,63,1,67,122,70,91,4,287,72,0,72,359
05/01/2002,GEG,WA,ANM,WE,Towers with Radar,132,8,38,1,179,2,6,76,3,87,134,14,114,4,266,62,10,72,338
05/02/2002,GEG,WA,ANM,WE,Towers with Radar,130,70,27,1,228,0,2,51,1,54,130,72,78,2,282,40,6,46,328
05/03/2002,GEG,WA,ANM,WE,Towers with Radar,118,62,24,7,211,1,3,60,0,64,119,65,84,7,275,54,14,68,343
05/04/2002,GEG,WA,ANM,WE,Towers with Radar,99,45,16,0,160,0,1,36,0,37,99,46,52,0,197,84,0,84,281
05/05/2002,GEG,WA,ANM,WE,Towers with Radar,78,25,10,0,113,1,1,13,0,15,79,26,23,0,128,20,0,20,148
05/06/2002,GEG,WA,ANM,WE,Towers with Radar,113,49,26,3,191,0,0,21,2,23,113,49,47,5,214,46,12,58,272
05/07/2002,GEG,WA,ANM,WE,Towers with Radar,132,65,29,2,228,0,5,10,4,19,132,70,39,6,247,16,0,16,263
05/08/2002,GEG,WA,ANM,WE,Towers with Radar,135,69,34,3,241,0,0,70,27,97,135,69,104,30,338,72,32,104,442
05/09/2002,GEG,WA,ANM,WE,Towers with Radar,131,69,36,8,244,1,5,73,0,79,132,74,109,8,323,136,2,138,461
05/10/2002,GEG,WA,ANM,WE,Towers with Radar,119,70,23,0,212,1,2,80,0,83,120,72,103,0,295,66,2,68,363
05/11/2002,GEG,WA,ANM,WE,Towers with Radar,97,43,7,0,147,1,2,92,0,95,98,45,99,0,242,38,0,38,280
05/12/2002,GEG,WA,ANM,WE,Towers with Radar,62,30,12,0,104,27,3,35,0,65,89,33,47,0,169,10,0,10,179
05/13/2002,GEG,WA,ANM,WE,Towers with Radar,112,51,28,0,191,1,1,62,0,64,113,52,90,0,255,76,0,76,331
05/14/2002,GEG,WA,ANM,WE,Towers with Radar,130,70,40,0,240,1,4,46,0,51,131,74,86,0,291,24,4,28,319
05/15/2002,GEG,WA,ANM,WE,Towers with Radar,121,63,30,0,214,1,9,79,0,89,122,72,109,0,303,82,0,82,385
05/16/2002,GEG,WA,ANM,WE,Towers with Radar,127,65,27,3,222,0,8,92,0,100,127,73,119,3,322,98,0,98,420
05/17/2002,GEG,WA,ANM,WE,Towers with Radar,114,64,32,5,215,0,4,53,5,62,114,68,85,10,277,42,0,42,319
05/18/2002,GEG,WA,ANM,WE,Towers with Radar,104,37,18,8,167,0,4,35,0,39,104,41,53,8,206,46,0,46,252
05/19/2002,GEG,WA,ANM,WE,Towers with Radar,91,24,17,0,132,0,3,34,0,37,91,27,51,0,169,32,0,32,201
05/20/2002,GEG,WA,ANM,WE,Towers with Radar,120,74,19,0,213,0,2,47,0,49,120,76,66,0,262,88,0,88,350
05/21/2002,GEG,WA,ANM,WE,Towers with Radar,130,76,24,0,230,0,8,28,0,36,130,84,52,0,266,24,0,24,290
05/22/2002,GEG,WA,ANM,WE,Towers with Radar,129,67,25,1,222,0,5,13,0,18,129,72,38,1,240,5,0,5,245
05/23/2002,GEG,WA,ANM,WE,Towers with Radar,121,66,45,4,236,0,4,64,0,68,121,70,109,4,304,80,0,80,384
05/24/2002,GEG,WA,ANM,WE,Towers with Radar,124,76,16,0,216,0,6,93,0,99,124,82,109,0,315,34,0,34,349
05/25/2002,GEG,WA,ANM,WE,Towers with Radar,96,37,10,0,143,0,2,34,0,36,96,39,44,0,179,30,0,30,209
05/26/2002,GEG,WA,ANM,WE,Towers with Radar,91,31,17,0,139,0,1,17,0,18,91,32,34,0,157,18,0,18,175
05/27/2002,GEG,WA,ANM,WE,Towers with Radar,75,32,15,0,122,22,0,49,0,71,97,32,64,0,193,41,6,47,240
05/28/2002,GEG,WA,ANM,WE,Towers with Radar,112,54,16,1,183,0,4,54,4,62,112,58,70,5,245,32,4,36,281
05/29/2002,GEG,WA,ANM,WE,Towers with Radar,126,72,20,1,219,0,1,45,4,50,126,73,65,5,269,80,0,80,349
05/30/2002,GEG,WA,ANM,WE,Towers with Radar,128,70,31,4,233,0,0,99,0,99,128,70,130,4,332,166,0,166,498
05/31/2002,GEG,WA,ANM,WE,Towers with Radar,123,63,18,4,208,0,4,104,2,110,123,67,122,6,318,70,0,70,388
06/01/2002,GEG,WA,ANM,WE,Towers with Radar,127,40,16,2,185,4,0,66,5,75,131,40,82,7,260,70,0,70,330
06/02/2002,GEG,WA,ANM,WE,Towers with Radar,114,19,11,7,151,2,2,41,0,45,116,21,52,7,196,56,0,56,252
06/03/2002,GEG,WA,ANM,WE,Towers with Radar,112,60,16,2,190,2,0,86,0,88,114,60,102,2,278,78,0,78,356
06/04/2002,GEG,WA,ANM,WE,Towers with Radar,111,69,27,2,209,0,23,39,5,67,111,92,66,7,276,14,2,16,292
06/05/2002,GEG,WA,ANM,WE,Towers with Radar,126,75,21,1,223,2,6,44,6,58,128,81,65,7,281,12,2,14,295
06/06/2002,GEG,WA,ANM,WE,Towers with Radar,124,73,34,0,231,2,6,42,0,50,126,79,76,0,281,104,8,112,393
06/07/2002,GEG,WA,ANM,WE,Towers with Radar,113,61,16,0,190,2,3,74,0,79,115,64,90,0,269,72,0,72,341
06/08/2002,GEG,WA,ANM,WE,Towers with Radar,110,43,30,0,183,2,1,25,0,28,112,44,55,0,211,80,0,80,291
06/09/2002,GEG,WA,ANM,WE,Towers with Radar,96,25,16,0,137,2,1,19,0,22,98,26,35,0,159,20,0,20,179
06/10/2002,GEG,WA,ANM,WE,Towers with Radar,103,58,27,0,188,3,7,48,0,58,106,65,75,0,246,30,0,30,276
06/11/2002,GEG,WA,ANM,WE,Towers with Radar,129,69,35,1,234,0,0,54,1,55,129,69,89,2,289,102,0,102,391
06/12/2002,GEG,WA,ANM,WE,Towers with Radar,102,71,23,0,196,3,8,49,0,60,105,79,72,0,256,62,4,66,322
06/13/2002,GEG,WA,ANM,WE,Towers with Radar,126,65,15,0,206,3,15,73,7,98,129,80,88,7,304,68,0,68,372
06/14/2002,GEG,WA,ANM,WE,Towers with Radar,118,70,27,0,215,2,0,73,0,75,120,70,100,0,290,74,0,74,364
06/15/2002,GEG,WA,ANM,WE,Towers with Radar,74,37,12,0,123,35,0,66,6,107,109,37,78,6,230,32,0,32,262
06/16/2002,GEG,WA,ANM,WE,Towers with Radar,100,21,16,0,137,2,1,44,0,47,102,22,60,0,184,26,0,26,210
06/17/2002,GEG,WA,ANM,WE,Towers with Radar,103,53,19,0,175,0,24,48,0,72,103,77,67,0,247,94,0,94,341
06/18/2002,GEG,WA,ANM,WE,Towers with Radar,125,76,20,0,221,2,13,12,0,27,127,89,32,0,248,26,0,26,274
06/19/2002,GEG,WA,ANM,WE,Towers with Radar,129,73,20,1,223,2,3,105,0,110,131,76,125,1,333,84,0,84,417
06/20/2002,GEG,WA,ANM,WE,Towers with Radar,130,67,64,0,261,2,3,90,1,96,132,70,154,1,357,86,0,86,443
06/21/2002,GEG,WA,ANM,WE,Towers with Radar,116,70,16,1,203,2,3,90,0,95,118,73,106,1,298,56,0,56,354
06/22/2002,GEG,WA,ANM,WE,Towers with Radar,112,34,15,0,161,2,2,60,0,64,114,36,75,0,225,72,0,72,297
06/23/2002,GEG,WA,ANM,WE,Towers with Radar,96,23,19,2,140,2,0,52,0,54,98,23,71,2,194,8,0,8,202
06/24/2002,GEG,WA,ANM,WE,Towers with Radar,96,61,30,4,191,2,7,97,0,106,98,68,127,4,297,92,0,92,389
06/25/2002,GEG,WA,ANM,WE,Towers with Radar,119,69,21,0,209,2,11,102,2,117,121,80,123,2,326,130,6,136,462
06/26/2002,GEG,WA,ANM,WE,Towers with Radar,128,66,23,0,217,2,6,116,0,124,130,72,139,0,341,57,0,57,398
06/27/2002,GEG,WA,ANM,WE,Towers with Radar,129,66,26,0,221,2,3,70,2,77,131,69,96,2,298,58,0,58,356
06/28/2002,GEG,WA,ANM,WE,Towers with Radar,119,62,20,0,201,2,4,64,0,70,121,66,84,0,271,58,0,58,329
06/29/2002,GEG,WA,ANM,WE,Towers with Radar,120,44,26,0,190,2,2,16,1,21,122,46,42,1,211,10,0,10,221
06/30/2002,GEG,WA,ANM,WE,Towers with Radar,106,21,21,0,148,2,0,60,0,62,108,21,81,0,210,86,0,86,296
07/01/2002,GEG,WA,ANM,WE,Towers with Radar,107,57,35,0,199,2,3,62,0,67,109,60,97,0,266,56,0,56,322
07/02/2002,GEG,WA,ANM,WE,Towers with Radar,114,70,15,0,199,1,6,107,4,118,115,76,122,4,317,66,0,66,383
07/03/2002,GEG,WA,ANM,WE,Towers with Radar,126,63,41,0,230,1,6,63,1,71,127,69,104,1,301,58,0,58,359
07/04/2002,GEG,WA,ANM,WE,Towers with Radar,98,31,3,0,132,1,1,25,1,28,99,32,28,1,160,28,0,28,188
07/05/2002,GEG,WA,ANM,WE,Towers with Radar,108,51,23,0,182,0,4,60,0,64,108,55,83,0,246,28,0,28,274
07/06/2002,GEG,WA,ANM,WE,Towers with Radar,117,39,40,0,196,1,4,48,0,53,118,43,88,0,249,24,0,24,273
07/07/2002,GEG,WA,ANM,WE,Towers with Radar,94,17,20,0,131,16,0,41,0,57,110,17,61,0,188,78,0,78,266
07/08/2002,GEG,WA,ANM,WE,Towers with Radar,105,79,32,3,219,1,10,27,1,39,106,89,59,4,258,22,6,28,286
07/09/2002,GEG,WA,ANM,WE,Towers with Radar,119,74,31,0,224,1,6,81,0,88,120,80,112,0,312,58,4,62,374
07/10/2002,GEG,WA,ANM,WE,Towers with Radar,122,73,31,0,226,1,12,105,0,118,123,85,136,0,344,92,0,92,436
07/11/2002,GEG,WA,ANM,WE,Towers with Radar,134,96,35,0,265,2,7,64,0,73,136,103,99,0,338,122,0,122,460
07/12/2002,GEG,WA,ANM,WE,Towers with Radar,130,62,21,0,213,2,3,75,0,80,132,65,96,0,293,18,4,22,315
07/13/2002,GEG,WA,ANM,WE,Towers with Radar,155,38,13,0,206,3,1,46,1,51,158,39,59,1,257,74,0,74,331
07/14/2002,GEG,WA,ANM,WE,Towers with Radar,109,18,10,0,137,2,18,33,0,53,111,36,43,0,190,18,0,18,208
07/15/2002,GEG,WA,ANM,WE,Towers with Radar,142,61,20,0,223,2,13,71,0,86,144,74,91,0,309,80,0,80,389
07/16/2002,GEG,WA,ANM,WE,Towers with Radar,127,60,27,1,215,10,24,70,2,106,137,84,97,3,321,68,0,68,389
07/17/2002,GEG,WA,ANM,WE,Towers with Radar,143,76,41,1,261,2,1,90,2,95,145,77,131,3,356,44,0,44,400
07/18/2002,GEG,WA,ANM,WE,Towers with Radar,131,70,32,0,233,1,4,75,2,82,132,74,107,2,315,28,0,28,343
07/19/2002,GEG,WA,ANM,WE,Towers with Radar,134,70,36,2,242,1,2,73,1,77,135,72,109,3,319,49,6,55,374
07/20/2002,GEG,WA,ANM,WE,Towers with Radar,108,31,23,0,162,1,1,51,0,53,109,32,74,0,215,46,0,46,261
07/21/2002,GEG,WA,ANM,WE,Towers with Radar,95,20,23,0,138,1,1,51,0,53,96,21,74,0,191,80,0,80,271
07/22/2002,GEG,WA,ANM,WE,Towers with Radar,116,63,28,1,208,0,1,69,2,72,116,64,97,3,280,20,0,20,300
07/23/2002,GEG,WA,ANM,WE,Towers with Radar,129,66,30,0,225,0,9,66,0,75,129,75,96,0,300,100,6,106,406
07/24/2002,GEG,WA,ANM,WE,Towers with Radar,127,75,30,12,244,1,0,71,3,75,128,75,101,15,319,62,0,62,381
07/25/2002,GEG,WA,ANM,WE,Towers with Radar,149,54,34,2,239,1,7,70,1,79,150,61,104,3,318,102,0,102,420
07/26/2002,GEG,WA,ANM,WE,Towers with Radar,119,65,19,10,213,1,6,71,4,82,120,71,90,14,295,32,0,32,327
07/27/2002,GEG,WA,ANM,WE,Towers with Radar,121,35,25,0,181,1,0,14,3,18,122,35,39,3,199,22,0,22,221
07/28/2002,GEG,WA,ANM,WE,Towers with Radar,98,20,15,1,134,1,1,42,2,46,99,21,57,3,180,16,0,16,196
07/29/2002,GEG,WA,ANM,WE,Towers with Radar,113,60,26,0,199,0,5,52,0,57,113,65,78,0,256,42,0,42,298
07/30/2002,GEG,WA,ANM,WE,Towers with Radar,126,64,28,1,219,0,21,52,3,76,126,85,80,4,295,32,0,32,327
07/31/2002,GEG,WA,ANM,WE,Towers with Radar,131,71,31,4,237,1,3,72,0,76,132,74,103,4,313,52,0,52,365
08/01/2002,GEG,WA,ANM,WE,Towers with Radar,128,66,26,2,222,2,3,84,1,90,130,69,110,3,312,108,4,112,424
08/02/2002,GEG,WA,ANM,WE,Towers with Radar,123,62,33,0,218,1,9,56,0,66,124,71,89,0,284,98,32,130,414
08/03/2002,GEG,WA,ANM,WE,Towers with Radar,118,32,14,2,166,1,2,39,2,44,119,34,53,4,210,108,0,108,318
08/04/2002,GEG,WA,ANM,WE,Towers with Radar,108,23,23,0,154,1,0,30,1,32,109,23,53,1,186,14,0,14,200
08/05/2002,GEG,WA,ANM,WE,Towers with Radar,113,63,23,0,199,1,7,71,0,79,114,70,94,0,278,56,0,56,334
08/06/2002,GEG,WA,ANM,WE,Towers with Radar,123,68,34,0,225,1,11,72,0,84,124,79,106,0,309,68,4,72,381
08/07/2002,GEG,WA,ANM,WE,Towers with Radar,133,68,25,2,228,1,11,77,0,89,134,79,102,2,317,106,0,106,423
08/08/2002,GEG,WA,ANM,WE,Towers with Radar,136,69,37,0,242,1,10,64,0,75,137,79,101,0,317,58,0,58,375
08/09/2002,GEG,WA,ANM,WE,Towers with Radar,128,58,10,0,196,1,17,68,0,86,129,75,78,0,282,52,0,52,334
08/10/2002,GEG,WA,ANM,WE,Towers with Radar,102,31,22,0,155,2,12,69,0,83,104,43,91,0,238,56,0,56,294
08/11/2002,GEG,WA,ANM,WE,Towers with Radar,82,29,16,1,128,26,0,73,0,99,108,29,89,1,227,30,0,30,257
08/12/2002,GEG,WA,ANM,WE,Towers with Radar,109,67,15,1,192,2,11,71,0,84,111,78,86,1,276,20,0,20,296
08/13/2002,GEG,WA,ANM,WE,Towers with Radar,121,58,15,2,196,2,15,89,2,108,123,73,104,4,304,78,0,78,382
08/14/2002,GEG,WA,ANM,WE,Towers with Radar,129,62,26,4,221,2,9,63,0,74,131,71,89,4,295,48,4,52,347
08/15/2002,GEG,WA,ANM,WE,Towers with Radar,120,66,23,0,209,2,7,79,0,88,122,73,102,0,297,36,0,36,333
08/16/2002,GEG,WA,ANM,WE,Towers with Radar,117,73,25,5,220,2,9,85,0,96,119,82,110,5,316,70,0,70,386
08/17/2002,GEG,WA,ANM,WE,Towers with Radar,108,34,2,11,155,2,2,58,0,62,110,36,60,11,217,34,0,34,251
08/18/2002,GEG,WA,ANM,WE,Towers with Radar,88,39,18,0,145,2,2,49,0,53,90,41,67,0,198,114,0,114,312
08/19/2002,GEG,WA,ANM,WE,Towers with Radar,105,55,22,1,183,0,13,64,4,81,105,68,86,5,264,70,4,74,338
08/20/2002,GEG,WA,ANM,WE,Towers with Radar,117,74,31,5,227,2,6,91,3,102,119,80,122,8,329,88,0,88,417
08/21/2002,GEG,WA,ANM,WE,Towers with Radar,124,64,25,2,215,0,7,86,9,102,124,71,111,11,317,42,6,48,365
08/22/2002,GEG,WA,ANM,WE,Towers with Radar,140,61,31,0,232,2,4,55,0,61,142,65,86,0,293,72,0,72,365
08/23/2002,GEG,WA,ANM,WE,Towers with Radar,125,66,20,7,218,1,6,97,1,105,126,72,117,8,323,76,0,76,399
08/24/2002,GEG,WA,ANM,WE,Towers with Radar,113,33,31,0,177,1,2,26,0,29,114,35,57,0,206,18,0,18,224
08/25/2002,GEG,WA,ANM,WE,Towers with Radar,115,23,13,0,151,1,1,43,0,45,116,24,56,0,196,28,0,28,224
08/26/2002,GEG,WA,ANM,WE,Towers with Radar,112,56,19,6,193,1,9,55,0,65,113,65,74,6,258,12,0,12,270
08/27/2002,GEG,WA,ANM,WE,Towers with Radar,121,69,28,2,220,0,0,60,6,66,121,69,88,8,286,30,0,30,316
08/28/2002,GEG,WA,ANM,WE,Towers with Radar,131,63,25,0,219,0,14,66,0,80,131,77,91,0,299,32,0,32,331
08/29/2002,GEG,WA,ANM,WE,Towers with Radar,128,59,24,1,212,5,12,82,2,101,133,71,106,3,313,64,0,64,377
08/30/2002,GEG,WA,ANM,WE,Towers with Radar,121,58,23,0,202,0,16,79,0,95,121,74,102,0,297,82,0,82,379
08/31/2002,GEG,WA,ANM,WE,Towers with Radar,109,36,11,0,156,1,8,64,0,73,110,44,75,0,229,52,0,52,281
09/01/2002,GEG,WA,ANM,WE,Towers with Radar,72,22,5,0,99,2,0,25,0,27,74,22,30,0,126,0,0,0,126
09/02/2002,GEG,WA,ANM,WE,Towers with Radar,97,34,25,0,156,1,0,44,0,45,98,34,69,0,201,42,0,42,243
09/03/2002,GEG,WA,ANM,WE,Towers with Radar,124,65,23,1,213,1,5,61,1,68,125,70,84,2,281,38,0,38,319
09/04/2002,GEG,WA,ANM,WE,Towers with Radar,132,73,26,0,231,1,6,85,2,94,133,79,111,2,325,120,0,120,445
09/05/2002,GEG,WA,ANM,WE,Towers with Radar,125,71,25,0,221,1,8,68,1,78,126,79,93,1,299,100,0,100,399
09/06/2002,GEG,WA,ANM,WE,Towers with Radar,121,66,23,23,233,1,10,70,1,82,122,76,93,24,315,98,0,98,413
09/07/2002,GEG,WA,ANM,WE,Towers with Radar,103,39,25,0,167,1,0,38,1,40,104,39,63,1,207,48,0,48,255
09/08/2002,GEG,WA,ANM,WE,Towers with Radar,71,26,15,0,112,25,0,44,4,73,96,26,59,4,185,32,0,32,217
09/09/2002,GEG,WA,ANM,WE,Towers with Radar,95,62,38,3,198,1,12,69,1,83,96,74,107,4,281,140,0,140,421
09/10/2002,GEG,WA,ANM,WE,Towers with Radar,117,77,20,0,214,1,6,79,0,86,118,83,99,0,300,94,0,94,394
09/11/2002,GEG,WA,ANM,WE,Towers with Radar,134,65,27,1,227,1,1,73,0,75,135,66,100,1,302,74,0,74,376
09/12/2002,GEG,WA,ANM,WE,Towers with Radar,125,69,29,1,224,0,18,74,0,92,125,87,103,1,316,38,0,38,354
09/13/2002,GEG,WA,ANM,WE,Towers with Radar,119,66,36,1,222,1,1,82,1,85,120,67,118,2,307,307,0,307,614
09/14/2002,GEG,WA,ANM,WE,Towers with Radar,116,39,20,0,175,1,1,63,0,65,117,40,83,0,240,284,0,284,524
09/15/2002,GEG,WA,ANM,WE,Towers with Radar,100,22,13,0,135,1,0,58,0,59,101,22,71,0,194,203,0,203,397
09/16/2002,GEG,WA,ANM,WE,Towers with Radar,99,48,21,1,169,7,42,44,1,94,106,90,65,2,263,90,0,90,353
09/17/2002,GEG,WA,ANM,WE,Towers with Radar,128,71,30,0,229,0,13,33,0,46,128,84,63,0,275,44,0,44,319
09/18/2002,GEG,WA,ANM,WE,Towers with Radar,112,68,28,0,208,0,11,81,0,92,112,79,109,0,300,100,0,100,400
09/19/2002,GEG,WA,ANM,WE,Towers with Radar,131,75,19,0,225,1,12,89,0,102,132,87,108,0,327,116,6,122,449
09/20/2002,GEG,WA,ANM,WE,Towers with Radar,121,65,20,0,206,0,9,65,2,76,121,74,85,2,282,58,6,64,346
09/21/2002,GEG,WA,ANM,WE,Towers with Radar,109,39,20,0,168,0,1,71,0,72,109,40,91,0,240,62,0,62,302
09/22/2002,GEG,WA,ANM,WE,Towers with Radar,110,23,20,0,153,0,0,34,0,34,110,23,54,0,187,66,0,66,253
09/23/2002,GEG,WA,ANM,WE,Towers with Radar,110,59,17,0,186,0,7,60,0,67,110,66,77,0,253,132,0,132,385
09/24/2002,GEG,WA,ANM,WE,Towers with Radar,122,64,27,0,213,0,21,75,0,96,122,85,102,0,309,58,0,58,367
09/25/2002,GEG,WA,ANM,WE,Towers with Radar,123,65,31,10,229,1,5,92,1,99,124,70,123,11,328,124,14,138,466
09/26/2002,GEG,WA,ANM,WE,Towers with Radar,97,49,28,0,174,1,6,47,1,55,98,55,75,1,229,46,0,46,275
09/27/2002,GEG,WA,ANM,WE,Towers with Radar,131,64,27,1,223,0,6,82,0,88,131,70,109,1,311,48,0,48,359
09/28/2002,GEG,WA,ANM,WE,Towers with Radar,78,38,17,1,134,29,0,53,5,87,107,38,70,6,221,106,0,106,327
09/29/2002,GEG,WA,ANM,WE,Towers with Radar,113,25,23,1,162,1,0,11,0,12,114,25,34,1,174,4,0,4,178
09/30/2002,GEG,WA,ANM,WE,Towers with Radar,110,35,24,0,169,0,0,76,0,76,110,35,100,0,245,52,0,52,297
10/01/2002,GEG,WA,ANM,WE,Towers with Radar,121,76,26,2,225,0,5,63,0,68,121,81,89,2,293,98,0,98,391
10/02/2002,GEG,WA,ANM,WE,Towers with Radar,130,71,28,2,231,2,8,62,1,73,132,79,90,3,304,74,0,74,378
10/03/2002,GEG,WA,ANM,WE,Towers with Radar,128,73,25,2,228,0,13,38,3,54,128,86,63,5,282,16,0,16,298
10/04/2002,GEG,WA,ANM,WE,Towers with Radar,118,70,30,0,218,1,0,25,0,26,119,70,55,0,244,22,0,22,266
10/05/2002,GEG,WA,ANM,WE,Towers with Radar,118,43,16,0,177,1,0,33,1,35,119,43,49,1,212,54,0,54,266
10/06/2002,GEG,WA,ANM,WE,Towers with Radar,96,23,12,0,131,1,0,30,0,31,97,23,42,0,162,12,0,12,174
10/07/2002,GEG,WA,ANM,WE,Towers with Radar,108,59,20,0,187,0,8,90,0,98,108,67,110,0,285,78,0,78,363
10/08/2002,GEG,WA,ANM,WE,Towers with Radar,116,60,20,1,197,0,24,82,4,110,116,84,102,5,307,84,0,84,391
10/09/2002,GEG,WA,ANM,WE,Towers with Radar,133,69,27,0,229,1,5,76,2,84,134,74,103,2,313,74,0,74,387
10/10/2002,GEG,WA,ANM,WE,Towers with Radar,121,72,20,1,214,1,7,56,1,65,122,79,76,2,279,96,2,98,377
10/11/2002,GEG,WA,ANM,WE,Towers with Radar,113,72,21,0,206,1,5,74,0,80,114,77,95,0,286,96,0,96,382
10/12/2002,GEG,WA,ANM,WE,Towers with Radar,100,40,25,2,167,1,0,53,0,54,101,40,78,2,221,48,10,58,279
10/13/2002,GEG,WA,ANM,WE,Towers with Radar,63,19,12,0,94,36,0,40,0,76,99,19,52,0,170,10,0,10,180
10/14/2002,GEG,WA,ANM,WE,Towers with Radar,81,40,14,1,136,27,4,88,4,123,108,44,102,5,259,92,4,96,355
10/15/2002,GEG,WA,ANM,WE,Towers with Radar,123,7,12,0,142,1,8,93,6,108,124,15,105,6,250,110,0,110,360
10/16/2002,GEG,WA,ANM,WE,Towers with Radar,131,63,14,2,210,1,7,95,0,103,132,70,109,2,313,70,2,72,385
10/17/2002,GEG,WA,ANM,WE,Towers with Radar,123,62,25,0,210,1,8,89,1,99,124,70,114,1,309,116,0,116,425
10/18/2002,GEG,WA,ANM,WE,Towers with Radar,125,62,15,15,217,1,4,70,0,75,126,66,85,15,292,48,9,57,349
10/19/2002,GEG,WA,ANM,WE,Towers with Radar,72,35,12,2,121,41,0,54,1,96,113,35,66,3,217,22,0,22,239
10/20/2002,GEG,WA,ANM,WE,Towers with Radar,92,20,20,2,134,1,0,33,0,34,93,20,53,2,168,20,0,20,188
10/21/2002,GEG,WA,ANM,WE,Towers with Radar,96,60,21,2,179,0,11,65,0,76,96,71,86,2,255,42,0,42,297
10/22/2002,GEG,WA,ANM,WE,Towers with Radar,132,65,22,1,220,0,8,73,0,81,132,73,95,1,301,74,12,86,387
10/23/2002,GEG,WA,ANM,WE,Towers with Radar,128,77,28,4,237,1,3,72,3,79,129,80,100,7,316,108,0,108,424
10/24/2002,GEG,WA,ANM,WE,Towers with Radar,136,69,21,1,227,1,5,89,4,99,137,74,110,5,326,66,0,66,392
10/25/2002,GEG,WA,ANM,WE,Towers with Radar,118,70,30,5,223,1,3,80,2,86,119,73,110,7,309,82,0,82,391
10/26/2002,GEG,WA,ANM,WE,Towers with Radar,102,46,10,2,160,1,0,56,0,57,103,46,66,2,217,44,0,44,261
10/27/2002,GEG,WA,ANM,WE,Towers with Radar,89,20,9,0,118,1,0,29,0,30,90,20,38,0,148,34,0,34,182
10/28/2002,GEG,WA,ANM,WE,Towers with Radar,96,59,14,0,169,1,0,45,0,46,97,59,59,0,215,120,0,120,335
10/29/2002,GEG,WA,ANM,WE,Towers with Radar,118,74,24,0,216,1,11,24,0,36,119,85,48,0,252,14,0,14,266
10/30/2002,GEG,WA,ANM,WE,Towers with Radar,114,68,23,2,207,0,13,47,7,67,114,81,70,9,274,62,6,68,342
10/31/2002,GEG,WA,ANM,WE,Towers with Radar,121,66,13,0,200,1,6,70,0,77,122,72,83,0,277,76,0,76,353
11/01/2002,GEG,WA,ANM,WE,Towers with Radar,103,58,24,0,185,9,16,95,0,120,112,74,119,0,305,60,0,60,365
11/02/2002,GEG,WA,ANM,WE,Towers with Radar,97,39,16,0,152,1,3,52,0,56,98,42,68,0,208,58,0,58,266
11/03/2002,GEG,WA,ANM,WE,Towers with Radar,87,20,16,2,125,2,2,42,0,46,89,22,58,2,171,56,0,56,227
11/04/2002,GEG,WA,ANM,WE,Towers with Radar,101,58,24,1,184,1,5,54,0,60,102,63,78,1,244,42,0,42,286
11/05/2002,GEG,WA,ANM,WE,Towers with Radar,124,68,25,1,218,1,12,82,1,96,125,80,107,2,314,84,0,84,398
11/06/2002,GEG,WA,ANM,WE,Towers with Radar,118,78,35,1,232,0,0,54,14,68,118,78,89,15,300,28,8,36,336
11/07/2002,GEG,WA,ANM,WE,Towers with Radar,125,78,22,0,225,1,4,38,0,43,126,82,60,0,268,36,0,36,304
11/08/2002,GEG,WA,ANM,WE,Towers with Radar,112,69,17,0,198,1,2,12,0,15,113,71,29,0,213,0,0,0,213
11/09/2002,GEG,WA,ANM,WE,Towers with Radar,97,35,16,0,148,1,1,10,1,13,98,36,26,1,161,34,0,34,195
11/10/2002,GEG,WA,ANM,WE,Towers with Radar,94,19,9,0,122,1,1,5,0,7,95,20,14,0,129,18,0,18,147
11/11/2002,GEG,WA,ANM,WE,Towers with Radar,81,44,19,0,144,23,13,37,0,73,104,57,56,0,217,72,0,72,289
11/12/2002,GEG,WA,ANM,WE,Towers with Radar,110,58,27,0,195,2,3,21,0,26,112,61,48,0,221,30,0,30,251
11/13/2002,GEG,WA,ANM,WE,Towers with Radar,130,85,42,0,257,2,1,51,3,57,132,86,93,3,314,38,0,38,352
11/14/2002,GEG,WA,ANM,WE,Towers with Radar,116,75,29,0,220,2,2,38,2,44,118,77,67,2,264,68,0,68,332
11/15/2002,GEG,WA,ANM,WE,Towers with Radar,112,77,29,2,220,2,3,71,0,76,114,80,100,2,296,43,0,43,339
11/16/2002,GEG,WA,ANM,WE,Towers with Radar,100,38,6,4,148,2,1,23,3,29,102,39,29,7,177,48,0,48,225
11/17/2002,GEG,WA,ANM,WE,Towers with Radar,81,27,17,0,125,2,1,37,0,40,83,28,54,0,165,26,0,26,191
11/18/2002,GEG,WA,ANM,WE,Towers with Radar,98,70,22,6,196,1,8,33,0,42,99,78,55,6,238,61,0,61,299
11/19/2002,GEG,WA,ANM,WE,Towers with Radar,116,87,38,0,241,2,2,31,0,35,118,89,69,0,276,22,0,22,298
11/20/2002,GEG,WA,ANM,WE,Towers with Radar,120,79,34,0,233,0,0,70,0,70,120,79,104,0,303,43,0,43,346
11/21/2002,GEG,WA,ANM,WE,Towers with Radar,118,77,53,0,248,15,6,43,0,64,133,83,96,0,312,58,0,58,370
11/22/2002,GEG,WA,ANM,WE,Towers with Radar,114,73,29,0,216,0,4,6,0,10,114,77,35,0,226,2,0,2,228
11/23/2002,GEG,WA,ANM,WE,Towers with Radar,85,42,10,0,137,2,0,16,0,18,87,42,26,0,155,4,0,4,159
11/24/2002,GEG,WA,ANM,WE,Towers with Radar,83,26,18,0,127,11,0,70,0,81,94,26,88,0,208,7,0,7,215
11/25/2002,GEG,WA,ANM,WE,Towers with Radar,104,65,26,1,196,0,13,51,0,64,104,78,77,1,260,60,0,60,320
11/26/2002,GEG,WA,ANM,WE,Towers with Radar,120,85,23,2,230,2,6,55,5,68,122,91,78,7,298,84,0,84,382
11/27/2002,GEG,WA,ANM,WE,Towers with Radar,55,31,13,0,99,58,47,76,5,186,113,78,89,5,285,70,0,70,355
11/28/2002,GEG,WA,ANM,WE,Towers with Radar,81,36,17,0,134,0,0,0,0,0,81,36,17,0,134,0,0,0,134
11/29/2002,GEG,WA,ANM,WE,Towers with Radar,93,56,17,0,166,2,3,31,0,36,95,59,48,0,202,32,0,32,234
11/30/2002,GEG,WA,ANM,WE,Towers with Radar,94,36,16,0,146,2,1,12,0,15,96,37,28,0,161,30,0,30,191
12/01/2002,GEG,WA,ANM,WE,Towers with Radar,62,24,6,0,92,29,0,0,0,29,91,24,6,0,121,0,0,0,121
12/02/2002,GEG,WA,ANM,WE,Towers with Radar,107,73,21,0,201,2,3,0,0,5,109,76,21,0,206,6,0,6,212
12/03/2002,GEG,WA,ANM,WE,Towers with Radar,111,93,22,0,226,2,3,0,0,5,113,96,22,0,231,0,0,0,231
12/04/2002,GEG,WA,ANM,WE,Towers with Radar,114,89,24,0,227,1,5,0,0,6,115,94,24,0,233,0,4,4,237
12/05/2002,GEG,WA,ANM,WE,Towers with Radar,131,92,25,0,248,1,4,0,0,5,132,96,25,0,253,0,0,0,253
12/06/2002,GEG,WA,ANM,WE,Towers with Radar,117,72,19,0,208,0,4,0,0,4,117,76,19,0,212,0,0,0,212
12/07/2002,GEG,WA,ANM,WE,Towers with Radar,95,43,3,0,141,1,4,1,0,6,96,47,4,0,147,0,0,0,147
12/08/2002,GEG,WA,ANM,WE,Towers with Radar,74,27,13,0,114,11,0,18,0,29,85,27,31,0,143,34,0,34,177
12/09/2002,GEG,WA,ANM,WE,Towers with Radar,92,71,24,0,187,0,0,51,2,53,92,71,75,2,240,72,0,72,312
12/10/2002,GEG,WA,ANM,WE,Towers with Radar,107,76,20,0,203,1,4,9,1,15,108,80,29,1,218,32,10,42,260
12/11/2002,GEG,WA,ANM,WE,Towers with Radar,123,82,36,4,245,1,3,26,1,31,124,85,62,5,276,38,4,42,318
12/12/2002,GEG,WA,ANM,WE,Towers with Radar,121,74,22,0,217,0,13,63,0,76,121,87,85,0,293,90,0,90,383
12/13/2002,GEG,WA,ANM,WE,Towers with Radar,112,74,22,0,208,0,2,9,0,11,112,76,31,0,219,14,0,14,233
12/14/2002,GEG,WA,ANM,WE,Towers with Radar,86,40,26,0,152,1,5,2,0,8,87,45,28,0,160,14,0,14,174
12/15/2002,GEG,WA,ANM,WE,Towers with Radar,88,22,17,0,127,1,3,10,0,14,89,25,27,0,141,20,0,20,161
12/16/2002,GEG,WA,ANM,WE,Towers with Radar,95,67,29,1,192,1,7,16,0,24,96,74,45,1,216,26,0,26,242
12/17/2002,GEG,WA,ANM,WE,Towers with Radar,114,90,31,1,236,1,6,29,0,36,115,96,60,1,272,34,0,34,306
12/18/2002,GEG,WA,ANM,WE,Towers with Radar,132,84,26,0,242,0,0,29,5,34,132,84,55,5,276,90,0,90,366
12/19/2002,GEG,WA,ANM,WE,Towers with Radar,135,89,28,0,252,0,0,22,4,26,135,89,50,4,278,38,0,38,316
12/20/2002,GEG,WA,ANM,WE,Towers with Radar,127,77,25,0,229,0,0,53,3,56,127,77,78,3,285,59,0,59,344
12/21/2002,GEG,WA,ANM,WE,Towers with Radar,93,49,11,0,153,2,2,44,0,48,95,51,55,0,201,74,0,74,275
12/22/2002,GEG,WA,ANM,WE,Towers with Radar,94,25,19,0,138,2,2,0,0,4,96,27,19,0,142,6,0,6,148
12/23/2002,GEG,WA,ANM,WE,Towers with Radar,107,68,22,0,197,0,3,32,4,39,107,71,54,4,236,30,12,42,278
12/24/2002,GEG,WA,ANM,WE,Towers with Radar,123,56,10,0,189,2,7,24,2,35,125,63,34,2,224,36,4,40,264
12/25/2002,GEG,WA,ANM,WE,Towers with Radar,62,36,7,0,105,42,1,0,0,43,104,37,7,0,148,0,0,0,148
12/26/2002,GEG,WA,ANM,WE,Towers with Radar,117,66,25,0,208,2,2,4,0,8,119,68,29,0,216,2,0,2,218
12/27/2002,GEG,WA,ANM,WE,Towers with Radar,122,71,5,0,198,2,4,5,0,11,124,75,10,0,209,0,0,0,209
12/28/2002,GEG,WA,ANM,WE,Towers with Radar,97,42,9,0,148,2,2,0,0,4,99,44,9,0,152,12,0,12,164
12/29/2002,GEG,WA,ANM,WE,Towers with Radar,63,25,8,0,96,36,0,0,0,36,99,25,8,0,132,0,0,0,132
12/30/2002,GEG,WA,ANM,WE,Towers with Radar,110,65,25,0,200,2,6,0,0,8,112,71,25,0,208,4,0,4,212
12/31/2002,GEG,WA,ANM,WE,Towers with Radar,112,71,14,0,197,2,6,1,0,9,114,77,15,0,206,0,0,0,206
01/01/2003,GEG,WA,ANM,WE,Towers with Radar,55,31,9,0,95,19,1,24,0,44,74,32,33,0,139,10,0,10,149
01/02/2003,GEG,WA,ANM,WE,Towers with Radar,132,65,8,0,205,0,1,32,1,34,132,66,40,1,239,0,0,0,239
01/03/2003,GEG,WA,ANM,WE,Towers with Radar,121,75,18,0,214,0,2,31,1,34,121,77,49,1,248,36,0,36,284
01/04/2003,GEG,WA,ANM,WE,Towers with Radar,91,31,11,1,134,0,0,5,1,6,91,31,16,2,140,18,0,18,158
01/05/2003,GEG,WA,ANM,WE,Towers with Radar,90,22,6,0,118,0,0,8,1,9,90,22,14,1,127,12,0,12,139
01/06/2003,GEG,WA,ANM,WE,Towers with Radar,106,63,16,1,186,0,2,27,3,32,106,65,43,4,218,18,0,18,236
01/07/2003,GEG,WA,ANM,WE,Towers with Radar,115,83,37,1,236,0,2,23,0,25,115,85,60,1,261,52,4,56,317
01/08/2003,GEG,WA,ANM,WE,Towers with Radar,91,38,9,0,138,19,0,0,0,19,110,38,9,0,157,0,0,0,157
01/09/2003,GEG,WA,ANM,WE,Towers with Radar,117,75,18,5,215,0,8,61,4,73,117,83,79,9,288,36,0,36,324
01/10/2003,GEG,WA,ANM,WE,Towers with Radar,125,72,21,1,219,1,9,57,0,67,126,81,78,1,286,42,0,42,328
01/11/2003,GEG,WA,ANM,WE,Towers with Radar,91,37,26,0,154,0,0,14,0,14,91,37,40,0,168,64,0,64,232
01/12/2003,GEG,WA,ANM,WE,Towers with Radar,88,23,5,0,116,0,0,0,0,0,88,23,5,0,116,0,0,0,116
01/13/2003,GEG,WA,ANM,WE,Towers with Radar,97,62,13,0,172,0,0,0,0,0,97,62,13,0,172,0,0,0,172
01/14/2003,GEG,WA,ANM,WE,Towers with Radar,123,73,15,1,212,0,0,0,3,3,123,73,15,4,215,14,2,16,231
01/15/2003,GEG,WA,ANM,WE,Towers with Radar,118,80,31,0,229,0,0,4,4,8,118,80,35,4,237,4,0,4,241
01/16/2003,GEG,WA,ANM,WE,Towers with Radar,123,78,38,1,240,0,6,43,3,52,123,84,81,4,292,68,0,68,360
01/17/2003,GEG,WA,ANM,WE,Towers with Radar,111,79,39,0,229,0,0,8,0,8,111,79,47,0,237,0,0,0,237
01/18/2003,GEG,WA,ANM,WE,Towers with Radar,100,39,19,0,158,0,0,0,0,0,100,39,19,0,158,0,0,0,158
01/19/2003,GEG,WA,ANM,WE,Towers with Radar,84,11,6,0,101,0,0,0,0,0,84,11,6,0,101,0,0,0,101
01/20/2003,GEG,WA,ANM,WE,Towers with Radar,94,55,14,0,163,18,32,0,0,50,112,87,14,0,213,0,0,0,213
01/21/2003,GEG,WA,ANM,WE,Towers with Radar,122,76,19,2,219,0,0,0,0,0,122,76,19,2,219,0,0,0,219
01/22/2003,GEG,WA,ANM,WE,Towers with Radar,123,91,24,3,241,0,0,0,0,0,123,91,24,3,241,0,0,0,241
01/23/2003,GEG,WA,ANM,WE,Towers with Radar,121,85,29,14,249,0,3,44,2,49,121,88,73,16,298,56,0,56,354
01/24/2003,GEG,WA,ANM,WE,Towers with Radar,115,74,31,2,222,0,1,9,0,10,115,75,40,2,232,56,0,56,288
01/25/2003,GEG,WA,ANM,WE,Towers with Radar,88,32,8,0,128,0,0,0,0,0,88,32,8,0,128,0,0,0,128
01/26/2003,GEG,WA,ANM,WE,Towers with Radar,97,26,17,0,140,0,1,7,0,8,97,27,24,0,148,32,0,32,180
01/27/2003,GEG,WA,ANM,WE,Towers with Radar,102,67,22,0,191,0,5,49,0,54,102,72,71,0,245,96,0,96,341
01/28/2003,GEG,WA,ANM,WE,Towers with Radar,109,89,34,5,237,0,1,6,1,8,109,90,40,6,245,12,0,12,257
01/29/2003,GEG,WA,ANM,WE,Towers with Radar,124,80,22,0,226,0,0,6,0,6,124,80,28,0,232,0,0,0,232
01/30/2003,GEG,WA,ANM,WE,Towers with Radar,118,83,50,0,251,0,0,11,3,14,118,83,61,3,265,22,0,22,287
01/31/2003,GEG,WA,ANM,WE,Towers with Radar,118,85,24,0,227,0,1,4,0,5,118,86,28,0,232,0,0,0,232
02/01/2003,GEG,WA,ANM,WE,Towers with Radar,89,43,31,0,163,0,0,23,0,23,89,43,54,0,186,34,0,34,220
02/02/2003,GEG,WA,ANM,WE,Towers with Radar,90,23,17,0,130,0,0,5,2,7,90,23,22,2,137,40,0,40,177
02/03/2003,GEG,WA,ANM,WE,Towers with Radar,113,65,27,0,205,10,12,29,0,51,123,77,56,0,256,36,0,36,292
02/04/2003,GEG,WA,ANM,WE,Towers with Radar,114,84,23,0,221,0,7,89,1,97,114,91,112,1,318,102,0,102,420
02/05/2003,GEG,WA,ANM,WE,Towers with Radar,120,76,34,4,234,0,4,73,4,81,120,80,107,8,315,247,0,247,562
02/06/2003,GEG,WA,ANM,WE,Towers with Radar,119,73,35,0,227,0,4,66,2,72,119,77,101,2,299,76,0,76,375
02/07/2003,GEG,WA,ANM,WE,Towers with Radar,129,76,34,0,239,0,0,60,0,60,129,76,94,0,299,62,0,62,361
02/08/2003,GEG,WA,ANM,WE,Towers with Radar,90,43,21,0,154,0,0,49,5,54,90,43,70,5,208,86,0,86,294
02/09/2003,GEG,WA,ANM,WE,Towers with Radar,89,20,9,2,120,0,0,46,4,50,89,20,55,6,170,127,0,127,297
02/10/2003,GEG,WA,ANM,WE,Towers with Radar,102,64,26,2,194,0,0,23,0,23,102,64,49,2,217,160,0,160,377
02/11/2003,GEG,WA,ANM,WE,Towers with Radar,110,66,27,6,209,0,8,54,0,62,110,74,81,6,271,42,0,42,313
02/12/2003,GEG,WA,ANM,WE,Towers with Radar,112,69,28,4,213,0,6,66,0,72,112,75,94,4,285,36,0,36,321
02/13/2003,GEG,WA,ANM,WE,Towers with Radar,121,84,25,0,230,0,3,50,3,56,121,87,75,3,286,297,0,297,583
02/14/2003,GEG,WA,ANM,WE,Towers with Radar,111,90,38,0,239,0,0,4,0,4,111,90,42,0,243,12,0,12,255
02/15/2003,GEG,WA,ANM,WE,Towers with Radar,75,30,18,1,124,16,0,57,0,73,91,30,75,1,197,84,0,84,281
02/16/2003,GEG,WA,ANM,WE,Towers with Radar,79,25,26,0,130,0,0,0,0,0,79,25,26,0,130,12,0,12,142
02/17/2003,GEG,WA,ANM,WE,Towers with Radar,92,67,22,0,181,0,4,27,0,31,92,71,49,0,212,32,0,32,244
02/18/2003,GEG,WA,ANM,WE,Towers with Radar,118,75,32,8,233,0,0,37,51,88,118,75,69,59,321,68,64,132,453
02/19/2003,GEG,WA,ANM,WE,Towers with Radar,123,81,19,92,315,0,5,47,3,55,123,86,66,95,370,18,68,86,456
02/20/2003,GEG,WA,ANM,WE,Towers with Radar,120,79,16,22,237,0,0,11,4,15,120,79,27,26,252,12,40,52,304
02/21/2003,GEG,WA,ANM,WE,Towers with Radar,109,63,26,0,198,8,12,38,0,58,117,75,64,0,256,53,2,55,311
02/22/2003,GEG,WA,ANM,WE,Towers with Radar,71,41,16,0,128,15,12,41,0,68,86,53,57,0,196,90,0,90,286
02/23/2003,GEG,WA,ANM,WE,Towers with Radar,90,24,11,0,125,0,0,38,0,38,90,24,49,0,163,64,0,64,227
02/24/2003,GEG,WA,ANM,WE,Towers with Radar,104,61,18,0,183,0,6,70,2,78,104,67,88,2,261,86,0,86,347
02/25/2003,GEG,WA,ANM,WE,Towers with Radar,107,75,42,0,224,0,4,91,2,97,107,79,133,2,321,98,0,98,419
02/26/2003,GEG,WA,ANM,WE,Towers with Radar,122,73,21,8,224,0,4,67,0,71,122,77,88,8,295,22,22,44,339
02/27/2003,GEG,WA,ANM,WE,Towers with Radar,111,65,27,3,206,9,9,56,0,74,120,74,83,3,280,32,24,56,336
02/28/2003,GEG,WA,ANM,WE,Towers with Radar,93,54,23,1,171,21,21,9,0,51,114,75,32,1,222,32,0,32,254
03/01/2003,GEG,WA,ANM,WE,Towers with Radar,87,44,27,0,158,2,0,37,0,39,89,44,64,0,197,32,0,32,229
03/02/2003,GEG,WA,ANM,WE,Towers with Radar,87,21,10,1,119,1,0,27,0,28,88,21,37,1,147,38,0,38,185
03/03/2003,GEG,WA,ANM,WE,Towers with Radar,103,63,21,6,193,1,7,32,0,40,104,70,53,6,233,60,4,64,297
03/04/2003,GEG,WA,ANM,WE,Towers with Radar,120,70,65,0,255,1,12,71,0,84,121,82,136,0,339,92,0,92,431
03/05/2003,GEG,WA,ANM,WE,Towers with Radar,134,76,26,1,237,2,1,0,3,6,136,77,26,4,243,12,4,16,259
03/06/2003,GEG,WA,ANM,WE,Towers with Radar,121,75,20,1,217,1,4,19,0,24,122,79,39,1,241,18,0,18,259
03/07/2003,GEG,WA,ANM,WE,Towers with Radar,128,74,26,0,228,1,1,31,5,38,129,75,57,5,266,24,0,24,290
03/08/2003,GEG,WA,ANM,WE,Towers with Radar,88,39,36,1,164,1,0,29,0,30,89,39,65,1,194,50,0,50,244
03/09/2003,GEG,WA,ANM,WE,Towers with Radar,85,29,7,2,123,1,0,0,0,1,86,29,7,2,124,12,0,12,136
03/10/2003,GEG,WA,ANM,WE,Towers with Radar,109,61,20,1,191,1,10,19,0,30,110,71,39,1,221,34,0,34,255
03/11/2003,GEG,WA,ANM,WE,Towers with Radar,115,71,26,0,212,1,8,25,10,44,116,79,51,10,256,48,0,48,304
03/12/2003,GEG,WA,ANM,WE,Towers with Radar,120,80,32,1,233,0,5,33,0,38,120,85,65,1,271,40,0,40,311
03/13/2003,GEG,WA,ANM,WE,Towers with Radar,119,80,15,0,214,1,3,30,0,34,120,83,45,0,248,22,0,22,270
03/14/2003,GEG,WA,ANM,WE,Towers with Radar,112,80,17,1,210,1,3,43,4,51,113,83,60,5,261,56,4,60,321
03/15/2003,GEG,WA,ANM,WE,Towers with Radar,86,37,15,2,140,1,0,3,0,4,87,37,18,2,144,26,0,26,170
03/16/2003,GEG,WA,ANM,WE,Towers with Radar,86,27,20,0,133,1,0,46,0,47,87,27,66,0,180,78,0,78,258
03/17/2003,GEG,WA,ANM,WE,Towers with Radar,109,68,21,0,198,1,15,46,0,62,110,83,67,0,260,65,0,65,325
03/18/2003,GEG,WA,ANM,WE,Towers with Radar,118,69,28,1,216,0,13,51,3,67,118,82,79,4,283,130,0,130,413
03/19/2003,GEG,WA,ANM,WE,Towers with Radar,123,78,19,10,230,0,5,59,2,66,123,83,78,12,296,20,18,38,334
03/20/2003,GEG,WA,ANM,WE,Towers with Radar,116,72,29,0,217,0,9,55,0,64,116,81,84,0,281,24,0,24,305
03/21/2003,GEG,WA,ANM,WE,Towers with Radar,117,66,25,1,209,4,17,23,1,45,121,83,48,2,254,22,0,22,276
03/22/2003,GEG,WA,ANM,WE,Towers with Radar,71,39,15,0,125,25,0,7,0,32,96,39,22,0,157,0,0,0,157
03/23/2003,GEG,WA,ANM,WE,Towers with Radar,88,25,22,0,135,0,0,17,0,17,88,25,39,0,152,54,0,54,206
03/24/2003,GEG,WA,ANM,WE,Towers with Radar,100,62,36,4,202,0,4,79,3,86,100,66,115,7,288,136,2,138,426
03/25/2003,GEG,WA,ANM,WE,Towers with Radar,109,79,24,0,212,0,3,25,3,31,109,82,49,3,243,42,0,42,285
03/26/2003,GEG,WA,ANM,WE,Towers with Radar,110,75,31,0,216,0,4,13,0,17,110,79,44,0,233,4,0,4,237
03/27/2003,GEG,WA,ANM,WE,Towers with Radar,122,82,41,7,252,0,4,55,3,62,122,86,96,10,314,52,0,52,366
03/28/2003,GEG,WA,ANM,WE,Towers with Radar,131,73,30,0,234,0,7,54,0,61,131,80,84,0,295,20,0,20,315
03/29/2003,GEG,WA,ANM,WE,Towers with Radar,85,37,26,0,148,1,0,50,0,51,86,37,76,0,199,80,0,80,279
03/30/2003,GEG,WA,ANM,WE,Towers with Radar,93,21,9,0,123,1,0,32,0,33,94,21,41,0,156,26,0,26,182
03/31/2003,GEG,WA,ANM,WE,Towers with Radar,104,63,25,1,193,0,0,17,1,18,104,63,42,2,211,56,0,56,267
04/01/2003,GEG,WA,ANM,WE,Towers with Radar,111,79,14,7,211,2,4,18,1,25,113,83,32,8,236,35,0,35,271
04/02/2003,GEG,WA,ANM,WE,Towers with Radar,121,82,28,1,232,2,2,10,1,15,123,84,38,2,247,24,0,24,271
04/03/2003,GEG,WA,ANM,WE,Towers with Radar,108,86,23,1,218,2,2,29,1,34,110,88,52,2,252,20,0,20,272
04/04/2003,GEG,WA,ANM,WE,Towers with Radar,107,86,34,0,227,2,4,48,0,54,109,90,82,0,281,58,0,58,339
04/05/2003,GEG,WA,ANM,WE,Towers with Radar,91,38,6,4,139,2,16,23,1,42,93,54,29,5,181,24,0,24,205
04/06/2003,GEG,WA,ANM,WE,Towers with Radar,60,21,15,1,97,37,0,24,2,63,97,21,39,3,160,28,0,28,188
04/07/2003,GEG,WA,ANM,WE,Towers with Radar,103,68,25,3,199,0,14,51,2,67,103,82,76,5,266,110,6,116,382
04/08/2003,GEG,WA,ANM,WE,Towers with Radar,111,82,12,1,206,2,4,69,0,75,113,86,81,1,281,40,0,40,321
04/09/2003,GEG,WA,ANM,WE,Towers with Radar,122,74,28,2,226,0,4,89,0,93,122,78,117,2,319,30,0,30,349
04/10/2003,GEG,WA,ANM,WE,Towers with Radar,113,66,25,0,204,10,10,59,0,79,123,76,84,0,283,68,0,68,351
04/11/2003,GEG,WA,ANM,WE,Towers with Radar,112,64,26,0,202,1,7,37,2,47,113,71,63,2,249,42,0,42,291
04/12/2003,GEG,WA,ANM,WE,Towers with Radar,98,36,13,0,147,1,3,43,3,50,99,39,56,3,197,56,0,56,253
04/13/2003,GEG,WA,ANM,WE,Towers with Radar,85,23,11,0,119,1,1,16,3,21,86,24,27,3,140,12,0,12,152
04/14/2003,GEG,WA,ANM,WE,Towers with Radar,104,62,23,3,192,0,31,20,7,58,104,93,43,10,250,34,12,46,296
04/15/2003,GEG,WA,ANM,WE,Towers with Radar,108,70,30,3,211,1,5,56,3,65,109,75,86,6,276,58,0,58,334
04/16/2003,GEG,WA,ANM,WE,Towers with Radar,117,73,28,22,240,1,4,58,1,64,118,77,86,23,304,72,18,90,394
04/17/2003,GEG,WA,ANM,WE,Towers with Radar,116,70,25,4,215,0,6,32,14,52,116,76,57,18,267,32,6,38,305
04/18/2003,GEG,WA,ANM,WE,Towers with Radar,117,72,26,4,219,0,1,54,8,63,117,73,80,12,282,50,2,52,334
04/19/2003,GEG,WA,ANM,WE,Towers with Radar,98,29,14,0,141,1,3,52,0,56,99,32,66,0,197,88,0,88,285
04/20/2003,GEG,WA,ANM,WE,Towers with Radar,93,17,2,1,113,1,4,26,0,31,94,21,28,1,144,16,0,16,160
04/21/2003,GEG,WA,ANM,WE,Towers with Radar,92,74,30,2,198,0,0,43,0,43,92,74,73,2,241,76,0,76,317
04/22/2003,GEG,WA,ANM,WE,Towers with Radar,115,86,32,6,239,1,9,36,0,46,116,95,68,6,285,28,0,28,313
04/23/2003,GEG,WA,ANM,WE,Towers with Radar,118,81,25,5,229,1,5,48,2,56,119,86,73,7,285,32,2,34,319
04/24/2003,GEG,WA,ANM,WE,Towers with Radar,117,86,49,2,254,1,1,16,0,18,118,87,65,2,272,38,0,38,310
04/25/2003,GEG,WA,ANM,WE,Towers with Radar,118,87,29,1,235,1,4,47,0,52,119,91,76,1,287,56,0,56,343
04/26/2003,GEG,WA,ANM,WE,Towers with Radar,101,39,14,0,154,1,0,6,0,7,102,39,20,0,161,4,0,4,165
04/27/2003,GEG,WA,ANM,WE,Towers with Radar,93,24,18,0,135,1,0,38,0,39,94,24,56,0,174,46,0,46,220
04/28/2003,GEG,WA,ANM,WE,Towers with Radar,98,70,20,4,192,1,9,64,1,75,99,79,84,5,267,88,0,88,355
04/29/2003,GEG,WA,ANM,WE,Towers with Radar,115,74,36,1,226,1,5,62,0,68,116,79,98,1,294,160,0,160,454
04/30/2003,GEG,WA,ANM,WE,Towers with Radar,121,75,36,3,235,1,4,61,0,66,122,79,97,3,301,60,1,61,362
05/01/2003,GEG,WA,ANM,WE,Towers with Radar,130,74,31,0,235,0,14,57,0,71,130,88,88,0,306,86,2,88,394
05/02/2003,GEG,WA,ANM,WE,Towers with Radar,114,67,28,1,210,0,10,74,0,84,114,77,102,1,294,56,0,56,350
05/03/2003,GEG,WA,ANM,WE,Towers with Radar,78,36,17,0,131,16,0,43,2,61,94,36,60,2,192,156,0,156,348
05/04/2003,GEG,WA,ANM,WE,Towers with Radar,84,23,15,0,122,3,0,14,1,18,87,23,29,1,140,4,0,4,144
05/05/2003,GEG,WA,ANM,WE,Towers with Radar,102,56,23,1,182,0,17,27,10,54,102,73,50,11,236,82,16,98,334
05/06/2003,GEG,WA,ANM,WE,Towers with Radar,122,79,28,4,233,0,6,62,0,68,122,85,90,4,301,64,2,66,367
05/07/2003,GEG,WA,ANM,WE,Towers with Radar,122,84,20,0,226,0,8,44,1,53,122,92,64,1,279,50,0,50,329
05/08/2003,GEG,WA,ANM,WE,Towers with Radar,119,78,32,2,231,0,13,52,5,70,119,91,84,7,301,84,0,84,385
05/09/2003,GEG,WA,ANM,WE,Towers with Radar,117,87,23,0,227,0,9,51,1,61,117,96,74,1,288,60,0,60,348
05/10/2003,GEG,WA,ANM,WE,Towers with Radar,78,41,17,0,136,24,15,54,0,93,102,56,71,0,229,78,0,78,307
05/11/2003,GEG,WA,ANM,WE,Towers with Radar,72,22,15,0,109,17,0,27,0,44,89,22,42,0,153,6,0,6,159
05/12/2003,GEG,WA,ANM,WE,Towers with Radar,101,67,23,9,200,0,0,27,0,27,101,67,50,9,227,22,14,36,263
05/13/2003,GEG,WA,ANM,WE,Towers with Radar,124,69,35,0,228,0,9,98,0,107,124,78,133,0,335,72,0,72,407
05/14/2003,GEG,WA,ANM,WE,Towers with Radar,119,72,38,4,233,0,4,54,0,58,119,76,92,4,291,22,20,42,333
05/15/2003,GEG,WA,ANM,WE,Towers with Radar,122,83,31,0,236,0,4,54,0,58,122,87,85,0,294,64,0,64,358
05/16/2003,GEG,WA,ANM,WE,Towers with Radar,108,57,23,2,190,8,24,57,5,94,116,81,80,7,284,42,0,42,326
05/17/2003,GEG,WA,ANM,WE,Towers with Radar,96,38,20,1,155,0,0,28,0,28,96,38,48,1,183,54,0,54,237
05/18/2003,GEG,WA,ANM,WE,Towers with Radar,65,25,14,0,104,21,0,21,0,42,86,25,35,0,146,34,0,34,180
05/19/2003,GEG,WA,ANM,WE,Towers with Radar,100,71,30,1,202,0,20,72,0,92,100,91,102,1,294,34,0,34,328
05/20/2003,GEG,WA,ANM,WE,Towers with Radar,125,74,32,1,232,0,4,71,2,77,125,78,103,3,309,14,0,14,323
05/21/2003,GEG,WA,ANM,WE,Towers with Radar,119,75,37,1,232,0,7,49,5,61,119,82,86,6,293,18,0,18,311
05/22/2003,GEG,WA,ANM,WE,Towers with Radar,123,64,26,2,215,5,5,64,5,79,128,69,90,7,294,78,0,78,372
05/23/2003,GEG,WA,ANM,WE,Towers with Radar,111,65,18,2,196,0,6,87,0,93,111,71,105,2,289,60,0,60,349
05/24/2003,GEG,WA,ANM,WE,Towers with Radar,81,42,18,0,141,29,1,52,0,82,110,43,70,0,223,44,0,44,267
05/25/2003,GEG,WA,ANM,WE,Towers with Radar,54,25,12,0,91,31,0,19,0,50,85,25,31,0,141,10,0,10,151
05/26/2003,GEG,WA,ANM,WE,Towers with Radar,66,25,15,0,106,27,0,21,0,48,93,25,36,0,154,36,0,36,190
05/27/2003,GEG,WA,ANM,WE,Towers with Radar,98,60,31,0,189,0,5,66,0,71,98,65,97,0,260,24,0,24,284
05/28/2003,GEG,WA,ANM,WE,Towers with Radar,123,68,13,0,204,0,14,78,3,95,123,82,91,3,299,48,0,48,347
05/29/2003,GEG,WA,ANM,WE,Towers with Radar,128,63,25,0,216,0,11,65,0,76,128,74,90,0,292,70,0,70,362
05/30/2003,GEG,WA,ANM,WE,Towers with Radar,113,72,30,1,216,0,7,70,3,80,113,79,100,4,296,60,0,60,356
05/31/2003,GEG,WA,ANM,WE,Towers with Radar,99,41,35,1,176,0,0,31,1,32,99,41,66,2,208,44,0,44,252
06/01/2003,GEG,WA,ANM,WE,Towers with Radar,91,25,14,4,134,4,1,45,0,50,95,26,59,4,184,14,0,14,198
06/02/2003,GEG,WA,ANM,WE,Towers with Radar,87,55,22,1,165,5,18,56,0,79,92,73,78,1,244,100,0,100,344
06/03/2003,GEG,WA,ANM,WE,Towers with Radar,106,63,32,0,201,5,9,78,1,93,111,72,110,1,294,48,0,48,342
06/04/2003,GEG,WA,ANM,WE,Towers with Radar,116,68,32,0,216,5,11,103,3,122,121,79,135,3,338,54,0,54,392
06/05/2003,GEG,WA,ANM,WE,Towers with Radar,121,68,24,0,213,0,7,89,5,101,121,75,113,5,314,130,0,130,444
06/06/2003,GEG,WA,ANM,WE,Towers with Radar,113,72,27,0,212,0,2,63,0,65,113,74,90,0,277,116,0,116,393
06/07/2003,GEG,WA,ANM,WE,Towers with Radar,89,35,14,0,138,4,3,44,3,54,93,38,58,3,192,10,0,10,202
06/08/2003,GEG,WA,ANM,WE,Towers with Radar,106,23,12,0,141,4,0,54,2,60,110,23,66,2,201,28,0,28,229
06/09/2003,GEG,WA,ANM,WE,Towers with Radar,112,59,21,0,192,0,7,68,0,75,112,66,89,0,267,74,0,74,341
06/10/2003,GEG,WA,ANM,WE,Towers with Radar,128,74,21,0,223,4,11,47,0,62,132,85,68,0,285,136,0,136,421
06/11/2003,GEG,WA,ANM,WE,Towers with Radar,117,65,32,0,214,4,13,70,0,87,121,78,102,0,301,60,0,60,361
06/12/2003,GEG,WA,ANM,WE,Towers with Radar,123,72,23,0,218,4,14,63,1,82,127,86,86,1,300,126,0,126,426
06/13/2003,GEG,WA,ANM,WE,Towers with Radar,119,60,14,0,193,4,9,82,0,95,123,69,96,0,288,40,2,42,330
06/14/2003,GEG,WA,ANM,WE,Towers with Radar,119,32,12,0,163,4,1,44,0,49,123,33,56,0,212,46,0,46,258
06/15/2003,GEG,WA,ANM,WE,Towers with Radar,92,31,27,0,150,4,2,42,1,49,96,33,69,1,199,32,0,32,231
06/16/2003,GEG,WA,ANM,WE,Towers with Radar,101,53,17,0,171,4,18,73,0,95,105,71,90,0,266,68,2,70,336
06/17/2003,GEG,WA,ANM,WE,Towers with Radar,125,61,29,0,215,4,13,98,0,115,129,74,127,0,330,57,3,60,390
06/18/2003,GEG,WA,ANM,WE,Towers with Radar,120,71,27,6,224,4,7,65,2,78,124,78,92,8,302,122,4,126,428
06/19/2003,GEG,WA,ANM,WE,Towers with Radar,133,72,28,0,233,0,0,77,3,80,133,72,105,3,313,98,0,98,411
06/20/2003,GEG,WA,ANM,WE,Towers with Radar,115,71,18,2,206,3,8,58,2,71,118,79,76,4,277,78,4,82,359
06/21/2003,GEG,WA,ANM,WE,Towers with Radar,109,36,16,0,161,3,1,11,0,15,112,37,27,0,176,38,0,38,214
06/22/2003,GEG,WA,ANM,WE,Towers with Radar,109,22,26,0,157,3,1,40,0,44,112,23,66,0,201,44,0,44,245
06/23/2003,GEG,WA,ANM,WE,Towers with Radar,106,51,19,0,176,0,26,47,1,74,106,77,66,1,250,76,0,76,326
06/24/2003,GEG,WA,ANM,WE,Towers with Radar,113,58,22,0,193,0,19,59,4,82,113,77,81,4,275,56,0,56,331
06/25/2003,GEG,WA,ANM,WE,Towers with Radar,129,64,16,0,209,3,12,76,2,93,132,76,92,2,302,66,0,66,368
06/26/2003,GEG,WA,ANM,WE,Towers with Radar,124,64,23,0,211,3,17,102,0,122,127,81,125,0,333,82,0,82,415
06/27/2003,GEG,WA,ANM,WE,Towers with Radar,120,66,17,0,203,3,16,79,0,98,123,82,96,0,301,64,0,64,365
06/28/2003,GEG,WA,ANM,WE,Towers with Radar,101,29,6,0,136,3,3,47,0,53,104,32,53,0,189,22,0,22,211
06/29/2003,GEG,WA,ANM,WE,Towers with Radar,102,20,7,0,129,3,2,49,0,54,105,22,56,0,183,16,0,16,199
06/30/2003,GEG,WA,ANM,WE,Towers with Radar,97,72,22,2,193,3,16,47,0,66,100,88,69,2,259,20,8,28,287
07/01/2003,GEG,WA,ANM,WE,Towers with Radar,128,78,19,6,231,0,12,77,23,112,128,90,96,29,343,48,0,48,391
07/02/2003,GEG,WA,ANM,WE,Towers with Radar,128,75,17,1,221,0,11,59,0,70,128,86,76,1,291,76,0,76,367
07/03/2003,GEG,WA,ANM,WE,Towers with Radar,123,64,27,0,214,0,17,73,0,90,123,81,100,0,304,64,0,64,368
07/04/2003,GEG,WA,ANM,WE,Towers with Radar,97,32,15,0,144,0,1,52,0,53,97,33,67,0,197,22,0,22,219
07/05/2003,GEG,WA,ANM,WE,Towers with Radar,98,29,5,0,132,0,0,54,0,54,98,29,59,0,186,0,0,0,186
07/06/2003,GEG,WA,ANM,WE,Towers with Radar,91,41,17,0,149,0,4,62,0,66,91,45,79,0,215,30,0,30,245
07/07/2003,GEG,WA,ANM,WE,Towers with Radar,118,60,19,0,197,0,16,82,0,98,118,76,101,0,295,54,0,54,349
07/08/2003,GEG,WA,ANM,WE,Towers with Radar,122,64,21,0,207,0,23,34,0,57,122,87,55,0,264,38,4,42,306
07/09/2003,GEG,WA,ANM,WE,Towers with Radar,132,69,28,0,229,0,13,56,0,69,132,82,84,0,298,56,0,56,354
07/10/2003,GEG,WA,ANM,WE,Towers with Radar,127,69,15,0,211,0,14,94,0,108,127,83,109,0,319,36,0,36,355
07/11/2003,GEG,WA,ANM,WE,Towers with Radar,114,60,11,5,190,0,21,57,2,80,114,81,68,7,270,8,0,8,278
07/12/2003,GEG,WA,ANM,WE,Towers with Radar,123,30,12,1,166,0,5,49,1,55,123,35,61,2,221,60,0,60,281
07/13/2003,GEG,WA,ANM,WE,Towers with Radar,75,22,12,0,109,23,0,17,0,40,98,22,29,0,149,6,0,6,155
07/14/2003,GEG,WA,ANM,WE,Towers with Radar,108,64,24,0,196,0,16,68,0,84,108,80,92,0,280,36,0,36,316
07/15/2003,GEG,WA,ANM,WE,Towers with Radar,115,82,22,0,219,0,13,88,2,103,115,95,110,2,322,98,2,100,422
07/16/2003,GEG,WA,ANM,WE,Towers with Radar,123,77,28,0,228,0,15,64,4,83,123,92,92,4,311,66,0,66,377
07/17/2003,GEG,WA,ANM,WE,Towers with Radar,127,70,27,4,228,0,13,94,1,108,127,83,121,5,336,74,0,74,410
07/18/2003,GEG,WA,ANM,WE,Towers with Radar,123,79,18,0,220,0,17,76,2,95,123,96,94,2,315,36,0,36,351
07/19/2003,GEG,WA,ANM,WE,Towers with Radar,105,32,22,0,159,0,2,49,0,51,105,34,71,0,210,38,0,38,248
07/20/2003,GEG,WA,ANM,WE,Towers with Radar,103,26,14,0,143,0,5,50,0,55,103,31,64,0,198,40,0,40,238
07/21/2003,GEG,WA,ANM,WE,Towers with Radar,98,60,15,0,173,0,16,74,5,95,98,76,89,5,268,58,0,58,326
07/22/2003,GEG,WA,ANM,WE,Towers with Radar,115,68,18,3,204,0,16,70,0,86,115,84,88,3,290,66,4,70,360
07/23/2003,GEG,WA,ANM,WE,Towers with Radar,128,62,31,0,221,0,12,80,4,96,128,74,111,4,317,36,0,36,353
07/24/2003,GEG,WA,ANM,WE,Towers with Radar,122,62,35,2,221,0,13,83,1,97,122,75,118,3,318,34,0,34,352
07/25/2003,GEG,WA,ANM,WE,Towers with Radar,126,68,23,1,218,0,22,66,5,93,126,90,89,6,311,80,0,80,391
07/26/2003,GEG,WA,ANM,WE,Towers with Radar,115,39,27,0,181,0,4,38,0,42,115,43,65,0,223,12,0,12,235
07/27/2003,GEG,WA,ANM,WE,Towers with Radar,105,27,9,0,141,0,1,46,0,47,105,28,55,0,188,30,0,30,218
07/28/2003,GEG,WA,ANM,WE,Towers with Radar,114,63,16,2,195,0,18,56,0,74,114,81,72,2,269,20,0,20,289
07/29/2003,GEG,WA,ANM,WE,Towers with Radar,115,73,23,0,211,0,3,66,0,69,115,76,89,0,280,64,0,64,344
07/30/2003,GEG,WA,ANM,WE,Towers with Radar,118,73,21,1,213,0,8,50,3,61,118,81,71,4,274,16,0,16,290
07/31/2003,GEG,WA,ANM,WE,Towers with Radar,124,71,29,0,224,0,14,58,0,72,124,85,87,0,296,20,0,20,316
08/01/2003,GEG,WA,ANM,WE,Towers with Radar,121,68,18,0,207,4,12,59,0,75,125,80,77,0,282,48,0,48,330
08/02/2003,GEG,WA,ANM,WE,Towers with Radar,108,35,12,2,157,0,0,33,0,33,108,35,45,2,190,46,0,46,236
08/03/2003,GEG,WA,ANM,WE,Towers with Radar,98,25,23,0,146,3,0,19,0,22,101,25,42,0,168,0,0,0,168
08/04/2003,GEG,WA,ANM,WE,Towers with Radar,122,63,15,0,200,3,15,60,0,78,125,78,75,0,278,64,0,64,342
08/05/2003,GEG,WA,ANM,WE,Towers with Radar,124,69,21,0,214,3,13,77,0,93,127,82,98,0,307,50,0,50,357
08/06/2003,GEG,WA,ANM,WE,Towers with Radar,132,72,30,0,234,1,16,45,2,64,133,88,75,2,298,10,0,10,308
08/07/2003,GEG,WA,ANM,WE,Towers with Radar,120,59,30,0,209,3,12,61,0,76,123,71,91,0,285,38,12,50,335
08/08/2003,GEG,WA,ANM,WE,Towers with Radar,122,66,21,0,209,3,15,69,0,87,125,81,90,0,296,0,0,0,296
08/09/2003,GEG,WA,ANM,WE,Towers with Radar,105,44,11,0,160,3,0,47,0,50,108,44,58,0,210,64,0,64,274
08/10/2003,GEG,WA,ANM,WE,Towers with Radar,95,26,18,0,139,3,0,53,0,56,98,26,71,0,195,32,0,32,227
08/11/2003,GEG,WA,ANM,WE,Towers with Radar,112,65,19,0,196,0,19,65,7,91,112,84,84,7,287,64,0,64,351
08/12/2003,GEG,WA,ANM,WE,Towers with Radar,122,71,24,0,217,3,19,60,3,85,125,90,84,3,302,64,0,64,366
08/13/2003,GEG,WA,ANM,WE,Towers with Radar,121,71,36,0,228,3,12,82,0,97,124,83,118,0,325,54,0,54,379
08/14/2003,GEG,WA,ANM,WE,Towers with Radar,118,75,21,0,214,3,9,67,0,79,121,84,88,0,293,32,0,32,325
08/15/2003,GEG,WA,ANM,WE,Towers with Radar,123,72,25,0,220,1,8,56,2,67,124,80,81,2,287,32,0,32,319
08/16/2003,GEG,WA,ANM,WE,Towers with Radar,108,41,28,0,177,3,0,38,0,41,111,41,66,0,218,20,0,20,238
08/17/2003,GEG,WA,ANM,WE,Towers with Radar,101,29,18,0,148,3,0,57,0,60,104,29,75,0,208,38,0,38,246
08/18/2003,GEG,WA,ANM,WE,Towers with Radar,117,43,24,0,184,3,17,62,0,82,120,60,86,0,266,52,0,52,318
08/19/2003,GEG,WA,ANM,WE,Towers with Radar,125,63,25,0,213,0,29,75,1,105,125,92,100,1,318,72,0,72,390
08/20/2003,GEG,WA,ANM,WE,Towers with Radar,117,67,24,0,208,0,23,59,0,82,117,90,83,0,290,46,0,46,336
08/21/2003,GEG,WA,ANM,WE,Towers with Radar,131,73,21,0,225,3,8,95,1,107,134,81,116,1,332,40,0,40,372
08/22/2003,GEG,WA,ANM,WE,Towers with Radar,126,71,26,0,223,1,11,47,4,63,127,82,73,4,286,4,0,4,290
08/23/2003,GEG,WA,ANM,WE,Towers with Radar,102,36,18,0,156,3,2,55,3,63,105,38,73,3,219,40,0,40,259
08/24/2003,GEG,WA,ANM,WE,Towers with Radar,105,23,6,0,134,0,0,60,3,63,105,23,66,3,197,50,0,50,247
08/25/2003,GEG,WA,ANM,WE,Towers with Radar,109,54,14,0,177,3,18,75,2,98,112,72,89,2,275,70,0,70,345
08/26/2003,GEG,WA,ANM,WE,Towers with Radar,116,79,28,0,223,0,7,109,5,121,116,86,137,5,344,44,2,46,390
08/27/2003,GEG,WA,ANM,WE,Towers with Radar,127,66,25,0,218,0,20,87,0,107,127,86,112,0,325,10,0,10,335
08/28/2003,GEG,WA,ANM,WE,Towers with Radar,119,69,20,0,208,3,18,87,0,108,122,87,107,0,316,40,0,40,356
08/29/2003,GEG,WA,ANM,WE,Towers with Radar,110,55,19,0,184,19,26,88,4,137,129,81,107,4,321,54,0,54,375
08/30/2003,GEG,WA,ANM,WE,Towers with Radar,104,39,16,0,159,3,4,50,0,57,107,43,66,0,216,66,0,66,282
08/31/2003,GEG,WA,ANM,WE,Towers with Radar,97,25,7,0,129,2,6,37,1,46,99,31,44,1,175,28,0,28,203
09/01/2003,GEG,WA,ANM,WE,Towers with Radar,101,24,10,0,135,4,2,50,0,56,105,26,60,0,191,40,0,40,231
09/02/2003,GEG,WA,ANM,WE,Towers with Radar,107,56,22,2,187,0,10,72,1,83,107,66,94,3,270,44,0,44,314
09/03/2003,GEG,WA,ANM,WE,Towers with Radar,131,62,19,1,213,3,15,83,3,104,134,77,102,4,317,46,0,46,363
09/04/2003,GEG,WA,ANM,WE,Towers with Radar,117,53,47,0,217,3,10,74,0,87,120,63,121,0,304,52,0,52,356
09/05/2003,GEG,WA,ANM,WE,Towers with Radar,116,80,20,0,216,3,13,83,0,99,119,93,103,0,315,22,0,22,337
09/06/2003,GEG,WA,ANM,WE,Towers with Radar,100,35,24,2,161,4,4,66,0,74,104,39,90,2,235,100,0,100,335
09/07/2003,GEG,WA,ANM,WE,Towers with Radar,93,26,7,0,126,4,1,27,1,33,97,27,34,1,159,12,0,12,171
09/08/2003,GEG,WA,ANM,WE,Towers with Radar,107,71,40,0,218,4,0,12,0,16,111,71,52,0,234,14,0,14,248
09/09/2003,GEG,WA,ANM,WE,Towers with Radar,106,72,42,0,220,4,5,66,0,75,110,77,108,0,295,48,0,48,343
09/10/2003,GEG,WA,ANM,WE,Towers with Radar,115,71,33,2,221,4,8,73,0,85,119,79,106,2,306,78,0,78,384
09/11/2003,GEG,WA,ANM,WE,Towers with Radar,124,82,34,0,240,4,5,53,1,63,128,87,87,1,303,46,0,46,349
09/12/2003,GEG,WA,ANM,WE,Towers with Radar,111,67,24,11,213,4,10,66,2,82,115,77,90,13,295,66,4,70,365
09/13/2003,GEG,WA,ANM,WE,Towers with Radar,104,40,14,0,158,4,2,72,0,78,108,42,86,0,236,66,2,68,304
09/14/2003,GEG,WA,ANM,WE,Towers with Radar,90,22,23,0,135,4,2,59,0,65,94,24,82,0,200,70,0,70,270
09/15/2003,GEG,WA,ANM,WE,Towers with Radar,104,58,15,5,182,4,21,69,0,94,108,79,84,5,276,28,6,34,310
09/16/2003,GEG,WA,ANM,WE,Towers with Radar,113,58,23,0,194,0,20,29,0,49,113,78,52,0,243,22,0,22,265
09/17/2003,GEG,WA,ANM,WE,Towers with Radar,119,59,24,0,202,3,12,50,0,65,122,71,74,0,267,32,0,32,299
09/18/2003,GEG,WA,ANM,WE,Towers with Radar,119,72,30,1,222,0,3,76,4,83,119,75,106,5,305,54,8,62,367
09/19/2003,GEG,WA,ANM,WE,Towers with Radar,119,67,27,1,214,0,10,63,3,76,119,77,90,4,290,34,4,38,328
09/20/2003,GEG,WA,ANM,WE,Towers with Radar,114,32,15,0,161,3,1,70,0,74,117,33,85,0,235,78,0,78,313
09/21/2003,GEG,WA,ANM,WE,Towers with Radar,92,21,12,0,125,3,0,56,0,59,95,21,68,0,184,20,24,44,228
09/22/2003,GEG,WA,ANM,WE,Towers with Radar,112,68,26,0,206,0,0,59,0,59,112,68,85,0,265,34,0,34,299
09/23/2003,GEG,WA,ANM,WE,Towers with Radar,125,68,24,0,217,3,9,85,0,97,128,77,109,0,314,52,0,52,366
09/24/2003,GEG,WA,ANM,WE,Towers with Radar,122,78,25,0,225,3,13,72,0,88,125,91,97,0,313,96,0,96,409
09/25/2003,GEG,WA,ANM,WE,Towers with Radar,128,63,22,0,213,3,16,82,2,103,131,79,104,2,316,56,0,56,372
09/26/2003,GEG,WA,ANM,WE,Towers with Radar,104,51,21,0,176,8,25,70,0,103,112,76,91,0,279,32,0,32,311
09/27/2003,GEG,WA,ANM,WE,Towers with Radar,101,27,12,1,141,3,4,71,0,78,104,31,83,1,219,26,0,26,245
09/28/2003,GEG,WA,ANM,WE,Towers with Radar,89,18,6,0,113,3,2,44,5,54,92,20,50,5,167,52,0,52,219
09/29/2003,GEG,WA,ANM,WE,Towers with Radar,101,51,21,0,173,3,20,79,0,102,104,71,100,0,275,56,0,56,331
09/30/2003,GEG,WA,ANM,WE,Towers with Radar,122,60,25,1,208,0,26,62,4,92,122,86,87,5,300,44,0,44,344
10/01/2003,GEG,WA,ANM,WE,Towers with Radar,115,68,24,3,210,0,10,51,7,68,115,78,75,10,278,40,34,74,352
10/02/2003,GEG,WA,ANM,WE,Towers with Radar,126,68,24,3,221,0,1,88,5,94,126,69,112,8,315,36,0,36,351
10/03/2003,GEG,WA,ANM,WE,Towers with Radar,115,68,24,3,210,0,12,83,3,98,115,80,107,6,308,20,0,20,328
10/04/2003,GEG,WA,ANM,WE,Towers with Radar,71,34,13,0,118,31,0,50,0,81,102,34,63,0,199,86,0,86,285
10/05/2003,GEG,WA,ANM,WE,Towers with Radar,69,25,12,1,107,30,0,46,0,76,99,25,58,1,183,52,0,52,235
10/06/2003,GEG,WA,ANM,WE,Towers with Radar,108,57,20,0,185,4,20,52,0,76,112,77,72,0,261,56,0,56,317
10/07/2003,GEG,WA,ANM,WE,Towers with Radar,125,71,25,3,224,0,5,75,3,83,125,76,100,6,307,87,0,87,394
10/08/2003,GEG,WA,ANM,WE,Towers with Radar,123,68,24,3,218,0,9,32,1,42,123,77,56,4,260,54,6,60,320
10/09/2003,GEG,WA,ANM,WE,Towers with Radar,123,84,29,2,238,0,7,52,0,59,123,91,81,2,297,32,0,32,329
10/10/2003,GEG,WA,ANM,WE,Towers with Radar,112,59,21,2,194,0,18,59,0,77,112,77,80,2,271,46,0,46,317
10/11/2003,GEG,WA,ANM,WE,Towers with Radar,65,35,12,1,113,32,0,20,0,52,97,35,32,1,165,28,0,28,193
10/12/2003,GEG,WA,ANM,WE,Towers with Radar,64,24,11,2,101,28,0,16,4,48,92,24,27,6,149,4,0,4,153
10/13/2003,GEG,WA,ANM,WE,Towers with Radar,89,48,16,2,155,15,11,38,0,64,104,59,54,2,219,54,0,54,273
10/14/2003,GEG,WA,ANM,WE,Towers with Radar,113,69,24,1,207,0,9,38,0,47,113,78,62,1,254,50,0,50,304
10/15/2003,GEG,WA,ANM,WE,Towers with Radar,118,75,27,1,221,0,3,46,0,49,118,78,73,1,270,12,0,12,282
10/16/2003,GEG,WA,ANM,WE,Towers with Radar,125,72,26,1,224,0,12,17,0,29,125,84,43,1,253,2,4,6,259
10/17/2003,GEG,WA,ANM,WE,Towers with Radar,112,66,23,2,203,0,28,11,6,45,112,94,34,8,248,10,22,32,280
10/18/2003,GEG,WA,ANM,WE,Towers with Radar,78,33,15,0,126,32,0,63,0,95,110,33,78,0,221,82,0,82,303
10/19/2003,GEG,WA,ANM,WE,Towers with Radar,62,24,11,0,97,31,0,18,0,49,93,24,29,0,146,24,0,24,170
10/20/2003,GEG,WA,ANM,WE,Towers with Radar,104,58,21,1,184,0,13,47,1,61,104,71,68,2,245,28,0,28,273
10/21/2003,GEG,WA,ANM,WE,Towers with Radar,131,73,26,0,230,0,57,74,0,131,131,130,100,0,361,44,0,44,405
10/22/2003,GEG,WA,ANM,WE,Towers with Radar,125,69,25,2,221,0,41,105,2,148,125,110,130,4,369,128,0,128,497
10/23/2003,GEG,WA,ANM,WE,Towers with Radar,121,62,22,2,207,7,28,72,0,107,128,90,94,2,314,26,0,26,340
10/24/2003,GEG,WA,ANM,WE,Towers with Radar,119,82,30,2,233,0,0,55,3,58,119,82,85,5,291,60,0,60,351
10/25/2003,GEG,WA,ANM,WE,Towers with Radar,90,46,17,0,153,21,2,48,0,71,111,48,65,0,224,30,0,30,254
10/26/2003,GEG,WA,ANM,WE,Towers with Radar,60,20,10,1,91,30,0,38,0,68,90,20,48,1,159,24,0,24,183
10/27/2003,GEG,WA,ANM,WE,Towers with Radar,109,61,26,1,197,0,0,88,0,88,109,61,114,1,285,52,6,58,343
10/28/2003,GEG,WA,ANM,WE,Towers with Radar,112,59,21,1,193,0,14,22,1,37,112,73,43,2,230,20,6,26,256
10/29/2003,GEG,WA,ANM,WE,Towers with Radar,126,68,24,2,220,0,12,41,14,67,126,80,65,16,287,16,12,28,315
10/30/2003,GEG,WA,ANM,WE,Towers with Radar,122,63,22,1,208,0,19,34,0,53,122,82,56,1,261,20,0,20,281
10/31/2003,GEG,WA,ANM,WE,Towers with Radar,112,66,23,2,203,0,11,58,10,79,112,77,81,12,282,60,8,68,350
11/01/2003,GEG,WA,ANM,WE,Towers with Radar,74,31,14,2,121,19,0,29,4,52,93,31,43,6,173,26,8,34,207
11/02/2003,GEG,WA,ANM,WE,Towers with Radar,66,22,13,1,102,29,0,1,0,30,95,22,14,1,132,0,0,0,132
11/03/2003,GEG,WA,ANM,WE,Towers with Radar,104,54,21,0,179,0,17,29,0,46,104,71,50,0,225,38,0,38,263
11/04/2003,GEG,WA,ANM,WE,Towers with Radar,124,79,31,4,238,0,9,45,19,73,124,88,76,23,311,108,12,120,431
11/05/2003,GEG,WA,ANM,WE,Towers with Radar,120,78,30,4,232,0,4,50,9,63,120,82,80,13,295,54,8,62,357
11/06/2003,GEG,WA,ANM,WE,Towers with Radar,123,69,27,2,221,0,6,45,0,51,123,75,72,2,272,22,0,22,294
11/07/2003,GEG,WA,ANM,WE,Towers with Radar,128,65,26,3,222,0,15,47,1,63,128,80,73,4,285,84,0,84,369
11/08/2003,GEG,WA,ANM,WE,Towers with Radar,79,31,15,2,127,22,0,40,0,62,101,31,55,2,189,66,0,66,255
11/09/2003,GEG,WA,ANM,WE,Towers with Radar,75,20,14,0,109,24,0,41,0,65,99,20,55,0,174,46,0,46,220
11/10/2003,GEG,WA,ANM,WE,Towers with Radar,101,49,19,2,171,9,28,36,2,75,110,77,55,4,246,22,4,26,272
11/11/2003,GEG,WA,ANM,WE,Towers with Radar,96,46,19,2,163,32,20,36,0,88,128,66,55,2,251,38,0,38,289
11/12/2003,GEG,WA,ANM,WE,Towers with Radar,126,71,28,4,229,0,13,64,10,87,126,84,92,14,316,48,16,64,380
11/13/2003,GEG,WA,ANM,WE,Towers with Radar,130,75,30,4,239,0,5,69,0,74,130,80,99,4,313,58,0,58,371
11/14/2003,GEG,WA,ANM,WE,Towers with Radar,124,64,30,4,222,0,0,27,0,27,124,64,57,4,249,40,0,40,289
11/15/2003,GEG,WA,ANM,WE,Towers with Radar,85,38,15,0,138,19,0,11,0,30,104,38,26,0,168,42,0,42,210
11/16/2003,GEG,WA,ANM,WE,Towers with Radar,66,20,8,0,94,26,0,0,0,26,92,20,8,0,120,0,0,0,120
11/17/2003,GEG,WA,ANM,WE,Towers with Radar,106,60,23,2,191,0,22,7,0,29,106,82,30,2,220,18,0,18,238
11/18/2003,GEG,WA,ANM,WE,Towers with Radar,112,52,20,0,184,25,30,10,0,65,137,82,30,0,249,0,0,0,249
11/19/2003,GEG,WA,ANM,WE,Towers with Radar,127,66,26,5,224,0,16,1,0,17,127,82,27,5,241,0,2,2,243
11/20/2003,GEG,WA,ANM,WE,Towers with Radar,109,63,23,5,200,0,0,0,1,1,109,63,23,6,201,4,16,20,221
11/21/2003,GEG,WA,ANM,WE,Towers with Radar,124,64,25,4,217,0,20,39,5,64,124,84,64,9,281,66,8,74,355
11/22/2003,GEG,WA,ANM,WE,Towers with Radar,91,34,16,2,143,19,0,47,0,66,110,34,63,2,209,104,0,104,313
11/23/2003,GEG,WA,ANM,WE,Towers with Radar,72,23,13,0,108,33,0,7,0,40,105,23,20,0,148,26,0,26,174
11/24/2003,GEG,WA,ANM,WE,Towers with Radar,106,67,26,5,204,0,23,9,11,43,106,90,35,16,247,38,0,38,285
11/25/2003,GEG,WA,ANM,WE,Towers with Radar,120,56,21,0,197,5,28,3,0,36,125,84,24,0,233,0,0,0,233
11/26/2003,GEG,WA,ANM,WE,Towers with Radar,122,63,25,3,213,0,0,24,0,24,122,63,49,3,237,8,2,10,247
11/27/2003,GEG,WA,ANM,WE,Towers with Radar,70,33,5,0,108,29,3,0,0,32,99,36,5,0,140,0,0,0,140
11/28/2003,GEG,WA,ANM,WE,Towers with Radar,88,41,16,3,148,8,23,7,4,42,96,64,23,7,190,2,66,68,258
11/29/2003,GEG,WA,ANM,WE,Towers with Radar,81,32,14,0,127,27,0,9,0,36,108,32,23,0,163,16,0,16,179
11/30/2003,GEG,WA,ANM,WE,Towers with Radar,80,19,14,0,113,23,0,23,0,46,103,19,37,0,159,8,0,8,167
12/01/2003,GEG,WA,ANM,WE,Towers with Radar,85,46,16,0,147,24,15,2,0,41,109,61,18,0,188,0,0,0,188
12/02/2003,GEG,WA,ANM,WE,Towers with Radar,98,53,17,0,168,13,13,0,0,26,111,66,17,0,194,0,0,0,194
12/03/2003,GEG,WA,ANM,WE,Towers with Radar,118,79,26,2,225,0,1,31,5,37,118,80,57,7,262,10,2,12,274
12/04/2003,GEG,WA,ANM,WE,Towers with Radar,121,84,29,2,236,0,0,41,15,56,121,84,70,17,292,32,26,58,350
12/05/2003,GEG,WA,ANM,WE,Towers with Radar,113,63,19,1,196,3,13,0,1,17,116,76,19,2,213,0,0,0,213
12/06/2003,GEG,WA,ANM,WE,Towers with Radar,75,34,14,1,124,25,0,39,1,65,100,34,53,2,189,46,0,46,235
12/07/2003,GEG,WA,ANM,WE,Towers with Radar,57,19,11,0,87,36,0,0,0,36,93,19,11,0,123,0,0,0,123
12/08/2003,GEG,WA,ANM,WE,Towers with Radar,89,49,16,0,154,15,12,6,0,33,104,61,22,0,187,0,0,0,187
12/09/2003,GEG,WA,ANM,WE,Towers with Radar,117,89,31,1,238,0,0,44,0,44,117,89,75,1,282,62,6,68,350
12/10/2003,GEG,WA,ANM,WE,Towers with Radar,110,71,18,0,199,0,0,0,0,0,110,71,18,0,199,0,0,0,199
12/11/2003,GEG,WA,ANM,WE,Towers with Radar,117,78,25,2,222,0,10,20,0,30,117,88,45,2,252,42,0,42,294
12/12/2003,GEG,WA,ANM,WE,Towers with Radar,117,68,20,2,207,0,27,0,6,33,117,95,20,8,240,0,0,0,240
12/13/2003,GEG,WA,ANM,WE,Towers with Radar,71,40,8,0,119,33,0,0,0,33,104,40,8,0,152,0,0,0,152
12/14/2003,GEG,WA,ANM,WE,Towers with Radar,69,21,12,0,102,28,0,4,0,32,97,21,16,0,134,0,0,0,134
12/15/2003,GEG,WA,ANM,WE,Towers with Radar,105,67,21,2,195,0,4,20,8,32,105,71,41,10,227,2,2,4,231
12/16/2003,GEG,WA,ANM,WE,Towers with Radar,120,79,30,3,232,0,0,6,3,9,120,79,36,6,241,0,0,0,241
12/17/2003,GEG,WA,ANM,WE,Towers with Radar,122,95,30,3,250,0,3,70,5,78,122,98,100,8,328,42,14,56,384
12/18/2003,GEG,WA,ANM,WE,Towers with Radar,125,80,26,3,234,0,9,65,1,75,125,89,91,4,309,72,0,72,381
12/19/2003,GEG,WA,ANM,WE,Towers with Radar,129,77,25,0,231,0,0,35,0,35,129,77,60,0,266,32,0,32,298
12/20/2003,GEG,WA,ANM,WE,Towers with Radar,81,41,10,0,132,33,0,0,0,33,114,41,10,0,165,0,0,0,165
12/21/2003,GEG,WA,ANM,WE,Towers with Radar,66,24,6,0,96,45,0,0,0,45,111,24,6,0,141,0,0,0,141
12/22/2003,GEG,WA,ANM,WE,Towers with Radar,124,66,26,3,219,0,0,2,5,7,124,66,28,8,226,2,4,6,232
12/23/2003,GEG,WA,ANM,WE,Towers with Radar,130,79,28,0,237,0,0,34,0,34,130,79,62,0,271,86,0,86,357
12/24/2003,GEG,WA,ANM,WE,Towers with Radar,97,52,11,0,160,22,35,0,0,57,119,87,11,0,217,0,0,0,217
12/25/2003,GEG,WA,ANM,WE,Towers with Radar,52,28,0,0,80,34,6,0,0,40,86,34,0,0,120,0,0,0,120
12/26/2003,GEG,WA,ANM,WE,Towers with Radar,94,51,16,0,161,16,16,9,0,41,110,67,25,0,202,0,0,0,202
12/27/2003,GEG,WA,ANM,WE,Towers with Radar,79,36,13,0,128,19,0,8,0,27,98,36,21,0,155,26,0,26,181
12/28/2003,GEG,WA,ANM,WE,Towers with Radar,68,29,11,0,108,30,0,1,0,31,98,29,12,0,139,16,0,16,155
12/29/2003,GEG,WA,ANM,WE,Towers with Radar,112,64,20,1,197,0,16,35,1,52,112,80,55,2,249,48,0,48,297
12/30/2003,GEG,WA,ANM,WE,Towers with Radar,126,75,24,1,226,0,14,21,2,37,126,89,45,3,263,16,0,16,279
12/31/2003,GEG,WA,ANM,WE,Towers with Radar,99,54,17,0,170,21,20,2,0,43,120,74,19,0,213,0,0,0,213
01/01/2004,GEG,WA,ANM,WE,Towers with Radar,48,29,0,0,77,31,1,0,0,32,79,30,0,0,109,0,0,0,109
01/02/2004,GEG,WA,ANM,WE,Towers with Radar,96,57,13,0,166,17,32,0,0,49,113,89,13,0,215,0,0,0,215
01/03/2004,GEG,WA,ANM,WE,Towers with Radar,70,31,10,0,111,21,0,0,0,21,91,31,10,0,132,0,0,0,132
01/04/2004,GEG,WA,ANM,WE,Towers with Radar,76,42,11,0,129,14,0,28,0,42,90,42,39,0,171,18,0,18,189
01/05/2004,GEG,WA,ANM,WE,Towers with Radar,86,51,14,2,153,24,20,30,0,74,110,71,44,2,227,32,0,32,259
01/06/2004,GEG,WA,ANM,WE,Towers with Radar,93,55,15,0,163,17,8,5,0,30,110,63,20,0,193,4,0,4,197
01/07/2004,GEG,WA,ANM,WE,Towers with Radar,78,50,13,0,141,0,21,3,0,24,78,71,16,0,165,0,0,0,165
01/08/2004,GEG,WA,ANM,WE,Towers with Radar,98,66,18,2,184,0,0,4,0,4,98,66,22,2,188,0,0,0,188
01/09/2004,GEG,WA,ANM,WE,Towers with Radar,106,76,21,1,204,0,5,16,0,21,106,81,37,1,225,6,0,6,231
01/10/2004,GEG,WA,ANM,WE,Towers with Radar,109,47,18,3,177,4,0,46,7,57,113,47,64,10,234,40,4,44,278
01/11/2004,GEG,WA,ANM,WE,Towers with Radar,38,2,2,0,42,29,0,0,0,29,67,2,2,0,71,0,0,0,71
01/12/2004,GEG,WA,ANM,WE,Towers with Radar,100,60,18,0,178,0,0,16,0,16,100,60,34,0,194,0,0,0,194
01/13/2004,GEG,WA,ANM,WE,Towers with Radar,124,84,27,4,239,0,0,2,13,15,124,84,29,17,254,32,14,46,300
01/14/2004,GEG,WA,ANM,WE,Towers with Radar,123,80,24,0,227,0,0,7,0,7,123,80,31,0,234,2,0,2,236
01/15/2004,GEG,WA,ANM,WE,Towers with Radar,122,75,21,3,221,0,0,0,15,15,122,75,21,18,236,4,14,18,254
01/16/2004,GEG,WA,ANM,WE,Towers with Radar,117,77,21,0,215,0,1,3,0,4,117,78,24,0,219,0,0,0,219
01/17/2004,GEG,WA,ANM,WE,Towers with Radar,77,35,11,0,123,31,0,0,0,31,108,35,11,0,154,0,0,0,154
01/18/2004,GEG,WA,ANM,WE,Towers with Radar,63,15,11,0,89,38,0,4,0,42,101,15,15,0,131,6,0,6,137
01/19/2004,GEG,WA,ANM,WE,Towers with Radar,82,39,6,0,127,26,0,0,0,26,108,39,6,0,153,0,0,0,153
01/20/2004,GEG,WA,ANM,WE,Towers with Radar,108,81,27,4,220,0,0,10,15,25,108,81,37,19,245,18,0,18,263
01/21/2004,GEG,WA,ANM,WE,Towers with Radar,122,84,22,3,231,0,19,0,12,31,122,103,22,15,262,0,12,12,274
01/22/2004,GEG,WA,ANM,WE,Towers with Radar,124,77,23,3,227,0,0,12,0,12,124,77,35,3,239,0,0,0,239
01/23/2004,GEG,WA,ANM,WE,Towers with Radar,88,76,14,0,178,0,32,0,0,32,88,108,14,0,210,0,0,0,210
01/24/2004,GEG,WA,ANM,WE,Towers with Radar,68,39,11,0,118,24,14,0,0,38,92,53,11,0,156,0,0,0,156
01/25/2004,GEG,WA,ANM,WE,Towers with Radar,63,23,9,0,95,32,0,30,0,62,95,23,39,0,157,60,0,60,217
01/26/2004,GEG,WA,ANM,WE,Towers with Radar,104,60,16,1,181,8,18,6,0,32,112,78,22,1,213,0,4,4,217
01/27/2004,GEG,WA,ANM,WE,Towers with Radar,110,81,22,0,213,0,4,24,0,28,110,85,46,0,241,34,0,34,275
01/28/2004,GEG,WA,ANM,WE,Towers with Radar,114,77,21,4,216,0,14,3,0,17,114,91,24,4,233,0,70,70,303
01/29/2004,GEG,WA,ANM,WE,Towers with Radar,114,70,19,3,206,0,21,6,0,27,114,91,25,3,233,0,8,8,241
01/30/2004,GEG,WA,ANM,WE,Towers with Radar,116,70,19,3,208,0,22,1,9,32,116,92,20,12,240,4,12,16,256
01/31/2004,GEG,WA,ANM,WE,Towers with Radar,78,35,13,2,128,27,0,48,3,78,105,35,61,5,206,20,22,42,248
02/01/2004,GEG,WA,ANM,WE,Towers with Radar,70,24,12,0,106,26,0,0,0,26,96,24,12,0,132,12,0,12,144
02/02/2004,GEG,WA,ANM,WE,Towers with Radar,103,58,22,0,183,0,22,48,2,72,103,80,70,2,255,58,0,58,313
02/03/2004,GEG,WA,ANM,WE,Towers with Radar,111,82,29,1,223,0,2,21,1,24,111,84,50,2,247,18,0,18,265
02/04/2004,GEG,WA,ANM,WE,Towers with Radar,112,63,21,0,196,6,26,0,2,34,118,89,21,2,230,0,0,0,230
02/05/2004,GEG,WA,ANM,WE,Towers with Radar,104,59,21,0,184,11,19,3,6,39,115,78,24,6,223,0,6,6,229
02/06/2004,GEG,WA,ANM,WE,Towers with Radar,110,68,24,0,202,0,3,16,0,19,110,71,40,0,221,12,0,12,233
02/07/2004,GEG,WA,ANM,WE,Towers with Radar,70,33,12,0,115,27,0,0,3,30,97,33,12,3,145,12,0,12,157
02/08/2004,GEG,WA,ANM,WE,Towers with Radar,71,23,15,0,109,29,0,2,2,33,100,23,17,2,142,22,0,22,164
02/09/2004,GEG,WA,ANM,WE,Towers with Radar,102,68,18,2,190,0,0,0,0,0,102,68,18,2,190,0,0,0,190
02/10/2004,GEG,WA,ANM,WE,Towers with Radar,121,70,24,2,217,0,19,42,0,61,121,89,66,2,278,66,20,86,364
02/11/2004,GEG,WA,ANM,WE,Towers with Radar,120,81,28,2,231,0,8,100,2,110,120,89,128,4,341,64,2,66,407
02/12/2004,GEG,WA,ANM,WE,Towers with Radar,117,77,26,0,220,0,6,34,0,40,117,83,60,0,260,32,6,38,298
02/13/2004,GEG,WA,ANM,WE,Towers with Radar,92,52,18,0,162,10,40,45,0,95,102,92,63,0,257,64,0,64,321
02/14/2004,GEG,WA,ANM,WE,Towers with Radar,60,34,9,0,103,21,9,0,0,30,81,43,9,0,133,0,0,0,133
02/15/2004,GEG,WA,ANM,WE,Towers with Radar,61,17,11,0,89,45,0,2,0,47,106,17,13,0,136,0,0,0,136
02/16/2004,GEG,WA,ANM,WE,Towers with Radar,84,46,17,0,147,14,9,10,0,33,98,55,27,0,180,8,0,8,188
02/17/2004,GEG,WA,ANM,WE,Towers with Radar,112,65,16,0,193,0,6,0,0,6,112,71,16,0,199,0,0,0,199
02/18/2004,GEG,WA,ANM,WE,Towers with Radar,110,69,21,0,200,0,13,0,0,13,110,82,21,0,213,0,0,0,213
02/19/2004,GEG,WA,ANM,WE,Towers with Radar,108,82,34,0,224,0,0,7,0,7,108,82,41,0,231,2,0,2,233
02/20/2004,GEG,WA,ANM,WE,Towers with Radar,121,68,23,2,214,0,15,54,2,71,121,83,77,4,285,24,0,24,309
02/21/2004,GEG,WA,ANM,WE,Towers with Radar,70,38,13,0,121,22,2,51,1,76,92,40,64,1,197,40,0,40,237
02/22/2004,GEG,WA,ANM,WE,Towers with Radar,65,22,13,0,100,38,0,59,2,99,103,22,72,2,199,44,0,44,243
02/23/2004,GEG,WA,ANM,WE,Towers with Radar,104,71,26,1,202,0,0,47,2,49,104,71,73,3,251,102,0,102,353
02/24/2004,GEG,WA,ANM,WE,Towers with Radar,107,77,28,1,213,0,15,13,1,29,107,92,41,2,242,32,0,32,274
02/25/2004,GEG,WA,ANM,WE,Towers with Radar,115,79,28,1,223,0,3,33,2,38,115,82,61,3,261,26,0,26,287
02/26/2004,GEG,WA,ANM,WE,Towers with Radar,132,73,25,1,231,2,1,45,3,51,134,74,70,4,282,48,4,52,334
02/27/2004,GEG,WA,ANM,WE,Towers with Radar,120,70,24,1,215,0,3,32,1,36,120,73,56,2,251,54,2,56,307
02/28/2004,GEG,WA,ANM,WE,Towers with Radar,77,32,15,0,124,29,0,18,0,47,106,32,33,0,171,46,0,46,217
02/29/2004,GEG,WA,ANM,WE,Towers with Radar,68,17,14,0,99,39,0,2,2,43,107,17,16,2,142,4,0,4,146
03/01/2004,GEG,WA,ANM,WE,Towers with Radar,105,56,16,1,178,0,18,47,1,66,105,74,63,2,244,84,0,84,328
03/02/2004,GEG,WA,ANM,WE,Towers with Radar,114,71,20,1,206,0,3,51,3,57,114,74,71,4,263,86,0,86,349
03/03/2004,GEG,WA,ANM,WE,Towers with Radar,116,68,20,1,205,0,11,12,2,25,116,79,32,3,230,2,0,2,232
03/04/2004,GEG,WA,ANM,WE,Towers with Radar,111,63,18,1,193,0,4,16,3,23,111,67,34,4,216,0,0,0,216
03/05/2004,GEG,WA,ANM,WE,Towers with Radar,102,54,16,1,173,0,40,0,3,43,102,94,16,4,216,8,4,12,228
03/06/2004,GEG,WA,ANM,WE,Towers with Radar,76,38,12,0,126,29,0,34,3,66,105,38,46,3,192,48,0,48,240
03/07/2004,GEG,WA,ANM,WE,Towers with Radar,62,21,10,0,93,40,0,8,1,49,102,21,18,1,142,0,0,0,142
03/08/2004,GEG,WA,ANM,WE,Towers with Radar,103,64,19,0,186,0,21,66,0,87,103,85,85,0,273,44,0,44,317
03/09/2004,GEG,WA,ANM,WE,Towers with Radar,113,70,21,1,205,0,11,51,3,65,113,81,72,4,270,64,4,68,338
03/10/2004,GEG,WA,ANM,WE,Towers with Radar,111,67,19,1,198,0,24,56,3,83,111,91,75,4,281,58,0,58,339
03/11/2004,GEG,WA,ANM,WE,Towers with Radar,121,30,19,0,170,8,0,49,0,57,129,30,68,0,227,38,0,38,265
03/12/2004,GEG,WA,ANM,WE,Towers with Radar,113,75,22,1,211,0,5,33,5,43,113,80,55,6,254,48,0,48,302
03/13/2004,GEG,WA,ANM,WE,Towers with Radar,64,30,9,0,103,28,0,68,0,96,92,30,77,0,199,30,0,30,229
03/14/2004,GEG,WA,ANM,WE,Towers with Radar,54,29,8,0,91,21,6,29,0,56,75,35,37,0,147,14,0,14,161
03/15/2004,GEG,WA,ANM,WE,Towers with Radar,111,71,21,0,203,0,0,32,0,32,111,71,53,0,235,24,0,24,259
03/16/2004,GEG,WA,ANM,WE,Towers with Radar,116,71,19,2,208,0,12,41,0,53,116,83,60,2,261,50,0,50,311
03/17/2004,GEG,WA,ANM,WE,Towers with Radar,110,68,19,2,199,0,27,41,18,86,110,95,60,20,285,42,30,72,357
03/18/2004,GEG,WA,ANM,WE,Towers with Radar,102,52,15,2,171,13,22,17,0,52,115,74,32,2,223,4,0,4,227
03/19/2004,GEG,WA,ANM,WE,Towers with Radar,127,70,22,1,220,0,0,31,0,31,127,70,53,1,251,0,0,0,251
03/20/2004,GEG,WA,ANM,WE,Towers with Radar,79,40,11,0,130,28,0,62,0,90,107,40,73,0,220,28,0,28,248
03/21/2004,GEG,WA,ANM,WE,Towers with Radar,71,28,11,1,111,32,0,52,0,84,103,28,63,1,195,58,0,58,253
03/22/2004,GEG,WA,ANM,WE,Towers with Radar,99,58,16,0,173,0,24,46,0,70,99,82,62,0,243,48,0,48,291
03/23/2004,GEG,WA,ANM,WE,Towers with Radar,106,62,18,2,188,0,20,35,0,55,106,82,53,2,243,18,0,18,261
03/24/2004,GEG,WA,ANM,WE,Towers with Radar,126,74,21,0,221,0,14,28,0,42,126,88,49,0,263,8,0,8,271
03/25/2004,GEG,WA,ANM,WE,Towers with Radar,112,58,16,0,186,15,21,56,0,92,127,79,72,0,278,38,0,38,316
03/26/2004,GEG,WA,ANM,WE,Towers with Radar,106,55,15,0,176,11,17,24,0,52,117,72,39,0,228,34,0,34,262
03/27/2004,GEG,WA,ANM,WE,Towers with Radar,73,37,10,0,120,40,1,10,0,51,113,38,20,0,171,24,0,24,195
03/28/2004,GEG,WA,ANM,WE,Towers with Radar,63,22,10,0,95,36,0,52,0,88,99,22,62,0,183,68,1,69,252
03/29/2004,GEG,WA,ANM,WE,Towers with Radar,111,58,16,2,187,0,9,59,2,70,111,67,75,4,257,30,2,32,289
03/30/2004,GEG,WA,ANM,WE,Towers with Radar,111,73,20,2,206,0,5,47,4,56,111,78,67,6,262,36,0,36,298
03/31/2004,GEG,WA,ANM,WE,Towers with Radar,115,62,17,0,194,0,18,46,0,64,115,80,63,0,258,24,0,24,282
04/01/2004,GEG,WA,ANM,WE,Towers with Radar,120,61,20,1,202,0,8,51,1,60,120,69,71,2,262,52,0,52,314
04/02/2004,GEG,WA,ANM,WE,Towers with Radar,111,57,19,1,188,0,17,45,0,62,111,74,64,1,250,32,0,32,282
04/03/2004,GEG,WA,ANM,WE,Towers with Radar,79,37,13,0,129,27,0,39,0,66,106,37,52,0,195,14,0,14,209
04/04/2004,GEG,WA,ANM,WE,Towers with Radar,65,34,11,0,110,17,2,32,1,52,82,36,43,1,162,6,0,6,168
04/05/2004,GEG,WA,ANM,WE,Towers with Radar,94,49,16,0,159,14,24,34,0,72,108,73,50,0,231,64,0,64,295
04/06/2004,GEG,WA,ANM,WE,Towers with Radar,108,62,20,1,191,0,8,63,1,72,108,70,83,2,263,44,0,44,307
04/07/2004,GEG,WA,ANM,WE,Towers with Radar,107,55,18,0,180,13,19,58,0,90,120,74,76,0,270,44,2,46,316
04/08/2004,GEG,WA,ANM,WE,Towers with Radar,118,65,20,1,204,0,18,54,0,72,118,83,74,1,276,52,0,52,328
04/09/2004,GEG,WA,ANM,WE,Towers with Radar,105,61,19,2,187,0,23,39,0,62,105,84,58,2,249,94,0,94,343
04/10/2004,GEG,WA,ANM,WE,Towers with Radar,66,34,10,0,110,40,3,49,0,92,106,37,59,0,202,36,0,36,238
04/11/2004,GEG,WA,ANM,WE,Towers with Radar,60,19,10,0,89,39,0,28,0,67,99,19,38,0,156,26,0,26,182
04/12/2004,GEG,WA,ANM,WE,Towers with Radar,97,61,19,2,179,0,17,61,2,80,97,78,80,4,259,70,0,70,329
04/13/2004,GEG,WA,ANM,WE,Towers with Radar,121,77,25,3,226,0,0,61,20,81,121,77,86,23,307,44,16,60,367
04/14/2004,GEG,WA,ANM,WE,Towers with Radar,119,63,19,0,201,0,8,37,0,45,119,71,56,0,246,40,49,89,335
04/15/2004,GEG,WA,ANM,WE,Towers with Radar,120,74,23,0,217,0,7,31,0,38,120,81,54,0,255,42,0,42,297
04/16/2004,GEG,WA,ANM,WE,Towers with Radar,114,59,18,1,192,8,16,42,0,66,122,75,60,1,258,52,20,72,330
04/17/2004,GEG,WA,ANM,WE,Towers with Radar,79,32,12,0,123,26,0,36,0,62,105,32,48,0,185,34,0,34,219
04/18/2004,GEG,WA,ANM,WE,Towers with Radar,66,29,11,1,107,31,0,17,1,49,97,29,28,2,156,0,0,0,156
04/19/2004,GEG,WA,ANM,WE,Towers with Radar,95,61,19,0,175,0,17,41,0,58,95,78,60,0,233,54,0,54,287
04/20/2004,GEG,WA,ANM,WE,Towers with Radar,129,64,22,1,216,0,0,36,0,36,129,64,58,1,252,18,4,22,274
04/21/2004,GEG,WA,ANM,WE,Towers with Radar,120,60,19,2,201,3,21,35,1,60,123,81,54,3,261,30,4,34,295
04/22/2004,GEG,WA,ANM,WE,Towers with Radar,132,83,27,0,242,0,0,86,0,86,132,83,113,0,328,56,0,56,384
04/23/2004,GEG,WA,ANM,WE,Towers with Radar,115,73,23,2,213,0,2,34,8,44,115,75,57,10,257,74,0,74,331
04/24/2004,GEG,WA,ANM,WE,Towers with Radar,80,28,12,2,122,18,0,66,2,86,98,28,78,4,208,66,0,66,274
04/25/2004,GEG,WA,ANM,WE,Towers with Radar,70,32,11,0,113,31,0,45,4,80,101,32,56,4,193,2,0,2,195
04/26/2004,GEG,WA,ANM,WE,Towers with Radar,104,55,17,1,177,0,9,73,0,82,104,64,90,1,259,106,0,106,365
04/27/2004,GEG,WA,ANM,WE,Towers with Radar,139,75,23,1,238,0,15,48,4,67,139,90,71,5,305,16,0,16,321
04/28/2004,GEG,WA,ANM,WE,Towers with Radar,112,56,17,1,186,8,22,59,0,89,120,78,76,1,275,53,22,75,350
04/29/2004,GEG,WA,ANM,WE,Towers with Radar,106,53,16,1,176,1,12,60,0,73,107,65,76,1,249,66,0,66,315
04/30/2004,GEG,WA,ANM,WE,Towers with Radar,116,71,24,1,212,0,0,71,1,72,116,71,95,2,284,36,0,36,320
05/01/2004,GEG,WA,ANM,WE,Towers with Radar,80,25,17,0,122,31,0,38,0,69,111,25,55,0,191,62,0,62,253
05/02/2004,GEG,WA,ANM,WE,Towers with Radar,82,29,17,1,129,20,0,52,0,72,102,29,69,1,201,22,0,22,223
05/03/2004,GEG,WA,ANM,WE,Towers with Radar,99,60,23,1,183,0,10,36,0,46,99,70,59,1,229,52,0,52,281
05/04/2004,GEG,WA,ANM,WE,Towers with Radar,129,71,26,2,228,0,18,49,1,68,129,89,75,3,296,12,0,12,308
05/05/2004,GEG,WA,ANM,WE,Towers with Radar,121,75,28,0,224,0,17,37,0,54,121,92,65,0,278,20,0,20,298
05/06/2004,GEG,WA,ANM,WE,Towers with Radar,138,72,29,0,239,0,0,70,0,70,138,72,99,0,309,72,0,72,381
05/07/2004,GEG,WA,ANM,WE,Towers with Radar,115,71,27,2,215,0,17,49,0,66,115,88,76,2,281,50,6,56,337
05/08/2004,GEG,WA,ANM,WE,Towers with Radar,73,39,15,0,127,21,1,8,0,30,94,40,23,0,157,14,0,14,171
05/09/2004,GEG,WA,ANM,WE,Towers with Radar,75,37,16,0,128,28,0,38,0,66,103,37,54,0,194,24,0,24,218
05/10/2004,GEG,WA,ANM,WE,Towers with Radar,106,68,26,1,201,0,7,46,0,53,106,75,72,1,254,68,0,68,322
05/11/2004,GEG,WA,ANM,WE,Towers with Radar,117,72,27,0,216,0,14,26,0,40,117,86,53,0,256,96,0,96,352
05/12/2004,GEG,WA,ANM,WE,Towers with Radar,109,70,26,2,207,0,18,73,5,96,109,88,99,7,303,100,4,104,407
05/13/2004,GEG,WA,ANM,WE,Towers with Radar,111,60,23,2,196,0,31,37,2,70,111,91,60,4,266,50,0,50,316
05/14/2004,GEG,WA,ANM,WE,Towers with Radar,126,68,26,1,221,0,2,35,4,41,126,70,61,5,262,114,0,114,376
05/15/2004,GEG,WA,ANM,WE,Towers with Radar,79,38,16,0,133,34,0,31,0,65,113,38,47,0,198,62,0,62,260
05/16/2004,GEG,WA,ANM,WE,Towers with Radar,76,29,16,0,121,23,0,18,0,41,99,29,34,0,162,20,0,20,182
05/17/2004,GEG,WA,ANM,WE,Towers with Radar,102,55,21,0,178,1,31,32,0,64,103,86,53,0,242,0,0,0,242
05/18/2004,GEG,WA,ANM,WE,Towers with Radar,109,72,27,1,209,0,25,68,2,95,109,97,95,3,304,28,0,28,332
05/19/2004,GEG,WA,ANM,WE,Towers with Radar,126,74,29,1,230,0,0,36,5,41,126,74,65,6,271,14,20,34,305
05/20/2004,GEG,WA,ANM,WE,Towers with Radar,121,70,26,0,217,0,9,51,0,60,121,79,77,0,277,44,0,44,321
05/21/2004,GEG,WA,ANM,WE,Towers with Radar,112,58,23,1,194,2,22,16,2,42,114,80,39,3,236,18,0,18,254
05/22/2004,GEG,WA,ANM,WE,Towers with Radar,82,36,11,0,129,34,0,0,2,36,116,36,11,2,165,4,0,4,169
05/23/2004,GEG,WA,ANM,WE,Towers with Radar,94,24,19,0,137,14,0,27,0,41,108,24,46,0,178,68,0,68,246
05/24/2004,GEG,WA,ANM,WE,Towers with Radar,105,68,26,1,200,0,12,72,5,89,105,80,98,6,289,44,0,44,333
05/25/2004,GEG,WA,ANM,WE,Towers with Radar,113,78,31,1,223,0,22,65,4,91,113,100,96,5,314,66,0,66,380
05/26/2004,GEG,WA,ANM,WE,Towers with Radar,133,92,36,0,261,0,6,34,0,40,133,98,70,0,301,12,0,12,313
05/27/2004,GEG,WA,ANM,WE,Towers with Radar,138,69,30,1,238,0,0,28,0,28,138,69,58,1,266,38,0,38,304
05/28/2004,GEG,WA,ANM,WE,Towers with Radar,127,70,26,1,224,0,3,31,0,34,127,73,57,1,258,10,0,10,268
05/29/2004,GEG,WA,ANM,WE,Towers with Radar,73,33,15,0,121,42,0,6,0,48,115,33,21,0,169,14,2,16,185
05/30/2004,GEG,WA,ANM,WE,Towers with Radar,64,30,13,0,107,37,0,7,0,44,101,30,20,0,151,8,0,8,159
05/31/2004,GEG,WA,ANM,WE,Towers with Radar,73,38,15,0,126,10,14,41,0,65,83,52,56,0,191,22,0,22,213
06/01/2004,GEG,WA,ANM,WE,Towers with Radar,106,65,25,2,198,0,23,68,6,97,106,88,93,8,295,44,20,64,359
06/02/2004,GEG,WA,ANM,WE,Towers with Radar,135,65,27,0,227,0,0,72,0,72,135,65,99,0,299,42,0,42,341
06/03/2004,GEG,WA,ANM,WE,Towers with Radar,128,70,27,2,227,0,8,84,0,92,128,78,111,2,319,34,4,38,357
06/04/2004,GEG,WA,ANM,WE,Towers with Radar,125,64,26,2,217,12,11,63,1,87,137,75,89,3,304,60,0,60,364
06/05/2004,GEG,WA,ANM,WE,Towers with Radar,83,40,16,2,141,43,0,27,2,72,126,40,43,4,213,0,0,0,213
06/06/2004,GEG,WA,ANM,WE,Towers with Radar,68,35,14,1,118,45,3,27,0,75,113,38,41,1,193,26,0,26,219
06/07/2004,GEG,WA,ANM,WE,Towers with Radar,94,49,19,1,163,17,26,49,0,92,111,75,68,1,255,90,4,94,349
06/08/2004,GEG,WA,ANM,WE,Towers with Radar,115,67,27,1,210,0,22,25,0,47,115,89,52,1,257,24,9,33,290
06/09/2004,GEG,WA,ANM,WE,Towers with Radar,126,68,27,2,223,0,13,59,3,75,126,81,86,5,298,36,0,36,334
06/10/2004,GEG,WA,ANM,WE,Towers with Radar,132,71,31,2,236,0,0,0,0,0,132,71,31,2,236,4,0,4,240
06/11/2004,GEG,WA,ANM,WE,Towers with Radar,115,71,28,2,216,0,17,28,0,45,115,88,56,2,261,16,0,16,277
06/12/2004,GEG,WA,ANM,WE,Towers with Radar,110,42,23,1,176,5,0,38,0,43,115,42,61,1,219,32,0,32,251
06/13/2004,GEG,WA,ANM,WE,Towers with Radar,113,60,23,2,198,0,5,41,0,46,113,65,64,2,244,26,0,26,270
06/14/2004,GEG,WA,ANM,WE,Towers with Radar,110,63,25,0,198,0,11,65,0,76,110,74,90,0,274,22,0,22,296
06/15/2004,GEG,WA,ANM,WE,Towers with Radar,116,71,28,2,217,0,16,76,3,95,116,87,104,5,312,24,0,24,336
06/16/2004,GEG,WA,ANM,WE,Towers with Radar,123,69,28,2,222,0,18,135,0,153,123,87,163,2,375,130,0,130,505
06/17/2004,GEG,WA,ANM,WE,Towers with Radar,124,66,27,2,219,0,0,76,0,76,124,66,103,2,295,42,4,46,341
06/18/2004,GEG,WA,ANM,WE,Towers with Radar,125,63,25,2,215,3,26,56,0,85,128,89,81,2,300,44,0,44,344
06/19/2004,GEG,WA,ANM,WE,Towers with Radar,83,36,16,2,137,42,0,39,1,82,125,36,55,3,219,36,0,36,255
06/20/2004,GEG,WA,ANM,WE,Towers with Radar,95,45,19,1,160,21,0,51,12,84,116,45,70,13,244,64,16,80,324
06/21/2004,GEG,WA,ANM,WE,Towers with Radar,110,55,23,1,189,0,25,50,0,75,110,80,73,1,264,24,0,24,288
06/22/2004,GEG,WA,ANM,WE,Towers with Radar,124,74,29,0,227,0,14,62,0,76,124,88,91,0,303,130,0,130,433
06/23/2004,GEG,WA,ANM,WE,Towers with Radar,138,82,32,2,254,0,20,60,0,80,138,102,92,2,334,70,0,70,404
06/24/2004,GEG,WA,ANM,WE,Towers with Radar,136,60,27,1,224,3,0,56,1,60,139,60,83,2,284,54,0,54,338
06/25/2004,GEG,WA,ANM,WE,Towers with Radar,116,58,24,0,198,11,14,55,0,80,127,72,79,0,278,32,0,32,310
06/26/2004,GEG,WA,ANM,WE,Towers with Radar,77,38,15,0,130,33,8,36,0,77,110,46,51,0,207,16,0,16,223
06/27/2004,GEG,WA,ANM,WE,Towers with Radar,71,25,15,0,111,33,0,31,1,65,104,25,46,1,176,30,0,30,206
06/28/2004,GEG,WA,ANM,WE,Towers with Radar,107,65,25,1,198,0,22,73,1,96,107,87,98,2,294,34,0,34,328
06/29/2004,GEG,WA,ANM,WE,Towers with Radar,116,65,26,1,208,0,16,57,3,76,116,81,83,4,284,54,0,54,338
06/30/2004,GEG,WA,ANM,WE,Towers with Radar,132,72,27,1,232,0,11,83,0,94,132,83,110,1,326,22,0,22,348
07/01/2004,GEG,WA,ANM,WE,Towers with Radar,123,66,22,0,211,0,11,49,0,60,123,77,71,0,271,62,0,62,333
07/02/2004,GEG,WA,ANM,WE,Towers with Radar,115,56,18,0,189,16,15,67,0,98,131,71,85,0,287,6,18,24,311
07/03/2004,GEG,WA,ANM,WE,Towers with Radar,78,33,13,1,125,47,0,38,2,87,125,33,51,3,212,6,8,14,226
07/04/2004,GEG,WA,ANM,WE,Towers with Radar,57,18,9,0,84,43,0,14,0,57,100,18,23,0,141,26,0,26,167
07/05/2004,GEG,WA,ANM,WE,Towers with Radar,77,38,12,0,127,14,30,49,0,93,91,68,61,0,220,56,0,56,276
07/06/2004,GEG,WA,ANM,WE,Towers with Radar,105,53,17,0,175,0,17,43,0,60,105,70,60,0,235,70,0,70,305
07/07/2004,GEG,WA,ANM,WE,Towers with Radar,132,65,21,0,218,2,2,41,0,45,134,67,62,0,263,20,0,20,283
07/08/2004,GEG,WA,ANM,WE,Towers with Radar,135,83,28,1,247,0,0,84,15,99,135,83,112,16,346,68,18,86,432
07/09/2004,GEG,WA,ANM,WE,Towers with Radar,118,75,24,0,217,0,0,66,0,66,118,75,90,0,283,30,0,30,313
07/10/2004,GEG,WA,ANM,WE,Towers with Radar,86,39,14,0,139,29,0,26,0,55,115,39,40,0,194,16,0,16,210
07/11/2004,GEG,WA,ANM,WE,Towers with Radar,87,36,15,0,138,19,0,51,1,71,106,36,66,1,209,0,0,0,209
07/12/2004,GEG,WA,ANM,WE,Towers with Radar,102,56,18,0,176,0,34,63,0,97,102,90,81,0,273,16,0,16,289
07/13/2004,GEG,WA,ANM,WE,Towers with Radar,119,61,20,0,200,0,30,38,3,71,119,91,58,3,271,68,0,68,339
07/14/2004,GEG,WA,ANM,WE,Towers with Radar,121,72,23,1,217,0,15,61,0,76,121,87,84,1,293,8,0,8,301
07/15/2004,GEG,WA,ANM,WE,Towers with Radar,129,67,21,0,217,0,12,69,0,81,129,79,90,0,298,60,0,60,358
07/16/2004,GEG,WA,ANM,WE,Towers with Radar,123,70,22,0,215,0,13,51,0,64,123,83,73,0,279,24,0,24,303
07/17/2004,GEG,WA,ANM,WE,Towers with Radar,81,29,12,0,122,36,0,38,0,74,117,29,50,0,196,4,0,4,200
07/18/2004,GEG,WA,ANM,WE,Towers with Radar,97,44,14,0,155,5,0,41,0,46,102,44,55,0,201,14,0,14,215
07/19/2004,GEG,WA,ANM,WE,Towers with Radar,102,54,17,0,173,0,24,53,0,77,102,78,70,0,250,74,0,74,324
07/20/2004,GEG,WA,ANM,WE,Towers with Radar,126,72,22,0,220,0,1,39,0,40,126,73,61,0,260,30,0,30,290
07/21/2004,GEG,WA,ANM,WE,Towers with Radar,128,63,19,0,210,0,14,83,0,97,128,77,102,0,307,54,0,54,361
07/22/2004,GEG,WA,ANM,WE,Towers with Radar,129,77,24,0,230,0,1,75,0,76,129,78,99,0,306,22,0,22,328
07/23/2004,GEG,WA,ANM,WE,Towers with Radar,118,57,18,1,194,16,13,75,1,105,134,70,93,2,299,26,0,26,325
07/24/2004,GEG,WA,ANM,WE,Towers with Radar,96,44,14,1,155,14,0,103,0,117,110,44,117,1,272,18,0,18,290
07/25/2004,GEG,WA,ANM,WE,Towers with Radar,107,35,16,1,159,26,0,62,4,92,133,35,78,5,251,14,0,14,265
07/26/2004,GEG,WA,ANM,WE,Towers with Radar,109,61,19,1,190,0,24,56,0,80,109,85,75,1,270,18,0,18,288
07/27/2004,GEG,WA,ANM,WE,Towers with Radar,130,80,25,0,235,0,9,58,0,67,130,89,83,0,302,26,0,26,328
07/28/2004,GEG,WA,ANM,WE,Towers with Radar,131,66,21,0,218,0,14,85,0,99,131,80,106,0,317,26,0,26,343
07/29/2004,GEG,WA,ANM,WE,Towers with Radar,117,61,19,0,197,0,9,70,0,79,117,70,89,0,276,18,0,18,294
07/30/2004,GEG,WA,ANM,WE,Towers with Radar,128,62,19,0,209,0,15,70,0,85,128,77,89,0,294,33,0,33,327
07/31/2004,GEG,WA,ANM,WE,Towers with Radar,93,37,14,1,145,22,0,44,0,66,115,37,58,1,211,46,0,46,257
08/01/2004,GEG,WA,ANM,WE,Towers with Radar,72,35,12,0,119,27,1,55,3,86,99,36,67,3,205,36,0,36,241
08/02/2004,GEG,WA,ANM,WE,Towers with Radar,0,0,4,0,4,0,0,0,0,0,0,0,4,0,4,0,0,0,4
08/03/2004,GEG,WA,ANM,WE,Towers with Radar,125,60,20,1,206,17,11,53,1,82,142,71,73,2,288,32,0,32,320
08/04/2004,GEG,WA,ANM,WE,Towers with Radar,128,63,21,0,212,0,7,62,0,69,128,70,83,0,281,16,0,16,297
08/05/2004,GEG,WA,ANM,WE,Towers with Radar,131,65,21,0,217,8,3,47,0,58,139,68,68,0,275,0,0,0,275
08/06/2004,GEG,WA,ANM,WE,Towers with Radar,123,61,20,0,204,12,12,24,0,48,135,73,44,0,252,8,0,8,260
08/07/2004,GEG,WA,ANM,WE,Towers with Radar,93,45,16,0,154,18,0,27,0,45,111,45,43,0,199,50,0,50,249
08/08/2004,GEG,WA,ANM,WE,Towers with Radar,85,25,14,0,124,37,0,54,3,94,122,25,68,3,218,0,0,0,218
08/09/2004,GEG,WA,ANM,WE,Towers with Radar,115,65,21,1,202,0,12,58,1,71,115,77,79,2,273,20,0,20,293
08/10/2004,GEG,WA,ANM,WE,Towers with Radar,126,72,23,1,222,0,12,46,6,64,126,84,69,7,286,44,0,44,330
08/11/2004,GEG,WA,ANM,WE,Towers with Radar,129,73,23,1,226,0,15,85,0,100,129,88,108,1,326,44,0,44,370
08/12/2004,GEG,WA,ANM,WE,Towers with Radar,117,65,20,2,204,0,26,71,3,100,117,91,91,5,304,16,0,16,320
08/13/2004,GEG,WA,ANM,WE,Towers with Radar,122,66,21,2,211,0,17,91,2,110,122,83,112,4,321,16,0,16,337
08/14/2004,GEG,WA,ANM,WE,Towers with Radar,88,39,14,0,141,40,0,39,0,79,128,39,53,0,220,10,0,10,230
08/15/2004,GEG,WA,ANM,WE,Towers with Radar,83,35,12,0,130,34,0,48,0,82,117,35,60,0,212,8,0,8,220
08/16/2004,GEG,WA,ANM,WE,Towers with Radar,106,58,18,0,182,0,11,38,0,49,106,69,56,0,231,20,0,20,251
08/17/2004,GEG,WA,ANM,WE,Towers with Radar,121,64,20,2,207,0,16,44,1,61,121,80,64,3,268,20,0,20,288
08/18/2004,GEG,WA,ANM,WE,Towers with Radar,134,68,21,2,225,0,7,58,0,65,134,75,79,2,290,14,0,14,304
08/19/2004,GEG,WA,ANM,WE,Towers with Radar,132,70,22,2,226,0,2,46,1,49,132,72,68,3,275,26,0,26,301
08/20/2004,GEG,WA,ANM,WE,Towers with Radar,123,60,19,2,204,0,17,36,4,57,123,77,55,6,261,38,0,38,299
08/21/2004,GEG,WA,ANM,WE,Towers with Radar,116,44,18,0,178,16,0,58,0,74,132,44,76,0,252,0,0,0,252
08/22/2004,GEG,WA,ANM,WE,Towers with Radar,97,36,15,0,148,19,0,16,0,35,116,36,31,0,183,18,0,18,201
08/23/2004,GEG,WA,ANM,WE,Towers with Radar,104,71,23,0,198,0,10,22,0,32,104,81,45,0,230,0,0,0,230
08/24/2004,GEG,WA,ANM,WE,Towers with Radar,134,67,21,2,224,0,23,8,0,31,134,90,29,2,255,4,0,4,259
08/25/2004,GEG,WA,ANM,WE,Towers with Radar,147,81,26,0,254,0,3,18,0,21,147,84,44,0,275,2,12,14,289
08/26/2004,GEG,WA,ANM,WE,Towers with Radar,146,75,24,1,246,0,1,23,0,24,146,76,47,1,270,6,0,6,276
08/27/2004,GEG,WA,ANM,WE,Towers with Radar,134,79,26,1,240,0,0,45,1,46,134,79,71,2,286,14,0,14,300
08/28/2004,GEG,WA,ANM,WE,Towers with Radar,96,46,15,0,157,16,0,47,0,63,112,46,62,0,220,39,0,39,259
08/29/2004,GEG,WA,ANM,WE,Towers with Radar,69,26,11,0,106,33,0,48,0,81,102,26,59,0,187,24,0,24,211
08/30/2004,GEG,WA,ANM,WE,Towers with Radar,111,61,19,0,191,0,31,70,0,101,111,92,89,0,292,8,0,8,300
08/31/2004,GEG,WA,ANM,WE,Towers with Radar,119,71,23,1,214,0,16,50,3,69,119,87,73,4,283,66,0,66,349
09/01/2004,GEG,WA,ANM,WE,Towers with Radar,134,61,22,0,217,8,22,7,1,38,142,83,29,1,255,14,0,14,269
09/02/2004,GEG,WA,ANM,WE,Towers with Radar,126,59,21,0,206,0,13,49,0,62,126,72,70,0,268,38,0,38,306
09/03/2004,GEG,WA,ANM,WE,Towers with Radar,138,68,24,0,230,0,25,55,0,80,138,93,79,0,310,34,0,34,344
09/04/2004,GEG,WA,ANM,WE,Towers with Radar,80,32,13,0,125,45,0,56,0,101,125,32,69,0,226,42,0,42,268
09/05/2004,GEG,WA,ANM,WE,Towers with Radar,66,31,12,0,109,17,2,30,0,49,83,33,42,0,158,24,0,24,182
09/06/2004,GEG,WA,ANM,WE,Towers with Radar,80,38,13,0,131,19,3,60,0,82,99,41,73,0,213,34,0,34,247
09/07/2004,GEG,WA,ANM,WE,Towers with Radar,107,53,19,0,179,0,18,56,0,74,107,71,75,0,253,82,0,82,335
09/08/2004,GEG,WA,ANM,WE,Towers with Radar,134,69,24,0,227,0,9,54,2,65,134,78,78,2,292,20,0,20,312
09/09/2004,GEG,WA,ANM,WE,Towers with Radar,140,64,23,0,227,6,0,65,0,71,146,64,88,0,298,48,0,48,346
09/10/2004,GEG,WA,ANM,WE,Towers with Radar,122,60,22,0,204,0,15,77,0,92,122,75,99,0,296,66,0,66,362
09/11/2004,GEG,WA,ANM,WE,Towers with Radar,101,46,17,0,164,16,0,23,1,40,117,46,40,1,204,16,0,16,220
09/12/2004,GEG,WA,ANM,WE,Towers with Radar,91,39,15,0,145,17,0,36,0,53,108,39,51,0,198,26,0,26,224
09/13/2004,GEG,WA,ANM,WE,Towers with Radar,100,46,17,0,163,4,23,33,0,60,104,69,50,0,223,52,0,52,275
09/14/2004,GEG,WA,ANM,WE,Towers with Radar,134,63,22,0,219,0,19,33,2,54,134,82,55,2,273,55,0,55,328
09/15/2004,GEG,WA,ANM,WE,Towers with Radar,133,72,25,0,230,0,4,25,0,29,133,76,50,0,259,6,0,6,265
09/16/2004,GEG,WA,ANM,WE,Towers with Radar,136,67,23,1,227,0,13,17,1,31,136,80,40,2,258,0,0,0,258
09/17/2004,GEG,WA,ANM,WE,Towers with Radar,136,64,25,1,226,0,0,40,1,41,136,64,65,2,267,32,0,32,299
09/18/2004,GEG,WA,ANM,WE,Towers with Radar,88,35,14,1,138,15,0,36,0,51,103,35,50,1,189,44,0,44,233
09/19/2004,GEG,WA,ANM,WE,Towers with Radar,80,28,12,1,121,32,0,29,8,69,112,28,41,9,190,22,0,22,212
09/20/2004,GEG,WA,ANM,WE,Towers with Radar,106,51,18,1,176,0,28,42,1,71,106,79,60,2,247,88,0,88,335
09/21/2004,GEG,WA,ANM,WE,Towers with Radar,123,67,23,0,213,0,22,67,0,89,123,89,90,0,302,80,0,80,382
09/22/2004,GEG,WA,ANM,WE,Towers with Radar,124,62,21,1,208,0,14,56,3,73,124,76,77,4,281,54,0,54,335
09/23/2004,GEG,WA,ANM,WE,Towers with Radar,135,61,21,0,217,5,7,67,0,79,140,68,88,0,296,110,8,118,414
09/24/2004,GEG,WA,ANM,WE,Towers with Radar,135,74,26,1,236,0,3,81,0,84,135,77,107,1,320,50,0,50,370
09/25/2004,GEG,WA,ANM,WE,Towers with Radar,96,30,15,0,141,37,0,52,0,89,133,30,67,0,230,76,0,76,306
09/26/2004,GEG,WA,ANM,WE,Towers with Radar,90,26,14,0,130,14,0,46,0,60,104,26,60,0,190,16,0,16,206
09/27/2004,GEG,WA,ANM,WE,Towers with Radar,105,47,16,0,168,0,16,64,3,83,105,63,80,3,251,78,0,78,329
09/28/2004,GEG,WA,ANM,WE,Towers with Radar,114,61,21,0,196,0,9,73,1,83,114,70,94,1,279,58,0,58,337
09/29/2004,GEG,WA,ANM,WE,Towers with Radar,146,56,23,0,225,0,0,64,2,66,146,56,87,2,291,72,0,72,363
09/30/2004,GEG,WA,ANM,WE,Towers with Radar,130,74,26,0,230,0,2,45,0,47,130,76,71,0,277,102,0,102,379
10/01/2004,GEG,WA,ANM,WE,Towers with Radar,123,65,16,0,204,0,6,77,0,83,123,71,93,0,287,58,0,58,345
10/02/2004,GEG,WA,ANM,WE,Towers with Radar,115,48,6,0,169,0,0,59,3,62,115,48,65,3,231,164,0,164,395
10/03/2004,GEG,WA,ANM,WE,Towers with Radar,125,43,17,0,185,0,0,42,0,42,125,43,59,0,227,22,0,22,249
10/04/2004,GEG,WA,ANM,WE,Towers with Radar,110,62,16,0,188,0,9,35,0,44,110,71,51,0,232,38,0,38,270
10/05/2004,GEG,WA,ANM,WE,Towers with Radar,136,70,12,4,222,0,11,63,0,74,136,81,75,4,296,132,0,132,428
10/06/2004,GEG,WA,ANM,WE,Towers with Radar,132,61,25,0,218,0,6,37,3,46,132,67,62,3,264,64,0,64,328
10/07/2004,GEG,WA,ANM,WE,Towers with Radar,32,69,13,0,114,0,6,57,0,63,32,75,70,0,177,40,0,40,217
10/08/2004,GEG,WA,ANM,WE,Towers with Radar,125,69,20,0,214,0,7,50,0,57,125,76,70,0,271,78,0,78,349
10/09/2004,GEG,WA,ANM,WE,Towers with Radar,108,40,13,0,161,0,0,8,0,8,108,40,21,0,169,10,0,10,179
10/10/2004,GEG,WA,ANM,WE,Towers with Radar,119,30,10,0,159,0,0,34,0,34,119,30,44,0,193,22,0,22,215
10/11/2004,GEG,WA,ANM,WE,Towers with Radar,105,58,16,0,179,0,6,49,0,55,105,64,65,0,234,92,0,92,326
10/12/2004,GEG,WA,ANM,WE,Towers with Radar,136,54,15,0,205,0,11,56,2,69,136,65,71,2,274,98,0,98,372
10/13/2004,GEG,WA,ANM,WE,Towers with Radar,126,67,16,0,209,0,8,64,2,74,126,75,80,2,283,34,0,34,317
10/14/2004,GEG,WA,ANM,WE,Towers with Radar,129,73,13,0,215,0,6,54,3,63,129,79,67,3,278,72,0,72,350
10/15/2004,GEG,WA,ANM,WE,Towers with Radar,133,69,23,4,229,0,10,37,0,47,133,79,60,4,276,14,0,14,290
10/16/2004,GEG,WA,ANM,WE,Towers with Radar,122,34,9,0,165,0,0,4,0,4,122,34,13,0,169,10,0,10,179
10/17/2004,GEG,WA,ANM,WE,Towers with Radar,131,32,14,1,178,2,7,1,2,12,133,39,15,3,190,0,0,0,190
10/18/2004,GEG,WA,ANM,WE,Towers with Radar,133,63,21,0,217,0,7,15,0,22,133,70,36,0,239,14,0,14,253
10/19/2004,GEG,WA,ANM,WE,Towers with Radar,128,79,19,0,226,0,3,0,0,3,128,82,19,0,229,500,0,500,729
10/20/2004,GEG,WA,ANM,WE,Towers with Radar,121,78,17,0,216,0,7,37,4,48,121,85,54,4,264,34,0,34,298
10/21/2004,GEG,WA,ANM,WE,Towers with Radar,142,93,18,0,253,0,5,6,0,11,142,98,24,0,264,36,0,36,300
10/22/2004,GEG,WA,ANM,WE,Towers with Radar,128,72,17,1,218,0,2,4,0,6,128,74,21,1,224,44,0,44,268
10/23/2004,GEG,WA,ANM,WE,Towers with Radar,117,36,13,0,166,0,1,40,0,41,117,37,53,0,207,30,0,30,237
10/24/2004,GEG,WA,ANM,WE,Towers with Radar,115,43,19,0,177,0,0,32,0,32,115,43,51,0,209,24,0,24,233
10/25/2004,GEG,WA,ANM,WE,Towers with Radar,116,62,12,0,190,0,7,59,0,66,116,69,71,0,256,68,0,68,324
10/26/2004,GEG,WA,ANM,WE,Towers with Radar,116,73,18,0,207,0,9,50,2,61,116,82,68,2,268,50,0,50,318
10/27/2004,GEG,WA,ANM,WE,Towers with Radar,128,72,17,0,217,0,9,49,2,60,128,81,66,2,277,64,0,64,341
10/28/2004,GEG,WA,ANM,WE,Towers with Radar,120,84,19,0,223,0,17,48,1,66,120,101,67,1,289,104,0,104,393
10/29/2004,GEG,WA,ANM,WE,Towers with Radar,125,68,22,0,215,0,3,18,0,21,125,71,40,0,236,50,0,50,286
10/30/2004,GEG,WA,ANM,WE,Towers with Radar,111,43,9,0,163,0,0,14,0,14,111,43,23,0,177,6,0,6,183
10/31/2004,GEG,WA,ANM,WE,Towers with Radar,100,28,9,0,137,0,0,15,0,15,100,28,24,0,152,26,0,26,178
11/01/2004,GEG,WA,ANM,WE,Combined TRACON& Tower with Radar,102,58,16,0,176,0,10,18,0,28,102,68,34,0,204,62,0,62,266
11/02/2004,GEG,WA,ANM,WE,Combined TRACON& Tower with Radar,122,80,17,0,219,0,0,1,0,1,122,80,18,0,220,0,0,0,220
11/03/2004,GEG,WA,ANM,WE,Combined TRACON& Tower with Radar,128,67,19,0,214,0,4,54,0,58,128,71,73,0,272,114,0,114,386
11/04/2004,GEG,WA,ANM,WE,Combined TRACON& Tower with Radar,115,77,32,1,225,0,4,22,0,26,115,81,54,1,251,26,14,40,291
11/05/2004,GEG,WA,ANM,WE,Combined TRACON& Tower with Radar,127,66,15,1,209,0,4,24,0,28,127,70,39,1,237,52,0,52,289
11/06/2004,GEG,WA,ANM,WE,Combined TRACON& Tower with Radar,101,38,17,0,156,0,0,31,0,31,101,38,48,0,187,70,20,90,277
11/07/2004,GEG,WA,ANM,WE,Combined TRACON& Tower with Radar,113,35,10,0,158,0,0,14,1,15,113,35,24,1,173,16,0,16,189
11/08/2004,GEG,WA,ANM,WE,Combined TRACON& Tower with Radar,111,47,8,0,166,0,13,14,0,27,111,60,22,0,193,10,0,10,203
11/09/2004,GEG,WA,ANM,WE,Combined TRACON& Tower with Radar,115,63,5,0,183,0,2,1,0,3,115,65,6,0,186,2,0,2,188
11/10/2004,GEG,WA,ANM,WE,Combined TRACON& Tower with Radar,117,62,21,1,201,0,3,36,4,43,117,65,57,5,244,60,16,76,320
11/11/2004,GEG,WA,ANM,WE,Combined TRACON& Tower with Radar,121,69,42,0,232,0,4,65,0,69,121,73,107,0,301,116,0,116,417
11/12/2004,GEG,WA,ANM,WE,Combined TRACON& Tower with Radar,120,68,15,2,205,0,0,4,0,4,120,68,19,2,209,24,0,24,233
11/13/2004,GEG,WA,ANM,WE,Combined TRACON& Tower with Radar,117,41,18,2,178,0,0,0,0,0,117,41,18,2,178,12,0,12,190
11/14/2004,GEG,WA,ANM,WE,Combined TRACON& Tower with Radar,114,32,8,0,154,0,0,6,0,6,114,32,14,0,160,4,0,4,164
11/15/2004,GEG,WA,ANM,WE,Combined TRACON& Tower with Radar,107,68,12,0,187,0,6,32,0,38,107,74,44,0,225,24,0,24,249
11/16/2004,GEG,WA,ANM,WE,Combined TRACON& Tower with Radar,120,76,34,0,230,0,2,5,0,7,120,78,39,0,237,30,0,30,267
11/17/2004,GEG,WA,ANM,WE,Combined TRACON& Tower with Radar,120,69,35,0,224,0,1,30,1,32,120,70,65,1,256,34,0,34,290
11/18/2004,GEG,WA,ANM,WE,Combined TRACON& Tower with Radar,130,65,29,0,224,0,1,6,1,8,130,66,35,1,232,10,0,10,242
11/19/2004,GEG,WA,ANM,WE,Combined TRACON& Tower with Radar,126,67,19,0,212,0,3,25,1,29,126,70,44,1,241,72,8,80,321
11/20/2004,GEG,WA,ANM,WE,Combined TRACON& Tower with Radar,105,36,28,0,169,0,1,58,0,59,105,37,86,0,228,44,0,44,272
11/21/2004,GEG,WA,ANM,WE,Combined TRACON& Tower with Radar,105,23,14,0,142,0,0,17,0,17,105,23,31,0,159,36,0,36,195
11/22/2004,GEG,WA,ANM,WE,Combined TRACON& Tower with Radar,107,100,12,1,220,0,14,14,0,28,107,114,26,1,248,34,10,44,292
11/23/2004,GEG,WA,ANM,WE,Combined TRACON& Tower with Radar,121,81,21,0,223,0,1,22,0,23,121,82,43,0,246,16,0,16,262
11/24/2004,GEG,WA,ANM,WE,Combined TRACON& Tower with Radar,134,73,10,0,217,0,1,4,0,5,134,74,14,0,222,2,0,2,224
11/25/2004,GEG,WA,ANM,WE,Combined TRACON& Tower with Radar,96,16,12,0,124,0,0,3,0,3,96,16,15,0,127,8,0,8,135
11/26/2004,GEG,WA,ANM,WE,Combined TRACON& Tower with Radar,101,64,32,0,197,0,5,45,0,50,101,69,77,0,247,18,0,18,265
11/27/2004,GEG,WA,ANM,WE,Combined TRACON& Tower with Radar,111,38,16,0,165,0,1,0,0,1,111,39,16,0,166,0,0,0,166
11/28/2004,GEG,WA,ANM,WE,Combined TRACON& Tower with Radar,117,36,30,0,183,0,10,19,0,29,117,46,49,0,212,40,0,40,252
11/29/2004,GEG,WA,ANM,WE,Combined TRACON& Tower with Radar,104,65,19,0,188,0,5,35,0,40,104,70,54,0,228,28,0,28,256
11/30/2004,GEG,WA,ANM,WE,Combined TRACON& Tower with Radar,122,83,7,0,212,0,4,15,0,19,122,87,22,0,231,2,0,2,233
12/01/2004,GEG,WA,ANM,WE,Combined TRACON& Tower with Radar,126,74,17,0,217,0,1,4,0,5,126,75,21,0,222,0,0,0,222
12/02/2004,GEG,WA,ANM,WE,Combined TRACON& Tower with Radar,132,78,20,2,232,0,0,0,0,0,132,78,20,2,232,0,0,0,232
12/03/2004,GEG,WA,ANM,WE,Combined TRACON& Tower with Radar,124,69,19,0,212,0,4,14,0,18,124,73,33,0,230,6,0,6,236
12/04/2004,GEG,WA,ANM,WE,Combined TRACON& Tower with Radar,107,32,7,0,146,0,0,0,0,0,107,32,7,0,146,10,0,10,156
12/05/2004,GEG,WA,ANM,WE,Combined TRACON& Tower with Radar,106,24,7,0,137,0,0,0,0,0,106,24,7,0,137,0,0,0,137
12/06/2004,GEG,WA,ANM,WE,Combined TRACON& Tower with Radar,110,63,12,6,191,0,0,5,0,5,110,63,17,6,196,0,0,0,196
12/07/2004,GEG,WA,ANM,WE,Combined TRACON& Tower with Radar,123,77,20,0,220,0,1,0,0,1,123,78,20,0,221,0,0,0,221
12/08/2004,GEG,WA,ANM,WE,Combined TRACON& Tower with Radar,130,72,12,0,214,0,0,0,0,0,130,72,12,0,214,12,28,40,254
12/09/2004,GEG,WA,ANM,WE,Combined TRACON& Tower with Radar,131,74,24,0,229,0,9,17,2,28,131,83,41,2,257,18,0,18,275
12/10/2004,GEG,WA,ANM,WE,Combined TRACON& Tower with Radar,122,70,21,6,219,0,4,8,5,17,122,74,29,11,236,4,4,8,244
12/11/2004,GEG,WA,ANM,WE,Combined TRACON& Tower with Radar,115,42,9,0,166,0,0,16,2,18,115,42,25,2,184,10,0,10,194
12/12/2004,GEG,WA,ANM,WE,Combined TRACON& Tower with Radar,107,22,19,0,148,0,6,14,0,20,107,28,33,0,168,56,0,56,224
12/13/2004,GEG,WA,ANM,WE,Combined TRACON& Tower with Radar,105,59,20,2,186,0,7,34,0,41,105,66,54,2,227,32,0,32,259
12/14/2004,GEG,WA,ANM,WE,Combined TRACON& Tower with Radar,117,72,28,3,220,0,0,14,0,14,117,72,42,3,234,38,2,40,274
12/15/2004,GEG,WA,ANM,WE,Combined TRACON& Tower with Radar,117,74,22,5,218,0,0,7,0,7,117,74,29,5,225,0,0,0,225
12/16/2004,GEG,WA,ANM,WE,Combined TRACON& Tower with Radar,108,18,12,0,138,0,0,0,0,0,108,18,12,0,138,0,0,0,138
12/17/2004,GEG,WA,ANM,WE,Combined TRACON& Tower with Radar,127,17,6,0,150,0,0,0,0,0,127,17,6,0,150,0,0,0,150
12/18/2004,GEG,WA,ANM,WE,Combined TRACON& Tower with Radar,116,30,5,0,151,0,0,0,0,0,116,30,5,0,151,12,0,12,163
12/19/2004,GEG,WA,ANM,WE,Combined TRACON& Tower with Radar,99,23,9,0,131,0,0,1,0,1,99,23,10,0,132,0,0,0,132
12/20/2004,GEG,WA,ANM,WE,Combined TRACON& Tower with Radar,122,58,28,0,208,0,7,37,0,44,122,65,65,0,252,88,0,88,340
12/21/2004,GEG,WA,ANM,WE,Combined TRACON& Tower with Radar,126,88,14,4,232,0,0,0,0,0,126,88,14,4,232,0,0,0,232
12/22/2004,GEG,WA,ANM,WE,Combined TRACON& Tower with Radar,121,64,19,0,204,0,5,32,5,42,121,69,51,5,246,0,0,0,246
12/23/2004,GEG,WA,ANM,WE,Combined TRACON& Tower with Radar,129,88,21,0,238,0,2,10,0,12,129,90,31,0,250,0,0,0,250
12/24/2004,GEG,WA,ANM,WE,Combined TRACON& Tower with Radar,132,79,1,0,212,0,4,24,0,28,132,83,25,0,240,20,0,20,260
12/25/2004,GEG,WA,ANM,WE,Combined TRACON& Tower with Radar,100,29,1,0,130,0,0,2,0,2,100,29,3,0,132,4,0,4,136
12/26/2004,GEG,WA,ANM,WE,Combined TRACON& Tower with Radar,114,28,9,0,151,0,0,24,0,24,114,28,33,0,175,20,0,20,195
12/27/2004,GEG,WA,ANM,WE,Combined TRACON& Tower with Radar,109,54,11,0,174,0,13,32,0,45,109,67,43,0,219,54,0,54,273
12/28/2004,GEG,WA,ANM,WE,Combined TRACON& Tower with Radar,122,58,25,0,205,0,10,20,2,32,122,68,45,2,237,63,0,63,300
12/29/2004,GEG,WA,ANM,WE,Combined TRACON& Tower with Radar,126,75,9,0,210,0,0,0,0,0,126,75,9,0,210,0,0,0,210
12/30/2004,GEG,WA,ANM,WE,Combined TRACON& Tower with Radar,119,64,6,3,192,0,0,0,0,0,119,64,6,3,192,0,0,0,192
12/31/2004,GEG,WA,ANM,WE,Combined TRACON& Tower with Radar,107,55,9,0,171,0,2,0,0,2,107,57,9,0,173,8,0,8,181
01/01/2005,GEG,WA,ANM,WE,Combined TRACON& Tower with Radar,98,26,28,0,152,0,0,2,0,2,98,26,30,0,154,16,0,16,170
01/02/2005,GEG,WA,ANM,WE,Combined TRACON& Tower with Radar,115,28,8,0,151,0,0,2,0,2,115,28,10,0,153,4,0,4,157
01/03/2005,GEG,WA,ANM,WE,Combined TRACON& Tower with Radar,106,60,27,0,193,0,4,14,0,18,106,64,41,0,211,42,0,42,253
01/04/2005,GEG,WA,ANM,WE,Combined TRACON& Tower with Radar,120,67,20,1,208,0,5,41,0,46,120,72,61,1,254,12,0,12,266
01/05/2005,GEG,WA,ANM,WE,Combined TRACON& Tower with Radar,113,74,29,1,217,0,0,8,3,11,113,74,37,4,228,24,0,24,252
01/06/2005,GEG,WA,ANM,WE,Combined TRACON& Tower with Radar,130,70,23,0,223,0,1,9,0,10,130,71,32,0,233,0,0,0,233
01/07/2005,GEG,WA,ANM,WE,Combined TRACON& Tower with Radar,113,67,6,0,186,0,3,0,0,3,113,70,6,0,189,0,0,0,189
01/08/2005,GEG,WA,ANM,WE,Combined TRACON& Tower with Radar,102,29,14,0,145,0,0,6,3,9,102,29,20,3,154,0,0,0,154
01/09/2005,GEG,WA,ANM,WE,Combined TRACON& Tower with Radar,94,29,10,0,133,0,0,0,0,0,94,29,10,0,133,0,0,0,133
01/10/2005,GEG,WA,ANM,WE,Combined TRACON& Tower with Radar,114,57,19,0,190,0,0,2,0,2,114,57,21,0,192,8,0,8,200
01/11/2005,GEG,WA,ANM,WE,Combined TRACON& Tower with Radar,122,68,13,0,203,0,3,0,0,3,122,71,13,0,206,4,0,4,210
01/12/2005,GEG,WA,ANM,WE,Combined TRACON& Tower with Radar,122,71,10,1,204,0,8,18,3,29,122,79,28,4,233,10,10,20,253
01/13/2005,GEG,WA,ANM,WE,Combined TRACON& Tower with Radar,129,59,32,1,221,0,7,26,4,37,129,66,58,5,258,34,0,34,292
01/14/2005,GEG,WA,ANM,WE,Combined TRACON& Tower with Radar,118,59,13,1,191,0,4,38,0,42,118,63,51,1,233,20,0,20,253
01/15/2005,GEG,WA,ANM,WE,Combined TRACON& Tower with Radar,98,25,19,1,143,0,1,28,0,29,98,26,47,1,172,32,0,32,204
01/16/2005,GEG,WA,ANM,WE,Combined TRACON& Tower with Radar,78,24,3,0,105,0,0,0,0,0,78,24,3,0,105,0,0,0,105
01/17/2005,GEG,WA,ANM,WE,Combined TRACON& Tower with Radar,103,34,10,0,147,0,0,0,0,0,103,34,10,0,147,0,0,0,147
01/18/2005,GEG,WA,ANM,WE,Combined TRACON& Tower with Radar,127,61,15,0,203,0,0,0,0,0,127,61,15,0,203,8,0,8,211
01/19/2005,GEG,WA,ANM,WE,Combined TRACON& Tower with Radar,107,61,20,0,188,0,15,17,2,34,107,76,37,2,222,16,0,16,238
01/20/2005,GEG,WA,ANM,WE,Combined TRACON& Tower with Radar,127,54,19,2,202,0,5,26,0,31,127,59,45,2,233,54,2,56,289
01/21/2005,GEG,WA,ANM,WE,Combined TRACON& Tower with Radar,126,54,20,0,200,0,8,28,0,36,126,62,48,0,236,26,0,26,262
01/22/2005,GEG,WA,ANM,WE,Combined TRACON& Tower with Radar,107,34,32,0,173,0,0,8,0,8,107,34,40,0,181,82,0,82,263
01/23/2005,GEG,WA,ANM,WE,Combined TRACON& Tower with Radar,97,27,13,0,137,0,14,18,0,32,97,41,31,0,169,66,0,66,235
01/24/2005,GEG,WA,ANM,WE,Combined TRACON& Tower with Radar,108,59,22,0,189,0,11,17,0,28,108,70,39,0,217,32,0,32,249
01/25/2005,GEG,WA,ANM,WE,Combined TRACON& Tower with Radar,124,68,20,0,212,0,7,38,3,48,124,75,58,3,260,28,0,28,288
01/26/2005,GEG,WA,ANM,WE,Combined TRACON& Tower with Radar,115,69,23,1,208,0,4,46,4,54,115,73,69,5,262,60,10,70,332
01/27/2005,GEG,WA,ANM,WE,Combined TRACON& Tower with Radar,128,69,26,2,225,0,0,0,0,0,128,69,26,2,225,6,0,6,231
01/28/2005,GEG,WA,ANM,WE,Combined TRACON& Tower with Radar,126,38,5,0,169,0,8,28,3,39,126,46,33,3,208,58,0,58,266
01/29/2005,GEG,WA,ANM,WE,Combined TRACON& Tower with Radar,104,31,14,0,149,0,1,14,0,15,104,32,28,0,164,16,0,16,180
01/30/2005,GEG,WA,ANM,WE,Combined TRACON& Tower with Radar,109,25,7,0,141,0,0,0,0,0,109,25,7,0,141,0,0,0,141
01/31/2005,GEG,WA,ANM,WE,Combined TRACON& Tower with Radar,114,62,22,0,198,0,5,17,0,22,114,67,39,0,220,36,0,36,256
02/01/2005,GEG,WA,ANM,WE,Combined TRACON& Tower with Radar,120,67,21,0,208,0,4,43,0,47,120,71,64,0,255,86,0,86,341
02/02/2005,GEG,WA,ANM,WE,Combined TRACON& Tower with Radar,122,62,18,0,202,0,13,53,0,66,122,75,71,0,268,68,4,72,340
02/03/2005,GEG,WA,ANM,WE,Combined TRACON& Tower with Radar,0,0,13,0,13,0,0,0,96,96,0,0,13,96,109,78,0,78,187
02/04/2005,GEG,WA,ANM,WE,Combined TRACON& Tower with Radar,119,66,27,0,212,0,4,25,0,29,119,70,52,0,241,14,0,14,255
02/05/2005,GEG,WA,ANM,WE,Combined TRACON& Tower with Radar,101,30,6,0,137,0,0,42,1,43,101,30,48,1,180,30,0,30,210
02/06/2005,GEG,WA,ANM,WE,Combined TRACON& Tower with Radar,89,22,8,1,120,0,1,11,0,12,89,23,19,1,132,36,0,36,168
02/07/2005,GEG,WA,ANM,WE,Combined TRACON& Tower with Radar,0,0,0,0,0,0,0,0,0,0,0,0,0,0,0,21,29,50,50
02/08/2005,GEG,WA,ANM,WE,Combined TRACON& Tower with Radar,121,65,18,0,204,0,8,45,2,55,121,73,63,2,259,102,0,102,361
02/09/2005,GEG,WA,ANM,WE,Combined TRACON& Tower with Radar,121,59,10,2,192,0,17,46,3,66,121,76,56,5,258,2,18,20,278
02/10/2005,GEG,WA,ANM,WE,Combined TRACON& Tower with Radar,132,52,14,2,200,0,4,41,1,46,132,56,55,3,246,42,0,42,288
02/11/2005,GEG,WA,ANM,WE,Combined TRACON& Tower with Radar,131,59,35,1,226,0,3,38,1,42,131,62,73,2,268,16,0,16,284
02/12/2005,GEG,WA,ANM,WE,Combined TRACON& Tower with Radar,108,25,4,0,137,0,0,24,0,24,108,25,28,0,161,42,0,42,203
02/13/2005,GEG,WA,ANM,WE,Combined TRACON& Tower with Radar,105,15,8,0,128,0,0,10,0,10,105,15,18,0,138,8,0,8,146
02/14/2005,GEG,WA,ANM,WE,Combined TRACON& Tower with Radar,118,60,11,0,189,0,6,27,6,39,118,66,38,6,228,480,0,480,708
02/15/2005,GEG,WA,ANM,WE,Combined TRACON& Tower with Radar,116,68,22,0,206,0,6,35,1,42,116,74,57,1,248,44,0,44,292
02/16/2005,GEG,WA,ANM,WE,Combined TRACON& Tower with Radar,218,51,12,0,281,0,7,62,2,71,218,58,74,2,352,66,0,66,418
02/17/2005,GEG,WA,ANM,WE,Combined TRACON& Tower with Radar,128,56,29,0,213,0,1,65,3,69,128,57,94,3,282,70,0,70,352
02/18/2005,GEG,WA,ANM,WE,Combined TRACON& Tower with Radar,118,55,23,0,196,0,4,67,0,71,118,59,90,0,267,8,0,8,275
02/19/2005,GEG,WA,ANM,WE,Combined TRACON& Tower with Radar,101,28,32,0,161,0,0,45,0,45,101,28,77,0,206,58,0,58,264
02/20/2005,GEG,WA,ANM,WE,Combined TRACON& Tower with Radar,103,18,8,0,129,0,0,21,0,21,103,18,29,0,150,28,0,28,178
02/21/2005,GEG,WA,ANM,WE,Combined TRACON& Tower with Radar,106,44,14,0,164,0,8,75,0,83,106,52,89,0,247,88,0,88,335
02/22/2005,GEG,WA,ANM,WE,Combined TRACON& Tower with Radar,127,52,32,0,211,0,4,38,0,42,127,56,70,0,253,34,0,34,287
02/23/2005,GEG,WA,ANM,WE,Combined TRACON& Tower with Radar,125,48,13,0,186,0,6,80,3,89,125,54,93,3,275,62,0,62,337
02/24/2005,GEG,WA,ANM,WE,Combined TRACON& Tower with Radar,177,61,19,0,257,0,4,47,2,53,177,65,66,2,310,52,0,52,362
02/25/2005,GEG,WA,ANM,WE,Combined TRACON& Tower with Radar,123,60,19,2,204,0,13,47,1,61,123,73,66,3,265,80,0,80,345
02/26/2005,GEG,WA,ANM,WE,Combined TRACON& Tower with Radar,101,33,24,0,158,0,2,38,0,40,101,35,62,0,198,54,0,54,252
02/27/2005,GEG,WA,ANM,WE,Combined TRACON& Tower with Radar,99,24,13,1,137,0,12,42,0,54,99,36,55,1,191,20,0,20,211
02/28/2005,GEG,WA,ANM,WE,Combined TRACON& Tower with Radar,105,53,27,13,198,0,0,23,0,23,105,53,50,13,221,16,6,22,243
03/01/2005,GEG,WA,ANM,WE,Combined TRACON& Tower with Radar,115,58,20,2,195,0,5,33,5,43,115,63,53,7,238,60,0,60,298
03/02/2005,GEG,WA,ANM,WE,Combined TRACON& Tower with Radar,128,55,22,0,205,0,4,43,3,50,128,59,65,3,255,80,0,80,335
03/03/2005,GEG,WA,ANM,WE,Combined TRACON& Tower with Radar,125,52,27,0,204,0,7,54,1,62,125,59,81,1,266,78,0,78,344
03/04/2005,GEG,WA,ANM,WE,Combined TRACON& Tower with Radar,101,65,21,2,189,0,4,70,1,75,101,69,91,3,264,74,0,74,338
03/05/2005,GEG,WA,ANM,WE,Combined TRACON& Tower with Radar,99,35,15,0,149,0,1,44,1,46,99,36,59,1,195,22,0,22,217
03/06/2005,GEG,WA,ANM,WE,Combined TRACON& Tower with Radar,105,18,9,8,140,0,0,26,0,26,105,18,35,8,166,36,0,36,202
03/07/2005,GEG,WA,ANM,WE,Combined TRACON& Tower with Radar,104,49,24,0,177,0,8,31,0,39,104,57,55,0,216,22,6,28,244
03/08/2005,GEG,WA,ANM,WE,Combined TRACON& Tower with Radar,124,65,14,0,203,0,8,60,0,68,124,73,74,0,271,52,0,52,323
03/09/2005,GEG,WA,ANM,WE,Combined TRACON& Tower with Radar,118,64,28,0,210,0,4,40,0,44,118,68,68,0,254,68,0,68,322
03/10/2005,GEG,WA,ANM,WE,Combined TRACON& Tower with Radar,126,50,12,2,190,0,7,28,1,36,126,57,40,3,226,20,6,26,252
03/11/2005,GEG,WA,ANM,WE,Combined TRACON& Tower with Radar,127,62,11,16,216,0,8,34,1,43,127,70,45,17,259,8,12,20,279
03/12/2005,GEG,WA,ANM,WE,Combined TRACON& Tower with Radar,108,27,21,2,158,0,0,19,0,19,108,27,40,2,177,36,2,38,215
03/13/2005,GEG,WA,ANM,WE,Combined TRACON& Tower with Radar,98,23,13,0,134,0,0,31,2,33,98,23,44,2,167,18,0,18,185
03/14/2005,GEG,WA,ANM,WE,Combined TRACON& Tower with Radar,105,56,20,0,181,0,6,43,0,49,105,62,63,0,230,0,34,34,264
03/15/2005,GEG,WA,ANM,WE,Combined TRACON& Tower with Radar,129,48,13,0,190,0,5,74,7,86,129,53,87,7,276,58,0,58,334
03/16/2005,GEG,WA,ANM,WE,Combined TRACON& Tower with Radar,116,57,17,1,191,0,1,11,2,14,116,58,28,3,205,22,0,22,227
03/17/2005,GEG,WA,ANM,WE,Combined TRACON& Tower with Radar,125,61,32,3,221,0,2,39,5,46,125,63,71,8,267,36,0,36,303
03/18/2005,GEG,WA,ANM,WE,Combined TRACON& Tower with Radar,125,52,12,0,189,0,3,30,0,33,125,55,42,0,222,34,0,34,256
03/19/2005,GEG,WA,ANM,WE,Combined TRACON& Tower with Radar,97,34,19,0,150,0,0,14,1,15,97,34,33,1,165,12,0,12,177
03/20/2005,GEG,WA,ANM,WE,Combined TRACON& Tower with Radar,94,26,10,0,130,0,0,10,0,10,94,26,20,0,140,6,0,6,146
03/21/2005,GEG,WA,ANM,WE,Combined TRACON& Tower with Radar,102,58,30,13,203,0,8,36,0,44,102,66,66,13,247,132,20,152,399
03/22/2005,GEG,WA,ANM,WE,Combined TRACON& Tower with Radar,126,60,20,5,211,0,4,27,0,31,126,64,47,5,242,52,2,54,296
03/23/2005,GEG,WA,ANM,WE,Combined TRACON& Tower with Radar,118,59,16,2,195,0,0,18,0,18,118,59,34,2,213,0,0,0,213
03/24/2005,GEG,WA,ANM,WE,Combined TRACON& Tower with Radar,126,53,17,2,198,0,1,32,0,33,126,54,49,2,231,22,0,22,253
03/25/2005,GEG,WA,ANM,WE,Combined TRACON& Tower with Radar,117,58,19,0,194,0,2,33,0,35,117,60,52,0,229,8,0,8,237
03/26/2005,GEG,WA,ANM,WE,Combined TRACON& Tower with Radar,96,32,6,0,134,0,0,4,0,4,96,32,10,0,138,6,0,6,144
03/27/2005,GEG,WA,ANM,WE,Combined TRACON& Tower with Radar,98,23,5,0,126,0,0,1,0,1,98,23,6,0,127,0,0,0,127
03/28/2005,GEG,WA,ANM,WE,Combined TRACON& Tower with Radar,97,51,13,0,161,0,12,14,0,26,97,63,27,0,187,0,0,0,187
03/29/2005,GEG,WA,ANM,WE,Combined TRACON& Tower with Radar,122,68,12,0,202,0,0,2,0,2,122,68,14,0,204,24,0,24,228
03/30/2005,GEG,WA,ANM,WE,Combined TRACON& Tower with Radar,122,59,18,0,199,0,3,22,0,25,122,62,40,0,224,24,0,24,248
03/31/2005,GEG,WA,ANM,WE,Combined TRACON& Tower with Radar,118,55,17,0,190,0,12,35,0,47,118,67,52,0,237,40,0,40,277
04/01/2005,GEG,WA,ANM,WE,Combined TRACON& Tower with Radar,124,55,17,0,196,0,3,5,1,9,124,58,22,1,205,0,4,4,209
04/02/2005,GEG,WA,ANM,WE,Combined TRACON& Tower with Radar,98,43,7,0,148,0,1,16,0,17,98,44,23,0,165,20,0,20,185
04/03/2005,GEG,WA,ANM,WE,Combined TRACON& Tower with Radar,87,25,9,0,121,0,0,5,0,5,87,25,14,0,126,0,0,0,126
04/04/2005,GEG,WA,ANM,WE,Combined TRACON& Tower with Radar,108,47,12,0,167,0,8,11,0,19,108,55,23,0,186,6,0,6,192
04/05/2005,GEG,WA,ANM,WE,Combined TRACON& Tower with Radar,122,56,13,0,191,0,5,54,3,62,122,61,67,3,253,100,0,100,353
04/06/2005,GEG,WA,ANM,WE,Combined TRACON& Tower with Radar,121,51,121,2,295,0,8,49,0,57,121,59,170,2,352,32,0,32,384
04/07/2005,GEG,WA,ANM,WE,Combined TRACON& Tower with Radar,120,58,16,3,197,0,1,24,1,26,120,59,40,4,223,8,0,8,231
04/08/2005,GEG,WA,ANM,WE,Combined TRACON& Tower with Radar,111,59,24,0,194,0,7,39,0,46,111,66,63,0,240,50,0,50,290
04/09/2005,GEG,WA,ANM,WE,Combined TRACON& Tower with Radar,100,36,21,0,157,0,0,19,0,19,100,36,40,0,176,84,0,84,260
04/10/2005,GEG,WA,ANM,WE,Combined TRACON& Tower with Radar,89,22,17,0,128,0,0,13,0,13,89,22,30,0,141,18,0,18,159
04/11/2005,GEG,WA,ANM,WE,Combined TRACON& Tower with Radar,114,67,22,0,203,0,12,7,0,19,114,79,29,0,222,28,0,28,250
04/12/2005,GEG,WA,ANM,WE,Combined TRACON& Tower with Radar,121,60,19,0,200,0,4,13,2,19,121,64,32,2,219,28,0,28,247
04/13/2005,GEG,WA,ANM,WE,Combined TRACON& Tower with Radar,121,64,17,1,203,0,0,1,9,10,121,64,18,10,213,82,0,82,295
04/14/2005,GEG,WA,ANM,WE,Combined TRACON& Tower with Radar,126,48,23,0,197,0,3,36,2,41,126,51,59,2,238,40,0,40,278
04/15/2005,GEG,WA,ANM,WE,Combined TRACON& Tower with Radar,119,55,28,0,202,0,2,44,10,56,119,57,72,10,258,52,0,52,310
04/16/2005,GEG,WA,ANM,WE,Combined TRACON& Tower with Radar,99,36,10,0,145,0,0,13,0,13,99,36,23,0,158,0,0,0,158
04/17/2005,GEG,WA,ANM,WE,Combined TRACON& Tower with Radar,94,22,3,0,119,0,0,5,2,7,94,22,8,2,126,0,0,0,126
04/18/2005,GEG,WA,ANM,WE,Combined TRACON& Tower with Radar,112,48,29,0,189,0,4,16,0,20,112,52,45,0,209,24,0,24,233
04/19/2005,GEG,WA,ANM,WE,Combined TRACON& Tower with Radar,115,58,13,0,186,0,4,52,4,60,115,62,65,4,246,102,0,102,348
04/20/2005,GEG,WA,ANM,WE,Combined TRACON& Tower with Radar,120,57,36,0,213,0,8,46,2,56,120,65,82,2,269,76,0,76,345
04/21/2005,GEG,WA,ANM,WE,Combined TRACON& Tower with Radar,123,32,36,0,191,0,1,60,0,61,123,33,96,0,252,56,0,56,308
04/22/2005,GEG,WA,ANM,WE,Combined TRACON& Tower with Radar,114,53,32,0,199,0,7,53,0,60,114,60,85,0,259,86,6,92,351
04/23/2005,GEG,WA,ANM,WE,Combined TRACON& Tower with Radar,98,30,20,1,149,0,5,28,1,34,98,35,48,2,183,54,0,54,237
04/24/2005,GEG,WA,ANM,WE,Combined TRACON& Tower with Radar,106,18,19,0,143,0,0,33,0,33,106,18,52,0,176,66,0,66,242
04/25/2005,GEG,WA,ANM,WE,Combined TRACON& Tower with Radar,106,48,41,0,195,0,4,72,0,76,106,52,113,0,271,90,0,90,361
04/26/2005,GEG,WA,ANM,WE,Combined TRACON& Tower with Radar,122,47,36,0,205,0,8,69,0,77,122,55,105,0,282,168,0,168,450
04/27/2005,GEG,WA,ANM,WE,Combined TRACON& Tower with Radar,127,65,28,1,221,0,6,31,3,40,127,71,59,4,261,42,0,42,303
04/28/2005,GEG,WA,ANM,WE,Combined TRACON& Tower with Radar,121,57,33,0,211,0,5,64,0,69,121,62,97,0,280,56,0,56,336
04/29/2005,GEG,WA,ANM,WE,Combined TRACON& Tower with Radar,126,54,28,0,208,0,5,60,0,65,126,59,88,0,273,85,0,85,358
04/30/2005,GEG,WA,ANM,WE,Combined TRACON& Tower with Radar,96,33,30,0,159,0,1,38,5,44,96,34,68,5,203,42,0,42,245
05/01/2005,GEG,WA,ANM,WE,Combined TRACON& Tower with Radar,100,22,24,0,146,0,0,27,3,30,100,22,51,3,176,66,0,66,242
05/02/2005,GEG,WA,ANM,WE,Combined TRACON& Tower with Radar,117,54,20,0,191,0,7,33,0,40,117,61,53,0,231,76,0,76,307
05/03/2005,GEG,WA,ANM,WE,Combined TRACON& Tower with Radar,134,63,21,0,218,0,7,27,2,36,134,70,48,2,254,153,0,153,407
05/04/2005,GEG,WA,ANM,WE,Combined TRACON& Tower with Radar,123,60,34,0,217,0,0,38,2,40,123,60,72,2,257,94,0,94,351
05/05/2005,GEG,WA,ANM,WE,Combined TRACON& Tower with Radar,136,45,25,0,206,0,3,50,2,55,136,48,75,2,261,108,0,108,369
05/06/2005,GEG,WA,ANM,WE,Combined TRACON& Tower with Radar,120,50,19,0,189,0,5,42,5,52,120,55,61,5,241,20,0,20,261
05/07/2005,GEG,WA,ANM,WE,Combined TRACON& Tower with Radar,96,34,35,0,165,0,0,11,1,12,96,34,46,1,177,48,0,48,225
05/08/2005,GEG,WA,ANM,WE,Combined TRACON& Tower with Radar,98,28,12,0,138,0,0,36,6,42,98,28,48,6,180,24,0,24,204
05/09/2005,GEG,WA,ANM,WE,Combined TRACON& Tower with Radar,122,60,19,0,201,0,3,24,0,27,122,63,43,0,228,2,0,2,230
05/10/2005,GEG,WA,ANM,WE,Combined TRACON& Tower with Radar,131,58,14,0,203,0,0,21,0,21,131,58,35,0,224,32,0,32,256
05/11/2005,GEG,WA,ANM,WE,Combined TRACON& Tower with Radar,132,74,26,0,232,0,6,62,0,68,132,80,88,0,300,48,0,48,348
05/12/2005,GEG,WA,ANM,WE,Combined TRACON& Tower with Radar,132,51,23,2,208,0,12,69,2,83,132,63,92,4,291,72,0,72,363
05/13/2005,GEG,WA,ANM,WE,Combined TRACON& Tower with Radar,104,52,26,0,182,0,0,0,0,0,104,52,26,0,182,24,4,28,210
05/14/2005,GEG,WA,ANM,WE,Combined TRACON& Tower with Radar,116,48,12,0,176,0,0,14,0,14,116,48,26,0,190,10,0,10,200
05/15/2005,GEG,WA,ANM,WE,Combined TRACON& Tower with Radar,104,27,18,1,150,0,0,8,1,9,104,27,26,2,159,8,0,8,167
05/16/2005,GEG,WA,ANM,WE,Combined TRACON& Tower with Radar,120,53,18,3,194,0,4,16,0,20,120,57,34,3,214,16,0,16,230
05/17/2005,GEG,WA,ANM,WE,Combined TRACON& Tower with Radar,126,57,17,0,200,0,3,35,0,38,126,60,52,0,238,126,2,128,366
05/18/2005,GEG,WA,ANM,WE,Combined TRACON& Tower with Radar,127,60,11,2,200,0,4,30,6,40,127,64,41,8,240,32,0,32,272
05/19/2005,GEG,WA,ANM,WE,Combined TRACON& Tower with Radar,113,60,9,0,182,0,5,26,0,31,113,65,35,0,213,40,6,46,259
05/20/2005,GEG,WA,ANM,WE,Combined TRACON& Tower with Radar,123,60,22,0,205,0,3,12,1,16,123,63,34,1,221,62,0,62,283
05/21/2005,GEG,WA,ANM,WE,Combined TRACON& Tower with Radar,99,30,19,0,148,0,0,0,0,0,99,30,19,0,148,28,0,28,176
05/22/2005,GEG,WA,ANM,WE,Combined TRACON& Tower with Radar,108,28,8,0,144,0,0,20,0,20,108,28,28,0,164,28,0,28,192
05/23/2005,GEG,WA,ANM,WE,Combined TRACON& Tower with Radar,108,49,20,2,179,0,9,47,0,56,108,58,67,2,235,14,0,14,249
05/24/2005,GEG,WA,ANM,WE,Combined TRACON& Tower with Radar,146,51,27,0,224,0,1,5,3,9,146,52,32,3,233,142,0,142,375
05/25/2005,GEG,WA,ANM,WE,Combined TRACON& Tower with Radar,128,51,19,0,198,0,11,62,0,73,128,62,81,0,271,54,0,54,325
05/26/2005,GEG,WA,ANM,WE,Combined TRACON& Tower with Radar,122,55,16,0,193,0,8,49,0,57,122,63,65,0,250,136,0,136,386
05/27/2005,GEG,WA,ANM,WE,Combined TRACON& Tower with Radar,112,52,12,0,176,0,0,0,0,0,112,52,12,0,176,60,0,60,236
05/28/2005,GEG,WA,ANM,WE,Combined TRACON& Tower with Radar,110,38,28,4,180,0,2,37,0,39,110,40,65,4,219,56,0,56,275
05/29/2005,GEG,WA,ANM,WE,Combined TRACON& Tower with Radar,96,23,14,0,133,0,0,25,0,25,96,23,39,0,158,36,0,36,194
05/30/2005,GEG,WA,ANM,WE,Combined TRACON& Tower with Radar,102,31,20,1,154,0,0,59,0,59,102,31,79,1,213,38,0,38,251
05/31/2005,GEG,WA,ANM,WE,Combined TRACON& Tower with Radar,118,54,19,6,197,0,8,28,0,36,118,62,47,6,233,40,0,40,273
06/01/2005,GEG,WA,ANM,WE,Combined TRACON& Tower with Radar,130,62,9,12,213,0,7,32,0,39,130,69,41,12,252,38,14,52,304
06/02/2005,GEG,WA,ANM,WE,Combined TRACON& Tower with Radar,132,79,36,8,255,1,3,28,0,32,133,82,64,8,287,116,3,119,406
06/03/2005,GEG,WA,ANM,WE,Combined TRACON& Tower with Radar,145,41,30,4,220,0,0,0,0,0,145,41,30,4,220,60,0,60,280
06/04/2005,GEG,WA,ANM,WE,Combined TRACON& Tower with Radar,94,63,17,0,174,0,2,40,7,49,94,65,57,7,223,82,4,86,309
06/05/2005,GEG,WA,ANM,WE,Combined TRACON& Tower with Radar,111,35,15,0,161,0,0,7,0,7,111,35,22,0,168,0,0,0,168
06/06/2005,GEG,WA,ANM,WE,Combined TRACON& Tower with Radar,108,54,13,0,175,0,10,44,0,54,108,64,57,0,229,44,0,44,273
06/07/2005,GEG,WA,ANM,WE,Combined TRACON& Tower with Radar,128,68,24,3,223,0,5,23,7,35,128,73,47,10,258,82,2,84,342
06/08/2005,GEG,WA,ANM,WE,Combined TRACON& Tower with Radar,122,61,22,0,205,0,5,35,7,47,122,66,57,7,252,63,6,69,321
06/09/2005,GEG,WA,ANM,WE,Combined TRACON& Tower with Radar,125,64,27,0,216,0,4,54,9,67,125,68,81,9,283,38,0,38,321
06/10/2005,GEG,WA,ANM,WE,Combined TRACON& Tower with Radar,117,60,20,0,197,0,6,45,1,52,117,66,65,1,249,56,0,56,305
06/11/2005,GEG,WA,ANM,WE,Combined TRACON& Tower with Radar,108,36,35,3,182,0,0,29,0,29,108,36,64,3,211,122,0,122,333
06/12/2005,GEG,WA,ANM,WE,Combined TRACON& Tower with Radar,107,26,10,2,145,0,0,26,0,26,107,26,36,2,171,8,0,8,179
06/13/2005,GEG,WA,ANM,WE,Combined TRACON& Tower with Radar,111,49,18,0,178,0,12,44,0,56,111,61,62,0,234,22,2,24,258
06/14/2005,GEG,WA,ANM,WE,Combined TRACON& Tower with Radar,126,62,21,0,209,0,2,24,1,27,126,64,45,1,236,108,0,108,344
06/15/2005,GEG,WA,ANM,WE,Combined TRACON& Tower with Radar,146,65,19,0,230,0,6,37,0,43,146,71,56,0,273,30,6,36,309
06/16/2005,GEG,WA,ANM,WE,Combined TRACON& Tower with Radar,123,71,19,0,213,0,5,46,2,53,123,76,65,2,266,32,0,32,298
06/17/2005,GEG,WA,ANM,WE,Combined TRACON& Tower with Radar,115,74,29,1,219,0,4,27,1,32,115,78,56,2,251,18,0,18,269
06/18/2005,GEG,WA,ANM,WE,Combined TRACON& Tower with Radar,111,39,26,0,176,0,1,14,0,15,111,40,40,0,191,58,0,58,249
06/19/2005,GEG,WA,ANM,WE,Combined TRACON& Tower with Radar,112,25,6,2,145,0,0,0,0,0,112,25,6,2,145,2,0,2,147
06/20/2005,GEG,WA,ANM,WE,Combined TRACON& Tower with Radar,108,54,27,0,189,0,10,63,0,73,108,64,90,0,262,24,0,24,286
06/21/2005,GEG,WA,ANM,WE,Combined TRACON& Tower with Radar,124,65,19,0,208,0,6,53,0,59,124,71,72,0,267,20,0,20,287
06/22/2005,GEG,WA,ANM,WE,Combined TRACON& Tower with Radar,131,56,24,0,211,0,4,61,59,124,131,60,85,59,335,30,0,30,365
06/23/2005,GEG,WA,ANM,WE,Combined TRACON& Tower with Radar,127,59,21,0,207,0,7,64,0,71,127,66,85,0,278,82,2,84,362
06/24/2005,GEG,WA,ANM,WE,Combined TRACON& Tower with Radar,118,55,16,1,190,0,13,49,3,65,118,68,65,4,255,56,8,64,319
06/25/2005,GEG,WA,ANM,WE,Combined TRACON& Tower with Radar,104,38,13,0,155,0,1,31,0,32,104,39,44,0,187,38,0,38,225
06/26/2005,GEG,WA,ANM,WE,Combined TRACON& Tower with Radar,105,24,7,0,136,0,0,47,0,47,105,24,54,0,183,4,0,4,187
06/27/2005,GEG,WA,ANM,WE,Combined TRACON& Tower with Radar,111,58,34,3,206,0,0,7,0,7,111,58,41,3,213,8,0,8,221
06/28/2005,GEG,WA,ANM,WE,Combined TRACON& Tower with Radar,119,62,27,0,208,0,1,12,0,13,119,63,39,0,221,16,0,16,237
06/29/2005,GEG,WA,ANM,WE,Combined TRACON& Tower with Radar,124,59,23,1,207,0,9,49,2,60,124,68,72,3,267,38,0,38,305
06/30/2005,GEG,WA,ANM,WE,Combined TRACON& Tower with Radar,128,53,20,3,204,0,6,62,0,68,128,59,82,3,272,62,0,62,334
07/01/2005,GEG,WA,ANM,WE,Combined TRACON& Tower with Radar,117,63,26,0,206,0,13,53,3,69,117,76,79,3,275,32,0,32,307
07/02/2005,GEG,WA,ANM,WE,Combined TRACON& Tower with Radar,114,41,17,1,173,0,2,32,0,34,114,43,49,1,207,40,0,40,247
07/03/2005,GEG,WA,ANM,WE,Combined TRACON& Tower with Radar,102,21,13,0,136,0,0,21,0,21,102,21,34,0,157,16,0,16,173
07/04/2005,GEG,WA,ANM,WE,Combined TRACON& Tower with Radar,0,0,0,0,0,0,0,0,8,8,0,0,0,8,8,700,0,700,708
07/05/2005,GEG,WA,ANM,WE,Combined TRACON& Tower with Radar,107,54,11,6,178,0,8,70,0,78,107,62,81,6,256,34,0,34,290
07/06/2005,GEG,WA,ANM,WE,Combined TRACON& Tower with Radar,158,79,26,0,263,0,6,46,0,52,158,85,72,0,315,26,0,26,341
07/07/2005,GEG,WA,ANM,WE,Combined TRACON& Tower with Radar,128,70,26,15,239,0,8,75,1,84,128,78,101,16,323,70,40,110,433
07/08/2005,GEG,WA,ANM,WE,Combined TRACON& Tower with Radar,109,68,28,3,208,0,5,39,1,45,109,73,67,4,253,38,8,46,299
07/09/2005,GEG,WA,ANM,WE,Combined TRACON& Tower with Radar,115,45,19,2,181,0,0,10,0,10,115,45,29,2,191,22,0,22,213
07/10/2005,GEG,WA,ANM,WE,Combined TRACON& Tower with Radar,106,33,18,5,162,0,0,11,1,12,106,33,29,6,174,8,4,12,186
07/11/2005,GEG,WA,ANM,WE,Combined TRACON& Tower with Radar,116,52,20,0,188,0,12,48,0,60,116,64,68,0,248,108,0,108,356
07/12/2005,GEG,WA,ANM,WE,Combined TRACON& Tower with Radar,124,63,27,0,214,0,4,65,1,70,124,67,92,1,284,72,0,72,356
07/13/2005,GEG,WA,ANM,WE,Combined TRACON& Tower with Radar,119,59,29,0,207,0,5,59,1,65,119,64,88,1,272,56,2,58,330
07/14/2005,GEG,WA,ANM,WE,Combined TRACON& Tower with Radar,125,69,41,0,235,0,5,52,2,59,125,74,93,2,294,54,0,54,348
07/15/2005,GEG,WA,ANM,WE,Combined TRACON& Tower with Radar,123,65,37,4,229,0,5,60,0,65,123,70,97,4,294,34,0,34,328
07/16/2005,GEG,WA,ANM,WE,Combined TRACON& Tower with Radar,121,36,11,0,168,0,7,36,11,54,121,43,47,11,222,42,0,42,264
07/17/2005,GEG,WA,ANM,WE,Combined TRACON& Tower with Radar,98,31,22,4,155,0,0,60,0,60,98,31,82,4,215,46,0,46,261
07/18/2005,GEG,WA,ANM,WE,Combined TRACON& Tower with Radar,115,47,12,0,174,0,6,43,0,49,115,53,55,0,223,42,0,42,265
07/19/2005,GEG,WA,ANM,WE,Combined TRACON& Tower with Radar,127,57,14,13,211,0,16,33,1,50,127,73,47,14,261,34,0,34,295
07/20/2005,GEG,WA,ANM,WE,Combined TRACON& Tower with Radar,120,62,19,0,201,0,16,68,13,97,120,78,87,13,298,40,16,56,354
07/21/2005,GEG,WA,ANM,WE,Combined TRACON& Tower with Radar,135,57,14,0,206,0,12,67,2,81,135,69,81,2,287,36,0,36,323
07/22/2005,GEG,WA,ANM,WE,Combined TRACON& Tower with Radar,121,60,17,2,200,0,7,29,18,54,121,67,46,20,254,34,0,34,288
07/23/2005,GEG,WA,ANM,WE,Combined TRACON& Tower with Radar,99,35,14,0,148,0,2,50,0,52,99,37,64,0,200,64,0,64,264
07/24/2005,GEG,WA,ANM,WE,Combined TRACON& Tower with Radar,110,38,19,0,167,0,0,40,0,40,110,38,59,0,207,42,0,42,249
07/25/2005,GEG,WA,ANM,WE,Combined TRACON& Tower with Radar,111,53,23,0,187,0,13,46,0,59,111,66,69,0,246,50,0,50,296
07/26/2005,GEG,WA,ANM,WE,Combined TRACON& Tower with Radar,127,59,15,0,201,0,10,85,1,96,127,69,100,1,297,80,0,80,377
07/27/2005,GEG,WA,ANM,WE,Combined TRACON& Tower with Radar,126,72,21,0,219,2,14,4,6,26,128,86,25,6,245,16,0,16,261
07/28/2005,GEG,WA,ANM,WE,Combined TRACON& Tower with Radar,126,53,27,0,206,0,9,70,38,117,126,62,97,38,323,0,0,0,323
07/29/2005,GEG,WA,ANM,WE,Combined TRACON& Tower with Radar,123,57,10,0,190,0,9,54,0,63,123,66,64,0,253,18,0,18,271
07/30/2005,GEG,WA,ANM,WE,Combined TRACON& Tower with Radar,110,39,21,4,174,0,1,43,0,44,110,40,64,4,218,58,0,58,276
07/31/2005,GEG,WA,ANM,WE,Combined TRACON& Tower with Radar,116,32,27,3,178,0,0,47,0,47,116,32,74,3,225,10,0,10,235
08/01/2005,GEG,WA,ANM,WE,Combined TRACON& Tower with Radar,111,63,15,18,207,0,13,54,0,67,111,76,69,18,274,44,0,44,318
08/02/2005,GEG,WA,ANM,WE,Combined TRACON& Tower with Radar,115,59,25,0,199,0,2,59,0,61,115,61,84,0,260,32,0,32,292
08/03/2005,GEG,WA,ANM,WE,Combined TRACON& Tower with Radar,121,55,36,15,227,0,12,69,0,81,121,67,105,15,308,42,0,42,350
08/04/2005,GEG,WA,ANM,WE,Combined TRACON& Tower with Radar,127,60,37,0,224,0,15,48,5,68,127,75,85,5,292,60,0,60,352
08/05/2005,GEG,WA,ANM,WE,Combined TRACON& Tower with Radar,117,61,38,4,220,0,9,70,0,79,117,70,108,4,299,50,0,50,349
08/06/2005,GEG,WA,ANM,WE,Combined TRACON& Tower with Radar,119,42,20,0,181,0,6,39,0,45,119,48,59,0,226,80,0,80,306
08/07/2005,GEG,WA,ANM,WE,Combined TRACON& Tower with Radar,107,30,13,0,150,0,0,38,1,39,107,30,51,1,189,0,0,0,189
08/08/2005,GEG,WA,ANM,WE,Combined TRACON& Tower with Radar,106,58,20,2,186,0,9,43,0,52,106,67,63,2,238,36,0,36,274
08/09/2005,GEG,WA,ANM,WE,Combined TRACON& Tower with Radar,119,63,19,8,209,0,4,38,1,43,119,67,57,9,252,52,8,60,312
08/10/2005,GEG,WA,ANM,WE,Combined TRACON& Tower with Radar,138,65,34,1,238,0,7,44,0,51,138,72,78,1,289,102,16,118,407
08/11/2005,GEG,WA,ANM,WE,Combined TRACON& Tower with Radar,129,60,24,2,215,0,1,53,1,55,129,61,77,3,270,70,0,70,340
08/12/2005,GEG,WA,ANM,WE,Combined TRACON& Tower with Radar,130,62,31,0,223,0,1,44,0,45,130,63,75,0,268,36,0,36,304
08/13/2005,GEG,WA,ANM,WE,Combined TRACON& Tower with Radar,111,43,22,0,176,0,1,35,0,36,111,44,57,0,212,54,0,54,266
08/14/2005,GEG,WA,ANM,WE,Combined TRACON& Tower with Radar,101,33,20,0,154,0,1,47,0,48,101,34,67,0,202,16,0,16,218
08/15/2005,GEG,WA,ANM,WE,Combined TRACON& Tower with Radar,122,56,16,0,194,6,6,56,0,68,128,62,72,0,262,82,0,82,344
08/16/2005,GEG,WA,ANM,WE,Combined TRACON& Tower with Radar,119,64,14,0,197,0,6,35,0,41,119,70,49,0,238,22,0,22,260
08/17/2005,GEG,WA,ANM,WE,Combined TRACON& Tower with Radar,123,68,22,0,213,0,6,15,0,21,123,74,37,0,234,16,0,16,250
08/18/2005,GEG,WA,ANM,WE,Combined TRACON& Tower with Radar,136,51,19,1,207,0,7,33,0,40,136,58,52,1,247,26,0,26,273
08/19/2005,GEG,WA,ANM,WE,Combined TRACON& Tower with Radar,135,59,14,23,231,0,3,35,3,41,135,62,49,26,272,12,2,14,286
08/20/2005,GEG,WA,ANM,WE,Combined TRACON& Tower with Radar,108,37,19,2,166,0,2,25,2,29,108,39,44,4,195,68,0,68,263
08/21/2005,GEG,WA,ANM,WE,Combined TRACON& Tower with Radar,94,28,17,2,141,0,0,41,0,41,94,28,58,2,182,18,0,18,200
08/22/2005,GEG,WA,ANM,WE,Combined TRACON& Tower with Radar,122,48,16,1,187,0,8,26,0,34,122,56,42,1,221,0,0,0,221
08/23/2005,GEG,WA,ANM,WE,Combined TRACON& Tower with Radar,118,51,22,0,191,0,2,33,0,35,118,53,55,0,226,54,0,54,280
08/24/2005,GEG,WA,ANM,WE,Combined TRACON& Tower with Radar,132,59,33,2,226,0,5,45,1,51,132,64,78,3,277,92,0,92,369
08/25/2005,GEG,WA,ANM,WE,Combined TRACON& Tower with Radar,120,60,20,16,216,0,8,47,0,55,120,68,67,16,271,26,0,26,297
08/26/2005,GEG,WA,ANM,WE,Combined TRACON& Tower with Radar,125,60,21,12,218,0,4,62,0,66,125,64,83,12,284,56,16,72,356
08/27/2005,GEG,WA,ANM,WE,Combined TRACON& Tower with Radar,105,41,26,0,172,0,0,56,0,56,105,41,82,0,228,50,0,50,278
08/28/2005,GEG,WA,ANM,WE,Combined TRACON& Tower with Radar,101,29,9,0,139,0,0,0,0,0,101,29,9,0,139,32,0,32,171
08/29/2005,GEG,WA,ANM,WE,Combined TRACON& Tower with Radar,113,57,16,0,186,0,6,17,0,23,113,63,33,0,209,6,0,6,215
08/30/2005,GEG,WA,ANM,WE,Combined TRACON& Tower with Radar,123,6,20,0,149,0,4,61,1,66,123,10,81,1,215,74,0,74,289
08/31/2005,GEG,WA,ANM,WE,Combined TRACON& Tower with Radar,115,58,30,16,219,0,6,69,3,78,115,64,99,19,297,94,0,94,391
09/01/2005,GEG,WA,ANM,WE,Combined TRACON& Tower with Radar,129,55,13,1,198,0,6,62,0,68,129,61,75,1,266,48,0,48,314
09/02/2005,GEG,WA,ANM,WE,Combined TRACON& Tower with Radar,116,53,13,0,182,0,5,52,0,57,116,58,65,0,239,18,0,18,257
09/03/2005,GEG,WA,ANM,WE,Combined TRACON& Tower with Radar,105,40,36,0,181,0,3,32,1,36,105,43,68,1,217,54,0,54,271
09/04/2005,GEG,WA,ANM,WE,Combined TRACON& Tower with Radar,83,21,16,0,120,0,0,20,0,20,83,21,36,0,140,12,0,12,152
09/05/2005,GEG,WA,ANM,WE,Combined TRACON& Tower with Radar,0,0,0,0,0,0,0,0,0,0,0,0,0,0,0,46,0,46,46
09/06/2005,GEG,WA,ANM,WE,Combined TRACON& Tower with Radar,103,43,15,1,162,0,16,69,0,85,103,59,84,1,247,32,0,32,279
09/07/2005,GEG,WA,ANM,WE,Combined TRACON& Tower with Radar,117,62,24,16,219,0,2,57,10,69,117,64,81,26,288,94,28,122,410
09/08/2005,GEG,WA,ANM,WE,Combined TRACON& Tower with Radar,125,66,11,1,203,0,2,43,0,45,125,68,54,1,248,60,0,60,308
09/09/2005,GEG,WA,ANM,WE,Combined TRACON& Tower with Radar,100,63,16,0,179,0,4,30,1,35,100,67,46,1,214,56,0,56,270
09/10/2005,GEG,WA,ANM,WE,Combined TRACON& Tower with Radar,111,33,21,0,165,0,1,22,0,23,111,34,43,0,188,52,0,52,240
09/11/2005,GEG,WA,ANM,WE,Combined TRACON& Tower with Radar,100,29,24,2,155,0,0,22,0,22,100,29,46,2,177,40,0,40,217
09/12/2005,GEG,WA,ANM,WE,Combined TRACON& Tower with Radar,109,57,14,0,180,0,2,25,2,29,109,59,39,2,209,56,0,56,265
09/13/2005,GEG,WA,ANM,WE,Combined TRACON& Tower with Radar,119,68,16,0,203,0,7,39,1,47,119,75,55,1,250,50,0,50,300
09/14/2005,GEG,WA,ANM,WE,Combined TRACON& Tower with Radar,122,57,35,0,214,0,8,67,6,81,122,65,102,6,295,50,0,50,345
09/15/2005,GEG,WA,ANM,WE,Combined TRACON& Tower with Radar,122,64,13,0,199,0,6,64,0,70,122,70,77,0,269,94,0,94,363
09/16/2005,GEG,WA,ANM,WE,Combined TRACON& Tower with Radar,126,74,29,0,229,0,8,47,6,61,126,82,76,6,290,84,0,84,374
09/17/2005,GEG,WA,ANM,WE,Combined TRACON& Tower with Radar,97,44,7,0,148,0,3,34,0,37,97,47,41,0,185,146,0,146,331
09/18/2005,GEG,WA,ANM,WE,Combined TRACON& Tower with Radar,98,23,11,0,132,0,1,24,0,25,98,24,35,0,157,32,0,32,189
09/19/2005,GEG,WA,ANM,WE,Combined TRACON& Tower with Radar,111,48,12,0,171,0,8,39,0,47,111,56,51,0,218,44,0,44,262
09/20/2005,GEG,WA,ANM,WE,Combined TRACON& Tower with Radar,119,54,19,0,192,0,12,53,0,65,119,66,72,0,257,130,0,130,387
09/21/2005,GEG,WA,ANM,WE,Combined TRACON& Tower with Radar,118,58,38,0,214,0,12,65,36,113,118,70,103,36,327,108,0,108,435
09/22/2005,GEG,WA,ANM,WE,Combined TRACON& Tower with Radar,118,64,28,0,210,0,7,65,0,72,118,71,93,0,282,74,0,74,356
09/23/2005,GEG,WA,ANM,WE,Combined TRACON& Tower with Radar,107,57,9,0,173,0,4,63,3,70,107,61,72,3,243,78,0,78,321
09/24/2005,GEG,WA,ANM,WE,Combined TRACON& Tower with Radar,123,35,33,0,191,0,1,62,0,63,123,36,95,0,254,58,0,58,312
09/25/2005,GEG,WA,ANM,WE,Combined TRACON& Tower with Radar,97,32,9,0,138,0,0,24,0,24,97,32,33,0,162,10,2,12,174
09/26/2005,GEG,WA,ANM,WE,Combined TRACON& Tower with Radar,108,54,5,5,172,0,9,61,0,70,108,63,66,5,242,118,2,120,362
09/27/2005,GEG,WA,ANM,WE,Combined TRACON& Tower with Radar,121,55,21,2,199,0,5,62,0,67,121,60,83,2,266,44,0,44,310
09/28/2005,GEG,WA,ANM,WE,Combined TRACON& Tower with Radar,120,64,11,0,195,0,606,89,0,695,120,670,100,0,890,134,0,134,1024
09/29/2005,GEG,WA,ANM,WE,Combined TRACON& Tower with Radar,127,76,36,0,239,0,1,17,0,18,127,77,53,0,257,84,0,84,341
09/30/2005,GEG,WA,ANM,WE,Combined TRACON& Tower with Radar,121,64,28,0,213,0,2,18,0,20,121,66,46,0,233,106,0,106,339
10/01/2005,GEG,WA,ANM,WE,Combined TRACON& Tower with Radar,98,41,14,0,153,0,0,9,0,9,98,41,23,0,162,52,0,52,214
10/02/2005,GEG,WA,ANM,WE,Combined TRACON& Tower with Radar,100,25,5,0,130,0,0,15,0,15,100,25,20,0,145,50,0,50,195
10/03/2005,GEG,WA,ANM,WE,Combined TRACON& Tower with Radar,110,50,20,0,180,0,2,13,0,15,110,52,33,0,195,44,0,44,239
10/04/2005,GEG,WA,ANM,WE,Combined TRACON& Tower with Radar,124,58,19,0,201,0,1,31,0,32,124,59,50,0,233,60,0,60,293
10/05/2005,GEG,WA,ANM,WE,Combined TRACON& Tower with Radar,120,60,27,1,208,0,6,66,2,74,120,66,93,3,282,48,0,48,330
10/06/2005,GEG,WA,ANM,WE,Combined TRACON& Tower with Radar,125,53,33,0,211,0,5,55,0,60,125,58,88,0,271,138,0,138,409
10/07/2005,GEG,WA,ANM,WE,Combined TRACON& Tower with Radar,118,63,20,0,201,0,5,41,0,46,118,68,61,0,247,54,0,54,301
10/08/2005,GEG,WA,ANM,WE,Combined TRACON& Tower with Radar,85,23,6,0,114,0,0,10,0,10,85,23,16,0,124,22,0,22,146
10/09/2005,GEG,WA,ANM,WE,Combined TRACON& Tower with Radar,102,19,8,0,129,0,0,27,0,27,102,19,35,0,156,42,0,42,198
10/10/2005,GEG,WA,ANM,WE,Combined TRACON& Tower with Radar,92,44,33,0,169,0,6,31,0,37,92,50,64,0,206,86,0,86,292
10/11/2005,GEG,WA,ANM,WE,Combined TRACON& Tower with Radar,104,61,20,4,189,0,7,49,2,58,104,68,69,6,247,168,0,168,415
10/12/2005,GEG,WA,ANM,WE,Combined TRACON& Tower with Radar,135,65,26,2,228,0,4,51,2,57,135,69,77,4,285,146,0,146,431
10/13/2005,GEG,WA,ANM,WE,Combined TRACON& Tower with Radar,117,57,31,4,209,0,6,36,15,57,117,63,67,19,266,176,12,188,454
10/14/2005,GEG,WA,ANM,WE,Combined TRACON& Tower with Radar,113,47,13,0,173,0,14,45,0,59,113,61,58,0,232,64,0,64,296
10/15/2005,GEG,WA,ANM,WE,Combined TRACON& Tower with Radar,96,21,10,2,129,0,1,61,0,62,96,22,71,2,191,56,0,56,247
10/16/2005,GEG,WA,ANM,WE,Combined TRACON& Tower with Radar,127,31,16,0,174,0,0,28,0,28,127,31,44,0,202,12,0,12,214
10/17/2005,GEG,WA,ANM,WE,Combined TRACON& Tower with Radar,114,48,10,0,172,0,2,31,0,33,114,50,41,0,205,50,0,50,255
10/18/2005,GEG,WA,ANM,WE,Combined TRACON& Tower with Radar,119,61,12,0,192,0,7,57,2,66,119,68,69,2,258,90,0,90,348
10/19/2005,GEG,WA,ANM,WE,Combined TRACON& Tower with Radar,123,61,25,15,224,0,0,18,0,18,123,61,43,15,242,88,0,88,330
10/20/2005,GEG,WA,ANM,WE,Combined TRACON& Tower with Radar,131,59,29,19,238,0,2,38,0,40,131,61,67,19,278,82,0,82,360
10/21/2005,GEG,WA,ANM,WE,Combined TRACON& Tower with Radar,112,51,16,0,179,0,0,0,0,0,112,51,16,0,179,90,0,90,269
10/22/2005,GEG,WA,ANM,WE,Combined TRACON& Tower with Radar,102,38,19,0,159,0,1,48,2,51,102,39,67,2,210,50,0,50,260
10/23/2005,GEG,WA,ANM,WE,Combined TRACON& Tower with Radar,101,19,30,13,163,0,0,38,0,38,101,19,68,13,201,14,10,24,225
10/24/2005,GEG,WA,ANM,WE,Combined TRACON& Tower with Radar,112,47,20,2,181,0,1,15,0,16,112,48,35,2,197,26,0,26,223
10/25/2005,GEG,WA,ANM,WE,Combined TRACON& Tower with Radar,114,65,20,2,201,0,2,43,2,47,114,67,63,4,248,128,0,128,376
10/26/2005,GEG,WA,ANM,WE,Combined TRACON& Tower with Radar,122,56,24,0,202,0,3,11,4,18,122,59,35,4,220,88,0,88,308
10/27/2005,GEG,WA,ANM,WE,Combined TRACON& Tower with Radar,113,60,15,7,195,0,0,24,0,24,113,60,39,7,219,86,8,94,313
10/28/2005,GEG,WA,ANM,WE,Combined TRACON& Tower with Radar,122,62,24,5,213,0,0,18,0,18,122,62,42,5,231,76,0,76,307
10/29/2005,GEG,WA,ANM,WE,Combined TRACON& Tower with Radar,98,37,25,17,177,0,1,14,0,15,98,38,39,17,192,132,0,132,324
10/30/2005,GEG,WA,ANM,WE,Combined TRACON& Tower with Radar,101,26,6,1,134,0,0,7,0,7,101,26,13,1,141,12,0,12,153
10/31/2005,GEG,WA,ANM,WE,Combined TRACON& Tower with Radar,102,54,14,0,170,0,0,2,0,2,102,54,16,0,172,0,0,0,172
11/01/2005,GEG,WA,ANM,WE,Combined TRACON& Tower with Radar,119,61,24,1,205,0,0,3,0,3,119,61,27,1,208,0,0,0,208
11/02/2005,GEG,WA,ANM,WE,Combined TRACON& Tower with Radar,135,70,19,0,224,0,0,0,0,0,135,70,19,0,224,152,0,152,376
11/03/2005,GEG,WA,ANM,WE,Combined TRACON& Tower with Radar,146,61,27,0,234,0,2,26,0,28,146,63,53,0,262,34,0,34,296
11/04/2005,GEG,WA,ANM,WE,Combined TRACON& Tower with Radar,127,60,29,0,216,0,0,21,2,23,127,60,50,2,239,32,4,36,275
11/05/2005,GEG,WA,ANM,WE,Combined TRACON& Tower with Radar,94,33,6,1,134,0,2,12,0,14,94,35,18,1,148,114,0,114,262
11/06/2005,GEG,WA,ANM,WE,Combined TRACON& Tower with Radar,111,17,15,0,143,0,1,16,0,17,111,18,31,0,160,30,0,30,190
11/07/2005,GEG,WA,ANM,WE,Combined TRACON& Tower with Radar,106,59,27,0,192,0,0,7,0,7,106,59,34,0,199,52,0,52,251
11/08/2005,GEG,WA,ANM,WE,Combined TRACON& Tower with Radar,123,51,34,0,208,0,1,35,0,36,123,52,69,0,244,60,0,60,304
11/09/2005,GEG,WA,ANM,WE,Combined TRACON& Tower with Radar,117,70,24,5,216,0,2,54,0,56,117,72,78,5,272,68,0,68,340
11/10/2005,GEG,WA,ANM,WE,Combined TRACON& Tower with Radar,137,72,33,0,242,0,2,52,0,54,137,74,85,0,296,56,2,58,354
11/11/2005,GEG,WA,ANM,WE,Combined TRACON& Tower with Radar,112,49,19,0,180,0,2,39,0,41,112,51,58,0,221,90,0,90,311
11/12/2005,GEG,WA,ANM,WE,Combined TRACON& Tower with Radar,99,30,13,0,142,0,2,36,0,38,99,32,49,0,180,46,0,46,226
11/13/2005,GEG,WA,ANM,WE,Combined TRACON& Tower with Radar,108,21,10,0,139,0,0,0,0,0,108,21,10,0,139,0,0,0,139
11/14/2005,GEG,WA,ANM,WE,Combined TRACON& Tower with Radar,108,45,22,0,175,0,5,45,0,50,108,50,67,0,225,80,0,80,305
11/15/2005,GEG,WA,ANM,WE,Combined TRACON& Tower with Radar,123,65,22,0,210,0,0,40,5,45,123,65,62,5,255,84,0,84,339
11/16/2005,GEG,WA,ANM,WE,Combined TRACON& Tower with Radar,126,63,26,10,225,0,5,15,3,23,126,68,41,13,248,62,6,68,316
11/17/2005,GEG,WA,ANM,WE,Combined TRACON& Tower with Radar,122,61,20,0,203,0,5,5,0,10,122,66,25,0,213,12,0,12,225
11/18/2005,GEG,WA,ANM,WE,Combined TRACON& Tower with Radar,118,52,23,1,194,0,0,0,0,0,118,52,23,1,194,6,0,6,200
11/19/2005,GEG,WA,ANM,WE,Combined TRACON& Tower with Radar,99,27,7,0,133,0,1,4,0,5,99,28,11,0,138,12,0,12,150
11/20/2005,GEG,WA,ANM,WE,Combined TRACON& Tower with Radar,108,29,1,0,138,0,0,0,0,0,108,29,1,0,138,0,0,0,138
11/21/2005,GEG,WA,ANM,WE,Combined TRACON& Tower with Radar,108,57,20,0,185,0,0,0,0,0,108,57,20,0,185,0,0,0,185
11/22/2005,GEG,WA,ANM,WE,Combined TRACON& Tower with Radar,120,74,17,1,212,0,0,0,0,0,120,74,17,1,212,6,0,6,218
11/23/2005,GEG,WA,ANM,WE,Combined TRACON& Tower with Radar,117,80,19,0,216,0,0,0,0,0,117,80,19,0,216,0,0,0,216
11/24/2005,GEG,WA,ANM,WE,Combined TRACON& Tower with Radar,77,16,3,0,96,0,0,0,0,0,77,16,3,0,96,0,0,0,96
11/25/2005,GEG,WA,ANM,WE,Combined TRACON& Tower with Radar,107,54,11,0,172,0,0,0,0,0,107,54,11,0,172,4,0,4,176
11/26/2005,GEG,WA,ANM,WE,Combined TRACON& Tower with Radar,100,33,12,0,145,0,2,14,0,16,100,35,26,0,161,44,0,44,205
11/27/2005,GEG,WA,ANM,WE,Combined TRACON& Tower with Radar,113,20,19,0,152,0,2,25,0,27,113,22,44,0,179,52,0,52,231
11/28/2005,GEG,WA,ANM,WE,Combined TRACON& Tower with Radar,106,60,28,0,194,0,3,26,0,29,106,63,54,0,223,24,0,24,247
11/29/2005,GEG,WA,ANM,WE,Combined TRACON& Tower with Radar,116,63,16,0,195,0,2,0,0,2,116,65,16,0,197,0,0,0,197
11/30/2005,GEG,WA,ANM,WE,Combined TRACON& Tower with Radar,129,70,13,0,212,0,0,0,0,0,129,70,13,0,212,2,0,2,214
12/01/2005,GEG,WA,ANM,WE,Combined TRACON& Tower with Radar,112,67,18,0,197,0,1,6,0,7,112,68,24,0,204,0,0,0,204
12/02/2005,GEG,WA,ANM,WE,Combined TRACON& Tower with Radar,119,65,17,12,213,0,11,3,0,14,119,76,20,12,227,0,2,2,229
12/03/2005,GEG,WA,ANM,WE,Combined TRACON& Tower with Radar,103,25,0,0,128,0,0,0,0,0,103,25,0,0,128,0,0,0,128
12/04/2005,GEG,WA,ANM,WE,Combined TRACON& Tower with Radar,104,20,4,0,128,0,0,0,0,0,104,20,4,0,128,0,0,0,128
12/05/2005,GEG,WA,ANM,WE,Combined TRACON& Tower with Radar,113,63,10,0,186,0,1,0,0,1,113,64,10,0,187,2,0,2,189
12/06/2005,GEG,WA,ANM,WE,Combined TRACON& Tower with Radar,109,48,13,0,170,0,3,57,0,60,109,51,70,0,230,580,0,580,810
12/07/2005,GEG,WA,ANM,WE,Combined TRACON& Tower with Radar,119,66,15,0,200,0,6,44,0,50,119,72,59,0,250,38,0,38,288
12/08/2005,GEG,WA,ANM,WE,Combined TRACON& Tower with Radar,115,65,31,0,211,0,6,44,3,53,115,71,75,3,264,158,0,158,422
12/09/2005,GEG,WA,ANM,WE,Combined TRACON& Tower with Radar,111,53,30,5,199,0,5,41,0,46,111,58,71,5,245,38,0,38,283
12/10/2005,GEG,WA,ANM,WE,Combined TRACON& Tower with Radar,95,43,14,0,152,0,1,30,0,31,95,44,44,0,183,4,0,4,187
12/11/2005,GEG,WA,ANM,WE,Combined TRACON& Tower with Radar,102,8,1,2,113,0,0,0,0,0,102,8,1,2,113,0,0,0,113
12/12/2005,GEG,WA,ANM,WE,Combined TRACON& Tower with Radar,104,40,150,0,294,0,380,60,0,440,104,420,210,0,734,0,0,0,734
12/13/2005,GEG,WA,ANM,WE,Combined TRACON& Tower with Radar,123,60,16,0,199,0,0,0,0,0,123,60,16,0,199,0,0,0,199
12/14/2005,GEG,WA,ANM,WE,Combined TRACON& Tower with Radar,119,57,14,0,190,0,0,0,0,0,119,57,14,0,190,0,0,0,190
12/15/2005,GEG,WA,ANM,WE,Combined TRACON& Tower with Radar,124,64,16,4,208,0,0,27,3,30,124,64,43,7,238,18,26,44,282
12/16/2005,GEG,WA,ANM,WE,Combined TRACON& Tower with Radar,130,58,26,1,215,0,1,0,0,1,130,59,26,1,216,8,0,8,224
12/17/2005,GEG,WA,ANM,WE,Combined TRACON& Tower with Radar,111,31,21,0,163,0,5,47,0,52,111,36,68,0,215,26,0,26,241
12/18/2005,GEG,WA,ANM,WE,Combined TRACON& Tower with Radar,104,16,21,0,141,0,0,22,0,22,104,16,43,0,163,20,0,20,183
12/19/2005,GEG,WA,ANM,WE,Combined TRACON& Tower with Radar,119,54,15,0,188,0,1,9,0,10,119,55,24,0,198,24,0,24,222
12/20/2005,GEG,WA,ANM,WE,Combined TRACON& Tower with Radar,124,58,6,0,188,0,1,6,2,9,124,59,12,2,197,0,0,0,197
12/21/2005,GEG,WA,ANM,WE,Combined TRACON& Tower with Radar,123,65,17,0,205,0,0,0,0,0,123,65,17,0,205,0,0,0,205
12/22/2005,GEG,WA,ANM,WE,Combined TRACON& Tower with Radar,142,84,38,0,264,0,0,3,0,3,142,84,41,0,267,20,0,20,287
12/23/2005,GEG,WA,ANM,WE,Combined TRACON& Tower with Radar,130,62,24,0,216,0,3,24,0,27,130,65,48,0,243,28,0,28,271
12/24/2005,GEG,WA,ANM,WE,Combined TRACON& Tower with Radar,128,43,7,0,178,0,0,2,0,2,128,43,9,0,180,0,0,0,180
12/25/2005,GEG,WA,ANM,WE,Combined TRACON& Tower with Radar,94,20,4,0,118,0,0,2,0,2,94,20,6,0,120,0,0,0,120
12/26/2005,GEG,WA,ANM,WE,Combined TRACON& Tower with Radar,105,28,13,0,146,0,0,0,0,0,105,28,13,0,146,0,0,0,146
12/27/2005,GEG,WA,ANM,WE,Combined TRACON& Tower with Radar,120,68,4,1,193,0,0,4,1,5,120,68,8,2,198,0,0,0,198
12/28/2005,GEG,WA,ANM,WE,Combined TRACON& Tower with Radar,126,78,17,4,225,0,0,0,0,0,126,78,17,4,225,0,0,0,225
12/29/2005,GEG,WA,ANM,WE,Combined TRACON& Tower with Radar,116,70,29,3,218,0,0,3,3,6,116,70,32,6,224,4,0,4,228
12/30/2005,GEG,WA,ANM,WE,Combined TRACON& Tower with Radar,128,55,15,0,198,0,0,0,0,0,128,55,15,0,198,0,0,0,198
12/31/2005,GEG,WA,ANM,WE,Combined TRACON& Tower with Radar,117,39,3,0,159,0,0,2,0,2,117,39,5,0,161,4,0,4,165
01/01/2006,GEG,WA,ANM,WE,Combined TRACON& Tower with Radar,99,18,2,0,119,0,0,10,0,10,99,18,12,0,129,10,0,10,139
01/02/2006,GEG,WA,ANM,WE,Combined TRACON& Tower with Radar,106,26,15,0,147,0,0,0,0,0,106,26,15,0,147,0,0,0,147
01/03/2006,GEG,WA,ANM,WE,Combined TRACON& Tower with Radar,111,75,19,0,205,0,3,13,0,16,111,78,32,0,221,44,0,44,265
01/04/2006,GEG,WA,ANM,WE,Combined TRACON& Tower with Radar,120,55,30,0,205,0,4,30,2,36,120,59,60,2,241,68,0,68,309
01/05/2006,GEG,WA,ANM,WE,Combined TRACON& Tower with Radar,118,66,16,2,202,0,3,31,0,34,118,69,47,2,236,70,6,76,312
01/06/2006,GEG,WA,ANM,WE,Combined TRACON& Tower with Radar,114,63,12,0,189,0,0,9,0,9,114,63,21,0,198,52,0,52,250
01/07/2006,GEG,WA,ANM,WE,Combined TRACON& Tower with Radar,99,30,14,1,144,0,0,2,0,2,99,30,16,1,146,0,0,0,146
01/08/2006,GEG,WA,ANM,WE,Combined TRACON& Tower with Radar,96,25,15,0,136,0,0,15,0,15,96,25,30,0,151,14,0,14,165
01/09/2006,GEG,WA,ANM,WE,Combined TRACON& Tower with Radar,95,62,8,0,165,0,1,3,0,4,95,63,11,0,169,0,0,0,169
01/10/2006,GEG,WA,ANM,WE,Combined TRACON& Tower with Radar,123,66,27,0,216,0,2,1,1,4,123,68,28,1,220,10,0,10,230
01/11/2006,GEG,WA,ANM,WE,Combined TRACON& Tower with Radar,110,68,8,0,186,0,1,18,0,19,110,69,26,0,205,18,0,18,223
01/12/2006,GEG,WA,ANM,WE,Combined TRACON& Tower with Radar,109,71,14,2,196,0,0,15,6,21,109,71,29,8,217,50,0,50,267
01/13/2006,GEG,WA,ANM,WE,Combined TRACON& Tower with Radar,102,64,21,2,189,0,0,11,0,11,102,64,32,2,200,26,0,26,226
01/14/2006,GEG,WA,ANM,WE,Combined TRACON& Tower with Radar,109,39,13,0,161,0,0,0,0,0,109,39,13,0,161,6,0,6,167
01/15/2006,GEG,WA,ANM,WE,Combined TRACON& Tower with Radar,94,24,12,0,130,0,0,27,0,27,94,24,39,0,157,36,0,36,193
01/16/2006,GEG,WA,ANM,WE,Combined TRACON& Tower with Radar,97,44,22,0,163,0,0,16,0,16,97,44,38,0,179,30,0,30,209
01/17/2006,GEG,WA,ANM,WE,Combined TRACON& Tower with Radar,121,69,24,2,216,0,0,0,0,0,121,69,24,2,216,8,0,8,224
01/18/2006,GEG,WA,ANM,WE,Combined TRACON& Tower with Radar,109,65,5,2,181,0,0,1,1,2,109,65,6,3,183,0,14,14,197
01/19/2006,GEG,WA,ANM,WE,Combined TRACON& Tower with Radar,110,74,18,1,203,0,0,0,0,0,110,74,18,1,203,0,0,0,203
01/20/2006,GEG,WA,ANM,WE,Combined TRACON& Tower with Radar,111,63,14,0,188,0,6,17,0,23,111,69,31,0,211,10,2,12,223
01/21/2006,GEG,WA,ANM,WE,Combined TRACON& Tower with Radar,94,25,9,1,129,0,2,1,1,4,94,27,10,2,133,36,0,36,169
01/22/2006,GEG,WA,ANM,WE,Combined TRACON& Tower with Radar,83,29,5,0,117,0,0,0,0,0,83,29,5,0,117,0,0,0,117
01/23/2006,GEG,WA,ANM,WE,Combined TRACON& Tower with Radar,104,67,23,4,198,0,5,32,0,37,104,72,55,4,235,32,4,36,271
01/24/2006,GEG,WA,ANM,WE,Combined TRACON& Tower with Radar,107,63,40,0,210,0,7,28,4,39,107,70,68,4,249,88,0,88,337
01/25/2006,GEG,WA,ANM,WE,Combined TRACON& Tower with Radar,120,30,9,0,159,0,0,0,0,0,120,30,9,0,159,0,0,0,159
01/26/2006,GEG,WA,ANM,WE,Combined TRACON& Tower with Radar,100,60,20,1,181,0,2,8,1,11,100,62,28,2,192,10,0,10,202
01/27/2006,GEG,WA,ANM,WE,Combined TRACON& Tower with Radar,101,61,20,0,182,0,3,11,0,14,101,64,31,0,196,54,0,54,250
01/28/2006,GEG,WA,ANM,WE,Combined TRACON& Tower with Radar,94,49,19,0,162,0,0,3,1,4,94,49,22,1,166,8,0,8,174
01/29/2006,GEG,WA,ANM,WE,Combined TRACON& Tower with Radar,91,27,7,0,125,0,0,3,0,3,91,27,10,0,128,0,0,0,128
01/30/2006,GEG,WA,ANM,WE,Combined TRACON& Tower with Radar,100,51,16,0,167,0,2,6,0,8,100,53,22,0,175,10,4,14,189
01/31/2006,GEG,WA,ANM,WE,Combined TRACON& Tower with Radar,109,55,19,0,183,0,1,19,3,23,109,56,38,3,206,36,4,40,246
02/01/2006,GEG,WA,ANM,WE,Combined TRACON& Tower with Radar,104,66,17,0,187,0,1,11,0,12,104,67,28,0,199,10,14,24,223
02/02/2006,GEG,WA,ANM,WE,Combined TRACON& Tower with Radar,104,64,19,0,187,0,3,20,0,23,104,67,39,0,210,52,0,52,262
02/03/2006,GEG,WA,ANM,WE,Combined TRACON& Tower with Radar,109,57,15,0,181,0,0,19,1,20,109,57,34,1,201,22,4,26,227
02/04/2006,GEG,WA,ANM,WE,Combined TRACON& Tower with Radar,96,36,9,0,141,0,1,1,0,2,96,37,10,0,143,18,0,18,161
02/05/2006,GEG,WA,ANM,WE,Combined TRACON& Tower with Radar,86,34,19,0,139,0,0,15,1,16,86,34,34,1,155,12,0,12,167
02/06/2006,GEG,WA,ANM,WE,Combined TRACON& Tower with Radar,106,57,38,0,201,0,8,49,0,57,106,65,87,0,258,92,0,92,350
02/07/2006,GEG,WA,ANM,WE,Combined TRACON& Tower with Radar,105,60,32,0,197,0,4,65,0,69,105,64,97,0,266,68,0,68,334
02/08/2006,GEG,WA,ANM,WE,Combined TRACON& Tower with Radar,121,63,40,3,227,0,5,66,0,71,121,68,106,3,298,104,0,104,402
02/09/2006,GEG,WA,ANM,WE,Combined TRACON& Tower with Radar,101,66,25,4,196,0,8,52,1,61,101,74,77,5,257,70,0,70,327
02/10/2006,GEG,WA,ANM,WE,Combined TRACON& Tower with Radar,96,73,37,0,206,0,5,46,2,53,96,78,83,2,259,78,0,78,337
02/11/2006,GEG,WA,ANM,WE,Combined TRACON& Tower with Radar,77,41,19,0,137,0,0,55,0,55,77,41,74,0,192,188,0,188,380
02/12/2006,GEG,WA,ANM,WE,Combined TRACON& Tower with Radar,102,26,30,0,158,0,0,41,0,41,102,26,71,0,199,64,4,68,267
02/13/2006,GEG,WA,ANM,WE,Combined TRACON& Tower with Radar,90,67,12,0,169,0,2,3,2,7,90,69,15,2,176,0,0,0,176
02/14/2006,GEG,WA,ANM,WE,Combined TRACON& Tower with Radar,121,67,26,6,220,0,7,37,3,47,121,74,63,9,267,70,18,88,355
02/15/2006,GEG,WA,ANM,WE,Combined TRACON& Tower with Radar,116,17,26,4,163,0,0,38,5,43,116,17,64,9,206,104,14,118,324
02/16/2006,GEG,WA,ANM,WE,Combined TRACON& Tower with Radar,123,61,18,0,202,0,4,6,4,14,123,65,24,4,216,14,10,24,240
02/17/2006,GEG,WA,ANM,WE,Combined TRACON& Tower with Radar,120,60,33,1,214,0,3,19,0,22,120,63,52,1,236,16,8,24,260
02/18/2006,GEG,WA,ANM,WE,Combined TRACON& Tower with Radar,78,33,30,1,142,0,1,0,0,1,78,34,30,1,143,28,0,28,171
02/19/2006,GEG,WA,ANM,WE,Combined TRACON& Tower with Radar,80,37,12,0,129,0,0,14,0,14,80,37,26,0,143,2,0,2,145
02/20/2006,GEG,WA,ANM,WE,Combined TRACON& Tower with Radar,84,51,20,0,155,0,6,25,0,31,84,57,45,0,186,50,0,50,236
02/21/2006,GEG,WA,ANM,WE,Combined TRACON& Tower with Radar,103,72,18,0,193,0,4,36,0,40,103,76,54,0,233,0,0,0,233
02/22/2006,GEG,WA,ANM,WE,Combined TRACON& Tower with Radar,118,72,40,0,230,0,3,21,1,25,118,75,61,1,255,58,0,58,313
02/23/2006,GEG,WA,ANM,WE,Combined TRACON& Tower with Radar,101,55,17,5,178,0,0,5,1,6,101,55,22,6,184,2,0,2,186
02/24/2006,GEG,WA,ANM,WE,Combined TRACON& Tower with Radar,97,73,29,5,204,0,3,46,0,49,97,76,75,5,253,52,0,52,305
02/25/2006,GEG,WA,ANM,WE,Combined TRACON& Tower with Radar,97,36,16,0,149,0,0,39,0,39,97,36,55,0,188,62,0,62,250
02/26/2006,GEG,WA,ANM,WE,Combined TRACON& Tower with Radar,98,20,6,0,124,0,2,23,0,25,98,22,29,0,149,34,0,34,183
02/27/2006,GEG,WA,ANM,WE,Combined TRACON& Tower with Radar,112,53,42,0,207,0,3,8,0,11,112,56,50,0,218,74,0,74,292
02/28/2006,GEG,WA,ANM,WE,Combined TRACON& Tower with Radar,121,64,16,0,201,0,3,3,0,6,121,67,19,0,207,8,0,8,215
03/01/2006,GEG,WA,ANM,WE,Combined TRACON& Tower with Radar,113,59,53,0,225,0,10,47,3,60,113,69,100,3,285,54,0,54,339
03/02/2006,GEG,WA,ANM,WE,Combined TRACON& Tower with Radar,114,76,22,0,212,0,3,26,0,29,114,79,48,0,241,66,0,66,307
03/03/2006,GEG,WA,ANM,WE,Combined TRACON& Tower with Radar,109,55,42,1,207,0,2,26,1,29,109,57,68,2,236,32,0,32,268
03/04/2006,GEG,WA,ANM,WE,Combined TRACON& Tower with Radar,96,26,21,0,143,0,0,36,0,36,96,26,57,0,179,42,0,42,221
03/05/2006,GEG,WA,ANM,WE,Combined TRACON& Tower with Radar,104,22,5,0,131,0,2,26,1,29,104,24,31,1,160,42,0,42,202
03/06/2006,GEG,WA,ANM,WE,Combined TRACON& Tower with Radar,101,61,17,0,179,0,3,18,0,21,101,64,35,0,200,42,0,42,242
03/07/2006,GEG,WA,ANM,WE,Combined TRACON& Tower with Radar,115,59,37,13,224,0,8,15,0,23,115,67,52,13,247,18,0,18,265
03/08/2006,GEG,WA,ANM,WE,Combined TRACON& Tower with Radar,118,65,19,9,211,0,0,5,0,5,118,65,24,9,216,26,0,26,242
03/09/2006,GEG,WA,ANM,WE,Combined TRACON& Tower with Radar,117,72,13,2,204,0,5,26,0,31,117,77,39,2,235,46,0,46,281
03/10/2006,GEG,WA,ANM,WE,Combined TRACON& Tower with Radar,111,63,17,0,191,0,0,15,2,17,111,63,32,2,208,92,0,92,300
03/11/2006,GEG,WA,ANM,WE,Combined TRACON& Tower with Radar,102,39,19,0,160,0,0,44,0,44,102,39,63,0,204,18,0,18,222
03/12/2006,GEG,WA,ANM,WE,Combined TRACON& Tower with Radar,86,16,3,0,105,0,0,27,0,27,86,16,30,0,132,12,0,12,144
03/13/2006,GEG,WA,ANM,WE,Combined TRACON& Tower with Radar,102,51,19,0,172,0,13,36,0,49,102,64,55,0,221,26,0,26,247
03/14/2006,GEG,WA,ANM,WE,Combined TRACON& Tower with Radar,120,63,13,0,196,0,2,5,0,7,120,65,18,0,203,0,0,0,203
03/15/2006,GEG,WA,ANM,WE,Combined TRACON& Tower with Radar,128,56,21,3,208,0,1,35,3,39,128,57,56,6,247,46,2,48,295
03/16/2006,GEG,WA,ANM,WE,Combined TRACON& Tower with Radar,113,57,39,1,210,0,1,36,1,38,113,58,75,2,248,38,0,38,286
03/17/2006,GEG,WA,ANM,WE,Combined TRACON& Tower with Radar,117,52,20,0,189,0,1,8,2,11,117,53,28,2,200,12,0,12,212
03/18/2006,GEG,WA,ANM,WE,Combined TRACON& Tower with Radar,92,28,16,0,136,0,0,6,0,6,92,28,22,0,142,18,0,18,160
03/19/2006,GEG,WA,ANM,WE,Combined TRACON& Tower with Radar,96,27,22,3,148,0,0,41,0,41,96,27,63,3,189,58,0,58,247
03/20/2006,GEG,WA,ANM,WE,Combined TRACON& Tower with Radar,115,47,25,0,187,0,5,38,0,43,115,52,63,0,230,22,0,22,252
03/21/2006,GEG,WA,ANM,WE,Combined TRACON& Tower with Radar,114,88,21,1,224,0,2,34,0,36,114,90,55,1,260,88,0,88,348
03/22/2006,GEG,WA,ANM,WE,Combined TRACON& Tower with Radar,108,66,15,0,189,0,3,35,0,38,108,69,50,0,227,38,0,38,265
03/23/2006,GEG,WA,ANM,WE,Combined TRACON& Tower with Radar,116,61,35,17,229,0,1,48,1,50,116,62,83,18,279,58,28,86,365
03/24/2006,GEG,WA,ANM,WE,Combined TRACON& Tower with Radar,116,63,15,2,196,0,1,11,0,12,116,64,26,2,208,0,0,0,208
03/25/2006,GEG,WA,ANM,WE,Combined TRACON& Tower with Radar,93,35,17,0,145,0,0,2,0,2,93,35,19,0,147,0,0,0,147
03/26/2006,GEG,WA,ANM,WE,Combined TRACON& Tower with Radar,87,32,5,0,124,0,0,15,0,15,87,32,20,0,139,4,0,4,143
03/27/2006,GEG,WA,ANM,WE,Combined TRACON& Tower with Radar,113,51,24,0,188,0,9,60,0,69,113,60,84,0,257,52,0,52,309
03/28/2006,GEG,WA,ANM,WE,Combined TRACON& Tower with Radar,112,112,21,0,245,0,8,28,0,36,112,120,49,0,281,60,0,60,341
03/29/2006,GEG,WA,ANM,WE,Combined TRACON& Tower with Radar,123,78,18,1,220,0,15,30,0,45,123,93,48,1,265,56,2,58,323
03/30/2006,GEG,WA,ANM,WE,Combined TRACON& Tower with Radar,114,61,50,0,225,0,8,50,3,61,114,69,100,3,286,54,0,54,340
03/31/2006,GEG,WA,ANM,WE,Combined TRACON& Tower with Radar,104,57,19,0,180,0,3,19,2,24,104,60,38,2,204,10,0,10,214
04/01/2006,GEG,WA,ANM,WE,Combined TRACON& Tower with Radar,103,25,13,0,141,0,0,3,0,3,103,25,16,0,144,6,0,6,150
04/02/2006,GEG,WA,ANM,WE,Combined TRACON& Tower with Radar,104,19,11,0,134,0,0,34,1,35,104,19,45,1,169,120,0,120,289
04/03/2006,GEG,WA,ANM,WE,Combined TRACON& Tower with Radar,107,59,11,0,177,0,0,15,0,15,107,59,26,0,192,30,0,30,222
04/04/2006,GEG,WA,ANM,WE,Combined TRACON& Tower with Radar,120,58,9,0,187,0,0,0,0,0,120,58,9,0,187,0,6,6,193
04/05/2006,GEG,WA,ANM,WE,Combined TRACON& Tower with Radar,119,57,12,0,188,0,9,14,2,25,119,66,26,2,213,20,0,20,233
04/06/2006,GEG,WA,ANM,WE,Combined TRACON& Tower with Radar,114,50,24,0,188,0,3,39,5,47,114,53,63,5,235,38,4,42,277
04/07/2006,GEG,WA,ANM,WE,Combined TRACON& Tower with Radar,111,62,36,0,209,0,6,44,1,51,111,68,80,1,260,96,0,96,356
04/08/2006,GEG,WA,ANM,WE,Combined TRACON& Tower with Radar,99,35,9,2,145,0,1,7,0,8,99,36,16,2,153,18,0,18,171
04/09/2006,GEG,WA,ANM,WE,Combined TRACON& Tower with Radar,98,27,23,0,148,0,0,10,0,10,98,27,33,0,158,4,0,4,162
04/10/2006,GEG,WA,ANM,WE,Combined TRACON& Tower with Radar,108,51,11,4,174,0,2,7,0,9,108,53,18,4,183,22,0,22,205
04/11/2006,GEG,WA,ANM,WE,Combined TRACON& Tower with Radar,116,56,20,0,192,0,0,30,0,30,116,56,50,0,222,56,4,60,282
04/12/2006,GEG,WA,ANM,WE,Combined TRACON& Tower with Radar,117,59,15,2,193,0,2,34,2,38,117,61,49,4,231,96,18,114,345
04/13/2006,GEG,WA,ANM,WE,Combined TRACON& Tower with Radar,109,62,32,6,209,0,5,38,2,45,109,67,70,8,254,68,8,76,330
04/14/2006,GEG,WA,ANM,WE,Combined TRACON& Tower with Radar,113,61,33,14,221,0,5,15,1,21,113,66,48,15,242,52,32,84,326
04/15/2006,GEG,WA,ANM,WE,Combined TRACON& Tower with Radar,111,31,7,0,149,0,0,1,0,1,111,31,8,0,150,16,4,20,170
04/16/2006,GEG,WA,ANM,WE,Combined TRACON& Tower with Radar,101,17,8,0,126,0,0,19,0,19,101,17,27,0,145,34,0,34,179
04/17/2006,GEG,WA,ANM,WE,Combined TRACON& Tower with Radar,97,55,27,0,179,0,4,29,0,33,97,59,56,0,212,22,0,22,234
04/18/2006,GEG,WA,ANM,WE,Combined TRACON& Tower with Radar,113,59,36,0,208,0,4,50,1,55,113,63,86,1,263,28,0,28,291
04/19/2006,GEG,WA,ANM,WE,Combined TRACON& Tower with Radar,114,59,33,0,206,0,3,70,0,73,114,62,103,0,279,74,0,74,353
04/20/2006,GEG,WA,ANM,WE,Combined TRACON& Tower with Radar,130,61,21,0,212,0,4,71,1,76,130,65,92,1,288,55,0,55,343
04/21/2006,GEG,WA,ANM,WE,Combined TRACON& Tower with Radar,108,81,41,0,230,0,7,48,0,55,108,88,89,0,285,38,0,38,323
04/22/2006,GEG,WA,ANM,WE,Combined TRACON& Tower with Radar,105,36,23,5,169,0,2,55,7,64,105,38,78,12,233,64,0,64,297
04/23/2006,GEG,WA,ANM,WE,Combined TRACON& Tower with Radar,96,31,9,1,137,0,0,30,5,35,96,31,39,6,172,10,0,10,182
04/24/2006,GEG,WA,ANM,WE,Combined TRACON& Tower with Radar,100,52,29,0,181,0,8,42,0,50,100,60,71,0,231,32,0,32,263
04/25/2006,GEG,WA,ANM,WE,Combined TRACON& Tower with Radar,108,59,17,0,184,0,6,48,2,56,108,65,65,2,240,82,0,82,322
04/26/2006,GEG,WA,ANM,WE,Combined TRACON& Tower with Radar,125,55,20,18,218,2,3,55,2,62,127,58,75,20,280,60,8,68,348
04/27/2006,GEG,WA,ANM,WE,Combined TRACON& Tower with Radar,107,57,22,4,190,0,6,75,2,83,107,63,97,6,273,108,0,108,381
04/28/2006,GEG,WA,ANM,WE,Combined TRACON& Tower with Radar,110,62,34,0,206,0,4,55,2,61,110,66,89,2,267,84,6,90,357
04/29/2006,GEG,WA,ANM,WE,Combined TRACON& Tower with Radar,94,30,4,7,135,0,1,38,0,39,94,31,42,7,174,36,8,44,218
04/30/2006,GEG,WA,ANM,WE,Combined TRACON& Tower with Radar,100,22,27,0,149,0,0,24,3,27,100,22,51,3,176,24,0,24,200
05/01/2006,GEG,WA,ANM,WE,Combined TRACON& Tower with Radar,96,60,24,21,201,0,7,24,0,31,96,67,48,21,232,30,12,42,274
05/02/2006,GEG,WA,ANM,WE,Combined TRACON& Tower with Radar,112,53,27,10,202,0,11,62,0,73,112,64,89,10,275,76,4,80,355
05/03/2006,GEG,WA,ANM,WE,Combined TRACON& Tower with Radar,116,64,21,5,206,0,10,55,0,65,116,74,76,5,271,114,6,120,391
05/04/2006,GEG,WA,ANM,WE,Combined TRACON& Tower with Radar,118,55,27,1,201,0,14,81,20,115,118,69,108,21,316,26,0,26,342
05/05/2006,GEG,WA,ANM,WE,Combined TRACON& Tower with Radar,110,50,20,0,180,0,10,66,3,79,110,60,86,3,259,58,0,58,317
05/06/2006,GEG,WA,ANM,WE,Combined TRACON& Tower with Radar,96,24,20,10,150,0,1,33,1,35,96,25,53,11,185,64,0,64,249
05/07/2006,GEG,WA,ANM,WE,Combined TRACON& Tower with Radar,98,20,11,7,136,0,0,9,3,12,98,20,20,10,148,36,2,38,186
05/08/2006,GEG,WA,ANM,WE,Combined TRACON& Tower with Radar,109,43,24,13,189,0,13,27,0,40,109,56,51,13,229,12,4,16,245
05/09/2006,GEG,WA,ANM,WE,Combined TRACON& Tower with Radar,116,48,12,8,184,0,12,59,0,71,116,60,71,8,255,106,12,118,373
05/10/2006,GEG,WA,ANM,WE,Combined TRACON& Tower with Radar,132,55,26,0,213,0,6,64,4,74,132,61,90,4,287,78,0,78,365
05/11/2006,GEG,WA,ANM,WE,Combined TRACON& Tower with Radar,120,48,29,1,198,0,3,49,0,52,120,51,78,1,250,130,0,130,380
05/12/2006,GEG,WA,ANM,WE,Combined TRACON& Tower with Radar,120,64,14,1,199,0,8,31,0,39,120,72,45,1,238,38,2,40,278
05/13/2006,GEG,WA,ANM,WE,Combined TRACON& Tower with Radar,109,31,18,1,159,0,1,55,1,57,109,32,73,2,216,134,6,140,356
05/14/2006,GEG,WA,ANM,WE,Combined TRACON& Tower with Radar,105,9,13,4,131,0,0,39,0,39,105,9,52,4,170,24,0,24,194
05/15/2006,GEG,WA,ANM,WE,Combined TRACON& Tower with Radar,111,55,27,0,193,1,8,51,0,60,112,63,78,0,253,68,0,68,321
05/16/2006,GEG,WA,ANM,WE,Combined TRACON& Tower with Radar,125,53,18,0,196,0,9,41,0,50,125,62,59,0,246,124,6,130,376
05/17/2006,GEG,WA,ANM,WE,Combined TRACON& Tower with Radar,114,52,18,25,209,0,9,55,4,68,114,61,73,29,277,52,14,66,343
05/18/2006,GEG,WA,ANM,WE,Combined TRACON& Tower with Radar,123,46,19,2,190,0,5,63,0,68,123,51,82,2,258,96,0,96,354
05/19/2006,GEG,WA,ANM,WE,Combined TRACON& Tower with Radar,116,56,14,8,194,0,7,37,0,44,116,63,51,8,238,82,20,102,340
05/20/2006,GEG,WA,ANM,WE,Combined TRACON& Tower with Radar,105,42,10,1,158,0,1,9,3,13,105,43,19,4,171,0,0,0,171
05/21/2006,GEG,WA,ANM,WE,Combined TRACON& Tower with Radar,95,26,6,1,128,0,1,29,0,30,95,27,35,1,158,8,6,14,172
05/22/2006,GEG,WA,ANM,WE,Combined TRACON& Tower with Radar,89,49,24,4,166,0,4,18,0,22,89,53,42,4,188,58,10,68,256
05/23/2006,GEG,WA,ANM,WE,Combined TRACON& Tower with Radar,120,50,26,0,196,0,2,35,0,37,120,52,61,0,233,106,0,106,339
05/24/2006,GEG,WA,ANM,WE,Combined TRACON& Tower with Radar,121,50,35,2,208,0,5,48,0,53,121,55,83,2,261,94,0,94,355
05/25/2006,GEG,WA,ANM,WE,Combined TRACON& Tower with Radar,123,53,30,1,207,0,4,44,0,48,123,57,74,1,255,118,0,118,373
05/26/2006,GEG,WA,ANM,WE,Combined TRACON& Tower with Radar,105,49,10,0,164,0,3,29,0,32,105,52,39,0,196,82,0,82,278
05/27/2006,GEG,WA,ANM,WE,Combined TRACON& Tower with Radar,107,32,21,0,160,0,0,18,0,18,107,32,39,0,178,112,0,112,290
05/28/2006,GEG,WA,ANM,WE,Combined TRACON& Tower with Radar,81,13,2,2,98,0,0,2,0,2,81,13,4,2,100,36,0,36,136
05/29/2006,GEG,WA,ANM,WE,Combined TRACON& Tower with Radar,87,22,17,0,126,0,0,29,0,29,87,22,46,0,155,29,0,29,184
05/30/2006,GEG,WA,ANM,WE,Combined TRACON& Tower with Radar,101,38,34,0,173,0,9,48,0,57,101,47,82,0,230,67,0,67,297
05/31/2006,GEG,WA,ANM,WE,Combined TRACON& Tower with Radar,125,57,29,3,214,0,7,69,3,79,125,64,98,6,293,38,4,42,335
06/01/2006,GEG,WA,ANM,WE,Combined TRACON& Tower with Radar,118,56,39,25,238,0,5,51,1,57,118,61,90,26,295,100,18,118,413
06/02/2006,GEG,WA,ANM,WE,Combined TRACON& Tower with Radar,107,54,23,0,184,0,3,23,0,26,107,57,46,0,210,82,0,82,292
06/03/2006,GEG,WA,ANM,WE,Combined TRACON& Tower with Radar,89,23,23,0,135,0,0,51,1,52,89,23,74,1,187,89,0,89,276
06/04/2006,GEG,WA,ANM,WE,Combined TRACON& Tower with Radar,105,23,10,0,138,0,0,7,1,8,105,23,17,1,146,4,0,4,150
06/05/2006,GEG,WA,ANM,WE,Combined TRACON& Tower with Radar,129,42,57,2,230,0,5,54,0,59,129,47,111,2,289,90,0,90,379
06/06/2006,GEG,WA,ANM,WE,Combined TRACON& Tower with Radar,118,45,52,0,215,0,5,63,1,69,118,50,115,1,284,100,0,100,384
06/07/2006,GEG,WA,ANM,WE,Combined TRACON& Tower with Radar,121,45,70,0,236,0,3,52,1,56,121,48,122,1,292,96,6,102,394
06/08/2006,GEG,WA,ANM,WE,Combined TRACON& Tower with Radar,133,54,59,0,246,0,2,38,2,42,133,56,97,2,288,108,0,108,396
06/09/2006,GEG,WA,ANM,WE,Combined TRACON& Tower with Radar,119,49,13,8,189,0,3,46,0,49,119,52,59,8,238,44,0,44,282
06/10/2006,GEG,WA,ANM,WE,Combined TRACON& Tower with Radar,120,38,47,2,207,0,1,4,0,5,120,39,51,2,212,12,0,12,224
06/11/2006,GEG,WA,ANM,WE,Combined TRACON& Tower with Radar,124,20,16,0,160,0,0,37,0,37,124,20,53,0,197,58,0,58,255
06/12/2006,GEG,WA,ANM,WE,Combined TRACON& Tower with Radar,112,58,19,0,189,0,5,36,0,41,112,63,55,0,230,86,0,86,316
06/13/2006,GEG,WA,ANM,WE,Combined TRACON& Tower with Radar,119,51,38,0,208,0,6,39,0,45,119,57,77,0,253,46,0,46,299
06/14/2006,GEG,WA,ANM,WE,Combined TRACON& Tower with Radar,130,67,53,0,250,0,2,10,0,12,130,69,63,0,262,58,0,58,320
06/15/2006,GEG,WA,ANM,WE,Combined TRACON& Tower with Radar,125,52,22,2,201,0,4,55,0,59,125,56,77,2,260,86,0,86,346
06/16/2006,GEG,WA,ANM,WE,Combined TRACON& Tower with Radar,120,62,40,0,222,0,4,61,0,65,120,66,101,0,287,58,0,58,345
06/17/2006,GEG,WA,ANM,WE,Combined TRACON& Tower with Radar,103,29,9,0,141,0,3,45,0,48,103,32,54,0,189,56,0,56,245
06/18/2006,GEG,WA,ANM,WE,Combined TRACON& Tower with Radar,110,16,8,4,138,0,1,42,0,43,110,17,50,4,181,8,0,8,189
06/19/2006,GEG,WA,ANM,WE,Combined TRACON& Tower with Radar,110,48,24,4,186,0,7,44,0,51,110,55,68,4,237,8,4,12,249
06/20/2006,GEG,WA,ANM,WE,Combined TRACON& Tower with Radar,120,60,25,6,211,0,10,65,0,75,120,70,90,6,286,88,7,95,381
06/21/2006,GEG,WA,ANM,WE,Combined TRACON& Tower with Radar,119,56,22,13,210,0,8,47,0,55,119,64,69,13,265,50,8,58,323
06/22/2006,GEG,WA,ANM,WE,Combined TRACON& Tower with Radar,123,59,8,0,190,0,6,79,0,85,123,65,87,0,275,54,0,54,329
06/23/2006,GEG,WA,ANM,WE,Combined TRACON& Tower with Radar,128,65,19,1,213,0,5,69,1,75,128,70,88,2,288,54,6,60,348
06/24/2006,GEG,WA,ANM,WE,Combined TRACON& Tower with Radar,104,49,21,0,174,0,2,48,0,50,104,51,69,0,224,4,0,4,228
06/25/2006,GEG,WA,ANM,WE,Combined TRACON& Tower with Radar,101,30,17,0,148,0,0,54,0,54,101,30,71,0,202,26,0,26,228
06/26/2006,GEG,WA,ANM,WE,Combined TRACON& Tower with Radar,112,48,26,6,192,0,8,61,0,69,112,56,87,6,261,44,7,51,312
06/27/2006,GEG,WA,ANM,WE,Combined TRACON& Tower with Radar,111,47,44,6,208,0,5,76,1,82,111,52,120,7,290,6,0,6,296
06/28/2006,GEG,WA,ANM,WE,Combined TRACON& Tower with Radar,119,53,22,6,200,0,11,66,0,77,119,64,88,6,277,44,8,52,329
06/29/2006,GEG,WA,ANM,WE,Combined TRACON& Tower with Radar,127,54,18,10,209,0,4,48,0,52,127,58,66,10,261,40,10,50,311
06/30/2006,GEG,WA,ANM,WE,Combined TRACON& Tower with Radar,116,48,24,2,190,0,15,52,0,67,116,63,76,2,257,34,0,34,291
07/01/2006,GEG,WA,ANM,WE,Combined TRACON& Tower with Radar,107,49,21,0,177,0,2,40,0,42,107,51,61,0,219,54,0,54,273
07/02/2006,GEG,WA,ANM,WE,Combined TRACON& Tower with Radar,111,11,10,2,134,0,0,26,0,26,111,11,36,2,160,12,2,14,174
07/03/2006,GEG,WA,ANM,WE,Combined TRACON& Tower with Radar,100,49,21,2,172,0,8,45,0,53,100,57,66,2,225,12,0,12,237
07/04/2006,GEG,WA,ANM,WE,Combined TRACON& Tower with Radar,31,16,14,0,61,0,0,31,0,31,31,16,45,0,92,10,0,10,102
07/05/2006,GEG,WA,ANM,WE,Combined TRACON& Tower with Radar,118,46,41,5,210,0,2,50,0,52,118,48,91,5,262,2,0,2,264
07/06/2006,GEG,WA,ANM,WE,Combined TRACON& Tower with Radar,122,76,33,6,237,0,4,11,0,15,122,80,44,6,252,34,8,42,294
07/07/2006,GEG,WA,ANM,WE,Combined TRACON& Tower with Radar,113,57,29,2,201,0,11,58,4,73,113,68,87,6,274,28,0,28,302
07/08/2006,GEG,WA,ANM,WE,Combined TRACON& Tower with Radar,96,40,12,0,148,0,2,49,0,51,96,42,61,0,199,12,0,12,211
07/09/2006,GEG,WA,ANM,WE,Combined TRACON& Tower with Radar,95,29,22,4,150,0,0,39,4,43,95,29,61,8,193,22,0,22,215
07/10/2006,GEG,WA,ANM,WE,Combined TRACON& Tower with Radar,108,60,23,6,197,0,5,28,0,33,108,65,51,6,230,74,4,78,308
07/11/2006,GEG,WA,ANM,WE,Combined TRACON& Tower with Radar,121,71,42,0,234,0,16,52,0,68,121,87,94,0,302,20,0,20,322
07/12/2006,GEG,WA,ANM,WE,Combined TRACON& Tower with Radar,126,64,21,0,211,0,5,43,0,48,126,69,64,0,259,20,0,20,279
07/13/2006,GEG,WA,ANM,WE,Combined TRACON& Tower with Radar,121,57,27,1,206,0,5,44,1,50,121,62,71,2,256,16,2,18,274
07/14/2006,GEG,WA,ANM,WE,Combined TRACON& Tower with Radar,119,53,18,2,192,0,6,70,2,78,119,59,88,4,270,36,0,36,306
07/15/2006,GEG,WA,ANM,WE,Combined TRACON& Tower with Radar,95,51,16,0,162,0,3,49,0,52,95,54,65,0,214,18,0,18,232
07/16/2006,GEG,WA,ANM,WE,Combined TRACON& Tower with Radar,98,45,10,4,157,0,1,77,0,78,98,46,87,4,235,16,0,16,251
07/17/2006,GEG,WA,ANM,WE,Combined TRACON& Tower with Radar,115,52,31,2,200,0,10,52,0,62,115,62,83,2,262,42,0,42,304
07/18/2006,GEG,WA,ANM,WE,Combined TRACON& Tower with Radar,115,61,17,0,193,0,12,48,0,60,115,73,65,0,253,20,0,20,273
07/19/2006,GEG,WA,ANM,WE,Combined TRACON& Tower with Radar,127,57,15,0,199,0,4,38,0,42,127,61,53,0,241,32,16,48,289
07/20/2006,GEG,WA,ANM,WE,Combined TRACON& Tower with Radar,125,55,20,0,200,0,15,70,0,85,125,70,90,0,285,8,0,8,293
07/21/2006,GEG,WA,ANM,WE,Combined TRACON& Tower with Radar,119,59,19,0,197,0,10,63,0,73,119,69,82,0,270,44,0,44,314
07/22/2006,GEG,WA,ANM,WE,Combined TRACON& Tower with Radar,103,36,7,0,146,0,0,52,0,52,103,36,59,0,198,18,0,18,216
07/23/2006,GEG,WA,ANM,WE,Combined TRACON& Tower with Radar,100,42,14,2,158,0,0,42,0,42,100,42,56,2,200,0,0,0,200
07/24/2006,GEG,WA,ANM,WE,Combined TRACON& Tower with Radar,105,49,18,0,172,0,14,47,0,61,105,63,65,0,233,30,14,44,277
07/25/2006,GEG,WA,ANM,WE,Combined TRACON& Tower with Radar,120,58,15,19,212,0,9,64,1,74,120,67,79,20,286,74,18,92,378
07/26/2006,GEG,WA,ANM,WE,Combined TRACON& Tower with Radar,121,51,17,0,189,0,8,64,1,73,121,59,81,1,262,38,2,40,302
07/27/2006,GEG,WA,ANM,WE,Combined TRACON& Tower with Radar,123,67,19,11,220,0,9,55,0,64,123,76,74,11,284,30,20,50,334
07/28/2006,GEG,WA,ANM,WE,Combined TRACON& Tower with Radar,118,60,18,3,199,0,9,57,1,67,118,69,75,4,266,20,0,20,286
07/29/2006,GEG,WA,ANM,WE,Combined TRACON& Tower with Radar,94,46,7,3,150,0,0,39,0,39,94,46,46,3,189,12,0,12,201
07/30/2006,GEG,WA,ANM,WE,Combined TRACON& Tower with Radar,113,41,15,0,169,0,0,28,2,30,113,41,43,2,199,8,2,10,209
07/31/2006,GEG,WA,ANM,WE,Combined TRACON& Tower with Radar,106,51,15,0,172,0,12,45,0,57,106,63,60,0,229,24,0,24,253
08/01/2006,GEG,WA,ANM,WE,Combined TRACON& Tower with Radar,118,74,18,3,213,0,7,62,0,69,118,81,80,3,282,38,0,38,320
08/02/2006,GEG,WA,ANM,WE,Combined TRACON& Tower with Radar,117,59,25,8,209,0,6,60,0,66,117,65,85,8,275,28,18,46,321
08/03/2006,GEG,WA,ANM,WE,Combined TRACON& Tower with Radar,119,60,19,0,198,0,7,58,0,65,119,67,77,0,263,34,0,34,297
08/04/2006,GEG,WA,ANM,WE,Combined TRACON& Tower with Radar,114,56,23,0,193,0,7,49,0,56,114,63,72,0,249,60,0,60,309
08/05/2006,GEG,WA,ANM,WE,Combined TRACON& Tower with Radar,100,48,28,2,178,0,1,48,0,49,100,49,76,2,227,30,0,30,257
08/06/2006,GEG,WA,ANM,WE,Combined TRACON& Tower with Radar,103,41,20,0,164,0,0,32,0,32,103,41,52,0,196,62,0,62,258
08/07/2006,GEG,WA,ANM,WE,Combined TRACON& Tower with Radar,104,51,23,0,178,0,14,50,0,64,104,65,73,0,242,56,0,56,298
08/08/2006,GEG,WA,ANM,WE,Combined TRACON& Tower with Radar,117,53,37,4,211,0,11,42,0,53,117,64,79,4,264,44,4,48,312
08/09/2006,GEG,WA,ANM,WE,Combined TRACON& Tower with Radar,119,54,25,17,215,0,8,52,0,60,119,62,77,17,275,50,16,66,341
08/10/2006,GEG,WA,ANM,WE,Combined TRACON& Tower with Radar,117,59,64,2,242,0,5,32,0,37,117,64,96,2,279,50,8,58,337
08/11/2006,GEG,WA,ANM,WE,Combined TRACON& Tower with Radar,130,61,17,0,208,0,6,49,0,55,130,67,66,0,263,24,4,28,291
08/12/2006,GEG,WA,ANM,WE,Combined TRACON& Tower with Radar,98,39,15,0,152,0,2,49,1,52,98,41,64,1,204,16,0,16,220
08/13/2006,GEG,WA,ANM,WE,Combined TRACON& Tower with Radar,96,31,22,0,149,0,0,53,0,53,96,31,75,0,202,28,0,28,230
08/14/2006,GEG,WA,ANM,WE,Combined TRACON& Tower with Radar,106,47,17,2,172,0,0,0,0,0,106,47,17,2,172,36,0,36,208
08/15/2006,GEG,WA,ANM,WE,Combined TRACON& Tower with Radar,117,53,30,2,202,0,9,53,0,62,117,62,83,2,264,104,8,112,376
08/16/2006,GEG,WA,ANM,WE,Combined TRACON& Tower with Radar,120,51,42,0,213,0,8,31,0,39,120,59,73,0,252,22,0,22,274
08/17/2006,GEG,WA,ANM,WE,Combined TRACON& Tower with Radar,116,61,47,0,224,0,5,54,0,59,116,66,101,0,283,60,0,60,343
08/18/2006,GEG,WA,ANM,WE,Combined TRACON& Tower with Radar,121,55,21,0,197,0,5,51,0,56,121,60,72,0,253,56,0,56,309
08/19/2006,GEG,WA,ANM,WE,Combined TRACON& Tower with Radar,93,48,8,0,149,0,6,46,3,55,93,54,54,3,204,12,0,12,216
08/20/2006,GEG,WA,ANM,WE,Combined TRACON& Tower with Radar,109,24,13,0,146,0,0,42,0,42,109,24,55,0,188,0,0,0,188
08/21/2006,GEG,WA,ANM,WE,Combined TRACON& Tower with Radar,134,48,24,0,206,0,0,0,0,0,134,48,24,0,206,64,4,68,274
08/22/2006,GEG,WA,ANM,WE,Combined TRACON& Tower with Radar,113,62,13,8,196,0,8,41,0,49,113,70,54,8,245,32,20,52,297
08/23/2006,GEG,WA,ANM,WE,Combined TRACON& Tower with Radar,113,53,32,0,198,0,6,42,7,55,113,59,74,7,253,12,0,12,265
08/24/2006,GEG,WA,ANM,WE,Combined TRACON& Tower with Radar,114,54,28,11,207,0,8,45,0,53,114,62,73,11,260,58,20,78,338
08/25/2006,GEG,WA,ANM,WE,Combined TRACON& Tower with Radar,115,56,56,0,227,0,8,44,0,52,115,64,100,0,279,52,0,52,331
08/26/2006,GEG,WA,ANM,WE,Combined TRACON& Tower with Radar,105,34,19,0,158,0,6,53,0,59,105,40,72,0,217,12,0,12,229
08/27/2006,GEG,WA,ANM,WE,Combined TRACON& Tower with Radar,97,30,16,2,145,0,0,38,0,38,97,30,54,2,183,0,0,0,183
08/28/2006,GEG,WA,ANM,WE,Combined TRACON& Tower with Radar,109,49,17,2,177,0,2,49,0,51,109,51,66,2,228,38,0,38,266
08/29/2006,GEG,WA,ANM,WE,Combined TRACON& Tower with Radar,110,64,22,0,196,0,5,23,0,28,110,69,45,0,224,26,4,30,254
08/30/2006,GEG,WA,ANM,WE,Combined TRACON& Tower with Radar,118,80,18,3,219,0,6,30,0,36,118,86,48,3,255,56,52,108,363
08/31/2006,GEG,WA,ANM,WE,Combined TRACON& Tower with Radar,109,85,18,0,212,0,0,0,0,0,109,85,18,0,212,40,0,40,252
09/01/2006,GEG,WA,ANM,WE,Combined TRACON& Tower with Radar,115,47,12,0,174,0,7,62,1,70,115,54,74,1,244,18,0,18,262
09/02/2006,GEG,WA,ANM,WE,Combined TRACON& Tower with Radar,95,45,6,1,147,0,2,57,0,59,95,47,63,1,206,44,0,44,250
09/03/2006,GEG,WA,ANM,WE,Combined TRACON& Tower with Radar,80,20,7,0,107,0,0,30,0,30,80,20,37,0,137,24,0,24,161
09/04/2006,GEG,WA,ANM,WE,Combined TRACON& Tower with Radar,104,22,6,2,134,0,1,54,0,55,104,23,60,2,189,68,0,68,257
09/05/2006,GEG,WA,ANM,WE,Combined TRACON& Tower with Radar,108,49,17,2,176,0,9,46,1,56,108,58,63,3,232,36,0,36,268
09/06/2006,GEG,WA,ANM,WE,Combined TRACON& Tower with Radar,115,48,15,0,178,0,6,45,0,51,115,54,60,0,229,66,0,66,295
09/07/2006,GEG,WA,ANM,WE,Combined TRACON& Tower with Radar,123,51,29,0,203,0,5,62,0,67,123,56,91,0,270,46,0,46,316
09/08/2006,GEG,WA,ANM,WE,Combined TRACON& Tower with Radar,119,58,17,1,195,0,3,56,1,60,119,61,73,2,255,48,0,48,303
09/09/2006,GEG,WA,ANM,WE,Combined TRACON& Tower with Radar,85,32,40,0,157,0,1,29,0,30,85,33,69,0,187,58,0,58,245
09/10/2006,GEG,WA,ANM,WE,Combined TRACON& Tower with Radar,91,24,12,2,129,0,0,35,0,35,91,24,47,2,164,24,0,24,188
09/11/2006,GEG,WA,ANM,WE,Combined TRACON& Tower with Radar,102,51,21,4,178,0,11,41,0,52,102,62,62,4,230,52,12,64,294
09/12/2006,GEG,WA,ANM,WE,Combined TRACON& Tower with Radar,122,53,18,6,199,0,9,35,0,44,122,62,53,6,243,88,8,96,339
09/13/2006,GEG,WA,ANM,WE,Combined TRACON& Tower with Radar,111,51,30,0,192,0,4,40,6,50,111,55,70,6,242,30,0,30,272
09/14/2006,GEG,WA,ANM,WE,Combined TRACON& Tower with Radar,116,59,16,0,191,0,2,29,0,31,116,61,45,0,222,62,2,64,286
09/15/2006,GEG,WA,ANM,WE,Combined TRACON& Tower with Radar,118,69,18,0,205,0,3,38,0,41,118,72,56,0,246,138,0,138,384
09/16/2006,GEG,WA,ANM,WE,Combined TRACON& Tower with Radar,90,36,24,0,150,0,1,35,0,36,90,37,59,0,186,64,0,64,250
09/17/2006,GEG,WA,ANM,WE,Combined TRACON& Tower with Radar,100,29,22,0,151,0,0,36,0,36,100,29,58,0,187,16,0,16,203
09/18/2006,GEG,WA,ANM,WE,Combined TRACON& Tower with Radar,105,45,21,0,171,0,7,33,0,40,105,52,54,0,211,14,0,14,225
09/19/2006,GEG,WA,ANM,WE,Combined TRACON& Tower with Radar,122,65,21,2,210,0,7,15,0,22,122,72,36,2,232,8,0,8,240
09/20/2006,GEG,WA,ANM,WE,Combined TRACON& Tower with Radar,112,55,21,0,188,0,2,11,0,13,112,57,32,0,201,16,0,16,217
09/21/2006,GEG,WA,ANM,WE,Combined TRACON& Tower with Radar,115,55,22,4,196,0,4,10,0,14,115,59,32,4,210,60,4,64,274
09/22/2006,GEG,WA,ANM,WE,Combined TRACON& Tower with Radar,110,59,35,0,204,0,1,57,0,58,110,60,92,0,262,124,0,124,386
09/23/2006,GEG,WA,ANM,WE,Combined TRACON& Tower with Radar,98,39,13,1,151,0,1,53,0,54,98,40,66,1,205,94,0,94,299
09/24/2006,GEG,WA,ANM,WE,Combined TRACON& Tower with Radar,109,14,16,0,139,0,0,40,5,45,109,14,56,5,184,24,0,24,208
09/25/2006,GEG,WA,ANM,WE,Combined TRACON& Tower with Radar,109,56,15,0,180,0,6,37,0,43,109,62,52,0,223,16,0,16,239
09/26/2006,GEG,WA,ANM,WE,Combined TRACON& Tower with Radar,116,47,34,0,197,0,7,42,0,49,116,54,76,0,246,159,0,159,405
09/27/2006,GEG,WA,ANM,WE,Combined TRACON& Tower with Radar,110,45,29,1,185,0,0,0,0,0,110,45,29,1,185,20,0,20,205
09/28/2006,GEG,WA,ANM,WE,Combined TRACON& Tower with Radar,122,33,32,16,203,0,8,57,3,68,122,41,89,19,271,66,14,80,351
09/29/2006,GEG,WA,ANM,WE,Combined TRACON& Tower with Radar,120,44,19,13,196,0,6,59,0,65,120,50,78,13,261,30,0,30,291
09/30/2006,GEG,WA,ANM,WE,Combined TRACON& Tower with Radar,110,31,10,0,151,0,5,49,0,54,110,36,59,0,205,52,0,52,257
10/01/2006,GEG,WA,ANM,WE,Combined TRACON& Tower with Radar,94,23,15,1,133,0,0,28,0,28,94,23,43,1,161,2,0,2,163
10/02/2006,GEG,WA,ANM,WE,Combined TRACON& Tower with Radar,103,52,14,0,169,0,6,21,0,27,103,58,35,0,196,38,0,38,234
10/03/2006,GEG,WA,ANM,WE,Combined TRACON& Tower with Radar,117,50,24,1,192,0,5,45,0,50,117,55,69,1,242,108,8,116,358
10/04/2006,GEG,WA,ANM,WE,Combined TRACON& Tower with Radar,116,57,32,0,205,0,4,40,0,44,116,61,72,0,249,84,0,84,333
10/05/2006,GEG,WA,ANM,WE,Combined TRACON& Tower with Radar,110,55,37,0,202,0,7,53,5,65,110,62,90,5,267,42,0,42,309
10/06/2006,GEG,WA,ANM,WE,Combined TRACON& Tower with Radar,114,51,33,2,200,0,5,25,1,31,114,56,58,3,231,94,0,94,325
10/07/2006,GEG,WA,ANM,WE,Combined TRACON& Tower with Radar,94,40,6,0,140,0,1,57,3,61,94,41,63,3,201,34,0,34,235
10/08/2006,GEG,WA,ANM,WE,Combined TRACON& Tower with Radar,92,54,21,0,167,0,1,40,0,41,92,55,61,0,208,36,0,36,244
10/09/2006,GEG,WA,ANM,WE,Combined TRACON& Tower with Radar,102,66,10,0,178,0,7,36,0,43,102,73,46,0,221,29,0,29,250
10/10/2006,GEG,WA,ANM,WE,Combined TRACON& Tower with Radar,115,61,15,0,191,0,3,45,0,48,115,64,60,0,239,38,0,38,277
10/11/2006,GEG,WA,ANM,WE,Combined TRACON& Tower with Radar,124,59,19,5,207,0,0,0,0,0,124,59,19,5,207,104,0,104,311
10/12/2006,GEG,WA,ANM,WE,Combined TRACON& Tower with Radar,108,53,22,0,183,0,7,37,0,44,108,60,59,0,227,90,0,90,317
10/13/2006,GEG,WA,ANM,WE,Combined TRACON& Tower with Radar,112,62,24,0,198,0,7,53,0,60,112,69,77,0,258,44,0,44,302
10/14/2006,GEG,WA,ANM,WE,Combined TRACON& Tower with Radar,98,45,13,0,156,0,1,67,3,71,98,46,80,3,227,42,0,42,269
10/15/2006,GEG,WA,ANM,WE,Combined TRACON& Tower with Radar,96,26,18,3,143,0,0,5,0,5,96,26,23,3,148,0,0,0,148
10/16/2006,GEG,WA,ANM,WE,Combined TRACON& Tower with Radar,101,49,28,0,178,0,3,1,0,4,101,52,29,0,182,28,0,28,210
10/17/2006,GEG,WA,ANM,WE,Combined TRACON& Tower with Radar,110,68,34,0,212,0,9,19,2,30,110,77,53,2,242,48,8,56,298
10/18/2006,GEG,WA,ANM,WE,Combined TRACON& Tower with Radar,120,67,39,4,230,0,1,13,0,14,120,68,52,4,244,42,4,46,290
10/19/2006,GEG,WA,ANM,WE,Combined TRACON& Tower with Radar,115,65,23,7,210,0,0,0,0,0,115,65,23,7,210,10,10,20,230
10/20/2006,GEG,WA,ANM,WE,Combined TRACON& Tower with Radar,107,67,36,4,214,0,5,41,0,46,107,72,77,4,260,132,8,140,400
10/21/2006,GEG,WA,ANM,WE,Combined TRACON& Tower with Radar,104,31,21,2,158,0,0,59,2,61,104,31,80,4,219,24,0,24,243
10/22/2006,GEG,WA,ANM,WE,Combined TRACON& Tower with Radar,95,31,10,0,136,0,2,38,0,40,95,33,48,0,176,30,0,30,206
10/23/2006,GEG,WA,ANM,WE,Combined TRACON& Tower with Radar,106,46,14,0,166,0,6,41,1,48,106,52,55,1,214,108,12,120,334
10/24/2006,GEG,WA,ANM,WE,Combined TRACON& Tower with Radar,122,53,28,7,210,0,8,26,0,34,122,61,54,7,244,62,6,68,312
10/25/2006,GEG,WA,ANM,WE,Combined TRACON& Tower with Radar,125,52,28,1,206,0,3,12,0,15,125,55,40,1,221,22,0,22,243
10/26/2006,GEG,WA,ANM,WE,Combined TRACON& Tower with Radar,100,58,14,0,172,0,2,38,0,40,100,60,52,0,212,52,0,52,264
10/27/2006,GEG,WA,ANM,WE,Combined TRACON& Tower with Radar,114,59,29,0,202,0,4,27,0,31,114,63,56,0,233,26,0,26,259
10/28/2006,GEG,WA,ANM,WE,Combined TRACON& Tower with Radar,90,40,29,0,159,0,2,46,0,48,90,42,75,0,207,78,0,78,285
10/29/2006,GEG,WA,ANM,WE,Combined TRACON& Tower with Radar,96,25,7,0,128,0,0,6,0,6,96,25,13,0,134,6,0,6,140
10/30/2006,GEG,WA,ANM,WE,Combined TRACON& Tower with Radar,100,48,12,4,164,0,5,33,1,39,100,53,45,5,203,28,14,42,245
10/31/2006,GEG,WA,ANM,WE,Combined TRACON& Tower with Radar,116,50,26,0,192,0,8,44,0,52,116,58,70,0,244,70,0,70,314
11/01/2006,GEG,WA,ANM,WE,Combined TRACON& Tower with Radar,109,55,17,0,181,0,8,51,0,59,109,63,68,0,240,72,0,72,312
11/02/2006,GEG,WA,ANM,WE,Combined TRACON& Tower with Radar,114,62,28,0,204,0,3,16,0,19,114,65,44,0,223,24,0,24,247
11/03/2006,GEG,WA,ANM,WE,Combined TRACON& Tower with Radar,115,57,13,0,185,0,1,5,0,6,115,58,18,0,191,22,0,22,213
11/04/2006,GEG,WA,ANM,WE,Combined TRACON& Tower with Radar,106,29,25,0,160,0,0,10,1,11,106,29,35,1,171,94,8,102,273
11/05/2006,GEG,WA,ANM,WE,Combined TRACON& Tower with Radar,92,27,9,0,128,0,0,10,0,10,92,27,19,0,138,18,0,18,156
11/06/2006,GEG,WA,ANM,WE,Combined TRACON& Tower with Radar,94,55,5,0,154,0,0,0,0,0,94,55,5,0,154,2,0,2,156
11/07/2006,GEG,WA,ANM,WE,Combined TRACON& Tower with Radar,114,63,11,28,216,0,4,2,0,6,114,67,13,28,222,16,38,54,276
11/08/2006,GEG,WA,ANM,WE,Combined TRACON& Tower with Radar,113,58,22,13,206,0,4,28,0,32,113,62,50,13,238,52,8,60,298
11/09/2006,GEG,WA,ANM,WE,Combined TRACON& Tower with Radar,111,62,38,1,212,0,4,4,0,8,111,66,42,1,220,18,0,18,238
11/10/2006,GEG,WA,ANM,WE,Combined TRACON& Tower with Radar,105,59,12,0,176,0,1,9,0,10,105,60,21,0,186,46,0,46,232
11/11/2006,GEG,WA,ANM,WE,Combined TRACON& Tower with Radar,94,39,10,0,143,0,1,29,0,30,94,40,39,0,173,112,0,112,285
11/12/2006,GEG,WA,ANM,WE,Combined TRACON& Tower with Radar,89,30,13,0,132,0,0,0,0,0,89,30,13,0,132,0,0,0,132
11/13/2006,GEG,WA,ANM,WE,Combined TRACON& Tower with Radar,102,53,8,0,163,0,6,8,1,15,102,59,16,1,178,20,0,20,198
11/14/2006,GEG,WA,ANM,WE,Combined TRACON& Tower with Radar,124,51,26,0,201,0,8,41,0,49,124,59,67,0,250,88,6,94,344
11/15/2006,GEG,WA,ANM,WE,Combined TRACON& Tower with Radar,115,67,33,0,215,0,5,11,0,16,115,72,44,0,231,38,0,38,269
11/16/2006,GEG,WA,ANM,WE,Combined TRACON& Tower with Radar,122,51,27,1,201,0,7,70,0,77,122,58,97,1,278,76,0,76,354
11/17/2006,GEG,WA,ANM,WE,Combined TRACON& Tower with Radar,104,61,21,1,187,0,4,37,0,41,104,65,58,1,228,114,0,114,342
11/18/2006,GEG,WA,ANM,WE,Combined TRACON& Tower with Radar,91,41,9,7,148,0,1,39,0,40,91,42,48,7,188,44,8,52,240
11/19/2006,GEG,WA,ANM,WE,Combined TRACON& Tower with Radar,93,26,10,0,129,0,0,19,0,19,93,26,29,0,148,26,10,36,184
11/20/2006,GEG,WA,ANM,WE,Combined TRACON& Tower with Radar,103,55,7,0,165,0,5,12,0,17,103,60,19,0,182,34,0,34,216
11/21/2006,GEG,WA,ANM,WE,Combined TRACON& Tower with Radar,106,63,16,10,195,0,2,19,0,21,106,65,35,10,216,18,12,30,246
11/22/2006,GEG,WA,ANM,WE,Combined TRACON& Tower with Radar,117,72,19,10,218,0,0,7,0,7,117,72,26,10,225,4,50,54,279
11/23/2006,GEG,WA,ANM,WE,Combined TRACON& Tower with Radar,85,26,0,0,111,0,0,0,0,0,85,26,0,0,111,0,0,0,111
11/24/2006,GEG,WA,ANM,WE,Combined TRACON& Tower with Radar,95,43,17,0,155,0,0,14,0,14,95,43,31,0,169,0,0,0,169
11/25/2006,GEG,WA,ANM,WE,Combined TRACON& Tower with Radar,95,42,9,0,146,0,0,9,2,11,95,42,18,2,157,14,0,14,171
11/26/2006,GEG,WA,ANM,WE,Combined TRACON& Tower with Radar,102,32,9,0,143,0,0,0,0,0,102,32,9,0,143,0,0,0,143
11/27/2006,GEG,WA,ANM,WE,Combined TRACON& Tower with Radar,102,63,20,9,194,0,5,3,0,8,102,68,23,9,202,14,12,26,228
11/28/2006,GEG,WA,ANM,WE,Combined TRACON& Tower with Radar,118,64,22,10,214,0,1,0,0,1,118,65,22,10,215,22,8,30,245
11/29/2006,GEG,WA,ANM,WE,Combined TRACON& Tower with Radar,108,52,17,0,177,0,1,10,0,11,108,53,27,0,188,86,0,86,274
11/30/2006,GEG,WA,ANM,WE,Combined TRACON& Tower with Radar,113,62,20,0,195,0,0,0,0,0,113,62,20,0,195,0,0,0,195
12/01/2006,GEG,WA,ANM,WE,Combined TRACON& Tower with Radar,110,64,20,18,212,0,0,0,2,2,110,64,20,20,214,0,8,8,222
12/02/2006,GEG,WA,ANM,WE,Combined TRACON& Tower with Radar,86,36,3,2,127,0,0,0,0,0,86,36,3,2,127,0,0,0,127
12/03/2006,GEG,WA,ANM,WE,Combined TRACON& Tower with Radar,88,28,12,0,128,0,0,14,0,14,88,28,26,0,142,34,0,34,176
12/04/2006,GEG,WA,ANM,WE,Combined TRACON& Tower with Radar,96,51,15,0,162,0,3,11,0,14,96,54,26,0,176,14,0,14,190
12/05/2006,GEG,WA,ANM,WE,Combined TRACON& Tower with Radar,114,54,19,0,187,0,1,5,0,6,114,55,24,0,193,64,0,64,257
12/06/2006,GEG,WA,ANM,WE,Combined TRACON& Tower with Radar,115,63,25,0,203,0,5,26,0,31,115,68,51,0,234,34,0,34,268
12/07/2006,GEG,WA,ANM,WE,Combined TRACON& Tower with Radar,113,61,23,12,209,0,1,21,0,22,113,62,44,12,231,80,8,88,319
12/08/2006,GEG,WA,ANM,WE,Combined TRACON& Tower with Radar,107,54,35,0,196,0,3,26,0,29,107,57,61,0,225,92,0,92,317
12/09/2006,GEG,WA,ANM,WE,Combined TRACON& Tower with Radar,106,40,21,0,167,0,1,11,0,12,106,41,32,0,179,44,0,44,223
12/10/2006,GEG,WA,ANM,WE,Combined TRACON& Tower with Radar,99,27,9,2,137,0,0,0,0,0,99,27,9,2,137,0,0,0,137
12/11/2006,GEG,WA,ANM,WE,Combined TRACON& Tower with Radar,118,38,23,0,179,0,4,11,0,15,118,42,34,0,194,128,0,128,322
12/12/2006,GEG,WA,ANM,WE,Combined TRACON& Tower with Radar,128,58,27,4,217,0,4,21,0,25,128,62,48,4,242,84,8,92,334
12/13/2006,GEG,WA,ANM,WE,Combined TRACON& Tower with Radar,107,50,19,0,176,0,0,2,0,2,107,50,21,0,178,0,0,0,178
12/14/2006,GEG,WA,ANM,WE,Combined TRACON& Tower with Radar,118,57,23,0,198,0,0,5,0,5,118,57,28,0,203,0,0,0,203
12/15/2006,GEG,WA,ANM,WE,Combined TRACON& Tower with Radar,124,55,17,6,202,0,4,5,0,9,124,59,22,6,211,34,6,40,251
12/16/2006,GEG,WA,ANM,WE,Combined TRACON& Tower with Radar,96,44,13,0,153,0,1,31,0,32,96,45,44,0,185,98,0,98,283
12/17/2006,GEG,WA,ANM,WE,Combined TRACON& Tower with Radar,92,25,18,0,135,0,0,0,0,0,92,25,18,0,135,62,0,62,197
12/18/2006,GEG,WA,ANM,WE,Combined TRACON& Tower with Radar,104,49,26,0,179,0,8,36,0,44,104,57,62,0,223,66,0,66,289
12/19/2006,GEG,WA,ANM,WE,Combined TRACON& Tower with Radar,140,52,35,0,227,0,2,33,0,35,140,54,68,0,262,68,0,68,330
12/20/2006,GEG,WA,ANM,WE,Combined TRACON& Tower with Radar,111,59,22,0,192,0,2,31,0,33,111,61,53,0,225,98,0,98,323
12/21/2006,GEG,WA,ANM,WE,Combined TRACON& Tower with Radar,107,59,24,0,190,0,0,0,0,0,107,59,24,0,190,0,0,0,190
12/22/2006,GEG,WA,ANM,WE,Combined TRACON& Tower with Radar,113,59,29,0,201,0,0,0,0,0,113,59,29,0,201,0,0,0,201
12/23/2006,GEG,WA,ANM,WE,Combined TRACON& Tower with Radar,113,37,16,0,166,0,0,0,0,0,113,37,16,0,166,0,0,0,166
12/24/2006,GEG,WA,ANM,WE,Combined TRACON& Tower with Radar,98,17,25,0,140,0,0,0,0,0,98,17,25,0,140,12,0,12,152
12/25/2006,GEG,WA,ANM,WE,Combined TRACON& Tower with Radar,84,19,1,0,104,0,30,2,0,32,84,49,3,0,136,0,0,0,136
12/26/2006,GEG,WA,ANM,WE,Combined TRACON& Tower with Radar,100,38,14,0,152,0,0,0,0,0,100,38,14,0,152,2,0,2,154
12/27/2006,GEG,WA,ANM,WE,Combined TRACON& Tower with Radar,101,63,22,0,186,0,1,0,0,1,101,64,22,0,187,0,0,0,187
12/28/2006,GEG,WA,ANM,WE,Combined TRACON& Tower with Radar,119,48,36,0,203,0,6,31,0,37,119,54,67,0,240,100,0,100,340
12/29/2006,GEG,WA,ANM,WE,Combined TRACON& Tower with Radar,113,56,4,0,173,0,3,33,0,36,113,59,37,0,209,40,0,40,249
12/30/2006,GEG,WA,ANM,WE,Combined TRACON& Tower with Radar,106,37,21,0,164,0,0,13,0,13,106,37,34,0,177,14,0,14,191
12/31/2006,GEG,WA,ANM,WE,Combined TRACON& Tower with Radar,89,20,11,0,120,0,0,0,0,0,89,20,11,0,120,0,0,0,120
01/01/2007,GEG,WA,ANM,WE,Combined TRACON& Tower with Radar,87,18,10,0,115,0,0,0,0,0,87,18,10,0,115,0,0,0,115
01/02/2007,GEG,WA,ANM,WE,Combined TRACON& Tower with Radar,121,51,17,0,189,0,1,4,0,5,121,52,21,0,194,2,0,2,196
01/03/2007,GEG,WA,ANM,WE,Combined TRACON& Tower with Radar,111,56,20,0,187,0,3,1,0,4,111,59,21,0,191,0,0,0,191
01/04/2007,GEG,WA,ANM,WE,Combined TRACON& Tower with Radar,107,57,34,0,198,0,1,17,0,18,107,58,51,0,216,50,0,50,266
01/05/2007,GEG,WA,ANM,WE,Combined TRACON& Tower with Radar,102,59,12,0,173,0,4,17,0,21,102,63,29,0,194,20,0,20,214
01/06/2007,GEG,WA,ANM,WE,Combined TRACON& Tower with Radar,91,44,14,2,151,0,3,9,0,12,91,47,23,2,163,36,0,36,199
01/07/2007,GEG,WA,ANM,WE,Combined TRACON& Tower with Radar,92,33,2,0,127,0,0,0,0,0,92,33,2,0,127,0,0,0,127
01/08/2007,GEG,WA,ANM,WE,Combined TRACON& Tower with Radar,104,55,11,1,171,0,7,30,0,37,104,62,41,1,208,56,0,56,264
01/09/2007,GEG,WA,ANM,WE,Combined TRACON& Tower with Radar,109,63,19,36,227,0,5,9,0,14,109,68,28,36,241,20,32,52,293
01/10/2007,GEG,WA,ANM,WE,Combined TRACON& Tower with Radar,112,56,16,0,184,0,0,8,0,8,112,56,24,0,192,14,0,14,206
01/11/2007,GEG,WA,ANM,WE,Combined TRACON& Tower with Radar,120,55,24,0,199,0,6,0,0,6,120,61,24,0,205,24,0,24,229
01/12/2007,GEG,WA,ANM,WE,Combined TRACON& Tower with Radar,111,53,35,0,199,0,13,47,0,60,111,66,82,0,259,82,0,82,341
01/13/2007,GEG,WA,ANM,WE,Combined TRACON& Tower with Radar,96,36,16,0,148,0,1,5,0,6,96,37,21,0,154,2,0,2,156
01/14/2007,GEG,WA,ANM,WE,Combined TRACON& Tower with Radar,92,28,11,0,131,0,0,20,0,20,92,28,31,0,151,68,0,68,219
01/15/2007,GEG,WA,ANM,WE,Combined TRACON& Tower with Radar,92,44,29,0,165,0,6,18,0,24,92,50,47,0,189,12,0,12,201
01/16/2007,GEG,WA,ANM,WE,Combined TRACON& Tower with Radar,118,60,30,0,208,0,2,10,0,12,118,62,40,0,220,23,0,23,243
01/17/2007,GEG,WA,ANM,WE,Combined TRACON& Tower with Radar,112,57,25,0,194,0,0,0,0,0,112,57,25,0,194,0,0,0,194
01/18/2007,GEG,WA,ANM,WE,Combined TRACON& Tower with Radar,114,68,33,3,218,0,0,0,0,0,114,68,33,3,218,2,0,2,220
01/19/2007,GEG,WA,ANM,WE,Combined TRACON& Tower with Radar,102,64,17,4,187,0,3,2,0,5,102,67,19,4,192,8,0,8,200
01/20/2007,GEG,WA,ANM,WE,Combined TRACON& Tower with Radar,93,44,8,0,145,0,0,0,0,0,93,44,8,0,145,0,0,0,145
01/21/2007,GEG,WA,ANM,WE,Combined TRACON& Tower with Radar,94,29,14,0,137,0,0,0,0,0,94,29,14,0,137,0,0,0,137
01/22/2007,GEG,WA,ANM,WE,Combined TRACON& Tower with Radar,98,55,22,0,175,0,3,23,0,26,98,58,45,0,201,73,0,73,274
01/23/2007,GEG,WA,ANM,WE,Combined TRACON& Tower with Radar,123,55,26,0,204,0,9,27,0,36,123,64,53,0,240,32,4,36,276
01/24/2007,GEG,WA,ANM,WE,Combined TRACON& Tower with Radar,120,42,14,0,176,0,0,3,0,3,120,42,17,0,179,12,0,12,191
01/25/2007,GEG,WA,ANM,WE,Combined TRACON& Tower with Radar,122,33,10,1,166,0,1,0,0,1,122,34,10,1,167,0,0,0,167
01/26/2007,GEG,WA,ANM,WE,Combined TRACON& Tower with Radar,116,36,4,0,156,0,0,0,0,0,116,36,4,0,156,12,0,12,168
01/27/2007,GEG,WA,ANM,WE,Combined TRACON& Tower with Radar,93,42,10,0,145,0,0,38,0,38,93,42,48,0,183,86,0,86,269
01/28/2007,GEG,WA,ANM,WE,Combined TRACON& Tower with Radar,92,27,7,0,126,0,0,0,0,0,92,27,7,0,126,0,0,0,126
01/29/2007,GEG,WA,ANM,WE,Combined TRACON& Tower with Radar,96,58,6,0,160,0,0,0,0,0,96,58,6,0,160,0,0,0,160
01/30/2007,GEG,WA,ANM,WE,Combined TRACON& Tower with Radar,117,61,29,0,207,0,1,1,0,2,117,62,30,0,209,0,0,0,209
01/31/2007,GEG,WA,ANM,WE,Combined TRACON& Tower with Radar,102,60,31,14,207,0,0,0,0,0,102,60,31,14,207,0,0,0,207
02/01/2007,GEG,WA,ANM,WE,Combined TRACON& Tower with Radar,114,65,41,4,224,0,2,8,0,10,114,67,49,4,234,72,2,74,308
02/02/2007,GEG,WA,ANM,WE,Combined TRACON& Tower with Radar,99,53,17,0,169,0,2,21,0,23,99,55,38,0,192,56,0,56,248
02/03/2007,GEG,WA,ANM,WE,Combined TRACON& Tower with Radar,96,33,15,0,144,0,1,38,0,39,96,34,53,0,183,154,0,154,337
02/04/2007,GEG,WA,ANM,WE,Combined TRACON& Tower with Radar,101,21,3,0,125,0,0,0,0,0,101,21,3,0,125,0,0,0,125
02/05/2007,GEG,WA,ANM,WE,Combined TRACON& Tower with Radar,110,45,10,3,168,0,1,0,0,1,110,46,10,3,169,6,0,6,175
02/06/2007,GEG,WA,ANM,WE,Combined TRACON& Tower with Radar,121,56,37,3,217,0,1,8,0,9,121,57,45,3,226,6,0,6,232
02/07/2007,GEG,WA,ANM,WE,Combined TRACON& Tower with Radar,116,54,24,0,194,0,3,1,0,4,116,57,25,0,198,2,0,2,200
02/08/2007,GEG,WA,ANM,WE,Combined TRACON& Tower with Radar,114,63,22,5,204,0,0,0,0,0,114,63,22,5,204,0,0,0,204
02/09/2007,GEG,WA,ANM,WE,Combined TRACON& Tower with Radar,108,45,23,0,176,0,1,0,0,1,108,46,23,0,177,0,0,0,177
02/10/2007,GEG,WA,ANM,WE,Combined TRACON& Tower with Radar,92,28,5,1,126,0,0,3,3,6,92,28,8,4,132,0,0,0,132
02/11/2007,GEG,WA,ANM,WE,Combined TRACON& Tower with Radar,94,27,5,2,128,0,0,0,0,0,94,27,5,2,128,0,0,0,128
02/12/2007,GEG,WA,ANM,WE,Combined TRACON& Tower with Radar,104,55,13,0,172,0,2,1,0,3,104,57,14,0,175,2,0,2,177
02/13/2007,GEG,WA,ANM,WE,Combined TRACON& Tower with Radar,108,67,19,0,194,0,1,6,0,7,108,68,25,0,201,10,0,10,211
02/14/2007,GEG,WA,ANM,WE,Combined TRACON& Tower with Radar,115,58,22,0,195,0,1,6,0,7,115,59,28,0,202,24,0,24,226
02/15/2007,GEG,WA,ANM,WE,Combined TRACON& Tower with Radar,120,51,16,2,189,0,2,0,0,2,120,53,16,2,191,0,0,0,191
02/16/2007,GEG,WA,ANM,WE,Combined TRACON& Tower with Radar,104,63,42,0,209,0,10,46,0,56,104,73,88,0,265,156,0,156,421
02/17/2007,GEG,WA,ANM,WE,Combined TRACON& Tower with Radar,94,32,23,0,149,0,2,30,0,32,94,34,53,0,181,110,0,110,291
02/18/2007,GEG,WA,ANM,WE,Combined TRACON& Tower with Radar,118,24,5,0,147,0,0,16,0,16,118,24,21,0,163,34,0,34,197
02/19/2007,GEG,WA,ANM,WE,Combined TRACON& Tower with Radar,101,52,12,0,165,0,0,1,0,1,101,52,13,0,166,8,0,8,174
02/20/2007,GEG,WA,ANM,WE,Combined TRACON& Tower with Radar,118,55,22,8,203,0,4,7,0,11,118,59,29,8,214,20,16,36,250
02/21/2007,GEG,WA,ANM,WE,Combined TRACON& Tower with Radar,119,55,35,0,209,0,6,39,0,45,119,61,74,0,254,78,0,78,332
02/22/2007,GEG,WA,ANM,WE,Combined TRACON& Tower with Radar,113,62,25,2,202,0,1,1,0,2,113,63,26,2,204,12,0,12,216
02/23/2007,GEG,WA,ANM,WE,Combined TRACON& Tower with Radar,106,65,34,0,205,0,3,5,0,8,106,68,39,0,213,8,0,8,221
02/24/2007,GEG,WA,ANM,WE,Combined TRACON& Tower with Radar,95,37,2,0,134,0,1,10,0,11,95,38,12,0,145,34,0,34,179
02/25/2007,GEG,WA,ANM,WE,Combined TRACON& Tower with Radar,92,32,8,0,132,0,0,2,0,2,92,32,10,0,134,14,0,14,148
02/26/2007,GEG,WA,ANM,WE,Combined TRACON& Tower with Radar,112,68,16,0,196,0,8,24,0,32,112,76,40,0,228,102,0,102,330
02/27/2007,GEG,WA,ANM,WE,Combined TRACON& Tower with Radar,116,78,34,0,228,0,5,11,0,16,116,83,45,0,244,30,0,30,274
02/28/2007,GEG,WA,ANM,WE,Combined TRACON& Tower with Radar,103,83,20,0,206,0,4,9,0,13,103,87,29,0,219,32,0,32,251
03/01/2007,GEG,WA,ANM,WE,Combined TRACON& Tower with Radar,119,66,35,2,222,0,1,32,0,33,119,67,67,2,255,102,0,102,357
03/02/2007,GEG,WA,ANM,WE,Combined TRACON& Tower with Radar,109,54,27,1,191,0,5,34,0,39,109,59,61,1,230,60,0,60,290
03/03/2007,GEG,WA,ANM,WE,Combined TRACON& Tower with Radar,91,37,8,0,136,0,0,0,0,0,91,37,8,0,136,0,0,0,136
03/04/2007,GEG,WA,ANM,WE,Combined TRACON& Tower with Radar,100,21,15,0,136,0,1,11,0,12,100,22,26,0,148,82,0,82,230
03/05/2007,GEG,WA,ANM,WE,Combined TRACON& Tower with Radar,103,60,28,0,191,0,8,8,0,16,103,68,36,0,207,50,0,50,257
03/06/2007,GEG,WA,ANM,WE,Combined TRACON& Tower with Radar,125,69,55,0,249,0,15,39,0,54,125,84,94,0,303,86,0,86,389
03/07/2007,GEG,WA,ANM,WE,Combined TRACON& Tower with Radar,121,66,44,6,237,0,3,47,0,50,121,69,91,6,287,92,0,92,379
03/08/2007,GEG,WA,ANM,WE,Combined TRACON& Tower with Radar,109,62,23,2,196,0,1,30,1,32,109,63,53,3,228,40,2,42,270
03/09/2007,GEG,WA,ANM,WE,Combined TRACON& Tower with Radar,108,63,28,1,200,0,4,44,0,48,108,67,72,1,248,72,12,84,332
03/10/2007,GEG,WA,ANM,WE,Combined TRACON& Tower with Radar,93,34,35,0,162,0,1,37,0,38,93,35,72,0,200,92,0,92,292
03/11/2007,GEG,WA,ANM,WE,Combined TRACON& Tower with Radar,107,27,11,0,145,0,1,13,0,14,107,28,24,0,159,26,0,26,185
03/12/2007,GEG,WA,ANM,WE,Combined TRACON& Tower with Radar,111,46,19,0,176,0,7,11,0,18,111,53,30,0,194,8,0,8,202
03/13/2007,GEG,WA,ANM,WE,Combined TRACON& Tower with Radar,123,55,31,0,209,0,5,40,11,56,123,60,71,11,265,80,0,80,345
03/14/2007,GEG,WA,ANM,WE,Combined TRACON& Tower with Radar,120,58,35,4,217,0,5,19,0,24,120,63,54,4,241,68,6,74,315
03/15/2007,GEG,WA,ANM,WE,Combined TRACON& Tower with Radar,119,58,29,2,208,0,7,49,3,59,119,65,78,5,267,40,20,60,327
03/16/2007,GEG,WA,ANM,WE,Combined TRACON& Tower with Radar,116,77,41,6,240,0,2,79,0,81,116,79,120,6,321,62,0,62,383
03/17/2007,GEG,WA,ANM,WE,Combined TRACON& Tower with Radar,108,33,31,0,172,0,5,31,0,36,108,38,62,0,208,46,0,46,254
03/18/2007,GEG,WA,ANM,WE,Combined TRACON& Tower with Radar,108,25,36,0,169,0,0,40,0,40,108,25,76,0,209,50,0,50,259
03/19/2007,GEG,WA,ANM,WE,Combined TRACON& Tower with Radar,125,55,24,2,206,0,8,17,0,25,125,63,41,2,231,24,2,26,257
03/20/2007,GEG,WA,ANM,WE,Combined TRACON& Tower with Radar,122,107,22,0,251,1,6,16,0,23,123,113,38,0,274,36,0,36,310
03/21/2007,GEG,WA,ANM,WE,Combined TRACON& Tower with Radar,116,59,36,0,211,0,5,50,1,56,116,64,86,1,267,114,0,114,381
03/22/2007,GEG,WA,ANM,WE,Combined TRACON& Tower with Radar,130,50,55,0,235,0,7,32,0,39,130,57,87,0,274,112,0,112,386
03/23/2007,GEG,WA,ANM,WE,Combined TRACON& Tower with Radar,115,54,42,0,211,0,2,30,0,32,115,56,72,0,243,34,0,34,277
03/24/2007,GEG,WA,ANM,WE,Combined TRACON& Tower with Radar,99,34,7,0,140,0,3,4,0,7,99,37,11,0,147,16,0,16,163
03/25/2007,GEG,WA,ANM,WE,Combined TRACON& Tower with Radar,102,20,10,0,132,0,0,5,0,5,102,20,15,0,137,16,0,16,153
03/26/2007,GEG,WA,ANM,WE,Combined TRACON& Tower with Radar,107,69,8,0,184,0,15,32,0,47,107,84,40,0,231,73,0,73,304
03/27/2007,GEG,WA,ANM,WE,Combined TRACON& Tower with Radar,118,58,16,0,192,0,3,16,0,19,118,61,32,0,211,48,0,48,259
03/28/2007,GEG,WA,ANM,WE,Combined TRACON& Tower with Radar,117,63,25,10,215,0,5,57,1,63,117,68,82,11,278,124,10,134,412
03/29/2007,GEG,WA,ANM,WE,Combined TRACON& Tower with Radar,129,41,27,0,197,0,8,43,0,51,129,49,70,0,248,270,0,270,518
03/30/2007,GEG,WA,ANM,WE,Combined TRACON& Tower with Radar,125,52,38,4,219,0,10,59,0,69,125,62,97,4,288,178,0,178,466
03/31/2007,GEG,WA,ANM,WE,Combined TRACON& Tower with Radar,95,39,14,0,148,0,1,32,0,33,95,40,46,0,181,130,0,130,311
04/01/2007,GEG,WA,ANM,WE,Combined TRACON& Tower with Radar,102,18,16,0,136,0,1,22,0,23,102,19,38,0,159,14,0,14,173
04/02/2007,GEG,WA,ANM,WE,Combined TRACON& Tower with Radar,104,62,21,0,187,0,5,23,0,28,104,67,44,0,215,14,0,14,229
04/03/2007,GEG,WA,ANM,WE,Combined TRACON& Tower with Radar,112,57,23,6,198,0,16,31,1,48,112,73,54,7,246,62,4,66,312
04/04/2007,GEG,WA,ANM,WE,Combined TRACON& Tower with Radar,115,58,18,0,191,0,6,12,0,18,115,64,30,0,209,20,0,20,229
04/05/2007,GEG,WA,ANM,WE,Combined TRACON& Tower with Radar,121,54,14,0,189,0,0,58,0,58,121,54,72,0,247,68,0,68,315
04/06/2007,GEG,WA,ANM,WE,Combined TRACON& Tower with Radar,112,53,15,1,181,0,10,60,0,70,112,63,75,1,251,124,4,128,379
04/07/2007,GEG,WA,ANM,WE,Combined TRACON& Tower with Radar,95,42,9,0,146,0,5,47,1,53,95,47,56,1,199,44,0,44,243
04/08/2007,GEG,WA,ANM,WE,Combined TRACON& Tower with Radar,109,27,6,0,142,0,0,19,0,19,109,27,25,0,161,16,0,16,177
04/09/2007,GEG,WA,ANM,WE,Combined TRACON& Tower with Radar,120,66,16,0,202,0,6,5,0,11,120,72,21,0,213,24,0,24,237
04/10/2007,GEG,WA,ANM,WE,Combined TRACON& Tower with Radar,122,57,26,0,205,0,7,17,0,24,122,64,43,0,229,12,0,12,241
04/11/2007,GEG,WA,ANM,WE,Combined TRACON& Tower with Radar,120,68,25,0,213,0,6,54,0,60,120,74,79,0,273,54,0,54,327
04/12/2007,GEG,WA,ANM,WE,Combined TRACON& Tower with Radar,120,65,26,0,211,0,4,61,0,65,120,69,87,0,276,103,0,103,379
04/13/2007,GEG,WA,ANM,WE,Combined TRACON& Tower with Radar,117,61,19,0,197,0,12,56,0,68,117,73,75,0,265,120,0,120,385
04/14/2007,GEG,WA,ANM,WE,Combined TRACON& Tower with Radar,102,38,13,0,153,0,6,3,0,9,102,44,16,0,162,34,4,38,200
04/15/2007,GEG,WA,ANM,WE,Combined TRACON& Tower with Radar,104,36,19,0,159,0,0,31,0,31,104,36,50,0,190,24,0,24,214
04/16/2007,GEG,WA,ANM,WE,Combined TRACON& Tower with Radar,121,57,14,0,192,0,7,32,0,39,121,64,46,0,231,42,0,42,273
04/17/2007,GEG,WA,ANM,WE,Combined TRACON& Tower with Radar,115,66,31,0,212,0,14,16,0,30,115,80,47,0,242,110,0,110,352
04/18/2007,GEG,WA,ANM,WE,Combined TRACON& Tower with Radar,133,78,31,8,250,0,4,40,0,44,133,82,71,8,294,57,0,57,351
04/19/2007,GEG,WA,ANM,WE,Combined TRACON& Tower with Radar,128,64,32,1,225,0,9,41,0,50,128,73,73,1,275,76,0,76,351
04/20/2007,GEG,WA,ANM,WE,Combined TRACON& Tower with Radar,108,56,26,0,190,0,0,0,0,0,108,56,26,0,190,90,0,90,280
04/21/2007,GEG,WA,ANM,WE,Combined TRACON& Tower with Radar,105,35,7,0,147,0,1,17,0,18,105,36,24,0,165,30,0,30,195
04/22/2007,GEG,WA,ANM,WE,Combined TRACON& Tower with Radar,104,27,8,0,139,0,0,15,0,15,104,27,23,0,154,26,0,26,180
04/23/2007,GEG,WA,ANM,WE,Combined TRACON& Tower with Radar,120,49,22,0,191,0,0,0,0,0,120,49,22,0,191,32,12,44,235
04/24/2007,GEG,WA,ANM,WE,Combined TRACON& Tower with Radar,122,67,26,0,215,0,6,38,0,44,122,73,64,0,259,92,0,92,351
04/25/2007,GEG,WA,ANM,WE,Combined TRACON& Tower with Radar,128,49,25,0,202,0,3,39,0,42,128,52,64,0,244,0,0,0,244
04/26/2007,GEG,WA,ANM,WE,Combined TRACON& Tower with Radar,121,57,29,0,207,0,8,53,0,61,121,65,82,0,268,89,0,89,357
04/27/2007,GEG,WA,ANM,WE,Combined TRACON& Tower with Radar,114,56,24,0,194,0,4,53,0,57,114,60,77,0,251,18,0,18,269
04/28/2007,GEG,WA,ANM,WE,Combined TRACON& Tower with Radar,111,28,11,0,150,0,3,48,0,51,111,31,59,0,201,16,0,16,217
04/29/2007,GEG,WA,ANM,WE,Combined TRACON& Tower with Radar,105,30,10,0,145,0,0,30,0,30,105,30,40,0,175,46,0,46,221
04/30/2007,GEG,WA,ANM,WE,Combined TRACON& Tower with Radar,109,49,12,0,170,0,10,61,2,73,109,59,73,2,243,66,0,66,309
05/01/2007,GEG,WA,ANM,WE,Combined TRACON& Tower with Radar,126,52,21,0,199,0,4,44,0,48,126,56,65,0,247,76,0,76,323
05/02/2007,GEG,WA,ANM,WE,Combined TRACON& Tower with Radar,125,59,33,0,217,0,4,6,1,11,125,63,39,1,228,12,4,16,244
05/03/2007,GEG,WA,ANM,WE,Combined TRACON& Tower with Radar,126,57,29,0,212,0,6,30,0,36,126,63,59,0,248,58,0,58,306
05/04/2007,GEG,WA,ANM,WE,Combined TRACON& Tower with Radar,115,59,26,6,206,0,1,38,16,55,115,60,64,22,261,50,6,56,317
05/05/2007,GEG,WA,ANM,WE,Combined TRACON& Tower with Radar,110,27,12,0,149,0,3,57,0,60,110,30,69,0,209,160,0,160,369
05/06/2007,GEG,WA,ANM,WE,Combined TRACON& Tower with Radar,116,29,14,0,159,0,0,24,0,24,116,29,38,0,183,54,0,54,237
05/07/2007,GEG,WA,ANM,WE,Combined TRACON& Tower with Radar,116,55,22,2,195,0,10,54,0,64,116,65,76,2,259,40,10,50,309
05/08/2007,GEG,WA,ANM,WE,Combined TRACON& Tower with Radar,120,46,27,1,194,0,17,53,2,72,120,63,80,3,266,2,46,48,314
05/09/2007,GEG,WA,ANM,WE,Combined TRACON& Tower with Radar,129,52,22,0,203,0,3,69,0,72,129,55,91,0,275,108,0,108,383
05/10/2007,GEG,WA,ANM,WE,Combined TRACON& Tower with Radar,127,52,42,4,225,0,11,58,0,69,127,63,100,4,294,98,0,98,392
05/11/2007,GEG,WA,ANM,WE,Combined TRACON& Tower with Radar,128,61,25,6,220,0,10,41,2,53,128,71,66,8,273,130,0,130,403
05/12/2007,GEG,WA,ANM,WE,Combined TRACON& Tower with Radar,106,23,6,0,135,0,6,30,0,36,106,29,36,0,171,10,0,10,181
05/13/2007,GEG,WA,ANM,WE,Combined TRACON& Tower with Radar,107,24,19,0,150,0,0,7,0,7,107,24,26,0,157,0,0,0,157
05/14/2007,GEG,WA,ANM,WE,Combined TRACON& Tower with Radar,112,51,21,3,187,0,11,43,0,54,112,62,64,3,241,75,6,81,322
05/15/2007,GEG,WA,ANM,WE,Combined TRACON& Tower with Radar,129,51,16,0,196,0,16,48,2,66,129,67,64,2,262,54,0,54,316
05/16/2007,GEG,WA,ANM,WE,Combined TRACON& Tower with Radar,129,53,17,0,199,0,8,49,0,57,129,61,66,0,256,50,0,50,306
05/17/2007,GEG,WA,ANM,WE,Combined TRACON& Tower with Radar,129,76,26,0,231,0,11,53,0,64,129,87,79,0,295,66,0,66,361
05/18/2007,GEG,WA,ANM,WE,Combined TRACON& Tower with Radar,117,54,19,1,191,0,4,75,0,79,117,58,94,1,270,94,0,94,364
05/19/2007,GEG,WA,ANM,WE,Combined TRACON& Tower with Radar,112,35,9,0,156,0,3,42,0,45,112,38,51,0,201,76,0,76,277
05/20/2007,GEG,WA,ANM,WE,Combined TRACON& Tower with Radar,116,32,20,1,169,0,0,20,0,20,116,32,40,1,189,42,0,42,231
05/21/2007,GEG,WA,ANM,WE,Combined TRACON& Tower with Radar,113,57,15,0,185,0,1,6,0,7,113,58,21,0,192,28,0,28,220
05/22/2007,GEG,WA,ANM,WE,Combined TRACON& Tower with Radar,131,54,24,0,209,0,7,18,0,25,131,61,42,0,234,58,10,68,302
05/23/2007,GEG,WA,ANM,WE,Combined TRACON& Tower with Radar,126,58,26,0,210,0,11,40,0,51,126,69,66,0,261,60,0,60,321
05/24/2007,GEG,WA,ANM,WE,Combined TRACON& Tower with Radar,117,54,24,0,195,0,11,52,0,63,117,65,76,0,258,24,0,24,282
05/25/2007,GEG,WA,ANM,WE,Combined TRACON& Tower with Radar,119,53,20,1,193,0,11,76,0,87,119,64,96,1,280,60,0,60,340
05/26/2007,GEG,WA,ANM,WE,Combined TRACON& Tower with Radar,106,36,12,0,154,0,2,35,0,37,106,38,47,0,191,98,0,98,289
05/27/2007,GEG,WA,ANM,WE,Combined TRACON& Tower with Radar,90,19,8,0,117,0,0,10,0,10,90,19,18,0,127,6,0,6,133
05/28/2007,GEG,WA,ANM,WE,Combined TRACON& Tower with Radar,102,27,18,0,147,0,0,16,0,16,102,27,34,0,163,12,0,12,175
05/29/2007,GEG,WA,ANM,WE,Combined TRACON& Tower with Radar,117,55,22,2,196,0,11,58,0,69,117,66,80,2,265,100,8,108,373
05/30/2007,GEG,WA,ANM,WE,Combined TRACON& Tower with Radar,125,46,68,0,239,0,12,72,0,84,125,58,140,0,323,88,2,90,413
05/31/2007,GEG,WA,ANM,WE,Combined TRACON& Tower with Radar,118,47,26,0,191,0,9,59,0,68,118,56,85,0,259,94,0,94,353
06/01/2007,GEG,WA,ANM,WE,Combined TRACON& Tower with Radar,112,63,27,0,202,0,13,79,0,92,112,76,106,0,294,108,0,108,402
06/02/2007,GEG,WA,ANM,WE,Combined TRACON& Tower with Radar,112,28,11,0,151,0,4,51,0,55,112,32,62,0,206,114,11,125,331
06/03/2007,GEG,WA,ANM,WE,Combined TRACON& Tower with Radar,104,22,16,2,144,0,1,54,0,55,104,23,70,2,199,46,0,46,245
06/04/2007,GEG,WA,ANM,WE,Combined TRACON& Tower with Radar,110,59,23,2,194,0,5,39,0,44,110,64,62,2,238,36,0,36,274
06/05/2007,GEG,WA,ANM,WE,Combined TRACON& Tower with Radar,130,58,34,1,223,8,19,1,0,28,138,77,35,1,251,34,0,34,285
06/06/2007,GEG,WA,ANM,WE,Combined TRACON& Tower with Radar,127,55,28,2,212,4,4,31,0,39,131,59,59,2,251,66,2,68,319
06/07/2007,GEG,WA,ANM,WE,Combined TRACON& Tower with Radar,127,61,29,3,220,0,6,55,0,61,127,67,84,3,281,64,0,64,345
06/08/2007,GEG,WA,ANM,WE,Combined TRACON& Tower with Radar,121,55,35,2,213,0,12,63,1,76,121,67,98,3,289,56,0,56,345
06/09/2007,GEG,WA,ANM,WE,Combined TRACON& Tower with Radar,105,37,19,0,161,0,1,49,0,50,105,38,68,0,211,38,0,38,249
06/10/2007,GEG,WA,ANM,WE,Combined TRACON& Tower with Radar,113,25,15,0,153,0,0,9,0,9,113,25,24,0,162,2,0,2,164
06/11/2007,GEG,WA,ANM,WE,Combined TRACON& Tower with Radar,132,62,40,0,234,0,11,47,0,58,132,73,87,0,292,20,0,20,312
06/12/2007,GEG,WA,ANM,WE,Combined TRACON& Tower with Radar,125,53,23,4,205,0,15,64,0,79,125,68,87,4,284,68,2,70,354
06/13/2007,GEG,WA,ANM,WE,Combined TRACON& Tower with Radar,139,73,35,0,247,1,13,22,0,36,140,86,57,0,283,56,0,56,339
06/14/2007,GEG,WA,ANM,WE,Combined TRACON& Tower with Radar,144,59,23,9,235,0,32,49,0,81,144,91,72,9,316,146,2,148,464
06/15/2007,GEG,WA,ANM,WE,Combined TRACON& Tower with Radar,127,54,32,6,219,0,6,51,0,57,127,60,83,6,276,76,6,82,358
06/16/2007,GEG,WA,ANM,WE,Combined TRACON& Tower with Radar,115,32,13,5,165,0,1,37,1,39,115,33,50,6,204,38,0,38,242
06/17/2007,GEG,WA,ANM,WE,Combined TRACON& Tower with Radar,112,27,18,0,157,0,1,11,0,12,112,28,29,0,169,10,0,10,179
06/18/2007,GEG,WA,ANM,WE,Combined TRACON& Tower with Radar,126,54,38,0,218,0,16,40,0,56,126,70,78,0,274,86,0,86,360
06/19/2007,GEG,WA,ANM,WE,Combined TRACON& Tower with Radar,130,58,56,0,244,0,0,83,0,83,130,58,139,0,327,134,0,134,461
06/20/2007,GEG,WA,ANM,WE,Combined TRACON& Tower with Radar,124,58,16,0,198,0,11,76,0,87,124,69,92,0,285,62,0,62,347
06/21/2007,GEG,WA,ANM,WE,Combined TRACON& Tower with Radar,131,54,26,0,211,0,9,50,1,60,131,63,76,1,271,60,0,60,331
06/22/2007,GEG,WA,ANM,WE,Combined TRACON& Tower with Radar,121,48,23,2,194,0,12,53,2,67,121,60,76,4,261,94,0,94,355
06/23/2007,GEG,WA,ANM,WE,Combined TRACON& Tower with Radar,129,22,19,0,170,0,2,42,0,44,129,24,61,0,214,20,0,20,234
06/24/2007,GEG,WA,ANM,WE,Combined TRACON& Tower with Radar,112,21,7,0,140,0,0,20,0,20,112,21,27,0,160,27,0,27,187
06/25/2007,GEG,WA,ANM,WE,Combined TRACON& Tower with Radar,121,53,20,0,194,0,12,53,0,65,121,65,73,0,259,0,90,90,349
06/26/2007,GEG,WA,ANM,WE,Combined TRACON& Tower with Radar,129,87,22,5,243,0,10,80,0,90,129,97,102,5,333,74,20,94,427
06/27/2007,GEG,WA,ANM,WE,Combined TRACON& Tower with Radar,142,60,31,0,233,0,33,72,0,105,142,93,103,0,338,86,0,86,424
06/28/2007,GEG,WA,ANM,WE,Combined TRACON& Tower with Radar,138,42,17,0,197,0,0,57,26,83,138,42,74,26,280,66,0,66,346
06/29/2007,GEG,WA,ANM,WE,Combined TRACON& Tower with Radar,127,59,18,0,204,0,11,37,0,48,127,70,55,0,252,40,0,40,292
06/30/2007,GEG,WA,ANM,WE,Combined TRACON& Tower with Radar,113,46,21,0,180,0,2,35,0,37,113,48,56,0,217,32,0,32,249
07/01/2007,GEG,WA,ANM,WE,Combined TRACON& Tower with Radar,115,28,18,0,161,0,0,39,0,39,115,28,57,0,200,90,0,90,290
07/02/2007,GEG,WA,ANM,WE,Combined TRACON& Tower with Radar,122,49,18,0,189,0,16,60,0,76,122,65,78,0,265,120,0,120,385
07/03/2007,GEG,WA,ANM,WE,Combined TRACON& Tower with Radar,132,53,24,7,216,0,8,76,0,84,132,61,100,7,300,48,18,66,366
07/04/2007,GEG,WA,ANM,WE,Combined TRACON& Tower with Radar,105,25,29,0,159,0,3,44,0,47,105,28,73,0,206,108,0,108,314
07/05/2007,GEG,WA,ANM,WE,Combined TRACON& Tower with Radar,134,51,10,1,196,0,7,52,0,59,134,58,62,1,255,14,0,14,269
07/06/2007,GEG,WA,ANM,WE,Combined TRACON& Tower with Radar,121,59,28,0,208,0,10,48,0,58,121,69,76,0,266,122,0,122,388
07/07/2007,GEG,WA,ANM,WE,Combined TRACON& Tower with Radar,113,38,16,0,167,0,6,41,0,47,113,44,57,0,214,0,0,0,214
07/08/2007,GEG,WA,ANM,WE,Combined TRACON& Tower with Radar,126,38,28,0,192,0,1,34,0,35,126,39,62,0,227,28,0,28,255
07/09/2007,GEG,WA,ANM,WE,Combined TRACON& Tower with Radar,124,44,24,6,198,0,16,52,0,68,124,60,76,6,266,38,12,50,316
07/10/2007,GEG,WA,ANM,WE,Combined TRACON& Tower with Radar,128,64,27,0,219,0,15,64,0,79,128,79,91,0,298,72,0,72,370
07/11/2007,GEG,WA,ANM,WE,Combined TRACON& Tower with Radar,122,52,48,10,232,0,0,56,0,56,122,52,104,10,288,84,0,84,372
07/12/2007,GEG,WA,ANM,WE,Combined TRACON& Tower with Radar,131,66,31,0,228,0,11,50,0,61,131,77,81,0,289,64,0,64,353
07/13/2007,GEG,WA,ANM,WE,Combined TRACON& Tower with Radar,137,49,15,13,214,0,10,44,0,54,137,59,59,13,268,10,10,20,288
07/14/2007,GEG,WA,ANM,WE,Combined TRACON& Tower with Radar,116,36,21,0,173,0,4,57,0,61,116,40,78,0,234,12,0,12,246
07/15/2007,GEG,WA,ANM,WE,Combined TRACON& Tower with Radar,110,35,11,0,156,0,0,32,0,32,110,35,43,0,188,40,0,40,228
07/16/2007,GEG,WA,ANM,WE,Combined TRACON& Tower with Radar,116,52,28,0,196,0,10,43,0,53,116,62,71,0,249,42,0,42,291
07/17/2007,GEG,WA,ANM,WE,Combined TRACON& Tower with Radar,131,78,28,0,237,0,12,66,0,78,131,90,94,0,315,32,0,32,347
07/18/2007,GEG,WA,ANM,WE,Combined TRACON& Tower with Radar,138,59,31,0,228,0,11,63,0,74,138,70,94,0,302,38,0,38,340
07/19/2007,GEG,WA,ANM,WE,Combined TRACON& Tower with Radar,134,66,43,0,243,0,7,37,1,45,134,73,80,1,288,96,0,96,384
07/20/2007,GEG,WA,ANM,WE,Combined TRACON& Tower with Radar,128,54,34,0,216,0,6,54,0,60,128,60,88,0,276,63,0,63,339
07/21/2007,GEG,WA,ANM,WE,Combined TRACON& Tower with Radar,126,32,36,2,196,0,10,38,1,49,126,42,74,3,245,92,0,92,337
07/22/2007,GEG,WA,ANM,WE,Combined TRACON& Tower with Radar,111,33,10,2,156,0,0,42,0,42,111,33,52,2,198,82,0,82,280
07/23/2007,GEG,WA,ANM,WE,Combined TRACON& Tower with Radar,125,58,20,0,203,0,6,38,0,44,125,64,58,0,247,62,0,62,309
07/24/2007,GEG,WA,ANM,WE,Combined TRACON& Tower with Radar,130,63,10,0,203,0,8,46,2,56,130,71,56,2,259,24,0,24,283
07/25/2007,GEG,WA,ANM,WE,Combined TRACON& Tower with Radar,132,65,17,2,216,0,11,53,1,65,132,76,70,3,281,104,2,106,387
07/26/2007,GEG,WA,ANM,WE,Combined TRACON& Tower with Radar,132,67,24,0,223,0,9,52,0,61,132,76,76,0,284,94,0,94,378
07/27/2007,GEG,WA,ANM,WE,Combined TRACON& Tower with Radar,124,70,30,0,224,0,10,41,0,51,124,80,71,0,275,48,0,48,323
07/28/2007,GEG,WA,ANM,WE,Combined TRACON& Tower with Radar,107,39,9,3,158,0,6,31,1,38,107,45,40,4,196,38,0,38,234
07/29/2007,GEG,WA,ANM,WE,Combined TRACON& Tower with Radar,114,29,12,5,160,0,1,39,5,45,114,30,51,10,205,26,12,38,243
07/30/2007,GEG,WA,ANM,WE,Combined TRACON& Tower with Radar,126,56,26,0,208,0,11,69,0,80,126,67,95,0,288,75,0,75,363
07/31/2007,GEG,WA,ANM,WE,Combined TRACON& Tower with Radar,126,52,18,4,200,0,12,68,1,81,126,64,86,5,281,44,4,48,329
08/01/2007,GEG,WA,ANM,WE,Combined TRACON& Tower with Radar,139,74,24,1,238,0,12,30,0,42,139,86,54,1,280,28,0,28,308
08/02/2007,GEG,WA,ANM,WE,Combined TRACON& Tower with Radar,124,61,32,0,217,0,8,44,0,52,124,69,76,0,269,72,0,72,341
08/03/2007,GEG,WA,ANM,WE,Combined TRACON& Tower with Radar,142,60,19,0,221,0,6,38,0,44,142,66,57,0,265,26,0,26,291
08/04/2007,GEG,WA,ANM,WE,Combined TRACON& Tower with Radar,117,43,14,0,174,0,3,41,0,44,117,46,55,0,218,52,0,52,270
08/05/2007,GEG,WA,ANM,WE,Combined TRACON& Tower with Radar,120,29,14,0,163,0,1,37,0,38,120,30,51,0,201,22,0,22,223
08/06/2007,GEG,WA,ANM,WE,Combined TRACON& Tower with Radar,129,57,31,0,217,0,7,57,1,65,129,64,88,1,282,56,0,56,338
08/07/2007,GEG,WA,ANM,WE,Combined TRACON& Tower with Radar,134,65,30,4,233,0,10,35,0,45,134,75,65,4,278,14,4,18,296
08/08/2007,GEG,WA,ANM,WE,Combined TRACON& Tower with Radar,136,55,20,0,211,0,9,45,0,54,136,64,65,0,265,100,0,100,365
08/09/2007,GEG,WA,ANM,WE,Combined TRACON& Tower with Radar,132,62,33,0,227,0,10,63,0,73,132,72,96,0,300,64,0,64,364
08/10/2007,GEG,WA,ANM,WE,Combined TRACON& Tower with Radar,145,43,32,2,222,0,2,39,1,42,145,45,71,3,264,32,2,34,298
08/11/2007,GEG,WA,ANM,WE,Combined TRACON& Tower with Radar,116,39,18,0,173,0,0,0,0,0,116,39,18,0,173,48,0,48,221
08/12/2007,GEG,WA,ANM,WE,Combined TRACON& Tower with Radar,116,34,8,2,160,0,0,35,0,35,116,34,43,2,195,10,0,10,205
08/13/2007,GEG,WA,ANM,WE,Combined TRACON& Tower with Radar,133,44,30,9,216,0,8,48,1,57,133,52,78,10,273,72,2,74,347
08/14/2007,GEG,WA,ANM,WE,Combined TRACON& Tower with Radar,138,63,42,1,244,0,12,69,0,81,138,75,111,1,325,64,0,64,389
08/15/2007,GEG,WA,ANM,WE,Combined TRACON& Tower with Radar,131,56,31,0,218,0,11,47,0,58,131,67,78,0,276,12,0,12,288
08/16/2007,GEG,WA,ANM,WE,Combined TRACON& Tower with Radar,129,57,27,4,217,0,39,55,0,94,129,96,82,4,311,26,0,26,337
08/17/2007,GEG,WA,ANM,WE,Combined TRACON& Tower with Radar,125,61,26,0,212,0,7,39,0,46,125,68,65,0,258,34,0,34,292
08/18/2007,GEG,WA,ANM,WE,Combined TRACON& Tower with Radar,109,46,22,0,177,0,5,27,1,33,109,51,49,1,210,28,0,28,238
08/19/2007,GEG,WA,ANM,WE,Combined TRACON& Tower with Radar,116,35,20,0,171,0,0,9,0,9,116,35,29,0,180,0,0,0,180
08/20/2007,GEG,WA,ANM,WE,Combined TRACON& Tower with Radar,121,74,37,2,234,0,3,24,0,27,121,77,61,2,261,36,0,36,297
08/21/2007,GEG,WA,ANM,WE,Combined TRACON& Tower with Radar,140,66,38,10,254,0,6,33,0,39,140,72,71,10,293,32,10,42,335
08/22/2007,GEG,WA,ANM,WE,Combined TRACON& Tower with Radar,132,56,32,5,225,0,10,43,4,57,132,66,75,9,282,18,2,20,302
08/23/2007,GEG,WA,ANM,WE,Combined TRACON& Tower with Radar,127,62,15,4,208,0,11,60,4,75,127,73,75,8,283,22,10,32,315
08/24/2007,GEG,WA,ANM,WE,Combined TRACON& Tower with Radar,127,20,30,0,177,0,47,30,0,77,127,67,60,0,254,30,0,30,284
08/25/2007,GEG,WA,ANM,WE,Combined TRACON& Tower with Radar,109,41,16,0,166,0,6,43,0,49,109,47,59,0,215,36,0,36,251
08/26/2007,GEG,WA,ANM,WE,Combined TRACON& Tower with Radar,122,23,2,0,147,0,1,17,0,18,122,24,19,0,165,2,0,2,167
08/27/2007,GEG,WA,ANM,WE,Combined TRACON& Tower with Radar,117,64,50,0,231,0,12,46,0,58,117,76,96,0,289,22,4,26,315
08/28/2007,GEG,WA,ANM,WE,Combined TRACON& Tower with Radar,129,72,28,0,229,0,19,54,0,73,129,91,82,0,302,52,0,52,354
08/29/2007,GEG,WA,ANM,WE,Combined TRACON& Tower with Radar,125,63,20,0,208,0,11,80,0,91,125,74,100,0,299,54,0,54,353
08/30/2007,GEG,WA,ANM,WE,Combined TRACON& Tower with Radar,135,56,37,0,228,0,8,34,0,42,135,64,71,0,270,76,0,76,346
08/31/2007,GEG,WA,ANM,WE,Combined TRACON& Tower with Radar,125,57,19,1,202,0,8,45,0,53,125,65,64,1,255,44,0,44,299
09/01/2007,GEG,WA,ANM,WE,Combined TRACON& Tower with Radar,119,38,18,0,175,0,4,36,0,40,119,42,54,0,215,0,0,0,215
09/02/2007,GEG,WA,ANM,WE,Combined TRACON& Tower with Radar,97,24,12,2,135,0,0,28,3,31,97,24,40,5,166,24,0,24,190
09/03/2007,GEG,WA,ANM,WE,Combined TRACON& Tower with Radar,106,34,15,5,160,0,1,0,0,1,106,35,15,5,161,24,0,24,185
09/04/2007,GEG,WA,ANM,WE,Combined TRACON& Tower with Radar,113,63,34,0,210,0,8,45,0,53,113,71,79,0,263,102,0,102,365
09/05/2007,GEG,WA,ANM,WE,Combined TRACON& Tower with Radar,130,63,27,0,220,0,7,67,0,74,130,70,94,0,294,124,0,124,418
09/06/2007,GEG,WA,ANM,WE,Combined TRACON& Tower with Radar,139,55,31,0,225,0,14,42,0,56,139,69,73,0,281,52,2,54,335
09/07/2007,GEG,WA,ANM,WE,Combined TRACON& Tower with Radar,126,55,33,0,214,0,7,55,0,62,126,62,88,0,276,88,2,90,366
09/08/2007,GEG,WA,ANM,WE,Combined TRACON& Tower with Radar,111,37,10,2,160,0,5,38,0,43,111,42,48,2,203,38,0,38,241
09/09/2007,GEG,WA,ANM,WE,Combined TRACON& Tower with Radar,110,31,15,0,156,0,3,10,0,13,110,34,25,0,169,2,0,2,171
09/10/2007,GEG,WA,ANM,WE,Combined TRACON& Tower with Radar,119,51,36,11,217,0,8,59,9,76,119,59,95,20,293,72,0,72,365
09/11/2007,GEG,WA,ANM,WE,Combined TRACON& Tower with Radar,130,64,14,6,214,0,10,65,0,75,130,74,79,6,289,78,5,83,372
09/12/2007,GEG,WA,ANM,WE,Combined TRACON& Tower with Radar,116,55,33,0,204,0,8,55,0,63,116,63,88,0,267,64,0,64,331
09/13/2007,GEG,WA,ANM,WE,Combined TRACON& Tower with Radar,110,59,31,0,200,4,14,52,0,70,114,73,83,0,270,64,0,64,334
09/14/2007,GEG,WA,ANM,WE,Combined TRACON& Tower with Radar,112,68,26,0,206,0,12,59,0,71,112,80,85,0,277,120,2,122,399
09/15/2007,GEG,WA,ANM,WE,Combined TRACON& Tower with Radar,104,39,14,0,157,0,6,30,0,36,104,45,44,0,193,60,0,60,253
09/16/2007,GEG,WA,ANM,WE,Combined TRACON& Tower with Radar,102,34,16,0,152,0,0,27,0,27,102,34,43,0,179,24,0,24,203
09/17/2007,GEG,WA,ANM,WE,Combined TRACON& Tower with Radar,109,51,13,0,173,0,6,21,0,27,109,57,34,0,200,24,0,24,224
09/18/2007,GEG,WA,ANM,WE,Combined TRACON& Tower with Radar,131,52,13,2,198,0,6,41,0,47,131,58,54,2,245,106,0,106,351
09/19/2007,GEG,WA,ANM,WE,Combined TRACON& Tower with Radar,132,77,24,5,238,0,8,51,0,59,132,85,75,5,297,74,0,74,371
09/20/2007,GEG,WA,ANM,WE,Combined TRACON& Tower with Radar,124,72,28,0,224,0,9,51,0,60,124,81,79,0,284,50,0,50,334
09/21/2007,GEG,WA,ANM,WE,Combined TRACON& Tower with Radar,151,76,14,0,241,0,0,0,0,0,151,76,14,0,241,66,0,66,307
09/22/2007,GEG,WA,ANM,WE,Combined TRACON& Tower with Radar,118,26,28,0,172,0,4,23,0,27,118,30,51,0,199,36,0,36,235
09/23/2007,GEG,WA,ANM,WE,Combined TRACON& Tower with Radar,105,31,12,0,148,0,0,17,0,17,105,31,29,0,165,52,0,52,217
09/24/2007,GEG,WA,ANM,WE,Combined TRACON& Tower with Radar,118,58,18,0,194,0,10,28,0,38,118,68,46,0,232,73,0,73,305
09/25/2007,GEG,WA,ANM,WE,Combined TRACON& Tower with Radar,140,55,22,0,217,0,8,19,0,27,140,63,41,0,244,92,0,92,336
09/26/2007,GEG,WA,ANM,WE,Combined TRACON& Tower with Radar,143,80,58,0,281,0,3,50,0,53,143,83,108,0,334,106,0,106,440
09/27/2007,GEG,WA,ANM,WE,Combined TRACON& Tower with Radar,153,53,18,0,224,0,1,48,0,49,153,54,66,0,273,154,4,158,431
09/28/2007,GEG,WA,ANM,WE,Combined TRACON& Tower with Radar,132,62,23,0,217,0,1,12,0,13,132,63,35,0,230,16,0,16,246
09/29/2007,GEG,WA,ANM,WE,Combined TRACON& Tower with Radar,121,41,21,0,183,0,4,31,0,35,121,45,52,0,218,62,0,62,280
09/30/2007,GEG,WA,ANM,WE,Combined TRACON& Tower with Radar,110,37,12,0,159,6,0,0,0,6,116,37,12,0,165,0,0,0,165
10/01/2007,GEG,WA,ANM,WE,Combined TRACON& Tower with Radar,126,50,15,0,191,0,6,6,0,12,126,56,21,0,203,23,0,23,226
10/02/2007,GEG,WA,ANM,WE,Combined TRACON& Tower with Radar,130,65,13,4,212,0,4,7,0,11,130,69,20,4,223,2,0,2,225
10/03/2007,GEG,WA,ANM,WE,Combined TRACON& Tower with Radar,139,59,27,0,225,0,5,42,0,47,139,64,69,0,272,42,0,42,314
10/04/2007,GEG,WA,ANM,WE,Combined TRACON& Tower with Radar,135,62,15,0,212,0,5,21,0,26,135,67,36,0,238,54,0,54,292
10/05/2007,GEG,WA,ANM,WE,Combined TRACON& Tower with Radar,128,61,26,1,216,0,7,41,0,48,128,68,67,1,264,100,0,100,364
10/06/2007,GEG,WA,ANM,WE,Combined TRACON& Tower with Radar,105,38,22,0,165,0,3,27,0,30,105,41,49,0,195,0,22,22,217
10/07/2007,GEG,WA,ANM,WE,Combined TRACON& Tower with Radar,111,26,18,0,155,0,0,6,0,6,111,26,24,0,161,28,0,28,189
10/08/2007,GEG,WA,ANM,WE,Combined TRACON& Tower with Radar,135,46,17,0,198,0,7,25,0,32,135,53,42,0,230,48,0,48,278
10/09/2007,GEG,WA,ANM,WE,Combined TRACON& Tower with Radar,138,54,22,0,214,0,9,36,0,45,138,63,58,0,259,106,0,106,365
10/10/2007,GEG,WA,ANM,WE,Combined TRACON& Tower with Radar,134,53,49,0,236,0,6,34,0,40,134,59,83,0,276,106,0,106,382
10/11/2007,GEG,WA,ANM,WE,Combined TRACON& Tower with Radar,132,67,36,4,239,0,7,29,0,36,132,74,65,4,275,40,12,52,327
10/12/2007,GEG,WA,ANM,WE,Combined TRACON& Tower with Radar,127,62,15,0,204,0,3,33,0,36,127,65,48,0,240,50,0,50,290
10/13/2007,GEG,WA,ANM,WE,Combined TRACON& Tower with Radar,106,35,10,0,151,0,3,45,0,48,106,38,55,0,199,22,0,22,221
10/14/2007,GEG,WA,ANM,WE,Combined TRACON& Tower with Radar,123,31,13,0,167,0,0,27,0,27,123,31,40,0,194,38,0,38,232
10/15/2007,GEG,WA,ANM,WE,Combined TRACON& Tower with Radar,121,49,14,0,184,0,3,43,0,46,121,52,57,0,230,128,0,128,358
10/16/2007,GEG,WA,ANM,WE,Combined TRACON& Tower with Radar,143,74,20,0,237,0,15,21,0,36,143,89,41,0,273,124,0,124,397
10/17/2007,GEG,WA,ANM,WE,Combined TRACON& Tower with Radar,135,69,43,0,247,0,2,11,0,13,135,71,54,0,260,42,0,42,302
10/18/2007,GEG,WA,ANM,WE,Combined TRACON& Tower with Radar,132,68,13,0,213,0,3,10,0,13,132,71,23,0,226,28,0,28,254
10/19/2007,GEG,WA,ANM,WE,Combined TRACON& Tower with Radar,126,61,18,4,209,0,4,4,0,8,126,65,22,4,217,12,0,12,229
10/20/2007,GEG,WA,ANM,WE,Combined TRACON& Tower with Radar,110,37,12,1,160,0,3,5,0,8,110,40,17,1,168,0,0,0,168
10/21/2007,GEG,WA,ANM,WE,Combined TRACON& Tower with Radar,111,27,13,9,160,0,0,8,0,8,111,27,21,9,168,10,8,18,186
10/22/2007,GEG,WA,ANM,WE,Combined TRACON& Tower with Radar,12,49,19,2,82,0,12,32,0,44,12,61,51,2,126,116,0,116,242
10/23/2007,GEG,WA,ANM,WE,Combined TRACON& Tower with Radar,129,65,15,0,209,0,12,37,0,49,129,77,52,0,258,74,8,82,340
10/24/2007,GEG,WA,ANM,WE,Combined TRACON& Tower with Radar,127,57,22,24,230,0,17,32,0,49,127,74,54,24,279,54,16,70,349
10/25/2007,GEG,WA,ANM,WE,Combined TRACON& Tower with Radar,128,68,21,0,217,0,7,49,0,56,128,75,70,0,273,118,0,118,391
10/26/2007,GEG,WA,ANM,WE,Combined TRACON& Tower with Radar,127,56,34,0,217,0,19,40,0,59,127,75,74,0,276,72,0,72,348
10/27/2007,GEG,WA,ANM,WE,Combined TRACON& Tower with Radar,111,38,12,0,161,0,4,50,0,54,111,42,62,0,215,24,0,24,239
10/28/2007,GEG,WA,ANM,WE,Combined TRACON& Tower with Radar,112,31,8,0,151,0,1,29,0,30,112,32,37,0,181,48,0,48,229
10/29/2007,GEG,WA,ANM,WE,Combined TRACON& Tower with Radar,124,57,16,2,199,0,5,37,0,42,124,62,53,2,241,50,0,50,291
10/30/2007,GEG,WA,ANM,WE,Combined TRACON& Tower with Radar,138,55,21,3,217,0,15,36,0,51,138,70,57,3,268,182,0,182,450
10/31/2007,GEG,WA,ANM,WE,Combined TRACON& Tower with Radar,134,50,13,0,197,0,16,36,0,52,134,66,49,0,249,40,0,40,289
11/01/2007,GEG,WA,ANM,WE,Combined TRACON& Tower with Radar,133,57,20,4,214,0,10,47,0,57,133,67,67,4,271,86,4,90,361
11/02/2007,GEG,WA,ANM,WE,Combined TRACON& Tower with Radar,122,62,12,6,202,0,6,41,0,47,122,68,53,6,249,128,0,128,377
11/03/2007,GEG,WA,ANM,WE,Combined TRACON& Tower with Radar,106,41,11,0,158,0,3,21,0,24,106,44,32,0,182,18,0,18,200
11/04/2007,GEG,WA,ANM,WE,Combined TRACON& Tower with Radar,108,37,9,4,158,0,1,19,1,21,108,38,28,5,179,52,0,52,231
11/05/2007,GEG,WA,ANM,WE,Combined TRACON& Tower with Radar,118,57,15,0,190,0,9,35,0,44,118,66,50,0,234,16,0,16,250
11/06/2007,GEG,WA,ANM,WE,Combined TRACON& Tower with Radar,135,60,16,0,211,0,9,41,0,50,135,69,57,0,261,198,0,198,459
11/07/2007,GEG,WA,ANM,WE,Combined TRACON& Tower with Radar,132,64,25,0,221,0,1,25,0,26,132,65,50,0,247,94,14,108,355
11/08/2007,GEG,WA,ANM,WE,Combined TRACON& Tower with Radar,129,68,14,0,211,0,2,7,0,9,129,70,21,0,220,0,0,0,220
11/09/2007,GEG,WA,ANM,WE,Combined TRACON& Tower with Radar,125,70,19,2,216,0,2,19,0,21,125,72,38,2,237,16,0,16,253
11/10/2007,GEG,WA,ANM,WE,Combined TRACON& Tower with Radar,117,40,10,5,172,0,3,4,0,7,117,43,14,5,179,10,4,14,193
11/11/2007,GEG,WA,ANM,WE,Combined TRACON& Tower with Radar,120,28,18,0,166,0,0,10,0,10,120,28,28,0,176,20,0,20,196
11/12/2007,GEG,WA,ANM,WE,Combined TRACON& Tower with Radar,121,60,17,0,198,0,0,1,0,1,121,60,18,0,199,4,0,4,203
11/13/2007,GEG,WA,ANM,WE,Combined TRACON& Tower with Radar,129,55,29,0,213,0,9,50,0,59,129,64,79,0,272,172,0,172,444
11/14/2007,GEG,WA,ANM,WE,Combined TRACON& Tower with Radar,135,59,31,15,240,0,9,49,0,58,135,68,80,15,298,118,0,118,416
11/15/2007,GEG,WA,ANM,WE,Combined TRACON& Tower with Radar,131,70,30,0,231,0,2,22,0,24,131,72,52,0,255,52,0,52,307
11/16/2007,GEG,WA,ANM,WE,Combined TRACON& Tower with Radar,128,61,28,0,217,0,3,7,0,10,128,64,35,0,227,18,0,18,245
11/17/2007,GEG,WA,ANM,WE,Combined TRACON& Tower with Radar,115,44,25,0,184,0,0,2,0,2,115,44,27,0,186,0,0,0,186
11/18/2007,GEG,WA,ANM,WE,Combined TRACON& Tower with Radar,115,36,13,0,164,0,0,5,0,5,115,36,18,0,169,16,0,16,185
11/19/2007,GEG,WA,ANM,WE,Combined TRACON& Tower with Radar,120,64,29,0,213,0,2,9,0,11,120,66,38,0,224,26,0,26,250
11/20/2007,GEG,WA,ANM,WE,Combined TRACON& Tower with Radar,136,81,30,0,247,0,2,14,0,16,136,83,44,0,263,52,0,52,315
11/21/2007,GEG,WA,ANM,WE,Combined TRACON& Tower with Radar,129,76,21,0,226,0,2,13,0,15,129,78,34,0,241,38,0,38,279
11/22/2007,GEG,WA,ANM,WE,Combined TRACON& Tower with Radar,94,35,7,0,136,0,2,5,0,7,94,37,12,0,143,0,0,0,143
11/23/2007,GEG,WA,ANM,WE,Combined TRACON& Tower with Radar,100,70,16,0,186,0,0,2,0,2,100,70,18,0,188,0,0,0,188
11/24/2007,GEG,WA,ANM,WE,Combined TRACON& Tower with Radar,125,37,11,0,173,0,0,3,0,3,125,37,14,0,176,0,0,0,176
11/25/2007,GEG,WA,ANM,WE,Combined TRACON& Tower with Radar,115,36,15,0,166,0,0,4,0,4,115,36,19,0,170,51,0,51,221
11/26/2007,GEG,WA,ANM,WE,Combined TRACON& Tower with Radar,135,60,28,1,224,0,0,7,0,7,135,60,35,1,231,0,0,0,231
11/27/2007,GEG,WA,ANM,WE,Combined TRACON& Tower with Radar,136,81,21,0,238,0,3,1,0,4,136,84,22,0,242,0,0,0,242
11/28/2007,GEG,WA,ANM,WE,Combined TRACON& Tower with Radar,130,75,29,0,234,0,2,0,0,2,130,77,29,0,236,0,0,0,236
11/29/2007,GEG,WA,ANM,WE,Combined TRACON& Tower with Radar,136,81,25,0,242,0,0,4,0,4,136,81,29,0,246,12,0,12,258
11/30/2007,GEG,WA,ANM,WE,Combined TRACON& Tower with Radar,127,78,7,0,212,0,2,34,0,36,127,80,41,0,248,34,0,34,282
12/01/2007,GEG,WA,ANM,WE,Combined TRACON& Tower with Radar,117,49,10,0,176,0,1,6,0,7,117,50,16,0,183,0,0,0,183
12/02/2007,GEG,WA,ANM,WE,Combined TRACON& Tower with Radar,109,31,8,1,149,0,0,0,0,0,109,31,8,1,149,0,0,0,149
12/03/2007,GEG,WA,ANM,WE,Combined TRACON& Tower with Radar,118,62,11,0,191,0,0,0,0,0,118,62,11,0,191,0,0,0,191
12/04/2007,GEG,WA,ANM,WE,Combined TRACON& Tower with Radar,126,81,39,12,258,0,7,18,0,25,126,88,57,12,283,26,24,50,333
12/05/2007,GEG,WA,ANM,WE,Combined TRACON& Tower with Radar,133,98,37,3,271,0,5,18,0,23,133,103,55,3,294,26,0,26,320
12/06/2007,GEG,WA,ANM,WE,Combined TRACON& Tower with Radar,126,83,20,0,229,0,3,0,0,3,126,86,20,0,232,0,0,0,232
12/07/2007,GEG,WA,ANM,WE,Combined TRACON& Tower with Radar,126,88,21,0,235,0,4,37,0,41,126,92,58,0,276,48,0,48,324
12/08/2007,GEG,WA,ANM,WE,Combined TRACON& Tower with Radar,111,46,15,0,172,0,2,58,0,60,111,48,73,0,232,76,0,76,308
12/09/2007,GEG,WA,ANM,WE,Combined TRACON& Tower with Radar,116,37,19,0,172,0,0,2,1,3,116,37,21,1,175,22,0,22,197
12/10/2007,GEG,WA,ANM,WE,Combined TRACON& Tower with Radar,137,73,23,0,233,0,0,23,0,23,137,73,46,0,256,60,0,60,316
12/11/2007,GEG,WA,ANM,WE,Combined TRACON& Tower with Radar,132,91,19,0,242,0,0,0,0,0,132,91,19,0,242,6,0,6,248
12/12/2007,GEG,WA,ANM,WE,Combined TRACON& Tower with Radar,132,78,21,0,231,0,0,1,0,1,132,78,22,0,232,2,0,2,234
12/13/2007,GEG,WA,ANM,WE,Combined TRACON& Tower with Radar,129,76,8,0,213,0,0,0,0,0,129,76,8,0,213,0,0,0,213
12/14/2007,GEG,WA,ANM,WE,Combined TRACON& Tower with Radar,131,80,20,0,231,0,0,0,0,0,131,80,20,0,231,20,0,20,251
12/15/2007,GEG,WA,ANM,WE,Combined TRACON& Tower with Radar,125,34,5,0,164,0,1,5,0,6,125,35,10,0,170,24,0,24,194
12/16/2007,GEG,WA,ANM,WE,Combined TRACON& Tower with Radar,121,34,22,0,177,0,0,0,0,0,121,34,22,0,177,28,0,28,205
12/17/2007,GEG,WA,ANM,WE,Combined TRACON& Tower with Radar,128,62,25,0,215,0,3,6,1,10,128,65,31,1,225,32,0,32,257
12/18/2007,GEG,WA,ANM,WE,Combined TRACON& Tower with Radar,121,82,23,0,226,0,0,0,1,1,121,82,23,1,227,0,0,0,227
12/19/2007,GEG,WA,ANM,WE,Combined TRACON& Tower with Radar,130,81,39,0,250,0,1,2,0,3,130,82,41,0,253,0,0,0,253
12/20/2007,GEG,WA,ANM,WE,Combined TRACON& Tower with Radar,135,70,23,0,228,0,2,29,0,31,135,72,52,0,259,84,0,84,343
12/21/2007,GEG,WA,ANM,WE,Combined TRACON& Tower with Radar,135,85,17,0,237,0,7,42,0,49,135,92,59,0,286,44,0,44,330
12/22/2007,GEG,WA,ANM,WE,Combined TRACON& Tower with Radar,118,62,8,3,191,0,1,5,0,6,118,63,13,3,197,8,4,12,209
12/23/2007,GEG,WA,ANM,WE,Combined TRACON& Tower with Radar,117,36,8,0,161,0,0,0,0,0,117,36,8,0,161,0,0,0,161
12/24/2007,GEG,WA,ANM,WE,Combined TRACON& Tower with Radar,117,56,0,0,173,0,4,15,0,19,117,60,15,0,192,10,0,10,202
12/25/2007,GEG,WA,ANM,WE,Combined TRACON& Tower with Radar,79,23,2,0,104,0,0,0,0,0,79,23,2,0,104,0,0,0,104
12/26/2007,GEG,WA,ANM,WE,Combined TRACON& Tower with Radar,127,62,17,0,206,0,0,3,0,3,127,62,20,0,209,6,0,6,215
12/27/2007,GEG,WA,ANM,WE,Combined TRACON& Tower with Radar,136,66,16,0,218,0,0,4,0,4,136,66,20,0,222,0,0,0,222
12/28/2007,GEG,WA,ANM,WE,Combined TRACON& Tower with Radar,126,60,15,0,201,0,0,0,0,0,126,60,15,0,201,0,0,0,201
12/29/2007,GEG,WA,ANM,WE,Combined TRACON& Tower with Radar,120,44,12,0,176,0,0,1,0,1,120,44,13,0,177,0,0,0,177
12/30/2007,GEG,WA,ANM,WE,Combined TRACON& Tower with Radar,114,36,17,0,167,0,0,1,0,1,114,36,18,0,168,0,0,0,168
12/31/2007,GEG,WA,ANM,WE,Combined TRACON& Tower with Radar,101,62,3,0,166,0,10,5,0,15,101,72,8,0,181,10,0,10,191
01/01/2008,GEG,WA,ANM,WE,Combined TRACON& Tower with Radar,98,39,10,0,147,0,0,15,0,15,98,39,25,0,162,44,0,44,206
01/02/2008,GEG,WA,ANM,WE,Combined TRACON& Tower with Radar,121,60,20,0,201,0,5,14,0,19,121,65,34,0,220,76,0,76,296
01/03/2008,GEG,WA,ANM,WE,Combined TRACON& Tower with Radar,133,74,24,0,231,0,1,7,0,8,133,75,31,0,239,0,0,0,239
01/04/2008,GEG,WA,ANM,WE,Combined TRACON& Tower with Radar,117,60,22,0,199,0,0,2,0,2,117,60,24,0,201,0,0,0,201
01/05/2008,GEG,WA,ANM,WE,Combined TRACON& Tower with Radar,111,35,20,0,166,0,3,4,0,7,111,38,24,0,173,0,0,0,173
01/06/2008,GEG,WA,ANM,WE,Combined TRACON& Tower with Radar,120,28,6,0,154,0,0,0,0,0,120,28,6,0,154,0,0,0,154
01/07/2008,GEG,WA,ANM,WE,Combined TRACON& Tower with Radar,121,64,16,0,201,0,0,0,0,0,121,64,16,0,201,0,0,0,201
01/08/2008,GEG,WA,ANM,WE,Combined TRACON& Tower with Radar,134,71,19,0,224,0,0,0,0,0,134,71,19,0,224,0,0,0,224
01/09/2008,GEG,WA,ANM,WE,Combined TRACON& Tower with Radar,126,62,13,0,201,0,1,2,0,3,126,63,15,0,204,16,0,16,220
01/10/2008,GEG,WA,ANM,WE,Combined TRACON& Tower with Radar,128,70,23,0,221,0,0,0,0,0,128,70,23,0,221,0,0,0,221
01/11/2008,GEG,WA,ANM,WE,Combined TRACON& Tower with Radar,128,70,18,0,216,0,7,7,0,14,128,77,25,0,230,14,0,14,244
01/12/2008,GEG,WA,ANM,WE,Combined TRACON& Tower with Radar,112,39,10,0,161,0,0,0,0,0,112,39,10,0,161,0,0,0,161
01/13/2008,GEG,WA,ANM,WE,Combined TRACON& Tower with Radar,110,34,8,1,153,0,0,4,0,4,110,34,12,1,157,42,0,42,199
01/14/2008,GEG,WA,ANM,WE,Combined TRACON& Tower with Radar,124,54,22,0,200,0,3,12,0,15,124,57,34,0,215,68,0,68,283
01/15/2008,GEG,WA,ANM,WE,Combined TRACON& Tower with Radar,131,64,19,0,214,0,9,28,0,37,131,73,47,0,251,18,0,18,269
01/16/2008,GEG,WA,ANM,WE,Combined TRACON& Tower with Radar,130,68,25,0,223,0,10,35,1,46,130,78,60,1,269,54,0,54,323
01/17/2008,GEG,WA,ANM,WE,Combined TRACON& Tower with Radar,131,86,22,0,239,0,8,21,0,29,131,94,43,0,268,50,0,50,318
01/18/2008,GEG,WA,ANM,WE,Combined TRACON& Tower with Radar,138,78,19,0,235,0,6,7,0,13,138,84,26,0,248,2,0,2,250
01/19/2008,GEG,WA,ANM,WE,Combined TRACON& Tower with Radar,113,44,20,0,177,0,0,0,2,2,113,44,20,2,179,0,0,0,179
01/20/2008,GEG,WA,ANM,WE,Combined TRACON& Tower with Radar,118,33,9,0,160,0,0,2,0,2,118,33,11,0,162,0,0,0,162
01/21/2008,GEG,WA,ANM,WE,Combined TRACON& Tower with Radar,120,48,16,0,184,0,6,29,0,35,120,54,45,0,219,56,0,56,275
01/22/2008,GEG,WA,ANM,WE,Combined TRACON& Tower with Radar,134,56,21,8,219,0,8,40,0,48,134,64,61,8,267,22,8,30,297
01/23/2008,GEG,WA,ANM,WE,Combined TRACON& Tower with Radar,133,65,17,0,215,0,13,36,0,49,133,78,53,0,264,52,0,52,316
01/24/2008,GEG,WA,ANM,WE,Combined TRACON& Tower with Radar,135,63,27,0,225,0,10,39,0,49,135,73,66,0,274,110,0,110,384
01/25/2008,GEG,WA,ANM,WE,Combined TRACON& Tower with Radar,127,58,21,0,206,0,1,24,0,25,127,59,45,0,231,106,0,106,337
01/26/2008,GEG,WA,ANM,WE,Combined TRACON& Tower with Radar,110,43,4,0,157,0,3,6,0,9,110,46,10,0,166,2,0,2,168
01/27/2008,GEG,WA,ANM,WE,Combined TRACON& Tower with Radar,48,28,2,0,78,0,0,0,0,0,48,28,2,0,78,0,0,0,78
01/28/2008,GEG,WA,ANM,WE,Combined TRACON& Tower with Radar,134,67,4,0,205,0,6,3,0,9,134,73,7,0,214,0,0,0,214
01/29/2008,GEG,WA,ANM,WE,Combined TRACON& Tower with Radar,137,65,11,0,213,0,2,0,0,2,137,67,11,0,215,0,0,0,215
01/30/2008,GEG,WA,ANM,WE,Combined TRACON& Tower with Radar,133,77,24,0,234,0,1,0,0,1,133,78,24,0,235,0,0,0,235
01/31/2008,GEG,WA,ANM,WE,Combined TRACON& Tower with Radar,144,63,15,0,222,0,0,1,0,1,144,63,16,0,223,0,0,0,223
02/01/2008,GEG,WA,ANM,WE,Combined TRACON& Tower with Radar,132,69,23,0,224,0,0,2,0,2,132,69,25,0,226,22,0,22,248
02/02/2008,GEG,WA,ANM,WE,Combined TRACON& Tower with Radar,121,46,14,0,181,0,0,1,0,1,121,46,15,0,182,8,0,8,190
02/03/2008,GEG,WA,ANM,WE,Combined TRACON& Tower with Radar,104,36,6,0,146,0,0,10,0,10,104,36,16,0,156,24,0,24,180
02/04/2008,GEG,WA,ANM,WE,Combined TRACON& Tower with Radar,126,55,15,0,196,0,1,3,0,4,126,56,18,0,200,34,0,34,234
02/05/2008,GEG,WA,ANM,WE,Combined TRACON& Tower with Radar,123,65,12,0,200,0,0,0,0,0,123,65,12,0,200,0,0,0,200
02/06/2008,GEG,WA,ANM,WE,Combined TRACON& Tower with Radar,130,71,48,2,251,0,7,16,1,24,130,78,64,3,275,46,0,46,321
02/07/2008,GEG,WA,ANM,WE,Combined TRACON& Tower with Radar,136,62,13,1,212,0,6,2,0,8,136,68,15,1,220,8,0,8,228
02/08/2008,GEG,WA,ANM,WE,Combined TRACON& Tower with Radar,118,61,11,0,190,0,2,7,0,9,118,63,18,0,199,8,30,38,237
02/09/2008,GEG,WA,ANM,WE,Combined TRACON& Tower with Radar,109,144,13,0,266,0,1,3,0,4,109,145,16,0,270,8,0,8,278
02/10/2008,GEG,WA,ANM,WE,Combined TRACON& Tower with Radar,104,38,11,1,154,0,1,7,0,8,104,39,18,1,162,2,0,2,164
02/11/2008,GEG,WA,ANM,WE,Combined TRACON& Tower with Radar,121,59,22,0,202,0,7,15,0,22,121,66,37,0,224,68,0,68,292
02/12/2008,GEG,WA,ANM,WE,Combined TRACON& Tower with Radar,135,65,25,1,226,0,2,32,0,34,135,67,57,1,260,55,0,55,315
02/13/2008,GEG,WA,ANM,WE,Combined TRACON& Tower with Radar,130,63,23,1,217,0,9,32,0,41,130,72,55,1,258,30,0,30,288
02/14/2008,GEG,WA,ANM,WE,Combined TRACON& Tower with Radar,142,56,29,0,227,0,7,47,0,54,142,63,76,0,281,36,0,36,317
02/15/2008,GEG,WA,ANM,WE,Combined TRACON& Tower with Radar,131,60,23,1,215,0,5,27,0,32,131,65,50,1,247,62,0,62,309
02/16/2008,GEG,WA,ANM,WE,Combined TRACON& Tower with Radar,107,41,18,0,166,0,0,3,0,3,107,41,21,0,169,0,0,0,169
02/17/2008,GEG,WA,ANM,WE,Combined TRACON& Tower with Radar,104,32,7,0,143,0,0,21,0,21,104,32,28,0,164,16,0,16,180
02/18/2008,GEG,WA,ANM,WE,Combined TRACON& Tower with Radar,127,52,8,0,187,0,6,23,0,29,127,58,31,0,216,11,0,11,227
02/19/2008,GEG,WA,ANM,WE,Combined TRACON& Tower with Radar,130,68,32,0,230,0,7,42,1,50,130,75,74,1,280,76,2,78,358
02/20/2008,GEG,WA,ANM,WE,Combined TRACON& Tower with Radar,129,69,22,0,220,0,11,15,0,26,129,80,37,0,246,0,0,0,246
02/21/2008,GEG,WA,ANM,WE,Combined TRACON& Tower with Radar,129,65,19,0,213,0,3,16,0,19,129,68,35,0,232,58,0,58,290
02/22/2008,GEG,WA,ANM,WE,Combined TRACON& Tower with Radar,123,64,28,0,215,0,3,15,0,18,123,67,43,0,233,32,0,32,265
02/23/2008,GEG,WA,ANM,WE,Combined TRACON& Tower with Radar,119,26,19,0,164,0,1,10,0,11,119,27,29,0,175,20,0,20,195
02/24/2008,GEG,WA,ANM,WE,Combined TRACON& Tower with Radar,107,45,15,0,167,0,1,0,0,1,107,46,15,0,168,0,0,0,168
02/25/2008,GEG,WA,ANM,WE,Combined TRACON& Tower with Radar,123,66,16,0,205,0,8,5,0,13,123,74,21,0,218,8,0,8,226
02/26/2008,GEG,WA,ANM,WE,Combined TRACON& Tower with Radar,137,66,33,0,236,0,13,18,0,31,137,79,51,0,267,40,0,40,307
02/27/2008,GEG,WA,ANM,WE,Combined TRACON& Tower with Radar,133,78,23,0,234,0,2,29,0,31,133,80,52,0,265,102,0,102,367
02/28/2008,GEG,WA,ANM,WE,Combined TRACON& Tower with Radar,131,69,30,0,230,0,8,36,0,44,131,77,66,0,274,36,0,36,310
02/29/2008,GEG,WA,ANM,WE,Combined TRACON& Tower with Radar,129,58,32,0,219,0,4,29,0,33,129,62,61,0,252,38,0,38,290
03/01/2008,GEG,WA,ANM,WE,Combined TRACON& Tower with Radar,116,39,18,0,173,0,2,12,0,14,116,41,30,0,187,36,0,36,223
03/02/2008,GEG,WA,ANM,WE,Combined TRACON& Tower with Radar,113,34,20,0,167,0,0,32,0,32,113,34,52,0,199,34,0,34,233
03/03/2008,GEG,WA,ANM,WE,Combined TRACON& Tower with Radar,119,61,24,0,204,0,6,6,0,12,119,67,30,0,216,0,0,0,216
03/04/2008,GEG,WA,ANM,WE,Combined TRACON& Tower with Radar,130,76,30,0,236,0,6,19,0,25,130,82,49,0,261,70,0,70,331
03/05/2008,GEG,WA,ANM,WE,Combined TRACON& Tower with Radar,129,65,30,0,224,0,6,46,0,52,129,71,76,0,276,69,0,69,345
03/06/2008,GEG,WA,ANM,WE,Combined TRACON& Tower with Radar,137,65,37,2,241,0,4,27,0,31,137,69,64,2,272,30,0,30,302
03/07/2008,GEG,WA,ANM,WE,Combined TRACON& Tower with Radar,139,56,49,0,244,0,6,43,0,49,139,62,92,0,293,36,0,36,329
03/08/2008,GEG,WA,ANM,WE,Combined TRACON& Tower with Radar,118,58,15,0,191,0,17,14,0,31,118,75,29,0,222,0,50,50,272
03/09/2008,GEG,WA,ANM,WE,Combined TRACON& Tower with Radar,105,29,8,0,142,0,1,25,0,26,105,30,33,0,168,6,0,6,174
03/10/2008,GEG,WA,ANM,WE,Combined TRACON& Tower with Radar,131,54,23,0,208,0,7,23,0,30,131,61,46,0,238,26,0,26,264
03/11/2008,GEG,WA,ANM,WE,Combined TRACON& Tower with Radar,137,60,32,0,229,0,1,14,0,15,137,61,46,0,244,32,0,32,276
03/12/2008,GEG,WA,ANM,WE,Combined TRACON& Tower with Radar,136,71,42,2,251,0,6,3,0,9,136,77,45,2,260,42,0,42,302
03/13/2008,GEG,WA,ANM,WE,Combined TRACON& Tower with Radar,136,38,20,0,194,0,0,5,0,5,136,38,25,0,199,18,0,18,217
03/14/2008,GEG,WA,ANM,WE,Combined TRACON& Tower with Radar,132,69,17,0,218,0,0,0,0,0,132,69,17,0,218,0,0,0,218
03/15/2008,GEG,WA,ANM,WE,Combined TRACON& Tower with Radar,113,48,15,0,176,0,0,11,0,11,113,48,26,0,187,6,0,6,193
03/16/2008,GEG,WA,ANM,WE,Combined TRACON& Tower with Radar,112,29,3,0,144,0,0,11,0,11,112,29,14,0,155,38,0,38,193
03/17/2008,GEG,WA,ANM,WE,Combined TRACON& Tower with Radar,131,59,25,1,216,0,0,2,10,12,131,59,27,11,228,52,0,52,280
03/18/2008,GEG,WA,ANM,WE,Combined TRACON& Tower with Radar,132,75,27,0,234,0,10,20,0,30,132,85,47,0,264,18,0,18,282
03/19/2008,GEG,WA,ANM,WE,Combined TRACON& Tower with Radar,141,61,18,2,222,0,1,35,0,36,141,62,53,2,258,16,0,16,274
03/20/2008,GEG,WA,ANM,WE,Combined TRACON& Tower with Radar,140,66,9,4,219,0,2,6,0,8,140,68,15,4,227,6,2,8,235
03/21/2008,GEG,WA,ANM,WE,Combined TRACON& Tower with Radar,135,90,17,0,242,0,3,2,0,5,135,93,19,0,247,22,0,22,269
03/22/2008,GEG,WA,ANM,WE,Combined TRACON& Tower with Radar,108,48,34,0,190,0,5,33,0,38,108,53,67,0,228,26,0,26,254
03/23/2008,GEG,WA,ANM,WE,Combined TRACON& Tower with Radar,113,38,6,0,157,0,0,0,0,0,113,38,6,0,157,0,0,0,157
03/24/2008,GEG,WA,ANM,WE,Combined TRACON& Tower with Radar,130,45,34,2,211,0,10,49,0,59,130,55,83,2,270,114,10,124,394
03/25/2008,GEG,WA,ANM,WE,Combined TRACON& Tower with Radar,135,60,38,0,233,0,7,34,0,41,135,67,72,0,274,88,6,94,368
03/26/2008,GEG,WA,ANM,WE,Combined TRACON& Tower with Radar,118,73,23,2,216,0,0,7,0,7,118,73,30,2,223,4,0,4,227
03/27/2008,GEG,WA,ANM,WE,Combined TRACON& Tower with Radar,140,71,33,0,244,0,1,13,0,14,140,72,46,0,258,0,0,0,258
03/28/2008,GEG,WA,ANM,WE,Combined TRACON& Tower with Radar,137,63,13,0,213,0,4,16,0,20,137,67,29,0,233,24,17,41,274
03/29/2008,GEG,WA,ANM,WE,Combined TRACON& Tower with Radar,112,51,10,0,173,0,0,0,0,0,112,51,10,0,173,0,0,0,173
03/30/2008,GEG,WA,ANM,WE,Combined TRACON& Tower with Radar,119,36,13,0,168,0,0,1,0,1,119,36,14,0,169,0,0,0,169
03/31/2008,GEG,WA,ANM,WE,Combined TRACON& Tower with Radar,123,68,29,0,220,0,1,6,0,7,123,69,35,0,227,0,0,0,227
04/01/2008,GEG,WA,ANM,WE,Combined TRACON& Tower with Radar,136,63,14,0,213,0,4,13,0,17,136,67,27,0,230,26,0,26,256
04/02/2008,GEG,WA,ANM,WE,Combined TRACON& Tower with Radar,138,62,38,0,238,0,9,41,1,51,138,71,79,1,289,116,0,116,405
04/03/2008,GEG,WA,ANM,WE,Combined TRACON& Tower with Radar,141,56,15,0,212,0,14,45,0,59,141,70,60,0,271,96,0,96,367
04/04/2008,GEG,WA,ANM,WE,Combined TRACON& Tower with Radar,144,54,4,2,204,0,3,23,0,26,144,57,27,2,230,50,0,50,280
04/05/2008,GEG,WA,ANM,WE,Combined TRACON& Tower with Radar,108,43,6,0,157,0,1,4,0,5,108,44,10,0,162,26,0,26,188
04/06/2008,GEG,WA,ANM,WE,Combined TRACON& Tower with Radar,105,44,6,5,160,0,1,2,0,3,105,45,8,5,163,4,0,4,167
04/07/2008,GEG,WA,ANM,WE,Combined TRACON& Tower with Radar,127,62,15,0,204,0,3,9,0,12,127,65,24,0,216,0,0,0,216
04/08/2008,GEG,WA,ANM,WE,Combined TRACON& Tower with Radar,136,74,29,2,241,0,5,7,0,12,136,79,36,2,253,40,2,42,295
04/09/2008,GEG,WA,ANM,WE,Combined TRACON& Tower with Radar,146,62,23,0,231,0,9,11,0,20,146,71,34,0,251,18,0,18,269
04/10/2008,GEG,WA,ANM,WE,Combined TRACON& Tower with Radar,131,68,12,2,213,0,0,32,0,32,131,68,44,2,245,66,0,66,311
04/11/2008,GEG,WA,ANM,WE,Combined TRACON& Tower with Radar,139,73,10,0,222,0,11,79,0,90,139,84,89,0,312,80,0,80,392
04/12/2008,GEG,WA,ANM,WE,Combined TRACON& Tower with Radar,130,24,16,4,174,0,18,68,0,86,130,42,84,4,260,96,0,96,356
04/13/2008,GEG,WA,ANM,WE,Combined TRACON& Tower with Radar,116,32,13,0,161,0,1,29,0,30,116,33,42,0,191,8,0,8,199
04/14/2008,GEG,WA,ANM,WE,Combined TRACON& Tower with Radar,139,73,17,0,229,0,3,4,0,7,139,76,21,0,236,20,12,32,268
04/15/2008,GEG,WA,ANM,WE,Combined TRACON& Tower with Radar,132,66,29,9,236,0,7,20,0,27,132,73,49,9,263,22,16,38,301
04/16/2008,GEG,WA,ANM,WE,Combined TRACON& Tower with Radar,134,60,20,0,214,0,6,45,0,51,134,66,65,0,265,80,0,80,345
04/17/2008,GEG,WA,ANM,WE,Combined TRACON& Tower with Radar,137,67,33,0,237,0,10,56,0,66,137,77,89,0,303,40,0,40,343
04/18/2008,GEG,WA,ANM,WE,Combined TRACON& Tower with Radar,139,58,19,2,218,0,4,27,12,43,139,62,46,14,261,34,8,42,303
04/19/2008,GEG,WA,ANM,WE,Combined TRACON& Tower with Radar,122,35,12,0,169,0,0,19,0,19,122,35,31,0,188,54,0,54,242
04/20/2008,GEG,WA,ANM,WE,Combined TRACON& Tower with Radar,115,42,27,1,185,0,0,2,0,2,115,42,29,1,187,0,0,0,187
04/21/2008,GEG,WA,ANM,WE,Combined TRACON& Tower with Radar,124,37,16,0,177,0,4,11,0,15,124,41,27,0,192,20,0,20,212
04/22/2008,GEG,WA,ANM,WE,Combined TRACON& Tower with Radar,137,76,16,0,229,0,4,55,0,59,137,80,71,0,288,100,0,100,388
04/23/2008,GEG,WA,ANM,WE,Combined TRACON& Tower with Radar,139,64,20,0,223,0,3,1,0,4,139,67,21,0,227,0,0,0,227
04/24/2008,GEG,WA,ANM,WE,Combined TRACON& Tower with Radar,132,66,12,0,210,0,5,17,0,22,132,71,29,0,232,58,0,58,290
04/25/2008,GEG,WA,ANM,WE,Combined TRACON& Tower with Radar,138,51,27,0,216,0,9,49,0,58,138,60,76,0,274,96,0,96,370
04/26/2008,GEG,WA,ANM,WE,Combined TRACON& Tower with Radar,118,31,12,3,164,0,10,93,0,103,118,41,105,3,267,74,0,74,341
04/27/2008,GEG,WA,ANM,WE,Combined TRACON& Tower with Radar,117,27,18,2,164,0,0,25,1,26,117,27,43,3,190,52,0,52,242
04/28/2008,GEG,WA,ANM,WE,Combined TRACON& Tower with Radar,122,52,18,0,192,0,8,35,0,43,122,60,53,0,235,56,0,56,291
04/29/2008,GEG,WA,ANM,WE,Combined TRACON& Tower with Radar,128,66,18,0,212,0,10,23,0,33,128,76,41,0,245,102,0,102,347
04/30/2008,GEG,WA,ANM,WE,Combined TRACON& Tower with Radar,132,72,23,0,227,0,7,20,0,27,132,79,43,0,254,20,0,20,274
05/01/2008,GEG,WA,ANM,WE,Combined TRACON& Tower with Radar,129,56,13,4,202,0,7,58,2,67,129,63,71,6,269,112,2,114,383
05/02/2008,GEG,WA,ANM,WE,Combined TRACON& Tower with Radar,135,63,24,3,225,0,8,67,0,75,135,71,91,3,300,106,0,106,406
05/03/2008,GEG,WA,ANM,WE,Combined TRACON& Tower with Radar,123,24,10,0,157,0,11,53,0,64,123,35,63,0,221,26,0,26,247
05/04/2008,GEG,WA,ANM,WE,Combined TRACON& Tower with Radar,118,21,16,23,178,0,1,32,0,33,118,22,48,23,211,10,4,14,225
05/05/2008,GEG,WA,ANM,WE,Combined TRACON& Tower with Radar,121,57,34,0,212,0,5,40,0,45,121,62,74,0,257,138,0,138,395
05/06/2008,GEG,WA,ANM,WE,Combined TRACON& Tower with Radar,138,63,28,0,229,0,8,37,0,45,138,71,65,0,274,86,0,86,360
05/07/2008,GEG,WA,ANM,WE,Combined TRACON& Tower with Radar,141,64,32,0,237,0,6,12,0,18,141,70,44,0,255,45,0,45,300
05/08/2008,GEG,WA,ANM,WE,Combined TRACON& Tower with Radar,144,54,44,0,242,0,5,37,0,42,144,59,81,0,284,16,0,16,300
05/09/2008,GEG,WA,ANM,WE,Combined TRACON& Tower with Radar,130,65,22,0,217,0,9,49,0,58,130,74,71,0,275,114,0,114,389
05/10/2008,GEG,WA,ANM,WE,Combined TRACON& Tower with Radar,100,46,10,0,156,0,2,32,0,34,100,48,42,0,190,30,0,30,220
05/11/2008,GEG,WA,ANM,WE,Combined TRACON& Tower with Radar,94,45,15,0,154,0,0,10,0,10,94,45,25,0,164,18,0,18,182
05/12/2008,GEG,WA,ANM,WE,Combined TRACON& Tower with Radar,122,57,37,0,216,0,6,27,0,33,122,63,64,0,249,20,0,20,269
05/13/2008,GEG,WA,ANM,WE,Combined TRACON& Tower with Radar,136,67,35,0,238,0,7,34,0,41,136,74,69,0,279,22,0,22,301
05/14/2008,GEG,WA,ANM,WE,Combined TRACON& Tower with Radar,138,60,25,0,223,0,7,26,0,33,138,67,51,0,256,70,0,70,326
05/15/2008,GEG,WA,ANM,WE,Combined TRACON& Tower with Radar,128,65,20,0,213,0,10,54,2,66,128,75,74,2,279,10,0,10,289
05/16/2008,GEG,WA,ANM,WE,Combined TRACON& Tower with Radar,133,54,24,0,211,0,5,41,0,46,133,59,65,0,257,92,0,92,349
05/17/2008,GEG,WA,ANM,WE,Combined TRACON& Tower with Radar,99,39,5,0,143,0,4,36,0,40,99,43,41,0,183,106,0,106,289
05/18/2008,GEG,WA,ANM,WE,Combined TRACON& Tower with Radar,96,42,6,0,144,0,0,25,0,25,96,42,31,0,169,0,0,0,169
05/19/2008,GEG,WA,ANM,WE,Combined TRACON& Tower with Radar,122,55,10,0,187,0,8,28,1,37,122,63,38,1,224,32,0,32,256
05/20/2008,GEG,WA,ANM,WE,Combined TRACON& Tower with Radar,133,62,37,0,232,0,10,15,0,25,133,72,52,0,257,42,0,42,299
05/21/2008,GEG,WA,ANM,WE,Combined TRACON& Tower with Radar,136,74,46,0,256,0,8,27,0,35,136,82,73,0,291,30,6,36,327
05/22/2008,GEG,WA,ANM,WE,Combined TRACON& Tower with Radar,142,55,25,0,222,0,2,18,0,20,142,57,43,0,242,62,0,62,304
05/23/2008,GEG,WA,ANM,WE,Combined TRACON& Tower with Radar,135,62,13,0,210,0,2,15,0,17,135,64,28,0,227,14,0,14,241
05/24/2008,GEG,WA,ANM,WE,Combined TRACON& Tower with Radar,107,49,5,0,161,0,2,22,0,24,107,51,27,0,185,76,0,76,261
05/25/2008,GEG,WA,ANM,WE,Combined TRACON& Tower with Radar,91,16,7,0,114,0,1,1,0,2,91,17,8,0,116,36,0,36,152
05/26/2008,GEG,WA,ANM,WE,Combined TRACON& Tower with Radar,112,28,15,0,155,0,0,25,0,25,112,28,40,0,180,14,0,14,194
05/27/2008,GEG,WA,ANM,WE,Combined TRACON& Tower with Radar,126,53,38,0,217,0,5,40,0,45,126,58,78,0,262,102,0,102,364
05/28/2008,GEG,WA,ANM,WE,Combined TRACON& Tower with Radar,134,60,24,2,220,0,5,36,1,42,134,65,60,3,262,108,10,118,380
05/29/2008,GEG,WA,ANM,WE,Combined TRACON& Tower with Radar,133,58,27,1,219,0,4,30,0,34,133,62,57,1,253,16,8,24,277
05/30/2008,GEG,WA,ANM,WE,Combined TRACON& Tower with Radar,123,65,28,7,223,0,12,37,0,49,123,77,65,7,272,82,4,86,358
05/31/2008,GEG,WA,ANM,WE,Combined TRACON& Tower with Radar,109,38,13,0,160,0,2,39,0,41,109,40,52,0,201,66,0,66,267
06/01/2008,GEG,WA,ANM,WE,Combined TRACON& Tower with Radar,116,22,15,0,153,0,0,9,0,9,116,22,24,0,162,12,0,12,174
06/02/2008,GEG,WA,ANM,WE,Combined TRACON& Tower with Radar,125,55,38,12,230,0,0,0,0,0,125,55,38,12,230,26,12,38,268
06/03/2008,GEG,WA,ANM,WE,Combined TRACON& Tower with Radar,130,68,29,103,330,0,1,25,0,26,130,69,54,103,356,66,18,84,440
06/04/2008,GEG,WA,ANM,WE,Combined TRACON& Tower with Radar,121,75,46,17,259,0,5,19,0,24,121,80,65,17,283,10,12,22,305
06/05/2008,GEG,WA,ANM,WE,Combined TRACON& Tower with Radar,136,66,40,24,266,0,4,34,0,38,136,70,74,24,304,66,4,70,374
06/06/2008,GEG,WA,ANM,WE,Combined TRACON& Tower with Radar,129,84,24,49,286,0,1,15,0,16,129,85,39,49,302,12,44,56,358
06/07/2008,GEG,WA,ANM,WE,Combined TRACON& Tower with Radar,106,45,17,44,212,0,2,7,0,9,106,47,24,44,221,16,6,22,243
06/08/2008,GEG,WA,ANM,WE,Combined TRACON& Tower with Radar,108,33,18,7,166,0,0,31,0,31,108,33,49,7,197,30,0,30,227
06/09/2008,GEG,WA,ANM,WE,Combined TRACON& Tower with Radar,122,57,37,4,220,0,1,25,0,26,122,58,62,4,246,20,0,20,266
06/10/2008,GEG,WA,ANM,WE,Combined TRACON& Tower with Radar,129,62,34,0,225,0,4,7,0,11,129,66,41,0,236,44,0,44,280
06/11/2008,GEG,WA,ANM,WE,Combined TRACON& Tower with Radar,133,66,30,0,229,0,9,21,0,30,133,75,51,0,259,78,0,78,337
06/12/2008,GEG,WA,ANM,WE,Combined TRACON& Tower with Radar,127,79,23,0,229,0,8,23,0,31,127,87,46,0,260,64,0,64,324
06/13/2008,GEG,WA,ANM,WE,Combined TRACON& Tower with Radar,140,52,15,0,207,0,4,52,2,58,140,56,67,2,265,50,0,50,315
06/14/2008,GEG,WA,ANM,WE,Combined TRACON& Tower with Radar,128,34,19,0,181,0,3,35,0,38,128,37,54,0,219,42,0,42,261
06/15/2008,GEG,WA,ANM,WE,Combined TRACON& Tower with Radar,110,31,36,0,177,0,0,60,0,60,110,31,96,0,237,30,0,30,267
06/16/2008,GEG,WA,ANM,WE,Combined TRACON& Tower with Radar,119,58,31,0,208,0,8,41,0,49,119,66,72,0,257,76,0,76,333
06/17/2008,GEG,WA,ANM,WE,Combined TRACON& Tower with Radar,131,58,45,0,234,0,9,38,0,47,131,67,83,0,281,38,0,38,319
06/18/2008,GEG,WA,ANM,WE,Combined TRACON& Tower with Radar,130,64,23,0,217,0,13,46,0,59,130,77,69,0,276,44,0,44,320
06/19/2008,GEG,WA,ANM,WE,Combined TRACON& Tower with Radar,127,63,36,0,226,0,5,61,0,66,127,68,97,0,292,98,0,98,390
06/20/2008,GEG,WA,ANM,WE,Combined TRACON& Tower with Radar,132,73,14,0,219,0,5,53,0,58,132,78,67,0,277,82,0,82,359
06/21/2008,GEG,WA,ANM,WE,Combined TRACON& Tower with Radar,132,43,6,0,181,0,8,32,0,40,132,51,38,0,221,84,0,84,305
06/22/2008,GEG,WA,ANM,WE,Combined TRACON& Tower with Radar,105,30,22,0,157,0,0,35,0,35,105,30,57,0,192,58,0,58,250
06/23/2008,GEG,WA,ANM,WE,Combined TRACON& Tower with Radar,118,53,15,0,186,0,0,0,0,0,118,53,15,0,186,48,2,50,236
06/24/2008,GEG,WA,ANM,WE,Combined TRACON& Tower with Radar,137,51,54,0,242,0,5,61,0,66,137,56,115,0,308,75,0,75,383
06/25/2008,GEG,WA,ANM,WE,Combined TRACON& Tower with Radar,126,62,18,0,206,0,9,74,0,83,126,71,92,0,289,30,0,30,319
06/26/2008,GEG,WA,ANM,WE,Combined TRACON& Tower with Radar,130,68,22,2,222,0,7,41,0,48,130,75,63,2,270,46,0,46,316
06/27/2008,GEG,WA,ANM,WE,Combined TRACON& Tower with Radar,125,61,32,0,218,0,16,60,1,77,125,77,92,1,295,78,0,78,373
06/28/2008,GEG,WA,ANM,WE,Combined TRACON& Tower with Radar,121,39,14,0,174,1,7,39,0,47,122,46,53,0,221,153,0,153,374
06/29/2008,GEG,WA,ANM,WE,Combined TRACON& Tower with Radar,112,30,7,1,150,0,1,31,0,32,112,31,38,1,182,48,0,48,230
06/30/2008,GEG,WA,ANM,WE,Combined TRACON& Tower with Radar,120,53,21,0,194,0,9,44,0,53,120,62,65,0,247,84,0,84,331
07/01/2008,GEG,WA,ANM,WE,Combined TRACON& Tower with Radar,129,61,16,0,206,0,9,37,0,46,129,70,53,0,252,78,0,78,330
07/02/2008,GEG,WA,ANM,WE,Combined TRACON& Tower with Radar,134,62,67,0,263,0,0,0,0,0,134,62,67,0,263,62,0,62,325
07/03/2008,GEG,WA,ANM,WE,Combined TRACON& Tower with Radar,145,103,89,61,398,3,25,108,0,136,148,128,197,61,534,24,0,24,558
07/04/2008,GEG,WA,ANM,WE,Combined TRACON& Tower with Radar,94,37,3,0,134,0,1,8,0,9,94,38,11,0,143,0,0,0,143
07/05/2008,GEG,WA,ANM,WE,Combined TRACON& Tower with Radar,106,33,13,0,152,0,5,19,0,24,106,38,32,0,176,30,0,30,206
07/06/2008,GEG,WA,ANM,WE,Combined TRACON& Tower with Radar,107,36,19,0,162,0,0,21,0,21,107,36,40,0,183,0,0,0,183
07/07/2008,GEG,WA,ANM,WE,Combined TRACON& Tower with Radar,122,56,40,0,218,0,16,55,0,71,122,72,95,0,289,66,0,66,355
07/08/2008,GEG,WA,ANM,WE,Combined TRACON& Tower with Radar,138,45,20,1,204,0,32,58,14,104,138,77,78,15,308,64,45,109,417
07/09/2008,GEG,WA,ANM,WE,Combined TRACON& Tower with Radar,128,51,18,0,197,0,10,36,0,46,128,61,54,0,243,94,0,94,337
07/10/2008,GEG,WA,ANM,WE,Combined TRACON& Tower with Radar,136,54,21,3,214,1,6,29,0,36,137,60,50,3,250,26,2,28,278
07/11/2008,GEG,WA,ANM,WE,Combined TRACON& Tower with Radar,127,63,32,0,222,0,6,68,0,74,127,69,100,0,296,86,0,86,382
07/12/2008,GEG,WA,ANM,WE,Combined TRACON& Tower with Radar,111,33,27,1,172,0,5,49,0,54,111,38,76,1,226,74,14,88,314
07/13/2008,GEG,WA,ANM,WE,Combined TRACON& Tower with Radar,120,35,20,0,175,0,0,34,0,34,120,35,54,0,209,22,0,22,231
07/14/2008,GEG,WA,ANM,WE,Combined TRACON& Tower with Radar,127,55,21,0,203,0,10,43,0,53,127,65,64,0,256,48,0,48,304
07/15/2008,GEG,WA,ANM,WE,Combined TRACON& Tower with Radar,131,57,36,0,224,0,7,30,0,37,131,64,66,0,261,22,35,57,318
07/16/2008,GEG,WA,ANM,WE,Combined TRACON& Tower with Radar,131,59,13,0,203,0,11,45,0,56,131,70,58,0,259,46,0,46,305
07/17/2008,GEG,WA,ANM,WE,Combined TRACON& Tower with Radar,128,57,28,0,213,0,11,48,1,60,128,68,76,1,273,74,0,74,347
07/18/2008,GEG,WA,ANM,WE,Combined TRACON& Tower with Radar,133,64,17,0,214,0,12,46,2,60,133,76,63,2,274,46,0,46,320
07/19/2008,GEG,WA,ANM,WE,Combined TRACON& Tower with Radar,117,33,26,0,176,0,5,46,0,51,117,38,72,0,227,90,0,90,317
07/20/2008,GEG,WA,ANM,WE,Combined TRACON& Tower with Radar,117,33,30,0,180,0,2,25,0,27,117,35,55,0,207,14,0,14,221
07/21/2008,GEG,WA,ANM,WE,Combined TRACON& Tower with Radar,117,52,31,0,200,0,14,26,0,40,117,66,57,0,240,68,0,68,308
07/22/2008,GEG,WA,ANM,WE,Combined TRACON& Tower with Radar,131,51,14,0,196,0,5,31,0,36,131,56,45,0,232,4,0,4,236
07/23/2008,GEG,WA,ANM,WE,Combined TRACON& Tower with Radar,129,63,36,11,239,0,11,48,0,59,129,74,84,11,298,78,16,94,392
07/24/2008,GEG,WA,ANM,WE,Combined TRACON& Tower with Radar,135,56,15,0,206,0,9,32,0,41,135,65,47,0,247,26,0,26,273
07/25/2008,GEG,WA,ANM,WE,Combined TRACON& Tower with Radar,128,61,19,1,209,0,4,68,0,72,128,65,87,1,281,102,0,102,383
07/26/2008,GEG,WA,ANM,WE,Combined TRACON& Tower with Radar,122,32,14,2,170,0,2,42,0,44,122,34,56,2,214,36,15,51,265
07/27/2008,GEG,WA,ANM,WE,Combined TRACON& Tower with Radar,118,30,7,0,155,0,0,24,0,24,118,30,31,0,179,0,0,0,179
07/28/2008,GEG,WA,ANM,WE,Combined TRACON& Tower with Radar,119,48,31,1,199,0,8,32,2,42,119,56,63,3,241,68,6,74,315
07/29/2008,GEG,WA,ANM,WE,Combined TRACON& Tower with Radar,127,54,14,4,199,0,8,25,0,33,127,62,39,4,232,52,0,52,284
07/30/2008,GEG,WA,ANM,WE,Combined TRACON& Tower with Radar,139,47,25,0,211,0,5,25,0,30,139,52,50,0,241,64,0,64,305
07/31/2008,GEG,WA,ANM,WE,Combined TRACON& Tower with Radar,144,50,11,2,207,0,7,53,0,60,144,57,64,2,267,60,2,62,329
08/01/2008,GEG,WA,ANM,WE,Combined TRACON& Tower with Radar,128,87,26,1,242,0,2,19,1,22,128,89,45,2,264,14,8,22,286
08/02/2008,GEG,WA,ANM,WE,Combined TRACON& Tower with Radar,109,60,15,0,184,0,2,34,0,36,109,62,49,0,220,46,0,46,266
08/03/2008,GEG,WA,ANM,WE,Combined TRACON& Tower with Radar,116,32,15,1,164,0,0,20,0,20,116,32,35,1,184,42,0,42,226
08/04/2008,GEG,WA,ANM,WE,Combined TRACON& Tower with Radar,119,50,21,0,190,0,15,36,0,51,119,65,57,0,241,16,0,16,257
08/05/2008,GEG,WA,ANM,WE,Combined TRACON& Tower with Radar,128,53,21,8,210,0,10,50,5,65,128,63,71,13,275,44,8,52,327
08/06/2008,GEG,WA,ANM,WE,Combined TRACON& Tower with Radar,132,52,29,0,213,0,8,51,3,62,132,60,80,3,275,22,0,22,297
08/07/2008,GEG,WA,ANM,WE,Combined TRACON& Tower with Radar,121,54,15,1,191,0,5,30,0,35,121,59,45,1,226,26,0,26,252
08/08/2008,GEG,WA,ANM,WE,Combined TRACON& Tower with Radar,105,68,7,2,182,0,6,11,0,17,105,74,18,2,199,4,0,4,203
08/09/2008,GEG,WA,ANM,WE,Combined TRACON& Tower with Radar,109,38,12,0,159,0,5,16,0,21,109,43,28,0,180,6,0,6,186
08/10/2008,GEG,WA,ANM,WE,Combined TRACON& Tower with Radar,111,33,22,2,168,0,0,17,0,17,111,33,39,2,185,16,0,16,201
08/11/2008,GEG,WA,ANM,WE,Combined TRACON& Tower with Radar,118,49,39,0,206,0,8,42,0,50,118,57,81,0,256,60,0,60,316
08/12/2008,GEG,WA,ANM,WE,Combined TRACON& Tower with Radar,130,51,23,0,204,0,15,45,0,60,130,66,68,0,264,66,0,66,330
08/13/2008,GEG,WA,ANM,WE,Combined TRACON& Tower with Radar,134,47,18,0,199,0,19,57,1,77,134,66,75,1,276,26,0,26,302
08/14/2008,GEG,WA,ANM,WE,Combined TRACON& Tower with Radar,121,49,28,3,201,0,10,38,0,48,121,59,66,3,249,14,14,28,277
08/15/2008,GEG,WA,ANM,WE,Combined TRACON& Tower with Radar,129,63,21,0,213,0,10,57,0,67,129,73,78,0,280,32,68,100,380
08/16/2008,GEG,WA,ANM,WE,Combined TRACON& Tower with Radar,110,32,11,0,153,0,4,28,0,32,110,36,39,0,185,72,0,72,257
08/17/2008,GEG,WA,ANM,WE,Combined TRACON& Tower with Radar,118,30,10,0,158,0,1,27,0,28,118,31,37,0,186,38,0,38,224
08/18/2008,GEG,WA,ANM,WE,Combined TRACON& Tower with Radar,119,53,25,0,197,0,13,28,0,41,119,66,53,0,238,52,0,52,290
08/19/2008,GEG,WA,ANM,WE,Combined TRACON& Tower with Radar,127,64,25,0,216,0,8,13,0,21,127,72,38,0,237,30,0,30,267
08/20/2008,GEG,WA,ANM,WE,Combined TRACON& Tower with Radar,122,64,28,4,218,0,5,11,0,16,122,69,39,4,234,0,0,0,234
08/21/2008,GEG,WA,ANM,WE,Combined TRACON& Tower with Radar,140,51,20,2,213,0,7,11,0,18,140,58,31,2,231,46,0,46,277
08/22/2008,GEG,WA,ANM,WE,Combined TRACON& Tower with Radar,128,62,18,0,208,0,11,68,0,79,128,73,86,0,287,17,44,61,348
08/23/2008,GEG,WA,ANM,WE,Combined TRACON& Tower with Radar,106,26,6,0,138,0,6,46,0,52,106,32,52,0,190,32,4,36,226
08/24/2008,GEG,WA,ANM,WE,Combined TRACON& Tower with Radar,112,21,14,0,147,0,0,24,0,24,112,21,38,0,171,70,0,70,241
08/25/2008,GEG,WA,ANM,WE,Combined TRACON& Tower with Radar,120,48,20,0,188,0,6,13,0,19,120,54,33,0,207,8,0,8,215
08/26/2008,GEG,WA,ANM,WE,Combined TRACON& Tower with Radar,122,48,19,0,189,0,6,43,0,49,122,54,62,0,238,82,78,160,398
08/27/2008,GEG,WA,ANM,WE,Combined TRACON& Tower with Radar,114,54,25,0,193,0,3,11,0,14,114,57,36,0,207,0,0,0,207
08/28/2008,GEG,WA,ANM,WE,Combined TRACON& Tower with Radar,118,50,24,0,192,0,14,29,0,43,118,64,53,0,235,36,0,36,271
08/29/2008,GEG,WA,ANM,WE,Combined TRACON& Tower with Radar,119,48,27,0,194,0,9,24,0,33,119,57,51,0,227,70,8,78,305
08/30/2008,GEG,WA,ANM,WE,Combined TRACON& Tower with Radar,89,31,10,0,130,0,3,22,0,25,89,34,32,0,155,40,0,40,195
08/31/2008,GEG,WA,ANM,WE,Combined TRACON& Tower with Radar,84,23,12,0,119,0,3,16,0,19,84,26,28,0,138,8,0,8,146
09/01/2008,GEG,WA,ANM,WE,Combined TRACON& Tower with Radar,101,21,8,4,134,0,0,27,0,27,101,21,35,4,161,20,0,20,181
09/02/2008,GEG,WA,ANM,WE,Combined TRACON& Tower with Radar,108,45,10,0,163,0,12,32,0,44,108,57,42,0,207,64,0,64,271
09/03/2008,GEG,WA,ANM,WE,Combined TRACON& Tower with Radar,118,34,22,0,174,0,7,38,0,45,118,41,60,0,219,52,0,52,271
09/04/2008,GEG,WA,ANM,WE,Combined TRACON& Tower with Radar,117,34,16,0,167,0,8,50,0,58,117,42,66,0,225,82,0,82,307
09/05/2008,GEG,WA,ANM,WE,Combined TRACON& Tower with Radar,119,47,25,2,193,0,6,41,2,49,119,53,66,4,242,44,0,44,286
09/06/2008,GEG,WA,ANM,WE,Combined TRACON& Tower with Radar,99,24,10,12,145,0,2,39,0,41,99,26,49,12,186,86,0,86,272
09/07/2008,GEG,WA,ANM,WE,Combined TRACON& Tower with Radar,93,14,7,1,115,0,2,36,0,38,93,16,43,1,153,0,0,0,153
09/08/2008,GEG,WA,ANM,WE,Combined TRACON& Tower with Radar,108,35,19,0,162,0,8,39,0,47,108,43,58,0,209,38,0,38,247
09/09/2008,GEG,WA,ANM,WE,Combined TRACON& Tower with Radar,117,39,21,0,177,0,2,53,0,55,117,41,74,0,232,78,0,78,310
09/10/2008,GEG,WA,ANM,WE,Combined TRACON& Tower with Radar,112,35,23,2,172,0,9,52,0,61,112,44,75,2,233,58,2,60,293
09/11/2008,GEG,WA,ANM,WE,Combined TRACON& Tower with Radar,116,35,11,0,162,0,7,38,0,45,116,42,49,0,207,42,0,42,249
09/12/2008,GEG,WA,ANM,WE,Combined TRACON& Tower with Radar,111,37,14,4,166,0,4,50,0,54,111,41,64,4,220,48,0,48,268
09/13/2008,GEG,WA,ANM,WE,Combined TRACON& Tower with Radar,91,21,14,0,126,0,4,43,0,47,91,25,57,0,173,24,2,26,199
09/14/2008,GEG,WA,ANM,WE,Combined TRACON& Tower with Radar,94,10,9,0,113,0,0,44,0,44,94,10,53,0,157,46,0,46,203
09/15/2008,GEG,WA,ANM,WE,Combined TRACON& Tower with Radar,106,30,23,0,159,0,16,45,0,61,106,46,68,0,220,18,50,68,288
09/16/2008,GEG,WA,ANM,WE,Combined TRACON& Tower with Radar,113,35,22,0,170,0,14,55,0,69,113,49,77,0,239,10,0,10,249
09/17/2008,GEG,WA,ANM,WE,Combined TRACON& Tower with Radar,114,47,16,0,177,0,12,46,1,59,114,59,62,1,236,30,0,30,266
09/18/2008,GEG,WA,ANM,WE,Combined TRACON& Tower with Radar,120,33,14,0,167,0,10,27,0,37,120,43,41,0,204,32,22,54,258
09/19/2008,GEG,WA,ANM,WE,Combined TRACON& Tower with Radar,111,38,15,0,164,0,4,37,0,41,111,42,52,0,205,64,0,64,269
09/20/2008,GEG,WA,ANM,WE,Combined TRACON& Tower with Radar,87,22,14,0,123,0,1,21,0,22,87,23,35,0,145,4,10,14,159
09/21/2008,GEG,WA,ANM,WE,Combined TRACON& Tower with Radar,106,27,14,5,152,0,1,1,0,2,106,28,15,5,154,0,0,0,154
09/22/2008,GEG,WA,ANM,WE,Combined TRACON& Tower with Radar,108,32,19,0,159,0,7,15,0,22,108,39,34,0,181,18,0,18,199
09/23/2008,GEG,WA,ANM,WE,Combined TRACON& Tower with Radar,117,43,20,0,180,0,10,37,0,47,117,53,57,0,227,122,0,122,349
09/24/2008,GEG,WA,ANM,WE,Combined TRACON& Tower with Radar,114,35,28,0,177,0,7,36,0,43,114,42,64,0,220,97,0,97,317
09/25/2008,GEG,WA,ANM,WE,Combined TRACON& Tower with Radar,118,42,27,1,188,0,4,28,0,32,118,46,55,1,220,72,0,72,292
09/26/2008,GEG,WA,ANM,WE,Combined TRACON& Tower with Radar,109,32,22,0,163,0,6,41,0,47,109,38,63,0,210,120,0,120,330
09/27/2008,GEG,WA,ANM,WE,Combined TRACON& Tower with Radar,109,25,12,0,146,0,8,38,0,46,109,33,50,0,192,82,0,82,274
09/28/2008,GEG,WA,ANM,WE,Combined TRACON& Tower with Radar,104,15,11,1,131,0,0,29,0,29,104,15,40,1,160,42,0,42,202
09/29/2008,GEG,WA,ANM,WE,Combined TRACON& Tower with Radar,108,18,12,0,138,0,10,39,0,49,108,28,51,0,187,40,4,44,231
09/30/2008,GEG,WA,ANM,WE,Combined TRACON& Tower with Radar,113,27,24,0,164,0,7,24,0,31,113,34,48,0,195,92,6,98,293
10/01/2008,GEG,WA,ANM,WE,Combined TRACON& Tower with Radar,117,32,32,2,183,0,12,31,0,43,117,44,63,2,226,32,4,36,262
10/02/2008,GEG,WA,ANM,WE,Combined TRACON& Tower with Radar,117,39,12,0,168,0,5,20,0,25,117,44,32,0,193,50,38,88,281
10/03/2008,GEG,WA,ANM,WE,Combined TRACON& Tower with Radar,113,39,55,14,221,0,2,20,2,24,113,41,75,16,245,94,16,110,355
10/04/2008,GEG,WA,ANM,WE,Combined TRACON& Tower with Radar,86,19,1,0,106,0,0,5,2,7,86,19,6,2,113,18,0,18,131
10/05/2008,GEG,WA,ANM,WE,Combined TRACON& Tower with Radar,97,12,12,0,121,0,0,11,0,11,97,12,23,0,132,12,0,12,144
10/06/2008,GEG,WA,ANM,WE,Combined TRACON& Tower with Radar,109,32,10,0,151,0,5,31,0,36,109,37,41,0,187,80,0,80,267
10/07/2008,GEG,WA,ANM,WE,Combined TRACON& Tower with Radar,123,42,16,0,181,0,6,9,0,15,123,48,25,0,196,12,51,63,259
10/08/2008,GEG,WA,ANM,WE,Combined TRACON& Tower with Radar,120,42,32,0,194,0,11,48,0,59,120,53,80,0,253,64,0,64,317
10/09/2008,GEG,WA,ANM,WE,Combined TRACON& Tower with Radar,113,47,33,2,195,0,8,23,0,31,113,55,56,2,226,72,2,74,300
10/10/2008,GEG,WA,ANM,WE,Combined TRACON& Tower with Radar,110,43,18,0,171,0,7,28,0,35,110,50,46,0,206,132,0,132,338
10/11/2008,GEG,WA,ANM,WE,Combined TRACON& Tower with Radar,92,26,10,0,128,0,1,23,0,24,92,27,33,0,152,30,1,31,183
10/12/2008,GEG,WA,ANM,WE,Combined TRACON& Tower with Radar,95,13,14,0,122,0,0,33,0,33,95,13,47,0,155,60,0,60,215
10/13/2008,GEG,WA,ANM,WE,Combined TRACON& Tower with Radar,112,23,19,0,154,0,7,24,0,31,112,30,43,0,185,32,0,32,217
10/14/2008,GEG,WA,ANM,WE,Combined TRACON& Tower with Radar,120,32,15,0,167,0,6,35,0,41,120,38,50,0,208,106,38,144,352
10/15/2008,GEG,WA,ANM,WE,Combined TRACON& Tower with Radar,114,38,28,0,180,0,15,28,0,43,114,53,56,0,223,80,26,106,329
10/16/2008,GEG,WA,ANM,WE,Combined TRACON& Tower with Radar,120,36,22,0,178,0,2,35,0,37,120,38,57,0,215,112,0,112,327
10/17/2008,GEG,WA,ANM,WE,Combined TRACON& Tower with Radar,125,47,23,0,195,0,6,43,0,49,125,53,66,0,244,54,16,70,314
10/18/2008,GEG,WA,ANM,WE,Combined TRACON& Tower with Radar,87,20,15,0,122,0,1,38,0,39,87,21,53,0,161,12,0,12,173
10/19/2008,GEG,WA,ANM,WE,Combined TRACON& Tower with Radar,118,18,5,0,141,0,0,31,0,31,118,18,36,0,172,26,0,26,198
10/20/2008,GEG,WA,ANM,WE,Combined TRACON& Tower with Radar,111,35,17,0,163,0,3,16,0,19,111,38,33,0,182,2,0,2,184
10/21/2008,GEG,WA,ANM,WE,Combined TRACON& Tower with Radar,118,38,21,1,178,0,6,34,0,40,118,44,55,1,218,46,23,69,287
10/22/2008,GEG,WA,ANM,WE,Combined TRACON& Tower with Radar,116,35,21,2,174,0,13,36,0,49,116,48,57,2,223,92,39,131,354
10/23/2008,GEG,WA,ANM,WE,Combined TRACON& Tower with Radar,125,39,16,2,182,0,58,38,0,96,125,97,54,2,278,112,4,116,394
10/24/2008,GEG,WA,ANM,WE,Combined TRACON& Tower with Radar,120,46,14,1,181,0,0,30,0,30,120,46,44,1,211,46,0,46,257
10/25/2008,GEG,WA,ANM,WE,Combined TRACON& Tower with Radar,91,20,13,0,124,0,4,47,0,51,91,24,60,0,175,54,0,54,229
10/26/2008,GEG,WA,ANM,WE,Combined TRACON& Tower with Radar,94,15,2,2,113,0,16,47,0,63,94,31,49,2,176,26,0,26,202
10/27/2008,GEG,WA,ANM,WE,Combined TRACON& Tower with Radar,109,35,30,1,175,0,7,30,0,37,109,42,60,1,212,40,0,40,252
10/28/2008,GEG,WA,ANM,WE,Combined TRACON& Tower with Radar,115,32,26,0,173,0,14,47,0,61,115,46,73,0,234,64,32,96,330
10/29/2008,GEG,WA,ANM,WE,Combined TRACON& Tower with Radar,115,37,8,4,164,0,12,34,0,46,115,49,42,4,210,66,2,68,278
10/30/2008,GEG,WA,ANM,WE,Combined TRACON& Tower with Radar,119,40,28,0,187,0,8,35,0,43,119,48,63,0,230,60,2,62,292
10/31/2008,GEG,WA,ANM,WE,Combined TRACON& Tower with Radar,111,39,8,1,159,0,1,32,0,33,111,40,40,1,192,18,0,18,210
11/01/2008,GEG,WA,ANM,WE,Combined TRACON& Tower with Radar,92,4,16,0,112,0,1,17,0,18,92,5,33,0,130,44,0,44,174
11/02/2008,GEG,WA,ANM,WE,Combined TRACON& Tower with Radar,105,14,16,1,136,0,0,5,0,5,105,14,21,1,141,0,0,0,141
11/03/2008,GEG,WA,ANM,WE,Combined TRACON& Tower with Radar,109,30,25,11,175,0,2,17,0,19,109,32,42,11,194,26,18,44,238
11/04/2008,GEG,WA,ANM,WE,Combined TRACON& Tower with Radar,117,36,11,58,222,0,0,0,0,0,117,36,11,58,222,0,0,0,222
11/05/2008,GEG,WA,ANM,WE,Combined TRACON& Tower with Radar,124,55,26,0,205,0,5,20,0,25,124,60,46,0,230,92,0,92,322
11/06/2008,GEG,WA,ANM,WE,Combined TRACON& Tower with Radar,115,44,15,6,180,0,1,7,0,8,115,45,22,6,188,36,4,40,228
11/07/2008,GEG,WA,ANM,WE,Combined TRACON& Tower with Radar,118,45,11,0,174,0,0,0,0,0,118,45,11,0,174,0,0,0,174
11/08/2008,GEG,WA,ANM,WE,Combined TRACON& Tower with Radar,119,22,24,0,165,0,0,0,0,0,119,22,24,0,165,14,0,14,179
11/09/2008,GEG,WA,ANM,WE,Combined TRACON& Tower with Radar,79,8,7,0,94,0,0,0,0,0,79,8,7,0,94,0,0,0,94
11/10/2008,GEG,WA,ANM,WE,Combined TRACON& Tower with Radar,109,36,5,0,150,0,5,3,0,8,109,41,8,0,158,0,0,0,158
11/11/2008,GEG,WA,ANM,WE,Combined TRACON& Tower with Radar,107,43,27,0,177,0,1,0,0,1,107,44,27,0,178,0,0,0,178
11/12/2008,GEG,WA,ANM,WE,Combined TRACON& Tower with Radar,125,40,15,4,184,0,2,0,0,2,125,42,15,4,186,2,16,18,204
11/13/2008,GEG,WA,ANM,WE,Combined TRACON& Tower with Radar,113,44,25,0,182,0,11,18,0,29,113,55,43,0,211,12,2,14,225
11/14/2008,GEG,WA,ANM,WE,Combined TRACON& Tower with Radar,130,59,39,0,228,0,10,50,0,60,130,69,89,0,288,86,41,127,415
11/15/2008,GEG,WA,ANM,WE,Combined TRACON& Tower with Radar,10,22,27,7,66,0,0,37,0,37,10,22,64,7,103,70,0,70,173
11/16/2008,GEG,WA,ANM,WE,Combined TRACON& Tower with Radar,103,12,30,0,145,0,0,26,0,26,103,12,56,0,171,50,0,50,221
11/17/2008,GEG,WA,ANM,WE,Combined TRACON& Tower with Radar,108,36,22,0,166,0,11,31,0,42,108,47,53,0,208,36,0,36,244
11/18/2008,GEG,WA,ANM,WE,Combined TRACON& Tower with Radar,117,40,34,0,191,0,9,30,0,39,117,49,64,0,230,72,0,72,302
11/19/2008,GEG,WA,ANM,WE,Combined TRACON& Tower with Radar,119,42,31,0,192,0,12,28,0,40,119,54,59,0,232,54,0,54,286
11/20/2008,GEG,WA,ANM,WE,Combined TRACON& Tower with Radar,117,44,23,0,184,0,1,23,0,24,117,45,46,0,208,34,0,34,242
11/21/2008,GEG,WA,ANM,WE,Combined TRACON& Tower with Radar,111,46,23,0,180,0,4,25,1,30,111,50,48,1,210,35,36,71,281
11/22/2008,GEG,WA,ANM,WE,Combined TRACON& Tower with Radar,100,24,12,0,136,0,0,24,0,24,100,24,36,0,160,124,0,124,284
11/23/2008,GEG,WA,ANM,WE,Combined TRACON& Tower with Radar,98,14,11,0,123,0,0,26,0,26,98,14,37,0,149,30,0,30,179
11/24/2008,GEG,WA,ANM,WE,Combined TRACON& Tower with Radar,109,35,18,0,162,0,7,26,0,33,109,42,44,0,195,38,0,38,233
11/25/2008,GEG,WA,ANM,WE,Combined TRACON& Tower with Radar,119,55,30,0,204,0,5,35,0,40,119,60,65,0,244,26,18,44,288
11/26/2008,GEG,WA,ANM,WE,Combined TRACON& Tower with Radar,114,47,24,11,196,0,1,1,0,2,114,48,25,11,198,14,2,16,214
11/27/2008,GEG,WA,ANM,WE,Combined TRACON& Tower with Radar,82,19,1,0,102,0,0,0,0,0,82,19,1,0,102,0,0,0,102
11/28/2008,GEG,WA,ANM,WE,Combined TRACON& Tower with Radar,87,41,4,0,132,0,0,0,0,0,87,41,4,0,132,0,0,0,132
11/29/2008,GEG,WA,ANM,WE,Combined TRACON& Tower with Radar,93,23,1,0,117,0,0,0,0,0,93,23,1,0,117,0,0,0,117
11/30/2008,GEG,WA,ANM,WE,Combined TRACON& Tower with Radar,111,10,7,0,128,0,0,6,0,6,111,10,13,0,134,0,0,0,134
12/01/2008,GEG,WA,ANM,WE,Combined TRACON& Tower with Radar,109,38,15,0,162,0,0,0,0,0,109,38,15,0,162,0,0,0,162
12/02/2008,GEG,WA,ANM,WE,Combined TRACON& Tower with Radar,126,45,17,0,188,0,4,2,0,6,126,49,19,0,194,42,25,67,261
12/03/2008,GEG,WA,ANM,WE,Combined TRACON& Tower with Radar,117,58,30,0,205,0,2,50,1,53,117,60,80,1,258,62,0,62,320
12/04/2008,GEG,WA,ANM,WE,Combined TRACON& Tower with Radar,119,44,23,1,187,0,5,17,1,23,119,49,40,2,210,68,0,68,278
12/05/2008,GEG,WA,ANM,WE,Combined TRACON& Tower with Radar,123,56,18,0,197,0,0,16,0,16,123,56,34,0,213,0,0,0,213
12/06/2008,GEG,WA,ANM,WE,Combined TRACON& Tower with Radar,101,26,6,0,133,0,2,17,0,19,101,28,23,0,152,14,0,14,166
12/07/2008,GEG,WA,ANM,WE,Combined TRACON& Tower with Radar,105,15,6,0,126,0,0,6,0,6,105,15,12,0,132,38,0,38,170
12/08/2008,GEG,WA,ANM,WE,Combined TRACON& Tower with Radar,108,38,14,0,160,0,0,0,0,0,108,38,14,0,160,0,0,0,160
12/09/2008,GEG,WA,ANM,WE,Combined TRACON& Tower with Radar,119,52,15,0,186,0,2,11,0,13,119,54,26,0,199,48,6,54,253
12/10/2008,GEG,WA,ANM,WE,Combined TRACON& Tower with Radar,123,51,21,24,219,0,6,21,0,27,123,57,42,24,246,38,18,56,302
12/11/2008,GEG,WA,ANM,WE,Combined TRACON& Tower with Radar,124,38,10,0,172,0,2,0,0,2,124,40,10,0,174,0,0,0,174
12/12/2008,GEG,WA,ANM,WE,Combined TRACON& Tower with Radar,134,43,5,0,182,0,0,0,0,0,134,43,5,0,182,0,0,0,182
12/13/2008,GEG,WA,ANM,WE,Combined TRACON& Tower with Radar,106,21,6,0,133,0,0,0,0,0,106,21,6,0,133,0,0,0,133
12/14/2008,GEG,WA,ANM,WE,Combined TRACON& Tower with Radar,101,14,5,4,124,0,0,4,0,4,101,14,9,4,128,6,0,6,134
12/15/2008,GEG,WA,ANM,WE,Combined TRACON& Tower with Radar,104,46,17,0,167,0,4,21,0,25,104,50,38,0,192,6,14,20,212
12/16/2008,GEG,WA,ANM,WE,Combined TRACON& Tower with Radar,132,47,47,0,226,0,5,18,0,23,132,52,65,0,249,36,0,36,285
12/17/2008,GEG,WA,ANM,WE,Combined TRACON& Tower with Radar,104,46,16,0,166,0,0,0,0,0,104,46,16,0,166,0,0,0,166
12/18/2008,GEG,WA,ANM,WE,Combined TRACON& Tower with Radar,46,20,6,0,72,0,0,1,0,1,46,20,7,0,73,0,0,0,73
12/19/2008,GEG,WA,ANM,WE,Combined TRACON& Tower with Radar,113,63,16,0,192,0,0,0,0,0,113,63,16,0,192,6,0,6,198
12/20/2008,GEG,WA,ANM,WE,Combined TRACON& Tower with Radar,104,45,27,0,176,0,0,1,0,1,104,45,28,0,177,0,0,0,177
12/21/2008,GEG,WA,ANM,WE,Combined TRACON& Tower with Radar,104,8,12,0,124,0,0,0,0,0,104,8,12,0,124,0,0,0,124
12/22/2008,GEG,WA,ANM,WE,Combined TRACON& Tower with Radar,74,45,11,0,130,0,1,1,0,2,74,46,12,0,132,0,0,0,132
12/23/2008,GEG,WA,ANM,WE,Combined TRACON& Tower with Radar,134,66,18,0,218,0,0,1,0,1,134,66,19,0,219,0,0,0,219
12/24/2008,GEG,WA,ANM,WE,Combined TRACON& Tower with Radar,106,62,8,0,176,0,0,0,0,0,106,62,8,0,176,0,0,0,176
12/25/2008,GEG,WA,ANM,WE,Combined TRACON& Tower with Radar,76,13,0,0,89,0,0,0,0,0,76,13,0,0,89,0,0,0,89
12/26/2008,GEG,WA,ANM,WE,Combined TRACON& Tower with Radar,95,49,7,0,151,0,0,0,0,0,95,49,7,0,151,0,0,0,151
12/27/2008,GEG,WA,ANM,WE,Combined TRACON& Tower with Radar,91,21,7,0,119,0,0,0,0,0,91,21,7,0,119,0,0,0,119
12/28/2008,GEG,WA,ANM,WE,Combined TRACON& Tower with Radar,109,13,8,0,130,0,0,3,0,3,109,13,11,0,133,2,0,2,135
12/29/2008,GEG,WA,ANM,WE,Combined TRACON& Tower with Radar,82,26,2,0,110,0,1,0,0,1,82,27,2,0,111,2,0,2,113
12/30/2008,GEG,WA,ANM,WE,Combined TRACON& Tower with Radar,125,55,13,0,193,0,6,10,0,16,125,61,23,0,209,18,0,18,227
12/31/2008,GEG,WA,ANM,WE,Combined TRACON& Tower with Radar,102,36,5,0,143,0,0,0,0,0,102,36,5,0,143,0,0,0,143
01/01/2009,GEG,WA,ANM,WE,Combined TRACON& Tower with Radar,78,13,5,0,96,0,0,0,0,0,78,13,5,0,96,0,0,0,96
01/02/2009,GEG,WA,ANM,WE,Combined TRACON& Tower with Radar,105,44,4,0,153,0,2,0,0,2,105,46,4,0,155,0,0,0,155
01/03/2009,GEG,WA,ANM,WE,Combined TRACON& Tower with Radar,109,24,9,0,142,0,2,16,0,18,109,26,25,0,160,48,0,48,208
01/04/2009,GEG,WA,ANM,WE,Combined TRACON& Tower with Radar,110,14,37,0,161,0,0,12,0,12,110,14,49,0,173,24,0,24,197
01/05/2009,GEG,WA,ANM,WE,Combined TRACON& Tower with Radar,111,39,8,0,158,0,0,0,0,0,111,39,8,0,158,2,0,2,160
01/06/2009,GEG,WA,ANM,WE,Combined TRACON& Tower with Radar,118,53,16,2,189,0,0,0,0,0,118,53,16,2,189,0,0,0,189
01/07/2009,GEG,WA,ANM,WE,Combined TRACON& Tower with Radar,134,55,12,0,201,0,3,8,0,11,134,58,20,0,212,0,20,20,232
01/08/2009,GEG,WA,ANM,WE,Combined TRACON& Tower with Radar,125,49,7,0,181,0,3,8,0,11,125,52,15,0,192,22,0,22,214
01/09/2009,GEG,WA,ANM,WE,Combined TRACON& Tower with Radar,146,54,12,9,221,0,4,18,0,22,146,58,30,9,243,50,77,127,370
01/10/2009,GEG,WA,ANM,WE,Combined TRACON& Tower with Radar,98,22,16,4,140,0,0,16,0,16,98,22,32,4,156,22,2,24,180
01/11/2009,GEG,WA,ANM,WE,Combined TRACON& Tower with Radar,85,10,1,0,96,0,0,0,0,0,85,10,1,0,96,0,0,0,96
01/12/2009,GEG,WA,ANM,WE,Combined TRACON& Tower with Radar,102,22,4,0,128,0,0,0,0,0,102,22,4,0,128,0,0,0,128
01/13/2009,GEG,WA,ANM,WE,Combined TRACON& Tower with Radar,101,37,15,0,153,0,1,0,0,1,101,38,15,0,154,0,0,0,154
01/14/2009,GEG,WA,ANM,WE,Combined TRACON& Tower with Radar,108,14,4,0,126,0,0,0,0,0,108,14,4,0,126,0,0,0,126
01/15/2009,GEG,WA,ANM,WE,Combined TRACON& Tower with Radar,120,4,4,0,128,0,0,0,0,0,120,4,4,0,128,0,0,0,128
01/16/2009,GEG,WA,ANM,WE,Combined TRACON& Tower with Radar,113,8,1,0,122,0,0,0,0,0,113,8,1,0,122,0,0,0,122
01/17/2009,GEG,WA,ANM,WE,Combined TRACON& Tower with Radar,84,21,7,2,114,0,0,0,0,0,84,21,7,2,114,0,0,0,114
01/18/2009,GEG,WA,ANM,WE,Combined TRACON& Tower with Radar,85,8,7,0,100,0,0,12,0,12,85,8,19,0,112,22,15,37,149
01/19/2009,GEG,WA,ANM,WE,Combined TRACON& Tower with Radar,94,28,6,0,128,0,0,0,0,0,94,28,6,0,128,0,0,0,128
01/20/2009,GEG,WA,ANM,WE,Combined TRACON& Tower with Radar,116,33,10,0,159,0,1,0,0,1,116,34,10,0,160,8,0,8,168
01/21/2009,GEG,WA,ANM,WE,Combined TRACON& Tower with Radar,114,35,13,0,162,0,0,1,0,1,114,35,14,0,163,4,0,4,167
01/22/2009,GEG,WA,ANM,WE,Combined TRACON& Tower with Radar,103,44,12,5,164,0,0,0,0,0,103,44,12,5,164,4,0,4,168
01/23/2009,GEG,WA,ANM,WE,Combined TRACON& Tower with Radar,116,51,26,0,193,0,0,4,0,4,116,51,30,0,197,64,28,92,289
01/24/2009,GEG,WA,ANM,WE,Combined TRACON& Tower with Radar,119,29,10,0,158,0,0,1,0,1,119,29,11,0,159,126,0,126,285
01/25/2009,GEG,WA,ANM,WE,Combined TRACON& Tower with Radar,82,13,21,1,117,0,0,17,0,17,82,13,38,1,134,42,0,42,176
01/26/2009,GEG,WA,ANM,WE,Combined TRACON& Tower with Radar,93,38,31,1,163,0,2,26,0,28,93,40,57,1,191,78,0,78,269
01/27/2009,GEG,WA,ANM,WE,Combined TRACON& Tower with Radar,105,42,6,1,154,0,1,7,0,8,105,43,13,1,162,22,0,22,184
01/28/2009,GEG,WA,ANM,WE,Combined TRACON& Tower with Radar,115,52,21,6,194,0,9,11,0,20,115,61,32,6,214,44,4,48,262
01/29/2009,GEG,WA,ANM,WE,Combined TRACON& Tower with Radar,111,44,35,0,190,0,4,12,0,16,111,48,47,0,206,70,0,70,276
01/30/2009,GEG,WA,ANM,WE,Combined TRACON& Tower with Radar,127,62,14,0,203,0,0,16,1,17,127,62,30,1,220,146,18,164,384
01/31/2009,GEG,WA,ANM,WE,Combined TRACON& Tower with Radar,83,24,14,0,121,0,2,30,0,32,83,26,44,0,153,78,2,80,233
02/01/2009,GEG,WA,ANM,WE,Combined TRACON& Tower with Radar,84,10,6,0,100,0,1,5,0,6,84,11,11,0,106,14,0,14,120
02/02/2009,GEG,WA,ANM,WE,Combined TRACON& Tower with Radar,101,33,8,2,144,0,3,24,0,27,101,36,32,2,171,46,24,70,241
02/03/2009,GEG,WA,ANM,WE,Combined TRACON& Tower with Radar,107,34,46,0,187,0,14,15,0,29,107,48,61,0,216,64,0,64,280
02/04/2009,GEG,WA,ANM,WE,Combined TRACON& Tower with Radar,112,39,13,0,164,0,13,22,0,35,112,52,35,0,199,40,0,40,239
02/05/2009,GEG,WA,ANM,WE,Combined TRACON& Tower with Radar,105,41,16,0,162,0,5,25,0,30,105,46,41,0,192,72,10,82,274
02/06/2009,GEG,WA,ANM,WE,Combined TRACON& Tower with Radar,110,52,17,0,179,0,5,2,0,7,110,57,19,0,186,74,19,93,279
02/07/2009,GEG,WA,ANM,WE,Combined TRACON& Tower with Radar,87,27,6,0,120,0,0,0,0,0,87,27,6,0,120,0,0,0,120
02/08/2009,GEG,WA,ANM,WE,Combined TRACON& Tower with Radar,87,11,21,1,120,0,0,8,0,8,87,11,29,1,128,74,0,74,202
02/09/2009,GEG,WA,ANM,WE,Combined TRACON& Tower with Radar,98,35,10,0,143,0,1,0,0,1,98,36,10,0,144,0,0,0,144
02/10/2009,GEG,WA,ANM,WE,Combined TRACON& Tower with Radar,109,44,21,0,174,0,2,3,2,7,109,46,24,2,181,0,0,0,181
02/11/2009,GEG,WA,ANM,WE,Combined TRACON& Tower with Radar,107,45,12,0,164,0,3,7,0,10,107,48,19,0,174,8,2,10,184
02/12/2009,GEG,WA,ANM,WE,Combined TRACON& Tower with Radar,121,42,11,0,174,0,10,16,0,26,121,52,27,0,200,12,0,12,212
02/13/2009,GEG,WA,ANM,WE,Combined TRACON& Tower with Radar,129,41,22,0,192,0,6,23,0,29,129,47,45,0,221,64,0,64,285
02/14/2009,GEG,WA,ANM,WE,Combined TRACON& Tower with Radar,95,18,9,0,122,0,0,11,0,11,95,18,20,0,133,36,0,36,169
02/15/2009,GEG,WA,ANM,WE,Combined TRACON& Tower with Radar,89,13,11,0,113,0,0,10,0,10,89,13,21,0,123,18,0,18,141
02/16/2009,GEG,WA,ANM,WE,Combined TRACON& Tower with Radar,101,28,8,0,137,0,6,16,0,22,101,34,24,0,159,16,0,16,175
02/17/2009,GEG,WA,ANM,WE,Combined TRACON& Tower with Radar,108,48,25,17,198,0,4,6,1,11,108,52,31,18,209,36,6,42,251
02/18/2009,GEG,WA,ANM,WE,Combined TRACON& Tower with Radar,107,46,9,1,163,0,2,5,11,18,107,48,14,12,181,0,6,6,187
02/19/2009,GEG,WA,ANM,WE,Combined TRACON& Tower with Radar,114,34,19,0,167,0,9,0,0,9,114,43,19,0,176,0,0,0,176
02/20/2009,GEG,WA,ANM,WE,Combined TRACON& Tower with Radar,108,46,13,6,173,0,5,12,0,17,108,51,25,6,190,58,2,60,250
02/21/2009,GEG,WA,ANM,WE,Combined TRACON& Tower with Radar,103,13,20,0,136,0,0,18,0,18,103,13,38,0,154,24,0,24,178
02/22/2009,GEG,WA,ANM,WE,Combined TRACON& Tower with Radar,87,8,7,0,102,0,1,5,0,6,87,9,12,0,108,0,0,0,108
02/23/2009,GEG,WA,ANM,WE,Combined TRACON& Tower with Radar,97,50,8,0,155,0,0,0,0,0,97,50,8,0,155,0,4,4,159
02/24/2009,GEG,WA,ANM,WE,Combined TRACON& Tower with Radar,104,37,17,0,158,0,1,8,0,9,104,38,25,0,167,44,21,65,232
02/25/2009,GEG,WA,ANM,WE,Combined TRACON& Tower with Radar,105,42,15,0,162,0,2,10,0,12,105,44,25,0,174,40,0,40,214
02/26/2009,GEG,WA,ANM,WE,Combined TRACON& Tower with Radar,121,67,19,0,207,0,11,16,0,27,121,78,35,0,234,0,0,0,234
02/27/2009,GEG,WA,ANM,WE,Combined TRACON& Tower with Radar,110,54,26,0,190,0,11,33,0,44,110,65,59,0,234,58,0,58,292
02/28/2009,GEG,WA,ANM,WE,Combined TRACON& Tower with Radar,97,30,28,0,155,0,0,38,0,38,97,30,66,0,193,108,0,108,301
03/01/2009,GEG,WA,ANM,WE,Combined TRACON& Tower with Radar,89,15,5,0,109,0,0,6,0,6,89,15,11,0,115,14,0,14,129
03/02/2009,GEG,WA,ANM,WE,Combined TRACON& Tower with Radar,103,36,13,0,152,0,3,4,0,7,103,39,17,0,159,0,0,0,159
03/03/2009,GEG,WA,ANM,WE,Combined TRACON& Tower with Radar,110,44,26,0,180,0,10,11,0,21,110,54,37,0,201,60,0,60,261
03/04/2009,GEG,WA,ANM,WE,Combined TRACON& Tower with Radar,106,44,13,2,165,0,4,8,1,13,106,48,21,3,178,28,0,28,206
03/05/2009,GEG,WA,ANM,WE,Combined TRACON& Tower with Radar,118,50,11,2,181,0,4,6,0,10,118,54,17,2,191,22,0,22,213
03/06/2009,GEG,WA,ANM,WE,Combined TRACON& Tower with Radar,107,42,24,0,173,0,7,48,0,55,107,49,72,0,228,68,0,68,296
03/07/2009,GEG,WA,ANM,WE,Combined TRACON& Tower with Radar,114,23,9,0,146,0,1,2,0,3,114,24,11,0,149,6,0,6,155
03/08/2009,GEG,WA,ANM,WE,Combined TRACON& Tower with Radar,88,16,8,0,112,0,0,4,0,4,88,16,12,0,116,8,2,10,126
03/09/2009,GEG,WA,ANM,WE,Combined TRACON& Tower with Radar,93,34,7,0,134,0,1,0,0,1,93,35,7,0,135,0,0,0,135
03/10/2009,GEG,WA,ANM,WE,Combined TRACON& Tower with Radar,116,39,23,0,178,0,8,17,0,25,116,47,40,0,203,32,0,32,235
03/11/2009,GEG,WA,ANM,WE,Combined TRACON& Tower with Radar,111,40,10,0,161,0,15,40,0,55,111,55,50,0,216,53,0,53,269
03/12/2009,GEG,WA,ANM,WE,Combined TRACON& Tower with Radar,117,53,21,0,191,0,9,55,0,64,117,62,76,0,255,108,0,108,363
03/13/2009,GEG,WA,ANM,WE,Combined TRACON& Tower with Radar,104,49,24,1,178,0,14,46,0,60,104,63,70,1,238,24,40,64,302
03/14/2009,GEG,WA,ANM,WE,Combined TRACON& Tower with Radar,93,20,12,0,125,0,1,8,0,9,93,21,20,0,134,48,0,48,182
03/15/2009,GEG,WA,ANM,WE,Combined TRACON& Tower with Radar,96,18,7,0,121,0,9,1,0,10,96,27,8,0,131,4,0,4,135
03/16/2009,GEG,WA,ANM,WE,Combined TRACON& Tower with Radar,105,34,12,0,151,0,1,16,0,17,105,35,28,0,168,22,0,22,190
03/17/2009,GEG,WA,ANM,WE,Combined TRACON& Tower with Radar,107,41,18,0,166,0,8,3,0,11,107,49,21,0,177,64,0,64,241
03/18/2009,GEG,WA,ANM,WE,Combined TRACON& Tower with Radar,112,44,30,3,189,0,7,27,0,34,112,51,57,3,223,98,0,98,321
03/19/2009,GEG,WA,ANM,WE,Combined TRACON& Tower with Radar,116,48,34,0,198,0,5,21,0,26,116,53,55,0,224,146,48,194,418
03/20/2009,GEG,WA,ANM,WE,Combined TRACON& Tower with Radar,114,51,28,1,194,0,7,30,0,37,114,58,58,1,231,74,48,122,353
03/21/2009,GEG,WA,ANM,WE,Combined TRACON& Tower with Radar,88,19,33,1,141,0,0,25,0,25,88,19,58,1,166,120,0,120,286
03/22/2009,GEG,WA,ANM,WE,Combined TRACON& Tower with Radar,95,12,9,0,116,0,0,1,0,1,95,12,10,0,117,12,0,12,129
03/23/2009,GEG,WA,ANM,WE,Combined TRACON& Tower with Radar,100,37,12,1,150,0,2,19,1,22,100,39,31,2,172,45,50,95,267
03/24/2009,GEG,WA,ANM,WE,Combined TRACON& Tower with Radar,108,3,13,0,124,0,6,3,0,9,108,9,16,0,133,32,0,32,165
03/25/2009,GEG,WA,ANM,WE,Combined TRACON& Tower with Radar,112,37,10,0,159,0,11,14,0,25,112,48,24,0,184,26,0,26,210
03/26/2009,GEG,WA,ANM,WE,Combined TRACON& Tower with Radar,118,44,21,0,183,0,5,34,0,39,118,49,55,0,222,82,0,82,304
03/27/2009,GEG,WA,ANM,WE,Combined TRACON& Tower with Radar,108,47,14,0,169,0,1,23,2,26,108,48,37,2,195,92,0,92,287
03/28/2009,GEG,WA,ANM,WE,Combined TRACON& Tower with Radar,88,23,19,0,130,0,0,10,0,10,88,23,29,0,140,32,0,32,172
03/29/2009,GEG,WA,ANM,WE,Combined TRACON& Tower with Radar,92,11,8,0,111,0,0,5,0,5,92,11,13,0,116,0,0,0,116
03/30/2009,GEG,WA,ANM,WE,Combined TRACON& Tower with Radar,99,30,26,0,155,0,3,22,0,25,99,33,48,0,180,52,0,52,232
03/31/2009,GEG,WA,ANM,WE,Combined TRACON& Tower with Radar,105,44,20,0,169,0,4,0,0,4,105,48,20,0,173,48,0,48,221
04/01/2009,GEG,WA,ANM,WE,Combined TRACON& Tower with Radar,106,41,9,3,159,0,0,2,0,2,106,41,11,3,161,10,4,14,175
04/02/2009,GEG,WA,ANM,WE,Combined TRACON& Tower with Radar,109,46,7,1,163,0,1,0,0,1,109,47,7,1,164,0,0,0,164
04/03/2009,GEG,WA,ANM,WE,Combined TRACON& Tower with Radar,101,43,7,1,152,0,1,4,0,5,101,44,11,1,157,0,0,0,157
04/04/2009,GEG,WA,ANM,WE,Combined TRACON& Tower with Radar,86,16,29,0,131,0,4,24,0,28,86,20,53,0,159,34,0,34,193
04/05/2009,GEG,WA,ANM,WE,Combined TRACON& Tower with Radar,94,13,26,0,133,0,0,33,0,33,94,13,59,0,166,104,0,104,270
04/06/2009,GEG,WA,ANM,WE,Combined TRACON& Tower with Radar,101,41,24,0,166,0,10,55,0,65,101,51,79,0,231,38,0,38,269
04/07/2009,GEG,WA,ANM,WE,Combined TRACON& Tower with Radar,110,36,12,0,158,0,9,43,0,52,110,45,55,0,210,44,0,44,254
04/08/2009,GEG,WA,ANM,WE,Combined TRACON& Tower with Radar,107,37,20,1,165,0,10,23,0,33,107,47,43,1,198,128,0,128,326
04/09/2009,GEG,WA,ANM,WE,Combined TRACON& Tower with Radar,123,60,14,0,197,0,4,36,0,40,123,64,50,0,237,74,85,159,396
04/10/2009,GEG,WA,ANM,WE,Combined TRACON& Tower with Radar,112,48,22,0,182,0,6,30,0,36,112,54,52,0,218,44,95,139,357
04/11/2009,GEG,WA,ANM,WE,Combined TRACON& Tower with Radar,86,17,4,0,107,0,0,16,0,16,86,17,20,0,123,72,0,72,195
04/12/2009,GEG,WA,ANM,WE,Combined TRACON& Tower with Radar,84,13,4,0,101,0,0,6,0,6,84,13,10,0,107,0,0,0,107
04/13/2009,GEG,WA,ANM,WE,Combined TRACON& Tower with Radar,100,37,9,0,146,0,4,13,0,17,100,41,22,0,163,0,0,0,163
04/14/2009,GEG,WA,ANM,WE,Combined TRACON& Tower with Radar,116,41,12,4,173,0,3,23,0,26,116,44,35,4,199,152,0,152,351
04/15/2009,GEG,WA,ANM,WE,Combined TRACON& Tower with Radar,110,39,29,0,178,0,11,44,0,55,110,50,73,0,233,132,0,132,365
04/16/2009,GEG,WA,ANM,WE,Combined TRACON& Tower with Radar,130,44,20,0,194,0,8,43,0,51,130,52,63,0,245,115,2,117,362
04/17/2009,GEG,WA,ANM,WE,Combined TRACON& Tower with Radar,102,43,25,3,173,0,11,20,0,31,102,54,45,3,204,58,68,126,330
04/18/2009,GEG,WA,ANM,WE,Combined TRACON& Tower with Radar,82,19,11,3,115,0,0,32,1,33,82,19,43,4,148,80,0,80,228
04/19/2009,GEG,WA,ANM,WE,Combined TRACON& Tower with Radar,93,24,13,2,132,0,2,27,1,30,93,26,40,3,162,28,2,30,192
04/20/2009,GEG,WA,ANM,WE,Combined TRACON& Tower with Radar,93,37,16,4,150,0,8,55,0,63,93,45,71,4,213,82,0,82,295
04/21/2009,GEG,WA,ANM,WE,Combined TRACON& Tower with Radar,113,41,31,0,185,0,13,44,0,57,113,54,75,0,242,26,0,26,268
04/22/2009,GEG,WA,ANM,WE,Combined TRACON& Tower with Radar,112,39,15,0,166,0,10,26,1,37,112,49,41,1,203,16,0,16,219
04/23/2009,GEG,WA,ANM,WE,Combined TRACON& Tower with Radar,114,45,14,6,179,0,18,10,0,28,114,63,24,6,207,30,0,30,237
04/24/2009,GEG,WA,ANM,WE,Combined TRACON& Tower with Radar,107,40,20,0,167,0,5,40,1,46,107,45,60,1,213,98,51,149,362
04/25/2009,GEG,WA,ANM,WE,Combined TRACON& Tower with Radar,96,17,9,0,122,0,10,18,0,28,96,27,27,0,150,26,33,59,209
04/26/2009,GEG,WA,ANM,WE,Combined TRACON& Tower with Radar,88,14,16,0,118,0,3,30,0,33,88,17,46,0,151,36,0,36,187
04/27/2009,GEG,WA,ANM,WE,Combined TRACON& Tower with Radar,97,38,35,0,170,0,3,25,0,28,97,41,60,0,198,66,0,66,264
04/28/2009,GEG,WA,ANM,WE,Combined TRACON& Tower with Radar,113,47,22,0,182,0,0,4,0,4,113,47,26,0,186,32,0,32,218
04/29/2009,GEG,WA,ANM,WE,Combined TRACON& Tower with Radar,111,40,23,0,174,0,5,23,0,28,111,45,46,0,202,20,0,20,222
04/30/2009,GEG,WA,ANM,WE,Combined TRACON& Tower with Radar,108,41,11,1,161,0,7,48,0,55,108,48,59,1,216,120,0,120,336
05/01/2009,GEG,WA,ANM,WE,Combined TRACON& Tower with Radar,101,50,18,2,171,0,1,48,0,49,101,51,66,2,220,18,23,41,261
05/02/2009,GEG,WA,ANM,WE,Combined TRACON& Tower with Radar,83,21,2,0,106,0,1,17,0,18,83,22,19,0,124,58,0,58,182
05/03/2009,GEG,WA,ANM,WE,Combined TRACON& Tower with Radar,93,16,7,0,116,0,0,0,0,0,93,16,7,0,116,22,4,26,142
05/04/2009,GEG,WA,ANM,WE,Combined TRACON& Tower with Radar,95,36,9,2,142,0,4,25,0,29,95,40,34,2,171,56,18,74,245
05/05/2009,GEG,WA,ANM,WE,Combined TRACON& Tower with Radar,125,81,51,49,306,0,16,9,3,28,125,97,60,52,334,64,0,64,398
05/06/2009,GEG,WA,ANM,WE,Combined TRACON& Tower with Radar,102,47,18,6,173,0,0,18,0,18,102,47,36,6,191,50,0,50,241
05/07/2009,GEG,WA,ANM,WE,Combined TRACON& Tower with Radar,107,46,17,0,170,0,3,6,0,9,107,49,23,0,179,6,0,6,185
05/08/2009,GEG,WA,ANM,WE,Combined TRACON& Tower with Radar,103,38,22,0,163,0,12,49,0,61,103,50,71,0,224,76,0,76,300
05/09/2009,GEG,WA,ANM,WE,Combined TRACON& Tower with Radar,90,21,24,0,135,0,1,41,0,42,90,22,65,0,177,96,0,96,273
05/10/2009,GEG,WA,ANM,WE,Combined TRACON& Tower with Radar,87,10,9,0,106,0,0,50,0,50,87,10,59,0,156,52,0,52,208
05/11/2009,GEG,WA,ANM,WE,Combined TRACON& Tower with Radar,98,35,14,0,147,0,7,23,0,30,98,42,37,0,177,8,0,8,185
05/12/2009,GEG,WA,ANM,WE,Combined TRACON& Tower with Radar,108,49,22,0,179,0,5,8,0,13,108,54,30,0,192,48,0,48,240
05/13/2009,GEG,WA,ANM,WE,Combined TRACON& Tower with Radar,109,46,34,6,195,0,7,33,0,40,109,53,67,6,235,92,4,96,331
05/14/2009,GEG,WA,ANM,WE,Combined TRACON& Tower with Radar,126,58,19,6,209,0,6,6,0,12,126,64,25,6,221,12,18,30,251
05/15/2009,GEG,WA,ANM,WE,Combined TRACON& Tower with Radar,108,53,30,4,195,0,0,71,0,71,108,53,101,4,266,92,77,169,435
05/16/2009,GEG,WA,ANM,WE,Combined TRACON& Tower with Radar,83,19,9,0,111,0,1,50,0,51,83,20,59,0,162,50,0,50,212
05/17/2009,GEG,WA,ANM,WE,Combined TRACON& Tower with Radar,87,15,13,2,117,0,0,32,2,34,87,15,45,4,151,12,0,12,163
05/18/2009,GEG,WA,ANM,WE,Combined TRACON& Tower with Radar,99,41,32,0,172,0,1,32,0,33,99,42,64,0,205,32,0,32,237
05/19/2009,GEG,WA,ANM,WE,Combined TRACON& Tower with Radar,106,41,19,0,166,0,1,6,0,7,106,42,25,0,173,18,19,37,210
05/20/2009,GEG,WA,ANM,WE,Combined TRACON& Tower with Radar,113,42,28,2,185,0,9,44,0,53,113,51,72,2,238,8,2,10,248
05/21/2009,GEG,WA,ANM,WE,Combined TRACON& Tower with Radar,97,38,13,0,148,0,7,47,0,54,97,45,60,0,202,30,18,48,250
05/22/2009,GEG,WA,ANM,WE,Combined TRACON& Tower with Radar,95,44,9,0,148,0,8,39,0,47,95,52,48,0,195,32,54,86,281
05/23/2009,GEG,WA,ANM,WE,Combined TRACON& Tower with Radar,85,19,11,0,115,0,4,23,0,27,85,23,34,0,142,6,0,6,148
05/24/2009,GEG,WA,ANM,WE,Combined TRACON& Tower with Radar,75,8,10,0,93,0,0,21,0,21,75,8,31,0,114,0,0,0,114
05/25/2009,GEG,WA,ANM,WE,Combined TRACON& Tower with Radar,89,77,12,0,178,0,0,34,0,34,89,77,46,0,212,42,0,42,254
05/26/2009,GEG,WA,ANM,WE,Combined TRACON& Tower with Radar,90,36,15,0,141,0,11,27,0,38,90,47,42,0,179,46,0,46,225
05/27/2009,GEG,WA,ANM,WE,Combined TRACON& Tower with Radar,107,39,34,6,186,0,15,51,0,66,107,54,85,6,252,16,0,16,268
05/28/2009,GEG,WA,ANM,WE,Combined TRACON& Tower with Radar,111,49,70,2,232,0,17,77,0,94,111,66,147,2,326,24,0,24,350
05/29/2009,GEG,WA,ANM,WE,Combined TRACON& Tower with Radar,132,41,28,2,203,0,15,70,11,96,132,56,98,13,299,12,0,12,311
05/30/2009,GEG,WA,ANM,WE,Combined TRACON& Tower with Radar,94,20,11,0,125,0,0,50,0,50,94,20,61,0,175,0,0,0,175
05/31/2009,GEG,WA,ANM,WE,Combined TRACON& Tower with Radar,92,16,7,1,116,0,1,42,0,43,92,17,49,1,159,86,0,86,245
06/01/2009,GEG,WA,ANM,WE,Combined TRACON& Tower with Radar,101,35,23,1,160,0,5,15,0,20,101,40,38,1,180,38,0,38,218
06/02/2009,GEG,WA,ANM,WE,Combined TRACON& Tower with Radar,109,45,16,4,174,0,10,28,0,38,109,55,44,4,212,38,0,38,250
06/03/2009,GEG,WA,ANM,WE,Combined TRACON& Tower with Radar,111,40,16,0,167,0,7,26,0,33,111,47,42,0,200,52,28,80,280
06/04/2009,GEG,WA,ANM,WE,Combined TRACON& Tower with Radar,110,43,18,0,171,0,7,51,0,58,110,50,69,0,229,48,28,76,305
06/05/2009,GEG,WA,ANM,WE,Combined TRACON& Tower with Radar,103,46,14,0,163,0,2,39,0,41,103,48,53,0,204,42,31,73,277
06/06/2009,GEG,WA,ANM,WE,Combined TRACON& Tower with Radar,111,26,4,0,141,0,4,18,0,22,111,30,22,0,163,0,0,0,163
06/07/2009,GEG,WA,ANM,WE,Combined TRACON& Tower with Radar,95,21,13,4,133,0,0,21,0,21,95,21,34,4,154,18,0,18,172
06/08/2009,GEG,WA,ANM,WE,Combined TRACON& Tower with Radar,104,41,28,0,173,0,1,23,0,24,104,42,51,0,197,55,0,55,252
06/09/2009,GEG,WA,ANM,WE,Combined TRACON& Tower with Radar,109,41,13,0,163,0,7,28,0,35,109,48,41,0,198,62,0,62,260
06/10/2009,GEG,WA,ANM,WE,Combined TRACON& Tower with Radar,119,47,26,1,193,0,12,45,2,59,119,59,71,3,252,26,21,47,299
06/11/2009,GEG,WA,ANM,WE,Combined TRACON& Tower with Radar,114,54,18,1,187,0,10,65,0,75,114,64,83,1,262,106,0,106,368
06/12/2009,GEG,WA,ANM,WE,Combined TRACON& Tower with Radar,107,49,36,0,192,0,12,42,0,54,107,61,78,0,246,62,54,116,362
06/13/2009,GEG,WA,ANM,WE,Combined TRACON& Tower with Radar,92,21,8,0,121,0,2,33,0,35,92,23,41,0,156,18,0,18,174
06/14/2009,GEG,WA,ANM,WE,Combined TRACON& Tower with Radar,95,22,4,0,121,0,2,15,0,17,95,24,19,0,138,0,0,0,138
06/15/2009,GEG,WA,ANM,WE,Combined TRACON& Tower with Radar,104,39,17,0,160,0,2,31,0,33,104,41,48,0,193,26,0,26,219
06/16/2009,GEG,WA,ANM,WE,Combined TRACON& Tower with Radar,169,50,25,0,244,0,4,53,0,57,169,54,78,0,301,48,6,54,355
06/17/2009,GEG,WA,ANM,WE,Combined TRACON& Tower with Radar,113,40,30,0,183,0,0,27,0,27,113,40,57,0,210,12,0,12,222
06/18/2009,GEG,WA,ANM,WE,Combined TRACON& Tower with Radar,117,43,34,0,194,0,10,51,0,61,117,53,85,0,255,6,0,6,261
06/19/2009,GEG,WA,ANM,WE,Combined TRACON& Tower with Radar,105,46,15,5,171,0,3,19,0,22,105,49,34,5,193,8,24,32,225
06/20/2009,GEG,WA,ANM,WE,Combined TRACON& Tower with Radar,82,19,12,0,113,0,0,28,0,28,82,19,40,0,141,52,0,52,193
06/21/2009,GEG,WA,ANM,WE,Combined TRACON& Tower with Radar,101,24,13,0,138,0,0,6,0,6,101,24,19,0,144,42,0,42,186
06/22/2009,GEG,WA,ANM,WE,Combined TRACON& Tower with Radar,101,37,19,0,157,0,3,10,0,13,101,40,29,0,170,12,0,12,182
06/23/2009,GEG,WA,ANM,WE,Combined TRACON& Tower with Radar,115,43,15,1,174,0,8,65,1,74,115,51,80,2,248,74,0,74,322
06/24/2009,GEG,WA,ANM,WE,Combined TRACON& Tower with Radar,103,52,10,7,172,0,6,47,0,53,103,58,57,7,225,54,16,70,295
06/25/2009,GEG,WA,ANM,WE,Combined TRACON& Tower with Radar,109,43,16,0,168,0,8,42,0,50,109,51,58,0,218,46,0,46,264
06/26/2009,GEG,WA,ANM,WE,Combined TRACON& Tower with Radar,114,42,15,0,171,0,6,57,0,63,114,48,72,0,234,40,0,40,274
06/27/2009,GEG,WA,ANM,WE,Combined TRACON& Tower with Radar,101,23,8,0,132,0,1,34,0,35,101,24,42,0,167,46,0,46,213
06/28/2009,GEG,WA,ANM,WE,Combined TRACON& Tower with Radar,95,18,11,0,124,0,0,33,0,33,95,18,44,0,157,30,0,30,187
06/29/2009,GEG,WA,ANM,WE,Combined TRACON& Tower with Radar,107,36,19,2,164,0,7,33,0,40,107,43,52,2,204,26,2,28,232
06/30/2009,GEG,WA,ANM,WE,Combined TRACON& Tower with Radar,116,47,21,0,184,0,7,50,0,57,116,54,71,0,241,26,35,61,302
07/01/2009,GEG,WA,ANM,WE,Combined TRACON& Tower with Radar,111,37,23,2,173,0,11,40,0,51,111,48,63,2,224,116,6,122,346
07/02/2009,GEG,WA,ANM,WE,Combined TRACON& Tower with Radar,108,31,16,2,157,0,19,66,0,85,108,50,82,2,242,8,0,8,250
07/03/2009,GEG,WA,ANM,WE,Combined TRACON& Tower with Radar,98,22,8,0,128,0,17,49,0,66,98,39,57,0,194,0,0,0,194
07/04/2009,GEG,WA,ANM,WE,Combined TRACON& Tower with Radar,75,12,7,1,95,0,2,24,2,28,75,14,31,3,123,10,0,10,133
07/05/2009,GEG,WA,ANM,WE,Combined TRACON& Tower with Radar,100,19,9,0,128,0,0,21,0,21,100,19,30,0,149,0,0,0,149
07/06/2009,GEG,WA,ANM,WE,Combined TRACON& Tower with Radar,103,35,20,2,160,0,10,12,0,22,103,45,32,2,182,8,8,16,198
07/07/2009,GEG,WA,ANM,WE,Combined TRACON& Tower with Radar,109,35,19,0,163,0,14,44,1,59,109,49,63,1,222,30,0,30,252
07/08/2009,GEG,WA,ANM,WE,Combined TRACON& Tower with Radar,116,29,22,14,181,0,18,27,0,45,116,47,49,14,226,36,26,62,288
07/09/2009,GEG,WA,ANM,WE,Combined TRACON& Tower with Radar,111,30,17,0,158,0,17,46,0,63,111,47,63,0,221,76,0,76,297
07/10/2009,GEG,WA,ANM,WE,Combined TRACON& Tower with Radar,106,29,14,1,150,0,18,45,0,63,106,47,59,1,213,10,0,10,223
07/11/2009,GEG,WA,ANM,WE,Combined TRACON& Tower with Radar,92,19,6,0,117,0,5,23,0,28,92,24,29,0,145,24,0,24,169
07/12/2009,GEG,WA,ANM,WE,Combined TRACON& Tower with Radar,102,19,7,3,131,0,0,20,0,20,102,19,27,3,151,0,0,0,151
07/13/2009,GEG,WA,ANM,WE,Combined TRACON& Tower with Radar,103,33,12,2,150,0,8,3,0,11,103,41,15,2,161,36,0,36,197
07/14/2009,GEG,WA,ANM,WE,Combined TRACON& Tower with Radar,111,31,19,0,161,0,17,48,0,65,111,48,67,0,226,30,0,30,256
07/15/2009,GEG,WA,ANM,WE,Combined TRACON& Tower with Radar,110,37,26,0,173,0,17,45,0,62,110,54,71,0,235,42,0,42,277
07/16/2009,GEG,WA,ANM,WE,Combined TRACON& Tower with Radar,113,35,11,0,159,0,15,61,0,76,113,50,72,0,235,74,0,74,309
07/17/2009,GEG,WA,ANM,WE,Combined TRACON& Tower with Radar,102,33,6,0,141,0,13,57,0,70,102,46,63,0,211,130,0,130,341
07/18/2009,GEG,WA,ANM,WE,Combined TRACON& Tower with Radar,91,19,17,1,128,0,5,31,0,36,91,24,48,1,164,30,0,30,194
07/19/2009,GEG,WA,ANM,WE,Combined TRACON& Tower with Radar,98,19,10,2,129,0,1,21,0,22,98,20,31,2,151,8,0,8,159
07/20/2009,GEG,WA,ANM,WE,Combined TRACON& Tower with Radar,101,30,16,1,148,0,12,33,1,46,101,42,49,2,194,26,0,26,220
07/21/2009,GEG,WA,ANM,WE,Combined TRACON& Tower with Radar,111,38,19,1,169,0,18,32,1,51,111,56,51,2,220,68,0,68,288
07/22/2009,GEG,WA,ANM,WE,Combined TRACON& Tower with Radar,110,31,29,4,174,0,20,52,2,74,110,51,81,6,248,0,0,0,248
07/23/2009,GEG,WA,ANM,WE,Combined TRACON& Tower with Radar,107,38,32,2,179,0,14,37,3,54,107,52,69,5,233,64,0,64,297
07/24/2009,GEG,WA,ANM,WE,Combined TRACON& Tower with Radar,107,46,17,2,172,0,2,35,1,38,107,48,52,3,210,74,0,74,284
07/25/2009,GEG,WA,ANM,WE,Combined TRACON& Tower with Radar,89,22,5,0,116,0,0,28,2,30,89,22,33,2,146,8,0,8,154
07/26/2009,GEG,WA,ANM,WE,Combined TRACON& Tower with Radar,98,19,9,2,128,0,0,20,2,22,98,19,29,4,150,28,0,28,178
07/27/2009,GEG,WA,ANM,WE,Combined TRACON& Tower with Radar,98,43,24,0,165,0,3,21,0,24,98,46,45,0,189,0,0,0,189
07/28/2009,GEG,WA,ANM,WE,Combined TRACON& Tower with Radar,110,42,17,0,169,0,5,32,0,37,110,47,49,0,206,58,0,58,264
07/29/2009,GEG,WA,ANM,WE,Combined TRACON& Tower with Radar,102,43,14,8,167,0,4,31,0,35,102,47,45,8,202,13,0,13,215
07/30/2009,GEG,WA,ANM,WE,Combined TRACON& Tower with Radar,105,46,24,0,175,0,6,49,1,56,105,52,73,1,231,36,8,44,275
07/31/2009,GEG,WA,ANM,WE,Combined TRACON& Tower with Radar,103,43,21,0,167,0,4,44,0,48,103,47,65,0,215,36,0,36,251
08/01/2009,GEG,WA,ANM,WE,Combined TRACON& Tower with Radar,91,22,6,0,119,0,1,29,0,30,91,23,35,0,149,18,0,18,167
08/02/2009,GEG,WA,ANM,WE,Combined TRACON& Tower with Radar,97,22,11,0,130,0,1,29,0,30,97,23,40,0,160,6,0,6,166
08/03/2009,GEG,WA,ANM,WE,Combined TRACON& Tower with Radar,99,37,19,1,156,0,2,22,0,24,99,39,41,1,180,8,26,34,214
08/04/2009,GEG,WA,ANM,WE,Combined TRACON& Tower with Radar,111,44,10,2,167,0,6,15,0,21,111,50,25,2,188,24,0,24,212
08/05/2009,GEG,WA,ANM,WE,Combined TRACON& Tower with Radar,107,43,9,1,160,0,5,20,0,25,107,48,29,1,185,24,2,26,211
08/06/2009,GEG,WA,ANM,WE,Combined TRACON& Tower with Radar,109,43,5,4,161,0,3,33,0,36,109,46,38,4,197,74,0,74,271
08/07/2009,GEG,WA,ANM,WE,Combined TRACON& Tower with Radar,95,48,28,2,173,0,4,14,0,18,95,52,42,2,191,2,0,2,193
08/08/2009,GEG,WA,ANM,WE,Combined TRACON& Tower with Radar,91,25,24,1,141,1,1,23,2,27,92,26,47,3,168,28,0,28,196
08/09/2009,GEG,WA,ANM,WE,Combined TRACON& Tower with Radar,96,20,15,2,133,1,0,23,0,24,97,20,38,2,157,12,0,12,169
08/10/2009,GEG,WA,ANM,WE,Combined TRACON& Tower with Radar,101,42,16,7,166,0,5,35,0,40,101,47,51,7,206,0,6,6,212
08/11/2009,GEG,WA,ANM,WE,Combined TRACON& Tower with Radar,110,54,13,1,178,0,5,19,0,24,110,59,32,1,202,0,3,3,205
08/12/2009,GEG,WA,ANM,WE,Combined TRACON& Tower with Radar,112,47,30,0,189,0,4,14,0,18,112,51,44,0,207,0,0,0,207
08/13/2009,GEG,WA,ANM,WE,Combined TRACON& Tower with Radar,110,44,20,11,185,0,3,14,0,17,110,47,34,11,202,50,0,50,252
08/14/2009,GEG,WA,ANM,WE,Combined TRACON& Tower with Radar,102,49,13,1,165,0,1,20,1,22,102,50,33,2,187,28,0,28,215
08/15/2009,GEG,WA,ANM,WE,Combined TRACON& Tower with Radar,88,23,12,0,123,0,1,21,0,22,88,24,33,0,145,16,0,16,161
08/16/2009,GEG,WA,ANM,WE,Combined TRACON& Tower with Radar,96,20,8,2,126,0,1,12,0,13,96,21,20,2,139,12,0,12,151
08/17/2009,GEG,WA,ANM,WE,Combined TRACON& Tower with Radar,101,44,16,0,161,0,2,46,0,48,101,46,62,0,209,68,0,68,277
08/18/2009,GEG,WA,ANM,WE,Combined TRACON& Tower with Radar,106,43,22,0,171,0,4,36,0,40,106,47,58,0,211,61,0,61,272
08/19/2009,GEG,WA,ANM,WE,Combined TRACON& Tower with Radar,108,46,18,10,182,0,6,69,0,75,108,52,87,10,257,60,6,66,323
08/20/2009,GEG,WA,ANM,WE,Combined TRACON& Tower with Radar,109,45,20,1,175,0,4,53,1,58,109,49,73,2,233,68,6,74,307
08/21/2009,GEG,WA,ANM,WE,Combined TRACON& Tower with Radar,99,48,17,0,164,0,2,28,1,31,99,50,45,1,195,18,4,22,217
08/22/2009,GEG,WA,ANM,WE,Combined TRACON& Tower with Radar,88,27,7,0,122,0,0,23,0,23,88,27,30,0,145,0,0,0,145
08/23/2009,GEG,WA,ANM,WE,Combined TRACON& Tower with Radar,90,19,11,0,120,0,1,39,0,40,90,20,50,0,160,26,0,26,186
08/24/2009,GEG,WA,ANM,WE,Combined TRACON& Tower with Radar,96,39,12,0,147,0,4,42,0,46,96,43,54,0,193,50,0,50,243
08/25/2009,GEG,WA,ANM,WE,Combined TRACON& Tower with Radar,109,43,17,0,169,0,4,44,0,48,109,47,61,0,217,46,0,46,263
08/26/2009,GEG,WA,ANM,WE,Combined TRACON& Tower with Radar,108,45,23,0,176,0,5,52,0,57,108,50,75,0,233,52,0,52,285
08/27/2009,GEG,WA,ANM,WE,Combined TRACON& Tower with Radar,108,45,22,0,175,0,5,42,1,48,108,50,64,1,223,46,0,46,269
08/28/2009,GEG,WA,ANM,WE,Combined TRACON& Tower with Radar,102,50,16,5,173,0,4,42,0,46,102,54,58,5,219,70,0,70,289
08/29/2009,GEG,WA,ANM,WE,Combined TRACON& Tower with Radar,82,27,12,2,123,0,1,21,0,22,82,28,33,2,145,22,0,22,167
08/30/2009,GEG,WA,ANM,WE,Combined TRACON& Tower with Radar,89,25,13,1,128,0,0,19,0,19,89,25,32,1,147,12,0,12,159
08/31/2009,GEG,WA,ANM,WE,Combined TRACON& Tower with Radar,101,45,13,2,161,0,4,39,1,44,101,49,52,3,205,22,0,22,227
09/01/2009,GEG,WA,ANM,WE,Combined TRACON& Tower with Radar,109,46,21,1,177,0,4,51,1,56,109,50,72,2,233,94,0,94,327
09/02/2009,GEG,WA,ANM,WE,Combined TRACON& Tower with Radar,110,42,14,2,168,0,5,39,1,45,110,47,53,3,213,72,0,72,285
09/03/2009,GEG,WA,ANM,WE,Combined TRACON& Tower with Radar,110,46,26,1,183,0,10,10,0,20,110,56,36,1,203,0,0,0,203
09/04/2009,GEG,WA,ANM,WE,Combined TRACON& Tower with Radar,106,43,25,2,176,0,4,43,2,49,106,47,68,4,225,44,10,54,279
09/05/2009,GEG,WA,ANM,WE,Combined TRACON& Tower with Radar,86,19,9,0,114,0,0,32,0,32,86,19,41,0,146,40,0,40,186
09/06/2009,GEG,WA,ANM,WE,Combined TRACON& Tower with Radar,75,11,7,0,93,0,0,5,0,5,75,11,12,0,98,8,0,8,106
09/07/2009,GEG,WA,ANM,WE,Combined TRACON& Tower with Radar,97,10,11,2,120,0,1,18,0,19,97,11,29,2,139,50,0,50,189
09/08/2009,GEG,WA,ANM,WE,Combined TRACON& Tower with Radar,99,44,14,1,158,0,6,40,0,46,99,50,54,1,204,86,0,86,290
09/09/2009,GEG,WA,ANM,WE,Combined TRACON& Tower with Radar,110,42,10,4,166,0,6,28,1,35,110,48,38,5,201,4,32,36,237
09/10/2009,GEG,WA,ANM,WE,Combined TRACON& Tower with Radar,110,44,15,2,171,0,4,58,0,62,110,48,73,2,233,106,0,106,339
09/11/2009,GEG,WA,ANM,WE,Combined TRACON& Tower with Radar,101,44,13,0,158,0,2,39,0,41,101,46,52,0,199,26,0,26,225
09/12/2009,GEG,WA,ANM,WE,Combined TRACON& Tower with Radar,80,21,11,1,113,0,2,21,0,23,80,23,32,1,136,16,0,16,152
09/13/2009,GEG,WA,ANM,WE,Combined TRACON& Tower with Radar,94,16,13,2,125,0,0,28,0,28,94,16,41,2,153,8,0,8,161
09/14/2009,GEG,WA,ANM,WE,Combined TRACON& Tower with Radar,99,40,19,6,164,0,3,40,2,45,99,43,59,8,209,36,4,40,249
09/15/2009,GEG,WA,ANM,WE,Combined TRACON& Tower with Radar,110,47,26,1,184,0,3,37,0,40,110,50,63,1,224,32,0,32,256
09/16/2009,GEG,WA,ANM,WE,Combined TRACON& Tower with Radar,110,40,34,4,188,0,3,50,0,53,110,43,84,4,241,70,0,70,311
09/17/2009,GEG,WA,ANM,WE,Combined TRACON& Tower with Radar,110,44,29,3,186,0,4,30,0,34,110,48,59,3,220,82,0,82,302
09/18/2009,GEG,WA,ANM,WE,Combined TRACON& Tower with Radar,104,46,18,16,184,0,3,38,7,48,104,49,56,23,232,52,16,68,300
09/19/2009,GEG,WA,ANM,WE,Combined TRACON& Tower with Radar,80,21,11,1,113,0,1,20,0,21,80,22,31,1,134,0,0,0,134
09/20/2009,GEG,WA,ANM,WE,Combined TRACON& Tower with Radar,93,16,14,0,123,0,2,16,0,18,93,18,30,0,141,14,0,14,155
09/21/2009,GEG,WA,ANM,WE,Combined TRACON& Tower with Radar,100,33,25,1,159,0,6,36,0,42,100,39,61,1,201,84,0,84,285
09/22/2009,GEG,WA,ANM,WE,Combined TRACON& Tower with Radar,110,41,16,0,167,0,4,30,0,34,110,45,46,0,201,60,0,60,261
09/23/2009,GEG,WA,ANM,WE,Combined TRACON& Tower with Radar,112,41,21,0,174,0,3,35,0,38,112,44,56,0,212,80,0,80,292
09/24/2009,GEG,WA,ANM,WE,Combined TRACON& Tower with Radar,109,47,21,9,186,0,4,41,0,45,109,51,62,9,231,100,0,100,331
09/25/2009,GEG,WA,ANM,WE,Combined TRACON& Tower with Radar,104,46,22,3,175,0,5,36,0,41,104,51,58,3,216,72,0,72,288
09/26/2009,GEG,WA,ANM,WE,Combined TRACON& Tower with Radar,84,19,15,0,118,0,0,27,0,27,84,19,42,0,145,64,0,64,209
09/27/2009,GEG,WA,ANM,WE,Combined TRACON& Tower with Radar,94,18,9,0,121,0,0,28,0,28,94,18,37,0,149,0,0,0,149
09/28/2009,GEG,WA,ANM,WE,Combined TRACON& Tower with Radar,100,32,12,0,144,0,4,20,1,25,100,36,32,1,169,0,0,0,169
09/29/2009,GEG,WA,ANM,WE,Combined TRACON& Tower with Radar,112,44,16,8,180,0,3,15,0,18,112,47,31,8,198,30,6,36,234
09/30/2009,GEG,WA,ANM,WE,Combined TRACON& Tower with Radar,108,41,17,2,168,0,3,26,1,30,108,44,43,3,198,40,2,42,240
10/01/2009,GEG,WA,ANM,WE,Combined TRACON& Tower with Radar,112,37,15,4,168,0,4,26,0,30,112,41,41,4,198,94,0,94,292
10/02/2009,GEG,WA,ANM,WE,Combined TRACON& Tower with Radar,104,40,6,0,150,0,2,12,2,16,104,42,18,2,166,58,0,58,224
10/03/2009,GEG,WA,ANM,WE,Combined TRACON& Tower with Radar,83,21,10,0,114,0,1,2,0,3,83,22,12,0,117,0,0,0,117
10/04/2009,GEG,WA,ANM,WE,Combined TRACON& Tower with Radar,94,16,14,0,124,0,0,4,0,4,94,16,18,0,128,4,0,4,132
10/05/2009,GEG,WA,ANM,WE,Combined TRACON& Tower with Radar,102,34,14,0,150,0,3,25,0,28,102,37,39,0,178,106,0,106,284
10/06/2009,GEG,WA,ANM,WE,Combined TRACON& Tower with Radar,110,38,24,0,172,0,4,28,0,32,110,42,52,0,204,122,0,122,326
10/07/2009,GEG,WA,ANM,WE,Combined TRACON& Tower with Radar,105,38,18,0,161,0,4,30,0,34,105,42,48,0,195,88,0,88,283
10/08/2009,GEG,WA,ANM,WE,Combined TRACON& Tower with Radar,106,41,20,3,170,0,3,25,0,28,106,44,45,3,198,54,0,54,252
10/09/2009,GEG,WA,ANM,WE,Combined TRACON& Tower with Radar,99,40,10,1,150,0,2,15,2,19,99,42,25,3,169,6,10,16,185
10/10/2009,GEG,WA,ANM,WE,Combined TRACON& Tower with Radar,75,21,12,1,109,0,0,27,0,27,75,21,39,1,136,88,0,88,224
10/11/2009,GEG,WA,ANM,WE,Combined TRACON& Tower with Radar,93,14,13,0,120,0,3,22,0,25,93,17,35,0,145,28,0,28,173
10/12/2009,GEG,WA,ANM,WE,Combined TRACON& Tower with Radar,98,31,28,2,159,0,2,32,0,34,98,33,60,2,193,90,0,90,283
10/13/2009,GEG,WA,ANM,WE,Combined TRACON& Tower with Radar,110,40,12,5,167,0,3,7,1,11,110,43,19,6,178,68,0,68,246
10/14/2009,GEG,WA,ANM,WE,Combined TRACON& Tower with Radar,110,38,28,0,176,0,2,5,2,9,110,40,33,2,185,32,4,36,221
10/15/2009,GEG,WA,ANM,WE,Combined TRACON& Tower with Radar,110,41,20,9,180,0,2,21,0,23,110,43,41,9,203,30,8,38,241
10/16/2009,GEG,WA,ANM,WE,Combined TRACON& Tower with Radar,107,42,17,1,167,0,2,29,0,31,107,44,46,1,198,98,0,98,296
10/17/2009,GEG,WA,ANM,WE,Combined TRACON& Tower with Radar,75,20,10,2,107,0,0,8,0,8,75,20,18,2,115,32,0,32,147
10/18/2009,GEG,WA,ANM,WE,Combined TRACON& Tower with Radar,94,14,17,1,126,0,0,15,1,16,94,14,32,2,142,10,0,10,152
10/19/2009,GEG,WA,ANM,WE,Combined TRACON& Tower with Radar,100,35,21,5,161,0,2,22,0,24,100,37,43,5,185,100,2,102,287
10/20/2009,GEG,WA,ANM,WE,Combined TRACON& Tower with Radar,113,47,18,1,179,0,2,5,0,7,113,49,23,1,186,22,0,22,208
10/21/2009,GEG,WA,ANM,WE,Combined TRACON& Tower with Radar,109,42,27,2,180,0,1,18,0,19,109,43,45,2,199,52,0,52,251
10/22/2009,GEG,WA,ANM,WE,Combined TRACON& Tower with Radar,109,45,17,1,172,0,2,15,0,17,109,47,32,1,189,20,0,20,209
10/23/2009,GEG,WA,ANM,WE,Combined TRACON& Tower with Radar,105,48,34,7,194,0,0,4,0,4,105,48,38,7,198,0,0,0,198
10/24/2009,GEG,WA,ANM,WE,Combined TRACON& Tower with Radar,78,19,13,0,110,0,1,39,0,40,78,20,52,0,150,22,0,22,172
10/25/2009,GEG,WA,ANM,WE,Combined TRACON& Tower with Radar,92,18,15,6,131,0,1,11,0,12,92,19,26,6,143,72,0,72,215
10/26/2009,GEG,WA,ANM,WE,Combined TRACON& Tower with Radar,102,35,12,0,149,0,1,0,1,2,102,36,12,1,151,154,0,154,305
10/27/2009,GEG,WA,ANM,WE,Combined TRACON& Tower with Radar,109,40,34,4,187,0,2,43,0,45,109,42,77,4,232,0,0,0,232
10/28/2009,GEG,WA,ANM,WE,Combined TRACON& Tower with Radar,109,38,21,0,168,0,3,36,0,39,109,41,57,0,207,0,0,0,207
10/29/2009,GEG,WA,ANM,WE,Combined TRACON& Tower with Radar,104,48,17,2,171,0,2,0,0,2,104,50,17,2,173,86,0,86,259
10/30/2009,GEG,WA,ANM,WE,Combined TRACON& Tower with Radar,105,41,27,0,173,0,2,8,4,14,105,43,35,4,187,0,0,0,187
10/31/2009,GEG,WA,ANM,WE,Combined TRACON& Tower with Radar,70,22,9,0,101,0,1,4,0,5,70,23,13,0,106,0,0,0,106
11/01/2009,GEG,WA,ANM,WE,Combined TRACON& Tower with Radar,96,15,2,0,113,0,1,21,0,22,96,16,23,0,135,52,0,52,187
11/02/2009,GEG,WA,ANM,WE,Combined TRACON& Tower with Radar,100,33,20,4,157,0,4,25,0,29,100,37,45,4,186,74,0,74,260
11/03/2009,GEG,WA,ANM,WE,Combined TRACON& Tower with Radar,106,45,21,7,179,0,5,25,0,30,106,50,46,7,209,22,6,28,237
11/04/2009,GEG,WA,ANM,WE,Combined TRACON& Tower with Radar,109,37,16,2,164,0,3,24,0,27,109,40,40,2,191,50,2,52,243
11/05/2009,GEG,WA,ANM,WE,Combined TRACON& Tower with Radar,110,36,8,11,165,0,2,26,0,28,110,38,34,11,193,110,8,118,311
11/06/2009,GEG,WA,ANM,WE,Combined TRACON& Tower with Radar,104,38,7,1,150,0,2,3,2,7,104,40,10,3,157,0,0,0,157
11/07/2009,GEG,WA,ANM,WE,Combined TRACON& Tower with Radar,72,22,4,0,98,0,0,5,4,9,72,22,9,4,107,4,6,10,117
11/08/2009,GEG,WA,ANM,WE,Combined TRACON& Tower with Radar,96,13,8,2,119,0,1,7,0,8,96,14,15,2,127,2,0,2,129
11/09/2009,GEG,WA,ANM,WE,Combined TRACON& Tower with Radar,100,31,12,9,152,0,2,12,0,14,100,33,24,9,166,14,0,14,180
11/10/2009,GEG,WA,ANM,WE,Combined TRACON& Tower with Radar,104,41,35,2,182,0,5,17,0,22,104,46,52,2,204,22,12,34,238
11/11/2009,GEG,WA,ANM,WE,Combined TRACON& Tower with Radar,111,36,24,0,171,0,0,14,0,14,111,36,38,0,185,18,0,18,203
11/12/2009,GEG,WA,ANM,WE,Combined TRACON& Tower with Radar,111,40,12,0,163,0,2,4,0,6,111,42,16,0,169,6,0,6,175
11/13/2009,GEG,WA,ANM,WE,Combined TRACON& Tower with Radar,102,43,9,6,160,0,0,1,0,1,102,43,10,6,161,11,0,11,172
11/14/2009,GEG,WA,ANM,WE,Combined TRACON& Tower with Radar,79,25,9,0,113,0,0,10,0,10,79,25,19,0,123,40,0,40,163
11/15/2009,GEG,WA,ANM,WE,Combined TRACON& Tower with Radar,100,14,7,0,121,0,0,0,0,0,100,14,7,0,121,0,0,0,121
11/16/2009,GEG,WA,ANM,WE,Combined TRACON& Tower with Radar,101,33,17,5,156,0,1,7,0,8,101,34,24,5,164,0,0,0,164
11/17/2009,GEG,WA,ANM,WE,Combined TRACON& Tower with Radar,109,39,24,2,174,0,3,8,0,11,109,42,32,2,185,8,0,8,193
11/18/2009,GEG,WA,ANM,WE,Combined TRACON& Tower with Radar,112,39,30,9,190,0,3,20,0,23,112,42,50,9,213,60,0,60,273
11/19/2009,GEG,WA,ANM,WE,Combined TRACON& Tower with Radar,107,44,16,3,170,0,2,6,0,8,107,46,22,3,178,6,0,6,184
11/20/2009,GEG,WA,ANM,WE,Combined TRACON& Tower with Radar,108,42,29,6,185,0,3,20,0,23,108,45,49,6,208,72,0,72,280
11/21/2009,GEG,WA,ANM,WE,Combined TRACON& Tower with Radar,77,22,12,0,111,0,0,8,0,8,77,22,20,0,119,0,0,0,119
11/22/2009,GEG,WA,ANM,WE,Combined TRACON& Tower with Radar,96,16,8,0,120,0,0,0,0,0,96,16,8,0,120,0,0,0,120
11/23/2009,GEG,WA,ANM,WE,Combined TRACON& Tower with Radar,106,35,13,1,155,0,2,12,0,14,106,37,25,1,169,20,0,20,189
11/24/2009,GEG,WA,ANM,WE,Combined TRACON& Tower with Radar,110,44,15,0,169,0,3,10,0,13,110,47,25,0,182,14,0,14,196
11/25/2009,GEG,WA,ANM,WE,Combined TRACON& Tower with Radar,117,47,14,0,178,0,2,22,0,24,117,49,36,0,202,44,0,44,246
11/26/2009,GEG,WA,ANM,WE,Combined TRACON& Tower with Radar,73,11,4,0,88,0,0,2,0,2,73,11,6,0,90,4,0,4,94
11/27/2009,GEG,WA,ANM,WE,Combined TRACON& Tower with Radar,93,41,19,0,153,0,3,8,0,11,93,44,27,0,164,32,0,32,196
11/28/2009,GEG,WA,ANM,WE,Combined TRACON& Tower with Radar,100,25,10,0,135,0,0,7,0,7,100,25,17,0,142,0,0,0,142
11/29/2009,GEG,WA,ANM,WE,Combined TRACON& Tower with Radar,104,20,12,0,136,0,0,9,0,9,104,20,21,0,145,30,0,30,175
11/30/2009,GEG,WA,ANM,WE,Combined TRACON& Tower with Radar,101,50,24,12,187,0,2,9,0,11,101,52,33,12,198,12,0,12,210
12/01/2009,GEG,WA,ANM,WE,Combined TRACON& Tower with Radar,115,47,36,0,198,0,4,38,0,42,115,51,74,0,240,94,0,94,334
12/02/2009,GEG,WA,ANM,WE,Combined TRACON& Tower with Radar,110,49,20,0,179,0,4,39,0,43,110,53,59,0,222,42,0,42,264
12/03/2009,GEG,WA,ANM,WE,Combined TRACON& Tower with Radar,112,49,15,4,180,0,4,32,0,36,112,53,47,4,216,96,0,96,312
12/04/2009,GEG,WA,ANM,WE,Combined TRACON& Tower with Radar,107,49,20,2,178,0,0,3,2,5,107,49,23,4,183,10,0,10,193
12/05/2009,GEG,WA,ANM,WE,Combined TRACON& Tower with Radar,77,24,13,0,114,0,0,4,2,6,77,24,17,2,120,34,0,34,154
12/06/2009,GEG,WA,ANM,WE,Combined TRACON& Tower with Radar,100,14,5,0,119,0,0,2,1,3,100,14,7,1,122,4,0,4,126
12/07/2009,GEG,WA,ANM,WE,Combined TRACON& Tower with Radar,104,37,21,0,162,0,2,14,0,16,104,39,35,0,178,12,0,12,190
12/08/2009,GEG,WA,ANM,WE,Combined TRACON& Tower with Radar,109,51,21,3,184,0,3,25,0,28,109,54,46,3,212,30,2,32,244
12/09/2009,GEG,WA,ANM,WE,Combined TRACON& Tower with Radar,112,46,16,14,188,0,4,14,0,18,112,50,30,14,206,58,2,60,266
12/10/2009,GEG,WA,ANM,WE,Combined TRACON& Tower with Radar,110,50,9,5,174,0,4,26,0,30,110,54,35,5,204,22,0,22,226
12/11/2009,GEG,WA,ANM,WE,Combined TRACON& Tower with Radar,107,43,18,8,176,0,5,26,0,31,107,48,44,8,207,70,4,74,281
12/12/2009,GEG,WA,ANM,WE,Combined TRACON& Tower with Radar,80,29,8,0,117,0,0,2,2,4,80,29,10,2,121,16,0,16,137
12/13/2009,GEG,WA,ANM,WE,Combined TRACON& Tower with Radar,96,19,11,2,128,0,0,10,0,10,96,19,21,2,138,40,0,40,178
12/14/2009,GEG,WA,ANM,WE,Combined TRACON& Tower with Radar,103,43,26,2,174,0,0,0,0,0,103,43,26,2,174,0,0,0,174
12/15/2009,GEG,WA,ANM,WE,Combined TRACON& Tower with Radar,111,47,13,0,171,0,0,0,0,0,111,47,13,0,171,0,0,0,171
12/16/2009,GEG,WA,ANM,WE,Combined TRACON& Tower with Radar,119,53,13,3,188,0,1,1,0,2,119,54,14,3,190,26,0,26,216
12/17/2009,GEG,WA,ANM,WE,Combined TRACON& Tower with Radar,114,56,23,4,197,0,0,2,1,3,114,56,25,5,200,0,0,0,200
12/18/2009,GEG,WA,ANM,WE,Combined TRACON& Tower with Radar,116,50,14,0,180,0,2,0,0,2,116,52,14,0,182,0,0,0,182
12/19/2009,GEG,WA,ANM,WE,Combined TRACON& Tower with Radar,106,35,11,0,152,0,0,0,0,0,106,35,11,0,152,0,0,0,152
12/20/2009,GEG,WA,ANM,WE,Combined TRACON& Tower with Radar,104,21,9,0,134,0,0,0,0,0,104,21,9,0,134,0,0,0,134
12/21/2009,GEG,WA,ANM,WE,Combined TRACON& Tower with Radar,109,47,6,7,169,0,0,5,0,5,109,47,11,7,174,0,0,0,174
12/22/2009,GEG,WA,ANM,WE,Combined TRACON& Tower with Radar,120,58,16,12,206,0,0,2,0,2,120,58,18,12,208,4,2,6,214
12/23/2009,GEG,WA,ANM,WE,Combined TRACON& Tower with Radar,117,59,11,0,187,0,3,23,0,26,117,62,34,0,213,28,0,28,241
12/24/2009,GEG,WA,ANM,WE,Combined TRACON& Tower with Radar,104,54,2,0,160,0,2,7,0,9,104,56,9,0,169,40,0,40,209
12/25/2009,GEG,WA,ANM,WE,Combined TRACON& Tower with Radar,86,14,3,0,103,0,0,9,0,9,86,14,12,0,112,0,0,0,112
12/26/2009,GEG,WA,ANM,WE,Combined TRACON& Tower with Radar,101,25,12,0,138,0,0,22,0,22,101,25,34,0,160,32,0,32,192
12/27/2009,GEG,WA,ANM,WE,Combined TRACON& Tower with Radar,104,21,9,0,134,0,0,16,0,16,104,21,25,0,150,26,0,26,176
12/28/2009,GEG,WA,ANM,WE,Combined TRACON& Tower with Radar,106,37,8,0,151,0,1,15,1,17,106,38,23,1,168,32,0,32,200
12/29/2009,GEG,WA,ANM,WE,Combined TRACON& Tower with Radar,120,43,19,0,182,0,1,3,0,4,120,44,22,0,186,20,0,20,206
12/30/2009,GEG,WA,ANM,WE,Combined TRACON& Tower with Radar,118,46,6,2,172,0,0,0,0,0,118,46,6,2,172,0,0,0,172
12/31/2009,GEG,WA,ANM,WE,Combined TRACON& Tower with Radar,91,44,4,0,139,0,0,0,0,0,91,44,4,0,139,0,0,0,139
01/01/2010,GEG,WA,ANM,WE,Combined TRACON& Tower with Radar,85,18,3,0,106,0,0,0,0,0,85,18,3,0,106,0,0,0,106
01/02/2010,GEG,WA,ANM,WE,Combined TRACON& Tower with Radar,107,25,12,0,144,0,0,3,0,3,107,25,15,0,147,6,0,6,153
01/03/2010,GEG,WA,ANM,WE,Combined TRACON& Tower with Radar,106,26,6,0,138,0,0,6,0,6,106,26,12,0,144,0,0,0,144
01/04/2010,GEG,WA,ANM,WE,Combined TRACON& Tower with Radar,103,39,12,0,154,0,0,0,0,0,103,39,12,0,154,2,0,2,156
01/05/2010,GEG,WA,ANM,WE,Combined TRACON& Tower with Radar,107,46,5,1,159,0,2,0,0,2,107,48,5,1,161,26,0,26,187
01/06/2010,GEG,WA,ANM,WE,Combined TRACON& Tower with Radar,100,41,24,0,165,0,2,37,0,39,100,43,61,0,204,56,0,56,260
01/07/2010,GEG,WA,ANM,WE,Combined TRACON& Tower with Radar,108,45,19,0,172,0,2,36,0,38,108,47,55,0,210,38,0,38,248
01/08/2010,GEG,WA,ANM,WE,Combined TRACON& Tower with Radar,103,43,27,0,173,0,3,16,0,19,103,46,43,0,192,30,0,30,222
01/09/2010,GEG,WA,ANM,WE,Combined TRACON& Tower with Radar,53,12,7,0,72,0,0,0,0,0,53,12,7,0,72,0,0,0,72
01/10/2010,GEG,WA,ANM,WE,Combined TRACON& Tower with Radar,77,18,9,0,104,0,0,9,0,9,77,18,18,0,113,8,0,8,121
01/11/2010,GEG,WA,ANM,WE,Combined TRACON& Tower with Radar,98,39,29,0,166,0,2,11,1,14,98,41,40,1,180,28,0,28,208
01/12/2010,GEG,WA,ANM,WE,Combined TRACON& Tower with Radar,109,41,29,6,185,0,1,4,0,5,109,42,33,6,190,62,0,62,252
01/13/2010,GEG,WA,ANM,WE,Combined TRACON& Tower with Radar,111,45,15,6,177,0,0,0,0,0,111,45,15,6,177,0,0,0,177
01/14/2010,GEG,WA,ANM,WE,Combined TRACON& Tower with Radar,110,40,23,3,176,0,2,9,1,12,110,42,32,4,188,70,0,70,258
01/15/2010,GEG,WA,ANM,WE,Combined TRACON& Tower with Radar,102,42,13,3,160,0,2,6,0,8,102,44,19,3,168,16,0,16,184
01/16/2010,GEG,WA,ANM,WE,Combined TRACON& Tower with Radar,69,22,9,0,100,0,0,0,0,0,69,22,9,0,100,0,0,0,100
01/17/2010,GEG,WA,ANM,WE,Combined TRACON& Tower with Radar,88,24,2,0,114,0,0,0,0,0,88,24,2,0,114,0,0,0,114
01/18/2010,GEG,WA,ANM,WE,Combined TRACON& Tower with Radar,98,30,29,0,157,0,0,31,0,31,98,30,60,0,188,42,0,42,230
01/19/2010,GEG,WA,ANM,WE,Combined TRACON& Tower with Radar,106,41,16,2,165,0,0,11,0,11,106,41,27,2,176,34,0,34,210
01/20/2010,GEG,WA,ANM,WE,Combined TRACON& Tower with Radar,109,44,32,2,187,0,1,34,0,35,109,45,66,2,222,62,0,62,284
01/21/2010,GEG,WA,ANM,WE,Combined TRACON& Tower with Radar,108,49,14,10,181,0,2,33,1,36,108,51,47,11,217,46,0,46,263
01/22/2010,GEG,WA,ANM,WE,Combined TRACON& Tower with Radar,102,43,17,0,162,0,3,29,3,35,102,46,46,3,197,28,0,28,225
01/23/2010,GEG,WA,ANM,WE,Combined TRACON& Tower with Radar,66,25,14,0,105,0,0,16,0,16,66,25,30,0,121,80,0,80,201
01/24/2010,GEG,WA,ANM,WE,Combined TRACON& Tower with Radar,86,25,10,0,121,0,0,15,0,15,86,25,25,0,136,14,0,14,150
01/25/2010,GEG,WA,ANM,WE,Combined TRACON& Tower with Radar,97,33,9,2,141,0,0,0,0,0,97,33,9,2,141,0,0,0,141
01/26/2010,GEG,WA,ANM,WE,Combined TRACON& Tower with Radar,108,38,29,3,178,0,3,13,0,16,108,41,42,3,194,36,2,38,232
01/27/2010,GEG,WA,ANM,WE,Combined TRACON& Tower with Radar,97,40,20,0,157,0,2,7,0,9,97,42,27,0,166,32,0,32,198
01/28/2010,GEG,WA,ANM,WE,Combined TRACON& Tower with Radar,108,46,20,3,177,0,0,20,0,20,108,46,40,3,197,16,0,16,213
01/29/2010,GEG,WA,ANM,WE,Combined TRACON& Tower with Radar,101,42,23,1,167,0,0,24,1,25,101,42,47,2,192,62,0,62,254
01/30/2010,GEG,WA,ANM,WE,Combined TRACON& Tower with Radar,72,22,12,0,106,0,0,18,0,18,72,22,30,0,124,40,0,40,164
01/31/2010,GEG,WA,ANM,WE,Combined TRACON& Tower with Radar,89,20,4,0,113,0,0,0,0,0,89,20,4,0,113,0,0,0,113
02/01/2010,GEG,WA,ANM,WE,Combined TRACON& Tower with Radar,98,37,28,2,165,0,3,1,1,5,98,40,29,3,170,6,0,6,176
02/02/2010,GEG,WA,ANM,WE,Combined TRACON& Tower with Radar,108,44,11,1,164,0,0,0,0,0,108,44,11,1,164,0,0,0,164
02/03/2010,GEG,WA,ANM,WE,Combined TRACON& Tower with Radar,108,39,14,4,165,0,0,7,0,7,108,39,21,4,172,0,0,0,172
02/04/2010,GEG,WA,ANM,WE,Combined TRACON& Tower with Radar,108,39,19,2,168,0,3,14,0,17,108,42,33,2,185,32,0,32,217
02/05/2010,GEG,WA,ANM,WE,Combined TRACON& Tower with Radar,103,46,18,0,167,0,0,0,0,0,103,46,18,0,167,0,0,0,167
02/06/2010,GEG,WA,ANM,WE,Combined TRACON& Tower with Radar,70,18,15,0,103,0,0,10,0,10,70,18,25,0,113,16,0,16,129
02/07/2010,GEG,WA,ANM,WE,Combined TRACON& Tower with Radar,93,19,3,0,115,0,0,0,0,0,93,19,3,0,115,0,0,0,115
02/08/2010,GEG,WA,ANM,WE,Combined TRACON& Tower with Radar,96,37,13,0,146,0,2,5,0,7,96,39,18,0,153,0,0,0,153
02/09/2010,GEG,WA,ANM,WE,Combined TRACON& Tower with Radar,111,45,25,0,181,0,2,30,0,32,111,47,55,0,213,48,0,48,261
02/10/2010,GEG,WA,ANM,WE,Combined TRACON& Tower with Radar,112,48,27,12,199,0,1,25,1,27,112,49,52,13,226,54,0,54,280
02/11/2010,GEG,WA,ANM,WE,Combined TRACON& Tower with Radar,109,48,19,6,182,0,0,2,0,2,109,48,21,6,184,10,0,10,194
02/12/2010,GEG,WA,ANM,WE,Combined TRACON& Tower with Radar,104,48,28,5,185,0,2,7,0,9,104,50,35,5,194,32,4,36,230
02/13/2010,GEG,WA,ANM,WE,Combined TRACON& Tower with Radar,81,21,3,0,105,0,0,20,0,20,81,21,23,0,125,32,0,32,157
02/14/2010,GEG,WA,ANM,WE,Combined TRACON& Tower with Radar,95,18,9,0,122,0,0,4,0,4,95,18,13,0,126,6,0,6,132
02/15/2010,GEG,WA,ANM,WE,Combined TRACON& Tower with Radar,100,37,10,0,147,0,0,4,0,4,100,37,14,0,151,48,0,48,199
02/16/2010,GEG,WA,ANM,WE,Combined TRACON& Tower with Radar,112,51,7,5,175,0,1,1,1,3,112,52,8,6,178,0,0,0,178
02/17/2010,GEG,WA,ANM,WE,Combined TRACON& Tower with Radar,110,40,18,0,168,0,3,10,0,13,110,43,28,0,181,28,0,28,209
02/18/2010,GEG,WA,ANM,WE,Combined TRACON& Tower with Radar,109,47,11,4,171,0,3,17,0,20,109,50,28,4,191,82,4,86,277
02/19/2010,GEG,WA,ANM,WE,Combined TRACON& Tower with Radar,104,52,17,4,177,0,3,34,0,37,104,55,51,4,214,24,0,24,238
02/20/2010,GEG,WA,ANM,WE,Combined TRACON& Tower with Radar,78,21,15,0,114,0,1,27,0,28,78,22,42,0,142,2,0,2,144
02/21/2010,GEG,WA,ANM,WE,Combined TRACON& Tower with Radar,97,15,18,0,130,0,0,28,0,28,97,15,46,0,158,16,0,16,174
02/22/2010,GEG,WA,ANM,WE,Combined TRACON& Tower with Radar,96,34,22,4,156,0,3,40,0,43,96,37,62,4,199,44,0,44,243
02/23/2010,GEG,WA,ANM,WE,Combined TRACON& Tower with Radar,120,47,37,4,208,0,3,42,3,48,120,50,79,7,256,92,8,100,356
02/24/2010,GEG,WA,ANM,WE,Combined TRACON& Tower with Radar,111,41,20,4,176,0,2,1,0,3,111,43,21,4,179,14,0,14,193
02/25/2010,GEG,WA,ANM,WE,Combined TRACON& Tower with Radar,110,42,22,11,185,0,3,10,0,13,110,45,32,11,198,4,2,6,204
02/26/2010,GEG,WA,ANM,WE,Combined TRACON& Tower with Radar,104,45,33,0,182,0,0,17,1,18,104,45,50,1,200,12,0,12,212
02/27/2010,GEG,WA,ANM,WE,Combined TRACON& Tower with Radar,77,25,13,2,117,0,0,17,0,17,77,25,30,2,134,0,0,0,134
02/28/2010,GEG,WA,ANM,WE,Combined TRACON& Tower with Radar,92,16,16,0,124,0,0,21,2,23,92,16,37,2,147,34,0,34,181
03/01/2010,GEG,WA,ANM,WE,Combined TRACON& Tower with Radar,100,40,25,0,165,0,3,36,0,39,100,43,61,0,204,16,0,16,220
03/02/2010,GEG,WA,ANM,WE,Combined TRACON& Tower with Radar,107,42,26,3,178,0,2,29,1,32,107,44,55,4,210,14,2,16,226
03/03/2010,GEG,WA,ANM,WE,Combined TRACON& Tower with Radar,108,44,38,0,190,0,1,11,0,12,108,45,49,0,202,10,0,10,212
03/04/2010,GEG,WA,ANM,WE,Combined TRACON& Tower with Radar,113,41,24,4,182,0,2,12,0,14,113,43,36,4,196,6,4,10,206
03/05/2010,GEG,WA,ANM,WE,Combined TRACON& Tower with Radar,106,43,15,0,164,0,2,12,2,16,106,45,27,2,180,8,0,8,188
03/06/2010,GEG,WA,ANM,WE,Combined TRACON& Tower with Radar,79,22,15,1,117,0,0,29,0,29,79,22,44,1,146,50,0,50,196
03/07/2010,GEG,WA,ANM,WE,Combined TRACON& Tower with Radar,92,16,11,1,120,0,1,19,1,21,92,17,30,2,141,16,0,16,157
03/08/2010,GEG,WA,ANM,WE,Combined TRACON& Tower with Radar,97,34,21,2,154,0,2,1,0,3,97,36,22,2,157,60,10,70,227
03/09/2010,GEG,WA,ANM,WE,Combined TRACON& Tower with Radar,112,42,24,12,190,0,2,21,1,24,112,44,45,13,214,0,0,0,214
03/10/2010,GEG,WA,ANM,WE,Combined TRACON& Tower with Radar,106,40,27,4,177,0,3,26,0,29,106,43,53,4,206,58,2,60,266
03/11/2010,GEG,WA,ANM,WE,Combined TRACON& Tower with Radar,109,45,15,3,172,0,1,2,0,3,109,46,17,3,175,2,4,6,181
03/12/2010,GEG,WA,ANM,WE,Combined TRACON& Tower with Radar,103,49,12,13,177,0,0,6,0,6,103,49,18,13,183,28,4,32,215
03/13/2010,GEG,WA,ANM,WE,Combined TRACON& Tower with Radar,78,20,4,0,102,0,0,12,0,12,78,20,16,0,114,6,0,6,120
03/14/2010,GEG,WA,ANM,WE,Combined TRACON& Tower with Radar,95,20,4,0,119,0,0,11,0,11,95,20,15,0,130,20,0,20,150
03/15/2010,GEG,WA,ANM,WE,Combined TRACON& Tower with Radar,100,38,22,0,160,0,3,27,0,30,100,41,49,0,190,76,0,76,266
03/16/2010,GEG,WA,ANM,WE,Combined TRACON& Tower with Radar,118,46,24,10,198,0,2,26,0,28,118,48,50,10,226,52,0,52,278
03/17/2010,GEG,WA,ANM,WE,Combined TRACON& Tower with Radar,123,43,27,3,196,0,3,22,2,27,123,46,49,5,223,46,0,46,269
03/18/2010,GEG,WA,ANM,WE,Combined TRACON& Tower with Radar,111,41,13,11,176,0,5,24,0,29,111,46,37,11,205,42,6,48,253
03/19/2010,GEG,WA,ANM,WE,Combined TRACON& Tower with Radar,108,42,16,7,173,0,5,24,1,30,108,47,40,8,203,104,6,110,313
03/20/2010,GEG,WA,ANM,WE,Combined TRACON& Tower with Radar,86,24,14,0,124,0,1,16,0,17,86,25,30,0,141,26,0,26,167
03/21/2010,GEG,WA,ANM,WE,Combined TRACON& Tower with Radar,107,19,14,2,142,0,0,6,0,6,107,19,20,2,148,2,0,2,150
03/22/2010,GEG,WA,ANM,WE,Combined TRACON& Tower with Radar,102,37,19,5,163,0,2,8,0,10,102,39,27,5,173,16,0,16,189
03/23/2010,GEG,WA,ANM,WE,Combined TRACON& Tower with Radar,108,46,34,7,195,0,5,35,0,40,108,51,69,7,235,34,12,46,281
03/24/2010,GEG,WA,ANM,WE,Combined TRACON& Tower with Radar,110,39,22,0,171,0,4,48,1,53,110,43,70,1,224,38,0,38,262
03/25/2010,GEG,WA,ANM,WE,Combined TRACON& Tower with Radar,113,43,15,17,188,0,1,9,0,10,113,44,24,17,198,4,10,14,212
03/26/2010,GEG,WA,ANM,WE,Combined TRACON& Tower with Radar,108,44,18,12,182,0,3,5,1,9,108,47,23,13,191,0,4,4,195
03/27/2010,GEG,WA,ANM,WE,Combined TRACON& Tower with Radar,84,21,5,0,110,0,0,49,0,49,84,21,54,0,159,48,0,48,207
03/28/2010,GEG,WA,ANM,WE,Combined TRACON& Tower with Radar,19,0,0,0,19,0,0,0,0,0,19,0,0,0,19,38,0,38,57
03/29/2010,GEG,WA,ANM,WE,Combined TRACON& Tower with Radar,106,37,20,4,167,0,1,2,0,3,106,38,22,4,170,2,0,2,172
03/30/2010,GEG,WA,ANM,WE,Combined TRACON& Tower with Radar,113,42,19,4,178,0,1,11,1,13,113,43,30,5,191,10,0,10,201
03/31/2010,GEG,WA,ANM,WE,Combined TRACON& Tower with Radar,113,42,12,2,169,0,3,27,0,30,113,45,39,2,199,42,0,42,241
04/01/2010,GEG,WA,ANM,WE,Combined TRACON& Tower with Radar,115,39,15,2,171,0,3,14,3,20,115,42,29,5,191,58,0,58,249
04/02/2010,GEG,WA,ANM,WE,Combined TRACON& Tower with Radar,108,50,11,0,169,0,1,4,0,5,108,51,15,0,174,14,0,14,188
04/03/2010,GEG,WA,ANM,WE,Combined TRACON& Tower with Radar,83,21,8,0,112,0,0,6,0,6,83,21,14,0,118,0,0,0,118
04/04/2010,GEG,WA,ANM,WE,Combined TRACON& Tower with Radar,100,15,5,0,120,0,0,12,0,12,100,15,17,0,132,0,0,0,132
04/05/2010,GEG,WA,ANM,WE,Combined TRACON& Tower with Radar,95,37,23,8,163,0,1,8,0,9,95,38,31,8,172,0,0,0,172
04/06/2010,GEG,WA,ANM,WE,Combined TRACON& Tower with Radar,101,42,23,4,170,1,2,5,0,8,102,44,28,4,178,22,0,22,200
04/07/2010,GEG,WA,ANM,WE,Combined TRACON& Tower with Radar,110,49,30,3,192,0,2,36,0,38,110,51,66,3,230,54,0,54,284
04/08/2010,GEG,WA,ANM,WE,Combined TRACON& Tower with Radar,108,37,12,5,162,0,3,1,0,4,108,40,13,5,166,0,0,0,166
04/09/2010,GEG,WA,ANM,WE,Combined TRACON& Tower with Radar,102,44,21,13,180,0,4,12,2,18,102,48,33,15,198,30,0,30,228
04/10/2010,GEG,WA,ANM,WE,Combined TRACON& Tower with Radar,81,26,11,0,118,0,0,32,0,32,81,26,43,0,150,20,0,20,170
04/11/2010,GEG,WA,ANM,WE,Combined TRACON& Tower with Radar,97,15,11,0,123,0,0,14,0,14,97,15,25,0,137,26,0,26,163
04/12/2010,GEG,WA,ANM,WE,Combined TRACON& Tower with Radar,101,38,11,2,152,0,2,13,0,15,101,40,24,2,167,32,0,32,199
04/13/2010,GEG,WA,ANM,WE,Combined TRACON& Tower with Radar,110,42,32,1,185,0,2,4,0,6,110,44,36,1,191,2,0,2,193
04/14/2010,GEG,WA,ANM,WE,Combined TRACON& Tower with Radar,112,45,38,5,200,0,3,67,1,71,112,48,105,6,271,66,4,70,341
04/15/2010,GEG,WA,ANM,WE,Combined TRACON& Tower with Radar,102,50,14,0,166,0,4,48,1,53,102,54,62,1,219,51,0,51,270
04/16/2010,GEG,WA,ANM,WE,Combined TRACON& Tower with Radar,107,41,20,0,168,0,2,75,3,80,107,43,95,3,248,30,0,30,278
04/17/2010,GEG,WA,ANM,WE,Combined TRACON& Tower with Radar,77,25,7,0,109,0,0,19,0,19,77,25,26,0,128,16,0,16,144
04/18/2010,GEG,WA,ANM,WE,Combined TRACON& Tower with Radar,97,18,9,0,124,0,0,30,0,30,97,18,39,0,154,22,0,22,176
04/19/2010,GEG,WA,ANM,WE,Combined TRACON& Tower with Radar,98,47,19,4,168,0,3,44,0,47,98,50,63,4,215,108,4,112,327
04/20/2010,GEG,WA,ANM,WE,Combined TRACON& Tower with Radar,108,44,19,9,180,0,1,32,1,34,108,45,51,10,214,10,6,16,230
04/21/2010,GEG,WA,ANM,WE,Combined TRACON& Tower with Radar,108,43,19,6,176,0,2,5,0,7,108,45,24,6,183,0,0,0,183
04/22/2010,GEG,WA,ANM,WE,Combined TRACON& Tower with Radar,113,45,27,6,191,0,2,14,0,16,113,47,41,6,207,56,0,56,263
04/23/2010,GEG,WA,ANM,WE,Combined TRACON& Tower with Radar,107,45,16,2,170,0,3,61,0,64,107,48,77,2,234,56,0,56,290
04/24/2010,GEG,WA,ANM,WE,Combined TRACON& Tower with Radar,79,24,2,2,107,0,0,5,0,5,79,24,7,2,112,10,2,12,124
04/25/2010,GEG,WA,ANM,WE,Combined TRACON& Tower with Radar,94,18,6,0,118,0,0,43,0,43,94,18,49,0,161,4,0,4,165
04/26/2010,GEG,WA,ANM,WE,Combined TRACON& Tower with Radar,106,39,21,0,166,0,1,43,2,46,106,40,64,2,212,94,0,94,306
04/27/2010,GEG,WA,ANM,WE,Combined TRACON& Tower with Radar,112,35,13,7,167,0,1,5,0,6,112,36,18,7,173,22,0,22,195
04/28/2010,GEG,WA,ANM,WE,Combined TRACON& Tower with Radar,111,40,15,8,174,0,2,6,1,9,111,42,21,9,183,0,6,6,189
04/29/2010,GEG,WA,ANM,WE,Combined TRACON& Tower with Radar,113,41,12,3,169,0,2,8,0,10,113,43,20,3,179,20,2,22,201
04/30/2010,GEG,WA,ANM,WE,Combined TRACON& Tower with Radar,105,42,29,2,178,0,4,20,0,24,105,46,49,2,202,42,0,42,244
05/01/2010,GEG,WA,ANM,WE,Combined TRACON& Tower with Radar,83,26,7,0,116,0,0,9,2,11,83,26,16,2,127,0,0,0,127
05/02/2010,GEG,WA,ANM,WE,Combined TRACON& Tower with Radar,98,15,15,0,128,0,2,27,0,29,98,17,42,0,157,16,0,16,173
05/03/2010,GEG,WA,ANM,WE,Combined TRACON& Tower with Radar,106,22,9,7,144,0,1,1,0,2,106,23,10,7,146,0,0,0,146
05/04/2010,GEG,WA,ANM,WE,Combined TRACON& Tower with Radar,113,36,16,2,167,0,3,10,0,13,113,39,26,2,180,14,0,14,194
05/05/2010,GEG,WA,ANM,WE,Combined TRACON& Tower with Radar,117,39,10,10,176,0,3,28,0,31,117,42,38,10,207,36,0,36,243
05/06/2010,GEG,WA,ANM,WE,Combined TRACON& Tower with Radar,116,38,21,4,179,0,4,17,3,24,116,42,38,7,203,132,0,132,335
05/07/2010,GEG,WA,ANM,WE,Combined TRACON& Tower with Radar,108,36,22,0,166,0,4,38,0,42,108,40,60,0,208,132,0,132,340
05/08/2010,GEG,WA,ANM,WE,Combined TRACON& Tower with Radar,77,34,16,0,127,0,0,25,0,25,77,34,41,0,152,8,0,8,160
05/09/2010,GEG,WA,ANM,WE,Combined TRACON& Tower with Radar,108,17,12,0,137,0,0,24,0,24,108,17,36,0,161,42,0,42,203
05/10/2010,GEG,WA,ANM,WE,Combined TRACON& Tower with Radar,104,39,14,2,159,0,2,34,0,36,104,41,48,2,195,58,0,58,253
05/11/2010,GEG,WA,ANM,WE,Combined TRACON& Tower with Radar,116,38,23,4,181,0,5,43,0,48,116,43,66,4,229,48,4,52,281
05/12/2010,GEG,WA,ANM,WE,Combined TRACON& Tower with Radar,115,38,23,3,179,0,5,48,0,53,115,43,71,3,232,79,0,79,311
05/13/2010,GEG,WA,ANM,WE,Combined TRACON& Tower with Radar,116,40,13,4,173,0,6,55,1,62,116,46,68,5,235,100,0,100,335
05/14/2010,GEG,WA,ANM,WE,Combined TRACON& Tower with Radar,107,47,18,3,175,0,5,50,0,55,107,52,68,3,230,88,0,88,318
05/15/2010,GEG,WA,ANM,WE,Combined TRACON& Tower with Radar,88,30,9,3,130,0,3,36,2,41,88,33,45,5,171,78,0,78,249
05/16/2010,GEG,WA,ANM,WE,Combined TRACON& Tower with Radar,102,16,3,0,121,0,2,19,0,21,102,18,22,0,142,38,0,38,180
05/17/2010,GEG,WA,ANM,WE,Combined TRACON& Tower with Radar,105,35,14,0,154,0,2,18,0,20,105,37,32,0,174,12,0,12,186
05/18/2010,GEG,WA,ANM,WE,Combined TRACON& Tower with Radar,116,37,36,2,191,0,3,5,0,8,116,40,41,2,199,2,0,2,201
05/19/2010,GEG,WA,ANM,WE,Combined TRACON& Tower with Radar,116,45,24,1,186,0,1,27,0,28,116,46,51,1,214,30,0,30,244
05/20/2010,GEG,WA,ANM,WE,Combined TRACON& Tower with Radar,116,48,29,2,195,0,3,20,0,23,116,51,49,2,218,44,0,44,262
05/21/2010,GEG,WA,ANM,WE,Combined TRACON& Tower with Radar,110,39,22,3,174,0,6,37,1,44,110,45,59,4,218,98,0,98,316
05/22/2010,GEG,WA,ANM,WE,Combined TRACON& Tower with Radar,85,32,8,0,125,0,0,13,0,13,85,32,21,0,138,18,2,20,158
05/23/2010,GEG,WA,ANM,WE,Combined TRACON& Tower with Radar,104,13,14,1,132,0,0,15,0,15,104,13,29,1,147,26,0,26,173
05/24/2010,GEG,WA,ANM,WE,Combined TRACON& Tower with Radar,109,39,20,8,176,0,2,27,0,29,109,41,47,8,205,116,4,120,325
05/25/2010,GEG,WA,ANM,WE,Combined TRACON& Tower with Radar,116,41,25,5,187,0,3,23,0,26,116,44,48,5,213,78,0,78,291
05/26/2010,GEG,WA,ANM,WE,Combined TRACON& Tower with Radar,115,53,21,5,194,0,1,12,0,13,115,54,33,5,207,0,0,0,207
05/27/2010,GEG,WA,ANM,WE,Combined TRACON& Tower with Radar,127,45,17,1,190,0,1,1,0,2,127,46,18,1,192,0,0,0,192
05/28/2010,GEG,WA,ANM,WE,Combined TRACON& Tower with Radar,110,43,17,0,170,0,2,10,0,12,110,45,27,0,182,90,0,90,272
05/29/2010,GEG,WA,ANM,WE,Combined TRACON& Tower with Radar,87,30,5,0,122,0,1,13,0,14,87,31,18,0,136,0,0,0,136
05/30/2010,GEG,WA,ANM,WE,Combined TRACON& Tower with Radar,87,10,8,0,105,0,0,18,0,18,87,10,26,0,123,6,0,6,129
05/31/2010,GEG,WA,ANM,WE,Combined TRACON& Tower with Radar,100,19,13,0,132,0,0,9,0,9,100,19,22,0,141,6,0,6,147
06/01/2010,GEG,WA,ANM,WE,Combined TRACON& Tower with Radar,107,40,16,5,168,0,4,32,2,38,107,44,48,7,206,58,0,58,264
06/02/2010,GEG,WA,ANM,WE,Combined TRACON& Tower with Radar,116,43,20,9,188,0,1,0,0,1,116,44,20,9,189,0,0,0,189
06/03/2010,GEG,WA,ANM,WE,Combined TRACON& Tower with Radar,114,41,10,15,180,0,3,31,0,34,114,44,41,15,214,66,28,94,308
06/04/2010,GEG,WA,ANM,WE,Combined TRACON& Tower with Radar,132,44,11,1,188,0,2,2,0,4,132,46,13,1,192,38,0,38,230
06/05/2010,GEG,WA,ANM,WE,Combined TRACON& Tower with Radar,82,29,9,1,121,0,0,36,1,37,82,29,45,2,158,64,0,64,222
06/06/2010,GEG,WA,ANM,WE,Combined TRACON& Tower with Radar,104,18,17,2,141,0,0,7,1,8,104,18,24,3,149,0,0,0,149
06/07/2010,GEG,WA,ANM,WE,Combined TRACON& Tower with Radar,108,39,9,9,165,0,3,24,0,27,108,42,33,9,192,28,0,28,220
06/08/2010,GEG,WA,ANM,WE,Combined TRACON& Tower with Radar,115,39,19,0,173,0,3,49,1,53,115,42,68,1,226,30,0,30,256
06/09/2010,GEG,WA,ANM,WE,Combined TRACON& Tower with Radar,125,45,29,3,202,0,3,8,0,11,125,48,37,3,213,20,0,20,233
06/10/2010,GEG,WA,ANM,WE,Combined TRACON& Tower with Radar,122,47,18,11,198,0,3,14,1,18,122,50,32,12,216,18,6,24,240
06/11/2010,GEG,WA,ANM,WE,Combined TRACON& Tower with Radar,114,41,27,2,184,0,3,6,0,9,114,44,33,2,193,4,0,4,197
06/12/2010,GEG,WA,ANM,WE,Combined TRACON& Tower with Radar,94,22,10,0,126,0,2,30,0,32,94,24,40,0,158,26,0,26,184
06/13/2010,GEG,WA,ANM,WE,Combined TRACON& Tower with Radar,109,23,17,0,149,0,0,34,1,35,109,23,51,1,184,6,0,6,190
06/14/2010,GEG,WA,ANM,WE,Combined TRACON& Tower with Radar,112,34,19,4,169,0,3,39,0,42,112,37,58,4,211,44,4,48,259
06/15/2010,GEG,WA,ANM,WE,Combined TRACON& Tower with Radar,122,46,24,4,196,0,4,31,0,35,122,50,55,4,231,48,0,48,279
06/16/2010,GEG,WA,ANM,WE,Combined TRACON& Tower with Radar,123,44,24,1,192,0,1,16,0,17,123,45,40,1,209,22,0,22,231
06/17/2010,GEG,WA,ANM,WE,Combined TRACON& Tower with Radar,124,40,31,3,198,0,2,6,1,9,124,42,37,4,207,0,0,0,207
06/18/2010,GEG,WA,ANM,WE,Combined TRACON& Tower with Radar,119,38,23,4,184,0,4,45,0,49,119,42,68,4,233,58,0,58,291
06/19/2010,GEG,WA,ANM,WE,Combined TRACON& Tower with Radar,93,25,9,6,133,0,1,40,0,41,93,26,49,6,174,4,0,4,178
06/20/2010,GEG,WA,ANM,WE,Combined TRACON& Tower with Radar,109,24,8,0,141,0,0,6,0,6,109,24,14,0,147,8,0,8,155
06/21/2010,GEG,WA,ANM,WE,Combined TRACON& Tower with Radar,118,36,17,3,174,0,2,5,0,7,118,38,22,3,181,10,0,10,191
06/22/2010,GEG,WA,ANM,WE,Combined TRACON& Tower with Radar,125,40,23,1,189,0,4,50,1,55,125,44,73,2,244,72,0,72,316
06/23/2010,GEG,WA,ANM,WE,Combined TRACON& Tower with Radar,121,44,17,0,182,0,5,41,0,46,121,49,58,0,228,16,0,16,244
06/24/2010,GEG,WA,ANM,WE,Combined TRACON& Tower with Radar,125,39,14,2,180,0,5,45,0,50,125,44,59,2,230,102,0,102,332
06/25/2010,GEG,WA,ANM,WE,Combined TRACON& Tower with Radar,123,42,16,1,182,0,2,35,2,39,123,44,51,3,221,73,0,73,294
06/26/2010,GEG,WA,ANM,WE,Combined TRACON& Tower with Radar,91,23,7,1,122,0,0,33,6,39,91,23,40,7,161,38,0,38,199
06/27/2010,GEG,WA,ANM,WE,Combined TRACON& Tower with Radar,108,18,3,0,129,0,1,24,2,27,108,19,27,2,156,24,0,24,180
06/28/2010,GEG,WA,ANM,WE,Combined TRACON& Tower with Radar,112,36,26,0,174,0,1,40,1,42,112,37,66,1,216,36,0,36,252
06/29/2010,GEG,WA,ANM,WE,Combined TRACON& Tower with Radar,127,39,13,2,181,0,3,39,0,42,127,42,52,2,223,50,0,50,273
06/30/2010,GEG,WA,ANM,WE,Combined TRACON& Tower with Radar,123,40,27,4,194,0,3,43,1,47,123,43,70,5,241,82,0,82,323
07/01/2010,GEG,WA,ANM,WE,Combined TRACON& Tower with Radar,125,37,16,14,192,0,4,26,2,32,125,41,42,16,224,84,8,92,316
07/02/2010,GEG,WA,ANM,WE,Combined TRACON& Tower with Radar,117,39,24,4,184,0,6,13,0,19,117,45,37,4,203,56,0,56,259
07/03/2010,GEG,WA,ANM,WE,Combined TRACON& Tower with Radar,100,17,7,0,124,0,0,11,0,11,100,17,18,0,135,40,0,40,175
07/04/2010,GEG,WA,ANM,WE,Combined TRACON& Tower with Radar,92,8,9,2,111,0,0,10,1,11,92,8,19,3,122,4,0,4,126
07/05/2010,GEG,WA,ANM,WE,Combined TRACON& Tower with Radar,114,17,12,0,143,0,0,13,0,13,114,17,25,0,156,12,0,12,168
07/06/2010,GEG,WA,ANM,WE,Combined TRACON& Tower with Radar,115,38,13,1,167,0,3,39,1,43,115,41,52,2,210,2,0,2,212
07/07/2010,GEG,WA,ANM,WE,Combined TRACON& Tower with Radar,128,39,21,0,188,0,4,38,1,43,128,43,59,1,231,48,0,48,279
07/08/2010,GEG,WA,ANM,WE,Combined TRACON& Tower with Radar,125,38,21,2,186,0,4,49,0,53,125,42,70,2,239,34,0,34,273
07/09/2010,GEG,WA,ANM,WE,Combined TRACON& Tower with Radar,119,38,15,0,172,0,4,49,0,53,119,42,64,0,225,74,0,74,299
07/10/2010,GEG,WA,ANM,WE,Combined TRACON& Tower with Radar,93,32,4,4,133,0,0,20,2,22,93,32,24,6,155,14,0,14,169
07/11/2010,GEG,WA,ANM,WE,Combined TRACON& Tower with Radar,109,22,10,0,141,0,0,28,0,28,109,22,38,0,169,0,0,0,169
07/12/2010,GEG,WA,ANM,WE,Combined TRACON& Tower with Radar,113,35,13,3,164,0,2,6,0,8,113,37,19,3,172,0,0,0,172
07/13/2010,GEG,WA,ANM,WE,Combined TRACON& Tower with Radar,125,39,25,8,197,0,3,31,1,35,125,42,56,9,232,24,6,30,262
07/14/2010,GEG,WA,ANM,WE,Combined TRACON& Tower with Radar,124,38,18,6,186,0,4,38,0,42,124,42,56,6,228,64,2,66,294
07/15/2010,GEG,WA,ANM,WE,Combined TRACON& Tower with Radar,124,42,11,3,180,0,4,40,0,44,124,46,51,3,224,28,0,28,252
07/16/2010,GEG,WA,ANM,WE,Combined TRACON& Tower with Radar,113,38,28,2,181,0,3,45,2,50,113,41,73,4,231,54,0,54,285
07/17/2010,GEG,WA,ANM,WE,Combined TRACON& Tower with Radar,94,28,11,0,133,0,0,41,0,41,94,28,52,0,174,44,0,44,218
07/18/2010,GEG,WA,ANM,WE,Combined TRACON& Tower with Radar,107,20,13,4,144,0,0,28,0,28,107,20,41,4,172,6,0,6,178
07/19/2010,GEG,WA,ANM,WE,Combined TRACON& Tower with Radar,110,36,18,1,165,0,3,53,0,56,110,39,71,1,221,18,0,18,239
07/20/2010,GEG,WA,ANM,WE,Combined TRACON& Tower with Radar,122,44,35,5,206,0,4,57,1,62,122,48,92,6,268,108,4,112,380
07/21/2010,GEG,WA,ANM,WE,Combined TRACON& Tower with Radar,125,35,18,3,181,0,4,48,0,52,125,39,66,3,233,42,2,44,277
07/22/2010,GEG,WA,ANM,WE,Combined TRACON& Tower with Radar,124,44,12,7,187,0,4,18,1,23,124,48,30,8,210,10,0,10,220
07/23/2010,GEG,WA,ANM,WE,Combined TRACON& Tower with Radar,118,43,27,2,190,0,4,58,0,62,118,47,85,2,252,32,0,32,284
07/24/2010,GEG,WA,ANM,WE,Combined TRACON& Tower with Radar,93,22,11,3,129,0,4,34,1,39,93,26,45,4,168,14,0,14,182
07/25/2010,GEG,WA,ANM,WE,Combined TRACON& Tower with Radar,107,28,8,3,146,0,2,30,1,33,107,30,38,4,179,0,0,0,179
07/26/2010,GEG,WA,ANM,WE,Combined TRACON& Tower with Radar,111,37,18,0,166,0,3,40,3,46,111,40,58,3,212,50,0,50,262
07/27/2010,GEG,WA,ANM,WE,Combined TRACON& Tower with Radar,126,37,15,3,181,0,3,32,0,35,126,40,47,3,216,64,0,64,280
07/28/2010,GEG,WA,ANM,WE,Combined TRACON& Tower with Radar,130,37,11,4,182,0,3,29,1,33,130,40,40,5,215,18,16,34,249
07/29/2010,GEG,WA,ANM,WE,Combined TRACON& Tower with Radar,121,40,13,8,182,0,4,63,1,68,121,44,76,9,250,48,2,50,300
07/30/2010,GEG,WA,ANM,WE,Combined TRACON& Tower with Radar,122,34,18,1,175,0,4,43,0,47,122,38,61,1,222,28,0,28,250
07/31/2010,GEG,WA,ANM,WE,Combined TRACON& Tower with Radar,98,23,10,0,131,0,0,20,0,20,98,23,30,0,151,46,0,46,197
08/01/2010,GEG,WA,ANM,WE,Combined TRACON& Tower with Radar,109,22,18,1,150,0,0,26,1,27,109,22,44,2,177,14,0,14,191
08/02/2010,GEG,WA,ANM,WE,Combined TRACON& Tower with Radar,111,34,27,1,173,0,6,39,0,45,111,40,66,1,218,28,0,28,246
08/03/2010,GEG,WA,ANM,WE,Combined TRACON& Tower with Radar,125,45,28,0,198,0,3,49,0,52,125,48,77,0,250,18,0,18,268
08/04/2010,GEG,WA,ANM,WE,Combined TRACON& Tower with Radar,124,42,21,0,187,0,3,43,0,46,124,45,64,0,233,48,0,48,281
08/05/2010,GEG,WA,ANM,WE,Combined TRACON& Tower with Radar,120,37,21,8,186,0,4,25,0,29,120,41,46,8,215,14,12,26,241
08/06/2010,GEG,WA,ANM,WE,Combined TRACON& Tower with Radar,115,39,12,4,170,0,3,25,0,28,115,42,37,4,198,48,0,48,246
08/07/2010,GEG,WA,ANM,WE,Combined TRACON& Tower with Radar,94,23,24,0,141,0,0,29,0,29,94,23,53,0,170,14,0,14,184
08/08/2010,GEG,WA,ANM,WE,Combined TRACON& Tower with Radar,109,21,12,2,144,0,0,25,0,25,109,21,37,2,169,34,0,34,203
08/09/2010,GEG,WA,ANM,WE,Combined TRACON& Tower with Radar,114,35,18,6,173,0,4,50,3,57,114,39,68,9,230,30,8,38,268
08/10/2010,GEG,WA,ANM,WE,Combined TRACON& Tower with Radar,122,43,21,5,191,0,2,31,0,33,122,45,52,5,224,12,0,12,236
08/11/2010,GEG,WA,ANM,WE,Combined TRACON& Tower with Radar,127,46,24,1,198,0,3,39,0,42,127,49,63,1,240,30,0,30,270
08/12/2010,GEG,WA,ANM,WE,Combined TRACON& Tower with Radar,123,41,17,7,188,0,4,33,1,38,123,45,50,8,226,34,0,34,260
08/13/2010,GEG,WA,ANM,WE,Combined TRACON& Tower with Radar,118,46,19,0,183,0,4,39,0,43,118,50,58,0,226,34,0,34,260
08/14/2010,GEG,WA,ANM,WE,Combined TRACON& Tower with Radar,92,26,10,0,128,0,2,26,0,28,92,28,36,0,156,32,0,32,188
08/15/2010,GEG,WA,ANM,WE,Combined TRACON& Tower with Radar,104,22,12,0,138,0,0,31,0,31,104,22,43,0,169,14,0,14,183
08/16/2010,GEG,WA,ANM,WE,Combined TRACON& Tower with Radar,118,40,12,0,170,0,5,49,0,54,118,45,61,0,224,38,0,38,262
08/17/2010,GEG,WA,ANM,WE,Combined TRACON& Tower with Radar,120,43,15,3,181,0,5,36,1,42,120,48,51,4,223,60,0,60,283
08/18/2010,GEG,WA,ANM,WE,Combined TRACON& Tower with Radar,125,40,17,14,196,0,4,45,0,49,125,44,62,14,245,10,0,10,255
08/19/2010,GEG,WA,ANM,WE,Combined TRACON& Tower with Radar,123,42,19,5,189,0,4,32,2,38,123,46,51,7,227,16,0,16,243
08/20/2010,GEG,WA,ANM,WE,Combined TRACON& Tower with Radar,117,40,15,14,186,0,5,35,0,40,117,45,50,14,226,26,0,26,252
08/21/2010,GEG,WA,ANM,WE,Combined TRACON& Tower with Radar,93,25,19,0,137,0,2,25,2,29,93,27,44,2,166,32,0,32,198
08/22/2010,GEG,WA,ANM,WE,Combined TRACON& Tower with Radar,103,21,26,1,151,0,0,25,2,27,103,21,51,3,178,0,0,0,178
08/23/2010,GEG,WA,ANM,WE,Combined TRACON& Tower with Radar,118,34,13,2,167,0,5,42,0,47,118,39,55,2,214,6,0,6,220
08/24/2010,GEG,WA,ANM,WE,Combined TRACON& Tower with Radar,122,37,16,1,176,0,4,36,1,41,122,41,52,2,217,46,4,50,267
08/25/2010,GEG,WA,ANM,WE,Combined TRACON& Tower with Radar,126,38,21,9,194,0,6,40,1,47,126,44,61,10,241,44,0,44,285
08/26/2010,GEG,WA,ANM,WE,Combined TRACON& Tower with Radar,126,44,15,9,194,0,1,18,3,22,126,45,33,12,216,44,0,44,260
08/27/2010,GEG,WA,ANM,WE,Combined TRACON& Tower with Radar,118,41,18,3,180,0,5,27,1,33,118,46,45,4,213,20,0,20,233
08/28/2010,GEG,WA,ANM,WE,Combined TRACON& Tower with Radar,88,30,9,0,127,0,0,24,0,24,88,30,33,0,151,18,0,18,169
08/29/2010,GEG,WA,ANM,WE,Combined TRACON& Tower with Radar,110,17,15,0,142,0,0,11,0,11,110,17,26,0,153,16,0,16,169
08/30/2010,GEG,WA,ANM,WE,Combined TRACON& Tower with Radar,114,35,19,2,170,0,2,30,2,34,114,37,49,4,204,50,4,54,258
08/31/2010,GEG,WA,ANM,WE,Combined TRACON& Tower with Radar,123,38,32,6,199,0,1,21,0,22,123,39,53,6,221,6,0,6,227
09/01/2010,GEG,WA,ANM,WE,Combined TRACON& Tower with Radar,132,42,14,0,188,0,4,30,0,34,132,46,44,0,222,54,0,54,276
09/02/2010,GEG,WA,ANM,WE,Combined TRACON& Tower with Radar,123,37,34,0,194,0,4,40,0,44,123,41,74,0,238,52,0,52,290
09/03/2010,GEG,WA,ANM,WE,Combined TRACON& Tower with Radar,124,40,18,2,184,0,5,47,1,53,124,45,65,3,237,48,2,50,287
09/04/2010,GEG,WA,ANM,WE,Combined TRACON& Tower with Radar,83,28,13,0,124,0,1,21,0,22,83,29,34,0,146,16,0,16,162
09/05/2010,GEG,WA,ANM,WE,Combined TRACON& Tower with Radar,88,9,7,0,104,0,0,11,0,11,88,9,18,0,115,0,0,0,115
09/06/2010,GEG,WA,ANM,WE,Combined TRACON& Tower with Radar,107,18,13,1,139,0,0,24,0,24,107,18,37,1,163,8,0,8,171
09/07/2010,GEG,WA,ANM,WE,Combined TRACON& Tower with Radar,113,38,32,0,183,0,3,26,0,29,113,41,58,0,212,32,0,32,244
09/08/2010,GEG,WA,ANM,WE,Combined TRACON& Tower with Radar,126,42,15,3,186,0,3,25,0,28,126,45,40,3,214,27,0,27,241
09/09/2010,GEG,WA,ANM,WE,Combined TRACON& Tower with Radar,123,34,17,4,178,0,4,21,0,25,123,38,38,4,203,12,0,12,215
09/10/2010,GEG,WA,ANM,WE,Combined TRACON& Tower with Radar,116,41,19,4,180,0,4,25,2,31,116,45,44,6,211,20,4,24,235
09/11/2010,GEG,WA,ANM,WE,Combined TRACON& Tower with Radar,86,30,14,0,130,0,1,34,3,38,86,31,48,3,168,12,0,12,180
09/12/2010,GEG,WA,ANM,WE,Combined TRACON& Tower with Radar,101,20,19,4,144,0,0,25,0,25,101,20,44,4,169,22,0,22,191
09/13/2010,GEG,WA,ANM,WE,Combined TRACON& Tower with Radar,116,32,26,1,175,0,5,36,1,42,116,37,62,2,217,82,0,82,299
09/14/2010,GEG,WA,ANM,WE,Combined TRACON& Tower with Radar,122,38,38,0,198,0,5,41,0,46,122,43,79,0,244,50,0,50,294
09/15/2010,GEG,WA,ANM,WE,Combined TRACON& Tower with Radar,123,37,46,6,212,0,3,52,0,55,123,40,98,6,267,70,10,80,347
09/16/2010,GEG,WA,ANM,WE,Combined TRACON& Tower with Radar,121,42,32,8,203,0,1,24,1,26,121,43,56,9,229,80,0,80,309
09/17/2010,GEG,WA,ANM,WE,Combined TRACON& Tower with Radar,120,39,27,1,187,0,3,22,0,25,120,42,49,1,212,20,4,24,236
09/18/2010,GEG,WA,ANM,WE,Combined TRACON& Tower with Radar,87,27,16,0,130,0,0,15,0,15,87,27,31,0,145,0,0,0,145
09/19/2010,GEG,WA,ANM,WE,Combined TRACON& Tower with Radar,105,19,26,1,151,0,0,5,0,5,105,19,31,1,156,6,0,6,162
09/20/2010,GEG,WA,ANM,WE,Combined TRACON& Tower with Radar,113,35,28,15,191,0,4,8,0,12,113,39,36,15,203,8,2,10,213
09/21/2010,GEG,WA,ANM,WE,Combined TRACON& Tower with Radar,126,41,36,2,205,0,5,33,0,38,126,46,69,2,243,60,0,60,303
09/22/2010,GEG,WA,ANM,WE,Combined TRACON& Tower with Radar,123,39,32,1,195,0,3,49,1,53,123,42,81,2,248,78,0,78,326
09/23/2010,GEG,WA,ANM,WE,Combined TRACON& Tower with Radar,121,41,20,5,187,1,0,21,0,22,122,41,41,5,209,34,0,34,243
09/24/2010,GEG,WA,ANM,WE,Combined TRACON& Tower with Radar,117,47,22,4,190,0,6,36,0,42,117,53,58,4,232,120,0,120,352
09/25/2010,GEG,WA,ANM,WE,Combined TRACON& Tower with Radar,84,28,19,0,131,0,1,42,0,43,84,29,61,0,174,34,0,34,208
09/26/2010,GEG,WA,ANM,WE,Combined TRACON& Tower with Radar,106,20,8,11,145,0,0,16,0,16,106,20,24,11,161,0,0,0,161
09/27/2010,GEG,WA,ANM,WE,Combined TRACON& Tower with Radar,112,38,21,13,184,0,4,23,0,27,112,42,44,13,211,28,14,42,253
09/28/2010,GEG,WA,ANM,WE,Combined TRACON& Tower with Radar,120,42,24,3,189,0,2,35,0,37,120,44,59,3,226,34,0,34,260
09/29/2010,GEG,WA,ANM,WE,Combined TRACON& Tower with Radar,121,39,17,4,181,0,2,43,0,45,121,41,60,4,226,86,0,86,312
09/30/2010,GEG,WA,ANM,WE,Combined TRACON& Tower with Radar,120,39,17,2,178,0,5,67,0,72,120,44,84,2,250,122,0,122,372
10/01/2010,GEG,WA,ANM,WE,Combined TRACON& Tower with Radar,114,37,18,2,171,0,3,50,0,53,114,40,68,2,224,24,0,24,248
10/02/2010,GEG,WA,ANM,WE,Combined TRACON& Tower with Radar,84,32,2,0,118,0,2,31,0,33,84,34,33,0,151,22,0,22,173
10/03/2010,GEG,WA,ANM,WE,Combined TRACON& Tower with Radar,101,16,16,1,134,0,1,13,0,14,101,17,29,1,148,24,0,24,172
10/04/2010,GEG,WA,ANM,WE,Combined TRACON& Tower with Radar,109,35,24,8,176,0,2,36,1,39,109,37,60,9,215,38,0,38,253
10/05/2010,GEG,WA,ANM,WE,Combined TRACON& Tower with Radar,115,40,32,4,191,0,5,39,0,44,115,45,71,4,235,205,4,209,444
10/06/2010,GEG,WA,ANM,WE,Combined TRACON& Tower with Radar,121,33,7,0,161,0,8,39,0,47,121,41,46,0,208,88,0,88,296
10/07/2010,GEG,WA,ANM,WE,Combined TRACON& Tower with Radar,118,41,16,2,177,2,0,9,0,11,120,41,25,2,188,4,0,4,192
10/08/2010,GEG,WA,ANM,WE,Combined TRACON& Tower with Radar,114,38,20,4,176,0,4,20,0,24,114,42,40,4,200,58,0,58,258
10/09/2010,GEG,WA,ANM,WE,Combined TRACON& Tower with Radar,86,31,8,2,127,0,0,39,1,40,86,31,47,3,167,8,0,8,175
10/10/2010,GEG,WA,ANM,WE,Combined TRACON& Tower with Radar,98,14,12,0,124,0,0,2,0,2,98,14,14,0,126,0,0,0,126
10/11/2010,GEG,WA,ANM,WE,Combined TRACON& Tower with Radar,109,30,21,0,160,0,0,34,0,34,109,30,55,0,194,58,0,58,252
10/12/2010,GEG,WA,ANM,WE,Combined TRACON& Tower with Radar,119,33,16,0,168,0,5,37,0,42,119,38,53,0,210,74,0,74,284
10/13/2010,GEG,WA,ANM,WE,Combined TRACON& Tower with Radar,118,36,19,2,175,0,5,55,0,60,118,41,74,2,235,112,0,112,347
10/14/2010,GEG,WA,ANM,WE,Combined TRACON& Tower with Radar,117,36,20,2,175,0,3,39,0,42,117,39,59,2,217,128,0,128,345
10/15/2010,GEG,WA,ANM,WE,Combined TRACON& Tower with Radar,116,47,11,4,178,0,5,43,0,48,116,52,54,4,226,76,0,76,302
10/16/2010,GEG,WA,ANM,WE,Combined TRACON& Tower with Radar,85,27,13,0,125,0,1,17,0,18,85,28,30,0,143,34,0,34,177
10/17/2010,GEG,WA,ANM,WE,Combined TRACON& Tower with Radar,102,17,10,0,129,0,0,40,0,40,102,17,50,0,169,8,0,8,177
10/18/2010,GEG,WA,ANM,WE,Combined TRACON& Tower with Radar,106,34,16,3,159,0,5,26,0,31,106,39,42,3,190,50,2,52,242
10/19/2010,GEG,WA,ANM,WE,Combined TRACON& Tower with Radar,118,38,19,1,176,0,6,40,0,46,118,44,59,1,222,46,0,46,268
10/20/2010,GEG,WA,ANM,WE,Combined TRACON& Tower with Radar,121,34,31,2,188,0,4,36,2,42,121,38,67,4,230,18,0,18,248
10/21/2010,GEG,WA,ANM,WE,Combined TRACON& Tower with Radar,123,37,24,4,188,0,2,36,1,39,123,39,60,5,227,40,0,40,267
10/22/2010,GEG,WA,ANM,WE,Combined TRACON& Tower with Radar,114,38,28,6,186,0,4,38,1,43,114,42,66,7,229,14,4,18,247
10/23/2010,GEG,WA,ANM,WE,Combined TRACON& Tower with Radar,93,30,24,0,147,0,0,0,0,0,93,30,24,0,147,4,0,4,151
10/24/2010,GEG,WA,ANM,WE,Combined TRACON& Tower with Radar,104,18,12,0,134,0,0,0,0,0,104,18,12,0,134,42,2,44,178
10/25/2010,GEG,WA,ANM,WE,Combined TRACON& Tower with Radar,105,29,27,9,170,0,3,4,0,7,105,32,31,9,177,14,0,14,191
10/26/2010,GEG,WA,ANM,WE,Combined TRACON& Tower with Radar,119,40,17,3,179,0,2,2,1,5,119,42,19,4,184,0,0,0,184
10/27/2010,GEG,WA,ANM,WE,Combined TRACON& Tower with Radar,119,38,35,0,192,0,4,12,0,16,119,42,47,0,208,20,0,20,228
10/28/2010,GEG,WA,ANM,WE,Combined TRACON& Tower with Radar,119,46,18,3,186,0,1,15,0,16,119,47,33,3,202,0,18,18,220
10/29/2010,GEG,WA,ANM,WE,Combined TRACON& Tower with Radar,116,45,29,5,195,0,1,2,0,3,116,46,31,5,198,18,10,28,226
10/30/2010,GEG,WA,ANM,WE,Combined TRACON& Tower with Radar,85,28,13,0,126,0,0,2,0,2,85,28,15,0,128,0,0,0,128
10/31/2010,GEG,WA,ANM,WE,Combined TRACON& Tower with Radar,100,16,14,0,130,0,0,1,0,1,100,16,15,0,131,0,0,0,131
11/01/2010,GEG,WA,ANM,WE,Combined TRACON& Tower with Radar,110,36,22,16,184,0,1,6,0,7,110,37,28,16,191,28,6,34,225
11/02/2010,GEG,WA,ANM,WE,Combined TRACON& Tower with Radar,112,32,18,9,171,0,5,32,2,39,112,37,50,11,210,34,2,36,246
11/03/2010,GEG,WA,ANM,WE,Combined TRACON& Tower with Radar,116,41,9,2,168,0,5,38,0,43,116,46,47,2,211,34,0,34,245
11/04/2010,GEG,WA,ANM,WE,Combined TRACON& Tower with Radar,114,41,10,0,165,0,5,27,0,32,114,46,37,0,197,44,0,44,241
11/05/2010,GEG,WA,ANM,WE,Combined TRACON& Tower with Radar,112,44,18,4,178,0,3,27,0,30,112,47,45,4,208,44,4,48,256
11/06/2010,GEG,WA,ANM,WE,Combined TRACON& Tower with Radar,77,23,21,1,122,0,0,19,4,23,77,23,40,5,145,46,4,50,195
11/07/2010,GEG,WA,ANM,WE,Combined TRACON& Tower with Radar,101,14,18,2,135,0,0,3,0,3,101,14,21,2,138,6,0,6,144
11/08/2010,GEG,WA,ANM,WE,Combined TRACON& Tower with Radar,100,34,27,6,167,0,4,1,0,5,100,38,28,6,172,6,0,6,178
11/09/2010,GEG,WA,ANM,WE,Combined TRACON& Tower with Radar,110,41,17,1,169,0,1,15,0,16,110,42,32,1,185,41,0,41,226
11/10/2010,GEG,WA,ANM,WE,Combined TRACON& Tower with Radar,110,36,28,2,176,0,2,35,1,38,110,38,63,3,214,44,0,44,258
11/11/2010,GEG,WA,ANM,WE,Combined TRACON& Tower with Radar,109,38,6,0,153,0,0,11,0,11,109,38,17,0,164,18,0,18,182
11/12/2010,GEG,WA,ANM,WE,Combined TRACON& Tower with Radar,108,44,24,3,179,0,0,0,0,0,108,44,24,3,179,0,0,0,179
11/13/2010,GEG,WA,ANM,WE,Combined TRACON& Tower with Radar,80,25,6,0,111,0,0,0,0,0,80,25,6,0,111,0,0,0,111
11/14/2010,GEG,WA,ANM,WE,Combined TRACON& Tower with Radar,100,16,22,3,141,0,0,0,0,0,100,16,22,3,141,0,0,0,141
11/15/2010,GEG,WA,ANM,WE,Combined TRACON& Tower with Radar,101,34,22,11,168,0,1,0,0,1,101,35,22,11,169,10,0,10,179
11/16/2010,GEG,WA,ANM,WE,Combined TRACON& Tower with Radar,114,37,21,29,201,0,3,14,0,17,114,40,35,29,218,18,12,30,248
11/17/2010,GEG,WA,ANM,WE,Combined TRACON& Tower with Radar,112,44,19,12,187,0,1,14,0,15,112,45,33,12,202,9,0,9,211
11/18/2010,GEG,WA,ANM,WE,Combined TRACON& Tower with Radar,111,41,10,10,172,0,3,6,0,9,111,44,16,10,181,0,0,0,181
11/19/2010,GEG,WA,ANM,WE,Combined TRACON& Tower with Radar,107,37,9,12,165,0,1,20,2,23,107,38,29,14,188,10,0,10,198
11/20/2010,GEG,WA,ANM,WE,Combined TRACON& Tower with Radar,88,24,10,0,122,0,0,17,0,17,88,24,27,0,139,26,0,26,165
11/21/2010,GEG,WA,ANM,WE,Combined TRACON& Tower with Radar,98,14,10,0,122,0,0,0,0,0,98,14,10,0,122,4,0,4,126
11/22/2010,GEG,WA,ANM,WE,Combined TRACON& Tower with Radar,95,39,9,1,144,0,1,2,0,3,95,40,11,1,147,0,0,0,147
11/23/2010,GEG,WA,ANM,WE,Combined TRACON& Tower with Radar,109,60,13,1,183,0,8,2,0,10,109,68,15,1,193,0,0,0,193
11/24/2010,GEG,WA,ANM,WE,Combined TRACON& Tower with Radar,117,47,25,2,191,0,3,11,0,14,117,50,36,2,205,22,0,22,227
11/25/2010,GEG,WA,ANM,WE,Combined TRACON& Tower with Radar,72,15,4,0,91,0,0,0,0,0,72,15,4,0,91,0,0,0,91
11/26/2010,GEG,WA,ANM,WE,Combined TRACON& Tower with Radar,93,42,10,0,145,0,0,4,0,4,93,42,14,0,149,6,0,6,155
11/27/2010,GEG,WA,ANM,WE,Combined TRACON& Tower with Radar,99,25,9,0,133,0,0,0,0,0,99,25,9,0,133,0,0,0,133
11/28/2010,GEG,WA,ANM,WE,Combined TRACON& Tower with Radar,101,17,24,0,142,0,0,0,0,0,101,17,24,0,142,2,0,2,144
11/29/2010,GEG,WA,ANM,WE,Combined TRACON& Tower with Radar,111,43,22,0,176,0,0,0,0,0,111,43,22,0,176,0,0,0,176
11/30/2010,GEG,WA,ANM,WE,Combined TRACON& Tower with Radar,100,46,5,3,154,0,0,0,0,0,100,46,5,3,154,0,0,0,154
12/01/2010,GEG,WA,ANM,WE,Combined TRACON& Tower with Radar,109,59,13,6,187,0,0,0,0,0,109,59,13,6,187,0,0,0,187
12/02/2010,GEG,WA,ANM,WE,Combined TRACON& Tower with Radar,109,49,10,1,169,0,0,0,0,0,109,49,10,1,169,0,0,0,169
12/03/2010,GEG,WA,ANM,WE,Combined TRACON& Tower with Radar,111,43,21,1,176,0,4,0,0,4,111,47,21,1,180,0,0,0,180
12/04/2010,GEG,WA,ANM,WE,Combined TRACON& Tower with Radar,81,28,20,0,129,0,0,33,0,33,81,28,53,0,162,66,0,66,228
12/05/2010,GEG,WA,ANM,WE,Combined TRACON& Tower with Radar,97,17,10,0,124,0,0,20,0,20,97,17,30,0,144,30,0,30,174
12/06/2010,GEG,WA,ANM,WE,Combined TRACON& Tower with Radar,107,41,27,0,175,0,0,12,0,12,107,41,39,0,187,34,0,34,221
12/07/2010,GEG,WA,ANM,WE,Combined TRACON& Tower with Radar,108,51,30,0,189,0,1,18,0,19,108,52,48,0,208,32,0,32,240
12/08/2010,GEG,WA,ANM,WE,Combined TRACON& Tower with Radar,113,47,22,13,195,0,2,0,0,2,113,49,22,13,197,16,0,16,213
12/09/2010,GEG,WA,ANM,WE,Combined TRACON& Tower with Radar,110,51,19,16,196,0,0,4,0,4,110,51,23,16,200,18,0,18,218
12/10/2010,GEG,WA,ANM,WE,Combined TRACON& Tower with Radar,107,45,16,12,180,0,1,5,0,6,107,46,21,12,186,0,8,8,194
12/11/2010,GEG,WA,ANM,WE,Combined TRACON& Tower with Radar,80,31,10,1,122,0,0,2,0,2,80,31,12,1,124,0,0,0,124
12/12/2010,GEG,WA,ANM,WE,Combined TRACON& Tower with Radar,95,18,4,1,118,0,0,0,0,0,95,18,4,1,118,0,0,0,118
12/13/2010,GEG,WA,ANM,WE,Combined TRACON& Tower with Radar,104,34,12,3,153,0,0,0,0,0,104,34,12,3,153,0,0,0,153
12/14/2010,GEG,WA,ANM,WE,Combined TRACON& Tower with Radar,111,52,22,18,203,0,3,10,1,14,111,55,32,19,217,0,0,0,217
12/15/2010,GEG,WA,ANM,WE,Combined TRACON& Tower with Radar,114,53,27,3,197,0,3,10,0,13,114,56,37,3,210,10,4,14,224
12/16/2010,GEG,WA,ANM,WE,Combined TRACON& Tower with Radar,120,51,19,1,191,0,5,15,0,20,120,56,34,1,211,74,14,88,299
12/17/2010,GEG,WA,ANM,WE,Combined TRACON& Tower with Radar,128,49,20,10,207,0,2,45,0,47,128,51,65,10,254,0,0,0,254
12/18/2010,GEG,WA,ANM,WE,Combined TRACON& Tower with Radar,100,37,6,4,147,0,1,0,0,1,100,38,6,4,148,0,4,4,152
12/19/2010,GEG,WA,ANM,WE,Combined TRACON& Tower with Radar,107,25,6,0,138,0,0,0,0,0,107,25,6,0,138,18,0,18,156
12/20/2010,GEG,WA,ANM,WE,Combined TRACON& Tower with Radar,113,44,13,0,170,0,2,0,0,2,113,46,13,0,172,0,0,0,172
12/21/2010,GEG,WA,ANM,WE,Combined TRACON& Tower with Radar,117,55,19,8,199,0,4,27,0,31,117,59,46,8,230,42,24,66,296
12/22/2010,GEG,WA,ANM,WE,Combined TRACON& Tower with Radar,125,55,18,4,202,0,0,9,1,10,125,55,27,5,212,0,0,0,212
12/23/2010,GEG,WA,ANM,WE,Combined TRACON& Tower with Radar,131,51,20,0,202,0,2,0,0,2,131,53,20,0,204,0,0,0,204
12/24/2010,GEG,WA,ANM,WE,Combined TRACON& Tower with Radar,101,45,4,0,150,0,2,14,0,16,101,47,18,0,166,8,0,8,174
12/25/2010,GEG,WA,ANM,WE,Combined TRACON& Tower with Radar,88,14,0,0,102,0,0,2,0,2,88,14,2,0,104,0,0,0,104
12/26/2010,GEG,WA,ANM,WE,Combined TRACON& Tower with Radar,109,15,14,0,138,0,0,5,0,5,109,15,19,0,143,0,0,0,143
12/27/2010,GEG,WA,ANM,WE,Combined TRACON& Tower with Radar,110,37,16,3,166,0,0,2,0,2,110,37,18,3,168,2,0,2,170
12/28/2010,GEG,WA,ANM,WE,Combined TRACON& Tower with Radar,119,42,20,7,188,0,0,1,0,1,119,42,21,7,189,0,2,2,191
12/29/2010,GEG,WA,ANM,WE,Combined TRACON& Tower with Radar,115,45,8,1,169,0,0,0,0,0,115,45,8,1,169,2,0,2,171
12/30/2010,GEG,WA,ANM,WE,Combined TRACON& Tower with Radar,121,44,13,0,178,0,4,15,0,19,121,48,28,0,197,40,0,40,237
12/31/2010,GEG,WA,ANM,WE,Combined TRACON& Tower with Radar,96,41,11,0,148,0,4,16,0,20,96,45,27,0,168,0,0,0,168
01/01/2011,GEG,WA,ANM,WE,Combined TRACON& Tower with Radar,83,18,5,0,106,0,1,14,0,15,83,19,19,0,121,14,0,14,135
01/02/2011,GEG,WA,ANM,WE,Combined TRACON& Tower with Radar,106,21,24,0,151,0,2,10,0,12,106,23,34,0,163,24,0,24,187
01/03/2011,GEG,WA,ANM,WE,Combined TRACON& Tower with Radar,109,36,12,10,167,0,1,3,0,4,109,37,15,10,171,10,0,10,181
01/04/2011,GEG,WA,ANM,WE,Combined TRACON& Tower with Radar,110,45,11,9,175,0,3,6,0,9,110,48,17,9,184,4,2,6,190
01/05/2011,GEG,WA,ANM,WE,Combined TRACON& Tower with Radar,104,50,4,19,177,0,1,0,0,1,104,51,4,19,178,6,4,10,188
01/06/2011,GEG,WA,ANM,WE,Combined TRACON& Tower with Radar,101,45,16,7,169,0,0,2,0,2,101,45,18,7,171,0,0,0,171
01/07/2011,GEG,WA,ANM,WE,Combined TRACON& Tower with Radar,100,51,6,11,168,0,0,2,0,2,100,51,8,11,170,0,0,0,170
01/08/2011,GEG,WA,ANM,WE,Combined TRACON& Tower with Radar,82,23,11,4,120,0,0,21,0,21,82,23,32,4,141,44,0,44,185
01/09/2011,GEG,WA,ANM,WE,Combined TRACON& Tower with Radar,87,17,9,1,114,0,0,4,0,4,87,17,13,1,118,14,0,14,132
01/10/2011,GEG,WA,ANM,WE,Combined TRACON& Tower with Radar,98,31,16,4,149,0,4,26,0,30,98,35,42,4,179,34,4,38,217
01/11/2011,GEG,WA,ANM,WE,Combined TRACON& Tower with Radar,122,43,22,7,194,0,3,19,0,22,122,46,41,7,216,22,0,22,238
01/12/2011,GEG,WA,ANM,WE,Combined TRACON& Tower with Radar,112,50,11,7,180,0,0,1,0,1,112,50,12,7,181,0,0,0,181
01/13/2011,GEG,WA,ANM,WE,Combined TRACON& Tower with Radar,108,42,20,17,187,0,3,0,0,3,108,45,20,17,190,0,0,0,190
01/14/2011,GEG,WA,ANM,WE,Combined TRACON& Tower with Radar,101,42,25,9,177,0,3,1,0,4,101,45,26,9,181,0,4,4,185
01/15/2011,GEG,WA,ANM,WE,Combined TRACON& Tower with Radar,73,27,23,3,126,0,0,9,0,9,73,27,32,3,135,10,0,10,145
01/16/2011,GEG,WA,ANM,WE,Combined TRACON& Tower with Radar,88,16,3,0,107,0,0,0,0,0,88,16,3,0,107,0,0,0,107
01/17/2011,GEG,WA,ANM,WE,Combined TRACON& Tower with Radar,96,34,19,0,149,0,2,3,0,5,96,36,22,0,154,0,0,0,154
01/18/2011,GEG,WA,ANM,WE,Combined TRACON& Tower with Radar,106,37,10,1,154,0,2,1,0,3,106,39,11,1,157,20,22,42,199
01/19/2011,GEG,WA,ANM,WE,Combined TRACON& Tower with Radar,107,44,12,24,187,0,4,27,0,31,107,48,39,24,218,0,0,0,218
01/20/2011,GEG,WA,ANM,WE,Combined TRACON& Tower with Radar,108,41,26,17,192,0,3,4,0,7,108,44,30,17,199,0,0,0,199
01/21/2011,GEG,WA,ANM,WE,Combined TRACON& Tower with Radar,104,44,13,2,163,0,2,1,0,3,104,46,14,2,166,0,0,0,166
01/22/2011,GEG,WA,ANM,WE,Combined TRACON& Tower with Radar,71,32,14,2,119,0,1,33,0,34,71,33,47,2,153,56,0,56,209
01/23/2011,GEG,WA,ANM,WE,Combined TRACON& Tower with Radar,90,18,21,2,131,0,1,25,2,28,90,19,46,4,159,8,0,8,167
01/24/2011,GEG,WA,ANM,WE,Combined TRACON& Tower with Radar,94,27,8,0,129,0,0,0,0,0,94,27,8,0,129,0,0,0,129
01/25/2011,GEG,WA,ANM,WE,Combined TRACON& Tower with Radar,105,41,13,3,162,0,0,0,0,0,105,41,13,3,162,0,0,0,162
01/26/2011,GEG,WA,ANM,WE,Combined TRACON& Tower with Radar,108,41,21,18,188,0,5,16,2,23,108,46,37,20,211,16,2,18,229
01/27/2011,GEG,WA,ANM,WE,Combined TRACON& Tower with Radar,112,45,11,24,192,4,4,21,0,29,116,49,32,24,221,22,10,32,253
01/28/2011,GEG,WA,ANM,WE,Combined TRACON& Tower with Radar,101,37,14,22,174,0,6,10,0,16,101,43,24,22,190,10,0,10,200
01/29/2011,GEG,WA,ANM,WE,Combined TRACON& Tower with Radar,74,28,11,1,114,0,0,0,0,0,74,28,11,1,114,0,2,2,116
01/30/2011,GEG,WA,ANM,WE,Combined TRACON& Tower with Radar,93,17,12,1,123,0,0,9,0,9,93,17,21,1,132,0,0,0,132
01/31/2011,GEG,WA,ANM,WE,Combined TRACON& Tower with Radar,97,30,20,24,171,0,4,29,0,33,97,34,49,24,204,34,30,64,268
02/01/2011,GEG,WA,ANM,WE,Combined TRACON& Tower with Radar,109,33,23,27,192,0,9,34,0,43,109,42,57,27,235,22,26,48,283
02/02/2011,GEG,WA,ANM,WE,Combined TRACON& Tower with Radar,110,41,27,20,198,0,5,29,1,35,110,46,56,21,233,36,26,62,295
02/03/2011,GEG,WA,ANM,WE,Combined TRACON& Tower with Radar,108,33,19,16,176,0,3,23,1,27,108,36,42,17,203,8,6,14,217
02/04/2011,GEG,WA,ANM,WE,Combined TRACON& Tower with Radar,102,34,14,7,157,0,3,2,0,5,102,37,16,7,162,40,0,40,202
02/05/2011,GEG,WA,ANM,WE,Combined TRACON& Tower with Radar,71,19,11,0,101,0,2,27,0,29,71,21,38,0,130,0,0,0,130
02/06/2011,GEG,WA,ANM,WE,Combined TRACON& Tower with Radar,92,12,13,4,121,0,0,1,0,1,92,12,14,4,122,6,0,6,128
02/07/2011,GEG,WA,ANM,WE,Combined TRACON& Tower with Radar,95,26,14,64,199,0,3,0,0,3,95,29,14,64,202,0,76,76,278
02/08/2011,GEG,WA,ANM,WE,Combined TRACON& Tower with Radar,106,31,14,22,173,0,4,5,0,9,106,35,19,22,182,6,14,20,202
02/09/2011,GEG,WA,ANM,WE,Combined TRACON& Tower with Radar,119,30,24,27,200,0,5,23,0,28,119,35,47,27,228,8,4,12,240
02/10/2011,GEG,WA,ANM,WE,Combined TRACON& Tower with Radar,106,33,18,36,193,0,6,24,0,30,106,39,42,36,223,16,20,36,259
02/11/2011,GEG,WA,ANM,WE,Combined TRACON& Tower with Radar,100,37,22,21,180,0,4,27,1,32,100,41,49,22,212,48,14,62,274
02/12/2011,GEG,WA,ANM,WE,Combined TRACON& Tower with Radar,71,20,9,0,100,0,1,8,0,9,71,21,17,0,109,4,0,4,113
02/13/2011,GEG,WA,ANM,WE,Combined TRACON& Tower with Radar,95,14,9,5,123,0,0,13,1,14,95,14,22,6,137,0,0,0,137
02/14/2011,GEG,WA,ANM,WE,Combined TRACON& Tower with Radar,97,29,16,25,167,0,2,12,0,14,97,31,28,25,181,8,16,24,205
02/15/2011,GEG,WA,ANM,WE,Combined TRACON& Tower with Radar,106,33,12,33,184,0,2,0,0,2,106,35,12,33,186,36,0,36,222
02/16/2011,GEG,WA,ANM,WE,Combined TRACON& Tower with Radar,107,34,18,25,184,0,0,10,2,12,107,34,28,27,196,34,8,42,238
02/17/2011,GEG,WA,ANM,WE,Combined TRACON& Tower with Radar,106,34,12,34,186,0,4,2,0,6,106,38,14,34,192,18,30,48,240
02/18/2011,GEG,WA,ANM,WE,Combined TRACON& Tower with Radar,100,31,21,6,158,0,5,17,0,22,100,36,38,6,180,32,4,36,216
02/19/2011,GEG,WA,ANM,WE,Combined TRACON& Tower with Radar,81,17,6,1,105,0,3,29,0,32,81,20,35,1,137,38,0,38,175
02/20/2011,GEG,WA,ANM,WE,Combined TRACON& Tower with Radar,86,10,8,1,105,0,0,21,1,22,86,10,29,2,127,26,2,28,155
02/21/2011,GEG,WA,ANM,WE,Combined TRACON& Tower with Radar,96,35,17,0,148,0,4,18,0,22,96,39,35,0,170,64,0,64,234
02/22/2011,GEG,WA,ANM,WE,Combined TRACON& Tower with Radar,106,39,28,22,195,0,3,2,0,5,106,42,30,22,200,0,0,0,200
02/23/2011,GEG,WA,ANM,WE,Combined TRACON& Tower with Radar,115,39,8,4,166,0,0,4,0,4,115,39,12,4,170,0,0,0,170
02/24/2011,GEG,WA,ANM,WE,Combined TRACON& Tower with Radar,105,32,12,18,167,0,4,3,0,7,105,36,15,18,174,4,10,14,188
02/25/2011,GEG,WA,ANM,WE,Combined TRACON& Tower with Radar,101,30,20,9,160,0,5,19,1,25,101,35,39,10,185,14,6,20,205
02/26/2011,GEG,WA,ANM,WE,Combined TRACON& Tower with Radar,71,26,14,22,133,0,1,14,1,16,71,27,28,23,149,12,16,28,177
02/27/2011,GEG,WA,ANM,WE,Combined TRACON& Tower with Radar,91,14,9,2,116,0,0,0,0,0,91,14,9,2,116,0,0,0,116
02/28/2011,GEG,WA,ANM,WE,Combined TRACON& Tower with Radar,100,26,14,12,152,0,2,0,0,2,100,28,14,12,154,0,8,8,162
03/01/2011,GEG,WA,ANM,WE,Combined TRACON& Tower with Radar,108,37,13,14,172,0,0,0,0,0,108,37,13,14,172,0,4,4,176
03/02/2011,GEG,WA,ANM,WE,Combined TRACON& Tower with Radar,107,27,16,18,168,0,3,7,0,10,107,30,23,18,178,38,4,42,220
03/03/2011,GEG,WA,ANM,WE,Combined TRACON& Tower with Radar,106,30,16,6,158,0,4,5,0,9,106,34,21,6,167,0,0,0,167
03/04/2011,GEG,WA,ANM,WE,Combined TRACON& Tower with Radar,103,32,17,15,167,0,4,22,4,30,103,36,39,19,197,12,24,36,233
03/05/2011,GEG,WA,ANM,WE,Combined TRACON& Tower with Radar,77,23,10,6,116,0,0,9,3,12,77,23,19,9,128,0,0,0,128
03/06/2011,GEG,WA,ANM,WE,Combined TRACON& Tower with Radar,94,13,15,4,126,0,0,7,1,8,94,13,22,5,134,12,0,12,146
03/07/2011,GEG,WA,ANM,WE,Combined TRACON& Tower with Radar,95,32,28,40,195,0,5,22,0,27,95,37,50,40,222,76,32,108,330
03/08/2011,GEG,WA,ANM,WE,Combined TRACON& Tower with Radar,104,34,19,15,172,0,1,2,0,3,104,35,21,15,175,0,0,0,175
03/09/2011,GEG,WA,ANM,WE,Combined TRACON& Tower with Radar,103,37,24,32,196,0,3,2,0,5,103,40,26,32,201,0,33,33,234
03/10/2011,GEG,WA,ANM,WE,Combined TRACON& Tower with Radar,103,29,26,23,181,0,3,2,0,5,103,32,28,23,186,10,0,10,196
03/11/2011,GEG,WA,ANM,WE,Combined TRACON& Tower with Radar,98,35,27,29,189,0,3,46,0,49,98,38,73,29,238,62,28,90,328
03/12/2011,GEG,WA,ANM,WE,Combined TRACON& Tower with Radar,82,24,6,0,112,0,0,13,0,13,82,24,19,0,125,36,0,36,161
03/13/2011,GEG,WA,ANM,WE,Combined TRACON& Tower with Radar,87,10,16,2,115,0,0,11,1,12,87,10,27,3,127,8,0,8,135
03/14/2011,GEG,WA,ANM,WE,Combined TRACON& Tower with Radar,87,32,12,20,151,0,5,2,1,8,87,37,14,21,159,0,14,14,173
03/15/2011,GEG,WA,ANM,WE,Combined TRACON& Tower with Radar,101,35,26,48,210,0,1,3,0,4,101,36,29,48,214,10,30,40,254
03/16/2011,GEG,WA,ANM,WE,Combined TRACON& Tower with Radar,104,32,21,37,194,0,4,10,0,14,104,36,31,37,208,22,50,72,280
03/17/2011,GEG,WA,ANM,WE,Combined TRACON& Tower with Radar,104,33,24,34,195,0,5,16,0,21,104,38,40,34,216,0,0,0,216
03/18/2011,GEG,WA,ANM,WE,Combined TRACON& Tower with Radar,93,32,24,36,185,0,4,24,0,28,93,36,48,36,213,68,54,122,335
03/19/2011,GEG,WA,ANM,WE,Combined TRACON& Tower with Radar,82,20,9,0,111,0,2,10,0,12,82,22,19,0,123,22,0,22,145
03/20/2011,GEG,WA,ANM,WE,Combined TRACON& Tower with Radar,90,31,9,4,134,0,0,11,0,11,90,31,20,4,145,60,0,60,205
03/21/2011,GEG,WA,ANM,WE,Combined TRACON& Tower with Radar,96,34,25,24,179,0,0,1,0,1,96,34,26,24,180,2,10,12,192
03/22/2011,GEG,WA,ANM,WE,Combined TRACON& Tower with Radar,102,34,20,24,180,0,4,13,0,17,102,38,33,24,197,20,4,24,221
03/23/2011,GEG,WA,ANM,WE,Combined TRACON& Tower with Radar,115,34,32,13,194,0,4,48,0,52,115,38,80,13,246,96,16,112,358
03/24/2011,GEG,WA,ANM,WE,Combined TRACON& Tower with Radar,107,38,21,22,188,0,3,10,2,15,107,41,31,24,203,72,22,94,297
03/25/2011,GEG,WA,ANM,WE,Combined TRACON& Tower with Radar,94,35,16,29,174,0,3,11,0,14,94,38,27,29,188,10,20,30,218
03/26/2011,GEG,WA,ANM,WE,Combined TRACON& Tower with Radar,67,22,6,10,105,0,0,21,2,23,67,22,27,12,128,24,24,48,176
03/27/2011,GEG,WA,ANM,WE,Combined TRACON& Tower with Radar,93,14,11,13,131,0,0,3,0,3,93,14,14,13,134,22,18,40,174
03/28/2011,GEG,WA,ANM,WE,Combined TRACON& Tower with Radar,92,36,28,30,186,0,3,3,0,6,92,39,31,30,192,8,32,40,232
03/29/2011,GEG,WA,ANM,WE,Combined TRACON& Tower with Radar,101,35,18,31,185,0,2,3,2,7,101,37,21,33,192,0,26,26,218
03/30/2011,GEG,WA,ANM,WE,Combined TRACON& Tower with Radar,105,40,23,40,208,0,2,2,2,6,105,42,25,42,214,18,34,52,266
03/31/2011,GEG,WA,ANM,WE,Combined TRACON& Tower with Radar,102,34,18,11,165,0,3,6,1,10,102,37,24,12,175,2,2,4,179
04/01/2011,GEG,WA,ANM,WE,Combined TRACON& Tower with Radar,94,32,22,16,164,0,3,29,1,33,94,35,51,17,197,46,18,64,261
04/02/2011,GEG,WA,ANM,WE,Combined TRACON& Tower with Radar,80,25,9,0,114,0,0,3,0,3,80,25,12,0,117,32,0,32,149
04/03/2011,GEG,WA,ANM,WE,Combined TRACON& Tower with Radar,85,14,16,6,121,0,1,22,0,23,85,15,38,6,144,2,0,2,146
04/04/2011,GEG,WA,ANM,WE,Combined TRACON& Tower with Radar,88,35,25,13,161,0,0,11,1,12,88,35,36,14,173,30,0,30,203
04/05/2011,GEG,WA,ANM,WE,Combined TRACON& Tower with Radar,108,45,17,22,192,0,2,9,3,14,108,47,26,25,206,10,16,26,232
04/06/2011,GEG,WA,ANM,WE,Combined TRACON& Tower with Radar,97,32,30,48,207,0,4,7,0,11,97,36,37,48,218,24,76,100,318
04/07/2011,GEG,WA,ANM,WE,Combined TRACON& Tower with Radar,101,32,36,24,193,0,5,11,0,16,101,37,47,24,209,10,16,26,235
04/08/2011,GEG,WA,ANM,WE,Combined TRACON& Tower with Radar,95,32,23,14,164,0,4,43,0,47,95,36,66,14,211,24,8,32,243
04/09/2011,GEG,WA,ANM,WE,Combined TRACON& Tower with Radar,83,17,11,8,119,0,0,29,0,29,83,17,40,8,148,26,2,28,176
04/10/2011,GEG,WA,ANM,WE,Combined TRACON& Tower with Radar,86,17,17,2,122,0,0,5,0,5,86,17,22,2,127,22,0,22,149
04/11/2011,GEG,WA,ANM,WE,Combined TRACON& Tower with Radar,91,23,18,21,153,0,5,4,0,9,91,28,22,21,162,4,16,20,182
04/12/2011,GEG,WA,ANM,WE,Combined TRACON& Tower with Radar,102,33,19,21,175,0,4,31,0,35,102,37,50,21,210,28,20,48,258
04/13/2011,GEG,WA,ANM,WE,Combined TRACON& Tower with Radar,98,57,22,10,187,0,1,15,0,16,98,58,37,10,203,30,2,32,235
04/14/2011,GEG,WA,ANM,WE,Combined TRACON& Tower with Radar,107,35,35,27,204,0,3,11,1,15,107,38,46,28,219,0,0,0,219
04/15/2011,GEG,WA,ANM,WE,Combined TRACON& Tower with Radar,95,33,16,18,162,0,0,2,0,2,95,33,18,18,164,10,6,16,180
04/16/2011,GEG,WA,ANM,WE,Combined TRACON& Tower with Radar,82,20,2,6,110,0,0,4,1,5,82,20,6,7,115,0,12,12,127
04/17/2011,GEG,WA,ANM,WE,Combined TRACON& Tower with Radar,82,20,14,4,120,1,0,23,0,24,83,20,37,4,144,44,0,44,188
04/18/2011,GEG,WA,ANM,WE,Combined TRACON& Tower with Radar,99,31,16,30,176,0,4,12,0,16,99,35,28,30,192,24,34,58,250
04/19/2011,GEG,WA,ANM,WE,Combined TRACON& Tower with Radar,97,32,18,25,172,0,3,25,0,28,97,35,43,25,200,0,0,0,200
04/20/2011,GEG,WA,ANM,WE,Combined TRACON& Tower with Radar,109,30,23,35,197,0,2,60,0,62,109,32,83,35,259,50,44,94,353
04/21/2011,GEG,WA,ANM,WE,Combined TRACON& Tower with Radar,102,33,13,27,175,0,3,4,0,7,102,36,17,27,182,0,6,6,188
04/22/2011,GEG,WA,ANM,WE,Combined TRACON& Tower with Radar,97,34,10,7,148,0,4,38,0,42,97,38,48,7,190,0,0,0,190
04/23/2011,GEG,WA,ANM,WE,Combined TRACON& Tower with Radar,85,15,10,1,111,0,1,59,0,60,85,16,69,1,171,46,0,46,217
04/24/2011,GEG,WA,ANM,WE,Combined TRACON& Tower with Radar,87,11,2,0,100,0,2,13,0,15,87,13,15,0,115,0,0,0,115
04/25/2011,GEG,WA,ANM,WE,Combined TRACON& Tower with Radar,89,32,23,8,152,0,0,7,0,7,89,32,30,8,159,10,0,10,169
04/26/2011,GEG,WA,ANM,WE,Combined TRACON& Tower with Radar,99,30,16,16,161,0,3,4,0,7,99,33,20,16,168,14,0,14,182
04/27/2011,GEG,WA,ANM,WE,Combined TRACON& Tower with Radar,102,36,27,12,177,0,2,17,0,19,102,38,44,12,196,20,14,34,230
04/28/2011,GEG,WA,ANM,WE,Combined TRACON& Tower with Radar,103,35,28,19,185,0,4,13,1,18,103,39,41,20,203,22,36,58,261
04/29/2011,GEG,WA,ANM,WE,Combined TRACON& Tower with Radar,96,34,19,28,177,0,5,10,0,15,96,39,29,28,192,0,0,0,192
04/30/2011,GEG,WA,ANM,WE,Combined TRACON& Tower with Radar,82,22,7,0,111,0,2,22,0,24,82,24,29,0,135,8,0,8,143
05/01/2011,GEG,WA,ANM,WE,Combined TRACON& Tower with Radar,91,15,4,4,114,0,2,28,0,30,91,17,32,4,144,12,0,12,156
05/02/2011,GEG,WA,ANM,WE,Combined TRACON& Tower with Radar,91,32,22,15,160,0,4,26,0,30,91,36,48,15,190,52,18,70,260
05/03/2011,GEG,WA,ANM,WE,Combined TRACON& Tower with Radar,101,30,18,26,175,0,4,12,4,20,101,34,30,30,195,46,34,80,275
05/04/2011,GEG,WA,ANM,WE,Combined TRACON& Tower with Radar,100,32,13,9,154,0,6,41,5,52,100,38,54,14,206,8,4,12,218
05/05/2011,GEG,WA,ANM,WE,Combined TRACON& Tower with Radar,101,37,9,16,163,0,2,26,0,28,101,39,35,16,191,64,10,74,265
05/06/2011,GEG,WA,ANM,WE,Combined TRACON& Tower with Radar,97,34,27,13,171,0,0,14,7,21,97,34,41,20,192,14,4,18,210
05/07/2011,GEG,WA,ANM,WE,Combined TRACON& Tower with Radar,84,18,5,2,109,0,1,9,0,10,84,19,14,2,119,0,0,0,119
05/08/2011,GEG,WA,ANM,WE,Combined TRACON& Tower with Radar,91,12,9,2,114,0,0,5,0,5,91,12,14,2,119,12,0,12,131
05/09/2011,GEG,WA,ANM,WE,Combined TRACON& Tower with Radar,92,29,18,12,151,0,4,34,0,38,92,33,52,12,189,48,22,70,259
05/10/2011,GEG,WA,ANM,WE,Combined TRACON& Tower with Radar,101,37,18,17,173,0,4,43,0,47,101,41,61,17,220,26,8,34,254
05/11/2011,GEG,WA,ANM,WE,Combined TRACON& Tower with Radar,98,33,28,5,164,0,3,54,1,58,98,36,82,6,222,54,0,54,276
05/12/2011,GEG,WA,ANM,WE,Combined TRACON& Tower with Radar,107,37,25,21,190,0,4,29,2,35,107,41,54,23,225,66,14,80,305
05/13/2011,GEG,WA,ANM,WE,Combined TRACON& Tower with Radar,96,30,15,12,153,0,4,38,0,42,96,34,53,12,195,22,2,24,219
05/14/2011,GEG,WA,ANM,WE,Combined TRACON& Tower with Radar,79,17,4,4,104,0,0,10,1,11,79,17,14,5,115,0,0,0,115
05/15/2011,GEG,WA,ANM,WE,Combined TRACON& Tower with Radar,86,15,5,7,113,0,2,6,0,8,86,17,11,7,121,6,0,6,127
05/16/2011,GEG,WA,ANM,WE,Combined TRACON& Tower with Radar,89,27,24,4,144,0,3,2,0,5,89,30,26,4,149,4,0,4,153
05/17/2011,GEG,WA,ANM,WE,Combined TRACON& Tower with Radar,101,38,20,10,169,0,6,20,0,26,101,44,40,10,195,4,4,8,203
05/18/2011,GEG,WA,ANM,WE,Combined TRACON& Tower with Radar,102,38,18,4,162,0,4,48,0,52,102,42,66,4,214,46,4,50,264
05/19/2011,GEG,WA,ANM,WE,Combined TRACON& Tower with Radar,102,36,15,4,157,0,5,48,0,53,102,41,63,4,210,10,0,10,220
05/20/2011,GEG,WA,ANM,WE,Combined TRACON& Tower with Radar,96,36,15,13,160,0,2,51,1,54,96,38,66,14,214,54,8,62,276
05/21/2011,GEG,WA,ANM,WE,Combined TRACON& Tower with Radar,80,20,7,1,108,0,0,39,2,41,80,20,46,3,149,16,0,16,165
05/22/2011,GEG,WA,ANM,WE,Combined TRACON& Tower with Radar,91,11,5,3,110,0,1,13,0,14,91,12,18,3,124,18,0,18,142
05/23/2011,GEG,WA,ANM,WE,Combined TRACON& Tower with Radar,91,28,27,9,155,0,5,35,0,40,91,33,62,9,195,98,0,98,293
05/24/2011,GEG,WA,ANM,WE,Combined TRACON& Tower with Radar,101,29,25,5,160,0,4,5,1,10,101,33,30,6,170,10,0,10,180
05/25/2011,GEG,WA,ANM,WE,Combined TRACON& Tower with Radar,97,35,21,6,159,0,2,15,0,17,97,37,36,6,176,18,10,28,204
05/26/2011,GEG,WA,ANM,WE,Combined TRACON& Tower with Radar,104,33,16,9,162,0,3,11,0,14,104,36,27,9,176,0,0,0,176
05/27/2011,GEG,WA,ANM,WE,Combined TRACON& Tower with Radar,96,34,27,3,160,0,5,14,0,19,96,39,41,3,179,36,0,36,215
05/28/2011,GEG,WA,ANM,WE,Combined TRACON& Tower with Radar,69,24,7,1,101,0,3,15,2,20,69,27,22,3,121,32,0,32,153
05/29/2011,GEG,WA,ANM,WE,Combined TRACON& Tower with Radar,69,8,7,0,84,0,0,31,0,31,69,8,38,0,115,12,0,12,127
05/30/2011,GEG,WA,ANM,WE,Combined TRACON& Tower with Radar,87,12,17,2,118,0,2,15,0,17,87,14,32,2,135,12,0,12,147
05/31/2011,GEG,WA,ANM,WE,Combined TRACON& Tower with Radar,90,26,26,3,145,0,4,20,0,24,90,30,46,3,169,0,4,4,173
06/01/2011,GEG,WA,ANM,WE,Combined TRACON& Tower with Radar,102,34,21,2,159,0,4,8,0,12,102,38,29,2,171,10,0,10,181
06/02/2011,GEG,WA,ANM,WE,Combined TRACON& Tower with Radar,103,35,20,8,166,0,4,0,0,4,103,39,20,8,170,6,0,6,176
06/03/2011,GEG,WA,ANM,WE,Combined TRACON& Tower with Radar,96,31,15,6,148,0,4,46,7,57,96,35,61,13,205,50,2,52,257
06/04/2011,GEG,WA,ANM,WE,Combined TRACON& Tower with Radar,79,17,14,4,114,0,0,56,1,57,79,17,70,5,171,29,0,29,200
06/05/2011,GEG,WA,ANM,WE,Combined TRACON& Tower with Radar,90,13,12,2,117,0,0,40,0,40,90,13,52,2,157,34,0,34,191
06/06/2011,GEG,WA,ANM,WE,Combined TRACON& Tower with Radar,92,29,13,10,144,0,4,23,2,29,92,33,36,12,173,18,6,24,197
06/07/2011,GEG,WA,ANM,WE,Combined TRACON& Tower with Radar,98,30,14,6,148,0,4,16,2,22,98,34,30,8,170,28,0,28,198
06/08/2011,GEG,WA,ANM,WE,Combined TRACON& Tower with Radar,105,35,23,18,181,0,3,23,1,27,105,38,46,19,208,20,16,36,244
06/09/2011,GEG,WA,ANM,WE,Combined TRACON& Tower with Radar,119,28,41,10,198,0,5,70,0,75,119,33,111,10,273,86,6,92,365
06/10/2011,GEG,WA,ANM,WE,Combined TRACON& Tower with Radar,107,29,25,9,170,0,5,60,1,66,107,34,85,10,236,68,6,74,310
06/11/2011,GEG,WA,ANM,WE,Combined TRACON& Tower with Radar,95,23,21,0,139,0,0,60,0,60,95,23,81,0,199,8,0,8,207
06/12/2011,GEG,WA,ANM,WE,Combined TRACON& Tower with Radar,104,10,18,2,134,0,1,64,0,65,104,11,82,2,199,54,0,54,253
06/13/2011,GEG,WA,ANM,WE,Combined TRACON& Tower with Radar,107,22,20,3,152,0,6,7,0,13,107,28,27,3,165,0,12,12,177
06/14/2011,GEG,WA,ANM,WE,Combined TRACON& Tower with Radar,112,29,19,12,172,0,5,42,0,47,112,34,61,12,219,64,0,64,283
06/15/2011,GEG,WA,ANM,WE,Combined TRACON& Tower with Radar,110,30,15,13,168,0,2,19,0,21,110,32,34,13,189,20,10,30,219
06/16/2011,GEG,WA,ANM,WE,Combined TRACON& Tower with Radar,112,29,23,12,176,0,1,33,0,34,112,30,56,12,210,46,4,50,260
06/17/2011,GEG,WA,ANM,WE,Combined TRACON& Tower with Radar,102,34,21,8,165,0,1,40,1,42,102,35,61,9,207,68,4,72,279
06/18/2011,GEG,WA,ANM,WE,Combined TRACON& Tower with Radar,102,20,7,0,129,0,0,14,0,14,102,20,21,0,143,16,0,16,159
06/19/2011,GEG,WA,ANM,WE,Combined TRACON& Tower with Radar,101,10,17,0,128,0,0,19,0,19,101,10,36,0,147,6,0,6,153
06/20/2011,GEG,WA,ANM,WE,Combined TRACON& Tower with Radar,99,25,36,11,171,0,5,26,0,31,99,30,62,11,202,28,2,30,232
06/21/2011,GEG,WA,ANM,WE,Combined TRACON& Tower with Radar,112,28,17,10,167,0,6,54,0,60,112,34,71,10,227,28,34,62,289
06/22/2011,GEG,WA,ANM,WE,Combined TRACON& Tower with Radar,111,29,25,33,198,0,3,57,1,61,111,32,82,34,259,50,72,122,381
06/23/2011,GEG,WA,ANM,WE,Combined TRACON& Tower with Radar,113,27,20,4,164,0,3,30,1,34,113,30,50,5,198,12,0,12,210
06/24/2011,GEG,WA,ANM,WE,Combined TRACON& Tower with Radar,105,35,29,5,174,0,2,40,3,45,105,37,69,8,219,22,0,22,241
06/25/2011,GEG,WA,ANM,WE,Combined TRACON& Tower with Radar,97,18,13,0,128,0,1,25,2,28,97,19,38,2,156,22,14,36,192
06/26/2011,GEG,WA,ANM,WE,Combined TRACON& Tower with Radar,101,14,18,4,137,0,0,34,1,35,101,14,52,5,172,12,4,16,188
06/27/2011,GEG,WA,ANM,WE,Combined TRACON& Tower with Radar,103,21,26,1,151,0,4,21,0,25,103,25,47,1,176,46,0,46,222
06/28/2011,GEG,WA,ANM,WE,Combined TRACON& Tower with Radar,110,34,23,17,184,0,7,43,1,51,110,41,66,18,235,32,20,52,287
06/29/2011,GEG,WA,ANM,WE,Combined TRACON& Tower with Radar,111,31,13,7,162,0,4,30,5,39,111,35,43,12,201,22,24,46,247
06/30/2011,GEG,WA,ANM,WE,Combined TRACON& Tower with Radar,110,31,27,0,168,0,4,40,0,44,110,35,67,0,212,52,0,52,264
07/01/2011,GEG,WA,ANM,WE,Combined TRACON& Tower with Radar,110,36,30,4,180,0,6,51,2,59,110,42,81,6,239,46,0,46,285
07/02/2011,GEG,WA,ANM,WE,Combined TRACON& Tower with Radar,95,18,29,0,142,0,1,38,0,39,95,19,67,0,181,30,0,30,211
07/03/2011,GEG,WA,ANM,WE,Combined TRACON& Tower with Radar,76,7,13,0,96,0,0,16,0,16,76,7,29,0,112,6,0,6,118
07/04/2011,GEG,WA,ANM,WE,Combined TRACON& Tower with Radar,90,7,18,0,115,0,4,20,0,24,90,11,38,0,139,8,0,8,147
07/05/2011,GEG,WA,ANM,WE,Combined TRACON& Tower with Radar,105,25,29,2,161,0,13,37,2,52,105,38,66,4,213,26,0,26,239
07/06/2011,GEG,WA,ANM,WE,Combined TRACON& Tower with Radar,113,31,25,1,170,0,5,43,3,51,113,36,68,4,221,0,0,0,221
07/07/2011,GEG,WA,ANM,WE,Combined TRACON& Tower with Radar,113,29,23,1,166,0,10,34,2,46,113,39,57,3,212,39,0,39,251
07/08/2011,GEG,WA,ANM,WE,Combined TRACON& Tower with Radar,103,26,24,7,160,0,5,41,0,46,103,31,65,7,206,42,0,42,248
07/09/2011,GEG,WA,ANM,WE,Combined TRACON& Tower with Radar,101,19,20,0,140,0,2,47,0,49,101,21,67,0,189,22,0,22,211
07/10/2011,GEG,WA,ANM,WE,Combined TRACON& Tower with Radar,101,8,26,5,140,0,4,33,2,39,101,12,59,7,179,18,0,18,197
07/11/2011,GEG,WA,ANM,WE,Combined TRACON& Tower with Radar,102,27,24,2,155,0,4,27,2,33,102,31,51,4,188,4,0,4,192
07/12/2011,GEG,WA,ANM,WE,Combined TRACON& Tower with Radar,111,30,9,5,155,0,3,17,0,20,111,33,26,5,175,0,0,0,175
07/13/2011,GEG,WA,ANM,WE,Combined TRACON& Tower with Radar,112,28,20,2,162,0,4,9,0,13,112,32,29,2,175,26,0,26,201
07/14/2011,GEG,WA,ANM,WE,Combined TRACON& Tower with Radar,114,35,15,8,172,0,3,39,1,43,114,38,54,9,215,54,20,74,289
07/15/2011,GEG,WA,ANM,WE,Combined TRACON& Tower with Radar,105,33,23,2,163,0,3,32,1,36,105,36,55,3,199,30,0,30,229
07/16/2011,GEG,WA,ANM,WE,Combined TRACON& Tower with Radar,96,18,6,2,122,0,1,16,0,17,96,19,22,2,139,46,0,46,185
07/17/2011,GEG,WA,ANM,WE,Combined TRACON& Tower with Radar,101,9,13,0,123,0,0,27,0,27,101,9,40,0,150,16,0,16,166
07/18/2011,GEG,WA,ANM,WE,Combined TRACON& Tower with Radar,99,27,15,5,146,0,5,24,1,30,99,32,39,6,176,6,0,6,182
07/19/2011,GEG,WA,ANM,WE,Combined TRACON& Tower with Radar,109,29,17,3,158,0,3,23,1,27,109,32,40,4,185,38,0,38,223
07/20/2011,GEG,WA,ANM,WE,Combined TRACON& Tower with Radar,111,31,20,5,167,0,6,45,0,51,111,37,65,5,218,36,0,36,254
07/21/2011,GEG,WA,ANM,WE,Combined TRACON& Tower with Radar,109,30,14,1,154,0,4,28,1,33,109,34,42,2,187,8,0,8,195
07/22/2011,GEG,WA,ANM,WE,Combined TRACON& Tower with Radar,108,29,24,4,165,0,6,27,0,33,108,35,51,4,198,4,2,6,204
07/23/2011,GEG,WA,ANM,WE,Combined TRACON& Tower with Radar,98,19,13,2,132,0,0,37,0,37,98,19,50,2,169,6,0,6,175
07/24/2011,GEG,WA,ANM,WE,Combined TRACON& Tower with Radar,104,11,10,1,126,0,0,35,0,35,104,11,45,1,161,24,0,24,185
07/25/2011,GEG,WA,ANM,WE,Combined TRACON& Tower with Radar,103,27,13,1,144,0,4,22,0,26,103,31,35,1,170,24,0,24,194
07/26/2011,GEG,WA,ANM,WE,Combined TRACON& Tower with Radar,110,28,11,19,168,0,4,24,2,30,110,32,35,21,198,50,32,82,280
07/27/2011,GEG,WA,ANM,WE,Combined TRACON& Tower with Radar,118,25,20,0,163,0,4,41,6,51,118,29,61,6,214,14,4,18,232
07/28/2011,GEG,WA,ANM,WE,Combined TRACON& Tower with Radar,113,35,10,4,162,0,7,37,0,44,113,42,47,4,206,28,2,30,236
07/29/2011,GEG,WA,ANM,WE,Combined TRACON& Tower with Radar,105,33,18,4,160,0,5,49,0,54,105,38,67,4,214,16,4,20,234
07/30/2011,GEG,WA,ANM,WE,Combined TRACON& Tower with Radar,100,21,12,3,136,0,0,24,0,24,100,21,36,3,160,10,0,10,170
07/31/2011,GEG,WA,ANM,WE,Combined TRACON& Tower with Radar,100,15,11,2,128,0,1,24,0,25,100,16,35,2,153,6,0,6,159
08/01/2011,GEG,WA,ANM,WE,Combined TRACON& Tower with Radar,102,25,21,4,152,0,5,35,1,41,102,30,56,5,193,26,8,34,227
08/02/2011,GEG,WA,ANM,WE,Combined TRACON& Tower with Radar,114,34,7,1,156,0,4,26,0,30,114,38,33,1,186,10,0,10,196
08/03/2011,GEG,WA,ANM,WE,Combined TRACON& Tower with Radar,110,28,24,0,162,0,5,32,0,37,110,33,56,0,199,24,0,24,223
08/04/2011,GEG,WA,ANM,WE,Combined TRACON& Tower with Radar,112,29,28,0,169,0,5,36,0,41,112,34,64,0,210,16,0,16,226
08/05/2011,GEG,WA,ANM,WE,Combined TRACON& Tower with Radar,107,29,18,4,158,0,4,27,0,31,107,33,45,4,189,8,0,8,197
08/06/2011,GEG,WA,ANM,WE,Combined TRACON& Tower with Radar,97,18,15,0,130,0,2,45,0,47,97,20,60,0,177,24,0,24,201
08/07/2011,GEG,WA,ANM,WE,Combined TRACON& Tower with Radar,102,12,9,4,127,0,3,41,1,45,102,15,50,5,172,0,0,0,172
08/08/2011,GEG,WA,ANM,WE,Combined TRACON& Tower with Radar,103,25,20,1,149,0,5,40,0,45,103,30,60,1,194,2,0,2,196
08/09/2011,GEG,WA,ANM,WE,Combined TRACON& Tower with Radar,109,34,28,8,179,0,13,48,0,61,109,47,76,8,240,32,8,40,280
08/10/2011,GEG,WA,ANM,WE,Combined TRACON& Tower with Radar,112,33,26,4,175,0,2,47,0,49,112,35,73,4,224,34,0,34,258
08/11/2011,GEG,WA,ANM,WE,Combined TRACON& Tower with Radar,113,28,33,11,185,0,4,68,2,74,113,32,101,13,259,50,12,62,321
08/12/2011,GEG,WA,ANM,WE,Combined TRACON& Tower with Radar,107,29,27,0,163,0,5,63,0,68,107,34,90,0,231,14,4,18,249
08/13/2011,GEG,WA,ANM,WE,Combined TRACON& Tower with Radar,98,19,3,0,120,0,0,35,0,35,98,19,38,0,155,14,0,14,169
08/14/2011,GEG,WA,ANM,WE,Combined TRACON& Tower with Radar,104,10,15,1,130,0,0,24,0,24,104,10,39,1,154,8,0,8,162
08/15/2011,GEG,WA,ANM,WE,Combined TRACON& Tower with Radar,100,25,20,9,154,0,4,33,0,37,100,29,53,9,191,10,10,20,211
08/16/2011,GEG,WA,ANM,WE,Combined TRACON& Tower with Radar,109,25,13,6,153,0,5,36,0,41,109,30,49,6,194,42,10,52,246
08/17/2011,GEG,WA,ANM,WE,Combined TRACON& Tower with Radar,109,28,31,3,171,0,4,44,1,49,109,32,75,4,220,20,0,20,240
08/18/2011,GEG,WA,ANM,WE,Combined TRACON& Tower with Radar,111,31,26,10,178,0,4,51,0,55,111,35,77,10,233,32,16,48,281
08/19/2011,GEG,WA,ANM,WE,Combined TRACON& Tower with Radar,104,25,18,3,150,0,5,48,0,53,104,30,66,3,203,18,0,18,221
08/20/2011,GEG,WA,ANM,WE,Combined TRACON& Tower with Radar,92,23,9,0,124,0,0,45,0,45,92,23,54,0,169,20,0,20,189
08/21/2011,GEG,WA,ANM,WE,Combined TRACON& Tower with Radar,101,10,6,1,118,0,0,35,5,40,101,10,41,6,158,26,4,30,188
08/22/2011,GEG,WA,ANM,WE,Combined TRACON& Tower with Radar,100,22,26,17,165,0,2,26,0,28,100,24,52,17,193,0,26,26,219
08/23/2011,GEG,WA,ANM,WE,Combined TRACON& Tower with Radar,105,31,15,0,151,0,4,23,2,29,105,35,38,2,180,0,0,0,180
08/24/2011,GEG,WA,ANM,WE,Combined TRACON& Tower with Radar,111,26,19,0,156,0,7,45,0,52,111,33,64,0,208,30,0,30,238
08/25/2011,GEG,WA,ANM,WE,Combined TRACON& Tower with Radar,112,27,17,4,160,0,4,39,0,43,112,31,56,4,203,38,0,38,241
08/26/2011,GEG,WA,ANM,WE,Combined TRACON& Tower with Radar,104,29,26,6,165,0,5,36,0,41,104,34,62,6,206,28,0,28,234
08/27/2011,GEG,WA,ANM,WE,Combined TRACON& Tower with Radar,90,24,10,1,125,0,0,24,0,24,90,24,34,1,149,42,0,42,191
08/28/2011,GEG,WA,ANM,WE,Combined TRACON& Tower with Radar,102,7,22,0,131,0,0,25,0,25,102,7,47,0,156,28,0,28,184
08/29/2011,GEG,WA,ANM,WE,Combined TRACON& Tower with Radar,98,26,27,1,152,0,5,35,0,40,98,31,62,1,192,42,0,42,234
08/30/2011,GEG,WA,ANM,WE,Combined TRACON& Tower with Radar,108,30,12,6,156,0,5,24,0,29,108,35,36,6,185,6,2,8,193
08/31/2011,GEG,WA,ANM,WE,Combined TRACON& Tower with Radar,107,24,21,2,154,0,4,19,1,24,107,28,40,3,178,16,26,42,220
09/01/2011,GEG,WA,ANM,WE,Combined TRACON& Tower with Radar,108,26,23,2,159,0,4,40,1,45,108,30,63,3,204,58,56,114,318
09/02/2011,GEG,WA,ANM,WE,Combined TRACON& Tower with Radar,102,29,20,0,151,0,3,35,0,38,102,32,55,0,189,51,0,51,240
09/03/2011,GEG,WA,ANM,WE,Combined TRACON& Tower with Radar,72,17,10,0,99,0,5,27,0,32,72,22,37,0,131,6,0,6,137
09/04/2011,GEG,WA,ANM,WE,Combined TRACON& Tower with Radar,72,6,5,0,83,0,1,25,0,26,72,7,30,0,109,10,0,10,119
09/05/2011,GEG,WA,ANM,WE,Combined TRACON& Tower with Radar,94,8,9,2,113,0,0,36,0,36,94,8,45,2,149,10,0,10,159
09/06/2011,GEG,WA,ANM,WE,Combined TRACON& Tower with Radar,98,21,16,32,167,0,5,51,0,56,98,26,67,32,223,46,92,138,361
09/07/2011,GEG,WA,ANM,WE,Combined TRACON& Tower with Radar,107,24,18,11,160,0,4,43,1,48,107,28,61,12,208,32,70,102,310
09/08/2011,GEG,WA,ANM,WE,Combined TRACON& Tower with Radar,109,21,14,15,159,0,5,34,3,42,109,26,48,18,201,42,44,86,287
09/09/2011,GEG,WA,ANM,WE,Combined TRACON& Tower with Radar,106,27,17,16,166,0,4,45,1,50,106,31,62,17,216,30,30,60,276
09/10/2011,GEG,WA,ANM,WE,Combined TRACON& Tower with Radar,88,11,4,0,103,0,4,30,1,35,88,15,34,1,138,16,0,16,154
09/11/2011,GEG,WA,ANM,WE,Combined TRACON& Tower with Radar,101,6,19,11,137,0,3,35,0,38,101,9,54,11,175,22,0,22,197
09/12/2011,GEG,WA,ANM,WE,Combined TRACON& Tower with Radar,100,21,27,11,159,0,5,46,4,55,100,26,73,15,214,72,54,126,340
09/13/2011,GEG,WA,ANM,WE,Combined TRACON& Tower with Radar,105,28,14,7,154,0,4,32,1,37,105,32,46,8,191,24,56,80,271
09/14/2011,GEG,WA,ANM,WE,Combined TRACON& Tower with Radar,107,33,28,6,174,0,2,35,1,38,107,35,63,7,212,32,6,38,250
09/15/2011,GEG,WA,ANM,WE,Combined TRACON& Tower with Radar,109,32,20,10,171,0,3,34,6,43,109,35,54,16,214,46,12,58,272
09/16/2011,GEG,WA,ANM,WE,Combined TRACON& Tower with Radar,102,32,17,8,159,0,4,35,1,40,102,36,52,9,199,22,14,36,235
09/17/2011,GEG,WA,ANM,WE,Combined TRACON& Tower with Radar,89,16,20,0,125,0,1,23,0,24,89,17,43,0,149,14,0,14,163
09/18/2011,GEG,WA,ANM,WE,Combined TRACON& Tower with Radar,97,9,4,0,110,0,0,4,0,4,97,9,8,0,114,0,0,0,114
09/19/2011,GEG,WA,ANM,WE,Combined TRACON& Tower with Radar,98,27,22,36,183,0,5,31,4,40,98,32,53,40,223,50,20,70,293
09/20/2011,GEG,WA,ANM,WE,Combined TRACON& Tower with Radar,108,31,11,3,153,0,5,26,1,32,108,36,37,4,185,28,46,74,259
09/21/2011,GEG,WA,ANM,WE,Combined TRACON& Tower with Radar,105,25,6,3,139,0,3,36,1,40,105,28,42,4,179,22,28,50,229
09/22/2011,GEG,WA,ANM,WE,Combined TRACON& Tower with Radar,108,24,14,6,152,0,3,23,1,27,108,27,37,7,179,42,4,46,225
09/23/2011,GEG,WA,ANM,WE,Combined TRACON& Tower with Radar,105,24,18,11,158,0,7,30,0,37,105,31,48,11,195,16,10,26,221
09/24/2011,GEG,WA,ANM,WE,Combined TRACON& Tower with Radar,87,15,15,2,119,0,0,29,0,29,87,15,44,2,148,24,0,24,172
09/25/2011,GEG,WA,ANM,WE,Combined TRACON& Tower with Radar,101,8,15,3,127,0,0,8,0,8,101,8,23,3,135,0,0,0,135
09/26/2011,GEG,WA,ANM,WE,Combined TRACON& Tower with Radar,98,21,26,16,161,0,5,18,1,24,98,26,44,17,185,28,36,64,249
09/27/2011,GEG,WA,ANM,WE,Combined TRACON& Tower with Radar,112,31,20,9,172,0,2,11,1,14,112,33,31,10,186,20,24,44,230
09/28/2011,GEG,WA,ANM,WE,Combined TRACON& Tower with Radar,103,27,21,21,172,0,2,26,3,31,103,29,47,24,203,54,58,112,315
09/29/2011,GEG,WA,ANM,WE,Combined TRACON& Tower with Radar,108,27,14,26,175,0,3,39,1,43,108,30,53,27,218,18,30,48,266
09/30/2011,GEG,WA,ANM,WE,Combined TRACON& Tower with Radar,106,22,20,15,163,0,2,47,1,50,106,24,67,16,213,32,14,46,259
10/01/2011,GEG,WA,ANM,WE,Combined TRACON& Tower with Radar,87,18,7,4,116,0,1,31,0,32,87,19,38,4,148,16,0,16,164
10/02/2011,GEG,WA,ANM,WE,Combined TRACON& Tower with Radar,97,5,16,4,122,0,2,22,0,24,97,7,38,4,146,20,0,20,166
10/03/2011,GEG,WA,ANM,WE,Combined TRACON& Tower with Radar,96,23,20,6,145,0,2,31,1,34,96,25,51,7,179,84,46,130,309
10/04/2011,GEG,WA,ANM,WE,Combined TRACON& Tower with Radar,102,27,24,18,171,0,3,7,0,10,102,30,31,18,181,34,0,34,215
10/05/2011,GEG,WA,ANM,WE,Combined TRACON& Tower with Radar,104,35,23,16,178,0,2,5,0,7,104,37,28,16,185,6,2,8,193
10/06/2011,GEG,WA,ANM,WE,Combined TRACON& Tower with Radar,116,25,9,1,151,0,0,0,0,0,116,25,9,1,151,70,0,70,221
10/07/2011,GEG,WA,ANM,WE,Combined TRACON& Tower with Radar,100,31,23,8,162,0,3,37,3,43,100,34,60,11,205,82,38,120,325
10/08/2011,GEG,WA,ANM,WE,Combined TRACON& Tower with Radar,85,18,19,0,122,0,0,54,0,54,85,18,73,0,176,84,0,84,260
10/09/2011,GEG,WA,ANM,WE,Combined TRACON& Tower with Radar,97,5,4,0,106,0,6,11,0,17,97,11,15,0,123,22,0,22,145
10/10/2011,GEG,WA,ANM,WE,Combined TRACON& Tower with Radar,97,28,17,0,142,0,2,17,0,19,97,30,34,0,161,56,0,56,217
10/11/2011,GEG,WA,ANM,WE,Combined TRACON& Tower with Radar,104,23,14,9,150,0,5,31,1,37,104,28,45,10,187,64,18,82,269
10/12/2011,GEG,WA,ANM,WE,Combined TRACON& Tower with Radar,104,36,30,6,176,0,4,31,0,35,104,40,61,6,211,104,9,113,324
10/13/2011,GEG,WA,ANM,WE,Combined TRACON& Tower with Radar,106,32,24,12,174,0,2,39,1,42,106,34,63,13,216,112,38,150,366
10/14/2011,GEG,WA,ANM,WE,Combined TRACON& Tower with Radar,102,29,27,4,162,0,2,20,0,22,102,31,47,4,184,32,0,32,216
10/15/2011,GEG,WA,ANM,WE,Combined TRACON& Tower with Radar,79,14,19,0,112,0,2,26,0,28,79,16,45,0,140,80,0,80,220
10/16/2011,GEG,WA,ANM,WE,Combined TRACON& Tower with Radar,96,10,15,4,125,0,2,27,0,29,96,12,42,4,154,8,0,8,162
10/17/2011,GEG,WA,ANM,WE,Combined TRACON& Tower with Radar,98,22,37,1,158,0,3,43,2,48,98,25,80,3,206,72,2,74,280
10/18/2011,GEG,WA,ANM,WE,Combined TRACON& Tower with Radar,104,30,26,4,164,0,4,41,0,45,104,34,67,4,209,48,6,54,263
10/19/2011,GEG,WA,ANM,WE,Combined TRACON& Tower with Radar,105,30,35,12,182,0,4,32,1,37,105,34,67,13,219,52,16,68,287
10/20/2011,GEG,WA,ANM,WE,Combined TRACON& Tower with Radar,106,33,20,14,173,0,3,25,0,28,106,36,45,14,201,30,32,62,263
10/21/2011,GEG,WA,ANM,WE,Combined TRACON& Tower with Radar,101,27,32,4,164,0,3,29,0,32,101,30,61,4,196,60,0,60,256
10/22/2011,GEG,WA,ANM,WE,Combined TRACON& Tower with Radar,86,16,20,0,122,0,0,3,0,3,86,16,23,0,125,22,0,22,147
10/23/2011,GEG,WA,ANM,WE,Combined TRACON& Tower with Radar,97,6,10,5,118,0,0,17,0,17,97,6,27,5,135,38,0,38,173
10/24/2011,GEG,WA,ANM,WE,Combined TRACON& Tower with Radar,99,28,30,16,173,0,2,29,0,31,99,30,59,16,204,76,18,94,298
10/25/2011,GEG,WA,ANM,WE,Combined TRACON& Tower with Radar,104,28,30,13,175,0,2,34,1,37,104,30,64,14,212,66,58,124,336
10/26/2011,GEG,WA,ANM,WE,Combined TRACON& Tower with Radar,102,29,13,22,166,0,2,40,1,43,102,31,53,23,209,42,44,86,295
10/27/2011,GEG,WA,ANM,WE,Combined TRACON& Tower with Radar,112,30,22,14,178,0,2,38,0,40,112,32,60,14,218,48,20,68,286
10/28/2011,GEG,WA,ANM,WE,Combined TRACON& Tower with Radar,100,23,20,13,156,0,2,18,0,20,100,25,38,13,176,38,12,50,226
10/29/2011,GEG,WA,ANM,WE,Combined TRACON& Tower with Radar,83,15,16,2,116,0,2,33,0,35,83,17,49,2,151,34,0,34,185
10/30/2011,GEG,WA,ANM,WE,Combined TRACON& Tower with Radar,97,4,16,0,117,0,0,6,0,6,97,4,22,0,123,0,0,0,123
10/31/2011,GEG,WA,ANM,WE,Combined TRACON& Tower with Radar,92,19,26,8,145,0,3,18,0,21,92,22,44,8,166,40,18,58,224
11/01/2011,GEG,WA,ANM,WE,Combined TRACON& Tower with Radar,104,27,19,16,166,0,4,45,2,51,104,31,64,18,217,66,80,146,363
11/02/2011,GEG,WA,ANM,WE,Combined TRACON& Tower with Radar,103,24,16,21,164,0,2,33,0,35,103,26,49,21,199,22,14,36,235
11/03/2011,GEG,WA,ANM,WE,Combined TRACON& Tower with Radar,106,26,21,13,166,0,4,5,0,9,106,30,26,13,175,4,28,32,207
11/04/2011,GEG,WA,ANM,WE,Combined TRACON& Tower with Radar,97,34,14,6,151,0,3,10,0,13,97,37,24,6,164,30,0,30,194
11/05/2011,GEG,WA,ANM,WE,Combined TRACON& Tower with Radar,83,11,11,5,110,0,4,26,0,30,83,15,37,5,140,50,2,52,192
11/06/2011,GEG,WA,ANM,WE,Combined TRACON& Tower with Radar,91,4,3,5,103,0,0,8,0,8,91,4,11,5,111,30,0,30,141
11/07/2011,GEG,WA,ANM,WE,Combined TRACON& Tower with Radar,93,22,25,10,150,0,2,18,6,26,93,24,43,16,176,16,80,96,272
11/08/2011,GEG,WA,ANM,WE,Combined TRACON& Tower with Radar,105,26,10,12,153,0,2,14,2,18,105,28,24,14,171,48,74,122,293
11/09/2011,GEG,WA,ANM,WE,Combined TRACON& Tower with Radar,98,30,22,13,163,0,1,42,1,44,98,31,64,14,207,30,20,50,257
11/10/2011,GEG,WA,ANM,WE,Combined TRACON& Tower with Radar,106,23,27,12,168,0,3,31,0,34,106,26,58,12,202,48,6,54,256
11/11/2011,GEG,WA,ANM,WE,Combined TRACON& Tower with Radar,102,25,20,0,147,0,2,7,0,9,102,27,27,0,156,12,6,18,174
11/12/2011,GEG,WA,ANM,WE,Combined TRACON& Tower with Radar,80,14,8,0,102,0,0,12,0,12,80,14,20,0,114,0,0,0,114
11/13/2011,GEG,WA,ANM,WE,Combined TRACON& Tower with Radar,93,4,6,0,103,0,0,10,0,10,93,4,16,0,113,0,0,0,113
11/14/2011,GEG,WA,ANM,WE,Combined TRACON& Tower with Radar,101,21,10,0,132,0,2,7,0,9,101,23,17,0,141,16,0,16,157
11/15/2011,GEG,WA,ANM,WE,Combined TRACON& Tower with Radar,101,26,24,4,155,0,4,30,0,34,101,30,54,4,189,70,2,72,261
11/16/2011,GEG,WA,ANM,WE,Combined TRACON& Tower with Radar,102,27,16,4,149,0,1,9,0,10,102,28,25,4,159,2,5,7,166
11/17/2011,GEG,WA,ANM,WE,Combined TRACON& Tower with Radar,106,26,26,6,164,0,3,4,0,7,106,29,30,6,171,0,0,0,171
11/18/2011,GEG,WA,ANM,WE,Combined TRACON& Tower with Radar,99,26,13,3,141,0,0,3,0,3,99,26,16,3,144,0,0,0,144
11/19/2011,GEG,WA,ANM,WE,Combined TRACON& Tower with Radar,83,19,18,0,120,0,0,2,0,2,83,19,20,0,122,0,0,0,122
11/20/2011,GEG,WA,ANM,WE,Combined TRACON& Tower with Radar,89,10,12,2,113,0,0,3,0,3,89,10,15,2,116,0,0,0,116
11/21/2011,GEG,WA,ANM,WE,Combined TRACON& Tower with Radar,97,28,20,3,148,0,2,3,0,5,97,30,23,3,153,0,0,0,153
11/22/2011,GEG,WA,ANM,WE,Combined TRACON& Tower with Radar,110,39,17,8,174,0,0,3,0,3,110,39,20,8,177,0,0,0,177
11/23/2011,GEG,WA,ANM,WE,Combined TRACON& Tower with Radar,117,33,23,0,173,0,2,4,0,6,117,35,27,0,179,0,0,0,179
11/24/2011,GEG,WA,ANM,WE,Combined TRACON& Tower with Radar,63,8,2,0,73,0,0,4,0,4,63,8,6,0,77,6,0,6,83
11/25/2011,GEG,WA,ANM,WE,Combined TRACON& Tower with Radar,78,34,11,0,123,0,5,19,0,24,78,39,30,0,147,16,0,16,163
11/26/2011,GEG,WA,ANM,WE,Combined TRACON& Tower with Radar,103,17,6,0,126,0,1,20,0,21,103,18,26,0,147,0,0,0,147
11/27/2011,GEG,WA,ANM,WE,Combined TRACON& Tower with Radar,102,8,14,0,124,0,0,10,0,10,102,8,24,0,134,14,0,14,148
11/28/2011,GEG,WA,ANM,WE,Combined TRACON& Tower with Radar,107,29,16,1,153,0,4,3,0,7,107,33,19,1,160,0,0,0,160
11/29/2011,GEG,WA,ANM,WE,Combined TRACON& Tower with Radar,102,35,18,4,159,0,0,12,1,13,102,35,30,5,172,62,4,66,238
11/30/2011,GEG,WA,ANM,WE,Combined TRACON& Tower with Radar,106,42,20,5,173,0,3,16,0,19,106,45,36,5,192,18,0,18,210
12/01/2011,GEG,WA,ANM,WE,Combined TRACON& Tower with Radar,108,37,12,4,161,0,5,21,1,27,108,42,33,5,188,36,0,36,224
12/02/2011,GEG,WA,ANM,WE,Combined TRACON& Tower with Radar,107,31,19,2,159,0,4,17,0,21,107,35,36,2,180,8,0,8,188
12/03/2011,GEG,WA,ANM,WE,Combined TRACON& Tower with Radar,81,16,6,3,106,0,0,29,0,29,81,16,35,3,135,64,0,64,199
12/04/2011,GEG,WA,ANM,WE,Combined TRACON& Tower with Radar,89,5,7,2,103,0,1,19,0,20,89,6,26,2,123,12,0,12,135
12/05/2011,GEG,WA,ANM,WE,Combined TRACON& Tower with Radar,102,26,17,1,146,0,3,21,1,25,102,29,38,2,171,50,18,68,239
12/06/2011,GEG,WA,ANM,WE,Combined TRACON& Tower with Radar,106,36,30,4,176,0,3,25,1,29,106,39,55,5,205,20,20,40,245
12/07/2011,GEG,WA,ANM,WE,Combined TRACON& Tower with Radar,107,34,18,9,168,0,3,28,4,35,107,37,46,13,203,2,20,22,225
12/08/2011,GEG,WA,ANM,WE,Combined TRACON& Tower with Radar,109,37,46,4,196,0,0,0,0,0,109,37,46,4,196,0,0,0,196
12/09/2011,GEG,WA,ANM,WE,Combined TRACON& Tower with Radar,102,31,16,0,149,0,3,0,0,3,102,34,16,0,152,2,0,2,154
12/10/2011,GEG,WA,ANM,WE,Combined TRACON& Tower with Radar,82,18,7,0,107,0,0,18,0,18,82,18,25,0,125,2,0,2,127
12/11/2011,GEG,WA,ANM,WE,Combined TRACON& Tower with Radar,92,5,9,1,107,0,0,0,0,0,92,5,9,1,107,0,0,0,107
12/12/2011,GEG,WA,ANM,WE,Combined TRACON& Tower with Radar,99,29,10,2,140,0,0,15,0,15,99,29,25,2,155,14,0,14,169
12/13/2011,GEG,WA,ANM,WE,Combined TRACON& Tower with Radar,107,36,6,0,149,0,0,0,0,0,107,36,6,0,149,0,0,0,149
12/14/2011,GEG,WA,ANM,WE,Combined TRACON& Tower with Radar,102,35,16,12,165,0,3,9,0,12,102,38,25,12,177,12,0,12,189
12/15/2011,GEG,WA,ANM,WE,Combined TRACON& Tower with Radar,107,47,8,2,164,0,0,0,0,0,107,47,8,2,164,0,0,0,164
12/16/2011,GEG,WA,ANM,WE,Combined TRACON& Tower with Radar,108,30,10,3,151,0,0,0,0,0,108,30,10,3,151,0,0,0,151
12/17/2011,GEG,WA,ANM,WE,Combined TRACON& Tower with Radar,85,9,8,0,102,0,0,0,0,0,85,9,8,0,102,0,0,0,102
12/18/2011,GEG,WA,ANM,WE,Combined TRACON& Tower with Radar,95,9,10,0,114,0,0,4,0,4,95,9,14,0,118,8,0,8,126
12/19/2011,GEG,WA,ANM,WE,Combined TRACON& Tower with Radar,106,26,13,2,147,0,1,1,0,2,106,27,14,2,149,20,2,22,171
12/20/2011,GEG,WA,ANM,WE,Combined TRACON& Tower with Radar,110,35,23,3,171,0,0,0,0,0,110,35,23,3,171,0,0,0,171
12/21/2011,GEG,WA,ANM,WE,Combined TRACON& Tower with Radar,111,30,12,1,154,0,5,32,0,37,111,35,44,1,191,0,0,0,191
12/22/2011,GEG,WA,ANM,WE,Combined TRACON& Tower with Radar,128,46,8,0,182,0,1,3,0,4,128,47,11,0,186,0,0,0,186
12/23/2011,GEG,WA,ANM,WE,Combined TRACON& Tower with Radar,115,43,7,0,165,0,3,14,0,17,115,46,21,0,182,14,0,14,196
12/24/2011,GEG,WA,ANM,WE,Combined TRACON& Tower with Radar,81,30,5,0,116,0,0,0,0,0,81,30,5,0,116,0,0,0,116
12/25/2011,GEG,WA,ANM,WE,Combined TRACON& Tower with Radar,64,8,2,0,74,0,0,0,0,0,64,8,2,0,74,0,0,0,74
12/26/2011,GEG,WA,ANM,WE,Combined TRACON& Tower with Radar,101,10,14,0,125,0,0,17,0,17,101,10,31,0,142,0,0,0,142
12/27/2011,GEG,WA,ANM,WE,Combined TRACON& Tower with Radar,105,27,7,10,149,0,1,6,0,7,105,28,13,10,156,0,0,0,156
12/28/2011,GEG,WA,ANM,WE,Combined TRACON& Tower with Radar,114,25,4,27,170,0,1,3,0,4,114,26,7,27,174,0,10,10,184
12/29/2011,GEG,WA,ANM,WE,Combined TRACON& Tower with Radar,106,33,11,1,151,0,2,19,0,21,106,35,30,1,172,8,0,8,180
12/30/2011,GEG,WA,ANM,WE,Combined TRACON& Tower with Radar,106,27,23,5,161,0,3,2,0,5,106,30,25,5,166,8,0,8,174
12/31/2011,GEG,WA,ANM,WE,Combined TRACON& Tower with Radar,79,15,6,0,100,0,0,26,0,26,79,15,32,0,126,24,0,24,150
01/01/2012,GEG,WA,ANM,WE,Combined TRACON& Tower with Radar,76,7,6,0,89,0,0,16,0,16,76,7,22,0,105,0,0,0,105
01/02/2012,GEG,WA,ANM,WE,Combined TRACON& Tower with Radar,100,4,13,0,117,0,2,22,0,24,100,6,35,0,141,0,0,0,141
01/03/2012,GEG,WA,ANM,WE,Combined TRACON& Tower with Radar,102,31,20,1,154,0,3,13,0,16,102,34,33,1,170,0,0,0,170
01/04/2012,GEG,WA,ANM,WE,Combined TRACON& Tower with Radar,102,28,15,9,154,0,3,10,0,13,102,31,25,9,167,0,0,0,167
01/05/2012,GEG,WA,ANM,WE,Combined TRACON& Tower with Radar,105,25,15,12,157,0,2,10,0,12,105,27,25,12,169,0,0,0,169
01/06/2012,GEG,WA,ANM,WE,Combined TRACON& Tower with Radar,98,25,6,5,134,0,2,14,0,16,98,27,20,5,150,0,0,0,150
01/07/2012,GEG,WA,ANM,WE,Combined TRACON& Tower with Radar,82,19,10,3,114,0,0,4,0,4,82,19,14,3,118,0,0,0,118
01/08/2012,GEG,WA,ANM,WE,Combined TRACON& Tower with Radar,90,8,6,1,105,0,0,12,0,12,90,8,18,1,117,0,0,0,117
01/09/2012,GEG,WA,ANM,WE,Combined TRACON& Tower with Radar,93,24,16,7,140,0,2,15,3,20,93,26,31,10,160,0,0,0,160
01/10/2012,GEG,WA,ANM,WE,Combined TRACON& Tower with Radar,105,29,19,12,165,0,2,12,0,14,105,31,31,12,179,0,0,0,179
01/11/2012,GEG,WA,ANM,WE,Combined TRACON& Tower with Radar,105,23,11,0,139,0,3,26,1,30,105,26,37,1,169,0,0,0,169
01/12/2012,GEG,WA,ANM,WE,Combined TRACON& Tower with Radar,106,23,19,3,151,0,4,15,0,19,106,27,34,3,170,0,0,0,170
01/13/2012,GEG,WA,ANM,WE,Combined TRACON& Tower with Radar,102,23,22,0,147,0,4,20,0,24,102,27,42,0,171,0,0,0,171
01/14/2012,GEG,WA,ANM,WE,Combined TRACON& Tower with Radar,73,17,11,0,101,0,0,9,0,9,73,17,20,0,110,0,0,0,110
01/15/2012,GEG,WA,ANM,WE,Combined TRACON& Tower with Radar,80,4,5,0,89,0,0,7,0,7,80,4,12,0,96,0,0,0,96
01/16/2012,GEG,WA,ANM,WE,Combined TRACON& Tower with Radar,93,20,24,0,137,0,2,14,0,16,93,22,38,0,153,0,0,0,153
01/17/2012,GEG,WA,ANM,WE,Combined TRACON& Tower with Radar,106,30,24,1,161,0,2,2,0,4,106,32,26,1,165,0,0,0,165
01/18/2012,GEG,WA,ANM,WE,Combined TRACON& Tower with Radar,93,19,9,0,121,0,0,0,0,0,93,19,9,0,121,0,0,0,121
01/19/2012,GEG,WA,ANM,WE,Combined TRACON& Tower with Radar,70,32,8,0,110,0,0,0,0,0,70,32,8,0,110,0,0,0,110
01/20/2012,GEG,WA,ANM,WE,Combined TRACON& Tower with Radar,94,34,17,0,145,0,0,0,0,0,94,34,17,0,145,0,0,0,145
01/21/2012,GEG,WA,ANM,WE,Combined TRACON& Tower with Radar,79,23,2,5,109,0,0,0,0,0,79,23,2,5,109,0,0,0,109
01/22/2012,GEG,WA,ANM,WE,Combined TRACON& Tower with Radar,84,9,14,0,107,0,0,4,0,4,84,9,18,0,111,0,0,0,111
01/23/2012,GEG,WA,ANM,WE,Combined TRACON& Tower with Radar,89,22,16,2,129,0,2,11,0,13,89,24,27,2,142,0,0,0,142
01/24/2012,GEG,WA,ANM,WE,Combined TRACON& Tower with Radar,101,31,17,0,149,0,0,8,0,8,101,31,25,0,157,0,0,0,157
01/25/2012,GEG,WA,ANM,WE,Combined TRACON& Tower with Radar,107,24,13,3,147,0,2,15,1,18,107,26,28,4,165,0,0,0,165
01/26/2012,GEG,WA,ANM,WE,Combined TRACON& Tower with Radar,106,25,3,5,139,0,3,8,0,11,106,28,11,5,150,0,0,0,150
01/27/2012,GEG,WA,ANM,WE,Combined TRACON& Tower with Radar,98,18,21,1,138,0,3,27,0,30,98,21,48,1,168,0,0,0,168
01/28/2012,GEG,WA,ANM,WE,Combined TRACON& Tower with Radar,78,15,10,0,103,0,0,11,1,12,78,15,21,1,115,0,0,0,115
01/29/2012,GEG,WA,ANM,WE,Combined TRACON& Tower with Radar,88,6,18,0,112,0,0,2,0,2,88,6,20,0,114,0,0,0,114
01/30/2012,GEG,WA,ANM,WE,Combined TRACON& Tower with Radar,96,23,24,5,148,0,4,9,0,13,96,27,33,5,161,0,0,0,161
01/31/2012,GEG,WA,ANM,WE,Combined TRACON& Tower with Radar,102,31,20,11,164,0,1,19,0,20,102,32,39,11,184,0,0,0,184
02/01/2012,GEG,WA,ANM,WE,Combined TRACON& Tower with Radar,104,30,13,0,147,0,0,0,0,0,104,30,13,0,147,0,0,0,147
02/02/2012,GEG,WA,ANM,WE,Combined TRACON& Tower with Radar,105,23,17,0,145,0,2,8,0,10,105,25,25,0,155,0,0,0,155
02/03/2012,GEG,WA,ANM,WE,Combined TRACON& Tower with Radar,96,27,26,8,157,0,3,24,0,27,96,30,50,8,184,50,6,56,240
02/04/2012,GEG,WA,ANM,WE,Combined TRACON& Tower with Radar,77,19,7,0,103,0,0,37,0,37,77,19,44,0,140,38,0,38,178
02/05/2012,GEG,WA,ANM,WE,Combined TRACON& Tower with Radar,90,5,8,0,103,0,0,11,1,12,90,5,19,1,115,16,0,16,131
02/06/2012,GEG,WA,ANM,WE,Combined TRACON& Tower with Radar,94,25,20,0,139,0,6,26,2,34,94,31,46,2,173,26,0,26,199
02/07/2012,GEG,WA,ANM,WE,Combined TRACON& Tower with Radar,101,26,18,8,153,0,1,32,0,33,101,27,50,8,186,56,4,60,246
02/08/2012,GEG,WA,ANM,WE,Combined TRACON& Tower with Radar,103,26,14,0,143,0,2,5,0,7,103,28,19,0,150,0,0,0,150
02/09/2012,GEG,WA,ANM,WE,Combined TRACON& Tower with Radar,106,35,24,1,166,0,1,2,0,3,106,36,26,1,169,0,0,0,169
02/10/2012,GEG,WA,ANM,WE,Combined TRACON& Tower with Radar,99,29,25,3,156,0,2,1,0,3,99,31,26,3,159,0,4,4,163
02/11/2012,GEG,WA,ANM,WE,Combined TRACON& Tower with Radar,74,21,7,0,102,0,0,0,0,0,74,21,7,0,102,0,0,0,102
02/12/2012,GEG,WA,ANM,WE,Combined TRACON& Tower with Radar,88,10,7,0,105,0,0,3,0,3,88,10,10,0,108,20,0,20,128
02/13/2012,GEG,WA,ANM,WE,Combined TRACON& Tower with Radar,95,24,7,10,136,0,3,1,0,4,95,27,8,10,140,28,4,32,172
02/14/2012,GEG,WA,ANM,WE,Combined TRACON& Tower with Radar,104,31,18,2,155,0,0,0,0,0,104,31,18,2,155,2,0,2,157
02/15/2012,GEG,WA,ANM,WE,Combined TRACON& Tower with Radar,106,28,21,3,158,0,2,26,0,28,106,30,47,3,186,32,0,32,218
02/16/2012,GEG,WA,ANM,WE,Combined TRACON& Tower with Radar,105,37,25,1,168,0,1,7,0,8,105,38,32,1,176,30,0,30,206
02/17/2012,GEG,WA,ANM,WE,Combined TRACON& Tower with Radar,100,28,21,4,153,0,0,2,0,2,100,28,23,4,155,20,2,22,177
02/18/2012,GEG,WA,ANM,WE,Combined TRACON& Tower with Radar,76,25,8,0,109,0,0,7,0,7,76,25,15,0,116,15,0,15,131
02/19/2012,GEG,WA,ANM,WE,Combined TRACON& Tower with Radar,85,6,8,0,99,0,0,6,0,6,85,6,14,0,105,8,0,8,113
02/20/2012,GEG,WA,ANM,WE,Combined TRACON& Tower with Radar,95,27,15,0,137,0,0,3,0,3,95,27,18,0,140,0,0,0,140
02/21/2012,GEG,WA,ANM,WE,Combined TRACON& Tower with Radar,104,29,17,14,164,0,2,1,0,3,104,31,18,14,167,4,0,4,171
02/22/2012,GEG,WA,ANM,WE,Combined TRACON& Tower with Radar,108,30,21,3,162,0,2,2,0,4,108,32,23,3,166,0,0,0,166
02/23/2012,GEG,WA,ANM,WE,Combined TRACON& Tower with Radar,106,31,16,3,156,0,3,24,0,27,106,34,40,3,183,54,16,70,253
02/24/2012,GEG,WA,ANM,WE,Combined TRACON& Tower with Radar,103,28,15,3,149,0,1,17,0,18,103,29,32,3,167,60,0,60,227
02/25/2012,GEG,WA,ANM,WE,Combined TRACON& Tower with Radar,83,18,7,0,108,0,0,0,0,0,83,18,7,0,108,0,0,0,108
02/26/2012,GEG,WA,ANM,WE,Combined TRACON& Tower with Radar,91,7,6,7,111,0,0,4,0,4,91,7,10,7,115,0,6,6,121
02/27/2012,GEG,WA,ANM,WE,Combined TRACON& Tower with Radar,94,20,18,0,132,0,2,30,1,33,94,22,48,1,165,12,0,12,177
02/28/2012,GEG,WA,ANM,WE,Combined TRACON& Tower with Radar,107,27,15,3,152,0,1,13,0,14,107,28,28,3,166,20,0,20,186
02/29/2012,GEG,WA,ANM,WE,Combined TRACON& Tower with Radar,104,23,12,6,145,0,2,7,0,9,104,25,19,6,154,2,0,2,156
03/01/2012,GEG,WA,ANM,WE,Combined TRACON& Tower with Radar,105,26,18,12,161,0,2,6,0,8,105,28,24,12,169,14,0,14,183
03/02/2012,GEG,WA,ANM,WE,Combined TRACON& Tower with Radar,104,27,28,3,162,0,4,21,0,25,104,31,49,3,187,58,0,58,245
03/03/2012,GEG,WA,ANM,WE,Combined TRACON& Tower with Radar,13,1,4,0,18,0,1,0,0,1,13,2,4,0,19,18,0,18,37
03/04/2012,GEG,WA,ANM,WE,Combined TRACON& Tower with Radar,93,8,10,0,111,0,0,25,0,25,93,8,35,0,136,47,0,47,183
03/05/2012,GEG,WA,ANM,WE,Combined TRACON& Tower with Radar,99,20,21,12,152,0,1,6,0,7,99,21,27,12,159,0,4,4,163
03/06/2012,GEG,WA,ANM,WE,Combined TRACON& Tower with Radar,110,27,20,11,168,0,1,24,0,25,110,28,44,11,193,57,8,65,258
03/07/2012,GEG,WA,ANM,WE,Combined TRACON& Tower with Radar,108,28,20,10,166,0,0,37,2,39,108,28,57,12,205,38,8,46,251
03/08/2012,GEG,WA,ANM,WE,Combined TRACON& Tower with Radar,106,29,14,3,152,0,0,44,0,44,106,29,58,3,196,70,0,70,266
03/09/2012,GEG,WA,ANM,WE,Combined TRACON& Tower with Radar,102,25,13,9,149,0,2,30,1,33,102,27,43,10,182,48,2,50,232
03/10/2012,GEG,WA,ANM,WE,Combined TRACON& Tower with Radar,82,21,17,4,124,0,0,19,0,19,82,21,36,4,143,48,0,48,191
03/11/2012,GEG,WA,ANM,WE,Combined TRACON& Tower with Radar,94,4,8,0,106,0,0,0,0,0,94,4,8,0,106,0,0,0,106
03/12/2012,GEG,WA,ANM,WE,Combined TRACON& Tower with Radar,99,23,19,5,146,0,1,2,0,3,99,24,21,5,149,4,4,8,157
03/13/2012,GEG,WA,ANM,WE,Combined TRACON& Tower with Radar,108,34,10,5,157,0,2,0,2,4,108,36,10,7,161,0,0,0,161
03/14/2012,GEG,WA,ANM,WE,Combined TRACON& Tower with Radar,107,25,24,6,162,0,0,6,0,6,107,25,30,6,168,2,0,2,170
03/15/2012,GEG,WA,ANM,WE,Combined TRACON& Tower with Radar,109,24,14,10,157,0,2,4,0,6,109,26,18,10,163,4,0,4,167
03/16/2012,GEG,WA,ANM,WE,Combined TRACON& Tower with Radar,103,26,16,3,148,0,2,9,0,11,103,28,25,3,159,16,0,16,175
03/17/2012,GEG,WA,ANM,WE,Combined TRACON& Tower with Radar,87,21,5,2,115,0,0,8,0,8,87,21,13,2,123,8,0,8,131
03/18/2012,GEG,WA,ANM,WE,Combined TRACON& Tower with Radar,99,7,11,1,118,0,1,25,0,26,99,8,36,1,144,12,0,12,156
03/19/2012,GEG,WA,ANM,WE,Combined TRACON& Tower with Radar,99,21,22,14,156,0,2,29,0,31,99,23,51,14,187,54,0,54,241
03/20/2012,GEG,WA,ANM,WE,Combined TRACON& Tower with Radar,107,28,5,10,150,0,2,0,0,2,107,30,5,10,152,4,0,4,156
03/21/2012,GEG,WA,ANM,WE,Combined TRACON& Tower with Radar,107,30,27,3,167,0,0,0,0,0,107,30,27,3,167,0,0,0,167
03/22/2012,GEG,WA,ANM,WE,Combined TRACON& Tower with Radar,109,22,19,5,155,0,2,1,0,3,109,24,20,5,158,0,0,0,158
03/23/2012,GEG,WA,ANM,WE,Combined TRACON& Tower with Radar,103,26,31,12,172,0,2,34,0,36,103,28,65,12,208,50,10,60,268
03/24/2012,GEG,WA,ANM,WE,Combined TRACON& Tower with Radar,85,20,13,0,118,0,0,27,1,28,85,20,40,1,146,56,0,56,202
03/25/2012,GEG,WA,ANM,WE,Combined TRACON& Tower with Radar,91,6,13,0,110,0,0,18,1,19,91,6,31,1,129,36,0,36,165
03/26/2012,GEG,WA,ANM,WE,Combined TRACON& Tower with Radar,101,20,14,8,143,0,2,0,0,2,101,22,14,8,145,6,2,8,153
03/27/2012,GEG,WA,ANM,WE,Combined TRACON& Tower with Radar,109,28,16,0,153,0,1,10,0,11,109,29,26,0,164,40,0,40,204
03/28/2012,GEG,WA,ANM,WE,Combined TRACON& Tower with Radar,110,29,27,7,173,0,1,3,1,5,110,30,30,8,178,2,4,6,184
03/29/2012,GEG,WA,ANM,WE,Combined TRACON& Tower with Radar,108,29,14,1,152,0,2,2,0,4,108,31,16,1,156,0,0,0,156
03/30/2012,GEG,WA,ANM,WE,Combined TRACON& Tower with Radar,102,28,27,4,161,0,1,7,1,9,102,29,34,5,170,2,0,2,172
03/31/2012,GEG,WA,ANM,WE,Combined TRACON& Tower with Radar,85,18,14,0,117,0,0,6,1,7,85,18,20,1,124,0,0,0,124
04/01/2012,GEG,WA,ANM,WE,Combined TRACON& Tower with Radar,93,4,15,0,112,0,0,3,0,3,93,4,18,0,115,0,0,0,115
04/02/2012,GEG,WA,ANM,WE,Combined TRACON& Tower with Radar,100,22,13,12,147,0,3,21,3,27,100,25,34,15,174,0,0,0,174
04/03/2012,GEG,WA,ANM,WE,Combined TRACON& Tower with Radar,108,28,19,9,164,0,3,33,1,37,108,31,52,10,201,0,0,0,201
04/04/2012,GEG,WA,ANM,WE,Combined TRACON& Tower with Radar,114,23,19,5,161,0,2,0,0,2,114,25,19,5,163,0,0,0,163
04/05/2012,GEG,WA,ANM,WE,Combined TRACON& Tower with Radar,104,35,13,6,158,0,1,3,0,4,104,36,16,6,162,0,0,0,162
04/06/2012,GEG,WA,ANM,WE,Combined TRACON& Tower with Radar,102,23,8,1,134,0,3,8,0,11,102,26,16,1,145,0,0,0,145
04/07/2012,GEG,WA,ANM,WE,Combined TRACON& Tower with Radar,84,12,8,0,104,0,0,29,0,29,84,12,37,0,133,0,0,0,133
04/08/2012,GEG,WA,ANM,WE,Combined TRACON& Tower with Radar,89,2,1,2,94,0,0,22,0,22,89,2,23,2,116,0,0,0,116
04/09/2012,GEG,WA,ANM,WE,Combined TRACON& Tower with Radar,100,18,28,1,147,0,2,33,1,36,100,20,61,2,183,0,0,0,183
04/10/2012,GEG,WA,ANM,WE,Combined TRACON& Tower with Radar,109,22,13,0,144,0,6,39,0,45,109,28,52,0,189,0,0,0,189
04/11/2012,GEG,WA,ANM,WE,Combined TRACON& Tower with Radar,109,24,23,9,165,0,1,21,0,22,109,25,44,9,187,0,0,0,187
04/12/2012,GEG,WA,ANM,WE,Combined TRACON& Tower with Radar,106,26,15,2,149,0,2,13,1,16,106,28,28,3,165,0,0,0,165
04/13/2012,GEG,WA,ANM,WE,Combined TRACON& Tower with Radar,102,23,21,5,151,0,2,40,2,44,102,25,61,7,195,0,0,0,195
04/14/2012,GEG,WA,ANM,WE,Combined TRACON& Tower with Radar,87,11,14,0,112,0,0,22,0,22,87,11,36,0,134,0,0,0,134
04/15/2012,GEG,WA,ANM,WE,Combined TRACON& Tower with Radar,91,4,14,0,109,0,0,18,0,18,91,4,32,0,127,0,0,0,127
04/16/2012,GEG,WA,ANM,WE,Combined TRACON& Tower with Radar,88,26,16,5,135,0,4,3,0,7,88,30,19,5,142,0,0,0,142
04/17/2012,GEG,WA,ANM,WE,Combined TRACON& Tower with Radar,102,23,19,6,150,0,2,29,1,32,102,25,48,7,182,0,0,0,182
04/18/2012,GEG,WA,ANM,WE,Combined TRACON& Tower with Radar,110,29,16,3,158,0,2,12,0,14,110,31,28,3,172,0,0,0,172
04/19/2012,GEG,WA,ANM,WE,Combined TRACON& Tower with Radar,109,35,12,4,160,0,2,51,0,53,109,37,63,4,213,0,0,0,213
04/20/2012,GEG,WA,ANM,WE,Combined TRACON& Tower with Radar,103,28,16,8,155,0,2,6,2,10,103,30,22,10,165,0,0,0,165
04/21/2012,GEG,WA,ANM,WE,Combined TRACON& Tower with Radar,90,19,19,0,128,0,0,32,0,32,90,19,51,0,160,0,0,0,160
04/22/2012,GEG,WA,ANM,WE,Combined TRACON& Tower with Radar,93,4,20,1,118,0,0,50,0,50,93,4,70,1,168,0,0,0,168
04/23/2012,GEG,WA,ANM,WE,Combined TRACON& Tower with Radar,99,21,27,3,150,0,1,34,1,36,99,22,61,4,186,0,0,0,186
04/24/2012,GEG,WA,ANM,WE,Combined TRACON& Tower with Radar,110,27,8,3,148,0,3,23,1,27,110,30,31,4,175,0,0,0,175
04/25/2012,GEG,WA,ANM,WE,Combined TRACON& Tower with Radar,112,25,20,7,164,0,1,27,0,28,112,26,47,7,192,0,0,0,192
04/26/2012,GEG,WA,ANM,WE,Combined TRACON& Tower with Radar,106,31,6,2,145,0,1,4,0,5,106,32,10,2,150,0,0,0,150
04/27/2012,GEG,WA,ANM,WE,Combined TRACON& Tower with Radar,104,24,12,2,142,0,1,20,0,21,104,25,32,2,163,0,0,0,163
04/28/2012,GEG,WA,ANM,WE,Combined TRACON& Tower with Radar,89,11,5,0,105,0,0,37,0,37,89,11,42,0,142,0,0,0,142
04/29/2012,GEG,WA,ANM,WE,Combined TRACON& Tower with Radar,93,2,5,0,100,0,1,19,0,20,93,3,24,0,120,0,0,0,120
04/30/2012,GEG,WA,ANM,WE,Combined TRACON& Tower with Radar,99,27,14,9,149,0,2,3,0,5,99,29,17,9,154,0,0,0,154
05/01/2012,GEG,WA,ANM,WE,Combined TRACON& Tower with Radar,106,36,23,23,188,0,4,19,0,23,106,40,42,23,211,18,34,52,263
05/02/2012,GEG,WA,ANM,WE,Combined TRACON& Tower with Radar,105,38,25,2,170,0,10,10,2,22,105,48,35,4,192,76,0,76,268
05/03/2012,GEG,WA,ANM,WE,Combined TRACON& Tower with Radar,110,28,10,11,159,0,2,9,0,11,110,30,19,11,170,14,8,22,192
05/04/2012,GEG,WA,ANM,WE,Combined TRACON& Tower with Radar,101,34,19,3,157,0,8,21,12,41,101,42,40,15,198,44,0,44,242
05/05/2012,GEG,WA,ANM,WE,Combined TRACON& Tower with Radar,84,15,7,1,107,0,8,19,3,30,84,23,26,4,137,24,0,24,161
05/06/2012,GEG,WA,ANM,WE,Combined TRACON& Tower with Radar,93,6,18,6,123,0,4,30,0,34,93,10,48,6,157,10,0,10,167
05/07/2012,GEG,WA,ANM,WE,Combined TRACON& Tower with Radar,100,30,15,6,151,0,17,46,2,65,100,47,61,8,216,60,2,62,278
05/08/2012,GEG,WA,ANM,WE,Combined TRACON& Tower with Radar,111,31,26,1,169,0,8,25,1,34,111,39,51,2,203,58,0,58,261
05/09/2012,GEG,WA,ANM,WE,Combined TRACON& Tower with Radar,107,31,20,0,158,0,2,22,1,25,107,33,42,1,183,4,0,4,187
05/10/2012,GEG,WA,ANM,WE,Combined TRACON& Tower with Radar,111,41,21,4,177,0,8,31,0,39,111,49,52,4,216,82,0,82,298
05/11/2012,GEG,WA,ANM,WE,Combined TRACON& Tower with Radar,105,40,28,1,174,0,5,58,2,65,105,45,86,3,239,86,0,86,325
05/12/2012,GEG,WA,ANM,WE,Combined TRACON& Tower with Radar,86,21,12,2,121,0,3,37,0,40,86,24,49,2,161,24,0,24,185
05/13/2012,GEG,WA,ANM,WE,Combined TRACON& Tower with Radar,95,11,14,4,124,0,2,21,0,23,95,13,35,4,147,4,0,4,151
05/14/2012,GEG,WA,ANM,WE,Combined TRACON& Tower with Radar,101,24,16,5,146,0,4,22,1,27,101,28,38,6,173,26,0,26,199
05/15/2012,GEG,WA,ANM,WE,Combined TRACON& Tower with Radar,107,29,15,2,153,0,10,30,2,42,107,39,45,4,195,12,0,12,207
05/16/2012,GEG,WA,ANM,WE,Combined TRACON& Tower with Radar,110,30,18,3,161,0,1,27,7,35,110,31,45,10,196,28,0,28,224
05/17/2012,GEG,WA,ANM,WE,Combined TRACON& Tower with Radar,111,28,27,10,176,0,10,26,2,38,111,38,53,12,214,48,6,54,268
05/18/2012,GEG,WA,ANM,WE,Combined TRACON& Tower with Radar,106,25,17,1,149,0,3,32,3,38,106,28,49,4,187,0,0,0,187
05/19/2012,GEG,WA,ANM,WE,Combined TRACON& Tower with Radar,84,19,9,1,113,0,21,41,0,62,84,40,50,1,175,0,0,0,175
05/20/2012,GEG,WA,ANM,WE,Combined TRACON& Tower with Radar,94,6,14,3,117,0,2,25,1,28,94,8,39,4,145,0,0,0,145
05/21/2012,GEG,WA,ANM,WE,Combined TRACON& Tower with Radar,97,25,16,2,140,0,0,0,0,0,97,25,16,2,140,0,0,0,140
05/22/2012,GEG,WA,ANM,WE,Combined TRACON& Tower with Radar,111,32,14,15,172,0,2,11,1,14,111,34,25,16,186,0,0,0,186
05/23/2012,GEG,WA,ANM,WE,Combined TRACON& Tower with Radar,108,24,20,9,161,0,1,5,0,6,108,25,25,9,167,0,0,0,167
05/24/2012,GEG,WA,ANM,WE,Combined TRACON& Tower with Radar,114,29,18,3,164,0,4,17,0,21,114,33,35,3,185,0,0,0,185
05/25/2012,GEG,WA,ANM,WE,Combined TRACON& Tower with Radar,103,29,13,0,145,0,6,11,0,17,103,35,24,0,162,0,0,0,162
05/26/2012,GEG,WA,ANM,WE,Combined TRACON& Tower with Radar,84,12,4,0,100,0,4,14,0,18,84,16,18,0,118,0,0,0,118
05/27/2012,GEG,WA,ANM,WE,Combined TRACON& Tower with Radar,78,4,2,0,84,0,5,27,0,32,78,9,29,0,116,0,0,0,116
05/28/2012,GEG,WA,ANM,WE,Combined TRACON& Tower with Radar,98,8,9,0,115,0,6,17,0,23,98,14,26,0,138,0,0,0,138
05/29/2012,GEG,WA,ANM,WE,Combined TRACON& Tower with Radar,95,21,9,6,131,0,6,13,1,20,95,27,22,7,151,0,0,0,151
05/30/2012,GEG,WA,ANM,WE,Combined TRACON& Tower with Radar,110,32,15,7,164,0,9,23,0,32,110,41,38,7,196,0,0,0,196
05/31/2012,GEG,WA,ANM,WE,Combined TRACON& Tower with Radar,111,32,14,7,164,0,4,11,0,15,111,36,25,7,179,0,0,0,179
06/01/2012,GEG,WA,ANM,WE,Combined TRACON& Tower with Radar,103,28,20,2,153,0,4,24,0,28,103,32,44,2,181,72,2,74,255
06/02/2012,GEG,WA,ANM,WE,Combined TRACON& Tower with Radar,88,17,2,0,107,0,2,13,0,15,88,19,15,0,122,22,0,22,144
06/03/2012,GEG,WA,ANM,WE,Combined TRACON& Tower with Radar,98,10,5,1,114,0,0,18,1,19,98,10,23,2,133,0,0,0,133
06/04/2012,GEG,WA,ANM,WE,Combined TRACON& Tower with Radar,95,23,13,6,137,0,5,9,1,15,95,28,22,7,152,52,42,94,246
06/05/2012,GEG,WA,ANM,WE,Combined TRACON& Tower with Radar,108,37,11,1,157,0,1,2,0,3,108,38,13,1,160,18,0,18,178
06/06/2012,GEG,WA,ANM,WE,Combined TRACON& Tower with Radar,123,31,19,0,173,0,2,16,0,18,123,33,35,0,191,50,0,50,241
06/07/2012,GEG,WA,ANM,WE,Combined TRACON& Tower with Radar,112,35,16,4,167,0,9,19,2,30,112,44,35,6,197,20,6,26,223
06/08/2012,GEG,WA,ANM,WE,Combined TRACON& Tower with Radar,105,26,10,1,142,0,5,9,1,15,105,31,19,2,157,8,0,8,165
06/09/2012,GEG,WA,ANM,WE,Combined TRACON& Tower with Radar,92,14,0,3,109,0,0,0,1,1,92,14,0,4,110,0,0,0,110
06/10/2012,GEG,WA,ANM,WE,Combined TRACON& Tower with Radar,96,7,14,1,118,0,0,10,0,10,96,7,24,1,128,14,0,14,142
06/11/2012,GEG,WA,ANM,WE,Combined TRACON& Tower with Radar,97,26,22,5,150,0,12,31,0,43,97,38,53,5,193,8,6,14,207
06/12/2012,GEG,WA,ANM,WE,Combined TRACON& Tower with Radar,109,34,6,1,150,0,8,12,1,21,109,42,18,2,171,38,0,38,209
06/13/2012,GEG,WA,ANM,WE,Combined TRACON& Tower with Radar,110,31,24,0,165,0,6,22,1,29,110,37,46,1,194,40,0,40,234
06/14/2012,GEG,WA,ANM,WE,Combined TRACON& Tower with Radar,109,27,17,5,158,0,12,34,0,46,109,39,51,5,204,28,0,28,232
06/15/2012,GEG,WA,ANM,WE,Combined TRACON& Tower with Radar,105,30,16,7,158,0,10,58,4,72,105,40,74,11,230,94,22,116,346
06/16/2012,GEG,WA,ANM,WE,Combined TRACON& Tower with Radar,91,13,2,1,107,0,4,27,0,31,91,17,29,1,138,18,0,18,156
06/17/2012,GEG,WA,ANM,WE,Combined TRACON& Tower with Radar,98,5,9,0,112,0,0,11,2,13,98,5,20,2,125,2,0,2,127
06/18/2012,GEG,WA,ANM,WE,Combined TRACON& Tower with Radar,103,22,13,5,143,0,2,4,0,6,103,24,17,5,149,28,0,28,177
06/19/2012,GEG,WA,ANM,WE,Combined TRACON& Tower with Radar,109,31,22,3,165,0,4,32,2,38,109,35,54,5,203,30,0,30,233
06/20/2012,GEG,WA,ANM,WE,Combined TRACON& Tower with Radar,112,27,19,0,158,0,8,39,0,47,112,35,58,0,205,6,0,6,211
06/21/2012,GEG,WA,ANM,WE,Combined TRACON& Tower with Radar,110,29,15,0,154,0,7,29,0,36,110,36,44,0,190,62,0,62,252
06/22/2012,GEG,WA,ANM,WE,Combined TRACON& Tower with Radar,104,31,15,1,151,0,11,25,1,37,104,42,40,2,188,62,28,90,278
06/23/2012,GEG,WA,ANM,WE,Combined TRACON& Tower with Radar,93,12,12,0,117,0,0,10,0,10,93,12,22,0,127,4,0,4,131
06/24/2012,GEG,WA,ANM,WE,Combined TRACON& Tower with Radar,99,4,11,0,114,0,1,17,0,18,99,5,28,0,132,10,0,10,142
06/25/2012,GEG,WA,ANM,WE,Combined TRACON& Tower with Radar,100,21,22,0,143,0,13,18,0,31,100,34,40,0,174,56,0,56,230
06/26/2012,GEG,WA,ANM,WE,Combined TRACON& Tower with Radar,109,25,14,2,150,0,1,0,0,1,109,26,14,2,151,16,0,16,167
06/27/2012,GEG,WA,ANM,WE,Combined TRACON& Tower with Radar,111,23,20,1,155,0,9,35,0,44,111,32,55,1,199,78,0,78,277
06/28/2012,GEG,WA,ANM,WE,Combined TRACON& Tower with Radar,112,27,12,0,151,0,5,46,1,52,112,32,58,1,203,20,0,20,223
06/29/2012,GEG,WA,ANM,WE,Combined TRACON& Tower with Radar,103,24,14,0,141,0,4,28,2,34,103,28,42,2,175,54,14,68,243
06/30/2012,GEG,WA,ANM,WE,Combined TRACON& Tower with Radar,92,12,6,0,110,0,2,22,0,24,92,14,28,0,134,33,0,33,167
07/01/2012,GEG,WA,ANM,WE,Combined TRACON& Tower with Radar,98,8,7,1,114,0,2,5,0,7,98,10,12,1,121,0,0,0,121
07/02/2012,GEG,WA,ANM,WE,Combined TRACON& Tower with Radar,106,22,20,6,154,0,5,32,1,38,106,27,52,7,192,24,4,28,220
07/03/2012,GEG,WA,ANM,WE,Combined TRACON& Tower with Radar,111,25,10,16,162,1,2,10,2,15,112,27,20,18,177,0,0,0,177
07/04/2012,GEG,WA,ANM,WE,Combined TRACON& Tower with Radar,79,11,2,0,92,0,4,20,2,26,79,15,22,2,118,12,0,12,130
07/05/2012,GEG,WA,ANM,WE,Combined TRACON& Tower with Radar,108,23,9,0,140,0,2,19,5,26,108,25,28,5,166,6,0,6,172
07/06/2012,GEG,WA,ANM,WE,Combined TRACON& Tower with Radar,101,32,15,4,152,0,5,29,1,35,101,37,44,5,187,42,0,42,229
07/07/2012,GEG,WA,ANM,WE,Combined TRACON& Tower with Radar,96,17,1,0,114,0,3,36,2,41,96,20,37,2,155,0,0,0,155
07/08/2012,GEG,WA,ANM,WE,Combined TRACON& Tower with Radar,99,10,8,1,118,0,2,22,0,24,99,12,30,1,142,4,0,4,146
07/09/2012,GEG,WA,ANM,WE,Combined TRACON& Tower with Radar,99,27,27,0,153,0,2,13,0,15,99,29,40,0,168,0,0,0,168
07/10/2012,GEG,WA,ANM,WE,Combined TRACON& Tower with Radar,113,33,10,0,156,0,0,28,3,31,113,33,38,3,187,14,0,14,201
07/11/2012,GEG,WA,ANM,WE,Combined TRACON& Tower with Radar,112,28,13,5,158,0,2,35,2,39,112,30,48,7,197,6,6,12,209
07/12/2012,GEG,WA,ANM,WE,Combined TRACON& Tower with Radar,113,36,14,12,175,0,2,32,0,34,113,38,46,12,209,68,0,68,277
07/13/2012,GEG,WA,ANM,WE,Combined TRACON& Tower with Radar,105,31,23,1,160,0,3,30,2,35,105,34,53,3,195,10,0,10,205
07/14/2012,GEG,WA,ANM,WE,Combined TRACON& Tower with Radar,95,20,10,0,125,0,0,17,0,17,95,20,27,0,142,8,0,8,150
07/15/2012,GEG,WA,ANM,WE,Combined TRACON& Tower with Radar,99,8,8,0,115,0,0,13,0,13,99,8,21,0,128,0,0,0,128
07/16/2012,GEG,WA,ANM,WE,Combined TRACON& Tower with Radar,102,33,17,0,152,0,0,20,0,20,102,33,37,0,172,14,0,14,186
07/17/2012,GEG,WA,ANM,WE,Combined TRACON& Tower with Radar,109,31,11,0,151,0,5,15,0,20,109,36,26,0,171,30,0,30,201
07/18/2012,GEG,WA,ANM,WE,Combined TRACON& Tower with Radar,112,31,23,15,181,0,2,39,0,41,112,33,62,15,222,32,14,46,268
07/19/2012,GEG,WA,ANM,WE,Combined TRACON& Tower with Radar,109,28,11,8,156,0,2,16,0,18,109,30,27,8,174,2,0,2,176
07/20/2012,GEG,WA,ANM,WE,Combined TRACON& Tower with Radar,107,31,22,1,161,0,0,4,0,4,107,31,26,1,165,0,0,0,165
07/21/2012,GEG,WA,ANM,WE,Combined TRACON& Tower with Radar,95,16,10,0,121,0,0,41,0,41,95,16,51,0,162,38,0,38,200
07/22/2012,GEG,WA,ANM,WE,Combined TRACON& Tower with Radar,97,10,11,2,120,0,1,32,0,33,97,11,43,2,153,36,0,36,189
07/23/2012,GEG,WA,ANM,WE,Combined TRACON& Tower with Radar,102,23,7,6,138,0,1,27,0,28,102,24,34,6,166,2,0,2,168
07/24/2012,GEG,WA,ANM,WE,Combined TRACON& Tower with Radar,108,37,18,20,183,0,1,30,3,34,108,38,48,23,217,32,18,50,267
07/25/2012,GEG,WA,ANM,WE,Combined TRACON& Tower with Radar,116,33,19,11,179,0,0,49,4,53,116,33,68,15,232,26,32,58,290
07/26/2012,GEG,WA,ANM,WE,Combined TRACON& Tower with Radar,113,30,18,11,172,0,0,32,1,33,113,30,50,12,205,2,4,6,211
07/27/2012,GEG,WA,ANM,WE,Combined TRACON& Tower with Radar,105,30,17,3,155,0,0,31,1,32,105,30,48,4,187,26,0,26,213
07/28/2012,GEG,WA,ANM,WE,Combined TRACON& Tower with Radar,97,20,11,1,129,0,1,24,0,25,97,21,35,1,154,22,0,22,176
07/29/2012,GEG,WA,ANM,WE,Combined TRACON& Tower with Radar,103,8,6,0,117,0,1,32,0,33,103,9,38,0,150,10,0,10,160
07/30/2012,GEG,WA,ANM,WE,Combined TRACON& Tower with Radar,104,24,15,13,156,0,1,40,2,43,104,25,55,15,199,14,10,24,223
07/31/2012,GEG,WA,ANM,WE,Combined TRACON& Tower with Radar,114,26,8,3,151,0,3,31,0,34,114,29,39,3,185,2,0,2,187
08/01/2012,GEG,WA,ANM,WE,Combined TRACON& Tower with Radar,111,26,15,4,156,0,2,36,0,38,111,28,51,4,194,14,4,18,212
08/02/2012,GEG,WA,ANM,WE,Combined TRACON& Tower with Radar,114,31,15,4,164,0,2,37,1,40,114,33,52,5,204,38,2,40,244
08/03/2012,GEG,WA,ANM,WE,Combined TRACON& Tower with Radar,106,27,20,0,153,0,11,35,0,46,106,38,55,0,199,46,0,46,245
08/04/2012,GEG,WA,ANM,WE,Combined TRACON& Tower with Radar,94,17,12,0,123,0,0,26,0,26,94,17,38,0,149,34,0,34,183
08/05/2012,GEG,WA,ANM,WE,Combined TRACON& Tower with Radar,103,6,7,2,118,0,2,18,0,20,103,8,25,2,138,2,0,2,140
08/06/2012,GEG,WA,ANM,WE,Combined TRACON& Tower with Radar,104,24,16,1,145,0,0,35,2,37,104,24,51,3,182,16,0,16,198
08/07/2012,GEG,WA,ANM,WE,Combined TRACON& Tower with Radar,113,32,16,5,166,0,3,29,1,33,113,35,45,6,199,4,4,8,207
08/08/2012,GEG,WA,ANM,WE,Combined TRACON& Tower with Radar,112,28,18,6,164,0,2,37,0,39,112,30,55,6,203,10,26,36,239
08/09/2012,GEG,WA,ANM,WE,Combined TRACON& Tower with Radar,114,31,18,7,170,0,0,30,1,31,114,31,48,8,201,4,0,4,205
08/10/2012,GEG,WA,ANM,WE,Combined TRACON& Tower with Radar,105,31,8,0,144,0,1,40,1,42,105,32,48,1,186,18,4,22,208
08/11/2012,GEG,WA,ANM,WE,Combined TRACON& Tower with Radar,96,15,3,2,116,0,1,33,0,34,96,16,36,2,150,0,0,0,150
08/12/2012,GEG,WA,ANM,WE,Combined TRACON& Tower with Radar,102,3,14,1,120,0,0,19,0,19,102,3,33,1,139,6,4,10,149
08/13/2012,GEG,WA,ANM,WE,Combined TRACON& Tower with Radar,101,24,12,4,141,0,0,10,0,10,101,24,22,4,151,18,2,20,171
08/14/2012,GEG,WA,ANM,WE,Combined TRACON& Tower with Radar,109,27,28,1,165,0,4,29,0,33,109,31,57,1,198,26,2,28,226
08/15/2012,GEG,WA,ANM,WE,Combined TRACON& Tower with Radar,119,32,25,16,192,0,0,22,3,25,119,32,47,19,217,12,14,26,243
08/16/2012,GEG,WA,ANM,WE,Combined TRACON& Tower with Radar,112,26,14,6,158,0,2,38,3,43,112,28,52,9,201,38,6,44,245
08/17/2012,GEG,WA,ANM,WE,Combined TRACON& Tower with Radar,106,30,16,0,152,0,0,35,0,35,106,30,51,0,187,2,0,2,189
08/18/2012,GEG,WA,ANM,WE,Combined TRACON& Tower with Radar,95,23,9,0,127,0,0,20,0,20,95,23,29,0,147,6,0,6,153
08/19/2012,GEG,WA,ANM,WE,Combined TRACON& Tower with Radar,97,12,12,0,121,0,0,16,0,16,97,12,28,0,137,6,0,6,143
08/20/2012,GEG,WA,ANM,WE,Combined TRACON& Tower with Radar,102,23,15,18,158,0,0,29,1,30,102,23,44,19,188,22,8,30,218
08/21/2012,GEG,WA,ANM,WE,Combined TRACON& Tower with Radar,111,31,11,9,162,0,0,12,0,12,111,31,23,9,174,14,4,18,192
08/22/2012,GEG,WA,ANM,WE,Combined TRACON& Tower with Radar,113,35,14,18,180,0,0,28,0,28,113,35,42,18,208,6,24,30,238
08/23/2012,GEG,WA,ANM,WE,Combined TRACON& Tower with Radar,112,29,10,22,173,0,1,33,0,34,112,30,43,22,207,24,48,72,279
08/24/2012,GEG,WA,ANM,WE,Combined TRACON& Tower with Radar,105,33,6,11,155,0,1,31,0,32,105,34,37,11,187,10,8,18,205
08/25/2012,GEG,WA,ANM,WE,Combined TRACON& Tower with Radar,91,20,5,4,120,0,1,30,4,35,91,21,35,8,155,12,0,12,167
08/26/2012,GEG,WA,ANM,WE,Combined TRACON& Tower with Radar,98,8,8,1,115,0,5,11,2,18,98,13,19,3,133,0,0,0,133
08/27/2012,GEG,WA,ANM,WE,Combined TRACON& Tower with Radar,103,23,26,1,153,0,0,16,0,16,103,23,42,1,169,52,0,52,221
08/28/2012,GEG,WA,ANM,WE,Combined TRACON& Tower with Radar,111,26,17,18,172,0,1,22,0,23,111,27,39,18,195,14,12,26,221
08/29/2012,GEG,WA,ANM,WE,Combined TRACON& Tower with Radar,111,27,13,2,153,0,3,27,0,30,111,30,40,2,183,6,4,10,193
08/30/2012,GEG,WA,ANM,WE,Combined TRACON& Tower with Radar,112,26,19,0,157,0,2,28,0,30,112,28,47,0,187,16,0,16,203
08/31/2012,GEG,WA,ANM,WE,Combined TRACON& Tower with Radar,108,25,12,0,145,0,0,35,0,35,108,25,47,0,180,0,0,0,180
09/01/2012,GEG,WA,ANM,WE,Combined TRACON& Tower with Radar,74,12,5,0,91,0,2,23,0,25,74,14,28,0,116,18,0,18,134
09/02/2012,GEG,WA,ANM,WE,Combined TRACON& Tower with Radar,76,4,6,0,86,0,7,13,0,20,76,11,19,0,106,4,0,4,110
09/03/2012,GEG,WA,ANM,WE,Combined TRACON& Tower with Radar,95,4,14,0,113,0,2,31,0,33,95,6,45,0,146,12,0,12,158
09/04/2012,GEG,WA,ANM,WE,Combined TRACON& Tower with Radar,101,18,12,0,131,0,2,16,2,20,101,20,28,2,151,2,0,2,153
09/05/2012,GEG,WA,ANM,WE,Combined TRACON& Tower with Radar,112,24,13,6,155,0,0,21,0,21,112,24,34,6,176,22,2,24,200
09/06/2012,GEG,WA,ANM,WE,Combined TRACON& Tower with Radar,112,29,14,5,160,0,0,29,0,29,112,29,43,5,189,18,6,24,213
09/07/2012,GEG,WA,ANM,WE,Combined TRACON& Tower with Radar,105,24,19,0,148,0,1,37,0,38,105,25,56,0,186,2,0,2,188
09/08/2012,GEG,WA,ANM,WE,Combined TRACON& Tower with Radar,87,10,9,0,106,0,0,30,0,30,87,10,39,0,136,21,0,21,157
09/09/2012,GEG,WA,ANM,WE,Combined TRACON& Tower with Radar,101,3,11,0,115,0,0,17,0,17,101,3,28,0,132,10,0,10,142
09/10/2012,GEG,WA,ANM,WE,Combined TRACON& Tower with Radar,106,23,17,11,157,0,0,9,0,9,106,23,26,11,166,6,6,12,178
09/11/2012,GEG,WA,ANM,WE,Combined TRACON& Tower with Radar,112,35,28,12,187,0,1,34,0,35,112,36,62,12,222,36,4,40,262
09/12/2012,GEG,WA,ANM,WE,Combined TRACON& Tower with Radar,109,29,20,10,168,0,2,31,0,33,109,31,51,10,201,60,10,70,271
09/13/2012,GEG,WA,ANM,WE,Combined TRACON& Tower with Radar,111,25,10,3,149,0,1,35,1,37,111,26,45,4,186,12,0,12,198
09/14/2012,GEG,WA,ANM,WE,Combined TRACON& Tower with Radar,107,26,22,3,158,0,0,28,0,28,107,26,50,3,186,0,0,0,186
09/15/2012,GEG,WA,ANM,WE,Combined TRACON& Tower with Radar,87,11,11,1,110,0,1,25,0,26,87,12,36,1,136,66,0,66,202
09/16/2012,GEG,WA,ANM,WE,Combined TRACON& Tower with Radar,96,8,13,0,117,0,0,11,0,11,96,8,24,0,128,0,0,0,128
09/17/2012,GEG,WA,ANM,WE,Combined TRACON& Tower with Radar,101,22,22,0,145,0,1,28,4,33,101,23,50,4,178,56,0,56,234
09/18/2012,GEG,WA,ANM,WE,Combined TRACON& Tower with Radar,111,21,20,1,153,0,1,29,0,30,111,22,49,1,183,14,0,14,197
09/19/2012,GEG,WA,ANM,WE,Combined TRACON& Tower with Radar,111,31,15,2,159,0,0,24,1,25,111,31,39,3,184,4,2,6,190
09/20/2012,GEG,WA,ANM,WE,Combined TRACON& Tower with Radar,114,24,19,10,167,0,0,26,1,27,114,24,45,11,194,12,8,20,214
09/21/2012,GEG,WA,ANM,WE,Combined TRACON& Tower with Radar,105,25,16,0,146,0,0,21,0,21,105,25,37,0,167,54,2,56,223
09/22/2012,GEG,WA,ANM,WE,Combined TRACON& Tower with Radar,87,25,10,0,122,0,1,27,0,28,87,26,37,0,150,20,0,20,170
09/23/2012,GEG,WA,ANM,WE,Combined TRACON& Tower with Radar,105,3,20,1,129,0,1,22,0,23,105,4,42,1,152,14,0,14,166
09/24/2012,GEG,WA,ANM,WE,Combined TRACON& Tower with Radar,100,23,17,6,146,0,2,15,0,17,100,25,32,6,163,24,2,26,189
09/25/2012,GEG,WA,ANM,WE,Combined TRACON& Tower with Radar,110,25,30,6,171,0,1,27,3,31,110,26,57,9,202,56,4,60,262
09/26/2012,GEG,WA,ANM,WE,Combined TRACON& Tower with Radar,115,34,32,3,184,0,0,22,0,22,115,34,54,3,206,48,0,48,254
09/27/2012,GEG,WA,ANM,WE,Combined TRACON& Tower with Radar,110,28,24,5,167,0,2,33,0,35,110,30,57,5,202,36,6,42,244
09/28/2012,GEG,WA,ANM,WE,Combined TRACON& Tower with Radar,105,34,20,2,161,0,0,28,2,30,105,34,48,4,191,36,2,38,229
09/29/2012,GEG,WA,ANM,WE,Combined TRACON& Tower with Radar,85,14,9,0,108,0,0,33,1,34,85,14,42,1,142,13,0,13,155
09/30/2012,GEG,WA,ANM,WE,Combined TRACON& Tower with Radar,103,6,13,0,122,0,0,22,0,22,103,6,35,0,144,28,0,28,172
10/01/2012,GEG,WA,ANM,WE,Combined TRACON& Tower with Radar,99,26,17,8,150,0,0,16,1,17,99,26,33,9,167,6,2,8,175
10/02/2012,GEG,WA,ANM,WE,Combined TRACON& Tower with Radar,111,29,19,2,161,0,2,20,0,22,111,31,39,2,183,8,0,8,191
10/03/2012,GEG,WA,ANM,WE,Combined TRACON& Tower with Radar,107,34,21,8,170,0,1,30,0,31,107,35,51,8,201,34,4,38,239
10/04/2012,GEG,WA,ANM,WE,Combined TRACON& Tower with Radar,108,31,15,2,156,0,1,25,0,26,108,32,40,2,182,14,2,16,198
10/05/2012,GEG,WA,ANM,WE,Combined TRACON& Tower with Radar,103,35,26,0,164,0,0,49,0,49,103,35,75,0,213,20,0,20,233
10/06/2012,GEG,WA,ANM,WE,Combined TRACON& Tower with Radar,81,14,7,0,102,0,0,36,2,38,81,14,43,2,140,4,0,4,144
10/07/2012,GEG,WA,ANM,WE,Combined TRACON& Tower with Radar,99,9,11,1,120,0,1,23,2,26,99,10,34,3,146,46,0,46,192
10/08/2012,GEG,WA,ANM,WE,Combined TRACON& Tower with Radar,89,25,16,0,130,0,1,26,0,27,89,26,42,0,157,18,0,18,175
10/09/2012,GEG,WA,ANM,WE,Combined TRACON& Tower with Radar,105,35,17,2,159,0,0,22,0,22,105,35,39,2,181,38,4,42,223
10/10/2012,GEG,WA,ANM,WE,Combined TRACON& Tower with Radar,108,36,23,3,170,0,0,25,1,26,108,36,48,4,196,8,0,8,204
10/11/2012,GEG,WA,ANM,WE,Combined TRACON& Tower with Radar,104,30,20,11,165,0,1,39,2,42,104,31,59,13,207,30,12,42,249
10/12/2012,GEG,WA,ANM,WE,Combined TRACON& Tower with Radar,100,30,12,0,142,0,0,30,0,30,100,30,42,0,172,20,0,20,192
10/13/2012,GEG,WA,ANM,WE,Combined TRACON& Tower with Radar,79,16,12,1,108,0,0,8,0,8,79,16,20,1,116,24,0,24,140
10/14/2012,GEG,WA,ANM,WE,Combined TRACON& Tower with Radar,99,4,4,1,108,0,0,13,0,13,99,4,17,1,121,4,1,5,126
10/15/2012,GEG,WA,ANM,WE,Combined TRACON& Tower with Radar,98,22,13,7,140,0,0,2,1,3,98,22,15,8,143,34,4,38,181
10/16/2012,GEG,WA,ANM,WE,Combined TRACON& Tower with Radar,108,27,9,11,155,0,0,8,0,8,108,27,17,11,163,34,4,38,201
10/17/2012,GEG,WA,ANM,WE,Combined TRACON& Tower with Radar,108,31,25,13,177,0,1,44,1,46,108,32,69,14,223,70,28,98,321
10/18/2012,GEG,WA,ANM,WE,Combined TRACON& Tower with Radar,109,35,17,2,163,0,0,51,0,51,109,35,68,2,214,98,0,98,312
10/19/2012,GEG,WA,ANM,WE,Combined TRACON& Tower with Radar,106,28,18,11,163,0,0,18,0,18,106,28,36,11,181,6,6,12,193
10/20/2012,GEG,WA,ANM,WE,Combined TRACON& Tower with Radar,79,15,5,1,100,0,0,22,0,22,79,15,27,1,122,58,0,58,180
10/21/2012,GEG,WA,ANM,WE,Combined TRACON& Tower with Radar,101,4,9,0,114,0,0,5,0,5,101,4,14,0,119,8,0,8,127
10/22/2012,GEG,WA,ANM,WE,Combined TRACON& Tower with Radar,99,22,14,0,135,0,0,0,0,0,99,22,14,0,135,0,0,0,135
10/23/2012,GEG,WA,ANM,WE,Combined TRACON& Tower with Radar,106,28,14,1,149,0,1,14,0,15,106,29,28,1,164,68,0,68,232
10/24/2012,GEG,WA,ANM,WE,Combined TRACON& Tower with Radar,114,30,19,0,163,0,0,5,0,5,114,30,24,0,168,24,0,24,192
10/25/2012,GEG,WA,ANM,WE,Combined TRACON& Tower with Radar,113,28,28,4,173,0,0,6,0,6,113,28,34,4,179,34,0,34,213
10/26/2012,GEG,WA,ANM,WE,Combined TRACON& Tower with Radar,107,29,23,1,160,0,1,9,2,12,107,30,32,3,172,12,0,12,184
10/27/2012,GEG,WA,ANM,WE,Combined TRACON& Tower with Radar,81,13,10,0,104,0,0,2,0,2,81,13,12,0,106,0,0,0,106
10/28/2012,GEG,WA,ANM,WE,Combined TRACON& Tower with Radar,97,9,8,2,116,0,0,5,0,5,97,9,13,2,121,66,0,66,187
10/29/2012,GEG,WA,ANM,WE,Combined TRACON& Tower with Radar,96,28,27,4,155,0,0,11,0,11,96,28,38,4,166,18,0,18,184
10/30/2012,GEG,WA,ANM,WE,Combined TRACON& Tower with Radar,102,27,6,7,142,0,2,9,0,11,102,29,15,7,153,6,2,8,161
10/31/2012,GEG,WA,ANM,WE,Combined TRACON& Tower with Radar,100,26,21,0,147,0,0,12,0,12,100,26,33,0,159,8,0,8,167
11/01/2012,GEG,WA,ANM,WE,Combined TRACON& Tower with Radar,110,26,24,14,174,0,0,5,0,5,110,26,29,14,179,0,10,10,189
11/02/2012,GEG,WA,ANM,WE,Combined TRACON& Tower with Radar,104,28,17,2,151,0,0,22,1,23,104,28,39,3,174,12,0,12,186
11/03/2012,GEG,WA,ANM,WE,Combined TRACON& Tower with Radar,78,16,7,5,106,0,0,0,0,0,78,16,7,5,106,0,0,0,106
11/04/2012,GEG,WA,ANM,WE,Combined TRACON& Tower with Radar,94,6,21,1,122,0,1,9,0,10,94,7,30,1,132,18,0,18,150
11/05/2012,GEG,WA,ANM,WE,Combined TRACON& Tower with Radar,99,21,16,6,142,0,1,12,0,13,99,22,28,6,155,30,0,30,185
11/06/2012,GEG,WA,ANM,WE,Combined TRACON& Tower with Radar,97,31,9,7,144,0,0,14,0,14,97,31,23,7,158,22,2,24,182
11/07/2012,GEG,WA,ANM,WE,Combined TRACON& Tower with Radar,106,27,14,3,150,0,0,17,0,17,106,27,31,3,167,24,0,24,191
11/08/2012,GEG,WA,ANM,WE,Combined TRACON& Tower with Radar,106,36,18,0,160,0,0,16,0,16,106,36,34,0,176,0,0,0,176
11/09/2012,GEG,WA,ANM,WE,Combined TRACON& Tower with Radar,102,30,13,0,145,0,2,0,0,2,102,32,13,0,147,0,0,0,147
11/10/2012,GEG,WA,ANM,WE,Combined TRACON& Tower with Radar,78,22,12,0,112,0,0,29,0,29,78,22,41,0,141,32,0,32,173
11/11/2012,GEG,WA,ANM,WE,Combined TRACON& Tower with Radar,93,8,10,0,111,0,0,2,0,2,93,8,12,0,113,20,0,20,133
11/12/2012,GEG,WA,ANM,WE,Combined TRACON& Tower with Radar,97,22,12,0,131,0,0,0,0,0,97,22,12,0,131,0,8,8,139
11/13/2012,GEG,WA,ANM,WE,Combined TRACON& Tower with Radar,102,30,15,7,154,0,0,0,0,0,102,30,15,7,154,0,0,0,154
11/14/2012,GEG,WA,ANM,WE,Combined TRACON& Tower with Radar,104,28,20,0,152,0,0,0,0,0,104,28,20,0,152,0,0,0,152
11/15/2012,GEG,WA,ANM,WE,Combined TRACON& Tower with Radar,106,30,16,6,158,0,0,14,0,14,106,30,30,6,172,8,6,14,186
11/16/2012,GEG,WA,ANM,WE,Combined TRACON& Tower with Radar,105,27,24,8,164,0,0,18,1,19,105,27,42,9,183,14,4,18,201
11/17/2012,GEG,WA,ANM,WE,Combined TRACON& Tower with Radar,78,17,9,0,104,0,0,20,1,21,78,17,29,1,125,46,0,46,171
11/18/2012,GEG,WA,ANM,WE,Combined TRACON& Tower with Radar,97,7,19,1,124,0,0,17,0,17,97,7,36,1,141,20,0,20,161
11/19/2012,GEG,WA,ANM,WE,Combined TRACON& Tower with Radar,94,26,10,8,138,0,0,0,2,2,94,26,10,10,140,2,0,2,142
11/20/2012,GEG,WA,ANM,WE,Combined TRACON& Tower with Radar,106,34,15,3,158,0,0,4,0,4,106,34,19,3,162,0,8,8,170
11/21/2012,GEG,WA,ANM,WE,Combined TRACON& Tower with Radar,108,42,16,8,174,0,1,5,1,7,108,43,21,9,181,0,8,8,189
11/22/2012,GEG,WA,ANM,WE,Combined TRACON& Tower with Radar,65,4,5,0,74,0,0,3,0,3,65,4,8,0,77,0,0,0,77
11/23/2012,GEG,WA,ANM,WE,Combined TRACON& Tower with Radar,80,32,20,0,132,0,0,6,0,6,80,32,26,0,138,18,0,18,156
11/24/2012,GEG,WA,ANM,WE,Combined TRACON& Tower with Radar,85,21,18,0,124,0,0,0,0,0,85,21,18,0,124,34,0,34,158
11/25/2012,GEG,WA,ANM,WE,Combined TRACON& Tower with Radar,99,10,33,0,142,0,1,14,0,15,99,11,47,0,157,4,0,4,161
11/26/2012,GEG,WA,ANM,WE,Combined TRACON& Tower with Radar,104,28,11,2,145,0,0,11,1,12,104,28,22,3,157,2,0,2,159
11/27/2012,GEG,WA,ANM,WE,Combined TRACON& Tower with Radar,102,33,11,2,148,0,0,30,2,32,102,33,41,4,180,72,0,72,252
11/28/2012,GEG,WA,ANM,WE,Combined TRACON& Tower with Radar,100,38,13,2,153,0,0,24,0,24,100,38,37,2,177,10,0,10,187
11/29/2012,GEG,WA,ANM,WE,Combined TRACON& Tower with Radar,101,41,8,1,151,0,0,2,0,2,101,41,10,1,153,18,0,18,171
11/30/2012,GEG,WA,ANM,WE,Combined TRACON& Tower with Radar,99,44,10,4,157,0,0,6,3,9,99,44,16,7,166,18,0,18,184
12/01/2012,GEG,WA,ANM,WE,Combined TRACON& Tower with Radar,73,17,7,5,102,0,2,6,0,8,73,19,13,5,110,2,0,2,112
12/02/2012,GEG,WA,ANM,WE,Combined TRACON& Tower with Radar,87,9,6,3,105,0,0,3,0,3,87,9,9,3,108,0,0,0,108
12/03/2012,GEG,WA,ANM,WE,Combined TRACON& Tower with Radar,89,28,13,9,139,0,0,13,0,13,89,28,26,9,152,10,2,12,164
12/04/2012,GEG,WA,ANM,WE,Combined TRACON& Tower with Radar,101,35,16,11,163,0,1,0,0,1,101,36,16,11,164,6,0,6,170
12/05/2012,GEG,WA,ANM,WE,Combined TRACON& Tower with Radar,104,32,15,7,158,0,0,22,2,24,104,32,37,9,182,6,6,12,194
12/06/2012,GEG,WA,ANM,WE,Combined TRACON& Tower with Radar,105,46,14,2,167,0,0,0,0,0,105,46,14,2,167,0,0,0,167
12/07/2012,GEG,WA,ANM,WE,Combined TRACON& Tower with Radar,102,42,9,3,156,0,0,2,0,2,102,42,11,3,158,0,0,0,158
12/08/2012,GEG,WA,ANM,WE,Combined TRACON& Tower with Radar,78,20,11,0,109,0,0,26,1,27,78,20,37,1,136,62,0,62,198
12/09/2012,GEG,WA,ANM,WE,Combined TRACON& Tower with Radar,90,8,6,0,104,0,2,6,1,9,90,10,12,1,113,0,0,0,113
12/10/2012,GEG,WA,ANM,WE,Combined TRACON& Tower with Radar,96,30,25,6,157,0,0,0,0,0,96,30,25,6,157,0,4,4,161
12/11/2012,GEG,WA,ANM,WE,Combined TRACON& Tower with Radar,102,34,23,13,172,0,1,9,1,11,102,35,32,14,183,36,0,36,219
12/12/2012,GEG,WA,ANM,WE,Combined TRACON& Tower with Radar,103,37,21,2,163,0,0,0,0,0,103,37,21,2,163,0,0,0,163
12/13/2012,GEG,WA,ANM,WE,Combined TRACON& Tower with Radar,104,43,26,2,175,0,0,1,0,1,104,43,27,2,176,6,0,6,182
12/14/2012,GEG,WA,ANM,WE,Combined TRACON& Tower with Radar,107,32,19,6,164,0,0,0,0,0,107,32,19,6,164,0,2,2,166
12/15/2012,GEG,WA,ANM,WE,Combined TRACON& Tower with Radar,85,26,10,1,122,0,0,5,0,5,85,26,15,1,127,34,0,34,161
12/16/2012,GEG,WA,ANM,WE,Combined TRACON& Tower with Radar,87,6,4,0,97,0,0,1,0,1,87,6,5,0,98,0,0,0,98
12/17/2012,GEG,WA,ANM,WE,Combined TRACON& Tower with Radar,101,31,14,7,153,0,0,0,0,0,101,31,14,7,153,0,0,0,153
12/18/2012,GEG,WA,ANM,WE,Combined TRACON& Tower with Radar,107,35,12,5,159,0,1,6,0,7,107,36,18,5,166,4,0,4,170
12/19/2012,GEG,WA,ANM,WE,Combined TRACON& Tower with Radar,112,41,13,6,172,0,0,4,0,4,112,41,17,6,176,10,2,12,188
12/20/2012,GEG,WA,ANM,WE,Combined TRACON& Tower with Radar,117,47,13,4,181,0,0,2,0,2,117,47,15,4,183,2,0,2,185
12/21/2012,GEG,WA,ANM,WE,Combined TRACON& Tower with Radar,113,39,12,0,164,0,0,7,0,7,113,39,19,0,171,20,0,20,191
12/22/2012,GEG,WA,ANM,WE,Combined TRACON& Tower with Radar,95,29,8,0,132,0,0,6,0,6,95,29,14,0,138,14,0,14,152
12/23/2012,GEG,WA,ANM,WE,Combined TRACON& Tower with Radar,91,5,4,0,100,0,0,5,0,5,91,5,9,0,105,0,0,0,105
12/24/2012,GEG,WA,ANM,WE,Combined TRACON& Tower with Radar,95,22,3,0,120,0,1,0,0,1,95,23,3,0,121,0,0,0,121
12/25/2012,GEG,WA,ANM,WE,Combined TRACON& Tower with Radar,77,9,4,0,90,0,0,2,0,2,77,9,6,0,92,0,0,0,92
12/26/2012,GEG,WA,ANM,WE,Combined TRACON& Tower with Radar,108,24,16,0,148,0,0,7,0,7,108,24,23,0,155,0,0,0,155
12/27/2012,GEG,WA,ANM,WE,Combined TRACON& Tower with Radar,113,26,13,0,152,0,0,2,0,2,113,26,15,0,154,4,0,4,158
12/28/2012,GEG,WA,ANM,WE,Combined TRACON& Tower with Radar,102,26,13,11,152,0,0,0,0,0,102,26,13,11,152,0,4,4,156
12/29/2012,GEG,WA,ANM,WE,Combined TRACON& Tower with Radar,80,18,8,0,106,0,0,0,0,0,80,18,8,0,106,0,0,0,106
12/30/2012,GEG,WA,ANM,WE,Combined TRACON& Tower with Radar,84,8,8,0,100,0,0,0,0,0,84,8,8,0,100,0,0,0,100
12/31/2012,GEG,WA,ANM,WE,Combined TRACON& Tower with Radar,93,22,6,0,121,0,0,2,0,2,93,22,8,0,123,22,0,22,145
01/01/2013,GEG,WA,ANM,WE,Combined TRACON& Tower with Radar,76,5,13,0,94,0,0,0,0,0,76,5,13,0,94,0,0,0,94
01/02/2013,GEG,WA,ANM,WE,Combined TRACON& Tower with Radar,98,22,14,13,147,0,1,5,0,6,98,23,19,13,153,2,12,14,167
01/03/2013,GEG,WA,ANM,WE,Combined TRACON& Tower with Radar,98,27,15,2,142,0,0,15,1,16,98,27,30,3,158,8,0,8,166
01/04/2013,GEG,WA,ANM,WE,Combined TRACON& Tower with Radar,87,29,11,0,127,0,0,13,1,14,87,29,24,1,141,20,0,20,161
01/05/2013,GEG,WA,ANM,WE,Combined TRACON& Tower with Radar,77,28,3,0,108,0,1,14,1,16,77,29,17,1,124,0,0,0,124
01/06/2013,GEG,WA,ANM,WE,Combined TRACON& Tower with Radar,81,8,8,2,99,0,0,0,0,0,81,8,8,2,99,0,0,0,99
01/07/2013,GEG,WA,ANM,WE,Combined TRACON& Tower with Radar,87,28,7,3,125,0,0,0,0,0,87,28,7,3,125,0,0,0,125
01/08/2013,GEG,WA,ANM,WE,Combined TRACON& Tower with Radar,90,28,7,3,128,0,0,2,0,2,90,28,9,3,130,0,0,0,130
01/09/2013,GEG,WA,ANM,WE,Combined TRACON& Tower with Radar,88,24,13,7,132,0,0,9,0,9,88,24,22,7,141,2,0,2,143
01/10/2013,GEG,WA,ANM,WE,Combined TRACON& Tower with Radar,94,27,13,7,141,0,1,7,0,8,94,28,20,7,149,20,6,26,175
01/11/2013,GEG,WA,ANM,WE,Combined TRACON& Tower with Radar,88,29,12,0,129,0,0,12,2,14,88,29,24,2,143,26,0,26,169
01/12/2013,GEG,WA,ANM,WE,Combined TRACON& Tower with Radar,59,23,8,0,90,0,0,2,0,2,59,23,10,0,92,8,0,8,100
01/13/2013,GEG,WA,ANM,WE,Combined TRACON& Tower with Radar,82,9,6,0,97,0,0,5,0,5,82,9,11,0,102,6,0,6,108
01/14/2013,GEG,WA,ANM,WE,Combined TRACON& Tower with Radar,83,26,18,7,134,0,0,3,0,3,83,26,21,7,137,8,0,8,145
01/15/2013,GEG,WA,ANM,WE,Combined TRACON& Tower with Radar,89,27,18,5,139,0,0,2,0,2,89,27,20,5,141,0,0,0,141
01/16/2013,GEG,WA,ANM,WE,Combined TRACON& Tower with Radar,98,33,8,0,139,0,0,1,1,2,98,33,9,1,141,6,0,6,147
01/17/2013,GEG,WA,ANM,WE,Combined TRACON& Tower with Radar,94,23,15,0,132,0,0,0,0,0,94,23,15,0,132,0,0,0,132
01/18/2013,GEG,WA,ANM,WE,Combined TRACON& Tower with Radar,92,31,15,3,141,0,0,4,0,4,92,31,19,3,145,8,0,8,153
01/19/2013,GEG,WA,ANM,WE,Combined TRACON& Tower with Radar,64,22,4,0,90,0,0,10,0,10,64,22,14,0,100,16,0,16,116
01/20/2013,GEG,WA,ANM,WE,Combined TRACON& Tower with Radar,69,6,4,0,79,0,0,12,0,12,69,6,16,0,91,24,0,24,115
01/21/2013,GEG,WA,ANM,WE,Combined TRACON& Tower with Radar,83,29,19,0,131,0,0,0,0,0,83,29,19,0,131,0,0,0,131
01/22/2013,GEG,WA,ANM,WE,Combined TRACON& Tower with Radar,90,23,25,4,142,0,0,0,0,0,90,23,25,4,142,12,4,16,158
01/23/2013,GEG,WA,ANM,WE,Combined TRACON& Tower with Radar,84,32,15,1,132,0,0,1,0,1,84,32,16,1,133,0,0,0,133
01/24/2013,GEG,WA,ANM,WE,Combined TRACON& Tower with Radar,82,27,11,0,120,0,0,0,0,0,82,27,11,0,120,0,0,0,120
01/25/2013,GEG,WA,ANM,WE,Combined TRACON& Tower with Radar,82,29,14,2,127,0,0,4,0,4,82,29,18,2,131,0,0,0,131
01/26/2013,GEG,WA,ANM,WE,Combined TRACON& Tower with Radar,56,14,3,0,73,0,0,0,0,0,56,14,3,0,73,0,0,0,73
01/27/2013,GEG,WA,ANM,WE,Combined TRACON& Tower with Radar,68,7,2,0,77,0,0,0,0,0,68,7,2,0,77,0,0,0,77
01/28/2013,GEG,WA,ANM,WE,Combined TRACON& Tower with Radar,77,26,8,4,115,0,0,0,0,0,77,26,8,4,115,0,2,2,117
01/29/2013,GEG,WA,ANM,WE,Combined TRACON& Tower with Radar,88,26,17,15,146,0,0,11,1,12,88,26,28,16,158,24,16,40,198
01/30/2013,GEG,WA,ANM,WE,Combined TRACON& Tower with Radar,95,29,15,8,147,0,0,9,0,9,95,29,24,8,156,12,10,22,178
01/31/2013,GEG,WA,ANM,WE,Combined TRACON& Tower with Radar,100,30,9,5,144,0,0,0,0,0,100,30,9,5,144,0,0,0,144
02/01/2013,GEG,WA,ANM,WE,Combined TRACON& Tower with Radar,94,29,18,9,150,0,0,8,0,8,94,29,26,9,158,22,0,22,180
02/02/2013,GEG,WA,ANM,WE,Combined TRACON& Tower with Radar,64,8,3,0,75,0,0,0,0,0,64,8,3,0,75,2,0,2,77
02/03/2013,GEG,WA,ANM,WE,Combined TRACON& Tower with Radar,82,7,7,1,97,0,0,0,0,0,82,7,7,1,97,0,0,0,97
02/04/2013,GEG,WA,ANM,WE,Combined TRACON& Tower with Radar,87,22,18,15,142,0,0,1,0,1,87,22,19,15,143,4,12,16,159
02/05/2013,GEG,WA,ANM,WE,Combined TRACON& Tower with Radar,94,28,11,9,142,0,1,13,0,14,94,29,24,9,156,8,0,8,164
02/06/2013,GEG,WA,ANM,WE,Combined TRACON& Tower with Radar,90,28,17,5,140,0,1,12,0,13,90,29,29,5,153,8,2,10,163
02/07/2013,GEG,WA,ANM,WE,Combined TRACON& Tower with Radar,96,35,14,1,146,0,0,0,2,2,96,35,14,3,148,2,0,2,150
02/08/2013,GEG,WA,ANM,WE,Combined TRACON& Tower with Radar,91,31,14,5,141,0,0,5,0,5,91,31,19,5,146,0,0,0,146
02/09/2013,GEG,WA,ANM,WE,Combined TRACON& Tower with Radar,65,18,13,1,97,0,1,0,0,1,65,19,13,1,98,4,0,4,102
02/10/2013,GEG,WA,ANM,WE,Combined TRACON& Tower with Radar,81,8,6,0,95,0,0,0,0,0,81,8,6,0,95,2,0,2,97
02/11/2013,GEG,WA,ANM,WE,Combined TRACON& Tower with Radar,87,28,12,2,129,0,0,9,0,9,87,28,21,2,138,2,0,2,140
02/12/2013,GEG,WA,ANM,WE,Combined TRACON& Tower with Radar,93,29,11,2,135,0,1,6,0,7,93,30,17,2,142,0,0,0,142
02/13/2013,GEG,WA,ANM,WE,Combined TRACON& Tower with Radar,96,33,20,2,151,0,0,23,0,23,96,33,43,2,174,12,0,12,186
02/14/2013,GEG,WA,ANM,WE,Combined TRACON& Tower with Radar,98,33,18,2,151,0,2,19,5,26,98,35,37,7,177,10,0,10,187
02/15/2013,GEG,WA,ANM,WE,Combined TRACON& Tower with Radar,93,30,12,2,137,0,1,36,0,37,93,31,48,2,174,52,0,52,226
02/16/2013,GEG,WA,ANM,WE,Combined TRACON& Tower with Radar,70,19,8,0,97,0,0,9,0,9,70,19,17,0,106,14,0,14,120
02/17/2013,GEG,WA,ANM,WE,Combined TRACON& Tower with Radar,77,3,9,0,89,0,0,12,0,12,77,3,21,0,101,14,0,14,115
02/18/2013,GEG,WA,ANM,WE,Combined TRACON& Tower with Radar,90,30,21,4,145,0,2,22,0,24,90,32,43,4,169,30,0,30,199
02/19/2013,GEG,WA,ANM,WE,Combined TRACON& Tower with Radar,100,23,13,8,144,0,0,0,0,0,100,23,13,8,144,0,0,0,144
02/20/2013,GEG,WA,ANM,WE,Combined TRACON& Tower with Radar,96,34,19,2,151,0,0,4,0,4,96,34,23,2,155,16,0,16,171
02/21/2013,GEG,WA,ANM,WE,Combined TRACON& Tower with Radar,101,29,7,3,140,0,0,0,0,0,101,29,7,3,140,0,0,0,140
02/22/2013,GEG,WA,ANM,WE,Combined TRACON& Tower with Radar,97,30,11,7,145,0,0,0,0,0,97,30,11,7,145,0,0,0,145
02/23/2013,GEG,WA,ANM,WE,Combined TRACON& Tower with Radar,72,19,10,0,101,0,0,13,0,13,72,19,23,0,114,8,0,8,122
02/24/2013,GEG,WA,ANM,WE,Combined TRACON& Tower with Radar,79,11,16,1,107,0,0,9,0,9,79,11,25,1,116,26,0,26,142
02/25/2013,GEG,WA,ANM,WE,Combined TRACON& Tower with Radar,92,25,16,4,137,0,0,0,1,1,92,25,16,5,138,0,0,0,138
02/26/2013,GEG,WA,ANM,WE,Combined TRACON& Tower with Radar,97,23,21,4,145,0,0,24,2,26,97,23,45,6,171,52,0,52,223
02/27/2013,GEG,WA,ANM,WE,Combined TRACON& Tower with Radar,99,24,30,1,154,0,0,24,0,24,99,24,54,1,178,8,0,8,186
02/28/2013,GEG,WA,ANM,WE,Combined TRACON& Tower with Radar,99,35,23,4,161,0,0,2,0,2,99,35,25,4,163,0,2,2,165
03/01/2013,GEG,WA,ANM,WE,Combined TRACON& Tower with Radar,93,37,24,0,154,0,2,14,0,16,93,39,38,0,170,6,0,6,176
03/02/2013,GEG,WA,ANM,WE,Combined TRACON& Tower with Radar,74,21,14,0,109,0,0,17,0,17,74,21,31,0,126,4,0,4,130
03/03/2013,GEG,WA,ANM,WE,Combined TRACON& Tower with Radar,91,6,11,1,109,0,0,10,0,10,91,6,21,1,119,4,10,14,133
03/04/2013,GEG,WA,ANM,WE,Combined TRACON& Tower with Radar,92,20,16,0,128,0,4,30,0,34,92,24,46,0,162,6,0,6,168
03/05/2013,GEG,WA,ANM,WE,Combined TRACON& Tower with Radar,98,22,17,0,137,0,0,6,1,7,98,22,23,1,144,0,0,0,144
03/06/2013,GEG,WA,ANM,WE,Combined TRACON& Tower with Radar,104,26,16,0,146,0,0,2,0,2,104,26,18,0,148,0,0,0,148
03/07/2013,GEG,WA,ANM,WE,Combined TRACON& Tower with Radar,105,25,28,9,167,0,2,5,0,7,105,27,33,9,174,2,8,10,184
03/08/2013,GEG,WA,ANM,WE,Combined TRACON& Tower with Radar,95,29,14,2,140,0,1,5,0,6,95,30,19,2,146,6,10,16,162
03/09/2013,GEG,WA,ANM,WE,Combined TRACON& Tower with Radar,76,20,13,0,109,0,1,25,0,26,76,21,38,0,135,42,0,42,177
03/10/2013,GEG,WA,ANM,WE,Combined TRACON& Tower with Radar,89,2,12,1,104,0,0,18,0,18,89,2,30,1,122,18,0,18,140
03/11/2013,GEG,WA,ANM,WE,Combined TRACON& Tower with Radar,93,21,27,2,143,0,0,19,0,19,93,21,46,2,162,23,0,23,185
03/12/2013,GEG,WA,ANM,WE,Combined TRACON& Tower with Radar,102,27,21,9,159,0,1,3,1,5,102,28,24,10,164,0,6,6,170
03/13/2013,GEG,WA,ANM,WE,Combined TRACON& Tower with Radar,99,28,17,8,152,0,1,15,0,16,99,29,32,8,168,14,2,16,184
03/14/2013,GEG,WA,ANM,WE,Combined TRACON& Tower with Radar,100,30,19,7,156,0,0,22,2,24,100,30,41,9,180,18,0,18,198
03/15/2013,GEG,WA,ANM,WE,Combined TRACON& Tower with Radar,97,26,23,2,148,0,0,21,0,21,97,26,44,2,169,38,0,38,207
03/16/2013,GEG,WA,ANM,WE,Combined TRACON& Tower with Radar,79,23,6,2,110,0,2,8,0,10,79,25,14,2,120,8,0,8,128
03/17/2013,GEG,WA,ANM,WE,Combined TRACON& Tower with Radar,88,8,4,1,101,0,0,4,0,4,88,8,8,1,105,0,0,0,105
03/18/2013,GEG,WA,ANM,WE,Combined TRACON& Tower with Radar,90,24,14,3,131,0,2,0,0,2,90,26,14,3,133,2,0,2,135
03/19/2013,GEG,WA,ANM,WE,Combined TRACON& Tower with Radar,97,22,17,0,136,0,1,19,0,20,97,23,36,0,156,14,0,14,170
03/20/2013,GEG,WA,ANM,WE,Combined TRACON& Tower with Radar,101,27,18,1,147,0,0,1,0,1,101,27,19,1,148,6,0,6,154
03/21/2013,GEG,WA,ANM,WE,Combined TRACON& Tower with Radar,100,30,16,5,151,0,2,2,0,4,100,32,18,5,155,2,0,2,157
03/22/2013,GEG,WA,ANM,WE,Combined TRACON& Tower with Radar,93,31,21,3,148,0,0,11,0,11,93,31,32,3,159,26,0,26,185
03/23/2013,GEG,WA,ANM,WE,Combined TRACON& Tower with Radar,81,16,22,0,119,0,0,17,2,19,81,16,39,2,138,36,0,36,174
03/24/2013,GEG,WA,ANM,WE,Combined TRACON& Tower with Radar,90,2,15,0,107,0,0,9,0,9,90,2,24,0,116,22,0,22,138
03/25/2013,GEG,WA,ANM,WE,Combined TRACON& Tower with Radar,98,20,15,2,135,0,0,7,0,7,98,20,22,2,142,14,0,14,156
03/26/2013,GEG,WA,ANM,WE,Combined TRACON& Tower with Radar,104,27,17,4,152,0,0,7,0,7,104,27,24,4,159,10,0,10,169
03/27/2013,GEG,WA,ANM,WE,Combined TRACON& Tower with Radar,99,23,25,4,151,0,2,21,0,23,99,25,46,4,174,30,4,34,208
03/28/2013,GEG,WA,ANM,WE,Combined TRACON& Tower with Radar,106,28,20,4,158,0,1,9,1,11,106,29,29,5,169,4,0,4,173
03/29/2013,GEG,WA,ANM,WE,Combined TRACON& Tower with Radar,102,31,14,4,151,0,1,21,0,22,102,32,35,4,173,20,4,24,197
03/30/2013,GEG,WA,ANM,WE,Combined TRACON& Tower with Radar,79,18,5,0,102,0,1,27,0,28,79,19,32,0,130,20,0,20,150
03/31/2013,GEG,WA,ANM,WE,Combined TRACON& Tower with Radar,94,2,7,0,103,0,1,7,0,8,94,3,14,0,111,6,0,6,117
04/01/2013,GEG,WA,ANM,WE,Combined TRACON& Tower with Radar,93,20,20,0,133,0,0,14,0,14,93,20,34,0,147,2,0,2,149
04/02/2013,GEG,WA,ANM,WE,Combined TRACON& Tower with Radar,100,31,24,1,156,0,0,24,0,24,100,31,48,1,180,32,0,32,212
04/03/2013,GEG,WA,ANM,WE,Combined TRACON& Tower with Radar,101,24,27,4,156,0,0,19,0,19,101,24,46,4,175,14,0,14,189
04/04/2013,GEG,WA,ANM,WE,Combined TRACON& Tower with Radar,104,26,27,4,161,0,2,19,0,21,104,28,46,4,182,26,0,26,208
04/05/2013,GEG,WA,ANM,WE,Combined TRACON& Tower with Radar,97,28,22,7,154,0,1,8,0,9,97,29,30,7,163,4,0,4,167
04/06/2013,GEG,WA,ANM,WE,Combined TRACON& Tower with Radar,77,18,8,0,103,0,1,8,0,9,77,19,16,0,112,2,0,2,114
04/07/2013,GEG,WA,ANM,WE,Combined TRACON& Tower with Radar,85,3,17,0,105,0,1,0,0,1,85,4,17,0,106,0,0,0,106
04/08/2013,GEG,WA,ANM,WE,Combined TRACON& Tower with Radar,94,26,8,0,128,0,0,4,0,4,94,26,12,0,132,8,0,8,140
04/09/2013,GEG,WA,ANM,WE,Combined TRACON& Tower with Radar,100,26,20,0,146,0,0,22,0,22,100,26,42,0,168,36,0,36,204
04/10/2013,GEG,WA,ANM,WE,Combined TRACON& Tower with Radar,100,25,28,0,153,0,0,4,0,4,100,25,32,0,157,6,0,6,163
04/11/2013,GEG,WA,ANM,WE,Combined TRACON& Tower with Radar,101,32,21,7,161,0,0,32,0,32,101,32,53,7,193,24,6,30,223
04/12/2013,GEG,WA,ANM,WE,Combined TRACON& Tower with Radar,96,28,14,12,150,0,0,24,0,24,96,28,38,12,174,16,8,24,198
04/13/2013,GEG,WA,ANM,WE,Combined TRACON& Tower with Radar,79,18,1,2,100,0,0,5,0,5,79,18,6,2,105,12,6,18,123
04/14/2013,GEG,WA,ANM,WE,Combined TRACON& Tower with Radar,80,3,4,0,87,0,0,3,0,3,80,3,7,0,90,0,0,0,90
04/15/2013,GEG,WA,ANM,WE,Combined TRACON& Tower with Radar,91,28,12,1,132,0,0,19,0,19,91,28,31,1,151,4,18,22,173
04/16/2013,GEG,WA,ANM,WE,Combined TRACON& Tower with Radar,107,30,17,5,159,0,0,17,1,18,107,30,34,6,177,4,2,6,183
04/17/2013,GEG,WA,ANM,WE,Combined TRACON& Tower with Radar,97,32,23,2,154,0,0,19,0,19,97,32,42,2,173,8,0,8,181
04/18/2013,GEG,WA,ANM,WE,Combined TRACON& Tower with Radar,102,32,16,8,158,0,1,14,0,15,102,33,30,8,173,14,4,18,191
04/19/2013,GEG,WA,ANM,WE,Combined TRACON& Tower with Radar,101,31,15,0,147,0,2,10,0,12,101,33,25,0,159,0,0,0,159
04/20/2013,GEG,WA,ANM,WE,Combined TRACON& Tower with Radar,75,16,10,0,101,0,0,11,0,11,75,16,21,0,112,0,6,6,118
04/21/2013,GEG,WA,ANM,WE,Combined TRACON& Tower with Radar,90,10,10,0,110,0,0,15,0,15,90,10,25,0,125,24,0,24,149
04/22/2013,GEG,WA,ANM,WE,Combined TRACON& Tower with Radar,85,24,21,0,130,0,0,22,0,22,85,24,43,0,152,12,2,14,166
04/23/2013,GEG,WA,ANM,WE,Combined TRACON& Tower with Radar,101,25,20,0,146,0,0,23,0,23,101,25,43,0,169,28,0,28,197
04/24/2013,GEG,WA,ANM,WE,Combined TRACON& Tower with Radar,101,25,27,10,163,0,0,31,0,31,101,25,58,10,194,12,8,20,214
04/25/2013,GEG,WA,ANM,WE,Combined TRACON& Tower with Radar,98,27,31,2,158,0,0,38,0,38,98,27,69,2,196,42,0,42,238
04/26/2013,GEG,WA,ANM,WE,Combined TRACON& Tower with Radar,98,29,14,10,151,0,4,20,0,24,98,33,34,10,175,26,4,30,205
04/27/2013,GEG,WA,ANM,WE,Combined TRACON& Tower with Radar,75,17,5,0,97,0,1,18,0,19,75,18,23,0,116,18,0,18,134
04/28/2013,GEG,WA,ANM,WE,Combined TRACON& Tower with Radar,86,5,4,0,95,0,0,6,0,6,86,5,10,0,101,26,0,26,127
04/29/2013,GEG,WA,ANM,WE,Combined TRACON& Tower with Radar,97,21,8,2,128,0,0,3,0,3,97,21,11,2,131,0,0,0,131
04/30/2013,GEG,WA,ANM,WE,Combined TRACON& Tower with Radar,96,28,11,2,137,0,0,6,0,6,96,28,17,2,143,0,4,4,147
05/01/2013,GEG,WA,ANM,WE,Combined TRACON& Tower with Radar,103,29,22,0,154,0,0,37,0,37,103,29,59,0,191,24,0,24,215
05/02/2013,GEG,WA,ANM,WE,Combined TRACON& Tower with Radar,101,27,8,0,136,0,2,20,0,22,101,29,28,0,158,6,0,6,164
05/03/2013,GEG,WA,ANM,WE,Combined TRACON& Tower with Radar,97,28,14,0,139,0,0,9,0,9,97,28,23,0,148,16,0,16,164
05/04/2013,GEG,WA,ANM,WE,Combined TRACON& Tower with Radar,77,16,12,2,107,0,1,16,0,17,77,17,28,2,124,2,0,2,126
05/05/2013,GEG,WA,ANM,WE,Combined TRACON& Tower with Radar,86,5,12,0,103,0,2,31,2,35,86,7,43,2,138,14,0,14,152
05/06/2013,GEG,WA,ANM,WE,Combined TRACON& Tower with Radar,90,27,16,0,133,0,0,10,0,10,90,27,26,0,143,20,0,20,163
05/07/2013,GEG,WA,ANM,WE,Combined TRACON& Tower with Radar,115,25,15,3,158,0,0,20,0,20,115,25,35,3,178,18,0,18,196
05/08/2013,GEG,WA,ANM,WE,Combined TRACON& Tower with Radar,100,29,28,0,157,0,0,39,0,39,100,29,67,0,196,40,0,40,236
05/09/2013,GEG,WA,ANM,WE,Combined TRACON& Tower with Radar,100,45,24,0,169,0,0,22,0,22,100,45,46,0,191,28,16,44,235
05/10/2013,GEG,WA,ANM,WE,Combined TRACON& Tower with Radar,100,26,26,3,155,0,1,49,0,50,100,27,75,3,205,2,0,2,207
05/11/2013,GEG,WA,ANM,WE,Combined TRACON& Tower with Radar,71,28,10,2,111,0,0,34,0,34,71,28,44,2,145,66,0,66,211
05/12/2013,GEG,WA,ANM,WE,Combined TRACON& Tower with Radar,87,15,11,4,117,0,1,12,0,13,87,16,23,4,130,8,0,8,138
05/13/2013,GEG,WA,ANM,WE,Combined TRACON& Tower with Radar,91,26,10,11,138,0,0,10,1,11,91,26,20,12,149,0,0,0,149
05/14/2013,GEG,WA,ANM,WE,Combined TRACON& Tower with Radar,101,39,16,2,158,0,0,33,2,35,101,39,49,4,193,30,0,30,223
05/15/2013,GEG,WA,ANM,WE,Combined TRACON& Tower with Radar,101,26,23,0,150,0,0,22,0,22,101,26,45,0,172,56,0,56,228
05/16/2013,GEG,WA,ANM,WE,Combined TRACON& Tower with Radar,106,31,23,0,160,0,1,21,0,22,106,32,44,0,182,34,0,34,216
05/17/2013,GEG,WA,ANM,WE,Combined TRACON& Tower with Radar,100,49,21,2,172,0,0,38,1,39,100,49,59,3,211,16,0,16,227
05/18/2013,GEG,WA,ANM,WE,Combined TRACON& Tower with Radar,72,23,11,2,108,0,1,6,1,8,72,24,17,3,116,12,0,12,128
05/19/2013,GEG,WA,ANM,WE,Combined TRACON& Tower with Radar,82,8,10,0,100,0,1,17,0,18,82,9,27,0,118,6,0,6,124
05/20/2013,GEG,WA,ANM,WE,Combined TRACON& Tower with Radar,87,26,18,1,132,0,0,31,2,33,87,26,49,3,165,76,0,76,241
05/21/2013,GEG,WA,ANM,WE,Combined TRACON& Tower with Radar,100,24,16,5,145,0,0,22,0,22,100,24,38,5,167,64,0,64,231
05/22/2013,GEG,WA,ANM,WE,Combined TRACON& Tower with Radar,101,28,19,2,150,0,0,6,1,7,101,28,25,3,157,0,0,0,157
05/23/2013,GEG,WA,ANM,WE,Combined TRACON& Tower with Radar,101,32,9,14,156,0,0,16,0,16,101,32,25,14,172,44,0,44,216
05/24/2013,GEG,WA,ANM,WE,Combined TRACON& Tower with Radar,94,29,22,3,148,0,1,12,0,13,94,30,34,3,161,6,0,6,167
05/25/2013,GEG,WA,ANM,WE,Combined TRACON& Tower with Radar,69,17,8,2,96,0,6,29,0,35,69,23,37,2,131,16,0,16,147
05/26/2013,GEG,WA,ANM,WE,Combined TRACON& Tower with Radar,62,3,11,0,76,0,0,47,0,47,62,3,58,0,123,18,0,18,141
05/27/2013,GEG,WA,ANM,WE,Combined TRACON& Tower with Radar,76,11,7,0,94,0,0,11,0,11,76,11,18,0,105,8,0,8,113
05/28/2013,GEG,WA,ANM,WE,Combined TRACON& Tower with Radar,88,19,22,8,137,0,1,8,0,9,88,20,30,8,146,12,0,12,158
05/29/2013,GEG,WA,ANM,WE,Combined TRACON& Tower with Radar,104,24,16,13,157,0,0,11,1,12,104,24,27,14,169,24,2,26,195
05/30/2013,GEG,WA,ANM,WE,Combined TRACON& Tower with Radar,100,27,19,9,155,0,0,29,0,29,100,27,48,9,184,28,8,36,220
05/31/2013,GEG,WA,ANM,WE,Combined TRACON& Tower with Radar,98,26,18,2,144,0,2,34,0,36,98,28,52,2,180,52,10,62,242
06/01/2013,GEG,WA,ANM,WE,Combined TRACON& Tower with Radar,72,14,18,0,104,0,0,32,0,32,72,14,50,0,136,28,0,28,164
06/02/2013,GEG,WA,ANM,WE,Combined TRACON& Tower with Radar,86,2,7,0,95,0,0,16,0,16,86,2,23,0,111,18,0,18,129
06/03/2013,GEG,WA,ANM,WE,Combined TRACON& Tower with Radar,97,21,13,5,136,0,0,29,0,29,97,21,42,5,165,36,10,46,211
06/04/2013,GEG,WA,ANM,WE,Combined TRACON& Tower with Radar,105,33,11,3,152,0,0,42,0,42,105,33,53,3,194,28,0,28,222
06/05/2013,GEG,WA,ANM,WE,Combined TRACON& Tower with Radar,105,28,13,5,151,0,0,38,0,38,105,28,51,5,189,8,0,8,197
06/06/2013,GEG,WA,ANM,WE,Combined TRACON& Tower with Radar,96,25,19,29,169,0,1,35,0,36,96,26,54,29,205,50,20,70,275
06/07/2013,GEG,WA,ANM,WE,Combined TRACON& Tower with Radar,96,25,9,2,132,0,0,19,0,19,96,25,28,2,151,4,0,4,155
06/08/2013,GEG,WA,ANM,WE,Combined TRACON& Tower with Radar,77,15,10,0,102,0,0,32,0,32,77,15,42,0,134,20,0,20,154
06/09/2013,GEG,WA,ANM,WE,Combined TRACON& Tower with Radar,91,11,18,0,120,0,0,32,0,32,91,11,50,0,152,14,0,14,166
06/10/2013,GEG,WA,ANM,WE,Combined TRACON& Tower with Radar,95,18,15,0,128,0,2,37,0,39,95,20,52,0,167,36,0,36,203
06/11/2013,GEG,WA,ANM,WE,Combined TRACON& Tower with Radar,105,33,16,33,187,0,1,19,4,24,105,34,35,37,211,56,38,94,305
06/12/2013,GEG,WA,ANM,WE,Combined TRACON& Tower with Radar,107,25,17,1,150,0,4,32,0,36,107,29,49,1,186,26,0,26,212
06/13/2013,GEG,WA,ANM,WE,Combined TRACON& Tower with Radar,105,22,19,0,146,0,3,20,0,23,105,25,39,0,169,60,0,60,229
06/14/2013,GEG,WA,ANM,WE,Combined TRACON& Tower with Radar,106,51,20,9,186,0,2,30,0,32,106,53,50,9,218,44,0,44,262
06/15/2013,GEG,WA,ANM,WE,Combined TRACON& Tower with Radar,83,17,10,0,110,0,0,30,0,30,83,17,40,0,140,54,0,54,194
06/16/2013,GEG,WA,ANM,WE,Combined TRACON& Tower with Radar,96,0,14,0,110,0,0,26,0,26,96,0,40,0,136,58,0,58,194
06/17/2013,GEG,WA,ANM,WE,Combined TRACON& Tower with Radar,102,18,19,2,141,0,0,23,2,25,102,18,42,4,166,22,0,22,188
06/18/2013,GEG,WA,ANM,WE,Combined TRACON& Tower with Radar,101,30,18,2,151,0,4,11,0,15,101,34,29,2,166,20,3,23,189
06/19/2013,GEG,WA,ANM,WE,Combined TRACON& Tower with Radar,109,24,28,7,168,0,0,0,0,0,109,24,28,7,168,2,0,2,170
06/20/2013,GEG,WA,ANM,WE,Combined TRACON& Tower with Radar,106,31,17,18,172,0,0,2,0,2,106,31,19,18,174,0,16,16,190
06/21/2013,GEG,WA,ANM,WE,Combined TRACON& Tower with Radar,99,25,17,0,141,0,2,22,0,24,99,27,39,0,165,40,0,40,205
06/22/2013,GEG,WA,ANM,WE,Combined TRACON& Tower with Radar,87,14,12,0,113,0,0,32,0,32,87,14,44,0,145,56,0,56,201
06/23/2013,GEG,WA,ANM,WE,Combined TRACON& Tower with Radar,96,0,9,1,106,0,0,26,2,28,96,0,35,3,134,66,0,66,200
06/24/2013,GEG,WA,ANM,WE,Combined TRACON& Tower with Radar,103,22,28,3,156,0,0,2,0,2,103,22,30,3,158,4,0,4,162
06/25/2013,GEG,WA,ANM,WE,Combined TRACON& Tower with Radar,110,27,20,7,164,0,0,27,0,27,110,27,47,7,191,56,6,62,253
06/26/2013,GEG,WA,ANM,WE,Combined TRACON& Tower with Radar,112,23,23,8,166,0,0,32,0,32,112,23,55,8,198,14,0,14,212
06/27/2013,GEG,WA,ANM,WE,Combined TRACON& Tower with Radar,112,27,18,2,159,0,0,31,0,31,112,27,49,2,190,54,0,54,244
06/28/2013,GEG,WA,ANM,WE,Combined TRACON& Tower with Radar,111,25,18,0,154,0,3,44,0,47,111,28,62,0,201,16,0,16,217
06/29/2013,GEG,WA,ANM,WE,Combined TRACON& Tower with Radar,89,16,6,0,111,0,1,11,0,12,89,17,17,0,123,12,0,12,135
06/30/2013,GEG,WA,ANM,WE,Combined TRACON& Tower with Radar,92,3,13,0,108,0,0,25,0,25,92,3,38,0,133,32,0,32,165
07/01/2013,GEG,WA,ANM,WE,Combined TRACON& Tower with Radar,97,20,10,0,127,0,0,33,0,33,97,20,43,0,160,44,0,44,204
07/02/2013,GEG,WA,ANM,WE,Combined TRACON& Tower with Radar,109,28,15,2,154,0,1,32,0,33,109,29,47,2,187,94,0,94,281
07/03/2013,GEG,WA,ANM,WE,Combined TRACON& Tower with Radar,122,25,11,8,166,0,2,37,2,41,122,27,48,10,207,56,6,62,269
07/04/2013,GEG,WA,ANM,WE,Combined TRACON& Tower with Radar,69,2,3,1,75,0,1,20,0,21,69,3,23,1,96,0,0,0,96
07/05/2013,GEG,WA,ANM,WE,Combined TRACON& Tower with Radar,85,29,5,0,119,0,1,24,0,25,85,30,29,0,144,22,0,22,166
07/06/2013,GEG,WA,ANM,WE,Combined TRACON& Tower with Radar,87,21,6,0,114,0,1,19,0,20,87,22,25,0,134,36,0,36,170
07/07/2013,GEG,WA,ANM,WE,Combined TRACON& Tower with Radar,98,1,14,0,113,0,2,28,0,30,98,3,42,0,143,20,0,20,163
07/08/2013,GEG,WA,ANM,WE,Combined TRACON& Tower with Radar,96,21,17,0,134,0,0,18,0,18,96,21,35,0,152,0,0,0,152
07/09/2013,GEG,WA,ANM,WE,Combined TRACON& Tower with Radar,107,31,16,0,154,0,0,38,1,39,107,31,54,1,193,76,0,76,269
07/10/2013,GEG,WA,ANM,WE,Combined TRACON& Tower with Radar,113,22,19,2,156,0,3,23,0,26,113,25,42,2,182,28,0,28,210
07/11/2013,GEG,WA,ANM,WE,Combined TRACON& Tower with Radar,110,22,20,6,158,0,3,26,0,29,110,25,46,6,187,50,0,50,237
07/12/2013,GEG,WA,ANM,WE,Combined TRACON& Tower with Radar,106,29,18,0,153,0,1,49,0,50,106,30,67,0,203,20,0,20,223
07/13/2013,GEG,WA,ANM,WE,Combined TRACON& Tower with Radar,87,18,21,0,126,0,0,25,0,25,87,18,46,0,151,10,0,10,161
07/14/2013,GEG,WA,ANM,WE,Combined TRACON& Tower with Radar,94,2,18,0,114,0,0,26,0,26,94,2,44,0,140,32,0,32,172
07/15/2013,GEG,WA,ANM,WE,Combined TRACON& Tower with Radar,102,19,26,0,147,0,0,37,0,37,102,19,63,0,184,52,0,52,236
07/16/2013,GEG,WA,ANM,WE,Combined TRACON& Tower with Radar,109,38,19,0,166,0,3,33,0,36,109,41,52,0,202,32,0,32,234
07/17/2013,GEG,WA,ANM,WE,Combined TRACON& Tower with Radar,112,30,8,0,150,0,0,31,0,31,112,30,39,0,181,34,0,34,215
07/18/2013,GEG,WA,ANM,WE,Combined TRACON& Tower with Radar,113,26,14,1,154,0,1,20,0,21,113,27,34,1,175,22,0,22,197
07/19/2013,GEG,WA,ANM,WE,Combined TRACON& Tower with Radar,105,21,20,0,146,0,2,50,0,52,105,23,70,0,198,44,0,44,242
07/20/2013,GEG,WA,ANM,WE,Combined TRACON& Tower with Radar,85,18,17,0,120,0,2,82,12,96,85,20,99,12,216,114,0,114,330
07/21/2013,GEG,WA,ANM,WE,Combined TRACON& Tower with Radar,95,9,20,0,124,0,0,21,0,21,95,9,41,0,145,6,0,6,151
07/22/2013,GEG,WA,ANM,WE,Combined TRACON& Tower with Radar,103,24,14,3,144,0,0,23,0,23,103,24,37,3,167,44,0,44,211
07/23/2013,GEG,WA,ANM,WE,Combined TRACON& Tower with Radar,110,22,22,2,156,0,1,33,1,35,110,23,55,3,191,30,0,30,221
07/24/2013,GEG,WA,ANM,WE,Combined TRACON& Tower with Radar,121,24,21,10,176,0,2,54,0,56,121,26,75,10,232,52,10,62,294
07/25/2013,GEG,WA,ANM,WE,Combined TRACON& Tower with Radar,110,24,5,16,155,0,2,32,8,42,110,26,37,24,197,38,0,38,235
07/26/2013,GEG,WA,ANM,WE,Combined TRACON& Tower with Radar,106,28,13,4,151,0,2,41,0,43,106,30,54,4,194,62,8,70,264
07/27/2013,GEG,WA,ANM,WE,Combined TRACON& Tower with Radar,88,18,9,0,115,0,0,27,0,27,88,18,36,0,142,48,0,48,190
07/28/2013,GEG,WA,ANM,WE,Combined TRACON& Tower with Radar,91,2,19,0,112,0,1,24,0,25,91,3,43,0,137,22,0,22,159
07/29/2013,GEG,WA,ANM,WE,Combined TRACON& Tower with Radar,105,25,15,11,156,0,4,42,1,47,105,29,57,12,203,18,4,22,225
07/30/2013,GEG,WA,ANM,WE,Combined TRACON& Tower with Radar,114,24,16,0,154,0,1,18,0,19,114,25,34,0,173,14,32,46,219
07/31/2013,GEG,WA,ANM,WE,Combined TRACON& Tower with Radar,111,24,29,6,170,0,2,23,1,26,111,26,52,7,196,0,0,0,196
08/01/2013,GEG,WA,ANM,WE,Combined TRACON& Tower with Radar,114,23,22,3,162,0,0,14,0,14,114,23,36,3,176,32,0,32,208
08/02/2013,GEG,WA,ANM,WE,Combined TRACON& Tower with Radar,106,28,13,0,147,0,0,4,0,4,106,28,17,0,151,2,0,2,153
08/03/2013,GEG,WA,ANM,WE,Combined TRACON& Tower with Radar,89,11,30,1,131,0,3,23,1,27,89,14,53,2,158,36,0,36,194
08/04/2013,GEG,WA,ANM,WE,Combined TRACON& Tower with Radar,97,2,27,1,127,0,0,17,0,17,97,2,44,1,144,30,0,30,174
08/05/2013,GEG,WA,ANM,WE,Combined TRACON& Tower with Radar,99,20,14,5,138,0,1,31,0,32,99,21,45,5,170,84,0,84,254
08/06/2013,GEG,WA,ANM,WE,Combined TRACON& Tower with Radar,112,26,33,2,173,0,0,25,1,26,112,26,58,3,199,64,0,64,263
08/07/2013,GEG,WA,ANM,WE,Combined TRACON& Tower with Radar,110,29,15,2,156,0,2,22,1,25,110,31,37,3,181,64,0,64,245
08/08/2013,GEG,WA,ANM,WE,Combined TRACON& Tower with Radar,109,23,34,3,169,0,1,47,0,48,109,24,81,3,217,28,0,28,245
08/09/2013,GEG,WA,ANM,WE,Combined TRACON& Tower with Radar,105,24,6,0,135,0,2,22,0,24,105,26,28,0,159,60,0,60,219
08/10/2013,GEG,WA,ANM,WE,Combined TRACON& Tower with Radar,84,24,20,0,128,0,0,16,0,16,84,24,36,0,144,56,0,56,200
08/11/2013,GEG,WA,ANM,WE,Combined TRACON& Tower with Radar,97,12,17,1,127,0,1,16,0,17,97,13,33,1,144,6,0,6,150
08/12/2013,GEG,WA,ANM,WE,Combined TRACON& Tower with Radar,97,22,21,0,140,0,0,17,0,17,97,22,38,0,157,50,0,50,207
08/13/2013,GEG,WA,ANM,WE,Combined TRACON& Tower with Radar,108,28,45,0,181,0,0,32,0,32,108,28,77,0,213,42,0,42,255
08/14/2013,GEG,WA,ANM,WE,Combined TRACON& Tower with Radar,116,25,37,12,190,0,0,40,2,42,116,25,77,14,232,46,0,46,278
08/15/2013,GEG,WA,ANM,WE,Combined TRACON& Tower with Radar,108,25,27,2,162,0,0,40,0,40,108,25,67,2,202,48,0,48,250
08/16/2013,GEG,WA,ANM,WE,Combined TRACON& Tower with Radar,107,25,32,3,167,0,0,23,1,24,107,25,55,4,191,104,0,104,295
08/17/2013,GEG,WA,ANM,WE,Combined TRACON& Tower with Radar,89,16,21,0,126,0,0,23,0,23,89,16,44,0,149,2,0,2,151
08/18/2013,GEG,WA,ANM,WE,Combined TRACON& Tower with Radar,94,1,11,0,106,0,0,35,0,35,94,1,46,0,141,46,0,46,187
08/19/2013,GEG,WA,ANM,WE,Combined TRACON& Tower with Radar,99,21,22,1,143,0,0,22,0,22,99,21,44,1,165,36,0,36,201
08/20/2013,GEG,WA,ANM,WE,Combined TRACON& Tower with Radar,112,22,19,1,154,0,8,24,0,32,112,30,43,1,186,40,0,40,226
08/21/2013,GEG,WA,ANM,WE,Combined TRACON& Tower with Radar,114,27,28,1,170,0,2,30,1,33,114,29,58,2,203,6,0,6,209
08/22/2013,GEG,WA,ANM,WE,Combined TRACON& Tower with Radar,105,37,16,0,158,0,3,34,0,37,105,40,50,0,195,22,0,22,217
08/23/2013,GEG,WA,ANM,WE,Combined TRACON& Tower with Radar,104,29,10,3,146,0,2,14,0,16,104,31,24,3,162,16,0,16,178
08/24/2013,GEG,WA,ANM,WE,Combined TRACON& Tower with Radar,85,14,12,2,113,0,0,17,0,17,85,14,29,2,130,30,0,30,160
08/25/2013,GEG,WA,ANM,WE,Combined TRACON& Tower with Radar,98,4,17,0,119,0,0,18,0,18,98,4,35,0,137,8,0,8,145
08/26/2013,GEG,WA,ANM,WE,Combined TRACON& Tower with Radar,102,20,18,3,143,0,0,22,0,22,102,20,40,3,165,18,0,18,183
08/27/2013,GEG,WA,ANM,WE,Combined TRACON& Tower with Radar,113,25,20,2,160,0,1,27,1,29,113,26,47,3,189,22,0,22,211
08/28/2013,GEG,WA,ANM,WE,Combined TRACON& Tower with Radar,115,23,17,9,164,0,0,29,0,29,115,23,46,9,193,12,0,12,205
08/29/2013,GEG,WA,ANM,WE,Combined TRACON& Tower with Radar,112,26,30,0,168,0,0,32,0,32,112,26,62,0,200,62,0,62,262
08/30/2013,GEG,WA,ANM,WE,Combined TRACON& Tower with Radar,103,29,15,3,150,0,2,19,0,21,103,31,34,3,171,50,0,50,221
08/31/2013,GEG,WA,ANM,WE,Combined TRACON& Tower with Radar,78,11,19,0,108,0,2,19,0,21,78,13,38,0,129,18,0,18,147
09/01/2013,GEG,WA,ANM,WE,Combined TRACON& Tower with Radar,71,4,7,0,82,0,1,17,0,18,71,5,24,0,100,30,0,30,130
09/02/2013,GEG,WA,ANM,WE,Combined TRACON& Tower with Radar,95,1,8,0,104,0,0,7,0,7,95,1,15,0,111,12,0,12,123
09/03/2013,GEG,WA,ANM,WE,Combined TRACON& Tower with Radar,99,18,14,0,131,0,0,17,0,17,99,18,31,0,148,42,0,42,190
09/04/2013,GEG,WA,ANM,WE,Combined TRACON& Tower with Radar,107,25,35,5,172,0,1,18,0,19,107,26,53,5,191,34,0,34,225
09/05/2013,GEG,WA,ANM,WE,Combined TRACON& Tower with Radar,116,32,15,0,163,0,0,5,0,5,116,32,20,0,168,22,0,22,190
09/06/2013,GEG,WA,ANM,WE,Combined TRACON& Tower with Radar,102,30,14,3,149,0,0,4,0,4,102,30,18,3,153,10,0,10,163
09/07/2013,GEG,WA,ANM,WE,Combined TRACON& Tower with Radar,84,19,18,0,121,0,0,20,0,20,84,19,38,0,141,20,0,20,161
09/08/2013,GEG,WA,ANM,WE,Combined TRACON& Tower with Radar,94,1,21,1,117,0,0,14,0,14,94,1,35,1,131,20,0,20,151
09/09/2013,GEG,WA,ANM,WE,Combined TRACON& Tower with Radar,93,23,19,1,136,0,2,22,1,25,93,25,41,2,161,25,0,25,186
09/10/2013,GEG,WA,ANM,WE,Combined TRACON& Tower with Radar,97,24,25,0,146,0,0,27,0,27,97,24,52,0,173,86,0,86,259
09/11/2013,GEG,WA,ANM,WE,Combined TRACON& Tower with Radar,102,26,30,0,158,0,3,24,1,28,102,29,54,1,186,50,14,64,250
09/12/2013,GEG,WA,ANM,WE,Combined TRACON& Tower with Radar,109,25,33,2,169,0,1,59,0,60,109,26,92,2,229,20,0,20,249
09/13/2013,GEG,WA,ANM,WE,Combined TRACON& Tower with Radar,106,33,32,2,173,0,0,36,0,36,106,33,68,2,209,44,0,44,253
09/14/2013,GEG,WA,ANM,WE,Combined TRACON& Tower with Radar,83,14,5,5,107,0,0,25,1,26,83,14,30,6,133,26,2,28,161
09/15/2013,GEG,WA,ANM,WE,Combined TRACON& Tower with Radar,101,1,19,2,123,0,1,21,0,22,101,2,40,2,145,8,0,8,153
09/16/2013,GEG,WA,ANM,WE,Combined TRACON& Tower with Radar,97,19,16,23,155,0,1,7,5,13,97,20,23,28,168,16,0,16,184
09/17/2013,GEG,WA,ANM,WE,Combined TRACON& Tower with Radar,100,28,12,15,155,0,1,19,0,20,100,29,31,15,175,17,6,23,198
09/18/2013,GEG,WA,ANM,WE,Combined TRACON& Tower with Radar,107,21,22,3,153,0,5,15,0,20,107,26,37,3,173,8,0,8,181
09/19/2013,GEG,WA,ANM,WE,Combined TRACON& Tower with Radar,111,25,10,2,148,0,0,46,0,46,111,25,56,2,194,46,0,46,240
09/20/2013,GEG,WA,ANM,WE,Combined TRACON& Tower with Radar,110,56,23,0,189,0,1,36,0,37,110,57,59,0,226,100,3,103,329
09/21/2013,GEG,WA,ANM,WE,Combined TRACON& Tower with Radar,81,12,18,0,111,0,0,25,0,25,81,12,43,0,136,50,0,50,186
09/22/2013,GEG,WA,ANM,WE,Combined TRACON& Tower with Radar,95,3,5,2,105,0,0,5,0,5,95,3,10,2,110,6,0,6,116
09/23/2013,GEG,WA,ANM,WE,Combined TRACON& Tower with Radar,98,18,24,49,189,0,0,9,0,9,98,18,33,49,198,34,2,36,234
09/24/2013,GEG,WA,ANM,WE,Combined TRACON& Tower with Radar,105,26,18,8,157,0,1,6,1,8,105,27,24,9,165,36,0,36,201
09/25/2013,GEG,WA,ANM,WE,Combined TRACON& Tower with Radar,109,30,22,4,165,0,1,6,0,7,109,31,28,4,172,4,2,6,178
09/26/2013,GEG,WA,ANM,WE,Combined TRACON& Tower with Radar,110,21,16,0,147,0,4,30,0,34,110,25,46,0,181,102,0,102,283
09/27/2013,GEG,WA,ANM,WE,Combined TRACON& Tower with Radar,102,27,13,1,143,0,0,22,2,24,102,27,35,3,167,4,0,4,171
09/28/2013,GEG,WA,ANM,WE,Combined TRACON& Tower with Radar,81,10,15,1,107,0,0,0,0,0,81,10,15,1,107,0,0,0,107
09/29/2013,GEG,WA,ANM,WE,Combined TRACON& Tower with Radar,90,4,7,0,101,0,0,3,0,3,90,4,10,0,104,4,0,4,108
09/30/2013,GEG,WA,ANM,WE,Combined TRACON& Tower with Radar,99,16,7,6,128,0,2,3,0,5,99,18,10,6,133,8,0,8,141
10/01/2013,GEG,WA,ANM,WE,Combined TRACON& Tower with Radar,102,25,7,3,137,0,0,18,0,18,102,25,25,3,155,20,0,20,175
10/02/2013,GEG,WA,ANM,WE,Combined TRACON& Tower with Radar,108,25,21,0,154,0,0,18,1,19,108,25,39,1,173,28,0,28,201
10/03/2013,GEG,WA,ANM,WE,Combined TRACON& Tower with Radar,110,30,21,2,163,0,1,37,0,38,110,31,58,2,201,26,0,26,227
10/04/2013,GEG,WA,ANM,WE,Combined TRACON& Tower with Radar,100,24,18,0,142,0,0,46,0,46,100,24,64,0,188,62,0,62,250
10/05/2013,GEG,WA,ANM,WE,Combined TRACON& Tower with Radar,81,13,7,0,101,0,1,37,0,38,81,14,44,0,139,10,0,10,149
10/06/2013,GEG,WA,ANM,WE,Combined TRACON& Tower with Radar,98,2,23,8,131,0,0,33,0,33,98,2,56,8,164,42,0,42,206
10/07/2013,GEG,WA,ANM,WE,Combined TRACON& Tower with Radar,98,17,11,6,132,0,0,31,1,32,98,17,42,7,164,52,0,52,216
10/08/2013,GEG,WA,ANM,WE,Combined TRACON& Tower with Radar,104,27,18,0,149,0,0,11,0,11,104,27,29,0,160,16,0,16,176
10/09/2013,GEG,WA,ANM,WE,Combined TRACON& Tower with Radar,109,28,29,0,166,0,0,38,0,38,109,28,67,0,204,80,0,80,284
10/10/2013,GEG,WA,ANM,WE,Combined TRACON& Tower with Radar,110,22,15,2,149,0,3,27,0,30,110,25,42,2,179,74,0,74,253
10/11/2013,GEG,WA,ANM,WE,Combined TRACON& Tower with Radar,104,27,12,0,143,0,1,28,0,29,104,28,40,0,172,28,0,28,200
10/12/2013,GEG,WA,ANM,WE,Combined TRACON& Tower with Radar,80,13,8,0,101,0,0,13,0,13,80,13,21,0,114,32,0,32,146
10/13/2013,GEG,WA,ANM,WE,Combined TRACON& Tower with Radar,98,4,15,0,117,0,2,23,0,25,98,6,38,0,142,34,0,34,176
10/14/2013,GEG,WA,ANM,WE,Combined TRACON& Tower with Radar,101,22,13,0,136,0,1,42,0,43,101,23,55,0,179,134,0,134,313
10/15/2013,GEG,WA,ANM,WE,Combined TRACON& Tower with Radar,104,30,12,2,148,0,3,23,0,26,104,33,35,2,174,53,0,53,227
10/16/2013,GEG,WA,ANM,WE,Combined TRACON& Tower with Radar,111,21,21,2,155,0,1,31,0,32,111,22,52,2,187,132,0,132,319
10/17/2013,GEG,WA,ANM,WE,Combined TRACON& Tower with Radar,111,25,22,1,159,0,3,26,0,29,111,28,48,1,188,16,0,16,204
10/18/2013,GEG,WA,ANM,WE,Combined TRACON& Tower with Radar,107,28,20,12,167,0,0,25,0,25,107,28,45,12,192,40,8,48,240
10/19/2013,GEG,WA,ANM,WE,Combined TRACON& Tower with Radar,89,16,17,0,122,0,0,23,0,23,89,16,40,0,145,44,0,44,189
10/20/2013,GEG,WA,ANM,WE,Combined TRACON& Tower with Radar,102,0,6,0,108,0,0,18,0,18,102,0,24,0,126,24,0,24,150
10/21/2013,GEG,WA,ANM,WE,Combined TRACON& Tower with Radar,100,18,13,1,132,0,0,25,0,25,100,18,38,1,157,29,12,41,198
10/22/2013,GEG,WA,ANM,WE,Combined TRACON& Tower with Radar,107,23,32,0,162,0,0,13,1,14,107,23,45,1,176,16,0,16,192
10/23/2013,GEG,WA,ANM,WE,Combined TRACON& Tower with Radar,113,23,23,0,159,0,0,20,0,20,113,23,43,0,179,0,0,0,179
10/24/2013,GEG,WA,ANM,WE,Combined TRACON& Tower with Radar,110,18,18,0,146,0,1,11,0,12,110,19,29,0,158,18,0,18,176
10/25/2013,GEG,WA,ANM,WE,Combined TRACON& Tower with Radar,106,22,19,1,148,0,0,20,0,20,106,22,39,1,168,34,0,34,202
10/26/2013,GEG,WA,ANM,WE,Combined TRACON& Tower with Radar,85,10,5,1,101,0,0,23,0,23,85,10,28,1,124,66,0,66,190
10/27/2013,GEG,WA,ANM,WE,Combined TRACON& Tower with Radar,97,2,8,0,107,0,0,2,0,2,97,2,10,0,109,12,0,12,121
10/28/2013,GEG,WA,ANM,WE,Combined TRACON& Tower with Radar,109,16,16,0,141,0,5,4,1,10,109,21,20,1,151,12,0,12,163
10/29/2013,GEG,WA,ANM,WE,Combined TRACON& Tower with Radar,106,24,5,0,135,0,1,20,0,21,106,25,25,0,156,12,0,12,168
10/30/2013,GEG,WA,ANM,WE,Combined TRACON& Tower with Radar,112,21,19,2,154,0,2,12,0,14,112,23,31,2,168,40,1,41,209
10/31/2013,GEG,WA,ANM,WE,Combined TRACON& Tower with Radar,100,30,11,3,144,0,0,6,0,6,100,30,17,3,150,0,0,0,150
11/01/2013,GEG,WA,ANM,WE,Combined TRACON& Tower with Radar,102,23,13,0,138,0,1,18,1,20,102,24,31,1,158,0,0,0,158
11/02/2013,GEG,WA,ANM,WE,Combined TRACON& Tower with Radar,79,10,3,2,94,0,0,4,0,4,79,10,7,2,98,0,0,0,98
11/03/2013,GEG,WA,ANM,WE,Combined TRACON& Tower with Radar,96,3,12,10,121,0,0,3,0,3,96,3,15,10,124,0,0,0,124
11/04/2013,GEG,WA,ANM,WE,Combined TRACON& Tower with Radar,99,19,14,8,140,0,1,10,0,11,99,20,24,8,151,0,0,0,151
11/05/2013,GEG,WA,ANM,WE,Combined TRACON& Tower with Radar,107,24,12,0,143,0,0,0,0,0,107,24,12,0,143,0,0,0,143
11/06/2013,GEG,WA,ANM,WE,Combined TRACON& Tower with Radar,109,24,13,5,151,0,1,0,0,1,109,25,13,5,152,0,0,0,152
11/07/2013,GEG,WA,ANM,WE,Combined TRACON& Tower with Radar,107,24,22,3,156,0,0,0,0,0,107,24,22,3,156,0,0,0,156
11/08/2013,GEG,WA,ANM,WE,Combined TRACON& Tower with Radar,101,23,10,4,138,0,3,5,0,8,101,26,15,4,146,0,0,0,146
11/09/2013,GEG,WA,ANM,WE,Combined TRACON& Tower with Radar,78,12,14,0,104,0,1,10,0,11,78,13,24,0,115,0,0,0,115
11/10/2013,GEG,WA,ANM,WE,Combined TRACON& Tower with Radar,97,2,4,0,103,0,0,4,0,4,97,2,8,0,107,0,0,0,107
11/11/2013,GEG,WA,ANM,WE,Combined TRACON& Tower with Radar,99,21,7,0,127,0,3,19,0,22,99,24,26,0,149,0,0,0,149
11/12/2013,GEG,WA,ANM,WE,Combined TRACON& Tower with Radar,104,24,10,7,145,0,0,5,1,6,104,24,15,8,151,0,0,0,151
11/13/2013,GEG,WA,ANM,WE,Combined TRACON& Tower with Radar,110,36,25,9,180,0,0,1,0,1,110,36,26,9,181,0,0,0,181
11/14/2013,GEG,WA,ANM,WE,Combined TRACON& Tower with Radar,108,21,22,1,152,0,1,1,0,2,108,22,23,1,154,0,0,0,154
11/15/2013,GEG,WA,ANM,WE,Combined TRACON& Tower with Radar,102,24,10,7,143,0,0,0,0,0,102,24,10,7,143,0,0,0,143
11/16/2013,GEG,WA,ANM,WE,Combined TRACON& Tower with Radar,80,11,6,4,101,0,0,3,0,3,80,11,9,4,104,0,0,0,104
11/17/2013,GEG,WA,ANM,WE,Combined TRACON& Tower with Radar,97,2,4,1,104,0,0,3,0,3,97,2,7,1,107,0,0,0,107
11/18/2013,GEG,WA,ANM,WE,Combined TRACON& Tower with Radar,100,16,15,21,152,0,0,5,0,5,100,16,20,21,157,0,0,0,157
11/19/2013,GEG,WA,ANM,WE,Combined TRACON& Tower with Radar,103,26,16,4,149,1,0,3,0,4,104,26,19,4,153,0,0,0,153
11/20/2013,GEG,WA,ANM,WE,Combined TRACON& Tower with Radar,110,24,27,1,162,0,3,19,1,23,110,27,46,2,185,0,0,0,185
11/21/2013,GEG,WA,ANM,WE,Combined TRACON& Tower with Radar,105,23,35,3,166,0,0,40,1,41,105,23,75,4,207,0,0,0,207
11/22/2013,GEG,WA,ANM,WE,Combined TRACON& Tower with Radar,107,26,28,6,167,0,0,37,0,37,107,26,65,6,204,0,0,0,204
11/23/2013,GEG,WA,ANM,WE,Combined TRACON& Tower with Radar,87,12,4,1,104,1,2,23,0,26,88,14,27,1,130,0,0,0,130
11/24/2013,GEG,WA,ANM,WE,Combined TRACON& Tower with Radar,93,4,16,0,113,0,2,18,0,20,93,6,34,0,133,0,0,0,133
11/25/2013,GEG,WA,ANM,WE,Combined TRACON& Tower with Radar,95,24,13,0,132,0,0,27,0,27,95,24,40,0,159,0,0,0,159
11/26/2013,GEG,WA,ANM,WE,Combined TRACON& Tower with Radar,102,37,16,2,157,0,0,29,0,29,102,37,45,2,186,0,0,0,186
11/27/2013,GEG,WA,ANM,WE,Combined TRACON& Tower with Radar,107,36,11,4,158,0,1,20,0,21,107,37,31,4,179,0,0,0,179
11/28/2013,GEG,WA,ANM,WE,Combined TRACON& Tower with Radar,60,5,2,0,67,0,0,5,0,5,60,5,7,0,72,0,0,0,72
11/29/2013,GEG,WA,ANM,WE,Combined TRACON& Tower with Radar,76,33,10,0,119,0,0,0,0,0,76,33,10,0,119,0,0,0,119
11/30/2013,GEG,WA,ANM,WE,Combined TRACON& Tower with Radar,99,12,8,0,119,0,0,0,0,0,99,12,8,0,119,0,0,0,119
12/01/2013,GEG,WA,ANM,WE,Combined TRACON& Tower with Radar,98,4,16,0,118,0,0,0,0,0,98,4,16,0,118,0,0,0,118
12/02/2013,GEG,WA,ANM,WE,Combined TRACON& Tower with Radar,104,26,12,9,151,0,0,7,0,7,104,26,19,9,158,6,0,6,164
12/03/2013,GEG,WA,ANM,WE,Combined TRACON& Tower with Radar,106,41,13,16,176,0,0,16,0,16,106,41,29,16,192,12,18,30,222
12/04/2013,GEG,WA,ANM,WE,Combined TRACON& Tower with Radar,108,39,14,10,171,0,0,18,2,20,108,39,32,12,191,42,0,42,233
12/05/2013,GEG,WA,ANM,WE,Combined TRACON& Tower with Radar,108,37,19,4,168,0,0,12,0,12,108,37,31,4,180,66,4,70,250
12/06/2013,GEG,WA,ANM,WE,Combined TRACON& Tower with Radar,101,42,22,0,165,0,1,17,1,19,101,43,39,1,184,12,2,14,198
12/07/2013,GEG,WA,ANM,WE,Combined TRACON& Tower with Radar,85,12,6,0,103,0,0,20,0,20,85,12,26,0,123,4,0,4,127
12/08/2013,GEG,WA,ANM,WE,Combined TRACON& Tower with Radar,97,5,8,0,110,0,0,12,0,12,97,5,20,0,122,22,0,22,144
12/09/2013,GEG,WA,ANM,WE,Combined TRACON& Tower with Radar,102,27,11,21,161,0,0,16,0,16,102,27,27,21,177,4,16,20,197
12/10/2013,GEG,WA,ANM,WE,Combined TRACON& Tower with Radar,107,38,12,2,159,0,2,12,0,14,107,40,24,2,173,28,8,36,209
12/11/2013,GEG,WA,ANM,WE,Combined TRACON& Tower with Radar,109,36,12,4,161,0,0,16,0,16,109,36,28,4,177,28,0,28,205
12/12/2013,GEG,WA,ANM,WE,Combined TRACON& Tower with Radar,112,29,22,11,174,0,1,16,1,18,112,30,38,12,192,46,0,46,238
12/13/2013,GEG,WA,ANM,WE,Combined TRACON& Tower with Radar,106,31,14,3,154,0,0,3,0,3,106,31,17,3,157,0,0,0,157
12/14/2013,GEG,WA,ANM,WE,Combined TRACON& Tower with Radar,79,22,13,2,116,0,0,8,0,8,79,22,21,2,124,0,0,0,124
12/15/2013,GEG,WA,ANM,WE,Combined TRACON& Tower with Radar,91,0,18,0,109,0,0,11,0,11,91,0,29,0,120,8,0,8,128
12/16/2013,GEG,WA,ANM,WE,Combined TRACON& Tower with Radar,98,30,29,2,159,0,0,2,0,2,98,30,31,2,161,6,0,6,167
12/17/2013,GEG,WA,ANM,WE,Combined TRACON& Tower with Radar,115,34,13,6,168,0,1,12,1,14,115,35,25,7,182,18,2,20,202
12/18/2013,GEG,WA,ANM,WE,Combined TRACON& Tower with Radar,110,35,14,4,163,0,0,3,0,3,110,35,17,4,166,10,0,10,176
12/19/2013,GEG,WA,ANM,WE,Combined TRACON& Tower with Radar,118,35,21,0,174,0,2,24,2,28,118,37,45,2,202,20,0,20,222
12/20/2013,GEG,WA,ANM,WE,Combined TRACON& Tower with Radar,114,35,10,0,159,0,0,0,0,0,114,35,10,0,159,0,0,0,159
12/21/2013,GEG,WA,ANM,WE,Combined TRACON& Tower with Radar,97,31,15,0,143,0,0,0,0,0,97,31,15,0,143,0,0,0,143
12/22/2013,GEG,WA,ANM,WE,Combined TRACON& Tower with Radar,101,4,2,0,107,0,0,0,0,0,101,4,2,0,107,0,0,0,107
12/23/2013,GEG,WA,ANM,WE,Combined TRACON& Tower with Radar,106,21,3,6,136,0,1,0,0,1,106,22,3,6,137,34,0,34,171
12/24/2013,GEG,WA,ANM,WE,Combined TRACON& Tower with Radar,97,33,9,0,139,0,0,17,0,17,97,33,26,0,156,0,0,0,156
12/25/2013,GEG,WA,ANM,WE,Combined TRACON& Tower with Radar,78,0,3,0,81,0,0,0,0,0,78,0,3,0,81,0,0,0,81
12/26/2013,GEG,WA,ANM,WE,Combined TRACON& Tower with Radar,111,36,7,0,154,0,1,5,0,6,111,37,12,0,160,14,4,18,178
12/27/2013,GEG,WA,ANM,WE,Combined TRACON& Tower with Radar,110,28,6,4,148,0,1,6,0,7,110,29,12,4,155,10,0,10,165
12/28/2013,GEG,WA,ANM,WE,Combined TRACON& Tower with Radar,90,13,1,0,104,0,0,0,0,0,90,13,1,0,104,2,0,2,106
12/29/2013,GEG,WA,ANM,WE,Combined TRACON& Tower with Radar,97,2,9,0,108,0,0,1,0,1,97,2,10,0,109,0,0,0,109
12/30/2013,GEG,WA,ANM,WE,Combined TRACON& Tower with Radar,99,33,6,4,142,0,0,4,0,4,99,33,10,4,146,10,0,10,156
12/31/2013,GEG,WA,ANM,WE,Combined TRACON& Tower with Radar,95,26,2,3,126,0,0,0,0,0,95,26,2,3,126,0,0,0,126
01/01/2014,GEG,WA,ANM,WE,Combined TRACON& Tower with Radar,74,0,3,0,77,0,0,0,0,0,74,0,3,0,77,10,0,10,87
01/02/2014,GEG,WA,ANM,WE,Combined TRACON& Tower with Radar,107,20,5,1,133,0,1,4,0,5,107,21,9,1,138,0,0,0,138
01/03/2014,GEG,WA,ANM,WE,Combined TRACON& Tower with Radar,101,28,10,1,140,0,0,21,0,21,101,28,31,1,161,30,0,30,191
01/04/2014,GEG,WA,ANM,WE,Combined TRACON& Tower with Radar,85,19,17,0,121,0,0,29,0,29,85,19,46,0,150,60,0,60,210
01/05/2014,GEG,WA,ANM,WE,Combined TRACON& Tower with Radar,95,2,16,0,113,0,0,30,0,30,95,2,46,0,143,58,0,58,201
01/06/2014,GEG,WA,ANM,WE,Combined TRACON& Tower with Radar,99,15,17,0,131,0,2,21,0,23,99,17,38,0,154,42,0,42,196
01/07/2014,GEG,WA,ANM,WE,Combined TRACON& Tower with Radar,105,25,25,3,158,0,0,4,0,4,105,25,29,3,162,0,0,0,162
01/08/2014,GEG,WA,ANM,WE,Combined TRACON& Tower with Radar,103,29,9,0,141,0,0,0,0,0,103,29,9,0,141,6,0,6,147
01/09/2014,GEG,WA,ANM,WE,Combined TRACON& Tower with Radar,107,23,21,9,160,0,0,9,0,9,107,23,30,9,169,0,0,0,169
01/10/2014,GEG,WA,ANM,WE,Combined TRACON& Tower with Radar,100,22,13,1,136,0,0,8,0,8,100,22,21,1,144,14,0,14,158
01/11/2014,GEG,WA,ANM,WE,Combined TRACON& Tower with Radar,65,17,15,0,97,0,0,1,0,1,65,17,16,0,98,0,0,0,98
01/12/2014,GEG,WA,ANM,WE,Combined TRACON& Tower with Radar,85,3,5,3,96,0,0,1,0,1,85,3,6,3,97,0,0,0,97
01/13/2014,GEG,WA,ANM,WE,Combined TRACON& Tower with Radar,107,24,16,15,162,0,0,0,1,1,107,24,16,16,163,8,0,8,171
01/14/2014,GEG,WA,ANM,WE,Combined TRACON& Tower with Radar,102,24,25,9,160,0,1,9,0,10,102,25,34,9,170,28,4,32,202
01/15/2014,GEG,WA,ANM,WE,Combined TRACON& Tower with Radar,103,26,14,8,151,1,2,31,0,34,104,28,45,8,185,52,0,52,237
01/16/2014,GEG,WA,ANM,WE,Combined TRACON& Tower with Radar,109,14,1,0,124,0,0,0,0,0,109,14,1,0,124,6,0,6,130
01/17/2014,GEG,WA,ANM,WE,Combined TRACON& Tower with Radar,105,1,2,0,108,0,0,0,0,0,105,1,2,0,108,4,0,4,112
01/18/2014,GEG,WA,ANM,WE,Combined TRACON& Tower with Radar,69,10,2,0,81,0,0,0,0,0,69,10,2,0,81,0,0,0,81
01/19/2014,GEG,WA,ANM,WE,Combined TRACON& Tower with Radar,75,1,5,0,81,0,0,0,0,0,75,1,5,0,81,0,0,0,81
01/20/2014,GEG,WA,ANM,WE,Combined TRACON& Tower with Radar,96,15,6,0,117,0,0,0,0,0,96,15,6,0,117,0,0,0,117
01/21/2014,GEG,WA,ANM,WE,Combined TRACON& Tower with Radar,100,25,6,0,131,0,0,0,0,0,100,25,6,0,131,0,0,0,131
01/22/2014,GEG,WA,ANM,WE,Combined TRACON& Tower with Radar,101,26,8,8,143,0,0,0,0,0,101,26,8,8,143,10,0,10,153
01/23/2014,GEG,WA,ANM,WE,Combined TRACON& Tower with Radar,107,26,8,0,141,0,0,0,0,0,107,26,8,0,141,0,0,0,141
01/24/2014,GEG,WA,ANM,WE,Combined TRACON& Tower with Radar,100,22,20,0,142,0,0,0,0,0,100,22,20,0,142,0,0,0,142
01/25/2014,GEG,WA,ANM,WE,Combined TRACON& Tower with Radar,70,13,13,0,96,0,0,0,0,0,70,13,13,0,96,8,0,8,104
01/26/2014,GEG,WA,ANM,WE,Combined TRACON& Tower with Radar,83,9,8,0,100,0,0,0,0,0,83,9,8,0,100,18,0,18,118
01/27/2014,GEG,WA,ANM,WE,Combined TRACON& Tower with Radar,95,16,15,0,126,0,0,0,0,0,95,16,15,0,126,0,0,0,126
01/28/2014,GEG,WA,ANM,WE,Combined TRACON& Tower with Radar,104,22,15,0,141,0,1,0,0,1,104,23,15,0,142,0,0,0,142
01/29/2014,GEG,WA,ANM,WE,Combined TRACON& Tower with Radar,99,22,14,0,135,0,0,0,0,0,99,22,14,0,135,0,0,0,135
01/30/2014,GEG,WA,ANM,WE,Combined TRACON& Tower with Radar,106,29,20,1,156,0,0,0,0,0,106,29,20,1,156,0,0,0,156
01/31/2014,GEG,WA,ANM,WE,Combined TRACON& Tower with Radar,102,23,19,3,147,0,1,26,0,27,102,24,45,3,174,44,0,44,218
02/01/2014,GEG,WA,ANM,WE,Combined TRACON& Tower with Radar,64,14,13,0,91,0,0,9,0,9,64,14,22,0,100,22,0,22,122
02/02/2014,GEG,WA,ANM,WE,Combined TRACON& Tower with Radar,87,3,4,0,94,0,0,2,0,2,87,3,6,0,96,0,0,0,96
02/03/2014,GEG,WA,ANM,WE,Combined TRACON& Tower with Radar,94,21,15,0,130,0,1,1,0,2,94,22,16,0,132,0,0,0,132
02/04/2014,GEG,WA,ANM,WE,Combined TRACON& Tower with Radar,107,33,15,0,155,0,1,17,0,18,107,34,32,0,173,8,0,8,181
02/05/2014,GEG,WA,ANM,WE,Combined TRACON& Tower with Radar,119,29,9,0,157,0,3,9,0,12,119,32,18,0,169,30,0,30,199
02/06/2014,GEG,WA,ANM,WE,Combined TRACON& Tower with Radar,115,22,44,14,195,0,1,27,0,28,115,23,71,14,223,14,4,18,241
02/07/2014,GEG,WA,ANM,WE,Combined TRACON& Tower with Radar,115,20,9,17,161,0,2,2,0,4,115,22,11,17,165,0,16,16,181
02/08/2014,GEG,WA,ANM,WE,Combined TRACON& Tower with Radar,66,17,11,0,94,0,0,13,0,13,66,17,24,0,107,8,3,11,118
02/09/2014,GEG,WA,ANM,WE,Combined TRACON& Tower with Radar,80,2,12,0,94,0,0,0,0,0,80,2,12,0,94,0,0,0,94
02/10/2014,GEG,WA,ANM,WE,Combined TRACON& Tower with Radar,91,17,6,0,114,0,0,0,0,0,91,17,6,0,114,22,0,22,136
02/11/2014,GEG,WA,ANM,WE,Combined TRACON& Tower with Radar,103,38,19,18,178,0,0,4,1,5,103,38,23,19,183,0,0,0,183
02/12/2014,GEG,WA,ANM,WE,Combined TRACON& Tower with Radar,102,24,4,8,138,0,2,2,0,4,102,26,6,8,142,0,0,0,142
02/13/2014,GEG,WA,ANM,WE,Combined TRACON& Tower with Radar,103,36,10,11,160,0,2,2,0,4,103,38,12,11,164,16,0,16,180
02/14/2014,GEG,WA,ANM,WE,Combined TRACON& Tower with Radar,103,19,11,1,134,0,1,1,0,2,103,20,12,1,136,0,0,0,136
02/15/2014,GEG,WA,ANM,WE,Combined TRACON& Tower with Radar,70,23,8,0,101,0,1,6,0,7,70,24,14,0,108,0,0,0,108
02/16/2014,GEG,WA,ANM,WE,Combined TRACON& Tower with Radar,89,2,12,1,104,0,0,4,0,4,89,2,16,1,108,14,0,14,122
02/17/2014,GEG,WA,ANM,WE,Combined TRACON& Tower with Radar,96,20,8,0,124,0,2,0,0,2,96,22,8,0,126,4,0,4,130
02/18/2014,GEG,WA,ANM,WE,Combined TRACON& Tower with Radar,102,22,8,13,145,0,0,2,1,3,102,22,10,14,148,10,0,10,158
02/19/2014,GEG,WA,ANM,WE,Combined TRACON& Tower with Radar,103,23,7,4,137,0,1,3,0,4,103,24,10,4,141,0,0,0,141
02/20/2014,GEG,WA,ANM,WE,Combined TRACON& Tower with Radar,105,20,11,5,141,0,1,4,0,5,105,21,15,5,146,0,0,0,146
02/21/2014,GEG,WA,ANM,WE,Combined TRACON& Tower with Radar,98,22,28,5,153,0,0,24,0,24,98,22,52,5,177,36,2,38,215
02/22/2014,GEG,WA,ANM,WE,Combined TRACON& Tower with Radar,73,21,22,0,116,0,3,19,0,22,73,24,41,0,138,38,0,38,176
02/23/2014,GEG,WA,ANM,WE,Combined TRACON& Tower with Radar,90,7,9,0,106,0,1,0,0,1,90,8,9,0,107,0,0,0,107
02/24/2014,GEG,WA,ANM,WE,Combined TRACON& Tower with Radar,96,21,17,0,134,0,0,6,0,6,96,21,23,0,140,0,0,0,140
02/25/2014,GEG,WA,ANM,WE,Combined TRACON& Tower with Radar,99,23,20,0,142,0,1,11,1,13,99,24,31,1,155,14,0,14,169
02/26/2014,GEG,WA,ANM,WE,Combined TRACON& Tower with Radar,107,29,17,0,153,0,0,11,0,11,107,29,28,0,164,20,0,20,184
02/27/2014,GEG,WA,ANM,WE,Combined TRACON& Tower with Radar,103,28,15,11,157,0,0,1,0,1,103,28,16,11,158,30,12,42,200
02/28/2014,GEG,WA,ANM,WE,Combined TRACON& Tower with Radar,102,23,29,1,155,0,1,6,3,10,102,24,35,4,165,0,0,0,165
03/01/2014,GEG,WA,ANM,WE,Combined TRACON& Tower with Radar,71,23,14,1,109,0,0,4,0,4,71,23,18,1,113,20,0,20,133
03/02/2014,GEG,WA,ANM,WE,Combined TRACON& Tower with Radar,92,4,4,0,100,0,0,0,0,0,92,4,4,0,100,0,0,0,100
03/03/2014,GEG,WA,ANM,WE,Combined TRACON& Tower with Radar,89,22,10,1,122,0,0,0,0,0,89,22,10,1,122,0,0,0,122
03/04/2014,GEG,WA,ANM,WE,Combined TRACON& Tower with Radar,101,46,11,4,162,0,1,6,0,7,101,47,17,4,169,0,0,0,169
03/05/2014,GEG,WA,ANM,WE,Combined TRACON& Tower with Radar,101,26,17,16,160,0,0,11,0,11,101,26,28,16,171,10,0,10,181
03/06/2014,GEG,WA,ANM,WE,Combined TRACON& Tower with Radar,104,33,12,8,157,0,2,5,0,7,104,35,17,8,164,0,2,2,166
03/07/2014,GEG,WA,ANM,WE,Combined TRACON& Tower with Radar,93,23,18,0,134,0,4,15,0,19,93,27,33,0,153,38,0,38,191
03/08/2014,GEG,WA,ANM,WE,Combined TRACON& Tower with Radar,69,23,11,1,104,0,0,16,0,16,69,23,27,1,120,20,0,20,140
03/09/2014,GEG,WA,ANM,WE,Combined TRACON& Tower with Radar,86,6,21,1,114,0,2,2,0,4,86,8,23,1,118,8,2,10,128
03/10/2014,GEG,WA,ANM,WE,Combined TRACON& Tower with Radar,88,22,14,6,130,0,3,2,0,5,88,25,16,6,135,4,4,8,143
03/11/2014,GEG,WA,ANM,WE,Combined TRACON& Tower with Radar,99,24,21,9,153,0,1,36,1,38,99,25,57,10,191,57,0,57,248
03/12/2014,GEG,WA,ANM,WE,Combined TRACON& Tower with Radar,102,26,24,1,153,0,1,36,1,38,102,27,60,2,191,44,0,44,235
03/13/2014,GEG,WA,ANM,WE,Combined TRACON& Tower with Radar,102,24,24,4,154,0,1,26,1,28,102,25,50,5,182,46,4,50,232
03/14/2014,GEG,WA,ANM,WE,Combined TRACON& Tower with Radar,100,25,13,5,143,0,1,3,0,4,100,26,16,5,147,6,0,6,153
03/15/2014,GEG,WA,ANM,WE,Combined TRACON& Tower with Radar,79,28,17,0,124,1,5,22,0,28,80,33,39,0,152,38,0,38,190
03/16/2014,GEG,WA,ANM,WE,Combined TRACON& Tower with Radar,86,3,15,4,108,0,1,10,0,11,86,4,25,4,119,6,0,6,125
03/17/2014,GEG,WA,ANM,WE,Combined TRACON& Tower with Radar,98,21,11,9,139,0,6,9,4,19,98,27,20,13,158,16,0,16,174
03/18/2014,GEG,WA,ANM,WE,Combined TRACON& Tower with Radar,112,29,21,0,162,0,3,16,1,20,112,32,37,1,182,32,0,32,214
03/19/2014,GEG,WA,ANM,WE,Combined TRACON& Tower with Radar,105,24,28,11,168,0,0,7,0,7,105,24,35,11,175,30,10,40,215
03/20/2014,GEG,WA,ANM,WE,Combined TRACON& Tower with Radar,105,25,43,11,184,0,1,12,1,14,105,26,55,12,198,22,8,30,228
03/21/2014,GEG,WA,ANM,WE,Combined TRACON& Tower with Radar,111,29,24,1,165,0,0,25,0,25,111,29,49,1,190,26,0,26,216
03/22/2014,GEG,WA,ANM,WE,Combined TRACON& Tower with Radar,80,20,15,0,115,0,2,30,0,32,80,22,45,0,147,12,0,12,159
03/23/2014,GEG,WA,ANM,WE,Combined TRACON& Tower with Radar,92,4,10,0,106,0,0,37,0,37,92,4,47,0,143,16,0,16,159
03/24/2014,GEG,WA,ANM,WE,Combined TRACON& Tower with Radar,103,19,27,4,153,0,1,41,0,42,103,20,68,4,195,68,0,68,263
03/25/2014,GEG,WA,ANM,WE,Combined TRACON& Tower with Radar,99,27,14,18,158,0,1,28,4,33,99,28,42,22,191,36,6,42,233
03/26/2014,GEG,WA,ANM,WE,Combined TRACON& Tower with Radar,104,27,27,4,162,0,0,35,1,36,104,27,62,5,198,28,2,30,228
03/27/2014,GEG,WA,ANM,WE,Combined TRACON& Tower with Radar,103,22,12,16,153,0,7,3,1,11,103,29,15,17,164,0,0,0,164
03/28/2014,GEG,WA,ANM,WE,Combined TRACON& Tower with Radar,96,26,25,11,158,0,0,11,0,11,96,26,36,11,169,12,6,18,187
03/29/2014,GEG,WA,ANM,WE,Combined TRACON& Tower with Radar,73,18,8,0,99,0,1,17,0,18,73,19,25,0,117,10,0,10,127
03/30/2014,GEG,WA,ANM,WE,Combined TRACON& Tower with Radar,89,4,16,0,109,0,4,12,0,16,89,8,28,0,125,36,0,36,161
03/31/2014,GEG,WA,ANM,WE,Combined TRACON& Tower with Radar,91,19,18,1,129,0,0,24,0,24,91,19,42,1,153,36,0,36,189
04/01/2014,GEG,WA,ANM,WE,Combined TRACON& Tower with Radar,102,27,15,0,144,0,2,39,0,41,102,29,54,0,185,78,0,78,263
04/02/2014,GEG,WA,ANM,WE,Combined TRACON& Tower with Radar,104,28,25,10,167,0,1,35,0,36,104,29,60,10,203,36,0,36,239
04/03/2014,GEG,WA,ANM,WE,Combined TRACON& Tower with Radar,99,23,15,1,138,0,3,30,0,33,99,26,45,1,171,0,0,0,171
04/04/2014,GEG,WA,ANM,WE,Combined TRACON& Tower with Radar,104,21,12,0,137,0,1,3,0,4,104,22,15,0,141,0,0,0,141
04/05/2014,GEG,WA,ANM,WE,Combined TRACON& Tower with Radar,76,20,7,0,103,0,1,32,0,33,76,21,39,0,136,12,0,12,148
04/06/2014,GEG,WA,ANM,WE,Combined TRACON& Tower with Radar,84,3,16,0,103,0,0,27,0,27,84,3,43,0,130,56,0,56,186
04/07/2014,GEG,WA,ANM,WE,Combined TRACON& Tower with Radar,91,22,25,3,141,0,2,38,0,40,91,24,63,3,181,10,0,10,191
04/08/2014,GEG,WA,ANM,WE,Combined TRACON& Tower with Radar,100,33,14,6,153,0,0,38,1,39,100,33,52,7,192,26,0,26,218
04/09/2014,GEG,WA,ANM,WE,Combined TRACON& Tower with Radar,98,25,20,3,146,0,3,28,2,33,98,28,48,5,179,28,0,28,207
04/10/2014,GEG,WA,ANM,WE,Combined TRACON& Tower with Radar,100,30,14,5,149,0,0,38,2,40,100,30,52,7,189,36,2,38,227
04/11/2014,GEG,WA,ANM,WE,Combined TRACON& Tower with Radar,95,21,28,0,144,0,2,36,5,43,95,23,64,5,187,30,0,30,217
04/12/2014,GEG,WA,ANM,WE,Combined TRACON& Tower with Radar,68,19,15,2,104,0,2,27,0,29,68,21,42,2,133,24,8,32,165
04/13/2014,GEG,WA,ANM,WE,Combined TRACON& Tower with Radar,84,2,19,0,105,0,1,28,0,29,84,3,47,0,134,4,0,4,138
04/14/2014,GEG,WA,ANM,WE,Combined TRACON& Tower with Radar,89,18,17,10,134,0,0,30,0,30,89,18,47,10,164,4,0,4,168
04/15/2014,GEG,WA,ANM,WE,Combined TRACON& Tower with Radar,98,21,21,3,143,0,1,9,0,10,98,22,30,3,153,16,18,34,187
04/16/2014,GEG,WA,ANM,WE,Combined TRACON& Tower with Radar,99,28,29,5,161,0,0,19,0,19,99,28,48,5,180,14,0,14,194
04/17/2014,GEG,WA,ANM,WE,Combined TRACON& Tower with Radar,100,27,27,5,159,0,0,0,0,0,100,27,27,5,159,2,0,2,161
04/18/2014,GEG,WA,ANM,WE,Combined TRACON& Tower with Radar,92,24,12,1,129,0,2,14,0,16,92,26,26,1,145,34,0,34,179
04/19/2014,GEG,WA,ANM,WE,Combined TRACON& Tower with Radar,63,16,13,0,92,0,0,30,0,30,63,16,43,0,122,20,0,20,142
04/20/2014,GEG,WA,ANM,WE,Combined TRACON& Tower with Radar,83,2,5,0,90,0,7,7,0,14,83,9,12,0,104,2,0,2,106
04/21/2014,GEG,WA,ANM,WE,Combined TRACON& Tower with Radar,90,16,26,0,132,0,0,15,0,15,90,16,41,0,147,46,0,46,193
04/22/2014,GEG,WA,ANM,WE,Combined TRACON& Tower with Radar,97,26,30,3,156,0,2,1,0,3,97,28,31,3,159,4,0,4,163
04/23/2014,GEG,WA,ANM,WE,Combined TRACON& Tower with Radar,105,25,23,1,154,0,0,13,0,13,105,25,36,1,167,12,0,12,179
04/24/2014,GEG,WA,ANM,WE,Combined TRACON& Tower with Radar,100,34,10,9,153,0,0,2,0,2,100,34,12,9,155,8,0,8,163
04/25/2014,GEG,WA,ANM,WE,Combined TRACON& Tower with Radar,92,24,36,9,161,0,0,23,1,24,92,24,59,10,185,38,0,38,223
04/26/2014,GEG,WA,ANM,WE,Combined TRACON& Tower with Radar,67,16,15,0,98,0,2,13,0,15,67,18,28,0,113,48,0,48,161
04/27/2014,GEG,WA,ANM,WE,Combined TRACON& Tower with Radar,90,0,5,8,103,0,0,4,0,4,90,0,9,8,107,0,6,6,113
04/28/2014,GEG,WA,ANM,WE,Combined TRACON& Tower with Radar,89,18,17,3,127,0,1,16,0,17,89,19,33,3,144,22,2,24,168
04/29/2014,GEG,WA,ANM,WE,Combined TRACON& Tower with Radar,99,23,28,0,150,0,1,45,0,46,99,24,73,0,196,56,0,56,252
04/30/2014,GEG,WA,ANM,WE,Combined TRACON& Tower with Radar,99,22,13,0,134,0,2,29,0,31,99,24,42,0,165,12,0,12,177
05/01/2014,GEG,WA,ANM,WE,Combined TRACON& Tower with Radar,107,22,9,3,141,0,1,31,2,34,107,23,40,5,175,20,0,20,195
05/02/2014,GEG,WA,ANM,WE,Combined TRACON& Tower with Radar,91,21,17,1,130,0,2,29,0,31,91,23,46,1,161,56,0,56,217
05/03/2014,GEG,WA,ANM,WE,Combined TRACON& Tower with Radar,70,13,2,4,89,0,1,8,0,9,70,14,10,4,98,0,0,0,98
05/04/2014,GEG,WA,ANM,WE,Combined TRACON& Tower with Radar,85,1,7,0,93,0,3,20,1,24,85,4,27,1,117,2,0,2,119
05/05/2014,GEG,WA,ANM,WE,Combined TRACON& Tower with Radar,88,21,22,5,136,0,2,13,0,15,88,23,35,5,151,20,0,20,171
05/06/2014,GEG,WA,ANM,WE,Combined TRACON& Tower with Radar,100,28,20,4,152,0,2,8,0,10,100,30,28,4,162,20,0,20,182
05/07/2014,GEG,WA,ANM,WE,Combined TRACON& Tower with Radar,104,23,23,1,151,0,1,33,1,35,104,24,56,2,186,16,0,16,202
05/08/2014,GEG,WA,ANM,WE,Combined TRACON& Tower with Radar,102,24,24,1,151,0,0,28,1,29,102,24,52,2,180,34,0,34,214
05/09/2014,GEG,WA,ANM,WE,Combined TRACON& Tower with Radar,93,23,14,5,135,0,3,7,0,10,93,26,21,5,145,4,0,4,149
05/10/2014,GEG,WA,ANM,WE,Combined TRACON& Tower with Radar,71,21,13,0,105,0,0,21,0,21,71,21,34,0,126,48,0,48,174
05/11/2014,GEG,WA,ANM,WE,Combined TRACON& Tower with Radar,85,2,9,0,96,0,0,12,0,12,85,2,21,0,108,40,0,40,148
05/12/2014,GEG,WA,ANM,WE,Combined TRACON& Tower with Radar,89,18,15,0,122,0,0,16,0,16,89,18,31,0,138,0,0,0,138
05/13/2014,GEG,WA,ANM,WE,Combined TRACON& Tower with Radar,109,22,23,10,164,0,1,39,0,40,109,23,62,10,204,44,4,48,252
05/14/2014,GEG,WA,ANM,WE,Combined TRACON& Tower with Radar,111,24,22,4,161,0,1,29,3,33,111,25,51,7,194,34,0,34,228
05/15/2014,GEG,WA,ANM,WE,Combined TRACON& Tower with Radar,104,26,34,2,166,0,3,25,2,30,104,29,59,4,196,26,0,26,222
05/16/2014,GEG,WA,ANM,WE,Combined TRACON& Tower with Radar,95,26,23,8,152,0,0,24,7,31,95,26,47,15,183,14,0,14,197
05/17/2014,GEG,WA,ANM,WE,Combined TRACON& Tower with Radar,71,12,16,2,101,0,3,19,0,22,71,15,35,2,123,32,4,36,159
05/18/2014,GEG,WA,ANM,WE,Combined TRACON& Tower with Radar,87,1,6,1,95,0,3,9,0,12,87,4,15,1,107,28,0,28,135
05/19/2014,GEG,WA,ANM,WE,Combined TRACON& Tower with Radar,92,21,18,3,134,0,1,12,3,16,92,22,30,6,150,0,0,0,150
05/20/2014,GEG,WA,ANM,WE,Combined TRACON& Tower with Radar,97,27,21,1,146,0,1,29,2,32,97,28,50,3,178,58,0,58,236
05/21/2014,GEG,WA,ANM,WE,Combined TRACON& Tower with Radar,105,26,16,0,147,0,0,28,0,28,105,26,44,0,175,24,0,24,199
05/22/2014,GEG,WA,ANM,WE,Combined TRACON& Tower with Radar,102,25,27,2,156,0,0,35,1,36,102,25,62,3,192,18,0,18,210
05/23/2014,GEG,WA,ANM,WE,Combined TRACON& Tower with Radar,95,25,16,4,140,0,1,35,0,36,95,26,51,4,176,62,0,62,238
05/24/2014,GEG,WA,ANM,WE,Combined TRACON& Tower with Radar,69,13,14,0,96,0,0,36,0,36,69,13,50,0,132,38,0,38,170
05/25/2014,GEG,WA,ANM,WE,Combined TRACON& Tower with Radar,60,0,3,0,63,0,2,10,0,12,60,2,13,0,75,0,0,0,75
05/26/2014,GEG,WA,ANM,WE,Combined TRACON& Tower with Radar,85,3,5,0,93,0,0,17,0,17,85,3,22,0,110,20,0,20,130
05/27/2014,GEG,WA,ANM,WE,Combined TRACON& Tower with Radar,94,19,11,1,125,0,2,25,1,28,94,21,36,2,153,12,0,12,165
05/28/2014,GEG,WA,ANM,WE,Combined TRACON& Tower with Radar,107,25,12,4,148,0,1,22,0,23,107,26,34,4,171,6,0,6,177
05/29/2014,GEG,WA,ANM,WE,Combined TRACON& Tower with Radar,105,25,11,2,143,0,0,33,2,35,105,25,44,4,178,40,14,54,232
05/30/2014,GEG,WA,ANM,WE,Combined TRACON& Tower with Radar,96,25,14,3,138,0,1,23,11,35,96,26,37,14,173,30,0,30,203
05/31/2014,GEG,WA,ANM,WE,Combined TRACON& Tower with Radar,71,16,7,1,95,0,0,30,13,43,71,16,37,14,138,0,0,0,138
06/01/2014,GEG,WA,ANM,WE,Combined TRACON& Tower with Radar,87,0,5,0,92,0,0,13,12,25,87,0,18,12,117,8,0,8,125
06/02/2014,GEG,WA,ANM,WE,Combined TRACON& Tower with Radar,96,16,14,4,130,0,2,19,1,22,96,18,33,5,152,12,0,12,164
06/03/2014,GEG,WA,ANM,WE,Combined TRACON& Tower with Radar,103,26,19,2,150,0,1,20,0,21,103,27,39,2,171,6,0,6,177
06/04/2014,GEG,WA,ANM,WE,Combined TRACON& Tower with Radar,107,30,27,2,166,0,1,39,0,40,107,31,66,2,206,36,0,36,242
06/05/2014,GEG,WA,ANM,WE,Combined TRACON& Tower with Radar,107,28,17,6,158,0,1,17,1,19,107,29,34,7,177,26,12,38,215
06/06/2014,GEG,WA,ANM,WE,Combined TRACON& Tower with Radar,103,22,22,1,148,0,0,41,0,41,103,22,63,1,189,22,0,22,211
06/07/2014,GEG,WA,ANM,WE,Combined TRACON& Tower with Radar,74,16,6,16,112,0,2,29,1,32,74,18,35,17,144,0,36,36,180
06/08/2014,GEG,WA,ANM,WE,Combined TRACON& Tower with Radar,92,2,8,0,102,0,0,29,0,29,92,2,37,0,131,22,0,22,153
06/09/2014,GEG,WA,ANM,WE,Combined TRACON& Tower with Radar,99,24,15,7,145,0,0,26,1,27,99,24,41,8,172,36,18,54,226
06/10/2014,GEG,WA,ANM,WE,Combined TRACON& Tower with Radar,109,24,22,3,158,0,0,15,0,15,109,24,37,3,173,14,14,28,201
06/11/2014,GEG,WA,ANM,WE,Combined TRACON& Tower with Radar,110,21,21,11,163,0,1,34,0,35,110,22,55,11,198,60,28,88,286
06/12/2014,GEG,WA,ANM,WE,Combined TRACON& Tower with Radar,109,26,25,0,160,0,0,20,0,20,109,26,45,0,180,26,0,26,206
06/13/2014,GEG,WA,ANM,WE,Combined TRACON& Tower with Radar,101,26,10,0,137,0,3,9,0,12,101,29,19,0,149,37,0,37,186
06/14/2014,GEG,WA,ANM,WE,Combined TRACON& Tower with Radar,87,16,20,2,125,0,0,8,0,8,87,16,28,2,133,12,0,12,145
06/15/2014,GEG,WA,ANM,WE,Combined TRACON& Tower with Radar,96,4,7,3,110,0,1,13,0,14,96,5,20,3,124,10,0,10,134
06/16/2014,GEG,WA,ANM,WE,Combined TRACON& Tower with Radar,99,17,6,1,123,0,1,25,2,28,99,18,31,3,151,2,0,2,153
06/17/2014,GEG,WA,ANM,WE,Combined TRACON& Tower with Radar,111,25,25,0,161,0,0,1,0,1,111,25,26,0,162,6,0,6,168
06/18/2014,GEG,WA,ANM,WE,Combined TRACON& Tower with Radar,110,19,26,4,159,0,1,11,0,12,110,20,37,4,171,8,0,8,179
06/19/2014,GEG,WA,ANM,WE,Combined TRACON& Tower with Radar,110,24,34,3,171,0,0,48,0,48,110,24,82,3,219,86,0,86,305
06/20/2014,GEG,WA,ANM,WE,Combined TRACON& Tower with Radar,107,24,11,6,148,0,2,32,0,34,107,26,43,6,182,37,4,41,223
06/21/2014,GEG,WA,ANM,WE,Combined TRACON& Tower with Radar,93,18,13,1,125,0,2,17,0,19,93,20,30,1,144,24,0,24,168
06/22/2014,GEG,WA,ANM,WE,Combined TRACON& Tower with Radar,93,7,11,1,112,0,1,25,0,26,93,8,36,1,138,18,2,20,158
06/23/2014,GEG,WA,ANM,WE,Combined TRACON& Tower with Radar,99,21,20,0,140,0,4,19,0,23,99,25,39,0,163,4,0,4,167
06/24/2014,GEG,WA,ANM,WE,Combined TRACON& Tower with Radar,113,25,24,3,165,0,1,10,1,12,113,26,34,4,177,12,30,42,219
06/25/2014,GEG,WA,ANM,WE,Combined TRACON& Tower with Radar,111,25,13,1,150,0,1,11,0,12,111,26,24,1,162,0,0,0,162
06/26/2014,GEG,WA,ANM,WE,Combined TRACON& Tower with Radar,107,22,17,3,149,0,1,12,0,13,107,23,29,3,162,36,0,36,198
06/27/2014,GEG,WA,ANM,WE,Combined TRACON& Tower with Radar,105,25,18,8,156,0,1,3,0,4,105,26,21,8,160,16,6,22,182
06/28/2014,GEG,WA,ANM,WE,Combined TRACON& Tower with Radar,89,17,11,1,118,0,1,10,0,11,89,18,21,1,129,2,0,2,131
06/29/2014,GEG,WA,ANM,WE,Combined TRACON& Tower with Radar,98,4,14,0,116,0,1,20,0,21,98,5,34,0,137,0,0,0,137
06/30/2014,GEG,WA,ANM,WE,Combined TRACON& Tower with Radar,98,18,13,1,130,0,5,21,0,26,98,23,34,1,156,8,0,8,164
07/01/2014,GEG,WA,ANM,WE,Combined TRACON& Tower with Radar,109,23,18,0,150,0,1,30,3,34,109,24,48,3,184,54,0,54,238
07/02/2014,GEG,WA,ANM,WE,Combined TRACON& Tower with Radar,108,24,21,0,153,0,1,22,2,25,108,25,43,2,178,38,0,38,216
07/03/2014,GEG,WA,ANM,WE,Combined TRACON& Tower with Radar,102,26,4,7,139,0,2,27,1,30,102,28,31,8,169,18,38,56,225
07/04/2014,GEG,WA,ANM,WE,Combined TRACON& Tower with Radar,76,5,4,0,85,0,2,12,0,14,76,7,16,0,99,2,0,2,101
07/05/2014,GEG,WA,ANM,WE,Combined TRACON& Tower with Radar,84,12,2,0,98,0,0,11,0,11,84,12,13,0,109,0,0,0,109
07/06/2014,GEG,WA,ANM,WE,Combined TRACON& Tower with Radar,97,2,5,0,104,0,0,23,0,23,97,2,28,0,127,2,0,2,129
07/07/2014,GEG,WA,ANM,WE,Combined TRACON& Tower with Radar,98,25,22,1,146,0,1,37,0,38,98,26,59,1,184,68,0,68,252
07/08/2014,GEG,WA,ANM,WE,Combined TRACON& Tower with Radar,108,24,16,1,149,0,1,29,0,30,108,25,45,1,179,28,0,28,207
07/09/2014,GEG,WA,ANM,WE,Combined TRACON& Tower with Radar,113,23,17,2,155,0,1,40,0,41,113,24,57,2,196,22,0,22,218
07/10/2014,GEG,WA,ANM,WE,Combined TRACON& Tower with Radar,110,25,22,4,161,0,6,21,0,27,110,31,43,4,188,22,2,24,212
07/11/2014,GEG,WA,ANM,WE,Combined TRACON& Tower with Radar,107,26,14,1,148,0,2,44,0,46,107,28,58,1,194,46,0,46,240
07/12/2014,GEG,WA,ANM,WE,Combined TRACON& Tower with Radar,87,14,13,0,114,0,0,23,0,23,87,14,36,0,137,58,0,58,195
07/13/2014,GEG,WA,ANM,WE,Combined TRACON& Tower with Radar,96,4,9,0,109,0,7,21,0,28,96,11,30,0,137,2,0,2,139
07/14/2014,GEG,WA,ANM,WE,Combined TRACON& Tower with Radar,108,26,27,0,161,0,0,19,0,19,108,26,46,0,180,22,0,22,202
07/15/2014,GEG,WA,ANM,WE,Combined TRACON& Tower with Radar,119,19,23,0,161,0,3,21,0,24,119,22,44,0,185,52,0,52,237
07/16/2014,GEG,WA,ANM,WE,Combined TRACON& Tower with Radar,115,21,29,1,166,0,4,40,0,44,115,25,69,1,210,28,0,28,238
07/17/2014,GEG,WA,ANM,WE,Combined TRACON& Tower with Radar,111,26,20,1,158,0,1,30,0,31,111,27,50,1,189,16,0,16,205
07/18/2014,GEG,WA,ANM,WE,Combined TRACON& Tower with Radar,103,28,27,2,160,0,3,8,0,11,103,31,35,2,171,0,0,0,171
07/19/2014,GEG,WA,ANM,WE,Combined TRACON& Tower with Radar,93,13,9,0,115,0,2,9,0,11,93,15,18,0,126,0,0,0,126
07/20/2014,GEG,WA,ANM,WE,Combined TRACON& Tower with Radar,96,0,14,4,114,0,0,13,2,15,96,0,27,6,129,2,0,2,131
07/21/2014,GEG,WA,ANM,WE,Combined TRACON& Tower with Radar,99,17,9,1,126,0,2,30,1,33,99,19,39,2,159,16,0,16,175
07/22/2014,GEG,WA,ANM,WE,Combined TRACON& Tower with Radar,115,20,18,0,153,0,3,11,0,14,115,23,29,0,167,20,0,20,187
07/23/2014,GEG,WA,ANM,WE,Combined TRACON& Tower with Radar,117,39,40,0,196,0,0,32,4,36,117,39,72,4,232,28,0,28,260
07/24/2014,GEG,WA,ANM,WE,Combined TRACON& Tower with Radar,121,30,22,21,194,0,0,13,4,17,121,30,35,25,211,14,2,16,227
07/25/2014,GEG,WA,ANM,WE,Combined TRACON& Tower with Radar,103,26,20,4,153,0,1,35,1,37,103,27,55,5,190,24,0,24,214
07/26/2014,GEG,WA,ANM,WE,Combined TRACON& Tower with Radar,91,11,12,0,114,0,0,33,0,33,91,11,45,0,147,46,0,46,193
07/27/2014,GEG,WA,ANM,WE,Combined TRACON& Tower with Radar,94,1,2,0,97,0,0,26,4,30,94,1,28,4,127,10,0,10,137
07/28/2014,GEG,WA,ANM,WE,Combined TRACON& Tower with Radar,103,20,21,0,144,0,58,23,0,81,103,78,44,0,225,111,0,111,336
07/29/2014,GEG,WA,ANM,WE,Combined TRACON& Tower with Radar,118,24,15,1,158,0,1,36,1,38,118,25,51,2,196,36,0,36,232
07/30/2014,GEG,WA,ANM,WE,Combined TRACON& Tower with Radar,116,27,16,2,161,0,1,31,2,34,116,28,47,4,195,30,0,30,225
07/31/2014,GEG,WA,ANM,WE,Combined TRACON& Tower with Radar,111,25,23,2,161,0,0,33,2,35,111,25,56,4,196,14,0,14,210
08/01/2014,GEG,WA,ANM,WE,Combined TRACON& Tower with Radar,103,24,21,2,150,0,0,24,0,24,103,24,45,2,174,12,0,12,186
08/02/2014,GEG,WA,ANM,WE,Combined TRACON& Tower with Radar,91,12,8,0,111,0,0,21,0,21,91,12,29,0,132,8,0,8,140
08/03/2014,GEG,WA,ANM,WE,Combined TRACON& Tower with Radar,94,5,15,0,114,0,0,17,0,17,94,5,32,0,131,0,0,0,131
08/04/2014,GEG,WA,ANM,WE,Combined TRACON& Tower with Radar,102,24,14,1,141,0,2,29,2,33,102,26,43,3,174,2,0,2,176
08/05/2014,GEG,WA,ANM,WE,Combined TRACON& Tower with Radar,112,31,13,1,157,0,3,34,9,46,112,34,47,10,203,16,26,42,245
08/06/2014,GEG,WA,ANM,WE,Combined TRACON& Tower with Radar,108,31,12,2,153,0,3,52,3,58,108,34,64,5,211,72,0,72,283
08/07/2014,GEG,WA,ANM,WE,Combined TRACON& Tower with Radar,112,24,23,0,159,0,2,40,0,42,112,26,63,0,201,94,0,94,295
08/08/2014,GEG,WA,ANM,WE,Combined TRACON& Tower with Radar,102,24,14,5,145,0,1,33,2,36,102,25,47,7,181,8,4,12,193
08/09/2014,GEG,WA,ANM,WE,Combined TRACON& Tower with Radar,88,10,9,1,108,0,0,59,0,59,88,10,68,1,167,58,0,58,225
08/10/2014,GEG,WA,ANM,WE,Combined TRACON& Tower with Radar,98,9,16,0,123,0,1,22,0,23,98,10,38,0,146,4,0,4,150
08/11/2014,GEG,WA,ANM,WE,Combined TRACON& Tower with Radar,101,30,24,0,155,0,0,30,2,32,101,30,54,2,187,16,0,16,203
08/12/2014,GEG,WA,ANM,WE,Combined TRACON& Tower with Radar,109,25,28,3,165,0,0,14,0,14,109,25,42,3,179,36,8,44,223
08/13/2014,GEG,WA,ANM,WE,Combined TRACON& Tower with Radar,111,23,25,10,169,0,1,32,0,33,111,24,57,10,202,0,0,0,202
08/14/2014,GEG,WA,ANM,WE,Combined TRACON& Tower with Radar,109,24,34,6,173,0,0,23,1,24,109,24,57,7,197,20,0,20,217
08/15/2014,GEG,WA,ANM,WE,Combined TRACON& Tower with Radar,98,22,33,0,153,0,1,10,3,14,98,23,43,3,167,10,0,10,177
08/16/2014,GEG,WA,ANM,WE,Combined TRACON& Tower with Radar,92,13,35,0,140,0,0,19,0,19,92,13,54,0,159,16,0,16,175
08/17/2014,GEG,WA,ANM,WE,Combined TRACON& Tower with Radar,100,3,19,0,122,0,0,30,2,32,100,3,49,2,154,12,0,12,166
08/18/2014,GEG,WA,ANM,WE,Combined TRACON& Tower with Radar,101,26,16,5,148,0,0,46,0,46,101,26,62,5,194,52,0,52,246
08/19/2014,GEG,WA,ANM,WE,Combined TRACON& Tower with Radar,107,21,21,0,149,0,7,20,3,30,107,28,41,3,179,10,0,10,189
08/20/2014,GEG,WA,ANM,WE,Combined TRACON& Tower with Radar,107,22,23,2,154,0,2,20,1,23,107,24,43,3,177,22,0,22,199
08/21/2014,GEG,WA,ANM,WE,Combined TRACON& Tower with Radar,115,27,21,4,167,0,2,28,1,31,115,29,49,5,198,28,14,42,240
08/22/2014,GEG,WA,ANM,WE,Combined TRACON& Tower with Radar,108,24,15,2,149,0,2,8,0,10,108,26,23,2,159,6,0,6,165
08/23/2014,GEG,WA,ANM,WE,Combined TRACON& Tower with Radar,88,12,5,3,108,0,1,17,1,19,88,13,22,4,127,0,0,0,127
08/24/2014,GEG,WA,ANM,WE,Combined TRACON& Tower with Radar,96,2,23,1,122,0,2,21,0,23,96,4,44,1,145,4,0,4,149
08/25/2014,GEG,WA,ANM,WE,Combined TRACON& Tower with Radar,99,21,10,0,130,1,1,37,1,40,100,22,47,1,170,22,0,22,192
08/26/2014,GEG,WA,ANM,WE,Combined TRACON& Tower with Radar,108,23,29,3,163,0,0,37,1,38,108,23,66,4,201,32,8,40,241
08/27/2014,GEG,WA,ANM,WE,Combined TRACON& Tower with Radar,108,19,28,0,155,0,4,36,0,40,108,23,64,0,195,25,0,25,220
08/28/2014,GEG,WA,ANM,WE,Combined TRACON& Tower with Radar,107,22,23,13,165,0,0,28,0,28,107,22,51,13,193,18,0,18,211
08/29/2014,GEG,WA,ANM,WE,Combined TRACON& Tower with Radar,99,22,15,0,136,0,1,30,0,31,99,23,45,0,167,4,0,4,171
08/30/2014,GEG,WA,ANM,WE,Combined TRACON& Tower with Radar,73,9,10,0,92,0,0,24,0,24,73,9,34,0,116,6,0,6,122
08/31/2014,GEG,WA,ANM,WE,Combined TRACON& Tower with Radar,78,5,4,0,87,0,0,9,0,9,78,5,13,0,96,6,0,6,102
09/01/2014,GEG,WA,ANM,WE,Combined TRACON& Tower with Radar,91,5,8,0,104,0,0,19,0,19,91,5,27,0,123,2,0,2,125
09/02/2014,GEG,WA,ANM,WE,Combined TRACON& Tower with Radar,92,15,12,1,120,0,0,25,1,26,92,15,37,2,146,4,0,4,150
09/03/2014,GEG,WA,ANM,WE,Combined TRACON& Tower with Radar,101,25,20,1,147,0,1,16,1,18,101,26,36,2,165,20,0,20,185
09/04/2014,GEG,WA,ANM,WE,Combined TRACON& Tower with Radar,108,26,14,0,148,0,0,18,0,18,108,26,32,0,166,20,0,20,186
09/05/2014,GEG,WA,ANM,WE,Combined TRACON& Tower with Radar,97,22,14,1,134,0,1,31,0,32,97,23,45,1,166,16,0,16,182
09/06/2014,GEG,WA,ANM,WE,Combined TRACON& Tower with Radar,73,11,6,1,91,0,1,27,0,28,73,12,33,1,119,50,0,50,169
09/07/2014,GEG,WA,ANM,WE,Combined TRACON& Tower with Radar,93,6,12,1,112,0,1,27,0,28,93,7,39,1,140,12,0,12,152
09/08/2014,GEG,WA,ANM,WE,Combined TRACON& Tower with Radar,94,25,14,15,148,0,1,17,0,18,94,26,31,15,166,8,6,14,180
09/09/2014,GEG,WA,ANM,WE,Combined TRACON& Tower with Radar,100,23,14,2,139,0,3,25,0,28,100,26,39,2,167,4,0,4,171
09/10/2014,GEG,WA,ANM,WE,Combined TRACON& Tower with Radar,102,22,15,1,140,0,1,17,1,19,102,23,32,2,159,38,0,38,197
09/11/2014,GEG,WA,ANM,WE,Combined TRACON& Tower with Radar,102,23,26,0,151,0,0,36,0,36,102,23,62,0,187,6,0,6,193
09/12/2014,GEG,WA,ANM,WE,Combined TRACON& Tower with Radar,96,22,25,2,145,0,2,33,0,35,96,24,58,2,180,16,2,18,198
09/13/2014,GEG,WA,ANM,WE,Combined TRACON& Tower with Radar,73,10,6,0,89,0,2,35,0,37,73,12,41,0,126,46,0,46,172
09/14/2014,GEG,WA,ANM,WE,Combined TRACON& Tower with Radar,93,3,8,0,104,0,3,39,0,42,93,6,47,0,146,10,3,13,159
09/15/2014,GEG,WA,ANM,WE,Combined TRACON& Tower with Radar,88,25,18,4,135,0,0,23,0,23,88,25,41,4,158,8,4,12,170
09/16/2014,GEG,WA,ANM,WE,Combined TRACON& Tower with Radar,103,20,16,2,141,0,0,24,2,26,103,20,40,4,167,12,0,12,179
09/17/2014,GEG,WA,ANM,WE,Combined TRACON& Tower with Radar,100,19,30,0,149,0,0,28,0,28,100,19,58,0,177,20,0,20,197
09/18/2014,GEG,WA,ANM,WE,Combined TRACON& Tower with Radar,101,18,23,16,158,0,0,29,1,30,101,18,52,17,188,18,2,20,208
09/19/2014,GEG,WA,ANM,WE,Combined TRACON& Tower with Radar,99,20,13,6,138,0,0,44,0,44,99,20,57,6,182,2,0,2,184
09/20/2014,GEG,WA,ANM,WE,Combined TRACON& Tower with Radar,74,13,6,0,93,0,0,24,0,24,74,13,30,0,117,12,0,12,129
09/21/2014,GEG,WA,ANM,WE,Combined TRACON& Tower with Radar,95,2,11,1,109,0,0,26,0,26,95,2,37,1,135,26,0,26,161
09/22/2014,GEG,WA,ANM,WE,Combined TRACON& Tower with Radar,91,20,19,3,133,0,0,28,0,28,91,20,47,3,161,26,0,26,187
09/23/2014,GEG,WA,ANM,WE,Combined TRACON& Tower with Radar,103,19,25,3,150,0,4,23,0,27,103,23,48,3,177,20,0,20,197
09/24/2014,GEG,WA,ANM,WE,Combined TRACON& Tower with Radar,100,21,16,6,143,0,0,13,0,13,100,21,29,6,156,0,0,0,156
09/25/2014,GEG,WA,ANM,WE,Combined TRACON& Tower with Radar,105,24,28,8,165,0,0,33,0,33,105,24,61,8,198,28,0,28,226
09/26/2014,GEG,WA,ANM,WE,Combined TRACON& Tower with Radar,105,17,25,7,154,0,0,20,1,21,105,17,45,8,175,14,8,22,197
09/27/2014,GEG,WA,ANM,WE,Combined TRACON& Tower with Radar,71,11,12,0,94,0,0,27,0,27,71,11,39,0,121,17,0,17,138
09/28/2014,GEG,WA,ANM,WE,Combined TRACON& Tower with Radar,93,2,12,2,109,0,2,19,0,21,93,4,31,2,130,30,0,30,160
09/29/2014,GEG,WA,ANM,WE,Combined TRACON& Tower with Radar,88,25,14,3,130,0,0,22,0,22,88,25,36,3,152,8,0,8,160
09/30/2014,GEG,WA,ANM,WE,Combined TRACON& Tower with Radar,99,21,15,5,140,0,0,19,0,19,99,21,34,5,159,8,0,8,167
10/01/2014,GEG,WA,ANM,WE,Combined TRACON& Tower with Radar,102,22,11,6,141,0,1,20,0,21,102,23,31,6,162,10,0,10,172
10/02/2014,GEG,WA,ANM,WE,Combined TRACON& Tower with Radar,101,25,16,2,144,0,2,34,1,37,101,27,50,3,181,14,0,14,195
10/03/2014,GEG,WA,ANM,WE,Combined TRACON& Tower with Radar,97,25,24,0,146,0,0,36,0,36,97,25,60,0,182,12,0,12,194
10/04/2014,GEG,WA,ANM,WE,Combined TRACON& Tower with Radar,72,10,10,0,92,0,1,34,0,35,72,11,44,0,127,26,0,26,153
10/05/2014,GEG,WA,ANM,WE,Combined TRACON& Tower with Radar,96,4,5,1,106,0,1,12,1,14,96,5,17,2,120,6,0,6,126
10/06/2014,GEG,WA,ANM,WE,Combined TRACON& Tower with Radar,90,27,12,4,133,0,0,29,0,29,90,27,41,4,162,14,0,14,176
10/07/2014,GEG,WA,ANM,WE,Combined TRACON& Tower with Radar,100,18,36,4,158,0,3,41,0,44,100,21,77,4,202,76,0,76,278
10/08/2014,GEG,WA,ANM,WE,Combined TRACON& Tower with Radar,103,20,22,5,150,0,2,32,0,34,103,22,54,5,184,30,0,30,214
10/09/2014,GEG,WA,ANM,WE,Combined TRACON& Tower with Radar,104,25,16,13,158,0,2,37,1,40,104,27,53,14,198,24,8,32,230
10/10/2014,GEG,WA,ANM,WE,Combined TRACON& Tower with Radar,104,23,13,3,143,0,2,39,0,41,104,25,52,3,184,28,0,28,212
10/11/2014,GEG,WA,ANM,WE,Combined TRACON& Tower with Radar,76,10,7,4,97,0,0,13,0,13,76,10,20,4,110,10,0,10,120
10/12/2014,GEG,WA,ANM,WE,Combined TRACON& Tower with Radar,94,5,12,2,113,0,0,15,0,15,94,5,27,2,128,24,0,24,152
10/13/2014,GEG,WA,ANM,WE,Combined TRACON& Tower with Radar,89,22,15,0,126,0,0,15,0,15,89,22,30,0,141,6,0,6,147
10/14/2014,GEG,WA,ANM,WE,Combined TRACON& Tower with Radar,99,18,21,1,139,0,1,22,0,23,99,19,43,1,162,54,0,54,216
10/15/2014,GEG,WA,ANM,WE,Combined TRACON& Tower with Radar,99,19,15,0,133,0,2,14,3,19,99,21,29,3,152,8,0,8,160
10/16/2014,GEG,WA,ANM,WE,Combined TRACON& Tower with Radar,100,22,17,5,144,0,1,25,2,28,100,23,42,7,172,16,0,16,188
10/17/2014,GEG,WA,ANM,WE,Combined TRACON& Tower with Radar,94,16,16,8,134,0,0,29,5,34,94,16,45,13,168,20,2,22,190
10/18/2014,GEG,WA,ANM,WE,Combined TRACON& Tower with Radar,75,7,7,1,90,0,0,13,0,13,75,7,20,1,103,20,0,20,123
10/19/2014,GEG,WA,ANM,WE,Combined TRACON& Tower with Radar,94,1,8,0,103,0,1,22,0,23,94,2,30,0,126,42,0,42,168
10/20/2014,GEG,WA,ANM,WE,Combined TRACON& Tower with Radar,92,17,18,4,131,0,0,31,0,31,92,17,49,4,162,24,0,24,186
10/21/2014,GEG,WA,ANM,WE,Combined TRACON& Tower with Radar,97,21,14,28,160,0,0,16,0,16,97,21,30,28,176,60,12,72,248
10/22/2014,GEG,WA,ANM,WE,Combined TRACON& Tower with Radar,102,17,18,5,142,0,0,13,0,13,102,17,31,5,155,68,8,76,231
10/23/2014,GEG,WA,ANM,WE,Combined TRACON& Tower with Radar,99,33,6,2,140,0,0,4,0,4,99,33,10,2,144,16,0,16,160
10/24/2014,GEG,WA,ANM,WE,Combined TRACON& Tower with Radar,96,18,15,3,132,0,1,24,0,25,96,19,39,3,157,28,0,28,185
10/25/2014,GEG,WA,ANM,WE,Combined TRACON& Tower with Radar,78,11,11,1,101,0,0,15,0,15,78,11,26,1,116,32,0,32,148
10/26/2014,GEG,WA,ANM,WE,Combined TRACON& Tower with Radar,93,2,11,1,107,0,0,4,0,4,93,2,15,1,111,0,0,0,111
10/27/2014,GEG,WA,ANM,WE,Combined TRACON& Tower with Radar,94,28,14,3,139,0,1,24,0,25,94,29,38,3,164,44,0,44,208
10/28/2014,GEG,WA,ANM,WE,Combined TRACON& Tower with Radar,96,25,12,2,135,0,2,17,0,19,96,27,29,2,154,42,0,42,196
10/29/2014,GEG,WA,ANM,WE,Combined TRACON& Tower with Radar,110,23,36,6,175,0,0,13,0,13,110,23,49,6,188,10,0,10,198
10/30/2014,GEG,WA,ANM,WE,Combined TRACON& Tower with Radar,102,21,33,1,157,0,0,23,0,23,102,21,56,1,180,6,0,6,186
10/31/2014,GEG,WA,ANM,WE,Combined TRACON& Tower with Radar,94,27,15,2,138,0,0,0,0,0,94,27,15,2,138,8,2,10,148
11/01/2014,GEG,WA,ANM,WE,Combined TRACON& Tower with Radar,70,11,9,0,90,0,0,14,0,14,70,11,23,0,104,2,0,2,106
11/02/2014,GEG,WA,ANM,WE,Combined TRACON& Tower with Radar,93,2,10,1,106,0,0,22,1,23,93,2,32,2,129,44,0,44,173
11/03/2014,GEG,WA,ANM,WE,Combined TRACON& Tower with Radar,103,29,18,7,157,0,1,1,1,3,103,30,19,8,160,10,4,14,174
11/04/2014,GEG,WA,ANM,WE,Combined TRACON& Tower with Radar,104,20,61,16,201,0,0,4,0,4,104,20,65,16,205,4,10,14,219
11/05/2014,GEG,WA,ANM,WE,Combined TRACON& Tower with Radar,114,22,26,2,164,0,1,26,0,27,114,23,52,2,191,12,0,12,203
11/06/2014,GEG,WA,ANM,WE,Combined TRACON& Tower with Radar,120,26,24,7,177,0,0,8,0,8,120,26,32,7,185,0,0,0,185
11/07/2014,GEG,WA,ANM,WE,Combined TRACON& Tower with Radar,106,23,18,0,147,0,0,27,0,27,106,23,45,0,174,16,0,16,190
11/08/2014,GEG,WA,ANM,WE,Combined TRACON& Tower with Radar,81,14,11,0,106,0,1,32,0,33,81,15,43,0,139,15,0,15,154
11/09/2014,GEG,WA,ANM,WE,Combined TRACON& Tower with Radar,103,7,11,1,122,0,0,1,0,1,103,7,12,1,123,0,0,0,123
11/10/2014,GEG,WA,ANM,WE,Combined TRACON& Tower with Radar,103,24,21,0,148,0,0,18,2,20,103,24,39,2,168,10,0,10,178
11/11/2014,GEG,WA,ANM,WE,Combined TRACON& Tower with Radar,114,21,12,0,147,0,1,14,0,15,114,22,26,0,162,30,0,30,192
11/12/2014,GEG,WA,ANM,WE,Combined TRACON& Tower with Radar,111,22,18,0,151,0,1,13,1,15,111,23,31,1,166,38,0,38,204
11/13/2014,GEG,WA,ANM,WE,Combined TRACON& Tower with Radar,112,21,19,6,158,0,0,18,1,19,112,21,37,7,177,14,0,14,191
11/14/2014,GEG,WA,ANM,WE,Combined TRACON& Tower with Radar,105,17,19,0,141,0,4,24,0,28,105,21,43,0,169,38,0,38,207
11/15/2014,GEG,WA,ANM,WE,Combined TRACON& Tower with Radar,79,16,14,0,109,0,0,28,0,28,79,16,42,0,137,48,0,48,185
11/16/2014,GEG,WA,ANM,WE,Combined TRACON& Tower with Radar,104,0,10,1,115,0,0,13,0,13,104,0,23,1,128,30,0,30,158
11/17/2014,GEG,WA,ANM,WE,Combined TRACON& Tower with Radar,98,23,14,4,139,0,0,23,0,23,98,23,37,4,162,8,4,12,174
11/18/2014,GEG,WA,ANM,WE,Combined TRACON& Tower with Radar,120,20,23,0,163,0,0,23,0,23,120,20,46,0,186,34,0,34,220
11/19/2014,GEG,WA,ANM,WE,Combined TRACON& Tower with Radar,116,20,21,2,159,0,0,28,4,32,116,20,49,6,191,56,10,66,257
11/20/2014,GEG,WA,ANM,WE,Combined TRACON& Tower with Radar,116,21,11,10,158,0,0,2,0,2,116,21,13,10,160,6,2,8,168
11/21/2014,GEG,WA,ANM,WE,Combined TRACON& Tower with Radar,112,24,19,0,155,0,0,6,2,8,112,24,25,2,163,6,0,6,169
11/22/2014,GEG,WA,ANM,WE,Combined TRACON& Tower with Radar,81,12,8,4,105,0,0,16,0,16,81,12,24,4,121,22,4,26,147
11/23/2014,GEG,WA,ANM,WE,Combined TRACON& Tower with Radar,103,1,13,0,117,0,0,0,0,0,103,1,13,0,117,22,0,22,139
11/24/2014,GEG,WA,ANM,WE,Combined TRACON& Tower with Radar,101,32,18,7,158,0,0,12,1,13,101,32,30,8,171,0,0,0,171
11/25/2014,GEG,WA,ANM,WE,Combined TRACON& Tower with Radar,114,29,13,0,156,0,0,7,2,9,114,29,20,2,165,2,0,2,167
11/26/2014,GEG,WA,ANM,WE,Combined TRACON& Tower with Radar,116,24,11,9,160,0,0,0,0,0,116,24,11,9,160,0,4,4,164
11/27/2014,GEG,WA,ANM,WE,Combined TRACON& Tower with Radar,66,2,3,0,71,0,0,2,0,2,66,2,5,0,73,2,0,2,75
11/28/2014,GEG,WA,ANM,WE,Combined TRACON& Tower with Radar,82,30,9,0,121,0,0,2,0,2,82,30,11,0,123,0,0,0,123
11/29/2014,GEG,WA,ANM,WE,Combined TRACON& Tower with Radar,100,13,17,1,131,0,0,9,0,9,100,13,26,1,140,0,0,0,140
11/30/2014,GEG,WA,ANM,WE,Combined TRACON& Tower with Radar,111,8,22,0,141,0,1,17,0,18,111,9,39,0,159,0,0,0,159
12/01/2014,GEG,WA,ANM,WE,Combined TRACON& Tower with Radar,114,24,9,6,153,0,1,17,0,18,114,25,26,6,171,20,0,20,191
12/02/2014,GEG,WA,ANM,WE,Combined TRACON& Tower with Radar,114,28,28,5,175,0,0,10,0,10,114,28,38,5,185,48,6,54,239
12/03/2014,GEG,WA,ANM,WE,Combined TRACON& Tower with Radar,114,28,10,0,152,0,0,31,1,32,114,28,41,1,184,10,0,10,194
12/04/2014,GEG,WA,ANM,WE,Combined TRACON& Tower with Radar,110,30,10,0,150,0,0,0,0,0,110,30,10,0,150,8,0,8,158
12/05/2014,GEG,WA,ANM,WE,Combined TRACON& Tower with Radar,111,23,4,1,139,0,0,0,0,0,111,23,4,1,139,0,0,0,139
12/06/2014,GEG,WA,ANM,WE,Combined TRACON& Tower with Radar,80,17,17,11,125,0,0,0,0,0,80,17,17,11,125,6,0,6,131
12/07/2014,GEG,WA,ANM,WE,Combined TRACON& Tower with Radar,102,2,3,4,111,0,0,0,0,0,102,2,3,4,111,4,0,4,115
12/08/2014,GEG,WA,ANM,WE,Combined TRACON& Tower with Radar,112,27,19,3,161,0,0,8,4,12,112,27,27,7,173,10,0,10,183
12/09/2014,GEG,WA,ANM,WE,Combined TRACON& Tower with Radar,116,29,6,2,153,0,0,8,0,8,116,29,14,2,161,6,0,6,167
12/10/2014,GEG,WA,ANM,WE,Combined TRACON& Tower with Radar,119,27,18,5,169,0,4,34,0,38,119,31,52,5,207,34,16,50,257
12/11/2014,GEG,WA,ANM,WE,Combined TRACON& Tower with Radar,127,30,14,0,171,0,0,8,0,8,127,30,22,0,179,0,0,0,179
12/12/2014,GEG,WA,ANM,WE,Combined TRACON& Tower with Radar,113,23,11,0,147,0,0,5,2,7,113,23,16,2,154,10,0,10,164
12/13/2014,GEG,WA,ANM,WE,Combined TRACON& Tower with Radar,86,10,11,0,107,0,0,0,0,0,86,10,11,0,107,0,0,0,107
12/14/2014,GEG,WA,ANM,WE,Combined TRACON& Tower with Radar,101,2,24,0,127,0,0,9,0,9,101,2,33,0,136,4,0,4,140
12/15/2014,GEG,WA,ANM,WE,Combined TRACON& Tower with Radar,106,27,16,8,157,0,0,27,0,27,106,27,43,8,184,12,12,24,208
12/16/2014,GEG,WA,ANM,WE,Combined TRACON& Tower with Radar,115,31,14,1,161,0,0,11,1,12,115,31,25,2,173,8,0,8,181
12/17/2014,GEG,WA,ANM,WE,Combined TRACON& Tower with Radar,117,32,28,0,177,0,4,31,1,36,117,36,59,1,213,42,16,58,271
12/18/2014,GEG,WA,ANM,WE,Combined TRACON& Tower with Radar,118,33,25,5,181,0,0,0,0,0,118,33,25,5,181,2,0,2,183
12/19/2014,GEG,WA,ANM,WE,Combined TRACON& Tower with Radar,121,30,9,5,165,0,3,0,1,4,121,33,9,6,169,0,0,0,169
12/20/2014,GEG,WA,ANM,WE,Combined TRACON& Tower with Radar,102,19,10,0,131,0,0,0,0,0,102,19,10,0,131,6,0,6,137
12/21/2014,GEG,WA,ANM,WE,Combined TRACON& Tower with Radar,112,1,9,0,122,0,0,8,0,8,112,1,17,0,130,8,0,8,138
12/22/2014,GEG,WA,ANM,WE,Combined TRACON& Tower with Radar,108,40,10,2,160,0,2,27,0,29,108,42,37,2,189,20,0,20,209
12/23/2014,GEG,WA,ANM,WE,Combined TRACON& Tower with Radar,118,34,14,7,173,0,0,21,0,21,118,34,35,7,194,18,4,22,216
12/24/2014,GEG,WA,ANM,WE,Combined TRACON& Tower with Radar,107,44,2,0,153,0,0,2,0,2,107,44,4,0,155,2,0,2,157
12/25/2014,GEG,WA,ANM,WE,Combined TRACON& Tower with Radar,73,4,1,0,78,0,0,2,0,2,73,4,3,0,80,0,0,0,80
12/26/2014,GEG,WA,ANM,WE,Combined TRACON& Tower with Radar,106,26,16,0,148,0,0,2,0,2,106,26,18,0,150,14,0,14,164
12/27/2014,GEG,WA,ANM,WE,Combined TRACON& Tower with Radar,102,13,12,0,127,0,0,0,0,0,102,13,12,0,127,0,0,0,127
12/28/2014,GEG,WA,ANM,WE,Combined TRACON& Tower with Radar,110,2,13,0,125,0,0,2,0,2,110,2,15,0,127,4,0,4,131
12/29/2014,GEG,WA,ANM,WE,Combined TRACON& Tower with Radar,109,28,10,6,153,30,0,20,1,51,139,28,30,7,204,48,6,54,258
12/30/2014,GEG,WA,ANM,WE,Combined TRACON& Tower with Radar,112,27,8,0,147,0,0,22,2,24,112,27,30,2,171,0,0,0,171
12/31/2014,GEG,WA,ANM,WE,Combined TRACON& Tower with Radar,98,24,14,0,136,0,0,14,0,14,98,24,28,0,150,24,0,24,174
01/01/2015,GEG,WA,ANM,WE,Combined TRACON& Tower with Radar,73,0,4,0,77,0,0,11,0,11,73,0,15,0,88,30,0,30,118
01/02/2015,GEG,WA,ANM,WE,Combined TRACON& Tower with Radar,106,23,7,0,136,0,0,6,0,6,106,23,13,0,142,18,0,18,160
01/03/2015,GEG,WA,ANM,WE,Combined TRACON& Tower with Radar,92,10,7,0,109,0,0,0,0,0,92,10,7,0,109,0,0,0,109
01/04/2015,GEG,WA,ANM,WE,Combined TRACON& Tower with Radar,108,1,8,0,117,0,0,0,0,0,108,1,8,0,117,0,0,0,117
01/05/2015,GEG,WA,ANM,WE,Combined TRACON& Tower with Radar,99,20,8,0,127,0,0,0,0,0,99,20,8,0,127,0,0,0,127
01/06/2015,GEG,WA,ANM,WE,Combined TRACON& Tower with Radar,105,17,8,3,133,0,0,18,1,19,105,17,26,4,152,18,0,18,170
01/07/2015,GEG,WA,ANM,WE,Combined TRACON& Tower with Radar,104,10,8,2,124,0,0,0,0,0,104,10,8,2,124,0,0,0,124
01/08/2015,GEG,WA,ANM,WE,Combined TRACON& Tower with Radar,107,15,9,3,134,0,0,0,0,0,107,15,9,3,134,0,0,0,134
01/09/2015,GEG,WA,ANM,WE,Combined TRACON& Tower with Radar,107,20,17,0,144,0,0,16,1,17,107,20,33,1,161,22,0,22,183
01/10/2015,GEG,WA,ANM,WE,Combined TRACON& Tower with Radar,71,18,8,0,97,0,0,0,0,0,71,18,8,0,97,0,0,0,97
01/11/2015,GEG,WA,ANM,WE,Combined TRACON& Tower with Radar,93,7,5,0,105,0,0,0,0,0,93,7,5,0,105,0,0,0,105
01/12/2015,GEG,WA,ANM,WE,Combined TRACON& Tower with Radar,101,18,11,0,130,0,3,2,1,6,101,21,13,1,136,0,0,0,136
01/13/2015,GEG,WA,ANM,WE,Combined TRACON& Tower with Radar,103,17,8,0,128,0,0,0,0,0,103,17,8,0,128,2,0,2,130
01/14/2015,GEG,WA,ANM,WE,Combined TRACON& Tower with Radar,110,22,12,3,147,0,0,16,0,16,110,22,28,3,163,2,0,2,165
01/15/2015,GEG,WA,ANM,WE,Combined TRACON& Tower with Radar,110,17,21,0,148,0,0,3,1,4,110,17,24,1,152,6,0,6,158
01/16/2015,GEG,WA,ANM,WE,Combined TRACON& Tower with Radar,102,23,18,0,143,0,0,0,0,0,102,23,18,0,143,0,0,0,143
01/17/2015,GEG,WA,ANM,WE,Combined TRACON& Tower with Radar,71,15,9,0,95,0,0,1,0,1,71,15,10,0,96,0,0,0,96
01/18/2015,GEG,WA,ANM,WE,Combined TRACON& Tower with Radar,85,1,8,0,94,0,0,14,0,14,85,1,22,0,108,2,0,2,110
01/19/2015,GEG,WA,ANM,WE,Combined TRACON& Tower with Radar,99,20,21,0,140,0,0,6,0,6,99,20,27,0,146,14,0,14,160
01/20/2015,GEG,WA,ANM,WE,Combined TRACON& Tower with Radar,108,11,7,4,130,0,0,0,0,0,108,11,7,4,130,2,2,4,134
01/21/2015,GEG,WA,ANM,WE,Combined TRACON& Tower with Radar,104,26,17,4,151,0,1,3,0,4,104,27,20,4,155,4,0,4,159
01/22/2015,GEG,WA,ANM,WE,Combined TRACON& Tower with Radar,109,21,31,0,161,0,1,5,0,6,109,22,36,0,167,4,4,8,175
01/23/2015,GEG,WA,ANM,WE,Combined TRACON& Tower with Radar,101,17,6,1,125,0,0,0,0,0,101,17,6,1,125,0,0,0,125
01/24/2015,GEG,WA,ANM,WE,Combined TRACON& Tower with Radar,73,9,7,0,89,0,0,0,0,0,73,9,7,0,89,0,0,0,89
01/25/2015,GEG,WA,ANM,WE,Combined TRACON& Tower with Radar,93,5,10,3,111,0,0,9,0,9,93,5,19,3,120,22,0,22,142
01/26/2015,GEG,WA,ANM,WE,Combined TRACON& Tower with Radar,101,13,16,0,130,0,0,5,0,5,101,13,21,0,135,0,0,0,135
01/27/2015,GEG,WA,ANM,WE,Combined TRACON& Tower with Radar,104,14,10,0,128,0,1,3,0,4,104,15,13,0,132,0,0,0,132
01/28/2015,GEG,WA,ANM,WE,Combined TRACON& Tower with Radar,111,18,5,0,134,0,0,0,0,0,111,18,5,0,134,0,0,0,134
01/29/2015,GEG,WA,ANM,WE,Combined TRACON& Tower with Radar,110,21,27,2,160,0,0,3,0,3,110,21,30,2,163,0,0,0,163
01/30/2015,GEG,WA,ANM,WE,Combined TRACON& Tower with Radar,101,22,10,0,133,0,0,0,0,0,101,22,10,0,133,0,0,0,133
01/31/2015,GEG,WA,ANM,WE,Combined TRACON& Tower with Radar,83,15,19,0,117,0,0,0,0,0,83,15,19,0,117,0,0,0,117
02/01/2015,GEG,WA,ANM,WE,Combined TRACON& Tower with Radar,84,0,2,0,86,0,0,0,0,0,84,0,2,0,86,0,0,0,86
02/02/2015,GEG,WA,ANM,WE,Combined TRACON& Tower with Radar,98,15,13,1,127,0,0,0,0,0,98,15,13,1,127,0,0,0,127
02/03/2015,GEG,WA,ANM,WE,Combined TRACON& Tower with Radar,104,26,7,10,147,0,0,0,0,0,104,26,7,10,147,4,16,20,167
02/04/2015,GEG,WA,ANM,WE,Combined TRACON& Tower with Radar,113,20,23,0,156,0,0,0,0,0,113,20,23,0,156,0,0,0,156
02/05/2015,GEG,WA,ANM,WE,Combined TRACON& Tower with Radar,111,35,21,4,171,0,0,10,0,10,111,35,31,4,181,10,0,10,191
02/06/2015,GEG,WA,ANM,WE,Combined TRACON& Tower with Radar,103,24,16,4,147,0,0,5,0,5,103,24,21,4,152,8,0,8,160
02/07/2015,GEG,WA,ANM,WE,Combined TRACON& Tower with Radar,71,10,7,0,88,0,0,0,1,1,71,10,7,1,89,0,0,0,89
02/08/2015,GEG,WA,ANM,WE,Combined TRACON& Tower with Radar,93,5,11,0,109,0,1,15,0,16,93,6,26,0,125,32,0,32,157
02/09/2015,GEG,WA,ANM,WE,Combined TRACON& Tower with Radar,97,20,14,5,136,0,0,11,3,14,97,20,25,8,150,12,0,12,162
02/10/2015,GEG,WA,ANM,WE,Combined TRACON& Tower with Radar,105,19,17,4,145,0,0,2,1,3,105,19,19,5,148,8,0,8,156
02/11/2015,GEG,WA,ANM,WE,Combined TRACON& Tower with Radar,106,20,18,3,147,0,0,15,0,15,106,20,33,3,162,26,2,28,190
02/12/2015,GEG,WA,ANM,WE,Combined TRACON& Tower with Radar,110,18,18,28,174,0,0,22,0,22,110,18,40,28,196,10,0,10,206
02/13/2015,GEG,WA,ANM,WE,Combined TRACON& Tower with Radar,105,19,20,1,145,0,2,26,3,31,105,21,46,4,176,14,0,14,190
02/14/2015,GEG,WA,ANM,WE,Combined TRACON& Tower with Radar,75,14,11,0,100,0,0,6,0,6,75,14,17,0,106,0,0,0,106
02/15/2015,GEG,WA,ANM,WE,Combined TRACON& Tower with Radar,91,1,4,0,96,0,0,27,0,27,91,1,31,0,123,8,0,8,131
02/16/2015,GEG,WA,ANM,WE,Combined TRACON& Tower with Radar,103,16,11,0,130,0,0,21,0,21,103,16,32,0,151,24,0,24,175
02/17/2015,GEG,WA,ANM,WE,Combined TRACON& Tower with Radar,107,16,24,0,147,0,0,24,0,24,107,16,48,0,171,14,0,14,185
02/18/2015,GEG,WA,ANM,WE,Combined TRACON& Tower with Radar,114,24,8,0,146,0,3,14,1,18,114,27,22,1,164,14,0,14,178
02/19/2015,GEG,WA,ANM,WE,Combined TRACON& Tower with Radar,112,17,25,3,157,0,2,7,2,11,112,19,32,5,168,0,0,0,168
02/20/2015,GEG,WA,ANM,WE,Combined TRACON& Tower with Radar,104,20,20,1,145,0,0,8,1,9,104,20,28,2,154,0,0,0,154
02/21/2015,GEG,WA,ANM,WE,Combined TRACON& Tower with Radar,73,17,12,1,103,0,1,9,2,12,73,18,21,3,115,26,0,26,141
02/22/2015,GEG,WA,ANM,WE,Combined TRACON& Tower with Radar,91,6,19,0,116,0,2,27,0,29,91,8,46,0,145,10,0,10,155
02/23/2015,GEG,WA,ANM,WE,Combined TRACON& Tower with Radar,103,18,15,1,137,0,0,13,2,15,103,18,28,3,152,10,0,10,162
02/24/2015,GEG,WA,ANM,WE,Combined TRACON& Tower with Radar,112,19,16,1,148,0,0,21,1,22,112,19,37,2,170,24,2,26,196
02/25/2015,GEG,WA,ANM,WE,Combined TRACON& Tower with Radar,104,20,19,3,146,0,0,19,1,20,104,20,38,4,166,0,0,0,166
02/26/2015,GEG,WA,ANM,WE,Combined TRACON& Tower with Radar,115,24,31,0,170,0,1,8,1,10,115,25,39,1,180,16,0,16,196
02/27/2015,GEG,WA,ANM,WE,Combined TRACON& Tower with Radar,104,25,38,0,167,0,2,20,2,24,104,27,58,2,191,44,2,46,237
02/28/2015,GEG,WA,ANM,WE,Combined TRACON& Tower with Radar,74,12,19,0,105,0,0,17,0,17,74,12,36,0,122,16,0,16,138
03/01/2015,GEG,WA,ANM,WE,Combined TRACON& Tower with Radar,93,1,10,0,104,0,0,11,0,11,93,1,21,0,115,6,0,6,121
03/02/2015,GEG,WA,ANM,WE,Combined TRACON& Tower with Radar,104,27,16,0,147,0,0,12,0,12,104,27,28,0,159,0,0,0,159
03/03/2015,GEG,WA,ANM,WE,Combined TRACON& Tower with Radar,106,21,9,6,142,0,0,15,1,16,106,21,24,7,158,2,0,2,160
03/04/2015,GEG,WA,ANM,WE,Combined TRACON& Tower with Radar,113,22,3,1,139,0,0,21,2,23,113,22,24,3,162,10,0,10,172
03/05/2015,GEG,WA,ANM,WE,Combined TRACON& Tower with Radar,111,23,25,2,161,0,0,26,0,26,111,23,51,2,187,50,0,50,237
03/06/2015,GEG,WA,ANM,WE,Combined TRACON& Tower with Radar,102,22,12,1,137,0,1,21,5,27,102,23,33,6,164,18,18,36,200
03/07/2015,GEG,WA,ANM,WE,Combined TRACON& Tower with Radar,84,13,14,0,111,0,0,14,3,17,84,13,28,3,128,12,0,12,140
03/08/2015,GEG,WA,ANM,WE,Combined TRACON& Tower with Radar,95,4,11,0,110,0,1,15,0,16,95,5,26,0,126,14,0,14,140
03/09/2015,GEG,WA,ANM,WE,Combined TRACON& Tower with Radar,108,16,28,8,160,0,1,26,0,27,108,17,54,8,187,12,0,12,199
03/10/2015,GEG,WA,ANM,WE,Combined TRACON& Tower with Radar,110,19,21,10,160,0,0,23,2,25,110,19,44,12,185,12,8,20,205
03/11/2015,GEG,WA,ANM,WE,Combined TRACON& Tower with Radar,115,23,23,6,167,0,0,19,1,20,115,23,42,7,187,14,0,14,201
03/12/2015,GEG,WA,ANM,WE,Combined TRACON& Tower with Radar,108,21,13,5,147,0,1,22,2,25,108,22,35,7,172,6,2,8,180
03/13/2015,GEG,WA,ANM,WE,Combined TRACON& Tower with Radar,105,28,9,0,142,0,0,22,3,25,105,28,31,3,167,28,0,28,195
03/14/2015,GEG,WA,ANM,WE,Combined TRACON& Tower with Radar,85,15,11,0,111,0,0,2,0,2,85,15,13,0,113,4,0,4,117
03/15/2015,GEG,WA,ANM,WE,Combined TRACON& Tower with Radar,85,6,14,0,105,0,0,0,0,0,85,6,14,0,105,2,0,2,107
03/16/2015,GEG,WA,ANM,WE,Combined TRACON& Tower with Radar,105,18,26,12,161,0,0,16,0,16,105,18,42,12,177,44,6,50,227
03/17/2015,GEG,WA,ANM,WE,Combined TRACON& Tower with Radar,109,16,17,0,142,0,4,5,1,10,109,20,22,1,152,0,0,0,152
03/18/2015,GEG,WA,ANM,WE,Combined TRACON& Tower with Radar,106,20,23,5,154,0,0,13,0,13,106,20,36,5,167,24,0,24,191
03/19/2015,GEG,WA,ANM,WE,Combined TRACON& Tower with Radar,110,22,15,4,151,0,2,25,0,27,110,24,40,4,178,20,0,20,198
03/20/2015,GEG,WA,ANM,WE,Combined TRACON& Tower with Radar,102,22,16,1,141,0,2,25,5,32,102,24,41,6,173,4,0,4,177
03/21/2015,GEG,WA,ANM,WE,Combined TRACON& Tower with Radar,88,10,21,0,119,0,0,13,0,13,88,10,34,0,132,20,0,20,152
03/22/2015,GEG,WA,ANM,WE,Combined TRACON& Tower with Radar,97,7,17,0,121,0,0,22,0,22,97,7,39,0,143,0,0,0,143
03/23/2015,GEG,WA,ANM,WE,Combined TRACON& Tower with Radar,101,20,33,2,156,0,0,9,0,9,101,20,42,2,165,24,0,24,189
03/24/2015,GEG,WA,ANM,WE,Combined TRACON& Tower with Radar,109,18,18,2,147,0,0,14,0,14,109,18,32,2,161,42,0,42,203
03/25/2015,GEG,WA,ANM,WE,Combined TRACON& Tower with Radar,116,19,12,1,148,0,0,4,2,6,116,19,16,3,154,18,0,18,172
03/26/2015,GEG,WA,ANM,WE,Combined TRACON& Tower with Radar,113,19,25,8,165,0,2,29,3,34,113,21,54,11,199,68,6,74,273
03/27/2015,GEG,WA,ANM,WE,Combined TRACON& Tower with Radar,98,21,18,4,141,0,0,21,2,23,98,21,39,6,164,46,8,54,218
03/28/2015,GEG,WA,ANM,WE,Combined TRACON& Tower with Radar,86,9,7,0,102,0,0,5,0,5,86,9,12,0,107,2,0,2,109
03/29/2015,GEG,WA,ANM,WE,Combined TRACON& Tower with Radar,100,0,9,0,109,0,0,24,0,24,100,0,33,0,133,4,0,4,137
03/30/2015,GEG,WA,ANM,WE,Combined TRACON& Tower with Radar,102,16,25,1,144,0,0,23,0,23,102,16,48,1,167,18,0,18,185
03/31/2015,GEG,WA,ANM,WE,Combined TRACON& Tower with Radar,106,21,18,4,149,0,0,5,0,5,106,21,23,4,154,22,0,22,176
04/01/2015,GEG,WA,ANM,WE,Combined TRACON& Tower with Radar,108,19,16,1,144,0,2,11,1,14,108,21,27,2,158,0,0,0,158
04/02/2015,GEG,WA,ANM,WE,Combined TRACON& Tower with Radar,113,21,19,17,170,0,0,9,1,10,113,21,28,18,180,16,4,20,200
04/03/2015,GEG,WA,ANM,WE,Combined TRACON& Tower with Radar,104,23,10,7,144,0,0,23,3,26,104,23,33,10,170,84,6,90,260
04/04/2015,GEG,WA,ANM,WE,Combined TRACON& Tower with Radar,81,11,11,0,103,0,0,14,0,14,81,11,25,0,117,24,0,24,141
04/05/2015,GEG,WA,ANM,WE,Combined TRACON& Tower with Radar,89,2,10,0,101,0,0,12,0,12,89,2,22,0,113,2,0,2,115
04/06/2015,GEG,WA,ANM,WE,Combined TRACON& Tower with Radar,101,20,16,1,138,0,0,0,0,0,101,20,16,1,138,0,0,0,138
04/07/2015,GEG,WA,ANM,WE,Combined TRACON& Tower with Radar,107,22,17,0,146,0,1,25,0,26,107,23,42,0,172,30,0,30,202
04/08/2015,GEG,WA,ANM,WE,Combined TRACON& Tower with Radar,111,22,19,0,152,0,0,16,0,16,111,22,35,0,168,58,0,58,226
04/09/2015,GEG,WA,ANM,WE,Combined TRACON& Tower with Radar,112,21,26,2,161,0,0,48,2,50,112,21,74,4,211,80,0,80,291
04/10/2015,GEG,WA,ANM,WE,Combined TRACON& Tower with Radar,105,21,19,4,149,0,0,22,1,23,105,21,41,5,172,34,2,36,208
04/11/2015,GEG,WA,ANM,WE,Combined TRACON& Tower with Radar,83,9,10,0,102,0,3,4,0,7,83,12,14,0,109,14,0,14,123
04/12/2015,GEG,WA,ANM,WE,Combined TRACON& Tower with Radar,96,3,6,0,105,0,0,2,0,2,96,3,8,0,107,0,0,0,107
04/13/2015,GEG,WA,ANM,WE,Combined TRACON& Tower with Radar,100,18,10,3,131,0,0,15,0,15,100,18,25,3,146,16,0,16,162
04/14/2015,GEG,WA,ANM,WE,Combined TRACON& Tower with Radar,110,20,17,0,147,0,0,9,0,9,110,20,26,0,156,34,0,34,190
04/15/2015,GEG,WA,ANM,WE,Combined TRACON& Tower with Radar,112,18,11,1,142,0,0,34,0,34,112,18,45,1,176,32,0,32,208
04/16/2015,GEG,WA,ANM,WE,Combined TRACON& Tower with Radar,110,18,23,6,157,0,3,26,0,29,110,21,49,6,186,36,0,36,222
04/17/2015,GEG,WA,ANM,WE,Combined TRACON& Tower with Radar,107,20,24,2,153,0,2,51,0,53,107,22,75,2,206,30,0,30,236
04/18/2015,GEG,WA,ANM,WE,Combined TRACON& Tower with Radar,82,11,20,9,122,0,1,28,0,29,82,12,48,9,151,4,18,22,173
04/19/2015,GEG,WA,ANM,WE,Combined TRACON& Tower with Radar,96,5,17,0,118,0,1,25,0,26,96,6,42,0,144,28,0,28,172
04/20/2015,GEG,WA,ANM,WE,Combined TRACON& Tower with Radar,98,19,21,6,144,0,0,22,0,22,98,19,43,6,166,0,0,0,166
04/21/2015,GEG,WA,ANM,WE,Combined TRACON& Tower with Radar,107,22,22,2,153,0,0,24,0,24,107,22,46,2,177,16,0,16,193
04/22/2015,GEG,WA,ANM,WE,Combined TRACON& Tower with Radar,110,25,15,2,152,0,0,20,1,21,110,25,35,3,173,20,0,20,193
04/23/2015,GEG,WA,ANM,WE,Combined TRACON& Tower with Radar,112,19,37,5,173,0,1,33,0,34,112,20,70,5,207,36,4,40,247
04/24/2015,GEG,WA,ANM,WE,Combined TRACON& Tower with Radar,106,19,30,2,157,0,5,18,0,23,106,24,48,2,180,0,0,0,180
04/25/2015,GEG,WA,ANM,WE,Combined TRACON& Tower with Radar,82,10,14,0,106,0,2,7,0,9,82,12,21,0,115,40,0,40,155
04/26/2015,GEG,WA,ANM,WE,Combined TRACON& Tower with Radar,101,7,17,0,125,0,5,15,0,20,101,12,32,0,145,30,0,30,175
04/27/2015,GEG,WA,ANM,WE,Combined TRACON& Tower with Radar,99,18,15,2,134,0,3,29,0,32,99,21,44,2,166,20,2,22,188
04/28/2015,GEG,WA,ANM,WE,Combined TRACON& Tower with Radar,108,19,16,2,145,0,3,24,0,27,108,22,40,2,172,30,0,30,202
04/29/2015,GEG,WA,ANM,WE,Combined TRACON& Tower with Radar,111,28,23,19,181,0,6,26,2,34,111,34,49,21,215,56,12,68,283
04/30/2015,GEG,WA,ANM,WE,Combined TRACON& Tower with Radar,114,21,22,5,162,0,2,20,0,22,114,23,42,5,184,6,0,6,190
05/01/2015,GEG,WA,ANM,WE,Combined TRACON& Tower with Radar,103,18,20,4,145,0,4,30,0,34,103,22,50,4,179,26,0,26,205
05/02/2015,GEG,WA,ANM,WE,Combined TRACON& Tower with Radar,79,20,6,1,106,0,0,27,1,28,79,20,33,2,134,30,0,30,164
05/03/2015,GEG,WA,ANM,WE,Combined TRACON& Tower with Radar,96,5,9,0,110,0,0,33,1,34,96,5,42,1,144,0,0,0,144
05/04/2015,GEG,WA,ANM,WE,Combined TRACON& Tower with Radar,103,25,18,0,146,0,0,20,0,20,103,25,38,0,166,2,0,2,168
05/05/2015,GEG,WA,ANM,WE,Combined TRACON& Tower with Radar,111,21,15,16,163,0,0,19,0,19,111,21,34,16,182,24,4,28,210
05/06/2015,GEG,WA,ANM,WE,Combined TRACON& Tower with Radar,111,20,20,2,153,0,1,31,2,34,111,21,51,4,187,24,6,30,217
05/07/2015,GEG,WA,ANM,WE,Combined TRACON& Tower with Radar,113,21,16,14,164,12,1,31,8,52,125,22,47,22,216,36,2,38,254
05/08/2015,GEG,WA,ANM,WE,Combined TRACON& Tower with Radar,105,22,20,3,150,0,0,29,2,31,105,22,49,5,181,62,0,62,243
05/09/2015,GEG,WA,ANM,WE,Combined TRACON& Tower with Radar,77,12,9,0,98,0,0,24,1,25,77,12,33,1,123,14,0,14,137
05/10/2015,GEG,WA,ANM,WE,Combined TRACON& Tower with Radar,92,7,11,0,110,0,5,27,8,40,92,12,38,8,150,8,0,8,158
05/11/2015,GEG,WA,ANM,WE,Combined TRACON& Tower with Radar,102,24,30,0,156,1,2,42,5,50,103,26,72,5,206,66,0,66,272
05/12/2015,GEG,WA,ANM,WE,Combined TRACON& Tower with Radar,109,26,24,2,161,1,0,28,5,34,110,26,52,7,195,56,0,56,251
05/13/2015,GEG,WA,ANM,WE,Combined TRACON& Tower with Radar,110,22,15,1,148,0,0,6,0,6,110,22,21,1,154,38,0,38,192
05/14/2015,GEG,WA,ANM,WE,Combined TRACON& Tower with Radar,112,17,31,4,164,5,4,41,2,52,117,21,72,6,216,42,34,76,292
05/15/2015,GEG,WA,ANM,WE,Combined TRACON& Tower with Radar,105,23,26,10,164,6,0,16,3,25,111,23,42,13,189,52,6,58,247
05/16/2015,GEG,WA,ANM,WE,Combined TRACON& Tower with Radar,86,10,17,0,113,3,0,25,0,28,89,10,42,0,141,4,0,4,145
05/17/2015,GEG,WA,ANM,WE,Combined TRACON& Tower with Radar,105,19,16,0,140,8,3,14,5,30,113,22,30,5,170,24,0,24,194
05/18/2015,GEG,WA,ANM,WE,Combined TRACON& Tower with Radar,100,28,7,1,136,2,2,19,2,25,102,30,26,3,161,54,0,54,215
05/19/2015,GEG,WA,ANM,WE,Combined TRACON& Tower with Radar,107,19,25,2,153,0,2,16,2,20,107,21,41,4,173,2,2,4,177
05/20/2015,GEG,WA,ANM,WE,Combined TRACON& Tower with Radar,111,26,25,1,163,6,2,32,1,41,117,28,57,2,204,14,0,14,218
05/21/2015,GEG,WA,ANM,WE,Combined TRACON& Tower with Radar,111,20,17,0,148,0,0,14,0,14,111,20,31,0,162,2,0,2,164
05/22/2015,GEG,WA,ANM,WE,Combined TRACON& Tower with Radar,105,22,15,0,142,0,1,27,0,28,105,23,42,0,170,20,0,20,190
05/23/2015,GEG,WA,ANM,WE,Combined TRACON& Tower with Radar,79,9,9,0,97,0,3,13,0,16,79,12,22,0,113,12,0,12,125
05/24/2015,GEG,WA,ANM,WE,Combined TRACON& Tower with Radar,70,5,7,0,82,0,1,15,0,16,70,6,22,0,98,0,0,0,98
05/25/2015,GEG,WA,ANM,WE,Combined TRACON& Tower with Radar,95,7,8,0,110,0,0,13,0,13,95,7,21,0,123,0,0,0,123
05/26/2015,GEG,WA,ANM,WE,Combined TRACON& Tower with Radar,91,29,17,0,137,0,0,15,0,15,91,29,32,0,152,16,0,16,168
05/27/2015,GEG,WA,ANM,WE,Combined TRACON& Tower with Radar,112,20,16,1,149,0,2,22,0,24,112,22,38,1,173,30,0,30,203
05/28/2015,GEG,WA,ANM,WE,Combined TRACON& Tower with Radar,111,20,26,2,159,1,0,26,2,29,112,20,52,4,188,56,0,56,244
05/29/2015,GEG,WA,ANM,WE,Combined TRACON& Tower with Radar,112,23,26,0,161,1,1,30,0,32,113,24,56,0,193,10,0,10,203
05/30/2015,GEG,WA,ANM,WE,Combined TRACON& Tower with Radar,83,14,9,0,106,0,0,12,0,12,83,14,21,0,118,6,0,6,124
05/31/2015,GEG,WA,ANM,WE,Combined TRACON& Tower with Radar,95,5,8,0,108,0,0,26,0,26,95,5,34,0,134,32,0,32,166
06/01/2015,GEG,WA,ANM,WE,Combined TRACON& Tower with Radar,99,23,12,0,134,0,0,10,0,10,99,23,22,0,144,12,0,12,156
06/02/2015,GEG,WA,ANM,WE,Combined TRACON& Tower with Radar,107,27,14,2,150,0,0,8,3,11,107,27,22,5,161,14,0,14,175
06/03/2015,GEG,WA,ANM,WE,Combined TRACON& Tower with Radar,111,23,18,0,152,0,3,26,4,33,111,26,44,4,185,2,0,2,187
06/04/2015,GEG,WA,ANM,WE,Combined TRACON& Tower with Radar,115,21,23,1,160,0,0,31,1,32,115,21,54,2,192,16,0,16,208
06/05/2015,GEG,WA,ANM,WE,Combined TRACON& Tower with Radar,115,22,16,0,153,0,2,25,0,27,115,24,41,0,180,40,0,40,220
06/06/2015,GEG,WA,ANM,WE,Combined TRACON& Tower with Radar,85,9,7,0,101,0,1,34,0,35,85,10,41,0,136,22,0,22,158
06/07/2015,GEG,WA,ANM,WE,Combined TRACON& Tower with Radar,109,1,10,0,120,0,4,25,0,29,109,5,35,0,149,44,0,44,193
06/08/2015,GEG,WA,ANM,WE,Combined TRACON& Tower with Radar,112,23,16,1,152,0,0,16,0,16,112,23,32,1,168,8,0,8,176
06/09/2015,GEG,WA,ANM,WE,Combined TRACON& Tower with Radar,116,17,12,2,147,0,0,16,0,16,116,17,28,2,163,10,0,10,173
06/10/2015,GEG,WA,ANM,WE,Combined TRACON& Tower with Radar,119,23,9,0,151,0,1,34,2,37,119,24,43,2,188,8,0,8,196
06/11/2015,GEG,WA,ANM,WE,Combined TRACON& Tower with Radar,118,20,20,1,159,0,1,29,2,32,118,21,49,3,191,4,0,4,195
06/12/2015,GEG,WA,ANM,WE,Combined TRACON& Tower with Radar,114,19,23,1,157,0,2,21,1,24,114,21,44,2,181,2,0,2,183
06/13/2015,GEG,WA,ANM,WE,Combined TRACON& Tower with Radar,93,9,8,0,110,0,0,39,0,39,93,9,47,0,149,42,0,42,191
06/14/2015,GEG,WA,ANM,WE,Combined TRACON& Tower with Radar,108,4,19,5,136,0,0,38,0,38,108,4,57,5,174,8,0,8,182
06/15/2015,GEG,WA,ANM,WE,Combined TRACON& Tower with Radar,106,23,16,0,145,0,2,23,0,25,106,25,39,0,170,58,0,58,228
06/16/2015,GEG,WA,ANM,WE,Combined TRACON& Tower with Radar,116,21,15,1,153,0,4,21,1,26,116,25,36,2,179,14,0,14,193
06/17/2015,GEG,WA,ANM,WE,Combined TRACON& Tower with Radar,120,18,13,1,152,0,0,62,1,63,120,18,75,2,215,30,0,30,245
06/18/2015,GEG,WA,ANM,WE,Combined TRACON& Tower with Radar,117,24,10,2,153,0,5,21,2,28,117,29,31,4,181,24,0,24,205
06/19/2015,GEG,WA,ANM,WE,Combined TRACON& Tower with Radar,112,19,14,2,147,0,4,25,0,29,112,23,39,2,176,12,0,12,188
06/20/2015,GEG,WA,ANM,WE,Combined TRACON& Tower with Radar,95,7,7,0,109,0,2,19,1,22,95,9,26,1,131,12,0,12,143
06/21/2015,GEG,WA,ANM,WE,Combined TRACON& Tower with Radar,110,1,6,0,117,0,0,23,0,23,110,1,29,0,140,4,0,4,144
06/22/2015,GEG,WA,ANM,WE,Combined TRACON& Tower with Radar,108,25,6,2,141,1,5,20,0,26,109,30,26,2,167,2,0,2,169
06/23/2015,GEG,WA,ANM,WE,Combined TRACON& Tower with Radar,114,18,10,1,143,0,3,26,2,31,114,21,36,3,174,0,0,0,174
06/24/2015,GEG,WA,ANM,WE,Combined TRACON& Tower with Radar,115,16,8,0,139,0,2,36,0,38,115,18,44,0,177,6,0,6,183
06/25/2015,GEG,WA,ANM,WE,Combined TRACON& Tower with Radar,121,17,19,3,160,0,3,19,1,23,121,20,38,4,183,32,0,32,215
06/26/2015,GEG,WA,ANM,WE,Combined TRACON& Tower with Radar,116,19,23,2,160,0,0,26,0,26,116,19,49,2,186,4,0,4,190
06/27/2015,GEG,WA,ANM,WE,Combined TRACON& Tower with Radar,93,15,8,2,118,1,2,15,0,18,94,17,23,2,136,2,0,2,138
06/28/2015,GEG,WA,ANM,WE,Combined TRACON& Tower with Radar,110,4,7,1,122,1,0,11,2,14,111,4,18,3,136,0,0,0,136
06/29/2015,GEG,WA,ANM,WE,Combined TRACON& Tower with Radar,108,24,6,3,141,1,2,29,0,32,109,26,35,3,173,0,0,0,173
06/30/2015,GEG,WA,ANM,WE,Combined TRACON& Tower with Radar,114,24,14,5,157,0,0,33,0,33,114,24,47,5,190,28,0,28,218
07/01/2015,GEG,WA,ANM,WE,Combined TRACON& Tower with Radar,113,19,13,4,149,2,2,33,4,41,115,21,46,8,190,0,0,0,190
07/02/2015,GEG,WA,ANM,WE,Combined TRACON& Tower with Radar,124,27,21,0,172,0,0,38,0,38,124,27,59,0,210,6,6,12,222
07/03/2015,GEG,WA,ANM,WE,Combined TRACON& Tower with Radar,102,18,13,0,133,0,1,22,1,24,102,19,35,1,157,2,0,2,159
07/04/2015,GEG,WA,ANM,WE,Combined TRACON& Tower with Radar,84,4,2,0,90,0,1,7,0,8,84,5,9,0,98,0,0,0,98
07/05/2015,GEG,WA,ANM,WE,Combined TRACON& Tower with Radar,104,5,3,0,112,0,2,10,0,12,104,7,13,0,124,0,0,0,124
07/06/2015,GEG,WA,ANM,WE,Combined TRACON& Tower with Radar,107,19,16,0,142,0,0,24,1,25,107,19,40,1,167,10,0,10,177
07/07/2015,GEG,WA,ANM,WE,Combined TRACON& Tower with Radar,122,22,13,2,159,0,3,26,1,30,122,25,39,3,189,22,2,24,213
07/08/2015,GEG,WA,ANM,WE,Combined TRACON& Tower with Radar,117,24,17,0,158,0,0,30,0,30,117,24,47,0,188,10,0,10,198
07/09/2015,GEG,WA,ANM,WE,Combined TRACON& Tower with Radar,118,21,20,0,159,0,2,19,0,21,118,23,39,0,180,34,0,34,214
07/10/2015,GEG,WA,ANM,WE,Combined TRACON& Tower with Radar,112,17,11,3,143,0,1,20,0,21,112,18,31,3,164,20,2,22,186
07/11/2015,GEG,WA,ANM,WE,Combined TRACON& Tower with Radar,96,7,7,1,111,0,0,15,7,22,96,7,22,8,133,46,0,46,179
07/12/2015,GEG,WA,ANM,WE,Combined TRACON& Tower with Radar,111,1,9,0,121,0,0,25,0,25,111,1,34,0,146,12,0,12,158
07/13/2015,GEG,WA,ANM,WE,Combined TRACON& Tower with Radar,107,19,14,3,143,0,0,21,0,21,107,19,35,3,164,6,0,6,170
07/14/2015,GEG,WA,ANM,WE,Combined TRACON& Tower with Radar,114,21,7,0,142,0,4,25,0,29,114,25,32,0,171,4,0,4,175
07/15/2015,GEG,WA,ANM,WE,Combined TRACON& Tower with Radar,117,21,16,2,156,0,1,26,2,29,117,22,42,4,185,34,0,34,219
07/16/2015,GEG,WA,ANM,WE,Combined TRACON& Tower with Radar,118,25,13,13,169,0,0,27,1,28,118,25,40,14,197,4,0,4,201
07/17/2015,GEG,WA,ANM,WE,Combined TRACON& Tower with Radar,114,25,10,0,149,0,0,34,2,36,114,25,44,2,185,38,0,38,223
07/18/2015,GEG,WA,ANM,WE,Combined TRACON& Tower with Radar,96,13,10,0,119,0,0,12,0,12,96,13,22,0,131,16,0,16,147
07/19/2015,GEG,WA,ANM,WE,Combined TRACON& Tower with Radar,111,5,10,0,126,0,0,18,0,18,111,5,28,0,144,34,0,34,178
07/20/2015,GEG,WA,ANM,WE,Combined TRACON& Tower with Radar,101,23,18,0,142,0,0,31,0,31,101,23,49,0,173,18,0,18,191
07/21/2015,GEG,WA,ANM,WE,Combined TRACON& Tower with Radar,120,23,21,8,172,0,0,19,3,22,120,23,40,11,194,62,12,74,268
07/22/2015,GEG,WA,ANM,WE,Combined TRACON& Tower with Radar,117,23,22,4,166,0,0,28,5,33,117,23,50,9,199,32,6,38,237
07/23/2015,GEG,WA,ANM,WE,Combined TRACON& Tower with Radar,118,24,15,10,167,0,6,33,2,41,118,30,48,12,208,22,6,28,236
07/24/2015,GEG,WA,ANM,WE,Combined TRACON& Tower with Radar,113,21,12,18,164,0,0,16,3,19,113,21,28,21,183,46,8,54,237
07/25/2015,GEG,WA,ANM,WE,Combined TRACON& Tower with Radar,91,11,4,0,106,0,0,23,0,23,91,11,27,0,129,34,0,34,163
07/26/2015,GEG,WA,ANM,WE,Combined TRACON& Tower with Radar,112,2,10,0,124,0,2,21,1,24,112,4,31,1,148,26,0,26,174
07/27/2015,GEG,WA,ANM,WE,Combined TRACON& Tower with Radar,109,25,26,0,160,0,2,17,0,19,109,27,43,0,179,32,0,32,211
07/28/2015,GEG,WA,ANM,WE,Combined TRACON& Tower with Radar,117,19,15,2,153,0,0,35,5,40,117,19,50,7,193,26,24,50,243
07/29/2015,GEG,WA,ANM,WE,Combined TRACON& Tower with Radar,119,22,11,1,153,0,2,29,1,32,119,24,40,2,185,14,0,14,199
07/30/2015,GEG,WA,ANM,WE,Combined TRACON& Tower with Radar,112,21,24,0,157,0,0,43,0,43,112,21,67,0,200,34,0,34,234
07/31/2015,GEG,WA,ANM,WE,Combined TRACON& Tower with Radar,113,23,18,0,154,1,1,31,0,33,114,24,49,0,187,28,0,28,215
08/01/2015,GEG,WA,ANM,WE,Combined TRACON& Tower with Radar,100,12,14,1,127,1,3,17,1,22,101,15,31,2,149,0,0,0,149
08/02/2015,GEG,WA,ANM,WE,Combined TRACON& Tower with Radar,109,3,10,0,122,0,2,18,1,21,109,5,28,1,143,6,0,6,149
08/03/2015,GEG,WA,ANM,WE,Combined TRACON& Tower with Radar,113,20,21,1,155,1,3,22,9,35,114,23,43,10,190,22,0,22,212
08/04/2015,GEG,WA,ANM,WE,Combined TRACON& Tower with Radar,116,21,11,5,153,0,1,30,1,32,116,22,41,6,185,22,10,32,217
08/05/2015,GEG,WA,ANM,WE,Combined TRACON& Tower with Radar,114,17,15,7,153,0,7,33,2,42,114,24,48,9,195,20,0,20,215
08/06/2015,GEG,WA,ANM,WE,Combined TRACON& Tower with Radar,118,26,17,7,168,0,3,42,0,45,118,29,59,7,213,50,0,50,263
08/07/2015,GEG,WA,ANM,WE,Combined TRACON& Tower with Radar,119,23,14,3,159,0,0,48,0,48,119,23,62,3,207,32,0,32,239
08/08/2015,GEG,WA,ANM,WE,Combined TRACON& Tower with Radar,93,14,14,4,125,0,2,24,0,26,93,16,38,4,151,28,0,28,179
08/09/2015,GEG,WA,ANM,WE,Combined TRACON& Tower with Radar,107,2,13,0,122,0,2,19,0,21,107,4,32,0,143,8,0,8,151
08/10/2015,GEG,WA,ANM,WE,Combined TRACON& Tower with Radar,109,28,26,2,165,0,2,25,1,28,109,30,51,3,193,56,0,56,249
08/11/2015,GEG,WA,ANM,WE,Combined TRACON& Tower with Radar,116,22,12,0,150,1,0,34,4,39,117,22,46,4,189,24,0,24,213
08/12/2015,GEG,WA,ANM,WE,Combined TRACON& Tower with Radar,118,21,23,0,162,0,2,33,0,35,118,23,56,0,197,16,0,16,213
08/13/2015,GEG,WA,ANM,WE,Combined TRACON& Tower with Radar,114,23,22,24,183,0,2,37,1,40,114,25,59,25,223,40,12,52,275
08/14/2015,GEG,WA,ANM,WE,Combined TRACON& Tower with Radar,114,18,11,2,145,0,0,13,0,13,114,18,24,2,158,18,0,18,176
08/15/2015,GEG,WA,ANM,WE,Combined TRACON& Tower with Radar,95,11,9,1,116,0,0,24,2,26,95,11,33,3,142,38,0,38,180
08/16/2015,GEG,WA,ANM,WE,Combined TRACON& Tower with Radar,106,5,8,0,119,0,0,22,0,22,106,5,30,0,141,10,0,10,151
08/17/2015,GEG,WA,ANM,WE,Combined TRACON& Tower with Radar,107,24,8,2,141,0,0,19,0,19,107,24,27,2,160,6,0,6,166
08/18/2015,GEG,WA,ANM,WE,Combined TRACON& Tower with Radar,116,20,23,0,159,0,1,17,1,19,116,21,40,1,178,26,0,26,204
08/19/2015,GEG,WA,ANM,WE,Combined TRACON& Tower with Radar,115,21,17,2,155,0,0,12,0,12,115,21,29,2,167,32,0,32,199
08/20/2015,GEG,WA,ANM,WE,Combined TRACON& Tower with Radar,116,20,14,2,152,0,2,8,2,12,116,22,22,4,164,32,0,32,196
08/21/2015,GEG,WA,ANM,WE,Combined TRACON& Tower with Radar,114,24,26,2,166,0,0,7,0,7,114,24,33,2,173,12,0,12,185
08/22/2015,GEG,WA,ANM,WE,Combined TRACON& Tower with Radar,98,11,8,4,121,0,0,14,0,14,98,11,22,4,135,8,4,12,147
08/23/2015,GEG,WA,ANM,WE,Combined TRACON& Tower with Radar,100,4,25,0,129,0,0,8,1,9,100,4,33,1,138,20,0,20,158
08/24/2015,GEG,WA,ANM,WE,Combined TRACON& Tower with Radar,108,21,15,2,146,0,1,5,0,6,108,22,20,2,152,12,2,14,166
08/25/2015,GEG,WA,ANM,WE,Combined TRACON& Tower with Radar,115,17,21,2,155,0,3,24,0,27,115,20,45,2,182,0,0,0,182
08/26/2015,GEG,WA,ANM,WE,Combined TRACON& Tower with Radar,120,25,30,0,175,0,1,9,0,10,120,26,39,0,185,18,0,18,203
08/27/2015,GEG,WA,ANM,WE,Combined TRACON& Tower with Radar,120,25,29,2,176,1,1,12,1,15,121,26,41,3,191,8,0,8,199
08/28/2015,GEG,WA,ANM,WE,Combined TRACON& Tower with Radar,116,24,23,1,164,0,0,15,0,15,116,24,38,1,179,2,0,2,181
08/29/2015,GEG,WA,ANM,WE,Combined TRACON& Tower with Radar,85,12,8,0,105,0,0,9,0,9,85,12,17,0,114,0,0,0,114
08/30/2015,GEG,WA,ANM,WE,Combined TRACON& Tower with Radar,108,9,16,3,136,0,1,13,0,14,108,10,29,3,150,0,0,0,150
08/31/2015,GEG,WA,ANM,WE,Combined TRACON& Tower with Radar,102,27,11,3,143,0,0,27,0,27,102,27,38,3,170,10,0,10,180
09/01/2015,GEG,WA,ANM,WE,Combined TRACON& Tower with Radar,113,26,15,5,159,0,2,26,3,31,113,28,41,8,190,28,0,28,218
09/02/2015,GEG,WA,ANM,WE,Combined TRACON& Tower with Radar,114,23,18,11,166,0,2,23,0,25,114,25,41,11,191,8,4,12,203
09/03/2015,GEG,WA,ANM,WE,Combined TRACON& Tower with Radar,122,23,17,1,163,0,0,43,3,46,122,23,60,4,209,0,0,0,209
09/04/2015,GEG,WA,ANM,WE,Combined TRACON& Tower with Radar,114,25,29,0,168,0,0,32,0,32,114,25,61,0,200,18,0,18,218
09/05/2015,GEG,WA,ANM,WE,Combined TRACON& Tower with Radar,81,15,18,0,114,0,0,7,0,7,81,15,25,0,121,0,0,0,121
09/06/2015,GEG,WA,ANM,WE,Combined TRACON& Tower with Radar,90,8,3,0,101,0,0,9,0,9,90,8,12,0,110,0,0,0,110
09/07/2015,GEG,WA,ANM,WE,Combined TRACON& Tower with Radar,97,11,16,0,124,0,4,21,1,26,97,15,37,1,150,18,0,18,168
09/08/2015,GEG,WA,ANM,WE,Combined TRACON& Tower with Radar,101,20,19,2,142,0,0,30,0,30,101,20,49,2,172,28,0,28,200
09/09/2015,GEG,WA,ANM,WE,Combined TRACON& Tower with Radar,115,26,21,16,178,1,0,35,4,40,116,26,56,20,218,18,6,24,242
09/10/2015,GEG,WA,ANM,WE,Combined TRACON& Tower with Radar,119,32,23,11,185,0,2,62,6,70,119,34,85,17,255,32,6,38,293
09/11/2015,GEG,WA,ANM,WE,Combined TRACON& Tower with Radar,111,23,32,10,176,0,1,44,1,46,111,24,76,11,222,50,0,50,272
09/12/2015,GEG,WA,ANM,WE,Combined TRACON& Tower with Radar,90,13,12,0,115,0,0,43,2,45,90,13,55,2,160,4,0,4,164
09/13/2015,GEG,WA,ANM,WE,Combined TRACON& Tower with Radar,105,11,15,8,139,0,0,19,1,20,105,11,34,9,159,14,0,14,173
09/14/2015,GEG,WA,ANM,WE,Combined TRACON& Tower with Radar,107,23,16,0,146,0,4,26,0,30,107,27,42,0,176,14,0,14,190
09/15/2015,GEG,WA,ANM,WE,Combined TRACON& Tower with Radar,114,16,18,11,159,0,0,26,0,26,114,16,44,11,185,12,10,22,207
09/16/2015,GEG,WA,ANM,WE,Combined TRACON& Tower with Radar,116,19,21,8,164,0,0,31,0,31,116,19,52,8,195,21,4,25,220
09/17/2015,GEG,WA,ANM,WE,Combined TRACON& Tower with Radar,117,20,7,0,144,0,0,14,0,14,117,20,21,0,158,14,0,14,172
09/18/2015,GEG,WA,ANM,WE,Combined TRACON& Tower with Radar,114,21,16,4,155,0,3,23,0,26,114,24,39,4,181,12,0,12,193
09/19/2015,GEG,WA,ANM,WE,Combined TRACON& Tower with Radar,87,8,11,0,106,0,0,28,0,28,87,8,39,0,134,28,0,28,162
09/20/2015,GEG,WA,ANM,WE,Combined TRACON& Tower with Radar,104,9,9,0,122,0,0,22,1,23,104,9,31,1,145,22,0,22,167
09/21/2015,GEG,WA,ANM,WE,Combined TRACON& Tower with Radar,112,26,22,1,161,0,3,20,0,23,112,29,42,1,184,38,0,38,222
09/22/2015,GEG,WA,ANM,WE,Combined TRACON& Tower with Radar,117,29,21,16,183,0,0,34,0,34,117,29,55,16,217,20,14,34,251
09/23/2015,GEG,WA,ANM,WE,Combined TRACON& Tower with Radar,115,24,15,1,155,1,0,25,3,29,116,24,40,4,184,16,0,16,200
09/24/2015,GEG,WA,ANM,WE,Combined TRACON& Tower with Radar,120,18,14,15,167,0,0,24,1,25,120,18,38,16,192,34,54,88,280
09/25/2015,GEG,WA,ANM,WE,Combined TRACON& Tower with Radar,112,21,9,0,142,0,0,24,0,24,112,21,33,0,166,8,0,8,174
09/26/2015,GEG,WA,ANM,WE,Combined TRACON& Tower with Radar,82,16,7,2,107,0,2,26,0,28,82,18,33,2,135,52,0,52,187
09/27/2015,GEG,WA,ANM,WE,Combined TRACON& Tower with Radar,104,5,13,1,123,0,0,23,0,23,104,5,36,1,146,22,0,22,168
09/28/2015,GEG,WA,ANM,WE,Combined TRACON& Tower with Radar,108,33,14,0,155,0,2,18,0,20,108,35,32,0,175,15,0,15,190
09/29/2015,GEG,WA,ANM,WE,Combined TRACON& Tower with Radar,110,20,20,4,154,0,0,23,1,24,110,20,43,5,178,10,0,10,188
09/30/2015,GEG,WA,ANM,WE,Combined TRACON& Tower with Radar,113,26,16,0,155,0,4,21,0,25,113,30,37,0,180,20,0,20,200
10/01/2015,GEG,WA,ANM,WE,Combined TRACON& Tower with Radar,117,37,20,0,174,0,4,44,0,48,117,41,64,0,222,32,0,32,254
10/02/2015,GEG,WA,ANM,WE,Combined TRACON& Tower with Radar,112,26,13,0,151,0,0,22,0,22,112,26,35,0,173,8,0,8,181
10/03/2015,GEG,WA,ANM,WE,Combined TRACON& Tower with Radar,82,15,7,0,104,0,0,16,0,16,82,15,23,0,120,0,0,0,120
10/04/2015,GEG,WA,ANM,WE,Combined TRACON& Tower with Radar,101,6,13,0,120,0,0,16,1,17,101,6,29,1,137,22,0,22,159
10/05/2015,GEG,WA,ANM,WE,Combined TRACON& Tower with Radar,106,33,14,0,153,0,2,18,0,20,106,35,32,0,173,32,2,34,207
10/06/2015,GEG,WA,ANM,WE,Combined TRACON& Tower with Radar,113,26,10,1,150,0,0,15,0,15,113,26,25,1,165,2,0,2,167
10/07/2015,GEG,WA,ANM,WE,Combined TRACON& Tower with Radar,111,24,23,1,159,0,0,13,0,13,111,24,36,1,172,25,0,25,197
10/08/2015,GEG,WA,ANM,WE,Combined TRACON& Tower with Radar,123,25,27,0,175,0,0,14,0,14,123,25,41,0,189,6,0,6,195
10/09/2015,GEG,WA,ANM,WE,Combined TRACON& Tower with Radar,107,25,16,1,149,0,0,24,0,24,107,25,40,1,173,54,0,54,227
10/10/2015,GEG,WA,ANM,WE,Combined TRACON& Tower with Radar,82,20,13,3,118,0,0,12,0,12,82,20,25,3,130,8,0,8,138
10/11/2015,GEG,WA,ANM,WE,Combined TRACON& Tower with Radar,103,9,6,0,118,0,0,15,0,15,103,9,21,0,133,2,0,2,135
10/12/2015,GEG,WA,ANM,WE,Combined TRACON& Tower with Radar,109,24,6,0,139,0,0,42,0,42,109,24,48,0,181,76,0,76,257
10/13/2015,GEG,WA,ANM,WE,Combined TRACON& Tower with Radar,115,19,11,1,146,0,2,16,2,20,115,21,27,3,166,38,0,38,204
10/14/2015,GEG,WA,ANM,WE,Combined TRACON& Tower with Radar,112,19,11,2,144,0,0,34,0,34,112,19,45,2,178,78,2,80,258
10/15/2015,GEG,WA,ANM,WE,Combined TRACON& Tower with Radar,120,25,13,0,158,0,0,34,0,34,120,25,47,0,192,34,0,34,226
10/16/2015,GEG,WA,ANM,WE,Combined TRACON& Tower with Radar,111,18,11,3,143,0,0,24,3,27,111,18,35,6,170,26,36,62,232
10/17/2015,GEG,WA,ANM,WE,Combined TRACON& Tower with Radar,86,9,7,0,102,0,1,17,0,18,86,10,24,0,120,18,0,18,138
10/18/2015,GEG,WA,ANM,WE,Combined TRACON& Tower with Radar,103,3,20,2,128,0,0,3,0,3,103,3,23,2,131,5,0,5,136
10/19/2015,GEG,WA,ANM,WE,Combined TRACON& Tower with Radar,106,19,22,1,148,0,0,9,0,9,106,19,31,1,157,42,0,42,199
10/20/2015,GEG,WA,ANM,WE,Combined TRACON& Tower with Radar,114,16,23,1,154,0,0,21,1,22,114,16,44,2,176,58,0,58,234
10/21/2015,GEG,WA,ANM,WE,Combined TRACON& Tower with Radar,113,20,16,0,149,0,2,31,1,34,113,22,47,1,183,82,0,82,265
10/22/2015,GEG,WA,ANM,WE,Combined TRACON& Tower with Radar,121,21,15,1,158,0,1,15,1,17,121,22,30,2,175,50,0,50,225
10/23/2015,GEG,WA,ANM,WE,Combined TRACON& Tower with Radar,117,25,35,2,179,0,2,23,0,25,117,27,58,2,204,18,0,18,222
10/24/2015,GEG,WA,ANM,WE,Combined TRACON& Tower with Radar,83,8,5,0,96,0,2,11,0,13,83,10,16,0,109,10,0,10,119
10/25/2015,GEG,WA,ANM,WE,Combined TRACON& Tower with Radar,102,5,14,4,125,0,0,16,0,16,102,5,30,4,141,24,0,24,165
10/26/2015,GEG,WA,ANM,WE,Combined TRACON& Tower with Radar,107,22,39,3,171,0,1,7,0,8,107,23,46,3,179,30,0,30,209
10/27/2015,GEG,WA,ANM,WE,Combined TRACON& Tower with Radar,111,25,15,19,170,0,2,13,3,18,111,27,28,22,188,30,0,30,218
10/28/2015,GEG,WA,ANM,WE,Combined TRACON& Tower with Radar,114,24,13,5,156,1,0,11,4,16,115,24,24,9,172,12,0,12,184
10/29/2015,GEG,WA,ANM,WE,Combined TRACON& Tower with Radar,120,24,25,11,180,0,0,8,0,8,120,24,33,11,188,14,6,20,208
10/30/2015,GEG,WA,ANM,WE,Combined TRACON& Tower with Radar,109,17,16,1,143,0,0,0,0,0,109,17,16,1,143,0,0,0,143
10/31/2015,GEG,WA,ANM,WE,Combined TRACON& Tower with Radar,77,10,9,1,97,0,0,0,1,1,77,10,9,2,98,12,0,12,110
11/01/2015,GEG,WA,ANM,WE,Combined TRACON& Tower with Radar,100,2,6,0,108,0,0,0,0,0,100,2,6,0,108,0,0,0,108
11/02/2015,GEG,WA,ANM,WE,Combined TRACON& Tower with Radar,105,30,16,27,178,0,0,7,5,12,105,30,23,32,190,30,12,42,232
11/03/2015,GEG,WA,ANM,WE,Combined TRACON& Tower with Radar,113,22,11,1,147,0,3,7,0,10,113,25,18,1,157,22,0,22,179
11/04/2015,GEG,WA,ANM,WE,Combined TRACON& Tower with Radar,117,22,28,3,170,0,0,18,1,19,117,22,46,4,189,16,0,16,205
11/05/2015,GEG,WA,ANM,WE,Combined TRACON& Tower with Radar,112,23,28,2,165,0,0,0,0,0,112,23,28,2,165,2,0,2,167
11/06/2015,GEG,WA,ANM,WE,Combined TRACON& Tower with Radar,116,28,5,0,149,0,0,2,0,2,116,28,7,0,151,12,0,12,163
11/07/2015,GEG,WA,ANM,WE,Combined TRACON& Tower with Radar,85,8,16,1,110,0,2,18,0,20,85,10,34,1,130,20,0,20,150
11/08/2015,GEG,WA,ANM,WE,Combined TRACON& Tower with Radar,102,4,22,2,130,0,1,6,0,7,102,5,28,2,137,48,0,48,185
11/09/2015,GEG,WA,ANM,WE,Combined TRACON& Tower with Radar,99,20,14,1,134,0,0,1,1,2,99,20,15,2,136,4,2,6,142
11/10/2015,GEG,WA,ANM,WE,Combined TRACON& Tower with Radar,113,19,25,5,162,0,0,5,0,5,113,19,30,5,167,0,0,0,167
11/11/2015,GEG,WA,ANM,WE,Combined TRACON& Tower with Radar,109,24,20,4,157,0,2,13,2,17,109,26,33,6,174,48,0,48,222
11/12/2015,GEG,WA,ANM,WE,Combined TRACON& Tower with Radar,113,24,28,8,173,0,0,17,0,17,113,24,45,8,190,16,0,16,206
11/13/2015,GEG,WA,ANM,WE,Combined TRACON& Tower with Radar,106,19,14,1,140,0,0,4,0,4,106,19,18,1,144,0,0,0,144
11/14/2015,GEG,WA,ANM,WE,Combined TRACON& Tower with Radar,87,11,7,0,105,0,0,4,0,4,87,11,11,0,109,4,0,4,113
11/15/2015,GEG,WA,ANM,WE,Combined TRACON& Tower with Radar,100,9,23,0,132,0,0,7,0,7,100,9,30,0,139,0,0,0,139
11/16/2015,GEG,WA,ANM,WE,Combined TRACON& Tower with Radar,100,17,18,2,137,0,0,17,4,21,100,17,35,6,158,20,0,20,178
11/17/2015,GEG,WA,ANM,WE,Combined TRACON& Tower with Radar,85,12,8,5,110,0,0,0,0,0,85,12,8,5,110,2,2,4,114
11/18/2015,GEG,WA,ANM,WE,Combined TRACON& Tower with Radar,113,34,21,8,176,0,2,10,4,16,113,36,31,12,192,12,2,14,206
11/19/2015,GEG,WA,ANM,WE,Combined TRACON& Tower with Radar,118,19,11,1,149,0,0,9,5,14,118,19,20,6,163,10,0,10,173
11/20/2015,GEG,WA,ANM,WE,Combined TRACON& Tower with Radar,102,18,15,1,136,0,3,30,1,34,102,21,45,2,170,62,0,62,232
11/21/2015,GEG,WA,ANM,WE,Combined TRACON& Tower with Radar,91,12,24,1,128,0,8,16,0,24,91,20,40,1,152,18,0,18,170
11/22/2015,GEG,WA,ANM,WE,Combined TRACON& Tower with Radar,100,5,5,2,112,0,8,14,2,24,100,13,19,4,136,14,0,14,150
11/23/2015,GEG,WA,ANM,WE,Combined TRACON& Tower with Radar,100,23,31,1,155,0,1,19,6,26,100,24,50,7,181,6,0,6,187
11/24/2015,GEG,WA,ANM,WE,Combined TRACON& Tower with Radar,112,30,13,10,165,0,0,0,1,1,112,30,13,11,166,8,10,18,184
11/25/2015,GEG,WA,ANM,WE,Combined TRACON& Tower with Radar,113,33,16,0,162,0,0,8,2,10,113,33,24,2,172,0,0,0,172
11/26/2015,GEG,WA,ANM,WE,Combined TRACON& Tower with Radar,66,4,2,0,72,0,1,2,0,3,66,5,4,0,75,6,0,6,81
11/27/2015,GEG,WA,ANM,WE,Combined TRACON& Tower with Radar,81,29,11,0,121,0,0,9,0,9,81,29,20,0,130,40,0,40,170
11/28/2015,GEG,WA,ANM,WE,Combined TRACON& Tower with Radar,98,7,8,0,113,0,0,15,0,15,98,7,23,0,128,28,0,28,156
11/29/2015,GEG,WA,ANM,WE,Combined TRACON& Tower with Radar,102,6,15,0,123,0,0,0,0,0,102,6,15,0,123,0,0,0,123
11/30/2015,GEG,WA,ANM,WE,Combined TRACON& Tower with Radar,112,25,19,1,157,0,0,0,0,0,112,25,19,1,157,0,0,0,157
12/01/2015,GEG,WA,ANM,WE,Combined TRACON& Tower with Radar,118,40,11,2,171,0,0,6,2,8,118,40,17,4,179,8,0,8,187
12/02/2015,GEG,WA,ANM,WE,Combined TRACON& Tower with Radar,119,22,20,2,163,0,0,0,0,0,119,22,20,2,163,0,2,2,165
12/03/2015,GEG,WA,ANM,WE,Combined TRACON& Tower with Radar,120,45,17,0,182,0,0,5,2,7,120,45,22,2,189,6,0,6,195
12/04/2015,GEG,WA,ANM,WE,Combined TRACON& Tower with Radar,115,28,11,4,158,0,0,0,1,1,115,28,11,5,159,0,0,0,159
12/05/2015,GEG,WA,ANM,WE,Combined TRACON& Tower with Radar,88,16,14,0,118,0,0,14,0,14,88,16,28,0,132,0,0,0,132
12/06/2015,GEG,WA,ANM,WE,Combined TRACON& Tower with Radar,101,3,8,1,113,0,0,0,0,0,101,3,8,1,113,0,0,0,113
12/07/2015,GEG,WA,ANM,WE,Combined TRACON& Tower with Radar,101,28,10,0,139,0,0,0,0,0,101,28,10,0,139,0,0,0,139
12/08/2015,GEG,WA,ANM,WE,Combined TRACON& Tower with Radar,116,32,12,5,165,0,1,4,1,6,116,33,16,6,171,4,0,4,175
12/09/2015,GEG,WA,ANM,WE,Combined TRACON& Tower with Radar,117,36,17,3,173,0,0,5,3,8,117,36,22,6,181,8,0,8,189
12/10/2015,GEG,WA,ANM,WE,Combined TRACON& Tower with Radar,121,36,13,16,186,0,0,3,3,6,121,36,16,19,192,18,12,30,222
12/11/2015,GEG,WA,ANM,WE,Combined TRACON& Tower with Radar,114,35,16,1,166,0,0,17,4,21,114,35,33,5,187,28,2,30,217
12/12/2015,GEG,WA,ANM,WE,Combined TRACON& Tower with Radar,86,8,8,2,104,0,1,0,0,1,86,9,8,2,105,0,0,0,105
12/13/2015,GEG,WA,ANM,WE,Combined TRACON& Tower with Radar,99,4,6,0,109,0,4,4,0,8,99,8,10,0,117,42,0,42,159
12/14/2015,GEG,WA,ANM,WE,Combined TRACON& Tower with Radar,103,29,19,7,158,0,0,6,5,11,103,29,25,12,169,10,0,10,179
12/15/2015,GEG,WA,ANM,WE,Combined TRACON& Tower with Radar,112,31,15,13,171,0,1,1,1,3,112,32,16,14,174,2,0,2,176
12/16/2015,GEG,WA,ANM,WE,Combined TRACON& Tower with Radar,113,32,24,0,169,0,0,23,0,23,113,32,47,0,192,44,0,44,236
12/17/2015,GEG,WA,ANM,WE,Combined TRACON& Tower with Radar,117,29,19,0,165,0,1,2,1,4,117,30,21,1,169,12,0,12,181
12/18/2015,GEG,WA,ANM,WE,Combined TRACON& Tower with Radar,115,29,22,0,166,0,0,1,0,1,115,29,23,0,167,0,0,0,167
12/19/2015,GEG,WA,ANM,WE,Combined TRACON& Tower with Radar,102,20,13,1,136,0,0,0,0,0,102,20,13,1,136,0,0,0,136
12/20/2015,GEG,WA,ANM,WE,Combined TRACON& Tower with Radar,111,4,10,0,125,0,0,2,0,2,111,4,12,0,127,0,0,0,127
12/21/2015,GEG,WA,ANM,WE,Combined TRACON& Tower with Radar,110,17,11,0,138,0,0,0,0,0,110,17,11,0,138,0,0,0,138
12/22/2015,GEG,WA,ANM,WE,Combined TRACON& Tower with Radar,119,43,19,3,184,0,0,0,0,0,119,43,19,3,184,0,0,0,184
12/23/2015,GEG,WA,ANM,WE,Combined TRACON& Tower with Radar,113,41,13,0,167,0,0,1,0,1,113,41,14,0,168,0,0,0,168
12/24/2015,GEG,WA,ANM,WE,Combined TRACON& Tower with Radar,106,45,8,0,159,0,0,0,0,0,106,45,8,0,159,0,0,0,159
12/25/2015,GEG,WA,ANM,WE,Combined TRACON& Tower with Radar,81,5,4,0,90,0,0,0,0,0,81,5,4,0,90,0,0,0,90
12/26/2015,GEG,WA,ANM,WE,Combined TRACON& Tower with Radar,100,9,8,0,117,0,0,2,0,2,100,9,10,0,119,0,0,0,119
12/27/2015,GEG,WA,ANM,WE,Combined TRACON& Tower with Radar,112,5,14,0,131,0,0,0,0,0,112,5,14,0,131,0,0,0,131
12/28/2015,GEG,WA,ANM,WE,Combined TRACON& Tower with Radar,104,27,9,0,140,0,0,0,0,0,104,27,9,0,140,0,6,6,146
12/29/2015,GEG,WA,ANM,WE,Combined TRACON& Tower with Radar,119,31,4,0,154,0,0,0,0,0,119,31,4,0,154,0,0,0,154
12/30/2015,GEG,WA,ANM,WE,Combined TRACON& Tower with Radar,117,29,7,2,155,0,0,13,0,13,117,29,20,2,168,9,0,9,177
12/31/2015,GEG,WA,ANM,WE,Combined TRACON& Tower with Radar,102,25,4,1,132,0,0,6,0,6,102,25,10,1,138,10,0,10,148
01/01/2016,GEG,WA,ANM,WE,Combined TRACON& Tower with Radar,77,2,2,0,81,0,0,16,0,16,77,2,18,0,97,2,0,2,99
01/02/2016,GEG,WA,ANM,WE,Combined TRACON& Tower with Radar,94,12,9,0,115,0,0,12,0,12,94,12,21,0,127,32,0,32,159
01/03/2016,GEG,WA,ANM,WE,Combined TRACON& Tower with Radar,106,1,6,0,113,0,0,0,0,0,106,1,6,0,113,0,0,0,113
01/04/2016,GEG,WA,ANM,WE,Combined TRACON& Tower with Radar,103,18,12,0,133,0,1,11,0,12,103,19,23,0,145,20,0,20,165
01/05/2016,GEG,WA,ANM,WE,Combined TRACON& Tower with Radar,100,23,8,0,131,0,1,19,0,20,100,24,27,0,151,30,0,30,181
01/06/2016,GEG,WA,ANM,WE,Combined TRACON& Tower with Radar,109,22,15,0,146,0,0,4,1,5,109,22,19,1,151,8,0,8,159
01/07/2016,GEG,WA,ANM,WE,Combined TRACON& Tower with Radar,105,24,19,2,150,0,0,0,0,0,105,24,19,2,150,4,4,8,158
01/08/2016,GEG,WA,ANM,WE,Combined TRACON& Tower with Radar,102,19,12,2,135,0,0,0,0,0,102,19,12,2,135,0,0,0,135
01/09/2016,GEG,WA,ANM,WE,Combined TRACON& Tower with Radar,80,9,8,0,97,0,0,1,0,1,80,9,9,0,98,6,12,18,116
01/10/2016,GEG,WA,ANM,WE,Combined TRACON& Tower with Radar,84,6,10,0,100,0,1,1,1,3,84,7,11,1,103,0,0,0,103
01/11/2016,GEG,WA,ANM,WE,Combined TRACON& Tower with Radar,90,18,15,3,126,0,0,8,0,8,90,18,23,3,134,0,0,0,134
01/12/2016,GEG,WA,ANM,WE,Combined TRACON& Tower with Radar,100,20,9,16,145,0,0,3,0,3,100,20,12,16,148,32,38,70,218
01/13/2016,GEG,WA,ANM,WE,Combined TRACON& Tower with Radar,97,17,19,4,137,0,0,3,1,4,97,17,22,5,141,16,0,16,157
01/14/2016,GEG,WA,ANM,WE,Combined TRACON& Tower with Radar,98,22,34,4,158,0,1,5,0,6,98,23,39,4,164,0,0,0,164
01/15/2016,GEG,WA,ANM,WE,Combined TRACON& Tower with Radar,95,22,12,1,130,0,0,0,0,0,95,22,12,1,130,0,0,0,130
01/16/2016,GEG,WA,ANM,WE,Combined TRACON& Tower with Radar,72,10,8,0,90,0,0,0,0,0,72,10,8,0,90,0,0,0,90
01/17/2016,GEG,WA,ANM,WE,Combined TRACON& Tower with Radar,87,4,3,0,94,0,0,1,0,1,87,4,4,0,95,0,0,0,95
01/18/2016,GEG,WA,ANM,WE,Combined TRACON& Tower with Radar,88,17,17,0,122,0,0,0,0,0,88,17,17,0,122,0,0,0,122
01/19/2016,GEG,WA,ANM,WE,Combined TRACON& Tower with Radar,105,28,11,0,144,0,0,5,0,5,105,28,16,0,149,14,0,14,163
01/20/2016,GEG,WA,ANM,WE,Combined TRACON& Tower with Radar,98,20,15,2,135,0,0,6,0,6,98,20,21,2,141,16,0,16,157
01/21/2016,GEG,WA,ANM,WE,Combined TRACON& Tower with Radar,103,23,17,0,143,0,1,0,0,1,103,24,17,0,144,0,0,0,144
01/22/2016,GEG,WA,ANM,WE,Combined TRACON& Tower with Radar,98,19,12,0,129,0,0,10,0,10,98,19,22,0,139,10,0,10,149
01/23/2016,GEG,WA,ANM,WE,Combined TRACON& Tower with Radar,77,11,6,0,94,0,0,0,0,0,77,11,6,0,94,0,0,0,94
01/24/2016,GEG,WA,ANM,WE,Combined TRACON& Tower with Radar,83,12,9,0,104,0,0,2,0,2,83,12,11,0,106,0,0,0,106
01/25/2016,GEG,WA,ANM,WE,Combined TRACON& Tower with Radar,94,16,26,2,138,0,0,0,0,0,94,16,26,2,138,0,0,0,138
01/26/2016,GEG,WA,ANM,WE,Combined TRACON& Tower with Radar,99,15,18,1,133,0,1,9,1,11,99,16,27,2,144,18,0,18,162
01/27/2016,GEG,WA,ANM,WE,Combined TRACON& Tower with Radar,97,35,28,0,160,0,0,3,0,3,97,35,31,0,163,4,0,4,167
01/28/2016,GEG,WA,ANM,WE,Combined TRACON& Tower with Radar,101,20,19,6,146,0,0,1,1,2,101,20,20,7,148,0,6,6,154
01/29/2016,GEG,WA,ANM,WE,Combined TRACON& Tower with Radar,100,20,14,2,136,0,0,0,0,0,100,20,14,2,136,0,0,0,136
01/30/2016,GEG,WA,ANM,WE,Combined TRACON& Tower with Radar,72,15,15,0,102,0,0,8,0,8,72,15,23,0,110,42,0,42,152
01/31/2016,GEG,WA,ANM,WE,Combined TRACON& Tower with Radar,82,9,1,1,93,0,0,2,1,3,82,9,3,2,96,14,0,14,110
02/01/2016,GEG,WA,ANM,WE,Combined TRACON& Tower with Radar,91,18,15,7,131,0,0,6,2,8,91,18,21,9,139,14,0,14,153
02/02/2016,GEG,WA,ANM,WE,Combined TRACON& Tower with Radar,103,23,12,0,138,0,0,10,0,10,103,23,22,0,148,22,0,22,170
02/03/2016,GEG,WA,ANM,WE,Combined TRACON& Tower with Radar,103,17,15,0,135,0,0,7,0,7,103,17,22,0,142,10,0,10,152
02/04/2016,GEG,WA,ANM,WE,Combined TRACON& Tower with Radar,106,18,24,6,154,0,0,1,0,1,106,18,25,6,155,8,0,8,163
02/05/2016,GEG,WA,ANM,WE,Combined TRACON& Tower with Radar,102,18,12,1,133,0,0,15,2,17,102,18,27,3,150,28,14,42,192
02/06/2016,GEG,WA,ANM,WE,Combined TRACON& Tower with Radar,76,13,11,1,101,0,5,14,0,19,76,18,25,1,120,6,0,6,126
02/07/2016,GEG,WA,ANM,WE,Combined TRACON& Tower with Radar,84,3,19,0,106,0,1,14,0,15,84,4,33,0,121,4,0,4,125
02/08/2016,GEG,WA,ANM,WE,Combined TRACON& Tower with Radar,93,19,16,6,134,0,0,18,1,19,93,19,34,7,153,18,56,74,227
02/09/2016,GEG,WA,ANM,WE,Combined TRACON& Tower with Radar,108,24,12,0,144,0,0,15,0,15,108,24,27,0,159,0,0,0,159
02/10/2016,GEG,WA,ANM,WE,Combined TRACON& Tower with Radar,102,25,19,1,147,0,2,14,1,17,102,27,33,2,164,38,0,38,202
02/11/2016,GEG,WA,ANM,WE,Combined TRACON& Tower with Radar,107,23,25,0,155,0,1,15,0,16,107,24,40,0,171,28,0,28,199
02/12/2016,GEG,WA,ANM,WE,Combined TRACON& Tower with Radar,101,25,32,1,159,0,0,9,0,9,101,25,41,1,168,12,0,12,180
02/13/2016,GEG,WA,ANM,WE,Combined TRACON& Tower with Radar,71,20,12,1,104,0,0,5,0,5,71,20,17,1,109,18,0,18,127
02/14/2016,GEG,WA,ANM,WE,Combined TRACON& Tower with Radar,82,12,12,0,106,0,0,2,0,2,82,12,14,0,108,4,0,4,112
02/15/2016,GEG,WA,ANM,WE,Combined TRACON& Tower with Radar,94,27,23,1,145,0,0,6,0,6,94,27,29,1,151,2,0,2,153
02/16/2016,GEG,WA,ANM,WE,Combined TRACON& Tower with Radar,97,33,12,8,150,0,2,15,0,17,97,35,27,8,167,10,4,14,181
02/17/2016,GEG,WA,ANM,WE,Combined TRACON& Tower with Radar,100,25,13,0,138,0,1,5,0,6,100,26,18,0,144,4,0,4,148
02/18/2016,GEG,WA,ANM,WE,Combined TRACON& Tower with Radar,101,19,23,9,152,0,5,2,2,9,101,24,25,11,161,32,0,32,193
02/19/2016,GEG,WA,ANM,WE,Combined TRACON& Tower with Radar,101,24,14,1,140,0,2,2,0,4,101,26,16,1,144,2,0,2,146
02/20/2016,GEG,WA,ANM,WE,Combined TRACON& Tower with Radar,76,16,11,0,103,0,5,13,1,19,76,21,24,1,122,50,0,50,172
02/21/2016,GEG,WA,ANM,WE,Combined TRACON& Tower with Radar,90,8,5,0,103,0,1,20,0,21,90,9,25,0,124,22,0,22,146
02/22/2016,GEG,WA,ANM,WE,Combined TRACON& Tower with Radar,87,20,10,10,127,0,0,11,3,14,87,20,21,13,141,32,6,38,179
02/23/2016,GEG,WA,ANM,WE,Combined TRACON& Tower with Radar,99,19,23,6,147,0,0,20,2,22,99,19,43,8,169,20,8,28,197
02/24/2016,GEG,WA,ANM,WE,Combined TRACON& Tower with Radar,99,23,13,0,135,0,0,26,0,26,99,23,39,0,161,16,0,16,177
02/25/2016,GEG,WA,ANM,WE,Combined TRACON& Tower with Radar,99,29,29,0,157,0,0,36,1,37,99,29,65,1,194,64,0,64,258
02/26/2016,GEG,WA,ANM,WE,Combined TRACON& Tower with Radar,96,31,16,2,145,0,0,14,0,14,96,31,30,2,159,16,2,18,177
02/27/2016,GEG,WA,ANM,WE,Combined TRACON& Tower with Radar,79,20,23,0,122,0,4,5,0,9,79,24,28,0,131,10,0,10,141
02/28/2016,GEG,WA,ANM,WE,Combined TRACON& Tower with Radar,90,5,13,0,108,0,2,2,0,4,90,7,15,0,112,20,0,20,132
02/29/2016,GEG,WA,ANM,WE,Combined TRACON& Tower with Radar,89,20,14,10,133,0,2,16,1,19,89,22,30,11,152,24,0,24,176
03/01/2016,GEG,WA,ANM,WE,Combined TRACON& Tower with Radar,94,22,8,5,129,0,0,0,0,0,94,22,8,5,129,0,2,2,131
03/02/2016,GEG,WA,ANM,WE,Combined TRACON& Tower with Radar,104,24,24,6,158,0,0,25,2,27,104,24,49,8,185,4,4,8,193
03/03/2016,GEG,WA,ANM,WE,Combined TRACON& Tower with Radar,106,30,8,6,150,0,0,4,1,5,106,30,12,7,155,0,44,44,199
03/04/2016,GEG,WA,ANM,WE,Combined TRACON& Tower with Radar,102,27,13,2,144,0,0,33,0,33,102,27,46,2,177,24,2,26,203
03/05/2016,GEG,WA,ANM,WE,Combined TRACON& Tower with Radar,82,17,8,1,108,0,2,3,1,6,82,19,11,2,114,6,0,6,120
03/06/2016,GEG,WA,ANM,WE,Combined TRACON& Tower with Radar,91,4,12,0,107,0,0,6,0,6,91,4,18,0,113,27,0,27,140
03/07/2016,GEG,WA,ANM,WE,Combined TRACON& Tower with Radar,92,27,18,2,139,0,1,10,0,11,92,28,28,2,150,34,0,34,184
03/08/2016,GEG,WA,ANM,WE,Combined TRACON& Tower with Radar,100,20,24,10,154,0,0,15,1,16,100,20,39,11,170,50,0,50,220
03/09/2016,GEG,WA,ANM,WE,Combined TRACON& Tower with Radar,106,19,16,18,159,0,0,5,1,6,106,19,21,19,165,10,30,40,205
03/10/2016,GEG,WA,ANM,WE,Combined TRACON& Tower with Radar,109,25,21,14,169,0,4,9,1,14,109,29,30,15,183,38,0,38,221
03/11/2016,GEG,WA,ANM,WE,Combined TRACON& Tower with Radar,106,34,25,2,167,0,0,16,0,16,106,34,41,2,183,33,0,33,216
03/12/2016,GEG,WA,ANM,WE,Combined TRACON& Tower with Radar,89,12,4,0,105,0,1,4,0,5,89,13,8,0,110,6,0,6,116
03/13/2016,GEG,WA,ANM,WE,Combined TRACON& Tower with Radar,101,3,15,0,119,0,0,13,0,13,101,3,28,0,132,0,0,0,132
03/14/2016,GEG,WA,ANM,WE,Combined TRACON& Tower with Radar,102,17,14,22,155,0,0,6,3,9,102,17,20,25,164,24,32,56,220
03/15/2016,GEG,WA,ANM,WE,Combined TRACON& Tower with Radar,118,17,17,20,172,4,2,11,0,17,122,19,28,20,189,36,14,50,239
03/16/2016,GEG,WA,ANM,WE,Combined TRACON& Tower with Radar,130,23,19,4,176,2,1,32,2,37,132,24,51,6,213,14,0,14,227
03/17/2016,GEG,WA,ANM,WE,Combined TRACON& Tower with Radar,119,28,31,0,178,0,5,39,0,44,119,33,70,0,222,22,0,22,244
03/18/2016,GEG,WA,ANM,WE,Combined TRACON& Tower with Radar,119,27,54,0,200,0,1,42,0,43,119,28,96,0,243,28,0,28,271
03/19/2016,GEG,WA,ANM,WE,Combined TRACON& Tower with Radar,91,11,22,6,130,0,0,29,6,35,91,11,51,12,165,28,0,28,193
03/20/2016,GEG,WA,ANM,WE,Combined TRACON& Tower with Radar,108,17,31,0,156,5,6,14,7,32,113,23,45,7,188,38,0,38,226
03/21/2016,GEG,WA,ANM,WE,Combined TRACON& Tower with Radar,118,17,28,7,170,11,0,11,4,26,129,17,39,11,196,36,8,44,240
03/22/2016,GEG,WA,ANM,WE,Combined TRACON& Tower with Radar,112,22,23,1,158,0,0,4,1,5,112,22,27,2,163,18,0,18,181
03/23/2016,GEG,WA,ANM,WE,Combined TRACON& Tower with Radar,114,17,31,8,170,4,1,12,1,18,118,18,43,9,188,22,4,26,214
03/24/2016,GEG,WA,ANM,WE,Combined TRACON& Tower with Radar,115,22,22,2,161,0,0,6,1,7,115,22,28,3,168,0,0,0,168
03/25/2016,GEG,WA,ANM,WE,Combined TRACON& Tower with Radar,109,21,14,0,144,0,0,24,0,24,109,21,38,0,168,20,0,20,188
03/26/2016,GEG,WA,ANM,WE,Combined TRACON& Tower with Radar,85,11,7,0,103,0,2,13,0,15,85,13,20,0,118,26,0,26,144
03/27/2016,GEG,WA,ANM,WE,Combined TRACON& Tower with Radar,100,4,8,0,112,0,0,0,0,0,100,4,8,0,112,0,0,0,112
03/28/2016,GEG,WA,ANM,WE,Combined TRACON& Tower with Radar,103,22,17,0,142,0,1,5,0,6,103,23,22,0,148,0,0,0,148
03/29/2016,GEG,WA,ANM,WE,Combined TRACON& Tower with Radar,115,20,12,5,152,6,3,28,7,44,121,23,40,12,196,38,0,38,234
03/30/2016,GEG,WA,ANM,WE,Combined TRACON& Tower with Radar,110,21,21,1,153,3,7,45,1,56,113,28,66,2,209,30,2,32,241
03/31/2016,GEG,WA,ANM,WE,Combined TRACON& Tower with Radar,115,17,20,10,162,5,0,34,7,46,120,17,54,17,208,52,12,64,272
04/01/2016,GEG,WA,ANM,WE,Combined TRACON& Tower with Radar,97,20,12,9,138,6,0,27,5,38,103,20,39,14,176,0,0,0,176
04/02/2016,GEG,WA,ANM,WE,Combined TRACON& Tower with Radar,78,7,7,1,93,11,2,15,2,30,89,9,22,3,123,0,0,0,123
04/03/2016,GEG,WA,ANM,WE,Combined TRACON& Tower with Radar,104,5,12,0,121,6,0,8,0,14,110,5,20,0,135,0,0,0,135
04/04/2016,GEG,WA,ANM,WE,Combined TRACON& Tower with Radar,105,15,9,6,135,0,0,0,0,0,105,15,9,6,135,0,0,0,135
04/05/2016,GEG,WA,ANM,WE,Combined TRACON& Tower with Radar,114,17,14,4,149,6,1,13,1,21,120,18,27,5,170,0,0,0,170
04/06/2016,GEG,WA,ANM,WE,Combined TRACON& Tower with Radar,111,17,18,1,147,0,0,15,0,15,111,17,33,1,162,0,0,0,162
04/07/2016,GEG,WA,ANM,WE,Combined TRACON& Tower with Radar,120,18,20,2,160,0,0,23,1,24,120,18,43,3,184,0,0,0,184
04/08/2016,GEG,WA,ANM,WE,Combined TRACON& Tower with Radar,115,17,21,1,154,0,1,32,0,33,115,18,53,1,187,0,0,0,187
04/09/2016,GEG,WA,ANM,WE,Combined TRACON& Tower with Radar,85,6,11,10,112,0,0,18,0,18,85,6,29,10,130,0,0,0,130
04/10/2016,GEG,WA,ANM,WE,Combined TRACON& Tower with Radar,102,1,7,2,112,0,0,6,0,6,102,1,13,2,118,0,0,0,118
04/11/2016,GEG,WA,ANM,WE,Combined TRACON& Tower with Radar,96,18,16,1,131,0,0,21,1,22,96,18,37,2,153,0,0,0,153
04/12/2016,GEG,WA,ANM,WE,Combined TRACON& Tower with Radar,115,16,8,3,142,2,0,5,0,7,117,16,13,3,149,0,0,0,149
04/13/2016,GEG,WA,ANM,WE,Combined TRACON& Tower with Radar,113,20,13,1,147,1,0,2,1,4,114,20,15,2,151,0,0,0,151
04/14/2016,GEG,WA,ANM,WE,Combined TRACON& Tower with Radar,113,16,18,3,150,0,0,8,1,9,113,16,26,4,159,0,0,0,159
04/15/2016,GEG,WA,ANM,WE,Combined TRACON& Tower with Radar,108,17,20,3,148,0,0,11,2,13,108,17,31,5,161,0,0,0,161
04/16/2016,GEG,WA,ANM,WE,Combined TRACON& Tower with Radar,79,11,11,0,101,0,2,18,2,22,79,13,29,2,123,0,0,0,123
04/17/2016,GEG,WA,ANM,WE,Combined TRACON& Tower with Radar,99,1,5,2,107,1,0,23,3,27,100,1,28,5,134,0,0,0,134
04/18/2016,GEG,WA,ANM,WE,Combined TRACON& Tower with Radar,107,18,11,0,136,4,1,31,1,37,111,19,42,1,173,0,0,0,173
04/19/2016,GEG,WA,ANM,WE,Combined TRACON& Tower with Radar,111,36,14,1,162,0,0,26,1,27,111,36,40,2,189,0,0,0,189
04/20/2016,GEG,WA,ANM,WE,Combined TRACON& Tower with Radar,123,30,18,3,174,4,5,27,2,38,127,35,45,5,212,0,0,0,212
04/21/2016,GEG,WA,ANM,WE,Combined TRACON& Tower with Radar,118,25,26,6,175,1,1,29,1,32,119,26,55,7,207,0,0,0,207
04/22/2016,GEG,WA,ANM,WE,Combined TRACON& Tower with Radar,110,21,30,6,167,2,3,22,4,31,112,24,52,10,198,0,0,0,198
04/23/2016,GEG,WA,ANM,WE,Combined TRACON& Tower with Radar,85,9,14,2,110,5,0,6,1,12,90,9,20,3,122,0,0,0,122
04/24/2016,GEG,WA,ANM,WE,Combined TRACON& Tower with Radar,100,3,14,4,121,0,0,10,1,11,100,3,24,5,132,0,0,0,132
04/25/2016,GEG,WA,ANM,WE,Combined TRACON& Tower with Radar,106,24,19,3,152,6,0,32,0,38,112,24,51,3,190,0,0,0,190
04/26/2016,GEG,WA,ANM,WE,Combined TRACON& Tower with Radar,112,18,17,9,156,6,0,32,0,38,118,18,49,9,194,0,0,0,194
04/27/2016,GEG,WA,ANM,WE,Combined TRACON& Tower with Radar,112,19,12,1,144,11,0,17,1,29,123,19,29,2,173,0,0,0,173
04/28/2016,GEG,WA,ANM,WE,Combined TRACON& Tower with Radar,114,23,36,0,173,12,1,41,3,57,126,24,77,3,230,0,0,0,230
04/29/2016,GEG,WA,ANM,WE,Combined TRACON& Tower with Radar,105,19,16,4,144,0,0,9,0,9,105,19,25,4,153,0,0,0,153
04/30/2016,GEG,WA,ANM,WE,Combined TRACON& Tower with Radar,81,11,9,1,102,0,0,21,2,23,81,11,30,3,125,0,0,0,125
05/01/2016,GEG,WA,ANM,WE,Combined TRACON& Tower with Radar,106,1,7,0,114,0,0,26,0,26,106,1,33,0,140,8,0,8,148
05/02/2016,GEG,WA,ANM,WE,Combined TRACON& Tower with Radar,102,24,20,1,147,0,2,28,3,33,102,26,48,4,180,54,2,56,236
05/03/2016,GEG,WA,ANM,WE,Combined TRACON& Tower with Radar,112,23,10,2,147,8,0,17,0,25,120,23,27,2,172,10,0,10,182
05/04/2016,GEG,WA,ANM,WE,Combined TRACON& Tower with Radar,106,20,15,3,144,0,0,24,0,24,106,20,39,3,168,20,0,20,188
05/05/2016,GEG,WA,ANM,WE,Combined TRACON& Tower with Radar,117,20,28,0,165,1,0,4,0,5,118,20,32,0,170,16,0,16,186
05/06/2016,GEG,WA,ANM,WE,Combined TRACON& Tower with Radar,113,23,22,0,158,0,2,27,1,30,113,25,49,1,188,14,0,14,202
05/07/2016,GEG,WA,ANM,WE,Combined TRACON& Tower with Radar,76,13,7,0,96,0,0,28,0,28,76,13,35,0,124,76,0,76,200
05/08/2016,GEG,WA,ANM,WE,Combined TRACON& Tower with Radar,98,4,20,0,122,0,0,15,1,16,98,4,35,1,138,6,0,6,144
05/09/2016,GEG,WA,ANM,WE,Combined TRACON& Tower with Radar,107,19,29,0,155,0,0,12,0,12,107,19,41,0,167,24,0,24,191
05/10/2016,GEG,WA,ANM,WE,Combined TRACON& Tower with Radar,109,19,26,0,154,0,0,17,0,17,109,19,43,0,171,2,0,2,173
05/11/2016,GEG,WA,ANM,WE,Combined TRACON& Tower with Radar,112,22,25,0,159,0,2,22,0,24,112,24,47,0,183,20,0,20,203
05/12/2016,GEG,WA,ANM,WE,Combined TRACON& Tower with Radar,117,16,21,6,160,0,0,24,4,28,117,16,45,10,188,36,0,36,224
05/13/2016,GEG,WA,ANM,WE,Combined TRACON& Tower with Radar,109,16,19,0,144,0,0,23,0,23,109,16,42,0,167,14,0,14,181
05/14/2016,GEG,WA,ANM,WE,Combined TRACON& Tower with Radar,79,7,5,0,91,0,0,11,0,11,79,7,16,0,102,0,0,0,102
05/15/2016,GEG,WA,ANM,WE,Combined TRACON& Tower with Radar,104,0,7,0,111,0,0,6,0,6,104,0,13,0,117,6,0,6,123
05/16/2016,GEG,WA,ANM,WE,Combined TRACON& Tower with Radar,101,16,8,4,129,0,0,12,1,13,101,16,20,5,142,2,4,6,148
05/17/2016,GEG,WA,ANM,WE,Combined TRACON& Tower with Radar,114,19,12,2,147,0,0,11,1,12,114,19,23,3,159,4,2,6,165
05/18/2016,GEG,WA,ANM,WE,Combined TRACON& Tower with Radar,112,21,15,0,148,0,0,12,0,12,112,21,27,0,160,6,0,6,166
05/19/2016,GEG,WA,ANM,WE,Combined TRACON& Tower with Radar,113,27,29,4,173,4,0,13,0,17,117,27,42,4,190,20,0,20,210
05/20/2016,GEG,WA,ANM,WE,Combined TRACON& Tower with Radar,110,22,28,0,160,0,4,5,0,9,110,26,33,0,169,2,0,2,171
05/21/2016,GEG,WA,ANM,WE,Combined TRACON& Tower with Radar,84,10,13,0,107,0,0,3,1,4,84,10,16,1,111,0,0,0,111
05/22/2016,GEG,WA,ANM,WE,Combined TRACON& Tower with Radar,107,1,28,0,136,0,0,3,0,3,107,1,31,0,139,0,0,0,139
05/23/2016,GEG,WA,ANM,WE,Combined TRACON& Tower with Radar,104,23,7,2,136,0,0,5,2,7,104,23,12,4,143,4,0,4,147
05/24/2016,GEG,WA,ANM,WE,Combined TRACON& Tower with Radar,117,25,13,0,155,0,2,17,3,22,117,27,30,3,177,36,0,36,213
05/25/2016,GEG,WA,ANM,WE,Combined TRACON& Tower with Radar,119,22,10,0,151,0,5,14,2,21,119,27,24,2,172,28,0,28,200
05/26/2016,GEG,WA,ANM,WE,Combined TRACON& Tower with Radar,112,18,21,2,153,0,4,22,2,28,112,22,43,4,181,8,0,8,189
05/27/2016,GEG,WA,ANM,WE,Combined TRACON& Tower with Radar,115,19,29,0,163,2,4,24,0,30,117,23,53,0,193,30,0,30,223
05/28/2016,GEG,WA,ANM,WE,Combined TRACON& Tower with Radar,75,10,3,0,88,0,1,19,0,20,75,11,22,0,108,40,0,40,148
05/29/2016,GEG,WA,ANM,WE,Combined TRACON& Tower with Radar,64,0,2,0,66,1,0,5,0,6,65,0,7,0,72,8,0,8,80
05/30/2016,GEG,WA,ANM,WE,Combined TRACON& Tower with Radar,94,1,7,0,102,0,0,20,0,20,94,1,27,0,122,0,0,0,122
05/31/2016,GEG,WA,ANM,WE,Combined TRACON& Tower with Radar,107,19,15,6,147,0,1,25,1,27,107,20,40,7,174,20,0,20,194
06/01/2016,GEG,WA,ANM,WE,Combined TRACON& Tower with Radar,115,18,19,1,153,0,0,5,1,6,115,18,24,2,159,16,0,16,175
06/02/2016,GEG,WA,ANM,WE,Combined TRACON& Tower with Radar,115,21,21,1,158,0,0,9,0,9,115,21,30,1,167,30,0,30,197
06/03/2016,GEG,WA,ANM,WE,Combined TRACON& Tower with Radar,112,19,24,0,155,0,0,35,0,35,112,19,59,0,190,10,0,10,200
06/04/2016,GEG,WA,ANM,WE,Combined TRACON& Tower with Radar,83,7,9,0,99,0,1,14,2,17,83,8,23,2,116,0,0,0,116
06/05/2016,GEG,WA,ANM,WE,Combined TRACON& Tower with Radar,111,4,15,0,130,0,0,8,0,8,111,4,23,0,138,10,0,10,148
06/06/2016,GEG,WA,ANM,WE,Combined TRACON& Tower with Radar,109,23,14,0,146,0,0,19,0,19,109,23,33,0,165,2,0,2,167
06/07/2016,GEG,WA,ANM,WE,Combined TRACON& Tower with Radar,123,18,11,0,152,0,2,17,0,19,123,20,28,0,171,8,0,8,179
06/08/2016,GEG,WA,ANM,WE,Combined TRACON& Tower with Radar,123,18,4,0,145,0,4,6,0,10,123,22,10,0,155,0,0,0,155
06/09/2016,GEG,WA,ANM,WE,Combined TRACON& Tower with Radar,129,18,21,4,172,0,0,20,0,20,129,18,41,4,192,12,0,12,204
06/10/2016,GEG,WA,ANM,WE,Combined TRACON& Tower with Radar,121,18,31,0,170,0,0,3,2,5,121,18,34,2,175,4,0,4,179
06/11/2016,GEG,WA,ANM,WE,Combined TRACON& Tower with Radar,105,9,13,0,127,0,0,4,4,8,105,9,17,4,135,2,0,2,137
06/12/2016,GEG,WA,ANM,WE,Combined TRACON& Tower with Radar,112,0,9,0,121,0,0,28,0,28,112,0,37,0,149,28,0,28,177
06/13/2016,GEG,WA,ANM,WE,Combined TRACON& Tower with Radar,120,17,13,4,154,0,1,20,0,21,120,18,33,4,175,20,4,24,199
06/14/2016,GEG,WA,ANM,WE,Combined TRACON& Tower with Radar,133,24,12,0,169,0,1,2,0,3,133,25,14,0,172,8,0,8,180
06/15/2016,GEG,WA,ANM,WE,Combined TRACON& Tower with Radar,129,20,11,0,160,0,0,24,0,24,129,20,35,0,184,20,0,20,204
06/16/2016,GEG,WA,ANM,WE,Combined TRACON& Tower with Radar,120,23,21,0,164,0,0,8,0,8,120,23,29,0,172,12,0,12,184
06/17/2016,GEG,WA,ANM,WE,Combined TRACON& Tower with Radar,123,21,9,4,157,0,0,13,0,13,123,21,22,4,170,18,2,20,190
06/18/2016,GEG,WA,ANM,WE,Combined TRACON& Tower with Radar,104,8,6,0,118,0,0,6,1,7,104,8,12,1,125,0,0,0,125
06/19/2016,GEG,WA,ANM,WE,Combined TRACON& Tower with Radar,113,5,11,0,129,0,0,18,0,18,113,5,29,0,147,14,0,14,161
06/20/2016,GEG,WA,ANM,WE,Combined TRACON& Tower with Radar,113,18,17,0,148,0,0,23,6,29,113,18,40,6,177,6,0,6,183
06/21/2016,GEG,WA,ANM,WE,Combined TRACON& Tower with Radar,130,25,9,6,170,0,0,13,0,13,130,25,22,6,183,10,0,10,193
06/22/2016,GEG,WA,ANM,WE,Combined TRACON& Tower with Radar,129,22,11,0,162,0,2,22,0,24,129,24,33,0,186,36,0,36,222
06/23/2016,GEG,WA,ANM,WE,Combined TRACON& Tower with Radar,131,24,20,0,175,0,0,12,0,12,131,24,32,0,187,32,0,32,219
06/24/2016,GEG,WA,ANM,WE,Combined TRACON& Tower with Radar,118,27,24,2,171,0,0,0,0,0,118,27,24,2,171,0,0,0,171
06/25/2016,GEG,WA,ANM,WE,Combined TRACON& Tower with Radar,101,5,6,0,112,0,0,27,0,27,101,5,33,0,139,28,0,28,167
06/26/2016,GEG,WA,ANM,WE,Combined TRACON& Tower with Radar,115,2,13,0,130,0,0,25,0,25,115,2,38,0,155,20,0,20,175
06/27/2016,GEG,WA,ANM,WE,Combined TRACON& Tower with Radar,118,19,15,0,152,0,0,36,0,36,118,19,51,0,188,18,0,18,206
06/28/2016,GEG,WA,ANM,WE,Combined TRACON& Tower with Radar,133,24,5,0,162,0,1,19,0,20,133,25,24,0,182,6,0,6,188
06/29/2016,GEG,WA,ANM,WE,Combined TRACON& Tower with Radar,128,19,22,0,169,0,1,35,0,36,128,20,57,0,205,2,0,2,207
06/30/2016,GEG,WA,ANM,WE,Combined TRACON& Tower with Radar,127,19,13,2,161,0,0,29,1,30,127,19,42,3,191,0,0,0,191
07/01/2016,GEG,WA,ANM,WE,Combined TRACON& Tower with Radar,132,17,15,0,164,4,1,28,0,33,136,18,43,0,197,30,0,30,227
07/02/2016,GEG,WA,ANM,WE,Combined TRACON& Tower with Radar,111,11,11,0,133,0,0,19,2,21,111,11,30,2,154,14,12,26,180
07/03/2016,GEG,WA,ANM,WE,Combined TRACON& Tower with Radar,100,4,8,0,112,0,0,19,0,19,100,4,27,0,131,2,6,8,139
07/04/2016,GEG,WA,ANM,WE,Combined TRACON& Tower with Radar,92,1,1,0,94,0,0,11,0,11,92,1,12,0,105,0,0,0,105
07/05/2016,GEG,WA,ANM,WE,Combined TRACON& Tower with Radar,115,16,18,0,149,0,1,14,0,15,115,17,32,0,164,0,0,0,164
07/06/2016,GEG,WA,ANM,WE,Combined TRACON& Tower with Radar,130,19,14,14,177,0,1,22,0,23,130,20,36,14,200,14,2,16,216
07/07/2016,GEG,WA,ANM,WE,Combined TRACON& Tower with Radar,128,20,14,9,171,0,0,20,0,20,128,20,34,9,191,9,16,25,216
07/08/2016,GEG,WA,ANM,WE,Combined TRACON& Tower with Radar,121,26,19,0,166,0,0,4,0,4,121,26,23,0,170,16,0,16,186
07/09/2016,GEG,WA,ANM,WE,Combined TRACON& Tower with Radar,105,5,5,6,121,0,0,4,1,5,105,5,9,7,126,0,8,8,134
07/10/2016,GEG,WA,ANM,WE,Combined TRACON& Tower with Radar,121,0,9,0,130,0,0,8,2,10,121,0,17,2,140,10,0,10,150
07/11/2016,GEG,WA,ANM,WE,Combined TRACON& Tower with Radar,119,19,10,2,150,0,0,15,1,16,119,19,25,3,166,10,4,14,180
07/12/2016,GEG,WA,ANM,WE,Combined TRACON& Tower with Radar,127,19,17,3,166,0,0,15,0,15,127,19,32,3,181,16,21,37,218
07/13/2016,GEG,WA,ANM,WE,Combined TRACON& Tower with Radar,125,16,16,1,158,0,0,28,0,28,125,16,44,1,186,2,14,16,202
07/14/2016,GEG,WA,ANM,WE,Combined TRACON& Tower with Radar,129,18,17,6,170,0,0,23,7,30,129,18,40,13,200,34,0,34,234
07/15/2016,GEG,WA,ANM,WE,Combined TRACON& Tower with Radar,121,21,17,0,159,0,0,10,0,10,121,21,27,0,169,14,0,14,183
07/16/2016,GEG,WA,ANM,WE,Combined TRACON& Tower with Radar,109,7,3,0,119,0,0,10,0,10,109,7,13,0,129,0,0,0,129
07/17/2016,GEG,WA,ANM,WE,Combined TRACON& Tower with Radar,116,3,7,0,126,0,0,17,0,17,116,3,24,0,143,0,2,2,145
07/18/2016,GEG,WA,ANM,WE,Combined TRACON& Tower with Radar,116,19,9,0,144,0,1,11,1,13,116,20,20,1,157,0,0,0,157
07/19/2016,GEG,WA,ANM,WE,Combined TRACON& Tower with Radar,130,19,4,0,153,0,0,13,0,13,130,19,17,0,166,0,0,0,166
07/20/2016,GEG,WA,ANM,WE,Combined TRACON& Tower with Radar,126,19,18,0,163,0,0,28,0,28,126,19,46,0,191,46,0,46,237
07/21/2016,GEG,WA,ANM,WE,Combined TRACON& Tower with Radar,119,27,17,1,164,0,0,19,0,19,119,27,36,1,183,2,0,2,185
07/22/2016,GEG,WA,ANM,WE,Combined TRACON& Tower with Radar,111,37,11,0,159,0,0,12,0,12,111,37,23,0,171,12,0,12,183
07/23/2016,GEG,WA,ANM,WE,Combined TRACON& Tower with Radar,101,14,6,0,121,0,0,16,1,17,101,14,22,1,138,18,0,18,156
07/24/2016,GEG,WA,ANM,WE,Combined TRACON& Tower with Radar,110,11,4,0,125,0,0,15,0,15,110,11,19,0,140,8,0,8,148
07/25/2016,GEG,WA,ANM,WE,Combined TRACON& Tower with Radar,108,24,20,0,152,0,2,12,3,17,108,26,32,3,169,20,0,20,189
07/26/2016,GEG,WA,ANM,WE,Combined TRACON& Tower with Radar,127,25,14,2,168,0,2,5,1,8,127,27,19,3,176,10,12,22,198
07/27/2016,GEG,WA,ANM,WE,Combined TRACON& Tower with Radar,122,26,15,0,163,0,0,23,3,26,122,26,38,3,189,32,0,32,221
07/28/2016,GEG,WA,ANM,WE,Combined TRACON& Tower with Radar,119,32,14,0,165,0,0,17,1,18,119,32,31,1,183,14,0,14,197
07/29/2016,GEG,WA,ANM,WE,Combined TRACON& Tower with Radar,113,28,18,0,159,0,2,10,0,12,113,30,28,0,171,10,0,10,181
07/30/2016,GEG,WA,ANM,WE,Combined TRACON& Tower with Radar,100,13,6,2,121,0,0,14,2,16,100,13,20,4,137,0,0,0,137
07/31/2016,GEG,WA,ANM,WE,Combined TRACON& Tower with Radar,108,8,12,2,130,0,0,20,0,20,108,8,32,2,150,8,0,8,158
08/01/2016,GEG,WA,ANM,WE,Combined TRACON& Tower with Radar,112,23,13,1,149,0,4,17,3,24,112,27,30,4,173,6,0,6,179
08/02/2016,GEG,WA,ANM,WE,Combined TRACON& Tower with Radar,132,27,15,9,183,0,0,26,0,26,132,27,41,9,209,22,8,30,239
08/03/2016,GEG,WA,ANM,WE,Combined TRACON& Tower with Radar,130,28,10,5,173,0,0,30,3,33,130,28,40,8,206,14,4,18,224
08/04/2016,GEG,WA,ANM,WE,Combined TRACON& Tower with Radar,122,30,15,0,167,0,3,24,2,29,122,33,39,2,196,6,0,6,202
08/05/2016,GEG,WA,ANM,WE,Combined TRACON& Tower with Radar,114,29,15,6,164,0,1,20,0,21,114,30,35,6,185,8,0,8,193
08/06/2016,GEG,WA,ANM,WE,Combined TRACON& Tower with Radar,101,25,7,0,133,0,1,16,1,18,101,26,23,1,151,18,0,18,169
08/07/2016,GEG,WA,ANM,WE,Combined TRACON& Tower with Radar,102,10,3,5,120,0,0,6,0,6,102,10,9,5,126,0,12,12,138
08/08/2016,GEG,WA,ANM,WE,Combined TRACON& Tower with Radar,108,28,11,5,152,0,0,16,4,20,108,28,27,9,172,14,0,14,186
08/09/2016,GEG,WA,ANM,WE,Combined TRACON& Tower with Radar,115,25,14,0,154,0,2,10,0,12,115,27,24,0,166,2,0,2,168
08/10/2016,GEG,WA,ANM,WE,Combined TRACON& Tower with Radar,116,28,20,1,165,0,2,19,0,21,116,30,39,1,186,12,22,34,220
08/11/2016,GEG,WA,ANM,WE,Combined TRACON& Tower with Radar,120,27,18,0,165,0,0,26,0,26,120,27,44,0,191,8,0,8,199
08/12/2016,GEG,WA,ANM,WE,Combined TRACON& Tower with Radar,111,31,11,8,161,0,2,17,3,22,111,33,28,11,183,6,30,36,219
08/13/2016,GEG,WA,ANM,WE,Combined TRACON& Tower with Radar,100,20,14,5,139,0,0,12,0,12,100,20,26,5,151,2,0,2,153
08/14/2016,GEG,WA,ANM,WE,Combined TRACON& Tower with Radar,101,10,3,2,116,0,0,18,0,18,101,10,21,2,134,4,0,4,138
08/15/2016,GEG,WA,ANM,WE,Combined TRACON& Tower with Radar,110,24,15,0,149,0,4,8,0,12,110,28,23,0,161,8,0,8,169
08/16/2016,GEG,WA,ANM,WE,Combined TRACON& Tower with Radar,123,27,15,4,169,0,0,5,2,7,123,27,20,6,176,6,0,6,182
08/17/2016,GEG,WA,ANM,WE,Combined TRACON& Tower with Radar,121,26,19,0,166,0,2,18,0,20,121,28,37,0,186,16,0,16,202
08/18/2016,GEG,WA,ANM,WE,Combined TRACON& Tower with Radar,122,24,18,1,165,1,0,19,0,20,123,24,37,1,185,2,0,2,187
08/19/2016,GEG,WA,ANM,WE,Combined TRACON& Tower with Radar,113,28,15,0,156,1,0,13,0,14,114,28,28,0,170,12,0,12,182
08/20/2016,GEG,WA,ANM,WE,Combined TRACON& Tower with Radar,95,21,4,0,120,0,0,10,0,10,95,21,14,0,130,0,0,0,130
08/21/2016,GEG,WA,ANM,WE,Combined TRACON& Tower with Radar,105,9,7,0,121,0,1,16,0,17,105,10,23,0,138,0,0,0,138
08/22/2016,GEG,WA,ANM,WE,Combined TRACON& Tower with Radar,112,32,13,0,157,0,3,28,1,32,112,35,41,1,189,14,0,14,203
08/23/2016,GEG,WA,ANM,WE,Combined TRACON& Tower with Radar,119,30,14,1,164,1,0,18,1,20,120,30,32,2,184,28,0,28,212
08/24/2016,GEG,WA,ANM,WE,Combined TRACON& Tower with Radar,120,26,26,2,174,0,2,22,1,25,120,28,48,3,199,38,0,38,237
08/25/2016,GEG,WA,ANM,WE,Combined TRACON& Tower with Radar,125,25,10,3,163,0,0,23,1,24,125,25,33,4,187,2,0,2,189
08/26/2016,GEG,WA,ANM,WE,Combined TRACON& Tower with Radar,123,22,15,12,172,0,0,18,0,18,123,22,33,12,190,4,0,4,194
08/27/2016,GEG,WA,ANM,WE,Combined TRACON& Tower with Radar,106,8,8,2,124,0,0,8,1,9,106,8,16,3,133,22,0,22,155
08/28/2016,GEG,WA,ANM,WE,Combined TRACON& Tower with Radar,117,7,4,1,129,0,1,15,0,16,117,8,19,1,145,16,0,16,161
08/29/2016,GEG,WA,ANM,WE,Combined TRACON& Tower with Radar,119,18,17,3,157,0,0,8,5,13,119,18,25,8,170,12,0,12,182
08/30/2016,GEG,WA,ANM,WE,Combined TRACON& Tower with Radar,125,27,17,1,170,0,0,9,1,10,125,27,26,2,180,0,0,0,180
08/31/2016,GEG,WA,ANM,WE,Combined TRACON& Tower with Radar,123,25,15,4,167,0,0,12,3,15,123,25,27,7,182,24,0,24,206
09/01/2016,GEG,WA,ANM,WE,Combined TRACON& Tower with Radar,122,17,9,6,154,0,0,8,0,8,122,17,17,6,162,4,0,4,166
09/02/2016,GEG,WA,ANM,WE,Combined TRACON& Tower with Radar,118,18,24,0,160,0,0,4,0,4,118,18,28,0,164,0,0,0,164
09/03/2016,GEG,WA,ANM,WE,Combined TRACON& Tower with Radar,90,11,5,1,107,0,3,6,0,9,90,14,11,1,116,6,0,6,122
09/04/2016,GEG,WA,ANM,WE,Combined TRACON& Tower with Radar,99,1,7,1,108,0,1,5,1,7,99,2,12,2,115,12,0,12,127
09/05/2016,GEG,WA,ANM,WE,Combined TRACON& Tower with Radar,93,6,11,0,110,0,2,4,0,6,93,8,15,0,116,4,0,4,120
09/06/2016,GEG,WA,ANM,WE,Combined TRACON& Tower with Radar,114,23,12,4,153,0,0,4,0,4,114,23,16,4,157,0,0,0,157
09/07/2016,GEG,WA,ANM,WE,Combined TRACON& Tower with Radar,124,20,31,0,175,0,0,5,0,5,124,20,36,0,180,2,0,2,182
09/08/2016,GEG,WA,ANM,WE,Combined TRACON& Tower with Radar,125,17,21,12,175,0,0,10,0,10,125,17,31,12,185,14,6,20,205
09/09/2016,GEG,WA,ANM,WE,Combined TRACON& Tower with Radar,119,19,7,1,146,0,0,16,0,16,119,19,23,1,162,20,0,20,182
09/10/2016,GEG,WA,ANM,WE,Combined TRACON& Tower with Radar,87,15,5,1,108,0,0,9,1,10,87,15,14,2,118,6,0,6,124
09/11/2016,GEG,WA,ANM,WE,Combined TRACON& Tower with Radar,114,3,6,0,123,0,0,4,0,4,114,3,10,0,127,0,0,0,127
09/12/2016,GEG,WA,ANM,WE,Combined TRACON& Tower with Radar,113,23,11,2,149,0,0,3,1,4,113,23,14,3,153,8,0,8,161
09/13/2016,GEG,WA,ANM,WE,Combined TRACON& Tower with Radar,121,27,13,1,162,0,0,12,0,12,121,27,25,1,174,16,2,18,192
09/14/2016,GEG,WA,ANM,WE,Combined TRACON& Tower with Radar,125,23,7,0,155,0,0,12,1,13,125,23,19,1,168,12,0,12,180
09/15/2016,GEG,WA,ANM,WE,Combined TRACON& Tower with Radar,127,18,16,5,166,0,0,17,0,17,127,18,33,5,183,12,6,18,201
09/16/2016,GEG,WA,ANM,WE,Combined TRACON& Tower with Radar,124,19,16,0,159,0,1,18,1,20,124,20,34,1,179,4,0,4,183
09/17/2016,GEG,WA,ANM,WE,Combined TRACON& Tower with Radar,89,12,5,0,106,0,0,2,0,2,89,12,7,0,108,2,0,2,110
09/18/2016,GEG,WA,ANM,WE,Combined TRACON& Tower with Radar,107,2,7,7,123,0,0,6,0,6,107,2,13,7,129,4,0,4,133
09/19/2016,GEG,WA,ANM,WE,Combined TRACON& Tower with Radar,117,15,6,4,142,0,0,8,0,8,117,15,14,4,150,0,12,12,162
09/20/2016,GEG,WA,ANM,WE,Combined TRACON& Tower with Radar,123,20,28,0,171,0,0,20,0,20,123,20,48,0,191,20,0,20,211
09/21/2016,GEG,WA,ANM,WE,Combined TRACON& Tower with Radar,120,23,16,42,201,0,0,19,7,26,120,23,35,49,227,18,32,50,277
09/22/2016,GEG,WA,ANM,WE,Combined TRACON& Tower with Radar,122,26,13,18,179,0,0,15,0,15,122,26,28,18,194,40,46,86,280
09/23/2016,GEG,WA,ANM,WE,Combined TRACON& Tower with Radar,126,26,19,8,179,0,1,9,1,11,126,27,28,9,190,24,0,24,214
09/24/2016,GEG,WA,ANM,WE,Combined TRACON& Tower with Radar,89,7,4,0,100,0,0,8,0,8,89,7,12,0,108,2,0,2,110
09/25/2016,GEG,WA,ANM,WE,Combined TRACON& Tower with Radar,108,2,2,0,112,0,0,21,0,21,108,2,23,0,133,0,0,0,133
09/26/2016,GEG,WA,ANM,WE,Combined TRACON& Tower with Radar,118,17,21,0,156,0,0,9,0,9,118,17,30,0,165,6,0,6,171
09/27/2016,GEG,WA,ANM,WE,Combined TRACON& Tower with Radar,122,21,10,0,153,0,0,28,0,28,122,21,38,0,181,18,0,18,199
09/28/2016,GEG,WA,ANM,WE,Combined TRACON& Tower with Radar,122,16,9,0,147,0,2,11,0,13,122,18,20,0,160,2,0,2,162
09/29/2016,GEG,WA,ANM,WE,Combined TRACON& Tower with Radar,123,24,17,23,187,0,0,18,2,20,123,24,35,25,207,56,26,82,289
09/30/2016,GEG,WA,ANM,WE,Combined TRACON& Tower with Radar,120,21,17,0,158,0,0,20,0,20,120,21,37,0,178,2,0,2,180
10/01/2016,GEG,WA,ANM,WE,Combined TRACON& Tower with Radar,90,9,7,6,112,0,0,6,0,6,90,9,13,6,118,6,0,6,124
10/02/2016,GEG,WA,ANM,WE,Combined TRACON& Tower with Radar,112,0,7,0,119,0,0,11,0,11,112,0,18,0,130,16,0,16,146
10/03/2016,GEG,WA,ANM,WE,Combined TRACON& Tower with Radar,115,22,10,1,148,0,0,8,0,8,115,22,18,1,156,12,0,12,168
10/04/2016,GEG,WA,ANM,WE,Combined TRACON& Tower with Radar,121,24,10,0,155,0,0,6,0,6,121,24,16,0,161,0,0,0,161
10/05/2016,GEG,WA,ANM,WE,Combined TRACON& Tower with Radar,120,19,11,1,151,0,0,12,1,13,120,19,23,2,164,6,0,6,170
10/06/2016,GEG,WA,ANM,WE,Combined TRACON& Tower with Radar,120,20,11,0,151,0,0,5,0,5,120,20,16,0,156,6,0,6,162
10/07/2016,GEG,WA,ANM,WE,Combined TRACON& Tower with Radar,124,25,17,0,166,0,0,1,0,1,124,25,18,0,167,12,0,12,179
10/08/2016,GEG,WA,ANM,WE,Combined TRACON& Tower with Radar,93,7,11,0,111,0,0,5,0,5,93,7,16,0,116,12,0,12,128
10/09/2016,GEG,WA,ANM,WE,Combined TRACON& Tower with Radar,100,5,5,0,110,0,1,3,0,4,100,6,8,0,114,0,0,0,114
10/10/2016,GEG,WA,ANM,WE,Combined TRACON& Tower with Radar,109,18,10,0,137,0,0,22,1,23,109,18,32,1,160,56,0,56,216
10/11/2016,GEG,WA,ANM,WE,Combined TRACON& Tower with Radar,119,21,18,0,158,0,2,17,1,20,119,23,35,1,178,36,0,36,214
10/12/2016,GEG,WA,ANM,WE,Combined TRACON& Tower with Radar,121,21,7,0,149,0,0,25,1,26,121,21,32,1,175,52,0,52,227
10/13/2016,GEG,WA,ANM,WE,Combined TRACON& Tower with Radar,124,25,10,0,159,0,0,0,0,0,124,25,10,0,159,4,0,4,163
10/14/2016,GEG,WA,ANM,WE,Combined TRACON& Tower with Radar,111,21,19,2,153,0,0,2,1,3,111,21,21,3,156,10,0,10,166
10/15/2016,GEG,WA,ANM,WE,Combined TRACON& Tower with Radar,99,6,1,0,106,0,2,1,0,3,99,8,2,0,109,0,0,0,109
10/16/2016,GEG,WA,ANM,WE,Combined TRACON& Tower with Radar,101,3,15,0,119,0,0,1,0,1,101,3,16,0,120,0,0,0,120
10/17/2016,GEG,WA,ANM,WE,Combined TRACON& Tower with Radar,111,16,8,1,136,0,0,0,3,3,111,16,8,4,139,0,0,0,139
10/18/2016,GEG,WA,ANM,WE,Combined TRACON& Tower with Radar,120,16,14,1,151,0,0,3,1,4,120,16,17,2,155,6,2,8,163
10/19/2016,GEG,WA,ANM,WE,Combined TRACON& Tower with Radar,118,17,16,0,151,0,0,20,4,24,118,17,36,4,175,50,0,50,225
10/20/2016,GEG,WA,ANM,WE,Combined TRACON& Tower with Radar,118,18,12,0,148,0,0,0,1,1,118,18,12,1,149,0,0,0,149
10/21/2016,GEG,WA,ANM,WE,Combined TRACON& Tower with Radar,117,16,13,2,148,0,0,2,0,2,117,16,15,2,150,2,0,2,152
10/22/2016,GEG,WA,ANM,WE,Combined TRACON& Tower with Radar,93,6,13,0,112,0,0,7,0,7,93,6,20,0,119,16,0,16,135
10/23/2016,GEG,WA,ANM,WE,Combined TRACON& Tower with Radar,102,0,12,0,114,0,0,9,0,9,102,0,21,0,123,16,0,16,139
10/24/2016,GEG,WA,ANM,WE,Combined TRACON& Tower with Radar,110,14,23,3,150,0,3,14,1,18,110,17,37,4,168,4,0,4,172
10/25/2016,GEG,WA,ANM,WE,Combined TRACON& Tower with Radar,121,17,22,0,160,0,8,8,0,16,121,25,30,0,176,30,0,30,206
10/26/2016,GEG,WA,ANM,WE,Combined TRACON& Tower with Radar,120,20,4,0,144,0,0,0,0,0,120,20,4,0,144,0,0,0,144
10/27/2016,GEG,WA,ANM,WE,Combined TRACON& Tower with Radar,125,23,23,0,171,0,0,0,0,0,125,23,23,0,171,6,0,6,177
10/28/2016,GEG,WA,ANM,WE,Combined TRACON& Tower with Radar,116,21,17,0,154,0,2,15,3,20,116,23,32,3,174,48,0,48,222
10/29/2016,GEG,WA,ANM,WE,Combined TRACON& Tower with Radar,94,19,6,0,119,0,0,0,0,0,94,19,6,0,119,0,0,0,119
10/30/2016,GEG,WA,ANM,WE,Combined TRACON& Tower with Radar,101,1,12,0,114,0,0,0,0,0,101,1,12,0,114,6,0,6,120
10/31/2016,GEG,WA,ANM,WE,Combined TRACON& Tower with Radar,107,22,8,2,139,0,0,0,0,0,107,22,8,2,139,26,0,26,165
11/01/2016,GEG,WA,ANM,WE,Combined TRACON& Tower with Radar,118,17,15,4,154,0,0,11,0,11,118,17,26,4,165,24,4,28,193
11/02/2016,GEG,WA,ANM,WE,Combined TRACON& Tower with Radar,117,18,17,5,157,0,2,9,1,12,117,20,26,6,169,14,4,18,187
11/03/2016,GEG,WA,ANM,WE,Combined TRACON& Tower with Radar,119,23,19,0,161,0,2,11,0,13,119,25,30,0,174,38,0,38,212
11/04/2016,GEG,WA,ANM,WE,Combined TRACON& Tower with Radar,120,18,16,0,154,0,0,17,0,17,120,18,33,0,171,32,0,32,203
11/05/2016,GEG,WA,ANM,WE,Combined TRACON& Tower with Radar,91,26,11,0,128,0,0,27,1,28,91,26,38,1,156,96,0,96,252
11/06/2016,GEG,WA,ANM,WE,Combined TRACON& Tower with Radar,103,1,8,0,112,0,0,2,0,2,103,1,10,0,114,22,0,22,136
11/07/2016,GEG,WA,ANM,WE,Combined TRACON& Tower with Radar,111,20,12,0,143,0,0,7,6,13,111,20,19,6,156,0,0,0,156
11/08/2016,GEG,WA,ANM,WE,Combined TRACON& Tower with Radar,112,19,4,8,143,0,2,12,0,14,112,21,16,8,157,0,0,0,157
11/09/2016,GEG,WA,ANM,WE,Combined TRACON& Tower with Radar,120,20,11,6,157,0,0,14,0,14,120,20,25,6,171,14,0,14,185
11/10/2016,GEG,WA,ANM,WE,Combined TRACON& Tower with Radar,120,32,12,0,164,0,5,12,0,17,120,37,24,0,181,38,0,38,219
11/11/2016,GEG,WA,ANM,WE,Combined TRACON& Tower with Radar,119,31,16,0,166,0,0,3,0,3,119,31,19,0,169,26,0,26,195
11/12/2016,GEG,WA,ANM,WE,Combined TRACON& Tower with Radar,95,15,3,0,113,0,2,10,0,12,95,17,13,0,125,18,0,18,143
11/13/2016,GEG,WA,ANM,WE,Combined TRACON& Tower with Radar,102,3,5,0,110,0,0,3,0,3,102,3,8,0,113,10,0,10,123
11/14/2016,GEG,WA,ANM,WE,Combined TRACON& Tower with Radar,107,19,15,1,142,0,0,0,1,1,107,19,15,2,143,0,0,0,143
11/15/2016,GEG,WA,ANM,WE,Combined TRACON& Tower with Radar,115,21,18,15,169,0,0,2,1,3,115,21,20,16,172,2,32,34,206
11/16/2016,GEG,WA,ANM,WE,Combined TRACON& Tower with Radar,119,24,14,5,162,0,0,2,1,3,119,24,16,6,165,4,8,12,177
11/17/2016,GEG,WA,ANM,WE,Combined TRACON& Tower with Radar,121,24,9,4,158,0,0,3,2,5,121,24,12,6,163,0,4,4,167
11/18/2016,GEG,WA,ANM,WE,Combined TRACON& Tower with Radar,118,23,17,1,159,0,0,10,1,11,118,23,27,2,170,12,4,16,186
11/19/2016,GEG,WA,ANM,WE,Combined TRACON& Tower with Radar,103,9,9,0,121,0,0,1,0,1,103,9,10,0,122,2,0,2,124
11/20/2016,GEG,WA,ANM,WE,Combined TRACON& Tower with Radar,99,1,7,0,107,0,0,7,0,7,99,1,14,0,114,8,0,8,122
11/21/2016,GEG,WA,ANM,WE,Combined TRACON& Tower with Radar,103,21,11,1,136,0,0,1,3,4,103,21,12,4,140,0,0,0,140
11/22/2016,GEG,WA,ANM,WE,Combined TRACON& Tower with Radar,120,34,29,1,184,0,0,11,1,12,120,34,40,2,196,16,0,16,212
11/23/2016,GEG,WA,ANM,WE,Combined TRACON& Tower with Radar,125,28,7,0,160,0,0,0,0,0,125,28,7,0,160,2,1,3,163
11/24/2016,GEG,WA,ANM,WE,Combined TRACON& Tower with Radar,67,2,1,0,70,0,0,2,0,2,67,2,3,0,72,0,0,0,72
11/25/2016,GEG,WA,ANM,WE,Combined TRACON& Tower with Radar,89,26,8,0,123,0,0,3,0,3,89,26,11,0,126,0,0,0,126
11/26/2016,GEG,WA,ANM,WE,Combined TRACON& Tower with Radar,98,9,9,0,116,0,0,6,0,6,98,9,15,0,122,18,0,18,140
11/27/2016,GEG,WA,ANM,WE,Combined TRACON& Tower with Radar,119,5,7,0,131,0,0,3,0,3,119,5,10,0,134,14,0,14,148
11/28/2016,GEG,WA,ANM,WE,Combined TRACON& Tower with Radar,115,31,5,0,151,0,0,0,0,0,115,31,5,0,151,0,0,0,151
11/29/2016,GEG,WA,ANM,WE,Combined TRACON& Tower with Radar,121,32,4,0,157,0,0,0,1,1,121,32,4,1,158,6,0,6,164
11/30/2016,GEG,WA,ANM,WE,Combined TRACON& Tower with Radar,120,34,3,0,157,0,0,0,0,0,120,34,3,0,157,0,0,0,157
12/01/2016,GEG,WA,ANM,WE,Combined TRACON& Tower with Radar,126,32,17,0,175,0,0,0,0,0,126,32,17,0,175,2,0,2,177
12/02/2016,GEG,WA,ANM,WE,Combined TRACON& Tower with Radar,121,33,11,14,179,0,0,3,0,3,121,33,14,14,182,4,4,8,190
12/03/2016,GEG,WA,ANM,WE,Combined TRACON& Tower with Radar,90,14,14,0,118,0,0,10,1,11,90,14,24,1,129,2,0,2,131
12/04/2016,GEG,WA,ANM,WE,Combined TRACON& Tower with Radar,97,2,7,0,106,0,0,0,0,0,97,2,7,0,106,0,0,0,106
12/05/2016,GEG,WA,ANM,WE,Combined TRACON& Tower with Radar,104,23,19,1,147,0,1,7,2,10,104,24,26,3,157,0,0,0,157
12/06/2016,GEG,WA,ANM,WE,Combined TRACON& Tower with Radar,121,29,8,9,167,1,1,7,0,9,122,30,15,9,176,22,8,30,206
12/07/2016,GEG,WA,ANM,WE,Combined TRACON& Tower with Radar,115,34,22,16,187,0,0,16,0,16,115,34,38,16,203,10,16,26,229
12/08/2016,GEG,WA,ANM,WE,Combined TRACON& Tower with Radar,113,36,15,1,165,0,0,11,1,12,113,36,26,2,177,10,0,10,187
12/09/2016,GEG,WA,ANM,WE,Combined TRACON& Tower with Radar,108,33,15,0,156,0,0,0,0,0,108,33,15,0,156,0,0,0,156
12/10/2016,GEG,WA,ANM,WE,Combined TRACON& Tower with Radar,97,11,3,1,112,0,0,0,0,0,97,11,3,1,112,0,0,0,112
12/11/2016,GEG,WA,ANM,WE,Combined TRACON& Tower with Radar,98,4,3,0,105,0,0,0,0,0,98,4,3,0,105,0,0,0,105
12/12/2016,GEG,WA,ANM,WE,Combined TRACON& Tower with Radar,107,26,16,12,161,0,0,2,2,4,107,26,18,14,165,4,0,4,169
12/13/2016,GEG,WA,ANM,WE,Combined TRACON& Tower with Radar,120,36,10,16,182,0,0,5,2,7,120,36,15,18,189,2,42,44,233
12/14/2016,GEG,WA,ANM,WE,Combined TRACON& Tower with Radar,114,32,13,3,162,0,0,5,2,7,114,32,18,5,169,9,21,30,199
12/15/2016,GEG,WA,ANM,WE,Combined TRACON& Tower with Radar,124,35,21,0,180,0,0,1,0,1,124,35,22,0,181,0,0,0,181
12/16/2016,GEG,WA,ANM,WE,Combined TRACON& Tower with Radar,119,31,16,11,177,0,2,11,1,14,119,33,27,12,191,18,0,18,209
12/17/2016,GEG,WA,ANM,WE,Combined TRACON& Tower with Radar,104,25,4,0,133,0,0,0,0,0,104,25,4,0,133,0,0,0,133
12/18/2016,GEG,WA,ANM,WE,Combined TRACON& Tower with Radar,106,5,4,0,115,0,0,0,0,0,106,5,4,0,115,0,0,0,115
12/19/2016,GEG,WA,ANM,WE,Combined TRACON& Tower with Radar,119,32,12,0,163,0,0,0,1,1,119,32,12,1,164,0,0,0,164
12/20/2016,GEG,WA,ANM,WE,Combined TRACON& Tower with Radar,123,33,6,0,162,0,0,0,0,0,123,33,6,0,162,2,0,2,164
12/21/2016,GEG,WA,ANM,WE,Combined TRACON& Tower with Radar,124,32,5,0,161,0,0,5,1,6,124,32,10,1,167,0,0,0,167
12/22/2016,GEG,WA,ANM,WE,Combined TRACON& Tower with Radar,133,38,10,0,181,1,1,11,0,13,134,39,21,0,194,6,0,6,200
12/23/2016,GEG,WA,ANM,WE,Combined TRACON& Tower with Radar,135,41,10,0,186,0,0,0,0,0,135,41,10,0,186,4,1,5,191
12/24/2016,GEG,WA,ANM,WE,Combined TRACON& Tower with Radar,99,28,2,0,129,0,0,0,0,0,99,28,2,0,129,0,0,0,129
12/25/2016,GEG,WA,ANM,WE,Combined TRACON& Tower with Radar,88,4,4,0,96,0,0,0,0,0,88,4,4,0,96,0,0,0,96
12/26/2016,GEG,WA,ANM,WE,Combined TRACON& Tower with Radar,102,1,13,0,116,0,0,6,0,6,102,1,19,0,122,39,0,39,161
12/27/2016,GEG,WA,ANM,WE,Combined TRACON& Tower with Radar,107,32,8,0,147,0,0,0,0,0,107,32,8,0,147,6,0,6,153
12/28/2016,GEG,WA,ANM,WE,Combined TRACON& Tower with Radar,135,36,11,0,182,0,1,4,0,5,135,37,15,0,187,34,14,48,235
12/29/2016,GEG,WA,ANM,WE,Combined TRACON& Tower with Radar,120,37,2,6,165,0,0,4,2,6,120,37,6,8,171,55,28,83,254
12/30/2016,GEG,WA,ANM,WE,Combined TRACON& Tower with Radar,117,35,5,0,157,0,0,9,0,9,117,35,14,0,166,14,0,14,180
12/31/2016,GEG,WA,ANM,WE,Combined TRACON& Tower with Radar,84,13,2,0,99,0,0,4,0,4,84,13,6,0,103,22,0,22,125
01/01/2017,GEG,WA,ANM,WE,Combined TRACON& Tower with Radar,77,10,5,0,92,0,0,0,0,0,77,10,5,0,92,6,0,6,98
01/02/2017,GEG,WA,ANM,WE,Combined TRACON& Tower with Radar,100,2,15,0,117,0,0,6,0,6,100,2,21,0,123,0,0,0,123
01/03/2017,GEG,WA,ANM,WE,Combined TRACON& Tower with Radar,114,20,7,0,141,0,0,2,0,2,114,20,9,0,143,0,0,0,143
01/04/2017,GEG,WA,ANM,WE,Combined TRACON& Tower with Radar,116,28,11,0,155,0,6,8,0,14,116,34,19,0,169,14,0,14,183
01/05/2017,GEG,WA,ANM,WE,Combined TRACON& Tower with Radar,126,24,12,0,162,0,1,6,2,9,126,25,18,2,171,2,0,2,173
01/06/2017,GEG,WA,ANM,WE,Combined TRACON& Tower with Radar,116,26,13,6,161,0,0,19,7,26,116,26,32,13,187,20,32,52,239
01/07/2017,GEG,WA,ANM,WE,Combined TRACON& Tower with Radar,82,15,5,1,103,0,1,4,1,6,82,16,9,2,109,40,2,42,151
01/08/2017,GEG,WA,ANM,WE,Combined TRACON& Tower with Radar,75,3,4,0,82,0,0,0,0,0,75,3,4,0,82,0,0,0,82
01/09/2017,GEG,WA,ANM,WE,Combined TRACON& Tower with Radar,105,17,16,0,138,0,0,0,0,0,105,17,16,0,138,0,0,0,138
01/10/2017,GEG,WA,ANM,WE,Combined TRACON& Tower with Radar,122,22,9,6,159,0,0,1,1,2,122,22,10,7,161,4,0,4,165
01/11/2017,GEG,WA,ANM,WE,Combined TRACON& Tower with Radar,94,24,11,0,129,0,2,4,0,6,94,26,15,0,135,2,0,2,137
01/12/2017,GEG,WA,ANM,WE,Combined TRACON& Tower with Radar,116,32,24,0,172,0,1,3,0,4,116,33,27,0,176,14,2,16,192
01/13/2017,GEG,WA,ANM,WE,Combined TRACON& Tower with Radar,113,26,9,0,148,0,1,5,0,6,113,27,14,0,154,8,0,8,162
01/14/2017,GEG,WA,ANM,WE,Combined TRACON& Tower with Radar,88,17,7,0,112,0,0,3,1,4,88,17,10,1,116,6,40,46,162
01/15/2017,GEG,WA,ANM,WE,Combined TRACON& Tower with Radar,92,0,2,0,94,0,0,0,0,0,92,0,2,0,94,1,0,1,95
01/16/2017,GEG,WA,ANM,WE,Combined TRACON& Tower with Radar,114,15,10,0,139,0,0,0,0,0,114,15,10,0,139,0,0,0,139
01/17/2017,GEG,WA,ANM,WE,Combined TRACON& Tower with Radar,100,24,12,0,136,0,0,0,0,0,100,24,12,0,136,0,0,0,136
01/18/2017,GEG,WA,ANM,WE,Combined TRACON& Tower with Radar,109,15,14,2,140,0,0,0,0,0,109,15,14,2,140,0,0,0,140
01/19/2017,GEG,WA,ANM,WE,Combined TRACON& Tower with Radar,122,24,15,0,161,0,0,1,0,1,122,24,16,0,162,6,0,6,168
01/20/2017,GEG,WA,ANM,WE,Combined TRACON& Tower with Radar,112,22,10,0,144,0,0,14,0,14,112,22,24,0,158,26,0,26,184
01/21/2017,GEG,WA,ANM,WE,Combined TRACON& Tower with Radar,83,16,3,0,102,0,0,1,0,1,83,16,4,0,103,4,0,4,107
01/22/2017,GEG,WA,ANM,WE,Combined TRACON& Tower with Radar,100,3,8,0,111,0,0,2,0,2,100,3,10,0,113,0,0,0,113
01/23/2017,GEG,WA,ANM,WE,Combined TRACON& Tower with Radar,104,17,13,0,134,0,0,0,0,0,104,17,13,0,134,0,0,0,134
01/24/2017,GEG,WA,ANM,WE,Combined TRACON& Tower with Radar,109,24,7,0,140,0,0,0,0,0,109,24,7,0,140,0,0,0,140
01/25/2017,GEG,WA,ANM,WE,Combined TRACON& Tower with Radar,115,24,12,0,151,0,0,0,0,0,115,24,12,0,151,0,0,0,151
01/26/2017,GEG,WA,ANM,WE,Combined TRACON& Tower with Radar,115,33,14,1,163,0,0,0,0,0,115,33,14,1,163,0,0,0,163
01/27/2017,GEG,WA,ANM,WE,Combined TRACON& Tower with Radar,114,22,12,0,148,0,0,5,2,7,114,22,17,2,155,14,0,14,169
01/28/2017,GEG,WA,ANM,WE,Combined TRACON& Tower with Radar,83,11,12,2,108,0,0,2,0,2,83,11,14,2,110,6,0,6,116
01/29/2017,GEG,WA,ANM,WE,Combined TRACON& Tower with Radar,92,2,4,0,98,0,0,0,0,0,92,2,4,0,98,0,0,0,98
01/30/2017,GEG,WA,ANM,WE,Combined TRACON& Tower with Radar,111,18,9,4,142,0,0,0,0,0,111,18,9,4,142,4,0,4,146
01/31/2017,GEG,WA,ANM,WE,Combined TRACON& Tower with Radar,114,17,9,6,146,1,0,1,0,2,115,17,10,6,148,16,0,16,164
02/01/2017,GEG,WA,ANM,WE,Combined TRACON& Tower with Radar,110,18,11,1,140,0,1,11,0,12,110,19,22,1,152,8,0,8,160
02/02/2017,GEG,WA,ANM,WE,Combined TRACON& Tower with Radar,114,19,25,0,158,2,0,12,1,15,116,19,37,1,173,16,0,16,189
02/03/2017,GEG,WA,ANM,WE,Combined TRACON& Tower with Radar,109,20,22,0,151,0,0,0,0,0,109,20,22,0,151,0,0,0,151
02/04/2017,GEG,WA,ANM,WE,Combined TRACON& Tower with Radar,78,14,4,0,96,0,0,1,0,1,78,14,5,0,97,0,0,0,97
02/05/2017,GEG,WA,ANM,WE,Combined TRACON& Tower with Radar,84,5,10,0,99,0,0,0,0,0,84,5,10,0,99,0,0,0,99
02/06/2017,GEG,WA,ANM,WE,Combined TRACON& Tower with Radar,71,18,15,1,105,0,0,2,0,2,71,18,17,1,107,0,0,0,107
02/07/2017,GEG,WA,ANM,WE,Combined TRACON& Tower with Radar,107,21,10,0,138,0,0,2,1,3,107,21,12,1,141,4,0,4,145
02/08/2017,GEG,WA,ANM,WE,Combined TRACON& Tower with Radar,112,25,11,0,148,0,0,0,0,0,112,25,11,0,148,0,0,0,148
02/09/2017,GEG,WA,ANM,WE,Combined TRACON& Tower with Radar,124,15,15,4,158,0,0,2,0,2,124,15,17,4,160,14,0,14,174
02/10/2017,GEG,WA,ANM,WE,Combined TRACON& Tower with Radar,111,17,15,0,143,0,0,3,0,3,111,17,18,0,146,6,0,6,152
02/11/2017,GEG,WA,ANM,WE,Combined TRACON& Tower with Radar,84,12,2,0,98,0,0,14,1,15,84,12,16,1,113,18,2,20,133
02/12/2017,GEG,WA,ANM,WE,Combined TRACON& Tower with Radar,90,0,4,0,94,0,2,7,2,11,90,2,11,2,105,42,0,42,147
02/13/2017,GEG,WA,ANM,WE,Combined TRACON& Tower with Radar,101,24,17,1,143,0,0,24,0,24,101,24,41,1,167,40,2,42,209
02/14/2017,GEG,WA,ANM,WE,Combined TRACON& Tower with Radar,115,22,20,6,163,0,0,4,3,7,115,22,24,9,170,16,6,22,192
02/15/2017,GEG,WA,ANM,WE,Combined TRACON& Tower with Radar,109,20,10,0,139,0,0,0,2,2,109,20,10,2,141,4,0,4,145
02/16/2017,GEG,WA,ANM,WE,Combined TRACON& Tower with Radar,112,32,5,0,149,0,0,2,0,2,112,32,7,0,151,22,0,22,173
02/17/2017,GEG,WA,ANM,WE,Combined TRACON& Tower with Radar,109,21,16,0,146,0,0,10,0,10,109,21,26,0,156,0,0,0,156
02/18/2017,GEG,WA,ANM,WE,Combined TRACON& Tower with Radar,83,14,4,0,101,0,0,0,0,0,83,14,4,0,101,0,0,0,101
02/19/2017,GEG,WA,ANM,WE,Combined TRACON& Tower with Radar,93,6,1,0,100,0,0,0,0,0,93,6,1,0,100,0,0,0,100
02/20/2017,GEG,WA,ANM,WE,Combined TRACON& Tower with Radar,111,23,7,0,141,0,0,0,0,0,111,23,7,0,141,0,0,0,141
02/21/2017,GEG,WA,ANM,WE,Combined TRACON& Tower with Radar,121,19,10,0,150,0,0,0,0,0,121,19,10,0,150,0,0,0,150
02/22/2017,GEG,WA,ANM,WE,Combined TRACON& Tower with Radar,121,23,12,0,156,0,0,6,0,6,121,23,18,0,162,12,0,12,174
02/23/2017,GEG,WA,ANM,WE,Combined TRACON& Tower with Radar,126,23,9,0,158,0,0,3,0,3,126,23,12,0,161,0,0,0,161
02/24/2017,GEG,WA,ANM,WE,Combined TRACON& Tower with Radar,120,20,14,0,154,0,0,8,0,8,120,20,22,0,162,0,0,0,162
02/25/2017,GEG,WA,ANM,WE,Combined TRACON& Tower with Radar,89,14,8,10,121,0,0,7,2,9,89,14,15,12,130,18,0,18,148
02/26/2017,GEG,WA,ANM,WE,Combined TRACON& Tower with Radar,99,4,8,0,111,0,0,0,0,0,99,4,8,0,111,0,0,0,111
02/27/2017,GEG,WA,ANM,WE,Combined TRACON& Tower with Radar,108,18,9,1,136,0,0,0,0,0,108,18,9,1,136,0,0,0,136
02/28/2017,GEG,WA,ANM,WE,Combined TRACON& Tower with Radar,126,19,8,0,153,5,0,7,0,12,131,19,15,0,165,15,0,15,180
03/01/2017,GEG,WA,ANM,WE,Combined TRACON& Tower with Radar,131,25,21,0,177,0,0,4,3,7,131,25,25,3,184,6,0,6,190
03/02/2017,GEG,WA,ANM,WE,Combined TRACON& Tower with Radar,119,33,9,17,178,0,0,9,26,35,119,33,18,43,213,65,0,65,278
03/03/2017,GEG,WA,ANM,WE,Combined TRACON& Tower with Radar,120,30,17,5,172,8,1,4,4,17,128,31,21,9,189,46,2,48,237
03/04/2017,GEG,WA,ANM,WE,Combined TRACON& Tower with Radar,93,28,3,4,128,13,1,2,6,22,106,29,5,10,150,54,7,61,211
03/05/2017,GEG,WA,ANM,WE,Combined TRACON& Tower with Radar,97,7,12,2,118,1,0,0,6,7,98,7,12,8,125,24,0,24,149
03/06/2017,GEG,WA,ANM,WE,Combined TRACON& Tower with Radar,115,18,24,5,162,0,2,6,5,13,115,20,30,10,175,28,0,28,203
03/07/2017,GEG,WA,ANM,WE,Combined TRACON& Tower with Radar,125,24,10,3,162,0,0,0,0,0,125,24,10,3,162,2,2,4,166
03/08/2017,GEG,WA,ANM,WE,Combined TRACON& Tower with Radar,129,34,10,4,177,2,0,2,7,11,131,34,12,11,188,12,0,12,200
03/09/2017,GEG,WA,ANM,WE,Combined TRACON& Tower with Radar,123,22,11,0,156,0,0,0,0,0,123,22,11,0,156,0,0,0,156
03/10/2017,GEG,WA,ANM,WE,Combined TRACON& Tower with Radar,122,23,15,2,162,7,0,7,7,21,129,23,22,9,183,24,0,24,207
03/11/2017,GEG,WA,ANM,WE,Combined TRACON& Tower with Radar,96,8,11,1,116,2,0,9,6,17,98,8,20,7,133,22,18,40,173
03/12/2017,GEG,WA,ANM,WE,Combined TRACON& Tower with Radar,98,2,3,5,108,3,0,4,11,18,101,2,7,16,126,17,0,17,143
03/13/2017,GEG,WA,ANM,WE,Combined TRACON& Tower with Radar,111,19,12,0,142,1,0,3,2,6,112,19,15,2,148,5,0,5,153
03/14/2017,GEG,WA,ANM,WE,Combined TRACON& Tower with Radar,117,16,10,3,146,2,0,5,7,14,119,16,15,10,160,12,0,12,172
03/15/2017,GEG,WA,ANM,WE,Combined TRACON& Tower with Radar,121,19,15,3,158,0,0,6,6,12,121,19,21,9,170,26,4,30,200
03/16/2017,GEG,WA,ANM,WE,Combined TRACON& Tower with Radar,117,21,17,0,155,1,0,12,5,18,118,21,29,5,173,44,0,44,217
03/17/2017,GEG,WA,ANM,WE,Combined TRACON& Tower with Radar,108,19,9,4,140,0,1,8,4,13,108,20,17,8,153,32,0,32,185
03/18/2017,GEG,WA,ANM,WE,Combined TRACON& Tower with Radar,88,15,11,0,114,0,1,2,0,3,88,16,13,0,117,28,0,28,145
03/19/2017,GEG,WA,ANM,WE,Combined TRACON& Tower with Radar,98,6,9,11,124,0,4,11,9,24,98,10,20,20,148,47,0,47,195
03/20/2017,GEG,WA,ANM,WE,Combined TRACON& Tower with Radar,113,19,16,6,154,1,0,12,16,29,114,19,28,22,183,30,2,32,215
03/21/2017,GEG,WA,ANM,WE,Combined TRACON& Tower with Radar,118,22,15,0,155,0,0,1,4,5,118,22,16,4,160,6,0,6,166
03/22/2017,GEG,WA,ANM,WE,Combined TRACON& Tower with Radar,119,35,20,4,178,0,0,6,1,7,119,35,26,5,185,42,0,42,227
03/23/2017,GEG,WA,ANM,WE,Combined TRACON& Tower with Radar,118,28,20,1,167,0,2,16,1,19,118,30,36,2,186,21,0,21,207
03/24/2017,GEG,WA,ANM,WE,Combined TRACON& Tower with Radar,107,26,17,1,151,0,0,1,0,1,107,26,18,1,152,2,0,2,154
03/25/2017,GEG,WA,ANM,WE,Combined TRACON& Tower with Radar,85,13,12,0,110,0,1,1,0,2,85,14,13,0,112,12,0,12,124
03/26/2017,GEG,WA,ANM,WE,Combined TRACON& Tower with Radar,98,6,10,0,114,0,0,8,0,8,98,6,18,0,122,0,0,0,122
03/27/2017,GEG,WA,ANM,WE,Combined TRACON& Tower with Radar,104,19,11,0,134,0,3,5,2,10,104,22,16,2,144,54,8,62,206
03/28/2017,GEG,WA,ANM,WE,Combined TRACON& Tower with Radar,110,20,18,3,151,0,0,4,1,5,110,20,22,4,156,2,4,6,162
03/29/2017,GEG,WA,ANM,WE,Combined TRACON& Tower with Radar,118,24,19,10,171,0,0,2,1,3,118,24,21,11,174,12,0,12,186
03/30/2017,GEG,WA,ANM,WE,Combined TRACON& Tower with Radar,112,28,33,3,176,0,7,14,6,27,112,35,47,9,203,80,0,80,283
03/31/2017,GEG,WA,ANM,WE,Combined TRACON& Tower with Radar,112,24,19,2,157,0,0,18,5,23,112,24,37,7,180,34,0,34,214
04/01/2017,GEG,WA,ANM,WE,Combined TRACON& Tower with Radar,82,16,12,0,110,0,0,5,0,5,82,16,17,0,115,9,0,9,124
04/02/2017,GEG,WA,ANM,WE,Combined TRACON& Tower with Radar,103,7,8,0,118,0,0,8,0,8,103,7,16,0,126,26,0,26,152
04/03/2017,GEG,WA,ANM,WE,Combined TRACON& Tower with Radar,109,24,11,0,144,0,2,6,0,8,109,26,17,0,152,10,0,10,162
04/04/2017,GEG,WA,ANM,WE,Combined TRACON& Tower with Radar,118,26,14,0,158,0,0,18,2,20,118,26,32,2,178,6,8,14,192
04/05/2017,GEG,WA,ANM,WE,Combined TRACON& Tower with Radar,132,17,18,0,167,0,0,7,1,8,132,17,25,1,175,40,0,40,215
04/06/2017,GEG,WA,ANM,WE,Combined TRACON& Tower with Radar,121,23,14,0,158,0,0,4,1,5,121,23,18,1,163,8,14,22,185
04/07/2017,GEG,WA,ANM,WE,Combined TRACON& Tower with Radar,115,18,16,0,149,0,0,2,0,2,115,18,18,0,151,6,0,6,157
04/08/2017,GEG,WA,ANM,WE,Combined TRACON& Tower with Radar,80,17,7,0,104,0,1,0,0,1,80,18,7,0,105,30,0,30,135
04/09/2017,GEG,WA,ANM,WE,Combined TRACON& Tower with Radar,100,3,14,0,117,0,4,8,0,12,100,7,22,0,129,20,0,20,149
04/10/2017,GEG,WA,ANM,WE,Combined TRACON& Tower with Radar,110,24,5,0,139,0,0,1,1,2,110,24,6,1,141,60,0,60,201
04/11/2017,GEG,WA,ANM,WE,Combined TRACON& Tower with Radar,109,24,14,0,147,0,2,12,1,15,109,26,26,1,162,38,0,38,200
04/12/2017,GEG,WA,ANM,WE,Combined TRACON& Tower with Radar,114,27,11,0,152,0,0,2,0,2,114,27,13,0,154,10,0,10,164
04/13/2017,GEG,WA,ANM,WE,Combined TRACON& Tower with Radar,117,22,18,0,157,0,0,2,0,2,117,22,20,0,159,6,0,6,165
04/14/2017,GEG,WA,ANM,WE,Combined TRACON& Tower with Radar,113,23,15,0,151,0,0,5,1,6,113,23,20,1,157,4,0,4,161
04/15/2017,GEG,WA,ANM,WE,Combined TRACON& Tower with Radar,74,13,16,1,104,0,0,5,0,5,74,13,21,1,109,20,0,20,129
04/16/2017,GEG,WA,ANM,WE,Combined TRACON& Tower with Radar,94,1,10,0,105,0,0,4,0,4,94,1,14,0,109,0,0,0,109
04/17/2017,GEG,WA,ANM,WE,Combined TRACON& Tower with Radar,109,21,8,6,144,0,0,2,0,2,109,21,10,6,146,22,6,28,174
04/18/2017,GEG,WA,ANM,WE,Combined TRACON& Tower with Radar,117,19,11,0,147,0,4,4,0,8,117,23,15,0,155,36,0,36,191
04/19/2017,GEG,WA,ANM,WE,Combined TRACON& Tower with Radar,111,17,10,7,145,1,1,14,4,20,112,18,24,11,165,2,26,28,193
04/20/2017,GEG,WA,ANM,WE,Combined TRACON& Tower with Radar,117,26,18,2,163,0,0,4,0,4,117,26,22,2,167,0,0,0,167
04/21/2017,GEG,WA,ANM,WE,Combined TRACON& Tower with Radar,112,19,32,1,164,0,0,25,6,31,112,19,57,7,195,40,0,40,235
04/22/2017,GEG,WA,ANM,WE,Combined TRACON& Tower with Radar,83,14,14,1,112,7,0,8,0,15,90,14,22,1,127,10,0,10,137
04/23/2017,GEG,WA,ANM,WE,Combined TRACON& Tower with Radar,100,3,10,0,113,0,5,10,0,15,100,8,20,0,128,4,0,4,132
04/24/2017,GEG,WA,ANM,WE,Combined TRACON& Tower with Radar,107,22,12,0,141,1,1,3,0,5,108,23,15,0,146,16,0,16,162
04/25/2017,GEG,WA,ANM,WE,Combined TRACON& Tower with Radar,115,24,15,10,164,1,2,1,6,10,116,26,16,16,174,46,2,48,222
04/26/2017,GEG,WA,ANM,WE,Combined TRACON& Tower with Radar,113,29,11,2,155,0,0,5,6,11,113,29,16,8,166,18,0,18,184
04/27/2017,GEG,WA,ANM,WE,Combined TRACON& Tower with Radar,121,26,16,7,170,0,0,11,3,14,121,26,27,10,184,8,4,12,196
04/28/2017,GEG,WA,ANM,WE,Combined TRACON& Tower with Radar,107,16,20,0,143,0,0,10,2,12,107,16,30,2,155,50,0,50,205
04/29/2017,GEG,WA,ANM,WE,Combined TRACON& Tower with Radar,81,8,12,1,102,0,1,18,2,21,81,9,30,3,123,8,0,8,131
04/30/2017,GEG,WA,ANM,WE,Combined TRACON& Tower with Radar,101,0,6,0,107,0,0,5,0,5,101,0,11,0,112,24,0,24,136
05/01/2017,GEG,WA,ANM,WE,Combined TRACON& Tower with Radar,104,16,10,1,131,0,2,3,0,5,104,18,13,1,136,0,0,0,136
05/02/2017,GEG,WA,ANM,WE,Combined TRACON& Tower with Radar,112,18,8,0,138,0,0,19,2,21,112,18,27,2,159,22,0,22,181
05/03/2017,GEG,WA,ANM,WE,Combined TRACON& Tower with Radar,114,19,15,0,148,0,0,22,0,22,114,19,37,0,170,20,0,20,190
05/04/2017,GEG,WA,ANM,WE,Combined TRACON& Tower with Radar,126,20,22,3,171,0,5,11,0,16,126,25,33,3,187,30,0,30,217
05/05/2017,GEG,WA,ANM,WE,Combined TRACON& Tower with Radar,105,20,8,0,133,0,2,2,2,6,105,22,10,2,139,0,0,0,139
05/06/2017,GEG,WA,ANM,WE,Combined TRACON& Tower with Radar,79,16,8,3,106,0,0,6,2,8,79,16,14,5,114,4,0,4,118
05/07/2017,GEG,WA,ANM,WE,Combined TRACON& Tower with Radar,98,7,15,5,125,1,1,17,2,21,99,8,32,7,146,42,4,46,192
05/08/2017,GEG,WA,ANM,WE,Combined TRACON& Tower with Radar,107,19,11,3,140,0,0,16,2,18,107,19,27,5,158,32,0,32,190
05/09/2017,GEG,WA,ANM,WE,Combined TRACON& Tower with Radar,114,22,18,11,165,0,1,10,2,13,114,23,28,13,178,12,14,26,204
05/10/2017,GEG,WA,ANM,WE,Combined TRACON& Tower with Radar,114,21,12,3,150,3,1,11,4,19,117,22,23,7,169,30,0,30,199
05/11/2017,GEG,WA,ANM,WE,Combined TRACON& Tower with Radar,117,25,10,8,160,1,0,12,15,28,118,25,22,23,188,24,0,24,212
05/12/2017,GEG,WA,ANM,WE,Combined TRACON& Tower with Radar,113,24,27,0,164,1,6,9,6,22,114,30,36,6,186,6,0,6,192
05/13/2017,GEG,WA,ANM,WE,Combined TRACON& Tower with Radar,80,7,13,2,102,0,0,3,0,3,80,7,16,2,105,12,0,12,117
05/14/2017,GEG,WA,ANM,WE,Combined TRACON& Tower with Radar,95,4,6,0,105,0,0,2,0,2,95,4,8,0,107,0,0,0,107
05/15/2017,GEG,WA,ANM,WE,Combined TRACON& Tower with Radar,106,23,12,0,141,0,2,8,2,12,106,25,20,2,153,6,0,6,159
05/16/2017,GEG,WA,ANM,WE,Combined TRACON& Tower with Radar,112,19,23,4,158,0,0,2,0,2,112,19,25,4,160,8,0,8,168
05/17/2017,GEG,WA,ANM,WE,Combined TRACON& Tower with Radar,115,19,16,2,152,0,0,10,0,10,115,19,26,2,162,30,6,36,198
05/18/2017,GEG,WA,ANM,WE,Combined TRACON& Tower with Radar,115,23,26,1,165,0,0,11,2,13,115,23,37,3,178,10,0,10,188
05/19/2017,GEG,WA,ANM,WE,Combined TRACON& Tower with Radar,113,23,19,5,160,0,0,16,0,16,113,23,35,5,176,24,0,24,200
05/20/2017,GEG,WA,ANM,WE,Combined TRACON& Tower with Radar,81,7,4,0,92,0,0,2,0,2,81,7,6,0,94,0,0,0,94
05/21/2017,GEG,WA,ANM,WE,Combined TRACON& Tower with Radar,98,0,10,1,109,0,0,13,0,13,98,0,23,1,122,20,0,20,142
05/22/2017,GEG,WA,ANM,WE,Combined TRACON& Tower with Radar,105,19,24,1,149,0,0,19,1,20,105,19,43,2,169,30,4,34,203
05/23/2017,GEG,WA,ANM,WE,Combined TRACON& Tower with Radar,113,16,13,2,144,0,0,13,3,16,113,16,26,5,160,4,0,4,164
05/24/2017,GEG,WA,ANM,WE,Combined TRACON& Tower with Radar,117,22,17,0,156,0,0,12,0,12,117,22,29,0,168,6,0,6,174
05/25/2017,GEG,WA,ANM,WE,Combined TRACON& Tower with Radar,113,21,15,0,149,0,0,11,0,11,113,21,26,0,160,4,0,4,164
05/26/2017,GEG,WA,ANM,WE,Combined TRACON& Tower with Radar,121,17,11,0,149,0,3,7,0,10,121,20,18,0,159,6,0,6,165
05/27/2017,GEG,WA,ANM,WE,Combined TRACON& Tower with Radar,77,9,7,0,93,0,0,16,0,16,77,9,23,0,109,34,0,34,143
05/28/2017,GEG,WA,ANM,WE,Combined TRACON& Tower with Radar,73,0,6,0,79,0,0,4,0,4,73,0,10,0,83,22,0,22,105
05/29/2017,GEG,WA,ANM,WE,Combined TRACON& Tower with Radar,101,2,5,0,108,0,0,12,0,12,101,2,17,0,120,4,0,4,124
05/30/2017,GEG,WA,ANM,WE,Combined TRACON& Tower with Radar,101,20,9,0,130,0,0,8,0,8,101,20,17,0,138,14,0,14,152
05/31/2017,GEG,WA,ANM,WE,Combined TRACON& Tower with Radar,113,21,16,6,156,0,0,5,0,5,113,21,21,6,161,8,4,12,173
06/01/2017,GEG,WA,ANM,WE,Combined TRACON& Tower with Radar,118,20,15,0,153,0,0,20,0,20,118,20,35,0,173,52,0,52,225
06/02/2017,GEG,WA,ANM,WE,Combined TRACON& Tower with Radar,114,23,8,2,147,5,0,12,3,20,119,23,20,5,167,12,0,12,179
06/03/2017,GEG,WA,ANM,WE,Combined TRACON& Tower with Radar,78,13,4,0,95,0,0,7,2,9,78,13,11,2,104,4,0,4,108
06/04/2017,GEG,WA,ANM,WE,Combined TRACON& Tower with Radar,108,6,8,1,123,0,0,8,0,8,108,6,16,1,131,12,0,12,143
06/05/2017,GEG,WA,ANM,WE,Combined TRACON& Tower with Radar,110,16,17,0,143,0,0,11,4,15,110,16,28,4,158,32,0,32,190
06/06/2017,GEG,WA,ANM,WE,Combined TRACON& Tower with Radar,123,18,8,1,150,0,0,20,0,20,123,18,28,1,170,42,0,42,212
06/07/2017,GEG,WA,ANM,WE,Combined TRACON& Tower with Radar,117,21,20,0,158,0,0,15,0,15,117,21,35,0,173,8,0,8,181
06/08/2017,GEG,WA,ANM,WE,Combined TRACON& Tower with Radar,127,21,17,12,177,0,0,4,0,4,127,21,21,12,181,44,0,44,225
06/09/2017,GEG,WA,ANM,WE,Combined TRACON& Tower with Radar,121,21,10,0,152,0,0,12,0,12,121,21,22,0,164,0,0,0,164
06/10/2017,GEG,WA,ANM,WE,Combined TRACON& Tower with Radar,101,7,7,11,126,3,0,10,6,19,104,7,17,17,145,27,0,27,172
06/11/2017,GEG,WA,ANM,WE,Combined TRACON& Tower with Radar,113,1,7,10,131,4,0,12,5,21,117,1,19,15,152,30,0,30,182
06/12/2017,GEG,WA,ANM,WE,Combined TRACON& Tower with Radar,125,17,22,2,166,0,0,4,4,8,125,17,26,6,174,0,0,0,174
06/13/2017,GEG,WA,ANM,WE,Combined TRACON& Tower with Radar,131,22,13,14,180,0,0,9,0,9,131,22,22,14,189,18,20,38,227
06/14/2017,GEG,WA,ANM,WE,Combined TRACON& Tower with Radar,131,32,21,2,186,0,2,21,9,32,131,34,42,11,218,26,0,26,244
06/15/2017,GEG,WA,ANM,WE,Combined TRACON& Tower with Radar,136,23,22,8,189,1,0,8,2,11,137,23,30,10,200,32,10,42,242
06/16/2017,GEG,WA,ANM,WE,Combined TRACON& Tower with Radar,128,32,20,5,185,0,0,1,1,2,128,32,21,6,187,8,24,32,219
06/17/2017,GEG,WA,ANM,WE,Combined TRACON& Tower with Radar,102,16,10,0,128,0,0,10,10,20,102,16,20,10,148,45,0,45,193
06/18/2017,GEG,WA,ANM,WE,Combined TRACON& Tower with Radar,116,5,2,0,123,1,0,2,6,9,117,5,4,6,132,0,0,0,132
06/19/2017,GEG,WA,ANM,WE,Combined TRACON& Tower with Radar,116,22,6,2,146,1,0,15,9,25,117,22,21,11,171,4,14,18,189
06/20/2017,GEG,WA,ANM,WE,Combined TRACON& Tower with Radar,130,24,14,0,168,0,0,5,0,5,130,24,19,0,173,6,0,6,179
06/21/2017,GEG,WA,ANM,WE,Combined TRACON& Tower with Radar,127,32,22,0,181,0,0,14,7,21,127,32,36,7,202,4,0,4,206
06/22/2017,GEG,WA,ANM,WE,Combined TRACON& Tower with Radar,133,31,15,0,179,0,1,26,5,32,133,32,41,5,211,26,0,26,237
06/23/2017,GEG,WA,ANM,WE,Combined TRACON& Tower with Radar,121,18,14,0,153,0,2,35,0,37,121,20,49,0,190,34,0,34,224
06/24/2017,GEG,WA,ANM,WE,Combined TRACON& Tower with Radar,98,12,15,0,125,0,0,14,0,14,98,12,29,0,139,30,0,30,169
06/25/2017,GEG,WA,ANM,WE,Combined TRACON& Tower with Radar,111,2,13,2,128,0,0,18,0,18,111,2,31,2,146,18,4,22,168
06/26/2017,GEG,WA,ANM,WE,Combined TRACON& Tower with Radar,122,22,18,0,162,0,0,9,3,12,122,22,27,3,174,34,0,34,208
06/27/2017,GEG,WA,ANM,WE,Combined TRACON& Tower with Radar,126,19,8,0,153,0,0,9,0,9,126,19,17,0,162,12,0,12,174
06/28/2017,GEG,WA,ANM,WE,Combined TRACON& Tower with Radar,130,22,12,0,164,0,0,22,0,22,130,22,34,0,186,54,0,54,240
06/29/2017,GEG,WA,ANM,WE,Combined TRACON& Tower with Radar,138,24,15,1,178,0,4,20,8,32,138,28,35,9,210,0,0,0,210
06/30/2017,GEG,WA,ANM,WE,Combined TRACON& Tower with Radar,125,20,17,0,162,4,1,14,3,22,129,21,31,3,184,0,0,0,184
07/01/2017,GEG,WA,ANM,WE,Combined TRACON& Tower with Radar,97,13,5,0,115,0,0,10,3,13,97,13,15,3,128,4,0,4,132
07/02/2017,GEG,WA,ANM,WE,Combined TRACON& Tower with Radar,106,2,10,0,118,0,0,6,0,6,106,2,16,0,124,18,0,18,142
07/03/2017,GEG,WA,ANM,WE,Combined TRACON& Tower with Radar,108,18,3,0,129,0,0,10,0,10,108,18,13,0,139,2,0,2,141
07/04/2017,GEG,WA,ANM,WE,Combined TRACON& Tower with Radar,85,0,5,0,90,0,0,2,1,3,85,0,7,1,93,0,0,0,93
07/05/2017,GEG,WA,ANM,WE,Combined TRACON& Tower with Radar,134,26,8,0,168,0,0,9,0,9,134,26,17,0,177,0,0,0,177
07/06/2017,GEG,WA,ANM,WE,Combined TRACON& Tower with Radar,140,22,9,8,179,0,1,13,2,16,140,23,22,10,195,0,0,0,195
07/07/2017,GEG,WA,ANM,WE,Combined TRACON& Tower with Radar,137,27,20,0,184,0,0,19,5,24,137,27,39,5,208,4,0,4,212
07/08/2017,GEG,WA,ANM,WE,Combined TRACON& Tower with Radar,109,7,13,0,129,0,0,8,4,12,109,7,21,4,141,8,0,8,149
07/09/2017,GEG,WA,ANM,WE,Combined TRACON& Tower with Radar,122,4,5,0,131,0,0,8,1,9,122,4,13,1,140,5,0,5,145
07/10/2017,GEG,WA,ANM,WE,Combined TRACON& Tower with Radar,123,20,18,0,161,1,0,12,1,14,124,20,30,1,175,0,0,0,175
07/11/2017,GEG,WA,ANM,WE,Combined TRACON& Tower with Radar,132,22,7,0,161,0,0,11,1,12,132,22,18,1,173,2,0,2,175
07/12/2017,GEG,WA,ANM,WE,Combined TRACON& Tower with Radar,136,21,14,0,171,0,1,14,1,16,136,22,28,1,187,48,0,48,235
07/13/2017,GEG,WA,ANM,WE,Combined TRACON& Tower with Radar,148,18,21,2,189,0,0,16,0,16,148,18,37,2,205,20,0,20,225
07/14/2017,GEG,WA,ANM,WE,Combined TRACON& Tower with Radar,127,21,9,6,163,0,0,12,2,14,127,21,21,8,177,12,0,12,189
07/15/2017,GEG,WA,ANM,WE,Combined TRACON& Tower with Radar,111,7,7,0,125,0,0,12,0,12,111,7,19,0,137,8,0,8,145
07/16/2017,GEG,WA,ANM,WE,Combined TRACON& Tower with Radar,122,2,7,0,131,0,0,16,0,16,122,2,23,0,147,4,0,4,151
07/17/2017,GEG,WA,ANM,WE,Combined TRACON& Tower with Radar,124,19,21,1,165,0,0,36,1,37,124,19,57,2,202,54,0,54,256
07/18/2017,GEG,WA,ANM,WE,Combined TRACON& Tower with Radar,141,24,15,1,181,0,2,25,0,27,141,26,40,1,208,78,0,78,286
07/19/2017,GEG,WA,ANM,WE,Combined TRACON& Tower with Radar,134,27,32,0,193,0,3,20,0,23,134,30,52,0,216,36,0,36,252
07/20/2017,GEG,WA,ANM,WE,Combined TRACON& Tower with Radar,140,27,20,4,191,0,1,32,2,35,140,28,52,6,226,52,4,56,282
07/21/2017,GEG,WA,ANM,WE,Combined TRACON& Tower with Radar,126,28,30,0,184,0,2,19,2,23,126,30,49,2,207,12,0,12,219
07/22/2017,GEG,WA,ANM,WE,Combined TRACON& Tower with Radar,109,12,10,2,133,0,0,22,2,24,109,12,32,4,157,11,0,11,168
07/23/2017,GEG,WA,ANM,WE,Combined TRACON& Tower with Radar,118,5,9,1,133,0,0,8,0,8,118,5,17,1,141,18,0,18,159
07/24/2017,GEG,WA,ANM,WE,Combined TRACON& Tower with Radar,132,17,8,0,157,0,2,10,2,14,132,19,18,2,171,0,6,6,177
07/25/2017,GEG,WA,ANM,WE,Combined TRACON& Tower with Radar,140,25,8,8,181,0,1,14,0,15,140,26,22,8,196,30,12,42,238
07/26/2017,GEG,WA,ANM,WE,Combined TRACON& Tower with Radar,136,35,26,0,197,0,1,12,2,15,136,36,38,2,212,12,0,12,224
07/27/2017,GEG,WA,ANM,WE,Combined TRACON& Tower with Radar,138,24,16,1,179,0,0,19,0,19,138,24,35,1,198,10,0,10,208
07/28/2017,GEG,WA,ANM,WE,Combined TRACON& Tower with Radar,128,21,11,7,167,0,0,6,0,6,128,21,17,7,173,2,6,8,181
07/29/2017,GEG,WA,ANM,WE,Combined TRACON& Tower with Radar,109,5,3,1,118,0,0,4,1,5,109,5,7,2,123,7,1,8,131
07/30/2017,GEG,WA,ANM,WE,Combined TRACON& Tower with Radar,122,4,6,0,132,0,0,12,1,13,122,4,18,1,145,0,0,0,145
07/31/2017,GEG,WA,ANM,WE,Combined TRACON& Tower with Radar,127,21,13,2,163,0,0,14,0,14,127,21,27,2,177,0,0,0,177
08/01/2017,GEG,WA,ANM,WE,Combined TRACON& Tower with Radar,138,21,14,5,178,0,1,15,0,16,138,22,29,5,194,4,2,6,200
08/02/2017,GEG,WA,ANM,WE,Combined TRACON& Tower with Radar,139,21,7,13,180,0,0,12,1,13,139,21,19,14,193,0,14,14,207
08/03/2017,GEG,WA,ANM,WE,Combined TRACON& Tower with Radar,118,20,24,3,165,0,2,22,2,26,118,22,46,5,191,31,43,74,265
08/04/2017,GEG,WA,ANM,WE,Combined TRACON& Tower with Radar,128,25,35,0,188,0,0,22,0,22,128,25,57,0,210,22,0,22,232
08/05/2017,GEG,WA,ANM,WE,Combined TRACON& Tower with Radar,113,20,8,0,141,0,1,2,2,5,113,21,10,2,146,14,0,14,160
08/06/2017,GEG,WA,ANM,WE,Combined TRACON& Tower with Radar,114,4,9,0,127,0,1,10,1,12,114,5,19,1,139,10,0,10,149
08/07/2017,GEG,WA,ANM,WE,Combined TRACON& Tower with Radar,121,24,10,0,155,0,0,10,0,10,121,24,20,0,165,10,0,10,175
08/08/2017,GEG,WA,ANM,WE,Combined TRACON& Tower with Radar,127,28,16,3,174,0,0,13,3,16,127,28,29,6,190,14,8,22,212
08/09/2017,GEG,WA,ANM,WE,Combined TRACON& Tower with Radar,135,30,26,0,191,0,0,7,2,9,135,30,33,2,200,14,10,24,224
08/10/2017,GEG,WA,ANM,WE,Combined TRACON& Tower with Radar,130,20,20,1,171,0,0,12,2,14,130,20,32,3,185,0,0,0,185
08/11/2017,GEG,WA,ANM,WE,Combined TRACON& Tower with Radar,124,25,24,6,179,0,0,5,7,12,124,25,29,13,191,6,6,12,203
08/12/2017,GEG,WA,ANM,WE,Combined TRACON& Tower with Radar,117,11,14,7,149,0,0,10,8,18,117,11,24,15,167,5,6,11,178
08/13/2017,GEG,WA,ANM,WE,Combined TRACON& Tower with Radar,121,1,17,1,140,0,0,9,1,10,121,1,26,2,150,2,0,2,152
08/14/2017,GEG,WA,ANM,WE,Combined TRACON& Tower with Radar,119,19,18,12,168,0,2,9,3,14,119,21,27,15,182,18,28,46,228
08/15/2017,GEG,WA,ANM,WE,Combined TRACON& Tower with Radar,134,21,17,4,176,0,4,12,2,18,134,25,29,6,194,24,0,24,218
08/16/2017,GEG,WA,ANM,WE,Combined TRACON& Tower with Radar,129,21,10,13,173,0,0,21,0,21,129,21,31,13,194,24,4,28,222
08/17/2017,GEG,WA,ANM,WE,Combined TRACON& Tower with Radar,136,21,12,13,182,0,0,21,1,22,136,21,33,14,204,18,0,18,222
08/18/2017,GEG,WA,ANM,WE,Combined TRACON& Tower with Radar,128,21,19,2,170,0,0,21,1,22,128,21,40,3,192,12,0,12,204
08/19/2017,GEG,WA,ANM,WE,Combined TRACON& Tower with Radar,109,20,9,0,138,0,0,14,0,14,109,20,23,0,152,0,10,10,162
08/20/2017,GEG,WA,ANM,WE,Combined TRACON& Tower with Radar,118,6,13,0,137,0,0,15,0,15,118,6,28,0,152,0,0,0,152
08/21/2017,GEG,WA,ANM,WE,Combined TRACON& Tower with Radar,118,19,18,0,155,0,0,20,0,20,118,19,38,0,175,22,0,22,197
08/22/2017,GEG,WA,ANM,WE,Combined TRACON& Tower with Radar,134,24,12,6,176,0,2,19,2,23,134,26,31,8,199,4,20,24,223
08/23/2017,GEG,WA,ANM,WE,Combined TRACON& Tower with Radar,134,30,24,8,196,0,0,16,1,17,134,30,40,9,213,42,8,50,263
08/24/2017,GEG,WA,ANM,WE,Combined TRACON& Tower with Radar,131,26,19,0,176,0,0,15,0,15,131,26,34,0,191,0,0,0,191
08/25/2017,GEG,WA,ANM,WE,Combined TRACON& Tower with Radar,127,22,9,0,158,1,0,27,0,28,128,22,36,0,186,4,0,4,190
08/26/2017,GEG,WA,ANM,WE,Combined TRACON& Tower with Radar,105,15,18,0,138,0,0,22,0,22,105,15,40,0,160,8,0,8,168
08/27/2017,GEG,WA,ANM,WE,Combined TRACON& Tower with Radar,116,8,8,0,132,0,0,8,0,8,116,8,16,0,140,0,0,0,140
08/28/2017,GEG,WA,ANM,WE,Combined TRACON& Tower with Radar,120,23,18,0,161,1,2,17,2,22,121,25,35,2,183,34,0,34,217
08/29/2017,GEG,WA,ANM,WE,Combined TRACON& Tower with Radar,129,22,17,2,170,0,0,14,0,14,129,22,31,2,184,6,0,6,190
08/30/2017,GEG,WA,ANM,WE,Combined TRACON& Tower with Radar,130,23,21,0,174,0,0,10,1,11,130,23,31,1,185,2,0,2,187
08/31/2017,GEG,WA,ANM,WE,Combined TRACON& Tower with Radar,128,34,21,0,183,0,0,18,0,18,128,34,39,0,201,0,0,0,201
09/01/2017,GEG,WA,ANM,WE,Combined TRACON& Tower with Radar,123,21,7,0,151,0,0,24,0,24,123,21,31,0,175,4,0,4,179
09/02/2017,GEG,WA,ANM,WE,Combined TRACON& Tower with Radar,92,18,5,0,115,0,0,15,0,15,92,18,20,0,130,24,0,24,154
09/03/2017,GEG,WA,ANM,WE,Combined TRACON& Tower with Radar,99,3,4,0,106,0,0,1,0,1,99,3,5,0,107,4,0,4,111
09/04/2017,GEG,WA,ANM,WE,Combined TRACON& Tower with Radar,104,11,2,0,117,0,0,5,0,5,104,11,7,0,122,10,0,10,132
09/05/2017,GEG,WA,ANM,WE,Combined TRACON& Tower with Radar,104,30,8,0,142,0,0,0,0,0,104,30,8,0,142,0,0,0,142
09/06/2017,GEG,WA,ANM,WE,Combined TRACON& Tower with Radar,122,34,25,0,181,0,0,0,0,0,122,34,25,0,181,10,0,10,191
09/07/2017,GEG,WA,ANM,WE,Combined TRACON& Tower with Radar,122,34,25,3,184,0,0,0,0,0,122,34,25,3,184,4,2,6,190
09/08/2017,GEG,WA,ANM,WE,Combined TRACON& Tower with Radar,115,30,16,0,161,0,0,5,2,7,115,30,21,2,168,0,0,0,168
09/09/2017,GEG,WA,ANM,WE,Combined TRACON& Tower with Radar,92,21,21,0,134,1,0,12,1,14,93,21,33,1,148,48,0,48,196
09/10/2017,GEG,WA,ANM,WE,Combined TRACON& Tower with Radar,102,13,12,1,128,0,0,12,2,14,102,13,24,3,142,4,0,4,146
09/11/2017,GEG,WA,ANM,WE,Combined TRACON& Tower with Radar,118,38,8,0,164,0,0,18,1,19,118,38,26,1,183,14,0,14,197
09/12/2017,GEG,WA,ANM,WE,Combined TRACON& Tower with Radar,122,31,9,7,169,0,0,17,7,24,122,31,26,14,193,22,4,26,219
09/13/2017,GEG,WA,ANM,WE,Combined TRACON& Tower with Radar,118,35,20,1,174,0,1,15,0,16,118,36,35,1,190,14,0,14,204
09/14/2017,GEG,WA,ANM,WE,Combined TRACON& Tower with Radar,126,32,20,7,185,0,0,10,0,10,126,32,30,7,195,0,0,0,195
09/15/2017,GEG,WA,ANM,WE,Combined TRACON& Tower with Radar,120,31,24,0,175,2,0,16,1,19,122,31,40,1,194,10,0,10,204
09/16/2017,GEG,WA,ANM,WE,Combined TRACON& Tower with Radar,89,23,21,0,133,1,0,16,0,17,90,23,37,0,150,39,0,39,189
09/17/2017,GEG,WA,ANM,WE,Combined TRACON& Tower with Radar,104,9,7,4,124,0,0,13,0,13,104,9,20,4,137,2,0,2,139
09/18/2017,GEG,WA,ANM,WE,Combined TRACON& Tower with Radar,100,29,8,6,143,0,0,7,1,8,100,29,15,7,151,0,0,0,151
09/19/2017,GEG,WA,ANM,WE,Combined TRACON& Tower with Radar,123,39,16,0,178,0,0,3,0,3,123,39,19,0,181,8,0,8,189
09/20/2017,GEG,WA,ANM,WE,Combined TRACON& Tower with Radar,118,30,10,2,160,0,0,4,0,4,118,30,14,2,164,0,0,0,164
09/21/2017,GEG,WA,ANM,WE,Combined TRACON& Tower with Radar,125,30,14,1,170,0,0,5,0,5,125,30,19,1,175,14,0,14,189
09/22/2017,GEG,WA,ANM,WE,Combined TRACON& Tower with Radar,108,39,26,1,174,0,2,17,2,21,108,41,43,3,195,4,0,4,199
09/23/2017,GEG,WA,ANM,WE,Combined TRACON& Tower with Radar,79,30,7,2,118,0,0,9,0,9,79,30,16,2,127,41,0,41,168
09/24/2017,GEG,WA,ANM,WE,Combined TRACON& Tower with Radar,98,13,13,0,124,0,0,4,0,4,98,13,17,0,128,0,0,0,128
09/25/2017,GEG,WA,ANM,WE,Combined TRACON& Tower with Radar,106,31,13,0,150,0,0,8,0,8,106,31,21,0,158,20,0,20,178
09/26/2017,GEG,WA,ANM,WE,Combined TRACON& Tower with Radar,117,38,19,4,178,0,2,15,1,18,117,40,34,5,196,14,0,14,210
09/27/2017,GEG,WA,ANM,WE,Combined TRACON& Tower with Radar,120,36,14,0,170,0,0,11,0,11,120,36,25,0,181,6,0,6,187
09/28/2017,GEG,WA,ANM,WE,Combined TRACON& Tower with Radar,120,38,6,3,167,0,2,13,1,16,120,40,19,4,183,24,0,24,207
09/29/2017,GEG,WA,ANM,WE,Combined TRACON& Tower with Radar,123,34,22,0,179,0,0,16,2,18,123,34,38,2,197,47,1,48,245
09/30/2017,GEG,WA,ANM,WE,Combined TRACON& Tower with Radar,87,19,9,1,116,0,0,9,0,9,87,19,18,1,125,26,0,26,151
10/01/2017,GEG,WA,ANM,WE,Combined TRACON& Tower with Radar,92,10,10,0,112,0,0,8,0,8,92,10,18,0,120,26,0,26,146
10/02/2017,GEG,WA,ANM,WE,Combined TRACON& Tower with Radar,96,26,15,5,142,0,0,5,1,6,96,26,20,6,148,16,22,38,186
10/03/2017,GEG,WA,ANM,WE,Combined TRACON& Tower with Radar,108,37,29,0,174,0,0,25,0,25,108,37,54,0,199,60,0,60,259
10/04/2017,GEG,WA,ANM,WE,Combined TRACON& Tower with Radar,112,41,16,11,180,0,0,18,3,21,112,41,34,14,201,46,12,58,259
10/05/2017,GEG,WA,ANM,WE,Combined TRACON& Tower with Radar,111,34,12,4,161,0,0,14,1,15,111,34,26,5,176,3,0,3,179
10/06/2017,GEG,WA,ANM,WE,Combined TRACON& Tower with Radar,105,31,16,0,152,0,0,11,0,11,105,31,27,0,163,2,0,2,165
10/07/2017,GEG,WA,ANM,WE,Combined TRACON& Tower with Radar,85,13,6,0,104,0,0,6,0,6,85,13,12,0,110,14,0,14,124
10/08/2017,GEG,WA,ANM,WE,Combined TRACON& Tower with Radar,95,14,10,0,119,0,0,7,0,7,95,14,17,0,126,4,8,12,138
10/09/2017,GEG,WA,ANM,WE,Combined TRACON& Tower with Radar,102,40,8,2,152,0,0,16,0,16,102,40,24,2,168,67,0,67,235
10/10/2017,GEG,WA,ANM,WE,Combined TRACON& Tower with Radar,108,37,17,2,164,0,2,11,3,16,108,39,28,5,180,70,0,70,250
10/11/2017,GEG,WA,ANM,WE,Combined TRACON& Tower with Radar,116,20,11,0,147,0,0,14,0,14,116,20,25,0,161,30,0,30,191
10/12/2017,GEG,WA,ANM,WE,Combined TRACON& Tower with Radar,115,26,9,14,164,0,0,1,0,1,115,26,10,14,165,0,0,0,165
10/13/2017,GEG,WA,ANM,WE,Combined TRACON& Tower with Radar,111,39,8,10,168,0,0,4,0,4,111,39,12,10,172,44,12,56,228
10/14/2017,GEG,WA,ANM,WE,Combined TRACON& Tower with Radar,82,21,21,0,124,0,0,10,0,10,82,21,31,0,134,8,0,8,142
10/15/2017,GEG,WA,ANM,WE,Combined TRACON& Tower with Radar,88,13,20,0,121,0,0,21,2,23,88,13,41,2,144,50,0,50,194
10/16/2017,GEG,WA,ANM,WE,Combined TRACON& Tower with Radar,108,20,24,18,170,0,0,27,0,27,108,20,51,18,197,76,12,88,285
10/17/2017,GEG,WA,ANM,WE,Combined TRACON& Tower with Radar,110,25,8,6,149,0,0,9,0,9,110,25,17,6,158,8,0,8,166
10/18/2017,GEG,WA,ANM,WE,Combined TRACON& Tower with Radar,106,42,19,0,167,0,0,11,1,12,106,42,30,1,179,8,0,8,187
10/19/2017,GEG,WA,ANM,WE,Combined TRACON& Tower with Radar,121,21,19,0,161,0,0,3,0,3,121,21,22,0,164,6,0,6,170
10/20/2017,GEG,WA,ANM,WE,Combined TRACON& Tower with Radar,109,30,15,2,156,0,0,1,0,1,109,30,16,2,157,36,0,36,193
10/21/2017,GEG,WA,ANM,WE,Combined TRACON& Tower with Radar,83,32,6,0,121,0,0,3,0,3,83,32,9,0,124,44,0,44,168
10/22/2017,GEG,WA,ANM,WE,Combined TRACON& Tower with Radar,91,12,10,0,113,0,0,1,0,1,91,12,11,0,114,0,0,0,114
10/23/2017,GEG,WA,ANM,WE,Combined TRACON& Tower with Radar,104,31,15,0,150,0,2,10,1,13,104,33,25,1,163,50,0,50,213
10/24/2017,GEG,WA,ANM,WE,Combined TRACON& Tower with Radar,116,25,13,0,154,0,0,9,1,10,116,25,22,1,164,22,0,22,186
10/25/2017,GEG,WA,ANM,WE,Combined TRACON& Tower with Radar,102,40,21,3,166,0,2,12,2,16,102,42,33,5,182,46,0,46,228
10/26/2017,GEG,WA,ANM,WE,Combined TRACON& Tower with Radar,116,35,18,6,175,0,0,24,6,30,116,35,42,12,205,46,0,46,251
10/27/2017,GEG,WA,ANM,WE,Combined TRACON& Tower with Radar,101,30,11,2,144,0,3,13,1,17,101,33,24,3,161,12,0,12,173
10/28/2017,GEG,WA,ANM,WE,Combined TRACON& Tower with Radar,79,22,5,0,106,0,0,14,0,14,79,22,19,0,120,12,0,12,132
10/29/2017,GEG,WA,ANM,WE,Combined TRACON& Tower with Radar,88,13,3,0,104,0,0,4,0,4,88,13,7,0,108,10,0,10,118
10/30/2017,GEG,WA,ANM,WE,Combined TRACON& Tower with Radar,100,23,9,0,132,0,0,6,0,6,100,23,15,0,138,22,0,22,160
10/31/2017,GEG,WA,ANM,WE,Combined TRACON& Tower with Radar,99,27,13,0,139,0,0,8,0,8,99,27,21,0,147,14,0,14,161
11/01/2017,GEG,WA,ANM,WE,Combined TRACON& Tower with Radar,101,56,15,0,172,0,2,7,0,9,101,58,22,0,181,24,0,24,205
11/02/2017,GEG,WA,ANM,WE,Combined TRACON& Tower with Radar,109,36,17,0,162,0,0,2,0,2,109,36,19,0,164,0,0,0,164
11/03/2017,GEG,WA,ANM,WE,Combined TRACON& Tower with Radar,88,30,10,8,136,0,0,0,0,0,88,30,10,8,136,0,8,8,144
11/04/2017,GEG,WA,ANM,WE,Combined TRACON& Tower with Radar,85,16,1,0,102,0,0,2,0,2,85,16,3,0,104,18,22,40,144
11/05/2017,GEG,WA,ANM,WE,Combined TRACON& Tower with Radar,94,17,9,0,120,0,0,0,0,0,94,17,9,0,120,0,0,0,120
11/06/2017,GEG,WA,ANM,WE,Combined TRACON& Tower with Radar,116,22,8,0,146,0,0,4,0,4,116,22,12,0,150,2,0,2,152
11/07/2017,GEG,WA,ANM,WE,Combined TRACON& Tower with Radar,122,22,12,4,160,0,0,8,0,8,122,22,20,4,168,6,0,6,174
11/08/2017,GEG,WA,ANM,WE,Combined TRACON& Tower with Radar,122,27,21,0,170,0,0,13,1,14,122,27,34,1,184,8,0,8,192
11/09/2017,GEG,WA,ANM,WE,Combined TRACON& Tower with Radar,122,34,8,2,166,0,0,1,0,1,122,34,9,2,167,0,0,0,167
11/10/2017,GEG,WA,ANM,WE,Combined TRACON& Tower with Radar,121,30,14,0,165,0,0,0,0,0,121,30,14,0,165,0,0,0,165
11/11/2017,GEG,WA,ANM,WE,Combined TRACON& Tower with Radar,101,21,7,0,129,0,0,2,0,2,101,21,9,0,131,22,0,22,153
11/12/2017,GEG,WA,ANM,WE,Combined TRACON& Tower with Radar,110,8,5,2,125,0,0,8,1,9,110,8,13,3,134,12,0,12,146
11/13/2017,GEG,WA,ANM,WE,Combined TRACON& Tower with Radar,126,32,14,0,172,0,0,1,1,2,126,32,15,1,174,10,0,10,184
11/14/2017,GEG,WA,ANM,WE,Combined TRACON& Tower with Radar,120,25,15,2,162,0,1,6,1,8,120,26,21,3,170,12,0,12,182
11/15/2017,GEG,WA,ANM,WE,Combined TRACON& Tower with Radar,125,32,22,0,179,0,0,7,1,8,125,32,29,1,187,12,0,12,199
11/16/2017,GEG,WA,ANM,WE,Combined TRACON& Tower with Radar,124,25,7,14,170,0,0,1,0,1,124,25,8,14,171,14,8,22,193
11/17/2017,GEG,WA,ANM,WE,Combined TRACON& Tower with Radar,117,24,16,8,165,0,0,14,1,15,117,24,30,9,180,18,0,18,198
11/18/2017,GEG,WA,ANM,WE,Combined TRACON& Tower with Radar,106,17,16,0,139,0,0,4,0,4,106,17,20,0,143,2,0,2,145
11/19/2017,GEG,WA,ANM,WE,Combined TRACON& Tower with Radar,107,8,5,0,120,0,0,7,0,7,107,8,12,0,127,8,0,8,135
11/20/2017,GEG,WA,ANM,WE,Combined TRACON& Tower with Radar,119,40,9,12,180,0,0,0,0,0,119,40,9,12,180,14,16,30,210
11/21/2017,GEG,WA,ANM,WE,Combined TRACON& Tower with Radar,125,39,8,2,174,0,0,0,0,0,125,39,8,2,174,2,0,2,176
11/22/2017,GEG,WA,ANM,WE,Combined TRACON& Tower with Radar,125,41,15,0,181,0,0,2,0,2,125,41,17,0,183,0,0,0,183
11/23/2017,GEG,WA,ANM,WE,Combined TRACON& Tower with Radar,70,9,3,0,82,0,0,0,0,0,70,9,3,0,82,0,0,0,82
11/24/2017,GEG,WA,ANM,WE,Combined TRACON& Tower with Radar,85,42,10,0,137,0,0,8,0,8,85,42,18,0,145,16,0,16,161
11/25/2017,GEG,WA,ANM,WE,Combined TRACON& Tower with Radar,115,21,10,0,146,0,0,6,0,6,115,21,16,0,152,2,0,2,154
11/26/2017,GEG,WA,ANM,WE,Combined TRACON& Tower with Radar,122,11,14,0,147,0,0,4,0,4,122,11,18,0,151,8,0,8,159
11/27/2017,GEG,WA,ANM,WE,Combined TRACON& Tower with Radar,124,50,8,5,187,0,0,7,0,7,124,50,15,5,194,22,0,22,216
11/28/2017,GEG,WA,ANM,WE,Combined TRACON& Tower with Radar,126,51,14,0,191,0,0,2,0,2,126,51,16,0,193,8,0,8,201
11/29/2017,GEG,WA,ANM,WE,Combined TRACON& Tower with Radar,123,40,10,2,175,0,1,16,0,17,123,41,26,2,192,24,0,24,216
11/30/2017,GEG,WA,ANM,WE,Combined TRACON& Tower with Radar,126,39,15,10,190,0,0,5,0,5,126,39,20,10,195,8,8,16,211
12/01/2017,GEG,WA,ANM,WE,Combined TRACON& Tower with Radar,126,38,15,20,199,0,0,4,0,4,126,38,19,20,203,2,14,16,219
12/02/2017,GEG,WA,ANM,WE,Combined TRACON& Tower with Radar,106,26,13,0,145,0,0,0,0,0,106,26,13,0,145,10,0,10,155
12/03/2017,GEG,WA,ANM,WE,Combined TRACON& Tower with Radar,106,6,13,0,125,0,0,0,0,0,106,6,13,0,125,12,0,12,137
12/04/2017,GEG,WA,ANM,WE,Combined TRACON& Tower with Radar,109,30,10,20,169,0,0,3,1,4,109,30,13,21,173,0,0,0,173
12/05/2017,GEG,WA,ANM,WE,Combined TRACON& Tower with Radar,125,42,15,0,182,0,0,7,0,7,125,42,22,0,189,8,0,8,197
12/06/2017,GEG,WA,ANM,WE,Combined TRACON& Tower with Radar,133,43,24,7,207,0,3,7,1,11,133,46,31,8,218,12,8,20,238
12/07/2017,GEG,WA,ANM,WE,Combined TRACON& Tower with Radar,123,47,4,2,176,1,0,6,1,8,124,47,10,3,184,6,6,12,196
12/08/2017,GEG,WA,ANM,WE,Combined TRACON& Tower with Radar,131,42,7,17,197,0,0,6,0,6,131,42,13,17,203,6,10,16,219
12/09/2017,GEG,WA,ANM,WE,Combined TRACON& Tower with Radar,101,13,7,2,123,0,0,0,0,0,101,13,7,2,123,0,0,0,123
12/10/2017,GEG,WA,ANM,WE,Combined TRACON& Tower with Radar,105,6,12,0,123,0,0,0,0,0,105,6,12,0,123,0,0,0,123
12/11/2017,GEG,WA,ANM,WE,Combined TRACON& Tower with Radar,114,33,12,0,159,0,0,0,0,0,114,33,12,0,159,8,0,8,167
12/12/2017,GEG,WA,ANM,WE,Combined TRACON& Tower with Radar,124,36,16,0,176,0,0,0,0,0,124,36,16,0,176,0,0,0,176
12/13/2017,GEG,WA,ANM,WE,Combined TRACON& Tower with Radar,124,41,17,0,182,0,0,1,0,1,124,41,18,0,183,0,0,0,183
12/14/2017,GEG,WA,ANM,WE,Combined TRACON& Tower with Radar,133,37,11,1,182,0,0,0,0,0,133,37,11,1,182,0,0,0,182
12/15/2017,GEG,WA,ANM,WE,Combined TRACON& Tower with Radar,130,30,10,0,170,0,0,0,0,0,130,30,10,0,170,0,0,0,170
12/16/2017,GEG,WA,ANM,WE,Combined TRACON& Tower with Radar,105,22,8,0,135,0,0,0,0,0,105,22,8,0,135,0,0,0,135
12/17/2017,GEG,WA,ANM,WE,Combined TRACON& Tower with Radar,110,5,1,0,116,0,0,0,0,0,110,5,1,0,116,0,0,0,116
12/18/2017,GEG,WA,ANM,WE,Combined TRACON& Tower with Radar,120,33,12,0,165,0,0,2,0,2,120,33,14,0,167,0,0,0,167
12/19/2017,GEG,WA,ANM,WE,Combined TRACON& Tower with Radar,129,42,12,0,183,0,0,0,0,0,129,42,12,0,183,0,0,0,183
12/20/2017,GEG,WA,ANM,WE,Combined TRACON& Tower with Radar,135,39,14,22,210,0,1,5,1,7,135,40,19,23,217,4,18,22,239
12/21/2017,GEG,WA,ANM,WE,Combined TRACON& Tower with Radar,131,35,15,5,186,1,0,11,0,12,132,35,26,5,198,14,0,14,212
12/22/2017,GEG,WA,ANM,WE,Combined TRACON& Tower with Radar,142,38,12,0,192,0,0,0,0,0,142,38,12,0,192,0,0,0,192
12/23/2017,GEG,WA,ANM,WE,Combined TRACON& Tower with Radar,129,29,11,0,169,0,1,9,1,11,129,30,20,1,180,0,0,0,180
12/24/2017,GEG,WA,ANM,WE,Combined TRACON& Tower with Radar,97,8,1,0,106,0,0,2,0,2,97,8,3,0,108,1,0,1,109
12/25/2017,GEG,WA,ANM,WE,Combined TRACON& Tower with Radar,86,9,1,0,96,0,0,0,0,0,86,9,1,0,96,0,0,0,96
12/26/2017,GEG,WA,ANM,WE,Combined TRACON& Tower with Radar,120,41,11,0,172,0,0,0,0,0,120,41,11,0,172,0,0,0,172
12/27/2017,GEG,WA,ANM,WE,Combined TRACON& Tower with Radar,124,40,7,0,171,0,0,0,0,0,124,40,7,0,171,0,0,0,171
12/28/2017,GEG,WA,ANM,WE,Combined TRACON& Tower with Radar,121,47,13,0,181,0,0,0,0,0,121,47,13,0,181,0,0,0,181
12/29/2017,GEG,WA,ANM,WE,Combined TRACON& Tower with Radar,120,13,4,0,137,0,0,0,0,0,120,13,4,0,137,0,0,0,137
12/30/2017,GEG,WA,ANM,WE,Combined TRACON& Tower with Radar,115,23,13,0,151,0,0,0,0,0,115,23,13,0,151,0,0,0,151
12/31/2017,GEG,WA,ANM,WE,Combined TRACON& Tower with Radar,97,2,3,0,102,0,0,6,1,7,97,2,9,1,109,0,0,0,109
01/01/2018,GEG,WA,ANM,WE,Combined TRACON& Tower with Radar,92,2,2,0,96,0,0,0,0,0,92,2,2,0,96,0,0,0,96
01/02/2018,GEG,WA,ANM,WE,Combined TRACON& Tower with Radar,113,24,8,0,145,0,0,2,0,2,113,24,10,0,147,4,0,4,151
01/03/2018,GEG,WA,ANM,WE,Combined TRACON& Tower with Radar,122,28,12,0,162,0,0,10,0,10,122,28,22,0,172,18,0,18,190
01/04/2018,GEG,WA,ANM,WE,Combined TRACON& Tower with Radar,130,20,4,0,154,0,0,0,1,1,130,20,4,1,155,0,0,0,155
01/05/2018,GEG,WA,ANM,WE,Combined TRACON& Tower with Radar,122,19,9,0,150,0,0,0,0,0,122,19,9,0,150,4,0,4,154
01/06/2018,GEG,WA,ANM,WE,Combined TRACON& Tower with Radar,101,11,0,0,112,0,0,0,0,0,101,11,0,0,112,0,0,0,112
01/07/2018,GEG,WA,ANM,WE,Combined TRACON& Tower with Radar,115,6,3,0,124,0,0,0,0,0,115,6,3,0,124,0,0,0,124
01/08/2018,GEG,WA,ANM,WE,Combined TRACON& Tower with Radar,102,6,3,0,111,0,0,0,0,0,102,6,3,0,111,0,0,0,111
01/09/2018,GEG,WA,ANM,WE,Combined TRACON& Tower with Radar,131,32,12,0,175,0,0,0,0,0,131,32,12,0,175,0,0,0,175
01/10/2018,GEG,WA,ANM,WE,Combined TRACON& Tower with Radar,127,22,21,0,170,0,0,7,1,8,127,22,28,1,178,14,38,52,230
01/11/2018,GEG,WA,ANM,WE,Combined TRACON& Tower with Radar,133,22,15,0,170,0,0,0,0,0,133,22,15,0,170,0,0,0,170
01/12/2018,GEG,WA,ANM,WE,Combined TRACON& Tower with Radar,112,12,9,0,133,0,0,0,0,0,112,12,9,0,133,0,0,0,133
01/13/2018,GEG,WA,ANM,WE,Combined TRACON& Tower with Radar,98,6,3,0,107,0,0,0,0,0,98,6,3,0,107,0,0,0,107
01/14/2018,GEG,WA,ANM,WE,Combined TRACON& Tower with Radar,108,3,4,0,115,0,0,3,0,3,108,3,7,0,118,6,0,6,124
01/15/2018,GEG,WA,ANM,WE,Combined TRACON& Tower with Radar,116,20,6,1,143,0,0,11,4,15,116,20,17,5,158,16,0,16,174
01/16/2018,GEG,WA,ANM,WE,Combined TRACON& Tower with Radar,128,20,12,0,160,0,0,0,0,0,128,20,12,0,160,0,0,0,160
01/17/2018,GEG,WA,ANM,WE,Combined TRACON& Tower with Radar,127,21,13,8,169,0,0,9,0,9,127,21,22,8,178,14,8,22,200
01/18/2018,GEG,WA,ANM,WE,Combined TRACON& Tower with Radar,128,27,17,3,175,0,0,0,0,0,128,27,17,3,175,0,0,0,175
01/19/2018,GEG,WA,ANM,WE,Combined TRACON& Tower with Radar,123,24,22,0,169,0,0,0,0,0,123,24,22,0,169,0,0,0,169
01/20/2018,GEG,WA,ANM,WE,Combined TRACON& Tower with Radar,96,12,5,0,113,0,0,0,0,0,96,12,5,0,113,0,0,0,113
01/21/2018,GEG,WA,ANM,WE,Combined TRACON& Tower with Radar,114,1,8,0,123,0,0,6,0,6,114,1,14,0,129,2,0,2,131
01/22/2018,GEG,WA,ANM,WE,Combined TRACON& Tower with Radar,116,16,10,0,142,0,0,2,0,2,116,16,12,0,144,0,0,0,144
01/23/2018,GEG,WA,ANM,WE,Combined TRACON& Tower with Radar,128,18,17,2,165,0,0,2,0,2,128,18,19,2,167,0,0,0,167
01/24/2018,GEG,WA,ANM,WE,Combined TRACON& Tower with Radar,124,15,13,0,152,0,0,0,0,0,124,15,13,0,152,0,0,0,152
01/25/2018,GEG,WA,ANM,WE,Combined TRACON& Tower with Radar,128,18,15,5,166,0,0,5,3,8,128,18,20,8,174,8,0,8,182
01/26/2018,GEG,WA,ANM,WE,Combined TRACON& Tower with Radar,124,22,11,6,163,0,0,2,0,2,124,22,13,6,165,4,0,4,169
01/27/2018,GEG,WA,ANM,WE,Combined TRACON& Tower with Radar,98,9,10,0,117,0,0,0,0,0,98,9,10,0,117,0,0,0,117
01/28/2018,GEG,WA,ANM,WE,Combined TRACON& Tower with Radar,114,4,7,0,125,0,0,0,0,0,114,4,7,0,125,0,0,0,125
01/29/2018,GEG,WA,ANM,WE,Combined TRACON& Tower with Radar,116,20,11,4,151,0,0,2,0,2,116,20,13,4,153,4,0,4,157
01/30/2018,GEG,WA,ANM,WE,Combined TRACON& Tower with Radar,130,19,10,0,159,0,0,5,0,5,130,19,15,0,164,0,0,0,164
01/31/2018,GEG,WA,ANM,WE,Combined TRACON& Tower with Radar,124,24,21,7,176,0,0,16,2,18,124,24,37,9,194,8,0,8,202
02/01/2018,GEG,WA,ANM,WE,Combined TRACON& Tower with Radar,128,18,23,16,185,0,0,8,2,10,128,18,31,18,195,10,16,26,221
02/02/2018,GEG,WA,ANM,WE,Combined TRACON& Tower with Radar,117,15,19,0,151,0,0,0,0,0,117,15,19,0,151,0,0,0,151
02/03/2018,GEG,WA,ANM,WE,Combined TRACON& Tower with Radar,95,24,13,0,132,0,0,2,7,9,95,24,15,7,141,8,0,8,149
02/04/2018,GEG,WA,ANM,WE,Combined TRACON& Tower with Radar,98,5,11,0,114,1,1,5,0,7,99,6,16,0,121,2,0,2,123
02/05/2018,GEG,WA,ANM,WE,Combined TRACON& Tower with Radar,113,18,7,0,138,0,0,2,0,2,113,18,9,0,140,0,0,0,140
02/06/2018,GEG,WA,ANM,WE,Combined TRACON& Tower with Radar,122,19,4,6,151,0,2,0,2,4,122,21,4,8,155,20,28,48,203
02/07/2018,GEG,WA,ANM,WE,Combined TRACON& Tower with Radar,121,30,17,10,178,0,1,7,3,11,121,31,24,13,189,36,14,50,239
02/08/2018,GEG,WA,ANM,WE,Combined TRACON& Tower with Radar,126,30,12,0,168,0,0,4,0,4,126,30,16,0,172,8,0,8,180
02/09/2018,GEG,WA,ANM,WE,Combined TRACON& Tower with Radar,118,27,13,0,158,0,0,4,1,5,118,27,17,1,163,22,0,22,185
02/10/2018,GEG,WA,ANM,WE,Combined TRACON& Tower with Radar,99,21,17,0,137,0,3,25,0,28,99,24,42,0,165,63,0,63,228
02/11/2018,GEG,WA,ANM,WE,Combined TRACON& Tower with Radar,106,7,1,0,114,0,0,6,3,9,106,7,7,3,123,12,0,12,135
02/12/2018,GEG,WA,ANM,WE,Combined TRACON& Tower with Radar,112,18,9,8,147,0,0,5,0,5,112,18,14,8,152,2,8,10,162
02/13/2018,GEG,WA,ANM,WE,Combined TRACON& Tower with Radar,121,22,11,7,161,0,0,14,1,15,121,22,25,8,176,6,38,44,220
02/14/2018,GEG,WA,ANM,WE,Combined TRACON& Tower with Radar,116,30,11,1,158,0,0,0,0,0,116,30,11,1,158,0,0,0,158
02/15/2018,GEG,WA,ANM,WE,Combined TRACON& Tower with Radar,120,32,15,1,168,0,0,1,0,1,120,32,16,1,169,0,0,0,169
02/16/2018,GEG,WA,ANM,WE,Combined TRACON& Tower with Radar,123,20,8,0,151,0,0,0,0,0,123,20,8,0,151,0,0,0,151
02/17/2018,GEG,WA,ANM,WE,Combined TRACON& Tower with Radar,95,9,5,0,109,0,0,0,0,0,95,9,5,0,109,2,0,2,111
02/18/2018,GEG,WA,ANM,WE,Combined TRACON& Tower with Radar,101,8,3,0,112,0,0,1,0,1,101,8,4,0,113,0,0,0,113
02/19/2018,GEG,WA,ANM,WE,Combined TRACON& Tower with Radar,115,23,12,0,150,0,0,5,0,5,115,23,17,0,155,20,0,20,175
02/20/2018,GEG,WA,ANM,WE,Combined TRACON& Tower with Radar,124,20,9,7,160,0,0,10,2,12,124,20,19,9,172,14,0,14,186
02/21/2018,GEG,WA,ANM,WE,Combined TRACON& Tower with Radar,125,26,24,17,192,0,0,6,1,7,125,26,30,18,199,0,12,12,211
02/22/2018,GEG,WA,ANM,WE,Combined TRACON& Tower with Radar,124,24,16,0,164,0,0,14,0,14,124,24,30,0,178,38,0,38,216
02/23/2018,GEG,WA,ANM,WE,Combined TRACON& Tower with Radar,121,16,26,0,163,0,0,3,0,3,121,16,29,0,166,6,0,6,172
02/24/2018,GEG,WA,ANM,WE,Combined TRACON& Tower with Radar,104,19,9,2,134,0,0,2,0,2,104,19,11,2,136,0,0,0,136
02/25/2018,GEG,WA,ANM,WE,Combined TRACON& Tower with Radar,108,6,7,0,121,0,0,0,0,0,108,6,7,0,121,0,0,0,121
02/26/2018,GEG,WA,ANM,WE,Combined TRACON& Tower with Radar,119,16,7,0,142,0,0,12,1,13,119,16,19,1,155,14,0,14,169
02/27/2018,GEG,WA,ANM,WE,Combined TRACON& Tower with Radar,126,17,11,6,160,0,0,6,2,8,126,17,17,8,168,24,8,32,200
02/28/2018,GEG,WA,ANM,WE,Combined TRACON& Tower with Radar,122,18,18,7,165,0,0,3,3,6,122,18,21,10,171,30,4,34,205
03/01/2018,GEG,WA,ANM,WE,Combined TRACON& Tower with Radar,125,37,9,0,171,0,0,0,0,0,125,37,9,0,171,6,0,6,177
03/02/2018,GEG,WA,ANM,WE,Combined TRACON& Tower with Radar,124,22,10,1,157,0,0,3,0,3,124,22,13,1,160,6,0,6,166
03/03/2018,GEG,WA,ANM,WE,Combined TRACON& Tower with Radar,100,8,10,6,124,0,0,11,7,18,100,8,21,13,142,38,0,38,180
03/04/2018,GEG,WA,ANM,WE,Combined TRACON& Tower with Radar,109,5,3,2,119,0,2,0,1,3,109,7,3,3,122,2,0,2,124
03/05/2018,GEG,WA,ANM,WE,Combined TRACON& Tower with Radar,117,20,11,2,150,0,0,4,1,5,117,20,15,3,155,10,0,10,165
03/06/2018,GEG,WA,ANM,WE,Combined TRACON& Tower with Radar,125,26,26,1,178,0,0,9,2,11,125,26,35,3,189,82,0,82,271
03/07/2018,GEG,WA,ANM,WE,Combined TRACON& Tower with Radar,122,23,29,3,177,0,0,24,5,29,122,23,53,8,206,57,0,57,263
03/08/2018,GEG,WA,ANM,WE,Combined TRACON& Tower with Radar,123,20,11,2,156,0,0,2,0,2,123,20,13,2,158,34,0,34,192
03/09/2018,GEG,WA,ANM,WE,Combined TRACON& Tower with Radar,116,25,11,1,153,0,1,13,1,15,116,26,24,2,168,0,0,0,168
03/10/2018,GEG,WA,ANM,WE,Combined TRACON& Tower with Radar,104,11,3,0,118,2,0,17,0,19,106,11,20,0,137,12,0,12,149
03/11/2018,GEG,WA,ANM,WE,Combined TRACON& Tower with Radar,117,2,5,0,124,0,0,2,1,3,117,2,7,1,127,2,0,2,129
03/12/2018,GEG,WA,ANM,WE,Combined TRACON& Tower with Radar,121,25,20,0,166,0,4,25,1,30,121,29,45,1,196,36,0,36,232
03/13/2018,GEG,WA,ANM,WE,Combined TRACON& Tower with Radar,129,26,16,7,178,0,1,25,2,28,129,27,41,9,206,28,0,28,234
03/14/2018,GEG,WA,ANM,WE,Combined TRACON& Tower with Radar,131,21,16,0,168,0,0,5,1,6,131,21,21,1,174,0,0,0,174
03/15/2018,GEG,WA,ANM,WE,Combined TRACON& Tower with Radar,133,39,26,0,198,0,1,10,0,11,133,40,36,0,209,20,10,30,239
03/16/2018,GEG,WA,ANM,WE,Combined TRACON& Tower with Radar,130,29,11,4,174,0,0,21,1,22,130,29,32,5,196,20,22,42,238
03/17/2018,GEG,WA,ANM,WE,Combined TRACON& Tower with Radar,102,17,10,0,129,0,3,4,0,7,102,20,14,0,136,44,0,44,180
03/18/2018,GEG,WA,ANM,WE,Combined TRACON& Tower with Radar,121,5,11,0,137,0,0,2,0,2,121,5,13,0,139,0,0,0,139
03/19/2018,GEG,WA,ANM,WE,Combined TRACON& Tower with Radar,121,18,21,2,162,0,1,16,0,17,121,19,37,2,179,0,0,0,179
03/20/2018,GEG,WA,ANM,WE,Combined TRACON& Tower with Radar,130,20,17,2,169,0,0,12,1,13,130,20,29,3,182,2,0,2,184
03/21/2018,GEG,WA,ANM,WE,Combined TRACON& Tower with Radar,132,25,17,0,174,0,0,8,2,10,132,25,25,2,184,14,0,14,198
03/22/2018,GEG,WA,ANM,WE,Combined TRACON& Tower with Radar,133,26,18,0,177,0,0,4,0,4,133,26,22,0,181,12,0,12,193
03/23/2018,GEG,WA,ANM,WE,Combined TRACON& Tower with Radar,131,23,18,8,180,0,1,6,0,7,131,24,24,8,187,2,0,2,189
03/24/2018,GEG,WA,ANM,WE,Combined TRACON& Tower with Radar,100,10,5,0,115,0,0,2,0,2,100,10,7,0,117,12,0,12,129
03/25/2018,GEG,WA,ANM,WE,Combined TRACON& Tower with Radar,122,4,10,0,136,0,0,11,0,11,122,4,21,0,147,12,0,12,159
03/26/2018,GEG,WA,ANM,WE,Combined TRACON& Tower with Radar,129,18,23,11,181,0,0,12,0,12,129,18,35,11,193,24,8,32,225
03/27/2018,GEG,WA,ANM,WE,Combined TRACON& Tower with Radar,126,18,33,0,177,0,2,6,2,10,126,20,39,2,187,56,0,56,243
03/28/2018,GEG,WA,ANM,WE,Combined TRACON& Tower with Radar,131,27,9,1,168,0,1,17,0,18,131,28,26,1,186,24,0,24,210
03/29/2018,GEG,WA,ANM,WE,Combined TRACON& Tower with Radar,130,18,23,0,171,0,0,31,0,31,130,18,54,0,202,36,0,36,238
03/30/2018,GEG,WA,ANM,WE,Combined TRACON& Tower with Radar,133,24,12,0,169,0,2,12,0,14,133,26,24,0,183,42,0,42,225
03/31/2018,GEG,WA,ANM,WE,Combined TRACON& Tower with Radar,97,10,3,0,110,0,0,15,0,15,97,10,18,0,125,10,0,10,135
04/01/2018,GEG,WA,ANM,WE,Combined TRACON& Tower with Radar,115,4,4,0,123,0,0,2,0,2,115,4,6,0,125,0,0,0,125
04/02/2018,GEG,WA,ANM,WE,Combined TRACON& Tower with Radar,127,19,9,0,155,5,0,3,0,8,132,19,12,0,163,43,0,43,206
04/03/2018,GEG,WA,ANM,WE,Combined TRACON& Tower with Radar,126,19,12,0,157,0,1,19,2,22,126,20,31,2,179,44,0,44,223
04/04/2018,GEG,WA,ANM,WE,Combined TRACON& Tower with Radar,132,20,12,1,165,0,2,10,5,17,132,22,22,6,182,48,42,90,272
04/05/2018,GEG,WA,ANM,WE,Combined TRACON& Tower with Radar,137,25,3,0,165,0,0,0,0,0,137,25,3,0,165,0,0,0,165
04/06/2018,GEG,WA,ANM,WE,Combined TRACON& Tower with Radar,125,16,35,2,178,0,0,6,4,10,125,16,41,6,188,20,0,20,208
04/07/2018,GEG,WA,ANM,WE,Combined TRACON& Tower with Radar,103,15,2,0,120,0,0,0,0,0,103,15,2,0,120,0,0,0,120
04/08/2018,GEG,WA,ANM,WE,Combined TRACON& Tower with Radar,121,5,5,0,131,0,0,3,0,3,121,5,8,0,134,0,0,0,134
04/09/2018,GEG,WA,ANM,WE,Combined TRACON& Tower with Radar,121,27,18,3,169,0,5,12,0,17,121,32,30,3,186,86,0,86,272
04/10/2018,GEG,WA,ANM,WE,Combined TRACON& Tower with Radar,130,21,13,2,166,0,0,10,1,11,130,21,23,3,177,66,0,66,243
04/11/2018,GEG,WA,ANM,WE,Combined TRACON& Tower with Radar,133,24,21,1,179,0,0,15,0,15,133,24,36,1,194,12,0,12,206
04/12/2018,GEG,WA,ANM,WE,Combined TRACON& Tower with Radar,130,24,10,0,164,0,0,1,1,2,130,24,11,1,166,0,0,0,166
04/13/2018,GEG,WA,ANM,WE,Combined TRACON& Tower with Radar,134,26,16,1,177,0,0,3,1,4,134,26,19,2,181,12,0,12,193
04/14/2018,GEG,WA,ANM,WE,Combined TRACON& Tower with Radar,108,8,9,1,126,0,0,8,0,8,108,8,17,1,134,52,0,52,186
04/15/2018,GEG,WA,ANM,WE,Combined TRACON& Tower with Radar,120,0,4,1,125,0,0,0,1,1,120,0,4,2,126,0,0,0,126
04/16/2018,GEG,WA,ANM,WE,Combined TRACON& Tower with Radar,119,23,4,2,148,0,0,5,1,6,119,23,9,3,154,8,0,8,162
04/17/2018,GEG,WA,ANM,WE,Combined TRACON& Tower with Radar,134,21,7,1,163,0,1,3,2,6,134,22,10,3,169,0,0,0,169
04/18/2018,GEG,WA,ANM,WE,Combined TRACON& Tower with Radar,133,20,8,5,166,0,0,25,3,28,133,20,33,8,194,14,4,18,212
04/19/2018,GEG,WA,ANM,WE,Combined TRACON& Tower with Radar,130,18,10,1,159,0,0,28,1,29,130,18,38,2,188,38,0,38,226
04/20/2018,GEG,WA,ANM,WE,Combined TRACON& Tower with Radar,128,18,15,0,161,0,0,24,1,25,128,18,39,1,186,28,0,28,214
04/21/2018,GEG,WA,ANM,WE,Combined TRACON& Tower with Radar,106,15,2,0,123,0,2,10,0,12,106,17,12,0,135,14,0,14,149
04/22/2018,GEG,WA,ANM,WE,Combined TRACON& Tower with Radar,118,2,12,0,132,0,0,29,0,29,118,2,41,0,161,12,0,12,173
04/23/2018,GEG,WA,ANM,WE,Combined TRACON& Tower with Radar,121,18,17,1,157,0,0,31,0,31,121,18,48,1,188,20,0,20,208
04/24/2018,GEG,WA,ANM,WE,Combined TRACON& Tower with Radar,131,36,14,0,181,0,2,19,0,21,131,38,33,0,202,46,0,46,248
04/25/2018,GEG,WA,ANM,WE,Combined TRACON& Tower with Radar,129,27,13,3,172,0,0,28,0,28,129,27,41,3,200,130,4,134,334
04/26/2018,GEG,WA,ANM,WE,Combined TRACON& Tower with Radar,130,22,22,0,174,0,4,22,3,29,130,26,44,3,203,18,0,18,221
04/27/2018,GEG,WA,ANM,WE,Combined TRACON& Tower with Radar,127,26,15,2,170,0,2,21,0,23,127,28,36,2,193,62,2,64,257
04/28/2018,GEG,WA,ANM,WE,Combined TRACON& Tower with Radar,104,14,16,0,134,0,0,0,0,0,104,14,16,0,134,0,0,0,134
04/29/2018,GEG,WA,ANM,WE,Combined TRACON& Tower with Radar,113,9,23,0,145,0,0,11,0,11,113,9,34,0,156,16,0,16,172
04/30/2018,GEG,WA,ANM,WE,Combined TRACON& Tower with Radar,126,26,20,12,184,0,0,8,1,9,126,26,28,13,193,16,8,24,217
05/01/2018,GEG,WA,ANM,WE,Combined TRACON& Tower with Radar,123,22,15,1,161,0,0,25,1,26,123,22,40,2,187,10,0,10,197
05/02/2018,GEG,WA,ANM,WE,Combined TRACON& Tower with Radar,130,19,17,3,169,0,0,18,3,21,130,19,35,6,190,20,6,26,216
05/03/2018,GEG,WA,ANM,WE,Combined TRACON& Tower with Radar,131,19,16,1,167,0,0,18,1,19,131,19,34,2,186,22,0,22,208
05/04/2018,GEG,WA,ANM,WE,Combined TRACON& Tower with Radar,128,33,13,7,181,3,0,11,3,17,131,33,24,10,198,48,0,48,246
05/05/2018,GEG,WA,ANM,WE,Combined TRACON& Tower with Radar,107,10,7,5,129,2,0,16,12,30,109,10,23,17,159,76,0,76,235
05/06/2018,GEG,WA,ANM,WE,Combined TRACON& Tower with Radar,120,9,13,2,144,4,0,5,2,11,124,9,18,4,155,6,0,6,161
05/07/2018,GEG,WA,ANM,WE,Combined TRACON& Tower with Radar,125,24,19,5,173,0,0,7,1,8,125,24,26,6,181,18,0,18,199
05/08/2018,GEG,WA,ANM,WE,Combined TRACON& Tower with Radar,127,22,19,15,183,0,0,16,7,23,127,22,35,22,206,12,30,42,248
05/09/2018,GEG,WA,ANM,WE,Combined TRACON& Tower with Radar,129,25,19,11,184,0,0,7,0,7,129,25,26,11,191,22,10,32,223
05/10/2018,GEG,WA,ANM,WE,Combined TRACON& Tower with Radar,134,17,10,12,173,0,1,6,5,12,134,18,16,17,185,6,0,6,191
05/11/2018,GEG,WA,ANM,WE,Combined TRACON& Tower with Radar,127,21,19,12,179,0,0,3,2,5,127,21,22,14,184,12,20,32,216
05/12/2018,GEG,WA,ANM,WE,Combined TRACON& Tower with Radar,103,17,14,0,134,0,0,23,2,25,103,17,37,2,159,46,0,46,205
05/13/2018,GEG,WA,ANM,WE,Combined TRACON& Tower with Radar,111,2,9,0,122,0,0,27,0,27,111,2,36,0,149,18,0,18,167
05/14/2018,GEG,WA,ANM,WE,Combined TRACON& Tower with Radar,119,18,21,0,158,0,0,20,0,20,119,18,41,0,178,56,0,56,234
05/15/2018,GEG,WA,ANM,WE,Combined TRACON& Tower with Radar,132,24,24,0,180,0,0,29,3,32,132,24,53,3,212,36,0,36,248
05/16/2018,GEG,WA,ANM,WE,Combined TRACON& Tower with Radar,130,28,20,0,178,0,0,18,0,18,130,28,38,0,196,24,0,24,220
05/17/2018,GEG,WA,ANM,WE,Combined TRACON& Tower with Radar,130,25,12,2,169,0,0,4,0,4,130,25,16,2,173,2,6,8,181
05/18/2018,GEG,WA,ANM,WE,Combined TRACON& Tower with Radar,123,23,21,0,167,0,0,5,0,5,123,23,26,0,172,4,0,4,176
05/19/2018,GEG,WA,ANM,WE,Combined TRACON& Tower with Radar,108,7,13,0,128,0,1,20,0,21,108,8,33,0,149,26,0,26,175
05/20/2018,GEG,WA,ANM,WE,Combined TRACON& Tower with Radar,115,8,2,0,125,0,0,14,0,14,115,8,16,0,139,18,0,18,157
05/21/2018,GEG,WA,ANM,WE,Combined TRACON& Tower with Radar,129,21,16,0,166,0,0,13,0,13,129,21,29,0,179,16,0,16,195
05/22/2018,GEG,WA,ANM,WE,Combined TRACON& Tower with Radar,132,21,21,5,179,0,0,24,4,28,132,21,45,9,207,38,0,38,245
05/23/2018,GEG,WA,ANM,WE,Combined TRACON& Tower with Radar,135,23,12,1,171,0,0,14,1,15,135,23,26,2,186,0,0,0,186
05/24/2018,GEG,WA,ANM,WE,Combined TRACON& Tower with Radar,134,20,31,0,185,0,0,13,0,13,134,20,44,0,198,0,0,0,198
05/25/2018,GEG,WA,ANM,WE,Combined TRACON& Tower with Radar,129,22,12,0,163,0,0,16,0,16,129,22,28,0,179,0,0,0,179
05/26/2018,GEG,WA,ANM,WE,Combined TRACON& Tower with Radar,109,14,4,0,127,0,0,8,0,8,109,14,12,0,135,0,0,0,135
05/27/2018,GEG,WA,ANM,WE,Combined TRACON& Tower with Radar,110,3,11,0,124,0,0,21,0,21,110,3,32,0,145,8,0,8,153
05/28/2018,GEG,WA,ANM,WE,Combined TRACON& Tower with Radar,115,3,6,0,124,0,0,15,0,15,115,3,21,0,139,10,0,10,149
05/29/2018,GEG,WA,ANM,WE,Combined TRACON& Tower with Radar,123,20,15,1,159,0,0,19,1,20,123,20,34,2,179,24,0,24,203
05/30/2018,GEG,WA,ANM,WE,Combined TRACON& Tower with Radar,134,22,8,28,192,0,2,24,1,27,134,24,32,29,219,40,0,40,259
05/31/2018,GEG,WA,ANM,WE,Combined TRACON& Tower with Radar,140,25,5,24,194,0,0,12,1,13,140,25,17,25,207,2,4,6,213
06/01/2018,GEG,WA,ANM,WE,Combined TRACON& Tower with Radar,125,22,18,8,173,0,0,13,0,13,125,22,31,8,186,6,0,6,192
06/02/2018,GEG,WA,ANM,WE,Combined TRACON& Tower with Radar,114,11,6,1,132,0,2,15,0,17,114,13,21,1,149,36,0,36,185
06/03/2018,GEG,WA,ANM,WE,Combined TRACON& Tower with Radar,122,6,12,0,140,0,0,16,0,16,122,6,28,0,156,8,0,8,164
06/04/2018,GEG,WA,ANM,WE,Combined TRACON& Tower with Radar,128,19,9,23,179,0,0,6,0,6,128,19,15,23,185,30,0,30,215
06/05/2018,GEG,WA,ANM,WE,Combined TRACON& Tower with Radar,132,22,4,7,165,0,0,8,1,9,132,22,12,8,174,10,14,24,198
06/06/2018,GEG,WA,ANM,WE,Combined TRACON& Tower with Radar,129,29,12,6,176,0,0,12,1,13,129,29,24,7,189,22,8,30,219
06/07/2018,GEG,WA,ANM,WE,Combined TRACON& Tower with Radar,136,34,14,0,184,0,0,6,0,6,136,34,20,0,190,14,0,14,204
06/08/2018,GEG,WA,ANM,WE,Combined TRACON& Tower with Radar,138,32,13,31,214,0,0,19,1,20,138,32,32,32,234,30,38,68,302
06/09/2018,GEG,WA,ANM,WE,Combined TRACON& Tower with Radar,120,21,8,0,149,0,0,0,2,2,120,21,8,2,151,0,0,0,151
06/10/2018,GEG,WA,ANM,WE,Combined TRACON& Tower with Radar,126,13,8,2,149,0,0,5,0,5,126,13,13,2,154,4,0,4,158
06/11/2018,GEG,WA,ANM,WE,Combined TRACON& Tower with Radar,131,27,3,0,161,0,1,9,0,10,131,28,12,0,171,22,0,22,193
06/12/2018,GEG,WA,ANM,WE,Combined TRACON& Tower with Radar,141,26,15,33,215,0,0,15,3,18,141,26,30,36,233,8,32,40,273
06/13/2018,GEG,WA,ANM,WE,Combined TRACON& Tower with Radar,136,27,15,2,180,0,0,10,0,10,136,27,25,2,190,0,0,0,190
06/14/2018,GEG,WA,ANM,WE,Combined TRACON& Tower with Radar,140,25,16,5,186,0,0,13,5,18,140,25,29,10,204,4,4,8,212
06/15/2018,GEG,WA,ANM,WE,Combined TRACON& Tower with Radar,135,25,18,0,178,0,0,13,2,15,135,25,31,2,193,26,0,26,219
06/16/2018,GEG,WA,ANM,WE,Combined TRACON& Tower with Radar,125,13,9,0,147,0,0,12,4,16,125,13,21,4,163,10,0,10,173
06/17/2018,GEG,WA,ANM,WE,Combined TRACON& Tower with Radar,132,7,11,0,150,0,0,10,2,12,132,7,21,2,162,8,0,8,170
06/18/2018,GEG,WA,ANM,WE,Combined TRACON& Tower with Radar,127,29,16,0,172,0,0,10,1,11,127,29,26,1,183,34,0,34,217
06/19/2018,GEG,WA,ANM,WE,Combined TRACON& Tower with Radar,142,22,17,12,193,0,0,14,0,14,142,22,31,12,207,18,20,38,245
06/20/2018,GEG,WA,ANM,WE,Combined TRACON& Tower with Radar,141,24,12,14,191,1,0,13,0,14,142,24,25,14,205,28,0,28,233
06/21/2018,GEG,WA,ANM,WE,Combined TRACON& Tower with Radar,144,21,7,0,172,0,0,6,0,6,144,21,13,0,178,0,0,0,178
06/22/2018,GEG,WA,ANM,WE,Combined TRACON& Tower with Radar,128,21,17,0,166,0,0,14,4,18,128,21,31,4,184,8,0,8,192
06/23/2018,GEG,WA,ANM,WE,Combined TRACON& Tower with Radar,128,16,10,0,154,0,0,14,0,14,128,16,24,0,168,4,0,4,172
06/24/2018,GEG,WA,ANM,WE,Combined TRACON& Tower with Radar,125,5,12,0,142,0,0,15,0,15,125,5,27,0,157,24,0,24,181
06/25/2018,GEG,WA,ANM,WE,Combined TRACON& Tower with Radar,134,17,12,0,163,0,0,18,0,18,134,17,30,0,181,28,0,28,209
06/26/2018,GEG,WA,ANM,WE,Combined TRACON& Tower with Radar,135,23,14,1,173,0,0,26,1,27,135,23,40,2,200,20,8,28,228
06/27/2018,GEG,WA,ANM,WE,Combined TRACON& Tower with Radar,139,23,11,1,174,0,0,35,1,36,139,23,46,2,210,22,0,22,232
06/28/2018,GEG,WA,ANM,WE,Combined TRACON& Tower with Radar,138,23,32,0,193,0,0,37,4,41,138,23,69,4,234,20,0,20,254
06/29/2018,GEG,WA,ANM,WE,Combined TRACON& Tower with Radar,138,21,24,3,186,0,3,19,6,28,138,24,43,9,214,0,0,0,214
06/30/2018,GEG,WA,ANM,WE,Combined TRACON& Tower with Radar,124,12,5,4,145,0,0,6,2,8,124,12,11,6,153,0,0,0,153
07/01/2018,GEG,WA,ANM,WE,Combined TRACON& Tower with Radar,117,3,7,0,127,0,0,3,2,5,117,3,10,2,132,0,0,0,132
07/02/2018,GEG,WA,ANM,WE,Combined TRACON& Tower with Radar,127,20,6,18,171,0,0,8,2,10,127,20,14,20,181,16,32,48,229
07/03/2018,GEG,WA,ANM,WE,Combined TRACON& Tower with Radar,121,19,15,4,159,0,0,23,1,24,121,19,38,5,183,7,12,19,202
07/04/2018,GEG,WA,ANM,WE,Combined TRACON& Tower with Radar,101,2,8,0,111,0,0,11,0,11,101,2,19,0,122,2,0,2,124
07/05/2018,GEG,WA,ANM,WE,Combined TRACON& Tower with Radar,121,26,4,4,155,0,0,4,0,4,121,26,8,4,159,0,4,4,163
07/06/2018,GEG,WA,ANM,WE,Combined TRACON& Tower with Radar,128,24,11,2,165,0,0,18,3,21,128,24,29,5,186,24,2,26,212
07/07/2018,GEG,WA,ANM,WE,Combined TRACON& Tower with Radar,121,12,7,0,140,0,0,9,0,9,121,12,16,0,149,4,0,4,153
07/08/2018,GEG,WA,ANM,WE,Combined TRACON& Tower with Radar,137,3,4,0,144,0,0,15,0,15,137,3,19,0,159,12,0,12,171
07/09/2018,GEG,WA,ANM,WE,Combined TRACON& Tower with Radar,130,23,16,28,197,0,0,9,0,9,130,23,25,28,206,0,30,30,236
07/10/2018,GEG,WA,ANM,WE,Combined TRACON& Tower with Radar,142,22,18,18,200,1,0,8,1,10,143,22,26,19,210,16,26,42,252
07/11/2018,GEG,WA,ANM,WE,Combined TRACON& Tower with Radar,141,22,11,14,188,0,0,16,3,19,141,22,27,17,207,8,10,18,225
07/12/2018,GEG,WA,ANM,WE,Combined TRACON& Tower with Radar,142,23,8,6,179,1,2,14,3,20,143,25,22,9,199,4,2,6,205
07/13/2018,GEG,WA,ANM,WE,Combined TRACON& Tower with Radar,147,20,9,3,179,0,0,11,0,11,147,20,20,3,190,16,2,18,208
07/14/2018,GEG,WA,ANM,WE,Combined TRACON& Tower with Radar,129,12,5,0,146,0,0,16,4,20,129,12,21,4,166,0,0,0,166
07/15/2018,GEG,WA,ANM,WE,Combined TRACON& Tower with Radar,131,7,9,0,147,0,1,16,0,17,131,8,25,0,164,0,0,0,164
07/16/2018,GEG,WA,ANM,WE,Combined TRACON& Tower with Radar,140,20,10,0,170,0,0,17,1,18,140,20,27,1,188,36,0,36,224
07/17/2018,GEG,WA,ANM,WE,Combined TRACON& Tower with Radar,144,19,9,0,172,0,3,14,2,19,144,22,23,2,191,2,0,2,193
07/18/2018,GEG,WA,ANM,WE,Combined TRACON& Tower with Radar,144,21,15,0,180,0,0,9,0,9,144,21,24,0,189,14,0,14,203
07/19/2018,GEG,WA,ANM,WE,Combined TRACON& Tower with Radar,142,21,11,0,174,0,1,10,1,12,142,22,21,1,186,22,0,22,208
07/20/2018,GEG,WA,ANM,WE,Combined TRACON& Tower with Radar,135,23,4,1,163,0,0,8,0,8,135,23,12,1,171,12,0,12,183
07/21/2018,GEG,WA,ANM,WE,Combined TRACON& Tower with Radar,128,21,7,22,178,0,0,11,0,11,128,21,18,22,189,60,30,90,279
07/22/2018,GEG,WA,ANM,WE,Combined TRACON& Tower with Radar,130,4,14,0,148,0,0,10,0,10,130,4,24,0,158,0,0,0,158
07/23/2018,GEG,WA,ANM,WE,Combined TRACON& Tower with Radar,132,19,16,9,176,0,0,20,1,21,132,19,36,10,197,16,10,26,223
07/24/2018,GEG,WA,ANM,WE,Combined TRACON& Tower with Radar,147,22,17,11,197,0,0,16,0,16,147,22,33,11,213,20,22,42,255
07/25/2018,GEG,WA,ANM,WE,Combined TRACON& Tower with Radar,141,30,16,21,208,0,0,18,1,19,141,30,34,22,227,10,30,40,267
07/26/2018,GEG,WA,ANM,WE,Combined TRACON& Tower with Radar,142,28,17,31,218,0,0,20,0,20,142,28,37,31,238,6,28,34,272
07/27/2018,GEG,WA,ANM,WE,Combined TRACON& Tower with Radar,140,23,18,2,183,0,0,24,0,24,140,23,42,2,207,10,0,10,217
07/28/2018,GEG,WA,ANM,WE,Combined TRACON& Tower with Radar,131,20,16,0,167,0,0,12,0,12,131,20,28,0,179,14,0,14,193
07/29/2018,GEG,WA,ANM,WE,Combined TRACON& Tower with Radar,133,4,4,0,141,0,2,5,0,7,133,6,9,0,148,2,0,2,150
07/30/2018,GEG,WA,ANM,WE,Combined TRACON& Tower with Radar,137,33,17,0,187,0,0,7,3,10,137,33,24,3,197,8,0,8,205
07/31/2018,GEG,WA,ANM,WE,Combined TRACON& Tower with Radar,141,32,22,3,198,0,1,7,0,8,141,33,29,3,206,8,4,12,218
08/01/2018,GEG,WA,ANM,WE,Combined TRACON& Tower with Radar,143,18,14,24,199,0,0,15,0,15,143,18,29,24,214,4,32,36,250
08/02/2018,GEG,WA,ANM,WE,Combined TRACON& Tower with Radar,145,28,12,0,185,0,0,11,0,11,145,28,23,0,196,4,24,28,224
08/03/2018,GEG,WA,ANM,WE,Combined TRACON& Tower with Radar,136,24,12,9,181,1,1,17,1,20,137,25,29,10,201,0,0,0,201
08/04/2018,GEG,WA,ANM,WE,Combined TRACON& Tower with Radar,128,9,7,0,144,0,0,12,1,13,128,9,19,1,157,10,0,10,167
08/05/2018,GEG,WA,ANM,WE,Combined TRACON& Tower with Radar,137,4,6,1,148,0,0,10,2,12,137,4,16,3,160,4,0,4,164
08/06/2018,GEG,WA,ANM,WE,Combined TRACON& Tower with Radar,136,23,14,0,173,0,0,26,0,26,136,23,40,0,199,28,0,28,227
08/07/2018,GEG,WA,ANM,WE,Combined TRACON& Tower with Radar,141,21,4,6,172,0,1,16,0,17,141,22,20,6,189,6,6,12,201
08/08/2018,GEG,WA,ANM,WE,Combined TRACON& Tower with Radar,137,27,19,1,184,0,0,8,0,8,137,27,27,1,192,14,0,14,206
08/09/2018,GEG,WA,ANM,WE,Combined TRACON& Tower with Radar,144,21,16,17,198,0,2,10,2,14,144,23,26,19,212,0,20,20,232
08/10/2018,GEG,WA,ANM,WE,Combined TRACON& Tower with Radar,142,22,13,3,180,0,2,6,14,22,142,24,19,17,202,0,0,0,202
08/11/2018,GEG,WA,ANM,WE,Combined TRACON& Tower with Radar,128,16,6,0,150,0,1,6,8,15,128,17,12,8,165,0,0,0,165
08/12/2018,GEG,WA,ANM,WE,Combined TRACON& Tower with Radar,129,6,9,0,144,0,0,14,0,14,129,6,23,0,158,2,0,2,160
08/13/2018,GEG,WA,ANM,WE,Combined TRACON& Tower with Radar,159,30,20,0,209,0,0,3,0,3,159,30,23,0,212,20,0,20,232
08/14/2018,GEG,WA,ANM,WE,Combined TRACON& Tower with Radar,135,22,31,0,188,0,0,3,0,3,135,22,34,0,191,6,0,6,197
08/15/2018,GEG,WA,ANM,WE,Combined TRACON& Tower with Radar,145,23,19,0,187,0,0,2,0,2,145,23,21,0,189,0,0,0,189
08/16/2018,GEG,WA,ANM,WE,Combined TRACON& Tower with Radar,138,19,16,0,173,0,0,7,0,7,138,19,23,0,180,0,0,0,180
08/17/2018,GEG,WA,ANM,WE,Combined TRACON& Tower with Radar,134,24,6,0,164,0,0,12,0,12,134,24,18,0,176,0,0,0,176
08/18/2018,GEG,WA,ANM,WE,Combined TRACON& Tower with Radar,119,11,3,0,133,0,0,13,1,14,119,11,16,1,147,36,0,36,183
08/19/2018,GEG,WA,ANM,WE,Combined TRACON& Tower with Radar,120,4,7,0,131,0,0,0,0,0,120,4,7,0,131,0,0,0,131
08/20/2018,GEG,WA,ANM,WE,Combined TRACON& Tower with Radar,136,24,20,4,184,0,0,2,0,2,136,24,22,4,186,16,4,20,206
08/21/2018,GEG,WA,ANM,WE,Combined TRACON& Tower with Radar,149,29,16,1,195,0,0,2,0,2,149,29,18,1,197,0,0,0,197
08/22/2018,GEG,WA,ANM,WE,Combined TRACON& Tower with Radar,145,31,18,9,203,0,0,13,3,16,145,31,31,12,219,0,22,22,241
08/23/2018,GEG,WA,ANM,WE,Combined TRACON& Tower with Radar,150,31,24,0,205,0,0,2,0,2,150,31,26,0,207,8,12,20,227
08/24/2018,GEG,WA,ANM,WE,Combined TRACON& Tower with Radar,147,37,8,0,192,0,0,7,0,7,147,37,15,0,199,18,0,18,217
08/25/2018,GEG,WA,ANM,WE,Combined TRACON& Tower with Radar,118,9,13,0,140,0,0,6,0,6,118,9,19,0,146,2,0,2,148
08/26/2018,GEG,WA,ANM,WE,Combined TRACON& Tower with Radar,118,5,10,0,133,0,0,4,0,4,118,5,14,0,137,0,0,0,137
08/27/2018,GEG,WA,ANM,WE,Combined TRACON& Tower with Radar,121,28,17,0,166,0,0,12,2,14,121,28,29,2,180,10,0,10,190
08/28/2018,GEG,WA,ANM,WE,Combined TRACON& Tower with Radar,129,30,8,4,171,0,0,20,0,20,129,30,28,4,191,16,0,16,207
08/29/2018,GEG,WA,ANM,WE,Combined TRACON& Tower with Radar,134,34,18,2,188,0,0,15,2,17,134,34,33,4,205,16,0,16,221
08/30/2018,GEG,WA,ANM,WE,Combined TRACON& Tower with Radar,132,27,12,14,185,0,0,14,0,14,132,27,26,14,199,24,0,24,223
08/31/2018,GEG,WA,ANM,WE,Combined TRACON& Tower with Radar,131,26,14,0,171,0,3,13,0,16,131,29,27,0,187,18,0,18,205
09/01/2018,GEG,WA,ANM,WE,Combined TRACON& Tower with Radar,103,14,6,0,123,0,2,7,0,9,103,16,13,0,132,0,0,0,132
09/02/2018,GEG,WA,ANM,WE,Combined TRACON& Tower with Radar,88,7,15,0,110,0,0,1,0,1,88,7,16,0,111,10,0,10,121
09/03/2018,GEG,WA,ANM,WE,Combined TRACON& Tower with Radar,111,4,2,0,117,0,0,10,0,10,111,4,12,0,127,0,0,0,127
09/04/2018,GEG,WA,ANM,WE,Combined TRACON& Tower with Radar,123,33,12,0,168,0,0,11,0,11,123,33,23,0,179,8,0,8,187
09/05/2018,GEG,WA,ANM,WE,Combined TRACON& Tower with Radar,128,26,12,4,170,0,1,11,2,14,128,27,23,6,184,12,8,20,204
09/06/2018,GEG,WA,ANM,WE,Combined TRACON& Tower with Radar,128,27,15,0,170,0,0,17,3,20,128,27,32,3,190,10,0,10,200
09/07/2018,GEG,WA,ANM,WE,Combined TRACON& Tower with Radar,130,35,20,12,197,0,0,10,0,10,130,35,30,12,207,2,14,16,223
09/08/2018,GEG,WA,ANM,WE,Combined TRACON& Tower with Radar,107,11,25,0,143,0,0,9,0,9,107,11,34,0,152,16,0,16,168
09/09/2018,GEG,WA,ANM,WE,Combined TRACON& Tower with Radar,125,11,4,0,140,0,0,10,0,10,125,11,14,0,150,0,0,0,150
09/10/2018,GEG,WA,ANM,WE,Combined TRACON& Tower with Radar,127,32,9,0,168,0,1,5,0,6,127,33,14,0,174,0,0,0,174
09/11/2018,GEG,WA,ANM,WE,Combined TRACON& Tower with Radar,132,29,11,2,174,0,0,9,0,9,132,29,20,2,183,0,0,0,183
09/12/2018,GEG,WA,ANM,WE,Combined TRACON& Tower with Radar,133,26,11,7,177,0,0,12,0,12,133,26,23,7,189,4,8,12,201
09/13/2018,GEG,WA,ANM,WE,Combined TRACON& Tower with Radar,133,28,5,2,168,0,0,6,0,6,133,28,11,2,174,8,0,8,182
09/14/2018,GEG,WA,ANM,WE,Combined TRACON& Tower with Radar,132,30,21,0,183,0,0,13,0,13,132,30,34,0,196,0,0,0,196
09/15/2018,GEG,WA,ANM,WE,Combined TRACON& Tower with Radar,116,14,17,0,147,0,0,18,0,18,116,14,35,0,165,2,0,2,167
09/16/2018,GEG,WA,ANM,WE,Combined TRACON& Tower with Radar,120,6,3,0,129,0,0,4,0,4,120,6,7,0,133,0,0,0,133
09/17/2018,GEG,WA,ANM,WE,Combined TRACON& Tower with Radar,126,21,12,2,161,0,0,15,0,15,126,21,27,2,176,2,0,2,178
09/18/2018,GEG,WA,ANM,WE,Combined TRACON& Tower with Radar,132,31,9,1,173,0,0,8,1,9,132,31,17,2,182,20,0,20,202
09/19/2018,GEG,WA,ANM,WE,Combined TRACON& Tower with Radar,135,26,19,6,186,0,0,22,1,23,135,26,41,7,209,6,30,36,245
09/20/2018,GEG,WA,ANM,WE,Combined TRACON& Tower with Radar,132,27,16,3,178,0,0,12,0,12,132,27,28,3,190,6,2,8,198
09/21/2018,GEG,WA,ANM,WE,Combined TRACON& Tower with Radar,133,27,24,2,186,0,1,23,0,24,133,28,47,2,210,24,2,26,236
09/22/2018,GEG,WA,ANM,WE,Combined TRACON& Tower with Radar,111,9,8,0,128,0,0,14,0,14,111,9,22,0,142,2,0,2,144
09/23/2018,GEG,WA,ANM,WE,Combined TRACON& Tower with Radar,115,7,11,0,133,0,1,15,0,16,115,8,26,0,149,2,0,2,151
09/24/2018,GEG,WA,ANM,WE,Combined TRACON& Tower with Radar,130,26,9,1,166,0,0,6,0,6,130,26,15,1,172,0,0,0,172
09/25/2018,GEG,WA,ANM,WE,Combined TRACON& Tower with Radar,138,24,7,0,169,0,2,17,0,19,138,26,24,0,188,4,0,4,192
09/26/2018,GEG,WA,ANM,WE,Combined TRACON& Tower with Radar,136,26,11,0,173,0,0,15,1,16,136,26,26,1,189,12,0,12,201
09/27/2018,GEG,WA,ANM,WE,Combined TRACON& Tower with Radar,130,27,11,2,170,0,4,12,2,18,130,31,23,4,188,0,0,0,188
09/28/2018,GEG,WA,ANM,WE,Combined TRACON& Tower with Radar,137,30,7,0,174,0,0,16,0,16,137,30,23,0,190,10,0,10,200
09/29/2018,GEG,WA,ANM,WE,Combined TRACON& Tower with Radar,113,13,10,2,138,0,2,4,0,6,113,15,14,2,144,0,0,0,144
09/30/2018,GEG,WA,ANM,WE,Combined TRACON& Tower with Radar,119,6,2,0,127,0,1,9,0,10,119,7,11,0,137,0,0,0,137
10/01/2018,GEG,WA,ANM,WE,Combined TRACON& Tower with Radar,127,21,8,1,157,0,3,7,0,10,127,24,15,1,167,0,0,0,167
10/02/2018,GEG,WA,ANM,WE,Combined TRACON& Tower with Radar,131,27,13,3,174,0,1,0,8,9,131,28,13,11,183,2,0,2,185
10/03/2018,GEG,WA,ANM,WE,Combined TRACON& Tower with Radar,131,38,17,0,186,0,4,19,1,24,131,42,36,1,210,14,0,14,224
10/04/2018,GEG,WA,ANM,WE,Combined TRACON& Tower with Radar,137,30,20,6,193,0,0,18,0,18,137,30,38,6,211,16,10,26,237
10/05/2018,GEG,WA,ANM,WE,Combined TRACON& Tower with Radar,136,26,14,0,176,0,2,9,0,11,136,28,23,0,187,12,0,12,199
10/06/2018,GEG,WA,ANM,WE,Combined TRACON& Tower with Radar,116,9,6,2,133,0,0,3,0,3,116,9,9,2,136,0,0,0,136
10/07/2018,GEG,WA,ANM,WE,Combined TRACON& Tower with Radar,119,7,12,0,138,0,0,1,0,1,119,7,13,0,139,4,0,4,143
10/08/2018,GEG,WA,ANM,WE,Combined TRACON& Tower with Radar,125,28,11,0,164,0,0,4,0,4,125,28,15,0,168,0,0,0,168
10/09/2018,GEG,WA,ANM,WE,Combined TRACON& Tower with Radar,128,24,7,0,159,0,0,7,0,7,128,24,14,0,166,6,10,16,182
10/10/2018,GEG,WA,ANM,WE,Combined TRACON& Tower with Radar,132,23,16,8,179,0,0,19,0,19,132,23,35,8,198,22,10,32,230
10/11/2018,GEG,WA,ANM,WE,Combined TRACON& Tower with Radar,135,33,11,1,180,0,0,15,0,15,135,33,26,1,195,10,0,10,205
10/12/2018,GEG,WA,ANM,WE,Combined TRACON& Tower with Radar,138,30,10,0,178,0,3,11,1,15,138,33,21,1,193,2,0,2,195
10/13/2018,GEG,WA,ANM,WE,Combined TRACON& Tower with Radar,126,14,4,4,148,0,0,16,0,16,126,14,20,4,164,2,0,2,166
10/14/2018,GEG,WA,ANM,WE,Combined TRACON& Tower with Radar,123,7,12,0,142,0,1,11,0,12,123,8,23,0,154,2,0,2,156
10/15/2018,GEG,WA,ANM,WE,Combined TRACON& Tower with Radar,131,28,11,0,170,0,2,16,0,18,131,30,27,0,188,12,0,12,200
10/16/2018,GEG,WA,ANM,WE,Combined TRACON& Tower with Radar,133,33,19,9,194,0,2,28,2,32,133,35,47,11,226,28,20,48,274
10/17/2018,GEG,WA,ANM,WE,Combined TRACON& Tower with Radar,140,33,20,2,195,0,3,18,0,21,140,36,38,2,216,20,2,22,238
10/18/2018,GEG,WA,ANM,WE,Combined TRACON& Tower with Radar,129,24,12,0,165,0,2,37,0,39,129,26,49,0,204,54,0,54,258
10/19/2018,GEG,WA,ANM,WE,Combined TRACON& Tower with Radar,150,28,13,3,194,0,1,17,0,18,150,29,30,3,212,16,0,16,228
10/20/2018,GEG,WA,ANM,WE,Combined TRACON& Tower with Radar,120,11,6,2,139,0,0,21,0,21,120,11,27,2,160,3,0,3,163
10/21/2018,GEG,WA,ANM,WE,Combined TRACON& Tower with Radar,121,7,3,0,131,0,0,11,0,11,121,7,14,0,142,4,0,4,146
10/22/2018,GEG,WA,ANM,WE,Combined TRACON& Tower with Radar,141,22,19,0,182,0,0,22,0,22,141,22,41,0,204,14,0,14,218
10/23/2018,GEG,WA,ANM,WE,Combined TRACON& Tower with Radar,131,29,11,14,185,0,1,16,1,18,131,30,27,15,203,26,36,62,265
10/24/2018,GEG,WA,ANM,WE,Combined TRACON& Tower with Radar,132,22,19,5,178,0,0,21,0,21,132,22,40,5,199,60,4,64,263
10/25/2018,GEG,WA,ANM,WE,Combined TRACON& Tower with Radar,131,23,15,5,174,0,5,13,1,19,131,28,28,6,193,24,2,26,219
10/26/2018,GEG,WA,ANM,WE,Combined TRACON& Tower with Radar,127,30,11,0,168,0,3,4,2,9,127,33,15,2,177,0,0,0,177
10/27/2018,GEG,WA,ANM,WE,Combined TRACON& Tower with Radar,113,15,9,0,137,0,0,11,0,11,113,15,20,0,148,20,0,20,168
10/28/2018,GEG,WA,ANM,WE,Combined TRACON& Tower with Radar,122,4,10,0,136,0,0,0,0,0,122,4,10,0,136,12,0,12,148
10/29/2018,GEG,WA,ANM,WE,Combined TRACON& Tower with Radar,125,17,10,2,154,0,1,5,0,6,125,18,15,2,160,0,0,0,160
10/30/2018,GEG,WA,ANM,WE,Combined TRACON& Tower with Radar,123,17,13,1,154,0,0,8,0,8,123,17,21,1,162,18,0,18,180
10/31/2018,GEG,WA,ANM,WE,Combined TRACON& Tower with Radar,108,29,5,10,152,0,0,0,0,0,108,29,5,10,152,18,6,24,176
11/01/2018,GEG,WA,ANM,WE,Combined TRACON& Tower with Radar,129,29,9,0,167,0,0,0,0,0,129,29,9,0,167,0,0,0,167
11/02/2018,GEG,WA,ANM,WE,Combined TRACON& Tower with Radar,140,27,13,0,180,0,0,4,1,5,140,27,17,1,185,2,0,2,187
11/03/2018,GEG,WA,ANM,WE,Combined TRACON& Tower with Radar,119,6,13,0,138,0,0,3,1,4,119,6,16,1,142,2,0,2,144
11/04/2018,GEG,WA,ANM,WE,Combined TRACON& Tower with Radar,114,1,10,0,125,0,0,9,0,9,114,1,19,0,134,14,0,14,148
11/05/2018,GEG,WA,ANM,WE,Combined TRACON& Tower with Radar,132,18,14,0,164,0,0,12,0,12,132,18,26,0,176,16,0,16,192
11/06/2018,GEG,WA,ANM,WE,Combined TRACON& Tower with Radar,129,20,7,0,156,0,0,3,0,3,129,20,10,0,159,0,0,0,159
11/07/2018,GEG,WA,ANM,WE,Combined TRACON& Tower with Radar,135,25,15,0,175,0,0,10,0,10,135,25,25,0,185,4,0,4,189
11/08/2018,GEG,WA,ANM,WE,Combined TRACON& Tower with Radar,135,24,30,8,197,0,0,13,0,13,135,24,43,8,210,0,0,0,210
11/09/2018,GEG,WA,ANM,WE,Combined TRACON& Tower with Radar,133,31,24,0,188,0,2,5,0,7,133,33,29,0,195,22,0,22,217
11/10/2018,GEG,WA,ANM,WE,Combined TRACON& Tower with Radar,126,8,18,0,152,0,0,0,0,0,126,8,18,0,152,0,0,0,152
11/11/2018,GEG,WA,ANM,WE,Combined TRACON& Tower with Radar,94,2,7,1,104,0,0,4,0,4,94,2,11,1,108,4,0,4,112
11/12/2018,GEG,WA,ANM,WE,Combined TRACON& Tower with Radar,134,13,7,0,154,0,0,0,0,0,134,13,7,0,154,0,0,0,154
11/13/2018,GEG,WA,ANM,WE,Combined TRACON& Tower with Radar,134,19,14,12,179,0,0,8,0,8,134,19,22,12,187,8,17,25,212
11/14/2018,GEG,WA,ANM,WE,Combined TRACON& Tower with Radar,138,17,15,6,176,0,0,7,1,8,138,17,22,7,184,24,0,24,208
11/15/2018,GEG,WA,ANM,WE,Combined TRACON& Tower with Radar,130,16,9,0,155,0,0,0,0,0,130,16,9,0,155,0,0,0,155
11/16/2018,GEG,WA,ANM,WE,Combined TRACON& Tower with Radar,140,22,23,1,186,0,0,6,2,8,140,22,29,3,194,6,0,6,200
11/17/2018,GEG,WA,ANM,WE,Combined TRACON& Tower with Radar,123,11,16,0,150,0,0,24,0,24,123,11,40,0,174,42,0,42,216
11/18/2018,GEG,WA,ANM,WE,Combined TRACON& Tower with Radar,123,4,10,0,137,1,0,13,0,14,124,4,23,0,151,0,0,0,151
11/19/2018,GEG,WA,ANM,WE,Combined TRACON& Tower with Radar,126,23,13,0,162,0,1,15,0,16,126,24,28,0,178,40,0,40,218
11/20/2018,GEG,WA,ANM,WE,Combined TRACON& Tower with Radar,162,41,10,12,225,0,1,12,0,13,162,42,22,12,238,10,8,18,256
11/21/2018,GEG,WA,ANM,WE,Combined TRACON& Tower with Radar,137,33,16,0,186,0,1,6,0,7,137,34,22,0,193,2,0,2,195
11/22/2018,GEG,WA,ANM,WE,Combined TRACON& Tower with Radar,88,2,1,0,91,0,0,1,0,1,88,2,2,0,92,0,0,0,92
11/23/2018,GEG,WA,ANM,WE,Combined TRACON& Tower with Radar,105,31,12,0,148,0,0,0,0,0,105,31,12,0,148,0,0,0,148
11/24/2018,GEG,WA,ANM,WE,Combined TRACON& Tower with Radar,120,8,10,0,138,0,0,1,0,1,120,8,11,0,139,0,0,0,139
11/25/2018,GEG,WA,ANM,WE,Combined TRACON& Tower with Radar,129,4,7,0,140,0,0,1,0,1,129,4,8,0,141,0,0,0,141
11/26/2018,GEG,WA,ANM,WE,Combined TRACON& Tower with Radar,136,35,1,1,173,0,0,1,0,1,136,35,2,1,174,0,0,0,174
11/27/2018,GEG,WA,ANM,WE,Combined TRACON& Tower with Radar,142,33,10,2,187,0,0,0,0,0,142,33,10,2,187,0,0,0,187
11/28/2018,GEG,WA,ANM,WE,Combined TRACON& Tower with Radar,145,31,10,0,186,0,0,4,0,4,145,31,14,0,190,6,0,6,196
11/29/2018,GEG,WA,ANM,WE,Combined TRACON& Tower with Radar,140,38,16,0,194,0,0,1,0,1,140,38,17,0,195,0,0,0,195
11/30/2018,GEG,WA,ANM,WE,Combined TRACON& Tower with Radar,138,26,11,0,175,0,0,0,0,0,138,26,11,0,175,0,0,0,175
12/01/2018,GEG,WA,ANM,WE,Combined TRACON& Tower with Radar,113,8,5,0,126,0,0,2,0,2,113,8,7,0,128,6,0,6,134
12/02/2018,GEG,WA,ANM,WE,Combined TRACON& Tower with Radar,121,2,9,0,132,0,0,2,0,2,121,2,11,0,134,2,0,2,136
12/03/2018,GEG,WA,ANM,WE,Combined TRACON& Tower with Radar,130,25,6,0,161,0,0,0,0,0,130,25,6,0,161,18,0,18,179
12/04/2018,GEG,WA,ANM,WE,Combined TRACON& Tower with Radar,146,30,12,0,188,0,0,0,0,0,146,30,12,0,188,0,0,0,188
12/05/2018,GEG,WA,ANM,WE,Combined TRACON& Tower with Radar,142,39,24,13,218,0,1,12,3,16,142,40,36,16,234,0,0,0,234
12/06/2018,GEG,WA,ANM,WE,Combined TRACON& Tower with Radar,143,37,9,0,189,0,0,19,2,21,143,37,28,2,210,12,0,12,222
12/07/2018,GEG,WA,ANM,WE,Combined TRACON& Tower with Radar,147,32,13,1,193,0,1,15,1,17,147,33,28,2,210,10,0,10,220
12/08/2018,GEG,WA,ANM,WE,Combined TRACON& Tower with Radar,113,9,13,2,137,0,1,3,0,4,113,10,16,2,141,4,0,4,145
12/09/2018,GEG,WA,ANM,WE,Combined TRACON& Tower with Radar,122,4,11,2,139,0,0,8,0,8,122,4,19,2,147,0,0,0,147
12/10/2018,GEG,WA,ANM,WE,Combined TRACON& Tower with Radar,129,31,12,0,172,0,0,0,0,0,129,31,12,0,172,0,0,0,172
12/11/2018,GEG,WA,ANM,WE,Combined TRACON& Tower with Radar,140,33,15,0,188,0,0,0,0,0,140,33,15,0,188,0,0,0,188
12/12/2018,GEG,WA,ANM,WE,Combined TRACON& Tower with Radar,142,37,16,0,195,0,0,11,0,11,142,37,27,0,206,20,0,20,226
12/13/2018,GEG,WA,ANM,WE,Combined TRACON& Tower with Radar,144,34,4,0,182,0,1,0,0,1,144,35,4,0,183,0,0,0,183
12/14/2018,GEG,WA,ANM,WE,Combined TRACON& Tower with Radar,142,28,7,0,177,0,2,7,0,9,142,30,14,0,186,0,0,0,186
12/15/2018,GEG,WA,ANM,WE,Combined TRACON& Tower with Radar,117,24,6,0,147,0,1,18,0,19,117,25,24,0,166,24,0,24,190
12/16/2018,GEG,WA,ANM,WE,Combined TRACON& Tower with Radar,123,5,8,0,136,0,0,0,0,0,123,5,8,0,136,0,0,0,136
12/17/2018,GEG,WA,ANM,WE,Combined TRACON& Tower with Radar,133,25,7,4,169,0,0,0,1,1,133,25,7,5,170,6,2,8,178
12/18/2018,GEG,WA,ANM,WE,Combined TRACON& Tower with Radar,135,36,9,0,180,0,0,0,0,0,135,36,9,0,180,0,0,0,180
12/19/2018,GEG,WA,ANM,WE,Combined TRACON& Tower with Radar,135,39,11,0,185,0,0,3,0,3,135,39,14,0,188,0,0,0,188
12/20/2018,GEG,WA,ANM,WE,Combined TRACON& Tower with Radar,146,45,11,0,202,0,0,2,0,2,146,45,13,0,204,0,0,0,204
12/21/2018,GEG,WA,ANM,WE,Combined TRACON& Tower with Radar,140,34,12,4,190,0,1,6,0,7,140,35,18,4,197,8,0,8,205
12/22/2018,GEG,WA,ANM,WE,Combined TRACON& Tower with Radar,126,25,5,0,156,0,0,3,0,3,126,25,8,0,159,2,0,2,161
12/23/2018,GEG,WA,ANM,WE,Combined TRACON& Tower with Radar,133,9,8,0,150,0,0,0,0,0,133,9,8,0,150,0,0,0,150
12/24/2018,GEG,WA,ANM,WE,Combined TRACON& Tower with Radar,115,21,0,0,136,0,0,0,0,0,115,21,0,0,136,0,0,0,136
12/25/2018,GEG,WA,ANM,WE,Combined TRACON& Tower with Radar,98,6,1,0,105,0,0,0,0,0,98,6,1,0,105,0,0,0,105
12/26/2018,GEG,WA,ANM,WE,Combined TRACON& Tower with Radar,137,34,10,0,181,0,0,2,0,2,137,34,12,0,183,2,0,2,185
12/27/2018,GEG,WA,ANM,WE,Combined TRACON& Tower with Radar,138,30,7,0,175,0,0,0,0,0,138,30,7,0,175,0,0,0,175
12/28/2018,GEG,WA,ANM,WE,Combined TRACON& Tower with Radar,131,24,3,0,158,0,0,0,0,0,131,24,3,0,158,0,0,0,158
12/29/2018,GEG,WA,ANM,WE,Combined TRACON& Tower with Radar,126,15,5,0,146,0,0,0,0,0,126,15,5,0,146,6,0,6,152
12/30/2018,GEG,WA,ANM,WE,Combined TRACON& Tower with Radar,131,6,4,0,141,0,0,2,0,2,131,6,6,0,143,2,0,2,145
12/31/2018,GEG,WA,ANM,WE,Combined TRACON& Tower with Radar,117,24,4,0,145,0,0,12,0,12,117,24,16,0,157,22,0,22,179
01/01/2019,GEG,WA,ANM,WE,Combined TRACON& Tower with Radar,103,6,6,0,115,0,0,3,0,3,103,6,9,0,118,0,0,0,118
01/02/2019,GEG,WA,ANM,WE,Combined TRACON& Tower with Radar,127,34,8,0,169,0,2,8,0,10,127,36,16,0,179,12,0,12,191
01/03/2019,GEG,WA,ANM,WE,Combined TRACON& Tower with Radar,135,23,16,0,174,0,0,0,0,0,135,23,16,0,174,0,0,0,174
01/04/2019,GEG,WA,ANM,WE,Combined TRACON& Tower with Radar,125,20,7,0,152,0,1,8,0,9,125,21,15,0,161,22,0,22,183
01/05/2019,GEG,WA,ANM,WE,Combined TRACON& Tower with Radar,112,12,9,0,133,0,0,3,0,3,112,12,12,0,136,0,0,0,136
01/06/2019,GEG,WA,ANM,WE,Combined TRACON& Tower with Radar,112,10,14,0,136,0,0,2,0,2,112,10,16,0,138,12,0,12,150
01/07/2019,GEG,WA,ANM,WE,Combined TRACON& Tower with Radar,114,25,4,0,143,0,1,0,0,1,114,26,4,0,144,8,0,8,152
01/08/2019,GEG,WA,ANM,WE,Combined TRACON& Tower with Radar,132,18,11,0,161,0,1,4,0,5,132,19,15,0,166,0,0,0,166
01/09/2019,GEG,WA,ANM,WE,Combined TRACON& Tower with Radar,137,22,9,0,168,0,0,0,0,0,137,22,9,0,168,0,0,0,168
01/10/2019,GEG,WA,ANM,WE,Combined TRACON& Tower with Radar,124,23,11,0,158,0,1,4,0,5,124,24,15,0,163,4,0,4,167
01/11/2019,GEG,WA,ANM,WE,Combined TRACON& Tower with Radar,122,20,8,0,150,0,0,0,0,0,122,20,8,0,150,0,0,0,150
01/12/2019,GEG,WA,ANM,WE,Combined TRACON& Tower with Radar,99,15,4,0,118,0,0,0,0,0,99,15,4,0,118,0,0,0,118
01/13/2019,GEG,WA,ANM,WE,Combined TRACON& Tower with Radar,107,6,9,0,122,0,0,1,0,1,107,6,10,0,123,2,0,2,125
01/14/2019,GEG,WA,ANM,WE,Combined TRACON& Tower with Radar,121,22,10,0,153,0,0,3,0,3,121,22,13,0,156,10,0,10,166
01/15/2019,GEG,WA,ANM,WE,Combined TRACON& Tower with Radar,128,17,17,4,166,0,1,8,1,10,128,18,25,5,176,18,4,22,198
01/16/2019,GEG,WA,ANM,WE,Combined TRACON& Tower with Radar,127,25,20,6,178,1,3,10,0,14,128,28,30,6,192,32,18,50,242
01/17/2019,GEG,WA,ANM,WE,Combined TRACON& Tower with Radar,129,25,12,0,166,0,0,0,0,0,129,25,12,0,166,0,0,0,166
01/18/2019,GEG,WA,ANM,WE,Combined TRACON& Tower with Radar,122,25,23,0,170,0,0,4,0,4,122,25,27,0,174,0,0,0,174
01/19/2019,GEG,WA,ANM,WE,Combined TRACON& Tower with Radar,86,18,3,0,107,0,0,0,0,0,86,18,3,0,107,0,0,0,107
01/20/2019,GEG,WA,ANM,WE,Combined TRACON& Tower with Radar,94,6,2,0,102,0,0,0,0,0,94,6,2,0,102,0,0,0,102
01/21/2019,GEG,WA,ANM,WE,Combined TRACON& Tower with Radar,121,19,16,0,156,0,1,11,0,12,121,20,27,0,168,0,0,0,168
01/22/2019,GEG,WA,ANM,WE,Combined TRACON& Tower with Radar,131,24,23,0,178,0,0,2,0,2,131,24,25,0,180,8,0,8,188
01/23/2019,GEG,WA,ANM,WE,Combined TRACON& Tower with Radar,125,21,9,2,157,0,0,7,0,7,125,21,16,2,164,16,2,18,182
01/24/2019,GEG,WA,ANM,WE,Combined TRACON& Tower with Radar,128,32,16,0,176,0,0,0,2,2,128,32,16,2,178,0,0,0,178
01/25/2019,GEG,WA,ANM,WE,Combined TRACON& Tower with Radar,124,26,18,1,169,0,0,0,0,0,124,26,18,1,169,0,0,0,169
01/26/2019,GEG,WA,ANM,WE,Combined TRACON& Tower with Radar,98,9,4,0,111,0,0,0,0,0,98,9,4,0,111,0,0,0,111
01/27/2019,GEG,WA,ANM,WE,Combined TRACON& Tower with Radar,105,10,5,0,120,0,0,0,0,0,105,10,5,0,120,2,0,2,122
01/28/2019,GEG,WA,ANM,WE,Combined TRACON& Tower with Radar,118,23,6,1,148,0,0,3,0,3,118,23,9,1,151,8,0,8,159
01/29/2019,GEG,WA,ANM,WE,Combined TRACON& Tower with Radar,126,22,11,5,164,0,3,13,1,17,126,25,24,6,181,16,0,16,197
01/30/2019,GEG,WA,ANM,WE,Combined TRACON& Tower with Radar,122,26,8,0,156,0,0,0,0,0,122,26,8,0,156,0,0,0,156
01/31/2019,GEG,WA,ANM,WE,Combined TRACON& Tower with Radar,125,23,12,0,160,0,0,0,0,0,125,23,12,0,160,0,0,0,160
02/01/2019,GEG,WA,ANM,WE,Combined TRACON& Tower with Radar,126,22,13,0,161,0,0,7,0,7,126,22,20,0,168,6,0,6,174
02/02/2019,GEG,WA,ANM,WE,Combined TRACON& Tower with Radar,89,19,7,0,115,0,0,0,0,0,89,19,7,0,115,0,0,0,115
02/03/2019,GEG,WA,ANM,WE,Combined TRACON& Tower with Radar,97,16,13,0,126,0,0,0,0,0,97,16,13,0,126,0,0,0,126
02/04/2019,GEG,WA,ANM,WE,Combined TRACON& Tower with Radar,107,22,7,0,136,0,0,6,0,6,107,22,13,0,142,28,0,28,170
02/05/2019,GEG,WA,ANM,WE,Combined TRACON& Tower with Radar,131,26,10,0,167,0,0,0,0,0,131,26,10,0,167,0,0,0,167
02/06/2019,GEG,WA,ANM,WE,Combined TRACON& Tower with Radar,122,27,30,2,181,0,0,20,3,23,122,27,50,5,204,8,0,8,212
02/07/2019,GEG,WA,ANM,WE,Combined TRACON& Tower with Radar,130,35,16,0,181,0,2,8,0,10,130,37,24,0,191,4,0,4,195
02/08/2019,GEG,WA,ANM,WE,Combined TRACON& Tower with Radar,109,37,3,0,149,0,0,0,0,0,109,37,3,0,149,0,0,0,149
02/09/2019,GEG,WA,ANM,WE,Combined TRACON& Tower with Radar,80,13,12,0,105,0,0,1,0,1,80,13,13,0,106,4,0,4,110
02/10/2019,GEG,WA,ANM,WE,Combined TRACON& Tower with Radar,100,8,16,0,124,0,0,0,0,0,100,8,16,0,124,0,0,0,124
02/11/2019,GEG,WA,ANM,WE,Combined TRACON& Tower with Radar,95,23,15,0,133,0,0,2,0,2,95,23,17,0,135,20,0,20,155
02/12/2019,GEG,WA,ANM,WE,Combined TRACON& Tower with Radar,123,20,3,0,146,0,0,0,0,0,123,20,3,0,146,6,0,6,152
02/13/2019,GEG,WA,ANM,WE,Combined TRACON& Tower with Radar,123,24,21,1,169,0,0,1,1,2,123,24,22,2,171,0,0,0,171
02/14/2019,GEG,WA,ANM,WE,Combined TRACON& Tower with Radar,131,19,16,13,179,0,0,6,1,7,131,19,22,14,186,12,0,12,198
02/15/2019,GEG,WA,ANM,WE,Combined TRACON& Tower with Radar,123,25,17,0,165,0,0,0,0,0,123,25,17,0,165,0,0,0,165
02/16/2019,GEG,WA,ANM,WE,Combined TRACON& Tower with Radar,93,18,3,2,116,0,0,0,0,0,93,18,3,2,116,2,0,2,118
02/17/2019,GEG,WA,ANM,WE,Combined TRACON& Tower with Radar,95,9,9,0,113,0,0,1,0,1,95,9,10,0,114,0,0,0,114
02/18/2019,GEG,WA,ANM,WE,Combined TRACON& Tower with Radar,122,30,17,0,169,0,1,8,1,10,122,31,25,1,179,0,0,0,179
02/19/2019,GEG,WA,ANM,WE,Combined TRACON& Tower with Radar,129,28,6,2,165,0,0,0,1,1,129,28,6,3,166,0,0,0,166
02/20/2019,GEG,WA,ANM,WE,Combined TRACON& Tower with Radar,123,27,20,0,170,0,0,3,1,4,123,27,23,1,174,0,0,0,174
02/21/2019,GEG,WA,ANM,WE,Combined TRACON& Tower with Radar,125,28,27,2,182,0,5,14,0,19,125,33,41,2,201,6,0,6,207
02/22/2019,GEG,WA,ANM,WE,Combined TRACON& Tower with Radar,125,23,15,0,163,0,0,0,1,1,125,23,15,1,164,4,0,4,168
02/23/2019,GEG,WA,ANM,WE,Combined TRACON& Tower with Radar,99,17,10,0,126,0,0,0,0,0,99,17,10,0,126,0,0,0,126
02/24/2019,GEG,WA,ANM,WE,Combined TRACON& Tower with Radar,109,6,8,0,123,0,0,7,0,7,109,6,15,0,130,4,0,4,134
02/25/2019,GEG,WA,ANM,WE,Combined TRACON& Tower with Radar,117,24,15,0,156,0,0,2,0,2,117,24,17,0,158,0,0,0,158
02/26/2019,GEG,WA,ANM,WE,Combined TRACON& Tower with Radar,130,24,20,0,174,0,0,8,0,8,130,24,28,0,182,0,0,0,182
02/27/2019,GEG,WA,ANM,WE,Combined TRACON& Tower with Radar,124,23,15,6,168,0,0,0,0,0,124,23,15,6,168,0,6,6,174
02/28/2019,GEG,WA,ANM,WE,Combined TRACON& Tower with Radar,127,32,18,8,185,0,0,2,0,2,127,32,20,8,187,20,0,20,207
03/01/2019,GEG,WA,ANM,WE,Combined TRACON& Tower with Radar,121,21,13,0,155,0,0,4,3,7,121,21,17,3,162,24,0,24,186
03/02/2019,GEG,WA,ANM,WE,Combined TRACON& Tower with Radar,99,11,3,1,114,0,1,6,1,8,99,12,9,2,122,24,0,24,146
03/03/2019,GEG,WA,ANM,WE,Combined TRACON& Tower with Radar,112,14,11,0,137,0,0,6,0,6,112,14,17,0,143,4,0,4,147
03/04/2019,GEG,WA,ANM,WE,Combined TRACON& Tower with Radar,124,33,22,2,181,0,1,8,0,9,124,34,30,2,190,34,0,34,224
03/05/2019,GEG,WA,ANM,WE,Combined TRACON& Tower with Radar,130,24,4,4,162,0,4,4,0,8,130,28,8,4,170,2,4,6,176
03/06/2019,GEG,WA,ANM,WE,Combined TRACON& Tower with Radar,130,24,7,0,161,0,0,2,0,2,130,24,9,0,163,4,0,4,167
03/07/2019,GEG,WA,ANM,WE,Combined TRACON& Tower with Radar,134,23,15,0,172,0,0,7,0,7,134,23,22,0,179,2,2,4,183
03/08/2019,GEG,WA,ANM,WE,Combined TRACON& Tower with Radar,122,34,12,8,176,0,0,6,0,6,122,34,18,8,182,32,8,40,222
03/09/2019,GEG,WA,ANM,WE,Combined TRACON& Tower with Radar,100,26,13,6,145,0,0,5,5,10,100,26,18,11,155,24,0,24,179
03/10/2019,GEG,WA,ANM,WE,Combined TRACON& Tower with Radar,117,11,17,2,147,0,1,15,5,21,117,12,32,7,168,66,0,66,234
03/11/2019,GEG,WA,ANM,WE,Combined TRACON& Tower with Radar,123,21,11,4,159,0,1,4,2,7,123,22,15,6,166,24,4,28,194
03/12/2019,GEG,WA,ANM,WE,Combined TRACON& Tower with Radar,129,22,17,0,168,0,0,0,0,0,129,22,17,0,168,0,0,0,168
03/13/2019,GEG,WA,ANM,WE,Combined TRACON& Tower with Radar,125,26,27,3,181,0,0,9,9,18,125,26,36,12,199,6,0,6,205
03/14/2019,GEG,WA,ANM,WE,Combined TRACON& Tower with Radar,125,30,14,6,175,0,2,7,5,14,125,32,21,11,189,26,12,38,227
03/15/2019,GEG,WA,ANM,WE,Combined TRACON& Tower with Radar,124,24,21,2,171,0,0,16,0,16,124,24,37,2,187,18,0,18,205
03/16/2019,GEG,WA,ANM,WE,Combined TRACON& Tower with Radar,100,11,6,0,117,0,0,7,0,7,100,11,13,0,124,0,0,0,124
03/17/2019,GEG,WA,ANM,WE,Combined TRACON& Tower with Radar,118,5,6,0,129,0,0,11,0,11,118,5,17,0,140,44,0,44,184
03/18/2019,GEG,WA,ANM,WE,Combined TRACON& Tower with Radar,120,27,20,26,193,0,2,35,0,37,120,29,55,26,230,102,28,130,360
03/19/2019,GEG,WA,ANM,WE,Combined TRACON& Tower with Radar,136,22,44,16,218,0,0,17,2,19,136,22,61,18,237,64,24,88,325
03/20/2019,GEG,WA,ANM,WE,Combined TRACON& Tower with Radar,129,37,22,17,205,0,0,20,3,23,129,37,42,20,228,46,4,50,278
03/21/2019,GEG,WA,ANM,WE,Combined TRACON& Tower with Radar,133,27,21,5,186,0,0,34,6,40,133,27,55,11,226,28,2,30,256
03/22/2019,GEG,WA,ANM,WE,Combined TRACON& Tower with Radar,124,20,13,12,169,0,0,7,0,7,124,20,20,12,176,8,30,38,214
03/23/2019,GEG,WA,ANM,WE,Combined TRACON& Tower with Radar,97,10,12,0,119,0,0,6,0,6,97,10,18,0,125,4,0,4,129
03/24/2019,GEG,WA,ANM,WE,Combined TRACON& Tower with Radar,114,7,11,0,132,0,0,0,0,0,114,7,11,0,132,0,0,0,132
03/25/2019,GEG,WA,ANM,WE,Combined TRACON& Tower with Radar,123,31,12,0,166,0,0,3,0,3,123,31,15,0,169,12,0,12,181
03/26/2019,GEG,WA,ANM,WE,Combined TRACON& Tower with Radar,135,26,22,10,193,0,0,8,1,9,135,26,30,11,202,10,16,26,228
03/27/2019,GEG,WA,ANM,WE,Combined TRACON& Tower with Radar,127,22,18,0,167,0,0,9,1,10,127,22,27,1,177,28,0,28,205
03/28/2019,GEG,WA,ANM,WE,Combined TRACON& Tower with Radar,131,29,25,0,185,0,0,5,1,6,131,29,30,1,191,0,0,0,191
03/29/2019,GEG,WA,ANM,WE,Combined TRACON& Tower with Radar,126,30,11,3,170,0,1,3,3,7,126,31,14,6,177,8,10,18,195
03/30/2019,GEG,WA,ANM,WE,Combined TRACON& Tower with Radar,100,11,7,0,118,0,2,9,0,11,100,13,16,0,129,6,0,6,135
03/31/2019,GEG,WA,ANM,WE,Combined TRACON& Tower with Radar,112,5,6,0,123,0,0,4,0,4,112,5,10,0,127,20,0,20,147
04/01/2019,GEG,WA,ANM,WE,Combined TRACON& Tower with Radar,124,24,5,0,153,0,1,10,0,11,124,25,15,0,164,18,0,18,182
04/02/2019,GEG,WA,ANM,WE,Combined TRACON& Tower with Radar,129,23,5,0,157,0,2,9,3,14,129,25,14,3,171,6,0,6,177
04/03/2019,GEG,WA,ANM,WE,Combined TRACON& Tower with Radar,133,21,12,4,170,0,0,1,0,1,133,21,13,4,171,0,0,0,171
04/04/2019,GEG,WA,ANM,WE,Combined TRACON& Tower with Radar,127,32,10,1,170,0,0,20,6,26,127,32,30,7,196,40,0,40,236
04/05/2019,GEG,WA,ANM,WE,Combined TRACON& Tower with Radar,126,24,8,5,163,0,0,2,0,2,126,24,10,5,165,0,0,0,165
04/06/2019,GEG,WA,ANM,WE,Combined TRACON& Tower with Radar,97,14,10,0,121,0,2,1,2,5,97,16,11,2,126,0,0,0,126
04/07/2019,GEG,WA,ANM,WE,Combined TRACON& Tower with Radar,116,4,13,0,133,0,0,1,1,2,116,4,14,1,135,0,0,0,135
04/08/2019,GEG,WA,ANM,WE,Combined TRACON& Tower with Radar,123,26,3,0,152,0,0,2,1,3,123,26,5,1,155,0,0,0,155
04/09/2019,GEG,WA,ANM,WE,Combined TRACON& Tower with Radar,130,24,2,1,157,0,3,0,0,3,130,27,2,1,160,0,0,0,160
04/10/2019,GEG,WA,ANM,WE,Combined TRACON& Tower with Radar,125,23,16,2,166,0,0,2,4,6,125,23,18,6,172,0,0,0,172
04/11/2019,GEG,WA,ANM,WE,Combined TRACON& Tower with Radar,128,25,24,0,177,0,0,7,0,7,128,25,31,0,184,0,0,0,184
04/12/2019,GEG,WA,ANM,WE,Combined TRACON& Tower with Radar,126,22,16,9,173,0,0,3,2,5,126,22,19,11,178,0,0,0,178
04/13/2019,GEG,WA,ANM,WE,Combined TRACON& Tower with Radar,91,10,16,0,117,0,0,0,0,0,91,10,16,0,117,0,0,0,117
04/14/2019,GEG,WA,ANM,WE,Combined TRACON& Tower with Radar,110,6,11,0,127,0,0,0,0,0,110,6,11,0,127,0,0,0,127
04/15/2019,GEG,WA,ANM,WE,Combined TRACON& Tower with Radar,124,23,14,12,173,0,2,3,2,7,124,25,17,14,180,0,0,0,180
04/16/2019,GEG,WA,ANM,WE,Combined TRACON& Tower with Radar,132,21,11,4,168,0,0,11,2,13,132,21,22,6,181,0,0,0,181
04/17/2019,GEG,WA,ANM,WE,Combined TRACON& Tower with Radar,126,30,21,6,183,0,0,10,0,10,126,30,31,6,193,0,0,0,193
04/18/2019,GEG,WA,ANM,WE,Combined TRACON& Tower with Radar,128,24,19,6,177,0,0,17,0,17,128,24,36,6,194,0,0,0,194
04/19/2019,GEG,WA,ANM,WE,Combined TRACON& Tower with Radar,123,24,10,0,157,0,0,8,0,8,123,24,18,0,165,0,0,0,165
04/20/2019,GEG,WA,ANM,WE,Combined TRACON& Tower with Radar,94,8,3,1,106,0,1,10,0,11,94,9,13,1,117,0,0,0,117
04/21/2019,GEG,WA,ANM,WE,Combined TRACON& Tower with Radar,115,6,6,0,127,0,0,12,0,12,115,6,18,0,139,0,0,0,139
04/22/2019,GEG,WA,ANM,WE,Combined TRACON& Tower with Radar,119,21,14,0,154,0,2,8,0,10,119,23,22,0,164,0,0,0,164
04/23/2019,GEG,WA,ANM,WE,Combined TRACON& Tower with Radar,130,22,13,6,171,0,0,7,5,12,130,22,20,11,183,0,0,0,183
04/24/2019,GEG,WA,ANM,WE,Combined TRACON& Tower with Radar,129,24,19,4,176,0,4,14,4,22,129,28,33,8,198,0,0,0,198
04/25/2019,GEG,WA,ANM,WE,Combined TRACON& Tower with Radar,131,28,20,0,179,0,4,15,4,23,131,32,35,4,202,0,0,0,202
04/26/2019,GEG,WA,ANM,WE,Combined TRACON& Tower with Radar,123,28,16,1,168,0,0,2,1,3,123,28,18,2,171,0,0,0,171
04/27/2019,GEG,WA,ANM,WE,Combined TRACON& Tower with Radar,95,16,10,1,122,3,2,5,22,32,98,18,15,23,154,0,0,0,154
04/28/2019,GEG,WA,ANM,WE,Combined TRACON& Tower with Radar,119,6,12,1,138,0,0,9,0,9,119,6,21,1,147,0,0,0,147
04/29/2019,GEG,WA,ANM,WE,Combined TRACON& Tower with Radar,122,18,7,2,149,0,0,12,1,13,122,18,19,3,162,0,0,0,162
04/30/2019,GEG,WA,ANM,WE,Combined TRACON& Tower with Radar,150,25,18,4,197,1,0,9,5,15,151,25,27,9,212,0,0,0,212
05/01/2019,GEG,WA,ANM,WE,Combined TRACON& Tower with Radar,139,29,13,3,184,2,6,16,5,29,141,35,29,8,213,66,0,66,279
05/02/2019,GEG,WA,ANM,WE,Combined TRACON& Tower with Radar,138,24,16,10,188,0,0,16,6,22,138,24,32,16,210,62,10,72,282
05/03/2019,GEG,WA,ANM,WE,Combined TRACON& Tower with Radar,125,20,14,1,160,0,0,6,3,9,125,20,20,4,169,2,0,2,171
05/04/2019,GEG,WA,ANM,WE,Combined TRACON& Tower with Radar,99,11,8,0,118,0,0,12,0,12,99,11,20,0,130,0,0,0,130
05/05/2019,GEG,WA,ANM,WE,Combined TRACON& Tower with Radar,124,4,6,0,134,0,0,11,2,13,124,4,17,2,147,16,0,16,163
05/06/2019,GEG,WA,ANM,WE,Combined TRACON& Tower with Radar,118,19,8,7,152,0,0,9,2,11,118,19,17,9,163,0,0,0,163
05/07/2019,GEG,WA,ANM,WE,Combined TRACON& Tower with Radar,135,20,3,3,161,0,0,24,1,25,135,20,27,4,186,28,0,28,214
05/08/2019,GEG,WA,ANM,WE,Combined TRACON& Tower with Radar,133,27,8,0,168,0,0,10,0,10,133,27,18,0,178,16,0,16,194
05/09/2019,GEG,WA,ANM,WE,Combined TRACON& Tower with Radar,136,31,8,4,179,0,2,21,5,28,136,33,29,9,207,14,42,56,263
05/10/2019,GEG,WA,ANM,WE,Combined TRACON& Tower with Radar,122,25,11,0,158,0,0,15,1,16,122,25,26,1,174,30,0,30,204
05/11/2019,GEG,WA,ANM,WE,Combined TRACON& Tower with Radar,101,31,12,0,144,0,0,11,1,12,101,31,23,1,156,34,0,34,190
05/12/2019,GEG,WA,ANM,WE,Combined TRACON& Tower with Radar,120,4,5,0,129,0,0,7,0,7,120,4,12,0,136,20,0,20,156
05/13/2019,GEG,WA,ANM,WE,Combined TRACON& Tower with Radar,120,20,13,6,159,0,0,6,1,7,120,20,19,7,166,6,22,28,194
05/14/2019,GEG,WA,ANM,WE,Combined TRACON& Tower with Radar,139,23,7,5,174,0,1,4,8,13,139,24,11,13,187,20,0,20,207
05/15/2019,GEG,WA,ANM,WE,Combined TRACON& Tower with Radar,132,33,7,4,176,0,0,3,0,3,132,33,10,4,179,6,8,14,193
05/16/2019,GEG,WA,ANM,WE,Combined TRACON& Tower with Radar,137,20,15,1,173,0,2,2,2,6,137,22,17,3,179,0,0,0,179
05/17/2019,GEG,WA,ANM,WE,Combined TRACON& Tower with Radar,123,23,12,0,158,0,0,0,2,2,123,23,12,2,160,0,0,0,160
05/18/2019,GEG,WA,ANM,WE,Combined TRACON& Tower with Radar,94,7,20,0,121,0,0,1,0,1,94,7,21,0,122,4,0,4,126
05/19/2019,GEG,WA,ANM,WE,Combined TRACON& Tower with Radar,126,4,8,0,138,1,0,4,0,5,127,4,12,0,143,0,0,0,143
05/20/2019,GEG,WA,ANM,WE,Combined TRACON& Tower with Radar,119,21,17,2,159,0,0,9,2,11,119,21,26,4,170,16,2,18,188
05/21/2019,GEG,WA,ANM,WE,Combined TRACON& Tower with Radar,134,25,20,2,181,0,2,9,0,11,134,27,29,2,192,22,0,22,214
05/22/2019,GEG,WA,ANM,WE,Combined TRACON& Tower with Radar,131,23,22,1,177,0,1,17,1,19,131,24,39,2,196,0,0,0,196
05/23/2019,GEG,WA,ANM,WE,Combined TRACON& Tower with Radar,131,20,15,0,166,0,5,20,0,25,131,25,35,0,191,12,0,12,203
05/24/2019,GEG,WA,ANM,WE,Combined TRACON& Tower with Radar,130,20,12,1,163,0,0,10,1,11,130,20,22,2,174,20,0,20,194
05/25/2019,GEG,WA,ANM,WE,Combined TRACON& Tower with Radar,100,8,19,0,127,0,0,1,0,1,100,8,20,0,128,10,0,10,138
05/26/2019,GEG,WA,ANM,WE,Combined TRACON& Tower with Radar,108,8,6,1,123,0,0,8,1,9,108,8,14,2,132,6,0,6,138
05/27/2019,GEG,WA,ANM,WE,Combined TRACON& Tower with Radar,114,0,3,1,118,0,0,10,1,11,114,0,13,2,129,0,0,0,129
05/28/2019,GEG,WA,ANM,WE,Combined TRACON& Tower with Radar,124,20,8,8,160,0,0,16,4,20,124,20,24,12,180,10,0,10,190
05/29/2019,GEG,WA,ANM,WE,Combined TRACON& Tower with Radar,129,19,26,2,176,0,0,25,4,29,129,19,51,6,205,38,0,38,243
05/30/2019,GEG,WA,ANM,WE,Combined TRACON& Tower with Radar,138,23,21,12,194,0,3,14,4,21,138,26,35,16,215,20,4,24,239
05/31/2019,GEG,WA,ANM,WE,Combined TRACON& Tower with Radar,125,18,13,4,160,0,3,10,2,15,125,21,23,6,175,0,0,0,175
06/01/2019,GEG,WA,ANM,WE,Combined TRACON& Tower with Radar,96,7,6,1,110,0,0,16,0,16,96,7,22,1,126,6,0,6,132
06/02/2019,GEG,WA,ANM,WE,Combined TRACON& Tower with Radar,122,1,10,0,133,0,2,11,0,13,122,3,21,0,146,18,0,18,164
06/03/2019,GEG,WA,ANM,WE,Combined TRACON& Tower with Radar,118,20,30,0,168,0,0,16,0,16,118,20,46,0,184,44,0,44,228
06/04/2019,GEG,WA,ANM,WE,Combined TRACON& Tower with Radar,137,28,19,0,184,0,1,10,0,11,137,29,29,0,195,42,0,42,237
06/05/2019,GEG,WA,ANM,WE,Combined TRACON& Tower with Radar,131,23,15,0,169,0,1,14,0,15,131,24,29,0,184,18,0,18,202
06/06/2019,GEG,WA,ANM,WE,Combined TRACON& Tower with Radar,134,33,17,0,184,0,0,10,0,10,134,33,27,0,194,6,0,6,200
06/07/2019,GEG,WA,ANM,WE,Combined TRACON& Tower with Radar,126,31,17,8,182,0,0,4,3,7,126,31,21,11,189,12,4,16,205
06/08/2019,GEG,WA,ANM,WE,Combined TRACON& Tower with Radar,105,15,4,0,124,0,0,7,2,9,105,15,11,2,133,6,0,6,139
06/09/2019,GEG,WA,ANM,WE,Combined TRACON& Tower with Radar,125,6,12,0,143,0,0,5,1,6,125,6,17,1,149,18,0,18,167
06/10/2019,GEG,WA,ANM,WE,Combined TRACON& Tower with Radar,128,25,20,0,173,0,4,10,0,14,128,29,30,0,187,36,0,36,223
06/11/2019,GEG,WA,ANM,WE,Combined TRACON& Tower with Radar,140,28,17,1,186,0,1,13,1,15,140,29,30,2,201,6,0,6,207
06/12/2019,GEG,WA,ANM,WE,Combined TRACON& Tower with Radar,132,28,16,11,187,0,0,11,1,12,132,28,27,12,199,18,0,18,217
06/13/2019,GEG,WA,ANM,WE,Combined TRACON& Tower with Radar,146,26,10,5,187,0,0,12,1,13,146,26,22,6,200,10,0,10,210
06/14/2019,GEG,WA,ANM,WE,Combined TRACON& Tower with Radar,137,28,9,0,174,0,1,12,0,13,137,29,21,0,187,0,0,0,187
06/15/2019,GEG,WA,ANM,WE,Combined TRACON& Tower with Radar,123,12,3,0,138,0,0,15,2,17,123,12,18,2,155,14,0,14,169
06/16/2019,GEG,WA,ANM,WE,Combined TRACON& Tower with Radar,127,6,2,0,135,0,0,7,1,8,127,6,9,1,143,0,0,0,143
06/17/2019,GEG,WA,ANM,WE,Combined TRACON& Tower with Radar,128,25,14,0,167,0,0,15,3,18,128,25,29,3,185,4,0,4,189
06/18/2019,GEG,WA,ANM,WE,Combined TRACON& Tower with Radar,142,23,15,0,180,0,0,21,0,21,142,23,36,0,201,4,0,4,205
06/19/2019,GEG,WA,ANM,WE,Combined TRACON& Tower with Radar,137,26,20,7,190,0,0,9,0,9,137,26,29,7,199,0,0,0,199
06/20/2019,GEG,WA,ANM,WE,Combined TRACON& Tower with Radar,152,23,20,9,204,0,0,20,0,20,152,23,40,9,224,34,0,34,258
06/21/2019,GEG,WA,ANM,WE,Combined TRACON& Tower with Radar,136,32,14,2,184,0,0,17,0,17,136,32,31,2,201,18,0,18,219
06/22/2019,GEG,WA,ANM,WE,Combined TRACON& Tower with Radar,119,11,7,1,138,0,0,23,2,25,119,11,30,3,163,20,0,20,183
06/23/2019,GEG,WA,ANM,WE,Combined TRACON& Tower with Radar,127,6,8,0,141,0,0,5,0,5,127,6,13,0,146,4,0,4,150
06/24/2019,GEG,WA,ANM,WE,Combined TRACON& Tower with Radar,131,26,17,1,175,0,2,19,1,22,131,28,36,2,197,0,0,0,197
06/25/2019,GEG,WA,ANM,WE,Combined TRACON& Tower with Radar,155,23,15,0,193,0,0,10,3,13,155,23,25,3,206,4,0,4,210
06/26/2019,GEG,WA,ANM,WE,Combined TRACON& Tower with Radar,138,30,11,8,187,0,0,10,1,11,138,30,21,9,198,4,0,4,202
06/27/2019,GEG,WA,ANM,WE,Combined TRACON& Tower with Radar,143,27,13,0,183,0,0,3,0,3,143,27,16,0,186,4,0,4,190
06/28/2019,GEG,WA,ANM,WE,Combined TRACON& Tower with Radar,133,25,15,0,173,0,0,13,2,15,133,25,28,2,188,4,0,4,192
06/29/2019,GEG,WA,ANM,WE,Combined TRACON& Tower with Radar,118,9,15,0,142,0,0,15,0,15,118,9,30,0,157,0,0,0,157
06/30/2019,GEG,WA,ANM,WE,Combined TRACON& Tower with Radar,129,11,8,0,148,0,0,9,0,9,129,11,17,0,157,4,0,4,161
07/01/2019,GEG,WA,ANM,WE,Combined TRACON& Tower with Radar,131,22,5,6,164,0,2,38,0,40,131,24,43,6,204,30,6,36,240
07/02/2019,GEG,WA,ANM,WE,Combined TRACON& Tower with Radar,141,23,9,0,173,2,4,46,0,52,143,27,55,0,225,4,0,4,229
07/03/2019,GEG,WA,ANM,WE,Combined TRACON& Tower with Radar,137,25,13,2,177,0,0,18,2,20,137,25,31,4,197,16,0,16,213
07/04/2019,GEG,WA,ANM,WE,Combined TRACON& Tower with Radar,101,7,3,0,111,0,0,16,4,20,101,7,19,4,131,32,0,32,163
07/05/2019,GEG,WA,ANM,WE,Combined TRACON& Tower with Radar,113,29,0,0,142,0,0,11,0,11,113,29,11,0,153,8,0,8,161
07/06/2019,GEG,WA,ANM,WE,Combined TRACON& Tower with Radar,118,11,9,3,141,0,0,6,0,6,118,11,15,3,147,6,0,6,153
07/07/2019,GEG,WA,ANM,WE,Combined TRACON& Tower with Radar,129,8,3,1,141,0,0,7,0,7,129,8,10,1,148,20,0,20,168
07/08/2019,GEG,WA,ANM,WE,Combined TRACON& Tower with Radar,132,36,6,0,174,0,4,19,0,23,132,40,25,0,197,42,0,42,239
07/09/2019,GEG,WA,ANM,WE,Combined TRACON& Tower with Radar,145,29,19,1,194,0,0,14,0,14,145,29,33,1,208,24,0,24,232
07/10/2019,GEG,WA,ANM,WE,Combined TRACON& Tower with Radar,140,42,18,5,205,0,2,18,7,27,140,44,36,12,232,40,0,40,272
07/11/2019,GEG,WA,ANM,WE,Combined TRACON& Tower with Radar,146,32,15,8,201,0,0,9,0,9,146,32,24,8,210,10,16,26,236
07/12/2019,GEG,WA,ANM,WE,Combined TRACON& Tower with Radar,133,36,11,9,189,0,0,7,5,12,133,36,18,14,201,12,2,14,215
07/13/2019,GEG,WA,ANM,WE,Combined TRACON& Tower with Radar,119,11,9,4,143,0,0,17,0,17,119,11,26,4,160,10,4,14,174
07/14/2019,GEG,WA,ANM,WE,Combined TRACON& Tower with Radar,132,8,3,0,143,0,0,13,0,13,132,8,16,0,156,30,0,30,186
07/15/2019,GEG,WA,ANM,WE,Combined TRACON& Tower with Radar,137,24,8,1,170,0,0,20,0,20,137,24,28,1,190,4,0,4,194
07/16/2019,GEG,WA,ANM,WE,Combined TRACON& Tower with Radar,149,33,20,4,206,0,0,14,4,18,149,33,34,8,224,32,0,32,256
07/17/2019,GEG,WA,ANM,WE,Combined TRACON& Tower with Radar,138,30,14,13,195,0,0,8,2,10,138,30,22,15,205,42,2,44,249
07/18/2019,GEG,WA,ANM,WE,Combined TRACON& Tower with Radar,147,25,5,3,180,0,4,10,1,15,147,29,15,4,195,8,0,8,203
07/19/2019,GEG,WA,ANM,WE,Combined TRACON& Tower with Radar,141,30,18,1,190,0,2,13,4,19,141,32,31,5,209,40,2,42,251
07/20/2019,GEG,WA,ANM,WE,Combined TRACON& Tower with Radar,119,16,3,0,138,0,0,10,0,10,119,16,13,0,148,30,0,30,178
07/21/2019,GEG,WA,ANM,WE,Combined TRACON& Tower with Radar,131,12,12,0,155,0,0,27,0,27,131,12,39,0,182,4,0,4,186
07/22/2019,GEG,WA,ANM,WE,Combined TRACON& Tower with Radar,145,25,6,0,176,0,0,6,2,8,145,25,12,2,184,30,0,30,214
07/23/2019,GEG,WA,ANM,WE,Combined TRACON& Tower with Radar,142,26,9,0,177,0,0,11,2,13,142,26,20,2,190,0,0,0,190
07/24/2019,GEG,WA,ANM,WE,Combined TRACON& Tower with Radar,144,24,15,1,184,0,0,13,9,22,144,24,28,10,206,16,0,16,222
07/25/2019,GEG,WA,ANM,WE,Combined TRACON& Tower with Radar,148,22,10,2,182,0,0,8,6,14,148,22,18,8,196,26,0,26,222
07/26/2019,GEG,WA,ANM,WE,Combined TRACON& Tower with Radar,136,22,16,9,183,1,2,25,6,34,137,24,41,15,217,12,24,36,253
07/27/2019,GEG,WA,ANM,WE,Combined TRACON& Tower with Radar,120,12,12,0,144,0,0,9,3,12,120,12,21,3,156,2,0,2,158
07/28/2019,GEG,WA,ANM,WE,Combined TRACON& Tower with Radar,135,6,5,1,147,0,0,3,1,4,135,6,8,2,151,0,0,0,151
07/29/2019,GEG,WA,ANM,WE,Combined TRACON& Tower with Radar,133,29,16,0,178,0,0,14,1,15,133,29,30,1,193,24,0,24,217
07/30/2019,GEG,WA,ANM,WE,Combined TRACON& Tower with Radar,139,26,18,1,184,0,0,13,3,16,139,26,31,4,200,32,0,32,232
07/31/2019,GEG,WA,ANM,WE,Combined TRACON& Tower with Radar,138,27,17,2,184,0,0,24,1,25,138,27,41,3,209,22,0,22,231
08/01/2019,GEG,WA,ANM,WE,Combined TRACON& Tower with Radar,147,30,10,2,189,0,1,8,1,10,147,31,18,3,199,2,0,2,201
08/02/2019,GEG,WA,ANM,WE,Combined TRACON& Tower with Radar,136,34,18,3,191,1,0,18,4,23,137,34,36,7,214,16,0,16,230
08/03/2019,GEG,WA,ANM,WE,Combined TRACON& Tower with Radar,121,13,11,3,148,1,0,8,4,13,122,13,19,7,161,19,0,19,180
08/04/2019,GEG,WA,ANM,WE,Combined TRACON& Tower with Radar,140,11,11,3,165,1,0,17,4,22,141,11,28,7,187,4,0,4,191
08/05/2019,GEG,WA,ANM,WE,Combined TRACON& Tower with Radar,135,22,10,1,168,2,0,16,3,21,137,22,26,4,189,16,0,16,205
08/06/2019,GEG,WA,ANM,WE,Combined TRACON& Tower with Radar,146,25,15,4,190,0,1,12,0,13,146,26,27,4,203,10,0,10,213
08/07/2019,GEG,WA,ANM,WE,Combined TRACON& Tower with Radar,140,29,17,0,186,0,2,16,1,19,140,31,33,1,205,4,0,4,209
08/08/2019,GEG,WA,ANM,WE,Combined TRACON& Tower with Radar,147,41,30,2,220,0,2,8,1,11,147,43,38,3,231,14,0,14,245
08/09/2019,GEG,WA,ANM,WE,Combined TRACON& Tower with Radar,142,33,17,0,192,0,1,12,5,18,142,34,29,5,210,12,0,12,222
08/10/2019,GEG,WA,ANM,WE,Combined TRACON& Tower with Radar,122,23,7,0,152,0,0,5,9,14,122,23,12,9,166,8,0,8,174
08/11/2019,GEG,WA,ANM,WE,Combined TRACON& Tower with Radar,140,19,7,0,166,0,0,5,0,5,140,19,12,0,171,0,0,0,171
08/12/2019,GEG,WA,ANM,WE,Combined TRACON& Tower with Radar,133,36,13,8,190,0,0,16,2,18,133,36,29,10,208,26,18,44,252
08/13/2019,GEG,WA,ANM,WE,Combined TRACON& Tower with Radar,144,30,18,3,195,0,0,23,3,26,144,30,41,6,221,32,0,32,253
08/14/2019,GEG,WA,ANM,WE,Combined TRACON& Tower with Radar,142,34,20,2,198,0,0,15,1,16,142,34,35,3,214,16,0,16,230
08/15/2019,GEG,WA,ANM,WE,Combined TRACON& Tower with Radar,144,35,20,4,203,0,0,13,0,13,144,35,33,4,216,50,8,58,274
08/16/2019,GEG,WA,ANM,WE,Combined TRACON& Tower with Radar,137,36,5,2,180,0,0,19,0,19,137,36,24,2,199,8,2,10,209
08/17/2019,GEG,WA,ANM,WE,Combined TRACON& Tower with Radar,115,18,2,0,135,0,0,16,0,16,115,18,18,0,151,31,0,31,182
08/18/2019,GEG,WA,ANM,WE,Combined TRACON& Tower with Radar,133,9,8,0,150,0,0,14,0,14,133,9,22,0,164,4,0,4,168
08/19/2019,GEG,WA,ANM,WE,Combined TRACON& Tower with Radar,133,42,19,0,194,0,0,15,0,15,133,42,34,0,209,26,0,26,235
08/20/2019,GEG,WA,ANM,WE,Combined TRACON& Tower with Radar,142,31,18,2,193,0,2,9,1,12,142,33,27,3,205,12,0,12,217
08/21/2019,GEG,WA,ANM,WE,Combined TRACON& Tower with Radar,141,31,18,0,190,1,3,13,1,18,142,34,31,1,208,28,0,28,236
08/22/2019,GEG,WA,ANM,WE,Combined TRACON& Tower with Radar,144,34,24,0,202,0,0,7,0,7,144,34,31,0,209,14,0,14,223
08/23/2019,GEG,WA,ANM,WE,Combined TRACON& Tower with Radar,142,26,4,1,173,1,0,16,0,17,143,26,20,1,190,1,0,1,191
08/24/2019,GEG,WA,ANM,WE,Combined TRACON& Tower with Radar,116,12,6,1,135,0,0,11,0,11,116,12,17,1,146,10,0,10,156
08/25/2019,GEG,WA,ANM,WE,Combined TRACON& Tower with Radar,133,12,13,1,159,0,0,8,0,8,133,12,21,1,167,0,0,0,167
08/26/2019,GEG,WA,ANM,WE,Combined TRACON& Tower with Radar,130,33,19,0,182,0,1,7,1,9,130,34,26,1,191,2,0,2,193
08/27/2019,GEG,WA,ANM,WE,Combined TRACON& Tower with Radar,140,29,12,0,181,0,0,17,5,22,140,29,29,5,203,32,0,32,235
08/28/2019,GEG,WA,ANM,WE,Combined TRACON& Tower with Radar,140,34,13,10,197,0,0,15,11,26,140,34,28,21,223,14,8,22,245
08/29/2019,GEG,WA,ANM,WE,Combined TRACON& Tower with Radar,140,29,18,0,187,0,0,8,0,8,140,29,26,0,195,2,0,2,197
08/30/2019,GEG,WA,ANM,WE,Combined TRACON& Tower with Radar,143,21,11,0,175,0,0,16,1,17,143,21,27,1,192,30,0,30,222
08/31/2019,GEG,WA,ANM,WE,Combined TRACON& Tower with Radar,110,8,4,0,122,0,0,7,3,10,110,8,11,3,132,0,0,0,132
09/01/2019,GEG,WA,ANM,WE,Combined TRACON& Tower with Radar,105,5,4,0,114,0,0,10,1,11,105,5,14,1,125,26,0,26,151
09/02/2019,GEG,WA,ANM,WE,Combined TRACON& Tower with Radar,119,7,7,1,134,0,0,8,1,9,119,7,15,2,143,16,0,16,159
09/03/2019,GEG,WA,ANM,WE,Combined TRACON& Tower with Radar,123,25,9,8,165,0,0,10,2,12,123,25,19,10,177,8,0,8,185
09/04/2019,GEG,WA,ANM,WE,Combined TRACON& Tower with Radar,127,26,11,0,164,0,0,8,0,8,127,26,19,0,172,4,0,4,176
09/05/2019,GEG,WA,ANM,WE,Combined TRACON& Tower with Radar,133,25,18,0,176,0,0,11,0,11,133,25,29,0,187,6,0,6,193
09/06/2019,GEG,WA,ANM,WE,Combined TRACON& Tower with Radar,124,24,20,2,170,0,1,10,2,13,124,25,30,4,183,24,0,24,207
09/07/2019,GEG,WA,ANM,WE,Combined TRACON& Tower with Radar,127,11,24,5,167,0,0,18,0,18,127,11,42,5,185,6,0,6,191
09/08/2019,GEG,WA,ANM,WE,Combined TRACON& Tower with Radar,130,5,33,1,169,0,0,11,0,11,130,5,44,1,180,6,0,6,186
09/09/2019,GEG,WA,ANM,WE,Combined TRACON& Tower with Radar,130,27,19,0,176,0,0,3,0,3,130,27,22,0,179,0,0,0,179
09/10/2019,GEG,WA,ANM,WE,Combined TRACON& Tower with Radar,133,31,26,12,202,0,0,12,0,12,133,31,38,12,214,6,0,6,220
09/11/2019,GEG,WA,ANM,WE,Combined TRACON& Tower with Radar,138,40,26,8,212,0,0,29,0,29,138,40,55,8,241,56,8,64,305
09/12/2019,GEG,WA,ANM,WE,Combined TRACON& Tower with Radar,142,32,19,7,200,0,3,20,1,24,142,35,39,8,224,14,20,34,258
09/13/2019,GEG,WA,ANM,WE,Combined TRACON& Tower with Radar,136,38,12,2,188,0,3,15,2,20,136,41,27,4,208,10,0,10,218
09/14/2019,GEG,WA,ANM,WE,Combined TRACON& Tower with Radar,117,10,10,0,137,0,1,6,0,7,117,11,16,0,144,0,0,0,144
09/15/2019,GEG,WA,ANM,WE,Combined TRACON& Tower with Radar,131,8,12,2,153,0,0,13,0,13,131,8,25,2,166,2,0,2,168
09/16/2019,GEG,WA,ANM,WE,Combined TRACON& Tower with Radar,132,32,14,0,178,0,0,4,0,4,132,32,18,0,182,0,0,0,182
09/17/2019,GEG,WA,ANM,WE,Combined TRACON& Tower with Radar,134,36,17,8,195,0,0,1,9,10,134,36,18,17,205,2,26,28,233
09/18/2019,GEG,WA,ANM,WE,Combined TRACON& Tower with Radar,140,31,14,29,214,0,0,2,3,5,140,31,16,32,219,4,30,34,253
09/19/2019,GEG,WA,ANM,WE,Combined TRACON& Tower with Radar,138,42,21,6,207,0,0,8,0,8,138,42,29,6,215,4,0,4,219
09/20/2019,GEG,WA,ANM,WE,Combined TRACON& Tower with Radar,139,33,28,2,202,0,1,3,0,4,139,34,31,2,206,6,0,6,212
09/21/2019,GEG,WA,ANM,WE,Combined TRACON& Tower with Radar,119,11,4,0,134,0,1,15,5,21,119,12,19,5,155,36,0,36,191
09/22/2019,GEG,WA,ANM,WE,Combined TRACON& Tower with Radar,133,10,12,0,155,0,2,6,1,9,133,12,18,1,164,2,0,2,166
09/23/2019,GEG,WA,ANM,WE,Combined TRACON& Tower with Radar,131,33,12,2,178,0,0,2,0,2,131,33,14,2,180,2,0,2,182
09/24/2019,GEG,WA,ANM,WE,Combined TRACON& Tower with Radar,138,35,6,6,185,0,4,11,2,17,138,39,17,8,202,30,0,30,232
09/25/2019,GEG,WA,ANM,WE,Combined TRACON& Tower with Radar,137,44,12,2,195,0,1,14,0,15,137,45,26,2,210,0,0,0,210
09/26/2019,GEG,WA,ANM,WE,Combined TRACON& Tower with Radar,143,39,23,38,243,0,0,5,3,8,143,39,28,41,251,16,14,30,281
09/27/2019,GEG,WA,ANM,WE,Combined TRACON& Tower with Radar,135,36,21,3,195,0,1,8,2,11,135,37,29,5,206,8,0,8,214
09/28/2019,GEG,WA,ANM,WE,Combined TRACON& Tower with Radar,114,11,1,0,126,0,0,0,0,0,114,11,1,0,126,0,0,0,126
09/29/2019,GEG,WA,ANM,WE,Combined TRACON& Tower with Radar,132,6,16,0,154,0,0,0,0,0,132,6,16,0,154,0,0,0,154
09/30/2019,GEG,WA,ANM,WE,Combined TRACON& Tower with Radar,131,28,10,3,172,0,0,10,0,10,131,28,20,3,182,0,0,0,182
10/01/2019,GEG,WA,ANM,WE,Combined TRACON& Tower with Radar,137,43,15,0,195,0,1,23,2,26,137,44,38,2,221,8,0,8,229
10/02/2019,GEG,WA,ANM,WE,Combined TRACON& Tower with Radar,141,37,22,0,200,0,4,13,0,17,141,41,35,0,217,4,22,26,243
10/03/2019,GEG,WA,ANM,WE,Combined TRACON& Tower with Radar,140,42,9,0,191,0,2,4,0,6,140,44,13,0,197,0,0,0,197
10/04/2019,GEG,WA,ANM,WE,Combined TRACON& Tower with Radar,143,34,10,0,187,0,1,0,0,1,143,35,10,0,188,0,0,0,188
10/05/2019,GEG,WA,ANM,WE,Combined TRACON& Tower with Radar,120,11,14,0,145,0,2,10,0,12,120,13,24,0,157,20,0,20,177
10/06/2019,GEG,WA,ANM,WE,Combined TRACON& Tower with Radar,134,5,12,0,151,0,0,9,0,9,134,5,21,0,160,8,0,8,168
10/07/2019,GEG,WA,ANM,WE,Combined TRACON& Tower with Radar,140,41,6,0,187,0,1,4,0,5,140,42,10,0,192,26,0,26,218
10/08/2019,GEG,WA,ANM,WE,Combined TRACON& Tower with Radar,144,27,8,2,181,0,1,4,0,5,144,28,12,2,186,0,0,0,186
10/09/2019,GEG,WA,ANM,WE,Combined TRACON& Tower with Radar,142,44,28,11,225,0,1,14,0,15,142,45,42,11,240,20,0,20,260
10/10/2019,GEG,WA,ANM,WE,Combined TRACON& Tower with Radar,151,31,14,1,197,0,1,18,4,23,151,32,32,5,220,42,0,42,262
10/11/2019,GEG,WA,ANM,WE,Combined TRACON& Tower with Radar,138,35,14,1,188,0,1,19,0,20,138,36,33,1,208,10,0,10,218
10/12/2019,GEG,WA,ANM,WE,Combined TRACON& Tower with Radar,115,7,4,0,126,0,1,13,0,14,115,8,17,0,140,0,0,0,140
10/13/2019,GEG,WA,ANM,WE,Combined TRACON& Tower with Radar,132,2,6,1,141,0,0,7,0,7,132,2,13,1,148,0,0,0,148
10/14/2019,GEG,WA,ANM,WE,Combined TRACON& Tower with Radar,132,25,10,4,171,0,2,31,0,33,132,27,41,4,204,56,6,62,266
10/15/2019,GEG,WA,ANM,WE,Combined TRACON& Tower with Radar,140,26,19,1,186,0,0,35,0,35,140,26,54,1,221,62,0,62,283
10/16/2019,GEG,WA,ANM,WE,Combined TRACON& Tower with Radar,138,24,18,0,180,0,0,13,0,13,138,24,31,0,193,8,0,8,201
10/17/2019,GEG,WA,ANM,WE,Combined TRACON& Tower with Radar,146,27,19,0,192,0,0,2,0,2,146,27,21,0,194,4,0,4,198
10/18/2019,GEG,WA,ANM,WE,Combined TRACON& Tower with Radar,138,25,15,0,178,0,0,5,0,5,138,25,20,0,183,6,0,6,189
10/19/2019,GEG,WA,ANM,WE,Combined TRACON& Tower with Radar,111,8,10,0,129,0,0,0,0,0,111,8,10,0,129,0,0,0,129
10/20/2019,GEG,WA,ANM,WE,Combined TRACON& Tower with Radar,123,5,17,0,145,0,0,0,0,0,123,5,17,0,145,0,0,0,145
10/21/2019,GEG,WA,ANM,WE,Combined TRACON& Tower with Radar,133,22,12,12,179,0,0,5,2,7,133,22,17,14,186,16,0,16,202
10/22/2019,GEG,WA,ANM,WE,Combined TRACON& Tower with Radar,138,27,11,0,176,0,1,10,0,11,138,28,21,0,187,16,0,16,203
10/23/2019,GEG,WA,ANM,WE,Combined TRACON& Tower with Radar,143,26,13,0,182,0,0,38,0,38,143,26,51,0,220,67,0,67,287
10/24/2019,GEG,WA,ANM,WE,Combined TRACON& Tower with Radar,138,29,19,4,190,0,0,22,2,24,138,29,41,6,214,16,0,16,230
10/25/2019,GEG,WA,ANM,WE,Combined TRACON& Tower with Radar,147,28,8,10,193,0,0,12,17,29,147,28,20,27,222,4,6,10,232
10/26/2019,GEG,WA,ANM,WE,Combined TRACON& Tower with Radar,108,11,10,1,130,0,0,5,0,5,108,11,15,1,135,2,0,2,137
10/27/2019,GEG,WA,ANM,WE,Combined TRACON& Tower with Radar,113,5,5,0,123,0,1,11,0,12,113,6,16,0,135,6,0,6,141
10/28/2019,GEG,WA,ANM,WE,Combined TRACON& Tower with Radar,126,34,7,3,170,0,0,4,2,6,126,34,11,5,176,0,16,16,192
10/29/2019,GEG,WA,ANM,WE,Combined TRACON& Tower with Radar,130,33,17,0,180,0,2,19,0,21,130,35,36,0,201,28,0,28,229
10/30/2019,GEG,WA,ANM,WE,Combined TRACON& Tower with Radar,131,29,11,0,171,0,1,15,0,16,131,30,26,0,187,18,0,18,205
10/31/2019,GEG,WA,ANM,WE,Combined TRACON& Tower with Radar,104,32,13,0,149,0,1,22,1,24,104,33,35,1,173,56,0,56,229
11/01/2019,GEG,WA,ANM,WE,Combined TRACON& Tower with Radar,131,30,7,0,168,1,2,12,1,16,132,32,19,1,184,44,0,44,228
11/02/2019,GEG,WA,ANM,WE,Combined TRACON& Tower with Radar,107,10,8,0,125,0,0,19,0,19,107,10,27,0,144,15,0,15,159
11/03/2019,GEG,WA,ANM,WE,Combined TRACON& Tower with Radar,118,5,8,2,133,0,0,6,0,6,118,5,14,2,139,20,0,20,159
11/04/2019,GEG,WA,ANM,WE,Combined TRACON& Tower with Radar,127,32,18,26,203,0,1,11,0,12,127,33,29,26,215,18,18,36,251
11/05/2019,GEG,WA,ANM,WE,Combined TRACON& Tower with Radar,138,51,25,6,220,0,2,11,7,20,138,53,36,13,240,30,28,58,298
11/06/2019,GEG,WA,ANM,WE,Combined TRACON& Tower with Radar,129,41,24,0,194,0,0,20,1,21,129,41,44,1,215,14,0,14,229
11/07/2019,GEG,WA,ANM,WE,Combined TRACON& Tower with Radar,139,38,20,8,205,0,0,11,5,16,139,38,31,13,221,24,0,24,245
11/08/2019,GEG,WA,ANM,WE,Combined TRACON& Tower with Radar,140,40,16,0,196,0,2,12,0,14,140,42,28,0,210,10,0,10,220
11/09/2019,GEG,WA,ANM,WE,Combined TRACON& Tower with Radar,120,13,2,0,135,0,0,0,0,0,120,13,2,0,135,4,0,4,139
11/10/2019,GEG,WA,ANM,WE,Combined TRACON& Tower with Radar,127,6,9,0,142,0,0,1,0,1,127,6,10,0,143,0,0,0,143
11/11/2019,GEG,WA,ANM,WE,Combined TRACON& Tower with Radar,139,35,23,0,197,0,1,17,0,18,139,36,40,0,215,30,0,30,245
11/12/2019,GEG,WA,ANM,WE,Combined TRACON& Tower with Radar,141,33,10,7,191,0,0,3,3,6,141,33,13,10,197,2,2,4,201
11/13/2019,GEG,WA,ANM,WE,Combined TRACON& Tower with Radar,135,37,16,6,194,0,0,1,0,1,135,37,17,6,195,0,4,4,199
11/14/2019,GEG,WA,ANM,WE,Combined TRACON& Tower with Radar,139,40,24,22,225,0,1,6,1,8,139,41,30,23,233,38,16,54,287
11/15/2019,GEG,WA,ANM,WE,Combined TRACON& Tower with Radar,130,35,9,0,174,0,0,0,0,0,130,35,9,0,174,4,0,4,178
11/16/2019,GEG,WA,ANM,WE,Combined TRACON& Tower with Radar,126,18,8,0,152,0,1,1,0,2,126,19,9,0,154,0,0,0,154
11/17/2019,GEG,WA,ANM,WE,Combined TRACON& Tower with Radar,125,5,10,0,140,0,0,4,0,4,125,5,14,0,144,0,0,0,144
11/18/2019,GEG,WA,ANM,WE,Combined TRACON& Tower with Radar,128,29,7,12,176,0,0,0,0,0,128,29,7,12,176,10,2,12,188
11/19/2019,GEG,WA,ANM,WE,Combined TRACON& Tower with Radar,136,37,8,12,193,0,0,0,5,5,136,37,8,17,198,0,18,18,216
11/20/2019,GEG,WA,ANM,WE,Combined TRACON& Tower with Radar,133,36,12,2,183,0,0,18,2,20,133,36,30,4,203,28,0,28,231
11/21/2019,GEG,WA,ANM,WE,Combined TRACON& Tower with Radar,144,40,12,20,216,0,6,18,6,30,144,46,30,26,246,48,52,100,346
11/22/2019,GEG,WA,ANM,WE,Combined TRACON& Tower with Radar,128,13,9,1,151,0,0,0,0,0,128,13,9,1,151,0,0,0,151
11/23/2019,GEG,WA,ANM,WE,Combined TRACON& Tower with Radar,147,19,20,1,187,0,0,3,0,3,147,19,23,1,190,6,0,6,196
11/24/2019,GEG,WA,ANM,WE,Combined TRACON& Tower with Radar,129,6,10,0,145,0,0,7,0,7,129,6,17,0,152,0,0,0,152
11/25/2019,GEG,WA,ANM,WE,Combined TRACON& Tower with Radar,134,37,16,4,191,0,0,1,6,7,134,37,17,10,198,10,0,10,208
11/26/2019,GEG,WA,ANM,WE,Combined TRACON& Tower with Radar,126,34,11,1,172,0,0,2,0,2,126,34,13,1,174,0,0,0,174
11/27/2019,GEG,WA,ANM,WE,Combined TRACON& Tower with Radar,138,37,4,2,181,0,0,2,0,2,138,37,6,2,183,0,0,0,183
11/28/2019,GEG,WA,ANM,WE,Combined TRACON& Tower with Radar,95,3,0,0,98,0,0,1,0,1,95,3,1,0,99,0,0,0,99
11/29/2019,GEG,WA,ANM,WE,Combined TRACON& Tower with Radar,108,32,4,0,144,0,0,9,0,9,108,32,13,0,153,22,0,22,175
11/30/2019,GEG,WA,ANM,WE,Combined TRACON& Tower with Radar,124,15,9,1,149,0,1,10,0,11,124,16,19,1,160,10,0,10,170
12/01/2019,GEG,WA,ANM,WE,Combined TRACON& Tower with Radar,136,7,10,0,153,0,0,2,0,2,136,7,12,0,155,2,0,2,157
12/02/2019,GEG,WA,ANM,WE,Combined TRACON& Tower with Radar,132,36,32,12,212,0,0,1,0,1,132,36,33,12,213,16,12,28,241
12/03/2019,GEG,WA,ANM,WE,Combined TRACON& Tower with Radar,138,40,11,0,189,0,0,2,0,2,138,40,13,0,191,0,0,0,191
12/04/2019,GEG,WA,ANM,WE,Combined TRACON& Tower with Radar,136,36,26,6,204,0,0,9,0,9,136,36,35,6,213,4,16,20,233
12/05/2019,GEG,WA,ANM,WE,Combined TRACON& Tower with Radar,140,35,15,6,196,0,1,1,5,7,140,36,16,11,203,2,0,2,205
12/06/2019,GEG,WA,ANM,WE,Combined TRACON& Tower with Radar,144,26,8,0,178,0,0,3,0,3,144,26,11,0,181,0,0,0,181
12/07/2019,GEG,WA,ANM,WE,Combined TRACON& Tower with Radar,115,17,2,0,134,0,0,2,0,2,115,17,4,0,136,4,0,4,140
12/08/2019,GEG,WA,ANM,WE,Combined TRACON& Tower with Radar,124,9,9,0,142,0,0,2,0,2,124,9,11,0,144,0,0,0,144
12/09/2019,GEG,WA,ANM,WE,Combined TRACON& Tower with Radar,127,33,12,0,172,0,0,0,0,0,127,33,12,0,172,0,0,0,172
12/10/2019,GEG,WA,ANM,WE,Combined TRACON& Tower with Radar,141,48,18,0,207,0,0,6,0,6,141,48,24,0,213,10,0,10,223
12/11/2019,GEG,WA,ANM,WE,Combined TRACON& Tower with Radar,135,43,7,0,185,0,0,0,0,0,135,43,7,0,185,0,0,0,185
12/12/2019,GEG,WA,ANM,WE,Combined TRACON& Tower with Radar,137,37,18,0,192,0,0,0,0,0,137,37,18,0,192,0,0,0,192
12/13/2019,GEG,WA,ANM,WE,Combined TRACON& Tower with Radar,134,37,14,0,185,0,1,5,0,6,134,38,19,0,191,8,0,8,199
12/14/2019,GEG,WA,ANM,WE,Combined TRACON& Tower with Radar,125,20,7,2,154,0,0,0,0,0,125,20,7,2,154,0,0,0,154
12/15/2019,GEG,WA,ANM,WE,Combined TRACON& Tower with Radar,124,5,6,0,135,0,0,2,0,2,124,5,8,0,137,0,0,0,137
12/16/2019,GEG,WA,ANM,WE,Combined TRACON& Tower with Radar,130,29,15,0,174,0,0,12,0,12,130,29,27,0,186,26,0,26,212
12/17/2019,GEG,WA,ANM,WE,Combined TRACON& Tower with Radar,142,38,19,14,213,0,1,11,4,16,142,39,30,18,229,0,18,18,247
12/18/2019,GEG,WA,ANM,WE,Combined TRACON& Tower with Radar,150,37,32,4,223,0,0,23,0,23,150,37,55,4,246,14,0,14,260
12/19/2019,GEG,WA,ANM,WE,Combined TRACON& Tower with Radar,139,35,6,0,180,0,0,0,0,0,139,35,6,0,180,0,0,0,180
12/20/2019,GEG,WA,ANM,WE,Combined TRACON& Tower with Radar,140,34,14,0,188,0,0,3,0,3,140,34,17,0,191,0,0,0,191
12/21/2019,GEG,WA,ANM,WE,Combined TRACON& Tower with Radar,145,30,2,0,177,0,0,0,0,0,145,30,2,0,177,0,0,0,177
12/22/2019,GEG,WA,ANM,WE,Combined TRACON& Tower with Radar,137,8,6,0,151,0,0,1,0,1,137,8,7,0,152,0,0,0,152
12/23/2019,GEG,WA,ANM,WE,Combined TRACON& Tower with Radar,136,34,6,0,176,0,0,0,0,0,136,34,6,0,176,0,0,0,176
12/24/2019,GEG,WA,ANM,WE,Combined TRACON& Tower with Radar,132,35,9,0,176,0,0,4,0,4,132,35,13,0,180,2,0,2,182
12/25/2019,GEG,WA,ANM,WE,Combined TRACON& Tower with Radar,104,6,8,0,118,0,0,0,0,0,104,6,8,0,118,0,0,0,118
12/26/2019,GEG,WA,ANM,WE,Combined TRACON& Tower with Radar,136,34,9,0,179,0,0,1,0,1,136,34,10,0,180,0,0,0,180
12/27/2019,GEG,WA,ANM,WE,Combined TRACON& Tower with Radar,133,31,14,0,178,0,0,1,0,1,133,31,15,0,179,0,0,0,179
12/28/2019,GEG,WA,ANM,WE,Combined TRACON& Tower with Radar,130,15,8,0,153,0,0,2,0,2,130,15,10,0,155,12,0,12,167
12/29/2019,GEG,WA,ANM,WE,Combined TRACON& Tower with Radar,130,12,0,0,142,0,0,0,0,0,130,12,0,0,142,0,0,0,142
12/30/2019,GEG,WA,ANM,WE,Combined TRACON& Tower with Radar,128,31,7,0,166,0,0,0,2,2,128,31,7,2,168,0,0,0,168
12/31/2019,GEG,WA,ANM,WE,Combined TRACON& Tower with Radar,126,30,4,0,160,0,0,2,0,2,126,30,6,0,162,0,0,0,162
01/01/2020,GEG,WA,ANM,WE,Combined TRACON& Tower with Radar,108,6,10,0,124,0,0,0,0,0,108,6,10,0,124,0,0,0,124
01/02/2020,GEG,WA,ANM,WE,Combined TRACON& Tower with Radar,136,34,22,0,192,0,0,11,0,11,136,34,33,0,203,0,0,0,203
01/03/2020,GEG,WA,ANM,WE,Combined TRACON& Tower with Radar,134,32,21,0,187,0,0,4,0,4,134,32,25,0,191,6,0,6,197
01/04/2020,GEG,WA,ANM,WE,Combined TRACON& Tower with Radar,119,12,6,0,137,0,1,2,0,3,119,13,8,0,140,0,0,0,140
01/05/2020,GEG,WA,ANM,WE,Combined TRACON& Tower with Radar,129,5,11,0,145,0,0,2,0,2,129,5,13,0,147,10,0,10,157
01/06/2020,GEG,WA,ANM,WE,Combined TRACON& Tower with Radar,126,29,1,0,156,0,0,0,0,0,126,29,1,0,156,0,0,0,156
01/07/2020,GEG,WA,ANM,WE,Combined TRACON& Tower with Radar,135,32,14,0,181,0,2,9,2,13,135,34,23,2,194,4,0,4,198
01/08/2020,GEG,WA,ANM,WE,Combined TRACON& Tower with Radar,131,33,24,2,190,0,0,2,0,2,131,33,26,2,192,0,0,0,192
01/09/2020,GEG,WA,ANM,WE,Combined TRACON& Tower with Radar,134,32,13,11,190,0,0,5,1,6,134,32,18,12,196,20,14,34,230
01/10/2020,GEG,WA,ANM,WE,Combined TRACON& Tower with Radar,129,28,3,0,160,0,0,0,0,0,129,28,3,0,160,0,0,0,160
01/11/2020,GEG,WA,ANM,WE,Combined TRACON& Tower with Radar,108,16,10,0,134,0,0,0,0,0,108,16,10,0,134,0,0,0,134
01/12/2020,GEG,WA,ANM,WE,Combined TRACON& Tower with Radar,113,8,6,0,127,0,0,0,0,0,113,8,6,0,127,0,0,0,127
01/13/2020,GEG,WA,ANM,WE,Combined TRACON& Tower with Radar,123,39,14,0,176,1,0,5,0,6,124,39,19,0,182,22,0,22,204
01/14/2020,GEG,WA,ANM,WE,Combined TRACON& Tower with Radar,135,43,10,2,190,0,0,0,0,0,135,43,10,2,190,0,0,0,190
01/15/2020,GEG,WA,ANM,WE,Combined TRACON& Tower with Radar,129,32,23,0,184,0,1,12,0,13,129,33,35,0,197,4,0,4,201
01/16/2020,GEG,WA,ANM,WE,Combined TRACON& Tower with Radar,139,35,9,0,183,0,0,3,0,3,139,35,12,0,186,0,0,0,186
01/17/2020,GEG,WA,ANM,WE,Combined TRACON& Tower with Radar,125,37,19,0,181,0,0,0,0,0,125,37,19,0,181,2,0,2,183
01/18/2020,GEG,WA,ANM,WE,Combined TRACON& Tower with Radar,101,15,14,0,130,0,0,0,0,0,101,15,14,0,130,0,0,0,130
01/19/2020,GEG,WA,ANM,WE,Combined TRACON& Tower with Radar,119,5,8,0,132,0,0,8,0,8,119,5,16,0,140,10,0,10,150
01/20/2020,GEG,WA,ANM,WE,Combined TRACON& Tower with Radar,125,30,15,0,170,0,0,9,0,9,125,30,24,0,179,0,0,0,179
01/21/2020,GEG,WA,ANM,WE,Combined TRACON& Tower with Radar,133,35,14,0,182,0,0,0,2,2,133,35,14,2,184,0,0,0,184
01/22/2020,GEG,WA,ANM,WE,Combined TRACON& Tower with Radar,131,30,14,0,175,0,0,6,0,6,131,30,20,0,181,12,0,12,193
01/23/2020,GEG,WA,ANM,WE,Combined TRACON& Tower with Radar,133,38,23,0,194,0,0,2,0,2,133,38,25,0,196,0,0,0,196
01/24/2020,GEG,WA,ANM,WE,Combined TRACON& Tower with Radar,139,30,18,8,195,0,0,2,0,2,139,30,20,8,197,0,0,0,197
01/25/2020,GEG,WA,ANM,WE,Combined TRACON& Tower with Radar,102,16,6,0,124,0,0,0,0,0,102,16,6,0,124,0,0,0,124
01/26/2020,GEG,WA,ANM,WE,Combined TRACON& Tower with Radar,124,9,8,0,141,0,0,0,0,0,124,9,8,0,141,0,0,0,141
01/27/2020,GEG,WA,ANM,WE,Combined TRACON& Tower with Radar,128,30,21,0,179,0,0,15,0,15,128,30,36,0,194,22,0,22,216
01/28/2020,GEG,WA,ANM,WE,Combined TRACON& Tower with Radar,141,30,11,0,182,0,0,0,0,0,141,30,11,0,182,0,0,0,182
01/29/2020,GEG,WA,ANM,WE,Combined TRACON& Tower with Radar,130,31,20,0,181,0,0,4,0,4,130,31,24,0,185,0,0,0,185
01/30/2020,GEG,WA,ANM,WE,Combined TRACON& Tower with Radar,145,33,29,0,207,0,0,2,2,4,145,33,31,2,211,6,0,6,217
01/31/2020,GEG,WA,ANM,WE,Combined TRACON& Tower with Radar,132,29,8,5,174,0,0,0,1,1,132,29,8,6,175,0,0,0,175
02/01/2020,GEG,WA,ANM,WE,Combined TRACON& Tower with Radar,100,10,18,3,131,0,0,0,3,3,100,10,18,6,134,14,0,14,148
02/02/2020,GEG,WA,ANM,WE,Combined TRACON& Tower with Radar,120,9,20,0,149,0,0,14,1,15,120,9,34,1,164,50,0,50,214
02/03/2020,GEG,WA,ANM,WE,Combined TRACON& Tower with Radar,121,32,12,6,171,0,1,10,0,11,121,33,22,6,182,30,2,32,214
02/04/2020,GEG,WA,ANM,WE,Combined TRACON& Tower with Radar,137,47,12,8,204,0,0,2,0,2,137,47,14,8,206,16,8,24,230
02/05/2020,GEG,WA,ANM,WE,Combined TRACON& Tower with Radar,132,42,16,0,190,0,0,0,0,0,132,42,16,0,190,0,0,0,190
02/06/2020,GEG,WA,ANM,WE,Combined TRACON& Tower with Radar,135,40,22,2,199,0,0,0,0,0,135,40,22,2,199,0,0,0,199
02/07/2020,GEG,WA,ANM,WE,Combined TRACON& Tower with Radar,127,33,20,2,182,0,0,0,0,0,127,33,20,2,182,0,0,0,182
02/08/2020,GEG,WA,ANM,WE,Combined TRACON& Tower with Radar,103,19,10,0,132,0,0,4,0,4,103,19,14,0,136,0,0,0,136
02/09/2020,GEG,WA,ANM,WE,Combined TRACON& Tower with Radar,124,8,13,0,145,0,0,5,1,6,124,8,18,1,151,4,0,4,155
02/10/2020,GEG,WA,ANM,WE,Combined TRACON& Tower with Radar,132,40,13,23,208,0,0,10,1,11,132,40,23,24,219,18,18,36,255
02/11/2020,GEG,WA,ANM,WE,Combined TRACON& Tower with Radar,143,35,25,22,225,0,0,8,2,10,143,35,33,24,235,26,7,33,268
02/12/2020,GEG,WA,ANM,WE,Combined TRACON& Tower with Radar,132,35,7,13,187,0,0,8,1,9,132,35,15,14,196,12,2,14,210
02/13/2020,GEG,WA,ANM,WE,Combined TRACON& Tower with Radar,138,47,12,0,197,0,2,4,0,6,138,49,16,0,203,8,0,8,211
02/14/2020,GEG,WA,ANM,WE,Combined TRACON& Tower with Radar,134,42,20,0,196,0,1,6,0,7,134,43,26,0,203,2,0,2,205
02/15/2020,GEG,WA,ANM,WE,Combined TRACON& Tower with Radar,105,17,5,0,127,0,0,0,0,0,105,17,5,0,127,12,0,12,139
02/16/2020,GEG,WA,ANM,WE,Combined TRACON& Tower with Radar,123,7,8,0,138,0,0,4,0,4,123,7,12,0,142,0,0,0,142
02/17/2020,GEG,WA,ANM,WE,Combined TRACON& Tower with Radar,135,29,11,3,178,1,1,12,3,17,136,30,23,6,195,28,0,28,223
02/18/2020,GEG,WA,ANM,WE,Combined TRACON& Tower with Radar,138,35,15,11,199,0,0,6,4,10,138,35,21,15,209,40,30,70,279
02/19/2020,GEG,WA,ANM,WE,Combined TRACON& Tower with Radar,136,36,6,0,178,0,0,14,0,14,136,36,20,0,192,20,0,20,212
02/20/2020,GEG,WA,ANM,WE,Combined TRACON& Tower with Radar,135,53,22,4,214,0,2,17,0,19,135,55,39,4,233,26,0,26,259
02/21/2020,GEG,WA,ANM,WE,Combined TRACON& Tower with Radar,136,38,20,0,194,0,0,12,0,12,136,38,32,0,206,32,0,32,238
02/22/2020,GEG,WA,ANM,WE,Combined TRACON& Tower with Radar,109,15,9,0,133,0,1,9,0,10,109,16,18,0,143,20,0,20,163
02/23/2020,GEG,WA,ANM,WE,Combined TRACON& Tower with Radar,121,12,13,0,146,0,0,2,0,2,121,12,15,0,148,0,0,0,148
02/24/2020,GEG,WA,ANM,WE,Combined TRACON& Tower with Radar,141,47,8,0,196,0,0,11,0,11,141,47,19,0,207,30,0,30,237
02/25/2020,GEG,WA,ANM,WE,Combined TRACON& Tower with Radar,140,38,15,0,193,0,3,3,2,8,140,41,18,2,201,0,0,0,201
02/26/2020,GEG,WA,ANM,WE,Combined TRACON& Tower with Radar,132,38,17,14,201,0,0,6,0,6,132,38,23,14,207,10,30,40,247
02/27/2020,GEG,WA,ANM,WE,Combined TRACON& Tower with Radar,137,42,16,0,195,0,1,19,0,20,137,43,35,0,215,42,0,42,257
02/28/2020,GEG,WA,ANM,WE,Combined TRACON& Tower with Radar,139,31,19,0,189,0,0,15,0,15,139,31,34,0,204,20,0,20,224
02/29/2020,GEG,WA,ANM,WE,Combined TRACON& Tower with Radar,109,19,10,0,138,0,0,4,0,4,109,19,14,0,142,30,0,30,172
03/01/2020,GEG,WA,ANM,WE,Combined TRACON& Tower with Radar,129,14,6,0,149,0,0,11,0,11,129,14,17,0,160,14,0,14,174
03/02/2020,GEG,WA,ANM,WE,Combined TRACON& Tower with Radar,130,34,10,0,174,2,0,3,2,7,132,34,13,2,181,0,0,0,181
03/03/2020,GEG,WA,ANM,WE,Combined TRACON& Tower with Radar,144,33,17,0,194,0,0,5,0,5,144,33,22,0,199,2,0,2,201
03/04/2020,GEG,WA,ANM,WE,Combined TRACON& Tower with Radar,132,36,15,3,186,0,0,8,3,11,132,36,23,6,197,4,0,4,201
03/05/2020,GEG,WA,ANM,WE,Combined TRACON& Tower with Radar,134,67,8,0,209,0,0,13,0,13,134,67,21,0,222,20,0,20,242
03/06/2020,GEG,WA,ANM,WE,Combined TRACON& Tower with Radar,131,51,13,1,196,0,8,8,1,17,131,59,21,2,213,42,19,61,274
03/07/2020,GEG,WA,ANM,WE,Combined TRACON& Tower with Radar,111,15,6,1,133,0,0,0,0,0,111,15,6,1,133,0,0,0,133
03/08/2020,GEG,WA,ANM,WE,Combined TRACON& Tower with Radar,128,7,15,1,151,0,0,10,6,16,128,7,25,7,167,32,0,32,199
03/09/2020,GEG,WA,ANM,WE,Combined TRACON& Tower with Radar,127,30,17,2,176,0,1,18,3,22,127,31,35,5,198,38,0,38,236
03/10/2020,GEG,WA,ANM,WE,Combined TRACON& Tower with Radar,141,36,20,6,203,0,5,5,8,18,141,41,25,14,221,10,4,14,235
03/11/2020,GEG,WA,ANM,WE,Combined TRACON& Tower with Radar,139,34,13,8,194,0,5,14,8,27,139,39,27,16,221,56,0,56,277
03/12/2020,GEG,WA,ANM,WE,Combined TRACON& Tower with Radar,140,32,17,2,191,0,2,11,7,20,140,34,28,9,211,38,0,38,249
03/13/2020,GEG,WA,ANM,WE,Combined TRACON& Tower with Radar,134,31,15,1,181,0,0,0,1,1,134,31,15,2,182,0,0,0,182
03/14/2020,GEG,WA,ANM,WE,Combined TRACON& Tower with Radar,111,12,7,2,132,0,0,0,0,0,111,12,7,2,132,0,0,0,132
03/15/2020,GEG,WA,ANM,WE,Combined TRACON& Tower with Radar,130,5,8,0,143,0,0,4,4,8,130,5,12,4,151,8,0,8,159
03/16/2020,GEG,WA,ANM,WE,Combined TRACON& Tower with Radar,136,29,16,1,182,0,0,11,1,12,136,29,27,2,194,10,0,10,204
03/17/2020,GEG,WA,ANM,WE,Combined TRACON& Tower with Radar,140,35,12,21,208,0,3,7,4,14,140,38,19,25,222,18,0,18,240
03/18/2020,GEG,WA,ANM,WE,Combined TRACON& Tower with Radar,140,29,7,1,177,0,2,6,0,8,140,31,13,1,185,6,0,6,191
03/19/2020,GEG,WA,ANM,WE,Combined TRACON& Tower with Radar,137,36,5,1,179,0,2,9,0,11,137,38,14,1,190,8,0,8,198
03/20/2020,GEG,WA,ANM,WE,Combined TRACON& Tower with Radar,123,30,12,0,165,0,1,12,0,13,123,31,24,0,178,58,0,58,236
03/21/2020,GEG,WA,ANM,WE,Combined TRACON& Tower with Radar,86,11,4,0,101,0,3,8,0,11,86,14,12,0,112,38,0,38,150
03/22/2020,GEG,WA,ANM,WE,Combined TRACON& Tower with Radar,85,4,5,0,94,0,0,0,0,0,85,4,5,0,94,0,0,0,94
03/23/2020,GEG,WA,ANM,WE,Combined TRACON& Tower with Radar,105,29,3,4,141,0,0,5,2,7,105,29,8,6,148,0,16,16,164
03/24/2020,GEG,WA,ANM,WE,Combined TRACON& Tower with Radar,103,32,5,1,141,0,1,2,1,4,103,33,7,2,145,2,4,6,151
03/25/2020,GEG,WA,ANM,WE,Combined TRACON& Tower with Radar,98,35,4,0,137,0,0,5,1,6,98,35,9,1,143,12,0,12,155
03/26/2020,GEG,WA,ANM,WE,Combined TRACON& Tower with Radar,100,29,2,0,131,0,1,7,0,8,100,30,9,0,139,18,0,18,157
03/27/2020,GEG,WA,ANM,WE,Combined TRACON& Tower with Radar,86,31,9,0,126,0,0,0,0,0,86,31,9,0,126,0,0,0,126
03/28/2020,GEG,WA,ANM,WE,Combined TRACON& Tower with Radar,68,15,0,2,85,0,0,4,0,4,68,15,4,2,89,2,0,2,91
03/29/2020,GEG,WA,ANM,WE,Combined TRACON& Tower with Radar,70,2,0,2,74,0,0,0,0,0,70,2,0,2,74,0,0,0,74
03/30/2020,GEG,WA,ANM,WE,Combined TRACON& Tower with Radar,75,33,0,0,108,0,0,0,0,0,75,33,0,0,108,0,0,0,108
03/31/2020,GEG,WA,ANM,WE,Combined TRACON& Tower with Radar,81,32,0,0,113,0,2,1,0,3,81,34,1,0,116,0,0,0,116
04/01/2020,GEG,WA,ANM,WE,Combined TRACON& Tower with Radar,78,31,2,0,111,0,0,0,0,0,78,31,2,0,111,0,0,0,111
04/02/2020,GEG,WA,ANM,WE,Combined TRACON& Tower with Radar,64,40,7,8,119,0,1,1,0,2,64,41,8,8,121,12,10,22,143
04/03/2020,GEG,WA,ANM,WE,Combined TRACON& Tower with Radar,65,30,3,4,102,0,0,2,0,2,65,30,5,4,104,10,0,10,114
04/04/2020,GEG,WA,ANM,WE,Combined TRACON& Tower with Radar,58,20,2,0,80,0,0,3,0,3,58,20,5,0,83,16,0,16,99
04/05/2020,GEG,WA,ANM,WE,Combined TRACON& Tower with Radar,57,0,1,0,58,0,0,0,0,0,57,0,1,0,58,0,0,0,58
04/06/2020,GEG,WA,ANM,WE,Combined TRACON& Tower with Radar,60,33,5,9,107,0,0,3,1,4,60,33,8,10,111,10,16,26,137
04/07/2020,GEG,WA,ANM,WE,Combined TRACON& Tower with Radar,70,32,4,1,107,0,1,5,0,6,70,33,9,1,113,16,0,16,129
04/08/2020,GEG,WA,ANM,WE,Combined TRACON& Tower with Radar,73,31,2,4,110,0,0,6,2,8,73,31,8,6,118,8,18,26,144
04/09/2020,GEG,WA,ANM,WE,Combined TRACON& Tower with Radar,72,33,4,5,114,0,0,11,3,14,72,33,15,8,128,26,14,40,168
04/10/2020,GEG,WA,ANM,WE,Combined TRACON& Tower with Radar,53,30,4,0,87,0,0,9,2,11,53,30,13,2,98,14,0,14,112
04/11/2020,GEG,WA,ANM,WE,Combined TRACON& Tower with Radar,45,7,4,0,56,0,3,0,0,3,45,10,4,0,59,6,0,6,65
04/12/2020,GEG,WA,ANM,WE,Combined TRACON& Tower with Radar,43,0,1,0,44,0,0,4,0,4,43,0,5,0,48,0,0,0,48
04/13/2020,GEG,WA,ANM,WE,Combined TRACON& Tower with Radar,46,27,5,0,78,0,2,9,5,16,46,29,14,5,94,30,0,30,124
04/14/2020,GEG,WA,ANM,WE,Combined TRACON& Tower with Radar,48,24,1,0,73,0,2,5,0,7,48,26,6,0,80,0,0,0,80
04/15/2020,GEG,WA,ANM,WE,Combined TRACON& Tower with Radar,60,26,9,6,101,0,2,7,0,9,60,28,16,6,110,12,0,12,122
04/16/2020,GEG,WA,ANM,WE,Combined TRACON& Tower with Radar,47,25,7,5,84,0,2,16,3,21,47,27,23,8,105,0,12,12,117
04/17/2020,GEG,WA,ANM,WE,Combined TRACON& Tower with Radar,42,21,6,0,69,0,1,11,0,12,42,22,17,0,81,10,0,10,91
04/18/2020,GEG,WA,ANM,WE,Combined TRACON& Tower with Radar,40,8,2,0,50,0,1,1,0,2,40,9,3,0,52,0,0,0,52
04/19/2020,GEG,WA,ANM,WE,Combined TRACON& Tower with Radar,37,4,6,0,47,0,0,15,0,15,37,4,21,0,62,16,0,16,78
04/20/2020,GEG,WA,ANM,WE,Combined TRACON& Tower with Radar,36,25,5,0,66,0,2,27,2,31,36,27,32,2,97,20,0,20,117
04/21/2020,GEG,WA,ANM,WE,Combined TRACON& Tower with Radar,44,27,1,0,72,0,4,10,0,14,44,31,11,0,86,12,0,12,98
04/22/2020,GEG,WA,ANM,WE,Combined TRACON& Tower with Radar,45,30,7,0,82,0,2,6,0,8,45,32,13,0,90,6,0,6,96
04/23/2020,GEG,WA,ANM,WE,Combined TRACON& Tower with Radar,50,30,13,0,93,1,0,5,4,10,51,30,18,4,103,6,0,6,109
04/24/2020,GEG,WA,ANM,WE,Combined TRACON& Tower with Radar,52,22,13,2,89,0,0,16,2,18,52,22,29,4,107,8,0,8,115
04/25/2020,GEG,WA,ANM,WE,Combined TRACON& Tower with Radar,30,7,3,0,40,0,1,2,0,3,30,8,5,0,43,0,0,0,43
04/26/2020,GEG,WA,ANM,WE,Combined TRACON& Tower with Radar,36,1,9,0,46,0,0,15,0,15,36,1,24,0,61,12,0,12,73
04/27/2020,GEG,WA,ANM,WE,Combined TRACON& Tower with Radar,38,32,6,6,82,0,0,1,0,1,38,32,7,6,83,0,28,28,111
04/28/2020,GEG,WA,ANM,WE,Combined TRACON& Tower with Radar,46,29,4,0,79,0,1,21,0,22,46,30,25,0,101,19,8,27,128
04/29/2020,GEG,WA,ANM,WE,Combined TRACON& Tower with Radar,48,28,12,0,88,0,0,16,0,16,48,28,28,0,104,6,0,6,110
04/30/2020,GEG,WA,ANM,WE,Combined TRACON& Tower with Radar,62,25,10,1,98,0,1,10,1,12,62,26,20,2,110,0,0,0,110
05/01/2020,GEG,WA,ANM,WE,Combined TRACON& Tower with Radar,47,26,6,8,87,0,0,15,0,15,47,26,21,8,102,2,0,2,104
05/02/2020,GEG,WA,ANM,WE,Combined TRACON& Tower with Radar,33,11,9,1,54,0,0,5,0,5,33,11,14,1,59,2,0,2,61
05/03/2020,GEG,WA,ANM,WE,Combined TRACON& Tower with Radar,33,1,3,0,37,0,0,0,2,2,33,1,3,2,39,0,0,0,39
05/04/2020,GEG,WA,ANM,WE,Combined TRACON& Tower with Radar,38,23,2,24,87,3,1,8,6,18,41,24,10,30,105,12,18,30,135
05/05/2020,GEG,WA,ANM,WE,Combined TRACON& Tower with Radar,43,36,13,8,100,0,0,13,12,25,43,36,26,20,125,30,0,30,155
05/06/2020,GEG,WA,ANM,WE,Combined TRACON& Tower with Radar,42,29,9,2,82,0,1,0,3,4,42,30,9,5,86,8,0,8,94
05/07/2020,GEG,WA,ANM,WE,Combined TRACON& Tower with Radar,53,38,22,8,121,0,0,10,4,14,53,38,32,12,135,26,6,32,167
05/08/2020,GEG,WA,ANM,WE,Combined TRACON& Tower with Radar,42,32,17,6,97,0,0,13,8,21,42,32,30,14,118,48,24,72,190
05/09/2020,GEG,WA,ANM,WE,Combined TRACON& Tower with Radar,30,17,11,0,58,0,1,11,0,12,30,18,22,0,70,46,0,46,116
05/10/2020,GEG,WA,ANM,WE,Combined TRACON& Tower with Radar,35,0,10,0,45,0,0,5,0,5,35,0,15,0,50,0,0,0,50
05/11/2020,GEG,WA,ANM,WE,Combined TRACON& Tower with Radar,35,32,15,0,82,0,1,4,2,7,35,33,19,2,89,8,2,10,99
05/12/2020,GEG,WA,ANM,WE,Combined TRACON& Tower with Radar,41,37,10,0,88,0,0,1,2,3,41,37,11,2,91,30,0,30,121
05/13/2020,GEG,WA,ANM,WE,Combined TRACON& Tower with Radar,44,40,15,4,103,0,0,3,0,3,44,40,18,4,106,54,0,54,160
05/14/2020,GEG,WA,ANM,WE,Combined TRACON& Tower with Radar,50,47,4,0,101,0,0,7,0,7,50,47,11,0,108,40,0,40,148
05/15/2020,GEG,WA,ANM,WE,Combined TRACON& Tower with Radar,40,27,26,3,96,0,0,6,3,9,40,27,32,6,105,28,10,38,143
05/16/2020,GEG,WA,ANM,WE,Combined TRACON& Tower with Radar,30,17,8,2,57,0,1,6,2,9,30,18,14,4,66,22,0,22,88
05/17/2020,GEG,WA,ANM,WE,Combined TRACON& Tower with Radar,35,7,3,0,45,0,0,0,0,0,35,7,3,0,45,0,0,0,45
05/18/2020,GEG,WA,ANM,WE,Combined TRACON& Tower with Radar,47,25,12,0,84,0,0,0,0,0,47,25,12,0,84,0,0,0,84
05/19/2020,GEG,WA,ANM,WE,Combined TRACON& Tower with Radar,43,26,14,9,92,0,1,1,4,6,43,27,15,13,98,10,0,10,108
05/20/2020,GEG,WA,ANM,WE,Combined TRACON& Tower with Radar,48,26,29,0,103,0,0,0,0,0,48,26,29,0,103,8,0,8,111
05/21/2020,GEG,WA,ANM,WE,Combined TRACON& Tower with Radar,47,27,15,0,89,0,0,5,0,5,47,27,20,0,94,28,0,28,122
05/22/2020,GEG,WA,ANM,WE,Combined TRACON& Tower with Radar,46,25,6,0,77,0,0,0,0,0,46,25,6,0,77,0,0,0,77
05/23/2020,GEG,WA,ANM,WE,Combined TRACON& Tower with Radar,34,7,7,0,48,0,1,16,0,17,34,8,23,0,65,46,0,46,111
05/24/2020,GEG,WA,ANM,WE,Combined TRACON& Tower with Radar,37,0,6,0,43,0,0,11,0,11,37,0,17,0,54,4,0,4,58
05/25/2020,GEG,WA,ANM,WE,Combined TRACON& Tower with Radar,38,0,9,0,47,0,0,9,0,9,38,0,18,0,56,28,0,28,84
05/26/2020,GEG,WA,ANM,WE,Combined TRACON& Tower with Radar,44,26,14,0,84,0,0,4,0,4,44,26,18,0,88,16,0,16,104
05/27/2020,GEG,WA,ANM,WE,Combined TRACON& Tower with Radar,49,24,7,2,82,6,2,11,2,21,55,26,18,4,103,60,0,60,163
05/28/2020,GEG,WA,ANM,WE,Combined TRACON& Tower with Radar,55,31,16,6,108,0,0,19,0,19,55,31,35,6,127,62,8,70,197
05/29/2020,GEG,WA,ANM,WE,Combined TRACON& Tower with Radar,43,29,33,0,105,0,0,13,0,13,43,29,46,0,118,28,0,28,146
05/30/2020,GEG,WA,ANM,WE,Combined TRACON& Tower with Radar,35,7,2,0,44,0,1,2,0,3,35,8,4,0,47,0,0,0,47
05/31/2020,GEG,WA,ANM,WE,Combined TRACON& Tower with Radar,38,0,14,0,52,0,0,6,0,6,38,0,20,0,58,6,0,6,64
06/01/2020,GEG,WA,ANM,WE,Combined TRACON& Tower with Radar,45,21,21,0,87,0,1,15,0,16,45,22,36,0,103,18,0,18,121
06/02/2020,GEG,WA,ANM,WE,Combined TRACON& Tower with Radar,54,35,11,34,134,0,0,11,0,11,54,35,22,34,145,58,44,102,247
06/03/2020,GEG,WA,ANM,WE,Combined TRACON& Tower with Radar,61,29,7,30,127,0,0,15,4,19,61,29,22,34,146,26,23,49,195
06/04/2020,GEG,WA,ANM,WE,Combined TRACON& Tower with Radar,58,39,8,12,117,0,0,15,2,17,58,39,23,14,134,34,0,34,168
06/05/2020,GEG,WA,ANM,WE,Combined TRACON& Tower with Radar,56,31,12,0,99,0,0,9,2,11,56,31,21,2,110,20,0,20,130
06/06/2020,GEG,WA,ANM,WE,Combined TRACON& Tower with Radar,49,18,8,2,77,0,3,6,1,10,49,21,14,3,87,14,0,14,101
06/07/2020,GEG,WA,ANM,WE,Combined TRACON& Tower with Radar,54,4,0,0,58,0,0,2,0,2,54,4,2,0,60,0,0,0,60
06/08/2020,GEG,WA,ANM,WE,Combined TRACON& Tower with Radar,64,24,13,0,101,0,0,4,0,4,64,24,17,0,105,0,0,0,105
06/09/2020,GEG,WA,ANM,WE,Combined TRACON& Tower with Radar,64,33,12,10,119,0,0,3,2,5,64,33,15,12,124,2,10,12,136
06/10/2020,GEG,WA,ANM,WE,Combined TRACON& Tower with Radar,60,26,42,0,128,0,0,16,0,16,60,26,58,0,144,24,0,24,168
06/11/2020,GEG,WA,ANM,WE,Combined TRACON& Tower with Radar,73,29,34,6,142,0,0,17,2,19,73,29,51,8,161,32,0,32,193
06/12/2020,GEG,WA,ANM,WE,Combined TRACON& Tower with Radar,63,33,15,0,111,0,0,11,0,11,63,33,26,0,122,40,0,40,162
06/13/2020,GEG,WA,ANM,WE,Combined TRACON& Tower with Radar,55,13,7,14,89,0,0,1,0,1,55,13,8,14,90,0,8,8,98
06/14/2020,GEG,WA,ANM,WE,Combined TRACON& Tower with Radar,60,0,3,0,63,0,0,4,0,4,60,0,7,0,67,0,0,0,67
06/15/2020,GEG,WA,ANM,WE,Combined TRACON& Tower with Radar,63,26,22,1,112,0,0,5,0,5,63,26,27,1,117,14,0,14,131
06/16/2020,GEG,WA,ANM,WE,Combined TRACON& Tower with Radar,70,29,15,3,117,0,0,8,0,8,70,29,23,3,125,17,0,17,142
06/17/2020,GEG,WA,ANM,WE,Combined TRACON& Tower with Radar,72,34,11,37,154,0,3,10,3,16,72,37,21,40,170,24,74,98,268
06/18/2020,GEG,WA,ANM,WE,Combined TRACON& Tower with Radar,78,36,16,31,161,0,0,19,1,20,78,36,35,32,181,64,52,116,297
06/19/2020,GEG,WA,ANM,WE,Combined TRACON& Tower with Radar,66,28,14,10,118,0,0,23,0,23,66,28,37,10,141,38,2,40,181
06/20/2020,GEG,WA,ANM,WE,Combined TRACON& Tower with Radar,57,9,7,1,74,0,1,14,2,17,57,10,21,3,91,16,0,16,107
06/21/2020,GEG,WA,ANM,WE,Combined TRACON& Tower with Radar,67,2,9,1,79,0,0,1,0,1,67,2,10,1,80,0,0,0,80
06/22/2020,GEG,WA,ANM,WE,Combined TRACON& Tower with Radar,68,24,8,1,101,0,0,16,0,16,68,24,24,1,117,2,0,2,119
06/23/2020,GEG,WA,ANM,WE,Combined TRACON& Tower with Radar,75,31,8,1,115,0,0,15,2,17,75,31,23,3,132,46,0,46,178
06/24/2020,GEG,WA,ANM,WE,Combined TRACON& Tower with Radar,80,32,14,0,126,0,0,10,0,10,80,32,24,0,136,32,0,32,168
06/25/2020,GEG,WA,ANM,WE,Combined TRACON& Tower with Radar,72,32,14,0,118,0,0,15,0,15,72,32,29,0,133,46,0,46,179
06/26/2020,GEG,WA,ANM,WE,Combined TRACON& Tower with Radar,74,31,15,0,120,0,3,8,1,12,74,34,23,1,132,36,0,36,168
06/27/2020,GEG,WA,ANM,WE,Combined TRACON& Tower with Radar,66,12,9,0,87,0,1,9,2,12,66,13,18,2,99,10,0,10,109
06/28/2020,GEG,WA,ANM,WE,Combined TRACON& Tower with Radar,72,3,7,1,83,0,0,7,0,7,72,3,14,1,90,0,0,0,90
06/29/2020,GEG,WA,ANM,WE,Combined TRACON& Tower with Radar,71,29,4,0,104,0,2,2,0,4,71,31,6,0,108,0,0,0,108
06/30/2020,GEG,WA,ANM,WE,Combined TRACON& Tower with Radar,74,33,15,1,123,0,0,4,0,4,74,33,19,1,127,0,0,0,127
07/01/2020,GEG,WA,ANM,WE,Combined TRACON& Tower with Radar,80,30,14,5,129,0,1,2,1,4,80,31,16,6,133,2,10,12,145
07/02/2020,GEG,WA,ANM,WE,Combined TRACON& Tower with Radar,91,34,10,3,138,0,0,9,1,10,91,34,19,4,148,18,14,32,180
07/03/2020,GEG,WA,ANM,WE,Combined TRACON& Tower with Radar,85,24,16,0,125,0,1,20,0,21,85,25,36,0,146,22,0,22,168
07/04/2020,GEG,WA,ANM,WE,Combined TRACON& Tower with Radar,63,2,5,0,70,0,0,6,2,8,63,2,11,2,78,10,0,10,88
07/05/2020,GEG,WA,ANM,WE,Combined TRACON& Tower with Radar,82,1,2,0,85,0,0,5,0,5,82,1,7,0,90,10,0,10,100
07/06/2020,GEG,WA,ANM,WE,Combined TRACON& Tower with Radar,83,27,5,0,115,0,0,12,0,12,83,27,17,0,127,20,0,20,147
07/07/2020,GEG,WA,ANM,WE,Combined TRACON& Tower with Radar,90,32,20,21,163,0,0,8,17,25,90,32,28,38,188,28,28,56,244
07/08/2020,GEG,WA,ANM,WE,Combined TRACON& Tower with Radar,91,33,4,16,144,0,0,7,0,7,91,33,11,16,151,10,12,22,173
07/09/2020,GEG,WA,ANM,WE,Combined TRACON& Tower with Radar,90,28,7,0,125,0,0,8,2,10,90,28,15,2,135,0,0,0,135
07/10/2020,GEG,WA,ANM,WE,Combined TRACON& Tower with Radar,87,26,8,0,121,0,0,14,0,14,87,26,22,0,135,48,0,48,183
07/11/2020,GEG,WA,ANM,WE,Combined TRACON& Tower with Radar,81,13,6,0,100,0,2,8,0,10,81,15,14,0,110,4,0,4,114
07/12/2020,GEG,WA,ANM,WE,Combined TRACON& Tower with Radar,84,4,6,5,99,0,1,8,0,9,84,5,14,5,108,8,0,8,116
07/13/2020,GEG,WA,ANM,WE,Combined TRACON& Tower with Radar,88,27,10,0,125,0,0,10,0,10,88,27,20,0,135,0,0,0,135
07/14/2020,GEG,WA,ANM,WE,Combined TRACON& Tower with Radar,92,31,13,13,149,0,0,14,5,19,92,31,27,18,168,38,0,38,206
07/15/2020,GEG,WA,ANM,WE,Combined TRACON& Tower with Radar,95,35,19,7,156,1,1,16,3,21,96,36,35,10,177,24,16,40,217
07/16/2020,GEG,WA,ANM,WE,Combined TRACON& Tower with Radar,93,29,9,9,140,1,0,11,3,15,94,29,20,12,155,18,44,62,217
07/17/2020,GEG,WA,ANM,WE,Combined TRACON& Tower with Radar,92,43,5,1,141,0,1,2,6,9,92,44,7,7,150,26,0,26,176
07/18/2020,GEG,WA,ANM,WE,Combined TRACON& Tower with Radar,85,12,8,0,105,0,0,8,0,8,85,12,16,0,113,29,0,29,142
07/19/2020,GEG,WA,ANM,WE,Combined TRACON& Tower with Radar,86,6,11,2,105,0,0,6,2,8,86,6,17,4,113,10,0,10,123
07/20/2020,GEG,WA,ANM,WE,Combined TRACON& Tower with Radar,91,28,10,0,129,0,0,9,2,11,91,28,19,2,140,28,0,28,168
07/21/2020,GEG,WA,ANM,WE,Combined TRACON& Tower with Radar,96,30,11,0,137,0,0,7,4,11,96,30,18,4,148,16,0,16,164
07/22/2020,GEG,WA,ANM,WE,Combined TRACON& Tower with Radar,96,32,9,4,141,2,0,7,7,16,98,32,16,11,157,6,32,38,195
07/23/2020,GEG,WA,ANM,WE,Combined TRACON& Tower with Radar,97,31,23,7,158,0,2,14,2,18,97,33,37,9,176,18,0,18,194
07/24/2020,GEG,WA,ANM,WE,Combined TRACON& Tower with Radar,94,24,8,0,126,0,0,18,2,20,94,24,26,2,146,38,0,38,184
07/25/2020,GEG,WA,ANM,WE,Combined TRACON& Tower with Radar,85,10,3,0,98,0,0,15,0,15,85,10,18,0,113,42,0,42,155
07/26/2020,GEG,WA,ANM,WE,Combined TRACON& Tower with Radar,92,4,10,0,106,0,0,6,0,6,92,4,16,0,112,0,0,0,112
07/27/2020,GEG,WA,ANM,WE,Combined TRACON& Tower with Radar,93,23,24,1,141,0,2,16,0,18,93,25,40,1,159,40,0,40,199
07/28/2020,GEG,WA,ANM,WE,Combined TRACON& Tower with Radar,94,31,11,21,157,0,0,14,3,17,94,31,25,24,174,26,36,62,236
07/29/2020,GEG,WA,ANM,WE,Combined TRACON& Tower with Radar,99,30,10,0,139,0,0,15,1,16,99,30,25,1,155,30,0,30,185
07/30/2020,GEG,WA,ANM,WE,Combined TRACON& Tower with Radar,100,36,14,0,150,0,0,12,0,12,100,36,26,0,162,21,0,21,183
07/31/2020,GEG,WA,ANM,WE,Combined TRACON& Tower with Radar,96,25,7,0,128,0,2,12,0,14,96,27,19,0,142,0,0,0,142
08/01/2020,GEG,WA,ANM,WE,Combined TRACON& Tower with Radar,100,12,13,0,125,0,0,3,0,3,100,12,16,0,128,0,0,0,128
08/02/2020,GEG,WA,ANM,WE,Combined TRACON& Tower with Radar,105,2,8,1,116,0,0,8,0,8,105,2,16,1,124,28,0,28,152
08/03/2020,GEG,WA,ANM,WE,Combined TRACON& Tower with Radar,107,26,9,0,142,0,0,3,0,3,107,26,12,0,145,0,0,0,145
08/04/2020,GEG,WA,ANM,WE,Combined TRACON& Tower with Radar,110,30,19,4,163,1,0,22,0,23,111,30,41,4,186,58,8,66,252
08/05/2020,GEG,WA,ANM,WE,Combined TRACON& Tower with Radar,112,30,11,9,162,0,0,7,3,10,112,30,18,12,172,18,10,28,200
08/06/2020,GEG,WA,ANM,WE,Combined TRACON& Tower with Radar,118,26,11,0,155,0,0,10,0,10,118,26,21,0,165,56,0,56,221
08/07/2020,GEG,WA,ANM,WE,Combined TRACON& Tower with Radar,114,23,11,2,150,0,0,6,0,6,114,23,17,2,156,0,0,0,156
08/08/2020,GEG,WA,ANM,WE,Combined TRACON& Tower with Radar,106,10,9,2,127,0,0,6,0,6,106,10,15,2,133,2,0,2,135
08/09/2020,GEG,WA,ANM,WE,Combined TRACON& Tower with Radar,104,2,6,0,112,0,0,2,0,2,104,2,8,0,114,0,0,0,114
08/10/2020,GEG,WA,ANM,WE,Combined TRACON& Tower with Radar,107,25,13,0,145,0,1,5,0,6,107,26,18,0,151,14,14,28,179
08/11/2020,GEG,WA,ANM,WE,Combined TRACON& Tower with Radar,107,29,13,6,155,0,0,14,1,15,107,29,27,7,170,0,0,0,170
08/12/2020,GEG,WA,ANM,WE,Combined TRACON& Tower with Radar,105,28,7,8,148,0,1,9,8,18,105,29,16,16,166,2,12,14,180
08/13/2020,GEG,WA,ANM,WE,Combined TRACON& Tower with Radar,108,29,17,3,157,0,0,5,1,6,108,29,22,4,163,14,0,14,177
08/14/2020,GEG,WA,ANM,WE,Combined TRACON& Tower with Radar,105,21,10,0,136,0,1,14,0,15,105,22,24,0,151,0,0,0,151
08/15/2020,GEG,WA,ANM,WE,Combined TRACON& Tower with Radar,103,11,10,3,127,0,1,18,0,19,103,12,28,3,146,2,0,2,148
08/16/2020,GEG,WA,ANM,WE,Combined TRACON& Tower with Radar,100,1,11,1,113,0,2,10,0,12,100,3,21,1,125,0,0,0,125
08/17/2020,GEG,WA,ANM,WE,Combined TRACON& Tower with Radar,101,23,16,0,140,0,0,8,0,8,101,23,24,0,148,0,0,0,148
08/18/2020,GEG,WA,ANM,WE,Combined TRACON& Tower with Radar,110,24,10,0,144,1,0,8,2,11,111,24,18,2,155,0,0,0,155
08/19/2020,GEG,WA,ANM,WE,Combined TRACON& Tower with Radar,109,32,13,10,164,0,2,12,2,16,109,34,25,12,180,44,26,70,250
08/20/2020,GEG,WA,ANM,WE,Combined TRACON& Tower with Radar,108,29,21,9,167,0,3,5,0,8,108,32,26,9,175,21,8,29,204
08/21/2020,GEG,WA,ANM,WE,Combined TRACON& Tower with Radar,109,26,19,16,170,0,0,13,0,13,109,26,32,16,183,26,8,34,217
08/22/2020,GEG,WA,ANM,WE,Combined TRACON& Tower with Radar,100,16,23,0,139,0,0,13,0,13,100,16,36,0,152,48,0,48,200
08/23/2020,GEG,WA,ANM,WE,Combined TRACON& Tower with Radar,100,4,15,0,119,0,0,16,1,17,100,4,31,1,136,8,0,8,144
08/24/2020,GEG,WA,ANM,WE,Combined TRACON& Tower with Radar,102,30,11,6,149,0,1,3,2,6,102,31,14,8,155,12,18,30,185
08/25/2020,GEG,WA,ANM,WE,Combined TRACON& Tower with Radar,106,33,19,8,166,0,0,27,4,31,106,33,46,12,197,58,0,58,255
08/26/2020,GEG,WA,ANM,WE,Combined TRACON& Tower with Radar,109,37,22,0,168,0,2,17,2,21,109,39,39,2,189,8,0,8,197
08/27/2020,GEG,WA,ANM,WE,Combined TRACON& Tower with Radar,107,31,14,9,161,0,2,10,1,13,107,33,24,10,174,38,0,38,212
08/28/2020,GEG,WA,ANM,WE,Combined TRACON& Tower with Radar,109,25,16,1,151,0,2,14,0,16,109,27,30,1,167,22,0,22,189
08/29/2020,GEG,WA,ANM,WE,Combined TRACON& Tower with Radar,99,13,0,0,112,0,0,10,1,11,99,13,10,1,123,10,0,10,133
08/30/2020,GEG,WA,ANM,WE,Combined TRACON& Tower with Radar,100,4,12,1,117,1,0,18,1,20,101,4,30,2,137,32,0,32,169
08/31/2020,GEG,WA,ANM,WE,Combined TRACON& Tower with Radar,102,24,8,4,138,0,3,15,0,18,102,27,23,4,156,8,0,8,164
09/01/2020,GEG,WA,ANM,WE,Combined TRACON& Tower with Radar,110,32,15,1,158,3,2,4,0,9,113,34,19,1,167,2,0,2,169
09/02/2020,GEG,WA,ANM,WE,Combined TRACON& Tower with Radar,108,35,9,7,159,0,0,5,3,8,108,35,14,10,167,0,14,14,181
09/03/2020,GEG,WA,ANM,WE,Combined TRACON& Tower with Radar,112,28,10,10,160,0,1,2,4,7,112,29,12,14,167,16,14,30,197
09/04/2020,GEG,WA,ANM,WE,Combined TRACON& Tower with Radar,111,24,11,0,146,0,1,12,0,13,111,25,23,0,159,4,0,4,163
09/05/2020,GEG,WA,ANM,WE,Combined TRACON& Tower with Radar,106,12,11,0,129,0,0,10,1,11,106,12,21,1,140,62,0,62,202
09/06/2020,GEG,WA,ANM,WE,Combined TRACON& Tower with Radar,95,1,12,0,108,0,0,7,0,7,95,1,19,0,115,20,0,20,135
09/07/2020,GEG,WA,ANM,WE,Combined TRACON& Tower with Radar,101,4,7,0,112,0,0,2,10,12,101,4,9,10,124,34,0,34,158
09/08/2020,GEG,WA,ANM,WE,Combined TRACON& Tower with Radar,107,33,11,1,152,5,0,11,1,17,112,33,22,2,169,12,0,12,181
09/09/2020,GEG,WA,ANM,WE,Combined TRACON& Tower with Radar,104,31,16,1,152,0,1,13,2,16,104,32,29,3,168,10,0,10,178
09/10/2020,GEG,WA,ANM,WE,Combined TRACON& Tower with Radar,110,26,9,10,155,0,4,17,2,23,110,30,26,12,178,36,10,46,224
09/11/2020,GEG,WA,ANM,WE,Combined TRACON& Tower with Radar,106,24,12,11,153,0,0,6,4,10,106,24,18,15,163,4,42,46,209
09/12/2020,GEG,WA,ANM,WE,Combined TRACON& Tower with Radar,97,9,2,0,108,0,0,0,0,0,97,9,2,0,108,0,0,0,108
09/13/2020,GEG,WA,ANM,WE,Combined TRACON& Tower with Radar,76,4,20,1,101,0,0,0,0,0,76,4,20,1,101,0,0,0,101
09/14/2020,GEG,WA,ANM,WE,Combined TRACON& Tower with Radar,74,13,14,5,106,0,0,0,0,0,74,13,14,5,106,2,0,2,108
09/15/2020,GEG,WA,ANM,WE,Combined TRACON& Tower with Radar,80,17,21,19,137,0,0,0,0,0,80,17,21,19,137,0,16,16,153
09/16/2020,GEG,WA,ANM,WE,Combined TRACON& Tower with Radar,99,26,18,12,155,0,0,0,0,0,99,26,18,12,155,0,0,0,155
09/17/2020,GEG,WA,ANM,WE,Combined TRACON& Tower with Radar,108,28,8,0,144,0,0,0,0,0,108,28,8,0,144,0,0,0,144
09/18/2020,GEG,WA,ANM,WE,Combined TRACON& Tower with Radar,112,23,11,4,150,0,0,0,0,0,112,23,11,4,150,0,0,0,150
09/19/2020,GEG,WA,ANM,WE,Combined TRACON& Tower with Radar,103,13,5,0,121,0,0,0,0,0,103,13,5,0,121,0,0,0,121
09/20/2020,GEG,WA,ANM,WE,Combined TRACON& Tower with Radar,102,1,6,2,111,0,0,7,0,7,102,1,13,2,118,0,0,0,118
09/21/2020,GEG,WA,ANM,WE,Combined TRACON& Tower with Radar,104,25,7,1,137,0,1,16,2,19,104,26,23,3,156,4,0,4,160
09/22/2020,GEG,WA,ANM,WE,Combined TRACON& Tower with Radar,106,27,15,1,149,0,0,10,0,10,106,27,25,1,159,14,0,14,173
09/23/2020,GEG,WA,ANM,WE,Combined TRACON& Tower with Radar,107,33,19,1,160,0,0,9,0,9,107,33,28,1,169,23,0,23,192
09/24/2020,GEG,WA,ANM,WE,Combined TRACON& Tower with Radar,111,29,8,8,156,0,0,7,0,7,111,29,15,8,163,2,0,2,165
09/25/2020,GEG,WA,ANM,WE,Combined TRACON& Tower with Radar,112,28,10,15,165,0,0,4,3,7,112,28,14,18,172,8,10,18,190
09/26/2020,GEG,WA,ANM,WE,Combined TRACON& Tower with Radar,107,9,9,0,125,0,1,6,2,9,107,10,15,2,134,0,0,0,134
09/27/2020,GEG,WA,ANM,WE,Combined TRACON& Tower with Radar,106,6,11,1,124,1,0,13,0,14,107,6,24,1,138,0,0,0,138
09/28/2020,GEG,WA,ANM,WE,Combined TRACON& Tower with Radar,102,19,13,1,135,0,2,9,1,12,102,21,22,2,147,6,2,8,155
09/29/2020,GEG,WA,ANM,WE,Combined TRACON& Tower with Radar,112,27,14,5,158,1,2,13,10,26,113,29,27,15,184,28,22,50,234
09/30/2020,GEG,WA,ANM,WE,Combined TRACON& Tower with Radar,109,30,15,1,155,0,0,11,0,11,109,30,26,1,166,22,0,22,188
10/01/2020,GEG,WA,ANM,WE,Combined TRACON& Tower with Radar,132,25,10,5,172,0,0,13,5,18,132,25,23,10,190,4,0,4,194
10/02/2020,GEG,WA,ANM,WE,Combined TRACON& Tower with Radar,130,23,14,1,168,0,1,14,0,15,130,24,28,1,183,8,0,8,191
10/03/2020,GEG,WA,ANM,WE,Combined TRACON& Tower with Radar,119,14,9,1,143,0,0,16,0,16,119,14,25,1,159,18,0,18,177
10/04/2020,GEG,WA,ANM,WE,Combined TRACON& Tower with Radar,112,11,9,2,134,1,0,7,0,8,113,11,16,2,142,10,0,10,152
10/05/2020,GEG,WA,ANM,WE,Combined TRACON& Tower with Radar,107,24,12,0,143,0,3,15,0,18,107,27,27,0,161,2,0,2,163
10/06/2020,GEG,WA,ANM,WE,Combined TRACON& Tower with Radar,119,27,24,4,174,0,3,11,0,14,119,30,35,4,188,0,0,0,188
10/07/2020,GEG,WA,ANM,WE,Combined TRACON& Tower with Radar,111,33,10,0,154,0,4,13,0,17,111,37,23,0,171,4,0,4,175
10/08/2020,GEG,WA,ANM,WE,Combined TRACON& Tower with Radar,114,30,9,16,169,0,0,6,1,7,114,30,15,17,176,8,30,38,214
10/09/2020,GEG,WA,ANM,WE,Combined TRACON& Tower with Radar,113,25,13,0,151,0,0,18,0,18,113,25,31,0,169,8,0,8,177
10/10/2020,GEG,WA,ANM,WE,Combined TRACON& Tower with Radar,127,13,5,0,145,0,0,0,0,0,127,13,5,0,145,0,0,0,145
10/11/2020,GEG,WA,ANM,WE,Combined TRACON& Tower with Radar,110,1,6,0,117,0,0,2,0,2,110,1,8,0,119,0,0,0,119
10/12/2020,GEG,WA,ANM,WE,Combined TRACON& Tower with Radar,105,30,17,1,153,0,1,15,0,16,105,31,32,1,169,20,0,20,189
10/13/2020,GEG,WA,ANM,WE,Combined TRACON& Tower with Radar,111,34,2,0,147,0,0,1,0,1,111,34,3,0,148,0,0,0,148
10/14/2020,GEG,WA,ANM,WE,Combined TRACON& Tower with Radar,119,31,17,6,173,0,0,17,8,25,119,31,34,14,198,13,18,31,229
10/15/2020,GEG,WA,ANM,WE,Combined TRACON& Tower with Radar,122,37,3,5,167,9,0,29,3,41,131,37,32,8,208,66,0,66,274
10/16/2020,GEG,WA,ANM,WE,Combined TRACON& Tower with Radar,111,27,8,4,150,0,0,10,0,10,111,27,18,4,160,0,0,0,160
10/17/2020,GEG,WA,ANM,WE,Combined TRACON& Tower with Radar,105,11,13,0,129,0,0,15,0,15,105,11,28,0,144,12,0,12,156
10/18/2020,GEG,WA,ANM,WE,Combined TRACON& Tower with Radar,110,0,4,2,116,0,0,0,0,0,110,0,4,2,116,0,0,0,116
10/19/2020,GEG,WA,ANM,WE,Combined TRACON& Tower with Radar,110,27,9,0,146,0,1,18,0,19,110,28,27,0,165,12,0,12,177
10/20/2020,GEG,WA,ANM,WE,Combined TRACON& Tower with Radar,110,38,7,0,155,0,1,12,2,15,110,39,19,2,170,21,0,21,191
10/21/2020,GEG,WA,ANM,WE,Combined TRACON& Tower with Radar,114,36,8,2,160,0,0,35,0,35,114,36,43,2,195,58,0,58,253
10/22/2020,GEG,WA,ANM,WE,Combined TRACON& Tower with Radar,111,38,14,2,165,0,0,54,0,54,111,38,68,2,219,114,0,114,333
10/23/2020,GEG,WA,ANM,WE,Combined TRACON& Tower with Radar,102,26,6,0,134,0,0,1,0,1,102,26,7,0,135,0,0,0,135
10/24/2020,GEG,WA,ANM,WE,Combined TRACON& Tower with Radar,100,13,5,0,118,0,0,0,0,0,100,13,5,0,118,0,0,0,118
10/25/2020,GEG,WA,ANM,WE,Combined TRACON& Tower with Radar,101,1,9,0,111,0,2,6,0,8,101,3,15,0,119,12,0,12,131
10/26/2020,GEG,WA,ANM,WE,Combined TRACON& Tower with Radar,99,24,10,15,148,0,4,33,0,37,99,28,43,15,185,40,32,72,257
10/27/2020,GEG,WA,ANM,WE,Combined TRACON& Tower with Radar,107,29,9,0,145,0,0,11,1,12,107,29,20,1,157,37,0,37,194
10/28/2020,GEG,WA,ANM,WE,Combined TRACON& Tower with Radar,110,31,23,1,165,0,4,10,5,19,110,35,33,6,184,29,0,29,213
10/29/2020,GEG,WA,ANM,WE,Combined TRACON& Tower with Radar,106,27,10,15,158,0,0,14,0,14,106,27,24,15,172,20,6,26,198
10/30/2020,GEG,WA,ANM,WE,Combined TRACON& Tower with Radar,104,27,13,0,144,0,2,4,0,6,104,29,17,0,150,0,0,0,150
10/31/2020,GEG,WA,ANM,WE,Combined TRACON& Tower with Radar,91,10,5,0,106,0,6,15,2,23,91,16,20,2,129,18,0,18,147
11/01/2020,GEG,WA,ANM,WE,Combined TRACON& Tower with Radar,105,4,16,0,125,0,0,9,0,9,105,4,25,0,134,40,0,40,174
11/02/2020,GEG,WA,ANM,WE,Combined TRACON& Tower with Radar,101,27,11,5,144,0,2,24,7,33,101,29,35,12,177,32,3,35,212
11/03/2020,GEG,WA,ANM,WE,Combined TRACON& Tower with Radar,107,34,7,3,151,0,4,4,3,11,107,38,11,6,162,8,0,8,170
11/04/2020,GEG,WA,ANM,WE,Combined TRACON& Tower with Radar,106,40,18,6,170,0,2,5,0,7,106,42,23,6,177,15,8,23,200
11/05/2020,GEG,WA,ANM,WE,Combined TRACON& Tower with Radar,116,28,9,1,154,0,2,2,0,4,116,30,11,1,158,0,0,0,158
11/06/2020,GEG,WA,ANM,WE,Combined TRACON& Tower with Radar,114,23,10,1,148,0,0,1,0,1,114,23,11,1,149,2,0,2,151
11/07/2020,GEG,WA,ANM,WE,Combined TRACON& Tower with Radar,99,10,6,0,115,0,0,2,0,2,99,10,8,0,117,2,0,2,119
11/08/2020,GEG,WA,ANM,WE,Combined TRACON& Tower with Radar,114,3,3,0,120,0,0,1,0,1,114,3,4,0,121,6,0,6,127
11/09/2020,GEG,WA,ANM,WE,Combined TRACON& Tower with Radar,113,25,1,2,141,0,0,6,0,6,113,25,7,2,147,0,0,0,147
11/10/2020,GEG,WA,ANM,WE,Combined TRACON& Tower with Radar,115,31,14,0,160,0,0,4,0,4,115,31,18,0,164,0,0,0,164
11/11/2020,GEG,WA,ANM,WE,Combined TRACON& Tower with Radar,115,38,18,0,171,0,0,2,0,2,115,38,20,0,173,0,0,0,173
11/12/2020,GEG,WA,ANM,WE,Combined TRACON& Tower with Radar,130,28,9,0,167,0,0,11,4,15,130,28,20,4,182,22,0,22,204
11/13/2020,GEG,WA,ANM,WE,Combined TRACON& Tower with Radar,116,25,5,0,146,0,0,0,0,0,116,25,5,0,146,0,0,0,146
11/14/2020,GEG,WA,ANM,WE,Combined TRACON& Tower with Radar,109,10,4,0,123,0,1,6,0,7,109,11,10,0,130,0,0,0,130
11/15/2020,GEG,WA,ANM,WE,Combined TRACON& Tower with Radar,114,0,4,0,118,0,0,1,0,1,114,0,5,0,119,0,0,0,119
11/16/2020,GEG,WA,ANM,WE,Combined TRACON& Tower with Radar,115,26,12,0,153,0,0,1,4,5,115,26,13,4,158,0,0,0,158
11/17/2020,GEG,WA,ANM,WE,Combined TRACON& Tower with Radar,113,36,5,0,154,0,0,3,0,3,113,36,8,0,157,8,0,8,165
11/18/2020,GEG,WA,ANM,WE,Combined TRACON& Tower with Radar,117,34,6,0,157,0,0,8,0,8,117,34,14,0,165,26,0,26,191
11/19/2020,GEG,WA,ANM,WE,Combined TRACON& Tower with Radar,125,30,15,1,171,0,0,4,0,4,125,30,19,1,175,13,0,13,188
11/20/2020,GEG,WA,ANM,WE,Combined TRACON& Tower with Radar,124,27,15,0,166,0,1,8,0,9,124,28,23,0,175,16,0,16,191
11/21/2020,GEG,WA,ANM,WE,Combined TRACON& Tower with Radar,115,8,12,0,135,0,0,30,0,30,115,8,42,0,165,32,0,32,197
11/22/2020,GEG,WA,ANM,WE,Combined TRACON& Tower with Radar,123,1,15,0,139,0,0,2,0,2,123,1,17,0,141,7,0,7,148
11/23/2020,GEG,WA,ANM,WE,Combined TRACON& Tower with Radar,120,33,2,0,155,0,0,0,0,0,120,33,2,0,155,0,0,0,155
11/24/2020,GEG,WA,ANM,WE,Combined TRACON& Tower with Radar,132,35,6,0,173,0,0,1,0,1,132,35,7,0,174,0,0,0,174
11/25/2020,GEG,WA,ANM,WE,Combined TRACON& Tower with Radar,132,39,10,0,181,0,2,2,0,4,132,41,12,0,185,2,0,2,187
11/26/2020,GEG,WA,ANM,WE,Combined TRACON& Tower with Radar,65,2,0,0,67,0,0,0,0,0,65,2,0,0,67,0,0,0,67
11/27/2020,GEG,WA,ANM,WE,Combined TRACON& Tower with Radar,109,28,5,0,142,0,1,10,0,11,109,29,15,0,153,8,0,8,161
11/28/2020,GEG,WA,ANM,WE,Combined TRACON& Tower with Radar,118,12,14,0,144,0,0,9,0,9,118,12,23,0,153,0,0,0,153
11/29/2020,GEG,WA,ANM,WE,Combined TRACON& Tower with Radar,128,3,9,1,141,0,0,6,0,6,128,3,15,1,147,0,0,0,147
11/30/2020,GEG,WA,ANM,WE,Combined TRACON& Tower with Radar,123,28,7,0,158,0,0,2,0,2,123,28,9,0,160,0,0,0,160
12/01/2020,GEG,WA,ANM,WE,Combined TRACON& Tower with Radar,116,45,12,2,175,0,0,9,2,11,116,45,21,4,186,0,0,0,186
12/02/2020,GEG,WA,ANM,WE,Combined TRACON& Tower with Radar,110,47,6,5,168,0,2,13,5,20,110,49,19,10,188,32,16,48,236
12/03/2020,GEG,WA,ANM,WE,Combined TRACON& Tower with Radar,114,40,13,5,172,0,3,17,3,23,114,43,30,8,195,12,0,12,207
12/04/2020,GEG,WA,ANM,WE,Combined TRACON& Tower with Radar,113,27,3,0,143,0,0,0,0,0,113,27,3,0,143,0,0,0,143
12/05/2020,GEG,WA,ANM,WE,Combined TRACON& Tower with Radar,90,17,15,0,122,0,0,5,0,5,90,17,20,0,127,2,0,2,129
12/06/2020,GEG,WA,ANM,WE,Combined TRACON& Tower with Radar,99,5,6,0,110,0,0,2,0,2,99,5,8,0,112,14,0,14,126
12/07/2020,GEG,WA,ANM,WE,Combined TRACON& Tower with Radar,105,31,4,0,140,0,1,13,0,14,105,32,17,0,154,8,0,8,162
12/08/2020,GEG,WA,ANM,WE,Combined TRACON& Tower with Radar,119,39,9,0,167,1,0,8,0,9,120,39,17,0,176,4,0,4,180
12/09/2020,GEG,WA,ANM,WE,Combined TRACON& Tower with Radar,107,40,9,0,156,0,0,0,0,0,107,40,9,0,156,0,0,0,156
12/10/2020,GEG,WA,ANM,WE,Combined TRACON& Tower with Radar,112,36,11,1,160,0,0,0,0,0,112,36,11,1,160,0,0,0,160
12/11/2020,GEG,WA,ANM,WE,Combined TRACON& Tower with Radar,109,32,4,0,145,0,0,0,0,0,109,32,4,0,145,0,0,0,145
12/12/2020,GEG,WA,ANM,WE,Combined TRACON& Tower with Radar,94,18,1,0,113,0,0,0,0,0,94,18,1,0,113,0,0,0,113
12/13/2020,GEG,WA,ANM,WE,Combined TRACON& Tower with Radar,98,7,18,0,123,0,0,0,0,0,98,7,18,0,123,0,0,0,123
12/14/2020,GEG,WA,ANM,WE,Combined TRACON& Tower with Radar,105,29,8,1,143,0,0,0,0,0,105,29,8,1,143,6,0,6,149
12/15/2020,GEG,WA,ANM,WE,Combined TRACON& Tower with Radar,111,34,14,0,159,0,0,0,0,0,111,34,14,0,159,20,0,20,179
12/16/2020,GEG,WA,ANM,WE,Combined TRACON& Tower with Radar,111,37,13,0,161,0,0,9,0,9,111,37,22,0,170,0,0,0,170
12/17/2020,GEG,WA,ANM,WE,Combined TRACON& Tower with Radar,128,43,9,0,180,0,0,6,0,6,128,43,15,0,186,4,0,4,190
12/18/2020,GEG,WA,ANM,WE,Combined TRACON& Tower with Radar,127,33,7,1,168,0,0,2,0,2,127,33,9,1,170,0,0,0,170
12/19/2020,GEG,WA,ANM,WE,Combined TRACON& Tower with Radar,123,23,2,0,148,0,0,3,0,3,123,23,5,0,151,0,0,0,151
12/20/2020,GEG,WA,ANM,WE,Combined TRACON& Tower with Radar,121,4,3,0,128,0,0,2,0,2,121,4,5,0,130,2,0,2,132
12/21/2020,GEG,WA,ANM,WE,Combined TRACON& Tower with Radar,121,28,0,0,149,0,1,0,0,1,121,29,0,0,150,0,0,0,150
12/22/2020,GEG,WA,ANM,WE,Combined TRACON& Tower with Radar,131,45,9,0,185,0,0,6,0,6,131,45,15,0,191,32,0,32,223
12/23/2020,GEG,WA,ANM,WE,Combined TRACON& Tower with Radar,135,37,5,0,177,0,0,7,0,7,135,37,12,0,184,12,0,12,196
12/24/2020,GEG,WA,ANM,WE,Combined TRACON& Tower with Radar,96,37,4,0,137,0,0,9,0,9,96,37,13,0,146,14,0,14,160
12/25/2020,GEG,WA,ANM,WE,Combined TRACON& Tower with Radar,78,4,0,0,82,0,0,0,0,0,78,4,0,0,82,0,0,0,82
12/26/2020,GEG,WA,ANM,WE,Combined TRACON& Tower with Radar,106,15,5,0,126,0,0,1,0,1,106,15,6,0,127,12,0,12,139
12/27/2020,GEG,WA,ANM,WE,Combined TRACON& Tower with Radar,116,10,11,0,137,0,0,0,0,0,116,10,11,0,137,0,0,0,137
12/28/2020,GEG,WA,ANM,WE,Combined TRACON& Tower with Radar,111,31,7,0,149,0,0,2,0,2,111,31,9,0,151,2,0,2,153
12/29/2020,GEG,WA,ANM,WE,Combined TRACON& Tower with Radar,132,32,6,0,170,0,0,0,0,0,132,32,6,0,170,0,0,0,170
12/30/2020,GEG,WA,ANM,WE,Combined TRACON& Tower with Radar,129,36,8,0,173,0,0,0,0,0,129,36,8,0,173,0,0,0,173
12/31/2020,GEG,WA,ANM,WE,Combined TRACON& Tower with Radar,95,33,7,0,135,0,0,0,0,0,95,33,7,0,135,0,0,0,135
01/01/2021,GEG,WA,ANM,WE,Combined TRACON& Tower with Radar,91,4,4,0,99,0,0,0,0,0,91,4,4,0,99,2,0,2,101
01/02/2021,GEG,WA,ANM,WE,Combined TRACON& Tower with Radar,108,11,4,0,123,0,0,2,0,2,108,11,6,0,125,0,0,0,125
01/03/2021,GEG,WA,ANM,WE,Combined TRACON& Tower with Radar,119,9,7,0,135,0,2,5,0,7,119,11,12,0,142,16,0,16,158
01/04/2021,GEG,WA,ANM,WE,Combined TRACON& Tower with Radar,111,29,1,0,141,0,0,2,0,2,111,29,3,0,143,26,0,26,169
01/05/2021,GEG,WA,ANM,WE,Combined TRACON& Tower with Radar,106,31,14,0,151,0,0,2,0,2,106,31,16,0,153,8,0,8,161
01/06/2021,GEG,WA,ANM,WE,Combined TRACON& Tower with Radar,110,31,16,0,157,0,0,0,0,0,110,31,16,0,157,0,0,0,157
01/07/2021,GEG,WA,ANM,WE,Combined TRACON& Tower with Radar,106,37,15,0,158,0,0,0,0,0,106,37,15,0,158,0,0,0,158
01/08/2021,GEG,WA,ANM,WE,Combined TRACON& Tower with Radar,105,38,14,0,157,0,0,4,0,4,105,38,18,0,161,16,0,16,177
01/09/2021,GEG,WA,ANM,WE,Combined TRACON& Tower with Radar,90,16,5,0,111,0,0,0,0,0,90,16,5,0,111,0,0,0,111
01/10/2021,GEG,WA,ANM,WE,Combined TRACON& Tower with Radar,98,1,6,0,105,0,0,4,0,4,98,1,10,0,109,0,0,0,109
01/11/2021,GEG,WA,ANM,WE,Combined TRACON& Tower with Radar,96,27,15,0,138,0,0,7,0,7,96,27,22,0,145,2,0,2,147
01/12/2021,GEG,WA,ANM,WE,Combined TRACON& Tower with Radar,100,28,6,2,136,0,0,0,0,0,100,28,6,2,136,4,0,4,140
01/13/2021,GEG,WA,ANM,WE,Combined TRACON& Tower with Radar,97,15,7,0,119,0,0,3,0,3,97,15,10,0,122,0,0,0,122
01/14/2021,GEG,WA,ANM,WE,Combined TRACON& Tower with Radar,107,29,8,2,146,2,0,10,4,16,109,29,18,6,162,22,4,26,188
01/15/2021,GEG,WA,ANM,WE,Combined TRACON& Tower with Radar,102,27,13,2,144,0,0,4,4,8,102,27,17,6,152,16,0,16,168
01/16/2021,GEG,WA,ANM,WE,Combined TRACON& Tower with Radar,86,14,3,3,106,0,0,2,3,5,86,14,5,6,111,12,0,12,123
01/17/2021,GEG,WA,ANM,WE,Combined TRACON& Tower with Radar,85,4,6,0,95,0,0,1,0,1,85,4,7,0,96,0,0,0,96
01/18/2021,GEG,WA,ANM,WE,Combined TRACON& Tower with Radar,98,24,13,0,135,0,1,4,0,5,98,25,17,0,140,4,0,4,144
01/19/2021,GEG,WA,ANM,WE,Combined TRACON& Tower with Radar,99,26,6,0,131,0,0,6,0,6,99,26,12,0,137,8,0,8,145
01/20/2021,GEG,WA,ANM,WE,Combined TRACON& Tower with Radar,104,23,9,2,138,0,0,8,0,8,104,23,17,2,146,38,0,38,184
01/21/2021,GEG,WA,ANM,WE,Combined TRACON& Tower with Radar,104,34,9,0,147,0,0,5,2,7,104,34,14,2,154,12,0,12,166
01/22/2021,GEG,WA,ANM,WE,Combined TRACON& Tower with Radar,100,32,7,0,139,0,0,15,2,17,100,32,22,2,156,16,0,16,172
01/23/2021,GEG,WA,ANM,WE,Combined TRACON& Tower with Radar,88,11,10,2,111,0,0,1,2,3,88,11,11,4,114,10,0,10,124
01/24/2021,GEG,WA,ANM,WE,Combined TRACON& Tower with Radar,96,1,6,0,103,0,0,0,0,0,96,1,6,0,103,2,0,2,105
01/25/2021,GEG,WA,ANM,WE,Combined TRACON& Tower with Radar,97,27,15,0,139,0,0,0,0,0,97,27,15,0,139,0,0,0,139
01/26/2021,GEG,WA,ANM,WE,Combined TRACON& Tower with Radar,113,28,17,0,158,0,0,24,0,24,113,28,41,0,182,24,0,24,206
01/27/2021,GEG,WA,ANM,WE,Combined TRACON& Tower with Radar,103,33,10,5,151,0,0,2,0,2,103,33,12,5,153,6,0,6,159
01/28/2021,GEG,WA,ANM,WE,Combined TRACON& Tower with Radar,107,31,8,1,147,0,0,9,0,9,107,31,17,1,156,18,0,18,174
01/29/2021,GEG,WA,ANM,WE,Combined TRACON& Tower with Radar,107,25,6,3,141,0,0,0,0,0,107,25,6,3,141,0,0,0,141
01/30/2021,GEG,WA,ANM,WE,Combined TRACON& Tower with Radar,89,21,3,1,114,0,0,2,0,2,89,21,5,1,116,16,0,16,132
01/31/2021,GEG,WA,ANM,WE,Combined TRACON& Tower with Radar,97,2,3,0,102,0,0,0,0,0,97,2,3,0,102,0,0,0,102
02/01/2021,GEG,WA,ANM,WE,Combined TRACON& Tower with Radar,96,24,1,0,121,1,0,6,0,7,97,24,7,0,128,2,0,2,130
02/02/2021,GEG,WA,ANM,WE,Combined TRACON& Tower with Radar,98,34,5,1,138,0,0,5,1,6,98,34,10,2,144,10,0,10,154
02/03/2021,GEG,WA,ANM,WE,Combined TRACON& Tower with Radar,96,30,5,0,131,0,2,2,1,5,96,32,7,1,136,2,0,2,138
02/04/2021,GEG,WA,ANM,WE,Combined TRACON& Tower with Radar,107,29,20,0,156,0,0,4,0,4,107,29,24,0,160,12,0,12,172
02/05/2021,GEG,WA,ANM,WE,Combined TRACON& Tower with Radar,103,25,10,2,140,0,1,8,2,11,103,26,18,4,151,22,2,24,175
02/06/2021,GEG,WA,ANM,WE,Combined TRACON& Tower with Radar,88,13,2,3,106,0,0,4,3,7,88,13,6,6,113,2,0,2,115
02/07/2021,GEG,WA,ANM,WE,Combined TRACON& Tower with Radar,84,5,9,0,98,0,0,4,0,4,84,5,13,0,102,10,0,10,112
02/08/2021,GEG,WA,ANM,WE,Combined TRACON& Tower with Radar,97,24,6,0,127,0,0,7,0,7,97,24,13,0,134,0,0,0,134
02/09/2021,GEG,WA,ANM,WE,Combined TRACON& Tower with Radar,98,31,7,10,146,0,2,12,0,14,98,33,19,10,160,12,6,18,178
02/10/2021,GEG,WA,ANM,WE,Combined TRACON& Tower with Radar,99,36,19,0,154,0,0,17,0,17,99,36,36,0,171,18,0,18,189
02/11/2021,GEG,WA,ANM,WE,Combined TRACON& Tower with Radar,104,31,12,10,157,0,0,4,4,8,104,31,16,14,165,10,10,20,185
02/12/2021,GEG,WA,ANM,WE,Combined TRACON& Tower with Radar,112,30,7,0,149,0,0,2,0,2,112,30,9,0,151,0,0,0,151
02/13/2021,GEG,WA,ANM,WE,Combined TRACON& Tower with Radar,65,15,4,0,84,0,0,2,0,2,65,15,6,0,86,0,0,0,86
02/14/2021,GEG,WA,ANM,WE,Combined TRACON& Tower with Radar,73,2,3,0,78,0,0,3,0,3,73,2,6,0,81,2,0,2,83
02/15/2021,GEG,WA,ANM,WE,Combined TRACON& Tower with Radar,95,31,8,0,134,0,0,0,0,0,95,31,8,0,134,0,0,0,134
02/16/2021,GEG,WA,ANM,WE,Combined TRACON& Tower with Radar,96,28,14,1,139,0,0,1,0,1,96,28,15,1,140,0,0,0,140
02/17/2021,GEG,WA,ANM,WE,Combined TRACON& Tower with Radar,93,32,18,2,145,0,0,16,2,18,93,32,34,4,163,32,2,34,197
02/18/2021,GEG,WA,ANM,WE,Combined TRACON& Tower with Radar,105,24,8,0,137,0,0,4,2,6,105,24,12,2,143,0,0,0,143
02/19/2021,GEG,WA,ANM,WE,Combined TRACON& Tower with Radar,104,17,7,0,128,0,0,0,0,0,104,17,7,0,128,0,0,0,128
02/20/2021,GEG,WA,ANM,WE,Combined TRACON& Tower with Radar,90,11,1,0,102,0,0,0,0,0,90,11,1,0,102,0,0,0,102
02/21/2021,GEG,WA,ANM,WE,Combined TRACON& Tower with Radar,99,2,9,0,110,0,0,2,0,2,99,2,11,0,112,6,0,6,118
02/22/2021,GEG,WA,ANM,WE,Combined TRACON& Tower with Radar,102,20,8,0,130,0,0,0,0,0,102,20,8,0,130,0,0,0,130
02/23/2021,GEG,WA,ANM,WE,Combined TRACON& Tower with Radar,103,24,9,6,142,0,1,0,0,1,103,25,9,6,143,0,16,16,159
02/24/2021,GEG,WA,ANM,WE,Combined TRACON& Tower with Radar,98,29,41,0,168,0,0,13,0,13,98,29,54,0,181,16,0,16,197
02/25/2021,GEG,WA,ANM,WE,Combined TRACON& Tower with Radar,111,27,8,0,146,0,0,0,0,0,111,27,8,0,146,0,0,0,146
02/26/2021,GEG,WA,ANM,WE,Combined TRACON& Tower with Radar,106,24,17,2,149,0,1,9,4,14,106,25,26,6,163,18,0,18,181
02/27/2021,GEG,WA,ANM,WE,Combined TRACON& Tower with Radar,92,10,12,0,114,0,0,8,4,12,92,10,20,4,126,16,0,16,142
02/28/2021,GEG,WA,ANM,WE,Combined TRACON& Tower with Radar,102,6,4,0,112,0,1,3,2,6,102,7,7,2,118,4,0,4,122
03/01/2021,GEG,WA,ANM,WE,Combined TRACON& Tower with Radar,101,35,16,0,152,0,0,11,0,11,101,35,27,0,163,27,0,27,190
03/02/2021,GEG,WA,ANM,WE,Combined TRACON& Tower with Radar,101,28,23,1,153,0,0,7,0,7,101,28,30,1,160,0,0,0,160
03/03/2021,GEG,WA,ANM,WE,Combined TRACON& Tower with Radar,97,28,14,0,139,0,4,28,0,32,97,32,42,0,171,16,0,16,187
03/04/2021,GEG,WA,ANM,WE,Combined TRACON& Tower with Radar,113,25,9,0,147,0,0,11,0,11,113,25,20,0,158,10,0,10,168
03/05/2021,GEG,WA,ANM,WE,Combined TRACON& Tower with Radar,109,25,7,0,141,0,1,5,0,6,109,26,12,0,147,0,0,0,147
03/06/2021,GEG,WA,ANM,WE,Combined TRACON& Tower with Radar,96,12,8,0,116,0,0,4,0,4,96,12,12,0,120,8,0,8,128
03/07/2021,GEG,WA,ANM,WE,Combined TRACON& Tower with Radar,111,4,6,0,121,0,0,1,0,1,111,4,7,0,122,0,0,0,122
03/08/2021,GEG,WA,ANM,WE,Combined TRACON& Tower with Radar,107,27,17,5,156,0,0,12,0,12,107,27,29,5,168,16,0,16,184
03/09/2021,GEG,WA,ANM,WE,Combined TRACON& Tower with Radar,99,35,13,0,147,0,0,7,0,7,99,35,20,0,154,48,0,48,202
03/10/2021,GEG,WA,ANM,WE,Combined TRACON& Tower with Radar,99,40,13,15,167,0,0,4,1,5,99,40,17,16,172,14,28,42,214
03/11/2021,GEG,WA,ANM,WE,Combined TRACON& Tower with Radar,115,34,28,9,186,0,4,25,1,30,115,38,53,10,216,36,0,36,252
03/12/2021,GEG,WA,ANM,WE,Combined TRACON& Tower with Radar,110,25,13,0,148,0,1,6,0,7,110,26,19,0,155,0,0,0,155
03/13/2021,GEG,WA,ANM,WE,Combined TRACON& Tower with Radar,92,15,17,0,124,0,1,11,0,12,92,16,28,0,136,16,0,16,152
03/14/2021,GEG,WA,ANM,WE,Combined TRACON& Tower with Radar,99,5,5,0,109,0,2,14,0,16,99,7,19,0,125,6,0,6,131
03/15/2021,GEG,WA,ANM,WE,Combined TRACON& Tower with Radar,102,24,15,0,141,0,0,2,0,2,102,24,17,0,143,6,0,6,149
03/16/2021,GEG,WA,ANM,WE,Combined TRACON& Tower with Radar,104,24,17,2,147,0,0,11,0,11,104,24,28,2,158,0,0,0,158
03/17/2021,GEG,WA,ANM,WE,Combined TRACON& Tower with Radar,105,27,25,2,159,2,3,14,2,21,107,30,39,4,180,8,0,8,188
03/18/2021,GEG,WA,ANM,WE,Combined TRACON& Tower with Radar,115,30,15,1,161,0,0,9,1,10,115,30,24,2,171,8,6,14,185
03/19/2021,GEG,WA,ANM,WE,Combined TRACON& Tower with Radar,118,23,7,5,153,0,0,9,3,12,118,23,16,8,165,10,0,10,175
03/20/2021,GEG,WA,ANM,WE,Combined TRACON& Tower with Radar,100,10,1,0,111,0,0,6,2,8,100,10,7,2,119,0,0,0,119
03/21/2021,GEG,WA,ANM,WE,Combined TRACON& Tower with Radar,109,2,4,0,115,0,0,4,2,6,109,2,8,2,121,2,0,2,123
03/22/2021,GEG,WA,ANM,WE,Combined TRACON& Tower with Radar,109,25,12,0,146,0,0,2,0,2,109,25,14,0,148,2,0,2,150
03/23/2021,GEG,WA,ANM,WE,Combined TRACON& Tower with Radar,107,26,19,12,164,0,0,15,2,17,107,26,34,14,181,6,0,6,187
03/24/2021,GEG,WA,ANM,WE,Combined TRACON& Tower with Radar,110,28,16,4,158,0,0,2,0,2,110,28,18,4,160,2,0,2,162
03/25/2021,GEG,WA,ANM,WE,Combined TRACON& Tower with Radar,119,31,16,0,166,0,1,3,0,4,119,32,19,0,170,8,0,8,178
03/26/2021,GEG,WA,ANM,WE,Combined TRACON& Tower with Radar,114,28,6,3,151,0,2,6,5,13,114,30,12,8,164,4,2,6,170
03/27/2021,GEG,WA,ANM,WE,Combined TRACON& Tower with Radar,97,14,12,2,125,0,0,2,0,2,97,14,14,2,127,4,0,4,131
03/28/2021,GEG,WA,ANM,WE,Combined TRACON& Tower with Radar,108,0,2,1,111,0,0,2,0,2,108,0,4,1,113,0,0,0,113
03/29/2021,GEG,WA,ANM,WE,Combined TRACON& Tower with Radar,105,22,12,5,144,2,0,4,1,7,107,22,16,6,151,2,0,2,153
03/30/2021,GEG,WA,ANM,WE,Combined TRACON& Tower with Radar,108,30,18,2,158,0,2,9,4,15,108,32,27,6,173,4,6,10,183
03/31/2021,GEG,WA,ANM,WE,Combined TRACON& Tower with Radar,108,28,25,6,167,0,3,11,0,14,108,31,36,6,181,24,4,28,209
04/01/2021,GEG,WA,ANM,WE,Combined TRACON& Tower with Radar,119,30,12,0,161,0,0,10,0,10,119,30,22,0,171,14,0,14,185
04/02/2021,GEG,WA,ANM,WE,Combined TRACON& Tower with Radar,119,27,9,2,157,0,3,9,5,17,119,30,18,7,174,18,14,32,206
04/03/2021,GEG,WA,ANM,WE,Combined TRACON& Tower with Radar,104,11,3,0,118,0,1,5,0,6,104,12,8,0,124,0,0,0,124
04/04/2021,GEG,WA,ANM,WE,Combined TRACON& Tower with Radar,108,1,4,0,113,0,0,2,0,2,108,1,6,0,115,0,0,0,115
04/05/2021,GEG,WA,ANM,WE,Combined TRACON& Tower with Radar,105,26,5,1,137,0,2,7,0,9,105,28,12,1,146,8,0,8,154
04/06/2021,GEG,WA,ANM,WE,Combined TRACON& Tower with Radar,107,30,9,5,151,0,2,14,0,16,107,32,23,5,167,28,0,28,195
04/07/2021,GEG,WA,ANM,WE,Combined TRACON& Tower with Radar,104,31,11,7,153,0,0,2,3,5,104,31,13,10,158,6,0,6,164
04/08/2021,GEG,WA,ANM,WE,Combined TRACON& Tower with Radar,122,34,16,6,178,0,4,6,0,10,122,38,22,6,188,12,0,12,200
04/09/2021,GEG,WA,ANM,WE,Combined TRACON& Tower with Radar,103,23,11,1,138,0,4,10,0,14,103,27,21,1,152,12,0,12,164
04/10/2021,GEG,WA,ANM,WE,Combined TRACON& Tower with Radar,101,12,5,1,119,0,0,1,0,1,101,12,6,1,120,0,0,0,120
04/11/2021,GEG,WA,ANM,WE,Combined TRACON& Tower with Radar,107,2,9,0,118,0,0,3,0,3,107,2,12,0,121,6,0,6,127
04/12/2021,GEG,WA,ANM,WE,Combined TRACON& Tower with Radar,116,23,9,4,152,0,0,11,18,29,116,23,20,22,181,24,6,30,211
04/13/2021,GEG,WA,ANM,WE,Combined TRACON& Tower with Radar,111,27,10,9,157,0,3,8,1,12,111,30,18,10,169,14,8,22,191
04/14/2021,GEG,WA,ANM,WE,Combined TRACON& Tower with Radar,106,33,20,6,165,1,2,12,8,23,107,35,32,14,188,36,36,72,260
04/15/2021,GEG,WA,ANM,WE,Combined TRACON& Tower with Radar,117,26,20,1,164,0,2,6,1,9,117,28,26,2,173,8,0,8,181
04/16/2021,GEG,WA,ANM,WE,Combined TRACON& Tower with Radar,117,29,11,2,159,0,1,11,2,14,117,30,22,4,173,4,0,4,177
04/17/2021,GEG,WA,ANM,WE,Combined TRACON& Tower with Radar,101,9,5,0,115,0,3,8,4,15,101,12,13,4,130,0,0,0,130
04/18/2021,GEG,WA,ANM,WE,Combined TRACON& Tower with Radar,109,4,14,1,128,0,0,5,0,5,109,4,19,1,133,0,0,0,133
04/19/2021,GEG,WA,ANM,WE,Combined TRACON& Tower with Radar,108,25,14,0,147,0,2,9,0,11,108,27,23,0,158,12,0,12,170
04/20/2021,GEG,WA,ANM,WE,Combined TRACON& Tower with Radar,104,24,20,6,154,0,2,15,1,18,104,26,35,7,172,26,4,30,202
04/21/2021,GEG,WA,ANM,WE,Combined TRACON& Tower with Radar,100,24,9,0,133,0,6,15,0,21,100,30,24,0,154,10,0,10,164
04/22/2021,GEG,WA,ANM,WE,Combined TRACON& Tower with Radar,121,38,14,8,181,0,0,12,0,12,121,38,26,8,193,20,8,28,221
04/23/2021,GEG,WA,ANM,WE,Combined TRACON& Tower with Radar,112,23,16,0,151,0,1,6,1,8,112,24,22,1,159,12,0,12,171
04/24/2021,GEG,WA,ANM,WE,Combined TRACON& Tower with Radar,105,10,8,0,123,0,0,2,0,2,105,10,10,0,125,6,0,6,131
04/25/2021,GEG,WA,ANM,WE,Combined TRACON& Tower with Radar,113,2,2,0,117,0,0,5,0,5,113,2,7,0,122,0,0,0,122
04/26/2021,GEG,WA,ANM,WE,Combined TRACON& Tower with Radar,106,25,5,0,136,0,0,3,1,4,106,25,8,1,140,8,0,8,148
04/27/2021,GEG,WA,ANM,WE,Combined TRACON& Tower with Radar,102,29,25,0,156,0,3,11,3,17,102,32,36,3,173,20,0,20,193
04/28/2021,GEG,WA,ANM,WE,Combined TRACON& Tower with Radar,106,32,10,4,152,0,3,11,0,14,106,35,21,4,166,8,0,8,174
04/29/2021,GEG,WA,ANM,WE,Combined TRACON& Tower with Radar,117,31,11,0,159,0,2,7,2,11,117,33,18,2,170,4,0,4,174
04/30/2021,GEG,WA,ANM,WE,Combined TRACON& Tower with Radar,115,29,9,0,153,0,3,7,0,10,115,32,16,0,163,0,0,0,163
05/01/2021,GEG,WA,ANM,WE,Combined TRACON& Tower with Radar,101,9,4,1,115,0,0,8,0,8,101,9,12,1,123,6,0,6,129
05/02/2021,GEG,WA,ANM,WE,Combined TRACON& Tower with Radar,118,7,9,0,134,0,0,7,0,7,118,7,16,0,141,0,0,0,141
05/03/2021,GEG,WA,ANM,WE,Combined TRACON& Tower with Radar,105,29,20,12,166,0,1,9,0,10,105,30,29,12,176,18,24,42,218
05/04/2021,GEG,WA,ANM,WE,Combined TRACON& Tower with Radar,103,27,16,0,146,0,5,9,0,14,103,32,25,0,160,12,0,12,172
05/05/2021,GEG,WA,ANM,WE,Combined TRACON& Tower with Radar,105,37,11,0,153,0,4,8,0,12,105,41,19,0,165,16,0,16,181
05/06/2021,GEG,WA,ANM,WE,Combined TRACON& Tower with Radar,121,39,21,0,181,0,2,11,2,15,121,41,32,2,196,10,0,10,206
05/07/2021,GEG,WA,ANM,WE,Combined TRACON& Tower with Radar,120,49,10,2,181,0,1,5,14,20,120,50,15,16,201,14,0,14,215
05/08/2021,GEG,WA,ANM,WE,Combined TRACON& Tower with Radar,101,26,8,1,136,0,1,4,3,8,101,27,12,4,144,8,0,8,152
05/09/2021,GEG,WA,ANM,WE,Combined TRACON& Tower with Radar,111,7,10,0,128,0,0,3,0,3,111,7,13,0,131,4,0,4,135
05/10/2021,GEG,WA,ANM,WE,Combined TRACON& Tower with Radar,109,32,18,12,171,0,1,9,2,12,109,33,27,14,183,10,10,20,203
05/11/2021,GEG,WA,ANM,WE,Combined TRACON& Tower with Radar,115,38,13,0,166,0,0,9,0,9,115,38,22,0,175,46,0,46,221
05/12/2021,GEG,WA,ANM,WE,Combined TRACON& Tower with Radar,116,44,15,0,175,0,2,17,0,19,116,46,32,0,194,2,0,2,196
05/13/2021,GEG,WA,ANM,WE,Combined TRACON& Tower with Radar,119,37,18,0,174,0,3,15,0,18,119,40,33,0,192,46,0,46,238
05/14/2021,GEG,WA,ANM,WE,Combined TRACON& Tower with Radar,114,32,11,0,157,0,0,10,0,10,114,32,21,0,167,46,0,46,213
05/15/2021,GEG,WA,ANM,WE,Combined TRACON& Tower with Radar,101,19,2,2,124,0,0,2,3,5,101,19,4,5,129,5,0,5,134
05/16/2021,GEG,WA,ANM,WE,Combined TRACON& Tower with Radar,109,3,5,0,117,0,0,5,0,5,109,3,10,0,122,2,0,2,124
05/17/2021,GEG,WA,ANM,WE,Combined TRACON& Tower with Radar,112,28,9,1,150,0,2,2,2,6,112,30,11,3,156,0,0,0,156
05/18/2021,GEG,WA,ANM,WE,Combined TRACON& Tower with Radar,112,30,8,4,154,0,1,5,5,11,112,31,13,9,165,10,0,10,175
05/19/2021,GEG,WA,ANM,WE,Combined TRACON& Tower with Radar,113,35,6,3,157,0,1,8,3,12,113,36,14,6,169,20,0,20,189
05/20/2021,GEG,WA,ANM,WE,Combined TRACON& Tower with Radar,128,39,7,8,182,0,0,0,2,2,128,39,7,10,184,2,0,2,186
05/21/2021,GEG,WA,ANM,WE,Combined TRACON& Tower with Radar,126,29,22,0,177,0,1,32,2,35,126,30,54,2,212,24,0,24,236
05/22/2021,GEG,WA,ANM,WE,Combined TRACON& Tower with Radar,109,16,0,0,125,0,0,2,2,4,109,16,2,2,129,0,0,0,129
05/23/2021,GEG,WA,ANM,WE,Combined TRACON& Tower with Radar,121,8,15,0,144,0,0,1,0,1,121,8,16,0,145,0,0,0,145
05/24/2021,GEG,WA,ANM,WE,Combined TRACON& Tower with Radar,116,28,12,0,156,0,1,4,0,5,116,29,16,0,161,0,0,0,161
05/25/2021,GEG,WA,ANM,WE,Combined TRACON& Tower with Radar,122,30,11,1,164,0,2,4,1,7,122,32,15,2,171,20,0,20,191
05/26/2021,GEG,WA,ANM,WE,Combined TRACON& Tower with Radar,122,35,17,1,175,0,2,13,1,16,122,37,30,2,191,46,0,46,237
05/27/2021,GEG,WA,ANM,WE,Combined TRACON& Tower with Radar,129,32,10,4,175,0,1,5,2,8,129,33,15,6,183,6,0,6,189
05/28/2021,GEG,WA,ANM,WE,Combined TRACON& Tower with Radar,123,27,8,0,158,0,1,11,0,12,123,28,19,0,170,24,0,24,194
05/29/2021,GEG,WA,ANM,WE,Combined TRACON& Tower with Radar,113,17,10,0,140,0,1,11,0,12,113,18,21,0,152,40,0,40,192
05/30/2021,GEG,WA,ANM,WE,Combined TRACON& Tower with Radar,119,5,5,0,129,0,0,6,0,6,119,5,11,0,135,0,0,0,135
05/31/2021,GEG,WA,ANM,WE,Combined TRACON& Tower with Radar,102,11,3,0,116,0,0,8,0,8,102,11,11,0,124,0,0,0,124
06/01/2021,GEG,WA,ANM,WE,Combined TRACON& Tower with Radar,121,29,19,7,176,0,0,18,1,19,121,29,37,8,195,50,22,72,267
06/02/2021,GEG,WA,ANM,WE,Combined TRACON& Tower with Radar,125,41,3,13,182,0,7,22,3,32,125,48,25,16,214,28,16,44,258
06/03/2021,GEG,WA,ANM,WE,Combined TRACON& Tower with Radar,132,37,11,2,182,0,2,12,6,20,132,39,23,8,202,0,0,0,202
06/04/2021,GEG,WA,ANM,WE,Combined TRACON& Tower with Radar,133,37,6,8,184,1,3,4,2,10,134,40,10,10,194,0,0,0,194
06/05/2021,GEG,WA,ANM,WE,Combined TRACON& Tower with Radar,117,22,10,0,149,0,1,6,2,9,117,23,16,2,158,0,0,0,158
06/06/2021,GEG,WA,ANM,WE,Combined TRACON& Tower with Radar,130,7,5,1,143,0,0,5,0,5,130,7,10,1,148,5,0,5,153
06/07/2021,GEG,WA,ANM,WE,Combined TRACON& Tower with Radar,129,24,13,0,166,0,2,7,2,11,129,26,20,2,177,16,0,16,193
06/08/2021,GEG,WA,ANM,WE,Combined TRACON& Tower with Radar,135,33,24,5,197,0,4,12,3,19,135,37,36,8,216,32,27,59,275
06/09/2021,GEG,WA,ANM,WE,Combined TRACON& Tower with Radar,138,54,19,3,214,0,6,7,0,13,138,60,26,3,227,10,0,10,237
06/10/2021,GEG,WA,ANM,WE,Combined TRACON& Tower with Radar,139,30,10,29,208,0,3,17,0,20,139,33,27,29,228,8,30,38,266
06/11/2021,GEG,WA,ANM,WE,Combined TRACON& Tower with Radar,136,29,10,2,177,0,0,15,0,15,136,29,25,2,192,20,0,20,212
06/12/2021,GEG,WA,ANM,WE,Combined TRACON& Tower with Radar,118,17,7,2,144,0,0,10,0,10,118,17,17,2,154,8,0,8,162
06/13/2021,GEG,WA,ANM,WE,Combined TRACON& Tower with Radar,133,7,9,1,150,0,0,12,0,12,133,7,21,1,162,2,0,2,164
06/14/2021,GEG,WA,ANM,WE,Combined TRACON& Tower with Radar,129,32,5,17,183,0,3,11,0,14,129,35,16,17,197,12,20,32,229
06/15/2021,GEG,WA,ANM,WE,Combined TRACON& Tower with Radar,143,33,17,1,194,0,0,11,0,11,143,33,28,1,205,25,0,25,230
06/16/2021,GEG,WA,ANM,WE,Combined TRACON& Tower with Radar,136,40,12,1,189,0,3,15,0,18,136,43,27,1,207,10,0,10,217
06/17/2021,GEG,WA,ANM,WE,Combined TRACON& Tower with Radar,143,31,10,5,189,0,5,12,1,18,143,36,22,6,207,8,14,22,229
06/18/2021,GEG,WA,ANM,WE,Combined TRACON& Tower with Radar,137,29,19,1,186,0,1,18,5,24,137,30,37,6,210,10,0,10,220
06/19/2021,GEG,WA,ANM,WE,Combined TRACON& Tower with Radar,119,22,6,0,147,0,0,7,2,9,119,22,13,2,156,2,0,2,158
06/20/2021,GEG,WA,ANM,WE,Combined TRACON& Tower with Radar,131,7,11,0,149,0,0,22,0,22,131,7,33,0,171,64,0,64,235
06/21/2021,GEG,WA,ANM,WE,Combined TRACON& Tower with Radar,128,28,14,22,192,0,2,19,4,25,128,30,33,26,217,27,20,47,264
06/22/2021,GEG,WA,ANM,WE,Combined TRACON& Tower with Radar,141,31,21,0,193,0,2,6,1,9,141,33,27,1,202,16,0,16,218
06/23/2021,GEG,WA,ANM,WE,Combined TRACON& Tower with Radar,133,33,14,0,180,0,2,8,0,10,133,35,22,0,190,0,0,0,190
06/24/2021,GEG,WA,ANM,WE,Combined TRACON& Tower with Radar,132,29,14,2,177,0,2,15,2,19,132,31,29,4,196,30,0,30,226
06/25/2021,GEG,WA,ANM,WE,Combined TRACON& Tower with Radar,110,34,11,0,155,0,0,4,0,4,110,34,15,0,159,10,0,10,169
06/26/2021,GEG,WA,ANM,WE,Combined TRACON& Tower with Radar,109,15,6,0,130,0,1,8,0,9,109,16,14,0,139,44,0,44,183
06/27/2021,GEG,WA,ANM,WE,Combined TRACON& Tower with Radar,129,9,13,0,151,0,0,7,0,7,129,9,20,0,158,0,0,0,158
06/28/2021,GEG,WA,ANM,WE,Combined TRACON& Tower with Radar,131,32,10,0,173,1,2,13,0,16,132,34,23,0,189,4,0,4,193
06/29/2021,GEG,WA,ANM,WE,Combined TRACON& Tower with Radar,140,36,17,0,193,0,1,8,0,9,140,37,25,0,202,4,0,4,206
06/30/2021,GEG,WA,ANM,WE,Combined TRACON& Tower with Radar,139,29,12,0,180,0,2,19,2,23,139,31,31,2,203,8,0,8,211
07/01/2021,GEG,WA,ANM,WE,Combined TRACON& Tower with Radar,144,33,10,5,192,0,1,27,0,28,144,34,37,5,220,19,4,23,243
07/02/2021,GEG,WA,ANM,WE,Combined TRACON& Tower with Radar,138,32,15,1,186,0,1,12,0,13,138,33,27,1,199,10,0,10,209
07/03/2021,GEG,WA,ANM,WE,Combined TRACON& Tower with Radar,120,10,7,0,137,0,1,8,0,9,120,11,15,0,146,10,0,10,156
07/04/2021,GEG,WA,ANM,WE,Combined TRACON& Tower with Radar,131,2,4,0,137,0,1,2,0,3,131,3,6,0,140,6,0,6,146
07/05/2021,GEG,WA,ANM,WE,Combined TRACON& Tower with Radar,128,6,11,4,149,0,0,9,8,17,128,6,20,12,166,8,0,8,174
07/06/2021,GEG,WA,ANM,WE,Combined TRACON& Tower with Radar,134,32,7,0,173,0,2,22,0,24,134,34,29,0,197,30,0,30,227
07/07/2021,GEG,WA,ANM,WE,Combined TRACON& Tower with Radar,137,34,12,1,184,0,1,9,0,10,137,35,21,1,194,24,0,24,218
07/08/2021,GEG,WA,ANM,WE,Combined TRACON& Tower with Radar,148,31,16,3,198,0,2,11,1,14,148,33,27,4,212,6,2,8,220
07/09/2021,GEG,WA,ANM,WE,Combined TRACON& Tower with Radar,134,29,14,0,177,0,0,9,0,9,134,29,23,0,186,10,0,10,196
07/10/2021,GEG,WA,ANM,WE,Combined TRACON& Tower with Radar,119,16,9,0,144,0,0,9,3,12,119,16,18,3,156,0,0,0,156
07/11/2021,GEG,WA,ANM,WE,Combined TRACON& Tower with Radar,143,1,11,0,155,0,0,12,8,20,143,1,23,8,175,28,0,28,203
07/12/2021,GEG,WA,ANM,WE,Combined TRACON& Tower with Radar,137,36,7,0,180,2,0,9,1,12,139,36,16,1,192,14,0,14,206
07/13/2021,GEG,WA,ANM,WE,Combined TRACON& Tower with Radar,144,37,19,1,201,0,0,20,4,24,144,37,39,5,225,50,0,50,275
07/14/2021,GEG,WA,ANM,WE,Combined TRACON& Tower with Radar,137,32,15,0,184,0,0,21,2,23,137,32,36,2,207,24,0,24,231
07/15/2021,GEG,WA,ANM,WE,Combined TRACON& Tower with Radar,148,34,20,20,222,0,0,17,7,24,148,34,37,27,246,56,52,108,354
07/16/2021,GEG,WA,ANM,WE,Combined TRACON& Tower with Radar,140,31,18,0,189,0,0,17,3,20,140,31,35,3,209,30,0,30,239
07/17/2021,GEG,WA,ANM,WE,Combined TRACON& Tower with Radar,122,12,8,0,142,0,0,17,6,23,122,12,25,6,165,18,0,18,183
07/18/2021,GEG,WA,ANM,WE,Combined TRACON& Tower with Radar,135,0,19,2,156,0,0,14,1,15,135,0,33,3,171,12,0,12,183
07/19/2021,GEG,WA,ANM,WE,Combined TRACON& Tower with Radar,134,30,11,0,175,0,1,9,1,11,134,31,20,1,186,4,0,4,190
07/20/2021,GEG,WA,ANM,WE,Combined TRACON& Tower with Radar,145,41,10,3,199,0,0,8,0,8,145,41,18,3,207,2,0,2,209
07/21/2021,GEG,WA,ANM,WE,Combined TRACON& Tower with Radar,140,32,12,2,186,0,1,13,3,17,140,33,25,5,203,30,0,30,233
07/22/2021,GEG,WA,ANM,WE,Combined TRACON& Tower with Radar,148,34,15,2,199,0,0,19,6,25,148,34,34,8,224,18,6,24,248
07/23/2021,GEG,WA,ANM,WE,Combined TRACON& Tower with Radar,140,28,10,1,179,0,2,21,1,24,140,30,31,2,203,24,0,24,227
07/24/2021,GEG,WA,ANM,WE,Combined TRACON& Tower with Radar,129,17,10,3,159,0,2,13,5,20,129,19,23,8,179,4,0,4,183
07/25/2021,GEG,WA,ANM,WE,Combined TRACON& Tower with Radar,135,2,12,0,149,0,2,9,1,12,135,4,21,1,161,18,0,18,179
07/26/2021,GEG,WA,ANM,WE,Combined TRACON& Tower with Radar,143,28,16,11,198,0,7,14,1,22,143,35,30,12,220,10,18,28,248
07/27/2021,GEG,WA,ANM,WE,Combined TRACON& Tower with Radar,150,30,11,0,191,0,2,12,2,16,150,32,23,2,207,8,0,8,215
07/28/2021,GEG,WA,ANM,WE,Combined TRACON& Tower with Radar,142,28,13,26,209,3,0,16,1,20,145,28,29,27,229,44,42,86,315
07/29/2021,GEG,WA,ANM,WE,Combined TRACON& Tower with Radar,146,35,16,0,197,0,0,18,3,21,146,35,34,3,218,0,0,0,218
07/30/2021,GEG,WA,ANM,WE,Combined TRACON& Tower with Radar,140,34,26,0,200,0,1,20,11,32,140,35,46,11,232,42,0,42,274
07/31/2021,GEG,WA,ANM,WE,Combined TRACON& Tower with Radar,123,11,3,0,137,0,0,3,6,9,123,11,6,6,146,14,0,14,160
08/01/2021,GEG,WA,ANM,WE,Combined TRACON& Tower with Radar,133,10,13,1,157,0,0,5,1,6,133,10,18,2,163,0,0,0,163
08/02/2021,GEG,WA,ANM,WE,Combined TRACON& Tower with Radar,130,29,16,0,175,0,0,0,0,0,130,29,16,0,175,4,0,4,179
08/03/2021,GEG,WA,ANM,WE,Combined TRACON& Tower with Radar,150,47,10,1,208,0,0,1,3,4,150,47,11,4,212,0,0,0,212
08/04/2021,GEG,WA,ANM,WE,Combined TRACON& Tower with Radar,141,44,12,0,197,0,0,13,0,13,141,44,25,0,210,32,0,32,242
08/05/2021,GEG,WA,ANM,WE,Combined TRACON& Tower with Radar,150,34,16,1,201,0,0,11,0,11,150,34,27,1,212,12,0,12,224
08/06/2021,GEG,WA,ANM,WE,Combined TRACON& Tower with Radar,135,31,7,1,174,0,2,5,0,7,135,33,12,1,181,0,0,0,181
08/07/2021,GEG,WA,ANM,WE,Combined TRACON& Tower with Radar,130,11,8,0,149,0,0,18,0,18,130,11,26,0,167,12,0,12,179
08/08/2021,GEG,WA,ANM,WE,Combined TRACON& Tower with Radar,138,3,12,0,153,0,0,5,1,6,138,3,17,1,159,12,0,12,171
08/09/2021,GEG,WA,ANM,WE,Combined TRACON& Tower with Radar,133,28,9,0,170,0,0,9,0,9,133,28,18,0,179,12,0,12,191
08/10/2021,GEG,WA,ANM,WE,Combined TRACON& Tower with Radar,141,33,16,14,204,0,2,15,6,23,141,35,31,20,227,30,18,48,275
08/11/2021,GEG,WA,ANM,WE,Combined TRACON& Tower with Radar,139,35,18,11,203,0,0,16,7,23,139,35,34,18,226,28,16,44,270
08/12/2021,GEG,WA,ANM,WE,Combined TRACON& Tower with Radar,147,40,31,3,221,0,4,4,1,9,147,44,35,4,230,4,0,4,234
08/13/2021,GEG,WA,ANM,WE,Combined TRACON& Tower with Radar,138,29,14,9,190,0,0,0,0,0,138,29,14,9,190,0,0,0,190
08/14/2021,GEG,WA,ANM,WE,Combined TRACON& Tower with Radar,113,9,17,1,140,0,0,0,2,2,113,9,17,3,142,0,0,0,142
08/15/2021,GEG,WA,ANM,WE,Combined TRACON& Tower with Radar,134,9,8,0,151,0,0,11,3,14,134,9,19,3,165,0,0,0,165
08/16/2021,GEG,WA,ANM,WE,Combined TRACON& Tower with Radar,132,26,17,1,176,0,1,17,5,23,132,27,34,6,199,4,34,38,237
08/17/2021,GEG,WA,ANM,WE,Combined TRACON& Tower with Radar,143,28,20,1,192,0,0,8,3,11,143,28,28,4,203,6,0,6,209
08/18/2021,GEG,WA,ANM,WE,Combined TRACON& Tower with Radar,139,30,15,6,190,0,1,19,10,30,139,31,34,16,220,48,22,70,290
08/19/2021,GEG,WA,ANM,WE,Combined TRACON& Tower with Radar,149,36,25,3,213,0,0,14,9,23,149,36,39,12,236,12,16,28,264
08/20/2021,GEG,WA,ANM,WE,Combined TRACON& Tower with Radar,142,29,14,1,186,0,0,8,2,10,142,29,22,3,196,6,0,6,202
08/21/2021,GEG,WA,ANM,WE,Combined TRACON& Tower with Radar,120,16,8,0,144,0,0,10,0,10,120,16,18,0,154,14,0,14,168
08/22/2021,GEG,WA,ANM,WE,Combined TRACON& Tower with Radar,134,4,14,0,152,0,0,7,2,9,134,4,21,2,161,8,0,8,169
08/23/2021,GEG,WA,ANM,WE,Combined TRACON& Tower with Radar,133,26,14,0,173,0,1,26,6,33,133,27,40,6,206,20,0,20,226
08/24/2021,GEG,WA,ANM,WE,Combined TRACON& Tower with Radar,141,28,17,2,188,0,0,24,2,26,141,28,41,4,214,42,0,42,256
08/25/2021,GEG,WA,ANM,WE,Combined TRACON& Tower with Radar,141,37,12,1,191,0,0,20,4,24,141,37,32,5,215,28,0,28,243
08/26/2021,GEG,WA,ANM,WE,Combined TRACON& Tower with Radar,143,37,18,0,198,0,0,11,1,12,143,37,29,1,210,4,0,4,214
08/27/2021,GEG,WA,ANM,WE,Combined TRACON& Tower with Radar,143,28,16,1,188,0,0,18,0,18,143,28,34,1,206,0,0,0,206
08/28/2021,GEG,WA,ANM,WE,Combined TRACON& Tower with Radar,124,10,8,0,142,0,1,11,0,12,124,11,19,0,154,34,0,34,188
08/29/2021,GEG,WA,ANM,WE,Combined TRACON& Tower with Radar,132,6,10,0,148,0,0,6,0,6,132,6,16,0,154,12,0,12,166
08/30/2021,GEG,WA,ANM,WE,Combined TRACON& Tower with Radar,130,30,5,0,165,0,0,16,2,18,130,30,21,2,183,2,0,2,185
08/31/2021,GEG,WA,ANM,WE,Combined TRACON& Tower with Radar,142,27,10,0,179,0,0,22,0,22,142,27,32,0,201,12,0,12,213
09/01/2021,GEG,WA,ANM,WE,Combined TRACON& Tower with Radar,143,32,12,1,188,0,1,24,0,25,143,33,36,1,213,22,0,22,235
09/02/2021,GEG,WA,ANM,WE,Combined TRACON& Tower with Radar,145,35,24,2,206,0,0,35,0,35,145,35,59,2,241,32,0,32,273
09/03/2021,GEG,WA,ANM,WE,Combined TRACON& Tower with Radar,142,29,17,4,192,0,2,15,0,17,142,31,32,4,209,2,0,2,211
09/04/2021,GEG,WA,ANM,WE,Combined TRACON& Tower with Radar,121,14,7,2,144,0,3,33,1,37,121,17,40,3,181,22,0,22,203
09/05/2021,GEG,WA,ANM,WE,Combined TRACON& Tower with Radar,130,4,4,0,138,0,0,7,0,7,130,4,11,0,145,14,0,14,159
09/06/2021,GEG,WA,ANM,WE,Combined TRACON& Tower with Radar,127,12,6,2,147,0,0,11,1,12,127,12,17,3,159,6,0,6,165
09/07/2021,GEG,WA,ANM,WE,Combined TRACON& Tower with Radar,127,30,13,2,172,0,0,11,0,11,127,30,24,2,183,0,0,0,183
09/08/2021,GEG,WA,ANM,WE,Combined TRACON& Tower with Radar,124,38,13,0,175,0,0,8,3,11,124,38,21,3,186,2,0,2,188
09/09/2021,GEG,WA,ANM,WE,Combined TRACON& Tower with Radar,136,31,6,13,186,0,0,5,1,6,136,31,11,14,192,44,0,44,236
09/10/2021,GEG,WA,ANM,WE,Combined TRACON& Tower with Radar,129,25,10,0,164,0,0,5,0,5,129,25,15,0,169,0,0,0,169
09/11/2021,GEG,WA,ANM,WE,Combined TRACON& Tower with Radar,112,13,2,0,127,0,0,11,0,11,112,13,13,0,138,20,0,20,158
09/12/2021,GEG,WA,ANM,WE,Combined TRACON& Tower with Radar,124,10,18,0,152,0,2,8,0,10,124,12,26,0,162,2,0,2,164
09/13/2021,GEG,WA,ANM,WE,Combined TRACON& Tower with Radar,124,26,7,0,157,0,3,17,0,20,124,29,24,0,177,26,0,26,203
09/14/2021,GEG,WA,ANM,WE,Combined TRACON& Tower with Radar,123,32,10,15,180,0,0,15,1,16,123,32,25,16,196,8,26,34,230
09/15/2021,GEG,WA,ANM,WE,Combined TRACON& Tower with Radar,124,35,10,12,181,0,1,7,0,8,124,36,17,12,189,0,20,20,209
09/16/2021,GEG,WA,ANM,WE,Combined TRACON& Tower with Radar,136,43,23,5,207,0,1,19,2,22,136,44,42,7,229,44,8,52,281
09/17/2021,GEG,WA,ANM,WE,Combined TRACON& Tower with Radar,134,31,18,0,183,0,0,17,0,17,134,31,35,0,200,4,0,4,204
09/18/2021,GEG,WA,ANM,WE,Combined TRACON& Tower with Radar,116,12,11,0,139,0,0,0,0,0,116,12,11,0,139,0,0,0,139
09/19/2021,GEG,WA,ANM,WE,Combined TRACON& Tower with Radar,123,11,12,0,146,0,0,6,0,6,123,11,18,0,152,0,0,0,152
09/20/2021,GEG,WA,ANM,WE,Combined TRACON& Tower with Radar,127,30,17,13,187,0,0,20,0,20,127,30,37,13,207,30,14,44,251
09/21/2021,GEG,WA,ANM,WE,Combined TRACON& Tower with Radar,122,31,14,11,178,0,0,16,1,17,122,31,30,12,195,14,0,14,209
09/22/2021,GEG,WA,ANM,WE,Combined TRACON& Tower with Radar,127,36,13,0,176,0,0,16,1,17,127,36,29,1,193,6,0,6,199
09/23/2021,GEG,WA,ANM,WE,Combined TRACON& Tower with Radar,137,30,12,8,187,0,0,18,1,19,137,30,30,9,206,28,6,34,240
09/24/2021,GEG,WA,ANM,WE,Combined TRACON& Tower with Radar,132,36,16,1,185,0,0,8,0,8,132,36,24,1,193,0,0,0,193
09/25/2021,GEG,WA,ANM,WE,Combined TRACON& Tower with Radar,114,10,12,0,136,0,3,27,0,30,114,13,39,0,166,54,0,54,220
09/26/2021,GEG,WA,ANM,WE,Combined TRACON& Tower with Radar,125,6,15,0,146,0,0,10,1,11,125,6,25,1,157,2,0,2,159
09/27/2021,GEG,WA,ANM,WE,Combined TRACON& Tower with Radar,126,29,14,1,170,0,0,5,3,8,126,29,19,4,178,8,0,8,186
09/28/2021,GEG,WA,ANM,WE,Combined TRACON& Tower with Radar,125,42,14,2,183,0,0,0,2,2,125,42,14,4,185,0,0,0,185
09/29/2021,GEG,WA,ANM,WE,Combined TRACON& Tower with Radar,126,37,8,2,173,0,0,12,2,14,126,37,20,4,187,6,0,6,193
09/30/2021,GEG,WA,ANM,WE,Combined TRACON& Tower with Radar,136,30,5,0,171,0,0,3,0,3,136,30,8,0,174,2,0,2,176
10/01/2021,GEG,WA,ANM,WE,Combined TRACON& Tower with Radar,131,30,19,0,180,0,3,11,2,16,131,33,30,2,196,28,0,28,224
10/02/2021,GEG,WA,ANM,WE,Combined TRACON& Tower with Radar,114,16,9,0,139,0,1,10,0,11,114,17,19,0,150,18,0,18,168
10/03/2021,GEG,WA,ANM,WE,Combined TRACON& Tower with Radar,122,3,19,0,144,0,0,9,0,9,122,3,28,0,153,12,0,12,165
10/04/2021,GEG,WA,ANM,WE,Combined TRACON& Tower with Radar,127,40,14,0,181,0,0,7,0,7,127,40,21,0,188,0,0,0,188
10/05/2021,GEG,WA,ANM,WE,Combined TRACON& Tower with Radar,120,34,18,13,185,0,1,14,5,20,120,35,32,18,205,28,16,44,249
10/06/2021,GEG,WA,ANM,WE,Combined TRACON& Tower with Radar,120,38,23,0,181,0,1,8,0,9,120,39,31,0,190,2,0,2,192
10/07/2021,GEG,WA,ANM,WE,Combined TRACON& Tower with Radar,126,40,12,3,181,0,3,12,5,20,126,43,24,8,201,0,0,0,201
10/08/2021,GEG,WA,ANM,WE,Combined TRACON& Tower with Radar,121,33,24,0,178,0,2,13,4,19,121,35,37,4,197,24,0,24,221
10/09/2021,GEG,WA,ANM,WE,Combined TRACON& Tower with Radar,101,15,14,0,130,0,0,9,2,11,101,15,23,2,141,8,0,8,149
10/10/2021,GEG,WA,ANM,WE,Combined TRACON& Tower with Radar,108,5,10,0,123,0,0,2,0,2,108,5,12,0,125,0,0,0,125
10/11/2021,GEG,WA,ANM,WE,Combined TRACON& Tower with Radar,116,31,8,2,157,0,0,9,2,11,116,31,17,4,168,14,0,14,182
10/12/2021,GEG,WA,ANM,WE,Combined TRACON& Tower with Radar,122,28,15,16,181,0,1,20,3,24,122,29,35,19,205,18,34,52,257
10/13/2021,GEG,WA,ANM,WE,Combined TRACON& Tower with Radar,116,30,13,0,159,0,0,0,2,2,116,30,13,2,161,0,0,0,161
10/14/2021,GEG,WA,ANM,WE,Combined TRACON& Tower with Radar,129,36,17,0,182,0,0,6,4,10,129,36,23,4,192,13,0,13,205
10/15/2021,GEG,WA,ANM,WE,Combined TRACON& Tower with Radar,122,36,21,0,179,0,0,7,1,8,122,36,28,1,187,14,0,14,201
10/16/2021,GEG,WA,ANM,WE,Combined TRACON& Tower with Radar,102,24,11,0,137,0,0,14,2,16,102,24,25,2,153,8,0,8,161
10/17/2021,GEG,WA,ANM,WE,Combined TRACON& Tower with Radar,115,4,12,0,131,0,0,17,1,18,115,4,29,1,149,38,0,38,187
10/18/2021,GEG,WA,ANM,WE,Combined TRACON& Tower with Radar,119,24,22,0,165,0,3,14,0,17,119,27,36,0,182,41,0,41,223
10/19/2021,GEG,WA,ANM,WE,Combined TRACON& Tower with Radar,120,29,8,0,157,0,3,17,0,20,120,32,25,0,177,34,0,34,211
10/20/2021,GEG,WA,ANM,WE,Combined TRACON& Tower with Radar,117,36,15,4,172,0,0,5,3,8,117,36,20,7,180,8,0,8,188
10/21/2021,GEG,WA,ANM,WE,Combined TRACON& Tower with Radar,122,28,24,3,177,0,0,19,7,26,122,28,43,10,203,18,0,18,221
10/22/2021,GEG,WA,ANM,WE,Combined TRACON& Tower with Radar,115,28,15,0,158,0,0,0,0,0,115,28,15,0,158,0,0,0,158
10/23/2021,GEG,WA,ANM,WE,Combined TRACON& Tower with Radar,100,11,10,0,121,0,0,2,0,2,100,11,12,0,123,0,0,0,123
10/24/2021,GEG,WA,ANM,WE,Combined TRACON& Tower with Radar,120,3,4,0,127,0,0,0,0,0,120,3,4,0,127,0,0,0,127
10/25/2021,GEG,WA,ANM,WE,Combined TRACON& Tower with Radar,121,33,14,0,168,0,0,18,0,18,121,33,32,0,186,40,0,40,226
10/26/2021,GEG,WA,ANM,WE,Combined TRACON& Tower with Radar,121,38,13,1,173,0,0,8,1,9,121,38,21,2,182,28,4,32,214
10/27/2021,GEG,WA,ANM,WE,Combined TRACON& Tower with Radar,116,36,7,10,169,0,0,16,0,16,116,36,23,10,185,40,22,62,247
10/28/2021,GEG,WA,ANM,WE,Combined TRACON& Tower with Radar,131,39,13,2,185,0,0,5,0,5,131,39,18,2,190,10,6,16,206
10/29/2021,GEG,WA,ANM,WE,Combined TRACON& Tower with Radar,119,33,14,0,166,0,0,7,0,7,119,33,21,0,173,14,0,14,187
10/30/2021,GEG,WA,ANM,WE,Combined TRACON& Tower with Radar,101,13,8,0,122,0,2,16,0,18,101,15,24,0,140,18,0,18,158
10/31/2021,GEG,WA,ANM,WE,Combined TRACON& Tower with Radar,103,7,5,1,116,0,2,8,0,10,103,9,13,1,126,0,0,0,126
11/01/2021,GEG,WA,ANM,WE,Combined TRACON& Tower with Radar,111,29,13,1,154,0,3,51,0,54,111,32,64,1,208,78,0,78,286
11/02/2021,GEG,WA,ANM,WE,Combined TRACON& Tower with Radar,122,28,25,6,181,0,2,11,2,15,122,30,36,8,196,28,10,38,234
11/03/2021,GEG,WA,ANM,WE,Combined TRACON& Tower with Radar,116,37,23,0,176,0,2,12,0,14,116,39,35,0,190,34,0,34,224
11/04/2021,GEG,WA,ANM,WE,Combined TRACON& Tower with Radar,128,27,10,19,184,0,0,1,0,1,128,27,11,19,185,2,32,34,219
11/05/2021,GEG,WA,ANM,WE,Combined TRACON& Tower with Radar,122,23,8,9,162,0,0,6,1,7,122,23,14,10,169,56,30,86,255
11/06/2021,GEG,WA,ANM,WE,Combined TRACON& Tower with Radar,101,12,9,0,122,0,0,1,0,1,101,12,10,0,123,12,0,12,135
11/07/2021,GEG,WA,ANM,WE,Combined TRACON& Tower with Radar,112,1,15,0,128,0,1,9,0,10,112,2,24,0,138,4,0,4,142
11/08/2021,GEG,WA,ANM,WE,Combined TRACON& Tower with Radar,113,25,9,5,152,0,0,34,3,37,113,25,43,8,189,38,16,54,243
11/09/2021,GEG,WA,ANM,WE,Combined TRACON& Tower with Radar,108,35,13,0,156,0,0,10,0,10,108,35,23,0,166,44,0,44,210
11/10/2021,GEG,WA,ANM,WE,Combined TRACON& Tower with Radar,107,35,19,2,163,0,0,13,0,13,107,35,32,2,176,26,0,26,202
11/11/2021,GEG,WA,ANM,WE,Combined TRACON& Tower with Radar,119,30,16,0,165,0,0,0,0,0,119,30,16,0,165,0,0,0,165
11/12/2021,GEG,WA,ANM,WE,Combined TRACON& Tower with Radar,119,24,17,0,160,0,0,0,0,0,119,24,17,0,160,0,0,0,160
11/13/2021,GEG,WA,ANM,WE,Combined TRACON& Tower with Radar,92,22,17,1,132,0,0,11,1,12,92,22,28,2,144,8,0,8,152
11/14/2021,GEG,WA,ANM,WE,Combined TRACON& Tower with Radar,111,16,8,0,135,0,0,0,0,0,111,16,8,0,135,0,0,0,135
11/15/2021,GEG,WA,ANM,WE,Combined TRACON& Tower with Radar,118,12,5,0,135,0,1,4,0,5,118,13,9,0,140,0,0,0,140
11/16/2021,GEG,WA,ANM,WE,Combined TRACON& Tower with Radar,109,42,11,1,163,0,0,12,1,13,109,42,23,2,176,24,0,24,200
11/17/2021,GEG,WA,ANM,WE,Combined TRACON& Tower with Radar,105,43,27,0,175,0,3,24,0,27,105,46,51,0,202,26,0,26,228
11/18/2021,GEG,WA,ANM,WE,Combined TRACON& Tower with Radar,123,39,9,6,177,0,0,1,0,1,123,39,10,6,178,0,0,0,178
11/19/2021,GEG,WA,ANM,WE,Combined TRACON& Tower with Radar,128,31,8,0,167,0,0,0,0,0,128,31,8,0,167,6,22,28,195
11/20/2021,GEG,WA,ANM,WE,Combined TRACON& Tower with Radar,112,8,13,0,133,0,0,0,0,0,112,8,13,0,133,0,0,0,133
11/21/2021,GEG,WA,ANM,WE,Combined TRACON& Tower with Radar,120,5,5,0,130,0,2,0,0,2,120,7,5,0,132,0,0,0,132
11/22/2021,GEG,WA,ANM,WE,Combined TRACON& Tower with Radar,122,28,8,0,158,0,0,3,0,3,122,28,11,0,161,10,0,10,171
11/23/2021,GEG,WA,ANM,WE,Combined TRACON& Tower with Radar,128,36,15,0,179,0,0,0,0,0,128,36,15,0,179,0,0,0,179
11/24/2021,GEG,WA,ANM,WE,Combined TRACON& Tower with Radar,134,40,19,1,194,0,1,6,1,8,134,41,25,2,202,0,0,0,202
11/25/2021,GEG,WA,ANM,WE,Combined TRACON& Tower with Radar,81,1,6,0,88,0,0,2,0,2,81,1,8,0,90,48,0,48,138
11/26/2021,GEG,WA,ANM,WE,Combined TRACON& Tower with Radar,99,31,8,0,138,0,0,8,2,10,99,31,16,2,148,0,0,0,148
11/27/2021,GEG,WA,ANM,WE,Combined TRACON& Tower with Radar,113,13,13,0,139,0,0,0,0,0,113,13,13,0,139,0,0,0,139
11/28/2021,GEG,WA,ANM,WE,Combined TRACON& Tower with Radar,123,13,19,0,155,0,0,3,0,3,123,13,22,0,158,2,0,2,160
11/29/2021,GEG,WA,ANM,WE,Combined TRACON& Tower with Radar,122,26,20,0,168,0,0,6,2,8,122,26,26,2,176,0,0,0,176
11/30/2021,GEG,WA,ANM,WE,Combined TRACON& Tower with Radar,122,35,12,0,169,0,0,5,0,5,122,35,17,0,174,0,0,0,174
12/01/2021,GEG,WA,ANM,WE,Combined TRACON& Tower with Radar,104,36,13,8,161,0,0,8,0,8,104,36,21,8,169,4,0,4,173
12/02/2021,GEG,WA,ANM,WE,Combined TRACON& Tower with Radar,116,36,17,2,171,0,0,12,2,14,116,36,29,4,185,8,0,8,193
12/03/2021,GEG,WA,ANM,WE,Combined TRACON& Tower with Radar,116,33,18,8,175,0,1,10,0,11,116,34,28,8,186,8,6,14,200
12/04/2021,GEG,WA,ANM,WE,Combined TRACON& Tower with Radar,95,19,5,0,119,0,0,0,0,0,95,19,5,0,119,0,0,0,119
12/05/2021,GEG,WA,ANM,WE,Combined TRACON& Tower with Radar,107,4,17,0,128,1,0,10,0,11,108,4,27,0,139,10,0,10,149
12/06/2021,GEG,WA,ANM,WE,Combined TRACON& Tower with Radar,113,30,5,0,148,0,0,0,0,0,113,30,5,0,148,0,0,0,148
12/07/2021,GEG,WA,ANM,WE,Combined TRACON& Tower with Radar,109,31,10,1,151,0,0,0,0,0,109,31,10,1,151,0,0,0,151
12/08/2021,GEG,WA,ANM,WE,Combined TRACON& Tower with Radar,105,38,7,0,150,0,0,9,4,13,105,38,16,4,163,2,0,2,165
12/09/2021,GEG,WA,ANM,WE,Combined TRACON& Tower with Radar,114,34,11,0,159,0,0,5,2,7,114,34,16,2,166,22,0,22,188
12/10/2021,GEG,WA,ANM,WE,Combined TRACON& Tower with Radar,114,45,18,0,177,0,0,0,2,2,114,45,18,2,179,0,0,0,179
12/11/2021,GEG,WA,ANM,WE,Combined TRACON& Tower with Radar,98,23,8,4,133,0,0,1,0,1,98,23,9,4,134,2,0,2,136
12/12/2021,GEG,WA,ANM,WE,Combined TRACON& Tower with Radar,104,8,10,2,124,0,0,0,0,0,104,8,10,2,124,0,0,0,124
12/13/2021,GEG,WA,ANM,WE,Combined TRACON& Tower with Radar,115,25,15,0,155,0,0,1,0,1,115,25,16,0,156,42,0,42,198
12/14/2021,GEG,WA,ANM,WE,Combined TRACON& Tower with Radar,109,43,18,26,196,0,0,5,1,6,109,43,23,27,202,14,18,32,234
12/15/2021,GEG,WA,ANM,WE,Combined TRACON& Tower with Radar,103,39,23,0,165,0,1,9,0,10,103,40,32,0,175,2,0,2,177
12/16/2021,GEG,WA,ANM,WE,Combined TRACON& Tower with Radar,122,42,5,0,169,0,0,0,0,0,122,42,5,0,169,0,0,0,169
12/17/2021,GEG,WA,ANM,WE,Combined TRACON& Tower with Radar,121,46,22,0,189,1,0,4,0,5,122,46,26,0,194,8,0,8,202
12/18/2021,GEG,WA,ANM,WE,Combined TRACON& Tower with Radar,108,25,7,0,140,0,0,0,0,0,108,25,7,0,140,0,0,0,140
12/19/2021,GEG,WA,ANM,WE,Combined TRACON& Tower with Radar,116,3,13,0,132,0,0,0,0,0,116,3,13,0,132,0,0,0,132
12/20/2021,GEG,WA,ANM,WE,Combined TRACON& Tower with Radar,118,36,14,0,168,0,0,0,0,0,118,36,14,0,168,0,0,0,168
12/21/2021,GEG,WA,ANM,WE,Combined TRACON& Tower with Radar,117,42,13,0,172,0,0,0,0,0,117,42,13,0,172,0,0,0,172
12/22/2021,GEG,WA,ANM,WE,Combined TRACON& Tower with Radar,121,39,9,0,169,0,0,6,0,6,121,39,15,0,175,2,0,2,177
12/23/2021,GEG,WA,ANM,WE,Combined TRACON& Tower with Radar,121,38,4,0,163,0,0,0,0,0,121,38,4,0,163,0,0,0,163
12/24/2021,GEG,WA,ANM,WE,Combined TRACON& Tower with Radar,103,44,8,0,155,0,0,0,0,0,103,44,8,0,155,0,0,0,155
12/25/2021,GEG,WA,ANM,WE,Combined TRACON& Tower with Radar,79,12,2,0,93,0,0,0,0,0,79,12,2,0,93,0,0,0,93
12/26/2021,GEG,WA,ANM,WE,Combined TRACON& Tower with Radar,84,5,7,0,96,0,0,0,0,0,84,5,7,0,96,0,0,0,96
12/27/2021,GEG,WA,ANM,WE,Combined TRACON& Tower with Radar,95,33,8,2,138,0,0,0,0,0,95,33,8,2,138,0,0,0,138
12/28/2021,GEG,WA,ANM,WE,Combined TRACON& Tower with Radar,92,34,3,0,129,0,0,6,0,6,92,34,9,0,135,0,0,0,135
12/29/2021,GEG,WA,ANM,WE,Combined TRACON& Tower with Radar,114,43,10,0,167,0,0,5,0,5,114,43,15,0,172,2,0,2,174
12/30/2021,GEG,WA,ANM,WE,Combined TRACON& Tower with Radar,106,41,11,0,158,0,0,0,0,0,106,41,11,0,158,0,0,0,158
12/31/2021,GEG,WA,ANM,WE,Combined TRACON& Tower with Radar,98,40,8,0,146,0,0,0,0,0,98,40,8,0,146,0,0,0,146
01/01/2022,GEG,WA,ANM,WE,Combined TRACON& Tower with Radar,80,5,2,0,87,0,0,2,0,2,80,5,4,0,89,0,0,0,89
01/02/2022,GEG,WA,ANM,WE,Combined TRACON& Tower with Radar,111,0,17,0,128,0,0,5,0,5,111,0,22,0,133,18,0,18,151
01/03/2022,GEG,WA,ANM,WE,Combined TRACON& Tower with Radar,104,24,7,1,136,0,0,1,0,1,104,24,8,1,137,0,0,0,137
01/04/2022,GEG,WA,ANM,WE,Combined TRACON& Tower with Radar,101,27,13,0,141,0,0,0,0,0,101,27,13,0,141,0,0,0,141
01/05/2022,GEG,WA,ANM,WE,Combined TRACON& Tower with Radar,97,41,14,0,152,0,0,2,0,2,97,41,16,0,154,0,0,0,154
01/06/2022,GEG,WA,ANM,WE,Combined TRACON& Tower with Radar,98,21,3,0,122,0,0,0,0,0,98,21,3,0,122,0,0,0,122
01/07/2022,GEG,WA,ANM,WE,Combined TRACON& Tower with Radar,114,31,14,0,159,0,0,3,0,3,114,31,17,0,162,0,0,0,162
01/08/2022,GEG,WA,ANM,WE,Combined TRACON& Tower with Radar,84,16,7,0,107,1,1,6,0,8,85,17,13,0,115,20,0,20,135
01/09/2022,GEG,WA,ANM,WE,Combined TRACON& Tower with Radar,106,18,18,0,142,0,1,6,0,7,106,19,24,0,149,16,0,16,165
01/10/2022,GEG,WA,ANM,WE,Combined TRACON& Tower with Radar,106,25,13,0,144,0,1,4,0,5,106,26,17,0,149,0,0,0,149
01/11/2022,GEG,WA,ANM,WE,Combined TRACON& Tower with Radar,102,30,6,1,139,0,0,2,2,4,102,30,8,3,143,24,0,24,167
01/12/2022,GEG,WA,ANM,WE,Combined TRACON& Tower with Radar,103,39,6,0,148,0,1,4,2,7,103,40,10,2,155,0,0,0,155
01/13/2022,GEG,WA,ANM,WE,Combined TRACON& Tower with Radar,109,34,18,5,166,0,0,0,0,0,109,34,18,5,166,0,0,0,166
01/14/2022,GEG,WA,ANM,WE,Combined TRACON& Tower with Radar,113,10,3,0,126,0,0,0,0,0,113,10,3,0,126,0,0,0,126
01/15/2022,GEG,WA,ANM,WE,Combined TRACON& Tower with Radar,83,18,5,1,107,0,1,0,0,1,83,19,5,1,108,2,0,2,110
01/16/2022,GEG,WA,ANM,WE,Combined TRACON& Tower with Radar,97,10,14,0,121,0,0,0,0,0,97,10,14,0,121,0,0,0,121
01/17/2022,GEG,WA,ANM,WE,Combined TRACON& Tower with Radar,107,21,11,0,139,0,0,1,2,3,107,21,12,2,142,6,0,6,148
01/18/2022,GEG,WA,ANM,WE,Combined TRACON& Tower with Radar,106,30,10,0,146,0,0,0,0,0,106,30,10,0,146,0,0,0,146
01/19/2022,GEG,WA,ANM,WE,Combined TRACON& Tower with Radar,107,27,6,0,140,0,0,0,0,0,107,27,6,0,140,0,0,0,140
01/20/2022,GEG,WA,ANM,WE,Combined TRACON& Tower with Radar,120,35,12,3,170,0,0,0,0,0,120,35,12,3,170,0,0,0,170
01/21/2022,GEG,WA,ANM,WE,Combined TRACON& Tower with Radar,116,29,6,1,152,0,4,2,0,6,116,33,8,1,158,4,0,4,162
01/22/2022,GEG,WA,ANM,WE,Combined TRACON& Tower with Radar,84,12,13,0,109,0,0,0,0,0,84,12,13,0,109,0,0,0,109
01/23/2022,GEG,WA,ANM,WE,Combined TRACON& Tower with Radar,95,3,12,1,111,0,0,0,0,0,95,3,12,1,111,0,0,0,111
01/24/2022,GEG,WA,ANM,WE,Combined TRACON& Tower with Radar,108,24,3,0,135,0,0,0,0,0,108,24,3,0,135,0,0,0,135
01/25/2022,GEG,WA,ANM,WE,Combined TRACON& Tower with Radar,103,29,11,0,143,0,0,0,0,0,103,29,11,0,143,0,0,0,143
01/26/2022,GEG,WA,ANM,WE,Combined TRACON& Tower with Radar,108,35,11,6,160,0,0,0,2,2,108,35,11,8,162,0,0,0,162
01/27/2022,GEG,WA,ANM,WE,Combined TRACON& Tower with Radar,119,39,20,7,185,0,1,11,6,18,119,40,31,13,203,13,41,54,257
01/28/2022,GEG,WA,ANM,WE,Combined TRACON& Tower with Radar,117,26,9,3,155,0,0,4,4,8,117,26,13,7,163,12,0,12,175
01/29/2022,GEG,WA,ANM,WE,Combined TRACON& Tower with Radar,86,14,12,0,112,1,0,4,0,5,87,14,16,0,117,6,0,6,123
01/30/2022,GEG,WA,ANM,WE,Combined TRACON& Tower with Radar,108,4,5,0,117,0,0,0,0,0,108,4,5,0,117,0,0,0,117
01/31/2022,GEG,WA,ANM,WE,Combined TRACON& Tower with Radar,106,34,8,0,148,0,0,4,2,6,106,34,12,2,154,8,0,8,162
02/01/2022,GEG,WA,ANM,WE,Combined TRACON& Tower with Radar,106,33,19,0,158,0,0,7,2,9,106,33,26,2,167,8,0,8,175
02/02/2022,GEG,WA,ANM,WE,Combined TRACON& Tower with Radar,107,41,17,4,169,0,2,6,0,8,107,43,23,4,177,4,0,4,181
02/03/2022,GEG,WA,ANM,WE,Combined TRACON& Tower with Radar,114,33,11,0,158,0,0,0,0,0,114,33,11,0,158,0,0,0,158
02/04/2022,GEG,WA,ANM,WE,Combined TRACON& Tower with Radar,109,24,5,0,138,0,0,2,0,2,109,24,7,0,140,0,0,0,140
02/05/2022,GEG,WA,ANM,WE,Combined TRACON& Tower with Radar,86,16,7,0,109,0,0,8,0,8,86,16,15,0,117,6,0,6,123
02/06/2022,GEG,WA,ANM,WE,Combined TRACON& Tower with Radar,104,11,13,0,128,0,2,4,0,6,104,13,17,0,134,4,0,4,138
02/07/2022,GEG,WA,ANM,WE,Combined TRACON& Tower with Radar,114,31,5,1,151,0,4,5,1,10,114,35,10,2,161,20,0,20,181
02/08/2022,GEG,WA,ANM,WE,Combined TRACON& Tower with Radar,108,31,14,0,153,0,1,10,4,15,108,32,24,4,168,26,0,26,194
02/09/2022,GEG,WA,ANM,WE,Combined TRACON& Tower with Radar,106,42,15,0,163,0,0,16,0,16,106,42,31,0,179,10,0,10,189
02/10/2022,GEG,WA,ANM,WE,Combined TRACON& Tower with Radar,115,38,22,8,183,0,0,9,0,9,115,38,31,8,192,8,8,16,208
02/11/2022,GEG,WA,ANM,WE,Combined TRACON& Tower with Radar,115,41,11,0,167,0,0,14,0,14,115,41,25,0,181,26,0,26,207
02/12/2022,GEG,WA,ANM,WE,Combined TRACON& Tower with Radar,84,13,13,0,110,0,0,6,0,6,84,13,19,0,116,0,0,0,116
02/13/2022,GEG,WA,ANM,WE,Combined TRACON& Tower with Radar,98,13,4,0,115,0,2,9,0,11,98,15,13,0,126,8,0,8,134
02/14/2022,GEG,WA,ANM,WE,Combined TRACON& Tower with Radar,109,30,16,0,155,0,0,2,2,4,109,30,18,2,159,12,0,12,171
02/15/2022,GEG,WA,ANM,WE,Combined TRACON& Tower with Radar,108,33,11,4,156,0,0,7,0,7,108,33,18,4,163,8,0,8,171
02/16/2022,GEG,WA,ANM,WE,Combined TRACON& Tower with Radar,106,36,13,0,155,0,0,13,0,13,106,36,26,0,168,28,0,28,196
02/17/2022,GEG,WA,ANM,WE,Combined TRACON& Tower with Radar,114,37,11,2,164,0,2,7,1,10,114,39,18,3,174,8,0,8,182
02/18/2022,GEG,WA,ANM,WE,Combined TRACON& Tower with Radar,117,35,17,5,174,0,2,6,1,9,117,37,23,6,183,10,14,24,207
02/19/2022,GEG,WA,ANM,WE,Combined TRACON& Tower with Radar,81,21,5,0,107,0,0,3,0,3,81,21,8,0,110,20,0,20,130
02/20/2022,GEG,WA,ANM,WE,Combined TRACON& Tower with Radar,101,7,7,0,115,0,0,1,0,1,101,7,8,0,116,0,0,0,116
02/21/2022,GEG,WA,ANM,WE,Combined TRACON& Tower with Radar,108,26,11,0,145,0,0,2,0,2,108,26,13,0,147,0,0,0,147
02/22/2022,GEG,WA,ANM,WE,Combined TRACON& Tower with Radar,114,34,5,0,153,0,0,1,0,1,114,34,6,0,154,0,0,0,154
02/23/2022,GEG,WA,ANM,WE,Combined TRACON& Tower with Radar,105,37,18,0,160,0,0,12,2,14,105,37,30,2,174,8,0,8,182
02/24/2022,GEG,WA,ANM,WE,Combined TRACON& Tower with Radar,112,32,16,0,160,0,0,11,4,15,112,32,27,4,175,18,0,18,193
02/25/2022,GEG,WA,ANM,WE,Combined TRACON& Tower with Radar,117,23,21,0,161,0,2,17,0,19,117,25,38,0,180,18,0,18,198
02/26/2022,GEG,WA,ANM,WE,Combined TRACON& Tower with Radar,88,14,16,2,120,0,0,5,0,5,88,14,21,2,125,24,0,24,149
02/27/2022,GEG,WA,ANM,WE,Combined TRACON& Tower with Radar,108,6,8,0,122,0,0,0,0,0,108,6,8,0,122,0,0,0,122
02/28/2022,GEG,WA,ANM,WE,Combined TRACON& Tower with Radar,112,25,6,0,143,0,0,0,0,0,112,25,6,0,143,0,0,0,143
03/01/2022,GEG,WA,ANM,WE,Combined TRACON& Tower with Radar,110,30,8,0,148,0,1,1,1,3,110,31,9,1,151,3,0,3,154
03/02/2022,GEG,WA,ANM,WE,Combined TRACON& Tower with Radar,106,26,10,0,142,0,0,0,0,0,106,26,10,0,142,0,0,0,142
03/03/2022,GEG,WA,ANM,WE,Combined TRACON& Tower with Radar,121,34,9,0,164,0,0,2,0,2,121,34,11,0,166,2,0,2,168
03/04/2022,GEG,WA,ANM,WE,Combined TRACON& Tower with Radar,112,35,15,0,162,0,0,6,0,6,112,35,21,0,168,6,0,6,174
03/05/2022,GEG,WA,ANM,WE,Combined TRACON& Tower with Radar,85,14,12,0,111,0,0,7,0,7,85,14,19,0,118,0,0,0,118
03/06/2022,GEG,WA,ANM,WE,Combined TRACON& Tower with Radar,107,4,13,4,128,0,0,3,1,4,107,4,16,5,132,14,0,14,146
03/07/2022,GEG,WA,ANM,WE,Combined TRACON& Tower with Radar,113,27,24,0,164,0,0,16,0,16,113,27,40,0,180,20,0,20,200
03/08/2022,GEG,WA,ANM,WE,Combined TRACON& Tower with Radar,106,29,19,2,156,0,0,5,4,9,106,29,24,6,165,6,10,16,181
03/09/2022,GEG,WA,ANM,WE,Combined TRACON& Tower with Radar,111,33,20,10,174,0,0,18,2,20,111,33,38,12,194,13,9,22,216
03/10/2022,GEG,WA,ANM,WE,Combined TRACON& Tower with Radar,113,31,27,18,189,0,1,33,0,34,113,32,60,18,223,30,0,30,253
03/11/2022,GEG,WA,ANM,WE,Combined TRACON& Tower with Radar,117,28,17,0,162,0,2,6,2,10,117,30,23,2,172,0,0,0,172
03/12/2022,GEG,WA,ANM,WE,Combined TRACON& Tower with Radar,90,8,15,0,113,0,0,7,0,7,90,8,22,0,120,6,0,6,126
03/13/2022,GEG,WA,ANM,WE,Combined TRACON& Tower with Radar,106,6,5,1,118,0,0,0,1,1,106,6,5,2,119,0,0,0,119
03/14/2022,GEG,WA,ANM,WE,Combined TRACON& Tower with Radar,116,24,6,0,146,0,0,4,0,4,116,24,10,0,150,0,0,0,150
03/15/2022,GEG,WA,ANM,WE,Combined TRACON& Tower with Radar,112,26,6,0,144,0,0,0,2,2,112,26,6,2,146,4,0,4,150
03/16/2022,GEG,WA,ANM,WE,Combined TRACON& Tower with Radar,111,37,46,19,213,0,0,10,3,13,111,37,56,22,226,27,29,56,282
03/17/2022,GEG,WA,ANM,WE,Combined TRACON& Tower with Radar,120,29,29,6,184,0,2,13,2,17,120,31,42,8,201,8,10,18,219
03/18/2022,GEG,WA,ANM,WE,Combined TRACON& Tower with Radar,121,27,13,1,162,0,0,10,2,12,121,27,23,3,174,0,0,0,174
03/19/2022,GEG,WA,ANM,WE,Combined TRACON& Tower with Radar,103,10,15,0,128,0,3,4,0,7,103,13,19,0,135,14,0,14,149
03/20/2022,GEG,WA,ANM,WE,Combined TRACON& Tower with Radar,115,8,11,0,134,0,0,6,0,6,115,8,17,0,140,0,0,0,140
03/21/2022,GEG,WA,ANM,WE,Combined TRACON& Tower with Radar,117,28,6,0,151,0,0,0,0,0,117,28,6,0,151,0,0,0,151
03/22/2022,GEG,WA,ANM,WE,Combined TRACON& Tower with Radar,117,31,40,0,188,0,0,4,0,4,117,31,44,0,192,0,0,0,192
03/23/2022,GEG,WA,ANM,WE,Combined TRACON& Tower with Radar,124,43,21,0,188,0,0,18,0,18,124,43,39,0,206,33,0,33,239
03/24/2022,GEG,WA,ANM,WE,Combined TRACON& Tower with Radar,126,31,18,11,186,0,0,14,1,15,126,31,32,12,201,8,26,34,235
03/25/2022,GEG,WA,ANM,WE,Combined TRACON& Tower with Radar,128,34,20,0,182,0,1,10,0,11,128,35,30,0,193,20,0,20,213
03/26/2022,GEG,WA,ANM,WE,Combined TRACON& Tower with Radar,105,15,9,0,129,0,0,9,0,9,105,15,18,0,138,0,0,0,138
03/27/2022,GEG,WA,ANM,WE,Combined TRACON& Tower with Radar,114,9,13,0,136,0,0,9,0,9,114,9,22,0,145,10,0,10,155
03/28/2022,GEG,WA,ANM,WE,Combined TRACON& Tower with Radar,118,30,20,0,168,0,0,18,0,18,118,30,38,0,186,38,0,38,224
03/29/2022,GEG,WA,ANM,WE,Combined TRACON& Tower with Radar,112,28,17,16,173,0,0,19,10,29,112,28,36,26,202,22,46,68,270
03/30/2022,GEG,WA,ANM,WE,Combined TRACON& Tower with Radar,110,27,28,4,169,0,0,9,0,9,110,27,37,4,178,12,0,12,190
03/31/2022,GEG,WA,ANM,WE,Combined TRACON& Tower with Radar,126,33,29,2,190,0,0,27,2,29,126,33,56,4,219,32,2,34,253
04/01/2022,GEG,WA,ANM,WE,Combined TRACON& Tower with Radar,115,27,33,1,176,0,0,8,0,8,115,27,41,1,184,6,0,6,190
04/02/2022,GEG,WA,ANM,WE,Combined TRACON& Tower with Radar,92,14,13,1,120,0,0,4,0,4,92,14,17,1,124,0,0,0,124
04/03/2022,GEG,WA,ANM,WE,Combined TRACON& Tower with Radar,104,10,11,0,125,0,0,9,0,9,104,10,20,0,134,10,0,10,144
04/04/2022,GEG,WA,ANM,WE,Combined TRACON& Tower with Radar,119,10,4,0,133,0,0,0,0,0,119,10,4,0,133,0,0,0,133
04/05/2022,GEG,WA,ANM,WE,Combined TRACON& Tower with Radar,110,33,4,0,147,1,0,3,0,4,111,33,7,0,151,8,0,8,159
04/06/2022,GEG,WA,ANM,WE,Combined TRACON& Tower with Radar,115,35,25,0,175,0,0,37,0,37,115,35,62,0,212,24,0,24,236
04/07/2022,GEG,WA,ANM,WE,Combined TRACON& Tower with Radar,121,33,24,3,181,0,0,23,1,24,121,33,47,4,205,10,0,10,215
04/08/2022,GEG,WA,ANM,WE,Combined TRACON& Tower with Radar,118,28,12,0,158,0,0,14,0,14,118,28,26,0,172,0,0,0,172
04/09/2022,GEG,WA,ANM,WE,Combined TRACON& Tower with Radar,93,14,8,0,115,0,2,12,0,14,93,16,20,0,129,12,0,12,141
04/10/2022,GEG,WA,ANM,WE,Combined TRACON& Tower with Radar,107,3,12,0,122,0,0,10,0,10,107,3,22,0,132,12,0,12,144
04/11/2022,GEG,WA,ANM,WE,Combined TRACON& Tower with Radar,124,32,13,0,169,0,0,8,0,8,124,32,21,0,177,0,0,0,177
04/12/2022,GEG,WA,ANM,WE,Combined TRACON& Tower with Radar,110,37,28,1,176,2,2,8,2,14,112,39,36,3,190,60,0,60,250
04/13/2022,GEG,WA,ANM,WE,Combined TRACON& Tower with Radar,113,33,19,21,186,0,0,32,1,33,113,33,51,22,219,12,8,20,239
04/14/2022,GEG,WA,ANM,WE,Combined TRACON& Tower with Radar,130,48,16,4,198,0,1,2,0,3,130,49,18,4,201,8,0,8,209
04/15/2022,GEG,WA,ANM,WE,Combined TRACON& Tower with Radar,126,37,14,0,177,1,1,17,2,21,127,38,31,2,198,6,0,6,204
04/16/2022,GEG,WA,ANM,WE,Combined TRACON& Tower with Radar,94,15,13,1,123,0,0,15,0,15,94,15,28,1,138,0,0,0,138
04/17/2022,GEG,WA,ANM,WE,Combined TRACON& Tower with Radar,103,9,7,1,120,0,2,12,0,14,103,11,19,1,134,34,0,34,168
04/18/2022,GEG,WA,ANM,WE,Combined TRACON& Tower with Radar,116,35,17,1,169,0,0,13,0,13,116,35,30,1,182,0,0,0,182
04/19/2022,GEG,WA,ANM,WE,Combined TRACON& Tower with Radar,113,38,9,7,167,0,0,9,1,10,113,38,18,8,177,6,0,6,183
04/20/2022,GEG,WA,ANM,WE,Combined TRACON& Tower with Radar,111,32,34,1,178,0,0,12,4,16,111,32,46,5,194,20,2,22,216
04/21/2022,GEG,WA,ANM,WE,Combined TRACON& Tower with Radar,122,36,13,0,171,0,0,7,2,9,122,36,20,2,180,0,0,0,180
04/22/2022,GEG,WA,ANM,WE,Combined TRACON& Tower with Radar,134,34,17,0,185,0,2,14,6,22,134,36,31,6,207,0,0,0,207
04/23/2022,GEG,WA,ANM,WE,Combined TRACON& Tower with Radar,94,18,14,1,127,0,0,15,0,15,94,18,29,1,142,12,0,12,154
04/24/2022,GEG,WA,ANM,WE,Combined TRACON& Tower with Radar,109,8,10,1,128,0,0,21,0,21,109,8,31,1,149,10,0,10,159
04/25/2022,GEG,WA,ANM,WE,Combined TRACON& Tower with Radar,122,40,18,3,183,0,3,12,3,18,122,43,30,6,201,30,0,30,231
04/26/2022,GEG,WA,ANM,WE,Combined TRACON& Tower with Radar,111,37,27,1,176,0,1,5,1,7,111,38,32,2,183,26,0,26,209
04/27/2022,GEG,WA,ANM,WE,Combined TRACON& Tower with Radar,108,35,23,2,168,0,3,8,2,13,108,38,31,4,181,0,0,0,181
04/28/2022,GEG,WA,ANM,WE,Combined TRACON& Tower with Radar,124,34,32,2,192,0,1,18,4,23,124,35,50,6,215,26,0,26,241
04/29/2022,GEG,WA,ANM,WE,Combined TRACON& Tower with Radar,128,28,28,2,186,0,0,3,0,3,128,28,31,2,189,2,0,2,191
04/30/2022,GEG,WA,ANM,WE,Combined TRACON& Tower with Radar,89,13,5,0,107,0,0,1,0,1,89,13,6,0,108,0,0,0,108
05/01/2022,GEG,WA,ANM,WE,Combined TRACON& Tower with Radar,106,11,13,0,130,0,1,4,1,6,106,12,17,1,136,2,0,2,138
05/02/2022,GEG,WA,ANM,WE,Combined TRACON& Tower with Radar,121,35,15,0,171,0,0,5,2,7,121,35,20,2,178,0,0,0,178
05/03/2022,GEG,WA,ANM,WE,Combined TRACON& Tower with Radar,121,36,11,5,173,0,2,8,3,13,121,38,19,8,186,24,0,24,210
05/04/2022,GEG,WA,ANM,WE,Combined TRACON& Tower with Radar,117,42,23,6,188,0,3,14,4,21,117,45,37,10,209,16,16,32,241
05/05/2022,GEG,WA,ANM,WE,Combined TRACON& Tower with Radar,121,33,8,0,162,0,2,3,2,7,121,35,11,2,169,2,0,2,171
05/06/2022,GEG,WA,ANM,WE,Combined TRACON& Tower with Radar,134,29,15,1,179,0,0,5,5,10,134,29,20,6,189,8,0,8,197
05/07/2022,GEG,WA,ANM,WE,Combined TRACON& Tower with Radar,105,15,13,1,134,0,4,1,2,7,105,19,14,3,141,0,0,0,141
05/08/2022,GEG,WA,ANM,WE,Combined TRACON& Tower with Radar,113,6,10,0,129,0,0,10,0,10,113,6,20,0,139,0,0,0,139
05/09/2022,GEG,WA,ANM,WE,Combined TRACON& Tower with Radar,124,28,29,0,181,0,1,13,0,14,124,29,42,0,195,26,0,26,221
05/10/2022,GEG,WA,ANM,WE,Combined TRACON& Tower with Radar,120,40,22,8,190,0,0,19,0,19,120,40,41,8,209,16,6,22,231
05/11/2022,GEG,WA,ANM,WE,Combined TRACON& Tower with Radar,123,30,15,1,169,0,0,17,0,17,123,30,32,1,186,42,0,42,228
05/12/2022,GEG,WA,ANM,WE,Combined TRACON& Tower with Radar,128,26,13,0,167,0,3,16,0,19,128,29,29,0,186,20,0,20,206
05/13/2022,GEG,WA,ANM,WE,Combined TRACON& Tower with Radar,124,24,10,11,169,0,1,7,10,18,124,25,17,21,187,0,20,20,207
05/14/2022,GEG,WA,ANM,WE,Combined TRACON& Tower with Radar,101,10,9,3,123,0,0,3,0,3,101,10,12,3,126,0,0,0,126
05/15/2022,GEG,WA,ANM,WE,Combined TRACON& Tower with Radar,116,2,13,1,132,0,0,7,1,8,116,2,20,2,140,6,0,6,146
05/16/2022,GEG,WA,ANM,WE,Combined TRACON& Tower with Radar,127,29,14,10,180,0,0,25,1,26,127,29,39,11,206,30,18,48,254
05/17/2022,GEG,WA,ANM,WE,Combined TRACON& Tower with Radar,120,33,6,0,159,0,0,13,0,13,120,33,19,0,172,2,0,2,174
05/18/2022,GEG,WA,ANM,WE,Combined TRACON& Tower with Radar,126,35,14,4,179,0,3,4,0,7,126,38,18,4,186,4,0,4,190
05/19/2022,GEG,WA,ANM,WE,Combined TRACON& Tower with Radar,129,35,20,3,187,0,2,4,0,6,129,37,24,3,193,0,0,0,193
05/20/2022,GEG,WA,ANM,WE,Combined TRACON& Tower with Radar,130,41,16,3,190,0,0,13,0,13,130,41,29,3,203,30,0,30,233
05/21/2022,GEG,WA,ANM,WE,Combined TRACON& Tower with Radar,94,14,12,0,120,0,0,9,0,9,94,14,21,0,129,14,0,14,143
05/22/2022,GEG,WA,ANM,WE,Combined TRACON& Tower with Radar,117,7,17,0,141,0,0,16,0,16,117,7,33,0,157,22,0,22,179
05/23/2022,GEG,WA,ANM,WE,Combined TRACON& Tower with Radar,123,26,12,0,161,0,0,11,2,13,123,26,23,2,174,4,0,4,178
05/24/2022,GEG,WA,ANM,WE,Combined TRACON& Tower with Radar,144,25,29,5,203,0,2,15,3,20,144,27,44,8,223,48,4,52,275
05/25/2022,GEG,WA,ANM,WE,Combined TRACON& Tower with Radar,128,38,23,0,189,0,2,16,0,18,128,40,39,0,207,22,0,22,229
05/26/2022,GEG,WA,ANM,WE,Combined TRACON& Tower with Radar,123,27,21,0,171,0,4,26,0,30,123,31,47,0,201,2,0,2,203
05/27/2022,GEG,WA,ANM,WE,Combined TRACON& Tower with Radar,132,31,8,0,171,0,0,2,2,4,132,31,10,2,175,0,0,0,175
05/28/2022,GEG,WA,ANM,WE,Combined TRACON& Tower with Radar,98,12,3,1,114,0,2,9,0,11,98,14,12,1,125,0,0,0,125
05/29/2022,GEG,WA,ANM,WE,Combined TRACON& Tower with Radar,113,0,7,1,121,0,0,2,0,2,113,0,9,1,123,4,0,4,127
05/30/2022,GEG,WA,ANM,WE,Combined TRACON& Tower with Radar,122,8,9,0,139,0,0,1,4,5,122,8,10,4,144,0,0,0,144
05/31/2022,GEG,WA,ANM,WE,Combined TRACON& Tower with Radar,107,32,9,0,148,0,1,7,0,8,107,33,16,0,156,64,0,64,220
06/01/2022,GEG,WA,ANM,WE,Combined TRACON& Tower with Radar,124,31,12,1,168,0,1,22,5,28,124,32,34,6,196,42,0,42,238
06/02/2022,GEG,WA,ANM,WE,Combined TRACON& Tower with Radar,125,33,13,0,171,0,1,13,1,15,125,34,26,1,186,6,0,6,192
06/03/2022,GEG,WA,ANM,WE,Combined TRACON& Tower with Radar,134,26,8,0,168,0,2,3,0,5,134,28,11,0,173,22,0,22,195
06/04/2022,GEG,WA,ANM,WE,Combined TRACON& Tower with Radar,109,11,14,3,137,0,0,1,0,1,109,11,15,3,138,0,0,0,138
06/05/2022,GEG,WA,ANM,WE,Combined TRACON& Tower with Radar,130,1,10,0,141,0,0,1,0,1,130,1,11,0,142,0,0,0,142
06/06/2022,GEG,WA,ANM,WE,Combined TRACON& Tower with Radar,135,28,14,0,177,1,1,15,2,19,136,29,29,2,196,26,0,26,222
06/07/2022,GEG,WA,ANM,WE,Combined TRACON& Tower with Radar,140,27,16,0,183,0,1,28,2,31,140,28,44,2,214,8,0,8,222
06/08/2022,GEG,WA,ANM,WE,Combined TRACON& Tower with Radar,136,30,10,3,179,0,2,15,1,18,136,32,25,4,197,24,18,42,239
06/09/2022,GEG,WA,ANM,WE,Combined TRACON& Tower with Radar,144,24,18,5,191,0,0,5,2,7,144,24,23,7,198,12,12,24,222
06/10/2022,GEG,WA,ANM,WE,Combined TRACON& Tower with Radar,140,25,15,4,184,0,0,3,0,3,140,25,18,4,187,0,0,0,187
06/11/2022,GEG,WA,ANM,WE,Combined TRACON& Tower with Radar,113,7,4,0,124,0,0,1,0,1,113,7,5,0,125,2,0,2,127
06/12/2022,GEG,WA,ANM,WE,Combined TRACON& Tower with Radar,132,10,5,0,147,0,0,11,0,11,132,10,16,0,158,10,0,10,168
06/13/2022,GEG,WA,ANM,WE,Combined TRACON& Tower with Radar,134,28,15,0,177,0,0,0,0,0,134,28,15,0,177,0,0,0,177
06/14/2022,GEG,WA,ANM,WE,Combined TRACON& Tower with Radar,138,30,14,0,182,0,0,3,2,5,138,30,17,2,187,8,0,8,195
06/15/2022,GEG,WA,ANM,WE,Combined TRACON& Tower with Radar,130,34,24,0,188,0,1,13,2,16,130,35,37,2,204,22,0,22,226
06/16/2022,GEG,WA,ANM,WE,Combined TRACON& Tower with Radar,141,25,13,7,186,0,2,6,2,10,141,27,19,9,196,0,0,0,196
06/17/2022,GEG,WA,ANM,WE,Combined TRACON& Tower with Radar,165,27,6,17,215,0,2,15,6,23,165,29,21,23,238,0,0,0,238
06/18/2022,GEG,WA,ANM,WE,Combined TRACON& Tower with Radar,112,7,10,2,131,0,1,5,0,6,112,8,15,2,137,0,0,0,137
06/19/2022,GEG,WA,ANM,WE,Combined TRACON& Tower with Radar,134,1,5,1,141,0,0,0,0,0,134,1,5,1,141,0,0,0,141
06/20/2022,GEG,WA,ANM,WE,Combined TRACON& Tower with Radar,143,31,16,0,190,0,0,4,1,5,143,31,20,1,195,12,0,12,207
06/21/2022,GEG,WA,ANM,WE,Combined TRACON& Tower with Radar,140,30,19,0,189,0,2,17,3,22,140,32,36,3,211,30,0,30,241
06/22/2022,GEG,WA,ANM,WE,Combined TRACON& Tower with Radar,134,34,17,0,185,0,2,14,6,22,134,36,31,6,207,0,0,0,207
06/23/2022,GEG,WA,ANM,WE,Combined TRACON& Tower with Radar,145,29,16,0,190,0,2,19,3,24,145,31,35,3,214,10,0,10,224
06/24/2022,GEG,WA,ANM,WE,Combined TRACON& Tower with Radar,141,33,11,2,187,0,0,18,1,19,141,33,29,3,206,18,0,18,224
06/25/2022,GEG,WA,ANM,WE,Combined TRACON& Tower with Radar,111,10,7,0,128,0,1,20,0,21,111,11,27,0,149,0,0,0,149
06/26/2022,GEG,WA,ANM,WE,Combined TRACON& Tower with Radar,138,15,16,0,169,0,2,16,3,21,138,17,32,3,190,2,0,2,192
06/27/2022,GEG,WA,ANM,WE,Combined TRACON& Tower with Radar,143,26,19,1,189,0,4,15,0,19,143,30,34,1,208,2,0,2,210
06/28/2022,GEG,WA,ANM,WE,Combined TRACON& Tower with Radar,136,36,8,0,180,0,2,15,2,19,136,38,23,2,199,4,0,4,203
06/29/2022,GEG,WA,ANM,WE,Combined TRACON& Tower with Radar,133,38,13,0,184,0,0,13,2,15,133,38,26,2,199,14,0,14,213
06/30/2022,GEG,WA,ANM,WE,Combined TRACON& Tower with Radar,149,27,9,0,185,0,3,17,2,22,149,30,26,2,207,0,44,44,251
07/01/2022,GEG,WA,ANM,WE,Combined TRACON& Tower with Radar,145,29,8,0,182,0,0,16,0,16,145,29,24,0,198,0,0,0,198
07/02/2022,GEG,WA,ANM,WE,Combined TRACON& Tower with Radar,107,9,8,0,124,0,1,21,0,22,107,10,29,0,146,6,0,6,152
07/03/2022,GEG,WA,ANM,WE,Combined TRACON& Tower with Radar,132,4,8,0,144,0,0,5,0,5,132,4,13,0,149,0,0,0,149
07/04/2022,GEG,WA,ANM,WE,Combined TRACON& Tower with Radar,130,7,3,0,140,0,0,2,0,2,130,7,5,0,142,0,0,0,142
07/05/2022,GEG,WA,ANM,WE,Combined TRACON& Tower with Radar,119,26,10,0,155,0,2,14,3,19,119,28,24,3,174,22,0,22,196
07/06/2022,GEG,WA,ANM,WE,Combined TRACON& Tower with Radar,136,25,15,0,176,0,0,12,3,15,136,25,27,3,191,30,0,30,221
07/07/2022,GEG,WA,ANM,WE,Combined TRACON& Tower with Radar,144,32,20,0,196,0,0,19,0,19,144,32,39,0,215,57,0,57,272
07/08/2022,GEG,WA,ANM,WE,Combined TRACON& Tower with Radar,143,28,15,9,195,0,5,17,1,23,143,33,32,10,218,8,12,20,238
07/09/2022,GEG,WA,ANM,WE,Combined TRACON& Tower with Radar,108,9,10,0,127,0,1,17,0,18,108,10,27,0,145,4,0,4,149
07/10/2022,GEG,WA,ANM,WE,Combined TRACON& Tower with Radar,132,4,13,0,149,0,2,15,0,17,132,6,28,0,166,24,0,24,190
07/11/2022,GEG,WA,ANM,WE,Combined TRACON& Tower with Radar,139,34,14,22,209,0,3,24,2,29,139,37,38,24,238,78,14,92,330
07/12/2022,GEG,WA,ANM,WE,Combined TRACON& Tower with Radar,129,29,13,4,175,0,2,26,4,32,129,31,39,8,207,20,20,40,247
07/13/2022,GEG,WA,ANM,WE,Combined TRACON& Tower with Radar,135,39,8,0,182,0,0,10,2,12,135,39,18,2,194,36,0,36,230
07/14/2022,GEG,WA,ANM,WE,Combined TRACON& Tower with Radar,143,27,18,0,188,2,4,24,0,30,145,31,42,0,218,42,0,42,260
07/15/2022,GEG,WA,ANM,WE,Combined TRACON& Tower with Radar,145,25,13,0,183,0,0,12,3,15,145,25,25,3,198,21,0,21,219
07/16/2022,GEG,WA,ANM,WE,Combined TRACON& Tower with Radar,107,8,16,0,131,1,1,9,0,11,108,9,25,0,142,0,0,0,142
07/17/2022,GEG,WA,ANM,WE,Combined TRACON& Tower with Radar,135,12,6,0,153,0,0,16,2,18,135,12,22,2,171,0,0,0,171
07/18/2022,GEG,WA,ANM,WE,Combined TRACON& Tower with Radar,139,25,12,0,176,0,0,9,2,11,139,25,21,2,187,0,0,0,187
07/19/2022,GEG,WA,ANM,WE,Combined TRACON& Tower with Radar,130,31,9,6,176,0,0,19,0,19,130,31,28,6,195,14,12,26,221
07/20/2022,GEG,WA,ANM,WE,Combined TRACON& Tower with Radar,131,37,21,0,189,0,0,16,0,16,131,37,37,0,205,22,0,22,227
07/21/2022,GEG,WA,ANM,WE,Combined TRACON& Tower with Radar,147,33,13,19,212,0,0,17,7,24,147,33,30,26,236,18,14,32,268
07/22/2022,GEG,WA,ANM,WE,Combined TRACON& Tower with Radar,147,23,13,0,183,0,2,29,0,31,147,25,42,0,214,24,0,24,238
07/23/2022,GEG,WA,ANM,WE,Combined TRACON& Tower with Radar,104,6,10,0,120,0,1,15,0,16,104,7,25,0,136,28,0,28,164
07/24/2022,GEG,WA,ANM,WE,Combined TRACON& Tower with Radar,130,5,13,0,148,0,0,12,2,14,130,5,25,2,162,0,0,0,162
07/25/2022,GEG,WA,ANM,WE,Combined TRACON& Tower with Radar,138,25,10,8,181,1,2,8,0,11,139,27,18,8,192,12,0,12,204
07/26/2022,GEG,WA,ANM,WE,Combined TRACON& Tower with Radar,131,25,16,7,179,0,0,11,3,14,131,25,27,10,193,10,14,24,217
07/27/2022,GEG,WA,ANM,WE,Combined TRACON& Tower with Radar,131,26,15,0,172,0,0,14,2,16,131,26,29,2,188,0,0,0,188
07/28/2022,GEG,WA,ANM,WE,Combined TRACON& Tower with Radar,145,26,19,2,192,0,0,11,0,11,145,26,30,2,203,0,0,0,203
07/29/2022,GEG,WA,ANM,WE,Combined TRACON& Tower with Radar,143,23,16,8,190,0,2,13,0,15,143,25,29,8,205,2,16,18,223
07/30/2022,GEG,WA,ANM,WE,Combined TRACON& Tower with Radar,106,8,11,1,126,0,3,20,0,23,106,11,31,1,149,4,2,6,155
07/31/2022,GEG,WA,ANM,WE,Combined TRACON& Tower with Radar,140,1,8,0,149,0,4,6,0,10,140,5,14,0,159,2,0,2,161
08/01/2022,GEG,WA,ANM,WE,Combined TRACON& Tower with Radar,134,25,23,10,192,0,2,21,3,26,134,27,44,13,218,32,16,48,266
08/02/2022,GEG,WA,ANM,WE,Combined TRACON& Tower with Radar,136,30,20,0,186,0,0,9,2,11,136,30,29,2,197,0,0,0,197
08/03/2022,GEG,WA,ANM,WE,Combined TRACON& Tower with Radar,129,38,10,14,191,0,2,10,0,12,129,40,20,14,203,14,0,14,217
08/04/2022,GEG,WA,ANM,WE,Combined TRACON& Tower with Radar,145,35,6,8,194,0,0,16,3,19,145,35,22,11,213,22,6,28,241
08/05/2022,GEG,WA,ANM,WE,Combined TRACON& Tower with Radar,143,27,21,0,191,0,4,21,0,25,143,31,42,0,216,12,0,12,228
08/06/2022,GEG,WA,ANM,WE,Combined TRACON& Tower with Radar,101,11,6,0,118,0,2,14,0,16,101,13,20,0,134,18,0,18,152
08/07/2022,GEG,WA,ANM,WE,Combined TRACON& Tower with Radar,134,6,16,2,158,0,1,20,1,22,134,7,36,3,180,34,0,34,214
08/08/2022,GEG,WA,ANM,WE,Combined TRACON& Tower with Radar,136,22,22,2,182,0,4,16,1,21,136,26,38,3,203,22,0,22,225
08/09/2022,GEG,WA,ANM,WE,Combined TRACON& Tower with Radar,136,24,20,7,187,0,3,10,4,17,136,27,30,11,204,2,10,12,216
08/10/2022,GEG,WA,ANM,WE,Combined TRACON& Tower with Radar,128,25,15,2,170,0,0,8,0,8,128,25,23,2,178,8,0,8,186
08/11/2022,GEG,WA,ANM,WE,Combined TRACON& Tower with Radar,147,40,22,1,210,0,1,11,1,13,147,41,33,2,223,4,0,4,227
08/12/2022,GEG,WA,ANM,WE,Combined TRACON& Tower with Radar,149,28,9,1,187,0,3,28,1,32,149,31,37,2,219,12,0,12,231
08/13/2022,GEG,WA,ANM,WE,Combined TRACON& Tower with Radar,106,17,10,3,136,0,1,12,2,15,106,18,22,5,151,12,0,12,163
08/14/2022,GEG,WA,ANM,WE,Combined TRACON& Tower with Radar,136,3,16,6,161,0,2,6,0,8,136,5,22,6,169,20,0,20,189
08/15/2022,GEG,WA,ANM,WE,Combined TRACON& Tower with Radar,136,26,14,0,176,0,4,16,2,22,136,30,30,2,198,0,0,0,198
08/16/2022,GEG,WA,ANM,WE,Combined TRACON& Tower with Radar,134,28,9,1,172,0,0,21,2,23,134,28,30,3,195,70,0,70,265
08/17/2022,GEG,WA,ANM,WE,Combined TRACON& Tower with Radar,132,42,16,0,190,0,0,17,2,19,132,42,33,2,209,10,0,10,219
08/18/2022,GEG,WA,ANM,WE,Combined TRACON& Tower with Radar,141,35,16,8,200,0,4,22,1,27,141,39,38,9,227,48,14,62,289
08/19/2022,GEG,WA,ANM,WE,Combined TRACON& Tower with Radar,148,21,16,12,197,0,3,18,5,26,148,24,34,17,223,0,0,0,223
08/20/2022,GEG,WA,ANM,WE,Combined TRACON& Tower with Radar,107,15,5,0,127,0,0,10,1,11,107,15,15,1,138,10,0,10,148
08/21/2022,GEG,WA,ANM,WE,Combined TRACON& Tower with Radar,133,5,14,0,152,2,3,17,1,23,135,8,31,1,175,18,0,18,193
08/22/2022,GEG,WA,ANM,WE,Combined TRACON& Tower with Radar,139,24,13,0,176,0,0,8,3,11,139,24,21,3,187,8,0,8,195
08/23/2022,GEG,WA,ANM,WE,Combined TRACON& Tower with Radar,135,26,14,6,181,0,1,17,0,18,135,27,31,6,199,2,0,2,201
08/24/2022,GEG,WA,ANM,WE,Combined TRACON& Tower with Radar,131,22,14,7,174,0,0,8,0,8,131,22,22,7,182,12,0,12,194
08/25/2022,GEG,WA,ANM,WE,Combined TRACON& Tower with Radar,145,25,11,2,183,0,0,17,2,19,145,25,28,4,202,28,0,28,230
08/26/2022,GEG,WA,ANM,WE,Combined TRACON& Tower with Radar,145,27,15,6,193,0,2,15,8,25,145,29,30,14,218,2,8,10,228
08/27/2022,GEG,WA,ANM,WE,Combined TRACON& Tower with Radar,111,7,9,0,127,0,0,9,2,11,111,7,18,2,138,4,0,4,142
08/28/2022,GEG,WA,ANM,WE,Combined TRACON& Tower with Radar,134,3,11,1,149,0,2,8,1,11,134,5,19,2,160,0,0,0,160
08/29/2022,GEG,WA,ANM,WE,Combined TRACON& Tower with Radar,136,37,18,2,193,0,2,23,0,25,136,39,41,2,218,34,0,34,252
08/30/2022,GEG,WA,ANM,WE,Combined TRACON& Tower with Radar,135,31,16,0,182,0,1,13,5,19,135,32,29,5,201,18,0,18,219
08/31/2022,GEG,WA,ANM,WE,Combined TRACON& Tower with Radar,133,30,29,0,192,0,0,19,2,21,133,30,48,2,213,14,0,14,227
09/01/2022,GEG,WA,ANM,WE,Combined TRACON& Tower with Radar,142,29,30,1,202,0,1,18,2,21,142,30,48,3,223,24,0,24,247
09/02/2022,GEG,WA,ANM,WE,Combined TRACON& Tower with Radar,151,28,18,2,199,0,3,11,3,17,151,31,29,5,216,10,0,10,226
09/03/2022,GEG,WA,ANM,WE,Combined TRACON& Tower with Radar,104,16,9,2,131,0,3,12,1,16,104,19,21,3,147,0,0,0,147
09/04/2022,GEG,WA,ANM,WE,Combined TRACON& Tower with Radar,130,1,15,1,147,0,2,14,1,17,130,3,29,2,164,0,0,0,164
09/05/2022,GEG,WA,ANM,WE,Combined TRACON& Tower with Radar,133,7,12,2,154,0,2,13,0,15,133,9,25,2,169,18,0,18,187
09/06/2022,GEG,WA,ANM,WE,Combined TRACON& Tower with Radar,122,34,10,13,179,0,4,27,0,31,122,38,37,13,210,60,0,60,270
09/07/2022,GEG,WA,ANM,WE,Combined TRACON& Tower with Radar,135,36,21,2,194,0,4,15,2,21,135,40,36,4,215,0,0,0,215
09/08/2022,GEG,WA,ANM,WE,Combined TRACON& Tower with Radar,139,34,25,4,202,0,0,11,0,11,139,34,36,4,213,22,0,22,235
09/09/2022,GEG,WA,ANM,WE,Combined TRACON& Tower with Radar,138,18,19,0,175,0,2,11,0,13,138,20,30,0,188,14,0,14,202
09/10/2022,GEG,WA,ANM,WE,Combined TRACON& Tower with Radar,116,6,9,0,131,0,1,7,2,10,116,7,16,2,141,0,0,0,141
09/11/2022,GEG,WA,ANM,WE,Combined TRACON& Tower with Radar,131,3,24,0,158,0,0,10,2,12,131,3,34,2,170,52,0,52,222
09/12/2022,GEG,WA,ANM,WE,Combined TRACON& Tower with Radar,135,22,22,0,179,0,0,0,0,0,135,22,22,0,179,0,0,0,179
09/13/2022,GEG,WA,ANM,WE,Combined TRACON& Tower with Radar,140,36,27,0,203,0,0,5,0,5,140,36,32,0,208,2,0,2,210
09/14/2022,GEG,WA,ANM,WE,Combined TRACON& Tower with Radar,136,26,9,1,172,0,0,9,1,10,136,26,18,2,182,0,0,0,182
09/15/2022,GEG,WA,ANM,WE,Combined TRACON& Tower with Radar,144,34,18,13,209,0,0,12,2,14,144,34,30,15,223,8,0,8,231
09/16/2022,GEG,WA,ANM,WE,Combined TRACON& Tower with Radar,144,26,20,3,193,0,0,21,0,21,144,26,41,3,214,16,0,16,230
09/17/2022,GEG,WA,ANM,WE,Combined TRACON& Tower with Radar,116,9,4,0,129,1,3,10,2,16,117,12,14,2,145,0,0,0,145
09/18/2022,GEG,WA,ANM,WE,Combined TRACON& Tower with Radar,129,7,23,0,159,0,2,11,0,13,129,9,34,0,172,0,0,0,172
09/19/2022,GEG,WA,ANM,WE,Combined TRACON& Tower with Radar,138,41,12,5,196,0,0,20,3,23,138,41,32,8,219,56,16,72,291
09/20/2022,GEG,WA,ANM,WE,Combined TRACON& Tower with Radar,138,39,41,0,218,0,0,15,4,19,138,39,56,4,237,16,2,18,255
09/21/2022,GEG,WA,ANM,WE,Combined TRACON& Tower with Radar,136,32,22,1,191,2,1,10,5,18,138,33,32,6,209,16,0,16,225
09/22/2022,GEG,WA,ANM,WE,Combined TRACON& Tower with Radar,143,33,38,2,216,0,2,9,0,11,143,35,47,2,227,0,0,0,227
09/23/2022,GEG,WA,ANM,WE,Combined TRACON& Tower with Radar,145,37,16,1,199,0,2,8,0,10,145,39,24,1,209,8,0,8,217
09/24/2022,GEG,WA,ANM,WE,Combined TRACON& Tower with Radar,113,12,13,0,138,0,1,7,2,10,113,13,20,2,148,0,0,0,148
09/25/2022,GEG,WA,ANM,WE,Combined TRACON& Tower with Radar,129,3,13,0,145,0,2,12,0,14,129,5,25,0,159,24,0,24,183
09/26/2022,GEG,WA,ANM,WE,Combined TRACON& Tower with Radar,138,21,13,1,173,0,2,9,2,13,138,23,22,3,186,4,2,6,192
09/27/2022,GEG,WA,ANM,WE,Combined TRACON& Tower with Radar,140,22,23,5,190,0,3,24,2,29,140,25,47,7,219,30,0,30,249
09/28/2022,GEG,WA,ANM,WE,Combined TRACON& Tower with Radar,137,31,21,0,189,0,1,17,0,18,137,32,38,0,207,18,0,18,225
09/29/2022,GEG,WA,ANM,WE,Combined TRACON& Tower with Radar,144,32,22,0,198,0,0,2,2,4,144,32,24,2,202,2,2,4,206
09/30/2022,GEG,WA,ANM,WE,Combined TRACON& Tower with Radar,142,23,19,0,184,0,0,9,0,9,142,23,28,0,193,0,0,0,193
10/01/2022,GEG,WA,ANM,WE,Combined TRACON& Tower with Radar,106,8,5,1,120,0,4,14,0,18,106,12,19,1,138,0,0,0,138
10/02/2022,GEG,WA,ANM,WE,Combined TRACON& Tower with Radar,125,3,9,1,138,0,2,12,0,14,125,5,21,1,152,0,0,0,152
10/03/2022,GEG,WA,ANM,WE,Combined TRACON& Tower with Radar,131,24,15,6,176,0,1,9,1,11,131,25,24,7,187,12,10,22,209
10/04/2022,GEG,WA,ANM,WE,Combined TRACON& Tower with Radar,136,30,11,2,179,0,3,8,1,12,136,33,19,3,191,10,10,20,211
10/05/2022,GEG,WA,ANM,WE,Combined TRACON& Tower with Radar,133,33,19,0,185,0,2,7,2,11,133,35,26,2,196,8,0,8,204
10/06/2022,GEG,WA,ANM,WE,Combined TRACON& Tower with Radar,132,22,18,1,173,0,2,13,1,16,132,24,31,2,189,26,0,26,215
10/07/2022,GEG,WA,ANM,WE,Combined TRACON& Tower with Radar,139,28,12,3,182,0,0,17,0,17,139,28,29,3,199,8,0,8,207
10/08/2022,GEG,WA,ANM,WE,Combined TRACON& Tower with Radar,103,9,7,1,120,0,2,14,0,16,103,11,21,1,136,6,0,6,142
10/09/2022,GEG,WA,ANM,WE,Combined TRACON& Tower with Radar,125,1,10,0,136,0,2,7,0,9,125,3,17,0,145,0,0,0,145
10/10/2022,GEG,WA,ANM,WE,Combined TRACON& Tower with Radar,124,29,8,4,165,0,1,10,2,13,124,30,18,6,178,12,0,12,190
10/11/2022,GEG,WA,ANM,WE,Combined TRACON& Tower with Radar,127,34,10,1,172,0,2,17,1,20,127,36,27,2,192,6,0,6,198
10/12/2022,GEG,WA,ANM,WE,Combined TRACON& Tower with Radar,126,25,13,3,167,0,5,14,6,25,126,30,27,9,192,2,0,2,194
10/13/2022,GEG,WA,ANM,WE,Combined TRACON& Tower with Radar,137,23,23,5,188,0,4,26,3,33,137,27,49,8,221,32,12,44,265
10/14/2022,GEG,WA,ANM,WE,Combined TRACON& Tower with Radar,131,23,19,1,174,0,3,13,1,17,131,26,32,2,191,4,0,4,195
10/15/2022,GEG,WA,ANM,WE,Combined TRACON& Tower with Radar,101,8,18,2,129,0,5,12,0,17,101,13,30,2,146,30,0,30,176
10/16/2022,GEG,WA,ANM,WE,Combined TRACON& Tower with Radar,121,4,11,0,136,0,0,9,1,10,121,4,20,1,146,14,0,14,160
10/17/2022,GEG,WA,ANM,WE,Combined TRACON& Tower with Radar,125,22,11,10,168,0,2,5,0,7,125,24,16,10,175,10,16,26,201
10/18/2022,GEG,WA,ANM,WE,Combined TRACON& Tower with Radar,128,21,10,12,171,0,2,7,1,10,128,23,17,13,181,14,0,14,195
10/19/2022,GEG,WA,ANM,WE,Combined TRACON& Tower with Radar,126,27,24,8,185,0,3,21,4,28,126,30,45,12,213,36,10,46,259
10/20/2022,GEG,WA,ANM,WE,Combined TRACON& Tower with Radar,134,21,25,0,180,0,1,17,0,18,134,22,42,0,198,0,0,0,198
10/21/2022,GEG,WA,ANM,WE,Combined TRACON& Tower with Radar,133,23,20,1,177,1,1,9,0,11,134,24,29,1,188,10,0,10,198
10/22/2022,GEG,WA,ANM,WE,Combined TRACON& Tower with Radar,99,9,15,0,123,0,0,0,0,0,99,9,15,0,123,4,0,4,127
10/23/2022,GEG,WA,ANM,WE,Combined TRACON& Tower with Radar,120,7,4,1,132,0,4,6,1,11,120,11,10,2,143,0,0,0,143
10/24/2022,GEG,WA,ANM,WE,Combined TRACON& Tower with Radar,129,27,11,1,168,0,2,2,2,6,129,29,13,3,174,0,0,0,174
10/25/2022,GEG,WA,ANM,WE,Combined TRACON& Tower with Radar,123,31,23,10,187,0,3,7,0,10,123,34,30,10,197,12,6,18,215
10/26/2022,GEG,WA,ANM,WE,Combined TRACON& Tower with Radar,127,29,11,2,169,0,0,3,2,5,127,29,14,4,174,0,0,0,174
10/27/2022,GEG,WA,ANM,WE,Combined TRACON& Tower with Radar,128,32,13,1,174,0,4,4,0,8,128,36,17,1,182,3,0,3,185
10/28/2022,GEG,WA,ANM,WE,Combined TRACON& Tower with Radar,129,25,9,6,169,1,0,4,0,5,130,25,13,6,174,8,0,8,182
10/29/2022,GEG,WA,ANM,WE,Combined TRACON& Tower with Radar,96,9,22,1,128,0,3,9,0,12,96,12,31,1,140,4,0,4,144
10/30/2022,GEG,WA,ANM,WE,Combined TRACON& Tower with Radar,109,1,6,1,117,0,0,18,0,18,109,1,24,1,135,16,0,16,151
10/31/2022,GEG,WA,ANM,WE,Combined TRACON& Tower with Radar,115,30,14,0,159,0,0,1,2,3,115,30,15,2,162,0,0,0,162
11/01/2022,GEG,WA,ANM,WE,Combined TRACON& Tower with Radar,126,31,10,0,167,0,0,0,0,0,126,31,10,0,167,0,0,0,167
11/02/2022,GEG,WA,ANM,WE,Combined TRACON& Tower with Radar,121,38,21,0,180,0,1,4,0,5,121,39,25,0,185,6,0,6,191
11/03/2022,GEG,WA,ANM,WE,Combined TRACON& Tower with Radar,121,31,15,0,167,0,0,1,2,3,121,31,16,2,170,0,0,0,170
11/04/2022,GEG,WA,ANM,WE,Combined TRACON& Tower with Radar,127,17,12,2,158,0,0,0,0,0,127,17,12,2,158,0,0,0,158
11/05/2022,GEG,WA,ANM,WE,Combined TRACON& Tower with Radar,96,8,12,0,116,0,1,7,0,8,96,9,19,0,124,24,0,24,148
11/06/2022,GEG,WA,ANM,WE,Combined TRACON& Tower with Radar,113,9,12,0,134,0,0,4,0,4,113,9,16,0,138,22,0,22,160
11/07/2022,GEG,WA,ANM,WE,Combined TRACON& Tower with Radar,113,30,10,0,153,0,0,1,0,1,113,30,11,0,154,0,0,0,154
11/08/2022,GEG,WA,ANM,WE,Combined TRACON& Tower with Radar,118,32,13,0,163,0,0,5,2,7,118,32,18,2,170,0,0,0,170
11/09/2022,GEG,WA,ANM,WE,Combined TRACON& Tower with Radar,124,26,15,1,166,0,2,22,0,24,124,28,37,1,190,22,0,22,212
11/10/2022,GEG,WA,ANM,WE,Combined TRACON& Tower with Radar,128,25,19,6,178,0,0,2,2,4,128,25,21,8,182,6,10,16,198
11/11/2022,GEG,WA,ANM,WE,Combined TRACON& Tower with Radar,126,19,21,0,166,0,2,12,0,14,126,21,33,0,180,18,0,18,198
11/12/2022,GEG,WA,ANM,WE,Combined TRACON& Tower with Radar,97,8,5,1,111,1,1,9,0,11,98,9,14,1,122,12,0,12,134
11/13/2022,GEG,WA,ANM,WE,Combined TRACON& Tower with Radar,118,4,3,0,125,0,0,1,0,1,118,4,4,0,126,0,0,0,126
11/14/2022,GEG,WA,ANM,WE,Combined TRACON& Tower with Radar,121,45,16,16,198,0,2,15,2,19,121,47,31,18,217,36,14,50,267
11/15/2022,GEG,WA,ANM,WE,Combined TRACON& Tower with Radar,123,38,14,5,180,0,0,11,1,12,123,38,25,6,192,26,10,36,228
11/16/2022,GEG,WA,ANM,WE,Combined TRACON& Tower with Radar,120,47,8,0,175,0,0,0,0,0,120,47,8,0,175,0,0,0,175
11/17/2022,GEG,WA,ANM,WE,Combined TRACON& Tower with Radar,126,31,28,10,195,0,0,15,4,19,126,31,43,14,214,10,12,22,236
11/18/2022,GEG,WA,ANM,WE,Combined TRACON& Tower with Radar,129,23,23,0,175,0,2,13,0,15,129,25,36,0,190,24,0,24,214
11/19/2022,GEG,WA,ANM,WE,Combined TRACON& Tower with Radar,107,24,16,0,147,0,3,10,0,13,107,27,26,0,160,0,0,0,160
11/20/2022,GEG,WA,ANM,WE,Combined TRACON& Tower with Radar,120,12,31,8,171,0,1,7,0,8,120,13,38,8,179,2,0,2,181
11/21/2022,GEG,WA,ANM,WE,Combined TRACON& Tower with Radar,115,28,27,17,187,0,1,14,4,19,115,29,41,21,206,44,38,82,288
11/22/2022,GEG,WA,ANM,WE,Combined TRACON& Tower with Radar,133,27,9,0,169,0,0,1,0,1,133,27,10,0,170,8,0,8,178
11/23/2022,GEG,WA,ANM,WE,Combined TRACON& Tower with Radar,137,30,11,0,178,0,0,0,0,0,137,30,11,0,178,0,0,0,178
11/24/2022,GEG,WA,ANM,WE,Combined TRACON& Tower with Radar,69,3,1,0,73,0,0,0,0,0,69,3,1,0,73,0,0,0,73
11/25/2022,GEG,WA,ANM,WE,Combined TRACON& Tower with Radar,98,25,1,0,124,0,0,1,0,1,98,25,2,0,125,0,0,0,125
11/26/2022,GEG,WA,ANM,WE,Combined TRACON& Tower with Radar,114,12,2,0,128,0,0,0,0,0,114,12,2,0,128,0,0,0,128
11/27/2022,GEG,WA,ANM,WE,Combined TRACON& Tower with Radar,132,2,20,0,154,0,0,3,0,3,132,2,23,0,157,0,0,0,157
11/28/2022,GEG,WA,ANM,WE,Combined TRACON& Tower with Radar,122,34,15,0,171,0,0,10,0,10,122,34,25,0,181,8,0,8,189
11/29/2022,GEG,WA,ANM,WE,Combined TRACON& Tower with Radar,116,31,34,1,182,0,0,8,0,8,116,31,42,1,190,14,0,14,204
11/30/2022,GEG,WA,ANM,WE,Combined TRACON& Tower with Radar,100,20,10,0,130,0,0,0,0,0,100,20,10,0,130,0,0,0,130
12/01/2022,GEG,WA,ANM,WE,Combined TRACON& Tower with Radar,125,32,6,0,163,0,0,0,0,0,125,32,6,0,163,0,0,0,163
12/02/2022,GEG,WA,ANM,WE,Combined TRACON& Tower with Radar,122,26,17,1,166,0,0,2,0,2,122,26,19,1,168,0,0,0,168
12/03/2022,GEG,WA,ANM,WE,Combined TRACON& Tower with Radar,100,9,12,1,122,0,2,9,1,12,100,11,21,2,134,2,0,2,136
12/04/2022,GEG,WA,ANM,WE,Combined TRACON& Tower with Radar,105,6,6,0,117,1,0,2,0,3,106,6,8,0,120,8,0,8,128
12/05/2022,GEG,WA,ANM,WE,Combined TRACON& Tower with Radar,122,28,17,0,167,0,0,0,0,0,122,28,17,0,167,0,0,0,167
12/06/2022,GEG,WA,ANM,WE,Combined TRACON& Tower with Radar,124,24,9,1,158,0,0,0,0,0,124,24,9,1,158,0,0,0,158
12/07/2022,GEG,WA,ANM,WE,Combined TRACON& Tower with Radar,121,15,5,1,142,0,0,0,0,0,121,15,5,1,142,0,0,0,142
12/08/2022,GEG,WA,ANM,WE,Combined TRACON& Tower with Radar,134,31,8,0,173,0,0,0,0,0,134,31,8,0,173,0,0,0,173
12/09/2022,GEG,WA,ANM,WE,Combined TRACON& Tower with Radar,127,34,28,0,189,0,0,0,0,0,127,34,28,0,189,0,0,0,189
12/10/2022,GEG,WA,ANM,WE,Combined TRACON& Tower with Radar,103,10,7,2,122,0,0,0,0,0,103,10,7,2,122,0,0,0,122
12/11/2022,GEG,WA,ANM,WE,Combined TRACON& Tower with Radar,98,1,3,6,108,0,0,0,0,0,98,1,3,6,108,0,0,0,108
12/12/2022,GEG,WA,ANM,WE,Combined TRACON& Tower with Radar,120,29,11,0,160,0,0,3,0,3,120,29,14,0,163,22,0,22,185
12/13/2022,GEG,WA,ANM,WE,Combined TRACON& Tower with Radar,127,35,5,2,169,0,0,0,0,0,127,35,5,2,169,0,0,0,169
12/14/2022,GEG,WA,ANM,WE,Combined TRACON& Tower with Radar,122,33,6,0,161,0,0,0,0,0,122,33,6,0,161,0,0,0,161
12/15/2022,GEG,WA,ANM,WE,Combined TRACON& Tower with Radar,125,29,7,0,161,0,0,0,0,0,125,29,7,0,161,0,0,0,161
12/16/2022,GEG,WA,ANM,WE,Combined TRACON& Tower with Radar,128,32,6,0,166,0,0,0,0,0,128,32,6,0,166,0,0,0,166
12/17/2022,GEG,WA,ANM,WE,Combined TRACON& Tower with Radar,125,12,1,0,138,0,0,0,0,0,125,12,1,0,138,0,0,0,138
12/18/2022,GEG,WA,ANM,WE,Combined TRACON& Tower with Radar,114,2,5,0,121,0,0,0,0,0,114,2,5,0,121,0,0,0,121
12/19/2022,GEG,WA,ANM,WE,Combined TRACON& Tower with Radar,122,29,21,0,172,0,0,0,0,0,122,29,21,0,172,0,0,0,172
12/20/2022,GEG,WA,ANM,WE,Combined TRACON& Tower with Radar,117,32,15,0,164,0,2,0,0,2,117,34,15,0,166,0,0,0,166
12/21/2022,GEG,WA,ANM,WE,Combined TRACON& Tower with Radar,136,40,10,0,186,3,2,4,0,9,139,42,14,0,195,28,0,28,223
12/22/2022,GEG,WA,ANM,WE,Combined TRACON& Tower with Radar,126,34,18,0,178,0,1,7,4,12,126,35,25,4,190,10,0,10,200
12/23/2022,GEG,WA,ANM,WE,Combined TRACON& Tower with Radar,105,22,9,0,136,0,0,0,0,0,105,22,9,0,136,0,0,0,136
12/24/2022,GEG,WA,ANM,WE,Combined TRACON& Tower with Radar,63,8,2,0,73,0,0,0,0,0,63,8,2,0,73,0,0,0,73
12/25/2022,GEG,WA,ANM,WE,Combined TRACON& Tower with Radar,71,4,1,0,76,0,0,0,0,0,71,4,1,0,76,0,0,0,76
12/26/2022,GEG,WA,ANM,WE,Combined TRACON& Tower with Radar,92,9,16,0,117,0,0,0,0,0,92,9,16,0,117,0,0,0,117
12/27/2022,GEG,WA,ANM,WE,Combined TRACON& Tower with Radar,99,22,6,0,127,0,0,0,0,0,99,22,6,0,127,0,0,0,127
12/28/2022,GEG,WA,ANM,WE,Combined TRACON& Tower with Radar,106,29,7,0,142,0,1,1,0,2,106,30,8,0,144,0,0,0,144
12/29/2022,GEG,WA,ANM,WE,Combined TRACON& Tower with Radar,112,32,8,0,152,0,0,0,0,0,112,32,8,0,152,0,0,0,152
12/30/2022,GEG,WA,ANM,WE,Combined TRACON& Tower with Radar,130,20,6,0,156,0,0,0,0,0,130,20,6,0,156,0,0,0,156
12/31/2022,GEG,WA,ANM,WE,Combined TRACON& Tower with Radar,84,13,7,0,104,0,0,0,0,0,84,13,7,0,104,0,0,0,104
01/01/2023,GEG,WA,ANM,WE,Combined TRACON& Tower with Radar,85,6,8,0,99,0,0,2,0,2,85,6,10,0,101,4,0,4,105
01/02/2023,GEG,WA,ANM,WE,Combined TRACON& Tower with Radar,108,2,29,0,139,0,4,9,0,13,108,6,38,0,152,10,0,10,162
01/03/2023,GEG,WA,ANM,WE,Combined TRACON& Tower with Radar,122,25,8,0,155,0,0,0,0,0,122,25,8,0,155,0,0,0,155
01/04/2023,GEG,WA,ANM,WE,Combined TRACON& Tower with Radar,117,24,15,16,172,0,2,6,6,14,117,26,21,22,186,4,20,24,210
01/05/2023,GEG,WA,ANM,WE,Combined TRACON& Tower with Radar,119,31,3,0,153,0,2,1,0,3,119,33,4,0,156,12,0,12,168
01/06/2023,GEG,WA,ANM,WE,Combined TRACON& Tower with Radar,125,19,17,0,161,0,1,6,0,7,125,20,23,0,168,5,0,5,173
01/07/2023,GEG,WA,ANM,WE,Combined TRACON& Tower with Radar,106,9,0,0,115,3,1,0,0,4,109,10,0,0,119,0,0,0,119
01/08/2023,GEG,WA,ANM,WE,Combined TRACON& Tower with Radar,105,5,6,0,116,0,0,0,0,0,105,5,6,0,116,0,0,0,116
01/09/2023,GEG,WA,ANM,WE,Combined TRACON& Tower with Radar,115,22,6,0,143,0,0,2,0,2,115,22,8,0,145,0,0,0,145
01/10/2023,GEG,WA,ANM,WE,Combined TRACON& Tower with Radar,112,15,8,0,135,0,0,0,0,0,112,15,8,0,135,0,0,0,135
01/11/2023,GEG,WA,ANM,WE,Combined TRACON& Tower with Radar,119,29,3,1,152,0,1,0,0,1,119,30,3,1,153,0,0,0,153
01/12/2023,GEG,WA,ANM,WE,Combined TRACON& Tower with Radar,126,23,16,0,165,0,0,0,0,0,126,23,16,0,165,0,0,0,165
01/13/2023,GEG,WA,ANM,WE,Combined TRACON& Tower with Radar,121,19,4,0,144,0,0,4,0,4,121,19,8,0,148,0,0,0,148
01/14/2023,GEG,WA,ANM,WE,Combined TRACON& Tower with Radar,93,9,4,0,106,0,1,4,0,5,93,10,8,0,111,2,0,2,113
01/15/2023,GEG,WA,ANM,WE,Combined TRACON& Tower with Radar,97,4,6,0,107,0,0,3,0,3,97,4,9,0,110,24,0,24,134
01/16/2023,GEG,WA,ANM,WE,Combined TRACON& Tower with Radar,117,23,8,0,148,0,0,2,0,2,117,23,10,0,150,0,0,0,150
01/17/2023,GEG,WA,ANM,WE,Combined TRACON& Tower with Radar,116,22,6,0,144,0,0,0,0,0,116,22,6,0,144,0,0,0,144
01/18/2023,GEG,WA,ANM,WE,Combined TRACON& Tower with Radar,115,30,16,0,161,0,0,5,0,5,115,30,21,0,166,2,0,2,168
01/19/2023,GEG,WA,ANM,WE,Combined TRACON& Tower with Radar,123,24,10,7,164,0,1,0,3,4,123,25,10,10,168,0,22,22,190
01/20/2023,GEG,WA,ANM,WE,Combined TRACON& Tower with Radar,124,25,7,0,156,0,0,0,0,0,124,25,7,0,156,0,0,0,156
01/21/2023,GEG,WA,ANM,WE,Combined TRACON& Tower with Radar,91,17,2,0,110,0,0,5,0,5,91,17,7,0,115,14,0,14,129
01/22/2023,GEG,WA,ANM,WE,Combined TRACON& Tower with Radar,102,3,15,0,120,0,0,1,0,1,102,3,16,0,121,0,0,0,121
01/23/2023,GEG,WA,ANM,WE,Combined TRACON& Tower with Radar,127,24,9,0,160,0,0,0,4,4,127,24,9,4,164,0,0,0,164
01/24/2023,GEG,WA,ANM,WE,Combined TRACON& Tower with Radar,117,31,9,2,159,0,0,0,0,0,117,31,9,2,159,0,0,0,159
01/25/2023,GEG,WA,ANM,WE,Combined TRACON& Tower with Radar,119,27,19,0,165,0,0,2,4,6,119,27,21,4,171,4,0,4,175
01/26/2023,GEG,WA,ANM,WE,Combined TRACON& Tower with Radar,130,31,14,0,175,0,0,0,0,0,130,31,14,0,175,0,0,0,175
01/27/2023,GEG,WA,ANM,WE,Combined TRACON& Tower with Radar,122,29,11,0,162,0,0,4,0,4,122,29,15,0,166,8,0,8,174
01/28/2023,GEG,WA,ANM,WE,Combined TRACON& Tower with Radar,92,15,12,0,119,0,0,8,0,8,92,15,20,0,127,0,0,0,127
01/29/2023,GEG,WA,ANM,WE,Combined TRACON& Tower with Radar,98,9,9,0,116,0,0,16,0,16,98,9,25,0,132,14,0,14,146
01/30/2023,GEG,WA,ANM,WE,Combined TRACON& Tower with Radar,120,29,12,8,169,0,2,13,3,18,120,31,25,11,187,24,0,24,211
01/31/2023,GEG,WA,ANM,WE,Combined TRACON& Tower with Radar,117,25,13,0,155,0,0,1,0,1,117,25,14,0,156,0,0,0,156
02/01/2023,GEG,WA,ANM,WE,Combined TRACON& Tower with Radar,114,30,11,0,155,0,1,14,0,15,114,31,25,0,170,18,0,18,188
02/02/2023,GEG,WA,ANM,WE,Combined TRACON& Tower with Radar,122,24,9,13,168,0,2,4,3,9,122,26,13,16,177,14,14,28,205
02/03/2023,GEG,WA,ANM,WE,Combined TRACON& Tower with Radar,128,19,11,0,158,0,2,3,0,5,128,21,14,0,163,0,0,0,163
02/04/2023,GEG,WA,ANM,WE,Combined TRACON& Tower with Radar,90,14,8,0,112,0,1,2,0,3,90,15,10,0,115,0,0,0,115
02/05/2023,GEG,WA,ANM,WE,Combined TRACON& Tower with Radar,104,5,4,0,113,0,0,0,0,0,104,5,4,0,113,0,0,0,113
02/06/2023,GEG,WA,ANM,WE,Combined TRACON& Tower with Radar,119,25,6,0,150,0,0,0,0,0,119,25,6,0,150,0,0,0,150
02/07/2023,GEG,WA,ANM,WE,Combined TRACON& Tower with Radar,121,24,16,0,161,0,4,5,0,9,121,28,21,0,170,18,0,18,188
02/08/2023,GEG,WA,ANM,WE,Combined TRACON& Tower with Radar,117,28,9,0,154,0,1,4,0,5,117,29,13,0,159,8,0,8,167
02/09/2023,GEG,WA,ANM,WE,Combined TRACON& Tower with Radar,124,29,9,6,168,0,0,30,2,32,124,29,39,8,200,30,12,42,242
02/10/2023,GEG,WA,ANM,WE,Combined TRACON& Tower with Radar,126,23,18,8,175,0,0,11,2,13,126,23,29,10,188,32,12,44,232
02/11/2023,GEG,WA,ANM,WE,Combined TRACON& Tower with Radar,92,15,10,0,117,0,0,13,0,13,92,15,23,0,130,6,0,6,136
02/12/2023,GEG,WA,ANM,WE,Combined TRACON& Tower with Radar,98,6,5,0,109,0,0,2,0,2,98,6,7,0,111,0,0,0,111
02/13/2023,GEG,WA,ANM,WE,Combined TRACON& Tower with Radar,117,23,7,0,147,0,1,0,0,1,117,24,7,0,148,0,0,0,148
02/14/2023,GEG,WA,ANM,WE,Combined TRACON& Tower with Radar,124,27,5,6,162,0,0,1,4,5,124,27,6,10,167,0,10,10,177
02/15/2023,GEG,WA,ANM,WE,Combined TRACON& Tower with Radar,113,35,13,0,161,0,2,7,0,9,113,37,20,0,170,10,0,10,180
02/16/2023,GEG,WA,ANM,WE,Combined TRACON& Tower with Radar,126,25,12,0,163,0,2,6,0,8,126,27,18,0,171,2,0,2,173
02/17/2023,GEG,WA,ANM,WE,Combined TRACON& Tower with Radar,117,21,6,2,146,0,1,6,0,7,117,22,12,2,153,4,0,4,157
02/18/2023,GEG,WA,ANM,WE,Combined TRACON& Tower with Radar,102,14,10,0,126,0,1,8,0,9,102,15,18,0,135,0,0,0,135
02/19/2023,GEG,WA,ANM,WE,Combined TRACON& Tower with Radar,105,5,6,0,116,0,0,0,0,0,105,5,6,0,116,0,0,0,116
02/20/2023,GEG,WA,ANM,WE,Combined TRACON& Tower with Radar,119,27,13,0,159,0,0,2,0,2,119,27,15,0,161,0,0,0,161
02/21/2023,GEG,WA,ANM,WE,Combined TRACON& Tower with Radar,125,27,8,0,160,0,0,0,0,0,125,27,8,0,160,6,0,6,166
02/22/2023,GEG,WA,ANM,WE,Combined TRACON& Tower with Radar,113,26,12,0,151,0,0,0,2,2,113,26,12,2,153,0,0,0,153
02/23/2023,GEG,WA,ANM,WE,Combined TRACON& Tower with Radar,129,30,16,2,177,0,0,0,3,3,129,30,16,5,180,17,0,17,197
02/24/2023,GEG,WA,ANM,WE,Combined TRACON& Tower with Radar,120,22,17,9,168,0,4,28,1,33,120,26,45,10,201,20,26,46,247
02/25/2023,GEG,WA,ANM,WE,Combined TRACON& Tower with Radar,96,23,16,0,135,0,0,12,0,12,96,23,28,0,147,0,0,0,147
02/26/2023,GEG,WA,ANM,WE,Combined TRACON& Tower with Radar,112,9,8,0,129,0,0,0,0,0,112,9,8,0,129,0,0,0,129
02/27/2023,GEG,WA,ANM,WE,Combined TRACON& Tower with Radar,119,31,7,0,157,3,0,0,0,3,122,31,7,0,160,0,0,0,160
02/28/2023,GEG,WA,ANM,WE,Combined TRACON& Tower with Radar,128,23,10,8,169,0,0,0,0,0,128,23,10,8,169,0,0,0,169
03/01/2023,GEG,WA,ANM,WE,Combined TRACON& Tower with Radar,126,36,18,0,180,0,0,5,0,5,126,36,23,0,185,0,0,0,185
03/02/2023,GEG,WA,ANM,WE,Combined TRACON& Tower with Radar,125,27,17,0,169,0,4,2,0,6,125,31,19,0,175,12,0,12,187
03/03/2023,GEG,WA,ANM,WE,Combined TRACON& Tower with Radar,126,27,13,1,167,0,2,3,7,12,126,29,16,8,179,18,0,18,197
03/04/2023,GEG,WA,ANM,WE,Combined TRACON& Tower with Radar,98,17,12,0,127,0,2,13,1,16,98,19,25,1,143,32,0,32,175
03/05/2023,GEG,WA,ANM,WE,Combined TRACON& Tower with Radar,108,7,10,3,128,0,0,1,0,1,108,7,11,3,129,2,0,2,131
03/06/2023,GEG,WA,ANM,WE,Combined TRACON& Tower with Radar,121,34,2,0,157,0,2,2,0,4,121,36,4,0,161,0,0,0,161
03/07/2023,GEG,WA,ANM,WE,Combined TRACON& Tower with Radar,126,35,11,0,172,0,0,3,0,3,126,35,14,0,175,0,0,0,175
03/08/2023,GEG,WA,ANM,WE,Combined TRACON& Tower with Radar,121,35,16,17,189,0,1,3,5,9,121,36,19,22,198,8,12,20,218
03/09/2023,GEG,WA,ANM,WE,Combined TRACON& Tower with Radar,126,33,9,8,176,0,1,3,1,5,126,34,12,9,181,0,24,24,205
03/10/2023,GEG,WA,ANM,WE,Combined TRACON& Tower with Radar,123,30,8,0,161,0,0,0,0,0,123,30,8,0,161,0,0,0,161
03/11/2023,GEG,WA,ANM,WE,Combined TRACON& Tower with Radar,98,20,8,0,126,0,1,6,0,7,98,21,14,0,133,10,0,10,143
03/12/2023,GEG,WA,ANM,WE,Combined TRACON& Tower with Radar,108,4,7,0,119,0,0,5,0,5,108,4,12,0,124,0,0,0,124
03/13/2023,GEG,WA,ANM,WE,Combined TRACON& Tower with Radar,119,23,8,0,150,0,0,3,0,3,119,23,11,0,153,4,0,4,157
03/14/2023,GEG,WA,ANM,WE,Combined TRACON& Tower with Radar,126,28,15,12,181,1,1,8,0,10,127,29,23,12,191,12,0,12,203
03/15/2023,GEG,WA,ANM,WE,Combined TRACON& Tower with Radar,124,29,17,0,170,0,1,6,2,9,124,30,23,2,179,4,0,4,183
03/16/2023,GEG,WA,ANM,WE,Combined TRACON& Tower with Radar,130,32,17,9,188,0,2,13,6,21,130,34,30,15,209,14,48,62,271
03/17/2023,GEG,WA,ANM,WE,Combined TRACON& Tower with Radar,123,30,10,0,163,0,3,14,1,18,123,33,24,1,181,2,0,2,183
03/18/2023,GEG,WA,ANM,WE,Combined TRACON& Tower with Radar,103,17,5,1,126,0,4,8,0,12,103,21,13,1,138,2,0,2,140
03/19/2023,GEG,WA,ANM,WE,Combined TRACON& Tower with Radar,110,15,14,1,140,0,2,10,0,12,110,17,24,1,152,0,0,0,152
03/20/2023,GEG,WA,ANM,WE,Combined TRACON& Tower with Radar,119,29,13,0,161,0,0,9,0,9,119,29,22,0,170,8,0,8,178
03/21/2023,GEG,WA,ANM,WE,Combined TRACON& Tower with Radar,121,28,6,1,156,0,0,13,0,13,121,28,19,1,169,12,0,12,181
03/22/2023,GEG,WA,ANM,WE,Combined TRACON& Tower with Radar,118,29,10,10,167,0,0,13,0,13,118,29,23,10,180,0,0,0,180
03/23/2023,GEG,WA,ANM,WE,Combined TRACON& Tower with Radar,125,29,11,0,165,0,6,5,2,13,125,35,16,2,178,28,0,28,206
03/24/2023,GEG,WA,ANM,WE,Combined TRACON& Tower with Radar,128,25,14,6,173,0,1,8,0,9,128,26,22,6,182,6,14,20,202
03/25/2023,GEG,WA,ANM,WE,Combined TRACON& Tower with Radar,101,9,13,0,123,0,0,3,0,3,101,9,16,0,126,0,0,0,126
03/26/2023,GEG,WA,ANM,WE,Combined TRACON& Tower with Radar,110,4,14,0,128,0,0,2,1,3,110,4,16,1,131,4,0,4,135
03/27/2023,GEG,WA,ANM,WE,Combined TRACON& Tower with Radar,119,37,11,10,177,1,2,14,5,22,120,39,25,15,199,26,10,36,235
03/28/2023,GEG,WA,ANM,WE,Combined TRACON& Tower with Radar,123,39,9,9,180,0,0,9,15,24,123,39,18,24,204,17,28,45,249
03/29/2023,GEG,WA,ANM,WE,Combined TRACON& Tower with Radar,116,41,20,0,177,0,2,6,2,10,116,43,26,2,187,24,0,24,211
03/30/2023,GEG,WA,ANM,WE,Combined TRACON& Tower with Radar,128,32,15,8,183,0,2,4,2,8,128,34,19,10,191,2,0,2,193
03/31/2023,GEG,WA,ANM,WE,Combined TRACON& Tower with Radar,120,29,12,0,161,0,1,3,2,6,120,30,15,2,167,10,14,24,191
04/01/2023,GEG,WA,ANM,WE,Combined TRACON& Tower with Radar,94,17,2,0,113,0,0,0,0,0,94,17,2,0,113,0,0,0,113
04/02/2023,GEG,WA,ANM,WE,Combined TRACON& Tower with Radar,102,7,10,1,120,0,0,0,0,0,102,7,10,1,120,0,0,0,120
04/03/2023,GEG,WA,ANM,WE,Combined TRACON& Tower with Radar,117,28,1,1,147,0,0,0,0,0,117,28,1,1,147,0,0,0,147
04/04/2023,GEG,WA,ANM,WE,Combined TRACON& Tower with Radar,129,34,6,2,171,0,2,1,0,3,129,36,7,2,174,0,2,2,176
04/05/2023,GEG,WA,ANM,WE,Combined TRACON& Tower with Radar,122,30,11,1,164,0,0,20,0,20,122,30,31,1,184,38,0,38,222
04/06/2023,GEG,WA,ANM,WE,Combined TRACON& Tower with Radar,131,24,16,2,173,0,0,1,0,1,131,24,17,2,174,0,0,0,174
04/07/2023,GEG,WA,ANM,WE,Combined TRACON& Tower with Radar,128,30,3,7,168,0,0,0,0,0,128,30,3,7,168,0,0,0,168
04/08/2023,GEG,WA,ANM,WE,Combined TRACON& Tower with Radar,97,25,7,1,130,0,5,5,0,10,97,30,12,1,140,10,0,10,150
04/09/2023,GEG,WA,ANM,WE,Combined TRACON& Tower with Radar,105,10,8,0,123,0,2,0,0,2,105,12,8,0,125,12,0,12,137
04/10/2023,GEG,WA,ANM,WE,Combined TRACON& Tower with Radar,128,31,19,0,178,0,0,0,0,0,128,31,19,0,178,12,0,12,190
04/11/2023,GEG,WA,ANM,WE,Combined TRACON& Tower with Radar,132,38,12,0,182,0,1,2,1,4,132,39,14,1,186,10,0,10,196
04/12/2023,GEG,WA,ANM,WE,Combined TRACON& Tower with Radar,126,39,21,0,186,0,3,18,0,21,126,42,39,0,207,36,0,36,243
04/13/2023,GEG,WA,ANM,WE,Combined TRACON& Tower with Radar,134,36,9,1,180,0,2,10,0,12,134,38,19,1,192,24,0,24,216
04/14/2023,GEG,WA,ANM,WE,Combined TRACON& Tower with Radar,109,41,20,2,172,0,1,8,0,9,109,42,28,2,181,0,0,0,181
04/15/2023,GEG,WA,ANM,WE,Combined TRACON& Tower with Radar,100,10,17,1,128,0,4,20,0,24,100,14,37,1,152,14,0,14,166
04/16/2023,GEG,WA,ANM,WE,Combined TRACON& Tower with Radar,109,5,10,0,124,0,1,5,0,6,109,6,15,0,130,6,0,6,136
04/17/2023,GEG,WA,ANM,WE,Combined TRACON& Tower with Radar,118,26,17,5,166,0,1,5,1,7,118,27,22,6,173,42,0,42,215
04/18/2023,GEG,WA,ANM,WE,Combined TRACON& Tower with Radar,129,26,11,3,169,0,1,11,3,15,129,27,22,6,184,26,0,26,210
04/19/2023,GEG,WA,ANM,WE,Combined TRACON& Tower with Radar,127,29,10,0,166,0,0,11,2,13,127,29,21,2,179,18,0,18,197
04/20/2023,GEG,WA,ANM,WE,Combined TRACON& Tower with Radar,135,28,28,2,193,0,0,11,8,19,135,28,39,10,212,38,14,52,264
04/21/2023,GEG,WA,ANM,WE,Combined TRACON& Tower with Radar,131,27,20,1,179,0,0,4,0,4,131,27,24,1,183,8,0,8,191
04/22/2023,GEG,WA,ANM,WE,Combined TRACON& Tower with Radar,101,13,6,0,120,0,1,4,0,5,101,14,10,0,125,0,0,0,125
04/23/2023,GEG,WA,ANM,WE,Combined TRACON& Tower with Radar,115,10,8,0,133,0,0,0,0,0,115,10,8,0,133,0,0,0,133
04/24/2023,GEG,WA,ANM,WE,Combined TRACON& Tower with Radar,125,27,8,0,160,0,0,6,0,6,125,27,14,0,166,0,0,0,166
04/25/2023,GEG,WA,ANM,WE,Combined TRACON& Tower with Radar,125,23,17,8,173,0,3,15,0,18,125,26,32,8,191,30,0,30,221
04/26/2023,GEG,WA,ANM,WE,Combined TRACON& Tower with Radar,123,24,7,10,164,0,4,10,2,16,123,28,17,12,180,36,12,48,228
04/27/2023,GEG,WA,ANM,WE,Combined TRACON& Tower with Radar,135,24,15,8,182,0,3,35,12,50,135,27,50,20,232,60,40,100,332
04/28/2023,GEG,WA,ANM,WE,Combined TRACON& Tower with Radar,133,22,24,0,179,0,2,5,0,7,133,24,29,0,186,10,0,10,196
04/29/2023,GEG,WA,ANM,WE,Combined TRACON& Tower with Radar,102,16,6,1,125,0,1,15,0,16,102,17,21,1,141,20,0,20,161
04/30/2023,GEG,WA,ANM,WE,Combined TRACON& Tower with Radar,115,6,9,2,132,0,0,9,1,10,115,6,18,3,142,22,0,22,164
05/01/2023,GEG,WA,ANM,WE,Combined TRACON& Tower with Radar,128,32,7,3,170,1,2,5,3,11,129,34,12,6,181,14,0,14,195
05/02/2023,GEG,WA,ANM,WE,Combined TRACON& Tower with Radar,130,37,10,3,180,0,0,8,1,9,130,37,18,4,189,6,0,6,195
05/03/2023,GEG,WA,ANM,WE,Combined TRACON& Tower with Radar,133,37,22,1,193,0,4,10,1,15,133,41,32,2,208,18,0,18,226
05/04/2023,GEG,WA,ANM,WE,Combined TRACON& Tower with Radar,133,41,18,4,196,0,1,21,2,24,133,42,39,6,220,8,4,12,232
05/05/2023,GEG,WA,ANM,WE,Combined TRACON& Tower with Radar,137,27,14,2,180,0,0,2,0,2,137,27,16,2,182,4,0,4,186
05/06/2023,GEG,WA,ANM,WE,Combined TRACON& Tower with Radar,114,9,9,0,132,0,0,2,0,2,114,9,11,0,134,4,0,4,138
05/07/2023,GEG,WA,ANM,WE,Combined TRACON& Tower with Radar,118,3,8,0,129,0,0,3,0,3,118,3,11,0,132,0,0,0,132
05/08/2023,GEG,WA,ANM,WE,Combined TRACON& Tower with Radar,131,23,14,0,168,0,1,8,0,9,131,24,22,0,177,20,0,20,197
05/09/2023,GEG,WA,ANM,WE,Combined TRACON& Tower with Radar,134,24,13,4,175,1,2,5,0,8,135,26,18,4,183,0,0,0,183
05/10/2023,GEG,WA,ANM,WE,Combined TRACON& Tower with Radar,132,25,16,3,176,0,2,13,0,15,132,27,29,3,191,22,0,22,213
05/11/2023,GEG,WA,ANM,WE,Combined TRACON& Tower with Radar,136,29,7,0,172,0,2,7,2,11,136,31,14,2,183,12,0,12,195
05/12/2023,GEG,WA,ANM,WE,Combined TRACON& Tower with Radar,132,21,13,0,166,0,0,17,2,19,132,21,30,2,185,0,0,0,185
05/13/2023,GEG,WA,ANM,WE,Combined TRACON& Tower with Radar,112,9,5,0,126,0,11,14,0,25,112,20,19,0,151,10,0,10,161
05/14/2023,GEG,WA,ANM,WE,Combined TRACON& Tower with Radar,124,2,9,0,135,0,1,11,0,12,124,3,20,0,147,0,0,0,147
05/15/2023,GEG,WA,ANM,WE,Combined TRACON& Tower with Radar,126,26,6,0,158,0,3,19,0,22,126,29,25,0,180,12,0,12,192
05/16/2023,GEG,WA,ANM,WE,Combined TRACON& Tower with Radar,135,25,13,0,173,0,2,12,6,20,135,27,25,6,193,10,0,10,203
05/17/2023,GEG,WA,ANM,WE,Combined TRACON& Tower with Radar,127,24,26,0,177,0,4,11,3,18,127,28,37,3,195,4,0,4,199
05/18/2023,GEG,WA,ANM,WE,Combined TRACON& Tower with Radar,136,31,15,8,190,0,3,14,0,17,136,34,29,8,207,0,12,12,219
05/19/2023,GEG,WA,ANM,WE,Combined TRACON& Tower with Radar,128,24,10,3,165,0,0,14,2,16,128,24,24,5,181,14,0,14,195
05/20/2023,GEG,WA,ANM,WE,Combined TRACON& Tower with Radar,113,5,7,2,127,0,1,7,0,8,113,6,14,2,135,2,0,2,137
05/21/2023,GEG,WA,ANM,WE,Combined TRACON& Tower with Radar,118,0,5,0,123,0,0,4,0,4,118,0,9,0,127,0,0,0,127
05/22/2023,GEG,WA,ANM,WE,Combined TRACON& Tower with Radar,125,24,15,14,178,0,0,15,2,17,125,24,30,16,195,14,14,28,223
05/23/2023,GEG,WA,ANM,WE,Combined TRACON& Tower with Radar,130,28,26,0,184,0,0,16,0,16,130,28,42,0,200,26,0,26,226
05/24/2023,GEG,WA,ANM,WE,Combined TRACON& Tower with Radar,128,32,18,0,178,0,1,14,2,17,128,33,32,2,195,4,0,4,199
05/25/2023,GEG,WA,ANM,WE,Combined TRACON& Tower with Radar,131,31,22,2,186,0,3,13,0,16,131,34,35,2,202,48,0,48,250
05/26/2023,GEG,WA,ANM,WE,Combined TRACON& Tower with Radar,131,33,7,0,171,0,0,17,2,19,131,33,24,2,190,6,0,6,196
05/27/2023,GEG,WA,ANM,WE,Combined TRACON& Tower with Radar,114,6,1,0,121,0,1,6,2,9,114,7,7,2,130,4,0,4,134
05/28/2023,GEG,WA,ANM,WE,Combined TRACON& Tower with Radar,118,2,6,0,126,0,0,5,0,5,118,2,11,0,131,2,0,2,133
05/29/2023,GEG,WA,ANM,WE,Combined TRACON& Tower with Radar,119,5,7,0,131,0,3,11,0,14,119,8,18,0,145,17,0,17,162
05/30/2023,GEG,WA,ANM,WE,Combined TRACON& Tower with Radar,122,25,10,2,159,0,2,22,0,24,122,27,32,2,183,53,0,53,236
05/31/2023,GEG,WA,ANM,WE,Combined TRACON& Tower with Radar,128,31,11,11,181,0,6,18,3,27,128,37,29,14,208,19,0,19,227
06/01/2023,GEG,WA,ANM,WE,Combined TRACON& Tower with Radar,138,33,19,1,191,0,1,14,3,18,138,34,33,4,209,48,0,48,257
06/02/2023,GEG,WA,ANM,WE,Combined TRACON& Tower with Radar,134,34,20,6,194,0,0,28,4,32,134,34,48,10,226,29,22,51,277
06/03/2023,GEG,WA,ANM,WE,Combined TRACON& Tower with Radar,109,14,13,0,136,0,2,10,0,12,109,16,23,0,148,24,0,24,172
06/04/2023,GEG,WA,ANM,WE,Combined TRACON& Tower with Radar,119,4,8,0,131,0,0,17,0,17,119,4,25,0,148,14,0,14,162
06/05/2023,GEG,WA,ANM,WE,Combined TRACON& Tower with Radar,126,27,8,0,161,0,4,16,0,20,126,31,24,0,181,24,0,24,205
06/06/2023,GEG,WA,ANM,WE,Combined TRACON& Tower with Radar,131,39,12,2,184,0,2,19,2,23,131,41,31,4,207,30,0,30,237
06/07/2023,GEG,WA,ANM,WE,Combined TRACON& Tower with Radar,137,30,14,7,188,0,2,17,3,22,137,32,31,10,210,26,0,26,236
06/08/2023,GEG,WA,ANM,WE,Combined TRACON& Tower with Radar,152,28,9,0,189,0,4,8,2,14,152,32,17,2,203,6,0,6,209
06/09/2023,GEG,WA,ANM,WE,Combined TRACON& Tower with Radar,133,28,19,0,180,0,0,4,0,4,133,28,23,0,184,4,0,4,188
06/10/2023,GEG,WA,ANM,WE,Combined TRACON& Tower with Radar,115,10,5,4,134,0,0,3,0,3,115,10,8,4,137,2,0,2,139
06/11/2023,GEG,WA,ANM,WE,Combined TRACON& Tower with Radar,113,1,10,4,128,0,0,10,0,10,113,1,20,4,138,0,0,0,138
06/12/2023,GEG,WA,ANM,WE,Combined TRACON& Tower with Radar,126,23,6,1,156,0,0,17,7,24,126,23,23,8,180,24,0,24,204
06/13/2023,GEG,WA,ANM,WE,Combined TRACON& Tower with Radar,131,27,21,3,182,0,0,5,5,10,131,27,26,8,192,3,0,3,195
06/14/2023,GEG,WA,ANM,WE,Combined TRACON& Tower with Radar,135,30,22,4,191,1,3,20,6,30,136,33,42,10,221,38,0,38,259
06/15/2023,GEG,WA,ANM,WE,Combined TRACON& Tower with Radar,143,36,22,4,205,1,0,13,11,25,144,36,35,15,230,15,0,15,245
06/16/2023,GEG,WA,ANM,WE,Combined TRACON& Tower with Radar,140,33,19,4,196,0,2,15,2,19,140,35,34,6,215,0,0,0,215
06/17/2023,GEG,WA,ANM,WE,Combined TRACON& Tower with Radar,119,10,10,2,141,0,0,13,0,13,119,10,23,2,154,10,0,10,164
06/18/2023,GEG,WA,ANM,WE,Combined TRACON& Tower with Radar,135,7,8,0,150,0,0,0,0,0,135,7,8,0,150,18,0,18,168
06/19/2023,GEG,WA,ANM,WE,Combined TRACON& Tower with Radar,129,32,15,1,177,1,0,9,0,10,130,32,24,1,187,12,2,14,201
06/20/2023,GEG,WA,ANM,WE,Combined TRACON& Tower with Radar,141,28,21,3,193,0,0,1,7,8,141,28,22,10,201,0,0,0,201
06/21/2023,GEG,WA,ANM,WE,Combined TRACON& Tower with Radar,142,26,17,1,186,0,0,13,0,13,142,26,30,1,199,12,0,12,211
06/22/2023,GEG,WA,ANM,WE,Combined TRACON& Tower with Radar,148,26,18,0,192,0,0,20,0,20,148,26,38,0,212,18,0,18,230
06/23/2023,GEG,WA,ANM,WE,Combined TRACON& Tower with Radar,152,27,21,0,200,0,1,24,0,25,152,28,45,0,225,14,0,14,239
06/24/2023,GEG,WA,ANM,WE,Combined TRACON& Tower with Radar,108,15,7,0,130,0,3,13,0,16,108,18,20,0,146,0,0,0,146
06/25/2023,GEG,WA,ANM,WE,Combined TRACON& Tower with Radar,132,5,10,0,147,0,0,6,1,7,132,5,16,1,154,0,0,0,154
06/26/2023,GEG,WA,ANM,WE,Combined TRACON& Tower with Radar,131,30,5,0,166,0,0,11,1,12,131,30,16,1,178,8,0,8,186
06/27/2023,GEG,WA,ANM,WE,Combined TRACON& Tower with Radar,135,33,13,4,185,0,0,10,8,18,135,33,23,12,203,28,10,38,241
06/28/2023,GEG,WA,ANM,WE,Combined TRACON& Tower with Radar,141,38,20,9,208,0,0,14,8,22,141,38,34,17,230,10,12,22,252
06/29/2023,GEG,WA,ANM,WE,Combined TRACON& Tower with Radar,145,32,15,4,196,1,2,12,4,19,146,34,27,8,215,34,14,48,263
06/30/2023,GEG,WA,ANM,WE,Combined TRACON& Tower with Radar,143,35,20,0,198,0,1,11,1,13,143,36,31,1,211,4,0,4,215
07/01/2023,GEG,WA,ANM,WE,Combined TRACON& Tower with Radar,109,8,7,0,124,0,1,17,0,18,109,9,24,0,142,0,0,0,142
07/02/2023,GEG,WA,ANM,WE,Combined TRACON& Tower with Radar,119,2,3,0,124,0,0,12,1,13,119,2,15,1,137,6,0,6,143
07/03/2023,GEG,WA,ANM,WE,Combined TRACON& Tower with Radar,121,23,11,0,155,0,2,8,0,10,121,25,19,0,165,0,0,0,165
07/04/2023,GEG,WA,ANM,WE,Combined TRACON& Tower with Radar,107,6,5,0,118,0,0,5,0,5,107,6,10,0,123,0,0,0,123
07/05/2023,GEG,WA,ANM,WE,Combined TRACON& Tower with Radar,121,29,5,6,161,0,0,5,0,5,121,29,10,6,166,10,0,10,176
07/06/2023,GEG,WA,ANM,WE,Combined TRACON& Tower with Radar,151,29,11,0,191,0,0,9,0,9,151,29,20,0,200,0,0,0,200
07/07/2023,GEG,WA,ANM,WE,Combined TRACON& Tower with Radar,139,28,23,0,190,0,0,7,0,7,139,28,30,0,197,4,0,4,201
07/08/2023,GEG,WA,ANM,WE,Combined TRACON& Tower with Radar,114,10,8,0,132,0,1,6,2,9,114,11,14,2,141,0,0,0,141
07/09/2023,GEG,WA,ANM,WE,Combined TRACON& Tower with Radar,128,2,12,1,143,0,0,10,0,10,128,2,22,1,153,2,0,2,155
07/10/2023,GEG,WA,ANM,WE,Combined TRACON& Tower with Radar,134,23,14,1,172,0,2,14,0,16,134,25,28,1,188,16,0,16,204
07/11/2023,GEG,WA,ANM,WE,Combined TRACON& Tower with Radar,138,33,20,11,202,0,3,5,6,14,138,36,25,17,216,45,0,45,261
07/12/2023,GEG,WA,ANM,WE,Combined TRACON& Tower with Radar,130,38,18,6,192,0,5,16,4,25,130,43,34,10,217,8,6,14,231
07/13/2023,GEG,WA,ANM,WE,Combined TRACON& Tower with Radar,149,40,26,2,217,0,2,31,0,33,149,42,57,2,250,16,0,16,266
07/14/2023,GEG,WA,ANM,WE,Combined TRACON& Tower with Radar,140,36,32,7,215,0,4,16,5,25,140,40,48,12,240,9,14,23,263
07/15/2023,GEG,WA,ANM,WE,Combined TRACON& Tower with Radar,118,13,10,3,144,0,0,14,0,14,118,13,24,3,158,0,0,0,158
07/16/2023,GEG,WA,ANM,WE,Combined TRACON& Tower with Radar,133,6,12,3,154,0,2,6,0,8,133,8,18,3,162,10,0,10,172
07/17/2023,GEG,WA,ANM,WE,Combined TRACON& Tower with Radar,136,24,16,1,177,0,1,11,1,13,136,25,27,2,190,10,0,10,200
07/18/2023,GEG,WA,ANM,WE,Combined TRACON& Tower with Radar,133,27,14,2,176,0,1,11,1,13,133,28,25,3,189,0,0,0,189
07/19/2023,GEG,WA,ANM,WE,Combined TRACON& Tower with Radar,135,29,16,12,192,0,2,10,2,14,135,31,26,14,206,0,4,4,210
07/20/2023,GEG,WA,ANM,WE,Combined TRACON& Tower with Radar,150,29,22,0,201,0,0,7,1,8,150,29,29,1,209,14,0,14,223
07/21/2023,GEG,WA,ANM,WE,Combined TRACON& Tower with Radar,143,27,8,10,188,0,1,7,0,8,143,28,15,10,196,0,2,2,198
07/22/2023,GEG,WA,ANM,WE,Combined TRACON& Tower with Radar,121,12,18,1,152,0,4,14,0,18,121,16,32,1,170,0,0,0,170
07/23/2023,GEG,WA,ANM,WE,Combined TRACON& Tower with Radar,136,10,17,1,164,0,1,26,0,27,136,11,43,1,191,10,0,10,201
07/24/2023,GEG,WA,ANM,WE,Combined TRACON& Tower with Radar,133,27,6,1,167,0,1,4,0,5,133,28,10,1,172,6,0,6,178
07/25/2023,GEG,WA,ANM,WE,Combined TRACON& Tower with Radar,137,35,15,10,197,0,0,8,0,8,137,35,23,10,205,19,0,19,224
07/26/2023,GEG,WA,ANM,WE,Combined TRACON& Tower with Radar,134,34,20,6,194,0,1,19,1,21,134,35,39,7,215,14,26,40,255
07/27/2023,GEG,WA,ANM,WE,Combined TRACON& Tower with Radar,150,36,15,1,202,0,1,19,3,23,150,37,34,4,225,24,18,42,267
07/28/2023,GEG,WA,ANM,WE,Combined TRACON& Tower with Radar,142,27,24,0,193,0,1,10,0,11,142,28,34,0,204,10,0,10,214
07/29/2023,GEG,WA,ANM,WE,Combined TRACON& Tower with Radar,115,8,15,0,138,0,0,21,4,25,115,8,36,4,163,0,0,0,163
07/30/2023,GEG,WA,ANM,WE,Combined TRACON& Tower with Radar,133,3,6,0,142,0,0,12,0,12,133,3,18,0,154,6,0,6,160
07/31/2023,GEG,WA,ANM,WE,Combined TRACON& Tower with Radar,140,34,20,24,218,0,1,13,1,15,140,35,33,25,233,12,18,30,263
08/01/2023,GEG,WA,ANM,WE,Combined TRACON& Tower with Radar,133,35,13,8,189,0,2,5,3,10,133,37,18,11,199,6,16,22,221
08/02/2023,GEG,WA,ANM,WE,Combined TRACON& Tower with Radar,132,30,23,6,191,0,3,16,5,24,132,33,39,11,215,10,0,10,225
08/03/2023,GEG,WA,ANM,WE,Combined TRACON& Tower with Radar,152,25,18,8,203,0,3,15,4,22,152,28,33,12,225,6,0,6,231
08/04/2023,GEG,WA,ANM,WE,Combined TRACON& Tower with Radar,146,27,19,0,192,0,1,18,2,21,146,28,37,2,213,0,0,0,213
08/05/2023,GEG,WA,ANM,WE,Combined TRACON& Tower with Radar,115,15,15,0,145,0,0,6,0,6,115,15,21,0,151,0,0,0,151
08/06/2023,GEG,WA,ANM,WE,Combined TRACON& Tower with Radar,137,2,10,0,149,0,0,3,0,3,137,2,13,0,152,0,0,0,152
08/07/2023,GEG,WA,ANM,WE,Combined TRACON& Tower with Radar,135,27,11,0,173,0,2,9,2,13,135,29,20,2,186,0,0,0,186
08/08/2023,GEG,WA,ANM,WE,Combined TRACON& Tower with Radar,142,29,20,11,202,0,1,19,2,22,142,30,39,13,224,18,8,26,250
08/09/2023,GEG,WA,ANM,WE,Combined TRACON& Tower with Radar,137,36,22,0,195,0,1,12,2,15,137,37,34,2,210,2,0,2,212
08/10/2023,GEG,WA,ANM,WE,Combined TRACON& Tower with Radar,149,30,15,11,205,0,2,9,5,16,149,32,24,16,221,4,14,18,239
08/11/2023,GEG,WA,ANM,WE,Combined TRACON& Tower with Radar,145,32,6,0,183,0,1,15,0,16,145,33,21,0,199,14,0,14,213
08/12/2023,GEG,WA,ANM,WE,Combined TRACON& Tower with Radar,117,9,9,1,136,0,2,12,1,15,117,11,21,2,151,0,0,0,151
08/13/2023,GEG,WA,ANM,WE,Combined TRACON& Tower with Radar,141,6,14,0,161,0,0,7,0,7,141,6,21,0,168,0,0,0,168
08/14/2023,GEG,WA,ANM,WE,Combined TRACON& Tower with Radar,140,30,15,0,185,0,2,13,2,17,140,32,28,2,202,4,0,4,206
08/15/2023,GEG,WA,ANM,WE,Combined TRACON& Tower with Radar,144,29,16,0,189,0,7,17,2,26,144,36,33,2,215,22,0,22,237
08/16/2023,GEG,WA,ANM,WE,Combined TRACON& Tower with Radar,134,25,20,8,187,0,1,5,1,7,134,26,25,9,194,22,0,22,216
08/17/2023,GEG,WA,ANM,WE,Combined TRACON& Tower with Radar,150,28,25,0,203,0,1,11,2,14,150,29,36,2,217,14,0,14,231
08/18/2023,GEG,WA,ANM,WE,Combined TRACON& Tower with Radar,139,29,19,6,193,0,2,21,12,35,139,31,40,18,228,0,0,0,228
08/19/2023,GEG,WA,ANM,WE,Combined TRACON& Tower with Radar,113,13,11,4,141,0,0,1,0,1,113,13,12,4,142,0,0,0,142
08/20/2023,GEG,WA,ANM,WE,Combined TRACON& Tower with Radar,124,9,9,0,142,0,0,0,0,0,124,9,9,0,142,0,0,0,142
08/21/2023,GEG,WA,ANM,WE,Combined TRACON& Tower with Radar,128,27,20,1,176,0,2,1,1,4,128,29,21,2,180,0,0,0,180
08/22/2023,GEG,WA,ANM,WE,Combined TRACON& Tower with Radar,140,28,8,0,176,0,0,5,0,5,140,28,13,0,181,0,0,0,181
08/23/2023,GEG,WA,ANM,WE,Combined TRACON& Tower with Radar,133,26,23,0,182,0,1,16,0,17,133,27,39,0,199,2,0,2,201
08/24/2023,GEG,WA,ANM,WE,Combined TRACON& Tower with Radar,145,30,18,0,193,0,1,18,3,22,145,31,36,3,215,0,0,0,215
08/25/2023,GEG,WA,ANM,WE,Combined TRACON& Tower with Radar,150,23,16,1,190,1,4,15,0,20,151,27,31,1,210,14,0,14,224
08/26/2023,GEG,WA,ANM,WE,Combined TRACON& Tower with Radar,115,9,3,0,127,0,0,12,1,13,115,9,15,1,140,20,0,20,160
08/27/2023,GEG,WA,ANM,WE,Combined TRACON& Tower with Radar,135,6,14,1,156,0,0,16,0,16,135,6,30,1,172,8,0,8,180
08/28/2023,GEG,WA,ANM,WE,Combined TRACON& Tower with Radar,137,33,18,7,195,0,2,5,1,8,137,35,23,8,203,10,13,23,226
08/29/2023,GEG,WA,ANM,WE,Combined TRACON& Tower with Radar,131,38,11,0,180,0,1,1,2,4,131,39,12,2,184,5,0,5,189
08/30/2023,GEG,WA,ANM,WE,Combined TRACON& Tower with Radar,148,43,15,0,206,0,4,3,0,7,148,47,18,0,213,12,0,12,225
08/31/2023,GEG,WA,ANM,WE,Combined TRACON& Tower with Radar,144,39,26,4,213,0,0,11,0,11,144,39,37,4,224,16,0,16,240
