01/01/2000,GFK,ND,AGL,CE,Towers with Display (VFR),0,1,4,0,5,4,3,0,0,7,4,4,4,0,12,6,0,6,18
01/02/2000,GFK,ND,AGL,CE,Towers with Display (VFR),2,0,2,0,4,4,7,0,0,11,6,7,2,0,15,16,0,16,31
01/03/2000,GFK,ND,AGL,CE,Towers with Display (VFR),5,5,8,0,18,3,10,0,0,13,8,15,8,0,31,0,0,0,31
01/04/2000,GFK,ND,AGL,CE,Towers with Display (VFR),7,10,30,1,48,3,8,82,1,94,10,18,112,2,142,190,0,190,332
01/05/2000,GFK,ND,AGL,CE,Towers with Display (VFR),6,7,23,0,36,5,9,5,0,19,11,16,28,0,55,88,0,88,143
01/06/2000,GFK,ND,AGL,CE,Towers with Display (VFR),9,12,37,0,58,2,8,33,0,43,11,20,70,0,101,97,0,97,198
01/07/2000,GFK,ND,AGL,CE,Towers with Display (VFR),9,14,37,0,60,2,5,71,0,78,11,19,108,0,138,234,0,234,372
01/08/2000,GFK,ND,AGL,CE,Towers with Display (VFR),9,13,36,0,58,0,4,118,0,122,9,17,154,0,180,234,0,234,414
01/09/2000,GFK,ND,AGL,CE,Towers with Display (VFR),5,6,18,0,29,1,0,67,0,68,6,6,85,0,97,214,0,214,311
01/10/2000,GFK,ND,AGL,CE,Towers with Display (VFR),7,10,18,0,35,2,7,0,0,9,9,17,18,0,44,0,0,0,44
01/11/2000,GFK,ND,AGL,CE,Towers with Display (VFR),11,21,56,0,88,0,5,100,0,105,11,26,156,0,193,189,0,189,382
01/12/2000,GFK,ND,AGL,CE,Towers with Display (VFR),11,16,51,0,78,2,0,102,0,104,13,16,153,0,182,233,0,233,415
01/13/2000,GFK,ND,AGL,CE,Towers with Display (VFR),10,18,49,0,77,1,4,143,0,148,11,22,192,0,225,335,0,335,560
01/14/2000,GFK,ND,AGL,CE,Towers with Display (VFR),9,16,44,0,69,3,7,134,4,148,12,23,178,4,217,379,0,379,596
01/15/2000,GFK,ND,AGL,CE,Towers with Display (VFR),4,8,22,0,34,5,5,32,0,42,9,13,54,0,76,111,0,111,187
01/16/2000,GFK,ND,AGL,CE,Towers with Display (VFR),6,6,27,0,39,2,0,193,0,195,8,6,220,0,234,327,0,327,561
01/17/2000,GFK,ND,AGL,CE,Towers with Display (VFR),9,18,58,0,85,0,0,197,0,197,9,18,255,0,282,347,0,347,629
01/18/2000,GFK,ND,AGL,CE,Towers with Display (VFR),11,20,70,0,101,0,0,307,6,313,11,20,377,6,414,554,0,554,968
01/19/2000,GFK,ND,AGL,CE,Towers with Display (VFR),8,16,56,0,80,0,0,264,0,264,8,16,320,0,344,436,0,436,780
01/20/2000,GFK,ND,AGL,CE,Towers with Display (VFR),11,21,58,0,90,0,1,205,2,208,11,22,263,2,298,734,0,734,1032
01/21/2000,GFK,ND,AGL,CE,Towers with Display (VFR),8,15,40,0,63,4,6,84,0,94,12,21,124,0,157,388,0,388,545
01/22/2000,GFK,ND,AGL,CE,Towers with Display (VFR),4,7,18,0,29,5,8,0,0,13,9,15,18,0,42,54,0,54,96
01/23/2000,GFK,ND,AGL,CE,Towers with Display (VFR),6,6,41,0,53,0,0,227,0,227,6,6,268,0,280,504,0,504,784
01/24/2000,GFK,ND,AGL,CE,Towers with Display (VFR),10,19,70,0,99,0,0,169,0,169,10,19,239,0,268,625,0,625,893
01/25/2000,GFK,ND,AGL,CE,Towers with Display (VFR),11,24,96,2,133,0,0,412,0,412,11,24,508,2,545,693,0,693,1238
01/26/2000,GFK,ND,AGL,CE,Towers with Display (VFR),11,21,94,4,130,0,0,400,2,402,11,21,494,6,532,726,0,726,1258
01/27/2000,GFK,ND,AGL,CE,Towers with Display (VFR),12,21,72,0,105,0,0,333,0,333,12,21,405,0,438,618,0,618,1056
01/28/2000,GFK,ND,AGL,CE,Towers with Display (VFR),12,21,81,3,117,0,0,338,3,341,12,21,419,6,458,676,0,676,1134
01/29/2000,GFK,ND,AGL,CE,Towers with Display (VFR),9,18,56,0,83,0,0,255,0,255,9,18,311,0,338,700,0,700,1038
01/30/2000,GFK,ND,AGL,CE,Towers with Display (VFR),3,7,17,0,27,5,2,28,0,35,8,9,45,0,62,139,0,139,201
01/31/2000,GFK,ND,AGL,CE,Towers with Display (VFR),8,13,37,0,58,1,5,93,0,99,9,18,130,0,157,406,0,406,563
02/01/2000,GFK,ND,AGL,CE,Towers with Display (VFR),6,10,38,0,54,5,12,0,0,17,11,22,38,0,71,26,0,26,97
02/02/2000,GFK,ND,AGL,CE,Towers with Display (VFR),11,18,87,0,116,0,5,234,0,239,11,23,321,0,355,351,0,351,706
02/03/2000,GFK,ND,AGL,CE,Towers with Display (VFR),5,8,22,0,35,8,12,0,0,20,13,20,22,0,55,2,0,2,57
02/04/2000,GFK,ND,AGL,CE,Towers with Display (VFR),12,20,94,0,126,2,1,316,8,327,14,21,410,8,453,573,0,573,1026
02/05/2000,GFK,ND,AGL,CE,Towers with Display (VFR),9,17,102,0,128,0,0,404,0,404,9,17,506,0,532,698,0,698,1230
02/06/2000,GFK,ND,AGL,CE,Towers with Display (VFR),6,6,47,0,59,0,0,225,0,225,6,6,272,0,284,378,0,378,662
02/07/2000,GFK,ND,AGL,CE,Towers with Display (VFR),9,19,109,0,137,0,0,386,0,386,9,19,495,0,523,834,0,834,1357
02/08/2000,GFK,ND,AGL,CE,Towers with Display (VFR),11,22,99,0,132,0,0,346,0,346,11,22,445,0,478,740,0,740,1218
02/09/2000,GFK,ND,AGL,CE,Towers with Display (VFR),10,16,73,0,99,1,7,171,0,179,11,23,244,0,278,637,0,637,915
02/10/2000,GFK,ND,AGL,CE,Towers with Display (VFR),11,21,101,0,133,0,0,311,0,311,11,21,412,0,444,981,0,981,1425
02/11/2000,GFK,ND,AGL,CE,Towers with Display (VFR),12,19,89,0,120,1,0,337,0,338,13,19,426,0,458,698,0,698,1156
02/12/2000,GFK,ND,AGL,CE,Towers with Display (VFR),9,15,75,0,99,0,0,222,0,222,9,15,297,0,321,662,0,662,983
02/13/2000,GFK,ND,AGL,CE,Towers with Display (VFR),5,6,40,1,52,3,0,178,1,182,8,6,218,2,234,640,0,640,874
02/14/2000,GFK,ND,AGL,CE,Towers with Display (VFR),9,19,87,0,115,0,0,262,0,262,9,19,349,0,377,849,0,849,1226
02/15/2000,GFK,ND,AGL,CE,Towers with Display (VFR),8,14,66,0,88,2,4,127,0,133,10,18,193,0,221,520,0,520,741
02/16/2000,GFK,ND,AGL,CE,Towers with Display (VFR),11,23,118,0,152,0,0,298,0,298,11,23,416,0,450,912,0,912,1362
02/17/2000,GFK,ND,AGL,CE,Towers with Display (VFR),5,10,36,0,51,6,12,0,0,18,11,22,36,0,69,155,0,155,224
02/18/2000,GFK,ND,AGL,CE,Towers with Display (VFR),11,21,116,0,148,0,0,309,0,309,11,21,425,0,457,904,0,904,1361
02/19/2000,GFK,ND,AGL,CE,Towers with Display (VFR),9,17,112,0,138,0,0,311,0,311,9,17,423,0,449,671,0,671,1120
02/20/2000,GFK,ND,AGL,CE,Towers with Display (VFR),3,6,27,0,36,3,0,233,0,236,6,6,260,0,272,489,0,489,761
02/21/2000,GFK,ND,AGL,CE,Towers with Display (VFR),9,20,99,0,128,0,0,353,0,353,9,20,452,0,481,925,0,925,1406
02/22/2000,GFK,ND,AGL,CE,Towers with Display (VFR),11,20,119,0,150,0,0,279,0,279,11,20,398,0,429,948,0,948,1377
02/23/2000,GFK,ND,AGL,CE,Towers with Display (VFR),9,21,131,0,161,0,0,312,0,312,9,21,443,0,473,1053,0,1053,1526
02/24/2000,GFK,ND,AGL,CE,Towers with Display (VFR),4,9,41,0,54,5,5,0,0,10,9,14,41,0,64,0,0,0,64
02/25/2000,GFK,ND,AGL,CE,Towers with Display (VFR),5,10,34,0,49,6,11,0,0,17,11,21,34,0,66,0,0,0,66
02/26/2000,GFK,ND,AGL,CE,Towers with Display (VFR),4,7,35,0,46,5,9,15,0,29,9,16,50,0,75,200,0,200,275
02/27/2000,GFK,ND,AGL,CE,Towers with Display (VFR),4,6,41,0,51,2,0,223,0,225,6,6,264,0,276,449,0,449,725
02/28/2000,GFK,ND,AGL,CE,Towers with Display (VFR),9,15,109,0,133,0,0,203,2,205,9,15,312,2,338,383,0,383,721
02/29/2000,GFK,ND,AGL,CE,Towers with Display (VFR),11,25,115,0,151,0,1,205,6,212,11,26,320,6,363,346,0,346,709
03/01/2000,GFK,ND,AGL,CE,Towers with Display (VFR),9,14,62,0,85,1,6,143,4,154,10,20,205,4,239,860,0,860,1099
03/02/2000,GFK,ND,AGL,CE,Towers with Display (VFR),11,22,101,0,134,0,0,160,0,160,11,22,261,0,294,364,0,364,658
03/03/2000,GFK,ND,AGL,CE,Towers with Display (VFR),11,19,132,0,162,0,0,415,0,415,11,19,547,0,577,950,0,950,1527
03/04/2000,GFK,ND,AGL,CE,Towers with Display (VFR),9,13,93,0,115,0,0,387,2,389,9,13,480,2,504,968,0,968,1472
03/05/2000,GFK,ND,AGL,CE,Towers with Display (VFR),5,6,35,0,46,1,0,239,3,243,6,6,274,3,289,621,0,621,910
03/06/2000,GFK,ND,AGL,CE,Towers with Display (VFR),9,17,95,0,121,0,0,283,2,285,9,17,378,2,406,783,0,783,1189
03/07/2000,GFK,ND,AGL,CE,Towers with Display (VFR),11,23,98,0,132,0,1,220,5,226,11,24,318,5,358,709,0,709,1067
03/08/2000,GFK,ND,AGL,CE,Towers with Display (VFR),4,4,8,0,16,4,12,0,0,16,8,16,8,0,32,0,0,0,32
03/09/2000,GFK,ND,AGL,CE,Towers with Display (VFR),12,25,101,0,138,0,1,247,0,248,12,26,348,0,386,728,0,728,1114
03/10/2000,GFK,ND,AGL,CE,Towers with Display (VFR),11,21,82,0,114,0,1,256,0,257,11,22,338,0,371,668,0,668,1039
03/11/2000,GFK,ND,AGL,CE,Towers with Display (VFR),9,14,67,0,90,0,0,127,0,127,9,14,194,0,217,297,0,297,514
03/12/2000,GFK,ND,AGL,CE,Towers with Display (VFR),1,3,10,0,14,5,2,35,0,42,6,5,45,0,56,124,0,124,180
03/13/2000,GFK,ND,AGL,CE,Towers with Display (VFR),5,9,37,1,52,3,8,37,1,49,8,17,74,2,101,232,0,232,333
03/14/2000,GFK,ND,AGL,CE,Towers with Display (VFR),6,11,29,0,46,4,15,0,0,19,10,26,29,0,65,45,0,45,110
03/15/2000,GFK,ND,AGL,CE,Towers with Display (VFR),7,14,54,0,75,4,9,120,0,133,11,23,174,0,208,369,0,369,577
03/16/2000,GFK,ND,AGL,CE,Towers with Display (VFR),10,18,75,1,104,3,5,122,2,132,13,23,197,3,236,317,0,317,553
03/17/2000,GFK,ND,AGL,CE,Towers with Display (VFR),5,9,37,0,51,6,10,10,0,26,11,19,47,0,77,45,0,45,122
03/18/2000,GFK,ND,AGL,CE,Towers with Display (VFR),4,9,35,0,48,7,11,80,0,98,11,20,115,0,146,238,0,238,384
03/19/2000,GFK,ND,AGL,CE,Towers with Display (VFR),3,7,28,0,38,3,0,51,0,54,6,7,79,0,92,54,0,54,146
03/20/2000,GFK,ND,AGL,CE,Towers with Display (VFR),4,7,22,0,33,5,12,0,0,17,9,19,22,0,50,106,0,106,156
03/21/2000,GFK,ND,AGL,CE,Towers with Display (VFR),9,22,108,0,139,0,0,262,0,262,9,22,370,0,401,695,0,695,1096
03/22/2000,GFK,ND,AGL,CE,Towers with Display (VFR),11,20,117,0,148,0,0,424,0,424,11,20,541,0,572,902,0,902,1474
03/23/2000,GFK,ND,AGL,CE,Towers with Display (VFR),10,24,94,0,128,0,1,23,0,24,10,25,117,0,152,100,0,100,252
03/24/2000,GFK,ND,AGL,CE,Towers with Display (VFR),12,21,127,0,160,0,0,87,0,87,12,21,214,0,247,294,0,294,541
03/25/2000,GFK,ND,AGL,CE,Towers with Display (VFR),9,16,77,0,102,0,0,288,0,288,9,16,365,0,390,398,0,398,788
03/26/2000,GFK,ND,AGL,CE,Towers with Display (VFR),3,6,29,0,38,5,0,97,0,102,8,6,126,0,140,266,0,266,406
03/27/2000,GFK,ND,AGL,CE,Towers with Display (VFR),5,10,41,0,56,4,9,9,0,22,9,19,50,0,78,76,0,76,154
03/28/2000,GFK,ND,AGL,CE,Towers with Display (VFR),11,20,114,0,145,0,0,387,0,387,11,20,501,0,532,948,0,948,1480
03/29/2000,GFK,ND,AGL,CE,Towers with Display (VFR),13,17,116,0,146,0,0,445,0,445,13,17,561,0,591,1023,0,1023,1614
03/30/2000,GFK,ND,AGL,CE,Towers with Display (VFR),11,20,129,0,160,0,0,327,0,327,11,20,456,0,487,715,0,715,1202
03/31/2000,GFK,ND,AGL,CE,Towers with Display (VFR),8,14,57,0,79,2,6,38,0,46,10,20,95,0,125,310,0,310,435
04/01/2000,GFK,ND,AGL,CE,Towers with Display (VFR),9,14,82,0,105,0,0,309,0,309,9,14,391,0,414,833,0,833,1247
04/02/2000,GFK,ND,AGL,CE,Towers with Display (VFR),2,1,0,0,3,4,5,0,0,9,6,6,0,0,12,0,0,0,12
04/03/2000,GFK,ND,AGL,CE,Towers with Display (VFR),9,17,84,0,110,0,0,153,2,155,9,17,237,2,265,324,0,324,589
04/04/2000,GFK,ND,AGL,CE,Towers with Display (VFR),13,22,104,0,139,0,0,259,0,259,13,22,363,0,398,637,0,637,1035
04/05/2000,GFK,ND,AGL,CE,Towers with Display (VFR),4,6,24,0,34,5,8,0,0,13,9,14,24,0,47,4,0,4,51
04/06/2000,GFK,ND,AGL,CE,Towers with Display (VFR),11,22,108,0,141,0,0,327,0,327,11,22,435,0,468,829,0,829,1297
04/07/2000,GFK,ND,AGL,CE,Towers with Display (VFR),13,17,128,0,158,0,0,314,0,314,13,17,442,0,472,652,0,652,1124
04/08/2000,GFK,ND,AGL,CE,Towers with Display (VFR),8,14,61,0,83,1,0,149,0,150,9,14,210,0,233,227,0,227,460
04/09/2000,GFK,ND,AGL,CE,Towers with Display (VFR),5,7,40,0,52,5,0,194,0,199,10,7,234,0,251,456,0,456,707
04/10/2000,GFK,ND,AGL,CE,Towers with Display (VFR),5,9,39,0,53,4,10,19,0,33,9,19,58,0,86,112,0,112,198
04/11/2000,GFK,ND,AGL,CE,Towers with Display (VFR),7,13,55,0,75,4,10,44,0,58,11,23,99,0,133,234,0,234,367
04/12/2000,GFK,ND,AGL,CE,Towers with Display (VFR),10,17,73,0,100,1,3,81,0,85,11,20,154,0,185,358,0,358,543
04/13/2000,GFK,ND,AGL,CE,Towers with Display (VFR),7,13,54,0,74,4,9,0,0,13,11,22,54,0,87,74,0,74,161
04/14/2000,GFK,ND,AGL,CE,Towers with Display (VFR),4,8,9,0,21,7,17,0,0,24,11,25,9,0,45,0,0,0,45
04/15/2000,GFK,ND,AGL,CE,Towers with Display (VFR),9,16,70,1,96,0,0,346,3,349,9,16,416,4,445,590,0,590,1035
04/16/2000,GFK,ND,AGL,CE,Towers with Display (VFR),6,6,54,1,67,0,0,361,1,362,6,6,415,2,429,560,0,560,989
04/17/2000,GFK,ND,AGL,CE,Towers with Display (VFR),7,20,127,2,156,0,0,219,2,221,7,20,346,4,377,808,0,808,1185
04/18/2000,GFK,ND,AGL,CE,Towers with Display (VFR),11,23,127,2,163,0,0,375,2,377,11,23,502,4,540,763,0,763,1303
04/19/2000,GFK,ND,AGL,CE,Towers with Display (VFR),12,20,114,1,147,0,0,261,0,261,12,20,375,1,408,455,0,455,863
04/20/2000,GFK,ND,AGL,CE,Towers with Display (VFR),10,22,115,0,147,0,0,332,0,332,10,22,447,0,479,708,0,708,1187
04/21/2000,GFK,ND,AGL,CE,Towers with Display (VFR),11,18,79,0,108,0,1,230,0,231,11,19,309,0,339,429,0,429,768
04/22/2000,GFK,ND,AGL,CE,Towers with Display (VFR),7,12,54,0,73,1,4,141,2,148,8,16,195,2,221,368,0,368,589
04/23/2000,GFK,ND,AGL,CE,Towers with Display (VFR),1,4,15,0,20,6,3,24,0,33,7,7,39,0,53,40,0,40,93
04/24/2000,GFK,ND,AGL,CE,Towers with Display (VFR),9,17,78,0,104,0,0,185,0,185,9,17,263,0,289,284,0,284,573
04/25/2000,GFK,ND,AGL,CE,Towers with Display (VFR),11,20,90,0,121,0,1,239,0,240,11,21,329,0,361,567,0,567,928
04/26/2000,GFK,ND,AGL,CE,Towers with Display (VFR),10,17,76,0,103,1,6,146,2,155,11,23,222,2,258,553,0,553,811
04/27/2000,GFK,ND,AGL,CE,Towers with Display (VFR),11,23,107,0,141,0,0,196,0,196,11,23,303,0,337,531,0,531,868
04/28/2000,GFK,ND,AGL,CE,Towers with Display (VFR),11,19,92,1,123,0,0,264,1,265,11,19,356,2,388,609,0,609,997
04/29/2000,GFK,ND,AGL,CE,Towers with Display (VFR),8,13,68,0,89,0,0,164,0,164,8,13,232,0,253,360,0,360,613
04/30/2000,GFK,ND,AGL,CE,Towers with Display (VFR),6,6,44,0,56,1,0,94,0,95,7,6,138,0,151,219,0,219,370
05/01/2000,GFK,ND,AGL,CE,Towers with Display (VFR),9,19,105,0,133,0,0,231,0,231,9,19,336,0,364,493,0,493,857
05/02/2000,GFK,ND,AGL,CE,Towers with Display (VFR),11,21,101,0,133,0,6,225,2,233,11,27,326,2,366,602,0,602,968
05/03/2000,GFK,ND,AGL,CE,Towers with Display (VFR),10,17,81,0,108,1,9,215,0,225,11,26,296,0,333,469,2,471,804
05/04/2000,GFK,ND,AGL,CE,Towers with Display (VFR),11,18,88,0,117,0,6,237,2,245,11,24,325,2,362,532,0,532,894
05/05/2000,GFK,ND,AGL,CE,Towers with Display (VFR),9,14,68,0,91,2,5,157,2,166,11,19,225,2,257,359,0,359,616
05/06/2000,GFK,ND,AGL,CE,Towers with Display (VFR),7,12,59,0,78,1,1,89,4,95,8,13,148,4,173,353,0,353,526
05/07/2000,GFK,ND,AGL,CE,Towers with Display (VFR),4,5,30,0,39,1,1,138,0,140,5,6,168,0,179,455,0,455,634
05/08/2000,GFK,ND,AGL,CE,Towers with Display (VFR),7,15,72,0,94,0,3,128,0,131,7,18,200,0,225,313,0,313,538
05/09/2000,GFK,ND,AGL,CE,Towers with Display (VFR),9,20,96,0,125,0,2,320,0,322,9,22,416,0,447,788,0,788,1235
05/10/2000,GFK,ND,AGL,CE,Towers with Display (VFR),9,17,81,0,107,2,4,126,0,132,11,21,207,0,239,419,0,419,658
05/11/2000,GFK,ND,AGL,CE,Towers with Display (VFR),10,19,90,1,120,1,2,49,1,53,11,21,139,2,173,193,0,193,366
05/12/2000,GFK,ND,AGL,CE,Towers with Display (VFR),8,14,71,0,93,2,8,93,0,103,10,22,164,0,196,246,0,246,442
05/13/2000,GFK,ND,AGL,CE,Towers with Display (VFR),2,6,24,0,32,7,11,23,0,41,9,17,47,0,73,54,0,54,127
05/14/2000,GFK,ND,AGL,CE,Towers with Display (VFR),3,6,32,0,41,5,0,145,0,150,8,6,177,0,191,214,0,214,405
05/15/2000,GFK,ND,AGL,CE,Towers with Display (VFR),8,16,70,1,95,1,2,208,1,212,9,18,278,2,307,481,0,481,788
05/16/2000,GFK,ND,AGL,CE,Towers with Display (VFR),10,18,82,1,111,0,4,262,4,270,10,22,344,5,381,537,0,537,918
05/17/2000,GFK,ND,AGL,CE,Towers with Display (VFR),10,18,85,1,114,0,0,215,1,216,10,18,300,2,330,335,0,335,665
05/18/2000,GFK,ND,AGL,CE,Towers with Display (VFR),9,18,82,0,109,0,5,270,0,275,9,23,352,0,384,471,0,471,855
05/19/2000,GFK,ND,AGL,CE,Towers with Display (VFR),11,21,115,0,147,0,0,243,0,243,11,21,358,0,390,439,0,439,829
05/20/2000,GFK,ND,AGL,CE,Towers with Display (VFR),8,13,91,0,112,0,0,139,0,139,8,13,230,0,251,221,0,221,472
05/21/2000,GFK,ND,AGL,CE,Towers with Display (VFR),4,7,35,0,46,1,0,84,0,85,5,7,119,0,131,251,0,251,382
05/22/2000,GFK,ND,AGL,CE,Towers with Display (VFR),9,16,107,1,133,0,0,249,1,250,9,16,356,2,383,455,0,455,838
05/23/2000,GFK,ND,AGL,CE,Towers with Display (VFR),11,23,102,1,137,0,1,164,3,168,11,24,266,4,305,377,0,377,682
05/24/2000,GFK,ND,AGL,CE,Towers with Display (VFR),9,19,84,0,112,2,6,91,0,99,11,25,175,0,211,336,0,336,547
05/25/2000,GFK,ND,AGL,CE,Towers with Display (VFR),11,22,105,0,138,0,0,347,0,347,11,22,452,0,485,669,0,669,1154
05/26/2000,GFK,ND,AGL,CE,Towers with Display (VFR),11,17,100,0,128,0,0,232,0,232,11,17,332,0,360,502,0,502,862
05/27/2000,GFK,ND,AGL,CE,Towers with Display (VFR),7,14,70,0,91,0,0,86,0,86,7,14,156,0,177,182,0,182,359
05/28/2000,GFK,ND,AGL,CE,Towers with Display (VFR),1,3,13,0,17,3,0,59,0,62,4,3,72,0,79,133,0,133,212
05/29/2000,GFK,ND,AGL,CE,Towers with Display (VFR),6,11,63,0,80,0,0,92,0,92,6,11,155,0,172,248,0,248,420
05/30/2000,GFK,ND,AGL,CE,Towers with Display (VFR),8,23,108,0,139,0,0,303,0,303,8,23,411,0,442,558,0,558,1000
05/31/2000,GFK,ND,AGL,CE,Towers with Display (VFR),8,19,119,0,146,0,0,269,10,279,8,19,388,10,425,585,0,585,1010
06/01/2000,GFK,ND,AGL,CE,Towers with Display (VFR),9,21,133,0,163,0,0,95,0,95,9,21,228,0,258,230,0,230,488
06/02/2000,GFK,ND,AGL,CE,Towers with Display (VFR),9,20,112,0,141,0,0,273,2,275,9,20,385,2,416,536,0,536,952
06/03/2000,GFK,ND,AGL,CE,Towers with Display (VFR),8,15,82,0,105,0,0,111,0,111,8,15,193,0,216,241,0,241,457
06/04/2000,GFK,ND,AGL,CE,Towers with Display (VFR),4,5,33,0,42,2,0,70,0,72,6,5,103,0,114,147,0,147,261
06/05/2000,GFK,ND,AGL,CE,Towers with Display (VFR),8,15,88,0,111,0,0,221,1,222,8,15,309,1,333,394,0,394,727
06/06/2000,GFK,ND,AGL,CE,Towers with Display (VFR),9,22,109,0,140,0,0,195,0,195,9,22,304,0,335,422,0,422,757
06/07/2000,GFK,ND,AGL,CE,Towers with Display (VFR),8,20,105,0,133,0,0,210,2,212,8,20,315,2,345,339,0,339,684
06/08/2000,GFK,ND,AGL,CE,Towers with Display (VFR),9,23,113,0,145,0,1,173,0,174,9,24,286,0,319,251,0,251,570
06/09/2000,GFK,ND,AGL,CE,Towers with Display (VFR),8,17,94,0,119,0,0,144,6,150,8,17,238,6,269,279,0,279,548
06/10/2000,GFK,ND,AGL,CE,Towers with Display (VFR),7,12,61,0,80,1,2,82,0,85,8,14,143,0,165,128,0,128,293
06/11/2000,GFK,ND,AGL,CE,Towers with Display (VFR),4,7,38,0,49,0,0,60,0,60,4,7,98,0,109,158,0,158,267
06/12/2000,GFK,ND,AGL,CE,Towers with Display (VFR),5,11,57,0,73,2,7,87,0,96,7,18,144,0,169,145,0,145,314
06/13/2000,GFK,ND,AGL,CE,Towers with Display (VFR),7,16,76,0,99,0,7,38,0,45,7,23,114,0,144,103,0,103,247
06/14/2000,GFK,ND,AGL,CE,Towers with Display (VFR),7,17,80,0,104,0,6,39,0,45,7,23,119,0,149,77,0,77,226
06/15/2000,GFK,ND,AGL,CE,Towers with Display (VFR),7,17,75,1,100,1,3,113,1,118,8,20,188,2,218,215,0,215,433
06/16/2000,GFK,ND,AGL,CE,Towers with Display (VFR),9,21,112,1,143,0,0,203,1,204,9,21,315,2,347,468,0,468,815
06/17/2000,GFK,ND,AGL,CE,Towers with Display (VFR),8,14,80,0,102,0,0,291,0,291,8,14,371,0,393,494,0,494,887
06/18/2000,GFK,ND,AGL,CE,Towers with Display (VFR),4,6,43,1,54,2,0,317,1,320,6,6,360,2,374,272,0,272,646
06/19/2000,GFK,ND,AGL,CE,Towers with Display (VFR),6,13,60,0,79,0,6,159,0,165,6,19,219,0,244,222,0,222,466
06/20/2000,GFK,ND,AGL,CE,Towers with Display (VFR),7,16,73,0,96,2,4,51,0,57,9,20,124,0,153,119,0,119,272
06/21/2000,GFK,ND,AGL,CE,Towers with Display (VFR),4,11,49,0,64,3,9,19,0,31,7,20,68,0,95,48,0,48,143
06/22/2000,GFK,ND,AGL,CE,Towers with Display (VFR),8,20,89,0,117,0,4,419,0,423,8,24,508,0,540,546,0,546,1086
06/23/2000,GFK,ND,AGL,CE,Towers with Display (VFR),11,22,106,0,139,0,0,259,0,259,11,22,365,0,398,718,0,718,1116
06/24/2000,GFK,ND,AGL,CE,Towers with Display (VFR),5,12,58,0,75,3,0,267,0,270,8,12,325,0,345,600,0,600,945
06/25/2000,GFK,ND,AGL,CE,Towers with Display (VFR),4,5,40,0,49,2,0,92,0,94,6,5,132,0,143,294,0,294,437
06/26/2000,GFK,ND,AGL,CE,Towers with Display (VFR),7,15,69,1,92,0,1,166,2,169,7,16,235,3,261,316,0,316,577
06/27/2000,GFK,ND,AGL,CE,Towers with Display (VFR),9,20,91,0,120,0,0,288,0,288,9,20,379,0,408,741,0,741,1149
06/28/2000,GFK,ND,AGL,CE,Towers with Display (VFR),7,15,69,1,92,2,11,135,6,154,9,26,204,7,246,257,0,257,503
06/29/2000,GFK,ND,AGL,CE,Towers with Display (VFR),8,19,88,0,115,1,5,318,3,327,9,24,406,3,442,747,0,747,1189
06/30/2000,GFK,ND,AGL,CE,Towers with Display (VFR),8,18,81,0,107,1,3,238,0,242,9,21,319,0,349,840,0,840,1189
07/01/2000,GFK,ND,AGL,CE,Towers with Display (VFR),7,11,50,0,68,1,0,111,0,112,8,11,161,0,180,468,0,468,648
07/02/2000,GFK,ND,AGL,CE,Towers with Display (VFR),2,3,13,0,18,4,2,9,0,15,6,5,22,0,33,20,0,20,53
07/03/2000,GFK,ND,AGL,CE,Towers with Display (VFR),7,14,58,0,79,0,6,55,0,61,7,20,113,0,140,465,0,465,605
07/04/2000,GFK,ND,AGL,CE,Towers with Display (VFR),2,1,9,0,12,3,6,0,0,9,5,7,9,0,21,18,0,18,39
07/05/2000,GFK,ND,AGL,CE,Towers with Display (VFR),7,20,101,1,129,0,0,171,24,195,7,20,272,25,324,613,19,632,956
07/06/2000,GFK,ND,AGL,CE,Towers with Display (VFR),12,22,100,0,134,0,0,75,0,75,12,22,175,0,209,202,0,202,411
07/07/2000,GFK,ND,AGL,CE,Towers with Display (VFR),11,22,95,1,129,0,0,42,1,43,11,22,137,2,172,32,0,32,204
07/08/2000,GFK,ND,AGL,CE,Towers with Display (VFR),7,11,52,0,70,1,0,69,0,70,8,11,121,0,140,356,0,356,496
07/09/2000,GFK,ND,AGL,CE,Towers with Display (VFR),3,4,18,0,25,3,1,37,0,41,6,5,55,0,66,30,0,30,96
07/10/2000,GFK,ND,AGL,CE,Towers with Display (VFR),7,21,81,0,109,0,1,342,0,343,7,22,423,0,452,913,0,913,1365
07/11/2000,GFK,ND,AGL,CE,Towers with Display (VFR),8,17,64,0,89,0,4,164,2,170,8,21,228,2,259,346,0,346,605
07/12/2000,GFK,ND,AGL,CE,Towers with Display (VFR),9,20,88,0,117,0,0,476,0,476,9,20,564,0,593,586,0,586,1179
07/13/2000,GFK,ND,AGL,CE,Towers with Display (VFR),8,18,85,0,111,0,0,348,0,348,8,18,433,0,459,605,0,605,1064
07/14/2000,GFK,ND,AGL,CE,Towers with Display (VFR),10,19,86,2,117,0,0,322,0,322,10,19,408,2,439,720,2,722,1161
07/15/2000,GFK,ND,AGL,CE,Towers with Display (VFR),5,12,46,0,63,3,1,185,0,189,8,13,231,0,252,387,0,387,639
07/16/2000,GFK,ND,AGL,CE,Towers with Display (VFR),3,5,27,1,36,3,0,96,5,104,6,5,123,6,140,207,0,207,347
07/17/2000,GFK,ND,AGL,CE,Towers with Display (VFR),7,17,92,0,116,0,0,274,0,274,7,17,366,0,390,548,0,548,938
07/18/2000,GFK,ND,AGL,CE,Towers with Display (VFR),8,24,106,0,138,0,0,259,0,259,8,24,365,0,397,584,0,584,981
07/19/2000,GFK,ND,AGL,CE,Towers with Display (VFR),8,20,102,0,130,0,0,94,0,94,8,20,196,0,224,356,0,356,580
07/20/2000,GFK,ND,AGL,CE,Towers with Display (VFR),8,16,62,1,87,0,8,274,0,282,8,24,336,1,369,580,0,580,949
07/21/2000,GFK,ND,AGL,CE,Towers with Display (VFR),9,19,75,0,103,0,0,245,0,245,9,19,320,0,348,471,0,471,819
07/22/2000,GFK,ND,AGL,CE,Towers with Display (VFR),7,15,56,0,78,1,0,177,0,178,8,15,233,0,256,207,0,207,463
07/23/2000,GFK,ND,AGL,CE,Towers with Display (VFR),2,4,16,0,22,4,1,40,0,45,6,5,56,0,67,39,0,39,106
07/24/2000,GFK,ND,AGL,CE,Towers with Display (VFR),6,14,53,0,73,1,3,123,0,127,7,17,176,0,200,412,0,412,612
07/25/2000,GFK,ND,AGL,CE,Towers with Display (VFR),4,10,35,0,49,5,14,7,0,26,9,24,42,0,75,10,0,10,85
07/26/2000,GFK,ND,AGL,CE,Towers with Display (VFR),9,24,99,0,132,0,0,260,0,260,9,24,359,0,392,544,0,544,936
07/27/2000,GFK,ND,AGL,CE,Towers with Display (VFR),7,20,80,0,107,0,0,269,0,269,7,20,349,0,376,470,0,470,846
07/28/2000,GFK,ND,AGL,CE,Towers with Display (VFR),8,20,83,0,111,0,3,206,0,209,8,23,289,0,320,498,0,498,818
07/29/2000,GFK,ND,AGL,CE,Towers with Display (VFR),5,12,46,0,63,3,1,135,4,143,8,13,181,4,206,262,0,262,468
07/30/2000,GFK,ND,AGL,CE,Towers with Display (VFR),2,5,21,0,28,4,4,26,4,38,6,9,47,4,66,39,0,39,105
07/31/2000,GFK,ND,AGL,CE,Towers with Display (VFR),7,15,58,0,80,4,3,126,0,133,11,18,184,0,213,270,0,270,483
08/01/2000,GFK,ND,AGL,CE,Towers with Display (VFR),9,23,75,0,107,0,0,237,0,237,9,23,312,0,344,374,0,374,718
08/02/2000,GFK,ND,AGL,CE,Towers with Display (VFR),7,22,62,0,91,0,0,191,0,191,7,22,253,0,282,417,0,417,699
08/03/2000,GFK,ND,AGL,CE,Towers with Display (VFR),9,21,72,0,102,0,0,215,0,215,9,21,287,0,317,421,0,421,738
08/04/2000,GFK,ND,AGL,CE,Towers with Display (VFR),12,20,53,0,85,0,0,162,2,164,12,20,215,2,249,333,0,333,582
08/05/2000,GFK,ND,AGL,CE,Towers with Display (VFR),8,15,35,0,58,2,0,85,0,87,10,15,120,0,145,203,0,203,348
08/06/2000,GFK,ND,AGL,CE,Towers with Display (VFR),4,5,14,0,23,3,0,69,0,72,7,5,83,0,95,191,0,191,286
08/07/2000,GFK,ND,AGL,CE,Towers with Display (VFR),10,20,46,0,76,0,3,82,0,85,10,23,128,0,161,232,0,232,393
08/08/2000,GFK,ND,AGL,CE,Towers with Display (VFR),8,21,46,0,75,0,1,143,0,144,8,22,189,0,219,313,0,313,532
08/09/2000,GFK,ND,AGL,CE,Towers with Display (VFR),9,23,57,0,89,0,0,176,0,176,9,23,233,0,265,310,0,310,575
08/10/2000,GFK,ND,AGL,CE,Towers with Display (VFR),8,18,40,0,66,0,2,142,0,144,8,20,182,0,210,241,0,241,451
08/11/2000,GFK,ND,AGL,CE,Towers with Display (VFR),9,18,40,0,67,2,1,88,0,91,11,19,128,0,158,168,0,168,326
08/12/2000,GFK,ND,AGL,CE,Towers with Display (VFR),4,9,19,0,32,6,2,52,0,60,10,11,71,0,92,88,0,88,180
08/13/2000,GFK,ND,AGL,CE,Towers with Display (VFR),2,5,11,0,18,5,1,29,0,35,7,6,40,0,53,67,0,67,120
08/14/2000,GFK,ND,AGL,CE,Towers with Display (VFR),8,15,40,1,64,0,0,54,1,55,8,15,94,2,119,144,0,144,263
08/15/2000,GFK,ND,AGL,CE,Towers with Display (VFR),9,0,46,0,55,0,0,183,0,183,9,0,229,0,238,220,0,220,458
08/16/2000,GFK,ND,AGL,CE,Towers with Display (VFR),8,16,34,0,58,0,6,16,0,22,8,22,50,0,80,28,0,28,108
08/17/2000,GFK,ND,AGL,CE,Towers with Display (VFR),9,19,43,0,71,0,1,55,0,56,9,20,98,0,127,141,0,141,268
08/18/2000,GFK,ND,AGL,CE,Towers with Display (VFR),11,20,47,1,79,0,0,159,1,160,11,20,206,2,239,223,0,223,462
08/19/2000,GFK,ND,AGL,CE,Towers with Display (VFR),6,13,29,1,49,2,0,65,1,68,8,13,94,2,117,129,0,129,246
08/20/2000,GFK,ND,AGL,CE,Towers with Display (VFR),3,5,13,0,21,4,1,8,0,13,7,6,21,0,34,0,0,0,34
08/21/2000,GFK,ND,AGL,CE,Towers with Display (VFR),8,20,43,1,72,0,1,106,8,115,8,21,149,9,187,272,0,272,459
08/22/2000,GFK,ND,AGL,CE,Towers with Display (VFR),9,21,46,1,77,0,1,103,1,105,9,22,149,2,182,242,0,242,424
08/23/2000,GFK,ND,AGL,CE,Towers with Display (VFR),9,19,42,0,70,0,2,146,0,148,9,21,188,0,218,269,0,269,487
08/24/2000,GFK,ND,AGL,CE,Towers with Display (VFR),7,14,31,0,52,2,9,22,6,39,9,23,53,6,91,79,0,79,170
08/25/2000,GFK,ND,AGL,CE,Towers with Display (VFR),6,12,27,0,45,4,10,29,0,43,10,22,56,0,88,94,0,94,182
08/26/2000,GFK,ND,AGL,CE,Towers with Display (VFR),3,6,14,0,23,5,7,64,1,77,8,13,78,1,100,82,0,82,182
08/27/2000,GFK,ND,AGL,CE,Towers with Display (VFR),2,5,11,0,18,5,2,3,0,10,7,7,14,0,28,6,0,6,34
08/28/2000,GFK,ND,AGL,CE,Towers with Display (VFR),5,10,24,0,39,6,7,5,0,18,11,17,29,0,57,11,0,11,68
08/29/2000,GFK,ND,AGL,CE,Towers with Display (VFR),10,19,43,0,72,0,1,97,2,100,10,20,140,2,172,296,0,296,468
08/30/2000,GFK,ND,AGL,CE,Towers with Display (VFR),10,19,44,0,73,1,2,52,6,61,11,21,96,6,134,250,0,250,384
08/31/2000,GFK,ND,AGL,CE,Towers with Display (VFR),12,20,60,0,92,0,0,104,0,104,12,20,164,0,196,346,0,346,542
09/01/2000,GFK,ND,AGL,CE,Towers with Display (VFR),10,19,67,0,96,2,3,15,0,20,12,22,82,0,116,142,0,142,258
09/02/2000,GFK,ND,AGL,CE,Towers with Display (VFR),4,6,6,0,16,4,12,0,2,18,8,18,6,2,34,2,0,2,36
09/03/2000,GFK,ND,AGL,CE,Towers with Display (VFR),3,4,19,0,26,3,0,3,0,6,6,4,22,0,32,18,0,18,50
09/04/2000,GFK,ND,AGL,CE,Towers with Display (VFR),5,9,34,0,48,2,0,60,0,62,7,9,94,0,110,210,0,210,320
09/05/2000,GFK,ND,AGL,CE,Towers with Display (VFR),6,10,38,0,54,5,8,146,0,159,11,18,184,0,213,174,0,174,387
09/06/2000,GFK,ND,AGL,CE,Towers with Display (VFR),9,15,57,0,81,1,7,224,0,232,10,22,281,0,313,438,0,438,751
09/07/2000,GFK,ND,AGL,CE,Towers with Display (VFR),10,22,81,0,113,0,1,415,0,416,10,23,496,0,529,398,0,398,927
09/08/2000,GFK,ND,AGL,CE,Towers with Display (VFR),11,21,76,0,108,0,5,342,0,347,11,26,418,0,455,582,0,582,1037
09/09/2000,GFK,ND,AGL,CE,Towers with Display (VFR),5,10,35,0,50,3,6,63,0,72,8,16,98,0,122,183,0,183,305
09/10/2000,GFK,ND,AGL,CE,Towers with Display (VFR),3,7,25,0,35,4,0,122,0,126,7,7,147,0,161,344,0,344,505
09/11/2000,GFK,ND,AGL,CE,Towers with Display (VFR),10,18,69,1,98,1,0,331,1,333,11,18,400,2,431,692,0,692,1123
09/12/2000,GFK,ND,AGL,CE,Towers with Display (VFR),11,22,88,0,121,0,0,284,0,284,11,22,372,0,405,830,0,830,1235
09/13/2000,GFK,ND,AGL,CE,Towers with Display (VFR),11,23,90,0,124,0,0,374,0,374,11,23,464,0,498,1145,0,1145,1643
09/14/2000,GFK,ND,AGL,CE,Towers with Display (VFR),11,30,105,1,147,0,2,374,1,377,11,32,479,2,524,1140,0,1140,1664
09/15/2000,GFK,ND,AGL,CE,Towers with Display (VFR),11,28,101,1,141,0,0,442,3,445,11,28,543,4,586,1178,0,1178,1764
09/16/2000,GFK,ND,AGL,CE,Towers with Display (VFR),7,14,50,0,71,1,1,355,0,357,8,15,405,0,428,725,0,725,1153
09/17/2000,GFK,ND,AGL,CE,Towers with Display (VFR),3,7,25,0,35,4,0,142,0,146,7,7,167,0,181,441,0,441,622
09/18/2000,GFK,ND,AGL,CE,Towers with Display (VFR),9,22,76,0,107,0,1,292,0,293,9,23,368,0,400,708,0,708,1108
09/19/2000,GFK,ND,AGL,CE,Towers with Display (VFR),10,22,75,1,108,0,5,151,1,157,10,27,226,2,265,481,0,481,746
09/20/2000,GFK,ND,AGL,CE,Towers with Display (VFR),10,25,87,0,122,0,0,151,0,151,10,25,238,0,273,460,0,460,733
09/21/2000,GFK,ND,AGL,CE,Towers with Display (VFR),10,27,96,1,134,0,0,331,1,332,10,27,427,2,466,1044,0,1044,1510
09/22/2000,GFK,ND,AGL,CE,Towers with Display (VFR),6,12,35,0,53,5,12,0,0,17,11,24,35,0,70,2,0,2,72
09/23/2000,GFK,ND,AGL,CE,Towers with Display (VFR),8,16,77,1,102,0,0,250,1,251,8,16,327,2,353,851,0,851,1204
09/24/2000,GFK,ND,AGL,CE,Towers with Display (VFR),4,7,33,0,44,3,0,219,0,222,7,7,252,0,266,333,0,333,599
09/25/2000,GFK,ND,AGL,CE,Towers with Display (VFR),9,20,103,1,133,0,0,457,3,460,9,20,560,4,593,848,0,848,1441
09/26/2000,GFK,ND,AGL,CE,Towers with Display (VFR),11,26,99,0,136,0,0,218,3,221,11,26,317,3,357,618,0,618,975
09/27/2000,GFK,ND,AGL,CE,Towers with Display (VFR),10,24,83,0,117,0,1,237,4,242,10,25,320,4,359,768,0,768,1127
09/28/2000,GFK,ND,AGL,CE,Towers with Display (VFR),10,24,91,0,125,0,0,483,2,485,10,24,574,2,610,970,0,970,1580
09/29/2000,GFK,ND,AGL,CE,Towers with Display (VFR),11,25,88,0,124,0,0,414,0,414,11,25,502,0,538,748,0,748,1286
09/30/2000,GFK,ND,AGL,CE,Towers with Display (VFR),7,15,53,0,75,1,1,250,2,254,8,16,303,2,329,651,0,651,980
10/01/2000,GFK,ND,AGL,CE,Towers with Display (VFR),4,6,33,0,43,3,1,43,0,47,7,7,76,0,90,312,0,312,402
10/02/2000,GFK,ND,AGL,CE,Towers with Display (VFR),8,15,82,0,105,0,2,267,0,269,8,17,349,0,374,840,0,840,1214
10/03/2000,GFK,ND,AGL,CE,Towers with Display (VFR),6,6,41,0,53,5,24,0,0,29,11,30,41,0,82,4,0,4,86
10/04/2000,GFK,ND,AGL,CE,Towers with Display (VFR),8,15,80,1,104,3,11,275,9,298,11,26,355,10,402,547,0,547,949
10/05/2000,GFK,ND,AGL,CE,Towers with Display (VFR),5,9,52,0,66,5,13,242,0,260,10,22,294,0,326,630,0,630,956
10/06/2000,GFK,ND,AGL,CE,Towers with Display (VFR),8,15,81,1,105,2,13,254,0,269,10,28,335,1,374,941,0,941,1315
10/07/2000,GFK,ND,AGL,CE,Towers with Display (VFR),8,15,79,0,102,1,0,213,0,214,9,15,292,0,316,772,0,772,1088
10/08/2000,GFK,ND,AGL,CE,Towers with Display (VFR),3,6,32,0,41,4,1,189,0,194,7,7,221,0,235,486,0,486,721
10/09/2000,GFK,ND,AGL,CE,Towers with Display (VFR),8,19,103,0,130,0,0,340,0,340,8,19,443,0,470,769,0,769,1239
10/10/2000,GFK,ND,AGL,CE,Towers with Display (VFR),10,24,118,1,153,0,2,368,1,371,10,26,486,2,524,1000,0,1000,1524
10/11/2000,GFK,ND,AGL,CE,Towers with Display (VFR),10,23,120,1,154,0,0,332,9,341,10,23,452,10,495,1032,0,1032,1527
10/12/2000,GFK,ND,AGL,CE,Towers with Display (VFR),10,22,109,0,141,0,3,254,0,257,10,25,363,0,398,708,0,708,1106
10/13/2000,GFK,ND,AGL,CE,Towers with Display (VFR),11,27,144,2,184,0,0,347,4,351,11,27,491,6,535,1006,0,1006,1541
10/14/2000,GFK,ND,AGL,CE,Towers with Display (VFR),7,14,71,1,93,1,0,24,3,28,8,14,95,4,121,62,0,62,183
10/15/2000,GFK,ND,AGL,CE,Towers with Display (VFR),4,7,48,0,59,3,0,118,0,121,7,7,166,0,180,267,0,267,447
10/16/2000,GFK,ND,AGL,CE,Towers with Display (VFR),8,17,90,1,116,0,0,352,0,352,8,17,442,1,468,947,0,947,1415
10/17/2000,GFK,ND,AGL,CE,Towers with Display (VFR),10,20,99,0,129,1,7,262,0,270,11,27,361,0,399,467,0,467,866
10/18/2000,GFK,ND,AGL,CE,Towers with Display (VFR),11,26,129,1,167,0,6,423,3,432,11,32,552,4,599,988,0,988,1587
10/19/2000,GFK,ND,AGL,CE,Towers with Display (VFR),10,27,141,1,179,0,0,410,4,414,10,27,551,5,593,863,0,863,1456
10/20/2000,GFK,ND,AGL,CE,Towers with Display (VFR),10,21,104,1,136,0,0,383,1,384,10,21,487,2,520,521,0,521,1041
10/21/2000,GFK,ND,AGL,CE,Towers with Display (VFR),6,12,58,1,77,4,4,141,1,150,10,16,199,2,227,249,2,251,478
10/22/2000,GFK,ND,AGL,CE,Towers with Display (VFR),5,7,55,0,67,2,0,74,0,76,7,7,129,0,143,196,0,196,339
10/23/2000,GFK,ND,AGL,CE,Towers with Display (VFR),8,17,82,0,107,1,1,362,0,364,9,18,444,0,471,943,0,943,1414
10/24/2000,GFK,ND,AGL,CE,Towers with Display (VFR),14,10,137,0,161,1,0,275,0,276,15,10,412,0,437,709,0,709,1146
10/25/2000,GFK,ND,AGL,CE,Towers with Display (VFR),10,22,124,0,156,0,0,29,0,29,10,22,153,0,185,2,0,2,187
10/26/2000,GFK,ND,AGL,CE,Towers with Display (VFR),10,23,114,0,147,0,4,26,0,30,10,27,140,0,177,2,0,2,179
10/27/2000,GFK,ND,AGL,CE,Towers with Display (VFR),10,21,156,1,188,0,0,386,1,387,10,21,542,2,575,692,0,692,1267
10/28/2000,GFK,ND,AGL,CE,Towers with Display (VFR),9,15,90,0,114,1,0,28,0,29,10,15,118,0,143,10,0,10,153
10/29/2000,GFK,ND,AGL,CE,Towers with Display (VFR),2,6,25,0,33,5,2,0,0,7,7,8,25,0,40,0,0,0,40
10/30/2000,GFK,ND,AGL,CE,Towers with Display (VFR),11,19,130,0,160,0,0,36,0,36,11,19,166,0,196,27,0,27,223
10/31/2000,GFK,ND,AGL,CE,Towers with Display (VFR),12,24,143,0,179,0,0,74,0,74,12,24,217,0,253,382,0,382,635
11/01/2000,GFK,ND,AGL,CE,Towers with Display (VFR),11,22,61,0,94,0,0,20,0,20,11,22,81,0,114,72,0,72,186
11/02/2000,GFK,ND,AGL,CE,Towers with Display (VFR),6,12,18,0,36,6,11,0,0,17,12,23,18,0,53,18,0,18,71
11/03/2000,GFK,ND,AGL,CE,Towers with Display (VFR),10,27,100,0,137,0,0,404,0,404,10,27,504,0,541,896,0,896,1437
11/04/2000,GFK,ND,AGL,CE,Towers with Display (VFR),8,15,61,0,84,0,0,405,2,407,8,15,466,2,491,773,0,773,1264
11/05/2000,GFK,ND,AGL,CE,Towers with Display (VFR),7,7,54,0,68,0,0,49,2,51,7,7,103,2,119,132,0,132,251
11/06/2000,GFK,ND,AGL,CE,Towers with Display (VFR),8,17,42,0,67,0,5,5,0,10,8,22,47,0,77,0,0,0,77
11/07/2000,GFK,ND,AGL,CE,Towers with Display (VFR),5,9,6,0,20,3,13,0,0,16,8,22,6,0,36,6,0,6,42
11/08/2000,GFK,ND,AGL,CE,Towers with Display (VFR),6,11,14,0,31,5,18,0,0,23,11,29,14,0,54,11,0,11,65
11/09/2000,GFK,ND,AGL,CE,Towers with Display (VFR),8,14,36,0,58,3,6,59,0,68,11,20,95,0,126,487,0,487,613
11/10/2000,GFK,ND,AGL,CE,Towers with Display (VFR),6,10,14,0,30,5,15,0,0,20,11,25,14,0,50,34,0,34,84
11/11/2000,GFK,ND,AGL,CE,Towers with Display (VFR),4,7,1,0,12,4,13,0,0,17,8,20,1,0,29,0,0,0,29
11/12/2000,GFK,ND,AGL,CE,Towers with Display (VFR),2,3,0,0,5,5,3,0,0,8,7,6,0,0,13,0,0,0,13
11/13/2000,GFK,ND,AGL,CE,Towers with Display (VFR),6,12,20,0,38,2,14,0,0,16,8,26,20,0,54,16,0,16,70
11/14/2000,GFK,ND,AGL,CE,Towers with Display (VFR),11,25,80,0,116,0,0,386,0,386,11,25,466,0,502,793,0,793,1295
11/15/2000,GFK,ND,AGL,CE,Towers with Display (VFR),10,30,74,0,114,0,0,272,0,272,10,30,346,0,386,741,0,741,1127
11/16/2000,GFK,ND,AGL,CE,Towers with Display (VFR),8,17,39,0,64,2,6,23,0,31,10,23,62,0,95,360,0,360,455
11/17/2000,GFK,ND,AGL,CE,Towers with Display (VFR),12,26,63,0,101,0,0,340,0,340,12,26,403,0,441,697,0,697,1138
11/18/2000,GFK,ND,AGL,CE,Towers with Display (VFR),7,15,37,1,60,3,0,83,0,86,10,15,120,1,146,353,0,353,499
11/19/2000,GFK,ND,AGL,CE,Towers with Display (VFR),1,4,0,0,5,6,3,0,0,9,7,7,0,0,14,0,0,0,14
11/20/2000,GFK,ND,AGL,CE,Towers with Display (VFR),9,18,81,0,108,0,0,377,0,377,9,18,458,0,485,842,0,842,1327
11/21/2000,GFK,ND,AGL,CE,Towers with Display (VFR),11,26,98,0,135,0,0,313,0,313,11,26,411,0,448,651,0,651,1099
11/22/2000,GFK,ND,AGL,CE,Towers with Display (VFR),11,22,70,1,104,0,0,198,5,203,11,22,268,6,307,337,0,337,644
11/23/2000,GFK,ND,AGL,CE,Towers with Display (VFR),1,4,9,0,14,4,2,10,0,16,5,6,19,0,30,12,0,12,42
11/24/2000,GFK,ND,AGL,CE,Towers with Display (VFR),5,13,27,1,46,2,7,94,2,105,7,20,121,3,151,254,0,254,405
11/25/2000,GFK,ND,AGL,CE,Towers with Display (VFR),5,13,27,0,45,3,2,125,0,130,8,15,152,0,175,208,0,208,383
11/26/2000,GFK,ND,AGL,CE,Towers with Display (VFR),5,7,28,0,40,2,0,104,0,106,7,7,132,0,146,250,0,250,396
11/27/2000,GFK,ND,AGL,CE,Towers with Display (VFR),9,20,81,0,110,0,0,267,4,271,9,20,348,4,381,590,0,590,971
11/28/2000,GFK,ND,AGL,CE,Towers with Display (VFR),7,16,36,0,59,2,6,19,0,27,9,22,55,0,86,121,0,121,207
11/29/2000,GFK,ND,AGL,CE,Towers with Display (VFR),8,19,42,0,69,2,11,4,2,19,10,30,46,2,88,108,0,108,196
11/30/2000,GFK,ND,AGL,CE,Towers with Display (VFR),6,13,21,0,40,4,9,0,0,13,10,22,21,0,53,13,0,13,66
12/01/2000,GFK,ND,AGL,CE,Towers with Display (VFR),10,25,106,0,141,0,0,347,0,347,10,25,453,0,488,688,0,688,1176
12/02/2000,GFK,ND,AGL,CE,Towers with Display (VFR),9,14,43,0,66,0,0,72,0,72,9,14,115,0,138,429,0,429,567
12/03/2000,GFK,ND,AGL,CE,Towers with Display (VFR),5,4,26,0,35,2,0,116,0,118,7,4,142,0,153,239,0,239,392
12/04/2000,GFK,ND,AGL,CE,Towers with Display (VFR),8,17,48,0,73,0,0,43,0,43,8,17,91,0,116,51,0,51,167
12/05/2000,GFK,ND,AGL,CE,Towers with Display (VFR),9,21,101,0,131,0,0,421,0,421,9,21,522,0,552,576,0,576,1128
12/06/2000,GFK,ND,AGL,CE,Towers with Display (VFR),9,19,50,0,78,0,3,126,0,129,9,22,176,0,207,475,0,475,682
12/07/2000,GFK,ND,AGL,CE,Towers with Display (VFR),7,13,30,0,50,3,10,0,0,13,10,23,30,0,63,51,0,51,114
12/08/2000,GFK,ND,AGL,CE,Towers with Display (VFR),10,21,90,0,121,0,0,336,0,336,10,21,426,0,457,610,0,610,1067
12/09/2000,GFK,ND,AGL,CE,Towers with Display (VFR),4,6,2,0,12,4,11,0,0,15,8,17,2,0,27,0,0,0,27
12/10/2000,GFK,ND,AGL,CE,Towers with Display (VFR),7,5,38,0,50,0,0,126,0,126,7,5,164,0,176,238,0,238,414
12/11/2000,GFK,ND,AGL,CE,Towers with Display (VFR),8,17,63,0,88,0,0,200,0,200,8,17,263,0,288,300,0,300,588
12/12/2000,GFK,ND,AGL,CE,Towers with Display (VFR),10,19,85,0,114,0,0,331,0,331,10,19,416,0,445,541,0,541,986
12/13/2000,GFK,ND,AGL,CE,Towers with Display (VFR),9,22,103,0,134,0,0,324,0,324,9,22,427,0,458,576,0,576,1034
12/14/2000,GFK,ND,AGL,CE,Towers with Display (VFR),10,25,79,0,114,0,0,254,4,258,10,25,333,4,372,499,0,499,871
12/15/2000,GFK,ND,AGL,CE,Towers with Display (VFR),10,26,63,0,99,0,0,130,0,130,10,26,193,0,229,324,0,324,553
12/16/2000,GFK,ND,AGL,CE,Towers with Display (VFR),2,7,2,0,11,3,9,0,0,12,5,16,2,0,23,0,0,0,23
12/17/2000,GFK,ND,AGL,CE,Towers with Display (VFR),4,4,22,0,30,3,0,68,0,71,7,4,90,0,101,134,0,134,235
12/18/2000,GFK,ND,AGL,CE,Towers with Display (VFR),4,12,33,0,49,0,7,3,0,10,4,19,36,0,59,38,0,38,97
12/19/2000,GFK,ND,AGL,CE,Towers with Display (VFR),9,21,65,1,96,0,0,241,0,241,9,21,306,1,337,614,0,614,951
12/20/2000,GFK,ND,AGL,CE,Towers with Display (VFR),4,9,8,0,21,3,11,0,1,15,7,20,8,1,36,0,0,0,36
12/21/2000,GFK,ND,AGL,CE,Towers with Display (VFR),7,14,39,0,60,1,7,10,0,18,8,21,49,0,78,45,0,45,123
12/22/2000,GFK,ND,AGL,CE,Towers with Display (VFR),7,16,42,0,65,3,9,81,0,93,10,25,123,0,158,179,0,179,337
12/23/2000,GFK,ND,AGL,CE,Towers with Display (VFR),3,6,14,0,23,4,11,0,0,15,7,17,14,0,38,26,0,26,64
12/24/2000,GFK,ND,AGL,CE,Towers with Display (VFR),1,2,3,0,6,5,3,0,0,8,6,5,3,0,14,0,0,0,14
12/25/2000,GFK,ND,AGL,CE,Towers with Display (VFR),1,5,4,0,10,6,1,0,0,7,7,6,4,0,17,0,0,0,17
12/26/2000,GFK,ND,AGL,CE,Towers with Display (VFR),5,12,32,0,49,2,8,32,0,42,7,20,64,0,91,70,0,70,161
12/27/2000,GFK,ND,AGL,CE,Towers with Display (VFR),7,15,39,0,61,4,5,37,0,46,11,20,76,0,107,64,0,64,171
12/28/2000,GFK,ND,AGL,CE,Towers with Display (VFR),4,9,4,0,17,3,17,0,0,20,7,26,4,0,37,0,0,0,37
12/29/2000,GFK,ND,AGL,CE,Towers with Display (VFR),5,11,29,0,45,7,12,0,0,19,12,23,29,0,64,63,0,63,127
12/30/2000,GFK,ND,AGL,CE,Towers with Display (VFR),3,7,14,0,24,5,10,0,0,15,8,17,14,0,39,22,0,22,61
12/31/2000,GFK,ND,AGL,CE,Towers with Display (VFR),1,2,8,0,11,3,4,8,0,15,4,6,16,0,26,6,0,6,32
01/01/2001,GFK,ND,AGL,CE,Towers with Display (VFR),0,4,10,0,14,7,2,2,0,11,7,6,12,0,25,2,0,2,27
01/02/2001,GFK,ND,AGL,CE,Towers with Display (VFR),4,6,24,0,34,5,10,1,0,16,9,16,25,0,50,41,0,41,91
01/03/2001,GFK,ND,AGL,CE,Towers with Display (VFR),9,14,52,0,75,1,12,43,0,56,10,26,95,0,131,164,0,164,295
01/04/2001,GFK,ND,AGL,CE,Towers with Display (VFR),8,12,43,0,63,3,17,56,0,76,11,29,99,0,139,70,0,70,209
01/05/2001,GFK,ND,AGL,CE,Towers with Display (VFR),11,20,68,0,99,0,6,137,0,143,11,26,205,0,242,313,0,313,555
01/06/2001,GFK,ND,AGL,CE,Towers with Display (VFR),6,8,27,0,41,2,11,8,0,21,8,19,35,0,62,70,0,70,132
01/07/2001,GFK,ND,AGL,CE,Towers with Display (VFR),3,5,15,0,23,4,2,6,0,12,7,7,21,0,35,132,0,132,167
01/08/2001,GFK,ND,AGL,CE,Towers with Display (VFR),9,13,43,1,66,0,9,62,0,71,9,22,105,1,137,165,0,165,302
01/09/2001,GFK,ND,AGL,CE,Towers with Display (VFR),11,23,103,0,137,0,0,247,0,247,11,23,350,0,384,343,0,343,727
01/10/2001,GFK,ND,AGL,CE,Towers with Display (VFR),10,26,112,3,151,0,0,252,18,270,10,26,364,21,421,490,0,490,911
01/11/2001,GFK,ND,AGL,CE,Towers with Display (VFR),10,23,101,3,137,0,0,270,3,273,10,23,371,6,410,561,0,561,971
01/12/2001,GFK,ND,AGL,CE,Towers with Display (VFR),9,18,56,2,85,1,7,94,7,109,10,25,150,9,194,287,0,287,481
01/13/2001,GFK,ND,AGL,CE,Towers with Display (VFR),3,6,3,0,12,5,10,0,0,15,8,16,3,0,27,0,0,0,27
01/14/2001,GFK,ND,AGL,CE,Towers with Display (VFR),1,3,1,0,5,8,1,0,0,9,9,4,1,0,14,0,0,0,14
01/15/2001,GFK,ND,AGL,CE,Towers with Display (VFR),5,11,33,0,49,4,10,12,0,26,9,21,45,0,75,272,0,272,347
01/16/2001,GFK,ND,AGL,CE,Towers with Display (VFR),9,18,58,0,85,2,9,74,0,85,11,27,132,0,170,213,0,213,383
01/17/2001,GFK,ND,AGL,CE,Towers with Display (VFR),12,22,77,1,112,1,0,259,7,267,13,22,336,8,379,458,0,458,837
01/18/2001,GFK,ND,AGL,CE,Towers with Display (VFR),6,12,25,0,43,5,12,0,0,17,11,24,25,0,60,0,0,0,60
01/19/2001,GFK,ND,AGL,CE,Towers with Display (VFR),11,22,140,3,176,0,0,422,7,429,11,22,562,10,605,662,0,662,1267
01/20/2001,GFK,ND,AGL,CE,Towers with Display (VFR),8,15,69,0,92,0,0,393,0,393,8,15,462,0,485,525,0,525,1010
01/21/2001,GFK,ND,AGL,CE,Towers with Display (VFR),7,6,50,1,64,2,0,141,1,144,9,6,191,2,208,441,0,441,649
01/22/2001,GFK,ND,AGL,CE,Towers with Display (VFR),9,23,102,0,134,0,0,442,0,442,9,23,544,0,576,665,0,665,1241
01/23/2001,GFK,ND,AGL,CE,Towers with Display (VFR),10,21,114,2,147,0,0,389,0,389,10,21,503,2,536,725,0,725,1261
01/24/2001,GFK,ND,AGL,CE,Towers with Display (VFR),10,22,103,0,135,0,0,393,0,393,10,22,496,0,528,737,0,737,1265
01/25/2001,GFK,ND,AGL,CE,Towers with Display (VFR),11,23,92,0,126,0,0,333,0,333,11,23,425,0,459,790,0,790,1249
01/26/2001,GFK,ND,AGL,CE,Towers with Display (VFR),6,13,38,0,57,4,12,123,0,139,10,25,161,0,196,410,0,410,606
01/27/2001,GFK,ND,AGL,CE,Towers with Display (VFR),8,18,56,0,82,0,2,292,0,294,8,20,348,0,376,630,0,630,1006
01/28/2001,GFK,ND,AGL,CE,Towers with Display (VFR),7,7,44,0,58,0,0,217,0,217,7,7,261,0,275,609,0,609,884
01/29/2001,GFK,ND,AGL,CE,Towers with Display (VFR),5,10,31,0,46,0,10,19,0,29,5,20,50,0,75,39,0,39,114
01/30/2001,GFK,ND,AGL,CE,Towers with Display (VFR),5,10,14,0,29,6,16,0,0,22,11,26,14,0,51,118,0,118,169
01/31/2001,GFK,ND,AGL,CE,Towers with Display (VFR),10,22,67,1,100,1,5,172,0,178,11,27,239,1,278,274,0,274,552
02/01/2001,GFK,ND,AGL,CE,Towers with Display (VFR),9,15,74,0,98,2,8,42,0,52,11,23,116,0,150,142,0,142,292
02/02/2001,GFK,ND,AGL,CE,Towers with Display (VFR),5,8,42,0,55,4,17,14,2,37,9,25,56,2,92,86,0,86,178
02/03/2001,GFK,ND,AGL,CE,Towers with Display (VFR),5,7,40,0,52,4,9,183,0,196,9,16,223,0,248,478,0,478,726
02/04/2001,GFK,ND,AGL,CE,Towers with Display (VFR),3,5,23,0,31,4,1,39,0,44,7,6,62,0,75,140,0,140,215
02/05/2001,GFK,ND,AGL,CE,Towers with Display (VFR),9,18,95,0,122,0,0,391,0,391,9,18,486,0,513,1013,0,1013,1526
02/06/2001,GFK,ND,AGL,CE,Towers with Display (VFR),8,14,66,0,88,3,10,205,0,218,11,24,271,0,306,651,0,651,957
02/07/2001,GFK,ND,AGL,CE,Towers with Display (VFR),11,18,130,0,159,0,0,362,0,362,11,18,492,0,521,1188,0,1188,1709
02/08/2001,GFK,ND,AGL,CE,Towers with Display (VFR),8,14,63,0,85,5,11,106,0,122,13,25,169,0,207,472,0,472,679
02/09/2001,GFK,ND,AGL,CE,Towers with Display (VFR),11,23,127,0,161,0,0,362,2,364,11,23,489,2,525,847,0,847,1372
02/10/2001,GFK,ND,AGL,CE,Towers with Display (VFR),8,16,99,0,123,0,0,408,0,408,8,16,507,0,531,825,0,825,1356
02/11/2001,GFK,ND,AGL,CE,Towers with Display (VFR),4,6,35,0,45,1,0,99,0,100,5,6,134,0,145,510,0,510,655
02/12/2001,GFK,ND,AGL,CE,Towers with Display (VFR),9,17,80,0,106,0,3,214,0,217,9,20,294,0,323,747,0,747,1070
02/13/2001,GFK,ND,AGL,CE,Towers with Display (VFR),11,24,115,0,150,0,2,313,0,315,11,26,428,0,465,666,0,666,1131
02/14/2001,GFK,ND,AGL,CE,Towers with Display (VFR),10,22,121,0,153,0,0,508,0,508,10,22,629,0,661,1030,2,1032,1693
02/15/2001,GFK,ND,AGL,CE,Towers with Display (VFR),9,19,88,0,116,2,3,153,0,158,11,22,241,0,274,556,0,556,830
02/16/2001,GFK,ND,AGL,CE,Towers with Display (VFR),11,21,122,0,154,0,0,350,0,350,11,21,472,0,504,638,0,638,1142
02/17/2001,GFK,ND,AGL,CE,Towers with Display (VFR),8,13,73,0,94,1,0,364,0,365,9,13,437,0,459,590,0,590,1049
02/18/2001,GFK,ND,AGL,CE,Towers with Display (VFR),4,6,39,0,49,3,0,231,0,234,7,6,270,0,283,811,0,811,1094
02/19/2001,GFK,ND,AGL,CE,Towers with Display (VFR),8,18,118,1,145,0,0,355,1,356,8,18,473,2,501,1202,0,1202,1703
02/20/2001,GFK,ND,AGL,CE,Towers with Display (VFR),11,23,125,0,159,0,0,258,0,258,11,23,383,0,417,786,0,786,1203
02/21/2001,GFK,ND,AGL,CE,Towers with Display (VFR),10,19,90,0,119,1,4,326,0,331,11,23,416,0,450,795,0,795,1245
02/22/2001,GFK,ND,AGL,CE,Towers with Display (VFR),10,21,99,0,130,0,2,178,0,180,10,23,277,0,310,729,0,729,1039
02/23/2001,GFK,ND,AGL,CE,Towers with Display (VFR),10,23,122,0,155,0,0,405,0,405,10,23,527,0,560,1042,0,1042,1602
02/24/2001,GFK,ND,AGL,CE,Towers with Display (VFR),1,2,6,0,9,5,7,0,0,12,6,9,6,0,21,0,0,0,21
02/25/2001,GFK,ND,AGL,CE,Towers with Display (VFR),1,2,10,0,13,6,5,0,0,11,7,7,10,0,24,8,0,8,32
02/26/2001,GFK,ND,AGL,CE,Towers with Display (VFR),9,18,122,0,149,0,0,326,5,331,9,18,448,5,480,831,0,831,1311
02/27/2001,GFK,ND,AGL,CE,Towers with Display (VFR),11,25,116,0,152,0,0,356,5,361,11,25,472,5,513,880,0,880,1393
02/28/2001,GFK,ND,AGL,CE,Towers with Display (VFR),11,24,118,0,153,0,0,349,2,351,11,24,467,2,504,949,0,949,1453
03/01/2001,GFK,ND,AGL,CE,Towers with Display (VFR),11,23,123,1,158,0,0,436,3,439,11,23,559,4,597,1155,0,1155,1752
03/02/2001,GFK,ND,AGL,CE,Towers with Display (VFR),11,23,102,0,136,0,0,477,0,477,11,23,579,0,613,1207,0,1207,1820
03/03/2001,GFK,ND,AGL,CE,Towers with Display (VFR),8,17,84,0,109,0,0,409,0,409,8,17,493,0,518,952,0,952,1470
03/04/2001,GFK,ND,AGL,CE,Towers with Display (VFR),5,6,34,0,45,2,0,236,0,238,7,6,270,0,283,556,0,556,839
03/05/2001,GFK,ND,AGL,CE,Towers with Display (VFR),8,17,97,1,123,0,0,381,0,381,8,17,478,1,504,1096,0,1096,1600
03/06/2001,GFK,ND,AGL,CE,Towers with Display (VFR),11,22,95,1,129,0,0,286,6,292,11,22,381,7,421,941,0,941,1362
03/07/2001,GFK,ND,AGL,CE,Towers with Display (VFR),10,17,63,0,90,1,5,122,0,128,11,22,185,0,218,677,0,677,895
03/08/2001,GFK,ND,AGL,CE,Towers with Display (VFR),11,26,94,1,132,0,0,157,1,158,11,26,251,2,290,760,0,760,1050
03/09/2001,GFK,ND,AGL,CE,Towers with Display (VFR),9,16,51,0,76,2,9,0,2,13,11,25,51,2,89,24,0,24,113
03/10/2001,GFK,ND,AGL,CE,Towers with Display (VFR),6,12,41,0,59,2,5,110,0,117,8,17,151,0,176,248,0,248,424
03/11/2001,GFK,ND,AGL,CE,Towers with Display (VFR),5,8,36,1,50,2,0,121,1,124,7,8,157,2,174,325,0,325,499
03/12/2001,GFK,ND,AGL,CE,Towers with Display (VFR),7,16,52,0,75,2,10,97,0,109,9,26,149,0,184,580,0,580,764
03/13/2001,GFK,ND,AGL,CE,Towers with Display (VFR),10,20,68,0,98,1,2,135,0,138,11,22,203,0,236,496,0,496,732
03/14/2001,GFK,ND,AGL,CE,Towers with Display (VFR),8,16,48,1,73,3,8,0,1,12,11,24,48,2,85,24,0,24,109
03/15/2001,GFK,ND,AGL,CE,Towers with Display (VFR),11,24,97,2,134,0,0,191,0,191,11,24,288,2,325,816,0,816,1141
03/16/2001,GFK,ND,AGL,CE,Towers with Display (VFR),11,21,72,0,104,0,2,179,0,181,11,23,251,0,285,601,0,601,886
03/17/2001,GFK,ND,AGL,CE,Towers with Display (VFR),4,9,29,0,42,6,7,66,0,79,10,16,95,0,121,288,0,288,409
03/18/2001,GFK,ND,AGL,CE,Towers with Display (VFR),2,6,18,0,26,5,3,2,0,10,7,9,20,0,36,108,0,108,144
03/19/2001,GFK,ND,AGL,CE,Towers with Display (VFR),6,13,44,1,64,5,8,0,1,14,11,21,44,2,78,2,0,2,80
03/20/2001,GFK,ND,AGL,CE,Towers with Display (VFR),16,21,114,0,151,0,0,397,0,397,16,21,511,0,548,870,0,870,1418
03/21/2001,GFK,ND,AGL,CE,Towers with Display (VFR),12,26,102,1,141,0,0,433,0,433,12,26,535,1,574,911,0,911,1485
03/22/2001,GFK,ND,AGL,CE,Towers with Display (VFR),11,22,106,1,140,0,0,353,0,353,11,22,459,1,493,832,0,832,1325
03/23/2001,GFK,ND,AGL,CE,Towers with Display (VFR),9,18,62,0,89,2,3,125,2,132,11,21,187,2,221,255,0,255,476
03/24/2001,GFK,ND,AGL,CE,Towers with Display (VFR),8,16,58,0,82,0,0,159,0,159,8,16,217,0,241,430,0,430,671
03/25/2001,GFK,ND,AGL,CE,Towers with Display (VFR),7,8,62,0,77,0,0,215,0,215,7,8,277,0,292,518,0,518,810
03/26/2001,GFK,ND,AGL,CE,Towers with Display (VFR),9,17,98,0,124,0,0,461,0,461,9,17,559,0,585,1088,0,1088,1673
03/27/2001,GFK,ND,AGL,CE,Towers with Display (VFR),10,23,97,0,130,0,0,345,0,345,10,23,442,0,475,1006,0,1006,1481
03/28/2001,GFK,ND,AGL,CE,Towers with Display (VFR),5,12,17,0,34,6,16,0,0,22,11,28,17,0,56,10,0,10,66
03/29/2001,GFK,ND,AGL,CE,Towers with Display (VFR),4,10,16,0,30,7,12,0,0,19,11,22,16,0,49,82,0,82,131
03/30/2001,GFK,ND,AGL,CE,Towers with Display (VFR),5,10,27,0,42,5,14,0,0,19,10,24,27,0,61,19,0,19,80
03/31/2001,GFK,ND,AGL,CE,Towers with Display (VFR),3,7,19,0,29,5,9,0,0,14,8,16,19,0,43,39,0,39,82
04/01/2001,GFK,ND,AGL,CE,Towers with Display (VFR),7,6,3,0,16,0,0,7,0,7,7,6,10,0,23,26,0,26,49
04/02/2001,GFK,ND,AGL,CE,Towers with Display (VFR),9,19,131,0,159,0,1,424,0,425,9,20,555,0,584,1287,0,1287,1871
04/03/2001,GFK,ND,AGL,CE,Towers with Display (VFR),13,27,99,2,141,0,0,457,0,457,13,27,556,2,598,1083,0,1083,1681
04/04/2001,GFK,ND,AGL,CE,Towers with Display (VFR),11,20,16,0,47,0,0,24,0,24,11,20,40,0,71,150,0,150,221
04/05/2001,GFK,ND,AGL,CE,Towers with Display (VFR),10,25,77,1,113,0,2,105,1,108,10,27,182,2,221,546,0,546,767
04/06/2001,GFK,ND,AGL,CE,Towers with Display (VFR),11,20,160,1,192,0,5,118,0,123,11,25,278,1,315,446,0,446,761
04/07/2001,GFK,ND,AGL,CE,Towers with Display (VFR),13,14,1,0,28,0,0,0,0,0,13,14,1,0,28,0,0,0,28
04/08/2001,GFK,ND,AGL,CE,Towers with Display (VFR),6,6,51,0,63,0,2,362,0,364,6,8,413,0,427,646,0,646,1073
04/09/2001,GFK,ND,AGL,CE,Towers with Display (VFR),5,10,44,0,59,4,8,42,0,54,9,18,86,0,113,284,0,284,397
04/10/2001,GFK,ND,AGL,CE,Towers with Display (VFR),13,20,134,0,167,0,0,42,0,42,13,20,176,0,209,2,0,2,211
04/11/2001,GFK,ND,AGL,CE,Towers with Display (VFR),9,20,77,2,108,0,1,27,0,28,9,21,104,2,136,280,0,280,416
04/12/2001,GFK,ND,AGL,CE,Towers with Display (VFR),13,20,106,0,139,1,0,195,4,200,14,20,301,4,339,405,0,405,744
04/13/2001,GFK,ND,AGL,CE,Towers with Display (VFR),11,23,35,2,71,0,0,100,2,102,11,23,135,4,173,395,0,395,568
04/14/2001,GFK,ND,AGL,CE,Towers with Display (VFR),8,16,68,0,92,0,0,260,6,266,8,16,328,6,358,473,0,473,831
04/15/2001,GFK,ND,AGL,CE,Towers with Display (VFR),6,6,4,0,16,0,0,2,0,2,6,6,6,0,18,0,0,0,18
04/16/2001,GFK,ND,AGL,CE,Towers with Display (VFR),9,19,53,5,86,0,2,98,5,105,9,21,151,10,191,128,0,128,319
04/17/2001,GFK,ND,AGL,CE,Towers with Display (VFR),13,10,131,0,154,0,0,441,0,441,13,10,572,0,595,923,0,923,1518
04/18/2001,GFK,ND,AGL,CE,Towers with Display (VFR),11,25,122,1,159,0,1,526,1,528,11,26,648,2,687,966,0,966,1653
04/19/2001,GFK,ND,AGL,CE,Towers with Display (VFR),11,21,139,0,171,0,0,445,7,452,11,21,584,7,623,1030,0,1030,1653
04/20/2001,GFK,ND,AGL,CE,Towers with Display (VFR),10,20,189,0,219,0,0,49,0,49,10,20,238,0,268,393,0,393,661
04/21/2001,GFK,ND,AGL,CE,Towers with Display (VFR),9,19,6,0,34,0,2,5,0,7,9,21,11,0,41,60,0,60,101
04/22/2001,GFK,ND,AGL,CE,Towers with Display (VFR),6,8,8,3,25,0,0,11,0,11,6,8,19,3,36,214,16,230,266
04/23/2001,GFK,ND,AGL,CE,Towers with Display (VFR),10,21,122,0,153,0,0,388,2,390,10,21,510,2,543,774,0,774,1317
04/24/2001,GFK,ND,AGL,CE,Towers with Display (VFR),11,21,114,0,146,0,0,453,0,453,11,21,567,0,599,774,0,774,1373
04/25/2001,GFK,ND,AGL,CE,Towers with Display (VFR),11,24,102,0,137,0,0,416,0,416,11,24,518,0,553,888,0,888,1441
04/26/2001,GFK,ND,AGL,CE,Towers with Display (VFR),10,20,94,1,125,0,0,417,1,418,10,20,511,2,543,945,0,945,1488
04/27/2001,GFK,ND,AGL,CE,Towers with Display (VFR),10,20,87,0,117,0,1,306,0,307,10,21,393,0,424,688,0,688,1112
04/28/2001,GFK,ND,AGL,CE,Towers with Display (VFR),8,16,51,0,75,0,0,164,0,164,8,16,215,0,239,284,0,284,523
04/29/2001,GFK,ND,AGL,CE,Towers with Display (VFR),7,4,13,0,24,0,0,14,0,14,7,4,27,0,38,88,0,88,126
04/30/2001,GFK,ND,AGL,CE,Towers with Display (VFR),11,17,82,0,110,0,0,312,0,312,11,17,394,0,422,672,0,672,1094
05/01/2001,GFK,ND,AGL,CE,Towers with Display (VFR),16,20,37,0,73,0,1,144,0,145,16,21,181,0,218,470,0,470,688
05/02/2001,GFK,ND,AGL,CE,Towers with Display (VFR),10,21,97,0,128,0,0,334,0,334,10,21,431,0,462,722,0,722,1184
05/03/2001,GFK,ND,AGL,CE,Towers with Display (VFR),10,22,102,0,134,0,1,406,0,407,10,23,508,0,541,885,0,885,1426
05/04/2001,GFK,ND,AGL,CE,Towers with Display (VFR),11,22,104,0,137,0,0,433,0,433,11,22,537,0,570,1052,0,1052,1622
05/05/2001,GFK,ND,AGL,CE,Towers with Display (VFR),8,15,41,0,64,0,0,149,0,149,8,15,190,0,213,400,0,400,613
05/06/2001,GFK,ND,AGL,CE,Towers with Display (VFR),6,6,9,0,21,0,0,2,0,2,6,6,11,0,23,2,0,2,25
05/07/2001,GFK,ND,AGL,CE,Towers with Display (VFR),9,19,75,0,103,0,1,94,0,95,9,20,169,0,198,303,0,303,501
05/08/2001,GFK,ND,AGL,CE,Towers with Display (VFR),11,19,85,0,115,0,0,359,0,359,11,19,444,0,474,881,0,881,1355
05/09/2001,GFK,ND,AGL,CE,Towers with Display (VFR),11,24,92,0,127,0,6,374,0,380,11,30,466,0,507,930,0,930,1437
05/10/2001,GFK,ND,AGL,CE,Towers with Display (VFR),11,22,129,0,162,0,0,440,0,440,11,22,569,0,602,1474,0,1474,2076
05/11/2001,GFK,ND,AGL,CE,Towers with Display (VFR),11,20,71,0,102,0,3,219,0,222,11,23,290,0,324,939,0,939,1263
05/12/2001,GFK,ND,AGL,CE,Towers with Display (VFR),8,17,37,0,62,0,1,184,0,185,8,18,221,0,247,1110,0,1110,1357
05/13/2001,GFK,ND,AGL,CE,Towers with Display (VFR),7,6,16,0,29,0,1,165,0,166,7,7,181,0,195,1125,0,1125,1320
05/14/2001,GFK,ND,AGL,CE,Towers with Display (VFR),9,18,57,1,85,0,0,299,3,302,9,18,356,4,387,916,0,916,1303
05/15/2001,GFK,ND,AGL,CE,Towers with Display (VFR),7,15,57,0,79,2,5,227,0,234,9,20,284,0,313,1032,0,1032,1345
05/16/2001,GFK,ND,AGL,CE,Towers with Display (VFR),10,24,26,1,61,0,0,199,0,199,10,24,225,1,260,82,0,82,342
05/17/2001,GFK,ND,AGL,CE,Towers with Display (VFR),12,22,44,1,79,0,0,172,1,173,12,22,216,2,252,826,0,826,1078
05/18/2001,GFK,ND,AGL,CE,Towers with Display (VFR),11,20,38,3,72,0,0,132,2,134,11,20,170,5,206,965,2,967,1173
05/19/2001,GFK,ND,AGL,CE,Towers with Display (VFR),11,21,41,3,76,0,0,170,0,170,11,21,211,3,246,850,0,850,1096
05/20/2001,GFK,ND,AGL,CE,Towers with Display (VFR),7,6,67,3,83,0,2,102,0,104,7,8,169,3,187,164,0,164,351
05/21/2001,GFK,ND,AGL,CE,Towers with Display (VFR),10,19,57,0,86,0,0,114,0,114,10,19,171,0,200,343,0,343,543
05/22/2001,GFK,ND,AGL,CE,Towers with Display (VFR),11,20,27,0,58,0,0,8,0,8,11,20,35,0,66,2,0,2,68
05/23/2001,GFK,ND,AGL,CE,Towers with Display (VFR),11,23,44,0,78,0,0,5,0,5,11,23,49,0,83,8,0,8,91
05/24/2001,GFK,ND,AGL,CE,Towers with Display (VFR),11,26,183,0,220,0,0,267,0,267,11,26,450,0,487,632,0,632,1119
05/25/2001,GFK,ND,AGL,CE,Towers with Display (VFR),11,22,160,2,195,0,1,305,0,306,11,23,465,2,501,775,0,775,1276
05/26/2001,GFK,ND,AGL,CE,Towers with Display (VFR),9,18,100,0,127,0,0,157,0,157,9,18,257,0,284,527,0,527,811
05/27/2001,GFK,ND,AGL,CE,Towers with Display (VFR),6,6,41,0,53,0,0,17,0,17,6,6,58,0,70,42,0,42,112
05/28/2001,GFK,ND,AGL,CE,Towers with Display (VFR),7,8,81,0,96,0,0,345,0,345,7,8,426,0,441,780,0,780,1221
05/29/2001,GFK,ND,AGL,CE,Towers with Display (VFR),9,18,134,0,161,0,0,306,0,306,9,18,440,0,467,914,0,914,1381
05/30/2001,GFK,ND,AGL,CE,Towers with Display (VFR),11,22,117,0,150,0,0,304,0,304,11,22,421,0,454,855,0,855,1309
05/31/2001,GFK,ND,AGL,CE,Towers with Display (VFR),11,17,78,2,108,0,0,175,2,177,11,17,253,4,285,376,0,376,661
06/01/2001,GFK,ND,AGL,CE,Towers with Display (VFR),11,18,123,0,152,0,2,119,1,122,11,20,242,1,274,380,0,380,654
06/02/2001,GFK,ND,AGL,CE,Towers with Display (VFR),8,13,108,0,129,0,0,224,5,229,8,13,332,5,358,467,0,467,825
06/03/2001,GFK,ND,AGL,CE,Towers with Display (VFR),7,2,49,0,58,0,0,225,0,225,7,2,274,0,283,346,0,346,629
06/04/2001,GFK,ND,AGL,CE,Towers with Display (VFR),9,15,101,0,125,0,0,343,0,343,9,15,444,0,468,687,0,687,1155
06/05/2001,GFK,ND,AGL,CE,Towers with Display (VFR),14,16,109,0,139,0,0,169,0,169,14,16,278,0,308,506,0,506,814
06/06/2001,GFK,ND,AGL,CE,Towers with Display (VFR),11,21,51,0,83,0,0,22,0,22,11,21,73,0,105,107,0,107,212
06/07/2001,GFK,ND,AGL,CE,Towers with Display (VFR),13,15,131,1,160,0,0,173,1,174,13,15,304,2,334,590,0,590,924
06/08/2001,GFK,ND,AGL,CE,Towers with Display (VFR),11,17,72,1,101,0,0,327,0,327,11,17,399,1,428,573,0,573,1001
06/09/2001,GFK,ND,AGL,CE,Towers with Display (VFR),8,13,47,0,68,0,1,169,0,170,8,14,216,0,238,336,0,336,574
06/10/2001,GFK,ND,AGL,CE,Towers with Display (VFR),9,4,34,0,47,0,0,114,0,114,9,4,148,0,161,171,0,171,332
06/11/2001,GFK,ND,AGL,CE,Towers with Display (VFR),11,15,32,0,58,0,0,117,0,117,11,15,149,0,175,366,0,366,541
06/12/2001,GFK,ND,AGL,CE,Towers with Display (VFR),10,17,72,2,101,0,2,233,4,239,10,19,305,6,340,526,0,526,866
06/13/2001,GFK,ND,AGL,CE,Towers with Display (VFR),13,19,82,2,116,0,3,66,6,75,13,22,148,8,191,216,0,216,407
06/14/2001,GFK,ND,AGL,CE,Towers with Display (VFR),11,19,101,0,131,0,1,15,18,34,11,20,116,18,165,0,0,0,165
06/15/2001,GFK,ND,AGL,CE,Towers with Display (VFR),11,17,97,5,130,0,1,276,2,279,11,18,373,7,409,404,0,404,813
06/16/2001,GFK,ND,AGL,CE,Towers with Display (VFR),8,14,48,0,70,0,0,392,0,392,8,14,440,0,462,626,0,626,1088
06/17/2001,GFK,ND,AGL,CE,Towers with Display (VFR),7,2,33,0,42,0,0,201,2,203,7,2,234,2,245,225,0,225,470
06/18/2001,GFK,ND,AGL,CE,Towers with Display (VFR),10,15,56,0,81,1,0,129,1,131,11,15,185,1,212,329,0,329,541
06/19/2001,GFK,ND,AGL,CE,Towers with Display (VFR),11,18,73,5,107,0,2,275,0,277,11,20,348,5,384,324,0,324,708
06/20/2001,GFK,ND,AGL,CE,Towers with Display (VFR),11,18,62,2,93,0,0,200,0,200,11,18,262,2,293,439,0,439,732
06/21/2001,GFK,ND,AGL,CE,Towers with Display (VFR),10,18,109,7,144,0,0,494,2,496,10,18,603,9,640,681,0,681,1321
06/22/2001,GFK,ND,AGL,CE,Towers with Display (VFR),11,17,72,6,106,0,1,408,0,409,11,18,480,6,515,789,0,789,1304
06/23/2001,GFK,ND,AGL,CE,Towers with Display (VFR),6,10,44,0,60,2,4,212,7,225,8,14,256,7,285,571,0,571,856
06/24/2001,GFK,ND,AGL,CE,Towers with Display (VFR),7,2,23,0,32,0,0,90,0,90,7,2,113,0,122,242,0,242,364
06/25/2001,GFK,ND,AGL,CE,Towers with Display (VFR),10,23,39,2,74,0,16,162,4,182,10,39,201,6,256,497,0,497,753
06/26/2001,GFK,ND,AGL,CE,Towers with Display (VFR),10,24,77,2,113,0,2,351,2,355,10,26,428,4,468,947,0,947,1415
06/27/2001,GFK,ND,AGL,CE,Towers with Display (VFR),10,21,68,3,102,1,3,292,1,297,11,24,360,4,399,755,0,755,1154
06/28/2001,GFK,ND,AGL,CE,Towers with Display (VFR),12,22,68,0,102,0,0,237,6,243,12,22,305,6,345,593,6,599,944
06/29/2001,GFK,ND,AGL,CE,Towers with Display (VFR),11,23,72,1,107,0,0,320,7,327,11,23,392,8,434,869,0,869,1303
06/30/2001,GFK,ND,AGL,CE,Towers with Display (VFR),8,13,79,0,100,0,0,147,0,147,8,13,226,0,247,460,0,460,707
07/01/2001,GFK,ND,AGL,CE,Towers with Display (VFR),7,4,53,0,64,0,0,149,4,153,7,4,202,4,217,482,0,482,699
07/02/2001,GFK,ND,AGL,CE,Towers with Display (VFR),1,14,89,0,104,0,0,219,0,219,1,14,308,0,323,604,0,604,927
07/03/2001,GFK,ND,AGL,CE,Towers with Display (VFR),0,16,85,0,101,0,1,289,0,290,0,17,374,0,391,349,0,349,740
07/04/2001,GFK,ND,AGL,CE,Towers with Display (VFR),0,0,3,0,3,0,0,21,0,21,0,0,24,0,24,6,0,6,30
07/05/2001,GFK,ND,AGL,CE,Towers with Display (VFR),0,14,71,0,85,3,0,246,2,251,3,14,317,2,336,529,0,529,865
07/06/2001,GFK,ND,AGL,CE,Towers with Display (VFR),0,15,64,0,79,1,0,171,0,172,1,15,235,0,251,259,0,259,510
07/07/2001,GFK,ND,AGL,CE,Towers with Display (VFR),0,11,70,0,81,0,0,191,0,191,0,11,261,0,272,354,0,354,626
07/08/2001,GFK,ND,AGL,CE,Towers with Display (VFR),0,1,19,0,20,0,1,122,0,123,0,2,141,0,143,185,0,185,328
07/09/2001,GFK,ND,AGL,CE,Towers with Display (VFR),0,9,89,0,98,0,1,305,3,309,0,10,394,3,407,483,0,483,890
07/10/2001,GFK,ND,AGL,CE,Towers with Display (VFR),0,14,86,0,100,0,2,339,0,341,0,16,425,0,441,397,0,397,838
07/11/2001,GFK,ND,AGL,CE,Towers with Display (VFR),0,16,95,0,111,0,6,325,0,331,0,22,420,0,442,441,0,441,883
07/12/2001,GFK,ND,AGL,CE,Towers with Display (VFR),0,16,116,0,132,0,0,307,0,307,0,16,423,0,439,378,0,378,817
07/13/2001,GFK,ND,AGL,CE,Towers with Display (VFR),0,15,86,0,101,0,1,189,0,190,0,16,275,0,291,234,0,234,525
07/14/2001,GFK,ND,AGL,CE,Towers with Display (VFR),0,10,55,2,67,0,1,166,0,167,0,11,221,2,234,171,0,171,405
07/15/2001,GFK,ND,AGL,CE,Towers with Display (VFR),0,1,38,0,39,0,0,102,0,102,0,1,140,0,141,151,0,151,292
07/16/2001,GFK,ND,AGL,CE,Towers with Display (VFR),0,15,69,0,84,0,0,58,0,58,0,15,127,0,142,255,2,257,399
07/17/2001,GFK,ND,AGL,CE,Towers with Display (VFR),0,15,41,0,56,0,1,48,0,49,0,16,89,0,105,82,0,82,187
07/18/2001,GFK,ND,AGL,CE,Towers with Display (VFR),0,13,100,0,113,1,1,227,0,229,1,14,327,0,342,267,0,267,609
07/19/2001,GFK,ND,AGL,CE,Towers with Display (VFR),0,14,92,0,106,0,1,376,0,377,0,15,468,0,483,476,0,476,959
07/20/2001,GFK,ND,AGL,CE,Towers with Display (VFR),0,15,116,0,131,0,0,281,0,281,0,15,397,0,412,303,0,303,715
07/21/2001,GFK,ND,AGL,CE,Towers with Display (VFR),0,10,69,0,79,0,0,206,0,206,0,10,275,0,285,195,0,195,480
07/22/2001,GFK,ND,AGL,CE,Towers with Display (VFR),0,0,22,0,22,0,0,120,0,120,0,0,142,0,142,80,0,80,222
07/23/2001,GFK,ND,AGL,CE,Towers with Display (VFR),0,11,103,0,114,0,1,273,0,274,0,12,376,0,388,304,0,304,692
07/24/2001,GFK,ND,AGL,CE,Towers with Display (VFR),0,13,73,0,86,0,1,315,0,316,0,14,388,0,402,352,0,352,754
07/25/2001,GFK,ND,AGL,CE,Towers with Display (VFR),0,14,74,2,90,0,0,332,0,332,0,14,406,2,422,331,0,331,753
07/26/2001,GFK,ND,AGL,CE,Towers with Display (VFR),0,0,0,0,0,0,16,220,2,238,0,16,220,2,238,255,0,255,493
07/27/2001,GFK,ND,AGL,CE,Towers with Display (VFR),0,16,25,1,42,0,0,5,1,6,0,16,30,2,48,30,0,30,78
07/28/2001,GFK,ND,AGL,CE,Towers with Display (VFR),0,11,60,0,71,0,0,170,2,172,0,11,230,2,243,167,0,167,410
07/29/2001,GFK,ND,AGL,CE,Towers with Display (VFR),0,0,35,0,35,0,0,33,0,33,0,0,68,0,68,100,0,100,168
07/30/2001,GFK,ND,AGL,CE,Towers with Display (VFR),0,9,72,0,81,0,3,174,0,177,0,12,246,0,258,223,0,223,481
07/31/2001,GFK,ND,AGL,CE,Towers with Display (VFR),0,0,0,0,0,1,14,33,1,49,1,14,33,1,49,33,0,33,82
08/01/2001,GFK,ND,AGL,CE,Towers with Display (VFR),0,15,103,0,118,0,3,189,2,194,0,18,292,2,312,432,0,432,744
08/02/2001,GFK,ND,AGL,CE,Towers with Display (VFR),0,15,61,0,76,0,0,307,0,307,0,15,368,0,383,311,0,311,694
08/03/2001,GFK,ND,AGL,CE,Towers with Display (VFR),0,18,61,2,81,0,0,262,2,264,0,18,323,4,345,336,0,336,681
08/04/2001,GFK,ND,AGL,CE,Towers with Display (VFR),0,10,22,0,32,1,0,75,0,76,1,10,97,0,108,146,0,146,254
08/05/2001,GFK,ND,AGL,CE,Towers with Display (VFR),0,2,11,0,13,1,0,83,0,84,1,2,94,0,97,116,0,116,213
08/06/2001,GFK,ND,AGL,CE,Towers with Display (VFR),0,14,47,0,61,0,0,155,0,155,0,14,202,0,216,184,0,184,400
08/07/2001,GFK,ND,AGL,CE,Towers with Display (VFR),0,18,77,0,95,0,0,217,0,217,0,18,294,0,312,228,0,228,540
08/08/2001,GFK,ND,AGL,CE,Towers with Display (VFR),0,14,33,0,47,0,1,118,1,120,0,15,151,1,167,172,0,172,339
08/09/2001,GFK,ND,AGL,CE,Towers with Display (VFR),0,14,39,0,53,0,0,131,0,131,0,14,170,0,184,179,0,179,363
08/10/2001,GFK,ND,AGL,CE,Towers with Display (VFR),0,14,38,0,52,2,3,149,1,155,2,17,187,1,207,192,0,192,399
08/11/2001,GFK,ND,AGL,CE,Towers with Display (VFR),1,10,14,0,25,0,0,83,0,83,1,10,97,0,108,131,0,131,239
08/12/2001,GFK,ND,AGL,CE,Towers with Display (VFR),1,2,15,0,18,0,0,68,0,68,1,2,83,0,86,80,0,80,166
08/13/2001,GFK,ND,AGL,CE,Towers with Display (VFR),3,14,30,3,50,0,0,154,0,154,3,14,184,3,204,161,0,161,365
08/14/2001,GFK,ND,AGL,CE,Towers with Display (VFR),2,15,41,2,60,0,0,141,0,141,2,15,182,2,201,236,0,236,437
08/15/2001,GFK,ND,AGL,CE,Towers with Display (VFR),0,18,52,1,71,0,0,91,3,94,0,18,143,4,165,288,0,288,453
08/16/2001,GFK,ND,AGL,CE,Towers with Display (VFR),8,20,56,1,85,0,2,177,1,180,8,22,233,2,265,320,0,320,585
08/17/2001,GFK,ND,AGL,CE,Towers with Display (VFR),9,17,32,0,58,0,0,79,0,79,9,17,111,0,137,132,0,132,269
08/18/2001,GFK,ND,AGL,CE,Towers with Display (VFR),8,14,41,0,63,0,0,75,0,75,8,14,116,0,138,139,0,139,277
08/19/2001,GFK,ND,AGL,CE,Towers with Display (VFR),7,2,23,0,32,0,0,61,0,61,7,2,84,0,93,95,0,95,188
08/20/2001,GFK,ND,AGL,CE,Towers with Display (VFR),9,15,32,0,56,0,1,206,0,207,9,16,238,0,263,269,0,269,532
08/21/2001,GFK,ND,AGL,CE,Towers with Display (VFR),10,23,75,0,108,0,0,204,0,204,10,23,279,0,312,376,0,376,688
08/22/2001,GFK,ND,AGL,CE,Towers with Display (VFR),10,20,66,0,96,0,4,162,0,166,10,24,228,0,262,379,0,379,641
08/23/2001,GFK,ND,AGL,CE,Towers with Display (VFR),10,22,45,0,77,0,0,102,0,102,10,22,147,0,179,156,0,156,335
08/24/2001,GFK,ND,AGL,CE,Towers with Display (VFR),10,19,29,1,59,1,1,43,0,45,11,20,72,1,104,95,0,95,199
08/25/2001,GFK,ND,AGL,CE,Towers with Display (VFR),8,18,20,0,46,0,0,42,0,42,8,18,62,0,88,61,0,61,149
08/26/2001,GFK,ND,AGL,CE,Towers with Display (VFR),7,4,11,0,22,0,0,61,0,61,7,4,72,0,83,101,0,101,184
08/27/2001,GFK,ND,AGL,CE,Towers with Display (VFR),9,14,53,0,76,0,3,104,0,107,9,17,157,0,183,336,0,336,519
08/28/2001,GFK,ND,AGL,CE,Towers with Display (VFR),13,19,48,3,83,0,3,132,0,135,13,22,180,3,218,315,0,315,533
08/29/2001,GFK,ND,AGL,CE,Towers with Display (VFR),12,17,60,0,89,0,2,140,0,142,12,19,200,0,231,349,0,349,580
08/30/2001,GFK,ND,AGL,CE,Towers with Display (VFR),14,19,63,0,96,0,4,220,0,224,14,23,283,0,320,424,0,424,744
08/31/2001,GFK,ND,AGL,CE,Towers with Display (VFR),13,19,56,0,88,0,0,316,0,316,13,19,372,0,404,413,0,413,817
09/01/2001,GFK,ND,AGL,CE,Towers with Display (VFR),0,4,17,1,22,12,12,185,0,209,12,16,202,1,231,305,0,305,536
09/02/2001,GFK,ND,AGL,CE,Towers with Display (VFR),7,5,15,0,27,0,1,102,0,103,7,6,117,0,130,177,0,177,307
09/03/2001,GFK,ND,AGL,CE,Towers with Display (VFR),5,8,49,0,62,0,1,335,0,336,5,9,384,0,398,690,0,690,1088
09/04/2001,GFK,ND,AGL,CE,Towers with Display (VFR),9,16,59,0,84,0,4,338,0,342,9,20,397,0,426,842,0,842,1268
09/05/2001,GFK,ND,AGL,CE,Towers with Display (VFR),13,22,77,3,115,0,1,314,0,315,13,23,391,3,430,609,0,609,1039
09/06/2001,GFK,ND,AGL,CE,Towers with Display (VFR),13,26,61,0,100,0,0,257,0,257,13,26,318,0,357,613,0,613,970
09/07/2001,GFK,ND,AGL,CE,Towers with Display (VFR),12,23,148,0,183,0,0,247,0,247,12,23,395,0,430,1167,0,1167,1597
09/08/2001,GFK,ND,AGL,CE,Towers with Display (VFR),11,16,83,0,110,0,1,316,0,317,11,17,399,0,427,885,0,885,1312
09/09/2001,GFK,ND,AGL,CE,Towers with Display (VFR),10,6,38,0,54,0,0,175,0,175,10,6,213,0,229,460,0,460,689
09/10/2001,GFK,ND,AGL,CE,Towers with Display (VFR),9,22,87,0,118,0,0,464,0,464,9,22,551,0,582,900,0,900,1482
09/11/2001,GFK,ND,AGL,CE,Towers with Display (VFR),6,9,4,0,19,0,0,22,0,22,6,9,26,0,41,60,0,60,101
09/12/2001,GFK,ND,AGL,CE,Towers with Display (VFR),0,0,0,0,0,0,0,3,0,3,0,0,3,0,3,0,0,0,3
09/13/2001,GFK,ND,AGL,CE,Towers with Display (VFR),4,14,0,1,19,0,0,0,0,0,4,14,0,1,19,0,0,0,19
09/14/2001,GFK,ND,AGL,CE,Towers with Display (VFR),12,24,0,0,36,0,0,0,2,2,12,24,0,2,38,0,0,0,38
09/15/2001,GFK,ND,AGL,CE,Towers with Display (VFR),12,22,106,1,141,0,0,9,0,9,12,22,115,1,150,0,0,0,150
09/16/2001,GFK,ND,AGL,CE,Towers with Display (VFR),9,10,73,0,92,0,0,10,0,10,9,10,83,0,102,0,0,0,102
09/17/2001,GFK,ND,AGL,CE,Towers with Display (VFR),10,22,194,0,226,0,0,25,0,25,10,22,219,0,251,39,0,39,290
09/18/2001,GFK,ND,AGL,CE,Towers with Display (VFR),15,30,222,2,269,0,1,25,0,26,15,31,247,2,295,40,0,40,335
09/19/2001,GFK,ND,AGL,CE,Towers with Display (VFR),11,24,229,0,264,0,0,1,0,1,11,24,230,0,265,20,0,20,285
09/20/2001,GFK,ND,AGL,CE,Towers with Display (VFR),14,25,131,3,173,0,0,20,0,20,14,25,151,3,193,6,0,6,199
09/21/2001,GFK,ND,AGL,CE,Towers with Display (VFR),10,32,232,1,275,0,0,42,0,42,10,32,274,1,317,73,0,73,390
09/22/2001,GFK,ND,AGL,CE,Towers with Display (VFR),9,14,119,0,142,0,0,129,0,129,9,14,248,0,271,343,0,343,614
09/23/2001,GFK,ND,AGL,CE,Towers with Display (VFR),11,7,50,0,68,0,1,337,0,338,11,8,387,0,406,851,0,851,1257
09/24/2001,GFK,ND,AGL,CE,Towers with Display (VFR),7,24,93,0,124,0,1,462,2,465,7,25,555,2,589,986,0,986,1575
09/25/2001,GFK,ND,AGL,CE,Towers with Display (VFR),11,27,94,0,132,0,3,478,1,482,11,30,572,1,614,1090,0,1090,1704
09/26/2001,GFK,ND,AGL,CE,Towers with Display (VFR),11,26,113,0,150,0,0,511,0,511,11,26,624,0,661,1055,0,1055,1716
09/27/2001,GFK,ND,AGL,CE,Towers with Display (VFR),11,25,130,0,166,0,5,534,0,539,11,30,664,0,705,1214,0,1214,1919
09/28/2001,GFK,ND,AGL,CE,Towers with Display (VFR),11,23,96,0,130,0,1,495,0,496,11,24,591,0,626,958,0,958,1584
09/29/2001,GFK,ND,AGL,CE,Towers with Display (VFR),10,18,74,0,102,0,0,325,0,325,10,18,399,0,427,736,0,736,1163
09/30/2001,GFK,ND,AGL,CE,Towers with Display (VFR),9,8,62,0,79,0,0,224,0,224,9,8,286,0,303,520,0,520,823
10/01/2001,GFK,ND,AGL,CE,Towers with Display (VFR),8,23,101,0,132,0,0,408,0,408,8,23,509,0,540,982,0,982,1522
10/02/2001,GFK,ND,AGL,CE,Towers with Display (VFR),9,22,128,0,159,0,0,282,0,282,9,22,410,0,441,776,0,776,1217
10/03/2001,GFK,ND,AGL,CE,Towers with Display (VFR),12,25,140,0,177,0,1,441,0,442,12,26,581,0,619,698,0,698,1317
10/04/2001,GFK,ND,AGL,CE,Towers with Display (VFR),14,22,116,0,152,0,0,214,2,216,14,22,330,2,368,591,0,591,959
10/05/2001,GFK,ND,AGL,CE,Towers with Display (VFR),11,25,127,0,163,0,0,367,0,367,11,25,494,0,530,755,0,755,1285
10/06/2001,GFK,ND,AGL,CE,Towers with Display (VFR),13,14,93,0,120,0,0,357,0,357,13,14,450,0,477,917,0,917,1394
10/07/2001,GFK,ND,AGL,CE,Towers with Display (VFR),7,9,48,0,64,0,0,196,0,196,7,9,244,0,260,630,0,630,890
10/08/2001,GFK,ND,AGL,CE,Towers with Display (VFR),6,16,122,0,144,0,0,311,0,311,6,16,433,0,455,1186,0,1186,1641
10/09/2001,GFK,ND,AGL,CE,Towers with Display (VFR),10,22,168,0,200,0,0,324,0,324,10,22,492,0,524,1140,0,1140,1664
10/10/2001,GFK,ND,AGL,CE,Towers with Display (VFR),11,32,143,2,188,0,0,317,0,317,11,32,460,2,505,819,0,819,1324
10/11/2001,GFK,ND,AGL,CE,Towers with Display (VFR),10,25,163,0,198,0,0,379,0,379,10,25,542,0,577,871,0,871,1448
10/12/2001,GFK,ND,AGL,CE,Towers with Display (VFR),11,21,130,0,162,0,0,412,0,412,11,21,542,0,574,1133,0,1133,1707
10/13/2001,GFK,ND,AGL,CE,Towers with Display (VFR),10,14,76,0,100,0,1,321,0,322,10,15,397,0,422,927,0,927,1349
10/14/2001,GFK,ND,AGL,CE,Towers with Display (VFR),7,6,18,0,31,0,0,34,0,34,7,6,52,0,65,239,0,239,304
10/15/2001,GFK,ND,AGL,CE,Towers with Display (VFR),7,26,107,1,141,0,0,182,0,182,7,26,289,1,323,606,0,606,929
10/16/2001,GFK,ND,AGL,CE,Towers with Display (VFR),11,21,123,1,156,0,1,345,3,349,11,22,468,4,505,1115,0,1115,1620
10/17/2001,GFK,ND,AGL,CE,Towers with Display (VFR),11,23,118,2,154,0,0,314,3,317,11,23,432,5,471,555,0,555,1026
10/18/2001,GFK,ND,AGL,CE,Towers with Display (VFR),10,25,50,0,85,0,0,388,4,392,10,25,438,4,477,538,0,538,1015
10/19/2001,GFK,ND,AGL,CE,Towers with Display (VFR),11,23,31,4,69,0,4,373,0,377,11,27,404,4,446,574,0,574,1020
10/20/2001,GFK,ND,AGL,CE,Towers with Display (VFR),10,14,36,0,60,0,2,279,0,281,10,16,315,0,341,485,0,485,826
10/21/2001,GFK,ND,AGL,CE,Towers with Display (VFR),7,6,39,0,52,0,0,138,0,138,7,6,177,0,190,318,0,318,508
10/22/2001,GFK,ND,AGL,CE,Towers with Display (VFR),7,18,124,2,151,0,0,230,0,230,7,18,354,2,381,609,0,609,990
10/23/2001,GFK,ND,AGL,CE,Towers with Display (VFR),13,24,48,0,85,0,0,26,0,26,13,24,74,0,111,83,0,83,194
10/24/2001,GFK,ND,AGL,CE,Towers with Display (VFR),4,2,3,0,9,0,0,0,0,0,4,2,3,0,9,0,0,0,9
10/25/2001,GFK,ND,AGL,CE,Towers with Display (VFR),10,25,7,2,44,0,0,4,0,4,10,25,11,2,48,0,0,0,48
10/26/2001,GFK,ND,AGL,CE,Towers with Display (VFR),14,29,19,0,62,0,0,13,0,13,14,29,32,0,75,43,0,43,118
10/27/2001,GFK,ND,AGL,CE,Towers with Display (VFR),10,14,71,0,95,0,3,185,0,188,10,17,256,0,283,398,0,398,681
10/28/2001,GFK,ND,AGL,CE,Towers with Display (VFR),7,8,60,0,75,0,0,210,2,212,7,8,270,2,287,348,0,348,635
10/29/2001,GFK,ND,AGL,CE,Towers with Display (VFR),7,17,141,2,167,0,0,372,0,372,7,17,513,2,539,1100,0,1100,1639
10/30/2001,GFK,ND,AGL,CE,Towers with Display (VFR),11,24,135,2,172,0,0,284,0,284,11,24,419,2,456,879,0,879,1335
10/31/2001,GFK,ND,AGL,CE,Towers with Display (VFR),10,21,95,0,126,1,6,3,2,12,11,27,98,2,138,6,0,6,144
11/01/2001,GFK,ND,AGL,CE,Towers with Display (VFR),11,21,33,1,66,1,1,83,1,86,12,22,116,2,152,200,0,200,352
11/02/2001,GFK,ND,AGL,CE,Towers with Display (VFR),12,24,127,3,166,1,0,383,0,384,13,24,510,3,550,575,0,575,1125
11/03/2001,GFK,ND,AGL,CE,Towers with Display (VFR),9,15,89,0,113,0,0,345,1,346,9,15,434,1,459,569,0,569,1028
11/04/2001,GFK,ND,AGL,CE,Towers with Display (VFR),9,6,45,1,61,1,0,264,1,266,10,6,309,2,327,493,0,493,820
11/05/2001,GFK,ND,AGL,CE,Towers with Display (VFR),8,22,99,3,132,1,0,413,1,415,9,22,512,4,547,795,0,795,1342
11/06/2001,GFK,ND,AGL,CE,Towers with Display (VFR),13,22,121,0,156,0,4,346,0,350,13,26,467,0,506,664,0,664,1170
11/07/2001,GFK,ND,AGL,CE,Towers with Display (VFR),12,25,97,0,134,0,2,125,1,128,12,27,222,1,262,489,0,489,751
11/08/2001,GFK,ND,AGL,CE,Towers with Display (VFR),13,21,100,0,134,0,2,210,0,212,13,23,310,0,346,707,0,707,1053
11/09/2001,GFK,ND,AGL,CE,Towers with Display (VFR),13,20,74,0,107,0,2,360,0,362,13,22,434,0,469,690,0,690,1159
11/10/2001,GFK,ND,AGL,CE,Towers with Display (VFR),10,6,90,0,106,0,0,98,0,98,10,6,188,0,204,220,0,220,424
11/11/2001,GFK,ND,AGL,CE,Towers with Display (VFR),0,0,0,0,0,11,14,409,0,434,11,14,409,0,434,633,0,633,1067
11/12/2001,GFK,ND,AGL,CE,Towers with Display (VFR),9,17,97,0,123,0,2,291,0,293,9,19,388,0,416,619,0,619,1035
11/13/2001,GFK,ND,AGL,CE,Towers with Display (VFR),12,21,96,0,129,0,2,299,0,301,12,23,395,0,430,637,0,637,1067
11/14/2001,GFK,ND,AGL,CE,Towers with Display (VFR),13,21,126,0,160,0,1,0,0,1,13,22,126,0,161,405,0,405,566
11/15/2001,GFK,ND,AGL,CE,Towers with Display (VFR),13,25,106,2,146,0,1,263,0,264,13,26,369,2,410,485,0,485,895
11/16/2001,GFK,ND,AGL,CE,Towers with Display (VFR),13,23,135,0,171,0,1,376,0,377,13,24,511,0,548,631,0,631,1179
11/17/2001,GFK,ND,AGL,CE,Towers with Display (VFR),9,16,88,0,113,0,0,329,0,329,9,16,417,0,442,473,0,473,915
11/18/2001,GFK,ND,AGL,CE,Towers with Display (VFR),10,6,52,0,68,0,0,136,0,136,10,6,188,0,204,220,0,220,424
11/19/2001,GFK,ND,AGL,CE,Towers with Display (VFR),9,17,98,0,124,0,1,306,0,307,9,18,404,0,431,449,0,449,880
11/20/2001,GFK,ND,AGL,CE,Towers with Display (VFR),13,24,87,1,125,0,0,225,0,225,13,24,312,1,350,383,0,383,733
11/21/2001,GFK,ND,AGL,CE,Towers with Display (VFR),13,21,82,2,118,0,1,207,0,208,13,22,289,2,326,362,0,362,688
11/22/2001,GFK,ND,AGL,CE,Towers with Display (VFR),6,5,1,0,12,0,0,6,0,6,6,5,7,0,18,0,0,0,18
11/23/2001,GFK,ND,AGL,CE,Towers with Display (VFR),14,23,14,0,51,0,0,16,0,16,14,23,30,0,67,35,0,35,102
11/24/2001,GFK,ND,AGL,CE,Towers with Display (VFR),11,14,0,0,25,0,0,0,0,0,11,14,0,0,25,0,0,0,25
11/25/2001,GFK,ND,AGL,CE,Towers with Display (VFR),10,6,9,0,25,0,0,6,0,6,10,6,15,0,31,0,0,0,31
11/26/2001,GFK,ND,AGL,CE,Towers with Display (VFR),7,15,9,0,31,0,0,9,0,9,7,15,18,0,40,104,0,104,144
11/27/2001,GFK,ND,AGL,CE,Towers with Display (VFR),14,22,8,0,44,0,0,0,0,0,14,22,8,0,44,0,0,0,44
11/28/2001,GFK,ND,AGL,CE,Towers with Display (VFR),13,20,12,0,45,0,4,4,0,8,13,24,16,0,53,55,0,55,108
11/29/2001,GFK,ND,AGL,CE,Towers with Display (VFR),13,24,26,0,63,0,0,13,0,13,13,24,39,0,76,100,0,100,176
11/30/2001,GFK,ND,AGL,CE,Towers with Display (VFR),15,25,18,1,59,0,0,0,0,0,15,25,18,1,59,25,0,25,84
12/01/2001,GFK,ND,AGL,CE,Towers with Display (VFR),11,14,73,0,98,0,0,178,0,178,11,14,251,0,276,440,0,440,716
12/02/2001,GFK,ND,AGL,CE,Towers with Display (VFR),10,6,92,2,110,0,0,173,0,173,10,6,265,2,283,331,0,331,614
12/03/2001,GFK,ND,AGL,CE,Towers with Display (VFR),9,18,115,0,142,0,1,328,2,331,9,19,443,2,473,561,0,561,1034
12/04/2001,GFK,ND,AGL,CE,Towers with Display (VFR),13,27,138,2,180,0,0,286,0,286,13,27,424,2,466,776,0,776,1242
12/05/2001,GFK,ND,AGL,CE,Towers with Display (VFR),14,28,2,0,44,0,0,2,0,2,14,28,4,0,46,1,0,1,47
12/06/2001,GFK,ND,AGL,CE,Towers with Display (VFR),15,28,53,0,96,0,0,29,0,29,15,28,82,0,125,274,0,274,399
12/07/2001,GFK,ND,AGL,CE,Towers with Display (VFR),13,21,91,2,127,0,0,181,10,191,13,21,272,12,318,156,0,156,474
12/08/2001,GFK,ND,AGL,CE,Towers with Display (VFR),20,13,68,2,103,0,1,348,1,350,20,14,416,3,453,709,1,710,1163
12/09/2001,GFK,ND,AGL,CE,Towers with Display (VFR),10,6,60,0,76,0,0,253,0,253,10,6,313,0,329,578,0,578,907
12/10/2001,GFK,ND,AGL,CE,Towers with Display (VFR),9,18,89,1,117,0,0,265,1,266,9,18,354,2,383,603,0,603,986
12/11/2001,GFK,ND,AGL,CE,Towers with Display (VFR),0,0,0,0,0,12,25,159,0,196,12,25,159,0,196,508,0,508,704
12/12/2001,GFK,ND,AGL,CE,Towers with Display (VFR),0,0,0,0,0,13,26,24,2,65,13,26,24,2,65,150,0,150,215
12/13/2001,GFK,ND,AGL,CE,Towers with Display (VFR),13,25,30,0,68,0,0,11,0,11,13,25,41,0,79,60,0,60,139
12/14/2001,GFK,ND,AGL,CE,Towers with Display (VFR),13,24,24,0,61,0,0,1,0,1,13,24,25,0,62,2,0,2,64
12/15/2001,GFK,ND,AGL,CE,Towers with Display (VFR),9,19,14,0,42,0,0,3,0,3,9,19,17,0,45,34,0,34,79
12/16/2001,GFK,ND,AGL,CE,Towers with Display (VFR),10,8,16,0,34,0,0,35,0,35,10,8,51,0,69,186,0,186,255
12/17/2001,GFK,ND,AGL,CE,Towers with Display (VFR),9,18,164,0,191,0,1,330,0,331,9,19,494,0,522,694,0,694,1216
12/18/2001,GFK,ND,AGL,CE,Towers with Display (VFR),0,0,0,0,0,13,24,337,5,379,13,24,337,5,379,425,0,425,804
12/19/2001,GFK,ND,AGL,CE,Towers with Display (VFR),0,0,0,0,0,13,25,485,0,523,13,25,485,0,523,725,0,725,1248
12/20/2001,GFK,ND,AGL,CE,Towers with Display (VFR),0,0,0,0,0,13,26,381,2,422,13,26,381,2,422,618,0,618,1040
12/21/2001,GFK,ND,AGL,CE,Towers with Display (VFR),13,31,45,1,90,0,0,157,0,157,13,31,202,1,247,350,0,350,597
12/22/2001,GFK,ND,AGL,CE,Towers with Display (VFR),7,21,10,0,38,0,0,1,0,1,7,21,11,0,39,0,0,0,39
12/23/2001,GFK,ND,AGL,CE,Towers with Display (VFR),0,0,0,0,0,10,10,5,0,25,10,10,5,0,25,0,0,0,25
12/24/2001,GFK,ND,AGL,CE,Towers with Display (VFR),0,0,0,0,0,9,18,6,0,33,9,18,6,0,33,0,0,0,33
12/25/2001,GFK,ND,AGL,CE,Towers with Display (VFR),0,0,0,0,0,7,10,1,0,18,7,10,1,0,18,0,0,0,18
12/26/2001,GFK,ND,AGL,CE,Towers with Display (VFR),13,20,2,0,35,0,0,15,0,15,13,20,17,0,50,17,0,17,67
12/27/2001,GFK,ND,AGL,CE,Towers with Display (VFR),7,13,16,0,36,6,11,0,0,17,13,24,16,0,53,0,0,0,53
12/28/2001,GFK,ND,AGL,CE,Towers with Display (VFR),12,28,3,0,43,0,0,1,0,1,12,28,4,0,44,0,0,0,44
12/29/2001,GFK,ND,AGL,CE,Towers with Display (VFR),4,8,14,0,26,5,6,0,0,11,9,14,14,0,37,49,0,49,86
12/30/2001,GFK,ND,AGL,CE,Towers with Display (VFR),10,4,3,0,17,0,0,21,0,21,10,4,24,0,38,40,0,40,78
12/31/2001,GFK,ND,AGL,CE,Towers with Display (VFR),9,17,5,0,31,0,0,42,0,42,9,17,47,0,73,107,0,107,180
01/01/2002,GFK,ND,AGL,CE,Towers with Display (VFR),6,9,2,0,17,1,0,0,0,1,7,9,2,0,18,10,0,10,28
01/02/2002,GFK,ND,AGL,CE,Towers with Display (VFR),14,17,33,1,65,0,1,80,5,86,14,18,113,6,151,194,0,194,345
01/03/2002,GFK,ND,AGL,CE,Towers with Display (VFR),12,23,43,1,79,1,2,88,0,91,13,25,131,1,170,190,0,190,360
01/04/2002,GFK,ND,AGL,CE,Towers with Display (VFR),12,21,50,0,83,1,2,95,0,98,13,23,145,0,181,259,0,259,440
01/05/2002,GFK,ND,AGL,CE,Towers with Display (VFR),10,17,30,0,57,1,0,38,0,39,11,17,68,0,96,81,0,81,177
01/06/2002,GFK,ND,AGL,CE,Towers with Display (VFR),9,5,38,0,52,1,0,105,0,106,10,5,143,0,158,231,0,231,389
01/07/2002,GFK,ND,AGL,CE,Towers with Display (VFR),8,17,17,0,42,1,1,40,4,46,9,18,57,4,88,95,0,95,183
01/08/2002,GFK,ND,AGL,CE,Towers with Display (VFR),12,21,49,0,82,0,3,121,0,124,12,24,170,0,206,363,0,363,569
01/09/2002,GFK,ND,AGL,CE,Towers with Display (VFR),14,22,78,5,119,0,6,174,1,181,14,28,252,6,300,329,4,333,633
01/10/2002,GFK,ND,AGL,CE,Towers with Display (VFR),13,19,64,0,96,0,4,132,0,136,13,23,196,0,232,323,0,323,555
01/11/2002,GFK,ND,AGL,CE,Towers with Display (VFR),13,22,77,2,114,0,2,349,2,353,13,24,426,4,467,539,0,539,1006
01/12/2002,GFK,ND,AGL,CE,Towers with Display (VFR),11,15,36,0,62,0,1,361,0,362,11,16,397,0,424,519,0,519,943
01/13/2002,GFK,ND,AGL,CE,Towers with Display (VFR),10,4,34,0,48,0,1,138,0,139,10,5,172,0,187,418,0,418,605
01/14/2002,GFK,ND,AGL,CE,Towers with Display (VFR),9,16,35,0,60,0,1,99,0,100,9,17,134,0,160,313,0,313,473
01/15/2002,GFK,ND,AGL,CE,Towers with Display (VFR),13,23,100,0,136,0,3,89,0,92,13,26,189,0,228,448,0,448,676
01/16/2002,GFK,ND,AGL,CE,Towers with Display (VFR),13,24,67,0,104,0,1,148,0,149,13,25,215,0,253,609,0,609,862
01/17/2002,GFK,ND,AGL,CE,Towers with Display (VFR),13,24,77,3,117,0,0,102,1,103,13,24,179,4,220,278,0,278,498
01/18/2002,GFK,ND,AGL,CE,Towers with Display (VFR),16,22,96,0,134,0,2,317,0,319,16,24,413,0,453,722,0,722,1175
01/19/2002,GFK,ND,AGL,CE,Towers with Display (VFR),11,14,31,0,56,0,0,120,0,120,11,14,151,0,176,90,0,90,266
01/20/2002,GFK,ND,AGL,CE,Towers with Display (VFR),12,6,5,0,23,0,2,3,0,5,12,8,8,0,28,34,0,34,62
01/21/2002,GFK,ND,AGL,CE,Towers with Display (VFR),8,14,22,0,44,0,0,14,0,14,8,14,36,0,58,5,0,5,63
01/22/2002,GFK,ND,AGL,CE,Towers with Display (VFR),14,26,6,0,46,0,0,0,0,0,14,26,6,0,46,0,0,0,46
01/23/2002,GFK,ND,AGL,CE,Towers with Display (VFR),14,19,109,0,142,0,0,248,0,248,14,19,357,0,390,615,0,615,1005
01/24/2002,GFK,ND,AGL,CE,Towers with Display (VFR),13,17,164,1,195,0,4,303,2,309,13,21,467,3,504,674,0,674,1178
01/25/2002,GFK,ND,AGL,CE,Towers with Display (VFR),13,20,87,0,120,0,1,317,0,318,13,21,404,0,438,442,0,442,880
01/26/2002,GFK,ND,AGL,CE,Towers with Display (VFR),11,14,8,0,33,0,0,42,1,43,11,14,50,1,76,608,0,608,684
01/27/2002,GFK,ND,AGL,CE,Towers with Display (VFR),11,7,6,0,24,0,0,0,0,0,11,7,6,0,24,0,0,0,24
01/28/2002,GFK,ND,AGL,CE,Towers with Display (VFR),9,16,144,0,169,0,3,257,0,260,9,19,401,0,429,949,0,949,1378
01/29/2002,GFK,ND,AGL,CE,Towers with Display (VFR),13,22,169,0,204,0,1,129,0,130,13,23,298,0,334,313,0,313,647
01/30/2002,GFK,ND,AGL,CE,Towers with Display (VFR),14,21,164,0,199,0,1,486,0,487,14,22,650,0,686,950,0,950,1636
01/31/2002,GFK,ND,AGL,CE,Towers with Display (VFR),14,23,174,0,211,0,0,488,0,488,14,23,662,0,699,969,0,969,1668
02/01/2002,GFK,ND,AGL,CE,Towers with Display (VFR),13,20,153,0,186,0,3,443,1,447,13,23,596,1,633,880,0,880,1513
02/02/2002,GFK,ND,AGL,CE,Towers with Display (VFR),11,11,142,0,164,0,1,346,0,347,11,12,488,0,511,805,0,805,1316
02/03/2002,GFK,ND,AGL,CE,Towers with Display (VFR),10,3,59,0,72,0,1,152,0,153,10,4,211,0,225,479,0,479,704
02/04/2002,GFK,ND,AGL,CE,Towers with Display (VFR),9,15,114,0,138,0,3,354,0,357,9,18,468,0,495,637,0,637,1132
02/05/2002,GFK,ND,AGL,CE,Towers with Display (VFR),13,19,148,0,180,0,1,433,2,436,13,20,581,2,616,821,0,821,1437
02/06/2002,GFK,ND,AGL,CE,Towers with Display (VFR),13,18,63,0,94,0,5,237,0,242,13,23,300,0,336,193,0,193,529
02/07/2002,GFK,ND,AGL,CE,Towers with Display (VFR),13,18,154,0,185,0,2,438,1,441,13,20,592,1,626,892,0,892,1518
02/08/2002,GFK,ND,AGL,CE,Towers with Display (VFR),14,22,137,0,173,0,0,264,0,264,14,22,401,0,437,1104,0,1104,1541
02/09/2002,GFK,ND,AGL,CE,Towers with Display (VFR),11,14,70,2,97,0,1,76,0,77,11,15,146,2,174,333,0,333,507
02/10/2002,GFK,ND,AGL,CE,Towers with Display (VFR),6,4,60,0,70,4,0,161,0,165,10,4,221,0,235,565,0,565,800
02/11/2002,GFK,ND,AGL,CE,Towers with Display (VFR),7,20,25,0,52,0,0,48,0,48,7,20,73,0,100,140,0,140,240
02/12/2002,GFK,ND,AGL,CE,Towers with Display (VFR),13,27,156,2,198,0,0,205,0,205,13,27,361,2,403,746,0,746,1149
02/13/2002,GFK,ND,AGL,CE,Towers with Display (VFR),14,25,148,0,187,0,1,488,0,489,14,26,636,0,676,771,0,771,1447
02/14/2002,GFK,ND,AGL,CE,Towers with Display (VFR),13,29,140,1,183,0,0,344,2,346,13,29,484,3,529,649,0,649,1178
02/15/2002,GFK,ND,AGL,CE,Towers with Display (VFR),15,23,87,2,127,0,0,367,0,367,15,23,454,2,494,439,0,439,933
02/16/2002,GFK,ND,AGL,CE,Towers with Display (VFR),11,13,92,0,116,0,0,399,1,400,11,13,491,1,516,904,0,904,1420
02/17/2002,GFK,ND,AGL,CE,Towers with Display (VFR),10,4,56,1,71,0,0,143,3,146,10,4,199,4,217,277,0,277,494
02/18/2002,GFK,ND,AGL,CE,Towers with Display (VFR),10,18,117,0,145,0,0,394,0,394,10,18,511,0,539,1015,0,1015,1554
02/19/2002,GFK,ND,AGL,CE,Towers with Display (VFR),13,19,176,0,208,0,1,410,0,411,13,20,586,0,619,943,0,943,1562
02/20/2002,GFK,ND,AGL,CE,Towers with Display (VFR),13,19,101,1,134,0,0,159,0,159,13,19,260,1,293,455,0,455,748
02/21/2002,GFK,ND,AGL,CE,Towers with Display (VFR),13,22,189,3,227,0,1,449,0,450,13,23,638,3,677,962,0,962,1639
02/22/2002,GFK,ND,AGL,CE,Towers with Display (VFR),13,21,67,1,102,0,0,161,0,161,13,21,228,1,263,394,0,394,657
02/23/2002,GFK,ND,AGL,CE,Towers with Display (VFR),13,15,33,2,63,0,0,29,0,29,13,15,62,2,92,372,0,372,464
02/24/2002,GFK,ND,AGL,CE,Towers with Display (VFR),10,4,49,0,63,0,0,166,0,166,10,4,215,0,229,521,0,521,750
02/25/2002,GFK,ND,AGL,CE,Towers with Display (VFR),11,17,160,0,188,0,2,168,0,170,11,19,328,0,358,811,0,811,1169
02/26/2002,GFK,ND,AGL,CE,Towers with Display (VFR),13,22,127,3,165,0,1,181,5,187,13,23,308,8,352,374,0,374,726
02/27/2002,GFK,ND,AGL,CE,Towers with Display (VFR),13,25,132,0,170,0,0,278,0,278,13,25,410,0,448,590,0,590,1038
02/28/2002,GFK,ND,AGL,CE,Towers with Display (VFR),13,21,206,1,241,0,3,107,1,111,13,24,313,2,352,470,0,470,822
03/01/2002,GFK,ND,AGL,CE,Towers with Display (VFR),12,21,130,0,163,1,0,387,0,388,13,21,517,0,551,1056,0,1056,1607
03/02/2002,GFK,ND,AGL,CE,Towers with Display (VFR),11,14,115,0,140,0,0,313,0,313,11,14,428,0,453,945,0,945,1398
03/03/2002,GFK,ND,AGL,CE,Towers with Display (VFR),9,7,42,0,58,0,0,254,0,254,9,7,296,0,312,467,0,467,779
03/04/2002,GFK,ND,AGL,CE,Towers with Display (VFR),9,21,74,0,104,0,5,51,0,56,9,26,125,0,160,327,0,327,487
03/05/2002,GFK,ND,AGL,CE,Towers with Display (VFR),12,21,123,0,156,0,0,369,0,369,12,21,492,0,525,1052,0,1052,1577
03/06/2002,GFK,ND,AGL,CE,Towers with Display (VFR),13,32,158,0,203,0,6,446,0,452,13,38,604,0,655,777,0,777,1432
03/07/2002,GFK,ND,AGL,CE,Towers with Display (VFR),10,21,19,3,53,0,0,8,0,8,10,21,27,3,61,13,0,13,74
03/08/2002,GFK,ND,AGL,CE,Towers with Display (VFR),12,22,15,0,49,0,0,16,0,16,12,22,31,0,65,98,0,98,163
03/09/2002,GFK,ND,AGL,CE,Towers with Display (VFR),11,12,9,0,32,0,0,2,0,2,11,12,11,0,34,0,0,0,34
03/10/2002,GFK,ND,AGL,CE,Towers with Display (VFR),10,6,23,0,39,0,0,60,0,60,10,6,83,0,99,276,0,276,375
03/11/2002,GFK,ND,AGL,CE,Towers with Display (VFR),8,20,59,0,87,0,0,125,0,125,8,20,184,0,212,309,0,309,521
03/12/2002,GFK,ND,AGL,CE,Towers with Display (VFR),13,22,75,0,110,0,0,112,2,114,13,22,187,2,224,363,0,363,587
03/13/2002,GFK,ND,AGL,CE,Towers with Display (VFR),13,27,66,0,106,0,0,137,0,137,13,27,203,0,243,621,0,621,864
03/14/2002,GFK,ND,AGL,CE,Towers with Display (VFR),8,25,57,3,93,0,0,132,1,133,8,25,189,4,226,417,0,417,643
03/15/2002,GFK,ND,AGL,CE,Towers with Display (VFR),13,21,47,0,81,0,0,134,0,134,13,21,181,0,215,346,0,346,561
03/16/2002,GFK,ND,AGL,CE,Towers with Display (VFR),11,14,38,0,63,0,0,106,0,106,11,14,144,0,169,233,0,233,402
03/17/2002,GFK,ND,AGL,CE,Towers with Display (VFR),10,6,13,0,29,0,0,31,0,31,10,6,44,0,60,108,0,108,168
03/18/2002,GFK,ND,AGL,CE,Towers with Display (VFR),9,19,11,0,39,0,0,3,0,3,9,19,14,0,42,12,0,12,54
03/19/2002,GFK,ND,AGL,CE,Towers with Display (VFR),13,21,171,2,207,0,0,163,2,165,13,21,334,4,372,648,0,648,1020
03/20/2002,GFK,ND,AGL,CE,Towers with Display (VFR),13,24,55,0,92,0,0,36,0,36,13,24,91,0,128,192,0,192,320
03/21/2002,GFK,ND,AGL,CE,Towers with Display (VFR),13,22,116,0,151,0,0,198,0,198,13,22,314,0,349,196,0,196,545
03/22/2002,GFK,ND,AGL,CE,Towers with Display (VFR),10,22,159,2,193,0,1,497,1,499,10,23,656,3,692,315,0,315,1007
03/23/2002,GFK,ND,AGL,CE,Towers with Display (VFR),11,16,155,0,182,0,0,410,0,410,11,16,565,0,592,985,0,985,1577
03/24/2002,GFK,ND,AGL,CE,Towers with Display (VFR),10,6,111,0,127,0,0,288,0,288,10,6,399,0,415,665,0,665,1080
03/25/2002,GFK,ND,AGL,CE,Towers with Display (VFR),11,18,161,0,190,0,0,425,3,428,11,18,586,3,618,989,0,989,1607
03/26/2002,GFK,ND,AGL,CE,Towers with Display (VFR),15,23,135,4,177,0,0,480,1,481,15,23,615,5,658,1044,0,1044,1702
03/27/2002,GFK,ND,AGL,CE,Towers with Display (VFR),13,24,132,2,171,0,1,227,0,228,13,25,359,2,399,471,0,471,870
03/28/2002,GFK,ND,AGL,CE,Towers with Display (VFR),15,20,66,0,101,0,0,193,0,193,15,20,259,0,294,237,0,237,531
03/29/2002,GFK,ND,AGL,CE,Towers with Display (VFR),13,25,85,1,124,0,1,211,0,212,13,26,296,1,336,205,0,205,541
03/30/2002,GFK,ND,AGL,CE,Towers with Display (VFR),11,14,29,0,54,0,0,75,3,78,11,14,104,3,132,119,0,119,251
03/31/2002,GFK,ND,AGL,CE,Towers with Display (VFR),8,6,5,0,19,0,0,13,0,13,8,6,18,0,32,2,0,2,34
04/01/2002,GFK,ND,AGL,CE,Towers with Display (VFR),5,16,12,0,33,1,0,2,0,3,6,16,14,0,36,29,0,29,65
04/02/2002,GFK,ND,AGL,CE,Towers with Display (VFR),12,21,25,0,58,1,0,23,0,24,13,21,48,0,82,200,0,200,282
04/03/2002,GFK,ND,AGL,CE,Towers with Display (VFR),12,24,204,0,240,1,0,417,1,419,13,24,621,1,659,924,0,924,1583
04/04/2002,GFK,ND,AGL,CE,Towers with Display (VFR),12,22,152,0,186,1,3,444,0,448,13,25,596,0,634,930,0,930,1564
04/05/2002,GFK,ND,AGL,CE,Towers with Display (VFR),13,16,147,0,176,0,0,495,1,496,13,16,642,1,672,762,0,762,1434
04/06/2002,GFK,ND,AGL,CE,Towers with Display (VFR),10,15,14,0,39,1,0,22,0,23,11,15,36,0,62,55,0,55,117
04/07/2002,GFK,ND,AGL,CE,Towers with Display (VFR),10,5,46,0,61,0,1,97,1,99,10,6,143,1,160,432,8,440,600
04/08/2002,GFK,ND,AGL,CE,Towers with Display (VFR),9,17,81,0,107,0,2,132,2,136,9,19,213,2,243,531,0,531,774
04/09/2002,GFK,ND,AGL,CE,Towers with Display (VFR),12,24,74,0,110,0,1,210,1,212,12,25,284,1,322,597,8,605,927
04/10/2002,GFK,ND,AGL,CE,Towers with Display (VFR),13,28,93,2,136,0,1,121,9,131,13,29,214,11,267,570,2,572,839
04/11/2002,GFK,ND,AGL,CE,Towers with Display (VFR),13,18,121,0,152,0,0,130,1,131,13,18,251,1,283,408,0,408,691
04/12/2002,GFK,ND,AGL,CE,Towers with Display (VFR),13,19,165,1,198,0,2,468,0,470,13,21,633,1,668,817,0,817,1485
04/13/2002,GFK,ND,AGL,CE,Towers with Display (VFR),11,13,86,0,110,0,1,298,0,299,11,14,384,0,409,812,0,812,1221
04/14/2002,GFK,ND,AGL,CE,Towers with Display (VFR),10,3,70,0,83,0,1,180,4,185,10,4,250,4,268,409,0,409,677
04/15/2002,GFK,ND,AGL,CE,Towers with Display (VFR),9,17,133,9,168,0,0,360,6,366,9,17,493,15,534,843,0,843,1377
04/16/2002,GFK,ND,AGL,CE,Towers with Display (VFR),13,21,81,1,116,0,1,200,2,203,13,22,281,3,319,664,0,664,983
04/17/2002,GFK,ND,AGL,CE,Towers with Display (VFR),13,22,126,5,166,0,0,342,6,348,13,22,468,11,514,410,0,410,924
04/18/2002,GFK,ND,AGL,CE,Towers with Display (VFR),11,29,24,0,64,0,0,37,0,37,11,29,61,0,101,136,0,136,237
04/19/2002,GFK,ND,AGL,CE,Towers with Display (VFR),13,23,102,0,138,0,0,363,3,366,13,23,465,3,504,921,0,921,1425
04/20/2002,GFK,ND,AGL,CE,Towers with Display (VFR),11,16,59,0,86,0,0,498,0,498,11,16,557,0,584,619,0,619,1203
04/21/2002,GFK,ND,AGL,CE,Towers with Display (VFR),10,4,24,0,38,0,0,372,1,373,10,4,396,1,411,626,0,626,1037
04/22/2002,GFK,ND,AGL,CE,Towers with Display (VFR),9,15,123,0,147,0,0,129,0,129,9,15,252,0,276,483,0,483,759
04/23/2002,GFK,ND,AGL,CE,Towers with Display (VFR),13,20,86,0,119,0,1,265,1,267,13,21,351,1,386,494,0,494,880
04/24/2002,GFK,ND,AGL,CE,Towers with Display (VFR),13,22,18,5,58,0,0,19,2,21,13,22,37,7,79,14,4,18,97
04/25/2002,GFK,ND,AGL,CE,Towers with Display (VFR),13,27,107,0,147,0,0,244,1,245,13,27,351,1,392,502,0,502,894
04/26/2002,GFK,ND,AGL,CE,Towers with Display (VFR),13,23,123,1,160,0,0,453,1,454,13,23,576,2,614,957,0,957,1571
04/27/2002,GFK,ND,AGL,CE,Towers with Display (VFR),14,15,7,0,36,0,0,0,0,0,14,15,7,0,36,8,0,8,44
04/28/2002,GFK,ND,AGL,CE,Towers with Display (VFR),11,5,25,0,41,0,0,98,1,99,11,5,123,1,140,485,0,485,625
04/29/2002,GFK,ND,AGL,CE,Towers with Display (VFR),11,18,93,1,123,0,1,231,3,235,11,19,324,4,358,643,0,643,1001
04/30/2002,GFK,ND,AGL,CE,Towers with Display (VFR),13,21,149,0,183,0,0,344,0,344,13,21,493,0,527,965,0,965,1492
05/01/2002,GFK,ND,AGL,CE,Towers with Display (VFR),13,24,41,0,78,0,0,179,2,181,13,24,220,2,259,724,0,724,983
05/02/2002,GFK,ND,AGL,CE,Towers with Display (VFR),14,24,110,0,148,0,2,484,2,488,14,26,594,2,636,729,2,731,1367
05/03/2002,GFK,ND,AGL,CE,Towers with Display (VFR),13,21,28,1,63,0,0,99,1,100,13,21,127,2,163,230,0,230,393
05/04/2002,GFK,ND,AGL,CE,Towers with Display (VFR),11,16,53,0,80,0,0,237,1,238,11,16,290,1,318,546,0,546,864
05/05/2002,GFK,ND,AGL,CE,Towers with Display (VFR),9,6,22,0,37,0,1,13,0,14,9,7,35,0,51,13,0,13,64
05/06/2002,GFK,ND,AGL,CE,Towers with Display (VFR),10,19,11,0,40,0,0,8,1,9,10,19,19,1,49,70,1,71,120
05/07/2002,GFK,ND,AGL,CE,Towers with Display (VFR),14,29,100,2,145,0,0,425,0,425,14,29,525,2,570,876,0,876,1446
05/08/2002,GFK,ND,AGL,CE,Towers with Display (VFR),12,26,4,0,42,0,0,0,0,0,12,26,4,0,42,0,0,0,42
05/09/2002,GFK,ND,AGL,CE,Towers with Display (VFR),13,27,20,0,60,0,1,20,0,21,13,28,40,0,81,44,0,44,125
05/10/2002,GFK,ND,AGL,CE,Towers with Display (VFR),13,22,149,1,185,0,0,547,3,550,13,22,696,4,735,741,0,741,1476
05/11/2002,GFK,ND,AGL,CE,Towers with Display (VFR),11,14,69,2,96,0,0,200,0,200,11,14,269,2,296,429,0,429,725
05/12/2002,GFK,ND,AGL,CE,Towers with Display (VFR),10,4,12,0,26,0,0,44,8,52,10,4,56,8,78,157,0,157,235
05/13/2002,GFK,ND,AGL,CE,Towers with Display (VFR),9,20,122,0,151,0,1,244,2,247,9,21,366,2,398,680,0,680,1078
05/14/2002,GFK,ND,AGL,CE,Towers with Display (VFR),13,22,89,0,124,0,0,396,1,397,13,22,485,1,521,838,0,838,1359
05/15/2002,GFK,ND,AGL,CE,Towers with Display (VFR),13,22,73,0,108,0,0,61,0,61,13,22,134,0,169,202,0,202,371
05/16/2002,GFK,ND,AGL,CE,Towers with Display (VFR),13,25,126,0,164,0,6,304,1,311,13,31,430,1,475,609,0,609,1084
05/17/2002,GFK,ND,AGL,CE,Towers with Display (VFR),13,27,131,0,171,0,0,378,3,381,13,27,509,3,552,887,4,891,1443
05/18/2002,GFK,ND,AGL,CE,Towers with Display (VFR),12,18,77,0,107,0,0,249,1,250,12,18,326,1,357,426,0,426,783
05/19/2002,GFK,ND,AGL,CE,Towers with Display (VFR),10,4,52,0,66,0,0,159,0,159,10,4,211,0,225,473,0,473,698
05/20/2002,GFK,ND,AGL,CE,Towers with Display (VFR),8,13,132,0,153,0,4,362,2,368,8,17,494,2,521,974,0,974,1495
05/21/2002,GFK,ND,AGL,CE,Towers with Display (VFR),13,22,75,0,110,0,0,96,2,98,13,22,171,2,208,281,0,281,489
05/22/2002,GFK,ND,AGL,CE,Towers with Display (VFR),13,21,48,0,82,0,1,69,2,72,13,22,117,2,154,181,0,181,335
05/23/2002,GFK,ND,AGL,CE,Towers with Display (VFR),15,24,51,1,91,0,0,88,2,90,15,24,139,3,181,340,0,340,521
05/24/2002,GFK,ND,AGL,CE,Towers with Display (VFR),13,28,169,0,210,0,0,481,2,483,13,28,650,2,693,920,0,920,1613
05/25/2002,GFK,ND,AGL,CE,Towers with Display (VFR),10,14,84,0,108,0,0,155,1,156,10,14,239,1,264,240,0,240,504
05/26/2002,GFK,ND,AGL,CE,Towers with Display (VFR),9,4,43,0,56,0,1,91,2,94,9,5,134,2,150,138,0,138,288
05/27/2002,GFK,ND,AGL,CE,Towers with Display (VFR),7,8,75,0,90,0,3,288,2,293,7,11,363,2,383,612,0,612,995
05/28/2002,GFK,ND,AGL,CE,Towers with Display (VFR),9,14,93,0,116,0,1,250,0,251,9,15,343,0,367,430,0,430,797
05/29/2002,GFK,ND,AGL,CE,Towers with Display (VFR),13,21,108,0,142,0,1,170,2,173,13,22,278,2,315,357,1,358,673
05/30/2002,GFK,ND,AGL,CE,Towers with Display (VFR),13,23,98,1,135,0,0,170,1,171,13,23,268,2,306,260,0,260,566
05/31/2002,GFK,ND,AGL,CE,Towers with Display (VFR),11,21,145,0,177,0,1,279,0,280,11,22,424,0,457,449,0,449,906
06/01/2002,GFK,ND,AGL,CE,Towers with Display (VFR),11,16,60,0,87,0,2,187,1,190,11,18,247,1,277,283,0,283,560
06/02/2002,GFK,ND,AGL,CE,Towers with Display (VFR),10,4,47,0,61,0,0,93,1,94,10,4,140,1,155,281,0,281,436
06/03/2002,GFK,ND,AGL,CE,Towers with Display (VFR),9,20,114,0,143,0,0,221,2,223,9,20,335,2,366,482,0,482,848
06/04/2002,GFK,ND,AGL,CE,Towers with Display (VFR),13,24,145,0,182,0,2,326,1,329,13,26,471,1,511,764,0,764,1275
06/05/2002,GFK,ND,AGL,CE,Towers with Display (VFR),13,24,122,0,159,0,0,303,1,304,13,24,425,1,463,498,0,498,961
06/06/2002,GFK,ND,AGL,CE,Towers with Display (VFR),12,23,101,0,136,0,1,215,0,216,12,24,316,0,352,535,0,535,887
06/07/2002,GFK,ND,AGL,CE,Towers with Display (VFR),14,22,102,0,138,0,1,239,1,241,14,23,341,1,379,511,0,511,890
06/08/2002,GFK,ND,AGL,CE,Towers with Display (VFR),12,14,50,2,78,0,1,102,0,103,12,15,152,2,181,319,0,319,500
06/09/2002,GFK,ND,AGL,CE,Towers with Display (VFR),11,6,10,0,27,0,0,5,0,5,11,6,15,0,32,3,0,3,35
06/10/2002,GFK,ND,AGL,CE,Towers with Display (VFR),10,19,68,0,97,0,1,11,0,12,10,20,79,0,109,2,0,2,111
06/11/2002,GFK,ND,AGL,CE,Towers with Display (VFR),14,23,130,0,167,0,1,356,2,359,14,24,486,2,526,584,0,584,1110
06/12/2002,GFK,ND,AGL,CE,Towers with Display (VFR),14,20,75,0,109,0,2,338,2,342,14,22,413,2,451,579,2,581,1032
06/13/2002,GFK,ND,AGL,CE,Towers with Display (VFR),14,24,83,1,122,0,2,90,2,94,14,26,173,3,216,452,0,452,668
06/14/2002,GFK,ND,AGL,CE,Towers with Display (VFR),14,22,119,0,155,0,0,357,1,358,14,22,476,1,513,590,0,590,1103
06/15/2002,GFK,ND,AGL,CE,Towers with Display (VFR),12,15,42,0,69,0,0,223,1,224,12,15,265,1,293,372,0,372,665
06/16/2002,GFK,ND,AGL,CE,Towers with Display (VFR),10,6,44,0,60,0,0,125,1,126,10,6,169,1,186,277,0,277,463
06/17/2002,GFK,ND,AGL,CE,Towers with Display (VFR),10,20,74,0,104,0,1,274,3,278,10,21,348,3,382,434,0,434,816
06/18/2002,GFK,ND,AGL,CE,Towers with Display (VFR),14,24,54,0,92,0,0,159,19,178,14,24,213,19,270,464,0,464,734
06/19/2002,GFK,ND,AGL,CE,Towers with Display (VFR),12,23,62,0,97,0,0,63,0,63,12,23,125,0,160,257,0,257,417
06/20/2002,GFK,ND,AGL,CE,Towers with Display (VFR),14,22,91,0,127,0,0,372,2,374,14,22,463,2,501,653,0,653,1154
06/21/2002,GFK,ND,AGL,CE,Towers with Display (VFR),8,16,77,2,103,0,1,303,1,305,8,17,380,3,408,669,0,669,1077
06/22/2002,GFK,ND,AGL,CE,Towers with Display (VFR),12,17,26,0,55,0,0,41,1,42,12,17,67,1,97,128,0,128,225
06/23/2002,GFK,ND,AGL,CE,Towers with Display (VFR),10,4,54,2,70,0,1,32,1,34,10,5,86,3,104,196,0,196,300
06/24/2002,GFK,ND,AGL,CE,Towers with Display (VFR),13,16,70,0,99,0,2,218,0,220,13,18,288,0,319,521,0,521,840
06/25/2002,GFK,ND,AGL,CE,Towers with Display (VFR),16,23,69,0,108,0,0,302,4,306,16,23,371,4,414,605,0,605,1019
06/26/2002,GFK,ND,AGL,CE,Towers with Display (VFR),14,20,106,0,140,0,1,351,1,353,14,21,457,1,493,693,4,697,1190
06/27/2002,GFK,ND,AGL,CE,Towers with Display (VFR),15,26,91,0,132,0,2,372,3,377,15,28,463,3,509,794,0,794,1303
06/28/2002,GFK,ND,AGL,CE,Towers with Display (VFR),14,21,42,0,77,0,2,381,1,384,14,23,423,1,461,1054,0,1054,1515
06/29/2002,GFK,ND,AGL,CE,Towers with Display (VFR),13,14,75,0,102,0,1,144,1,146,13,15,219,1,248,500,0,500,748
06/30/2002,GFK,ND,AGL,CE,Towers with Display (VFR),10,4,62,0,76,0,0,109,3,112,10,4,171,3,188,290,0,290,478
07/01/2002,GFK,ND,AGL,CE,Towers with Display (VFR),9,17,142,0,168,0,1,225,1,227,9,18,367,1,395,657,0,657,1052
07/02/2002,GFK,ND,AGL,CE,Towers with Display (VFR),14,24,141,1,180,0,0,293,1,294,14,24,434,2,474,748,0,748,1222
07/03/2002,GFK,ND,AGL,CE,Towers with Display (VFR),14,21,134,0,169,0,1,342,1,344,14,22,476,1,513,680,0,680,1193
07/04/2002,GFK,ND,AGL,CE,Towers with Display (VFR),8,7,7,0,22,0,0,8,0,8,8,7,15,0,30,0,0,0,30
07/05/2002,GFK,ND,AGL,CE,Towers with Display (VFR),14,21,45,0,80,0,3,98,3,104,14,24,143,3,184,259,0,259,443
07/06/2002,GFK,ND,AGL,CE,Towers with Display (VFR),12,15,69,0,96,0,1,152,3,156,12,16,221,3,252,438,0,438,690
07/07/2002,GFK,ND,AGL,CE,Towers with Display (VFR),10,5,26,0,41,0,0,28,3,31,10,5,54,3,72,118,0,118,190
07/08/2002,GFK,ND,AGL,CE,Towers with Display (VFR),9,16,141,0,166,0,2,186,1,189,9,18,327,1,355,489,0,489,844
07/09/2002,GFK,ND,AGL,CE,Towers with Display (VFR),13,24,108,0,145,0,0,172,0,172,13,24,280,0,317,231,0,231,548
07/10/2002,GFK,ND,AGL,CE,Towers with Display (VFR),13,21,133,0,167,0,0,123,0,123,13,21,256,0,290,245,0,245,535
07/11/2002,GFK,ND,AGL,CE,Towers with Display (VFR),14,22,141,0,177,0,3,447,4,454,14,25,588,4,631,783,0,783,1414
07/12/2002,GFK,ND,AGL,CE,Towers with Display (VFR),14,21,138,3,176,0,4,369,2,375,14,25,507,5,551,658,0,658,1209
07/13/2002,GFK,ND,AGL,CE,Towers with Display (VFR),12,21,68,0,101,0,0,340,1,341,12,21,408,1,442,413,0,413,855
07/14/2002,GFK,ND,AGL,CE,Towers with Display (VFR),10,5,40,0,55,0,0,203,3,206,10,5,243,3,261,193,0,193,454
07/15/2002,GFK,ND,AGL,CE,Towers with Display (VFR),10,17,107,0,134,0,3,239,3,245,10,20,346,3,379,409,0,409,788
07/16/2002,GFK,ND,AGL,CE,Towers with Display (VFR),14,23,141,0,178,0,0,274,7,281,14,23,415,7,459,482,0,482,941
07/17/2002,GFK,ND,AGL,CE,Towers with Display (VFR),14,22,39,0,75,0,0,51,1,52,14,22,90,1,127,87,0,87,214
07/18/2002,GFK,ND,AGL,CE,Towers with Display (VFR),14,20,188,0,222,0,1,416,1,418,14,21,604,1,640,845,0,845,1485
07/19/2002,GFK,ND,AGL,CE,Towers with Display (VFR),14,21,140,0,175,0,0,298,1,299,14,21,438,1,474,462,0,462,936
07/20/2002,GFK,ND,AGL,CE,Towers with Display (VFR),12,14,70,0,96,0,0,83,0,83,12,14,153,0,179,165,0,165,344
07/21/2002,GFK,ND,AGL,CE,Towers with Display (VFR),8,6,50,0,64,0,1,151,1,153,8,7,201,1,217,359,0,359,576
07/22/2002,GFK,ND,AGL,CE,Towers with Display (VFR),9,21,117,0,147,0,0,180,1,181,9,21,297,1,328,306,0,306,634
07/23/2002,GFK,ND,AGL,CE,Towers with Display (VFR),14,27,110,0,151,0,0,236,0,236,14,27,346,0,387,503,0,503,890
07/24/2002,GFK,ND,AGL,CE,Towers with Display (VFR),14,22,105,0,141,0,2,148,0,150,14,24,253,0,291,492,0,492,783
07/25/2002,GFK,ND,AGL,CE,Towers with Display (VFR),14,21,96,4,135,0,2,258,5,265,14,23,354,9,400,431,0,431,831
07/26/2002,GFK,ND,AGL,CE,Towers with Display (VFR),13,23,75,0,111,0,0,250,0,250,13,23,325,0,361,397,0,397,758
07/27/2002,GFK,ND,AGL,CE,Towers with Display (VFR),12,14,33,0,59,0,0,95,0,95,12,14,128,0,154,196,0,196,350
07/28/2002,GFK,ND,AGL,CE,Towers with Display (VFR),8,4,46,0,58,0,0,136,1,137,8,4,182,1,195,277,0,277,472
07/29/2002,GFK,ND,AGL,CE,Towers with Display (VFR),10,21,115,0,146,0,2,304,2,308,10,23,419,2,454,561,0,561,1015
07/30/2002,GFK,ND,AGL,CE,Towers with Display (VFR),14,22,90,2,128,0,0,250,1,251,14,22,340,3,379,457,0,457,836
07/31/2002,GFK,ND,AGL,CE,Towers with Display (VFR),14,26,65,4,109,0,1,171,1,173,14,27,236,5,282,353,0,353,635
08/01/2002,GFK,ND,AGL,CE,Towers with Display (VFR),14,22,79,0,115,0,0,198,1,199,14,22,277,1,314,227,0,227,541
08/02/2002,GFK,ND,AGL,CE,Towers with Display (VFR),14,25,84,4,127,0,0,247,6,253,14,25,331,10,380,321,0,321,701
08/03/2002,GFK,ND,AGL,CE,Towers with Display (VFR),20,15,28,0,63,0,1,74,0,75,20,16,102,0,138,152,0,152,290
08/04/2002,GFK,ND,AGL,CE,Towers with Display (VFR),10,7,42,0,59,0,0,115,1,116,10,7,157,1,175,96,0,96,271
08/05/2002,GFK,ND,AGL,CE,Towers with Display (VFR),8,17,50,0,75,0,0,148,1,149,8,17,198,1,224,232,0,232,456
08/06/2002,GFK,ND,AGL,CE,Towers with Display (VFR),14,24,44,0,82,0,0,76,0,76,14,24,120,0,158,250,0,250,408
08/07/2002,GFK,ND,AGL,CE,Towers with Display (VFR),14,23,72,0,109,0,0,66,2,68,14,23,138,2,177,250,0,250,427
08/08/2002,GFK,ND,AGL,CE,Towers with Display (VFR),11,24,66,0,101,0,4,46,0,50,11,28,112,0,151,297,0,297,448
08/09/2002,GFK,ND,AGL,CE,Towers with Display (VFR),14,20,55,0,89,0,0,91,12,103,14,20,146,12,192,242,0,242,434
08/10/2002,GFK,ND,AGL,CE,Towers with Display (VFR),10,4,36,0,50,0,0,2,0,2,10,4,38,0,52,31,0,31,83
08/11/2002,GFK,ND,AGL,CE,Towers with Display (VFR),10,6,20,0,36,0,0,63,0,63,10,6,83,0,99,145,0,145,244
08/12/2002,GFK,ND,AGL,CE,Towers with Display (VFR),10,18,53,0,81,0,0,104,0,104,10,18,157,0,185,178,0,178,363
08/13/2002,GFK,ND,AGL,CE,Towers with Display (VFR),13,23,61,0,97,0,0,186,0,186,13,23,247,0,283,361,0,361,644
08/14/2002,GFK,ND,AGL,CE,Towers with Display (VFR),14,22,37,0,73,0,0,95,2,97,14,22,132,2,170,219,0,219,389
08/15/2002,GFK,ND,AGL,CE,Towers with Display (VFR),14,21,36,0,71,0,0,57,0,57,14,21,93,0,128,147,0,147,275
08/16/2002,GFK,ND,AGL,CE,Towers with Display (VFR),13,21,32,0,66,0,0,91,0,91,13,21,123,0,157,209,0,209,366
08/17/2002,GFK,ND,AGL,CE,Towers with Display (VFR),15,19,3,0,37,1,0,6,2,9,16,19,9,2,46,2,0,2,48
08/18/2002,GFK,ND,AGL,CE,Towers with Display (VFR),10,4,6,0,20,0,0,32,0,32,10,4,38,0,52,31,0,31,83
08/19/2002,GFK,ND,AGL,CE,Towers with Display (VFR),10,19,48,0,77,0,1,118,1,120,10,20,166,1,197,240,0,240,437
08/20/2002,GFK,ND,AGL,CE,Towers with Display (VFR),13,23,50,0,86,0,1,107,1,109,13,24,157,1,195,303,0,303,498
08/21/2002,GFK,ND,AGL,CE,Towers with Display (VFR),14,27,21,0,62,0,1,94,0,95,14,28,115,0,157,303,0,303,460
08/22/2002,GFK,ND,AGL,CE,Towers with Display (VFR),14,25,15,0,54,0,1,73,0,74,14,26,88,0,128,104,0,104,232
08/23/2002,GFK,ND,AGL,CE,Towers with Display (VFR),14,28,20,0,62,0,0,38,0,38,14,28,58,0,100,66,0,66,166
08/24/2002,GFK,ND,AGL,CE,Towers with Display (VFR),12,16,12,0,40,0,2,167,0,169,12,18,179,0,209,235,0,235,444
08/25/2002,GFK,ND,AGL,CE,Towers with Display (VFR),11,4,12,0,27,0,0,47,0,47,11,4,59,0,74,36,0,36,110
08/26/2002,GFK,ND,AGL,CE,Towers with Display (VFR),10,19,14,0,43,0,0,58,0,58,10,19,72,0,101,140,0,140,241
08/27/2002,GFK,ND,AGL,CE,Towers with Display (VFR),14,24,30,0,68,0,0,66,0,66,14,24,96,0,134,175,0,175,309
08/28/2002,GFK,ND,AGL,CE,Towers with Display (VFR),16,24,10,3,53,0,0,41,0,41,16,24,51,3,94,165,0,165,259
08/29/2002,GFK,ND,AGL,CE,Towers with Display (VFR),15,23,68,1,107,0,0,48,0,48,15,23,116,1,155,222,0,222,377
08/30/2002,GFK,ND,AGL,CE,Towers with Display (VFR),14,30,54,0,98,0,1,120,1,122,14,31,174,1,220,327,0,327,547
08/31/2002,GFK,ND,AGL,CE,Towers with Display (VFR),12,16,17,0,45,0,0,256,0,256,12,16,273,0,301,417,0,417,718
09/01/2002,GFK,ND,AGL,CE,Towers with Display (VFR),8,5,29,0,42,1,0,180,0,181,9,5,209,0,223,296,0,296,519
09/02/2002,GFK,ND,AGL,CE,Towers with Display (VFR),7,6,34,0,47,0,1,211,0,212,7,7,245,0,259,267,0,267,526
09/03/2002,GFK,ND,AGL,CE,Towers with Display (VFR),10,17,68,0,95,0,5,533,4,542,10,22,601,4,637,853,0,853,1490
09/04/2002,GFK,ND,AGL,CE,Towers with Display (VFR),14,24,99,0,137,0,2,415,0,417,14,26,514,0,554,695,0,695,1249
09/05/2002,GFK,ND,AGL,CE,Towers with Display (VFR),14,23,126,0,163,0,1,511,0,512,14,24,637,0,675,1009,0,1009,1684
09/06/2002,GFK,ND,AGL,CE,Towers with Display (VFR),14,22,142,0,178,0,2,212,0,214,14,24,354,0,392,794,0,794,1186
09/07/2002,GFK,ND,AGL,CE,Towers with Display (VFR),11,17,50,0,78,0,4,250,0,254,11,21,300,0,332,602,0,602,934
09/08/2002,GFK,ND,AGL,CE,Towers with Display (VFR),10,6,64,0,80,0,2,141,0,143,10,8,205,0,223,440,0,440,663
09/09/2002,GFK,ND,AGL,CE,Towers with Display (VFR),10,19,119,2,150,0,2,267,2,271,10,21,386,4,421,1050,0,1050,1471
09/10/2002,GFK,ND,AGL,CE,Towers with Display (VFR),14,18,134,0,166,0,1,571,0,572,14,19,705,0,738,1242,0,1242,1980
09/11/2002,GFK,ND,AGL,CE,Towers with Display (VFR),14,17,121,0,152,0,0,540,0,540,14,17,661,0,692,1049,0,1049,1741
09/12/2002,GFK,ND,AGL,CE,Towers with Display (VFR),14,23,108,1,146,0,1,547,0,548,14,24,655,1,694,1074,0,1074,1768
09/13/2002,GFK,ND,AGL,CE,Towers with Display (VFR),14,27,113,0,154,0,0,542,0,542,14,27,655,0,696,952,0,952,1648
09/14/2002,GFK,ND,AGL,CE,Towers with Display (VFR),11,15,88,0,114,0,0,391,0,391,11,15,479,0,505,593,0,593,1098
09/15/2002,GFK,ND,AGL,CE,Towers with Display (VFR),10,7,45,2,64,0,0,186,0,186,10,7,231,2,250,323,0,323,573
09/16/2002,GFK,ND,AGL,CE,Towers with Display (VFR),10,19,121,0,150,0,0,438,0,438,10,19,559,0,588,910,0,910,1498
09/17/2002,GFK,ND,AGL,CE,Towers with Display (VFR),14,25,80,0,119,0,5,373,0,378,14,30,453,0,497,785,0,785,1282
09/18/2002,GFK,ND,AGL,CE,Towers with Display (VFR),13,29,85,0,127,0,4,140,0,144,13,33,225,0,271,515,0,515,786
09/19/2002,GFK,ND,AGL,CE,Towers with Display (VFR),14,24,139,0,177,0,1,388,0,389,14,25,527,0,566,1299,0,1299,1865
09/20/2002,GFK,ND,AGL,CE,Towers with Display (VFR),16,23,128,0,167,0,0,411,0,411,16,23,539,0,578,852,0,852,1430
09/21/2002,GFK,ND,AGL,CE,Towers with Display (VFR),12,14,110,0,136,0,0,263,0,263,12,14,373,0,399,440,0,440,839
09/22/2002,GFK,ND,AGL,CE,Towers with Display (VFR),10,11,56,0,77,0,0,275,0,275,10,11,331,0,352,479,0,479,831
09/23/2002,GFK,ND,AGL,CE,Towers with Display (VFR),10,21,147,0,178,0,0,269,0,269,10,21,416,0,447,1285,0,1285,1732
09/24/2002,GFK,ND,AGL,CE,Towers with Display (VFR),13,28,142,0,183,1,1,447,0,449,14,29,589,0,632,1042,0,1042,1674
09/25/2002,GFK,ND,AGL,CE,Towers with Display (VFR),14,20,155,4,193,0,3,500,1,504,14,23,655,5,697,995,0,995,1692
09/26/2002,GFK,ND,AGL,CE,Towers with Display (VFR),13,33,146,0,192,0,0,535,7,542,13,33,681,7,734,723,0,723,1457
09/27/2002,GFK,ND,AGL,CE,Towers with Display (VFR),15,27,141,5,188,0,0,405,3,408,15,27,546,8,596,1123,0,1123,1719
09/28/2002,GFK,ND,AGL,CE,Towers with Display (VFR),10,18,97,0,125,0,0,495,2,497,10,18,592,2,622,1065,0,1065,1687
09/29/2002,GFK,ND,AGL,CE,Towers with Display (VFR),10,7,61,1,79,0,0,13,0,13,10,7,74,1,92,46,0,46,138
09/30/2002,GFK,ND,AGL,CE,Towers with Display (VFR),10,20,137,0,167,0,0,187,0,187,10,20,324,0,354,437,0,437,791
10/01/2002,GFK,ND,AGL,CE,Towers with Display (VFR),14,24,105,0,143,0,0,245,0,245,14,24,350,0,388,368,0,368,756
10/02/2002,GFK,ND,AGL,CE,Towers with Display (VFR),14,25,161,0,200,0,2,422,1,425,14,27,583,1,625,1008,0,1008,1633
10/03/2002,GFK,ND,AGL,CE,Towers with Display (VFR),15,27,140,0,182,0,0,336,2,338,15,27,476,2,520,913,0,913,1433
10/04/2002,GFK,ND,AGL,CE,Towers with Display (VFR),14,28,151,0,193,0,0,284,1,285,14,28,435,1,478,592,0,592,1070
10/05/2002,GFK,ND,AGL,CE,Towers with Display (VFR),10,17,111,0,138,0,0,328,0,328,10,17,439,0,466,683,0,683,1149
10/06/2002,GFK,ND,AGL,CE,Towers with Display (VFR),13,7,54,0,74,0,1,174,8,183,13,8,228,8,257,459,0,459,716
10/07/2002,GFK,ND,AGL,CE,Towers with Display (VFR),10,19,148,1,178,0,2,303,0,305,10,21,451,1,483,1036,0,1036,1519
10/08/2002,GFK,ND,AGL,CE,Towers with Display (VFR),14,26,108,2,150,0,0,120,1,121,14,26,228,3,271,731,2,733,1004
10/09/2002,GFK,ND,AGL,CE,Towers with Display (VFR),13,24,164,0,201,0,1,468,7,476,13,25,632,7,677,958,0,958,1635
10/10/2002,GFK,ND,AGL,CE,Towers with Display (VFR),14,19,102,0,135,0,3,224,0,227,14,22,326,0,362,503,0,503,865
10/11/2002,GFK,ND,AGL,CE,Towers with Display (VFR),14,24,194,0,232,0,0,162,1,163,14,24,356,1,395,879,0,879,1274
10/12/2002,GFK,ND,AGL,CE,Towers with Display (VFR),11,15,46,1,73,0,0,123,1,124,11,15,169,2,197,703,2,705,902
10/13/2002,GFK,ND,AGL,CE,Towers with Display (VFR),10,8,47,0,65,0,0,344,0,344,10,8,391,0,409,840,0,840,1249
10/14/2002,GFK,ND,AGL,CE,Towers with Display (VFR),9,17,157,0,183,0,0,296,0,296,9,17,453,0,479,615,0,615,1094
10/15/2002,GFK,ND,AGL,CE,Towers with Display (VFR),14,25,143,1,183,0,1,519,1,521,14,26,662,2,704,824,0,824,1528
10/16/2002,GFK,ND,AGL,CE,Towers with Display (VFR),14,25,175,5,219,0,0,506,8,514,14,25,681,13,733,820,14,834,1567
10/17/2002,GFK,ND,AGL,CE,Towers with Display (VFR),14,22,141,0,177,0,0,0,0,0,14,22,141,0,177,459,0,459,636
10/18/2002,GFK,ND,AGL,CE,Towers with Display (VFR),14,28,13,0,55,0,0,6,0,6,14,28,19,0,61,0,0,0,61
10/19/2002,GFK,ND,AGL,CE,Towers with Display (VFR),10,15,72,0,97,0,9,223,0,232,10,24,295,0,329,408,0,408,737
10/20/2002,GFK,ND,AGL,CE,Towers with Display (VFR),10,7,83,0,100,0,0,78,0,78,10,7,161,0,178,273,0,273,451
10/21/2002,GFK,ND,AGL,CE,Towers with Display (VFR),10,20,185,0,215,0,1,373,0,374,10,21,558,0,589,713,0,713,1302
10/22/2002,GFK,ND,AGL,CE,Towers with Display (VFR),14,24,141,0,179,0,2,431,0,433,14,26,572,0,612,759,0,759,1371
10/23/2002,GFK,ND,AGL,CE,Towers with Display (VFR),14,26,172,0,212,0,0,429,0,429,14,26,601,0,641,752,0,752,1393
10/24/2002,GFK,ND,AGL,CE,Towers with Display (VFR),16,25,124,0,165,0,4,367,2,373,16,29,491,2,538,768,0,768,1306
10/25/2002,GFK,ND,AGL,CE,Towers with Display (VFR),13,22,92,0,127,0,2,223,0,225,13,24,315,0,352,442,0,442,794
10/26/2002,GFK,ND,AGL,CE,Towers with Display (VFR),10,15,28,0,53,0,0,56,0,56,10,15,84,0,109,306,0,306,415
10/27/2002,GFK,ND,AGL,CE,Towers with Display (VFR),12,7,11,0,30,0,0,60,0,60,12,7,71,0,90,184,0,184,274
10/28/2002,GFK,ND,AGL,CE,Towers with Display (VFR),10,24,16,0,50,0,0,0,0,0,10,24,16,0,50,0,0,0,50
10/29/2002,GFK,ND,AGL,CE,Towers with Display (VFR),16,23,39,0,78,0,5,28,0,33,16,28,67,0,111,140,0,140,251
10/30/2002,GFK,ND,AGL,CE,Towers with Display (VFR),14,24,190,0,228,0,7,407,0,414,14,31,597,0,642,668,0,668,1310
10/31/2002,GFK,ND,AGL,CE,Towers with Display (VFR),14,24,183,0,221,0,0,379,0,379,14,24,562,0,600,512,0,512,1112
11/01/2002,GFK,ND,AGL,CE,Towers with Display (VFR),14,21,118,0,153,0,0,266,0,266,14,21,384,0,419,388,0,388,807
11/02/2002,GFK,ND,AGL,CE,Towers with Display (VFR),8,16,104,0,128,0,2,331,2,335,8,18,435,2,463,593,0,593,1056
11/03/2002,GFK,ND,AGL,CE,Towers with Display (VFR),4,6,24,0,34,6,1,33,0,40,10,7,57,0,74,257,0,257,331
11/04/2002,GFK,ND,AGL,CE,Towers with Display (VFR),12,20,115,0,147,0,3,193,0,196,12,23,308,0,343,679,0,679,1022
11/05/2002,GFK,ND,AGL,CE,Towers with Display (VFR),14,23,45,0,82,0,0,40,0,40,14,23,85,0,122,252,0,252,374
11/06/2002,GFK,ND,AGL,CE,Towers with Display (VFR),14,24,145,0,183,0,0,374,1,375,14,24,519,1,558,638,0,638,1196
11/07/2002,GFK,ND,AGL,CE,Towers with Display (VFR),14,24,131,2,171,0,1,476,8,485,14,25,607,10,656,304,0,304,960
11/08/2002,GFK,ND,AGL,CE,Towers with Display (VFR),17,21,147,0,185,0,2,547,0,549,17,23,694,0,734,849,0,849,1583
11/09/2002,GFK,ND,AGL,CE,Towers with Display (VFR),11,14,103,0,128,0,0,21,0,21,11,14,124,0,149,0,0,0,149
11/10/2002,GFK,ND,AGL,CE,Towers with Display (VFR),10,9,6,0,25,0,0,0,0,0,10,9,6,0,25,0,0,0,25
11/11/2002,GFK,ND,AGL,CE,Towers with Display (VFR),9,22,70,0,101,0,0,232,0,232,9,22,302,0,333,566,0,566,899
11/12/2002,GFK,ND,AGL,CE,Towers with Display (VFR),14,24,90,0,128,0,2,205,2,209,14,26,295,2,337,530,0,530,867
11/13/2002,GFK,ND,AGL,CE,Towers with Display (VFR),14,28,12,0,54,0,0,0,0,0,14,28,12,0,54,0,0,0,54
11/14/2002,GFK,ND,AGL,CE,Towers with Display (VFR),16,24,138,2,180,0,4,436,2,442,16,28,574,4,622,906,0,906,1528
11/15/2002,GFK,ND,AGL,CE,Towers with Display (VFR),14,24,138,0,176,0,0,295,0,295,14,24,433,0,471,691,0,691,1162
11/16/2002,GFK,ND,AGL,CE,Towers with Display (VFR),10,17,8,0,35,0,0,5,0,5,10,17,13,0,40,24,0,24,64
11/17/2002,GFK,ND,AGL,CE,Towers with Display (VFR),12,9,38,0,59,0,0,31,0,31,12,9,69,0,90,178,0,178,268
11/18/2002,GFK,ND,AGL,CE,Towers with Display (VFR),10,19,143,2,174,0,2,447,0,449,10,21,590,2,623,552,0,552,1175
11/19/2002,GFK,ND,AGL,CE,Towers with Display (VFR),14,25,119,0,158,0,0,378,0,378,14,25,497,0,536,522,0,522,1058
11/20/2002,GFK,ND,AGL,CE,Towers with Display (VFR),14,23,142,0,179,0,1,323,0,324,14,24,465,0,503,644,0,644,1147
11/21/2002,GFK,ND,AGL,CE,Towers with Display (VFR),14,25,17,0,56,0,0,11,0,11,14,25,28,0,67,222,0,222,289
11/22/2002,GFK,ND,AGL,CE,Towers with Display (VFR),14,25,43,0,82,0,0,93,0,93,14,25,136,0,175,484,0,484,659
11/23/2002,GFK,ND,AGL,CE,Towers with Display (VFR),10,18,47,0,75,0,1,73,0,74,10,19,120,0,149,121,0,121,270
11/24/2002,GFK,ND,AGL,CE,Towers with Display (VFR),10,7,76,0,93,0,0,107,0,107,10,7,183,0,200,418,0,418,618
11/25/2002,GFK,ND,AGL,CE,Towers with Display (VFR),10,23,102,0,135,0,0,308,0,308,10,23,410,0,443,498,0,498,941
11/26/2002,GFK,ND,AGL,CE,Towers with Display (VFR),12,27,141,0,180,2,3,256,0,261,14,30,397,0,441,691,0,691,1132
11/27/2002,GFK,ND,AGL,CE,Towers with Display (VFR),14,21,94,0,129,0,0,338,4,342,14,21,432,4,471,367,0,367,838
11/28/2002,GFK,ND,AGL,CE,Towers with Display (VFR),5,11,1,0,17,0,0,27,0,27,5,11,28,0,44,36,0,36,80
11/29/2002,GFK,ND,AGL,CE,Towers with Display (VFR),11,21,5,1,38,0,2,3,1,6,11,23,8,2,44,2,0,2,46
11/30/2002,GFK,ND,AGL,CE,Towers with Display (VFR),10,16,18,0,44,0,0,125,0,125,10,16,143,0,169,246,0,246,415
12/01/2002,GFK,ND,AGL,CE,Towers with Display (VFR),10,6,19,0,35,0,1,43,0,44,10,7,62,0,79,159,0,159,238
12/02/2002,GFK,ND,AGL,CE,Towers with Display (VFR),12,20,132,1,165,0,1,325,1,327,12,21,457,2,492,602,0,602,1094
12/03/2002,GFK,ND,AGL,CE,Towers with Display (VFR),18,22,89,2,131,0,3,217,3,223,18,25,306,5,354,444,0,444,798
12/04/2002,GFK,ND,AGL,CE,Towers with Display (VFR),16,26,156,4,202,0,4,492,0,496,16,30,648,4,698,698,0,698,1396
12/05/2002,GFK,ND,AGL,CE,Towers with Display (VFR),16,26,133,0,175,0,2,179,0,181,16,28,312,0,356,573,0,573,929
12/06/2002,GFK,ND,AGL,CE,Towers with Display (VFR),15,26,140,1,182,0,0,464,0,464,15,26,604,1,646,637,1,638,1284
12/07/2002,GFK,ND,AGL,CE,Towers with Display (VFR),11,15,94,0,120,0,0,326,0,326,11,15,420,0,446,416,0,416,862
12/08/2002,GFK,ND,AGL,CE,Towers with Display (VFR),13,7,84,0,104,0,0,278,0,278,13,7,362,0,382,429,0,429,811
12/09/2002,GFK,ND,AGL,CE,Towers with Display (VFR),10,22,110,0,142,0,0,347,0,347,10,22,457,0,489,576,0,576,1065
12/10/2002,GFK,ND,AGL,CE,Towers with Display (VFR),16,25,111,1,153,0,2,374,0,376,16,27,485,1,529,625,0,625,1154
12/11/2002,GFK,ND,AGL,CE,Towers with Display (VFR),16,27,133,1,177,0,3,339,1,343,16,30,472,2,520,569,0,569,1089
12/12/2002,GFK,ND,AGL,CE,Towers with Display (VFR),18,30,55,0,103,0,2,140,2,144,18,32,195,2,247,445,0,445,692
12/13/2002,GFK,ND,AGL,CE,Towers with Display (VFR),16,27,110,0,153,0,2,415,0,417,16,29,525,0,570,700,0,700,1270
12/14/2002,GFK,ND,AGL,CE,Towers with Display (VFR),10,15,109,0,134,0,5,275,0,280,10,20,384,0,414,577,0,577,991
12/15/2002,GFK,ND,AGL,CE,Towers with Display (VFR),10,7,16,0,33,0,0,18,0,18,10,7,34,0,51,132,0,132,183
12/16/2002,GFK,ND,AGL,CE,Towers with Display (VFR),10,23,37,0,70,0,1,53,2,56,10,24,90,2,126,173,0,173,299
12/17/2002,GFK,ND,AGL,CE,Towers with Display (VFR),16,28,16,0,60,0,2,8,0,10,16,30,24,0,70,86,0,86,156
12/18/2002,GFK,ND,AGL,CE,Towers with Display (VFR),17,26,7,0,50,1,0,0,0,1,18,26,7,0,51,0,0,0,51
12/19/2002,GFK,ND,AGL,CE,Towers with Display (VFR),15,23,15,0,53,0,0,0,0,0,15,23,15,0,53,0,0,0,53
12/20/2002,GFK,ND,AGL,CE,Towers with Display (VFR),16,30,8,0,54,0,0,0,0,0,16,30,8,0,54,0,0,0,54
12/21/2002,GFK,ND,AGL,CE,Towers with Display (VFR),11,24,13,0,48,0,0,20,0,20,11,24,33,0,68,65,0,65,133
12/22/2002,GFK,ND,AGL,CE,Towers with Display (VFR),10,9,4,0,23,0,0,0,0,0,10,9,4,0,23,0,0,0,23
12/23/2002,GFK,ND,AGL,CE,Towers with Display (VFR),11,24,42,0,77,0,2,101,0,103,11,26,143,0,180,170,0,170,350
12/24/2002,GFK,ND,AGL,CE,Towers with Display (VFR),14,23,1,0,38,0,1,20,0,21,14,24,21,0,59,38,0,38,97
12/25/2002,GFK,ND,AGL,CE,Towers with Display (VFR),8,10,1,0,19,0,0,0,0,0,8,10,1,0,19,0,0,0,19
12/26/2002,GFK,ND,AGL,CE,Towers with Display (VFR),15,28,11,0,54,0,0,36,0,36,15,28,47,0,90,55,0,55,145
12/27/2002,GFK,ND,AGL,CE,Towers with Display (VFR),2,3,9,0,14,12,22,103,0,137,14,25,112,0,151,141,0,141,292
12/28/2002,GFK,ND,AGL,CE,Towers with Display (VFR),11,20,10,0,41,0,0,7,0,7,11,20,17,0,48,0,0,0,48
12/29/2002,GFK,ND,AGL,CE,Towers with Display (VFR),9,7,1,0,17,0,0,1,0,1,9,7,2,0,18,0,0,0,18
12/30/2002,GFK,ND,AGL,CE,Towers with Display (VFR),10,23,8,0,41,0,1,8,0,9,10,24,16,0,50,0,0,0,50
12/31/2002,GFK,ND,AGL,CE,Towers with Display (VFR),14,22,30,0,66,0,0,103,0,103,14,22,133,0,169,182,0,182,351
01/01/2003,GFK,ND,AGL,CE,Towers with Display (VFR),8,11,6,0,25,0,0,1,0,1,8,11,7,0,26,6,0,6,32
01/02/2003,GFK,ND,AGL,CE,Towers with Display (VFR),13,23,26,0,62,0,1,49,0,50,13,24,75,0,112,173,0,173,285
01/03/2003,GFK,ND,AGL,CE,Towers with Display (VFR),16,24,22,1,63,0,0,50,1,51,16,24,72,2,114,87,0,87,201
01/04/2003,GFK,ND,AGL,CE,Towers with Display (VFR),10,17,9,0,36,0,0,0,0,0,10,17,9,0,36,26,0,26,62
01/05/2003,GFK,ND,AGL,CE,Towers with Display (VFR),8,9,6,0,23,0,0,0,0,0,8,9,6,0,23,0,0,0,23
01/06/2003,GFK,ND,AGL,CE,Towers with Display (VFR),11,22,15,0,48,0,0,17,0,17,11,22,32,0,65,104,0,104,169
01/07/2003,GFK,ND,AGL,CE,Towers with Display (VFR),14,21,70,0,105,0,2,233,0,235,14,23,303,0,340,325,0,325,665
01/08/2003,GFK,ND,AGL,CE,Towers with Display (VFR),13,24,27,0,64,0,3,46,0,49,13,27,73,0,113,59,0,59,172
01/09/2003,GFK,ND,AGL,CE,Towers with Display (VFR),14,22,53,0,89,0,0,64,0,64,14,22,117,0,153,190,0,190,343
01/10/2003,GFK,ND,AGL,CE,Towers with Display (VFR),14,23,98,0,135,0,0,206,0,206,14,23,304,0,341,427,0,427,768
01/11/2003,GFK,ND,AGL,CE,Towers with Display (VFR),10,13,64,4,91,0,2,133,0,135,10,15,197,4,226,334,0,334,560
01/12/2003,GFK,ND,AGL,CE,Towers with Display (VFR),10,4,14,0,28,0,0,18,0,18,10,4,32,0,46,24,0,24,70
01/13/2003,GFK,ND,AGL,CE,Towers with Display (VFR),10,20,20,0,50,0,1,42,0,43,10,21,62,0,93,148,0,148,241
01/14/2003,GFK,ND,AGL,CE,Towers with Display (VFR),14,21,83,0,118,0,0,176,0,176,14,21,259,0,294,361,0,361,655
01/15/2003,GFK,ND,AGL,CE,Towers with Display (VFR),14,23,93,0,130,0,1,208,0,209,14,24,301,0,339,511,0,511,850
01/16/2003,GFK,ND,AGL,CE,Towers with Display (VFR),14,23,102,0,139,0,0,327,0,327,14,23,429,0,466,516,0,516,982
01/17/2003,GFK,ND,AGL,CE,Towers with Display (VFR),16,21,52,0,89,0,0,233,0,233,16,21,285,0,322,276,0,276,598
01/18/2003,GFK,ND,AGL,CE,Towers with Display (VFR),8,15,98,0,121,0,0,384,0,384,8,15,482,0,505,740,0,740,1245
01/19/2003,GFK,ND,AGL,CE,Towers with Display (VFR),10,3,43,0,56,0,0,121,0,121,10,3,164,0,177,438,0,438,615
01/20/2003,GFK,ND,AGL,CE,Towers with Display (VFR),10,18,96,0,124,0,4,412,0,416,10,22,508,0,540,766,0,766,1306
01/21/2003,GFK,ND,AGL,CE,Towers with Display (VFR),13,25,110,0,148,0,5,214,0,219,13,30,324,0,367,986,0,986,1353
01/22/2003,GFK,ND,AGL,CE,Towers with Display (VFR),16,23,101,0,140,0,2,355,0,357,16,25,456,0,497,704,0,704,1201
01/23/2003,GFK,ND,AGL,CE,Towers with Display (VFR),14,26,119,0,159,0,0,394,0,394,14,26,513,0,553,699,0,699,1252
01/24/2003,GFK,ND,AGL,CE,Towers with Display (VFR),14,25,25,0,64,0,1,40,0,41,14,26,65,0,105,415,0,415,520
01/25/2003,GFK,ND,AGL,CE,Towers with Display (VFR),12,13,62,0,87,0,1,206,0,207,12,14,268,0,294,529,0,529,823
01/26/2003,GFK,ND,AGL,CE,Towers with Display (VFR),12,3,35,0,50,0,0,226,0,226,12,3,261,0,276,604,0,604,880
01/27/2003,GFK,ND,AGL,CE,Towers with Display (VFR),10,19,41,0,70,0,0,46,0,46,10,19,87,0,116,306,0,306,422
01/28/2003,GFK,ND,AGL,CE,Towers with Display (VFR),14,22,140,0,176,0,2,324,0,326,14,24,464,0,502,786,0,786,1288
01/29/2003,GFK,ND,AGL,CE,Towers with Display (VFR),18,21,94,0,133,0,2,399,0,401,18,23,493,0,534,876,0,876,1410
01/30/2003,GFK,ND,AGL,CE,Towers with Display (VFR),14,22,56,0,92,0,0,28,0,28,14,22,84,0,120,113,0,113,233
01/31/2003,GFK,ND,AGL,CE,Towers with Display (VFR),14,23,108,0,145,0,0,450,0,450,14,23,558,0,595,816,0,816,1411
02/01/2003,GFK,ND,AGL,CE,Towers with Display (VFR),9,13,4,0,26,1,0,0,0,1,10,13,4,0,27,44,0,44,71
02/02/2003,GFK,ND,AGL,CE,Towers with Display (VFR),12,0,7,0,19,0,1,14,0,15,12,1,21,0,34,398,0,398,432
02/03/2003,GFK,ND,AGL,CE,Towers with Display (VFR),8,23,213,0,244,0,3,171,0,174,8,26,384,0,418,357,0,357,775
02/04/2003,GFK,ND,AGL,CE,Towers with Display (VFR),13,24,117,0,154,0,3,393,0,396,13,27,510,0,550,613,0,613,1163
02/05/2003,GFK,ND,AGL,CE,Towers with Display (VFR),15,23,145,0,183,0,0,106,1,107,15,23,251,1,290,456,0,456,746
02/06/2003,GFK,ND,AGL,CE,Towers with Display (VFR),15,25,148,1,189,0,8,469,1,478,15,33,617,2,667,596,0,596,1263
02/07/2003,GFK,ND,AGL,CE,Towers with Display (VFR),14,21,68,0,103,0,1,451,0,452,14,22,519,0,555,646,0,646,1201
02/08/2003,GFK,ND,AGL,CE,Towers with Display (VFR),10,13,145,0,168,0,2,272,0,274,10,15,417,0,442,747,0,747,1189
02/09/2003,GFK,ND,AGL,CE,Towers with Display (VFR),10,3,83,0,96,0,1,234,1,236,10,4,317,1,332,313,0,313,645
02/10/2003,GFK,ND,AGL,CE,Towers with Display (VFR),10,17,167,0,194,0,1,383,0,384,10,18,550,0,578,902,0,902,1480
02/11/2003,GFK,ND,AGL,CE,Towers with Display (VFR),14,24,53,0,91,0,0,71,0,71,14,24,124,0,162,283,0,283,445
02/12/2003,GFK,ND,AGL,CE,Towers with Display (VFR),14,23,155,0,192,0,2,452,2,456,14,25,607,2,648,1013,0,1013,1661
02/13/2003,GFK,ND,AGL,CE,Towers with Display (VFR),14,25,100,0,139,0,2,330,0,332,14,27,430,0,471,1041,0,1041,1512
02/14/2003,GFK,ND,AGL,CE,Towers with Display (VFR),14,24,111,0,149,0,0,342,0,342,14,24,453,0,491,1017,0,1017,1508
02/15/2003,GFK,ND,AGL,CE,Towers with Display (VFR),9,17,96,0,122,0,1,361,0,362,9,18,457,0,484,917,0,917,1401
02/16/2003,GFK,ND,AGL,CE,Towers with Display (VFR),11,7,13,0,31,0,0,46,0,46,11,7,59,0,77,140,0,140,217
02/17/2003,GFK,ND,AGL,CE,Towers with Display (VFR),10,22,64,0,96,0,0,137,0,137,10,22,201,0,233,483,0,483,716
02/18/2003,GFK,ND,AGL,CE,Towers with Display (VFR),14,20,36,0,70,1,1,43,0,45,15,21,79,0,115,270,0,270,385
02/19/2003,GFK,ND,AGL,CE,Towers with Display (VFR),13,26,173,1,213,0,1,387,1,389,13,27,560,2,602,887,0,887,1489
02/20/2003,GFK,ND,AGL,CE,Towers with Display (VFR),14,24,67,0,105,0,1,156,0,157,14,25,223,0,262,772,0,772,1034
02/21/2003,GFK,ND,AGL,CE,Towers with Display (VFR),14,23,113,0,150,0,1,104,0,105,14,24,217,0,255,362,0,362,617
02/22/2003,GFK,ND,AGL,CE,Towers with Display (VFR),10,18,131,0,159,1,2,383,0,386,11,20,514,0,545,757,0,757,1302
02/23/2003,GFK,ND,AGL,CE,Towers with Display (VFR),10,7,53,0,70,0,2,210,0,212,10,9,263,0,282,590,0,590,872
02/24/2003,GFK,ND,AGL,CE,Towers with Display (VFR),10,19,146,0,175,0,0,296,0,296,10,19,442,0,471,586,0,586,1057
02/25/2003,GFK,ND,AGL,CE,Towers with Display (VFR),14,23,173,2,212,0,4,437,1,442,14,27,610,3,654,951,0,951,1605
02/26/2003,GFK,ND,AGL,CE,Towers with Display (VFR),14,24,170,2,210,0,2,505,0,507,14,26,675,2,717,1265,0,1265,1982
02/27/2003,GFK,ND,AGL,CE,Towers with Display (VFR),14,23,178,1,216,0,3,504,2,509,14,26,682,3,725,1327,0,1327,2052
02/28/2003,GFK,ND,AGL,CE,Towers with Display (VFR),14,24,139,1,178,0,1,455,0,456,14,25,594,1,634,1136,0,1136,1770
03/01/2003,GFK,ND,AGL,CE,Towers with Display (VFR),9,20,18,0,47,1,0,9,0,10,10,20,27,0,57,72,0,72,129
03/02/2003,GFK,ND,AGL,CE,Towers with Display (VFR),10,8,61,0,79,0,0,140,0,140,10,8,201,0,219,466,0,466,685
03/03/2003,GFK,ND,AGL,CE,Towers with Display (VFR),9,22,47,0,78,0,0,29,0,29,9,22,76,0,107,290,0,290,397
03/04/2003,GFK,ND,AGL,CE,Towers with Display (VFR),14,183,29,0,226,0,357,119,1,477,14,540,148,1,703,834,0,834,1537
03/05/2003,GFK,ND,AGL,CE,Towers with Display (VFR),14,199,14,0,227,0,395,88,1,484,14,594,102,1,711,734,0,734,1445
03/06/2003,GFK,ND,AGL,CE,Towers with Display (VFR),12,36,10,0,58,0,36,13,0,49,12,72,23,0,107,383,0,383,490
03/07/2003,GFK,ND,AGL,CE,Towers with Display (VFR),14,150,13,2,179,0,105,27,2,134,14,255,40,4,313,780,0,780,1093
03/08/2003,GFK,ND,AGL,CE,Towers with Display (VFR),5,132,2,0,139,1,254,50,0,305,6,386,52,0,444,381,0,381,825
03/09/2003,GFK,ND,AGL,CE,Towers with Display (VFR),9,34,5,0,48,1,18,12,0,31,10,52,17,0,79,143,0,143,222
03/10/2003,GFK,ND,AGL,CE,Towers with Display (VFR),8,158,14,0,180,1,347,58,0,406,9,505,72,0,586,849,0,849,1435
03/11/2003,GFK,ND,AGL,CE,Towers with Display (VFR),13,80,10,2,105,0,43,6,0,49,13,123,16,2,154,236,0,236,390
03/12/2003,GFK,ND,AGL,CE,Towers with Display (VFR),13,91,5,3,112,0,128,15,1,144,13,219,20,4,256,487,0,487,743
03/13/2003,GFK,ND,AGL,CE,Towers with Display (VFR),13,37,16,0,66,0,2,3,0,5,13,39,19,0,71,0,0,0,71
03/14/2003,GFK,ND,AGL,CE,Towers with Display (VFR),14,103,48,0,165,0,262,0,8,270,14,365,48,8,435,620,0,620,1055
03/15/2003,GFK,ND,AGL,CE,Towers with Display (VFR),10,54,3,2,69,0,52,10,0,62,10,106,13,2,131,280,0,280,411
03/16/2003,GFK,ND,AGL,CE,Towers with Display (VFR),10,32,8,0,50,0,75,21,0,96,10,107,29,0,146,339,0,339,485
03/17/2003,GFK,ND,AGL,CE,Towers with Display (VFR),10,40,6,3,59,0,2,2,0,4,10,42,8,3,63,0,0,0,63
03/18/2003,GFK,ND,AGL,CE,Towers with Display (VFR),14,82,2,0,98,0,16,2,0,18,14,98,4,0,116,22,0,22,138
03/19/2003,GFK,ND,AGL,CE,Towers with Display (VFR),14,77,10,0,101,0,30,21,0,51,14,107,31,0,152,447,0,447,599
03/20/2003,GFK,ND,AGL,CE,Towers with Display (VFR),15,30,8,0,53,0,0,7,0,7,15,30,15,0,60,184,0,184,244
03/21/2003,GFK,ND,AGL,CE,Towers with Display (VFR),14,66,4,0,84,0,155,74,1,230,14,221,78,1,314,561,0,561,875
03/22/2003,GFK,ND,AGL,CE,Towers with Display (VFR),10,53,8,1,72,0,148,39,0,187,10,201,47,1,259,322,0,322,581
03/23/2003,GFK,ND,AGL,CE,Towers with Display (VFR),10,32,13,0,55,0,75,23,0,98,10,107,36,0,153,304,0,304,457
03/24/2003,GFK,ND,AGL,CE,Towers with Display (VFR),11,48,8,0,67,0,42,4,0,46,11,90,12,0,113,153,0,153,266
03/25/2003,GFK,ND,AGL,CE,Towers with Display (VFR),14,171,8,0,193,0,380,46,3,429,14,551,54,3,622,795,0,795,1417
03/26/2003,GFK,ND,AGL,CE,Towers with Display (VFR),15,41,55,1,112,0,28,143,2,173,15,69,198,3,285,642,0,642,927
03/27/2003,GFK,ND,AGL,CE,Towers with Display (VFR),14,25,83,0,122,0,0,110,0,110,14,25,193,0,232,357,0,357,589
03/28/2003,GFK,ND,AGL,CE,Towers with Display (VFR),14,22,141,0,177,0,1,318,0,319,14,23,459,0,496,584,0,584,1080
03/29/2003,GFK,ND,AGL,CE,Towers with Display (VFR),10,14,161,0,185,0,2,417,0,419,10,16,578,0,604,882,0,882,1486
03/30/2003,GFK,ND,AGL,CE,Towers with Display (VFR),10,7,72,4,93,0,1,294,1,296,10,8,366,5,389,573,0,573,962
03/31/2003,GFK,ND,AGL,CE,Towers with Display (VFR),10,17,161,0,188,0,2,356,0,358,10,19,517,0,546,684,0,684,1230
04/01/2003,GFK,ND,AGL,CE,Towers with Display (VFR),13,24,79,0,116,1,0,146,0,147,14,24,225,0,263,607,0,607,870
04/02/2003,GFK,ND,AGL,CE,Towers with Display (VFR),13,23,26,0,62,1,0,53,0,54,14,23,79,0,116,284,0,284,400
04/03/2003,GFK,ND,AGL,CE,Towers with Display (VFR),12,24,8,0,44,1,0,0,0,1,13,24,8,0,45,13,0,13,58
04/04/2003,GFK,ND,AGL,CE,Towers with Display (VFR),12,22,45,0,79,0,1,46,0,47,12,23,91,0,126,578,0,578,704
04/05/2003,GFK,ND,AGL,CE,Towers with Display (VFR),8,15,118,0,141,0,2,292,0,294,8,17,410,0,435,990,0,990,1425
04/06/2003,GFK,ND,AGL,CE,Towers with Display (VFR),9,6,97,0,112,0,1,288,0,289,9,7,385,0,401,528,0,528,929
04/07/2003,GFK,ND,AGL,CE,Towers with Display (VFR),11,16,155,0,182,0,2,428,0,430,11,18,583,0,612,806,0,806,1418
04/08/2003,GFK,ND,AGL,CE,Towers with Display (VFR),14,17,148,0,179,0,3,451,0,454,14,20,599,0,633,832,0,832,1465
04/09/2003,GFK,ND,AGL,CE,Towers with Display (VFR),14,23,135,0,172,0,0,393,4,397,14,23,528,4,569,961,0,961,1530
04/10/2003,GFK,ND,AGL,CE,Towers with Display (VFR),14,22,173,0,209,0,2,347,2,351,14,24,520,2,560,656,0,656,1216
04/11/2003,GFK,ND,AGL,CE,Towers with Display (VFR),14,24,123,1,162,0,1,426,2,429,14,25,549,3,591,812,0,812,1403
04/12/2003,GFK,ND,AGL,CE,Towers with Display (VFR),10,11,51,0,72,0,5,413,0,418,10,16,464,0,490,409,0,409,899
04/13/2003,GFK,ND,AGL,CE,Towers with Display (VFR),10,7,44,0,61,0,1,324,0,325,10,8,368,0,386,357,0,357,743
04/14/2003,GFK,ND,AGL,CE,Towers with Display (VFR),10,18,146,0,174,0,1,182,2,185,10,19,328,2,359,589,0,589,948
04/15/2003,GFK,ND,AGL,CE,Towers with Display (VFR),14,22,107,0,143,0,0,204,0,204,14,22,311,0,347,422,0,422,769
04/16/2003,GFK,ND,AGL,CE,Towers with Display (VFR),17,22,40,1,80,0,1,83,1,85,17,23,123,2,165,133,0,133,298
04/17/2003,GFK,ND,AGL,CE,Towers with Display (VFR),14,25,73,0,112,0,0,104,0,104,14,25,177,0,216,596,0,596,812
04/18/2003,GFK,ND,AGL,CE,Towers with Display (VFR),14,22,130,2,168,0,0,44,0,44,14,22,174,2,212,227,0,227,439
04/19/2003,GFK,ND,AGL,CE,Towers with Display (VFR),11,13,28,2,54,0,0,9,0,9,11,13,37,2,63,0,0,0,63
04/20/2003,GFK,ND,AGL,CE,Towers with Display (VFR),10,7,4,0,21,0,0,3,0,3,10,7,7,0,24,31,0,31,55
04/21/2003,GFK,ND,AGL,CE,Towers with Display (VFR),10,17,116,0,143,0,1,340,0,341,10,18,456,0,484,502,0,502,986
04/22/2003,GFK,ND,AGL,CE,Towers with Display (VFR),14,24,132,0,170,0,4,360,0,364,14,28,492,0,534,875,0,875,1409
04/23/2003,GFK,ND,AGL,CE,Towers with Display (VFR),14,19,157,0,190,0,4,371,0,375,14,23,528,0,565,844,0,844,1409
04/24/2003,GFK,ND,AGL,CE,Towers with Display (VFR),13,23,123,0,159,0,2,353,1,356,13,25,476,1,515,634,0,634,1149
04/25/2003,GFK,ND,AGL,CE,Towers with Display (VFR),13,23,158,0,194,0,1,459,1,461,13,24,617,1,655,946,0,946,1601
04/26/2003,GFK,ND,AGL,CE,Towers with Display (VFR),10,16,76,0,102,0,1,219,1,221,10,17,295,1,323,590,0,590,913
04/27/2003,GFK,ND,AGL,CE,Towers with Display (VFR),10,8,10,0,28,0,0,13,0,13,10,8,23,0,41,139,0,139,180
04/28/2003,GFK,ND,AGL,CE,Towers with Display (VFR),9,19,115,2,145,0,1,287,0,288,9,20,402,2,433,950,0,950,1383
04/29/2003,GFK,ND,AGL,CE,Towers with Display (VFR),14,23,126,0,163,0,1,335,0,336,14,24,461,0,499,903,0,903,1402
04/30/2003,GFK,ND,AGL,CE,Towers with Display (VFR),13,23,124,1,161,0,8,365,1,374,13,31,489,2,535,835,0,835,1370
05/01/2003,GFK,ND,AGL,CE,Towers with Display (VFR),14,22,119,2,157,0,1,342,0,343,14,23,461,2,500,734,0,734,1234
05/02/2003,GFK,ND,AGL,CE,Towers with Display (VFR),14,23,120,0,157,0,2,357,0,359,14,25,477,0,516,656,0,656,1172
05/03/2003,GFK,ND,AGL,CE,Towers with Display (VFR),10,13,32,0,55,0,0,88,1,89,10,13,120,1,144,203,0,203,347
05/04/2003,GFK,ND,AGL,CE,Towers with Display (VFR),12,7,34,0,53,0,0,37,0,37,12,7,71,0,90,255,0,255,345
05/05/2003,GFK,ND,AGL,CE,Towers with Display (VFR),10,17,104,2,133,0,1,134,0,135,10,18,238,2,268,608,0,608,876
05/06/2003,GFK,ND,AGL,CE,Towers with Display (VFR),16,24,109,2,151,0,0,82,0,82,16,24,191,2,233,650,0,650,883
05/07/2003,GFK,ND,AGL,CE,Towers with Display (VFR),14,24,158,0,196,0,2,430,0,432,14,26,588,0,628,781,0,781,1409
05/08/2003,GFK,ND,AGL,CE,Towers with Display (VFR),14,20,108,0,142,0,3,240,0,243,14,23,348,0,385,721,0,721,1106
05/09/2003,GFK,ND,AGL,CE,Towers with Display (VFR),12,19,97,0,128,0,9,15,2,26,12,28,112,2,154,114,0,114,268
05/10/2003,GFK,ND,AGL,CE,Towers with Display (VFR),10,11,25,0,46,0,0,5,0,5,10,11,30,0,51,2,0,2,53
05/11/2003,GFK,ND,AGL,CE,Towers with Display (VFR),8,1,22,0,31,0,0,71,0,71,8,1,93,0,102,140,0,140,242
05/12/2003,GFK,ND,AGL,CE,Towers with Display (VFR),12,17,150,0,179,0,2,419,3,424,12,19,569,3,603,1010,0,1010,1613
05/13/2003,GFK,ND,AGL,CE,Towers with Display (VFR),14,23,149,0,186,0,2,409,2,413,14,25,558,2,599,1172,0,1172,1771
05/14/2003,GFK,ND,AGL,CE,Towers with Display (VFR),15,22,125,0,162,0,2,408,0,410,15,24,533,0,572,1255,0,1255,1827
05/15/2003,GFK,ND,AGL,CE,Towers with Display (VFR),14,21,107,0,142,0,1,487,0,488,14,22,594,0,630,1264,0,1264,1894
05/16/2003,GFK,ND,AGL,CE,Towers with Display (VFR),14,19,66,0,99,0,1,333,4,338,14,20,399,4,437,977,0,977,1414
05/17/2003,GFK,ND,AGL,CE,Towers with Display (VFR),10,13,55,2,80,0,1,85,2,88,10,14,140,4,168,635,2,637,805
05/18/2003,GFK,ND,AGL,CE,Towers with Display (VFR),10,9,21,0,40,0,0,7,0,7,10,9,28,0,47,8,0,8,55
05/19/2003,GFK,ND,AGL,CE,Towers with Display (VFR),7,11,96,0,114,0,0,101,0,101,7,11,197,0,215,732,0,732,947
05/20/2003,GFK,ND,AGL,CE,Towers with Display (VFR),14,24,116,0,154,0,2,454,0,456,14,26,570,0,610,550,0,550,1160
05/21/2003,GFK,ND,AGL,CE,Towers with Display (VFR),14,25,124,2,165,0,10,172,0,182,14,35,296,2,347,912,0,912,1259
05/22/2003,GFK,ND,AGL,CE,Towers with Display (VFR),15,20,177,0,212,0,3,325,1,329,15,23,502,1,541,641,0,641,1182
05/23/2003,GFK,ND,AGL,CE,Towers with Display (VFR),14,20,127,0,161,0,5,133,0,138,14,25,260,0,299,404,0,404,703
05/24/2003,GFK,ND,AGL,CE,Towers with Display (VFR),11,13,88,0,112,0,1,59,0,60,11,14,147,0,172,420,0,420,592
05/25/2003,GFK,ND,AGL,CE,Towers with Display (VFR),7,6,51,0,64,0,1,141,2,144,7,7,192,2,208,233,0,233,441
05/26/2003,GFK,ND,AGL,CE,Towers with Display (VFR),7,7,61,0,75,0,1,172,2,175,7,8,233,2,250,658,0,658,908
05/27/2003,GFK,ND,AGL,CE,Towers with Display (VFR),10,15,111,0,136,0,1,176,0,177,10,16,287,0,313,736,0,736,1049
05/28/2003,GFK,ND,AGL,CE,Towers with Display (VFR),14,22,138,4,178,0,4,276,0,280,14,26,414,4,458,501,0,501,959
05/29/2003,GFK,ND,AGL,CE,Towers with Display (VFR),14,16,103,1,134,0,3,170,0,173,14,19,273,1,307,409,0,409,716
05/30/2003,GFK,ND,AGL,CE,Towers with Display (VFR),13,22,59,0,94,0,1,39,0,40,13,23,98,0,134,58,0,58,192
05/31/2003,GFK,ND,AGL,CE,Towers with Display (VFR),10,11,94,0,115,0,2,241,0,243,10,13,335,0,358,471,0,471,829
06/01/2003,GFK,ND,AGL,CE,Towers with Display (VFR),10,7,26,0,43,0,0,123,0,123,10,7,149,0,166,154,0,154,320
06/02/2003,GFK,ND,AGL,CE,Towers with Display (VFR),10,17,137,0,164,0,2,163,0,165,10,19,300,0,329,616,0,616,945
06/03/2003,GFK,ND,AGL,CE,Towers with Display (VFR),13,22,131,0,166,0,1,219,0,220,13,23,350,0,386,454,0,454,840
06/04/2003,GFK,ND,AGL,CE,Towers with Display (VFR),14,22,136,5,177,0,0,157,2,159,14,22,293,7,336,581,0,581,917
06/05/2003,GFK,ND,AGL,CE,Towers with Display (VFR),13,20,121,2,156,0,1,150,0,151,13,21,271,2,307,473,0,473,780
06/06/2003,GFK,ND,AGL,CE,Towers with Display (VFR),14,25,68,0,107,0,0,151,1,152,14,25,219,1,259,350,0,350,609
06/07/2003,GFK,ND,AGL,CE,Towers with Display (VFR),10,18,86,0,114,0,0,41,0,41,10,18,127,0,155,177,0,177,332
06/08/2003,GFK,ND,AGL,CE,Towers with Display (VFR),10,7,56,0,73,0,0,139,1,140,10,7,195,1,213,293,0,293,506
06/09/2003,GFK,ND,AGL,CE,Towers with Display (VFR),11,20,85,0,116,0,0,200,0,200,11,20,285,0,316,429,0,429,745
06/10/2003,GFK,ND,AGL,CE,Towers with Display (VFR),12,25,128,0,165,0,4,152,0,156,12,29,280,0,321,502,0,502,823
06/11/2003,GFK,ND,AGL,CE,Towers with Display (VFR),14,29,91,0,134,0,6,284,0,290,14,35,375,0,424,565,0,565,989
06/12/2003,GFK,ND,AGL,CE,Towers with Display (VFR),15,31,106,0,152,0,6,219,0,225,15,37,325,0,377,575,0,575,952
06/13/2003,GFK,ND,AGL,CE,Towers with Display (VFR),14,23,95,0,132,0,3,325,1,329,14,26,420,1,461,605,0,605,1066
06/14/2003,GFK,ND,AGL,CE,Towers with Display (VFR),10,17,38,3,68,0,0,166,0,166,10,17,204,3,234,416,0,416,650
06/15/2003,GFK,ND,AGL,CE,Towers with Display (VFR),12,7,29,0,48,0,0,112,0,112,12,7,141,0,160,240,0,240,400
06/16/2003,GFK,ND,AGL,CE,Towers with Display (VFR),10,24,55,0,89,0,0,177,0,177,10,24,232,0,266,673,0,673,939
06/17/2003,GFK,ND,AGL,CE,Towers with Display (VFR),15,27,88,0,130,0,4,288,5,297,15,31,376,5,427,641,0,641,1068
06/18/2003,GFK,ND,AGL,CE,Towers with Display (VFR),14,26,83,0,123,0,1,336,4,341,14,27,419,4,464,812,0,812,1276
06/19/2003,GFK,ND,AGL,CE,Towers with Display (VFR),14,23,87,1,125,0,2,297,3,302,14,25,384,4,427,822,0,822,1249
06/20/2003,GFK,ND,AGL,CE,Towers with Display (VFR),13,23,45,0,81,1,1,108,0,110,14,24,153,0,191,263,0,263,454
06/21/2003,GFK,ND,AGL,CE,Towers with Display (VFR),9,15,14,0,38,0,0,18,0,18,9,15,32,0,56,96,0,96,152
06/22/2003,GFK,ND,AGL,CE,Towers with Display (VFR),10,7,44,0,61,0,0,45,0,45,10,7,89,0,106,295,0,295,401
06/23/2003,GFK,ND,AGL,CE,Towers with Display (VFR),10,19,56,0,85,0,1,153,0,154,10,20,209,0,239,712,0,712,951
06/24/2003,GFK,ND,AGL,CE,Towers with Display (VFR),13,25,79,0,117,0,1,217,0,218,13,26,296,0,335,791,0,791,1126
06/25/2003,GFK,ND,AGL,CE,Towers with Display (VFR),14,25,74,0,113,0,10,89,0,99,14,35,163,0,212,437,0,437,649
06/26/2003,GFK,ND,AGL,CE,Towers with Display (VFR),14,26,67,1,108,0,0,270,1,271,14,26,337,2,379,821,0,821,1200
06/27/2003,GFK,ND,AGL,CE,Towers with Display (VFR),14,24,75,0,113,0,2,170,0,172,14,26,245,0,285,965,0,965,1250
06/28/2003,GFK,ND,AGL,CE,Towers with Display (VFR),10,15,30,0,55,0,0,138,0,138,10,15,168,0,193,435,0,435,628
06/29/2003,GFK,ND,AGL,CE,Towers with Display (VFR),10,6,34,0,50,0,0,139,0,139,10,6,173,0,189,320,0,320,509
06/30/2003,GFK,ND,AGL,CE,Towers with Display (VFR),10,22,62,0,94,0,0,227,0,227,10,22,289,0,321,735,0,735,1056
07/01/2003,GFK,ND,AGL,CE,Towers with Display (VFR),15,25,79,0,119,0,4,201,0,205,15,29,280,0,324,482,0,482,806
07/02/2003,GFK,ND,AGL,CE,Towers with Display (VFR),14,27,39,0,80,0,5,170,0,175,14,32,209,0,255,479,0,479,734
07/03/2003,GFK,ND,AGL,CE,Towers with Display (VFR),13,26,68,2,109,0,1,190,0,191,13,27,258,2,300,527,0,527,827
07/04/2003,GFK,ND,AGL,CE,Towers with Display (VFR),5,7,5,0,17,0,0,29,0,29,5,7,34,0,46,10,0,10,56
07/05/2003,GFK,ND,AGL,CE,Towers with Display (VFR),11,16,0,0,27,0,0,15,0,15,11,16,15,0,42,46,0,46,88
07/06/2003,GFK,ND,AGL,CE,Towers with Display (VFR),10,9,7,0,26,0,0,24,0,24,10,9,31,0,50,18,0,18,68
07/07/2003,GFK,ND,AGL,CE,Towers with Display (VFR),10,22,80,0,112,0,0,204,0,204,10,22,284,0,316,566,0,566,882
07/08/2003,GFK,ND,AGL,CE,Towers with Display (VFR),14,24,101,2,141,0,3,224,0,227,14,27,325,2,368,766,0,766,1134
07/09/2003,GFK,ND,AGL,CE,Towers with Display (VFR),14,26,126,0,166,0,1,62,0,63,14,27,188,0,229,151,0,151,380
07/10/2003,GFK,ND,AGL,CE,Towers with Display (VFR),13,25,168,0,206,0,2,229,0,231,13,27,397,0,437,535,0,535,972
07/11/2003,GFK,ND,AGL,CE,Towers with Display (VFR),13,21,135,0,169,0,1,229,0,230,13,22,364,0,399,520,0,520,919
07/12/2003,GFK,ND,AGL,CE,Towers with Display (VFR),10,16,79,0,105,0,5,230,1,236,10,21,309,1,341,556,0,556,897
07/13/2003,GFK,ND,AGL,CE,Towers with Display (VFR),8,8,35,0,51,0,0,67,0,67,8,8,102,0,118,206,0,206,324
07/14/2003,GFK,ND,AGL,CE,Towers with Display (VFR),9,19,61,1,90,0,4,158,1,163,9,23,219,2,253,208,0,208,461
07/15/2003,GFK,ND,AGL,CE,Towers with Display (VFR),14,22,208,0,244,0,2,263,0,265,14,24,471,0,509,693,0,693,1202
07/16/2003,GFK,ND,AGL,CE,Towers with Display (VFR),14,19,142,0,175,0,5,359,1,365,14,24,501,1,540,746,0,746,1286
07/17/2003,GFK,ND,AGL,CE,Towers with Display (VFR),14,20,152,0,186,1,4,291,0,296,15,24,443,0,482,681,0,681,1163
07/18/2003,GFK,ND,AGL,CE,Towers with Display (VFR),14,20,103,0,137,0,4,268,0,272,14,24,371,0,409,611,0,611,1020
07/19/2003,GFK,ND,AGL,CE,Towers with Display (VFR),11,12,71,2,96,0,2,124,0,126,11,14,195,2,222,298,0,298,520
07/20/2003,GFK,ND,AGL,CE,Towers with Display (VFR),11,5,38,0,54,0,0,113,0,113,11,5,151,0,167,238,0,238,405
07/21/2003,GFK,ND,AGL,CE,Towers with Display (VFR),9,19,116,0,144,0,1,209,0,210,9,20,325,0,354,542,0,542,896
07/22/2003,GFK,ND,AGL,CE,Towers with Display (VFR),14,21,102,0,137,0,2,222,0,224,14,23,324,0,361,597,0,597,958
07/23/2003,GFK,ND,AGL,CE,Towers with Display (VFR),16,23,115,2,156,0,12,274,1,287,16,35,389,3,443,777,0,777,1220
07/24/2003,GFK,ND,AGL,CE,Towers with Display (VFR),14,21,104,1,140,0,2,273,1,276,14,23,377,2,416,528,0,528,944
07/25/2003,GFK,ND,AGL,CE,Towers with Display (VFR),14,22,112,0,148,0,1,258,0,259,14,23,370,0,407,598,0,598,1005
07/26/2003,GFK,ND,AGL,CE,Towers with Display (VFR),10,15,86,0,111,0,0,133,2,135,10,15,219,2,246,332,0,332,578
07/27/2003,GFK,ND,AGL,CE,Towers with Display (VFR),10,10,54,2,76,0,0,119,0,119,10,10,173,2,195,133,0,133,328
07/28/2003,GFK,ND,AGL,CE,Towers with Display (VFR),10,23,86,5,124,0,0,212,1,213,10,23,298,6,337,536,0,536,873
07/29/2003,GFK,ND,AGL,CE,Towers with Display (VFR),14,25,97,0,136,0,0,162,0,162,14,25,259,0,298,560,0,560,858
07/30/2003,GFK,ND,AGL,CE,Towers with Display (VFR),14,24,83,3,124,0,3,147,0,150,14,27,230,3,274,379,0,379,653
07/31/2003,GFK,ND,AGL,CE,Towers with Display (VFR),14,24,108,0,146,0,1,239,2,242,14,25,347,2,388,593,0,593,981
08/01/2003,GFK,ND,AGL,CE,Towers with Display (VFR),14,23,83,0,120,0,1,53,0,54,14,24,136,0,174,82,0,82,256
08/02/2003,GFK,ND,AGL,CE,Towers with Display (VFR),11,15,67,2,95,0,1,168,0,169,11,16,235,2,264,377,0,377,641
08/03/2003,GFK,ND,AGL,CE,Towers with Display (VFR),10,8,35,0,53,0,1,69,3,73,10,9,104,3,126,122,0,122,248
08/04/2003,GFK,ND,AGL,CE,Towers with Display (VFR),9,18,96,0,123,0,1,236,0,237,9,19,332,0,360,528,0,528,888
08/05/2003,GFK,ND,AGL,CE,Towers with Display (VFR),14,21,81,0,116,0,0,57,3,60,14,21,138,3,176,354,0,354,530
08/06/2003,GFK,ND,AGL,CE,Towers with Display (VFR),14,27,128,0,169,0,0,153,0,153,14,27,281,0,322,337,0,337,659
08/07/2003,GFK,ND,AGL,CE,Towers with Display (VFR),14,22,101,0,137,0,1,253,0,254,14,23,354,0,391,507,0,507,898
08/08/2003,GFK,ND,AGL,CE,Towers with Display (VFR),14,22,66,0,102,0,1,187,0,188,14,23,253,0,290,362,0,362,652
08/09/2003,GFK,ND,AGL,CE,Towers with Display (VFR),10,12,30,0,52,0,1,88,0,89,10,13,118,0,141,156,0,156,297
08/10/2003,GFK,ND,AGL,CE,Towers with Display (VFR),10,7,9,0,26,0,0,32,0,32,10,7,41,0,58,15,0,15,73
08/11/2003,GFK,ND,AGL,CE,Towers with Display (VFR),10,24,36,1,71,0,0,100,1,101,10,24,136,2,172,227,0,227,399
08/12/2003,GFK,ND,AGL,CE,Towers with Display (VFR),14,24,48,2,88,0,1,144,1,146,14,25,192,3,234,282,0,282,516
08/13/2003,GFK,ND,AGL,CE,Towers with Display (VFR),14,27,75,0,116,0,6,107,0,113,14,33,182,0,229,165,0,165,394
08/14/2003,GFK,ND,AGL,CE,Towers with Display (VFR),13,23,50,0,86,0,3,83,0,86,13,26,133,0,172,175,0,175,347
08/15/2003,GFK,ND,AGL,CE,Towers with Display (VFR),14,25,86,0,125,0,4,139,4,147,14,29,225,4,272,359,0,359,631
08/16/2003,GFK,ND,AGL,CE,Towers with Display (VFR),10,15,34,1,60,0,0,79,1,80,10,15,113,2,140,179,0,179,319
08/17/2003,GFK,ND,AGL,CE,Towers with Display (VFR),9,7,2,0,18,0,0,26,0,26,9,7,28,0,44,12,0,12,56
08/18/2003,GFK,ND,AGL,CE,Towers with Display (VFR),9,21,40,0,70,0,0,81,0,81,9,21,121,0,151,124,0,124,275
08/19/2003,GFK,ND,AGL,CE,Towers with Display (VFR),15,26,80,0,121,0,2,105,0,107,15,28,185,0,228,232,0,232,460
08/20/2003,GFK,ND,AGL,CE,Towers with Display (VFR),14,26,62,0,102,0,1,114,0,115,14,27,176,0,217,234,0,234,451
08/21/2003,GFK,ND,AGL,CE,Towers with Display (VFR),14,25,47,0,86,0,2,65,0,67,14,27,112,0,153,146,0,146,299
08/22/2003,GFK,ND,AGL,CE,Towers with Display (VFR),14,23,18,0,55,0,0,45,0,45,14,23,63,0,100,172,0,172,272
08/23/2003,GFK,ND,AGL,CE,Towers with Display (VFR),10,15,11,0,36,0,0,15,0,15,10,15,26,0,51,33,33,66,117
08/24/2003,GFK,ND,AGL,CE,Towers with Display (VFR),10,5,33,1,49,0,0,58,1,59,10,5,91,2,108,95,0,95,203
08/25/2003,GFK,ND,AGL,CE,Towers with Display (VFR),10,22,56,0,88,0,2,77,0,79,10,24,133,0,167,225,0,225,392
08/26/2003,GFK,ND,AGL,CE,Towers with Display (VFR),15,25,43,1,84,0,4,79,1,84,15,29,122,2,168,350,0,350,518
08/27/2003,GFK,ND,AGL,CE,Towers with Display (VFR),14,25,40,0,79,0,1,71,0,72,14,26,111,0,151,251,0,251,402
08/28/2003,GFK,ND,AGL,CE,Towers with Display (VFR),14,26,75,2,117,0,1,115,0,116,14,27,190,2,233,268,0,268,501
08/29/2003,GFK,ND,AGL,CE,Towers with Display (VFR),16,24,58,0,98,0,2,271,0,273,16,26,329,0,371,430,0,430,801
08/30/2003,GFK,ND,AGL,CE,Towers with Display (VFR),8,15,15,0,38,0,0,303,1,304,8,15,318,1,342,499,0,499,841
08/31/2003,GFK,ND,AGL,CE,Towers with Display (VFR),7,6,30,0,43,0,0,140,0,140,7,6,170,0,183,210,0,210,393
09/01/2003,GFK,ND,AGL,CE,Towers with Display (VFR),6,9,63,0,78,0,4,297,0,301,6,13,360,0,379,675,0,675,1054
09/02/2003,GFK,ND,AGL,CE,Towers with Display (VFR),8,21,82,0,111,0,0,289,0,289,8,21,371,0,400,509,0,509,909
09/03/2003,GFK,ND,AGL,CE,Towers with Display (VFR),12,29,107,0,148,0,0,386,0,386,12,29,493,0,534,812,0,812,1346
09/04/2003,GFK,ND,AGL,CE,Towers with Display (VFR),12,28,139,0,179,0,1,466,0,467,12,29,605,0,646,972,0,972,1618
09/05/2003,GFK,ND,AGL,CE,Towers with Display (VFR),12,27,122,0,161,0,2,461,0,463,12,29,583,0,624,972,0,972,1596
09/06/2003,GFK,ND,AGL,CE,Towers with Display (VFR),9,21,111,0,141,0,1,365,0,366,9,22,476,0,507,1039,0,1039,1546
09/07/2003,GFK,ND,AGL,CE,Towers with Display (VFR),9,11,40,0,60,0,0,217,0,217,9,11,257,0,277,351,0,351,628
09/08/2003,GFK,ND,AGL,CE,Towers with Display (VFR),8,25,127,2,162,0,1,340,0,341,8,26,467,2,503,858,0,858,1361
09/09/2003,GFK,ND,AGL,CE,Towers with Display (VFR),12,28,109,2,151,0,0,160,0,160,12,28,269,2,311,710,0,710,1021
09/10/2003,GFK,ND,AGL,CE,Towers with Display (VFR),12,28,112,4,156,0,0,72,2,74,12,28,184,6,230,335,0,335,565
09/11/2003,GFK,ND,AGL,CE,Towers with Display (VFR),10,27,162,3,202,0,1,409,2,412,10,28,571,5,614,909,0,909,1523
09/12/2003,GFK,ND,AGL,CE,Towers with Display (VFR),14,31,153,0,198,0,3,378,0,381,14,34,531,0,579,796,0,796,1375
09/13/2003,GFK,ND,AGL,CE,Towers with Display (VFR),11,18,90,0,119,0,1,350,1,352,11,19,440,1,471,398,0,398,869
09/14/2003,GFK,ND,AGL,CE,Towers with Display (VFR),9,12,43,0,64,0,0,15,0,15,9,12,58,0,79,133,0,133,212
09/15/2003,GFK,ND,AGL,CE,Towers with Display (VFR),8,23,137,1,169,0,3,432,1,436,8,26,569,2,605,932,0,932,1537
09/16/2003,GFK,ND,AGL,CE,Towers with Display (VFR),12,29,97,7,145,0,0,416,2,418,12,29,513,9,563,943,0,943,1506
09/17/2003,GFK,ND,AGL,CE,Towers with Display (VFR),12,33,94,1,140,0,3,97,3,103,12,36,191,4,243,403,0,403,646
09/18/2003,GFK,ND,AGL,CE,Towers with Display (VFR),12,27,182,0,221,0,1,109,1,111,12,28,291,1,332,737,0,737,1069
09/19/2003,GFK,ND,AGL,CE,Towers with Display (VFR),12,27,137,0,176,0,0,524,0,524,12,27,661,0,700,1128,0,1128,1828
09/20/2003,GFK,ND,AGL,CE,Towers with Display (VFR),10,21,92,3,126,0,0,385,0,385,10,21,477,3,511,745,0,745,1256
09/21/2003,GFK,ND,AGL,CE,Towers with Display (VFR),9,11,71,0,91,0,0,36,0,36,9,11,107,0,127,411,0,411,538
09/22/2003,GFK,ND,AGL,CE,Towers with Display (VFR),8,26,149,0,183,0,1,206,0,207,8,27,355,0,390,803,0,803,1193
09/23/2003,GFK,ND,AGL,CE,Towers with Display (VFR),12,27,108,0,147,0,0,498,0,498,12,27,606,0,645,900,0,900,1545
09/24/2003,GFK,ND,AGL,CE,Towers with Display (VFR),12,31,37,0,80,0,0,46,0,46,12,31,83,0,126,227,0,227,353
09/25/2003,GFK,ND,AGL,CE,Towers with Display (VFR),12,25,136,0,173,0,4,446,0,450,12,29,582,0,623,1050,0,1050,1673
09/26/2003,GFK,ND,AGL,CE,Towers with Display (VFR),12,33,169,0,214,0,0,238,0,238,12,33,407,0,452,831,0,831,1283
09/27/2003,GFK,ND,AGL,CE,Towers with Display (VFR),10,18,120,0,148,0,4,77,0,81,10,22,197,0,229,822,0,822,1051
09/28/2003,GFK,ND,AGL,CE,Towers with Display (VFR),10,11,64,0,85,0,0,216,0,216,10,11,280,0,301,687,0,687,988
09/29/2003,GFK,ND,AGL,CE,Towers with Display (VFR),8,25,165,0,198,0,4,393,0,397,8,29,558,0,595,1082,0,1082,1677
09/30/2003,GFK,ND,AGL,CE,Towers with Display (VFR),12,29,141,0,182,0,4,380,0,384,12,33,521,0,566,1011,0,1011,1577
10/01/2003,GFK,ND,AGL,CE,Towers with Display (VFR),15,30,161,0,206,0,0,429,0,429,15,30,590,0,635,1027,0,1027,1662
10/02/2003,GFK,ND,AGL,CE,Towers with Display (VFR),12,31,125,0,168,0,0,390,0,390,12,31,515,0,558,1283,0,1283,1841
10/03/2003,GFK,ND,AGL,CE,Towers with Display (VFR),12,30,156,0,198,0,0,381,0,381,12,30,537,0,579,912,0,912,1491
10/04/2003,GFK,ND,AGL,CE,Towers with Display (VFR),9,20,81,0,110,0,0,374,0,374,9,20,455,0,484,971,0,971,1455
10/05/2003,GFK,ND,AGL,CE,Towers with Display (VFR),5,11,42,0,58,4,0,158,0,162,9,11,200,0,220,471,0,471,691
10/06/2003,GFK,ND,AGL,CE,Towers with Display (VFR),8,27,117,0,152,0,0,393,0,393,8,27,510,0,545,1084,0,1084,1629
10/07/2003,GFK,ND,AGL,CE,Towers with Display (VFR),12,33,123,0,168,0,1,403,0,404,12,34,526,0,572,1010,0,1010,1582
10/08/2003,GFK,ND,AGL,CE,Towers with Display (VFR),12,34,128,0,174,0,2,369,0,371,12,36,497,0,545,1111,0,1111,1656
10/09/2003,GFK,ND,AGL,CE,Towers with Display (VFR),11,29,131,0,171,0,0,376,0,376,11,29,507,0,547,860,0,860,1407
10/10/2003,GFK,ND,AGL,CE,Towers with Display (VFR),14,29,152,0,195,0,0,205,6,211,14,29,357,6,406,654,0,654,1060
10/11/2003,GFK,ND,AGL,CE,Towers with Display (VFR),10,21,85,0,116,0,0,143,0,143,10,21,228,0,259,414,0,414,673
10/12/2003,GFK,ND,AGL,CE,Towers with Display (VFR),6,11,46,0,63,3,0,160,1,164,9,11,206,1,227,341,0,341,568
10/13/2003,GFK,ND,AGL,CE,Towers with Display (VFR),7,25,119,0,151,0,0,360,0,360,7,25,479,0,511,718,0,718,1229
10/14/2003,GFK,ND,AGL,CE,Towers with Display (VFR),12,30,130,0,172,0,0,350,3,353,12,30,480,3,525,575,0,575,1100
10/15/2003,GFK,ND,AGL,CE,Towers with Display (VFR),12,30,124,0,166,0,0,278,11,289,12,30,402,11,455,489,0,489,944
10/16/2003,GFK,ND,AGL,CE,Towers with Display (VFR),12,33,148,0,193,0,0,421,0,421,12,33,569,0,614,930,0,930,1544
10/17/2003,GFK,ND,AGL,CE,Towers with Display (VFR),12,31,114,0,157,0,1,281,0,282,12,32,395,0,439,633,0,633,1072
10/18/2003,GFK,ND,AGL,CE,Towers with Display (VFR),9,20,83,0,112,0,0,286,0,286,9,20,369,0,398,514,0,514,912
10/19/2003,GFK,ND,AGL,CE,Towers with Display (VFR),5,13,54,0,72,4,0,164,0,168,9,13,218,0,240,360,0,360,600
10/20/2003,GFK,ND,AGL,CE,Towers with Display (VFR),7,17,67,0,91,1,10,95,0,106,8,27,162,0,197,338,0,338,535
10/21/2003,GFK,ND,AGL,CE,Towers with Display (VFR),12,30,134,0,176,0,0,389,0,389,12,30,523,0,565,697,0,697,1262
10/22/2003,GFK,ND,AGL,CE,Towers with Display (VFR),12,35,132,0,179,0,0,299,0,299,12,35,431,0,478,464,0,464,942
10/23/2003,GFK,ND,AGL,CE,Towers with Display (VFR),12,28,140,0,180,0,0,214,1,215,12,28,354,1,395,676,0,676,1071
10/24/2003,GFK,ND,AGL,CE,Towers with Display (VFR),9,22,86,0,117,3,8,66,2,79,12,30,152,2,196,173,0,173,369
10/25/2003,GFK,ND,AGL,CE,Towers with Display (VFR),4,11,43,0,58,5,8,31,0,44,9,19,74,0,102,124,0,124,226
10/26/2003,GFK,ND,AGL,CE,Towers with Display (VFR),5,11,46,0,62,4,5,86,0,95,9,16,132,0,157,270,0,270,427
10/27/2003,GFK,ND,AGL,CE,Towers with Display (VFR),3,7,6,0,16,4,21,0,0,25,7,28,6,0,41,32,0,32,73
10/28/2003,GFK,ND,AGL,CE,Towers with Display (VFR),5,13,34,0,52,9,19,0,0,28,14,32,34,0,80,125,0,125,205
10/29/2003,GFK,ND,AGL,CE,Towers with Display (VFR),4,11,16,0,31,8,21,0,0,29,12,32,16,0,60,79,0,79,139
10/30/2003,GFK,ND,AGL,CE,Towers with Display (VFR),4,11,12,0,27,8,21,0,0,29,12,32,12,0,56,71,0,71,127
10/31/2003,GFK,ND,AGL,CE,Towers with Display (VFR),9,23,87,0,119,3,4,61,1,69,12,27,148,1,188,271,0,271,459
11/01/2003,GFK,ND,AGL,CE,Towers with Display (VFR),7,17,68,0,92,0,6,154,5,165,7,23,222,5,257,325,2,327,584
11/02/2003,GFK,ND,AGL,CE,Towers with Display (VFR),9,13,90,0,112,0,0,217,0,217,9,13,307,0,329,486,0,486,815
11/03/2003,GFK,ND,AGL,CE,Towers with Display (VFR),8,30,144,0,182,0,0,319,0,319,8,30,463,0,501,627,0,627,1128
11/04/2003,GFK,ND,AGL,CE,Towers with Display (VFR),6,12,24,0,42,6,20,0,0,26,12,32,24,0,68,20,0,20,88
11/05/2003,GFK,ND,AGL,CE,Towers with Display (VFR),12,29,109,0,150,0,5,145,2,152,12,34,254,2,302,585,0,585,887
11/06/2003,GFK,ND,AGL,CE,Towers with Display (VFR),12,32,136,0,180,0,0,311,0,311,12,32,447,0,491,504,0,504,995
11/07/2003,GFK,ND,AGL,CE,Towers with Display (VFR),12,27,127,0,166,0,0,371,0,371,12,27,498,0,537,749,0,749,1286
11/08/2003,GFK,ND,AGL,CE,Towers with Display (VFR),6,21,96,0,123,0,0,255,0,255,6,21,351,0,378,494,0,494,872
11/09/2003,GFK,ND,AGL,CE,Towers with Display (VFR),3,5,6,0,14,6,7,0,0,13,9,12,6,0,27,48,0,48,75
11/10/2003,GFK,ND,AGL,CE,Towers with Display (VFR),8,16,60,0,84,0,7,3,0,10,8,23,63,0,94,2,0,2,96
11/11/2003,GFK,ND,AGL,CE,Towers with Display (VFR),14,34,179,0,227,0,0,386,0,386,14,34,565,0,613,834,0,834,1447
11/12/2003,GFK,ND,AGL,CE,Towers with Display (VFR),14,31,122,0,167,0,0,214,0,214,14,31,336,0,381,559,0,559,940
11/13/2003,GFK,ND,AGL,CE,Towers with Display (VFR),12,32,128,0,172,0,0,353,1,354,12,32,481,1,526,738,0,738,1264
11/14/2003,GFK,ND,AGL,CE,Towers with Display (VFR),11,30,127,0,168,0,0,364,0,364,11,30,491,0,532,585,0,585,1117
11/15/2003,GFK,ND,AGL,CE,Towers with Display (VFR),2,3,10,0,15,3,1,0,0,4,5,4,10,0,19,0,0,0,19
11/16/2003,GFK,ND,AGL,CE,Towers with Display (VFR),5,10,36,0,51,3,0,2,0,5,8,10,38,0,56,4,0,4,60
11/17/2003,GFK,ND,AGL,CE,Towers with Display (VFR),8,27,146,0,181,0,0,140,0,140,8,27,286,0,321,345,0,345,666
11/18/2003,GFK,ND,AGL,CE,Towers with Display (VFR),12,34,145,0,191,0,0,338,0,338,12,34,483,0,529,381,0,381,910
11/19/2003,GFK,ND,AGL,CE,Towers with Display (VFR),12,42,158,0,212,0,3,306,0,309,12,45,464,0,521,693,0,693,1214
11/20/2003,GFK,ND,AGL,CE,Towers with Display (VFR),10,23,88,0,121,2,7,73,0,82,12,30,161,0,203,162,0,162,365
11/21/2003,GFK,ND,AGL,CE,Towers with Display (VFR),13,30,120,0,163,1,0,349,0,350,14,30,469,0,513,651,0,651,1164
11/22/2003,GFK,ND,AGL,CE,Towers with Display (VFR),9,21,104,0,134,0,0,208,0,208,9,21,312,0,342,447,0,447,789
11/23/2003,GFK,ND,AGL,CE,Towers with Display (VFR),3,6,27,0,36,13,4,12,0,29,16,10,39,0,65,77,0,77,142
11/24/2003,GFK,ND,AGL,CE,Towers with Display (VFR),9,28,107,0,144,0,0,267,0,267,9,28,374,0,411,607,0,607,1018
11/25/2003,GFK,ND,AGL,CE,Towers with Display (VFR),5,14,32,0,51,7,22,0,0,29,12,36,32,0,80,6,0,6,86
11/26/2003,GFK,ND,AGL,CE,Towers with Display (VFR),9,22,82,0,113,5,11,191,0,207,14,33,273,0,320,362,0,362,682
11/27/2003,GFK,ND,AGL,CE,Towers with Display (VFR),1,3,5,0,9,3,8,0,0,11,4,11,5,0,20,4,0,4,24
11/28/2003,GFK,ND,AGL,CE,Towers with Display (VFR),4,11,41,0,56,6,16,36,1,59,10,27,77,1,115,159,0,159,274
11/29/2003,GFK,ND,AGL,CE,Towers with Display (VFR),4,11,41,0,56,3,7,36,0,46,7,18,77,0,102,80,0,80,182
11/30/2003,GFK,ND,AGL,CE,Towers with Display (VFR),2,5,19,0,26,6,6,12,0,24,8,11,31,0,50,22,0,22,72
12/01/2003,GFK,ND,AGL,CE,Towers with Display (VFR),9,28,98,0,135,0,0,265,0,265,9,28,363,0,400,411,0,411,811
12/02/2003,GFK,ND,AGL,CE,Towers with Display (VFR),14,30,103,0,147,0,0,332,4,336,14,30,435,4,483,644,0,644,1127
12/03/2003,GFK,ND,AGL,CE,Towers with Display (VFR),14,34,100,0,148,0,0,219,3,222,14,34,319,3,370,503,0,503,873
12/04/2003,GFK,ND,AGL,CE,Towers with Display (VFR),8,15,14,0,37,7,18,0,0,25,15,33,14,0,62,0,0,0,62
12/05/2003,GFK,ND,AGL,CE,Towers with Display (VFR),15,28,67,0,110,1,5,55,0,61,16,33,122,0,171,401,0,401,572
12/06/2003,GFK,ND,AGL,CE,Towers with Display (VFR),7,12,15,0,34,4,11,0,0,15,11,23,15,0,49,0,0,0,49
12/07/2003,GFK,ND,AGL,CE,Towers with Display (VFR),8,12,66,0,86,0,0,25,0,25,8,12,91,0,111,10,0,10,121
12/08/2003,GFK,ND,AGL,CE,Towers with Display (VFR),9,29,85,0,123,0,0,140,2,142,9,29,225,2,265,424,0,424,689
12/09/2003,GFK,ND,AGL,CE,Towers with Display (VFR),16,28,134,0,178,0,0,376,3,379,16,28,510,3,557,724,0,724,1281
12/10/2003,GFK,ND,AGL,CE,Towers with Display (VFR),16,30,115,0,161,0,0,119,0,119,16,30,234,0,280,334,0,334,614
12/11/2003,GFK,ND,AGL,CE,Towers with Display (VFR),17,36,110,0,163,0,0,367,0,367,17,36,477,0,530,735,0,735,1265
12/12/2003,GFK,ND,AGL,CE,Towers with Display (VFR),16,35,80,0,131,0,1,88,0,89,16,36,168,0,220,491,0,491,711
12/13/2003,GFK,ND,AGL,CE,Towers with Display (VFR),6,12,12,0,30,8,10,0,0,18,14,22,12,0,48,16,0,16,64
12/14/2003,GFK,ND,AGL,CE,Towers with Display (VFR),13,12,60,0,85,2,0,267,0,269,15,12,327,0,354,585,0,585,939
12/15/2003,GFK,ND,AGL,CE,Towers with Display (VFR),7,13,10,0,30,3,15,0,2,20,10,28,10,2,50,0,0,0,50
12/16/2003,GFK,ND,AGL,CE,Towers with Display (VFR),14,37,106,0,157,0,0,284,0,284,14,37,390,0,441,582,0,582,1023
12/17/2003,GFK,ND,AGL,CE,Towers with Display (VFR),15,33,74,0,122,2,2,105,0,109,17,35,179,0,231,310,0,310,541
12/18/2003,GFK,ND,AGL,CE,Towers with Display (VFR),19,31,104,0,154,0,0,182,0,182,19,31,286,0,336,378,0,378,714
12/19/2003,GFK,ND,AGL,CE,Towers with Display (VFR),17,32,87,0,136,0,0,261,0,261,17,32,348,0,397,500,0,500,897
12/20/2003,GFK,ND,AGL,CE,Towers with Display (VFR),11,25,55,0,91,2,7,91,0,100,13,32,146,0,191,229,0,229,420
12/21/2003,GFK,ND,AGL,CE,Towers with Display (VFR),3,7,16,0,26,8,5,0,0,13,11,12,16,0,39,20,0,20,59
12/22/2003,GFK,ND,AGL,CE,Towers with Display (VFR),9,20,46,0,75,1,10,20,0,31,10,30,66,0,106,96,0,96,202
12/23/2003,GFK,ND,AGL,CE,Towers with Display (VFR),10,22,51,0,83,7,10,40,0,57,17,32,91,0,140,164,0,164,304
12/24/2003,GFK,ND,AGL,CE,Towers with Display (VFR),6,14,26,0,46,8,19,0,0,27,14,33,26,0,73,16,0,16,89
12/25/2003,GFK,ND,AGL,CE,Towers with Display (VFR),3,6,3,0,12,3,12,0,0,15,6,18,3,0,27,0,0,0,27
12/26/2003,GFK,ND,AGL,CE,Towers with Display (VFR),5,13,19,0,37,7,14,0,0,21,12,27,19,0,58,0,0,0,58
12/27/2003,GFK,ND,AGL,CE,Towers with Display (VFR),3,9,2,0,14,6,11,0,0,17,9,20,2,0,31,0,0,0,31
12/28/2003,GFK,ND,AGL,CE,Towers with Display (VFR),3,7,5,0,15,4,7,0,0,11,7,14,5,0,26,0,0,0,26
12/29/2003,GFK,ND,AGL,CE,Towers with Display (VFR),5,12,15,0,32,4,14,0,0,18,9,26,15,0,50,9,0,9,59
12/30/2003,GFK,ND,AGL,CE,Towers with Display (VFR),9,19,43,0,71,4,19,0,0,23,13,38,43,0,94,117,0,117,211
12/31/2003,GFK,ND,AGL,CE,Towers with Display (VFR),9,19,44,0,72,3,15,18,0,36,12,34,62,0,108,87,0,87,195
01/01/2004,GFK,ND,AGL,CE,Towers with Display (VFR),3,5,12,0,20,3,9,2,0,14,6,14,14,0,34,2,0,2,36
01/02/2004,GFK,ND,AGL,CE,Towers with Display (VFR),7,12,0,0,19,5,20,0,0,25,12,32,0,0,44,0,0,0,44
01/03/2004,GFK,ND,AGL,CE,Towers with Display (VFR),6,7,9,0,22,3,15,0,0,18,9,22,9,0,40,18,0,18,58
01/04/2004,GFK,ND,AGL,CE,Towers with Display (VFR),5,5,5,0,15,2,10,0,0,12,7,15,5,0,27,6,0,6,33
01/05/2004,GFK,ND,AGL,CE,Towers with Display (VFR),9,15,30,0,54,2,8,30,0,40,11,23,60,0,94,67,0,67,161
01/06/2004,GFK,ND,AGL,CE,Towers with Display (VFR),12,31,59,0,102,0,5,75,0,80,12,36,134,0,182,236,0,236,418
01/07/2004,GFK,ND,AGL,CE,Towers with Display (VFR),12,29,52,0,93,0,2,122,0,124,12,31,174,0,217,291,0,291,508
01/08/2004,GFK,ND,AGL,CE,Towers with Display (VFR),14,31,62,1,108,0,0,123,3,126,14,31,185,4,234,300,0,300,534
01/09/2004,GFK,ND,AGL,CE,Towers with Display (VFR),7,19,33,1,60,6,11,0,1,18,13,30,33,2,78,51,0,51,129
01/10/2004,GFK,ND,AGL,CE,Towers with Display (VFR),3,9,15,0,27,6,1,3,0,10,9,10,18,0,37,10,0,10,47
01/11/2004,GFK,ND,AGL,CE,Towers with Display (VFR),2,7,5,0,14,6,2,0,0,8,8,9,5,0,22,0,0,0,22
01/12/2004,GFK,ND,AGL,CE,Towers with Display (VFR),6,15,24,0,45,4,10,0,0,14,10,25,24,0,59,63,0,63,122
01/13/2004,GFK,ND,AGL,CE,Towers with Display (VFR),13,31,57,0,101,0,2,127,0,129,13,33,184,0,230,393,0,393,623
01/14/2004,GFK,ND,AGL,CE,Towers with Display (VFR),14,32,79,0,125,0,0,107,0,107,14,32,186,0,232,342,0,342,574
01/15/2004,GFK,ND,AGL,CE,Towers with Display (VFR),9,21,40,0,70,5,7,40,0,52,14,28,80,0,122,336,0,336,458
01/16/2004,GFK,ND,AGL,CE,Towers with Display (VFR),11,32,67,0,110,0,0,160,0,160,11,32,227,0,270,538,0,538,808
01/17/2004,GFK,ND,AGL,CE,Towers with Display (VFR),9,25,63,0,97,0,0,105,0,105,9,25,168,0,202,220,0,220,422
01/18/2004,GFK,ND,AGL,CE,Towers with Display (VFR),8,12,50,0,70,0,0,201,0,201,8,12,251,0,271,458,0,458,729
01/19/2004,GFK,ND,AGL,CE,Towers with Display (VFR),10,25,72,0,107,0,0,406,0,406,10,25,478,0,513,876,0,876,1389
01/20/2004,GFK,ND,AGL,CE,Towers with Display (VFR),12,38,72,0,122,0,1,169,0,170,12,39,241,0,292,419,0,419,711
01/21/2004,GFK,ND,AGL,CE,Towers with Display (VFR),10,23,38,0,71,2,12,0,4,18,12,35,38,4,89,36,0,36,125
01/22/2004,GFK,ND,AGL,CE,Towers with Display (VFR),14,35,129,1,179,0,0,338,2,340,14,35,467,3,519,658,0,658,1177
01/23/2004,GFK,ND,AGL,CE,Towers with Display (VFR),11,31,69,0,111,0,0,136,0,136,11,31,205,0,247,729,0,729,976
01/24/2004,GFK,ND,AGL,CE,Towers with Display (VFR),9,21,72,0,102,0,0,261,0,261,9,21,333,0,363,627,0,627,990
01/25/2004,GFK,ND,AGL,CE,Towers with Display (VFR),0,1,0,0,1,6,0,0,0,6,6,1,0,0,7,0,0,0,7
01/26/2004,GFK,ND,AGL,CE,Towers with Display (VFR),9,25,47,0,81,0,1,21,0,22,9,26,68,0,103,62,0,62,165
01/27/2004,GFK,ND,AGL,CE,Towers with Display (VFR),11,27,51,0,89,2,3,115,0,120,13,30,166,0,209,255,0,255,464
01/28/2004,GFK,ND,AGL,CE,Towers with Display (VFR),7,17,17,0,41,5,17,0,0,22,12,34,17,0,63,0,0,0,63
01/29/2004,GFK,ND,AGL,CE,Towers with Display (VFR),9,22,37,0,68,3,11,0,0,14,12,33,37,0,82,6,0,6,88
01/30/2004,GFK,ND,AGL,CE,Towers with Display (VFR),11,24,59,0,94,0,0,142,0,142,11,24,201,0,236,375,0,375,611
01/31/2004,GFK,ND,AGL,CE,Towers with Display (VFR),7,19,35,0,61,2,0,6,0,8,9,19,41,0,69,118,0,118,187
02/01/2004,GFK,ND,AGL,CE,Towers with Display (VFR),7,12,49,0,68,3,0,100,0,103,10,12,149,0,171,448,0,448,619
02/02/2004,GFK,ND,AGL,CE,Towers with Display (VFR),10,22,133,0,165,0,0,359,0,359,10,22,492,0,524,1033,0,1033,1557
02/03/2004,GFK,ND,AGL,CE,Towers with Display (VFR),14,33,129,0,176,0,0,388,1,389,14,33,517,1,565,701,0,701,1266
02/04/2004,GFK,ND,AGL,CE,Towers with Display (VFR),11,19,76,0,106,3,11,125,1,140,14,30,201,1,246,1029,0,1029,1275
02/05/2004,GFK,ND,AGL,CE,Towers with Display (VFR),9,17,62,0,88,5,10,0,0,15,14,27,62,0,103,144,0,144,247
02/06/2004,GFK,ND,AGL,CE,Towers with Display (VFR),15,31,156,0,202,0,0,194,1,195,15,31,350,1,397,601,0,601,998
02/07/2004,GFK,ND,AGL,CE,Towers with Display (VFR),9,22,137,0,168,0,0,292,0,292,9,22,429,0,460,698,0,698,1158
02/08/2004,GFK,ND,AGL,CE,Towers with Display (VFR),9,13,69,0,91,0,0,167,0,167,9,13,236,0,258,613,0,613,871
02/09/2004,GFK,ND,AGL,CE,Towers with Display (VFR),9,20,77,0,106,0,4,39,0,43,9,24,116,0,149,356,0,356,505
02/10/2004,GFK,ND,AGL,CE,Towers with Display (VFR),12,24,92,0,128,5,13,150,0,168,17,37,242,0,296,696,0,696,992
02/11/2004,GFK,ND,AGL,CE,Towers with Display (VFR),5,9,6,0,20,9,26,0,0,35,14,35,6,0,55,0,0,0,55
02/12/2004,GFK,ND,AGL,CE,Towers with Display (VFR),16,36,160,0,212,0,0,407,0,407,16,36,567,0,619,1130,0,1130,1749
02/13/2004,GFK,ND,AGL,CE,Towers with Display (VFR),16,33,123,1,173,0,8,350,1,359,16,41,473,2,532,736,0,736,1268
02/14/2004,GFK,ND,AGL,CE,Towers with Display (VFR),11,23,123,0,157,0,0,390,0,390,11,23,513,0,547,967,0,967,1514
02/15/2004,GFK,ND,AGL,CE,Towers with Display (VFR),7,12,59,0,78,2,0,234,0,236,9,12,293,0,314,688,0,688,1002
02/16/2004,GFK,ND,AGL,CE,Towers with Display (VFR),14,30,128,0,172,0,0,375,0,375,14,30,503,0,547,1168,0,1168,1715
02/17/2004,GFK,ND,AGL,CE,Towers with Display (VFR),11,23,84,0,118,6,10,0,0,16,17,33,84,0,134,86,0,86,220
02/18/2004,GFK,ND,AGL,CE,Towers with Display (VFR),16,34,155,1,206,0,0,420,2,422,16,34,575,3,628,985,0,985,1613
02/19/2004,GFK,ND,AGL,CE,Towers with Display (VFR),15,29,108,0,152,1,4,113,0,118,16,33,221,0,270,904,0,904,1174
02/20/2004,GFK,ND,AGL,CE,Towers with Display (VFR),5,12,35,0,52,12,18,0,0,30,17,30,35,0,82,309,0,309,391
02/21/2004,GFK,ND,AGL,CE,Towers with Display (VFR),11,31,118,1,161,0,0,413,2,415,11,31,531,3,576,1102,0,1102,1678
02/22/2004,GFK,ND,AGL,CE,Towers with Display (VFR),3,7,16,0,26,8,5,0,0,13,11,12,16,0,39,178,0,178,217
02/23/2004,GFK,ND,AGL,CE,Towers with Display (VFR),11,22,82,1,116,0,6,154,0,160,11,28,236,1,276,928,0,928,1204
02/24/2004,GFK,ND,AGL,CE,Towers with Display (VFR),5,11,12,0,28,11,23,0,0,34,16,34,12,0,62,33,0,33,95
02/25/2004,GFK,ND,AGL,CE,Towers with Display (VFR),5,11,11,0,27,11,18,0,0,29,16,29,11,0,56,119,0,119,175
02/26/2004,GFK,ND,AGL,CE,Towers with Display (VFR),16,33,207,1,257,0,0,228,1,229,16,33,435,2,486,737,0,737,1223
02/27/2004,GFK,ND,AGL,CE,Towers with Display (VFR),15,35,149,0,199,0,0,253,3,256,15,35,402,3,455,666,0,666,1121
02/28/2004,GFK,ND,AGL,CE,Towers with Display (VFR),10,20,154,0,184,0,0,393,4,397,10,20,547,4,581,969,0,969,1550
02/29/2004,GFK,ND,AGL,CE,Towers with Display (VFR),2,5,0,0,7,9,9,0,0,18,11,14,0,0,25,0,0,0,25
03/01/2004,GFK,ND,AGL,CE,Towers with Display (VFR),4,5,3,0,12,7,14,0,0,21,11,19,3,0,33,0,0,0,33
03/02/2004,GFK,ND,AGL,CE,Towers with Display (VFR),10,19,70,0,99,6,16,107,7,136,16,35,177,7,235,607,0,607,842
03/03/2004,GFK,ND,AGL,CE,Towers with Display (VFR),16,32,117,0,165,0,2,54,0,56,16,34,171,0,221,263,0,263,484
03/04/2004,GFK,ND,AGL,CE,Towers with Display (VFR),13,23,79,0,115,0,10,0,3,13,13,33,79,3,128,11,0,11,139
03/05/2004,GFK,ND,AGL,CE,Towers with Display (VFR),7,12,33,0,52,6,12,0,0,18,13,24,33,0,70,117,0,117,187
03/06/2004,GFK,ND,AGL,CE,Towers with Display (VFR),7,13,47,0,67,2,6,31,0,39,9,19,78,0,106,278,0,278,384
03/07/2004,GFK,ND,AGL,CE,Towers with Display (VFR),10,12,99,0,121,0,0,290,0,290,10,12,389,0,411,532,0,532,943
03/08/2004,GFK,ND,AGL,CE,Towers with Display (VFR),11,28,188,0,227,0,0,465,0,465,11,28,653,0,692,1058,0,1058,1750
03/09/2004,GFK,ND,AGL,CE,Towers with Display (VFR),16,28,161,0,205,0,0,436,0,436,16,28,597,0,641,1153,0,1153,1794
03/10/2004,GFK,ND,AGL,CE,Towers with Display (VFR),5,10,10,0,25,10,21,0,0,31,15,31,10,0,56,14,0,14,70
03/11/2004,GFK,ND,AGL,CE,Towers with Display (VFR),16,34,126,0,176,0,0,230,0,230,16,34,356,0,406,493,0,493,899
03/12/2004,GFK,ND,AGL,CE,Towers with Display (VFR),14,31,124,0,169,0,0,314,0,314,14,31,438,0,483,933,0,933,1416
03/13/2004,GFK,ND,AGL,CE,Towers with Display (VFR),7,12,42,0,61,2,7,89,0,98,9,19,131,0,159,350,0,350,509
03/14/2004,GFK,ND,AGL,CE,Towers with Display (VFR),6,10,37,0,53,5,6,72,0,83,11,16,109,0,136,147,0,147,283
03/15/2004,GFK,ND,AGL,CE,Towers with Display (VFR),11,22,79,0,112,0,1,202,0,203,11,23,281,0,315,573,0,573,888
03/16/2004,GFK,ND,AGL,CE,Towers with Display (VFR),6,12,44,0,62,8,19,1,0,28,14,31,45,0,90,165,0,165,255
03/17/2004,GFK,ND,AGL,CE,Towers with Display (VFR),13,26,91,1,131,3,11,186,0,200,16,37,277,1,331,557,0,557,888
03/18/2004,GFK,ND,AGL,CE,Towers with Display (VFR),12,25,87,0,124,4,7,120,0,131,16,32,207,0,255,455,0,455,710
03/19/2004,GFK,ND,AGL,CE,Towers with Display (VFR),8,16,58,0,82,6,16,54,0,76,14,32,112,0,158,224,0,224,382
03/20/2004,GFK,ND,AGL,CE,Towers with Display (VFR),4,7,12,0,23,8,13,0,0,21,12,20,12,0,44,2,0,2,46
03/21/2004,GFK,ND,AGL,CE,Towers with Display (VFR),8,12,57,0,77,1,0,149,0,150,9,12,206,0,227,368,0,368,595
03/22/2004,GFK,ND,AGL,CE,Towers with Display (VFR),11,25,138,0,174,0,0,416,0,416,11,25,554,0,590,656,0,656,1246
03/23/2004,GFK,ND,AGL,CE,Towers with Display (VFR),16,34,135,0,185,0,0,349,3,352,16,34,484,3,537,780,0,780,1317
03/24/2004,GFK,ND,AGL,CE,Towers with Display (VFR),16,31,147,0,194,0,0,364,0,364,16,31,511,0,558,928,0,928,1486
03/25/2004,GFK,ND,AGL,CE,Towers with Display (VFR),16,37,157,0,210,0,0,264,0,264,16,37,421,0,474,753,0,753,1227
03/26/2004,GFK,ND,AGL,CE,Towers with Display (VFR),14,28,144,0,186,0,0,151,0,151,14,28,295,0,337,568,0,568,905
03/27/2004,GFK,ND,AGL,CE,Towers with Display (VFR),2,5,1,0,8,7,9,0,0,16,9,14,1,0,24,0,0,0,24
03/28/2004,GFK,ND,AGL,CE,Towers with Display (VFR),7,12,51,0,70,3,0,33,0,36,10,12,84,0,106,233,0,233,339
03/29/2004,GFK,ND,AGL,CE,Towers with Display (VFR),9,18,66,0,93,2,9,77,4,92,11,27,143,4,185,418,0,418,603
03/30/2004,GFK,ND,AGL,CE,Towers with Display (VFR),16,41,171,0,228,0,0,458,3,461,16,41,629,3,689,932,0,932,1621
03/31/2004,GFK,ND,AGL,CE,Towers with Display (VFR),16,32,160,0,208,0,0,454,0,454,16,32,614,0,662,879,0,879,1541
04/01/2004,GFK,ND,AGL,CE,Towers with Display (VFR),15,34,144,0,193,0,0,420,0,420,15,34,564,0,613,822,0,822,1435
04/02/2004,GFK,ND,AGL,CE,Towers with Display (VFR),15,36,142,0,193,0,0,265,2,267,15,36,407,2,460,727,0,727,1187
04/03/2004,GFK,ND,AGL,CE,Towers with Display (VFR),10,22,103,0,135,0,0,269,0,269,10,22,372,0,404,644,0,644,1048
04/04/2004,GFK,ND,AGL,CE,Towers with Display (VFR),7,12,48,0,67,3,2,233,2,240,10,14,281,2,307,603,0,603,910
04/05/2004,GFK,ND,AGL,CE,Towers with Display (VFR),11,29,119,0,159,0,0,313,0,313,11,29,432,0,472,739,0,739,1211
04/06/2004,GFK,ND,AGL,CE,Towers with Display (VFR),16,30,128,0,174,0,0,315,0,315,16,30,443,0,489,680,0,680,1169
04/07/2004,GFK,ND,AGL,CE,Towers with Display (VFR),13,24,90,0,127,3,8,43,0,54,16,32,133,0,181,224,0,224,405
04/08/2004,GFK,ND,AGL,CE,Towers with Display (VFR),16,32,132,0,180,0,0,288,1,289,16,32,420,1,469,654,0,654,1123
04/09/2004,GFK,ND,AGL,CE,Towers with Display (VFR),8,15,54,0,77,6,17,44,0,67,14,32,98,0,144,476,0,476,620
04/10/2004,GFK,ND,AGL,CE,Towers with Display (VFR),8,16,57,0,81,0,3,138,0,141,8,19,195,0,222,382,0,382,604
04/11/2004,GFK,ND,AGL,CE,Towers with Display (VFR),3,5,13,0,21,6,7,0,0,13,9,12,13,0,34,1,0,1,35
04/12/2004,GFK,ND,AGL,CE,Towers with Display (VFR),12,24,86,0,122,0,7,185,0,192,12,31,271,0,314,658,0,658,972
04/13/2004,GFK,ND,AGL,CE,Towers with Display (VFR),16,32,121,0,169,0,1,259,0,260,16,33,380,0,429,679,0,679,1108
04/14/2004,GFK,ND,AGL,CE,Towers with Display (VFR),16,32,118,0,166,0,0,279,0,279,16,32,397,0,445,568,0,568,1013
04/15/2004,GFK,ND,AGL,CE,Towers with Display (VFR),15,30,113,1,159,0,3,151,3,157,15,33,264,4,316,668,0,668,984
04/16/2004,GFK,ND,AGL,CE,Towers with Display (VFR),15,34,126,0,175,0,1,143,0,144,15,35,269,0,319,486,0,486,805
04/17/2004,GFK,ND,AGL,CE,Towers with Display (VFR),8,22,99,0,129,0,0,229,0,229,8,22,328,0,358,740,0,740,1098
04/18/2004,GFK,ND,AGL,CE,Towers with Display (VFR),7,13,52,0,72,7,0,16,0,23,14,13,68,0,95,270,0,270,365
04/19/2004,GFK,ND,AGL,CE,Towers with Display (VFR),12,34,136,0,182,0,0,266,1,267,12,34,402,1,449,849,0,849,1298
04/20/2004,GFK,ND,AGL,CE,Towers with Display (VFR),14,30,111,0,155,2,3,31,0,36,16,33,142,0,191,282,0,282,473
04/21/2004,GFK,ND,AGL,CE,Towers with Display (VFR),15,34,127,0,176,0,4,176,0,180,15,38,303,0,356,615,0,615,971
04/22/2004,GFK,ND,AGL,CE,Towers with Display (VFR),16,33,142,0,191,0,0,437,1,438,16,33,579,1,629,834,0,834,1463
04/23/2004,GFK,ND,AGL,CE,Towers with Display (VFR),17,32,127,0,176,0,0,246,1,247,17,32,373,1,423,653,0,653,1076
04/24/2004,GFK,ND,AGL,CE,Towers with Display (VFR),4,10,37,0,51,4,13,158,0,175,8,23,195,0,226,174,0,174,400
04/25/2004,GFK,ND,AGL,CE,Towers with Display (VFR),4,9,33,0,46,6,4,164,2,176,10,13,197,2,222,143,0,143,365
04/26/2004,GFK,ND,AGL,CE,Towers with Display (VFR),11,27,104,0,142,0,0,193,1,194,11,27,297,1,336,480,0,480,816
04/27/2004,GFK,ND,AGL,CE,Towers with Display (VFR),14,29,107,0,150,2,4,200,0,206,16,33,307,0,356,404,0,404,760
04/28/2004,GFK,ND,AGL,CE,Towers with Display (VFR),12,23,90,0,125,4,10,203,0,217,16,33,293,0,342,491,0,491,833
04/29/2004,GFK,ND,AGL,CE,Towers with Display (VFR),18,35,137,0,190,0,0,237,2,239,18,35,374,2,429,633,0,633,1062
04/30/2004,GFK,ND,AGL,CE,Towers with Display (VFR),13,26,97,0,136,2,5,126,0,133,15,31,223,0,269,385,0,385,654
05/01/2004,GFK,ND,AGL,CE,Towers with Display (VFR),10,14,66,0,90,0,0,205,0,205,10,14,271,0,295,633,0,633,928
05/02/2004,GFK,ND,AGL,CE,Towers with Display (VFR),10,8,63,0,81,0,0,168,0,168,10,8,231,0,249,360,0,360,609
05/03/2004,GFK,ND,AGL,CE,Towers with Display (VFR),11,19,83,0,113,0,6,93,0,99,11,25,176,0,212,373,0,373,585
05/04/2004,GFK,ND,AGL,CE,Towers with Display (VFR),16,25,135,0,176,0,0,357,2,359,16,25,492,2,535,807,0,807,1342
05/05/2004,GFK,ND,AGL,CE,Towers with Display (VFR),9,13,56,0,78,7,13,41,2,63,16,26,97,2,141,73,0,73,214
05/06/2004,GFK,ND,AGL,CE,Towers with Display (VFR),20,32,134,0,186,0,3,307,2,312,20,35,441,2,498,838,0,838,1336
05/07/2004,GFK,ND,AGL,CE,Towers with Display (VFR),15,20,86,0,121,0,4,128,6,138,15,24,214,6,259,372,0,372,631
05/08/2004,GFK,ND,AGL,CE,Towers with Display (VFR),10,15,64,0,89,0,0,194,0,194,10,15,258,0,283,512,0,512,795
05/09/2004,GFK,ND,AGL,CE,Towers with Display (VFR),5,6,26,0,37,9,4,27,0,40,14,10,53,0,77,165,0,165,242
05/10/2004,GFK,ND,AGL,CE,Towers with Display (VFR),10,21,87,0,118,0,1,249,0,250,10,22,336,0,368,691,0,691,1059
05/11/2004,GFK,ND,AGL,CE,Towers with Display (VFR),5,9,13,1,28,7,17,0,0,24,12,26,13,1,52,15,0,15,67
05/12/2004,GFK,ND,AGL,CE,Towers with Display (VFR),5,8,7,0,20,7,18,0,0,25,12,26,7,0,45,23,0,23,68
05/13/2004,GFK,ND,AGL,CE,Towers with Display (VFR),13,20,79,0,112,2,7,82,0,91,15,27,161,0,203,702,0,702,905
05/14/2004,GFK,ND,AGL,CE,Towers with Display (VFR),15,25,124,1,165,0,0,365,1,366,15,25,489,2,531,706,0,706,1237
05/15/2004,GFK,ND,AGL,CE,Towers with Display (VFR),7,12,46,0,65,3,2,72,0,77,10,14,118,0,142,260,0,260,402
05/16/2004,GFK,ND,AGL,CE,Towers with Display (VFR),6,10,41,0,57,4,0,125,0,129,10,10,166,0,186,481,0,481,667
05/17/2004,GFK,ND,AGL,CE,Towers with Display (VFR),10,23,95,0,128,0,0,255,0,255,10,23,350,0,383,588,0,588,971
05/18/2004,GFK,ND,AGL,CE,Towers with Display (VFR),16,24,97,0,137,0,5,262,0,267,16,29,359,0,404,635,0,635,1039
05/19/2004,GFK,ND,AGL,CE,Towers with Display (VFR),9,14,55,0,78,7,14,21,0,42,16,28,76,0,120,136,0,136,256
05/20/2004,GFK,ND,AGL,CE,Towers with Display (VFR),16,29,121,0,166,0,0,284,0,284,16,29,405,0,450,777,0,777,1227
05/21/2004,GFK,ND,AGL,CE,Towers with Display (VFR),13,30,121,0,164,0,4,215,0,219,13,34,336,0,383,599,0,599,982
05/22/2004,GFK,ND,AGL,CE,Towers with Display (VFR),12,15,76,1,104,7,0,92,0,99,19,15,168,1,203,439,0,439,642
05/23/2004,GFK,ND,AGL,CE,Towers with Display (VFR),5,9,36,0,50,8,0,60,0,68,13,9,96,0,118,234,0,234,352
05/24/2004,GFK,ND,AGL,CE,Towers with Display (VFR),10,17,89,0,116,0,0,52,0,52,10,17,141,0,168,364,0,364,532
05/25/2004,GFK,ND,AGL,CE,Towers with Display (VFR),15,24,95,0,134,0,2,110,0,112,15,26,205,0,246,518,0,518,764
05/26/2004,GFK,ND,AGL,CE,Towers with Display (VFR),16,27,139,0,182,0,0,212,1,213,16,27,351,1,395,534,0,534,929
05/27/2004,GFK,ND,AGL,CE,Towers with Display (VFR),16,27,152,1,196,0,0,270,4,274,16,27,422,5,470,882,0,882,1352
05/28/2004,GFK,ND,AGL,CE,Towers with Display (VFR),15,25,105,0,145,0,0,228,5,233,15,25,333,5,378,720,0,720,1098
05/29/2004,GFK,ND,AGL,CE,Towers with Display (VFR),5,8,34,0,47,5,6,16,0,27,10,14,50,0,74,90,0,90,164
05/30/2004,GFK,ND,AGL,CE,Towers with Display (VFR),9,9,58,0,76,5,0,18,0,23,14,9,76,0,99,2,0,2,101
05/31/2004,GFK,ND,AGL,CE,Towers with Display (VFR),9,7,95,0,111,0,0,51,0,51,9,7,146,0,162,14,0,14,176
06/01/2004,GFK,ND,AGL,CE,Towers with Display (VFR),14,25,130,0,169,0,0,92,0,92,14,25,222,0,261,262,0,262,523
06/02/2004,GFK,ND,AGL,CE,Towers with Display (VFR),16,27,107,0,150,0,0,349,2,351,16,27,456,2,501,719,0,719,1220
06/03/2004,GFK,ND,AGL,CE,Towers with Display (VFR),16,24,130,0,170,0,0,340,0,340,16,24,470,0,510,876,0,876,1386
06/04/2004,GFK,ND,AGL,CE,Towers with Display (VFR),15,25,98,0,138,0,0,271,0,271,15,25,369,0,409,508,0,508,917
06/05/2004,GFK,ND,AGL,CE,Towers with Display (VFR),10,14,73,0,97,0,0,144,0,144,10,14,217,0,241,407,0,407,648
06/06/2004,GFK,ND,AGL,CE,Towers with Display (VFR),5,7,26,0,38,4,4,74,0,82,9,11,100,0,120,181,0,181,301
06/07/2004,GFK,ND,AGL,CE,Towers with Display (VFR),11,20,71,0,102,0,2,188,0,190,11,22,259,0,292,338,0,338,630
06/08/2004,GFK,ND,AGL,CE,Towers with Display (VFR),15,24,88,0,127,0,4,214,0,218,15,28,302,0,345,597,0,597,942
06/09/2004,GFK,ND,AGL,CE,Towers with Display (VFR),15,28,98,0,141,0,7,342,2,351,15,35,440,2,492,644,0,644,1136
06/10/2004,GFK,ND,AGL,CE,Towers with Display (VFR),14,21,75,0,110,2,6,187,0,195,16,27,262,0,305,363,0,363,668
06/11/2004,GFK,ND,AGL,CE,Towers with Display (VFR),15,25,87,0,127,0,2,50,4,56,15,27,137,4,183,234,0,234,417
06/12/2004,GFK,ND,AGL,CE,Towers with Display (VFR),8,13,45,0,66,1,0,124,12,137,9,13,169,12,203,264,1,265,468
06/13/2004,GFK,ND,AGL,CE,Towers with Display (VFR),9,8,51,0,68,0,0,51,0,51,9,8,102,0,119,245,0,245,364
06/14/2004,GFK,ND,AGL,CE,Towers with Display (VFR),10,23,84,1,118,0,1,155,6,162,10,24,239,7,280,636,0,636,916
06/15/2004,GFK,ND,AGL,CE,Towers with Display (VFR),14,24,84,0,122,1,10,201,0,212,15,34,285,0,334,696,0,696,1030
06/16/2004,GFK,ND,AGL,CE,Towers with Display (VFR),16,28,99,0,143,0,14,318,0,332,16,42,417,0,475,913,0,913,1388
06/17/2004,GFK,ND,AGL,CE,Towers with Display (VFR),10,17,62,1,90,6,9,257,1,273,16,26,319,2,363,683,0,683,1046
06/18/2004,GFK,ND,AGL,CE,Towers with Display (VFR),12,20,73,0,105,2,6,246,0,254,14,26,319,0,359,625,0,625,984
06/19/2004,GFK,ND,AGL,CE,Towers with Display (VFR),8,13,47,0,68,3,26,169,0,198,11,39,216,0,266,272,0,272,538
06/20/2004,GFK,ND,AGL,CE,Towers with Display (VFR),4,8,28,0,40,5,3,87,0,95,9,11,115,0,135,159,0,159,294
06/21/2004,GFK,ND,AGL,CE,Towers with Display (VFR),11,21,91,1,124,0,0,178,1,179,11,21,269,2,303,628,0,628,931
06/22/2004,GFK,ND,AGL,CE,Towers with Display (VFR),15,25,90,0,130,1,8,293,0,302,16,33,383,0,432,904,0,904,1336
06/23/2004,GFK,ND,AGL,CE,Towers with Display (VFR),14,23,83,0,120,1,5,158,2,166,15,28,241,2,286,767,0,767,1053
06/24/2004,GFK,ND,AGL,CE,Towers with Display (VFR),15,26,93,0,134,1,1,296,2,300,16,27,389,2,434,846,0,846,1280
06/25/2004,GFK,ND,AGL,CE,Towers with Display (VFR),14,24,86,0,124,1,3,210,0,214,15,27,296,0,338,850,0,850,1188
06/26/2004,GFK,ND,AGL,CE,Towers with Display (VFR),8,13,50,0,71,3,0,99,0,102,11,13,149,0,173,609,0,609,782
06/27/2004,GFK,ND,AGL,CE,Towers with Display (VFR),6,8,36,0,50,3,0,72,2,77,9,8,108,2,127,184,0,184,311
06/28/2004,GFK,ND,AGL,CE,Towers with Display (VFR),11,19,71,0,101,0,5,202,0,207,11,24,273,0,308,380,0,380,688
06/29/2004,GFK,ND,AGL,CE,Towers with Display (VFR),13,23,82,0,118,3,10,204,2,219,16,33,286,2,337,559,0,559,896
06/30/2004,GFK,ND,AGL,CE,Towers with Display (VFR),14,23,83,0,120,2,8,230,0,240,16,31,313,0,360,709,0,709,1069
07/01/2004,GFK,ND,AGL,CE,Towers with Display (VFR),13,19,76,0,108,3,10,179,3,195,16,29,255,3,303,490,0,490,793
07/02/2004,GFK,ND,AGL,CE,Towers with Display (VFR),8,12,48,0,68,6,18,7,3,34,14,30,55,3,102,271,0,271,373
07/03/2004,GFK,ND,AGL,CE,Towers with Display (VFR),4,4,19,0,27,9,11,0,0,20,13,15,19,0,47,14,0,14,61
07/04/2004,GFK,ND,AGL,CE,Towers with Display (VFR),3,2,2,0,7,3,8,0,0,11,6,10,2,0,18,0,0,0,18
07/05/2004,GFK,ND,AGL,CE,Towers with Display (VFR),2,3,12,0,17,3,3,1,0,7,5,6,13,0,24,0,0,0,24
07/06/2004,GFK,ND,AGL,CE,Towers with Display (VFR),14,22,102,0,138,0,0,49,0,49,14,22,151,0,187,276,0,276,463
07/07/2004,GFK,ND,AGL,CE,Towers with Display (VFR),15,29,118,1,163,0,0,245,1,246,15,29,363,2,409,806,0,806,1215
07/08/2004,GFK,ND,AGL,CE,Towers with Display (VFR),15,26,122,0,163,0,0,194,0,194,15,26,316,0,357,511,0,511,868
07/09/2004,GFK,ND,AGL,CE,Towers with Display (VFR),14,30,116,1,161,0,3,266,5,274,14,33,382,6,435,705,0,705,1140
07/10/2004,GFK,ND,AGL,CE,Towers with Display (VFR),10,13,79,0,102,0,0,107,1,108,10,13,186,1,210,407,0,407,617
07/11/2004,GFK,ND,AGL,CE,Towers with Display (VFR),6,10,37,0,53,2,0,181,4,187,8,10,218,4,240,298,0,298,538
07/12/2004,GFK,ND,AGL,CE,Towers with Display (VFR),9,19,77,0,105,0,0,250,0,250,9,19,327,0,355,400,0,400,755
07/13/2004,GFK,ND,AGL,CE,Towers with Display (VFR),15,29,126,1,171,0,0,251,1,252,15,29,377,2,423,479,0,479,902
07/14/2004,GFK,ND,AGL,CE,Towers with Display (VFR),16,26,102,1,145,0,15,246,1,262,16,41,348,2,407,382,0,382,789
07/15/2004,GFK,ND,AGL,CE,Towers with Display (VFR),15,25,94,1,135,0,10,126,4,140,15,35,220,5,275,421,0,421,696
07/16/2004,GFK,ND,AGL,CE,Towers with Display (VFR),15,29,116,0,160,0,0,234,0,234,15,29,350,0,394,515,0,515,909
07/17/2004,GFK,ND,AGL,CE,Towers with Display (VFR),10,16,63,0,89,1,0,154,0,155,11,16,217,0,244,365,0,365,609
07/18/2004,GFK,ND,AGL,CE,Towers with Display (VFR),5,9,34,0,48,4,1,58,0,63,9,10,92,0,111,122,0,122,233
07/19/2004,GFK,ND,AGL,CE,Towers with Display (VFR),11,22,114,0,147,0,0,236,0,236,11,22,350,0,383,445,0,445,828
07/20/2004,GFK,ND,AGL,CE,Towers with Display (VFR),16,29,112,2,159,0,7,185,5,197,16,36,297,7,356,378,0,378,734
07/21/2004,GFK,ND,AGL,CE,Towers with Display (VFR),16,27,104,2,149,0,2,186,0,188,16,29,290,2,337,315,0,315,652
07/22/2004,GFK,ND,AGL,CE,Towers with Display (VFR),15,30,119,1,165,0,2,166,0,168,15,32,285,1,333,481,0,481,814
07/23/2004,GFK,ND,AGL,CE,Towers with Display (VFR),15,24,92,0,131,0,3,241,0,244,15,27,333,0,375,391,0,391,766
07/24/2004,GFK,ND,AGL,CE,Towers with Display (VFR),9,15,57,1,82,2,2,145,1,150,11,17,202,2,232,277,0,277,509
07/25/2004,GFK,ND,AGL,CE,Towers with Display (VFR),5,9,37,0,51,4,0,105,0,109,9,9,142,0,160,147,0,147,307
07/26/2004,GFK,ND,AGL,CE,Towers with Display (VFR),11,23,86,0,120,0,2,166,0,168,11,25,252,0,288,406,0,406,694
07/27/2004,GFK,ND,AGL,CE,Towers with Display (VFR),15,24,93,1,133,1,3,181,1,186,16,27,274,2,319,514,0,514,833
07/28/2004,GFK,ND,AGL,CE,Towers with Display (VFR),17,27,107,0,151,5,0,178,0,183,22,27,285,0,334,436,0,436,770
07/29/2004,GFK,ND,AGL,CE,Towers with Display (VFR),14,23,89,0,126,2,7,103,0,112,16,30,192,0,238,457,0,457,695
07/30/2004,GFK,ND,AGL,CE,Towers with Display (VFR),14,23,89,0,126,2,5,131,0,138,16,28,220,0,264,410,0,410,674
07/31/2004,GFK,ND,AGL,CE,Towers with Display (VFR),9,14,55,0,78,2,4,112,4,122,11,18,167,4,200,254,2,256,456
08/01/2004,GFK,ND,AGL,CE,Towers with Display (VFR),8,10,26,0,44,1,1,100,0,102,9,11,126,0,146,108,0,108,254
08/02/2004,GFK,ND,AGL,CE,Towers with Display (VFR),10,18,62,0,90,0,0,218,1,219,10,18,280,1,309,493,0,493,802
08/03/2004,GFK,ND,AGL,CE,Towers with Display (VFR),15,27,79,0,121,0,0,223,0,223,15,27,302,0,344,341,0,341,685
08/04/2004,GFK,ND,AGL,CE,Towers with Display (VFR),15,27,85,0,127,0,0,216,0,216,15,27,301,0,343,405,0,405,748
08/05/2004,GFK,ND,AGL,CE,Towers with Display (VFR),16,25,70,0,111,0,0,189,2,191,16,25,259,2,302,299,0,299,601
08/06/2004,GFK,ND,AGL,CE,Towers with Display (VFR),14,21,48,0,83,1,5,75,0,81,15,26,123,0,164,211,0,211,375
08/07/2004,GFK,ND,AGL,CE,Towers with Display (VFR),11,12,40,0,63,0,0,20,0,20,11,12,60,0,83,159,0,159,242
08/08/2004,GFK,ND,AGL,CE,Towers with Display (VFR),4,4,8,0,16,5,6,0,0,11,9,10,8,0,27,0,0,0,27
08/09/2004,GFK,ND,AGL,CE,Towers with Display (VFR),11,17,37,0,65,0,1,10,0,11,11,18,47,0,76,19,0,19,95
08/10/2004,GFK,ND,AGL,CE,Towers with Display (VFR),16,27,59,0,102,0,0,25,3,28,16,27,84,3,130,110,0,110,240
08/11/2004,GFK,ND,AGL,CE,Towers with Display (VFR),15,30,67,0,112,0,4,249,0,253,15,34,316,0,365,293,0,293,658
08/12/2004,GFK,ND,AGL,CE,Towers with Display (VFR),15,24,52,0,91,0,3,133,0,136,15,27,185,0,227,275,0,275,502
08/13/2004,GFK,ND,AGL,CE,Towers with Display (VFR),13,19,42,0,74,2,7,113,0,122,15,26,155,0,196,198,0,198,394
08/14/2004,GFK,ND,AGL,CE,Towers with Display (VFR),7,11,25,0,43,4,5,53,0,62,11,16,78,0,105,153,0,153,258
08/15/2004,GFK,ND,AGL,CE,Towers with Display (VFR),3,7,11,1,22,6,3,0,4,13,9,10,11,5,35,27,4,31,66
08/16/2004,GFK,ND,AGL,CE,Towers with Display (VFR),9,14,31,0,54,2,9,31,0,42,11,23,62,0,96,130,0,130,226
08/17/2004,GFK,ND,AGL,CE,Towers with Display (VFR),14,22,49,0,85,2,6,96,0,104,16,28,145,0,189,198,0,198,387
08/18/2004,GFK,ND,AGL,CE,Towers with Display (VFR),9,15,23,0,47,7,14,0,0,21,16,29,23,0,68,4,0,4,72
08/19/2004,GFK,ND,AGL,CE,Towers with Display (VFR),11,19,41,0,71,5,18,40,0,63,16,37,81,0,134,79,0,79,213
08/20/2004,GFK,ND,AGL,CE,Towers with Display (VFR),9,16,34,0,59,6,12,32,0,50,15,28,66,0,109,127,0,127,236
08/21/2004,GFK,ND,AGL,CE,Towers with Display (VFR),7,12,26,0,45,4,4,50,0,58,11,16,76,0,103,83,0,83,186
08/22/2004,GFK,ND,AGL,CE,Towers with Display (VFR),3,6,13,0,22,6,2,1,0,9,9,8,14,0,31,19,0,19,50
08/23/2004,GFK,ND,AGL,CE,Towers with Display (VFR),11,19,41,0,71,0,5,56,0,61,11,24,97,0,132,260,0,260,392
08/24/2004,GFK,ND,AGL,CE,Towers with Display (VFR),17,28,62,0,107,1,2,93,2,98,18,30,155,2,205,283,8,291,496
08/25/2004,GFK,ND,AGL,CE,Towers with Display (VFR),13,21,47,0,81,3,5,61,0,69,16,26,108,0,150,185,0,185,335
08/26/2004,GFK,ND,AGL,CE,Towers with Display (VFR),16,32,71,0,119,0,0,98,0,98,16,32,169,0,217,269,0,269,486
08/27/2004,GFK,ND,AGL,CE,Towers with Display (VFR),16,26,70,0,112,0,0,259,0,259,16,26,329,0,371,594,0,594,965
08/28/2004,GFK,ND,AGL,CE,Towers with Display (VFR),10,17,39,0,66,2,1,466,0,469,12,18,505,0,535,628,0,628,1163
08/29/2004,GFK,ND,AGL,CE,Towers with Display (VFR),7,8,26,0,41,1,0,100,0,101,8,8,126,0,142,218,0,218,360
08/30/2004,GFK,ND,AGL,CE,Towers with Display (VFR),10,20,60,0,90,0,0,438,0,438,10,20,498,0,528,731,0,731,1259
08/31/2004,GFK,ND,AGL,CE,Towers with Display (VFR),15,31,79,0,125,0,0,423,5,428,15,31,502,5,553,751,0,751,1304
09/01/2004,GFK,ND,AGL,CE,Towers with Display (VFR),14,20,107,0,141,2,10,140,0,152,16,30,247,0,293,460,0,460,753
09/02/2004,GFK,ND,AGL,CE,Towers with Display (VFR),10,12,72,0,94,6,15,173,0,194,16,27,245,0,288,536,0,536,824
09/03/2004,GFK,ND,AGL,CE,Towers with Display (VFR),10,13,73,0,96,8,13,56,0,77,18,26,129,0,173,403,0,403,576
09/04/2004,GFK,ND,AGL,CE,Towers with Display (VFR),8,10,58,0,76,2,5,12,0,19,10,15,70,0,95,237,0,237,332
09/05/2004,GFK,ND,AGL,CE,Towers with Display (VFR),7,8,55,0,70,0,0,11,0,11,7,8,66,0,81,177,0,177,258
09/06/2004,GFK,ND,AGL,CE,Towers with Display (VFR),7,6,78,0,91,0,0,250,0,250,7,6,328,0,341,390,0,390,731
09/07/2004,GFK,ND,AGL,CE,Towers with Display (VFR),11,18,134,0,163,0,0,394,4,398,11,18,528,4,561,1160,0,1160,1721
09/08/2004,GFK,ND,AGL,CE,Towers with Display (VFR),18,26,143,0,187,0,3,442,3,448,18,29,585,3,635,932,0,932,1567
09/09/2004,GFK,ND,AGL,CE,Towers with Display (VFR),16,21,117,0,154,2,10,489,0,501,18,31,606,0,655,1019,0,1019,1674
09/10/2004,GFK,ND,AGL,CE,Towers with Display (VFR),14,19,102,0,135,1,18,266,2,287,15,37,368,2,422,869,0,869,1291
09/11/2004,GFK,ND,AGL,CE,Towers with Display (VFR),11,14,118,0,143,0,0,226,0,226,11,14,344,0,369,698,0,698,1067
09/12/2004,GFK,ND,AGL,CE,Towers with Display (VFR),8,7,63,0,78,2,0,193,0,195,10,7,256,0,273,604,0,604,877
09/13/2004,GFK,ND,AGL,CE,Towers with Display (VFR),11,20,129,1,161,0,0,52,3,55,11,20,181,4,216,48,0,48,264
09/14/2004,GFK,ND,AGL,CE,Towers with Display (VFR),15,31,172,0,218,0,0,156,0,156,15,31,328,0,374,969,0,969,1343
09/15/2004,GFK,ND,AGL,CE,Towers with Display (VFR),19,29,150,0,198,0,4,248,0,252,19,33,398,0,450,776,0,776,1226
09/16/2004,GFK,ND,AGL,CE,Towers with Display (VFR),14,21,108,0,143,3,5,516,0,524,17,26,624,0,667,1083,0,1083,1750
09/17/2004,GFK,ND,AGL,CE,Towers with Display (VFR),13,19,100,0,132,2,5,461,0,468,15,24,561,0,600,1202,0,1202,1802
09/18/2004,GFK,ND,AGL,CE,Towers with Display (VFR),7,12,59,0,78,4,13,182,0,199,11,25,241,0,277,543,0,543,820
09/19/2004,GFK,ND,AGL,CE,Towers with Display (VFR),4,6,34,1,45,5,1,50,1,57,9,7,84,2,102,71,2,73,175
09/20/2004,GFK,ND,AGL,CE,Towers with Display (VFR),6,10,46,1,63,5,12,0,1,18,11,22,46,2,81,110,0,110,191
09/21/2004,GFK,ND,AGL,CE,Towers with Display (VFR),17,25,133,1,176,3,4,299,1,307,20,29,432,2,483,1266,0,1266,1749
09/22/2004,GFK,ND,AGL,CE,Towers with Display (VFR),22,30,182,1,235,0,0,254,1,255,22,30,436,2,490,782,0,782,1272
09/23/2004,GFK,ND,AGL,CE,Towers with Display (VFR),17,25,130,0,172,1,11,8,0,20,18,36,138,0,192,55,0,55,247
09/24/2004,GFK,ND,AGL,CE,Towers with Display (VFR),14,27,167,0,208,0,0,473,0,473,14,27,640,0,681,1077,0,1077,1758
09/25/2004,GFK,ND,AGL,CE,Towers with Display (VFR),9,12,75,0,96,2,0,430,0,432,11,12,505,0,528,1119,0,1119,1647
09/26/2004,GFK,ND,AGL,CE,Towers with Display (VFR),6,8,50,0,64,3,0,223,0,226,9,8,273,0,290,772,0,772,1062
09/27/2004,GFK,ND,AGL,CE,Towers with Display (VFR),12,22,149,0,183,0,0,489,0,489,12,22,638,0,672,1238,0,1238,1910
09/28/2004,GFK,ND,AGL,CE,Towers with Display (VFR),14,21,109,0,144,2,6,370,0,378,16,27,479,0,522,1369,0,1369,1891
09/29/2004,GFK,ND,AGL,CE,Towers with Display (VFR),16,25,131,0,172,0,1,392,2,395,16,26,523,2,567,1182,0,1182,1749
09/30/2004,GFK,ND,AGL,CE,Towers with Display (VFR),15,31,164,0,210,0,1,104,0,105,15,32,268,0,315,958,0,958,1273
10/01/2004,GFK,ND,AGL,CE,Towers with Radar,18,30,76,0,124,0,2,149,0,151,18,32,225,0,275,410,0,410,685
10/02/2004,GFK,ND,AGL,CE,Towers with Radar,11,17,84,3,115,0,3,257,4,264,11,20,341,7,379,682,0,682,1061
10/03/2004,GFK,ND,AGL,CE,Towers with Radar,11,9,48,0,68,0,0,91,0,91,11,9,139,0,159,369,0,369,528
10/04/2004,GFK,ND,AGL,CE,Towers with Radar,11,20,135,0,166,0,1,359,0,360,11,21,494,0,526,1176,0,1176,1702
10/05/2004,GFK,ND,AGL,CE,Towers with Radar,15,133,12,2,162,0,123,266,2,391,15,256,278,4,553,1413,0,1413,1966
10/06/2004,GFK,ND,AGL,CE,Towers with Radar,15,150,12,7,184,0,303,166,1,470,15,453,178,8,654,1020,0,1020,1674
10/07/2004,GFK,ND,AGL,CE,Towers with Radar,19,157,14,1,191,0,290,66,0,356,19,447,80,1,547,1255,0,1255,1802
10/08/2004,GFK,ND,AGL,CE,Towers with Radar,15,145,22,2,184,0,202,52,3,257,15,347,74,5,441,491,0,491,932
10/09/2004,GFK,ND,AGL,CE,Towers with Radar,12,90,13,0,115,0,303,48,0,351,12,393,61,0,466,936,0,936,1402
10/10/2004,GFK,ND,AGL,CE,Towers with Radar,9,44,11,0,64,0,66,12,1,79,9,110,23,1,143,182,0,182,325
10/11/2004,GFK,ND,AGL,CE,Towers with Radar,10,156,7,0,173,0,317,55,0,372,10,473,62,0,545,1054,0,1054,1599
10/12/2004,GFK,ND,AGL,CE,Towers with Radar,16,147,22,0,185,0,287,43,0,330,16,434,65,0,515,800,0,800,1315
10/13/2004,GFK,ND,AGL,CE,Towers with Radar,21,149,26,0,196,0,129,21,0,150,21,278,47,0,346,444,0,444,790
10/14/2004,GFK,ND,AGL,CE,Towers with Radar,16,60,33,0,109,0,106,25,0,131,16,166,58,0,240,346,0,346,586
10/15/2004,GFK,ND,AGL,CE,Towers with Radar,15,24,11,2,52,0,1,2,1,4,15,25,13,3,56,0,0,0,56
10/16/2004,GFK,ND,AGL,CE,Towers with Radar,14,22,8,0,44,0,29,10,0,39,14,51,18,0,83,243,0,243,326
10/17/2004,GFK,ND,AGL,CE,Towers with Radar,10,24,5,0,39,0,8,16,0,24,10,32,21,0,63,197,0,197,260
10/18/2004,GFK,ND,AGL,CE,Towers with Radar,12,147,20,0,179,0,207,31,0,238,12,354,51,0,417,582,0,582,999
10/19/2004,GFK,ND,AGL,CE,Towers with Radar,16,123,14,0,153,0,33,18,2,53,16,156,32,2,206,296,0,296,502
10/20/2004,GFK,ND,AGL,CE,Towers with Radar,16,132,13,0,161,0,101,31,0,132,16,233,44,0,293,971,0,971,1264
10/21/2004,GFK,ND,AGL,CE,Towers with Radar,17,165,21,2,205,0,32,3,0,35,17,197,24,2,240,150,0,150,390
10/22/2004,GFK,ND,AGL,CE,Towers with Radar,14,64,10,0,88,0,10,15,0,25,14,74,25,0,113,0,0,0,113
10/23/2004,GFK,ND,AGL,CE,Towers with Radar,11,142,5,0,158,0,74,8,0,82,11,216,13,0,240,245,0,245,485
10/24/2004,GFK,ND,AGL,CE,Towers with Radar,10,69,11,0,90,0,23,5,0,28,10,92,16,0,118,159,0,159,277
10/25/2004,GFK,ND,AGL,CE,Towers with Radar,12,164,10,0,186,0,423,52,1,476,12,587,62,1,662,769,0,769,1431
10/26/2004,GFK,ND,AGL,CE,Towers with Radar,14,152,10,0,176,0,443,45,0,488,14,595,55,0,664,742,0,742,1406
10/27/2004,GFK,ND,AGL,CE,Towers with Radar,15,185,11,0,211,0,150,49,2,201,15,335,60,2,412,817,0,817,1229
10/28/2004,GFK,ND,AGL,CE,Towers with Radar,15,67,19,0,101,0,6,3,0,9,15,73,22,0,110,13,0,13,123
10/29/2004,GFK,ND,AGL,CE,Towers with Radar,14,88,11,0,113,0,22,0,0,22,14,110,11,0,135,0,0,0,135
10/30/2004,GFK,ND,AGL,CE,Towers with Radar,11,16,9,0,36,0,0,0,0,0,11,16,9,0,36,10,0,10,46
10/31/2004,GFK,ND,AGL,CE,Towers with Radar,10,57,9,0,76,0,2,3,0,5,10,59,12,0,81,6,0,6,87
11/01/2004,GFK,ND,AGL,CE,Towers with Radar,11,178,19,0,208,0,345,28,0,373,11,523,47,0,581,910,0,910,1491
11/02/2004,GFK,ND,AGL,CE,Towers with Radar,17,137,13,0,167,0,395,54,0,449,17,532,67,0,616,741,0,741,1357
11/03/2004,GFK,ND,AGL,CE,Towers with Radar,17,162,18,0,197,0,317,43,0,360,17,479,61,0,557,777,0,777,1334
11/04/2004,GFK,ND,AGL,CE,Towers with Radar,14,147,21,0,182,0,348,35,0,383,14,495,56,0,565,566,0,566,1131
11/05/2004,GFK,ND,AGL,CE,Towers with Radar,15,125,21,0,161,0,365,46,0,411,15,490,67,0,572,585,0,585,1157
11/06/2004,GFK,ND,AGL,CE,Towers with Radar,11,99,13,0,123,0,243,28,0,271,11,342,41,0,394,495,0,495,889
11/07/2004,GFK,ND,AGL,CE,Towers with Radar,19,31,19,0,69,1,5,6,0,12,20,36,25,0,81,335,0,335,416
11/08/2004,GFK,ND,AGL,CE,Towers with Radar,11,117,10,0,138,0,253,28,0,281,11,370,38,0,419,600,0,600,1019
11/09/2004,GFK,ND,AGL,CE,Towers with Radar,16,86,16,0,118,0,255,38,0,293,16,341,54,0,411,591,0,591,1002
11/10/2004,GFK,ND,AGL,CE,Towers with Radar,16,129,13,0,158,0,236,14,0,250,16,365,27,0,408,541,0,541,949
11/11/2004,GFK,ND,AGL,CE,Towers with Radar,15,117,10,0,142,0,270,35,0,305,15,387,45,0,447,566,0,566,1013
11/12/2004,GFK,ND,AGL,CE,Towers with Radar,15,108,8,0,131,0,274,41,0,315,15,382,49,0,446,514,0,514,960
11/13/2004,GFK,ND,AGL,CE,Towers with Radar,11,64,1,0,76,0,154,29,0,183,11,218,30,0,259,443,0,443,702
11/14/2004,GFK,ND,AGL,CE,Towers with Radar,10,46,7,0,63,0,68,26,0,94,10,114,33,0,157,213,0,213,370
11/15/2004,GFK,ND,AGL,CE,Towers with Radar,12,109,11,1,133,0,210,31,1,242,12,319,42,2,375,516,0,516,891
11/16/2004,GFK,ND,AGL,CE,Towers with Radar,20,113,11,0,144,0,245,23,0,268,20,358,34,0,412,633,0,633,1045
11/17/2004,GFK,ND,AGL,CE,Towers with Radar,15,151,16,0,182,0,224,25,2,251,15,375,41,2,433,596,0,596,1029
11/18/2004,GFK,ND,AGL,CE,Towers with Radar,15,129,20,0,164,0,263,24,0,287,15,392,44,0,451,523,0,523,974
11/19/2004,GFK,ND,AGL,CE,Towers with Radar,18,124,14,0,156,0,246,30,2,278,18,370,44,2,434,550,0,550,984
11/20/2004,GFK,ND,AGL,CE,Towers with Radar,13,64,12,0,89,0,116,14,0,130,13,180,26,0,219,142,0,142,361
11/21/2004,GFK,ND,AGL,CE,Towers with Radar,11,59,10,0,80,0,123,24,0,147,11,182,34,0,227,259,0,259,486
11/22/2004,GFK,ND,AGL,CE,Towers with Radar,12,101,15,2,130,0,216,26,0,242,12,317,41,2,372,472,0,472,844
11/23/2004,GFK,ND,AGL,CE,Towers with Radar,14,131,21,0,166,0,206,22,0,228,14,337,43,0,394,457,0,457,851
11/24/2004,GFK,ND,AGL,CE,Towers with Radar,15,76,9,1,101,0,109,35,1,145,15,185,44,2,246,398,0,398,644
11/25/2004,GFK,ND,AGL,CE,Towers with Radar,5,8,2,0,15,0,0,7,0,7,5,8,9,0,22,10,0,10,32
11/26/2004,GFK,ND,AGL,CE,Towers with Radar,14,16,5,0,35,0,0,0,0,0,14,16,5,0,35,12,0,12,47
11/27/2004,GFK,ND,AGL,CE,Towers with Radar,13,32,1,2,48,0,43,25,0,68,13,75,26,2,116,161,0,161,277
11/28/2004,GFK,ND,AGL,CE,Towers with Radar,9,9,8,0,26,0,1,9,0,10,9,10,17,0,36,40,0,40,76
11/29/2004,GFK,ND,AGL,CE,Towers with Radar,11,105,13,0,129,0,177,31,0,208,11,282,44,0,337,424,0,424,761
11/30/2004,GFK,ND,AGL,CE,Towers with Radar,18,117,21,0,156,0,194,27,1,222,18,311,48,1,378,549,0,549,927
12/01/2004,GFK,ND,AGL,CE,Towers with Radar,16,39,16,0,71,0,32,4,2,38,16,71,20,2,109,425,0,425,534
12/02/2004,GFK,ND,AGL,CE,Towers with Radar,18,119,22,0,159,0,228,27,1,256,18,347,49,1,415,571,0,571,986
12/03/2004,GFK,ND,AGL,CE,Towers with Radar,17,72,18,0,107,0,48,16,0,64,17,120,34,0,171,418,0,418,589
12/04/2004,GFK,ND,AGL,CE,Towers with Radar,15,94,5,0,114,0,160,22,0,182,15,254,27,0,296,553,0,553,849
12/05/2004,GFK,ND,AGL,CE,Towers with Radar,9,17,3,0,29,0,6,5,0,11,9,23,8,0,40,51,0,51,91
12/06/2004,GFK,ND,AGL,CE,Towers with Radar,14,24,11,0,49,0,0,0,0,0,14,24,11,0,49,0,0,0,49
12/07/2004,GFK,ND,AGL,CE,Towers with Radar,19,31,19,0,69,1,5,6,0,12,20,36,25,0,81,335,0,335,416
12/08/2004,GFK,ND,AGL,CE,Towers with Radar,19,26,13,1,59,1,0,0,0,1,20,26,13,1,60,0,0,0,60
12/09/2004,GFK,ND,AGL,CE,Towers with Radar,20,30,12,0,62,0,0,0,0,0,20,30,12,0,62,4,0,4,66
12/10/2004,GFK,ND,AGL,CE,Towers with Radar,17,24,10,0,51,0,0,0,0,0,17,24,10,0,51,0,0,0,51
12/11/2004,GFK,ND,AGL,CE,Towers with Radar,14,16,2,0,32,0,2,1,0,3,14,18,3,0,35,169,0,169,204
12/12/2004,GFK,ND,AGL,CE,Towers with Radar,8,11,0,0,19,0,0,0,0,0,8,11,0,0,19,0,0,0,19
12/13/2004,GFK,ND,AGL,CE,Towers with Radar,10,192,11,2,215,0,318,40,0,358,10,510,51,2,573,1096,0,1096,1669
12/14/2004,GFK,ND,AGL,CE,Towers with Radar,19,210,11,2,242,0,409,41,0,450,19,619,52,2,692,926,0,926,1618
12/15/2004,GFK,ND,AGL,CE,Towers with Radar,17,176,18,0,211,0,374,43,5,422,17,550,61,5,633,857,0,857,1490
12/16/2004,GFK,ND,AGL,CE,Towers with Radar,18,86,16,0,120,0,161,17,1,179,18,247,33,1,299,450,0,450,749
12/17/2004,GFK,ND,AGL,CE,Towers with Radar,16,73,11,0,100,0,68,4,0,72,16,141,15,0,172,212,0,212,384
12/18/2004,GFK,ND,AGL,CE,Towers with Radar,13,43,4,0,60,0,50,7,0,57,13,93,11,0,117,172,0,172,289
12/19/2004,GFK,ND,AGL,CE,Towers with Radar,10,11,4,0,25,0,13,7,0,20,10,24,11,0,45,27,0,27,72
12/20/2004,GFK,ND,AGL,CE,Towers with Radar,6,81,14,0,101,0,92,19,0,111,6,173,33,0,212,332,0,332,544
12/21/2004,GFK,ND,AGL,CE,Towers with Radar,19,43,6,0,68,0,13,5,0,18,19,56,11,0,86,52,0,52,138
12/22/2004,GFK,ND,AGL,CE,Towers with Radar,15,73,22,0,110,0,79,18,1,98,15,152,40,1,208,244,0,244,452
12/23/2004,GFK,ND,AGL,CE,Towers with Radar,9,44,6,0,59,0,19,12,0,31,9,63,18,0,90,125,0,125,215
12/24/2004,GFK,ND,AGL,CE,Towers with Radar,9,27,3,0,39,0,1,4,0,5,9,28,7,0,44,16,0,16,60
12/25/2004,GFK,ND,AGL,CE,Towers with Radar,6,7,3,0,16,0,0,2,0,2,6,7,5,0,18,0,0,0,18
12/26/2004,GFK,ND,AGL,CE,Towers with Radar,8,9,2,0,19,0,0,5,0,5,8,9,7,0,24,16,0,16,40
12/27/2004,GFK,ND,AGL,CE,Towers with Radar,11,23,5,0,39,0,0,1,0,1,11,23,6,0,40,0,0,0,40
12/28/2004,GFK,ND,AGL,CE,Towers with Radar,13,29,15,0,57,0,1,5,0,6,13,30,20,0,63,20,0,20,83
12/29/2004,GFK,ND,AGL,CE,Towers with Radar,16,23,10,0,49,1,0,0,0,1,17,23,10,0,50,0,0,0,50
12/30/2004,GFK,ND,AGL,CE,Towers with Radar,11,13,0,0,24,0,0,0,0,0,11,13,0,0,24,0,0,0,24
12/31/2004,GFK,ND,AGL,CE,Towers with Radar,11,28,2,0,41,0,2,0,0,2,11,30,2,0,43,0,0,0,43
01/01/2005,GFK,ND,AGL,CE,Towers with Radar,4,7,2,0,13,0,0,0,0,0,4,7,2,0,13,0,0,0,13
01/02/2005,GFK,ND,AGL,CE,Towers with Radar,9,8,4,0,21,0,1,2,0,3,9,9,6,0,24,0,0,0,24
01/03/2005,GFK,ND,AGL,CE,Towers with Radar,9,51,18,0,78,0,41,17,0,58,9,92,35,0,136,158,0,158,294
01/04/2005,GFK,ND,AGL,CE,Towers with Radar,14,68,19,1,102,0,52,7,1,60,14,120,26,2,162,192,0,192,354
01/05/2005,GFK,ND,AGL,CE,Towers with Radar,14,46,12,0,72,0,25,9,0,34,14,71,21,0,106,64,0,64,170
01/06/2005,GFK,ND,AGL,CE,Towers with Radar,14,69,13,0,96,0,79,13,0,92,14,148,26,0,188,291,0,291,479
01/07/2005,GFK,ND,AGL,CE,Towers with Radar,13,55,2,0,70,0,10,8,0,18,13,65,10,0,88,100,0,100,188
01/08/2005,GFK,ND,AGL,CE,Towers with Radar,11,11,14,0,36,0,0,4,1,5,11,11,18,1,41,42,0,42,83
01/09/2005,GFK,ND,AGL,CE,Towers with Radar,8,8,5,0,21,0,9,9,0,18,8,17,14,0,39,32,0,32,71
01/10/2005,GFK,ND,AGL,CE,Towers with Radar,9,37,10,0,56,0,24,12,1,37,9,61,22,1,93,145,0,145,238
01/11/2005,GFK,ND,AGL,CE,Towers with Radar,14,89,14,0,117,0,100,26,0,126,14,189,40,0,243,470,0,470,713
01/12/2005,GFK,ND,AGL,CE,Towers with Radar,14,31,4,0,49,0,8,6,0,14,14,39,10,0,63,77,0,77,140
01/13/2005,GFK,ND,AGL,CE,Towers with Radar,14,42,13,0,69,0,47,6,0,53,14,89,19,0,122,156,0,156,278
01/14/2005,GFK,ND,AGL,CE,Towers with Radar,13,50,11,0,74,0,53,0,0,53,13,103,11,0,127,202,0,202,329
01/15/2005,GFK,ND,AGL,CE,Towers with Radar,10,48,1,2,61,0,71,7,1,79,10,119,8,3,140,255,0,255,395
01/16/2005,GFK,ND,AGL,CE,Towers with Radar,8,30,2,0,40,0,60,8,0,68,8,90,10,0,108,190,0,190,298
01/17/2005,GFK,ND,AGL,CE,Towers with Radar,9,63,7,0,79,0,120,9,0,129,9,183,16,0,208,361,0,361,569
01/18/2005,GFK,ND,AGL,CE,Towers with Radar,10,29,10,0,49,0,5,7,0,12,10,34,17,0,61,65,0,65,126
01/19/2005,GFK,ND,AGL,CE,Towers with Radar,12,45,9,0,66,0,99,18,0,117,12,144,27,0,183,460,0,460,643
01/20/2005,GFK,ND,AGL,CE,Towers with Radar,14,28,11,0,53,0,44,9,0,53,14,72,20,0,106,279,0,279,385
01/21/2005,GFK,ND,AGL,CE,Towers with Radar,10,6,2,0,18,0,0,0,0,0,10,6,2,0,18,0,0,0,18
01/22/2005,GFK,ND,AGL,CE,Towers with Radar,10,105,4,0,119,0,150,8,0,158,10,255,12,0,277,545,0,545,822
01/23/2005,GFK,ND,AGL,CE,Towers with Radar,8,106,3,0,117,0,293,14,0,307,8,399,17,0,424,928,0,928,1352
01/24/2005,GFK,ND,AGL,CE,Towers with Radar,9,33,19,0,61,0,0,3,0,3,9,33,22,0,64,53,0,53,117
01/25/2005,GFK,ND,AGL,CE,Towers with Radar,13,101,16,0,130,0,181,5,0,186,13,282,21,0,316,540,0,540,856
01/26/2005,GFK,ND,AGL,CE,Towers with Radar,14,174,8,0,196,0,309,19,0,328,14,483,27,0,524,1024,0,1024,1548
01/27/2005,GFK,ND,AGL,CE,Towers with Radar,14,165,15,0,194,0,437,36,0,473,14,602,51,0,667,879,0,879,1546
01/28/2005,GFK,ND,AGL,CE,Towers with Radar,14,19,8,0,41,1,1,0,0,2,15,20,8,0,43,18,0,18,61
01/29/2005,GFK,ND,AGL,CE,Towers with Radar,10,76,11,0,97,1,77,1,0,79,11,153,12,0,176,364,0,364,540
01/30/2005,GFK,ND,AGL,CE,Towers with Radar,8,11,1,1,21,0,5,5,1,11,8,16,6,2,32,485,0,485,517
01/31/2005,GFK,ND,AGL,CE,Towers with Radar,9,23,12,0,44,0,0,0,0,0,9,23,12,0,44,0,0,0,44
02/01/2005,GFK,ND,AGL,CE,Towers with Radar,14,93,14,0,121,0,44,8,0,52,14,137,22,0,173,382,0,382,555
02/02/2005,GFK,ND,AGL,CE,Towers with Radar,16,209,12,0,237,0,529,38,1,568,16,738,50,1,805,1109,0,1109,1914
02/03/2005,GFK,ND,AGL,CE,Towers with Radar,14,173,26,0,213,0,399,35,0,434,14,572,61,0,647,938,0,938,1585
02/04/2005,GFK,ND,AGL,CE,Towers with Radar,13,158,22,0,193,0,449,21,1,471,13,607,43,1,664,1004,0,1004,1668
02/05/2005,GFK,ND,AGL,CE,Towers with Radar,10,11,5,0,26,0,1,1,0,2,10,12,6,0,28,0,0,0,28
02/06/2005,GFK,ND,AGL,CE,Towers with Radar,9,36,6,0,51,0,190,12,0,202,9,226,18,0,253,600,0,600,853
02/07/2005,GFK,ND,AGL,CE,Towers with Radar,9,134,12,0,155,0,302,14,0,316,9,436,26,0,471,917,0,917,1388
02/08/2005,GFK,ND,AGL,CE,Towers with Radar,12,138,9,0,159,0,334,19,0,353,12,472,28,0,512,977,0,977,1489
02/09/2005,GFK,ND,AGL,CE,Towers with Radar,14,132,9,1,156,0,395,32,1,428,14,527,41,2,584,1040,0,1040,1624
02/10/2005,GFK,ND,AGL,CE,Towers with Radar,15,145,29,0,189,1,260,14,0,275,16,405,43,0,464,556,0,556,1020
02/11/2005,GFK,ND,AGL,CE,Towers with Radar,13,131,7,0,151,0,413,36,0,449,13,544,43,0,600,946,0,946,1546
02/12/2005,GFK,ND,AGL,CE,Towers with Radar,11,114,3,0,128,0,284,47,0,331,11,398,50,0,459,818,0,818,1277
02/13/2005,GFK,ND,AGL,CE,Towers with Radar,12,31,2,0,45,1,51,10,0,62,13,82,12,0,107,325,0,325,432
02/14/2005,GFK,ND,AGL,CE,Towers with Radar,8,72,14,0,94,0,77,10,0,87,8,149,24,0,181,672,0,672,853
02/15/2005,GFK,ND,AGL,CE,Towers with Radar,14,131,20,0,165,0,240,19,2,261,14,371,39,2,426,838,0,838,1264
02/16/2005,GFK,ND,AGL,CE,Towers with Radar,15,162,20,0,197,0,313,22,4,339,15,475,42,4,536,1064,0,1064,1600
02/17/2005,GFK,ND,AGL,CE,Towers with Radar,17,134,17,1,169,1,332,24,6,363,18,466,41,7,532,741,0,741,1273
02/18/2005,GFK,ND,AGL,CE,Towers with Radar,14,75,13,0,102,0,77,3,0,80,14,152,16,0,182,432,0,432,614
02/19/2005,GFK,ND,AGL,CE,Towers with Radar,10,98,12,2,122,0,217,18,0,235,10,315,30,2,357,842,0,842,1199
02/20/2005,GFK,ND,AGL,CE,Towers with Radar,9,22,1,0,32,0,19,4,0,23,9,41,5,0,55,144,0,144,199
02/21/2005,GFK,ND,AGL,CE,Towers with Radar,11,143,9,0,163,0,265,14,0,279,11,408,23,0,442,871,0,871,1313
02/22/2005,GFK,ND,AGL,CE,Towers with Radar,13,132,13,0,158,0,271,21,1,293,13,403,34,1,451,924,0,924,1375
02/23/2005,GFK,ND,AGL,CE,Towers with Radar,15,129,10,0,154,0,285,26,0,311,15,414,36,0,465,1315,0,1315,1780
02/24/2005,GFK,ND,AGL,CE,Towers with Radar,17,137,14,0,168,0,231,20,0,251,17,368,34,0,419,695,0,695,1114
02/25/2005,GFK,ND,AGL,CE,Towers with Radar,15,173,19,2,209,0,307,39,0,346,15,480,58,2,555,1068,0,1068,1623
02/26/2005,GFK,ND,AGL,CE,Towers with Radar,11,56,7,0,74,0,65,13,0,78,11,121,20,0,152,447,0,447,599
02/27/2005,GFK,ND,AGL,CE,Towers with Radar,11,9,3,0,23,0,0,0,0,0,11,9,3,0,23,0,0,0,23
02/28/2005,GFK,ND,AGL,CE,Towers with Radar,10,137,10,0,157,0,269,11,0,280,10,406,21,0,437,974,0,974,1411
03/01/2005,GFK,ND,AGL,CE,Towers with Radar,16,172,11,0,199,0,251,34,0,285,16,423,45,0,484,829,0,829,1313
03/02/2005,GFK,ND,AGL,CE,Towers with Radar,16,180,9,0,205,0,314,21,0,335,16,494,30,0,540,909,0,909,1449
03/03/2005,GFK,ND,AGL,CE,Towers with Radar,18,147,21,2,188,0,329,19,3,351,18,476,40,5,539,809,0,809,1348
03/04/2005,GFK,ND,AGL,CE,Towers with Radar,15,70,10,0,95,0,64,18,0,82,15,134,28,0,177,513,0,513,690
03/05/2005,GFK,ND,AGL,CE,Towers with Radar,11,131,7,0,149,0,326,29,0,355,11,457,36,0,504,738,0,738,1242
03/06/2005,GFK,ND,AGL,CE,Towers with Radar,11,65,2,0,78,2,82,24,0,108,13,147,26,0,186,275,0,275,461
03/07/2005,GFK,ND,AGL,CE,Towers with Radar,10,146,14,0,170,0,235,17,0,252,10,381,31,0,422,630,0,630,1052
03/08/2005,GFK,ND,AGL,CE,Towers with Radar,17,159,11,0,187,0,237,27,0,264,17,396,38,0,451,868,0,868,1319
03/09/2005,GFK,ND,AGL,CE,Towers with Radar,19,71,21,0,111,0,110,26,0,136,19,181,47,0,247,483,0,483,730
03/10/2005,GFK,ND,AGL,CE,Towers with Radar,17,26,5,0,48,0,3,1,0,4,17,29,6,0,52,38,0,38,90
03/11/2005,GFK,ND,AGL,CE,Towers with Radar,15,25,15,1,56,0,1,2,1,4,15,26,17,2,60,0,0,0,60
03/12/2005,GFK,ND,AGL,CE,Towers with Radar,11,68,3,0,82,0,102,25,0,127,11,170,28,0,209,326,0,326,535
03/13/2005,GFK,ND,AGL,CE,Towers with Radar,9,28,2,0,39,0,32,3,0,35,9,60,5,0,74,250,0,250,324
03/14/2005,GFK,ND,AGL,CE,Towers with Radar,11,32,14,1,58,0,25,5,0,30,11,57,19,1,88,246,0,246,334
03/15/2005,GFK,ND,AGL,CE,Towers with Radar,16,91,10,0,117,0,70,15,0,85,16,161,25,0,202,299,0,299,501
03/16/2005,GFK,ND,AGL,CE,Towers with Radar,16,61,23,0,100,0,25,13,0,38,16,86,36,0,138,169,0,169,307
03/17/2005,GFK,ND,AGL,CE,Towers with Radar,16,98,9,1,124,0,93,32,0,125,16,191,41,1,249,339,0,339,588
03/18/2005,GFK,ND,AGL,CE,Towers with Radar,9,51,9,0,69,0,84,22,2,108,9,135,31,2,177,301,0,301,478
03/19/2005,GFK,ND,AGL,CE,Towers with Radar,12,28,9,0,49,0,99,34,0,133,12,127,43,0,182,265,0,265,447
03/20/2005,GFK,ND,AGL,CE,Towers with Radar,10,39,10,0,59,0,56,24,0,80,10,95,34,0,139,199,0,199,338
03/21/2005,GFK,ND,AGL,CE,Towers with Radar,11,97,19,0,127,0,202,19,0,221,11,299,38,0,348,566,0,566,914
03/22/2005,GFK,ND,AGL,CE,Towers with Radar,16,106,13,0,135,0,192,18,1,211,16,298,31,1,346,755,0,755,1101
03/23/2005,GFK,ND,AGL,CE,Towers with Radar,18,138,21,1,178,0,297,37,3,337,18,435,58,4,515,764,0,764,1279
03/24/2005,GFK,ND,AGL,CE,Towers with Radar,18,114,17,0,149,0,184,23,0,207,18,298,40,0,356,565,0,565,921
03/25/2005,GFK,ND,AGL,CE,Towers with Radar,15,120,12,0,147,0,213,59,0,272,15,333,71,0,419,491,0,491,910
03/26/2005,GFK,ND,AGL,CE,Towers with Radar,11,91,5,0,107,0,137,22,0,159,11,228,27,0,266,418,0,418,684
03/27/2005,GFK,ND,AGL,CE,Towers with Radar,10,6,3,0,19,0,1,0,0,1,10,7,3,0,20,6,0,6,26
03/28/2005,GFK,ND,AGL,CE,Towers with Radar,11,91,18,0,120,0,159,37,2,198,11,250,55,2,318,466,0,466,784
03/29/2005,GFK,ND,AGL,CE,Towers with Radar,16,105,18,0,139,0,176,14,0,190,16,281,32,0,329,480,0,480,809
03/30/2005,GFK,ND,AGL,CE,Towers with Radar,16,79,13,0,108,0,44,10,0,54,16,123,23,0,162,224,0,224,386
03/31/2005,GFK,ND,AGL,CE,Towers with Radar,15,138,17,0,170,0,272,60,0,332,15,410,77,0,502,797,0,797,1299
04/01/2005,GFK,ND,AGL,CE,Towers with Radar,16,127,32,0,175,0,336,36,0,372,16,463,68,0,547,874,0,874,1421
04/02/2005,GFK,ND,AGL,CE,Towers with Radar,10,86,0,0,96,0,188,22,0,210,10,274,22,0,306,614,0,614,920
04/03/2005,GFK,ND,AGL,CE,Towers with Radar,8,52,9,0,69,0,157,23,0,180,8,209,32,0,249,372,0,372,621
04/04/2005,GFK,ND,AGL,CE,Towers with Radar,10,74,17,0,101,0,157,23,2,182,10,231,40,2,283,528,0,528,811
04/05/2005,GFK,ND,AGL,CE,Towers with Radar,17,129,14,0,160,0,149,13,0,162,17,278,27,0,322,634,0,634,956
04/06/2005,GFK,ND,AGL,CE,Towers with Radar,20,125,29,0,174,0,296,30,4,330,20,421,59,4,504,610,0,610,1114
04/07/2005,GFK,ND,AGL,CE,Towers with Radar,16,111,17,0,144,0,235,38,0,273,16,346,55,0,417,700,0,700,1117
04/08/2005,GFK,ND,AGL,CE,Towers with Radar,15,46,12,0,73,0,49,17,0,66,15,95,29,0,139,145,0,145,284
04/09/2005,GFK,ND,AGL,CE,Towers with Radar,11,54,13,0,78,0,43,12,0,55,11,97,25,0,133,193,0,193,326
04/10/2005,GFK,ND,AGL,CE,Towers with Radar,9,44,12,0,65,0,130,22,0,152,9,174,34,0,217,317,0,317,534
04/11/2005,GFK,ND,AGL,CE,Towers with Radar,11,82,8,0,101,0,24,1,0,25,11,106,9,0,126,71,0,71,197
04/12/2005,GFK,ND,AGL,CE,Towers with Radar,15,135,14,0,164,0,21,3,0,24,15,156,17,0,188,79,0,79,267
04/13/2005,GFK,ND,AGL,CE,Towers with Radar,15,122,18,0,155,0,331,46,0,377,15,453,64,0,532,728,0,728,1260
04/14/2005,GFK,ND,AGL,CE,Towers with Radar,18,66,12,0,96,0,86,8,1,95,18,152,20,1,191,387,0,387,578
04/15/2005,GFK,ND,AGL,CE,Towers with Radar,14,128,13,0,155,0,241,40,2,283,14,369,53,2,438,584,0,584,1022
04/16/2005,GFK,ND,AGL,CE,Towers with Radar,10,84,9,0,103,0,167,29,0,196,10,251,38,0,299,574,0,574,873
04/17/2005,GFK,ND,AGL,CE,Towers with Radar,11,51,8,0,70,0,78,11,0,89,11,129,19,0,159,209,0,209,368
04/18/2005,GFK,ND,AGL,CE,Towers with Radar,11,75,15,1,102,0,149,14,2,165,11,224,29,3,267,529,0,529,796
04/19/2005,GFK,ND,AGL,CE,Towers with Radar,16,134,10,0,160,0,75,9,1,85,16,209,19,1,245,486,0,486,731
04/20/2005,GFK,ND,AGL,CE,Towers with Radar,15,150,21,0,186,0,250,37,0,287,15,400,58,0,473,995,0,995,1468
04/21/2005,GFK,ND,AGL,CE,Towers with Radar,14,123,17,0,154,0,233,25,1,259,14,356,42,1,413,677,0,677,1090
04/22/2005,GFK,ND,AGL,CE,Towers with Radar,14,79,11,0,104,0,67,14,1,82,14,146,25,1,186,432,0,432,618
04/23/2005,GFK,ND,AGL,CE,Towers with Radar,10,49,6,0,65,0,395,30,0,425,10,444,36,0,490,527,0,527,1017
04/24/2005,GFK,ND,AGL,CE,Towers with Radar,9,40,3,0,52,0,201,43,0,244,9,241,46,0,296,305,0,305,601
04/25/2005,GFK,ND,AGL,CE,Towers with Radar,11,63,9,0,83,0,39,5,1,45,11,102,14,1,128,132,0,132,260
04/26/2005,GFK,ND,AGL,CE,Towers with Radar,15,56,14,0,85,0,32,9,0,41,15,88,23,0,126,79,0,79,205
04/27/2005,GFK,ND,AGL,CE,Towers with Radar,15,63,23,0,101,0,56,14,2,72,15,119,37,2,173,414,0,414,587
04/28/2005,GFK,ND,AGL,CE,Towers with Radar,16,127,25,0,168,0,177,12,0,189,16,304,37,0,357,743,0,743,1100
04/29/2005,GFK,ND,AGL,CE,Towers with Radar,16,98,7,0,121,0,139,27,0,166,16,237,34,0,287,552,0,552,839
04/30/2005,GFK,ND,AGL,CE,Towers with Radar,13,17,9,0,39,0,31,12,0,43,13,48,21,0,82,141,0,141,223
05/01/2005,GFK,ND,AGL,CE,Towers with Radar,9,7,4,0,20,0,0,0,0,0,9,7,4,0,20,0,0,0,20
05/02/2005,GFK,ND,AGL,CE,Towers with Radar,11,149,3,0,163,0,213,24,1,238,11,362,27,1,401,598,0,598,999
05/03/2005,GFK,ND,AGL,CE,Towers with Radar,19,126,13,0,158,1,230,44,0,275,20,356,57,0,433,786,0,786,1219
05/04/2005,GFK,ND,AGL,CE,Towers with Radar,15,120,15,0,150,0,272,40,3,315,15,392,55,3,465,641,0,641,1106
05/05/2005,GFK,ND,AGL,CE,Towers with Radar,16,117,20,0,153,0,220,31,1,252,16,337,51,1,405,618,0,618,1023
05/06/2005,GFK,ND,AGL,CE,Towers with Radar,15,109,25,0,149,0,227,33,0,260,15,336,58,0,409,485,0,485,894
05/07/2005,GFK,ND,AGL,CE,Towers with Radar,11,19,4,2,36,0,1,4,2,7,11,20,8,4,43,20,0,20,63
05/08/2005,GFK,ND,AGL,CE,Towers with Radar,9,28,6,0,43,0,38,13,2,53,9,66,19,2,96,292,0,292,388
05/09/2005,GFK,ND,AGL,CE,Towers with Radar,12,99,12,2,125,0,15,0,0,15,12,114,12,2,140,0,0,0,140
05/10/2005,GFK,ND,AGL,CE,Towers with Radar,16,86,11,1,114,0,49,7,0,56,16,135,18,1,170,230,0,230,400
05/11/2005,GFK,ND,AGL,CE,Towers with Radar,15,136,27,0,178,0,132,12,0,144,15,268,39,0,322,436,0,436,758
05/12/2005,GFK,ND,AGL,CE,Towers with Radar,17,71,19,0,107,0,98,6,1,105,17,169,25,1,212,256,0,256,468
05/13/2005,GFK,ND,AGL,CE,Towers with Radar,14,37,4,0,55,0,5,2,0,7,14,42,6,0,62,85,0,85,147
05/14/2005,GFK,ND,AGL,CE,Towers with Radar,11,13,4,0,28,0,0,2,0,2,11,13,6,0,30,0,0,0,30
05/15/2005,GFK,ND,AGL,CE,Towers with Radar,8,51,11,0,70,0,66,23,0,89,8,117,34,0,159,358,0,358,517
05/16/2005,GFK,ND,AGL,CE,Towers with Radar,12,73,18,0,103,0,212,37,3,252,12,285,55,3,355,436,0,436,791
05/17/2005,GFK,ND,AGL,CE,Towers with Radar,16,62,17,0,95,0,96,9,0,105,16,158,26,0,200,170,0,170,370
05/18/2005,GFK,ND,AGL,CE,Towers with Radar,16,59,14,0,89,0,59,7,0,66,16,118,21,0,155,237,0,237,392
05/19/2005,GFK,ND,AGL,CE,Towers with Radar,15,116,20,0,151,0,58,23,0,81,15,174,43,0,232,474,0,474,706
05/20/2005,GFK,ND,AGL,CE,Towers with Radar,13,110,4,1,128,0,167,28,0,195,13,277,32,1,323,598,0,598,921
05/21/2005,GFK,ND,AGL,CE,Towers with Radar,11,41,0,0,52,0,39,3,0,42,11,80,3,0,94,90,0,90,184
05/22/2005,GFK,ND,AGL,CE,Towers with Radar,9,7,3,0,19,0,2,2,0,4,9,9,5,0,23,0,0,0,23
05/23/2005,GFK,ND,AGL,CE,Towers with Radar,9,148,25,4,186,0,252,45,11,308,9,400,70,15,494,895,4,899,1393
05/24/2005,GFK,ND,AGL,CE,Towers with Radar,16,117,9,3,145,0,49,5,1,55,16,166,14,4,200,407,0,407,607
05/25/2005,GFK,ND,AGL,CE,Towers with Radar,15,126,19,0,160,0,172,21,2,195,15,298,40,2,355,701,0,701,1056
05/26/2005,GFK,ND,AGL,CE,Towers with Radar,15,117,20,2,154,0,97,16,15,128,15,214,36,17,282,356,0,356,638
05/27/2005,GFK,ND,AGL,CE,Towers with Radar,15,123,8,1,147,0,20,9,1,30,15,143,17,2,177,114,0,114,291
05/28/2005,GFK,ND,AGL,CE,Towers with Radar,11,61,12,0,84,0,14,4,0,18,11,75,16,0,102,41,0,41,143
05/29/2005,GFK,ND,AGL,CE,Towers with Radar,6,26,8,0,40,0,12,7,0,19,6,38,15,0,59,30,0,30,89
05/30/2005,GFK,ND,AGL,CE,Towers with Radar,7,80,9,0,96,0,105,13,0,118,7,185,22,0,214,489,0,489,703
05/31/2005,GFK,ND,AGL,CE,Towers with Radar,11,115,15,0,141,0,188,19,1,208,11,303,34,1,349,508,0,508,857
06/01/2005,GFK,ND,AGL,CE,Towers with Radar,16,93,17,0,126,0,29,17,0,46,16,122,34,0,172,99,0,99,271
06/02/2005,GFK,ND,AGL,CE,Towers with Radar,16,94,24,0,134,0,115,28,0,143,16,209,52,0,277,407,0,407,684
06/03/2005,GFK,ND,AGL,CE,Towers with Radar,14,85,9,2,110,0,11,8,0,19,14,96,17,2,129,87,0,87,216
06/04/2005,GFK,ND,AGL,CE,Towers with Radar,10,94,10,0,114,0,18,14,0,32,10,112,24,0,146,165,0,165,311
06/05/2005,GFK,ND,AGL,CE,Towers with Radar,9,56,16,0,81,0,9,3,0,12,9,65,19,0,93,6,0,6,99
06/06/2005,GFK,ND,AGL,CE,Towers with Radar,11,124,17,0,152,0,181,38,0,219,11,305,55,0,371,597,0,597,968
06/07/2005,GFK,ND,AGL,CE,Towers with Radar,16,120,16,0,152,0,33,45,1,79,16,153,61,1,231,279,0,279,510
06/08/2005,GFK,ND,AGL,CE,Towers with Radar,16,92,24,0,132,0,66,55,0,121,16,158,79,0,253,240,0,240,493
06/09/2005,GFK,ND,AGL,CE,Towers with Radar,18,105,26,0,149,0,247,58,0,305,18,352,84,0,454,660,0,660,1114
06/10/2005,GFK,ND,AGL,CE,Towers with Radar,15,101,14,0,130,0,218,24,0,242,15,319,38,0,372,792,0,792,1164
06/11/2005,GFK,ND,AGL,CE,Towers with Radar,10,39,7,0,56,0,66,38,0,104,10,105,45,0,160,293,0,293,453
06/12/2005,GFK,ND,AGL,CE,Towers with Radar,12,36,5,0,53,0,117,19,0,136,12,153,24,0,189,385,0,385,574
06/13/2005,GFK,ND,AGL,CE,Towers with Radar,8,96,37,0,141,0,23,8,0,31,8,119,45,0,172,302,0,302,474
06/14/2005,GFK,ND,AGL,CE,Towers with Radar,16,121,19,0,156,0,17,0,0,17,16,138,19,0,173,166,0,166,339
06/15/2005,GFK,ND,AGL,CE,Towers with Radar,18,103,37,0,158,0,362,47,0,409,18,465,84,0,567,1105,0,1105,1672
06/16/2005,GFK,ND,AGL,CE,Towers with Radar,16,87,24,0,127,0,313,50,0,363,16,400,74,0,490,872,0,872,1362
06/17/2005,GFK,ND,AGL,CE,Towers with Radar,15,82,17,0,114,0,222,49,0,271,15,304,66,0,385,868,0,868,1253
06/18/2005,GFK,ND,AGL,CE,Towers with Radar,11,27,5,0,43,0,69,12,8,89,11,96,17,8,132,162,0,162,294
06/19/2005,GFK,ND,AGL,CE,Towers with Radar,9,28,2,0,39,0,83,13,0,96,9,111,15,0,135,238,0,238,373
06/20/2005,GFK,ND,AGL,CE,Towers with Radar,13,79,11,0,103,0,202,51,0,253,13,281,62,0,356,1115,0,1115,1471
06/21/2005,GFK,ND,AGL,CE,Towers with Radar,16,88,28,2,134,0,231,32,1,264,16,319,60,3,398,885,0,885,1283
06/22/2005,GFK,ND,AGL,CE,Towers with Radar,14,87,15,4,120,0,186,28,0,214,14,273,43,4,334,676,0,676,1010
06/23/2005,GFK,ND,AGL,CE,Towers with Radar,16,44,26,5,91,0,130,15,0,145,16,174,41,5,236,456,0,456,692
06/24/2005,GFK,ND,AGL,CE,Towers with Radar,15,85,12,0,112,0,171,26,0,197,15,256,38,0,309,546,0,546,855
06/25/2005,GFK,ND,AGL,CE,Towers with Radar,11,42,7,2,62,0,129,25,2,156,11,171,32,4,218,506,0,506,724
06/26/2005,GFK,ND,AGL,CE,Towers with Radar,9,6,9,0,24,0,2,5,0,7,9,8,14,0,31,0,0,0,31
06/27/2005,GFK,ND,AGL,CE,Towers with Radar,9,92,13,8,122,0,24,27,6,57,9,116,40,14,179,326,0,326,505
06/28/2005,GFK,ND,AGL,CE,Towers with Radar,18,95,11,2,126,0,131,25,2,158,18,226,36,4,284,625,0,625,909
06/29/2005,GFK,ND,AGL,CE,Towers with Radar,15,17,7,0,39,0,1,4,0,5,15,18,11,0,44,52,0,52,96
06/30/2005,GFK,ND,AGL,CE,Towers with Radar,16,49,12,3,80,0,26,4,0,30,16,75,16,3,110,74,0,74,184
07/01/2005,GFK,ND,AGL,CE,Towers with Radar,15,97,17,1,130,0,209,37,1,247,15,306,54,2,377,515,0,515,892
07/02/2005,GFK,ND,AGL,CE,Towers with Radar,11,12,9,0,32,0,6,13,0,19,11,18,22,0,51,14,0,14,65
07/03/2005,GFK,ND,AGL,CE,Towers with Radar,6,6,2,0,14,0,4,6,0,10,6,10,8,0,24,11,0,11,35
07/04/2005,GFK,ND,AGL,CE,Towers with Radar,7,4,5,0,16,0,0,0,0,0,7,4,5,0,16,0,0,0,16
07/05/2005,GFK,ND,AGL,CE,Towers with Radar,11,101,10,1,123,0,175,31,15,221,11,276,41,16,344,576,6,582,926
07/06/2005,GFK,ND,AGL,CE,Towers with Radar,16,98,18,1,133,0,206,35,3,244,16,304,53,4,377,775,0,775,1152
07/07/2005,GFK,ND,AGL,CE,Towers with Radar,16,108,29,2,155,0,163,7,0,170,16,271,36,2,325,403,0,403,728
07/08/2005,GFK,ND,AGL,CE,Towers with Radar,15,123,19,0,157,0,189,31,0,220,15,312,50,0,377,504,0,504,881
07/09/2005,GFK,ND,AGL,CE,Towers with Radar,11,51,9,0,71,0,79,16,0,95,11,130,25,0,166,238,0,238,404
07/10/2005,GFK,ND,AGL,CE,Towers with Radar,8,26,6,0,40,0,55,18,2,75,8,81,24,2,115,130,0,130,245
07/11/2005,GFK,ND,AGL,CE,Towers with Radar,11,90,7,0,108,0,103,23,0,126,11,193,30,0,234,490,0,490,724
07/12/2005,GFK,ND,AGL,CE,Towers with Radar,16,116,8,0,140,0,278,58,0,336,16,394,66,0,476,505,0,505,981
07/13/2005,GFK,ND,AGL,CE,Towers with Radar,19,107,7,0,133,0,224,57,0,281,19,331,64,0,414,480,0,480,894
07/14/2005,GFK,ND,AGL,CE,Towers with Radar,16,95,31,0,142,0,166,53,0,219,16,261,84,0,361,402,0,402,763
07/15/2005,GFK,ND,AGL,CE,Towers with Radar,15,124,22,0,161,0,227,47,0,274,15,351,69,0,435,656,0,656,1091
07/16/2005,GFK,ND,AGL,CE,Towers with Radar,15,75,10,2,102,0,99,7,9,115,15,174,17,11,217,234,0,234,451
07/17/2005,GFK,ND,AGL,CE,Towers with Radar,11,29,2,0,42,0,31,12,0,43,11,60,14,0,85,29,0,29,114
07/18/2005,GFK,ND,AGL,CE,Towers with Radar,11,112,15,0,138,0,81,36,0,117,11,193,51,0,255,397,0,397,652
07/19/2005,GFK,ND,AGL,CE,Towers with Radar,16,100,12,0,128,0,159,42,0,201,16,259,54,0,329,428,0,428,757
07/20/2005,GFK,ND,AGL,CE,Towers with Radar,18,120,16,0,154,0,187,82,0,269,18,307,98,0,423,613,0,613,1036
07/21/2005,GFK,ND,AGL,CE,Towers with Radar,16,91,23,0,130,0,149,54,0,203,16,240,77,0,333,518,0,518,851
07/22/2005,GFK,ND,AGL,CE,Towers with Radar,14,105,13,0,132,0,163,48,0,211,14,268,61,0,343,601,0,601,944
07/23/2005,GFK,ND,AGL,CE,Towers with Radar,8,59,4,0,71,0,55,19,0,74,8,114,23,0,145,234,0,234,379
07/24/2005,GFK,ND,AGL,CE,Towers with Radar,10,39,12,0,61,0,53,66,0,119,10,92,78,0,180,148,0,148,328
07/25/2005,GFK,ND,AGL,CE,Towers with Radar,9,66,10,0,85,0,71,22,0,93,9,137,32,0,178,585,0,585,763
07/26/2005,GFK,ND,AGL,CE,Towers with Radar,15,113,6,0,134,0,199,62,0,261,15,312,68,0,395,519,0,519,914
07/27/2005,GFK,ND,AGL,CE,Towers with Radar,15,93,16,0,124,0,87,19,0,106,15,180,35,0,230,436,0,436,666
07/28/2005,GFK,ND,AGL,CE,Towers with Radar,15,87,17,0,119,0,127,50,0,177,15,214,67,0,296,541,0,541,837
07/29/2005,GFK,ND,AGL,CE,Towers with Radar,15,56,16,1,88,0,74,37,3,114,15,130,53,4,202,329,0,329,531
07/30/2005,GFK,ND,AGL,CE,Towers with Radar,12,46,8,0,66,0,42,20,0,62,12,88,28,0,128,179,0,179,307
07/31/2005,GFK,ND,AGL,CE,Towers with Radar,11,23,5,0,39,0,35,14,0,49,11,58,19,0,88,169,0,169,257
08/01/2005,GFK,ND,AGL,CE,Towers with Radar,9,79,15,1,104,0,83,42,2,127,9,162,57,3,231,346,0,346,577
08/02/2005,GFK,ND,AGL,CE,Towers with Radar,19,100,32,0,151,0,95,56,3,154,19,195,88,3,305,323,8,331,636
08/03/2005,GFK,ND,AGL,CE,Towers with Radar,15,81,33,0,129,0,109,20,0,129,15,190,53,0,258,352,0,352,610
08/04/2005,GFK,ND,AGL,CE,Towers with Radar,15,80,15,3,113,0,71,25,3,99,15,151,40,6,212,274,0,274,486
08/05/2005,GFK,ND,AGL,CE,Towers with Radar,15,69,15,1,100,0,112,21,0,133,15,181,36,1,233,297,0,297,530
08/06/2005,GFK,ND,AGL,CE,Towers with Radar,11,42,8,0,61,0,53,26,0,79,11,95,34,0,140,142,0,142,282
08/07/2005,GFK,ND,AGL,CE,Towers with Radar,9,5,9,0,23,0,8,18,0,26,9,13,27,0,49,51,0,51,100
08/08/2005,GFK,ND,AGL,CE,Towers with Radar,11,38,20,0,69,0,39,29,0,68,11,77,49,0,137,105,0,105,242
08/09/2005,GFK,ND,AGL,CE,Towers with Radar,14,49,19,0,82,0,74,38,4,116,14,123,57,4,198,208,4,212,410
08/10/2005,GFK,ND,AGL,CE,Towers with Radar,15,63,13,0,91,0,81,27,0,108,15,144,40,0,199,142,0,142,341
08/11/2005,GFK,ND,AGL,CE,Towers with Radar,14,57,24,0,95,0,9,5,0,14,14,66,29,0,109,4,0,4,113
08/12/2005,GFK,ND,AGL,CE,Towers with Radar,14,63,6,1,84,0,69,20,1,90,14,132,26,2,174,130,0,130,304
08/13/2005,GFK,ND,AGL,CE,Towers with Radar,11,35,10,0,56,0,16,14,0,30,11,51,24,0,86,102,0,102,188
08/14/2005,GFK,ND,AGL,CE,Towers with Radar,8,5,7,0,20,0,5,14,0,19,8,10,21,0,39,18,0,18,57
08/15/2005,GFK,ND,AGL,CE,Towers with Radar,8,56,20,0,84,0,64,39,0,103,8,120,59,0,187,267,0,267,454
08/16/2005,GFK,ND,AGL,CE,Towers with Radar,15,63,16,0,94,0,75,42,0,117,15,138,58,0,211,229,0,229,440
08/17/2005,GFK,ND,AGL,CE,Towers with Radar,15,26,8,0,49,1,1,4,0,6,16,27,12,0,55,19,0,19,74
08/18/2005,GFK,ND,AGL,CE,Towers with Radar,14,41,23,0,78,0,10,11,0,21,14,51,34,0,99,102,0,102,201
08/19/2005,GFK,ND,AGL,CE,Towers with Radar,16,18,21,0,55,0,9,23,0,32,16,27,44,0,87,54,0,54,141
08/20/2005,GFK,ND,AGL,CE,Towers with Radar,10,13,10,0,33,0,11,17,0,28,10,24,27,0,61,53,0,53,114
08/21/2005,GFK,ND,AGL,CE,Towers with Radar,9,7,11,0,27,0,5,21,0,26,9,12,32,0,53,17,0,17,70
08/22/2005,GFK,ND,AGL,CE,Towers with Radar,10,49,20,0,79,0,59,29,0,88,10,108,49,0,167,195,0,195,362
08/23/2005,GFK,ND,AGL,CE,Towers with Radar,15,68,18,0,101,0,83,32,0,115,15,151,50,0,216,182,0,182,398
08/24/2005,GFK,ND,AGL,CE,Towers with Radar,17,54,16,0,87,0,43,7,0,50,17,97,23,0,137,141,0,141,278
08/25/2005,GFK,ND,AGL,CE,Towers with Radar,14,82,35,0,131,0,72,8,0,80,14,154,43,0,211,336,0,336,547
08/26/2005,GFK,ND,AGL,CE,Towers with Radar,20,87,23,2,132,0,264,31,4,299,20,351,54,6,431,362,0,362,793
08/27/2005,GFK,ND,AGL,CE,Towers with Radar,8,51,8,4,71,0,284,20,0,304,8,335,28,4,375,468,0,468,843
08/28/2005,GFK,ND,AGL,CE,Towers with Radar,10,28,2,0,40,0,167,19,0,186,10,195,21,0,226,358,0,358,584
08/29/2005,GFK,ND,AGL,CE,Towers with Radar,11,99,14,0,124,0,345,41,0,386,11,444,55,0,510,525,0,525,1035
08/30/2005,GFK,ND,AGL,CE,Towers with Radar,16,106,18,0,140,0,270,29,0,299,16,376,47,0,439,595,0,595,1034
08/31/2005,GFK,ND,AGL,CE,Towers with Radar,17,88,13,1,119,0,95,15,1,111,17,183,28,2,230,342,0,342,572
09/01/2005,GFK,ND,AGL,CE,Towers with Radar,16,85,26,0,127,0,101,11,0,112,16,186,37,0,239,503,0,503,742
09/02/2005,GFK,ND,AGL,CE,Towers with Radar,17,139,22,0,178,0,353,27,0,380,17,492,49,0,558,1041,0,1041,1599
09/03/2005,GFK,ND,AGL,CE,Towers with Radar,12,72,4,0,88,0,258,18,0,276,12,330,22,0,364,993,0,993,1357
09/04/2005,GFK,ND,AGL,CE,Towers with Radar,6,30,4,0,40,0,94,5,0,99,6,124,9,0,139,201,0,201,340
09/05/2005,GFK,ND,AGL,CE,Towers with Radar,7,67,11,0,85,0,181,8,0,189,7,248,19,0,274,462,0,462,736
09/06/2005,GFK,ND,AGL,CE,Towers with Radar,11,161,21,0,193,0,311,38,0,349,11,472,59,0,542,803,0,803,1345
09/07/2005,GFK,ND,AGL,CE,Towers with Radar,16,139,19,0,174,0,346,39,2,387,16,485,58,2,561,1126,0,1126,1687
09/08/2005,GFK,ND,AGL,CE,Towers with Radar,16,130,20,0,166,0,241,22,0,263,16,371,42,0,429,930,0,930,1359
09/09/2005,GFK,ND,AGL,CE,Towers with Radar,13,27,9,0,49,0,5,6,0,11,13,32,15,0,60,26,0,26,86
09/10/2005,GFK,ND,AGL,CE,Towers with Radar,8,95,13,0,116,0,154,13,4,171,8,249,26,4,287,443,0,443,730
09/11/2005,GFK,ND,AGL,CE,Towers with Radar,10,45,12,0,67,0,174,12,0,186,10,219,24,0,253,434,0,434,687
09/12/2005,GFK,ND,AGL,CE,Towers with Radar,9,110,8,0,127,0,239,26,0,265,9,349,34,0,392,717,0,717,1109
09/13/2005,GFK,ND,AGL,CE,Towers with Radar,16,170,21,0,207,0,228,21,0,249,16,398,42,0,456,704,0,704,1160
09/14/2005,GFK,ND,AGL,CE,Towers with Radar,16,139,24,0,179,0,335,36,0,371,16,474,60,0,550,1050,0,1050,1600
09/15/2005,GFK,ND,AGL,CE,Towers with Radar,16,121,25,0,162,0,253,38,1,292,16,374,63,1,454,939,0,939,1393
09/16/2005,GFK,ND,AGL,CE,Towers with Radar,15,146,5,0,166,0,331,48,0,379,15,477,53,0,545,979,0,979,1524
09/17/2005,GFK,ND,AGL,CE,Towers with Radar,8,130,4,0,142,0,29,0,0,29,8,159,4,0,171,22,0,22,193
09/18/2005,GFK,ND,AGL,CE,Towers with Radar,10,64,15,0,89,0,49,16,0,65,10,113,31,0,154,472,0,472,626
09/19/2005,GFK,ND,AGL,CE,Towers with Radar,10,136,8,0,154,0,337,28,2,367,10,473,36,2,521,981,0,981,1502
09/20/2005,GFK,ND,AGL,CE,Towers with Radar,15,140,19,0,174,0,270,26,0,296,15,410,45,0,470,1002,0,1002,1472
09/21/2005,GFK,ND,AGL,CE,Towers with Radar,15,170,23,0,208,0,335,35,0,370,15,505,58,0,578,765,0,765,1343
09/22/2005,GFK,ND,AGL,CE,Towers with Radar,16,134,24,2,176,0,284,32,0,316,16,418,56,2,492,996,0,996,1488
09/23/2005,GFK,ND,AGL,CE,Towers with Radar,17,115,30,0,162,0,242,25,0,267,17,357,55,0,429,743,0,743,1172
09/24/2005,GFK,ND,AGL,CE,Towers with Radar,8,128,7,0,143,0,83,8,0,91,8,211,15,0,234,624,0,624,858
09/25/2005,GFK,ND,AGL,CE,Towers with Radar,10,38,8,0,56,0,115,30,0,145,10,153,38,0,201,550,0,550,751
09/26/2005,GFK,ND,AGL,CE,Towers with Radar,13,98,6,0,117,0,280,37,0,317,13,378,43,0,434,754,0,754,1188
09/27/2005,GFK,ND,AGL,CE,Towers with Radar,16,125,25,0,166,0,261,29,0,290,16,386,54,0,456,631,0,631,1087
09/28/2005,GFK,ND,AGL,CE,Towers with Radar,16,134,20,0,170,0,228,27,4,259,16,362,47,4,429,725,0,725,1154
09/29/2005,GFK,ND,AGL,CE,Towers with Radar,18,121,17,0,156,0,209,42,0,251,18,330,59,0,407,880,0,880,1287
09/30/2005,GFK,ND,AGL,CE,Towers with Radar,15,138,16,0,169,0,353,39,0,392,15,491,55,0,561,798,0,798,1359
10/01/2005,GFK,ND,AGL,CE,Towers with Radar,9,65,5,0,79,0,230,22,0,252,9,295,27,0,331,770,0,770,1101
10/02/2005,GFK,ND,AGL,CE,Towers with Radar,7,15,15,1,38,0,14,9,2,25,7,29,24,3,63,76,0,76,139
10/03/2005,GFK,ND,AGL,CE,Towers with Radar,8,153,13,0,174,0,260,26,1,287,8,413,39,1,461,992,0,992,1453
10/04/2005,GFK,ND,AGL,CE,Towers with Radar,15,98,12,0,125,0,136,5,0,141,15,234,17,0,266,403,0,403,669
10/05/2005,GFK,ND,AGL,CE,Towers with Radar,14,53,5,0,72,0,11,0,0,11,14,64,5,0,83,2,0,2,85
10/06/2005,GFK,ND,AGL,CE,Towers with Radar,13,27,12,0,52,0,9,5,0,14,13,36,17,0,66,503,0,503,569
10/07/2005,GFK,ND,AGL,CE,Towers with Radar,16,95,16,0,127,0,115,14,0,129,16,210,30,0,256,872,0,872,1128
10/08/2005,GFK,ND,AGL,CE,Towers with Radar,11,133,10,0,154,0,218,20,0,238,11,351,30,0,392,600,0,600,992
10/09/2005,GFK,ND,AGL,CE,Towers with Radar,7,46,10,0,63,0,185,26,0,211,7,231,36,0,274,526,0,526,800
10/10/2005,GFK,ND,AGL,CE,Towers with Radar,8,139,8,0,155,0,270,36,0,306,8,409,44,0,461,906,0,906,1367
10/11/2005,GFK,ND,AGL,CE,Towers with Radar,14,125,11,0,150,1,266,25,0,292,15,391,36,0,442,812,0,812,1254
10/12/2005,GFK,ND,AGL,CE,Towers with Radar,14,219,25,0,258,0,142,20,0,162,14,361,45,0,420,585,0,585,1005
10/13/2005,GFK,ND,AGL,CE,Towers with Radar,14,96,15,0,125,0,78,8,6,92,14,174,23,6,217,453,0,453,670
10/14/2005,GFK,ND,AGL,CE,Towers with Radar,13,124,13,0,150,0,303,29,0,332,13,427,42,0,482,467,0,467,949
10/15/2005,GFK,ND,AGL,CE,Towers with Radar,9,105,6,0,120,0,274,50,0,324,9,379,56,0,444,631,0,631,1075
10/16/2005,GFK,ND,AGL,CE,Towers with Radar,7,40,2,0,49,1,48,19,0,68,8,88,21,0,117,134,0,134,251
10/17/2005,GFK,ND,AGL,CE,Towers with Radar,9,126,18,0,153,0,248,32,0,280,9,374,50,0,433,685,0,685,1118
10/18/2005,GFK,ND,AGL,CE,Towers with Radar,14,141,17,0,172,0,163,12,0,175,14,304,29,0,347,438,0,438,785
10/19/2005,GFK,ND,AGL,CE,Towers with Radar,14,144,22,0,180,0,157,28,0,185,14,301,50,0,365,688,0,688,1053
10/20/2005,GFK,ND,AGL,CE,Towers with Radar,15,91,21,0,127,0,150,11,0,161,15,241,32,0,288,541,0,541,829
10/21/2005,GFK,ND,AGL,CE,Towers with Radar,16,165,16,0,197,0,146,32,0,178,16,311,48,0,375,575,0,575,950
10/22/2005,GFK,ND,AGL,CE,Towers with Radar,8,11,8,0,27,0,10,3,0,13,8,21,11,0,40,71,0,71,111
10/23/2005,GFK,ND,AGL,CE,Towers with Radar,7,14,10,0,31,0,2,3,0,5,7,16,13,0,36,43,0,43,79
10/24/2005,GFK,ND,AGL,CE,Towers with Radar,9,132,10,0,151,0,291,40,0,331,9,423,50,0,482,826,0,826,1308
10/25/2005,GFK,ND,AGL,CE,Towers with Radar,14,131,19,0,164,0,274,31,0,305,14,405,50,0,469,728,0,728,1197
10/26/2005,GFK,ND,AGL,CE,Towers with Radar,14,146,25,0,185,0,331,32,0,363,14,477,57,0,548,630,0,630,1178
10/27/2005,GFK,ND,AGL,CE,Towers with Radar,15,122,21,4,162,0,260,58,1,319,15,382,79,5,481,564,0,564,1045
10/28/2005,GFK,ND,AGL,CE,Towers with Radar,13,122,7,0,142,0,152,33,0,185,13,274,40,0,327,469,0,469,796
10/29/2005,GFK,ND,AGL,CE,Towers with Radar,9,93,14,0,116,1,129,22,0,152,10,222,36,0,268,358,0,358,626
10/30/2005,GFK,ND,AGL,CE,Towers with Radar,7,44,8,0,59,0,94,19,0,113,7,138,27,0,172,258,0,258,430
10/31/2005,GFK,ND,AGL,CE,Towers with Radar,8,148,11,0,167,0,217,28,0,245,8,365,39,0,412,591,0,591,1003
11/01/2005,GFK,ND,AGL,CE,Towers with Radar,13,100,18,0,131,0,166,16,0,182,13,266,34,0,313,320,0,320,633
11/02/2005,GFK,ND,AGL,CE,Towers with Radar,14,117,13,0,144,0,200,22,0,222,14,317,35,0,366,442,0,442,808
11/03/2005,GFK,ND,AGL,CE,Towers with Radar,13,25,13,0,51,0,5,7,0,12,13,30,20,0,63,211,0,211,274
11/04/2005,GFK,ND,AGL,CE,Towers with Radar,14,24,19,0,57,0,2,0,0,2,14,26,19,0,59,114,0,114,173
11/05/2005,GFK,ND,AGL,CE,Towers with Radar,9,76,17,0,102,0,112,16,0,128,9,188,33,0,230,546,0,546,776
11/06/2005,GFK,ND,AGL,CE,Towers with Radar,7,70,10,0,87,0,160,26,0,186,7,230,36,0,273,424,0,424,697
11/07/2005,GFK,ND,AGL,CE,Towers with Radar,11,148,21,0,180,0,225,28,0,253,11,373,49,0,433,536,0,536,969
11/08/2005,GFK,ND,AGL,CE,Towers with Radar,12,78,17,0,107,0,55,7,0,62,12,133,24,0,169,195,0,195,364
11/09/2005,GFK,ND,AGL,CE,Towers with Radar,15,71,8,0,94,0,66,7,0,73,15,137,15,0,167,224,0,224,391
11/10/2005,GFK,ND,AGL,CE,Towers with Radar,14,142,24,0,180,0,319,42,0,361,14,461,66,0,541,726,0,726,1267
11/11/2005,GFK,ND,AGL,CE,Towers with Radar,13,131,12,0,156,0,259,30,0,289,13,390,42,0,445,499,0,499,944
11/12/2005,GFK,ND,AGL,CE,Towers with Radar,9,41,4,0,54,0,53,3,0,56,9,94,7,0,110,263,0,263,373
11/13/2005,GFK,ND,AGL,CE,Towers with Radar,7,38,6,0,51,0,74,12,0,86,7,112,18,0,137,177,0,177,314
11/14/2005,GFK,ND,AGL,CE,Towers with Radar,9,61,12,4,86,0,27,2,0,29,9,88,14,4,115,108,0,108,223
11/15/2005,GFK,ND,AGL,CE,Towers with Radar,13,31,10,0,54,0,0,0,0,0,13,31,10,0,54,0,0,0,54
11/16/2005,GFK,ND,AGL,CE,Towers with Radar,13,81,17,2,113,0,52,3,0,55,13,133,20,2,168,255,0,255,423
11/17/2005,GFK,ND,AGL,CE,Towers with Radar,14,50,7,0,71,0,73,13,0,86,14,123,20,0,157,315,0,315,472
11/18/2005,GFK,ND,AGL,CE,Towers with Radar,15,52,9,1,77,0,51,6,0,57,15,103,15,1,134,138,0,138,272
11/19/2005,GFK,ND,AGL,CE,Towers with Radar,11,11,1,0,23,0,5,2,0,7,11,16,3,0,30,34,0,34,64
11/20/2005,GFK,ND,AGL,CE,Towers with Radar,7,111,10,2,130,0,239,28,3,270,7,350,38,5,400,467,0,467,867
11/21/2005,GFK,ND,AGL,CE,Towers with Radar,11,176,20,0,207,0,227,24,3,254,11,403,44,3,461,674,0,674,1135
11/22/2005,GFK,ND,AGL,CE,Towers with Radar,14,79,25,0,118,0,176,25,0,201,14,255,50,0,319,544,0,544,863
11/23/2005,GFK,ND,AGL,CE,Towers with Radar,14,40,13,2,69,0,9,6,1,16,14,49,19,3,85,23,0,23,108
11/24/2005,GFK,ND,AGL,CE,Towers with Radar,5,7,4,0,16,0,2,6,0,8,5,9,10,0,24,10,0,10,34
11/25/2005,GFK,ND,AGL,CE,Towers with Radar,10,23,0,0,33,0,6,2,0,8,10,29,2,0,41,96,0,96,137
11/26/2005,GFK,ND,AGL,CE,Towers with Radar,11,34,4,0,49,0,44,19,0,63,11,78,23,0,112,196,0,196,308
11/27/2005,GFK,ND,AGL,CE,Towers with Radar,7,16,3,0,26,0,16,6,0,22,7,32,9,0,48,115,0,115,163
11/28/2005,GFK,ND,AGL,CE,Towers with Radar,0,0,5,0,5,0,0,0,0,0,0,0,5,0,5,0,0,0,5
11/29/2005,GFK,ND,AGL,CE,Towers with Radar,16,45,16,0,77,0,8,2,0,10,16,53,18,0,87,73,0,73,160
11/30/2005,GFK,ND,AGL,CE,Towers with Radar,16,87,12,0,115,0,86,28,0,114,16,173,40,0,229,519,0,519,748
12/01/2005,GFK,ND,AGL,CE,Towers with Radar,16,74,18,0,108,0,173,18,0,191,16,247,36,0,299,762,0,762,1061
12/02/2005,GFK,ND,AGL,CE,Towers with Radar,14,171,17,1,203,0,256,17,3,276,14,427,34,4,479,742,0,742,1221
12/03/2005,GFK,ND,AGL,CE,Towers with Radar,10,45,12,0,67,0,35,4,0,39,10,80,16,0,106,244,0,244,350
12/04/2005,GFK,ND,AGL,CE,Towers with Radar,11,69,5,0,85,0,106,8,0,114,11,175,13,0,199,470,0,470,669
12/05/2005,GFK,ND,AGL,CE,Towers with Radar,12,95,16,0,123,0,51,20,0,71,12,146,36,0,194,430,0,430,624
12/06/2005,GFK,ND,AGL,CE,Towers with Radar,14,36,18,0,68,0,6,2,0,8,14,42,20,0,76,47,0,47,123
12/07/2005,GFK,ND,AGL,CE,Towers with Radar,16,121,22,0,159,0,244,24,0,268,16,365,46,0,427,693,0,693,1120
12/08/2005,GFK,ND,AGL,CE,Towers with Radar,16,121,20,0,157,0,253,47,0,300,16,374,67,0,457,656,0,656,1113
12/09/2005,GFK,ND,AGL,CE,Towers with Radar,15,65,27,0,107,0,88,19,0,107,15,153,46,0,214,706,0,706,920
12/10/2005,GFK,ND,AGL,CE,Towers with Radar,10,14,9,0,33,0,4,1,0,5,10,18,10,0,38,0,0,0,38
12/11/2005,GFK,ND,AGL,CE,Towers with Radar,10,4,6,0,20,0,0,2,0,2,10,4,8,0,22,0,0,0,22
12/12/2005,GFK,ND,AGL,CE,Towers with Radar,11,21,10,0,42,0,14,21,0,35,11,35,31,0,77,208,0,208,285
12/13/2005,GFK,ND,AGL,CE,Towers with Radar,18,34,20,0,72,0,0,2,0,2,18,34,22,0,74,4,0,4,78
12/14/2005,GFK,ND,AGL,CE,Towers with Radar,17,31,2,0,50,0,1,3,0,4,17,32,5,0,54,168,0,168,222
12/15/2005,GFK,ND,AGL,CE,Towers with Radar,14,37,8,0,59,0,0,0,0,0,14,37,8,0,59,16,0,16,75
12/16/2005,GFK,ND,AGL,CE,Towers with Radar,13,36,11,0,60,0,2,0,0,2,13,38,11,0,62,8,0,8,70
12/17/2005,GFK,ND,AGL,CE,Towers with Radar,7,27,3,0,37,0,2,0,0,2,7,29,3,0,39,0,0,0,39
12/18/2005,GFK,ND,AGL,CE,Towers with Radar,10,71,6,0,87,0,130,12,0,142,10,201,18,0,229,418,0,418,647
12/19/2005,GFK,ND,AGL,CE,Towers with Radar,8,95,19,0,122,0,148,18,0,166,8,243,37,0,288,548,0,548,836
12/20/2005,GFK,ND,AGL,CE,Towers with Radar,17,29,11,0,57,0,1,1,0,2,17,30,12,0,59,59,0,59,118
12/21/2005,GFK,ND,AGL,CE,Towers with Radar,14,77,23,2,116,0,102,34,1,137,14,179,57,3,253,328,0,328,581
12/22/2005,GFK,ND,AGL,CE,Towers with Radar,14,59,11,0,84,0,71,27,0,98,14,130,38,0,182,289,0,289,471
12/23/2005,GFK,ND,AGL,CE,Towers with Radar,6,8,7,0,21,0,0,0,0,0,6,8,7,0,21,0,0,0,21
12/24/2005,GFK,ND,AGL,CE,Towers with Radar,9,20,1,0,30,0,0,0,0,0,9,20,1,0,30,0,0,0,30
12/25/2005,GFK,ND,AGL,CE,Towers with Radar,5,4,1,0,10,2,0,0,0,2,7,4,1,0,12,0,0,0,12
12/26/2005,GFK,ND,AGL,CE,Towers with Radar,5,8,8,0,21,0,0,0,0,0,5,8,8,0,21,0,0,0,21
12/27/2005,GFK,ND,AGL,CE,Towers with Radar,8,24,5,0,37,0,0,0,0,0,8,24,5,0,37,0,0,0,37
12/28/2005,GFK,ND,AGL,CE,Towers with Radar,12,26,2,0,40,0,0,0,0,0,12,26,2,0,40,0,0,0,40
12/29/2005,GFK,ND,AGL,CE,Towers with Radar,14,24,4,0,42,0,0,0,0,0,14,24,4,0,42,0,0,0,42
12/30/2005,GFK,ND,AGL,CE,Towers with Radar,11,29,3,0,43,0,0,0,0,0,11,29,3,0,43,0,0,0,43
12/31/2005,GFK,ND,AGL,CE,Towers with Radar,5,8,0,0,13,0,0,2,0,2,5,8,2,0,15,0,0,0,15
01/01/2006,GFK,ND,AGL,CE,Towers with Radar,4,4,0,0,8,0,0,0,0,0,4,4,0,0,8,0,0,0,8
01/02/2006,GFK,ND,AGL,CE,Towers with Radar,4,7,2,0,13,0,0,0,0,0,4,7,2,0,13,0,0,0,13
01/03/2006,GFK,ND,AGL,CE,Towers with Radar,9,19,6,0,34,0,0,0,0,0,9,19,6,0,34,0,0,0,34
01/04/2006,GFK,ND,AGL,CE,Towers with Radar,13,28,5,0,46,0,0,0,0,0,13,28,5,0,46,6,0,6,52
01/05/2006,GFK,ND,AGL,CE,Towers with Radar,13,28,23,0,64,0,0,0,0,0,13,28,23,0,64,44,0,44,108
01/06/2006,GFK,ND,AGL,CE,Towers with Radar,12,58,16,0,86,0,79,33,0,112,12,137,49,0,198,336,0,336,534
01/07/2006,GFK,ND,AGL,CE,Towers with Radar,8,14,2,4,28,0,6,1,0,7,8,20,3,4,35,86,0,86,121
01/08/2006,GFK,ND,AGL,CE,Towers with Radar,5,5,8,0,18,0,2,2,0,4,5,7,10,0,22,30,0,30,52
01/09/2006,GFK,ND,AGL,CE,Towers with Radar,8,76,12,0,96,0,91,19,0,110,8,167,31,0,206,357,0,357,563
01/10/2006,GFK,ND,AGL,CE,Towers with Radar,12,91,21,0,124,0,110,31,0,141,12,201,52,0,265,378,0,378,643
01/11/2006,GFK,ND,AGL,CE,Towers with Radar,13,57,10,0,80,0,124,15,0,139,13,181,25,0,219,400,0,400,619
01/12/2006,GFK,ND,AGL,CE,Towers with Radar,12,33,7,0,52,0,13,4,0,17,12,46,11,0,69,183,0,183,252
01/13/2006,GFK,ND,AGL,CE,Towers with Radar,11,107,20,0,138,0,246,41,1,288,11,353,61,1,426,716,0,716,1142
01/14/2006,GFK,ND,AGL,CE,Towers with Radar,8,44,13,0,65,0,209,17,0,226,8,253,30,0,291,392,0,392,683
01/15/2006,GFK,ND,AGL,CE,Towers with Radar,8,24,7,2,41,0,83,15,0,98,8,107,22,2,139,312,0,312,451
01/16/2006,GFK,ND,AGL,CE,Towers with Radar,8,23,16,0,47,0,0,2,0,2,8,23,18,0,49,0,0,0,49
01/17/2006,GFK,ND,AGL,CE,Towers with Radar,13,32,18,0,63,0,27,5,0,32,13,59,23,0,95,198,0,198,293
01/18/2006,GFK,ND,AGL,CE,Towers with Radar,12,53,12,0,77,0,31,13,0,44,12,84,25,0,121,574,0,574,695
01/19/2006,GFK,ND,AGL,CE,Towers with Radar,13,57,15,0,85,0,100,16,0,116,13,157,31,0,201,742,0,742,943
01/20/2006,GFK,ND,AGL,CE,Towers with Radar,12,128,35,0,175,0,368,28,0,396,12,496,63,0,571,816,0,816,1387
01/21/2006,GFK,ND,AGL,CE,Towers with Radar,8,11,0,0,19,0,0,0,0,0,8,11,0,0,19,0,0,0,19
01/22/2006,GFK,ND,AGL,CE,Towers with Radar,5,64,8,2,79,0,132,52,0,184,5,196,60,2,263,356,0,356,619
01/23/2006,GFK,ND,AGL,CE,Towers with Radar,8,85,16,0,109,0,143,24,0,167,8,228,40,0,276,358,0,358,634
01/24/2006,GFK,ND,AGL,CE,Towers with Radar,15,29,15,0,59,0,6,4,0,10,15,35,19,0,69,110,0,110,179
01/25/2006,GFK,ND,AGL,CE,Towers with Radar,13,147,15,0,175,0,312,44,0,356,13,459,59,0,531,1046,0,1046,1577
01/26/2006,GFK,ND,AGL,CE,Towers with Radar,17,123,11,0,151,0,312,24,0,336,17,435,35,0,487,832,0,832,1319
01/27/2006,GFK,ND,AGL,CE,Towers with Radar,14,111,13,0,138,0,327,34,0,361,14,438,47,0,499,750,0,750,1249
01/28/2006,GFK,ND,AGL,CE,Towers with Radar,8,28,8,0,44,0,100,4,0,104,8,128,12,0,148,368,0,368,516
01/29/2006,GFK,ND,AGL,CE,Towers with Radar,6,6,2,0,14,0,0,0,0,0,6,6,2,0,14,0,0,0,14
01/30/2006,GFK,ND,AGL,CE,Towers with Radar,7,53,12,0,72,0,96,11,0,107,7,149,23,0,179,613,0,613,792
01/31/2006,GFK,ND,AGL,CE,Towers with Radar,13,52,6,0,71,0,108,8,0,116,13,160,14,0,187,445,0,445,632
02/01/2006,GFK,ND,AGL,CE,Towers with Radar,15,140,22,0,177,0,250,25,0,275,15,390,47,0,452,670,0,670,1122
02/02/2006,GFK,ND,AGL,CE,Towers with Radar,13,27,9,1,50,0,1,0,0,1,13,28,9,1,51,0,0,0,51
02/03/2006,GFK,ND,AGL,CE,Towers with Radar,11,108,9,0,128,0,224,39,0,263,11,332,48,0,391,922,0,922,1313
02/04/2006,GFK,ND,AGL,CE,Towers with Radar,8,101,7,0,116,0,345,24,0,369,8,446,31,0,485,768,0,768,1253
02/05/2006,GFK,ND,AGL,CE,Towers with Radar,6,30,6,0,42,0,143,15,0,158,6,173,21,0,200,406,0,406,606
02/06/2006,GFK,ND,AGL,CE,Towers with Radar,8,67,15,1,91,0,196,20,1,217,8,263,35,2,308,759,0,759,1067
02/07/2006,GFK,ND,AGL,CE,Towers with Radar,13,105,20,1,139,0,172,19,1,192,13,277,39,2,331,705,0,705,1036
02/08/2006,GFK,ND,AGL,CE,Towers with Radar,14,124,16,0,154,0,343,36,1,380,14,467,52,1,534,921,0,921,1455
02/09/2006,GFK,ND,AGL,CE,Towers with Radar,11,40,10,0,61,0,21,13,0,34,11,61,23,0,95,449,0,449,544
02/10/2006,GFK,ND,AGL,CE,Towers with Radar,7,31,5,0,43,0,3,1,0,4,7,34,6,0,47,2,0,2,49
02/11/2006,GFK,ND,AGL,CE,Towers with Radar,8,86,14,0,108,0,178,11,0,189,8,264,25,0,297,845,0,845,1142
02/12/2006,GFK,ND,AGL,CE,Towers with Radar,6,47,7,0,60,0,163,12,0,175,6,210,19,0,235,433,0,433,668
02/13/2006,GFK,ND,AGL,CE,Towers with Radar,8,136,12,0,156,0,206,15,0,221,8,342,27,0,377,662,0,662,1039
02/14/2006,GFK,ND,AGL,CE,Towers with Radar,13,115,20,0,148,0,128,1,0,129,13,243,21,0,277,531,0,531,808
02/15/2006,GFK,ND,AGL,CE,Towers with Radar,13,141,24,0,178,0,262,22,0,284,13,403,46,0,462,932,0,932,1394
02/16/2006,GFK,ND,AGL,CE,Towers with Radar,12,71,7,0,90,0,98,7,0,105,12,169,14,0,195,372,0,372,567
02/17/2006,GFK,ND,AGL,CE,Towers with Radar,10,29,8,0,47,0,12,4,0,16,10,41,12,0,63,66,0,66,129
02/18/2006,GFK,ND,AGL,CE,Towers with Radar,6,72,11,0,89,0,128,16,0,144,6,200,27,0,233,379,0,379,612
02/19/2006,GFK,ND,AGL,CE,Towers with Radar,6,38,6,0,50,0,72,12,0,84,6,110,18,0,134,298,0,298,432
02/20/2006,GFK,ND,AGL,CE,Towers with Radar,7,61,13,0,81,0,45,5,0,50,7,106,18,0,131,421,0,421,552
02/21/2006,GFK,ND,AGL,CE,Towers with Radar,12,49,15,0,76,0,17,9,0,26,12,66,24,0,102,183,0,183,285
02/22/2006,GFK,ND,AGL,CE,Towers with Radar,12,80,15,0,107,0,89,16,0,105,12,169,31,0,212,406,0,406,618
02/23/2006,GFK,ND,AGL,CE,Towers with Radar,11,137,21,0,169,0,294,17,0,311,11,431,38,0,480,1105,0,1105,1585
02/24/2006,GFK,ND,AGL,CE,Towers with Radar,11,22,7,0,40,0,4,3,0,7,11,26,10,0,47,6,0,6,53
02/25/2006,GFK,ND,AGL,CE,Towers with Radar,9,97,15,0,121,0,234,32,0,266,9,331,47,0,387,754,0,754,1141
02/26/2006,GFK,ND,AGL,CE,Towers with Radar,5,50,3,0,58,0,134,10,0,144,5,184,13,0,202,277,0,277,479
02/27/2006,GFK,ND,AGL,CE,Towers with Radar,7,109,8,1,125,0,150,12,2,164,7,259,20,3,289,588,0,588,877
02/28/2006,GFK,ND,AGL,CE,Towers with Radar,12,105,21,0,138,0,249,31,0,280,12,354,52,0,418,672,0,672,1090
03/01/2006,GFK,ND,AGL,CE,Towers with Radar,12,42,7,0,61,2,24,8,0,34,14,66,15,0,95,186,0,186,281
03/02/2006,GFK,ND,AGL,CE,Towers with Radar,11,109,19,0,139,0,182,33,0,215,11,291,52,0,354,699,0,699,1053
03/03/2006,GFK,ND,AGL,CE,Towers with Radar,11,26,11,0,48,0,0,2,0,2,11,26,13,0,50,181,0,181,231
03/04/2006,GFK,ND,AGL,CE,Towers with Radar,9,92,10,0,111,0,152,23,0,175,9,244,33,0,286,423,0,423,709
03/05/2006,GFK,ND,AGL,CE,Towers with Radar,5,5,0,0,10,0,1,0,0,1,5,6,0,0,11,0,0,0,11
03/06/2006,GFK,ND,AGL,CE,Towers with Radar,9,22,11,0,42,0,8,12,0,20,9,30,23,0,62,511,0,511,573
03/07/2006,GFK,ND,AGL,CE,Towers with Radar,12,43,13,0,68,0,5,3,0,8,12,48,16,0,76,24,0,24,100
03/08/2006,GFK,ND,AGL,CE,Towers with Radar,13,103,24,0,140,0,240,50,1,291,13,343,74,1,431,550,0,550,981
03/09/2006,GFK,ND,AGL,CE,Towers with Radar,14,120,31,0,165,0,250,36,0,286,14,370,67,0,451,820,0,820,1271
03/10/2006,GFK,ND,AGL,CE,Towers with Radar,11,63,16,2,92,0,84,51,0,135,11,147,67,2,227,511,0,511,738
03/11/2006,GFK,ND,AGL,CE,Towers with Radar,9,9,0,0,18,0,0,6,0,6,9,9,6,0,24,14,0,14,38
03/12/2006,GFK,ND,AGL,CE,Towers with Radar,7,25,13,0,45,0,10,15,0,25,7,35,28,0,70,309,0,309,379
03/13/2006,GFK,ND,AGL,CE,Towers with Radar,15,36,13,0,64,0,44,12,3,59,15,80,25,3,123,387,0,387,510
03/14/2006,GFK,ND,AGL,CE,Towers with Radar,12,110,20,0,142,0,176,39,0,215,12,286,59,0,357,472,0,472,829
03/15/2006,GFK,ND,AGL,CE,Towers with Radar,12,76,20,0,108,0,105,25,1,131,12,181,45,1,239,292,0,292,531
03/16/2006,GFK,ND,AGL,CE,Towers with Radar,12,62,12,0,86,0,102,22,4,128,12,164,34,4,214,307,0,307,521
03/17/2006,GFK,ND,AGL,CE,Towers with Radar,11,71,7,0,89,0,68,31,0,99,11,139,38,0,188,251,0,251,439
03/18/2006,GFK,ND,AGL,CE,Towers with Radar,10,22,9,0,41,0,58,6,0,64,10,80,15,0,105,61,0,61,166
03/19/2006,GFK,ND,AGL,CE,Towers with Radar,5,20,5,0,30,0,25,14,0,39,5,45,19,0,69,59,0,59,128
03/20/2006,GFK,ND,AGL,CE,Towers with Radar,8,106,10,0,124,0,172,23,0,195,8,278,33,0,319,562,0,562,881
03/21/2006,GFK,ND,AGL,CE,Towers with Radar,12,105,14,0,131,0,221,30,2,253,12,326,44,2,384,850,0,850,1234
03/22/2006,GFK,ND,AGL,CE,Towers with Radar,16,168,24,0,208,0,247,37,2,286,16,415,61,2,494,666,0,666,1160
03/23/2006,GFK,ND,AGL,CE,Towers with Radar,11,103,21,0,135,0,209,55,0,264,11,312,76,0,399,575,0,575,974
03/24/2006,GFK,ND,AGL,CE,Towers with Radar,11,40,28,0,79,0,74,21,0,95,11,114,49,0,174,729,0,729,903
03/25/2006,GFK,ND,AGL,CE,Towers with Radar,10,49,10,0,69,0,124,28,0,152,10,173,38,0,221,517,0,517,738
03/26/2006,GFK,ND,AGL,CE,Towers with Radar,7,35,3,0,45,0,82,9,0,91,7,117,12,0,136,263,0,263,399
03/27/2006,GFK,ND,AGL,CE,Towers with Radar,7,31,1,0,39,0,25,5,1,31,7,56,6,1,70,266,0,266,336
03/28/2006,GFK,ND,AGL,CE,Towers with Radar,12,118,16,0,146,0,84,25,0,109,12,202,41,0,255,487,0,487,742
03/29/2006,GFK,ND,AGL,CE,Towers with Radar,12,162,17,0,191,0,156,9,0,165,12,318,26,0,356,642,0,642,998
03/30/2006,GFK,ND,AGL,CE,Towers with Radar,7,69,15,0,91,0,13,0,0,13,7,82,15,0,104,0,0,0,104
03/31/2006,GFK,ND,AGL,CE,Towers with Radar,15,80,7,0,102,0,61,4,0,65,15,141,11,0,167,248,0,248,415
04/01/2006,GFK,ND,AGL,CE,Towers with Radar,7,108,15,0,130,0,166,22,0,188,7,274,37,0,318,360,0,360,678
04/02/2006,GFK,ND,AGL,CE,Towers with Radar,5,14,3,0,22,0,2,3,0,5,5,16,6,0,27,0,0,0,27
04/03/2006,GFK,ND,AGL,CE,Towers with Radar,8,123,12,0,143,0,287,54,1,342,8,410,66,1,485,686,0,686,1171
04/04/2006,GFK,ND,AGL,CE,Towers with Radar,15,106,11,0,132,0,321,46,0,367,15,427,57,0,499,832,0,832,1331
04/05/2006,GFK,ND,AGL,CE,Towers with Radar,15,127,21,0,163,0,257,30,0,287,15,384,51,0,450,644,0,644,1094
04/06/2006,GFK,ND,AGL,CE,Towers with Radar,14,128,25,0,167,0,140,17,5,162,14,268,42,5,329,368,0,368,697
04/07/2006,GFK,ND,AGL,CE,Towers with Radar,12,123,32,0,167,0,203,18,6,227,12,326,50,6,394,432,0,432,826
04/08/2006,GFK,ND,AGL,CE,Towers with Radar,9,85,3,1,98,0,196,48,4,248,9,281,51,5,346,482,0,482,828
04/09/2006,GFK,ND,AGL,CE,Towers with Radar,6,34,9,0,49,0,79,25,8,112,6,113,34,8,161,276,0,276,437
04/10/2006,GFK,ND,AGL,CE,Towers with Radar,10,97,9,1,117,0,157,23,4,184,10,254,32,5,301,604,4,608,909
04/11/2006,GFK,ND,AGL,CE,Towers with Radar,13,60,19,1,93,0,127,16,5,148,13,187,35,6,241,493,0,493,734
04/12/2006,GFK,ND,AGL,CE,Towers with Radar,13,103,25,0,141,0,142,22,3,167,13,245,47,3,308,411,0,411,719
04/13/2006,GFK,ND,AGL,CE,Towers with Radar,15,84,17,0,116,0,145,32,6,183,15,229,49,6,299,506,0,506,805
04/14/2006,GFK,ND,AGL,CE,Towers with Radar,12,79,14,1,106,0,151,46,1,198,12,230,60,2,304,450,0,450,754
04/15/2006,GFK,ND,AGL,CE,Towers with Radar,9,24,3,0,36,0,46,15,0,61,9,70,18,0,97,177,0,177,274
04/16/2006,GFK,ND,AGL,CE,Towers with Radar,6,5,0,0,11,0,2,22,0,24,6,7,22,0,35,10,0,10,45
04/17/2006,GFK,ND,AGL,CE,Towers with Radar,8,67,27,0,102,0,96,22,1,119,8,163,49,1,221,345,0,345,566
04/18/2006,GFK,ND,AGL,CE,Towers with Radar,13,56,18,2,89,0,49,12,3,64,13,105,30,5,153,250,0,250,403
04/19/2006,GFK,ND,AGL,CE,Towers with Radar,13,47,12,0,72,0,120,31,1,152,13,167,43,1,224,496,0,496,720
04/20/2006,GFK,ND,AGL,CE,Towers with Radar,10,39,15,1,65,0,143,59,3,205,10,182,74,4,270,457,0,457,727
04/21/2006,GFK,ND,AGL,CE,Towers with Radar,13,60,11,0,84,0,206,68,0,274,13,266,79,0,358,676,0,676,1034
04/22/2006,GFK,ND,AGL,CE,Towers with Radar,10,31,9,0,50,0,418,66,0,484,10,449,75,0,534,522,0,522,1056
04/23/2006,GFK,ND,AGL,CE,Towers with Radar,5,25,5,0,35,0,181,70,0,251,5,206,75,0,286,253,0,253,539
04/24/2006,GFK,ND,AGL,CE,Towers with Radar,8,37,12,0,57,0,80,12,0,92,8,117,24,0,149,170,0,170,319
04/25/2006,GFK,ND,AGL,CE,Towers with Radar,13,62,9,0,84,0,229,49,0,278,13,291,58,0,362,421,0,421,783
04/26/2006,GFK,ND,AGL,CE,Towers with Radar,13,66,19,0,98,0,237,29,1,267,13,303,48,1,365,363,0,363,728
04/27/2006,GFK,ND,AGL,CE,Towers with Radar,13,89,20,1,123,0,132,30,7,169,13,221,50,8,292,306,0,306,598
04/28/2006,GFK,ND,AGL,CE,Towers with Radar,12,79,16,0,107,0,64,11,0,75,12,143,27,0,182,502,0,502,684
04/29/2006,GFK,ND,AGL,CE,Towers with Radar,9,45,5,0,59,0,0,0,0,0,9,45,5,0,59,28,0,28,87
04/30/2006,GFK,ND,AGL,CE,Towers with Radar,6,24,4,0,34,0,4,7,0,11,6,28,11,0,45,36,0,36,81
05/01/2006,GFK,ND,AGL,CE,Towers with Radar,8,49,15,0,72,0,9,11,4,24,8,58,26,4,96,256,0,256,352
05/02/2006,GFK,ND,AGL,CE,Towers with Radar,13,79,18,0,110,0,142,21,0,163,13,221,39,0,273,398,0,398,671
05/03/2006,GFK,ND,AGL,CE,Towers with Radar,13,56,23,0,92,0,38,8,1,47,13,94,31,1,139,148,0,148,287
05/04/2006,GFK,ND,AGL,CE,Towers with Radar,13,64,2,0,79,0,71,34,0,105,13,135,36,0,184,431,0,431,615
05/05/2006,GFK,ND,AGL,CE,Towers with Radar,9,131,11,0,151,0,190,39,0,229,9,321,50,0,380,508,0,508,888
05/06/2006,GFK,ND,AGL,CE,Towers with Radar,7,49,9,0,65,0,119,41,3,163,7,168,50,3,228,400,0,400,628
05/07/2006,GFK,ND,AGL,CE,Towers with Radar,5,14,7,0,26,0,51,11,2,64,5,65,18,2,90,162,0,162,252
05/08/2006,GFK,ND,AGL,CE,Towers with Radar,6,64,12,0,82,0,107,25,0,132,6,171,37,0,214,422,0,422,636
05/09/2006,GFK,ND,AGL,CE,Towers with Radar,13,57,8,0,78,0,89,26,0,115,13,146,34,0,193,234,0,234,427
05/10/2006,GFK,ND,AGL,CE,Towers with Radar,12,40,19,0,71,0,5,2,0,7,12,45,21,0,78,81,0,81,159
05/11/2006,GFK,ND,AGL,CE,Towers with Radar,13,129,29,0,171,0,128,39,0,167,13,257,68,0,338,559,0,559,897
05/12/2006,GFK,ND,AGL,CE,Towers with Radar,12,83,20,0,115,0,117,18,0,135,12,200,38,0,250,273,0,273,523
05/13/2006,GFK,ND,AGL,CE,Towers with Radar,8,34,8,0,50,0,7,23,0,30,8,41,31,0,80,162,0,162,242
05/14/2006,GFK,ND,AGL,CE,Towers with Radar,6,17,5,0,28,0,7,8,0,15,6,24,13,0,43,50,0,50,93
05/15/2006,GFK,ND,AGL,CE,Towers with Radar,8,75,13,0,96,0,7,6,0,13,8,82,19,0,109,92,0,92,201
05/16/2006,GFK,ND,AGL,CE,Towers with Radar,13,106,21,3,143,0,234,39,4,277,13,340,60,7,420,574,0,574,994
05/17/2006,GFK,ND,AGL,CE,Towers with Radar,14,57,12,0,83,0,146,17,1,164,14,203,29,1,247,269,0,269,516
05/18/2006,GFK,ND,AGL,CE,Towers with Radar,14,86,19,1,120,0,182,34,0,216,14,268,53,1,336,603,0,603,939
05/19/2006,GFK,ND,AGL,CE,Towers with Radar,12,89,10,2,113,0,189,43,0,232,12,278,53,2,345,551,0,551,896
05/20/2006,GFK,ND,AGL,CE,Towers with Radar,9,34,6,0,49,0,54,16,0,70,9,88,22,0,119,391,0,391,510
05/21/2006,GFK,ND,AGL,CE,Towers with Radar,6,30,7,0,43,0,66,24,0,90,6,96,31,0,133,192,0,192,325
05/22/2006,GFK,ND,AGL,CE,Towers with Radar,7,82,15,2,106,0,144,35,4,183,7,226,50,6,289,478,0,478,767
05/23/2006,GFK,ND,AGL,CE,Towers with Radar,15,53,17,1,86,0,102,27,3,132,15,155,44,4,218,300,0,300,518
05/24/2006,GFK,ND,AGL,CE,Towers with Radar,15,54,31,2,102,0,25,19,0,44,15,79,50,2,146,346,0,346,492
05/25/2006,GFK,ND,AGL,CE,Towers with Radar,12,132,22,0,166,0,63,15,0,78,12,195,37,0,244,337,0,337,581
05/26/2006,GFK,ND,AGL,CE,Towers with Radar,12,72,14,0,98,0,196,43,1,240,12,268,57,1,338,489,0,489,827
05/27/2006,GFK,ND,AGL,CE,Towers with Radar,10,33,1,0,44,0,80,13,0,93,10,113,14,0,137,144,0,144,281
05/28/2006,GFK,ND,AGL,CE,Towers with Radar,5,19,3,0,27,0,30,8,0,38,5,49,11,0,65,114,0,114,179
05/29/2006,GFK,ND,AGL,CE,Towers with Radar,5,50,4,0,59,0,16,11,0,27,5,66,15,0,86,150,0,150,236
05/30/2006,GFK,ND,AGL,CE,Towers with Radar,8,89,10,0,107,0,212,23,0,235,8,301,33,0,342,306,0,306,648
05/31/2006,GFK,ND,AGL,CE,Towers with Radar,13,77,17,0,107,0,70,17,0,87,13,147,34,0,194,245,0,245,439
06/01/2006,GFK,ND,AGL,CE,Towers with Radar,12,122,30,0,164,0,213,27,0,240,12,335,57,0,404,560,0,560,964
06/02/2006,GFK,ND,AGL,CE,Towers with Radar,12,135,13,0,160,0,166,18,0,184,12,301,31,0,344,383,0,383,727
06/03/2006,GFK,ND,AGL,CE,Towers with Radar,8,50,8,0,66,0,122,26,7,155,8,172,34,7,221,324,1,325,546
06/04/2006,GFK,ND,AGL,CE,Towers with Radar,5,15,3,0,23,0,44,18,0,62,5,59,21,0,85,192,0,192,277
06/05/2006,GFK,ND,AGL,CE,Towers with Radar,7,56,14,0,77,0,42,24,0,66,7,98,38,0,143,136,0,136,279
06/06/2006,GFK,ND,AGL,CE,Towers with Radar,11,121,12,0,144,0,116,58,0,174,11,237,70,0,318,334,0,334,652
06/07/2006,GFK,ND,AGL,CE,Towers with Radar,12,102,13,1,128,0,198,55,4,257,12,300,68,5,385,394,0,394,779
06/08/2006,GFK,ND,AGL,CE,Towers with Radar,12,100,16,1,129,0,152,48,4,204,12,252,64,5,333,530,0,530,863
06/09/2006,GFK,ND,AGL,CE,Towers with Radar,12,107,7,0,126,0,40,14,0,54,12,147,21,0,180,242,0,242,422
06/10/2006,GFK,ND,AGL,CE,Towers with Radar,7,56,7,0,70,0,177,12,0,189,7,233,19,0,259,350,0,350,609
06/11/2006,GFK,ND,AGL,CE,Towers with Radar,7,33,10,0,50,0,53,8,0,61,7,86,18,0,111,129,0,129,240
06/12/2006,GFK,ND,AGL,CE,Towers with Radar,8,86,11,0,105,0,208,33,0,241,8,294,44,0,346,536,0,536,882
06/13/2006,GFK,ND,AGL,CE,Towers with Radar,13,75,18,0,106,0,169,41,0,210,13,244,59,0,316,571,0,571,887
06/14/2006,GFK,ND,AGL,CE,Towers with Radar,13,90,21,0,124,0,143,17,0,160,13,233,38,0,284,411,0,411,695
06/15/2006,GFK,ND,AGL,CE,Towers with Radar,13,56,16,0,85,0,124,28,0,152,13,180,44,0,237,475,0,475,712
06/16/2006,GFK,ND,AGL,CE,Towers with Radar,13,74,6,0,93,0,147,18,0,165,13,221,24,0,258,558,0,558,816
06/17/2006,GFK,ND,AGL,CE,Towers with Radar,8,70,5,0,83,0,103,15,0,118,8,173,20,0,201,214,0,214,415
06/18/2006,GFK,ND,AGL,CE,Towers with Radar,6,8,15,0,29,0,4,8,0,12,6,12,23,0,41,7,0,7,48
06/19/2006,GFK,ND,AGL,CE,Towers with Radar,10,89,8,0,107,0,142,39,0,181,10,231,47,0,288,606,0,606,894
06/20/2006,GFK,ND,AGL,CE,Towers with Radar,13,89,19,2,123,0,154,15,0,169,13,243,34,2,292,515,0,515,807
06/21/2006,GFK,ND,AGL,CE,Towers with Radar,12,73,17,0,102,0,60,8,4,72,12,133,25,4,174,190,0,190,364
06/22/2006,GFK,ND,AGL,CE,Towers with Radar,15,83,8,0,106,0,206,33,4,243,15,289,41,4,349,744,0,744,1093
06/23/2006,GFK,ND,AGL,CE,Towers with Radar,12,42,9,0,63,0,120,19,1,140,12,162,28,1,203,612,0,612,815
06/24/2006,GFK,ND,AGL,CE,Towers with Radar,8,35,8,0,51,0,77,17,0,94,8,112,25,0,145,444,0,444,589
06/25/2006,GFK,ND,AGL,CE,Towers with Radar,6,15,12,1,34,0,62,30,1,93,6,77,42,2,127,209,0,209,336
06/26/2006,GFK,ND,AGL,CE,Towers with Radar,7,58,12,0,77,0,93,37,0,130,7,151,49,0,207,460,0,460,667
06/27/2006,GFK,ND,AGL,CE,Towers with Radar,13,99,12,0,124,0,188,52,3,243,13,287,64,3,367,600,0,600,967
06/28/2006,GFK,ND,AGL,CE,Towers with Radar,13,85,19,3,120,0,188,50,7,245,13,273,69,10,365,619,0,619,984
06/29/2006,GFK,ND,AGL,CE,Towers with Radar,12,75,17,2,106,0,141,36,0,177,12,216,53,2,283,498,0,498,781
06/30/2006,GFK,ND,AGL,CE,Towers with Radar,12,69,16,1,98,0,139,34,1,174,12,208,50,2,272,377,0,377,649
07/01/2006,GFK,ND,AGL,CE,Towers with Radar,9,34,15,0,58,0,44,29,0,73,9,78,44,0,131,254,0,254,385
07/02/2006,GFK,ND,AGL,CE,Towers with Radar,5,5,0,0,10,0,2,12,0,14,5,7,12,0,24,20,0,20,44
07/03/2006,GFK,ND,AGL,CE,Towers with Radar,5,40,8,0,53,0,59,20,0,79,5,99,28,0,132,219,0,219,351
07/04/2006,GFK,ND,AGL,CE,Towers with Radar,5,6,1,0,12,0,0,6,0,6,5,6,7,0,18,0,0,0,18
07/05/2006,GFK,ND,AGL,CE,Towers with Radar,12,55,5,0,72,0,93,28,0,121,12,148,33,0,193,328,0,328,521
07/06/2006,GFK,ND,AGL,CE,Towers with Radar,14,80,17,0,111,0,142,20,0,162,14,222,37,0,273,383,0,383,656
07/07/2006,GFK,ND,AGL,CE,Towers with Radar,12,64,12,0,88,0,104,18,0,122,12,168,30,0,210,285,0,285,495
07/08/2006,GFK,ND,AGL,CE,Towers with Radar,8,50,9,0,67,0,96,25,0,121,8,146,34,0,188,285,0,285,473
07/09/2006,GFK,ND,AGL,CE,Towers with Radar,6,26,9,0,41,0,10,6,0,16,6,36,15,0,57,88,0,88,145
07/10/2006,GFK,ND,AGL,CE,Towers with Radar,8,63,11,0,82,0,129,26,1,156,8,192,37,1,238,416,0,416,654
07/11/2006,GFK,ND,AGL,CE,Towers with Radar,15,75,7,0,97,0,160,27,0,187,15,235,34,0,284,328,0,328,612
07/12/2006,GFK,ND,AGL,CE,Towers with Radar,12,88,12,0,112,0,148,21,0,169,12,236,33,0,281,437,0,437,718
07/13/2006,GFK,ND,AGL,CE,Towers with Radar,12,74,9,0,95,0,70,16,4,90,12,144,25,4,185,230,0,230,415
07/14/2006,GFK,ND,AGL,CE,Towers with Radar,12,94,8,0,114,0,185,32,0,217,12,279,40,0,331,246,0,246,577
07/15/2006,GFK,ND,AGL,CE,Towers with Radar,8,61,7,0,76,0,91,29,2,122,8,152,36,2,198,251,0,251,449
07/16/2006,GFK,ND,AGL,CE,Towers with Radar,6,18,9,0,33,0,41,30,1,72,6,59,39,1,105,73,0,73,178
07/17/2006,GFK,ND,AGL,CE,Towers with Radar,8,103,3,0,114,0,127,40,1,168,8,230,43,1,282,298,0,298,580
07/18/2006,GFK,ND,AGL,CE,Towers with Radar,13,88,17,0,118,0,111,35,15,161,13,199,52,15,279,266,0,266,545
07/19/2006,GFK,ND,AGL,CE,Towers with Radar,13,97,18,0,128,0,117,52,0,169,13,214,70,0,297,321,0,321,618
07/20/2006,GFK,ND,AGL,CE,Towers with Radar,13,97,18,0,128,0,92,56,1,149,13,189,74,1,277,452,0,452,729
07/21/2006,GFK,ND,AGL,CE,Towers with Radar,13,73,12,1,99,0,117,53,0,170,13,190,65,1,269,390,0,390,659
07/22/2006,GFK,ND,AGL,CE,Towers with Radar,6,32,9,0,47,0,70,52,1,123,6,102,61,1,170,170,0,170,340
07/23/2006,GFK,ND,AGL,CE,Towers with Radar,6,14,10,0,30,1,36,37,0,74,7,50,47,0,104,122,0,122,226
07/24/2006,GFK,ND,AGL,CE,Towers with Radar,7,60,18,0,85,0,171,66,0,237,7,231,84,0,322,442,0,442,764
07/25/2006,GFK,ND,AGL,CE,Towers with Radar,14,44,11,0,69,0,48,35,0,83,14,92,46,0,152,318,0,318,470
07/26/2006,GFK,ND,AGL,CE,Towers with Radar,12,78,19,0,109,0,92,36,0,128,12,170,55,0,237,340,0,340,577
07/27/2006,GFK,ND,AGL,CE,Towers with Radar,13,64,18,0,95,0,127,46,0,173,13,191,64,0,268,497,0,497,765
07/28/2006,GFK,ND,AGL,CE,Towers with Radar,11,84,10,0,105,0,97,56,0,153,11,181,66,0,258,514,0,514,772
07/29/2006,GFK,ND,AGL,CE,Towers with Radar,9,51,6,0,66,0,130,93,11,234,9,181,99,11,300,244,0,244,544
07/30/2006,GFK,ND,AGL,CE,Towers with Radar,6,13,12,0,31,0,29,22,0,51,6,42,34,0,82,93,0,93,175
07/31/2006,GFK,ND,AGL,CE,Towers with Radar,8,52,4,3,67,0,91,32,1,124,8,143,36,4,191,418,0,418,609
08/01/2006,GFK,ND,AGL,CE,Towers with Radar,15,78,18,0,111,0,109,30,0,139,15,187,48,0,250,582,0,582,832
08/02/2006,GFK,ND,AGL,CE,Towers with Radar,12,70,16,0,98,0,84,78,2,164,12,154,94,2,262,495,0,495,757
08/03/2006,GFK,ND,AGL,CE,Towers with Radar,13,53,18,1,85,0,96,64,5,165,13,149,82,6,250,337,0,337,587
08/04/2006,GFK,ND,AGL,CE,Towers with Radar,12,59,9,0,80,0,85,59,0,144,12,144,68,0,224,250,0,250,474
08/05/2006,GFK,ND,AGL,CE,Towers with Radar,8,21,3,0,32,0,25,16,0,41,8,46,19,0,73,72,0,72,145
08/06/2006,GFK,ND,AGL,CE,Towers with Radar,7,6,4,0,17,0,2,17,0,19,7,8,21,0,36,20,0,20,56
08/07/2006,GFK,ND,AGL,CE,Towers with Radar,7,20,13,0,40,0,41,18,1,60,7,61,31,1,100,137,0,137,237
08/08/2006,GFK,ND,AGL,CE,Towers with Radar,12,58,19,0,89,0,38,29,1,68,12,96,48,1,157,154,0,154,311
08/09/2006,GFK,ND,AGL,CE,Towers with Radar,13,45,25,1,84,0,133,22,1,156,13,178,47,2,240,187,1,188,428
08/10/2006,GFK,ND,AGL,CE,Towers with Radar,11,43,19,0,73,0,26,19,0,45,11,69,38,0,118,75,0,75,193
08/11/2006,GFK,ND,AGL,CE,Towers with Radar,12,39,20,0,71,0,5,11,0,16,12,44,31,0,87,134,0,134,221
08/12/2006,GFK,ND,AGL,CE,Towers with Radar,9,15,9,0,33,0,4,7,0,11,9,19,16,0,44,10,0,10,54
08/13/2006,GFK,ND,AGL,CE,Towers with Radar,6,5,9,0,20,0,8,6,0,14,6,13,15,0,34,4,0,4,38
08/14/2006,GFK,ND,AGL,CE,Towers with Radar,9,49,16,1,75,0,82,38,2,122,9,131,54,3,197,209,0,209,406
08/15/2006,GFK,ND,AGL,CE,Towers with Radar,13,30,9,1,53,0,78,31,0,109,13,108,40,1,162,241,0,241,403
08/16/2006,GFK,ND,AGL,CE,Towers with Radar,13,44,8,0,65,0,48,11,0,59,13,92,19,0,124,239,0,239,363
08/17/2006,GFK,ND,AGL,CE,Towers with Radar,13,42,17,0,72,0,12,5,0,17,13,54,22,0,89,18,0,18,107
08/18/2006,GFK,ND,AGL,CE,Towers with Radar,11,30,13,0,54,0,3,8,0,11,11,33,21,0,65,29,0,29,94
08/19/2006,GFK,ND,AGL,CE,Towers with Radar,8,11,6,0,25,0,0,34,0,34,8,11,40,0,59,20,0,20,79
08/20/2006,GFK,ND,AGL,CE,Towers with Radar,7,8,2,0,17,0,0,23,0,23,7,8,25,0,40,10,0,10,50
08/21/2006,GFK,ND,AGL,CE,Towers with Radar,8,36,12,0,56,0,32,15,3,50,8,68,27,3,106,202,0,202,308
08/22/2006,GFK,ND,AGL,CE,Towers with Radar,13,51,26,0,90,0,54,28,0,82,13,105,54,0,172,297,0,297,469
08/23/2006,GFK,ND,AGL,CE,Towers with Radar,13,41,24,0,78,0,93,20,0,113,13,134,44,0,191,288,0,288,479
08/24/2006,GFK,ND,AGL,CE,Towers with Radar,11,52,19,0,82,0,135,8,2,145,11,187,27,2,227,358,0,358,585
08/25/2006,GFK,ND,AGL,CE,Towers with Radar,11,56,20,0,87,0,207,64,0,271,11,263,84,0,358,548,0,548,906
08/26/2006,GFK,ND,AGL,CE,Towers with Radar,6,22,4,0,32,0,267,44,1,312,6,289,48,1,344,500,0,500,844
08/27/2006,GFK,ND,AGL,CE,Towers with Radar,4,13,4,0,21,0,136,30,2,168,4,149,34,2,189,346,0,346,535
08/28/2006,GFK,ND,AGL,CE,Towers with Radar,6,66,10,0,82,0,310,63,8,381,6,376,73,8,463,706,0,706,1169
08/29/2006,GFK,ND,AGL,CE,Towers with Radar,13,61,11,0,85,0,271,43,0,314,13,332,54,0,399,927,0,927,1326
08/30/2006,GFK,ND,AGL,CE,Towers with Radar,12,68,16,0,96,0,291,27,2,320,12,359,43,2,416,843,0,843,1259
08/31/2006,GFK,ND,AGL,CE,Towers with Radar,15,46,10,0,71,0,75,8,0,83,15,121,18,0,154,388,0,388,542
09/01/2006,GFK,ND,AGL,CE,Towers with Radar,14,105,12,0,131,0,400,61,0,461,14,505,73,0,592,1140,0,1140,1732
09/02/2006,GFK,ND,AGL,CE,Towers with Radar,6,79,5,0,90,0,187,15,0,202,6,266,20,0,292,1055,0,1055,1347
09/03/2006,GFK,ND,AGL,CE,Towers with Radar,3,22,3,0,28,0,141,15,0,156,3,163,18,0,184,334,0,334,518
09/04/2006,GFK,ND,AGL,CE,Towers with Radar,5,81,16,0,102,0,350,48,0,398,5,431,64,0,500,820,0,820,1320
09/05/2006,GFK,ND,AGL,CE,Towers with Radar,8,74,8,0,90,0,320,40,0,360,8,394,48,0,450,1184,0,1184,1634
09/06/2006,GFK,ND,AGL,CE,Towers with Radar,13,96,22,0,131,0,326,42,0,368,13,422,64,0,499,862,0,862,1361
09/07/2006,GFK,ND,AGL,CE,Towers with Radar,13,81,16,0,110,0,276,61,0,337,13,357,77,0,447,1154,0,1154,1601
09/08/2006,GFK,ND,AGL,CE,Towers with Radar,12,115,18,0,145,0,409,86,0,495,12,524,104,0,640,949,0,949,1589
09/09/2006,GFK,ND,AGL,CE,Towers with Radar,6,59,3,0,68,0,275,49,0,324,6,334,52,0,392,973,0,973,1365
09/10/2006,GFK,ND,AGL,CE,Towers with Radar,4,28,11,0,43,0,88,20,0,108,4,116,31,0,151,315,0,315,466
09/11/2006,GFK,ND,AGL,CE,Towers with Radar,7,111,7,1,126,0,114,27,1,142,7,225,34,2,268,810,0,810,1078
09/12/2006,GFK,ND,AGL,CE,Towers with Radar,13,92,5,0,110,0,281,50,0,331,13,373,55,0,441,867,0,867,1308
09/13/2006,GFK,ND,AGL,CE,Towers with Radar,13,83,11,0,107,0,385,34,1,420,13,468,45,1,527,1167,0,1167,1694
09/14/2006,GFK,ND,AGL,CE,Towers with Radar,15,70,12,0,97,0,222,33,1,256,15,292,45,1,353,765,0,765,1118
09/15/2006,GFK,ND,AGL,CE,Towers with Radar,13,50,10,0,73,0,121,9,0,130,13,171,19,0,203,412,0,412,615
09/16/2006,GFK,ND,AGL,CE,Towers with Radar,5,53,3,0,61,0,25,6,0,31,5,78,9,0,92,394,0,394,486
09/17/2006,GFK,ND,AGL,CE,Towers with Radar,6,31,10,0,47,0,17,5,0,22,6,48,15,0,69,281,0,281,350
09/18/2006,GFK,ND,AGL,CE,Towers with Radar,8,75,7,0,90,0,27,1,0,28,8,102,8,0,118,0,0,0,118
09/19/2006,GFK,ND,AGL,CE,Towers with Radar,13,109,6,0,128,0,291,43,0,334,13,400,49,0,462,1447,0,1447,1909
09/20/2006,GFK,ND,AGL,CE,Towers with Radar,13,112,7,0,132,0,431,56,0,487,13,543,63,0,619,1417,0,1417,2036
09/21/2006,GFK,ND,AGL,CE,Towers with Radar,13,97,13,0,123,0,256,45,0,301,13,353,58,0,424,1087,0,1087,1511
09/22/2006,GFK,ND,AGL,CE,Towers with Radar,13,186,22,0,221,0,46,6,0,52,13,232,28,0,273,15,0,15,288
09/23/2006,GFK,ND,AGL,CE,Towers with Radar,8,88,5,3,104,0,256,19,3,278,8,344,24,6,382,862,0,862,1244
09/24/2006,GFK,ND,AGL,CE,Towers with Radar,4,28,7,0,39,0,77,24,0,101,4,105,31,0,140,238,0,238,378
09/25/2006,GFK,ND,AGL,CE,Towers with Radar,8,96,11,0,115,0,358,24,0,382,8,454,35,0,497,1009,0,1009,1506
09/26/2006,GFK,ND,AGL,CE,Towers with Radar,12,127,15,0,154,0,179,15,0,194,12,306,30,0,348,987,0,987,1335
09/27/2006,GFK,ND,AGL,CE,Towers with Radar,13,99,19,0,131,0,217,21,0,238,13,316,40,0,369,1105,0,1105,1474
09/28/2006,GFK,ND,AGL,CE,Towers with Radar,13,87,18,0,118,0,308,39,2,349,13,395,57,2,467,971,0,971,1438
09/29/2006,GFK,ND,AGL,CE,Towers with Radar,12,127,14,0,153,0,228,29,0,257,12,355,43,0,410,832,0,832,1242
09/30/2006,GFK,ND,AGL,CE,Towers with Radar,6,61,2,0,69,0,293,27,0,320,6,354,29,0,389,1050,0,1050,1439
10/01/2006,GFK,ND,AGL,CE,Towers with Radar,4,33,10,0,47,0,96,26,0,122,4,129,36,0,169,216,0,216,385
10/02/2006,GFK,ND,AGL,CE,Towers with Radar,10,104,13,0,127,0,287,26,0,313,10,391,39,0,440,982,0,982,1422
10/03/2006,GFK,ND,AGL,CE,Towers with Radar,14,111,15,0,140,0,186,14,0,200,14,297,29,0,340,789,0,789,1129
10/04/2006,GFK,ND,AGL,CE,Towers with Radar,13,136,18,0,167,0,305,34,0,339,13,441,52,0,506,961,0,961,1467
10/05/2006,GFK,ND,AGL,CE,Towers with Radar,13,88,26,0,127,0,247,36,0,283,13,335,62,0,410,704,0,704,1114
10/06/2006,GFK,ND,AGL,CE,Towers with Radar,11,118,35,0,164,0,176,0,0,176,11,294,35,0,340,624,0,624,964
10/07/2006,GFK,ND,AGL,CE,Towers with Radar,6,70,3,0,79,0,147,17,0,164,6,217,20,0,243,480,0,480,723
10/08/2006,GFK,ND,AGL,CE,Towers with Radar,3,27,7,0,37,0,53,19,0,72,3,80,26,0,109,69,0,69,178
10/09/2006,GFK,ND,AGL,CE,Towers with Radar,7,117,17,0,141,0,243,25,0,268,7,360,42,0,409,1051,0,1051,1460
10/10/2006,GFK,ND,AGL,CE,Towers with Radar,10,61,17,0,88,0,131,20,2,153,10,192,37,2,241,353,0,353,594
10/11/2006,GFK,ND,AGL,CE,Towers with Radar,13,32,9,0,54,0,8,3,0,11,13,40,12,0,65,103,0,103,168
10/12/2006,GFK,ND,AGL,CE,Towers with Radar,13,24,16,0,53,0,3,6,0,9,13,27,22,0,62,35,0,35,97
10/13/2006,GFK,ND,AGL,CE,Towers with Radar,12,39,11,0,62,0,10,11,0,21,12,49,22,0,83,68,0,68,151
10/14/2006,GFK,ND,AGL,CE,Towers with Radar,6,118,4,0,128,0,310,50,0,360,6,428,54,0,488,613,0,613,1101
10/15/2006,GFK,ND,AGL,CE,Towers with Radar,3,56,9,0,68,0,103,16,0,119,3,159,25,0,187,249,0,249,436
10/16/2006,GFK,ND,AGL,CE,Towers with Radar,7,122,11,0,140,0,11,1,0,12,7,133,12,0,152,6,0,6,158
10/17/2006,GFK,ND,AGL,CE,Towers with Radar,13,23,10,0,46,0,0,3,0,3,13,23,13,0,49,18,0,18,67
10/18/2006,GFK,ND,AGL,CE,Towers with Radar,12,109,22,0,143,0,262,34,0,296,12,371,56,0,439,992,0,992,1431
10/19/2006,GFK,ND,AGL,CE,Towers with Radar,13,119,21,2,155,0,251,25,4,280,13,370,46,6,435,803,0,803,1238
10/20/2006,GFK,ND,AGL,CE,Towers with Radar,12,28,25,0,65,0,7,2,1,10,12,35,27,1,75,135,0,135,210
10/21/2006,GFK,ND,AGL,CE,Towers with Radar,6,135,4,0,145,0,272,18,5,295,6,407,22,5,440,676,0,676,1116
10/22/2006,GFK,ND,AGL,CE,Towers with Radar,4,15,2,0,21,0,47,9,1,57,4,62,11,1,78,202,0,202,280
10/23/2006,GFK,ND,AGL,CE,Towers with Radar,7,55,12,0,74,0,64,24,0,88,7,119,36,0,162,356,0,356,518
10/24/2006,GFK,ND,AGL,CE,Towers with Radar,13,144,23,0,180,0,280,32,0,312,13,424,55,0,492,758,0,758,1250
10/25/2006,GFK,ND,AGL,CE,Towers with Radar,12,146,17,1,176,0,360,24,1,385,12,506,41,2,561,897,0,897,1458
10/26/2006,GFK,ND,AGL,CE,Towers with Radar,14,110,12,1,137,0,260,35,1,296,14,370,47,2,433,779,0,779,1212
10/27/2006,GFK,ND,AGL,CE,Towers with Radar,14,132,8,0,154,0,153,9,0,162,14,285,17,0,316,323,0,323,639
10/28/2006,GFK,ND,AGL,CE,Towers with Radar,6,82,2,0,90,0,209,9,0,218,6,291,11,0,308,551,0,551,859
10/29/2006,GFK,ND,AGL,CE,Towers with Radar,5,35,8,2,50,0,119,19,0,138,5,154,27,2,188,284,0,284,472
10/30/2006,GFK,ND,AGL,CE,Towers with Radar,5,32,2,0,39,0,48,7,1,56,5,80,9,1,95,170,0,170,265
10/31/2006,GFK,ND,AGL,CE,Towers with Radar,13,82,15,2,112,0,84,12,0,96,13,166,27,2,208,438,0,438,646
11/01/2006,GFK,ND,AGL,CE,Towers with Radar,15,52,16,0,83,0,87,3,0,90,15,139,19,0,173,352,0,352,525
11/02/2006,GFK,ND,AGL,CE,Towers with Radar,13,86,11,2,112,0,204,27,2,233,13,290,38,4,345,642,0,642,987
11/03/2006,GFK,ND,AGL,CE,Towers with Radar,14,133,9,0,156,0,272,35,0,307,14,405,44,0,463,716,0,716,1179
11/04/2006,GFK,ND,AGL,CE,Towers with Radar,5,72,6,2,85,0,237,15,9,261,5,309,21,11,346,571,6,577,923
11/05/2006,GFK,ND,AGL,CE,Towers with Radar,9,27,12,0,48,0,105,24,2,131,9,132,36,2,179,259,0,259,438
11/06/2006,GFK,ND,AGL,CE,Towers with Radar,8,78,23,1,110,0,43,5,1,49,8,121,28,2,159,93,0,93,252
11/07/2006,GFK,ND,AGL,CE,Towers with Radar,13,88,15,0,116,0,131,15,2,148,13,219,30,2,264,614,0,614,878
11/08/2006,GFK,ND,AGL,CE,Towers with Radar,12,99,14,0,125,0,155,11,8,174,12,254,25,8,299,336,0,336,635
11/09/2006,GFK,ND,AGL,CE,Towers with Radar,15,40,12,2,69,0,77,36,0,113,15,117,48,2,182,551,0,551,733
11/10/2006,GFK,ND,AGL,CE,Towers with Radar,12,57,8,0,77,0,106,17,1,124,12,163,25,1,201,400,0,400,601
11/11/2006,GFK,ND,AGL,CE,Towers with Radar,6,78,8,0,92,0,192,13,0,205,6,270,21,0,297,344,0,344,641
11/12/2006,GFK,ND,AGL,CE,Towers with Radar,5,17,8,0,30,0,31,3,0,34,5,48,11,0,64,74,0,74,138
11/13/2006,GFK,ND,AGL,CE,Towers with Radar,6,77,12,0,95,0,135,21,3,159,6,212,33,3,254,440,0,440,694
11/14/2006,GFK,ND,AGL,CE,Towers with Radar,12,105,18,0,135,0,249,34,0,283,12,354,52,0,418,708,0,708,1126
11/15/2006,GFK,ND,AGL,CE,Towers with Radar,13,39,12,0,64,0,115,20,0,135,13,154,32,0,199,598,15,613,812
11/16/2006,GFK,ND,AGL,CE,Towers with Radar,14,71,15,1,101,0,52,29,4,85,14,123,44,5,186,379,0,379,565
11/17/2006,GFK,ND,AGL,CE,Towers with Radar,11,44,8,2,65,0,56,14,10,80,11,100,22,12,145,219,0,219,364
11/18/2006,GFK,ND,AGL,CE,Towers with Radar,5,99,8,0,112,0,212,32,2,246,5,311,40,2,358,614,0,614,972
11/19/2006,GFK,ND,AGL,CE,Towers with Radar,5,47,6,0,58,0,118,20,2,140,5,165,26,2,198,206,0,206,404
11/20/2006,GFK,ND,AGL,CE,Towers with Radar,7,78,12,0,97,0,123,14,5,142,7,201,26,5,239,225,0,225,464
11/21/2006,GFK,ND,AGL,CE,Towers with Radar,12,99,18,0,129,0,271,29,3,303,12,370,47,3,432,592,0,592,1024
11/22/2006,GFK,ND,AGL,CE,Towers with Radar,13,78,11,0,102,0,226,25,0,251,13,304,36,0,353,386,20,406,759
11/23/2006,GFK,ND,AGL,CE,Towers with Radar,2,6,4,0,12,0,2,11,0,13,2,8,15,0,25,10,0,10,35
11/24/2006,GFK,ND,AGL,CE,Towers with Radar,10,29,1,0,40,0,38,19,0,57,10,67,20,0,97,134,0,134,231
11/25/2006,GFK,ND,AGL,CE,Towers with Radar,6,29,6,0,41,0,44,22,0,66,6,73,28,0,107,121,0,121,228
11/26/2006,GFK,ND,AGL,CE,Towers with Radar,6,18,12,0,36,0,25,14,0,39,6,43,26,0,75,44,0,44,119
11/27/2006,GFK,ND,AGL,CE,Towers with Radar,6,20,5,0,31,0,1,4,0,5,6,21,9,0,36,174,0,174,210
11/28/2006,GFK,ND,AGL,CE,Towers with Radar,11,29,8,0,48,0,2,1,0,3,11,31,9,0,51,24,0,24,75
11/29/2006,GFK,ND,AGL,CE,Towers with Radar,13,64,18,0,95,0,81,42,0,123,13,145,60,0,218,223,0,223,441
11/30/2006,GFK,ND,AGL,CE,Towers with Radar,13,101,15,0,129,0,255,42,0,297,13,356,57,0,426,606,0,606,1032
12/01/2006,GFK,ND,AGL,CE,Towers with Radar,14,76,10,1,101,0,162,17,3,182,14,238,27,4,283,208,0,208,491
12/02/2006,GFK,ND,AGL,CE,Towers with Radar,6,21,7,0,34,0,1,9,3,13,6,22,16,3,47,0,0,0,47
12/03/2006,GFK,ND,AGL,CE,Towers with Radar,7,57,9,3,76,0,119,21,0,140,7,176,30,3,216,372,5,377,593
12/04/2006,GFK,ND,AGL,CE,Towers with Radar,7,86,12,2,107,0,195,20,3,218,7,281,32,5,325,766,0,766,1091
12/05/2006,GFK,ND,AGL,CE,Towers with Radar,13,41,9,0,63,0,24,9,0,33,13,65,18,0,96,218,0,218,314
12/06/2006,GFK,ND,AGL,CE,Towers with Radar,13,74,17,0,104,0,67,17,0,84,13,141,34,0,188,446,0,446,634
12/07/2006,GFK,ND,AGL,CE,Towers with Radar,14,88,18,2,122,0,207,39,0,246,14,295,57,2,368,709,0,709,1077
12/08/2006,GFK,ND,AGL,CE,Towers with Radar,13,103,7,1,124,0,216,46,0,262,13,319,53,1,386,647,0,647,1033
12/09/2006,GFK,ND,AGL,CE,Towers with Radar,6,72,4,2,84,0,229,25,4,258,6,301,29,6,342,667,0,667,1009
12/10/2006,GFK,ND,AGL,CE,Towers with Radar,8,28,2,1,39,0,72,17,0,89,8,100,19,1,128,337,0,337,465
12/11/2006,GFK,ND,AGL,CE,Towers with Radar,6,20,7,0,33,0,3,4,1,8,6,23,11,1,41,0,0,0,41
12/12/2006,GFK,ND,AGL,CE,Towers with Radar,11,28,7,0,46,0,3,9,0,12,11,31,16,0,58,254,0,254,312
12/13/2006,GFK,ND,AGL,CE,Towers with Radar,13,109,16,4,142,0,213,15,2,230,13,322,31,6,372,448,12,460,832
12/14/2006,GFK,ND,AGL,CE,Towers with Radar,12,27,13,0,52,0,1,6,0,7,12,28,19,0,59,45,0,45,104
12/15/2006,GFK,ND,AGL,CE,Towers with Radar,10,28,26,0,64,0,3,7,0,10,10,31,33,0,74,145,0,145,219
12/16/2006,GFK,ND,AGL,CE,Towers with Radar,6,47,5,0,58,0,141,35,2,178,6,188,40,2,236,301,0,301,537
12/17/2006,GFK,ND,AGL,CE,Towers with Radar,8,22,10,0,40,0,55,9,0,64,8,77,19,0,104,244,0,244,348
12/18/2006,GFK,ND,AGL,CE,Towers with Radar,7,65,11,0,83,0,166,32,3,201,7,231,43,3,284,321,0,321,605
12/19/2006,GFK,ND,AGL,CE,Towers with Radar,14,66,10,0,90,0,105,21,2,128,14,171,31,2,218,366,0,366,584
12/20/2006,GFK,ND,AGL,CE,Towers with Radar,13,49,12,1,75,0,60,17,4,81,13,109,29,5,156,237,0,237,393
12/21/2006,GFK,ND,AGL,CE,Towers with Radar,12,47,10,0,69,0,62,14,0,76,12,109,24,0,145,290,0,290,435
12/22/2006,GFK,ND,AGL,CE,Towers with Radar,12,22,2,0,36,0,7,4,0,11,12,29,6,0,47,68,0,68,115
12/23/2006,GFK,ND,AGL,CE,Towers with Radar,5,17,5,0,27,0,1,17,0,18,5,18,22,0,45,4,0,4,49
12/24/2006,GFK,ND,AGL,CE,Towers with Radar,7,4,0,0,11,0,0,5,0,5,7,4,5,0,16,0,0,0,16
12/25/2006,GFK,ND,AGL,CE,Towers with Radar,3,10,0,0,13,0,1,2,0,3,3,11,2,0,16,0,0,0,16
12/26/2006,GFK,ND,AGL,CE,Towers with Radar,6,29,4,0,39,0,10,10,0,20,6,39,14,0,59,92,0,92,151
12/27/2006,GFK,ND,AGL,CE,Towers with Radar,11,31,3,0,45,0,13,20,0,33,11,44,23,0,78,121,0,121,199
12/28/2006,GFK,ND,AGL,CE,Towers with Radar,13,24,5,0,42,0,26,10,0,36,13,50,15,0,78,117,0,117,195
12/29/2006,GFK,ND,AGL,CE,Towers with Radar,12,26,0,1,39,0,0,1,0,1,12,26,1,1,40,13,0,13,53
12/30/2006,GFK,ND,AGL,CE,Towers with Radar,6,9,1,0,16,0,0,0,0,0,6,9,1,0,16,0,0,0,16
12/31/2006,GFK,ND,AGL,CE,Towers with Radar,7,6,2,0,15,0,0,3,0,3,7,6,5,0,18,0,0,0,18
01/01/2007,GFK,ND,AGL,CE,Towers with Radar,4,9,0,0,13,0,0,8,2,10,4,9,8,2,23,8,0,8,31
01/02/2007,GFK,ND,AGL,CE,Towers with Radar,6,25,5,0,36,0,18,17,0,35,6,43,22,0,71,122,0,122,193
01/03/2007,GFK,ND,AGL,CE,Towers with Radar,12,36,10,4,62,0,23,25,0,48,12,59,35,4,110,188,0,188,298
01/04/2007,GFK,ND,AGL,CE,Towers with Radar,13,37,21,0,71,0,49,40,0,89,13,86,61,0,160,337,0,337,497
01/05/2007,GFK,ND,AGL,CE,Towers with Radar,12,39,11,0,62,0,17,24,0,41,12,56,35,0,103,184,0,184,287
01/06/2007,GFK,ND,AGL,CE,Towers with Radar,6,21,4,0,31,0,40,12,2,54,6,61,16,2,85,147,0,147,232
01/07/2007,GFK,ND,AGL,CE,Towers with Radar,5,9,5,0,19,0,12,6,0,18,5,21,11,0,37,72,0,72,109
01/08/2007,GFK,ND,AGL,CE,Towers with Radar,7,26,4,0,37,0,9,21,2,32,7,35,25,2,69,136,0,136,205
01/09/2007,GFK,ND,AGL,CE,Towers with Radar,12,73,23,0,108,0,83,23,0,106,12,156,46,0,214,286,0,286,500
01/10/2007,GFK,ND,AGL,CE,Towers with Radar,12,45,10,0,67,0,94,18,0,112,12,139,28,0,179,441,0,441,620
01/11/2007,GFK,ND,AGL,CE,Towers with Radar,11,28,16,2,57,0,6,6,0,12,11,34,22,2,69,114,0,114,183
01/12/2007,GFK,ND,AGL,CE,Towers with Radar,13,43,5,0,61,0,121,14,1,136,13,164,19,1,197,259,0,259,456
01/13/2007,GFK,ND,AGL,CE,Towers with Radar,6,55,4,0,65,0,211,36,0,247,6,266,40,0,312,459,0,459,771
01/14/2007,GFK,ND,AGL,CE,Towers with Radar,4,26,3,0,33,0,125,6,1,132,4,151,9,1,165,301,0,301,466
01/15/2007,GFK,ND,AGL,CE,Towers with Radar,7,66,17,2,92,0,197,13,0,210,7,263,30,2,302,464,0,464,766
01/16/2007,GFK,ND,AGL,CE,Towers with Radar,10,50,11,0,71,0,169,28,0,197,10,219,39,0,268,402,0,402,670
01/17/2007,GFK,ND,AGL,CE,Towers with Radar,13,60,16,0,89,0,221,14,0,235,13,281,30,0,324,642,0,642,966
01/18/2007,GFK,ND,AGL,CE,Towers with Radar,14,40,18,0,72,0,36,15,0,51,14,76,33,0,123,496,0,496,619
01/19/2007,GFK,ND,AGL,CE,Towers with Radar,12,131,10,0,153,0,325,31,1,357,12,456,41,1,510,732,0,732,1242
01/20/2007,GFK,ND,AGL,CE,Towers with Radar,7,65,7,1,80,0,226,23,7,256,7,291,30,8,336,563,0,563,899
01/21/2007,GFK,ND,AGL,CE,Towers with Radar,5,9,0,2,16,0,0,6,0,6,5,9,6,2,22,101,0,101,123
01/22/2007,GFK,ND,AGL,CE,Towers with Radar,7,82,11,0,100,0,237,26,1,264,7,319,37,1,364,596,0,596,960
01/23/2007,GFK,ND,AGL,CE,Towers with Radar,13,62,7,0,82,0,152,15,2,169,13,214,22,2,251,461,0,461,712
01/24/2007,GFK,ND,AGL,CE,Towers with Radar,12,36,3,0,51,0,47,11,0,58,12,83,14,0,109,509,0,509,618
01/25/2007,GFK,ND,AGL,CE,Towers with Radar,13,53,13,0,79,0,81,10,0,91,13,134,23,0,170,491,0,491,661
01/26/2007,GFK,ND,AGL,CE,Towers with Radar,11,76,12,0,99,0,159,12,0,171,11,235,24,0,270,247,0,247,517
01/27/2007,GFK,ND,AGL,CE,Towers with Radar,6,41,7,0,54,0,26,4,0,30,6,67,11,0,84,86,0,86,170
01/28/2007,GFK,ND,AGL,CE,Towers with Radar,5,29,7,0,41,0,67,8,0,75,5,96,15,0,116,129,0,129,245
01/29/2007,GFK,ND,AGL,CE,Towers with Radar,6,21,9,0,36,0,3,1,0,4,6,24,10,0,40,0,0,0,40
01/30/2007,GFK,ND,AGL,CE,Towers with Radar,12,108,10,0,130,0,255,24,0,279,12,363,34,0,409,745,0,745,1154
01/31/2007,GFK,ND,AGL,CE,Towers with Radar,12,73,7,0,92,0,81,14,1,96,12,154,21,1,188,328,0,328,516
02/01/2007,GFK,ND,AGL,CE,Towers with Radar,12,68,12,0,92,0,52,0,0,52,12,120,12,0,144,217,0,217,361
02/02/2007,GFK,ND,AGL,CE,Towers with Radar,11,75,6,0,92,0,33,5,11,49,11,108,11,11,141,144,0,144,285
02/03/2007,GFK,ND,AGL,CE,Towers with Radar,6,77,4,0,87,0,180,8,0,188,6,257,12,0,275,365,0,365,640
02/04/2007,GFK,ND,AGL,CE,Towers with Radar,8,18,0,0,26,0,87,4,0,91,8,105,4,0,117,231,0,231,348
02/05/2007,GFK,ND,AGL,CE,Towers with Radar,7,85,12,0,104,0,188,9,0,197,7,273,21,0,301,396,0,396,697
02/06/2007,GFK,ND,AGL,CE,Towers with Radar,12,79,11,0,102,0,99,15,1,115,12,178,26,1,217,472,0,472,689
02/07/2007,GFK,ND,AGL,CE,Towers with Radar,12,102,18,0,132,0,212,19,0,231,12,314,37,0,363,758,0,758,1121
02/08/2007,GFK,ND,AGL,CE,Towers with Radar,13,122,11,0,146,0,252,27,0,279,13,374,38,0,425,687,0,687,1112
02/09/2007,GFK,ND,AGL,CE,Towers with Radar,11,116,13,0,140,0,268,16,0,284,11,384,29,0,424,800,0,800,1224
02/10/2007,GFK,ND,AGL,CE,Towers with Radar,6,65,15,0,86,0,273,17,0,290,6,338,32,0,376,655,0,655,1031
02/11/2007,GFK,ND,AGL,CE,Towers with Radar,5,46,1,0,52,0,111,21,0,132,5,157,22,0,184,347,0,347,531
02/12/2007,GFK,ND,AGL,CE,Towers with Radar,7,103,5,0,115,0,194,8,0,202,7,297,13,0,317,570,0,570,887
02/13/2007,GFK,ND,AGL,CE,Towers with Radar,10,125,6,0,141,0,166,20,0,186,10,291,26,0,327,502,0,502,829
02/14/2007,GFK,ND,AGL,CE,Towers with Radar,14,101,17,0,132,0,201,34,0,235,14,302,51,0,367,931,0,931,1298
02/15/2007,GFK,ND,AGL,CE,Towers with Radar,12,105,15,0,132,0,168,18,0,186,12,273,33,0,318,757,0,757,1075
02/16/2007,GFK,ND,AGL,CE,Towers with Radar,12,61,12,0,85,0,65,9,0,74,12,126,21,0,159,587,0,587,746
02/17/2007,GFK,ND,AGL,CE,Towers with Radar,8,61,4,0,73,0,89,14,0,103,8,150,18,0,176,541,0,541,717
02/18/2007,GFK,ND,AGL,CE,Towers with Radar,6,5,0,0,11,0,4,6,0,10,6,9,6,0,21,164,0,164,185
02/19/2007,GFK,ND,AGL,CE,Towers with Radar,8,120,11,0,139,0,178,26,0,204,8,298,37,0,343,828,0,828,1171
02/20/2007,GFK,ND,AGL,CE,Towers with Radar,11,112,14,0,137,0,200,38,0,238,11,312,52,0,375,1028,0,1028,1403
02/21/2007,GFK,ND,AGL,CE,Towers with Radar,14,34,11,0,59,0,27,8,0,35,14,61,19,0,94,67,0,67,161
02/22/2007,GFK,ND,AGL,CE,Towers with Radar,13,98,15,0,126,0,172,40,0,212,13,270,55,0,338,613,0,613,951
02/23/2007,GFK,ND,AGL,CE,Towers with Radar,11,98,2,0,111,0,116,3,0,119,11,214,5,0,230,221,0,221,451
02/24/2007,GFK,ND,AGL,CE,Towers with Radar,9,5,0,0,14,0,0,0,0,0,9,5,0,0,14,0,0,0,14
02/25/2007,GFK,ND,AGL,CE,Towers with Radar,7,2,2,0,11,0,0,0,0,0,7,2,2,0,11,0,0,0,11
02/26/2007,GFK,ND,AGL,CE,Towers with Radar,7,49,8,0,64,0,46,10,0,56,7,95,18,0,120,345,0,345,465
02/27/2007,GFK,ND,AGL,CE,Towers with Radar,13,28,19,0,60,0,15,0,0,15,13,43,19,0,75,137,0,137,212
02/28/2007,GFK,ND,AGL,CE,Towers with Radar,12,27,9,0,48,0,11,9,0,20,12,38,18,0,68,150,0,150,218
03/01/2007,GFK,ND,AGL,CE,Towers with Radar,9,18,3,0,30,0,0,0,0,0,9,18,3,0,30,0,0,0,30
03/02/2007,GFK,ND,AGL,CE,Towers with Radar,12,28,0,0,40,0,0,0,0,0,12,28,0,0,40,0,0,0,40
03/03/2007,GFK,ND,AGL,CE,Towers with Radar,7,149,1,0,157,0,218,15,2,235,7,367,16,2,392,444,0,444,836
03/04/2007,GFK,ND,AGL,CE,Towers with Radar,5,59,7,2,73,0,103,6,0,109,5,162,13,2,182,184,0,184,366
03/05/2007,GFK,ND,AGL,CE,Towers with Radar,8,144,22,0,174,0,285,25,2,312,8,429,47,2,486,712,0,712,1198
03/06/2007,GFK,ND,AGL,CE,Towers with Radar,13,29,6,0,48,0,10,14,0,24,13,39,20,0,72,299,0,299,371
03/07/2007,GFK,ND,AGL,CE,Towers with Radar,13,75,18,0,106,0,157,17,1,175,13,232,35,1,281,732,0,732,1013
03/08/2007,GFK,ND,AGL,CE,Towers with Radar,13,29,15,1,58,1,1,0,1,3,14,30,15,2,61,0,0,0,61
03/09/2007,GFK,ND,AGL,CE,Towers with Radar,12,142,22,0,176,0,194,38,7,239,12,336,60,7,415,396,0,396,811
03/10/2007,GFK,ND,AGL,CE,Towers with Radar,8,68,3,0,79,0,143,38,2,183,8,211,41,2,262,600,4,604,866
03/11/2007,GFK,ND,AGL,CE,Towers with Radar,5,24,4,0,33,0,34,7,0,41,5,58,11,0,74,253,0,253,327
03/12/2007,GFK,ND,AGL,CE,Towers with Radar,8,50,23,0,81,0,37,18,0,55,8,87,41,0,136,217,0,217,353
03/13/2007,GFK,ND,AGL,CE,Towers with Radar,13,69,17,0,99,0,87,26,0,113,13,156,43,0,212,326,5,331,543
03/14/2007,GFK,ND,AGL,CE,Towers with Radar,11,54,15,1,81,0,65,11,1,77,11,119,26,2,158,247,0,247,405
03/15/2007,GFK,ND,AGL,CE,Towers with Radar,14,27,13,0,54,0,0,0,0,0,14,27,13,0,54,0,0,0,54
03/16/2007,GFK,ND,AGL,CE,Towers with Radar,12,72,2,0,86,0,116,24,3,143,12,188,26,3,229,430,0,430,659
03/17/2007,GFK,ND,AGL,CE,Towers with Radar,8,14,6,0,28,0,1,6,2,9,8,15,12,2,37,0,0,0,37
03/18/2007,GFK,ND,AGL,CE,Towers with Radar,6,6,4,0,16,0,0,0,0,0,6,6,4,0,16,0,0,0,16
03/19/2007,GFK,ND,AGL,CE,Towers with Radar,8,91,15,0,114,0,143,12,0,155,8,234,27,0,269,429,0,429,698
03/20/2007,GFK,ND,AGL,CE,Towers with Radar,12,57,11,0,80,0,52,5,1,58,12,109,16,1,138,196,0,196,334
03/21/2007,GFK,ND,AGL,CE,Towers with Radar,13,81,12,0,106,0,75,11,0,86,13,156,23,0,192,421,0,421,613
03/22/2007,GFK,ND,AGL,CE,Towers with Radar,13,105,13,0,131,0,264,41,0,305,13,369,54,0,436,906,0,906,1342
03/23/2007,GFK,ND,AGL,CE,Towers with Radar,12,116,8,0,136,0,298,29,0,327,12,414,37,0,463,786,0,786,1249
03/24/2007,GFK,ND,AGL,CE,Towers with Radar,7,42,3,1,53,0,53,14,1,68,7,95,17,2,121,167,0,167,288
03/25/2007,GFK,ND,AGL,CE,Towers with Radar,4,23,5,0,32,0,4,0,0,4,4,27,5,0,36,0,0,0,36
03/26/2007,GFK,ND,AGL,CE,Towers with Radar,9,122,16,1,148,0,172,18,4,194,9,294,34,5,342,602,0,602,944
03/27/2007,GFK,ND,AGL,CE,Towers with Radar,12,89,17,0,118,0,270,31,6,307,12,359,48,6,425,589,3,592,1017
03/28/2007,GFK,ND,AGL,CE,Towers with Radar,11,110,9,0,130,0,12,4,0,16,11,122,13,0,146,131,0,131,277
03/29/2007,GFK,ND,AGL,CE,Towers with Radar,12,55,14,0,81,0,4,0,0,4,12,59,14,0,85,0,0,0,85
03/30/2007,GFK,ND,AGL,CE,Towers with Radar,15,28,14,2,59,0,0,1,0,1,15,28,15,2,60,60,0,60,120
03/31/2007,GFK,ND,AGL,CE,Towers with Radar,8,40,6,0,54,0,8,0,0,8,8,48,6,0,62,0,0,0,62
04/01/2007,GFK,ND,AGL,CE,Towers with Radar,6,5,4,0,15,0,0,0,0,0,6,5,4,0,15,0,0,0,15
04/02/2007,GFK,ND,AGL,CE,Towers with Radar,9,21,6,0,36,0,20,21,0,41,9,41,27,0,77,546,0,546,623
04/03/2007,GFK,ND,AGL,CE,Towers with Radar,13,25,5,0,43,0,2,0,0,2,13,27,5,0,45,34,0,34,79
04/04/2007,GFK,ND,AGL,CE,Towers with Radar,12,49,6,0,67,0,44,12,1,57,12,93,18,1,124,313,0,313,437
04/05/2007,GFK,ND,AGL,CE,Towers with Radar,15,162,29,0,206,0,292,59,5,356,15,454,88,5,562,904,0,904,1466
04/06/2007,GFK,ND,AGL,CE,Towers with Radar,13,99,12,1,125,0,126,13,2,141,13,225,25,3,266,374,0,374,640
04/07/2007,GFK,ND,AGL,CE,Towers with Radar,7,74,9,0,90,0,174,38,0,212,7,248,47,0,302,466,0,466,768
04/08/2007,GFK,ND,AGL,CE,Towers with Radar,10,8,4,0,22,0,1,11,0,12,10,9,15,0,34,14,0,14,48
04/09/2007,GFK,ND,AGL,CE,Towers with Radar,8,102,13,0,123,0,322,48,1,371,8,424,61,1,494,762,0,762,1256
04/10/2007,GFK,ND,AGL,CE,Towers with Radar,12,69,14,0,95,0,135,21,1,157,12,204,35,1,252,514,0,514,766
04/11/2007,GFK,ND,AGL,CE,Towers with Radar,13,103,14,0,130,0,210,36,1,247,13,313,50,1,377,895,0,895,1272
04/12/2007,GFK,ND,AGL,CE,Towers with Radar,13,97,21,0,131,0,320,6,2,328,13,417,27,2,459,893,0,893,1352
04/13/2007,GFK,ND,AGL,CE,Towers with Radar,12,119,18,0,149,0,255,15,4,274,12,374,33,4,423,691,0,691,1114
04/14/2007,GFK,ND,AGL,CE,Towers with Radar,8,95,7,0,110,0,258,31,2,291,8,353,38,2,401,794,0,794,1195
04/15/2007,GFK,ND,AGL,CE,Towers with Radar,5,37,2,0,44,0,114,24,4,142,5,151,26,4,186,262,0,262,448
04/16/2007,GFK,ND,AGL,CE,Towers with Radar,7,100,20,0,127,0,177,30,0,207,7,277,50,0,334,756,0,756,1090
04/17/2007,GFK,ND,AGL,CE,Towers with Radar,13,81,14,0,108,0,279,34,0,313,13,360,48,0,421,906,0,906,1327
04/18/2007,GFK,ND,AGL,CE,Towers with Radar,15,78,17,0,110,0,254,33,4,291,15,332,50,4,401,771,0,771,1172
04/19/2007,GFK,ND,AGL,CE,Towers with Radar,13,82,18,0,113,0,187,26,2,215,13,269,44,2,328,552,0,552,880
04/20/2007,GFK,ND,AGL,CE,Towers with Radar,11,51,12,0,74,0,175,20,0,195,11,226,32,0,269,459,0,459,728
04/21/2007,GFK,ND,AGL,CE,Towers with Radar,11,64,5,2,82,0,73,10,3,86,11,137,15,5,168,825,0,825,993
04/22/2007,GFK,ND,AGL,CE,Towers with Radar,6,12,13,1,32,0,187,12,0,199,6,199,25,1,231,273,0,273,504
04/23/2007,GFK,ND,AGL,CE,Towers with Radar,8,102,16,0,126,0,233,39,0,272,8,335,55,0,398,948,0,948,1346
04/24/2007,GFK,ND,AGL,CE,Towers with Radar,14,76,22,0,112,0,160,29,8,197,14,236,51,8,309,697,0,697,1006
04/25/2007,GFK,ND,AGL,CE,Towers with Radar,13,71,19,0,103,0,250,22,0,272,13,321,41,0,375,830,0,830,1205
04/26/2007,GFK,ND,AGL,CE,Towers with Radar,13,104,21,0,138,0,169,28,2,199,13,273,49,2,337,593,0,593,930
04/27/2007,GFK,ND,AGL,CE,Towers with Radar,11,89,16,0,116,0,136,39,3,178,11,225,55,3,294,488,0,488,782
04/28/2007,GFK,ND,AGL,CE,Towers with Radar,7,46,7,0,60,0,155,30,0,185,7,201,37,0,245,371,0,371,616
04/29/2007,GFK,ND,AGL,CE,Towers with Radar,6,18,10,0,34,0,35,15,2,52,6,53,25,2,86,138,0,138,224
04/30/2007,GFK,ND,AGL,CE,Towers with Radar,8,60,14,0,82,0,120,13,0,133,8,180,27,0,215,608,0,608,823
05/01/2007,GFK,ND,AGL,CE,Towers with Radar,14,73,22,3,112,0,134,2,3,139,14,207,24,6,251,421,0,421,672
05/02/2007,GFK,ND,AGL,CE,Towers with Radar,13,72,9,0,94,0,166,36,4,206,13,238,45,4,300,678,0,678,978
05/03/2007,GFK,ND,AGL,CE,Towers with Radar,13,50,12,0,75,0,79,12,0,91,13,129,24,0,166,281,0,281,447
05/04/2007,GFK,ND,AGL,CE,Towers with Radar,12,68,19,1,100,0,7,2,0,9,12,75,21,1,109,39,0,39,148
05/05/2007,GFK,ND,AGL,CE,Towers with Radar,8,17,5,0,30,0,5,0,0,5,8,22,5,0,35,34,0,34,69
05/06/2007,GFK,ND,AGL,CE,Towers with Radar,6,7,1,2,16,0,0,2,0,2,6,7,3,2,18,0,0,0,18
05/07/2007,GFK,ND,AGL,CE,Towers with Radar,6,99,13,0,118,0,245,37,5,287,6,344,50,5,405,877,0,877,1282
05/08/2007,GFK,ND,AGL,CE,Towers with Radar,13,83,21,0,117,0,210,26,0,236,13,293,47,0,353,791,0,791,1144
05/09/2007,GFK,ND,AGL,CE,Towers with Radar,11,74,20,0,105,0,191,32,4,227,11,265,52,4,332,833,0,833,1165
05/10/2007,GFK,ND,AGL,CE,Towers with Radar,14,82,19,0,115,0,100,21,0,121,14,182,40,0,236,403,0,403,639
05/11/2007,GFK,ND,AGL,CE,Towers with Radar,12,85,10,0,107,0,180,20,0,200,12,265,30,0,307,802,0,802,1109
05/12/2007,GFK,ND,AGL,CE,Towers with Radar,8,41,4,0,53,0,80,22,0,102,8,121,26,0,155,423,0,423,578
05/13/2007,GFK,ND,AGL,CE,Towers with Radar,6,20,7,0,33,0,52,14,0,66,6,72,21,0,99,89,0,89,188
05/14/2007,GFK,ND,AGL,CE,Towers with Radar,8,49,10,0,67,0,32,12,0,44,8,81,22,0,111,355,0,355,466
05/15/2007,GFK,ND,AGL,CE,Towers with Radar,13,71,26,0,110,0,163,26,0,189,13,234,52,0,299,674,0,674,973
05/16/2007,GFK,ND,AGL,CE,Towers with Radar,13,82,22,0,117,0,184,24,0,208,13,266,46,0,325,614,0,614,939
05/17/2007,GFK,ND,AGL,CE,Towers with Radar,15,51,18,3,87,0,94,26,3,123,15,145,44,6,210,369,0,369,579
05/18/2007,GFK,ND,AGL,CE,Towers with Radar,12,64,12,0,88,0,141,17,0,158,12,205,29,0,246,489,0,489,735
05/19/2007,GFK,ND,AGL,CE,Towers with Radar,9,47,14,0,70,0,26,14,0,40,9,73,28,0,110,385,0,385,495
05/20/2007,GFK,ND,AGL,CE,Towers with Radar,6,12,4,0,22,0,7,5,0,12,6,19,9,0,34,206,0,206,240
05/21/2007,GFK,ND,AGL,CE,Towers with Radar,5,47,16,0,68,0,88,9,2,99,5,135,25,2,167,254,0,254,421
05/22/2007,GFK,ND,AGL,CE,Towers with Radar,13,55,20,3,91,0,41,0,0,41,13,96,20,3,132,194,0,194,326
05/23/2007,GFK,ND,AGL,CE,Towers with Radar,12,85,23,0,120,0,92,9,0,101,12,177,32,0,221,315,0,315,536
05/24/2007,GFK,ND,AGL,CE,Towers with Radar,13,59,21,2,95,0,84,4,0,88,13,143,25,2,183,475,0,475,658
05/25/2007,GFK,ND,AGL,CE,Towers with Radar,13,84,7,0,104,0,143,12,0,155,13,227,19,0,259,580,0,580,839
05/26/2007,GFK,ND,AGL,CE,Towers with Radar,10,27,2,0,39,0,5,0,0,5,10,32,2,0,44,0,0,0,44
05/27/2007,GFK,ND,AGL,CE,Towers with Radar,5,38,4,0,47,0,119,27,0,146,5,157,31,0,193,390,0,390,583
05/28/2007,GFK,ND,AGL,CE,Towers with Radar,5,47,3,0,55,0,70,13,0,83,5,117,16,0,138,223,0,223,361
05/29/2007,GFK,ND,AGL,CE,Towers with Radar,10,65,16,0,91,0,75,16,0,91,10,140,32,0,182,518,0,518,700
05/30/2007,GFK,ND,AGL,CE,Towers with Radar,10,99,16,0,125,0,21,0,0,21,10,120,16,0,146,14,0,14,160
05/31/2007,GFK,ND,AGL,CE,Towers with Radar,10,109,21,0,140,0,170,25,3,198,10,279,46,3,338,656,0,656,994
06/01/2007,GFK,ND,AGL,CE,Towers with Radar,10,71,14,2,97,0,135,12,0,147,10,206,26,2,244,498,0,498,742
06/02/2007,GFK,ND,AGL,CE,Towers with Radar,8,52,5,7,72,0,63,7,4,74,8,115,12,11,146,171,18,189,335
06/03/2007,GFK,ND,AGL,CE,Towers with Radar,5,31,6,2,44,0,60,17,0,77,5,91,23,2,121,198,0,198,319
06/04/2007,GFK,ND,AGL,CE,Towers with Radar,7,74,13,0,94,0,106,1,3,110,7,180,14,3,204,212,0,212,416
06/05/2007,GFK,ND,AGL,CE,Towers with Radar,11,78,9,0,98,0,159,47,1,207,11,237,56,1,305,553,0,553,858
06/06/2007,GFK,ND,AGL,CE,Towers with Radar,10,63,14,2,89,0,55,9,5,69,10,118,23,7,158,202,0,202,360
06/07/2007,GFK,ND,AGL,CE,Towers with Radar,9,42,18,0,69,0,8,3,0,11,9,50,21,0,80,33,0,33,113
06/08/2007,GFK,ND,AGL,CE,Towers with Radar,9,86,18,0,113,0,282,25,1,308,9,368,43,1,421,586,0,586,1007
06/09/2007,GFK,ND,AGL,CE,Towers with Radar,8,46,8,1,63,0,124,11,1,136,8,170,19,2,199,336,0,336,535
06/10/2007,GFK,ND,AGL,CE,Towers with Radar,6,30,10,0,46,0,86,9,0,95,6,116,19,0,141,214,0,214,355
06/11/2007,GFK,ND,AGL,CE,Towers with Radar,6,70,16,0,92,0,174,18,6,198,6,244,34,6,290,512,0,512,802
06/12/2007,GFK,ND,AGL,CE,Towers with Radar,11,63,20,2,96,0,146,10,0,156,11,209,30,2,252,398,0,398,650
06/13/2007,GFK,ND,AGL,CE,Towers with Radar,10,90,45,2,147,0,39,10,1,50,10,129,55,3,197,248,0,248,445
06/14/2007,GFK,ND,AGL,CE,Towers with Radar,10,84,25,7,126,0,41,9,1,51,10,125,34,8,177,457,0,457,634
06/15/2007,GFK,ND,AGL,CE,Towers with Radar,8,77,13,0,98,0,309,30,3,342,8,386,43,3,440,849,0,849,1289
06/16/2007,GFK,ND,AGL,CE,Towers with Radar,8,33,13,0,54,0,172,15,1,188,8,205,28,1,242,300,0,300,542
06/17/2007,GFK,ND,AGL,CE,Towers with Radar,6,16,11,0,33,0,10,7,0,17,6,26,18,0,50,108,0,108,158
06/18/2007,GFK,ND,AGL,CE,Towers with Radar,7,44,6,1,58,1,79,8,4,92,8,123,14,5,150,164,0,164,314
06/19/2007,GFK,ND,AGL,CE,Towers with Radar,10,78,22,0,110,0,262,44,0,306,10,340,66,0,416,467,0,467,883
06/20/2007,GFK,ND,AGL,CE,Towers with Radar,10,94,23,0,127,0,227,34,7,268,10,321,57,7,395,977,0,977,1372
06/21/2007,GFK,ND,AGL,CE,Towers with Radar,10,62,21,0,93,0,217,43,6,266,10,279,64,6,359,689,0,689,1048
06/22/2007,GFK,ND,AGL,CE,Towers with Radar,9,66,14,0,89,0,138,37,2,177,9,204,51,2,266,395,0,395,661
06/23/2007,GFK,ND,AGL,CE,Towers with Radar,8,36,9,0,53,0,124,16,2,142,8,160,25,2,195,498,0,498,693
06/24/2007,GFK,ND,AGL,CE,Towers with Radar,5,12,14,0,31,0,10,9,0,19,5,22,23,0,50,10,0,10,60
06/25/2007,GFK,ND,AGL,CE,Towers with Radar,8,48,9,1,66,0,90,4,5,99,8,138,13,6,165,317,0,317,482
06/26/2007,GFK,ND,AGL,CE,Towers with Radar,9,75,27,2,113,0,110,23,3,136,9,185,50,5,249,290,2,292,541
06/27/2007,GFK,ND,AGL,CE,Towers with Radar,9,83,26,0,118,0,129,10,10,149,9,212,36,10,267,792,0,792,1059
06/28/2007,GFK,ND,AGL,CE,Towers with Radar,10,77,29,0,116,0,151,38,0,189,10,228,67,0,305,551,0,551,856
06/29/2007,GFK,ND,AGL,CE,Towers with Radar,9,65,20,0,94,0,197,28,1,226,9,262,48,1,320,572,13,585,905
06/30/2007,GFK,ND,AGL,CE,Towers with Radar,8,21,8,0,37,0,139,23,0,162,8,160,31,0,199,392,0,392,591
07/01/2007,GFK,ND,AGL,CE,Towers with Radar,4,14,5,0,23,0,41,8,0,49,4,55,13,0,72,145,0,145,217
07/02/2007,GFK,ND,AGL,CE,Towers with Radar,4,71,18,1,94,0,178,12,2,192,4,249,30,3,286,573,0,573,859
07/03/2007,GFK,ND,AGL,CE,Towers with Radar,8,68,16,0,92,0,122,38,4,164,8,190,54,4,256,445,0,445,701
07/04/2007,GFK,ND,AGL,CE,Towers with Radar,0,8,4,0,12,0,0,25,0,25,0,8,29,0,37,17,0,17,54
07/05/2007,GFK,ND,AGL,CE,Towers with Radar,5,50,24,1,80,0,129,30,1,160,5,179,54,2,240,420,0,420,660
07/06/2007,GFK,ND,AGL,CE,Towers with Radar,9,67,10,0,86,0,175,41,0,216,9,242,51,0,302,438,0,438,740
07/07/2007,GFK,ND,AGL,CE,Towers with Radar,8,29,8,0,45,0,102,10,2,114,8,131,18,2,159,278,0,278,437
07/08/2007,GFK,ND,AGL,CE,Towers with Radar,8,29,10,0,47,0,53,9,1,63,8,82,19,1,110,179,0,179,289
07/09/2007,GFK,ND,AGL,CE,Towers with Radar,9,69,11,0,89,0,135,18,8,161,9,204,29,8,250,398,0,398,648
07/10/2007,GFK,ND,AGL,CE,Towers with Radar,10,101,15,0,126,0,32,19,0,51,10,133,34,0,177,265,0,265,442
07/11/2007,GFK,ND,AGL,CE,Towers with Radar,10,77,17,0,104,0,185,31,2,218,10,262,48,2,322,363,0,363,685
07/12/2007,GFK,ND,AGL,CE,Towers with Radar,10,86,17,0,113,0,273,54,1,328,10,359,71,1,441,469,0,469,910
07/13/2007,GFK,ND,AGL,CE,Towers with Radar,10,54,24,0,88,0,146,24,2,172,10,200,48,2,260,209,0,209,469
07/14/2007,GFK,ND,AGL,CE,Towers with Radar,7,54,8,2,71,0,168,30,3,201,7,222,38,5,272,460,0,460,732
07/15/2007,GFK,ND,AGL,CE,Towers with Radar,5,38,9,1,53,0,70,25,1,96,5,108,34,2,149,174,0,174,323
07/16/2007,GFK,ND,AGL,CE,Towers with Radar,7,106,16,0,129,0,75,24,4,103,7,181,40,4,232,247,0,247,479
07/17/2007,GFK,ND,AGL,CE,Towers with Radar,10,98,10,0,118,1,229,39,0,269,11,327,49,0,387,432,0,432,819
07/18/2007,GFK,ND,AGL,CE,Towers with Radar,10,90,17,0,117,0,197,41,0,238,10,287,58,0,355,504,0,504,859
07/19/2007,GFK,ND,AGL,CE,Towers with Radar,11,72,17,0,100,0,155,56,1,212,11,227,73,1,312,596,0,596,908
07/20/2007,GFK,ND,AGL,CE,Towers with Radar,9,78,11,0,98,0,138,27,0,165,9,216,38,0,263,609,0,609,872
07/21/2007,GFK,ND,AGL,CE,Towers with Radar,7,26,11,0,44,0,83,13,1,97,7,109,24,1,141,273,0,273,414
07/22/2007,GFK,ND,AGL,CE,Towers with Radar,4,19,9,0,32,0,21,9,0,30,4,40,18,0,62,64,0,64,126
07/23/2007,GFK,ND,AGL,CE,Towers with Radar,7,71,11,0,89,0,145,41,6,192,7,216,52,6,281,404,0,404,685
07/24/2007,GFK,ND,AGL,CE,Towers with Radar,10,76,12,0,98,0,122,32,1,155,10,198,44,1,253,510,0,510,763
07/25/2007,GFK,ND,AGL,CE,Towers with Radar,11,82,15,0,108,0,144,28,1,173,11,226,43,1,281,427,0,427,708
07/26/2007,GFK,ND,AGL,CE,Towers with Radar,10,78,10,0,98,0,91,14,2,107,10,169,24,2,205,381,0,381,586
07/27/2007,GFK,ND,AGL,CE,Towers with Radar,8,73,10,0,91,0,184,54,0,238,8,257,64,0,329,574,0,574,903
07/28/2007,GFK,ND,AGL,CE,Towers with Radar,7,39,6,0,52,0,101,17,2,120,7,140,23,2,172,346,8,354,526
07/29/2007,GFK,ND,AGL,CE,Towers with Radar,5,28,6,0,39,0,74,19,0,93,5,102,25,0,132,205,0,205,337
07/30/2007,GFK,ND,AGL,CE,Towers with Radar,8,57,6,1,72,0,145,30,2,177,8,202,36,3,249,455,0,455,704
07/31/2007,GFK,ND,AGL,CE,Towers with Radar,11,69,11,1,92,0,127,36,3,166,11,196,47,4,258,318,0,318,576
08/01/2007,GFK,ND,AGL,CE,Towers with Radar,9,65,11,0,85,0,117,43,8,168,9,182,54,8,253,473,0,473,726
08/02/2007,GFK,ND,AGL,CE,Towers with Radar,10,76,18,0,104,0,164,36,1,201,10,240,54,1,305,390,0,390,695
08/03/2007,GFK,ND,AGL,CE,Towers with Radar,9,53,9,0,71,0,122,50,0,172,9,175,59,0,243,484,0,484,727
08/04/2007,GFK,ND,AGL,CE,Towers with Radar,8,52,8,0,68,0,60,25,3,88,8,112,33,3,156,198,0,198,354
08/05/2007,GFK,ND,AGL,CE,Towers with Radar,6,7,9,1,23,0,4,11,0,15,6,11,20,1,38,8,0,8,46
08/06/2007,GFK,ND,AGL,CE,Towers with Radar,6,41,8,0,55,0,110,33,4,147,6,151,41,4,202,376,0,376,578
08/07/2007,GFK,ND,AGL,CE,Towers with Radar,9,55,13,0,77,6,112,33,0,151,15,167,46,0,228,300,0,300,528
08/08/2007,GFK,ND,AGL,CE,Towers with Radar,11,52,12,0,75,0,59,18,0,77,11,111,30,0,152,242,0,242,394
08/09/2007,GFK,ND,AGL,CE,Towers with Radar,10,59,22,0,91,0,119,49,0,168,10,178,71,0,259,338,0,338,597
08/10/2007,GFK,ND,AGL,CE,Towers with Radar,9,36,6,2,53,0,36,14,2,52,9,72,20,4,105,136,0,136,241
08/11/2007,GFK,ND,AGL,CE,Towers with Radar,7,44,6,2,59,0,69,35,0,104,7,113,41,2,163,198,0,198,361
08/12/2007,GFK,ND,AGL,CE,Towers with Radar,5,6,3,0,14,0,1,15,0,16,5,7,18,0,30,0,0,0,30
08/13/2007,GFK,ND,AGL,CE,Towers with Radar,6,55,6,0,67,0,30,9,24,63,6,85,15,24,130,142,0,142,272
08/14/2007,GFK,ND,AGL,CE,Towers with Radar,10,58,15,2,85,0,107,19,1,127,10,165,34,3,212,321,0,321,533
08/15/2007,GFK,ND,AGL,CE,Towers with Radar,9,51,10,0,70,0,81,15,1,97,9,132,25,1,167,311,0,311,478
08/16/2007,GFK,ND,AGL,CE,Towers with Radar,10,40,19,0,69,0,36,25,0,61,10,76,44,0,130,92,0,92,222
08/17/2007,GFK,ND,AGL,CE,Towers with Radar,9,35,16,0,60,0,17,29,1,47,9,52,45,1,107,61,0,61,168
08/18/2007,GFK,ND,AGL,CE,Towers with Radar,7,21,14,2,44,0,26,15,16,57,7,47,29,18,101,84,0,84,185
08/19/2007,GFK,ND,AGL,CE,Towers with Radar,4,9,17,0,30,0,13,8,2,23,4,22,25,2,53,60,0,60,113
08/20/2007,GFK,ND,AGL,CE,Towers with Radar,9,53,19,0,81,0,13,8,0,21,9,66,27,0,102,110,0,110,212
08/21/2007,GFK,ND,AGL,CE,Towers with Radar,9,64,13,1,87,0,66,25,1,92,9,130,38,2,179,258,0,258,437
08/22/2007,GFK,ND,AGL,CE,Towers with Radar,12,52,22,1,87,0,114,20,0,134,12,166,42,1,221,262,0,262,483
08/23/2007,GFK,ND,AGL,CE,Towers with Radar,10,46,13,2,71,0,137,30,3,170,10,183,43,5,241,328,0,328,569
08/24/2007,GFK,ND,AGL,CE,Towers with Radar,8,62,11,0,81,0,201,28,1,230,8,263,39,1,311,536,0,536,847
08/25/2007,GFK,ND,AGL,CE,Towers with Radar,8,35,3,0,46,0,268,44,2,314,8,303,47,2,360,351,0,351,711
08/26/2007,GFK,ND,AGL,CE,Towers with Radar,5,13,6,3,27,0,42,12,0,54,5,55,18,3,81,213,0,213,294
08/27/2007,GFK,ND,AGL,CE,Towers with Radar,7,48,7,0,62,0,71,10,6,87,7,119,17,6,149,494,10,504,653
08/28/2007,GFK,ND,AGL,CE,Towers with Radar,10,74,21,1,106,0,229,30,3,262,10,303,51,4,368,547,0,547,915
08/29/2007,GFK,ND,AGL,CE,Towers with Radar,11,61,10,0,82,0,328,31,5,364,11,389,41,5,446,837,0,837,1283
08/30/2007,GFK,ND,AGL,CE,Towers with Radar,11,63,23,0,97,0,256,25,1,282,11,319,48,1,379,564,0,564,943
08/31/2007,GFK,ND,AGL,CE,Towers with Radar,10,124,14,5,153,0,170,30,2,202,10,294,44,7,355,637,0,637,992
09/01/2007,GFK,ND,AGL,CE,Towers with Radar,6,73,6,0,85,0,146,10,1,157,6,219,16,1,242,437,0,437,679
09/02/2007,GFK,ND,AGL,CE,Towers with Radar,4,20,1,0,25,0,102,16,0,118,4,122,17,0,143,262,0,262,405
09/03/2007,GFK,ND,AGL,CE,Towers with Radar,5,55,2,0,62,0,207,16,0,223,5,262,18,0,285,631,0,631,916
09/04/2007,GFK,ND,AGL,CE,Towers with Radar,7,86,19,0,112,0,238,37,0,275,7,324,56,0,387,663,0,663,1050
09/05/2007,GFK,ND,AGL,CE,Towers with Radar,11,78,25,3,117,0,274,17,0,291,11,352,42,3,408,761,0,761,1169
09/06/2007,GFK,ND,AGL,CE,Towers with Radar,9,86,16,0,111,0,214,34,2,250,9,300,50,2,361,813,0,813,1174
09/07/2007,GFK,ND,AGL,CE,Towers with Radar,11,114,15,0,140,0,171,15,0,186,11,285,30,0,326,515,0,515,841
09/08/2007,GFK,ND,AGL,CE,Towers with Radar,6,113,2,0,121,0,42,5,0,47,6,155,7,0,168,162,0,162,330
09/09/2007,GFK,ND,AGL,CE,Towers with Radar,6,28,2,0,36,0,122,24,0,146,6,150,26,0,182,327,0,327,509
09/10/2007,GFK,ND,AGL,CE,Towers with Radar,7,107,8,0,122,0,214,32,3,249,7,321,40,3,371,516,0,516,887
09/11/2007,GFK,ND,AGL,CE,Towers with Radar,10,100,13,0,123,0,164,30,0,194,10,264,43,0,317,624,0,624,941
09/12/2007,GFK,ND,AGL,CE,Towers with Radar,10,115,11,0,136,0,194,33,0,227,10,309,44,0,363,743,0,743,1106
09/13/2007,GFK,ND,AGL,CE,Towers with Radar,12,78,13,0,103,0,84,5,0,89,12,162,18,0,192,235,0,235,427
09/14/2007,GFK,ND,AGL,CE,Towers with Radar,9,114,17,0,140,0,338,37,0,375,9,452,54,0,515,1200,0,1200,1715
09/15/2007,GFK,ND,AGL,CE,Towers with Radar,6,103,8,0,117,0,251,14,3,268,6,354,22,3,385,725,0,725,1110
09/16/2007,GFK,ND,AGL,CE,Towers with Radar,5,28,8,2,43,0,122,28,4,154,5,150,36,6,197,412,0,412,609
09/17/2007,GFK,ND,AGL,CE,Towers with Radar,7,158,13,0,178,0,41,19,1,61,7,199,32,1,239,643,0,643,882
09/18/2007,GFK,ND,AGL,CE,Towers with Radar,9,126,29,0,164,0,66,15,0,81,9,192,44,0,245,1147,0,1147,1392
09/19/2007,GFK,ND,AGL,CE,Towers with Radar,10,131,34,0,175,0,322,37,3,362,10,453,71,3,537,1051,0,1051,1588
09/20/2007,GFK,ND,AGL,CE,Towers with Radar,9,126,50,0,185,0,40,10,0,50,9,166,60,0,235,140,0,140,375
09/21/2007,GFK,ND,AGL,CE,Towers with Radar,11,146,26,2,185,0,177,17,2,196,11,323,43,4,381,456,0,456,837
09/22/2007,GFK,ND,AGL,CE,Towers with Radar,6,106,16,4,132,0,284,19,3,306,6,390,35,7,438,865,0,865,1303
09/23/2007,GFK,ND,AGL,CE,Towers with Radar,8,44,8,0,60,0,71,12,0,83,8,115,20,0,143,204,0,204,347
09/24/2007,GFK,ND,AGL,CE,Towers with Radar,9,1,22,0,32,0,0,2,0,2,9,1,24,0,34,63,0,63,97
09/25/2007,GFK,ND,AGL,CE,Towers with Radar,10,157,17,0,184,0,178,39,0,217,10,335,56,0,401,1128,0,1128,1529
09/26/2007,GFK,ND,AGL,CE,Towers with Radar,9,113,8,1,131,0,166,26,1,193,9,279,34,2,324,694,0,694,1018
09/27/2007,GFK,ND,AGL,CE,Towers with Radar,8,163,6,0,177,0,275,36,0,311,8,438,42,0,488,621,0,621,1109
09/28/2007,GFK,ND,AGL,CE,Towers with Radar,9,150,4,2,165,0,211,41,0,252,9,361,45,2,417,791,0,791,1208
09/29/2007,GFK,ND,AGL,CE,Towers with Radar,6,59,7,0,72,11,69,17,1,98,17,128,24,1,170,242,23,265,435
09/30/2007,GFK,ND,AGL,CE,Towers with Radar,6,33,7,0,46,0,43,10,0,53,6,76,17,0,99,75,0,75,174
10/01/2007,GFK,ND,AGL,CE,Towers with Radar,7,162,12,0,181,0,233,22,2,257,7,395,34,2,438,981,0,981,1419
10/02/2007,GFK,ND,AGL,CE,Towers with Radar,12,139,14,0,165,0,196,43,0,239,12,335,57,0,404,777,0,777,1181
10/03/2007,GFK,ND,AGL,CE,Towers with Radar,10,122,11,0,143,0,258,29,0,287,10,380,40,0,430,956,0,956,1386
10/04/2007,GFK,ND,AGL,CE,Towers with Radar,11,125,13,0,149,0,282,31,1,314,11,407,44,1,463,1108,0,1108,1571
10/05/2007,GFK,ND,AGL,CE,Towers with Radar,9,145,4,0,158,0,87,4,2,93,9,232,8,2,251,265,4,269,520
10/06/2007,GFK,ND,AGL,CE,Towers with Radar,7,84,3,0,94,0,36,6,0,42,7,120,9,0,136,194,0,194,330
10/07/2007,GFK,ND,AGL,CE,Towers with Radar,6,19,5,0,30,0,0,6,1,7,6,19,11,1,37,101,0,101,138
10/08/2007,GFK,ND,AGL,CE,Towers with Radar,7,80,17,0,104,0,16,2,0,18,7,96,19,0,122,112,0,112,234
10/09/2007,GFK,ND,AGL,CE,Towers with Radar,10,78,16,0,104,0,47,11,0,58,10,125,27,0,162,328,0,328,490
10/10/2007,GFK,ND,AGL,CE,Towers with Radar,11,66,15,0,92,0,6,34,0,40,11,72,49,0,132,910,0,910,1042
10/11/2007,GFK,ND,AGL,CE,Towers with Radar,11,105,19,0,135,0,43,21,1,65,11,148,40,1,200,736,0,736,936
10/12/2007,GFK,ND,AGL,CE,Towers with Radar,10,175,21,1,207,0,247,41,1,289,10,422,62,2,496,846,0,846,1342
10/13/2007,GFK,ND,AGL,CE,Towers with Radar,7,99,4,0,110,0,191,24,0,215,7,290,28,0,325,428,0,428,753
10/14/2007,GFK,ND,AGL,CE,Towers with Radar,6,42,10,0,58,0,126,16,0,142,6,168,26,0,200,321,0,321,521
10/15/2007,GFK,ND,AGL,CE,Towers with Radar,7,124,27,0,158,0,261,6,3,270,7,385,33,3,428,626,0,626,1054
10/16/2007,GFK,ND,AGL,CE,Towers with Radar,10,145,17,0,172,0,32,0,0,32,10,177,17,0,204,83,0,83,287
10/17/2007,GFK,ND,AGL,CE,Towers with Radar,10,122,23,0,155,0,18,5,0,23,10,140,28,0,178,161,0,161,339
10/18/2007,GFK,ND,AGL,CE,Towers with Radar,11,75,10,0,96,0,14,0,0,14,11,89,10,0,110,2,0,2,112
10/19/2007,GFK,ND,AGL,CE,Towers with Radar,9,119,10,0,138,0,91,23,0,114,9,210,33,0,252,450,0,450,702
10/20/2007,GFK,ND,AGL,CE,Towers with Radar,6,105,8,0,119,0,299,19,0,318,6,404,27,0,437,515,0,515,952
10/21/2007,GFK,ND,AGL,CE,Towers with Radar,7,43,2,0,52,0,77,12,0,89,7,120,14,0,141,320,0,320,461
10/22/2007,GFK,ND,AGL,CE,Towers with Radar,7,97,14,0,118,0,285,44,2,331,7,382,58,2,449,749,0,749,1198
10/23/2007,GFK,ND,AGL,CE,Towers with Radar,11,88,17,2,118,0,121,18,0,139,11,209,35,2,257,192,0,192,449
10/24/2007,GFK,ND,AGL,CE,Towers with Radar,8,100,18,0,126,0,231,58,5,294,8,331,76,5,420,690,0,690,1110
10/25/2007,GFK,ND,AGL,CE,Towers with Radar,11,26,20,0,57,0,0,18,0,18,11,26,38,0,75,10,0,10,85
10/26/2007,GFK,ND,AGL,CE,Towers with Radar,10,120,11,1,142,0,196,36,1,233,10,316,47,2,375,700,0,700,1075
10/27/2007,GFK,ND,AGL,CE,Towers with Radar,6,29,8,0,43,0,44,22,0,66,6,73,30,0,109,160,0,160,269
10/28/2007,GFK,ND,AGL,CE,Towers with Radar,6,52,8,0,66,0,82,16,2,100,6,134,24,2,166,183,0,183,349
10/29/2007,GFK,ND,AGL,CE,Towers with Radar,8,145,12,0,165,0,252,44,3,299,8,397,56,3,464,732,0,732,1196
10/30/2007,GFK,ND,AGL,CE,Towers with Radar,9,107,24,4,144,0,228,31,2,261,9,335,55,6,405,637,0,637,1042
10/31/2007,GFK,ND,AGL,CE,Towers with Radar,12,97,8,0,117,0,104,11,0,115,12,201,19,0,232,226,0,226,458
11/01/2007,GFK,ND,AGL,CE,Towers with Radar,11,101,27,0,139,0,224,28,1,253,11,325,55,1,392,696,0,696,1088
11/02/2007,GFK,ND,AGL,CE,Towers with Radar,10,75,34,0,119,0,178,22,0,200,10,253,56,0,319,355,0,355,674
11/03/2007,GFK,ND,AGL,CE,Towers with Radar,5,71,10,0,86,0,209,49,0,258,5,280,59,0,344,636,0,636,980
11/04/2007,GFK,ND,AGL,CE,Towers with Radar,6,16,5,0,27,0,33,11,6,50,6,49,16,6,77,238,0,238,315
11/05/2007,GFK,ND,AGL,CE,Towers with Radar,8,45,6,0,59,0,46,10,0,56,8,91,16,0,115,86,0,86,201
11/06/2007,GFK,ND,AGL,CE,Towers with Radar,11,50,17,0,78,0,48,27,0,75,11,98,44,0,153,608,0,608,761
11/07/2007,GFK,ND,AGL,CE,Towers with Radar,8,119,22,0,149,0,169,24,0,193,8,288,46,0,342,662,0,662,1004
11/08/2007,GFK,ND,AGL,CE,Towers with Radar,12,72,15,0,99,0,191,36,0,227,12,263,51,0,326,732,0,732,1058
11/09/2007,GFK,ND,AGL,CE,Towers with Radar,10,25,8,0,43,0,15,7,0,22,10,40,15,0,65,94,0,94,159
11/10/2007,GFK,ND,AGL,CE,Towers with Radar,6,54,5,0,65,0,190,23,0,213,6,244,28,0,278,362,0,362,640
11/11/2007,GFK,ND,AGL,CE,Towers with Radar,5,34,7,0,46,0,60,8,0,68,5,94,15,0,114,140,0,140,254
11/12/2007,GFK,ND,AGL,CE,Towers with Radar,8,100,16,0,124,0,248,46,1,295,8,348,62,1,419,490,0,490,909
11/13/2007,GFK,ND,AGL,CE,Towers with Radar,0,12,8,0,20,0,38,8,0,46,0,50,16,0,66,186,0,186,252
11/14/2007,GFK,ND,AGL,CE,Towers with Radar,11,31,6,0,48,0,11,4,2,17,11,42,10,2,65,87,0,87,152
11/15/2007,GFK,ND,AGL,CE,Towers with Radar,13,114,35,0,162,0,280,27,1,308,13,394,62,1,470,807,0,807,1277
11/16/2007,GFK,ND,AGL,CE,Towers with Radar,10,125,8,0,143,0,278,37,0,315,10,403,45,0,458,735,0,735,1193
11/17/2007,GFK,ND,AGL,CE,Towers with Radar,5,31,4,0,40,0,114,28,1,143,5,145,32,1,183,567,0,567,750
11/18/2007,GFK,ND,AGL,CE,Towers with Radar,6,5,2,0,13,0,4,2,0,6,6,9,4,0,19,12,0,12,31
11/19/2007,GFK,ND,AGL,CE,Towers with Radar,8,96,18,0,122,0,226,35,4,265,8,322,53,4,387,530,0,530,917
11/20/2007,GFK,ND,AGL,CE,Towers with Radar,12,46,15,2,75,0,97,30,0,127,12,143,45,2,202,489,0,489,691
11/21/2007,GFK,ND,AGL,CE,Towers with Radar,10,33,11,0,54,0,7,4,0,11,10,40,15,0,65,158,0,158,223
11/22/2007,GFK,ND,AGL,CE,Towers with Radar,2,7,1,0,10,0,0,11,0,11,2,7,12,0,21,0,0,0,21
11/23/2007,GFK,ND,AGL,CE,Towers with Radar,12,36,4,0,52,0,29,6,0,35,12,65,10,0,87,24,0,24,111
11/24/2007,GFK,ND,AGL,CE,Towers with Radar,7,39,5,0,51,0,69,25,0,94,7,108,30,0,145,223,0,223,368
11/25/2007,GFK,ND,AGL,CE,Towers with Radar,5,33,7,1,46,0,65,7,1,73,5,98,14,2,119,137,0,137,256
11/26/2007,GFK,ND,AGL,CE,Towers with Radar,5,37,16,0,58,0,44,13,1,58,5,81,29,1,116,287,0,287,403
11/27/2007,GFK,ND,AGL,CE,Towers with Radar,10,74,13,0,97,0,204,41,0,245,10,278,54,0,342,479,0,479,821
11/28/2007,GFK,ND,AGL,CE,Towers with Radar,11,37,17,0,65,0,19,19,0,38,11,56,36,0,103,372,0,372,475
11/29/2007,GFK,ND,AGL,CE,Towers with Radar,11,107,19,0,137,0,257,39,0,296,11,364,58,0,433,561,0,561,994
11/30/2007,GFK,ND,AGL,CE,Towers with Radar,10,97,17,0,124,0,188,28,4,220,10,285,45,4,344,341,0,341,685
12/01/2007,GFK,ND,AGL,CE,Towers with Radar,5,10,0,0,15,0,0,0,0,0,5,10,0,0,15,0,0,0,15
12/02/2007,GFK,ND,AGL,CE,Towers with Radar,6,22,6,0,34,0,63,6,1,70,6,85,12,1,104,123,0,123,227
12/03/2007,GFK,ND,AGL,CE,Towers with Radar,7,107,18,0,132,0,244,26,0,270,7,351,44,0,402,692,0,692,1094
12/04/2007,GFK,ND,AGL,CE,Towers with Radar,10,23,8,0,41,0,0,0,0,0,10,23,8,0,41,0,0,0,41
12/05/2007,GFK,ND,AGL,CE,Towers with Radar,10,100,19,0,129,0,237,37,1,275,10,337,56,1,404,619,0,619,1023
12/06/2007,GFK,ND,AGL,CE,Towers with Radar,10,50,13,0,73,0,28,17,0,45,10,78,30,0,118,125,0,125,243
12/07/2007,GFK,ND,AGL,CE,Towers with Radar,11,106,9,0,126,0,233,43,0,276,11,339,52,0,402,544,0,544,946
12/08/2007,GFK,ND,AGL,CE,Towers with Radar,5,86,9,0,100,0,178,31,0,209,5,264,40,0,309,475,0,475,784
12/09/2007,GFK,ND,AGL,CE,Towers with Radar,7,26,7,0,40,0,157,19,0,176,7,183,26,0,216,356,0,356,572
12/10/2007,GFK,ND,AGL,CE,Towers with Radar,7,79,11,1,98,0,192,23,3,218,7,271,34,4,316,441,0,441,757
12/11/2007,GFK,ND,AGL,CE,Towers with Radar,10,72,18,0,100,0,160,34,1,195,10,232,52,1,295,443,0,443,738
12/12/2007,GFK,ND,AGL,CE,Towers with Radar,10,80,24,1,115,0,164,35,4,203,10,244,59,5,318,449,0,449,767
12/13/2007,GFK,ND,AGL,CE,Towers with Radar,12,37,10,0,59,0,12,8,0,20,12,49,18,0,79,67,0,67,146
12/14/2007,GFK,ND,AGL,CE,Towers with Radar,9,91,7,1,108,0,151,42,1,194,9,242,49,2,302,412,0,412,714
12/15/2007,GFK,ND,AGL,CE,Towers with Radar,5,20,3,0,28,0,15,15,0,30,5,35,18,0,58,209,0,209,267
12/16/2007,GFK,ND,AGL,CE,Towers with Radar,6,6,7,0,19,0,0,0,0,0,6,6,7,0,19,0,0,0,19
12/17/2007,GFK,ND,AGL,CE,Towers with Radar,7,55,18,0,80,0,171,32,5,208,7,226,50,5,288,266,0,266,554
12/18/2007,GFK,ND,AGL,CE,Towers with Radar,11,78,15,0,104,0,158,23,0,181,11,236,38,0,285,381,0,381,666
12/19/2007,GFK,ND,AGL,CE,Towers with Radar,10,60,21,0,91,0,40,13,0,53,10,100,34,0,144,161,0,161,305
12/20/2007,GFK,ND,AGL,CE,Towers with Radar,10,36,18,0,64,0,19,8,0,27,10,55,26,0,91,117,0,117,208
12/21/2007,GFK,ND,AGL,CE,Towers with Radar,0,0,0,0,0,0,0,0,0,0,0,0,0,0,0,0,0,0,0
12/22/2007,GFK,ND,AGL,CE,Towers with Radar,0,32,6,0,38,0,0,9,0,9,0,32,15,0,47,141,0,141,188
12/23/2007,GFK,ND,AGL,CE,Towers with Radar,7,5,4,0,16,0,0,0,0,0,7,5,4,0,16,0,0,0,16
12/24/2007,GFK,ND,AGL,CE,Towers with Radar,9,17,0,0,26,0,0,0,0,0,9,17,0,0,26,0,0,0,26
12/25/2007,GFK,ND,AGL,CE,Towers with Radar,4,9,1,0,14,0,0,4,0,4,4,9,5,0,18,0,0,0,18
12/26/2007,GFK,ND,AGL,CE,Towers with Radar,7,33,21,0,61,0,0,6,0,6,7,33,27,0,67,23,0,23,90
12/27/2007,GFK,ND,AGL,CE,Towers with Radar,10,27,19,0,56,0,0,2,0,2,10,27,21,0,58,142,0,142,200
12/28/2007,GFK,ND,AGL,CE,Towers with Radar,9,28,5,0,42,0,0,0,0,0,9,28,5,0,42,0,0,0,42
12/29/2007,GFK,ND,AGL,CE,Towers with Radar,8,14,10,0,32,0,0,4,0,4,8,14,14,0,36,0,0,0,36
12/30/2007,GFK,ND,AGL,CE,Towers with Radar,6,5,3,0,14,0,2,3,0,5,6,7,6,0,19,0,0,0,19
12/31/2007,GFK,ND,AGL,CE,Towers with Radar,7,26,4,1,38,0,20,13,0,33,7,46,17,1,71,124,0,124,195
01/01/2008,GFK,ND,AGL,CE,Towers with Radar,4,13,3,0,20,0,3,11,0,14,4,16,14,0,34,38,0,38,72
01/02/2008,GFK,ND,AGL,CE,Towers with Radar,10,48,9,0,67,0,52,21,3,76,10,100,30,3,143,202,0,202,345
01/03/2008,GFK,ND,AGL,CE,Towers with Radar,10,43,12,0,65,0,80,12,1,93,10,123,24,1,158,229,0,229,387
01/04/2008,GFK,ND,AGL,CE,Towers with Radar,10,46,12,0,68,0,88,32,0,120,10,134,44,0,188,299,0,299,487
01/05/2008,GFK,ND,AGL,CE,Towers with Radar,7,32,6,0,45,0,50,21,0,71,7,82,27,0,116,240,11,251,367
01/06/2008,GFK,ND,AGL,CE,Towers with Radar,7,20,7,0,34,0,40,12,1,53,7,60,19,1,87,155,0,155,242
01/07/2008,GFK,ND,AGL,CE,Towers with Radar,6,29,13,0,48,0,21,21,2,44,6,50,34,2,92,146,0,146,238
01/08/2008,GFK,ND,AGL,CE,Towers with Radar,9,42,24,0,75,0,35,11,0,46,9,77,35,0,121,98,0,98,219
01/09/2008,GFK,ND,AGL,CE,Towers with Radar,8,64,14,0,86,0,45,5,0,50,8,109,19,0,136,220,0,220,356
01/10/2008,GFK,ND,AGL,CE,Towers with Radar,8,28,12,2,50,0,0,0,0,0,8,28,12,2,50,0,0,0,50
01/11/2008,GFK,ND,AGL,CE,Towers with Radar,9,28,9,0,46,0,0,4,0,4,9,28,13,0,50,20,0,20,70
01/12/2008,GFK,ND,AGL,CE,Towers with Radar,5,55,24,0,84,0,222,19,0,241,5,277,43,0,325,720,0,720,1045
01/13/2008,GFK,ND,AGL,CE,Towers with Radar,5,15,6,0,26,0,23,8,0,31,5,38,14,0,57,136,0,136,193
01/14/2008,GFK,ND,AGL,CE,Towers with Radar,5,85,16,0,106,0,225,18,3,246,5,310,34,3,352,606,0,606,958
01/15/2008,GFK,ND,AGL,CE,Towers with Radar,9,61,15,0,85,0,134,9,0,143,9,195,24,0,228,339,0,339,567
01/16/2008,GFK,ND,AGL,CE,Towers with Radar,9,72,23,0,104,0,81,10,1,92,9,153,33,1,196,379,0,379,575
01/17/2008,GFK,ND,AGL,CE,Towers with Radar,6,57,23,0,86,0,188,22,0,210,6,245,45,0,296,576,0,576,872
01/18/2008,GFK,ND,AGL,CE,Towers with Radar,8,94,13,0,115,0,213,23,0,236,8,307,36,0,351,484,0,484,835
01/19/2008,GFK,ND,AGL,CE,Towers with Radar,5,67,7,0,79,0,195,12,0,207,5,262,19,0,286,639,0,639,925
01/20/2008,GFK,ND,AGL,CE,Towers with Radar,3,33,3,0,39,0,104,13,0,117,3,137,16,0,156,259,0,259,415
01/21/2008,GFK,ND,AGL,CE,Towers with Radar,5,61,9,0,75,0,298,25,0,323,5,359,34,0,398,740,0,740,1138
01/22/2008,GFK,ND,AGL,CE,Towers with Radar,8,58,11,0,77,0,147,30,4,181,8,205,41,4,258,575,0,575,833
01/23/2008,GFK,ND,AGL,CE,Towers with Radar,8,114,19,0,141,0,214,11,0,225,8,328,30,0,366,709,0,709,1075
01/24/2008,GFK,ND,AGL,CE,Towers with Radar,10,115,20,0,145,0,195,14,0,209,10,310,34,0,354,722,0,722,1076
01/25/2008,GFK,ND,AGL,CE,Towers with Radar,7,73,18,1,99,0,264,36,0,300,7,337,54,1,399,947,0,947,1346
01/26/2008,GFK,ND,AGL,CE,Towers with Radar,5,79,14,0,98,0,231,26,0,257,5,310,40,0,355,629,0,629,984
01/27/2008,GFK,ND,AGL,CE,Towers with Radar,3,41,6,0,50,0,97,15,5,117,3,138,21,5,167,348,10,358,525
01/28/2008,GFK,ND,AGL,CE,Towers with Radar,4,38,5,1,48,0,23,6,0,29,4,61,11,1,77,25,0,25,102
01/29/2008,GFK,ND,AGL,CE,Towers with Radar,5,34,5,0,44,0,0,0,0,0,5,34,5,0,44,0,0,0,44
01/30/2008,GFK,ND,AGL,CE,Towers with Radar,9,73,8,0,90,0,107,14,0,121,9,180,22,0,211,497,0,497,708
01/31/2008,GFK,ND,AGL,CE,Towers with Radar,8,99,15,0,122,0,215,24,2,241,8,314,39,2,363,713,0,713,1076
02/01/2008,GFK,ND,AGL,CE,Towers with Radar,7,110,14,1,132,0,215,17,3,235,7,325,31,4,367,758,0,758,1125
02/02/2008,GFK,ND,AGL,CE,Towers with Radar,5,99,21,0,125,0,210,36,0,246,5,309,57,0,371,772,0,772,1143
02/03/2008,GFK,ND,AGL,CE,Towers with Radar,3,8,6,1,18,0,6,11,1,18,3,14,17,2,36,235,0,235,271
02/04/2008,GFK,ND,AGL,CE,Towers with Radar,5,26,11,0,42,0,2,0,0,2,5,28,11,0,44,22,0,22,66
02/05/2008,GFK,ND,AGL,CE,Towers with Radar,8,88,27,0,123,0,180,21,0,201,8,268,48,0,324,699,0,699,1023
02/06/2008,GFK,ND,AGL,CE,Towers with Radar,8,110,18,0,136,0,266,25,1,292,8,376,43,1,428,715,0,715,1143
02/07/2008,GFK,ND,AGL,CE,Towers with Radar,7,117,23,0,147,0,241,37,3,281,7,358,60,3,428,880,0,880,1308
02/08/2008,GFK,ND,AGL,CE,Towers with Radar,7,28,18,0,53,0,4,7,0,11,7,32,25,0,64,180,0,180,244
02/09/2008,GFK,ND,AGL,CE,Towers with Radar,4,23,0,0,27,0,0,0,0,0,4,23,0,0,27,2,0,2,29
02/10/2008,GFK,ND,AGL,CE,Towers with Radar,3,26,0,0,29,0,32,2,0,34,3,58,2,0,63,111,0,111,174
02/11/2008,GFK,ND,AGL,CE,Towers with Radar,6,85,9,0,100,0,89,13,0,102,6,174,22,0,202,617,0,617,819
02/12/2008,GFK,ND,AGL,CE,Towers with Radar,9,59,12,0,80,0,86,18,0,104,9,145,30,0,184,477,0,477,661
02/13/2008,GFK,ND,AGL,CE,Towers with Radar,8,52,16,0,76,0,23,12,0,35,8,75,28,0,111,357,0,357,468
02/14/2008,GFK,ND,AGL,CE,Towers with Radar,8,121,18,0,147,0,157,15,0,172,8,278,33,0,319,486,0,486,805
02/15/2008,GFK,ND,AGL,CE,Towers with Radar,8,73,6,0,87,0,38,18,1,57,8,111,24,1,144,274,0,274,418
02/16/2008,GFK,ND,AGL,CE,Towers with Radar,1,3,0,0,4,4,114,22,0,140,5,117,22,0,144,389,0,389,533
02/17/2008,GFK,ND,AGL,CE,Towers with Radar,2,12,1,0,15,0,1,3,0,4,2,13,4,0,19,10,0,10,29
02/18/2008,GFK,ND,AGL,CE,Towers with Radar,6,164,13,0,183,0,143,16,0,159,6,307,29,0,342,566,0,566,908
02/19/2008,GFK,ND,AGL,CE,Towers with Radar,9,61,14,4,88,0,46,7,1,54,9,107,21,5,142,116,0,116,258
02/20/2008,GFK,ND,AGL,CE,Towers with Radar,9,106,14,0,129,0,119,13,0,132,9,225,27,0,261,291,0,291,552
02/21/2008,GFK,ND,AGL,CE,Towers with Radar,9,108,11,0,128,0,141,23,0,164,9,249,34,0,292,1016,0,1016,1308
02/22/2008,GFK,ND,AGL,CE,Towers with Radar,8,161,12,2,183,0,281,26,1,308,8,442,38,3,491,917,0,917,1408
02/23/2008,GFK,ND,AGL,CE,Towers with Radar,7,106,14,0,127,0,233,36,0,269,7,339,50,0,396,858,0,858,1254
02/24/2008,GFK,ND,AGL,CE,Towers with Radar,4,40,3,0,47,0,114,9,1,124,4,154,12,1,171,536,0,536,707
02/25/2008,GFK,ND,AGL,CE,Towers with Radar,6,117,24,0,147,0,184,30,2,216,6,301,54,2,363,600,0,600,963
02/26/2008,GFK,ND,AGL,CE,Towers with Radar,12,54,28,0,94,0,86,37,1,124,12,140,65,1,218,671,0,671,889
02/27/2008,GFK,ND,AGL,CE,Towers with Radar,8,141,23,0,172,0,247,29,0,276,8,388,52,0,448,946,0,946,1394
02/28/2008,GFK,ND,AGL,CE,Towers with Radar,6,33,21,0,60,0,0,4,0,4,6,33,25,0,64,61,0,61,125
02/29/2008,GFK,ND,AGL,CE,Towers with Radar,7,126,22,0,155,0,102,38,0,140,7,228,60,0,295,337,0,337,632
03/01/2008,GFK,ND,AGL,CE,Towers with Radar,7,61,3,0,71,0,103,23,0,126,7,164,26,0,197,407,0,407,604
03/02/2008,GFK,ND,AGL,CE,Towers with Radar,2,8,4,1,15,0,2,0,1,3,2,10,4,2,18,6,0,6,24
03/03/2008,GFK,ND,AGL,CE,Towers with Radar,6,106,29,0,141,0,139,28,1,168,6,245,57,1,309,401,0,401,710
03/04/2008,GFK,ND,AGL,CE,Towers with Radar,8,44,13,0,65,0,0,6,0,6,8,44,19,0,71,130,0,130,201
03/05/2008,GFK,ND,AGL,CE,Towers with Radar,10,90,18,0,118,0,151,26,0,177,10,241,44,0,295,587,0,587,882
03/06/2008,GFK,ND,AGL,CE,Towers with Radar,8,102,36,0,146,0,97,30,0,127,8,199,66,0,273,392,0,392,665
03/07/2008,GFK,ND,AGL,CE,Towers with Radar,6,66,11,0,83,0,125,26,0,151,6,191,37,0,234,423,0,423,657
03/08/2008,GFK,ND,AGL,CE,Towers with Radar,6,12,3,0,21,0,2,0,0,2,6,14,3,0,23,45,0,45,68
03/09/2008,GFK,ND,AGL,CE,Towers with Radar,3,25,11,0,39,0,42,19,2,63,3,67,30,2,102,183,0,183,285
03/10/2008,GFK,ND,AGL,CE,Towers with Radar,6,125,13,0,144,0,212,29,2,243,6,337,42,2,387,838,0,838,1225
03/11/2008,GFK,ND,AGL,CE,Towers with Radar,9,140,31,0,180,0,174,46,0,220,9,314,77,0,400,520,0,520,920
03/12/2008,GFK,ND,AGL,CE,Towers with Radar,8,96,24,0,128,0,153,23,2,178,8,249,47,2,306,684,0,684,990
03/13/2008,GFK,ND,AGL,CE,Towers with Radar,10,88,16,0,114,0,121,10,0,131,10,209,26,0,245,416,0,416,661
03/14/2008,GFK,ND,AGL,CE,Towers with Radar,10,38,8,6,62,0,46,25,2,73,10,84,33,8,135,620,0,620,755
03/15/2008,GFK,ND,AGL,CE,Towers with Radar,6,131,10,0,147,0,295,44,1,340,6,426,54,1,487,753,0,753,1240
03/16/2008,GFK,ND,AGL,CE,Towers with Radar,3,52,6,0,61,0,149,17,0,166,3,201,23,0,227,243,0,243,470
03/17/2008,GFK,ND,AGL,CE,Towers with Radar,4,32,5,0,41,0,37,6,0,43,4,69,11,0,84,185,0,185,269
03/18/2008,GFK,ND,AGL,CE,Towers with Radar,9,119,22,0,150,0,279,27,4,310,9,398,49,4,460,1015,0,1015,1475
03/19/2008,GFK,ND,AGL,CE,Towers with Radar,8,90,18,0,116,0,236,23,0,259,8,326,41,0,375,698,0,698,1073
03/20/2008,GFK,ND,AGL,CE,Towers with Radar,9,127,26,0,162,0,243,32,1,276,9,370,58,1,438,893,0,893,1331
03/21/2008,GFK,ND,AGL,CE,Towers with Radar,7,28,4,0,39,0,0,1,0,1,7,28,5,0,40,20,0,20,60
03/22/2008,GFK,ND,AGL,CE,Towers with Radar,5,13,1,0,19,0,1,3,0,4,5,14,4,0,23,12,0,12,35
03/23/2008,GFK,ND,AGL,CE,Towers with Radar,4,7,1,0,12,0,0,3,0,3,4,7,4,0,15,16,0,16,31
03/24/2008,GFK,ND,AGL,CE,Towers with Radar,6,106,26,0,138,0,99,11,4,114,6,205,37,4,252,353,0,353,605
03/25/2008,GFK,ND,AGL,CE,Towers with Radar,9,60,33,0,102,0,54,17,0,71,9,114,50,0,173,470,0,470,643
03/26/2008,GFK,ND,AGL,CE,Towers with Radar,9,97,20,0,126,0,136,28,0,164,9,233,48,0,290,653,0,653,943
03/27/2008,GFK,ND,AGL,CE,Towers with Radar,10,90,22,0,122,0,288,42,0,330,10,378,64,0,452,827,0,827,1279
03/28/2008,GFK,ND,AGL,CE,Towers with Radar,8,96,22,0,126,0,270,42,0,312,8,366,64,0,438,880,0,880,1318
03/29/2008,GFK,ND,AGL,CE,Towers with Radar,5,28,11,0,44,0,114,10,0,124,5,142,21,0,168,174,0,174,342
03/30/2008,GFK,ND,AGL,CE,Towers with Radar,4,12,3,0,19,0,4,9,0,13,4,16,12,0,32,41,0,41,73
03/31/2008,GFK,ND,AGL,CE,Towers with Radar,4,113,14,1,132,0,207,22,1,230,4,320,36,2,362,957,0,957,1319
04/01/2008,GFK,ND,AGL,CE,Towers with Radar,9,68,13,0,90,0,201,23,0,224,9,269,36,0,314,826,0,826,1140
04/02/2008,GFK,ND,AGL,CE,Towers with Radar,7,101,7,2,117,0,237,23,0,260,7,338,30,2,377,973,0,973,1350
04/03/2008,GFK,ND,AGL,CE,Towers with Radar,9,107,19,0,135,0,280,47,5,332,9,387,66,5,467,895,0,895,1362
04/04/2008,GFK,ND,AGL,CE,Towers with Radar,11,90,29,0,130,0,176,12,0,188,11,266,41,0,318,658,0,658,976
04/05/2008,GFK,ND,AGL,CE,Towers with Radar,5,36,6,0,47,0,132,18,0,150,5,168,24,0,197,886,0,886,1083
04/06/2008,GFK,ND,AGL,CE,Towers with Radar,5,24,13,0,42,0,26,4,0,30,5,50,17,0,72,151,0,151,223
04/07/2008,GFK,ND,AGL,CE,Towers with Radar,0,0,0,0,0,6,332,33,0,371,6,332,33,0,371,1071,0,1071,1442
04/08/2008,GFK,ND,AGL,CE,Towers with Radar,12,95,27,0,134,0,225,12,1,238,12,320,39,1,372,1405,0,1405,1777
04/09/2008,GFK,ND,AGL,CE,Towers with Radar,10,77,11,0,98,0,96,11,3,110,10,173,22,3,208,509,0,509,717
04/10/2008,GFK,ND,AGL,CE,Towers with Radar,9,67,16,0,92,0,147,13,0,160,9,214,29,0,252,538,0,538,790
04/11/2008,GFK,ND,AGL,CE,Towers with Radar,9,28,9,0,46,0,3,1,0,4,9,31,10,0,50,0,0,0,50
04/12/2008,GFK,ND,AGL,CE,Towers with Radar,5,78,6,0,89,0,206,30,0,236,5,284,36,0,325,980,0,980,1305
04/13/2008,GFK,ND,AGL,CE,Towers with Radar,6,23,15,0,44,0,102,18,1,121,6,125,33,1,165,432,0,432,597
04/14/2008,GFK,ND,AGL,CE,Towers with Radar,8,70,9,0,87,0,145,14,2,161,8,215,23,2,248,690,0,690,938
04/15/2008,GFK,ND,AGL,CE,Towers with Radar,13,62,12,0,87,0,61,11,0,72,13,123,23,0,159,225,0,225,384
04/16/2008,GFK,ND,AGL,CE,Towers with Radar,10,79,11,0,100,0,195,31,0,226,10,274,42,0,326,840,0,840,1166
04/17/2008,GFK,ND,AGL,CE,Towers with Radar,10,72,9,0,91,0,266,28,3,297,10,338,37,3,388,1058,0,1058,1446
04/18/2008,GFK,ND,AGL,CE,Towers with Radar,11,85,9,0,105,0,264,42,2,308,11,349,51,2,413,933,0,933,1346
04/19/2008,GFK,ND,AGL,CE,Towers with Radar,6,48,6,0,60,0,244,32,2,278,6,292,38,2,338,801,0,801,1139
04/20/2008,GFK,ND,AGL,CE,Towers with Radar,7,15,8,0,30,0,10,4,0,14,7,25,12,0,44,203,0,203,247
04/21/2008,GFK,ND,AGL,CE,Towers with Radar,7,40,12,0,59,0,53,5,0,58,7,93,17,0,117,239,0,239,356
04/22/2008,GFK,ND,AGL,CE,Towers with Radar,11,107,13,0,131,0,226,28,0,254,11,333,41,0,385,1252,0,1252,1637
04/23/2008,GFK,ND,AGL,CE,Towers with Radar,10,76,26,0,112,0,225,22,2,249,10,301,48,2,361,989,0,989,1350
04/24/2008,GFK,ND,AGL,CE,Towers with Radar,10,41,22,4,77,0,4,3,0,7,10,45,25,4,84,90,0,90,174
04/25/2008,GFK,ND,AGL,CE,Towers with Radar,9,28,14,0,51,0,10,3,0,13,9,38,17,0,64,139,0,139,203
04/26/2008,GFK,ND,AGL,CE,Towers with Radar,6,24,6,0,36,0,37,3,0,40,6,61,9,0,76,104,0,104,180
04/27/2008,GFK,ND,AGL,CE,Towers with Radar,6,39,18,5,68,0,228,32,2,262,6,267,50,7,330,543,6,549,879
04/28/2008,GFK,ND,AGL,CE,Towers with Radar,7,99,21,0,127,0,367,32,6,405,7,466,53,6,532,1252,0,1252,1784
04/29/2008,GFK,ND,AGL,CE,Towers with Radar,11,103,12,2,128,0,222,30,0,252,11,325,42,2,380,858,0,858,1238
04/30/2008,GFK,ND,AGL,CE,Towers with Radar,10,107,21,0,138,0,149,16,0,165,10,256,37,0,303,601,0,601,904
05/01/2008,GFK,ND,AGL,CE,Towers with Radar,8,76,11,2,97,0,85,9,0,94,8,161,20,2,191,221,0,221,412
05/02/2008,GFK,ND,AGL,CE,Towers with Radar,10,43,14,0,67,0,19,16,0,35,10,62,30,0,102,145,0,145,247
05/03/2008,GFK,ND,AGL,CE,Towers with Radar,9,76,3,0,88,0,193,19,3,215,9,269,22,3,303,569,12,581,884
05/04/2008,GFK,ND,AGL,CE,Towers with Radar,2,34,4,0,40,0,111,9,0,120,2,145,13,0,160,407,0,407,567
05/05/2008,GFK,ND,AGL,CE,Towers with Radar,7,84,11,0,102,0,254,28,0,282,7,338,39,0,384,1194,0,1194,1578
05/06/2008,GFK,ND,AGL,CE,Towers with Radar,10,116,8,0,134,0,166,37,0,203,10,282,45,0,337,794,0,794,1131
05/07/2008,GFK,ND,AGL,CE,Towers with Radar,10,93,16,0,119,0,213,24,0,237,10,306,40,0,356,904,0,904,1260
05/08/2008,GFK,ND,AGL,CE,Towers with Radar,0,0,0,0,0,10,285,43,0,338,10,285,43,0,338,898,0,898,1236
05/09/2008,GFK,ND,AGL,CE,Towers with Radar,11,106,13,0,130,0,181,21,1,203,11,287,34,1,333,725,0,725,1058
05/10/2008,GFK,ND,AGL,CE,Towers with Radar,7,22,8,0,37,0,46,8,1,55,7,68,16,1,92,198,0,198,290
05/11/2008,GFK,ND,AGL,CE,Towers with Radar,5,39,3,0,47,0,106,19,0,125,5,145,22,0,172,474,0,474,646
05/12/2008,GFK,ND,AGL,CE,Towers with Radar,8,71,15,1,95,0,70,11,0,81,8,141,26,1,176,403,0,403,579
05/13/2008,GFK,ND,AGL,CE,Towers with Radar,11,98,19,0,128,0,35,11,0,46,11,133,30,0,174,240,0,240,414
05/14/2008,GFK,ND,AGL,CE,Towers with Radar,10,98,13,0,121,0,202,43,0,245,10,300,56,0,366,730,18,748,1114
05/15/2008,GFK,ND,AGL,CE,Towers with Radar,11,90,23,0,124,0,241,31,15,287,11,331,54,15,411,855,0,855,1266
05/16/2008,GFK,ND,AGL,CE,Towers with Radar,9,91,14,0,114,0,124,25,0,149,9,215,39,0,263,306,0,306,569
05/17/2008,GFK,ND,AGL,CE,Towers with Radar,8,31,5,0,44,0,34,13,1,48,8,65,18,1,92,116,0,116,208
05/18/2008,GFK,ND,AGL,CE,Towers with Radar,6,35,4,0,45,0,125,36,3,164,6,160,40,3,209,416,0,416,625
05/19/2008,GFK,ND,AGL,CE,Towers with Radar,6,114,14,1,135,0,130,17,10,157,6,244,31,11,292,545,0,545,837
05/20/2008,GFK,ND,AGL,CE,Towers with Radar,11,110,22,0,143,0,138,20,10,168,11,248,42,10,311,403,0,403,714
05/21/2008,GFK,ND,AGL,CE,Towers with Radar,10,118,12,0,140,0,176,23,4,203,10,294,35,4,343,799,0,799,1142
05/22/2008,GFK,ND,AGL,CE,Towers with Radar,0,0,0,0,0,10,276,50,5,341,10,276,50,5,341,416,0,416,757
05/23/2008,GFK,ND,AGL,CE,Towers with Radar,10,91,15,0,116,0,117,16,1,134,10,208,31,1,250,371,0,371,621
05/24/2008,GFK,ND,AGL,CE,Towers with Radar,7,51,7,0,65,0,26,6,0,32,7,77,13,0,97,133,0,133,230
05/25/2008,GFK,ND,AGL,CE,Towers with Radar,5,24,4,2,35,0,41,5,0,46,5,65,9,2,81,109,0,109,190
05/26/2008,GFK,ND,AGL,CE,Towers with Radar,5,65,7,0,77,0,21,1,0,22,5,86,8,0,99,128,0,128,227
05/27/2008,GFK,ND,AGL,CE,Towers with Radar,8,111,21,0,140,0,239,30,2,271,8,350,51,2,411,635,14,649,1060
05/28/2008,GFK,ND,AGL,CE,Towers with Radar,13,126,14,0,153,0,205,26,3,234,13,331,40,3,387,640,0,640,1027
05/29/2008,GFK,ND,AGL,CE,Towers with Radar,1,8,2,0,11,9,98,29,0,136,10,106,31,0,147,152,0,152,299
05/30/2008,GFK,ND,AGL,CE,Towers with Radar,10,129,13,0,152,0,43,9,0,52,10,172,22,0,204,179,0,179,383
05/31/2008,GFK,ND,AGL,CE,Towers with Radar,10,103,10,0,123,0,118,9,6,133,10,221,19,6,256,346,0,346,602
06/01/2008,GFK,ND,AGL,CE,Towers with Radar,6,65,2,0,73,0,73,10,1,84,6,138,12,1,157,120,0,120,277
06/02/2008,GFK,ND,AGL,CE,Towers with Radar,6,134,18,0,158,0,135,26,0,161,6,269,44,0,319,368,0,368,687
06/03/2008,GFK,ND,AGL,CE,Towers with Radar,11,86,12,0,109,0,20,4,0,24,11,106,16,0,133,95,0,95,228
06/04/2008,GFK,ND,AGL,CE,Towers with Radar,10,156,15,0,181,0,55,8,1,64,10,211,23,1,245,286,0,286,531
06/05/2008,GFK,ND,AGL,CE,Towers with Radar,10,129,14,0,153,0,23,2,0,25,10,152,16,0,178,123,0,123,301
06/06/2008,GFK,ND,AGL,CE,Towers with Radar,14,65,7,0,86,0,5,3,0,8,14,70,10,0,94,18,0,18,112
06/07/2008,GFK,ND,AGL,CE,Towers with Radar,7,112,10,0,129,0,221,22,3,246,7,333,32,3,375,385,0,385,760
06/08/2008,GFK,ND,AGL,CE,Towers with Radar,6,46,8,0,60,0,85,21,0,106,6,131,29,0,166,206,0,206,372
06/09/2008,GFK,ND,AGL,CE,Towers with Radar,7,53,13,0,73,0,4,8,0,12,7,57,21,0,85,4,0,4,89
06/10/2008,GFK,ND,AGL,CE,Towers with Radar,10,170,23,0,203,0,75,34,1,110,10,245,57,1,313,808,0,808,1121
06/11/2008,GFK,ND,AGL,CE,Towers with Radar,10,34,11,0,55,0,17,7,0,24,10,51,18,0,79,58,0,58,137
06/12/2008,GFK,ND,AGL,CE,Towers with Radar,12,115,22,0,149,0,191,40,2,233,12,306,62,2,382,481,0,481,863
06/13/2008,GFK,ND,AGL,CE,Towers with Radar,9,70,10,0,89,0,85,17,0,102,9,155,27,0,191,278,0,278,469
06/14/2008,GFK,ND,AGL,CE,Towers with Radar,8,85,2,0,95,0,173,27,0,200,8,258,29,0,295,221,0,221,516
06/15/2008,GFK,ND,AGL,CE,Towers with Radar,6,37,14,0,57,0,32,11,0,43,6,69,25,0,100,330,0,330,430
06/16/2008,GFK,ND,AGL,CE,Towers with Radar,8,167,14,0,189,0,319,31,4,354,8,486,45,4,543,814,0,814,1357
06/17/2008,GFK,ND,AGL,CE,Towers with Radar,11,136,11,0,158,0,340,42,0,382,11,476,53,0,540,837,0,837,1377
06/18/2008,GFK,ND,AGL,CE,Towers with Radar,11,97,10,2,120,0,231,34,0,265,11,328,44,2,385,683,0,683,1068
06/19/2008,GFK,ND,AGL,CE,Towers with Radar,0,0,0,0,0,11,427,60,0,498,11,427,60,0,498,368,0,368,866
06/20/2008,GFK,ND,AGL,CE,Towers with Radar,10,95,9,0,114,0,164,18,0,182,10,259,27,0,296,231,0,231,527
06/21/2008,GFK,ND,AGL,CE,Towers with Radar,9,74,3,0,86,0,109,18,0,127,9,183,21,0,213,257,0,257,470
06/22/2008,GFK,ND,AGL,CE,Towers with Radar,6,37,4,0,47,0,89,24,2,115,6,126,28,2,162,145,0,145,307
06/23/2008,GFK,ND,AGL,CE,Towers with Radar,7,97,15,0,119,0,178,29,2,209,7,275,44,2,328,662,0,662,990
06/24/2008,GFK,ND,AGL,CE,Towers with Radar,10,75,16,3,104,0,247,36,1,284,10,322,52,4,388,599,0,599,987
06/25/2008,GFK,ND,AGL,CE,Towers with Radar,10,67,12,0,89,0,182,40,0,222,10,249,52,0,311,419,0,419,730
06/26/2008,GFK,ND,AGL,CE,Towers with Radar,0,0,0,0,0,10,245,45,0,300,10,245,45,0,300,559,0,559,859
06/27/2008,GFK,ND,AGL,CE,Towers with Radar,0,0,0,0,0,9,248,46,3,306,9,248,46,3,306,442,0,442,748
06/28/2008,GFK,ND,AGL,CE,Towers with Radar,8,28,2,2,40,0,3,0,0,3,8,31,2,2,43,9,0,9,52
06/29/2008,GFK,ND,AGL,CE,Towers with Radar,6,40,15,2,63,0,84,22,1,107,6,124,37,3,170,181,0,181,351
06/30/2008,GFK,ND,AGL,CE,Towers with Radar,8,84,11,0,103,0,232,50,4,286,8,316,61,4,389,512,0,512,901
07/01/2008,GFK,ND,AGL,CE,Towers with Radar,10,86,23,0,119,0,176,49,0,225,10,262,72,0,344,555,0,555,899
07/02/2008,GFK,ND,AGL,CE,Towers with Radar,10,100,22,2,134,0,163,23,1,187,10,263,45,3,321,340,0,340,661
07/03/2008,GFK,ND,AGL,CE,Towers with Radar,10,77,16,0,103,2,188,26,0,216,12,265,42,0,319,452,0,452,771
07/04/2008,GFK,ND,AGL,CE,Towers with Radar,3,6,7,0,16,0,1,5,0,6,3,7,12,0,22,8,0,8,30
07/05/2008,GFK,ND,AGL,CE,Towers with Radar,7,40,4,0,51,0,67,6,0,73,7,107,10,0,124,169,0,169,293
07/06/2008,GFK,ND,AGL,CE,Towers with Radar,6,28,6,0,40,0,72,25,0,97,6,100,31,0,137,201,0,201,338
07/07/2008,GFK,ND,AGL,CE,Towers with Radar,7,45,12,0,64,8,11,4,0,23,15,56,16,0,87,36,0,36,123
07/08/2008,GFK,ND,AGL,CE,Towers with Radar,12,95,23,0,130,0,123,19,0,142,12,218,42,0,272,343,0,343,615
07/09/2008,GFK,ND,AGL,CE,Towers with Radar,11,82,25,0,118,0,184,25,0,209,11,266,50,0,327,399,0,399,726
07/10/2008,GFK,ND,AGL,CE,Towers with Radar,10,85,14,0,109,0,129,30,1,160,10,214,44,1,269,242,0,242,511
07/11/2008,GFK,ND,AGL,CE,Towers with Radar,13,56,16,0,85,0,49,16,0,65,13,105,32,0,150,119,0,119,269
07/12/2008,GFK,ND,AGL,CE,Towers with Radar,11,16,11,0,38,0,16,5,0,21,11,32,16,0,59,17,0,17,76
07/13/2008,GFK,ND,AGL,CE,Towers with Radar,7,52,12,0,71,0,101,19,1,121,7,153,31,1,192,117,0,117,309
07/14/2008,GFK,ND,AGL,CE,Towers with Radar,7,89,14,0,110,0,224,50,1,275,7,313,64,1,385,463,0,463,848
07/15/2008,GFK,ND,AGL,CE,Towers with Radar,10,111,19,0,140,0,192,53,2,247,10,303,72,2,387,287,0,287,674
07/16/2008,GFK,ND,AGL,CE,Towers with Radar,10,78,17,0,105,0,199,57,0,256,10,277,74,0,361,405,0,405,766
07/17/2008,GFK,ND,AGL,CE,Towers with Radar,11,149,29,0,189,0,86,31,1,118,11,235,60,1,307,194,0,194,501
07/18/2008,GFK,ND,AGL,CE,Towers with Radar,9,69,24,0,102,0,233,50,0,283,9,302,74,0,385,501,0,501,886
07/19/2008,GFK,ND,AGL,CE,Towers with Radar,15,46,18,0,79,0,86,15,2,103,15,132,33,2,182,327,0,327,509
07/20/2008,GFK,ND,AGL,CE,Towers with Radar,6,30,20,0,56,0,67,17,0,84,6,97,37,0,140,123,0,123,263
07/21/2008,GFK,ND,AGL,CE,Towers with Radar,8,75,24,0,107,0,247,40,0,287,8,322,64,0,394,440,0,440,834
07/22/2008,GFK,ND,AGL,CE,Towers with Radar,11,83,14,0,108,0,219,40,2,261,11,302,54,2,369,401,0,401,770
07/23/2008,GFK,ND,AGL,CE,Towers with Radar,11,40,17,4,72,0,62,14,0,76,11,102,31,4,148,293,0,293,441
07/24/2008,GFK,ND,AGL,CE,Towers with Radar,9,74,21,0,104,0,183,43,5,231,9,257,64,5,335,651,0,651,986
07/25/2008,GFK,ND,AGL,CE,Towers with Radar,11,83,8,0,102,0,191,42,3,236,11,274,50,3,338,380,7,387,725
07/26/2008,GFK,ND,AGL,CE,Towers with Radar,9,37,12,0,58,0,190,36,0,226,9,227,48,0,284,232,0,232,516
07/27/2008,GFK,ND,AGL,CE,Towers with Radar,6,42,5,0,53,0,83,19,0,102,6,125,24,0,155,54,0,54,209
07/28/2008,GFK,ND,AGL,CE,Towers with Radar,8,49,7,2,66,0,72,40,4,116,8,121,47,6,182,314,4,318,500
07/29/2008,GFK,ND,AGL,CE,Towers with Radar,11,106,19,0,136,0,140,44,0,184,11,246,63,0,320,389,0,389,709
07/30/2008,GFK,ND,AGL,CE,Towers with Radar,8,84,12,0,104,0,234,49,4,287,8,318,61,4,391,623,0,623,1014
07/31/2008,GFK,ND,AGL,CE,Towers with Radar,10,71,18,0,99,1,176,54,0,231,11,247,72,0,330,502,0,502,832
08/01/2008,GFK,ND,AGL,CE,Towers with Radar,10,56,17,0,83,0,145,50,0,195,10,201,67,0,278,476,0,476,754
08/02/2008,GFK,ND,AGL,CE,Towers with Radar,7,32,4,0,43,0,44,20,6,70,7,76,24,6,113,181,0,181,294
08/03/2008,GFK,ND,AGL,CE,Towers with Radar,7,18,5,0,30,0,33,12,0,45,7,51,17,0,75,57,0,57,132
08/04/2008,GFK,ND,AGL,CE,Towers with Radar,5,59,16,0,80,0,116,45,0,161,5,175,61,0,241,274,0,274,515
08/05/2008,GFK,ND,AGL,CE,Towers with Radar,13,73,8,4,98,0,191,38,3,232,13,264,46,7,330,272,0,272,602
08/06/2008,GFK,ND,AGL,CE,Towers with Radar,11,61,8,0,80,0,160,23,1,184,11,221,31,1,264,243,0,243,507
08/07/2008,GFK,ND,AGL,CE,Towers with Radar,10,61,15,0,86,0,185,30,0,215,10,246,45,0,301,273,0,273,574
08/08/2008,GFK,ND,AGL,CE,Towers with Radar,10,46,10,0,66,0,81,17,0,98,10,127,27,0,164,164,0,164,328
08/09/2008,GFK,ND,AGL,CE,Towers with Radar,8,22,11,0,41,0,129,40,0,169,8,151,51,0,210,171,0,171,381
08/10/2008,GFK,ND,AGL,CE,Towers with Radar,8,17,13,0,38,0,45,21,0,66,8,62,34,0,104,95,0,95,199
08/11/2008,GFK,ND,AGL,CE,Towers with Radar,6,46,14,0,66,0,1,0,0,1,6,47,14,0,67,12,0,12,79
08/12/2008,GFK,ND,AGL,CE,Towers with Radar,10,86,12,0,108,0,129,36,0,165,10,215,48,0,273,308,0,308,581
08/13/2008,GFK,ND,AGL,CE,Towers with Radar,10,64,17,0,91,0,127,44,0,171,10,191,61,0,262,272,0,272,534
08/14/2008,GFK,ND,AGL,CE,Towers with Radar,11,55,13,0,79,0,94,20,2,116,11,149,33,2,195,184,0,184,379
08/15/2008,GFK,ND,AGL,CE,Towers with Radar,9,55,12,1,77,0,164,38,0,202,9,219,50,1,279,290,0,290,569
08/16/2008,GFK,ND,AGL,CE,Towers with Radar,10,46,3,0,59,0,114,16,0,130,10,160,19,0,189,144,0,144,333
08/17/2008,GFK,ND,AGL,CE,Towers with Radar,7,10,8,0,25,0,52,19,4,75,7,62,27,4,100,46,0,46,146
08/18/2008,GFK,ND,AGL,CE,Towers with Radar,7,51,12,0,70,0,145,28,1,174,7,196,40,1,244,236,0,236,480
08/19/2008,GFK,ND,AGL,CE,Towers with Radar,10,56,19,0,85,0,161,31,0,192,10,217,50,0,277,230,0,230,507
08/20/2008,GFK,ND,AGL,CE,Towers with Radar,11,46,14,0,71,0,93,13,1,107,11,139,27,1,178,159,0,159,337
08/21/2008,GFK,ND,AGL,CE,Towers with Radar,11,34,6,0,51,0,10,8,0,18,11,44,14,0,69,28,0,28,97
08/22/2008,GFK,ND,AGL,CE,Towers with Radar,10,33,8,0,51,0,22,12,0,34,10,55,20,0,85,85,0,85,170
08/23/2008,GFK,ND,AGL,CE,Towers with Radar,6,31,5,0,42,0,43,19,0,62,6,74,24,0,104,114,0,114,218
08/24/2008,GFK,ND,AGL,CE,Towers with Radar,7,8,10,0,25,0,113,28,0,141,7,121,38,0,166,190,0,190,356
08/25/2008,GFK,ND,AGL,CE,Towers with Radar,8,41,11,0,60,0,127,15,0,142,8,168,26,0,202,277,0,277,479
08/26/2008,GFK,ND,AGL,CE,Towers with Radar,10,36,17,0,63,0,30,14,0,44,10,66,31,0,107,52,0,52,159
08/27/2008,GFK,ND,AGL,CE,Towers with Radar,10,82,10,0,102,0,186,27,0,213,10,268,37,0,315,284,0,284,599
08/28/2008,GFK,ND,AGL,CE,Towers with Radar,11,80,14,0,105,0,197,43,2,242,11,277,57,2,347,309,0,309,656
08/29/2008,GFK,ND,AGL,CE,Towers with Radar,10,55,12,0,77,0,234,29,2,265,10,289,41,2,342,353,0,353,695
08/30/2008,GFK,ND,AGL,CE,Towers with Radar,5,31,6,0,42,0,146,17,0,163,5,177,23,0,205,200,0,200,405
08/31/2008,GFK,ND,AGL,CE,Towers with Radar,6,9,5,0,20,0,21,14,0,35,6,30,19,0,55,40,0,40,95
09/01/2008,GFK,ND,AGL,CE,Towers with Radar,7,41,3,0,51,0,110,18,0,128,7,151,21,0,179,88,0,88,267
09/02/2008,GFK,ND,AGL,CE,Towers with Radar,7,88,22,0,117,0,51,13,0,64,7,139,35,0,181,188,0,188,369
09/03/2008,GFK,ND,AGL,CE,Towers with Radar,11,76,18,0,105,0,371,38,0,409,11,447,56,0,514,403,0,403,917
09/04/2008,GFK,ND,AGL,CE,Towers with Radar,11,108,9,0,128,0,245,21,0,266,11,353,30,0,394,318,0,318,712
09/05/2008,GFK,ND,AGL,CE,Towers with Radar,9,108,17,0,134,0,77,18,0,95,9,185,35,0,229,345,0,345,574
09/06/2008,GFK,ND,AGL,CE,Towers with Radar,5,66,10,0,81,0,298,25,1,324,5,364,35,1,405,315,0,315,720
09/07/2008,GFK,ND,AGL,CE,Towers with Radar,6,50,5,0,61,0,147,17,0,164,6,197,22,0,225,119,0,119,344
09/08/2008,GFK,ND,AGL,CE,Towers with Radar,7,110,16,0,133,0,354,31,0,385,7,464,47,0,518,463,0,463,981
09/09/2008,GFK,ND,AGL,CE,Towers with Radar,11,96,12,0,119,0,309,27,0,336,11,405,39,0,455,346,0,346,801
09/10/2008,GFK,ND,AGL,CE,Towers with Radar,11,109,13,0,133,0,209,23,0,232,11,318,36,0,365,301,0,301,666
09/11/2008,GFK,ND,AGL,CE,Towers with Radar,11,128,22,0,161,0,76,25,1,102,11,204,47,1,263,370,0,370,633
09/12/2008,GFK,ND,AGL,CE,Towers with Radar,12,97,18,0,127,0,390,47,0,437,12,487,65,0,564,333,0,333,897
09/13/2008,GFK,ND,AGL,CE,Towers with Radar,6,74,4,0,84,0,115,23,4,142,6,189,27,4,226,389,0,389,615
09/14/2008,GFK,ND,AGL,CE,Towers with Radar,6,18,8,0,32,0,23,13,0,36,6,41,21,0,68,35,0,35,103
09/15/2008,GFK,ND,AGL,CE,Towers with Radar,7,92,11,3,113,0,371,30,4,405,7,463,41,7,518,394,0,394,912
09/16/2008,GFK,ND,AGL,CE,Towers with Radar,11,91,18,8,128,0,353,27,1,381,11,444,45,9,509,303,0,303,812
09/17/2008,GFK,ND,AGL,CE,Towers with Radar,13,118,21,2,154,0,359,36,4,399,13,477,57,6,553,456,6,462,1015
09/18/2008,GFK,ND,AGL,CE,Towers with Radar,12,72,9,2,95,0,167,34,4,205,12,239,43,6,300,198,0,198,498
09/19/2008,GFK,ND,AGL,CE,Towers with Radar,11,140,10,0,161,0,350,32,0,382,11,490,42,0,543,386,0,386,929
09/20/2008,GFK,ND,AGL,CE,Towers with Radar,6,78,3,2,89,0,297,26,2,325,6,375,29,4,414,410,0,410,824
09/21/2008,GFK,ND,AGL,CE,Towers with Radar,7,27,15,2,51,0,84,23,1,108,7,111,38,3,159,87,0,87,246
09/22/2008,GFK,ND,AGL,CE,Towers with Radar,7,109,10,3,129,0,69,23,0,92,7,178,33,3,221,267,0,267,488
09/23/2008,GFK,ND,AGL,CE,Towers with Radar,15,96,9,1,121,0,78,21,0,99,15,174,30,1,220,332,0,332,552
09/24/2008,GFK,ND,AGL,CE,Towers with Radar,11,112,12,2,137,0,302,26,1,329,11,414,38,3,466,402,1,403,869
09/25/2008,GFK,ND,AGL,CE,Towers with Radar,11,82,14,0,107,0,246,13,0,259,11,328,27,0,366,473,0,473,839
09/26/2008,GFK,ND,AGL,CE,Towers with Radar,12,164,10,0,186,0,29,5,0,34,12,193,15,0,220,212,0,212,432
09/27/2008,GFK,ND,AGL,CE,Towers with Radar,6,110,6,0,122,0,297,25,0,322,6,407,31,0,444,439,0,439,883
09/28/2008,GFK,ND,AGL,CE,Towers with Radar,7,45,4,0,56,0,59,7,0,66,7,104,11,0,122,76,0,76,198
09/29/2008,GFK,ND,AGL,CE,Towers with Radar,9,137,12,0,158,0,237,39,4,280,9,374,51,4,438,612,0,612,1050
09/30/2008,GFK,ND,AGL,CE,Towers with Radar,11,117,12,0,140,0,30,294,3,327,11,147,306,3,467,489,0,489,956
10/01/2008,GFK,ND,AGL,CE,Towers with Radar,11,127,17,0,155,0,247,28,2,277,11,374,45,2,432,585,0,585,1017
10/02/2008,GFK,ND,AGL,CE,Towers with Radar,11,107,12,6,136,0,312,39,0,351,11,419,51,6,487,503,0,503,990
10/03/2008,GFK,ND,AGL,CE,Towers with Radar,12,149,3,0,164,0,255,29,0,284,12,404,32,0,448,596,0,596,1044
10/04/2008,GFK,ND,AGL,CE,Towers with Radar,6,98,5,0,109,0,210,31,0,241,6,308,36,0,350,408,0,408,758
10/05/2008,GFK,ND,AGL,CE,Towers with Radar,7,36,5,2,50,0,26,7,0,33,7,62,12,2,83,120,0,120,203
10/06/2008,GFK,ND,AGL,CE,Towers with Radar,8,158,6,0,172,0,25,0,0,25,8,183,6,0,197,137,0,137,334
10/07/2008,GFK,ND,AGL,CE,Towers with Radar,9,126,21,0,156,0,230,21,0,251,9,356,42,0,407,513,0,513,920
10/08/2008,GFK,ND,AGL,CE,Towers with Radar,11,145,15,0,171,0,221,16,0,237,11,366,31,0,408,325,0,325,733
10/09/2008,GFK,ND,AGL,CE,Towers with Radar,12,125,14,0,151,0,202,32,0,234,12,327,46,0,385,282,0,282,667
10/10/2008,GFK,ND,AGL,CE,Towers with Radar,13,135,12,0,160,0,214,24,0,238,13,349,36,0,398,390,0,390,788
10/11/2008,GFK,ND,AGL,CE,Towers with Radar,7,54,4,0,65,0,4,2,0,6,7,58,6,0,71,108,0,108,179
10/12/2008,GFK,ND,AGL,CE,Towers with Radar,7,77,5,0,89,0,0,0,0,0,7,77,5,0,89,4,0,4,93
10/13/2008,GFK,ND,AGL,CE,Towers with Radar,8,140,9,0,157,0,88,9,0,97,8,228,18,0,254,550,0,550,804
10/14/2008,GFK,ND,AGL,CE,Towers with Radar,11,116,6,0,133,0,363,14,0,377,11,479,20,0,510,739,0,739,1249
10/15/2008,GFK,ND,AGL,CE,Towers with Radar,11,177,16,0,204,0,198,22,0,220,11,375,38,0,424,496,0,496,920
10/16/2008,GFK,ND,AGL,CE,Towers with Radar,11,65,8,2,86,0,350,65,1,416,11,415,73,3,502,809,0,809,1311
10/17/2008,GFK,ND,AGL,CE,Towers with Radar,15,159,17,0,191,0,321,32,0,353,15,480,49,0,544,0,857,857,1401
10/18/2008,GFK,ND,AGL,CE,Towers with Radar,9,98,15,2,124,0,171,27,1,199,9,269,42,3,323,567,0,567,890
10/19/2008,GFK,ND,AGL,CE,Towers with Radar,7,70,7,0,84,0,83,17,1,101,7,153,24,1,185,230,0,230,415
10/20/2008,GFK,ND,AGL,CE,Towers with Radar,9,126,10,1,146,0,281,42,1,324,9,407,52,2,470,814,0,814,1284
10/21/2008,GFK,ND,AGL,CE,Towers with Radar,13,108,10,2,133,0,133,11,0,144,13,241,21,2,277,351,0,351,628
10/22/2008,GFK,ND,AGL,CE,Towers with Radar,11,87,11,0,109,0,2,7,0,9,11,89,18,0,118,31,0,31,149
10/23/2008,GFK,ND,AGL,CE,Towers with Radar,12,191,25,0,228,0,254,19,0,273,12,445,44,0,501,607,0,607,1108
10/24/2008,GFK,ND,AGL,CE,Towers with Radar,14,166,16,0,196,0,311,28,2,341,14,477,44,2,537,1220,0,1220,1757
10/25/2008,GFK,ND,AGL,CE,Towers with Radar,6,86,14,0,106,0,119,14,1,134,6,205,28,1,240,445,0,445,685
10/26/2008,GFK,ND,AGL,CE,Towers with Radar,7,8,4,0,19,0,0,0,0,0,7,8,4,0,19,0,0,0,19
10/27/2008,GFK,ND,AGL,CE,Towers with Radar,8,169,14,0,191,0,330,37,0,367,8,499,51,0,558,770,0,770,1328
10/28/2008,GFK,ND,AGL,CE,Towers with Radar,11,125,17,0,153,0,295,30,0,325,11,420,47,0,478,948,0,948,1426
10/29/2008,GFK,ND,AGL,CE,Towers with Radar,11,156,14,2,183,0,292,30,4,326,11,448,44,6,509,1045,0,1045,1554
10/30/2008,GFK,ND,AGL,CE,Towers with Radar,11,103,5,2,121,0,276,34,5,315,11,379,39,7,436,865,0,865,1301
10/31/2008,GFK,ND,AGL,CE,Towers with Radar,14,139,8,1,162,0,245,38,0,283,14,384,46,1,445,995,0,995,1440
11/01/2008,GFK,ND,AGL,CE,Towers with Radar,8,104,10,0,122,0,179,23,0,202,8,283,33,0,324,797,0,797,1121
11/02/2008,GFK,ND,AGL,CE,Towers with Radar,7,81,5,0,93,0,145,20,1,166,7,226,25,1,259,534,0,534,793
11/03/2008,GFK,ND,AGL,CE,Towers with Radar,9,113,7,3,132,0,187,24,3,214,9,300,31,6,346,658,0,658,1004
11/04/2008,GFK,ND,AGL,CE,Towers with Radar,10,131,7,2,150,0,211,21,0,232,10,342,28,2,382,1050,0,1050,1432
11/05/2008,GFK,ND,AGL,CE,Towers with Radar,10,107,10,2,129,0,0,0,0,0,10,107,10,2,129,2,0,2,131
11/06/2008,GFK,ND,AGL,CE,Towers with Radar,11,38,6,0,55,0,0,0,0,0,11,38,6,0,55,0,0,0,55
11/07/2008,GFK,ND,AGL,CE,Towers with Radar,14,26,8,2,50,0,0,0,0,0,14,26,8,2,50,0,0,0,50
11/08/2008,GFK,ND,AGL,CE,Towers with Radar,9,18,1,0,28,0,0,1,0,1,9,18,2,0,29,0,0,0,29
11/09/2008,GFK,ND,AGL,CE,Towers with Radar,7,7,6,3,23,0,26,12,1,39,7,33,18,4,62,489,0,489,551
11/10/2008,GFK,ND,AGL,CE,Towers with Radar,9,88,18,0,115,49,11,0,0,60,58,99,18,0,175,300,0,300,475
11/11/2008,GFK,ND,AGL,CE,Towers with Radar,11,129,8,0,148,0,230,25,0,255,11,359,33,0,403,662,0,662,1065
11/12/2008,GFK,ND,AGL,CE,Towers with Radar,13,23,17,0,53,0,0,0,0,0,13,23,17,0,53,0,0,0,53
11/13/2008,GFK,ND,AGL,CE,Towers with Radar,11,35,12,0,58,0,4,25,0,29,11,39,37,0,87,304,0,304,391
11/14/2008,GFK,ND,AGL,CE,Towers with Radar,12,29,9,2,52,0,3,11,0,14,12,32,20,2,66,126,0,126,192
11/15/2008,GFK,ND,AGL,CE,Towers with Radar,8,186,11,0,205,0,202,37,0,239,8,388,48,0,444,760,0,760,1204
11/16/2008,GFK,ND,AGL,CE,Towers with Radar,8,26,5,0,39,0,17,9,0,26,8,43,14,0,65,253,0,253,318
11/17/2008,GFK,ND,AGL,CE,Towers with Radar,9,180,8,1,198,0,104,11,1,116,9,284,19,2,314,659,0,659,973
11/18/2008,GFK,ND,AGL,CE,Towers with Radar,11,156,12,0,179,0,180,19,0,199,11,336,31,0,378,371,0,371,749
11/19/2008,GFK,ND,AGL,CE,Towers with Radar,10,37,18,4,69,0,14,19,0,33,10,51,37,4,102,325,0,325,427
11/20/2008,GFK,ND,AGL,CE,Towers with Radar,10,153,5,0,168,0,75,13,0,88,10,228,18,0,256,425,0,425,681
11/21/2008,GFK,ND,AGL,CE,Towers with Radar,17,242,12,0,271,0,362,40,1,403,17,604,52,1,674,994,0,994,1668
11/22/2008,GFK,ND,AGL,CE,Towers with Radar,10,40,3,0,53,0,51,15,3,69,10,91,18,3,122,837,0,837,959
11/23/2008,GFK,ND,AGL,CE,Towers with Radar,7,142,10,0,159,0,218,26,0,244,7,360,36,0,403,550,0,550,953
11/24/2008,GFK,ND,AGL,CE,Towers with Radar,11,73,7,0,91,0,125,27,0,152,11,198,34,0,243,744,0,744,987
11/25/2008,GFK,ND,AGL,CE,Towers with Radar,12,200,12,0,224,0,318,36,0,354,12,518,48,0,578,723,0,723,1301
11/26/2008,GFK,ND,AGL,CE,Towers with Radar,11,177,7,0,195,0,264,45,0,309,11,441,52,0,504,730,0,730,1234
11/27/2008,GFK,ND,AGL,CE,Towers with Radar,2,6,2,0,10,0,1,6,0,7,2,7,8,0,17,0,0,0,17
11/28/2008,GFK,ND,AGL,CE,Towers with Radar,10,107,4,0,121,0,99,24,0,123,10,206,28,0,244,312,0,312,556
11/29/2008,GFK,ND,AGL,CE,Towers with Radar,10,15,3,0,28,0,0,0,0,0,10,15,3,0,28,0,0,0,28
11/30/2008,GFK,ND,AGL,CE,Towers with Radar,5,7,9,0,21,0,0,2,0,2,5,7,11,0,23,19,0,19,42
12/01/2008,GFK,ND,AGL,CE,Towers with Radar,10,201,13,0,224,0,225,48,0,273,10,426,61,0,497,669,0,669,1166
12/02/2008,GFK,ND,AGL,CE,Towers with Radar,12,147,15,0,174,0,88,10,0,98,12,235,25,0,272,399,0,399,671
12/03/2008,GFK,ND,AGL,CE,Towers with Radar,10,177,9,0,196,0,222,48,0,270,10,399,57,0,466,747,0,747,1213
12/04/2008,GFK,ND,AGL,CE,Towers with Radar,11,148,25,0,184,0,133,34,1,168,11,281,59,1,352,605,0,605,957
12/05/2008,GFK,ND,AGL,CE,Towers with Radar,11,63,8,4,86,0,76,15,0,91,11,139,23,4,177,204,0,204,381
12/06/2008,GFK,ND,AGL,CE,Towers with Radar,7,166,3,6,182,0,217,31,0,248,7,383,34,6,430,590,0,590,1020
12/07/2008,GFK,ND,AGL,CE,Towers with Radar,6,9,7,0,22,0,0,4,0,4,6,9,11,0,26,85,0,85,111
12/08/2008,GFK,ND,AGL,CE,Towers with Radar,9,54,4,0,67,0,12,7,0,19,9,66,11,0,86,96,0,96,182
12/09/2008,GFK,ND,AGL,CE,Towers with Radar,10,177,2,0,189,0,200,40,0,240,10,377,42,0,429,792,0,792,1221
12/10/2008,GFK,ND,AGL,CE,Towers with Radar,10,58,12,0,80,0,12,4,0,16,10,70,16,0,96,77,0,77,173
12/11/2008,GFK,ND,AGL,CE,Towers with Radar,10,189,2,0,201,0,125,42,2,169,10,314,44,2,370,575,0,575,945
12/12/2008,GFK,ND,AGL,CE,Towers with Radar,11,98,8,0,117,0,48,25,0,73,11,146,33,0,190,395,0,395,585
12/13/2008,GFK,ND,AGL,CE,Towers with Radar,7,17,3,0,27,0,0,0,0,0,7,17,3,0,27,0,0,0,27
12/14/2008,GFK,ND,AGL,CE,Towers with Radar,0,0,0,0,0,0,0,0,0,0,0,0,0,0,0,0,0,0,0
12/15/2008,GFK,ND,AGL,CE,Towers with Radar,14,152,3,4,173,0,180,25,0,205,14,332,28,4,378,377,0,377,755
12/16/2008,GFK,ND,AGL,CE,Towers with Radar,10,89,16,0,115,0,86,13,0,99,10,175,29,0,214,250,0,250,464
12/17/2008,GFK,ND,AGL,CE,Towers with Radar,10,187,11,0,208,0,279,36,1,316,10,466,47,1,524,819,0,819,1343
12/18/2008,GFK,ND,AGL,CE,Towers with Radar,13,152,4,0,169,0,239,44,0,283,13,391,48,0,452,803,0,803,1255
12/19/2008,GFK,ND,AGL,CE,Towers with Radar,9,86,4,0,99,0,80,33,0,113,9,166,37,0,212,565,0,565,777
12/20/2008,GFK,ND,AGL,CE,Towers with Radar,7,34,0,0,41,0,2,0,0,2,7,36,0,0,43,0,0,0,43
12/21/2008,GFK,ND,AGL,CE,Towers with Radar,10,37,0,0,47,0,22,3,0,25,10,59,3,0,72,69,0,69,141
12/22/2008,GFK,ND,AGL,CE,Towers with Radar,6,103,8,0,117,0,168,18,0,186,6,271,26,0,303,494,0,494,797
12/23/2008,GFK,ND,AGL,CE,Towers with Radar,12,25,11,0,48,0,0,2,0,2,12,25,13,0,50,0,0,0,50
12/24/2008,GFK,ND,AGL,CE,Towers with Radar,13,59,7,0,79,0,32,6,0,38,13,91,13,0,117,140,0,140,257
12/25/2008,GFK,ND,AGL,CE,Towers with Radar,7,6,0,0,13,0,0,6,0,6,7,6,6,0,19,10,0,10,29
12/26/2008,GFK,ND,AGL,CE,Towers with Radar,9,20,3,0,32,0,0,6,0,6,9,20,9,0,38,70,0,70,108
12/27/2008,GFK,ND,AGL,CE,Towers with Radar,8,17,3,0,28,0,1,3,0,4,8,18,6,0,32,0,0,0,32
12/28/2008,GFK,ND,AGL,CE,Towers with Radar,9,7,3,0,19,0,0,3,0,3,9,7,6,0,22,0,0,0,22
12/29/2008,GFK,ND,AGL,CE,Towers with Radar,7,62,2,0,71,0,91,21,2,114,7,153,23,2,185,371,0,371,556
12/30/2008,GFK,ND,AGL,CE,Towers with Radar,10,58,4,0,72,0,16,5,0,21,10,74,9,0,93,47,0,47,140
12/31/2008,GFK,ND,AGL,CE,Towers with Radar,10,76,4,0,90,0,119,11,0,130,10,195,15,0,220,344,0,344,564
01/01/2009,GFK,ND,AGL,CE,Towers with Radar,6,4,3,0,13,0,2,2,0,4,6,6,5,0,17,0,0,0,17
01/02/2009,GFK,ND,AGL,CE,Towers with Radar,10,95,2,0,107,165,28,0,0,193,175,123,2,0,300,306,0,306,606
01/03/2009,GFK,ND,AGL,CE,Towers with Radar,7,11,8,0,26,0,0,0,0,0,7,11,8,0,26,0,0,0,26
01/04/2009,GFK,ND,AGL,CE,Towers with Radar,10,63,2,0,75,0,93,15,0,108,10,156,17,0,183,330,0,330,513
01/05/2009,GFK,ND,AGL,CE,Towers with Radar,5,125,1,2,133,0,159,8,2,169,5,284,9,4,302,708,0,708,1010
01/06/2009,GFK,ND,AGL,CE,Towers with Radar,8,83,11,0,102,0,204,40,0,244,8,287,51,0,346,898,0,898,1244
01/07/2009,GFK,ND,AGL,CE,Towers with Radar,14,107,9,0,130,0,190,41,0,231,14,297,50,0,361,887,0,887,1248
01/08/2009,GFK,ND,AGL,CE,Towers with Radar,9,99,11,0,119,0,250,24,0,274,9,349,35,0,393,795,0,795,1188
01/09/2009,GFK,ND,AGL,CE,Towers with Radar,7,86,16,0,109,0,216,24,0,240,7,302,40,0,349,774,0,774,1123
01/10/2009,GFK,ND,AGL,CE,Towers with Radar,5,62,4,0,71,0,167,21,2,190,5,229,25,2,261,722,0,722,983
01/11/2009,GFK,ND,AGL,CE,Towers with Radar,6,30,3,4,43,0,77,15,0,92,6,107,18,4,135,409,0,409,544
01/12/2009,GFK,ND,AGL,CE,Towers with Radar,4,45,5,0,54,0,19,3,0,22,4,64,8,0,76,68,0,68,144
01/13/2009,GFK,ND,AGL,CE,Towers with Radar,8,53,19,0,80,0,44,9,0,53,8,97,28,0,133,323,0,323,456
01/14/2009,GFK,ND,AGL,CE,Towers with Radar,8,83,8,0,99,0,138,11,1,150,8,221,19,1,249,559,0,559,808
01/15/2009,GFK,ND,AGL,CE,Towers with Radar,10,100,11,0,121,0,112,11,0,123,10,212,22,0,244,482,0,482,726
01/16/2009,GFK,ND,AGL,CE,Towers with Radar,7,27,7,0,41,0,50,9,0,59,7,77,16,0,100,441,0,441,541
01/17/2009,GFK,ND,AGL,CE,Towers with Radar,6,18,6,0,30,0,4,11,0,15,6,22,17,0,45,158,0,158,203
01/18/2009,GFK,ND,AGL,CE,Towers with Radar,6,22,0,0,28,0,64,19,1,84,6,86,19,1,112,503,0,503,615
01/19/2009,GFK,ND,AGL,CE,Towers with Radar,4,21,4,0,29,0,0,0,0,0,4,21,4,0,29,26,0,26,55
01/20/2009,GFK,ND,AGL,CE,Towers with Radar,9,104,4,0,117,0,165,12,0,177,9,269,16,0,294,573,0,573,867
01/21/2009,GFK,ND,AGL,CE,Towers with Radar,9,151,10,0,170,0,423,42,0,465,9,574,52,0,635,1001,0,1001,1636
01/22/2009,GFK,ND,AGL,CE,Towers with Radar,10,23,3,0,36,0,0,0,0,0,10,23,3,0,36,0,0,0,36
01/23/2009,GFK,ND,AGL,CE,Towers with Radar,7,132,6,0,145,0,172,27,0,199,7,304,33,0,344,622,0,622,966
01/24/2009,GFK,ND,AGL,CE,Towers with Radar,7,81,5,0,93,0,364,22,0,386,7,445,27,0,479,441,0,441,920
01/25/2009,GFK,ND,AGL,CE,Towers with Radar,6,56,6,0,68,0,220,25,0,245,6,276,31,0,313,607,0,607,920
01/26/2009,GFK,ND,AGL,CE,Towers with Radar,4,108,7,0,119,0,283,26,0,309,4,391,33,0,428,772,0,772,1200
01/27/2009,GFK,ND,AGL,CE,Towers with Radar,8,104,4,2,118,0,312,20,1,333,8,416,24,3,451,908,0,908,1359
01/28/2009,GFK,ND,AGL,CE,Towers with Radar,8,36,11,0,55,0,6,9,0,15,8,42,20,0,70,178,0,178,248
01/29/2009,GFK,ND,AGL,CE,Towers with Radar,10,81,11,0,102,0,219,23,0,242,10,300,34,0,344,847,0,847,1191
01/30/2009,GFK,ND,AGL,CE,Towers with Radar,7,104,2,0,113,0,256,42,0,298,7,360,44,0,411,1333,0,1333,1744
01/31/2009,GFK,ND,AGL,CE,Towers with Radar,5,27,4,0,36,0,93,10,0,103,5,120,14,0,139,286,0,286,425
02/01/2009,GFK,ND,AGL,CE,Towers with Radar,6,19,0,0,25,0,130,30,0,160,6,149,30,0,185,296,0,296,481
02/02/2009,GFK,ND,AGL,CE,Towers with Radar,6,124,2,0,132,0,328,22,0,350,6,452,24,0,482,791,0,791,1273
02/03/2009,GFK,ND,AGL,CE,Towers with Radar,9,91,19,0,119,0,345,15,0,360,9,436,34,0,479,966,0,966,1445
02/04/2009,GFK,ND,AGL,CE,Towers with Radar,8,45,6,0,59,0,42,17,0,59,8,87,23,0,118,813,0,813,931
02/05/2009,GFK,ND,AGL,CE,Towers with Radar,10,106,8,1,125,0,447,45,0,492,10,553,53,1,617,983,0,983,1600
02/06/2009,GFK,ND,AGL,CE,Towers with Radar,7,145,7,0,159,0,411,54,0,465,7,556,61,0,624,916,0,916,1540
02/07/2009,GFK,ND,AGL,CE,Towers with Radar,6,54,4,0,64,0,129,21,0,150,6,183,25,0,214,695,0,695,909
02/08/2009,GFK,ND,AGL,CE,Towers with Radar,6,70,5,0,81,0,297,45,0,342,6,367,50,0,423,730,0,730,1153
02/09/2009,GFK,ND,AGL,CE,Towers with Radar,4,15,0,0,19,0,0,0,0,0,4,15,0,0,19,0,0,0,19
02/10/2009,GFK,ND,AGL,CE,Towers with Radar,8,41,3,0,52,0,0,0,0,0,8,41,3,0,52,0,0,0,52
02/11/2009,GFK,ND,AGL,CE,Towers with Radar,11,29,11,0,51,0,2,18,0,20,11,31,29,0,71,110,0,110,181
02/12/2009,GFK,ND,AGL,CE,Towers with Radar,13,109,11,0,133,0,263,34,0,297,13,372,45,0,430,719,0,719,1149
02/13/2009,GFK,ND,AGL,CE,Towers with Radar,10,104,7,0,121,0,334,49,3,386,10,438,56,3,507,1014,0,1014,1521
02/14/2009,GFK,ND,AGL,CE,Towers with Radar,7,64,15,0,86,0,459,57,0,516,7,523,72,0,602,959,0,959,1561
02/15/2009,GFK,ND,AGL,CE,Towers with Radar,7,38,4,0,49,0,167,25,0,192,7,205,29,0,241,539,0,539,780
02/16/2009,GFK,ND,AGL,CE,Towers with Radar,6,105,12,0,123,0,300,37,1,338,6,405,49,1,461,1188,0,1188,1649
02/17/2009,GFK,ND,AGL,CE,Towers with Radar,10,24,5,0,39,0,12,3,0,15,10,36,8,0,54,492,0,492,546
02/18/2009,GFK,ND,AGL,CE,Towers with Radar,11,152,9,0,172,0,396,13,1,410,11,548,22,1,582,861,0,861,1443
02/19/2009,GFK,ND,AGL,CE,Towers with Radar,12,89,7,0,108,0,512,35,0,547,12,601,42,0,655,941,0,941,1596
02/20/2009,GFK,ND,AGL,CE,Towers with Radar,9,30,9,0,48,0,39,2,0,41,9,69,11,0,89,264,0,264,353
02/21/2009,GFK,ND,AGL,CE,Towers with Radar,9,92,2,0,103,0,368,44,0,412,9,460,46,0,515,1113,0,1113,1628
02/22/2009,GFK,ND,AGL,CE,Towers with Radar,9,46,4,0,59,0,283,37,0,320,9,329,41,0,379,704,0,704,1083
02/23/2009,GFK,ND,AGL,CE,Towers with Radar,6,106,3,0,115,0,316,29,0,345,6,422,32,0,460,799,0,799,1259
02/24/2009,GFK,ND,AGL,CE,Towers with Radar,8,19,8,2,37,0,8,13,0,21,8,27,21,2,58,840,0,840,898
02/25/2009,GFK,ND,AGL,CE,Towers with Radar,11,51,10,1,73,0,163,26,1,190,11,214,36,2,263,616,0,616,879
02/26/2009,GFK,ND,AGL,CE,Towers with Radar,9,24,7,0,40,0,0,0,0,0,9,24,7,0,40,0,0,0,40
02/27/2009,GFK,ND,AGL,CE,Towers with Radar,10,142,9,0,161,0,425,37,0,462,10,567,46,0,623,1079,0,1079,1702
02/28/2009,GFK,ND,AGL,CE,Towers with Radar,7,101,9,0,117,0,421,34,0,455,7,522,43,0,572,939,0,939,1511
03/01/2009,GFK,ND,AGL,CE,Towers with Radar,7,63,15,0,85,0,345,20,0,365,7,408,35,0,450,584,0,584,1034
03/02/2009,GFK,ND,AGL,CE,Towers with Radar,8,132,15,0,155,0,362,36,3,401,8,494,51,3,556,847,7,854,1410
03/03/2009,GFK,ND,AGL,CE,Towers with Radar,13,96,9,0,118,0,300,20,0,320,13,396,29,0,438,675,0,675,1113
03/04/2009,GFK,ND,AGL,CE,Towers with Radar,10,106,10,0,126,0,297,37,0,334,10,403,47,0,460,1038,0,1038,1498
03/05/2009,GFK,ND,AGL,CE,Towers with Radar,11,87,8,0,106,0,137,12,0,149,11,224,20,0,255,554,0,554,809
03/06/2009,GFK,ND,AGL,CE,Towers with Radar,11,79,6,0,96,0,221,15,0,236,11,300,21,0,332,663,0,663,995
03/07/2009,GFK,ND,AGL,CE,Towers with Radar,6,94,7,0,107,0,489,24,2,515,6,583,31,2,622,771,0,771,1393
03/08/2009,GFK,ND,AGL,CE,Towers with Radar,7,33,8,0,48,0,83,21,1,105,7,116,29,1,153,822,0,822,975
03/09/2009,GFK,ND,AGL,CE,Towers with Radar,6,21,14,0,41,0,0,0,0,0,6,21,14,0,41,0,0,0,41
03/10/2009,GFK,ND,AGL,CE,Towers with Radar,3,7,0,0,10,0,0,0,0,0,3,7,0,0,10,0,0,0,10
03/11/2009,GFK,ND,AGL,CE,Towers with Radar,12,101,18,0,131,0,142,24,0,166,12,243,42,0,297,364,0,364,661
03/12/2009,GFK,ND,AGL,CE,Towers with Radar,12,112,11,3,138,0,427,59,10,496,12,539,70,13,634,919,0,919,1553
03/13/2009,GFK,ND,AGL,CE,Towers with Radar,12,91,15,1,119,0,364,44,3,411,12,455,59,4,530,601,0,601,1131
03/14/2009,GFK,ND,AGL,CE,Towers with Radar,6,48,10,4,68,0,270,39,2,311,6,318,49,6,379,865,0,865,1244
03/15/2009,GFK,ND,AGL,CE,Towers with Radar,11,39,15,0,65,0,203,16,0,219,11,242,31,0,284,611,0,611,895
03/16/2009,GFK,ND,AGL,CE,Towers with Radar,7,77,17,0,101,0,292,27,1,320,7,369,44,1,421,992,33,1025,1446
03/17/2009,GFK,ND,AGL,CE,Towers with Radar,11,97,25,0,133,0,305,32,3,340,11,402,57,3,473,838,15,853,1326
03/18/2009,GFK,ND,AGL,CE,Towers with Radar,8,91,21,0,120,0,260,29,0,289,8,351,50,0,409,831,0,831,1240
03/19/2009,GFK,ND,AGL,CE,Towers with Radar,12,77,18,0,107,0,372,54,0,426,12,449,72,0,533,1015,0,1015,1548
03/20/2009,GFK,ND,AGL,CE,Towers with Radar,10,53,14,0,77,0,181,30,2,213,10,234,44,2,290,726,0,726,1016
03/21/2009,GFK,ND,AGL,CE,Towers with Radar,6,80,6,0,92,0,7,1,0,8,6,87,7,0,100,139,0,139,239
03/22/2009,GFK,ND,AGL,CE,Towers with Radar,7,24,6,0,37,0,5,3,0,8,7,29,9,0,45,165,0,165,210
03/23/2009,GFK,ND,AGL,CE,Towers with Radar,6,116,5,0,127,0,3,5,0,8,6,119,10,0,135,121,0,121,256
03/24/2009,GFK,ND,AGL,CE,Towers with Radar,9,30,14,2,55,0,2,2,0,4,9,32,16,2,59,12,0,12,71
03/25/2009,GFK,ND,AGL,CE,Towers with Radar,11,16,0,0,27,0,0,0,0,0,11,16,0,0,27,0,0,0,27
03/26/2009,GFK,ND,AGL,CE,Towers with Radar,13,25,5,3,46,0,0,2,0,2,13,25,7,3,48,2,0,2,50
03/27/2009,GFK,ND,AGL,CE,Towers with Radar,10,97,10,1,118,0,184,30,6,220,10,281,40,7,338,717,0,717,1055
03/28/2009,GFK,ND,AGL,CE,Towers with Radar,6,97,7,3,113,0,378,62,2,442,6,475,69,5,555,1063,0,1063,1618
03/29/2009,GFK,ND,AGL,CE,Towers with Radar,9,7,4,2,22,0,40,14,3,57,9,47,18,5,79,924,6,930,1009
03/30/2009,GFK,ND,AGL,CE,Towers with Radar,8,194,1,0,203,0,284,31,1,316,8,478,32,1,519,973,0,973,1492
03/31/2009,GFK,ND,AGL,CE,Towers with Radar,11,36,4,3,54,0,0,4,1,5,11,36,8,4,59,7,0,7,66
04/01/2009,GFK,ND,AGL,CE,Towers with Radar,11,29,26,0,66,0,6,36,0,42,11,35,62,0,108,126,0,126,234
04/02/2009,GFK,ND,AGL,CE,Towers with Radar,14,117,12,6,149,0,252,54,12,318,14,369,66,18,467,1096,0,1096,1563
04/03/2009,GFK,ND,AGL,CE,Towers with Radar,11,144,30,1,186,0,383,85,1,469,11,527,115,2,655,1112,0,1112,1767
04/04/2009,GFK,ND,AGL,CE,Towers with Radar,5,170,12,0,187,0,330,71,3,404,5,500,83,3,591,1109,0,1109,1700
04/05/2009,GFK,ND,AGL,CE,Towers with Radar,7,91,3,0,101,0,241,38,7,286,7,332,41,7,387,593,0,593,980
04/06/2009,GFK,ND,AGL,CE,Towers with Radar,5,146,17,0,168,0,391,63,4,458,5,537,80,4,626,910,0,910,1536
04/07/2009,GFK,ND,AGL,CE,Towers with Radar,10,122,17,0,149,0,408,79,2,489,10,530,96,2,638,1058,0,1058,1696
04/08/2009,GFK,ND,AGL,CE,Towers with Radar,9,119,11,2,141,0,171,57,7,235,9,290,68,9,376,1030,0,1030,1406
04/09/2009,GFK,ND,AGL,CE,Towers with Radar,12,137,18,0,167,0,447,56,1,504,12,584,74,1,671,960,0,960,1631
04/10/2009,GFK,ND,AGL,CE,Towers with Radar,9,112,24,0,145,0,379,66,0,445,9,491,90,0,590,1026,0,1026,1616
04/11/2009,GFK,ND,AGL,CE,Towers with Radar,7,70,6,0,83,0,269,68,0,337,7,339,74,0,420,696,0,696,1116
04/12/2009,GFK,ND,AGL,CE,Towers with Radar,8,9,12,0,29,0,2,7,3,12,8,11,19,3,41,9,4,13,54
04/13/2009,GFK,ND,AGL,CE,Towers with Radar,7,112,19,8,146,0,82,24,3,109,7,194,43,11,255,922,0,922,1177
04/14/2009,GFK,ND,AGL,CE,Towers with Radar,8,97,18,0,123,0,407,32,2,441,8,504,50,2,564,942,0,942,1506
04/15/2009,GFK,ND,AGL,CE,Towers with Radar,10,110,12,0,132,0,303,46,1,350,10,413,58,1,482,909,0,909,1391
04/16/2009,GFK,ND,AGL,CE,Towers with Radar,10,114,11,0,135,0,220,22,0,242,10,334,33,0,377,747,0,747,1124
04/17/2009,GFK,ND,AGL,CE,Towers with Radar,10,158,12,1,181,0,98,35,1,134,10,256,47,2,315,737,0,737,1052
04/18/2009,GFK,ND,AGL,CE,Towers with Radar,9,20,10,0,39,0,9,16,0,25,9,29,26,0,64,242,0,242,306
04/19/2009,GFK,ND,AGL,CE,Towers with Radar,7,52,4,0,63,0,58,17,0,75,7,110,21,0,138,740,0,740,878
04/20/2009,GFK,ND,AGL,CE,Towers with Radar,7,82,10,0,99,0,112,14,3,129,7,194,24,3,228,477,0,477,705
04/21/2009,GFK,ND,AGL,CE,Towers with Radar,10,133,8,0,151,0,402,37,1,440,10,535,45,1,591,788,0,788,1379
04/22/2009,GFK,ND,AGL,CE,Towers with Radar,10,134,11,5,160,0,398,59,2,459,10,532,70,7,619,908,0,908,1527
04/23/2009,GFK,ND,AGL,CE,Towers with Radar,12,113,4,0,129,0,309,34,6,349,12,422,38,6,478,704,0,704,1182
04/24/2009,GFK,ND,AGL,CE,Towers with Radar,9,77,25,0,111,0,231,35,0,266,9,308,60,0,377,1014,0,1014,1391
04/25/2009,GFK,ND,AGL,CE,Towers with Radar,7,96,7,1,111,0,374,38,2,414,7,470,45,3,525,954,5,959,1484
04/26/2009,GFK,ND,AGL,CE,Towers with Radar,7,28,11,2,48,0,40,20,0,60,7,68,31,2,108,178,0,178,286
04/27/2009,GFK,ND,AGL,CE,Towers with Radar,7,88,13,0,108,0,211,23,2,236,7,299,36,2,344,598,0,598,942
04/28/2009,GFK,ND,AGL,CE,Towers with Radar,10,110,16,0,136,0,379,34,1,414,10,489,50,1,550,950,0,950,1500
04/29/2009,GFK,ND,AGL,CE,Towers with Radar,8,126,10,0,144,0,109,12,0,121,8,235,22,0,265,234,0,234,499
04/30/2009,GFK,ND,AGL,CE,Towers with Radar,12,76,14,0,102,0,38,11,0,49,12,114,25,0,151,353,0,353,504
05/01/2009,GFK,ND,AGL,CE,Towers with Radar,9,125,11,0,145,0,396,23,0,419,9,521,34,0,564,884,0,884,1448
05/02/2009,GFK,ND,AGL,CE,Towers with Radar,6,90,8,0,104,0,307,32,3,342,6,397,40,3,446,738,8,746,1192
05/03/2009,GFK,ND,AGL,CE,Towers with Radar,7,46,7,0,60,0,281,29,0,310,7,327,36,0,370,604,0,604,974
05/04/2009,GFK,ND,AGL,CE,Towers with Radar,7,82,15,0,104,0,291,22,2,315,7,373,37,2,419,775,4,779,1198
05/05/2009,GFK,ND,AGL,CE,Towers with Radar,10,147,15,2,174,0,117,12,0,129,10,264,27,2,303,598,0,598,901
05/06/2009,GFK,ND,AGL,CE,Towers with Radar,11,136,14,1,162,0,339,33,1,373,11,475,47,2,535,779,0,779,1314
05/07/2009,GFK,ND,AGL,CE,Towers with Radar,12,150,10,5,177,0,92,13,0,105,12,242,23,5,282,685,0,685,967
05/08/2009,GFK,ND,AGL,CE,Towers with Radar,10,39,12,0,61,0,30,25,0,55,10,69,37,0,116,448,0,448,564
05/09/2009,GFK,ND,AGL,CE,Towers with Radar,6,42,8,0,56,0,34,30,6,70,6,76,38,6,126,657,0,657,783
05/10/2009,GFK,ND,AGL,CE,Towers with Radar,7,96,8,0,111,0,283,46,0,329,7,379,54,0,440,493,0,493,933
05/11/2009,GFK,ND,AGL,CE,Towers with Radar,8,105,5,0,118,0,261,33,0,294,8,366,38,0,412,587,0,587,999
05/12/2009,GFK,ND,AGL,CE,Towers with Radar,11,119,9,0,139,0,132,16,1,149,11,251,25,1,288,661,0,661,949
05/13/2009,GFK,ND,AGL,CE,Towers with Radar,10,79,11,0,100,0,60,21,0,81,10,139,32,0,181,115,0,115,296
05/14/2009,GFK,ND,AGL,CE,Towers with Radar,13,85,8,0,106,0,247,37,4,288,13,332,45,4,394,1279,0,1279,1673
05/15/2009,GFK,ND,AGL,CE,Towers with Radar,11,84,12,1,108,77,5,0,0,82,88,89,12,1,190,228,0,228,418
05/16/2009,GFK,ND,AGL,CE,Towers with Radar,8,123,12,0,143,0,305,43,0,348,8,428,55,0,491,660,0,660,1151
05/17/2009,GFK,ND,AGL,CE,Towers with Radar,9,61,10,0,80,0,200,26,0,226,9,261,36,0,306,443,0,443,749
05/18/2009,GFK,ND,AGL,CE,Towers with Radar,7,113,15,0,135,0,187,27,0,214,7,300,42,0,349,416,0,416,765
05/19/2009,GFK,ND,AGL,CE,Towers with Radar,10,124,12,0,146,0,241,17,0,258,10,365,29,0,404,479,0,479,883
05/20/2009,GFK,ND,AGL,CE,Towers with Radar,12,109,15,0,136,0,362,29,0,391,12,471,44,0,527,684,0,684,1211
05/21/2009,GFK,ND,AGL,CE,Towers with Radar,13,142,22,1,178,0,344,45,0,389,13,486,67,1,567,846,0,846,1413
05/22/2009,GFK,ND,AGL,CE,Towers with Radar,14,114,16,0,144,1,130,29,0,160,15,244,45,0,304,467,0,467,771
05/23/2009,GFK,ND,AGL,CE,Towers with Radar,6,123,14,0,143,0,274,27,0,301,6,397,41,0,444,784,0,784,1228
05/24/2009,GFK,ND,AGL,CE,Towers with Radar,6,61,4,0,71,0,169,19,0,188,6,230,23,0,259,388,0,388,647
05/25/2009,GFK,ND,AGL,CE,Towers with Radar,7,57,6,0,70,0,12,0,0,12,7,69,6,0,82,37,0,37,119
05/26/2009,GFK,ND,AGL,CE,Towers with Radar,6,186,13,3,208,0,72,12,0,84,6,258,25,3,292,478,0,478,770
05/27/2009,GFK,ND,AGL,CE,Towers with Radar,10,176,18,3,207,0,353,31,0,384,10,529,49,3,591,905,0,905,1496
05/28/2009,GFK,ND,AGL,CE,Towers with Radar,13,152,20,0,185,0,271,27,1,299,13,423,47,1,484,676,0,676,1160
05/29/2009,GFK,ND,AGL,CE,Towers with Radar,12,153,11,0,176,0,190,20,0,210,12,343,31,0,386,475,0,475,861
05/30/2009,GFK,ND,AGL,CE,Towers with Radar,7,141,3,0,151,0,267,31,2,300,7,408,34,2,451,620,0,620,1071
05/31/2009,GFK,ND,AGL,CE,Towers with Radar,9,80,4,0,93,0,57,14,0,71,9,137,18,0,164,248,0,248,412
06/01/2009,GFK,ND,AGL,CE,Towers with Radar,8,141,9,0,158,0,200,27,0,227,8,341,36,0,385,577,0,577,962
06/02/2009,GFK,ND,AGL,CE,Towers with Radar,9,121,20,0,150,0,209,42,2,253,9,330,62,2,403,344,12,356,759
06/03/2009,GFK,ND,AGL,CE,Towers with Radar,10,126,31,0,167,0,278,53,1,332,10,404,84,1,499,322,0,322,821
06/04/2009,GFK,ND,AGL,CE,Towers with Radar,13,109,14,0,136,0,163,34,1,198,13,272,48,1,334,228,0,228,562
06/05/2009,GFK,ND,AGL,CE,Towers with Radar,9,206,10,0,225,0,212,22,0,234,9,418,32,0,459,514,0,514,973
06/06/2009,GFK,ND,AGL,CE,Towers with Radar,6,114,14,0,134,0,259,50,0,309,6,373,64,0,443,690,0,690,1133
06/07/2009,GFK,ND,AGL,CE,Towers with Radar,9,103,6,2,120,0,118,30,2,150,9,221,36,4,270,357,0,357,627
06/08/2009,GFK,ND,AGL,CE,Towers with Radar,7,191,15,1,214,0,18,30,0,48,7,209,45,1,262,296,0,296,558
06/09/2009,GFK,ND,AGL,CE,Towers with Radar,10,198,19,0,227,0,112,26,0,138,10,310,45,0,365,643,0,643,1008
06/10/2009,GFK,ND,AGL,CE,Towers with Radar,11,165,27,0,203,0,380,38,0,418,11,545,65,0,621,886,0,886,1507
06/11/2009,GFK,ND,AGL,CE,Towers with Radar,12,131,40,3,186,0,350,46,0,396,12,481,86,3,582,923,0,923,1505
06/12/2009,GFK,ND,AGL,CE,Towers with Radar,9,130,23,2,164,0,396,38,3,437,9,526,61,5,601,361,0,361,962
06/13/2009,GFK,ND,AGL,CE,Towers with Radar,7,141,15,0,163,0,349,41,0,390,7,490,56,0,553,588,0,588,1141
06/14/2009,GFK,ND,AGL,CE,Towers with Radar,9,69,9,1,88,0,191,29,1,221,9,260,38,2,309,395,0,395,704
06/15/2009,GFK,ND,AGL,CE,Towers with Radar,6,160,14,0,180,0,241,20,2,263,6,401,34,2,443,844,0,844,1287
06/16/2009,GFK,ND,AGL,CE,Towers with Radar,9,157,30,0,196,0,142,31,1,174,9,299,61,1,370,975,0,975,1345
06/17/2009,GFK,ND,AGL,CE,Towers with Radar,11,196,35,0,242,0,45,13,0,58,11,241,48,0,300,434,0,434,734
06/18/2009,GFK,ND,AGL,CE,Towers with Radar,14,75,12,0,101,0,159,20,0,179,14,234,32,0,280,483,0,483,763
06/19/2009,GFK,ND,AGL,CE,Towers with Radar,8,176,27,0,211,0,440,48,0,488,8,616,75,0,699,1069,0,1069,1768
06/20/2009,GFK,ND,AGL,CE,Towers with Radar,6,115,8,0,129,0,345,47,2,394,6,460,55,2,523,1177,0,1177,1700
06/21/2009,GFK,ND,AGL,CE,Towers with Radar,12,74,2,0,88,0,112,29,0,141,12,186,31,0,229,539,0,539,768
06/22/2009,GFK,ND,AGL,CE,Towers with Radar,8,169,22,0,199,0,159,26,0,185,8,328,48,0,384,1068,0,1068,1452
06/23/2009,GFK,ND,AGL,CE,Towers with Radar,9,121,42,0,172,0,309,47,1,357,9,430,89,1,529,1087,0,1087,1616
06/24/2009,GFK,ND,AGL,CE,Towers with Radar,11,139,34,0,184,0,407,57,0,464,11,546,91,0,648,1364,0,1364,2012
06/25/2009,GFK,ND,AGL,CE,Towers with Radar,11,142,25,0,178,0,377,53,0,430,11,519,78,0,608,1264,0,1264,1872
06/26/2009,GFK,ND,AGL,CE,Towers with Radar,6,121,31,0,158,0,198,32,0,230,6,319,63,0,388,667,0,667,1055
06/27/2009,GFK,ND,AGL,CE,Towers with Radar,7,39,5,0,51,0,4,4,0,8,7,43,9,0,59,57,0,57,116
06/28/2009,GFK,ND,AGL,CE,Towers with Radar,9,65,5,0,79,0,79,13,0,92,9,144,18,0,171,201,0,201,372
06/29/2009,GFK,ND,AGL,CE,Towers with Radar,9,171,28,1,209,78,10,0,0,88,87,181,28,1,297,784,0,784,1081
06/30/2009,GFK,ND,AGL,CE,Towers with Radar,7,131,32,0,170,0,346,50,0,396,7,477,82,0,566,1085,0,1085,1651
07/01/2009,GFK,ND,AGL,CE,Towers with Radar,8,127,23,0,158,0,393,30,1,424,8,520,53,1,582,1311,0,1311,1893
07/02/2009,GFK,ND,AGL,CE,Towers with Radar,9,109,16,0,134,0,299,35,0,334,9,408,51,0,468,998,0,998,1466
07/03/2009,GFK,ND,AGL,CE,Towers with Radar,8,18,3,0,29,0,1,19,3,23,8,19,22,3,52,0,12,12,64
07/04/2009,GFK,ND,AGL,CE,Towers with Radar,4,7,2,0,13,0,0,13,0,13,4,7,15,0,26,0,0,0,26
07/05/2009,GFK,ND,AGL,CE,Towers with Radar,10,6,1,0,17,0,0,18,0,18,10,6,19,0,35,2,0,2,37
07/06/2009,GFK,ND,AGL,CE,Towers with Radar,6,95,9,2,112,0,323,30,1,354,6,418,39,3,466,958,0,958,1424
07/07/2009,GFK,ND,AGL,CE,Towers with Radar,11,139,18,0,168,0,301,23,0,324,11,440,41,0,492,836,0,836,1328
07/08/2009,GFK,ND,AGL,CE,Towers with Radar,11,121,7,0,139,0,294,26,0,320,11,415,33,0,459,851,0,851,1310
07/09/2009,GFK,ND,AGL,CE,Towers with Radar,11,92,13,0,116,0,149,7,0,156,11,241,20,0,272,443,0,443,715
07/10/2009,GFK,ND,AGL,CE,Towers with Radar,8,116,13,4,141,0,204,27,0,231,8,320,40,4,372,416,0,416,788
07/11/2009,GFK,ND,AGL,CE,Towers with Radar,6,94,13,1,114,0,251,28,0,279,6,345,41,1,393,919,0,919,1312
07/12/2009,GFK,ND,AGL,CE,Towers with Radar,9,60,7,1,77,0,190,28,2,220,9,250,35,3,297,562,0,562,859
07/13/2009,GFK,ND,AGL,CE,Towers with Radar,6,116,10,0,132,0,279,75,4,358,6,395,85,4,490,844,0,844,1334
07/14/2009,GFK,ND,AGL,CE,Towers with Radar,9,59,15,0,83,0,48,27,1,76,9,107,42,1,159,151,0,151,310
07/15/2009,GFK,ND,AGL,CE,Towers with Radar,9,144,23,2,178,0,136,11,0,147,9,280,34,2,325,179,0,179,504
07/16/2009,GFK,ND,AGL,CE,Towers with Radar,11,145,15,0,171,0,194,15,0,209,11,339,30,0,380,399,0,399,779
07/17/2009,GFK,ND,AGL,CE,Towers with Radar,10,173,13,0,196,0,296,47,0,343,10,469,60,0,539,821,0,821,1360
07/18/2009,GFK,ND,AGL,CE,Towers with Radar,5,104,8,0,117,0,342,54,1,397,5,446,62,1,514,879,0,879,1393
07/19/2009,GFK,ND,AGL,CE,Towers with Radar,9,64,1,1,75,0,245,53,1,299,9,309,54,2,374,614,0,614,988
07/20/2009,GFK,ND,AGL,CE,Towers with Radar,6,108,11,0,125,0,194,41,0,235,6,302,52,0,360,894,0,894,1254
07/21/2009,GFK,ND,AGL,CE,Towers with Radar,9,138,17,0,164,0,307,36,0,343,9,445,53,0,507,462,0,462,969
07/22/2009,GFK,ND,AGL,CE,Towers with Radar,11,174,14,1,200,0,302,50,3,355,11,476,64,4,555,592,2,594,1149
07/23/2009,GFK,ND,AGL,CE,Towers with Radar,13,129,7,0,149,0,292,56,2,350,13,421,63,2,499,810,0,810,1309
07/24/2009,GFK,ND,AGL,CE,Towers with Radar,6,178,17,0,201,0,284,47,0,331,6,462,64,0,532,838,0,838,1370
07/25/2009,GFK,ND,AGL,CE,Towers with Radar,6,126,13,0,145,0,226,35,4,265,6,352,48,4,410,762,0,762,1172
07/26/2009,GFK,ND,AGL,CE,Towers with Radar,9,48,7,1,65,0,227,51,2,280,9,275,58,3,345,494,0,494,839
07/27/2009,GFK,ND,AGL,CE,Towers with Radar,6,149,16,0,171,0,199,44,0,243,6,348,60,0,414,610,0,610,1024
07/28/2009,GFK,ND,AGL,CE,Towers with Radar,9,195,17,0,221,0,265,62,2,329,9,460,79,2,550,766,0,766,1316
07/29/2009,GFK,ND,AGL,CE,Towers with Radar,9,179,23,0,211,0,219,38,0,257,9,398,61,0,468,882,0,882,1350
07/30/2009,GFK,ND,AGL,CE,Towers with Radar,11,115,20,0,146,0,48,19,2,69,11,163,39,2,215,413,0,413,628
07/31/2009,GFK,ND,AGL,CE,Towers with Radar,10,134,6,0,150,0,197,30,0,227,10,331,36,0,377,707,0,707,1084
08/01/2009,GFK,ND,AGL,CE,Towers with Radar,6,134,5,0,145,0,257,29,4,290,6,391,34,4,435,543,0,543,978
08/02/2009,GFK,ND,AGL,CE,Towers with Radar,9,48,3,1,61,0,173,28,2,203,9,221,31,3,264,660,0,660,924
08/03/2009,GFK,ND,AGL,CE,Towers with Radar,6,149,2,0,157,0,218,47,0,265,6,367,49,0,422,612,0,612,1034
08/04/2009,GFK,ND,AGL,CE,Towers with Radar,7,201,11,1,220,0,295,43,0,338,7,496,54,1,558,610,0,610,1168
08/05/2009,GFK,ND,AGL,CE,Towers with Radar,9,147,13,0,169,0,206,43,0,249,9,353,56,0,418,452,0,452,870
08/06/2009,GFK,ND,AGL,CE,Towers with Radar,11,117,12,0,140,0,338,30,0,368,11,455,42,0,508,678,0,678,1186
08/07/2009,GFK,ND,AGL,CE,Towers with Radar,11,74,13,2,100,0,57,7,0,64,11,131,20,2,164,293,0,293,457
08/08/2009,GFK,ND,AGL,CE,Towers with Radar,5,109,23,0,137,0,0,0,0,0,5,109,23,0,137,10,0,10,147
08/09/2009,GFK,ND,AGL,CE,Towers with Radar,7,70,12,0,89,0,155,15,0,170,7,225,27,0,259,401,0,401,660
08/10/2009,GFK,ND,AGL,CE,Towers with Radar,6,139,11,0,156,0,309,40,0,349,6,448,51,0,505,513,0,513,1018
08/11/2009,GFK,ND,AGL,CE,Towers with Radar,7,118,14,2,141,0,284,32,1,317,7,402,46,3,458,645,0,645,1103
08/12/2009,GFK,ND,AGL,CE,Towers with Radar,10,138,16,0,164,0,284,27,1,312,10,422,43,1,476,520,0,520,996
08/13/2009,GFK,ND,AGL,CE,Towers with Radar,10,136,10,0,156,0,225,34,0,259,10,361,44,0,415,622,0,622,1037
08/14/2009,GFK,ND,AGL,CE,Towers with Radar,12,57,17,1,87,0,26,19,1,46,12,83,36,2,133,157,0,157,290
08/15/2009,GFK,ND,AGL,CE,Towers with Radar,5,66,0,2,73,0,5,1,1,7,5,71,1,3,80,23,0,23,103
08/16/2009,GFK,ND,AGL,CE,Towers with Radar,9,44,1,0,54,0,86,13,0,99,9,130,14,0,153,210,0,210,363
08/17/2009,GFK,ND,AGL,CE,Towers with Radar,4,91,6,1,102,0,128,6,0,134,4,219,12,1,236,291,0,291,527
08/18/2009,GFK,ND,AGL,CE,Towers with Radar,9,118,12,0,139,0,343,26,0,369,9,461,38,0,508,711,0,711,1219
08/19/2009,GFK,ND,AGL,CE,Towers with Radar,10,58,6,0,74,0,26,3,0,29,10,84,9,0,103,191,0,191,294
08/20/2009,GFK,ND,AGL,CE,Towers with Radar,10,43,6,0,59,0,10,1,0,11,10,53,7,0,70,73,0,73,143
08/21/2009,GFK,ND,AGL,CE,Towers with Radar,11,85,15,0,111,0,35,12,0,47,11,120,27,0,158,281,0,281,439
08/22/2009,GFK,ND,AGL,CE,Towers with Radar,7,21,6,0,34,0,83,21,3,107,7,104,27,3,141,223,0,223,364
08/23/2009,GFK,ND,AGL,CE,Towers with Radar,8,8,7,0,23,0,190,25,2,217,8,198,32,2,240,421,0,421,661
08/24/2009,GFK,ND,AGL,CE,Towers with Radar,6,101,7,0,114,0,128,24,0,152,6,229,31,0,266,534,0,534,800
08/25/2009,GFK,ND,AGL,CE,Towers with Radar,9,138,15,0,162,0,288,43,3,334,9,426,58,3,496,599,0,599,1095
08/26/2009,GFK,ND,AGL,CE,Towers with Radar,8,135,9,0,152,0,294,51,1,346,8,429,60,1,498,806,0,806,1304
08/27/2009,GFK,ND,AGL,CE,Towers with Radar,10,134,13,0,157,0,207,36,0,243,10,341,49,0,400,571,0,571,971
08/28/2009,GFK,ND,AGL,CE,Towers with Radar,10,136,10,0,156,0,99,46,0,145,10,235,56,0,301,500,0,500,801
08/29/2009,GFK,ND,AGL,CE,Towers with Radar,5,100,17,0,122,0,221,28,1,250,5,321,45,1,372,413,0,413,785
08/30/2009,GFK,ND,AGL,CE,Towers with Radar,8,58,6,1,73,0,303,50,1,354,8,361,56,2,427,504,0,504,931
08/31/2009,GFK,ND,AGL,CE,Towers with Radar,5,139,5,1,150,0,386,36,1,423,5,525,41,2,573,636,0,636,1209
09/01/2009,GFK,ND,AGL,CE,Towers with Radar,8,147,8,0,163,0,376,33,0,409,8,523,41,0,572,710,0,710,1282
09/02/2009,GFK,ND,AGL,CE,Towers with Radar,8,130,10,1,149,0,400,25,1,426,8,530,35,2,575,916,0,916,1491
09/03/2009,GFK,ND,AGL,CE,Towers with Radar,11,142,5,3,161,0,359,40,1,400,11,501,45,4,561,1023,0,1023,1584
09/04/2009,GFK,ND,AGL,CE,Towers with Radar,12,132,6,1,151,0,401,32,1,434,12,533,38,2,585,1072,0,1072,1657
09/05/2009,GFK,ND,AGL,CE,Towers with Radar,6,87,3,0,96,0,255,33,3,291,6,342,36,3,387,671,0,671,1058
09/06/2009,GFK,ND,AGL,CE,Towers with Radar,7,49,11,0,67,0,202,30,0,232,7,251,41,0,299,668,0,668,967
09/07/2009,GFK,ND,AGL,CE,Towers with Radar,4,100,3,1,108,0,212,29,0,241,4,312,32,1,349,844,0,844,1193
09/08/2009,GFK,ND,AGL,CE,Towers with Radar,6,17,7,0,30,0,0,6,0,6,6,17,13,0,36,6,0,6,42
09/09/2009,GFK,ND,AGL,CE,Towers with Radar,9,151,7,0,167,0,437,46,2,485,9,588,53,2,652,1013,0,1013,1665
09/10/2009,GFK,ND,AGL,CE,Towers with Radar,10,183,11,0,204,0,356,52,0,408,10,539,63,0,612,1004,0,1004,1616
09/11/2009,GFK,ND,AGL,CE,Towers with Radar,10,179,7,4,200,0,97,36,0,133,10,276,43,4,333,693,0,693,1026
09/12/2009,GFK,ND,AGL,CE,Towers with Radar,5,122,17,1,145,0,110,28,0,138,5,232,45,1,283,807,0,807,1090
09/13/2009,GFK,ND,AGL,CE,Towers with Radar,8,45,9,0,62,0,126,28,2,156,8,171,37,2,218,527,0,527,745
09/14/2009,GFK,ND,AGL,CE,Towers with Radar,5,108,20,0,133,0,328,36,3,367,5,436,56,3,500,814,0,814,1314
09/15/2009,GFK,ND,AGL,CE,Towers with Radar,9,135,9,0,153,0,357,43,1,401,9,492,52,1,554,1039,0,1039,1593
09/16/2009,GFK,ND,AGL,CE,Towers with Radar,8,168,17,0,193,0,376,31,0,407,8,544,48,0,600,1131,0,1131,1731
09/17/2009,GFK,ND,AGL,CE,Towers with Radar,10,152,14,0,176,0,353,33,1,387,10,505,47,1,563,762,0,762,1325
09/18/2009,GFK,ND,AGL,CE,Towers with Radar,13,163,24,1,201,0,364,61,2,427,13,527,85,3,628,1103,0,1103,1731
09/19/2009,GFK,ND,AGL,CE,Towers with Radar,5,141,6,0,152,0,297,30,3,330,5,438,36,3,482,942,0,942,1424
09/20/2009,GFK,ND,AGL,CE,Towers with Radar,8,52,3,0,63,0,77,18,2,97,8,129,21,2,160,367,0,367,527
09/21/2009,GFK,ND,AGL,CE,Towers with Radar,6,207,13,0,226,0,90,12,2,104,6,297,25,2,330,599,0,599,929
09/22/2009,GFK,ND,AGL,CE,Towers with Radar,9,199,21,0,229,0,267,38,0,305,9,466,59,0,534,851,0,851,1385
09/23/2009,GFK,ND,AGL,CE,Towers with Radar,9,216,25,0,250,0,387,33,0,420,9,603,58,0,670,1092,0,1092,1762
09/24/2009,GFK,ND,AGL,CE,Towers with Radar,10,169,16,0,195,0,344,37,0,381,10,513,53,0,576,1154,0,1154,1730
09/25/2009,GFK,ND,AGL,CE,Towers with Radar,13,170,20,1,204,0,338,36,1,375,13,508,56,2,579,943,0,943,1522
09/26/2009,GFK,ND,AGL,CE,Towers with Radar,7,111,8,0,126,0,138,18,0,156,7,249,26,0,282,478,0,478,760
09/27/2009,GFK,ND,AGL,CE,Towers with Radar,7,9,3,0,19,0,32,8,0,40,7,41,11,0,59,68,0,68,127
09/28/2009,GFK,ND,AGL,CE,Towers with Radar,5,171,10,1,187,0,91,15,0,106,5,262,25,1,293,278,0,278,571
09/29/2009,GFK,ND,AGL,CE,Towers with Radar,8,214,10,1,233,0,358,52,3,413,8,572,62,4,646,895,0,895,1541
09/30/2009,GFK,ND,AGL,CE,Towers with Radar,8,124,13,2,147,0,115,18,0,133,8,239,31,2,280,424,0,424,704
10/01/2009,GFK,ND,AGL,CE,Towers with Radar,6,151,22,0,179,0,9,0,0,9,6,160,22,0,188,14,0,14,202
10/02/2009,GFK,ND,AGL,CE,Towers with Radar,5,221,20,0,246,0,173,30,1,204,5,394,50,1,450,1159,0,1159,1609
10/03/2009,GFK,ND,AGL,CE,Towers with Radar,4,140,9,0,153,0,110,22,0,132,4,250,31,0,285,1016,0,1016,1301
10/04/2009,GFK,ND,AGL,CE,Towers with Radar,10,95,5,9,119,0,11,14,0,25,10,106,19,9,144,358,0,358,502
10/05/2009,GFK,ND,AGL,CE,Towers with Radar,8,160,9,0,177,0,49,11,0,60,8,209,20,0,237,996,0,996,1233
10/06/2009,GFK,ND,AGL,CE,Towers with Radar,6,112,18,0,136,0,54,9,0,63,6,166,27,0,199,575,0,575,774
10/07/2009,GFK,ND,AGL,CE,Towers with Radar,10,150,17,0,177,0,157,19,0,176,10,307,36,0,353,571,0,571,924
10/08/2009,GFK,ND,AGL,CE,Towers with Radar,10,151,21,0,182,0,349,21,0,370,10,500,42,0,552,674,0,674,1226
10/09/2009,GFK,ND,AGL,CE,Towers with Radar,18,92,12,1,123,0,218,18,0,236,18,310,30,1,359,794,0,794,1153
10/10/2009,GFK,ND,AGL,CE,Towers with Radar,6,73,8,0,87,0,74,16,2,92,6,147,24,2,179,418,0,418,597
10/11/2009,GFK,ND,AGL,CE,Towers with Radar,8,32,3,0,43,0,129,22,2,153,8,161,25,2,196,690,0,690,886
10/12/2009,GFK,ND,AGL,CE,Towers with Radar,5,95,6,0,106,0,190,36,1,227,5,285,42,1,333,1050,0,1050,1383
10/13/2009,GFK,ND,AGL,CE,Towers with Radar,6,208,4,0,218,0,416,42,1,459,6,624,46,1,677,1221,0,1221,1898
10/14/2009,GFK,ND,AGL,CE,Towers with Radar,10,79,13,2,104,0,206,16,0,222,10,285,29,2,326,589,0,589,915
10/15/2009,GFK,ND,AGL,CE,Towers with Radar,9,32,10,0,51,0,1,3,0,4,9,33,13,0,55,42,0,42,97
10/16/2009,GFK,ND,AGL,CE,Towers with Radar,11,51,13,0,75,0,29,8,3,40,11,80,21,3,115,330,0,330,445
10/17/2009,GFK,ND,AGL,CE,Towers with Radar,5,194,6,0,205,0,310,36,1,347,5,504,42,1,552,755,0,755,1307
10/18/2009,GFK,ND,AGL,CE,Towers with Radar,8,144,7,0,159,0,248,26,2,276,8,392,33,2,435,841,0,841,1276
10/19/2009,GFK,ND,AGL,CE,Towers with Radar,7,223,7,0,237,0,80,20,1,101,7,303,27,1,338,889,0,889,1227
10/20/2009,GFK,ND,AGL,CE,Towers with Radar,7,89,6,0,102,0,41,15,0,56,7,130,21,0,158,830,0,830,988
10/21/2009,GFK,ND,AGL,CE,Towers with Radar,6,126,15,0,147,0,238,30,0,268,6,364,45,0,415,1009,0,1009,1424
10/22/2009,GFK,ND,AGL,CE,Towers with Radar,10,53,13,0,76,0,103,23,1,127,10,156,36,1,203,561,0,561,764
10/23/2009,GFK,ND,AGL,CE,Towers with Radar,13,121,14,0,148,0,260,27,1,288,13,381,41,1,436,1397,0,1397,1833
10/24/2009,GFK,ND,AGL,CE,Towers with Radar,7,129,3,0,139,0,237,13,0,250,7,366,16,0,389,888,0,888,1277
10/25/2009,GFK,ND,AGL,CE,Towers with Radar,6,4,10,0,20,0,2,3,0,5,6,6,13,0,25,195,0,195,220
10/26/2009,GFK,ND,AGL,CE,Towers with Radar,5,163,15,0,183,0,296,29,0,325,5,459,44,0,508,1045,0,1045,1553
10/27/2009,GFK,ND,AGL,CE,Towers with Radar,6,153,14,0,173,0,351,28,0,379,6,504,42,0,552,821,0,821,1373
10/28/2009,GFK,ND,AGL,CE,Towers with Radar,6,179,12,0,197,0,270,26,1,297,6,449,38,1,494,1074,0,1074,1568
10/29/2009,GFK,ND,AGL,CE,Towers with Radar,9,28,10,0,47,0,0,0,0,0,9,28,10,0,47,0,0,0,47
10/30/2009,GFK,ND,AGL,CE,Towers with Radar,10,22,10,0,42,0,7,11,0,18,10,29,21,0,60,157,0,157,217
10/31/2009,GFK,ND,AGL,CE,Towers with Radar,5,43,3,0,51,0,312,30,2,344,5,355,33,2,395,517,0,517,912
11/01/2009,GFK,ND,AGL,CE,Towers with Radar,9,81,14,0,104,0,124,18,0,142,9,205,32,0,246,426,0,426,672
11/02/2009,GFK,ND,AGL,CE,Towers with Radar,5,189,13,0,207,0,256,25,0,281,5,445,38,0,488,992,0,992,1480
11/03/2009,GFK,ND,AGL,CE,Towers with Radar,8,110,10,0,128,0,233,31,0,264,8,343,41,0,392,1077,0,1077,1469
11/04/2009,GFK,ND,AGL,CE,Towers with Radar,9,106,24,0,139,0,226,30,0,256,9,332,54,0,395,802,0,802,1197
11/05/2009,GFK,ND,AGL,CE,Towers with Radar,10,148,10,0,168,0,348,40,0,388,10,496,50,0,556,835,0,835,1391
11/06/2009,GFK,ND,AGL,CE,Towers with Radar,8,157,23,0,188,0,312,30,0,342,8,469,53,0,530,716,0,716,1246
11/07/2009,GFK,ND,AGL,CE,Towers with Radar,7,91,6,0,104,0,215,28,1,244,7,306,34,1,348,628,4,632,980
11/08/2009,GFK,ND,AGL,CE,Towers with Radar,8,72,4,0,84,0,204,43,0,247,8,276,47,0,331,703,0,703,1034
11/09/2009,GFK,ND,AGL,CE,Towers with Radar,5,101,12,0,118,0,334,39,3,376,5,435,51,3,494,823,0,823,1317
11/10/2009,GFK,ND,AGL,CE,Towers with Radar,8,142,11,0,161,0,234,38,0,272,8,376,49,0,433,839,0,839,1272
11/11/2009,GFK,ND,AGL,CE,Towers with Radar,8,145,8,3,164,0,280,46,3,329,8,425,54,6,493,1058,0,1058,1551
11/12/2009,GFK,ND,AGL,CE,Towers with Radar,12,151,17,1,181,0,7,6,0,13,12,158,23,1,194,335,0,335,529
11/13/2009,GFK,ND,AGL,CE,Towers with Radar,14,133,24,2,173,0,245,46,1,292,14,378,70,3,465,627,0,627,1092
11/14/2009,GFK,ND,AGL,CE,Towers with Radar,5,103,4,0,112,0,303,44,7,354,5,406,48,7,466,792,0,792,1258
11/15/2009,GFK,ND,AGL,CE,Towers with Radar,10,52,13,0,75,0,236,32,3,271,10,288,45,3,346,389,0,389,735
11/16/2009,GFK,ND,AGL,CE,Towers with Radar,7,125,19,0,151,0,311,34,0,345,7,436,53,0,496,627,0,627,1123
11/17/2009,GFK,ND,AGL,CE,Towers with Radar,8,136,15,0,159,0,256,26,1,283,8,392,41,1,442,713,0,713,1155
11/18/2009,GFK,ND,AGL,CE,Towers with Radar,7,130,21,0,158,0,304,31,6,341,7,434,52,6,499,689,9,698,1197
11/19/2009,GFK,ND,AGL,CE,Towers with Radar,10,140,19,0,169,0,344,32,1,377,10,484,51,1,546,783,0,783,1329
11/20/2009,GFK,ND,AGL,CE,Towers with Radar,12,101,25,1,139,0,314,33,4,351,12,415,58,5,490,757,2,759,1249
11/21/2009,GFK,ND,AGL,CE,Towers with Radar,5,48,12,0,65,0,86,16,2,104,5,134,28,2,169,303,0,303,472
11/22/2009,GFK,ND,AGL,CE,Towers with Radar,8,78,10,2,98,0,210,33,0,243,8,288,43,2,341,537,0,537,878
11/23/2009,GFK,ND,AGL,CE,Towers with Radar,6,30,12,2,50,0,29,10,0,39,6,59,22,2,89,156,0,156,245
11/24/2009,GFK,ND,AGL,CE,Towers with Radar,10,131,31,0,172,0,308,48,0,356,10,439,79,0,528,777,0,777,1305
11/25/2009,GFK,ND,AGL,CE,Towers with Radar,10,32,10,0,52,0,1,8,0,9,10,33,18,0,61,23,0,23,84
11/26/2009,GFK,ND,AGL,CE,Towers with Radar,5,2,0,0,7,0,1,9,0,10,5,3,9,0,17,14,0,14,31
11/27/2009,GFK,ND,AGL,CE,Towers with Radar,11,90,5,0,106,0,150,21,1,172,11,240,26,1,278,478,0,478,756
11/28/2009,GFK,ND,AGL,CE,Towers with Radar,12,45,5,0,62,0,46,14,0,60,12,91,19,0,122,245,0,245,367
11/29/2009,GFK,ND,AGL,CE,Towers with Radar,7,74,11,0,92,0,105,23,2,130,7,179,34,2,222,388,0,388,610
11/30/2009,GFK,ND,AGL,CE,Towers with Radar,7,154,10,0,171,0,241,35,7,283,7,395,45,7,454,736,0,736,1190
12/01/2009,GFK,ND,AGL,CE,Towers with Radar,8,29,6,0,43,0,2,3,0,5,8,31,9,0,48,64,0,64,112
12/02/2009,GFK,ND,AGL,CE,Towers with Radar,8,28,3,0,39,0,0,0,0,0,8,28,3,0,39,0,0,0,39
12/03/2009,GFK,ND,AGL,CE,Towers with Radar,10,49,6,0,65,0,23,11,0,34,10,72,17,0,99,298,0,298,397
12/04/2009,GFK,ND,AGL,CE,Towers with Radar,12,50,5,0,67,0,88,17,1,106,12,138,22,1,173,786,0,786,959
12/05/2009,GFK,ND,AGL,CE,Towers with Radar,5,106,11,0,122,0,151,26,0,177,5,257,37,0,299,564,0,564,863
12/06/2009,GFK,ND,AGL,CE,Towers with Radar,9,16,4,0,29,0,13,7,0,20,9,29,11,0,49,343,0,343,392
12/07/2009,GFK,ND,AGL,CE,Towers with Radar,7,212,13,0,232,0,208,23,3,234,7,420,36,3,466,983,0,983,1449
12/08/2009,GFK,ND,AGL,CE,Towers with Radar,9,112,13,0,134,0,155,24,0,179,9,267,37,0,313,497,0,497,810
12/09/2009,GFK,ND,AGL,CE,Towers with Radar,8,191,12,2,213,0,227,11,1,239,8,418,23,3,452,893,0,893,1345
12/10/2009,GFK,ND,AGL,CE,Towers with Radar,10,131,6,0,147,0,195,20,0,215,10,326,26,0,362,745,0,745,1107
12/11/2009,GFK,ND,AGL,CE,Towers with Radar,14,164,13,0,191,0,260,32,0,292,14,424,45,0,483,674,0,674,1157
12/12/2009,GFK,ND,AGL,CE,Towers with Radar,5,112,12,0,129,0,116,19,3,138,5,228,31,3,267,611,5,616,883
12/13/2009,GFK,ND,AGL,CE,Towers with Radar,8,29,12,0,49,0,51,2,0,53,8,80,14,0,102,214,0,214,316
12/14/2009,GFK,ND,AGL,CE,Towers with Radar,7,112,11,0,130,0,166,16,2,184,7,278,27,2,314,845,0,845,1159
12/15/2009,GFK,ND,AGL,CE,Towers with Radar,8,192,13,0,213,0,235,28,0,263,8,427,41,0,476,639,0,639,1115
12/16/2009,GFK,ND,AGL,CE,Towers with Radar,8,140,13,0,161,0,303,18,0,321,8,443,31,0,482,742,0,742,1224
12/17/2009,GFK,ND,AGL,CE,Towers with Radar,11,158,17,0,186,0,261,30,0,291,11,419,47,0,477,650,0,650,1127
12/18/2009,GFK,ND,AGL,CE,Towers with Radar,12,25,11,0,48,0,0,0,0,0,12,25,11,0,48,0,0,0,48
12/19/2009,GFK,ND,AGL,CE,Towers with Radar,6,30,10,0,46,0,9,10,0,19,6,39,20,0,65,70,0,70,135
12/20/2009,GFK,ND,AGL,CE,Towers with Radar,9,10,7,0,26,0,0,1,0,1,9,10,8,0,27,180,0,180,207
12/21/2009,GFK,ND,AGL,CE,Towers with Radar,8,198,24,0,230,0,210,30,0,240,8,408,54,0,470,825,0,825,1295
12/22/2009,GFK,ND,AGL,CE,Towers with Radar,10,148,15,0,173,0,146,15,0,161,10,294,30,0,334,483,0,483,817
12/23/2009,GFK,ND,AGL,CE,Towers with Radar,8,32,15,0,55,0,4,0,0,4,8,36,15,0,59,239,0,239,298
12/24/2009,GFK,ND,AGL,CE,Towers with Radar,11,33,0,0,44,0,0,0,0,0,11,33,0,0,44,0,0,0,44
12/25/2009,GFK,ND,AGL,CE,Towers with Radar,6,5,0,0,11,0,0,0,0,0,6,5,0,0,11,0,0,0,11
12/26/2009,GFK,ND,AGL,CE,Towers with Radar,5,8,2,0,15,0,0,0,0,0,5,8,2,0,15,0,0,0,15
12/27/2009,GFK,ND,AGL,CE,Towers with Radar,9,10,3,0,22,0,0,1,0,1,9,10,4,0,23,0,0,0,23
12/28/2009,GFK,ND,AGL,CE,Towers with Radar,6,19,0,0,25,0,1,6,0,7,6,20,6,0,32,0,0,0,32
12/29/2009,GFK,ND,AGL,CE,Towers with Radar,8,84,5,0,97,0,52,13,0,65,8,136,18,0,162,293,0,293,455
12/30/2009,GFK,ND,AGL,CE,Towers with Radar,8,45,11,0,64,0,7,2,0,9,8,52,13,0,73,57,0,57,130
12/31/2009,GFK,ND,AGL,CE,Towers with Radar,9,138,7,0,154,0,78,15,0,93,9,216,22,0,247,0,222,222,469
01/01/2010,GFK,ND,AGL,CE,Towers with Radar,0,0,2,0,2,0,0,1,0,1,0,0,3,0,3,10,0,10,13
01/02/2010,GFK,ND,AGL,CE,Towers with Radar,6,15,4,0,25,0,1,3,0,4,6,16,7,0,29,0,0,0,29
01/03/2010,GFK,ND,AGL,CE,Towers with Radar,5,13,2,0,20,0,0,3,1,4,5,13,5,1,24,0,0,0,24
01/04/2010,GFK,ND,AGL,CE,Towers with Radar,5,21,0,0,26,0,0,0,0,0,5,21,0,0,26,0,0,0,26
01/05/2010,GFK,ND,AGL,CE,Towers with Radar,11,31,8,0,50,0,5,18,0,23,11,36,26,0,73,167,0,167,240
01/06/2010,GFK,ND,AGL,CE,Towers with Radar,8,32,4,0,44,0,0,0,0,0,8,32,4,0,44,2,0,2,46
01/07/2010,GFK,ND,AGL,CE,Towers with Radar,10,39,12,2,63,0,9,2,0,11,10,48,14,2,74,63,0,63,137
01/08/2010,GFK,ND,AGL,CE,Towers with Radar,12,41,13,2,68,0,21,4,0,25,12,62,17,2,93,82,0,82,175
01/09/2010,GFK,ND,AGL,CE,Towers with Radar,5,106,8,0,119,0,88,9,2,99,5,194,17,2,218,258,0,258,476
01/10/2010,GFK,ND,AGL,CE,Towers with Radar,9,55,7,1,72,0,132,15,1,148,9,187,22,2,220,571,0,571,791
01/11/2010,GFK,ND,AGL,CE,Towers with Radar,8,52,7,2,69,0,23,4,0,27,8,75,11,2,96,110,0,110,206
01/12/2010,GFK,ND,AGL,CE,Towers with Radar,8,208,17,0,233,0,258,24,0,282,8,466,41,0,515,746,0,746,1261
01/13/2010,GFK,ND,AGL,CE,Towers with Radar,9,180,14,0,203,0,289,30,0,319,9,469,44,0,522,826,0,826,1348
01/14/2010,GFK,ND,AGL,CE,Towers with Radar,10,27,24,2,63,0,0,2,0,2,10,27,26,2,65,11,0,11,76
01/15/2010,GFK,ND,AGL,CE,Towers with Radar,12,184,9,0,205,0,317,29,0,346,12,501,38,0,551,840,0,840,1391
01/16/2010,GFK,ND,AGL,CE,Towers with Radar,7,116,16,0,139,0,343,19,2,364,7,459,35,2,503,722,0,722,1225
01/17/2010,GFK,ND,AGL,CE,Towers with Radar,8,61,5,1,75,0,68,20,0,88,8,129,25,1,163,508,0,508,671
01/18/2010,GFK,ND,AGL,CE,Towers with Radar,2,58,6,1,67,0,63,12,0,75,2,121,18,1,142,267,0,267,409
01/19/2010,GFK,ND,AGL,CE,Towers with Radar,11,59,15,0,85,0,37,0,0,37,11,96,15,0,122,236,0,236,358
01/20/2010,GFK,ND,AGL,CE,Towers with Radar,8,135,11,0,154,0,168,39,0,207,8,303,50,0,361,914,0,914,1275
01/21/2010,GFK,ND,AGL,CE,Towers with Radar,10,31,8,0,49,0,0,7,0,7,10,31,15,0,56,158,0,158,214
01/22/2010,GFK,ND,AGL,CE,Towers with Radar,13,11,0,0,24,0,0,0,0,0,13,11,0,0,24,0,0,0,24
01/23/2010,GFK,ND,AGL,CE,Towers with Radar,5,4,1,0,10,0,0,0,0,0,5,4,1,0,10,0,0,0,10
01/24/2010,GFK,ND,AGL,CE,Towers with Radar,8,10,4,0,22,0,0,0,0,0,8,10,4,0,22,0,0,0,22
01/25/2010,GFK,ND,AGL,CE,Towers with Radar,3,2,0,0,5,0,0,0,0,0,3,2,0,0,5,0,0,0,5
01/26/2010,GFK,ND,AGL,CE,Towers with Radar,10,118,21,0,149,0,200,28,1,229,10,318,49,1,378,353,0,353,731
01/27/2010,GFK,ND,AGL,CE,Towers with Radar,10,171,13,2,196,0,238,30,1,269,10,409,43,3,465,421,0,421,886
01/28/2010,GFK,ND,AGL,CE,Towers with Radar,10,221,23,2,256,0,333,43,0,376,10,554,66,2,632,906,0,906,1538
01/29/2010,GFK,ND,AGL,CE,Towers with Radar,10,174,17,0,201,0,392,36,0,428,10,566,53,0,629,832,0,832,1461
01/30/2010,GFK,ND,AGL,CE,Towers with Radar,5,126,14,0,145,0,294,39,0,333,5,420,53,0,478,927,0,927,1405
01/31/2010,GFK,ND,AGL,CE,Towers with Radar,8,74,16,2,100,0,218,22,3,243,8,292,38,5,343,765,2,767,1110
02/01/2010,GFK,ND,AGL,CE,Towers with Radar,7,77,21,0,105,0,67,12,2,81,7,144,33,2,186,481,0,481,667
02/02/2010,GFK,ND,AGL,CE,Towers with Radar,8,110,33,0,151,0,86,18,0,104,8,196,51,0,255,439,0,439,694
02/03/2010,GFK,ND,AGL,CE,Towers with Radar,8,167,21,0,196,0,199,21,0,220,8,366,42,0,416,590,0,590,1006
02/04/2010,GFK,ND,AGL,CE,Towers with Radar,10,25,14,0,49,0,0,0,0,0,10,25,14,0,49,0,0,0,49
02/05/2010,GFK,ND,AGL,CE,Towers with Radar,11,25,36,0,72,0,0,0,0,0,11,25,36,0,72,8,0,8,80
02/06/2010,GFK,ND,AGL,CE,Towers with Radar,5,13,13,2,33,0,2,0,0,2,5,15,13,2,35,4,0,4,39
02/07/2010,GFK,ND,AGL,CE,Towers with Radar,8,8,0,0,16,0,0,0,0,0,8,8,0,0,16,0,0,0,16
02/08/2010,GFK,ND,AGL,CE,Towers with Radar,7,20,7,0,34,0,0,7,0,7,7,20,14,0,41,15,0,15,56
02/09/2010,GFK,ND,AGL,CE,Towers with Radar,11,231,20,0,262,0,343,37,0,380,11,574,57,0,642,835,0,835,1477
02/10/2010,GFK,ND,AGL,CE,Towers with Radar,8,191,8,0,207,0,264,19,0,283,8,455,27,0,490,677,0,677,1167
02/11/2010,GFK,ND,AGL,CE,Towers with Radar,8,93,30,0,131,0,166,24,0,190,8,259,54,0,321,898,0,898,1219
02/12/2010,GFK,ND,AGL,CE,Towers with Radar,9,30,15,0,54,0,0,2,0,2,9,30,17,0,56,125,0,125,181
02/13/2010,GFK,ND,AGL,CE,Towers with Radar,6,53,4,0,63,0,71,14,0,85,6,124,18,0,148,350,0,350,498
02/14/2010,GFK,ND,AGL,CE,Towers with Radar,8,62,5,0,75,0,89,11,2,102,8,151,16,2,177,342,0,342,519
02/15/2010,GFK,ND,AGL,CE,Towers with Radar,5,188,20,0,213,0,318,44,0,362,5,506,64,0,575,677,0,677,1252
02/16/2010,GFK,ND,AGL,CE,Towers with Radar,6,158,16,0,180,0,416,32,1,449,6,574,48,1,629,1062,0,1062,1691
02/17/2010,GFK,ND,AGL,CE,Towers with Radar,5,139,28,0,172,0,387,34,0,421,5,526,62,0,593,910,0,910,1503
02/18/2010,GFK,ND,AGL,CE,Towers with Radar,10,32,23,2,67,0,4,5,0,9,10,36,28,2,76,131,0,131,207
02/19/2010,GFK,ND,AGL,CE,Towers with Radar,10,29,22,0,61,0,0,0,0,0,10,29,22,0,61,29,0,29,90
02/20/2010,GFK,ND,AGL,CE,Towers with Radar,5,57,8,0,70,0,67,19,0,86,5,124,27,0,156,503,0,503,659
02/21/2010,GFK,ND,AGL,CE,Towers with Radar,8,82,2,0,92,0,98,21,2,121,8,180,23,2,213,466,6,472,685
02/22/2010,GFK,ND,AGL,CE,Towers with Radar,5,22,12,0,39,0,1,18,0,19,5,23,30,0,58,311,0,311,369
02/23/2010,GFK,ND,AGL,CE,Towers with Radar,6,167,16,0,189,0,202,24,0,226,6,369,40,0,415,428,0,428,843
02/24/2010,GFK,ND,AGL,CE,Towers with Radar,6,233,17,0,256,0,397,39,0,436,6,630,56,0,692,910,0,910,1602
02/25/2010,GFK,ND,AGL,CE,Towers with Radar,12,182,18,0,212,0,374,49,1,424,12,556,67,1,636,892,0,892,1528
02/26/2010,GFK,ND,AGL,CE,Towers with Radar,10,130,15,0,155,0,276,43,2,321,10,406,58,2,476,932,0,932,1408
02/27/2010,GFK,ND,AGL,CE,Towers with Radar,5,173,21,0,199,0,324,33,0,357,5,497,54,0,556,897,0,897,1453
02/28/2010,GFK,ND,AGL,CE,Towers with Radar,10,94,27,1,132,0,195,26,1,222,10,289,53,2,354,428,0,428,782
03/01/2010,GFK,ND,AGL,CE,Towers with Radar,5,150,20,0,175,0,356,42,4,402,5,506,62,4,577,1101,0,1101,1678
03/02/2010,GFK,ND,AGL,CE,Towers with Radar,6,28,22,0,56,0,1,1,0,2,6,29,23,0,58,16,0,16,74
03/03/2010,GFK,ND,AGL,CE,Towers with Radar,8,32,16,0,56,0,0,0,0,0,8,32,16,0,56,0,0,0,56
03/04/2010,GFK,ND,AGL,CE,Towers with Radar,8,166,31,0,205,0,242,51,0,293,8,408,82,0,498,1084,0,1084,1582
03/05/2010,GFK,ND,AGL,CE,Towers with Radar,8,31,25,0,64,0,0,0,0,0,8,31,25,0,64,0,0,0,64
03/06/2010,GFK,ND,AGL,CE,Towers with Radar,5,73,16,0,94,0,33,6,0,39,5,106,22,0,133,412,0,412,545
03/07/2010,GFK,ND,AGL,CE,Towers with Radar,8,10,8,0,26,0,0,0,0,0,8,10,8,0,26,34,0,34,60
03/08/2010,GFK,ND,AGL,CE,Towers with Radar,7,24,12,0,43,0,0,0,0,0,7,24,12,0,43,0,0,0,43
03/09/2010,GFK,ND,AGL,CE,Towers with Radar,9,41,21,0,71,0,0,0,0,0,9,41,21,0,71,0,0,0,71
03/10/2010,GFK,ND,AGL,CE,Towers with Radar,6,41,4,0,51,0,0,0,0,0,6,41,4,0,51,0,0,0,51
03/11/2010,GFK,ND,AGL,CE,Towers with Radar,2,6,3,0,11,0,0,0,0,0,2,6,3,0,11,0,0,0,11
03/12/2010,GFK,ND,AGL,CE,Towers with Radar,18,30,15,0,63,0,0,0,0,0,18,30,15,0,63,0,0,0,63
03/13/2010,GFK,ND,AGL,CE,Towers with Radar,7,2,2,0,11,0,0,0,0,0,7,2,2,0,11,0,0,0,11
03/14/2010,GFK,ND,AGL,CE,Towers with Radar,8,14,3,0,25,0,0,0,0,0,8,14,3,0,25,6,0,6,31
03/15/2010,GFK,ND,AGL,CE,Towers with Radar,7,116,11,0,134,0,18,7,0,25,7,134,18,0,159,376,0,376,535
03/16/2010,GFK,ND,AGL,CE,Towers with Radar,6,183,32,0,221,0,385,54,2,441,6,568,86,2,662,913,0,913,1575
03/17/2010,GFK,ND,AGL,CE,Towers with Radar,6,204,13,0,223,0,338,48,3,389,6,542,61,3,612,950,0,950,1562
03/18/2010,GFK,ND,AGL,CE,Towers with Radar,10,102,16,2,130,0,188,26,0,214,10,290,42,2,344,644,0,644,988
03/19/2010,GFK,ND,AGL,CE,Towers with Radar,12,133,13,1,159,0,93,21,2,116,12,226,34,3,275,550,0,550,825
03/20/2010,GFK,ND,AGL,CE,Towers with Radar,5,105,11,0,121,0,269,35,1,305,5,374,46,1,426,978,0,978,1404
03/21/2010,GFK,ND,AGL,CE,Towers with Radar,6,93,9,0,108,0,238,24,2,264,6,331,33,2,372,996,0,996,1368
03/22/2010,GFK,ND,AGL,CE,Towers with Radar,7,138,9,0,154,0,229,28,7,264,7,367,37,7,418,975,0,975,1393
03/23/2010,GFK,ND,AGL,CE,Towers with Radar,8,153,13,0,174,0,260,36,0,296,8,413,49,0,470,835,0,835,1305
03/24/2010,GFK,ND,AGL,CE,Towers with Radar,6,82,10,2,100,0,222,27,2,251,6,304,37,4,351,708,0,708,1059
03/25/2010,GFK,ND,AGL,CE,Towers with Radar,10,175,41,0,226,0,382,33,5,420,10,557,74,5,646,1284,0,1284,1930
03/26/2010,GFK,ND,AGL,CE,Towers with Radar,12,178,14,4,208,0,259,34,1,294,12,437,48,5,502,947,0,947,1449
03/27/2010,GFK,ND,AGL,CE,Towers with Radar,5,80,21,1,107,0,134,14,1,149,5,214,35,2,256,489,0,489,745
03/28/2010,GFK,ND,AGL,CE,Towers with Radar,7,73,21,0,101,0,326,40,5,371,7,399,61,5,472,882,8,890,1362
03/29/2010,GFK,ND,AGL,CE,Towers with Radar,9,123,7,0,139,0,250,44,4,298,9,373,51,4,437,1099,0,1099,1536
03/30/2010,GFK,ND,AGL,CE,Towers with Radar,6,142,22,0,170,0,323,44,1,368,6,465,66,1,538,1506,0,1506,2044
03/31/2010,GFK,ND,AGL,CE,Towers with Radar,6,102,20,2,130,0,301,29,0,330,6,403,49,2,460,1137,0,1137,1597
04/01/2010,GFK,ND,AGL,CE,Towers with Radar,8,97,31,0,136,0,204,44,0,248,8,301,75,0,384,1151,0,1151,1535
04/02/2010,GFK,ND,AGL,CE,Towers with Radar,11,59,32,0,102,0,7,11,0,18,11,66,43,0,120,83,0,83,203
04/03/2010,GFK,ND,AGL,CE,Towers with Radar,5,69,10,0,84,0,167,25,0,192,5,236,35,0,276,790,0,790,1066
04/04/2010,GFK,ND,AGL,CE,Towers with Radar,6,8,0,0,14,0,11,0,0,11,6,19,0,0,25,0,0,0,25
04/05/2010,GFK,ND,AGL,CE,Towers with Radar,18,110,17,0,145,0,345,45,3,393,18,455,62,3,538,1226,0,1226,1764
04/06/2010,GFK,ND,AGL,CE,Towers with Radar,9,99,24,4,136,0,258,28,0,286,9,357,52,4,422,942,0,942,1364
04/07/2010,GFK,ND,AGL,CE,Towers with Radar,10,129,27,6,172,0,349,29,0,378,10,478,56,6,550,929,0,929,1479
04/08/2010,GFK,ND,AGL,CE,Towers with Radar,9,109,19,4,141,0,412,37,2,451,9,521,56,6,592,1239,0,1239,1831
04/09/2010,GFK,ND,AGL,CE,Towers with Radar,12,96,22,0,130,0,284,31,3,318,12,380,53,3,448,838,0,838,1286
04/10/2010,GFK,ND,AGL,CE,Towers with Radar,7,50,13,0,70,119,20,2,0,141,126,70,15,0,211,500,0,500,711
04/11/2010,GFK,ND,AGL,CE,Towers with Radar,6,37,10,2,55,0,221,37,2,260,6,258,47,4,315,759,12,771,1086
04/12/2010,GFK,ND,AGL,CE,Towers with Radar,9,39,12,0,60,0,80,22,0,102,9,119,34,0,162,534,0,534,696
04/13/2010,GFK,ND,AGL,CE,Towers with Radar,9,34,6,0,49,0,0,2,0,2,9,34,8,0,51,34,0,34,85
04/14/2010,GFK,ND,AGL,CE,Towers with Radar,8,110,8,0,126,0,250,28,2,280,8,360,36,2,406,834,0,834,1240
04/15/2010,GFK,ND,AGL,CE,Towers with Radar,12,75,13,0,100,0,118,9,2,129,12,193,22,2,229,531,0,531,760
04/16/2010,GFK,ND,AGL,CE,Towers with Radar,11,122,17,2,152,0,304,50,2,356,11,426,67,4,508,822,0,822,1330
04/17/2010,GFK,ND,AGL,CE,Towers with Radar,5,62,12,0,79,0,441,44,3,488,5,503,56,3,567,687,0,687,1254
04/18/2010,GFK,ND,AGL,CE,Towers with Radar,10,40,7,4,61,0,264,31,2,297,10,304,38,6,358,630,16,646,1004
04/19/2010,GFK,ND,AGL,CE,Towers with Radar,7,61,19,7,94,0,380,32,1,413,7,441,51,8,507,1269,2,1271,1778
04/20/2010,GFK,ND,AGL,CE,Towers with Radar,8,94,33,1,136,0,308,28,0,336,8,402,61,1,472,999,0,999,1471
04/21/2010,GFK,ND,AGL,CE,Towers with Radar,7,107,30,0,144,0,326,45,0,371,7,433,75,0,515,1009,0,1009,1524
04/22/2010,GFK,ND,AGL,CE,Towers with Radar,8,91,20,0,119,0,296,49,0,345,8,387,69,0,464,1194,0,1194,1658
04/23/2010,GFK,ND,AGL,CE,Towers with Radar,13,118,29,2,162,0,299,30,2,331,13,417,59,4,493,883,0,883,1376
04/24/2010,GFK,ND,AGL,CE,Towers with Radar,5,69,14,0,88,0,179,15,0,194,5,248,29,0,282,639,0,639,921
04/25/2010,GFK,ND,AGL,CE,Towers with Radar,6,48,7,11,72,0,135,26,1,162,6,183,33,12,234,531,0,531,765
04/26/2010,GFK,ND,AGL,CE,Towers with Radar,6,91,22,0,119,0,320,23,0,343,6,411,45,0,462,919,0,919,1381
04/27/2010,GFK,ND,AGL,CE,Towers with Radar,9,84,29,0,122,0,390,43,0,433,9,474,72,0,555,1226,0,1226,1781
04/28/2010,GFK,ND,AGL,CE,Towers with Radar,8,31,16,0,55,0,56,16,0,72,8,87,32,0,127,136,0,136,263
04/29/2010,GFK,ND,AGL,CE,Towers with Radar,8,80,23,0,111,0,35,8,0,43,8,115,31,0,154,334,0,334,488
04/30/2010,GFK,ND,AGL,CE,Towers with Radar,12,70,27,4,113,0,21,10,0,31,12,91,37,4,144,329,27,356,500
05/01/2010,GFK,ND,AGL,CE,Towers with Radar,5,49,6,2,62,0,30,20,0,50,5,79,26,2,112,542,0,542,654
05/02/2010,GFK,ND,AGL,CE,Towers with Radar,6,26,8,0,40,0,0,4,0,4,6,26,12,0,44,178,0,178,222
05/03/2010,GFK,ND,AGL,CE,Towers with Radar,5,46,14,4,69,0,130,39,0,169,5,176,53,4,238,1313,0,1313,1551
05/04/2010,GFK,ND,AGL,CE,Towers with Radar,6,67,16,0,89,0,269,16,1,286,6,336,32,1,375,631,0,631,1006
05/05/2010,GFK,ND,AGL,CE,Towers with Radar,6,35,10,0,51,0,1,0,2,3,6,36,10,2,54,43,0,43,97
05/06/2010,GFK,ND,AGL,CE,Towers with Radar,8,76,13,0,97,0,338,57,0,395,8,414,70,0,492,1220,0,1220,1712
05/07/2010,GFK,ND,AGL,CE,Towers with Radar,10,35,7,0,52,0,1,0,0,1,10,36,7,0,53,236,0,236,289
05/08/2010,GFK,ND,AGL,CE,Towers with Radar,5,88,11,0,104,0,439,29,3,471,5,527,40,3,575,999,0,999,1574
05/09/2010,GFK,ND,AGL,CE,Towers with Radar,6,66,15,0,87,0,337,23,4,364,6,403,38,4,451,968,0,968,1419
05/10/2010,GFK,ND,AGL,CE,Towers with Radar,5,99,13,0,117,0,257,24,4,285,5,356,37,4,402,800,0,800,1202
05/11/2010,GFK,ND,AGL,CE,Towers with Radar,6,45,14,0,65,0,76,15,0,91,6,121,29,0,156,1137,0,1137,1293
05/12/2010,GFK,ND,AGL,CE,Towers with Radar,7,92,17,0,116,0,325,29,4,358,7,417,46,4,474,918,4,922,1396
05/13/2010,GFK,ND,AGL,CE,Towers with Radar,9,76,17,2,104,0,33,22,0,55,9,109,39,2,159,863,0,863,1022
05/14/2010,GFK,ND,AGL,CE,Towers with Radar,10,151,16,0,177,0,405,44,3,452,10,556,60,3,629,1085,0,1085,1714
05/15/2010,GFK,ND,AGL,CE,Towers with Radar,5,77,12,2,96,0,280,31,3,314,5,357,43,5,410,964,0,964,1374
05/16/2010,GFK,ND,AGL,CE,Towers with Radar,6,48,13,0,67,0,169,21,3,193,6,217,34,3,260,765,0,765,1025
05/17/2010,GFK,ND,AGL,CE,Towers with Radar,5,78,16,0,99,0,298,45,3,346,5,376,61,3,445,1040,0,1040,1485
05/18/2010,GFK,ND,AGL,CE,Towers with Radar,8,66,29,0,103,0,302,41,0,343,8,368,70,0,446,1275,0,1275,1721
05/19/2010,GFK,ND,AGL,CE,Towers with Radar,5,91,32,0,128,0,319,44,0,363,5,410,76,0,491,1374,0,1374,1865
05/20/2010,GFK,ND,AGL,CE,Towers with Radar,8,90,25,0,123,0,250,38,1,289,8,340,63,1,412,1253,1,1254,1666
05/21/2010,GFK,ND,AGL,CE,Towers with Radar,10,119,24,5,158,0,236,49,1,286,10,355,73,6,444,1093,0,1093,1537
05/22/2010,GFK,ND,AGL,CE,Towers with Radar,5,24,9,0,38,0,4,12,0,16,5,28,21,0,54,22,0,22,76
05/23/2010,GFK,ND,AGL,CE,Towers with Radar,6,66,9,0,81,0,118,41,0,159,6,184,50,0,240,834,0,834,1074
05/24/2010,GFK,ND,AGL,CE,Towers with Radar,6,19,10,1,36,0,10,3,1,14,6,29,13,2,50,104,0,104,154
05/25/2010,GFK,ND,AGL,CE,Towers with Radar,8,58,19,0,85,0,40,5,0,45,8,98,24,0,130,172,0,172,302
05/26/2010,GFK,ND,AGL,CE,Towers with Radar,6,116,19,0,141,0,389,64,2,455,6,505,83,2,596,1476,0,1476,2072
05/27/2010,GFK,ND,AGL,CE,Towers with Radar,8,135,26,0,169,0,293,30,0,323,8,428,56,0,492,1023,0,1023,1515
05/28/2010,GFK,ND,AGL,CE,Towers with Radar,12,40,20,3,75,0,24,4,1,29,12,64,24,4,104,99,0,99,203
05/29/2010,GFK,ND,AGL,CE,Towers with Radar,5,97,11,0,113,0,133,26,0,159,5,230,37,0,272,711,0,711,983
05/30/2010,GFK,ND,AGL,CE,Towers with Radar,6,75,10,0,91,0,45,15,3,63,6,120,25,3,154,201,0,201,355
05/31/2010,GFK,ND,AGL,CE,Towers with Radar,6,71,9,0,86,0,202,36,4,242,6,273,45,4,328,1034,0,1034,1362
06/01/2010,GFK,ND,AGL,CE,Towers with Radar,3,139,11,0,153,0,300,43,0,343,3,439,54,0,496,1249,0,1249,1745
06/02/2010,GFK,ND,AGL,CE,Towers with Radar,8,117,26,4,155,0,300,54,0,354,8,417,80,4,509,1337,0,1337,1846
06/03/2010,GFK,ND,AGL,CE,Towers with Radar,10,101,18,0,129,0,204,30,2,236,10,305,48,2,365,931,5,936,1301
06/04/2010,GFK,ND,AGL,CE,Towers with Radar,10,114,16,0,140,0,152,56,2,210,10,266,72,2,350,536,0,536,886
06/05/2010,GFK,ND,AGL,CE,Towers with Radar,5,100,15,4,124,0,166,24,0,190,5,266,39,4,314,521,0,521,835
06/06/2010,GFK,ND,AGL,CE,Towers with Radar,6,62,5,0,73,0,22,16,0,38,6,84,21,0,111,406,0,406,517
06/07/2010,GFK,ND,AGL,CE,Towers with Radar,5,120,22,0,147,0,302,66,0,368,5,422,88,0,515,1194,0,1194,1709
06/08/2010,GFK,ND,AGL,CE,Towers with Radar,6,71,9,1,87,0,32,48,13,93,6,103,57,14,180,352,6,358,538
06/09/2010,GFK,ND,AGL,CE,Towers with Radar,6,109,18,7,140,0,87,34,11,132,6,196,52,18,272,747,0,747,1019
06/10/2010,GFK,ND,AGL,CE,Towers with Radar,7,110,29,0,146,0,21,23,0,44,7,131,52,0,190,213,0,213,403
06/11/2010,GFK,ND,AGL,CE,Towers with Radar,9,96,16,0,121,0,5,4,0,9,9,101,20,0,130,122,0,122,252
06/12/2010,GFK,ND,AGL,CE,Towers with Radar,7,87,23,2,119,0,4,12,0,16,7,91,35,2,135,235,0,235,370
06/13/2010,GFK,ND,AGL,CE,Towers with Radar,6,108,14,0,128,0,155,28,1,184,6,263,42,1,312,972,0,972,1284
06/14/2010,GFK,ND,AGL,CE,Towers with Radar,5,139,23,0,167,0,439,64,1,504,5,578,87,1,671,1409,0,1409,2080
06/15/2010,GFK,ND,AGL,CE,Towers with Radar,6,140,26,2,174,0,75,40,0,115,6,215,66,2,289,708,0,708,997
06/16/2010,GFK,ND,AGL,CE,Towers with Radar,6,105,35,0,146,0,423,49,0,472,6,528,84,0,618,1267,0,1267,1885
06/17/2010,GFK,ND,AGL,CE,Towers with Radar,8,32,6,0,46,0,0,7,0,7,8,32,13,0,53,4,0,4,57
06/18/2010,GFK,ND,AGL,CE,Towers with Radar,8,36,17,0,61,0,0,7,0,7,8,36,24,0,68,37,0,37,105
06/19/2010,GFK,ND,AGL,CE,Towers with Radar,5,144,16,0,165,0,292,49,0,341,5,436,65,0,506,1320,0,1320,1826
06/20/2010,GFK,ND,AGL,CE,Towers with Radar,6,56,12,0,74,0,182,38,0,220,6,238,50,0,294,823,0,823,1117
06/21/2010,GFK,ND,AGL,CE,Towers with Radar,5,52,11,0,68,0,66,31,2,99,5,118,42,2,167,706,0,706,873
06/22/2010,GFK,ND,AGL,CE,Towers with Radar,5,113,30,0,148,0,276,58,0,334,5,389,88,0,482,1146,0,1146,1628
06/23/2010,GFK,ND,AGL,CE,Towers with Radar,6,166,22,0,194,0,233,75,0,308,6,399,97,0,502,1105,0,1105,1607
06/24/2010,GFK,ND,AGL,CE,Towers with Radar,8,53,19,0,80,0,234,47,0,281,8,287,66,0,361,796,0,796,1157
06/25/2010,GFK,ND,AGL,CE,Towers with Radar,9,145,15,3,172,0,146,60,11,217,9,291,75,14,389,1032,0,1032,1421
06/26/2010,GFK,ND,AGL,CE,Towers with Radar,5,45,17,0,67,0,47,5,0,52,5,92,22,0,119,580,0,580,699
06/27/2010,GFK,ND,AGL,CE,Towers with Radar,6,45,8,1,60,0,65,13,1,79,6,110,21,2,139,319,6,325,464
06/28/2010,GFK,ND,AGL,CE,Towers with Radar,5,139,14,0,158,0,345,49,2,396,5,484,63,2,554,1268,0,1268,1822
06/29/2010,GFK,ND,AGL,CE,Towers with Radar,6,106,19,0,131,0,356,69,1,426,6,462,88,1,557,1179,0,1179,1736
06/30/2010,GFK,ND,AGL,CE,Towers with Radar,6,80,13,3,102,0,86,32,1,119,6,166,45,4,221,220,0,220,441
07/01/2010,GFK,ND,AGL,CE,Towers with Radar,8,103,10,3,124,0,173,19,1,193,8,276,29,4,317,621,4,625,942
07/02/2010,GFK,ND,AGL,CE,Towers with Radar,11,53,9,0,73,0,53,9,0,62,11,106,18,0,135,206,0,206,341
07/03/2010,GFK,ND,AGL,CE,Towers with Radar,4,18,4,0,26,0,1,7,2,10,4,19,11,2,36,4,0,4,40
07/04/2010,GFK,ND,AGL,CE,Towers with Radar,6,10,2,0,18,0,0,9,0,9,6,10,11,0,27,2,0,2,29
07/05/2010,GFK,ND,AGL,CE,Towers with Radar,4,18,1,0,23,0,0,11,3,14,4,18,12,3,37,43,0,43,80
07/06/2010,GFK,ND,AGL,CE,Towers with Radar,3,86,16,4,109,0,297,33,3,333,3,383,49,7,442,1009,0,1009,1451
07/07/2010,GFK,ND,AGL,CE,Towers with Radar,6,117,43,0,166,0,308,43,2,353,6,425,86,2,519,1194,0,1194,1713
07/08/2010,GFK,ND,AGL,CE,Towers with Radar,8,122,29,0,159,0,281,48,2,331,8,403,77,2,490,712,0,712,1202
07/09/2010,GFK,ND,AGL,CE,Towers with Radar,10,98,25,4,137,0,256,83,0,339,10,354,108,4,476,957,0,957,1433
07/10/2010,GFK,ND,AGL,CE,Towers with Radar,5,60,9,0,74,0,212,36,2,250,5,272,45,2,324,919,0,919,1243
07/11/2010,GFK,ND,AGL,CE,Towers with Radar,5,47,11,0,63,0,116,18,0,134,5,163,29,0,197,539,0,539,736
07/12/2010,GFK,ND,AGL,CE,Towers with Radar,6,94,19,0,119,0,266,79,2,347,6,360,98,2,466,1052,0,1052,1518
07/13/2010,GFK,ND,AGL,CE,Towers with Radar,8,49,25,0,82,0,59,25,0,84,8,108,50,0,166,260,0,260,426
07/14/2010,GFK,ND,AGL,CE,Towers with Radar,6,109,14,0,129,0,158,56,0,214,6,267,70,0,343,614,0,614,957
07/15/2010,GFK,ND,AGL,CE,Towers with Radar,7,76,21,4,108,0,154,51,4,209,7,230,72,8,317,413,0,413,730
07/16/2010,GFK,ND,AGL,CE,Towers with Radar,10,107,23,2,142,0,285,61,0,346,10,392,84,2,488,996,0,996,1484
07/17/2010,GFK,ND,AGL,CE,Towers with Radar,5,24,4,0,33,0,22,24,2,48,5,46,28,2,81,305,0,305,386
07/18/2010,GFK,ND,AGL,CE,Towers with Radar,6,68,14,0,88,0,205,33,2,240,6,273,47,2,328,721,0,721,1049
07/19/2010,GFK,ND,AGL,CE,Towers with Radar,7,102,18,2,129,0,197,54,0,251,7,299,72,2,380,1106,0,1106,1486
07/20/2010,GFK,ND,AGL,CE,Towers with Radar,6,92,18,1,117,0,167,65,1,233,6,259,83,2,350,837,8,845,1195
07/21/2010,GFK,ND,AGL,CE,Towers with Radar,5,136,26,0,167,0,336,66,1,403,5,472,92,1,570,1350,0,1350,1920
07/22/2010,GFK,ND,AGL,CE,Towers with Radar,10,147,58,0,215,0,74,25,0,99,10,221,83,0,314,513,0,513,827
07/23/2010,GFK,ND,AGL,CE,Towers with Radar,12,80,24,0,116,0,203,67,0,270,12,283,91,0,386,895,0,895,1281
07/24/2010,GFK,ND,AGL,CE,Towers with Radar,5,96,12,0,113,0,203,55,1,259,5,299,67,1,372,847,0,847,1219
07/25/2010,GFK,ND,AGL,CE,Towers with Radar,8,48,14,0,70,0,178,40,1,219,8,226,54,1,289,978,0,978,1267
07/26/2010,GFK,ND,AGL,CE,Towers with Radar,5,55,18,4,82,0,78,30,0,108,5,133,48,4,190,444,0,444,634
07/27/2010,GFK,ND,AGL,CE,Towers with Radar,6,35,25,6,72,0,103,30,0,133,6,138,55,6,205,811,0,811,1016
07/28/2010,GFK,ND,AGL,CE,Towers with Radar,6,126,17,0,149,0,314,58,1,373,6,440,75,1,522,1372,0,1372,1894
07/29/2010,GFK,ND,AGL,CE,Towers with Radar,7,89,16,2,114,0,254,52,3,309,7,343,68,5,423,1422,0,1422,1845
07/30/2010,GFK,ND,AGL,CE,Towers with Radar,9,100,22,1,132,0,91,43,1,135,9,191,65,2,267,897,0,897,1164
07/31/2010,GFK,ND,AGL,CE,Towers with Radar,5,58,28,0,91,0,227,42,5,274,5,285,70,5,365,798,0,798,1163
08/01/2010,GFK,ND,AGL,CE,Towers with Radar,5,33,17,0,55,0,57,21,0,78,5,90,38,0,133,402,0,402,535
08/02/2010,GFK,ND,AGL,CE,Towers with Radar,4,94,19,0,117,0,169,54,0,223,4,263,73,0,340,832,0,832,1172
08/03/2010,GFK,ND,AGL,CE,Towers with Radar,6,95,27,0,128,0,246,54,0,300,6,341,81,0,428,806,0,806,1234
08/04/2010,GFK,ND,AGL,CE,Towers with Radar,8,83,26,0,117,0,154,36,1,191,8,237,62,1,308,580,9,589,897
08/05/2010,GFK,ND,AGL,CE,Towers with Radar,7,105,28,0,140,0,286,40,0,326,7,391,68,0,466,1038,0,1038,1504
08/06/2010,GFK,ND,AGL,CE,Towers with Radar,10,116,18,0,144,0,295,51,0,346,10,411,69,0,490,1184,0,1184,1674
08/07/2010,GFK,ND,AGL,CE,Towers with Radar,5,57,11,0,73,0,127,20,1,148,5,184,31,1,221,565,0,565,786
08/08/2010,GFK,ND,AGL,CE,Towers with Radar,6,50,13,0,69,0,122,20,4,146,6,172,33,4,215,520,0,520,735
08/09/2010,GFK,ND,AGL,CE,Towers with Radar,5,86,10,0,101,0,294,44,1,339,5,380,54,1,440,1030,0,1030,1470
08/10/2010,GFK,ND,AGL,CE,Towers with Radar,5,62,23,0,90,0,60,9,3,72,5,122,32,3,162,436,0,436,598
08/11/2010,GFK,ND,AGL,CE,Towers with Radar,6,134,15,0,155,0,273,45,1,319,6,407,60,1,474,950,0,950,1424
08/12/2010,GFK,ND,AGL,CE,Towers with Radar,8,49,13,3,73,0,124,31,2,157,8,173,44,5,230,393,0,393,623
08/13/2010,GFK,ND,AGL,CE,Towers with Radar,10,92,20,1,123,0,231,40,0,271,10,323,60,1,394,1129,0,1129,1523
08/14/2010,GFK,ND,AGL,CE,Towers with Radar,5,48,9,0,62,0,52,13,2,67,5,100,22,2,129,355,0,355,484
08/15/2010,GFK,ND,AGL,CE,Towers with Radar,6,23,8,1,38,0,14,9,0,23,6,37,17,1,61,122,0,122,183
08/16/2010,GFK,ND,AGL,CE,Towers with Radar,5,105,17,1,128,0,188,31,1,220,5,293,48,2,348,864,0,864,1212
08/17/2010,GFK,ND,AGL,CE,Towers with Radar,6,82,6,0,94,0,206,29,2,237,6,288,35,2,331,714,0,714,1045
08/18/2010,GFK,ND,AGL,CE,Towers with Radar,6,52,9,0,67,0,126,26,0,152,6,178,35,0,219,535,0,535,754
08/19/2010,GFK,ND,AGL,CE,Towers with Radar,8,57,12,0,77,0,100,29,1,130,8,157,41,1,207,482,0,482,689
08/20/2010,GFK,ND,AGL,CE,Towers with Radar,10,117,14,0,141,0,84,37,0,121,10,201,51,0,262,840,0,840,1102
08/21/2010,GFK,ND,AGL,CE,Towers with Radar,5,99,11,2,117,0,191,30,0,221,5,290,41,2,338,654,0,654,992
08/22/2010,GFK,ND,AGL,CE,Towers with Radar,6,24,7,0,37,0,11,11,0,22,6,35,18,0,59,14,18,32,91
08/23/2010,GFK,ND,AGL,CE,Towers with Radar,5,36,12,0,53,0,38,14,2,54,5,74,26,2,107,247,0,247,354
08/24/2010,GFK,ND,AGL,CE,Towers with Radar,6,52,11,0,69,0,72,22,0,94,6,124,33,0,163,477,0,477,640
08/25/2010,GFK,ND,AGL,CE,Towers with Radar,6,100,24,0,130,0,357,57,0,414,6,457,81,0,544,1328,0,1328,1872
08/26/2010,GFK,ND,AGL,CE,Towers with Radar,8,130,18,0,156,0,334,53,0,387,8,464,71,0,543,1511,0,1511,2054
08/27/2010,GFK,ND,AGL,CE,Towers with Radar,10,102,20,0,132,0,195,43,0,238,10,297,63,0,370,870,0,870,1240
08/28/2010,GFK,ND,AGL,CE,Towers with Radar,5,45,7,0,57,0,238,34,3,275,5,283,41,3,332,849,0,849,1181
08/29/2010,GFK,ND,AGL,CE,Towers with Radar,6,39,11,0,56,0,111,37,1,149,6,150,48,1,205,565,0,565,770
08/30/2010,GFK,ND,AGL,CE,Towers with Radar,5,53,18,0,76,0,83,17,0,100,5,136,35,0,176,413,0,413,589
08/31/2010,GFK,ND,AGL,CE,Towers with Radar,6,121,15,0,142,0,178,36,2,216,6,299,51,2,358,918,0,918,1276
09/01/2010,GFK,ND,AGL,CE,Towers with Radar,8,84,29,0,121,0,299,38,0,337,8,383,67,0,458,1060,0,1060,1518
09/02/2010,GFK,ND,AGL,CE,Towers with Radar,8,55,21,0,84,0,50,29,0,79,8,105,50,0,163,591,0,591,754
09/03/2010,GFK,ND,AGL,CE,Towers with Radar,9,89,22,0,120,0,127,21,0,148,9,216,43,0,268,420,0,420,688
09/04/2010,GFK,ND,AGL,CE,Towers with Radar,5,83,10,0,98,0,514,33,1,548,5,597,43,1,646,960,0,960,1606
09/05/2010,GFK,ND,AGL,CE,Towers with Radar,5,49,7,0,61,0,240,33,2,275,5,289,40,2,336,852,0,852,1188
09/06/2010,GFK,ND,AGL,CE,Towers with Radar,7,41,10,0,58,0,173,28,1,202,7,214,38,1,260,640,0,640,900
09/07/2010,GFK,ND,AGL,CE,Towers with Radar,3,156,30,0,189,0,173,24,2,199,3,329,54,2,388,844,0,844,1232
09/08/2010,GFK,ND,AGL,CE,Towers with Radar,4,168,15,0,187,0,414,58,0,472,4,582,73,0,659,1233,0,1233,1892
09/09/2010,GFK,ND,AGL,CE,Towers with Radar,10,112,18,0,140,0,105,11,0,116,10,217,29,0,256,393,0,393,649
09/10/2010,GFK,ND,AGL,CE,Towers with Radar,8,163,17,0,188,0,2,0,0,2,8,165,17,0,190,2,0,2,192
09/11/2010,GFK,ND,AGL,CE,Towers with Radar,3,84,10,0,97,0,258,18,0,276,3,342,28,0,373,744,0,744,1117
09/12/2010,GFK,ND,AGL,CE,Towers with Radar,4,42,11,0,57,0,219,48,2,269,4,261,59,2,326,737,10,747,1073
09/13/2010,GFK,ND,AGL,CE,Towers with Radar,3,106,19,0,128,0,451,88,1,540,3,557,107,1,668,1275,0,1275,1943
09/14/2010,GFK,ND,AGL,CE,Towers with Radar,4,139,21,0,164,0,438,73,1,512,4,577,94,1,676,1246,0,1246,1922
09/15/2010,GFK,ND,AGL,CE,Towers with Radar,4,110,12,0,126,0,337,70,1,408,4,447,82,1,534,1298,0,1298,1832
09/16/2010,GFK,ND,AGL,CE,Towers with Radar,6,108,9,1,124,0,326,79,0,405,6,434,88,1,529,1012,0,1012,1541
09/17/2010,GFK,ND,AGL,CE,Towers with Radar,8,132,10,2,152,0,241,43,2,286,8,373,53,4,438,828,1,829,1267
09/18/2010,GFK,ND,AGL,CE,Towers with Radar,3,91,5,1,100,0,345,36,2,383,3,436,41,3,483,998,0,998,1481
09/19/2010,GFK,ND,AGL,CE,Towers with Radar,4,52,2,4,62,0,237,33,5,275,4,289,35,9,337,751,6,757,1094
09/20/2010,GFK,ND,AGL,CE,Towers with Radar,3,148,15,0,166,0,45,14,0,59,3,193,29,0,225,299,0,299,524
09/21/2010,GFK,ND,AGL,CE,Towers with Radar,4,157,12,4,177,0,150,34,0,184,4,307,46,4,361,899,0,899,1260
09/22/2010,GFK,ND,AGL,CE,Towers with Radar,4,151,14,0,169,0,333,40,0,373,4,484,54,0,542,945,0,945,1487
09/23/2010,GFK,ND,AGL,CE,Towers with Radar,5,190,8,1,204,0,0,0,0,0,5,190,8,1,204,0,0,0,204
09/24/2010,GFK,ND,AGL,CE,Towers with Radar,9,184,22,0,215,0,247,30,1,278,9,431,52,1,493,663,0,663,1156
09/25/2010,GFK,ND,AGL,CE,Towers with Radar,4,141,10,0,155,0,124,11,0,135,4,265,21,0,290,592,0,592,882
09/26/2010,GFK,ND,AGL,CE,Towers with Radar,4,66,9,0,79,0,134,24,0,158,4,200,33,0,237,490,0,490,727
09/27/2010,GFK,ND,AGL,CE,Towers with Radar,3,166,16,0,185,0,181,13,0,194,3,347,29,0,379,596,0,596,975
09/28/2010,GFK,ND,AGL,CE,Towers with Radar,4,125,6,0,135,0,166,20,1,187,4,291,26,1,322,607,0,607,929
09/29/2010,GFK,ND,AGL,CE,Towers with Radar,4,188,11,0,203,0,202,22,0,224,4,390,33,0,427,675,0,675,1102
09/30/2010,GFK,ND,AGL,CE,Towers with Radar,8,191,8,0,207,0,437,59,3,499,8,628,67,3,706,1129,0,1129,1835
10/01/2010,GFK,ND,AGL,CE,Towers with Radar,6,214,8,0,228,0,235,30,0,265,6,449,38,0,493,853,0,853,1346
10/02/2010,GFK,ND,AGL,CE,Towers with Radar,3,129,2,0,134,0,384,42,0,426,3,513,44,0,560,1182,0,1182,1742
10/03/2010,GFK,ND,AGL,CE,Towers with Radar,6,98,9,0,113,0,79,13,0,92,6,177,22,0,205,220,0,220,425
10/04/2010,GFK,ND,AGL,CE,Towers with Radar,1,187,18,0,206,0,216,23,0,239,1,403,41,0,445,963,0,963,1408
10/05/2010,GFK,ND,AGL,CE,Towers with Radar,4,186,6,0,196,0,180,31,0,211,4,366,37,0,407,864,0,864,1271
10/06/2010,GFK,ND,AGL,CE,Towers with Radar,4,193,12,0,209,0,313,47,0,360,4,506,59,0,569,1045,0,1045,1614
10/07/2010,GFK,ND,AGL,CE,Towers with Radar,10,220,23,0,253,0,325,58,0,383,10,545,81,0,636,1041,0,1041,1677
10/08/2010,GFK,ND,AGL,CE,Towers with Radar,6,237,24,2,269,0,308,52,2,362,6,545,76,4,631,943,0,943,1574
10/09/2010,GFK,ND,AGL,CE,Towers with Radar,5,147,6,0,158,0,228,27,0,255,5,375,33,0,413,844,0,844,1257
10/10/2010,GFK,ND,AGL,CE,Towers with Radar,6,79,4,0,89,0,136,30,1,167,6,215,34,1,256,490,0,490,746
10/11/2010,GFK,ND,AGL,CE,Towers with Radar,1,176,16,0,193,0,296,33,0,329,1,472,49,0,522,972,0,972,1494
10/12/2010,GFK,ND,AGL,CE,Towers with Radar,4,147,10,4,165,0,176,24,1,201,4,323,34,5,366,467,0,467,833
10/13/2010,GFK,ND,AGL,CE,Towers with Radar,4,192,10,0,206,0,273,39,0,312,4,465,49,0,518,1004,0,1004,1522
10/14/2010,GFK,ND,AGL,CE,Towers with Radar,8,218,23,0,249,0,198,43,0,241,8,416,66,0,490,782,0,782,1272
10/15/2010,GFK,ND,AGL,CE,Towers with Radar,6,177,7,0,190,0,235,27,0,262,6,412,34,0,452,783,0,783,1235
10/16/2010,GFK,ND,AGL,CE,Towers with Radar,3,85,2,0,90,0,98,22,0,120,3,183,24,0,210,402,22,424,634
10/17/2010,GFK,ND,AGL,CE,Towers with Radar,6,117,10,0,133,0,177,41,0,218,6,294,51,0,351,834,0,834,1185
10/18/2010,GFK,ND,AGL,CE,Towers with Radar,1,123,6,0,130,0,287,32,0,319,1,410,38,0,449,751,0,751,1200
10/19/2010,GFK,ND,AGL,CE,Towers with Radar,4,182,13,0,199,0,229,41,0,270,4,411,54,0,469,804,0,804,1273
10/20/2010,GFK,ND,AGL,CE,Towers with Radar,5,82,2,0,89,0,77,15,0,92,5,159,17,0,181,425,0,425,606
10/21/2010,GFK,ND,AGL,CE,Towers with Radar,8,179,18,0,205,0,344,58,0,402,8,523,76,0,607,1031,0,1031,1638
10/22/2010,GFK,ND,AGL,CE,Towers with Radar,8,202,18,0,228,0,343,42,1,386,8,545,60,1,614,1068,0,1068,1682
10/23/2010,GFK,ND,AGL,CE,Towers with Radar,3,127,2,0,132,0,248,26,0,274,3,375,28,0,406,789,0,789,1195
10/24/2010,GFK,ND,AGL,CE,Towers with Radar,6,73,6,0,85,0,9,7,0,16,6,82,13,0,101,352,0,352,453
10/25/2010,GFK,ND,AGL,CE,Towers with Radar,1,111,12,0,124,0,0,0,0,0,1,111,12,0,124,0,0,0,124
10/26/2010,GFK,ND,AGL,CE,Towers with Radar,8,20,2,0,30,0,0,0,0,0,8,20,2,0,30,0,0,0,30
10/27/2010,GFK,ND,AGL,CE,Towers with Radar,4,26,2,0,32,0,0,0,0,0,4,26,2,0,32,0,0,0,32
10/28/2010,GFK,ND,AGL,CE,Towers with Radar,9,186,22,0,217,0,228,34,0,262,9,414,56,0,479,771,0,771,1250
10/29/2010,GFK,ND,AGL,CE,Towers with Radar,7,263,15,0,285,0,401,64,2,467,7,664,79,2,752,1173,0,1173,1925
10/30/2010,GFK,ND,AGL,CE,Towers with Radar,4,20,2,0,26,0,2,4,2,8,4,22,6,2,34,71,36,107,141
10/31/2010,GFK,ND,AGL,CE,Towers with Radar,8,49,12,0,69,0,26,14,0,40,8,75,26,0,109,366,0,366,475
11/01/2010,GFK,ND,AGL,CE,Towers with Radar,1,211,13,0,225,0,361,31,1,393,1,572,44,1,618,985,0,985,1603
11/02/2010,GFK,ND,AGL,CE,Towers with Radar,4,170,2,0,176,0,283,28,0,311,4,453,30,0,487,1160,0,1160,1647
11/03/2010,GFK,ND,AGL,CE,Towers with Radar,4,118,12,2,136,0,130,30,0,160,4,248,42,2,296,505,0,505,801
11/04/2010,GFK,ND,AGL,CE,Towers with Radar,8,209,16,1,234,0,321,51,1,373,8,530,67,2,607,954,0,954,1561
11/05/2010,GFK,ND,AGL,CE,Towers with Radar,7,198,12,0,217,0,349,51,2,402,7,547,63,2,619,851,0,851,1470
11/06/2010,GFK,ND,AGL,CE,Towers with Radar,4,127,6,0,137,0,287,33,0,320,4,414,39,0,457,828,0,828,1285
11/07/2010,GFK,ND,AGL,CE,Towers with Radar,6,101,3,0,110,0,206,16,0,222,6,307,19,0,332,399,0,399,731
11/08/2010,GFK,ND,AGL,CE,Towers with Radar,1,151,5,0,157,0,320,62,1,383,1,471,67,1,540,1024,0,1024,1564
11/09/2010,GFK,ND,AGL,CE,Towers with Radar,4,184,10,0,198,0,303,29,0,332,4,487,39,0,530,917,0,917,1447
11/10/2010,GFK,ND,AGL,CE,Towers with Radar,4,94,18,1,117,0,2,16,0,18,4,96,34,1,135,179,0,179,314
11/11/2010,GFK,ND,AGL,CE,Towers with Radar,8,84,3,0,95,76,8,1,0,85,84,92,4,0,180,582,0,582,762
11/12/2010,GFK,ND,AGL,CE,Towers with Radar,8,200,12,0,220,0,428,58,0,486,8,628,70,0,706,966,0,966,1672
11/13/2010,GFK,ND,AGL,CE,Towers with Radar,4,14,2,0,20,0,0,0,0,0,4,14,2,0,20,0,0,0,20
11/14/2010,GFK,ND,AGL,CE,Towers with Radar,10,19,10,1,40,0,31,29,0,60,10,50,39,1,100,642,0,642,742
11/15/2010,GFK,ND,AGL,CE,Towers with Radar,1,43,4,0,48,0,89,32,2,123,1,132,36,2,171,888,0,888,1059
11/16/2010,GFK,ND,AGL,CE,Towers with Radar,4,37,4,0,45,0,18,22,0,40,4,55,26,0,85,563,0,563,648
11/17/2010,GFK,ND,AGL,CE,Towers with Radar,4,34,10,0,48,0,31,9,0,40,4,65,19,0,88,273,0,273,361
11/18/2010,GFK,ND,AGL,CE,Towers with Radar,10,57,10,2,79,0,115,23,0,138,10,172,33,2,217,588,0,588,805
11/19/2010,GFK,ND,AGL,CE,Towers with Radar,7,124,6,4,141,0,110,14,0,124,7,234,20,4,265,211,0,211,476
11/20/2010,GFK,ND,AGL,CE,Towers with Radar,4,17,1,2,24,0,12,13,4,29,4,29,14,6,53,523,0,523,576
11/21/2010,GFK,ND,AGL,CE,Towers with Radar,8,72,6,0,86,0,19,3,0,22,8,91,9,0,108,96,0,96,204
11/22/2010,GFK,ND,AGL,CE,Towers with Radar,1,29,6,0,36,0,0,0,0,0,1,29,6,0,36,0,0,0,36
11/23/2010,GFK,ND,AGL,CE,Towers with Radar,4,192,15,0,211,0,324,59,0,383,4,516,74,0,594,841,0,841,1435
11/24/2010,GFK,ND,AGL,CE,Towers with Radar,9,37,7,4,57,0,14,6,0,20,9,51,13,4,77,34,0,34,111
11/25/2010,GFK,ND,AGL,CE,Towers with Radar,0,8,1,0,9,0,0,0,0,0,0,8,1,0,9,0,0,0,9
11/26/2010,GFK,ND,AGL,CE,Towers with Radar,7,71,6,4,88,0,188,25,2,215,7,259,31,6,303,436,13,449,752
11/27/2010,GFK,ND,AGL,CE,Towers with Radar,5,31,2,0,38,0,4,3,0,7,5,35,5,0,45,12,0,12,57
11/28/2010,GFK,ND,AGL,CE,Towers with Radar,6,115,6,2,129,0,200,24,1,225,6,315,30,3,354,534,0,534,888
11/29/2010,GFK,ND,AGL,CE,Towers with Radar,1,26,5,0,32,0,0,0,0,0,1,26,5,0,32,0,0,0,32
11/30/2010,GFK,ND,AGL,CE,Towers with Radar,7,41,4,0,52,0,0,0,0,0,7,41,4,0,52,0,0,0,52
12/01/2010,GFK,ND,AGL,CE,Towers with Radar,7,147,14,0,168,0,389,46,2,437,7,536,60,2,605,838,0,838,1443
12/02/2010,GFK,ND,AGL,CE,Towers with Radar,8,110,20,0,138,0,80,30,0,110,8,190,50,0,248,796,0,796,1044
12/03/2010,GFK,ND,AGL,CE,Towers with Radar,5,96,20,0,121,0,204,27,0,231,5,300,47,0,352,642,0,642,994
12/04/2010,GFK,ND,AGL,CE,Towers with Radar,3,118,6,2,129,0,189,20,0,209,3,307,26,2,338,778,0,778,1116
12/05/2010,GFK,ND,AGL,CE,Towers with Radar,6,30,4,0,40,0,7,16,0,23,6,37,20,0,63,416,52,468,531
12/06/2010,GFK,ND,AGL,CE,Towers with Radar,1,82,7,2,92,0,198,24,6,228,1,280,31,8,320,910,0,910,1230
12/07/2010,GFK,ND,AGL,CE,Towers with Radar,4,141,11,0,156,0,250,16,0,266,4,391,27,0,422,589,0,589,1011
12/08/2010,GFK,ND,AGL,CE,Towers with Radar,4,65,26,0,95,0,69,21,0,90,4,134,47,0,185,657,0,657,842
12/09/2010,GFK,ND,AGL,CE,Towers with Radar,8,61,16,0,85,0,96,12,0,108,8,157,28,0,193,563,0,563,756
12/10/2010,GFK,ND,AGL,CE,Towers with Radar,5,122,13,0,140,0,328,21,0,349,5,450,34,0,489,583,0,583,1072
12/11/2010,GFK,ND,AGL,CE,Towers with Radar,7,145,5,0,157,0,280,14,0,294,7,425,19,0,451,669,0,669,1120
12/12/2010,GFK,ND,AGL,CE,Towers with Radar,10,122,15,0,147,0,216,13,2,231,10,338,28,2,378,456,0,456,834
12/13/2010,GFK,ND,AGL,CE,Towers with Radar,1,142,12,0,155,0,299,22,0,321,1,441,34,0,476,812,0,812,1288
12/14/2010,GFK,ND,AGL,CE,Towers with Radar,6,113,14,0,133,0,255,31,0,286,6,368,45,0,419,874,0,874,1293
12/15/2010,GFK,ND,AGL,CE,Towers with Radar,6,47,10,0,63,0,114,20,0,134,6,161,30,0,197,583,0,583,780
12/16/2010,GFK,ND,AGL,CE,Towers with Radar,10,143,11,2,166,0,281,40,1,322,10,424,51,3,488,622,0,622,1110
12/17/2010,GFK,ND,AGL,CE,Towers with Radar,6,43,14,0,63,0,56,13,0,69,6,99,27,0,132,323,0,323,455
12/18/2010,GFK,ND,AGL,CE,Towers with Radar,3,57,3,3,66,0,203,34,6,243,3,260,37,9,309,572,7,579,888
12/19/2010,GFK,ND,AGL,CE,Towers with Radar,6,89,5,1,101,0,174,34,1,209,6,263,39,2,310,501,0,501,811
12/20/2010,GFK,ND,AGL,CE,Towers with Radar,4,27,4,0,35,0,29,19,0,48,4,56,23,0,83,392,0,392,475
12/21/2010,GFK,ND,AGL,CE,Towers with Radar,6,39,3,0,48,0,0,4,0,4,6,39,7,0,52,2,0,2,54
12/22/2010,GFK,ND,AGL,CE,Towers with Radar,5,40,18,0,63,0,0,7,0,7,5,40,25,0,70,119,0,119,189
12/23/2010,GFK,ND,AGL,CE,Towers with Radar,10,37,8,0,55,0,0,0,0,0,10,37,8,0,55,50,0,50,105
12/24/2010,GFK,ND,AGL,CE,Towers with Radar,3,34,0,0,37,0,0,0,0,0,3,34,0,0,37,0,0,0,37
12/25/2010,GFK,ND,AGL,CE,Towers with Radar,0,12,0,0,12,0,0,0,0,0,0,12,0,0,12,0,0,0,12
12/26/2010,GFK,ND,AGL,CE,Towers with Radar,6,17,2,0,25,0,0,4,0,4,6,17,6,0,29,4,0,4,33
12/27/2010,GFK,ND,AGL,CE,Towers with Radar,1,125,4,0,130,0,72,7,0,79,1,197,11,0,209,253,0,253,462
12/28/2010,GFK,ND,AGL,CE,Towers with Radar,4,119,3,0,126,0,158,35,0,193,4,277,38,0,319,406,0,406,725
12/29/2010,GFK,ND,AGL,CE,Towers with Radar,4,133,4,1,142,0,155,17,1,173,4,288,21,2,315,424,0,424,739
12/30/2010,GFK,ND,AGL,CE,Towers with Radar,8,34,0,0,42,0,0,0,0,0,8,34,0,0,42,0,0,0,42
12/31/2010,GFK,ND,AGL,CE,Towers with Radar,3,24,3,0,30,0,0,0,0,0,3,24,3,0,30,0,0,0,30
01/01/2011,GFK,ND,AGL,CE,Towers with Radar,0,13,2,0,15,0,0,0,0,0,0,13,2,0,15,0,0,0,15
01/02/2011,GFK,ND,AGL,CE,Towers with Radar,6,14,4,0,24,0,0,0,0,0,6,14,4,0,24,0,0,0,24
01/03/2011,GFK,ND,AGL,CE,Towers with Radar,1,26,2,0,29,0,0,6,0,6,1,26,8,0,35,0,0,0,35
01/04/2011,GFK,ND,AGL,CE,Towers with Radar,4,33,5,0,42,0,3,4,1,8,4,36,9,1,50,25,0,25,75
01/05/2011,GFK,ND,AGL,CE,Towers with Radar,4,66,8,0,78,0,35,22,1,58,4,101,30,1,136,196,0,196,332
01/06/2011,GFK,ND,AGL,CE,Towers with Radar,8,35,8,0,51,0,5,0,2,7,8,40,8,2,58,190,0,190,248
01/07/2011,GFK,ND,AGL,CE,Towers with Radar,6,33,3,0,42,0,1,1,0,2,6,34,4,0,44,10,0,10,54
01/08/2011,GFK,ND,AGL,CE,Towers with Radar,3,157,3,1,164,0,305,21,0,326,3,462,24,1,490,800,0,800,1290
01/09/2011,GFK,ND,AGL,CE,Towers with Radar,6,110,5,0,121,0,203,22,0,225,6,313,27,0,346,579,0,579,925
01/10/2011,GFK,ND,AGL,CE,Towers with Radar,1,28,25,2,56,0,0,0,0,0,1,28,25,2,56,83,0,83,139
01/11/2011,GFK,ND,AGL,CE,Towers with Radar,4,34,14,0,52,0,36,9,0,45,4,70,23,0,97,348,0,348,445
01/12/2011,GFK,ND,AGL,CE,Towers with Radar,4,35,22,0,61,0,6,7,0,13,4,41,29,0,74,314,0,314,388
01/13/2011,GFK,ND,AGL,CE,Towers with Radar,10,47,27,0,84,0,43,7,0,50,10,90,34,0,134,410,0,410,544
01/14/2011,GFK,ND,AGL,CE,Towers with Radar,6,31,13,0,50,0,0,0,0,0,6,31,13,0,50,0,0,0,50
01/15/2011,GFK,ND,AGL,CE,Towers with Radar,3,117,6,0,126,0,249,3,0,252,3,366,9,0,378,343,0,343,721
01/16/2011,GFK,ND,AGL,CE,Towers with Radar,6,23,7,0,36,0,23,0,0,23,6,46,7,0,59,32,0,32,91
01/17/2011,GFK,ND,AGL,CE,Towers with Radar,1,27,1,0,29,0,0,0,0,0,1,27,1,0,29,0,0,0,29
01/18/2011,GFK,ND,AGL,CE,Towers with Radar,4,175,19,0,198,0,375,22,1,398,4,550,41,1,596,916,0,916,1512
01/19/2011,GFK,ND,AGL,CE,Towers with Radar,4,170,17,0,191,0,301,37,0,338,4,471,54,0,529,979,0,979,1508
01/20/2011,GFK,ND,AGL,CE,Towers with Radar,10,108,26,0,144,0,237,19,0,256,10,345,45,0,400,449,0,449,849
01/21/2011,GFK,ND,AGL,CE,Towers with Radar,7,28,15,0,50,0,5,0,0,5,7,33,15,0,55,20,0,20,75
01/22/2011,GFK,ND,AGL,CE,Towers with Radar,3,153,8,4,168,0,286,19,2,307,3,439,27,6,475,638,10,648,1123
01/23/2011,GFK,ND,AGL,CE,Towers with Radar,8,13,10,1,32,0,0,0,0,0,8,13,10,1,32,0,0,0,32
01/24/2011,GFK,ND,AGL,CE,Towers with Radar,1,37,9,0,47,0,9,3,0,12,1,46,12,0,59,25,0,25,84
01/25/2011,GFK,ND,AGL,CE,Towers with Radar,4,125,19,3,151,0,231,31,2,264,4,356,50,5,415,826,0,826,1241
01/26/2011,GFK,ND,AGL,CE,Towers with Radar,4,159,13,0,176,0,390,57,3,450,4,549,70,3,626,1033,0,1033,1659
01/27/2011,GFK,ND,AGL,CE,Towers with Radar,10,88,32,1,131,0,162,11,1,174,10,250,43,2,305,662,0,662,967
01/28/2011,GFK,ND,AGL,CE,Towers with Radar,6,37,16,0,59,0,27,6,0,33,6,64,22,0,92,164,0,164,256
01/29/2011,GFK,ND,AGL,CE,Towers with Radar,3,51,4,0,58,0,53,18,0,71,3,104,22,0,129,394,0,394,523
01/30/2011,GFK,ND,AGL,CE,Towers with Radar,10,14,5,0,29,0,0,0,0,0,10,14,5,0,29,205,0,205,234
01/31/2011,GFK,ND,AGL,CE,Towers with Radar,1,49,9,5,64,0,5,2,1,8,1,54,11,6,72,14,40,54,126
02/01/2011,GFK,ND,AGL,CE,Towers with Radar,4,161,14,0,179,0,405,34,0,439,4,566,48,0,618,586,0,586,1204
02/02/2011,GFK,ND,AGL,CE,Towers with Radar,6,154,5,0,165,0,449,35,0,484,6,603,40,0,649,867,0,867,1516
02/03/2011,GFK,ND,AGL,CE,Towers with Radar,6,124,17,0,147,0,409,58,0,467,6,533,75,0,614,795,0,795,1409
02/04/2011,GFK,ND,AGL,CE,Towers with Radar,6,103,18,1,128,0,311,46,1,358,6,414,64,2,486,877,0,877,1363
02/05/2011,GFK,ND,AGL,CE,Towers with Radar,5,23,23,0,51,0,7,5,0,12,5,30,28,0,63,29,0,29,92
02/06/2011,GFK,ND,AGL,CE,Towers with Radar,4,15,5,0,24,0,0,0,0,0,4,15,5,0,24,0,0,0,24
02/07/2011,GFK,ND,AGL,CE,Towers with Radar,1,94,16,1,112,0,259,31,1,291,1,353,47,2,403,638,0,638,1041
02/08/2011,GFK,ND,AGL,CE,Towers with Radar,4,129,17,0,150,0,273,22,2,297,4,402,39,2,447,551,0,551,998
02/09/2011,GFK,ND,AGL,CE,Towers with Radar,6,90,22,1,119,0,395,59,0,454,6,485,81,1,573,852,0,852,1425
02/10/2011,GFK,ND,AGL,CE,Towers with Radar,7,130,23,0,160,0,345,23,0,368,7,475,46,0,528,888,0,888,1416
02/11/2011,GFK,ND,AGL,CE,Towers with Radar,6,90,24,1,121,0,217,60,1,278,6,307,84,2,399,536,0,536,935
02/12/2011,GFK,ND,AGL,CE,Towers with Radar,7,136,7,0,150,0,315,37,0,352,7,451,44,0,502,765,0,765,1267
02/13/2011,GFK,ND,AGL,CE,Towers with Radar,5,15,14,0,34,0,23,1,2,26,5,38,15,2,60,30,0,30,90
02/14/2011,GFK,ND,AGL,CE,Towers with Radar,1,168,18,0,187,0,340,27,2,369,1,508,45,2,556,976,0,976,1532
02/15/2011,GFK,ND,AGL,CE,Towers with Radar,6,155,25,0,186,0,334,34,0,368,6,489,59,0,554,920,0,920,1474
02/16/2011,GFK,ND,AGL,CE,Towers with Radar,6,146,17,2,171,0,400,46,0,446,6,546,63,2,617,1064,0,1064,1681
02/17/2011,GFK,ND,AGL,CE,Towers with Radar,10,47,10,0,67,0,0,0,0,0,10,47,10,0,67,14,0,14,81
02/18/2011,GFK,ND,AGL,CE,Towers with Radar,6,158,21,0,185,0,171,24,1,196,6,329,45,1,381,466,0,466,847
02/19/2011,GFK,ND,AGL,CE,Towers with Radar,4,73,16,0,93,0,63,12,0,75,4,136,28,0,168,315,0,315,483
02/20/2011,GFK,ND,AGL,CE,Towers with Radar,4,61,16,1,82,0,49,5,0,54,4,110,21,1,136,197,0,197,333
02/21/2011,GFK,ND,AGL,CE,Towers with Radar,1,67,20,0,88,0,88,37,1,126,1,155,57,1,214,747,0,747,961
02/22/2011,GFK,ND,AGL,CE,Towers with Radar,4,83,17,1,105,0,58,10,0,68,4,141,27,1,173,320,0,320,493
02/23/2011,GFK,ND,AGL,CE,Towers with Radar,10,47,16,0,73,0,16,6,0,22,10,63,22,0,95,229,0,229,324
02/24/2011,GFK,ND,AGL,CE,Towers with Radar,6,198,30,1,235,0,383,29,5,417,6,581,59,6,652,801,0,801,1453
02/25/2011,GFK,ND,AGL,CE,Towers with Radar,6,148,17,1,172,0,245,21,1,267,6,393,38,2,439,641,0,641,1080
02/26/2011,GFK,ND,AGL,CE,Towers with Radar,5,110,9,3,127,0,284,18,4,306,5,394,27,7,433,712,19,731,1164
02/27/2011,GFK,ND,AGL,CE,Towers with Radar,4,62,8,0,74,0,125,10,0,135,4,187,18,0,209,370,0,370,579
02/28/2011,GFK,ND,AGL,CE,Towers with Radar,1,162,12,0,175,0,283,35,3,321,1,445,47,3,496,804,0,804,1300
03/01/2011,GFK,ND,AGL,CE,Towers with Radar,4,85,19,0,108,0,64,5,0,69,4,149,24,0,177,292,0,292,469
03/02/2011,GFK,ND,AGL,CE,Towers with Radar,6,146,19,0,171,0,357,38,2,397,6,503,57,2,568,896,0,896,1464
03/03/2011,GFK,ND,AGL,CE,Towers with Radar,10,143,27,0,180,0,286,40,0,326,10,429,67,0,506,1043,0,1043,1549
03/04/2011,GFK,ND,AGL,CE,Towers with Radar,6,101,14,0,121,0,112,19,0,131,6,213,33,0,252,949,9,958,1210
03/05/2011,GFK,ND,AGL,CE,Towers with Radar,5,105,11,1,122,0,259,40,5,304,5,364,51,6,426,883,0,883,1309
03/06/2011,GFK,ND,AGL,CE,Towers with Radar,7,16,8,0,31,0,0,2,0,2,7,16,10,0,33,0,0,0,33
03/07/2011,GFK,ND,AGL,CE,Towers with Radar,2,194,30,0,226,0,322,37,3,362,2,516,67,3,588,827,0,827,1415
03/08/2011,GFK,ND,AGL,CE,Towers with Radar,4,102,16,0,122,0,153,17,1,171,4,255,33,1,293,630,0,630,923
03/09/2011,GFK,ND,AGL,CE,Towers with Radar,6,44,25,0,75,0,36,10,0,46,6,80,35,0,121,337,0,337,458
03/10/2011,GFK,ND,AGL,CE,Towers with Radar,8,177,24,0,209,0,342,54,2,398,8,519,78,2,607,1055,0,1055,1662
03/11/2011,GFK,ND,AGL,CE,Towers with Radar,3,78,7,0,88,0,52,15,0,67,3,130,22,0,155,370,0,370,525
03/12/2011,GFK,ND,AGL,CE,Towers with Radar,5,19,6,0,30,0,0,0,0,0,5,19,6,0,30,0,0,0,30
03/13/2011,GFK,ND,AGL,CE,Towers with Radar,5,68,24,2,99,0,89,27,4,120,5,157,51,6,219,629,0,629,848
03/14/2011,GFK,ND,AGL,CE,Towers with Radar,1,29,15,0,45,0,0,0,0,0,1,29,15,0,45,14,0,14,59
03/15/2011,GFK,ND,AGL,CE,Towers with Radar,6,166,17,0,189,0,421,43,1,465,6,587,60,1,654,1095,1,1096,1750
03/16/2011,GFK,ND,AGL,CE,Towers with Radar,5,201,15,0,221,0,366,42,0,408,5,567,57,0,629,1159,0,1159,1788
03/17/2011,GFK,ND,AGL,CE,Towers with Radar,6,94,20,0,120,0,179,39,0,218,6,273,59,0,338,825,0,825,1163
03/18/2011,GFK,ND,AGL,CE,Towers with Radar,6,135,20,0,161,0,226,49,0,275,6,361,69,0,436,930,0,930,1366
03/19/2011,GFK,ND,AGL,CE,Towers with Radar,7,84,11,0,102,0,63,6,0,69,7,147,17,0,171,450,0,450,621
03/20/2011,GFK,ND,AGL,CE,Towers with Radar,4,16,12,0,32,0,0,0,0,0,4,16,12,0,32,23,0,23,55
03/21/2011,GFK,ND,AGL,CE,Towers with Radar,1,24,19,0,44,0,16,11,0,27,1,40,30,0,71,392,0,392,463
03/22/2011,GFK,ND,AGL,CE,Towers with Radar,6,32,3,0,41,0,14,4,0,18,6,46,7,0,59,197,0,197,256
03/23/2011,GFK,ND,AGL,CE,Towers with Radar,6,184,13,0,203,0,218,33,0,251,6,402,46,0,454,910,0,910,1364
03/24/2011,GFK,ND,AGL,CE,Towers with Radar,8,162,24,0,194,0,480,62,1,543,8,642,86,1,737,1271,0,1271,2008
03/25/2011,GFK,ND,AGL,CE,Towers with Radar,6,121,18,0,145,0,447,69,0,516,6,568,87,0,661,1098,0,1098,1759
03/26/2011,GFK,ND,AGL,CE,Towers with Radar,7,161,21,0,189,0,389,48,2,439,7,550,69,2,628,1170,0,1170,1798
03/27/2011,GFK,ND,AGL,CE,Towers with Radar,4,106,13,0,123,0,264,42,2,308,4,370,55,2,431,904,0,904,1335
03/28/2011,GFK,ND,AGL,CE,Towers with Radar,1,155,27,0,183,0,322,48,1,371,1,477,75,1,554,1211,0,1211,1765
03/29/2011,GFK,ND,AGL,CE,Towers with Radar,6,111,17,0,134,0,338,72,3,413,6,449,89,3,547,1373,18,1391,1938
03/30/2011,GFK,ND,AGL,CE,Towers with Radar,6,108,16,2,132,0,279,27,2,308,6,387,43,4,440,831,6,837,1277
03/31/2011,GFK,ND,AGL,CE,Towers with Radar,9,36,3,0,48,0,0,0,0,0,9,36,3,0,48,0,0,0,48
04/01/2011,GFK,ND,AGL,CE,Towers with Radar,7,157,17,0,181,0,281,43,0,324,7,438,60,0,505,985,0,985,1490
04/02/2011,GFK,ND,AGL,CE,Towers with Radar,6,130,12,0,148,0,327,43,2,372,6,457,55,2,520,1296,0,1296,1816
04/03/2011,GFK,ND,AGL,CE,Towers with Radar,5,13,7,0,25,0,0,0,0,0,5,13,7,0,25,0,0,0,25
04/04/2011,GFK,ND,AGL,CE,Towers with Radar,2,119,22,0,143,0,285,42,2,329,2,404,64,2,472,946,0,946,1418
04/05/2011,GFK,ND,AGL,CE,Towers with Radar,7,137,30,0,174,0,298,68,0,366,7,435,98,0,540,1469,0,1469,2009
04/06/2011,GFK,ND,AGL,CE,Towers with Radar,9,174,18,0,201,0,361,50,4,415,9,535,68,4,616,1122,0,1122,1738
04/07/2011,GFK,ND,AGL,CE,Towers with Radar,7,79,16,0,102,0,105,18,1,124,7,184,34,1,226,954,0,954,1180
04/08/2011,GFK,ND,AGL,CE,Towers with Radar,8,144,17,0,169,0,207,39,2,248,8,351,56,2,417,1149,0,1149,1566
04/09/2011,GFK,ND,AGL,CE,Towers with Radar,8,100,28,0,136,0,3,6,3,12,8,103,34,3,148,322,0,322,470
04/10/2011,GFK,ND,AGL,CE,Towers with Radar,5,21,7,0,33,0,0,0,0,0,5,21,7,0,33,0,0,0,33
04/11/2011,GFK,ND,AGL,CE,Towers with Radar,2,85,26,0,113,0,401,48,4,453,2,486,74,4,566,1152,0,1152,1718
04/12/2011,GFK,ND,AGL,CE,Towers with Radar,5,144,34,0,183,0,317,56,1,374,5,461,90,1,557,1114,0,1114,1671
04/13/2011,GFK,ND,AGL,CE,Towers with Radar,7,42,21,0,70,0,56,21,4,81,7,98,42,4,151,473,0,473,624
04/14/2011,GFK,ND,AGL,CE,Towers with Radar,7,102,20,0,129,0,251,58,1,310,7,353,78,1,439,1054,0,1054,1493
04/15/2011,GFK,ND,AGL,CE,Towers with Radar,5,34,7,0,46,0,1,1,0,2,5,35,8,0,48,2,0,2,50
04/16/2011,GFK,ND,AGL,CE,Towers with Radar,5,16,11,0,32,0,12,1,0,13,5,28,12,0,45,133,0,133,178
04/17/2011,GFK,ND,AGL,CE,Towers with Radar,5,12,6,0,23,0,90,29,2,121,5,102,35,2,144,632,0,632,776
04/18/2011,GFK,ND,AGL,CE,Towers with Radar,4,24,17,0,45,0,200,23,0,223,4,224,40,0,268,888,0,888,1156
04/19/2011,GFK,ND,AGL,CE,Towers with Radar,6,31,24,0,61,0,315,47,1,363,6,346,71,1,424,1196,0,1196,1620
04/20/2011,GFK,ND,AGL,CE,Towers with Radar,8,48,17,0,73,0,152,44,2,198,8,200,61,2,271,675,0,675,946
04/21/2011,GFK,ND,AGL,CE,Towers with Radar,8,35,25,0,68,0,221,38,0,259,8,256,63,0,327,832,0,832,1159
04/22/2011,GFK,ND,AGL,CE,Towers with Radar,9,31,24,0,64,0,6,18,0,24,9,37,42,0,88,463,0,463,551
04/23/2011,GFK,ND,AGL,CE,Towers with Radar,8,157,11,1,177,0,205,43,1,249,8,362,54,2,426,786,0,786,1212
04/24/2011,GFK,ND,AGL,CE,Towers with Radar,5,12,4,0,21,0,0,14,0,14,5,12,18,0,35,0,0,0,35
04/25/2011,GFK,ND,AGL,CE,Towers with Radar,4,123,22,1,150,0,338,65,3,406,4,461,87,4,556,1102,2,1104,1660
04/26/2011,GFK,ND,AGL,CE,Towers with Radar,9,171,17,0,197,0,348,70,2,420,9,519,87,2,617,1202,0,1202,1819
04/27/2011,GFK,ND,AGL,CE,Towers with Radar,9,146,29,0,184,0,302,61,3,366,9,448,90,3,550,1320,0,1320,1870
04/28/2011,GFK,ND,AGL,CE,Towers with Radar,9,131,35,0,175,0,305,44,0,349,9,436,79,0,524,1191,0,1191,1715
04/29/2011,GFK,ND,AGL,CE,Towers with Radar,9,50,18,0,77,0,82,11,2,95,9,132,29,2,172,354,0,354,526
04/30/2011,GFK,ND,AGL,CE,Towers with Radar,6,59,14,0,79,0,45,4,0,49,6,104,18,0,128,364,0,364,492
05/01/2011,GFK,ND,AGL,CE,Towers with Radar,4,18,9,0,31,0,4,2,0,6,4,22,11,0,37,66,0,66,103
05/02/2011,GFK,ND,AGL,CE,Towers with Radar,1,167,38,1,207,0,419,53,0,472,1,586,91,1,679,1495,0,1495,2174
05/03/2011,GFK,ND,AGL,CE,Towers with Radar,4,149,34,0,187,0,316,65,0,381,4,465,99,0,568,1209,0,1209,1777
05/04/2011,GFK,ND,AGL,CE,Towers with Radar,8,88,21,2,119,0,80,17,1,98,8,168,38,3,217,623,0,623,840
05/05/2011,GFK,ND,AGL,CE,Towers with Radar,8,130,25,0,163,0,284,49,0,333,8,414,74,0,496,1200,0,1200,1696
05/06/2011,GFK,ND,AGL,CE,Towers with Radar,6,161,34,0,201,0,284,52,2,338,6,445,86,2,539,1152,0,1152,1691
05/07/2011,GFK,ND,AGL,CE,Towers with Radar,7,87,17,0,111,0,243,32,6,281,7,330,49,6,392,816,0,816,1208
05/08/2011,GFK,ND,AGL,CE,Towers with Radar,4,56,13,4,77,0,69,21,5,95,4,125,34,9,172,294,0,294,466
05/09/2011,GFK,ND,AGL,CE,Towers with Radar,1,88,17,0,106,0,84,18,0,102,1,172,35,0,208,1112,0,1112,1320
05/10/2011,GFK,ND,AGL,CE,Towers with Radar,4,95,16,0,115,0,43,28,0,71,4,138,44,0,186,547,0,547,733
05/11/2011,GFK,ND,AGL,CE,Towers with Radar,6,145,11,2,164,0,26,28,2,56,6,171,39,4,220,694,0,694,914
05/12/2011,GFK,ND,AGL,CE,Towers with Radar,6,57,25,0,88,0,6,10,0,16,6,63,35,0,104,121,0,121,225
05/13/2011,GFK,ND,AGL,CE,Towers with Radar,6,46,14,0,66,0,1,10,0,11,6,47,24,0,77,191,0,191,268
05/14/2011,GFK,ND,AGL,CE,Towers with Radar,5,62,15,0,82,0,109,13,0,122,5,171,28,0,204,428,0,428,632
05/15/2011,GFK,ND,AGL,CE,Towers with Radar,4,83,19,0,106,0,332,31,1,364,4,415,50,1,470,828,0,828,1298
05/16/2011,GFK,ND,AGL,CE,Towers with Radar,1,146,30,1,178,0,394,41,1,436,1,540,71,2,614,1295,0,1295,1909
05/17/2011,GFK,ND,AGL,CE,Towers with Radar,4,113,29,1,147,0,225,33,0,258,4,338,62,1,405,1020,0,1020,1425
05/18/2011,GFK,ND,AGL,CE,Towers with Radar,4,128,41,0,173,0,277,46,1,324,4,405,87,1,497,1092,0,1092,1589
05/19/2011,GFK,ND,AGL,CE,Towers with Radar,8,78,32,0,118,0,276,59,0,335,8,354,91,0,453,1111,0,1111,1564
05/20/2011,GFK,ND,AGL,CE,Towers with Radar,6,88,19,0,113,0,150,11,0,161,6,238,30,0,274,514,0,514,788
05/21/2011,GFK,ND,AGL,CE,Towers with Radar,3,68,15,0,86,0,17,5,0,22,3,85,20,0,108,153,0,153,261
05/22/2011,GFK,ND,AGL,CE,Towers with Radar,6,69,14,0,89,0,52,15,0,67,6,121,29,0,156,338,0,338,494
05/23/2011,GFK,ND,AGL,CE,Towers with Radar,1,124,21,0,146,0,18,10,0,28,1,142,31,0,174,225,0,225,399
05/24/2011,GFK,ND,AGL,CE,Towers with Radar,4,159,27,2,192,0,181,48,2,231,4,340,75,4,423,1131,8,1139,1562
05/25/2011,GFK,ND,AGL,CE,Towers with Radar,4,145,32,0,181,0,359,48,2,409,4,504,80,2,590,933,0,933,1523
05/26/2011,GFK,ND,AGL,CE,Towers with Radar,12,108,24,0,144,0,381,57,0,438,12,489,81,0,582,1357,0,1357,1939
05/27/2011,GFK,ND,AGL,CE,Towers with Radar,6,125,26,5,162,0,20,11,1,32,6,145,37,6,194,87,0,87,281
05/28/2011,GFK,ND,AGL,CE,Towers with Radar,3,83,12,6,104,0,162,22,0,184,3,245,34,6,288,825,0,825,1113
05/29/2011,GFK,ND,AGL,CE,Towers with Radar,8,72,18,0,98,0,29,6,0,35,8,101,24,0,133,328,0,328,461
05/30/2011,GFK,ND,AGL,CE,Towers with Radar,0,45,6,0,51,0,2,2,0,4,0,47,8,0,55,24,0,24,79
05/31/2011,GFK,ND,AGL,CE,Towers with Radar,1,39,13,0,53,0,4,3,0,7,1,43,16,0,60,68,0,68,128
06/01/2011,GFK,ND,AGL,CE,Towers with Radar,4,167,32,1,204,0,411,67,0,478,4,578,99,1,682,1244,0,1244,1926
06/02/2011,GFK,ND,AGL,CE,Towers with Radar,11,51,19,2,83,0,50,17,2,69,11,101,36,4,152,226,0,226,378
06/03/2011,GFK,ND,AGL,CE,Towers with Radar,5,130,15,4,154,0,326,50,2,378,5,456,65,6,532,1097,0,1097,1629
06/04/2011,GFK,ND,AGL,CE,Towers with Radar,3,146,14,0,163,0,233,22,2,257,3,379,36,2,420,1088,0,1088,1508
06/05/2011,GFK,ND,AGL,CE,Towers with Radar,8,97,10,0,115,0,153,21,2,176,8,250,31,2,291,670,0,670,961
06/06/2011,GFK,ND,AGL,CE,Towers with Radar,1,160,15,1,177,0,284,46,0,330,1,444,61,1,507,1250,6,1256,1763
06/07/2011,GFK,ND,AGL,CE,Towers with Radar,15,82,3,1,101,0,27,15,0,42,15,109,18,1,143,142,0,142,285
06/08/2011,GFK,ND,AGL,CE,Towers with Radar,4,176,23,0,203,0,151,27,0,178,4,327,50,0,381,731,0,731,1112
06/09/2011,GFK,ND,AGL,CE,Towers with Radar,10,104,23,0,137,0,407,62,0,469,10,511,85,0,606,1131,0,1131,1737
06/10/2011,GFK,ND,AGL,CE,Towers with Radar,6,60,23,0,89,0,299,57,1,357,6,359,80,1,446,1136,0,1136,1582
06/11/2011,GFK,ND,AGL,CE,Towers with Radar,3,102,14,0,119,0,288,38,0,326,3,390,52,0,445,928,0,928,1373
06/12/2011,GFK,ND,AGL,CE,Towers with Radar,9,54,9,0,72,0,72,16,0,88,9,126,25,0,160,424,0,424,584
06/13/2011,GFK,ND,AGL,CE,Towers with Radar,4,70,21,0,95,0,29,19,0,48,4,99,40,0,143,193,0,193,336
06/14/2011,GFK,ND,AGL,CE,Towers with Radar,7,95,18,0,120,0,144,27,0,171,7,239,45,0,291,852,0,852,1143
06/15/2011,GFK,ND,AGL,CE,Towers with Radar,5,133,29,0,167,0,69,51,0,120,5,202,80,0,287,776,0,776,1063
06/16/2011,GFK,ND,AGL,CE,Towers with Radar,11,157,44,2,214,0,288,53,0,341,11,445,97,2,555,1435,0,1435,1990
06/17/2011,GFK,ND,AGL,CE,Towers with Radar,6,83,18,2,109,0,210,28,0,238,6,293,46,2,347,1043,0,1043,1390
06/18/2011,GFK,ND,AGL,CE,Towers with Radar,3,71,17,0,91,0,304,25,0,329,3,375,42,0,420,977,0,977,1397
06/19/2011,GFK,ND,AGL,CE,Towers with Radar,7,42,18,0,67,0,44,8,0,52,7,86,26,0,119,364,0,364,483
06/20/2011,GFK,ND,AGL,CE,Towers with Radar,4,96,25,0,125,0,22,22,2,46,4,118,47,2,171,1212,0,1212,1383
06/21/2011,GFK,ND,AGL,CE,Towers with Radar,9,53,31,0,93,0,60,17,0,77,9,113,48,0,170,193,0,193,363
06/22/2011,GFK,ND,AGL,CE,Towers with Radar,7,151,40,0,198,0,1,2,0,3,7,152,42,0,201,6,0,6,207
06/23/2011,GFK,ND,AGL,CE,Towers with Radar,10,96,36,0,142,0,486,36,0,522,10,582,72,0,664,1290,0,1290,1954
06/24/2011,GFK,ND,AGL,CE,Towers with Radar,6,101,24,0,131,0,354,72,2,428,6,455,96,2,559,1313,0,1313,1872
06/25/2011,GFK,ND,AGL,CE,Towers with Radar,4,65,21,0,90,0,217,28,4,249,4,282,49,4,339,977,0,977,1316
06/26/2011,GFK,ND,AGL,CE,Towers with Radar,9,20,14,0,43,0,13,2,2,17,9,33,16,2,60,212,0,212,272
06/27/2011,GFK,ND,AGL,CE,Towers with Radar,5,97,26,0,128,0,85,16,0,101,5,182,42,0,229,570,0,570,799
06/28/2011,GFK,ND,AGL,CE,Towers with Radar,9,92,24,2,127,0,381,46,4,431,9,473,70,6,558,1352,0,1352,1910
06/29/2011,GFK,ND,AGL,CE,Towers with Radar,7,98,15,2,122,0,106,22,1,129,7,204,37,3,251,420,0,420,671
06/30/2011,GFK,ND,AGL,CE,Towers with Radar,11,79,29,0,119,0,207,35,0,242,11,286,64,0,361,1002,0,1002,1363
07/01/2011,GFK,ND,AGL,CE,Towers with Radar,6,93,8,0,107,0,207,25,0,232,6,300,33,0,339,1050,0,1050,1389
07/02/2011,GFK,ND,AGL,CE,Towers with Radar,4,18,0,0,22,0,8,19,0,27,4,26,19,0,49,31,0,31,80
07/03/2011,GFK,ND,AGL,CE,Towers with Radar,10,8,0,1,19,0,0,8,0,8,10,8,8,1,27,0,0,0,27
07/04/2011,GFK,ND,AGL,CE,Towers with Radar,2,14,5,0,21,0,1,10,0,11,2,15,15,0,32,7,0,7,39
07/05/2011,GFK,ND,AGL,CE,Towers with Radar,6,73,24,1,104,0,200,45,0,245,6,273,69,1,349,995,0,995,1344
07/06/2011,GFK,ND,AGL,CE,Towers with Radar,7,98,17,0,122,0,282,52,0,334,7,380,69,0,456,1163,0,1163,1619
07/07/2011,GFK,ND,AGL,CE,Towers with Radar,11,101,17,0,129,0,279,72,0,351,11,380,89,0,480,1062,0,1062,1542
07/08/2011,GFK,ND,AGL,CE,Towers with Radar,7,67,29,2,105,0,277,42,0,319,7,344,71,2,424,985,0,985,1409
07/09/2011,GFK,ND,AGL,CE,Towers with Radar,3,85,8,0,96,0,148,20,0,168,3,233,28,0,264,752,0,752,1016
07/10/2011,GFK,ND,AGL,CE,Towers with Radar,9,15,13,2,39,0,84,21,2,107,9,99,34,4,146,334,0,334,480
07/11/2011,GFK,ND,AGL,CE,Towers with Radar,3,111,23,0,137,0,228,34,1,263,3,339,57,1,400,967,6,973,1373
07/12/2011,GFK,ND,AGL,CE,Towers with Radar,11,115,10,0,136,0,288,57,1,346,11,403,67,1,482,942,0,942,1424
07/13/2011,GFK,ND,AGL,CE,Towers with Radar,7,148,21,2,178,0,235,45,2,282,7,383,66,4,460,828,0,828,1288
07/14/2011,GFK,ND,AGL,CE,Towers with Radar,11,178,30,1,220,0,49,20,1,70,11,227,50,2,290,508,0,508,798
07/15/2011,GFK,ND,AGL,CE,Towers with Radar,10,114,18,0,142,0,237,43,1,281,10,351,61,1,423,952,0,952,1375
07/16/2011,GFK,ND,AGL,CE,Towers with Radar,6,70,10,3,89,0,26,1,1,28,6,96,11,4,117,76,0,76,193
07/17/2011,GFK,ND,AGL,CE,Towers with Radar,10,38,5,0,53,0,14,10,0,24,10,52,15,0,77,224,0,224,301
07/18/2011,GFK,ND,AGL,CE,Towers with Radar,4,137,9,1,151,0,299,45,1,345,4,436,54,2,496,1077,0,1077,1573
07/19/2011,GFK,ND,AGL,CE,Towers with Radar,9,90,13,0,112,0,131,20,0,151,9,221,33,0,263,576,0,576,839
07/20/2011,GFK,ND,AGL,CE,Towers with Radar,6,55,19,0,80,0,74,32,0,106,6,129,51,0,186,245,0,245,431
07/21/2011,GFK,ND,AGL,CE,Towers with Radar,9,162,6,5,182,0,321,62,2,385,9,483,68,7,567,1063,0,1063,1630
07/22/2011,GFK,ND,AGL,CE,Towers with Radar,9,164,8,0,181,0,305,60,0,365,9,469,68,0,546,1268,0,1268,1814
07/23/2011,GFK,ND,AGL,CE,Towers with Radar,3,67,14,0,84,0,11,19,0,30,3,78,33,0,114,138,0,138,252
07/24/2011,GFK,ND,AGL,CE,Towers with Radar,9,55,5,0,69,0,54,36,2,92,9,109,41,2,161,236,0,236,397
07/25/2011,GFK,ND,AGL,CE,Towers with Radar,6,164,19,0,189,0,290,54,0,344,6,454,73,0,533,1183,0,1183,1716
07/26/2011,GFK,ND,AGL,CE,Towers with Radar,9,94,22,0,125,0,148,22,0,170,9,242,44,0,295,486,0,486,781
07/27/2011,GFK,ND,AGL,CE,Towers with Radar,7,150,22,0,179,0,191,61,0,252,7,341,83,0,431,920,0,920,1351
07/28/2011,GFK,ND,AGL,CE,Towers with Radar,1,1,0,0,2,0,253,32,0,285,1,254,32,0,287,868,0,868,1155
07/29/2011,GFK,ND,AGL,CE,Towers with Radar,7,127,11,0,145,0,275,54,0,329,7,402,65,0,474,1094,0,1094,1568
07/30/2011,GFK,ND,AGL,CE,Towers with Radar,3,77,5,0,85,0,137,28,2,167,3,214,33,2,252,479,0,479,731
07/31/2011,GFK,ND,AGL,CE,Towers with Radar,7,72,5,0,84,0,118,28,2,148,7,190,33,2,232,534,0,534,766
08/01/2011,GFK,ND,AGL,CE,Towers with Radar,1,100,10,0,111,0,116,23,0,139,1,216,33,0,250,502,0,502,752
08/02/2011,GFK,ND,AGL,CE,Towers with Radar,6,168,29,0,203,0,212,26,0,238,6,380,55,0,441,769,0,769,1210
08/03/2011,GFK,ND,AGL,CE,Towers with Radar,6,86,15,0,107,0,215,35,0,250,6,301,50,0,357,926,0,926,1283
08/04/2011,GFK,ND,AGL,CE,Towers with Radar,10,108,15,0,133,0,209,48,0,257,10,317,63,0,390,986,0,986,1376
08/05/2011,GFK,ND,AGL,CE,Towers with Radar,7,58,20,0,85,0,111,27,0,138,7,169,47,0,223,457,0,457,680
08/06/2011,GFK,ND,AGL,CE,Towers with Radar,3,68,10,0,81,0,48,13,0,61,3,116,23,0,142,273,0,273,415
08/07/2011,GFK,ND,AGL,CE,Towers with Radar,6,56,13,0,75,0,111,36,2,149,6,167,49,2,224,439,0,439,663
08/08/2011,GFK,ND,AGL,CE,Towers with Radar,4,67,11,1,83,0,163,30,3,196,4,230,41,4,279,738,0,738,1017
08/09/2011,GFK,ND,AGL,CE,Towers with Radar,6,133,20,1,160,0,142,41,0,183,6,275,61,1,343,571,0,571,914
08/10/2011,GFK,ND,AGL,CE,Towers with Radar,4,112,31,4,151,0,266,53,2,321,4,378,84,6,472,952,0,952,1424
08/11/2011,GFK,ND,AGL,CE,Towers with Radar,8,94,29,5,136,0,152,52,0,204,8,246,81,5,340,592,0,592,932
08/12/2011,GFK,ND,AGL,CE,Towers with Radar,6,93,20,2,121,0,124,22,0,146,6,217,42,2,267,673,0,673,940
08/13/2011,GFK,ND,AGL,CE,Towers with Radar,3,42,15,0,60,0,58,20,0,78,3,100,35,0,138,351,0,351,489
08/14/2011,GFK,ND,AGL,CE,Towers with Radar,8,34,5,2,49,0,88,26,0,114,8,122,31,2,163,302,0,302,465
08/15/2011,GFK,ND,AGL,CE,Towers with Radar,4,107,20,1,132,0,135,28,4,167,4,242,48,5,299,711,6,717,1016
08/16/2011,GFK,ND,AGL,CE,Towers with Radar,5,70,21,2,98,0,74,19,0,93,5,144,40,2,191,407,0,407,598
08/17/2011,GFK,ND,AGL,CE,Towers with Radar,4,54,15,2,75,0,65,25,4,94,4,119,40,6,169,238,0,238,407
08/18/2011,GFK,ND,AGL,CE,Towers with Radar,9,114,22,0,145,0,237,35,0,272,9,351,57,0,417,604,0,604,1021
08/19/2011,GFK,ND,AGL,CE,Towers with Radar,5,127,29,0,161,0,233,42,0,275,5,360,71,0,436,900,0,900,1336
08/20/2011,GFK,ND,AGL,CE,Towers with Radar,4,87,12,0,103,0,122,27,4,153,4,209,39,4,256,429,0,429,685
08/21/2011,GFK,ND,AGL,CE,Towers with Radar,7,45,5,0,57,0,107,17,0,124,7,152,22,0,181,412,0,412,593
08/22/2011,GFK,ND,AGL,CE,Towers with Radar,2,82,14,2,100,0,123,28,0,151,2,205,42,2,251,559,0,559,810
08/23/2011,GFK,ND,AGL,CE,Towers with Radar,5,126,17,0,148,0,170,40,1,211,5,296,57,1,359,917,0,917,1276
08/24/2011,GFK,ND,AGL,CE,Towers with Radar,5,58,27,0,90,0,60,10,1,71,5,118,37,1,161,268,0,268,429
08/25/2011,GFK,ND,AGL,CE,Towers with Radar,9,150,24,0,183,0,263,45,0,308,9,413,69,0,491,1052,0,1052,1543
08/26/2011,GFK,ND,AGL,CE,Towers with Radar,5,141,27,0,173,0,284,37,0,321,5,425,64,0,494,883,0,883,1377
08/27/2011,GFK,ND,AGL,CE,Towers with Radar,6,84,11,0,101,0,266,36,0,302,6,350,47,0,403,885,0,885,1288
08/28/2011,GFK,ND,AGL,CE,Towers with Radar,7,31,10,0,48,0,94,22,2,118,7,125,32,2,166,534,0,534,700
08/29/2011,GFK,ND,AGL,CE,Towers with Radar,2,131,25,0,158,0,268,36,1,305,2,399,61,1,463,1015,0,1015,1478
08/30/2011,GFK,ND,AGL,CE,Towers with Radar,7,150,26,2,185,0,122,9,0,131,7,272,35,2,316,467,0,467,783
08/31/2011,GFK,ND,AGL,CE,Towers with Radar,5,200,21,0,226,0,30,10,0,40,5,230,31,0,266,411,0,411,677
09/01/2011,GFK,ND,AGL,CE,Towers with Radar,9,146,18,0,173,0,111,22,4,137,9,257,40,4,310,713,0,713,1023
09/02/2011,GFK,ND,AGL,CE,Towers with Radar,5,157,34,0,196,0,415,59,4,478,5,572,93,4,674,1084,0,1084,1758
09/03/2011,GFK,ND,AGL,CE,Towers with Radar,4,32,11,0,47,0,70,8,0,78,4,102,19,0,125,205,0,205,330
09/04/2011,GFK,ND,AGL,CE,Towers with Radar,7,68,10,1,86,0,96,29,1,126,7,164,39,2,212,578,0,578,790
09/05/2011,GFK,ND,AGL,CE,Towers with Radar,2,144,9,0,155,0,296,38,2,336,2,440,47,2,491,999,0,999,1490
09/06/2011,GFK,ND,AGL,CE,Towers with Radar,2,159,34,0,195,0,304,48,0,352,2,463,82,0,547,1016,0,1016,1563
09/07/2011,GFK,ND,AGL,CE,Towers with Radar,4,167,33,0,204,0,363,54,0,417,4,530,87,0,621,1084,0,1084,1705
09/08/2011,GFK,ND,AGL,CE,Towers with Radar,8,156,27,0,191,0,326,77,0,403,8,482,104,0,594,1008,0,1008,1602
09/09/2011,GFK,ND,AGL,CE,Towers with Radar,6,126,19,0,151,0,319,57,2,378,6,445,76,2,529,1140,0,1140,1669
09/10/2011,GFK,ND,AGL,CE,Towers with Radar,3,82,16,0,101,0,284,25,2,311,3,366,41,2,412,629,0,629,1041
09/11/2011,GFK,ND,AGL,CE,Towers with Radar,5,42,17,0,64,0,141,24,0,165,5,183,41,0,229,332,0,332,561
09/12/2011,GFK,ND,AGL,CE,Towers with Radar,1,43,17,0,61,0,45,9,1,55,1,88,26,1,116,177,0,177,293
09/13/2011,GFK,ND,AGL,CE,Towers with Radar,4,58,18,0,80,0,90,24,1,115,4,148,42,1,195,375,0,375,570
09/14/2011,GFK,ND,AGL,CE,Towers with Radar,4,221,23,0,248,0,276,47,0,323,4,497,70,0,571,789,0,789,1360
09/15/2011,GFK,ND,AGL,CE,Towers with Radar,9,161,18,0,188,0,344,42,0,386,9,505,60,0,574,1155,0,1155,1729
09/16/2011,GFK,ND,AGL,CE,Towers with Radar,7,116,11,0,134,0,74,29,1,104,7,190,40,1,238,556,0,556,794
09/17/2011,GFK,ND,AGL,CE,Towers with Radar,3,127,13,0,143,0,17,9,0,26,3,144,22,0,169,417,0,417,586
09/18/2011,GFK,ND,AGL,CE,Towers with Radar,8,56,4,0,68,0,73,29,0,102,8,129,33,0,170,488,0,488,658
09/19/2011,GFK,ND,AGL,CE,Towers with Radar,1,145,18,0,164,0,355,41,0,396,1,500,59,0,560,973,0,973,1533
09/20/2011,GFK,ND,AGL,CE,Towers with Radar,6,85,13,0,104,0,0,4,0,4,6,85,17,0,108,70,0,70,178
09/21/2011,GFK,ND,AGL,CE,Towers with Radar,4,79,14,0,97,0,7,10,1,18,4,86,24,1,115,46,0,46,161
09/22/2011,GFK,ND,AGL,CE,Towers with Radar,10,164,24,0,198,0,443,72,0,515,10,607,96,0,713,1219,0,1219,1932
09/23/2011,GFK,ND,AGL,CE,Towers with Radar,4,176,16,0,196,0,355,51,0,406,4,531,67,0,602,1237,0,1237,1839
09/24/2011,GFK,ND,AGL,CE,Towers with Radar,3,97,9,0,109,0,298,44,2,344,3,395,53,2,453,932,0,932,1385
09/25/2011,GFK,ND,AGL,CE,Towers with Radar,6,63,6,0,75,0,126,24,0,150,6,189,30,0,225,616,0,616,841
09/26/2011,GFK,ND,AGL,CE,Towers with Radar,1,137,11,0,149,0,301,46,3,350,1,438,57,3,499,1174,0,1174,1673
09/27/2011,GFK,ND,AGL,CE,Towers with Radar,4,134,30,0,168,0,280,72,0,352,4,414,102,0,520,1184,0,1184,1704
09/28/2011,GFK,ND,AGL,CE,Towers with Radar,4,139,46,0,189,0,292,54,0,346,4,431,100,0,535,1070,0,1070,1605
09/29/2011,GFK,ND,AGL,CE,Towers with Radar,8,55,10,0,73,0,21,11,0,32,8,76,21,0,105,98,0,98,203
09/30/2011,GFK,ND,AGL,CE,Towers with Radar,6,198,36,0,240,0,355,67,4,426,6,553,103,4,666,1284,6,1290,1956
10/01/2011,GFK,ND,AGL,CE,Towers with Radar,5,44,8,0,57,0,27,10,0,37,5,71,18,0,94,89,0,89,183
10/02/2011,GFK,ND,AGL,CE,Towers with Radar,6,87,6,0,99,0,165,24,2,191,6,252,30,2,290,614,0,614,904
10/03/2011,GFK,ND,AGL,CE,Towers with Radar,1,206,27,0,234,0,307,34,2,343,1,513,61,2,577,954,0,954,1531
10/04/2011,GFK,ND,AGL,CE,Towers with Radar,4,178,17,0,199,0,261,41,0,302,4,439,58,0,501,1081,0,1081,1582
10/05/2011,GFK,ND,AGL,CE,Towers with Radar,4,91,28,0,123,0,91,13,0,104,4,182,41,0,227,406,0,406,633
10/06/2011,GFK,ND,AGL,CE,Towers with Radar,10,46,11,0,67,0,33,9,0,42,10,79,20,0,109,193,0,193,302
10/07/2011,GFK,ND,AGL,CE,Towers with Radar,5,38,18,0,61,0,0,0,1,1,5,38,18,1,62,0,0,0,62
10/08/2011,GFK,ND,AGL,CE,Towers with Radar,4,145,13,0,162,0,189,14,0,203,4,334,27,0,365,744,0,744,1109
10/09/2011,GFK,ND,AGL,CE,Towers with Radar,6,62,12,0,80,0,151,28,0,179,6,213,40,0,259,766,0,766,1025
10/10/2011,GFK,ND,AGL,CE,Towers with Radar,1,256,19,0,276,0,70,26,2,98,1,326,45,2,374,594,0,594,968
10/11/2011,GFK,ND,AGL,CE,Towers with Radar,4,216,27,4,251,0,389,48,0,437,4,605,75,4,688,1126,0,1126,1814
10/12/2011,GFK,ND,AGL,CE,Towers with Radar,4,127,23,0,154,0,242,42,0,284,4,369,65,0,438,1032,0,1032,1470
10/13/2011,GFK,ND,AGL,CE,Towers with Radar,10,196,28,1,235,0,221,49,1,271,10,417,77,2,506,941,0,941,1447
10/14/2011,GFK,ND,AGL,CE,Towers with Radar,4,123,24,0,151,0,111,50,2,163,4,234,74,2,314,594,0,594,908
10/15/2011,GFK,ND,AGL,CE,Towers with Radar,5,111,4,0,120,0,128,23,4,155,5,239,27,4,275,578,0,578,853
10/16/2011,GFK,ND,AGL,CE,Towers with Radar,6,21,3,0,30,0,5,9,0,14,6,26,12,0,44,4,0,4,48
10/17/2011,GFK,ND,AGL,CE,Towers with Radar,1,98,33,2,134,0,122,24,0,146,1,220,57,2,280,523,0,523,803
10/18/2011,GFK,ND,AGL,CE,Towers with Radar,4,235,38,0,277,0,243,69,0,312,4,478,107,0,589,1054,0,1054,1643
10/19/2011,GFK,ND,AGL,CE,Towers with Radar,4,174,31,0,209,0,240,45,0,285,4,414,76,0,494,808,0,808,1302
10/20/2011,GFK,ND,AGL,CE,Towers with Radar,8,195,35,2,240,0,290,40,0,330,8,485,75,2,570,883,0,883,1453
10/21/2011,GFK,ND,AGL,CE,Towers with Radar,9,220,53,0,282,0,304,66,2,372,9,524,119,2,654,1174,2,1176,1830
10/22/2011,GFK,ND,AGL,CE,Towers with Radar,4,143,20,0,167,0,143,34,2,179,4,286,54,2,346,669,0,669,1015
10/23/2011,GFK,ND,AGL,CE,Towers with Radar,6,48,9,0,63,0,111,19,0,130,6,159,28,0,193,499,0,499,692
10/24/2011,GFK,ND,AGL,CE,Towers with Radar,5,165,28,0,198,0,270,33,0,303,5,435,61,0,501,1033,0,1033,1534
10/25/2011,GFK,ND,AGL,CE,Towers with Radar,4,189,35,1,229,0,232,43,3,278,4,421,78,4,507,993,0,993,1500
10/26/2011,GFK,ND,AGL,CE,Towers with Radar,4,124,32,0,160,0,210,49,0,259,4,334,81,0,419,1000,0,1000,1419
10/27/2011,GFK,ND,AGL,CE,Towers with Radar,8,208,9,0,225,0,262,44,0,306,8,470,53,0,531,1096,0,1096,1627
10/28/2011,GFK,ND,AGL,CE,Towers with Radar,8,140,17,0,165,0,218,69,0,287,8,358,86,0,452,779,0,779,1231
10/29/2011,GFK,ND,AGL,CE,Towers with Radar,5,128,8,0,141,0,145,35,0,180,5,273,43,0,321,716,0,716,1037
10/30/2011,GFK,ND,AGL,CE,Towers with Radar,6,22,3,0,31,0,10,6,0,16,6,32,9,0,47,241,0,241,288
10/31/2011,GFK,ND,AGL,CE,Towers with Radar,2,138,15,0,155,0,181,23,0,204,2,319,38,0,359,686,0,686,1045
11/01/2011,GFK,ND,AGL,CE,Towers with Radar,4,159,13,0,176,0,242,42,0,284,4,401,55,0,460,910,0,910,1370
11/02/2011,GFK,ND,AGL,CE,Towers with Radar,4,136,12,0,152,0,246,60,2,308,4,382,72,2,460,884,0,884,1344
11/03/2011,GFK,ND,AGL,CE,Towers with Radar,9,105,22,0,136,0,158,21,0,179,9,263,43,0,315,816,0,816,1131
11/04/2011,GFK,ND,AGL,CE,Towers with Radar,7,64,14,1,86,0,20,7,0,27,7,84,21,1,113,105,0,105,218
11/05/2011,GFK,ND,AGL,CE,Towers with Radar,3,86,1,1,91,0,86,9,0,95,3,172,10,1,186,398,0,398,584
11/06/2011,GFK,ND,AGL,CE,Towers with Radar,6,17,17,0,40,0,0,8,0,8,6,17,25,0,48,16,0,16,64
11/07/2011,GFK,ND,AGL,CE,Towers with Radar,3,105,17,0,125,0,180,23,0,203,3,285,40,0,328,758,0,758,1086
11/08/2011,GFK,ND,AGL,CE,Towers with Radar,4,222,23,0,249,0,250,39,0,289,4,472,62,0,538,862,0,862,1400
11/09/2011,GFK,ND,AGL,CE,Towers with Radar,4,65,15,1,85,0,73,22,2,97,4,138,37,3,182,387,0,387,569
11/10/2011,GFK,ND,AGL,CE,Towers with Radar,8,214,17,0,239,0,251,55,1,307,8,465,72,1,546,1194,0,1194,1740
11/11/2011,GFK,ND,AGL,CE,Towers with Radar,8,182,15,0,205,0,248,44,0,292,8,430,59,0,497,962,0,962,1459
11/12/2011,GFK,ND,AGL,CE,Towers with Radar,3,172,12,0,187,0,197,38,2,237,3,369,50,2,424,724,4,728,1152
11/13/2011,GFK,ND,AGL,CE,Towers with Radar,6,31,9,0,46,0,14,17,0,31,6,45,26,0,77,283,0,283,360
11/14/2011,GFK,ND,AGL,CE,Towers with Radar,3,129,22,0,154,0,180,30,0,210,3,309,52,0,364,734,0,734,1098
11/15/2011,GFK,ND,AGL,CE,Towers with Radar,4,43,13,2,62,0,21,11,0,32,4,64,24,2,94,124,0,124,218
11/16/2011,GFK,ND,AGL,CE,Towers with Radar,4,96,19,0,119,0,68,27,1,96,4,164,46,1,215,445,0,445,660
11/17/2011,GFK,ND,AGL,CE,Towers with Radar,8,244,15,0,267,0,295,44,0,339,8,539,59,0,606,1105,0,1105,1711
11/18/2011,GFK,ND,AGL,CE,Towers with Radar,6,195,25,0,226,0,216,42,0,258,6,411,67,0,484,1128,0,1128,1612
11/19/2011,GFK,ND,AGL,CE,Towers with Radar,3,19,10,0,32,0,3,5,0,8,3,22,15,0,40,42,0,42,82
11/20/2011,GFK,ND,AGL,CE,Towers with Radar,6,120,6,0,132,0,159,28,0,187,6,279,34,0,319,658,0,658,977
11/21/2011,GFK,ND,AGL,CE,Towers with Radar,3,149,23,0,175,0,220,51,0,271,3,369,74,0,446,842,0,842,1288
11/22/2011,GFK,ND,AGL,CE,Towers with Radar,6,164,23,0,193,0,119,22,0,141,6,283,45,0,334,432,0,432,766
11/23/2011,GFK,ND,AGL,CE,Towers with Radar,6,185,20,0,211,0,221,60,0,281,6,406,80,0,492,914,0,914,1406
11/24/2011,GFK,ND,AGL,CE,Towers with Radar,4,5,0,0,9,0,0,14,0,14,4,5,14,0,23,3,0,3,26
11/25/2011,GFK,ND,AGL,CE,Towers with Radar,4,68,9,0,81,0,17,12,0,29,4,85,21,0,110,245,0,245,355
11/26/2011,GFK,ND,AGL,CE,Towers with Radar,5,21,0,0,26,0,0,1,0,1,5,21,1,0,27,7,0,7,34
11/27/2011,GFK,ND,AGL,CE,Towers with Radar,4,117,13,7,141,0,125,31,3,159,4,242,44,10,300,443,16,459,759
11/28/2011,GFK,ND,AGL,CE,Towers with Radar,3,142,20,4,169,0,148,36,1,185,3,290,56,5,354,756,0,756,1110
11/29/2011,GFK,ND,AGL,CE,Towers with Radar,8,188,29,2,227,0,318,64,1,383,8,506,93,3,610,1009,0,1009,1619
11/30/2011,GFK,ND,AGL,CE,Towers with Radar,6,123,16,2,147,0,165,28,1,194,6,288,44,3,341,782,0,782,1123
12/01/2011,GFK,ND,AGL,CE,Towers with Radar,10,188,31,0,229,0,253,31,0,284,10,441,62,0,513,818,0,818,1331
12/02/2011,GFK,ND,AGL,CE,Towers with Radar,6,53,16,2,77,0,4,11,0,15,6,57,27,2,92,62,0,62,154
12/03/2011,GFK,ND,AGL,CE,Towers with Radar,5,23,1,0,29,0,16,17,0,33,5,39,18,0,62,570,0,570,632
12/04/2011,GFK,ND,AGL,CE,Towers with Radar,6,21,10,0,37,0,5,15,0,20,6,26,25,0,57,298,0,298,355
12/05/2011,GFK,ND,AGL,CE,Towers with Radar,3,244,18,0,265,0,296,55,0,351,3,540,73,0,616,902,0,902,1518
12/06/2011,GFK,ND,AGL,CE,Towers with Radar,6,82,16,0,104,0,42,6,0,48,6,124,22,0,152,214,0,214,366
12/07/2011,GFK,ND,AGL,CE,Towers with Radar,8,139,14,0,161,0,206,34,0,240,8,345,48,0,401,789,0,789,1190
12/08/2011,GFK,ND,AGL,CE,Towers with Radar,10,132,18,2,162,0,126,44,1,171,10,258,62,3,333,542,0,542,875
12/09/2011,GFK,ND,AGL,CE,Towers with Radar,8,211,20,0,239,0,303,60,0,363,8,514,80,0,602,783,0,783,1385
12/10/2011,GFK,ND,AGL,CE,Towers with Radar,3,178,20,0,201,0,235,37,0,272,3,413,57,0,473,782,0,782,1255
12/11/2011,GFK,ND,AGL,CE,Towers with Radar,6,87,16,1,110,0,129,48,1,178,6,216,64,2,288,494,10,504,792
12/12/2011,GFK,ND,AGL,CE,Towers with Radar,3,59,13,0,75,0,24,20,2,46,3,83,33,2,121,396,0,396,517
12/13/2011,GFK,ND,AGL,CE,Towers with Radar,7,75,12,0,94,0,20,9,0,29,7,95,21,0,123,599,0,599,722
12/14/2011,GFK,ND,AGL,CE,Towers with Radar,8,54,8,0,70,0,0,0,0,0,8,54,8,0,70,0,0,0,70
12/15/2011,GFK,ND,AGL,CE,Towers with Radar,14,153,17,0,184,0,136,27,4,167,14,289,44,4,351,439,0,439,790
12/16/2011,GFK,ND,AGL,CE,Towers with Radar,8,102,14,0,124,0,127,38,2,167,8,229,52,2,291,659,11,670,961
12/17/2011,GFK,ND,AGL,CE,Towers with Radar,3,169,8,0,180,0,196,43,0,239,3,365,51,0,419,580,0,580,999
12/18/2011,GFK,ND,AGL,CE,Towers with Radar,8,76,3,0,87,0,127,31,0,158,8,203,34,0,245,400,0,400,645
12/19/2011,GFK,ND,AGL,CE,Towers with Radar,7,42,18,2,69,0,54,39,4,97,7,96,57,6,166,474,0,474,640
12/20/2011,GFK,ND,AGL,CE,Towers with Radar,10,205,20,0,235,0,187,30,0,217,10,392,50,0,452,541,0,541,993
12/21/2011,GFK,ND,AGL,CE,Towers with Radar,10,97,27,0,134,0,98,29,0,127,10,195,56,0,261,536,0,536,797
12/22/2011,GFK,ND,AGL,CE,Towers with Radar,8,94,20,0,122,0,96,31,0,127,8,190,51,0,249,374,0,374,623
12/23/2011,GFK,ND,AGL,CE,Towers with Radar,10,73,13,0,96,0,41,17,0,58,10,114,30,0,154,190,0,190,344
12/24/2011,GFK,ND,AGL,CE,Towers with Radar,7,15,0,0,22,0,1,6,0,7,7,16,6,0,29,22,0,22,51
12/25/2011,GFK,ND,AGL,CE,Towers with Radar,2,12,0,0,14,0,0,2,0,2,2,12,2,0,16,0,0,0,16
12/26/2011,GFK,ND,AGL,CE,Towers with Radar,2,11,3,0,16,0,0,2,0,2,2,11,5,0,18,0,0,0,18
12/27/2011,GFK,ND,AGL,CE,Towers with Radar,5,119,18,0,142,0,135,13,0,148,5,254,31,0,290,386,0,386,676
12/28/2011,GFK,ND,AGL,CE,Towers with Radar,6,102,11,0,119,0,110,9,0,119,6,212,20,0,238,366,0,366,604
12/29/2011,GFK,ND,AGL,CE,Towers with Radar,8,51,5,0,64,0,8,8,0,16,8,59,13,0,80,72,0,72,152
12/30/2011,GFK,ND,AGL,CE,Towers with Radar,8,37,3,0,48,0,0,1,0,1,8,37,4,0,49,0,34,34,83
12/31/2011,GFK,ND,AGL,CE,Towers with Radar,7,20,1,3,31,0,0,0,1,1,7,20,1,4,32,0,4,4,36
01/01/2012,GFK,ND,AGL,CE,Towers with Radar,2,12,3,0,17,0,0,0,0,0,2,12,3,0,17,0,0,0,17
01/02/2012,GFK,ND,AGL,CE,Towers with Radar,4,19,6,0,29,0,0,5,0,5,4,19,11,0,34,10,0,10,44
01/03/2012,GFK,ND,AGL,CE,Towers with Radar,5,25,6,0,36,0,2,13,0,15,5,27,19,0,51,0,0,0,51
01/04/2012,GFK,ND,AGL,CE,Towers with Radar,8,31,7,3,49,0,0,14,5,19,8,31,21,8,68,54,7,61,129
01/05/2012,GFK,ND,AGL,CE,Towers with Radar,8,85,18,0,111,0,85,17,0,102,8,170,35,0,213,272,0,272,485
01/06/2012,GFK,ND,AGL,CE,Towers with Radar,6,69,19,4,98,0,77,9,0,86,6,146,28,4,184,154,0,154,338
01/07/2012,GFK,ND,AGL,CE,Towers with Radar,5,149,16,0,170,0,198,19,2,219,5,347,35,2,389,714,0,714,1103
01/08/2012,GFK,ND,AGL,CE,Towers with Radar,6,98,12,0,116,0,155,26,0,181,6,253,38,0,297,414,0,414,711
01/09/2012,GFK,ND,AGL,CE,Towers with Radar,3,141,8,0,152,0,204,38,3,245,3,345,46,3,397,754,0,754,1151
01/10/2012,GFK,ND,AGL,CE,Towers with Radar,8,104,20,0,132,0,181,39,1,221,8,285,59,1,353,794,0,794,1147
01/11/2012,GFK,ND,AGL,CE,Towers with Radar,4,41,19,0,64,0,1,9,0,10,4,42,28,0,74,0,0,0,74
01/12/2012,GFK,ND,AGL,CE,Towers with Radar,8,95,27,0,130,0,75,13,0,88,8,170,40,0,218,412,0,412,630
01/13/2012,GFK,ND,AGL,CE,Towers with Radar,6,130,28,0,164,0,258,30,0,288,6,388,58,0,452,857,0,857,1309
01/14/2012,GFK,ND,AGL,CE,Towers with Radar,4,30,4,0,38,0,52,19,0,71,4,82,23,0,109,433,0,433,542
01/15/2012,GFK,ND,AGL,CE,Towers with Radar,7,68,5,2,82,0,74,19,2,95,7,142,24,4,177,258,12,270,447
01/16/2012,GFK,ND,AGL,CE,Towers with Radar,5,118,10,0,133,0,164,25,0,189,5,282,35,0,322,687,0,687,1009
01/17/2012,GFK,ND,AGL,CE,Towers with Radar,6,170,17,0,193,0,198,36,1,235,6,368,53,1,428,780,0,780,1208
01/18/2012,GFK,ND,AGL,CE,Towers with Radar,4,39,8,0,51,0,7,0,0,7,4,46,8,0,58,59,0,59,117
01/19/2012,GFK,ND,AGL,CE,Towers with Radar,8,135,11,0,154,0,214,30,1,245,8,349,41,1,399,658,0,658,1057
01/20/2012,GFK,ND,AGL,CE,Towers with Radar,7,221,26,5,259,0,281,43,3,327,7,502,69,8,586,927,0,927,1513
01/21/2012,GFK,ND,AGL,CE,Towers with Radar,5,37,8,0,50,0,49,5,0,54,5,86,13,0,104,193,0,193,297
01/22/2012,GFK,ND,AGL,CE,Towers with Radar,6,13,3,0,22,0,0,0,0,0,6,13,3,0,22,54,0,54,76
01/23/2012,GFK,ND,AGL,CE,Towers with Radar,3,35,14,2,54,0,9,3,0,12,3,44,17,2,66,108,0,108,174
01/24/2012,GFK,ND,AGL,CE,Towers with Radar,6,221,34,1,262,0,276,47,4,327,6,497,81,5,589,998,0,998,1587
01/25/2012,GFK,ND,AGL,CE,Towers with Radar,12,51,16,2,81,0,5,1,0,6,12,56,17,2,87,10,0,10,97
01/26/2012,GFK,ND,AGL,CE,Towers with Radar,8,166,24,0,198,0,185,43,0,228,8,351,67,0,426,810,0,810,1236
01/27/2012,GFK,ND,AGL,CE,Towers with Radar,6,34,12,0,52,0,1,7,1,9,6,35,19,1,61,4,0,4,65
01/28/2012,GFK,ND,AGL,CE,Towers with Radar,5,99,11,0,115,0,185,61,0,246,5,284,72,0,361,780,0,780,1141
01/29/2012,GFK,ND,AGL,CE,Towers with Radar,6,91,14,0,111,0,173,30,0,203,6,264,44,0,314,497,0,497,811
01/30/2012,GFK,ND,AGL,CE,Towers with Radar,3,155,12,0,170,0,231,33,0,264,3,386,45,0,434,722,0,722,1156
01/31/2012,GFK,ND,AGL,CE,Towers with Radar,6,40,12,0,58,0,4,3,0,7,6,44,15,0,65,10,0,10,75
02/01/2012,GFK,ND,AGL,CE,Towers with Radar,4,247,17,0,268,0,283,44,0,327,4,530,61,0,595,1046,0,1046,1641
02/02/2012,GFK,ND,AGL,CE,Towers with Radar,9,80,30,0,119,0,18,16,0,34,9,98,46,0,153,337,0,337,490
02/03/2012,GFK,ND,AGL,CE,Towers with Radar,0,4,2,0,6,0,0,0,0,0,0,4,2,0,6,0,0,0,6
02/04/2012,GFK,ND,AGL,CE,Towers with Radar,9,89,26,0,124,0,67,23,0,90,9,156,49,0,214,323,0,323,537
02/05/2012,GFK,ND,AGL,CE,Towers with Radar,7,98,7,0,112,0,180,33,0,213,7,278,40,0,325,496,0,496,821
02/06/2012,GFK,ND,AGL,CE,Towers with Radar,3,57,20,0,80,0,15,17,2,34,3,72,37,2,114,130,0,130,244
02/07/2012,GFK,ND,AGL,CE,Towers with Radar,6,285,20,0,311,0,334,67,0,401,6,619,87,0,712,870,0,870,1582
02/08/2012,GFK,ND,AGL,CE,Towers with Radar,4,214,10,1,229,0,351,60,2,413,4,565,70,3,642,1018,0,1018,1660
02/09/2012,GFK,ND,AGL,CE,Towers with Radar,12,93,20,0,125,0,56,31,0,87,12,149,51,0,212,336,0,336,548
02/10/2012,GFK,ND,AGL,CE,Towers with Radar,6,238,20,0,264,0,253,27,0,280,6,491,47,0,544,773,0,773,1317
02/11/2012,GFK,ND,AGL,CE,Towers with Radar,7,170,10,0,187,0,288,41,0,329,7,458,51,0,516,781,0,781,1297
02/12/2012,GFK,ND,AGL,CE,Towers with Radar,8,96,8,0,112,0,148,41,0,189,8,244,49,0,301,405,0,405,706
02/13/2012,GFK,ND,AGL,CE,Towers with Radar,4,201,24,4,233,0,264,50,4,318,4,465,74,8,551,900,9,909,1460
02/14/2012,GFK,ND,AGL,CE,Towers with Radar,7,212,14,0,233,0,226,37,0,263,7,438,51,0,496,861,0,861,1357
02/15/2012,GFK,ND,AGL,CE,Towers with Radar,6,92,24,4,126,0,79,36,0,115,6,171,60,4,241,605,0,605,846
02/16/2012,GFK,ND,AGL,CE,Towers with Radar,10,194,28,2,234,0,241,22,0,263,10,435,50,2,497,1042,0,1042,1539
02/17/2012,GFK,ND,AGL,CE,Towers with Radar,6,125,21,0,152,0,150,52,0,202,6,275,73,0,354,1054,0,1054,1408
02/18/2012,GFK,ND,AGL,CE,Towers with Radar,5,200,27,0,232,0,298,56,2,356,5,498,83,2,588,920,0,920,1508
02/19/2012,GFK,ND,AGL,CE,Towers with Radar,8,91,19,0,118,0,141,25,2,168,8,232,44,2,286,497,0,497,783
02/20/2012,GFK,ND,AGL,CE,Towers with Radar,3,31,15,0,49,0,8,3,0,11,3,39,18,0,60,116,0,116,176
02/21/2012,GFK,ND,AGL,CE,Towers with Radar,6,31,20,0,57,0,0,5,0,5,6,31,25,0,62,4,0,4,66
02/22/2012,GFK,ND,AGL,CE,Towers with Radar,6,51,16,0,73,0,19,13,0,32,6,70,29,0,105,406,0,406,511
02/23/2012,GFK,ND,AGL,CE,Towers with Radar,10,85,17,0,112,0,30,14,0,44,10,115,31,0,156,474,0,474,630
02/24/2012,GFK,ND,AGL,CE,Towers with Radar,6,66,19,0,91,0,19,12,0,31,6,85,31,0,122,312,0,312,434
02/25/2012,GFK,ND,AGL,CE,Towers with Radar,5,226,21,0,252,0,387,51,0,438,5,613,72,0,690,986,0,986,1676
02/26/2012,GFK,ND,AGL,CE,Towers with Radar,9,14,1,0,24,0,0,0,0,0,9,14,1,0,24,0,0,0,24
02/27/2012,GFK,ND,AGL,CE,Towers with Radar,3,246,35,5,289,0,316,37,1,354,3,562,72,6,643,1034,4,1038,1681
02/28/2012,GFK,ND,AGL,CE,Towers with Radar,7,182,19,0,208,0,222,49,0,271,7,404,68,0,479,1051,0,1051,1530
02/29/2012,GFK,ND,AGL,CE,Towers with Radar,8,36,14,0,58,0,0,10,0,10,8,36,24,0,68,288,0,288,356
03/01/2012,GFK,ND,AGL,CE,Towers with Radar,8,38,31,0,77,0,0,0,0,0,8,38,31,0,77,372,0,372,449
03/02/2012,GFK,ND,AGL,CE,Towers with Radar,6,38,22,0,66,0,1,0,0,1,6,39,22,0,67,15,0,15,82
03/03/2012,GFK,ND,AGL,CE,Towers with Radar,7,168,22,0,197,0,196,40,4,240,7,364,62,4,437,890,0,890,1327
03/04/2012,GFK,ND,AGL,CE,Towers with Radar,6,16,5,0,27,0,0,2,0,2,6,16,7,0,29,0,0,0,29
03/05/2012,GFK,ND,AGL,CE,Towers with Radar,5,169,20,0,194,0,138,25,0,163,5,307,45,0,357,643,0,643,1000
03/06/2012,GFK,ND,AGL,CE,Towers with Radar,6,189,27,0,222,0,303,60,0,363,6,492,87,0,585,1057,0,1057,1642
03/07/2012,GFK,ND,AGL,CE,Towers with Radar,8,85,13,0,106,0,54,18,0,72,8,139,31,0,178,460,0,460,638
03/08/2012,GFK,ND,AGL,CE,Towers with Radar,8,60,21,0,89,0,26,5,0,31,8,86,26,0,120,73,0,73,193
03/09/2012,GFK,ND,AGL,CE,Towers with Radar,9,137,25,0,171,0,122,31,0,153,9,259,56,0,324,606,0,606,930
03/10/2012,GFK,ND,AGL,CE,Towers with Radar,9,156,19,0,184,0,308,61,0,369,9,464,80,0,553,1043,0,1043,1596
03/11/2012,GFK,ND,AGL,CE,Towers with Radar,6,75,19,0,100,0,134,51,0,185,6,209,70,0,285,631,0,631,916
03/12/2012,GFK,ND,AGL,CE,Towers with Radar,3,109,19,0,131,0,44,11,0,55,3,153,30,0,186,226,0,226,412
03/13/2012,GFK,ND,AGL,CE,Towers with Radar,6,141,32,0,179,0,268,72,2,342,6,409,104,2,521,981,0,981,1502
03/14/2012,GFK,ND,AGL,CE,Towers with Radar,8,143,35,5,191,0,235,50,2,287,8,378,85,7,478,1096,0,1096,1574
03/15/2012,GFK,ND,AGL,CE,Towers with Radar,8,154,22,0,184,0,283,70,0,353,8,437,92,0,537,1258,0,1258,1795
03/16/2012,GFK,ND,AGL,CE,Towers with Radar,6,112,29,0,147,0,112,27,0,139,6,224,56,0,286,666,8,674,960
03/17/2012,GFK,ND,AGL,CE,Towers with Radar,9,131,24,0,164,0,141,37,2,180,9,272,61,2,344,1102,0,1102,1446
03/18/2012,GFK,ND,AGL,CE,Towers with Radar,6,38,2,0,46,0,2,5,0,7,6,40,7,0,53,39,0,39,92
03/19/2012,GFK,ND,AGL,CE,Towers with Radar,3,41,21,0,65,0,10,7,0,17,3,51,28,0,82,65,0,65,147
03/20/2012,GFK,ND,AGL,CE,Towers with Radar,6,179,22,2,209,0,352,61,2,415,6,531,83,4,624,1569,15,1584,2208
03/21/2012,GFK,ND,AGL,CE,Towers with Radar,10,170,34,2,216,0,370,52,0,422,10,540,86,2,638,1405,0,1405,2043
03/22/2012,GFK,ND,AGL,CE,Towers with Radar,8,196,30,2,236,0,241,61,0,302,8,437,91,2,538,1410,0,1410,1948
03/23/2012,GFK,ND,AGL,CE,Towers with Radar,6,213,18,2,239,0,0,3,0,3,6,213,21,2,242,6,0,6,248
03/24/2012,GFK,ND,AGL,CE,Towers with Radar,9,44,13,0,66,0,3,4,0,7,9,47,17,0,73,137,0,137,210
03/25/2012,GFK,ND,AGL,CE,Towers with Radar,6,48,18,0,72,0,140,43,0,183,6,188,61,0,255,792,0,792,1047
03/26/2012,GFK,ND,AGL,CE,Towers with Radar,6,53,17,0,76,0,41,12,0,53,6,94,29,0,129,392,0,392,521
03/27/2012,GFK,ND,AGL,CE,Towers with Radar,9,55,12,0,76,0,13,5,0,18,9,68,17,0,94,486,0,486,580
03/28/2012,GFK,ND,AGL,CE,Towers with Radar,8,88,18,0,114,0,73,42,0,115,8,161,60,0,229,1004,0,1004,1233
03/29/2012,GFK,ND,AGL,CE,Towers with Radar,11,92,8,0,111,0,14,9,0,23,11,106,17,0,134,315,0,315,449
03/30/2012,GFK,ND,AGL,CE,Towers with Radar,6,208,19,2,235,0,186,41,0,227,6,394,60,2,462,944,0,944,1406
03/31/2012,GFK,ND,AGL,CE,Towers with Radar,9,146,16,0,171,0,338,35,4,377,9,484,51,4,548,1250,0,1250,1798
04/01/2012,GFK,ND,AGL,CE,Towers with Radar,6,43,7,0,56,0,83,19,0,102,6,126,26,0,158,238,0,238,396
04/02/2012,GFK,ND,AGL,CE,Towers with Radar,3,87,8,0,98,0,89,23,0,112,3,176,31,0,210,677,0,677,887
04/03/2012,GFK,ND,AGL,CE,Towers with Radar,8,190,19,0,217,0,425,75,0,500,8,615,94,0,717,1211,0,1211,1928
04/04/2012,GFK,ND,AGL,CE,Towers with Radar,8,164,19,2,193,0,412,57,2,471,8,576,76,4,664,1307,0,1307,1971
04/05/2012,GFK,ND,AGL,CE,Towers with Radar,8,135,11,2,156,0,253,63,0,316,8,388,74,2,472,1470,0,1470,1942
04/06/2012,GFK,ND,AGL,CE,Towers with Radar,7,65,10,0,82,0,41,18,1,60,7,106,28,1,142,197,0,197,339
04/07/2012,GFK,ND,AGL,CE,Towers with Radar,9,18,7,0,34,0,2,1,0,3,9,20,8,0,37,104,0,104,141
04/08/2012,GFK,ND,AGL,CE,Towers with Radar,6,11,0,0,17,0,0,0,0,0,6,11,0,0,17,0,0,0,17
04/09/2012,GFK,ND,AGL,CE,Towers with Radar,3,54,26,0,83,0,63,15,0,78,3,117,41,0,161,197,0,197,358
04/10/2012,GFK,ND,AGL,CE,Towers with Radar,6,121,40,2,169,0,240,46,0,286,6,361,86,2,455,1483,0,1483,1938
04/11/2012,GFK,ND,AGL,CE,Towers with Radar,8,147,25,0,180,0,402,71,2,475,8,549,96,2,655,1408,0,1408,2063
04/12/2012,GFK,ND,AGL,CE,Towers with Radar,10,93,17,0,120,0,174,38,4,216,10,267,55,4,336,819,0,819,1155
04/13/2012,GFK,ND,AGL,CE,Towers with Radar,6,100,14,0,120,0,2,5,0,7,6,102,19,0,127,113,0,113,240
04/14/2012,GFK,ND,AGL,CE,Towers with Radar,5,83,14,0,102,0,325,24,1,350,5,408,38,1,452,1093,0,1093,1545
04/15/2012,GFK,ND,AGL,CE,Towers with Radar,7,15,2,0,24,0,17,8,0,25,7,32,10,0,49,31,0,31,80
04/16/2012,GFK,ND,AGL,CE,Towers with Radar,2,87,20,0,109,0,110,19,0,129,2,197,39,0,238,548,0,548,786
04/17/2012,GFK,ND,AGL,CE,Towers with Radar,7,125,22,6,160,0,272,52,2,326,7,397,74,8,486,1004,0,1004,1490
04/18/2012,GFK,ND,AGL,CE,Towers with Radar,6,135,41,0,182,0,182,43,2,227,6,317,84,2,409,815,0,815,1224
04/19/2012,GFK,ND,AGL,CE,Towers with Radar,11,116,23,0,150,0,363,71,0,434,11,479,94,0,584,1229,0,1229,1813
04/20/2012,GFK,ND,AGL,CE,Towers with Radar,6,112,27,0,145,0,328,60,0,388,6,440,87,0,533,1273,0,1273,1806
04/21/2012,GFK,ND,AGL,CE,Towers with Radar,5,44,8,0,57,0,0,2,0,2,5,44,10,0,59,58,0,58,117
04/22/2012,GFK,ND,AGL,CE,Towers with Radar,8,34,15,0,57,0,221,35,0,256,8,255,50,0,313,235,0,235,548
04/23/2012,GFK,ND,AGL,CE,Towers with Radar,3,151,22,2,178,0,353,68,1,422,3,504,90,3,600,1139,0,1139,1739
04/24/2012,GFK,ND,AGL,CE,Towers with Radar,4,104,8,0,116,0,329,44,2,375,4,433,52,2,491,1227,0,1227,1718
04/25/2012,GFK,ND,AGL,CE,Towers with Radar,6,67,28,0,101,0,129,41,4,174,6,196,69,4,275,604,6,610,885
04/26/2012,GFK,ND,AGL,CE,Towers with Radar,10,121,28,2,161,0,320,59,2,381,10,441,87,4,542,1356,0,1356,1898
04/27/2012,GFK,ND,AGL,CE,Towers with Radar,7,71,19,0,97,0,104,19,0,123,7,175,38,0,220,570,0,570,790
04/28/2012,GFK,ND,AGL,CE,Towers with Radar,5,67,7,0,79,0,106,24,2,132,5,173,31,2,211,498,0,498,709
04/29/2012,GFK,ND,AGL,CE,Towers with Radar,8,16,8,0,32,0,0,2,0,2,8,16,10,0,34,4,0,4,38
04/30/2012,GFK,ND,AGL,CE,Towers with Radar,3,153,31,1,188,0,327,45,3,375,3,480,76,4,563,1214,8,1222,1785
05/01/2012,GFK,ND,AGL,CE,Towers with Radar,6,108,30,2,146,0,67,33,0,100,6,175,63,2,246,827,0,827,1073
05/02/2012,GFK,ND,AGL,CE,Towers with Radar,6,125,49,0,180,0,241,25,1,267,6,366,74,1,447,883,11,894,1341
05/03/2012,GFK,ND,AGL,CE,Towers with Radar,11,152,39,2,204,0,231,33,0,264,11,383,72,2,468,623,0,623,1091
05/04/2012,GFK,ND,AGL,CE,Towers with Radar,6,109,18,1,134,0,180,45,1,226,6,289,63,2,360,1039,0,1039,1399
05/05/2012,GFK,ND,AGL,CE,Towers with Radar,5,78,12,0,95,0,152,24,2,178,5,230,36,2,273,904,0,904,1177
05/06/2012,GFK,ND,AGL,CE,Towers with Radar,8,32,8,0,48,0,59,18,0,77,8,91,26,0,125,269,0,269,394
05/07/2012,GFK,ND,AGL,CE,Towers with Radar,5,45,28,0,78,0,37,14,0,51,5,82,42,0,129,195,0,195,324
05/08/2012,GFK,ND,AGL,CE,Towers with Radar,7,120,17,0,144,0,81,34,1,116,7,201,51,1,260,579,0,579,839
05/09/2012,GFK,ND,AGL,CE,Towers with Radar,8,149,21,0,178,0,407,61,1,469,8,556,82,1,647,1271,0,1271,1918
05/10/2012,GFK,ND,AGL,CE,Towers with Radar,12,81,23,0,116,0,107,29,0,136,12,188,52,0,252,431,0,431,683
05/11/2012,GFK,ND,AGL,CE,Towers with Radar,8,101,18,0,127,0,118,42,0,160,8,219,60,0,287,440,0,440,727
05/12/2012,GFK,ND,AGL,CE,Towers with Radar,5,51,14,0,70,0,170,36,1,207,5,221,50,1,277,599,0,599,876
05/13/2012,GFK,ND,AGL,CE,Towers with Radar,8,16,7,0,31,0,29,13,0,42,8,45,20,0,73,52,0,52,125
05/14/2012,GFK,ND,AGL,CE,Towers with Radar,3,107,13,0,123,0,371,43,2,416,3,478,56,2,539,1163,0,1163,1702
05/15/2012,GFK,ND,AGL,CE,Towers with Radar,6,114,22,1,143,0,234,52,2,288,6,348,74,3,431,766,0,766,1197
05/16/2012,GFK,ND,AGL,CE,Towers with Radar,4,115,31,1,151,0,280,35,1,316,4,395,66,2,467,878,0,878,1345
05/17/2012,GFK,ND,AGL,CE,Towers with Radar,8,147,32,0,187,0,237,49,0,286,8,384,81,0,473,1016,0,1016,1489
05/18/2012,GFK,ND,AGL,CE,Towers with Radar,10,147,29,4,190,0,186,58,2,246,10,333,87,6,436,818,0,818,1254
05/19/2012,GFK,ND,AGL,CE,Towers with Radar,3,83,9,0,95,0,21,3,0,24,3,104,12,0,119,209,0,209,328
05/20/2012,GFK,ND,AGL,CE,Towers with Radar,6,47,9,0,62,0,123,18,0,141,6,170,27,0,203,360,0,360,563
05/21/2012,GFK,ND,AGL,CE,Towers with Radar,3,164,19,2,188,0,286,38,2,326,3,450,57,4,514,1101,4,1105,1619
05/22/2012,GFK,ND,AGL,CE,Towers with Radar,4,136,34,2,176,0,205,42,0,247,4,341,76,2,423,868,0,868,1291
05/23/2012,GFK,ND,AGL,CE,Towers with Radar,4,154,39,2,199,0,227,38,0,265,4,381,77,2,464,1001,0,1001,1465
05/24/2012,GFK,ND,AGL,CE,Towers with Radar,8,116,23,2,149,0,223,45,0,268,8,339,68,2,417,924,3,927,1344
05/25/2012,GFK,ND,AGL,CE,Towers with Radar,6,143,25,4,178,0,218,45,0,263,6,361,70,4,441,751,0,751,1192
05/26/2012,GFK,ND,AGL,CE,Towers with Radar,3,128,14,1,146,0,104,14,1,119,3,232,28,2,265,592,0,592,857
05/27/2012,GFK,ND,AGL,CE,Towers with Radar,6,36,5,0,47,0,0,0,0,0,6,36,5,0,47,0,0,0,47
05/28/2012,GFK,ND,AGL,CE,Towers with Radar,0,82,7,2,91,0,132,16,0,148,0,214,23,2,239,763,0,763,1002
05/29/2012,GFK,ND,AGL,CE,Towers with Radar,3,126,15,0,144,0,37,16,0,53,3,163,31,0,197,277,0,277,474
05/30/2012,GFK,ND,AGL,CE,Towers with Radar,6,142,39,0,187,0,423,56,0,479,6,565,95,0,666,1178,0,1178,1844
05/31/2012,GFK,ND,AGL,CE,Towers with Radar,8,170,35,0,213,0,394,61,0,455,8,564,96,0,668,1199,0,1199,1867
06/01/2012,GFK,ND,AGL,CE,Towers with Radar,6,106,21,0,133,0,130,32,0,162,6,236,53,0,295,809,0,809,1104
06/02/2012,GFK,ND,AGL,CE,Towers with Radar,3,165,15,0,183,0,291,45,0,336,3,456,60,0,519,1007,0,1007,1526
06/03/2012,GFK,ND,AGL,CE,Towers with Radar,6,56,10,0,72,60,15,2,0,77,66,71,12,0,149,285,0,285,434
06/04/2012,GFK,ND,AGL,CE,Towers with Radar,3,166,37,0,206,0,321,39,0,360,3,487,76,0,566,1072,0,1072,1638
06/05/2012,GFK,ND,AGL,CE,Towers with Radar,4,157,26,0,187,0,250,50,1,301,4,407,76,1,488,1218,0,1218,1706
06/06/2012,GFK,ND,AGL,CE,Towers with Radar,4,147,33,0,184,0,254,38,0,292,4,401,71,0,476,1216,0,1216,1692
06/07/2012,GFK,ND,AGL,CE,Towers with Radar,10,84,32,0,126,0,125,30,0,155,10,209,62,0,281,636,0,636,917
06/08/2012,GFK,ND,AGL,CE,Towers with Radar,6,123,23,0,152,0,175,38,0,213,6,298,61,0,365,1026,0,1026,1391
06/09/2012,GFK,ND,AGL,CE,Towers with Radar,3,32,6,0,41,0,72,7,0,79,3,104,13,0,120,269,0,269,389
06/10/2012,GFK,ND,AGL,CE,Towers with Radar,8,36,12,0,56,0,26,6,0,32,8,62,18,0,88,148,0,148,236
06/11/2012,GFK,ND,AGL,CE,Towers with Radar,3,54,8,4,69,0,33,1,0,34,3,87,9,4,103,121,0,121,224
06/12/2012,GFK,ND,AGL,CE,Towers with Radar,4,169,46,0,219,0,422,64,10,496,4,591,110,10,715,1284,0,1284,1999
06/13/2012,GFK,ND,AGL,CE,Towers with Radar,4,164,28,0,196,0,134,48,0,182,4,298,76,0,378,522,0,522,900
06/14/2012,GFK,ND,AGL,CE,Towers with Radar,8,69,24,0,101,0,97,41,0,138,8,166,65,0,239,436,0,436,675
06/15/2012,GFK,ND,AGL,CE,Towers with Radar,6,148,15,0,169,0,334,66,0,400,6,482,81,0,569,1208,0,1208,1777
06/16/2012,GFK,ND,AGL,CE,Towers with Radar,3,95,5,0,103,0,36,11,0,47,3,131,16,0,150,309,0,309,459
06/17/2012,GFK,ND,AGL,CE,Towers with Radar,6,56,12,0,74,0,145,18,0,163,6,201,30,0,237,556,0,556,793
06/18/2012,GFK,ND,AGL,CE,Towers with Radar,3,108,23,0,134,0,212,28,1,241,3,320,51,1,375,839,0,839,1214
06/19/2012,GFK,ND,AGL,CE,Towers with Radar,4,198,21,0,223,0,176,62,0,238,4,374,83,0,461,1179,0,1179,1640
06/20/2012,GFK,ND,AGL,CE,Towers with Radar,4,117,29,0,150,0,53,35,0,88,4,170,64,0,238,452,0,452,690
06/21/2012,GFK,ND,AGL,CE,Towers with Radar,8,68,26,0,102,0,246,37,0,283,8,314,63,0,385,669,0,669,1054
06/22/2012,GFK,ND,AGL,CE,Towers with Radar,6,184,21,1,212,0,436,58,0,494,6,620,79,1,706,1416,0,1416,2122
06/23/2012,GFK,ND,AGL,CE,Towers with Radar,3,67,26,0,96,0,190,22,0,212,3,257,48,0,308,909,0,909,1217
06/24/2012,GFK,ND,AGL,CE,Towers with Radar,6,71,11,1,89,0,129,22,0,151,6,200,33,1,240,658,0,658,898
06/25/2012,GFK,ND,AGL,CE,Towers with Radar,3,139,34,2,178,0,320,45,0,365,3,459,79,2,543,1229,0,1229,1772
06/26/2012,GFK,ND,AGL,CE,Towers with Radar,4,104,25,2,135,0,214,26,0,240,4,318,51,2,375,923,0,923,1298
06/27/2012,GFK,ND,AGL,CE,Towers with Radar,4,142,26,1,173,0,289,59,1,349,4,431,85,2,522,1266,0,1266,1788
06/28/2012,GFK,ND,AGL,CE,Towers with Radar,8,105,31,0,144,0,223,40,0,263,8,328,71,0,407,979,0,979,1386
06/29/2012,GFK,ND,AGL,CE,Towers with Radar,7,156,32,0,195,0,393,45,0,438,7,549,77,0,633,1343,0,1343,1976
06/30/2012,GFK,ND,AGL,CE,Towers with Radar,3,101,16,0,120,0,180,21,0,201,3,281,37,0,321,1097,0,1097,1418
07/01/2012,GFK,ND,AGL,CE,Towers with Radar,6,42,12,0,60,0,99,26,0,125,6,141,38,0,185,550,0,550,735
07/02/2012,GFK,ND,AGL,CE,Towers with Radar,5,43,25,0,73,0,114,23,0,137,5,157,48,0,210,580,0,580,790
07/03/2012,GFK,ND,AGL,CE,Towers with Radar,4,163,35,3,205,0,377,45,0,422,4,540,80,3,627,1036,0,1036,1663
07/04/2012,GFK,ND,AGL,CE,Towers with Radar,0,11,2,0,13,0,1,5,0,6,0,12,7,0,19,0,0,0,19
07/05/2012,GFK,ND,AGL,CE,Towers with Radar,8,168,26,0,202,0,269,29,0,298,8,437,55,0,500,1125,0,1125,1625
07/06/2012,GFK,ND,AGL,CE,Towers with Radar,6,110,14,0,130,0,181,29,0,210,6,291,43,0,340,893,0,893,1233
07/07/2012,GFK,ND,AGL,CE,Towers with Radar,3,93,11,0,107,0,280,42,0,322,3,373,53,0,429,1163,0,1163,1592
07/08/2012,GFK,ND,AGL,CE,Towers with Radar,6,36,10,0,52,0,131,26,2,159,6,167,36,2,211,543,0,543,754
07/09/2012,GFK,ND,AGL,CE,Towers with Radar,3,109,32,0,144,0,307,62,0,369,3,416,94,0,513,1341,0,1341,1854
07/10/2012,GFK,ND,AGL,CE,Towers with Radar,6,134,24,2,166,0,299,69,0,368,6,433,93,2,534,1415,0,1415,1949
07/11/2012,GFK,ND,AGL,CE,Towers with Radar,4,169,28,0,201,0,208,35,0,243,4,377,63,0,444,866,0,866,1310
07/12/2012,GFK,ND,AGL,CE,Towers with Radar,8,83,18,0,109,0,218,30,0,248,8,301,48,0,357,885,0,885,1242
07/13/2012,GFK,ND,AGL,CE,Towers with Radar,6,173,28,0,207,0,325,36,0,361,6,498,64,0,568,1294,0,1294,1862
07/14/2012,GFK,ND,AGL,CE,Towers with Radar,3,84,18,0,105,0,240,35,0,275,3,324,53,0,380,1060,0,1060,1440
07/15/2012,GFK,ND,AGL,CE,Towers with Radar,6,28,10,0,44,0,61,14,0,75,6,89,24,0,119,336,0,336,455
07/16/2012,GFK,ND,AGL,CE,Towers with Radar,3,159,23,2,187,0,53,35,3,91,3,212,58,5,278,1288,0,1288,1566
07/17/2012,GFK,ND,AGL,CE,Towers with Radar,4,144,19,4,171,0,298,28,0,326,4,442,47,4,497,1276,0,1276,1773
07/18/2012,GFK,ND,AGL,CE,Towers with Radar,4,126,29,0,159,0,317,43,0,360,4,443,72,0,519,1163,0,1163,1682
07/19/2012,GFK,ND,AGL,CE,Towers with Radar,8,40,17,0,65,0,6,9,0,15,8,46,26,0,80,27,0,27,107
07/20/2012,GFK,ND,AGL,CE,Towers with Radar,6,130,13,2,151,0,329,62,0,391,6,459,75,2,542,1240,0,1240,1782
07/21/2012,GFK,ND,AGL,CE,Towers with Radar,3,88,24,0,115,0,273,41,0,314,3,361,65,0,429,1286,0,1286,1715
07/22/2012,GFK,ND,AGL,CE,Towers with Radar,6,23,12,0,41,0,84,32,0,116,6,107,44,0,157,320,0,320,477
07/23/2012,GFK,ND,AGL,CE,Towers with Radar,3,158,11,1,173,0,218,48,1,267,3,376,59,2,440,1481,0,1481,1921
07/24/2012,GFK,ND,AGL,CE,Towers with Radar,4,93,21,0,118,0,262,33,0,295,4,355,54,0,413,959,0,959,1372
07/25/2012,GFK,ND,AGL,CE,Towers with Radar,5,138,24,3,170,0,155,38,0,193,5,293,62,3,363,976,0,976,1339
07/26/2012,GFK,ND,AGL,CE,Towers with Radar,9,93,20,4,126,0,97,33,0,130,9,190,53,4,256,605,0,605,861
07/27/2012,GFK,ND,AGL,CE,Towers with Radar,6,130,34,2,172,0,392,61,0,453,6,522,95,2,625,1256,0,1256,1881
07/28/2012,GFK,ND,AGL,CE,Towers with Radar,5,87,14,0,106,0,243,63,0,306,5,330,77,0,412,1044,0,1044,1456
07/29/2012,GFK,ND,AGL,CE,Towers with Radar,6,32,11,1,50,0,68,15,0,83,6,100,26,1,133,398,0,398,531
07/30/2012,GFK,ND,AGL,CE,Towers with Radar,3,113,17,0,133,0,317,37,0,354,3,430,54,0,487,1272,0,1272,1759
07/31/2012,GFK,ND,AGL,CE,Towers with Radar,4,89,36,0,129,0,253,55,0,308,4,342,91,0,437,1115,0,1115,1552
08/01/2012,GFK,ND,AGL,CE,Towers with Radar,6,113,23,0,142,0,256,60,0,316,6,369,83,0,458,1292,0,1292,1750
08/02/2012,GFK,ND,AGL,CE,Towers with Radar,9,102,23,0,134,0,296,51,0,347,9,398,74,0,481,1046,0,1046,1527
08/03/2012,GFK,ND,AGL,CE,Towers with Radar,6,52,13,0,71,0,48,22,0,70,6,100,35,0,141,348,0,348,489
08/04/2012,GFK,ND,AGL,CE,Towers with Radar,3,61,7,0,71,0,51,5,0,56,3,112,12,0,127,365,0,365,492
08/05/2012,GFK,ND,AGL,CE,Towers with Radar,6,26,14,0,46,0,141,26,0,167,6,167,40,0,213,512,0,512,725
08/06/2012,GFK,ND,AGL,CE,Towers with Radar,3,102,31,0,136,0,328,39,0,367,3,430,70,0,503,1267,0,1267,1770
08/07/2012,GFK,ND,AGL,CE,Towers with Radar,4,83,21,0,108,0,160,29,0,189,4,243,50,0,297,882,0,882,1179
08/08/2012,GFK,ND,AGL,CE,Towers with Radar,4,144,33,0,181,195,34,0,0,229,199,178,33,0,410,999,0,999,1409
08/09/2012,GFK,ND,AGL,CE,Towers with Radar,8,128,29,0,165,0,179,43,0,222,8,307,72,0,387,1188,0,1188,1575
08/10/2012,GFK,ND,AGL,CE,Towers with Radar,6,99,28,0,133,0,190,34,0,224,6,289,62,0,357,830,0,830,1187
08/11/2012,GFK,ND,AGL,CE,Towers with Radar,3,20,12,0,35,0,3,20,0,23,3,23,32,0,58,11,0,11,69
08/12/2012,GFK,ND,AGL,CE,Towers with Radar,6,10,4,0,20,0,0,9,0,9,6,10,13,0,29,4,0,4,33
08/13/2012,GFK,ND,AGL,CE,Towers with Radar,2,101,41,3,147,0,306,42,0,348,2,407,83,3,495,1383,0,1383,1878
08/14/2012,GFK,ND,AGL,CE,Towers with Radar,4,139,28,0,171,0,281,42,2,325,4,420,70,2,496,1184,0,1184,1680
08/15/2012,GFK,ND,AGL,CE,Towers with Radar,4,85,17,0,106,0,45,9,0,54,4,130,26,0,160,266,0,266,426
08/16/2012,GFK,ND,AGL,CE,Towers with Radar,8,96,28,0,132,0,60,24,0,84,8,156,52,0,216,314,0,314,530
08/17/2012,GFK,ND,AGL,CE,Towers with Radar,6,116,13,0,135,0,248,38,0,286,6,364,51,0,421,897,0,897,1318
08/18/2012,GFK,ND,AGL,CE,Towers with Radar,3,86,8,0,97,0,151,16,0,167,3,237,24,0,264,534,0,534,798
08/19/2012,GFK,ND,AGL,CE,Towers with Radar,6,71,11,0,88,0,121,20,0,141,6,192,31,0,229,558,0,558,787
08/20/2012,GFK,ND,AGL,CE,Towers with Radar,3,143,23,0,169,0,271,31,0,302,3,414,54,0,471,1194,0,1194,1665
08/21/2012,GFK,ND,AGL,CE,Towers with Radar,4,138,20,0,162,0,182,49,0,231,4,320,69,0,393,836,0,836,1229
08/22/2012,GFK,ND,AGL,CE,Towers with Radar,6,160,29,0,195,0,280,59,0,339,6,440,88,0,534,1087,0,1087,1621
08/23/2012,GFK,ND,AGL,CE,Towers with Radar,8,114,24,2,148,0,251,40,0,291,8,365,64,2,439,976,0,976,1415
08/24/2012,GFK,ND,AGL,CE,Towers with Radar,6,124,18,5,153,0,266,31,1,298,6,390,49,6,451,926,0,926,1377
08/25/2012,GFK,ND,AGL,CE,Towers with Radar,3,79,12,0,94,0,234,16,0,250,3,313,28,0,344,545,0,545,889
08/26/2012,GFK,ND,AGL,CE,Towers with Radar,6,41,5,0,52,0,62,18,0,80,6,103,23,0,132,164,0,164,296
08/27/2012,GFK,ND,AGL,CE,Towers with Radar,3,120,23,0,146,0,384,45,0,429,3,504,68,0,575,1153,0,1153,1728
08/28/2012,GFK,ND,AGL,CE,Towers with Radar,4,161,27,0,192,0,339,29,1,369,4,500,56,1,561,1099,0,1099,1660
08/29/2012,GFK,ND,AGL,CE,Towers with Radar,8,164,32,2,206,0,265,43,0,308,8,429,75,2,514,794,0,794,1308
08/30/2012,GFK,ND,AGL,CE,Towers with Radar,8,163,24,0,195,0,333,39,0,372,8,496,63,0,567,1041,0,1041,1608
08/31/2012,GFK,ND,AGL,CE,Towers with Radar,6,155,17,0,178,0,441,56,0,497,6,596,73,0,675,1208,0,1208,1883
09/01/2012,GFK,ND,AGL,CE,Towers with Radar,3,65,3,0,71,0,64,13,0,77,3,129,16,0,148,124,0,124,272
09/02/2012,GFK,ND,AGL,CE,Towers with Radar,6,32,7,0,45,0,33,5,0,38,6,65,12,0,83,313,0,313,396
09/03/2012,GFK,ND,AGL,CE,Towers with Radar,2,57,4,0,63,0,129,14,0,143,2,186,18,0,206,487,0,487,693
09/04/2012,GFK,ND,AGL,CE,Towers with Radar,2,157,31,2,192,0,400,48,0,448,2,557,79,2,640,1141,0,1141,1781
09/05/2012,GFK,ND,AGL,CE,Towers with Radar,4,132,21,1,158,0,311,41,0,352,4,443,62,1,510,886,0,886,1396
09/06/2012,GFK,ND,AGL,CE,Towers with Radar,8,181,25,0,214,0,249,23,1,273,8,430,48,1,487,1004,0,1004,1491
09/07/2012,GFK,ND,AGL,CE,Towers with Radar,6,226,20,0,252,0,317,44,0,361,6,543,64,0,613,1118,0,1118,1731
09/08/2012,GFK,ND,AGL,CE,Towers with Radar,3,67,6,0,76,0,32,11,0,43,3,99,17,0,119,120,0,120,239
09/09/2012,GFK,ND,AGL,CE,Towers with Radar,6,46,10,0,62,0,202,33,0,235,6,248,43,0,297,571,0,571,868
09/10/2012,GFK,ND,AGL,CE,Towers with Radar,3,175,20,0,198,0,137,34,0,171,3,312,54,0,369,596,0,596,965
09/11/2012,GFK,ND,AGL,CE,Towers with Radar,8,179,12,3,202,0,163,27,0,190,8,342,39,3,392,585,0,585,977
09/12/2012,GFK,ND,AGL,CE,Towers with Radar,4,87,26,0,117,0,97,23,0,120,4,184,49,0,237,394,0,394,631
09/13/2012,GFK,ND,AGL,CE,Towers with Radar,8,226,30,0,264,0,415,59,0,474,8,641,89,0,738,1138,0,1138,1876
09/14/2012,GFK,ND,AGL,CE,Towers with Radar,8,196,22,0,226,0,478,77,0,555,8,674,99,0,781,1292,0,1292,2073
09/15/2012,GFK,ND,AGL,CE,Towers with Radar,3,140,8,0,151,0,341,45,0,386,3,481,53,0,537,1096,0,1096,1633
09/16/2012,GFK,ND,AGL,CE,Towers with Radar,7,47,8,0,62,0,85,26,0,111,7,132,34,0,173,405,0,405,578
09/17/2012,GFK,ND,AGL,CE,Towers with Radar,3,185,17,0,205,0,285,39,0,324,3,470,56,0,529,774,0,774,1303
09/18/2012,GFK,ND,AGL,CE,Towers with Radar,6,204,35,0,245,0,424,48,0,472,6,628,83,0,717,1072,0,1072,1789
09/19/2012,GFK,ND,AGL,CE,Towers with Radar,4,44,12,2,62,0,42,2,0,44,4,86,14,2,106,108,0,108,214
09/20/2012,GFK,ND,AGL,CE,Towers with Radar,8,209,28,10,255,0,351,30,1,382,8,560,58,11,637,0,954,954,1591
09/21/2012,GFK,ND,AGL,CE,Towers with Radar,8,118,23,2,151,0,184,25,0,209,8,302,48,2,360,523,0,523,883
09/22/2012,GFK,ND,AGL,CE,Towers with Radar,3,135,14,0,152,0,298,38,1,337,3,433,52,1,489,1292,0,1292,1781
09/23/2012,GFK,ND,AGL,CE,Towers with Radar,6,37,10,0,53,0,175,32,0,207,6,212,42,0,260,482,0,482,742
09/24/2012,GFK,ND,AGL,CE,Towers with Radar,3,173,30,0,206,0,326,33,0,359,3,499,63,0,565,1071,0,1071,1636
09/25/2012,GFK,ND,AGL,CE,Towers with Radar,6,152,26,2,186,0,355,47,1,403,6,507,73,3,589,1083,0,1083,1672
09/26/2012,GFK,ND,AGL,CE,Towers with Radar,4,162,11,0,177,0,359,38,0,397,4,521,49,0,574,1209,0,1209,1783
09/27/2012,GFK,ND,AGL,CE,Towers with Radar,8,200,18,0,226,0,409,39,0,448,8,609,57,0,674,992,0,992,1666
09/28/2012,GFK,ND,AGL,CE,Towers with Radar,7,241,20,0,268,0,354,48,1,403,7,595,68,1,671,1137,0,1137,1808
09/29/2012,GFK,ND,AGL,CE,Towers with Radar,4,129,13,0,146,0,284,29,0,313,4,413,42,0,459,1073,0,1073,1532
09/30/2012,GFK,ND,AGL,CE,Towers with Radar,6,37,17,0,60,0,130,25,0,155,6,167,42,0,215,452,0,452,667
10/01/2012,GFK,ND,AGL,CE,Towers with Radar,3,230,27,4,264,0,252,39,0,291,3,482,66,4,555,864,0,864,1419
10/02/2012,GFK,ND,AGL,CE,Towers with Radar,6,101,21,0,128,0,88,18,0,106,6,189,39,0,234,376,0,376,610
10/03/2012,GFK,ND,AGL,CE,Towers with Radar,8,151,22,0,181,0,165,21,0,186,8,316,43,0,367,384,0,384,751
10/04/2012,GFK,ND,AGL,CE,Towers with Radar,10,49,9,0,68,0,0,0,0,0,10,49,9,0,68,0,0,0,68
10/05/2012,GFK,ND,AGL,CE,Towers with Radar,8,39,20,0,67,0,1,2,0,3,8,40,22,0,70,41,0,41,111
10/06/2012,GFK,ND,AGL,CE,Towers with Radar,5,163,8,0,176,0,347,36,2,385,5,510,44,2,561,1271,0,1271,1832
10/07/2012,GFK,ND,AGL,CE,Towers with Radar,6,106,8,0,120,0,139,22,0,161,6,245,30,0,281,433,0,433,714
10/08/2012,GFK,ND,AGL,CE,Towers with Radar,4,172,29,6,211,0,95,12,0,107,4,267,41,6,318,635,0,635,953
10/09/2012,GFK,ND,AGL,CE,Towers with Radar,4,106,16,1,127,0,35,7,0,42,4,141,23,1,169,274,0,274,443
10/10/2012,GFK,ND,AGL,CE,Towers with Radar,7,129,31,0,167,0,236,33,0,269,7,365,64,0,436,936,0,936,1372
10/11/2012,GFK,ND,AGL,CE,Towers with Radar,10,227,38,0,275,0,447,41,0,488,10,674,79,0,763,1109,0,1109,1872
10/12/2012,GFK,ND,AGL,CE,Towers with Radar,8,129,14,2,153,0,170,17,0,187,8,299,31,2,340,338,0,338,678
10/13/2012,GFK,ND,AGL,CE,Towers with Radar,5,201,10,0,216,0,359,22,0,381,5,560,32,0,597,1092,0,1092,1689
10/14/2012,GFK,ND,AGL,CE,Towers with Radar,6,105,8,2,121,0,50,14,1,65,6,155,22,3,186,341,0,341,527
10/15/2012,GFK,ND,AGL,CE,Towers with Radar,3,202,22,0,227,0,345,39,0,384,3,547,61,0,611,1000,0,1000,1611
10/16/2012,GFK,ND,AGL,CE,Towers with Radar,10,213,30,0,253,0,421,51,0,472,10,634,81,0,725,1009,0,1009,1734
10/17/2012,GFK,ND,AGL,CE,Towers with Radar,4,200,23,0,227,0,26,13,0,39,4,226,36,0,266,436,0,436,702
10/18/2012,GFK,ND,AGL,CE,Towers with Radar,8,53,26,0,87,0,0,0,0,0,8,53,26,0,87,0,0,0,87
10/19/2012,GFK,ND,AGL,CE,Towers with Radar,13,166,24,0,203,0,4,1,0,5,13,170,25,0,208,48,0,48,256
10/20/2012,GFK,ND,AGL,CE,Towers with Radar,6,228,11,2,247,0,70,26,0,96,6,298,37,2,343,1203,0,1203,1546
10/21/2012,GFK,ND,AGL,CE,Towers with Radar,6,84,7,0,97,0,189,20,0,209,6,273,27,0,306,680,0,680,986
10/22/2012,GFK,ND,AGL,CE,Towers with Radar,5,212,22,0,239,0,421,53,0,474,5,633,75,0,713,1264,0,1264,1977
10/23/2012,GFK,ND,AGL,CE,Towers with Radar,8,137,24,0,169,0,0,0,0,0,8,137,24,0,169,18,0,18,187
10/24/2012,GFK,ND,AGL,CE,Towers with Radar,4,194,28,1,227,0,62,32,1,95,4,256,60,2,322,1184,0,1184,1506
10/25/2012,GFK,ND,AGL,CE,Towers with Radar,8,79,10,6,103,0,114,20,0,134,8,193,30,6,237,361,0,361,598
10/26/2012,GFK,ND,AGL,CE,Towers with Radar,10,104,12,0,126,0,228,34,0,262,10,332,46,0,388,784,0,784,1172
10/27/2012,GFK,ND,AGL,CE,Towers with Radar,5,136,13,1,155,0,317,34,0,351,5,453,47,1,506,935,0,935,1441
10/28/2012,GFK,ND,AGL,CE,Towers with Radar,6,45,9,0,60,0,68,23,0,91,6,113,32,0,151,300,0,300,451
10/29/2012,GFK,ND,AGL,CE,Towers with Radar,5,246,22,2,275,0,357,42,0,399,5,603,64,2,674,1010,0,1010,1684
10/30/2012,GFK,ND,AGL,CE,Towers with Radar,6,194,22,0,222,0,336,38,0,374,6,530,60,0,596,1140,0,1140,1736
10/31/2012,GFK,ND,AGL,CE,Towers with Radar,4,182,20,0,206,0,282,28,0,310,4,464,48,0,516,846,0,846,1362
11/01/2012,GFK,ND,AGL,CE,Towers with Radar,10,42,17,0,69,0,54,19,1,74,10,96,36,1,143,1011,0,1011,1154
11/02/2012,GFK,ND,AGL,CE,Towers with Radar,9,40,19,0,68,0,0,4,0,4,9,40,23,0,72,118,0,118,190
11/03/2012,GFK,ND,AGL,CE,Towers with Radar,5,21,3,0,29,0,0,0,0,0,5,21,3,0,29,23,0,23,52
11/04/2012,GFK,ND,AGL,CE,Towers with Radar,8,21,12,0,41,0,15,1,0,16,8,36,13,0,57,87,0,87,144
11/05/2012,GFK,ND,AGL,CE,Towers with Radar,5,123,27,0,155,0,173,29,0,202,5,296,56,0,357,719,0,719,1076
11/06/2012,GFK,ND,AGL,CE,Towers with Radar,6,95,15,0,116,0,68,7,0,75,6,163,22,0,191,426,0,426,617
11/07/2012,GFK,ND,AGL,CE,Towers with Radar,6,278,23,0,307,0,340,42,0,382,6,618,65,0,689,1022,0,1022,1711
11/08/2012,GFK,ND,AGL,CE,Towers with Radar,9,53,20,0,82,0,13,8,2,23,9,66,28,2,105,321,0,321,426
11/09/2012,GFK,ND,AGL,CE,Towers with Radar,8,45,12,0,65,0,14,22,0,36,8,59,34,0,101,358,0,358,459
11/10/2012,GFK,ND,AGL,CE,Towers with Radar,3,21,2,0,26,0,0,0,0,0,3,21,2,0,26,0,0,0,26
11/11/2012,GFK,ND,AGL,CE,Towers with Radar,6,18,6,0,30,0,0,4,0,4,6,18,10,0,34,205,0,205,239
11/12/2012,GFK,ND,AGL,CE,Towers with Radar,5,118,13,0,136,0,85,8,0,93,5,203,21,0,229,449,0,449,678
11/13/2012,GFK,ND,AGL,CE,Towers with Radar,4,216,24,4,248,0,448,42,0,490,4,664,66,4,738,922,0,922,1660
11/14/2012,GFK,ND,AGL,CE,Towers with Radar,8,187,34,0,229,0,234,24,0,258,8,421,58,0,487,588,0,588,1075
11/15/2012,GFK,ND,AGL,CE,Towers with Radar,10,280,25,0,315,0,410,52,0,462,10,690,77,0,777,926,0,926,1703
11/16/2012,GFK,ND,AGL,CE,Towers with Radar,8,220,20,2,250,0,314,46,0,360,8,534,66,2,610,940,0,940,1550
11/17/2012,GFK,ND,AGL,CE,Towers with Radar,7,137,15,0,159,0,296,31,0,327,7,433,46,0,486,950,0,950,1436
11/18/2012,GFK,ND,AGL,CE,Towers with Radar,6,82,9,0,97,0,174,26,0,200,6,256,35,0,297,490,0,490,787
11/19/2012,GFK,ND,AGL,CE,Towers with Radar,3,197,22,0,222,0,301,44,0,345,3,498,66,0,567,773,0,773,1340
11/20/2012,GFK,ND,AGL,CE,Towers with Radar,12,184,25,4,225,0,295,30,2,327,12,479,55,6,552,911,0,911,1463
11/21/2012,GFK,ND,AGL,CE,Towers with Radar,6,186,13,0,205,0,273,40,0,313,6,459,53,0,518,714,0,714,1232
11/22/2012,GFK,ND,AGL,CE,Towers with Radar,0,9,1,0,10,0,0,0,0,0,0,9,1,0,10,0,0,0,10
11/23/2012,GFK,ND,AGL,CE,Towers with Radar,4,33,3,0,40,0,4,2,0,6,4,37,5,0,46,89,0,89,135
11/24/2012,GFK,ND,AGL,CE,Towers with Radar,5,44,8,0,57,0,11,2,0,13,5,55,10,0,70,154,0,154,224
11/25/2012,GFK,ND,AGL,CE,Towers with Radar,5,16,4,0,25,0,2,4,0,6,5,18,8,0,31,28,0,28,59
11/26/2012,GFK,ND,AGL,CE,Towers with Radar,1,161,19,0,181,0,234,40,0,274,1,395,59,0,455,747,0,747,1202
11/27/2012,GFK,ND,AGL,CE,Towers with Radar,8,43,14,0,65,0,11,12,0,23,8,54,26,0,88,556,0,556,644
11/28/2012,GFK,ND,AGL,CE,Towers with Radar,7,115,13,0,135,0,128,16,0,144,7,243,29,0,279,481,0,481,760
11/29/2012,GFK,ND,AGL,CE,Towers with Radar,12,248,19,0,279,0,344,25,0,369,12,592,44,0,648,802,0,802,1450
11/30/2012,GFK,ND,AGL,CE,Towers with Radar,6,36,27,0,69,0,0,2,0,2,6,36,29,0,71,90,0,90,161
12/01/2012,GFK,ND,AGL,CE,Towers with Radar,3,36,4,0,43,0,2,3,2,7,3,38,7,2,50,93,0,93,143
12/02/2012,GFK,ND,AGL,CE,Towers with Radar,8,47,3,0,58,0,0,0,0,0,8,47,3,0,58,0,0,0,58
12/03/2012,GFK,ND,AGL,CE,Towers with Radar,1,96,14,0,111,0,113,15,0,128,1,209,29,0,239,366,0,366,605
12/04/2012,GFK,ND,AGL,CE,Towers with Radar,6,333,28,0,367,19,377,38,1,435,25,710,66,1,802,1017,0,1017,1819
12/05/2012,GFK,ND,AGL,CE,Towers with Radar,6,177,24,5,212,0,177,14,2,193,6,354,38,7,405,618,0,618,1023
12/06/2012,GFK,ND,AGL,CE,Towers with Radar,8,68,19,4,99,0,148,24,0,172,8,216,43,4,271,711,0,711,982
12/07/2012,GFK,ND,AGL,CE,Towers with Radar,8,274,31,5,318,0,320,31,2,353,8,594,62,7,671,951,0,951,1622
12/08/2012,GFK,ND,AGL,CE,Towers with Radar,3,26,21,0,50,0,0,0,0,0,3,26,21,0,50,75,0,75,125
12/09/2012,GFK,ND,AGL,CE,Towers with Radar,4,40,8,1,53,0,20,3,1,24,4,60,11,2,77,134,0,134,211
12/10/2012,GFK,ND,AGL,CE,Towers with Radar,3,153,28,4,188,0,253,27,0,280,3,406,55,4,468,814,0,814,1282
12/11/2012,GFK,ND,AGL,CE,Towers with Radar,6,123,22,0,151,0,153,14,0,167,6,276,36,0,318,934,0,934,1252
12/12/2012,GFK,ND,AGL,CE,Towers with Radar,10,42,15,0,67,0,27,10,0,37,10,69,25,0,104,819,0,819,923
12/13/2012,GFK,ND,AGL,CE,Towers with Radar,8,147,25,0,180,0,157,17,0,174,8,304,42,0,354,772,0,772,1126
12/14/2012,GFK,ND,AGL,CE,Towers with Radar,9,72,20,0,101,0,58,8,0,66,9,130,28,0,167,227,0,227,394
12/15/2012,GFK,ND,AGL,CE,Towers with Radar,8,212,15,0,235,0,130,10,0,140,8,342,25,0,375,461,0,461,836
12/16/2012,GFK,ND,AGL,CE,Towers with Radar,4,20,12,0,36,0,0,5,0,5,4,20,17,0,41,54,0,54,95
12/17/2012,GFK,ND,AGL,CE,Towers with Radar,5,27,14,0,46,0,0,0,0,0,5,27,14,0,46,10,0,10,56
12/18/2012,GFK,ND,AGL,CE,Towers with Radar,9,43,23,0,75,0,0,0,0,0,9,43,23,0,75,22,0,22,97
12/19/2012,GFK,ND,AGL,CE,Towers with Radar,10,42,22,4,78,0,17,9,0,26,10,59,31,4,104,442,0,442,546
12/20/2012,GFK,ND,AGL,CE,Towers with Radar,11,52,33,0,96,0,43,17,0,60,11,95,50,0,156,774,0,774,930
12/21/2012,GFK,ND,AGL,CE,Towers with Radar,8,130,15,2,155,0,55,12,0,67,8,185,27,2,222,171,0,171,393
12/22/2012,GFK,ND,AGL,CE,Towers with Radar,8,30,5,0,43,0,0,0,0,0,8,30,5,0,43,0,0,0,43
12/23/2012,GFK,ND,AGL,CE,Towers with Radar,8,15,2,0,25,0,0,7,0,7,8,15,9,0,32,15,0,15,47
12/24/2012,GFK,ND,AGL,CE,Towers with Radar,4,18,9,0,31,0,0,0,0,0,4,18,9,0,31,0,0,0,31
12/25/2012,GFK,ND,AGL,CE,Towers with Radar,0,14,0,0,14,0,3,6,0,9,0,17,6,0,23,0,0,0,23
12/26/2012,GFK,ND,AGL,CE,Towers with Radar,10,111,3,0,124,0,91,6,0,97,10,202,9,0,221,329,0,329,550
12/27/2012,GFK,ND,AGL,CE,Towers with Radar,6,174,8,0,188,0,76,9,0,85,6,250,17,0,273,488,0,488,761
12/28/2012,GFK,ND,AGL,CE,Towers with Radar,6,241,8,0,255,0,68,20,0,88,6,309,28,0,343,298,0,298,641
12/29/2012,GFK,ND,AGL,CE,Towers with Radar,6,195,8,0,209,0,64,15,0,79,6,259,23,0,288,245,0,245,533
12/30/2012,GFK,ND,AGL,CE,Towers with Radar,6,97,3,0,106,0,98,11,0,109,6,195,14,0,215,361,0,361,576
12/31/2012,GFK,ND,AGL,CE,Towers with Radar,3,195,15,0,213,0,175,25,0,200,3,370,40,0,413,440,0,440,853
01/01/2013,GFK,ND,AGL,CE,Towers with Radar,2,13,4,0,19,0,0,0,0,0,2,13,4,0,19,0,0,0,19
01/02/2013,GFK,ND,AGL,CE,Towers with Radar,10,36,13,0,59,0,0,4,0,4,10,36,17,0,63,46,0,46,109
01/03/2013,GFK,ND,AGL,CE,Towers with Radar,9,145,7,0,161,0,115,9,0,124,9,260,16,0,285,278,0,278,563
01/04/2013,GFK,ND,AGL,CE,Towers with Radar,5,165,10,3,183,0,104,21,0,125,5,269,31,3,308,323,0,323,631
01/05/2013,GFK,ND,AGL,CE,Towers with Radar,5,169,15,0,189,0,135,4,0,139,5,304,19,0,328,420,0,420,748
01/06/2013,GFK,ND,AGL,CE,Towers with Radar,6,18,6,0,30,0,3,4,0,7,6,21,10,0,37,224,0,224,261
01/07/2013,GFK,ND,AGL,CE,Towers with Radar,1,144,13,4,162,0,164,6,0,170,1,308,19,4,332,376,0,376,708
01/08/2013,GFK,ND,AGL,CE,Towers with Radar,9,94,12,0,115,0,62,3,0,65,9,156,15,0,180,216,0,216,396
01/09/2013,GFK,ND,AGL,CE,Towers with Radar,8,282,21,2,313,0,327,32,0,359,8,609,53,2,672,822,0,822,1494
01/10/2013,GFK,ND,AGL,CE,Towers with Radar,9,168,15,2,194,0,97,15,0,112,9,265,30,2,306,440,0,440,746
01/11/2013,GFK,ND,AGL,CE,Towers with Radar,5,16,7,0,28,0,0,0,0,0,5,16,7,0,28,0,0,0,28
01/12/2013,GFK,ND,AGL,CE,Towers with Radar,6,26,3,0,35,0,0,0,0,0,6,26,3,0,35,0,0,0,35
01/13/2013,GFK,ND,AGL,CE,Towers with Radar,5,15,1,1,22,0,1,7,1,9,5,16,8,2,31,10,0,10,41
01/14/2013,GFK,ND,AGL,CE,Towers with Radar,2,233,21,2,258,0,263,24,0,287,2,496,45,2,545,621,0,621,1166
01/15/2013,GFK,ND,AGL,CE,Towers with Radar,7,248,22,0,277,0,301,24,0,325,7,549,46,0,602,728,0,728,1330
01/16/2013,GFK,ND,AGL,CE,Towers with Radar,7,212,13,0,232,0,195,11,0,206,7,407,24,0,438,484,0,484,922
01/17/2013,GFK,ND,AGL,CE,Towers with Radar,9,293,18,0,320,0,276,31,0,307,9,569,49,0,627,1092,0,1092,1719
01/18/2013,GFK,ND,AGL,CE,Towers with Radar,7,73,19,0,99,0,88,9,0,97,7,161,28,0,196,360,0,360,556
01/19/2013,GFK,ND,AGL,CE,Towers with Radar,5,28,1,0,34,0,0,0,0,0,5,28,1,0,34,0,0,0,34
01/20/2013,GFK,ND,AGL,CE,Towers with Radar,8,57,7,0,72,0,45,6,0,51,8,102,13,0,123,280,0,280,403
01/21/2013,GFK,ND,AGL,CE,Towers with Radar,1,216,19,0,236,0,241,14,0,255,1,457,33,0,491,660,0,660,1151
01/22/2013,GFK,ND,AGL,CE,Towers with Radar,4,308,9,0,321,0,311,43,0,354,4,619,52,0,675,903,0,903,1578
01/23/2013,GFK,ND,AGL,CE,Towers with Radar,8,102,16,0,126,0,68,7,0,75,8,170,23,0,201,192,0,192,393
01/24/2013,GFK,ND,AGL,CE,Towers with Radar,10,127,18,0,155,0,137,9,0,146,10,264,27,0,301,389,0,389,690
01/25/2013,GFK,ND,AGL,CE,Towers with Radar,4,69,14,0,87,0,61,13,0,74,4,130,27,0,161,339,0,339,500
01/26/2013,GFK,ND,AGL,CE,Towers with Radar,4,256,8,0,268,0,312,30,0,342,4,568,38,0,610,743,0,743,1353
01/27/2013,GFK,ND,AGL,CE,Towers with Radar,6,149,13,0,168,0,232,38,0,270,6,381,51,0,438,583,0,583,1021
01/28/2013,GFK,ND,AGL,CE,Towers with Radar,1,75,13,0,89,0,5,8,0,13,1,80,21,0,102,162,0,162,264
01/29/2013,GFK,ND,AGL,CE,Towers with Radar,6,65,22,0,93,0,19,4,0,23,6,84,26,0,116,300,0,300,416
01/30/2013,GFK,ND,AGL,CE,Towers with Radar,8,142,24,0,174,0,43,5,0,48,8,185,29,0,222,350,0,350,572
01/31/2013,GFK,ND,AGL,CE,Towers with Radar,10,143,24,0,177,0,38,6,0,44,10,181,30,0,221,402,0,402,623
02/01/2013,GFK,ND,AGL,CE,Towers with Radar,4,205,25,0,234,0,169,24,0,193,4,374,49,0,427,619,0,619,1046
02/02/2013,GFK,ND,AGL,CE,Towers with Radar,5,109,10,0,124,0,146,5,0,151,5,255,15,0,275,291,0,291,566
02/03/2013,GFK,ND,AGL,CE,Towers with Radar,6,124,14,0,144,0,159,28,2,189,6,283,42,2,333,522,0,522,855
02/04/2013,GFK,ND,AGL,CE,Towers with Radar,2,105,14,0,121,0,191,20,0,211,2,296,34,0,332,520,0,520,852
02/05/2013,GFK,ND,AGL,CE,Towers with Radar,8,297,19,0,324,0,139,17,0,156,8,436,36,0,480,648,0,648,1128
02/06/2013,GFK,ND,AGL,CE,Towers with Radar,9,35,8,0,52,0,2,7,0,9,9,37,15,0,61,44,0,44,105
02/07/2013,GFK,ND,AGL,CE,Towers with Radar,10,46,15,0,71,0,5,1,0,6,10,51,16,0,77,22,0,22,99
02/08/2013,GFK,ND,AGL,CE,Towers with Radar,4,162,10,0,176,0,141,14,0,155,4,303,24,0,331,441,0,441,772
02/09/2013,GFK,ND,AGL,CE,Towers with Radar,5,26,3,0,34,0,0,16,0,16,5,26,19,0,50,412,0,412,462
02/10/2013,GFK,ND,AGL,CE,Towers with Radar,7,16,3,0,26,0,0,0,0,0,7,16,3,0,26,0,0,0,26
02/11/2013,GFK,ND,AGL,CE,Towers with Radar,2,139,24,0,165,0,132,24,0,156,2,271,48,0,321,466,0,466,787
02/12/2013,GFK,ND,AGL,CE,Towers with Radar,8,208,32,1,249,0,314,44,2,360,8,522,76,3,609,660,0,660,1269
02/13/2013,GFK,ND,AGL,CE,Towers with Radar,10,349,35,0,394,0,379,35,0,414,10,728,70,0,808,1023,0,1023,1831
02/14/2013,GFK,ND,AGL,CE,Towers with Radar,12,302,27,2,343,0,418,50,0,468,12,720,77,2,811,797,0,797,1608
02/15/2013,GFK,ND,AGL,CE,Towers with Radar,4,290,40,0,334,0,388,34,0,422,4,678,74,0,756,1010,0,1010,1766
02/16/2013,GFK,ND,AGL,CE,Towers with Radar,5,101,10,0,116,0,110,13,0,123,5,211,23,0,239,500,0,500,739
02/17/2013,GFK,ND,AGL,CE,Towers with Radar,5,22,2,0,29,0,14,0,0,14,5,36,2,0,43,47,0,47,90
02/18/2013,GFK,ND,AGL,CE,Towers with Radar,1,11,5,0,17,0,0,0,0,0,1,11,5,0,17,0,0,0,17
02/19/2013,GFK,ND,AGL,CE,Towers with Radar,11,151,18,2,182,0,27,3,0,30,11,178,21,2,212,83,0,83,295
02/20/2013,GFK,ND,AGL,CE,Towers with Radar,8,308,37,0,353,0,420,32,0,452,8,728,69,0,805,831,0,831,1636
02/21/2013,GFK,ND,AGL,CE,Towers with Radar,12,312,19,0,343,0,387,22,0,409,12,699,41,0,752,936,53,989,1741
02/22/2013,GFK,ND,AGL,CE,Towers with Radar,4,102,33,0,139,0,57,8,0,65,4,159,41,0,204,255,0,255,459
02/23/2013,GFK,ND,AGL,CE,Towers with Radar,7,106,4,0,117,0,24,3,0,27,7,130,7,0,144,234,0,234,378
02/24/2013,GFK,ND,AGL,CE,Towers with Radar,8,65,11,0,84,0,105,18,0,123,8,170,29,0,207,484,0,484,691
02/25/2013,GFK,ND,AGL,CE,Towers with Radar,1,269,37,2,309,0,447,50,0,497,1,716,87,2,806,930,0,930,1736
02/26/2013,GFK,ND,AGL,CE,Towers with Radar,12,53,22,0,87,0,13,4,0,17,12,66,26,0,104,118,0,118,222
02/27/2013,GFK,ND,AGL,CE,Towers with Radar,7,84,22,0,113,0,52,12,0,64,7,136,34,0,177,474,0,474,651
02/28/2013,GFK,ND,AGL,CE,Towers with Radar,12,237,38,2,289,0,367,47,0,414,12,604,85,2,703,934,0,934,1637
03/01/2013,GFK,ND,AGL,CE,Towers with Radar,4,250,39,0,293,0,420,41,0,461,4,670,80,0,754,907,0,907,1661
03/02/2013,GFK,ND,AGL,CE,Towers with Radar,5,132,14,0,151,0,251,30,0,281,5,383,44,0,432,936,0,936,1368
03/03/2013,GFK,ND,AGL,CE,Towers with Radar,8,30,6,0,44,0,25,15,0,40,8,55,21,0,84,471,0,471,555
03/04/2013,GFK,ND,AGL,CE,Towers with Radar,3,16,3,0,22,0,0,0,0,0,3,16,3,0,22,2,0,2,24
03/05/2013,GFK,ND,AGL,CE,Towers with Radar,8,45,8,0,61,0,11,13,0,24,8,56,21,0,85,575,0,575,660
03/06/2013,GFK,ND,AGL,CE,Towers with Radar,10,45,20,0,75,0,56,30,0,86,10,101,50,0,161,975,0,975,1136
03/07/2013,GFK,ND,AGL,CE,Towers with Radar,13,269,31,0,313,0,332,36,0,368,13,601,67,0,681,901,0,901,1582
03/08/2013,GFK,ND,AGL,CE,Towers with Radar,6,97,21,0,124,0,182,36,0,218,6,279,57,0,342,1189,0,1189,1531
03/09/2013,GFK,ND,AGL,CE,Towers with Radar,7,45,10,0,62,0,38,10,0,48,7,83,20,0,110,264,0,264,374
03/10/2013,GFK,ND,AGL,CE,Towers with Radar,8,128,8,0,144,0,113,17,0,130,8,241,25,0,274,295,0,295,569
03/11/2013,GFK,ND,AGL,CE,Towers with Radar,3,237,38,0,278,0,305,50,0,355,3,542,88,0,633,955,0,955,1588
03/12/2013,GFK,ND,AGL,CE,Towers with Radar,8,95,34,0,137,0,134,12,0,146,8,229,46,0,283,636,0,636,919
03/13/2013,GFK,ND,AGL,CE,Towers with Radar,8,261,43,2,314,0,336,57,0,393,8,597,100,2,707,904,0,904,1611
03/14/2013,GFK,ND,AGL,CE,Towers with Radar,12,163,23,2,200,0,175,18,2,195,12,338,41,4,395,619,0,619,1014
03/15/2013,GFK,ND,AGL,CE,Towers with Radar,6,39,13,0,58,0,0,1,0,1,6,39,14,0,59,144,0,144,203
03/16/2013,GFK,ND,AGL,CE,Towers with Radar,7,197,9,0,213,0,192,14,0,206,7,389,23,0,419,356,0,356,775
03/17/2013,GFK,ND,AGL,CE,Towers with Radar,8,39,10,0,57,0,12,5,0,17,8,51,15,0,74,110,0,110,184
03/18/2013,GFK,ND,AGL,CE,Towers with Radar,3,24,6,0,33,0,1,0,0,1,3,25,6,0,34,0,0,0,34
03/19/2013,GFK,ND,AGL,CE,Towers with Radar,8,200,24,2,234,0,258,20,0,278,8,458,44,2,512,473,0,473,985
03/20/2013,GFK,ND,AGL,CE,Towers with Radar,8,238,53,0,299,0,410,32,1,443,8,648,85,1,742,976,0,976,1718
03/21/2013,GFK,ND,AGL,CE,Towers with Radar,12,243,38,0,293,0,412,31,4,447,12,655,69,4,740,1126,0,1126,1866
03/22/2013,GFK,ND,AGL,CE,Towers with Radar,6,263,33,0,302,0,402,30,0,432,6,665,63,0,734,1042,0,1042,1776
03/23/2013,GFK,ND,AGL,CE,Towers with Radar,7,166,18,0,191,0,274,30,0,304,7,440,48,0,495,951,0,951,1446
03/24/2013,GFK,ND,AGL,CE,Towers with Radar,9,31,12,0,52,0,35,8,0,43,9,66,20,0,95,196,0,196,291
03/25/2013,GFK,ND,AGL,CE,Towers with Radar,1,154,27,2,184,0,281,24,0,305,1,435,51,2,489,1008,0,1008,1497
03/26/2013,GFK,ND,AGL,CE,Towers with Radar,12,217,28,0,257,0,365,46,0,411,12,582,74,0,668,1056,0,1056,1724
03/27/2013,GFK,ND,AGL,CE,Towers with Radar,10,197,29,0,236,0,308,43,0,351,10,505,72,0,587,790,0,790,1377
03/28/2013,GFK,ND,AGL,CE,Towers with Radar,14,188,43,0,245,0,365,37,0,402,14,553,80,0,647,1017,0,1017,1664
03/29/2013,GFK,ND,AGL,CE,Towers with Radar,4,19,4,0,27,0,0,0,0,0,4,19,4,0,27,0,0,0,27
03/30/2013,GFK,ND,AGL,CE,Towers with Radar,12,158,13,0,183,0,204,15,0,219,12,362,28,0,402,893,0,893,1295
03/31/2013,GFK,ND,AGL,CE,Towers with Radar,8,14,4,0,26,0,0,2,0,2,8,14,6,0,28,0,0,0,28
04/01/2013,GFK,ND,AGL,CE,Towers with Radar,3,204,20,0,227,0,329,43,0,372,3,533,63,0,599,906,0,906,1505
04/02/2013,GFK,ND,AGL,CE,Towers with Radar,8,207,46,0,261,0,336,36,0,372,8,543,82,0,633,1049,0,1049,1682
04/03/2013,GFK,ND,AGL,CE,Towers with Radar,8,100,21,0,129,0,84,17,0,101,8,184,38,0,230,331,0,331,561
04/04/2013,GFK,ND,AGL,CE,Towers with Radar,10,215,27,1,253,0,290,34,1,325,10,505,61,2,578,813,0,813,1391
04/05/2013,GFK,ND,AGL,CE,Towers with Radar,6,122,48,0,176,0,168,35,0,203,6,290,83,0,379,886,0,886,1265
04/06/2013,GFK,ND,AGL,CE,Towers with Radar,5,34,13,0,52,0,22,14,0,36,5,56,27,0,88,587,0,587,675
04/07/2013,GFK,ND,AGL,CE,Towers with Radar,6,28,10,0,44,0,47,7,0,54,6,75,17,0,98,222,0,222,320
04/08/2013,GFK,ND,AGL,CE,Towers with Radar,3,39,27,0,69,0,9,6,0,15,3,48,33,0,84,120,0,120,204
04/09/2013,GFK,ND,AGL,CE,Towers with Radar,8,254,35,0,297,0,417,43,0,460,8,671,78,0,757,901,0,901,1658
04/10/2013,GFK,ND,AGL,CE,Towers with Radar,10,235,35,0,280,0,370,38,0,408,10,605,73,0,688,1095,0,1095,1783
04/11/2013,GFK,ND,AGL,CE,Towers with Radar,10,58,12,0,80,0,102,9,0,111,10,160,21,0,191,387,0,387,578
04/12/2013,GFK,ND,AGL,CE,Towers with Radar,8,46,18,2,74,0,1,0,0,1,8,47,18,2,75,128,0,128,203
04/13/2013,GFK,ND,AGL,CE,Towers with Radar,7,103,22,0,132,0,356,42,0,398,7,459,64,0,530,937,0,937,1467
04/14/2013,GFK,ND,AGL,CE,Towers with Radar,6,25,7,0,38,0,52,4,0,56,6,77,11,0,94,95,0,95,189
04/15/2013,GFK,ND,AGL,CE,Towers with Radar,3,24,6,0,33,0,0,0,0,0,3,24,6,0,33,0,0,0,33
04/16/2013,GFK,ND,AGL,CE,Towers with Radar,6,72,23,0,101,0,51,15,0,66,6,123,38,0,167,626,0,626,793
04/17/2013,GFK,ND,AGL,CE,Towers with Radar,9,39,29,0,77,0,17,6,0,23,9,56,35,0,100,414,0,414,514
04/18/2013,GFK,ND,AGL,CE,Towers with Radar,13,124,25,0,162,0,176,19,0,195,13,300,44,0,357,588,0,588,945
04/19/2013,GFK,ND,AGL,CE,Towers with Radar,5,192,22,0,219,0,304,37,0,341,5,496,59,0,560,701,0,701,1261
04/20/2013,GFK,ND,AGL,CE,Towers with Radar,6,166,17,0,189,0,535,51,0,586,6,701,68,0,775,845,0,845,1620
04/21/2013,GFK,ND,AGL,CE,Towers with Radar,6,23,12,0,41,0,0,3,0,3,6,23,15,0,44,40,0,40,84
04/22/2013,GFK,ND,AGL,CE,Towers with Radar,3,159,31,2,195,0,405,42,1,448,3,564,73,3,643,1207,0,1207,1850
04/23/2013,GFK,ND,AGL,CE,Towers with Radar,8,252,41,0,301,0,414,75,0,489,8,666,116,0,790,1084,0,1084,1874
04/24/2013,GFK,ND,AGL,CE,Towers with Radar,8,72,15,0,95,0,97,32,0,129,8,169,47,0,224,1273,0,1273,1497
04/25/2013,GFK,ND,AGL,CE,Towers with Radar,12,266,35,1,314,0,389,46,1,436,12,655,81,2,750,1000,0,1000,1750
04/26/2013,GFK,ND,AGL,CE,Towers with Radar,6,208,32,2,248,0,358,35,0,393,6,566,67,2,641,936,0,936,1577
04/27/2013,GFK,ND,AGL,CE,Towers with Radar,5,174,13,0,192,0,185,31,0,216,5,359,44,0,408,660,0,660,1068
04/28/2013,GFK,ND,AGL,CE,Towers with Radar,6,66,11,2,85,0,69,24,0,93,6,135,35,2,178,371,0,371,549
04/29/2013,GFK,ND,AGL,CE,Towers with Radar,5,167,30,0,202,0,275,45,0,320,5,442,75,0,522,949,0,949,1471
04/30/2013,GFK,ND,AGL,CE,Towers with Radar,5,75,17,2,99,0,31,9,0,40,5,106,26,2,139,196,0,196,335
05/01/2013,GFK,ND,AGL,CE,Towers with Radar,8,190,38,0,236,0,230,54,0,284,8,420,92,0,520,1090,0,1090,1610
05/02/2013,GFK,ND,AGL,CE,Towers with Radar,12,64,24,2,102,0,137,30,0,167,12,201,54,2,269,1319,0,1319,1588
05/03/2013,GFK,ND,AGL,CE,Towers with Radar,4,217,30,0,251,0,404,57,0,461,4,621,87,0,712,818,0,818,1530
05/04/2013,GFK,ND,AGL,CE,Towers with Radar,5,150,16,0,171,0,268,35,0,303,5,418,51,0,474,1019,0,1019,1493
05/05/2013,GFK,ND,AGL,CE,Towers with Radar,6,77,10,0,93,0,69,24,0,93,6,146,34,0,186,448,0,448,634
05/06/2013,GFK,ND,AGL,CE,Towers with Radar,3,196,36,1,236,0,346,53,0,399,3,542,89,1,635,1356,0,1356,1991
05/07/2013,GFK,ND,AGL,CE,Towers with Radar,8,202,33,0,243,0,341,55,0,396,8,543,88,0,639,1238,0,1238,1877
05/08/2013,GFK,ND,AGL,CE,Towers with Radar,8,131,39,0,178,0,156,24,0,180,8,287,63,0,358,508,0,508,866
05/09/2013,GFK,ND,AGL,CE,Towers with Radar,12,176,36,0,224,0,297,62,0,359,12,473,98,0,583,1055,0,1055,1638
05/10/2013,GFK,ND,AGL,CE,Towers with Radar,4,93,26,0,123,0,116,15,0,131,4,209,41,0,254,464,0,464,718
05/11/2013,GFK,ND,AGL,CE,Towers with Radar,6,51,13,0,70,0,48,12,0,60,6,99,25,0,130,209,0,209,339
05/12/2013,GFK,ND,AGL,CE,Towers with Radar,9,62,16,0,87,0,176,15,0,191,9,238,31,0,278,521,0,521,799
05/13/2013,GFK,ND,AGL,CE,Towers with Radar,2,64,22,1,89,0,92,18,1,111,2,156,40,2,200,342,0,342,542
05/14/2013,GFK,ND,AGL,CE,Towers with Radar,7,73,19,2,101,0,82,14,1,97,7,155,33,3,198,364,0,364,562
05/15/2013,GFK,ND,AGL,CE,Towers with Radar,9,173,27,1,210,0,450,53,1,504,9,623,80,2,714,1153,0,1153,1867
05/16/2013,GFK,ND,AGL,CE,Towers with Radar,12,170,23,6,211,0,329,34,1,364,12,499,57,7,575,866,0,866,1441
05/17/2013,GFK,ND,AGL,CE,Towers with Radar,4,151,11,3,169,0,378,37,1,416,4,529,48,4,585,1215,0,1215,1800
05/18/2013,GFK,ND,AGL,CE,Towers with Radar,5,190,21,0,216,0,3,4,0,7,5,193,25,0,223,171,0,171,394
05/19/2013,GFK,ND,AGL,CE,Towers with Radar,6,40,3,0,49,0,1,0,0,1,6,41,3,0,50,0,0,0,50
05/20/2013,GFK,ND,AGL,CE,Towers with Radar,5,57,12,0,74,0,0,2,0,2,5,57,14,0,76,0,0,0,76
05/21/2013,GFK,ND,AGL,CE,Towers with Radar,8,223,38,3,272,0,4,9,7,20,8,227,47,10,292,142,0,142,434
05/22/2013,GFK,ND,AGL,CE,Towers with Radar,8,200,38,0,246,0,466,34,0,500,8,666,72,0,746,892,0,892,1638
05/23/2013,GFK,ND,AGL,CE,Towers with Radar,14,155,13,2,184,0,505,71,0,576,14,660,84,2,760,969,0,969,1729
05/24/2013,GFK,ND,AGL,CE,Towers with Radar,4,102,25,2,133,0,143,37,0,180,4,245,62,2,313,610,0,610,923
05/25/2013,GFK,ND,AGL,CE,Towers with Radar,6,189,14,0,209,0,225,16,0,241,6,414,30,0,450,891,0,891,1341
05/26/2013,GFK,ND,AGL,CE,Towers with Radar,6,69,6,0,81,0,45,4,0,49,6,114,10,0,130,338,0,338,468
05/27/2013,GFK,ND,AGL,CE,Towers with Radar,2,164,12,0,178,0,150,34,0,184,2,314,46,0,362,1032,0,1032,1394
05/28/2013,GFK,ND,AGL,CE,Towers with Radar,1,174,19,0,194,0,144,34,0,178,1,318,53,0,372,1259,0,1259,1631
05/29/2013,GFK,ND,AGL,CE,Towers with Radar,11,117,29,2,159,0,311,34,1,346,11,428,63,3,505,916,0,916,1421
05/30/2013,GFK,ND,AGL,CE,Towers with Radar,12,126,41,0,179,0,46,3,0,49,12,172,44,0,228,259,0,259,487
05/31/2013,GFK,ND,AGL,CE,Towers with Radar,5,233,29,2,269,0,94,28,0,122,5,327,57,2,391,1062,0,1062,1453
06/01/2013,GFK,ND,AGL,CE,Towers with Radar,5,104,9,2,120,0,24,1,0,25,5,128,10,2,145,342,0,342,487
06/02/2013,GFK,ND,AGL,CE,Towers with Radar,4,52,22,0,78,0,204,53,0,257,4,256,75,0,335,634,0,634,969
06/03/2013,GFK,ND,AGL,CE,Towers with Radar,3,159,27,0,189,0,516,52,0,568,3,675,79,0,757,1291,0,1291,2048
06/04/2013,GFK,ND,AGL,CE,Towers with Radar,6,94,27,2,129,0,150,12,1,163,6,244,39,3,292,531,0,531,823
06/05/2013,GFK,ND,AGL,CE,Towers with Radar,6,178,36,2,222,0,225,29,0,254,6,403,65,2,476,1002,0,1002,1478
06/06/2013,GFK,ND,AGL,CE,Towers with Radar,10,124,32,2,168,0,489,74,0,563,10,613,106,2,731,1142,0,1142,1873
06/07/2013,GFK,ND,AGL,CE,Towers with Radar,4,137,27,2,170,0,349,52,0,401,4,486,79,2,571,846,0,846,1417
06/08/2013,GFK,ND,AGL,CE,Towers with Radar,5,138,25,0,168,0,287,24,0,311,5,425,49,0,479,928,0,928,1407
06/09/2013,GFK,ND,AGL,CE,Towers with Radar,4,58,10,0,72,0,9,9,0,18,4,67,19,0,90,89,0,89,179
06/10/2013,GFK,ND,AGL,CE,Towers with Radar,3,30,25,0,58,0,17,7,0,24,3,47,32,0,82,71,0,71,153
06/11/2013,GFK,ND,AGL,CE,Towers with Radar,6,160,34,0,200,0,523,71,0,594,6,683,105,0,794,1095,0,1095,1889
06/12/2013,GFK,ND,AGL,CE,Towers with Radar,7,142,36,0,185,0,411,52,0,463,7,553,88,0,648,1213,0,1213,1861
06/13/2013,GFK,ND,AGL,CE,Towers with Radar,11,120,23,2,156,0,303,39,0,342,11,423,62,2,498,837,2,839,1337
06/14/2013,GFK,ND,AGL,CE,Towers with Radar,4,101,20,0,125,0,169,26,0,195,4,270,46,0,320,612,0,612,932
06/15/2013,GFK,ND,AGL,CE,Towers with Radar,5,101,15,0,121,0,175,31,0,206,5,276,46,0,327,667,0,667,994
06/16/2013,GFK,ND,AGL,CE,Towers with Radar,6,39,8,0,53,0,44,19,0,63,6,83,27,0,116,164,0,164,280
06/17/2013,GFK,ND,AGL,CE,Towers with Radar,3,160,24,0,187,0,254,35,0,289,3,414,59,0,476,1070,0,1070,1546
06/18/2013,GFK,ND,AGL,CE,Towers with Radar,6,125,40,0,171,0,410,53,1,464,6,535,93,1,635,1264,0,1264,1899
06/19/2013,GFK,ND,AGL,CE,Towers with Radar,8,131,14,0,153,0,348,34,0,382,8,479,48,0,535,1190,0,1190,1725
06/20/2013,GFK,ND,AGL,CE,Towers with Radar,10,52,29,0,91,0,9,9,0,18,10,61,38,0,109,83,0,83,192
06/21/2013,GFK,ND,AGL,CE,Towers with Radar,4,132,26,0,162,0,285,41,0,326,4,417,67,0,488,1144,0,1144,1632
06/22/2013,GFK,ND,AGL,CE,Towers with Radar,6,81,11,0,98,0,85,18,0,103,6,166,29,0,201,1002,0,1002,1203
06/23/2013,GFK,ND,AGL,CE,Towers with Radar,4,36,16,0,56,0,3,9,0,12,4,39,25,0,68,46,0,46,114
06/24/2013,GFK,ND,AGL,CE,Towers with Radar,3,116,40,0,159,0,328,64,0,392,3,444,104,0,551,1025,0,1025,1576
06/25/2013,GFK,ND,AGL,CE,Towers with Radar,6,137,33,0,176,0,272,40,0,312,6,409,73,0,488,959,0,959,1447
06/26/2013,GFK,ND,AGL,CE,Towers with Radar,8,156,27,0,191,0,225,30,0,255,8,381,57,0,446,701,0,701,1147
06/27/2013,GFK,ND,AGL,CE,Towers with Radar,10,110,28,0,148,0,237,27,0,264,10,347,55,0,412,558,0,558,970
06/28/2013,GFK,ND,AGL,CE,Towers with Radar,4,119,15,0,138,0,125,36,0,161,4,244,51,0,299,509,0,509,808
06/29/2013,GFK,ND,AGL,CE,Towers with Radar,7,143,11,0,161,0,318,32,0,350,7,461,43,0,511,1155,0,1155,1666
06/30/2013,GFK,ND,AGL,CE,Towers with Radar,6,82,13,0,101,0,144,15,0,159,6,226,28,0,260,462,0,462,722
07/01/2013,GFK,ND,AGL,CE,Towers with Radar,3,110,15,2,130,0,334,28,0,362,3,444,43,2,492,1253,0,1253,1745
07/02/2013,GFK,ND,AGL,CE,Towers with Radar,6,179,25,0,210,0,306,41,0,347,6,485,66,0,557,1139,0,1139,1696
07/03/2013,GFK,ND,AGL,CE,Towers with Radar,10,135,25,0,170,0,289,47,0,336,10,424,72,0,506,979,0,979,1485
07/04/2013,GFK,ND,AGL,CE,Towers with Radar,4,10,2,0,16,0,2,20,0,22,4,12,22,0,38,14,0,14,52
07/05/2013,GFK,ND,AGL,CE,Towers with Radar,4,76,12,0,92,0,117,24,0,141,4,193,36,0,233,338,0,338,571
07/06/2013,GFK,ND,AGL,CE,Towers with Radar,5,24,5,0,34,0,2,14,0,16,5,26,19,0,50,4,0,4,54
07/07/2013,GFK,ND,AGL,CE,Towers with Radar,4,19,3,0,26,0,1,15,0,16,4,20,18,0,42,0,0,0,42
07/08/2013,GFK,ND,AGL,CE,Towers with Radar,3,107,30,0,140,0,303,31,0,334,3,410,61,0,474,1122,0,1122,1596
07/09/2013,GFK,ND,AGL,CE,Towers with Radar,8,210,36,0,254,0,65,27,0,92,8,275,63,0,346,493,0,493,839
07/10/2013,GFK,ND,AGL,CE,Towers with Radar,8,161,35,6,210,0,404,41,2,447,8,565,76,8,657,1026,0,1026,1683
07/11/2013,GFK,ND,AGL,CE,Towers with Radar,10,148,32,2,192,0,306,31,0,337,10,454,63,2,529,830,0,830,1359
07/12/2013,GFK,ND,AGL,CE,Towers with Radar,4,102,34,0,140,0,143,28,0,171,4,245,62,0,311,661,0,661,972
07/13/2013,GFK,ND,AGL,CE,Towers with Radar,5,112,14,1,132,0,230,36,0,266,5,342,50,1,398,923,0,923,1321
07/14/2013,GFK,ND,AGL,CE,Towers with Radar,4,19,6,0,29,0,2,10,0,12,4,21,16,0,41,23,0,23,64
07/15/2013,GFK,ND,AGL,CE,Towers with Radar,3,175,30,4,212,0,136,38,0,174,3,311,68,4,386,1100,0,1100,1486
07/16/2013,GFK,ND,AGL,CE,Towers with Radar,8,127,19,0,154,0,315,38,0,353,8,442,57,0,507,766,0,766,1273
07/17/2013,GFK,ND,AGL,CE,Towers with Radar,8,171,21,2,202,0,339,53,0,392,8,510,74,2,594,1087,0,1087,1681
07/18/2013,GFK,ND,AGL,CE,Towers with Radar,10,132,23,0,165,0,197,38,0,235,10,329,61,0,400,840,0,840,1240
07/19/2013,GFK,ND,AGL,CE,Towers with Radar,4,96,23,0,123,0,152,44,0,196,4,248,67,0,319,531,0,531,850
07/20/2013,GFK,ND,AGL,CE,Towers with Radar,5,126,10,0,141,0,280,22,0,302,5,406,32,0,443,866,0,866,1309
07/21/2013,GFK,ND,AGL,CE,Towers with Radar,4,18,6,1,29,0,2,13,1,16,4,20,19,2,45,14,0,14,59
07/22/2013,GFK,ND,AGL,CE,Towers with Radar,13,168,20,0,201,0,129,50,1,180,13,297,70,1,381,895,0,895,1276
07/23/2013,GFK,ND,AGL,CE,Towers with Radar,7,136,14,0,157,0,307,65,0,372,7,443,79,0,529,1105,0,1105,1634
07/24/2013,GFK,ND,AGL,CE,Towers with Radar,10,94,21,1,126,0,236,50,0,286,10,330,71,1,412,744,0,744,1156
07/25/2013,GFK,ND,AGL,CE,Towers with Radar,9,111,26,2,148,0,122,25,0,147,9,233,51,2,295,630,0,630,925
07/26/2013,GFK,ND,AGL,CE,Towers with Radar,4,128,4,0,136,0,168,21,0,189,4,296,25,0,325,548,0,548,873
07/27/2013,GFK,ND,AGL,CE,Towers with Radar,7,105,2,0,114,0,223,23,0,246,7,328,25,0,360,623,0,623,983
07/28/2013,GFK,ND,AGL,CE,Towers with Radar,4,20,8,0,32,0,3,24,0,27,4,23,32,0,59,19,0,19,78
07/29/2013,GFK,ND,AGL,CE,Towers with Radar,4,96,22,4,126,0,251,28,0,279,4,347,50,4,405,974,0,974,1379
07/30/2013,GFK,ND,AGL,CE,Towers with Radar,9,127,26,1,163,0,179,42,0,221,9,306,68,1,384,1097,0,1097,1481
07/31/2013,GFK,ND,AGL,CE,Towers with Radar,10,91,31,1,133,0,184,43,0,227,10,275,74,1,360,677,0,677,1037
08/01/2013,GFK,ND,AGL,CE,Towers with Radar,10,108,31,0,149,0,261,32,0,293,10,369,63,0,442,797,0,797,1239
08/02/2013,GFK,ND,AGL,CE,Towers with Radar,4,122,19,0,145,0,219,27,0,246,4,341,46,0,391,943,0,943,1334
08/03/2013,GFK,ND,AGL,CE,Towers with Radar,7,103,12,0,122,0,195,21,0,216,7,298,33,0,338,634,0,634,972
08/04/2013,GFK,ND,AGL,CE,Towers with Radar,5,31,7,0,43,0,39,24,0,63,5,70,31,0,106,249,0,249,355
08/05/2013,GFK,ND,AGL,CE,Towers with Radar,3,100,26,0,129,0,81,14,0,95,3,181,40,0,224,478,0,478,702
08/06/2013,GFK,ND,AGL,CE,Towers with Radar,11,113,32,0,156,0,68,20,0,88,11,181,52,0,244,635,0,635,879
08/07/2013,GFK,ND,AGL,CE,Towers with Radar,12,119,54,0,185,0,278,37,0,315,12,397,91,0,500,761,0,761,1261
08/08/2013,GFK,ND,AGL,CE,Towers with Radar,10,131,29,0,170,0,173,33,0,206,10,304,62,0,376,763,0,763,1139
08/09/2013,GFK,ND,AGL,CE,Towers with Radar,4,104,31,0,139,0,117,28,0,145,4,221,59,0,284,654,0,654,938
08/10/2013,GFK,ND,AGL,CE,Towers with Radar,7,70,19,0,96,0,153,11,0,164,7,223,30,0,260,554,0,554,814
08/11/2013,GFK,ND,AGL,CE,Towers with Radar,4,44,14,0,62,0,37,18,0,55,4,81,32,0,117,206,0,206,323
08/12/2013,GFK,ND,AGL,CE,Towers with Radar,5,109,49,2,165,0,173,40,0,213,5,282,89,2,378,914,0,914,1292
08/13/2013,GFK,ND,AGL,CE,Towers with Radar,6,102,45,0,153,0,189,35,0,224,6,291,80,0,377,851,0,851,1228
08/14/2013,GFK,ND,AGL,CE,Towers with Radar,6,122,49,0,177,0,195,39,0,234,6,317,88,0,411,717,0,717,1128
08/15/2013,GFK,ND,AGL,CE,Towers with Radar,10,91,40,0,141,0,188,37,0,225,10,279,77,0,366,776,0,776,1142
08/16/2013,GFK,ND,AGL,CE,Towers with Radar,6,111,37,0,154,0,144,28,0,172,6,255,65,0,326,627,0,627,953
08/17/2013,GFK,ND,AGL,CE,Towers with Radar,3,93,22,0,118,0,84,20,0,104,3,177,42,0,222,344,0,344,566
08/18/2013,GFK,ND,AGL,CE,Towers with Radar,4,43,9,0,56,0,34,13,0,47,4,77,22,0,103,132,0,132,235
08/19/2013,GFK,ND,AGL,CE,Towers with Radar,3,116,24,0,143,0,188,27,0,215,3,304,51,0,358,729,0,729,1087
08/20/2013,GFK,ND,AGL,CE,Towers with Radar,6,102,34,0,142,0,182,38,0,220,6,284,72,0,362,724,0,724,1086
08/21/2013,GFK,ND,AGL,CE,Towers with Radar,6,58,16,0,80,0,59,16,2,77,6,117,32,2,157,220,0,220,377
08/22/2013,GFK,ND,AGL,CE,Towers with Radar,10,109,42,0,161,0,189,30,0,219,10,298,72,0,380,621,0,621,1001
08/23/2013,GFK,ND,AGL,CE,Towers with Radar,4,125,22,0,151,0,151,40,0,191,4,276,62,0,342,531,0,531,873
08/24/2013,GFK,ND,AGL,CE,Towers with Radar,3,86,19,0,108,0,71,13,0,84,3,157,32,0,192,275,0,275,467
08/25/2013,GFK,ND,AGL,CE,Towers with Radar,5,41,11,0,57,0,69,21,0,90,5,110,32,0,147,342,0,342,489
08/26/2013,GFK,ND,AGL,CE,Towers with Radar,3,111,23,0,137,0,170,33,0,203,3,281,56,0,340,484,0,484,824
08/27/2013,GFK,ND,AGL,CE,Towers with Radar,6,124,36,2,168,0,191,43,0,234,6,315,79,2,402,690,0,690,1092
08/28/2013,GFK,ND,AGL,CE,Towers with Radar,9,120,36,0,165,0,280,39,0,319,9,400,75,0,484,778,0,778,1262
08/29/2013,GFK,ND,AGL,CE,Towers with Radar,10,107,20,2,139,0,209,25,0,234,10,316,45,2,373,578,0,578,951
08/30/2013,GFK,ND,AGL,CE,Towers with Radar,4,100,20,0,124,0,242,19,0,261,4,342,39,0,385,562,0,562,947
08/31/2013,GFK,ND,AGL,CE,Towers with Radar,5,68,16,0,89,0,239,16,0,255,5,307,32,0,344,548,0,548,892
09/01/2013,GFK,ND,AGL,CE,Towers with Radar,5,62,11,0,78,0,37,11,0,48,5,99,22,0,126,164,0,164,290
09/02/2013,GFK,ND,AGL,CE,Towers with Radar,2,150,19,0,171,0,370,18,0,388,2,520,37,0,559,950,0,950,1509
09/03/2013,GFK,ND,AGL,CE,Towers with Radar,1,137,20,0,158,0,351,38,0,389,1,488,58,0,547,825,0,825,1372
09/04/2013,GFK,ND,AGL,CE,Towers with Radar,6,171,19,6,202,0,386,53,0,439,6,557,72,6,641,910,0,910,1551
09/05/2013,GFK,ND,AGL,CE,Towers with Radar,11,151,27,1,190,0,358,43,2,403,11,509,70,3,593,890,0,890,1483
09/06/2013,GFK,ND,AGL,CE,Towers with Radar,4,157,26,2,189,0,328,38,0,366,4,485,64,2,555,773,0,773,1328
09/07/2013,GFK,ND,AGL,CE,Towers with Radar,3,135,17,0,155,0,265,38,0,303,3,400,55,0,458,717,0,717,1175
09/08/2013,GFK,ND,AGL,CE,Towers with Radar,4,40,18,0,62,0,0,3,0,3,4,40,21,0,65,26,0,26,91
09/09/2013,GFK,ND,AGL,CE,Towers with Radar,3,240,28,0,271,0,13,1,0,14,3,253,29,0,285,132,0,132,417
09/10/2013,GFK,ND,AGL,CE,Towers with Radar,6,180,30,0,216,0,240,37,1,278,6,420,67,1,494,704,0,704,1198
09/11/2013,GFK,ND,AGL,CE,Towers with Radar,6,175,12,0,193,0,291,49,0,340,6,466,61,0,533,687,0,687,1220
09/12/2013,GFK,ND,AGL,CE,Towers with Radar,10,170,47,0,227,0,381,33,0,414,10,551,80,0,641,1083,0,1083,1724
09/13/2013,GFK,ND,AGL,CE,Towers with Radar,5,212,26,4,247,0,325,58,0,383,5,537,84,4,630,946,0,946,1576
09/14/2013,GFK,ND,AGL,CE,Towers with Radar,4,140,9,0,153,0,139,29,0,168,4,279,38,0,321,656,0,656,977
09/15/2013,GFK,ND,AGL,CE,Towers with Radar,2,19,14,0,35,0,90,30,1,121,2,109,44,1,156,314,0,314,470
09/16/2013,GFK,ND,AGL,CE,Towers with Radar,5,186,35,0,226,0,359,51,0,410,5,545,86,0,636,946,0,946,1582
09/17/2013,GFK,ND,AGL,CE,Towers with Radar,6,193,56,0,255,0,92,37,0,129,6,285,93,0,384,901,0,901,1285
09/18/2013,GFK,ND,AGL,CE,Towers with Radar,12,252,46,0,310,0,18,19,0,37,12,270,65,0,347,357,0,357,704
09/19/2013,GFK,ND,AGL,CE,Towers with Radar,10,174,27,0,211,0,142,14,0,156,10,316,41,0,367,511,0,511,878
09/20/2013,GFK,ND,AGL,CE,Towers with Radar,4,258,23,2,287,0,134,35,0,169,4,392,58,2,456,771,0,771,1227
09/21/2013,GFK,ND,AGL,CE,Towers with Radar,3,167,16,0,186,0,356,37,0,393,3,523,53,0,579,752,0,752,1331
09/22/2013,GFK,ND,AGL,CE,Towers with Radar,4,26,13,1,44,0,18,16,0,34,4,44,29,1,78,18,0,18,96
09/23/2013,GFK,ND,AGL,CE,Towers with Radar,3,62,21,1,87,0,61,11,0,72,3,123,32,1,159,160,0,160,319
09/24/2013,GFK,ND,AGL,CE,Towers with Radar,6,171,40,3,220,0,421,33,0,454,6,592,73,3,674,1097,0,1097,1771
09/25/2013,GFK,ND,AGL,CE,Towers with Radar,6,181,28,2,217,0,278,35,0,313,6,459,63,2,530,684,0,684,1214
09/26/2013,GFK,ND,AGL,CE,Towers with Radar,10,166,33,1,210,0,142,22,0,164,10,308,55,1,374,500,0,500,874
09/27/2013,GFK,ND,AGL,CE,Towers with Radar,5,287,16,0,308,0,18,11,0,29,5,305,27,0,337,186,0,186,523
09/28/2013,GFK,ND,AGL,CE,Towers with Radar,4,183,10,0,197,0,116,12,0,128,4,299,22,0,325,444,0,444,769
09/29/2013,GFK,ND,AGL,CE,Towers with Radar,4,62,20,0,86,0,144,33,0,177,4,206,53,0,263,454,0,454,717
09/30/2013,GFK,ND,AGL,CE,Towers with Radar,2,206,29,0,237,0,437,59,0,496,2,643,88,0,733,1158,0,1158,1891
10/01/2013,GFK,ND,AGL,CE,Towers with Radar,5,101,13,0,119,0,80,23,0,103,5,181,36,0,222,472,0,472,694
10/02/2013,GFK,ND,AGL,CE,Towers with Radar,6,219,26,0,251,0,355,38,0,393,6,574,64,0,644,777,0,777,1421
10/03/2013,GFK,ND,AGL,CE,Towers with Radar,12,227,28,0,267,0,347,40,0,387,12,574,68,0,654,924,0,924,1578
10/04/2013,GFK,ND,AGL,CE,Towers with Radar,8,114,19,0,141,0,17,9,0,26,8,131,28,0,167,357,0,357,524
10/05/2013,GFK,ND,AGL,CE,Towers with Radar,4,53,4,0,61,0,0,0,0,0,4,53,4,0,61,0,0,0,61
10/06/2013,GFK,ND,AGL,CE,Towers with Radar,6,100,7,0,113,0,135,30,0,165,6,235,37,0,278,403,0,403,681
10/07/2013,GFK,ND,AGL,CE,Towers with Radar,5,255,34,0,294,0,389,49,0,438,5,644,83,0,732,961,0,961,1693
10/08/2013,GFK,ND,AGL,CE,Towers with Radar,5,263,49,0,317,0,346,72,0,418,5,609,121,0,735,1107,0,1107,1842
10/09/2013,GFK,ND,AGL,CE,Towers with Radar,9,247,44,0,300,0,338,52,0,390,9,585,96,0,690,935,0,935,1625
10/10/2013,GFK,ND,AGL,CE,Towers with Radar,10,210,40,0,260,0,321,35,0,356,10,531,75,0,616,986,0,986,1602
10/11/2013,GFK,ND,AGL,CE,Towers with Radar,7,81,18,0,106,0,53,17,0,70,7,134,35,0,176,194,0,194,370
10/12/2013,GFK,ND,AGL,CE,Towers with Radar,6,106,16,0,128,0,15,5,0,20,6,121,21,0,148,153,0,153,301
10/13/2013,GFK,ND,AGL,CE,Towers with Radar,4,73,25,1,103,0,142,59,0,201,4,215,84,1,304,511,0,511,815
10/14/2013,GFK,ND,AGL,CE,Towers with Radar,5,184,12,0,201,0,133,18,0,151,5,317,30,0,352,598,0,598,950
10/15/2013,GFK,ND,AGL,CE,Towers with Radar,6,172,49,0,227,0,63,6,0,69,6,235,55,0,296,364,0,364,660
10/16/2013,GFK,ND,AGL,CE,Towers with Radar,8,272,27,0,307,0,364,42,0,406,8,636,69,0,713,885,0,885,1598
10/17/2013,GFK,ND,AGL,CE,Towers with Radar,10,233,34,0,277,0,277,34,1,312,10,510,68,1,589,874,0,874,1463
10/18/2013,GFK,ND,AGL,CE,Towers with Radar,7,131,27,1,166,0,231,39,0,270,7,362,66,1,436,687,4,691,1127
10/19/2013,GFK,ND,AGL,CE,Towers with Radar,7,62,17,0,86,0,71,12,0,83,7,133,29,0,169,513,0,513,682
10/20/2013,GFK,ND,AGL,CE,Towers with Radar,5,21,11,0,37,0,6,5,0,11,5,27,16,0,48,35,0,35,83
10/21/2013,GFK,ND,AGL,CE,Towers with Radar,5,100,25,0,130,0,161,19,0,180,5,261,44,0,310,813,0,813,1123
10/22/2013,GFK,ND,AGL,CE,Towers with Radar,8,81,24,0,113,0,189,33,0,222,8,270,57,0,335,823,0,823,1158
10/23/2013,GFK,ND,AGL,CE,Towers with Radar,9,180,29,0,218,0,283,38,0,321,9,463,67,0,539,740,0,740,1279
10/24/2013,GFK,ND,AGL,CE,Towers with Radar,10,222,36,0,268,0,300,49,0,349,10,522,85,0,617,864,0,864,1481
10/25/2013,GFK,ND,AGL,CE,Towers with Radar,8,138,19,0,165,0,97,20,0,117,8,235,39,0,282,191,0,191,473
10/26/2013,GFK,ND,AGL,CE,Towers with Radar,5,148,23,0,176,0,269,36,0,305,5,417,59,0,481,609,0,609,1090
10/27/2013,GFK,ND,AGL,CE,Towers with Radar,4,56,5,0,65,0,39,4,0,43,4,95,9,0,108,91,0,91,199
10/28/2013,GFK,ND,AGL,CE,Towers with Radar,5,309,23,0,337,0,321,48,0,369,5,630,71,0,706,882,0,882,1588
10/29/2013,GFK,ND,AGL,CE,Towers with Radar,6,249,36,0,291,0,336,41,0,377,6,585,77,0,668,1052,0,1052,1720
10/30/2013,GFK,ND,AGL,CE,Towers with Radar,8,99,39,0,146,0,75,21,0,96,8,174,60,0,242,1049,0,1049,1291
10/31/2013,GFK,ND,AGL,CE,Towers with Radar,10,226,48,0,284,0,314,49,0,363,10,540,97,0,647,1077,0,1077,1724
11/01/2013,GFK,ND,AGL,CE,Towers with Radar,8,247,29,0,284,0,265,40,0,305,8,512,69,0,589,928,0,928,1517
11/02/2013,GFK,ND,AGL,CE,Towers with Radar,5,189,24,5,223,0,260,52,1,313,5,449,76,6,536,673,0,673,1209
11/03/2013,GFK,ND,AGL,CE,Towers with Radar,4,18,15,0,37,0,0,6,0,6,4,18,21,0,43,0,0,0,43
11/04/2013,GFK,ND,AGL,CE,Towers with Radar,7,185,43,0,235,0,136,21,0,157,7,321,64,0,392,476,0,476,868
11/05/2013,GFK,ND,AGL,CE,Towers with Radar,6,219,49,0,274,0,312,34,0,346,6,531,83,0,620,1038,0,1038,1658
11/06/2013,GFK,ND,AGL,CE,Towers with Radar,8,266,46,0,320,0,297,44,0,341,8,563,90,0,661,950,0,950,1611
11/07/2013,GFK,ND,AGL,CE,Towers with Radar,12,146,39,0,197,0,159,26,0,185,12,305,65,0,382,814,0,814,1196
11/08/2013,GFK,ND,AGL,CE,Towers with Radar,6,106,22,0,134,0,106,18,0,124,6,212,40,0,258,357,0,357,615
11/09/2013,GFK,ND,AGL,CE,Towers with Radar,2,6,3,0,11,0,0,0,0,0,2,6,3,0,11,33,0,33,44
11/10/2013,GFK,ND,AGL,CE,Towers with Radar,3,47,5,2,57,0,56,8,0,64,3,103,13,2,121,314,0,314,435
11/11/2013,GFK,ND,AGL,CE,Towers with Radar,7,175,16,0,198,0,175,27,0,202,7,350,43,0,400,927,0,927,1327
11/12/2013,GFK,ND,AGL,CE,Towers with Radar,6,284,41,0,331,0,271,32,1,304,6,555,73,1,635,968,0,968,1603
11/13/2013,GFK,ND,AGL,CE,Towers with Radar,8,219,21,0,248,0,240,35,4,279,8,459,56,4,527,969,0,969,1496
11/14/2013,GFK,ND,AGL,CE,Towers with Radar,10,100,24,0,134,0,40,19,0,59,10,140,43,0,193,697,0,697,890
11/15/2013,GFK,ND,AGL,CE,Towers with Radar,10,260,43,0,313,0,286,40,0,326,10,546,83,0,639,922,0,922,1561
11/16/2013,GFK,ND,AGL,CE,Towers with Radar,5,187,27,0,219,0,211,31,0,242,5,398,58,0,461,892,0,892,1353
11/17/2013,GFK,ND,AGL,CE,Towers with Radar,4,15,10,0,29,0,0,0,0,0,4,15,10,0,29,0,0,0,29
11/18/2013,GFK,ND,AGL,CE,Towers with Radar,5,151,26,0,182,0,138,35,2,175,5,289,61,2,357,886,0,886,1243
11/19/2013,GFK,ND,AGL,CE,Towers with Radar,6,132,30,2,170,0,129,16,0,145,6,261,46,2,315,341,0,341,656
11/20/2013,GFK,ND,AGL,CE,Towers with Radar,8,51,25,2,86,0,121,30,0,151,8,172,55,2,237,656,0,656,893
11/21/2013,GFK,ND,AGL,CE,Towers with Radar,13,243,31,0,287,0,213,41,0,254,13,456,72,0,541,692,0,692,1233
11/22/2013,GFK,ND,AGL,CE,Towers with Radar,8,120,31,0,159,0,102,24,0,126,8,222,55,0,285,424,0,424,709
11/23/2013,GFK,ND,AGL,CE,Towers with Radar,5,207,19,0,231,0,261,26,0,287,5,468,45,0,518,784,0,784,1302
11/24/2013,GFK,ND,AGL,CE,Towers with Radar,4,57,7,0,68,0,46,21,0,67,4,103,28,0,135,191,0,191,326
11/25/2013,GFK,ND,AGL,CE,Towers with Radar,7,51,27,2,87,0,55,14,0,69,7,106,41,2,156,293,0,293,449
11/26/2013,GFK,ND,AGL,CE,Towers with Radar,6,186,41,2,235,0,161,42,0,203,6,347,83,2,438,877,0,877,1315
11/27/2013,GFK,ND,AGL,CE,Towers with Radar,18,145,24,0,187,0,106,22,0,128,18,251,46,0,315,551,0,551,866
11/28/2013,GFK,ND,AGL,CE,Towers with Radar,2,8,0,2,12,0,0,1,0,1,2,8,1,2,13,0,0,0,13
11/29/2013,GFK,ND,AGL,CE,Towers with Radar,4,162,10,0,176,0,118,21,0,139,4,280,31,0,315,430,0,430,745
11/30/2013,GFK,ND,AGL,CE,Towers with Radar,7,25,14,0,46,0,0,7,0,7,7,25,21,0,53,153,0,153,206
12/01/2013,GFK,ND,AGL,CE,Towers with Radar,8,21,9,0,38,0,1,2,0,3,8,22,11,0,41,0,0,0,41
12/02/2013,GFK,ND,AGL,CE,Towers with Radar,5,27,16,0,48,0,0,0,0,0,5,27,16,0,48,0,0,0,48
12/03/2013,GFK,ND,AGL,CE,Towers with Radar,6,39,14,0,59,0,1,2,0,3,6,40,16,0,62,71,0,71,133
12/04/2013,GFK,ND,AGL,CE,Towers with Radar,8,34,8,0,50,0,0,0,0,0,8,34,8,0,50,0,0,0,50
12/05/2013,GFK,ND,AGL,CE,Towers with Radar,10,42,17,0,69,0,0,0,0,0,10,42,17,0,69,90,0,90,159
12/06/2013,GFK,ND,AGL,CE,Towers with Radar,7,165,14,0,186,0,250,19,0,269,7,415,33,0,455,523,0,523,978
12/07/2013,GFK,ND,AGL,CE,Towers with Radar,4,234,21,0,259,0,270,17,0,287,4,504,38,0,546,741,0,741,1287
12/08/2013,GFK,ND,AGL,CE,Towers with Radar,5,44,4,0,53,0,9,3,0,12,5,53,7,0,65,46,0,46,111
12/09/2013,GFK,ND,AGL,CE,Towers with Radar,6,234,21,0,261,0,247,17,1,265,6,481,38,1,526,810,0,810,1336
12/10/2013,GFK,ND,AGL,CE,Towers with Radar,6,188,31,0,225,0,142,20,0,162,6,330,51,0,387,639,0,639,1026
12/11/2013,GFK,ND,AGL,CE,Towers with Radar,8,215,22,0,245,0,285,33,0,318,8,500,55,0,563,796,0,796,1359
12/12/2013,GFK,ND,AGL,CE,Towers with Radar,11,105,37,0,153,0,146,32,0,178,11,251,69,0,331,657,0,657,988
12/13/2013,GFK,ND,AGL,CE,Towers with Radar,8,160,22,0,190,0,108,24,0,132,8,268,46,0,322,588,0,588,910
12/14/2013,GFK,ND,AGL,CE,Towers with Radar,4,79,14,0,97,0,60,4,0,64,4,139,18,0,161,309,0,309,470
12/15/2013,GFK,ND,AGL,CE,Towers with Radar,7,73,10,0,90,0,99,15,0,114,7,172,25,0,204,402,0,402,606
12/16/2013,GFK,ND,AGL,CE,Towers with Radar,5,129,11,0,145,0,127,20,0,147,5,256,31,0,292,360,0,360,652
12/17/2013,GFK,ND,AGL,CE,Towers with Radar,9,171,26,0,206,0,217,42,0,259,9,388,68,0,465,736,0,736,1201
12/18/2013,GFK,ND,AGL,CE,Towers with Radar,8,146,29,0,183,0,240,44,0,284,8,386,73,0,467,674,0,674,1141
12/19/2013,GFK,ND,AGL,CE,Towers with Radar,10,131,27,0,168,0,126,32,0,158,10,257,59,0,326,729,0,729,1055
12/20/2013,GFK,ND,AGL,CE,Towers with Radar,8,230,24,0,262,0,193,26,0,219,8,423,50,0,481,625,0,625,1106
12/21/2013,GFK,ND,AGL,CE,Towers with Radar,6,120,11,0,137,0,95,15,0,110,6,215,26,0,247,441,0,441,688
12/22/2013,GFK,ND,AGL,CE,Towers with Radar,10,90,18,0,118,0,70,4,0,74,10,160,22,0,192,241,0,241,433
12/23/2013,GFK,ND,AGL,CE,Towers with Radar,6,81,20,0,107,0,80,20,0,100,6,161,40,0,207,493,0,493,700
12/24/2013,GFK,ND,AGL,CE,Towers with Radar,9,42,0,0,51,0,0,0,0,0,9,42,0,0,51,0,0,0,51
12/25/2013,GFK,ND,AGL,CE,Towers with Radar,0,5,0,0,5,0,0,0,0,0,0,5,0,0,5,0,0,0,5
12/26/2013,GFK,ND,AGL,CE,Towers with Radar,10,29,6,0,45,0,4,2,0,6,10,33,8,0,51,159,0,159,210
12/27/2013,GFK,ND,AGL,CE,Towers with Radar,4,59,9,0,72,0,33,31,0,64,4,92,40,0,136,163,0,163,299
12/28/2013,GFK,ND,AGL,CE,Towers with Radar,7,10,4,0,21,0,0,1,0,1,7,10,5,0,22,0,0,0,22
12/29/2013,GFK,ND,AGL,CE,Towers with Radar,8,75,10,0,93,0,70,14,0,84,8,145,24,0,177,238,0,238,415
12/30/2013,GFK,ND,AGL,CE,Towers with Radar,2,108,13,0,123,0,68,9,0,77,2,176,22,0,200,346,0,346,546
12/31/2013,GFK,ND,AGL,CE,Towers with Radar,9,104,2,0,115,0,70,9,1,80,9,174,11,1,195,311,0,311,506
01/01/2014,GFK,ND,AGL,CE,Towers with Radar,0,8,3,0,11,0,0,0,0,0,0,8,3,0,11,3,0,3,14
01/02/2014,GFK,ND,AGL,CE,Towers with Radar,7,140,9,0,156,0,69,8,0,77,7,209,17,0,233,306,0,306,539
01/03/2014,GFK,ND,AGL,CE,Towers with Radar,7,32,6,0,45,0,0,0,0,0,7,32,6,0,45,0,0,0,45
01/04/2014,GFK,ND,AGL,CE,Towers with Radar,5,38,4,0,47,0,6,0,0,6,5,44,4,0,53,24,0,24,77
01/05/2014,GFK,ND,AGL,CE,Towers with Radar,4,18,4,0,26,0,10,0,0,10,4,28,4,0,36,16,0,16,52
01/06/2014,GFK,ND,AGL,CE,Towers with Radar,5,16,11,0,32,0,0,4,0,4,5,16,15,0,36,0,0,0,36
01/07/2014,GFK,ND,AGL,CE,Towers with Radar,4,58,9,0,71,0,62,19,0,81,4,120,28,0,152,230,0,230,382
01/08/2014,GFK,ND,AGL,CE,Towers with Radar,6,164,17,0,187,0,151,31,0,182,6,315,48,0,369,435,0,435,804
01/09/2014,GFK,ND,AGL,CE,Towers with Radar,9,74,8,0,91,0,26,8,0,34,9,100,16,0,125,176,0,176,301
01/10/2014,GFK,ND,AGL,CE,Towers with Radar,6,157,12,0,175,0,102,20,0,122,6,259,32,0,297,587,0,587,884
01/11/2014,GFK,ND,AGL,CE,Towers with Radar,6,131,18,0,155,0,219,27,0,246,6,350,45,0,401,568,0,568,969
01/12/2014,GFK,ND,AGL,CE,Towers with Radar,4,52,8,0,64,0,119,19,0,138,4,171,27,0,202,403,0,403,605
01/13/2014,GFK,ND,AGL,CE,Towers with Radar,5,64,27,2,98,0,95,29,0,124,5,159,56,2,222,608,0,608,830
01/14/2014,GFK,ND,AGL,CE,Towers with Radar,4,34,16,0,54,0,7,8,0,15,4,41,24,0,69,47,0,47,116
01/15/2014,GFK,ND,AGL,CE,Towers with Radar,4,45,25,0,74,0,8,4,0,12,4,53,29,0,86,102,0,102,188
01/16/2014,GFK,ND,AGL,CE,Towers with Radar,8,34,3,0,45,0,0,0,0,0,8,34,3,0,45,0,0,0,45
01/17/2014,GFK,ND,AGL,CE,Towers with Radar,6,145,36,0,187,0,289,36,0,325,6,434,72,0,512,726,0,726,1238
01/18/2014,GFK,ND,AGL,CE,Towers with Radar,3,48,3,0,54,0,24,4,0,28,3,72,7,0,82,210,0,210,292
01/19/2014,GFK,ND,AGL,CE,Towers with Radar,4,9,5,0,18,0,6,6,0,12,4,15,11,0,30,113,0,113,143
01/20/2014,GFK,ND,AGL,CE,Towers with Radar,5,133,17,2,157,0,52,4,0,56,5,185,21,2,213,137,0,137,350
01/21/2014,GFK,ND,AGL,CE,Towers with Radar,5,35,8,0,48,0,21,2,0,23,5,56,10,0,71,39,0,39,110
01/22/2014,GFK,ND,AGL,CE,Towers with Radar,4,47,11,0,62,0,22,3,0,25,4,69,14,0,87,96,0,96,183
01/23/2014,GFK,ND,AGL,CE,Towers with Radar,8,209,19,0,236,0,357,28,0,385,8,566,47,0,621,692,0,692,1313
01/24/2014,GFK,ND,AGL,CE,Towers with Radar,6,45,10,0,61,0,56,10,0,66,6,101,20,0,127,320,0,320,447
01/25/2014,GFK,ND,AGL,CE,Towers with Radar,3,107,16,1,127,0,249,25,1,275,3,356,41,2,402,633,0,633,1035
01/26/2014,GFK,ND,AGL,CE,Towers with Radar,2,5,2,0,9,0,0,0,0,0,2,5,2,0,9,0,0,0,9
01/27/2014,GFK,ND,AGL,CE,Towers with Radar,6,148,17,0,171,0,309,14,0,323,6,457,31,0,494,743,0,743,1237
01/28/2014,GFK,ND,AGL,CE,Towers with Radar,5,166,7,0,178,0,331,21,0,352,5,497,28,0,530,861,0,861,1391
01/29/2014,GFK,ND,AGL,CE,Towers with Radar,4,158,23,0,185,0,266,37,0,303,4,424,60,0,488,817,0,817,1305
01/30/2014,GFK,ND,AGL,CE,Towers with Radar,8,130,17,0,155,0,189,22,0,211,8,319,39,0,366,855,0,855,1221
01/31/2014,GFK,ND,AGL,CE,Towers with Radar,7,216,26,0,249,0,337,52,0,389,7,553,78,0,638,859,0,859,1497
02/01/2014,GFK,ND,AGL,CE,Towers with Radar,4,160,24,0,188,0,267,21,0,288,4,427,45,0,476,728,0,728,1204
02/02/2014,GFK,ND,AGL,CE,Towers with Radar,4,58,10,0,72,0,114,24,0,138,4,172,34,0,210,384,0,384,594
02/03/2014,GFK,ND,AGL,CE,Towers with Radar,5,173,18,0,196,0,290,35,0,325,5,463,53,0,521,778,0,778,1299
02/04/2014,GFK,ND,AGL,CE,Towers with Radar,6,184,24,0,214,0,295,36,0,331,6,479,60,0,545,935,0,935,1480
02/05/2014,GFK,ND,AGL,CE,Towers with Radar,4,140,14,0,158,0,192,18,0,210,4,332,32,0,368,1011,0,1011,1379
02/06/2014,GFK,ND,AGL,CE,Towers with Radar,8,104,12,0,124,0,153,8,0,161,8,257,20,0,285,488,0,488,773
02/07/2014,GFK,ND,AGL,CE,Towers with Radar,6,204,21,0,231,0,335,31,0,366,6,539,52,0,597,773,0,773,1370
02/08/2014,GFK,ND,AGL,CE,Towers with Radar,5,178,17,0,200,0,210,15,1,226,5,388,32,1,426,649,0,649,1075
02/09/2014,GFK,ND,AGL,CE,Towers with Radar,5,52,19,0,76,0,116,13,0,129,5,168,32,0,205,253,0,253,458
02/10/2014,GFK,ND,AGL,CE,Towers with Radar,6,176,28,0,210,0,299,31,0,330,6,475,59,0,540,741,0,741,1281
02/11/2014,GFK,ND,AGL,CE,Towers with Radar,4,57,24,0,85,0,12,0,0,12,4,69,24,0,97,77,0,77,174
02/12/2014,GFK,ND,AGL,CE,Towers with Radar,9,175,27,2,213,0,298,32,0,330,9,473,59,2,543,1062,0,1062,1605
02/13/2014,GFK,ND,AGL,CE,Towers with Radar,13,60,7,0,80,0,0,2,0,2,13,60,9,0,82,13,0,13,95
02/14/2014,GFK,ND,AGL,CE,Towers with Radar,4,215,36,0,255,0,340,40,0,380,4,555,76,0,635,1013,0,1013,1648
02/15/2014,GFK,ND,AGL,CE,Towers with Radar,9,54,13,0,76,0,40,6,0,46,9,94,19,0,122,241,0,241,363
02/16/2014,GFK,ND,AGL,CE,Towers with Radar,6,35,12,0,53,0,16,2,0,18,6,51,14,0,71,62,0,62,133
02/17/2014,GFK,ND,AGL,CE,Towers with Radar,9,132,10,0,151,0,142,8,0,150,9,274,18,0,301,308,0,308,609
02/18/2014,GFK,ND,AGL,CE,Towers with Radar,4,154,30,0,188,0,401,36,0,437,4,555,66,0,625,920,0,920,1545
02/19/2014,GFK,ND,AGL,CE,Towers with Radar,8,233,21,0,262,0,390,51,0,441,8,623,72,0,703,896,0,896,1599
02/20/2014,GFK,ND,AGL,CE,Towers with Radar,9,39,20,0,68,0,12,6,0,18,9,51,26,0,86,271,0,271,357
02/21/2014,GFK,ND,AGL,CE,Towers with Radar,6,138,14,0,158,0,80,11,1,92,6,218,25,1,250,376,0,376,626
02/22/2014,GFK,ND,AGL,CE,Towers with Radar,7,147,15,0,169,0,301,22,3,326,7,448,37,3,495,725,0,725,1220
02/23/2014,GFK,ND,AGL,CE,Towers with Radar,9,53,5,0,67,0,120,15,0,135,9,173,20,0,202,445,0,445,647
02/24/2014,GFK,ND,AGL,CE,Towers with Radar,6,119,25,0,150,0,239,33,0,272,6,358,58,0,422,1016,0,1016,1438
02/25/2014,GFK,ND,AGL,CE,Towers with Radar,6,177,26,0,209,0,244,22,0,266,6,421,48,0,475,620,0,620,1095
02/26/2014,GFK,ND,AGL,CE,Towers with Radar,10,33,22,0,65,0,3,0,0,3,10,36,22,0,68,20,0,20,88
02/27/2014,GFK,ND,AGL,CE,Towers with Radar,17,226,29,0,272,0,276,22,0,298,17,502,51,0,570,837,0,837,1407
02/28/2014,GFK,ND,AGL,CE,Towers with Radar,6,102,34,0,142,0,42,5,0,47,6,144,39,0,189,234,0,234,423
03/01/2014,GFK,ND,AGL,CE,Towers with Radar,9,151,27,0,187,0,270,4,0,274,9,421,31,0,461,578,0,578,1039
03/02/2014,GFK,ND,AGL,CE,Towers with Radar,8,55,17,0,80,0,127,10,1,138,8,182,27,1,218,362,0,362,580
03/03/2014,GFK,ND,AGL,CE,Towers with Radar,7,70,28,0,105,0,54,8,0,62,7,124,36,0,167,263,0,263,430
03/04/2014,GFK,ND,AGL,CE,Towers with Radar,4,115,24,0,143,0,240,36,0,276,4,355,60,0,419,584,0,584,1003
03/05/2014,GFK,ND,AGL,CE,Towers with Radar,10,65,24,0,99,0,98,7,0,105,10,163,31,0,204,503,0,503,707
03/06/2014,GFK,ND,AGL,CE,Towers with Radar,8,51,12,0,71,0,7,4,0,11,8,58,16,0,82,327,0,327,409
03/07/2014,GFK,ND,AGL,CE,Towers with Radar,6,112,33,0,151,0,93,22,0,115,6,205,55,0,266,419,0,419,685
03/08/2014,GFK,ND,AGL,CE,Towers with Radar,9,186,30,0,225,0,392,46,0,438,9,578,76,0,663,1063,0,1063,1726
03/09/2014,GFK,ND,AGL,CE,Towers with Radar,6,60,20,0,86,0,160,14,0,174,6,220,34,0,260,462,0,462,722
03/10/2014,GFK,ND,AGL,CE,Towers with Radar,5,158,31,0,194,0,440,36,0,476,5,598,67,0,670,884,0,884,1554
03/11/2014,GFK,ND,AGL,CE,Towers with Radar,6,109,41,0,156,0,280,30,1,311,6,389,71,1,467,926,0,926,1393
03/12/2014,GFK,ND,AGL,CE,Towers with Radar,8,49,30,0,87,0,90,21,0,111,8,139,51,0,198,1005,0,1005,1203
03/13/2014,GFK,ND,AGL,CE,Towers with Radar,10,182,47,0,239,0,371,45,0,416,10,553,92,0,655,822,0,822,1477
03/14/2014,GFK,ND,AGL,CE,Towers with Radar,6,41,31,0,78,0,21,6,0,27,6,62,37,0,105,208,0,208,313
03/15/2014,GFK,ND,AGL,CE,Towers with Radar,9,107,18,0,134,0,270,14,0,284,9,377,32,0,418,707,0,707,1125
03/16/2014,GFK,ND,AGL,CE,Towers with Radar,6,34,15,0,55,0,76,10,0,86,6,110,25,0,141,288,0,288,429
03/17/2014,GFK,ND,AGL,CE,Towers with Radar,5,44,18,0,67,0,61,16,0,77,5,105,34,0,144,752,0,752,896
03/18/2014,GFK,ND,AGL,CE,Towers with Radar,8,36,16,0,60,0,17,19,0,36,8,53,35,0,96,568,0,568,664
03/19/2014,GFK,ND,AGL,CE,Towers with Radar,12,131,28,0,171,0,246,41,1,288,12,377,69,1,459,649,0,649,1108
03/20/2014,GFK,ND,AGL,CE,Towers with Radar,14,119,57,0,190,0,129,27,0,156,14,248,84,0,346,388,0,388,734
03/21/2014,GFK,ND,AGL,CE,Towers with Radar,8,44,4,0,56,0,0,2,0,2,8,44,6,0,58,0,0,0,58
03/22/2014,GFK,ND,AGL,CE,Towers with Radar,9,75,17,0,101,0,161,15,0,176,9,236,32,0,277,341,0,341,618
03/23/2014,GFK,ND,AGL,CE,Towers with Radar,6,39,13,0,58,0,114,10,0,124,6,153,23,0,182,354,0,354,536
03/24/2014,GFK,ND,AGL,CE,Towers with Radar,5,71,18,0,94,0,140,25,0,165,5,211,43,0,259,475,0,475,734
03/25/2014,GFK,ND,AGL,CE,Towers with Radar,8,142,20,2,172,0,419,56,1,476,8,561,76,3,648,1121,0,1121,1769
03/26/2014,GFK,ND,AGL,CE,Towers with Radar,12,154,33,0,199,0,329,31,1,361,12,483,64,1,560,834,0,834,1394
03/27/2014,GFK,ND,AGL,CE,Towers with Radar,10,121,29,0,160,0,141,15,0,156,10,262,44,0,316,364,0,364,680
03/28/2014,GFK,ND,AGL,CE,Towers with Radar,4,205,33,0,242,0,413,48,0,461,4,618,81,0,703,1153,0,1153,1856
03/29/2014,GFK,ND,AGL,CE,Towers with Radar,8,100,17,0,125,0,140,16,0,156,8,240,33,0,281,303,0,303,584
03/30/2014,GFK,ND,AGL,CE,Towers with Radar,6,61,14,0,81,0,114,8,0,122,6,175,22,0,203,409,0,409,612
03/31/2014,GFK,ND,AGL,CE,Towers with Radar,0,4,1,0,5,0,0,0,0,0,0,4,1,0,5,0,0,0,5
04/01/2014,GFK,ND,AGL,CE,Towers with Radar,9,42,3,0,54,0,2,5,0,7,9,44,8,0,61,4,0,4,65
04/02/2014,GFK,ND,AGL,CE,Towers with Radar,10,157,35,0,202,0,204,47,1,252,10,361,82,1,454,761,0,761,1215
04/03/2014,GFK,ND,AGL,CE,Towers with Radar,8,37,20,0,65,0,0,0,0,0,8,37,20,0,65,0,0,0,65
04/04/2014,GFK,ND,AGL,CE,Towers with Radar,4,71,29,0,104,0,105,15,0,120,4,176,44,0,224,585,0,585,809
04/05/2014,GFK,ND,AGL,CE,Towers with Radar,7,189,27,0,223,0,417,59,0,476,7,606,86,0,699,870,0,870,1569
04/06/2014,GFK,ND,AGL,CE,Towers with Radar,4,64,12,0,80,0,155,16,0,171,4,219,28,0,251,538,0,538,789
04/07/2014,GFK,ND,AGL,CE,Towers with Radar,3,152,28,0,183,0,157,24,2,183,3,309,52,2,366,1164,0,1164,1530
04/08/2014,GFK,ND,AGL,CE,Towers with Radar,8,179,35,0,222,0,395,58,1,454,8,574,93,1,676,1298,0,1298,1974
04/09/2014,GFK,ND,AGL,CE,Towers with Radar,8,130,20,0,158,0,233,36,0,269,8,363,56,0,427,799,0,799,1226
04/10/2014,GFK,ND,AGL,CE,Towers with Radar,12,116,25,0,153,0,201,35,2,238,12,317,60,2,391,562,0,562,953
04/11/2014,GFK,ND,AGL,CE,Towers with Radar,9,144,37,0,190,0,319,40,1,360,9,463,77,1,550,1024,0,1024,1574
04/12/2014,GFK,ND,AGL,CE,Towers with Radar,8,58,17,1,84,0,127,9,0,136,8,185,26,1,220,490,0,490,710
04/13/2014,GFK,ND,AGL,CE,Towers with Radar,5,13,11,0,29,0,0,0,0,0,5,13,11,0,29,0,0,0,29
04/14/2014,GFK,ND,AGL,CE,Towers with Radar,3,94,26,0,123,0,172,18,0,190,3,266,44,0,313,764,0,764,1077
04/15/2014,GFK,ND,AGL,CE,Towers with Radar,6,199,30,0,235,0,346,49,0,395,6,545,79,0,630,1177,0,1177,1807
04/16/2014,GFK,ND,AGL,CE,Towers with Radar,6,143,22,0,171,0,267,31,0,298,6,410,53,0,469,904,0,904,1373
04/17/2014,GFK,ND,AGL,CE,Towers with Radar,13,174,37,2,226,0,370,38,0,408,13,544,75,2,634,1067,0,1067,1701
04/18/2014,GFK,ND,AGL,CE,Towers with Radar,7,100,27,0,134,0,135,25,0,160,7,235,52,0,294,384,0,384,678
04/19/2014,GFK,ND,AGL,CE,Towers with Radar,4,60,5,0,69,0,127,7,0,134,4,187,12,0,203,568,0,568,771
04/20/2014,GFK,ND,AGL,CE,Towers with Radar,6,19,3,0,28,0,0,10,0,10,6,19,13,0,38,0,0,0,38
04/21/2014,GFK,ND,AGL,CE,Towers with Radar,3,116,23,1,143,0,155,18,1,174,3,271,41,2,317,519,0,519,836
04/22/2014,GFK,ND,AGL,CE,Towers with Radar,6,181,24,0,211,0,395,55,0,450,6,576,79,0,661,1170,0,1170,1831
04/23/2014,GFK,ND,AGL,CE,Towers with Radar,8,121,37,0,166,0,21,5,0,26,8,142,42,0,192,210,0,210,402
04/24/2014,GFK,ND,AGL,CE,Towers with Radar,11,175,30,0,216,0,0,3,0,3,11,175,33,0,219,70,0,70,289
04/25/2014,GFK,ND,AGL,CE,Towers with Radar,6,141,27,0,174,0,89,32,0,121,6,230,59,0,295,907,0,907,1202
04/26/2014,GFK,ND,AGL,CE,Towers with Radar,5,163,10,0,178,0,333,35,0,368,5,496,45,0,546,871,0,871,1417
04/27/2014,GFK,ND,AGL,CE,Towers with Radar,10,14,1,0,25,0,0,6,0,6,10,14,7,0,31,10,0,10,41
04/28/2014,GFK,ND,AGL,CE,Towers with Radar,3,53,11,0,67,0,9,0,0,9,3,62,11,0,76,91,0,91,167
04/29/2014,GFK,ND,AGL,CE,Towers with Radar,6,167,17,0,190,0,200,32,0,232,6,367,49,0,422,756,0,756,1178
04/30/2014,GFK,ND,AGL,CE,Towers with Radar,8,44,14,0,66,0,0,0,0,0,8,44,14,0,66,51,0,51,117
05/01/2014,GFK,ND,AGL,CE,Towers with Radar,12,175,23,0,210,0,233,36,0,269,12,408,59,0,479,955,0,955,1434
05/02/2014,GFK,ND,AGL,CE,Towers with Radar,7,89,35,0,131,0,74,6,0,80,7,163,41,0,211,306,0,306,517
05/03/2014,GFK,ND,AGL,CE,Towers with Radar,5,174,20,0,199,0,249,28,0,277,5,423,48,0,476,1047,0,1047,1523
05/04/2014,GFK,ND,AGL,CE,Towers with Radar,6,76,16,2,100,0,154,34,0,188,6,230,50,2,288,484,0,484,772
05/05/2014,GFK,ND,AGL,CE,Towers with Radar,3,129,31,0,163,0,137,28,0,165,3,266,59,0,328,879,0,879,1207
05/06/2014,GFK,ND,AGL,CE,Towers with Radar,8,185,45,4,242,0,223,27,0,250,8,408,72,4,492,838,0,838,1330
05/07/2014,GFK,ND,AGL,CE,Towers with Radar,6,186,46,6,244,0,199,39,0,238,6,385,85,6,482,924,0,924,1406
05/08/2014,GFK,ND,AGL,CE,Towers with Radar,12,180,35,0,227,0,0,1,0,1,12,180,36,0,228,39,0,39,267
05/09/2014,GFK,ND,AGL,CE,Towers with Radar,4,160,44,0,208,0,285,37,0,322,4,445,81,0,530,976,0,976,1506
05/10/2014,GFK,ND,AGL,CE,Towers with Radar,5,133,22,0,160,0,211,34,0,245,5,344,56,0,405,699,0,699,1104
05/11/2014,GFK,ND,AGL,CE,Towers with Radar,6,62,18,0,86,0,25,11,0,36,6,87,29,0,122,444,0,444,566
05/12/2014,GFK,ND,AGL,CE,Towers with Radar,3,44,26,0,73,0,0,1,0,1,3,44,27,0,74,14,0,14,88
05/13/2014,GFK,ND,AGL,CE,Towers with Radar,6,102,29,0,137,0,65,17,0,82,6,167,46,0,219,549,0,549,768
05/14/2014,GFK,ND,AGL,CE,Towers with Radar,6,146,35,0,187,0,232,29,0,261,6,378,64,0,448,1223,0,1223,1671
05/15/2014,GFK,ND,AGL,CE,Towers with Radar,10,133,27,2,172,0,326,47,0,373,10,459,74,2,545,1193,0,1193,1738
05/16/2014,GFK,ND,AGL,CE,Towers with Radar,4,144,28,0,176,0,270,60,0,330,4,414,88,0,506,1079,0,1079,1585
05/17/2014,GFK,ND,AGL,CE,Towers with Radar,6,86,22,0,114,0,136,32,0,168,6,222,54,0,282,543,0,543,825
05/18/2014,GFK,ND,AGL,CE,Towers with Radar,6,72,11,0,89,0,93,29,0,122,6,165,40,0,211,530,0,530,741
05/19/2014,GFK,ND,AGL,CE,Towers with Radar,5,87,18,0,110,0,9,6,0,15,5,96,24,0,125,423,0,423,548
05/20/2014,GFK,ND,AGL,CE,Towers with Radar,6,103,31,0,140,0,219,25,0,244,6,322,56,0,384,752,0,752,1136
05/21/2014,GFK,ND,AGL,CE,Towers with Radar,8,162,36,0,206,0,163,32,0,195,8,325,68,0,401,898,0,898,1299
05/22/2014,GFK,ND,AGL,CE,Towers with Radar,10,170,51,8,239,0,376,43,1,420,10,546,94,9,659,1166,0,1166,1825
05/23/2014,GFK,ND,AGL,CE,Towers with Radar,7,140,39,4,190,0,201,39,0,240,7,341,78,4,430,717,0,717,1147
05/24/2014,GFK,ND,AGL,CE,Towers with Radar,5,99,13,0,117,0,166,16,0,182,5,265,29,0,299,545,0,545,844
05/25/2014,GFK,ND,AGL,CE,Towers with Radar,6,19,7,0,32,0,30,2,0,32,6,49,9,0,64,112,0,112,176
05/26/2014,GFK,ND,AGL,CE,Towers with Radar,2,169,8,0,179,0,183,20,0,203,2,352,28,0,382,819,0,819,1201
05/27/2014,GFK,ND,AGL,CE,Towers with Radar,1,143,31,0,175,0,302,41,0,343,1,445,72,0,518,1014,0,1014,1532
05/28/2014,GFK,ND,AGL,CE,Towers with Radar,8,193,16,0,217,0,323,36,0,359,8,516,52,0,576,1191,0,1191,1767
05/29/2014,GFK,ND,AGL,CE,Towers with Radar,12,97,15,0,124,0,119,22,0,141,12,216,37,0,265,420,0,420,685
05/30/2014,GFK,ND,AGL,CE,Towers with Radar,4,118,11,0,133,0,126,17,1,144,4,244,28,1,277,711,0,711,988
05/31/2014,GFK,ND,AGL,CE,Towers with Radar,7,158,8,1,174,0,131,27,0,158,7,289,35,1,332,693,0,693,1025
06/01/2014,GFK,ND,AGL,CE,Towers with Radar,4,58,8,1,71,0,51,6,0,57,4,109,14,1,128,248,0,248,376
06/02/2014,GFK,ND,AGL,CE,Towers with Radar,3,169,9,1,182,0,38,6,0,44,3,207,15,1,226,369,0,369,595
06/03/2014,GFK,ND,AGL,CE,Towers with Radar,6,141,14,4,165,0,443,47,0,490,6,584,61,4,655,1202,0,1202,1857
06/04/2014,GFK,ND,AGL,CE,Towers with Radar,4,159,38,0,201,0,384,51,1,436,4,543,89,1,637,955,0,955,1592
06/05/2014,GFK,ND,AGL,CE,Towers with Radar,10,137,49,0,196,0,202,29,0,231,10,339,78,0,427,952,0,952,1379
06/06/2014,GFK,ND,AGL,CE,Towers with Radar,4,165,56,0,225,0,296,31,0,327,4,461,87,0,552,694,0,694,1246
06/07/2014,GFK,ND,AGL,CE,Towers with Radar,5,125,7,0,137,0,246,26,0,272,5,371,33,0,409,639,0,639,1048
06/08/2014,GFK,ND,AGL,CE,Towers with Radar,4,47,12,0,63,0,67,14,0,81,4,114,26,0,144,95,0,95,239
06/09/2014,GFK,ND,AGL,CE,Towers with Radar,3,137,20,0,160,0,273,35,0,308,3,410,55,0,468,933,0,933,1401
06/10/2014,GFK,ND,AGL,CE,Towers with Radar,6,125,36,0,167,0,260,47,0,307,6,385,83,0,474,961,0,961,1435
06/11/2014,GFK,ND,AGL,CE,Towers with Radar,4,143,24,0,171,0,22,19,1,42,4,165,43,1,213,401,0,401,614
06/12/2014,GFK,ND,AGL,CE,Towers with Radar,10,113,62,0,185,0,133,21,0,154,10,246,83,0,339,476,0,476,815
06/13/2014,GFK,ND,AGL,CE,Towers with Radar,6,134,40,0,180,0,375,53,0,428,6,509,93,0,608,1096,0,1096,1704
06/14/2014,GFK,ND,AGL,CE,Towers with Radar,9,77,8,0,94,0,37,17,0,54,9,114,25,0,148,260,0,260,408
06/15/2014,GFK,ND,AGL,CE,Towers with Radar,4,32,13,0,49,0,1,2,0,3,4,33,15,0,52,51,0,51,103
06/16/2014,GFK,ND,AGL,CE,Towers with Radar,3,133,31,0,167,0,355,46,0,401,3,488,77,0,568,1089,0,1089,1657
06/17/2014,GFK,ND,AGL,CE,Towers with Radar,6,143,67,0,216,0,306,28,0,334,6,449,95,0,550,936,0,936,1486
06/18/2014,GFK,ND,AGL,CE,Towers with Radar,4,100,35,0,139,0,198,29,0,227,4,298,64,0,366,783,0,783,1149
06/19/2014,GFK,ND,AGL,CE,Towers with Radar,8,109,45,0,162,0,21,2,0,23,8,130,47,0,185,253,0,253,438
06/20/2014,GFK,ND,AGL,CE,Towers with Radar,6,121,40,2,169,0,297,34,0,331,6,418,74,2,500,979,0,979,1479
06/21/2014,GFK,ND,AGL,CE,Towers with Radar,5,73,8,6,92,0,203,15,0,218,5,276,23,6,310,624,0,624,934
06/22/2014,GFK,ND,AGL,CE,Towers with Radar,4,34,7,0,45,0,110,15,0,125,4,144,22,0,170,334,0,334,504
06/23/2014,GFK,ND,AGL,CE,Towers with Radar,3,112,31,0,146,0,185,27,0,212,3,297,58,0,358,655,0,655,1013
06/24/2014,GFK,ND,AGL,CE,Towers with Radar,8,178,40,4,230,0,5,1,0,6,8,183,41,4,236,18,0,18,254
06/25/2014,GFK,ND,AGL,CE,Towers with Radar,6,152,31,2,191,0,125,19,1,145,6,277,50,3,336,864,0,864,1200
06/26/2014,GFK,ND,AGL,CE,Towers with Radar,8,124,21,0,153,0,170,18,0,188,8,294,39,0,341,1049,0,1049,1390
06/27/2014,GFK,ND,AGL,CE,Towers with Radar,4,100,33,0,137,0,92,22,0,114,4,192,55,0,251,492,0,492,743
06/28/2014,GFK,ND,AGL,CE,Towers with Radar,9,46,27,0,82,0,1,0,0,1,9,47,27,0,83,12,0,12,95
06/29/2014,GFK,ND,AGL,CE,Towers with Radar,8,25,9,0,42,0,15,8,2,25,8,40,17,2,67,4,0,4,71
06/30/2014,GFK,ND,AGL,CE,Towers with Radar,3,38,31,0,72,0,2,4,0,6,3,40,35,0,78,36,0,36,114
07/01/2014,GFK,ND,AGL,CE,Towers with Radar,6,78,30,0,114,0,11,10,0,21,6,89,40,0,135,206,0,206,341
07/02/2014,GFK,ND,AGL,CE,Towers with Radar,6,200,57,0,263,0,420,47,0,467,6,620,104,0,730,1163,0,1163,1893
07/03/2014,GFK,ND,AGL,CE,Towers with Radar,8,128,28,2,166,0,305,51,0,356,8,433,79,2,522,1048,0,1048,1570
07/04/2014,GFK,ND,AGL,CE,Towers with Radar,0,8,3,0,11,0,1,8,0,9,0,9,11,0,20,4,0,4,24
07/05/2014,GFK,ND,AGL,CE,Towers with Radar,5,17,2,0,24,0,0,12,0,12,5,17,14,0,36,24,0,24,60
07/06/2014,GFK,ND,AGL,CE,Towers with Radar,4,12,11,0,27,0,0,9,0,9,4,12,20,0,36,42,0,42,78
07/07/2014,GFK,ND,AGL,CE,Towers with Radar,3,100,27,0,130,0,172,33,0,205,3,272,60,0,335,756,0,756,1091
07/08/2014,GFK,ND,AGL,CE,Towers with Radar,4,175,30,0,209,0,270,28,0,298,4,445,58,0,507,963,0,963,1470
07/09/2014,GFK,ND,AGL,CE,Towers with Radar,5,137,34,0,176,0,354,45,0,399,5,491,79,0,575,1171,0,1171,1746
07/10/2014,GFK,ND,AGL,CE,Towers with Radar,8,135,27,3,173,0,324,47,1,372,8,459,74,4,545,990,0,990,1535
07/11/2014,GFK,ND,AGL,CE,Towers with Radar,4,140,23,0,167,0,240,43,0,283,4,380,66,0,450,788,0,788,1238
07/12/2014,GFK,ND,AGL,CE,Towers with Radar,5,101,5,0,111,0,161,16,0,177,5,262,21,0,288,505,0,505,793
07/13/2014,GFK,ND,AGL,CE,Towers with Radar,4,14,5,0,23,0,0,10,0,10,4,14,15,0,33,5,0,5,38
07/14/2014,GFK,ND,AGL,CE,Towers with Radar,5,120,6,0,131,0,28,8,0,36,5,148,14,0,167,302,0,302,469
07/15/2014,GFK,ND,AGL,CE,Towers with Radar,4,147,40,0,191,0,347,56,1,404,4,494,96,1,595,1134,0,1134,1729
07/16/2014,GFK,ND,AGL,CE,Towers with Radar,8,144,28,0,180,0,289,58,0,347,8,433,86,0,527,1041,0,1041,1568
07/17/2014,GFK,ND,AGL,CE,Towers with Radar,8,134,39,0,181,0,261,34,2,297,8,395,73,2,478,990,0,990,1468
07/18/2014,GFK,ND,AGL,CE,Towers with Radar,6,80,23,0,109,0,65,14,0,79,6,145,37,0,188,170,0,170,358
07/19/2014,GFK,ND,AGL,CE,Towers with Radar,5,108,17,0,130,0,246,25,0,271,5,354,42,0,401,794,0,794,1195
07/20/2014,GFK,ND,AGL,CE,Towers with Radar,4,12,11,0,27,0,1,12,1,14,4,13,23,1,41,0,0,0,41
07/21/2014,GFK,ND,AGL,CE,Towers with Radar,2,94,30,0,126,0,239,29,0,268,2,333,59,0,394,611,0,611,1005
07/22/2014,GFK,ND,AGL,CE,Towers with Radar,4,174,40,0,218,0,246,41,0,287,4,420,81,0,505,1118,0,1118,1623
07/23/2014,GFK,ND,AGL,CE,Towers with Radar,8,137,35,0,180,0,256,54,0,310,8,393,89,0,490,1105,0,1105,1595
07/24/2014,GFK,ND,AGL,CE,Towers with Radar,8,94,23,1,126,0,169,19,0,188,8,263,42,1,314,733,0,733,1047
07/25/2014,GFK,ND,AGL,CE,Towers with Radar,4,161,9,0,174,0,186,35,0,221,4,347,44,0,395,776,0,776,1171
07/26/2014,GFK,ND,AGL,CE,Towers with Radar,7,92,10,0,109,0,129,15,0,144,7,221,25,0,253,464,0,464,717
07/27/2014,GFK,ND,AGL,CE,Towers with Radar,6,9,12,0,27,0,2,6,0,8,6,11,18,0,35,52,0,52,87
07/28/2014,GFK,ND,AGL,CE,Towers with Radar,3,128,10,0,141,0,232,21,0,253,3,360,31,0,394,756,0,756,1150
07/29/2014,GFK,ND,AGL,CE,Towers with Radar,4,178,22,0,204,0,181,22,0,203,4,359,44,0,407,769,0,769,1176
07/30/2014,GFK,ND,AGL,CE,Towers with Radar,8,133,15,0,156,0,226,32,0,258,8,359,47,0,414,773,0,773,1187
07/31/2014,GFK,ND,AGL,CE,Towers with Radar,8,132,26,0,166,0,204,47,3,254,8,336,73,3,420,725,0,725,1145
08/01/2014,GFK,ND,AGL,CE,Towers with Radar,4,142,14,0,160,0,190,24,0,214,4,332,38,0,374,689,0,689,1063
08/02/2014,GFK,ND,AGL,CE,Towers with Radar,6,91,10,0,107,0,79,16,0,95,6,170,26,0,202,398,0,398,600
08/03/2014,GFK,ND,AGL,CE,Towers with Radar,6,9,6,0,21,0,4,17,0,21,6,13,23,0,42,12,0,12,54
08/04/2014,GFK,ND,AGL,CE,Towers with Radar,5,132,20,0,157,0,177,42,0,219,5,309,62,0,376,604,0,604,980
08/05/2014,GFK,ND,AGL,CE,Towers with Radar,4,121,37,0,162,0,182,35,0,217,4,303,72,0,379,860,0,860,1239
08/06/2014,GFK,ND,AGL,CE,Towers with Radar,8,97,24,0,129,0,166,26,0,192,8,263,50,0,321,733,0,733,1054
08/07/2014,GFK,ND,AGL,CE,Towers with Radar,8,122,31,0,161,0,202,32,0,234,8,324,63,0,395,747,0,747,1142
08/08/2014,GFK,ND,AGL,CE,Towers with Radar,4,101,35,0,140,0,163,27,0,190,4,264,62,0,330,667,0,667,997
08/09/2014,GFK,ND,AGL,CE,Towers with Radar,7,106,17,0,130,0,101,17,0,118,7,207,34,0,248,446,0,446,694
08/10/2014,GFK,ND,AGL,CE,Towers with Radar,4,44,10,0,58,0,28,17,0,45,4,72,27,0,103,112,0,112,215
08/11/2014,GFK,ND,AGL,CE,Towers with Radar,3,130,27,0,160,0,138,28,0,166,3,268,55,0,326,684,0,684,1010
08/12/2014,GFK,ND,AGL,CE,Towers with Radar,6,114,32,0,152,0,180,45,0,225,6,294,77,0,377,616,0,616,993
08/13/2014,GFK,ND,AGL,CE,Towers with Radar,4,140,20,0,164,0,121,33,1,155,4,261,53,1,319,808,0,808,1127
08/14/2014,GFK,ND,AGL,CE,Towers with Radar,8,114,20,0,142,0,126,30,5,161,8,240,50,5,303,590,0,590,893
08/15/2014,GFK,ND,AGL,CE,Towers with Radar,4,103,18,0,125,0,134,29,0,163,4,237,47,0,288,642,0,642,930
08/16/2014,GFK,ND,AGL,CE,Towers with Radar,3,133,9,0,145,0,3,10,0,13,3,136,19,0,158,187,0,187,345
08/17/2014,GFK,ND,AGL,CE,Towers with Radar,3,43,22,0,68,0,0,1,0,1,3,43,23,0,69,21,0,21,90
08/18/2014,GFK,ND,AGL,CE,Towers with Radar,3,44,23,2,72,0,28,6,0,34,3,72,29,2,106,303,0,303,409
08/19/2014,GFK,ND,AGL,CE,Towers with Radar,4,154,30,0,188,0,219,60,0,279,4,373,90,0,467,818,0,818,1285
08/20/2014,GFK,ND,AGL,CE,Towers with Radar,6,90,25,0,121,0,79,31,0,110,6,169,56,0,231,464,0,464,695
08/21/2014,GFK,ND,AGL,CE,Towers with Radar,8,134,20,4,166,0,32,22,0,54,8,166,42,4,220,660,0,660,880
08/22/2014,GFK,ND,AGL,CE,Towers with Radar,4,179,32,0,215,0,0,3,0,3,4,179,35,0,218,269,0,269,487
08/23/2014,GFK,ND,AGL,CE,Towers with Radar,4,76,16,0,96,0,1,2,0,3,4,77,18,0,99,82,0,82,181
08/24/2014,GFK,ND,AGL,CE,Towers with Radar,6,39,9,0,54,0,4,9,0,13,6,43,18,0,67,106,0,106,173
08/25/2014,GFK,ND,AGL,CE,Towers with Radar,3,86,11,0,100,0,75,25,0,100,3,161,36,0,200,355,0,355,555
08/26/2014,GFK,ND,AGL,CE,Towers with Radar,6,158,24,4,192,0,227,39,0,266,6,385,63,4,458,986,0,986,1444
08/27/2014,GFK,ND,AGL,CE,Towers with Radar,6,126,36,0,168,0,253,50,0,303,6,379,86,0,471,898,0,898,1369
08/28/2014,GFK,ND,AGL,CE,Towers with Radar,12,139,22,0,173,0,95,18,0,113,12,234,40,0,286,588,0,588,874
08/29/2014,GFK,ND,AGL,CE,Towers with Radar,8,149,14,0,171,0,10,4,0,14,8,159,18,0,185,87,0,87,272
08/30/2014,GFK,ND,AGL,CE,Towers with Radar,3,151,24,0,178,0,313,50,0,363,3,464,74,0,541,824,0,824,1365
08/31/2014,GFK,ND,AGL,CE,Towers with Radar,4,68,7,0,79,0,7,11,0,18,4,75,18,0,97,81,0,81,178
09/01/2014,GFK,ND,AGL,CE,Towers with Radar,4,118,26,1,149,0,260,28,0,288,4,378,54,1,437,645,0,645,1082
09/02/2014,GFK,ND,AGL,CE,Towers with Radar,1,179,27,0,207,0,258,27,0,285,1,437,54,0,492,831,0,831,1323
09/03/2014,GFK,ND,AGL,CE,Towers with Radar,4,235,32,0,271,0,311,38,0,349,4,546,70,0,620,780,0,780,1400
09/04/2014,GFK,ND,AGL,CE,Towers with Radar,9,143,26,0,178,0,167,22,0,189,9,310,48,0,367,728,0,728,1095
09/05/2014,GFK,ND,AGL,CE,Towers with Radar,5,190,40,2,237,0,416,45,0,461,5,606,85,2,698,724,0,724,1422
09/06/2014,GFK,ND,AGL,CE,Towers with Radar,6,152,12,0,170,0,312,43,0,355,6,464,55,0,525,850,0,850,1375
09/07/2014,GFK,ND,AGL,CE,Towers with Radar,4,62,8,0,74,0,101,25,0,126,4,163,33,0,200,310,0,310,510
09/08/2014,GFK,ND,AGL,CE,Towers with Radar,3,188,28,0,219,0,261,40,0,301,3,449,68,0,520,629,0,629,1149
09/09/2014,GFK,ND,AGL,CE,Towers with Radar,5,93,28,2,128,0,10,6,0,16,5,103,34,2,144,191,0,191,335
09/10/2014,GFK,ND,AGL,CE,Towers with Radar,6,191,11,0,208,0,230,24,0,254,6,421,35,0,462,884,0,884,1346
09/11/2014,GFK,ND,AGL,CE,Towers with Radar,8,190,29,0,227,0,362,36,0,398,8,552,65,0,625,1075,0,1075,1700
09/12/2014,GFK,ND,AGL,CE,Towers with Radar,5,213,20,0,238,0,337,42,0,379,5,550,62,0,617,904,0,904,1521
09/13/2014,GFK,ND,AGL,CE,Towers with Radar,3,111,14,0,128,0,130,15,0,145,3,241,29,0,273,378,0,378,651
09/14/2014,GFK,ND,AGL,CE,Towers with Radar,4,47,21,0,72,0,22,15,1,38,4,69,36,1,110,446,0,446,556
09/15/2014,GFK,ND,AGL,CE,Towers with Radar,3,201,18,0,222,0,322,38,0,360,3,523,56,0,582,900,0,900,1482
09/16/2014,GFK,ND,AGL,CE,Towers with Radar,4,176,31,0,211,0,395,29,0,424,4,571,60,0,635,910,0,910,1545
09/17/2014,GFK,ND,AGL,CE,Towers with Radar,4,167,34,0,205,0,261,25,0,286,4,428,59,0,491,689,0,689,1180
09/18/2014,GFK,ND,AGL,CE,Towers with Radar,6,179,47,0,232,0,154,32,0,186,6,333,79,0,418,488,0,488,906
09/19/2014,GFK,ND,AGL,CE,Towers with Radar,6,202,19,0,227,0,194,22,0,216,6,396,41,0,443,751,0,751,1194
09/20/2014,GFK,ND,AGL,CE,Towers with Radar,5,67,21,0,93,0,98,11,0,109,5,165,32,0,202,485,0,485,687
09/21/2014,GFK,ND,AGL,CE,Towers with Radar,4,72,19,0,95,0,29,31,0,60,4,101,50,0,155,261,0,261,416
09/22/2014,GFK,ND,AGL,CE,Towers with Radar,6,233,19,0,258,0,385,36,0,421,6,618,55,0,679,1073,0,1073,1752
09/23/2014,GFK,ND,AGL,CE,Towers with Radar,4,216,19,0,239,0,340,25,0,365,4,556,44,0,604,822,0,822,1426
09/24/2014,GFK,ND,AGL,CE,Towers with Radar,4,268,22,0,294,0,35,10,0,45,4,303,32,0,339,633,0,633,972
09/25/2014,GFK,ND,AGL,CE,Towers with Radar,9,255,37,0,301,0,216,17,0,233,9,471,54,0,534,608,0,608,1142
09/26/2014,GFK,ND,AGL,CE,Towers with Radar,5,157,14,0,176,0,242,29,0,271,5,399,43,0,447,774,0,774,1221
09/27/2014,GFK,ND,AGL,CE,Towers with Radar,4,161,12,0,177,0,354,34,0,388,4,515,46,0,565,787,0,787,1352
09/28/2014,GFK,ND,AGL,CE,Towers with Radar,2,61,14,1,78,0,8,5,0,13,2,69,19,1,91,50,0,50,141
09/29/2014,GFK,ND,AGL,CE,Towers with Radar,3,214,32,1,250,0,76,18,0,94,3,290,50,1,344,595,0,595,939
09/30/2014,GFK,ND,AGL,CE,Towers with Radar,4,175,25,0,204,0,92,6,0,98,4,267,31,0,302,355,0,355,657
10/01/2014,GFK,ND,AGL,CE,Towers with Radar,7,211,28,0,246,0,205,19,0,224,7,416,47,0,470,1071,0,1071,1541
10/02/2014,GFK,ND,AGL,CE,Towers with Radar,11,147,24,0,182,0,313,38,1,352,11,460,62,1,534,840,0,840,1374
10/03/2014,GFK,ND,AGL,CE,Towers with Radar,8,40,16,0,64,0,4,3,0,7,8,44,19,0,71,22,0,22,93
10/04/2014,GFK,ND,AGL,CE,Towers with Radar,6,166,12,0,184,0,240,33,0,273,6,406,45,0,457,749,0,749,1206
10/05/2014,GFK,ND,AGL,CE,Towers with Radar,7,47,12,0,66,0,80,11,0,91,7,127,23,0,157,269,0,269,426
10/06/2014,GFK,ND,AGL,CE,Towers with Radar,6,126,18,2,152,0,122,14,0,136,6,248,32,2,288,438,0,438,726
10/07/2014,GFK,ND,AGL,CE,Towers with Radar,8,135,23,1,167,0,119,17,0,136,8,254,40,1,303,358,0,358,661
10/08/2014,GFK,ND,AGL,CE,Towers with Radar,7,288,33,2,330,0,417,54,0,471,7,705,87,2,801,1270,0,1270,2071
10/09/2014,GFK,ND,AGL,CE,Towers with Radar,11,225,32,4,272,0,406,33,0,439,11,631,65,4,711,1160,0,1160,1871
10/10/2014,GFK,ND,AGL,CE,Towers with Radar,11,222,30,0,263,0,339,28,0,367,11,561,58,0,630,1081,0,1081,1711
10/11/2014,GFK,ND,AGL,CE,Towers with Radar,8,60,14,0,82,0,99,12,0,111,8,159,26,0,193,307,0,307,500
10/12/2014,GFK,ND,AGL,CE,Towers with Radar,7,46,12,0,65,0,100,11,0,111,7,146,23,0,176,559,0,559,735
10/13/2014,GFK,ND,AGL,CE,Towers with Radar,8,176,24,0,208,0,352,31,0,383,8,528,55,0,591,1067,0,1067,1658
10/14/2014,GFK,ND,AGL,CE,Towers with Radar,7,182,37,0,226,0,325,41,0,366,7,507,78,0,592,1008,0,1008,1600
10/15/2014,GFK,ND,AGL,CE,Towers with Radar,10,187,25,0,222,0,258,18,0,276,10,445,43,0,498,889,0,889,1387
10/16/2014,GFK,ND,AGL,CE,Towers with Radar,11,156,35,0,202,0,201,18,0,219,11,357,53,0,421,637,0,637,1058
10/17/2014,GFK,ND,AGL,CE,Towers with Radar,9,67,19,0,95,0,5,4,0,9,9,72,23,0,104,37,0,37,141
10/18/2014,GFK,ND,AGL,CE,Towers with Radar,7,185,9,0,201,0,34,8,0,42,7,219,17,0,243,821,0,821,1064
10/19/2014,GFK,ND,AGL,CE,Towers with Radar,7,67,15,0,89,0,154,18,0,172,7,221,33,0,261,326,0,326,587
10/20/2014,GFK,ND,AGL,CE,Towers with Radar,7,196,16,0,219,0,390,37,0,427,7,586,53,0,646,1089,0,1089,1735
10/21/2014,GFK,ND,AGL,CE,Towers with Radar,8,76,26,0,110,0,132,15,0,147,8,208,41,0,257,334,0,334,591
10/22/2014,GFK,ND,AGL,CE,Towers with Radar,8,105,25,0,138,0,92,12,0,104,8,197,37,0,242,414,0,414,656
10/23/2014,GFK,ND,AGL,CE,Towers with Radar,11,205,25,0,241,0,437,36,0,473,11,642,61,0,714,1092,0,1092,1806
10/24/2014,GFK,ND,AGL,CE,Towers with Radar,11,138,14,0,163,0,299,36,0,335,11,437,50,0,498,736,0,736,1234
10/25/2014,GFK,ND,AGL,CE,Towers with Radar,10,148,9,0,167,0,270,26,0,296,10,418,35,0,463,800,0,800,1263
10/26/2014,GFK,ND,AGL,CE,Towers with Radar,7,25,4,0,36,0,50,19,0,69,7,75,23,0,105,63,0,63,168
10/27/2014,GFK,ND,AGL,CE,Towers with Radar,8,164,18,0,190,0,353,17,0,370,8,517,35,0,560,1209,0,1209,1769
10/28/2014,GFK,ND,AGL,CE,Towers with Radar,8,30,22,0,60,0,5,9,0,14,8,35,31,0,74,71,0,71,145
10/29/2014,GFK,ND,AGL,CE,Towers with Radar,8,125,25,0,158,0,218,24,0,242,8,343,49,0,400,1151,0,1151,1551
10/30/2014,GFK,ND,AGL,CE,Towers with Radar,10,82,30,0,122,0,52,8,0,60,10,134,38,0,182,418,0,418,600
10/31/2014,GFK,ND,AGL,CE,Towers with Radar,12,175,20,0,207,0,415,42,0,457,12,590,62,0,664,906,0,906,1570
11/01/2014,GFK,ND,AGL,CE,Towers with Radar,8,27,1,0,36,0,24,2,0,26,8,51,3,0,62,51,0,51,113
11/02/2014,GFK,ND,AGL,CE,Towers with Radar,8,82,14,0,104,0,134,22,0,156,8,216,36,0,260,345,0,345,605
11/03/2014,GFK,ND,AGL,CE,Towers with Radar,8,137,18,0,163,0,330,17,0,347,8,467,35,0,510,844,0,844,1354
11/04/2014,GFK,ND,AGL,CE,Towers with Radar,8,86,18,2,114,0,166,15,0,181,8,252,33,2,295,758,0,758,1053
11/05/2014,GFK,ND,AGL,CE,Towers with Radar,9,64,17,4,94,0,52,7,0,59,9,116,24,4,153,337,0,337,490
11/06/2014,GFK,ND,AGL,CE,Towers with Radar,10,155,18,0,183,0,326,31,0,357,10,481,49,0,540,1160,0,1160,1700
11/07/2014,GFK,ND,AGL,CE,Towers with Radar,11,46,19,0,76,0,22,3,0,25,11,68,22,0,101,115,0,115,216
11/08/2014,GFK,ND,AGL,CE,Towers with Radar,6,75,1,0,82,0,149,7,0,156,6,224,8,0,238,445,0,445,683
11/09/2014,GFK,ND,AGL,CE,Towers with Radar,7,75,6,0,88,0,176,18,0,194,7,251,24,0,282,444,0,444,726
11/10/2014,GFK,ND,AGL,CE,Towers with Radar,8,44,14,0,66,0,133,17,0,150,8,177,31,0,216,811,0,811,1027
11/11/2014,GFK,ND,AGL,CE,Towers with Radar,8,76,11,0,95,0,95,7,0,102,8,171,18,0,197,890,0,890,1087
11/12/2014,GFK,ND,AGL,CE,Towers with Radar,9,38,6,0,53,0,0,0,0,0,9,38,6,0,53,0,0,0,53
11/13/2014,GFK,ND,AGL,CE,Towers with Radar,11,202,32,0,245,0,390,28,0,418,11,592,60,0,663,825,0,825,1488
11/14/2014,GFK,ND,AGL,CE,Towers with Radar,12,227,16,3,258,0,404,44,3,451,12,631,60,6,709,831,0,831,1540
11/15/2014,GFK,ND,AGL,CE,Towers with Radar,9,186,10,3,208,0,312,28,2,342,9,498,38,5,550,768,0,768,1318
11/16/2014,GFK,ND,AGL,CE,Towers with Radar,9,7,7,0,23,0,0,0,0,0,9,7,7,0,23,0,0,0,23
11/17/2014,GFK,ND,AGL,CE,Towers with Radar,10,28,13,2,53,0,11,4,0,15,10,39,17,2,68,186,0,186,254
11/18/2014,GFK,ND,AGL,CE,Towers with Radar,9,133,12,0,154,0,284,19,1,304,9,417,31,1,458,840,0,840,1298
11/19/2014,GFK,ND,AGL,CE,Towers with Radar,7,75,19,0,101,0,73,7,0,80,7,148,26,0,181,300,0,300,481
11/20/2014,GFK,ND,AGL,CE,Towers with Radar,11,215,21,2,249,0,393,32,0,425,11,608,53,2,674,904,0,904,1578
11/21/2014,GFK,ND,AGL,CE,Towers with Radar,11,95,8,0,114,0,117,15,0,132,11,212,23,0,246,361,0,361,607
11/22/2014,GFK,ND,AGL,CE,Towers with Radar,8,155,3,0,166,0,355,23,0,378,8,510,26,0,544,841,0,841,1385
11/23/2014,GFK,ND,AGL,CE,Towers with Radar,6,22,8,0,36,0,39,4,0,43,6,61,12,0,79,186,0,186,265
11/24/2014,GFK,ND,AGL,CE,Towers with Radar,13,62,16,2,93,0,60,11,0,71,13,122,27,2,164,165,0,165,329
11/25/2014,GFK,ND,AGL,CE,Towers with Radar,9,39,20,0,68,0,68,5,0,73,9,107,25,0,141,921,0,921,1062
11/26/2014,GFK,ND,AGL,CE,Towers with Radar,17,158,20,0,195,0,251,19,0,270,17,409,39,0,465,553,0,553,1018
11/27/2014,GFK,ND,AGL,CE,Towers with Radar,0,6,2,0,8,0,0,6,0,6,0,6,8,0,14,10,0,10,24
11/28/2014,GFK,ND,AGL,CE,Towers with Radar,4,35,7,0,46,0,0,0,0,0,4,35,7,0,46,7,0,7,53
11/29/2014,GFK,ND,AGL,CE,Towers with Radar,15,28,8,0,51,0,14,0,0,14,15,42,8,0,65,292,0,292,357
11/30/2014,GFK,ND,AGL,CE,Towers with Radar,8,72,11,0,91,0,132,19,0,151,8,204,30,0,242,349,0,349,591
12/01/2014,GFK,ND,AGL,CE,Towers with Radar,7,174,17,0,198,0,281,24,0,305,7,455,41,0,503,660,0,660,1163
12/02/2014,GFK,ND,AGL,CE,Towers with Radar,9,237,17,0,263,0,291,39,0,330,9,528,56,0,593,814,0,814,1407
12/03/2014,GFK,ND,AGL,CE,Towers with Radar,7,181,21,0,209,0,304,26,0,330,7,485,47,0,539,831,0,831,1370
12/04/2014,GFK,ND,AGL,CE,Towers with Radar,10,179,28,0,217,0,277,26,0,303,10,456,54,0,520,739,0,739,1259
12/05/2014,GFK,ND,AGL,CE,Towers with Radar,8,169,10,0,187,0,295,27,0,322,8,464,37,0,509,699,0,699,1208
12/06/2014,GFK,ND,AGL,CE,Towers with Radar,4,127,9,2,142,0,264,24,0,288,4,391,33,2,430,682,0,682,1112
12/07/2014,GFK,ND,AGL,CE,Towers with Radar,6,14,5,0,25,0,5,7,2,14,6,19,12,2,39,64,0,64,103
12/08/2014,GFK,ND,AGL,CE,Towers with Radar,5,26,9,0,40,0,17,5,1,23,5,43,14,1,63,248,0,248,311
12/09/2014,GFK,ND,AGL,CE,Towers with Radar,6,91,17,0,114,0,113,8,0,121,6,204,25,0,235,894,0,894,1129
12/10/2014,GFK,ND,AGL,CE,Towers with Radar,6,54,17,0,77,0,1,2,0,3,6,55,19,0,80,61,0,61,141
12/11/2014,GFK,ND,AGL,CE,Towers with Radar,10,45,26,0,81,0,0,0,0,0,10,45,26,0,81,0,0,0,81
12/12/2014,GFK,ND,AGL,CE,Towers with Radar,11,46,9,0,66,0,1,0,0,1,11,47,9,0,67,0,0,0,67
12/13/2014,GFK,ND,AGL,CE,Towers with Radar,1,12,3,0,16,0,0,0,0,0,1,12,3,0,16,0,0,0,16
12/14/2014,GFK,ND,AGL,CE,Towers with Radar,13,5,0,0,18,0,0,0,0,0,13,5,0,0,18,0,0,0,18
12/15/2014,GFK,ND,AGL,CE,Towers with Radar,7,23,23,0,53,0,0,0,0,0,7,23,23,0,53,21,0,21,74
12/16/2014,GFK,ND,AGL,CE,Towers with Radar,7,188,28,0,223,0,112,19,0,131,7,300,47,0,354,819,0,819,1173
12/17/2014,GFK,ND,AGL,CE,Towers with Radar,10,272,19,2,303,0,377,42,0,419,10,649,61,2,722,871,0,871,1593
12/18/2014,GFK,ND,AGL,CE,Towers with Radar,11,157,18,0,186,0,259,16,0,275,11,416,34,0,461,776,0,776,1237
12/19/2014,GFK,ND,AGL,CE,Towers with Radar,10,52,13,0,75,0,0,0,0,0,10,52,13,0,75,0,0,0,75
12/20/2014,GFK,ND,AGL,CE,Towers with Radar,8,26,4,0,38,0,0,0,0,0,8,26,4,0,38,0,0,0,38
12/21/2014,GFK,ND,AGL,CE,Towers with Radar,7,11,11,0,29,0,0,0,0,0,7,11,11,0,29,0,0,0,29
12/22/2014,GFK,ND,AGL,CE,Towers with Radar,12,27,12,0,51,0,0,0,0,0,12,27,12,0,51,0,0,0,51
12/23/2014,GFK,ND,AGL,CE,Towers with Radar,11,44,5,0,60,0,0,0,0,0,11,44,5,0,60,0,0,0,60
12/24/2014,GFK,ND,AGL,CE,Towers with Radar,16,28,3,0,47,0,0,0,0,0,16,28,3,0,47,0,0,0,47
12/25/2014,GFK,ND,AGL,CE,Towers with Radar,2,6,0,0,8,0,0,4,0,4,2,6,4,0,12,74,0,74,86
12/26/2014,GFK,ND,AGL,CE,Towers with Radar,12,29,5,0,46,0,5,1,0,6,12,34,6,0,52,130,0,130,182
12/27/2014,GFK,ND,AGL,CE,Towers with Radar,11,22,0,0,33,0,1,4,0,5,11,23,4,0,38,0,0,0,38
12/28/2014,GFK,ND,AGL,CE,Towers with Radar,5,11,10,0,26,0,0,8,0,8,5,11,18,0,34,23,0,23,57
12/29/2014,GFK,ND,AGL,CE,Towers with Radar,13,124,7,0,144,0,143,11,0,154,13,267,18,0,298,468,0,468,766
12/30/2014,GFK,ND,AGL,CE,Towers with Radar,11,158,18,0,187,0,151,14,0,165,11,309,32,0,352,374,0,374,726
12/31/2014,GFK,ND,AGL,CE,Towers with Radar,14,56,7,0,77,0,46,12,0,58,14,102,19,0,135,366,0,366,501
01/01/2015,GFK,ND,AGL,CE,Towers with Radar,3,3,0,0,6,0,0,4,0,4,3,3,4,0,10,6,0,6,16
01/02/2015,GFK,ND,AGL,CE,Towers with Radar,10,36,7,0,53,0,46,4,0,50,10,82,11,0,103,500,0,500,603
01/03/2015,GFK,ND,AGL,CE,Towers with Radar,8,22,1,0,31,0,0,0,0,0,8,22,1,0,31,0,0,0,31
01/04/2015,GFK,ND,AGL,CE,Towers with Radar,11,49,4,0,64,0,36,5,0,41,11,85,9,0,105,124,0,124,229
01/05/2015,GFK,ND,AGL,CE,Towers with Radar,7,22,7,0,36,0,3,9,1,13,7,25,16,1,49,10,0,10,59
01/06/2015,GFK,ND,AGL,CE,Towers with Radar,5,70,18,2,95,0,34,6,0,40,5,104,24,2,135,91,0,91,226
01/07/2015,GFK,ND,AGL,CE,Towers with Radar,6,133,13,0,152,0,158,7,0,165,6,291,20,0,317,432,0,432,749
01/08/2015,GFK,ND,AGL,CE,Towers with Radar,8,31,7,0,46,0,0,0,0,0,8,31,7,0,46,0,0,0,46
01/09/2015,GFK,ND,AGL,CE,Towers with Radar,11,145,25,0,181,0,227,19,0,246,11,372,44,0,427,588,0,588,1015
01/10/2015,GFK,ND,AGL,CE,Towers with Radar,5,120,16,0,141,0,226,13,0,239,5,346,29,0,380,591,0,591,971
01/11/2015,GFK,ND,AGL,CE,Towers with Radar,5,55,8,0,68,0,103,10,0,113,5,158,18,0,181,384,0,384,565
01/12/2015,GFK,ND,AGL,CE,Towers with Radar,8,113,13,0,134,0,200,29,0,229,8,313,42,0,363,555,0,555,918
01/13/2015,GFK,ND,AGL,CE,Towers with Radar,6,91,14,2,113,0,123,17,0,140,6,214,31,2,253,345,0,345,598
01/14/2015,GFK,ND,AGL,CE,Towers with Radar,8,54,17,2,81,0,41,8,0,49,8,95,25,2,130,336,0,336,466
01/15/2015,GFK,ND,AGL,CE,Towers with Radar,9,31,16,0,56,0,29,27,0,56,9,60,43,0,112,608,0,608,720
01/16/2015,GFK,ND,AGL,CE,Towers with Radar,7,41,16,0,64,0,77,10,0,87,7,118,26,0,151,301,0,301,452
01/17/2015,GFK,ND,AGL,CE,Towers with Radar,6,30,3,0,39,0,12,4,0,16,6,42,7,0,55,38,0,38,93
01/18/2015,GFK,ND,AGL,CE,Towers with Radar,7,31,10,0,48,0,89,12,0,101,7,120,22,0,149,496,0,496,645
01/19/2015,GFK,ND,AGL,CE,Towers with Radar,7,29,13,0,49,0,69,11,0,80,7,98,24,0,129,655,0,655,784
01/20/2015,GFK,ND,AGL,CE,Towers with Radar,6,27,15,0,48,0,0,0,0,0,6,27,15,0,48,89,0,89,137
01/21/2015,GFK,ND,AGL,CE,Towers with Radar,8,212,20,0,240,0,337,28,0,365,8,549,48,0,605,787,0,787,1392
01/22/2015,GFK,ND,AGL,CE,Towers with Radar,13,95,12,0,120,0,229,20,0,249,13,324,32,0,369,592,0,592,961
01/23/2015,GFK,ND,AGL,CE,Towers with Radar,7,166,35,0,208,0,313,32,0,345,7,479,67,0,553,696,0,696,1249
01/24/2015,GFK,ND,AGL,CE,Towers with Radar,5,48,7,0,60,0,86,3,0,89,5,134,10,0,149,434,0,434,583
01/25/2015,GFK,ND,AGL,CE,Towers with Radar,8,44,6,0,58,0,196,10,0,206,8,240,16,0,264,570,0,570,834
01/26/2015,GFK,ND,AGL,CE,Towers with Radar,7,97,9,6,119,0,169,16,0,185,7,266,25,6,304,566,0,566,870
01/27/2015,GFK,ND,AGL,CE,Towers with Radar,6,31,15,0,52,0,0,0,0,0,6,31,15,0,52,0,0,0,52
01/28/2015,GFK,ND,AGL,CE,Towers with Radar,5,45,17,0,67,0,0,0,0,0,5,45,17,0,67,0,0,0,67
01/29/2015,GFK,ND,AGL,CE,Towers with Radar,9,156,13,0,178,0,118,6,0,124,9,274,19,0,302,536,0,536,838
01/30/2015,GFK,ND,AGL,CE,Towers with Radar,7,148,9,0,164,0,205,15,0,220,7,353,24,0,384,649,0,649,1033
01/31/2015,GFK,ND,AGL,CE,Towers with Radar,10,156,12,0,178,0,328,23,0,351,10,484,35,0,529,714,0,714,1243
02/01/2015,GFK,ND,AGL,CE,Towers with Radar,8,67,1,0,76,0,185,12,0,197,8,252,13,0,273,438,0,438,711
02/02/2015,GFK,ND,AGL,CE,Towers with Radar,8,181,8,0,197,0,426,19,0,445,8,607,27,0,642,773,0,773,1415
02/03/2015,GFK,ND,AGL,CE,Towers with Radar,6,103,12,0,121,0,184,12,0,196,6,287,24,0,317,582,0,582,899
02/04/2015,GFK,ND,AGL,CE,Towers with Radar,10,206,20,0,236,0,418,28,0,446,10,624,48,0,682,1017,0,1017,1699
02/05/2015,GFK,ND,AGL,CE,Towers with Radar,9,182,23,0,214,0,368,21,0,389,9,550,44,0,603,903,0,903,1506
02/06/2015,GFK,ND,AGL,CE,Towers with Radar,9,110,17,0,136,0,180,17,0,197,9,290,34,0,333,867,0,867,1200
02/07/2015,GFK,ND,AGL,CE,Towers with Radar,5,36,8,0,49,0,70,12,0,82,5,106,20,0,131,876,0,876,1007
02/08/2015,GFK,ND,AGL,CE,Towers with Radar,6,13,8,0,27,0,0,0,0,0,6,13,8,0,27,0,0,0,27
02/09/2015,GFK,ND,AGL,CE,Towers with Radar,6,28,17,0,51,0,20,11,0,31,6,48,28,0,82,377,0,377,459
02/10/2015,GFK,ND,AGL,CE,Towers with Radar,6,35,5,2,48,0,0,0,0,0,6,35,5,2,48,0,0,0,48
02/11/2015,GFK,ND,AGL,CE,Towers with Radar,11,37,20,0,68,0,2,9,0,11,11,39,29,0,79,16,0,16,95
02/12/2015,GFK,ND,AGL,CE,Towers with Radar,11,180,25,0,216,0,372,25,0,397,11,552,50,0,613,718,0,718,1331
02/13/2015,GFK,ND,AGL,CE,Towers with Radar,8,118,25,0,151,0,65,14,0,79,8,183,39,0,230,593,0,593,823
02/14/2015,GFK,ND,AGL,CE,Towers with Radar,10,137,13,0,160,0,201,11,0,212,10,338,24,0,372,448,0,448,820
02/15/2015,GFK,ND,AGL,CE,Towers with Radar,7,5,9,0,21,0,0,1,0,1,7,5,10,0,22,0,0,0,22
02/16/2015,GFK,ND,AGL,CE,Towers with Radar,5,116,21,0,142,0,239,20,4,263,5,355,41,4,405,777,0,777,1182
02/17/2015,GFK,ND,AGL,CE,Towers with Radar,8,75,37,0,120,0,64,6,0,70,8,139,43,0,190,424,0,424,614
02/18/2015,GFK,ND,AGL,CE,Towers with Radar,7,210,25,0,242,0,382,23,0,405,7,592,48,0,647,929,0,929,1576
02/19/2015,GFK,ND,AGL,CE,Towers with Radar,10,156,24,0,190,0,263,18,0,281,10,419,42,0,471,807,0,807,1278
02/20/2015,GFK,ND,AGL,CE,Towers with Radar,5,39,24,0,68,0,7,0,0,7,5,46,24,0,75,621,0,621,696
02/21/2015,GFK,ND,AGL,CE,Towers with Radar,11,156,13,0,180,0,290,14,0,304,11,446,27,0,484,834,0,834,1318
02/22/2015,GFK,ND,AGL,CE,Towers with Radar,7,68,7,0,82,0,104,9,0,113,7,172,16,0,195,321,0,321,516
02/23/2015,GFK,ND,AGL,CE,Towers with Radar,7,56,10,0,73,0,115,6,0,121,7,171,16,0,194,357,0,357,551
02/24/2015,GFK,ND,AGL,CE,Towers with Radar,10,191,21,0,222,0,218,19,0,237,10,409,40,0,459,685,0,685,1144
02/25/2015,GFK,ND,AGL,CE,Towers with Radar,6,184,26,0,216,0,329,33,0,362,6,513,59,0,578,928,0,928,1506
02/26/2015,GFK,ND,AGL,CE,Towers with Radar,8,151,32,0,191,0,349,32,0,381,8,500,64,0,572,928,0,928,1500
02/27/2015,GFK,ND,AGL,CE,Towers with Radar,7,187,26,0,220,0,386,35,0,421,7,573,61,0,641,1006,0,1006,1647
02/28/2015,GFK,ND,AGL,CE,Towers with Radar,12,87,15,0,114,0,152,13,0,165,12,239,28,0,279,582,0,582,861
03/01/2015,GFK,ND,AGL,CE,Towers with Radar,7,42,10,0,59,0,65,8,0,73,7,107,18,0,132,379,0,379,511
03/02/2015,GFK,ND,AGL,CE,Towers with Radar,6,102,16,2,126,0,228,18,0,246,6,330,34,2,372,492,0,492,864
03/03/2015,GFK,ND,AGL,CE,Towers with Radar,11,34,25,0,70,0,0,5,0,5,11,34,30,0,75,4,0,4,79
03/04/2015,GFK,ND,AGL,CE,Towers with Radar,7,193,30,2,232,0,250,14,0,264,7,443,44,2,496,906,0,906,1402
03/05/2015,GFK,ND,AGL,CE,Towers with Radar,8,172,22,0,202,0,244,24,0,268,8,416,46,0,470,687,0,687,1157
03/06/2015,GFK,ND,AGL,CE,Towers with Radar,9,151,26,0,186,0,366,31,0,397,9,517,57,0,583,953,0,953,1536
03/07/2015,GFK,ND,AGL,CE,Towers with Radar,12,132,16,0,160,0,230,16,0,246,12,362,32,0,406,833,0,833,1239
03/08/2015,GFK,ND,AGL,CE,Towers with Radar,8,39,9,0,56,0,141,19,0,160,8,180,28,0,216,456,0,456,672
03/09/2015,GFK,ND,AGL,CE,Towers with Radar,12,166,27,2,207,0,342,36,0,378,12,508,63,2,585,918,0,918,1503
03/10/2015,GFK,ND,AGL,CE,Towers with Radar,11,128,17,0,156,0,252,14,0,266,11,380,31,0,422,831,0,831,1253
03/11/2015,GFK,ND,AGL,CE,Towers with Radar,9,129,17,0,155,0,359,29,0,388,9,488,46,0,543,1100,0,1100,1643
03/12/2015,GFK,ND,AGL,CE,Towers with Radar,11,128,22,0,161,0,283,16,0,299,11,411,38,0,460,1198,0,1198,1658
03/13/2015,GFK,ND,AGL,CE,Towers with Radar,7,104,40,0,151,0,139,21,0,160,7,243,61,0,311,448,0,448,759
03/14/2015,GFK,ND,AGL,CE,Towers with Radar,14,98,18,0,130,0,206,35,0,241,14,304,53,0,371,808,0,808,1179
03/15/2015,GFK,ND,AGL,CE,Towers with Radar,7,24,8,0,39,0,23,5,0,28,7,47,13,0,67,169,0,169,236
03/16/2015,GFK,ND,AGL,CE,Towers with Radar,9,33,13,0,55,0,31,4,2,37,9,64,17,2,92,247,0,247,339
03/17/2015,GFK,ND,AGL,CE,Towers with Radar,10,94,21,0,125,0,274,32,0,306,10,368,53,0,431,857,0,857,1288
03/18/2015,GFK,ND,AGL,CE,Towers with Radar,13,108,38,0,159,0,243,22,1,266,13,351,60,1,425,957,0,957,1382
03/19/2015,GFK,ND,AGL,CE,Towers with Radar,10,104,30,0,144,0,159,13,0,172,10,263,43,0,316,706,0,706,1022
03/20/2015,GFK,ND,AGL,CE,Towers with Radar,9,34,23,0,66,0,13,1,0,14,9,47,24,0,80,61,0,61,141
03/21/2015,GFK,ND,AGL,CE,Towers with Radar,12,95,16,0,123,0,200,11,0,211,12,295,27,0,334,824,0,824,1158
03/22/2015,GFK,ND,AGL,CE,Towers with Radar,9,33,9,0,51,0,65,4,0,69,9,98,13,0,120,323,0,323,443
03/23/2015,GFK,ND,AGL,CE,Towers with Radar,8,21,22,0,51,0,17,11,0,28,8,38,33,0,79,424,0,424,503
03/24/2015,GFK,ND,AGL,CE,Towers with Radar,9,25,16,2,52,0,4,1,0,5,9,29,17,2,57,1,0,1,58
03/25/2015,GFK,ND,AGL,CE,Towers with Radar,14,38,23,0,75,0,7,1,0,8,14,45,24,0,83,36,0,36,119
03/26/2015,GFK,ND,AGL,CE,Towers with Radar,10,87,26,4,127,0,292,31,0,323,10,379,57,4,450,1054,0,1054,1504
03/27/2015,GFK,ND,AGL,CE,Towers with Radar,9,101,30,2,142,0,236,11,0,247,9,337,41,2,389,746,0,746,1135
03/28/2015,GFK,ND,AGL,CE,Towers with Radar,12,53,16,2,83,0,105,12,0,117,12,158,28,2,200,259,0,259,459
03/29/2015,GFK,ND,AGL,CE,Towers with Radar,6,10,8,0,24,0,4,4,0,8,6,14,12,0,32,2,0,2,34
03/30/2015,GFK,ND,AGL,CE,Towers with Radar,8,183,24,0,215,0,411,25,0,436,8,594,49,0,651,1231,0,1231,1882
03/31/2015,GFK,ND,AGL,CE,Towers with Radar,9,156,23,0,188,0,437,41,0,478,9,593,64,0,666,879,0,879,1545
04/01/2015,GFK,ND,AGL,CE,Towers with Radar,8,96,20,1,125,0,194,15,3,212,8,290,35,4,337,621,0,621,958
04/02/2015,GFK,ND,AGL,CE,Towers with Radar,11,41,20,2,74,0,37,4,1,42,11,78,24,3,116,195,0,195,311
04/03/2015,GFK,ND,AGL,CE,Towers with Radar,9,143,26,0,178,0,323,26,0,349,9,466,52,0,527,1156,0,1156,1683
04/04/2015,GFK,ND,AGL,CE,Towers with Radar,7,120,9,0,136,0,286,19,0,305,7,406,28,0,441,982,0,982,1423
04/05/2015,GFK,ND,AGL,CE,Towers with Radar,9,5,3,0,17,0,0,5,0,5,9,5,8,0,22,2,0,2,24
04/06/2015,GFK,ND,AGL,CE,Towers with Radar,8,89,20,0,117,0,293,24,1,318,8,382,44,1,435,885,0,885,1320
04/07/2015,GFK,ND,AGL,CE,Towers with Radar,7,40,16,0,63,0,47,1,0,48,7,87,17,0,111,363,0,363,474
04/08/2015,GFK,ND,AGL,CE,Towers with Radar,7,72,31,0,110,0,78,13,0,91,7,150,44,0,201,825,0,825,1026
04/09/2015,GFK,ND,AGL,CE,Towers with Radar,12,128,29,2,171,0,289,26,1,316,12,417,55,3,487,764,0,764,1251
04/10/2015,GFK,ND,AGL,CE,Towers with Radar,8,177,28,2,215,0,341,26,0,367,8,518,54,2,582,1067,0,1067,1649
04/11/2015,GFK,ND,AGL,CE,Towers with Radar,8,68,18,0,94,0,159,14,0,173,8,227,32,0,267,500,0,500,767
04/12/2015,GFK,ND,AGL,CE,Towers with Radar,9,20,13,0,42,0,44,4,0,48,9,64,17,0,90,164,0,164,254
04/13/2015,GFK,ND,AGL,CE,Towers with Radar,6,51,18,0,75,0,117,12,0,129,6,168,30,0,204,457,0,457,661
04/14/2015,GFK,ND,AGL,CE,Towers with Radar,5,127,20,0,152,0,285,29,0,314,5,412,49,0,466,846,0,846,1312
04/15/2015,GFK,ND,AGL,CE,Towers with Radar,9,65,14,0,88,0,27,13,0,40,9,92,27,0,128,159,0,159,287
04/16/2015,GFK,ND,AGL,CE,Towers with Radar,11,131,33,0,175,0,348,32,0,380,11,479,65,0,555,1134,0,1134,1689
04/17/2015,GFK,ND,AGL,CE,Towers with Radar,9,95,19,0,123,0,239,25,0,264,9,334,44,0,387,818,0,818,1205
04/18/2015,GFK,ND,AGL,CE,Towers with Radar,8,106,18,0,132,0,460,19,0,479,8,566,37,0,611,790,0,790,1401
04/19/2015,GFK,ND,AGL,CE,Towers with Radar,5,27,8,0,40,0,1,7,0,8,5,28,15,0,48,34,0,34,82
04/20/2015,GFK,ND,AGL,CE,Towers with Radar,5,23,26,0,54,0,2,7,0,9,5,25,33,0,63,0,0,0,63
04/21/2015,GFK,ND,AGL,CE,Towers with Radar,7,33,25,0,65,0,11,2,1,14,7,44,27,1,79,60,0,60,139
04/22/2015,GFK,ND,AGL,CE,Towers with Radar,9,123,31,2,165,0,295,29,0,324,9,418,60,2,489,977,0,977,1466
04/23/2015,GFK,ND,AGL,CE,Towers with Radar,11,158,41,0,210,0,396,26,0,422,11,554,67,0,632,1180,0,1180,1812
04/24/2015,GFK,ND,AGL,CE,Towers with Radar,7,150,24,0,181,0,224,26,0,250,7,374,50,0,431,1061,0,1061,1492
04/25/2015,GFK,ND,AGL,CE,Towers with Radar,8,115,15,0,138,0,227,25,0,252,8,342,40,0,390,938,0,938,1328
04/26/2015,GFK,ND,AGL,CE,Towers with Radar,5,52,19,0,76,0,167,22,0,189,5,219,41,0,265,458,0,458,723
04/27/2015,GFK,ND,AGL,CE,Towers with Radar,6,121,22,2,151,0,337,33,5,375,6,458,55,7,526,1019,0,1019,1545
04/28/2015,GFK,ND,AGL,CE,Towers with Radar,7,124,18,2,151,0,225,29,0,254,7,349,47,2,405,755,0,755,1160
04/29/2015,GFK,ND,AGL,CE,Towers with Radar,12,104,21,2,139,0,283,36,0,319,12,387,57,2,458,888,0,888,1346
04/30/2015,GFK,ND,AGL,CE,Towers with Radar,10,62,10,0,82,0,137,14,0,151,10,199,24,0,233,340,0,340,573
05/01/2015,GFK,ND,AGL,CE,Towers with Radar,8,156,11,0,175,0,280,26,0,306,8,436,37,0,481,890,0,890,1371
05/02/2015,GFK,ND,AGL,CE,Towers with Radar,7,54,13,0,74,0,77,12,0,89,7,131,25,0,163,262,0,262,425
05/03/2015,GFK,ND,AGL,CE,Towers with Radar,8,52,8,0,68,0,53,11,0,64,8,105,19,0,132,159,0,159,291
05/04/2015,GFK,ND,AGL,CE,Towers with Radar,12,129,16,0,157,0,304,40,0,344,12,433,56,0,501,1053,0,1053,1554
05/05/2015,GFK,ND,AGL,CE,Towers with Radar,9,141,24,0,174,0,211,17,0,228,9,352,41,0,402,634,0,634,1036
05/06/2015,GFK,ND,AGL,CE,Towers with Radar,10,182,36,0,228,0,3,5,0,8,10,185,41,0,236,145,0,145,381
05/07/2015,GFK,ND,AGL,CE,Towers with Radar,11,85,15,0,111,0,12,5,0,17,11,97,20,0,128,48,0,48,176
05/08/2015,GFK,ND,AGL,CE,Towers with Radar,9,54,15,0,78,0,70,21,0,91,9,124,36,0,169,791,0,791,960
05/09/2015,GFK,ND,AGL,CE,Towers with Radar,6,115,5,0,126,0,172,17,0,189,6,287,22,0,315,922,0,922,1237
05/10/2015,GFK,ND,AGL,CE,Towers with Radar,8,17,9,0,34,0,9,3,0,12,8,26,12,0,46,54,0,54,100
05/11/2015,GFK,ND,AGL,CE,Towers with Radar,7,17,14,0,38,0,0,2,0,2,7,17,16,0,40,4,0,4,44
05/12/2015,GFK,ND,AGL,CE,Towers with Radar,12,196,22,0,230,0,377,41,0,418,12,573,63,0,648,1281,0,1281,1929
05/13/2015,GFK,ND,AGL,CE,Towers with Radar,11,112,16,0,139,0,66,12,0,78,11,178,28,0,217,524,0,524,741
05/14/2015,GFK,ND,AGL,CE,Towers with Radar,12,182,35,0,229,0,7,6,0,13,12,189,41,0,242,148,0,148,390
05/15/2015,GFK,ND,AGL,CE,Towers with Radar,9,157,23,1,190,0,249,31,1,281,9,406,54,2,471,842,0,842,1313
05/16/2015,GFK,ND,AGL,CE,Towers with Radar,8,74,3,2,87,0,57,4,0,61,8,131,7,2,148,412,0,412,560
05/17/2015,GFK,ND,AGL,CE,Towers with Radar,8,16,5,0,29,0,0,0,0,0,8,16,5,0,29,0,0,0,29
05/18/2015,GFK,ND,AGL,CE,Towers with Radar,5,13,15,0,33,0,0,3,0,3,5,13,18,0,36,40,0,40,76
05/19/2015,GFK,ND,AGL,CE,Towers with Radar,9,152,35,0,196,0,335,33,0,368,9,487,68,0,564,883,0,883,1447
05/20/2015,GFK,ND,AGL,CE,Towers with Radar,11,150,31,1,193,0,308,49,2,359,11,458,80,3,552,853,0,853,1405
05/21/2015,GFK,ND,AGL,CE,Towers with Radar,11,204,23,1,239,0,279,44,0,323,11,483,67,1,562,959,0,959,1521
05/22/2015,GFK,ND,AGL,CE,Towers with Radar,5,192,20,0,217,0,278,33,0,311,5,470,53,0,528,846,0,846,1374
05/23/2015,GFK,ND,AGL,CE,Towers with Radar,7,141,12,0,160,0,216,20,0,236,7,357,32,0,396,870,0,870,1266
05/24/2015,GFK,ND,AGL,CE,Towers with Radar,7,39,3,0,49,0,51,4,0,55,7,90,7,0,104,256,0,256,360
05/25/2015,GFK,ND,AGL,CE,Towers with Radar,6,155,5,0,166,0,204,9,0,213,6,359,14,0,379,759,0,759,1138
05/26/2015,GFK,ND,AGL,CE,Towers with Radar,4,106,23,0,133,0,154,29,0,183,4,260,52,0,316,534,0,534,850
05/27/2015,GFK,ND,AGL,CE,Towers with Radar,13,150,27,0,190,0,194,28,0,222,13,344,55,0,412,667,0,667,1079
05/28/2015,GFK,ND,AGL,CE,Towers with Radar,12,87,21,0,120,0,110,23,0,133,12,197,44,0,253,519,0,519,772
05/29/2015,GFK,ND,AGL,CE,Towers with Radar,7,65,25,0,97,0,26,1,0,27,7,91,26,0,124,81,0,81,205
05/30/2015,GFK,ND,AGL,CE,Towers with Radar,8,226,24,0,258,0,284,18,0,302,8,510,42,0,560,804,0,804,1364
05/31/2015,GFK,ND,AGL,CE,Towers with Radar,7,65,11,0,83,0,71,16,0,87,7,136,27,0,170,266,0,266,436
06/01/2015,GFK,ND,AGL,CE,Towers with Radar,5,43,21,0,69,0,119,13,0,132,5,162,34,0,201,269,0,269,470
06/02/2015,GFK,ND,AGL,CE,Towers with Radar,9,168,32,1,210,0,88,15,0,103,9,256,47,1,313,496,0,496,809
06/03/2015,GFK,ND,AGL,CE,Towers with Radar,13,268,29,1,311,0,7,1,0,8,13,275,30,1,319,130,0,130,449
06/04/2015,GFK,ND,AGL,CE,Towers with Radar,11,187,51,3,252,0,346,40,1,387,11,533,91,4,639,1026,0,1026,1665
06/05/2015,GFK,ND,AGL,CE,Towers with Radar,7,180,26,0,213,0,311,28,0,339,7,491,54,0,552,705,0,705,1257
06/06/2015,GFK,ND,AGL,CE,Towers with Radar,10,88,15,0,113,0,55,11,0,66,10,143,26,0,179,180,0,180,359
06/07/2015,GFK,ND,AGL,CE,Towers with Radar,7,11,13,0,31,0,2,17,0,19,7,13,30,0,50,24,0,24,74
06/08/2015,GFK,ND,AGL,CE,Towers with Radar,6,217,28,0,251,0,302,29,1,332,6,519,57,1,583,790,0,790,1373
06/09/2015,GFK,ND,AGL,CE,Towers with Radar,9,173,24,4,210,0,157,21,0,178,9,330,45,4,388,537,0,537,925
06/10/2015,GFK,ND,AGL,CE,Towers with Radar,11,213,20,0,244,0,292,27,1,320,11,505,47,1,564,990,0,990,1554
06/11/2015,GFK,ND,AGL,CE,Towers with Radar,11,170,22,0,203,0,309,31,2,342,11,479,53,2,545,794,0,794,1339
06/12/2015,GFK,ND,AGL,CE,Towers with Radar,6,174,32,0,212,0,239,29,0,268,6,413,61,0,480,577,0,577,1057
06/13/2015,GFK,ND,AGL,CE,Towers with Radar,10,91,12,0,113,0,142,17,2,161,10,233,29,2,274,433,0,433,707
06/14/2015,GFK,ND,AGL,CE,Towers with Radar,9,40,10,0,59,0,35,7,0,42,9,75,17,0,101,111,0,111,212
06/15/2015,GFK,ND,AGL,CE,Towers with Radar,7,192,20,4,223,0,238,13,1,252,7,430,33,5,475,580,0,580,1055
06/16/2015,GFK,ND,AGL,CE,Towers with Radar,9,166,33,0,208,0,224,24,0,248,9,390,57,0,456,587,0,587,1043
06/17/2015,GFK,ND,AGL,CE,Towers with Radar,11,177,49,2,239,0,150,8,0,158,11,327,57,2,397,519,0,519,916
06/18/2015,GFK,ND,AGL,CE,Towers with Radar,11,174,30,6,221,0,284,29,0,313,11,458,59,6,534,793,14,807,1341
06/19/2015,GFK,ND,AGL,CE,Towers with Radar,7,125,19,1,152,0,137,15,0,152,7,262,34,1,304,438,0,438,742
06/20/2015,GFK,ND,AGL,CE,Towers with Radar,10,119,10,1,140,0,14,3,0,17,10,133,13,1,157,268,0,268,425
06/21/2015,GFK,ND,AGL,CE,Towers with Radar,5,10,3,0,18,0,2,17,0,19,5,12,20,0,37,47,0,47,84
06/22/2015,GFK,ND,AGL,CE,Towers with Radar,6,149,26,0,181,0,147,22,0,169,6,296,48,0,350,424,0,424,774
06/23/2015,GFK,ND,AGL,CE,Towers with Radar,9,147,21,0,177,0,323,36,0,359,9,470,57,0,536,772,0,772,1308
06/24/2015,GFK,ND,AGL,CE,Towers with Radar,11,100,32,0,143,0,185,19,0,204,11,285,51,0,347,728,0,728,1075
06/25/2015,GFK,ND,AGL,CE,Towers with Radar,9,140,25,0,174,0,215,24,2,241,9,355,49,2,415,701,0,701,1116
06/26/2015,GFK,ND,AGL,CE,Towers with Radar,7,140,22,0,169,0,263,20,0,283,7,403,42,0,452,586,0,586,1038
06/27/2015,GFK,ND,AGL,CE,Towers with Radar,11,59,5,0,75,0,73,13,0,86,11,132,18,0,161,308,0,308,469
06/28/2015,GFK,ND,AGL,CE,Towers with Radar,7,44,5,0,56,0,71,15,0,86,7,115,20,0,142,152,0,152,294
06/29/2015,GFK,ND,AGL,CE,Towers with Radar,7,123,34,0,164,0,199,24,0,223,7,322,58,0,387,862,0,862,1249
06/30/2015,GFK,ND,AGL,CE,Towers with Radar,9,138,21,0,168,0,216,18,0,234,9,354,39,0,402,724,0,724,1126
07/01/2015,GFK,ND,AGL,CE,Towers with Radar,11,130,20,0,161,0,203,29,0,232,11,333,49,0,393,662,0,662,1055
07/02/2015,GFK,ND,AGL,CE,Towers with Radar,11,99,35,1,146,0,134,17,0,151,11,233,52,1,297,473,0,473,770
07/03/2015,GFK,ND,AGL,CE,Towers with Radar,5,20,11,1,37,0,1,0,0,1,5,21,11,1,38,0,0,0,38
07/04/2015,GFK,ND,AGL,CE,Towers with Radar,5,5,3,0,13,0,0,5,0,5,5,5,8,0,18,0,0,0,18
07/05/2015,GFK,ND,AGL,CE,Towers with Radar,6,12,6,0,24,0,0,5,0,5,6,12,11,0,29,12,0,12,41
07/06/2015,GFK,ND,AGL,CE,Towers with Radar,6,145,25,0,176,0,201,22,0,223,6,346,47,0,399,721,0,721,1120
07/07/2015,GFK,ND,AGL,CE,Towers with Radar,7,149,24,0,180,0,291,31,0,322,7,440,55,0,502,726,0,726,1228
07/08/2015,GFK,ND,AGL,CE,Towers with Radar,10,131,18,0,159,0,155,7,0,162,10,286,25,0,321,747,0,747,1068
07/09/2015,GFK,ND,AGL,CE,Towers with Radar,11,156,22,0,189,0,298,20,0,318,11,454,42,0,507,756,0,756,1263
07/10/2015,GFK,ND,AGL,CE,Towers with Radar,6,153,14,0,173,0,253,26,0,279,6,406,40,0,452,733,0,733,1185
07/11/2015,GFK,ND,AGL,CE,Towers with Radar,6,121,7,0,134,0,135,9,0,144,6,256,16,0,278,707,0,707,985
07/12/2015,GFK,ND,AGL,CE,Towers with Radar,8,37,11,0,56,0,18,8,0,26,8,55,19,0,82,147,0,147,229
07/13/2015,GFK,ND,AGL,CE,Towers with Radar,5,82,14,0,101,0,133,10,2,145,5,215,24,2,246,575,0,575,821
07/14/2015,GFK,ND,AGL,CE,Towers with Radar,9,104,27,0,140,0,146,24,0,170,9,250,51,0,310,487,0,487,797
07/15/2015,GFK,ND,AGL,CE,Towers with Radar,11,125,26,5,167,0,205,19,0,224,11,330,45,5,391,792,0,792,1183
07/16/2015,GFK,ND,AGL,CE,Towers with Radar,11,68,19,2,100,0,37,14,0,51,11,105,33,2,151,197,0,197,348
07/17/2015,GFK,ND,AGL,CE,Towers with Radar,10,70,21,4,105,0,93,22,0,115,10,163,43,4,220,302,0,302,522
07/18/2015,GFK,ND,AGL,CE,Towers with Radar,8,78,18,0,104,0,73,13,0,86,8,151,31,0,190,241,0,241,431
07/19/2015,GFK,ND,AGL,CE,Towers with Radar,7,11,6,0,24,0,2,21,0,23,7,13,27,0,47,6,0,6,53
07/20/2015,GFK,ND,AGL,CE,Towers with Radar,6,194,22,0,222,0,301,21,0,322,6,495,43,0,544,930,0,930,1474
07/21/2015,GFK,ND,AGL,CE,Towers with Radar,11,191,19,0,221,0,313,27,0,340,11,504,46,0,561,783,0,783,1344
07/22/2015,GFK,ND,AGL,CE,Towers with Radar,11,161,19,1,192,0,234,30,1,265,11,395,49,2,457,596,0,596,1053
07/23/2015,GFK,ND,AGL,CE,Towers with Radar,13,137,34,2,186,0,218,18,0,236,13,355,52,2,422,533,0,533,955
07/24/2015,GFK,ND,AGL,CE,Towers with Radar,7,145,12,0,164,0,162,15,0,177,7,307,27,0,341,909,0,909,1250
07/25/2015,GFK,ND,AGL,CE,Towers with Radar,7,84,11,0,102,0,92,18,0,110,7,176,29,0,212,353,0,353,565
07/26/2015,GFK,ND,AGL,CE,Towers with Radar,9,32,15,0,56,0,50,14,0,64,9,82,29,0,120,267,0,267,387
07/27/2015,GFK,ND,AGL,CE,Towers with Radar,6,126,23,0,155,0,200,32,0,232,6,326,55,0,387,546,0,546,933
07/28/2015,GFK,ND,AGL,CE,Towers with Radar,9,48,19,0,76,0,25,6,0,31,9,73,25,0,107,79,0,79,186
07/29/2015,GFK,ND,AGL,CE,Towers with Radar,11,46,33,0,90,0,31,13,0,44,11,77,46,0,134,58,0,58,192
07/30/2015,GFK,ND,AGL,CE,Towers with Radar,11,165,25,0,201,0,248,21,0,269,11,413,46,0,470,662,0,662,1132
07/31/2015,GFK,ND,AGL,CE,Towers with Radar,7,164,23,0,194,0,184,33,0,217,7,348,56,0,411,693,0,693,1104
08/01/2015,GFK,ND,AGL,CE,Towers with Radar,7,95,9,0,111,0,215,17,0,232,7,310,26,0,343,871,0,871,1214
08/02/2015,GFK,ND,AGL,CE,Towers with Radar,6,14,3,0,23,0,0,14,0,14,6,14,17,0,37,5,0,5,42
08/03/2015,GFK,ND,AGL,CE,Towers with Radar,6,106,20,0,132,0,205,44,0,249,6,311,64,0,381,800,0,800,1181
08/04/2015,GFK,ND,AGL,CE,Towers with Radar,9,140,25,0,174,0,213,28,0,241,9,353,53,0,415,1041,0,1041,1456
08/05/2015,GFK,ND,AGL,CE,Towers with Radar,9,119,20,0,148,0,158,31,0,189,9,277,51,0,337,941,0,941,1278
08/06/2015,GFK,ND,AGL,CE,Towers with Radar,11,85,32,0,128,0,38,13,0,51,11,123,45,0,179,664,0,664,843
08/07/2015,GFK,ND,AGL,CE,Towers with Radar,6,121,27,0,154,0,171,19,1,191,6,292,46,1,345,695,0,695,1040
08/08/2015,GFK,ND,AGL,CE,Towers with Radar,7,77,10,0,94,0,152,22,0,174,7,229,32,0,268,579,0,579,847
08/09/2015,GFK,ND,AGL,CE,Towers with Radar,5,37,4,0,46,0,46,11,0,57,5,83,15,0,103,282,0,282,385
08/10/2015,GFK,ND,AGL,CE,Towers with Radar,6,96,23,0,125,0,192,20,0,212,6,288,43,0,337,697,0,697,1034
08/11/2015,GFK,ND,AGL,CE,Towers with Radar,9,106,20,0,135,0,190,27,0,217,9,296,47,0,352,876,0,876,1228
08/12/2015,GFK,ND,AGL,CE,Towers with Radar,9,75,18,0,102,0,100,20,0,120,9,175,38,0,222,359,0,359,581
08/13/2015,GFK,ND,AGL,CE,Towers with Radar,11,94,15,1,121,0,155,26,1,182,11,249,41,2,303,673,0,673,976
08/14/2015,GFK,ND,AGL,CE,Towers with Radar,8,75,13,0,96,0,124,16,0,140,8,199,29,0,236,483,0,483,719
08/15/2015,GFK,ND,AGL,CE,Towers with Radar,7,20,12,0,39,0,15,12,4,31,7,35,24,4,70,49,0,49,119
08/16/2015,GFK,ND,AGL,CE,Towers with Radar,8,13,9,0,30,0,0,16,0,16,8,13,25,0,46,0,0,0,46
08/17/2015,GFK,ND,AGL,CE,Towers with Radar,6,106,25,0,137,0,199,27,0,226,6,305,52,0,363,779,0,779,1142
08/18/2015,GFK,ND,AGL,CE,Towers with Radar,7,147,19,0,173,0,187,30,0,217,7,334,49,0,390,774,0,774,1164
08/19/2015,GFK,ND,AGL,CE,Towers with Radar,7,68,25,0,100,0,64,25,1,90,7,132,50,1,190,220,0,220,410
08/20/2015,GFK,ND,AGL,CE,Towers with Radar,12,99,26,0,137,0,216,22,0,238,12,315,48,0,375,806,0,806,1181
08/21/2015,GFK,ND,AGL,CE,Towers with Radar,7,79,20,0,106,0,186,24,4,214,7,265,44,4,320,804,0,804,1124
08/22/2015,GFK,ND,AGL,CE,Towers with Radar,4,26,7,0,37,0,5,2,0,7,4,31,9,0,44,155,0,155,199
08/23/2015,GFK,ND,AGL,CE,Towers with Radar,7,11,6,0,24,0,0,3,0,3,7,11,9,0,27,0,0,0,27
08/24/2015,GFK,ND,AGL,CE,Towers with Radar,6,70,14,0,90,0,120,20,0,140,6,190,34,0,230,380,0,380,610
08/25/2015,GFK,ND,AGL,CE,Towers with Radar,8,81,21,0,110,0,197,33,1,231,8,278,54,1,341,899,0,899,1240
08/26/2015,GFK,ND,AGL,CE,Towers with Radar,7,77,9,5,98,0,238,20,6,264,7,315,29,11,362,889,0,889,1251
08/27/2015,GFK,ND,AGL,CE,Towers with Radar,11,78,28,0,117,0,231,19,0,250,11,309,47,0,367,902,0,902,1269
08/28/2015,GFK,ND,AGL,CE,Towers with Radar,8,70,15,0,93,0,163,30,0,193,8,233,45,0,286,531,0,531,817
08/29/2015,GFK,ND,AGL,CE,Towers with Radar,4,88,20,0,112,0,226,24,0,250,4,314,44,0,362,512,0,512,874
08/30/2015,GFK,ND,AGL,CE,Towers with Radar,7,27,5,0,39,0,79,13,0,92,7,106,18,0,131,284,0,284,415
08/31/2015,GFK,ND,AGL,CE,Towers with Radar,6,135,22,4,167,0,274,32,0,306,6,409,54,4,473,1067,0,1067,1540
09/01/2015,GFK,ND,AGL,CE,Towers with Radar,11,91,14,1,117,0,387,37,0,424,11,478,51,1,541,986,0,986,1527
09/02/2015,GFK,ND,AGL,CE,Towers with Radar,7,137,21,0,165,0,324,31,0,355,7,461,52,0,520,781,0,781,1301
09/03/2015,GFK,ND,AGL,CE,Towers with Radar,16,93,15,0,124,0,69,13,0,82,16,162,28,0,206,186,0,186,392
09/04/2015,GFK,ND,AGL,CE,Towers with Radar,9,79,12,0,100,0,19,9,0,28,9,98,21,0,128,258,0,258,386
09/05/2015,GFK,ND,AGL,CE,Towers with Radar,8,95,5,0,108,0,2,2,0,4,8,97,7,0,112,0,0,0,112
09/06/2015,GFK,ND,AGL,CE,Towers with Radar,6,36,4,0,46,0,19,3,0,22,6,55,7,0,68,248,0,248,316
09/07/2015,GFK,ND,AGL,CE,Towers with Radar,6,121,4,0,131,0,443,37,0,480,6,564,41,0,611,1068,0,1068,1679
09/08/2015,GFK,ND,AGL,CE,Towers with Radar,3,85,16,0,104,0,381,44,0,425,3,466,60,0,529,834,0,834,1363
09/09/2015,GFK,ND,AGL,CE,Towers with Radar,7,125,18,0,150,0,382,31,2,415,7,507,49,2,565,1056,0,1056,1621
09/10/2015,GFK,ND,AGL,CE,Towers with Radar,11,108,14,0,133,0,338,33,0,371,11,446,47,0,504,968,0,968,1472
09/11/2015,GFK,ND,AGL,CE,Towers with Radar,7,112,12,0,131,0,398,45,2,445,7,510,57,2,576,981,0,981,1557
09/12/2015,GFK,ND,AGL,CE,Towers with Radar,7,62,2,0,71,0,285,46,0,331,7,347,48,0,402,684,0,684,1086
09/13/2015,GFK,ND,AGL,CE,Towers with Radar,8,25,6,0,39,0,60,14,0,74,8,85,20,0,113,154,0,154,267
09/14/2015,GFK,ND,AGL,CE,Towers with Radar,6,133,13,0,152,0,343,31,0,374,6,476,44,0,526,1004,0,1004,1530
09/15/2015,GFK,ND,AGL,CE,Towers with Radar,9,81,17,0,107,0,160,19,0,179,9,241,36,0,286,632,0,632,918
09/16/2015,GFK,ND,AGL,CE,Towers with Radar,8,125,16,0,149,0,364,40,0,404,8,489,56,0,553,618,0,618,1171
09/17/2015,GFK,ND,AGL,CE,Towers with Radar,13,113,14,0,140,0,206,15,0,221,13,319,29,0,361,374,0,374,735
09/18/2015,GFK,ND,AGL,CE,Towers with Radar,7,109,13,0,129,0,391,50,0,441,7,500,63,0,570,379,0,379,949
09/19/2015,GFK,ND,AGL,CE,Towers with Radar,7,75,1,0,83,0,291,29,0,320,7,366,30,0,403,504,0,504,907
09/20/2015,GFK,ND,AGL,CE,Towers with Radar,10,29,11,0,50,0,97,29,0,126,10,126,40,0,176,4,0,4,180
09/21/2015,GFK,ND,AGL,CE,Towers with Radar,5,61,16,0,82,0,232,23,0,255,5,293,39,0,337,114,0,114,451
09/22/2015,GFK,ND,AGL,CE,Towers with Radar,8,112,27,0,147,0,379,33,0,412,8,491,60,0,559,659,0,659,1218
09/23/2015,GFK,ND,AGL,CE,Towers with Radar,7,78,26,0,111,0,230,19,0,249,7,308,45,0,360,706,0,706,1066
09/24/2015,GFK,ND,AGL,CE,Towers with Radar,11,170,43,0,224,0,104,20,0,124,11,274,63,0,348,158,0,158,506
09/25/2015,GFK,ND,AGL,CE,Towers with Radar,8,172,30,2,212,0,225,37,0,262,8,397,67,2,474,124,0,124,598
09/26/2015,GFK,ND,AGL,CE,Towers with Radar,6,35,11,0,52,0,130,12,0,142,6,165,23,0,194,74,0,74,268
09/27/2015,GFK,ND,AGL,CE,Towers with Radar,6,24,8,0,38,0,145,28,0,173,6,169,36,0,211,103,0,103,314
09/28/2015,GFK,ND,AGL,CE,Towers with Radar,6,114,17,0,137,0,437,34,0,471,6,551,51,0,608,234,0,234,842
09/29/2015,GFK,ND,AGL,CE,Towers with Radar,7,122,18,0,147,0,336,30,0,366,7,458,48,0,513,637,0,637,1150
09/30/2015,GFK,ND,AGL,CE,Towers with Radar,9,99,27,0,135,0,172,40,0,212,9,271,67,0,347,108,0,108,455
10/01/2015,GFK,ND,AGL,CE,Towers with Radar,10,124,18,0,152,0,150,13,0,163,10,274,31,0,315,124,0,124,439
10/02/2015,GFK,ND,AGL,CE,Towers with Radar,8,119,22,0,149,0,370,37,0,407,8,489,59,0,556,136,0,136,692
10/03/2015,GFK,ND,AGL,CE,Towers with Radar,9,77,10,0,96,0,304,13,0,317,9,381,23,0,413,138,0,138,551
10/04/2015,GFK,ND,AGL,CE,Towers with Radar,7,25,10,0,42,0,96,4,0,100,7,121,14,0,142,128,0,128,270
10/05/2015,GFK,ND,AGL,CE,Towers with Radar,5,98,15,0,118,0,294,38,0,332,5,392,53,0,450,778,0,778,1228
10/06/2015,GFK,ND,AGL,CE,Towers with Radar,10,115,21,0,146,0,362,34,0,396,10,477,55,0,542,534,0,534,1076
10/07/2015,GFK,ND,AGL,CE,Towers with Radar,13,109,13,0,135,0,208,17,0,225,13,317,30,0,360,191,0,191,551
10/08/2015,GFK,ND,AGL,CE,Towers with Radar,13,160,42,0,215,0,34,3,0,37,13,194,45,0,252,77,0,77,329
10/09/2015,GFK,ND,AGL,CE,Towers with Radar,8,117,15,0,140,0,395,39,0,434,8,512,54,0,574,379,0,379,953
10/10/2015,GFK,ND,AGL,CE,Towers with Radar,10,61,15,0,86,0,287,24,0,311,10,348,39,0,397,528,0,528,925
10/11/2015,GFK,ND,AGL,CE,Towers with Radar,7,16,4,0,27,0,55,14,1,70,7,71,18,1,97,226,0,226,323
10/12/2015,GFK,ND,AGL,CE,Towers with Radar,6,21,9,0,36,0,16,4,0,20,6,37,13,0,56,81,0,81,137
10/13/2015,GFK,ND,AGL,CE,Towers with Radar,12,151,17,0,180,0,357,36,0,393,12,508,53,0,573,1026,0,1026,1599
10/14/2015,GFK,ND,AGL,CE,Towers with Radar,13,110,18,2,143,0,302,28,0,330,13,412,46,2,473,759,0,759,1232
10/15/2015,GFK,ND,AGL,CE,Towers with Radar,9,65,39,0,113,0,114,24,0,138,9,179,63,0,251,354,0,354,605
10/16/2015,GFK,ND,AGL,CE,Towers with Radar,9,129,16,0,154,0,411,26,0,437,9,540,42,0,591,954,0,954,1545
10/17/2015,GFK,ND,AGL,CE,Towers with Radar,9,96,12,0,117,0,350,30,0,380,9,446,42,0,497,736,0,736,1233
10/18/2015,GFK,ND,AGL,CE,Towers with Radar,8,23,5,0,36,0,22,24,0,46,8,45,29,0,82,102,0,102,184
10/19/2015,GFK,ND,AGL,CE,Towers with Radar,5,130,23,0,158,0,354,24,0,378,5,484,47,0,536,868,0,868,1404
10/20/2015,GFK,ND,AGL,CE,Towers with Radar,11,86,14,0,111,0,384,20,0,404,11,470,34,0,515,964,0,964,1479
10/21/2015,GFK,ND,AGL,CE,Towers with Radar,13,118,28,0,159,0,136,21,0,157,13,254,49,0,316,556,0,556,872
10/22/2015,GFK,ND,AGL,CE,Towers with Radar,14,91,25,0,130,0,396,33,0,429,14,487,58,0,559,992,0,992,1551
10/23/2015,GFK,ND,AGL,CE,Towers with Radar,8,149,20,0,177,0,0,5,0,5,8,149,25,0,182,47,0,47,229
10/24/2015,GFK,ND,AGL,CE,Towers with Radar,11,83,11,2,107,0,265,25,0,290,11,348,36,2,397,606,0,606,1003
10/25/2015,GFK,ND,AGL,CE,Towers with Radar,8,26,12,0,46,0,86,11,0,97,8,112,23,0,143,345,0,345,488
10/26/2015,GFK,ND,AGL,CE,Towers with Radar,6,90,27,0,123,0,318,15,0,333,6,408,42,0,456,956,0,956,1412
10/27/2015,GFK,ND,AGL,CE,Towers with Radar,23,95,22,0,140,0,226,42,0,268,23,321,64,0,408,790,0,790,1198
10/28/2015,GFK,ND,AGL,CE,Towers with Radar,13,30,14,0,57,0,25,24,0,49,13,55,38,0,106,273,0,273,379
10/29/2015,GFK,ND,AGL,CE,Towers with Radar,11,26,61,0,98,0,13,17,0,30,11,39,78,0,128,529,0,529,657
10/30/2015,GFK,ND,AGL,CE,Towers with Radar,5,121,24,2,152,0,370,26,0,396,5,491,50,2,548,909,0,909,1457
10/31/2015,GFK,ND,AGL,CE,Towers with Radar,10,50,10,0,70,0,6,2,0,8,10,56,12,0,78,96,0,96,174
11/01/2015,GFK,ND,AGL,CE,Towers with Radar,5,28,4,0,37,0,145,12,0,157,5,173,16,0,194,522,0,522,716
11/02/2015,GFK,ND,AGL,CE,Towers with Radar,4,130,16,0,150,0,329,29,1,359,4,459,45,1,509,824,0,824,1333
11/03/2015,GFK,ND,AGL,CE,Towers with Radar,7,140,20,0,167,0,224,20,0,244,7,364,40,0,411,761,0,761,1172
11/04/2015,GFK,ND,AGL,CE,Towers with Radar,11,92,28,0,131,0,0,0,0,0,11,92,28,0,131,0,0,0,131
11/05/2015,GFK,ND,AGL,CE,Towers with Radar,9,36,14,0,59,0,0,0,0,0,9,36,14,0,59,0,0,0,59
11/06/2015,GFK,ND,AGL,CE,Towers with Radar,5,81,26,0,112,0,164,21,0,185,5,245,47,0,297,932,0,932,1229
11/07/2015,GFK,ND,AGL,CE,Towers with Radar,9,92,13,0,114,0,366,42,0,408,9,458,55,0,522,846,0,846,1368
11/08/2015,GFK,ND,AGL,CE,Towers with Radar,5,52,10,0,67,0,148,29,0,177,5,200,39,0,244,431,0,431,675
11/09/2015,GFK,ND,AGL,CE,Towers with Radar,4,123,17,0,144,0,404,37,1,442,4,527,54,1,586,1273,0,1273,1859
11/10/2015,GFK,ND,AGL,CE,Towers with Radar,6,113,21,0,140,0,0,0,0,0,6,113,21,0,140,0,0,0,140
11/11/2015,GFK,ND,AGL,CE,Towers with Radar,14,32,31,0,77,0,0,0,0,0,14,32,31,0,77,0,0,0,77
11/12/2015,GFK,ND,AGL,CE,Towers with Radar,10,37,28,0,75,0,2,2,0,4,10,39,30,0,79,54,0,54,133
11/13/2015,GFK,ND,AGL,CE,Towers with Radar,8,147,32,0,187,0,445,57,0,502,8,592,89,0,689,852,0,852,1541
11/14/2015,GFK,ND,AGL,CE,Towers with Radar,10,99,10,0,119,0,429,41,0,470,10,528,51,0,589,816,0,816,1405
11/15/2015,GFK,ND,AGL,CE,Towers with Radar,5,39,11,0,55,0,177,28,0,205,5,216,39,0,260,416,0,416,676
11/16/2015,GFK,ND,AGL,CE,Towers with Radar,4,146,30,0,180,0,12,10,0,22,4,158,40,0,202,299,0,299,501
11/17/2015,GFK,ND,AGL,CE,Towers with Radar,7,77,26,2,112,0,0,0,0,0,7,77,26,2,112,2,0,2,114
11/18/2015,GFK,ND,AGL,CE,Towers with Radar,14,40,15,0,69,0,13,4,0,17,14,53,19,0,86,248,0,248,334
11/19/2015,GFK,ND,AGL,CE,Towers with Radar,16,28,18,0,62,0,2,2,0,4,16,30,20,0,66,0,0,0,66
11/20/2015,GFK,ND,AGL,CE,Towers with Radar,8,104,21,2,135,0,294,34,0,328,8,398,55,2,463,658,0,658,1121
11/21/2015,GFK,ND,AGL,CE,Towers with Radar,9,76,13,0,98,0,289,26,0,315,9,365,39,0,413,1218,0,1218,1631
11/22/2015,GFK,ND,AGL,CE,Towers with Radar,4,40,8,0,52,0,97,14,1,112,4,137,22,1,164,578,0,578,742
11/23/2015,GFK,ND,AGL,CE,Towers with Radar,8,78,23,0,109,0,319,35,0,354,8,397,58,0,463,1256,0,1256,1719
11/24/2015,GFK,ND,AGL,CE,Towers with Radar,9,153,29,0,191,0,339,30,0,369,9,492,59,0,560,862,0,862,1422
11/25/2015,GFK,ND,AGL,CE,Towers with Radar,9,30,29,0,68,0,3,4,0,7,9,33,33,0,75,14,0,14,89
11/26/2015,GFK,ND,AGL,CE,Towers with Radar,3,10,0,0,13,0,0,3,0,3,3,10,3,0,16,2,0,2,18
11/27/2015,GFK,ND,AGL,CE,Towers with Radar,5,78,3,0,86,0,191,6,0,197,5,269,9,0,283,618,0,618,901
11/28/2015,GFK,ND,AGL,CE,Towers with Radar,12,88,9,0,109,0,210,18,0,228,12,298,27,0,337,622,0,622,959
11/29/2015,GFK,ND,AGL,CE,Towers with Radar,5,60,6,0,71,0,132,19,0,151,5,192,25,0,222,485,0,485,707
11/30/2015,GFK,ND,AGL,CE,Towers with Radar,6,82,14,0,102,0,258,22,0,280,6,340,36,0,382,934,0,934,1316
12/01/2015,GFK,ND,AGL,CE,Towers with Radar,7,40,9,0,56,0,0,0,0,0,7,40,9,0,56,0,0,0,56
12/02/2015,GFK,ND,AGL,CE,Towers with Radar,9,143,22,0,174,0,234,24,0,258,9,377,46,0,432,808,0,808,1240
12/03/2015,GFK,ND,AGL,CE,Towers with Radar,12,153,23,0,188,0,343,26,0,369,12,496,49,0,557,1024,0,1024,1581
12/04/2015,GFK,ND,AGL,CE,Towers with Radar,3,99,37,0,139,0,253,20,0,273,3,352,57,0,412,673,0,673,1085
12/05/2015,GFK,ND,AGL,CE,Towers with Radar,5,91,9,0,105,0,354,27,0,381,5,445,36,0,486,834,0,834,1320
12/06/2015,GFK,ND,AGL,CE,Towers with Radar,5,51,10,0,66,0,157,21,2,180,5,208,31,2,246,685,0,685,931
12/07/2015,GFK,ND,AGL,CE,Towers with Radar,3,115,35,0,153,0,306,37,1,344,3,421,72,1,497,968,0,968,1465
12/08/2015,GFK,ND,AGL,CE,Towers with Radar,7,110,38,0,155,0,289,40,0,329,7,399,78,0,484,812,0,812,1296
12/09/2015,GFK,ND,AGL,CE,Towers with Radar,13,132,30,0,175,0,275,12,0,287,13,407,42,0,462,926,0,926,1388
12/10/2015,GFK,ND,AGL,CE,Towers with Radar,11,36,25,0,72,0,0,0,0,0,11,36,25,0,72,0,0,0,72
12/11/2015,GFK,ND,AGL,CE,Towers with Radar,5,33,25,0,63,0,0,0,0,0,5,33,25,0,63,0,0,0,63
12/12/2015,GFK,ND,AGL,CE,Towers with Radar,4,14,8,0,26,0,0,0,0,0,4,14,8,0,26,0,0,0,26
12/13/2015,GFK,ND,AGL,CE,Towers with Radar,6,8,1,0,15,0,0,0,0,0,6,8,1,0,15,0,0,0,15
12/14/2015,GFK,ND,AGL,CE,Towers with Radar,2,22,27,0,51,0,2,4,0,6,2,24,31,0,57,42,0,42,99
12/15/2015,GFK,ND,AGL,CE,Towers with Radar,7,35,25,0,67,0,0,0,0,0,7,35,25,0,67,16,0,16,83
12/16/2015,GFK,ND,AGL,CE,Towers with Radar,12,43,17,0,72,0,0,0,0,0,12,43,17,0,72,0,0,0,72
12/17/2015,GFK,ND,AGL,CE,Towers with Radar,11,35,22,0,68,0,0,3,0,3,11,35,25,0,71,23,0,23,94
12/18/2015,GFK,ND,AGL,CE,Towers with Radar,4,108,14,0,126,0,242,29,1,272,4,350,43,1,398,491,0,491,889
12/19/2015,GFK,ND,AGL,CE,Towers with Radar,7,123,8,0,138,0,259,8,0,267,7,382,16,0,405,843,0,843,1248
12/20/2015,GFK,ND,AGL,CE,Towers with Radar,5,16,10,0,31,0,7,7,0,14,5,23,17,0,45,552,0,552,597
12/21/2015,GFK,ND,AGL,CE,Towers with Radar,7,21,25,0,53,0,0,0,0,0,7,21,25,0,53,0,0,0,53
12/22/2015,GFK,ND,AGL,CE,Towers with Radar,9,38,23,0,70,0,0,0,0,0,9,38,23,0,70,0,0,0,70
12/23/2015,GFK,ND,AGL,CE,Towers with Radar,15,40,4,0,59,0,1,1,0,2,15,41,5,0,61,0,0,0,61
12/24/2015,GFK,ND,AGL,CE,Towers with Radar,10,29,4,0,43,0,0,14,0,14,10,29,18,0,57,1,0,1,58
12/25/2015,GFK,ND,AGL,CE,Towers with Radar,0,9,1,0,10,0,0,0,0,0,0,9,1,0,10,0,0,0,10
12/26/2015,GFK,ND,AGL,CE,Towers with Radar,8,19,1,0,28,0,0,1,0,1,8,19,2,0,29,0,0,0,29
12/27/2015,GFK,ND,AGL,CE,Towers with Radar,2,12,4,0,18,0,8,4,0,12,2,20,8,0,30,9,0,9,39
12/28/2015,GFK,ND,AGL,CE,Towers with Radar,8,82,13,0,103,0,122,5,0,127,8,204,18,0,230,517,0,517,747
12/29/2015,GFK,ND,AGL,CE,Towers with Radar,8,46,30,0,84,0,3,0,0,3,8,49,30,0,87,214,0,214,301
12/30/2015,GFK,ND,AGL,CE,Towers with Radar,10,68,15,0,93,0,87,13,0,100,10,155,28,0,193,588,0,588,781
12/31/2015,GFK,ND,AGL,CE,Towers with Radar,10,40,18,0,68,0,89,16,0,105,10,129,34,0,173,776,0,776,949
01/01/2016,GFK,ND,AGL,CE,Towers with Radar,0,7,1,0,8,0,11,9,0,20,0,18,10,0,28,28,0,28,56
01/02/2016,GFK,ND,AGL,CE,Towers with Radar,7,62,7,0,76,0,145,5,0,150,7,207,12,0,226,326,0,326,552
01/03/2016,GFK,ND,AGL,CE,Towers with Radar,6,57,12,0,75,0,101,10,0,111,6,158,22,0,186,328,0,328,514
01/04/2016,GFK,ND,AGL,CE,Towers with Radar,10,19,10,0,39,0,0,13,0,13,10,19,23,0,52,6,0,6,58
01/05/2016,GFK,ND,AGL,CE,Towers with Radar,7,91,13,0,111,0,95,21,0,116,7,186,34,0,227,454,0,454,681
01/06/2016,GFK,ND,AGL,CE,Towers with Radar,10,26,13,0,49,0,0,2,0,2,10,26,15,0,51,272,0,272,323
01/07/2016,GFK,ND,AGL,CE,Towers with Radar,12,29,20,0,61,0,0,0,0,0,12,29,20,0,61,0,0,0,61
01/08/2016,GFK,ND,AGL,CE,Towers with Radar,7,40,18,0,65,0,14,0,0,14,7,54,18,0,79,146,0,146,225
01/09/2016,GFK,ND,AGL,CE,Towers with Radar,6,92,10,0,108,0,217,18,0,235,6,309,28,0,343,957,0,957,1300
01/10/2016,GFK,ND,AGL,CE,Towers with Radar,5,53,6,0,64,0,126,9,0,135,5,179,15,0,199,380,0,380,579
01/11/2016,GFK,ND,AGL,CE,Towers with Radar,3,20,8,0,31,0,21,8,0,29,3,41,16,0,60,182,0,182,242
01/12/2016,GFK,ND,AGL,CE,Towers with Radar,7,137,19,0,163,0,210,27,0,237,7,347,46,0,400,935,0,935,1335
01/13/2016,GFK,ND,AGL,CE,Towers with Radar,7,41,19,0,67,0,1,3,0,4,7,42,22,0,71,360,0,360,431
01/14/2016,GFK,ND,AGL,CE,Towers with Radar,14,26,16,0,56,0,0,0,0,0,14,26,16,0,56,4,0,4,60
01/15/2016,GFK,ND,AGL,CE,Towers with Radar,6,48,21,2,77,0,2,2,0,4,6,50,23,2,81,47,0,47,128
01/16/2016,GFK,ND,AGL,CE,Towers with Radar,6,120,12,0,138,0,286,13,1,300,6,406,25,1,438,588,0,588,1026
01/17/2016,GFK,ND,AGL,CE,Towers with Radar,5,52,10,1,68,0,124,5,1,130,5,176,15,2,198,372,0,372,570
01/18/2016,GFK,ND,AGL,CE,Towers with Radar,4,130,12,0,146,0,273,25,0,298,4,403,37,0,444,1059,0,1059,1503
01/19/2016,GFK,ND,AGL,CE,Towers with Radar,6,77,21,0,104,0,186,13,0,199,6,263,34,0,303,695,0,695,998
01/20/2016,GFK,ND,AGL,CE,Towers with Radar,11,33,14,0,58,0,0,5,0,5,11,33,19,0,63,105,0,105,168
01/21/2016,GFK,ND,AGL,CE,Towers with Radar,8,66,14,0,88,0,123,41,0,164,8,189,55,0,252,998,0,998,1250
01/22/2016,GFK,ND,AGL,CE,Towers with Radar,4,34,25,0,63,0,35,15,0,50,4,69,40,0,113,340,0,340,453
01/23/2016,GFK,ND,AGL,CE,Towers with Radar,9,124,5,0,138,0,164,9,0,173,9,288,14,0,311,480,0,480,791
01/24/2016,GFK,ND,AGL,CE,Towers with Radar,5,18,10,0,33,0,0,0,0,0,5,18,10,0,33,0,0,0,33
01/25/2016,GFK,ND,AGL,CE,Towers with Radar,3,27,13,0,43,0,29,8,0,37,3,56,21,0,80,234,0,234,314
01/26/2016,GFK,ND,AGL,CE,Towers with Radar,8,156,8,0,172,0,287,33,0,320,8,443,41,0,492,1116,0,1116,1608
01/27/2016,GFK,ND,AGL,CE,Towers with Radar,10,63,16,0,89,0,27,3,0,30,10,90,19,0,119,79,0,79,198
01/28/2016,GFK,ND,AGL,CE,Towers with Radar,16,73,26,0,115,0,75,8,0,83,16,148,34,0,198,523,0,523,721
01/29/2016,GFK,ND,AGL,CE,Towers with Radar,6,155,13,0,174,0,332,15,1,348,6,487,28,1,522,844,0,844,1366
01/30/2016,GFK,ND,AGL,CE,Towers with Radar,7,185,3,0,195,0,493,33,0,526,7,678,36,0,721,841,0,841,1562
01/31/2016,GFK,ND,AGL,CE,Towers with Radar,7,52,7,0,66,0,114,14,0,128,7,166,21,0,194,519,0,519,713
02/01/2016,GFK,ND,AGL,CE,Towers with Radar,4,82,15,0,101,0,159,12,0,171,4,241,27,0,272,616,0,616,888
02/02/2016,GFK,ND,AGL,CE,Towers with Radar,8,135,19,0,162,0,273,22,1,296,8,408,41,1,458,1077,0,1077,1535
02/03/2016,GFK,ND,AGL,CE,Towers with Radar,9,110,9,1,129,0,321,16,5,342,9,431,25,6,471,670,0,670,1141
02/04/2016,GFK,ND,AGL,CE,Towers with Radar,11,149,14,2,176,0,146,18,0,164,11,295,32,2,340,905,0,905,1245
02/05/2016,GFK,ND,AGL,CE,Towers with Radar,6,204,13,0,223,0,388,29,0,417,6,592,42,0,640,896,0,896,1536
02/06/2016,GFK,ND,AGL,CE,Towers with Radar,7,148,7,0,162,0,285,25,0,310,7,433,32,0,472,761,0,761,1233
02/07/2016,GFK,ND,AGL,CE,Towers with Radar,6,5,1,0,12,0,0,0,0,0,6,5,1,0,12,0,0,0,12
02/08/2016,GFK,ND,AGL,CE,Towers with Radar,6,21,11,0,38,0,0,0,0,0,6,21,11,0,38,0,0,0,38
02/09/2016,GFK,ND,AGL,CE,Towers with Radar,7,187,24,0,218,0,185,16,0,201,7,372,40,0,419,509,0,509,928
02/10/2016,GFK,ND,AGL,CE,Towers with Radar,12,129,24,0,165,0,242,22,0,264,12,371,46,0,429,509,0,509,938
02/11/2016,GFK,ND,AGL,CE,Towers with Radar,10,112,22,0,144,0,219,17,0,236,10,331,39,0,380,916,0,916,1296
02/12/2016,GFK,ND,AGL,CE,Towers with Radar,8,222,16,0,246,0,320,15,0,335,8,542,31,0,581,553,0,553,1134
02/13/2016,GFK,ND,AGL,CE,Towers with Radar,10,144,5,0,159,0,288,14,0,302,10,432,19,0,461,488,0,488,949
02/14/2016,GFK,ND,AGL,CE,Towers with Radar,5,11,2,0,18,0,0,1,0,1,5,11,3,0,19,0,0,0,19
02/15/2016,GFK,ND,AGL,CE,Towers with Radar,5,24,11,0,40,0,1,5,0,6,5,25,16,0,46,56,0,56,102
02/16/2016,GFK,ND,AGL,CE,Towers with Radar,8,110,13,0,131,0,210,24,0,234,8,320,37,0,365,809,0,809,1174
02/17/2016,GFK,ND,AGL,CE,Towers with Radar,10,42,17,0,69,0,87,15,0,102,10,129,32,0,171,990,0,990,1161
02/18/2016,GFK,ND,AGL,CE,Towers with Radar,14,37,18,0,69,0,20,4,0,24,14,57,22,0,93,439,0,439,532
02/19/2016,GFK,ND,AGL,CE,Towers with Radar,7,147,16,0,170,0,161,7,0,168,7,308,23,0,338,513,0,513,851
02/20/2016,GFK,ND,AGL,CE,Towers with Radar,12,20,8,0,40,0,4,7,0,11,12,24,15,0,51,120,0,120,171
02/21/2016,GFK,ND,AGL,CE,Towers with Radar,3,88,22,3,116,0,165,26,0,191,3,253,48,3,307,506,0,506,813
02/22/2016,GFK,ND,AGL,CE,Towers with Radar,8,44,10,0,62,0,71,16,0,87,8,115,26,0,149,734,0,734,883
02/23/2016,GFK,ND,AGL,CE,Towers with Radar,7,56,11,2,76,0,14,5,0,19,7,70,16,2,95,197,0,197,292
02/24/2016,GFK,ND,AGL,CE,Towers with Radar,11,66,28,0,105,0,71,16,0,87,11,137,44,0,192,663,0,663,855
02/25/2016,GFK,ND,AGL,CE,Towers with Radar,12,201,21,0,234,0,331,17,0,348,12,532,38,0,582,936,0,936,1518
02/26/2016,GFK,ND,AGL,CE,Towers with Radar,7,252,10,2,271,0,403,42,0,445,7,655,52,2,716,753,0,753,1469
02/27/2016,GFK,ND,AGL,CE,Towers with Radar,10,243,12,0,265,0,431,37,0,468,10,674,49,0,733,625,0,625,1358
02/28/2016,GFK,ND,AGL,CE,Towers with Radar,5,29,6,0,40,0,70,11,0,81,5,99,17,0,121,420,0,420,541
02/29/2016,GFK,ND,AGL,CE,Towers with Radar,8,190,19,1,218,0,298,20,0,318,8,488,39,1,536,696,0,696,1232
03/01/2016,GFK,ND,AGL,CE,Towers with Radar,7,190,12,0,209,0,394,34,0,428,7,584,46,0,637,982,0,982,1619
03/02/2016,GFK,ND,AGL,CE,Towers with Radar,15,122,26,0,163,0,243,19,0,262,15,365,45,0,425,932,0,932,1357
03/03/2016,GFK,ND,AGL,CE,Towers with Radar,11,180,20,0,211,0,271,26,0,297,11,451,46,0,508,884,0,884,1392
03/04/2016,GFK,ND,AGL,CE,Towers with Radar,7,36,35,0,78,0,5,7,4,16,7,41,42,4,94,500,0,500,594
03/05/2016,GFK,ND,AGL,CE,Towers with Radar,13,81,13,0,107,0,46,15,0,61,13,127,28,0,168,134,0,134,302
03/06/2016,GFK,ND,AGL,CE,Towers with Radar,4,78,14,0,96,0,177,11,0,188,4,255,25,0,284,547,0,547,831
03/07/2016,GFK,ND,AGL,CE,Towers with Radar,8,193,19,0,220,0,303,28,0,331,8,496,47,0,551,876,0,876,1427
03/08/2016,GFK,ND,AGL,CE,Towers with Radar,7,50,31,0,88,0,0,1,0,1,7,50,32,0,89,14,0,14,103
03/09/2016,GFK,ND,AGL,CE,Towers with Radar,11,29,22,0,62,0,2,1,0,3,11,31,23,0,65,79,0,79,144
03/10/2016,GFK,ND,AGL,CE,Towers with Radar,12,30,22,0,64,0,0,0,0,0,12,30,22,0,64,0,0,0,64
03/11/2016,GFK,ND,AGL,CE,Towers with Radar,7,228,31,0,266,0,319,18,0,337,7,547,49,0,603,752,0,752,1355
03/12/2016,GFK,ND,AGL,CE,Towers with Radar,10,154,15,0,179,0,266,17,0,283,10,420,32,0,462,930,0,930,1392
03/13/2016,GFK,ND,AGL,CE,Towers with Radar,4,146,8,0,158,0,0,0,0,0,4,146,8,0,158,0,0,0,158
03/14/2016,GFK,ND,AGL,CE,Towers with Radar,8,91,19,0,118,0,142,11,0,153,8,233,30,0,271,579,0,579,850
03/15/2016,GFK,ND,AGL,CE,Towers with Radar,7,132,23,0,162,0,146,13,0,159,7,278,36,0,321,516,0,516,837
03/16/2016,GFK,ND,AGL,CE,Towers with Radar,12,103,20,0,135,0,165,24,1,190,12,268,44,1,325,593,0,593,918
03/17/2016,GFK,ND,AGL,CE,Towers with Radar,12,30,13,0,55,0,1,3,0,4,12,31,16,0,59,143,0,143,202
03/18/2016,GFK,ND,AGL,CE,Towers with Radar,7,107,10,1,125,0,216,18,0,234,7,323,28,1,359,857,0,857,1216
03/19/2016,GFK,ND,AGL,CE,Towers with Radar,13,117,5,1,136,0,196,4,0,200,13,313,9,1,336,811,0,811,1147
03/20/2016,GFK,ND,AGL,CE,Towers with Radar,5,47,18,0,70,0,110,15,0,125,5,157,33,0,195,518,0,518,713
03/21/2016,GFK,ND,AGL,CE,Towers with Radar,10,135,23,0,168,0,313,26,0,339,10,448,49,0,507,1019,0,1019,1526
03/22/2016,GFK,ND,AGL,CE,Towers with Radar,7,157,20,0,184,0,256,29,0,285,7,413,49,0,469,760,0,760,1229
03/23/2016,GFK,ND,AGL,CE,Towers with Radar,14,207,29,0,250,0,333,30,0,363,14,540,59,0,613,1222,0,1222,1835
03/24/2016,GFK,ND,AGL,CE,Towers with Radar,11,150,21,0,182,0,276,34,0,310,11,426,55,0,492,1027,0,1027,1519
03/25/2016,GFK,ND,AGL,CE,Towers with Radar,9,29,21,0,59,0,0,5,0,5,9,29,26,0,64,40,0,40,104
03/26/2016,GFK,ND,AGL,CE,Towers with Radar,9,161,2,0,172,0,303,16,0,319,9,464,18,0,491,969,0,969,1460
03/27/2016,GFK,ND,AGL,CE,Towers with Radar,6,13,3,0,22,0,0,15,0,15,6,13,18,0,37,24,0,24,61
03/28/2016,GFK,ND,AGL,CE,Towers with Radar,9,160,13,0,182,0,291,19,0,310,9,451,32,0,492,905,0,905,1397
03/29/2016,GFK,ND,AGL,CE,Towers with Radar,7,160,12,0,179,0,275,19,0,294,7,435,31,0,473,1395,0,1395,1868
03/30/2016,GFK,ND,AGL,CE,Towers with Radar,14,163,30,0,207,0,323,23,0,346,14,486,53,0,553,1056,0,1056,1609
03/31/2016,GFK,ND,AGL,CE,Towers with Radar,11,89,17,0,117,0,126,12,1,139,11,215,29,1,256,458,0,458,714
04/01/2016,GFK,ND,AGL,CE,Towers with Radar,3,118,18,1,140,0,209,14,0,223,3,327,32,1,363,759,0,759,1122
04/02/2016,GFK,ND,AGL,CE,Towers with Radar,11,131,5,0,147,0,212,16,0,228,11,343,21,0,375,1167,0,1167,1542
04/03/2016,GFK,ND,AGL,CE,Towers with Radar,8,40,16,0,64,0,64,5,0,69,8,104,21,0,133,198,0,198,331
04/04/2016,GFK,ND,AGL,CE,Towers with Radar,6,143,22,0,171,0,364,23,0,387,6,507,45,0,558,1293,0,1293,1851
04/05/2016,GFK,ND,AGL,CE,Towers with Radar,13,85,8,0,106,0,78,12,0,90,13,163,20,0,196,603,0,603,799
04/06/2016,GFK,ND,AGL,CE,Towers with Radar,12,30,14,0,56,0,0,7,0,7,12,30,21,0,63,690,0,690,753
04/07/2016,GFK,ND,AGL,CE,Towers with Radar,15,26,11,0,52,0,0,2,0,2,15,26,13,0,54,0,0,0,54
04/08/2016,GFK,ND,AGL,CE,Towers with Radar,7,111,11,0,129,0,77,11,0,88,7,188,22,0,217,221,0,221,438
04/09/2016,GFK,ND,AGL,CE,Towers with Radar,14,42,0,0,56,0,56,5,0,61,14,98,5,0,117,235,0,235,352
04/10/2016,GFK,ND,AGL,CE,Towers with Radar,11,8,7,0,26,0,0,2,0,2,11,8,9,0,28,0,0,0,28
04/11/2016,GFK,ND,AGL,CE,Towers with Radar,7,119,14,0,140,0,139,20,0,159,7,258,34,0,299,619,0,619,918
04/12/2016,GFK,ND,AGL,CE,Towers with Radar,10,180,13,2,205,0,285,23,0,308,10,465,36,2,513,1104,0,1104,1617
04/13/2016,GFK,ND,AGL,CE,Towers with Radar,12,192,21,0,225,0,360,40,0,400,12,552,61,0,625,1175,0,1175,1800
04/14/2016,GFK,ND,AGL,CE,Towers with Radar,16,149,12,0,177,0,276,25,0,301,16,425,37,0,478,1013,0,1013,1491
04/15/2016,GFK,ND,AGL,CE,Towers with Radar,6,43,3,0,52,0,10,4,0,14,6,53,7,0,66,27,0,27,93
04/16/2016,GFK,ND,AGL,CE,Towers with Radar,14,155,4,0,173,0,1,0,0,1,14,156,4,0,174,0,0,0,174
04/17/2016,GFK,ND,AGL,CE,Towers with Radar,8,98,7,0,113,0,0,0,0,0,8,98,7,0,113,0,0,0,113
04/18/2016,GFK,ND,AGL,CE,Towers with Radar,6,207,23,0,236,0,2,4,0,6,6,209,27,0,242,130,0,130,372
04/19/2016,GFK,ND,AGL,CE,Towers with Radar,9,175,29,0,213,0,260,21,0,281,9,435,50,0,494,1182,0,1182,1676
04/20/2016,GFK,ND,AGL,CE,Towers with Radar,11,130,30,0,171,0,149,9,2,160,11,279,39,2,331,755,0,755,1086
04/21/2016,GFK,ND,AGL,CE,Towers with Radar,11,69,12,2,94,0,62,9,0,71,11,131,21,2,165,263,0,263,428
04/22/2016,GFK,ND,AGL,CE,Towers with Radar,7,145,23,0,175,0,392,43,0,435,7,537,66,0,610,1149,0,1149,1759
04/23/2016,GFK,ND,AGL,CE,Towers with Radar,13,70,9,0,92,0,184,20,0,204,13,254,29,0,296,610,0,610,906
04/24/2016,GFK,ND,AGL,CE,Towers with Radar,7,11,9,0,27,0,0,10,0,10,7,11,19,0,37,0,0,0,37
04/25/2016,GFK,ND,AGL,CE,Towers with Radar,6,43,16,0,65,0,0,4,0,4,6,43,20,0,69,90,0,90,159
04/26/2016,GFK,ND,AGL,CE,Towers with Radar,9,128,12,0,149,0,300,21,1,322,9,428,33,1,471,1234,0,1234,1705
04/27/2016,GFK,ND,AGL,CE,Towers with Radar,13,118,18,0,149,0,196,32,6,234,13,314,50,6,383,662,0,662,1045
04/28/2016,GFK,ND,AGL,CE,Towers with Radar,11,138,26,0,175,0,248,25,4,277,11,386,51,4,452,957,0,957,1409
04/29/2016,GFK,ND,AGL,CE,Towers with Radar,6,139,15,0,160,0,229,30,1,260,6,368,45,1,420,1082,0,1082,1502
04/30/2016,GFK,ND,AGL,CE,Towers with Radar,12,60,2,0,74,0,144,22,4,170,12,204,24,4,244,225,0,225,469
05/01/2016,GFK,ND,AGL,CE,Towers with Radar,5,63,5,2,75,0,211,35,0,246,5,274,40,2,321,426,0,426,747
05/02/2016,GFK,ND,AGL,CE,Towers with Radar,5,149,23,4,181,0,265,25,0,290,5,414,48,4,471,1076,0,1076,1547
05/03/2016,GFK,ND,AGL,CE,Towers with Radar,7,46,19,0,72,0,19,11,4,34,7,65,30,4,106,165,0,165,271
05/04/2016,GFK,ND,AGL,CE,Towers with Radar,9,151,27,0,187,0,314,37,0,351,9,465,64,0,538,1252,0,1252,1790
05/05/2016,GFK,ND,AGL,CE,Towers with Radar,9,137,9,3,158,0,153,18,0,171,9,290,27,3,329,652,0,652,981
05/06/2016,GFK,ND,AGL,CE,Towers with Radar,5,65,15,0,85,0,46,29,0,75,5,111,44,0,160,155,0,155,315
05/07/2016,GFK,ND,AGL,CE,Towers with Radar,7,132,3,0,142,0,226,5,0,231,7,358,8,0,373,738,0,738,1111
05/08/2016,GFK,ND,AGL,CE,Towers with Radar,3,56,6,0,65,0,114,11,0,125,3,170,17,0,190,447,0,447,637
05/09/2016,GFK,ND,AGL,CE,Towers with Radar,4,73,20,0,97,0,95,17,0,112,4,168,37,0,209,302,0,302,511
05/10/2016,GFK,ND,AGL,CE,Towers with Radar,7,188,15,0,210,0,81,9,0,90,7,269,24,0,300,881,0,881,1181
05/11/2016,GFK,ND,AGL,CE,Towers with Radar,11,132,25,2,170,0,167,13,1,181,11,299,38,3,351,546,0,546,897
05/12/2016,GFK,ND,AGL,CE,Towers with Radar,9,101,32,0,142,0,90,13,0,103,9,191,45,0,245,567,0,567,812
05/13/2016,GFK,ND,AGL,CE,Towers with Radar,5,38,15,0,58,0,16,9,0,25,5,54,24,0,83,94,0,94,177
05/14/2016,GFK,ND,AGL,CE,Towers with Radar,11,89,7,0,107,0,119,18,0,137,11,208,25,0,244,392,0,392,636
05/15/2016,GFK,ND,AGL,CE,Towers with Radar,3,57,5,2,67,0,85,30,0,115,3,142,35,2,182,293,0,293,475
05/16/2016,GFK,ND,AGL,CE,Towers with Radar,4,113,26,0,143,0,309,41,0,350,4,422,67,0,493,723,0,723,1216
05/17/2016,GFK,ND,AGL,CE,Towers with Radar,7,95,25,0,127,0,353,46,0,399,7,448,71,0,526,991,0,991,1517
05/18/2016,GFK,ND,AGL,CE,Towers with Radar,11,113,21,0,145,0,353,33,0,386,11,466,54,0,531,931,0,931,1462
05/19/2016,GFK,ND,AGL,CE,Towers with Radar,9,149,24,0,182,0,193,31,0,224,9,342,55,0,406,792,0,792,1198
05/20/2016,GFK,ND,AGL,CE,Towers with Radar,18,130,12,1,161,0,301,43,1,345,18,431,55,2,506,1040,0,1040,1546
05/21/2016,GFK,ND,AGL,CE,Towers with Radar,10,86,10,0,106,0,161,20,0,181,10,247,30,0,287,560,0,560,847
05/22/2016,GFK,ND,AGL,CE,Towers with Radar,2,12,12,0,26,0,1,5,0,6,2,13,17,0,32,4,0,4,36
05/23/2016,GFK,ND,AGL,CE,Towers with Radar,6,169,7,0,182,0,303,25,0,328,6,472,32,0,510,1094,0,1094,1604
05/24/2016,GFK,ND,AGL,CE,Towers with Radar,7,166,35,1,209,0,337,27,0,364,7,503,62,1,573,1160,0,1160,1733
05/25/2016,GFK,ND,AGL,CE,Towers with Radar,13,96,17,0,126,0,53,13,0,66,13,149,30,0,192,172,0,172,364
05/26/2016,GFK,ND,AGL,CE,Towers with Radar,9,197,18,0,224,0,156,22,0,178,9,353,40,0,402,972,0,972,1374
05/27/2016,GFK,ND,AGL,CE,Towers with Radar,4,135,11,1,151,0,237,33,2,272,4,372,44,3,423,776,0,776,1199
05/28/2016,GFK,ND,AGL,CE,Towers with Radar,10,153,20,0,183,0,184,14,0,198,10,337,34,0,381,644,0,644,1025
05/29/2016,GFK,ND,AGL,CE,Towers with Radar,4,70,6,0,80,0,35,17,0,52,4,105,23,0,132,254,0,254,386
05/30/2016,GFK,ND,AGL,CE,Towers with Radar,3,72,7,0,82,0,121,9,0,130,3,193,16,0,212,265,0,265,477
05/31/2016,GFK,ND,AGL,CE,Towers with Radar,2,149,19,0,170,0,97,8,0,105,2,246,27,0,275,747,0,747,1022
06/01/2016,GFK,ND,AGL,CE,Towers with Radar,11,220,23,0,254,0,38,10,0,48,11,258,33,0,302,326,0,326,628
06/02/2016,GFK,ND,AGL,CE,Towers with Radar,11,202,20,0,233,0,416,26,0,442,11,618,46,0,675,1029,0,1029,1704
06/03/2016,GFK,ND,AGL,CE,Towers with Radar,5,151,15,0,171,0,91,13,0,104,5,242,28,0,275,427,0,427,702
06/04/2016,GFK,ND,AGL,CE,Towers with Radar,11,156,5,0,172,0,248,14,0,262,11,404,19,0,434,806,0,806,1240
06/05/2016,GFK,ND,AGL,CE,Towers with Radar,4,72,9,0,85,0,100,8,0,108,4,172,17,0,193,378,0,378,571
06/06/2016,GFK,ND,AGL,CE,Towers with Radar,5,144,11,0,160,0,93,10,0,103,5,237,21,0,263,322,0,322,585
06/07/2016,GFK,ND,AGL,CE,Towers with Radar,7,192,22,3,224,0,385,47,9,441,7,577,69,12,665,1316,0,1316,1981
06/08/2016,GFK,ND,AGL,CE,Towers with Radar,10,209,25,0,244,0,360,33,0,393,10,569,58,0,637,971,0,971,1608
06/09/2016,GFK,ND,AGL,CE,Towers with Radar,13,153,26,0,192,0,348,26,0,374,13,501,52,0,566,1077,0,1077,1643
06/10/2016,GFK,ND,AGL,CE,Towers with Radar,7,168,17,1,193,0,247,33,1,281,7,415,50,2,474,950,0,950,1424
06/11/2016,GFK,ND,AGL,CE,Towers with Radar,10,152,4,0,166,0,203,22,0,225,10,355,26,0,391,936,0,936,1327
06/12/2016,GFK,ND,AGL,CE,Towers with Radar,5,10,9,0,24,0,0,6,0,6,5,10,15,0,30,0,0,0,30
06/13/2016,GFK,ND,AGL,CE,Towers with Radar,6,144,18,0,168,0,297,26,0,323,6,441,44,0,491,1137,0,1137,1628
06/14/2016,GFK,ND,AGL,CE,Towers with Radar,8,127,13,0,148,0,220,17,0,237,8,347,30,0,385,873,0,873,1258
06/15/2016,GFK,ND,AGL,CE,Towers with Radar,13,211,30,0,254,0,118,19,0,137,13,329,49,0,391,752,0,752,1143
06/16/2016,GFK,ND,AGL,CE,Towers with Radar,12,219,22,0,253,0,192,22,0,214,12,411,44,0,467,1038,0,1038,1505
06/17/2016,GFK,ND,AGL,CE,Towers with Radar,7,135,23,0,165,0,186,31,0,217,7,321,54,0,382,675,0,675,1057
06/18/2016,GFK,ND,AGL,CE,Towers with Radar,12,128,16,0,156,0,154,16,0,170,12,282,32,0,326,784,0,784,1110
06/19/2016,GFK,ND,AGL,CE,Towers with Radar,5,60,22,0,87,0,53,7,1,61,5,113,29,1,148,380,0,380,528
06/20/2016,GFK,ND,AGL,CE,Towers with Radar,6,100,21,0,127,0,197,22,0,219,6,297,43,0,346,650,0,650,996
06/21/2016,GFK,ND,AGL,CE,Towers with Radar,8,152,25,0,185,0,367,59,2,428,8,519,84,2,613,833,0,833,1446
06/22/2016,GFK,ND,AGL,CE,Towers with Radar,11,102,21,0,134,0,98,8,0,106,11,200,29,0,240,461,0,461,701
06/23/2016,GFK,ND,AGL,CE,Towers with Radar,11,152,36,0,199,0,352,47,0,399,11,504,83,0,598,988,0,988,1586
06/24/2016,GFK,ND,AGL,CE,Towers with Radar,7,141,27,0,175,0,231,26,0,257,7,372,53,0,432,707,0,707,1139
06/25/2016,GFK,ND,AGL,CE,Towers with Radar,10,100,11,0,121,0,79,3,1,83,10,179,14,1,204,505,0,505,709
06/26/2016,GFK,ND,AGL,CE,Towers with Radar,5,10,8,0,23,0,1,6,0,7,5,11,14,0,30,0,0,0,30
06/27/2016,GFK,ND,AGL,CE,Towers with Radar,6,162,27,0,195,0,183,25,0,208,6,345,52,0,403,974,0,974,1377
06/28/2016,GFK,ND,AGL,CE,Towers with Radar,9,140,32,0,181,0,347,39,0,386,9,487,71,0,567,971,0,971,1538
06/29/2016,GFK,ND,AGL,CE,Towers with Radar,13,127,42,0,182,0,183,26,0,209,13,310,68,0,391,869,0,869,1260
06/30/2016,GFK,ND,AGL,CE,Towers with Radar,12,228,27,0,267,0,154,16,0,170,12,382,43,0,437,636,0,636,1073
07/01/2016,GFK,ND,AGL,CE,Towers with Radar,8,136,14,0,158,0,204,32,0,236,8,340,46,0,394,693,0,693,1087
07/02/2016,GFK,ND,AGL,CE,Towers with Radar,9,23,2,0,34,0,0,12,0,12,9,23,14,0,46,0,0,0,46
07/03/2016,GFK,ND,AGL,CE,Towers with Radar,4,9,4,0,17,0,3,18,0,21,4,12,22,0,38,17,0,17,55
07/04/2016,GFK,ND,AGL,CE,Towers with Radar,3,8,1,0,12,0,0,5,0,5,3,8,6,0,17,0,0,0,17
07/05/2016,GFK,ND,AGL,CE,Towers with Radar,8,102,19,2,131,0,138,19,0,157,8,240,38,2,288,485,0,485,773
07/06/2016,GFK,ND,AGL,CE,Towers with Radar,11,195,16,0,222,0,319,34,0,353,11,514,50,0,575,1194,0,1194,1769
07/07/2016,GFK,ND,AGL,CE,Towers with Radar,14,82,18,0,114,0,95,25,0,120,14,177,43,0,234,489,0,489,723
07/08/2016,GFK,ND,AGL,CE,Towers with Radar,9,145,38,3,195,0,229,23,0,252,9,374,61,3,447,976,0,976,1423
07/09/2016,GFK,ND,AGL,CE,Towers with Radar,9,147,15,0,171,0,201,8,0,209,9,348,23,0,380,541,0,541,921
07/10/2016,GFK,ND,AGL,CE,Towers with Radar,3,14,13,2,32,0,2,6,0,8,3,16,19,2,40,0,0,0,40
07/11/2016,GFK,ND,AGL,CE,Towers with Radar,6,81,22,0,109,0,75,4,0,79,6,156,26,0,188,532,0,532,720
07/12/2016,GFK,ND,AGL,CE,Towers with Radar,10,79,38,0,127,0,95,14,0,109,10,174,52,0,236,222,0,222,458
07/13/2016,GFK,ND,AGL,CE,Towers with Radar,11,265,27,0,303,0,26,4,0,30,11,291,31,0,333,397,0,397,730
07/14/2016,GFK,ND,AGL,CE,Towers with Radar,11,240,40,0,291,0,259,12,0,271,11,499,52,0,562,663,0,663,1225
07/15/2016,GFK,ND,AGL,CE,Towers with Radar,6,190,34,0,230,0,332,38,0,370,6,522,72,0,600,706,0,706,1306
07/16/2016,GFK,ND,AGL,CE,Towers with Radar,7,128,12,0,147,0,227,14,0,241,7,355,26,0,388,825,0,825,1213
07/17/2016,GFK,ND,AGL,CE,Towers with Radar,3,12,6,0,21,0,0,9,0,9,3,12,15,0,30,2,0,2,32
07/18/2016,GFK,ND,AGL,CE,Towers with Radar,3,199,29,0,231,0,339,32,0,371,3,538,61,0,602,1087,0,1087,1689
07/19/2016,GFK,ND,AGL,CE,Towers with Radar,11,188,28,2,229,0,207,25,0,232,11,395,53,2,461,730,0,730,1191
07/20/2016,GFK,ND,AGL,CE,Towers with Radar,11,269,32,0,312,0,11,8,0,19,11,280,40,0,331,255,0,255,586
07/21/2016,GFK,ND,AGL,CE,Towers with Radar,13,195,28,1,237,0,381,29,0,410,13,576,57,1,647,1012,0,1012,1659
07/22/2016,GFK,ND,AGL,CE,Towers with Radar,6,160,41,0,207,0,311,43,0,354,6,471,84,0,561,833,0,833,1394
07/23/2016,GFK,ND,AGL,CE,Towers with Radar,7,38,9,0,54,0,45,4,0,49,7,83,13,0,103,204,0,204,307
07/24/2016,GFK,ND,AGL,CE,Towers with Radar,4,17,14,0,35,0,4,15,0,19,4,21,29,0,54,9,0,9,63
07/25/2016,GFK,ND,AGL,CE,Towers with Radar,6,159,16,0,181,0,308,29,1,338,6,467,45,1,519,819,0,819,1338
07/26/2016,GFK,ND,AGL,CE,Towers with Radar,8,118,19,0,145,0,206,28,0,234,8,324,47,0,379,622,0,622,1001
07/27/2016,GFK,ND,AGL,CE,Towers with Radar,10,211,32,0,253,0,285,28,0,313,10,496,60,0,566,985,0,985,1551
07/28/2016,GFK,ND,AGL,CE,Towers with Radar,11,171,34,1,217,0,227,24,0,251,11,398,58,1,468,665,0,665,1133
07/29/2016,GFK,ND,AGL,CE,Towers with Radar,8,155,19,0,182,0,210,25,1,236,8,365,44,1,418,757,0,757,1175
07/30/2016,GFK,ND,AGL,CE,Towers with Radar,7,109,9,0,125,0,160,10,0,170,7,269,19,0,295,550,0,550,845
07/31/2016,GFK,ND,AGL,CE,Towers with Radar,3,14,5,0,22,0,3,15,0,18,3,17,20,0,40,11,0,11,51
08/01/2016,GFK,ND,AGL,CE,Towers with Radar,7,74,20,0,101,0,33,9,0,42,7,107,29,0,143,301,0,301,444
08/02/2016,GFK,ND,AGL,CE,Towers with Radar,10,169,27,0,206,0,275,31,0,306,10,444,58,0,512,893,0,893,1405
08/03/2016,GFK,ND,AGL,CE,Towers with Radar,10,107,23,0,140,0,146,17,0,163,10,253,40,0,303,443,0,443,746
08/04/2016,GFK,ND,AGL,CE,Towers with Radar,12,77,24,2,115,0,81,8,0,89,12,158,32,2,204,345,0,345,549
08/05/2016,GFK,ND,AGL,CE,Towers with Radar,9,129,20,0,158,0,237,22,0,259,9,366,42,0,417,917,0,917,1334
08/06/2016,GFK,ND,AGL,CE,Towers with Radar,5,125,18,0,148,0,171,13,0,184,5,296,31,0,332,779,0,779,1111
08/07/2016,GFK,ND,AGL,CE,Towers with Radar,5,15,1,0,21,0,2,15,0,17,5,17,16,0,38,23,0,23,61
08/08/2016,GFK,ND,AGL,CE,Towers with Radar,8,117,24,0,149,0,144,4,0,148,8,261,28,0,297,550,0,550,847
08/09/2016,GFK,ND,AGL,CE,Towers with Radar,9,122,33,2,166,0,134,21,0,155,9,256,54,2,321,926,0,926,1247
08/10/2016,GFK,ND,AGL,CE,Towers with Radar,9,86,21,0,116,0,118,14,0,132,9,204,35,0,248,506,0,506,754
08/11/2016,GFK,ND,AGL,CE,Towers with Radar,11,120,26,0,157,0,73,14,0,87,11,193,40,0,244,564,0,564,808
08/12/2016,GFK,ND,AGL,CE,Towers with Radar,6,113,37,0,156,0,218,28,0,246,6,331,65,0,402,768,0,768,1170
08/13/2016,GFK,ND,AGL,CE,Towers with Radar,6,107,13,0,126,0,144,10,0,154,6,251,23,0,280,682,0,682,962
08/14/2016,GFK,ND,AGL,CE,Towers with Radar,2,20,3,0,25,0,1,19,0,20,2,21,22,0,45,41,0,41,86
08/15/2016,GFK,ND,AGL,CE,Towers with Radar,5,154,23,2,184,0,235,21,2,258,5,389,44,4,442,873,0,873,1315
08/16/2016,GFK,ND,AGL,CE,Towers with Radar,12,142,35,0,189,0,222,34,0,256,12,364,69,0,445,1165,0,1165,1610
08/17/2016,GFK,ND,AGL,CE,Towers with Radar,12,79,25,0,116,0,113,16,2,131,12,192,41,2,247,489,0,489,736
08/18/2016,GFK,ND,AGL,CE,Towers with Radar,13,131,26,2,172,0,126,27,3,156,13,257,53,5,328,511,0,511,839
08/19/2016,GFK,ND,AGL,CE,Towers with Radar,7,135,17,0,159,0,255,22,0,277,7,390,39,0,436,695,0,695,1131
08/20/2016,GFK,ND,AGL,CE,Towers with Radar,3,142,10,2,157,0,74,10,0,84,3,216,20,2,241,472,0,472,713
08/21/2016,GFK,ND,AGL,CE,Towers with Radar,5,36,10,0,51,0,51,20,0,71,5,87,30,0,122,209,0,209,331
08/22/2016,GFK,ND,AGL,CE,Towers with Radar,6,107,16,0,129,0,239,45,0,284,6,346,61,0,413,660,0,660,1073
08/23/2016,GFK,ND,AGL,CE,Towers with Radar,8,73,35,1,117,0,116,20,0,136,8,189,55,1,253,418,0,418,671
08/24/2016,GFK,ND,AGL,CE,Towers with Radar,16,92,29,0,137,0,242,10,0,252,16,334,39,0,389,508,0,508,897
08/25/2016,GFK,ND,AGL,CE,Towers with Radar,13,140,34,4,191,0,165,19,0,184,13,305,53,4,375,582,0,582,957
08/26/2016,GFK,ND,AGL,CE,Towers with Radar,7,111,20,2,140,0,354,24,1,379,7,465,44,3,519,798,0,798,1317
08/27/2016,GFK,ND,AGL,CE,Towers with Radar,3,49,10,2,64,0,8,8,0,16,3,57,18,2,80,50,0,50,130
08/28/2016,GFK,ND,AGL,CE,Towers with Radar,8,41,11,0,60,0,143,29,0,172,8,184,40,0,232,405,0,405,637
08/29/2016,GFK,ND,AGL,CE,Towers with Radar,8,178,15,0,201,0,281,33,1,315,8,459,48,1,516,946,0,946,1462
08/30/2016,GFK,ND,AGL,CE,Towers with Radar,12,156,24,0,192,0,509,26,0,535,12,665,50,0,727,918,0,918,1645
08/31/2016,GFK,ND,AGL,CE,Towers with Radar,12,167,25,0,204,0,455,26,0,481,12,622,51,0,685,951,0,951,1636
09/01/2016,GFK,ND,AGL,CE,Towers with Radar,13,136,17,0,166,0,402,28,4,434,13,538,45,4,600,1013,0,1013,1613
09/02/2016,GFK,ND,AGL,CE,Towers with Radar,7,60,22,0,89,0,105,18,0,123,7,165,40,0,212,341,0,341,553
09/03/2016,GFK,ND,AGL,CE,Towers with Radar,4,84,5,0,93,0,178,5,0,183,4,262,10,0,276,522,0,522,798
09/04/2016,GFK,ND,AGL,CE,Towers with Radar,12,7,6,0,25,0,0,0,0,0,12,7,6,0,25,38,0,38,63
09/05/2016,GFK,ND,AGL,CE,Towers with Radar,6,169,13,0,188,0,37,3,0,40,6,206,16,0,228,591,0,591,819
09/06/2016,GFK,ND,AGL,CE,Towers with Radar,4,128,21,4,157,0,452,39,0,491,4,580,60,4,648,1159,0,1159,1807
09/07/2016,GFK,ND,AGL,CE,Towers with Radar,9,103,26,0,138,0,288,17,0,305,9,391,43,0,443,673,0,673,1116
09/08/2016,GFK,ND,AGL,CE,Towers with Radar,13,133,22,0,168,0,454,27,0,481,13,587,49,0,649,988,0,988,1637
09/09/2016,GFK,ND,AGL,CE,Towers with Radar,9,154,41,0,204,0,397,24,0,421,9,551,65,0,625,1090,0,1090,1715
09/10/2016,GFK,ND,AGL,CE,Towers with Radar,7,139,11,0,157,0,413,24,0,437,7,552,35,0,594,696,0,696,1290
09/11/2016,GFK,ND,AGL,CE,Towers with Radar,7,23,21,1,52,0,135,22,0,157,7,158,43,1,209,343,0,343,552
09/12/2016,GFK,ND,AGL,CE,Towers with Radar,6,120,18,0,144,0,359,25,0,384,6,479,43,0,528,1041,0,1041,1569
09/13/2016,GFK,ND,AGL,CE,Towers with Radar,9,142,31,0,182,0,276,32,1,309,9,418,63,1,491,977,0,977,1468
09/14/2016,GFK,ND,AGL,CE,Towers with Radar,10,142,30,0,182,0,442,36,0,478,10,584,66,0,660,996,0,996,1656
09/15/2016,GFK,ND,AGL,CE,Towers with Radar,13,184,27,0,224,0,106,16,0,122,13,290,43,0,346,957,0,957,1303
09/16/2016,GFK,ND,AGL,CE,Towers with Radar,7,140,24,0,171,0,13,14,0,27,7,153,38,0,198,389,0,389,587
09/17/2016,GFK,ND,AGL,CE,Towers with Radar,3,125,13,0,141,0,398,41,3,442,3,523,54,3,583,871,0,871,1454
09/18/2016,GFK,ND,AGL,CE,Towers with Radar,7,26,14,0,47,0,83,17,0,100,7,109,31,0,147,363,0,363,510
09/19/2016,GFK,ND,AGL,CE,Towers with Radar,6,81,26,1,114,0,214,25,0,239,6,295,51,1,353,559,0,559,912
09/20/2016,GFK,ND,AGL,CE,Towers with Radar,9,130,31,0,170,0,453,30,0,483,9,583,61,0,653,991,0,991,1644
09/21/2016,GFK,ND,AGL,CE,Towers with Radar,12,183,32,0,227,0,386,53,0,439,12,569,85,0,666,1002,0,1002,1668
09/22/2016,GFK,ND,AGL,CE,Towers with Radar,13,168,26,1,208,0,316,39,1,356,13,484,65,2,564,877,0,877,1441
09/23/2016,GFK,ND,AGL,CE,Towers with Radar,8,95,20,0,123,0,146,21,0,167,8,241,41,0,290,594,0,594,884
09/24/2016,GFK,ND,AGL,CE,Towers with Radar,5,105,9,0,119,0,11,7,0,18,5,116,16,0,137,56,0,56,193
09/25/2016,GFK,ND,AGL,CE,Towers with Radar,7,23,9,0,39,0,0,3,0,3,7,23,12,0,42,12,0,12,54
09/26/2016,GFK,ND,AGL,CE,Towers with Radar,6,70,20,0,96,0,125,16,0,141,6,195,36,0,237,384,0,384,621
09/27/2016,GFK,ND,AGL,CE,Towers with Radar,9,211,21,0,241,0,310,36,0,346,9,521,57,0,587,890,0,890,1477
09/28/2016,GFK,ND,AGL,CE,Towers with Radar,16,208,31,0,255,0,301,38,0,339,16,509,69,0,594,1357,0,1357,1951
09/29/2016,GFK,ND,AGL,CE,Towers with Radar,13,164,36,0,213,0,380,22,2,404,13,544,58,2,617,1080,0,1080,1697
09/30/2016,GFK,ND,AGL,CE,Towers with Radar,12,196,34,0,242,0,361,36,0,397,12,557,70,0,639,997,0,997,1636
10/01/2016,GFK,ND,AGL,CE,Towers with Radar,11,113,10,2,136,0,285,26,0,311,11,398,36,2,447,802,0,802,1249
10/02/2016,GFK,ND,AGL,CE,Towers with Radar,8,35,14,0,57,0,110,26,0,136,8,145,40,0,193,340,0,340,533
10/03/2016,GFK,ND,AGL,CE,Towers with Radar,4,100,20,0,124,0,133,21,0,154,4,233,41,0,278,343,0,343,621
10/04/2016,GFK,ND,AGL,CE,Towers with Radar,8,78,34,0,120,0,23,9,0,32,8,101,43,0,152,127,0,127,279
10/05/2016,GFK,ND,AGL,CE,Towers with Radar,12,66,30,0,108,0,84,11,0,95,12,150,41,0,203,303,0,303,506
10/06/2016,GFK,ND,AGL,CE,Towers with Radar,10,191,25,0,226,0,317,19,0,336,10,508,44,0,562,959,0,959,1521
10/07/2016,GFK,ND,AGL,CE,Towers with Radar,6,83,31,0,120,0,145,17,1,163,6,228,48,1,283,870,0,870,1153
10/08/2016,GFK,ND,AGL,CE,Towers with Radar,9,86,15,0,110,0,163,9,0,172,9,249,24,0,282,611,0,611,893
10/09/2016,GFK,ND,AGL,CE,Towers with Radar,9,42,11,0,62,0,58,11,0,69,9,100,22,0,131,146,0,146,277
10/10/2016,GFK,ND,AGL,CE,Towers with Radar,4,187,41,2,234,0,431,27,0,458,4,618,68,2,692,937,0,937,1629
10/11/2016,GFK,ND,AGL,CE,Towers with Radar,7,45,41,0,93,0,5,5,0,10,7,50,46,0,103,231,0,231,334
10/12/2016,GFK,ND,AGL,CE,Towers with Radar,11,160,33,2,206,0,349,27,0,376,11,509,60,2,582,1031,0,1031,1613
10/13/2016,GFK,ND,AGL,CE,Towers with Radar,8,184,45,0,237,0,456,48,0,504,8,640,93,0,741,1065,0,1065,1806
10/14/2016,GFK,ND,AGL,CE,Towers with Radar,6,128,47,0,181,0,295,35,0,330,6,423,82,0,511,757,0,757,1268
10/15/2016,GFK,ND,AGL,CE,Towers with Radar,11,90,12,3,116,0,297,24,2,323,11,387,36,5,439,718,0,718,1157
10/16/2016,GFK,ND,AGL,CE,Towers with Radar,5,29,13,0,47,0,58,3,0,61,5,87,16,0,108,206,0,206,314
10/17/2016,GFK,ND,AGL,CE,Towers with Radar,3,128,21,0,152,0,345,18,0,363,3,473,39,0,515,996,0,996,1511
10/18/2016,GFK,ND,AGL,CE,Towers with Radar,6,120,39,0,165,0,329,29,0,358,6,449,68,0,523,930,0,930,1453
10/19/2016,GFK,ND,AGL,CE,Towers with Radar,12,106,35,0,153,0,238,21,0,259,12,344,56,0,412,1009,0,1009,1421
10/20/2016,GFK,ND,AGL,CE,Towers with Radar,11,125,35,0,171,0,318,32,0,350,11,443,67,0,521,793,0,793,1314
10/21/2016,GFK,ND,AGL,CE,Towers with Radar,6,110,26,0,142,0,254,21,1,276,6,364,47,1,418,670,0,670,1088
10/22/2016,GFK,ND,AGL,CE,Towers with Radar,11,88,14,0,113,0,366,23,0,389,11,454,37,0,502,1033,0,1033,1535
10/23/2016,GFK,ND,AGL,CE,Towers with Radar,6,31,10,0,47,0,34,8,0,42,6,65,18,0,89,241,0,241,330
10/24/2016,GFK,ND,AGL,CE,Towers with Radar,4,129,12,0,145,0,277,20,0,297,4,406,32,0,442,961,0,961,1403
10/25/2016,GFK,ND,AGL,CE,Towers with Radar,9,75,19,0,103,0,229,7,2,238,9,304,26,2,341,324,0,324,665
10/26/2016,GFK,ND,AGL,CE,Towers with Radar,12,102,20,2,136,0,0,0,0,0,12,102,20,2,136,22,0,22,158
10/27/2016,GFK,ND,AGL,CE,Towers with Radar,9,135,30,0,174,0,0,1,0,1,9,135,31,0,175,9,0,9,184
10/28/2016,GFK,ND,AGL,CE,Towers with Radar,8,170,31,4,213,0,51,4,0,55,8,221,35,4,268,273,0,273,541
10/29/2016,GFK,ND,AGL,CE,Towers with Radar,11,46,12,0,69,0,2,7,0,9,11,48,19,0,78,382,0,382,460
10/30/2016,GFK,ND,AGL,CE,Towers with Radar,5,31,31,0,67,0,132,12,0,144,5,163,43,0,211,506,0,506,717
10/31/2016,GFK,ND,AGL,CE,Towers with Radar,3,109,9,0,121,0,1,3,0,4,3,110,12,0,125,158,0,158,283
11/01/2016,GFK,ND,AGL,CE,Towers with Radar,1,151,35,0,187,0,264,10,0,274,1,415,45,0,461,1008,0,1008,1469
11/02/2016,GFK,ND,AGL,CE,Towers with Radar,4,120,25,0,149,0,461,19,0,480,4,581,44,0,629,1040,0,1040,1669
11/03/2016,GFK,ND,AGL,CE,Towers with Radar,3,88,29,0,120,0,221,10,0,231,3,309,39,0,351,586,0,586,937
11/04/2016,GFK,ND,AGL,CE,Towers with Radar,3,85,12,0,100,0,345,33,0,378,3,430,45,0,478,865,0,865,1343
11/05/2016,GFK,ND,AGL,CE,Towers with Radar,9,87,17,0,113,0,349,10,0,359,9,436,27,0,472,707,0,707,1179
11/06/2016,GFK,ND,AGL,CE,Towers with Radar,1,19,15,0,35,0,7,5,0,12,1,26,20,0,47,60,0,60,107
11/07/2016,GFK,ND,AGL,CE,Towers with Radar,6,74,11,0,91,0,171,20,1,192,6,245,31,1,283,481,0,481,764
11/08/2016,GFK,ND,AGL,CE,Towers with Radar,1,90,28,0,119,0,375,18,0,393,1,465,46,0,512,763,0,763,1275
11/09/2016,GFK,ND,AGL,CE,Towers with Radar,6,113,28,1,148,0,335,23,0,358,6,448,51,1,506,849,0,849,1355
11/10/2016,GFK,ND,AGL,CE,Towers with Radar,3,81,28,1,113,0,142,13,0,155,3,223,41,1,268,431,0,431,699
11/11/2016,GFK,ND,AGL,CE,Towers with Radar,1,103,40,0,144,0,314,20,0,334,1,417,60,0,478,715,0,715,1193
11/12/2016,GFK,ND,AGL,CE,Towers with Radar,8,87,23,0,118,0,198,35,0,233,8,285,58,0,351,633,0,633,984
11/13/2016,GFK,ND,AGL,CE,Towers with Radar,1,22,8,0,31,0,37,12,0,49,1,59,20,0,80,85,0,85,165
11/14/2016,GFK,ND,AGL,CE,Towers with Radar,3,90,31,0,124,0,96,12,0,108,3,186,43,0,232,538,0,538,770
11/15/2016,GFK,ND,AGL,CE,Towers with Radar,0,123,35,0,158,0,285,24,0,309,0,408,59,0,467,945,0,945,1412
11/16/2016,GFK,ND,AGL,CE,Towers with Radar,5,122,35,0,162,0,272,28,0,300,5,394,63,0,462,862,0,862,1324
11/17/2016,GFK,ND,AGL,CE,Towers with Radar,3,21,40,0,64,0,8,9,0,17,3,29,49,0,81,127,0,127,208
11/18/2016,GFK,ND,AGL,CE,Towers with Radar,0,13,21,0,34,0,3,4,0,7,0,16,25,0,41,30,0,30,71
11/19/2016,GFK,ND,AGL,CE,Towers with Radar,5,138,25,0,168,0,315,25,0,340,5,453,50,0,508,890,0,890,1398
11/20/2016,GFK,ND,AGL,CE,Towers with Radar,4,56,15,0,75,0,134,22,0,156,4,190,37,0,231,448,0,448,679
11/21/2016,GFK,ND,AGL,CE,Towers with Radar,1,92,26,0,119,0,197,33,0,230,1,289,59,0,349,591,0,591,940
11/22/2016,GFK,ND,AGL,CE,Towers with Radar,1,13,21,0,35,0,0,0,0,0,1,13,21,0,35,0,0,0,35
11/23/2016,GFK,ND,AGL,CE,Towers with Radar,6,15,23,0,44,0,0,0,0,0,6,15,23,0,44,0,0,0,44
11/24/2016,GFK,ND,AGL,CE,Towers with Radar,4,7,0,0,11,0,0,0,0,0,4,7,0,0,11,0,0,0,11
11/25/2016,GFK,ND,AGL,CE,Towers with Radar,3,78,8,0,89,0,109,21,0,130,3,187,29,0,219,530,0,530,749
11/26/2016,GFK,ND,AGL,CE,Towers with Radar,3,119,12,0,134,0,157,18,0,175,3,276,30,0,309,530,0,530,839
11/27/2016,GFK,ND,AGL,CE,Towers with Radar,2,14,7,0,23,0,0,0,0,0,2,14,7,0,23,0,0,0,23
11/28/2016,GFK,ND,AGL,CE,Towers with Radar,3,29,23,0,55,0,1,0,0,1,3,30,23,0,56,2,0,2,58
11/29/2016,GFK,ND,AGL,CE,Towers with Radar,1,18,20,0,39,0,0,0,0,0,1,18,20,0,39,0,0,0,39
11/30/2016,GFK,ND,AGL,CE,Towers with Radar,6,21,19,0,46,0,0,0,0,0,6,21,19,0,46,0,0,0,46
12/01/2016,GFK,ND,AGL,CE,Towers with Radar,10,11,27,0,48,0,13,7,0,20,10,24,34,0,68,674,0,674,742
12/02/2016,GFK,ND,AGL,CE,Towers with Radar,1,55,14,0,70,0,118,22,0,140,1,173,36,0,210,836,0,836,1046
12/03/2016,GFK,ND,AGL,CE,Towers with Radar,9,7,15,0,31,0,40,4,0,44,9,47,19,0,75,824,0,824,899
12/04/2016,GFK,ND,AGL,CE,Towers with Radar,4,10,11,0,25,0,0,4,0,4,4,10,15,0,29,106,0,106,135
12/05/2016,GFK,ND,AGL,CE,Towers with Radar,1,17,18,0,36,0,0,0,0,0,1,17,18,0,36,6,0,6,42
12/06/2016,GFK,ND,AGL,CE,Towers with Radar,0,4,0,0,4,0,0,0,0,0,0,4,0,0,4,0,0,0,4
12/07/2016,GFK,ND,AGL,CE,Towers with Radar,6,14,7,0,27,0,0,0,0,0,6,14,7,0,27,0,0,0,27
12/08/2016,GFK,ND,AGL,CE,Towers with Radar,4,18,5,0,27,0,0,0,0,0,4,18,5,0,27,0,0,0,27
12/09/2016,GFK,ND,AGL,CE,Towers with Radar,2,48,14,0,64,0,74,8,0,82,2,122,22,0,146,298,0,298,444
12/10/2016,GFK,ND,AGL,CE,Towers with Radar,5,139,14,0,158,0,256,11,0,267,5,395,25,0,425,725,0,725,1150
12/11/2016,GFK,ND,AGL,CE,Towers with Radar,4,11,5,0,20,0,0,0,0,0,4,11,5,0,20,0,0,0,20
12/12/2016,GFK,ND,AGL,CE,Towers with Radar,1,142,20,0,163,0,148,17,0,165,1,290,37,0,328,376,0,376,704
12/13/2016,GFK,ND,AGL,CE,Towers with Radar,0,171,26,0,197,0,265,17,0,282,0,436,43,0,479,578,0,578,1057
12/14/2016,GFK,ND,AGL,CE,Towers with Radar,5,109,16,0,130,0,184,7,0,191,5,293,23,0,321,403,0,403,724
12/15/2016,GFK,ND,AGL,CE,Towers with Radar,3,183,12,0,198,0,271,21,0,292,3,454,33,0,490,719,0,719,1209
12/16/2016,GFK,ND,AGL,CE,Towers with Radar,1,82,29,0,112,0,181,14,0,195,1,263,43,0,307,571,0,571,878
12/17/2016,GFK,ND,AGL,CE,Towers with Radar,5,101,6,0,112,0,150,3,0,153,5,251,9,0,265,368,0,368,633
12/18/2016,GFK,ND,AGL,CE,Towers with Radar,4,70,7,0,81,0,91,2,0,93,4,161,9,0,174,180,0,180,354
12/19/2016,GFK,ND,AGL,CE,Towers with Radar,1,129,17,0,147,0,209,11,0,220,1,338,28,0,367,487,0,487,854
12/20/2016,GFK,ND,AGL,CE,Towers with Radar,0,95,33,0,128,0,111,12,1,124,0,206,45,1,252,258,0,258,510
12/21/2016,GFK,ND,AGL,CE,Towers with Radar,5,13,20,0,38,0,0,0,0,0,5,13,20,0,38,0,0,0,38
12/22/2016,GFK,ND,AGL,CE,Towers with Radar,5,118,18,0,141,0,148,26,3,177,5,266,44,3,318,472,0,472,790
12/23/2016,GFK,ND,AGL,CE,Towers with Radar,3,94,12,0,109,0,121,12,1,134,3,215,24,1,243,470,0,470,713
12/24/2016,GFK,ND,AGL,CE,Towers with Radar,3,9,1,0,13,0,0,0,0,0,3,9,1,0,13,10,0,10,23
12/25/2016,GFK,ND,AGL,CE,Towers with Radar,1,10,1,0,12,0,0,0,0,0,1,10,1,0,12,0,0,0,12
12/26/2016,GFK,ND,AGL,CE,Towers with Radar,2,11,3,0,16,0,0,1,0,1,2,11,4,0,17,0,0,0,17
12/27/2016,GFK,ND,AGL,CE,Towers with Radar,5,22,14,0,41,0,9,15,0,24,5,31,29,0,65,117,0,117,182
12/28/2016,GFK,ND,AGL,CE,Towers with Radar,5,82,12,0,99,0,126,14,0,140,5,208,26,0,239,425,0,425,664
12/29/2016,GFK,ND,AGL,CE,Towers with Radar,8,71,23,0,102,0,88,10,0,98,8,159,33,0,200,240,0,240,440
12/30/2016,GFK,ND,AGL,CE,Towers with Radar,3,11,26,0,40,0,1,2,0,3,3,12,28,0,43,14,0,14,57
12/31/2016,GFK,ND,AGL,CE,Towers with Radar,6,6,4,0,16,0,0,5,0,5,6,6,9,0,21,0,0,0,21
01/01/2017,GFK,ND,AGL,CE,Towers with Radar,3,4,6,0,13,0,2,8,0,10,3,6,14,0,23,18,0,18,41
01/02/2017,GFK,ND,AGL,CE,Towers with Radar,6,9,1,0,16,0,0,0,0,0,6,9,1,0,16,0,0,0,16
01/03/2017,GFK,ND,AGL,CE,Towers with Radar,1,10,6,0,17,0,0,2,0,2,1,10,8,0,19,0,0,0,19
01/04/2017,GFK,ND,AGL,CE,Towers with Radar,6,43,15,0,64,0,20,8,0,28,6,63,23,0,92,74,0,74,166
01/05/2017,GFK,ND,AGL,CE,Towers with Radar,3,87,20,2,112,0,119,9,0,128,3,206,29,2,240,404,0,404,644
01/06/2017,GFK,ND,AGL,CE,Towers with Radar,2,124,11,0,137,0,160,7,0,167,2,284,18,0,304,585,0,585,889
01/07/2017,GFK,ND,AGL,CE,Towers with Radar,5,94,11,0,110,0,217,2,0,219,5,311,13,0,329,526,0,526,855
01/08/2017,GFK,ND,AGL,CE,Towers with Radar,3,28,4,0,35,0,57,6,0,63,3,85,10,0,98,217,0,217,315
01/09/2017,GFK,ND,AGL,CE,Towers with Radar,1,14,9,0,24,0,5,0,0,5,1,19,9,0,29,39,0,39,68
01/10/2017,GFK,ND,AGL,CE,Towers with Radar,0,33,26,0,59,0,19,4,0,23,0,52,30,0,82,113,0,113,195
01/11/2017,GFK,ND,AGL,CE,Towers with Radar,5,138,17,0,160,0,249,16,0,265,5,387,33,0,425,722,0,722,1147
01/12/2017,GFK,ND,AGL,CE,Towers with Radar,3,43,9,0,55,0,14,1,0,15,3,57,10,0,70,102,0,102,172
01/13/2017,GFK,ND,AGL,CE,Towers with Radar,0,112,19,0,131,0,275,5,0,280,0,387,24,0,411,568,0,568,979
01/14/2017,GFK,ND,AGL,CE,Towers with Radar,5,91,17,0,113,0,352,18,0,370,5,443,35,0,483,668,0,668,1151
01/15/2017,GFK,ND,AGL,CE,Towers with Radar,3,61,5,0,69,0,136,7,0,143,3,197,12,0,212,419,0,419,631
01/16/2017,GFK,ND,AGL,CE,Towers with Radar,0,33,17,0,50,0,413,30,0,443,0,446,47,0,493,872,0,872,1365
01/17/2017,GFK,ND,AGL,CE,Towers with Radar,0,124,22,0,146,0,343,19,0,362,0,467,41,0,508,673,0,673,1181
01/18/2017,GFK,ND,AGL,CE,Towers with Radar,5,156,27,2,190,0,384,32,0,416,5,540,59,2,606,1160,0,1160,1766
01/19/2017,GFK,ND,AGL,CE,Towers with Radar,2,21,25,0,48,0,0,3,0,3,2,21,28,0,51,0,0,0,51
01/20/2017,GFK,ND,AGL,CE,Towers with Radar,2,12,10,2,26,0,0,0,0,0,2,12,10,2,26,0,0,0,26
01/21/2017,GFK,ND,AGL,CE,Towers with Radar,4,25,16,0,45,0,0,0,0,0,4,25,16,0,45,0,0,0,45
01/22/2017,GFK,ND,AGL,CE,Towers with Radar,3,17,6,0,26,0,1,2,0,3,3,18,8,0,29,70,0,70,99
01/23/2017,GFK,ND,AGL,CE,Towers with Radar,0,35,11,1,47,0,193,29,0,222,0,228,40,1,269,1099,0,1099,1368
01/24/2017,GFK,ND,AGL,CE,Towers with Radar,3,13,24,0,40,0,23,14,0,37,3,36,38,0,77,944,0,944,1021
01/25/2017,GFK,ND,AGL,CE,Towers with Radar,10,8,23,0,41,0,0,0,0,0,10,8,23,0,41,8,0,8,49
01/26/2017,GFK,ND,AGL,CE,Towers with Radar,2,98,20,4,124,0,149,23,0,172,2,247,43,4,296,837,0,837,1133
01/27/2017,GFK,ND,AGL,CE,Towers with Radar,1,185,16,0,202,0,475,41,0,516,1,660,57,0,718,688,0,688,1406
01/28/2017,GFK,ND,AGL,CE,Towers with Radar,6,30,7,0,43,0,45,5,0,50,6,75,12,0,93,495,0,495,588
01/29/2017,GFK,ND,AGL,CE,Towers with Radar,6,53,8,0,67,0,163,7,0,170,6,216,15,0,237,432,0,432,669
01/30/2017,GFK,ND,AGL,CE,Towers with Radar,2,15,8,0,25,0,0,2,0,2,2,15,10,0,27,0,0,0,27
01/31/2017,GFK,ND,AGL,CE,Towers with Radar,0,37,24,4,65,0,194,19,0,213,0,231,43,4,278,522,0,522,800
02/01/2017,GFK,ND,AGL,CE,Towers with Radar,5,219,21,0,245,0,488,37,0,525,5,707,58,0,770,782,0,782,1552
02/02/2017,GFK,ND,AGL,CE,Towers with Radar,4,132,20,2,158,0,343,37,0,380,4,475,57,2,538,707,0,707,1245
02/03/2017,GFK,ND,AGL,CE,Towers with Radar,6,193,12,0,211,0,422,30,2,454,6,615,42,2,665,867,0,867,1532
02/04/2017,GFK,ND,AGL,CE,Towers with Radar,5,8,11,0,24,0,10,3,0,13,5,18,14,0,37,136,0,136,173
02/05/2017,GFK,ND,AGL,CE,Towers with Radar,3,22,7,0,32,0,87,1,0,88,3,109,8,0,120,346,0,346,466
02/06/2017,GFK,ND,AGL,CE,Towers with Radar,1,60,22,2,85,0,94,9,0,103,1,154,31,2,188,457,0,457,645
02/07/2017,GFK,ND,AGL,CE,Towers with Radar,3,62,20,0,85,0,21,3,0,24,3,83,23,0,109,47,0,47,156
02/08/2017,GFK,ND,AGL,CE,Towers with Radar,5,134,17,2,158,0,389,27,0,416,5,523,44,2,574,772,0,772,1346
02/09/2017,GFK,ND,AGL,CE,Towers with Radar,3,148,18,0,169,0,344,29,0,373,3,492,47,0,542,744,0,744,1286
02/10/2017,GFK,ND,AGL,CE,Towers with Radar,4,123,14,2,143,0,316,16,1,333,4,439,30,3,476,727,0,727,1203
02/11/2017,GFK,ND,AGL,CE,Towers with Radar,5,92,12,0,109,0,57,2,0,59,5,149,14,0,168,251,0,251,419
02/12/2017,GFK,ND,AGL,CE,Towers with Radar,5,45,5,0,55,0,172,14,0,186,5,217,19,0,241,476,0,476,717
02/13/2017,GFK,ND,AGL,CE,Towers with Radar,3,185,22,0,210,0,405,21,0,426,3,590,43,0,636,778,0,778,1414
02/14/2017,GFK,ND,AGL,CE,Towers with Radar,1,139,18,0,158,0,218,14,1,233,1,357,32,1,391,443,0,443,834
02/15/2017,GFK,ND,AGL,CE,Towers with Radar,4,198,26,0,228,0,392,36,0,428,4,590,62,0,656,649,0,649,1305
02/16/2017,GFK,ND,AGL,CE,Towers with Radar,4,150,28,0,182,0,378,36,1,415,4,528,64,1,597,909,0,909,1506
02/17/2017,GFK,ND,AGL,CE,Towers with Radar,3,163,21,0,187,0,371,46,1,418,3,534,67,1,605,605,0,605,1210
02/18/2017,GFK,ND,AGL,CE,Towers with Radar,5,134,17,0,156,0,328,16,0,344,5,462,33,0,500,828,0,828,1328
02/19/2017,GFK,ND,AGL,CE,Towers with Radar,5,51,8,0,64,0,137,14,0,151,5,188,22,0,215,372,0,372,587
02/20/2017,GFK,ND,AGL,CE,Towers with Radar,3,31,20,0,54,0,10,1,0,11,3,41,21,0,65,54,0,54,119
02/21/2017,GFK,ND,AGL,CE,Towers with Radar,3,112,31,0,146,0,187,13,0,200,3,299,44,0,346,445,0,445,791
02/22/2017,GFK,ND,AGL,CE,Towers with Radar,3,96,18,0,117,0,48,4,0,52,3,144,22,0,169,265,0,265,434
02/23/2017,GFK,ND,AGL,CE,Towers with Radar,3,75,37,0,115,0,167,24,0,191,3,242,61,0,306,876,0,876,1182
02/24/2017,GFK,ND,AGL,CE,Towers with Radar,2,153,27,0,182,0,369,22,0,391,2,522,49,0,573,788,0,788,1361
02/25/2017,GFK,ND,AGL,CE,Towers with Radar,5,111,12,0,128,0,241,16,0,257,5,352,28,0,385,976,0,976,1361
02/26/2017,GFK,ND,AGL,CE,Towers with Radar,3,46,17,0,66,0,95,18,0,113,3,141,35,0,179,272,0,272,451
02/27/2017,GFK,ND,AGL,CE,Towers with Radar,3,140,32,0,175,0,379,7,0,386,3,519,39,0,561,1005,0,1005,1566
02/28/2017,GFK,ND,AGL,CE,Towers with Radar,1,178,20,1,200,0,379,5,0,384,1,557,25,1,584,1017,0,1017,1601
03/01/2017,GFK,ND,AGL,CE,Towers with Radar,4,119,26,0,149,0,155,12,0,167,4,274,38,0,316,679,0,679,995
03/02/2017,GFK,ND,AGL,CE,Towers with Radar,4,191,29,0,224,0,394,18,0,412,4,585,47,0,636,713,0,713,1349
03/03/2017,GFK,ND,AGL,CE,Towers with Radar,1,136,21,0,158,0,333,5,0,338,1,469,26,0,496,733,0,733,1229
03/04/2017,GFK,ND,AGL,CE,Towers with Radar,5,116,8,0,129,0,176,9,0,185,5,292,17,0,314,563,0,563,877
03/05/2017,GFK,ND,AGL,CE,Towers with Radar,6,54,7,0,67,0,147,18,0,165,6,201,25,0,232,536,0,536,768
03/06/2017,GFK,ND,AGL,CE,Towers with Radar,2,61,20,0,83,0,1,0,0,1,2,62,20,0,84,20,0,20,104
03/07/2017,GFK,ND,AGL,CE,Towers with Radar,0,10,7,0,17,0,0,0,0,0,0,10,7,0,17,0,0,0,17
03/08/2017,GFK,ND,AGL,CE,Towers with Radar,7,119,20,0,146,0,50,10,0,60,7,169,30,0,206,142,0,142,348
03/09/2017,GFK,ND,AGL,CE,Towers with Radar,5,154,21,0,180,0,314,23,0,337,5,468,44,0,517,682,0,682,1199
03/10/2017,GFK,ND,AGL,CE,Towers with Radar,2,192,19,0,213,0,286,26,0,312,2,478,45,0,525,854,0,854,1379
03/11/2017,GFK,ND,AGL,CE,Towers with Radar,7,119,5,0,131,0,273,15,0,288,7,392,20,0,419,751,0,751,1170
03/12/2017,GFK,ND,AGL,CE,Towers with Radar,3,13,7,0,23,0,15,0,0,15,3,28,7,0,38,339,0,339,377
03/13/2017,GFK,ND,AGL,CE,Towers with Radar,3,155,16,4,178,0,310,23,0,333,3,465,39,4,511,752,0,752,1263
03/14/2017,GFK,ND,AGL,CE,Towers with Radar,4,146,18,0,168,0,319,27,0,346,4,465,45,0,514,800,0,800,1314
03/15/2017,GFK,ND,AGL,CE,Towers with Radar,5,161,15,0,181,0,318,32,0,350,5,479,47,0,531,731,0,731,1262
03/16/2017,GFK,ND,AGL,CE,Towers with Radar,3,87,18,0,108,0,137,16,0,153,3,224,34,0,261,734,0,734,995
03/17/2017,GFK,ND,AGL,CE,Towers with Radar,3,15,10,0,28,0,0,2,0,2,3,15,12,0,30,41,0,41,71
03/18/2017,GFK,ND,AGL,CE,Towers with Radar,5,33,10,0,48,0,17,2,0,19,5,50,12,0,67,77,0,77,144
03/19/2017,GFK,ND,AGL,CE,Towers with Radar,5,54,8,0,67,0,100,17,0,117,5,154,25,0,184,312,0,312,496
03/20/2017,GFK,ND,AGL,CE,Towers with Radar,2,156,15,0,173,0,330,32,0,362,2,486,47,0,535,697,0,697,1232
03/21/2017,GFK,ND,AGL,CE,Towers with Radar,3,123,13,0,139,0,279,23,0,302,3,402,36,0,441,877,0,877,1318
03/22/2017,GFK,ND,AGL,CE,Towers with Radar,2,88,12,2,104,0,156,10,0,166,2,244,22,2,270,530,0,530,800
03/23/2017,GFK,ND,AGL,CE,Towers with Radar,3,103,21,0,127,0,116,1,0,117,3,219,22,0,244,526,0,526,770
03/24/2017,GFK,ND,AGL,CE,Towers with Radar,2,80,18,0,100,0,250,15,0,265,2,330,33,0,365,1284,0,1284,1649
03/25/2017,GFK,ND,AGL,CE,Towers with Radar,6,66,5,0,77,0,169,18,0,187,6,235,23,0,264,755,0,755,1019
03/26/2017,GFK,ND,AGL,CE,Towers with Radar,4,42,9,0,55,0,25,6,0,31,4,67,15,0,86,110,0,110,196
03/27/2017,GFK,ND,AGL,CE,Towers with Radar,3,146,21,1,171,0,0,0,0,0,3,146,21,1,171,0,0,0,171
03/28/2017,GFK,ND,AGL,CE,Towers with Radar,3,175,23,4,205,0,361,52,0,413,3,536,75,4,618,1107,0,1107,1725
03/29/2017,GFK,ND,AGL,CE,Towers with Radar,3,181,22,0,206,0,483,27,0,510,3,664,49,0,716,838,0,838,1554
03/30/2017,GFK,ND,AGL,CE,Towers with Radar,3,155,13,0,171,0,348,28,0,376,3,503,41,0,547,997,0,997,1544
03/31/2017,GFK,ND,AGL,CE,Towers with Radar,4,178,28,0,210,0,353,23,2,378,4,531,51,2,588,903,0,903,1491
04/01/2017,GFK,ND,AGL,CE,Towers with Radar,5,127,6,0,138,0,170,11,0,181,5,297,17,0,319,1087,0,1087,1406
04/02/2017,GFK,ND,AGL,CE,Towers with Radar,3,33,10,0,46,0,79,8,0,87,3,112,18,0,133,262,0,262,395
04/03/2017,GFK,ND,AGL,CE,Towers with Radar,3,179,11,0,193,0,427,28,0,455,3,606,39,0,648,1167,0,1167,1815
04/04/2017,GFK,ND,AGL,CE,Towers with Radar,1,119,14,0,134,0,328,27,0,355,1,447,41,0,489,986,0,986,1475
04/05/2017,GFK,ND,AGL,CE,Towers with Radar,4,160,24,0,188,0,348,19,0,367,4,508,43,0,555,1022,0,1022,1577
04/06/2017,GFK,ND,AGL,CE,Towers with Radar,3,96,13,0,112,0,322,35,0,357,3,418,48,0,469,1062,0,1062,1531
04/07/2017,GFK,ND,AGL,CE,Towers with Radar,3,74,25,0,102,0,113,11,0,124,3,187,36,0,226,395,0,395,621
04/08/2017,GFK,ND,AGL,CE,Towers with Radar,4,119,11,0,134,0,306,28,0,334,4,425,39,0,468,932,0,932,1400
04/09/2017,GFK,ND,AGL,CE,Towers with Radar,3,10,10,0,23,0,0,7,0,7,3,10,17,0,30,35,0,35,65
04/10/2017,GFK,ND,AGL,CE,Towers with Radar,3,130,13,0,146,0,192,7,0,199,3,322,20,0,345,675,0,675,1020
04/11/2017,GFK,ND,AGL,CE,Towers with Radar,1,112,24,0,137,0,379,27,0,406,1,491,51,0,543,1170,0,1170,1713
04/12/2017,GFK,ND,AGL,CE,Towers with Radar,4,158,34,0,196,0,358,31,0,389,4,516,65,0,585,959,0,959,1544
04/13/2017,GFK,ND,AGL,CE,Towers with Radar,3,120,16,1,140,0,317,25,3,345,3,437,41,4,485,899,0,899,1384
04/14/2017,GFK,ND,AGL,CE,Towers with Radar,3,39,18,0,60,0,1,3,0,4,3,40,21,0,64,52,0,52,116
04/15/2017,GFK,ND,AGL,CE,Towers with Radar,6,97,7,0,110,0,249,23,0,272,6,346,30,0,382,804,0,804,1186
04/16/2017,GFK,ND,AGL,CE,Towers with Radar,3,6,7,0,16,0,0,8,0,8,3,6,15,0,24,22,0,22,46
04/17/2017,GFK,ND,AGL,CE,Towers with Radar,2,113,22,0,137,0,233,22,0,255,2,346,44,0,392,1261,0,1261,1653
04/18/2017,GFK,ND,AGL,CE,Towers with Radar,0,80,16,2,98,0,87,1,2,90,0,167,17,4,188,552,0,552,740
04/19/2017,GFK,ND,AGL,CE,Towers with Radar,1,132,19,0,152,0,367,32,0,399,1,499,51,0,551,1061,0,1061,1612
04/20/2017,GFK,ND,AGL,CE,Towers with Radar,1,121,26,1,149,0,326,31,0,357,1,447,57,1,506,1024,0,1024,1530
04/21/2017,GFK,ND,AGL,CE,Towers with Radar,3,127,24,0,154,0,323,37,1,361,3,450,61,1,515,1026,0,1026,1541
04/22/2017,GFK,ND,AGL,CE,Towers with Radar,3,93,5,0,101,0,109,7,0,116,3,202,12,0,217,332,0,332,549
04/23/2017,GFK,ND,AGL,CE,Towers with Radar,4,15,5,0,24,0,0,2,0,2,4,15,7,0,26,6,0,6,32
04/24/2017,GFK,ND,AGL,CE,Towers with Radar,5,20,17,0,42,0,0,2,0,2,5,20,19,0,44,0,0,0,44
04/25/2017,GFK,ND,AGL,CE,Towers with Radar,1,14,10,0,25,0,0,4,0,4,1,14,14,0,29,91,0,91,120
04/26/2017,GFK,ND,AGL,CE,Towers with Radar,3,16,16,0,35,0,0,3,0,3,3,16,19,0,38,204,0,204,242
04/27/2017,GFK,ND,AGL,CE,Towers with Radar,1,110,22,0,133,0,225,15,0,240,1,335,37,0,373,982,0,982,1355
04/28/2017,GFK,ND,AGL,CE,Towers with Radar,5,184,21,0,210,0,382,30,0,412,5,566,51,0,622,1022,0,1022,1644
04/29/2017,GFK,ND,AGL,CE,Towers with Radar,4,128,7,0,139,0,377,49,3,429,4,505,56,3,568,991,0,991,1559
04/30/2017,GFK,ND,AGL,CE,Towers with Radar,1,49,9,0,59,0,142,21,0,163,1,191,30,0,222,589,0,589,811
05/01/2017,GFK,ND,AGL,CE,Towers with Radar,2,160,10,0,172,0,353,34,0,387,2,513,44,0,559,1143,0,1143,1702
05/02/2017,GFK,ND,AGL,CE,Towers with Radar,1,103,29,0,133,0,362,36,0,398,1,465,65,0,531,1264,0,1264,1795
05/03/2017,GFK,ND,AGL,CE,Towers with Radar,1,125,41,0,167,0,272,16,1,289,1,397,57,1,456,1019,0,1019,1475
05/04/2017,GFK,ND,AGL,CE,Towers with Radar,1,109,17,2,129,0,324,34,0,358,1,433,51,2,487,815,0,815,1302
05/05/2017,GFK,ND,AGL,CE,Towers with Radar,2,89,25,0,116,0,227,39,0,266,2,316,64,0,382,677,0,677,1059
05/06/2017,GFK,ND,AGL,CE,Towers with Radar,3,87,13,0,103,0,226,27,0,253,3,313,40,0,356,788,0,788,1144
05/07/2017,GFK,ND,AGL,CE,Towers with Radar,1,49,10,0,60,0,98,35,0,133,1,147,45,0,193,354,0,354,547
05/08/2017,GFK,ND,AGL,CE,Towers with Radar,3,78,19,0,100,0,70,4,0,74,3,148,23,0,174,416,0,416,590
05/09/2017,GFK,ND,AGL,CE,Towers with Radar,1,109,19,2,131,0,343,26,0,369,1,452,45,2,500,752,0,752,1252
05/10/2017,GFK,ND,AGL,CE,Towers with Radar,1,109,37,0,147,0,278,36,0,314,1,387,73,0,461,923,0,923,1384
05/11/2017,GFK,ND,AGL,CE,Towers with Radar,1,116,29,0,146,0,312,21,0,333,1,428,50,0,479,894,0,894,1373
05/12/2017,GFK,ND,AGL,CE,Towers with Radar,3,92,18,0,113,0,282,31,0,313,3,374,49,0,426,967,0,967,1393
05/13/2017,GFK,ND,AGL,CE,Towers with Radar,3,65,13,0,81,0,169,19,0,188,3,234,32,0,269,668,0,668,937
05/14/2017,GFK,ND,AGL,CE,Towers with Radar,1,23,5,0,29,0,52,16,0,68,1,75,21,0,97,198,0,198,295
05/15/2017,GFK,ND,AGL,CE,Towers with Radar,3,102,12,0,117,0,308,35,0,343,3,410,47,0,460,976,0,976,1436
05/16/2017,GFK,ND,AGL,CE,Towers with Radar,1,71,27,0,99,0,50,13,0,63,1,121,40,0,162,741,0,741,903
05/17/2017,GFK,ND,AGL,CE,Towers with Radar,3,62,13,2,80,0,1,2,0,3,3,63,15,2,83,29,0,29,112
05/18/2017,GFK,ND,AGL,CE,Towers with Radar,1,180,14,1,196,0,447,30,0,477,1,627,44,1,673,1102,0,1102,1775
05/19/2017,GFK,ND,AGL,CE,Towers with Radar,5,116,21,2,144,0,396,38,0,434,5,512,59,2,578,949,0,949,1527
05/20/2017,GFK,ND,AGL,CE,Towers with Radar,4,72,6,0,82,0,251,12,0,263,4,323,18,0,345,1006,0,1006,1351
05/21/2017,GFK,ND,AGL,CE,Towers with Radar,1,15,19,0,35,0,8,7,0,15,1,23,26,0,50,162,0,162,212
05/22/2017,GFK,ND,AGL,CE,Towers with Radar,3,137,21,0,161,0,137,14,0,151,3,274,35,0,312,835,0,835,1147
05/23/2017,GFK,ND,AGL,CE,Towers with Radar,1,142,25,0,168,0,262,23,1,286,1,404,48,1,454,827,0,827,1281
05/24/2017,GFK,ND,AGL,CE,Towers with Radar,1,137,26,0,164,0,279,35,0,314,1,416,61,0,478,588,0,588,1066
05/25/2017,GFK,ND,AGL,CE,Towers with Radar,1,91,26,1,119,0,127,21,0,148,1,218,47,1,267,452,0,452,719
05/26/2017,GFK,ND,AGL,CE,Towers with Radar,3,130,15,0,148,0,403,33,1,437,3,533,48,1,585,938,0,938,1523
05/27/2017,GFK,ND,AGL,CE,Towers with Radar,2,84,8,2,96,0,191,22,0,213,2,275,30,2,309,341,0,341,650
05/28/2017,GFK,ND,AGL,CE,Towers with Radar,0,25,3,0,28,0,15,5,2,22,0,40,8,2,50,128,0,128,178
05/29/2017,GFK,ND,AGL,CE,Towers with Radar,3,43,5,0,51,0,117,13,0,130,3,160,18,0,181,460,0,460,641
05/30/2017,GFK,ND,AGL,CE,Towers with Radar,1,215,25,0,241,0,182,24,2,208,1,397,49,2,449,728,0,728,1177
05/31/2017,GFK,ND,AGL,CE,Towers with Radar,2,166,40,0,208,0,410,46,0,456,2,576,86,0,664,1009,0,1009,1673
06/01/2017,GFK,ND,AGL,CE,Towers with Radar,1,149,22,0,172,0,443,30,0,473,1,592,52,0,645,660,0,660,1305
06/02/2017,GFK,ND,AGL,CE,Towers with Radar,2,129,14,0,145,0,218,31,0,249,2,347,45,0,394,357,0,357,751
06/03/2017,GFK,ND,AGL,CE,Towers with Radar,5,108,9,0,122,0,253,18,0,271,5,361,27,0,393,374,0,374,767
06/04/2017,GFK,ND,AGL,CE,Towers with Radar,1,51,5,4,61,0,85,18,0,103,1,136,23,4,164,312,0,312,476
06/05/2017,GFK,ND,AGL,CE,Towers with Radar,1,161,16,4,182,0,403,28,0,431,1,564,44,4,613,941,0,941,1554
06/06/2017,GFK,ND,AGL,CE,Towers with Radar,5,146,15,0,166,0,331,26,0,357,5,477,41,0,523,766,0,766,1289
06/07/2017,GFK,ND,AGL,CE,Towers with Radar,1,110,16,2,129,0,246,32,0,278,1,356,48,2,407,1047,0,1047,1454
06/08/2017,GFK,ND,AGL,CE,Towers with Radar,1,134,26,0,161,0,354,19,0,373,1,488,45,0,534,744,0,744,1278
06/09/2017,GFK,ND,AGL,CE,Towers with Radar,5,76,18,0,99,0,194,13,0,207,5,270,31,0,306,584,0,584,890
06/10/2017,GFK,ND,AGL,CE,Towers with Radar,3,54,8,0,65,0,84,10,0,94,3,138,18,0,159,302,0,302,461
06/11/2017,GFK,ND,AGL,CE,Towers with Radar,1,40,10,0,51,0,87,13,2,102,1,127,23,2,153,330,0,330,483
06/12/2017,GFK,ND,AGL,CE,Towers with Radar,4,157,13,2,176,0,482,32,0,514,4,639,45,2,690,1242,0,1242,1932
06/13/2017,GFK,ND,AGL,CE,Towers with Radar,2,51,15,0,68,0,19,1,0,20,2,70,16,0,88,160,0,160,248
06/14/2017,GFK,ND,AGL,CE,Towers with Radar,4,87,18,3,112,0,93,8,1,102,4,180,26,4,214,394,0,394,608
06/15/2017,GFK,ND,AGL,CE,Towers with Radar,3,108,13,0,124,0,203,20,0,223,3,311,33,0,347,510,0,510,857
06/16/2017,GFK,ND,AGL,CE,Towers with Radar,2,138,13,0,153,0,367,21,0,388,2,505,34,0,541,722,0,722,1263
06/17/2017,GFK,ND,AGL,CE,Towers with Radar,5,88,4,0,97,0,154,14,0,168,5,242,18,0,265,833,0,833,1098
06/18/2017,GFK,ND,AGL,CE,Towers with Radar,4,56,5,0,65,0,63,8,0,71,4,119,13,0,136,355,0,355,491
06/19/2017,GFK,ND,AGL,CE,Towers with Radar,5,96,19,0,120,0,268,19,0,287,5,364,38,0,407,797,0,797,1204
06/20/2017,GFK,ND,AGL,CE,Towers with Radar,3,151,19,0,173,0,380,55,0,435,3,531,74,0,608,1121,0,1121,1729
06/21/2017,GFK,ND,AGL,CE,Towers with Radar,3,84,21,0,108,0,135,26,0,161,3,219,47,0,269,502,0,502,771
06/22/2017,GFK,ND,AGL,CE,Towers with Radar,3,105,13,0,121,0,213,16,2,231,3,318,29,2,352,475,0,475,827
06/23/2017,GFK,ND,AGL,CE,Towers with Radar,3,116,17,0,136,0,125,14,0,139,3,241,31,0,275,456,0,456,731
06/24/2017,GFK,ND,AGL,CE,Towers with Radar,5,114,16,0,135,0,46,6,0,52,5,160,22,0,187,254,0,254,441
06/25/2017,GFK,ND,AGL,CE,Towers with Radar,4,42,11,0,57,0,127,25,0,152,4,169,36,0,209,356,0,356,565
06/26/2017,GFK,ND,AGL,CE,Towers with Radar,5,96,15,2,118,0,378,48,0,426,5,474,63,2,544,820,0,820,1364
06/27/2017,GFK,ND,AGL,CE,Towers with Radar,3,60,20,1,84,0,195,19,3,217,3,255,39,4,301,624,0,624,925
06/28/2017,GFK,ND,AGL,CE,Towers with Radar,1,113,26,0,140,0,35,8,0,43,1,148,34,0,183,161,0,161,344
06/29/2017,GFK,ND,AGL,CE,Towers with Radar,4,130,30,1,165,0,99,33,0,132,4,229,63,1,297,492,0,492,789
06/30/2017,GFK,ND,AGL,CE,Towers with Radar,5,194,21,1,221,0,128,13,2,143,5,322,34,3,364,736,0,736,1100
07/01/2017,GFK,ND,AGL,CE,Towers with Radar,2,11,5,0,18,0,0,11,0,11,2,11,16,0,29,4,0,4,33
07/02/2017,GFK,ND,AGL,CE,Towers with Radar,0,8,8,0,16,0,0,16,0,16,0,8,24,0,32,0,0,0,32
07/03/2017,GFK,ND,AGL,CE,Towers with Radar,2,33,8,0,43,0,107,14,0,121,2,140,22,0,164,477,0,477,641
07/04/2017,GFK,ND,AGL,CE,Towers with Radar,0,9,1,0,10,0,0,14,2,16,0,9,15,2,26,4,0,4,30
07/05/2017,GFK,ND,AGL,CE,Towers with Radar,0,126,8,3,137,0,381,19,0,400,0,507,27,3,537,1039,0,1039,1576
07/06/2017,GFK,ND,AGL,CE,Towers with Radar,0,114,15,0,129,0,326,24,0,350,0,440,39,0,479,681,0,681,1160
07/07/2017,GFK,ND,AGL,CE,Towers with Radar,3,132,14,0,149,0,401,38,0,439,3,533,52,0,588,859,0,859,1447
07/08/2017,GFK,ND,AGL,CE,Towers with Radar,2,148,4,0,154,0,286,17,0,303,2,434,21,0,457,757,0,757,1214
07/09/2017,GFK,ND,AGL,CE,Towers with Radar,1,11,8,0,20,0,1,15,2,18,1,12,23,2,38,0,0,0,38
07/10/2017,GFK,ND,AGL,CE,Towers with Radar,4,144,17,0,165,0,311,30,0,341,4,455,47,0,506,936,0,936,1442
07/11/2017,GFK,ND,AGL,CE,Towers with Radar,2,107,32,2,143,0,231,25,0,256,2,338,57,2,399,442,0,442,841
07/12/2017,GFK,ND,AGL,CE,Towers with Radar,3,274,37,0,314,0,25,1,0,26,3,299,38,0,340,209,0,209,549
07/13/2017,GFK,ND,AGL,CE,Towers with Radar,3,175,12,0,190,0,410,50,0,460,3,585,62,0,650,860,0,860,1510
07/14/2017,GFK,ND,AGL,CE,Towers with Radar,5,127,14,0,146,0,330,27,0,357,5,457,41,0,503,722,0,722,1225
07/15/2017,GFK,ND,AGL,CE,Towers with Radar,2,162,11,0,175,0,184,17,0,201,2,346,28,0,376,977,0,977,1353
07/16/2017,GFK,ND,AGL,CE,Towers with Radar,1,11,6,0,18,0,1,11,0,12,1,12,17,0,30,25,0,25,55
07/17/2017,GFK,ND,AGL,CE,Towers with Radar,4,96,12,0,112,0,256,30,0,286,4,352,42,0,398,911,0,911,1309
07/18/2017,GFK,ND,AGL,CE,Towers with Radar,2,183,22,0,207,0,408,38,0,446,2,591,60,0,653,1101,0,1101,1754
07/19/2017,GFK,ND,AGL,CE,Towers with Radar,2,150,22,0,174,0,232,41,0,273,2,382,63,0,447,633,0,633,1080
07/20/2017,GFK,ND,AGL,CE,Towers with Radar,4,122,21,0,147,0,311,38,0,349,4,433,59,0,496,1001,0,1001,1497
07/21/2017,GFK,ND,AGL,CE,Towers with Radar,4,76,12,0,92,0,122,29,0,151,4,198,41,0,243,334,0,334,577
07/22/2017,GFK,ND,AGL,CE,Towers with Radar,2,124,10,0,136,0,234,12,0,246,2,358,22,0,382,660,0,660,1042
07/23/2017,GFK,ND,AGL,CE,Towers with Radar,0,9,19,0,28,0,0,7,0,7,0,9,26,0,35,14,0,14,49
07/24/2017,GFK,ND,AGL,CE,Towers with Radar,5,134,14,0,153,0,341,23,0,364,5,475,37,0,517,1057,0,1057,1574
07/25/2017,GFK,ND,AGL,CE,Towers with Radar,2,125,13,0,140,0,337,22,0,359,2,462,35,0,499,1120,0,1120,1619
07/26/2017,GFK,ND,AGL,CE,Towers with Radar,3,153,25,0,181,0,316,31,0,347,3,469,56,0,528,865,0,865,1393
07/27/2017,GFK,ND,AGL,CE,Towers with Radar,3,129,16,0,148,0,318,30,0,348,3,447,46,0,496,968,0,968,1464
07/28/2017,GFK,ND,AGL,CE,Towers with Radar,5,110,15,0,130,0,289,24,0,313,5,399,39,0,443,765,0,765,1208
07/29/2017,GFK,ND,AGL,CE,Towers with Radar,2,105,3,0,110,0,223,18,0,241,2,328,21,0,351,636,0,636,987
07/30/2017,GFK,ND,AGL,CE,Towers with Radar,1,12,14,2,29,0,2,11,0,13,1,14,25,2,42,4,0,4,46
07/31/2017,GFK,ND,AGL,CE,Towers with Radar,5,74,20,0,99,0,214,19,0,233,5,288,39,0,332,435,0,435,767
08/01/2017,GFK,ND,AGL,CE,Towers with Radar,4,123,21,0,148,0,325,25,0,350,4,448,46,0,498,938,0,938,1436
08/02/2017,GFK,ND,AGL,CE,Towers with Radar,3,106,26,0,135,0,152,24,0,176,3,258,50,0,311,654,0,654,965
08/03/2017,GFK,ND,AGL,CE,Towers with Radar,2,128,20,0,150,0,294,41,0,335,2,422,61,0,485,735,0,735,1220
08/04/2017,GFK,ND,AGL,CE,Towers with Radar,5,100,20,0,125,0,213,35,0,248,5,313,55,0,373,827,0,827,1200
08/05/2017,GFK,ND,AGL,CE,Towers with Radar,2,84,16,0,102,0,157,36,0,193,2,241,52,0,295,610,0,610,905
08/06/2017,GFK,ND,AGL,CE,Towers with Radar,1,10,5,0,16,0,2,17,0,19,1,12,22,0,35,8,0,8,43
08/07/2017,GFK,ND,AGL,CE,Towers with Radar,5,88,22,0,115,0,246,17,0,263,5,334,39,0,378,741,0,741,1119
08/08/2017,GFK,ND,AGL,CE,Towers with Radar,3,100,20,0,123,0,203,30,0,233,3,303,50,0,356,704,0,704,1060
08/09/2017,GFK,ND,AGL,CE,Towers with Radar,3,45,35,1,84,0,55,12,0,67,3,100,47,1,151,283,0,283,434
08/10/2017,GFK,ND,AGL,CE,Towers with Radar,3,136,21,2,162,0,204,32,0,236,3,340,53,2,398,676,0,676,1074
08/11/2017,GFK,ND,AGL,CE,Towers with Radar,5,120,33,0,158,0,207,30,0,237,5,327,63,0,395,562,0,562,957
08/12/2017,GFK,ND,AGL,CE,Towers with Radar,2,82,7,0,91,0,178,8,0,186,2,260,15,0,277,694,0,694,971
08/13/2017,GFK,ND,AGL,CE,Towers with Radar,1,15,3,0,19,0,3,3,0,6,1,18,6,0,25,0,0,0,25
08/14/2017,GFK,ND,AGL,CE,Towers with Radar,5,107,17,0,129,0,169,26,0,195,5,276,43,0,324,646,0,646,970
08/15/2017,GFK,ND,AGL,CE,Towers with Radar,1,117,22,2,142,0,212,14,0,226,1,329,36,2,368,598,0,598,966
08/16/2017,GFK,ND,AGL,CE,Towers with Radar,1,99,22,1,123,0,10,4,0,14,1,109,26,1,137,145,0,145,282
08/17/2017,GFK,ND,AGL,CE,Towers with Radar,1,91,19,1,112,0,189,13,0,202,1,280,32,1,314,495,0,495,809
08/18/2017,GFK,ND,AGL,CE,Towers with Radar,3,120,25,0,148,0,214,32,0,246,3,334,57,0,394,601,0,601,995
08/19/2017,GFK,ND,AGL,CE,Towers with Radar,3,108,9,0,120,0,155,18,0,173,3,263,27,0,293,446,0,446,739
08/20/2017,GFK,ND,AGL,CE,Towers with Radar,2,41,14,0,57,0,59,20,0,79,2,100,34,0,136,129,0,129,265
08/21/2017,GFK,ND,AGL,CE,Towers with Radar,3,95,26,4,128,0,173,26,1,200,3,268,52,5,328,752,0,752,1080
08/22/2017,GFK,ND,AGL,CE,Towers with Radar,1,94,37,0,132,0,187,24,0,211,1,281,61,0,343,450,0,450,793
08/23/2017,GFK,ND,AGL,CE,Towers with Radar,1,70,17,4,92,0,286,25,0,311,1,356,42,4,403,747,0,747,1150
08/24/2017,GFK,ND,AGL,CE,Towers with Radar,1,94,20,0,115,0,298,30,0,328,1,392,50,0,443,824,0,824,1267
08/25/2017,GFK,ND,AGL,CE,Towers with Radar,3,126,18,0,147,0,269,13,0,282,3,395,31,0,429,914,0,914,1343
08/26/2017,GFK,ND,AGL,CE,Towers with Radar,3,134,10,0,147,0,40,3,1,44,3,174,13,1,191,323,0,323,514
08/27/2017,GFK,ND,AGL,CE,Towers with Radar,2,44,8,0,54,0,51,8,0,59,2,95,16,0,113,178,0,178,291
08/28/2017,GFK,ND,AGL,CE,Towers with Radar,3,140,20,2,165,0,520,31,0,551,3,660,51,2,716,962,0,962,1678
08/29/2017,GFK,ND,AGL,CE,Towers with Radar,1,124,22,0,147,0,497,36,0,533,1,621,58,0,680,1058,0,1058,1738
08/30/2017,GFK,ND,AGL,CE,Towers with Radar,3,152,17,0,172,0,501,36,0,537,3,653,53,0,709,1066,0,1066,1775
08/31/2017,GFK,ND,AGL,CE,Towers with Radar,1,119,20,0,140,0,325,27,0,352,1,444,47,0,492,996,0,996,1488
09/01/2017,GFK,ND,AGL,CE,Towers with Radar,3,64,12,0,79,0,0,0,0,0,3,64,12,0,79,14,0,14,93
09/02/2017,GFK,ND,AGL,CE,Towers with Radar,2,103,11,0,116,0,381,19,0,400,2,484,30,0,516,916,0,916,1432
09/03/2017,GFK,ND,AGL,CE,Towers with Radar,0,32,1,0,33,0,126,15,0,141,0,158,16,0,174,410,0,410,584
09/04/2017,GFK,ND,AGL,CE,Towers with Radar,2,37,3,0,42,0,186,26,0,212,2,223,29,0,254,638,0,638,892
09/05/2017,GFK,ND,AGL,CE,Towers with Radar,4,128,22,0,154,0,324,23,0,347,4,452,45,0,501,1149,0,1149,1650
09/06/2017,GFK,ND,AGL,CE,Towers with Radar,2,140,25,0,167,0,500,34,0,534,2,640,59,0,701,1257,0,1257,1958
09/07/2017,GFK,ND,AGL,CE,Towers with Radar,2,123,30,0,155,0,445,41,0,486,2,568,71,0,641,1157,0,1157,1798
09/08/2017,GFK,ND,AGL,CE,Towers with Radar,5,137,25,0,167,0,437,26,0,463,5,574,51,0,630,1055,0,1055,1685
09/09/2017,GFK,ND,AGL,CE,Towers with Radar,4,76,16,0,96,0,321,23,0,344,4,397,39,0,440,632,0,632,1072
09/10/2017,GFK,ND,AGL,CE,Towers with Radar,2,25,10,0,37,0,82,19,0,101,2,107,29,0,138,141,0,141,279
09/11/2017,GFK,ND,AGL,CE,Towers with Radar,3,154,31,0,188,0,398,35,0,433,3,552,66,0,621,1142,0,1142,1763
09/12/2017,GFK,ND,AGL,CE,Towers with Radar,1,141,22,0,164,0,430,41,0,471,1,571,63,0,635,723,0,723,1358
09/13/2017,GFK,ND,AGL,CE,Towers with Radar,1,141,30,0,172,0,396,34,0,430,1,537,64,0,602,1088,0,1088,1690
09/14/2017,GFK,ND,AGL,CE,Towers with Radar,1,125,24,0,150,0,124,15,0,139,1,249,39,0,289,814,0,814,1103
09/15/2017,GFK,ND,AGL,CE,Towers with Radar,5,117,33,0,155,0,0,2,0,2,5,117,35,0,157,95,0,95,252
09/16/2017,GFK,ND,AGL,CE,Towers with Radar,3,184,5,0,192,0,2,1,0,3,3,186,6,0,195,7,0,7,202
09/17/2017,GFK,ND,AGL,CE,Towers with Radar,2,48,12,0,62,0,108,21,0,129,2,156,33,0,191,448,0,448,639
09/18/2017,GFK,ND,AGL,CE,Towers with Radar,3,149,12,2,166,0,429,35,1,465,3,578,47,3,631,1080,0,1080,1711
09/19/2017,GFK,ND,AGL,CE,Towers with Radar,1,46,18,0,65,0,4,2,0,6,1,50,20,0,71,61,0,61,132
09/20/2017,GFK,ND,AGL,CE,Towers with Radar,1,190,33,2,226,0,524,35,1,560,1,714,68,3,786,1155,0,1155,1941
09/21/2017,GFK,ND,AGL,CE,Towers with Radar,1,176,15,0,192,0,385,9,0,394,1,561,24,0,586,965,0,965,1551
09/22/2017,GFK,ND,AGL,CE,Towers with Radar,5,185,13,0,203,0,137,30,0,167,5,322,43,0,370,1089,0,1089,1459
09/23/2017,GFK,ND,AGL,CE,Towers with Radar,5,181,5,0,191,0,119,35,0,154,5,300,40,0,345,924,0,924,1269
09/24/2017,GFK,ND,AGL,CE,Towers with Radar,4,42,7,0,53,0,0,0,0,0,4,42,7,0,53,0,0,0,53
09/25/2017,GFK,ND,AGL,CE,Towers with Radar,3,198,18,1,220,0,17,8,0,25,3,215,26,1,245,516,0,516,761
09/26/2017,GFK,ND,AGL,CE,Towers with Radar,1,184,23,0,208,0,34,2,0,36,1,218,25,0,244,161,0,161,405
09/27/2017,GFK,ND,AGL,CE,Towers with Radar,3,98,29,4,134,0,485,20,0,505,3,583,49,4,639,1072,0,1072,1711
09/28/2017,GFK,ND,AGL,CE,Towers with Radar,1,158,29,2,190,0,504,34,1,539,1,662,63,3,729,1089,4,1093,1822
09/29/2017,GFK,ND,AGL,CE,Towers with Radar,5,173,27,0,205,0,468,24,0,492,5,641,51,0,697,1011,0,1011,1708
09/30/2017,GFK,ND,AGL,CE,Towers with Radar,3,88,7,0,98,0,196,28,0,224,3,284,35,0,322,511,0,511,833
10/01/2017,GFK,ND,AGL,CE,Towers with Radar,2,24,18,0,44,0,3,8,0,11,2,27,26,0,55,14,0,14,69
10/02/2017,GFK,ND,AGL,CE,Towers with Radar,2,169,13,0,184,0,381,30,0,411,2,550,43,0,595,964,0,964,1559
10/03/2017,GFK,ND,AGL,CE,Towers with Radar,1,150,13,0,164,0,391,32,0,423,1,541,45,0,587,951,0,951,1538
10/04/2017,GFK,ND,AGL,CE,Towers with Radar,1,161,23,0,185,0,414,24,0,438,1,575,47,0,623,985,0,985,1608
10/05/2017,GFK,ND,AGL,CE,Towers with Radar,1,138,27,0,166,0,409,42,0,451,1,547,69,0,617,973,0,973,1590
10/06/2017,GFK,ND,AGL,CE,Towers with Radar,5,143,21,0,169,0,439,28,0,467,5,582,49,0,636,974,0,974,1610
10/07/2017,GFK,ND,AGL,CE,Towers with Radar,5,85,6,3,99,0,198,15,0,213,5,283,21,3,312,562,0,562,874
10/08/2017,GFK,ND,AGL,CE,Towers with Radar,1,39,12,0,52,0,81,27,0,108,1,120,39,0,160,256,0,256,416
10/09/2017,GFK,ND,AGL,CE,Towers with Radar,3,109,11,0,123,0,373,21,0,394,3,482,32,0,517,990,0,990,1507
10/10/2017,GFK,ND,AGL,CE,Towers with Radar,1,145,23,0,169,0,312,38,1,351,1,457,61,1,520,814,0,814,1334
10/11/2017,GFK,ND,AGL,CE,Towers with Radar,3,97,19,0,119,0,171,15,3,189,3,268,34,3,308,638,0,638,946
10/12/2017,GFK,ND,AGL,CE,Towers with Radar,2,94,25,0,121,0,203,16,0,219,2,297,41,0,340,478,0,478,818
10/13/2017,GFK,ND,AGL,CE,Towers with Radar,3,124,19,2,148,0,386,35,0,421,3,510,54,2,569,1056,0,1056,1625
10/14/2017,GFK,ND,AGL,CE,Towers with Radar,5,84,12,0,101,0,254,20,0,274,5,338,32,0,375,811,0,811,1186
10/15/2017,GFK,ND,AGL,CE,Towers with Radar,3,38,12,0,53,0,123,4,0,127,3,161,16,0,180,414,0,414,594
10/16/2017,GFK,ND,AGL,CE,Towers with Radar,3,122,24,0,149,0,295,14,0,309,3,417,38,0,458,1022,0,1022,1480
10/17/2017,GFK,ND,AGL,CE,Towers with Radar,1,119,26,0,146,0,318,33,0,351,1,437,59,0,497,751,0,751,1248
10/18/2017,GFK,ND,AGL,CE,Towers with Radar,4,47,23,0,74,0,52,7,0,59,4,99,30,0,133,181,0,181,314
10/19/2017,GFK,ND,AGL,CE,Towers with Radar,1,120,21,2,144,0,401,31,0,432,1,521,52,2,576,1037,0,1037,1613
10/20/2017,GFK,ND,AGL,CE,Towers with Radar,4,72,21,0,97,0,111,11,0,122,4,183,32,0,219,324,0,324,543
10/21/2017,GFK,ND,AGL,CE,Towers with Radar,3,75,20,0,98,0,194,21,0,215,3,269,41,0,313,702,0,702,1015
10/22/2017,GFK,ND,AGL,CE,Towers with Radar,1,25,14,0,40,0,91,16,0,107,1,116,30,0,147,321,0,321,468
10/23/2017,GFK,ND,AGL,CE,Towers with Radar,3,46,15,0,64,0,76,5,0,81,3,122,20,0,145,388,0,388,533
10/24/2017,GFK,ND,AGL,CE,Towers with Radar,1,156,21,0,178,0,290,19,0,309,1,446,40,0,487,912,0,912,1399
10/25/2017,GFK,ND,AGL,CE,Towers with Radar,6,131,34,2,173,0,398,50,0,448,6,529,84,2,621,1114,0,1114,1735
10/26/2017,GFK,ND,AGL,CE,Towers with Radar,1,16,6,0,23,0,0,0,0,0,1,16,6,0,23,0,0,0,23
10/27/2017,GFK,ND,AGL,CE,Towers with Radar,5,60,20,0,85,0,97,13,0,110,5,157,33,0,195,648,0,648,843
10/28/2017,GFK,ND,AGL,CE,Towers with Radar,3,57,16,1,77,0,57,2,0,59,3,114,18,1,136,324,0,324,460
10/29/2017,GFK,ND,AGL,CE,Towers with Radar,1,27,6,0,34,0,70,11,1,82,1,97,17,1,116,300,0,300,416
10/30/2017,GFK,ND,AGL,CE,Towers with Radar,2,17,16,1,36,0,0,0,0,0,2,17,16,1,36,0,0,0,36
10/31/2017,GFK,ND,AGL,CE,Towers with Radar,1,162,21,1,185,0,451,49,0,500,1,613,70,1,685,1373,0,1373,2058
11/01/2017,GFK,ND,AGL,CE,Towers with Radar,4,13,16,0,33,0,0,0,0,0,4,13,16,0,33,0,0,0,33
11/02/2017,GFK,ND,AGL,CE,Towers with Radar,3,15,32,0,50,0,4,8,0,12,3,19,40,0,62,208,0,208,270
11/03/2017,GFK,ND,AGL,CE,Towers with Radar,4,19,15,0,38,0,38,10,0,48,4,57,25,0,86,685,0,685,771
11/04/2017,GFK,ND,AGL,CE,Towers with Radar,7,5,8,0,20,0,0,0,0,0,7,5,8,0,20,0,0,0,20
11/05/2017,GFK,ND,AGL,CE,Towers with Radar,0,15,10,0,25,0,19,1,0,20,0,34,11,0,45,191,0,191,236
11/06/2017,GFK,ND,AGL,CE,Towers with Radar,2,188,30,0,220,0,379,37,0,416,2,567,67,0,636,1144,0,1144,1780
11/07/2017,GFK,ND,AGL,CE,Towers with Radar,0,151,31,0,182,0,410,29,1,440,0,561,60,1,622,1067,0,1067,1689
11/08/2017,GFK,ND,AGL,CE,Towers with Radar,2,83,21,0,106,0,131,10,0,141,2,214,31,0,247,532,0,532,779
11/09/2017,GFK,ND,AGL,CE,Towers with Radar,1,121,22,0,144,0,199,21,0,220,1,320,43,0,364,663,0,663,1027
11/10/2017,GFK,ND,AGL,CE,Towers with Radar,4,53,13,0,70,0,66,3,0,69,4,119,16,0,139,159,0,159,298
11/11/2017,GFK,ND,AGL,CE,Towers with Radar,4,15,12,0,31,0,56,19,0,75,4,71,31,0,106,898,0,898,1004
11/12/2017,GFK,ND,AGL,CE,Towers with Radar,0,47,8,0,55,0,103,13,0,116,0,150,21,0,171,515,0,515,686
11/13/2017,GFK,ND,AGL,CE,Towers with Radar,4,153,18,0,175,0,369,28,0,397,4,522,46,0,572,1080,0,1080,1652
11/14/2017,GFK,ND,AGL,CE,Towers with Radar,1,58,11,0,70,0,18,4,0,22,1,76,15,0,92,220,0,220,312
11/15/2017,GFK,ND,AGL,CE,Towers with Radar,6,17,14,0,37,0,4,5,1,10,6,21,19,1,47,225,0,225,272
11/16/2017,GFK,ND,AGL,CE,Towers with Radar,3,21,17,0,41,0,14,0,0,14,3,35,17,0,55,59,0,59,114
11/17/2017,GFK,ND,AGL,CE,Towers with Radar,1,157,15,0,173,0,421,38,0,459,1,578,53,0,632,1200,0,1200,1832
11/18/2017,GFK,ND,AGL,CE,Towers with Radar,6,124,10,0,140,0,341,25,0,366,6,465,35,0,506,946,0,946,1452
11/19/2017,GFK,ND,AGL,CE,Towers with Radar,5,52,14,0,71,0,176,16,0,192,5,228,30,0,263,496,0,496,759
11/20/2017,GFK,ND,AGL,CE,Towers with Radar,2,112,12,2,128,0,292,12,0,304,2,404,24,2,432,830,0,830,1262
11/21/2017,GFK,ND,AGL,CE,Towers with Radar,3,135,22,0,160,0,176,15,0,191,3,311,37,0,351,607,0,607,958
11/22/2017,GFK,ND,AGL,CE,Towers with Radar,5,75,14,0,94,0,60,15,0,75,5,135,29,0,169,644,0,644,813
11/23/2017,GFK,ND,AGL,CE,Towers with Radar,2,10,3,0,15,0,0,4,0,4,2,10,7,0,19,0,0,0,19
11/24/2017,GFK,ND,AGL,CE,Towers with Radar,1,73,5,0,79,0,102,1,0,103,1,175,6,0,182,270,0,270,452
11/25/2017,GFK,ND,AGL,CE,Towers with Radar,3,81,10,0,94,0,139,17,0,156,3,220,27,0,250,556,0,556,806
11/26/2017,GFK,ND,AGL,CE,Towers with Radar,5,37,8,0,50,0,44,6,0,50,5,81,14,0,100,438,0,438,538
11/27/2017,GFK,ND,AGL,CE,Towers with Radar,5,153,16,0,174,0,325,32,0,357,5,478,48,0,531,844,0,844,1375
11/28/2017,GFK,ND,AGL,CE,Towers with Radar,0,70,28,0,98,0,50,19,0,69,0,120,47,0,167,105,0,105,272
11/29/2017,GFK,ND,AGL,CE,Towers with Radar,3,70,17,0,90,0,104,8,0,112,3,174,25,0,202,287,0,287,489
11/30/2017,GFK,ND,AGL,CE,Towers with Radar,5,166,27,0,198,0,351,37,2,390,5,517,64,2,588,864,0,864,1452
12/01/2017,GFK,ND,AGL,CE,Towers with Radar,3,141,24,2,170,0,386,36,0,422,3,527,60,2,592,1000,0,1000,1592
12/02/2017,GFK,ND,AGL,CE,Towers with Radar,6,112,13,0,131,0,315,38,0,353,6,427,51,0,484,826,0,826,1310
12/03/2017,GFK,ND,AGL,CE,Towers with Radar,4,46,8,0,58,0,149,18,0,167,4,195,26,0,225,450,0,450,675
12/04/2017,GFK,ND,AGL,CE,Towers with Radar,0,5,4,0,9,0,0,0,0,0,0,5,4,0,9,0,0,0,9
12/05/2017,GFK,ND,AGL,CE,Towers with Radar,1,59,26,0,86,0,22,7,0,29,1,81,33,0,115,11,0,11,126
12/06/2017,GFK,ND,AGL,CE,Towers with Radar,2,65,17,0,84,0,45,0,0,45,2,110,17,0,129,191,0,191,320
12/07/2017,GFK,ND,AGL,CE,Towers with Radar,3,130,19,0,152,0,260,18,0,278,3,390,37,0,430,903,0,903,1333
12/08/2017,GFK,ND,AGL,CE,Towers with Radar,4,61,21,0,86,0,181,10,0,191,4,242,31,0,277,583,0,583,860
12/09/2017,GFK,ND,AGL,CE,Towers with Radar,8,125,14,0,147,0,195,18,0,213,8,320,32,0,360,924,0,924,1284
12/10/2017,GFK,ND,AGL,CE,Towers with Radar,3,31,7,0,41,0,104,10,0,114,3,135,17,0,155,481,0,481,636
12/11/2017,GFK,ND,AGL,CE,Towers with Radar,1,64,11,0,76,0,33,1,0,34,1,97,12,0,110,123,0,123,233
12/12/2017,GFK,ND,AGL,CE,Towers with Radar,3,157,19,0,179,0,314,32,0,346,3,471,51,0,525,1061,0,1061,1586
12/13/2017,GFK,ND,AGL,CE,Towers with Radar,3,19,16,0,38,0,0,2,0,2,3,19,18,0,40,51,0,51,91
12/14/2017,GFK,ND,AGL,CE,Towers with Radar,3,19,20,0,42,0,2,5,0,7,3,21,25,0,49,68,0,68,117
12/15/2017,GFK,ND,AGL,CE,Towers with Radar,0,19,7,0,26,0,0,0,0,0,0,19,7,0,26,30,0,30,56
12/16/2017,GFK,ND,AGL,CE,Towers with Radar,6,53,4,0,63,0,44,5,0,49,6,97,9,0,112,225,0,225,337
12/17/2017,GFK,ND,AGL,CE,Towers with Radar,3,97,12,0,112,0,224,14,0,238,3,321,26,0,350,502,0,502,852
12/18/2017,GFK,ND,AGL,CE,Towers with Radar,1,62,18,0,81,0,131,19,0,150,1,193,37,0,231,657,0,657,888
12/19/2017,GFK,ND,AGL,CE,Towers with Radar,1,156,19,2,178,0,177,24,0,201,1,333,43,2,379,527,0,527,906
12/20/2017,GFK,ND,AGL,CE,Towers with Radar,5,33,13,0,51,0,26,4,0,30,5,59,17,0,81,231,0,231,312
12/21/2017,GFK,ND,AGL,CE,Towers with Radar,3,111,26,0,140,0,146,14,0,160,3,257,40,0,300,417,0,417,717
12/22/2017,GFK,ND,AGL,CE,Towers with Radar,0,36,14,1,51,0,22,2,0,24,0,58,16,1,75,202,0,202,277
12/23/2017,GFK,ND,AGL,CE,Towers with Radar,5,14,1,0,20,0,0,1,0,1,5,14,2,0,21,0,0,0,21
12/24/2017,GFK,ND,AGL,CE,Towers with Radar,3,10,1,0,14,0,0,4,0,4,3,10,5,0,18,0,0,0,18
12/25/2017,GFK,ND,AGL,CE,Towers with Radar,1,6,0,0,7,0,0,1,0,1,1,6,1,0,8,0,0,0,8
12/26/2017,GFK,ND,AGL,CE,Towers with Radar,1,41,8,0,50,0,41,4,0,45,1,82,12,0,95,144,0,144,239
12/27/2017,GFK,ND,AGL,CE,Towers with Radar,5,88,15,0,108,0,115,4,1,120,5,203,19,1,228,390,0,390,618
12/28/2017,GFK,ND,AGL,CE,Towers with Radar,2,33,7,0,42,0,36,5,0,41,2,69,12,0,83,186,0,186,269
12/29/2017,GFK,ND,AGL,CE,Towers with Radar,1,81,19,0,101,0,82,13,0,95,1,163,32,0,196,370,0,370,566
12/30/2017,GFK,ND,AGL,CE,Towers with Radar,6,12,2,0,20,0,0,1,0,1,6,12,3,0,21,0,0,0,21
12/31/2017,GFK,ND,AGL,CE,Towers with Radar,1,8,3,0,12,0,0,2,0,2,1,8,5,0,14,2,0,2,16
01/01/2018,GFK,ND,AGL,CE,Towers with Radar,3,8,2,0,13,0,0,5,0,5,3,8,7,0,18,0,0,0,18
01/02/2018,GFK,ND,AGL,CE,Towers with Radar,0,12,7,0,19,0,0,3,0,3,0,12,10,0,22,0,0,0,22
01/03/2018,GFK,ND,AGL,CE,Towers with Radar,5,80,10,0,95,0,89,7,0,96,5,169,17,0,191,263,0,263,454
01/04/2018,GFK,ND,AGL,CE,Towers with Radar,2,95,16,0,113,0,103,12,0,115,2,198,28,0,228,252,0,252,480
01/05/2018,GFK,ND,AGL,CE,Towers with Radar,1,133,12,1,147,0,207,18,1,226,1,340,30,2,373,543,0,543,916
01/06/2018,GFK,ND,AGL,CE,Towers with Radar,5,11,9,0,25,0,10,0,0,10,5,21,9,0,35,153,0,153,188
01/07/2018,GFK,ND,AGL,CE,Towers with Radar,2,26,9,0,37,0,24,10,0,34,2,50,19,0,71,194,0,194,265
01/08/2018,GFK,ND,AGL,CE,Towers with Radar,0,140,11,0,151,0,262,18,0,280,0,402,29,0,431,565,0,565,996
01/09/2018,GFK,ND,AGL,CE,Towers with Radar,0,105,20,1,126,0,185,24,1,210,0,290,44,2,336,647,0,647,983
01/10/2018,GFK,ND,AGL,CE,Towers with Radar,2,11,12,0,25,0,6,1,0,7,2,17,13,0,32,86,0,86,118
01/11/2018,GFK,ND,AGL,CE,Towers with Radar,2,11,7,1,21,0,0,2,0,2,2,11,9,1,23,0,0,0,23
01/12/2018,GFK,ND,AGL,CE,Towers with Radar,0,112,19,0,131,0,258,22,0,280,0,370,41,0,411,547,0,547,958
01/13/2018,GFK,ND,AGL,CE,Towers with Radar,5,114,19,0,138,0,312,12,0,324,5,426,31,0,462,652,0,652,1114
01/14/2018,GFK,ND,AGL,CE,Towers with Radar,2,5,7,0,14,0,0,0,0,0,2,5,7,0,14,0,0,0,14
01/15/2018,GFK,ND,AGL,CE,Towers with Radar,1,16,6,0,23,0,0,0,0,0,1,16,6,0,23,0,0,0,23
01/16/2018,GFK,ND,AGL,CE,Towers with Radar,1,110,16,0,127,0,200,7,0,207,1,310,23,0,334,558,0,558,892
01/17/2018,GFK,ND,AGL,CE,Towers with Radar,3,170,21,2,196,0,412,28,0,440,3,582,49,2,636,738,0,738,1374
01/18/2018,GFK,ND,AGL,CE,Towers with Radar,3,156,37,0,196,0,378,20,0,398,3,534,57,0,594,820,0,820,1414
01/19/2018,GFK,ND,AGL,CE,Towers with Radar,1,152,22,2,177,0,398,23,0,421,1,550,45,2,598,820,0,820,1418
01/20/2018,GFK,ND,AGL,CE,Towers with Radar,4,125,6,0,135,0,370,19,0,389,4,495,25,0,524,817,0,817,1341
01/21/2018,GFK,ND,AGL,CE,Towers with Radar,5,9,10,0,24,0,6,1,0,7,5,15,11,0,31,282,0,282,313
01/22/2018,GFK,ND,AGL,CE,Towers with Radar,6,10,4,0,20,0,4,4,0,8,6,14,8,0,28,671,0,671,699
01/23/2018,GFK,ND,AGL,CE,Towers with Radar,4,14,18,0,36,0,0,5,0,5,4,14,23,0,41,91,0,91,132
01/24/2018,GFK,ND,AGL,CE,Towers with Radar,2,19,30,0,51,0,5,2,0,7,2,24,32,0,58,257,0,257,315
01/25/2018,GFK,ND,AGL,CE,Towers with Radar,5,15,23,0,43,0,0,0,0,0,5,15,23,0,43,6,0,6,49
01/26/2018,GFK,ND,AGL,CE,Towers with Radar,1,16,15,0,32,0,6,0,0,6,1,22,15,0,38,387,0,387,425
01/27/2018,GFK,ND,AGL,CE,Towers with Radar,5,23,15,2,45,0,56,4,0,60,5,79,19,2,105,246,0,246,351
01/28/2018,GFK,ND,AGL,CE,Towers with Radar,3,60,6,0,69,0,128,10,0,138,3,188,16,0,207,340,0,340,547
01/29/2018,GFK,ND,AGL,CE,Towers with Radar,1,197,13,0,211,0,532,23,0,555,1,729,36,0,766,1025,0,1025,1791
01/30/2018,GFK,ND,AGL,CE,Towers with Radar,1,26,13,0,40,0,31,1,0,32,1,57,14,0,72,83,0,83,155
01/31/2018,GFK,ND,AGL,CE,Towers with Radar,2,36,9,0,47,0,110,4,0,114,2,146,13,0,161,175,0,175,336
02/01/2018,GFK,ND,AGL,CE,Towers with Radar,3,196,20,1,220,0,443,23,2,468,3,639,43,3,688,1094,0,1094,1782
02/02/2018,GFK,ND,AGL,CE,Towers with Radar,0,107,21,0,128,0,411,23,0,434,0,518,44,0,562,1033,0,1033,1595
02/03/2018,GFK,ND,AGL,CE,Towers with Radar,3,10,2,0,15,0,0,0,0,0,3,10,2,0,15,0,0,0,15
02/04/2018,GFK,ND,AGL,CE,Towers with Radar,3,22,8,0,33,0,61,11,0,72,3,83,19,0,105,183,0,183,288
02/05/2018,GFK,ND,AGL,CE,Towers with Radar,0,195,16,1,212,0,448,15,1,464,0,643,31,2,676,1039,0,1039,1715
02/06/2018,GFK,ND,AGL,CE,Towers with Radar,1,81,11,0,93,0,236,7,0,243,1,317,18,0,336,486,0,486,822
02/07/2018,GFK,ND,AGL,CE,Towers with Radar,3,215,19,0,237,0,428,21,0,449,3,643,40,0,686,944,0,944,1630
02/08/2018,GFK,ND,AGL,CE,Towers with Radar,2,180,13,0,195,0,458,13,0,471,2,638,26,0,666,1094,0,1094,1760
02/09/2018,GFK,ND,AGL,CE,Towers with Radar,1,163,16,0,180,0,447,17,0,464,1,610,33,0,644,907,0,907,1551
02/10/2018,GFK,ND,AGL,CE,Towers with Radar,7,129,3,0,139,0,353,13,0,366,7,482,16,0,505,710,0,710,1215
02/11/2018,GFK,ND,AGL,CE,Towers with Radar,3,62,9,0,74,0,103,3,0,106,3,165,12,0,180,299,0,299,479
02/12/2018,GFK,ND,AGL,CE,Towers with Radar,0,181,17,0,198,0,293,12,0,305,0,474,29,0,503,1032,0,1032,1535
02/13/2018,GFK,ND,AGL,CE,Towers with Radar,1,127,16,0,144,0,136,16,0,152,1,263,32,0,296,538,0,538,834
02/14/2018,GFK,ND,AGL,CE,Towers with Radar,7,187,14,0,208,0,347,23,0,370,7,534,37,0,578,899,0,899,1477
02/15/2018,GFK,ND,AGL,CE,Towers with Radar,3,24,11,0,38,0,4,2,0,6,3,28,13,0,44,10,0,10,54
02/16/2018,GFK,ND,AGL,CE,Towers with Radar,2,53,11,0,66,0,42,42,0,84,2,95,53,0,150,117,0,117,267
02/17/2018,GFK,ND,AGL,CE,Towers with Radar,6,136,6,1,149,0,374,7,1,382,6,510,13,2,531,801,0,801,1332
02/18/2018,GFK,ND,AGL,CE,Towers with Radar,3,8,6,0,17,0,0,0,0,0,3,8,6,0,17,0,0,0,17
02/19/2018,GFK,ND,AGL,CE,Towers with Radar,1,180,18,0,199,0,306,19,0,325,1,486,37,0,524,851,0,851,1375
02/20/2018,GFK,ND,AGL,CE,Towers with Radar,1,125,14,0,140,0,81,7,0,88,1,206,21,0,228,262,0,262,490
02/21/2018,GFK,ND,AGL,CE,Towers with Radar,5,234,24,0,263,0,450,27,1,478,5,684,51,1,741,1072,0,1072,1813
02/22/2018,GFK,ND,AGL,CE,Towers with Radar,4,209,23,0,236,0,448,11,0,459,4,657,34,0,695,1227,0,1227,1922
02/23/2018,GFK,ND,AGL,CE,Towers with Radar,1,164,15,0,180,0,288,30,0,318,1,452,45,0,498,662,0,662,1160
02/24/2018,GFK,ND,AGL,CE,Towers with Radar,4,119,7,0,130,0,247,14,0,261,4,366,21,0,391,782,0,782,1173
02/25/2018,GFK,ND,AGL,CE,Towers with Radar,1,21,13,0,35,0,50,9,0,59,1,71,22,0,94,279,0,279,373
02/26/2018,GFK,ND,AGL,CE,Towers with Radar,0,213,19,0,232,0,433,33,0,466,0,646,52,0,698,1197,0,1197,1895
02/27/2018,GFK,ND,AGL,CE,Towers with Radar,1,219,23,0,243,0,405,32,0,437,1,624,55,0,680,1272,0,1272,1952
02/28/2018,GFK,ND,AGL,CE,Towers with Radar,5,145,20,0,170,0,331,31,0,362,5,476,51,0,532,1038,0,1038,1570
03/01/2018,GFK,ND,AGL,CE,Towers with Radar,4,186,16,0,206,0,424,36,0,460,4,610,52,0,666,1053,0,1053,1719
03/02/2018,GFK,ND,AGL,CE,Towers with Radar,1,106,15,0,122,0,175,12,0,187,1,281,27,0,309,936,0,936,1245
03/03/2018,GFK,ND,AGL,CE,Towers with Radar,5,138,10,0,153,0,341,27,0,368,5,479,37,0,521,916,0,916,1437
03/04/2018,GFK,ND,AGL,CE,Towers with Radar,2,23,5,0,30,0,55,1,0,56,2,78,6,0,86,265,0,265,351
03/05/2018,GFK,ND,AGL,CE,Towers with Radar,0,5,0,0,5,0,0,0,0,0,0,5,0,0,5,0,0,0,5
03/06/2018,GFK,ND,AGL,CE,Towers with Radar,0,90,8,0,98,0,118,8,0,126,0,208,16,0,224,168,0,168,392
03/07/2018,GFK,ND,AGL,CE,Towers with Radar,5,219,18,0,242,0,310,33,1,344,5,529,51,1,586,755,0,755,1341
03/08/2018,GFK,ND,AGL,CE,Towers with Radar,3,200,14,0,217,0,361,29,0,390,3,561,43,0,607,1158,0,1158,1765
03/09/2018,GFK,ND,AGL,CE,Towers with Radar,1,95,35,2,133,0,197,14,0,211,1,292,49,2,344,872,0,872,1216
03/10/2018,GFK,ND,AGL,CE,Towers with Radar,5,13,4,0,22,0,15,1,0,16,5,28,5,0,38,797,0,797,835
03/11/2018,GFK,ND,AGL,CE,Towers with Radar,3,54,5,0,62,0,136,7,0,143,3,190,12,0,205,483,0,483,688
03/12/2018,GFK,ND,AGL,CE,Towers with Radar,1,180,13,0,194,0,374,26,0,400,1,554,39,0,594,931,0,931,1525
03/13/2018,GFK,ND,AGL,CE,Towers with Radar,1,159,10,2,172,0,338,13,0,351,1,497,23,2,523,900,0,900,1423
03/14/2018,GFK,ND,AGL,CE,Towers with Radar,5,126,10,2,143,0,291,26,0,317,5,417,36,2,460,902,0,902,1362
03/15/2018,GFK,ND,AGL,CE,Towers with Radar,5,129,16,0,150,0,345,18,1,364,5,474,34,1,514,967,0,967,1481
03/16/2018,GFK,ND,AGL,CE,Towers with Radar,1,120,16,4,141,0,341,22,0,363,1,461,38,4,504,773,0,773,1277
03/17/2018,GFK,ND,AGL,CE,Towers with Radar,5,98,7,0,110,0,231,23,0,254,5,329,30,0,364,819,0,819,1183
03/18/2018,GFK,ND,AGL,CE,Towers with Radar,3,14,3,2,22,0,18,2,2,22,3,32,5,4,44,240,0,240,284
03/19/2018,GFK,ND,AGL,CE,Towers with Radar,3,13,14,0,30,0,7,0,0,7,3,20,14,0,37,111,0,111,148
03/20/2018,GFK,ND,AGL,CE,Towers with Radar,4,12,10,0,26,0,0,0,0,0,4,12,10,0,26,0,0,0,26
03/21/2018,GFK,ND,AGL,CE,Towers with Radar,4,11,8,0,23,0,1,0,0,1,4,12,8,0,24,171,0,171,195
03/22/2018,GFK,ND,AGL,CE,Towers with Radar,3,80,17,1,101,0,96,7,0,103,3,176,24,1,204,757,0,757,961
03/23/2018,GFK,ND,AGL,CE,Towers with Radar,3,94,9,0,106,0,311,11,0,322,3,405,20,0,428,911,0,911,1339
03/24/2018,GFK,ND,AGL,CE,Towers with Radar,6,70,4,0,80,0,103,9,0,112,6,173,13,0,192,626,0,626,818
03/25/2018,GFK,ND,AGL,CE,Towers with Radar,2,2,3,0,7,0,0,0,0,0,2,2,3,0,7,0,0,0,7
03/26/2018,GFK,ND,AGL,CE,Towers with Radar,1,15,6,0,22,0,0,2,0,2,1,15,8,0,24,151,0,151,175
03/27/2018,GFK,ND,AGL,CE,Towers with Radar,0,204,26,0,230,0,485,39,0,524,0,689,65,0,754,1228,0,1228,1982
03/28/2018,GFK,ND,AGL,CE,Towers with Radar,5,43,16,0,64,0,86,15,2,103,5,129,31,2,167,699,0,699,866
03/29/2018,GFK,ND,AGL,CE,Towers with Radar,3,131,21,0,155,0,373,31,0,404,3,504,52,0,559,1077,0,1077,1636
03/30/2018,GFK,ND,AGL,CE,Towers with Radar,1,118,14,2,135,0,336,18,0,354,1,454,32,2,489,1048,0,1048,1537
03/31/2018,GFK,ND,AGL,CE,Towers with Radar,5,59,7,0,71,0,172,9,0,181,5,231,16,0,252,636,0,636,888
04/01/2018,GFK,ND,AGL,CE,Towers with Radar,3,9,4,0,16,0,5,4,0,9,3,14,8,0,25,7,0,7,32
04/02/2018,GFK,ND,AGL,CE,Towers with Radar,0,160,30,4,194,0,400,27,0,427,0,560,57,4,621,1332,0,1332,1953
04/03/2018,GFK,ND,AGL,CE,Towers with Radar,0,194,26,0,220,0,324,27,0,351,0,518,53,0,571,1188,0,1188,1759
04/04/2018,GFK,ND,AGL,CE,Towers with Radar,6,134,28,0,168,0,433,28,0,461,6,567,56,0,629,1458,0,1458,2087
04/05/2018,GFK,ND,AGL,CE,Towers with Radar,3,30,17,0,50,0,38,7,0,45,3,68,24,0,95,597,0,597,692
04/06/2018,GFK,ND,AGL,CE,Towers with Radar,1,126,22,0,149,0,318,14,0,332,1,444,36,0,481,998,0,998,1479
04/07/2018,GFK,ND,AGL,CE,Towers with Radar,4,135,12,0,151,0,364,22,0,386,4,499,34,0,537,1316,0,1316,1853
04/08/2018,GFK,ND,AGL,CE,Towers with Radar,2,53,6,0,61,0,146,11,0,157,2,199,17,0,218,640,0,640,858
04/09/2018,GFK,ND,AGL,CE,Towers with Radar,3,107,19,0,129,0,381,27,0,408,3,488,46,0,537,1397,0,1397,1934
04/10/2018,GFK,ND,AGL,CE,Towers with Radar,1,94,16,2,113,0,254,29,0,283,1,348,45,2,396,1259,0,1259,1655
04/11/2018,GFK,ND,AGL,CE,Towers with Radar,3,82,31,0,116,0,265,19,0,284,3,347,50,0,400,847,0,847,1247
04/12/2018,GFK,ND,AGL,CE,Towers with Radar,4,89,19,0,112,0,167,12,0,179,4,256,31,0,291,818,0,818,1109
04/13/2018,GFK,ND,AGL,CE,Towers with Radar,4,148,24,3,179,0,255,17,1,273,4,403,41,4,452,911,0,911,1363
04/14/2018,GFK,ND,AGL,CE,Towers with Radar,2,105,10,7,124,0,395,18,0,413,2,500,28,7,537,624,0,624,1161
04/15/2018,GFK,ND,AGL,CE,Towers with Radar,2,34,10,4,50,0,221,20,0,241,2,255,30,4,291,357,0,357,648
04/16/2018,GFK,ND,AGL,CE,Towers with Radar,0,146,17,0,163,0,335,28,0,363,0,481,45,0,526,1266,0,1266,1792
04/17/2018,GFK,ND,AGL,CE,Towers with Radar,1,136,20,0,157,0,351,42,0,393,1,487,62,0,550,1191,0,1191,1741
04/18/2018,GFK,ND,AGL,CE,Towers with Radar,3,130,37,0,170,0,382,29,0,411,3,512,66,0,581,1220,0,1220,1801
04/19/2018,GFK,ND,AGL,CE,Towers with Radar,3,132,24,0,159,0,386,36,0,422,3,518,60,0,581,1199,0,1199,1780
04/20/2018,GFK,ND,AGL,CE,Towers with Radar,1,130,10,1,142,0,353,38,0,391,1,483,48,1,533,1217,0,1217,1750
04/21/2018,GFK,ND,AGL,CE,Towers with Radar,3,96,11,0,110,0,265,25,0,290,3,361,36,0,400,902,0,902,1302
04/22/2018,GFK,ND,AGL,CE,Towers with Radar,3,42,5,2,52,0,76,14,0,90,3,118,19,2,142,232,0,232,374
04/23/2018,GFK,ND,AGL,CE,Towers with Radar,1,115,11,0,127,0,323,37,0,360,1,438,48,0,487,1199,0,1199,1686
04/24/2018,GFK,ND,AGL,CE,Towers with Radar,1,85,10,0,96,0,207,21,0,228,1,292,31,0,324,780,0,780,1104
04/25/2018,GFK,ND,AGL,CE,Towers with Radar,3,59,23,1,86,0,173,7,0,180,3,232,30,1,266,601,0,601,867
04/26/2018,GFK,ND,AGL,CE,Towers with Radar,3,84,11,0,98,0,215,18,0,233,3,299,29,0,331,634,0,634,965
04/27/2018,GFK,ND,AGL,CE,Towers with Radar,1,65,18,0,84,0,103,12,0,115,1,168,30,0,199,377,0,377,576
04/28/2018,GFK,ND,AGL,CE,Towers with Radar,4,122,11,3,140,0,329,24,5,358,4,451,35,8,498,1147,0,1147,1645
04/29/2018,GFK,ND,AGL,CE,Towers with Radar,3,9,2,2,16,0,0,7,0,7,3,9,9,2,23,4,0,4,27
04/30/2018,GFK,ND,AGL,CE,Towers with Radar,1,93,27,0,121,0,256,17,0,273,1,349,44,0,394,846,0,846,1240
05/01/2018,GFK,ND,AGL,CE,Towers with Radar,1,20,42,0,63,0,33,21,0,54,1,53,63,0,117,807,0,807,924
05/02/2018,GFK,ND,AGL,CE,Towers with Radar,4,124,29,0,157,0,285,25,0,310,4,409,54,0,467,1018,0,1018,1485
05/03/2018,GFK,ND,AGL,CE,Towers with Radar,5,143,27,0,175,0,321,38,2,361,5,464,65,2,536,1070,0,1070,1606
05/04/2018,GFK,ND,AGL,CE,Towers with Radar,0,137,10,0,147,0,312,46,0,358,0,449,56,0,505,907,0,907,1412
05/05/2018,GFK,ND,AGL,CE,Towers with Radar,3,72,19,0,94,0,256,29,2,287,3,328,48,2,381,916,0,916,1297
05/06/2018,GFK,ND,AGL,CE,Towers with Radar,4,48,3,0,55,0,75,38,0,113,4,123,41,0,168,273,0,273,441
05/07/2018,GFK,ND,AGL,CE,Towers with Radar,1,84,15,0,100,0,181,13,0,194,1,265,28,0,294,537,0,537,831
05/08/2018,GFK,ND,AGL,CE,Towers with Radar,1,153,37,0,191,0,13,5,0,18,1,166,42,0,209,221,0,221,430
05/09/2018,GFK,ND,AGL,CE,Towers with Radar,2,74,24,0,100,0,52,11,0,63,2,126,35,0,163,264,0,264,427
05/10/2018,GFK,ND,AGL,CE,Towers with Radar,3,147,18,0,168,0,412,47,0,459,3,559,65,0,627,1266,0,1266,1893
05/11/2018,GFK,ND,AGL,CE,Towers with Radar,1,113,18,0,132,0,326,23,0,349,1,439,41,0,481,826,0,826,1307
05/12/2018,GFK,ND,AGL,CE,Towers with Radar,3,63,13,0,79,0,193,48,0,241,3,256,61,0,320,868,0,868,1188
05/13/2018,GFK,ND,AGL,CE,Towers with Radar,3,25,5,0,33,0,87,13,0,100,3,112,18,0,133,256,0,256,389
05/14/2018,GFK,ND,AGL,CE,Towers with Radar,2,81,14,0,97,0,244,21,0,265,2,325,35,0,362,861,0,861,1223
05/15/2018,GFK,ND,AGL,CE,Towers with Radar,1,50,15,0,66,0,175,17,0,192,1,225,32,0,258,394,0,394,652
05/16/2018,GFK,ND,AGL,CE,Towers with Radar,3,127,12,0,142,0,434,21,0,455,3,561,33,0,597,1188,0,1188,1785
05/17/2018,GFK,ND,AGL,CE,Towers with Radar,5,25,6,0,36,0,49,1,0,50,5,74,7,0,86,126,0,126,212
05/18/2018,GFK,ND,AGL,CE,Towers with Radar,1,94,9,0,104,0,26,5,0,31,1,120,14,0,135,207,0,207,342
05/19/2018,GFK,ND,AGL,CE,Towers with Radar,5,75,6,0,86,0,311,19,0,330,5,386,25,0,416,850,0,850,1266
05/20/2018,GFK,ND,AGL,CE,Towers with Radar,4,48,14,0,66,0,147,18,0,165,4,195,32,0,231,439,0,439,670
05/21/2018,GFK,ND,AGL,CE,Towers with Radar,1,145,12,0,158,0,424,31,0,455,1,569,43,0,613,1167,0,1167,1780
05/22/2018,GFK,ND,AGL,CE,Towers with Radar,0,152,27,0,179,0,399,25,0,424,0,551,52,0,603,1212,0,1212,1815
05/23/2018,GFK,ND,AGL,CE,Towers with Radar,1,143,20,2,166,0,305,22,0,327,1,448,42,2,493,822,0,822,1315
05/24/2018,GFK,ND,AGL,CE,Towers with Radar,4,100,35,2,141,0,231,31,0,262,4,331,66,2,403,757,0,757,1160
05/25/2018,GFK,ND,AGL,CE,Towers with Radar,1,96,13,1,111,0,243,35,1,279,1,339,48,2,390,672,0,672,1062
05/26/2018,GFK,ND,AGL,CE,Towers with Radar,3,96,14,0,113,0,303,11,2,316,3,399,25,2,429,606,0,606,1035
05/27/2018,GFK,ND,AGL,CE,Towers with Radar,3,28,14,0,45,0,44,12,0,56,3,72,26,0,101,262,0,262,363
05/28/2018,GFK,ND,AGL,CE,Towers with Radar,1,104,19,0,124,0,194,19,0,213,1,298,38,0,337,780,0,780,1117
05/29/2018,GFK,ND,AGL,CE,Towers with Radar,0,180,10,0,190,0,241,23,0,264,0,421,33,0,454,890,0,890,1344
05/30/2018,GFK,ND,AGL,CE,Towers with Radar,2,77,17,2,98,0,108,19,0,127,2,185,36,2,225,584,0,584,809
05/31/2018,GFK,ND,AGL,CE,Towers with Radar,2,214,16,0,232,0,297,36,4,337,2,511,52,4,569,1027,0,1027,1596
06/01/2018,GFK,ND,AGL,CE,Towers with Radar,2,115,18,0,135,0,147,13,0,160,2,262,31,0,295,677,0,677,972
06/02/2018,GFK,ND,AGL,CE,Towers with Radar,3,125,3,0,131,0,15,0,0,15,3,140,3,0,146,317,0,317,463
06/03/2018,GFK,ND,AGL,CE,Towers with Radar,4,39,5,0,48,0,65,10,0,75,4,104,15,0,123,203,0,203,326
06/04/2018,GFK,ND,AGL,CE,Towers with Radar,1,167,17,0,185,0,525,29,0,554,1,692,46,0,739,1156,0,1156,1895
06/05/2018,GFK,ND,AGL,CE,Towers with Radar,1,131,18,0,150,0,300,26,0,326,1,431,44,0,476,902,0,902,1378
06/06/2018,GFK,ND,AGL,CE,Towers with Radar,1,159,14,1,175,0,434,22,1,457,1,593,36,2,632,1120,0,1120,1752
06/07/2018,GFK,ND,AGL,CE,Towers with Radar,3,167,15,6,191,0,473,19,0,492,3,640,34,6,683,1195,0,1195,1878
06/08/2018,GFK,ND,AGL,CE,Towers with Radar,1,76,11,0,88,0,194,4,0,198,1,270,15,0,286,526,0,526,812
06/09/2018,GFK,ND,AGL,CE,Towers with Radar,2,147,10,6,165,0,131,14,2,147,2,278,24,8,312,623,0,623,935
06/10/2018,GFK,ND,AGL,CE,Towers with Radar,3,54,8,0,65,0,56,11,0,67,3,110,19,0,132,162,0,162,294
06/11/2018,GFK,ND,AGL,CE,Towers with Radar,1,85,16,0,102,0,90,4,0,94,1,175,20,0,196,494,0,494,690
06/12/2018,GFK,ND,AGL,CE,Towers with Radar,1,187,17,0,205,0,461,24,0,485,1,648,41,0,690,1113,0,1113,1803
06/13/2018,GFK,ND,AGL,CE,Towers with Radar,1,177,21,0,199,0,451,37,7,495,1,628,58,7,694,1146,0,1146,1840
06/14/2018,GFK,ND,AGL,CE,Towers with Radar,3,64,20,3,90,0,171,9,0,180,3,235,29,3,270,453,0,453,723
06/15/2018,GFK,ND,AGL,CE,Towers with Radar,1,182,17,0,200,0,248,25,0,273,1,430,42,0,473,1286,0,1286,1759
06/16/2018,GFK,ND,AGL,CE,Towers with Radar,2,52,10,0,64,0,83,3,0,86,2,135,13,0,150,437,0,437,587
06/17/2018,GFK,ND,AGL,CE,Towers with Radar,5,57,11,0,73,0,105,14,0,119,5,162,25,0,192,400,0,400,592
06/18/2018,GFK,ND,AGL,CE,Towers with Radar,0,165,20,0,185,0,394,30,0,424,0,559,50,0,609,1279,0,1279,1888
06/19/2018,GFK,ND,AGL,CE,Towers with Radar,1,145,18,3,167,0,329,26,1,356,1,474,44,4,523,1445,0,1445,1968
06/20/2018,GFK,ND,AGL,CE,Towers with Radar,1,136,20,0,157,0,347,36,0,383,1,483,56,0,540,1285,0,1285,1825
06/21/2018,GFK,ND,AGL,CE,Towers with Radar,5,176,12,4,197,0,367,23,0,390,5,543,35,4,587,1142,0,1142,1729
06/22/2018,GFK,ND,AGL,CE,Towers with Radar,1,145,5,2,153,0,338,25,0,363,1,483,30,2,516,1104,0,1104,1620
06/23/2018,GFK,ND,AGL,CE,Towers with Radar,3,57,10,0,70,0,135,15,0,150,3,192,25,0,220,388,0,388,608
06/24/2018,GFK,ND,AGL,CE,Towers with Radar,3,53,10,0,66,0,61,16,0,77,3,114,26,0,143,306,0,306,449
06/25/2018,GFK,ND,AGL,CE,Towers with Radar,1,139,13,0,153,0,170,14,0,184,1,309,27,0,337,1077,0,1077,1414
06/26/2018,GFK,ND,AGL,CE,Towers with Radar,0,187,17,2,206,0,428,30,0,458,0,615,47,2,664,1523,0,1523,2187
06/27/2018,GFK,ND,AGL,CE,Towers with Radar,1,130,37,2,170,0,370,32,3,405,1,500,69,5,575,1040,0,1040,1615
06/28/2018,GFK,ND,AGL,CE,Towers with Radar,1,61,25,1,88,0,156,21,0,177,1,217,46,1,265,628,0,628,893
06/29/2018,GFK,ND,AGL,CE,Towers with Radar,2,182,19,0,203,0,110,32,0,142,2,292,51,0,345,1020,0,1020,1365
06/30/2018,GFK,ND,AGL,CE,Towers with Radar,2,110,4,0,116,0,309,21,1,331,2,419,25,1,447,1072,0,1072,1519
07/01/2018,GFK,ND,AGL,CE,Towers with Radar,1,8,6,0,15,0,0,7,0,7,1,8,13,0,22,12,0,12,34
07/02/2018,GFK,ND,AGL,CE,Towers with Radar,0,136,14,0,150,0,336,33,0,369,0,472,47,0,519,1225,0,1225,1744
07/03/2018,GFK,ND,AGL,CE,Towers with Radar,0,91,8,0,99,0,130,15,0,145,0,221,23,0,244,826,0,826,1070
07/04/2018,GFK,ND,AGL,CE,Towers with Radar,0,11,1,0,12,0,0,5,2,7,0,11,6,2,19,8,0,8,27
07/05/2018,GFK,ND,AGL,CE,Towers with Radar,2,98,8,2,110,0,260,37,0,297,2,358,45,2,407,1093,0,1093,1500
07/06/2018,GFK,ND,AGL,CE,Towers with Radar,1,115,16,0,132,0,314,17,0,331,1,429,33,0,463,1193,0,1193,1656
07/07/2018,GFK,ND,AGL,CE,Towers with Radar,3,36,8,3,50,0,64,4,0,68,3,100,12,3,118,220,0,220,338
07/08/2018,GFK,ND,AGL,CE,Towers with Radar,4,9,8,0,21,0,0,5,0,5,4,9,13,0,26,0,0,0,26
07/09/2018,GFK,ND,AGL,CE,Towers with Radar,1,128,17,0,146,0,286,25,0,311,1,414,42,0,457,1081,0,1081,1538
07/10/2018,GFK,ND,AGL,CE,Towers with Radar,1,136,23,0,160,0,364,20,0,384,1,500,43,0,544,1160,0,1160,1704
07/11/2018,GFK,ND,AGL,CE,Towers with Radar,1,134,22,2,159,0,286,21,0,307,1,420,43,2,466,985,0,985,1451
07/12/2018,GFK,ND,AGL,CE,Towers with Radar,6,128,32,0,166,0,284,49,0,333,6,412,81,0,499,991,0,991,1490
07/13/2018,GFK,ND,AGL,CE,Towers with Radar,1,108,19,0,128,0,325,25,0,350,1,433,44,0,478,992,0,992,1470
07/14/2018,GFK,ND,AGL,CE,Towers with Radar,4,90,4,0,98,0,176,11,0,187,4,266,15,0,285,625,0,625,910
07/15/2018,GFK,ND,AGL,CE,Towers with Radar,4,10,12,0,26,0,0,11,0,11,4,10,23,0,37,6,0,6,43
07/16/2018,GFK,ND,AGL,CE,Towers with Radar,1,93,16,0,110,0,292,37,0,329,1,385,53,0,439,1186,0,1186,1625
07/17/2018,GFK,ND,AGL,CE,Towers with Radar,3,96,21,0,120,0,285,20,0,305,3,381,41,0,425,1175,0,1175,1600
07/18/2018,GFK,ND,AGL,CE,Towers with Radar,1,102,21,0,124,0,324,18,0,342,1,426,39,0,466,1130,0,1130,1596
07/19/2018,GFK,ND,AGL,CE,Towers with Radar,3,62,13,1,79,0,160,29,2,191,3,222,42,3,270,765,0,765,1035
07/20/2018,GFK,ND,AGL,CE,Towers with Radar,1,112,19,2,134,0,52,19,2,73,1,164,38,4,207,500,0,500,707
07/21/2018,GFK,ND,AGL,CE,Towers with Radar,3,101,4,0,108,0,218,21,0,239,3,319,25,0,347,827,0,827,1174
07/22/2018,GFK,ND,AGL,CE,Towers with Radar,4,11,8,0,23,0,2,18,0,20,4,13,26,0,43,12,0,12,55
07/23/2018,GFK,ND,AGL,CE,Towers with Radar,1,100,21,0,122,0,291,21,0,312,1,391,42,0,434,989,0,989,1423
07/24/2018,GFK,ND,AGL,CE,Towers with Radar,1,90,33,0,124,0,237,24,0,261,1,327,57,0,385,900,0,900,1285
07/25/2018,GFK,ND,AGL,CE,Towers with Radar,1,78,36,2,117,0,162,17,4,183,1,240,53,6,300,424,0,424,724
07/26/2018,GFK,ND,AGL,CE,Towers with Radar,3,116,24,0,143,0,209,19,3,231,3,325,43,3,374,948,0,948,1322
07/27/2018,GFK,ND,AGL,CE,Towers with Radar,1,52,20,0,73,0,197,22,0,219,1,249,42,0,292,777,0,777,1069
07/28/2018,GFK,ND,AGL,CE,Towers with Radar,3,56,6,0,65,0,156,25,0,181,3,212,31,0,246,740,0,740,986
07/29/2018,GFK,ND,AGL,CE,Towers with Radar,7,10,7,0,24,0,0,13,0,13,7,10,20,0,37,6,0,6,43
07/30/2018,GFK,ND,AGL,CE,Towers with Radar,1,73,19,1,94,0,230,18,0,248,1,303,37,1,342,1085,0,1085,1427
07/31/2018,GFK,ND,AGL,CE,Towers with Radar,1,74,16,2,93,0,223,19,0,242,1,297,35,2,335,975,0,975,1310
08/01/2018,GFK,ND,AGL,CE,Towers with Radar,1,90,31,0,122,0,116,27,0,143,1,206,58,0,265,1186,0,1186,1451
08/02/2018,GFK,ND,AGL,CE,Towers with Radar,3,65,18,0,86,0,253,43,0,296,3,318,61,0,382,886,0,886,1268
08/03/2018,GFK,ND,AGL,CE,Towers with Radar,0,54,25,0,79,0,151,18,0,169,0,205,43,0,248,853,0,853,1101
08/04/2018,GFK,ND,AGL,CE,Towers with Radar,3,41,7,0,51,0,84,6,0,90,3,125,13,0,141,427,0,427,568
08/05/2018,GFK,ND,AGL,CE,Towers with Radar,4,10,8,0,22,0,3,8,0,11,4,13,16,0,33,0,0,0,33
08/06/2018,GFK,ND,AGL,CE,Towers with Radar,1,56,10,0,67,0,256,39,0,295,1,312,49,0,362,1114,0,1114,1476
08/07/2018,GFK,ND,AGL,CE,Towers with Radar,0,72,24,0,96,0,233,27,0,260,0,305,51,0,356,1038,0,1038,1394
08/08/2018,GFK,ND,AGL,CE,Towers with Radar,1,79,21,0,101,0,220,29,0,249,1,299,50,0,350,812,0,812,1162
08/09/2018,GFK,ND,AGL,CE,Towers with Radar,2,71,26,1,100,0,212,17,0,229,2,283,43,1,329,834,0,834,1163
08/10/2018,GFK,ND,AGL,CE,Towers with Radar,1,63,21,0,85,0,164,13,0,177,1,227,34,0,262,642,0,642,904
08/11/2018,GFK,ND,AGL,CE,Towers with Radar,3,45,7,0,55,0,130,9,0,139,3,175,16,0,194,596,0,596,790
08/12/2018,GFK,ND,AGL,CE,Towers with Radar,4,13,8,0,25,0,2,3,0,5,4,15,11,0,30,0,0,0,30
08/13/2018,GFK,ND,AGL,CE,Towers with Radar,2,72,29,0,103,0,180,17,0,197,2,252,46,0,300,643,0,643,943
08/14/2018,GFK,ND,AGL,CE,Towers with Radar,1,64,31,0,96,0,219,22,0,241,1,283,53,0,337,890,0,890,1227
08/15/2018,GFK,ND,AGL,CE,Towers with Radar,1,55,15,0,71,0,173,19,0,192,1,228,34,0,263,646,0,646,909
08/16/2018,GFK,ND,AGL,CE,Towers with Radar,3,75,15,0,93,0,233,28,0,261,3,308,43,0,354,503,0,503,857
08/17/2018,GFK,ND,AGL,CE,Towers with Radar,3,68,18,0,89,0,153,26,0,179,3,221,44,0,268,548,0,548,816
08/18/2018,GFK,ND,AGL,CE,Towers with Radar,2,44,9,0,55,0,139,15,0,154,2,183,24,0,209,579,0,579,788
08/19/2018,GFK,ND,AGL,CE,Towers with Radar,3,16,15,0,34,0,13,12,0,25,3,29,27,0,59,72,0,72,131
08/20/2018,GFK,ND,AGL,CE,Towers with Radar,1,52,32,15,100,0,143,26,1,170,1,195,58,16,270,649,0,649,919
08/21/2018,GFK,ND,AGL,CE,Towers with Radar,3,63,29,1,96,0,207,29,0,236,3,270,58,1,332,818,0,818,1150
08/22/2018,GFK,ND,AGL,CE,Towers with Radar,1,57,32,0,90,0,345,31,0,376,1,402,63,0,466,989,0,989,1455
08/23/2018,GFK,ND,AGL,CE,Towers with Radar,3,72,29,0,104,0,271,20,0,291,3,343,49,0,395,811,0,811,1206
08/24/2018,GFK,ND,AGL,CE,Towers with Radar,1,117,31,0,149,0,270,36,0,306,1,387,67,0,455,895,0,895,1350
08/25/2018,GFK,ND,AGL,CE,Towers with Radar,2,60,11,0,73,0,283,15,0,298,2,343,26,0,371,802,0,802,1173
08/26/2018,GFK,ND,AGL,CE,Towers with Radar,3,27,5,2,37,0,113,15,0,128,3,140,20,2,165,504,0,504,669
08/27/2018,GFK,ND,AGL,CE,Towers with Radar,1,159,21,0,181,0,218,13,1,232,1,377,34,1,413,984,0,984,1397
08/28/2018,GFK,ND,AGL,CE,Towers with Radar,1,168,33,0,202,0,203,15,0,218,1,371,48,0,420,1007,0,1007,1427
08/29/2018,GFK,ND,AGL,CE,Towers with Radar,2,135,21,0,158,0,619,36,0,655,2,754,57,0,813,1189,0,1189,2002
08/30/2018,GFK,ND,AGL,CE,Towers with Radar,3,46,11,0,60,0,236,15,0,251,3,282,26,0,311,515,0,515,826
08/31/2018,GFK,ND,AGL,CE,Towers with Radar,1,90,15,2,108,0,237,21,0,258,1,327,36,2,366,728,0,728,1094
09/01/2018,GFK,ND,AGL,CE,Towers with Radar,4,93,7,0,104,0,483,34,0,517,4,576,41,0,621,1002,0,1002,1623
09/02/2018,GFK,ND,AGL,CE,Towers with Radar,4,21,4,0,29,0,123,11,0,134,4,144,15,0,163,400,0,400,563
09/03/2018,GFK,ND,AGL,CE,Towers with Radar,1,107,6,0,114,0,509,33,0,542,1,616,39,0,656,1212,0,1212,1868
09/04/2018,GFK,ND,AGL,CE,Towers with Radar,1,120,21,0,142,0,403,17,0,420,1,523,38,0,562,1192,0,1192,1754
09/05/2018,GFK,ND,AGL,CE,Towers with Radar,1,121,17,0,139,0,559,26,0,585,1,680,43,0,724,1092,0,1092,1816
09/06/2018,GFK,ND,AGL,CE,Towers with Radar,3,70,14,0,87,0,327,27,0,354,3,397,41,0,441,755,0,755,1196
09/07/2018,GFK,ND,AGL,CE,Towers with Radar,3,60,16,0,79,0,160,19,0,179,3,220,35,0,258,630,0,630,888
09/08/2018,GFK,ND,AGL,CE,Towers with Radar,4,65,18,0,87,0,334,30,0,364,4,399,48,0,451,802,0,802,1253
09/09/2018,GFK,ND,AGL,CE,Towers with Radar,4,40,7,0,51,0,132,10,0,142,4,172,17,0,193,289,0,289,482
09/10/2018,GFK,ND,AGL,CE,Towers with Radar,1,162,26,0,189,0,532,32,0,564,1,694,58,0,753,1188,0,1188,1941
09/11/2018,GFK,ND,AGL,CE,Towers with Radar,1,82,14,0,97,0,225,28,0,253,1,307,42,0,350,683,0,683,1033
09/12/2018,GFK,ND,AGL,CE,Towers with Radar,1,194,21,0,216,0,235,17,0,252,1,429,38,0,468,1055,0,1055,1523
09/13/2018,GFK,ND,AGL,CE,Towers with Radar,3,230,37,0,270,0,137,11,0,148,3,367,48,0,418,782,0,782,1200
09/14/2018,GFK,ND,AGL,CE,Towers with Radar,3,206,32,0,241,0,445,29,0,474,3,651,61,0,715,1145,0,1145,1860
09/15/2018,GFK,ND,AGL,CE,Towers with Radar,3,143,14,0,160,0,373,32,0,405,3,516,46,0,565,1029,0,1029,1594
09/16/2018,GFK,ND,AGL,CE,Towers with Radar,6,11,8,0,25,0,0,6,0,6,6,11,14,0,31,14,0,14,45
09/17/2018,GFK,ND,AGL,CE,Towers with Radar,2,236,31,0,269,0,266,15,0,281,2,502,46,0,550,938,0,938,1488
09/18/2018,GFK,ND,AGL,CE,Towers with Radar,1,190,29,0,220,0,512,20,0,532,1,702,49,0,752,1173,0,1173,1925
09/19/2018,GFK,ND,AGL,CE,Towers with Radar,2,221,31,2,256,0,417,17,0,434,2,638,48,2,690,1030,0,1030,1720
09/20/2018,GFK,ND,AGL,CE,Towers with Radar,3,177,30,0,210,0,159,14,0,173,3,336,44,0,383,691,0,691,1074
09/21/2018,GFK,ND,AGL,CE,Towers with Radar,2,171,35,2,210,0,447,32,0,479,2,618,67,2,689,1012,0,1012,1701
09/22/2018,GFK,ND,AGL,CE,Towers with Radar,4,79,9,0,92,0,237,36,2,275,4,316,45,2,367,822,0,822,1189
09/23/2018,GFK,ND,AGL,CE,Towers with Radar,4,37,20,0,61,0,0,5,0,5,4,37,25,0,66,23,0,23,89
09/24/2018,GFK,ND,AGL,CE,Towers with Radar,1,199,18,0,218,0,37,10,0,47,1,236,28,0,265,768,0,768,1033
09/25/2018,GFK,ND,AGL,CE,Towers with Radar,1,162,21,0,184,0,397,38,0,435,1,559,59,0,619,1123,0,1123,1742
09/26/2018,GFK,ND,AGL,CE,Towers with Radar,1,153,29,0,183,0,371,22,0,393,1,524,51,0,576,845,0,845,1421
09/27/2018,GFK,ND,AGL,CE,Towers with Radar,3,73,24,0,100,0,120,11,0,131,3,193,35,0,231,557,0,557,788
09/28/2018,GFK,ND,AGL,CE,Towers with Radar,3,139,27,0,169,0,382,36,0,418,3,521,63,0,587,1059,0,1059,1646
09/29/2018,GFK,ND,AGL,CE,Towers with Radar,5,126,18,0,149,0,350,13,0,363,5,476,31,0,512,1052,0,1052,1564
09/30/2018,GFK,ND,AGL,CE,Towers with Radar,4,61,16,0,81,0,181,12,0,193,4,242,28,0,274,510,0,510,784
10/01/2018,GFK,ND,AGL,CE,Towers with Radar,1,169,35,6,211,0,448,23,0,471,1,617,58,6,682,1039,0,1039,1721
10/02/2018,GFK,ND,AGL,CE,Towers with Radar,2,201,27,0,230,0,182,16,0,198,2,383,43,0,428,1212,0,1212,1640
10/03/2018,GFK,ND,AGL,CE,Towers with Radar,2,44,27,3,76,0,0,0,0,0,2,44,27,3,76,17,0,17,93
10/04/2018,GFK,ND,AGL,CE,Towers with Radar,3,118,19,1,141,0,461,34,0,495,3,579,53,1,636,1023,0,1023,1659
10/05/2018,GFK,ND,AGL,CE,Towers with Radar,1,13,15,2,31,0,0,0,0,0,1,13,15,2,31,0,0,0,31
10/06/2018,GFK,ND,AGL,CE,Towers with Radar,3,9,4,0,16,0,43,6,0,49,3,52,10,0,65,998,0,998,1063
10/07/2018,GFK,ND,AGL,CE,Towers with Radar,4,24,4,0,32,0,72,10,0,82,4,96,14,0,114,537,0,537,651
10/08/2018,GFK,ND,AGL,CE,Towers with Radar,1,22,8,0,31,0,2,0,0,2,1,24,8,0,33,23,0,23,56
10/09/2018,GFK,ND,AGL,CE,Towers with Radar,1,32,11,0,44,0,17,5,0,22,1,49,16,0,66,393,0,393,459
10/10/2018,GFK,ND,AGL,CE,Towers with Radar,3,15,10,0,28,0,0,0,0,0,3,15,10,0,28,0,0,0,28
10/11/2018,GFK,ND,AGL,CE,Towers with Radar,3,120,33,0,156,0,156,13,0,169,3,276,46,0,325,460,0,460,785
10/12/2018,GFK,ND,AGL,CE,Towers with Radar,3,223,32,0,258,0,675,26,0,701,3,898,58,0,959,1130,0,1130,2089
10/13/2018,GFK,ND,AGL,CE,Towers with Radar,4,50,13,0,67,0,99,8,0,107,4,149,21,0,174,352,0,352,526
10/14/2018,GFK,ND,AGL,CE,Towers with Radar,6,26,11,0,43,0,91,14,0,105,6,117,25,0,148,504,0,504,652
10/15/2018,GFK,ND,AGL,CE,Towers with Radar,1,163,25,0,189,0,441,28,0,469,1,604,53,0,658,973,0,973,1631
10/16/2018,GFK,ND,AGL,CE,Towers with Radar,1,72,33,2,108,0,352,26,0,378,1,424,59,2,486,1114,0,1114,1600
10/17/2018,GFK,ND,AGL,CE,Towers with Radar,3,170,25,2,200,0,547,46,0,593,3,717,71,2,793,1096,0,1096,1889
10/18/2018,GFK,ND,AGL,CE,Towers with Radar,4,135,39,0,178,0,421,35,0,456,4,556,74,0,634,893,0,893,1527
10/19/2018,GFK,ND,AGL,CE,Towers with Radar,3,83,30,0,116,0,225,12,0,237,3,308,42,0,353,540,0,540,893
10/20/2018,GFK,ND,AGL,CE,Towers with Radar,3,88,9,0,100,0,372,23,0,395,3,460,32,0,495,1071,0,1071,1566
10/21/2018,GFK,ND,AGL,CE,Towers with Radar,4,37,18,0,59,0,160,16,0,176,4,197,34,0,235,419,0,419,654
10/22/2018,GFK,ND,AGL,CE,Towers with Radar,1,137,26,0,164,0,378,25,0,403,1,515,51,0,567,1209,0,1209,1776
10/23/2018,GFK,ND,AGL,CE,Towers with Radar,1,124,36,0,161,0,502,32,0,534,1,626,68,0,695,1213,0,1213,1908
10/24/2018,GFK,ND,AGL,CE,Towers with Radar,3,132,26,0,161,0,372,43,1,416,3,504,69,1,577,978,0,978,1555
10/25/2018,GFK,ND,AGL,CE,Towers with Radar,8,118,27,1,154,0,35,5,0,40,8,153,32,1,194,457,0,457,651
10/26/2018,GFK,ND,AGL,CE,Towers with Radar,3,117,23,0,143,0,37,10,0,47,3,154,33,0,190,535,0,535,725
10/27/2018,GFK,ND,AGL,CE,Towers with Radar,6,93,10,0,109,0,153,8,2,163,6,246,18,2,272,700,0,700,972
10/28/2018,GFK,ND,AGL,CE,Towers with Radar,8,35,15,0,58,0,161,12,0,173,8,196,27,0,231,450,0,450,681
10/29/2018,GFK,ND,AGL,CE,Towers with Radar,1,111,16,0,128,0,234,23,0,257,1,345,39,0,385,1284,0,1284,1669
10/30/2018,GFK,ND,AGL,CE,Towers with Radar,1,81,25,0,107,0,343,27,0,370,1,424,52,0,477,969,0,969,1446
10/31/2018,GFK,ND,AGL,CE,Towers with Radar,3,43,15,1,62,0,232,30,0,262,3,275,45,1,324,1365,0,1365,1689
11/01/2018,GFK,ND,AGL,CE,Towers with Radar,5,48,31,0,84,0,167,12,0,179,5,215,43,0,263,711,0,711,974
11/02/2018,GFK,ND,AGL,CE,Towers with Radar,3,116,28,2,149,0,481,44,0,525,3,597,72,2,674,1281,0,1281,1955
11/03/2018,GFK,ND,AGL,CE,Towers with Radar,5,90,18,0,113,0,372,26,0,398,5,462,44,0,511,891,0,891,1402
11/04/2018,GFK,ND,AGL,CE,Towers with Radar,4,20,11,0,35,0,101,14,0,115,4,121,25,0,150,563,0,563,713
11/05/2018,GFK,ND,AGL,CE,Towers with Radar,2,36,18,0,56,0,104,13,0,117,2,140,31,0,173,782,0,782,955
11/06/2018,GFK,ND,AGL,CE,Towers with Radar,2,10,15,0,27,0,0,0,0,0,2,10,15,0,27,0,0,0,27
11/07/2018,GFK,ND,AGL,CE,Towers with Radar,3,19,30,0,52,0,21,13,0,34,3,40,43,0,86,261,0,261,347
11/08/2018,GFK,ND,AGL,CE,Towers with Radar,4,53,28,0,85,0,101,13,0,114,4,154,41,0,199,655,0,655,854
11/09/2018,GFK,ND,AGL,CE,Towers with Radar,2,38,20,0,60,0,104,5,0,109,2,142,25,0,169,443,0,443,612
11/10/2018,GFK,ND,AGL,CE,Towers with Radar,5,29,4,0,38,0,114,4,0,118,5,143,8,0,156,329,0,329,485
11/11/2018,GFK,ND,AGL,CE,Towers with Radar,5,8,8,0,21,0,10,3,0,13,5,18,11,0,34,135,0,135,169
11/12/2018,GFK,ND,AGL,CE,Towers with Radar,2,100,31,0,133,0,460,16,0,476,2,560,47,0,609,958,0,958,1567
11/13/2018,GFK,ND,AGL,CE,Towers with Radar,0,155,30,0,185,0,409,13,0,422,0,564,43,0,607,1042,0,1042,1649
11/14/2018,GFK,ND,AGL,CE,Towers with Radar,4,144,33,2,183,0,443,30,1,474,4,587,63,3,657,1031,0,1031,1688
11/15/2018,GFK,ND,AGL,CE,Towers with Radar,3,20,20,0,43,0,22,3,0,25,3,42,23,0,68,163,0,163,231
11/16/2018,GFK,ND,AGL,CE,Towers with Radar,3,19,12,0,34,0,20,16,2,38,3,39,28,2,72,148,0,148,220
11/17/2018,GFK,ND,AGL,CE,Towers with Radar,7,75,9,5,96,0,364,31,0,395,7,439,40,5,491,1008,0,1008,1499
11/18/2018,GFK,ND,AGL,CE,Towers with Radar,4,38,10,0,52,0,149,19,0,168,4,187,29,0,220,587,0,587,807
11/19/2018,GFK,ND,AGL,CE,Towers with Radar,1,152,29,2,184,0,409,32,0,441,1,561,61,2,625,1131,0,1131,1756
11/20/2018,GFK,ND,AGL,CE,Towers with Radar,4,50,11,0,65,0,106,17,1,124,4,156,28,1,189,724,0,724,913
11/21/2018,GFK,ND,AGL,CE,Towers with Radar,1,45,19,0,65,0,208,12,0,220,1,253,31,0,285,962,0,962,1247
11/22/2018,GFK,ND,AGL,CE,Towers with Radar,3,4,0,0,7,0,0,0,0,0,3,4,0,0,7,0,0,0,7
11/23/2018,GFK,ND,AGL,CE,Towers with Radar,2,29,9,0,40,0,18,0,0,18,2,47,9,0,58,109,0,109,167
11/24/2018,GFK,ND,AGL,CE,Towers with Radar,3,11,3,0,17,0,0,0,0,0,3,11,3,0,17,131,0,131,148
11/25/2018,GFK,ND,AGL,CE,Towers with Radar,4,10,6,0,20,0,2,4,0,6,4,12,10,0,26,311,0,311,337
11/26/2018,GFK,ND,AGL,CE,Towers with Radar,3,90,20,3,116,0,215,25,1,241,3,305,45,4,357,1040,0,1040,1397
11/27/2018,GFK,ND,AGL,CE,Towers with Radar,1,133,26,0,160,0,429,19,0,448,1,562,45,0,608,997,0,997,1605
11/28/2018,GFK,ND,AGL,CE,Towers with Radar,3,14,8,0,25,0,6,4,0,10,3,20,12,0,35,42,0,42,77
11/29/2018,GFK,ND,AGL,CE,Towers with Radar,3,13,13,1,30,0,0,1,0,1,3,13,14,1,31,0,0,0,31
11/30/2018,GFK,ND,AGL,CE,Towers with Radar,3,13,7,0,23,0,0,0,0,0,3,13,7,0,23,0,0,0,23
12/01/2018,GFK,ND,AGL,CE,Towers with Radar,3,11,5,0,19,0,0,0,0,0,3,11,5,0,19,0,0,0,19
12/02/2018,GFK,ND,AGL,CE,Towers with Radar,3,8,3,0,14,0,0,0,0,0,3,8,3,0,14,22,0,22,36
12/03/2018,GFK,ND,AGL,CE,Towers with Radar,1,11,15,2,29,0,13,11,0,24,1,24,26,2,53,1120,0,1120,1173
12/04/2018,GFK,ND,AGL,CE,Towers with Radar,0,41,8,0,49,0,114,17,0,131,0,155,25,0,180,1100,0,1100,1280
12/05/2018,GFK,ND,AGL,CE,Towers with Radar,3,38,16,0,57,0,159,17,0,176,3,197,33,0,233,969,0,969,1202
12/06/2018,GFK,ND,AGL,CE,Towers with Radar,3,105,26,0,134,0,387,20,0,407,3,492,46,0,541,925,0,925,1466
12/07/2018,GFK,ND,AGL,CE,Towers with Radar,1,149,29,0,179,0,401,31,2,434,1,550,60,2,613,770,0,770,1383
12/08/2018,GFK,ND,AGL,CE,Towers with Radar,2,149,13,0,164,0,403,20,0,423,2,552,33,0,587,732,0,732,1319
12/09/2018,GFK,ND,AGL,CE,Towers with Radar,3,61,8,0,72,0,234,14,0,248,3,295,22,0,320,540,0,540,860
12/10/2018,GFK,ND,AGL,CE,Towers with Radar,0,128,30,2,160,0,345,24,0,369,0,473,54,2,529,767,0,767,1296
12/11/2018,GFK,ND,AGL,CE,Towers with Radar,1,48,11,0,60,0,216,8,0,224,1,264,19,0,284,527,0,527,811
12/12/2018,GFK,ND,AGL,CE,Towers with Radar,3,7,8,2,20,0,0,0,0,0,3,7,8,2,20,0,0,0,20
12/13/2018,GFK,ND,AGL,CE,Towers with Radar,5,67,15,0,87,0,82,19,0,101,5,149,34,0,188,275,0,275,463
12/14/2018,GFK,ND,AGL,CE,Towers with Radar,1,132,17,0,150,0,374,28,2,404,1,506,45,2,554,688,0,688,1242
12/15/2018,GFK,ND,AGL,CE,Towers with Radar,2,99,5,0,106,0,255,17,0,272,2,354,22,0,378,624,0,624,1002
12/16/2018,GFK,ND,AGL,CE,Towers with Radar,3,34,1,0,38,0,90,11,0,101,3,124,12,0,139,227,0,227,366
12/17/2018,GFK,ND,AGL,CE,Towers with Radar,2,113,18,0,133,0,266,29,3,298,2,379,47,3,431,771,0,771,1202
12/18/2018,GFK,ND,AGL,CE,Towers with Radar,1,87,21,0,109,0,277,24,0,301,1,364,45,0,410,696,0,696,1106
12/19/2018,GFK,ND,AGL,CE,Towers with Radar,3,33,14,0,50,0,63,10,1,74,3,96,24,1,124,207,0,207,331
12/20/2018,GFK,ND,AGL,CE,Towers with Radar,3,10,13,0,26,0,0,1,0,1,3,10,14,0,27,20,0,20,47
12/21/2018,GFK,ND,AGL,CE,Towers with Radar,1,10,20,0,31,0,0,0,0,0,1,10,20,0,31,10,0,10,41
12/22/2018,GFK,ND,AGL,CE,Towers with Radar,2,16,7,0,25,0,1,1,0,2,2,17,8,0,27,23,0,23,50
12/23/2018,GFK,ND,AGL,CE,Towers with Radar,6,12,7,0,25,0,0,8,0,8,6,12,15,0,33,44,0,44,77
12/24/2018,GFK,ND,AGL,CE,Towers with Radar,0,6,3,0,9,0,0,1,0,1,0,6,4,0,10,0,0,0,10
12/25/2018,GFK,ND,AGL,CE,Towers with Radar,1,7,3,0,11,0,0,2,0,2,1,7,5,0,13,0,0,0,13
12/26/2018,GFK,ND,AGL,CE,Towers with Radar,2,11,14,0,27,0,1,0,0,1,2,12,14,0,28,11,0,11,39
12/27/2018,GFK,ND,AGL,CE,Towers with Radar,2,5,2,0,9,0,0,0,0,0,2,5,2,0,9,0,0,0,9
12/28/2018,GFK,ND,AGL,CE,Towers with Radar,1,27,8,0,36,0,8,2,0,10,1,35,10,0,46,46,0,46,92
12/29/2018,GFK,ND,AGL,CE,Towers with Radar,2,73,8,0,83,0,96,5,0,101,2,169,13,0,184,450,0,450,634
12/30/2018,GFK,ND,AGL,CE,Towers with Radar,2,9,3,0,14,0,0,2,0,2,2,9,5,0,16,5,0,5,21
12/31/2018,GFK,ND,AGL,CE,Towers with Radar,0,3,4,0,7,0,0,0,0,0,0,3,4,0,7,0,0,0,7
01/01/2019,GFK,ND,AGL,CE,Towers with Radar,5,5,0,0,10,0,0,4,0,4,5,5,4,0,14,0,0,0,14
01/02/2019,GFK,ND,AGL,CE,Towers with Radar,2,10,7,0,19,0,0,2,0,2,2,10,9,0,21,0,0,0,21
01/03/2019,GFK,ND,AGL,CE,Towers with Radar,5,58,10,0,73,0,113,18,0,131,5,171,28,0,204,248,0,248,452
01/04/2019,GFK,ND,AGL,CE,Towers with Radar,1,59,9,0,69,0,121,19,0,140,1,180,28,0,209,178,0,178,387
01/05/2019,GFK,ND,AGL,CE,Towers with Radar,3,14,7,0,24,0,39,3,0,42,3,53,10,0,66,116,0,116,182
01/06/2019,GFK,ND,AGL,CE,Towers with Radar,8,39,7,0,54,0,87,2,0,89,8,126,9,0,143,122,0,122,265
01/07/2019,GFK,ND,AGL,CE,Towers with Radar,0,90,21,0,111,0,124,13,0,137,0,214,34,0,248,316,0,316,564
01/08/2019,GFK,ND,AGL,CE,Towers with Radar,0,10,5,0,15,0,0,0,0,0,0,10,5,0,15,0,0,0,15
01/09/2019,GFK,ND,AGL,CE,Towers with Radar,5,97,15,0,117,0,356,14,0,370,5,453,29,0,487,405,0,405,892
01/10/2019,GFK,ND,AGL,CE,Towers with Radar,3,89,26,0,118,0,352,29,0,381,3,441,55,0,499,415,0,415,914
01/11/2019,GFK,ND,AGL,CE,Towers with Radar,0,18,14,0,32,0,57,10,0,67,0,75,24,0,99,368,0,368,467
01/12/2019,GFK,ND,AGL,CE,Towers with Radar,3,10,9,0,22,0,0,0,0,0,3,10,9,0,22,0,0,0,22
01/13/2019,GFK,ND,AGL,CE,Towers with Radar,3,13,3,0,19,0,0,0,0,0,3,13,3,0,19,0,0,0,19
01/14/2019,GFK,ND,AGL,CE,Towers with Radar,1,11,11,0,23,0,46,6,0,52,1,57,17,0,75,160,0,160,235
01/15/2019,GFK,ND,AGL,CE,Towers with Radar,3,10,16,0,29,0,0,2,0,2,3,10,18,0,31,16,0,16,47
01/16/2019,GFK,ND,AGL,CE,Towers with Radar,6,200,17,0,223,0,584,36,0,620,6,784,53,0,843,475,0,475,1318
01/17/2019,GFK,ND,AGL,CE,Towers with Radar,4,135,15,4,158,0,272,8,0,280,4,407,23,4,438,559,0,559,997
01/18/2019,GFK,ND,AGL,CE,Towers with Radar,0,147,21,0,168,0,538,17,0,555,0,685,38,0,723,481,0,481,1204
01/19/2019,GFK,ND,AGL,CE,Towers with Radar,5,146,2,0,153,0,410,9,0,419,5,556,11,0,572,447,0,447,1019
01/20/2019,GFK,ND,AGL,CE,Towers with Radar,4,37,13,0,54,0,179,10,0,189,4,216,23,0,243,194,0,194,437
01/21/2019,GFK,ND,AGL,CE,Towers with Radar,0,12,21,0,33,0,7,0,0,7,0,19,21,0,40,44,0,44,84
01/22/2019,GFK,ND,AGL,CE,Towers with Radar,0,48,12,0,60,0,44,8,0,52,0,92,20,0,112,149,0,149,261
01/23/2019,GFK,ND,AGL,CE,Towers with Radar,2,23,19,2,46,0,45,4,0,49,2,68,23,2,95,152,0,152,247
01/24/2019,GFK,ND,AGL,CE,Towers with Radar,2,106,15,0,123,0,144,10,0,154,2,250,25,0,277,461,0,461,738
01/25/2019,GFK,ND,AGL,CE,Towers with Radar,1,178,26,1,206,0,468,20,1,489,1,646,46,2,695,824,0,824,1519
01/26/2019,GFK,ND,AGL,CE,Towers with Radar,3,42,11,0,56,0,162,8,0,170,3,204,19,0,226,328,0,328,554
01/27/2019,GFK,ND,AGL,CE,Towers with Radar,3,5,6,0,14,0,0,1,0,1,3,5,7,0,15,103,0,103,118
01/28/2019,GFK,ND,AGL,CE,Towers with Radar,1,36,10,0,47,0,14,0,0,14,1,50,10,0,61,47,0,47,108
01/29/2019,GFK,ND,AGL,CE,Towers with Radar,1,4,5,0,10,0,0,0,0,0,1,4,5,0,10,0,0,0,10
01/30/2019,GFK,ND,AGL,CE,Towers with Radar,4,9,3,0,16,0,0,1,0,1,4,9,4,0,17,0,0,0,17
01/31/2019,GFK,ND,AGL,CE,Towers with Radar,4,63,13,0,80,0,113,5,0,118,4,176,18,0,198,328,0,328,526
02/01/2019,GFK,ND,AGL,CE,Towers with Radar,1,83,8,0,92,0,75,6,0,81,1,158,14,0,173,332,0,332,505
02/02/2019,GFK,ND,AGL,CE,Towers with Radar,6,18,4,0,28,0,6,10,0,16,6,24,14,0,44,911,0,911,955
02/03/2019,GFK,ND,AGL,CE,Towers with Radar,5,7,1,0,13,0,0,0,0,0,5,7,1,0,13,0,0,0,13
02/04/2019,GFK,ND,AGL,CE,Towers with Radar,0,12,7,0,19,0,0,0,0,0,0,12,7,0,19,0,0,0,19
02/05/2019,GFK,ND,AGL,CE,Towers with Radar,0,79,12,0,91,0,88,5,0,93,0,167,17,0,184,263,0,263,447
02/06/2019,GFK,ND,AGL,CE,Towers with Radar,1,9,10,0,20,0,0,0,0,0,1,9,10,0,20,0,0,0,20
02/07/2019,GFK,ND,AGL,CE,Towers with Radar,2,1,8,0,11,0,0,0,0,0,2,1,8,0,11,0,0,0,11
02/08/2019,GFK,ND,AGL,CE,Towers with Radar,2,165,19,0,186,0,181,16,0,197,2,346,35,0,383,241,0,241,624
02/09/2019,GFK,ND,AGL,CE,Towers with Radar,5,168,7,0,180,0,341,6,0,347,5,509,13,0,527,622,0,622,1149
02/10/2019,GFK,ND,AGL,CE,Towers with Radar,2,47,4,0,53,0,59,2,0,61,2,106,6,0,114,306,0,306,420
02/11/2019,GFK,ND,AGL,CE,Towers with Radar,0,16,12,0,28,0,5,4,0,9,0,21,16,0,37,501,0,501,538
02/12/2019,GFK,ND,AGL,CE,Towers with Radar,0,110,12,1,123,0,96,5,0,101,0,206,17,1,224,140,0,140,364
02/13/2019,GFK,ND,AGL,CE,Towers with Radar,3,39,19,0,61,0,47,5,0,52,3,86,24,0,113,341,0,341,454
02/14/2019,GFK,ND,AGL,CE,Towers with Radar,4,9,8,0,21,0,0,2,0,2,4,9,10,0,23,0,0,0,23
02/15/2019,GFK,ND,AGL,CE,Towers with Radar,0,201,25,0,226,0,443,28,0,471,0,644,53,0,697,402,0,402,1099
02/16/2019,GFK,ND,AGL,CE,Towers with Radar,5,183,11,0,199,0,515,19,0,534,5,698,30,0,733,421,0,421,1154
02/17/2019,GFK,ND,AGL,CE,Towers with Radar,5,44,10,0,59,0,177,17,1,195,5,221,27,1,254,157,0,157,411
02/18/2019,GFK,ND,AGL,CE,Towers with Radar,5,221,17,0,243,1,397,39,0,437,6,618,56,0,680,441,0,441,1121
02/19/2019,GFK,ND,AGL,CE,Towers with Radar,2,224,29,0,255,0,468,46,0,514,2,692,75,0,769,551,0,551,1320
02/20/2019,GFK,ND,AGL,CE,Towers with Radar,4,6,18,0,28,0,0,0,0,0,4,6,18,0,28,0,0,0,28
02/21/2019,GFK,ND,AGL,CE,Towers with Radar,6,85,27,0,118,0,162,4,0,166,6,247,31,0,284,402,0,402,686
02/22/2019,GFK,ND,AGL,CE,Towers with Radar,1,73,12,1,87,0,291,18,1,310,1,364,30,2,397,530,0,530,927
02/23/2019,GFK,ND,AGL,CE,Towers with Radar,5,129,10,0,144,0,105,9,0,114,5,234,19,0,258,259,0,259,517
02/24/2019,GFK,ND,AGL,CE,Towers with Radar,6,10,4,0,20,0,0,1,0,1,6,10,5,0,21,0,0,0,21
02/25/2019,GFK,ND,AGL,CE,Towers with Radar,0,218,14,0,232,0,383,18,0,401,0,601,32,0,633,567,0,567,1200
02/26/2019,GFK,ND,AGL,CE,Towers with Radar,2,53,9,0,64,0,171,8,0,179,2,224,17,0,243,430,0,430,673
02/27/2019,GFK,ND,AGL,CE,Towers with Radar,4,157,13,2,176,0,362,17,0,379,4,519,30,2,555,540,0,540,1095
02/28/2019,GFK,ND,AGL,CE,Towers with Radar,4,212,11,0,227,0,530,19,0,549,4,742,30,0,776,611,0,611,1387
03/01/2019,GFK,ND,AGL,CE,Towers with Radar,0,125,17,0,142,0,104,4,1,109,0,229,21,1,251,274,0,274,525
03/02/2019,GFK,ND,AGL,CE,Towers with Radar,4,158,13,0,175,0,275,23,0,298,4,433,36,0,473,411,0,411,884
03/03/2019,GFK,ND,AGL,CE,Towers with Radar,5,25,4,0,34,0,106,5,0,111,5,131,9,0,145,92,0,92,237
03/04/2019,GFK,ND,AGL,CE,Towers with Radar,0,68,13,0,81,0,41,5,0,46,0,109,18,0,127,152,0,152,279
03/05/2019,GFK,ND,AGL,CE,Towers with Radar,3,96,9,2,110,0,332,21,0,353,3,428,30,2,463,579,0,579,1042
03/06/2019,GFK,ND,AGL,CE,Towers with Radar,2,237,13,0,252,0,436,25,0,461,2,673,38,0,713,628,0,628,1341
03/07/2019,GFK,ND,AGL,CE,Towers with Radar,4,195,20,0,219,0,480,28,0,508,4,675,48,0,727,793,0,793,1520
03/08/2019,GFK,ND,AGL,CE,Towers with Radar,0,11,11,0,22,0,0,0,0,0,0,11,11,0,22,22,0,22,44
03/09/2019,GFK,ND,AGL,CE,Towers with Radar,4,5,7,0,16,0,0,0,0,0,4,5,7,0,16,0,0,0,16
03/10/2019,GFK,ND,AGL,CE,Towers with Radar,4,27,6,0,37,0,53,0,0,53,4,80,6,0,90,170,0,170,260
03/11/2019,GFK,ND,AGL,CE,Towers with Radar,0,231,16,0,247,0,357,27,0,384,0,588,43,0,631,786,0,786,1417
03/12/2019,GFK,ND,AGL,CE,Towers with Radar,2,173,12,0,187,0,290,16,0,306,2,463,28,0,493,610,0,610,1103
03/13/2019,GFK,ND,AGL,CE,Towers with Radar,5,84,6,2,97,0,96,3,0,99,5,180,9,2,196,560,0,560,756
03/14/2019,GFK,ND,AGL,CE,Towers with Radar,3,1,0,0,4,0,0,0,0,0,3,1,0,0,4,0,0,0,4
03/15/2019,GFK,ND,AGL,CE,Towers with Radar,4,147,5,0,156,0,141,9,0,150,4,288,14,0,306,312,0,312,618
03/16/2019,GFK,ND,AGL,CE,Towers with Radar,4,150,2,0,156,0,315,12,1,328,4,465,14,1,484,593,0,593,1077
03/17/2019,GFK,ND,AGL,CE,Towers with Radar,5,71,1,0,77,0,134,9,0,143,5,205,10,0,220,170,0,170,390
03/18/2019,GFK,ND,AGL,CE,Towers with Radar,0,183,9,0,192,0,400,11,2,413,0,583,20,2,605,562,0,562,1167
03/19/2019,GFK,ND,AGL,CE,Towers with Radar,3,187,17,2,209,0,280,12,1,293,3,467,29,3,502,690,0,690,1192
03/20/2019,GFK,ND,AGL,CE,Towers with Radar,4,204,22,0,230,0,477,26,2,505,4,681,48,2,735,558,0,558,1293
03/21/2019,GFK,ND,AGL,CE,Towers with Radar,6,193,16,0,215,0,487,26,0,513,6,680,42,0,728,640,0,640,1368
03/22/2019,GFK,ND,AGL,CE,Towers with Radar,1,155,12,0,168,0,463,42,0,505,1,618,54,0,673,706,0,706,1379
03/23/2019,GFK,ND,AGL,CE,Towers with Radar,5,142,11,0,158,0,317,16,0,333,5,459,27,0,491,450,0,450,941
03/24/2019,GFK,ND,AGL,CE,Towers with Radar,7,42,7,0,56,0,109,16,0,125,7,151,23,0,181,152,0,152,333
03/25/2019,GFK,ND,AGL,CE,Towers with Radar,1,164,12,0,177,0,419,27,0,446,1,583,39,0,623,728,0,728,1351
03/26/2019,GFK,ND,AGL,CE,Towers with Radar,2,29,17,1,49,0,136,15,1,152,2,165,32,2,201,624,0,624,825
03/27/2019,GFK,ND,AGL,CE,Towers with Radar,3,52,12,0,67,0,112,11,0,123,3,164,23,0,190,468,0,468,658
03/28/2019,GFK,ND,AGL,CE,Towers with Radar,4,123,20,2,149,0,321,22,1,344,4,444,42,3,493,843,0,843,1336
03/29/2019,GFK,ND,AGL,CE,Towers with Radar,0,67,10,4,81,0,271,20,0,291,0,338,30,4,372,551,0,551,923
03/30/2019,GFK,ND,AGL,CE,Towers with Radar,5,156,9,0,170,0,483,21,0,504,5,639,30,0,674,744,0,744,1418
03/31/2019,GFK,ND,AGL,CE,Towers with Radar,5,7,8,0,20,0,0,0,0,0,5,7,8,0,20,0,0,0,20
04/01/2019,GFK,ND,AGL,CE,Towers with Radar,1,154,15,0,170,0,306,28,0,334,1,460,43,0,504,618,0,618,1122
04/02/2019,GFK,ND,AGL,CE,Towers with Radar,3,75,10,0,88,0,82,9,0,91,3,157,19,0,179,245,0,245,424
04/03/2019,GFK,ND,AGL,CE,Towers with Radar,3,197,18,0,218,0,562,49,0,611,3,759,67,0,829,805,0,805,1634
04/04/2019,GFK,ND,AGL,CE,Towers with Radar,5,46,17,0,68,0,197,18,0,215,5,243,35,0,283,275,0,275,558
04/05/2019,GFK,ND,AGL,CE,Towers with Radar,0,60,18,1,79,0,0,0,0,0,0,60,18,1,79,0,0,0,79
04/06/2019,GFK,ND,AGL,CE,Towers with Radar,7,139,10,1,157,0,7,3,0,10,7,146,13,1,167,610,0,610,777
04/07/2019,GFK,ND,AGL,CE,Towers with Radar,4,61,10,0,75,0,12,10,0,22,4,73,20,0,97,178,0,178,275
04/08/2019,GFK,ND,AGL,CE,Towers with Radar,0,197,13,0,210,0,240,21,0,261,0,437,34,0,471,388,0,388,859
04/09/2019,GFK,ND,AGL,CE,Towers with Radar,3,24,17,0,44,0,170,15,0,185,3,194,32,0,229,1149,0,1149,1378
04/10/2019,GFK,ND,AGL,CE,Towers with Radar,2,82,24,0,108,0,357,20,0,377,2,439,44,0,485,1266,0,1266,1751
04/11/2019,GFK,ND,AGL,CE,Towers with Radar,5,21,8,0,34,0,100,8,0,108,5,121,16,0,142,124,0,124,266
04/12/2019,GFK,ND,AGL,CE,Towers with Radar,2,9,14,0,25,0,0,0,0,0,2,9,14,0,25,0,0,0,25
04/13/2019,GFK,ND,AGL,CE,Towers with Radar,5,132,7,2,146,0,581,53,0,634,5,713,60,2,780,526,0,526,1306
04/14/2019,GFK,ND,AGL,CE,Towers with Radar,4,40,7,0,51,0,282,15,0,297,4,322,22,0,348,259,0,259,607
04/15/2019,GFK,ND,AGL,CE,Towers with Radar,1,179,20,3,203,0,391,23,0,414,1,570,43,3,617,826,0,826,1443
04/16/2019,GFK,ND,AGL,CE,Towers with Radar,1,115,20,3,139,0,531,45,0,576,1,646,65,3,715,782,0,782,1497
04/17/2019,GFK,ND,AGL,CE,Towers with Radar,3,116,12,1,132,0,101,7,0,108,3,217,19,1,240,654,0,654,894
04/18/2019,GFK,ND,AGL,CE,Towers with Radar,3,138,34,0,175,0,377,26,0,403,3,515,60,0,578,545,0,545,1123
04/19/2019,GFK,ND,AGL,CE,Towers with Radar,1,119,8,0,128,0,361,35,0,396,1,480,43,0,524,524,0,524,1048
04/20/2019,GFK,ND,AGL,CE,Towers with Radar,5,122,2,0,129,0,277,18,0,295,5,399,20,0,424,620,0,620,1044
04/21/2019,GFK,ND,AGL,CE,Towers with Radar,6,8,5,0,19,0,0,11,1,12,6,8,16,1,31,33,0,33,64
04/22/2019,GFK,ND,AGL,CE,Towers with Radar,1,124,27,0,152,0,355,33,2,390,1,479,60,2,542,659,0,659,1201
04/23/2019,GFK,ND,AGL,CE,Towers with Radar,1,119,6,3,129,0,407,21,2,430,1,526,27,5,559,822,0,822,1381
04/24/2019,GFK,ND,AGL,CE,Towers with Radar,5,96,7,0,108,0,394,24,0,418,5,490,31,0,526,657,0,657,1183
04/25/2019,GFK,ND,AGL,CE,Towers with Radar,3,41,13,0,57,0,142,19,0,161,3,183,32,0,218,213,0,213,431
04/26/2019,GFK,ND,AGL,CE,Towers with Radar,1,110,15,0,126,0,473,33,0,506,1,583,48,0,632,785,0,785,1417
04/27/2019,GFK,ND,AGL,CE,Towers with Radar,3,125,9,0,137,0,396,34,0,430,3,521,43,0,567,708,0,708,1275
04/28/2019,GFK,ND,AGL,CE,Towers with Radar,3,27,2,0,32,0,65,10,0,75,3,92,12,0,107,366,0,366,473
04/29/2019,GFK,ND,AGL,CE,Towers with Radar,1,17,7,0,25,0,17,5,0,22,1,34,12,0,47,607,0,607,654
04/30/2019,GFK,ND,AGL,CE,Towers with Radar,0,42,20,0,62,0,148,7,0,155,0,190,27,0,217,734,0,734,951
05/01/2019,GFK,ND,AGL,CE,Towers with Radar,2,16,22,0,40,0,0,0,0,0,2,16,22,0,40,100,0,100,140
05/02/2019,GFK,ND,AGL,CE,Towers with Radar,3,167,13,2,185,0,426,34,0,460,3,593,47,2,645,908,0,908,1553
05/03/2019,GFK,ND,AGL,CE,Towers with Radar,0,102,5,1,108,0,357,17,1,375,0,459,22,2,483,854,0,854,1337
05/04/2019,GFK,ND,AGL,CE,Towers with Radar,3,96,12,0,111,0,290,19,0,309,3,386,31,0,420,856,0,856,1276
05/05/2019,GFK,ND,AGL,CE,Towers with Radar,4,43,10,2,59,0,101,27,0,128,4,144,37,2,187,224,0,224,411
05/06/2019,GFK,ND,AGL,CE,Towers with Radar,0,99,19,0,118,0,287,25,0,312,0,386,44,0,430,821,0,821,1251
05/07/2019,GFK,ND,AGL,CE,Towers with Radar,1,109,11,0,121,0,381,29,0,410,1,490,40,0,531,1058,0,1058,1589
05/08/2019,GFK,ND,AGL,CE,Towers with Radar,2,104,15,0,121,0,317,24,0,341,2,421,39,0,462,754,0,754,1216
05/09/2019,GFK,ND,AGL,CE,Towers with Radar,4,100,25,1,130,0,276,37,1,314,4,376,62,2,444,432,0,432,876
05/10/2019,GFK,ND,AGL,CE,Towers with Radar,1,101,15,4,121,0,279,32,0,311,1,380,47,4,432,556,0,556,988
05/11/2019,GFK,ND,AGL,CE,Towers with Radar,4,75,15,1,95,0,124,14,0,138,4,199,29,1,233,167,0,167,400
05/12/2019,GFK,ND,AGL,CE,Towers with Radar,3,54,4,3,64,0,39,9,0,48,3,93,13,3,112,350,0,350,462
05/13/2019,GFK,ND,AGL,CE,Towers with Radar,0,102,18,0,120,0,324,36,0,360,0,426,54,0,480,628,0,628,1108
05/14/2019,GFK,ND,AGL,CE,Towers with Radar,2,120,19,0,141,0,305,30,0,335,2,425,49,0,476,790,0,790,1266
05/15/2019,GFK,ND,AGL,CE,Towers with Radar,1,50,23,0,74,0,172,20,0,192,1,222,43,0,266,451,0,451,717
05/16/2019,GFK,ND,AGL,CE,Towers with Radar,3,78,17,0,98,0,154,15,0,169,3,232,32,0,267,339,0,339,606
05/17/2019,GFK,ND,AGL,CE,Towers with Radar,0,133,17,0,150,0,450,28,0,478,0,583,45,0,628,896,0,896,1524
05/18/2019,GFK,ND,AGL,CE,Towers with Radar,3,72,11,0,86,0,159,4,0,163,3,231,15,0,249,534,0,534,783
05/19/2019,GFK,ND,AGL,CE,Towers with Radar,3,34,8,0,45,0,103,22,0,125,3,137,30,0,170,257,0,257,427
05/20/2019,GFK,ND,AGL,CE,Towers with Radar,0,135,19,0,154,0,418,21,0,439,0,553,40,0,593,1018,0,1018,1611
05/21/2019,GFK,ND,AGL,CE,Towers with Radar,3,98,18,0,119,0,405,25,0,430,3,503,43,0,549,925,0,925,1474
05/22/2019,GFK,ND,AGL,CE,Towers with Radar,1,103,28,0,132,0,0,0,0,0,1,103,28,0,132,31,0,31,163
05/23/2019,GFK,ND,AGL,CE,Towers with Radar,3,147,18,0,168,0,323,34,0,357,3,470,52,0,525,1061,0,1061,1586
05/24/2019,GFK,ND,AGL,CE,Towers with Radar,4,101,15,0,120,0,21,0,0,21,4,122,15,0,141,76,0,76,217
05/25/2019,GFK,ND,AGL,CE,Towers with Radar,2,146,26,1,175,0,214,15,0,229,2,360,41,1,404,985,0,985,1389
05/26/2019,GFK,ND,AGL,CE,Towers with Radar,3,62,9,0,74,0,12,4,0,16,3,74,13,0,90,274,0,274,364
05/27/2019,GFK,ND,AGL,CE,Towers with Radar,0,157,19,2,178,0,311,9,0,320,0,468,28,2,498,881,0,881,1379
05/28/2019,GFK,ND,AGL,CE,Towers with Radar,1,146,16,0,163,0,467,52,0,519,1,613,68,0,682,668,0,668,1350
05/29/2019,GFK,ND,AGL,CE,Towers with Radar,1,179,20,0,200,0,479,32,0,511,1,658,52,0,711,847,0,847,1558
05/30/2019,GFK,ND,AGL,CE,Towers with Radar,3,151,13,0,167,0,398,30,3,431,3,549,43,3,598,469,0,469,1067
05/31/2019,GFK,ND,AGL,CE,Towers with Radar,0,152,19,0,171,0,274,25,0,299,0,426,44,0,470,437,0,437,907
06/01/2019,GFK,ND,AGL,CE,Towers with Radar,3,154,3,0,160,0,314,22,0,336,3,468,25,0,496,766,0,766,1262
06/02/2019,GFK,ND,AGL,CE,Towers with Radar,2,50,11,0,63,0,123,16,0,139,2,173,27,0,202,285,0,285,487
06/03/2019,GFK,ND,AGL,CE,Towers with Radar,1,147,16,0,164,0,339,30,0,369,1,486,46,0,533,663,0,663,1196
06/04/2019,GFK,ND,AGL,CE,Towers with Radar,2,75,23,0,100,0,277,21,0,298,2,352,44,0,398,752,0,752,1150
06/05/2019,GFK,ND,AGL,CE,Towers with Radar,1,169,30,2,202,0,423,17,0,440,1,592,47,2,642,660,0,660,1302
06/06/2019,GFK,ND,AGL,CE,Towers with Radar,2,177,10,2,191,0,451,28,0,479,2,628,38,2,670,989,0,989,1659
06/07/2019,GFK,ND,AGL,CE,Towers with Radar,0,47,13,0,60,0,121,11,0,132,0,168,24,0,192,163,0,163,355
06/08/2019,GFK,ND,AGL,CE,Towers with Radar,5,53,1,0,59,0,58,1,0,59,5,111,2,0,118,218,0,218,336
06/09/2019,GFK,ND,AGL,CE,Towers with Radar,3,48,5,0,56,0,104,15,0,119,3,152,20,0,175,116,0,116,291
06/10/2019,GFK,ND,AGL,CE,Towers with Radar,0,210,12,0,222,0,501,19,0,520,0,711,31,0,742,758,0,758,1500
06/11/2019,GFK,ND,AGL,CE,Towers with Radar,0,127,12,0,139,0,287,13,0,300,0,414,25,0,439,765,0,765,1204
06/12/2019,GFK,ND,AGL,CE,Towers with Radar,1,141,18,0,160,0,511,41,0,552,1,652,59,0,712,866,0,866,1578
06/13/2019,GFK,ND,AGL,CE,Towers with Radar,3,123,18,2,146,0,406,22,0,428,3,529,40,2,574,828,0,828,1402
06/14/2019,GFK,ND,AGL,CE,Towers with Radar,0,156,14,0,170,0,436,29,0,465,0,592,43,0,635,826,0,826,1461
06/15/2019,GFK,ND,AGL,CE,Towers with Radar,3,57,3,0,63,0,109,2,0,111,3,166,5,0,174,396,0,396,570
06/16/2019,GFK,ND,AGL,CE,Towers with Radar,2,60,8,0,70,0,5,0,0,5,2,65,8,0,75,47,0,47,122
06/17/2019,GFK,ND,AGL,CE,Towers with Radar,0,225,23,2,250,0,36,5,0,41,0,261,28,2,291,674,0,674,965
06/18/2019,GFK,ND,AGL,CE,Towers with Radar,1,156,21,1,179,0,480,29,1,510,1,636,50,2,689,699,0,699,1388
06/19/2019,GFK,ND,AGL,CE,Towers with Radar,1,161,14,2,178,0,476,33,0,509,1,637,47,2,687,955,0,955,1642
06/20/2019,GFK,ND,AGL,CE,Towers with Radar,4,151,13,2,170,0,339,25,1,365,4,490,38,3,535,656,0,656,1191
06/21/2019,GFK,ND,AGL,CE,Towers with Radar,0,105,18,0,123,0,189,8,0,197,0,294,26,0,320,577,0,577,897
06/22/2019,GFK,ND,AGL,CE,Towers with Radar,3,137,11,0,151,0,115,17,0,132,3,252,28,0,283,487,0,487,770
06/23/2019,GFK,ND,AGL,CE,Towers with Radar,1,29,14,0,44,0,123,9,0,132,1,152,23,0,176,258,0,258,434
06/24/2019,GFK,ND,AGL,CE,Towers with Radar,0,100,18,0,118,0,268,24,0,292,0,368,42,0,410,361,0,361,771
06/25/2019,GFK,ND,AGL,CE,Towers with Radar,2,143,19,0,164,0,425,10,0,435,2,568,29,0,599,727,0,727,1326
06/26/2019,GFK,ND,AGL,CE,Towers with Radar,1,178,21,0,200,0,505,19,2,526,1,683,40,2,726,959,0,959,1685
06/27/2019,GFK,ND,AGL,CE,Towers with Radar,5,147,23,0,175,0,445,24,4,473,5,592,47,4,648,836,0,836,1484
06/28/2019,GFK,ND,AGL,CE,Towers with Radar,0,113,20,0,133,0,376,29,0,405,0,489,49,0,538,612,0,612,1150
06/29/2019,GFK,ND,AGL,CE,Towers with Radar,3,35,9,0,47,0,78,12,0,90,3,113,21,0,137,224,0,224,361
06/30/2019,GFK,ND,AGL,CE,Towers with Radar,2,54,13,0,69,0,151,24,0,175,2,205,37,0,244,205,0,205,449
07/01/2019,GFK,ND,AGL,CE,Towers with Radar,2,142,9,0,153,0,446,22,0,468,2,588,31,0,621,838,0,838,1459
07/02/2019,GFK,ND,AGL,CE,Towers with Radar,0,149,10,0,159,0,426,31,2,459,0,575,41,2,618,780,2,782,1400
07/03/2019,GFK,ND,AGL,CE,Towers with Radar,0,111,11,0,122,0,278,15,0,293,0,389,26,0,415,563,0,563,978
07/04/2019,GFK,ND,AGL,CE,Towers with Radar,7,5,2,0,14,0,0,6,0,6,7,5,8,0,20,10,0,10,30
07/05/2019,GFK,ND,AGL,CE,Towers with Radar,3,37,3,0,43,0,108,11,0,119,3,145,14,0,162,263,0,263,425
07/06/2019,GFK,ND,AGL,CE,Towers with Radar,3,9,13,0,25,0,0,12,0,12,3,9,25,0,37,12,0,12,49
07/07/2019,GFK,ND,AGL,CE,Towers with Radar,3,14,5,0,22,0,0,8,0,8,3,14,13,0,30,10,0,10,40
07/08/2019,GFK,ND,AGL,CE,Towers with Radar,0,55,6,0,61,0,147,15,0,162,0,202,21,0,223,348,0,348,571
07/09/2019,GFK,ND,AGL,CE,Towers with Radar,1,153,11,3,168,0,12,3,0,15,1,165,14,3,183,36,0,36,219
07/10/2019,GFK,ND,AGL,CE,Towers with Radar,1,50,22,1,74,0,148,9,0,157,1,198,31,1,231,253,0,253,484
07/11/2019,GFK,ND,AGL,CE,Towers with Radar,5,175,26,0,206,0,529,28,0,557,5,704,54,0,763,885,0,885,1648
07/12/2019,GFK,ND,AGL,CE,Towers with Radar,0,160,15,0,175,0,460,36,0,496,0,620,51,0,671,853,0,853,1524
07/13/2019,GFK,ND,AGL,CE,Towers with Radar,3,127,15,2,147,0,338,30,0,368,3,465,45,2,515,589,0,589,1104
07/14/2019,GFK,ND,AGL,CE,Towers with Radar,2,12,9,0,23,0,0,9,0,9,2,12,18,0,32,0,0,0,32
07/15/2019,GFK,ND,AGL,CE,Towers with Radar,6,129,14,4,153,0,299,12,1,312,6,428,26,5,465,713,0,713,1178
07/16/2019,GFK,ND,AGL,CE,Towers with Radar,0,159,19,1,179,0,435,23,0,458,0,594,42,1,637,1037,0,1037,1674
07/17/2019,GFK,ND,AGL,CE,Towers with Radar,1,155,19,0,175,0,212,10,1,223,1,367,29,1,398,795,0,795,1193
07/18/2019,GFK,ND,AGL,CE,Towers with Radar,3,142,19,0,164,0,379,12,0,391,3,521,31,0,555,624,0,624,1179
07/19/2019,GFK,ND,AGL,CE,Towers with Radar,1,109,14,0,124,0,301,20,0,321,1,410,34,0,445,516,0,516,961
07/20/2019,GFK,ND,AGL,CE,Towers with Radar,7,127,10,0,144,0,268,13,0,281,7,395,23,0,425,594,0,594,1019
07/21/2019,GFK,ND,AGL,CE,Towers with Radar,3,11,19,2,35,0,0,15,0,15,3,11,34,2,50,10,0,10,60
07/22/2019,GFK,ND,AGL,CE,Towers with Radar,1,120,10,1,132,0,360,20,3,383,1,480,30,4,515,788,0,788,1303
07/23/2019,GFK,ND,AGL,CE,Towers with Radar,1,145,17,0,163,0,368,24,1,393,1,513,41,1,556,815,0,815,1371
07/24/2019,GFK,ND,AGL,CE,Towers with Radar,1,138,26,0,165,0,349,18,0,367,1,487,44,0,532,669,0,669,1201
07/25/2019,GFK,ND,AGL,CE,Towers with Radar,5,117,19,0,141,0,238,26,0,264,5,355,45,0,405,535,0,535,940
07/26/2019,GFK,ND,AGL,CE,Towers with Radar,0,127,10,0,137,0,243,25,0,268,0,370,35,0,405,437,0,437,842
07/27/2019,GFK,ND,AGL,CE,Towers with Radar,3,101,1,0,105,0,252,19,2,273,3,353,20,2,378,420,0,420,798
07/28/2019,GFK,ND,AGL,CE,Towers with Radar,3,12,19,0,34,0,0,13,0,13,3,12,32,0,47,19,0,19,66
07/29/2019,GFK,ND,AGL,CE,Towers with Radar,0,152,11,0,163,0,225,34,0,259,0,377,45,0,422,382,0,382,804
07/30/2019,GFK,ND,AGL,CE,Towers with Radar,0,138,15,3,156,0,382,23,1,406,0,520,38,4,562,795,0,795,1357
07/31/2019,GFK,ND,AGL,CE,Towers with Radar,0,98,17,0,115,0,193,27,0,220,0,291,44,0,335,479,0,479,814
08/01/2019,GFK,ND,AGL,CE,Towers with Radar,4,117,33,0,154,0,260,20,0,280,4,377,53,0,434,713,0,713,1147
08/02/2019,GFK,ND,AGL,CE,Towers with Radar,0,80,10,0,90,0,180,14,0,194,0,260,24,0,284,626,0,626,910
08/03/2019,GFK,ND,AGL,CE,Towers with Radar,3,74,5,0,82,0,150,19,0,169,3,224,24,0,251,402,0,402,653
08/04/2019,GFK,ND,AGL,CE,Towers with Radar,2,13,5,0,20,0,0,7,0,7,2,13,12,0,27,0,0,0,27
08/05/2019,GFK,ND,AGL,CE,Towers with Radar,0,127,13,0,140,0,215,12,0,227,0,342,25,0,367,571,0,571,938
08/06/2019,GFK,ND,AGL,CE,Towers with Radar,1,99,7,0,107,0,175,16,0,191,1,274,23,0,298,589,0,589,887
08/07/2019,GFK,ND,AGL,CE,Towers with Radar,1,137,21,2,161,0,191,16,0,207,1,328,37,2,368,1162,0,1162,1530
08/08/2019,GFK,ND,AGL,CE,Towers with Radar,2,121,15,0,138,0,243,15,0,258,2,364,30,0,396,780,0,780,1176
08/09/2019,GFK,ND,AGL,CE,Towers with Radar,1,102,13,2,118,0,191,25,0,216,1,293,38,2,334,700,0,700,1034
08/10/2019,GFK,ND,AGL,CE,Towers with Radar,3,55,13,0,71,0,145,17,0,162,3,200,30,0,233,450,0,450,683
08/11/2019,GFK,ND,AGL,CE,Towers with Radar,2,17,4,0,23,0,3,15,0,18,2,20,19,0,41,4,0,4,45
08/12/2019,GFK,ND,AGL,CE,Towers with Radar,4,99,11,0,114,0,38,6,0,44,4,137,17,0,158,510,0,510,668
08/13/2019,GFK,ND,AGL,CE,Towers with Radar,1,115,30,0,146,0,43,10,0,53,1,158,40,0,199,346,0,346,545
08/14/2019,GFK,ND,AGL,CE,Towers with Radar,0,102,23,0,125,0,318,31,0,349,0,420,54,0,474,951,0,951,1425
08/15/2019,GFK,ND,AGL,CE,Towers with Radar,2,50,12,0,64,0,59,5,0,64,2,109,17,0,128,400,0,400,528
08/16/2019,GFK,ND,AGL,CE,Towers with Radar,1,106,17,0,124,0,261,34,0,295,1,367,51,0,419,1034,0,1034,1453
08/17/2019,GFK,ND,AGL,CE,Towers with Radar,6,67,12,0,85,0,117,11,0,128,6,184,23,0,213,554,0,554,767
08/18/2019,GFK,ND,AGL,CE,Towers with Radar,3,12,3,0,18,0,0,9,0,9,3,12,12,0,27,13,0,13,40
08/19/2019,GFK,ND,AGL,CE,Towers with Radar,0,111,6,0,117,0,211,15,0,226,0,322,21,0,343,853,0,853,1196
08/20/2019,GFK,ND,AGL,CE,Towers with Radar,0,99,14,0,113,0,196,19,0,215,0,295,33,0,328,539,0,539,867
08/21/2019,GFK,ND,AGL,CE,Towers with Radar,1,66,8,0,75,0,152,38,0,190,1,218,46,0,265,717,0,717,982
08/22/2019,GFK,ND,AGL,CE,Towers with Radar,2,89,14,0,105,0,281,9,0,290,2,370,23,0,395,904,0,904,1299
08/23/2019,GFK,ND,AGL,CE,Towers with Radar,2,94,15,0,111,0,172,27,0,199,2,266,42,0,310,649,0,649,959
08/24/2019,GFK,ND,AGL,CE,Towers with Radar,3,36,6,0,45,0,71,5,0,76,3,107,11,0,121,213,0,213,334
08/25/2019,GFK,ND,AGL,CE,Towers with Radar,2,19,4,0,25,0,4,0,0,4,2,23,4,0,29,0,0,0,29
08/26/2019,GFK,ND,AGL,CE,Towers with Radar,3,29,6,0,38,0,2,3,0,5,3,31,9,0,43,64,0,64,107
08/27/2019,GFK,ND,AGL,CE,Towers with Radar,2,70,29,2,103,0,104,3,0,107,2,174,32,2,210,350,0,350,560
08/28/2019,GFK,ND,AGL,CE,Towers with Radar,1,75,24,0,100,0,455,42,0,497,1,530,66,0,597,882,0,882,1479
08/29/2019,GFK,ND,AGL,CE,Towers with Radar,5,102,12,0,119,0,373,16,0,389,5,475,28,0,508,551,0,551,1059
08/30/2019,GFK,ND,AGL,CE,Towers with Radar,2,87,12,4,105,0,450,29,2,481,2,537,41,6,586,774,0,774,1360
08/31/2019,GFK,ND,AGL,CE,Towers with Radar,3,81,8,0,92,0,366,27,0,393,3,447,35,0,485,683,0,683,1168
09/01/2019,GFK,ND,AGL,CE,Towers with Radar,7,47,9,0,63,0,14,5,0,19,7,61,14,0,82,459,0,459,541
09/02/2019,GFK,ND,AGL,CE,Towers with Radar,2,40,4,0,46,0,225,10,0,235,2,265,14,0,281,516,0,516,797
09/03/2019,GFK,ND,AGL,CE,Towers with Radar,2,133,10,0,145,0,148,10,0,158,2,281,20,0,303,739,0,739,1042
09/04/2019,GFK,ND,AGL,CE,Towers with Radar,3,96,18,0,117,0,615,27,0,642,3,711,45,0,759,918,0,918,1677
09/05/2019,GFK,ND,AGL,CE,Towers with Radar,5,161,17,0,183,0,173,7,0,180,5,334,24,0,363,742,0,742,1105
09/06/2019,GFK,ND,AGL,CE,Towers with Radar,3,107,10,2,122,0,614,39,0,653,3,721,49,2,775,885,0,885,1660
09/07/2019,GFK,ND,AGL,CE,Towers with Radar,3,84,12,0,99,0,422,18,0,440,3,506,30,0,539,931,0,931,1470
09/08/2019,GFK,ND,AGL,CE,Towers with Radar,5,37,11,0,53,0,159,13,0,172,5,196,24,0,225,359,0,359,584
09/09/2019,GFK,ND,AGL,CE,Towers with Radar,4,96,13,0,113,0,4,2,0,6,4,100,15,0,119,145,0,145,264
09/10/2019,GFK,ND,AGL,CE,Towers with Radar,5,135,15,0,155,0,71,11,0,82,5,206,26,0,237,862,0,862,1099
09/11/2019,GFK,ND,AGL,CE,Towers with Radar,6,134,25,0,165,0,34,9,0,43,6,168,34,0,208,959,0,959,1167
09/12/2019,GFK,ND,AGL,CE,Towers with Radar,6,85,11,0,102,0,0,1,0,1,6,85,12,0,103,27,0,27,130
09/13/2019,GFK,ND,AGL,CE,Towers with Radar,7,79,15,1,102,0,324,17,0,341,7,403,32,1,443,309,0,309,752
09/14/2019,GFK,ND,AGL,CE,Towers with Radar,5,117,18,2,142,0,547,39,0,586,5,664,57,2,728,861,0,861,1589
09/15/2019,GFK,ND,AGL,CE,Towers with Radar,4,33,5,0,42,0,215,27,0,242,4,248,32,0,284,418,0,418,702
09/16/2019,GFK,ND,AGL,CE,Towers with Radar,4,122,18,1,145,0,569,50,0,619,4,691,68,1,764,967,0,967,1731
09/17/2019,GFK,ND,AGL,CE,Towers with Radar,5,129,20,0,154,0,463,38,0,501,5,592,58,0,655,681,0,681,1336
09/18/2019,GFK,ND,AGL,CE,Towers with Radar,5,74,20,0,99,0,352,17,0,369,5,426,37,0,468,621,0,621,1089
09/19/2019,GFK,ND,AGL,CE,Towers with Radar,6,155,21,0,182,0,368,24,0,392,6,523,45,0,574,758,0,758,1332
09/20/2019,GFK,ND,AGL,CE,Towers with Radar,8,53,15,1,77,0,164,9,0,173,8,217,24,1,250,449,0,449,699
09/21/2019,GFK,ND,AGL,CE,Towers with Radar,4,78,12,0,94,0,32,3,0,35,4,110,15,0,129,340,0,340,469
09/22/2019,GFK,ND,AGL,CE,Towers with Radar,5,50,10,0,65,0,184,32,0,216,5,234,42,0,281,352,0,352,633
09/23/2019,GFK,ND,AGL,CE,Towers with Radar,8,150,10,0,168,0,572,28,0,600,8,722,38,0,768,1013,0,1013,1781
09/24/2019,GFK,ND,AGL,CE,Towers with Radar,4,71,16,1,92,0,467,23,0,490,4,538,39,1,582,477,0,477,1059
09/25/2019,GFK,ND,AGL,CE,Towers with Radar,5,39,27,0,71,0,333,16,0,349,5,372,43,0,420,46,0,46,466
09/26/2019,GFK,ND,AGL,CE,Towers with Radar,6,163,23,0,192,0,505,26,0,531,6,668,49,0,723,971,0,971,1694
09/27/2019,GFK,ND,AGL,CE,Towers with Radar,9,202,20,0,231,0,308,34,0,342,9,510,54,0,573,1067,0,1067,1640
09/28/2019,GFK,ND,AGL,CE,Towers with Radar,3,147,8,2,160,0,409,18,0,427,3,556,26,2,587,666,0,666,1253
09/29/2019,GFK,ND,AGL,CE,Towers with Radar,2,19,7,0,28,0,1,0,0,1,2,20,7,0,29,34,0,34,63
09/30/2019,GFK,ND,AGL,CE,Towers with Radar,7,103,3,0,113,0,0,0,0,0,7,103,3,0,113,0,0,0,113
10/01/2019,GFK,ND,AGL,CE,Towers with Radar,1,20,27,0,48,0,6,17,1,24,1,26,44,1,72,944,0,944,1016
10/02/2019,GFK,ND,AGL,CE,Towers with Radar,1,13,21,0,35,0,11,10,1,22,1,24,31,1,57,952,0,952,1009
10/03/2019,GFK,ND,AGL,CE,Towers with Radar,7,81,20,0,108,0,40,6,0,46,7,121,26,0,154,453,0,453,607
10/04/2019,GFK,ND,AGL,CE,Towers with Radar,1,135,25,0,161,0,82,33,0,115,1,217,58,0,276,979,0,979,1255
10/05/2019,GFK,ND,AGL,CE,Towers with Radar,4,86,13,0,103,0,0,0,0,0,4,86,13,0,103,0,0,0,103
10/06/2019,GFK,ND,AGL,CE,Towers with Radar,2,48,10,0,60,0,119,5,0,124,2,167,15,0,184,50,0,50,234
10/07/2019,GFK,ND,AGL,CE,Towers with Radar,0,220,26,0,246,0,664,53,0,717,0,884,79,0,963,737,0,737,1700
10/08/2019,GFK,ND,AGL,CE,Towers with Radar,1,235,25,0,261,0,596,38,0,634,1,831,63,0,895,837,0,837,1732
10/09/2019,GFK,ND,AGL,CE,Towers with Radar,4,223,27,3,257,0,0,0,0,0,4,223,27,3,257,0,0,0,257
10/10/2019,GFK,ND,AGL,CE,Towers with Radar,1,10,5,0,16,0,0,0,0,0,1,10,5,0,16,0,0,0,16
10/11/2019,GFK,ND,AGL,CE,Towers with Radar,3,9,3,0,15,0,0,0,0,0,3,9,3,0,15,0,0,0,15
10/12/2019,GFK,ND,AGL,CE,Towers with Radar,6,16,4,0,26,0,0,0,0,0,6,16,4,0,26,0,0,0,26
10/13/2019,GFK,ND,AGL,CE,Towers with Radar,1,12,9,0,22,0,3,0,0,3,1,15,9,0,25,10,0,10,35
10/14/2019,GFK,ND,AGL,CE,Towers with Radar,2,193,13,0,208,0,527,23,0,550,2,720,36,0,758,1013,0,1013,1771
10/15/2019,GFK,ND,AGL,CE,Towers with Radar,0,17,15,0,32,0,0,5,0,5,0,17,20,0,37,218,0,218,255
10/16/2019,GFK,ND,AGL,CE,Towers with Radar,2,93,21,0,116,0,118,18,0,136,2,211,39,0,252,509,0,509,761
10/17/2019,GFK,ND,AGL,CE,Towers with Radar,5,218,33,0,256,0,636,45,1,682,5,854,78,1,938,782,0,782,1720
10/18/2019,GFK,ND,AGL,CE,Towers with Radar,3,177,20,0,200,0,514,18,0,532,3,691,38,0,732,693,0,693,1425
10/19/2019,GFK,ND,AGL,CE,Towers with Radar,3,134,15,0,152,0,591,39,0,630,3,725,54,0,782,570,0,570,1352
10/20/2019,GFK,ND,AGL,CE,Towers with Radar,5,52,12,0,69,0,212,16,0,228,5,264,28,0,297,386,0,386,683
10/21/2019,GFK,ND,AGL,CE,Towers with Radar,0,51,5,0,56,0,67,2,0,69,0,118,7,0,125,356,0,356,481
10/22/2019,GFK,ND,AGL,CE,Towers with Radar,2,33,1,0,36,0,11,3,0,14,2,44,4,0,50,99,0,99,149
10/23/2019,GFK,ND,AGL,CE,Towers with Radar,3,94,5,0,102,0,208,16,0,224,3,302,21,0,326,1270,0,1270,1596
10/24/2019,GFK,ND,AGL,CE,Towers with Radar,3,194,15,0,212,0,613,34,0,647,3,807,49,0,859,748,0,748,1607
10/25/2019,GFK,ND,AGL,CE,Towers with Radar,1,183,14,2,200,0,567,29,2,598,1,750,43,4,798,701,0,701,1499
10/26/2019,GFK,ND,AGL,CE,Towers with Radar,4,98,6,5,113,0,441,18,0,459,4,539,24,5,572,647,0,647,1219
10/27/2019,GFK,ND,AGL,CE,Towers with Radar,2,17,9,0,28,0,11,6,0,17,2,28,15,0,45,184,0,184,229
10/28/2019,GFK,ND,AGL,CE,Towers with Radar,1,92,17,0,110,0,296,15,0,311,1,388,32,0,421,581,0,581,1002
10/29/2019,GFK,ND,AGL,CE,Towers with Radar,1,37,24,0,62,0,155,12,0,167,1,192,36,0,229,628,0,628,857
10/30/2019,GFK,ND,AGL,CE,Towers with Radar,3,99,12,4,118,0,467,10,0,477,3,566,22,4,595,783,0,783,1378
10/31/2019,GFK,ND,AGL,CE,Towers with Radar,3,116,13,0,132,0,567,38,2,607,3,683,51,2,739,846,0,846,1585
11/01/2019,GFK,ND,AGL,CE,Towers with Radar,1,13,13,2,29,0,49,8,3,60,1,62,21,5,89,481,0,481,570
11/02/2019,GFK,ND,AGL,CE,Towers with Radar,3,85,16,0,104,0,204,23,0,227,3,289,39,0,331,1078,0,1078,1409
11/03/2019,GFK,ND,AGL,CE,Towers with Radar,3,11,8,4,26,0,0,2,0,2,3,11,10,4,28,22,0,22,50
11/04/2019,GFK,ND,AGL,CE,Towers with Radar,2,18,12,0,32,0,21,6,0,27,2,39,18,0,59,342,0,342,401
11/05/2019,GFK,ND,AGL,CE,Towers with Radar,2,165,19,0,186,0,516,38,0,554,2,681,57,0,740,836,0,836,1576
11/06/2019,GFK,ND,AGL,CE,Towers with Radar,4,113,28,0,145,0,451,37,0,488,4,564,65,0,633,857,0,857,1490
11/07/2019,GFK,ND,AGL,CE,Towers with Radar,2,151,20,2,175,0,510,43,0,553,2,661,63,2,728,877,0,877,1605
11/08/2019,GFK,ND,AGL,CE,Towers with Radar,4,73,26,0,103,0,320,23,1,344,4,393,49,1,447,634,0,634,1081
11/09/2019,GFK,ND,AGL,CE,Towers with Radar,7,8,5,0,20,0,8,4,0,12,7,16,9,0,32,120,0,120,152
11/10/2019,GFK,ND,AGL,CE,Towers with Radar,4,11,10,0,25,0,6,5,0,11,4,17,15,0,36,34,0,34,70
11/11/2019,GFK,ND,AGL,CE,Towers with Radar,1,93,13,0,107,0,341,24,0,365,1,434,37,0,472,714,0,714,1186
11/12/2019,GFK,ND,AGL,CE,Towers with Radar,0,58,8,2,68,0,191,4,1,196,0,249,12,3,264,273,0,273,537
11/13/2019,GFK,ND,AGL,CE,Towers with Radar,4,36,15,0,55,0,122,20,0,142,4,158,35,0,197,661,0,661,858
11/14/2019,GFK,ND,AGL,CE,Towers with Radar,3,57,9,0,69,0,280,25,1,306,3,337,34,1,375,785,0,785,1160
11/15/2019,GFK,ND,AGL,CE,Towers with Radar,2,41,8,0,51,0,217,22,0,239,2,258,30,0,290,1296,0,1296,1586
11/16/2019,GFK,ND,AGL,CE,Towers with Radar,7,81,18,0,106,0,369,23,0,392,7,450,41,0,498,716,0,716,1214
11/17/2019,GFK,ND,AGL,CE,Towers with Radar,4,13,8,0,25,0,0,0,0,0,4,13,8,0,25,34,0,34,59
11/18/2019,GFK,ND,AGL,CE,Towers with Radar,2,65,6,0,73,0,72,7,0,79,2,137,13,0,152,276,0,276,428
11/19/2019,GFK,ND,AGL,CE,Towers with Radar,2,36,6,0,44,0,72,21,0,93,2,108,27,0,137,1355,0,1355,1492
11/20/2019,GFK,ND,AGL,CE,Towers with Radar,6,12,9,0,27,0,0,2,0,2,6,12,11,0,29,76,0,76,105
11/21/2019,GFK,ND,AGL,CE,Towers with Radar,4,10,24,0,38,0,0,6,0,6,4,10,30,0,44,0,0,0,44
11/22/2019,GFK,ND,AGL,CE,Towers with Radar,2,183,28,0,213,0,499,44,0,543,2,682,72,0,756,816,0,816,1572
11/23/2019,GFK,ND,AGL,CE,Towers with Radar,9,143,19,0,171,0,458,41,0,499,9,601,60,0,670,862,0,862,1532
11/24/2019,GFK,ND,AGL,CE,Towers with Radar,4,60,8,0,72,0,178,18,0,196,4,238,26,0,268,346,0,346,614
11/25/2019,GFK,ND,AGL,CE,Towers with Radar,1,11,5,0,17,0,2,0,0,2,1,13,5,0,19,6,0,6,25
11/26/2019,GFK,ND,AGL,CE,Towers with Radar,4,24,20,0,48,0,44,8,0,52,4,68,28,0,100,409,0,409,509
11/27/2019,GFK,ND,AGL,CE,Towers with Radar,3,12,13,0,28,0,2,4,0,6,3,14,17,0,34,200,0,200,234
11/28/2019,GFK,ND,AGL,CE,Towers with Radar,6,2,2,0,10,0,0,4,0,4,6,2,6,0,14,2,0,2,16
11/29/2019,GFK,ND,AGL,CE,Towers with Radar,6,6,3,0,15,0,0,0,0,0,6,6,3,0,15,211,0,211,226
11/30/2019,GFK,ND,AGL,CE,Towers with Radar,3,8,1,0,12,0,0,0,0,0,3,8,1,0,12,0,0,0,12
12/01/2019,GFK,ND,AGL,CE,Towers with Radar,2,15,12,0,29,0,24,5,0,29,2,39,17,0,58,48,0,48,106
12/02/2019,GFK,ND,AGL,CE,Towers with Radar,4,183,23,0,210,0,406,21,0,427,4,589,44,0,637,832,0,832,1469
12/03/2019,GFK,ND,AGL,CE,Towers with Radar,2,167,10,2,181,0,420,13,2,435,2,587,23,4,616,796,0,796,1412
12/04/2019,GFK,ND,AGL,CE,Towers with Radar,3,180,25,0,208,0,435,26,0,461,3,615,51,0,669,987,0,987,1656
12/05/2019,GFK,ND,AGL,CE,Towers with Radar,6,16,23,0,45,0,6,2,0,8,6,22,25,0,53,173,0,173,226
12/06/2019,GFK,ND,AGL,CE,Towers with Radar,3,72,24,1,100,0,261,11,3,275,3,333,35,4,375,900,0,900,1275
12/07/2019,GFK,ND,AGL,CE,Towers with Radar,6,64,7,2,79,0,99,4,0,103,6,163,11,2,182,386,0,386,568
12/08/2019,GFK,ND,AGL,CE,Towers with Radar,3,15,16,0,34,0,5,6,0,11,3,20,22,0,45,106,0,106,151
12/09/2019,GFK,ND,AGL,CE,Towers with Radar,1,127,12,0,140,0,179,22,0,201,1,306,34,0,341,322,0,322,663
12/10/2019,GFK,ND,AGL,CE,Towers with Radar,3,147,20,0,170,0,387,38,0,425,3,534,58,0,595,565,0,565,1160
12/11/2019,GFK,ND,AGL,CE,Towers with Radar,2,146,14,0,162,0,338,23,0,361,2,484,37,0,523,891,0,891,1414
12/12/2019,GFK,ND,AGL,CE,Towers with Radar,4,95,21,0,120,0,262,14,0,276,4,357,35,0,396,804,0,804,1200
12/13/2019,GFK,ND,AGL,CE,Towers with Radar,1,8,2,0,11,0,0,0,0,0,1,8,2,0,11,0,0,0,11
12/14/2019,GFK,ND,AGL,CE,Towers with Radar,6,132,10,0,148,0,224,23,0,247,6,356,33,0,395,480,0,480,875
12/15/2019,GFK,ND,AGL,CE,Towers with Radar,3,15,6,0,24,0,13,2,0,15,3,28,8,0,39,159,0,159,198
12/16/2019,GFK,ND,AGL,CE,Towers with Radar,1,127,10,0,138,0,323,23,0,346,1,450,33,0,484,812,0,812,1296
12/17/2019,GFK,ND,AGL,CE,Towers with Radar,1,102,18,0,121,0,240,26,2,268,1,342,44,2,389,761,0,761,1150
12/18/2019,GFK,ND,AGL,CE,Towers with Radar,3,125,19,0,147,0,234,15,0,249,3,359,34,0,396,471,0,471,867
12/19/2019,GFK,ND,AGL,CE,Towers with Radar,4,17,21,0,42,0,24,7,0,31,4,41,28,0,73,293,0,293,366
12/20/2019,GFK,ND,AGL,CE,Towers with Radar,1,13,20,0,34,0,5,2,0,7,1,18,22,0,41,5,0,5,46
12/21/2019,GFK,ND,AGL,CE,Towers with Radar,3,100,11,0,114,0,226,25,0,251,3,326,36,0,365,556,0,556,921
12/22/2019,GFK,ND,AGL,CE,Towers with Radar,2,75,9,0,86,0,122,5,0,127,2,197,14,0,213,195,0,195,408
12/23/2019,GFK,ND,AGL,CE,Towers with Radar,0,48,26,0,74,0,54,9,0,63,0,102,35,0,137,199,0,199,336
12/24/2019,GFK,ND,AGL,CE,Towers with Radar,2,7,7,0,16,0,0,0,0,0,2,7,7,0,16,0,0,0,16
12/25/2019,GFK,ND,AGL,CE,Towers with Radar,0,6,1,0,7,0,0,0,0,0,0,6,1,0,7,0,0,0,7
12/26/2019,GFK,ND,AGL,CE,Towers with Radar,2,19,12,0,33,0,0,0,2,2,2,19,12,2,35,0,0,0,35
12/27/2019,GFK,ND,AGL,CE,Towers with Radar,0,62,10,0,72,0,55,13,2,70,0,117,23,2,142,159,0,159,301
12/28/2019,GFK,ND,AGL,CE,Towers with Radar,1,16,2,0,19,0,1,0,0,1,1,17,2,0,20,0,0,0,20
12/29/2019,GFK,ND,AGL,CE,Towers with Radar,0,0,0,0,0,0,0,0,0,0,0,0,0,0,0,0,0,0,0
12/30/2019,GFK,ND,AGL,CE,Towers with Radar,0,13,3,0,16,0,0,0,0,0,0,13,3,0,16,0,0,0,16
12/31/2019,GFK,ND,AGL,CE,Towers with Radar,2,22,12,0,36,0,15,8,0,23,2,37,20,0,59,76,0,76,135
01/01/2020,GFK,ND,AGL,CE,Towers with Radar,1,11,6,0,18,0,0,5,0,5,1,11,11,0,23,8,0,8,31
01/02/2020,GFK,ND,AGL,CE,Towers with Radar,2,14,7,0,23,0,0,1,0,1,2,14,8,0,24,0,0,0,24
01/03/2020,GFK,ND,AGL,CE,Towers with Radar,0,17,11,0,28,0,1,2,0,3,0,18,13,0,31,85,0,85,116
01/04/2020,GFK,ND,AGL,CE,Towers with Radar,2,53,6,0,61,0,71,9,0,80,2,124,15,0,141,240,0,240,381
01/05/2020,GFK,ND,AGL,CE,Towers with Radar,2,18,11,0,31,0,9,1,0,10,2,27,12,0,41,10,0,10,51
01/06/2020,GFK,ND,AGL,CE,Towers with Radar,2,68,14,0,84,0,81,12,0,93,2,149,26,0,177,287,0,287,464
01/07/2020,GFK,ND,AGL,CE,Towers with Radar,1,89,10,0,100,0,105,17,0,122,1,194,27,0,222,265,0,265,487
01/08/2020,GFK,ND,AGL,CE,Towers with Radar,5,74,14,0,93,0,91,16,0,107,5,165,30,0,200,222,0,222,422
01/09/2020,GFK,ND,AGL,CE,Towers with Radar,4,12,10,0,26,0,0,10,0,10,4,12,20,0,36,198,0,198,234
01/10/2020,GFK,ND,AGL,CE,Towers with Radar,1,139,11,4,155,0,201,19,0,220,1,340,30,4,375,287,0,287,662
01/11/2020,GFK,ND,AGL,CE,Towers with Radar,6,111,4,0,121,0,163,14,0,177,6,274,18,0,298,289,0,289,587
01/12/2020,GFK,ND,AGL,CE,Towers with Radar,1,59,4,0,64,0,90,9,0,99,1,149,13,0,163,207,0,207,370
01/13/2020,GFK,ND,AGL,CE,Towers with Radar,3,13,7,0,23,0,0,0,0,0,3,13,7,0,23,0,0,0,23
01/14/2020,GFK,ND,AGL,CE,Towers with Radar,2,120,10,0,132,0,204,14,0,218,2,324,24,0,350,472,0,472,822
01/15/2020,GFK,ND,AGL,CE,Towers with Radar,5,55,11,0,71,0,39,2,0,41,5,94,13,0,112,118,0,118,230
01/16/2020,GFK,ND,AGL,CE,Towers with Radar,5,145,13,0,163,0,380,2,0,382,5,525,15,0,545,568,0,568,1113
01/17/2020,GFK,ND,AGL,CE,Towers with Radar,1,5,5,0,11,0,10,0,0,10,1,15,5,0,21,0,0,0,21
01/18/2020,GFK,ND,AGL,CE,Towers with Radar,1,0,0,0,1,0,0,0,0,0,1,0,0,0,1,0,0,0,1
01/19/2020,GFK,ND,AGL,CE,Towers with Radar,4,5,4,0,13,0,1,1,0,2,4,6,5,0,15,0,0,0,15
01/20/2020,GFK,ND,AGL,CE,Towers with Radar,1,151,20,0,172,0,506,20,0,526,1,657,40,0,698,658,0,658,1356
01/21/2020,GFK,ND,AGL,CE,Towers with Radar,2,98,15,2,117,0,291,9,0,300,2,389,24,2,417,441,0,441,858
01/22/2020,GFK,ND,AGL,CE,Towers with Radar,2,62,12,0,76,0,351,15,0,366,2,413,27,0,442,428,0,428,870
01/23/2020,GFK,ND,AGL,CE,Towers with Radar,3,10,11,0,24,0,0,0,0,0,3,10,11,0,24,57,0,57,81
01/24/2020,GFK,ND,AGL,CE,Towers with Radar,1,12,12,0,25,0,6,6,0,12,1,18,18,0,37,795,0,795,832
01/25/2020,GFK,ND,AGL,CE,Towers with Radar,4,7,10,0,21,0,1,12,0,13,4,8,22,0,34,584,0,584,618
01/26/2020,GFK,ND,AGL,CE,Towers with Radar,3,12,7,0,22,0,0,0,0,0,3,12,7,0,22,0,0,0,22
01/27/2020,GFK,ND,AGL,CE,Towers with Radar,0,12,9,0,21,0,0,0,0,0,0,12,9,0,21,68,0,68,89
01/28/2020,GFK,ND,AGL,CE,Towers with Radar,1,11,12,0,24,0,0,0,0,0,1,11,12,0,24,28,0,28,52
01/29/2020,GFK,ND,AGL,CE,Towers with Radar,3,10,10,0,23,0,0,0,0,0,3,10,10,0,23,0,0,0,23
01/30/2020,GFK,ND,AGL,CE,Towers with Radar,6,13,20,0,39,0,0,0,0,0,6,13,20,0,39,0,0,0,39
01/31/2020,GFK,ND,AGL,CE,Towers with Radar,1,32,11,0,44,0,13,0,0,13,1,45,11,0,57,105,0,105,162
02/01/2020,GFK,ND,AGL,CE,Towers with Radar,4,147,18,0,169,0,497,47,0,544,4,644,65,0,713,659,0,659,1372
02/02/2020,GFK,ND,AGL,CE,Towers with Radar,3,25,5,0,33,0,19,5,0,24,3,44,10,0,57,397,0,397,454
02/03/2020,GFK,ND,AGL,CE,Towers with Radar,2,200,21,0,223,0,588,32,0,620,2,788,53,0,843,848,0,848,1691
02/04/2020,GFK,ND,AGL,CE,Towers with Radar,2,235,6,0,243,0,513,42,0,555,2,748,48,0,798,875,0,875,1673
02/05/2020,GFK,ND,AGL,CE,Towers with Radar,4,190,17,0,211,0,523,41,0,564,4,713,58,0,775,754,0,754,1529
02/06/2020,GFK,ND,AGL,CE,Towers with Radar,4,15,12,0,31,0,1,2,0,3,4,16,14,0,34,12,0,12,46
02/07/2020,GFK,ND,AGL,CE,Towers with Radar,2,180,8,0,190,0,545,41,0,586,2,725,49,0,776,783,0,783,1559
02/08/2020,GFK,ND,AGL,CE,Towers with Radar,4,8,4,0,16,0,1,14,0,15,4,9,18,0,31,844,0,844,875
02/09/2020,GFK,ND,AGL,CE,Towers with Radar,3,48,18,0,69,0,148,21,0,169,3,196,39,0,238,447,0,447,685
02/10/2020,GFK,ND,AGL,CE,Towers with Radar,1,47,7,0,55,0,146,16,0,162,1,193,23,0,217,764,0,764,981
02/11/2020,GFK,ND,AGL,CE,Towers with Radar,1,228,9,0,238,0,552,35,0,587,1,780,44,0,825,1020,0,1020,1845
02/12/2020,GFK,ND,AGL,CE,Towers with Radar,2,9,1,0,12,0,0,0,0,0,2,9,1,0,12,0,0,0,12
02/13/2020,GFK,ND,AGL,CE,Towers with Radar,5,212,11,2,230,0,437,25,0,462,5,649,36,2,692,738,0,738,1430
02/14/2020,GFK,ND,AGL,CE,Towers with Radar,2,78,12,0,92,0,122,5,0,127,2,200,17,0,219,210,0,210,429
02/15/2020,GFK,ND,AGL,CE,Towers with Radar,6,141,9,0,156,0,331,25,0,356,6,472,34,0,512,780,0,780,1292
02/16/2020,GFK,ND,AGL,CE,Towers with Radar,5,54,9,0,68,0,160,17,0,177,5,214,26,0,245,406,0,406,651
02/17/2020,GFK,ND,AGL,CE,Towers with Radar,1,19,11,0,31,0,45,24,0,69,1,64,35,0,100,778,0,778,878
02/18/2020,GFK,ND,AGL,CE,Towers with Radar,4,187,15,0,206,0,248,22,1,271,4,435,37,1,477,738,0,738,1215
02/19/2020,GFK,ND,AGL,CE,Towers with Radar,4,245,20,0,269,0,552,41,0,593,4,797,61,0,862,798,0,798,1660
02/20/2020,GFK,ND,AGL,CE,Towers with Radar,6,213,21,0,240,0,479,26,0,505,6,692,47,0,745,791,0,791,1536
02/21/2020,GFK,ND,AGL,CE,Towers with Radar,2,223,13,3,241,0,512,32,3,547,2,735,45,6,788,845,0,845,1633
02/22/2020,GFK,ND,AGL,CE,Towers with Radar,7,184,6,0,197,0,430,33,0,463,7,614,39,0,660,919,0,919,1579
02/23/2020,GFK,ND,AGL,CE,Towers with Radar,5,64,11,0,80,0,86,17,0,103,5,150,28,0,183,22,0,22,205
02/24/2020,GFK,ND,AGL,CE,Towers with Radar,2,253,8,0,263,0,412,39,0,451,2,665,47,0,714,692,0,692,1406
02/25/2020,GFK,ND,AGL,CE,Towers with Radar,5,187,18,0,210,0,336,14,0,350,5,523,32,0,560,666,0,666,1226
02/26/2020,GFK,ND,AGL,CE,Towers with Radar,4,177,14,1,196,0,232,15,0,247,4,409,29,1,443,526,0,526,969
02/27/2020,GFK,ND,AGL,CE,Towers with Radar,8,102,23,1,134,0,123,14,0,137,8,225,37,1,271,532,0,532,803
02/28/2020,GFK,ND,AGL,CE,Towers with Radar,5,63,22,0,90,0,185,13,0,198,5,248,35,0,288,760,0,760,1048
02/29/2020,GFK,ND,AGL,CE,Towers with Radar,7,90,10,0,107,0,79,11,0,90,7,169,21,0,197,226,0,226,423
03/01/2020,GFK,ND,AGL,CE,Towers with Radar,7,22,13,0,42,0,21,5,1,27,7,43,18,1,69,92,0,92,161
03/02/2020,GFK,ND,AGL,CE,Towers with Radar,1,135,13,0,149,0,332,11,0,343,1,467,24,0,492,467,0,467,959
03/03/2020,GFK,ND,AGL,CE,Towers with Radar,6,21,11,1,39,0,69,14,0,83,6,90,25,1,122,388,0,388,510
03/04/2020,GFK,ND,AGL,CE,Towers with Radar,3,26,12,0,41,0,66,9,0,75,3,92,21,0,116,606,0,606,722
03/05/2020,GFK,ND,AGL,CE,Towers with Radar,7,201,22,0,230,0,231,14,0,245,7,432,36,0,475,372,0,372,847
03/06/2020,GFK,ND,AGL,CE,Towers with Radar,2,182,14,0,198,0,352,17,0,369,2,534,31,0,567,446,0,446,1013
03/07/2020,GFK,ND,AGL,CE,Towers with Radar,6,223,10,0,239,0,582,34,0,616,6,805,44,0,855,1051,0,1051,1906
03/08/2020,GFK,ND,AGL,CE,Towers with Radar,6,34,9,0,49,0,71,10,1,82,6,105,19,1,131,139,0,139,270
03/09/2020,GFK,ND,AGL,CE,Towers with Radar,2,238,14,0,254,0,345,25,1,371,2,583,39,1,625,851,0,851,1476
03/10/2020,GFK,ND,AGL,CE,Towers with Radar,3,228,9,0,240,0,473,33,0,506,3,701,42,0,746,942,0,942,1688
03/11/2020,GFK,ND,AGL,CE,Towers with Radar,3,229,29,4,265,0,483,35,0,518,3,712,64,4,783,841,0,841,1624
03/12/2020,GFK,ND,AGL,CE,Towers with Radar,5,90,12,0,107,0,119,4,0,123,5,209,16,0,230,219,0,219,449
03/13/2020,GFK,ND,AGL,CE,Towers with Radar,2,38,12,0,52,0,89,8,0,97,2,127,20,0,149,367,0,367,516
03/14/2020,GFK,ND,AGL,CE,Towers with Radar,5,131,14,0,150,0,379,29,0,408,5,510,43,0,558,1056,0,1056,1614
03/15/2020,GFK,ND,AGL,CE,Towers with Radar,5,24,2,0,31,0,31,6,0,37,5,55,8,0,68,350,0,350,418
03/16/2020,GFK,ND,AGL,CE,Towers with Radar,1,9,6,0,16,0,1,6,0,7,1,10,12,0,23,8,0,8,31
03/17/2020,GFK,ND,AGL,CE,Towers with Radar,4,13,19,0,36,0,1,24,0,25,4,14,43,0,61,6,0,6,67
03/18/2020,GFK,ND,AGL,CE,Towers with Radar,3,9,2,0,14,0,0,0,0,0,3,9,2,0,14,0,0,0,14
03/19/2020,GFK,ND,AGL,CE,Towers with Radar,3,9,3,0,15,0,0,0,0,0,3,9,3,0,15,0,0,0,15
03/20/2020,GFK,ND,AGL,CE,Towers with Radar,1,8,9,0,18,0,0,4,0,4,1,8,13,0,22,10,0,10,32
03/21/2020,GFK,ND,AGL,CE,Towers with Radar,5,6,6,0,17,0,0,6,0,6,5,6,12,0,23,14,0,14,37
03/22/2020,GFK,ND,AGL,CE,Towers with Radar,3,8,4,0,15,0,0,0,0,0,3,8,4,0,15,0,0,0,15
03/23/2020,GFK,ND,AGL,CE,Towers with Radar,1,9,7,0,17,0,0,13,0,13,1,9,20,0,30,16,0,16,46
03/24/2020,GFK,ND,AGL,CE,Towers with Radar,3,13,5,0,21,0,0,0,0,0,3,13,5,0,21,0,0,0,21
03/25/2020,GFK,ND,AGL,CE,Towers with Radar,1,4,12,0,17,0,0,0,0,0,1,4,12,0,17,8,0,8,25
03/26/2020,GFK,ND,AGL,CE,Towers with Radar,3,4,16,0,23,0,0,2,0,2,3,4,18,0,25,2,0,2,27
03/27/2020,GFK,ND,AGL,CE,Towers with Radar,0,8,17,0,25,0,0,6,0,6,0,8,23,0,31,0,0,0,31
03/28/2020,GFK,ND,AGL,CE,Towers with Radar,2,6,5,0,13,0,0,12,0,12,2,6,17,0,25,50,0,50,75
03/29/2020,GFK,ND,AGL,CE,Towers with Radar,0,6,9,0,15,0,0,15,0,15,0,6,24,0,30,26,0,26,56
03/30/2020,GFK,ND,AGL,CE,Towers with Radar,0,4,9,0,13,0,4,9,0,13,0,8,18,0,26,46,0,46,72
03/31/2020,GFK,ND,AGL,CE,Towers with Radar,0,4,12,0,16,0,5,18,0,23,0,9,30,0,39,6,0,6,45
04/01/2020,GFK,ND,AGL,CE,Towers with Radar,0,7,14,0,21,0,2,4,0,6,0,9,18,0,27,10,0,10,37
04/02/2020,GFK,ND,AGL,CE,Towers with Radar,0,2,0,0,2,0,0,0,0,0,0,2,0,0,2,0,0,0,2
04/03/2020,GFK,ND,AGL,CE,Towers with Radar,0,4,12,0,16,0,2,5,0,7,0,6,17,0,23,0,0,0,23
04/04/2020,GFK,ND,AGL,CE,Towers with Radar,1,4,8,0,13,0,0,18,0,18,1,4,26,0,31,14,0,14,45
04/05/2020,GFK,ND,AGL,CE,Towers with Radar,1,6,8,0,15,0,0,7,0,7,1,6,15,0,22,40,0,40,62
04/06/2020,GFK,ND,AGL,CE,Towers with Radar,0,4,1,0,5,0,0,4,0,4,0,4,5,0,9,0,0,0,9
04/07/2020,GFK,ND,AGL,CE,Towers with Radar,0,6,6,0,12,0,0,10,0,10,0,6,16,0,22,2,0,2,24
04/08/2020,GFK,ND,AGL,CE,Towers with Radar,0,6,2,0,8,0,2,3,2,7,0,8,5,2,15,0,0,0,15
04/09/2020,GFK,ND,AGL,CE,Towers with Radar,2,13,5,0,20,0,1,6,0,7,2,14,11,0,27,0,0,0,27
04/10/2020,GFK,ND,AGL,CE,Towers with Radar,0,12,7,0,19,0,0,18,0,18,0,12,25,0,37,21,0,21,58
04/11/2020,GFK,ND,AGL,CE,Towers with Radar,1,7,4,0,12,0,0,8,0,8,1,7,12,0,20,0,0,0,20
04/12/2020,GFK,ND,AGL,CE,Towers with Radar,0,2,0,0,2,0,0,4,0,4,0,2,4,0,6,4,0,4,10
04/13/2020,GFK,ND,AGL,CE,Towers with Radar,0,6,7,0,13,0,0,0,0,0,0,6,7,0,13,3,0,3,16
04/14/2020,GFK,ND,AGL,CE,Towers with Radar,0,2,4,1,7,0,1,6,1,8,0,3,10,2,15,0,0,0,15
04/15/2020,GFK,ND,AGL,CE,Towers with Radar,0,2,19,2,23,0,0,10,0,10,0,2,29,2,33,12,0,12,45
04/16/2020,GFK,ND,AGL,CE,Towers with Radar,0,3,7,0,10,0,0,21,0,21,0,3,28,0,31,36,0,36,67
04/17/2020,GFK,ND,AGL,CE,Towers with Radar,0,2,7,0,9,0,0,6,0,6,0,2,13,0,15,6,0,6,21
04/18/2020,GFK,ND,AGL,CE,Towers with Radar,0,3,7,0,10,0,0,8,0,8,0,3,15,0,18,10,0,10,28
04/19/2020,GFK,ND,AGL,CE,Towers with Radar,0,2,4,0,6,0,0,7,0,7,0,2,11,0,13,26,0,26,39
04/20/2020,GFK,ND,AGL,CE,Towers with Radar,0,4,4,0,8,0,0,2,0,2,0,4,6,0,10,6,0,6,16
04/21/2020,GFK,ND,AGL,CE,Towers with Radar,0,2,2,0,4,0,0,2,0,2,0,2,4,0,6,6,0,6,12
04/22/2020,GFK,ND,AGL,CE,Towers with Radar,0,7,8,1,16,0,9,14,3,26,0,16,22,4,42,12,0,12,54
04/23/2020,GFK,ND,AGL,CE,Towers with Radar,0,10,17,3,30,0,0,7,2,9,0,10,24,5,39,0,0,0,39
04/24/2020,GFK,ND,AGL,CE,Towers with Radar,0,5,27,0,32,0,0,14,0,14,0,5,41,0,46,8,0,8,54
04/25/2020,GFK,ND,AGL,CE,Towers with Radar,0,5,13,0,18,0,0,7,0,7,0,5,20,0,25,8,0,8,33
04/26/2020,GFK,ND,AGL,CE,Towers with Radar,0,2,3,0,5,0,0,10,0,10,0,2,13,0,15,2,0,2,17
04/27/2020,GFK,ND,AGL,CE,Towers with Radar,0,6,4,0,10,0,0,17,1,18,0,6,21,1,28,18,0,18,46
04/28/2020,GFK,ND,AGL,CE,Towers with Radar,0,5,7,0,12,0,0,4,0,4,0,5,11,0,16,8,0,8,24
04/29/2020,GFK,ND,AGL,CE,Towers with Radar,0,4,12,2,18,0,0,18,0,18,0,4,30,2,36,8,0,8,44
04/30/2020,GFK,ND,AGL,CE,Towers with Radar,0,5,9,0,14,0,1,26,0,27,0,6,35,0,41,25,0,25,66
05/01/2020,GFK,ND,AGL,CE,Towers with Radar,1,5,1,0,7,0,0,12,0,12,1,5,13,0,19,16,0,16,35
05/02/2020,GFK,ND,AGL,CE,Towers with Radar,2,0,3,0,5,0,0,2,0,2,2,0,5,0,7,0,0,0,7
05/03/2020,GFK,ND,AGL,CE,Towers with Radar,2,0,0,0,2,0,0,8,0,8,2,0,8,0,10,8,0,8,18
05/04/2020,GFK,ND,AGL,CE,Towers with Radar,2,0,2,0,4,0,0,5,0,5,2,0,7,0,9,4,0,4,13
05/05/2020,GFK,ND,AGL,CE,Towers with Radar,2,0,4,0,6,0,0,1,0,1,2,0,5,0,7,0,0,0,7
05/06/2020,GFK,ND,AGL,CE,Towers with Radar,2,0,9,2,13,0,0,10,0,10,2,0,19,2,23,6,0,6,29
05/07/2020,GFK,ND,AGL,CE,Towers with Radar,2,0,9,0,11,0,0,19,0,19,2,0,28,0,30,8,0,8,38
05/08/2020,GFK,ND,AGL,CE,Towers with Radar,2,0,12,0,14,0,0,14,0,14,2,0,26,0,28,8,0,8,36
05/09/2020,GFK,ND,AGL,CE,Towers with Radar,2,3,0,0,5,0,0,0,0,0,2,3,0,0,5,0,0,0,5
05/10/2020,GFK,ND,AGL,CE,Towers with Radar,2,1,1,0,4,0,0,1,0,1,2,1,2,0,5,0,0,0,5
05/11/2020,GFK,ND,AGL,CE,Towers with Radar,2,0,1,0,3,0,0,11,0,11,2,0,12,0,14,4,0,4,18
05/12/2020,GFK,ND,AGL,CE,Towers with Radar,0,0,7,0,7,0,0,12,0,12,0,0,19,0,19,42,0,42,61
05/13/2020,GFK,ND,AGL,CE,Towers with Radar,2,2,3,0,7,0,0,0,0,0,2,2,3,0,7,0,0,0,7
05/14/2020,GFK,ND,AGL,CE,Towers with Radar,4,0,10,0,14,0,0,0,0,0,4,0,10,0,14,0,0,0,14
05/15/2020,GFK,ND,AGL,CE,Towers with Radar,2,0,9,0,11,0,0,20,0,20,2,0,29,0,31,4,0,4,35
05/16/2020,GFK,ND,AGL,CE,Towers with Radar,0,0,4,0,4,0,0,12,2,14,0,0,16,2,18,8,0,8,26
05/17/2020,GFK,ND,AGL,CE,Towers with Radar,4,0,0,0,4,0,0,10,0,10,4,0,10,0,14,7,0,7,21
05/18/2020,GFK,ND,AGL,CE,Towers with Radar,2,1,4,0,7,0,0,9,2,11,2,1,13,2,18,0,0,0,18
05/19/2020,GFK,ND,AGL,CE,Towers with Radar,0,4,9,1,14,0,0,20,0,20,0,4,29,1,34,22,0,22,56
05/20/2020,GFK,ND,AGL,CE,Towers with Radar,2,2,10,0,14,0,0,5,0,5,2,2,15,0,19,2,0,2,21
05/21/2020,GFK,ND,AGL,CE,Towers with Radar,4,1,10,1,16,0,0,0,0,0,4,1,10,1,16,0,0,0,16
05/22/2020,GFK,ND,AGL,CE,Towers with Radar,2,0,6,0,8,0,0,10,0,10,2,0,16,0,18,22,0,22,40
05/23/2020,GFK,ND,AGL,CE,Towers with Radar,0,0,1,0,1,0,0,4,0,4,0,0,5,0,5,23,0,23,28
05/24/2020,GFK,ND,AGL,CE,Towers with Radar,4,0,10,0,14,0,0,11,0,11,4,0,21,0,25,4,0,4,29
05/25/2020,GFK,ND,AGL,CE,Towers with Radar,2,0,0,0,2,0,0,8,0,8,2,0,8,0,10,4,0,4,14
05/26/2020,GFK,ND,AGL,CE,Towers with Radar,2,0,10,0,12,0,7,10,0,17,2,7,20,0,29,86,0,86,115
05/27/2020,GFK,ND,AGL,CE,Towers with Radar,0,1,4,0,5,0,23,15,0,38,0,24,19,0,43,76,0,76,119
05/28/2020,GFK,ND,AGL,CE,Towers with Radar,4,2,11,0,17,0,3,7,1,11,4,5,18,1,28,18,0,18,46
05/29/2020,GFK,ND,AGL,CE,Towers with Radar,2,3,5,0,10,0,32,8,0,40,2,35,13,0,50,189,0,189,239
05/30/2020,GFK,ND,AGL,CE,Towers with Radar,2,1,3,0,6,0,6,17,0,23,2,7,20,0,29,44,0,44,73
05/31/2020,GFK,ND,AGL,CE,Towers with Radar,4,2,2,0,8,0,6,15,0,21,4,8,17,0,29,8,0,8,37
06/01/2020,GFK,ND,AGL,CE,Towers with Radar,3,4,5,0,12,0,47,20,0,67,3,51,25,0,79,183,0,183,262
06/02/2020,GFK,ND,AGL,CE,Towers with Radar,1,6,9,2,18,0,47,14,3,64,1,53,23,5,82,129,0,129,211
06/03/2020,GFK,ND,AGL,CE,Towers with Radar,1,14,11,0,26,0,69,26,0,95,1,83,37,0,121,216,0,216,337
06/04/2020,GFK,ND,AGL,CE,Towers with Radar,3,12,15,0,30,0,70,21,0,91,3,82,36,0,121,386,0,386,507
06/05/2020,GFK,ND,AGL,CE,Towers with Radar,1,14,23,0,38,0,62,28,0,90,1,76,51,0,128,230,0,230,358
06/06/2020,GFK,ND,AGL,CE,Towers with Radar,1,8,1,0,10,0,34,16,0,50,1,42,17,0,60,104,0,104,164
06/07/2020,GFK,ND,AGL,CE,Towers with Radar,3,2,4,0,9,0,4,2,0,6,3,6,6,0,15,0,0,0,15
06/08/2020,GFK,ND,AGL,CE,Towers with Radar,1,25,6,0,32,0,72,35,0,107,1,97,41,0,139,270,0,270,409
06/09/2020,GFK,ND,AGL,CE,Towers with Radar,1,52,10,0,63,0,30,1,0,31,1,82,11,0,94,562,0,562,656
06/10/2020,GFK,ND,AGL,CE,Towers with Radar,1,51,22,0,74,0,154,34,0,188,1,205,56,0,262,445,0,445,707
06/11/2020,GFK,ND,AGL,CE,Towers with Radar,3,50,15,0,68,0,188,21,0,209,3,238,36,0,277,676,0,676,953
06/12/2020,GFK,ND,AGL,CE,Towers with Radar,1,57,18,0,76,0,227,30,0,257,1,284,48,0,333,432,0,432,765
06/13/2020,GFK,ND,AGL,CE,Towers with Radar,1,37,7,0,45,0,130,3,0,133,1,167,10,0,178,196,0,196,374
06/14/2020,GFK,ND,AGL,CE,Towers with Radar,4,0,2,0,6,0,0,4,0,4,4,0,6,0,10,0,0,0,10
06/15/2020,GFK,ND,AGL,CE,Towers with Radar,1,49,10,0,60,0,117,17,0,134,1,166,27,0,194,340,0,340,534
06/16/2020,GFK,ND,AGL,CE,Towers with Radar,1,15,5,0,21,0,124,14,0,138,1,139,19,0,159,200,0,200,359
06/17/2020,GFK,ND,AGL,CE,Towers with Radar,1,3,11,0,15,0,29,5,0,34,1,32,16,0,49,20,0,20,69
06/18/2020,GFK,ND,AGL,CE,Towers with Radar,3,111,6,1,121,0,230,22,0,252,3,341,28,1,373,913,0,913,1286
06/19/2020,GFK,ND,AGL,CE,Towers with Radar,1,92,5,0,98,0,257,31,0,288,1,349,36,0,386,684,0,684,1070
06/20/2020,GFK,ND,AGL,CE,Towers with Radar,2,2,1,0,5,0,0,4,0,4,2,2,5,0,9,0,0,0,9
06/21/2020,GFK,ND,AGL,CE,Towers with Radar,3,29,4,1,37,0,76,11,0,87,3,105,15,1,124,305,0,305,429
06/22/2020,GFK,ND,AGL,CE,Towers with Radar,1,101,17,0,119,0,270,31,0,301,1,371,48,0,420,852,0,852,1272
06/23/2020,GFK,ND,AGL,CE,Towers with Radar,1,90,10,0,101,0,315,32,0,347,1,405,42,0,448,700,0,700,1148
06/24/2020,GFK,ND,AGL,CE,Towers with Radar,1,86,23,0,110,0,298,33,0,331,1,384,56,0,441,682,0,682,1123
06/25/2020,GFK,ND,AGL,CE,Towers with Radar,3,14,4,0,21,0,90,10,0,100,3,104,14,0,121,344,0,344,465
06/26/2020,GFK,ND,AGL,CE,Towers with Radar,1,102,10,0,113,0,293,33,0,326,1,395,43,0,439,533,0,533,972
06/27/2020,GFK,ND,AGL,CE,Towers with Radar,1,79,8,0,88,0,156,32,0,188,1,235,40,0,276,401,0,401,677
06/28/2020,GFK,ND,AGL,CE,Towers with Radar,3,11,8,0,22,0,19,3,0,22,3,30,11,0,44,69,0,69,113
06/29/2020,GFK,ND,AGL,CE,Towers with Radar,1,131,16,0,148,0,271,31,0,302,1,402,47,0,450,962,0,962,1412
06/30/2020,GFK,ND,AGL,CE,Towers with Radar,1,81,12,0,94,0,51,7,0,58,1,132,19,0,152,714,0,714,866
07/01/2020,GFK,ND,AGL,CE,Towers with Radar,2,108,30,0,140,0,188,14,0,202,2,296,44,0,342,774,0,774,1116
07/02/2020,GFK,ND,AGL,CE,Towers with Radar,3,99,20,0,122,0,288,19,0,307,3,387,39,0,429,541,0,541,970
07/03/2020,GFK,ND,AGL,CE,Towers with Radar,1,1,8,0,10,0,0,19,0,19,1,1,27,0,29,54,0,54,83
07/04/2020,GFK,ND,AGL,CE,Towers with Radar,2,0,0,0,2,0,0,4,0,4,2,0,4,0,6,0,0,0,6
07/05/2020,GFK,ND,AGL,CE,Towers with Radar,3,1,2,0,6,0,1,16,0,17,3,2,18,0,23,13,0,13,36
07/06/2020,GFK,ND,AGL,CE,Towers with Radar,1,73,9,0,83,0,212,19,0,231,1,285,28,0,314,693,0,693,1007
07/07/2020,GFK,ND,AGL,CE,Towers with Radar,1,110,9,0,120,0,317,27,0,344,1,427,36,0,464,927,0,927,1391
07/08/2020,GFK,ND,AGL,CE,Towers with Radar,1,131,17,0,149,0,309,21,0,330,1,440,38,0,479,997,0,997,1476
07/09/2020,GFK,ND,AGL,CE,Towers with Radar,3,89,12,0,104,0,180,21,0,201,3,269,33,0,305,584,0,584,889
07/10/2020,GFK,ND,AGL,CE,Towers with Radar,5,125,20,0,150,0,291,29,0,320,5,416,49,0,470,953,0,953,1423
07/11/2020,GFK,ND,AGL,CE,Towers with Radar,5,84,9,0,98,0,136,9,0,145,5,220,18,0,243,661,0,661,904
07/12/2020,GFK,ND,AGL,CE,Towers with Radar,7,24,10,0,41,0,71,17,0,88,7,95,27,0,129,374,0,374,503
07/13/2020,GFK,ND,AGL,CE,Towers with Radar,5,65,8,0,78,0,114,5,0,119,5,179,13,0,197,358,0,358,555
07/14/2020,GFK,ND,AGL,CE,Towers with Radar,5,149,15,0,169,0,354,29,0,383,5,503,44,0,552,542,0,542,1094
07/15/2020,GFK,ND,AGL,CE,Towers with Radar,5,128,23,2,158,0,307,26,0,333,5,435,49,2,491,758,0,758,1249
07/16/2020,GFK,ND,AGL,CE,Towers with Radar,7,148,22,0,177,0,308,36,0,344,7,456,58,0,521,610,0,610,1131
07/17/2020,GFK,ND,AGL,CE,Towers with Radar,5,78,19,0,102,0,195,22,1,218,5,273,41,1,320,579,0,579,899
07/18/2020,GFK,ND,AGL,CE,Towers with Radar,5,105,2,0,112,0,170,18,0,188,5,275,20,0,300,708,0,708,1008
07/19/2020,GFK,ND,AGL,CE,Towers with Radar,6,20,13,0,39,0,42,15,0,57,6,62,28,0,96,58,0,58,154
07/20/2020,GFK,ND,AGL,CE,Towers with Radar,5,109,36,0,150,0,218,31,0,249,5,327,67,0,399,737,0,737,1136
07/21/2020,GFK,ND,AGL,CE,Towers with Radar,4,162,20,0,186,1,96,15,0,112,5,258,35,0,298,383,0,383,681
07/22/2020,GFK,ND,AGL,CE,Towers with Radar,5,154,11,0,170,0,445,32,0,477,5,599,43,0,647,947,0,947,1594
07/23/2020,GFK,ND,AGL,CE,Towers with Radar,7,110,20,0,137,0,291,16,0,307,7,401,36,0,444,456,0,456,900
07/24/2020,GFK,ND,AGL,CE,Towers with Radar,5,116,9,0,130,0,190,11,0,201,5,306,20,0,331,464,0,464,795
07/25/2020,GFK,ND,AGL,CE,Towers with Radar,3,82,9,0,94,0,125,8,0,133,3,207,17,0,227,421,0,421,648
07/26/2020,GFK,ND,AGL,CE,Towers with Radar,6,20,7,0,33,0,74,25,0,99,6,94,32,0,132,201,0,201,333
07/27/2020,GFK,ND,AGL,CE,Towers with Radar,5,155,15,0,175,0,315,30,0,345,5,470,45,0,520,735,0,735,1255
07/28/2020,GFK,ND,AGL,CE,Towers with Radar,5,179,19,0,203,0,323,25,0,348,5,502,44,0,551,767,0,767,1318
07/29/2020,GFK,ND,AGL,CE,Towers with Radar,5,171,21,0,197,0,359,31,0,390,5,530,52,0,587,1032,0,1032,1619
07/30/2020,GFK,ND,AGL,CE,Towers with Radar,7,166,20,0,193,0,306,33,0,339,7,472,53,0,532,940,0,940,1472
07/31/2020,GFK,ND,AGL,CE,Towers with Radar,5,58,11,0,74,0,151,15,0,166,5,209,26,0,240,532,0,532,772
08/01/2020,GFK,ND,AGL,CE,Towers with Radar,5,113,13,0,131,0,157,18,0,175,5,270,31,0,306,372,0,372,678
08/02/2020,GFK,ND,AGL,CE,Towers with Radar,7,35,4,0,46,0,68,24,0,92,7,103,28,0,138,251,0,251,389
08/03/2020,GFK,ND,AGL,CE,Towers with Radar,6,169,15,0,190,0,352,27,0,379,6,521,42,0,569,971,0,971,1540
08/04/2020,GFK,ND,AGL,CE,Towers with Radar,5,188,13,0,206,0,324,50,0,374,5,512,63,0,580,995,0,995,1575
08/05/2020,GFK,ND,AGL,CE,Towers with Radar,5,141,16,0,162,0,273,43,2,318,5,414,59,2,480,818,0,818,1298
08/06/2020,GFK,ND,AGL,CE,Towers with Radar,7,174,12,0,193,0,309,34,0,343,7,483,46,0,536,852,0,852,1388
08/07/2020,GFK,ND,AGL,CE,Towers with Radar,4,81,7,2,94,0,24,5,0,29,4,105,12,2,123,174,0,174,297
08/08/2020,GFK,ND,AGL,CE,Towers with Radar,7,89,7,0,103,0,226,31,0,257,7,315,38,0,360,868,0,868,1228
08/09/2020,GFK,ND,AGL,CE,Towers with Radar,7,1,8,0,16,0,0,1,0,1,7,1,9,0,17,0,0,0,17
08/10/2020,GFK,ND,AGL,CE,Towers with Radar,5,147,8,0,160,0,277,27,0,304,5,424,35,0,464,684,0,684,1148
08/11/2020,GFK,ND,AGL,CE,Towers with Radar,5,159,17,0,181,0,341,26,0,367,5,500,43,0,548,934,0,934,1482
08/12/2020,GFK,ND,AGL,CE,Towers with Radar,5,144,13,1,163,0,304,30,0,334,5,448,43,1,497,685,0,685,1182
08/13/2020,GFK,ND,AGL,CE,Towers with Radar,7,106,16,0,129,0,53,7,0,60,7,159,23,0,189,506,0,506,695
08/14/2020,GFK,ND,AGL,CE,Towers with Radar,5,10,0,0,15,0,4,2,0,6,5,14,2,0,21,4,0,4,25
08/15/2020,GFK,ND,AGL,CE,Towers with Radar,5,115,6,1,127,0,287,21,1,309,5,402,27,2,436,685,0,685,1121
08/16/2020,GFK,ND,AGL,CE,Towers with Radar,6,41,12,0,59,0,102,13,0,115,6,143,25,0,174,437,0,437,611
08/17/2020,GFK,ND,AGL,CE,Towers with Radar,5,166,18,0,189,0,353,38,0,391,5,519,56,0,580,1076,0,1076,1656
08/18/2020,GFK,ND,AGL,CE,Towers with Radar,5,129,16,0,150,0,321,30,0,351,5,450,46,0,501,920,0,920,1421
08/19/2020,GFK,ND,AGL,CE,Towers with Radar,5,120,12,0,137,0,266,31,0,297,5,386,43,0,434,757,0,757,1191
08/20/2020,GFK,ND,AGL,CE,Towers with Radar,7,80,21,0,108,0,196,19,0,215,7,276,40,0,323,641,0,641,964
08/21/2020,GFK,ND,AGL,CE,Towers with Radar,5,69,22,2,98,0,86,13,0,99,5,155,35,2,197,412,0,412,609
08/22/2020,GFK,ND,AGL,CE,Towers with Radar,5,120,10,0,135,0,223,30,0,253,5,343,40,0,388,597,0,597,985
08/23/2020,GFK,ND,AGL,CE,Towers with Radar,7,19,1,0,27,0,38,19,0,57,7,57,20,0,84,172,0,172,256
08/24/2020,GFK,ND,AGL,CE,Towers with Radar,5,114,17,0,136,0,248,41,0,289,5,362,58,0,425,570,0,570,995
08/25/2020,GFK,ND,AGL,CE,Towers with Radar,5,99,20,0,124,0,211,21,0,232,5,310,41,0,356,621,0,621,977
08/26/2020,GFK,ND,AGL,CE,Towers with Radar,5,99,36,0,140,0,157,15,0,172,5,256,51,0,312,831,0,831,1143
08/27/2020,GFK,ND,AGL,CE,Towers with Radar,5,80,28,0,113,0,194,17,0,211,5,274,45,0,324,720,0,720,1044
08/28/2020,GFK,ND,AGL,CE,Towers with Radar,5,89,19,0,113,0,125,16,0,141,5,214,35,0,254,416,0,416,670
08/29/2020,GFK,ND,AGL,CE,Towers with Radar,4,83,22,0,109,0,288,29,0,317,4,371,51,0,426,669,0,669,1095
08/30/2020,GFK,ND,AGL,CE,Towers with Radar,6,2,3,0,11,0,10,3,0,13,6,12,6,0,24,24,0,24,48
08/31/2020,GFK,ND,AGL,CE,Towers with Radar,6,85,11,0,102,0,292,25,0,317,6,377,36,0,419,513,0,513,932
09/01/2020,GFK,ND,AGL,CE,Towers with Radar,6,20,23,0,49,0,122,13,0,135,6,142,36,0,184,332,0,332,516
09/02/2020,GFK,ND,AGL,CE,Towers with Radar,6,99,16,0,121,0,354,44,0,398,6,453,60,0,519,734,0,734,1253
09/03/2020,GFK,ND,AGL,CE,Towers with Radar,8,61,14,0,83,0,96,10,0,106,8,157,24,0,189,184,0,184,373
09/04/2020,GFK,ND,AGL,CE,Towers with Radar,6,100,17,2,125,0,425,24,0,449,6,525,41,2,574,918,0,918,1492
09/05/2020,GFK,ND,AGL,CE,Towers with Radar,6,92,7,0,105,0,282,32,0,314,6,374,39,0,419,616,0,616,1035
09/06/2020,GFK,ND,AGL,CE,Towers with Radar,7,1,0,0,8,0,10,2,0,12,7,11,2,0,20,14,0,14,34
09/07/2020,GFK,ND,AGL,CE,Towers with Radar,6,91,11,0,108,0,234,24,0,258,6,325,35,0,366,871,0,871,1237
09/08/2020,GFK,ND,AGL,CE,Towers with Radar,6,71,17,1,95,0,217,34,0,251,6,288,51,1,346,1183,0,1183,1529
09/09/2020,GFK,ND,AGL,CE,Towers with Radar,6,128,20,0,154,0,401,37,0,438,6,529,57,0,592,910,0,910,1502
09/10/2020,GFK,ND,AGL,CE,Towers with Radar,8,117,19,0,144,0,397,57,0,454,8,514,76,0,598,812,0,812,1410
09/11/2020,GFK,ND,AGL,CE,Towers with Radar,6,120,11,0,137,0,408,31,0,439,6,528,42,0,576,852,0,852,1428
09/12/2020,GFK,ND,AGL,CE,Towers with Radar,6,117,5,0,128,0,181,28,0,209,6,298,33,0,337,672,0,672,1009
09/13/2020,GFK,ND,AGL,CE,Towers with Radar,8,30,18,2,58,0,77,13,0,90,8,107,31,2,148,336,0,336,484
09/14/2020,GFK,ND,AGL,CE,Towers with Radar,6,90,15,0,111,0,421,37,0,458,6,511,52,0,569,1021,0,1021,1590
09/15/2020,GFK,ND,AGL,CE,Towers with Radar,6,160,17,0,183,0,414,34,0,448,6,574,51,0,631,975,0,975,1606
09/16/2020,GFK,ND,AGL,CE,Towers with Radar,6,167,21,0,194,0,298,26,0,324,6,465,47,0,518,985,0,985,1503
09/17/2020,GFK,ND,AGL,CE,Towers with Radar,8,158,14,0,180,0,486,42,0,528,8,644,56,0,708,1052,0,1052,1760
09/18/2020,GFK,ND,AGL,CE,Towers with Radar,6,149,13,0,168,0,430,35,0,465,6,579,48,0,633,1051,0,1051,1684
09/19/2020,GFK,ND,AGL,CE,Towers with Radar,6,108,4,0,118,0,353,28,0,381,6,461,32,0,499,881,0,881,1380
09/20/2020,GFK,ND,AGL,CE,Towers with Radar,8,29,6,0,43,0,22,6,0,28,8,51,12,0,71,64,0,64,135
09/21/2020,GFK,ND,AGL,CE,Towers with Radar,6,72,16,0,94,0,175,11,0,186,6,247,27,0,280,411,0,411,691
09/22/2020,GFK,ND,AGL,CE,Towers with Radar,6,182,23,0,211,0,434,53,0,487,6,616,76,0,698,984,0,984,1682
09/23/2020,GFK,ND,AGL,CE,Towers with Radar,6,175,16,2,199,0,434,42,2,478,6,609,58,4,677,1065,0,1065,1742
09/24/2020,GFK,ND,AGL,CE,Towers with Radar,6,142,18,0,166,0,138,20,2,160,6,280,38,2,326,344,0,344,670
09/25/2020,GFK,ND,AGL,CE,Towers with Radar,6,126,14,0,146,0,427,39,0,466,6,553,53,0,612,1173,0,1173,1785
09/26/2020,GFK,ND,AGL,CE,Towers with Radar,6,95,11,0,112,0,246,22,0,268,6,341,33,0,380,780,0,780,1160
09/27/2020,GFK,ND,AGL,CE,Towers with Radar,6,22,16,0,44,0,23,6,0,29,6,45,22,0,73,87,0,87,160
09/28/2020,GFK,ND,AGL,CE,Towers with Radar,6,132,15,0,153,0,88,16,0,104,6,220,31,0,257,520,0,520,777
09/29/2020,GFK,ND,AGL,CE,Towers with Radar,6,158,19,0,183,0,400,29,0,429,6,558,48,0,612,998,0,998,1610
09/30/2020,GFK,ND,AGL,CE,Towers with Radar,6,152,15,0,173,0,254,7,0,261,6,406,22,0,434,561,0,561,995
10/01/2020,GFK,ND,AGL,CE,Towers with Radar,6,121,33,0,160,0,198,32,0,230,6,319,65,0,390,1234,0,1234,1624
10/02/2020,GFK,ND,AGL,CE,Towers with Radar,6,154,22,0,182,0,470,30,0,500,6,624,52,0,682,1075,0,1075,1757
10/03/2020,GFK,ND,AGL,CE,Towers with Radar,6,109,11,1,127,0,379,35,0,414,6,488,46,1,541,827,0,827,1368
10/04/2020,GFK,ND,AGL,CE,Towers with Radar,6,32,5,0,43,0,100,27,0,127,6,132,32,0,170,292,0,292,462
10/05/2020,GFK,ND,AGL,CE,Towers with Radar,6,147,18,0,171,0,357,22,0,379,6,504,40,0,550,770,0,770,1320
10/06/2020,GFK,ND,AGL,CE,Towers with Radar,5,132,25,0,162,0,239,24,0,263,5,371,49,0,425,433,0,433,858
10/07/2020,GFK,ND,AGL,CE,Towers with Radar,8,178,24,0,210,0,342,29,0,371,8,520,53,0,581,696,0,696,1277
10/08/2020,GFK,ND,AGL,CE,Towers with Radar,9,163,18,0,190,0,439,47,0,486,9,602,65,0,676,1068,0,1068,1744
10/09/2020,GFK,ND,AGL,CE,Towers with Radar,6,140,20,0,166,0,410,39,0,449,6,550,59,0,615,1156,0,1156,1771
10/10/2020,GFK,ND,AGL,CE,Towers with Radar,9,118,21,0,148,0,206,41,0,247,9,324,62,0,395,720,0,720,1115
10/11/2020,GFK,ND,AGL,CE,Towers with Radar,8,0,3,0,11,0,0,0,0,0,8,0,3,0,11,0,0,0,11
10/12/2020,GFK,ND,AGL,CE,Towers with Radar,7,144,18,2,171,0,353,47,0,400,7,497,65,2,571,1053,0,1053,1624
10/13/2020,GFK,ND,AGL,CE,Towers with Radar,6,64,23,4,97,0,142,15,0,157,6,206,38,4,254,530,0,530,784
10/14/2020,GFK,ND,AGL,CE,Towers with Radar,8,61,14,0,83,0,73,4,0,77,8,134,18,0,160,391,0,391,551
10/15/2020,GFK,ND,AGL,CE,Towers with Radar,8,136,21,0,165,0,314,27,0,341,8,450,48,0,506,952,0,952,1458
10/16/2020,GFK,ND,AGL,CE,Towers with Radar,7,144,8,0,159,0,443,28,0,471,7,587,36,0,630,1075,0,1075,1705
10/17/2020,GFK,ND,AGL,CE,Towers with Radar,9,98,9,0,116,0,181,12,0,193,9,279,21,0,309,519,0,519,828
10/18/2020,GFK,ND,AGL,CE,Towers with Radar,7,18,8,0,33,0,60,13,0,73,7,78,21,0,106,351,0,351,457
10/19/2020,GFK,ND,AGL,CE,Towers with Radar,6,153,19,0,178,0,417,38,0,455,6,570,57,0,633,1134,0,1134,1767
10/20/2020,GFK,ND,AGL,CE,Towers with Radar,8,6,3,0,17,0,0,2,0,2,8,6,5,0,19,114,0,114,133
10/21/2020,GFK,ND,AGL,CE,Towers with Radar,8,50,9,0,67,0,101,18,0,119,8,151,27,0,186,994,0,994,1180
10/22/2020,GFK,ND,AGL,CE,Towers with Radar,8,12,5,0,25,0,18,0,0,18,8,30,5,0,43,300,0,300,343
10/23/2020,GFK,ND,AGL,CE,Towers with Radar,6,132,11,0,149,0,408,26,0,434,6,540,37,0,583,858,0,858,1441
10/24/2020,GFK,ND,AGL,CE,Towers with Radar,8,100,14,0,122,0,288,34,0,322,8,388,48,0,444,985,0,985,1429
10/25/2020,GFK,ND,AGL,CE,Towers with Radar,8,13,14,0,35,0,78,9,0,87,8,91,23,0,122,289,0,289,411
10/26/2020,GFK,ND,AGL,CE,Towers with Radar,6,160,16,0,182,0,435,46,0,481,6,595,62,0,663,867,0,867,1530
10/27/2020,GFK,ND,AGL,CE,Towers with Radar,6,21,12,0,39,0,104,9,0,113,6,125,21,0,152,252,0,252,404
10/28/2020,GFK,ND,AGL,CE,Towers with Radar,8,25,20,0,53,0,62,14,0,76,8,87,34,0,129,486,0,486,615
10/29/2020,GFK,ND,AGL,CE,Towers with Radar,8,32,11,0,51,0,139,16,0,155,8,171,27,0,206,708,0,708,914
10/30/2020,GFK,ND,AGL,CE,Towers with Radar,7,34,11,0,52,0,46,8,0,54,7,80,19,0,106,129,0,129,235
10/31/2020,GFK,ND,AGL,CE,Towers with Radar,8,7,0,0,15,0,16,0,0,16,8,23,0,0,31,61,0,61,92
11/01/2020,GFK,ND,AGL,CE,Towers with Radar,10,40,9,0,59,0,145,33,0,178,10,185,42,0,237,452,0,452,689
11/02/2020,GFK,ND,AGL,CE,Towers with Radar,6,212,11,0,229,0,468,55,2,525,6,680,66,2,754,884,0,884,1638
11/03/2020,GFK,ND,AGL,CE,Towers with Radar,6,154,11,0,171,0,462,52,0,514,6,616,63,0,685,1067,0,1067,1752
11/04/2020,GFK,ND,AGL,CE,Towers with Radar,8,161,8,1,178,0,372,41,2,415,8,533,49,3,593,1122,0,1122,1715
11/05/2020,GFK,ND,AGL,CE,Towers with Radar,8,172,9,0,189,0,384,37,0,421,8,556,46,0,610,941,0,941,1551
11/06/2020,GFK,ND,AGL,CE,Towers with Radar,6,154,8,0,168,0,354,51,0,405,6,508,59,0,573,1022,0,1022,1595
11/07/2020,GFK,ND,AGL,CE,Towers with Radar,8,11,19,0,38,0,3,5,0,8,8,14,24,0,46,48,0,48,94
11/08/2020,GFK,ND,AGL,CE,Towers with Radar,6,3,3,0,12,0,0,1,0,1,6,3,4,0,13,0,0,0,13
11/09/2020,GFK,ND,AGL,CE,Towers with Radar,7,141,7,0,155,0,330,19,0,349,7,471,26,0,504,947,0,947,1451
11/10/2020,GFK,ND,AGL,CE,Towers with Radar,5,136,11,0,152,0,424,31,0,455,5,560,42,0,607,1008,0,1008,1615
11/11/2020,GFK,ND,AGL,CE,Towers with Radar,8,52,16,0,76,0,185,16,0,201,8,237,32,0,277,406,0,406,683
11/12/2020,GFK,ND,AGL,CE,Towers with Radar,5,16,15,0,36,0,28,7,0,35,5,44,22,0,71,543,0,543,614
11/13/2020,GFK,ND,AGL,CE,Towers with Radar,6,176,14,0,196,0,417,44,0,461,6,593,58,0,657,997,0,997,1654
11/14/2020,GFK,ND,AGL,CE,Towers with Radar,8,111,12,0,131,0,343,41,0,384,8,454,53,0,515,855,0,855,1370
11/15/2020,GFK,ND,AGL,CE,Towers with Radar,6,1,6,0,13,0,2,10,0,12,6,3,16,0,25,67,0,67,92
11/16/2020,GFK,ND,AGL,CE,Towers with Radar,8,130,17,0,155,0,276,33,0,309,8,406,50,0,464,846,0,846,1310
11/17/2020,GFK,ND,AGL,CE,Towers with Radar,6,129,13,0,148,0,253,28,0,281,6,382,41,0,429,1234,0,1234,1663
11/18/2020,GFK,ND,AGL,CE,Towers with Radar,6,157,14,0,177,0,367,30,0,397,6,524,44,0,574,986,0,986,1560
11/19/2020,GFK,ND,AGL,CE,Towers with Radar,9,2,10,0,21,0,0,6,0,6,9,2,16,0,27,151,0,151,178
11/20/2020,GFK,ND,AGL,CE,Towers with Radar,8,18,9,0,35,0,41,12,0,53,8,59,21,0,88,747,0,747,835
11/21/2020,GFK,ND,AGL,CE,Towers with Radar,10,126,3,0,139,0,384,19,0,403,10,510,22,0,542,835,0,835,1377
11/22/2020,GFK,ND,AGL,CE,Towers with Radar,8,10,3,0,21,0,47,7,0,54,8,57,10,0,75,224,0,224,299
11/23/2020,GFK,ND,AGL,CE,Towers with Radar,8,151,17,0,176,0,391,22,0,413,8,542,39,0,589,870,0,870,1459
11/24/2020,GFK,ND,AGL,CE,Towers with Radar,11,6,9,0,26,0,0,0,0,0,11,6,9,0,26,0,0,0,26
11/25/2020,GFK,ND,AGL,CE,Towers with Radar,9,11,14,0,34,0,5,4,0,9,9,16,18,0,43,3,0,3,46
11/26/2020,GFK,ND,AGL,CE,Towers with Radar,4,3,1,0,8,0,0,1,0,1,4,3,2,0,9,0,0,0,9
11/27/2020,GFK,ND,AGL,CE,Towers with Radar,6,58,15,0,79,0,120,18,0,138,6,178,33,0,217,359,0,359,576
11/28/2020,GFK,ND,AGL,CE,Towers with Radar,12,68,11,0,91,0,197,16,0,213,12,265,27,0,304,592,0,592,896
11/29/2020,GFK,ND,AGL,CE,Towers with Radar,8,14,6,0,28,0,28,5,0,33,8,42,11,0,61,335,0,335,396
11/30/2020,GFK,ND,AGL,CE,Towers with Radar,8,191,8,2,209,0,366,37,0,403,8,557,45,2,612,952,0,952,1564
12/01/2020,GFK,ND,AGL,CE,Towers with Radar,7,170,23,0,200,0,403,43,0,446,7,573,66,0,646,1092,0,1092,1738
12/02/2020,GFK,ND,AGL,CE,Towers with Radar,6,3,10,0,19,0,1,17,0,18,6,4,27,0,37,82,0,82,119
12/03/2020,GFK,ND,AGL,CE,Towers with Radar,5,201,14,0,220,0,438,34,0,472,5,639,48,0,692,1032,0,1032,1724
12/04/2020,GFK,ND,AGL,CE,Towers with Radar,6,152,9,0,167,0,421,31,0,452,6,573,40,0,619,980,0,980,1599
12/05/2020,GFK,ND,AGL,CE,Towers with Radar,8,91,8,0,107,0,307,24,0,331,8,398,32,0,438,819,0,819,1257
12/06/2020,GFK,ND,AGL,CE,Towers with Radar,6,37,7,0,50,0,197,14,0,211,6,234,21,0,261,455,0,455,716
12/07/2020,GFK,ND,AGL,CE,Towers with Radar,6,158,16,0,180,0,356,26,0,382,6,514,42,0,562,1071,0,1071,1633
12/08/2020,GFK,ND,AGL,CE,Towers with Radar,8,150,23,0,181,0,368,29,0,397,8,518,52,0,578,872,0,872,1450
12/09/2020,GFK,ND,AGL,CE,Towers with Radar,5,150,26,0,181,0,364,26,0,390,5,514,52,0,571,914,0,914,1485
12/10/2020,GFK,ND,AGL,CE,Towers with Radar,7,1,12,2,22,0,2,13,0,15,7,3,25,2,37,282,0,282,319
12/11/2020,GFK,ND,AGL,CE,Towers with Radar,6,5,9,0,20,0,0,0,0,0,6,5,9,0,20,0,0,0,20
12/12/2020,GFK,ND,AGL,CE,Towers with Radar,8,2,3,0,13,0,0,0,0,0,8,2,3,0,13,0,0,0,13
12/13/2020,GFK,ND,AGL,CE,Towers with Radar,6,1,7,0,14,0,0,2,0,2,6,1,9,0,16,6,0,6,22
12/14/2020,GFK,ND,AGL,CE,Towers with Radar,6,183,12,0,201,0,444,35,0,479,6,627,47,0,680,948,0,948,1628
12/15/2020,GFK,ND,AGL,CE,Towers with Radar,6,56,20,0,82,0,253,19,0,272,6,309,39,0,354,1051,0,1051,1405
12/16/2020,GFK,ND,AGL,CE,Towers with Radar,6,24,16,0,46,0,73,8,0,81,6,97,24,0,127,387,0,387,514
12/17/2020,GFK,ND,AGL,CE,Towers with Radar,6,4,18,0,28,0,0,7,0,7,6,4,25,0,35,14,0,14,49
12/18/2020,GFK,ND,AGL,CE,Towers with Radar,4,27,28,0,59,0,36,9,0,45,4,63,37,0,104,497,0,497,601
12/19/2020,GFK,ND,AGL,CE,Towers with Radar,9,68,22,0,99,0,151,18,0,169,9,219,40,0,268,376,0,376,644
12/20/2020,GFK,ND,AGL,CE,Towers with Radar,4,29,6,0,39,0,104,11,0,115,4,133,17,0,154,393,0,393,547
12/21/2020,GFK,ND,AGL,CE,Towers with Radar,4,8,17,0,29,0,30,14,0,44,4,38,31,0,73,248,0,248,321
12/22/2020,GFK,ND,AGL,CE,Towers with Radar,3,52,25,0,80,0,67,13,0,80,3,119,38,0,160,217,0,217,377
12/23/2020,GFK,ND,AGL,CE,Towers with Radar,8,3,1,0,12,0,0,0,0,0,8,3,1,0,12,0,0,0,12
12/24/2020,GFK,ND,AGL,CE,Towers with Radar,1,3,2,0,6,0,0,2,0,2,1,3,4,0,8,8,0,8,16
12/25/2020,GFK,ND,AGL,CE,Towers with Radar,2,2,1,0,5,0,0,6,0,6,2,2,7,0,11,6,0,6,17
12/26/2020,GFK,ND,AGL,CE,Towers with Radar,7,3,1,0,11,0,0,2,0,2,7,3,3,0,13,0,0,0,13
12/27/2020,GFK,ND,AGL,CE,Towers with Radar,4,4,4,0,12,0,0,0,0,0,4,4,4,0,12,0,0,0,12
12/28/2020,GFK,ND,AGL,CE,Towers with Radar,4,5,15,0,24,0,5,4,2,11,4,10,19,2,35,91,0,91,126
12/29/2020,GFK,ND,AGL,CE,Towers with Radar,5,16,6,0,27,0,11,6,0,17,5,27,12,0,44,50,0,50,94
12/30/2020,GFK,ND,AGL,CE,Towers with Radar,8,18,17,0,43,0,18,4,0,22,8,36,21,0,65,158,0,158,223
12/31/2020,GFK,ND,AGL,CE,Towers with Radar,3,42,19,0,64,0,58,12,0,70,3,100,31,0,134,171,0,171,305
01/01/2021,GFK,ND,AGL,CE,Towers with Radar,4,4,5,0,13,0,0,0,0,0,4,4,5,0,13,0,0,0,13
01/02/2021,GFK,ND,AGL,CE,Towers with Radar,11,2,3,0,16,0,0,2,0,2,11,2,5,0,18,0,0,0,18
01/03/2021,GFK,ND,AGL,CE,Towers with Radar,4,2,5,0,11,0,0,5,0,5,4,2,10,0,16,0,0,0,16
01/04/2021,GFK,ND,AGL,CE,Towers with Radar,4,44,5,0,53,0,77,22,0,99,4,121,27,0,152,202,0,202,354
01/05/2021,GFK,ND,AGL,CE,Towers with Radar,4,11,11,0,26,0,28,4,0,32,4,39,15,0,58,96,0,96,154
01/06/2021,GFK,ND,AGL,CE,Towers with Radar,8,60,6,1,75,0,116,20,0,136,8,176,26,1,211,534,0,534,745
01/07/2021,GFK,ND,AGL,CE,Towers with Radar,5,2,2,1,10,0,0,0,0,0,5,2,2,1,10,5,0,5,15
01/08/2021,GFK,ND,AGL,CE,Towers with Radar,6,2,1,0,9,0,0,0,0,0,6,2,1,0,9,0,0,0,9
01/09/2021,GFK,ND,AGL,CE,Towers with Radar,5,3,2,0,10,0,0,0,0,0,5,3,2,0,10,0,0,0,10
01/10/2021,GFK,ND,AGL,CE,Towers with Radar,6,13,5,0,24,0,41,16,0,57,6,54,21,0,81,262,0,262,343
01/11/2021,GFK,ND,AGL,CE,Towers with Radar,4,7,9,0,20,0,20,1,0,21,4,27,10,0,41,149,0,149,190
01/12/2021,GFK,ND,AGL,CE,Towers with Radar,5,163,11,0,179,0,289,50,0,339,5,452,61,0,518,1026,0,1026,1544
01/13/2021,GFK,ND,AGL,CE,Towers with Radar,7,133,23,1,164,0,377,31,1,409,7,510,54,2,573,777,0,777,1350
01/14/2021,GFK,ND,AGL,CE,Towers with Radar,4,6,6,0,16,0,0,2,0,2,4,6,8,0,18,58,0,58,76
01/15/2021,GFK,ND,AGL,CE,Towers with Radar,5,5,10,0,20,0,0,1,0,1,5,5,11,0,21,0,0,0,21
01/16/2021,GFK,ND,AGL,CE,Towers with Radar,5,75,12,0,92,0,189,34,0,223,5,264,46,0,315,892,0,892,1207
01/17/2021,GFK,ND,AGL,CE,Towers with Radar,4,6,7,0,17,0,0,0,0,0,4,6,7,0,17,52,0,52,69
01/18/2021,GFK,ND,AGL,CE,Towers with Radar,4,74,14,0,92,0,34,19,0,53,4,108,33,0,145,160,0,160,305
01/19/2021,GFK,ND,AGL,CE,Towers with Radar,5,133,13,0,151,0,152,10,0,162,5,285,23,0,313,416,0,416,729
01/20/2021,GFK,ND,AGL,CE,Towers with Radar,6,18,4,0,28,0,40,6,0,46,6,58,10,0,74,74,0,74,148
01/21/2021,GFK,ND,AGL,CE,Towers with Radar,7,145,10,0,162,0,141,16,0,157,7,286,26,0,319,631,0,631,950
01/22/2021,GFK,ND,AGL,CE,Towers with Radar,4,19,10,0,33,0,19,14,0,33,4,38,24,0,66,525,0,525,591
01/23/2021,GFK,ND,AGL,CE,Towers with Radar,6,50,3,0,59,0,294,27,0,321,6,344,30,0,380,626,0,626,1006
01/24/2021,GFK,ND,AGL,CE,Towers with Radar,6,68,15,0,89,0,263,18,0,281,6,331,33,0,370,539,0,539,909
01/25/2021,GFK,ND,AGL,CE,Towers with Radar,4,86,2,0,92,0,171,13,0,184,4,257,15,0,276,584,0,584,860
01/26/2021,GFK,ND,AGL,CE,Towers with Radar,4,176,16,0,196,0,251,15,0,266,4,427,31,0,462,432,0,432,894
01/27/2021,GFK,ND,AGL,CE,Towers with Radar,7,207,14,0,228,0,535,27,0,562,7,742,41,0,790,624,0,624,1414
01/28/2021,GFK,ND,AGL,CE,Towers with Radar,7,29,10,0,46,0,208,30,0,238,7,237,40,0,284,1084,0,1084,1368
01/29/2021,GFK,ND,AGL,CE,Towers with Radar,4,14,14,2,34,0,1,5,0,6,4,15,19,2,40,267,0,267,307
01/30/2021,GFK,ND,AGL,CE,Towers with Radar,6,2,0,0,8,0,0,0,0,0,6,2,0,0,8,0,0,0,8
01/31/2021,GFK,ND,AGL,CE,Towers with Radar,6,3,4,0,13,0,3,1,0,4,6,6,5,0,17,137,0,137,154
02/01/2021,GFK,ND,AGL,CE,Towers with Radar,4,4,6,0,14,0,0,7,0,7,4,4,13,0,21,28,0,28,49
02/02/2021,GFK,ND,AGL,CE,Towers with Radar,4,8,12,0,24,0,0,0,0,0,4,8,12,0,24,0,0,0,24
02/03/2021,GFK,ND,AGL,CE,Towers with Radar,8,2,6,1,17,0,0,0,0,0,8,2,6,1,17,0,0,0,17
02/04/2021,GFK,ND,AGL,CE,Towers with Radar,7,10,6,0,23,0,23,2,0,25,7,33,8,0,48,205,0,205,253
02/05/2021,GFK,ND,AGL,CE,Towers with Radar,3,32,13,0,48,0,144,14,0,158,3,176,27,0,206,420,0,420,626
02/06/2021,GFK,ND,AGL,CE,Towers with Radar,5,115,2,0,122,0,148,0,0,148,5,263,2,0,270,506,0,506,776
02/07/2021,GFK,ND,AGL,CE,Towers with Radar,4,81,8,0,93,0,229,14,0,243,4,310,22,0,336,602,0,602,938
02/08/2021,GFK,ND,AGL,CE,Towers with Radar,5,177,4,0,186,0,574,22,0,596,5,751,26,0,782,743,0,743,1525
02/09/2021,GFK,ND,AGL,CE,Towers with Radar,5,53,12,0,70,0,183,22,0,205,5,236,34,0,275,674,0,674,949
02/10/2021,GFK,ND,AGL,CE,Towers with Radar,4,137,6,0,147,0,464,35,0,499,4,601,41,0,646,1049,0,1049,1695
02/11/2021,GFK,ND,AGL,CE,Towers with Radar,8,136,14,0,158,0,464,24,0,488,8,600,38,0,646,842,0,842,1488
02/12/2021,GFK,ND,AGL,CE,Towers with Radar,4,113,22,0,139,0,408,20,0,428,4,521,42,0,567,925,0,925,1492
02/13/2021,GFK,ND,AGL,CE,Towers with Radar,6,13,2,0,21,0,30,0,0,30,6,43,2,0,51,62,0,62,113
02/14/2021,GFK,ND,AGL,CE,Towers with Radar,6,43,6,0,55,0,193,28,0,221,6,236,34,0,276,362,0,362,638
02/15/2021,GFK,ND,AGL,CE,Towers with Radar,4,261,14,0,279,0,481,29,0,510,4,742,43,0,789,799,0,799,1588
02/16/2021,GFK,ND,AGL,CE,Towers with Radar,6,238,9,0,253,0,473,22,0,495,6,711,31,0,748,948,0,948,1696
02/17/2021,GFK,ND,AGL,CE,Towers with Radar,4,72,8,0,84,0,333,30,0,363,4,405,38,0,447,800,0,800,1247
02/18/2021,GFK,ND,AGL,CE,Towers with Radar,8,150,19,0,177,0,242,25,0,267,8,392,44,0,444,1046,0,1046,1490
02/19/2021,GFK,ND,AGL,CE,Towers with Radar,5,203,19,0,227,0,580,41,0,621,5,783,60,0,848,922,0,922,1770
02/20/2021,GFK,ND,AGL,CE,Towers with Radar,7,166,14,0,187,0,395,33,0,428,7,561,47,0,615,767,0,767,1382
02/21/2021,GFK,ND,AGL,CE,Towers with Radar,8,56,9,0,73,0,159,30,0,189,8,215,39,0,262,398,0,398,660
02/22/2021,GFK,ND,AGL,CE,Towers with Radar,4,73,11,0,88,0,226,12,0,238,4,299,23,0,326,522,0,522,848
02/23/2021,GFK,ND,AGL,CE,Towers with Radar,7,43,9,0,59,0,179,18,0,197,7,222,27,0,256,641,0,641,897
02/24/2021,GFK,ND,AGL,CE,Towers with Radar,6,15,20,0,41,0,84,13,0,97,6,99,33,0,138,602,0,602,740
02/25/2021,GFK,ND,AGL,CE,Towers with Radar,6,205,21,4,236,0,427,42,0,469,6,632,63,4,705,288,0,288,993
02/26/2021,GFK,ND,AGL,CE,Towers with Radar,3,159,19,0,181,0,502,41,0,543,3,661,60,0,724,802,0,802,1526
02/27/2021,GFK,ND,AGL,CE,Towers with Radar,7,2,4,0,13,0,0,2,0,2,7,2,6,0,15,649,0,649,664
02/28/2021,GFK,ND,AGL,CE,Towers with Radar,6,48,17,0,71,0,200,23,0,223,6,248,40,0,294,465,0,465,759
03/01/2021,GFK,ND,AGL,CE,Towers with Radar,4,197,10,0,211,0,458,26,0,484,4,655,36,0,695,1160,0,1160,1855
03/02/2021,GFK,ND,AGL,CE,Towers with Radar,8,222,15,0,245,0,476,35,0,511,8,698,50,0,756,944,0,944,1700
03/03/2021,GFK,ND,AGL,CE,Towers with Radar,6,219,23,0,248,0,517,31,0,548,6,736,54,0,796,1141,0,1141,1937
03/04/2021,GFK,ND,AGL,CE,Towers with Radar,11,181,18,1,211,0,511,36,0,547,11,692,54,1,758,1149,0,1149,1907
03/05/2021,GFK,ND,AGL,CE,Towers with Radar,5,179,31,0,215,0,513,37,0,550,5,692,68,0,765,1089,0,1089,1854
03/06/2021,GFK,ND,AGL,CE,Towers with Radar,7,157,24,0,188,0,289,9,0,298,7,446,33,0,486,617,0,617,1103
03/07/2021,GFK,ND,AGL,CE,Towers with Radar,9,27,8,0,44,0,88,8,0,96,9,115,16,0,140,216,0,216,356
03/08/2021,GFK,ND,AGL,CE,Towers with Radar,6,196,20,0,222,0,479,26,0,505,6,675,46,0,727,1327,0,1327,2054
03/09/2021,GFK,ND,AGL,CE,Towers with Radar,7,100,12,0,119,0,236,7,0,243,7,336,19,0,362,486,0,486,848
03/10/2021,GFK,ND,AGL,CE,Towers with Radar,10,75,15,0,100,0,56,7,0,63,10,131,22,0,163,362,0,362,525
03/11/2021,GFK,ND,AGL,CE,Towers with Radar,9,69,8,0,86,0,145,19,0,164,9,214,27,0,250,752,0,752,1002
03/12/2021,GFK,ND,AGL,CE,Towers with Radar,7,151,19,0,177,0,470,50,0,520,7,621,69,0,697,841,0,841,1538
03/13/2021,GFK,ND,AGL,CE,Towers with Radar,10,119,7,0,136,0,329,30,0,359,10,448,37,0,495,1022,0,1022,1517
03/14/2021,GFK,ND,AGL,CE,Towers with Radar,8,39,4,0,51,0,76,21,0,97,8,115,25,0,148,302,0,302,450
03/15/2021,GFK,ND,AGL,CE,Towers with Radar,4,40,5,0,49,0,141,12,0,153,4,181,17,0,202,664,0,664,866
03/16/2021,GFK,ND,AGL,CE,Towers with Radar,7,9,14,0,30,0,13,15,0,28,7,22,29,0,58,765,0,765,823
03/17/2021,GFK,ND,AGL,CE,Towers with Radar,8,100,17,0,125,0,274,22,0,296,8,374,39,0,421,815,0,815,1236
03/18/2021,GFK,ND,AGL,CE,Towers with Radar,9,150,18,0,177,0,436,20,0,456,9,586,38,0,633,807,0,807,1440
03/19/2021,GFK,ND,AGL,CE,Towers with Radar,5,51,9,0,65,0,174,6,0,180,5,225,15,0,245,416,0,416,661
03/20/2021,GFK,ND,AGL,CE,Towers with Radar,7,20,1,0,28,0,68,7,0,75,7,88,8,0,103,117,0,117,220
03/21/2021,GFK,ND,AGL,CE,Towers with Radar,9,18,8,0,35,0,27,7,0,34,9,45,15,0,69,299,0,299,368
03/22/2021,GFK,ND,AGL,CE,Towers with Radar,5,160,15,0,180,0,587,36,0,623,5,747,51,0,803,1209,0,1209,2012
03/23/2021,GFK,ND,AGL,CE,Towers with Radar,7,157,11,0,175,0,487,31,0,518,7,644,42,0,693,911,0,911,1604
03/24/2021,GFK,ND,AGL,CE,Towers with Radar,8,144,15,0,167,0,382,14,0,396,8,526,29,0,563,909,0,909,1472
03/25/2021,GFK,ND,AGL,CE,Towers with Radar,10,139,16,0,165,0,492,18,0,510,10,631,34,0,675,1230,0,1230,1905
03/26/2021,GFK,ND,AGL,CE,Towers with Radar,5,4,5,2,16,0,5,6,0,11,5,9,11,2,27,745,0,745,772
03/27/2021,GFK,ND,AGL,CE,Towers with Radar,7,96,9,0,112,0,261,18,0,279,7,357,27,0,391,850,0,850,1241
03/28/2021,GFK,ND,AGL,CE,Towers with Radar,9,43,8,0,60,0,177,24,0,201,9,220,32,0,261,464,0,464,725
03/29/2021,GFK,ND,AGL,CE,Towers with Radar,5,19,2,0,26,0,33,3,0,36,5,52,5,0,62,95,0,95,157
03/30/2021,GFK,ND,AGL,CE,Towers with Radar,6,1,9,0,16,0,0,1,0,1,6,1,10,0,17,10,0,10,27
03/31/2021,GFK,ND,AGL,CE,Towers with Radar,5,183,29,0,217,0,552,44,0,596,5,735,73,0,813,1047,0,1047,1860
04/01/2021,GFK,ND,AGL,CE,Towers with Radar,9,53,16,0,78,0,213,17,0,230,9,266,33,0,308,552,0,552,860
04/02/2021,GFK,ND,AGL,CE,Towers with Radar,5,79,20,0,104,0,139,14,0,153,5,218,34,0,257,257,0,257,514
04/03/2021,GFK,ND,AGL,CE,Towers with Radar,7,87,12,0,106,0,304,41,0,345,7,391,53,0,451,686,0,686,1137
04/04/2021,GFK,ND,AGL,CE,Towers with Radar,10,0,10,0,20,0,0,15,0,15,10,0,25,0,35,26,0,26,61
04/05/2021,GFK,ND,AGL,CE,Towers with Radar,5,125,20,0,150,0,399,30,0,429,5,524,50,0,579,979,0,979,1558
04/06/2021,GFK,ND,AGL,CE,Towers with Radar,4,170,20,0,194,0,502,34,0,536,4,672,54,0,730,1005,0,1005,1735
04/07/2021,GFK,ND,AGL,CE,Towers with Radar,5,132,36,0,173,0,398,24,0,422,5,530,60,0,595,828,0,828,1423
04/08/2021,GFK,ND,AGL,CE,Towers with Radar,9,52,18,0,79,0,4,1,0,5,9,56,19,0,84,86,0,86,170
04/09/2021,GFK,ND,AGL,CE,Towers with Radar,5,24,10,0,39,0,33,6,0,39,5,57,16,0,78,171,0,171,249
04/10/2021,GFK,ND,AGL,CE,Towers with Radar,9,159,16,1,185,0,519,42,2,563,9,678,58,3,748,1021,0,1021,1769
04/11/2021,GFK,ND,AGL,CE,Towers with Radar,10,66,6,0,82,0,176,18,0,194,10,242,24,0,276,500,0,500,776
04/12/2021,GFK,ND,AGL,CE,Towers with Radar,4,1,4,0,9,0,0,0,0,0,4,1,4,0,9,0,0,0,9
04/13/2021,GFK,ND,AGL,CE,Towers with Radar,4,8,1,0,13,0,0,0,0,0,4,8,1,0,13,0,0,0,13
04/14/2021,GFK,ND,AGL,CE,Towers with Radar,5,5,7,1,18,0,0,2,0,2,5,5,9,1,20,94,0,94,114
04/15/2021,GFK,ND,AGL,CE,Towers with Radar,8,16,19,0,43,0,48,15,0,63,8,64,34,0,106,917,0,917,1023
04/16/2021,GFK,ND,AGL,CE,Towers with Radar,4,99,11,0,114,0,318,25,0,343,4,417,36,0,457,1196,0,1196,1653
04/17/2021,GFK,ND,AGL,CE,Towers with Radar,4,165,15,0,184,0,519,32,0,551,4,684,47,0,735,1032,0,1032,1767
04/18/2021,GFK,ND,AGL,CE,Towers with Radar,7,2,9,0,18,0,0,3,0,3,7,2,12,0,21,2,0,2,23
04/19/2021,GFK,ND,AGL,CE,Towers with Radar,4,138,13,0,155,0,365,20,0,385,4,503,33,0,540,706,0,706,1246
04/20/2021,GFK,ND,AGL,CE,Towers with Radar,7,114,9,0,130,0,327,28,0,355,7,441,37,0,485,1084,0,1084,1569
04/21/2021,GFK,ND,AGL,CE,Towers with Radar,6,144,24,0,174,0,431,30,0,461,6,575,54,0,635,854,0,854,1489
04/22/2021,GFK,ND,AGL,CE,Towers with Radar,10,177,23,0,210,0,454,30,0,484,10,631,53,0,694,1044,0,1044,1738
04/23/2021,GFK,ND,AGL,CE,Towers with Radar,5,29,13,0,47,0,23,9,0,32,5,52,22,0,79,508,0,508,587
04/24/2021,GFK,ND,AGL,CE,Towers with Radar,6,139,32,0,177,0,567,46,0,613,6,706,78,0,790,1129,0,1129,1919
04/25/2021,GFK,ND,AGL,CE,Towers with Radar,8,16,13,0,37,0,75,10,0,85,8,91,23,0,122,269,0,269,391
04/26/2021,GFK,ND,AGL,CE,Towers with Radar,4,75,13,0,92,0,230,14,0,244,4,305,27,0,336,1254,0,1254,1590
04/27/2021,GFK,ND,AGL,CE,Towers with Radar,4,219,24,0,247,0,593,35,0,628,4,812,59,0,875,1344,0,1344,2219
04/28/2021,GFK,ND,AGL,CE,Towers with Radar,4,146,29,0,179,0,423,48,0,471,4,569,77,0,650,1076,0,1076,1726
04/29/2021,GFK,ND,AGL,CE,Towers with Radar,8,77,25,0,110,0,327,11,0,338,8,404,36,0,448,847,0,847,1295
04/30/2021,GFK,ND,AGL,CE,Towers with Radar,6,147,19,0,172,0,425,11,0,436,6,572,30,0,608,941,0,941,1549
05/01/2021,GFK,ND,AGL,CE,Towers with Radar,4,96,10,0,110,0,394,32,0,426,4,490,42,0,536,950,0,950,1486
05/02/2021,GFK,ND,AGL,CE,Towers with Radar,8,54,2,0,64,0,89,29,0,118,8,143,31,0,182,239,0,239,421
05/03/2021,GFK,ND,AGL,CE,Towers with Radar,5,36,17,0,58,0,76,8,0,84,5,112,25,0,142,483,0,483,625
05/04/2021,GFK,ND,AGL,CE,Towers with Radar,4,165,14,1,184,0,549,42,0,591,4,714,56,1,775,1070,0,1070,1845
05/05/2021,GFK,ND,AGL,CE,Towers with Radar,4,134,31,0,169,0,438,24,0,462,4,572,55,0,631,1311,0,1311,1942
05/06/2021,GFK,ND,AGL,CE,Towers with Radar,6,85,18,0,109,0,304,12,1,317,6,389,30,1,426,656,0,656,1082
05/07/2021,GFK,ND,AGL,CE,Towers with Radar,4,123,16,0,143,0,498,44,0,542,4,621,60,0,685,1056,0,1056,1741
05/08/2021,GFK,ND,AGL,CE,Towers with Radar,2,95,5,0,102,0,366,23,0,389,2,461,28,0,491,923,0,923,1414
05/09/2021,GFK,ND,AGL,CE,Towers with Radar,6,27,9,0,42,0,63,12,0,75,6,90,21,0,117,226,0,226,343
05/10/2021,GFK,ND,AGL,CE,Towers with Radar,4,139,4,0,147,0,434,17,0,451,4,573,21,0,598,1101,0,1101,1699
05/11/2021,GFK,ND,AGL,CE,Towers with Radar,4,113,10,0,127,0,453,31,0,484,4,566,41,0,611,968,0,968,1579
05/12/2021,GFK,ND,AGL,CE,Towers with Radar,4,136,17,0,157,0,409,21,0,430,4,545,38,0,587,968,0,968,1555
05/13/2021,GFK,ND,AGL,CE,Towers with Radar,6,45,18,0,69,0,199,18,0,217,6,244,36,0,286,525,0,525,811
05/14/2021,GFK,ND,AGL,CE,Towers with Radar,4,70,11,0,85,0,259,20,0,279,4,329,31,0,364,1053,0,1053,1417
05/15/2021,GFK,ND,AGL,CE,Towers with Radar,2,77,7,0,86,0,195,22,0,217,2,272,29,0,303,654,0,654,957
05/16/2021,GFK,ND,AGL,CE,Towers with Radar,7,11,6,0,24,0,27,14,0,41,7,38,20,0,65,133,0,133,198
05/17/2021,GFK,ND,AGL,CE,Towers with Radar,4,133,6,0,143,0,400,26,0,426,4,533,32,0,569,987,0,987,1556
05/18/2021,GFK,ND,AGL,CE,Towers with Radar,4,74,9,0,87,0,173,11,0,184,4,247,20,0,271,388,0,388,659
05/19/2021,GFK,ND,AGL,CE,Towers with Radar,4,70,33,0,107,0,144,9,0,153,4,214,42,0,260,659,0,659,919
05/20/2021,GFK,ND,AGL,CE,Towers with Radar,6,106,16,0,128,0,0,0,0,0,6,106,16,0,128,0,0,0,128
05/21/2021,GFK,ND,AGL,CE,Towers with Radar,4,116,11,1,132,0,64,12,0,76,4,180,23,1,208,446,0,446,654
05/22/2021,GFK,ND,AGL,CE,Towers with Radar,4,90,6,0,100,0,0,4,0,4,4,90,10,0,104,0,0,0,104
05/23/2021,GFK,ND,AGL,CE,Towers with Radar,6,21,8,0,35,0,1,0,0,1,6,22,8,0,36,20,0,20,56
05/24/2021,GFK,ND,AGL,CE,Towers with Radar,5,112,12,0,129,0,359,21,0,380,5,471,33,0,509,952,0,952,1461
05/25/2021,GFK,ND,AGL,CE,Towers with Radar,4,23,13,0,40,0,105,8,0,113,4,128,21,0,153,287,0,287,440
05/26/2021,GFK,ND,AGL,CE,Towers with Radar,4,122,41,0,167,0,511,25,0,536,4,633,66,0,703,1363,0,1363,2066
05/27/2021,GFK,ND,AGL,CE,Towers with Radar,8,155,24,0,187,0,582,21,0,603,8,737,45,0,790,1276,0,1276,2066
05/28/2021,GFK,ND,AGL,CE,Towers with Radar,4,133,15,0,152,0,495,26,0,521,4,628,41,0,673,969,0,969,1642
05/29/2021,GFK,ND,AGL,CE,Towers with Radar,2,69,7,0,78,0,122,10,0,132,2,191,17,0,210,511,0,511,721
05/30/2021,GFK,ND,AGL,CE,Towers with Radar,4,15,12,0,31,0,72,19,0,91,4,87,31,0,122,325,0,325,447
05/31/2021,GFK,ND,AGL,CE,Towers with Radar,6,130,10,0,146,0,509,40,0,549,6,639,50,0,695,1116,0,1116,1811
06/01/2021,GFK,ND,AGL,CE,Towers with Radar,4,130,15,0,149,0,481,27,0,508,4,611,42,0,657,1246,0,1246,1903
06/02/2021,GFK,ND,AGL,CE,Towers with Radar,4,125,17,0,146,0,451,18,0,469,4,576,35,0,615,1073,0,1073,1688
06/03/2021,GFK,ND,AGL,CE,Towers with Radar,6,136,18,0,160,0,420,20,0,440,6,556,38,0,600,942,0,942,1542
06/04/2021,GFK,ND,AGL,CE,Towers with Radar,3,54,17,0,74,0,125,19,0,144,3,179,36,0,218,404,0,404,622
06/05/2021,GFK,ND,AGL,CE,Towers with Radar,4,91,7,0,102,0,263,5,4,272,4,354,12,4,374,868,0,868,1242
06/06/2021,GFK,ND,AGL,CE,Towers with Radar,6,26,5,0,37,0,54,11,0,65,6,80,16,0,102,193,0,193,295
06/07/2021,GFK,ND,AGL,CE,Towers with Radar,2,85,19,2,108,0,358,15,0,373,2,443,34,2,481,735,0,735,1216
06/08/2021,GFK,ND,AGL,CE,Towers with Radar,2,127,31,0,160,0,378,15,0,393,2,505,46,0,553,946,0,946,1499
06/09/2021,GFK,ND,AGL,CE,Towers with Radar,4,131,27,4,166,0,369,21,0,390,4,500,48,4,556,884,0,884,1440
06/10/2021,GFK,ND,AGL,CE,Towers with Radar,4,173,32,0,209,0,354,21,0,375,4,527,53,0,584,914,0,914,1498
06/11/2021,GFK,ND,AGL,CE,Towers with Radar,5,31,15,0,51,0,63,3,0,66,5,94,18,0,117,141,0,141,258
06/12/2021,GFK,ND,AGL,CE,Towers with Radar,4,132,1,0,137,0,394,24,0,418,4,526,25,0,555,996,0,996,1551
06/13/2021,GFK,ND,AGL,CE,Towers with Radar,4,29,6,0,39,0,88,16,0,104,4,117,22,0,143,144,0,144,287
06/14/2021,GFK,ND,AGL,CE,Towers with Radar,2,171,26,0,199,0,573,39,0,612,2,744,65,0,811,967,0,967,1778
06/15/2021,GFK,ND,AGL,CE,Towers with Radar,2,164,22,0,188,0,546,24,0,570,2,710,46,0,758,1173,0,1173,1931
06/16/2021,GFK,ND,AGL,CE,Towers with Radar,3,83,16,0,102,0,253,11,0,264,3,336,27,0,366,747,0,747,1113
06/17/2021,GFK,ND,AGL,CE,Towers with Radar,5,118,25,0,148,0,437,30,0,467,5,555,55,0,615,1002,0,1002,1617
06/18/2021,GFK,ND,AGL,CE,Towers with Radar,2,121,14,0,137,0,327,27,0,354,2,448,41,0,491,890,0,890,1381
06/19/2021,GFK,ND,AGL,CE,Towers with Radar,2,116,11,0,129,0,408,18,0,426,2,524,29,0,555,1062,0,1062,1617
06/20/2021,GFK,ND,AGL,CE,Towers with Radar,6,32,2,0,40,0,1,1,0,2,6,33,3,0,42,65,0,65,107
06/21/2021,GFK,ND,AGL,CE,Towers with Radar,4,155,27,0,186,0,452,24,0,476,4,607,51,0,662,968,0,968,1630
06/22/2021,GFK,ND,AGL,CE,Towers with Radar,2,152,22,0,176,0,524,36,1,561,2,676,58,1,737,1174,0,1174,1911
06/23/2021,GFK,ND,AGL,CE,Towers with Radar,3,61,21,0,85,0,220,10,0,230,3,281,31,0,315,325,0,325,640
06/24/2021,GFK,ND,AGL,CE,Towers with Radar,5,181,21,0,207,0,530,27,0,557,5,711,48,0,764,1229,0,1229,1993
06/25/2021,GFK,ND,AGL,CE,Towers with Radar,2,145,25,2,174,0,297,16,0,313,2,442,41,2,487,971,0,971,1458
06/26/2021,GFK,ND,AGL,CE,Towers with Radar,3,105,3,0,111,0,154,26,0,180,3,259,29,0,291,818,0,818,1109
06/27/2021,GFK,ND,AGL,CE,Towers with Radar,5,23,5,0,33,0,45,24,0,69,5,68,29,0,102,153,0,153,255
06/28/2021,GFK,ND,AGL,CE,Towers with Radar,2,179,43,0,224,0,353,24,0,377,2,532,67,0,601,1248,0,1248,1849
06/29/2021,GFK,ND,AGL,CE,Towers with Radar,4,144,17,0,165,0,543,23,0,566,4,687,40,0,731,1133,0,1133,1864
06/30/2021,GFK,ND,AGL,CE,Towers with Radar,3,141,29,2,175,0,503,39,0,542,3,644,68,2,717,1093,0,1093,1810
07/01/2021,GFK,ND,AGL,CE,Towers with Radar,5,112,22,0,139,0,378,44,0,422,5,490,66,0,561,1042,0,1042,1603
07/02/2021,GFK,ND,AGL,CE,Towers with Radar,3,48,11,0,62,0,88,18,0,106,3,136,29,0,168,439,0,439,607
07/03/2021,GFK,ND,AGL,CE,Towers with Radar,4,4,2,0,10,0,0,19,0,19,4,4,21,0,29,6,0,6,35
07/04/2021,GFK,ND,AGL,CE,Towers with Radar,4,4,1,0,9,0,0,23,0,23,4,4,24,0,32,15,0,15,47
07/05/2021,GFK,ND,AGL,CE,Towers with Radar,3,7,3,0,13,0,0,30,0,30,3,7,33,0,43,12,0,12,55
07/06/2021,GFK,ND,AGL,CE,Towers with Radar,2,139,13,0,154,0,38,1,0,39,2,177,14,0,193,304,0,304,497
07/07/2021,GFK,ND,AGL,CE,Towers with Radar,5,168,26,0,199,0,408,39,2,449,5,576,65,2,648,950,0,950,1598
07/08/2021,GFK,ND,AGL,CE,Towers with Radar,5,140,26,0,171,0,479,25,0,504,5,619,51,0,675,1326,0,1326,2001
07/09/2021,GFK,ND,AGL,CE,Towers with Radar,2,145,9,2,158,0,431,38,0,469,2,576,47,2,627,940,0,940,1567
07/10/2021,GFK,ND,AGL,CE,Towers with Radar,4,111,10,0,125,0,328,37,0,365,4,439,47,0,490,776,0,776,1266
07/11/2021,GFK,ND,AGL,CE,Towers with Radar,6,2,11,0,19,0,1,22,0,23,6,3,33,0,42,17,0,17,59
07/12/2021,GFK,ND,AGL,CE,Towers with Radar,2,118,12,0,132,0,282,21,0,303,2,400,33,0,435,711,0,711,1146
07/13/2021,GFK,ND,AGL,CE,Towers with Radar,3,143,21,0,167,0,389,20,0,409,3,532,41,0,576,1208,0,1208,1784
07/14/2021,GFK,ND,AGL,CE,Towers with Radar,5,99,35,1,140,0,149,16,0,165,5,248,51,1,305,648,0,648,953
07/15/2021,GFK,ND,AGL,CE,Towers with Radar,5,93,12,1,111,0,178,13,0,191,5,271,25,1,302,468,0,468,770
07/16/2021,GFK,ND,AGL,CE,Towers with Radar,3,112,12,0,127,0,362,23,0,385,3,474,35,0,512,765,0,765,1277
07/17/2021,GFK,ND,AGL,CE,Towers with Radar,2,121,14,0,137,0,276,28,0,304,2,397,42,0,441,882,0,882,1323
07/18/2021,GFK,ND,AGL,CE,Towers with Radar,4,8,9,0,21,0,0,21,0,21,4,8,30,0,42,8,0,8,50
07/19/2021,GFK,ND,AGL,CE,Towers with Radar,3,21,9,0,33,0,95,11,0,106,3,116,20,0,139,479,0,479,618
07/20/2021,GFK,ND,AGL,CE,Towers with Radar,2,122,25,0,149,0,19,6,0,25,2,141,31,0,174,160,0,160,334
07/21/2021,GFK,ND,AGL,CE,Towers with Radar,3,112,11,0,126,0,174,11,0,185,3,286,22,0,311,440,0,440,751
07/22/2021,GFK,ND,AGL,CE,Towers with Radar,2,147,33,0,182,0,524,40,0,564,2,671,73,0,746,1282,0,1282,2028
07/23/2021,GFK,ND,AGL,CE,Towers with Radar,5,101,10,0,116,0,299,28,0,327,5,400,38,0,443,881,0,881,1324
07/24/2021,GFK,ND,AGL,CE,Towers with Radar,5,84,10,0,99,0,190,30,0,220,5,274,40,0,319,645,0,645,964
07/25/2021,GFK,ND,AGL,CE,Towers with Radar,6,2,6,0,14,0,1,21,0,22,6,3,27,0,36,10,0,10,46
07/26/2021,GFK,ND,AGL,CE,Towers with Radar,2,140,15,0,157,0,406,31,0,437,2,546,46,0,594,1009,0,1009,1603
07/27/2021,GFK,ND,AGL,CE,Towers with Radar,2,132,32,0,166,0,414,26,0,440,2,546,58,0,606,915,0,915,1521
07/28/2021,GFK,ND,AGL,CE,Towers with Radar,4,153,23,0,180,0,177,7,0,184,4,330,30,0,364,899,0,899,1263
07/29/2021,GFK,ND,AGL,CE,Towers with Radar,6,121,20,0,147,0,177,13,0,190,6,298,33,0,337,831,0,831,1168
07/30/2021,GFK,ND,AGL,CE,Towers with Radar,2,104,14,1,121,0,77,5,0,82,2,181,19,1,203,276,0,276,479
07/31/2021,GFK,ND,AGL,CE,Towers with Radar,4,77,12,0,93,0,81,13,0,94,4,158,25,0,187,302,0,302,489
08/01/2021,GFK,ND,AGL,CE,Towers with Radar,8,1,9,0,18,0,2,22,1,25,8,3,31,1,43,10,0,10,53
08/02/2021,GFK,ND,AGL,CE,Towers with Radar,3,109,17,0,129,0,243,11,2,256,3,352,28,2,385,580,0,580,965
08/03/2021,GFK,ND,AGL,CE,Towers with Radar,1,127,24,1,153,0,244,9,0,253,1,371,33,1,406,826,0,826,1232
08/04/2021,GFK,ND,AGL,CE,Towers with Radar,2,118,28,0,148,0,335,24,0,359,2,453,52,0,507,852,0,852,1359
08/05/2021,GFK,ND,AGL,CE,Towers with Radar,4,134,34,3,175,0,4,3,2,9,4,138,37,5,184,14,0,14,198
08/06/2021,GFK,ND,AGL,CE,Towers with Radar,3,83,17,0,103,0,141,24,0,165,3,224,41,0,268,678,0,678,946
08/07/2021,GFK,ND,AGL,CE,Towers with Radar,2,71,19,0,92,0,181,17,0,198,2,252,36,0,290,466,0,466,756
08/08/2021,GFK,ND,AGL,CE,Towers with Radar,5,6,14,0,25,0,0,18,0,18,5,6,32,0,43,8,0,8,51
08/09/2021,GFK,ND,AGL,CE,Towers with Radar,2,105,11,0,118,0,205,23,0,228,2,310,34,0,346,793,0,793,1139
08/10/2021,GFK,ND,AGL,CE,Towers with Radar,2,125,21,0,148,0,325,30,0,355,2,450,51,0,503,763,0,763,1266
08/11/2021,GFK,ND,AGL,CE,Towers with Radar,2,94,21,0,117,0,215,23,0,238,2,309,44,0,355,594,0,594,949
08/12/2021,GFK,ND,AGL,CE,Towers with Radar,4,73,10,0,87,0,143,19,0,162,4,216,29,0,249,451,0,451,700
08/13/2021,GFK,ND,AGL,CE,Towers with Radar,3,151,13,0,167,0,368,23,0,391,3,519,36,0,558,895,0,895,1453
08/14/2021,GFK,ND,AGL,CE,Towers with Radar,3,81,8,0,92,0,223,18,0,241,3,304,26,0,333,702,0,702,1035
08/15/2021,GFK,ND,AGL,CE,Towers with Radar,5,5,10,0,20,0,0,10,0,10,5,5,20,0,30,8,0,8,38
08/16/2021,GFK,ND,AGL,CE,Towers with Radar,4,65,2,0,71,0,158,17,2,177,4,223,19,2,248,683,0,683,931
08/17/2021,GFK,ND,AGL,CE,Towers with Radar,2,104,11,0,117,0,356,27,0,383,2,460,38,0,500,1013,0,1013,1513
08/18/2021,GFK,ND,AGL,CE,Towers with Radar,2,94,18,0,114,0,196,23,0,219,2,290,41,0,333,769,0,769,1102
08/19/2021,GFK,ND,AGL,CE,Towers with Radar,4,65,8,0,77,0,120,15,0,135,4,185,23,0,212,554,0,554,766
08/20/2021,GFK,ND,AGL,CE,Towers with Radar,2,4,4,0,10,0,0,2,0,2,2,4,6,0,12,10,0,10,22
08/21/2021,GFK,ND,AGL,CE,Towers with Radar,2,59,14,0,75,0,92,18,0,110,2,151,32,0,185,508,0,508,693
08/22/2021,GFK,ND,AGL,CE,Towers with Radar,4,11,1,0,16,0,8,6,0,14,4,19,7,0,30,21,0,21,51
08/23/2021,GFK,ND,AGL,CE,Towers with Radar,2,109,16,0,127,0,279,46,0,325,2,388,62,0,452,1091,0,1091,1543
08/24/2021,GFK,ND,AGL,CE,Towers with Radar,2,76,23,0,101,0,217,29,0,246,2,293,52,0,347,795,0,795,1142
08/25/2021,GFK,ND,AGL,CE,Towers with Radar,3,105,29,0,137,0,329,42,0,371,3,434,71,0,508,1068,0,1068,1576
08/26/2021,GFK,ND,AGL,CE,Towers with Radar,5,120,17,0,142,0,310,16,0,326,5,430,33,0,468,748,0,748,1216
08/27/2021,GFK,ND,AGL,CE,Towers with Radar,1,73,7,1,82,0,0,0,0,0,1,73,7,1,82,12,0,12,94
08/28/2021,GFK,ND,AGL,CE,Towers with Radar,2,54,11,1,68,0,42,7,0,49,2,96,18,1,117,432,0,432,549
08/29/2021,GFK,ND,AGL,CE,Towers with Radar,4,62,13,0,79,0,170,24,0,194,4,232,37,0,273,283,0,283,556
08/30/2021,GFK,ND,AGL,CE,Towers with Radar,2,160,19,0,181,0,622,39,0,661,2,782,58,0,842,985,0,985,1827
08/31/2021,GFK,ND,AGL,CE,Towers with Radar,2,157,20,0,179,0,571,43,0,614,2,728,63,0,793,882,0,882,1675
09/01/2021,GFK,ND,AGL,CE,Towers with Radar,2,135,10,0,147,0,495,29,0,524,2,630,39,0,671,710,0,710,1381
09/02/2021,GFK,ND,AGL,CE,Towers with Radar,6,133,16,0,155,0,0,0,0,0,6,133,16,0,155,14,0,14,169
09/03/2021,GFK,ND,AGL,CE,Towers with Radar,4,169,11,0,184,0,267,27,0,294,4,436,38,0,478,686,0,686,1164
09/04/2021,GFK,ND,AGL,CE,Towers with Radar,5,99,10,0,114,0,422,44,0,466,5,521,54,0,580,772,0,772,1352
09/05/2021,GFK,ND,AGL,CE,Towers with Radar,6,47,10,0,63,0,152,23,0,175,6,199,33,0,238,404,0,404,642
09/06/2021,GFK,ND,AGL,CE,Towers with Radar,2,141,4,0,147,0,423,26,0,449,2,564,30,0,596,757,0,757,1353
09/07/2021,GFK,ND,AGL,CE,Towers with Radar,2,121,8,0,131,0,396,21,0,417,2,517,29,0,548,745,0,745,1293
09/08/2021,GFK,ND,AGL,CE,Towers with Radar,4,178,24,0,206,0,536,42,0,578,4,714,66,0,784,1097,0,1097,1881
09/09/2021,GFK,ND,AGL,CE,Towers with Radar,6,140,11,0,157,0,562,66,0,628,6,702,77,0,785,632,0,632,1417
09/10/2021,GFK,ND,AGL,CE,Towers with Radar,3,169,14,0,186,0,512,49,0,561,3,681,63,0,747,973,0,973,1720
09/11/2021,GFK,ND,AGL,CE,Towers with Radar,4,136,14,1,155,0,394,39,0,433,4,530,53,1,588,977,0,977,1565
09/12/2021,GFK,ND,AGL,CE,Towers with Radar,6,27,7,0,40,0,123,26,0,149,6,150,33,0,189,303,0,303,492
09/13/2021,GFK,ND,AGL,CE,Towers with Radar,2,133,11,0,146,0,234,9,0,243,2,367,20,0,389,825,0,825,1214
09/14/2021,GFK,ND,AGL,CE,Towers with Radar,2,184,17,0,203,0,485,62,0,547,2,669,79,0,750,1002,0,1002,1752
09/15/2021,GFK,ND,AGL,CE,Towers with Radar,2,137,11,0,150,0,353,31,0,384,2,490,42,0,534,615,0,615,1149
09/16/2021,GFK,ND,AGL,CE,Towers with Radar,4,215,21,0,240,0,419,44,0,463,4,634,65,0,703,1035,0,1035,1738
09/17/2021,GFK,ND,AGL,CE,Towers with Radar,3,177,13,0,193,0,381,38,0,419,3,558,51,0,612,711,0,711,1323
09/18/2021,GFK,ND,AGL,CE,Towers with Radar,0,89,5,0,94,0,190,12,0,202,0,279,17,0,296,316,0,316,612
09/19/2021,GFK,ND,AGL,CE,Towers with Radar,4,48,8,0,60,0,81,10,0,91,4,129,18,0,151,262,0,262,413
09/20/2021,GFK,ND,AGL,CE,Towers with Radar,2,192,16,0,210,0,151,26,0,177,2,343,42,0,387,682,0,682,1069
09/21/2021,GFK,ND,AGL,CE,Towers with Radar,2,172,10,0,184,0,476,48,0,524,2,648,58,0,708,964,0,964,1672
09/22/2021,GFK,ND,AGL,CE,Towers with Radar,2,189,16,0,207,0,460,33,0,493,2,649,49,0,700,888,0,888,1588
09/23/2021,GFK,ND,AGL,CE,Towers with Radar,4,170,14,0,188,0,442,31,0,473,4,612,45,0,661,859,0,859,1520
09/24/2021,GFK,ND,AGL,CE,Towers with Radar,3,185,8,0,196,0,359,22,0,381,3,544,30,0,577,669,0,669,1246
09/25/2021,GFK,ND,AGL,CE,Towers with Radar,2,143,9,0,154,0,388,29,0,417,2,531,38,0,571,970,0,970,1541
09/26/2021,GFK,ND,AGL,CE,Towers with Radar,4,40,10,0,54,0,141,30,0,171,4,181,40,0,225,336,0,336,561
09/27/2021,GFK,ND,AGL,CE,Towers with Radar,2,203,8,0,213,0,446,22,0,468,2,649,30,0,681,920,0,920,1601
09/28/2021,GFK,ND,AGL,CE,Towers with Radar,2,176,13,0,191,0,416,20,0,436,2,592,33,0,627,869,0,869,1496
09/29/2021,GFK,ND,AGL,CE,Towers with Radar,3,180,16,0,199,0,461,34,2,497,3,641,50,2,696,1016,0,1016,1712
09/30/2021,GFK,ND,AGL,CE,Towers with Radar,4,193,31,0,228,0,440,37,0,477,4,633,68,0,705,849,0,849,1554
10/01/2021,GFK,ND,AGL,CE,Towers with Radar,3,140,20,0,163,0,373,33,0,406,3,513,53,0,569,878,0,878,1447
10/02/2021,GFK,ND,AGL,CE,Towers with Radar,3,113,19,0,135,0,316,14,0,330,3,429,33,0,465,912,0,912,1377
10/03/2021,GFK,ND,AGL,CE,Towers with Radar,5,46,3,0,54,0,94,25,0,119,5,140,28,0,173,288,0,288,461
10/04/2021,GFK,ND,AGL,CE,Towers with Radar,3,169,18,0,190,0,441,25,0,466,3,610,43,0,656,1048,0,1048,1704
10/05/2021,GFK,ND,AGL,CE,Towers with Radar,3,143,10,0,156,0,416,26,0,442,3,559,36,0,598,990,0,990,1588
10/06/2021,GFK,ND,AGL,CE,Towers with Radar,5,183,14,0,202,0,327,25,0,352,5,510,39,0,554,825,0,825,1379
10/07/2021,GFK,ND,AGL,CE,Towers with Radar,4,158,14,0,176,0,372,13,0,385,4,530,27,0,561,1046,0,1046,1607
10/08/2021,GFK,ND,AGL,CE,Towers with Radar,2,77,20,0,99,0,28,7,0,35,2,105,27,0,134,370,0,370,504
10/09/2021,GFK,ND,AGL,CE,Towers with Radar,4,28,6,0,38,0,0,0,0,0,4,28,6,0,38,0,0,0,38
10/10/2021,GFK,ND,AGL,CE,Towers with Radar,4,51,10,0,65,0,0,0,0,0,4,51,10,0,65,0,0,0,65
10/11/2021,GFK,ND,AGL,CE,Towers with Radar,3,200,7,0,210,0,505,49,0,554,3,705,56,0,764,1092,0,1092,1856
10/12/2021,GFK,ND,AGL,CE,Towers with Radar,4,158,19,0,181,0,502,58,0,560,4,660,77,0,741,995,0,995,1736
10/13/2021,GFK,ND,AGL,CE,Towers with Radar,5,63,6,0,74,0,9,2,0,11,5,72,8,0,85,125,0,125,210
10/14/2021,GFK,ND,AGL,CE,Towers with Radar,6,98,11,0,115,0,2,6,0,8,6,100,17,0,123,404,0,404,527
10/15/2021,GFK,ND,AGL,CE,Towers with Radar,4,84,14,0,102,0,120,25,0,145,4,204,39,0,247,1166,0,1166,1413
10/16/2021,GFK,ND,AGL,CE,Towers with Radar,7,116,7,0,130,0,440,50,0,490,7,556,57,0,620,840,0,840,1460
10/17/2021,GFK,ND,AGL,CE,Towers with Radar,5,52,13,0,70,0,141,38,0,179,5,193,51,0,249,198,0,198,447
10/18/2021,GFK,ND,AGL,CE,Towers with Radar,5,173,10,2,190,0,472,42,0,514,5,645,52,2,704,826,0,826,1530
10/19/2021,GFK,ND,AGL,CE,Towers with Radar,3,10,19,0,32,0,0,4,0,4,3,10,23,0,36,14,0,14,50
10/20/2021,GFK,ND,AGL,CE,Towers with Radar,7,5,9,0,21,0,0,12,0,12,7,5,21,0,33,27,0,27,60
10/21/2021,GFK,ND,AGL,CE,Towers with Radar,4,115,21,2,142,0,336,60,0,396,4,451,81,2,538,951,0,951,1489
10/22/2021,GFK,ND,AGL,CE,Towers with Radar,3,119,15,0,137,0,352,36,0,388,3,471,51,0,525,797,0,797,1322
10/23/2021,GFK,ND,AGL,CE,Towers with Radar,9,54,6,0,69,0,169,29,0,198,9,223,35,0,267,693,0,693,960
10/24/2021,GFK,ND,AGL,CE,Towers with Radar,7,29,9,0,45,0,92,21,0,113,7,121,30,0,158,304,0,304,462
10/25/2021,GFK,ND,AGL,CE,Towers with Radar,4,200,5,2,211,0,405,27,0,432,4,605,32,2,643,940,0,940,1583
10/26/2021,GFK,ND,AGL,CE,Towers with Radar,4,25,8,0,37,0,13,2,0,15,4,38,10,0,52,63,0,63,115
10/27/2021,GFK,ND,AGL,CE,Towers with Radar,13,51,18,0,82,0,0,0,0,0,13,51,18,0,82,0,0,0,82
10/28/2021,GFK,ND,AGL,CE,Towers with Radar,18,189,18,0,225,0,330,32,0,362,18,519,50,0,587,1113,0,1113,1700
10/29/2021,GFK,ND,AGL,CE,Towers with Radar,7,173,13,0,193,0,474,45,0,519,7,647,58,0,712,980,0,980,1692
10/30/2021,GFK,ND,AGL,CE,Towers with Radar,7,32,3,0,42,0,38,12,0,50,7,70,15,0,92,292,0,292,384
10/31/2021,GFK,ND,AGL,CE,Towers with Radar,22,35,7,0,64,0,110,8,0,118,22,145,15,0,182,248,0,248,430
11/01/2021,GFK,ND,AGL,CE,Towers with Radar,6,65,22,0,93,0,331,31,0,362,6,396,53,0,455,961,0,961,1416
11/02/2021,GFK,ND,AGL,CE,Towers with Radar,3,184,35,0,222,0,461,47,0,508,3,645,82,0,730,1009,0,1009,1739
11/03/2021,GFK,ND,AGL,CE,Towers with Radar,5,192,18,0,215,0,475,39,0,514,5,667,57,0,729,1038,0,1038,1767
11/04/2021,GFK,ND,AGL,CE,Towers with Radar,2,184,15,0,201,0,445,45,0,490,2,629,60,0,691,785,0,785,1476
11/05/2021,GFK,ND,AGL,CE,Towers with Radar,1,128,21,0,150,0,37,3,0,40,1,165,24,0,190,338,0,338,528
11/06/2021,GFK,ND,AGL,CE,Towers with Radar,6,117,17,0,140,0,389,31,0,420,6,506,48,0,560,742,0,742,1302
11/07/2021,GFK,ND,AGL,CE,Towers with Radar,4,52,13,0,69,0,129,20,0,149,4,181,33,0,218,322,0,322,540
11/08/2021,GFK,ND,AGL,CE,Towers with Radar,2,177,10,0,189,0,391,38,0,429,2,568,48,0,618,882,0,882,1500
11/09/2021,GFK,ND,AGL,CE,Towers with Radar,2,197,6,0,205,0,430,43,0,473,2,627,49,0,678,1000,0,1000,1678
11/10/2021,GFK,ND,AGL,CE,Towers with Radar,4,11,9,0,24,0,1,0,0,1,4,12,9,0,25,123,0,123,148
11/11/2021,GFK,ND,AGL,CE,Towers with Radar,5,7,7,0,19,0,0,0,0,0,5,7,7,0,19,0,0,0,19
11/12/2021,GFK,ND,AGL,CE,Towers with Radar,4,6,8,0,18,0,0,0,0,0,4,6,8,0,18,0,0,0,18
11/13/2021,GFK,ND,AGL,CE,Towers with Radar,6,2,4,0,12,0,0,0,0,0,6,2,4,0,12,0,0,0,12
11/14/2021,GFK,ND,AGL,CE,Towers with Radar,2,6,14,0,22,0,0,0,0,0,2,6,14,0,22,0,0,0,22
11/15/2021,GFK,ND,AGL,CE,Towers with Radar,6,6,9,0,21,0,1,4,0,5,6,7,13,0,26,45,0,45,71
11/16/2021,GFK,ND,AGL,CE,Towers with Radar,2,52,10,0,64,0,38,2,0,40,2,90,12,0,104,707,0,707,811
11/17/2021,GFK,ND,AGL,CE,Towers with Radar,2,3,14,0,19,0,0,0,0,0,2,3,14,0,19,0,0,0,19
11/18/2021,GFK,ND,AGL,CE,Towers with Radar,4,16,11,0,31,0,161,23,0,184,4,177,34,0,215,995,0,995,1210
11/19/2021,GFK,ND,AGL,CE,Towers with Radar,2,214,25,0,241,0,509,39,0,548,2,723,64,0,789,714,0,714,1503
11/20/2021,GFK,ND,AGL,CE,Towers with Radar,5,200,16,0,221,0,398,50,0,448,5,598,66,0,669,681,0,681,1350
11/21/2021,GFK,ND,AGL,CE,Towers with Radar,3,35,7,0,45,0,74,16,0,90,3,109,23,0,135,309,0,309,444
11/22/2021,GFK,ND,AGL,CE,Towers with Radar,3,179,7,2,191,0,417,53,0,470,3,596,60,2,661,1019,0,1019,1680
11/23/2021,GFK,ND,AGL,CE,Towers with Radar,6,163,13,0,182,0,344,27,0,371,6,507,40,0,553,886,0,886,1439
11/24/2021,GFK,ND,AGL,CE,Towers with Radar,3,9,11,0,23,0,0,0,0,0,3,9,11,0,23,0,0,0,23
11/25/2021,GFK,ND,AGL,CE,Towers with Radar,1,3,3,0,7,0,0,12,0,12,1,3,15,0,19,43,0,43,62
11/26/2021,GFK,ND,AGL,CE,Towers with Radar,3,68,8,0,79,0,109,22,0,131,3,177,30,0,210,404,0,404,614
11/27/2021,GFK,ND,AGL,CE,Towers with Radar,6,51,18,0,75,0,105,11,0,116,6,156,29,0,191,315,0,315,506
11/28/2021,GFK,ND,AGL,CE,Towers with Radar,3,50,17,0,70,0,108,24,0,132,3,158,41,0,202,383,0,383,585
11/29/2021,GFK,ND,AGL,CE,Towers with Radar,3,154,15,0,172,0,293,33,0,326,3,447,48,0,498,762,0,762,1260
11/30/2021,GFK,ND,AGL,CE,Towers with Radar,2,123,6,0,131,0,341,32,0,373,2,464,38,0,504,835,0,835,1339
12/01/2021,GFK,ND,AGL,CE,Towers with Radar,2,135,5,0,142,0,135,11,0,146,2,270,16,0,288,511,0,511,799
12/02/2021,GFK,ND,AGL,CE,Towers with Radar,2,16,14,0,32,0,152,19,0,171,2,168,33,0,203,1079,0,1079,1282
12/03/2021,GFK,ND,AGL,CE,Towers with Radar,2,140,15,0,157,0,237,23,0,260,2,377,38,0,417,511,0,511,928
12/04/2021,GFK,ND,AGL,CE,Towers with Radar,2,88,11,0,101,0,343,21,0,364,2,431,32,0,465,520,0,520,985
12/05/2021,GFK,ND,AGL,CE,Towers with Radar,2,2,1,0,5,0,0,0,0,0,2,2,1,0,5,0,0,0,5
12/06/2021,GFK,ND,AGL,CE,Towers with Radar,3,64,19,0,86,0,43,8,0,51,3,107,27,0,137,163,0,163,300
12/07/2021,GFK,ND,AGL,CE,Towers with Radar,2,87,9,0,98,0,281,30,0,311,2,368,39,0,409,861,0,861,1270
12/08/2021,GFK,ND,AGL,CE,Towers with Radar,3,25,18,0,46,0,52,10,0,62,3,77,28,0,108,437,0,437,545
12/09/2021,GFK,ND,AGL,CE,Towers with Radar,3,142,19,2,166,0,244,21,0,265,3,386,40,2,431,745,0,745,1176
12/10/2021,GFK,ND,AGL,CE,Towers with Radar,3,136,12,0,151,0,414,27,0,441,3,550,39,0,592,783,0,783,1375
12/11/2021,GFK,ND,AGL,CE,Towers with Radar,3,122,10,0,135,0,298,29,0,327,3,420,39,0,462,635,0,635,1097
12/12/2021,GFK,ND,AGL,CE,Towers with Radar,2,53,6,0,61,0,160,23,0,183,2,213,29,0,244,412,0,412,656
12/13/2021,GFK,ND,AGL,CE,Towers with Radar,2,141,13,2,158,0,292,17,0,309,2,433,30,2,467,699,0,699,1166
12/14/2021,GFK,ND,AGL,CE,Towers with Radar,2,104,9,0,115,0,235,11,0,246,2,339,20,0,361,579,0,579,940
12/15/2021,GFK,ND,AGL,CE,Towers with Radar,2,2,4,0,8,0,0,0,0,0,2,2,4,0,8,0,0,0,8
12/16/2021,GFK,ND,AGL,CE,Towers with Radar,2,11,12,0,25,0,20,3,0,23,2,31,15,0,48,86,0,86,134
12/17/2021,GFK,ND,AGL,CE,Towers with Radar,2,8,18,0,28,0,16,8,0,24,2,24,26,0,52,665,0,665,717
12/18/2021,GFK,ND,AGL,CE,Towers with Radar,0,101,16,0,117,0,171,9,0,180,0,272,25,0,297,576,0,576,873
12/19/2021,GFK,ND,AGL,CE,Towers with Radar,1,4,3,0,8,0,0,3,0,3,1,4,6,0,11,0,0,0,11
12/20/2021,GFK,ND,AGL,CE,Towers with Radar,0,97,11,0,108,0,208,10,2,220,0,305,21,2,328,511,0,511,839
12/21/2021,GFK,ND,AGL,CE,Towers with Radar,0,37,10,0,47,0,46,9,0,55,0,83,19,0,102,252,0,252,354
12/22/2021,GFK,ND,AGL,CE,Towers with Radar,0,40,17,2,59,0,74,20,0,94,0,114,37,2,153,315,4,319,472
12/23/2021,GFK,ND,AGL,CE,Towers with Radar,1,8,5,0,14,0,0,0,0,0,1,8,5,0,14,0,0,0,14
12/24/2021,GFK,ND,AGL,CE,Towers with Radar,3,3,0,0,6,0,0,0,0,0,3,3,0,0,6,0,0,0,6
12/25/2021,GFK,ND,AGL,CE,Towers with Radar,3,4,2,0,9,0,0,2,0,2,3,4,4,0,11,0,0,0,11
12/26/2021,GFK,ND,AGL,CE,Towers with Radar,0,7,4,0,11,0,0,0,0,0,0,7,4,0,11,0,0,0,11
12/27/2021,GFK,ND,AGL,CE,Towers with Radar,0,3,3,0,6,0,0,0,0,0,0,3,3,0,6,0,0,0,6
12/28/2021,GFK,ND,AGL,CE,Towers with Radar,1,6,12,0,19,0,0,0,0,0,1,6,12,0,19,0,0,0,19
12/29/2021,GFK,ND,AGL,CE,Towers with Radar,1,6,6,0,13,0,0,0,0,0,1,6,6,0,13,2,0,2,15
12/30/2021,GFK,ND,AGL,CE,Towers with Radar,1,6,12,0,19,0,0,3,0,3,1,6,15,0,22,6,0,6,28
12/31/2021,GFK,ND,AGL,CE,Towers with Radar,2,5,3,0,10,0,0,6,0,6,2,5,9,0,16,0,0,0,16
01/01/2022,GFK,ND,AGL,CE,Towers with Radar,2,5,3,0,10,0,0,0,0,0,2,5,3,0,10,0,0,0,10
01/02/2022,GFK,ND,AGL,CE,Towers with Radar,0,9,4,0,13,0,0,2,0,2,0,9,6,0,15,6,0,6,21
01/03/2022,GFK,ND,AGL,CE,Towers with Radar,0,4,6,0,10,0,6,4,0,10,0,10,10,0,20,187,0,187,207
01/04/2022,GFK,ND,AGL,CE,Towers with Radar,0,7,9,0,16,0,0,0,0,0,0,7,9,0,16,0,0,0,16
01/05/2022,GFK,ND,AGL,CE,Towers with Radar,2,0,7,0,9,0,0,0,0,0,2,0,7,0,9,0,0,0,9
01/06/2022,GFK,ND,AGL,CE,Towers with Radar,0,14,7,4,25,0,46,7,0,53,0,60,14,4,78,352,0,352,430
01/07/2022,GFK,ND,AGL,CE,Towers with Radar,2,13,3,0,18,0,10,0,0,10,2,23,3,0,28,10,0,10,38
01/08/2022,GFK,ND,AGL,CE,Towers with Radar,2,11,5,0,18,0,7,0,0,7,2,18,5,0,25,106,0,106,131
01/09/2022,GFK,ND,AGL,CE,Towers with Radar,2,61,1,0,64,0,126,11,0,137,2,187,12,0,201,167,0,167,368
01/10/2022,GFK,ND,AGL,CE,Towers with Radar,2,123,9,0,134,0,309,40,0,349,2,432,49,0,483,583,0,583,1066
01/11/2022,GFK,ND,AGL,CE,Towers with Radar,0,112,15,0,127,0,303,25,0,328,0,415,40,0,455,678,0,678,1133
01/12/2022,GFK,ND,AGL,CE,Towers with Radar,2,7,21,0,30,0,9,13,0,22,2,16,34,0,52,657,0,657,709
01/13/2022,GFK,ND,AGL,CE,Towers with Radar,2,25,5,0,32,0,21,4,0,25,2,46,9,0,57,313,0,313,370
01/14/2022,GFK,ND,AGL,CE,Towers with Radar,2,62,11,0,75,0,182,9,0,191,2,244,20,0,266,379,0,379,645
01/15/2022,GFK,ND,AGL,CE,Towers with Radar,2,21,7,0,30,0,131,2,0,133,2,152,9,0,163,181,0,181,344
01/16/2022,GFK,ND,AGL,CE,Towers with Radar,4,8,6,0,18,0,0,0,0,0,4,8,6,0,18,0,0,0,18
01/17/2022,GFK,ND,AGL,CE,Towers with Radar,2,11,7,0,20,0,40,5,0,45,2,51,12,0,65,292,0,292,357
01/18/2022,GFK,ND,AGL,CE,Towers with Radar,0,6,0,0,6,0,0,0,0,0,0,6,0,0,6,10,0,10,16
01/19/2022,GFK,ND,AGL,CE,Towers with Radar,2,174,20,0,196,0,469,27,0,496,2,643,47,0,692,576,0,576,1268
01/20/2022,GFK,ND,AGL,CE,Towers with Radar,4,187,11,0,202,0,535,28,0,563,4,722,39,0,765,622,0,622,1387
01/21/2022,GFK,ND,AGL,CE,Towers with Radar,1,6,2,0,9,0,0,0,0,0,1,6,2,0,9,0,0,0,9
01/22/2022,GFK,ND,AGL,CE,Towers with Radar,2,48,2,0,52,0,117,13,0,130,2,165,15,0,182,280,0,280,462
01/23/2022,GFK,ND,AGL,CE,Towers with Radar,2,7,8,0,17,0,0,1,0,1,2,7,9,0,18,0,0,0,18
01/24/2022,GFK,ND,AGL,CE,Towers with Radar,1,178,19,0,198,0,383,32,0,415,1,561,51,0,613,802,0,802,1415
01/25/2022,GFK,ND,AGL,CE,Towers with Radar,0,227,5,0,232,0,539,34,0,573,0,766,39,0,805,660,0,660,1465
01/26/2022,GFK,ND,AGL,CE,Towers with Radar,2,43,13,0,58,0,145,6,0,151,2,188,19,0,209,178,0,178,387
01/27/2022,GFK,ND,AGL,CE,Towers with Radar,2,182,15,0,199,0,234,5,0,239,2,416,20,0,438,344,0,344,782
01/28/2022,GFK,ND,AGL,CE,Towers with Radar,3,41,15,0,59,0,155,6,0,161,3,196,21,0,220,1200,0,1200,1420
01/29/2022,GFK,ND,AGL,CE,Towers with Radar,2,79,11,0,92,0,204,14,0,218,2,283,25,0,310,223,0,223,533
01/30/2022,GFK,ND,AGL,CE,Towers with Radar,3,24,11,0,38,0,48,9,0,57,3,72,20,0,95,180,0,180,275
01/31/2022,GFK,ND,AGL,CE,Towers with Radar,3,105,18,0,126,0,513,26,0,539,3,618,44,0,665,610,0,610,1275
02/01/2022,GFK,ND,AGL,CE,Towers with Radar,0,8,1,0,9,0,0,0,0,0,0,8,1,0,9,0,0,0,9
02/02/2022,GFK,ND,AGL,CE,Towers with Radar,2,199,21,0,222,0,584,28,0,612,2,783,49,0,834,538,0,538,1372
02/03/2022,GFK,ND,AGL,CE,Towers with Radar,4,98,17,0,119,0,285,4,0,289,4,383,21,0,408,547,0,547,955
02/04/2022,GFK,ND,AGL,CE,Towers with Radar,2,176,13,1,192,0,167,11,1,179,2,343,24,2,371,363,2,365,736
02/05/2022,GFK,ND,AGL,CE,Towers with Radar,2,10,6,0,18,0,0,1,0,1,2,10,7,0,19,4,0,4,23
02/06/2022,GFK,ND,AGL,CE,Towers with Radar,2,78,12,0,92,0,225,16,1,242,2,303,28,1,334,445,0,445,779
02/07/2022,GFK,ND,AGL,CE,Towers with Radar,2,147,21,0,170,0,661,33,0,694,2,808,54,0,864,846,0,846,1710
02/08/2022,GFK,ND,AGL,CE,Towers with Radar,0,46,7,0,53,0,107,2,2,111,0,153,9,2,164,136,0,136,300
02/09/2022,GFK,ND,AGL,CE,Towers with Radar,2,10,5,0,17,0,0,0,0,0,2,10,5,0,17,0,0,0,17
02/10/2022,GFK,ND,AGL,CE,Towers with Radar,3,10,8,0,21,0,0,0,0,0,3,10,8,0,21,56,0,56,77
02/11/2022,GFK,ND,AGL,CE,Towers with Radar,2,8,1,0,11,0,0,0,0,0,2,8,1,0,11,0,0,0,11
02/12/2022,GFK,ND,AGL,CE,Towers with Radar,2,73,2,0,77,0,279,14,0,293,2,352,16,0,370,376,0,376,746
02/13/2022,GFK,ND,AGL,CE,Towers with Radar,0,9,4,0,13,0,5,0,0,5,0,14,4,0,18,127,0,127,145
02/14/2022,GFK,ND,AGL,CE,Towers with Radar,2,188,13,0,203,0,413,37,0,450,2,601,50,0,653,813,0,813,1466
02/15/2022,GFK,ND,AGL,CE,Towers with Radar,0,71,11,0,82,0,202,5,0,207,0,273,16,0,289,903,0,903,1192
02/16/2022,GFK,ND,AGL,CE,Towers with Radar,2,47,9,0,58,0,102,6,0,108,2,149,15,0,166,237,0,237,403
02/17/2022,GFK,ND,AGL,CE,Towers with Radar,4,175,7,0,186,0,512,35,0,547,4,687,42,0,733,598,0,598,1331
02/18/2022,GFK,ND,AGL,CE,Towers with Radar,0,2,1,0,3,0,0,0,0,0,0,2,1,0,3,0,0,0,3
02/19/2022,GFK,ND,AGL,CE,Towers with Radar,4,30,9,0,43,0,40,3,0,43,4,70,12,0,86,128,0,128,214
02/20/2022,GFK,ND,AGL,CE,Towers with Radar,4,2,1,0,7,0,0,0,0,0,4,2,1,0,7,0,0,0,7
02/21/2022,GFK,ND,AGL,CE,Towers with Radar,2,5,7,0,14,0,0,0,0,0,2,5,7,0,14,0,0,0,14
02/22/2022,GFK,ND,AGL,CE,Towers with Radar,2,56,9,0,67,0,33,5,0,38,2,89,14,0,105,211,0,211,316
02/23/2022,GFK,ND,AGL,CE,Towers with Radar,4,242,17,0,263,0,583,26,0,609,4,825,43,0,872,750,0,750,1622
02/24/2022,GFK,ND,AGL,CE,Towers with Radar,6,242,35,2,285,0,592,30,0,622,6,834,65,2,907,678,0,678,1585
02/25/2022,GFK,ND,AGL,CE,Towers with Radar,2,255,28,0,285,0,544,35,0,579,2,799,63,0,864,663,0,663,1527
02/26/2022,GFK,ND,AGL,CE,Towers with Radar,4,209,14,0,227,0,389,26,0,415,4,598,40,0,642,533,0,533,1175
02/27/2022,GFK,ND,AGL,CE,Towers with Radar,4,57,8,0,69,0,205,32,0,237,4,262,40,0,306,420,0,420,726
02/28/2022,GFK,ND,AGL,CE,Towers with Radar,0,50,10,2,62,0,138,21,0,159,0,188,31,2,221,856,0,856,1077
03/01/2022,GFK,ND,AGL,CE,Towers with Radar,2,126,13,0,141,0,384,32,2,418,2,510,45,2,559,1033,0,1033,1592
03/02/2022,GFK,ND,AGL,CE,Towers with Radar,2,171,8,0,181,0,407,26,0,433,2,578,34,0,614,920,0,920,1534
03/03/2022,GFK,ND,AGL,CE,Towers with Radar,6,178,7,0,191,0,413,29,0,442,6,591,36,0,633,557,0,557,1190
03/04/2022,GFK,ND,AGL,CE,Towers with Radar,0,149,10,0,159,0,415,24,0,439,0,564,34,0,598,789,0,789,1387
03/05/2022,GFK,ND,AGL,CE,Towers with Radar,4,83,2,0,89,0,254,11,0,265,4,337,13,0,354,598,0,598,952
03/06/2022,GFK,ND,AGL,CE,Towers with Radar,5,7,12,0,24,0,1,2,0,3,5,8,14,0,27,109,0,109,136
03/07/2022,GFK,ND,AGL,CE,Towers with Radar,2,159,9,0,170,0,347,23,0,370,2,506,32,0,540,895,0,895,1435
03/08/2022,GFK,ND,AGL,CE,Towers with Radar,3,35,5,0,43,0,86,0,0,86,3,121,5,0,129,227,0,227,356
03/09/2022,GFK,ND,AGL,CE,Towers with Radar,7,81,23,2,113,0,296,12,0,308,7,377,35,2,421,792,0,792,1213
03/10/2022,GFK,ND,AGL,CE,Towers with Radar,6,93,11,0,110,0,319,15,0,334,6,412,26,0,444,422,0,422,866
03/11/2022,GFK,ND,AGL,CE,Towers with Radar,3,13,13,0,29,0,18,5,0,23,3,31,18,0,52,168,0,168,220
03/12/2022,GFK,ND,AGL,CE,Towers with Radar,8,73,6,0,87,0,162,5,0,167,8,235,11,0,254,370,0,370,624
03/13/2022,GFK,ND,AGL,CE,Towers with Radar,7,36,10,0,53,0,109,14,0,123,7,145,24,0,176,384,0,384,560
03/14/2022,GFK,ND,AGL,CE,Towers with Radar,2,151,12,0,165,0,430,24,0,454,2,581,36,0,619,1000,0,1000,1619
03/15/2022,GFK,ND,AGL,CE,Towers with Radar,3,146,14,0,163,0,401,33,0,434,3,547,47,0,597,801,0,801,1398
03/16/2022,GFK,ND,AGL,CE,Towers with Radar,6,110,11,0,127,0,294,17,0,311,6,404,28,0,438,510,0,510,948
03/17/2022,GFK,ND,AGL,CE,Towers with Radar,7,56,21,0,84,0,179,19,0,198,7,235,40,0,282,772,0,772,1054
03/18/2022,GFK,ND,AGL,CE,Towers with Radar,2,44,8,0,54,0,141,27,0,168,2,185,35,0,222,643,0,643,865
03/19/2022,GFK,ND,AGL,CE,Towers with Radar,6,118,7,0,131,0,332,34,0,366,6,450,41,0,497,660,0,660,1157
03/20/2022,GFK,ND,AGL,CE,Towers with Radar,6,42,9,0,57,0,127,36,0,163,6,169,45,0,220,330,0,330,550
03/21/2022,GFK,ND,AGL,CE,Towers with Radar,3,73,6,0,82,0,393,35,0,428,3,466,41,0,510,822,0,822,1332
03/22/2022,GFK,ND,AGL,CE,Towers with Radar,3,116,9,0,128,0,353,28,0,381,3,469,37,0,509,870,0,870,1379
03/23/2022,GFK,ND,AGL,CE,Towers with Radar,4,7,17,0,28,0,0,0,0,0,4,7,17,0,28,71,0,71,99
03/24/2022,GFK,ND,AGL,CE,Towers with Radar,5,157,18,0,180,0,547,32,0,579,5,704,50,0,759,1003,0,1003,1762
03/25/2022,GFK,ND,AGL,CE,Towers with Radar,4,7,5,0,16,0,13,0,0,13,4,20,5,0,29,30,0,30,59
03/26/2022,GFK,ND,AGL,CE,Towers with Radar,7,174,7,0,188,0,432,21,0,453,7,606,28,0,641,713,0,713,1354
03/27/2022,GFK,ND,AGL,CE,Towers with Radar,6,76,13,0,95,0,281,39,0,320,6,357,52,0,415,608,0,608,1023
03/28/2022,GFK,ND,AGL,CE,Towers with Radar,4,216,11,5,236,0,539,30,12,581,4,755,41,17,817,968,0,968,1785
03/29/2022,GFK,ND,AGL,CE,Towers with Radar,3,59,8,0,70,0,179,15,0,194,3,238,23,0,264,537,0,537,801
03/30/2022,GFK,ND,AGL,CE,Towers with Radar,2,4,13,0,19,0,0,0,0,0,2,4,13,0,19,0,0,0,19
03/31/2022,GFK,ND,AGL,CE,Towers with Radar,6,6,9,0,21,0,38,20,0,58,6,44,29,0,79,1109,0,1109,1188
04/01/2022,GFK,ND,AGL,CE,Towers with Radar,2,211,17,0,230,0,569,38,0,607,2,780,55,0,837,1031,0,1031,1868
04/02/2022,GFK,ND,AGL,CE,Towers with Radar,2,67,6,0,75,0,216,36,0,252,2,283,42,0,327,1196,0,1196,1523
04/03/2022,GFK,ND,AGL,CE,Towers with Radar,5,14,8,0,27,0,90,15,0,105,5,104,23,0,132,731,0,731,863
04/04/2022,GFK,ND,AGL,CE,Towers with Radar,3,90,15,0,108,0,202,27,0,229,3,292,42,0,337,1299,0,1299,1636
04/05/2022,GFK,ND,AGL,CE,Towers with Radar,2,7,5,0,14,0,0,0,0,0,2,7,5,0,14,0,0,0,14
04/06/2022,GFK,ND,AGL,CE,Towers with Radar,3,7,12,0,22,0,0,0,0,0,3,7,12,0,22,0,0,0,22
04/07/2022,GFK,ND,AGL,CE,Towers with Radar,6,7,3,0,16,0,0,0,0,0,6,7,3,0,16,0,0,0,16
04/08/2022,GFK,ND,AGL,CE,Towers with Radar,3,244,26,2,275,0,665,45,0,710,3,909,71,2,985,758,0,758,1743
04/09/2022,GFK,ND,AGL,CE,Towers with Radar,2,212,8,0,222,0,600,42,0,642,2,812,50,0,864,918,0,918,1782
04/10/2022,GFK,ND,AGL,CE,Towers with Radar,6,22,7,0,35,0,121,11,0,132,6,143,18,0,167,632,0,632,799
04/11/2022,GFK,ND,AGL,CE,Towers with Radar,2,280,12,0,294,0,709,39,0,748,2,989,51,0,1042,786,0,786,1828
04/12/2022,GFK,ND,AGL,CE,Towers with Radar,1,8,2,0,11,0,7,9,0,16,1,15,11,0,27,204,0,204,231
04/13/2022,GFK,ND,AGL,CE,Towers with Radar,2,6,2,0,10,0,0,1,0,1,2,6,3,0,11,0,0,0,11
04/14/2022,GFK,ND,AGL,CE,Towers with Radar,6,6,11,0,23,0,0,0,0,0,6,6,11,0,23,0,0,0,23
04/15/2022,GFK,ND,AGL,CE,Towers with Radar,3,12,13,0,28,0,11,6,0,17,3,23,19,0,45,216,0,216,261
04/16/2022,GFK,ND,AGL,CE,Towers with Radar,0,119,11,0,130,0,355,43,0,398,0,474,54,0,528,675,0,675,1203
04/17/2022,GFK,ND,AGL,CE,Towers with Radar,5,4,2,0,11,0,2,0,0,2,5,6,2,0,13,0,0,0,13
04/18/2022,GFK,ND,AGL,CE,Towers with Radar,2,179,17,0,198,0,384,31,0,415,2,563,48,0,613,696,0,696,1309
04/19/2022,GFK,ND,AGL,CE,Towers with Radar,2,151,16,1,170,0,452,22,0,474,2,603,38,1,644,861,0,861,1505
04/20/2022,GFK,ND,AGL,CE,Towers with Radar,2,116,15,1,134,0,332,14,0,346,2,448,29,1,480,720,0,720,1200
04/21/2022,GFK,ND,AGL,CE,Towers with Radar,6,93,12,1,112,0,268,25,0,293,6,361,37,1,405,1323,0,1323,1728
04/22/2022,GFK,ND,AGL,CE,Towers with Radar,2,31,16,0,49,0,0,0,0,0,2,31,16,0,49,0,0,0,49
04/23/2022,GFK,ND,AGL,CE,Towers with Radar,1,10,2,1,14,0,0,0,0,0,1,10,2,1,14,0,0,0,14
04/24/2022,GFK,ND,AGL,CE,Towers with Radar,4,4,4,0,12,0,0,0,0,0,4,4,4,0,12,0,0,0,12
04/25/2022,GFK,ND,AGL,CE,Towers with Radar,3,10,19,0,32,0,0,2,0,2,3,10,21,0,34,0,0,0,34
04/26/2022,GFK,ND,AGL,CE,Towers with Radar,2,105,12,0,119,0,483,45,0,528,2,588,57,0,647,1191,0,1191,1838
04/27/2022,GFK,ND,AGL,CE,Towers with Radar,2,185,29,0,216,0,689,64,0,753,2,874,93,0,969,709,0,709,1678
04/28/2022,GFK,ND,AGL,CE,Towers with Radar,6,216,18,0,240,0,527,37,0,564,6,743,55,0,804,892,0,892,1696
04/29/2022,GFK,ND,AGL,CE,Towers with Radar,2,68,16,1,87,0,9,13,0,22,2,77,29,1,109,247,0,247,356
04/30/2022,GFK,ND,AGL,CE,Towers with Radar,2,131,3,0,136,0,0,0,0,0,2,131,3,0,136,0,0,0,136
05/01/2022,GFK,ND,AGL,CE,Towers with Radar,6,6,3,0,15,0,0,0,0,0,6,6,3,0,15,0,0,0,15
05/02/2022,GFK,ND,AGL,CE,Towers with Radar,2,11,4,0,17,0,8,8,0,16,2,19,12,0,33,988,0,988,1021
05/03/2022,GFK,ND,AGL,CE,Towers with Radar,2,176,25,0,203,0,607,60,2,669,2,783,85,2,872,942,0,942,1814
05/04/2022,GFK,ND,AGL,CE,Towers with Radar,3,205,18,1,227,0,559,47,2,608,3,764,65,3,835,750,0,750,1585
05/05/2022,GFK,ND,AGL,CE,Towers with Radar,4,215,16,2,237,0,546,35,0,581,4,761,51,2,818,984,0,984,1802
05/06/2022,GFK,ND,AGL,CE,Towers with Radar,2,167,20,1,190,0,469,37,2,508,2,636,57,3,698,650,0,650,1348
05/07/2022,GFK,ND,AGL,CE,Towers with Radar,2,44,7,1,54,0,56,6,0,62,2,100,13,1,116,298,0,298,414
05/08/2022,GFK,ND,AGL,CE,Towers with Radar,6,29,9,1,45,0,78,6,0,84,6,107,15,1,129,340,0,340,469
05/09/2022,GFK,ND,AGL,CE,Towers with Radar,3,56,14,0,73,0,3,0,0,3,3,59,14,0,76,20,0,20,96
05/10/2022,GFK,ND,AGL,CE,Towers with Radar,2,193,26,0,221,0,526,66,0,592,2,719,92,0,813,947,0,947,1760
05/11/2022,GFK,ND,AGL,CE,Towers with Radar,2,119,15,0,136,0,331,22,0,353,2,450,37,0,489,824,0,824,1313
05/12/2022,GFK,ND,AGL,CE,Towers with Radar,2,20,3,0,25,0,35,3,0,38,2,55,6,0,63,291,0,291,354
05/13/2022,GFK,ND,AGL,CE,Towers with Radar,5,5,7,0,17,0,0,5,2,7,5,5,12,2,24,0,0,0,24
05/14/2022,GFK,ND,AGL,CE,Towers with Radar,2,116,10,0,128,0,171,24,0,195,2,287,34,0,323,652,0,652,975
05/15/2022,GFK,ND,AGL,CE,Towers with Radar,4,42,14,0,60,0,91,26,0,117,4,133,40,0,177,232,0,232,409
05/16/2022,GFK,ND,AGL,CE,Towers with Radar,2,176,30,0,208,0,542,57,5,604,2,718,87,5,812,1038,0,1038,1850
05/17/2022,GFK,ND,AGL,CE,Towers with Radar,2,164,23,0,189,0,439,43,0,482,2,603,66,0,671,777,0,777,1448
05/18/2022,GFK,ND,AGL,CE,Towers with Radar,5,86,14,0,105,0,149,6,0,155,5,235,20,0,260,387,0,387,647
05/19/2022,GFK,ND,AGL,CE,Towers with Radar,2,196,21,0,219,0,28,4,0,32,2,224,25,0,251,579,0,579,830
05/20/2022,GFK,ND,AGL,CE,Towers with Radar,4,28,8,1,41,0,3,3,0,6,4,31,11,1,47,93,0,93,140
05/21/2022,GFK,ND,AGL,CE,Towers with Radar,4,51,8,2,65,0,158,13,0,171,4,209,21,2,236,1163,0,1163,1399
05/22/2022,GFK,ND,AGL,CE,Towers with Radar,2,75,16,1,94,0,237,34,0,271,2,312,50,1,365,481,0,481,846
05/23/2022,GFK,ND,AGL,CE,Towers with Radar,2,156,17,0,175,0,506,40,0,546,2,662,57,0,721,840,0,840,1561
05/24/2022,GFK,ND,AGL,CE,Towers with Radar,2,228,21,0,251,0,557,52,0,609,2,785,73,0,860,845,0,845,1705
05/25/2022,GFK,ND,AGL,CE,Towers with Radar,5,183,22,0,210,0,571,38,0,609,5,754,60,0,819,1066,0,1066,1885
05/26/2022,GFK,ND,AGL,CE,Towers with Radar,3,197,28,0,228,0,539,39,0,578,3,736,67,0,806,953,0,953,1759
05/27/2022,GFK,ND,AGL,CE,Towers with Radar,3,163,12,2,180,0,511,43,0,554,3,674,55,2,734,789,0,789,1523
05/28/2022,GFK,ND,AGL,CE,Towers with Radar,4,112,1,0,117,0,358,31,0,389,4,470,32,0,506,812,0,812,1318
05/29/2022,GFK,ND,AGL,CE,Towers with Radar,2,31,6,0,39,0,11,3,0,14,2,42,9,0,53,137,0,137,190
05/30/2022,GFK,ND,AGL,CE,Towers with Radar,2,6,3,0,11,0,0,0,0,0,2,6,3,0,11,0,0,0,11
05/31/2022,GFK,ND,AGL,CE,Towers with Radar,3,39,9,0,51,0,55,3,0,58,3,94,12,0,109,294,0,294,403
06/01/2022,GFK,ND,AGL,CE,Towers with Radar,5,204,18,0,227,0,527,32,0,559,5,731,50,0,786,884,0,884,1670
06/02/2022,GFK,ND,AGL,CE,Towers with Radar,3,178,9,0,190,0,380,34,0,414,3,558,43,0,604,809,0,809,1413
06/03/2022,GFK,ND,AGL,CE,Towers with Radar,2,171,19,0,192,0,465,45,0,510,2,636,64,0,702,880,0,880,1582
06/04/2022,GFK,ND,AGL,CE,Towers with Radar,4,155,6,0,165,0,418,41,0,459,4,573,47,0,624,905,0,905,1529
06/05/2022,GFK,ND,AGL,CE,Towers with Radar,2,66,3,0,71,0,124,11,0,135,2,190,14,0,206,353,0,353,559
06/06/2022,GFK,ND,AGL,CE,Towers with Radar,2,164,6,0,172,0,431,25,0,456,2,595,31,0,628,755,0,755,1383
06/07/2022,GFK,ND,AGL,CE,Towers with Radar,2,155,13,0,170,0,450,26,0,476,2,605,39,0,646,996,0,996,1642
06/08/2022,GFK,ND,AGL,CE,Towers with Radar,5,178,16,1,200,0,501,27,1,529,5,679,43,2,729,852,0,852,1581
06/09/2022,GFK,ND,AGL,CE,Towers with Radar,3,184,16,0,203,0,455,19,0,474,3,639,35,0,677,668,0,668,1345
06/10/2022,GFK,ND,AGL,CE,Towers with Radar,2,142,7,0,151,0,349,16,0,365,2,491,23,0,516,545,0,545,1061
06/11/2022,GFK,ND,AGL,CE,Towers with Radar,3,132,12,0,147,0,188,8,0,196,3,320,20,0,343,922,0,922,1265
06/12/2022,GFK,ND,AGL,CE,Towers with Radar,2,22,4,0,28,0,51,18,0,69,2,73,22,0,97,268,0,268,365
06/13/2022,GFK,ND,AGL,CE,Towers with Radar,2,118,17,0,137,0,313,20,1,334,2,431,37,1,471,645,0,645,1116
06/14/2022,GFK,ND,AGL,CE,Towers with Radar,2,69,14,0,85,0,76,8,0,84,2,145,22,0,169,335,0,335,504
06/15/2022,GFK,ND,AGL,CE,Towers with Radar,5,83,24,0,112,0,378,29,1,408,5,461,53,1,520,511,0,511,1031
06/16/2022,GFK,ND,AGL,CE,Towers with Radar,0,117,17,1,135,0,278,20,1,299,0,395,37,2,434,414,0,414,848
06/17/2022,GFK,ND,AGL,CE,Towers with Radar,1,148,13,0,162,0,523,29,3,555,1,671,42,3,717,934,0,934,1651
06/18/2022,GFK,ND,AGL,CE,Towers with Radar,2,8,2,0,12,0,21,4,1,26,2,29,6,1,38,35,0,35,73
06/19/2022,GFK,ND,AGL,CE,Towers with Radar,0,26,6,0,32,0,37,12,0,49,0,63,18,0,81,73,0,73,154
06/20/2022,GFK,ND,AGL,CE,Towers with Radar,0,82,13,0,95,0,315,26,0,341,0,397,39,0,436,607,0,607,1043
06/21/2022,GFK,ND,AGL,CE,Towers with Radar,0,62,20,0,82,0,157,15,0,172,0,219,35,0,254,398,0,398,652
06/22/2022,GFK,ND,AGL,CE,Towers with Radar,3,161,15,0,179,0,534,43,1,578,3,695,58,1,757,1025,0,1025,1782
06/23/2022,GFK,ND,AGL,CE,Towers with Radar,1,166,20,0,187,0,510,47,0,557,1,676,67,0,744,1044,0,1044,1788
06/24/2022,GFK,ND,AGL,CE,Towers with Radar,0,54,8,0,62,0,162,19,0,181,0,216,27,0,243,554,0,554,797
06/25/2022,GFK,ND,AGL,CE,Towers with Radar,3,84,2,0,89,0,174,12,0,186,3,258,14,0,275,278,0,278,553
06/26/2022,GFK,ND,AGL,CE,Towers with Radar,1,61,1,0,63,0,104,15,0,119,1,165,16,0,182,221,0,221,403
06/27/2022,GFK,ND,AGL,CE,Towers with Radar,0,138,13,0,151,0,445,35,0,480,0,583,48,0,631,1023,0,1023,1654
06/28/2022,GFK,ND,AGL,CE,Towers with Radar,1,132,23,2,158,0,411,29,0,440,1,543,52,2,598,950,0,950,1548
06/29/2022,GFK,ND,AGL,CE,Towers with Radar,3,131,10,0,144,0,378,21,0,399,3,509,31,0,543,807,0,807,1350
06/30/2022,GFK,ND,AGL,CE,Towers with Radar,1,144,21,12,178,0,348,13,0,361,1,492,34,12,539,802,0,802,1341
07/01/2022,GFK,ND,AGL,CE,Towers with Radar,0,68,24,0,92,0,175,25,0,200,0,243,49,0,292,514,0,514,806
07/02/2022,GFK,ND,AGL,CE,Towers with Radar,3,8,7,0,18,0,0,20,0,20,3,8,27,0,38,0,0,0,38
07/03/2022,GFK,ND,AGL,CE,Towers with Radar,1,6,1,0,8,0,0,5,0,5,1,6,6,0,13,0,0,0,13
07/04/2022,GFK,ND,AGL,CE,Towers with Radar,1,6,3,0,10,0,0,4,0,4,1,6,7,0,14,46,0,46,60
07/05/2022,GFK,ND,AGL,CE,Towers with Radar,2,129,17,0,148,0,96,15,0,111,2,225,32,0,259,411,0,411,670
07/06/2022,GFK,ND,AGL,CE,Towers with Radar,3,111,22,0,136,0,302,20,0,322,3,413,42,0,458,857,0,857,1315
07/07/2022,GFK,ND,AGL,CE,Towers with Radar,1,132,24,0,157,0,401,34,0,435,1,533,58,0,592,834,0,834,1426
07/08/2022,GFK,ND,AGL,CE,Towers with Radar,1,103,15,0,119,0,476,39,0,515,1,579,54,0,634,888,0,888,1522
07/09/2022,GFK,ND,AGL,CE,Towers with Radar,3,85,2,0,90,0,285,14,0,299,3,370,16,0,389,586,0,586,975
07/10/2022,GFK,ND,AGL,CE,Towers with Radar,0,14,10,0,24,0,2,18,0,20,0,16,28,0,44,91,0,91,135
07/11/2022,GFK,ND,AGL,CE,Towers with Radar,2,79,17,0,98,0,234,18,0,252,2,313,35,0,350,385,0,385,735
07/12/2022,GFK,ND,AGL,CE,Towers with Radar,0,155,10,0,165,0,440,38,0,478,0,595,48,0,643,796,0,796,1439
07/13/2022,GFK,ND,AGL,CE,Towers with Radar,3,110,19,0,132,0,489,54,0,543,3,599,73,0,675,842,0,842,1517
07/14/2022,GFK,ND,AGL,CE,Towers with Radar,1,50,11,0,62,0,162,20,0,182,1,212,31,0,244,455,0,455,699
07/15/2022,GFK,ND,AGL,CE,Towers with Radar,0,128,25,0,153,0,388,30,0,418,0,516,55,0,571,793,0,793,1364
07/16/2022,GFK,ND,AGL,CE,Towers with Radar,3,63,7,0,73,0,173,15,0,188,3,236,22,0,261,376,0,376,637
07/17/2022,GFK,ND,AGL,CE,Towers with Radar,0,9,10,0,19,0,0,16,0,16,0,9,26,0,35,54,0,54,89
07/18/2022,GFK,ND,AGL,CE,Towers with Radar,0,109,15,1,125,0,377,43,0,420,0,486,58,1,545,796,0,796,1341
07/19/2022,GFK,ND,AGL,CE,Towers with Radar,0,102,15,0,117,0,136,22,3,161,0,238,37,3,278,500,0,500,778
07/20/2022,GFK,ND,AGL,CE,Towers with Radar,2,103,18,0,123,0,514,61,0,575,2,617,79,0,698,755,0,755,1453
07/21/2022,GFK,ND,AGL,CE,Towers with Radar,0,102,31,0,133,0,428,43,0,471,0,530,74,0,604,723,0,723,1327
07/22/2022,GFK,ND,AGL,CE,Towers with Radar,1,90,11,0,102,0,408,49,0,457,1,498,60,0,559,711,0,711,1270
07/23/2022,GFK,ND,AGL,CE,Towers with Radar,5,74,5,0,84,0,94,15,0,109,5,168,20,0,193,298,0,298,491
07/24/2022,GFK,ND,AGL,CE,Towers with Radar,0,8,12,0,20,0,0,23,0,23,0,8,35,0,43,47,0,47,90
07/25/2022,GFK,ND,AGL,CE,Towers with Radar,0,100,25,0,125,0,383,42,0,425,0,483,67,0,550,963,0,963,1513
07/26/2022,GFK,ND,AGL,CE,Towers with Radar,0,95,19,0,114,0,238,26,0,264,0,333,45,0,378,785,0,785,1163
07/27/2022,GFK,ND,AGL,CE,Towers with Radar,3,52,25,0,80,0,279,20,0,299,3,331,45,0,379,591,0,591,970
07/28/2022,GFK,ND,AGL,CE,Towers with Radar,1,118,25,4,148,0,310,16,0,326,1,428,41,4,474,812,0,812,1286
07/29/2022,GFK,ND,AGL,CE,Towers with Radar,0,76,21,0,97,0,365,24,0,389,0,441,45,0,486,697,0,697,1183
07/30/2022,GFK,ND,AGL,CE,Towers with Radar,3,38,12,0,53,0,234,12,0,246,3,272,24,0,299,668,0,668,967
07/31/2022,GFK,ND,AGL,CE,Towers with Radar,0,12,19,0,31,0,0,5,0,5,0,12,24,0,36,22,0,22,58
08/01/2022,GFK,ND,AGL,CE,Towers with Radar,0,70,7,0,77,0,284,33,0,317,0,354,40,0,394,735,0,735,1129
08/02/2022,GFK,ND,AGL,CE,Towers with Radar,2,65,19,0,86,0,308,23,0,331,2,373,42,0,417,862,0,862,1279
08/03/2022,GFK,ND,AGL,CE,Towers with Radar,5,91,24,0,120,0,219,22,0,241,5,310,46,0,361,829,0,829,1190
08/04/2022,GFK,ND,AGL,CE,Towers with Radar,2,77,20,1,100,0,306,25,2,333,2,383,45,3,433,618,0,618,1051
08/05/2022,GFK,ND,AGL,CE,Towers with Radar,2,58,17,0,77,0,293,27,2,322,2,351,44,2,399,714,0,714,1113
08/06/2022,GFK,ND,AGL,CE,Towers with Radar,5,57,9,0,71,0,148,7,0,155,5,205,16,0,226,675,0,675,901
08/07/2022,GFK,ND,AGL,CE,Towers with Radar,2,7,3,0,12,0,0,18,0,18,2,7,21,0,30,6,0,6,36
08/08/2022,GFK,ND,AGL,CE,Towers with Radar,2,46,18,0,66,0,406,29,4,439,2,452,47,4,505,634,0,634,1139
08/09/2022,GFK,ND,AGL,CE,Towers with Radar,2,46,12,0,60,0,387,36,1,424,2,433,48,1,484,904,0,904,1388
08/10/2022,GFK,ND,AGL,CE,Towers with Radar,6,71,9,0,86,0,365,25,4,394,6,436,34,4,480,665,0,665,1145
08/11/2022,GFK,ND,AGL,CE,Towers with Radar,2,65,18,0,85,0,314,27,0,341,2,379,45,0,426,614,0,614,1040
08/12/2022,GFK,ND,AGL,CE,Towers with Radar,2,108,16,6,132,0,46,9,0,55,2,154,25,6,187,815,0,815,1002
08/13/2022,GFK,ND,AGL,CE,Towers with Radar,5,60,4,0,69,0,169,17,0,186,5,229,21,0,255,355,0,355,610
08/14/2022,GFK,ND,AGL,CE,Towers with Radar,5,9,6,0,20,0,1,15,0,16,5,10,21,0,36,6,0,6,42
08/15/2022,GFK,ND,AGL,CE,Towers with Radar,2,40,9,0,51,0,175,13,0,188,2,215,22,0,239,729,0,729,968
08/16/2022,GFK,ND,AGL,CE,Towers with Radar,2,106,21,0,129,0,110,12,0,122,2,216,33,0,251,839,0,839,1090
08/17/2022,GFK,ND,AGL,CE,Towers with Radar,2,57,17,0,76,0,295,60,0,355,2,352,77,0,431,582,0,582,1013
08/18/2022,GFK,ND,AGL,CE,Towers with Radar,2,33,12,0,47,0,31,5,0,36,2,64,17,0,83,132,0,132,215
08/19/2022,GFK,ND,AGL,CE,Towers with Radar,2,41,9,0,52,0,31,9,0,40,2,72,18,0,92,208,0,208,300
08/20/2022,GFK,ND,AGL,CE,Towers with Radar,3,54,10,0,67,0,221,16,0,237,3,275,26,0,304,421,0,421,725
08/21/2022,GFK,ND,AGL,CE,Towers with Radar,0,10,10,0,20,0,57,30,0,87,0,67,40,0,107,118,0,118,225
08/22/2022,GFK,ND,AGL,CE,Towers with Radar,0,31,6,0,37,15,323,40,0,378,15,354,46,0,415,57,0,57,472
08/23/2022,GFK,ND,AGL,CE,Towers with Radar,0,13,18,0,31,0,242,41,0,283,0,255,59,0,314,66,0,66,380
08/24/2022,GFK,ND,AGL,CE,Towers with Radar,0,19,12,0,31,0,91,20,0,111,0,110,32,0,142,52,0,52,194
08/25/2022,GFK,ND,AGL,CE,Towers with Radar,0,23,10,0,33,0,330,42,0,372,0,353,52,0,405,82,0,82,487
08/26/2022,GFK,ND,AGL,CE,Towers with Radar,0,28,11,0,39,0,323,39,0,362,0,351,50,0,401,29,0,29,430
08/27/2022,GFK,ND,AGL,CE,Towers with Radar,0,11,3,0,14,0,122,13,0,135,0,133,16,0,149,27,0,27,176
08/28/2022,GFK,ND,AGL,CE,Towers with Radar,0,2,8,0,10,0,6,7,0,13,0,8,15,0,23,44,0,44,67
08/29/2022,GFK,ND,AGL,CE,Towers with Radar,0,9,4,0,13,0,68,4,0,72,0,77,8,0,85,56,0,56,141
08/30/2022,GFK,ND,AGL,CE,Towers with Radar,0,33,14,0,47,0,408,39,0,447,0,441,53,0,494,78,0,78,572
08/31/2022,GFK,ND,AGL,CE,Towers with Radar,0,16,22,0,38,0,405,48,0,453,0,421,70,0,491,82,0,82,573
09/01/2022,GFK,ND,AGL,CE,Towers with Radar,0,20,14,0,34,0,382,37,0,419,0,402,51,0,453,29,0,29,482
09/02/2022,GFK,ND,AGL,CE,Towers with Radar,4,31,9,0,44,0,301,40,0,341,4,332,49,0,385,94,0,94,479
09/03/2022,GFK,ND,AGL,CE,Towers with Radar,7,108,7,0,122,0,292,24,0,316,7,400,31,0,438,341,0,341,779
09/04/2022,GFK,ND,AGL,CE,Towers with Radar,5,22,8,0,35,0,121,12,0,133,5,143,20,0,168,151,0,151,319
09/05/2022,GFK,ND,AGL,CE,Towers with Radar,4,90,5,0,99,0,232,9,0,241,4,322,14,0,340,400,0,400,740
09/06/2022,GFK,ND,AGL,CE,Towers with Radar,4,157,20,0,181,0,581,37,0,618,4,738,57,0,799,737,0,737,1536
09/07/2022,GFK,ND,AGL,CE,Towers with Radar,2,204,27,0,233,0,572,40,0,612,2,776,67,0,845,844,0,844,1689
09/08/2022,GFK,ND,AGL,CE,Towers with Radar,5,145,21,0,171,0,415,23,0,438,5,560,44,0,609,579,0,579,1188
09/09/2022,GFK,ND,AGL,CE,Towers with Radar,3,205,18,0,226,0,480,53,0,533,3,685,71,0,759,696,0,696,1455
09/10/2022,GFK,ND,AGL,CE,Towers with Radar,4,154,22,0,180,0,391,23,0,414,4,545,45,0,594,648,0,648,1242
09/11/2022,GFK,ND,AGL,CE,Towers with Radar,3,44,16,0,63,0,169,34,0,203,3,213,50,0,266,353,0,353,619
09/12/2022,GFK,ND,AGL,CE,Towers with Radar,2,158,20,4,184,0,452,32,0,484,2,610,52,4,668,784,0,784,1452
09/13/2022,GFK,ND,AGL,CE,Towers with Radar,5,154,16,0,175,0,401,31,0,432,5,555,47,0,607,876,0,876,1483
09/14/2022,GFK,ND,AGL,CE,Towers with Radar,2,169,17,0,188,0,383,35,1,419,2,552,52,1,607,763,0,763,1370
09/15/2022,GFK,ND,AGL,CE,Towers with Radar,4,216,20,0,240,0,49,5,0,54,4,265,25,0,294,183,0,183,477
09/16/2022,GFK,ND,AGL,CE,Towers with Radar,4,130,10,0,144,0,0,0,0,0,4,130,10,0,144,0,0,0,144
09/17/2022,GFK,ND,AGL,CE,Towers with Radar,4,171,4,0,179,0,102,21,0,123,4,273,25,0,302,682,0,682,984
09/18/2022,GFK,ND,AGL,CE,Towers with Radar,4,37,13,1,55,0,196,24,1,221,4,233,37,2,276,328,0,328,604
09/19/2022,GFK,ND,AGL,CE,Towers with Radar,2,149,13,0,164,0,233,18,0,251,2,382,31,0,415,419,0,419,834
09/20/2022,GFK,ND,AGL,CE,Towers with Radar,2,157,8,0,167,0,448,23,0,471,2,605,31,0,638,684,0,684,1322
09/21/2022,GFK,ND,AGL,CE,Towers with Radar,2,246,44,0,292,0,152,21,0,173,2,398,65,0,465,885,0,885,1350
09/22/2022,GFK,ND,AGL,CE,Towers with Radar,4,183,23,0,210,0,536,45,0,581,4,719,68,0,791,804,0,804,1595
09/23/2022,GFK,ND,AGL,CE,Towers with Radar,4,136,7,0,147,0,254,24,0,278,4,390,31,0,425,690,0,690,1115
09/24/2022,GFK,ND,AGL,CE,Towers with Radar,5,135,9,0,149,0,228,23,0,251,5,363,32,0,400,640,0,640,1040
09/25/2022,GFK,ND,AGL,CE,Towers with Radar,4,6,4,0,14,0,108,14,0,122,4,114,18,0,136,183,0,183,319
09/26/2022,GFK,ND,AGL,CE,Towers with Radar,2,195,11,0,208,0,585,40,0,625,2,780,51,0,833,922,0,922,1755
09/27/2022,GFK,ND,AGL,CE,Towers with Radar,2,67,13,0,82,0,398,23,0,421,2,465,36,0,503,677,0,677,1180
09/28/2022,GFK,ND,AGL,CE,Towers with Radar,2,187,34,0,223,0,501,38,0,539,2,688,72,0,762,795,0,795,1557
09/29/2022,GFK,ND,AGL,CE,Towers with Radar,4,122,41,0,167,0,500,44,0,544,4,622,85,0,711,560,0,560,1271
09/30/2022,GFK,ND,AGL,CE,Towers with Radar,3,150,23,0,176,0,584,81,0,665,3,734,104,0,841,900,0,900,1741
10/01/2022,GFK,ND,AGL,CE,Towers with Radar,6,103,8,0,117,0,404,32,0,436,6,507,40,0,553,879,0,879,1432
10/02/2022,GFK,ND,AGL,CE,Towers with Radar,6,23,16,0,45,0,91,13,0,104,6,114,29,0,149,248,0,248,397
10/03/2022,GFK,ND,AGL,CE,Towers with Radar,4,169,11,3,187,0,489,36,2,527,4,658,47,5,714,888,0,888,1602
10/04/2022,GFK,ND,AGL,CE,Towers with Radar,4,155,17,1,177,0,558,52,0,610,4,713,69,1,787,861,0,861,1648
10/05/2022,GFK,ND,AGL,CE,Towers with Radar,6,81,19,0,106,0,295,13,1,309,6,376,32,1,415,424,0,424,839
10/06/2022,GFK,ND,AGL,CE,Towers with Radar,7,107,16,0,130,0,358,33,0,391,7,465,49,0,521,986,0,986,1507
10/07/2022,GFK,ND,AGL,CE,Towers with Radar,5,139,18,0,162,0,525,48,0,573,5,664,66,0,735,847,0,847,1582
10/08/2022,GFK,ND,AGL,CE,Towers with Radar,7,129,12,0,148,0,467,25,0,492,7,596,37,0,640,684,0,684,1324
10/09/2022,GFK,ND,AGL,CE,Towers with Radar,7,39,13,0,59,0,140,24,0,164,7,179,37,0,223,380,0,380,603
10/10/2022,GFK,ND,AGL,CE,Towers with Radar,4,147,19,0,170,0,482,50,0,532,4,629,69,0,702,808,0,808,1510
10/11/2022,GFK,ND,AGL,CE,Towers with Radar,4,91,15,0,110,0,255,37,0,292,4,346,52,0,402,435,0,435,837
10/12/2022,GFK,ND,AGL,CE,Towers with Radar,6,32,6,0,44,0,134,9,0,143,6,166,15,0,187,393,0,393,580
10/13/2022,GFK,ND,AGL,CE,Towers with Radar,6,24,10,0,40,0,129,3,0,132,6,153,13,0,172,371,0,371,543
10/14/2022,GFK,ND,AGL,CE,Towers with Radar,4,15,7,0,26,0,10,3,0,13,4,25,10,0,39,84,0,84,123
10/15/2022,GFK,ND,AGL,CE,Towers with Radar,7,72,7,0,86,0,162,22,0,184,7,234,29,0,270,660,0,660,930
10/16/2022,GFK,ND,AGL,CE,Towers with Radar,6,7,8,0,21,0,11,7,0,18,6,18,15,0,39,79,0,79,118
10/17/2022,GFK,ND,AGL,CE,Towers with Radar,4,189,8,0,201,0,572,62,0,634,4,761,70,0,835,802,0,802,1637
10/18/2022,GFK,ND,AGL,CE,Towers with Radar,4,179,21,0,204,0,534,50,0,584,4,713,71,0,788,949,0,949,1737
10/19/2022,GFK,ND,AGL,CE,Towers with Radar,6,177,22,0,205,0,515,51,0,566,6,692,73,0,771,774,0,774,1545
10/20/2022,GFK,ND,AGL,CE,Towers with Radar,6,125,27,0,158,0,538,55,0,593,6,663,82,0,751,917,0,917,1668
10/21/2022,GFK,ND,AGL,CE,Towers with Radar,4,145,13,1,163,0,526,36,0,562,4,671,49,1,725,720,0,720,1445
10/22/2022,GFK,ND,AGL,CE,Towers with Radar,7,120,21,0,148,0,361,33,0,394,7,481,54,0,542,721,0,721,1263
10/23/2022,GFK,ND,AGL,CE,Towers with Radar,6,34,11,0,51,0,143,21,0,164,6,177,32,0,215,251,0,251,466
10/24/2022,GFK,ND,AGL,CE,Towers with Radar,6,3,9,0,18,0,0,0,0,0,6,3,9,0,18,0,0,0,18
10/25/2022,GFK,ND,AGL,CE,Towers with Radar,4,21,13,0,38,0,36,8,0,44,4,57,21,0,82,1133,0,1133,1215
10/26/2022,GFK,ND,AGL,CE,Towers with Radar,7,174,20,0,201,0,553,63,0,616,7,727,83,0,817,850,0,850,1667
10/27/2022,GFK,ND,AGL,CE,Towers with Radar,19,165,17,0,201,0,524,20,0,544,19,689,37,0,745,694,0,694,1439
10/28/2022,GFK,ND,AGL,CE,Towers with Radar,7,169,21,0,197,0,532,61,0,593,7,701,82,0,790,694,0,694,1484
10/29/2022,GFK,ND,AGL,CE,Towers with Radar,8,118,14,0,140,0,405,41,0,446,8,523,55,0,586,899,0,899,1485
10/30/2022,GFK,ND,AGL,CE,Towers with Radar,16,34,16,0,66,0,165,15,0,180,16,199,31,0,246,326,0,326,572
10/31/2022,GFK,ND,AGL,CE,Towers with Radar,9,128,14,0,151,0,489,54,1,544,9,617,68,1,695,855,0,855,1550
11/01/2022,GFK,ND,AGL,CE,Towers with Radar,4,143,22,4,173,0,456,30,0,486,4,599,52,4,659,771,0,771,1430
11/02/2022,GFK,ND,AGL,CE,Towers with Radar,7,63,22,4,96,0,166,5,0,171,7,229,27,4,267,270,0,270,537
11/03/2022,GFK,ND,AGL,CE,Towers with Radar,8,123,14,0,145,0,148,34,0,182,8,271,48,0,327,850,0,850,1177
11/04/2022,GFK,ND,AGL,CE,Towers with Radar,5,162,16,0,183,0,521,66,0,587,5,683,82,0,770,785,0,785,1555
11/05/2022,GFK,ND,AGL,CE,Towers with Radar,9,115,4,0,128,0,373,38,0,411,9,488,42,0,539,777,0,777,1316
11/06/2022,GFK,ND,AGL,CE,Towers with Radar,8,2,1,0,11,0,0,1,0,1,8,2,2,0,12,0,0,0,12
11/07/2022,GFK,ND,AGL,CE,Towers with Radar,5,10,9,0,24,0,23,20,0,43,5,33,29,0,67,1017,0,1017,1084
11/08/2022,GFK,ND,AGL,CE,Towers with Radar,6,18,8,0,32,0,50,2,0,52,6,68,10,0,84,102,0,102,186
11/09/2022,GFK,ND,AGL,CE,Towers with Radar,5,1,12,0,18,1,0,1,0,2,6,1,13,0,20,0,0,0,20
11/10/2022,GFK,ND,AGL,CE,Towers with Radar,0,0,0,0,0,0,0,0,0,0,0,0,0,0,0,0,0,0,0
11/11/2022,GFK,ND,AGL,CE,Towers with Radar,4,3,9,0,16,0,0,0,0,0,4,3,9,0,16,0,0,0,16
11/12/2022,GFK,ND,AGL,CE,Towers with Radar,7,9,13,0,29,0,0,4,0,4,7,9,17,0,33,30,0,30,63
11/13/2022,GFK,ND,AGL,CE,Towers with Radar,7,10,7,0,24,0,11,11,0,22,7,21,18,0,46,398,0,398,444
11/14/2022,GFK,ND,AGL,CE,Towers with Radar,4,9,5,0,18,0,0,0,0,0,4,9,5,0,18,0,0,0,18
11/15/2022,GFK,ND,AGL,CE,Towers with Radar,4,2,11,0,17,0,0,0,0,0,4,2,11,0,17,4,0,4,21
11/16/2022,GFK,ND,AGL,CE,Towers with Radar,4,33,13,0,50,0,157,19,0,176,4,190,32,0,226,389,0,389,615
11/17/2022,GFK,ND,AGL,CE,Towers with Radar,7,2,8,0,17,0,0,0,0,0,7,2,8,0,17,0,0,0,17
11/18/2022,GFK,ND,AGL,CE,Towers with Radar,4,78,13,0,95,0,86,11,0,97,4,164,24,0,192,602,0,602,794
11/19/2022,GFK,ND,AGL,CE,Towers with Radar,8,122,11,0,141,0,367,36,0,403,8,489,47,0,544,560,0,560,1104
11/20/2022,GFK,ND,AGL,CE,Towers with Radar,7,66,7,0,80,0,234,13,0,247,7,300,20,0,327,428,0,428,755
11/21/2022,GFK,ND,AGL,CE,Towers with Radar,4,1,12,0,17,0,11,14,0,25,4,12,26,0,42,1307,0,1307,1349
11/22/2022,GFK,ND,AGL,CE,Towers with Radar,10,202,14,0,226,0,523,53,0,576,10,725,67,0,802,1040,0,1040,1842
11/23/2022,GFK,ND,AGL,CE,Towers with Radar,5,95,17,0,117,0,307,22,0,329,5,402,39,0,446,517,0,517,963
11/24/2022,GFK,ND,AGL,CE,Towers with Radar,3,0,2,0,5,0,0,0,0,0,3,0,2,0,5,0,0,0,5
11/25/2022,GFK,ND,AGL,CE,Towers with Radar,7,61,8,0,76,0,203,21,0,224,7,264,29,0,300,180,0,180,480
11/26/2022,GFK,ND,AGL,CE,Towers with Radar,9,65,2,0,76,0,182,24,0,206,9,247,26,0,282,303,0,303,585
11/27/2022,GFK,ND,AGL,CE,Towers with Radar,4,54,5,0,63,0,198,16,0,214,4,252,21,0,277,434,0,434,711
11/28/2022,GFK,ND,AGL,CE,Towers with Radar,4,125,13,8,150,0,324,26,2,352,4,449,39,10,502,1098,0,1098,1600
11/29/2022,GFK,ND,AGL,CE,Towers with Radar,0,32,13,0,45,0,221,16,0,237,0,253,29,0,282,963,0,963,1245
11/30/2022,GFK,ND,AGL,CE,Towers with Radar,4,113,21,0,138,0,251,12,0,263,4,364,33,0,401,753,0,753,1154
12/01/2022,GFK,ND,AGL,CE,Towers with Radar,6,184,19,0,209,0,521,40,0,561,6,705,59,0,770,737,0,737,1507
12/02/2022,GFK,ND,AGL,CE,Towers with Radar,4,0,5,0,9,0,0,0,0,0,4,0,5,0,9,10,0,10,19
12/03/2022,GFK,ND,AGL,CE,Towers with Radar,6,111,12,0,129,0,363,36,2,401,6,474,48,2,530,936,0,936,1466
12/04/2022,GFK,ND,AGL,CE,Towers with Radar,6,53,9,0,68,0,190,8,0,198,6,243,17,0,266,310,0,310,576
12/05/2022,GFK,ND,AGL,CE,Towers with Radar,3,104,17,1,125,0,220,26,1,247,3,324,43,2,372,929,0,929,1301
12/06/2022,GFK,ND,AGL,CE,Towers with Radar,4,9,14,0,27,0,0,0,0,0,4,9,14,0,27,38,0,38,65
12/07/2022,GFK,ND,AGL,CE,Towers with Radar,4,155,7,0,166,0,477,32,0,509,4,632,39,0,675,805,0,805,1480
12/08/2022,GFK,ND,AGL,CE,Towers with Radar,5,50,15,0,70,0,174,9,0,183,5,224,24,0,253,319,0,319,572
12/09/2022,GFK,ND,AGL,CE,Towers with Radar,6,4,9,0,19,0,0,0,0,0,6,4,9,0,19,0,0,0,19
12/10/2022,GFK,ND,AGL,CE,Towers with Radar,8,6,3,0,17,0,0,0,0,0,8,6,3,0,17,0,0,0,17
12/11/2022,GFK,ND,AGL,CE,Towers with Radar,7,3,9,0,19,0,4,6,0,10,7,7,15,0,29,244,0,244,273
12/12/2022,GFK,ND,AGL,CE,Towers with Radar,4,7,3,0,14,0,0,7,0,7,4,7,10,0,21,241,0,241,262
12/13/2022,GFK,ND,AGL,CE,Towers with Radar,2,0,1,0,3,0,0,0,0,0,2,0,1,0,3,0,0,0,3
12/14/2022,GFK,ND,AGL,CE,Towers with Radar,6,7,3,0,16,0,0,0,0,0,6,7,3,0,16,0,0,0,16
12/15/2022,GFK,ND,AGL,CE,Towers with Radar,4,0,2,0,6,0,0,0,0,0,4,0,2,0,6,0,0,0,6
12/16/2022,GFK,ND,AGL,CE,Towers with Radar,8,3,1,0,12,0,0,0,0,0,8,3,1,0,12,0,0,0,12
12/17/2022,GFK,ND,AGL,CE,Towers with Radar,8,7,5,0,20,0,0,0,0,0,8,7,5,0,20,0,0,0,20
12/18/2022,GFK,ND,AGL,CE,Towers with Radar,4,49,3,0,56,0,49,4,0,53,4,98,7,0,109,120,0,120,229
12/19/2022,GFK,ND,AGL,CE,Towers with Radar,6,9,12,0,27,0,0,0,0,0,6,9,12,0,27,0,0,0,27
12/20/2022,GFK,ND,AGL,CE,Towers with Radar,6,40,18,0,64,0,93,7,0,100,6,133,25,0,164,166,0,166,330
12/21/2022,GFK,ND,AGL,CE,Towers with Radar,6,7,7,0,20,0,0,0,0,0,6,7,7,0,20,0,0,0,20
12/22/2022,GFK,ND,AGL,CE,Towers with Radar,4,3,10,0,17,0,2,2,0,4,4,5,12,0,21,7,0,7,28
12/23/2022,GFK,ND,AGL,CE,Towers with Radar,2,2,3,0,7,0,0,0,0,0,2,2,3,0,7,0,0,0,7
12/24/2022,GFK,ND,AGL,CE,Towers with Radar,3,4,6,0,13,0,0,0,0,0,3,4,6,0,13,0,0,0,13
12/25/2022,GFK,ND,AGL,CE,Towers with Radar,2,7,1,0,10,0,0,0,0,0,2,7,1,0,10,0,0,0,10
12/26/2022,GFK,ND,AGL,CE,Towers with Radar,6,2,9,0,17,0,0,8,0,8,6,2,17,0,25,16,0,16,41
12/27/2022,GFK,ND,AGL,CE,Towers with Radar,6,2,5,0,13,0,2,1,0,3,6,4,6,0,16,0,0,0,16
12/28/2022,GFK,ND,AGL,CE,Towers with Radar,6,13,10,0,29,0,27,5,0,32,6,40,15,0,61,141,0,141,202
12/29/2022,GFK,ND,AGL,CE,Towers with Radar,6,3,8,0,17,0,0,0,0,0,6,3,8,0,17,6,0,6,23
12/30/2022,GFK,ND,AGL,CE,Towers with Radar,6,9,12,0,27,0,0,2,2,4,6,9,14,2,31,116,0,116,147
12/31/2022,GFK,ND,AGL,CE,Towers with Radar,7,2,3,0,12,0,0,0,0,0,7,2,3,0,12,0,0,0,12
01/01/2023,GFK,ND,AGL,CE,Towers with Radar,6,7,7,0,20,0,0,0,0,0,6,7,7,0,20,0,0,0,20
01/02/2023,GFK,ND,AGL,CE,Towers with Radar,6,2,9,0,17,0,0,17,0,17,6,2,26,0,34,8,0,8,42
01/03/2023,GFK,ND,AGL,CE,Towers with Radar,0,0,7,0,7,0,0,0,0,0,0,0,7,0,7,0,0,0,7
01/04/2023,GFK,ND,AGL,CE,Towers with Radar,8,0,12,0,20,0,0,8,0,8,8,0,20,0,28,15,0,15,43
01/05/2023,GFK,ND,AGL,CE,Towers with Radar,6,79,8,0,93,0,179,19,0,198,6,258,27,0,291,505,0,505,796
01/06/2023,GFK,ND,AGL,CE,Towers with Radar,6,3,21,0,30,0,1,1,0,2,6,4,22,0,32,391,0,391,423
01/07/2023,GFK,ND,AGL,CE,Towers with Radar,7,33,3,0,43,0,51,3,0,54,7,84,6,0,97,408,0,408,505
01/08/2023,GFK,ND,AGL,CE,Towers with Radar,6,78,5,0,89,0,293,19,0,312,6,371,24,0,401,500,0,500,901
01/09/2023,GFK,ND,AGL,CE,Towers with Radar,6,0,5,0,11,0,0,0,0,0,6,0,5,0,11,0,0,0,11
01/10/2023,GFK,ND,AGL,CE,Towers with Radar,4,2,9,0,15,0,0,0,0,0,4,2,9,0,15,0,0,0,15
01/11/2023,GFK,ND,AGL,CE,Towers with Radar,6,2,12,0,20,0,0,0,0,0,6,2,12,0,20,0,0,0,20
01/12/2023,GFK,ND,AGL,CE,Towers with Radar,6,6,14,2,28,0,0,0,0,0,6,6,14,2,28,0,0,0,28
01/13/2023,GFK,ND,AGL,CE,Towers with Radar,7,27,16,0,50,0,107,10,0,117,7,134,26,0,167,293,0,293,460
01/14/2023,GFK,ND,AGL,CE,Towers with Radar,7,100,10,0,117,0,152,21,0,173,7,252,31,0,290,424,0,424,714
01/15/2023,GFK,ND,AGL,CE,Towers with Radar,6,0,4,0,10,0,0,0,0,0,6,0,4,0,10,0,0,0,10
01/16/2023,GFK,ND,AGL,CE,Towers with Radar,8,0,2,0,10,0,0,0,0,0,8,0,2,0,10,0,0,0,10
01/17/2023,GFK,ND,AGL,CE,Towers with Radar,6,3,8,0,17,0,0,0,0,0,6,3,8,0,17,0,0,0,17
01/18/2023,GFK,ND,AGL,CE,Towers with Radar,6,6,13,0,25,0,0,0,0,0,6,6,13,0,25,0,0,0,25
01/19/2023,GFK,ND,AGL,CE,Towers with Radar,6,22,17,0,45,0,32,22,0,54,6,54,39,0,99,398,0,398,497
01/20/2023,GFK,ND,AGL,CE,Towers with Radar,6,4,12,0,22,0,0,0,0,0,6,4,12,0,22,0,0,0,22
01/21/2023,GFK,ND,AGL,CE,Towers with Radar,7,234,11,0,252,0,644,57,0,701,7,878,68,0,953,493,0,493,1446
01/22/2023,GFK,ND,AGL,CE,Towers with Radar,6,59,3,0,68,0,180,21,0,201,6,239,24,0,269,454,0,454,723
01/23/2023,GFK,ND,AGL,CE,Towers with Radar,6,4,5,0,15,0,20,1,2,23,6,24,6,2,38,44,0,44,82
01/24/2023,GFK,ND,AGL,CE,Towers with Radar,4,2,8,0,14,0,0,0,0,0,4,2,8,0,14,20,0,20,34
01/25/2023,GFK,ND,AGL,CE,Towers with Radar,8,35,13,0,56,0,350,31,0,381,8,385,44,0,437,1141,0,1141,1578
01/26/2023,GFK,ND,AGL,CE,Towers with Radar,7,6,5,0,18,0,0,2,0,2,7,6,7,0,20,83,0,83,103
01/27/2023,GFK,ND,AGL,CE,Towers with Radar,8,39,14,0,61,0,91,15,0,106,8,130,29,0,167,448,0,448,615
01/28/2023,GFK,ND,AGL,CE,Towers with Radar,7,212,15,0,234,0,623,37,0,660,7,835,52,0,894,610,0,610,1504
01/29/2023,GFK,ND,AGL,CE,Towers with Radar,6,67,10,0,83,0,292,21,0,313,6,359,31,0,396,378,0,378,774
01/30/2023,GFK,ND,AGL,CE,Towers with Radar,6,212,18,0,236,0,623,33,0,656,6,835,51,0,892,658,0,658,1550
01/31/2023,GFK,ND,AGL,CE,Towers with Radar,4,201,19,6,230,0,569,31,0,600,4,770,50,6,830,776,0,776,1606
02/01/2023,GFK,ND,AGL,CE,Towers with Radar,7,190,14,0,211,0,583,37,0,620,7,773,51,0,831,742,0,742,1573
02/02/2023,GFK,ND,AGL,CE,Towers with Radar,6,200,6,0,212,0,460,32,0,492,6,660,38,0,704,776,0,776,1480
02/03/2023,GFK,ND,AGL,CE,Towers with Radar,6,41,7,0,54,0,261,8,0,269,6,302,15,0,323,469,0,469,792
02/04/2023,GFK,ND,AGL,CE,Towers with Radar,7,110,9,0,126,0,395,33,0,428,7,505,42,0,554,951,0,951,1505
02/05/2023,GFK,ND,AGL,CE,Towers with Radar,6,10,3,0,19,0,45,3,0,48,6,55,6,0,67,677,0,677,744
02/06/2023,GFK,ND,AGL,CE,Towers with Radar,7,42,8,0,57,0,147,6,0,153,7,189,14,0,210,360,0,360,570
02/07/2023,GFK,ND,AGL,CE,Towers with Radar,4,210,15,0,229,0,501,57,0,558,4,711,72,0,787,775,0,775,1562
02/08/2023,GFK,ND,AGL,CE,Towers with Radar,7,174,17,0,198,0,532,47,0,579,7,706,64,0,777,902,0,902,1679
02/09/2023,GFK,ND,AGL,CE,Towers with Radar,7,145,11,0,163,0,220,10,0,230,7,365,21,0,393,353,0,353,746
02/10/2023,GFK,ND,AGL,CE,Towers with Radar,6,224,15,0,245,0,572,47,1,620,6,796,62,1,865,586,0,586,1451
02/11/2023,GFK,ND,AGL,CE,Towers with Radar,7,163,15,0,185,0,539,27,2,568,7,702,42,2,753,746,0,746,1499
02/12/2023,GFK,ND,AGL,CE,Towers with Radar,7,10,2,0,19,0,233,13,0,246,7,243,15,0,265,612,0,612,877
02/13/2023,GFK,ND,AGL,CE,Towers with Radar,7,196,5,0,208,0,517,32,0,549,7,713,37,0,757,839,0,839,1596
02/14/2023,GFK,ND,AGL,CE,Towers with Radar,5,10,4,0,19,0,25,4,0,29,5,35,8,0,48,180,0,180,228
02/15/2023,GFK,ND,AGL,CE,Towers with Radar,4,128,3,2,137,0,379,10,0,389,4,507,13,2,526,701,0,701,1227
02/16/2023,GFK,ND,AGL,CE,Towers with Radar,6,168,12,0,186,0,531,49,0,580,6,699,61,0,766,742,0,742,1508
02/17/2023,GFK,ND,AGL,CE,Towers with Radar,6,144,6,4,160,0,364,18,0,382,6,508,24,4,542,542,0,542,1084
02/18/2023,GFK,ND,AGL,CE,Towers with Radar,7,85,12,0,104,0,242,17,0,259,7,327,29,0,363,751,0,751,1114
02/19/2023,GFK,ND,AGL,CE,Towers with Radar,7,43,4,0,54,0,209,8,0,217,7,252,12,0,271,292,0,292,563
02/20/2023,GFK,ND,AGL,CE,Towers with Radar,6,2,2,0,10,0,0,0,0,0,6,2,2,0,10,0,0,0,10
02/21/2023,GFK,ND,AGL,CE,Towers with Radar,5,57,7,2,71,0,78,5,0,83,5,135,12,2,154,443,0,443,597
02/22/2023,GFK,ND,AGL,CE,Towers with Radar,7,59,2,0,68,0,238,6,2,246,7,297,8,2,314,598,0,598,912
02/23/2023,GFK,ND,AGL,CE,Towers with Radar,9,34,8,0,51,0,27,0,0,27,9,61,8,0,78,169,0,169,247
02/24/2023,GFK,ND,AGL,CE,Towers with Radar,8,144,13,0,165,0,509,31,0,540,8,653,44,0,705,815,0,815,1520
02/25/2023,GFK,ND,AGL,CE,Towers with Radar,8,181,10,0,199,0,515,30,0,545,8,696,40,0,744,773,0,773,1517
02/26/2023,GFK,ND,AGL,CE,Towers with Radar,7,79,13,0,99,0,283,24,0,307,7,362,37,0,406,448,0,448,854
02/27/2023,GFK,ND,AGL,CE,Towers with Radar,6,13,7,0,26,0,119,14,0,133,6,132,21,0,159,254,0,254,413
02/28/2023,GFK,ND,AGL,CE,Towers with Radar,4,137,13,2,156,0,544,34,0,578,4,681,47,2,734,684,0,684,1418
03/01/2023,GFK,ND,AGL,CE,Towers with Radar,4,183,13,0,200,0,495,19,0,514,4,678,32,0,714,918,0,918,1632
03/02/2023,GFK,ND,AGL,CE,Towers with Radar,6,37,9,0,52,0,164,22,0,186,6,201,31,0,238,436,0,436,674
03/03/2023,GFK,ND,AGL,CE,Towers with Radar,6,159,11,0,176,0,616,36,0,652,6,775,47,0,828,684,0,684,1512
03/04/2023,GFK,ND,AGL,CE,Towers with Radar,7,162,14,1,184,0,525,41,0,566,7,687,55,1,750,753,0,753,1503
03/05/2023,GFK,ND,AGL,CE,Towers with Radar,6,4,6,1,17,0,3,1,0,4,6,7,7,1,21,62,0,62,83
03/06/2023,GFK,ND,AGL,CE,Towers with Radar,7,162,8,0,177,0,414,13,0,427,7,576,21,0,604,627,0,627,1231
03/07/2023,GFK,ND,AGL,CE,Towers with Radar,4,84,23,0,111,0,430,38,0,468,4,514,61,0,579,856,0,856,1435
03/08/2023,GFK,ND,AGL,CE,Towers with Radar,7,3,7,0,17,0,0,0,0,0,7,3,7,0,17,0,0,0,17
03/09/2023,GFK,ND,AGL,CE,Towers with Radar,6,3,3,0,12,0,0,0,0,0,6,3,3,0,12,0,0,0,12
03/10/2023,GFK,ND,AGL,CE,Towers with Radar,6,64,13,0,83,0,233,16,0,249,6,297,29,0,332,837,0,837,1169
03/11/2023,GFK,ND,AGL,CE,Towers with Radar,0,1,0,0,1,0,0,0,0,0,0,1,0,0,1,0,0,0,1
03/12/2023,GFK,ND,AGL,CE,Towers with Radar,8,5,4,0,17,0,0,4,0,4,8,5,8,0,21,16,0,16,37
03/13/2023,GFK,ND,AGL,CE,Towers with Radar,6,79,14,0,99,0,177,29,0,206,6,256,43,0,305,336,0,336,641
03/14/2023,GFK,ND,AGL,CE,Towers with Radar,4,28,21,0,53,0,89,20,0,109,4,117,41,0,162,227,0,227,389
03/15/2023,GFK,ND,AGL,CE,Towers with Radar,8,83,15,0,106,0,209,45,0,254,8,292,60,0,360,322,0,322,682
03/16/2023,GFK,ND,AGL,CE,Towers with Radar,5,5,2,2,14,0,0,3,0,3,5,5,5,2,17,2,0,2,19
03/17/2023,GFK,ND,AGL,CE,Towers with Radar,7,12,10,0,29,0,1,0,0,1,7,13,10,0,30,0,0,0,30
03/18/2023,GFK,ND,AGL,CE,Towers with Radar,7,72,12,0,91,0,104,18,0,122,7,176,30,0,213,237,0,237,450
03/19/2023,GFK,ND,AGL,CE,Towers with Radar,6,68,6,0,80,0,240,18,0,258,6,308,24,0,338,491,0,491,829
03/20/2023,GFK,ND,AGL,CE,Towers with Radar,6,194,8,4,212,0,590,46,0,636,6,784,54,4,848,955,0,955,1803
03/21/2023,GFK,ND,AGL,CE,Towers with Radar,4,66,8,0,78,0,416,22,0,438,4,482,30,0,516,866,0,866,1382
03/22/2023,GFK,ND,AGL,CE,Towers with Radar,4,64,7,0,75,0,102,10,0,112,4,166,17,0,187,426,0,426,613
03/23/2023,GFK,ND,AGL,CE,Towers with Radar,8,139,15,0,162,0,460,35,0,495,8,599,50,0,657,947,0,947,1604
03/24/2023,GFK,ND,AGL,CE,Towers with Radar,7,46,18,0,71,0,124,14,0,138,7,170,32,0,209,565,0,565,774
03/25/2023,GFK,ND,AGL,CE,Towers with Radar,7,93,5,0,105,0,216,6,0,222,7,309,11,0,327,342,0,342,669
03/26/2023,GFK,ND,AGL,CE,Towers with Radar,8,66,7,0,81,0,257,31,0,288,8,323,38,0,369,447,0,447,816
03/27/2023,GFK,ND,AGL,CE,Towers with Radar,7,163,10,0,180,0,554,49,0,603,7,717,59,0,783,775,0,775,1558
03/28/2023,GFK,ND,AGL,CE,Towers with Radar,4,88,5,0,97,0,167,11,0,178,4,255,16,0,275,232,0,232,507
03/29/2023,GFK,ND,AGL,CE,Towers with Radar,4,144,9,0,157,0,673,49,0,722,4,817,58,0,879,934,0,934,1813
03/30/2023,GFK,ND,AGL,CE,Towers with Radar,6,66,16,1,89,0,337,35,1,373,6,403,51,2,462,546,0,546,1008
03/31/2023,GFK,ND,AGL,CE,Towers with Radar,8,154,13,0,175,0,450,25,0,475,8,604,38,0,650,907,0,907,1557
04/01/2023,GFK,ND,AGL,CE,Towers with Radar,3,138,17,1,159,0,537,44,2,583,3,675,61,3,742,852,0,852,1594
04/02/2023,GFK,ND,AGL,CE,Towers with Radar,4,5,7,0,16,0,34,10,0,44,4,39,17,0,60,213,0,213,273
04/03/2023,GFK,ND,AGL,CE,Towers with Radar,4,7,4,2,17,0,0,0,0,0,4,7,4,2,17,0,0,0,17
04/04/2023,GFK,ND,AGL,CE,Towers with Radar,2,1,3,0,6,0,0,0,0,0,2,1,3,0,6,0,0,0,6
04/05/2023,GFK,ND,AGL,CE,Towers with Radar,4,2,2,0,8,0,0,0,0,0,4,2,2,0,8,0,0,0,8
04/06/2023,GFK,ND,AGL,CE,Towers with Radar,7,4,3,0,14,0,2,21,0,23,7,6,24,0,37,60,0,60,97
04/07/2023,GFK,ND,AGL,CE,Towers with Radar,6,56,13,0,75,0,127,7,0,134,6,183,20,0,209,363,0,363,572
04/08/2023,GFK,ND,AGL,CE,Towers with Radar,7,105,4,0,116,0,384,17,0,401,7,489,21,0,517,454,0,454,971
04/09/2023,GFK,ND,AGL,CE,Towers with Radar,6,2,4,0,12,0,0,20,0,20,6,2,24,0,32,123,0,123,155
04/10/2023,GFK,ND,AGL,CE,Towers with Radar,6,164,23,0,193,0,521,25,0,546,6,685,48,0,739,901,0,901,1640
04/11/2023,GFK,ND,AGL,CE,Towers with Radar,6,179,18,2,205,0,543,31,0,574,6,722,49,2,779,900,0,900,1679
04/12/2023,GFK,ND,AGL,CE,Towers with Radar,5,180,15,0,200,0,612,40,0,652,5,792,55,0,852,958,0,958,1810
04/13/2023,GFK,ND,AGL,CE,Towers with Radar,6,145,15,1,167,0,444,27,1,472,6,589,42,2,639,805,0,805,1444
04/14/2023,GFK,ND,AGL,CE,Towers with Radar,6,76,10,0,92,0,1,2,0,3,6,77,12,0,95,141,16,157,252
04/15/2023,GFK,ND,AGL,CE,Towers with Radar,7,1,6,0,14,0,0,2,0,2,7,1,8,0,16,6,0,6,22
04/16/2023,GFK,ND,AGL,CE,Towers with Radar,6,1,9,0,16,0,0,8,2,10,6,1,17,2,26,0,0,0,26
04/17/2023,GFK,ND,AGL,CE,Towers with Radar,8,186,18,0,212,0,741,44,0,785,8,927,62,0,997,918,0,918,1915
04/18/2023,GFK,ND,AGL,CE,Towers with Radar,5,156,28,0,189,0,542,44,0,586,5,698,72,0,775,710,0,710,1485
04/19/2023,GFK,ND,AGL,CE,Towers with Radar,4,2,4,0,10,0,0,3,0,3,4,2,7,0,13,176,0,176,189
04/20/2023,GFK,ND,AGL,CE,Towers with Radar,5,1,2,0,8,0,0,0,0,0,5,1,2,0,8,16,0,16,24
04/21/2023,GFK,ND,AGL,CE,Towers with Radar,9,4,9,0,22,0,0,0,0,0,9,4,9,0,22,0,0,0,22
04/22/2023,GFK,ND,AGL,CE,Towers with Radar,7,36,5,0,48,0,189,14,0,203,7,225,19,0,251,872,0,872,1123
04/23/2023,GFK,ND,AGL,CE,Towers with Radar,6,37,9,0,52,0,293,75,0,368,6,330,84,0,420,344,0,344,764
04/24/2023,GFK,ND,AGL,CE,Towers with Radar,6,190,8,2,206,0,636,40,0,676,6,826,48,2,882,972,0,972,1854
04/25/2023,GFK,ND,AGL,CE,Towers with Radar,5,205,15,0,225,0,598,61,0,659,5,803,76,0,884,1043,0,1043,1927
04/26/2023,GFK,ND,AGL,CE,Towers with Radar,5,103,9,0,117,0,272,10,0,282,5,375,19,0,399,383,0,383,782
04/27/2023,GFK,ND,AGL,CE,Towers with Radar,6,99,21,0,126,0,205,24,0,229,6,304,45,0,355,1245,0,1245,1600
04/28/2023,GFK,ND,AGL,CE,Towers with Radar,6,76,8,0,90,0,152,27,0,179,6,228,35,0,269,1183,0,1183,1452
04/29/2023,GFK,ND,AGL,CE,Towers with Radar,7,11,1,0,19,0,13,8,0,21,7,24,9,0,40,854,0,854,894
04/30/2023,GFK,ND,AGL,CE,Towers with Radar,6,16,9,0,31,0,33,12,0,45,6,49,21,0,76,72,0,72,148
05/01/2023,GFK,ND,AGL,CE,Towers with Radar,6,89,12,0,107,0,256,19,0,275,6,345,31,0,382,477,0,477,859
05/02/2023,GFK,ND,AGL,CE,Towers with Radar,6,203,16,0,225,0,644,49,0,693,6,847,65,0,918,883,0,883,1801
05/03/2023,GFK,ND,AGL,CE,Towers with Radar,5,1,8,2,16,0,2,55,0,57,5,3,63,2,73,73,0,73,146
05/04/2023,GFK,ND,AGL,CE,Towers with Radar,7,182,15,0,204,0,593,57,0,650,7,775,72,0,854,808,0,808,1662
05/05/2023,GFK,ND,AGL,CE,Towers with Radar,6,117,16,0,139,0,572,30,0,602,6,689,46,0,741,859,0,859,1600
05/06/2023,GFK,ND,AGL,CE,Towers with Radar,7,121,5,0,133,0,73,14,0,87,7,194,19,0,220,636,0,636,856
05/07/2023,GFK,ND,AGL,CE,Towers with Radar,6,75,7,0,88,0,0,0,0,0,6,75,7,0,88,0,0,0,88
05/08/2023,GFK,ND,AGL,CE,Towers with Radar,6,132,11,0,149,0,0,6,0,6,6,132,17,0,155,55,0,55,210
05/09/2023,GFK,ND,AGL,CE,Towers with Radar,6,111,25,1,143,0,506,39,0,545,6,617,64,1,688,902,0,902,1590
05/10/2023,GFK,ND,AGL,CE,Towers with Radar,5,97,18,1,121,0,539,38,1,578,5,636,56,2,699,1019,0,1019,1718
05/11/2023,GFK,ND,AGL,CE,Towers with Radar,6,133,7,0,146,0,479,37,0,516,6,612,44,0,662,879,0,879,1541
05/12/2023,GFK,ND,AGL,CE,Towers with Radar,6,90,6,0,102,0,396,21,0,417,6,486,27,0,519,736,0,736,1255
05/13/2023,GFK,ND,AGL,CE,Towers with Radar,7,66,3,0,76,0,248,26,0,274,7,314,29,0,350,675,0,675,1025
05/14/2023,GFK,ND,AGL,CE,Towers with Radar,7,44,11,0,62,0,185,39,0,224,7,229,50,0,286,327,0,327,613
05/15/2023,GFK,ND,AGL,CE,Towers with Radar,7,136,20,0,163,0,452,41,0,493,7,588,61,0,656,884,0,884,1540
05/16/2023,GFK,ND,AGL,CE,Towers with Radar,4,101,12,2,119,0,429,40,1,470,4,530,52,3,589,823,0,823,1412
05/17/2023,GFK,ND,AGL,CE,Towers with Radar,4,58,27,0,89,0,301,24,0,325,4,359,51,0,414,470,0,470,884
05/18/2023,GFK,ND,AGL,CE,Towers with Radar,6,136,16,0,158,0,9,10,0,19,6,145,26,0,177,131,0,131,308
05/19/2023,GFK,ND,AGL,CE,Towers with Radar,4,99,21,2,126,0,375,25,0,400,4,474,46,2,526,529,0,529,1055
05/20/2023,GFK,ND,AGL,CE,Towers with Radar,5,80,11,0,96,0,345,15,0,360,5,425,26,0,456,515,0,515,971
05/21/2023,GFK,ND,AGL,CE,Towers with Radar,6,47,10,0,63,0,193,35,0,228,6,240,45,0,291,418,0,418,709
05/22/2023,GFK,ND,AGL,CE,Towers with Radar,4,147,15,0,166,0,546,32,0,578,4,693,47,0,744,911,0,911,1655
05/23/2023,GFK,ND,AGL,CE,Towers with Radar,7,117,10,0,134,0,414,47,0,461,7,531,57,0,595,947,0,947,1542
05/24/2023,GFK,ND,AGL,CE,Towers with Radar,4,158,10,0,172,0,285,32,0,317,4,443,42,0,489,698,0,698,1187
05/25/2023,GFK,ND,AGL,CE,Towers with Radar,6,123,16,0,145,0,367,29,1,397,6,490,45,1,542,439,0,439,981
05/26/2023,GFK,ND,AGL,CE,Towers with Radar,4,61,10,0,75,0,174,19,1,194,4,235,29,1,269,314,0,314,583
05/27/2023,GFK,ND,AGL,CE,Towers with Radar,6,42,6,0,54,0,120,8,0,128,6,162,14,0,182,231,0,231,413
05/28/2023,GFK,ND,AGL,CE,Towers with Radar,5,48,11,0,64,0,86,11,0,97,5,134,22,0,161,156,0,156,317
05/29/2023,GFK,ND,AGL,CE,Towers with Radar,4,3,7,1,15,0,0,7,0,7,4,3,14,1,22,0,0,0,22
05/30/2023,GFK,ND,AGL,CE,Towers with Radar,5,65,15,0,85,0,314,34,1,349,5,379,49,1,434,810,0,810,1244
05/31/2023,GFK,ND,AGL,CE,Towers with Radar,7,114,13,0,134,0,329,34,0,363,7,443,47,0,497,693,0,693,1190
06/01/2023,GFK,ND,AGL,CE,Towers with Radar,6,113,15,0,134,0,370,38,0,408,6,483,53,0,542,632,0,632,1174
06/02/2023,GFK,ND,AGL,CE,Towers with Radar,4,55,33,0,92,0,168,27,0,195,4,223,60,0,287,89,0,89,376
06/03/2023,GFK,ND,AGL,CE,Towers with Radar,9,60,18,0,87,0,182,43,0,225,9,242,61,0,312,80,0,80,392
06/04/2023,GFK,ND,AGL,CE,Towers with Radar,6,1,12,0,19,0,2,22,0,24,6,3,34,0,43,8,0,8,51
06/05/2023,GFK,ND,AGL,CE,Towers with Radar,4,52,28,0,84,0,117,25,0,142,4,169,53,0,226,143,0,143,369
06/06/2023,GFK,ND,AGL,CE,Towers with Radar,4,79,17,0,100,0,203,30,0,233,4,282,47,0,333,84,0,84,417
06/07/2023,GFK,ND,AGL,CE,Towers with Radar,4,70,22,0,96,0,196,39,0,235,4,266,61,0,331,40,0,40,371
06/08/2023,GFK,ND,AGL,CE,Towers with Radar,6,231,19,0,256,0,245,35,2,282,6,476,54,2,538,131,0,131,669
06/09/2023,GFK,ND,AGL,CE,Towers with Radar,4,55,16,0,75,0,245,17,0,262,4,300,33,0,337,63,0,63,400
06/10/2023,GFK,ND,AGL,CE,Towers with Radar,4,94,14,0,112,0,136,13,0,149,4,230,27,0,261,42,0,42,303
06/11/2023,GFK,ND,AGL,CE,Towers with Radar,6,4,5,0,15,0,0,25,0,25,6,4,30,0,40,68,0,68,108
06/12/2023,GFK,ND,AGL,CE,Towers with Radar,4,128,16,0,148,0,328,34,0,362,4,456,50,0,510,81,0,81,591
06/13/2023,GFK,ND,AGL,CE,Towers with Radar,5,60,13,0,78,0,418,32,0,450,5,478,45,0,528,299,0,299,827
06/14/2023,GFK,ND,AGL,CE,Towers with Radar,5,271,21,0,297,0,82,3,0,85,5,353,24,0,382,169,0,169,551
06/15/2023,GFK,ND,AGL,CE,Towers with Radar,6,213,27,0,246,0,510,45,0,555,6,723,72,0,801,593,0,593,1394
06/16/2023,GFK,ND,AGL,CE,Towers with Radar,4,102,15,2,123,0,307,30,0,337,4,409,45,2,460,507,0,507,967
06/17/2023,GFK,ND,AGL,CE,Towers with Radar,5,71,7,0,83,0,180,30,0,210,5,251,37,0,293,345,0,345,638
06/18/2023,GFK,ND,AGL,CE,Towers with Radar,6,4,5,0,15,0,0,20,0,20,6,4,25,0,35,68,0,68,103
06/19/2023,GFK,ND,AGL,CE,Towers with Radar,4,149,11,0,164,0,406,21,1,428,4,555,32,1,592,752,0,752,1344
06/20/2023,GFK,ND,AGL,CE,Towers with Radar,6,38,17,0,61,0,66,47,0,113,6,104,64,0,174,100,0,100,274
06/21/2023,GFK,ND,AGL,CE,Towers with Radar,4,115,15,0,134,0,243,27,0,270,4,358,42,0,404,761,0,761,1165
06/22/2023,GFK,ND,AGL,CE,Towers with Radar,6,217,8,2,233,0,42,13,0,55,6,259,21,2,288,307,0,307,595
06/23/2023,GFK,ND,AGL,CE,Towers with Radar,4,122,10,5,141,0,371,32,0,403,4,493,42,5,544,608,0,608,1152
06/24/2023,GFK,ND,AGL,CE,Towers with Radar,5,39,9,0,53,0,9,2,0,11,5,48,11,0,64,7,0,7,71
06/25/2023,GFK,ND,AGL,CE,Towers with Radar,6,8,7,0,21,0,0,11,0,11,6,8,18,0,32,36,0,36,68
06/26/2023,GFK,ND,AGL,CE,Towers with Radar,4,194,35,0,233,0,501,41,0,542,4,695,76,0,775,664,0,664,1439
06/27/2023,GFK,ND,AGL,CE,Towers with Radar,4,164,22,0,190,0,468,31,0,499,4,632,53,0,689,620,0,620,1309
06/28/2023,GFK,ND,AGL,CE,Towers with Radar,6,153,27,0,186,0,300,29,0,329,6,453,56,0,515,943,0,943,1458
06/29/2023,GFK,ND,AGL,CE,Towers with Radar,9,193,12,0,214,0,477,36,0,513,9,670,48,0,727,769,0,769,1496
06/30/2023,GFK,ND,AGL,CE,Towers with Radar,4,168,25,0,197,0,421,42,0,463,4,589,67,0,660,647,0,647,1307
07/01/2023,GFK,ND,AGL,CE,Towers with Radar,6,7,6,0,19,0,0,33,0,33,6,7,39,0,52,46,0,46,98
07/02/2023,GFK,ND,AGL,CE,Towers with Radar,10,1,1,0,12,0,3,20,0,23,10,4,21,0,35,71,0,71,106
07/03/2023,GFK,ND,AGL,CE,Towers with Radar,4,3,1,0,8,0,0,22,0,22,4,3,23,0,30,65,0,65,95
07/04/2023,GFK,ND,AGL,CE,Towers with Radar,5,4,1,0,10,0,0,14,0,14,5,4,15,0,24,64,0,64,88
07/05/2023,GFK,ND,AGL,CE,Towers with Radar,4,146,15,0,165,0,286,26,0,312,4,432,41,0,477,779,0,779,1256
07/06/2023,GFK,ND,AGL,CE,Towers with Radar,9,112,5,0,126,0,352,34,0,386,9,464,39,0,512,590,0,590,1102
07/07/2023,GFK,ND,AGL,CE,Towers with Radar,5,160,4,0,169,0,332,16,0,348,5,492,20,0,517,962,0,962,1479
07/08/2023,GFK,ND,AGL,CE,Towers with Radar,4,100,24,0,128,0,314,19,0,333,4,414,43,0,461,395,0,395,856
07/09/2023,GFK,ND,AGL,CE,Towers with Radar,7,2,7,0,16,0,0,6,0,6,7,2,13,0,22,6,0,6,28
07/10/2023,GFK,ND,AGL,CE,Towers with Radar,6,187,8,0,201,0,414,32,0,446,6,601,40,0,647,577,0,577,1224
07/11/2023,GFK,ND,AGL,CE,Towers with Radar,5,152,14,0,171,0,469,34,0,503,5,621,48,0,674,963,0,963,1637
07/12/2023,GFK,ND,AGL,CE,Towers with Radar,5,150,15,0,170,0,472,47,0,519,5,622,62,0,689,810,0,810,1499
07/13/2023,GFK,ND,AGL,CE,Towers with Radar,6,95,15,0,116,0,333,30,0,363,6,428,45,0,479,250,0,250,729
07/14/2023,GFK,ND,AGL,CE,Towers with Radar,4,104,10,0,118,0,366,25,0,391,4,470,35,0,509,126,0,126,635
07/15/2023,GFK,ND,AGL,CE,Towers with Radar,5,93,3,2,103,0,224,14,0,238,5,317,17,2,341,57,0,57,398
07/16/2023,GFK,ND,AGL,CE,Towers with Radar,4,1,3,0,8,0,0,8,0,8,4,1,11,0,16,18,0,18,34
07/17/2023,GFK,ND,AGL,CE,Towers with Radar,6,175,23,0,204,0,428,28,1,457,6,603,51,1,661,666,0,666,1327
07/18/2023,GFK,ND,AGL,CE,Towers with Radar,5,122,14,2,143,0,228,10,0,238,5,350,24,2,381,560,0,560,941
07/19/2023,GFK,ND,AGL,CE,Towers with Radar,6,85,16,0,107,0,377,24,0,401,6,462,40,0,508,539,0,539,1047
07/20/2023,GFK,ND,AGL,CE,Towers with Radar,6,132,26,0,164,0,475,32,0,507,6,607,58,0,671,652,0,652,1323
07/21/2023,GFK,ND,AGL,CE,Towers with Radar,4,89,11,0,104,0,334,23,0,357,4,423,34,0,461,483,0,483,944
07/22/2023,GFK,ND,AGL,CE,Towers with Radar,5,65,11,0,81,0,276,30,0,306,5,341,41,0,387,410,0,410,797
07/23/2023,GFK,ND,AGL,CE,Towers with Radar,6,4,7,0,17,0,0,20,0,20,6,4,27,0,37,0,0,0,37
07/24/2023,GFK,ND,AGL,CE,Towers with Radar,4,110,13,0,127,0,305,28,0,333,4,415,41,0,460,769,0,769,1229
07/25/2023,GFK,ND,AGL,CE,Towers with Radar,5,67,12,0,84,0,291,33,0,324,5,358,45,0,408,651,0,651,1059
07/26/2023,GFK,ND,AGL,CE,Towers with Radar,5,97,14,0,116,0,349,20,2,371,5,446,34,2,487,722,0,722,1209
07/27/2023,GFK,ND,AGL,CE,Towers with Radar,7,79,22,2,110,0,392,21,0,413,7,471,43,2,523,836,0,836,1359
07/28/2023,GFK,ND,AGL,CE,Towers with Radar,4,127,15,0,146,0,99,16,0,115,4,226,31,0,261,426,0,426,687
07/29/2023,GFK,ND,AGL,CE,Towers with Radar,5,53,11,0,69,0,241,19,0,260,5,294,30,0,329,428,0,428,757
07/30/2023,GFK,ND,AGL,CE,Towers with Radar,6,4,4,0,14,0,0,20,0,20,6,4,24,0,34,60,0,60,94
07/31/2023,GFK,ND,AGL,CE,Towers with Radar,4,82,17,0,103,0,379,34,0,413,4,461,51,0,516,875,0,875,1391
08/01/2023,GFK,ND,AGL,CE,Towers with Radar,4,63,14,0,81,0,296,26,0,322,4,359,40,0,403,542,0,542,945
08/02/2023,GFK,ND,AGL,CE,Towers with Radar,4,81,17,0,102,0,362,34,0,396,4,443,51,0,498,531,0,531,1029
08/03/2023,GFK,ND,AGL,CE,Towers with Radar,6,96,19,1,122,0,365,33,1,399,6,461,52,2,521,532,0,532,1053
08/04/2023,GFK,ND,AGL,CE,Towers with Radar,4,91,16,0,111,0,201,23,0,224,4,292,39,0,335,554,0,554,889
08/05/2023,GFK,ND,AGL,CE,Towers with Radar,5,41,5,0,51,0,181,22,0,203,5,222,27,0,254,431,0,431,685
08/06/2023,GFK,ND,AGL,CE,Towers with Radar,6,7,9,0,22,0,0,24,0,24,6,7,33,0,46,14,0,14,60
08/07/2023,GFK,ND,AGL,CE,Towers with Radar,4,83,17,1,105,0,268,20,1,289,4,351,37,2,394,689,0,689,1083
08/08/2023,GFK,ND,AGL,CE,Towers with Radar,3,58,20,3,84,0,227,21,1,249,3,285,41,4,333,449,0,449,782
08/09/2023,GFK,ND,AGL,CE,Towers with Radar,4,85,20,0,109,0,391,46,0,437,4,476,66,0,546,730,0,730,1276
08/10/2023,GFK,ND,AGL,CE,Towers with Radar,6,58,17,3,84,0,242,26,0,268,6,300,43,3,352,464,0,464,816
08/11/2023,GFK,ND,AGL,CE,Towers with Radar,4,40,19,0,63,0,14,6,0,20,4,54,25,0,83,211,0,211,294
08/12/2023,GFK,ND,AGL,CE,Towers with Radar,5,56,12,0,73,0,57,10,0,67,5,113,22,0,140,314,0,314,454
08/13/2023,GFK,ND,AGL,CE,Towers with Radar,6,1,7,0,14,0,0,12,0,12,6,1,19,0,26,26,0,26,52
08/14/2023,GFK,ND,AGL,CE,Towers with Radar,4,83,18,0,105,0,329,22,0,351,4,412,40,0,456,540,0,540,996
08/15/2023,GFK,ND,AGL,CE,Towers with Radar,4,83,17,0,104,13,393,31,0,437,17,476,48,0,541,238,0,238,779
08/16/2023,GFK,ND,AGL,CE,Towers with Radar,4,6,11,0,21,0,2,5,0,7,4,8,16,0,28,4,0,4,32
08/17/2023,GFK,ND,AGL,CE,Towers with Radar,6,98,24,2,130,0,338,44,0,382,6,436,68,2,512,752,0,752,1264
08/18/2023,GFK,ND,AGL,CE,Towers with Radar,4,26,24,0,54,0,54,17,0,71,4,80,41,0,125,153,0,153,278
08/19/2023,GFK,ND,AGL,CE,Towers with Radar,5,52,9,0,66,0,191,22,0,213,5,243,31,0,279,233,0,233,512
08/20/2023,GFK,ND,AGL,CE,Towers with Radar,6,12,13,0,31,0,59,26,0,85,6,71,39,0,116,232,0,232,348
08/21/2023,GFK,ND,AGL,CE,Towers with Radar,5,27,15,0,47,0,294,17,0,311,5,321,32,0,358,369,0,369,727
08/22/2023,GFK,ND,AGL,CE,Towers with Radar,4,60,24,0,88,0,0,0,0,0,4,60,24,0,88,10,0,10,98
08/23/2023,GFK,ND,AGL,CE,Towers with Radar,4,84,14,0,102,0,28,9,0,37,4,112,23,0,139,399,0,399,538
08/24/2023,GFK,ND,AGL,CE,Towers with Radar,6,94,15,0,115,0,211,11,0,222,6,305,26,0,337,384,0,384,721
08/25/2023,GFK,ND,AGL,CE,Towers with Radar,4,101,13,0,118,0,469,16,0,485,4,570,29,0,603,543,0,543,1146
08/26/2023,GFK,ND,AGL,CE,Towers with Radar,5,115,6,0,126,11,326,23,0,360,16,441,29,0,486,442,0,442,928
08/27/2023,GFK,ND,AGL,CE,Towers with Radar,6,28,12,0,46,0,198,20,0,218,6,226,32,0,264,294,0,294,558
08/28/2023,GFK,ND,AGL,CE,Towers with Radar,4,155,22,0,181,0,565,37,0,602,4,720,59,0,783,659,0,659,1442
08/29/2023,GFK,ND,AGL,CE,Towers with Radar,4,158,34,0,196,0,309,15,0,324,4,467,49,0,520,756,0,756,1276
08/30/2023,GFK,ND,AGL,CE,Towers with Radar,4,131,20,0,155,0,475,28,0,503,4,606,48,0,658,554,0,554,1212
08/31/2023,GFK,ND,AGL,CE,Towers with Radar,6,49,16,0,71,0,120,8,0,128,6,169,24,0,199,235,0,235,434
