01/01/2000,GGG,TX,ASW,CE,Towers with Radar,0,6,8,0,14,0,1,12,0,13,0,7,20,0,27,2,0,2,29
01/02/2000,GGG,TX,ASW,CE,Towers with Radar,0,12,14,0,26,0,1,1,0,2,0,13,15,0,28,6,0,6,34
01/03/2000,GGG,TX,ASW,CE,Towers with Radar,0,9,19,3,31,0,0,6,0,6,0,9,25,3,37,28,16,44,81
01/04/2000,GGG,TX,ASW,CE,Towers with Radar,0,9,17,2,28,0,6,10,0,16,0,15,27,2,44,6,0,6,50
01/05/2000,GGG,TX,ASW,CE,Towers with Radar,0,15,26,9,50,0,2,33,1,36,0,17,59,10,86,64,92,156,242
01/06/2000,GGG,TX,ASW,CE,Towers with Radar,0,23,29,5,57,0,1,24,1,26,0,24,53,6,83,178,26,204,287
01/07/2000,GGG,TX,ASW,CE,Towers with Radar,0,15,21,13,49,0,1,23,0,24,0,16,44,13,73,62,40,102,175
01/08/2000,GGG,TX,ASW,CE,Towers with Radar,0,9,20,4,33,0,0,1,0,1,0,9,21,4,34,0,2,2,36
01/09/2000,GGG,TX,ASW,CE,Towers with Radar,0,9,10,16,35,0,0,24,1,25,0,9,34,17,60,38,8,46,106
01/10/2000,GGG,TX,ASW,CE,Towers with Radar,0,10,23,9,42,0,0,27,0,27,0,10,50,9,69,52,8,60,129
01/11/2000,GGG,TX,ASW,CE,Towers with Radar,0,13,28,7,48,0,1,54,5,60,0,14,82,12,108,80,68,148,256
01/12/2000,GGG,TX,ASW,CE,Towers with Radar,0,12,33,10,55,0,0,30,2,32,0,12,63,12,87,114,34,148,235
01/13/2000,GGG,TX,ASW,CE,Towers with Radar,0,14,29,33,76,0,0,42,2,44,0,14,71,35,120,128,118,246,366
01/14/2000,GGG,TX,ASW,CE,Towers with Radar,0,15,30,9,54,0,0,96,9,105,0,15,126,18,159,158,50,208,367
01/15/2000,GGG,TX,ASW,CE,Towers with Radar,0,10,9,3,22,0,0,40,0,40,0,10,49,3,62,114,6,120,182
01/16/2000,GGG,TX,ASW,CE,Towers with Radar,0,10,11,0,21,0,0,30,0,30,0,10,41,0,51,42,0,42,93
01/17/2000,GGG,TX,ASW,CE,Towers with Radar,0,13,33,0,46,0,0,36,0,36,0,13,69,0,82,86,0,86,168
01/18/2000,GGG,TX,ASW,CE,Towers with Radar,0,11,27,7,45,0,0,60,9,69,0,11,87,16,114,122,64,186,300
01/19/2000,GGG,TX,ASW,CE,Towers with Radar,0,20,32,16,68,0,2,35,1,38,0,22,67,17,106,48,42,90,196
01/20/2000,GGG,TX,ASW,CE,Towers with Radar,0,11,23,0,34,0,0,68,1,69,0,11,91,1,103,154,0,154,257
01/21/2000,GGG,TX,ASW,CE,Towers with Radar,0,11,20,3,34,0,1,85,2,88,0,12,105,5,122,156,2,158,280
01/22/2000,GGG,TX,ASW,CE,Towers with Radar,0,10,10,0,20,0,0,4,2,6,0,10,14,2,26,18,0,18,44
01/23/2000,GGG,TX,ASW,CE,Towers with Radar,0,11,23,5,39,0,0,43,0,43,0,11,66,5,82,66,8,74,156
01/24/2000,GGG,TX,ASW,CE,Towers with Radar,0,10,15,9,34,0,0,70,1,71,0,10,85,10,105,140,62,202,307
01/25/2000,GGG,TX,ASW,CE,Towers with Radar,0,16,23,13,52,0,0,82,1,83,0,16,105,14,135,164,60,224,359
01/26/2000,GGG,TX,ASW,CE,Towers with Radar,0,17,30,0,47,0,0,83,0,83,0,17,113,0,130,154,22,176,306
01/27/2000,GGG,TX,ASW,CE,Towers with Radar,0,2,2,0,4,0,0,0,0,0,0,2,2,0,4,0,0,0,4
01/28/2000,GGG,TX,ASW,CE,Towers with Radar,0,11,6,0,17,0,0,0,0,0,0,11,6,0,17,0,0,0,17
01/29/2000,GGG,TX,ASW,CE,Towers with Radar,0,11,15,3,29,0,0,1,0,1,0,11,16,3,30,24,6,30,60
01/30/2000,GGG,TX,ASW,CE,Towers with Radar,0,9,11,0,20,0,0,22,0,22,0,9,33,0,42,40,0,40,82
01/31/2000,GGG,TX,ASW,CE,Towers with Radar,0,9,22,0,31,0,0,58,0,58,0,9,80,0,89,92,0,92,181
02/01/2000,GGG,TX,ASW,CE,Towers with Radar,0,12,26,0,38,0,0,59,0,59,0,12,85,0,97,202,0,202,299
02/02/2000,GGG,TX,ASW,CE,Towers with Radar,0,15,33,5,53,0,9,56,2,67,0,24,89,7,120,248,32,280,400
02/03/2000,GGG,TX,ASW,CE,Towers with Radar,0,21,30,17,68,0,2,64,8,74,0,23,94,25,142,196,78,274,416
02/04/2000,GGG,TX,ASW,CE,Towers with Radar,0,12,27,10,49,0,0,101,0,101,0,12,128,10,150,192,32,224,374
02/05/2000,GGG,TX,ASW,CE,Towers with Radar,0,10,15,2,27,0,0,65,4,69,0,10,80,6,96,96,0,96,192
02/06/2000,GGG,TX,ASW,CE,Towers with Radar,0,10,11,4,25,0,0,38,0,38,0,10,49,4,63,20,0,20,83
02/07/2000,GGG,TX,ASW,CE,Towers with Radar,2,11,24,5,42,0,0,56,0,56,2,11,80,5,98,158,10,168,266
02/08/2000,GGG,TX,ASW,CE,Towers with Radar,0,16,41,7,64,0,0,96,2,98,0,16,137,9,162,228,62,290,452
02/09/2000,GGG,TX,ASW,CE,Towers with Radar,0,11,16,1,28,0,0,80,0,80,0,11,96,1,108,126,0,126,234
02/10/2000,GGG,TX,ASW,CE,Towers with Radar,0,14,41,5,60,0,0,65,2,67,0,14,106,7,127,256,28,284,411
02/11/2000,GGG,TX,ASW,CE,Towers with Radar,0,14,24,8,46,0,0,57,2,59,0,14,81,10,105,152,50,202,307
02/12/2000,GGG,TX,ASW,CE,Towers with Radar,0,13,32,2,47,0,3,32,0,35,0,16,64,2,82,66,4,70,152
02/13/2000,GGG,TX,ASW,CE,Towers with Radar,0,10,10,0,20,0,0,15,0,15,0,10,25,0,35,6,0,6,41
02/14/2000,GGG,TX,ASW,CE,Towers with Radar,0,9,24,3,36,0,0,78,1,79,0,9,102,4,115,184,16,200,315
02/15/2000,GGG,TX,ASW,CE,Towers with Radar,0,13,26,2,41,0,0,44,0,44,0,13,70,2,85,222,2,224,309
02/16/2000,GGG,TX,ASW,CE,Towers with Radar,0,11,48,11,70,0,0,53,0,53,0,11,101,11,123,330,6,336,459
02/17/2000,GGG,TX,ASW,CE,Towers with Radar,0,13,39,5,57,0,0,31,0,31,0,13,70,5,88,210,8,218,306
02/18/2000,GGG,TX,ASW,CE,Towers with Radar,0,11,22,7,40,0,0,51,1,52,0,11,73,8,92,258,42,300,392
02/19/2000,GGG,TX,ASW,CE,Towers with Radar,0,8,26,3,37,0,0,53,0,53,0,8,79,3,90,206,6,212,302
02/20/2000,GGG,TX,ASW,CE,Towers with Radar,0,14,13,0,27,0,0,51,0,51,0,14,64,0,78,84,0,84,162
02/21/2000,GGG,TX,ASW,CE,Towers with Radar,0,9,36,6,51,0,0,87,0,87,0,9,123,6,138,298,16,314,452
02/22/2000,GGG,TX,ASW,CE,Towers with Radar,0,12,34,0,46,0,0,42,0,42,0,12,76,0,88,146,0,146,234
02/23/2000,GGG,TX,ASW,CE,Towers with Radar,0,15,49,0,64,0,0,63,1,64,0,15,112,1,128,300,0,300,428
02/24/2000,GGG,TX,ASW,CE,Towers with Radar,0,25,70,4,99,0,1,44,2,47,0,26,114,6,146,352,24,376,522
02/25/2000,GGG,TX,ASW,CE,Towers with Radar,0,16,36,6,58,0,0,20,3,23,0,16,56,9,81,190,58,248,329
02/26/2000,GGG,TX,ASW,CE,Towers with Radar,0,10,12,0,22,0,3,27,0,30,0,13,39,0,52,104,0,104,156
02/27/2000,GGG,TX,ASW,CE,Towers with Radar,0,11,18,0,29,0,0,44,2,46,0,11,62,2,75,122,0,122,197
02/28/2000,GGG,TX,ASW,CE,Towers with Radar,0,12,31,4,47,0,0,88,3,91,0,12,119,7,138,400,10,410,548
02/29/2000,GGG,TX,ASW,CE,Towers with Radar,0,12,45,10,67,0,0,59,4,63,0,12,104,14,130,334,20,354,484
03/01/2000,GGG,TX,ASW,CE,Towers with Radar,0,12,50,5,67,0,0,68,19,87,0,12,118,24,154,302,32,334,488
03/02/2000,GGG,TX,ASW,CE,Towers with Radar,0,13,31,8,52,0,1,61,16,78,0,14,92,24,130,304,36,340,470
03/03/2000,GGG,TX,ASW,CE,Towers with Radar,0,17,40,3,60,0,0,50,4,54,0,17,90,7,114,188,18,206,320
03/04/2000,GGG,TX,ASW,CE,Towers with Radar,0,10,32,0,42,0,0,78,0,78,0,10,110,0,120,296,0,296,416
03/05/2000,GGG,TX,ASW,CE,Towers with Radar,0,10,10,4,24,0,0,35,0,35,0,10,45,4,59,40,0,40,99
03/06/2000,GGG,TX,ASW,CE,Towers with Radar,0,10,58,3,71,0,0,40,0,40,0,10,98,3,111,234,4,238,349
03/07/2000,GGG,TX,ASW,CE,Towers with Radar,0,22,51,4,77,0,3,44,0,47,0,25,95,4,124,316,36,352,476
03/08/2000,GGG,TX,ASW,CE,Towers with Radar,0,19,40,2,61,0,1,52,0,53,0,20,92,2,114,292,6,298,412
03/09/2000,GGG,TX,ASW,CE,Towers with Radar,0,14,65,8,87,0,1,88,0,89,0,15,153,8,176,346,12,358,534
03/10/2000,GGG,TX,ASW,CE,Towers with Radar,0,8,37,0,45,0,0,7,0,7,0,8,44,0,52,22,0,22,74
03/11/2000,GGG,TX,ASW,CE,Towers with Radar,0,16,39,2,57,0,0,52,0,52,0,16,91,2,109,192,0,192,301
03/12/2000,GGG,TX,ASW,CE,Towers with Radar,0,10,25,2,37,0,0,61,0,61,0,10,86,2,98,34,0,34,132
03/13/2000,GGG,TX,ASW,CE,Towers with Radar,0,10,41,20,71,0,0,56,0,56,0,10,97,20,127,198,78,276,403
03/14/2000,GGG,TX,ASW,CE,Towers with Radar,0,12,13,3,28,0,0,63,0,63,0,12,76,3,91,246,22,268,359
03/15/2000,GGG,TX,ASW,CE,Towers with Radar,0,11,34,0,45,0,0,0,0,0,0,11,34,0,45,4,0,4,49
03/16/2000,GGG,TX,ASW,CE,Towers with Radar,0,15,59,11,85,0,0,45,2,47,0,15,104,13,132,200,8,208,340
03/17/2000,GGG,TX,ASW,CE,Towers with Radar,0,12,32,9,53,0,0,1,0,1,0,12,33,9,54,12,0,12,66
03/18/2000,GGG,TX,ASW,CE,Towers with Radar,0,13,22,3,38,0,0,4,0,4,0,13,26,3,42,26,0,26,68
03/19/2000,GGG,TX,ASW,CE,Towers with Radar,0,10,20,0,30,0,0,30,0,30,0,10,50,0,60,34,0,34,94
03/20/2000,GGG,TX,ASW,CE,Towers with Radar,0,13,38,12,63,0,0,94,0,94,0,13,132,12,157,318,30,348,505
03/21/2000,GGG,TX,ASW,CE,Towers with Radar,0,12,42,0,54,0,0,27,0,27,0,12,69,0,81,128,0,128,209
03/22/2000,GGG,TX,ASW,CE,Towers with Radar,0,18,53,6,77,0,0,77,1,78,0,18,130,7,155,284,12,296,451
03/23/2000,GGG,TX,ASW,CE,Towers with Radar,0,11,32,0,43,0,1,67,2,70,0,12,99,2,113,140,0,140,253
03/24/2000,GGG,TX,ASW,CE,Towers with Radar,0,10,44,13,67,0,0,52,8,60,0,10,96,21,127,178,58,236,363
03/25/2000,GGG,TX,ASW,CE,Towers with Radar,0,9,30,0,39,0,0,26,0,26,0,9,56,0,65,74,0,74,139
03/26/2000,GGG,TX,ASW,CE,Towers with Radar,0,10,19,0,29,0,0,23,0,23,0,10,42,0,52,98,0,98,150
03/27/2000,GGG,TX,ASW,CE,Towers with Radar,0,11,42,3,56,0,0,66,1,67,0,11,108,4,123,220,0,220,343
03/28/2000,GGG,TX,ASW,CE,Towers with Radar,4,13,54,0,71,0,0,81,0,81,4,13,135,0,152,300,0,300,452
03/29/2000,GGG,TX,ASW,CE,Towers with Radar,0,11,33,0,44,0,1,41,0,42,0,12,74,0,86,256,0,256,342
03/30/2000,GGG,TX,ASW,CE,Towers with Radar,0,13,49,0,62,0,0,77,0,77,0,13,126,0,139,254,0,254,393
03/31/2000,GGG,TX,ASW,CE,Towers with Radar,0,14,42,5,61,0,1,70,5,76,0,15,112,10,137,282,20,302,439
04/01/2000,GGG,TX,ASW,CE,Towers with Radar,0,7,42,3,52,0,1,28,0,29,0,8,70,3,81,134,12,146,227
04/02/2000,GGG,TX,ASW,CE,Towers with Radar,0,10,10,0,20,0,0,0,0,0,0,10,10,0,20,0,0,0,20
04/03/2000,GGG,TX,ASW,CE,Towers with Radar,0,19,62,1,82,0,0,16,1,17,0,19,78,2,99,86,6,92,191
04/04/2000,GGG,TX,ASW,CE,Towers with Radar,0,11,50,8,69,0,0,75,3,78,0,11,125,11,147,198,2,200,347
04/05/2000,GGG,TX,ASW,CE,Towers with Radar,0,13,48,5,66,0,6,114,3,123,0,19,162,8,189,222,0,222,411
04/06/2000,GGG,TX,ASW,CE,Towers with Radar,0,13,49,3,65,0,0,53,0,53,0,13,102,3,118,176,2,178,296
04/07/2000,GGG,TX,ASW,CE,Towers with Radar,0,13,57,2,72,0,0,23,2,25,0,13,80,4,97,100,0,100,197
04/08/2000,GGG,TX,ASW,CE,Towers with Radar,0,8,15,9,32,0,0,69,0,69,0,8,84,9,101,198,42,240,341
04/09/2000,GGG,TX,ASW,CE,Towers with Radar,0,10,13,0,23,0,0,65,0,65,0,10,78,0,88,90,0,90,178
04/10/2000,GGG,TX,ASW,CE,Towers with Radar,0,12,30,0,42,0,0,58,2,60,0,12,88,2,102,170,0,170,272
04/11/2000,GGG,TX,ASW,CE,Towers with Radar,0,11,37,4,52,0,1,12,8,21,0,12,49,12,73,68,46,114,187
04/12/2000,GGG,TX,ASW,CE,Towers with Radar,0,10,49,0,59,0,0,8,0,8,0,10,57,0,67,0,0,0,67
04/13/2000,GGG,TX,ASW,CE,Towers with Radar,0,11,83,23,117,0,0,5,0,5,0,11,88,23,122,102,40,142,264
04/14/2000,GGG,TX,ASW,CE,Towers with Radar,0,10,73,19,102,0,0,14,6,20,0,10,87,25,122,4,10,14,136
04/15/2000,GGG,TX,ASW,CE,Towers with Radar,0,10,35,0,45,0,0,39,0,39,0,10,74,0,84,160,0,160,244
04/16/2000,GGG,TX,ASW,CE,Towers with Radar,0,8,19,0,27,0,0,9,0,9,0,8,28,0,36,42,0,42,78
04/17/2000,GGG,TX,ASW,CE,Towers with Radar,0,9,45,0,54,0,0,118,0,118,0,9,163,0,172,366,0,366,538
04/18/2000,GGG,TX,ASW,CE,Towers with Radar,0,10,48,6,64,0,0,83,0,83,0,10,131,6,147,268,16,284,431
04/19/2000,GGG,TX,ASW,CE,Towers with Radar,0,14,51,4,69,0,0,69,0,69,0,14,120,4,138,202,20,222,360
04/20/2000,GGG,TX,ASW,CE,Towers with Radar,0,12,40,7,59,0,1,74,0,75,0,13,114,7,134,258,34,292,426
04/21/2000,GGG,TX,ASW,CE,Towers with Radar,0,10,29,0,39,0,1,104,0,105,0,11,133,0,144,246,0,246,390
04/22/2000,GGG,TX,ASW,CE,Towers with Radar,0,7,27,0,34,0,2,48,0,50,0,9,75,0,84,92,0,92,176
04/23/2000,GGG,TX,ASW,CE,Towers with Radar,0,8,16,0,24,0,0,8,0,8,0,8,24,0,32,14,0,14,46
04/24/2000,GGG,TX,ASW,CE,Towers with Radar,0,9,41,0,50,0,0,77,0,77,0,9,118,0,127,288,0,288,415
04/25/2000,GGG,TX,ASW,CE,Towers with Radar,0,11,39,3,53,0,1,119,4,124,0,12,158,7,177,320,0,320,497
04/26/2000,GGG,TX,ASW,CE,Towers with Radar,0,10,51,29,90,0,0,98,9,107,0,10,149,38,197,310,82,392,589
04/27/2000,GGG,TX,ASW,CE,Towers with Radar,0,13,28,1,42,0,0,7,0,7,0,13,35,1,49,12,0,12,61
04/28/2000,GGG,TX,ASW,CE,Towers with Radar,0,10,40,4,54,0,1,103,0,104,0,11,143,4,158,92,20,112,270
04/29/2000,GGG,TX,ASW,CE,Towers with Radar,0,11,28,0,39,0,0,63,0,63,0,11,91,0,102,116,0,116,218
04/30/2000,GGG,TX,ASW,CE,Towers with Radar,0,9,25,0,34,0,0,17,0,17,0,9,42,0,51,28,0,28,79
05/01/2000,GGG,TX,ASW,CE,Towers with Radar,0,11,26,0,37,0,0,35,0,35,0,11,61,0,72,110,0,110,182
05/02/2000,GGG,TX,ASW,CE,Towers with Radar,0,12,48,0,60,0,1,58,1,60,0,13,106,1,120,158,0,158,278
05/03/2000,GGG,TX,ASW,CE,Towers with Radar,0,14,34,0,48,0,0,38,0,38,0,14,72,0,86,126,0,126,212
05/04/2000,GGG,TX,ASW,CE,Towers with Radar,0,9,24,0,33,0,0,17,0,17,0,9,41,0,50,44,0,44,94
05/05/2000,GGG,TX,ASW,CE,Towers with Radar,0,12,33,0,45,0,0,31,0,31,0,12,64,0,76,114,0,114,190
05/06/2000,GGG,TX,ASW,CE,Towers with Radar,2,10,21,2,35,0,0,28,4,32,2,10,49,6,67,78,8,86,153
05/07/2000,GGG,TX,ASW,CE,Towers with Radar,2,8,24,0,34,0,0,30,0,30,2,8,54,0,64,16,0,16,80
05/08/2000,GGG,TX,ASW,CE,Towers with Radar,0,18,39,16,73,0,0,81,0,81,0,18,120,16,154,256,30,286,440
05/09/2000,GGG,TX,ASW,CE,Towers with Radar,0,14,57,7,78,0,0,53,0,53,0,14,110,7,131,194,18,212,343
05/10/2000,GGG,TX,ASW,CE,Towers with Radar,0,13,49,0,62,0,0,51,0,51,0,13,100,0,113,118,0,118,231
05/11/2000,GGG,TX,ASW,CE,Towers with Radar,0,12,47,8,67,0,0,60,0,60,0,12,107,8,127,162,40,202,329
05/12/2000,GGG,TX,ASW,CE,Towers with Radar,0,11,50,6,67,0,0,65,0,65,0,11,115,6,132,144,8,152,284
05/13/2000,GGG,TX,ASW,CE,Towers with Radar,1,9,30,4,44,0,0,58,0,58,1,9,88,4,102,98,6,104,206
05/14/2000,GGG,TX,ASW,CE,Towers with Radar,0,9,13,0,22,0,0,46,0,46,0,9,59,0,68,16,0,16,84
05/15/2000,GGG,TX,ASW,CE,Towers with Radar,0,8,61,1,70,0,0,78,1,79,0,8,139,2,149,142,0,142,291
05/16/2000,GGG,TX,ASW,CE,Towers with Radar,0,11,43,20,74,0,3,74,2,79,0,14,117,22,153,204,56,260,413
05/17/2000,GGG,TX,ASW,CE,Towers with Radar,0,11,34,3,48,0,2,86,1,89,0,13,120,4,137,182,4,186,323
05/18/2000,GGG,TX,ASW,CE,Towers with Radar,4,13,23,5,45,0,3,61,0,64,4,16,84,5,109,230,8,238,347
05/19/2000,GGG,TX,ASW,CE,Towers with Radar,6,7,17,0,30,0,0,8,0,8,6,7,25,0,38,46,0,46,84
05/20/2000,GGG,TX,ASW,CE,Towers with Radar,0,12,13,0,25,0,1,41,2,44,0,13,54,2,69,36,0,36,105
05/21/2000,GGG,TX,ASW,CE,Towers with Radar,0,10,18,0,28,0,0,43,0,43,0,10,61,0,71,62,0,62,133
05/22/2000,GGG,TX,ASW,CE,Towers with Radar,0,10,37,0,47,0,0,92,0,92,0,10,129,0,139,162,0,162,301
05/23/2000,GGG,TX,ASW,CE,Towers with Radar,0,10,31,2,43,0,0,103,2,105,0,10,134,4,148,116,0,116,264
05/24/2000,GGG,TX,ASW,CE,Towers with Radar,0,11,41,12,64,0,0,66,2,68,0,11,107,14,132,138,76,214,346
05/25/2000,GGG,TX,ASW,CE,Towers with Radar,0,11,31,0,42,0,0,89,2,91,0,11,120,2,133,220,0,220,353
05/26/2000,GGG,TX,ASW,CE,Towers with Radar,0,10,27,0,37,0,0,47,1,48,0,10,74,1,85,232,0,232,317
05/27/2000,GGG,TX,ASW,CE,Towers with Radar,0,6,17,0,23,0,0,23,0,23,0,6,40,0,46,56,0,56,102
05/28/2000,GGG,TX,ASW,CE,Towers with Radar,0,9,15,5,29,0,0,33,0,33,0,9,48,5,62,70,10,80,142
05/29/2000,GGG,TX,ASW,CE,Towers with Radar,0,11,29,0,40,0,0,88,0,88,0,11,117,0,128,296,0,296,424
05/30/2000,GGG,TX,ASW,CE,Towers with Radar,0,10,53,9,72,0,0,105,0,105,0,10,158,9,177,320,44,364,541
05/31/2000,GGG,TX,ASW,CE,Towers with Radar,0,12,37,11,60,0,1,72,4,77,0,13,109,15,137,260,18,278,415
06/01/2000,GGG,TX,ASW,CE,Towers with Radar,0,11,35,9,55,0,0,71,21,92,0,11,106,30,147,110,98,208,355
06/02/2000,GGG,TX,ASW,CE,Towers with Radar,0,12,31,8,51,0,2,73,13,88,0,14,104,21,139,262,38,300,439
06/03/2000,GGG,TX,ASW,CE,Towers with Radar,0,9,12,0,21,0,0,27,0,27,0,9,39,0,48,40,0,40,88
06/04/2000,GGG,TX,ASW,CE,Towers with Radar,0,6,15,2,23,0,4,2,0,6,0,10,17,2,29,0,0,0,29
06/05/2000,GGG,TX,ASW,CE,Towers with Radar,0,10,36,7,53,0,0,45,0,45,0,10,81,7,98,138,0,138,236
06/06/2000,GGG,TX,ASW,CE,Towers with Radar,0,11,29,0,40,0,0,86,0,86,0,11,115,0,126,336,0,336,462
06/07/2000,GGG,TX,ASW,CE,Towers with Radar,0,14,38,3,55,0,0,112,4,116,0,14,150,7,171,178,26,204,375
06/08/2000,GGG,TX,ASW,CE,Towers with Radar,0,13,39,23,75,0,0,83,14,97,0,13,122,37,172,226,74,300,472
06/09/2000,GGG,TX,ASW,CE,Towers with Radar,0,11,31,0,42,0,0,36,0,36,0,11,67,0,78,66,0,66,144
06/10/2000,GGG,TX,ASW,CE,Towers with Radar,0,8,14,0,22,0,6,0,0,6,0,14,14,0,28,10,0,10,38
06/11/2000,GGG,TX,ASW,CE,Towers with Radar,0,6,13,0,19,0,0,0,0,0,0,6,13,0,19,0,0,0,19
06/12/2000,GGG,TX,ASW,CE,Towers with Radar,0,10,40,0,50,0,0,53,0,53,0,10,93,0,103,154,0,154,257
06/13/2000,GGG,TX,ASW,CE,Towers with Radar,0,13,32,35,80,0,0,94,2,96,0,13,126,37,176,142,76,218,394
06/14/2000,GGG,TX,ASW,CE,Towers with Radar,0,10,24,6,40,0,0,43,1,44,0,10,67,7,84,170,48,218,302
06/15/2000,GGG,TX,ASW,CE,Towers with Radar,0,11,28,0,39,0,1,20,0,21,0,12,48,0,60,112,0,112,172
06/16/2000,GGG,TX,ASW,CE,Towers with Radar,0,10,26,7,43,2,4,48,1,55,2,14,74,8,98,142,6,148,246
06/17/2000,GGG,TX,ASW,CE,Towers with Radar,0,7,12,0,19,0,0,12,0,12,0,7,24,0,31,28,0,28,59
06/18/2000,GGG,TX,ASW,CE,Towers with Radar,0,11,15,4,30,0,0,10,0,10,0,11,25,4,40,20,0,20,60
06/19/2000,GGG,TX,ASW,CE,Towers with Radar,0,10,25,6,41,2,0,34,2,38,2,10,59,8,79,108,0,108,187
06/20/2000,GGG,TX,ASW,CE,Towers with Radar,0,11,32,18,61,0,0,79,13,92,0,11,111,31,153,278,110,388,541
06/21/2000,GGG,TX,ASW,CE,Towers with Radar,0,11,31,3,45,0,0,42,1,43,0,11,73,4,88,162,2,164,252
06/22/2000,GGG,TX,ASW,CE,Towers with Radar,0,13,46,4,63,0,0,71,1,72,0,13,117,5,135,162,6,168,303
06/23/2000,GGG,TX,ASW,CE,Towers with Radar,0,11,29,7,47,0,0,53,8,61,0,11,82,15,108,135,56,191,299
06/24/2000,GGG,TX,ASW,CE,Towers with Radar,0,9,9,3,21,0,0,45,0,45,0,9,54,3,66,24,0,24,90
06/25/2000,GGG,TX,ASW,CE,Towers with Radar,0,10,15,5,30,0,0,34,0,34,0,10,49,5,64,130,20,150,214
06/26/2000,GGG,TX,ASW,CE,Towers with Radar,0,8,22,0,30,0,0,34,0,34,0,8,56,0,64,198,0,198,262
06/27/2000,GGG,TX,ASW,CE,Towers with Radar,0,10,29,6,45,0,0,24,0,24,0,10,53,6,69,162,4,166,235
06/28/2000,GGG,TX,ASW,CE,Towers with Radar,0,6,33,15,54,0,1,36,2,39,0,7,69,17,93,150,136,286,379
06/29/2000,GGG,TX,ASW,CE,Towers with Radar,0,13,33,8,54,0,0,47,7,54,0,13,80,15,108,140,24,164,272
06/30/2000,GGG,TX,ASW,CE,Towers with Radar,0,13,17,3,33,0,0,20,3,23,0,13,37,6,56,36,0,36,92
07/01/2000,GGG,TX,ASW,CE,Towers with Radar,0,10,15,0,25,0,1,18,0,19,0,11,33,0,44,22,0,22,66
07/02/2000,GGG,TX,ASW,CE,Towers with Radar,0,9,16,0,25,0,0,36,0,36,0,9,52,0,61,70,0,70,131
07/03/2000,GGG,TX,ASW,CE,Towers with Radar,0,10,9,2,21,0,0,37,0,37,0,10,46,2,58,62,2,64,122
07/04/2000,GGG,TX,ASW,CE,Towers with Radar,0,8,13,2,23,0,1,29,0,30,0,9,42,2,53,66,2,68,121
07/05/2000,GGG,TX,ASW,CE,Towers with Radar,0,11,23,7,41,0,0,70,0,70,0,11,93,7,111,56,2,58,169
07/06/2000,GGG,TX,ASW,CE,Towers with Radar,0,11,20,3,34,0,0,34,0,34,0,11,54,3,68,98,8,106,174
07/07/2000,GGG,TX,ASW,CE,Towers with Radar,0,14,25,6,45,0,4,42,0,46,0,18,67,6,91,46,0,46,137
07/08/2000,GGG,TX,ASW,CE,Towers with Radar,0,9,17,6,32,0,1,47,2,50,0,10,64,8,82,72,18,90,172
07/09/2000,GGG,TX,ASW,CE,Towers with Radar,0,11,11,10,32,0,0,47,1,48,0,11,58,11,80,40,32,72,152
07/10/2000,GGG,TX,ASW,CE,Towers with Radar,0,7,32,18,57,0,0,50,0,50,0,7,82,18,107,104,66,170,277
07/11/2000,GGG,TX,ASW,CE,Towers with Radar,0,19,32,5,56,0,0,32,0,32,0,19,64,5,88,50,6,56,144
07/12/2000,GGG,TX,ASW,CE,Towers with Radar,0,15,25,8,48,1,1,51,13,66,1,16,76,21,114,158,68,226,340
07/13/2000,GGG,TX,ASW,CE,Towers with Radar,0,10,25,5,40,0,0,56,0,56,0,10,81,5,96,22,24,46,142
07/14/2000,GGG,TX,ASW,CE,Towers with Radar,0,13,22,6,41,0,2,55,0,57,0,15,77,6,98,48,8,56,154
07/15/2000,GGG,TX,ASW,CE,Towers with Radar,0,7,16,0,23,0,0,52,0,52,0,7,68,0,75,32,8,40,115
07/16/2000,GGG,TX,ASW,CE,Towers with Radar,0,10,22,7,39,0,0,74,7,81,0,10,96,14,120,64,24,88,208
07/17/2000,GGG,TX,ASW,CE,Towers with Radar,0,8,23,24,55,0,0,61,7,68,0,8,84,31,123,148,78,226,349
07/18/2000,GGG,TX,ASW,CE,Towers with Radar,0,8,25,5,38,0,0,39,0,39,0,8,64,5,77,134,8,142,219
07/19/2000,GGG,TX,ASW,CE,Towers with Radar,0,10,13,13,36,0,2,51,11,64,0,12,64,24,100,60,8,68,168
07/20/2000,GGG,TX,ASW,CE,Towers with Radar,0,9,20,0,29,0,0,37,0,37,0,9,57,0,66,122,0,122,188
07/21/2000,GGG,TX,ASW,CE,Towers with Radar,0,10,11,6,27,0,1,31,1,33,0,11,42,7,60,78,30,108,168
07/22/2000,GGG,TX,ASW,CE,Towers with Radar,0,9,17,7,33,0,1,30,14,45,0,10,47,21,78,68,56,124,202
07/23/2000,GGG,TX,ASW,CE,Towers with Radar,0,9,18,7,34,0,3,20,19,42,0,12,38,26,76,58,30,88,164
07/24/2000,GGG,TX,ASW,CE,Towers with Radar,0,10,19,7,36,0,3,48,7,58,0,13,67,14,94,68,26,94,188
07/25/2000,GGG,TX,ASW,CE,Towers with Radar,0,12,22,0,34,0,0,39,0,39,0,12,61,0,73,72,0,72,145
07/26/2000,GGG,TX,ASW,CE,Towers with Radar,0,16,39,0,55,0,0,64,0,64,0,16,103,0,119,94,0,94,213
07/27/2000,GGG,TX,ASW,CE,Towers with Radar,0,11,16,15,42,0,1,52,0,53,0,12,68,15,95,68,44,112,207
07/28/2000,GGG,TX,ASW,CE,Towers with Radar,0,10,33,8,51,0,1,53,0,54,0,11,86,8,105,72,6,78,183
07/29/2000,GGG,TX,ASW,CE,Towers with Radar,0,12,18,1,31,0,0,22,0,22,0,12,40,1,53,12,0,12,65
07/30/2000,GGG,TX,ASW,CE,Towers with Radar,0,7,14,4,25,0,4,11,0,15,0,11,25,4,40,2,2,4,44
07/31/2000,GGG,TX,ASW,CE,Towers with Radar,0,11,24,0,35,2,0,46,0,48,2,11,70,0,83,56,0,56,139
08/01/2000,GGG,TX,ASW,CE,Towers with Radar,0,9,40,0,49,0,2,35,0,37,0,11,75,0,86,166,0,166,252
08/02/2000,GGG,TX,ASW,CE,Towers with Radar,1,10,25,2,38,1,7,42,0,50,2,17,67,2,88,122,0,122,210
08/03/2000,GGG,TX,ASW,CE,Towers with Radar,0,11,28,6,45,0,1,29,0,30,0,12,57,6,75,0,8,8,83
08/04/2000,GGG,TX,ASW,CE,Towers with Radar,0,12,34,22,68,0,0,37,2,39,0,12,71,24,107,48,34,82,189
08/05/2000,GGG,TX,ASW,CE,Towers with Radar,0,7,18,3,28,0,3,8,1,12,0,10,26,4,40,20,24,44,84
08/06/2000,GGG,TX,ASW,CE,Towers with Radar,0,8,20,4,32,0,3,35,1,39,0,11,55,5,71,8,26,34,105
08/07/2000,GGG,TX,ASW,CE,Towers with Radar,0,9,18,26,53,0,0,30,2,32,0,9,48,28,85,78,100,178,263
08/08/2000,GGG,TX,ASW,CE,Towers with Radar,0,13,32,0,45,0,7,64,0,71,0,20,96,0,116,198,0,198,314
08/09/2000,GGG,TX,ASW,CE,Towers with Radar,0,13,23,34,70,0,0,36,5,41,0,13,59,39,111,50,72,122,233
08/10/2000,GGG,TX,ASW,CE,Towers with Radar,0,11,19,0,30,0,1,36,0,37,0,12,55,0,67,60,0,60,127
08/11/2000,GGG,TX,ASW,CE,Towers with Radar,0,14,8,3,25,0,0,29,2,31,0,14,37,5,56,14,0,14,70
08/12/2000,GGG,TX,ASW,CE,Towers with Radar,0,14,23,0,37,0,0,50,1,51,0,14,73,1,88,120,0,120,208
08/13/2000,GGG,TX,ASW,CE,Towers with Radar,0,8,19,2,29,0,0,18,1,19,0,8,37,3,48,6,16,22,70
08/14/2000,GGG,TX,ASW,CE,Towers with Radar,0,10,23,0,33,0,0,30,0,30,0,10,53,0,63,30,0,30,93
08/15/2000,GGG,TX,ASW,CE,Towers with Radar,0,8,18,24,50,0,0,49,1,50,0,8,67,25,100,104,48,152,252
08/16/2000,GGG,TX,ASW,CE,Towers with Radar,0,11,18,6,35,0,0,44,2,46,0,11,62,8,81,34,26,60,141
08/17/2000,GGG,TX,ASW,CE,Towers with Radar,0,12,27,8,47,0,0,47,4,51,0,12,74,12,98,78,50,128,226
08/18/2000,GGG,TX,ASW,CE,Towers with Radar,0,11,38,0,49,0,0,58,0,58,0,11,96,0,107,170,0,170,277
08/19/2000,GGG,TX,ASW,CE,Towers with Radar,0,7,19,12,38,0,0,33,1,34,0,7,52,13,72,12,36,48,120
08/20/2000,GGG,TX,ASW,CE,Towers with Radar,0,10,4,1,15,0,0,33,1,34,0,10,37,2,49,68,0,68,117
08/21/2000,GGG,TX,ASW,CE,Towers with Radar,0,8,22,1,31,0,0,32,1,33,0,8,54,2,64,44,0,44,108
08/22/2000,GGG,TX,ASW,CE,Towers with Radar,0,16,37,20,73,0,0,18,5,23,0,16,55,25,96,90,66,156,252
08/23/2000,GGG,TX,ASW,CE,Towers with Radar,0,9,34,17,60,0,0,37,3,40,0,9,71,20,100,162,70,232,332
08/24/2000,GGG,TX,ASW,CE,Towers with Radar,0,12,30,3,45,0,0,50,1,51,0,12,80,4,96,156,0,156,252
08/25/2000,GGG,TX,ASW,CE,Towers with Radar,0,11,31,1,43,0,0,43,0,43,0,11,74,1,86,148,0,148,234
08/26/2000,GGG,TX,ASW,CE,Towers with Radar,0,11,13,0,24,0,0,45,1,46,0,11,58,1,70,80,0,80,150
08/27/2000,GGG,TX,ASW,CE,Towers with Radar,0,10,37,0,47,0,0,45,1,46,0,10,82,1,93,140,0,140,233
08/28/2000,GGG,TX,ASW,CE,Towers with Radar,0,16,34,4,54,0,0,54,1,55,0,16,88,5,109,229,16,245,354
08/29/2000,GGG,TX,ASW,CE,Towers with Radar,0,11,38,8,57,0,0,42,2,44,0,11,80,10,101,148,38,186,287
08/30/2000,GGG,TX,ASW,CE,Towers with Radar,0,14,23,15,52,0,1,33,2,36,0,15,56,17,88,126,42,168,256
08/31/2000,GGG,TX,ASW,CE,Towers with Radar,0,13,33,9,55,0,0,37,3,40,0,13,70,12,95,112,72,184,279
09/01/2000,GGG,TX,ASW,CE,Towers with Radar,0,13,32,5,50,0,0,37,0,37,0,13,69,5,87,74,0,74,161
09/02/2000,GGG,TX,ASW,CE,Towers with Radar,0,12,5,3,20,0,1,34,1,36,0,13,39,4,56,62,0,62,118
09/03/2000,GGG,TX,ASW,CE,Towers with Radar,0,6,17,2,25,0,2,24,0,26,0,8,41,2,51,132,4,136,187
09/04/2000,GGG,TX,ASW,CE,Towers with Radar,0,7,18,0,25,0,4,39,0,43,0,11,57,0,68,116,0,116,184
09/05/2000,GGG,TX,ASW,CE,Towers with Radar,0,12,30,5,47,0,0,67,6,73,0,12,97,11,120,218,64,282,402
09/06/2000,GGG,TX,ASW,CE,Towers with Radar,0,9,16,4,29,0,1,48,0,49,0,10,64,4,78,122,22,144,222
09/07/2000,GGG,TX,ASW,CE,Towers with Radar,0,11,25,4,40,0,0,53,3,56,0,11,78,7,96,78,40,118,214
09/08/2000,GGG,TX,ASW,CE,Towers with Radar,0,12,31,0,43,0,0,53,0,53,0,12,84,0,96,138,0,138,234
09/09/2000,GGG,TX,ASW,CE,Towers with Radar,0,12,25,0,37,0,2,8,0,10,0,14,33,0,47,50,0,50,97
09/10/2000,GGG,TX,ASW,CE,Towers with Radar,0,8,29,0,37,0,1,25,0,26,0,9,54,0,63,34,0,34,97
09/11/2000,GGG,TX,ASW,CE,Towers with Radar,0,9,30,0,39,0,1,64,0,65,0,10,94,0,104,196,0,196,300
09/12/2000,GGG,TX,ASW,CE,Towers with Radar,0,12,29,6,47,0,1,32,0,33,0,13,61,6,80,114,46,160,240
09/13/2000,GGG,TX,ASW,CE,Towers with Radar,0,10,41,0,51,0,0,54,0,54,0,10,95,0,105,142,0,142,247
09/14/2000,GGG,TX,ASW,CE,Towers with Radar,0,14,33,6,53,0,0,72,4,76,0,14,105,10,129,140,24,164,293
09/15/2000,GGG,TX,ASW,CE,Towers with Radar,0,14,20,3,37,0,1,90,0,91,0,15,110,3,128,216,28,244,372
09/16/2000,GGG,TX,ASW,CE,Towers with Radar,0,11,10,0,21,0,0,71,0,71,0,11,81,0,92,188,0,188,280
09/17/2000,GGG,TX,ASW,CE,Towers with Radar,0,15,26,0,41,0,0,45,0,45,0,15,71,0,86,140,0,140,226
09/18/2000,GGG,TX,ASW,CE,Towers with Radar,0,9,20,4,33,0,0,71,9,80,0,9,91,13,113,199,50,249,362
09/19/2000,GGG,TX,ASW,CE,Towers with Radar,0,15,29,5,49,0,0,98,6,104,0,15,127,11,153,224,50,274,427
09/20/2000,GGG,TX,ASW,CE,Towers with Radar,0,12,35,17,64,0,2,43,1,46,0,14,78,18,110,180,46,226,336
09/21/2000,GGG,TX,ASW,CE,Towers with Radar,0,15,27,5,47,2,5,76,4,87,2,20,103,9,134,352,20,372,506
09/22/2000,GGG,TX,ASW,CE,Towers with Radar,0,15,34,6,55,1,0,41,1,43,1,15,75,7,98,122,2,124,222
09/23/2000,GGG,TX,ASW,CE,Towers with Radar,2,10,11,1,24,0,0,48,0,48,2,10,59,1,72,156,0,156,228
09/24/2000,GGG,TX,ASW,CE,Towers with Radar,0,11,8,0,19,0,0,7,0,7,0,11,15,0,26,20,0,20,46
09/25/2000,GGG,TX,ASW,CE,Towers with Radar,0,16,26,2,44,0,0,37,0,37,0,16,63,2,81,54,0,54,135
09/26/2000,GGG,TX,ASW,CE,Towers with Radar,0,17,29,0,46,0,0,98,0,98,0,17,127,0,144,324,0,324,468
09/27/2000,GGG,TX,ASW,CE,Towers with Radar,0,16,29,3,48,0,1,76,0,77,0,17,105,3,125,314,0,314,439
09/28/2000,GGG,TX,ASW,CE,Towers with Radar,0,11,22,1,34,0,0,104,1,105,0,11,126,2,139,278,0,278,417
09/29/2000,GGG,TX,ASW,CE,Towers with Radar,0,10,22,3,35,0,0,96,0,96,0,10,118,3,131,268,0,268,399
09/30/2000,GGG,TX,ASW,CE,Towers with Radar,3,11,17,6,37,0,0,63,0,63,3,11,80,6,100,244,0,244,344
10/01/2000,GGG,TX,ASW,CE,Towers with Radar,0,9,35,0,44,0,1,35,0,36,0,10,70,0,80,14,0,14,94
10/02/2000,GGG,TX,ASW,CE,Towers with Radar,0,10,32,0,42,0,0,64,0,64,0,10,96,0,106,260,0,260,366
10/03/2000,GGG,TX,ASW,CE,Towers with Radar,0,12,45,19,76,0,3,55,0,58,0,15,100,19,134,220,40,260,394
10/04/2000,GGG,TX,ASW,CE,Towers with Radar,0,10,30,6,46,0,5,39,9,53,0,15,69,15,99,224,52,276,375
10/05/2000,GGG,TX,ASW,CE,Towers with Radar,0,18,50,6,74,0,6,26,0,32,0,24,76,6,106,104,12,116,222
10/06/2000,GGG,TX,ASW,CE,Towers with Radar,0,12,40,0,52,0,0,1,0,1,0,12,41,0,53,0,0,0,53
10/07/2000,GGG,TX,ASW,CE,Towers with Radar,0,12,20,0,32,0,1,27,0,28,0,13,47,0,60,178,0,178,238
10/08/2000,GGG,TX,ASW,CE,Towers with Radar,0,8,12,3,23,0,1,21,0,22,0,9,33,3,45,88,10,98,143
10/09/2000,GGG,TX,ASW,CE,Towers with Radar,0,10,28,2,40,0,1,66,0,67,0,11,94,2,107,168,0,168,275
10/10/2000,GGG,TX,ASW,CE,Towers with Radar,0,11,30,6,47,0,0,78,3,81,0,11,108,9,128,332,26,358,486
10/11/2000,GGG,TX,ASW,CE,Towers with Radar,0,13,33,0,46,0,0,79,0,79,0,13,112,0,125,290,0,290,415
10/12/2000,GGG,TX,ASW,CE,Towers with Radar,0,12,32,6,50,0,0,95,0,95,0,12,127,6,145,178,14,192,337
10/13/2000,GGG,TX,ASW,CE,Towers with Radar,0,12,35,8,55,0,0,63,5,68,0,12,98,13,123,324,46,370,493
10/14/2000,GGG,TX,ASW,CE,Towers with Radar,0,10,20,0,30,0,1,48,0,49,0,11,68,0,79,122,0,122,201
10/15/2000,GGG,TX,ASW,CE,Towers with Radar,4,9,20,0,33,0,0,26,0,26,4,9,46,0,59,124,0,124,183
10/16/2000,GGG,TX,ASW,CE,Towers with Radar,0,6,34,0,40,0,0,5,0,5,0,6,39,0,45,0,0,0,45
10/17/2000,GGG,TX,ASW,CE,Towers with Radar,0,15,42,9,66,0,5,55,12,72,0,20,97,21,138,258,24,282,420
10/18/2000,GGG,TX,ASW,CE,Towers with Radar,0,14,36,5,55,0,0,67,0,67,0,14,103,5,122,198,20,218,340
10/19/2000,GGG,TX,ASW,CE,Towers with Radar,0,13,32,7,52,0,4,71,5,80,0,17,103,12,132,174,20,194,326
10/20/2000,GGG,TX,ASW,CE,Towers with Radar,0,12,39,3,54,1,0,64,0,65,1,12,103,3,119,332,26,358,477
10/21/2000,GGG,TX,ASW,CE,Towers with Radar,1,20,17,9,47,0,0,30,1,31,1,20,47,10,78,172,86,258,336
10/22/2000,GGG,TX,ASW,CE,Towers with Radar,0,9,13,3,25,0,0,3,0,3,0,9,16,3,28,0,0,0,28
10/23/2000,GGG,TX,ASW,CE,Towers with Radar,0,10,37,7,54,0,0,23,3,26,0,10,60,10,80,98,12,110,190
10/24/2000,GGG,TX,ASW,CE,Towers with Radar,0,13,41,8,62,0,0,49,18,67,0,13,90,26,129,196,68,264,393
10/25/2000,GGG,TX,ASW,CE,Towers with Radar,0,14,41,0,55,2,0,64,0,66,2,14,105,0,121,202,0,202,323
10/26/2000,GGG,TX,ASW,CE,Towers with Radar,0,11,25,7,43,0,0,30,2,32,0,11,55,9,75,104,18,122,197
10/27/2000,GGG,TX,ASW,CE,Towers with Radar,0,13,37,14,64,0,1,74,0,75,0,14,111,14,139,248,42,290,429
10/28/2000,GGG,TX,ASW,CE,Towers with Radar,0,11,29,0,40,0,1,42,0,43,0,12,71,0,83,76,0,76,159
10/29/2000,GGG,TX,ASW,CE,Towers with Radar,0,7,19,0,26,0,3,14,0,17,0,10,33,0,43,10,0,10,53
10/30/2000,GGG,TX,ASW,CE,Towers with Radar,0,10,41,8,59,0,0,62,11,73,0,10,103,19,132,104,62,166,298
10/31/2000,GGG,TX,ASW,CE,Towers with Radar,0,17,44,8,69,0,1,35,8,44,0,18,79,16,113,176,58,234,347
11/01/2000,GGG,TX,ASW,CE,Towers with Radar,0,9,43,3,55,0,0,14,0,14,0,9,57,3,69,44,0,44,113
11/02/2000,GGG,TX,ASW,CE,Towers with Radar,0,12,44,5,61,0,1,25,4,30,0,13,69,9,91,120,6,126,217
11/03/2000,GGG,TX,ASW,CE,Towers with Radar,0,10,37,0,47,0,5,2,0,7,0,15,39,0,54,22,0,22,76
11/04/2000,GGG,TX,ASW,CE,Towers with Radar,1,19,28,0,48,0,2,0,0,2,1,21,28,0,50,10,0,10,60
11/05/2000,GGG,TX,ASW,CE,Towers with Radar,0,4,8,0,12,0,2,0,0,2,0,6,8,0,14,0,0,0,14
11/06/2000,GGG,TX,ASW,CE,Towers with Radar,0,7,27,1,35,0,2,38,0,40,0,9,65,1,75,38,0,38,113
11/07/2000,GGG,TX,ASW,CE,Towers with Radar,0,10,45,5,60,0,0,33,3,36,0,10,78,8,96,156,42,198,294
11/08/2000,GGG,TX,ASW,CE,Towers with Radar,0,10,23,0,33,0,2,0,0,2,0,12,23,0,35,0,0,0,35
11/09/2000,GGG,TX,ASW,CE,Towers with Radar,0,15,62,7,84,0,0,52,38,90,0,15,114,45,174,208,236,444,618
11/10/2000,GGG,TX,ASW,CE,Towers with Radar,0,12,41,5,58,0,0,87,0,87,0,12,128,5,145,144,20,164,309
11/11/2000,GGG,TX,ASW,CE,Towers with Radar,0,12,24,0,36,0,2,0,0,2,0,14,24,0,38,2,0,2,40
11/12/2000,GGG,TX,ASW,CE,Towers with Radar,0,3,14,1,18,4,2,0,0,6,4,5,14,1,24,40,0,40,64
11/13/2000,GGG,TX,ASW,CE,Towers with Radar,0,12,31,2,45,0,3,62,0,65,0,15,93,2,110,226,0,226,336
11/14/2000,GGG,TX,ASW,CE,Towers with Radar,0,7,47,15,69,0,2,99,0,101,0,9,146,15,170,242,68,310,480
11/15/2000,GGG,TX,ASW,CE,Towers with Radar,0,14,48,2,64,0,1,65,0,66,0,15,113,2,130,272,22,294,424
11/16/2000,GGG,TX,ASW,CE,Towers with Radar,0,26,30,0,56,0,1,0,0,1,0,27,30,0,57,20,0,20,77
11/17/2000,GGG,TX,ASW,CE,Towers with Radar,0,15,61,0,76,0,2,95,0,97,0,17,156,0,173,264,0,264,437
11/18/2000,GGG,TX,ASW,CE,Towers with Radar,0,10,11,0,21,0,0,4,0,4,0,10,15,0,25,0,0,0,25
11/19/2000,GGG,TX,ASW,CE,Towers with Radar,0,9,27,3,39,0,0,60,1,61,0,9,87,4,100,14,2,16,116
11/20/2000,GGG,TX,ASW,CE,Towers with Radar,0,8,39,16,63,0,1,65,0,66,0,9,104,16,129,214,80,294,423
11/21/2000,GGG,TX,ASW,CE,Towers with Radar,0,10,44,5,59,0,0,85,1,86,0,10,129,6,145,184,30,214,359
11/22/2000,GGG,TX,ASW,CE,Towers with Radar,0,13,48,0,61,0,0,47,0,47,0,13,95,0,108,184,0,184,292
11/23/2000,GGG,TX,ASW,CE,Towers with Radar,0,10,6,0,16,0,0,0,0,0,0,10,6,0,16,0,0,0,16
11/24/2000,GGG,TX,ASW,CE,Towers with Radar,0,9,15,0,24,0,0,0,0,0,0,9,15,0,24,0,0,0,24
11/25/2000,GGG,TX,ASW,CE,Towers with Radar,0,13,15,0,28,0,0,65,0,65,0,13,80,0,93,168,0,168,261
11/26/2000,GGG,TX,ASW,CE,Towers with Radar,0,11,18,0,29,0,0,45,0,45,0,11,63,0,74,122,0,122,196
11/27/2000,GGG,TX,ASW,CE,Towers with Radar,0,12,54,0,66,0,0,66,0,66,0,12,120,0,132,252,0,252,384
11/28/2000,GGG,TX,ASW,CE,Towers with Radar,0,12,73,1,86,0,2,32,0,34,0,14,105,1,120,178,0,178,298
11/29/2000,GGG,TX,ASW,CE,Towers with Radar,0,16,46,6,68,0,2,88,1,91,0,18,134,7,159,208,52,260,419
11/30/2000,GGG,TX,ASW,CE,Towers with Radar,0,12,48,6,66,0,0,95,9,104,0,12,143,15,170,286,70,356,526
12/01/2000,GGG,TX,ASW,CE,Towers with Radar,2,15,47,6,70,0,1,46,2,49,2,16,93,8,119,134,30,164,283
12/02/2000,GGG,TX,ASW,CE,Towers with Radar,0,10,19,0,29,0,0,54,2,56,0,10,73,2,85,192,2,194,279
12/03/2000,GGG,TX,ASW,CE,Towers with Radar,0,14,22,0,36,0,0,32,2,34,0,14,54,2,70,96,0,96,166
12/04/2000,GGG,TX,ASW,CE,Towers with Radar,0,13,46,0,59,0,0,51,2,53,0,13,97,2,112,266,0,266,378
12/05/2000,GGG,TX,ASW,CE,Towers with Radar,0,12,23,9,44,0,0,74,3,77,0,12,97,12,121,152,16,168,289
12/06/2000,GGG,TX,ASW,CE,Towers with Radar,0,13,28,0,41,0,0,0,0,0,0,13,28,0,41,60,0,60,101
12/07/2000,GGG,TX,ASW,CE,Towers with Radar,0,13,49,14,76,0,3,102,3,108,0,16,151,17,184,282,128,410,594
12/08/2000,GGG,TX,ASW,CE,Towers with Radar,0,12,40,14,66,0,0,62,2,64,0,12,102,16,130,184,70,254,384
12/09/2000,GGG,TX,ASW,CE,Towers with Radar,0,10,28,0,38,0,0,46,2,48,0,10,74,2,86,188,2,190,276
12/10/2000,GGG,TX,ASW,CE,Towers with Radar,0,11,27,2,40,0,0,0,0,0,0,11,27,2,40,22,0,22,62
12/11/2000,GGG,TX,ASW,CE,Towers with Radar,0,17,27,9,53,0,0,14,1,15,0,17,41,10,68,82,56,138,206
12/12/2000,GGG,TX,ASW,CE,Towers with Radar,0,11,20,4,35,0,0,56,6,62,0,11,76,10,97,216,26,242,339
12/13/2000,GGG,TX,ASW,CE,Towers with Radar,0,6,4,0,10,0,0,1,0,1,0,6,5,0,11,0,0,0,11
12/14/2000,GGG,TX,ASW,CE,Towers with Radar,0,11,87,2,100,0,0,13,0,13,0,11,100,2,113,82,6,88,201
12/15/2000,GGG,TX,ASW,CE,Towers with Radar,0,12,24,0,36,0,0,1,0,1,0,12,25,0,37,0,0,0,37
12/16/2000,GGG,TX,ASW,CE,Towers with Radar,0,27,9,12,48,0,0,18,0,18,0,27,27,12,66,106,46,152,218
12/17/2000,GGG,TX,ASW,CE,Towers with Radar,0,15,16,0,31,0,0,40,1,41,0,15,56,1,72,36,0,36,108
12/18/2000,GGG,TX,ASW,CE,Towers with Radar,0,20,28,7,55,0,1,27,1,29,0,21,55,8,84,122,32,154,238
12/19/2000,GGG,TX,ASW,CE,Towers with Radar,0,16,32,0,48,0,7,76,0,83,0,23,108,0,131,182,0,182,313
12/20/2000,GGG,TX,ASW,CE,Towers with Radar,0,14,37,4,55,0,0,67,1,68,0,14,104,5,123,86,14,100,223
12/21/2000,GGG,TX,ASW,CE,Towers with Radar,0,18,62,13,93,0,2,44,0,46,0,20,106,13,139,106,14,120,259
12/22/2000,GGG,TX,ASW,CE,Towers with Radar,0,12,28,4,44,0,2,46,0,48,0,14,74,4,92,20,48,68,160
12/23/2000,GGG,TX,ASW,CE,Towers with Radar,0,13,13,0,26,0,0,15,0,15,0,13,28,0,41,0,0,0,41
12/24/2000,GGG,TX,ASW,CE,Towers with Radar,0,0,0,0,0,0,0,0,0,0,0,0,0,0,0,0,0,0,0
12/25/2000,GGG,TX,ASW,CE,Towers with Radar,0,3,4,0,7,0,0,1,0,1,0,3,5,0,8,0,0,0,8
12/26/2000,GGG,TX,ASW,CE,Towers with Radar,0,13,11,0,24,0,0,3,0,3,0,13,14,0,27,0,0,0,27
12/27/2000,GGG,TX,ASW,CE,Towers with Radar,0,15,12,0,27,0,0,1,0,1,0,15,13,0,28,0,0,0,28
12/28/2000,GGG,TX,ASW,CE,Towers with Radar,0,19,28,0,47,0,2,1,0,3,0,21,29,0,50,32,0,32,82
12/29/2000,GGG,TX,ASW,CE,Towers with Radar,0,12,24,0,36,0,8,23,0,31,0,20,47,0,67,68,0,68,135
12/30/2000,GGG,TX,ASW,CE,Towers with Radar,0,10,23,0,33,0,1,32,0,33,0,11,55,0,66,18,0,18,84
12/31/2000,GGG,TX,ASW,CE,Towers with Radar,0,3,7,0,10,0,2,0,0,2,0,5,7,0,12,10,0,10,22
01/01/2001,GGG,TX,ASW,CE,Towers with Radar,0,5,10,0,15,0,1,3,0,4,0,6,13,0,19,0,0,0,19
01/02/2001,GGG,TX,ASW,CE,Towers with Radar,0,11,8,12,31,0,0,22,0,22,0,11,30,12,53,32,38,70,123
01/03/2001,GGG,TX,ASW,CE,Towers with Radar,0,12,32,3,47,0,0,43,0,43,0,12,75,3,90,124,12,136,226
01/04/2001,GGG,TX,ASW,CE,Towers with Radar,0,11,25,40,76,0,1,54,9,64,0,12,79,49,140,120,126,246,386
01/05/2001,GGG,TX,ASW,CE,Towers with Radar,0,13,27,4,44,0,2,66,0,68,0,15,93,4,112,164,12,176,288
01/06/2001,GGG,TX,ASW,CE,Towers with Radar,0,8,16,0,24,0,1,35,0,36,0,9,51,0,60,30,0,30,90
01/07/2001,GGG,TX,ASW,CE,Towers with Radar,0,10,24,2,36,0,0,25,0,25,0,10,49,2,61,28,0,28,89
01/08/2001,GGG,TX,ASW,CE,Towers with Radar,0,9,20,7,36,0,7,30,0,37,0,16,50,7,73,98,42,140,213
01/09/2001,GGG,TX,ASW,CE,Towers with Radar,0,12,50,22,84,0,0,50,5,55,0,12,100,27,139,154,50,204,343
01/10/2001,GGG,TX,ASW,CE,Towers with Radar,0,10,21,17,48,0,1,11,0,12,0,11,32,17,60,42,38,80,140
01/11/2001,GGG,TX,ASW,CE,Towers with Radar,0,13,38,5,56,0,0,0,0,0,0,13,38,5,56,10,0,10,66
01/12/2001,GGG,TX,ASW,CE,Towers with Radar,0,17,41,10,68,0,0,8,0,8,0,17,49,10,76,0,0,0,76
01/13/2001,GGG,TX,ASW,CE,Towers with Radar,0,24,20,0,44,0,0,2,0,2,0,24,22,0,46,0,0,0,46
01/14/2001,GGG,TX,ASW,CE,Towers with Radar,0,12,20,0,32,0,0,34,0,34,0,12,54,0,66,32,0,32,98
01/15/2001,GGG,TX,ASW,CE,Towers with Radar,0,10,36,6,52,0,0,90,0,90,0,10,126,6,142,184,14,198,340
01/16/2001,GGG,TX,ASW,CE,Towers with Radar,0,11,14,0,25,0,5,0,0,5,0,16,14,0,30,0,0,0,30
01/17/2001,GGG,TX,ASW,CE,Towers with Radar,0,13,20,0,33,0,0,0,0,0,0,13,20,0,33,0,0,0,33
01/18/2001,GGG,TX,ASW,CE,Towers with Radar,0,12,17,0,29,0,0,2,0,2,0,12,19,0,31,0,0,0,31
01/19/2001,GGG,TX,ASW,CE,Towers with Radar,0,13,29,0,42,0,1,43,0,44,0,14,72,0,86,82,0,82,168
01/20/2001,GGG,TX,ASW,CE,Towers with Radar,0,13,28,8,49,0,0,105,1,106,0,13,133,9,155,188,30,218,373
01/21/2001,GGG,TX,ASW,CE,Towers with Radar,0,9,21,0,30,0,0,3,0,3,0,9,24,0,33,2,0,2,35
01/22/2001,GGG,TX,ASW,CE,Towers with Radar,0,8,15,0,23,0,0,30,0,30,0,8,45,0,53,128,0,128,181
01/23/2001,GGG,TX,ASW,CE,Towers with Radar,0,18,35,21,74,0,0,67,2,69,0,18,102,23,143,226,50,276,419
01/24/2001,GGG,TX,ASW,CE,Towers with Radar,0,11,75,6,92,0,1,63,0,64,0,12,138,6,156,146,16,162,318
01/25/2001,GGG,TX,ASW,CE,Towers with Radar,0,19,42,11,72,0,3,86,21,110,0,22,128,32,182,212,106,318,500
01/26/2001,GGG,TX,ASW,CE,Towers with Radar,0,11,39,6,56,0,1,53,0,54,0,12,92,6,110,240,8,248,358
01/27/2001,GGG,TX,ASW,CE,Towers with Radar,0,11,23,0,34,0,0,4,0,4,0,11,27,0,38,32,0,32,70
01/28/2001,GGG,TX,ASW,CE,Towers with Radar,0,11,10,6,27,0,0,1,0,1,0,11,11,6,28,0,12,12,40
01/29/2001,GGG,TX,ASW,CE,Towers with Radar,0,10,28,7,45,0,0,22,15,37,0,10,50,22,82,148,48,196,278
01/30/2001,GGG,TX,ASW,CE,Towers with Radar,0,15,35,9,59,0,8,69,10,87,0,23,104,19,146,238,50,288,434
01/31/2001,GGG,TX,ASW,CE,Towers with Radar,0,14,37,9,60,0,0,63,1,64,0,14,100,10,124,246,24,270,394
02/01/2001,GGG,TX,ASW,CE,Towers with Radar,0,12,47,30,89,0,2,74,2,78,0,14,121,32,167,188,48,236,403
02/02/2001,GGG,TX,ASW,CE,Towers with Radar,0,11,24,3,38,0,1,104,0,105,0,12,128,3,143,184,16,200,343
02/03/2001,GGG,TX,ASW,CE,Towers with Radar,0,13,20,12,45,0,2,63,0,65,0,15,83,12,110,132,66,198,308
02/04/2001,GGG,TX,ASW,CE,Towers with Radar,0,11,18,0,29,0,0,27,0,27,0,11,45,0,56,8,0,8,64
02/05/2001,GGG,TX,ASW,CE,Towers with Radar,2,10,32,0,44,0,0,68,0,68,2,10,100,0,112,270,0,270,382
02/06/2001,GGG,TX,ASW,CE,Towers with Radar,0,12,36,3,51,0,0,71,4,75,0,12,107,7,126,194,6,200,326
02/07/2001,GGG,TX,ASW,CE,Towers with Radar,0,11,44,2,57,0,0,29,1,30,0,11,73,3,87,96,10,106,193
02/08/2001,GGG,TX,ASW,CE,Towers with Radar,0,13,31,6,50,0,0,20,1,21,0,13,51,7,71,148,6,154,225
02/09/2001,GGG,TX,ASW,CE,Towers with Radar,0,12,27,4,43,0,0,10,0,10,0,12,37,4,53,12,6,18,71
02/10/2001,GGG,TX,ASW,CE,Towers with Radar,0,11,26,0,37,0,1,69,1,71,0,12,95,1,108,138,0,138,246
02/11/2001,GGG,TX,ASW,CE,Towers with Radar,0,10,22,0,32,0,0,0,0,0,0,10,22,0,32,0,0,0,32
02/12/2001,GGG,TX,ASW,CE,Towers with Radar,0,4,29,0,33,0,0,0,0,0,0,4,29,0,33,0,0,0,33
02/13/2001,GGG,TX,ASW,CE,Towers with Radar,0,10,37,0,47,0,0,2,0,2,0,10,39,0,49,40,0,40,89
02/14/2001,GGG,TX,ASW,CE,Towers with Radar,0,15,44,4,63,0,0,16,1,17,0,15,60,5,80,58,16,74,154
02/15/2001,GGG,TX,ASW,CE,Towers with Radar,0,16,36,0,52,0,0,0,0,0,0,16,36,0,52,0,0,0,52
02/16/2001,GGG,TX,ASW,CE,Towers with Radar,0,12,35,2,49,0,0,5,0,5,0,12,40,2,54,16,0,16,70
02/17/2001,GGG,TX,ASW,CE,Towers with Radar,0,10,37,0,47,0,0,90,0,90,0,10,127,0,137,286,0,286,423
02/18/2001,GGG,TX,ASW,CE,Towers with Radar,0,10,28,0,38,0,0,55,0,55,0,10,83,0,93,78,0,78,171
02/19/2001,GGG,TX,ASW,CE,Towers with Radar,0,12,40,4,56,0,0,84,0,84,0,12,124,4,140,148,18,166,306
02/20/2001,GGG,TX,ASW,CE,Towers with Radar,0,13,55,2,70,0,0,72,0,72,0,13,127,2,142,264,0,264,406
02/21/2001,GGG,TX,ASW,CE,Towers with Radar,0,17,47,5,69,0,8,7,1,16,0,25,54,6,85,48,6,54,139
02/22/2001,GGG,TX,ASW,CE,Towers with Radar,0,25,63,9,97,0,0,54,0,54,0,25,117,9,151,266,10,276,427
02/23/2001,GGG,TX,ASW,CE,Towers with Radar,0,17,47,2,66,0,11,25,0,36,0,28,72,2,102,102,0,102,204
02/24/2001,GGG,TX,ASW,CE,Towers with Radar,0,13,11,0,24,0,0,6,0,6,0,13,17,0,30,10,0,10,40
02/25/2001,GGG,TX,ASW,CE,Towers with Radar,0,10,30,2,42,0,0,50,0,50,0,10,80,2,92,100,0,100,192
02/26/2001,GGG,TX,ASW,CE,Towers with Radar,0,9,38,4,51,0,0,57,8,65,0,9,95,12,116,182,44,226,342
02/27/2001,GGG,TX,ASW,CE,Towers with Radar,0,14,16,0,30,0,0,0,0,0,0,14,16,0,30,0,0,0,30
02/28/2001,GGG,TX,ASW,CE,Towers with Radar,0,13,44,0,57,0,0,0,0,0,0,13,44,0,57,0,0,0,57
03/01/2001,GGG,TX,ASW,CE,Towers with Radar,0,14,16,0,30,0,0,0,0,0,0,14,16,0,30,0,0,0,30
03/02/2001,GGG,TX,ASW,CE,Towers with Radar,0,12,39,0,51,0,0,1,0,1,0,12,40,0,52,6,0,6,58
03/03/2001,GGG,TX,ASW,CE,Towers with Radar,0,10,19,0,29,0,0,0,0,0,0,10,19,0,29,0,0,0,29
03/04/2001,GGG,TX,ASW,CE,Towers with Radar,0,10,23,1,34,0,0,30,1,31,0,10,53,2,65,46,0,46,111
03/05/2001,GGG,TX,ASW,CE,Towers with Radar,0,16,33,2,51,0,14,106,0,120,0,30,139,2,171,236,2,238,409
03/06/2001,GGG,TX,ASW,CE,Towers with Radar,0,16,38,7,61,0,0,123,4,127,0,16,161,11,188,240,78,318,506
03/07/2001,GGG,TX,ASW,CE,Towers with Radar,0,19,41,7,67,0,2,101,8,111,0,21,142,15,178,172,20,192,370
03/08/2001,GGG,TX,ASW,CE,Towers with Radar,0,14,31,2,47,0,0,50,0,50,0,14,81,2,97,236,22,258,355
03/09/2001,GGG,TX,ASW,CE,Towers with Radar,0,18,18,13,49,0,1,50,0,51,0,19,68,13,100,172,88,260,360
03/10/2001,GGG,TX,ASW,CE,Towers with Radar,0,10,25,2,37,0,0,68,0,68,0,10,93,2,105,186,2,188,293
03/11/2001,GGG,TX,ASW,CE,Towers with Radar,0,7,16,0,23,0,3,0,0,3,0,10,16,0,26,44,0,44,70
03/12/2001,GGG,TX,ASW,CE,Towers with Radar,0,8,24,4,36,0,0,50,11,61,0,8,74,15,97,198,54,252,349
03/13/2001,GGG,TX,ASW,CE,Towers with Radar,0,11,34,6,51,0,0,81,21,102,0,11,115,27,153,182,70,252,405
03/14/2001,GGG,TX,ASW,CE,Towers with Radar,0,12,31,0,43,0,1,6,0,7,0,13,37,0,50,38,0,38,88
03/15/2001,GGG,TX,ASW,CE,Towers with Radar,0,12,31,17,60,0,0,24,0,24,0,12,55,17,84,44,80,124,208
03/16/2001,GGG,TX,ASW,CE,Towers with Radar,0,11,29,18,58,0,0,54,0,54,0,11,83,18,112,242,30,272,384
03/17/2001,GGG,TX,ASW,CE,Towers with Radar,0,10,14,5,29,0,0,35,1,36,0,10,49,6,65,84,10,94,159
03/18/2001,GGG,TX,ASW,CE,Towers with Radar,0,11,25,2,38,0,2,7,0,9,0,13,32,2,47,26,0,26,73
03/19/2001,GGG,TX,ASW,CE,Towers with Radar,0,8,27,0,35,0,0,31,0,31,0,8,58,0,66,86,0,86,152
03/20/2001,GGG,TX,ASW,CE,Towers with Radar,0,12,42,0,54,0,3,88,0,91,0,15,130,0,145,300,0,300,445
03/21/2001,GGG,TX,ASW,CE,Towers with Radar,0,13,30,14,57,0,7,83,0,90,0,20,113,14,147,288,32,320,467
03/22/2001,GGG,TX,ASW,CE,Towers with Radar,0,17,35,0,52,0,0,74,0,74,0,17,109,0,126,276,0,276,402
03/23/2001,GGG,TX,ASW,CE,Towers with Radar,0,18,42,2,62,0,1,90,0,91,0,19,132,2,153,216,0,216,369
03/24/2001,GGG,TX,ASW,CE,Towers with Radar,1,14,13,0,28,0,0,0,0,0,1,14,13,0,28,0,0,0,28
03/25/2001,GGG,TX,ASW,CE,Towers with Radar,0,10,25,0,35,0,4,42,0,46,0,14,67,0,81,74,0,74,155
03/26/2001,GGG,TX,ASW,CE,Towers with Radar,0,11,31,8,50,0,0,46,0,46,0,11,77,8,96,188,52,240,336
03/27/2001,GGG,TX,ASW,CE,Towers with Radar,0,12,35,0,47,0,0,10,0,10,0,12,45,0,57,42,6,48,105
03/28/2001,GGG,TX,ASW,CE,Towers with Radar,0,15,32,0,47,0,0,0,0,0,0,15,32,0,47,0,0,0,47
03/29/2001,GGG,TX,ASW,CE,Towers with Radar,0,12,34,2,48,0,0,0,0,0,0,12,34,2,48,0,0,0,48
03/30/2001,GGG,TX,ASW,CE,Towers with Radar,0,14,50,3,67,0,0,43,0,43,0,14,93,3,110,178,6,184,294
03/31/2001,GGG,TX,ASW,CE,Towers with Radar,0,10,39,0,49,0,0,69,0,69,0,10,108,0,118,196,0,196,314
04/01/2001,GGG,TX,ASW,CE,Towers with Radar,1,6,27,4,38,0,4,32,3,39,1,10,59,7,77,54,44,98,175
04/02/2001,GGG,TX,ASW,CE,Towers with Radar,0,10,40,0,50,0,2,24,0,26,0,12,64,0,76,238,0,238,314
04/03/2001,GGG,TX,ASW,CE,Towers with Radar,0,11,56,8,75,0,0,43,6,49,0,11,99,14,124,250,12,262,386
04/04/2001,GGG,TX,ASW,CE,Towers with Radar,0,12,39,13,64,0,0,22,0,22,0,12,61,13,86,168,54,222,308
04/05/2001,GGG,TX,ASW,CE,Towers with Radar,0,15,55,12,82,0,0,39,0,39,0,15,94,12,121,202,50,252,373
04/06/2001,GGG,TX,ASW,CE,Towers with Radar,0,18,59,10,87,0,1,42,15,58,0,19,101,25,145,240,54,294,439
04/07/2001,GGG,TX,ASW,CE,Towers with Radar,0,10,33,2,45,0,41,38,0,79,0,51,71,2,124,160,4,164,288
04/08/2001,GGG,TX,ASW,CE,Towers with Radar,0,9,31,2,42,0,5,20,0,25,0,14,51,2,67,18,0,18,85
04/09/2001,GGG,TX,ASW,CE,Towers with Radar,0,14,55,4,73,2,0,76,0,78,2,14,131,4,151,266,0,266,417
04/10/2001,GGG,TX,ASW,CE,Towers with Radar,0,10,50,7,67,0,0,48,3,51,0,10,98,10,118,146,18,164,282
04/11/2001,GGG,TX,ASW,CE,Towers with Radar,0,11,40,3,54,0,0,47,0,47,0,11,87,3,101,132,0,132,233
04/12/2001,GGG,TX,ASW,CE,Towers with Radar,0,12,56,2,70,0,0,52,0,52,0,12,108,2,122,226,0,226,348
04/13/2001,GGG,TX,ASW,CE,Towers with Radar,0,12,50,0,62,0,0,67,0,67,0,12,117,0,129,292,0,292,421
04/14/2001,GGG,TX,ASW,CE,Towers with Radar,0,10,35,1,46,0,3,8,0,11,0,13,43,1,57,82,0,82,139
04/15/2001,GGG,TX,ASW,CE,Towers with Radar,0,7,26,0,33,0,2,4,0,6,0,9,30,0,39,0,0,0,39
04/16/2001,GGG,TX,ASW,CE,Towers with Radar,0,9,45,0,54,0,0,95,0,95,0,9,140,0,149,266,0,266,415
04/17/2001,GGG,TX,ASW,CE,Towers with Radar,0,11,50,4,65,0,0,93,0,93,0,11,143,4,158,350,2,352,510
04/18/2001,GGG,TX,ASW,CE,Towers with Radar,0,10,42,6,58,0,0,110,0,110,0,10,152,6,168,308,58,366,534
04/19/2001,GGG,TX,ASW,CE,Towers with Radar,0,14,56,8,78,0,0,68,20,88,0,14,124,28,166,236,50,286,452
04/20/2001,GGG,TX,ASW,CE,Towers with Radar,0,10,58,9,77,0,0,32,3,35,0,10,90,12,112,184,22,206,318
04/21/2001,GGG,TX,ASW,CE,Towers with Radar,0,10,42,6,58,0,0,39,13,52,0,10,81,19,110,236,16,252,362
04/22/2001,GGG,TX,ASW,CE,Towers with Radar,0,11,40,0,51,0,0,6,0,6,0,11,46,0,57,0,0,0,57
04/23/2001,GGG,TX,ASW,CE,Towers with Radar,0,10,37,0,47,0,1,1,0,2,0,11,38,0,49,112,0,112,161
04/24/2001,GGG,TX,ASW,CE,Towers with Radar,0,14,51,8,73,0,0,87,2,89,0,14,138,10,162,396,62,458,620
04/25/2001,GGG,TX,ASW,CE,Towers with Radar,0,12,52,8,72,0,0,113,11,124,0,12,165,19,196,346,92,438,634
04/26/2001,GGG,TX,ASW,CE,Towers with Radar,0,14,48,0,62,0,1,81,0,82,0,15,129,0,144,284,0,284,428
04/27/2001,GGG,TX,ASW,CE,Towers with Radar,0,11,46,2,59,0,0,89,0,89,0,11,135,2,148,188,0,188,336
04/28/2001,GGG,TX,ASW,CE,Towers with Radar,0,9,30,4,43,0,3,82,15,100,0,12,112,19,143,118,70,188,331
04/29/2001,GGG,TX,ASW,CE,Towers with Radar,0,9,32,1,42,0,3,32,0,35,0,12,64,1,77,0,0,0,77
04/30/2001,GGG,TX,ASW,CE,Towers with Radar,0,10,35,5,50,0,1,52,2,55,0,11,87,7,105,152,30,182,287
05/01/2001,GGG,TX,ASW,CE,Towers with Radar,0,9,35,6,50,0,8,43,7,58,0,17,78,13,108,220,28,248,356
05/02/2001,GGG,TX,ASW,CE,Towers with Radar,0,16,58,8,82,0,1,74,0,75,0,17,132,8,157,276,40,316,473
05/03/2001,GGG,TX,ASW,CE,Towers with Radar,0,12,45,7,64,0,4,48,0,52,0,16,93,7,116,166,10,176,292
05/04/2001,GGG,TX,ASW,CE,Towers with Radar,0,13,47,10,70,0,3,24,3,30,0,16,71,13,100,134,78,212,312
05/05/2001,GGG,TX,ASW,CE,Towers with Radar,0,6,23,0,29,0,1,10,0,11,0,7,33,0,40,58,0,58,98
05/06/2001,GGG,TX,ASW,CE,Towers with Radar,0,6,23,0,29,0,4,0,0,4,0,10,23,0,33,0,0,0,33
05/07/2001,GGG,TX,ASW,CE,Towers with Radar,0,11,34,2,47,0,1,38,0,39,0,12,72,2,86,252,0,252,338
05/08/2001,GGG,TX,ASW,CE,Towers with Radar,0,12,51,11,74,0,0,68,14,82,0,12,119,25,156,250,32,282,438
05/09/2001,GGG,TX,ASW,CE,Towers with Radar,0,12,65,14,91,0,0,71,10,81,0,12,136,24,172,250,116,366,538
05/10/2001,GGG,TX,ASW,CE,Towers with Radar,0,9,66,14,89,0,0,47,35,82,0,9,113,49,171,164,130,294,465
05/11/2001,GGG,TX,ASW,CE,Towers with Radar,0,12,50,11,73,0,0,57,7,64,0,12,107,18,137,246,34,280,417
05/12/2001,GGG,TX,ASW,CE,Towers with Radar,0,8,29,6,43,0,2,42,0,44,0,10,71,6,87,124,12,136,223
05/13/2001,GGG,TX,ASW,CE,Towers with Radar,0,8,26,6,40,0,3,57,0,60,0,11,83,6,100,44,0,44,144
05/14/2001,GGG,TX,ASW,CE,Towers with Radar,0,10,43,9,62,0,0,94,0,94,0,10,137,9,156,350,8,358,514
05/15/2001,GGG,TX,ASW,CE,Towers with Radar,0,10,35,5,50,0,2,77,0,79,0,12,112,5,129,162,10,172,301
05/16/2001,GGG,TX,ASW,CE,Towers with Radar,0,16,54,10,80,0,4,81,17,102,0,20,135,27,182,284,56,340,522
05/17/2001,GGG,TX,ASW,CE,Towers with Radar,0,15,55,10,80,0,0,66,0,66,0,15,121,10,146,200,10,210,356
05/18/2001,GGG,TX,ASW,CE,Towers with Radar,0,10,41,7,58,0,0,59,0,59,0,10,100,7,117,224,32,256,373
05/19/2001,GGG,TX,ASW,CE,Towers with Radar,0,10,44,8,62,0,0,81,0,81,0,10,125,8,143,118,14,132,275
05/20/2001,GGG,TX,ASW,CE,Towers with Radar,0,10,35,6,51,1,0,0,0,1,1,10,35,6,52,0,0,0,52
05/21/2001,GGG,TX,ASW,CE,Towers with Radar,0,9,43,0,52,0,0,34,0,34,0,9,77,0,86,34,0,34,120
05/22/2001,GGG,TX,ASW,CE,Towers with Radar,0,9,44,8,61,0,0,75,12,87,0,9,119,20,148,182,80,262,410
05/23/2001,GGG,TX,ASW,CE,Towers with Radar,0,10,34,3,47,0,0,67,0,67,0,10,101,3,114,142,4,146,260
05/24/2001,GGG,TX,ASW,CE,Towers with Radar,0,10,40,2,52,0,0,83,0,83,0,10,123,2,135,208,0,208,343
05/25/2001,GGG,TX,ASW,CE,Towers with Radar,0,11,45,6,62,0,0,75,0,75,0,11,120,6,137,98,18,116,253
05/26/2001,GGG,TX,ASW,CE,Towers with Radar,0,6,22,0,28,0,1,17,0,18,0,7,39,0,46,44,0,44,90
05/27/2001,GGG,TX,ASW,CE,Towers with Radar,0,8,28,0,36,0,1,29,0,30,0,9,57,0,66,8,0,8,74
05/28/2001,GGG,TX,ASW,CE,Towers with Radar,0,9,31,0,40,0,4,42,0,46,0,13,73,0,86,192,0,192,278
05/29/2001,GGG,TX,ASW,CE,Towers with Radar,0,12,39,0,51,0,6,42,0,48,0,18,81,0,99,266,0,266,365
05/30/2001,GGG,TX,ASW,CE,Towers with Radar,0,15,53,0,68,0,1,35,0,36,0,16,88,0,104,208,0,208,312
05/31/2001,GGG,TX,ASW,CE,Towers with Radar,0,11,36,0,47,0,10,37,0,47,0,21,73,0,94,48,0,48,142
06/01/2001,GGG,TX,ASW,CE,Towers with Radar,0,11,37,6,54,0,0,103,0,103,0,11,140,6,157,200,16,216,373
06/02/2001,GGG,TX,ASW,CE,Towers with Radar,0,10,31,0,41,0,6,63,0,69,0,16,94,0,110,86,0,86,196
06/03/2001,GGG,TX,ASW,CE,Towers with Radar,0,7,21,0,28,0,4,18,0,22,0,11,39,0,50,42,0,42,92
06/04/2001,GGG,TX,ASW,CE,Towers with Radar,0,11,37,5,53,0,0,50,0,50,0,11,87,5,103,118,32,150,253
06/05/2001,GGG,TX,ASW,CE,Towers with Radar,0,11,40,8,59,0,0,10,1,11,0,11,50,9,70,94,6,100,170
06/06/2001,GGG,TX,ASW,CE,Towers with Radar,0,10,35,0,45,0,0,3,0,3,0,10,38,0,48,34,0,34,82
06/07/2001,GGG,TX,ASW,CE,Towers with Radar,0,10,25,7,42,0,0,0,1,1,0,10,25,8,43,42,10,52,95
06/08/2001,GGG,TX,ASW,CE,Towers with Radar,0,10,37,0,47,0,0,14,0,14,0,10,51,0,61,30,0,30,91
06/09/2001,GGG,TX,ASW,CE,Towers with Radar,0,9,26,1,36,0,1,14,0,15,0,10,40,1,51,40,0,40,91
06/10/2001,GGG,TX,ASW,CE,Towers with Radar,0,8,28,5,41,0,0,44,2,46,0,8,72,7,87,52,14,66,153
06/11/2001,GGG,TX,ASW,CE,Towers with Radar,0,14,39,8,61,0,2,90,4,96,0,16,129,12,157,322,10,332,489
06/12/2001,GGG,TX,ASW,CE,Towers with Radar,0,12,34,1,47,10,3,90,0,103,10,15,124,1,150,282,4,286,436
06/13/2001,GGG,TX,ASW,CE,Towers with Radar,0,16,43,8,67,0,5,72,9,86,0,21,115,17,153,80,52,132,285
06/14/2001,GGG,TX,ASW,CE,Towers with Radar,0,14,40,8,62,0,3,49,8,60,0,17,89,16,122,160,68,228,350
06/15/2001,GGG,TX,ASW,CE,Towers with Radar,0,12,37,2,51,0,0,72,0,72,0,12,109,2,123,248,0,248,371
06/16/2001,GGG,TX,ASW,CE,Towers with Radar,0,10,29,5,44,0,0,92,5,97,0,10,121,10,141,200,24,224,365
06/17/2001,GGG,TX,ASW,CE,Towers with Radar,0,8,21,4,33,0,1,24,0,25,0,9,45,4,58,46,0,46,104
06/18/2001,GGG,TX,ASW,CE,Towers with Radar,0,11,32,0,43,0,3,76,0,79,0,14,108,0,122,288,0,288,410
06/19/2001,GGG,TX,ASW,CE,Towers with Radar,0,11,41,3,55,0,0,78,0,78,0,11,119,3,133,342,10,352,485
06/20/2001,GGG,TX,ASW,CE,Towers with Radar,0,9,46,10,65,0,0,94,15,109,0,9,140,25,174,262,80,342,516
06/21/2001,GGG,TX,ASW,CE,Towers with Radar,0,10,41,9,60,0,0,76,12,88,0,10,117,21,148,212,116,328,476
06/22/2001,GGG,TX,ASW,CE,Towers with Radar,0,11,50,11,72,0,0,33,6,39,0,11,83,17,111,98,14,112,223
06/23/2001,GGG,TX,ASW,CE,Towers with Radar,0,9,28,0,37,0,1,37,0,38,0,10,65,0,75,50,0,50,125
06/24/2001,GGG,TX,ASW,CE,Towers with Radar,0,10,31,7,48,0,0,45,3,48,0,10,76,10,96,48,14,62,158
06/25/2001,GGG,TX,ASW,CE,Towers with Radar,0,20,60,13,93,0,4,100,29,133,0,24,160,42,226,296,136,432,658
06/26/2001,GGG,TX,ASW,CE,Towers with Radar,0,13,41,9,63,0,0,78,7,85,0,13,119,16,148,234,20,254,402
06/27/2001,GGG,TX,ASW,CE,Towers with Radar,0,15,45,6,66,0,8,32,0,40,0,23,77,6,106,88,14,102,208
06/28/2001,GGG,TX,ASW,CE,Towers with Radar,0,12,36,0,48,0,5,68,0,73,0,17,104,0,121,104,0,104,225
06/29/2001,GGG,TX,ASW,CE,Towers with Radar,0,10,44,2,56,0,0,47,0,47,0,10,91,2,103,104,0,104,207
06/30/2001,GGG,TX,ASW,CE,Towers with Radar,0,8,25,0,33,0,4,12,0,16,0,12,37,0,49,76,0,76,125
07/01/2001,GGG,TX,ASW,CE,Towers with Radar,0,5,14,0,19,0,4,6,0,10,0,9,20,0,29,56,0,56,85
07/02/2001,GGG,TX,ASW,CE,Towers with Radar,0,10,37,11,58,0,0,81,3,84,0,10,118,14,142,230,42,272,414
07/03/2001,GGG,TX,ASW,CE,Towers with Radar,0,10,30,9,49,0,0,110,0,110,0,10,140,9,159,222,26,248,407
07/04/2001,GGG,TX,ASW,CE,Towers with Radar,0,8,16,0,24,0,0,45,0,45,0,8,61,0,69,170,0,170,239
07/05/2001,GGG,TX,ASW,CE,Towers with Radar,0,10,36,7,53,0,0,61,0,61,0,10,97,7,114,162,12,174,288
07/06/2001,GGG,TX,ASW,CE,Towers with Radar,0,11,37,11,59,0,0,58,4,62,0,11,95,15,121,182,38,220,341
07/07/2001,GGG,TX,ASW,CE,Towers with Radar,0,10,23,7,40,0,0,42,6,48,0,10,65,13,88,112,34,146,234
07/08/2001,GGG,TX,ASW,CE,Towers with Radar,0,9,21,2,32,0,1,30,0,31,0,10,51,2,63,50,0,50,113
07/09/2001,GGG,TX,ASW,CE,Towers with Radar,0,10,25,3,38,0,3,33,0,36,0,13,58,3,74,178,12,190,264
07/10/2001,GGG,TX,ASW,CE,Towers with Radar,0,16,38,12,66,0,2,79,8,89,0,18,117,20,155,124,48,172,327
07/11/2001,GGG,TX,ASW,CE,Towers with Radar,0,15,37,6,58,0,8,58,0,66,0,23,95,6,124,102,0,102,226
07/12/2001,GGG,TX,ASW,CE,Towers with Radar,0,14,36,0,50,0,2,61,0,63,0,16,97,0,113,70,0,70,183
07/13/2001,GGG,TX,ASW,CE,Towers with Radar,0,13,34,10,57,0,1,54,0,55,0,14,88,10,112,142,26,168,280
07/14/2001,GGG,TX,ASW,CE,Towers with Radar,0,10,24,1,35,0,6,9,0,15,0,16,33,1,50,108,0,108,158
07/15/2001,GGG,TX,ASW,CE,Towers with Radar,0,11,28,9,48,0,0,22,5,27,0,11,50,14,75,44,0,44,119
07/16/2001,GGG,TX,ASW,CE,Towers with Radar,0,9,27,9,45,0,0,24,9,33,0,9,51,18,78,110,54,164,242
07/17/2001,GGG,TX,ASW,CE,Towers with Radar,0,12,36,11,59,0,0,32,11,43,0,12,68,22,102,28,104,132,234
07/18/2001,GGG,TX,ASW,CE,Towers with Radar,0,9,37,10,56,0,0,37,0,37,0,9,74,10,93,118,30,148,241
07/19/2001,GGG,TX,ASW,CE,Towers with Radar,0,8,32,10,50,0,0,53,2,55,0,8,85,12,105,140,88,228,333
07/20/2001,GGG,TX,ASW,CE,Towers with Radar,0,11,32,10,53,0,0,37,15,52,0,11,69,25,105,98,96,194,299
07/21/2001,GGG,TX,ASW,CE,Towers with Radar,0,8,23,8,39,0,3,19,16,38,0,11,42,24,77,28,66,94,171
07/22/2001,GGG,TX,ASW,CE,Towers with Radar,0,8,21,7,36,0,3,21,13,37,0,11,42,20,73,62,38,100,173
07/23/2001,GGG,TX,ASW,CE,Towers with Radar,0,13,35,0,48,0,2,46,0,48,0,15,81,0,96,140,0,140,236
07/24/2001,GGG,TX,ASW,CE,Towers with Radar,0,12,33,4,49,0,2,53,0,55,0,14,86,4,104,156,66,222,326
07/25/2001,GGG,TX,ASW,CE,Towers with Radar,0,15,41,13,69,0,1,46,1,48,0,16,87,14,117,116,72,188,305
07/26/2001,GGG,TX,ASW,CE,Towers with Radar,0,16,43,13,72,0,5,70,0,75,0,21,113,13,147,118,42,160,307
07/27/2001,GGG,TX,ASW,CE,Towers with Radar,0,10,36,7,53,0,0,34,0,34,0,10,70,7,87,50,24,74,161
07/28/2001,GGG,TX,ASW,CE,Towers with Radar,0,12,32,9,53,0,0,44,1,45,0,12,76,10,98,180,8,188,286
07/29/2001,GGG,TX,ASW,CE,Towers with Radar,0,9,24,7,40,2,1,18,0,21,2,10,42,7,61,64,14,78,139
07/30/2001,GGG,TX,ASW,CE,Towers with Radar,0,12,33,10,55,0,0,49,5,54,0,12,82,15,109,62,18,80,189
07/31/2001,GGG,TX,ASW,CE,Towers with Radar,0,11,37,11,59,0,0,69,11,80,0,11,106,22,139,66,32,98,237
08/01/2001,GGG,TX,ASW,CE,Towers with Radar,0,14,36,10,60,0,1,61,5,67,0,15,97,15,127,120,38,158,285
08/02/2001,GGG,TX,ASW,CE,Towers with Radar,0,12,33,7,52,0,6,33,0,39,0,18,66,7,91,38,0,38,129
08/03/2001,GGG,TX,ASW,CE,Towers with Radar,1,10,33,9,53,1,0,48,0,49,2,10,81,9,102,84,16,100,202
08/04/2001,GGG,TX,ASW,CE,Towers with Radar,0,7,20,2,29,0,3,24,0,27,0,10,44,2,56,114,4,118,174
08/05/2001,GGG,TX,ASW,CE,Towers with Radar,0,9,21,6,36,0,2,35,0,37,0,11,56,6,73,52,12,64,137
08/06/2001,GGG,TX,ASW,CE,Towers with Radar,0,10,24,4,38,0,0,17,0,17,0,10,41,4,55,74,10,84,139
08/07/2001,GGG,TX,ASW,CE,Towers with Radar,0,10,35,10,55,0,0,63,18,81,0,10,98,28,136,188,70,258,394
08/08/2001,GGG,TX,ASW,CE,Towers with Radar,0,11,37,11,59,0,0,54,17,71,0,11,91,28,130,198,120,318,448
08/09/2001,GGG,TX,ASW,CE,Towers with Radar,0,12,36,10,58,0,0,53,12,65,0,12,89,22,123,190,106,296,419
08/10/2001,GGG,TX,ASW,CE,Towers with Radar,0,14,39,11,64,0,0,52,9,61,0,14,91,20,125,190,34,224,349
08/11/2001,GGG,TX,ASW,CE,Towers with Radar,0,9,22,5,36,2,1,37,0,40,2,10,59,5,76,84,30,114,190
08/12/2001,GGG,TX,ASW,CE,Towers with Radar,0,9,20,6,35,0,0,9,1,10,0,9,29,7,45,0,0,0,45
08/13/2001,GGG,TX,ASW,CE,Towers with Radar,0,10,26,5,41,0,0,35,0,35,0,10,61,5,76,222,24,246,322
08/14/2001,GGG,TX,ASW,CE,Towers with Radar,0,11,27,8,46,0,1,63,3,67,0,12,90,11,113,270,42,312,425
08/15/2001,GGG,TX,ASW,CE,Towers with Radar,0,12,36,6,54,0,0,37,0,37,0,12,73,6,91,88,40,128,219
08/16/2001,GGG,TX,ASW,CE,Towers with Radar,0,11,28,9,48,0,2,23,1,26,0,13,51,10,74,98,36,134,208
08/17/2001,GGG,TX,ASW,CE,Towers with Radar,0,8,11,2,21,0,0,0,0,0,0,8,11,2,21,0,4,4,25
08/18/2001,GGG,TX,ASW,CE,Towers with Radar,0,5,14,0,19,0,6,2,0,8,0,11,16,0,27,30,0,30,57
08/19/2001,GGG,TX,ASW,CE,Towers with Radar,0,8,19,3,30,0,3,28,0,31,0,11,47,3,61,116,6,122,183
08/20/2001,GGG,TX,ASW,CE,Towers with Radar,0,13,36,11,60,0,0,43,10,53,0,13,79,21,113,130,64,194,307
08/21/2001,GGG,TX,ASW,CE,Towers with Radar,0,15,47,14,76,0,0,44,23,67,0,15,91,37,143,162,94,256,399
08/22/2001,GGG,TX,ASW,CE,Towers with Radar,0,13,35,11,59,0,8,24,2,34,0,21,59,13,93,86,40,126,219
08/23/2001,GGG,TX,ASW,CE,Towers with Radar,0,13,42,13,68,0,0,76,5,81,0,13,118,18,149,216,136,352,501
08/24/2001,GGG,TX,ASW,CE,Towers with Radar,0,10,32,8,50,0,0,43,0,43,0,10,75,8,93,168,20,188,281
08/25/2001,GGG,TX,ASW,CE,Towers with Radar,0,7,21,2,30,0,3,27,0,30,0,10,48,2,60,94,14,108,168
08/26/2001,GGG,TX,ASW,CE,Towers with Radar,0,7,19,1,27,0,1,17,0,18,0,8,36,1,45,4,0,4,49
08/27/2001,GGG,TX,ASW,CE,Towers with Radar,0,10,27,0,37,0,0,14,0,14,0,10,41,0,51,36,0,36,87
08/28/2001,GGG,TX,ASW,CE,Towers with Radar,0,11,37,8,56,0,0,37,0,37,0,11,74,8,93,86,36,122,215
08/29/2001,GGG,TX,ASW,CE,Towers with Radar,0,10,27,0,37,0,1,18,0,19,0,11,45,0,56,58,0,58,114
08/30/2001,GGG,TX,ASW,CE,Towers with Radar,0,10,28,3,41,0,4,10,0,14,0,14,38,3,55,2,2,4,59
08/31/2001,GGG,TX,ASW,CE,Towers with Radar,0,10,26,0,36,0,0,0,0,0,0,10,26,0,36,12,0,12,48
09/01/2001,GGG,TX,ASW,CE,Towers with Radar,0,5,20,0,25,0,4,1,0,5,0,9,21,0,30,0,0,0,30
09/02/2001,GGG,TX,ASW,CE,Towers with Radar,0,4,12,0,16,0,4,0,0,4,0,8,12,0,20,0,0,0,20
09/03/2001,GGG,TX,ASW,CE,Towers with Radar,0,8,35,5,48,0,3,26,1,30,0,11,61,6,78,102,10,112,190
09/04/2001,GGG,TX,ASW,CE,Towers with Radar,0,8,35,0,43,0,2,10,0,12,0,10,45,0,55,86,0,86,141
09/05/2001,GGG,TX,ASW,CE,Towers with Radar,0,10,39,0,49,0,0,46,0,46,0,10,85,0,95,152,0,152,247
09/06/2001,GGG,TX,ASW,CE,Towers with Radar,0,10,41,6,57,0,0,6,2,8,0,10,47,8,65,40,12,52,117
09/07/2001,GGG,TX,ASW,CE,Towers with Radar,0,9,45,0,54,2,0,91,0,93,2,9,136,0,147,98,0,98,245
09/08/2001,GGG,TX,ASW,CE,Towers with Radar,0,8,29,4,41,0,2,44,1,47,0,10,73,5,88,160,32,192,280
09/09/2001,GGG,TX,ASW,CE,Towers with Radar,0,8,27,2,37,0,4,0,0,4,0,12,27,2,41,0,0,0,41
09/10/2001,GGG,TX,ASW,CE,Towers with Radar,0,10,38,5,53,0,0,87,25,112,0,10,125,30,165,112,56,168,333
09/11/2001,GGG,TX,ASW,CE,Towers with Radar,0,2,4,0,6,0,0,3,0,3,0,2,7,0,9,0,0,0,9
09/12/2001,GGG,TX,ASW,CE,Towers with Radar,0,0,0,0,0,0,0,0,0,0,0,0,0,0,0,0,0,0,0
09/13/2001,GGG,TX,ASW,CE,Towers with Radar,0,0,0,0,0,0,0,0,0,0,0,0,0,0,0,0,0,0,0
09/14/2001,GGG,TX,ASW,CE,Towers with Radar,0,5,6,0,11,0,5,0,0,5,0,10,6,0,16,0,0,0,16
09/15/2001,GGG,TX,ASW,CE,Towers with Radar,0,7,21,0,28,0,3,0,0,3,0,10,21,0,31,0,0,0,31
09/16/2001,GGG,TX,ASW,CE,Towers with Radar,0,7,13,2,22,0,5,0,0,5,0,12,13,2,27,0,0,0,27
09/17/2001,GGG,TX,ASW,CE,Towers with Radar,0,10,53,8,71,0,0,8,11,19,0,10,61,19,90,0,34,34,124
09/18/2001,GGG,TX,ASW,CE,Towers with Radar,0,10,56,9,75,0,0,21,11,32,0,10,77,20,107,6,36,42,149
09/19/2001,GGG,TX,ASW,CE,Towers with Radar,0,8,37,1,46,0,0,0,0,0,0,8,37,1,46,0,0,0,46
09/20/2001,GGG,TX,ASW,CE,Towers with Radar,0,7,47,0,54,0,0,12,0,12,0,7,59,0,66,0,0,0,66
09/21/2001,GGG,TX,ASW,CE,Towers with Radar,0,8,33,5,46,0,0,0,0,0,0,8,33,5,46,0,8,8,54
09/22/2001,GGG,TX,ASW,CE,Towers with Radar,0,8,35,0,43,0,2,31,0,33,0,10,66,0,76,124,0,124,200
09/23/2001,GGG,TX,ASW,CE,Towers with Radar,0,5,30,0,35,0,0,11,0,11,0,5,41,0,46,0,0,0,46
09/24/2001,GGG,TX,ASW,CE,Towers with Radar,0,8,51,8,67,0,0,66,1,67,0,8,117,9,134,192,40,232,366
09/25/2001,GGG,TX,ASW,CE,Towers with Radar,0,9,49,8,66,0,0,71,5,76,0,9,120,13,142,158,50,208,350
09/26/2001,GGG,TX,ASW,CE,Towers with Radar,0,10,44,7,61,0,0,74,20,94,0,10,118,27,155,142,94,236,391
09/27/2001,GGG,TX,ASW,CE,Towers with Radar,0,8,52,8,68,0,0,85,4,89,0,8,137,12,157,148,0,148,305
09/28/2001,GGG,TX,ASW,CE,Towers with Radar,0,12,46,4,62,1,5,55,0,61,1,17,101,4,123,112,0,112,235
09/29/2001,GGG,TX,ASW,CE,Towers with Radar,0,8,40,0,48,2,0,41,0,43,2,8,81,0,91,102,0,102,193
09/30/2001,GGG,TX,ASW,CE,Towers with Radar,0,8,34,2,44,0,0,33,0,33,0,8,67,2,77,44,0,44,121
10/01/2001,GGG,TX,ASW,CE,Towers with Radar,0,8,46,12,66,0,2,52,0,54,0,10,98,12,120,158,32,190,310
10/02/2001,GGG,TX,ASW,CE,Towers with Radar,0,8,50,15,73,0,2,85,7,94,0,10,135,22,167,130,78,208,375
10/03/2001,GGG,TX,ASW,CE,Towers with Radar,0,8,50,11,69,0,2,51,0,53,0,10,101,11,122,174,12,186,308
10/04/2001,GGG,TX,ASW,CE,Towers with Radar,0,10,66,19,95,0,0,64,19,83,0,10,130,38,178,120,118,238,416
10/05/2001,GGG,TX,ASW,CE,Towers with Radar,0,7,41,0,48,0,0,17,0,17,0,7,58,0,65,140,0,140,205
10/06/2001,GGG,TX,ASW,CE,Towers with Radar,0,5,29,0,34,0,3,36,0,39,0,8,65,0,73,104,0,104,177
10/07/2001,GGG,TX,ASW,CE,Towers with Radar,0,7,36,0,43,0,1,22,0,23,0,8,58,0,66,46,0,46,112
10/08/2001,GGG,TX,ASW,CE,Towers with Radar,0,8,45,3,56,0,1,86,0,87,0,9,131,3,143,258,0,258,401
10/09/2001,GGG,TX,ASW,CE,Towers with Radar,0,8,65,16,89,0,0,49,0,49,0,8,114,16,138,112,8,120,258
10/10/2001,GGG,TX,ASW,CE,Towers with Radar,0,8,65,19,92,0,0,14,0,14,0,8,79,19,106,84,16,100,206
10/11/2001,GGG,TX,ASW,CE,Towers with Radar,0,8,41,2,51,0,2,18,0,20,0,10,59,2,71,46,0,46,117
10/12/2001,GGG,TX,ASW,CE,Towers with Radar,0,8,61,18,87,3,0,0,3,6,3,8,61,21,93,50,42,92,185
10/13/2001,GGG,TX,ASW,CE,Towers with Radar,0,7,33,0,40,3,0,0,0,3,3,7,33,0,43,0,0,0,43
10/14/2001,GGG,TX,ASW,CE,Towers with Radar,0,8,41,6,55,0,0,20,0,20,0,8,61,6,75,34,0,34,109
10/15/2001,GGG,TX,ASW,CE,Towers with Radar,0,8,57,17,82,0,0,76,31,107,0,8,133,48,189,248,118,366,555
10/16/2001,GGG,TX,ASW,CE,Towers with Radar,0,8,49,2,59,0,0,79,0,79,0,8,128,2,138,188,0,188,326
10/17/2001,GGG,TX,ASW,CE,Towers with Radar,0,10,58,16,84,0,0,131,7,138,0,10,189,23,222,230,38,268,490
10/18/2001,GGG,TX,ASW,CE,Towers with Radar,0,8,75,20,103,0,0,90,49,139,0,8,165,69,242,208,166,374,616
10/19/2001,GGG,TX,ASW,CE,Towers with Radar,0,8,51,14,73,0,0,49,19,68,0,8,100,33,141,162,40,202,343
10/20/2001,GGG,TX,ASW,CE,Towers with Radar,0,6,33,8,47,0,2,38,0,40,0,8,71,8,87,24,16,40,127
10/21/2001,GGG,TX,ASW,CE,Towers with Radar,0,6,31,7,44,0,3,0,0,3,0,9,31,7,47,26,0,26,73
10/22/2001,GGG,TX,ASW,CE,Towers with Radar,0,7,48,0,55,0,0,25,0,25,0,7,73,0,80,80,0,80,160
10/23/2001,GGG,TX,ASW,CE,Towers with Radar,0,8,50,7,65,0,2,35,0,37,0,10,85,7,102,130,16,146,248
10/24/2001,GGG,TX,ASW,CE,Towers with Radar,0,7,52,0,59,0,0,51,0,51,0,7,103,0,110,86,0,86,196
10/25/2001,GGG,TX,ASW,CE,Towers with Radar,0,8,47,5,60,0,0,55,0,55,0,8,102,5,115,152,0,152,267
10/26/2001,GGG,TX,ASW,CE,Towers with Radar,0,8,48,13,69,0,0,79,10,89,0,8,127,23,158,204,50,254,412
10/27/2001,GGG,TX,ASW,CE,Towers with Radar,0,5,32,4,41,0,2,55,0,57,0,7,87,4,98,104,38,142,240
10/28/2001,GGG,TX,ASW,CE,Towers with Radar,0,5,35,2,42,0,3,31,0,34,0,8,66,2,76,4,10,14,90
10/29/2001,GGG,TX,ASW,CE,Towers with Radar,0,7,46,13,66,0,1,63,15,79,0,8,109,28,145,296,40,336,481
10/30/2001,GGG,TX,ASW,CE,Towers with Radar,0,8,57,16,81,0,0,70,2,72,0,8,127,18,153,258,60,318,471
10/31/2001,GGG,TX,ASW,CE,Towers with Radar,0,8,52,15,75,0,0,51,23,74,0,8,103,38,149,228,90,318,467
11/01/2001,GGG,TX,ASW,CE,Towers with Radar,0,8,55,51,114,0,0,56,1,57,0,8,111,52,171,178,80,258,429
11/02/2001,GGG,TX,ASW,CE,Towers with Radar,2,8,53,3,66,0,0,45,0,45,2,8,98,3,111,274,0,274,385
11/03/2001,GGG,TX,ASW,CE,Towers with Radar,0,9,29,0,38,0,0,65,0,65,0,9,94,0,103,94,0,94,197
11/04/2001,GGG,TX,ASW,CE,Towers with Radar,0,9,41,0,50,0,0,8,0,8,0,9,49,0,58,26,0,26,84
11/05/2001,GGG,TX,ASW,CE,Towers with Radar,4,8,48,0,60,0,0,80,0,80,4,8,128,0,140,212,0,212,352
11/06/2001,GGG,TX,ASW,CE,Towers with Radar,0,9,52,11,72,0,0,89,14,103,0,9,141,25,175,208,62,270,445
11/07/2001,GGG,TX,ASW,CE,Towers with Radar,0,7,47,11,65,0,0,74,0,74,0,7,121,11,139,130,32,162,301
11/08/2001,GGG,TX,ASW,CE,Towers with Radar,0,8,51,40,99,0,0,49,2,51,0,8,100,42,150,170,72,242,392
11/09/2001,GGG,TX,ASW,CE,Towers with Radar,0,10,59,13,82,0,0,46,2,48,0,10,105,15,130,166,16,182,312
11/10/2001,GGG,TX,ASW,CE,Towers with Radar,0,8,37,0,45,0,0,72,1,73,0,8,109,1,118,164,0,164,282
11/11/2001,GGG,TX,ASW,CE,Towers with Radar,0,8,27,0,35,0,0,23,0,23,0,8,50,0,58,50,0,50,108
11/12/2001,GGG,TX,ASW,CE,Towers with Radar,0,8,55,0,63,0,0,25,0,25,0,8,80,0,88,152,0,152,240
11/13/2001,GGG,TX,ASW,CE,Towers with Radar,0,8,85,14,107,0,0,64,0,64,0,8,149,14,171,118,50,168,339
11/14/2001,GGG,TX,ASW,CE,Towers with Radar,0,11,67,14,92,0,0,35,0,35,0,11,102,14,127,120,10,130,257
11/15/2001,GGG,TX,ASW,CE,Towers with Radar,0,11,51,12,74,0,1,97,11,109,0,12,148,23,183,216,12,228,411
11/16/2001,GGG,TX,ASW,CE,Towers with Radar,0,8,55,13,76,0,0,71,11,82,0,8,126,24,158,176,34,210,368
11/17/2001,GGG,TX,ASW,CE,Towers with Radar,0,8,60,15,83,0,0,65,0,65,0,8,125,15,148,196,20,216,364
11/18/2001,GGG,TX,ASW,CE,Towers with Radar,0,9,26,12,47,0,0,47,0,47,0,9,73,12,94,122,26,148,242
11/19/2001,GGG,TX,ASW,CE,Towers with Radar,0,8,43,0,51,0,0,10,0,10,0,8,53,0,61,0,0,0,61
11/20/2001,GGG,TX,ASW,CE,Towers with Radar,0,10,42,5,57,0,0,99,0,99,0,10,141,5,156,284,24,308,464
11/21/2001,GGG,TX,ASW,CE,Towers with Radar,0,8,49,3,60,0,0,76,0,76,0,8,125,3,136,228,2,230,366
11/22/2001,GGG,TX,ASW,CE,Towers with Radar,0,9,6,0,15,0,0,18,0,18,0,9,24,0,33,14,0,14,47
11/23/2001,GGG,TX,ASW,CE,Towers with Radar,3,9,21,0,33,0,0,17,0,17,3,9,38,0,50,26,0,26,76
11/24/2001,GGG,TX,ASW,CE,Towers with Radar,3,8,16,0,27,0,0,46,0,46,3,8,62,0,73,68,0,68,141
11/25/2001,GGG,TX,ASW,CE,Towers with Radar,0,8,35,0,43,0,0,36,0,36,0,8,71,0,79,2,0,2,81
11/26/2001,GGG,TX,ASW,CE,Towers with Radar,0,8,33,5,46,0,9,0,0,9,0,17,33,5,55,0,38,38,93
11/27/2001,GGG,TX,ASW,CE,Towers with Radar,0,8,40,0,48,5,2,43,0,50,5,10,83,0,98,208,0,208,306
11/28/2001,GGG,TX,ASW,CE,Towers with Radar,0,2,13,0,15,0,5,0,0,5,0,7,13,0,20,0,0,0,20
11/29/2001,GGG,TX,ASW,CE,Towers with Radar,1,22,22,13,58,0,0,0,0,0,1,22,22,13,58,4,0,4,62
11/30/2001,GGG,TX,ASW,CE,Towers with Radar,1,14,36,4,55,0,2,86,0,88,1,16,122,4,143,246,0,246,389
12/01/2001,GGG,TX,ASW,CE,Towers with Radar,0,7,30,5,42,0,1,116,0,117,0,8,146,5,159,182,0,182,341
12/02/2001,GGG,TX,ASW,CE,Towers with Radar,0,17,28,0,45,0,0,49,0,49,0,17,77,0,94,104,0,104,198
12/03/2001,GGG,TX,ASW,CE,Towers with Radar,1,8,42,15,66,0,1,69,0,70,1,9,111,15,136,222,62,284,420
12/04/2001,GGG,TX,ASW,CE,Towers with Radar,0,9,38,21,68,0,0,61,0,61,0,9,99,21,129,284,66,350,479
12/05/2001,GGG,TX,ASW,CE,Towers with Radar,0,8,45,11,64,0,0,40,13,53,0,8,85,24,117,222,12,234,351
12/06/2001,GGG,TX,ASW,CE,Towers with Radar,0,10,56,14,80,0,0,37,23,60,0,10,93,37,140,82,4,86,226
12/07/2001,GGG,TX,ASW,CE,Towers with Radar,0,8,59,5,72,0,0,7,0,7,0,8,66,5,79,54,0,54,133
12/08/2001,GGG,TX,ASW,CE,Towers with Radar,0,8,30,3,41,0,0,68,0,68,0,8,98,3,109,160,4,164,273
12/09/2001,GGG,TX,ASW,CE,Towers with Radar,0,10,34,5,49,0,0,50,0,50,0,10,84,5,99,114,4,118,217
12/10/2001,GGG,TX,ASW,CE,Towers with Radar,0,8,38,7,53,0,0,74,2,76,0,8,112,9,129,200,26,226,355
12/11/2001,GGG,TX,ASW,CE,Towers with Radar,0,8,40,1,49,0,0,45,1,46,0,8,85,2,95,154,0,154,249
12/12/2001,GGG,TX,ASW,CE,Towers with Radar,0,9,33,0,42,0,0,12,0,12,0,9,45,0,54,42,0,42,96
12/13/2001,GGG,TX,ASW,CE,Towers with Radar,0,9,52,0,61,0,0,3,0,3,0,9,55,0,64,28,0,28,92
12/14/2001,GGG,TX,ASW,CE,Towers with Radar,0,7,28,18,53,0,0,104,5,109,0,7,132,23,162,216,104,320,482
12/15/2001,GGG,TX,ASW,CE,Towers with Radar,0,7,28,3,38,0,1,10,0,11,0,8,38,3,49,22,0,22,71
12/16/2001,GGG,TX,ASW,CE,Towers with Radar,0,6,5,0,11,0,0,2,0,2,0,6,7,0,13,14,0,14,27
12/17/2001,GGG,TX,ASW,CE,Towers with Radar,0,11,43,10,64,1,0,26,5,32,1,11,69,15,96,18,38,56,152
12/18/2001,GGG,TX,ASW,CE,Towers with Radar,0,8,43,10,61,0,0,52,0,52,0,8,95,10,113,76,64,140,253
12/19/2001,GGG,TX,ASW,CE,Towers with Radar,0,8,42,17,67,0,1,22,0,23,0,9,64,17,90,28,32,60,150
12/20/2001,GGG,TX,ASW,CE,Towers with Radar,0,9,34,8,51,1,0,44,13,58,1,9,78,21,109,50,68,118,227
12/21/2001,GGG,TX,ASW,CE,Towers with Radar,0,11,25,6,42,0,0,48,0,48,0,11,73,6,90,42,22,64,154
12/22/2001,GGG,TX,ASW,CE,Towers with Radar,0,8,15,0,23,0,0,1,0,1,0,8,16,0,24,0,0,0,24
12/23/2001,GGG,TX,ASW,CE,Towers with Radar,0,10,7,0,17,0,0,50,0,50,0,10,57,0,67,24,0,24,91
12/24/2001,GGG,TX,ASW,CE,Towers with Radar,1,5,8,0,14,0,2,35,0,37,1,7,43,0,51,10,0,10,61
12/25/2001,GGG,TX,ASW,CE,Towers with Radar,0,7,7,0,14,0,0,8,0,8,0,7,15,0,22,10,0,10,32
12/26/2001,GGG,TX,ASW,CE,Towers with Radar,0,12,40,0,52,0,8,12,0,20,0,20,52,0,72,0,0,0,72
12/27/2001,GGG,TX,ASW,CE,Towers with Radar,0,7,27,0,34,0,3,53,0,56,0,10,80,0,90,46,0,46,136
12/28/2001,GGG,TX,ASW,CE,Towers with Radar,0,11,31,8,50,0,0,51,0,51,0,11,82,8,101,62,14,76,177
12/29/2001,GGG,TX,ASW,CE,Towers with Radar,0,12,33,0,45,0,0,35,0,35,0,12,68,0,80,40,0,40,120
12/30/2001,GGG,TX,ASW,CE,Towers with Radar,0,5,21,0,26,0,7,11,0,18,0,12,32,0,44,28,0,28,72
12/31/2001,GGG,TX,ASW,CE,Towers with Radar,0,4,16,0,20,0,3,0,0,3,0,7,16,0,23,0,0,0,23
01/01/2002,GGG,TX,ASW,CE,Towers with Radar,0,7,7,0,14,0,1,6,0,7,0,8,13,0,21,0,0,0,21
01/02/2002,GGG,TX,ASW,CE,Towers with Radar,0,8,13,0,21,0,0,22,0,22,0,8,35,0,43,94,0,94,137
01/03/2002,GGG,TX,ASW,CE,Towers with Radar,0,8,20,10,38,0,0,52,0,52,0,8,72,10,90,76,14,90,180
01/04/2002,GGG,TX,ASW,CE,Towers with Radar,0,10,33,14,57,0,0,66,0,66,0,10,99,14,123,144,68,212,335
01/05/2002,GGG,TX,ASW,CE,Towers with Radar,0,8,17,0,25,0,0,0,0,0,0,8,17,0,25,0,0,0,25
01/06/2002,GGG,TX,ASW,CE,Towers with Radar,0,7,23,0,30,0,0,34,0,34,0,7,57,0,64,74,0,74,138
01/07/2002,GGG,TX,ASW,CE,Towers with Radar,0,8,36,15,59,0,0,71,27,98,0,8,107,42,157,238,98,336,493
01/08/2002,GGG,TX,ASW,CE,Towers with Radar,0,14,34,11,59,0,0,55,0,55,0,14,89,11,114,192,0,192,306
01/09/2002,GGG,TX,ASW,CE,Towers with Radar,0,8,39,5,52,0,0,32,0,32,0,8,71,5,84,98,0,98,182
01/10/2002,GGG,TX,ASW,CE,Towers with Radar,0,8,64,7,79,0,0,31,0,31,0,8,95,7,110,146,22,168,278
01/11/2002,GGG,TX,ASW,CE,Towers with Radar,0,9,39,16,64,0,0,43,26,69,0,9,82,42,133,204,124,328,461
01/12/2002,GGG,TX,ASW,CE,Towers with Radar,0,10,26,7,43,0,0,73,0,73,0,10,99,7,116,116,14,130,246
01/13/2002,GGG,TX,ASW,CE,Towers with Radar,0,7,19,4,30,0,1,20,0,21,0,8,39,4,51,38,10,48,99
01/14/2002,GGG,TX,ASW,CE,Towers with Radar,0,10,27,0,37,0,14,54,0,68,0,24,81,0,105,182,0,182,287
01/15/2002,GGG,TX,ASW,CE,Towers with Radar,0,10,32,13,55,0,0,66,30,96,0,10,98,43,151,90,18,108,259
01/16/2002,GGG,TX,ASW,CE,Towers with Radar,0,8,34,9,51,0,0,56,0,56,0,8,90,9,107,74,20,94,201
01/17/2002,GGG,TX,ASW,CE,Towers with Radar,0,12,40,0,52,0,0,0,0,0,0,12,40,0,52,0,0,0,52
01/18/2002,GGG,TX,ASW,CE,Towers with Radar,0,10,41,5,56,0,0,0,0,0,0,10,41,5,56,0,4,4,60
01/19/2002,GGG,TX,ASW,CE,Towers with Radar,0,8,15,4,27,0,0,19,0,19,0,8,34,4,46,0,0,0,46
01/20/2002,GGG,TX,ASW,CE,Towers with Radar,0,7,23,4,34,0,1,12,0,13,0,8,35,4,47,32,0,32,79
01/21/2002,GGG,TX,ASW,CE,Towers with Radar,0,10,42,0,52,0,0,91,0,91,0,10,133,0,143,180,0,180,323
01/22/2002,GGG,TX,ASW,CE,Towers with Radar,0,8,18,0,26,0,0,25,0,25,0,8,43,0,51,56,0,56,107
01/23/2002,GGG,TX,ASW,CE,Towers with Radar,0,7,31,28,66,0,0,53,0,53,0,7,84,28,119,112,16,128,247
01/24/2002,GGG,TX,ASW,CE,Towers with Radar,0,7,24,2,33,0,1,2,0,3,0,8,26,2,36,0,0,0,36
01/25/2002,GGG,TX,ASW,CE,Towers with Radar,0,8,29,11,48,0,0,99,0,99,0,8,128,11,147,184,0,184,331
01/26/2002,GGG,TX,ASW,CE,Towers with Radar,0,8,20,0,28,0,0,87,0,87,0,8,107,0,115,142,0,142,257
01/27/2002,GGG,TX,ASW,CE,Towers with Radar,0,16,18,6,40,0,1,46,0,47,0,17,64,6,87,154,16,170,257
01/28/2002,GGG,TX,ASW,CE,Towers with Radar,0,19,58,7,84,2,14,41,0,57,2,33,99,7,141,24,26,50,191
01/29/2002,GGG,TX,ASW,CE,Towers with Radar,0,14,43,16,73,0,0,42,7,49,0,14,85,23,122,68,46,114,236
01/30/2002,GGG,TX,ASW,CE,Towers with Radar,0,12,46,17,75,0,0,57,26,83,0,12,103,43,158,120,132,252,410
01/31/2002,GGG,TX,ASW,CE,Towers with Radar,0,0,0,0,0,0,0,0,0,0,0,0,0,0,0,0,0,0,0
02/01/2002,GGG,TX,ASW,CE,Towers with Radar,0,14,50,13,77,0,0,121,1,122,0,14,171,14,199,192,76,268,467
02/02/2002,GGG,TX,ASW,CE,Towers with Radar,0,8,29,9,46,0,0,89,5,94,0,8,118,14,140,130,10,140,280
02/03/2002,GGG,TX,ASW,CE,Towers with Radar,0,7,24,5,36,0,0,11,0,11,0,7,35,5,47,56,0,56,103
02/04/2002,GGG,TX,ASW,CE,Towers with Radar,0,10,44,10,64,0,0,82,1,83,0,10,126,11,147,162,40,202,349
02/05/2002,GGG,TX,ASW,CE,Towers with Radar,0,9,5,2,16,0,0,1,1,2,0,9,6,3,18,0,0,0,18
02/06/2002,GGG,TX,ASW,CE,Towers with Radar,0,7,10,4,21,0,0,2,1,3,0,7,12,5,24,22,0,22,46
02/07/2002,GGG,TX,ASW,CE,Towers with Radar,0,8,47,11,66,0,0,81,2,83,0,8,128,13,149,194,28,222,371
02/08/2002,GGG,TX,ASW,CE,Towers with Radar,0,8,59,12,79,0,0,78,1,79,0,8,137,13,158,168,32,200,358
02/09/2002,GGG,TX,ASW,CE,Towers with Radar,0,6,23,2,31,0,2,51,0,53,0,8,74,2,84,62,0,62,146
02/10/2002,GGG,TX,ASW,CE,Towers with Radar,0,7,25,0,32,0,3,0,0,3,0,10,25,0,35,22,0,22,57
02/11/2002,GGG,TX,ASW,CE,Towers with Radar,0,9,44,11,64,0,0,84,6,90,0,9,128,17,154,194,42,236,390
02/12/2002,GGG,TX,ASW,CE,Towers with Radar,0,9,40,2,51,0,0,91,0,91,0,9,131,2,142,108,0,108,250
02/13/2002,GGG,TX,ASW,CE,Towers with Radar,0,10,52,8,70,0,0,106,2,108,0,10,158,10,178,268,14,282,460
02/14/2002,GGG,TX,ASW,CE,Towers with Radar,0,8,42,10,60,0,0,85,12,97,0,8,127,22,157,144,60,204,361
02/15/2002,GGG,TX,ASW,CE,Towers with Radar,0,10,34,19,63,0,0,50,0,50,0,10,84,19,113,156,2,158,271
02/16/2002,GGG,TX,ASW,CE,Towers with Radar,0,6,26,0,32,0,3,61,0,64,0,9,87,0,96,176,0,176,272
02/17/2002,GGG,TX,ASW,CE,Towers with Radar,0,5,20,0,25,0,3,10,0,13,0,8,30,0,38,22,0,22,60
02/18/2002,GGG,TX,ASW,CE,Towers with Radar,0,12,45,0,57,0,16,70,0,86,0,28,115,0,143,140,0,140,283
02/19/2002,GGG,TX,ASW,CE,Towers with Radar,0,9,34,7,50,0,0,18,0,18,0,9,52,7,68,50,28,78,146
02/20/2002,GGG,TX,ASW,CE,Towers with Radar,0,11,53,5,69,0,1,92,2,95,0,12,145,7,164,276,18,294,458
02/21/2002,GGG,TX,ASW,CE,Towers with Radar,0,8,48,9,65,0,0,97,0,97,0,8,145,9,162,256,38,294,456
02/22/2002,GGG,TX,ASW,CE,Towers with Radar,0,8,47,9,64,0,1,104,0,105,0,9,151,9,169,284,40,324,493
02/23/2002,GGG,TX,ASW,CE,Towers with Radar,0,8,24,18,50,0,0,83,1,84,0,8,107,19,134,240,28,268,402
02/24/2002,GGG,TX,ASW,CE,Towers with Radar,0,6,26,1,33,1,1,41,0,43,1,7,67,1,76,90,0,90,166
02/25/2002,GGG,TX,ASW,CE,Towers with Radar,0,7,43,11,61,0,0,45,16,61,0,7,88,27,122,132,38,170,292
02/26/2002,GGG,TX,ASW,CE,Towers with Radar,0,7,30,7,44,0,1,44,18,63,0,8,74,25,107,134,88,222,329
02/27/2002,GGG,TX,ASW,CE,Towers with Radar,1,10,43,7,61,0,1,95,1,97,1,11,138,8,158,220,0,220,378
02/28/2002,GGG,TX,ASW,CE,Towers with Radar,0,8,46,18,72,0,0,119,4,123,0,8,165,22,195,294,82,376,571
03/01/2002,GGG,TX,ASW,CE,Towers with Radar,0,8,37,10,55,0,1,1,0,2,0,9,38,10,57,8,2,10,67
03/02/2002,GGG,TX,ASW,CE,Towers with Radar,0,5,5,0,10,0,0,3,0,3,0,5,8,0,13,10,0,10,23
03/03/2002,GGG,TX,ASW,CE,Towers with Radar,0,8,7,0,15,0,0,34,0,34,0,8,41,0,49,40,0,40,89
03/04/2002,GGG,TX,ASW,CE,Towers with Radar,0,9,61,7,77,0,0,85,0,85,0,9,146,7,162,262,26,288,450
03/05/2002,GGG,TX,ASW,CE,Towers with Radar,0,8,45,11,64,1,1,95,16,113,1,9,140,27,177,342,88,430,607
03/06/2002,GGG,TX,ASW,CE,Towers with Radar,0,7,40,17,64,0,1,71,0,72,0,8,111,17,136,322,10,332,468
03/07/2002,GGG,TX,ASW,CE,Towers with Radar,0,12,73,7,92,0,0,66,2,68,0,12,139,9,160,232,0,232,392
03/08/2002,GGG,TX,ASW,CE,Towers with Radar,2,11,70,23,106,0,0,28,0,28,2,11,98,23,134,170,26,196,330
03/09/2002,GGG,TX,ASW,CE,Towers with Radar,0,7,29,3,39,0,3,29,0,32,0,10,58,3,71,132,8,140,211
03/10/2002,GGG,TX,ASW,CE,Towers with Radar,0,7,31,7,45,1,1,45,10,57,1,8,76,17,102,34,12,46,148
03/11/2002,GGG,TX,ASW,CE,Towers with Radar,0,8,25,0,33,0,1,29,0,30,0,9,54,0,63,114,0,114,177
03/12/2002,GGG,TX,ASW,CE,Towers with Radar,0,8,56,13,77,0,0,34,23,57,0,8,90,36,134,230,112,342,476
03/13/2002,GGG,TX,ASW,CE,Towers with Radar,2,8,56,17,83,0,1,100,1,102,2,9,156,18,185,196,78,274,459
03/14/2002,GGG,TX,ASW,CE,Towers with Radar,0,10,40,7,57,0,0,57,0,57,0,10,97,7,114,94,28,122,236
03/15/2002,GGG,TX,ASW,CE,Towers with Radar,0,9,44,18,71,0,0,40,0,40,0,9,84,18,111,278,72,350,461
03/16/2002,GGG,TX,ASW,CE,Towers with Radar,0,8,45,0,53,0,0,18,0,18,0,8,63,0,71,140,0,140,211
03/17/2002,GGG,TX,ASW,CE,Towers with Radar,0,13,12,0,25,0,0,0,0,0,0,13,12,0,25,0,0,0,25
03/18/2002,GGG,TX,ASW,CE,Towers with Radar,0,7,24,6,37,0,0,4,0,4,0,7,28,6,41,32,0,32,73
03/19/2002,GGG,TX,ASW,CE,Towers with Radar,0,7,33,0,40,2,0,26,0,28,2,7,59,0,68,90,0,90,158
03/20/2002,GGG,TX,ASW,CE,Towers with Radar,0,7,38,0,45,0,0,4,0,4,0,7,42,0,49,16,0,16,65
03/21/2002,GGG,TX,ASW,CE,Towers with Radar,0,8,32,19,59,0,0,91,0,91,0,8,123,19,150,136,12,148,298
03/22/2002,GGG,TX,ASW,CE,Towers with Radar,0,8,53,3,64,0,0,108,0,108,0,8,161,3,172,308,4,312,484
03/23/2002,GGG,TX,ASW,CE,Towers with Radar,0,7,43,0,50,0,0,104,0,104,0,7,147,0,154,358,0,358,512
03/24/2002,GGG,TX,ASW,CE,Towers with Radar,0,9,21,0,30,0,0,15,0,15,0,9,36,0,45,0,0,0,45
03/25/2002,GGG,TX,ASW,CE,Towers with Radar,0,9,28,17,54,0,0,13,3,16,0,9,41,20,70,82,66,148,218
03/26/2002,GGG,TX,ASW,CE,Towers with Radar,1,8,40,9,58,0,0,64,0,64,1,8,104,9,122,364,44,408,530
03/27/2002,GGG,TX,ASW,CE,Towers with Radar,0,10,69,25,104,0,4,129,2,135,0,14,198,27,239,240,100,340,579
03/28/2002,GGG,TX,ASW,CE,Towers with Radar,0,8,59,10,77,0,0,92,0,92,0,8,151,10,169,372,22,394,563
03/29/2002,GGG,TX,ASW,CE,Towers with Radar,0,8,19,0,27,0,0,12,0,12,0,8,31,0,39,0,0,0,39
03/30/2002,GGG,TX,ASW,CE,Towers with Radar,0,7,17,1,25,0,0,0,0,0,0,7,17,1,25,0,0,0,25
03/31/2002,GGG,TX,ASW,CE,Towers with Radar,0,10,18,0,28,0,0,10,0,10,0,10,28,0,38,16,0,16,54
04/01/2002,GGG,TX,ASW,CE,Towers with Radar,0,8,47,5,60,0,0,82,15,97,0,8,129,20,157,134,58,192,349
04/02/2002,GGG,TX,ASW,CE,Towers with Radar,0,9,53,8,70,0,0,51,0,51,0,9,104,8,121,156,28,184,305
04/03/2002,GGG,TX,ASW,CE,Towers with Radar,0,12,32,25,69,0,0,93,0,93,0,12,125,25,162,156,62,218,380
04/04/2002,GGG,TX,ASW,CE,Towers with Radar,0,8,49,23,80,0,0,97,4,101,0,8,146,27,181,366,76,442,623
04/05/2002,GGG,TX,ASW,CE,Towers with Radar,0,9,31,12,52,0,0,87,1,88,0,9,118,13,140,150,66,216,356
04/06/2002,GGG,TX,ASW,CE,Towers with Radar,0,5,30,0,35,0,1,63,0,64,0,6,93,0,99,242,0,242,341
04/07/2002,GGG,TX,ASW,CE,Towers with Radar,2,8,1,0,11,0,0,7,0,7,2,8,8,0,18,4,0,4,22
04/08/2002,GGG,TX,ASW,CE,Towers with Radar,0,6,35,0,41,0,1,39,0,40,0,7,74,0,81,162,0,162,243
04/09/2002,GGG,TX,ASW,CE,Towers with Radar,0,8,58,0,66,0,0,26,0,26,0,8,84,0,92,88,0,88,180
04/10/2002,GGG,TX,ASW,CE,Towers with Radar,0,8,56,6,70,0,0,91,0,91,0,8,147,6,161,154,4,158,319
04/11/2002,GGG,TX,ASW,CE,Towers with Radar,0,11,83,3,97,0,0,89,0,89,0,11,172,3,186,342,48,390,576
04/12/2002,GGG,TX,ASW,CE,Towers with Radar,0,9,44,0,53,0,2,73,0,75,0,11,117,0,128,210,0,210,338
04/13/2002,GGG,TX,ASW,CE,Towers with Radar,0,7,19,0,26,0,0,56,0,56,0,7,75,0,82,116,0,116,198
04/14/2002,GGG,TX,ASW,CE,Towers with Radar,0,6,33,1,40,0,5,37,0,42,0,11,70,1,82,76,0,76,158
04/15/2002,GGG,TX,ASW,CE,Towers with Radar,0,9,50,0,59,0,0,35,0,35,0,9,85,0,94,262,0,262,356
04/16/2002,GGG,TX,ASW,CE,Towers with Radar,0,9,48,4,61,2,0,8,7,17,2,9,56,11,78,142,12,154,232
04/17/2002,GGG,TX,ASW,CE,Towers with Radar,0,9,71,0,80,0,0,60,0,60,0,9,131,0,140,168,0,168,308
04/18/2002,GGG,TX,ASW,CE,Towers with Radar,0,9,65,7,81,0,0,60,7,67,0,9,125,14,148,135,56,191,339
04/19/2002,GGG,TX,ASW,CE,Towers with Radar,0,9,60,7,76,0,0,51,14,65,0,9,111,21,141,178,64,242,383
04/20/2002,GGG,TX,ASW,CE,Towers with Radar,0,6,33,0,39,0,0,52,0,52,0,6,85,0,91,182,0,182,273
04/21/2002,GGG,TX,ASW,CE,Towers with Radar,0,10,15,0,25,0,0,11,0,11,0,10,26,0,36,84,0,84,120
04/22/2002,GGG,TX,ASW,CE,Towers with Radar,0,8,43,5,56,0,1,69,4,74,0,9,112,9,130,214,20,234,364
04/23/2002,GGG,TX,ASW,CE,Towers with Radar,0,8,38,0,46,0,0,59,0,59,0,8,97,0,105,120,0,120,225
04/24/2002,GGG,TX,ASW,CE,Towers with Radar,2,7,62,2,73,0,0,66,0,66,2,7,128,2,139,198,20,218,357
04/25/2002,GGG,TX,ASW,CE,Towers with Radar,0,9,52,5,66,0,0,39,0,39,0,9,91,5,105,106,0,106,211
04/26/2002,GGG,TX,ASW,CE,Towers with Radar,0,8,54,3,65,0,0,46,0,46,0,8,100,3,111,220,2,222,333
04/27/2002,GGG,TX,ASW,CE,Towers with Radar,0,6,41,0,47,0,0,32,0,32,0,6,73,0,79,140,0,140,219
04/28/2002,GGG,TX,ASW,CE,Towers with Radar,0,5,30,0,35,0,4,15,0,19,0,9,45,0,54,86,0,86,140
04/29/2002,GGG,TX,ASW,CE,Towers with Radar,3,6,77,1,87,0,0,82,0,82,3,6,159,1,169,110,0,110,279
04/30/2002,GGG,TX,ASW,CE,Towers with Radar,0,9,62,7,78,0,0,66,3,69,0,9,128,10,147,178,44,222,369
05/01/2002,GGG,TX,ASW,CE,Towers with Radar,0,8,51,7,66,0,0,62,0,62,0,8,113,7,128,176,30,206,334
05/02/2002,GGG,TX,ASW,CE,Towers with Radar,0,10,59,7,76,0,0,39,3,42,0,10,98,10,118,92,10,102,220
05/03/2002,GGG,TX,ASW,CE,Towers with Radar,0,8,45,0,53,0,0,3,0,3,0,8,48,0,56,14,0,14,70
05/04/2002,GGG,TX,ASW,CE,Towers with Radar,0,5,30,18,53,0,0,62,6,68,0,5,92,24,121,126,36,162,283
05/05/2002,GGG,TX,ASW,CE,Towers with Radar,0,7,33,5,45,0,1,17,1,19,0,8,50,6,64,12,0,12,76
05/06/2002,GGG,TX,ASW,CE,Towers with Radar,0,10,53,0,63,0,0,86,0,86,0,10,139,0,149,98,0,98,247
05/07/2002,GGG,TX,ASW,CE,Towers with Radar,0,8,54,20,82,0,0,44,0,44,0,8,98,20,126,156,20,176,302
05/08/2002,GGG,TX,ASW,CE,Towers with Radar,0,8,58,2,68,0,0,60,0,60,0,8,118,2,128,158,2,160,288
05/09/2002,GGG,TX,ASW,CE,Towers with Radar,0,12,58,8,78,0,1,32,12,45,0,13,90,20,123,302,44,346,469
05/10/2002,GGG,TX,ASW,CE,Towers with Radar,0,7,47,6,60,0,0,60,6,66,0,7,107,12,126,166,16,182,308
05/11/2002,GGG,TX,ASW,CE,Towers with Radar,0,7,34,0,41,0,0,41,0,41,0,7,75,0,82,60,0,60,142
05/12/2002,GGG,TX,ASW,CE,Towers with Radar,0,5,25,2,32,0,3,13,8,24,0,8,38,10,56,6,20,26,82
05/13/2002,GGG,TX,ASW,CE,Towers with Radar,0,9,41,0,50,0,0,80,0,80,0,9,121,0,130,76,0,76,206
05/14/2002,GGG,TX,ASW,CE,Towers with Radar,0,8,36,9,53,0,0,107,1,108,0,8,143,10,161,180,40,220,381
05/15/2002,GGG,TX,ASW,CE,Towers with Radar,0,8,43,17,68,0,0,104,1,105,0,8,147,18,173,286,20,306,479
05/16/2002,GGG,TX,ASW,CE,Towers with Radar,0,8,49,9,66,0,0,55,2,57,0,8,104,11,123,174,12,186,309
05/17/2002,GGG,TX,ASW,CE,Towers with Radar,0,10,26,0,36,0,0,1,2,3,0,10,27,2,39,0,0,0,39
05/18/2002,GGG,TX,ASW,CE,Towers with Radar,0,7,24,0,31,0,0,74,0,74,0,7,98,0,105,154,0,154,259
05/19/2002,GGG,TX,ASW,CE,Towers with Radar,0,4,26,3,33,0,5,45,1,51,0,9,71,4,84,110,6,116,200
05/20/2002,GGG,TX,ASW,CE,Towers with Radar,0,7,39,5,51,0,5,94,2,101,0,12,133,7,152,90,10,100,252
05/21/2002,GGG,TX,ASW,CE,Towers with Radar,0,8,59,27,94,0,0,95,1,96,0,8,154,28,190,188,102,290,480
05/22/2002,GGG,TX,ASW,CE,Towers with Radar,0,7,37,0,44,0,1,98,0,99,0,8,135,0,143,176,0,176,319
05/23/2002,GGG,TX,ASW,CE,Towers with Radar,0,8,47,0,55,0,0,94,0,94,0,8,141,0,149,172,0,172,321
05/24/2002,GGG,TX,ASW,CE,Towers with Radar,0,8,50,0,58,0,0,69,0,69,0,8,119,0,127,236,0,236,363
05/25/2002,GGG,TX,ASW,CE,Towers with Radar,0,5,37,0,42,0,0,32,0,32,0,5,69,0,74,68,0,68,142
05/26/2002,GGG,TX,ASW,CE,Towers with Radar,0,3,19,0,22,0,3,33,0,36,0,6,52,0,58,26,0,26,84
05/27/2002,GGG,TX,ASW,CE,Towers with Radar,0,6,33,0,39,0,3,55,0,58,0,9,88,0,97,260,0,260,357
05/28/2002,GGG,TX,ASW,CE,Towers with Radar,0,8,31,0,39,0,0,60,0,60,0,8,91,0,99,170,0,170,269
05/29/2002,GGG,TX,ASW,CE,Towers with Radar,0,8,47,0,55,0,0,32,0,32,0,8,79,0,87,200,0,200,287
05/30/2002,GGG,TX,ASW,CE,Towers with Radar,0,8,57,16,81,0,0,56,3,59,0,8,113,19,140,328,34,362,502
05/31/2002,GGG,TX,ASW,CE,Towers with Radar,0,9,52,0,61,0,0,141,0,141,0,9,193,0,202,368,0,368,570
06/01/2002,GGG,TX,ASW,CE,Towers with Radar,0,3,12,0,15,0,2,78,1,81,0,5,90,1,96,146,0,146,242
06/02/2002,GGG,TX,ASW,CE,Towers with Radar,0,3,27,1,31,0,6,44,0,50,0,9,71,1,81,56,0,56,137
06/03/2002,GGG,TX,ASW,CE,Towers with Radar,0,6,43,0,49,0,2,110,0,112,0,8,153,0,161,340,0,340,501
06/04/2002,GGG,TX,ASW,CE,Towers with Radar,0,10,45,7,62,0,0,105,2,107,0,10,150,9,169,416,28,444,613
06/05/2002,GGG,TX,ASW,CE,Towers with Radar,0,8,44,0,52,0,0,148,0,148,0,8,192,0,200,510,0,510,710
06/06/2002,GGG,TX,ASW,CE,Towers with Radar,0,8,33,3,44,0,0,125,1,126,0,8,158,4,170,526,24,550,720
06/07/2002,GGG,TX,ASW,CE,Towers with Radar,0,11,53,6,70,0,0,146,28,174,0,11,199,34,244,574,74,648,892
06/08/2002,GGG,TX,ASW,CE,Towers with Radar,0,9,31,0,40,0,0,76,0,76,0,9,107,0,116,402,0,402,518
06/09/2002,GGG,TX,ASW,CE,Towers with Radar,0,8,13,5,26,0,0,5,1,6,0,8,18,6,32,16,0,16,48
06/10/2002,GGG,TX,ASW,CE,Towers with Radar,0,9,60,25,94,0,0,99,9,108,0,9,159,34,202,456,78,534,736
06/11/2002,GGG,TX,ASW,CE,Towers with Radar,0,8,48,8,64,0,0,92,7,99,0,8,140,15,163,500,56,556,719
06/12/2002,GGG,TX,ASW,CE,Towers with Radar,0,8,53,21,82,0,0,144,6,150,0,8,197,27,232,554,70,624,856
06/13/2002,GGG,TX,ASW,CE,Towers with Radar,0,6,51,8,65,0,0,104,5,109,0,6,155,13,174,302,62,364,538
06/14/2002,GGG,TX,ASW,CE,Towers with Radar,0,8,66,14,88,0,0,121,5,126,0,8,187,19,214,400,54,454,668
06/15/2002,GGG,TX,ASW,CE,Towers with Radar,0,5,44,4,53,0,0,90,0,90,0,5,134,4,143,302,26,328,471
06/16/2002,GGG,TX,ASW,CE,Towers with Radar,0,6,28,2,36,0,2,11,0,13,0,8,39,2,49,14,20,34,83
06/17/2002,GGG,TX,ASW,CE,Towers with Radar,0,9,29,13,51,0,0,100,2,102,0,9,129,15,153,364,52,416,569
06/18/2002,GGG,TX,ASW,CE,Towers with Radar,0,8,43,2,53,0,0,93,0,93,0,8,136,2,146,328,30,358,504
06/19/2002,GGG,TX,ASW,CE,Towers with Radar,0,7,59,0,66,0,0,89,0,89,0,7,148,0,155,272,0,272,427
06/20/2002,GGG,TX,ASW,CE,Towers with Radar,0,10,50,1,61,0,1,36,0,37,0,11,86,1,98,150,4,154,252
06/21/2002,GGG,TX,ASW,CE,Towers with Radar,0,8,46,7,61,0,0,104,1,105,0,8,150,8,166,318,6,324,490
06/22/2002,GGG,TX,ASW,CE,Towers with Radar,0,6,30,0,36,0,1,77,0,78,0,7,107,0,114,258,0,258,372
06/23/2002,GGG,TX,ASW,CE,Towers with Radar,0,7,31,3,41,0,2,44,1,47,0,9,75,4,88,96,0,96,184
06/24/2002,GGG,TX,ASW,CE,Towers with Radar,0,7,41,4,52,0,1,61,1,63,0,8,102,5,115,176,0,176,291
06/25/2002,GGG,TX,ASW,CE,Towers with Radar,0,9,60,4,73,0,0,51,0,51,0,9,111,4,124,176,0,176,300
06/26/2002,GGG,TX,ASW,CE,Towers with Radar,0,8,45,5,58,0,0,27,1,28,0,8,72,6,86,60,0,60,146
06/27/2002,GGG,TX,ASW,CE,Towers with Radar,0,10,55,2,67,0,3,56,0,59,0,13,111,2,126,152,0,152,278
06/28/2002,GGG,TX,ASW,CE,Towers with Radar,0,7,55,6,68,0,0,38,12,50,0,7,93,18,118,218,42,260,378
06/29/2002,GGG,TX,ASW,CE,Towers with Radar,0,7,33,7,47,0,0,22,1,23,0,7,55,8,70,18,0,18,88
06/30/2002,GGG,TX,ASW,CE,Towers with Radar,0,12,31,3,46,0,0,3,1,4,0,12,34,4,50,22,0,22,72
07/01/2002,GGG,TX,ASW,CE,Towers with Radar,0,8,27,0,35,0,0,14,0,14,0,8,41,0,49,6,0,6,55
07/02/2002,GGG,TX,ASW,CE,Towers with Radar,0,9,26,2,37,0,0,24,0,24,0,9,50,2,61,30,0,30,91
07/03/2002,GGG,TX,ASW,CE,Towers with Radar,0,11,44,6,61,0,0,57,0,57,0,11,101,6,118,103,80,183,301
07/04/2002,GGG,TX,ASW,CE,Towers with Radar,0,3,10,0,13,0,0,22,0,22,0,3,32,0,35,0,0,0,35
07/05/2002,GGG,TX,ASW,CE,Towers with Radar,0,5,22,0,27,0,0,47,0,47,0,5,69,0,74,92,0,92,166
07/06/2002,GGG,TX,ASW,CE,Towers with Radar,0,6,21,0,27,0,0,49,0,49,0,6,70,0,76,74,0,74,150
07/07/2002,GGG,TX,ASW,CE,Towers with Radar,0,6,19,0,25,0,4,21,0,25,0,10,40,0,50,20,0,20,70
07/08/2002,GGG,TX,ASW,CE,Towers with Radar,0,9,29,6,44,0,2,32,0,34,0,11,61,6,78,6,50,56,134
07/09/2002,GGG,TX,ASW,CE,Towers with Radar,0,8,40,16,64,0,0,37,4,41,0,8,77,20,105,108,28,136,241
07/10/2002,GGG,TX,ASW,CE,Towers with Radar,0,10,36,9,55,0,0,36,4,40,0,10,72,13,95,80,22,102,197
07/11/2002,GGG,TX,ASW,CE,Towers with Radar,0,11,37,7,55,0,0,43,0,43,0,11,80,7,98,12,0,12,110
07/12/2002,GGG,TX,ASW,CE,Towers with Radar,0,8,37,0,45,0,0,18,0,18,0,8,55,0,63,0,0,0,63
07/13/2002,GGG,TX,ASW,CE,Towers with Radar,0,5,16,0,21,0,6,17,0,23,0,11,33,0,44,58,0,58,102
07/14/2002,GGG,TX,ASW,CE,Towers with Radar,0,7,23,0,30,0,1,9,0,10,0,8,32,0,40,0,0,0,40
07/15/2002,GGG,TX,ASW,CE,Towers with Radar,0,8,27,0,35,0,0,31,0,31,0,8,58,0,66,0,0,0,66
07/16/2002,GGG,TX,ASW,CE,Towers with Radar,0,8,23,0,31,0,1,0,0,1,0,9,23,0,32,0,0,0,32
07/17/2002,GGG,TX,ASW,CE,Towers with Radar,0,10,46,8,64,0,0,14,1,15,0,10,60,9,79,0,0,0,79
07/18/2002,GGG,TX,ASW,CE,Towers with Radar,0,8,24,5,37,0,0,37,4,41,0,8,61,9,78,38,24,62,140
07/19/2002,GGG,TX,ASW,CE,Towers with Radar,0,7,24,2,33,0,0,35,0,35,0,7,59,2,68,26,0,26,94
07/20/2002,GGG,TX,ASW,CE,Towers with Radar,0,17,19,6,42,0,0,47,0,47,0,17,66,6,89,78,16,94,183
07/21/2002,GGG,TX,ASW,CE,Towers with Radar,0,8,26,2,36,0,0,38,0,38,0,8,64,2,74,32,0,32,106
07/22/2002,GGG,TX,ASW,CE,Towers with Radar,0,8,31,4,43,0,0,41,0,41,0,8,72,4,84,56,46,102,186
07/23/2002,GGG,TX,ASW,CE,Towers with Radar,0,8,26,17,51,0,0,34,0,34,0,8,60,17,85,12,62,74,159
07/24/2002,GGG,TX,ASW,CE,Towers with Radar,0,8,29,15,52,0,0,46,1,47,0,8,75,16,99,47,22,69,168
07/25/2002,GGG,TX,ASW,CE,Towers with Radar,0,8,32,7,47,0,0,34,37,71,0,8,66,44,118,24,32,56,174
07/26/2002,GGG,TX,ASW,CE,Towers with Radar,0,10,38,6,54,0,0,46,0,46,0,10,84,6,100,74,26,100,200
07/27/2002,GGG,TX,ASW,CE,Towers with Radar,0,7,15,0,22,0,0,34,0,34,0,7,49,0,56,60,0,60,116
07/28/2002,GGG,TX,ASW,CE,Towers with Radar,0,8,18,2,28,0,0,30,0,30,0,8,48,2,58,6,0,6,64
07/29/2002,GGG,TX,ASW,CE,Towers with Radar,0,8,31,7,46,0,0,0,22,22,0,8,31,29,68,100,106,206,274
07/30/2002,GGG,TX,ASW,CE,Towers with Radar,0,10,65,22,97,0,0,40,0,40,0,10,105,22,137,102,144,246,383
07/31/2002,GGG,TX,ASW,CE,Towers with Radar,0,8,24,15,47,0,0,43,3,46,0,8,67,18,93,18,28,46,139
08/01/2002,GGG,TX,ASW,CE,Towers with Radar,0,9,33,9,51,0,2,46,15,63,0,11,79,24,114,150,18,168,282
08/02/2002,GGG,TX,ASW,CE,Towers with Radar,0,8,39,10,57,0,0,36,14,50,0,8,75,24,107,26,4,30,137
08/03/2002,GGG,TX,ASW,CE,Towers with Radar,0,4,19,0,23,0,2,28,0,30,0,6,47,0,53,42,0,42,95
08/04/2002,GGG,TX,ASW,CE,Towers with Radar,0,8,25,3,36,0,0,32,0,32,0,8,57,3,68,50,0,50,118
08/05/2002,GGG,TX,ASW,CE,Towers with Radar,0,8,34,9,51,0,0,29,0,29,0,8,63,9,80,46,8,54,134
08/06/2002,GGG,TX,ASW,CE,Towers with Radar,0,8,40,8,56,0,0,38,1,39,0,8,78,9,95,50,28,78,173
08/07/2002,GGG,TX,ASW,CE,Towers with Radar,0,10,25,16,51,0,0,20,2,22,0,10,45,18,73,12,100,112,185
08/08/2002,GGG,TX,ASW,CE,Towers with Radar,0,8,36,0,44,0,0,58,0,58,0,8,94,0,102,162,0,162,264
08/09/2002,GGG,TX,ASW,CE,Towers with Radar,0,8,41,2,51,0,0,74,0,74,0,8,115,2,125,188,2,190,315
08/10/2002,GGG,TX,ASW,CE,Towers with Radar,0,6,6,0,12,0,0,20,0,20,0,6,26,0,32,0,0,0,32
08/11/2002,GGG,TX,ASW,CE,Towers with Radar,0,8,11,3,22,0,0,37,0,37,0,8,48,3,59,50,2,52,111
08/12/2002,GGG,TX,ASW,CE,Towers with Radar,0,9,38,14,61,0,0,53,0,53,0,9,91,14,114,150,102,252,366
08/13/2002,GGG,TX,ASW,CE,Towers with Radar,0,10,39,7,56,0,0,27,0,27,0,10,66,7,83,144,46,190,273
08/14/2002,GGG,TX,ASW,CE,Towers with Radar,0,6,30,0,36,0,0,47,0,47,0,6,77,0,83,102,0,102,185
08/15/2002,GGG,TX,ASW,CE,Towers with Radar,0,10,48,7,65,0,0,52,0,52,0,10,100,7,117,156,8,164,281
08/16/2002,GGG,TX,ASW,CE,Towers with Radar,0,7,39,2,48,0,0,27,0,27,0,7,66,2,75,18,0,18,93
08/17/2002,GGG,TX,ASW,CE,Towers with Radar,0,6,9,11,26,0,0,41,0,41,0,6,50,11,67,52,0,52,119
08/18/2002,GGG,TX,ASW,CE,Towers with Radar,0,9,16,0,25,0,0,22,0,22,0,9,38,0,47,110,0,110,157
08/19/2002,GGG,TX,ASW,CE,Towers with Radar,0,8,44,10,62,0,0,25,0,25,0,8,69,10,87,28,18,46,133
08/20/2002,GGG,TX,ASW,CE,Towers with Radar,0,11,29,19,59,0,0,28,4,32,0,11,57,23,91,124,58,182,273
08/21/2002,GGG,TX,ASW,CE,Towers with Radar,0,7,35,8,50,0,0,44,0,44,0,7,79,8,94,102,28,130,224
08/22/2002,GGG,TX,ASW,CE,Towers with Radar,0,8,41,11,60,0,0,51,27,78,0,8,92,38,138,114,40,154,292
08/23/2002,GGG,TX,ASW,CE,Towers with Radar,0,9,35,4,48,0,1,66,0,67,0,10,101,4,115,102,12,114,229
08/24/2002,GGG,TX,ASW,CE,Towers with Radar,0,6,26,9,41,0,0,31,0,31,0,6,57,9,72,10,22,32,104
08/25/2002,GGG,TX,ASW,CE,Towers with Radar,0,5,21,4,30,0,5,21,0,26,0,10,42,4,56,2,0,2,58
08/26/2002,GGG,TX,ASW,CE,Towers with Radar,0,6,25,7,38,0,4,59,4,67,0,10,84,11,105,76,20,96,201
08/27/2002,GGG,TX,ASW,CE,Towers with Radar,0,9,22,3,34,0,0,32,0,32,0,9,54,3,66,69,3,72,138
08/28/2002,GGG,TX,ASW,CE,Towers with Radar,0,9,37,10,56,0,3,45,8,56,0,12,82,18,112,88,32,120,232
08/29/2002,GGG,TX,ASW,CE,Towers with Radar,0,9,35,3,47,0,0,50,0,50,0,9,85,3,97,138,20,158,255
08/30/2002,GGG,TX,ASW,CE,Towers with Radar,0,9,57,5,71,0,0,54,1,55,0,9,111,6,126,136,4,140,266
08/31/2002,GGG,TX,ASW,CE,Towers with Radar,0,5,17,0,22,0,0,28,0,28,0,5,45,0,50,44,0,44,94
09/01/2002,GGG,TX,ASW,CE,Towers with Radar,0,6,5,0,11,0,1,31,0,32,0,7,36,0,43,38,0,38,81
09/02/2002,GGG,TX,ASW,CE,Towers with Radar,0,6,21,0,27,0,2,66,0,68,0,8,87,0,95,162,0,162,257
09/03/2002,GGG,TX,ASW,CE,Towers with Radar,0,9,22,3,34,0,0,56,0,56,0,9,78,3,90,104,0,104,194
09/04/2002,GGG,TX,ASW,CE,Towers with Radar,0,8,30,0,38,0,0,65,0,65,0,8,95,0,103,198,0,198,301
09/05/2002,GGG,TX,ASW,CE,Towers with Radar,0,7,38,8,53,0,0,93,0,93,0,7,131,8,146,216,0,216,362
09/06/2002,GGG,TX,ASW,CE,Towers with Radar,0,8,15,10,33,0,0,73,0,73,0,8,88,10,106,148,8,156,262
09/07/2002,GGG,TX,ASW,CE,Towers with Radar,0,6,26,0,32,0,0,53,0,53,0,6,79,0,85,64,0,64,149
09/08/2002,GGG,TX,ASW,CE,Towers with Radar,0,8,10,0,18,0,0,1,0,1,0,8,11,0,19,0,0,0,19
09/09/2002,GGG,TX,ASW,CE,Towers with Radar,0,9,11,0,20,0,0,59,0,59,0,9,70,0,79,108,0,108,187
09/10/2002,GGG,TX,ASW,CE,Towers with Radar,0,8,23,2,33,0,0,116,0,116,0,8,139,2,149,216,0,216,365
09/11/2002,GGG,TX,ASW,CE,Towers with Radar,0,8,49,4,61,0,0,94,0,94,0,8,143,4,155,208,4,212,367
09/12/2002,GGG,TX,ASW,CE,Towers with Radar,0,10,30,3,43,0,1,81,3,85,0,11,111,6,128,188,0,188,316
09/13/2002,GGG,TX,ASW,CE,Towers with Radar,0,8,45,2,55,0,0,72,0,72,0,8,117,2,127,176,4,180,307
09/14/2002,GGG,TX,ASW,CE,Towers with Radar,0,6,13,0,19,0,0,52,3,55,0,6,65,3,74,132,2,134,208
09/15/2002,GGG,TX,ASW,CE,Towers with Radar,0,8,18,2,28,0,0,20,0,20,0,8,38,2,48,62,0,62,110
09/16/2002,GGG,TX,ASW,CE,Towers with Radar,0,10,34,1,45,0,0,61,0,61,0,10,95,1,106,28,0,28,134
09/17/2002,GGG,TX,ASW,CE,Towers with Radar,0,9,51,0,60,0,0,36,0,36,0,9,87,0,96,52,0,52,148
09/18/2002,GGG,TX,ASW,CE,Towers with Radar,0,8,35,2,45,0,0,47,0,47,0,8,82,2,92,124,0,124,216
09/19/2002,GGG,TX,ASW,CE,Towers with Radar,0,6,15,0,21,0,6,0,0,6,0,12,15,0,27,90,0,90,117
09/20/2002,GGG,TX,ASW,CE,Towers with Radar,0,10,36,3,49,0,0,79,0,79,0,10,115,3,128,156,0,156,284
09/21/2002,GGG,TX,ASW,CE,Towers with Radar,0,9,32,13,54,0,0,72,10,82,0,9,104,23,136,78,56,134,270
09/22/2002,GGG,TX,ASW,CE,Towers with Radar,0,6,22,2,30,0,2,22,3,27,0,8,44,5,57,90,0,90,147
09/23/2002,GGG,TX,ASW,CE,Towers with Radar,0,8,32,0,40,0,0,75,0,75,0,8,107,0,115,82,0,82,197
09/24/2002,GGG,TX,ASW,CE,Towers with Radar,0,8,18,0,26,0,0,66,0,66,0,8,84,0,92,204,0,204,296
09/25/2002,GGG,TX,ASW,CE,Towers with Radar,0,8,31,0,39,0,0,91,0,91,0,8,122,0,130,150,0,150,280
09/26/2002,GGG,TX,ASW,CE,Towers with Radar,0,8,27,3,38,0,0,85,5,90,0,8,112,8,128,156,2,158,286
09/27/2002,GGG,TX,ASW,CE,Towers with Radar,0,9,32,4,45,0,1,73,4,78,0,10,105,8,123,122,0,122,245
09/28/2002,GGG,TX,ASW,CE,Towers with Radar,0,7,17,0,24,0,0,64,0,64,0,7,81,0,88,68,0,68,156
09/29/2002,GGG,TX,ASW,CE,Towers with Radar,0,8,34,0,42,0,0,41,0,41,0,8,75,0,83,36,0,36,119
09/30/2002,GGG,TX,ASW,CE,Towers with Radar,0,8,27,3,38,0,3,86,7,96,0,11,113,10,134,170,6,176,310
10/01/2002,GGG,TX,ASW,CE,Towers with Radar,0,8,40,1,49,0,1,59,0,60,0,9,99,1,109,152,0,152,261
10/02/2002,GGG,TX,ASW,CE,Towers with Radar,0,9,43,1,53,0,1,48,0,49,0,10,91,1,102,116,0,116,218
10/03/2002,GGG,TX,ASW,CE,Towers with Radar,0,6,38,0,44,0,3,49,0,52,0,9,87,0,96,180,0,180,276
10/04/2002,GGG,TX,ASW,CE,Towers with Radar,0,7,31,0,38,0,1,92,0,93,0,8,123,0,131,256,0,256,387
10/05/2002,GGG,TX,ASW,CE,Towers with Radar,0,6,24,0,30,0,1,76,0,77,0,7,100,0,107,110,0,110,217
10/06/2002,GGG,TX,ASW,CE,Towers with Radar,0,8,31,2,41,0,1,21,0,22,0,9,52,2,63,38,0,38,101
10/07/2002,GGG,TX,ASW,CE,Towers with Radar,0,6,57,2,65,0,1,14,0,15,0,7,71,2,80,76,0,76,156
10/08/2002,GGG,TX,ASW,CE,Towers with Radar,0,8,72,3,83,0,0,14,0,14,0,8,86,3,97,118,0,118,215
10/09/2002,GGG,TX,ASW,CE,Towers with Radar,0,14,27,3,44,0,0,1,0,1,0,14,28,3,45,18,0,18,63
10/10/2002,GGG,TX,ASW,CE,Towers with Radar,0,11,59,0,70,0,0,3,0,3,0,11,62,0,73,50,0,50,123
10/11/2002,GGG,TX,ASW,CE,Towers with Radar,0,9,73,1,83,0,0,81,0,81,0,9,154,1,164,358,0,358,522
10/12/2002,GGG,TX,ASW,CE,Towers with Radar,0,7,34,0,41,0,0,72,0,72,0,7,106,0,113,104,0,104,217
10/13/2002,GGG,TX,ASW,CE,Towers with Radar,0,8,29,0,37,0,0,24,0,24,0,8,53,0,61,94,0,94,155
10/14/2002,GGG,TX,ASW,CE,Towers with Radar,0,10,56,0,66,0,1,64,0,65,0,11,120,0,131,206,0,206,337
10/15/2002,GGG,TX,ASW,CE,Towers with Radar,0,8,59,0,67,0,0,118,0,118,0,8,177,0,185,286,0,286,471
10/16/2002,GGG,TX,ASW,CE,Towers with Radar,0,8,54,0,62,0,0,107,0,107,0,8,161,0,169,190,0,190,359
10/17/2002,GGG,TX,ASW,CE,Towers with Radar,0,9,47,2,58,0,0,119,0,119,0,9,166,2,177,244,0,244,421
10/18/2002,GGG,TX,ASW,CE,Towers with Radar,0,7,58,6,71,0,0,75,1,76,0,7,133,7,147,290,0,290,437
10/19/2002,GGG,TX,ASW,CE,Towers with Radar,0,6,3,0,9,0,0,0,0,0,0,6,3,0,9,0,0,0,9
10/20/2002,GGG,TX,ASW,CE,Towers with Radar,0,11,32,0,43,0,0,17,0,17,0,11,49,0,60,26,0,26,86
10/21/2002,GGG,TX,ASW,CE,Towers with Radar,0,9,66,0,75,0,0,20,0,20,0,9,86,0,95,110,0,110,205
10/22/2002,GGG,TX,ASW,CE,Towers with Radar,0,11,62,0,73,0,0,6,0,6,0,11,68,0,79,102,0,102,181
10/23/2002,GGG,TX,ASW,CE,Towers with Radar,0,8,44,8,60,0,0,69,0,69,0,8,113,8,129,488,0,488,617
10/24/2002,GGG,TX,ASW,CE,Towers with Radar,0,8,79,0,87,0,0,8,0,8,0,8,87,0,95,134,0,134,229
10/25/2002,GGG,TX,ASW,CE,Towers with Radar,0,14,41,2,57,0,0,6,0,6,0,14,47,2,63,58,0,58,121
10/26/2002,GGG,TX,ASW,CE,Towers with Radar,0,9,48,0,57,0,0,1,0,1,0,9,49,0,58,28,0,28,86
10/27/2002,GGG,TX,ASW,CE,Towers with Radar,0,9,14,1,24,0,0,0,0,0,0,9,14,1,24,0,0,0,24
10/28/2002,GGG,TX,ASW,CE,Towers with Radar,0,8,28,3,39,0,0,0,0,0,0,8,28,3,39,0,0,0,39
10/29/2002,GGG,TX,ASW,CE,Towers with Radar,0,9,78,17,104,0,0,50,0,50,0,9,128,17,154,206,16,222,376
10/30/2002,GGG,TX,ASW,CE,Towers with Radar,0,10,64,2,76,0,0,43,12,55,0,10,107,14,131,158,0,158,289
10/31/2002,GGG,TX,ASW,CE,Towers with Radar,0,10,64,0,74,0,0,68,0,68,0,10,132,0,142,228,0,228,370
11/01/2002,GGG,TX,ASW,CE,Towers with Radar,0,11,64,4,79,0,0,50,0,50,0,11,114,4,129,338,0,338,467
11/02/2002,GGG,TX,ASW,CE,Towers with Radar,0,6,54,0,60,0,0,41,0,41,0,6,95,0,101,164,0,164,265
11/03/2002,GGG,TX,ASW,CE,Towers with Radar,0,8,19,5,32,0,0,1,0,1,0,8,20,5,33,0,0,0,33
11/04/2002,GGG,TX,ASW,CE,Towers with Radar,0,8,39,2,49,0,0,6,0,6,0,8,45,2,55,10,0,10,65
11/05/2002,GGG,TX,ASW,CE,Towers with Radar,0,10,52,2,64,0,0,42,0,42,0,10,94,2,106,198,0,198,304
11/06/2002,GGG,TX,ASW,CE,Towers with Radar,0,9,45,2,56,0,1,132,0,133,0,10,177,2,189,374,16,390,579
11/07/2002,GGG,TX,ASW,CE,Towers with Radar,0,9,45,10,64,0,0,116,0,116,0,9,161,10,180,272,18,290,470
11/08/2002,GGG,TX,ASW,CE,Towers with Radar,0,10,39,8,57,0,0,96,3,99,0,10,135,11,156,154,18,172,328
11/09/2002,GGG,TX,ASW,CE,Towers with Radar,0,7,40,1,48,0,0,31,0,31,0,7,71,1,79,58,2,60,139
11/10/2002,GGG,TX,ASW,CE,Towers with Radar,0,8,26,0,34,0,0,33,0,33,0,8,59,0,67,22,0,22,89
11/11/2002,GGG,TX,ASW,CE,Towers with Radar,0,8,43,3,54,0,0,91,3,94,0,8,134,6,148,258,0,258,406
11/12/2002,GGG,TX,ASW,CE,Towers with Radar,0,8,40,3,51,0,0,103,2,105,0,8,143,5,156,322,2,324,480
11/13/2002,GGG,TX,ASW,CE,Towers with Radar,0,8,50,3,61,0,0,103,1,104,0,8,153,4,165,316,0,316,481
11/14/2002,GGG,TX,ASW,CE,Towers with Radar,0,9,50,2,61,0,0,104,1,105,0,9,154,3,166,208,0,208,374
11/15/2002,GGG,TX,ASW,CE,Towers with Radar,0,11,62,2,75,0,0,70,0,70,0,11,132,2,145,354,0,354,499
11/16/2002,GGG,TX,ASW,CE,Towers with Radar,0,9,31,0,40,0,1,74,0,75,0,10,105,0,115,234,0,234,349
11/17/2002,GGG,TX,ASW,CE,Towers with Radar,0,9,23,0,32,0,0,40,0,40,0,9,63,0,72,20,0,20,92
11/18/2002,GGG,TX,ASW,CE,Towers with Radar,0,8,43,4,55,0,0,72,7,79,0,8,115,11,134,142,0,142,276
11/19/2002,GGG,TX,ASW,CE,Towers with Radar,0,10,69,10,89,0,0,121,3,124,0,10,190,13,213,328,8,336,549
11/20/2002,GGG,TX,ASW,CE,Towers with Radar,0,9,64,15,88,0,0,109,5,114,0,9,173,20,202,244,42,286,488
11/21/2002,GGG,TX,ASW,CE,Towers with Radar,0,10,48,13,71,0,0,136,3,139,0,10,184,16,210,252,66,318,528
11/22/2002,GGG,TX,ASW,CE,Towers with Radar,0,10,43,22,75,0,0,107,0,107,0,10,150,22,182,264,78,342,524
11/23/2002,GGG,TX,ASW,CE,Towers with Radar,0,5,44,0,49,0,0,91,0,91,0,5,135,0,140,204,0,204,344
11/24/2002,GGG,TX,ASW,CE,Towers with Radar,0,6,32,3,41,0,2,35,3,40,0,8,67,6,81,124,4,128,209
11/25/2002,GGG,TX,ASW,CE,Towers with Radar,0,10,56,4,70,0,0,7,0,7,0,10,63,4,77,26,0,26,103
11/26/2002,GGG,TX,ASW,CE,Towers with Radar,0,9,50,3,62,0,0,11,0,11,0,9,61,3,73,38,0,38,111
11/27/2002,GGG,TX,ASW,CE,Towers with Radar,0,8,41,0,49,0,0,83,0,83,0,8,124,0,132,170,0,170,302
11/28/2002,GGG,TX,ASW,CE,Towers with Radar,0,7,10,0,17,0,0,29,0,29,0,7,39,0,46,20,0,20,66
11/29/2002,GGG,TX,ASW,CE,Towers with Radar,0,6,26,0,32,0,0,57,0,57,0,6,83,0,89,98,0,98,187
11/30/2002,GGG,TX,ASW,CE,Towers with Radar,0,5,27,2,34,0,1,61,1,63,0,6,88,3,97,132,0,132,229
12/01/2002,GGG,TX,ASW,CE,Towers with Radar,0,7,28,0,35,0,1,33,1,35,0,8,61,1,70,56,0,56,126
12/02/2002,GGG,TX,ASW,CE,Towers with Radar,0,7,50,0,57,0,0,74,0,74,0,7,124,0,131,224,0,224,355
12/03/2002,GGG,TX,ASW,CE,Towers with Radar,0,8,23,4,35,0,0,0,1,1,0,8,23,5,36,0,0,0,36
12/04/2002,GGG,TX,ASW,CE,Towers with Radar,0,11,49,0,60,0,0,0,0,0,0,11,49,0,60,0,0,0,60
12/05/2002,GGG,TX,ASW,CE,Towers with Radar,0,9,45,3,57,0,0,42,4,46,0,9,87,7,103,82,16,98,201
12/06/2002,GGG,TX,ASW,CE,Towers with Radar,0,8,38,2,48,0,0,143,2,145,0,8,181,4,193,372,6,378,571
12/07/2002,GGG,TX,ASW,CE,Towers with Radar,0,6,26,0,32,0,0,77,0,77,0,6,103,0,109,238,0,238,347
12/08/2002,GGG,TX,ASW,CE,Towers with Radar,0,8,19,9,36,0,0,24,3,27,0,8,43,12,63,74,0,74,137
12/09/2002,GGG,TX,ASW,CE,Towers with Radar,0,10,40,0,50,0,0,1,0,1,0,10,41,0,51,0,0,0,51
12/10/2002,GGG,TX,ASW,CE,Towers with Radar,0,8,79,25,112,0,0,33,5,38,0,8,112,30,150,134,10,144,294
12/11/2002,GGG,TX,ASW,CE,Towers with Radar,0,14,53,0,67,0,0,107,0,107,0,14,160,0,174,244,0,244,418
12/12/2002,GGG,TX,ASW,CE,Towers with Radar,0,10,40,0,50,0,0,13,2,15,0,10,53,2,65,88,0,88,153
12/13/2002,GGG,TX,ASW,CE,Towers with Radar,0,13,60,21,94,0,0,51,1,52,0,13,111,22,146,184,18,202,348
12/14/2002,GGG,TX,ASW,CE,Towers with Radar,0,9,29,0,38,0,0,107,0,107,0,9,136,0,145,160,0,160,305
12/15/2002,GGG,TX,ASW,CE,Towers with Radar,0,14,16,1,31,0,0,30,0,30,0,14,46,1,61,90,0,90,151
12/16/2002,GGG,TX,ASW,CE,Towers with Radar,0,8,39,2,49,0,0,38,0,38,0,8,77,2,87,118,0,118,205
12/17/2002,GGG,TX,ASW,CE,Towers with Radar,0,9,36,3,48,0,0,32,0,32,0,9,68,3,80,48,0,48,128
12/18/2002,GGG,TX,ASW,CE,Towers with Radar,0,8,35,2,45,0,0,20,0,20,0,8,55,2,65,22,0,22,87
12/19/2002,GGG,TX,ASW,CE,Towers with Radar,0,12,32,0,44,0,0,56,0,56,0,12,88,0,100,102,0,102,202
12/20/2002,GGG,TX,ASW,CE,Towers with Radar,0,9,32,2,43,0,0,79,0,79,0,9,111,2,122,102,0,102,224
12/21/2002,GGG,TX,ASW,CE,Towers with Radar,0,7,32,0,39,0,0,29,1,30,0,7,61,1,69,44,0,44,113
12/22/2002,GGG,TX,ASW,CE,Towers with Radar,0,8,14,0,22,0,0,39,0,39,0,8,53,0,61,24,0,24,85
12/23/2002,GGG,TX,ASW,CE,Towers with Radar,0,6,6,0,12,0,0,0,0,0,0,6,6,0,12,0,0,0,12
12/24/2002,GGG,TX,ASW,CE,Towers with Radar,0,5,3,0,8,0,1,0,0,1,0,6,3,0,9,0,0,0,9
12/25/2002,GGG,TX,ASW,CE,Towers with Radar,0,8,2,0,10,0,0,13,0,13,0,8,15,0,23,0,0,0,23
12/26/2002,GGG,TX,ASW,CE,Towers with Radar,0,7,29,0,36,0,2,28,0,30,0,9,57,0,66,32,0,32,98
12/27/2002,GGG,TX,ASW,CE,Towers with Radar,0,10,16,3,29,0,0,36,0,36,0,10,52,3,65,0,0,0,65
12/28/2002,GGG,TX,ASW,CE,Towers with Radar,0,6,25,1,32,0,0,43,0,43,0,6,68,1,75,26,0,26,101
12/29/2002,GGG,TX,ASW,CE,Towers with Radar,0,7,26,0,33,0,2,0,0,2,0,9,26,0,35,8,0,8,43
12/30/2002,GGG,TX,ASW,CE,Towers with Radar,2,4,6,0,12,0,0,0,0,0,2,4,6,0,12,0,0,0,12
12/31/2002,GGG,TX,ASW,CE,Towers with Radar,0,6,15,2,23,0,1,0,4,5,0,7,15,6,28,8,18,26,54
01/01/2003,GGG,TX,ASW,CE,Towers with Radar,0,2,16,0,18,0,7,19,0,26,0,9,35,0,44,28,0,28,72
01/02/2003,GGG,TX,ASW,CE,Towers with Radar,0,4,24,3,31,0,4,26,0,30,0,8,50,3,61,30,6,36,97
01/03/2003,GGG,TX,ASW,CE,Towers with Radar,0,10,15,5,30,0,1,62,0,63,0,11,77,5,93,16,2,18,111
01/04/2003,GGG,TX,ASW,CE,Towers with Radar,0,6,14,0,20,0,0,32,0,32,0,6,46,0,52,4,0,4,56
01/05/2003,GGG,TX,ASW,CE,Towers with Radar,0,8,18,0,26,0,1,33,0,34,0,9,51,0,60,18,0,18,78
01/06/2003,GGG,TX,ASW,CE,Towers with Radar,0,8,34,7,49,0,0,50,20,70,0,8,84,27,119,110,24,134,253
01/07/2003,GGG,TX,ASW,CE,Towers with Radar,0,9,34,2,45,0,1,92,0,93,0,10,126,2,138,126,6,132,270
01/08/2003,GGG,TX,ASW,CE,Towers with Radar,0,8,36,2,46,0,0,91,0,91,0,8,127,2,137,212,2,214,351
01/09/2003,GGG,TX,ASW,CE,Towers with Radar,0,8,42,8,58,0,0,78,2,80,0,8,120,10,138,158,16,174,312
01/10/2003,GGG,TX,ASW,CE,Towers with Radar,0,8,43,21,72,0,0,89,0,89,0,8,132,21,161,152,0,152,313
01/11/2003,GGG,TX,ASW,CE,Towers with Radar,0,6,23,4,33,0,1,99,0,100,0,7,122,4,133,232,2,234,367
01/12/2003,GGG,TX,ASW,CE,Towers with Radar,0,4,6,3,13,0,0,2,0,2,0,4,8,3,15,0,0,0,15
01/13/2003,GGG,TX,ASW,CE,Towers with Radar,0,9,35,5,49,0,0,41,0,41,0,9,76,5,90,182,0,182,272
01/14/2003,GGG,TX,ASW,CE,Towers with Radar,0,10,33,1,44,0,0,0,0,0,0,10,33,1,44,66,0,66,110
01/15/2003,GGG,TX,ASW,CE,Towers with Radar,0,9,32,10,51,0,0,35,0,35,0,9,67,10,86,178,10,188,274
01/16/2003,GGG,TX,ASW,CE,Towers with Radar,0,10,25,17,52,0,0,36,0,36,0,10,61,17,88,28,0,28,116
01/17/2003,GGG,TX,ASW,CE,Towers with Radar,0,8,38,8,54,0,0,101,4,105,0,8,139,12,159,190,0,190,349
01/18/2003,GGG,TX,ASW,CE,Towers with Radar,0,6,13,0,19,0,0,75,0,75,0,6,88,0,94,76,0,76,170
01/19/2003,GGG,TX,ASW,CE,Towers with Radar,0,8,11,0,19,0,0,43,0,43,0,8,54,0,62,110,0,110,172
01/20/2003,GGG,TX,ASW,CE,Towers with Radar,0,9,46,0,55,0,0,32,0,32,0,9,78,0,87,50,0,50,137
01/21/2003,GGG,TX,ASW,CE,Towers with Radar,0,10,23,2,35,0,0,73,1,74,0,10,96,3,109,118,0,118,227
01/22/2003,GGG,TX,ASW,CE,Towers with Radar,0,8,45,19,72,0,0,70,0,70,0,8,115,19,142,218,96,314,456
01/23/2003,GGG,TX,ASW,CE,Towers with Radar,0,7,27,8,42,0,0,94,4,98,0,7,121,12,140,126,42,168,308
01/24/2003,GGG,TX,ASW,CE,Towers with Radar,0,8,36,16,60,0,0,110,0,110,0,8,146,16,170,304,8,312,482
01/25/2003,GGG,TX,ASW,CE,Towers with Radar,0,9,13,0,22,0,0,83,1,84,0,9,96,1,106,236,0,236,342
01/26/2003,GGG,TX,ASW,CE,Towers with Radar,0,6,7,0,13,0,0,32,0,32,0,6,39,0,45,140,0,140,185
01/27/2003,GGG,TX,ASW,CE,Towers with Radar,0,8,25,8,41,0,0,81,2,83,0,8,106,10,124,186,10,196,320
01/28/2003,GGG,TX,ASW,CE,Towers with Radar,0,10,41,6,57,0,0,8,2,10,0,10,49,8,67,66,20,86,153
01/29/2003,GGG,TX,ASW,CE,Towers with Radar,0,9,39,13,61,0,0,5,0,5,0,9,44,13,66,6,4,10,76
01/30/2003,GGG,TX,ASW,CE,Towers with Radar,0,8,56,6,70,0,0,17,0,17,0,8,73,6,87,42,0,42,129
01/31/2003,GGG,TX,ASW,CE,Towers with Radar,0,0,0,0,0,0,0,0,0,0,0,0,0,0,0,0,0,0,0
02/01/2003,GGG,TX,ASW,CE,Towers with Radar,0,5,20,0,25,0,1,89,1,91,0,6,109,1,116,86,0,86,202
02/02/2003,GGG,TX,ASW,CE,Towers with Radar,0,9,23,0,32,0,0,9,0,9,0,9,32,0,41,56,0,56,97
02/03/2003,GGG,TX,ASW,CE,Towers with Radar,0,8,24,8,40,0,0,43,5,48,0,8,67,13,88,180,64,244,332
02/04/2003,GGG,TX,ASW,CE,Towers with Radar,0,10,34,10,54,0,0,123,1,124,0,10,157,11,178,228,54,282,460
02/05/2003,GGG,TX,ASW,CE,Towers with Radar,0,9,46,27,82,0,0,81,3,84,0,9,127,30,166,98,30,128,294
02/06/2003,GGG,TX,ASW,CE,Towers with Radar,0,7,31,0,38,0,0,0,0,0,0,7,31,0,38,0,0,0,38
02/07/2003,GGG,TX,ASW,CE,Towers with Radar,0,10,34,7,51,0,0,67,1,68,0,10,101,8,119,324,24,348,467
02/08/2003,GGG,TX,ASW,CE,Towers with Radar,0,7,30,0,37,0,0,113,0,113,0,7,143,0,150,234,0,234,384
02/09/2003,GGG,TX,ASW,CE,Towers with Radar,0,8,7,0,15,0,0,0,0,0,0,8,7,0,15,0,0,0,15
02/10/2003,GGG,TX,ASW,CE,Towers with Radar,0,8,31,4,43,0,0,78,1,79,0,8,109,5,122,172,0,172,294
02/11/2003,GGG,TX,ASW,CE,Towers with Radar,0,8,37,6,51,0,1,115,2,118,0,9,152,8,169,200,0,200,369
02/12/2003,GGG,TX,ASW,CE,Towers with Radar,0,10,24,7,41,0,0,59,0,59,0,10,83,7,100,134,6,140,240
02/13/2003,GGG,TX,ASW,CE,Towers with Radar,0,8,37,2,47,0,0,62,0,62,0,8,99,2,109,226,0,226,335
02/14/2003,GGG,TX,ASW,CE,Towers with Radar,0,8,24,0,32,0,0,0,0,0,0,8,24,0,32,0,0,0,32
02/15/2003,GGG,TX,ASW,CE,Towers with Radar,0,8,19,0,27,0,0,3,0,3,0,8,22,0,30,10,0,10,40
02/16/2003,GGG,TX,ASW,CE,Towers with Radar,0,11,18,2,31,0,0,7,0,7,0,11,25,2,38,26,0,26,64
02/17/2003,GGG,TX,ASW,CE,Towers with Radar,0,8,37,0,45,0,0,126,0,126,0,8,163,0,171,292,0,292,463
02/18/2003,GGG,TX,ASW,CE,Towers with Radar,12,8,37,4,61,0,0,112,0,112,12,8,149,4,173,348,20,368,541
02/19/2003,GGG,TX,ASW,CE,Towers with Radar,11,6,66,11,94,0,0,15,0,15,11,6,81,11,109,90,0,90,199
02/20/2003,GGG,TX,ASW,CE,Towers with Radar,0,7,44,0,51,0,0,0,0,0,0,7,44,0,51,0,0,0,51
02/21/2003,GGG,TX,ASW,CE,Towers with Radar,6,10,13,0,29,0,0,0,0,0,6,10,13,0,29,0,0,0,29
02/22/2003,GGG,TX,ASW,CE,Towers with Radar,2,14,44,34,94,0,0,52,1,53,2,14,96,35,147,214,206,420,567
02/23/2003,GGG,TX,ASW,CE,Towers with Radar,0,8,15,0,23,0,0,10,0,10,0,8,25,0,33,12,0,12,45
02/24/2003,GGG,TX,ASW,CE,Towers with Radar,0,6,43,2,51,0,0,58,0,58,0,6,101,2,109,256,0,256,365
02/25/2003,GGG,TX,ASW,CE,Towers with Radar,0,1,3,0,4,0,0,0,0,0,0,1,3,0,4,0,0,0,4
02/26/2003,GGG,TX,ASW,CE,Towers with Radar,0,4,13,0,17,0,0,0,0,0,0,4,13,0,17,0,0,0,17
02/27/2003,GGG,TX,ASW,CE,Towers with Radar,0,12,56,9,77,0,0,3,0,3,0,12,59,9,80,18,0,18,98
02/28/2003,GGG,TX,ASW,CE,Towers with Radar,0,8,92,16,116,0,0,2,0,2,0,8,94,16,118,16,14,30,148
03/01/2003,GGG,TX,ASW,CE,Towers with Radar,0,7,47,9,63,0,0,58,1,59,0,7,105,10,122,284,8,292,414
03/02/2003,GGG,TX,ASW,CE,Towers with Radar,0,9,27,0,36,0,0,56,0,56,0,9,83,0,92,84,0,84,176
03/03/2003,GGG,TX,ASW,CE,Towers with Radar,0,9,31,0,40,1,0,43,0,44,1,9,74,0,84,218,0,218,302
03/04/2003,GGG,TX,ASW,CE,Towers with Radar,0,8,65,1,74,0,0,7,1,8,0,8,72,2,82,36,0,36,118
03/05/2003,GGG,TX,ASW,CE,Towers with Radar,4,9,68,1,82,0,0,2,1,3,4,9,70,2,85,66,0,66,151
03/06/2003,GGG,TX,ASW,CE,Towers with Radar,0,8,42,7,57,0,0,132,3,135,0,8,174,10,192,424,46,470,662
03/07/2003,GGG,TX,ASW,CE,Towers with Radar,2,8,56,0,66,0,0,122,0,122,2,8,178,0,188,202,0,202,390
03/08/2003,GGG,TX,ASW,CE,Towers with Radar,3,6,42,0,51,0,0,57,0,57,3,6,99,0,108,192,0,192,300
03/09/2003,GGG,TX,ASW,CE,Towers with Radar,4,13,21,0,38,0,0,32,0,32,4,13,53,0,70,26,12,38,108
03/10/2003,GGG,TX,ASW,CE,Towers with Radar,1,11,29,17,58,0,0,109,1,110,1,11,138,18,168,318,92,410,578
03/11/2003,GGG,TX,ASW,CE,Towers with Radar,2,9,44,1,56,0,4,110,0,114,2,13,154,1,170,356,40,396,566
03/12/2003,GGG,TX,ASW,CE,Towers with Radar,10,8,59,0,77,0,0,28,0,28,10,8,87,0,105,196,0,196,301
03/13/2003,GGG,TX,ASW,CE,Towers with Radar,0,8,54,11,73,0,0,47,3,50,0,8,101,14,123,204,20,224,347
03/14/2003,GGG,TX,ASW,CE,Towers with Radar,6,19,45,16,86,0,0,92,3,95,6,19,137,19,181,218,192,410,591
03/15/2003,GGG,TX,ASW,CE,Towers with Radar,2,7,29,8,46,0,0,65,2,67,2,7,94,10,113,162,72,234,347
03/16/2003,GGG,TX,ASW,CE,Towers with Radar,6,8,25,0,39,0,0,36,0,36,6,8,61,0,75,26,0,26,101
03/17/2003,GGG,TX,ASW,CE,Towers with Radar,5,8,31,8,52,0,0,72,0,72,5,8,103,8,124,310,16,326,450
03/18/2003,GGG,TX,ASW,CE,Towers with Radar,0,8,29,0,37,0,0,2,0,2,0,8,31,0,39,0,0,0,39
03/19/2003,GGG,TX,ASW,CE,Towers with Radar,2,7,31,21,61,0,0,52,6,58,2,7,83,27,119,176,30,206,325
03/20/2003,GGG,TX,ASW,CE,Towers with Radar,3,9,44,1,57,0,0,68,0,68,3,9,112,1,125,226,0,226,351
03/21/2003,GGG,TX,ASW,CE,Towers with Radar,3,9,55,3,70,0,0,107,0,107,3,9,162,3,177,346,6,352,529
03/22/2003,GGG,TX,ASW,CE,Towers with Radar,7,7,28,1,43,0,0,82,0,82,7,7,110,1,125,326,0,326,451
03/23/2003,GGG,TX,ASW,CE,Towers with Radar,0,9,29,0,38,0,0,69,0,69,0,9,98,0,107,80,0,80,187
03/24/2003,GGG,TX,ASW,CE,Towers with Radar,4,8,28,10,50,0,0,89,0,89,4,8,117,10,139,198,52,250,389
03/25/2003,GGG,TX,ASW,CE,Towers with Radar,0,8,60,0,68,0,0,33,0,33,0,8,93,0,101,366,0,366,467
03/26/2003,GGG,TX,ASW,CE,Towers with Radar,3,7,66,7,83,0,0,57,0,57,3,7,123,7,140,236,8,244,384
03/27/2003,GGG,TX,ASW,CE,Towers with Radar,2,10,52,10,74,0,0,67,0,67,2,10,119,10,141,92,30,122,263
03/28/2003,GGG,TX,ASW,CE,Towers with Radar,4,8,38,4,54,0,0,43,0,43,4,8,81,4,97,154,0,154,251
03/29/2003,GGG,TX,ASW,CE,Towers with Radar,6,9,28,13,56,0,0,102,0,102,6,9,130,13,158,250,0,250,408
03/30/2003,GGG,TX,ASW,CE,Towers with Radar,7,9,18,10,44,0,0,52,0,52,7,9,70,10,96,248,0,248,344
03/31/2003,GGG,TX,ASW,CE,Towers with Radar,2,8,30,13,53,0,0,79,1,80,2,8,109,14,133,238,44,282,415
04/01/2003,GGG,TX,ASW,CE,Towers with Radar,2,9,38,9,58,0,0,83,0,83,2,9,121,9,141,230,30,260,401
04/02/2003,GGG,TX,ASW,CE,Towers with Radar,2,9,36,1,48,0,0,87,0,87,2,9,123,1,135,202,10,212,347
04/03/2003,GGG,TX,ASW,CE,Towers with Radar,1,8,59,13,81,0,0,49,1,50,1,8,108,14,131,200,84,284,415
04/04/2003,GGG,TX,ASW,CE,Towers with Radar,3,12,52,4,71,0,0,38,0,38,3,12,90,4,109,304,10,314,423
04/05/2003,GGG,TX,ASW,CE,Towers with Radar,3,6,45,0,54,0,0,40,0,40,3,6,85,0,94,222,0,222,316
04/06/2003,GGG,TX,ASW,CE,Towers with Radar,1,8,14,0,23,0,0,4,0,4,1,8,18,0,27,0,0,0,27
04/07/2003,GGG,TX,ASW,CE,Towers with Radar,2,2,30,0,34,0,0,60,0,60,2,2,90,0,94,204,0,204,298
04/08/2003,GGG,TX,ASW,CE,Towers with Radar,3,9,36,4,52,0,0,82,0,82,3,9,118,4,134,188,0,188,322
04/09/2003,GGG,TX,ASW,CE,Towers with Radar,3,6,43,11,63,0,0,116,0,116,3,6,159,11,179,312,50,362,541
04/10/2003,GGG,TX,ASW,CE,Towers with Radar,8,7,31,3,49,0,0,107,0,107,8,7,138,3,156,422,0,422,578
04/11/2003,GGG,TX,ASW,CE,Towers with Radar,2,7,33,4,46,0,0,85,0,85,2,7,118,4,131,214,6,220,351
04/12/2003,GGG,TX,ASW,CE,Towers with Radar,1,6,27,0,34,0,0,98,0,98,1,6,125,0,132,242,0,242,374
04/13/2003,GGG,TX,ASW,CE,Towers with Radar,2,9,20,0,31,0,0,58,4,62,2,9,78,4,93,62,0,62,155
04/14/2003,GGG,TX,ASW,CE,Towers with Radar,5,7,49,0,61,0,0,101,0,101,5,7,150,0,162,258,14,272,434
04/15/2003,GGG,TX,ASW,CE,Towers with Radar,2,7,50,0,59,0,0,82,0,82,2,7,132,0,141,206,2,208,349
04/16/2003,GGG,TX,ASW,CE,Towers with Radar,1,8,67,0,76,0,0,46,0,46,1,8,113,0,122,27,0,27,149
04/17/2003,GGG,TX,ASW,CE,Towers with Radar,0,6,64,4,74,0,0,153,1,154,0,6,217,5,228,306,68,374,602
04/18/2003,GGG,TX,ASW,CE,Towers with Radar,1,6,27,4,38,0,0,26,0,26,1,6,53,4,64,52,0,52,116
04/19/2003,GGG,TX,ASW,CE,Towers with Radar,4,7,24,0,35,0,0,13,0,13,4,7,37,0,48,58,0,58,106
04/20/2003,GGG,TX,ASW,CE,Towers with Radar,5,7,9,0,21,0,0,28,0,28,5,7,37,0,49,4,0,4,53
04/21/2003,GGG,TX,ASW,CE,Towers with Radar,6,11,39,8,64,0,0,97,0,97,6,11,136,8,161,186,20,206,367
04/22/2003,GGG,TX,ASW,CE,Towers with Radar,4,9,37,3,53,0,0,77,0,77,4,9,114,3,130,220,0,220,350
04/23/2003,GGG,TX,ASW,CE,Towers with Radar,0,10,35,3,48,0,0,24,0,24,0,10,59,3,72,144,10,154,226
04/24/2003,GGG,TX,ASW,CE,Towers with Radar,4,8,38,5,55,0,0,52,0,52,4,8,90,5,107,228,36,264,371
04/25/2003,GGG,TX,ASW,CE,Towers with Radar,0,8,40,11,59,0,0,113,0,113,0,8,153,11,172,270,44,314,486
04/26/2003,GGG,TX,ASW,CE,Towers with Radar,0,6,40,3,49,0,0,123,0,123,0,6,163,3,172,428,0,428,600
04/27/2003,GGG,TX,ASW,CE,Towers with Radar,0,8,13,0,21,0,0,55,0,55,0,8,68,0,76,58,0,58,134
04/28/2003,GGG,TX,ASW,CE,Towers with Radar,0,9,44,0,53,0,0,84,0,84,0,9,128,0,137,316,0,316,453
04/29/2003,GGG,TX,ASW,CE,Towers with Radar,4,10,38,4,56,0,0,98,0,98,4,10,136,4,154,186,0,186,340
04/30/2003,GGG,TX,ASW,CE,Towers with Radar,1,8,45,0,54,0,0,84,0,84,1,8,129,0,138,240,0,240,378
05/01/2003,GGG,TX,ASW,CE,Towers with Radar,6,8,37,0,51,0,0,50,0,50,6,8,87,0,101,258,0,258,359
05/02/2003,GGG,TX,ASW,CE,Towers with Radar,7,8,42,7,64,0,0,97,0,97,7,8,139,7,161,316,30,346,507
05/03/2003,GGG,TX,ASW,CE,Towers with Radar,0,6,18,0,24,0,0,37,0,37,0,6,55,0,61,156,0,156,217
05/04/2003,GGG,TX,ASW,CE,Towers with Radar,0,8,19,0,27,0,0,6,0,6,0,8,25,0,33,8,0,8,41
05/05/2003,GGG,TX,ASW,CE,Towers with Radar,0,8,49,0,57,0,0,17,0,17,0,8,66,0,74,10,0,10,84
05/06/2003,GGG,TX,ASW,CE,Towers with Radar,0,9,33,3,45,0,0,62,0,62,0,9,95,3,107,304,10,314,421
05/07/2003,GGG,TX,ASW,CE,Towers with Radar,0,8,58,10,76,0,0,62,0,62,0,8,120,10,138,192,80,272,410
05/08/2003,GGG,TX,ASW,CE,Towers with Radar,0,8,46,14,68,0,0,91,15,106,0,8,137,29,174,194,88,282,456
05/09/2003,GGG,TX,ASW,CE,Towers with Radar,0,8,39,6,53,0,0,89,2,91,0,8,128,8,144,200,0,200,344
05/10/2003,GGG,TX,ASW,CE,Towers with Radar,0,6,43,0,49,0,0,32,0,32,0,6,75,0,81,154,0,154,235
05/11/2003,GGG,TX,ASW,CE,Towers with Radar,0,10,22,0,32,0,0,48,0,48,0,10,70,0,80,126,0,126,206
05/12/2003,GGG,TX,ASW,CE,Towers with Radar,0,10,23,4,37,0,0,90,0,90,0,10,113,4,127,290,0,290,417
05/13/2003,GGG,TX,ASW,CE,Towers with Radar,0,8,24,4,36,0,0,42,0,42,0,8,66,4,78,118,0,118,196
05/14/2003,GGG,TX,ASW,CE,Towers with Radar,0,11,41,0,52,0,0,54,0,54,0,11,95,0,106,218,0,218,324
05/15/2003,GGG,TX,ASW,CE,Towers with Radar,0,8,53,2,63,0,0,39,0,39,0,8,92,2,102,170,0,170,272
05/16/2003,GGG,TX,ASW,CE,Towers with Radar,0,11,26,0,37,0,0,24,1,25,0,11,50,1,62,92,0,92,154
05/17/2003,GGG,TX,ASW,CE,Towers with Radar,0,6,27,13,46,0,0,40,0,40,0,6,67,13,86,216,86,302,388
05/18/2003,GGG,TX,ASW,CE,Towers with Radar,0,8,16,0,24,0,0,56,0,56,0,8,72,0,80,148,0,148,228
05/19/2003,GGG,TX,ASW,CE,Towers with Radar,0,8,34,13,55,0,0,89,0,89,0,8,123,13,144,184,76,260,404
05/20/2003,GGG,TX,ASW,CE,Towers with Radar,0,7,27,0,34,0,0,30,0,30,0,7,57,0,64,82,0,82,146
05/21/2003,GGG,TX,ASW,CE,Towers with Radar,0,8,57,3,68,0,0,38,0,38,0,8,95,3,106,246,32,278,384
05/22/2003,GGG,TX,ASW,CE,Towers with Radar,0,8,43,14,65,0,0,134,0,134,0,8,177,14,199,310,14,324,523
05/23/2003,GGG,TX,ASW,CE,Towers with Radar,0,8,50,0,58,0,0,90,0,90,0,8,140,0,148,234,0,234,382
05/24/2003,GGG,TX,ASW,CE,Towers with Radar,0,6,21,0,27,0,0,57,0,57,0,6,78,0,84,168,0,168,252
05/25/2003,GGG,TX,ASW,CE,Towers with Radar,0,6,17,0,23,0,0,7,1,8,0,6,24,1,31,0,0,0,31
05/26/2003,GGG,TX,ASW,CE,Towers with Radar,0,8,17,0,25,0,0,12,0,12,0,8,29,0,37,50,0,50,87
05/27/2003,GGG,TX,ASW,CE,Towers with Radar,0,10,24,26,60,0,0,79,0,79,0,10,103,26,139,266,86,352,491
05/28/2003,GGG,TX,ASW,CE,Towers with Radar,0,7,23,0,30,0,0,99,0,99,0,7,122,0,129,320,0,320,449
05/29/2003,GGG,TX,ASW,CE,Towers with Radar,0,11,45,4,60,0,0,107,4,111,0,11,152,8,171,266,10,276,447
05/30/2003,GGG,TX,ASW,CE,Towers with Radar,0,8,38,0,46,0,0,84,0,84,0,8,122,0,130,262,0,262,392
05/31/2003,GGG,TX,ASW,CE,Towers with Radar,0,6,16,4,26,0,0,55,0,55,0,6,71,4,81,110,6,116,197
06/01/2003,GGG,TX,ASW,CE,Towers with Radar,0,9,21,9,39,0,0,28,0,28,0,9,49,9,67,26,10,36,103
06/02/2003,GGG,TX,ASW,CE,Towers with Radar,0,8,19,0,27,0,0,43,0,43,0,8,62,0,70,168,0,168,238
06/03/2003,GGG,TX,ASW,CE,Towers with Radar,0,11,29,0,40,0,0,108,0,108,0,11,137,0,148,230,0,230,378
06/04/2003,GGG,TX,ASW,CE,Towers with Radar,0,7,46,25,78,0,0,105,1,106,0,7,151,26,184,260,26,286,470
06/05/2003,GGG,TX,ASW,CE,Towers with Radar,0,8,50,0,58,0,0,54,0,54,0,8,104,0,112,186,0,186,298
06/06/2003,GGG,TX,ASW,CE,Towers with Radar,0,10,33,3,46,0,0,7,2,9,0,10,40,5,55,94,26,120,175
06/07/2003,GGG,TX,ASW,CE,Towers with Radar,0,10,23,6,39,0,0,62,0,62,0,10,85,6,101,36,0,36,137
06/08/2003,GGG,TX,ASW,CE,Towers with Radar,1,7,17,0,25,0,0,29,0,29,1,7,46,0,54,14,0,14,68
06/09/2003,GGG,TX,ASW,CE,Towers with Radar,0,8,31,4,43,0,0,87,2,89,0,8,118,6,132,276,30,306,438
06/10/2003,GGG,TX,ASW,CE,Towers with Radar,0,8,48,4,60,0,0,48,3,51,0,8,96,7,111,180,0,180,291
06/11/2003,GGG,TX,ASW,CE,Towers with Radar,0,8,38,0,46,0,0,73,0,73,0,8,111,0,119,160,0,160,279
06/12/2003,GGG,TX,ASW,CE,Towers with Radar,0,6,27,0,33,0,0,29,0,29,0,6,56,0,62,198,0,198,260
06/13/2003,GGG,TX,ASW,CE,Towers with Radar,0,8,16,0,24,0,0,23,0,23,0,8,39,0,47,174,0,174,221
06/14/2003,GGG,TX,ASW,CE,Towers with Radar,0,6,9,7,22,0,0,40,2,42,0,6,49,9,64,162,26,188,252
06/15/2003,GGG,TX,ASW,CE,Towers with Radar,0,9,8,1,18,0,0,0,0,0,0,9,8,1,18,0,0,0,18
06/16/2003,GGG,TX,ASW,CE,Towers with Radar,0,8,45,0,53,0,0,40,0,40,0,8,85,0,93,116,0,116,209
06/17/2003,GGG,TX,ASW,CE,Towers with Radar,0,8,51,0,59,0,0,33,0,33,0,8,84,0,92,96,0,96,188
06/18/2003,GGG,TX,ASW,CE,Towers with Radar,0,8,76,1,85,0,0,48,0,48,0,8,124,1,133,142,0,142,275
06/19/2003,GGG,TX,ASW,CE,Towers with Radar,0,8,60,30,98,0,0,86,6,92,0,8,146,36,190,242,104,346,536
06/20/2003,GGG,TX,ASW,CE,Towers with Radar,1,8,61,6,76,0,0,72,0,72,1,8,133,6,148,230,4,234,382
06/21/2003,GGG,TX,ASW,CE,Towers with Radar,0,6,35,3,44,0,0,38,0,38,0,6,73,3,82,132,0,132,214
06/22/2003,GGG,TX,ASW,CE,Towers with Radar,1,9,21,0,31,0,0,18,0,18,1,9,39,0,49,18,0,18,67
06/23/2003,GGG,TX,ASW,CE,Towers with Radar,0,10,39,6,55,0,0,73,0,73,0,10,112,6,128,230,26,256,384
06/24/2003,GGG,TX,ASW,CE,Towers with Radar,0,8,54,2,64,0,0,59,0,59,0,8,113,2,123,144,0,144,267
06/25/2003,GGG,TX,ASW,CE,Towers with Radar,0,12,49,6,67,0,0,59,3,62,0,12,108,9,129,164,22,186,315
06/26/2003,GGG,TX,ASW,CE,Towers with Radar,0,11,34,0,45,0,0,14,0,14,0,11,48,0,59,24,0,24,83
06/27/2003,GGG,TX,ASW,CE,Towers with Radar,0,8,42,0,50,0,0,83,0,83,0,8,125,0,133,170,0,170,303
06/28/2003,GGG,TX,ASW,CE,Towers with Radar,0,6,16,0,22,0,0,40,0,40,0,6,56,0,62,112,0,112,174
06/29/2003,GGG,TX,ASW,CE,Towers with Radar,0,9,18,4,31,0,0,34,0,34,0,9,52,4,65,88,8,96,161
06/30/2003,GGG,TX,ASW,CE,Towers with Radar,0,8,45,20,73,0,0,36,3,39,0,8,81,23,112,72,20,92,204
07/01/2003,GGG,TX,ASW,CE,Towers with Radar,0,11,45,5,61,0,0,48,1,49,0,11,93,6,110,170,12,182,292
07/02/2003,GGG,TX,ASW,CE,Towers with Radar,0,8,27,0,35,0,0,43,0,43,0,8,70,0,78,112,0,112,190
07/03/2003,GGG,TX,ASW,CE,Towers with Radar,0,8,26,2,36,0,0,54,0,54,0,8,80,2,90,56,10,66,156
07/04/2003,GGG,TX,ASW,CE,Towers with Radar,0,6,6,0,12,0,0,23,0,23,0,6,29,0,35,0,0,0,35
07/05/2003,GGG,TX,ASW,CE,Towers with Radar,0,9,19,0,28,0,0,2,0,2,0,9,21,0,30,0,0,0,30
07/06/2003,GGG,TX,ASW,CE,Towers with Radar,0,10,13,0,23,0,0,16,0,16,0,10,29,0,39,0,0,0,39
07/07/2003,GGG,TX,ASW,CE,Towers with Radar,0,6,40,7,53,0,0,39,1,40,0,6,79,8,93,58,24,82,175
07/08/2003,GGG,TX,ASW,CE,Towers with Radar,0,10,17,0,27,0,0,28,5,33,0,10,45,5,60,88,0,88,148
07/09/2003,GGG,TX,ASW,CE,Towers with Radar,1,8,35,0,44,0,0,38,4,42,1,8,73,4,86,44,0,44,130
07/10/2003,GGG,TX,ASW,CE,Towers with Radar,0,7,51,6,64,0,0,40,3,43,0,7,91,9,107,72,0,72,179
07/11/2003,GGG,TX,ASW,CE,Towers with Radar,0,7,36,4,47,0,0,59,3,62,0,7,95,7,109,112,0,112,221
07/12/2003,GGG,TX,ASW,CE,Towers with Radar,0,7,11,0,18,0,1,28,0,29,0,8,39,0,47,46,0,46,93
07/13/2003,GGG,TX,ASW,CE,Towers with Radar,0,10,22,6,38,0,0,27,0,27,0,10,49,6,65,62,6,68,133
07/14/2003,GGG,TX,ASW,CE,Towers with Radar,0,8,31,8,47,0,0,49,7,56,0,8,80,15,103,88,8,96,199
07/15/2003,GGG,TX,ASW,CE,Towers with Radar,27,12,17,0,56,0,0,37,0,37,27,12,54,0,93,74,0,74,167
07/16/2003,GGG,TX,ASW,CE,Towers with Radar,0,7,46,0,53,0,0,27,0,27,0,7,73,0,80,90,0,90,170
07/17/2003,GGG,TX,ASW,CE,Towers with Radar,0,8,29,9,46,0,0,35,0,35,0,8,64,9,81,146,10,156,237
07/18/2003,GGG,TX,ASW,CE,Towers with Radar,0,8,33,6,47,0,0,25,0,25,0,8,58,6,72,76,20,96,168
07/19/2003,GGG,TX,ASW,CE,Towers with Radar,0,7,16,0,23,0,0,32,1,33,0,7,48,1,56,10,0,10,66
07/20/2003,GGG,TX,ASW,CE,Towers with Radar,0,10,25,0,35,0,0,36,0,36,0,10,61,0,71,18,0,18,89
07/21/2003,GGG,TX,ASW,CE,Towers with Radar,0,8,25,2,35,0,0,33,0,33,0,8,58,2,68,32,0,32,100
07/22/2003,GGG,TX,ASW,CE,Towers with Radar,0,8,31,0,39,0,0,30,0,30,0,8,61,0,69,50,0,50,119
07/23/2003,GGG,TX,ASW,CE,Towers with Radar,0,8,40,2,50,0,0,20,1,21,0,8,60,3,71,40,4,44,115
07/24/2003,GGG,TX,ASW,CE,Towers with Radar,0,8,25,2,35,0,0,43,1,44,0,8,68,3,79,62,0,62,141
07/25/2003,GGG,TX,ASW,CE,Towers with Radar,0,8,24,0,32,0,1,23,0,24,0,9,47,0,56,108,0,108,164
07/26/2003,GGG,TX,ASW,CE,Towers with Radar,0,8,25,0,33,0,0,33,0,33,0,8,58,0,66,54,0,54,120
07/27/2003,GGG,TX,ASW,CE,Towers with Radar,0,10,21,0,31,0,0,25,0,25,0,10,46,0,56,46,0,46,102
07/28/2003,GGG,TX,ASW,CE,Towers with Radar,0,10,30,0,40,0,0,31,0,31,0,10,61,0,71,48,0,48,119
07/29/2003,GGG,TX,ASW,CE,Towers with Radar,0,10,20,7,37,0,0,40,0,40,0,10,60,7,77,62,22,84,161
07/30/2003,GGG,TX,ASW,CE,Towers with Radar,2,8,37,3,50,0,0,30,0,30,2,8,67,3,80,54,4,58,138
07/31/2003,GGG,TX,ASW,CE,Towers with Radar,0,8,31,4,43,0,0,44,0,44,0,8,75,4,87,88,0,88,175
08/01/2003,GGG,TX,ASW,CE,Towers with Radar,0,8,30,19,57,0,0,25,5,30,0,8,55,24,87,70,50,120,207
08/02/2003,GGG,TX,ASW,CE,Towers with Radar,0,6,21,0,27,0,0,39,0,39,0,6,60,0,66,76,0,76,142
08/03/2003,GGG,TX,ASW,CE,Towers with Radar,0,8,19,2,29,0,0,14,2,16,0,8,33,4,45,4,0,4,49
08/04/2003,GGG,TX,ASW,CE,Towers with Radar,0,10,15,4,29,0,0,15,0,15,0,10,30,4,44,30,50,80,124
08/05/2003,GGG,TX,ASW,CE,Towers with Radar,0,14,16,0,30,0,0,30,0,30,0,14,46,0,60,60,0,60,120
08/06/2003,GGG,TX,ASW,CE,Towers with Radar,0,8,26,8,42,0,0,16,0,16,0,8,42,8,58,12,10,22,80
08/07/2003,GGG,TX,ASW,CE,Towers with Radar,0,8,35,15,58,0,0,34,4,38,0,8,69,19,96,84,10,94,190
08/08/2003,GGG,TX,ASW,CE,Towers with Radar,0,8,27,3,38,0,0,38,0,38,0,8,65,3,76,86,0,86,162
08/09/2003,GGG,TX,ASW,CE,Towers with Radar,0,7,11,3,21,0,0,36,0,36,0,7,47,3,57,82,0,82,139
08/10/2003,GGG,TX,ASW,CE,Towers with Radar,0,9,9,0,18,0,0,16,0,16,0,9,25,0,34,16,0,16,50
08/11/2003,GGG,TX,ASW,CE,Towers with Radar,0,10,27,0,37,0,0,31,0,31,0,10,58,0,68,82,0,82,150
08/12/2003,GGG,TX,ASW,CE,Towers with Radar,2,10,38,0,50,0,0,31,0,31,2,10,69,0,81,76,0,76,157
08/13/2003,GGG,TX,ASW,CE,Towers with Radar,0,8,67,11,86,0,0,29,0,29,0,8,96,11,115,168,40,208,323
08/14/2003,GGG,TX,ASW,CE,Towers with Radar,0,10,24,0,34,0,0,33,0,33,0,10,57,0,67,104,18,122,189
08/15/2003,GGG,TX,ASW,CE,Towers with Radar,2,7,27,0,36,0,0,43,0,43,2,7,70,0,79,122,0,122,201
08/16/2003,GGG,TX,ASW,CE,Towers with Radar,0,7,19,8,34,0,0,39,3,42,0,7,58,11,76,106,8,114,190
08/17/2003,GGG,TX,ASW,CE,Towers with Radar,0,8,17,10,35,0,0,19,2,21,0,8,36,12,56,12,0,12,68
08/18/2003,GGG,TX,ASW,CE,Towers with Radar,0,8,18,1,27,0,0,19,0,19,0,8,37,1,46,40,0,40,86
08/19/2003,GGG,TX,ASW,CE,Towers with Radar,0,8,16,3,27,0,0,32,0,32,0,8,48,3,59,44,14,58,117
08/20/2003,GGG,TX,ASW,CE,Towers with Radar,0,9,28,3,40,0,0,35,0,35,0,9,63,3,75,72,12,84,159
08/21/2003,GGG,TX,ASW,CE,Towers with Radar,0,8,21,2,31,0,0,31,0,31,0,8,52,2,62,88,16,104,166
08/22/2003,GGG,TX,ASW,CE,Towers with Radar,0,8,41,5,54,0,0,38,0,38,0,8,79,5,92,48,0,48,140
08/23/2003,GGG,TX,ASW,CE,Towers with Radar,0,7,9,0,16,0,0,30,1,31,0,7,39,1,47,54,0,54,101
08/24/2003,GGG,TX,ASW,CE,Towers with Radar,0,10,13,0,23,0,0,30,0,30,0,10,43,0,53,50,0,50,103
08/25/2003,GGG,TX,ASW,CE,Towers with Radar,0,9,18,11,38,0,0,46,0,46,0,9,64,11,84,160,2,162,246
08/26/2003,GGG,TX,ASW,CE,Towers with Radar,0,6,30,5,41,0,0,53,3,56,0,6,83,8,97,130,34,164,261
08/27/2003,GGG,TX,ASW,CE,Towers with Radar,0,8,46,11,65,0,0,17,1,18,0,8,63,12,83,40,0,40,123
08/28/2003,GGG,TX,ASW,CE,Towers with Radar,0,8,39,19,66,0,0,46,1,47,0,8,85,20,113,144,94,238,351
08/29/2003,GGG,TX,ASW,CE,Towers with Radar,0,8,36,2,46,0,0,28,3,31,0,8,64,5,77,98,22,120,197
08/30/2003,GGG,TX,ASW,CE,Towers with Radar,0,4,19,0,23,0,0,34,0,34,0,4,53,0,57,192,0,192,249
08/31/2003,GGG,TX,ASW,CE,Towers with Radar,0,6,10,0,16,0,0,0,0,0,0,6,10,0,16,0,0,0,16
09/01/2003,GGG,TX,ASW,CE,Towers with Radar,0,8,27,0,35,0,0,7,0,7,0,8,34,0,42,48,0,48,90
09/02/2003,GGG,TX,ASW,CE,Towers with Radar,0,12,14,23,49,0,0,48,4,52,0,12,62,27,101,164,100,264,365
09/03/2003,GGG,TX,ASW,CE,Towers with Radar,0,8,21,0,29,0,0,54,0,54,0,8,75,0,83,94,0,94,177
09/04/2003,GGG,TX,ASW,CE,Towers with Radar,0,7,30,5,42,0,0,82,0,82,0,7,112,5,124,130,0,130,254
09/05/2003,GGG,TX,ASW,CE,Towers with Radar,0,6,29,0,35,0,0,79,1,80,0,6,108,1,115,262,0,262,377
09/06/2003,GGG,TX,ASW,CE,Towers with Radar,0,6,13,0,19,0,0,50,0,50,0,6,63,0,69,102,0,102,171
09/07/2003,GGG,TX,ASW,CE,Towers with Radar,0,6,16,7,29,0,0,42,0,42,0,6,58,7,71,62,12,74,145
09/08/2003,GGG,TX,ASW,CE,Towers with Radar,0,7,28,4,39,0,0,55,0,55,0,7,83,4,94,70,0,70,164
09/09/2003,GGG,TX,ASW,CE,Towers with Radar,0,7,33,6,46,0,0,92,1,93,0,7,125,7,139,176,34,210,349
09/10/2003,GGG,TX,ASW,CE,Towers with Radar,0,10,50,7,67,0,0,56,0,56,0,10,106,7,123,136,0,136,259
09/11/2003,GGG,TX,ASW,CE,Towers with Radar,0,4,27,2,33,0,0,20,1,21,0,4,47,3,54,12,0,12,66
09/12/2003,GGG,TX,ASW,CE,Towers with Radar,0,8,19,0,27,0,0,4,0,4,0,8,23,0,31,6,0,6,37
09/13/2003,GGG,TX,ASW,CE,Towers with Radar,0,8,31,1,40,0,0,55,1,56,0,8,86,2,96,116,0,116,212
09/14/2003,GGG,TX,ASW,CE,Towers with Radar,0,6,21,0,27,0,0,24,0,24,0,6,45,0,51,66,0,66,117
09/15/2003,GGG,TX,ASW,CE,Towers with Radar,0,6,16,14,36,0,0,81,0,81,0,6,97,14,117,158,34,192,309
09/16/2003,GGG,TX,ASW,CE,Towers with Radar,0,6,19,0,25,0,0,72,0,72,0,6,91,0,97,136,0,136,233
09/17/2003,GGG,TX,ASW,CE,Towers with Radar,0,6,28,10,44,0,0,112,0,112,0,6,140,10,156,184,18,202,358
09/18/2003,GGG,TX,ASW,CE,Towers with Radar,1,7,45,14,67,0,0,66,7,73,1,7,111,21,140,178,90,268,408
09/19/2003,GGG,TX,ASW,CE,Towers with Radar,0,6,27,2,35,0,0,48,0,48,0,6,75,2,83,78,0,78,161
09/20/2003,GGG,TX,ASW,CE,Towers with Radar,0,6,20,7,33,0,0,50,0,50,0,6,70,7,83,28,0,28,111
09/21/2003,GGG,TX,ASW,CE,Towers with Radar,0,7,28,4,39,0,0,1,0,1,0,7,29,4,40,0,0,0,40
09/22/2003,GGG,TX,ASW,CE,Towers with Radar,0,6,27,4,37,0,0,44,0,44,0,6,71,4,81,124,0,124,205
09/23/2003,GGG,TX,ASW,CE,Towers with Radar,0,6,29,7,42,0,0,71,0,71,0,6,100,7,113,236,20,256,369
09/24/2003,GGG,TX,ASW,CE,Towers with Radar,0,10,45,0,55,0,0,91,0,91,0,10,136,0,146,214,36,250,396
09/25/2003,GGG,TX,ASW,CE,Towers with Radar,0,10,37,5,52,0,0,75,0,75,0,10,112,5,127,268,16,284,411
09/26/2003,GGG,TX,ASW,CE,Towers with Radar,0,7,27,0,34,0,0,76,0,76,0,7,103,0,110,212,0,212,322
09/27/2003,GGG,TX,ASW,CE,Towers with Radar,0,6,21,0,27,0,0,89,0,89,0,6,110,0,116,222,0,222,338
09/28/2003,GGG,TX,ASW,CE,Towers with Radar,0,6,16,0,22,0,0,46,0,46,0,6,62,0,68,48,0,48,116
09/29/2003,GGG,TX,ASW,CE,Towers with Radar,0,6,23,2,31,0,0,61,0,61,0,6,84,2,92,140,0,140,232
09/30/2003,GGG,TX,ASW,CE,Towers with Radar,0,6,24,11,41,0,0,110,1,111,0,6,134,12,152,372,34,406,558
10/01/2003,GGG,TX,ASW,CE,Towers with Radar,0,7,35,0,42,0,0,84,0,84,0,7,119,0,126,312,0,312,438
10/02/2003,GGG,TX,ASW,CE,Towers with Radar,0,9,47,18,74,0,0,98,3,101,0,9,145,21,175,306,96,402,577
10/03/2003,GGG,TX,ASW,CE,Towers with Radar,0,8,27,1,36,0,0,88,0,88,0,8,115,1,124,188,0,188,312
10/04/2003,GGG,TX,ASW,CE,Towers with Radar,0,8,17,13,38,0,0,87,0,87,0,8,104,13,125,224,0,224,349
10/05/2003,GGG,TX,ASW,CE,Towers with Radar,0,6,18,0,24,0,0,4,0,4,0,6,22,0,28,0,0,0,28
10/06/2003,GGG,TX,ASW,CE,Towers with Radar,0,6,39,3,48,0,0,29,0,29,0,6,68,3,77,184,0,184,261
10/07/2003,GGG,TX,ASW,CE,Towers with Radar,0,6,44,5,55,0,0,30,0,30,0,6,74,5,85,140,0,140,225
10/08/2003,GGG,TX,ASW,CE,Towers with Radar,0,6,50,7,63,0,0,30,0,30,0,6,80,7,93,60,20,80,173
10/09/2003,GGG,TX,ASW,CE,Towers with Radar,0,7,32,0,39,0,0,2,0,2,0,7,34,0,41,6,0,6,47
10/10/2003,GGG,TX,ASW,CE,Towers with Radar,0,6,47,7,60,0,0,48,0,48,0,6,95,7,108,118,28,146,254
10/11/2003,GGG,TX,ASW,CE,Towers with Radar,0,7,35,7,49,0,0,44,0,44,0,7,79,7,93,66,2,68,161
10/12/2003,GGG,TX,ASW,CE,Towers with Radar,0,8,15,0,23,0,0,20,0,20,0,8,35,0,43,42,0,42,85
10/13/2003,GGG,TX,ASW,CE,Towers with Radar,0,6,54,3,63,0,0,42,1,43,0,6,96,4,106,190,6,196,302
10/14/2003,GGG,TX,ASW,CE,Towers with Radar,0,7,24,16,47,0,0,66,0,66,0,7,90,16,113,282,128,410,523
10/15/2003,GGG,TX,ASW,CE,Towers with Radar,0,7,50,6,63,0,0,70,0,70,0,7,120,6,133,314,56,370,503
10/16/2003,GGG,TX,ASW,CE,Towers with Radar,0,6,56,0,62,0,0,87,0,87,0,6,143,0,149,346,0,346,495
10/17/2003,GGG,TX,ASW,CE,Towers with Radar,0,6,38,5,49,0,0,77,0,77,0,6,115,5,126,242,18,260,386
10/18/2003,GGG,TX,ASW,CE,Towers with Radar,0,6,46,0,52,0,0,47,0,47,0,6,93,0,99,154,0,154,253
10/19/2003,GGG,TX,ASW,CE,Towers with Radar,0,7,13,0,20,0,0,23,1,24,0,7,36,1,44,62,0,62,106
10/20/2003,GGG,TX,ASW,CE,Towers with Radar,0,6,25,5,36,0,0,82,0,82,0,6,107,5,118,344,0,344,462
10/21/2003,GGG,TX,ASW,CE,Towers with Radar,0,6,56,14,76,0,0,56,3,59,0,6,112,17,135,230,52,282,417
10/22/2003,GGG,TX,ASW,CE,Towers with Radar,0,7,38,6,51,0,0,69,0,69,0,7,107,6,120,280,4,284,404
10/23/2003,GGG,TX,ASW,CE,Towers with Radar,0,8,53,10,71,0,0,73,2,75,0,8,126,12,146,294,52,346,492
10/24/2003,GGG,TX,ASW,CE,Towers with Radar,0,6,41,0,47,0,0,78,1,79,0,6,119,1,126,284,0,284,410
10/25/2003,GGG,TX,ASW,CE,Towers with Radar,0,7,26,4,37,0,0,19,0,19,0,7,45,4,56,112,0,112,168
10/26/2003,GGG,TX,ASW,CE,Towers with Radar,0,10,22,0,32,0,0,23,0,23,0,10,45,0,55,50,0,50,105
10/27/2003,GGG,TX,ASW,CE,Towers with Radar,0,7,36,8,51,0,0,68,0,68,0,7,104,8,119,306,18,324,443
10/28/2003,GGG,TX,ASW,CE,Towers with Radar,0,6,34,17,57,0,0,72,0,72,0,6,106,17,129,310,10,320,449
10/29/2003,GGG,TX,ASW,CE,Towers with Radar,2,6,47,21,76,0,0,93,3,96,2,6,140,24,172,286,94,380,552
10/30/2003,GGG,TX,ASW,CE,Towers with Radar,0,6,51,3,60,0,0,56,0,56,0,6,107,3,116,138,4,142,258
10/31/2003,GGG,TX,ASW,CE,Towers with Radar,0,6,63,11,80,0,0,30,0,30,0,6,93,11,110,172,0,172,282
11/01/2003,GGG,TX,ASW,CE,Towers with Radar,0,9,47,21,77,0,0,50,1,51,0,9,97,22,128,102,8,110,238
11/02/2003,GGG,TX,ASW,CE,Towers with Radar,0,6,31,4,41,0,0,27,0,27,0,6,58,4,68,56,0,56,124
11/03/2003,GGG,TX,ASW,CE,Towers with Radar,0,6,52,0,58,0,0,46,0,46,0,6,98,0,104,144,0,144,248
11/04/2003,GGG,TX,ASW,CE,Towers with Radar,0,7,38,13,58,0,0,85,0,85,0,7,123,13,143,404,46,450,593
11/05/2003,GGG,TX,ASW,CE,Towers with Radar,0,6,44,6,56,0,0,50,0,50,0,6,94,6,106,300,0,300,406
11/06/2003,GGG,TX,ASW,CE,Towers with Radar,0,6,113,14,133,0,0,1,0,1,0,6,114,14,134,0,0,0,134
11/07/2003,GGG,TX,ASW,CE,Towers with Radar,0,6,72,2,80,0,0,0,0,0,0,6,72,2,80,0,0,0,80
11/08/2003,GGG,TX,ASW,CE,Towers with Radar,0,7,54,0,61,0,0,0,0,0,0,7,54,0,61,0,0,0,61
11/09/2003,GGG,TX,ASW,CE,Towers with Radar,0,7,24,8,39,0,0,22,2,24,0,7,46,10,63,46,24,70,133
11/10/2003,GGG,TX,ASW,CE,Towers with Radar,0,9,55,9,73,0,0,87,1,88,0,9,142,10,161,140,22,162,323
11/11/2003,GGG,TX,ASW,CE,Towers with Radar,0,7,39,0,46,0,0,34,0,34,0,7,73,0,80,190,0,190,270
11/12/2003,GGG,TX,ASW,CE,Towers with Radar,0,6,65,10,81,0,0,39,0,39,0,6,104,10,120,172,24,196,316
11/13/2003,GGG,TX,ASW,CE,Towers with Radar,0,6,47,6,59,0,0,89,2,91,0,6,136,8,150,262,16,278,428
11/14/2003,GGG,TX,ASW,CE,Towers with Radar,0,7,60,8,75,0,0,64,0,64,0,7,124,8,139,236,0,236,375
11/15/2003,GGG,TX,ASW,CE,Towers with Radar,0,6,41,0,47,0,0,33,0,33,0,6,74,0,80,130,0,130,210
11/16/2003,GGG,TX,ASW,CE,Towers with Radar,0,6,24,3,33,0,0,1,0,1,0,6,25,3,34,0,0,0,34
11/17/2003,GGG,TX,ASW,CE,Towers with Radar,2,6,9,5,22,0,0,0,0,0,2,6,9,5,22,0,0,0,22
11/18/2003,GGG,TX,ASW,CE,Towers with Radar,0,6,61,4,71,0,0,57,1,58,0,6,118,5,129,118,6,124,253
11/19/2003,GGG,TX,ASW,CE,Towers with Radar,0,6,59,4,69,0,0,102,0,102,0,6,161,4,171,228,0,228,399
11/20/2003,GGG,TX,ASW,CE,Towers with Radar,0,7,66,4,77,0,1,107,1,109,0,8,173,5,186,234,4,238,424
11/21/2003,GGG,TX,ASW,CE,Towers with Radar,0,6,49,0,55,0,0,67,0,67,0,6,116,0,122,66,0,66,188
11/22/2003,GGG,TX,ASW,CE,Towers with Radar,0,11,61,0,72,0,0,69,0,69,0,11,130,0,141,174,0,174,315
11/23/2003,GGG,TX,ASW,CE,Towers with Radar,0,5,11,4,20,0,0,5,0,5,0,5,16,4,25,0,0,0,25
11/24/2003,GGG,TX,ASW,CE,Towers with Radar,0,6,32,9,47,0,0,71,0,71,0,6,103,9,118,292,14,306,424
11/25/2003,GGG,TX,ASW,CE,Towers with Radar,0,6,30,0,36,0,0,94,0,94,0,6,124,0,130,244,0,244,374
11/26/2003,GGG,TX,ASW,CE,Towers with Radar,0,6,53,0,59,0,0,23,0,23,0,6,76,0,82,146,0,146,228
11/27/2003,GGG,TX,ASW,CE,Towers with Radar,0,4,9,0,13,0,0,5,0,5,0,4,14,0,18,0,0,0,18
11/28/2003,GGG,TX,ASW,CE,Towers with Radar,2,7,36,0,45,0,0,64,0,64,2,7,100,0,109,82,0,82,191
11/29/2003,GGG,TX,ASW,CE,Towers with Radar,2,7,47,0,56,0,0,89,0,89,2,7,136,0,145,152,0,152,297
11/30/2003,GGG,TX,ASW,CE,Towers with Radar,0,6,16,0,22,0,0,31,0,31,0,6,47,0,53,10,0,10,63
12/01/2003,GGG,TX,ASW,CE,Towers with Radar,0,6,32,3,41,0,0,56,0,56,0,6,88,3,97,190,4,194,291
12/02/2003,GGG,TX,ASW,CE,Towers with Radar,0,6,29,2,37,0,0,71,0,71,0,6,100,2,108,224,0,224,332
12/03/2003,GGG,TX,ASW,CE,Towers with Radar,0,8,55,13,76,0,0,43,0,43,0,8,98,13,119,184,24,208,327
12/04/2003,GGG,TX,ASW,CE,Towers with Radar,0,6,32,10,48,0,0,77,1,78,0,6,109,11,126,264,72,336,462
12/05/2003,GGG,TX,ASW,CE,Towers with Radar,0,6,44,0,50,0,0,52,2,54,0,6,96,2,104,54,0,54,158
12/06/2003,GGG,TX,ASW,CE,Towers with Radar,0,5,54,0,59,0,0,81,1,82,0,5,135,1,141,266,0,266,407
12/07/2003,GGG,TX,ASW,CE,Towers with Radar,0,6,15,16,37,0,0,33,0,33,0,6,48,16,70,54,44,98,168
12/08/2003,GGG,TX,ASW,CE,Towers with Radar,0,6,45,0,51,0,0,45,0,45,0,6,90,0,96,158,0,158,254
12/09/2003,GGG,TX,ASW,CE,Towers with Radar,0,7,27,2,36,0,0,16,0,16,0,7,43,2,52,64,4,68,120
12/10/2003,GGG,TX,ASW,CE,Towers with Radar,0,7,47,3,57,0,0,71,0,71,0,7,118,3,128,116,0,116,244
12/11/2003,GGG,TX,ASW,CE,Towers with Radar,0,7,25,9,41,0,0,110,1,111,0,7,135,10,152,260,32,292,444
12/12/2003,GGG,TX,ASW,CE,Towers with Radar,0,10,45,0,55,0,0,56,0,56,0,10,101,0,111,134,0,134,245
12/13/2003,GGG,TX,ASW,CE,Towers with Radar,2,6,33,0,41,0,0,0,0,0,2,6,33,0,41,0,0,0,41
12/14/2003,GGG,TX,ASW,CE,Towers with Radar,0,7,25,0,32,0,0,34,0,34,0,7,59,0,66,80,0,80,146
12/15/2003,GGG,TX,ASW,CE,Towers with Radar,0,7,46,1,54,0,1,37,2,40,0,8,83,3,94,82,0,82,176
12/16/2003,GGG,TX,ASW,CE,Towers with Radar,2,7,42,0,51,0,0,61,0,61,2,7,103,0,112,124,0,124,236
12/17/2003,GGG,TX,ASW,CE,Towers with Radar,0,6,30,7,43,0,0,72,3,75,0,6,102,10,118,188,26,214,332
12/18/2003,GGG,TX,ASW,CE,Towers with Radar,0,11,31,9,51,0,0,52,0,52,0,11,83,9,103,118,22,140,243
12/19/2003,GGG,TX,ASW,CE,Towers with Radar,0,9,30,11,50,0,0,47,3,50,0,9,77,14,100,76,10,86,186
12/20/2003,GGG,TX,ASW,CE,Towers with Radar,0,6,11,0,17,0,0,46,0,46,0,6,57,0,63,64,0,64,127
12/21/2003,GGG,TX,ASW,CE,Towers with Radar,0,6,10,0,16,0,0,16,0,16,0,6,26,0,32,0,0,0,32
12/22/2003,GGG,TX,ASW,CE,Towers with Radar,0,6,24,4,34,0,0,8,0,8,0,6,32,4,42,0,0,0,42
12/23/2003,GGG,TX,ASW,CE,Towers with Radar,0,6,19,0,25,0,0,16,0,16,0,6,35,0,41,36,0,36,77
12/24/2003,GGG,TX,ASW,CE,Towers with Radar,0,6,1,0,7,0,0,46,0,46,0,6,47,0,53,52,0,52,105
12/25/2003,GGG,TX,ASW,CE,Towers with Radar,0,7,8,0,15,0,0,7,0,7,0,7,15,0,22,0,0,0,22
12/26/2003,GGG,TX,ASW,CE,Towers with Radar,0,8,23,0,31,0,0,29,0,29,0,8,52,0,60,44,0,44,104
12/27/2003,GGG,TX,ASW,CE,Towers with Radar,0,7,17,0,24,0,0,3,0,3,0,7,20,0,27,0,0,0,27
12/28/2003,GGG,TX,ASW,CE,Towers with Radar,0,5,15,0,20,0,0,1,0,1,0,5,16,0,21,0,0,0,21
12/29/2003,GGG,TX,ASW,CE,Towers with Radar,0,7,18,4,29,0,0,25,0,25,0,7,43,4,54,48,12,60,114
12/30/2003,GGG,TX,ASW,CE,Towers with Radar,0,6,23,3,32,0,0,33,0,33,0,6,56,3,65,58,0,58,123
12/31/2003,GGG,TX,ASW,CE,Towers with Radar,0,9,14,1,24,0,0,31,0,31,0,9,45,1,55,42,0,42,97
01/01/2004,GGG,TX,ASW,CE,Towers with Radar,0,6,13,0,19,0,0,2,0,2,0,6,15,0,21,0,0,0,21
01/02/2004,GGG,TX,ASW,CE,Towers with Radar,0,6,8,5,19,0,0,1,0,1,0,6,9,5,20,0,0,0,20
01/03/2004,GGG,TX,ASW,CE,Towers with Radar,0,6,11,0,17,0,0,14,0,14,0,6,25,0,31,18,0,18,49
01/04/2004,GGG,TX,ASW,CE,Towers with Radar,0,8,21,0,29,0,0,1,0,1,0,8,22,0,30,0,0,0,30
01/05/2004,GGG,TX,ASW,CE,Towers with Radar,0,6,8,0,14,0,0,25,0,25,0,6,33,0,39,100,0,100,139
01/06/2004,GGG,TX,ASW,CE,Towers with Radar,0,6,16,3,25,0,0,62,2,64,0,6,78,5,89,198,16,214,303
01/07/2004,GGG,TX,ASW,CE,Towers with Radar,0,6,34,5,45,0,0,78,0,78,0,6,112,5,123,206,10,216,339
01/08/2004,GGG,TX,ASW,CE,Towers with Radar,0,7,38,5,50,0,0,0,0,0,0,7,38,5,50,0,0,0,50
01/09/2004,GGG,TX,ASW,CE,Towers with Radar,0,7,40,2,49,0,0,93,1,94,0,7,133,3,143,228,34,262,405
01/10/2004,GGG,TX,ASW,CE,Towers with Radar,0,5,7,0,12,0,0,56,0,56,0,5,63,0,68,124,0,124,192
01/11/2004,GGG,TX,ASW,CE,Towers with Radar,0,6,28,15,49,0,0,34,0,34,0,6,62,15,83,58,4,62,145
01/12/2004,GGG,TX,ASW,CE,Towers with Radar,0,7,36,0,43,0,0,83,0,83,0,7,119,0,126,224,0,224,350
01/13/2004,GGG,TX,ASW,CE,Towers with Radar,0,6,48,29,83,0,0,27,2,29,0,6,75,31,112,148,32,180,292
01/14/2004,GGG,TX,ASW,CE,Towers with Radar,0,4,41,2,47,0,0,13,0,13,0,4,54,2,60,50,26,76,136
01/15/2004,GGG,TX,ASW,CE,Towers with Radar,0,6,43,10,59,0,0,41,0,41,0,6,84,10,100,72,18,90,190
01/16/2004,GGG,TX,ASW,CE,Towers with Radar,0,6,27,0,33,0,0,18,0,18,0,6,45,0,51,112,0,112,163
01/17/2004,GGG,TX,ASW,CE,Towers with Radar,0,8,25,12,45,0,0,12,0,12,0,8,37,12,57,20,24,44,101
01/18/2004,GGG,TX,ASW,CE,Towers with Radar,0,6,20,0,26,0,0,0,0,0,0,6,20,0,26,0,0,0,26
01/19/2004,GGG,TX,ASW,CE,Towers with Radar,0,11,19,0,30,0,0,53,0,53,0,11,72,0,83,160,0,160,243
01/20/2004,GGG,TX,ASW,CE,Towers with Radar,0,6,26,0,32,0,1,57,0,58,0,7,83,0,90,116,0,116,206
01/21/2004,GGG,TX,ASW,CE,Towers with Radar,0,6,23,1,30,0,0,76,0,76,0,6,99,1,106,192,0,192,298
01/22/2004,GGG,TX,ASW,CE,Towers with Radar,0,8,36,5,49,0,0,78,4,82,0,8,114,9,131,181,18,199,330
01/23/2004,GGG,TX,ASW,CE,Towers with Radar,0,7,25,4,36,0,0,78,0,78,0,7,103,4,114,194,16,210,324
01/24/2004,GGG,TX,ASW,CE,Towers with Radar,0,8,17,2,27,0,0,0,0,0,0,8,17,2,27,0,0,0,27
01/25/2004,GGG,TX,ASW,CE,Towers with Radar,0,7,11,7,25,0,0,25,0,25,0,7,36,7,50,52,18,70,120
01/26/2004,GGG,TX,ASW,CE,Towers with Radar,0,5,14,5,24,0,0,70,0,70,0,5,84,5,94,110,0,110,204
01/27/2004,GGG,TX,ASW,CE,Towers with Radar,0,8,26,9,43,0,0,82,1,83,0,8,108,10,126,220,12,232,358
01/28/2004,GGG,TX,ASW,CE,Towers with Radar,0,6,23,9,38,0,0,88,0,88,0,6,111,9,126,184,46,230,356
01/29/2004,GGG,TX,ASW,CE,Towers with Radar,0,9,40,6,55,0,0,34,0,34,0,9,74,6,89,34,34,68,157
01/30/2004,GGG,TX,ASW,CE,Towers with Radar,0,6,31,3,40,0,0,37,0,37,0,6,68,3,77,164,6,170,247
01/31/2004,GGG,TX,ASW,CE,Towers with Radar,0,6,27,0,33,0,0,38,0,38,0,6,65,0,71,198,0,198,269
02/01/2004,GGG,TX,ASW,CE,Towers with Radar,0,11,12,0,23,0,0,22,0,22,0,11,34,0,45,136,0,136,181
02/02/2004,GGG,TX,ASW,CE,Towers with Radar,0,5,20,8,33,0,0,39,2,41,0,5,59,10,74,78,28,106,180
02/03/2004,GGG,TX,ASW,CE,Towers with Radar,0,6,21,4,31,0,0,85,0,85,0,6,106,4,116,122,12,134,250
02/04/2004,GGG,TX,ASW,CE,Towers with Radar,0,6,18,0,24,0,0,31,0,31,0,6,49,0,55,34,0,34,89
02/05/2004,GGG,TX,ASW,CE,Towers with Radar,0,9,22,0,31,0,0,0,0,0,0,9,22,0,31,0,0,0,31
02/06/2004,GGG,TX,ASW,CE,Towers with Radar,0,6,17,17,40,0,0,75,1,76,0,6,92,18,116,292,98,390,506
02/07/2004,GGG,TX,ASW,CE,Towers with Radar,0,6,24,0,30,0,0,153,0,153,0,6,177,0,183,236,0,236,419
02/08/2004,GGG,TX,ASW,CE,Towers with Radar,0,6,20,2,28,0,0,37,0,37,0,6,57,2,65,36,0,36,101
02/09/2004,GGG,TX,ASW,CE,Towers with Radar,0,7,26,0,33,0,0,15,0,15,0,7,41,0,48,48,0,48,96
02/10/2004,GGG,TX,ASW,CE,Towers with Radar,0,6,30,3,39,0,0,15,1,16,0,6,45,4,55,60,0,60,115
02/11/2004,GGG,TX,ASW,CE,Towers with Radar,0,5,26,1,32,0,0,1,0,1,0,5,27,1,33,0,0,0,33
02/12/2004,GGG,TX,ASW,CE,Towers with Radar,0,8,25,11,44,0,0,31,0,31,0,8,56,11,75,182,48,230,305
02/13/2004,GGG,TX,ASW,CE,Towers with Radar,0,8,35,14,57,0,0,62,0,62,0,8,97,14,119,156,38,194,313
02/14/2004,GGG,TX,ASW,CE,Towers with Radar,0,4,5,0,9,0,0,0,0,0,0,4,5,0,9,0,0,0,9
02/15/2004,GGG,TX,ASW,CE,Towers with Radar,0,7,16,0,23,0,0,56,0,56,0,7,72,0,79,106,0,106,185
02/16/2004,GGG,TX,ASW,CE,Towers with Radar,0,6,31,2,39,0,0,81,2,83,0,6,112,4,122,218,2,220,342
02/17/2004,GGG,TX,ASW,CE,Towers with Radar,0,8,35,3,46,0,0,92,1,93,0,8,127,4,139,154,30,184,323
02/18/2004,GGG,TX,ASW,CE,Towers with Radar,0,7,35,2,44,0,0,93,3,96,0,7,128,5,140,262,42,304,444
02/19/2004,GGG,TX,ASW,CE,Towers with Radar,0,7,49,0,56,0,0,66,0,66,0,7,115,0,122,160,0,160,282
02/20/2004,GGG,TX,ASW,CE,Towers with Radar,0,6,18,8,32,0,0,75,0,75,0,6,93,8,107,260,4,264,371
02/21/2004,GGG,TX,ASW,CE,Towers with Radar,0,6,26,0,32,0,0,88,0,88,0,6,114,0,120,256,0,256,376
02/22/2004,GGG,TX,ASW,CE,Towers with Radar,0,7,13,10,30,0,0,31,1,32,0,7,44,11,62,96,2,98,160
02/23/2004,GGG,TX,ASW,CE,Towers with Radar,0,6,29,3,38,0,0,3,0,3,0,6,32,3,41,6,0,6,47
02/24/2004,GGG,TX,ASW,CE,Towers with Radar,0,6,18,5,29,0,0,0,0,0,0,6,18,5,29,0,0,0,29
02/25/2004,GGG,TX,ASW,CE,Towers with Radar,0,6,36,0,42,0,0,2,0,2,0,6,38,0,44,0,0,0,44
02/26/2004,GGG,TX,ASW,CE,Towers with Radar,0,6,52,7,65,0,0,102,0,102,0,6,154,7,167,256,10,266,433
02/27/2004,GGG,TX,ASW,CE,Towers with Radar,0,7,47,5,59,0,0,116,1,117,0,7,163,6,176,270,4,274,450
02/28/2004,GGG,TX,ASW,CE,Towers with Radar,0,6,27,4,37,0,0,203,0,203,0,6,230,4,240,284,0,284,524
02/29/2004,GGG,TX,ASW,CE,Towers with Radar,0,8,25,0,33,0,0,0,0,0,0,8,25,0,33,0,0,0,33
03/01/2004,GGG,TX,ASW,CE,Towers with Radar,0,6,34,13,53,0,0,83,2,85,0,6,117,15,138,272,50,322,460
03/02/2004,GGG,TX,ASW,CE,Towers with Radar,0,9,44,5,58,0,0,60,0,60,0,9,104,5,118,236,2,238,356
03/03/2004,GGG,TX,ASW,CE,Towers with Radar,0,10,46,0,56,0,0,38,0,38,0,10,84,0,94,200,0,200,294
03/04/2004,GGG,TX,ASW,CE,Towers with Radar,2,6,36,0,44,0,0,16,0,16,2,6,52,0,60,114,0,114,174
03/05/2004,GGG,TX,ASW,CE,Towers with Radar,0,6,43,7,56,0,0,109,0,109,0,6,152,7,165,422,14,436,601
03/06/2004,GGG,TX,ASW,CE,Towers with Radar,0,8,40,1,49,0,0,110,2,112,0,8,150,3,161,398,2,400,561
03/07/2004,GGG,TX,ASW,CE,Towers with Radar,0,7,12,0,19,0,0,29,0,29,0,7,41,0,48,80,0,80,128
03/08/2004,GGG,TX,ASW,CE,Towers with Radar,0,6,29,7,42,0,0,74,0,74,0,6,103,7,116,408,12,420,536
03/09/2004,GGG,TX,ASW,CE,Towers with Radar,0,6,36,6,48,0,0,92,0,92,0,6,128,6,140,374,34,408,548
03/10/2004,GGG,TX,ASW,CE,Towers with Radar,0,7,46,13,66,0,0,94,0,94,0,7,140,13,160,422,16,438,598
03/11/2004,GGG,TX,ASW,CE,Towers with Radar,0,6,46,12,64,0,0,93,0,93,0,6,139,12,157,366,24,390,547
03/12/2004,GGG,TX,ASW,CE,Towers with Radar,0,9,45,7,61,0,0,67,0,67,0,9,112,7,128,396,26,422,550
03/13/2004,GGG,TX,ASW,CE,Towers with Radar,0,6,34,0,40,0,0,16,0,16,0,6,50,0,56,112,0,112,168
03/14/2004,GGG,TX,ASW,CE,Towers with Radar,0,6,17,3,26,0,0,4,0,4,0,6,21,3,30,38,0,38,68
03/15/2004,GGG,TX,ASW,CE,Towers with Radar,0,5,46,10,61,0,0,23,0,23,0,5,69,10,84,82,0,82,166
03/16/2004,GGG,TX,ASW,CE,Towers with Radar,0,6,41,5,52,0,0,105,1,106,0,6,146,6,158,406,38,444,602
03/17/2004,GGG,TX,ASW,CE,Towers with Radar,0,6,66,9,81,0,0,102,0,102,0,6,168,9,183,470,44,514,697
03/18/2004,GGG,TX,ASW,CE,Towers with Radar,0,6,50,16,72,0,0,80,1,81,0,6,130,17,153,396,38,434,587
03/19/2004,GGG,TX,ASW,CE,Towers with Radar,0,6,61,11,78,0,0,37,1,38,0,6,98,12,116,132,10,142,258
03/20/2004,GGG,TX,ASW,CE,Towers with Radar,0,6,16,2,24,0,0,60,0,60,0,6,76,2,84,130,0,130,214
03/21/2004,GGG,TX,ASW,CE,Towers with Radar,0,8,17,0,25,0,0,20,0,20,0,8,37,0,45,10,0,10,55
03/22/2004,GGG,TX,ASW,CE,Towers with Radar,0,6,54,0,60,0,0,66,0,66,0,6,120,0,126,182,0,182,308
03/23/2004,GGG,TX,ASW,CE,Towers with Radar,0,6,45,13,64,0,0,60,0,60,0,6,105,13,124,420,26,446,570
03/24/2004,GGG,TX,ASW,CE,Towers with Radar,0,9,78,6,93,0,0,18,0,18,0,9,96,6,111,152,12,164,275
03/25/2004,GGG,TX,ASW,CE,Towers with Radar,0,8,60,7,75,0,0,50,4,54,0,8,110,11,129,192,42,234,363
03/26/2004,GGG,TX,ASW,CE,Towers with Radar,0,8,80,15,103,0,0,30,0,30,0,8,110,15,133,198,16,214,347
03/27/2004,GGG,TX,ASW,CE,Towers with Radar,0,7,69,6,82,0,0,41,0,41,0,7,110,6,123,126,6,132,255
03/28/2004,GGG,TX,ASW,CE,Towers with Radar,0,5,4,0,9,0,0,13,0,13,0,5,17,0,22,8,0,8,30
03/29/2004,GGG,TX,ASW,CE,Towers with Radar,0,8,36,5,49,0,0,80,0,80,0,8,116,5,129,152,0,152,281
03/30/2004,GGG,TX,ASW,CE,Towers with Radar,0,7,63,5,75,0,0,109,0,109,0,7,172,5,184,168,10,178,362
03/31/2004,GGG,TX,ASW,CE,Towers with Radar,0,17,54,5,76,0,0,123,0,123,0,17,177,5,199,236,6,242,441
04/01/2004,GGG,TX,ASW,CE,Towers with Radar,0,6,61,2,69,0,0,129,0,129,0,6,190,2,198,322,2,324,522
04/02/2004,GGG,TX,ASW,CE,Towers with Radar,0,5,48,4,57,0,0,106,2,108,0,5,154,6,165,234,54,288,453
04/03/2004,GGG,TX,ASW,CE,Towers with Radar,0,6,31,4,41,0,0,77,2,79,0,6,108,6,120,202,12,214,334
04/04/2004,GGG,TX,ASW,CE,Towers with Radar,0,12,17,1,30,0,0,42,0,42,0,12,59,1,72,36,0,36,108
04/05/2004,GGG,TX,ASW,CE,Towers with Radar,2,6,39,7,54,0,0,76,0,76,2,6,115,7,130,300,4,304,434
04/06/2004,GGG,TX,ASW,CE,Towers with Radar,0,6,29,0,35,0,0,54,0,54,0,6,83,0,89,242,0,242,331
04/07/2004,GGG,TX,ASW,CE,Towers with Radar,0,7,54,7,68,0,0,21,0,21,0,7,75,7,89,84,0,84,173
04/08/2004,GGG,TX,ASW,CE,Towers with Radar,0,10,44,9,63,0,0,110,0,110,0,10,154,9,173,218,0,218,391
04/09/2004,GGG,TX,ASW,CE,Towers with Radar,0,7,30,1,38,0,0,39,0,39,0,7,69,1,77,24,0,24,101
04/10/2004,GGG,TX,ASW,CE,Towers with Radar,0,7,26,0,33,0,0,47,0,47,0,7,73,0,80,120,0,120,200
04/11/2004,GGG,TX,ASW,CE,Towers with Radar,0,6,13,0,19,0,0,0,0,0,0,6,13,0,19,0,0,0,19
04/12/2004,GGG,TX,ASW,CE,Towers with Radar,0,6,42,0,48,0,0,1,0,1,0,6,43,0,49,0,0,0,49
04/13/2004,GGG,TX,ASW,CE,Towers with Radar,0,6,46,8,60,0,0,82,0,82,0,6,128,8,142,278,34,312,454
04/14/2004,GGG,TX,ASW,CE,Towers with Radar,0,6,46,2,54,0,1,107,0,108,0,7,153,2,162,276,0,276,438
04/15/2004,GGG,TX,ASW,CE,Towers with Radar,0,6,55,0,61,0,0,96,0,96,0,6,151,0,157,222,0,222,379
04/16/2004,GGG,TX,ASW,CE,Towers with Radar,0,5,68,6,79,0,0,93,1,94,0,5,161,7,173,182,0,182,355
04/17/2004,GGG,TX,ASW,CE,Towers with Radar,0,9,38,7,54,0,2,85,0,87,0,11,123,7,141,160,0,160,301
04/18/2004,GGG,TX,ASW,CE,Towers with Radar,0,7,16,5,28,0,0,18,0,18,0,7,34,5,46,6,2,8,54
04/19/2004,GGG,TX,ASW,CE,Towers with Radar,0,8,42,0,50,0,0,48,0,48,0,8,90,0,98,172,0,172,270
04/20/2004,GGG,TX,ASW,CE,Towers with Radar,0,5,68,4,77,0,0,50,0,50,0,5,118,4,127,282,30,312,439
04/21/2004,GGG,TX,ASW,CE,Towers with Radar,0,6,70,4,80,0,0,44,0,44,0,6,114,4,124,186,8,194,318
04/22/2004,GGG,TX,ASW,CE,Towers with Radar,0,7,31,20,58,0,0,60,2,62,0,7,91,22,120,192,16,208,328
04/23/2004,GGG,TX,ASW,CE,Towers with Radar,0,7,51,10,68,0,0,47,0,47,0,7,98,10,115,84,16,100,215
04/24/2004,GGG,TX,ASW,CE,Towers with Radar,0,6,8,0,14,0,0,15,0,15,0,6,23,0,29,44,0,44,73
04/25/2004,GGG,TX,ASW,CE,Towers with Radar,0,7,12,0,19,0,0,0,0,0,0,7,12,0,19,0,0,0,19
04/26/2004,GGG,TX,ASW,CE,Towers with Radar,0,6,34,0,40,0,0,58,0,58,0,6,92,0,98,186,0,186,284
04/27/2004,GGG,TX,ASW,CE,Towers with Radar,0,6,44,17,67,0,0,107,2,109,0,6,151,19,176,240,60,300,476
04/28/2004,GGG,TX,ASW,CE,Towers with Radar,0,7,56,12,75,0,0,68,4,72,0,7,124,16,147,196,54,250,397
04/29/2004,GGG,TX,ASW,CE,Towers with Radar,0,6,55,25,86,0,0,23,0,23,0,6,78,25,109,34,10,44,153
04/30/2004,GGG,TX,ASW,CE,Towers with Radar,0,7,56,12,75,0,0,30,2,32,0,7,86,14,107,116,40,156,263
05/01/2004,GGG,TX,ASW,CE,Towers with Radar,0,5,13,0,18,0,0,0,0,0,0,5,13,0,18,0,0,0,18
05/02/2004,GGG,TX,ASW,CE,Towers with Radar,0,6,30,8,44,0,0,42,5,47,0,6,72,13,91,42,8,50,141
05/03/2004,GGG,TX,ASW,CE,Towers with Radar,0,8,38,7,53,0,0,67,0,67,0,8,105,7,120,202,6,208,328
05/04/2004,GGG,TX,ASW,CE,Towers with Radar,0,5,30,2,37,0,0,94,0,94,0,5,124,2,131,142,2,144,275
05/05/2004,GGG,TX,ASW,CE,Towers with Radar,0,7,52,0,59,0,0,88,0,88,0,7,140,0,147,250,0,250,397
05/06/2004,GGG,TX,ASW,CE,Towers with Radar,0,5,34,0,39,0,0,95,0,95,0,5,129,0,134,316,0,316,450
05/07/2004,GGG,TX,ASW,CE,Towers with Radar,0,7,54,1,62,0,0,99,0,99,0,7,153,1,161,218,0,218,379
05/08/2004,GGG,TX,ASW,CE,Towers with Radar,2,5,28,0,35,0,0,38,1,39,2,5,66,1,74,126,0,126,200
05/09/2004,GGG,TX,ASW,CE,Towers with Radar,0,6,17,0,23,0,0,41,0,41,0,6,58,0,64,34,0,34,98
05/10/2004,GGG,TX,ASW,CE,Towers with Radar,0,6,41,23,70,0,0,48,0,48,0,6,89,23,118,156,36,192,310
05/11/2004,GGG,TX,ASW,CE,Towers with Radar,0,6,60,0,66,0,0,40,0,40,0,6,100,0,106,90,0,90,196
05/12/2004,GGG,TX,ASW,CE,Towers with Radar,0,9,44,0,53,0,0,21,0,21,0,9,65,0,74,80,0,80,154
05/13/2004,GGG,TX,ASW,CE,Towers with Radar,0,5,24,0,29,0,0,5,0,5,0,5,29,0,34,24,0,24,58
05/14/2004,GGG,TX,ASW,CE,Towers with Radar,0,9,61,6,76,0,0,37,0,37,0,9,98,6,113,34,0,34,147
05/15/2004,GGG,TX,ASW,CE,Towers with Radar,0,7,42,0,49,0,0,43,0,43,0,7,85,0,92,84,0,84,176
05/16/2004,GGG,TX,ASW,CE,Towers with Radar,0,7,28,9,44,0,0,36,0,36,0,7,64,9,80,101,0,101,181
05/17/2004,GGG,TX,ASW,CE,Towers with Radar,0,7,53,6,66,0,1,49,2,52,0,8,102,8,118,136,34,170,288
05/18/2004,GGG,TX,ASW,CE,Towers with Radar,0,5,55,19,79,0,0,64,4,68,0,5,119,23,147,162,94,256,403
05/19/2004,GGG,TX,ASW,CE,Towers with Radar,0,10,40,16,66,0,0,67,1,68,0,10,107,17,134,172,72,244,378
05/20/2004,GGG,TX,ASW,CE,Towers with Radar,0,13,30,21,64,0,0,55,0,55,0,13,85,21,119,130,12,142,261
05/21/2004,GGG,TX,ASW,CE,Towers with Radar,0,7,22,4,33,0,0,31,0,31,0,7,53,4,64,6,0,6,70
05/22/2004,GGG,TX,ASW,CE,Towers with Radar,0,7,14,4,25,0,0,49,0,49,0,7,63,4,74,100,16,116,190
05/23/2004,GGG,TX,ASW,CE,Towers with Radar,0,6,9,1,16,0,0,12,0,12,0,6,21,1,28,18,0,18,46
05/24/2004,GGG,TX,ASW,CE,Towers with Radar,0,9,55,10,74,0,0,60,0,60,0,9,115,10,134,268,8,276,410
05/25/2004,GGG,TX,ASW,CE,Towers with Radar,0,9,52,4,65,0,0,55,1,56,0,9,107,5,121,218,4,222,343
05/26/2004,GGG,TX,ASW,CE,Towers with Radar,0,6,50,0,56,0,0,66,0,66,0,6,116,0,122,210,0,210,332
05/27/2004,GGG,TX,ASW,CE,Towers with Radar,4,7,40,0,51,0,0,55,0,55,4,7,95,0,106,128,0,128,234
05/28/2004,GGG,TX,ASW,CE,Towers with Radar,0,7,42,0,49,0,0,62,0,62,0,7,104,0,111,230,0,230,341
05/29/2004,GGG,TX,ASW,CE,Towers with Radar,0,7,16,0,23,0,0,19,0,19,0,7,35,0,42,12,0,12,54
05/30/2004,GGG,TX,ASW,CE,Towers with Radar,0,5,20,0,25,0,0,13,0,13,0,5,33,0,38,0,0,0,38
05/31/2004,GGG,TX,ASW,CE,Towers with Radar,0,9,16,0,25,0,0,50,0,50,0,9,66,0,75,80,0,80,155
06/01/2004,GGG,TX,ASW,CE,Towers with Radar,0,6,28,0,34,0,2,37,0,39,0,8,65,0,73,112,0,112,185
06/02/2004,GGG,TX,ASW,CE,Towers with Radar,0,6,28,2,36,0,0,42,11,53,0,6,70,13,89,74,32,106,195
06/03/2004,GGG,TX,ASW,CE,Towers with Radar,0,8,36,1,45,0,1,48,0,49,0,9,84,1,94,130,0,130,224
06/04/2004,GGG,TX,ASW,CE,Towers with Radar,0,6,31,2,39,0,0,52,4,56,0,6,83,6,95,148,0,148,243
06/05/2004,GGG,TX,ASW,CE,Towers with Radar,0,5,24,2,31,0,0,12,0,12,0,5,36,2,43,0,0,0,43
06/06/2004,GGG,TX,ASW,CE,Towers with Radar,0,5,24,2,31,0,3,11,2,16,0,8,35,4,47,12,0,12,59
06/07/2004,GGG,TX,ASW,CE,Towers with Radar,0,5,24,0,29,0,3,37,0,40,0,8,61,0,69,120,0,120,189
06/08/2004,GGG,TX,ASW,CE,Towers with Radar,0,4,22,0,26,0,1,3,0,4,0,5,25,0,30,20,0,20,50
06/09/2004,GGG,TX,ASW,CE,Towers with Radar,0,11,47,4,62,2,1,34,7,44,2,12,81,11,106,92,10,102,208
06/10/2004,GGG,TX,ASW,CE,Towers with Radar,0,6,39,3,48,0,0,45,0,45,0,6,84,3,93,118,4,122,215
06/11/2004,GGG,TX,ASW,CE,Towers with Radar,0,9,40,2,51,0,0,32,0,32,0,9,72,2,83,138,0,138,221
06/12/2004,GGG,TX,ASW,CE,Towers with Radar,0,7,28,0,35,0,0,38,0,38,0,7,66,0,73,64,0,64,137
06/13/2004,GGG,TX,ASW,CE,Towers with Radar,0,8,32,1,41,2,0,0,0,2,2,8,32,1,43,6,0,6,49
06/14/2004,GGG,TX,ASW,CE,Towers with Radar,0,6,38,3,47,0,0,49,12,61,0,6,87,15,108,180,42,222,330
06/15/2004,GGG,TX,ASW,CE,Towers with Radar,0,7,26,0,33,0,1,34,0,35,0,8,60,0,68,122,0,122,190
06/16/2004,GGG,TX,ASW,CE,Towers with Radar,0,7,49,1,57,0,0,75,0,75,0,7,124,1,132,138,0,138,270
06/17/2004,GGG,TX,ASW,CE,Towers with Radar,0,10,46,0,56,0,0,59,0,59,0,10,105,0,115,138,0,138,253
06/18/2004,GGG,TX,ASW,CE,Towers with Radar,0,6,44,0,50,0,0,38,0,38,0,6,82,0,88,62,0,62,150
06/19/2004,GGG,TX,ASW,CE,Towers with Radar,0,6,31,0,37,2,2,61,0,65,2,8,92,0,102,122,0,122,224
06/20/2004,GGG,TX,ASW,CE,Towers with Radar,0,5,20,3,28,0,3,0,3,6,0,8,20,6,34,12,10,22,56
06/21/2004,GGG,TX,ASW,CE,Towers with Radar,0,7,36,4,47,0,0,53,1,54,0,7,89,5,101,104,12,116,217
06/22/2004,GGG,TX,ASW,CE,Towers with Radar,0,6,30,0,36,0,0,15,0,15,0,6,45,0,51,52,0,52,103
06/23/2004,GGG,TX,ASW,CE,Towers with Radar,0,7,47,5,59,0,0,38,16,54,0,7,85,21,113,58,18,76,189
06/24/2004,GGG,TX,ASW,CE,Towers with Radar,0,8,44,0,52,0,0,17,0,17,0,8,61,0,69,94,0,94,163
06/25/2004,GGG,TX,ASW,CE,Towers with Radar,0,7,38,1,46,0,0,23,0,23,0,7,61,1,69,94,8,102,171
06/26/2004,GGG,TX,ASW,CE,Towers with Radar,0,5,23,3,31,0,6,0,1,7,0,11,23,4,38,12,28,40,78
06/27/2004,GGG,TX,ASW,CE,Towers with Radar,0,3,13,0,16,0,4,0,0,4,0,7,13,0,20,0,0,0,20
06/28/2004,GGG,TX,ASW,CE,Towers with Radar,0,6,39,0,45,0,0,49,0,49,0,6,88,0,94,136,0,136,230
06/29/2004,GGG,TX,ASW,CE,Towers with Radar,0,7,35,0,42,2,2,11,0,15,2,9,46,0,57,74,0,74,131
06/30/2004,GGG,TX,ASW,CE,Towers with Radar,0,7,45,0,52,0,0,25,0,25,0,7,70,0,77,28,0,28,105
07/01/2004,GGG,TX,ASW,CE,Towers with Radar,0,6,31,5,42,0,0,43,0,43,0,6,74,5,85,146,0,146,231
07/02/2004,GGG,TX,ASW,CE,Towers with Radar,0,7,43,8,58,0,0,96,0,96,0,7,139,8,154,114,18,132,286
07/03/2004,GGG,TX,ASW,CE,Towers with Radar,0,5,24,0,29,0,2,15,0,17,0,7,39,0,46,28,0,28,74
07/04/2004,GGG,TX,ASW,CE,Towers with Radar,0,2,11,0,13,0,1,19,0,20,0,3,30,0,33,36,0,36,69
07/05/2004,GGG,TX,ASW,CE,Towers with Radar,0,5,29,0,34,0,0,29,0,29,0,5,58,0,63,114,0,114,177
07/06/2004,GGG,TX,ASW,CE,Towers with Radar,0,8,37,2,47,0,0,76,0,76,0,8,113,2,123,182,0,182,305
07/07/2004,GGG,TX,ASW,CE,Towers with Radar,0,9,37,7,53,0,0,75,1,76,0,9,112,8,129,166,66,232,361
07/08/2004,GGG,TX,ASW,CE,Towers with Radar,0,7,36,3,46,0,0,92,0,92,0,7,128,3,138,144,48,192,330
07/09/2004,GGG,TX,ASW,CE,Towers with Radar,0,10,46,9,65,0,0,55,14,69,0,10,101,23,134,82,138,220,354
07/10/2004,GGG,TX,ASW,CE,Towers with Radar,0,6,31,6,43,0,0,27,24,51,0,6,58,30,94,82,22,104,198
07/11/2004,GGG,TX,ASW,CE,Towers with Radar,0,7,31,6,44,0,0,3,37,40,0,7,34,43,84,0,30,30,114
07/12/2004,GGG,TX,ASW,CE,Towers with Radar,0,6,30,5,41,0,0,57,0,57,0,6,87,5,98,110,10,120,218
07/13/2004,GGG,TX,ASW,CE,Towers with Radar,0,5,33,7,45,0,0,52,4,56,0,5,85,11,101,78,16,94,195
07/14/2004,GGG,TX,ASW,CE,Towers with Radar,0,5,28,0,33,0,0,82,0,82,0,5,110,0,115,168,0,168,283
07/15/2004,GGG,TX,ASW,CE,Towers with Radar,0,6,27,0,33,0,0,73,0,73,0,6,100,0,106,234,0,234,340
07/16/2004,GGG,TX,ASW,CE,Towers with Radar,0,7,34,7,48,0,2,74,2,78,0,9,108,9,126,150,26,176,302
07/17/2004,GGG,TX,ASW,CE,Towers with Radar,0,5,20,0,25,0,0,25,0,25,0,5,45,0,50,74,0,74,124
07/18/2004,GGG,TX,ASW,CE,Towers with Radar,0,5,25,0,30,0,0,32,0,32,0,5,57,0,62,10,0,10,72
07/19/2004,GGG,TX,ASW,CE,Towers with Radar,0,5,25,2,32,0,2,56,0,58,0,7,81,2,90,116,0,116,206
07/20/2004,GGG,TX,ASW,CE,Towers with Radar,0,5,27,0,32,0,4,38,0,42,0,9,65,0,74,138,0,138,212
07/21/2004,GGG,TX,ASW,CE,Towers with Radar,0,8,38,8,54,0,1,60,0,61,0,9,98,8,115,206,20,226,341
07/22/2004,GGG,TX,ASW,CE,Towers with Radar,0,6,36,5,47,0,0,44,0,44,0,6,80,5,91,126,2,128,219
07/23/2004,GGG,TX,ASW,CE,Towers with Radar,0,6,34,7,47,0,0,49,4,53,0,6,83,11,100,174,4,178,278
07/24/2004,GGG,TX,ASW,CE,Towers with Radar,0,5,27,6,38,0,1,47,3,51,0,6,74,9,89,194,20,214,303
07/25/2004,GGG,TX,ASW,CE,Towers with Radar,0,5,26,0,31,0,1,15,0,16,0,6,41,0,47,42,0,42,89
07/26/2004,GGG,TX,ASW,CE,Towers with Radar,0,7,37,4,48,0,0,5,0,5,0,7,42,4,53,8,14,22,75
07/27/2004,GGG,TX,ASW,CE,Towers with Radar,0,8,35,7,50,0,0,43,1,44,0,8,78,8,94,50,18,68,162
07/28/2004,GGG,TX,ASW,CE,Towers with Radar,0,7,36,7,50,0,0,34,0,34,0,7,70,7,84,124,2,126,210
07/29/2004,GGG,TX,ASW,CE,Towers with Radar,0,7,29,5,41,0,0,9,2,11,0,7,38,7,52,42,0,42,94
07/30/2004,GGG,TX,ASW,CE,Towers with Radar,0,7,35,6,48,0,0,0,3,3,0,7,35,9,51,36,16,52,103
07/31/2004,GGG,TX,ASW,CE,Towers with Radar,0,5,21,2,28,0,2,16,0,18,0,7,37,2,46,52,0,52,98
08/01/2004,GGG,TX,ASW,CE,Towers with Radar,0,4,18,5,27,0,0,12,1,13,0,4,30,6,40,40,0,40,80
08/02/2004,GGG,TX,ASW,CE,Towers with Radar,0,6,22,1,29,0,0,21,0,21,0,6,43,1,50,70,0,70,120
08/03/2004,GGG,TX,ASW,CE,Towers with Radar,0,6,25,6,37,0,0,20,0,20,0,6,45,6,57,100,8,108,165
08/04/2004,GGG,TX,ASW,CE,Towers with Radar,0,8,28,7,43,0,3,22,5,30,0,11,50,12,73,50,28,78,151
08/05/2004,GGG,TX,ASW,CE,Towers with Radar,0,6,30,7,43,0,0,36,0,36,0,6,66,7,79,90,2,92,171
08/06/2004,GGG,TX,ASW,CE,Towers with Radar,0,5,24,4,33,0,0,36,0,36,0,5,60,4,69,36,16,52,121
08/07/2004,GGG,TX,ASW,CE,Towers with Radar,0,6,20,0,26,0,3,43,0,46,0,9,63,0,72,73,0,73,145
08/08/2004,GGG,TX,ASW,CE,Towers with Radar,0,5,26,7,38,0,0,18,30,48,0,5,44,37,86,44,28,72,158
08/09/2004,GGG,TX,ASW,CE,Towers with Radar,0,6,27,7,40,0,0,12,3,15,0,6,39,10,55,30,24,54,109
08/10/2004,GGG,TX,ASW,CE,Towers with Radar,0,6,33,4,43,0,0,39,0,39,0,6,72,4,82,76,0,76,158
08/11/2004,GGG,TX,ASW,CE,Towers with Radar,0,7,30,3,40,0,0,16,0,16,0,7,46,3,56,58,0,58,114
08/12/2004,GGG,TX,ASW,CE,Towers with Radar,0,7,27,8,42,0,2,26,0,28,0,9,53,8,70,70,28,98,168
08/13/2004,GGG,TX,ASW,CE,Towers with Radar,0,6,25,0,31,0,3,50,0,53,0,9,75,0,84,80,0,80,164
08/14/2004,GGG,TX,ASW,CE,Towers with Radar,0,4,17,0,21,0,2,24,0,26,0,6,41,0,47,6,0,6,53
08/15/2004,GGG,TX,ASW,CE,Towers with Radar,0,5,19,6,30,0,3,35,4,42,0,8,54,10,72,18,18,36,108
08/16/2004,GGG,TX,ASW,CE,Towers with Radar,0,5,23,2,30,0,1,17,0,18,0,6,40,2,48,108,28,136,184
08/17/2004,GGG,TX,ASW,CE,Towers with Radar,0,6,25,0,31,0,0,16,0,16,0,6,41,0,47,60,0,60,107
08/18/2004,GGG,TX,ASW,CE,Towers with Radar,0,8,35,8,51,0,0,55,0,55,0,8,90,8,106,174,62,236,342
08/19/2004,GGG,TX,ASW,CE,Towers with Radar,0,6,27,6,39,0,2,22,2,26,0,8,49,8,65,108,28,136,201
08/20/2004,GGG,TX,ASW,CE,Towers with Radar,0,8,35,0,43,0,0,41,0,41,0,8,76,0,84,236,0,236,320
08/21/2004,GGG,TX,ASW,CE,Towers with Radar,0,6,26,6,38,0,3,43,1,47,0,9,69,7,85,82,0,82,167
08/22/2004,GGG,TX,ASW,CE,Towers with Radar,0,4,20,0,24,0,1,2,0,3,0,5,22,0,27,8,0,8,35
08/23/2004,GGG,TX,ASW,CE,Towers with Radar,0,5,23,0,28,0,2,14,0,16,0,7,37,0,44,11,0,11,55
08/24/2004,GGG,TX,ASW,CE,Towers with Radar,0,5,31,9,45,0,0,33,2,35,0,5,64,11,80,46,0,46,126
08/25/2004,GGG,TX,ASW,CE,Towers with Radar,0,6,36,9,51,0,0,38,9,47,0,6,74,18,98,72,8,80,178
08/26/2004,GGG,TX,ASW,CE,Towers with Radar,0,6,40,5,51,0,0,58,0,58,0,6,98,5,109,196,4,200,309
08/27/2004,GGG,TX,ASW,CE,Towers with Radar,0,7,29,7,43,0,1,52,2,55,0,8,81,9,98,128,14,142,240
08/28/2004,GGG,TX,ASW,CE,Towers with Radar,0,5,23,5,33,0,1,3,1,5,0,6,26,6,38,46,0,46,84
08/29/2004,GGG,TX,ASW,CE,Towers with Radar,0,4,20,5,29,0,2,12,3,17,0,6,32,8,46,68,24,92,138
08/30/2004,GGG,TX,ASW,CE,Towers with Radar,0,6,29,7,42,0,0,40,9,49,0,6,69,16,91,220,54,274,365
08/31/2004,GGG,TX,ASW,CE,Towers with Radar,0,7,30,7,44,0,1,37,6,44,0,8,67,13,88,166,10,176,264
09/01/2004,GGG,TX,ASW,CE,Towers with Radar,0,6,25,1,32,0,0,38,0,38,0,6,63,1,70,100,0,100,170
09/02/2004,GGG,TX,ASW,CE,Towers with Radar,0,5,30,3,38,0,0,12,0,12,0,5,42,3,50,152,0,152,202
09/03/2004,GGG,TX,ASW,CE,Towers with Radar,0,7,35,0,42,0,0,36,0,36,0,7,71,0,78,116,0,116,194
09/04/2004,GGG,TX,ASW,CE,Towers with Radar,0,4,22,0,26,0,0,32,0,32,0,4,54,0,58,112,0,112,170
09/05/2004,GGG,TX,ASW,CE,Towers with Radar,0,4,17,0,21,0,0,3,0,3,0,4,20,0,24,64,0,64,88
09/06/2004,GGG,TX,ASW,CE,Towers with Radar,0,7,20,0,27,0,1,51,0,52,0,8,71,0,79,200,0,200,279
09/07/2004,GGG,TX,ASW,CE,Towers with Radar,0,8,28,6,42,0,0,87,1,88,0,8,115,7,130,162,62,224,354
09/08/2004,GGG,TX,ASW,CE,Towers with Radar,0,8,32,7,47,0,0,67,10,77,0,8,99,17,124,116,6,122,246
09/09/2004,GGG,TX,ASW,CE,Towers with Radar,0,8,30,6,44,0,2,79,4,85,0,10,109,10,129,246,76,322,451
09/10/2004,GGG,TX,ASW,CE,Towers with Radar,0,6,32,7,45,0,0,66,22,88,0,6,98,29,133,240,56,296,429
09/11/2004,GGG,TX,ASW,CE,Towers with Radar,0,6,22,4,32,0,2,64,0,66,0,8,86,4,98,110,10,120,218
09/12/2004,GGG,TX,ASW,CE,Towers with Radar,0,6,22,5,33,0,2,25,4,31,0,8,47,9,64,44,0,44,108
09/13/2004,GGG,TX,ASW,CE,Towers with Radar,0,5,25,0,30,0,0,68,0,68,0,5,93,0,98,170,0,170,268
09/14/2004,GGG,TX,ASW,CE,Towers with Radar,0,8,33,0,41,0,0,59,0,59,0,8,92,0,100,92,0,92,192
09/15/2004,GGG,TX,ASW,CE,Towers with Radar,0,6,33,8,47,0,0,104,0,104,0,6,137,8,151,252,24,276,427
09/16/2004,GGG,TX,ASW,CE,Towers with Radar,0,6,28,7,41,0,0,78,12,90,0,6,106,19,131,112,106,218,349
09/17/2004,GGG,TX,ASW,CE,Towers with Radar,0,6,27,7,40,0,0,80,4,84,0,6,107,11,124,126,22,148,272
09/18/2004,GGG,TX,ASW,CE,Towers with Radar,0,5,22,5,32,0,1,75,6,82,0,6,97,11,114,102,62,164,278
09/19/2004,GGG,TX,ASW,CE,Towers with Radar,0,4,20,2,26,0,2,18,0,20,0,6,38,2,46,24,6,30,76
09/20/2004,GGG,TX,ASW,CE,Towers with Radar,0,6,25,6,37,1,3,86,8,98,1,9,111,14,135,128,28,156,291
09/21/2004,GGG,TX,ASW,CE,Towers with Radar,0,8,34,0,42,0,2,103,0,105,0,10,137,0,147,228,0,228,375
09/22/2004,GGG,TX,ASW,CE,Towers with Radar,0,9,38,9,56,0,0,84,4,88,0,9,122,13,144,232,72,304,448
09/23/2004,GGG,TX,ASW,CE,Towers with Radar,0,8,36,9,53,0,3,52,3,58,0,11,88,12,111,212,28,240,351
09/24/2004,GGG,TX,ASW,CE,Towers with Radar,0,5,25,0,30,0,0,0,0,0,0,5,25,0,30,0,0,0,30
09/25/2004,GGG,TX,ASW,CE,Towers with Radar,0,4,20,0,24,0,2,40,0,42,0,6,60,0,66,158,0,158,224
09/26/2004,GGG,TX,ASW,CE,Towers with Radar,0,5,22,0,27,0,1,27,0,28,0,6,49,0,55,42,0,42,97
09/27/2004,GGG,TX,ASW,CE,Towers with Radar,0,6,31,8,45,0,0,93,5,98,0,6,124,13,143,158,44,202,345
09/28/2004,GGG,TX,ASW,CE,Towers with Radar,0,8,36,8,52,0,1,79,18,98,0,9,115,26,150,228,34,262,412
09/29/2004,GGG,TX,ASW,CE,Towers with Radar,0,6,33,0,39,0,0,117,0,117,0,6,150,0,156,252,0,252,408
09/30/2004,GGG,TX,ASW,CE,Towers with Radar,0,6,34,0,40,0,0,89,0,89,0,6,123,0,129,248,0,248,377
10/01/2004,GGG,TX,ASW,CE,Combined TRACON& Tower with Radar,0,12,38,0,50,0,0,71,0,71,0,12,109,0,121,304,0,304,425
10/02/2004,GGG,TX,ASW,CE,Combined TRACON& Tower with Radar,0,6,31,4,41,0,0,22,0,22,0,6,53,4,63,64,0,64,127
10/03/2004,GGG,TX,ASW,CE,Combined TRACON& Tower with Radar,0,7,24,3,34,0,0,30,0,30,0,7,54,3,64,0,0,0,64
10/04/2004,GGG,TX,ASW,CE,Combined TRACON& Tower with Radar,0,3,8,0,11,0,0,8,0,8,0,3,16,0,19,64,0,64,83
10/05/2004,GGG,TX,ASW,CE,Combined TRACON& Tower with Radar,0,7,41,21,69,0,0,0,0,0,0,7,41,21,69,374,14,388,457
10/06/2004,GGG,TX,ASW,CE,Combined TRACON& Tower with Radar,0,8,51,52,111,0,0,86,0,86,0,8,137,52,197,326,58,384,581
10/07/2004,GGG,TX,ASW,CE,Combined TRACON& Tower with Radar,0,8,48,0,56,0,0,25,0,25,0,8,73,0,81,230,0,230,311
10/08/2004,GGG,TX,ASW,CE,Combined TRACON& Tower with Radar,0,9,44,12,65,0,0,4,0,4,0,9,48,12,69,10,0,10,79
10/09/2004,GGG,TX,ASW,CE,Combined TRACON& Tower with Radar,0,6,49,0,55,0,0,0,0,0,0,6,49,0,55,0,0,0,55
10/10/2004,GGG,TX,ASW,CE,Combined TRACON& Tower with Radar,0,6,18,0,24,0,0,0,0,0,0,6,18,0,24,0,0,0,24
10/11/2004,GGG,TX,ASW,CE,Combined TRACON& Tower with Radar,0,6,42,3,51,0,0,12,0,12,0,6,54,3,63,144,0,144,207
10/12/2004,GGG,TX,ASW,CE,Combined TRACON& Tower with Radar,0,6,50,27,83,0,0,57,1,58,0,6,107,28,141,348,38,386,527
10/13/2004,GGG,TX,ASW,CE,Combined TRACON& Tower with Radar,0,6,55,6,67,0,0,89,1,90,0,6,144,7,157,316,38,354,511
10/14/2004,GGG,TX,ASW,CE,Combined TRACON& Tower with Radar,0,7,32,2,41,0,0,0,0,0,0,7,32,2,41,288,0,288,329
10/15/2004,GGG,TX,ASW,CE,Combined TRACON& Tower with Radar,0,6,34,17,57,0,0,103,2,105,0,6,137,19,162,372,36,408,570
10/16/2004,GGG,TX,ASW,CE,Combined TRACON& Tower with Radar,0,6,30,21,57,0,0,83,5,88,0,6,113,26,145,134,40,174,319
10/17/2004,GGG,TX,ASW,CE,Combined TRACON& Tower with Radar,0,7,20,0,27,0,0,22,0,22,0,7,42,0,49,12,4,16,65
10/18/2004,GGG,TX,ASW,CE,Combined TRACON& Tower with Radar,0,6,40,3,49,0,0,37,0,37,0,6,77,3,86,64,0,64,150
10/19/2004,GGG,TX,ASW,CE,Combined TRACON& Tower with Radar,0,6,66,5,77,0,0,0,0,0,0,6,66,5,77,270,18,288,365
10/20/2004,GGG,TX,ASW,CE,Combined TRACON& Tower with Radar,0,7,49,21,77,0,0,48,0,48,0,7,97,21,125,169,27,196,321
10/21/2004,GGG,TX,ASW,CE,Combined TRACON& Tower with Radar,0,10,66,16,92,0,0,63,0,63,0,10,129,16,155,310,92,402,557
10/22/2004,GGG,TX,ASW,CE,Combined TRACON& Tower with Radar,0,7,63,10,80,0,0,66,1,67,0,7,129,11,147,344,4,348,495
10/23/2004,GGG,TX,ASW,CE,Combined TRACON& Tower with Radar,0,6,36,9,51,0,0,30,0,30,0,6,66,9,81,166,6,172,253
10/25/2004,GGG,TX,ASW,CE,Combined TRACON& Tower with Radar,0,6,40,0,46,0,0,27,0,27,0,6,67,0,73,92,0,92,165
10/26/2004,GGG,TX,ASW,CE,Combined TRACON& Tower with Radar,0,10,49,15,74,0,0,49,0,49,0,10,98,15,123,220,82,302,425
10/27/2004,GGG,TX,ASW,CE,Combined TRACON& Tower with Radar,0,6,76,0,82,0,0,43,0,43,0,6,119,0,125,124,0,124,249
10/28/2004,GGG,TX,ASW,CE,Combined TRACON& Tower with Radar,0,10,66,7,83,0,0,69,2,71,0,10,135,9,154,322,6,328,482
10/29/2004,GGG,TX,ASW,CE,Combined TRACON& Tower with Radar,0,6,57,9,72,0,0,50,2,52,0,6,107,11,124,232,32,264,388
10/30/2004,GGG,TX,ASW,CE,Combined TRACON& Tower with Radar,0,7,26,0,33,0,0,48,0,48,0,7,74,0,81,100,0,100,181
10/31/2004,GGG,TX,ASW,CE,Combined TRACON& Tower with Radar,0,6,18,1,25,0,0,25,0,25,0,6,43,1,50,18,2,20,70
11/01/2004,GGG,TX,ASW,CE,Combined TRACON& Tower with Radar,0,8,30,0,38,0,0,3,0,3,0,8,33,0,41,10,0,10,51
11/02/2004,GGG,TX,ASW,CE,Combined TRACON& Tower with Radar,0,8,62,10,80,0,0,1,0,1,0,8,63,10,81,0,0,0,81
11/03/2004,GGG,TX,ASW,CE,Combined TRACON& Tower with Radar,0,8,43,6,57,0,0,6,0,6,0,8,49,6,63,42,26,68,131
11/04/2004,GGG,TX,ASW,CE,Combined TRACON& Tower with Radar,0,5,52,8,65,0,0,101,0,101,0,5,153,8,166,298,18,316,482
11/05/2004,GGG,TX,ASW,CE,Combined TRACON& Tower with Radar,3,6,29,3,41,4,7,121,2,134,7,13,150,5,175,404,66,470,645
11/06/2004,GGG,TX,ASW,CE,Combined TRACON& Tower with Radar,4,7,46,16,73,0,0,80,1,81,4,7,126,17,154,248,38,286,440
11/07/2004,GGG,TX,ASW,CE,Combined TRACON& Tower with Radar,0,8,20,0,28,0,0,42,0,42,0,8,62,0,70,32,0,32,102
11/08/2004,GGG,TX,ASW,CE,Combined TRACON& Tower with Radar,0,6,33,2,41,0,0,79,0,79,0,6,112,2,120,168,0,168,288
11/09/2004,GGG,TX,ASW,CE,Combined TRACON& Tower with Radar,0,7,48,15,70,0,0,74,9,83,0,7,122,24,153,164,80,244,397
11/10/2004,GGG,TX,ASW,CE,Combined TRACON& Tower with Radar,0,7,67,29,103,0,0,49,0,49,0,7,116,29,152,174,42,216,368
11/11/2004,GGG,TX,ASW,CE,Combined TRACON& Tower with Radar,0,8,59,4,71,0,0,43,0,43,0,8,102,4,114,266,2,268,382
11/12/2004,GGG,TX,ASW,CE,Combined TRACON& Tower with Radar,0,6,71,3,80,0,0,0,0,0,0,6,71,3,80,180,0,180,260
11/13/2004,GGG,TX,ASW,CE,Combined TRACON& Tower with Radar,0,7,25,7,39,0,0,23,0,23,0,7,48,7,62,46,6,52,114
11/14/2004,GGG,TX,ASW,CE,Combined TRACON& Tower with Radar,0,6,25,2,33,0,0,0,0,0,0,6,25,2,33,0,0,0,33
11/15/2004,GGG,TX,ASW,CE,Combined TRACON& Tower with Radar,0,8,47,1,56,0,0,19,0,19,0,8,66,1,75,152,0,152,227
11/16/2004,GGG,TX,ASW,CE,Combined TRACON& Tower with Radar,0,7,44,9,60,0,0,40,0,40,0,7,84,9,100,156,0,156,256
11/17/2004,GGG,TX,ASW,CE,Combined TRACON& Tower with Radar,0,6,32,0,38,0,0,0,0,0,0,6,32,0,38,58,0,58,96
11/18/2004,GGG,TX,ASW,CE,Combined TRACON& Tower with Radar,0,5,49,5,59,0,0,0,0,0,0,5,49,5,59,122,8,130,189
11/19/2004,GGG,TX,ASW,CE,Combined TRACON& Tower with Radar,0,6,73,24,103,0,0,54,0,54,0,6,127,24,157,268,90,358,515
11/20/2004,GGG,TX,ASW,CE,Combined TRACON& Tower with Radar,0,7,22,7,36,0,0,26,0,26,0,7,48,7,62,76,0,76,138
11/21/2004,GGG,TX,ASW,CE,Combined TRACON& Tower with Radar,0,6,14,3,23,0,0,0,0,0,0,6,14,3,23,4,0,4,27
11/22/2004,GGG,TX,ASW,CE,Combined TRACON& Tower with Radar,2,6,19,0,27,0,0,0,0,0,2,6,19,0,27,0,0,0,27
11/23/2004,GGG,TX,ASW,CE,Combined TRACON& Tower with Radar,0,7,16,0,23,0,0,4,0,4,0,7,20,0,27,0,0,0,27
11/24/2004,GGG,TX,ASW,CE,Combined TRACON& Tower with Radar,0,4,50,6,60,0,0,21,0,21,0,4,71,6,81,58,24,82,163
11/25/2004,GGG,TX,ASW,CE,Combined TRACON& Tower with Radar,0,4,11,0,15,0,0,18,0,18,0,4,29,0,33,0,0,0,33
11/26/2004,GGG,TX,ASW,CE,Combined TRACON& Tower with Radar,0,6,21,0,27,0,0,47,0,47,0,6,68,0,74,72,0,72,146
11/27/2004,GGG,TX,ASW,CE,Combined TRACON& Tower with Radar,0,5,22,0,27,0,0,41,0,41,0,5,63,0,68,64,0,64,132
11/28/2004,GGG,TX,ASW,CE,Combined TRACON& Tower with Radar,0,7,18,3,28,0,0,34,0,34,0,7,52,3,62,0,8,8,70
11/29/2004,GGG,TX,ASW,CE,Combined TRACON& Tower with Radar,0,7,15,0,22,0,0,8,0,8,0,7,23,0,30,12,0,12,42
11/30/2004,GGG,TX,ASW,CE,Combined TRACON& Tower with Radar,0,7,18,2,27,0,0,18,1,19,0,7,36,3,46,44,0,44,90
12/01/2004,GGG,TX,ASW,CE,Combined TRACON& Tower with Radar,0,10,60,15,85,0,0,0,0,0,0,10,60,15,85,264,24,288,373
12/02/2004,GGG,TX,ASW,CE,Combined TRACON& Tower with Radar,0,8,42,14,64,0,0,124,3,127,0,8,166,17,191,296,26,322,513
12/03/2004,GGG,TX,ASW,CE,Combined TRACON& Tower with Radar,0,5,50,1,56,0,0,107,0,107,0,5,157,1,163,270,0,270,433
12/04/2004,GGG,TX,ASW,CE,Combined TRACON& Tower with Radar,0,6,61,0,67,0,0,77,0,77,0,6,138,0,144,120,0,120,264
12/05/2004,GGG,TX,ASW,CE,Combined TRACON& Tower with Radar,0,8,10,0,18,0,0,0,0,0,0,8,10,0,18,0,0,0,18
12/06/2004,GGG,TX,ASW,CE,Combined TRACON& Tower with Radar,0,5,18,0,23,0,0,4,0,4,0,5,22,0,27,30,0,30,57
12/07/2004,GGG,TX,ASW,CE,Combined TRACON& Tower with Radar,0,7,41,13,61,0,0,112,0,112,0,7,153,13,173,262,58,320,493
12/08/2004,GGG,TX,ASW,CE,Combined TRACON& Tower with Radar,2,9,49,22,82,0,0,0,0,0,2,9,49,22,82,222,90,312,394
12/09/2004,GGG,TX,ASW,CE,Combined TRACON& Tower with Radar,0,2,37,0,39,0,0,50,0,50,0,2,87,0,89,332,12,344,433
12/10/2004,GGG,TX,ASW,CE,Combined TRACON& Tower with Radar,0,9,37,6,52,0,0,67,1,68,0,9,104,7,120,150,28,178,298
12/11/2004,GGG,TX,ASW,CE,Combined TRACON& Tower with Radar,0,6,50,19,75,0,0,103,1,104,0,6,153,20,179,260,22,282,461
12/12/2004,GGG,TX,ASW,CE,Combined TRACON& Tower with Radar,0,6,21,4,31,0,0,25,0,25,0,6,46,4,56,0,10,10,66
12/13/2004,GGG,TX,ASW,CE,Combined TRACON& Tower with Radar,0,6,40,6,52,0,1,56,0,57,0,7,96,6,109,192,8,200,309
12/14/2004,GGG,TX,ASW,CE,Combined TRACON& Tower with Radar,0,6,38,10,54,0,0,92,2,94,0,6,130,12,148,200,60,260,408
12/15/2004,GGG,TX,ASW,CE,Combined TRACON& Tower with Radar,0,9,51,15,75,0,1,69,51,121,0,10,120,66,196,248,0,248,444
12/16/2004,GGG,TX,ASW,CE,Combined TRACON& Tower with Radar,0,0,2,0,2,0,0,0,0,0,0,0,2,0,2,4,10,14,16
12/18/2004,GGG,TX,ASW,CE,Combined TRACON& Tower with Radar,0,6,37,13,56,0,0,49,0,49,0,6,86,13,105,146,0,146,251
12/19/2004,GGG,TX,ASW,CE,Combined TRACON& Tower with Radar,0,8,13,7,28,0,0,29,0,29,0,8,42,7,57,20,12,32,89
12/20/2004,GGG,TX,ASW,CE,Combined TRACON& Tower with Radar,0,6,28,7,41,0,0,38,0,38,0,6,66,7,79,118,0,118,197
12/21/2004,GGG,TX,ASW,CE,Combined TRACON& Tower with Radar,0,7,38,5,50,0,0,0,0,0,0,7,38,5,50,174,44,218,268
12/22/2004,GGG,TX,ASW,CE,Combined TRACON& Tower with Radar,0,4,6,0,10,0,0,0,0,0,0,4,6,0,10,0,0,0,10
12/23/2004,GGG,TX,ASW,CE,Combined TRACON& Tower with Radar,0,9,21,0,30,0,0,24,0,24,0,9,45,0,54,52,0,52,106
12/24/2004,GGG,TX,ASW,CE,Combined TRACON& Tower with Radar,0,6,3,0,9,0,0,3,0,3,0,6,6,0,12,0,0,0,12
12/25/2004,GGG,TX,ASW,CE,Combined TRACON& Tower with Radar,0,6,2,0,8,0,0,12,0,12,0,6,14,0,20,0,0,0,20
12/26/2004,GGG,TX,ASW,CE,Combined TRACON& Tower with Radar,0,6,15,0,21,0,0,31,0,31,0,6,46,0,52,0,0,0,52
12/27/2004,GGG,TX,ASW,CE,Combined TRACON& Tower with Radar,0,6,28,1,35,0,0,24,0,24,0,6,52,1,59,0,0,0,59
12/28/2004,GGG,TX,ASW,CE,Combined TRACON& Tower with Radar,0,9,14,6,29,0,0,16,0,16,0,9,30,6,45,0,0,0,45
12/29/2004,GGG,TX,ASW,CE,Combined TRACON& Tower with Radar,0,7,20,2,29,0,0,0,0,0,0,7,20,2,29,66,8,74,103
12/31/2004,GGG,TX,ASW,CE,Combined TRACON& Tower with Radar,0,6,18,0,24,0,0,3,0,3,0,6,21,0,27,0,0,0,27
01/01/2005,GGG,TX,ASW,CE,Combined TRACON& Tower with Radar,0,4,15,0,19,0,0,1,0,1,0,4,16,0,20,0,0,0,20
01/02/2005,GGG,TX,ASW,CE,Combined TRACON& Tower with Radar,0,6,16,0,22,0,0,1,0,1,0,6,17,0,23,0,0,0,23
01/03/2005,GGG,TX,ASW,CE,Combined TRACON& Tower with Radar,2,7,16,0,25,0,0,0,0,0,2,7,16,0,25,18,0,18,43
01/04/2005,GGG,TX,ASW,CE,Combined TRACON& Tower with Radar,0,7,24,6,37,0,0,8,2,10,0,7,32,8,47,22,110,132,179
01/05/2005,GGG,TX,ASW,CE,Combined TRACON& Tower with Radar,1,9,22,3,35,0,0,0,0,0,1,9,22,3,35,12,12,24,59
01/06/2005,GGG,TX,ASW,CE,Combined TRACON& Tower with Radar,0,6,29,7,42,0,0,41,0,41,0,6,70,7,83,106,40,146,229
01/07/2005,GGG,TX,ASW,CE,Combined TRACON& Tower with Radar,0,6,24,6,36,0,0,0,0,0,0,6,24,6,36,4,0,4,40
01/08/2005,GGG,TX,ASW,CE,Combined TRACON& Tower with Radar,0,6,14,15,35,0,0,12,0,12,0,6,26,15,47,8,12,20,67
01/09/2005,GGG,TX,ASW,CE,Combined TRACON& Tower with Radar,0,6,19,0,25,0,0,30,0,30,0,6,49,0,55,26,0,26,81
01/10/2005,GGG,TX,ASW,CE,Combined TRACON& Tower with Radar,0,8,45,7,60,0,0,24,0,24,0,8,69,7,84,116,46,162,246
01/11/2005,GGG,TX,ASW,CE,Combined TRACON& Tower with Radar,0,9,38,31,78,0,0,34,4,38,0,9,72,35,116,128,92,220,336
01/12/2005,GGG,TX,ASW,CE,Combined TRACON& Tower with Radar,4,11,24,3,42,0,0,0,0,0,4,11,24,3,42,96,12,108,150
01/13/2005,GGG,TX,ASW,CE,Combined TRACON& Tower with Radar,0,8,38,15,61,0,0,44,0,44,0,8,82,15,105,154,34,188,293
01/14/2005,GGG,TX,ASW,CE,Combined TRACON& Tower with Radar,0,6,33,14,53,0,0,87,0,87,0,6,120,14,140,342,82,424,564
01/15/2005,GGG,TX,ASW,CE,Combined TRACON& Tower with Radar,1,6,27,2,36,0,0,52,0,52,1,6,79,2,88,68,22,90,178
01/16/2005,GGG,TX,ASW,CE,Combined TRACON& Tower with Radar,0,6,31,9,46,0,0,31,0,31,0,6,62,9,77,86,18,104,181
01/17/2005,GGG,TX,ASW,CE,Combined TRACON& Tower with Radar,0,6,20,0,26,0,0,0,0,0,0,6,20,0,26,104,0,104,130
01/18/2005,GGG,TX,ASW,CE,Combined TRACON& Tower with Radar,0,6,38,6,50,0,0,87,1,88,0,6,125,7,138,160,28,188,326
01/19/2005,GGG,TX,ASW,CE,Combined TRACON& Tower with Radar,0,8,26,7,41,0,0,0,0,0,0,8,26,7,41,154,28,182,223
01/20/2005,GGG,TX,ASW,CE,Combined TRACON& Tower with Radar,0,7,32,5,44,0,0,74,0,74,0,7,106,5,118,150,12,162,280
01/21/2005,GGG,TX,ASW,CE,Combined TRACON& Tower with Radar,0,7,33,3,43,0,0,96,2,98,0,7,129,5,141,280,22,302,443
01/22/2005,GGG,TX,ASW,CE,Combined TRACON& Tower with Radar,0,6,11,6,23,0,0,59,0,59,0,6,70,6,82,94,34,128,210
01/23/2005,GGG,TX,ASW,CE,Combined TRACON& Tower with Radar,0,6,31,0,37,0,0,41,0,41,0,6,72,0,78,54,2,56,134
01/24/2005,GGG,TX,ASW,CE,Combined TRACON& Tower with Radar,0,7,17,13,37,0,0,72,2,74,0,7,89,15,111,68,30,98,209
01/26/2005,GGG,TX,ASW,CE,Combined TRACON& Tower with Radar,0,6,30,7,43,0,0,109,0,109,0,6,139,7,152,106,70,176,328
01/27/2005,GGG,TX,ASW,CE,Combined TRACON& Tower with Radar,0,7,33,9,49,0,0,56,0,56,0,7,89,9,105,114,80,194,299
01/28/2005,GGG,TX,ASW,CE,Combined TRACON& Tower with Radar,0,7,19,5,31,0,0,0,0,0,0,7,19,5,31,0,0,0,31
01/29/2005,GGG,TX,ASW,CE,Combined TRACON& Tower with Radar,0,6,60,0,66,0,0,3,0,3,0,6,63,0,69,25,0,25,94
01/30/2005,GGG,TX,ASW,CE,Combined TRACON& Tower with Radar,0,6,26,0,32,0,0,8,0,8,0,6,34,0,40,8,0,8,48
01/31/2005,GGG,TX,ASW,CE,Combined TRACON& Tower with Radar,0,5,27,0,32,0,0,1,0,1,0,5,28,0,33,4,0,4,37
02/02/2005,GGG,TX,ASW,CE,Combined TRACON& Tower with Radar,0,6,40,20,66,0,0,4,0,4,0,6,44,20,70,38,36,74,144
02/03/2005,GGG,TX,ASW,CE,Combined TRACON& Tower with Radar,0,8,41,5,54,0,0,0,0,0,0,8,41,5,54,220,32,252,306
02/04/2005,GGG,TX,ASW,CE,Combined TRACON& Tower with Radar,0,7,29,8,44,0,0,89,2,91,0,7,118,10,135,196,28,224,359
02/05/2005,GGG,TX,ASW,CE,Combined TRACON& Tower with Radar,0,8,28,0,36,0,0,89,2,91,0,8,117,2,127,96,0,96,223
02/06/2005,GGG,TX,ASW,CE,Combined TRACON& Tower with Radar,0,7,15,0,22,0,0,0,0,0,0,7,15,0,22,0,0,0,22
02/07/2005,GGG,TX,ASW,CE,Combined TRACON& Tower with Radar,0,6,27,4,37,0,0,12,0,12,0,6,39,4,49,40,8,48,97
02/08/2005,GGG,TX,ASW,CE,Combined TRACON& Tower with Radar,0,6,38,5,49,0,0,0,0,0,0,6,38,5,49,28,8,36,85
02/09/2005,GGG,TX,ASW,CE,Combined TRACON& Tower with Radar,0,8,27,20,55,0,0,65,3,68,0,8,92,23,123,142,96,238,361
02/10/2005,GGG,TX,ASW,CE,Combined TRACON& Tower with Radar,0,5,46,11,62,0,0,92,2,94,0,5,138,13,156,230,48,278,434
02/11/2005,GGG,TX,ASW,CE,Combined TRACON& Tower with Radar,0,15,58,10,83,0,0,131,0,131,0,15,189,10,214,254,8,262,476
02/12/2005,GGG,TX,ASW,CE,Combined TRACON& Tower with Radar,0,0,27,1,28,0,0,86,0,86,0,0,113,1,114,122,0,122,236
02/13/2005,GGG,TX,ASW,CE,Combined TRACON& Tower with Radar,0,6,34,1,41,0,0,9,0,9,0,6,43,1,50,48,0,48,98
02/14/2005,GGG,TX,ASW,CE,Combined TRACON& Tower with Radar,0,7,31,8,46,0,0,112,2,114,0,7,143,10,160,214,36,250,410
02/15/2005,GGG,TX,ASW,CE,Combined TRACON& Tower with Radar,0,7,51,2,60,0,0,63,1,64,0,7,114,3,124,172,6,178,302
02/16/2005,GGG,TX,ASW,CE,Combined TRACON& Tower with Radar,0,6,34,5,45,0,0,100,0,100,0,6,134,5,145,282,2,284,429
02/17/2005,GGG,TX,ASW,CE,Combined TRACON& Tower with Radar,0,4,58,0,62,0,0,88,0,88,0,4,146,0,150,294,0,294,444
02/18/2005,GGG,TX,ASW,CE,Combined TRACON& Tower with Radar,0,6,31,11,48,0,0,80,1,81,0,6,111,12,129,240,58,298,427
02/19/2005,GGG,TX,ASW,CE,Combined TRACON& Tower with Radar,0,7,30,1,38,0,0,71,0,71,0,7,101,1,109,324,0,324,433
02/20/2005,GGG,TX,ASW,CE,Combined TRACON& Tower with Radar,0,6,19,0,25,0,0,7,0,7,0,6,26,0,32,16,0,16,48
02/21/2005,GGG,TX,ASW,CE,Combined TRACON& Tower with Radar,0,6,28,0,34,0,0,69,0,69,0,6,97,0,103,190,0,190,293
02/22/2005,GGG,TX,ASW,CE,Combined TRACON& Tower with Radar,0,6,62,0,68,0,0,47,0,47,0,6,109,0,115,200,0,200,315
02/23/2005,GGG,TX,ASW,CE,Combined TRACON& Tower with Radar,0,9,36,4,49,0,0,0,0,0,0,9,36,4,49,10,0,10,59
02/25/2005,GGG,TX,ASW,CE,Combined TRACON& Tower with Radar,0,6,56,4,66,0,0,89,1,90,0,6,145,5,156,320,0,320,476
02/26/2005,GGG,TX,ASW,CE,Combined TRACON& Tower with Radar,0,6,19,5,30,0,0,148,0,148,0,6,167,5,178,214,2,216,394
02/27/2005,GGG,TX,ASW,CE,Combined TRACON& Tower with Radar,0,7,26,0,33,0,0,7,0,7,0,7,33,0,40,0,0,0,40
02/28/2005,GGG,TX,ASW,CE,Combined TRACON& Tower with Radar,0,6,30,4,40,0,0,94,0,94,0,6,124,4,134,374,6,380,514
03/01/2005,GGG,TX,ASW,CE,Combined TRACON& Tower with Radar,0,6,43,0,49,0,0,90,4,94,0,6,133,4,143,338,0,338,481
03/02/2005,GGG,TX,ASW,CE,Combined TRACON& Tower with Radar,0,7,56,0,63,0,0,16,0,16,0,7,72,0,79,70,0,70,149
03/03/2005,GGG,TX,ASW,CE,Combined TRACON& Tower with Radar,0,7,74,22,103,0,1,120,2,123,0,8,194,24,226,424,68,492,718
03/04/2005,GGG,TX,ASW,CE,Combined TRACON& Tower with Radar,0,9,47,0,56,0,0,55,0,55,0,9,102,0,111,226,0,226,337
03/05/2005,GGG,TX,ASW,CE,Combined TRACON& Tower with Radar,0,8,34,5,47,0,1,78,1,80,0,9,112,6,127,274,48,322,449
03/06/2005,GGG,TX,ASW,CE,Combined TRACON& Tower with Radar,0,6,22,11,39,0,0,24,1,25,0,6,46,12,64,6,0,6,70
03/07/2005,GGG,TX,ASW,CE,Combined TRACON& Tower with Radar,0,6,17,11,34,0,0,29,0,29,0,6,46,11,63,114,26,140,203
03/08/2005,GGG,TX,ASW,CE,Combined TRACON& Tower with Radar,0,6,48,15,69,0,0,117,0,117,0,6,165,15,186,332,42,374,560
03/09/2005,GGG,TX,ASW,CE,Combined TRACON& Tower with Radar,0,6,52,2,60,0,0,95,0,95,0,6,147,2,155,254,0,254,409
03/10/2005,GGG,TX,ASW,CE,Combined TRACON& Tower with Radar,0,6,40,0,46,0,0,103,1,104,0,6,143,1,150,304,0,304,454
03/11/2005,GGG,TX,ASW,CE,Combined TRACON& Tower with Radar,0,8,48,22,78,0,1,85,1,87,0,9,133,23,165,336,54,390,555
03/12/2005,GGG,TX,ASW,CE,Combined TRACON& Tower with Radar,0,6,19,8,33,0,0,48,0,48,0,6,67,8,81,126,4,130,211
03/13/2005,GGG,TX,ASW,CE,Combined TRACON& Tower with Radar,0,8,21,9,38,0,0,21,0,21,0,8,42,9,59,0,6,6,65
03/14/2005,GGG,TX,ASW,CE,Combined TRACON& Tower with Radar,0,7,36,7,50,0,0,76,0,76,0,7,112,7,126,214,50,264,390
03/15/2005,GGG,TX,ASW,CE,Combined TRACON& Tower with Radar,0,8,39,0,47,0,0,50,0,50,0,8,89,0,97,312,0,312,409
03/16/2005,GGG,TX,ASW,CE,Combined TRACON& Tower with Radar,0,7,41,0,48,0,0,71,0,71,0,7,112,0,119,500,0,500,619
03/17/2005,GGG,TX,ASW,CE,Combined TRACON& Tower with Radar,0,6,38,12,56,0,0,110,5,115,0,6,148,17,171,478,38,516,687
03/18/2005,GGG,TX,ASW,CE,Combined TRACON& Tower with Radar,0,6,30,6,42,0,0,69,0,69,0,6,99,6,111,304,14,318,429
03/19/2005,GGG,TX,ASW,CE,Combined TRACON& Tower with Radar,0,6,36,3,45,0,0,62,0,62,0,6,98,3,107,210,12,222,329
03/20/2005,GGG,TX,ASW,CE,Combined TRACON& Tower with Radar,0,7,25,14,46,0,0,21,0,21,0,7,46,14,67,0,0,0,67
03/21/2005,GGG,TX,ASW,CE,Combined TRACON& Tower with Radar,0,6,13,1,20,0,0,2,0,2,0,6,15,1,22,30,6,36,58
03/22/2005,GGG,TX,ASW,CE,Combined TRACON& Tower with Radar,0,7,38,14,59,0,0,78,6,84,0,7,116,20,143,166,60,226,369
03/23/2005,GGG,TX,ASW,CE,Combined TRACON& Tower with Radar,0,7,50,11,68,0,0,113,4,117,0,7,163,15,185,452,76,528,713
03/24/2005,GGG,TX,ASW,CE,Combined TRACON& Tower with Radar,0,7,67,21,95,0,0,90,3,93,0,7,157,24,188,140,31,171,359
03/25/2005,GGG,TX,ASW,CE,Combined TRACON& Tower with Radar,0,6,24,6,36,0,0,27,0,27,0,6,51,6,63,46,6,52,115
03/26/2005,GGG,TX,ASW,CE,Combined TRACON& Tower with Radar,0,5,13,0,18,0,0,9,0,9,0,5,22,0,27,136,0,136,163
03/27/2005,GGG,TX,ASW,CE,Combined TRACON& Tower with Radar,0,5,18,0,23,0,0,3,0,3,0,5,21,0,26,0,0,0,26
03/28/2005,GGG,TX,ASW,CE,Combined TRACON& Tower with Radar,0,7,38,0,45,0,0,103,0,103,0,7,141,0,148,442,0,442,590
03/29/2005,GGG,TX,ASW,CE,Combined TRACON& Tower with Radar,0,0,64,0,64,0,0,26,0,26,0,0,90,0,90,282,0,282,372
03/30/2005,GGG,TX,ASW,CE,Combined TRACON& Tower with Radar,0,5,48,0,53,0,0,93,0,93,0,5,141,0,146,396,0,396,542
03/31/2005,GGG,TX,ASW,CE,Combined TRACON& Tower with Radar,1,8,57,17,83,0,0,75,0,75,1,8,132,17,158,228,60,288,446
04/01/2005,GGG,TX,ASW,CE,Combined TRACON& Tower with Radar,0,7,45,15,67,0,0,67,5,72,0,7,112,20,139,140,42,182,321
04/02/2005,GGG,TX,ASW,CE,Combined TRACON& Tower with Radar,0,7,11,14,32,0,0,129,0,129,0,7,140,14,161,280,24,304,465
04/03/2005,GGG,TX,ASW,CE,Combined TRACON& Tower with Radar,0,6,16,11,33,0,0,40,0,40,0,6,56,11,73,80,16,96,169
04/04/2005,GGG,TX,ASW,CE,Combined TRACON& Tower with Radar,0,6,34,9,49,0,0,67,0,67,0,6,101,9,116,308,18,326,442
04/05/2005,GGG,TX,ASW,CE,Combined TRACON& Tower with Radar,4,6,57,17,84,0,0,24,1,25,4,6,81,18,109,164,40,204,313
04/06/2005,GGG,TX,ASW,CE,Combined TRACON& Tower with Radar,0,12,35,0,47,0,0,78,0,78,0,12,113,0,125,222,0,222,347
04/07/2005,GGG,TX,ASW,CE,Combined TRACON& Tower with Radar,0,7,53,12,72,0,0,69,4,73,0,7,122,16,145,210,52,262,407
04/08/2005,GGG,TX,ASW,CE,Combined TRACON& Tower with Radar,0,8,55,9,72,0,0,119,0,119,0,8,174,9,191,316,80,396,587
04/09/2005,GGG,TX,ASW,CE,Combined TRACON& Tower with Radar,0,8,19,4,31,0,0,70,0,70,0,8,89,4,101,126,2,128,229
04/10/2005,GGG,TX,ASW,CE,Combined TRACON& Tower with Radar,0,15,25,0,40,0,0,12,0,12,0,15,37,0,52,62,0,62,114
04/11/2005,GGG,TX,ASW,CE,Combined TRACON& Tower with Radar,0,6,29,5,40,0,0,63,1,64,0,6,92,6,104,88,18,106,210
04/12/2005,GGG,TX,ASW,CE,Combined TRACON& Tower with Radar,0,7,40,4,51,0,0,98,0,98,0,7,138,4,149,206,14,220,369
04/13/2005,GGG,TX,ASW,CE,Combined TRACON& Tower with Radar,0,10,45,7,62,0,0,0,0,0,0,10,45,7,62,252,82,334,396
04/14/2005,GGG,TX,ASW,CE,Combined TRACON& Tower with Radar,0,7,37,2,46,0,0,128,0,128,0,7,165,2,174,252,0,252,426
04/15/2005,GGG,TX,ASW,CE,Combined TRACON& Tower with Radar,0,8,39,3,50,0,0,113,0,113,0,8,152,3,163,330,4,334,497
04/16/2005,GGG,TX,ASW,CE,Combined TRACON& Tower with Radar,0,6,8,12,26,0,0,79,1,80,0,6,87,13,106,272,24,296,402
04/17/2005,GGG,TX,ASW,CE,Combined TRACON& Tower with Radar,0,11,15,0,26,0,0,47,0,47,0,11,62,0,73,20,0,20,93
04/18/2005,GGG,TX,ASW,CE,Combined TRACON& Tower with Radar,0,7,38,9,54,0,0,100,0,100,0,7,138,9,154,346,18,364,518
04/19/2005,GGG,TX,ASW,CE,Combined TRACON& Tower with Radar,0,6,48,12,66,0,0,0,0,0,0,6,48,12,66,282,4,286,352
04/20/2005,GGG,TX,ASW,CE,Combined TRACON& Tower with Radar,0,0,0,0,0,0,0,0,0,0,0,0,0,0,0,0,0,0,0
04/21/2005,GGG,TX,ASW,CE,Combined TRACON& Tower with Radar,0,8,39,17,64,0,5,57,1,63,0,13,96,18,127,280,62,342,469
04/22/2005,GGG,TX,ASW,CE,Combined TRACON& Tower with Radar,0,6,25,15,46,0,0,73,0,73,0,6,98,15,119,264,38,302,421
04/23/2005,GGG,TX,ASW,CE,Combined TRACON& Tower with Radar,0,9,31,33,73,0,0,90,5,95,0,9,121,38,168,284,54,338,506
04/24/2005,GGG,TX,ASW,CE,Combined TRACON& Tower with Radar,0,6,5,5,16,0,0,38,1,39,0,6,43,6,55,32,10,42,97
04/25/2005,GGG,TX,ASW,CE,Combined TRACON& Tower with Radar,0,0,0,0,0,0,0,0,0,0,0,0,0,0,0,0,0,0,0
04/26/2005,GGG,TX,ASW,CE,Combined TRACON& Tower with Radar,0,6,43,11,60,0,0,74,3,77,0,6,117,14,137,252,40,292,429
04/27/2005,GGG,TX,ASW,CE,Combined TRACON& Tower with Radar,0,0,0,0,0,0,0,0,0,0,0,0,0,0,0,0,0,0,0
04/28/2005,GGG,TX,ASW,CE,Combined TRACON& Tower with Radar,0,8,25,11,44,0,1,71,0,72,0,9,96,11,116,132,4,136,252
04/29/2005,GGG,TX,ASW,CE,Combined TRACON& Tower with Radar,0,6,48,13,67,0,0,23,1,24,0,6,71,14,91,138,8,146,237
04/30/2005,GGG,TX,ASW,CE,Combined TRACON& Tower with Radar,2,7,42,5,56,0,0,50,2,52,2,7,92,7,108,224,14,238,346
05/01/2005,GGG,TX,ASW,CE,Combined TRACON& Tower with Radar,0,6,25,1,32,0,0,57,2,59,0,6,82,3,91,48,4,52,143
05/02/2005,GGG,TX,ASW,CE,Combined TRACON& Tower with Radar,0,9,46,26,81,0,0,83,1,84,0,9,129,27,165,230,54,284,449
05/03/2005,GGG,TX,ASW,CE,Combined TRACON& Tower with Radar,0,6,25,12,43,0,0,117,0,117,0,6,142,12,160,454,54,508,668
05/04/2005,GGG,TX,ASW,CE,Combined TRACON& Tower with Radar,0,7,33,0,40,0,0,78,0,78,0,7,111,0,118,272,0,272,390
05/05/2005,GGG,TX,ASW,CE,Combined TRACON& Tower with Radar,0,9,31,28,68,0,0,108,8,116,0,9,139,36,184,318,90,408,592
05/06/2005,GGG,TX,ASW,CE,Combined TRACON& Tower with Radar,1,6,25,6,38,0,0,135,1,136,1,6,160,7,174,250,18,268,442
05/07/2005,GGG,TX,ASW,CE,Combined TRACON& Tower with Radar,0,6,19,0,25,0,0,60,0,60,0,6,79,0,85,44,0,44,129
05/08/2005,GGG,TX,ASW,CE,Combined TRACON& Tower with Radar,0,11,8,2,21,0,0,3,0,3,0,11,11,2,24,0,0,0,24
05/09/2005,GGG,TX,ASW,CE,Combined TRACON& Tower with Radar,0,8,46,0,54,0,0,51,0,51,0,8,97,0,105,136,0,136,241
05/10/2005,GGG,TX,ASW,CE,Combined TRACON& Tower with Radar,0,6,25,5,36,0,0,96,0,96,0,6,121,5,132,254,12,266,398
05/11/2005,GGG,TX,ASW,CE,Combined TRACON& Tower with Radar,0,6,34,0,40,0,0,101,0,101,0,6,135,0,141,188,0,188,329
05/12/2005,GGG,TX,ASW,CE,Combined TRACON& Tower with Radar,0,6,50,8,64,0,0,85,0,85,0,6,135,8,149,328,18,346,495
05/13/2005,GGG,TX,ASW,CE,Combined TRACON& Tower with Radar,0,6,52,12,70,0,1,69,1,71,0,7,121,13,141,250,30,280,421
05/14/2005,GGG,TX,ASW,CE,Combined TRACON& Tower with Radar,0,6,16,8,30,0,0,29,0,29,0,6,45,8,59,14,16,30,89
05/15/2005,GGG,TX,ASW,CE,Combined TRACON& Tower with Radar,0,5,10,15,30,0,0,15,0,15,0,5,25,15,45,0,30,30,75
05/16/2005,GGG,TX,ASW,CE,Combined TRACON& Tower with Radar,0,6,22,0,28,0,0,96,0,96,0,6,118,0,124,134,0,134,258
05/17/2005,GGG,TX,ASW,CE,Combined TRACON& Tower with Radar,0,6,27,11,44,0,0,102,0,102,0,6,129,11,146,228,32,260,406
05/18/2005,GGG,TX,ASW,CE,Combined TRACON& Tower with Radar,0,6,52,28,86,0,0,62,4,66,0,6,114,32,152,178,84,262,414
05/19/2005,GGG,TX,ASW,CE,Combined TRACON& Tower with Radar,0,6,38,4,48,0,0,85,0,85,0,6,123,4,133,336,8,344,477
05/20/2005,GGG,TX,ASW,CE,Combined TRACON& Tower with Radar,0,6,19,3,28,0,0,76,0,76,0,6,95,3,104,246,0,246,350
05/21/2005,GGG,TX,ASW,CE,Combined TRACON& Tower with Radar,0,9,23,9,41,0,0,79,0,79,0,9,102,9,120,224,10,234,354
05/22/2005,GGG,TX,ASW,CE,Combined TRACON& Tower with Radar,0,6,15,0,21,0,0,13,0,13,0,6,28,0,34,24,0,24,58
05/23/2005,GGG,TX,ASW,CE,Combined TRACON& Tower with Radar,0,9,13,16,38,0,0,90,0,90,0,9,103,16,128,346,20,366,494
05/24/2005,GGG,TX,ASW,CE,Combined TRACON& Tower with Radar,0,11,34,9,54,0,0,114,0,114,0,11,148,9,168,328,12,340,508
05/25/2005,GGG,TX,ASW,CE,Combined TRACON& Tower with Radar,0,5,36,3,44,0,0,83,0,83,0,5,119,3,127,274,8,282,409
05/26/2005,GGG,TX,ASW,CE,Combined TRACON& Tower with Radar,0,5,43,0,48,0,0,92,0,92,0,5,135,0,140,278,0,278,418
05/27/2005,GGG,TX,ASW,CE,Combined TRACON& Tower with Radar,0,7,33,0,40,0,0,64,4,68,0,7,97,4,108,188,0,188,296
05/28/2005,GGG,TX,ASW,CE,Combined TRACON& Tower with Radar,0,6,24,0,30,0,0,25,0,25,0,6,49,0,55,100,0,100,155
05/29/2005,GGG,TX,ASW,CE,Combined TRACON& Tower with Radar,0,7,13,0,20,0,0,6,0,6,0,7,19,0,26,0,0,0,26
05/30/2005,GGG,TX,ASW,CE,Combined TRACON& Tower with Radar,0,6,37,0,43,0,0,14,0,14,0,6,51,0,57,260,0,260,317
05/31/2005,GGG,TX,ASW,CE,Combined TRACON& Tower with Radar,0,6,20,20,46,0,0,42,1,43,0,6,62,21,89,112,62,174,263
06/01/2005,GGG,TX,ASW,CE,Combined TRACON& Tower with Radar,0,6,35,18,59,0,0,37,0,37,0,6,72,18,96,158,50,208,304
06/02/2005,GGG,TX,ASW,CE,Combined TRACON& Tower with Radar,0,6,38,21,65,0,0,92,0,92,0,6,130,21,157,188,92,280,437
06/03/2005,GGG,TX,ASW,CE,Combined TRACON& Tower with Radar,0,7,24,37,68,0,0,86,2,88,0,7,110,39,156,186,76,262,418
06/04/2005,GGG,TX,ASW,CE,Combined TRACON& Tower with Radar,0,6,30,0,36,0,0,46,0,46,0,6,76,0,82,78,0,78,160
06/05/2005,GGG,TX,ASW,CE,Combined TRACON& Tower with Radar,0,8,15,0,23,0,0,25,0,25,0,8,40,0,48,4,0,4,52
06/06/2005,GGG,TX,ASW,CE,Combined TRACON& Tower with Radar,0,6,24,2,32,0,0,40,0,40,0,6,64,2,72,122,0,122,194
06/07/2005,GGG,TX,ASW,CE,Combined TRACON& Tower with Radar,0,5,51,10,66,0,0,26,0,26,0,5,77,10,92,102,36,138,230
06/08/2005,GGG,TX,ASW,CE,Combined TRACON& Tower with Radar,0,6,42,3,51,0,0,83,0,83,0,6,125,3,134,176,8,184,318
06/09/2005,GGG,TX,ASW,CE,Combined TRACON& Tower with Radar,0,9,16,2,27,0,0,65,2,67,0,9,81,4,94,204,0,204,298
06/10/2005,GGG,TX,ASW,CE,Combined TRACON& Tower with Radar,0,6,32,13,51,0,1,84,0,85,0,7,116,13,136,242,44,286,422
06/11/2005,GGG,TX,ASW,CE,Combined TRACON& Tower with Radar,0,6,37,0,43,0,0,69,0,69,0,6,106,0,112,208,0,208,320
06/12/2005,GGG,TX,ASW,CE,Combined TRACON& Tower with Radar,0,10,20,4,34,0,1,46,36,83,0,11,66,40,117,52,10,62,179
06/13/2005,GGG,TX,ASW,CE,Combined TRACON& Tower with Radar,0,10,33,8,51,0,0,65,0,65,0,10,98,8,116,202,32,234,350
06/14/2005,GGG,TX,ASW,CE,Combined TRACON& Tower with Radar,0,7,23,0,30,0,0,97,0,97,0,7,120,0,127,223,0,223,350
06/15/2005,GGG,TX,ASW,CE,Combined TRACON& Tower with Radar,0,7,31,26,64,0,0,105,0,105,0,7,136,26,169,318,50,368,537
06/16/2005,GGG,TX,ASW,CE,Combined TRACON& Tower with Radar,0,5,42,3,50,0,0,93,0,93,0,5,135,3,143,316,2,318,461
06/17/2005,GGG,TX,ASW,CE,Combined TRACON& Tower with Radar,0,8,42,5,55,0,0,66,0,66,0,8,108,5,121,332,16,348,469
06/18/2005,GGG,TX,ASW,CE,Combined TRACON& Tower with Radar,0,6,35,14,55,0,0,30,2,32,0,6,65,16,87,90,36,126,213
06/19/2005,GGG,TX,ASW,CE,Combined TRACON& Tower with Radar,0,5,24,1,30,0,6,28,1,35,0,11,52,2,65,46,0,46,111
06/20/2005,GGG,TX,ASW,CE,Combined TRACON& Tower with Radar,0,8,36,0,44,0,0,90,0,90,0,8,126,0,134,222,0,222,356
06/21/2005,GGG,TX,ASW,CE,Combined TRACON& Tower with Radar,0,6,36,0,42,0,0,98,0,98,0,6,134,0,140,254,0,254,394
06/22/2005,GGG,TX,ASW,CE,Combined TRACON& Tower with Radar,0,6,46,3,55,0,0,122,0,122,0,6,168,3,177,266,6,272,449
06/23/2005,GGG,TX,ASW,CE,Combined TRACON& Tower with Radar,0,6,53,7,66,0,0,82,0,82,0,6,135,7,148,196,2,198,346
06/24/2005,GGG,TX,ASW,CE,Combined TRACON& Tower with Radar,1,6,47,10,64,0,0,85,1,86,1,6,132,11,150,306,38,344,494
06/25/2005,GGG,TX,ASW,CE,Combined TRACON& Tower with Radar,0,7,11,0,18,0,0,38,0,38,0,7,49,0,56,108,0,108,164
06/26/2005,GGG,TX,ASW,CE,Combined TRACON& Tower with Radar,0,6,19,0,25,0,0,16,0,16,0,6,35,0,41,20,0,20,61
06/27/2005,GGG,TX,ASW,CE,Combined TRACON& Tower with Radar,0,6,33,5,44,0,0,82,0,82,0,6,115,5,126,198,18,216,342
06/28/2005,GGG,TX,ASW,CE,Combined TRACON& Tower with Radar,0,6,34,7,47,0,0,78,1,79,0,6,112,8,126,326,20,346,472
06/29/2005,GGG,TX,ASW,CE,Combined TRACON& Tower with Radar,0,7,44,4,55,0,0,115,1,116,0,7,159,5,171,238,42,280,451
06/30/2005,GGG,TX,ASW,CE,Combined TRACON& Tower with Radar,0,6,41,10,57,0,0,90,3,93,0,6,131,13,150,226,66,292,442
07/01/2005,GGG,TX,ASW,CE,Combined TRACON& Tower with Radar,0,7,27,4,38,0,0,80,1,81,0,7,107,5,119,120,0,120,239
07/02/2005,GGG,TX,ASW,CE,Combined TRACON& Tower with Radar,0,6,8,0,14,0,1,2,0,3,0,7,10,0,17,16,0,16,33
07/03/2005,GGG,TX,ASW,CE,Combined TRACON& Tower with Radar,0,6,6,0,12,0,0,15,0,15,0,6,21,0,27,8,0,8,35
07/04/2005,GGG,TX,ASW,CE,Combined TRACON& Tower with Radar,0,6,14,0,20,0,0,24,0,24,0,6,38,0,44,38,0,38,82
07/05/2005,GGG,TX,ASW,CE,Combined TRACON& Tower with Radar,0,6,33,0,39,0,0,69,0,69,0,6,102,0,108,290,0,290,398
07/06/2005,GGG,TX,ASW,CE,Combined TRACON& Tower with Radar,0,6,41,7,54,0,0,71,0,71,0,6,112,7,125,278,14,292,417
07/07/2005,GGG,TX,ASW,CE,Combined TRACON& Tower with Radar,4,10,49,0,63,0,0,59,0,59,4,10,108,0,122,306,0,306,428
07/08/2005,GGG,TX,ASW,CE,Combined TRACON& Tower with Radar,0,6,49,16,71,0,0,75,1,76,0,6,124,17,147,228,42,270,417
07/09/2005,GGG,TX,ASW,CE,Combined TRACON& Tower with Radar,0,7,22,18,47,0,0,67,0,67,0,7,89,18,114,136,78,214,328
07/10/2005,GGG,TX,ASW,CE,Combined TRACON& Tower with Radar,0,6,22,9,37,0,0,23,2,25,0,6,45,11,62,32,94,126,188
07/11/2005,GGG,TX,ASW,CE,Combined TRACON& Tower with Radar,0,9,27,0,36,0,0,36,0,36,0,9,63,0,72,86,0,86,158
07/12/2005,GGG,TX,ASW,CE,Combined TRACON& Tower with Radar,0,8,48,4,60,0,0,60,1,61,0,8,108,5,121,128,20,148,269
07/13/2005,GGG,TX,ASW,CE,Combined TRACON& Tower with Radar,0,6,53,7,66,0,0,52,1,53,0,6,105,8,119,78,4,82,201
07/14/2005,GGG,TX,ASW,CE,Combined TRACON& Tower with Radar,0,8,45,2,55,0,0,40,2,42,0,8,85,4,97,88,74,162,259
07/15/2005,GGG,TX,ASW,CE,Combined TRACON& Tower with Radar,0,8,63,10,81,0,0,48,4,52,0,8,111,14,133,76,16,92,225
07/16/2005,GGG,TX,ASW,CE,Combined TRACON& Tower with Radar,0,5,30,0,35,0,28,49,0,77,0,33,79,0,112,0,0,0,112
07/17/2005,GGG,TX,ASW,CE,Combined TRACON& Tower with Radar,0,7,19,3,29,0,0,9,0,9,0,7,28,3,38,8,2,10,48
07/18/2005,GGG,TX,ASW,CE,Combined TRACON& Tower with Radar,0,7,48,2,57,0,0,28,0,28,0,7,76,2,85,144,0,144,229
07/19/2005,GGG,TX,ASW,CE,Combined TRACON& Tower with Radar,0,6,35,26,67,0,0,60,1,61,0,6,95,27,128,110,84,194,322
07/20/2005,GGG,TX,ASW,CE,Combined TRACON& Tower with Radar,0,11,49,7,67,0,0,54,0,54,0,11,103,7,121,108,0,108,229
07/21/2005,GGG,TX,ASW,CE,Combined TRACON& Tower with Radar,0,7,40,7,54,0,0,28,0,28,0,7,68,7,82,42,8,50,132
07/22/2005,GGG,TX,ASW,CE,Combined TRACON& Tower with Radar,0,8,28,12,48,0,0,40,1,41,0,8,68,13,89,86,16,102,191
07/23/2005,GGG,TX,ASW,CE,Combined TRACON& Tower with Radar,0,6,10,6,22,0,0,14,0,14,0,6,24,6,36,52,14,66,102
07/24/2005,GGG,TX,ASW,CE,Combined TRACON& Tower with Radar,0,7,16,4,27,0,0,15,0,15,0,7,31,4,42,0,0,0,42
07/25/2005,GGG,TX,ASW,CE,Combined TRACON& Tower with Radar,0,7,23,7,37,0,0,52,0,52,0,7,75,7,89,50,22,72,161
07/26/2005,GGG,TX,ASW,CE,Combined TRACON& Tower with Radar,0,5,21,7,33,0,0,60,2,62,0,5,81,9,95,120,64,184,279
07/27/2005,GGG,TX,ASW,CE,Combined TRACON& Tower with Radar,0,6,31,0,37,0,0,0,0,0,0,6,31,0,37,40,0,40,77
07/28/2005,GGG,TX,ASW,CE,Combined TRACON& Tower with Radar,0,6,43,0,49,0,0,14,0,14,0,6,57,0,63,86,0,86,149
07/29/2005,GGG,TX,ASW,CE,Combined TRACON& Tower with Radar,0,9,31,0,40,0,0,42,0,42,0,9,73,0,82,30,20,50,132
07/30/2005,GGG,TX,ASW,CE,Combined TRACON& Tower with Radar,0,6,15,7,28,0,0,31,0,31,0,6,46,7,59,38,0,38,97
07/31/2005,GGG,TX,ASW,CE,Combined TRACON& Tower with Radar,0,7,14,6,27,0,5,28,2,35,0,12,42,8,62,42,10,52,114
08/01/2005,GGG,TX,ASW,CE,Combined TRACON& Tower with Radar,0,6,24,0,30,0,0,30,0,30,0,6,54,0,60,30,0,30,90
08/02/2005,GGG,TX,ASW,CE,Combined TRACON& Tower with Radar,0,6,26,12,44,0,0,20,2,22,0,6,46,14,66,36,34,70,136
08/03/2005,GGG,TX,ASW,CE,Combined TRACON& Tower with Radar,0,13,32,12,57,0,1,30,4,35,0,14,62,16,92,56,6,62,154
08/04/2005,GGG,TX,ASW,CE,Combined TRACON& Tower with Radar,0,8,29,6,43,0,0,20,0,20,0,8,49,6,63,26,0,26,89
08/05/2005,GGG,TX,ASW,CE,Combined TRACON& Tower with Radar,0,6,20,14,40,0,0,21,0,21,0,6,41,14,61,14,44,58,119
08/06/2005,GGG,TX,ASW,CE,Combined TRACON& Tower with Radar,0,6,19,0,25,0,0,25,0,25,0,6,44,0,50,40,0,40,90
08/07/2005,GGG,TX,ASW,CE,Combined TRACON& Tower with Radar,0,5,14,2,21,0,0,9,0,9,0,5,23,2,30,10,24,34,64
08/08/2005,GGG,TX,ASW,CE,Combined TRACON& Tower with Radar,0,6,23,8,37,0,0,10,2,12,0,6,33,10,49,20,36,56,105
08/09/2005,GGG,TX,ASW,CE,Combined TRACON& Tower with Radar,0,5,22,0,27,0,0,16,0,16,0,5,38,0,43,38,0,38,81
08/10/2005,GGG,TX,ASW,CE,Combined TRACON& Tower with Radar,0,7,42,4,53,0,0,27,0,27,0,7,69,4,80,16,2,18,98
08/11/2005,GGG,TX,ASW,CE,Combined TRACON& Tower with Radar,0,6,32,13,51,0,0,32,1,33,0,6,64,14,84,22,20,42,126
08/12/2005,GGG,TX,ASW,CE,Combined TRACON& Tower with Radar,0,6,34,12,52,0,0,46,1,47,0,6,80,13,99,54,32,86,185
08/13/2005,GGG,TX,ASW,CE,Combined TRACON& Tower with Radar,0,6,16,3,25,0,1,26,0,27,0,7,42,3,52,6,6,12,64
08/14/2005,GGG,TX,ASW,CE,Combined TRACON& Tower with Radar,0,6,17,0,23,0,0,10,0,10,0,6,27,0,33,0,0,0,33
08/15/2005,GGG,TX,ASW,CE,Combined TRACON& Tower with Radar,0,10,17,13,40,0,0,17,0,17,0,10,34,13,57,16,16,32,89
08/16/2005,GGG,TX,ASW,CE,Combined TRACON& Tower with Radar,0,10,36,0,46,0,0,47,0,47,0,10,83,0,93,180,0,180,273
08/17/2005,GGG,TX,ASW,CE,Combined TRACON& Tower with Radar,0,6,30,12,48,0,0,40,4,44,0,6,70,16,92,80,34,114,206
08/18/2005,GGG,TX,ASW,CE,Combined TRACON& Tower with Radar,0,8,34,4,46,0,0,70,0,70,0,8,104,4,116,286,6,292,408
08/19/2005,GGG,TX,ASW,CE,Combined TRACON& Tower with Radar,0,11,29,26,66,0,0,61,0,61,0,11,90,26,127,256,48,304,431
08/20/2005,GGG,TX,ASW,CE,Combined TRACON& Tower with Radar,0,9,25,6,40,0,1,17,0,18,0,10,42,6,58,62,2,64,122
08/21/2005,GGG,TX,ASW,CE,Combined TRACON& Tower with Radar,0,15,16,8,39,0,0,16,0,16,0,15,32,8,55,0,12,12,67
08/22/2005,GGG,TX,ASW,CE,Combined TRACON& Tower with Radar,0,7,23,9,39,0,0,20,0,20,0,7,43,9,59,108,10,118,177
08/23/2005,GGG,TX,ASW,CE,Combined TRACON& Tower with Radar,0,6,27,4,37,0,0,39,2,41,0,6,66,6,78,146,4,150,228
08/24/2005,GGG,TX,ASW,CE,Combined TRACON& Tower with Radar,0,6,40,7,53,0,0,49,0,49,0,6,89,7,102,160,4,164,266
08/25/2005,GGG,TX,ASW,CE,Combined TRACON& Tower with Radar,0,7,56,2,65,0,0,65,0,65,0,7,121,2,130,296,0,296,426
08/26/2005,GGG,TX,ASW,CE,Combined TRACON& Tower with Radar,0,6,44,9,59,0,0,59,2,61,0,6,103,11,120,126,22,148,268
08/27/2005,GGG,TX,ASW,CE,Combined TRACON& Tower with Radar,2,6,11,9,28,0,0,20,1,21,2,6,31,10,49,84,30,114,163
08/28/2005,GGG,TX,ASW,CE,Combined TRACON& Tower with Radar,0,6,13,0,19,0,0,14,0,14,0,6,27,0,33,22,0,22,55
08/29/2005,GGG,TX,ASW,CE,Combined TRACON& Tower with Radar,0,8,29,6,43,0,0,39,4,43,0,8,68,10,86,150,28,178,264
08/30/2005,GGG,TX,ASW,CE,Combined TRACON& Tower with Radar,1,8,26,12,47,0,0,38,4,42,1,8,64,16,89,76,54,130,219
08/31/2005,GGG,TX,ASW,CE,Combined TRACON& Tower with Radar,0,12,25,6,43,0,0,38,0,38,0,12,63,6,81,12,8,20,101
09/01/2005,GGG,TX,ASW,CE,Combined TRACON& Tower with Radar,0,6,42,22,70,0,0,53,8,61,0,6,95,30,131,130,58,188,319
09/02/2005,GGG,TX,ASW,CE,Combined TRACON& Tower with Radar,0,10,23,11,44,0,0,49,2,51,0,10,72,13,95,68,20,88,183
09/03/2005,GGG,TX,ASW,CE,Combined TRACON& Tower with Radar,0,6,11,0,17,0,0,45,0,45,0,6,56,0,62,40,0,40,102
09/04/2005,GGG,TX,ASW,CE,Combined TRACON& Tower with Radar,0,8,11,1,20,0,0,16,0,16,0,8,27,1,36,10,0,10,46
09/05/2005,GGG,TX,ASW,CE,Combined TRACON& Tower with Radar,0,9,26,0,35,0,0,76,0,76,0,9,102,0,111,114,0,114,225
09/06/2005,GGG,TX,ASW,CE,Combined TRACON& Tower with Radar,0,6,28,14,48,0,0,55,1,56,0,6,83,15,104,122,64,186,290
09/07/2005,GGG,TX,ASW,CE,Combined TRACON& Tower with Radar,0,6,27,10,43,0,0,70,3,73,0,6,97,13,116,68,58,126,242
09/08/2005,GGG,TX,ASW,CE,Combined TRACON& Tower with Radar,0,6,32,4,42,0,0,74,0,74,0,6,106,4,116,70,4,74,190
09/09/2005,GGG,TX,ASW,CE,Combined TRACON& Tower with Radar,0,6,20,26,52,0,0,87,0,87,0,6,107,26,139,108,60,168,307
09/10/2005,GGG,TX,ASW,CE,Combined TRACON& Tower with Radar,0,8,20,2,30,0,0,63,0,63,0,8,83,2,93,134,0,134,227
09/11/2005,GGG,TX,ASW,CE,Combined TRACON& Tower with Radar,0,5,16,0,21,0,0,28,0,28,0,5,44,0,49,12,0,12,61
09/12/2005,GGG,TX,ASW,CE,Combined TRACON& Tower with Radar,0,7,33,9,49,0,0,76,0,76,0,7,109,9,125,50,22,72,197
09/13/2005,GGG,TX,ASW,CE,Combined TRACON& Tower with Radar,0,7,27,11,45,0,0,59,1,60,0,7,86,12,105,156,34,190,295
09/14/2005,GGG,TX,ASW,CE,Combined TRACON& Tower with Radar,0,10,48,0,58,0,0,51,2,53,0,10,99,2,111,228,30,258,369
09/15/2005,GGG,TX,ASW,CE,Combined TRACON& Tower with Radar,0,5,30,0,35,0,0,46,0,46,0,5,76,0,81,146,0,146,227
09/16/2005,GGG,TX,ASW,CE,Combined TRACON& Tower with Radar,0,7,39,14,60,0,0,43,1,44,0,7,82,15,104,224,24,248,352
09/17/2005,GGG,TX,ASW,CE,Combined TRACON& Tower with Radar,0,7,27,0,34,0,0,78,0,78,0,7,105,0,112,128,0,128,240
09/18/2005,GGG,TX,ASW,CE,Combined TRACON& Tower with Radar,0,7,20,0,27,0,0,40,0,40,0,7,60,0,67,138,0,138,205
09/19/2005,GGG,TX,ASW,CE,Combined TRACON& Tower with Radar,0,8,23,14,45,0,0,97,0,97,0,8,120,14,142,124,8,132,274
09/20/2005,GGG,TX,ASW,CE,Combined TRACON& Tower with Radar,0,7,35,17,59,0,0,70,0,70,0,7,105,17,129,142,36,178,307
09/21/2005,GGG,TX,ASW,CE,Combined TRACON& Tower with Radar,0,7,39,1,47,0,0,86,0,86,0,7,125,1,133,146,0,146,279
09/22/2005,GGG,TX,ASW,CE,Combined TRACON& Tower with Radar,0,11,45,3,59,0,0,80,0,80,0,11,125,3,139,122,6,128,267
09/23/2005,GGG,TX,ASW,CE,Combined TRACON& Tower with Radar,0,6,21,0,27,0,0,48,0,48,0,6,69,0,75,106,0,106,181
09/24/2005,GGG,TX,ASW,CE,Combined TRACON& Tower with Radar,0,2,0,0,2,0,0,0,0,0,0,2,0,0,2,0,0,0,2
09/25/2005,GGG,TX,ASW,CE,Combined TRACON& Tower with Radar,0,7,18,0,25,0,1,24,0,25,0,8,42,0,50,10,0,10,60
09/26/2005,GGG,TX,ASW,CE,Combined TRACON& Tower with Radar,0,6,31,5,42,0,0,70,2,72,0,6,101,7,114,280,18,298,412
09/27/2005,GGG,TX,ASW,CE,Combined TRACON& Tower with Radar,0,7,28,0,35,0,0,74,0,74,0,7,102,0,109,344,0,344,453
09/28/2005,GGG,TX,ASW,CE,Combined TRACON& Tower with Radar,0,8,41,34,83,0,0,57,0,57,0,8,98,34,140,50,32,82,222
09/29/2005,GGG,TX,ASW,CE,Combined TRACON& Tower with Radar,0,6,43,8,57,0,0,35,0,35,0,6,78,8,92,226,0,226,318
09/30/2005,GGG,TX,ASW,CE,Combined TRACON& Tower with Radar,0,9,44,2,55,0,0,86,0,86,0,9,130,2,141,128,0,128,269
10/01/2005,GGG,TX,ASW,CE,Combined TRACON& Tower with Radar,0,7,19,0,26,0,0,53,0,53,0,7,72,0,79,104,0,104,183
10/02/2005,GGG,TX,ASW,CE,Combined TRACON& Tower with Radar,0,8,24,0,32,0,0,28,0,28,0,8,52,0,60,22,0,22,82
10/03/2005,GGG,TX,ASW,CE,Combined TRACON& Tower with Radar,0,9,23,16,48,0,0,77,0,77,0,9,100,16,125,156,8,164,289
10/04/2005,GGG,TX,ASW,CE,Combined TRACON& Tower with Radar,0,11,30,22,63,0,0,74,0,74,0,11,104,22,137,128,34,162,299
10/05/2005,GGG,TX,ASW,CE,Combined TRACON& Tower with Radar,0,7,28,3,38,0,1,85,0,86,0,8,113,3,124,302,0,302,426
10/06/2005,GGG,TX,ASW,CE,Combined TRACON& Tower with Radar,0,8,37,24,69,0,0,46,0,46,0,8,83,24,115,146,58,204,319
10/07/2005,GGG,TX,ASW,CE,Combined TRACON& Tower with Radar,0,6,35,5,46,0,0,63,0,63,0,6,98,5,109,174,0,174,283
10/08/2005,GGG,TX,ASW,CE,Combined TRACON& Tower with Radar,0,5,40,0,45,0,0,62,0,62,0,5,102,0,107,202,0,202,309
10/09/2005,GGG,TX,ASW,CE,Combined TRACON& Tower with Radar,0,4,22,4,30,0,0,45,0,45,0,4,67,4,75,50,0,50,125
10/10/2005,GGG,TX,ASW,CE,Combined TRACON& Tower with Radar,2,6,35,2,45,0,0,69,1,70,2,6,104,3,115,200,0,200,315
10/11/2005,GGG,TX,ASW,CE,Combined TRACON& Tower with Radar,0,8,43,12,63,0,0,78,0,78,0,8,121,12,141,306,24,330,471
10/12/2005,GGG,TX,ASW,CE,Combined TRACON& Tower with Radar,0,7,49,4,60,0,0,67,0,67,0,7,116,4,127,298,4,302,429
10/13/2005,GGG,TX,ASW,CE,Combined TRACON& Tower with Radar,0,6,58,14,78,0,0,54,1,55,0,6,112,15,133,246,24,270,403
10/14/2005,GGG,TX,ASW,CE,Combined TRACON& Tower with Radar,0,6,56,9,71,0,0,73,0,73,0,6,129,9,144,212,0,212,356
10/15/2005,GGG,TX,ASW,CE,Combined TRACON& Tower with Radar,0,6,15,11,32,0,0,81,0,81,0,6,96,11,113,296,8,304,417
10/16/2005,GGG,TX,ASW,CE,Combined TRACON& Tower with Radar,0,9,23,2,34,0,0,34,0,34,0,9,57,2,68,38,0,38,106
10/17/2005,GGG,TX,ASW,CE,Combined TRACON& Tower with Radar,0,6,54,3,63,0,0,84,0,84,0,6,138,3,147,354,2,356,503
10/18/2005,GGG,TX,ASW,CE,Combined TRACON& Tower with Radar,0,6,43,20,69,0,0,83,1,84,0,6,126,21,153,182,32,214,367
10/19/2005,GGG,TX,ASW,CE,Combined TRACON& Tower with Radar,0,6,54,9,69,0,0,97,1,98,0,6,151,10,167,250,18,268,435
10/20/2005,GGG,TX,ASW,CE,Combined TRACON& Tower with Radar,0,11,61,6,78,0,0,82,2,84,0,11,143,8,162,198,70,268,430
10/21/2005,GGG,TX,ASW,CE,Combined TRACON& Tower with Radar,0,6,67,9,82,0,0,113,1,114,0,6,180,10,196,300,18,318,514
10/22/2005,GGG,TX,ASW,CE,Combined TRACON& Tower with Radar,0,5,34,0,39,0,0,66,0,66,0,5,100,0,105,216,0,216,321
10/23/2005,GGG,TX,ASW,CE,Combined TRACON& Tower with Radar,0,6,24,0,30,0,0,16,0,16,0,6,40,0,46,0,0,0,46
10/24/2005,GGG,TX,ASW,CE,Combined TRACON& Tower with Radar,0,9,43,13,65,0,0,90,0,90,0,9,133,13,155,154,24,178,333
10/25/2005,GGG,TX,ASW,CE,Combined TRACON& Tower with Radar,0,7,47,0,54,0,0,126,3,129,0,7,173,3,183,238,2,240,423
10/26/2005,GGG,TX,ASW,CE,Combined TRACON& Tower with Radar,0,8,53,26,87,0,0,102,7,109,0,8,155,33,196,316,72,388,584
10/27/2005,GGG,TX,ASW,CE,Combined TRACON& Tower with Radar,0,9,55,24,88,0,0,74,4,78,0,9,129,28,166,260,102,362,528
10/28/2005,GGG,TX,ASW,CE,Combined TRACON& Tower with Radar,0,13,66,22,101,0,0,80,6,86,0,13,146,28,187,268,34,302,489
10/29/2005,GGG,TX,ASW,CE,Combined TRACON& Tower with Radar,0,6,32,4,42,0,0,65,0,65,0,6,97,4,107,128,0,128,235
10/30/2005,GGG,TX,ASW,CE,Combined TRACON& Tower with Radar,0,4,24,4,32,0,0,16,0,16,0,4,40,4,48,6,0,6,54
10/31/2005,GGG,TX,ASW,CE,Combined TRACON& Tower with Radar,0,7,28,2,37,0,0,20,0,20,0,7,48,2,57,28,0,28,85
11/01/2005,GGG,TX,ASW,CE,Combined TRACON& Tower with Radar,0,6,44,5,55,0,0,51,2,53,0,6,95,7,108,78,18,96,204
11/02/2005,GGG,TX,ASW,CE,Combined TRACON& Tower with Radar,0,10,40,3,53,0,0,82,6,88,0,10,122,9,141,140,12,152,293
11/03/2005,GGG,TX,ASW,CE,Combined TRACON& Tower with Radar,0,9,43,9,61,0,0,120,9,129,0,9,163,18,190,258,36,294,484
11/04/2005,GGG,TX,ASW,CE,Combined TRACON& Tower with Radar,0,6,50,3,59,0,0,73,0,73,0,6,123,3,132,242,4,246,378
11/05/2005,GGG,TX,ASW,CE,Combined TRACON& Tower with Radar,0,4,44,0,48,0,0,44,0,44,0,4,88,0,92,130,0,130,222
11/06/2005,GGG,TX,ASW,CE,Combined TRACON& Tower with Radar,0,6,30,9,45,0,0,20,2,22,0,6,50,11,67,6,2,8,75
11/07/2005,GGG,TX,ASW,CE,Combined TRACON& Tower with Radar,0,6,63,5,74,0,0,37,0,37,0,6,100,5,111,208,14,222,333
11/08/2005,GGG,TX,ASW,CE,Combined TRACON& Tower with Radar,0,6,58,11,75,0,0,49,0,49,0,6,107,11,124,228,22,250,374
11/09/2005,GGG,TX,ASW,CE,Combined TRACON& Tower with Radar,0,10,77,6,93,0,0,34,0,34,0,10,111,6,127,166,16,182,309
11/10/2005,GGG,TX,ASW,CE,Combined TRACON& Tower with Radar,0,6,68,3,77,0,0,67,0,67,0,6,135,3,144,302,4,306,450
11/11/2005,GGG,TX,ASW,CE,Combined TRACON& Tower with Radar,0,6,42,0,48,0,0,83,0,83,0,6,125,0,131,334,0,334,465
11/12/2005,GGG,TX,ASW,CE,Combined TRACON& Tower with Radar,0,6,61,6,73,0,0,39,0,39,0,6,100,6,112,162,0,162,274
11/13/2005,GGG,TX,ASW,CE,Combined TRACON& Tower with Radar,0,6,19,6,31,0,0,15,0,15,0,6,34,6,46,24,8,32,78
11/14/2005,GGG,TX,ASW,CE,Combined TRACON& Tower with Radar,0,7,60,2,69,0,0,46,0,46,0,7,106,2,115,196,12,208,323
11/15/2005,GGG,TX,ASW,CE,Combined TRACON& Tower with Radar,0,6,31,4,41,0,0,34,0,34,0,6,65,4,75,142,0,142,217
11/16/2005,GGG,TX,ASW,CE,Combined TRACON& Tower with Radar,0,7,59,6,72,0,0,77,1,78,0,7,136,7,150,240,2,242,392
11/17/2005,GGG,TX,ASW,CE,Combined TRACON& Tower with Radar,0,9,31,3,43,0,2,113,2,117,0,11,144,5,160,294,4,298,458
11/18/2005,GGG,TX,ASW,CE,Combined TRACON& Tower with Radar,0,6,45,5,56,0,0,122,1,123,0,6,167,6,179,382,20,402,581
11/19/2005,GGG,TX,ASW,CE,Combined TRACON& Tower with Radar,0,5,22,2,29,0,0,87,0,87,0,5,109,2,116,280,0,280,396
11/20/2005,GGG,TX,ASW,CE,Combined TRACON& Tower with Radar,0,8,10,0,18,0,0,22,0,22,0,8,32,0,40,18,0,18,58
11/21/2005,GGG,TX,ASW,CE,Combined TRACON& Tower with Radar,1,6,45,1,53,1,0,83,0,84,2,6,128,1,137,166,0,166,303
11/22/2005,GGG,TX,ASW,CE,Combined TRACON& Tower with Radar,0,6,28,13,47,0,0,27,2,29,0,6,55,15,76,62,62,124,200
11/23/2005,GGG,TX,ASW,CE,Combined TRACON& Tower with Radar,0,7,44,10,61,0,1,102,1,104,0,8,146,11,165,206,28,234,399
11/24/2005,GGG,TX,ASW,CE,Combined TRACON& Tower with Radar,0,4,4,0,8,0,0,12,0,12,0,4,16,0,20,2,0,2,22
11/25/2005,GGG,TX,ASW,CE,Combined TRACON& Tower with Radar,0,6,22,0,28,0,0,25,0,25,0,6,47,0,53,100,0,100,153
11/26/2005,GGG,TX,ASW,CE,Combined TRACON& Tower with Radar,0,6,8,0,14,0,0,9,0,9,0,6,17,0,23,44,0,44,67
11/27/2005,GGG,TX,ASW,CE,Combined TRACON& Tower with Radar,0,6,25,1,32,0,0,11,1,12,0,6,36,2,44,0,0,0,44
11/28/2005,GGG,TX,ASW,CE,Combined TRACON& Tower with Radar,0,7,63,44,114,0,0,76,3,79,0,7,139,47,193,168,116,284,477
11/29/2005,GGG,TX,ASW,CE,Combined TRACON& Tower with Radar,0,6,47,4,57,0,0,102,3,105,0,6,149,7,162,158,46,204,366
11/30/2005,GGG,TX,ASW,CE,Combined TRACON& Tower with Radar,0,6,51,7,64,0,0,89,0,89,0,6,140,7,153,324,12,336,489
12/01/2005,GGG,TX,ASW,CE,Combined TRACON& Tower with Radar,0,8,27,0,35,0,0,91,0,91,0,8,118,0,126,270,0,270,396
12/02/2005,GGG,TX,ASW,CE,Combined TRACON& Tower with Radar,0,6,44,2,52,0,0,80,0,80,0,6,124,2,132,346,26,372,504
12/03/2005,GGG,TX,ASW,CE,Combined TRACON& Tower with Radar,0,6,36,0,42,0,0,48,0,48,0,6,84,0,90,158,0,158,248
12/04/2005,GGG,TX,ASW,CE,Combined TRACON& Tower with Radar,0,6,22,0,28,0,0,14,0,14,0,6,36,0,42,10,0,10,52
12/05/2005,GGG,TX,ASW,CE,Combined TRACON& Tower with Radar,0,6,43,19,68,0,0,85,0,85,0,6,128,19,153,276,20,296,449
12/06/2005,GGG,TX,ASW,CE,Combined TRACON& Tower with Radar,0,6,50,4,60,0,0,78,2,80,0,6,128,6,140,150,2,152,292
12/07/2005,GGG,TX,ASW,CE,Combined TRACON& Tower with Radar,0,5,36,5,46,0,0,57,0,57,0,5,93,5,103,152,12,164,267
12/08/2005,GGG,TX,ASW,CE,Combined TRACON& Tower with Radar,0,3,31,1,35,0,0,24,0,24,0,3,55,1,59,68,0,68,127
12/09/2005,GGG,TX,ASW,CE,Combined TRACON& Tower with Radar,0,6,25,3,34,0,0,82,0,82,0,6,107,3,116,198,0,198,314
12/10/2005,GGG,TX,ASW,CE,Combined TRACON& Tower with Radar,3,7,50,8,68,0,0,65,2,67,3,7,115,10,135,255,30,285,420
12/11/2005,GGG,TX,ASW,CE,Combined TRACON& Tower with Radar,0,6,26,4,36,0,0,19,1,20,0,6,45,5,56,42,2,44,100
12/12/2005,GGG,TX,ASW,CE,Combined TRACON& Tower with Radar,0,5,30,6,41,0,0,75,0,75,0,5,105,6,116,192,2,194,310
12/13/2005,GGG,TX,ASW,CE,Combined TRACON& Tower with Radar,0,6,55,8,69,0,0,64,2,66,0,6,119,10,135,266,20,286,421
12/14/2005,GGG,TX,ASW,CE,Combined TRACON& Tower with Radar,0,6,60,0,66,0,0,24,0,24,0,6,84,0,90,56,0,56,146
12/15/2005,GGG,TX,ASW,CE,Combined TRACON& Tower with Radar,0,7,52,2,61,0,0,78,0,78,0,7,130,2,139,200,0,200,339
12/16/2005,GGG,TX,ASW,CE,Combined TRACON& Tower with Radar,0,6,47,9,62,0,0,63,0,63,0,6,110,9,125,178,48,226,351
12/17/2005,GGG,TX,ASW,CE,Combined TRACON& Tower with Radar,0,6,21,0,27,0,0,35,0,35,0,6,56,0,62,62,0,62,124
12/18/2005,GGG,TX,ASW,CE,Combined TRACON& Tower with Radar,0,7,22,3,32,0,0,22,0,22,0,7,44,3,54,10,4,14,68
12/19/2005,GGG,TX,ASW,CE,Combined TRACON& Tower with Radar,0,9,39,17,65,0,0,64,2,66,0,9,103,19,131,126,18,144,275
12/20/2005,GGG,TX,ASW,CE,Combined TRACON& Tower with Radar,0,9,38,10,57,0,0,7,0,7,0,9,45,10,64,0,14,14,78
12/21/2005,GGG,TX,ASW,CE,Combined TRACON& Tower with Radar,0,6,57,0,63,0,0,18,0,18,0,6,75,0,81,28,0,28,109
12/22/2005,GGG,TX,ASW,CE,Combined TRACON& Tower with Radar,0,6,27,6,39,0,0,32,1,33,0,6,59,7,72,36,20,56,128
12/23/2005,GGG,TX,ASW,CE,Combined TRACON& Tower with Radar,0,8,13,3,24,0,0,31,0,31,0,8,44,3,55,14,10,24,79
12/24/2005,GGG,TX,ASW,CE,Combined TRACON& Tower with Radar,0,8,14,0,22,0,0,13,0,13,0,8,27,0,35,22,0,22,57
12/25/2005,GGG,TX,ASW,CE,Combined TRACON& Tower with Radar,0,7,9,0,16,0,0,12,0,12,0,7,21,0,28,0,0,0,28
12/26/2005,GGG,TX,ASW,CE,Combined TRACON& Tower with Radar,0,8,23,0,31,0,0,29,0,29,0,8,52,0,60,18,0,18,78
12/27/2005,GGG,TX,ASW,CE,Combined TRACON& Tower with Radar,0,6,19,1,26,0,0,4,0,4,0,6,23,1,30,0,0,0,30
12/28/2005,GGG,TX,ASW,CE,Combined TRACON& Tower with Radar,0,6,25,3,34,0,0,32,0,32,0,6,57,3,66,18,6,24,90
12/29/2005,GGG,TX,ASW,CE,Combined TRACON& Tower with Radar,0,6,28,0,34,0,0,28,1,29,0,6,56,1,63,20,0,20,83
12/30/2005,GGG,TX,ASW,CE,Combined TRACON& Tower with Radar,0,6,14,0,20,0,0,13,0,13,0,6,27,0,33,2,0,2,35
12/31/2005,GGG,TX,ASW,CE,Combined TRACON& Tower with Radar,0,6,21,0,27,0,0,10,2,12,0,6,31,2,39,12,0,12,51
01/01/2006,GGG,TX,ASW,CE,Combined TRACON& Tower with Radar,0,7,12,0,19,0,0,13,0,13,0,7,25,0,32,0,0,0,32
01/02/2006,GGG,TX,ASW,CE,Combined TRACON& Tower with Radar,0,5,21,0,26,0,0,28,0,28,0,5,49,0,54,10,0,10,64
01/03/2006,GGG,TX,ASW,CE,Combined TRACON& Tower with Radar,0,6,25,8,39,0,0,30,2,32,0,6,55,10,71,76,34,110,181
01/04/2006,GGG,TX,ASW,CE,Combined TRACON& Tower with Radar,0,7,28,8,43,0,0,23,0,23,0,7,51,8,66,52,34,86,152
01/05/2006,GGG,TX,ASW,CE,Combined TRACON& Tower with Radar,0,6,34,7,47,0,0,32,1,33,0,6,66,8,80,74,56,130,210
01/06/2006,GGG,TX,ASW,CE,Combined TRACON& Tower with Radar,0,8,17,9,34,0,0,41,3,44,0,8,58,12,78,44,14,58,136
01/07/2006,GGG,TX,ASW,CE,Combined TRACON& Tower with Radar,0,8,25,16,49,0,0,25,0,25,0,8,50,16,74,16,20,36,110
01/08/2006,GGG,TX,ASW,CE,Combined TRACON& Tower with Radar,0,6,11,0,17,0,0,10,0,10,0,6,21,0,27,10,0,10,37
01/09/2006,GGG,TX,ASW,CE,Combined TRACON& Tower with Radar,0,6,33,3,42,0,0,34,0,34,0,6,67,3,76,184,0,184,260
01/10/2006,GGG,TX,ASW,CE,Combined TRACON& Tower with Radar,0,7,49,23,79,0,0,46,2,48,0,7,95,25,127,152,74,226,353
01/11/2006,GGG,TX,ASW,CE,Combined TRACON& Tower with Radar,0,7,45,11,63,0,0,56,0,56,0,7,101,11,119,146,36,182,301
01/12/2006,GGG,TX,ASW,CE,Combined TRACON& Tower with Radar,0,9,52,5,66,0,0,26,0,26,0,9,78,5,92,154,6,160,252
01/13/2006,GGG,TX,ASW,CE,Combined TRACON& Tower with Radar,0,6,24,10,40,0,0,46,0,46,0,6,70,10,86,20,0,20,106
01/14/2006,GGG,TX,ASW,CE,Combined TRACON& Tower with Radar,0,8,18,0,26,0,0,73,1,74,0,8,91,1,100,140,0,140,240
01/15/2006,GGG,TX,ASW,CE,Combined TRACON& Tower with Radar,0,6,7,0,13,0,1,22,0,23,0,7,29,0,36,70,0,70,106
01/16/2006,GGG,TX,ASW,CE,Combined TRACON& Tower with Radar,0,9,18,0,27,0,0,3,0,3,0,9,21,0,30,20,0,20,50
01/17/2006,GGG,TX,ASW,CE,Combined TRACON& Tower with Radar,0,8,43,10,61,0,0,78,0,78,0,8,121,10,139,58,34,92,231
01/18/2006,GGG,TX,ASW,CE,Combined TRACON& Tower with Radar,0,6,28,6,40,0,0,87,0,87,0,6,115,6,127,95,18,113,240
01/19/2006,GGG,TX,ASW,CE,Combined TRACON& Tower with Radar,0,9,38,9,56,0,0,58,2,60,0,9,96,11,116,38,50,88,204
01/20/2006,GGG,TX,ASW,CE,Combined TRACON& Tower with Radar,0,6,48,29,83,0,0,63,4,67,0,6,111,33,150,122,46,168,318
01/21/2006,GGG,TX,ASW,CE,Combined TRACON& Tower with Radar,0,9,19,6,34,0,0,95,1,96,0,9,114,7,130,144,40,184,314
01/22/2006,GGG,TX,ASW,CE,Combined TRACON& Tower with Radar,0,6,7,0,13,0,0,0,0,0,0,6,7,0,13,0,0,0,13
01/23/2006,GGG,TX,ASW,CE,Combined TRACON& Tower with Radar,0,6,68,8,82,0,0,7,0,7,0,6,75,8,89,82,12,94,183
01/24/2006,GGG,TX,ASW,CE,Combined TRACON& Tower with Radar,0,6,13,0,19,0,0,74,0,74,0,6,87,0,93,62,0,62,155
01/25/2006,GGG,TX,ASW,CE,Combined TRACON& Tower with Radar,0,15,36,49,100,0,0,116,1,117,0,15,152,50,217,98,78,176,393
01/26/2006,GGG,TX,ASW,CE,Combined TRACON& Tower with Radar,0,7,31,11,49,0,0,95,0,95,0,7,126,11,144,138,22,160,304
01/27/2006,GGG,TX,ASW,CE,Combined TRACON& Tower with Radar,0,8,33,14,55,0,0,182,0,182,0,8,215,14,237,96,20,116,353
01/28/2006,GGG,TX,ASW,CE,Combined TRACON& Tower with Radar,0,8,5,0,13,0,0,0,0,0,0,8,5,0,13,0,0,0,13
01/29/2006,GGG,TX,ASW,CE,Combined TRACON& Tower with Radar,0,8,12,0,20,0,0,43,0,43,0,8,55,0,63,68,0,68,131
01/30/2006,GGG,TX,ASW,CE,Combined TRACON& Tower with Radar,0,8,20,16,44,0,0,96,0,96,0,8,116,16,140,138,26,164,304
01/31/2006,GGG,TX,ASW,CE,Combined TRACON& Tower with Radar,0,6,22,4,32,0,0,77,0,77,0,6,99,4,109,190,20,210,319
02/01/2006,GGG,TX,ASW,CE,Combined TRACON& Tower with Radar,0,7,32,5,44,0,0,55,0,55,0,7,87,5,99,104,0,104,203
02/02/2006,GGG,TX,ASW,CE,Combined TRACON& Tower with Radar,1,9,37,15,62,0,0,52,3,55,1,9,89,18,117,106,22,128,245
02/03/2006,GGG,TX,ASW,CE,Combined TRACON& Tower with Radar,0,6,35,5,46,0,0,53,2,55,0,6,88,7,101,98,8,106,207
02/04/2006,GGG,TX,ASW,CE,Combined TRACON& Tower with Radar,0,6,7,0,13,0,0,91,0,91,0,6,98,0,104,98,0,98,202
02/05/2006,GGG,TX,ASW,CE,Combined TRACON& Tower with Radar,0,7,21,6,34,0,0,26,0,26,0,7,47,6,60,82,16,98,158
02/06/2006,GGG,TX,ASW,CE,Combined TRACON& Tower with Radar,0,6,31,10,47,0,0,84,0,84,0,6,115,10,131,74,18,92,223
02/07/2006,GGG,TX,ASW,CE,Combined TRACON& Tower with Radar,0,7,42,3,52,0,0,94,0,94,0,7,136,3,146,138,6,144,290
02/08/2006,GGG,TX,ASW,CE,Combined TRACON& Tower with Radar,0,6,39,4,49,0,0,101,1,102,0,6,140,5,151,202,8,210,361
02/09/2006,GGG,TX,ASW,CE,Combined TRACON& Tower with Radar,0,8,41,0,49,0,0,96,0,96,0,8,137,0,145,140,0,140,285
02/10/2006,GGG,TX,ASW,CE,Combined TRACON& Tower with Radar,0,8,31,0,39,0,0,0,0,0,0,8,31,0,39,0,0,0,39
02/11/2006,GGG,TX,ASW,CE,Combined TRACON& Tower with Radar,0,7,22,0,29,0,0,70,0,70,0,7,92,0,99,54,0,54,153
02/12/2006,GGG,TX,ASW,CE,Combined TRACON& Tower with Radar,0,6,14,0,20,0,0,26,0,26,0,6,40,0,46,32,0,32,78
02/13/2006,GGG,TX,ASW,CE,Combined TRACON& Tower with Radar,0,8,30,34,72,0,0,97,0,97,0,8,127,34,169,146,66,212,381
02/14/2006,GGG,TX,ASW,CE,Combined TRACON& Tower with Radar,0,6,40,16,62,0,0,110,0,110,0,6,150,16,172,178,24,202,374
02/15/2006,GGG,TX,ASW,CE,Combined TRACON& Tower with Radar,0,9,62,10,81,0,0,46,1,47,0,9,108,11,128,106,12,118,246
02/16/2006,GGG,TX,ASW,CE,Combined TRACON& Tower with Radar,0,6,35,9,50,0,0,64,3,67,0,6,99,12,117,238,20,258,375
02/17/2006,GGG,TX,ASW,CE,Combined TRACON& Tower with Radar,0,6,32,17,55,0,0,95,0,95,0,6,127,17,150,230,56,286,436
02/18/2006,GGG,TX,ASW,CE,Combined TRACON& Tower with Radar,0,3,6,0,9,0,0,0,0,0,0,3,6,0,9,0,0,0,9
02/19/2006,GGG,TX,ASW,CE,Combined TRACON& Tower with Radar,0,5,18,0,23,0,0,3,0,3,0,5,21,0,26,14,0,14,40
02/20/2006,GGG,TX,ASW,CE,Combined TRACON& Tower with Radar,0,4,52,0,56,0,0,0,0,0,0,4,52,0,56,2,0,2,58
02/21/2006,GGG,TX,ASW,CE,Combined TRACON& Tower with Radar,0,9,20,0,29,0,0,0,0,0,0,9,20,0,29,0,0,0,29
02/22/2006,GGG,TX,ASW,CE,Combined TRACON& Tower with Radar,0,6,21,0,27,0,0,0,0,0,0,6,21,0,27,0,0,0,27
02/23/2006,GGG,TX,ASW,CE,Combined TRACON& Tower with Radar,0,6,48,2,56,0,0,93,2,95,0,6,141,4,151,362,0,362,513
02/24/2006,GGG,TX,ASW,CE,Combined TRACON& Tower with Radar,0,7,64,9,80,0,0,86,2,88,0,7,150,11,168,284,42,326,494
02/25/2006,GGG,TX,ASW,CE,Combined TRACON& Tower with Radar,0,5,25,0,30,0,0,1,0,1,0,5,26,0,31,0,0,0,31
02/26/2006,GGG,TX,ASW,CE,Combined TRACON& Tower with Radar,0,5,26,4,35,0,0,61,0,61,0,5,87,4,96,112,6,118,214
02/27/2006,GGG,TX,ASW,CE,Combined TRACON& Tower with Radar,0,4,49,0,53,0,0,95,0,95,0,4,144,0,148,246,0,246,394
02/28/2006,GGG,TX,ASW,CE,Combined TRACON& Tower with Radar,0,6,45,16,67,0,0,88,3,91,0,6,133,19,158,276,66,342,500
03/01/2006,GGG,TX,ASW,CE,Combined TRACON& Tower with Radar,0,7,86,6,99,0,0,89,0,89,0,7,175,6,188,242,0,242,430
03/02/2006,GGG,TX,ASW,CE,Combined TRACON& Tower with Radar,0,6,88,12,106,0,0,110,2,112,0,6,198,14,218,422,22,444,662
03/03/2006,GGG,TX,ASW,CE,Combined TRACON& Tower with Radar,0,8,64,7,79,0,1,131,0,132,0,9,195,7,211,338,14,352,563
03/04/2006,GGG,TX,ASW,CE,Combined TRACON& Tower with Radar,0,6,43,0,49,0,1,117,0,118,0,7,160,0,167,288,0,288,455
03/05/2006,GGG,TX,ASW,CE,Combined TRACON& Tower with Radar,0,6,32,0,38,0,0,37,0,37,0,6,69,0,75,66,0,66,141
03/06/2006,GGG,TX,ASW,CE,Combined TRACON& Tower with Radar,0,6,56,5,67,0,2,115,0,117,0,8,171,5,184,356,52,408,592
03/07/2006,GGG,TX,ASW,CE,Combined TRACON& Tower with Radar,0,8,52,7,67,0,0,30,0,30,0,8,82,7,97,132,6,138,235
03/08/2006,GGG,TX,ASW,CE,Combined TRACON& Tower with Radar,0,8,57,33,98,0,0,52,0,52,0,8,109,33,150,338,26,364,514
03/09/2006,GGG,TX,ASW,CE,Combined TRACON& Tower with Radar,0,7,22,0,29,0,0,39,0,39,0,7,61,0,68,110,0,110,178
03/10/2006,GGG,TX,ASW,CE,Combined TRACON& Tower with Radar,0,8,61,0,69,0,0,95,0,95,0,8,156,0,164,466,0,466,630
03/11/2006,GGG,TX,ASW,CE,Combined TRACON& Tower with Radar,0,7,45,3,55,0,0,0,0,0,0,7,45,3,55,262,0,262,317
03/12/2006,GGG,TX,ASW,CE,Combined TRACON& Tower with Radar,0,7,29,3,39,0,0,5,0,5,0,7,34,3,44,4,8,12,56
03/13/2006,GGG,TX,ASW,CE,Combined TRACON& Tower with Radar,0,6,46,0,52,0,0,65,0,65,0,6,111,0,117,246,0,246,363
03/14/2006,GGG,TX,ASW,CE,Combined TRACON& Tower with Radar,0,6,39,14,59,0,0,154,0,154,0,6,193,14,213,428,0,428,641
03/15/2006,GGG,TX,ASW,CE,Combined TRACON& Tower with Radar,0,8,44,9,61,0,0,92,1,93,0,8,136,10,154,340,10,350,504
03/16/2006,GGG,TX,ASW,CE,Combined TRACON& Tower with Radar,0,6,69,0,75,0,0,37,0,37,0,6,106,0,112,216,2,218,330
03/17/2006,GGG,TX,ASW,CE,Combined TRACON& Tower with Radar,0,7,50,6,63,0,4,72,4,80,0,11,122,10,143,180,2,182,325
03/18/2006,GGG,TX,ASW,CE,Combined TRACON& Tower with Radar,0,8,15,0,23,0,0,14,0,14,0,8,29,0,37,60,0,60,97
03/19/2006,GGG,TX,ASW,CE,Combined TRACON& Tower with Radar,0,9,17,0,26,0,0,0,0,0,0,9,17,0,26,0,0,0,26
03/20/2006,GGG,TX,ASW,CE,Combined TRACON& Tower with Radar,0,12,49,26,87,0,0,44,0,44,0,12,93,26,131,184,20,204,335
03/21/2006,GGG,TX,ASW,CE,Combined TRACON& Tower with Radar,0,7,62,14,83,0,1,125,5,131,0,8,187,19,214,342,58,400,614
03/22/2006,GGG,TX,ASW,CE,Combined TRACON& Tower with Radar,0,8,73,4,85,0,0,105,4,109,0,8,178,8,194,426,0,426,620
03/23/2006,GGG,TX,ASW,CE,Combined TRACON& Tower with Radar,0,6,58,9,73,0,0,43,2,45,0,6,101,11,118,400,50,450,568
03/24/2006,GGG,TX,ASW,CE,Combined TRACON& Tower with Radar,0,6,46,7,59,0,0,173,2,175,0,6,219,9,234,408,12,420,654
03/25/2006,GGG,TX,ASW,CE,Combined TRACON& Tower with Radar,0,8,28,21,57,0,0,117,3,120,0,8,145,24,177,342,14,356,533
03/26/2006,GGG,TX,ASW,CE,Combined TRACON& Tower with Radar,0,6,23,0,29,0,0,52,0,52,0,6,75,0,81,62,0,62,143
03/27/2006,GGG,TX,ASW,CE,Combined TRACON& Tower with Radar,0,6,49,2,57,0,0,60,0,60,0,6,109,2,117,310,0,310,427
03/28/2006,GGG,TX,ASW,CE,Combined TRACON& Tower with Radar,0,9,34,0,43,0,0,0,0,0,0,9,34,0,43,268,0,268,311
03/29/2006,GGG,TX,ASW,CE,Combined TRACON& Tower with Radar,0,7,62,0,69,0,0,63,0,63,0,7,125,0,132,236,0,236,368
03/30/2006,GGG,TX,ASW,CE,Combined TRACON& Tower with Radar,0,6,87,5,98,0,0,80,0,80,0,6,167,5,178,416,18,434,612
03/31/2006,GGG,TX,ASW,CE,Combined TRACON& Tower with Radar,0,6,77,16,99,0,0,0,0,0,0,6,77,16,99,318,40,358,457
04/01/2006,GGG,TX,ASW,CE,Combined TRACON& Tower with Radar,0,6,49,0,55,0,0,52,0,52,0,6,101,0,107,240,0,240,347
04/02/2006,GGG,TX,ASW,CE,Combined TRACON& Tower with Radar,0,5,12,3,20,0,0,18,0,18,0,5,30,3,38,42,0,42,80
04/03/2006,GGG,TX,ASW,CE,Combined TRACON& Tower with Radar,0,8,52,4,64,0,0,110,0,110,0,8,162,4,174,254,0,254,428
04/04/2006,GGG,TX,ASW,CE,Combined TRACON& Tower with Radar,0,7,72,5,84,0,0,130,0,130,0,7,202,5,214,288,18,306,520
04/05/2006,GGG,TX,ASW,CE,Combined TRACON& Tower with Radar,0,8,89,8,105,0,0,91,0,91,0,8,180,8,196,298,0,298,494
04/06/2006,GGG,TX,ASW,CE,Combined TRACON& Tower with Radar,4,11,52,18,85,0,0,70,1,71,4,11,122,19,156,230,18,248,404
04/07/2006,GGG,TX,ASW,CE,Combined TRACON& Tower with Radar,0,10,62,20,92,0,0,78,2,80,0,10,140,22,172,286,28,314,486
04/08/2006,GGG,TX,ASW,CE,Combined TRACON& Tower with Radar,0,7,31,1,39,0,0,69,0,69,0,7,100,1,108,202,0,202,310
04/09/2006,GGG,TX,ASW,CE,Combined TRACON& Tower with Radar,0,9,15,2,26,0,0,46,0,46,0,9,61,2,72,180,0,180,252
04/10/2006,GGG,TX,ASW,CE,Combined TRACON& Tower with Radar,0,9,42,13,64,0,1,101,0,102,0,10,143,13,166,242,22,264,430
04/11/2006,GGG,TX,ASW,CE,Combined TRACON& Tower with Radar,0,6,50,23,79,0,0,81,0,81,0,6,131,23,160,326,20,346,506
04/12/2006,GGG,TX,ASW,CE,Combined TRACON& Tower with Radar,0,11,61,12,84,0,0,115,0,115,0,11,176,12,199,330,34,364,563
04/13/2006,GGG,TX,ASW,CE,Combined TRACON& Tower with Radar,0,7,61,0,68,0,0,117,1,118,0,7,178,1,186,432,0,432,618
04/14/2006,GGG,TX,ASW,CE,Combined TRACON& Tower with Radar,0,7,23,12,42,0,0,31,4,35,0,7,54,16,77,56,52,108,185
04/15/2006,GGG,TX,ASW,CE,Combined TRACON& Tower with Radar,0,6,43,0,49,0,0,45,0,45,0,6,88,0,94,88,0,88,182
04/16/2006,GGG,TX,ASW,CE,Combined TRACON& Tower with Radar,0,5,12,0,17,0,0,19,0,19,0,5,31,0,36,0,0,0,36
04/17/2006,GGG,TX,ASW,CE,Combined TRACON& Tower with Radar,0,10,72,6,88,0,1,98,0,99,0,11,170,6,187,276,10,286,473
04/18/2006,GGG,TX,ASW,CE,Combined TRACON& Tower with Radar,0,8,51,2,61,0,0,127,4,131,0,8,178,6,192,348,18,366,558
04/19/2006,GGG,TX,ASW,CE,Combined TRACON& Tower with Radar,0,6,42,8,56,0,1,134,1,136,0,7,176,9,192,252,32,284,476
04/20/2006,GGG,TX,ASW,CE,Combined TRACON& Tower with Radar,0,6,52,0,58,0,0,104,0,104,0,6,156,0,162,564,0,564,726
04/21/2006,GGG,TX,ASW,CE,Combined TRACON& Tower with Radar,0,4,87,0,91,0,0,83,0,83,0,4,170,0,174,318,6,324,498
04/22/2006,GGG,TX,ASW,CE,Combined TRACON& Tower with Radar,0,6,30,0,36,0,0,120,0,120,0,6,150,0,156,386,0,386,542
04/23/2006,GGG,TX,ASW,CE,Combined TRACON& Tower with Radar,0,6,49,0,55,0,0,59,0,59,0,6,108,0,114,76,0,76,190
04/24/2006,GGG,TX,ASW,CE,Combined TRACON& Tower with Radar,0,12,53,9,74,0,0,81,2,83,0,12,134,11,157,238,2,240,397
04/25/2006,GGG,TX,ASW,CE,Combined TRACON& Tower with Radar,0,11,57,0,68,0,0,18,0,18,0,11,75,0,86,90,6,96,182
04/26/2006,GGG,TX,ASW,CE,Combined TRACON& Tower with Radar,0,6,85,4,95,0,0,41,1,42,0,6,126,5,137,152,16,168,305
04/27/2006,GGG,TX,ASW,CE,Combined TRACON& Tower with Radar,0,6,38,7,51,0,0,125,1,126,0,6,163,8,177,408,6,414,591
04/28/2006,GGG,TX,ASW,CE,Combined TRACON& Tower with Radar,0,5,53,0,58,0,0,83,0,83,0,5,136,0,141,366,0,366,507
04/29/2006,GGG,TX,ASW,CE,Combined TRACON& Tower with Radar,0,6,27,0,33,0,0,32,0,32,0,6,59,0,65,166,0,166,231
04/30/2006,GGG,TX,ASW,CE,Combined TRACON& Tower with Radar,0,6,15,0,21,0,0,47,0,47,0,6,62,0,68,36,0,36,104
05/01/2006,GGG,TX,ASW,CE,Combined TRACON& Tower with Radar,0,11,47,12,70,0,0,110,0,110,0,11,157,12,180,256,4,260,440
05/02/2006,GGG,TX,ASW,CE,Combined TRACON& Tower with Radar,0,9,78,9,96,0,0,102,4,106,0,9,180,13,202,264,60,324,526
05/03/2006,GGG,TX,ASW,CE,Combined TRACON& Tower with Radar,0,8,60,14,82,0,0,63,0,63,0,8,123,14,145,176,12,188,333
05/04/2006,GGG,TX,ASW,CE,Combined TRACON& Tower with Radar,0,6,52,0,58,0,0,87,0,87,0,6,139,0,145,304,0,304,449
05/05/2006,GGG,TX,ASW,CE,Combined TRACON& Tower with Radar,0,6,41,2,49,0,0,63,3,66,0,6,104,5,115,170,0,170,285
05/06/2006,GGG,TX,ASW,CE,Combined TRACON& Tower with Radar,0,6,12,2,20,0,0,4,0,4,0,6,16,2,24,14,0,14,38
05/07/2006,GGG,TX,ASW,CE,Combined TRACON& Tower with Radar,0,5,32,0,37,0,0,3,0,3,0,5,35,0,40,0,0,0,40
05/08/2006,GGG,TX,ASW,CE,Combined TRACON& Tower with Radar,0,6,35,5,46,0,0,24,0,24,0,6,59,5,70,72,0,72,142
05/09/2006,GGG,TX,ASW,CE,Combined TRACON& Tower with Radar,0,6,26,0,32,0,0,16,0,16,0,6,42,0,48,32,0,32,80
05/10/2006,GGG,TX,ASW,CE,Combined TRACON& Tower with Radar,0,8,50,5,63,0,0,46,2,48,0,8,96,7,111,84,10,94,205
05/11/2006,GGG,TX,ASW,CE,Combined TRACON& Tower with Radar,2,5,53,6,66,0,0,109,1,110,2,5,162,7,176,236,8,244,420
05/12/2006,GGG,TX,ASW,CE,Combined TRACON& Tower with Radar,0,9,48,11,68,0,0,108,4,112,0,9,156,15,180,180,44,224,404
05/13/2006,GGG,TX,ASW,CE,Combined TRACON& Tower with Radar,0,6,20,0,26,0,0,54,0,54,0,6,74,0,80,34,0,34,114
05/14/2006,GGG,TX,ASW,CE,Combined TRACON& Tower with Radar,2,10,19,0,31,0,1,27,0,28,2,11,46,0,59,66,0,66,125
05/15/2006,GGG,TX,ASW,CE,Combined TRACON& Tower with Radar,0,6,51,1,58,0,0,99,0,99,0,6,150,1,157,130,0,130,287
05/16/2006,GGG,TX,ASW,CE,Combined TRACON& Tower with Radar,0,12,50,7,69,0,0,115,0,115,0,12,165,7,184,206,52,258,442
05/17/2006,GGG,TX,ASW,CE,Combined TRACON& Tower with Radar,0,5,40,7,52,0,0,119,0,119,0,5,159,7,171,220,18,238,409
05/18/2006,GGG,TX,ASW,CE,Combined TRACON& Tower with Radar,1,7,58,14,80,0,0,104,0,104,1,7,162,14,184,174,14,188,372
05/19/2006,GGG,TX,ASW,CE,Combined TRACON& Tower with Radar,0,7,42,4,53,0,0,101,0,101,0,7,143,4,154,210,4,214,368
05/20/2006,GGG,TX,ASW,CE,Combined TRACON& Tower with Radar,0,6,13,0,19,0,0,41,2,43,0,6,54,2,62,220,0,220,282
05/21/2006,GGG,TX,ASW,CE,Combined TRACON& Tower with Radar,0,7,28,0,35,0,0,29,0,29,0,7,57,0,64,24,0,24,88
05/22/2006,GGG,TX,ASW,CE,Combined TRACON& Tower with Radar,0,7,28,19,54,0,0,75,2,77,0,7,103,21,131,164,48,212,343
05/23/2006,GGG,TX,ASW,CE,Combined TRACON& Tower with Radar,0,6,73,9,88,0,0,101,0,101,0,6,174,9,189,244,22,266,455
05/24/2006,GGG,TX,ASW,CE,Combined TRACON& Tower with Radar,0,5,67,4,76,0,0,144,1,145,0,5,211,5,221,250,16,266,487
05/25/2006,GGG,TX,ASW,CE,Combined TRACON& Tower with Radar,0,7,43,4,54,0,0,97,0,97,0,7,140,4,151,348,2,350,501
05/26/2006,GGG,TX,ASW,CE,Combined TRACON& Tower with Radar,0,9,31,3,43,0,0,111,0,111,0,9,142,3,154,278,0,278,432
05/27/2006,GGG,TX,ASW,CE,Combined TRACON& Tower with Radar,0,7,22,0,29,0,0,58,0,58,0,7,80,0,87,128,0,128,215
05/28/2006,GGG,TX,ASW,CE,Combined TRACON& Tower with Radar,0,6,9,0,15,0,0,10,0,10,0,6,19,0,25,0,0,0,25
05/29/2006,GGG,TX,ASW,CE,Combined TRACON& Tower with Radar,0,6,17,0,23,0,0,47,0,47,0,6,64,0,70,150,0,150,220
05/30/2006,GGG,TX,ASW,CE,Combined TRACON& Tower with Radar,0,9,32,12,53,0,0,68,1,69,0,9,100,13,122,210,14,224,346
05/31/2006,GGG,TX,ASW,CE,Combined TRACON& Tower with Radar,0,7,41,13,61,0,0,73,1,74,0,7,114,14,135,256,36,292,427
06/01/2006,GGG,TX,ASW,CE,Combined TRACON& Tower with Radar,0,8,30,13,51,0,0,92,1,93,0,8,122,14,144,210,36,246,390
06/02/2006,GGG,TX,ASW,CE,Combined TRACON& Tower with Radar,0,6,24,5,35,0,0,94,0,94,0,6,118,5,129,292,14,306,435
06/03/2006,GGG,TX,ASW,CE,Combined TRACON& Tower with Radar,0,8,26,18,52,0,0,0,0,0,0,8,26,18,52,64,38,102,154
06/04/2006,GGG,TX,ASW,CE,Combined TRACON& Tower with Radar,0,6,6,7,19,0,0,39,1,40,0,6,45,8,59,16,0,16,75
06/05/2006,GGG,TX,ASW,CE,Combined TRACON& Tower with Radar,0,7,27,0,34,0,0,72,0,72,0,7,99,0,106,150,0,150,256
06/06/2006,GGG,TX,ASW,CE,Combined TRACON& Tower with Radar,0,7,29,17,53,0,0,91,2,93,0,7,120,19,146,222,36,258,404
06/07/2006,GGG,TX,ASW,CE,Combined TRACON& Tower with Radar,0,7,33,19,59,0,0,102,0,102,0,7,135,19,161,240,70,310,471
06/08/2006,GGG,TX,ASW,CE,Combined TRACON& Tower with Radar,0,5,42,4,51,0,0,102,0,102,0,5,144,4,153,238,6,244,397
06/09/2006,GGG,TX,ASW,CE,Combined TRACON& Tower with Radar,0,6,26,15,47,0,0,69,0,69,0,6,95,15,116,222,34,256,372
06/10/2006,GGG,TX,ASW,CE,Combined TRACON& Tower with Radar,0,8,13,8,29,0,0,47,0,47,0,8,60,8,76,18,20,38,114
06/11/2006,GGG,TX,ASW,CE,Combined TRACON& Tower with Radar,0,6,12,7,25,0,0,38,0,38,0,6,50,7,63,26,14,40,103
06/12/2006,GGG,TX,ASW,CE,Combined TRACON& Tower with Radar,0,6,14,9,29,0,0,97,0,97,0,6,111,9,126,180,48,228,354
06/13/2006,GGG,TX,ASW,CE,Combined TRACON& Tower with Radar,0,8,29,9,46,0,0,121,2,123,0,8,150,11,169,184,48,232,401
06/14/2006,GGG,TX,ASW,CE,Combined TRACON& Tower with Radar,0,8,54,12,74,0,0,132,0,132,0,8,186,12,206,320,38,358,564
06/15/2006,GGG,TX,ASW,CE,Combined TRACON& Tower with Radar,0,6,44,7,57,0,0,103,4,107,0,6,147,11,164,254,6,260,424
06/16/2006,GGG,TX,ASW,CE,Combined TRACON& Tower with Radar,0,5,49,16,70,0,0,68,0,68,0,5,117,16,138,200,20,220,358
06/17/2006,GGG,TX,ASW,CE,Combined TRACON& Tower with Radar,0,6,18,0,24,0,0,0,0,0,0,6,18,0,24,56,0,56,80
06/18/2006,GGG,TX,ASW,CE,Combined TRACON& Tower with Radar,0,9,14,8,31,0,1,15,0,16,0,10,29,8,47,26,2,28,75
06/19/2006,GGG,TX,ASW,CE,Combined TRACON& Tower with Radar,0,8,48,3,59,0,0,84,0,84,0,8,132,3,143,166,0,166,309
06/20/2006,GGG,TX,ASW,CE,Combined TRACON& Tower with Radar,0,5,55,5,65,0,0,81,1,82,0,5,136,6,147,214,24,238,385
06/21/2006,GGG,TX,ASW,CE,Combined TRACON& Tower with Radar,0,8,44,11,63,0,0,77,4,81,0,8,121,15,144,274,36,310,454
06/22/2006,GGG,TX,ASW,CE,Combined TRACON& Tower with Radar,0,5,54,3,62,0,0,57,0,57,0,5,111,3,119,216,2,218,337
06/23/2006,GGG,TX,ASW,CE,Combined TRACON& Tower with Radar,0,6,46,4,56,0,0,79,1,80,0,6,125,5,136,166,8,174,310
06/24/2006,GGG,TX,ASW,CE,Combined TRACON& Tower with Radar,0,6,15,11,32,0,0,22,2,24,0,6,37,13,56,64,14,78,134
06/25/2006,GGG,TX,ASW,CE,Combined TRACON& Tower with Radar,0,7,16,4,27,0,1,29,0,30,0,8,45,4,57,30,0,30,87
06/26/2006,GGG,TX,ASW,CE,Combined TRACON& Tower with Radar,0,9,31,5,45,0,0,78,0,78,0,9,109,5,123,350,4,354,477
06/27/2006,GGG,TX,ASW,CE,Combined TRACON& Tower with Radar,0,5,39,13,57,0,0,84,1,85,0,5,123,14,142,308,16,324,466
06/28/2006,GGG,TX,ASW,CE,Combined TRACON& Tower with Radar,0,6,53,20,79,0,0,101,1,102,0,6,154,21,181,298,8,306,487
06/29/2006,GGG,TX,ASW,CE,Combined TRACON& Tower with Radar,0,8,51,4,63,0,0,5,1,6,0,8,56,5,69,136,4,140,209
06/30/2006,GGG,TX,ASW,CE,Combined TRACON& Tower with Radar,0,8,36,4,48,0,0,62,2,64,0,8,98,6,112,146,33,179,291
07/01/2006,GGG,TX,ASW,CE,Combined TRACON& Tower with Radar,0,6,19,0,25,0,0,0,0,0,0,6,19,0,25,68,0,68,93
07/02/2006,GGG,TX,ASW,CE,Combined TRACON& Tower with Radar,0,6,19,0,25,0,0,16,0,16,0,6,35,0,41,0,0,0,41
07/03/2006,GGG,TX,ASW,CE,Combined TRACON& Tower with Radar,0,6,51,0,57,0,0,41,0,41,0,6,92,0,98,48,0,48,146
07/04/2006,GGG,TX,ASW,CE,Combined TRACON& Tower with Radar,6,8,18,0,32,0,2,8,0,10,6,10,26,0,42,20,0,20,62
07/05/2006,GGG,TX,ASW,CE,Combined TRACON& Tower with Radar,0,8,55,0,63,0,0,42,0,42,0,8,97,0,105,144,0,144,249
07/06/2006,GGG,TX,ASW,CE,Combined TRACON& Tower with Radar,0,8,89,8,105,0,0,42,0,42,0,8,131,8,147,126,70,196,343
07/07/2006,GGG,TX,ASW,CE,Combined TRACON& Tower with Radar,0,7,62,13,82,0,0,67,0,67,0,7,129,13,149,162,26,188,337
07/08/2006,GGG,TX,ASW,CE,Combined TRACON& Tower with Radar,0,7,47,9,63,0,0,40,0,40,0,7,87,9,103,152,8,160,263
07/09/2006,GGG,TX,ASW,CE,Combined TRACON& Tower with Radar,0,6,22,0,28,0,0,0,0,0,0,6,22,0,28,100,0,100,128
07/10/2006,GGG,TX,ASW,CE,Combined TRACON& Tower with Radar,0,4,41,11,56,0,0,66,3,69,0,4,107,14,125,168,28,196,321
07/11/2006,GGG,TX,ASW,CE,Combined TRACON& Tower with Radar,0,7,83,8,98,0,0,0,0,0,0,7,83,8,98,156,50,206,304
07/12/2006,GGG,TX,ASW,CE,Combined TRACON& Tower with Radar,0,6,59,20,85,0,0,94,2,96,0,6,153,22,181,262,50,312,493
07/13/2006,GGG,TX,ASW,CE,Combined TRACON& Tower with Radar,0,8,54,15,77,0,0,83,2,85,0,8,137,17,162,256,34,290,452
07/14/2006,GGG,TX,ASW,CE,Combined TRACON& Tower with Radar,0,6,42,4,52,0,0,82,2,84,0,6,124,6,136,222,28,250,386
07/15/2006,GGG,TX,ASW,CE,Combined TRACON& Tower with Radar,0,6,16,8,30,0,0,47,2,49,0,6,63,10,79,68,28,96,175
07/16/2006,GGG,TX,ASW,CE,Combined TRACON& Tower with Radar,0,6,12,1,19,0,0,21,0,21,0,6,33,1,40,0,16,16,56
07/17/2006,GGG,TX,ASW,CE,Combined TRACON& Tower with Radar,0,7,41,0,48,0,0,65,0,65,0,7,106,0,113,198,0,198,311
07/18/2006,GGG,TX,ASW,CE,Combined TRACON& Tower with Radar,0,10,45,0,55,0,0,0,0,0,0,10,45,0,55,80,1,81,136
07/19/2006,GGG,TX,ASW,CE,Combined TRACON& Tower with Radar,0,7,37,10,54,0,0,75,0,75,0,7,112,10,129,168,26,194,323
07/20/2006,GGG,TX,ASW,CE,Combined TRACON& Tower with Radar,0,8,29,7,44,0,0,95,0,95,0,8,124,7,139,216,36,252,391
07/21/2006,GGG,TX,ASW,CE,Combined TRACON& Tower with Radar,0,7,19,15,41,0,0,67,2,69,0,7,86,17,110,124,34,158,268
07/22/2006,GGG,TX,ASW,CE,Combined TRACON& Tower with Radar,0,8,17,0,25,0,0,17,0,17,0,8,34,0,42,18,0,18,60
07/23/2006,GGG,TX,ASW,CE,Combined TRACON& Tower with Radar,0,8,13,4,25,0,0,20,0,20,0,8,33,4,45,0,0,0,45
07/24/2006,GGG,TX,ASW,CE,Combined TRACON& Tower with Radar,0,6,23,7,36,0,0,30,2,32,0,6,53,9,68,16,96,112,180
07/25/2006,GGG,TX,ASW,CE,Combined TRACON& Tower with Radar,0,6,22,4,32,0,0,21,1,22,0,6,43,5,54,0,42,42,96
07/26/2006,GGG,TX,ASW,CE,Combined TRACON& Tower with Radar,0,0,44,2,46,0,0,11,1,12,0,0,55,3,58,6,0,6,64
07/27/2006,GGG,TX,ASW,CE,Combined TRACON& Tower with Radar,0,6,30,0,36,0,0,7,0,7,0,6,37,0,43,0,0,0,43
07/28/2006,GGG,TX,ASW,CE,Combined TRACON& Tower with Radar,0,6,20,4,30,0,0,25,0,25,0,6,45,4,55,4,0,4,59
07/29/2006,GGG,TX,ASW,CE,Combined TRACON& Tower with Radar,0,10,18,2,30,0,0,15,0,15,0,10,33,2,45,0,0,0,45
07/30/2006,GGG,TX,ASW,CE,Combined TRACON& Tower with Radar,0,7,18,2,27,0,0,18,1,19,0,7,36,3,46,44,0,44,90
07/31/2006,GGG,TX,ASW,CE,Combined TRACON& Tower with Radar,0,6,28,19,53,0,0,30,1,31,0,6,58,20,84,16,18,34,118
08/01/2006,GGG,TX,ASW,CE,Combined TRACON& Tower with Radar,0,11,29,10,50,0,0,24,2,26,0,11,53,12,76,44,22,66,142
08/02/2006,GGG,TX,ASW,CE,Combined TRACON& Tower with Radar,0,8,23,3,34,0,28,36,3,67,0,36,59,6,101,6,2,8,109
08/03/2006,GGG,TX,ASW,CE,Combined TRACON& Tower with Radar,0,7,37,9,53,0,0,32,0,32,0,7,69,9,85,34,8,42,127
08/04/2006,GGG,TX,ASW,CE,Combined TRACON& Tower with Radar,0,6,22,10,38,0,0,42,1,43,0,6,64,11,81,80,22,102,183
08/05/2006,GGG,TX,ASW,CE,Combined TRACON& Tower with Radar,0,6,9,8,23,0,0,22,0,22,0,6,31,8,45,60,12,72,117
08/06/2006,GGG,TX,ASW,CE,Combined TRACON& Tower with Radar,0,6,21,4,31,0,0,18,0,18,0,6,39,4,49,0,0,0,49
08/07/2006,GGG,TX,ASW,CE,Combined TRACON& Tower with Radar,6,9,30,2,47,0,0,13,0,13,6,9,43,2,60,0,0,0,60
08/08/2006,GGG,TX,ASW,CE,Combined TRACON& Tower with Radar,0,11,29,34,74,0,1,26,3,30,0,12,55,37,104,88,20,108,212
08/09/2006,GGG,TX,ASW,CE,Combined TRACON& Tower with Radar,0,10,36,29,75,0,0,40,0,40,0,10,76,29,115,54,40,94,209
08/10/2006,GGG,TX,ASW,CE,Combined TRACON& Tower with Radar,0,8,23,13,44,0,0,40,0,40,0,8,63,13,84,92,20,112,196
08/11/2006,GGG,TX,ASW,CE,Combined TRACON& Tower with Radar,0,6,52,12,70,0,0,24,5,29,0,6,76,17,99,54,46,100,199
08/12/2006,GGG,TX,ASW,CE,Combined TRACON& Tower with Radar,0,6,16,32,54,0,0,12,1,13,0,6,28,33,67,32,52,84,151
08/13/2006,GGG,TX,ASW,CE,Combined TRACON& Tower with Radar,0,6,9,8,23,0,0,21,2,23,0,6,30,10,46,4,18,22,68
08/14/2006,GGG,TX,ASW,CE,Combined TRACON& Tower with Radar,1,6,22,23,52,0,0,34,1,35,1,6,56,24,87,66,84,150,237
08/15/2006,GGG,TX,ASW,CE,Combined TRACON& Tower with Radar,0,7,42,28,77,0,0,68,4,72,0,7,110,32,149,150,56,206,355
08/16/2006,GGG,TX,ASW,CE,Combined TRACON& Tower with Radar,0,6,36,7,49,0,0,63,5,68,0,6,99,12,117,112,56,168,285
08/17/2006,GGG,TX,ASW,CE,Combined TRACON& Tower with Radar,0,9,33,2,44,0,0,49,0,49,0,9,82,2,93,74,24,98,191
08/18/2006,GGG,TX,ASW,CE,Combined TRACON& Tower with Radar,0,6,35,14,55,0,0,69,2,71,0,6,104,16,126,138,18,156,282
08/19/2006,GGG,TX,ASW,CE,Combined TRACON& Tower with Radar,0,6,21,5,32,0,0,35,0,35,0,6,56,5,67,92,0,92,159
08/20/2006,GGG,TX,ASW,CE,Combined TRACON& Tower with Radar,0,10,17,0,27,0,0,32,0,32,0,10,49,0,59,30,0,30,89
08/21/2006,GGG,TX,ASW,CE,Combined TRACON& Tower with Radar,0,8,33,27,68,0,0,27,1,28,0,8,60,28,96,56,36,92,188
08/22/2006,GGG,TX,ASW,CE,Combined TRACON& Tower with Radar,0,9,34,0,43,0,0,28,0,28,0,9,62,0,71,110,16,126,197
08/23/2006,GGG,TX,ASW,CE,Combined TRACON& Tower with Radar,0,9,53,0,62,0,0,26,0,26,0,9,79,0,88,72,0,72,160
08/24/2006,GGG,TX,ASW,CE,Combined TRACON& Tower with Radar,0,12,37,4,53,0,0,47,1,48,0,12,84,5,101,150,36,186,287
08/25/2006,GGG,TX,ASW,CE,Combined TRACON& Tower with Radar,0,16,53,34,103,0,0,46,5,51,0,16,99,39,154,154,60,214,368
08/26/2006,GGG,TX,ASW,CE,Combined TRACON& Tower with Radar,0,17,15,0,32,0,0,23,0,23,0,17,38,0,55,36,0,36,91
08/27/2006,GGG,TX,ASW,CE,Combined TRACON& Tower with Radar,0,6,33,0,39,0,0,20,0,20,0,6,53,0,59,4,0,4,63
08/28/2006,GGG,TX,ASW,CE,Combined TRACON& Tower with Radar,0,6,26,6,38,0,0,27,0,27,0,6,53,6,65,80,20,100,165
08/29/2006,GGG,TX,ASW,CE,Combined TRACON& Tower with Radar,0,7,26,15,48,0,0,51,0,51,0,7,77,15,99,118,14,132,231
08/30/2006,GGG,TX,ASW,CE,Combined TRACON& Tower with Radar,0,7,44,5,56,0,0,62,0,62,0,7,106,5,118,170,8,178,296
08/31/2006,GGG,TX,ASW,CE,Combined TRACON& Tower with Radar,0,17,45,3,65,0,0,52,0,52,0,17,97,3,117,110,4,114,231
09/01/2006,GGG,TX,ASW,CE,Combined TRACON& Tower with Radar,0,11,29,1,41,0,1,49,0,50,0,12,78,1,91,120,0,120,211
09/02/2006,GGG,TX,ASW,CE,Combined TRACON& Tower with Radar,0,7,15,0,22,0,0,27,0,27,0,7,42,0,49,60,0,60,109
09/03/2006,GGG,TX,ASW,CE,Combined TRACON& Tower with Radar,0,7,12,0,19,0,0,6,0,6,0,7,18,0,25,0,0,0,25
09/04/2006,GGG,TX,ASW,CE,Combined TRACON& Tower with Radar,0,9,24,0,33,0,0,43,0,43,0,9,67,0,76,42,0,42,118
09/05/2006,GGG,TX,ASW,CE,Combined TRACON& Tower with Radar,0,10,42,8,60,0,0,31,0,31,0,10,73,8,91,32,16,48,139
09/06/2006,GGG,TX,ASW,CE,Combined TRACON& Tower with Radar,0,7,32,16,55,0,0,93,6,99,0,7,125,22,154,76,26,102,256
09/07/2006,GGG,TX,ASW,CE,Combined TRACON& Tower with Radar,0,8,34,12,54,0,0,71,1,72,0,8,105,13,126,126,18,144,270
09/08/2006,GGG,TX,ASW,CE,Combined TRACON& Tower with Radar,0,11,29,6,46,0,0,100,3,103,0,11,129,9,149,142,12,154,303
09/09/2006,GGG,TX,ASW,CE,Combined TRACON& Tower with Radar,0,9,19,15,43,0,0,53,3,56,0,9,72,18,99,74,44,118,217
09/10/2006,GGG,TX,ASW,CE,Combined TRACON& Tower with Radar,0,14,16,4,34,0,0,39,0,39,0,14,55,4,73,20,0,20,93
09/11/2006,GGG,TX,ASW,CE,Combined TRACON& Tower with Radar,0,7,19,24,50,0,0,62,0,62,0,7,81,24,112,152,8,160,272
09/12/2006,GGG,TX,ASW,CE,Combined TRACON& Tower with Radar,0,6,20,13,39,0,0,52,0,52,0,6,72,13,91,166,10,176,267
09/13/2006,GGG,TX,ASW,CE,Combined TRACON& Tower with Radar,0,7,18,11,36,0,0,94,2,96,0,7,112,13,132,302,16,318,450
09/14/2006,GGG,TX,ASW,CE,Combined TRACON& Tower with Radar,0,8,35,29,72,0,0,103,0,103,0,8,138,29,175,150,86,236,411
09/15/2006,GGG,TX,ASW,CE,Combined TRACON& Tower with Radar,0,25,34,7,66,0,2,79,0,81,0,27,113,7,147,196,4,200,347
09/16/2006,GGG,TX,ASW,CE,Combined TRACON& Tower with Radar,0,6,23,13,42,0,0,43,6,49,0,6,66,19,91,142,56,198,289
09/17/2006,GGG,TX,ASW,CE,Combined TRACON& Tower with Radar,2,8,19,8,37,0,0,4,0,4,2,8,23,8,41,0,0,0,41
09/18/2006,GGG,TX,ASW,CE,Combined TRACON& Tower with Radar,0,8,34,0,42,0,0,8,0,8,0,8,42,0,50,78,0,78,128
09/19/2006,GGG,TX,ASW,CE,Combined TRACON& Tower with Radar,0,8,27,7,42,0,0,64,0,64,0,8,91,7,106,160,16,176,282
09/20/2006,GGG,TX,ASW,CE,Combined TRACON& Tower with Radar,0,6,34,16,56,0,0,94,1,95,0,6,128,17,151,280,108,388,539
09/21/2006,GGG,TX,ASW,CE,Combined TRACON& Tower with Radar,0,9,53,12,74,0,0,85,0,85,0,9,138,12,159,216,74,290,449
09/22/2006,GGG,TX,ASW,CE,Combined TRACON& Tower with Radar,0,8,44,6,58,0,0,20,1,21,0,8,64,7,79,80,18,98,177
09/23/2006,GGG,TX,ASW,CE,Combined TRACON& Tower with Radar,2,6,28,6,42,0,0,22,0,22,2,6,50,6,64,92,0,92,156
09/24/2006,GGG,TX,ASW,CE,Combined TRACON& Tower with Radar,0,6,17,0,23,0,0,34,0,34,0,6,51,0,57,70,0,70,127
09/25/2006,GGG,TX,ASW,CE,Combined TRACON& Tower with Radar,0,9,29,0,38,0,0,105,0,105,0,9,134,0,143,322,0,322,465
09/26/2006,GGG,TX,ASW,CE,Combined TRACON& Tower with Radar,0,8,41,7,56,0,0,97,1,98,0,8,138,8,154,316,30,346,500
09/27/2006,GGG,TX,ASW,CE,Combined TRACON& Tower with Radar,0,6,35,4,45,0,0,85,0,85,0,6,120,4,130,304,10,314,444
09/28/2006,GGG,TX,ASW,CE,Combined TRACON& Tower with Radar,0,7,44,1,52,0,0,65,0,65,0,7,109,1,117,304,0,304,421
09/29/2006,GGG,TX,ASW,CE,Combined TRACON& Tower with Radar,0,6,35,4,45,0,0,96,0,96,0,6,131,4,141,336,14,350,491
09/30/2006,GGG,TX,ASW,CE,Combined TRACON& Tower with Radar,0,8,30,0,38,0,0,46,0,46,0,8,76,0,84,102,0,102,186
10/01/2006,GGG,TX,ASW,CE,Combined TRACON& Tower with Radar,0,6,16,0,22,0,0,37,0,37,0,6,53,0,59,20,0,20,79
10/02/2006,GGG,TX,ASW,CE,Combined TRACON& Tower with Radar,0,8,51,6,65,0,0,64,0,64,0,8,115,6,129,176,22,198,327
10/03/2006,GGG,TX,ASW,CE,Combined TRACON& Tower with Radar,0,7,34,1,42,0,0,58,0,58,0,7,92,1,100,216,0,216,316
10/04/2006,GGG,TX,ASW,CE,Combined TRACON& Tower with Radar,0,6,54,2,62,0,0,90,0,90,0,6,144,2,152,266,0,266,418
10/05/2006,GGG,TX,ASW,CE,Combined TRACON& Tower with Radar,0,10,36,10,56,0,0,81,0,81,0,10,117,10,137,334,50,384,521
10/06/2006,GGG,TX,ASW,CE,Combined TRACON& Tower with Radar,0,8,43,7,58,0,5,95,5,105,0,13,138,12,163,344,26,370,533
10/07/2006,GGG,TX,ASW,CE,Combined TRACON& Tower with Radar,0,6,24,1,31,0,0,69,0,69,0,6,93,1,100,118,0,118,218
10/08/2006,GGG,TX,ASW,CE,Combined TRACON& Tower with Radar,0,8,22,5,35,0,0,42,0,42,0,8,64,5,77,160,26,186,263
10/09/2006,GGG,TX,ASW,CE,Combined TRACON& Tower with Radar,0,7,30,1,38,0,0,83,0,83,0,7,113,1,121,364,0,364,485
10/10/2006,GGG,TX,ASW,CE,Combined TRACON& Tower with Radar,4,12,28,0,44,0,0,15,0,15,4,12,43,0,59,96,0,96,155
10/11/2006,GGG,TX,ASW,CE,Combined TRACON& Tower with Radar,0,5,44,13,62,0,0,104,1,105,0,5,148,14,167,399,20,419,586
10/12/2006,GGG,TX,ASW,CE,Combined TRACON& Tower with Radar,0,10,67,17,94,0,0,52,0,52,0,10,119,17,146,320,48,368,514
10/13/2006,GGG,TX,ASW,CE,Combined TRACON& Tower with Radar,0,5,55,1,61,0,0,85,0,85,0,5,140,1,146,432,8,440,586
10/14/2006,GGG,TX,ASW,CE,Combined TRACON& Tower with Radar,0,9,29,12,50,0,0,74,0,74,0,9,103,12,124,302,6,308,432
10/15/2006,GGG,TX,ASW,CE,Combined TRACON& Tower with Radar,0,6,19,19,44,0,0,7,0,7,0,6,26,19,51,0,62,62,113
10/16/2006,GGG,TX,ASW,CE,Combined TRACON& Tower with Radar,0,7,37,0,44,0,0,0,0,0,0,7,37,0,44,0,0,0,44
10/17/2006,GGG,TX,ASW,CE,Combined TRACON& Tower with Radar,0,5,46,18,69,0,0,70,0,70,0,5,116,18,139,262,52,314,453
10/18/2006,GGG,TX,ASW,CE,Combined TRACON& Tower with Radar,0,8,40,3,51,0,1,70,4,75,0,9,110,7,126,278,24,302,428
10/19/2006,GGG,TX,ASW,CE,Combined TRACON& Tower with Radar,0,17,62,8,87,0,0,60,2,62,0,17,122,10,149,396,40,436,585
10/20/2006,GGG,TX,ASW,CE,Combined TRACON& Tower with Radar,0,7,40,20,67,0,0,70,0,70,0,7,110,20,137,254,44,298,435
10/21/2006,GGG,TX,ASW,CE,Combined TRACON& Tower with Radar,0,8,28,6,42,0,1,53,0,54,0,9,81,6,96,228,18,246,342
10/22/2006,GGG,TX,ASW,CE,Combined TRACON& Tower with Radar,0,7,33,0,40,0,0,38,0,38,0,7,71,0,78,0,0,0,78
10/23/2006,GGG,TX,ASW,CE,Combined TRACON& Tower with Radar,0,8,57,7,72,0,0,79,0,79,0,8,136,7,151,146,0,146,297
10/24/2006,GGG,TX,ASW,CE,Combined TRACON& Tower with Radar,0,6,50,24,80,0,0,98,9,107,0,6,148,33,187,314,144,458,645
10/25/2006,GGG,TX,ASW,CE,Combined TRACON& Tower with Radar,0,7,39,1,47,0,0,4,0,4,0,7,43,1,51,64,0,64,115
10/26/2006,GGG,TX,ASW,CE,Combined TRACON& Tower with Radar,0,8,38,7,53,0,0,10,0,10,0,8,48,7,63,48,4,52,115
10/27/2006,GGG,TX,ASW,CE,Combined TRACON& Tower with Radar,0,7,44,11,62,0,0,71,4,75,0,7,115,15,137,186,30,216,353
10/28/2006,GGG,TX,ASW,CE,Combined TRACON& Tower with Radar,0,7,40,0,47,0,0,66,0,66,0,7,106,0,113,228,0,228,341
10/29/2006,GGG,TX,ASW,CE,Combined TRACON& Tower with Radar,0,10,14,0,24,0,0,52,0,52,0,10,66,0,76,86,0,86,162
10/30/2006,GGG,TX,ASW,CE,Combined TRACON& Tower with Radar,0,7,34,5,46,0,0,91,0,91,0,7,125,5,137,310,0,310,447
10/31/2006,GGG,TX,ASW,CE,Combined TRACON& Tower with Radar,0,10,37,20,67,0,0,76,0,76,0,10,113,20,143,314,46,360,503
11/01/2006,GGG,TX,ASW,CE,Combined TRACON& Tower with Radar,0,13,45,2,60,0,0,10,0,10,0,13,55,2,70,75,0,75,145
11/02/2006,GGG,TX,ASW,CE,Combined TRACON& Tower with Radar,0,6,57,11,74,0,0,104,0,104,0,6,161,11,178,368,0,368,546
11/03/2006,GGG,TX,ASW,CE,Combined TRACON& Tower with Radar,0,10,55,9,74,0,0,126,2,128,0,10,181,11,202,470,26,496,698
11/04/2006,GGG,TX,ASW,CE,Combined TRACON& Tower with Radar,0,11,19,8,38,0,0,77,1,78,0,11,96,9,116,262,26,288,404
11/05/2006,GGG,TX,ASW,CE,Combined TRACON& Tower with Radar,0,6,34,0,40,0,0,9,0,9,0,6,43,0,49,16,0,16,65
11/06/2006,GGG,TX,ASW,CE,Combined TRACON& Tower with Radar,0,9,39,0,48,0,2,6,0,8,0,11,45,0,56,0,0,0,56
11/07/2006,GGG,TX,ASW,CE,Combined TRACON& Tower with Radar,0,9,39,18,66,0,0,83,2,85,0,9,122,20,151,284,20,304,455
11/08/2006,GGG,TX,ASW,CE,Combined TRACON& Tower with Radar,0,11,47,8,66,0,0,95,1,96,0,11,142,9,162,320,18,338,500
11/09/2006,GGG,TX,ASW,CE,Combined TRACON& Tower with Radar,0,8,67,11,86,0,0,55,0,55,0,8,122,11,141,162,16,178,319
11/10/2006,GGG,TX,ASW,CE,Combined TRACON& Tower with Radar,0,8,56,13,77,0,0,84,2,86,0,8,140,15,163,376,10,386,549
11/11/2006,GGG,TX,ASW,CE,Combined TRACON& Tower with Radar,0,6,25,0,31,0,0,84,0,84,0,6,109,0,115,230,0,230,345
11/12/2006,GGG,TX,ASW,CE,Combined TRACON& Tower with Radar,0,7,25,0,32,0,0,36,0,36,0,7,61,0,68,12,0,12,80
11/13/2006,GGG,TX,ASW,CE,Combined TRACON& Tower with Radar,0,8,54,6,68,0,0,73,0,73,0,8,127,6,141,264,4,268,409
11/14/2006,GGG,TX,ASW,CE,Combined TRACON& Tower with Radar,0,10,37,7,54,0,0,38,0,38,0,10,75,7,92,92,10,102,194
11/15/2006,GGG,TX,ASW,CE,Combined TRACON& Tower with Radar,0,6,27,25,58,0,0,22,0,22,0,6,49,25,80,54,128,182,262
11/16/2006,GGG,TX,ASW,CE,Combined TRACON& Tower with Radar,0,8,51,5,64,0,0,111,0,111,0,8,162,5,175,354,4,358,533
11/17/2006,GGG,TX,ASW,CE,Combined TRACON& Tower with Radar,0,10,50,11,71,0,0,102,4,106,0,10,152,15,177,246,52,298,475
11/18/2006,GGG,TX,ASW,CE,Combined TRACON& Tower with Radar,0,6,26,8,40,0,1,88,3,92,0,7,114,11,132,246,8,254,386
11/19/2006,GGG,TX,ASW,CE,Combined TRACON& Tower with Radar,0,7,37,6,50,0,0,37,3,40,0,7,74,9,90,96,10,106,196
11/20/2006,GGG,TX,ASW,CE,Combined TRACON& Tower with Radar,0,6,43,12,61,0,1,90,0,91,0,7,133,12,152,344,34,378,530
11/21/2006,GGG,TX,ASW,CE,Combined TRACON& Tower with Radar,0,7,40,7,54,0,0,99,4,103,0,7,139,11,157,360,58,418,575
11/22/2006,GGG,TX,ASW,CE,Combined TRACON& Tower with Radar,0,6,30,3,39,0,0,81,0,81,0,6,111,3,120,288,10,298,418
11/23/2006,GGG,TX,ASW,CE,Combined TRACON& Tower with Radar,0,3,7,0,10,0,0,15,0,15,0,3,22,0,25,0,0,0,25
11/24/2006,GGG,TX,ASW,CE,Combined TRACON& Tower with Radar,0,6,32,0,38,0,0,19,5,24,0,6,51,5,62,20,0,20,82
11/25/2006,GGG,TX,ASW,CE,Combined TRACON& Tower with Radar,0,6,23,0,29,0,0,25,4,29,0,6,48,4,58,78,0,78,136
11/26/2006,GGG,TX,ASW,CE,Combined TRACON& Tower with Radar,0,6,16,0,22,0,0,17,0,17,0,6,33,0,39,24,0,24,63
11/27/2006,GGG,TX,ASW,CE,Combined TRACON& Tower with Radar,0,8,26,5,39,0,0,27,0,27,0,8,53,5,66,160,6,166,232
11/28/2006,GGG,TX,ASW,CE,Combined TRACON& Tower with Radar,0,6,43,2,51,0,0,25,0,25,0,6,68,2,76,146,0,146,222
11/29/2006,GGG,TX,ASW,CE,Combined TRACON& Tower with Radar,0,10,47,4,61,0,0,28,0,28,0,10,75,4,89,182,10,192,281
11/30/2006,GGG,TX,ASW,CE,Combined TRACON& Tower with Radar,0,4,12,0,16,0,0,0,0,0,0,4,12,0,16,0,0,0,16
12/01/2006,GGG,TX,ASW,CE,Combined TRACON& Tower with Radar,0,8,50,3,61,0,1,86,0,87,0,9,136,3,148,338,4,342,490
12/02/2006,GGG,TX,ASW,CE,Combined TRACON& Tower with Radar,0,8,32,12,52,0,0,82,1,83,0,8,114,13,135,278,30,308,443
12/03/2006,GGG,TX,ASW,CE,Combined TRACON& Tower with Radar,0,5,14,6,25,0,0,29,1,30,0,5,43,7,55,50,0,50,105
12/04/2006,GGG,TX,ASW,CE,Combined TRACON& Tower with Radar,0,12,34,12,58,0,0,69,0,69,0,12,103,12,127,200,22,222,349
12/05/2006,GGG,TX,ASW,CE,Combined TRACON& Tower with Radar,0,7,33,0,40,0,0,78,0,78,0,7,111,0,118,342,0,342,460
12/06/2006,GGG,TX,ASW,CE,Combined TRACON& Tower with Radar,0,6,61,11,78,0,0,82,0,82,0,6,143,11,160,234,32,266,426
12/07/2006,GGG,TX,ASW,CE,Combined TRACON& Tower with Radar,0,6,63,1,70,0,3,72,0,75,0,9,135,1,145,100,2,102,247
12/08/2006,GGG,TX,ASW,CE,Combined TRACON& Tower with Radar,0,11,34,0,45,0,0,80,0,80,0,11,114,0,125,224,0,224,349
12/09/2006,GGG,TX,ASW,CE,Combined TRACON& Tower with Radar,0,6,41,12,59,0,0,64,1,65,0,6,105,13,124,202,18,220,344
12/10/2006,GGG,TX,ASW,CE,Combined TRACON& Tower with Radar,0,7,14,7,28,0,0,7,0,7,0,7,21,7,35,14,8,22,57
12/11/2006,GGG,TX,ASW,CE,Combined TRACON& Tower with Radar,0,7,44,8,59,0,0,10,0,10,0,7,54,8,69,94,4,98,167
12/12/2006,GGG,TX,ASW,CE,Combined TRACON& Tower with Radar,0,8,49,15,72,0,0,92,2,94,0,8,141,17,166,352,20,372,538
12/13/2006,GGG,TX,ASW,CE,Combined TRACON& Tower with Radar,0,7,59,12,78,0,0,84,0,84,0,7,143,12,162,272,22,294,456
12/14/2006,GGG,TX,ASW,CE,Combined TRACON& Tower with Radar,0,7,46,14,67,0,0,81,1,82,0,7,127,15,149,194,46,240,389
12/15/2006,GGG,TX,ASW,CE,Combined TRACON& Tower with Radar,0,6,44,6,56,0,0,36,0,36,0,6,80,6,92,158,0,158,250
12/16/2006,GGG,TX,ASW,CE,Combined TRACON& Tower with Radar,0,5,42,0,47,0,0,21,0,21,0,5,63,0,68,14,0,14,82
12/17/2006,GGG,TX,ASW,CE,Combined TRACON& Tower with Radar,0,8,27,8,43,0,0,12,0,12,0,8,39,8,55,30,0,30,85
12/18/2006,GGG,TX,ASW,CE,Combined TRACON& Tower with Radar,0,10,47,3,60,0,0,25,0,25,0,10,72,3,85,82,0,82,167
12/19/2006,GGG,TX,ASW,CE,Combined TRACON& Tower with Radar,0,6,34,3,43,0,0,0,0,0,0,6,34,3,43,0,0,0,43
12/20/2006,GGG,TX,ASW,CE,Combined TRACON& Tower with Radar,0,12,44,0,56,0,0,4,0,4,0,12,48,0,60,32,0,32,92
12/21/2006,GGG,TX,ASW,CE,Combined TRACON& Tower with Radar,0,8,44,6,58,0,0,32,1,33,0,8,76,7,91,82,30,112,203
12/22/2006,GGG,TX,ASW,CE,Combined TRACON& Tower with Radar,0,7,37,0,44,0,0,49,0,49,0,7,86,0,93,28,0,28,121
12/23/2006,GGG,TX,ASW,CE,Combined TRACON& Tower with Radar,0,6,13,0,19,0,0,34,0,34,0,6,47,0,53,50,0,50,103
12/24/2006,GGG,TX,ASW,CE,Combined TRACON& Tower with Radar,0,5,8,0,13,0,0,1,0,1,0,5,9,0,14,0,0,0,14
12/25/2006,GGG,TX,ASW,CE,Combined TRACON& Tower with Radar,0,6,0,0,6,0,0,6,0,6,0,6,6,0,12,0,0,0,12
12/26/2006,GGG,TX,ASW,CE,Combined TRACON& Tower with Radar,0,8,17,0,25,0,0,44,0,44,0,8,61,0,69,2,0,2,71
12/27/2006,GGG,TX,ASW,CE,Combined TRACON& Tower with Radar,0,6,13,0,19,0,0,29,0,29,0,6,42,0,48,0,0,0,48
12/28/2006,GGG,TX,ASW,CE,Combined TRACON& Tower with Radar,0,6,31,0,37,0,0,11,0,11,0,6,42,0,48,26,0,26,74
12/29/2006,GGG,TX,ASW,CE,Combined TRACON& Tower with Radar,0,12,12,0,24,0,0,0,0,0,0,12,12,0,24,0,0,0,24
12/30/2006,GGG,TX,ASW,CE,Combined TRACON& Tower with Radar,0,7,28,0,35,0,0,2,0,2,0,7,30,0,37,0,0,0,37
12/31/2006,GGG,TX,ASW,CE,Combined TRACON& Tower with Radar,0,6,10,0,16,0,0,9,0,9,0,6,19,0,25,0,0,0,25
01/01/2007,GGG,TX,ASW,CE,Combined TRACON& Tower with Radar,0,8,12,0,20,0,0,7,0,7,0,8,19,0,27,0,0,0,27
01/02/2007,GGG,TX,ASW,CE,Combined TRACON& Tower with Radar,0,8,28,0,36,0,0,21,0,21,0,8,49,0,57,0,0,0,57
01/03/2007,GGG,TX,ASW,CE,Combined TRACON& Tower with Radar,0,6,23,4,33,0,0,16,0,16,0,6,39,4,49,6,6,12,61
01/04/2007,GGG,TX,ASW,CE,Combined TRACON& Tower with Radar,0,7,25,5,37,0,0,0,0,0,0,7,25,5,37,2,0,2,39
01/05/2007,GGG,TX,ASW,CE,Combined TRACON& Tower with Radar,0,6,36,11,53,0,0,5,0,5,0,6,41,11,58,28,8,36,94
01/06/2007,GGG,TX,ASW,CE,Combined TRACON& Tower with Radar,0,8,23,21,52,0,0,19,0,19,0,8,42,21,71,60,2,62,133
01/07/2007,GGG,TX,ASW,CE,Combined TRACON& Tower with Radar,0,6,19,0,25,0,0,27,0,27,0,6,46,0,52,12,0,12,64
01/08/2007,GGG,TX,ASW,CE,Combined TRACON& Tower with Radar,0,5,20,11,36,0,0,39,0,39,0,5,59,11,75,68,28,96,171
01/09/2007,GGG,TX,ASW,CE,Combined TRACON& Tower with Radar,0,6,35,2,43,0,0,59,0,59,0,6,94,2,102,146,2,148,250
01/10/2007,GGG,TX,ASW,CE,Combined TRACON& Tower with Radar,0,9,46,2,57,0,0,51,1,52,0,9,97,3,109,52,2,54,163
01/11/2007,GGG,TX,ASW,CE,Combined TRACON& Tower with Radar,0,6,55,8,69,0,0,10,0,10,0,6,65,8,79,66,2,68,147
01/12/2007,GGG,TX,ASW,CE,Combined TRACON& Tower with Radar,1,9,56,4,70,0,0,12,0,12,1,9,68,4,82,88,2,90,172
01/13/2007,GGG,TX,ASW,CE,Combined TRACON& Tower with Radar,0,2,3,0,5,0,0,0,0,0,0,2,3,0,5,0,0,0,5
01/14/2007,GGG,TX,ASW,CE,Combined TRACON& Tower with Radar,0,2,11,0,13,0,0,0,0,0,0,2,11,0,13,0,0,0,13
01/15/2007,GGG,TX,ASW,CE,Combined TRACON& Tower with Radar,0,2,19,0,21,0,0,1,0,1,0,2,20,0,22,0,0,0,22
01/16/2007,GGG,TX,ASW,CE,Combined TRACON& Tower with Radar,0,6,26,0,32,0,0,28,0,28,0,6,54,0,60,10,0,10,70
01/17/2007,GGG,TX,ASW,CE,Combined TRACON& Tower with Radar,0,2,11,0,13,0,0,4,0,4,0,2,15,0,17,0,0,0,17
01/18/2007,GGG,TX,ASW,CE,Combined TRACON& Tower with Radar,0,6,33,5,44,0,0,9,0,9,0,6,42,5,53,0,0,0,53
01/19/2007,GGG,TX,ASW,CE,Combined TRACON& Tower with Radar,0,7,33,8,48,0,0,71,7,78,0,7,104,15,126,158,26,184,310
01/20/2007,GGG,TX,ASW,CE,Combined TRACON& Tower with Radar,0,10,6,0,16,0,0,17,0,17,0,10,23,0,33,26,0,26,59
01/21/2007,GGG,TX,ASW,CE,Combined TRACON& Tower with Radar,0,8,7,4,19,0,0,24,0,24,0,8,31,4,43,60,0,60,103
01/22/2007,GGG,TX,ASW,CE,Combined TRACON& Tower with Radar,0,8,34,11,53,0,0,72,2,74,0,8,106,13,127,148,42,190,317
01/23/2007,GGG,TX,ASW,CE,Combined TRACON& Tower with Radar,0,7,32,16,55,0,0,75,0,75,0,7,107,16,130,146,38,184,314
01/24/2007,GGG,TX,ASW,CE,Combined TRACON& Tower with Radar,0,11,39,5,55,0,0,73,0,73,0,11,112,5,128,96,16,112,240
01/25/2007,GGG,TX,ASW,CE,Combined TRACON& Tower with Radar,0,8,39,0,47,0,0,81,0,81,0,8,120,0,128,152,0,152,280
01/26/2007,GGG,TX,ASW,CE,Combined TRACON& Tower with Radar,0,9,35,3,47,0,0,196,0,196,0,9,231,3,243,146,0,146,389
01/27/2007,GGG,TX,ASW,CE,Combined TRACON& Tower with Radar,0,8,14,7,29,0,0,43,0,43,0,8,57,7,72,76,4,80,152
01/28/2007,GGG,TX,ASW,CE,Combined TRACON& Tower with Radar,0,7,22,2,31,0,0,40,0,40,0,7,62,2,71,58,14,72,143
01/29/2007,GGG,TX,ASW,CE,Combined TRACON& Tower with Radar,0,6,33,12,51,0,0,90,0,90,0,6,123,12,141,168,8,176,317
01/30/2007,GGG,TX,ASW,CE,Combined TRACON& Tower with Radar,0,6,55,9,70,0,0,85,2,87,0,6,140,11,157,240,38,278,435
01/31/2007,GGG,TX,ASW,CE,Combined TRACON& Tower with Radar,0,11,37,10,58,0,0,50,3,53,0,11,87,13,111,96,30,126,237
02/01/2007,GGG,TX,ASW,CE,Combined TRACON& Tower with Radar,0,11,15,3,29,0,0,0,0,0,0,11,15,3,29,0,0,0,29
02/02/2007,GGG,TX,ASW,CE,Combined TRACON& Tower with Radar,0,6,37,2,45,0,0,37,0,37,0,6,74,2,82,132,2,134,216
02/03/2007,GGG,TX,ASW,CE,Combined TRACON& Tower with Radar,0,6,15,4,25,0,0,67,0,67,0,6,82,4,92,78,0,78,170
02/04/2007,GGG,TX,ASW,CE,Combined TRACON& Tower with Radar,0,7,18,0,25,0,0,46,0,46,0,7,64,0,71,76,0,76,147
02/05/2007,GGG,TX,ASW,CE,Combined TRACON& Tower with Radar,0,9,32,9,50,0,0,75,3,78,0,9,107,12,128,212,106,318,446
02/06/2007,GGG,TX,ASW,CE,Combined TRACON& Tower with Radar,0,10,47,8,65,0,0,85,0,85,0,10,132,8,150,230,26,256,406
02/07/2007,GGG,TX,ASW,CE,Combined TRACON& Tower with Radar,0,16,62,11,89,0,0,56,0,56,0,16,118,11,145,158,8,166,311
02/08/2007,GGG,TX,ASW,CE,Combined TRACON& Tower with Radar,0,10,55,0,65,0,0,0,0,0,0,10,55,0,65,6,0,6,71
02/09/2007,GGG,TX,ASW,CE,Combined TRACON& Tower with Radar,0,6,30,9,45,0,0,2,0,2,0,6,32,9,47,0,0,0,47
02/10/2007,GGG,TX,ASW,CE,Combined TRACON& Tower with Radar,0,6,47,4,57,0,0,67,0,67,0,6,114,4,124,290,0,290,414
02/11/2007,GGG,TX,ASW,CE,Combined TRACON& Tower with Radar,0,6,19,9,34,0,0,18,0,18,0,6,37,9,52,40,0,40,92
02/12/2007,GGG,TX,ASW,CE,Combined TRACON& Tower with Radar,0,10,15,0,25,0,0,5,0,5,0,10,20,0,30,82,0,82,112
02/13/2007,GGG,TX,ASW,CE,Combined TRACON& Tower with Radar,0,8,68,6,82,0,0,18,0,18,0,8,86,6,100,114,36,150,250
02/14/2007,GGG,TX,ASW,CE,Combined TRACON& Tower with Radar,0,7,52,19,78,0,0,60,0,60,0,7,112,19,138,170,58,228,366
02/15/2007,GGG,TX,ASW,CE,Combined TRACON& Tower with Radar,0,15,39,7,61,0,0,34,3,37,0,15,73,10,98,300,18,318,416
02/16/2007,GGG,TX,ASW,CE,Combined TRACON& Tower with Radar,0,8,66,4,78,0,0,91,2,93,0,8,157,6,171,268,2,270,441
02/17/2007,GGG,TX,ASW,CE,Combined TRACON& Tower with Radar,0,11,27,0,38,0,0,54,0,54,0,11,81,0,92,190,0,190,282
02/18/2007,GGG,TX,ASW,CE,Combined TRACON& Tower with Radar,0,5,24,0,29,0,0,45,0,45,0,5,69,0,74,110,0,110,184
02/19/2007,GGG,TX,ASW,CE,Combined TRACON& Tower with Radar,0,6,41,0,47,0,0,58,0,58,0,6,99,0,105,20,0,20,125
02/20/2007,GGG,TX,ASW,CE,Combined TRACON& Tower with Radar,0,8,77,4,89,0,0,73,0,73,0,8,150,4,162,224,12,236,398
02/21/2007,GGG,TX,ASW,CE,Combined TRACON& Tower with Radar,0,5,64,8,77,0,0,93,2,95,0,5,157,10,172,450,6,456,628
02/22/2007,GGG,TX,ASW,CE,Combined TRACON& Tower with Radar,0,6,62,3,71,0,0,100,0,100,0,6,162,3,171,348,2,350,521
02/23/2007,GGG,TX,ASW,CE,Combined TRACON& Tower with Radar,0,8,67,9,84,0,0,94,1,95,0,8,161,10,179,402,60,462,641
02/24/2007,GGG,TX,ASW,CE,Combined TRACON& Tower with Radar,0,8,3,0,11,0,0,3,0,3,0,8,6,0,14,0,0,0,14
02/25/2007,GGG,TX,ASW,CE,Combined TRACON& Tower with Radar,0,8,20,0,28,0,0,40,0,40,0,8,60,0,68,24,0,24,92
02/26/2007,GGG,TX,ASW,CE,Combined TRACON& Tower with Radar,0,12,67,10,89,0,0,60,0,60,0,12,127,10,149,264,78,342,491
02/27/2007,GGG,TX,ASW,CE,Combined TRACON& Tower with Radar,0,7,36,14,57,0,0,105,0,105,0,7,141,14,162,368,58,426,588
02/28/2007,GGG,TX,ASW,CE,Combined TRACON& Tower with Radar,0,7,85,18,110,0,0,76,1,77,0,7,161,19,187,336,62,398,585
03/01/2007,GGG,TX,ASW,CE,Combined TRACON& Tower with Radar,0,9,38,12,59,0,0,66,0,66,0,9,104,12,125,132,8,140,265
03/02/2007,GGG,TX,ASW,CE,Combined TRACON& Tower with Radar,0,7,42,14,63,0,0,96,0,96,0,7,138,14,159,282,40,322,481
03/03/2007,GGG,TX,ASW,CE,Combined TRACON& Tower with Radar,0,6,19,2,27,0,1,60,0,61,0,7,79,2,88,304,0,304,392
03/04/2007,GGG,TX,ASW,CE,Combined TRACON& Tower with Radar,0,8,24,2,34,0,0,40,0,40,0,8,64,2,74,50,0,50,124
03/05/2007,GGG,TX,ASW,CE,Combined TRACON& Tower with Radar,0,9,41,6,56,0,0,79,1,80,0,9,120,7,136,382,16,398,534
03/06/2007,GGG,TX,ASW,CE,Combined TRACON& Tower with Radar,0,9,60,0,69,0,0,95,0,95,0,9,155,0,164,422,0,422,586
03/07/2007,GGG,TX,ASW,CE,Combined TRACON& Tower with Radar,0,9,70,1,80,0,1,133,0,134,0,10,203,1,214,400,0,400,614
03/08/2007,GGG,TX,ASW,CE,Combined TRACON& Tower with Radar,0,7,60,3,70,0,0,103,0,103,0,7,163,3,173,316,0,316,489
03/09/2007,GGG,TX,ASW,CE,Combined TRACON& Tower with Radar,0,10,68,3,81,0,0,91,0,91,0,10,159,3,172,456,20,476,648
03/10/2007,GGG,TX,ASW,CE,Combined TRACON& Tower with Radar,0,15,53,4,72,0,0,62,2,64,0,15,115,6,136,254,2,256,392
03/11/2007,GGG,TX,ASW,CE,Combined TRACON& Tower with Radar,0,8,24,3,35,0,0,19,0,19,0,8,43,3,54,4,0,4,58
03/12/2007,GGG,TX,ASW,CE,Combined TRACON& Tower with Radar,0,9,39,0,48,0,0,4,0,4,0,9,43,0,52,46,0,46,98
03/13/2007,GGG,TX,ASW,CE,Combined TRACON& Tower with Radar,2,15,39,0,56,0,0,12,0,12,2,15,51,0,68,78,0,78,146
03/14/2007,GGG,TX,ASW,CE,Combined TRACON& Tower with Radar,0,10,30,2,42,0,0,17,0,17,0,10,47,2,59,72,0,72,131
03/15/2007,GGG,TX,ASW,CE,Combined TRACON& Tower with Radar,0,6,45,2,53,0,0,62,0,62,0,6,107,2,115,188,16,204,319
03/16/2007,GGG,TX,ASW,CE,Combined TRACON& Tower with Radar,0,5,68,0,73,0,0,65,0,65,0,5,133,0,138,210,0,210,348
03/17/2007,GGG,TX,ASW,CE,Combined TRACON& Tower with Radar,0,6,27,0,33,0,0,63,1,64,0,6,90,1,97,122,0,122,219
03/18/2007,GGG,TX,ASW,CE,Combined TRACON& Tower with Radar,0,8,33,0,41,0,0,14,0,14,0,8,47,0,55,8,0,8,63
03/19/2007,GGG,TX,ASW,CE,Combined TRACON& Tower with Radar,0,8,42,6,56,0,0,54,0,54,0,8,96,6,110,344,22,366,476
03/20/2007,GGG,TX,ASW,CE,Combined TRACON& Tower with Radar,0,7,44,6,57,0,0,77,0,77,0,7,121,6,134,354,12,366,500
03/21/2007,GGG,TX,ASW,CE,Combined TRACON& Tower with Radar,0,9,50,5,64,0,0,65,0,65,0,9,115,5,129,406,10,416,545
03/22/2007,GGG,TX,ASW,CE,Combined TRACON& Tower with Radar,0,9,98,3,110,0,0,82,0,82,0,9,180,3,192,164,2,166,358
03/23/2007,GGG,TX,ASW,CE,Combined TRACON& Tower with Radar,0,10,77,4,91,0,0,78,0,78,0,10,155,4,169,400,2,402,571
03/24/2007,GGG,TX,ASW,CE,Combined TRACON& Tower with Radar,0,6,42,0,48,0,0,58,0,58,0,6,100,0,106,372,0,372,478
03/25/2007,GGG,TX,ASW,CE,Combined TRACON& Tower with Radar,0,9,26,0,35,0,0,23,0,23,0,9,49,0,58,98,0,98,156
03/26/2007,GGG,TX,ASW,CE,Combined TRACON& Tower with Radar,0,7,43,2,52,0,0,41,0,41,0,7,84,2,93,228,0,228,321
03/27/2007,GGG,TX,ASW,CE,Combined TRACON& Tower with Radar,0,8,46,2,56,0,0,39,0,39,0,8,85,2,95,194,0,194,289
03/28/2007,GGG,TX,ASW,CE,Combined TRACON& Tower with Radar,0,8,65,6,79,0,0,68,0,68,0,8,133,6,147,272,12,284,431
03/29/2007,GGG,TX,ASW,CE,Combined TRACON& Tower with Radar,0,9,47,0,56,0,0,74,0,74,0,9,121,0,130,318,0,318,448
03/30/2007,GGG,TX,ASW,CE,Combined TRACON& Tower with Radar,4,7,46,5,62,0,0,54,0,54,4,7,100,5,116,244,0,244,360
03/31/2007,GGG,TX,ASW,CE,Combined TRACON& Tower with Radar,0,5,29,0,34,0,0,41,0,41,0,5,70,0,75,108,0,108,183
04/01/2007,GGG,TX,ASW,CE,Combined TRACON& Tower with Radar,0,8,33,0,41,0,1,48,0,49,0,9,81,0,90,72,0,72,162
04/02/2007,GGG,TX,ASW,CE,Combined TRACON& Tower with Radar,0,10,38,10,58,0,0,80,2,82,0,10,118,12,140,200,28,228,368
04/03/2007,GGG,TX,ASW,CE,Combined TRACON& Tower with Radar,2,9,47,0,58,0,0,42,0,42,2,9,89,0,100,272,0,272,372
04/04/2007,GGG,TX,ASW,CE,Combined TRACON& Tower with Radar,0,6,53,4,63,0,0,82,1,83,0,6,135,5,146,222,8,230,376
04/05/2007,GGG,TX,ASW,CE,Combined TRACON& Tower with Radar,0,7,40,36,83,0,0,111,0,111,0,7,151,36,194,274,30,304,498
04/06/2007,GGG,TX,ASW,CE,Combined TRACON& Tower with Radar,0,7,26,4,37,0,0,17,1,18,0,7,43,5,55,22,46,68,123
04/07/2007,GGG,TX,ASW,CE,Combined TRACON& Tower with Radar,0,7,17,0,24,0,0,23,0,23,0,7,40,0,47,110,0,110,157
04/08/2007,GGG,TX,ASW,CE,Combined TRACON& Tower with Radar,0,10,21,0,31,0,0,20,0,20,0,10,41,0,51,0,0,0,51
04/09/2007,GGG,TX,ASW,CE,Combined TRACON& Tower with Radar,0,8,36,12,56,0,0,78,2,80,0,8,114,14,136,242,8,250,386
04/10/2007,GGG,TX,ASW,CE,Combined TRACON& Tower with Radar,0,11,47,0,58,0,0,6,0,6,0,11,53,0,64,62,0,62,126
04/11/2007,GGG,TX,ASW,CE,Combined TRACON& Tower with Radar,0,10,77,4,91,0,0,91,0,91,0,10,168,4,182,300,16,316,498
04/12/2007,GGG,TX,ASW,CE,Combined TRACON& Tower with Radar,0,10,49,13,72,0,0,112,3,115,0,10,161,16,187,396,46,442,629
04/13/2007,GGG,TX,ASW,CE,Combined TRACON& Tower with Radar,0,9,23,15,47,0,0,30,0,30,0,9,53,15,77,132,0,132,209
04/14/2007,GGG,TX,ASW,CE,Combined TRACON& Tower with Radar,0,5,20,0,25,0,0,5,0,5,0,5,25,0,30,48,14,62,92
04/15/2007,GGG,TX,ASW,CE,Combined TRACON& Tower with Radar,0,8,21,5,34,0,0,51,0,51,0,8,72,5,85,120,10,130,215
04/16/2007,GGG,TX,ASW,CE,Combined TRACON& Tower with Radar,0,8,47,0,55,0,0,94,0,94,0,8,141,0,149,236,0,236,385
04/17/2007,GGG,TX,ASW,CE,Combined TRACON& Tower with Radar,0,8,47,11,66,0,0,49,0,49,0,8,96,11,115,312,20,332,447
04/18/2007,GGG,TX,ASW,CE,Combined TRACON& Tower with Radar,0,7,57,3,67,0,0,35,0,35,0,7,92,3,102,118,8,126,228
04/19/2007,GGG,TX,ASW,CE,Combined TRACON& Tower with Radar,0,9,66,6,81,0,0,79,1,80,0,9,145,7,161,264,36,300,461
04/20/2007,GGG,TX,ASW,CE,Combined TRACON& Tower with Radar,0,9,37,11,57,0,0,97,3,100,0,9,134,14,157,244,38,282,439
04/21/2007,GGG,TX,ASW,CE,Combined TRACON& Tower with Radar,0,7,32,1,40,0,0,93,1,94,0,7,125,2,134,168,8,176,310
04/22/2007,GGG,TX,ASW,CE,Combined TRACON& Tower with Radar,0,7,32,0,39,0,0,19,0,19,0,7,51,0,58,22,0,22,80
04/23/2007,GGG,TX,ASW,CE,Combined TRACON& Tower with Radar,0,7,46,0,53,0,0,53,1,54,0,7,99,1,107,166,0,166,273
04/24/2007,GGG,TX,ASW,CE,Combined TRACON& Tower with Radar,9,10,35,0,54,0,0,15,0,15,9,10,50,0,69,92,0,92,161
04/25/2007,GGG,TX,ASW,CE,Combined TRACON& Tower with Radar,0,6,34,2,42,0,0,40,1,41,0,6,74,3,83,166,20,186,269
04/26/2007,GGG,TX,ASW,CE,Combined TRACON& Tower with Radar,0,12,45,5,62,0,0,111,1,112,0,12,156,6,174,282,28,310,484
04/27/2007,GGG,TX,ASW,CE,Combined TRACON& Tower with Radar,0,7,61,10,78,0,0,98,1,99,0,7,159,11,177,278,28,306,483
04/28/2007,GGG,TX,ASW,CE,Combined TRACON& Tower with Radar,0,7,36,0,43,0,0,81,0,81,0,7,117,0,124,238,0,238,362
04/29/2007,GGG,TX,ASW,CE,Combined TRACON& Tower with Radar,0,6,25,0,31,0,0,49,0,49,0,6,74,0,80,54,0,54,134
04/30/2007,GGG,TX,ASW,CE,Combined TRACON& Tower with Radar,0,9,35,2,46,0,0,73,1,74,0,9,108,3,120,344,16,360,480
05/01/2007,GGG,TX,ASW,CE,Combined TRACON& Tower with Radar,0,16,25,8,49,0,0,13,4,17,0,16,38,12,66,110,40,150,216
05/02/2007,GGG,TX,ASW,CE,Combined TRACON& Tower with Radar,0,7,57,15,79,0,0,38,0,38,0,7,95,15,117,134,16,150,267
05/03/2007,GGG,TX,ASW,CE,Combined TRACON& Tower with Radar,0,7,37,0,44,0,0,20,0,20,0,7,57,0,64,90,0,90,154
05/04/2007,GGG,TX,ASW,CE,Combined TRACON& Tower with Radar,0,9,70,13,92,0,0,36,0,36,0,9,106,13,128,44,6,50,178
05/05/2007,GGG,TX,ASW,CE,Combined TRACON& Tower with Radar,0,8,40,20,68,0,0,35,2,37,0,8,75,22,105,68,12,80,185
05/06/2007,GGG,TX,ASW,CE,Combined TRACON& Tower with Radar,0,9,30,8,47,0,0,18,0,18,0,9,48,8,65,22,0,22,87
05/07/2007,GGG,TX,ASW,CE,Combined TRACON& Tower with Radar,1,7,32,0,40,0,0,44,0,44,1,7,76,0,84,116,0,116,200
05/08/2007,GGG,TX,ASW,CE,Combined TRACON& Tower with Radar,0,8,46,17,71,0,0,27,3,30,0,8,73,20,101,100,32,132,233
05/09/2007,GGG,TX,ASW,CE,Combined TRACON& Tower with Radar,0,9,38,0,47,0,0,30,0,30,0,9,68,0,77,72,0,72,149
05/10/2007,GGG,TX,ASW,CE,Combined TRACON& Tower with Radar,0,30,40,0,70,0,0,38,0,38,0,30,78,0,108,148,0,148,256
05/11/2007,GGG,TX,ASW,CE,Combined TRACON& Tower with Radar,0,10,36,7,53,0,0,68,3,71,0,10,104,10,124,190,0,190,314
05/12/2007,GGG,TX,ASW,CE,Combined TRACON& Tower with Radar,0,6,24,6,36,0,2,45,0,47,0,8,69,6,83,76,4,80,163
05/13/2007,GGG,TX,ASW,CE,Combined TRACON& Tower with Radar,6,11,20,5,42,0,0,29,2,31,6,11,49,7,73,0,0,0,73
05/14/2007,GGG,TX,ASW,CE,Combined TRACON& Tower with Radar,0,8,45,1,54,0,0,86,0,86,0,8,131,1,140,224,0,224,364
05/15/2007,GGG,TX,ASW,CE,Combined TRACON& Tower with Radar,0,19,35,2,56,0,0,67,0,67,0,19,102,2,123,242,16,258,381
05/16/2007,GGG,TX,ASW,CE,Combined TRACON& Tower with Radar,1,11,52,2,66,0,0,41,0,41,1,11,93,2,107,246,0,246,353
05/17/2007,GGG,TX,ASW,CE,Combined TRACON& Tower with Radar,0,11,48,2,61,0,1,90,1,92,0,12,138,3,153,240,14,254,407
05/18/2007,GGG,TX,ASW,CE,Combined TRACON& Tower with Radar,0,8,49,21,78,0,0,72,0,72,0,8,121,21,150,148,54,202,352
05/19/2007,GGG,TX,ASW,CE,Combined TRACON& Tower with Radar,0,6,30,15,51,0,0,47,6,53,0,6,77,21,104,86,54,140,244
05/20/2007,GGG,TX,ASW,CE,Combined TRACON& Tower with Radar,0,8,16,0,24,0,0,18,0,18,0,8,34,0,42,24,0,24,66
05/21/2007,GGG,TX,ASW,CE,Combined TRACON& Tower with Radar,0,7,35,7,49,0,0,24,7,31,0,7,59,14,80,88,28,116,196
05/22/2007,GGG,TX,ASW,CE,Combined TRACON& Tower with Radar,0,8,22,0,30,0,0,10,0,10,0,8,32,0,40,114,0,114,154
05/23/2007,GGG,TX,ASW,CE,Combined TRACON& Tower with Radar,0,15,56,18,89,0,0,53,1,54,0,15,109,19,143,228,18,246,389
05/24/2007,GGG,TX,ASW,CE,Combined TRACON& Tower with Radar,0,18,54,1,73,0,0,22,0,22,0,18,76,1,95,136,0,136,231
05/25/2007,GGG,TX,ASW,CE,Combined TRACON& Tower with Radar,0,10,43,5,58,0,0,41,0,41,0,10,84,5,99,148,34,182,281
05/26/2007,GGG,TX,ASW,CE,Combined TRACON& Tower with Radar,0,8,39,0,47,0,0,14,0,14,0,8,53,0,61,42,0,42,103
05/27/2007,GGG,TX,ASW,CE,Combined TRACON& Tower with Radar,0,7,5,0,12,0,0,3,0,3,0,7,8,0,15,0,0,0,15
05/28/2007,GGG,TX,ASW,CE,Combined TRACON& Tower with Radar,0,7,20,0,27,0,0,6,0,6,0,7,26,0,33,0,0,0,33
05/29/2007,GGG,TX,ASW,CE,Combined TRACON& Tower with Radar,0,11,59,0,70,0,0,6,0,6,0,11,65,0,76,20,0,20,96
05/30/2007,GGG,TX,ASW,CE,Combined TRACON& Tower with Radar,0,8,44,0,52,0,0,14,1,15,0,8,58,1,67,38,0,38,105
05/31/2007,GGG,TX,ASW,CE,Combined TRACON& Tower with Radar,0,6,25,12,43,0,0,74,0,74,0,6,99,12,117,144,12,156,273
06/01/2007,GGG,TX,ASW,CE,Combined TRACON& Tower with Radar,0,11,46,15,72,0,0,70,0,70,0,11,116,15,142,128,38,166,308
06/02/2007,GGG,TX,ASW,CE,Combined TRACON& Tower with Radar,0,7,28,18,53,0,0,65,2,67,0,7,93,20,120,126,34,160,280
06/03/2007,GGG,TX,ASW,CE,Combined TRACON& Tower with Radar,1,6,28,0,35,0,0,13,0,13,1,6,41,0,48,30,0,30,78
06/04/2007,GGG,TX,ASW,CE,Combined TRACON& Tower with Radar,0,11,20,0,31,0,1,43,0,44,0,12,63,0,75,104,0,104,179
06/05/2007,GGG,TX,ASW,CE,Combined TRACON& Tower with Radar,0,10,48,18,76,0,2,74,6,82,0,12,122,24,158,220,98,318,476
06/06/2007,GGG,TX,ASW,CE,Combined TRACON& Tower with Radar,1,9,47,9,66,0,0,70,0,70,1,9,117,9,136,74,8,82,218
06/07/2007,GGG,TX,ASW,CE,Combined TRACON& Tower with Radar,0,15,39,0,54,0,1,51,0,52,0,16,90,0,106,162,0,162,268
06/08/2007,GGG,TX,ASW,CE,Combined TRACON& Tower with Radar,0,11,28,2,41,0,0,26,0,26,0,11,54,2,67,124,0,124,191
06/09/2007,GGG,TX,ASW,CE,Combined TRACON& Tower with Radar,0,6,15,0,21,0,0,26,0,26,0,6,41,0,47,68,0,68,115
06/10/2007,GGG,TX,ASW,CE,Combined TRACON& Tower with Radar,0,7,27,3,37,0,0,21,0,21,0,7,48,3,58,10,0,10,68
06/11/2007,GGG,TX,ASW,CE,Combined TRACON& Tower with Radar,0,8,22,13,43,0,0,57,1,58,0,8,79,14,101,180,52,232,333
06/12/2007,GGG,TX,ASW,CE,Combined TRACON& Tower with Radar,0,6,42,3,51,0,0,71,0,71,0,6,113,3,122,154,2,156,278
06/13/2007,GGG,TX,ASW,CE,Combined TRACON& Tower with Radar,0,11,45,5,61,0,0,42,0,42,0,11,87,5,103,124,8,132,235
06/14/2007,GGG,TX,ASW,CE,Combined TRACON& Tower with Radar,0,7,38,4,49,0,0,34,0,34,0,7,72,4,83,112,24,136,219
06/15/2007,GGG,TX,ASW,CE,Combined TRACON& Tower with Radar,0,16,45,2,63,0,0,26,0,26,0,16,71,2,89,98,0,98,187
06/16/2007,GGG,TX,ASW,CE,Combined TRACON& Tower with Radar,0,4,24,0,28,0,0,2,0,2,0,4,26,0,30,16,0,16,46
06/17/2007,GGG,TX,ASW,CE,Combined TRACON& Tower with Radar,0,8,14,0,22,0,0,32,0,32,0,8,46,0,54,32,0,32,86
06/18/2007,GGG,TX,ASW,CE,Combined TRACON& Tower with Radar,0,11,48,6,65,0,0,45,0,45,0,11,93,6,110,218,4,222,332
06/19/2007,GGG,TX,ASW,CE,Combined TRACON& Tower with Radar,0,9,54,11,74,0,0,83,1,84,0,9,137,12,158,330,24,354,512
06/20/2007,GGG,TX,ASW,CE,Combined TRACON& Tower with Radar,0,8,43,3,54,0,0,27,1,28,0,8,70,4,82,86,0,86,168
06/21/2007,GGG,TX,ASW,CE,Combined TRACON& Tower with Radar,0,9,27,0,36,0,0,54,1,55,0,9,81,1,91,148,0,148,239
06/22/2007,GGG,TX,ASW,CE,Combined TRACON& Tower with Radar,4,10,45,2,61,0,0,75,2,77,4,10,120,4,138,222,0,222,360
06/23/2007,GGG,TX,ASW,CE,Combined TRACON& Tower with Radar,0,8,30,0,38,0,0,40,0,40,0,8,70,0,78,88,0,88,166
06/24/2007,GGG,TX,ASW,CE,Combined TRACON& Tower with Radar,0,8,19,0,27,0,0,15,2,17,0,8,34,2,44,0,0,0,44
06/25/2007,GGG,TX,ASW,CE,Combined TRACON& Tower with Radar,0,8,29,0,37,0,0,19,0,19,0,8,48,0,56,100,0,100,156
06/26/2007,GGG,TX,ASW,CE,Combined TRACON& Tower with Radar,0,10,41,0,51,0,0,15,0,15,0,10,56,0,66,44,0,44,110
06/27/2007,GGG,TX,ASW,CE,Combined TRACON& Tower with Radar,9,11,39,0,59,0,0,50,2,52,9,11,89,2,111,142,0,142,253
06/28/2007,GGG,TX,ASW,CE,Combined TRACON& Tower with Radar,0,11,31,3,45,0,0,43,0,43,0,11,74,3,88,178,2,180,268
06/29/2007,GGG,TX,ASW,CE,Combined TRACON& Tower with Radar,2,11,48,12,73,0,0,50,0,50,2,11,98,12,123,200,8,208,331
06/30/2007,GGG,TX,ASW,CE,Combined TRACON& Tower with Radar,0,14,20,6,40,0,0,42,1,43,0,14,62,7,83,76,16,92,175
07/01/2007,GGG,TX,ASW,CE,Combined TRACON& Tower with Radar,0,6,13,0,19,0,0,7,5,12,0,6,20,5,31,0,0,0,31
07/02/2007,GGG,TX,ASW,CE,Combined TRACON& Tower with Radar,5,10,26,0,41,0,0,23,0,23,5,10,49,0,64,64,0,64,128
07/03/2007,GGG,TX,ASW,CE,Combined TRACON& Tower with Radar,0,11,22,0,33,0,0,13,0,13,0,11,35,0,46,14,0,14,60
07/04/2007,GGG,TX,ASW,CE,Combined TRACON& Tower with Radar,0,6,13,0,19,0,0,0,0,0,0,6,13,0,19,2,0,2,21
07/05/2007,GGG,TX,ASW,CE,Combined TRACON& Tower with Radar,0,8,22,0,30,0,0,1,0,1,0,8,23,0,31,6,0,6,37
07/06/2007,GGG,TX,ASW,CE,Combined TRACON& Tower with Radar,0,11,34,1,46,0,0,2,0,2,0,11,36,1,48,18,0,18,66
07/07/2007,GGG,TX,ASW,CE,Combined TRACON& Tower with Radar,0,7,20,0,27,0,0,42,0,42,0,7,62,0,69,38,0,38,107
07/08/2007,GGG,TX,ASW,CE,Combined TRACON& Tower with Radar,0,9,12,0,21,0,0,11,0,11,0,9,23,0,32,12,0,12,44
07/09/2007,GGG,TX,ASW,CE,Combined TRACON& Tower with Radar,0,9,43,3,55,0,0,33,0,33,0,9,76,3,88,62,0,62,150
07/10/2007,GGG,TX,ASW,CE,Combined TRACON& Tower with Radar,0,9,49,12,70,0,1,49,3,53,0,10,98,15,123,170,28,198,321
07/11/2007,GGG,TX,ASW,CE,Combined TRACON& Tower with Radar,4,6,55,8,73,0,0,74,0,74,4,6,129,8,147,198,52,250,397
07/12/2007,GGG,TX,ASW,CE,Combined TRACON& Tower with Radar,0,9,30,11,50,0,0,80,0,80,0,9,110,11,130,184,10,194,324
07/13/2007,GGG,TX,ASW,CE,Combined TRACON& Tower with Radar,0,8,16,0,24,0,0,51,0,51,0,8,67,0,75,132,0,132,207
07/14/2007,GGG,TX,ASW,CE,Combined TRACON& Tower with Radar,0,6,28,5,39,0,0,10,0,10,0,6,38,5,49,48,14,62,111
07/15/2007,GGG,TX,ASW,CE,Combined TRACON& Tower with Radar,0,7,14,0,21,0,0,17,0,17,0,7,31,0,38,12,0,12,50
07/16/2007,GGG,TX,ASW,CE,Combined TRACON& Tower with Radar,0,9,32,2,43,0,0,51,0,51,0,9,83,2,94,162,0,162,256
07/17/2007,GGG,TX,ASW,CE,Combined TRACON& Tower with Radar,0,10,42,10,62,0,0,56,4,60,0,10,98,14,122,82,44,126,248
07/18/2007,GGG,TX,ASW,CE,Combined TRACON& Tower with Radar,0,10,44,2,56,0,0,43,0,43,0,10,87,2,99,100,0,100,199
07/19/2007,GGG,TX,ASW,CE,Combined TRACON& Tower with Radar,0,10,37,1,48,0,0,34,0,34,0,10,71,1,82,48,0,48,130
07/20/2007,GGG,TX,ASW,CE,Combined TRACON& Tower with Radar,0,11,25,1,37,0,0,19,1,20,0,11,44,2,57,14,0,14,71
07/21/2007,GGG,TX,ASW,CE,Combined TRACON& Tower with Radar,0,6,20,1,27,0,0,23,4,27,0,6,43,5,54,42,4,46,100
07/22/2007,GGG,TX,ASW,CE,Combined TRACON& Tower with Radar,0,4,26,0,30,0,0,15,0,15,0,4,41,0,45,0,0,0,45
07/23/2007,GGG,TX,ASW,CE,Combined TRACON& Tower with Radar,0,7,34,1,42,0,0,14,0,14,0,7,48,1,56,2,0,2,58
07/24/2007,GGG,TX,ASW,CE,Combined TRACON& Tower with Radar,0,10,32,0,42,0,0,37,2,39,0,10,69,2,81,64,0,64,145
07/25/2007,GGG,TX,ASW,CE,Combined TRACON& Tower with Radar,0,9,27,17,53,0,0,36,0,36,0,9,63,17,89,40,18,58,147
07/26/2007,GGG,TX,ASW,CE,Combined TRACON& Tower with Radar,0,10,37,6,53,0,0,27,0,27,0,10,64,6,80,10,4,14,94
07/27/2007,GGG,TX,ASW,CE,Combined TRACON& Tower with Radar,0,13,23,4,40,0,0,15,0,15,0,13,38,4,55,26,2,28,83
07/28/2007,GGG,TX,ASW,CE,Combined TRACON& Tower with Radar,0,8,16,0,24,0,0,7,0,7,0,8,23,0,31,10,0,10,41
07/29/2007,GGG,TX,ASW,CE,Combined TRACON& Tower with Radar,0,5,20,2,27,0,0,4,0,4,0,5,24,2,31,8,0,8,39
07/30/2007,GGG,TX,ASW,CE,Combined TRACON& Tower with Radar,0,8,41,0,49,0,0,28,0,28,0,8,69,0,77,54,0,54,131
07/31/2007,GGG,TX,ASW,CE,Combined TRACON& Tower with Radar,0,5,43,0,48,0,0,20,0,20,0,5,63,0,68,74,0,74,142
08/01/2007,GGG,TX,ASW,CE,Combined TRACON& Tower with Radar,0,11,34,0,45,0,0,5,0,5,0,11,39,0,50,20,0,20,70
08/02/2007,GGG,TX,ASW,CE,Combined TRACON& Tower with Radar,0,11,33,4,48,0,0,25,0,25,0,11,58,4,73,32,2,34,107
08/03/2007,GGG,TX,ASW,CE,Combined TRACON& Tower with Radar,0,11,24,2,37,0,0,37,2,39,0,11,61,4,76,44,18,62,138
08/04/2007,GGG,TX,ASW,CE,Combined TRACON& Tower with Radar,0,10,10,0,20,0,0,0,0,0,0,10,10,0,20,14,0,14,34
08/05/2007,GGG,TX,ASW,CE,Combined TRACON& Tower with Radar,0,8,19,1,28,0,0,30,0,30,0,8,49,1,58,10,0,10,68
08/06/2007,GGG,TX,ASW,CE,Combined TRACON& Tower with Radar,0,14,23,12,49,0,0,46,0,46,0,14,69,12,95,128,12,140,235
08/07/2007,GGG,TX,ASW,CE,Combined TRACON& Tower with Radar,0,10,40,4,54,0,0,49,0,49,0,10,89,4,103,256,0,256,359
08/08/2007,GGG,TX,ASW,CE,Combined TRACON& Tower with Radar,0,8,57,5,70,0,4,53,0,57,0,12,110,5,127,162,4,166,293
08/09/2007,GGG,TX,ASW,CE,Combined TRACON& Tower with Radar,0,9,33,0,42,0,2,64,0,66,0,11,97,0,108,138,0,138,246
08/10/2007,GGG,TX,ASW,CE,Combined TRACON& Tower with Radar,0,11,33,8,52,0,0,63,0,63,0,11,96,8,115,178,24,202,317
08/11/2007,GGG,TX,ASW,CE,Combined TRACON& Tower with Radar,0,6,8,9,23,0,0,21,1,22,0,6,29,10,45,0,10,10,55
08/12/2007,GGG,TX,ASW,CE,Combined TRACON& Tower with Radar,0,8,19,0,27,0,0,27,0,27,0,8,46,0,54,42,0,42,96
08/13/2007,GGG,TX,ASW,CE,Combined TRACON& Tower with Radar,0,7,17,0,24,0,0,32,0,32,0,7,49,0,56,132,0,132,188
08/14/2007,GGG,TX,ASW,CE,Combined TRACON& Tower with Radar,0,9,23,6,38,0,0,48,0,48,0,9,71,6,86,162,0,162,248
08/15/2007,GGG,TX,ASW,CE,Combined TRACON& Tower with Radar,0,12,57,1,70,0,0,59,1,60,0,12,116,2,130,146,0,146,276
08/16/2007,GGG,TX,ASW,CE,Combined TRACON& Tower with Radar,0,12,41,0,53,0,0,47,0,47,0,12,88,0,100,190,0,190,290
08/17/2007,GGG,TX,ASW,CE,Combined TRACON& Tower with Radar,0,5,82,0,87,0,0,10,1,11,0,5,92,1,98,4,0,4,102
08/18/2007,GGG,TX,ASW,CE,Combined TRACON& Tower with Radar,0,9,20,3,32,0,0,0,0,0,0,9,20,3,32,64,0,64,96
08/19/2007,GGG,TX,ASW,CE,Combined TRACON& Tower with Radar,0,8,20,0,28,0,0,17,0,17,0,8,37,0,45,28,0,28,73
08/20/2007,GGG,TX,ASW,CE,Combined TRACON& Tower with Radar,0,6,26,3,35,0,0,52,0,52,0,6,78,3,87,138,0,138,225
08/21/2007,GGG,TX,ASW,CE,Combined TRACON& Tower with Radar,0,10,50,0,60,0,0,44,0,44,0,10,94,0,104,160,0,160,264
08/22/2007,GGG,TX,ASW,CE,Combined TRACON& Tower with Radar,0,11,41,5,57,0,0,61,0,61,0,11,102,5,118,162,6,168,286
08/23/2007,GGG,TX,ASW,CE,Combined TRACON& Tower with Radar,0,9,30,2,41,0,0,55,0,55,0,9,85,2,96,140,10,150,246
08/24/2007,GGG,TX,ASW,CE,Combined TRACON& Tower with Radar,0,10,29,6,45,0,0,46,0,46,0,10,75,6,91,102,14,116,207
08/25/2007,GGG,TX,ASW,CE,Combined TRACON& Tower with Radar,0,6,14,0,20,0,0,0,0,0,0,6,14,0,20,142,0,142,162
08/26/2007,GGG,TX,ASW,CE,Combined TRACON& Tower with Radar,0,9,17,3,29,0,0,15,0,15,0,9,32,3,44,10,12,22,66
08/27/2007,GGG,TX,ASW,CE,Combined TRACON& Tower with Radar,0,15,17,0,32,0,0,0,0,0,0,15,17,0,32,82,0,82,114
08/28/2007,GGG,TX,ASW,CE,Combined TRACON& Tower with Radar,0,10,44,0,54,0,0,46,1,47,0,10,90,1,101,60,0,60,161
08/29/2007,GGG,TX,ASW,CE,Combined TRACON& Tower with Radar,0,11,26,6,43,0,0,34,2,36,0,11,60,8,79,80,0,80,159
08/30/2007,GGG,TX,ASW,CE,Combined TRACON& Tower with Radar,0,5,35,2,42,0,0,29,0,29,0,5,64,2,71,48,0,48,119
08/31/2007,GGG,TX,ASW,CE,Combined TRACON& Tower with Radar,0,11,35,0,46,0,1,36,0,37,0,12,71,0,83,142,0,142,225
09/01/2007,GGG,TX,ASW,CE,Combined TRACON& Tower with Radar,0,7,20,0,27,0,0,54,0,54,0,7,74,0,81,248,0,248,329
09/02/2007,GGG,TX,ASW,CE,Combined TRACON& Tower with Radar,0,11,10,0,21,0,0,20,0,20,0,11,30,0,41,0,0,0,41
09/03/2007,GGG,TX,ASW,CE,Combined TRACON& Tower with Radar,0,6,26,0,32,0,0,32,0,32,0,6,58,0,64,86,0,86,150
09/04/2007,GGG,TX,ASW,CE,Combined TRACON& Tower with Radar,0,10,39,2,51,0,0,42,1,43,0,10,81,3,94,156,0,156,250
09/05/2007,GGG,TX,ASW,CE,Combined TRACON& Tower with Radar,0,9,27,0,36,0,0,5,0,5,0,9,32,0,41,26,0,26,67
09/06/2007,GGG,TX,ASW,CE,Combined TRACON& Tower with Radar,0,10,46,9,65,0,0,51,6,57,0,10,97,15,122,100,28,128,250
09/07/2007,GGG,TX,ASW,CE,Combined TRACON& Tower with Radar,0,9,45,5,59,0,0,36,2,38,0,9,81,7,97,112,22,134,231
09/08/2007,GGG,TX,ASW,CE,Combined TRACON& Tower with Radar,0,6,31,0,37,0,0,27,0,27,0,6,58,0,64,62,0,62,126
09/09/2007,GGG,TX,ASW,CE,Combined TRACON& Tower with Radar,0,4,23,0,27,0,0,14,0,14,0,4,37,0,41,4,0,4,45
09/10/2007,GGG,TX,ASW,CE,Combined TRACON& Tower with Radar,8,14,26,0,48,0,0,47,1,48,8,14,73,1,96,158,0,158,254
09/11/2007,GGG,TX,ASW,CE,Combined TRACON& Tower with Radar,0,7,37,0,44,0,0,46,0,46,0,7,83,0,90,236,0,236,326
09/12/2007,GGG,TX,ASW,CE,Combined TRACON& Tower with Radar,0,12,37,3,52,0,2,75,0,77,0,14,112,3,129,88,0,88,217
09/13/2007,GGG,TX,ASW,CE,Combined TRACON& Tower with Radar,0,8,48,8,64,0,0,37,0,37,0,8,85,8,101,176,28,204,305
09/14/2007,GGG,TX,ASW,CE,Combined TRACON& Tower with Radar,0,10,51,7,68,0,0,81,4,85,0,10,132,11,153,324,38,362,515
09/15/2007,GGG,TX,ASW,CE,Combined TRACON& Tower with Radar,0,6,18,3,27,0,0,92,2,94,0,6,110,5,121,358,14,372,493
09/16/2007,GGG,TX,ASW,CE,Combined TRACON& Tower with Radar,0,10,17,0,27,0,0,33,0,33,0,10,50,0,60,94,0,94,154
09/17/2007,GGG,TX,ASW,CE,Combined TRACON& Tower with Radar,0,11,34,23,68,0,0,116,0,116,0,11,150,23,184,214,26,240,424
09/18/2007,GGG,TX,ASW,CE,Combined TRACON& Tower with Radar,0,8,23,16,47,0,0,75,0,75,0,8,98,16,122,148,40,188,310
09/19/2007,GGG,TX,ASW,CE,Combined TRACON& Tower with Radar,0,11,48,0,59,0,0,74,0,74,0,11,122,0,133,164,0,164,297
09/20/2007,GGG,TX,ASW,CE,Combined TRACON& Tower with Radar,1,9,33,0,43,0,0,86,0,86,1,9,119,0,129,194,0,194,323
09/21/2007,GGG,TX,ASW,CE,Combined TRACON& Tower with Radar,0,7,41,4,52,0,0,101,0,101,0,7,142,4,153,298,0,298,451
09/22/2007,GGG,TX,ASW,CE,Combined TRACON& Tower with Radar,0,6,17,0,23,0,0,50,0,50,0,6,67,0,73,288,0,288,361
09/23/2007,GGG,TX,ASW,CE,Combined TRACON& Tower with Radar,0,6,19,0,25,0,0,8,0,8,0,6,27,0,33,14,0,14,47
09/24/2007,GGG,TX,ASW,CE,Combined TRACON& Tower with Radar,0,9,25,4,38,0,0,69,0,69,0,9,94,4,107,270,2,272,379
09/25/2007,GGG,TX,ASW,CE,Combined TRACON& Tower with Radar,0,8,54,24,86,0,0,29,1,30,0,8,83,25,116,172,28,200,316
09/26/2007,GGG,TX,ASW,CE,Combined TRACON& Tower with Radar,0,18,42,2,62,0,0,25,2,27,0,18,67,4,89,102,0,102,191
09/27/2007,GGG,TX,ASW,CE,Combined TRACON& Tower with Radar,0,13,45,0,58,0,0,57,0,57,0,13,102,0,115,166,0,166,281
09/28/2007,GGG,TX,ASW,CE,Combined TRACON& Tower with Radar,0,13,30,2,45,0,0,95,2,97,0,13,125,4,142,342,0,342,484
09/29/2007,GGG,TX,ASW,CE,Combined TRACON& Tower with Radar,0,6,34,0,40,0,0,79,0,79,0,6,113,0,119,226,0,226,345
09/30/2007,GGG,TX,ASW,CE,Combined TRACON& Tower with Radar,0,8,11,0,19,0,0,16,0,16,0,8,27,0,35,8,0,8,43
10/01/2007,GGG,TX,ASW,CE,Combined TRACON& Tower with Radar,0,11,52,12,75,0,0,31,0,31,0,11,83,12,106,34,44,78,184
10/02/2007,GGG,TX,ASW,CE,Combined TRACON& Tower with Radar,0,11,40,8,59,0,2,71,0,73,0,13,111,8,132,206,12,218,350
10/03/2007,GGG,TX,ASW,CE,Combined TRACON& Tower with Radar,0,11,37,0,48,0,0,100,0,100,0,11,137,0,148,264,0,264,412
10/04/2007,GGG,TX,ASW,CE,Combined TRACON& Tower with Radar,0,8,42,8,58,0,0,83,0,83,0,8,125,8,141,194,6,200,341
10/05/2007,GGG,TX,ASW,CE,Combined TRACON& Tower with Radar,0,9,56,12,77,0,0,63,0,63,0,9,119,12,140,318,22,340,480
10/06/2007,GGG,TX,ASW,CE,Combined TRACON& Tower with Radar,0,7,19,2,28,0,0,18,0,18,0,7,37,2,46,22,0,22,68
10/07/2007,GGG,TX,ASW,CE,Combined TRACON& Tower with Radar,0,11,12,0,23,0,0,15,0,15,0,11,27,0,38,8,0,8,46
10/08/2007,GGG,TX,ASW,CE,Combined TRACON& Tower with Radar,2,11,20,0,33,0,0,30,0,30,2,11,50,0,63,126,0,126,189
10/09/2007,GGG,TX,ASW,CE,Combined TRACON& Tower with Radar,0,9,70,1,80,0,0,48,1,49,0,9,118,2,129,196,0,196,325
10/10/2007,GGG,TX,ASW,CE,Combined TRACON& Tower with Radar,0,12,32,4,48,0,0,114,1,115,0,12,146,5,163,306,10,316,479
10/11/2007,GGG,TX,ASW,CE,Combined TRACON& Tower with Radar,0,13,39,0,52,0,0,106,0,106,0,13,145,0,158,292,0,292,450
10/12/2007,GGG,TX,ASW,CE,Combined TRACON& Tower with Radar,0,10,34,15,59,0,0,103,2,105,0,10,137,17,164,218,18,236,400
10/13/2007,GGG,TX,ASW,CE,Combined TRACON& Tower with Radar,0,6,14,0,20,0,0,98,0,98,0,6,112,0,118,240,0,240,358
10/14/2007,GGG,TX,ASW,CE,Combined TRACON& Tower with Radar,0,9,31,16,56,0,0,32,0,32,0,9,63,16,88,2,8,10,98
10/15/2007,GGG,TX,ASW,CE,Combined TRACON& Tower with Radar,0,9,21,0,30,0,0,14,0,14,0,9,35,0,44,76,0,76,120
10/16/2007,GGG,TX,ASW,CE,Combined TRACON& Tower with Radar,0,15,38,7,60,0,0,26,1,27,0,15,64,8,87,152,2,154,241
10/17/2007,GGG,TX,ASW,CE,Combined TRACON& Tower with Radar,0,15,38,4,57,0,0,11,0,11,0,15,49,4,68,98,6,104,172
10/18/2007,GGG,TX,ASW,CE,Combined TRACON& Tower with Radar,2,15,28,7,52,0,1,75,3,79,2,16,103,10,131,182,28,210,341
10/19/2007,GGG,TX,ASW,CE,Combined TRACON& Tower with Radar,0,13,33,3,49,0,0,97,1,98,0,13,130,4,147,244,10,254,401
10/20/2007,GGG,TX,ASW,CE,Combined TRACON& Tower with Radar,0,8,12,10,30,0,1,67,0,68,0,9,79,10,98,70,10,80,178
10/21/2007,GGG,TX,ASW,CE,Combined TRACON& Tower with Radar,0,7,14,4,25,0,0,24,0,24,0,7,38,4,49,14,0,14,63
10/22/2007,GGG,TX,ASW,CE,Combined TRACON& Tower with Radar,0,12,33,5,50,0,0,2,0,2,0,12,35,5,52,0,0,0,52
10/23/2007,GGG,TX,ASW,CE,Combined TRACON& Tower with Radar,0,18,39,12,69,0,0,31,1,32,0,18,70,13,101,56,6,62,163
10/24/2007,GGG,TX,ASW,CE,Combined TRACON& Tower with Radar,0,8,42,12,62,0,1,70,1,72,0,9,112,13,134,196,18,214,348
10/25/2007,GGG,TX,ASW,CE,Combined TRACON& Tower with Radar,0,11,42,20,73,0,2,95,4,101,0,13,137,24,174,332,40,372,546
10/26/2007,GGG,TX,ASW,CE,Combined TRACON& Tower with Radar,0,12,50,1,63,0,0,124,2,126,0,12,174,3,189,234,0,234,423
10/27/2007,GGG,TX,ASW,CE,Combined TRACON& Tower with Radar,0,5,30,0,35,0,3,82,0,85,0,8,112,0,120,248,0,248,368
10/28/2007,GGG,TX,ASW,CE,Combined TRACON& Tower with Radar,0,14,39,5,58,0,0,52,0,52,0,14,91,5,110,82,12,94,204
10/29/2007,GGG,TX,ASW,CE,Combined TRACON& Tower with Radar,0,12,32,8,52,0,0,87,0,87,0,12,119,8,139,200,30,230,369
10/30/2007,GGG,TX,ASW,CE,Combined TRACON& Tower with Radar,0,10,49,5,64,0,0,78,0,78,0,10,127,5,142,180,20,200,342
10/31/2007,GGG,TX,ASW,CE,Combined TRACON& Tower with Radar,0,10,28,2,40,0,0,77,2,79,0,10,105,4,119,250,18,268,387
11/01/2007,GGG,TX,ASW,CE,Combined TRACON& Tower with Radar,0,12,36,3,51,0,0,31,0,31,0,12,67,3,82,112,0,112,194
11/02/2007,GGG,TX,ASW,CE,Combined TRACON& Tower with Radar,0,12,49,8,69,0,0,71,4,75,0,12,120,12,144,234,28,262,406
11/03/2007,GGG,TX,ASW,CE,Combined TRACON& Tower with Radar,0,7,19,5,31,0,0,67,2,69,0,7,86,7,100,154,18,172,272
11/04/2007,GGG,TX,ASW,CE,Combined TRACON& Tower with Radar,0,9,26,4,39,0,0,17,0,17,0,9,43,4,56,50,4,54,110
11/05/2007,GGG,TX,ASW,CE,Combined TRACON& Tower with Radar,0,12,37,4,53,0,0,79,0,79,0,12,116,4,132,146,0,146,278
11/06/2007,GGG,TX,ASW,CE,Combined TRACON& Tower with Radar,0,15,30,6,51,0,0,60,2,62,0,15,90,8,113,164,38,202,315
11/07/2007,GGG,TX,ASW,CE,Combined TRACON& Tower with Radar,0,14,55,17,86,0,0,85,5,90,0,14,140,22,176,412,44,456,632
11/08/2007,GGG,TX,ASW,CE,Combined TRACON& Tower with Radar,0,9,53,0,62,0,0,67,0,67,0,9,120,0,129,154,0,154,283
11/09/2007,GGG,TX,ASW,CE,Combined TRACON& Tower with Radar,0,12,68,3,83,0,0,77,0,77,0,12,145,3,160,238,0,238,398
11/10/2007,GGG,TX,ASW,CE,Combined TRACON& Tower with Radar,0,6,17,0,23,0,0,28,0,28,0,6,45,0,51,92,0,92,143
11/11/2007,GGG,TX,ASW,CE,Combined TRACON& Tower with Radar,0,6,26,0,32,0,0,11,0,11,0,6,37,0,43,18,0,18,61
11/12/2007,GGG,TX,ASW,CE,Combined TRACON& Tower with Radar,0,8,49,2,59,0,0,32,0,32,0,8,81,2,91,114,0,114,205
11/13/2007,GGG,TX,ASW,CE,Combined TRACON& Tower with Radar,0,11,64,23,98,0,0,46,4,50,0,11,110,27,148,114,26,140,288
11/14/2007,GGG,TX,ASW,CE,Combined TRACON& Tower with Radar,1,9,66,13,89,0,0,73,2,75,1,9,139,15,164,222,24,246,410
11/15/2007,GGG,TX,ASW,CE,Combined TRACON& Tower with Radar,0,13,57,10,80,0,0,81,0,81,0,13,138,10,161,244,20,264,425
11/16/2007,GGG,TX,ASW,CE,Combined TRACON& Tower with Radar,0,9,48,8,65,0,0,98,1,99,0,9,146,9,164,174,4,178,342
11/17/2007,GGG,TX,ASW,CE,Combined TRACON& Tower with Radar,0,8,20,18,46,0,0,72,2,74,0,8,92,20,120,238,34,272,392
11/18/2007,GGG,TX,ASW,CE,Combined TRACON& Tower with Radar,0,8,20,3,31,0,0,15,0,15,0,8,35,3,46,20,0,20,66
11/19/2007,GGG,TX,ASW,CE,Combined TRACON& Tower with Radar,0,8,65,3,76,0,0,54,0,54,0,8,119,3,130,334,0,334,464
11/20/2007,GGG,TX,ASW,CE,Combined TRACON& Tower with Radar,0,9,54,6,69,0,0,22,0,22,0,9,76,6,91,118,0,118,209
11/21/2007,GGG,TX,ASW,CE,Combined TRACON& Tower with Radar,0,10,39,9,58,0,0,15,0,15,0,10,54,9,73,168,18,186,259
11/22/2007,GGG,TX,ASW,CE,Combined TRACON& Tower with Radar,0,6,4,0,10,0,0,5,0,5,0,6,9,0,15,0,0,0,15
11/23/2007,GGG,TX,ASW,CE,Combined TRACON& Tower with Radar,0,9,21,0,30,0,0,40,0,40,0,9,61,0,70,150,0,150,220
11/24/2007,GGG,TX,ASW,CE,Combined TRACON& Tower with Radar,0,5,5,0,10,0,0,0,0,0,0,5,5,0,10,0,0,0,10
11/25/2007,GGG,TX,ASW,CE,Combined TRACON& Tower with Radar,0,5,18,0,23,0,0,0,0,0,0,5,18,0,23,0,0,0,23
11/26/2007,GGG,TX,ASW,CE,Combined TRACON& Tower with Radar,0,8,45,0,53,0,0,0,0,0,0,8,45,0,53,272,0,272,325
11/27/2007,GGG,TX,ASW,CE,Combined TRACON& Tower with Radar,0,9,33,13,55,0,2,95,1,98,0,11,128,14,153,320,50,370,523
11/28/2007,GGG,TX,ASW,CE,Combined TRACON& Tower with Radar,0,12,58,6,76,0,2,97,0,99,0,14,155,6,175,248,2,250,425
11/29/2007,GGG,TX,ASW,CE,Combined TRACON& Tower with Radar,0,7,45,5,57,0,0,70,0,70,0,7,115,5,127,228,10,238,365
11/30/2007,GGG,TX,ASW,CE,Combined TRACON& Tower with Radar,0,11,54,0,65,0,0,48,0,48,0,11,102,0,113,182,0,182,295
12/01/2007,GGG,TX,ASW,CE,Combined TRACON& Tower with Radar,0,7,13,4,24,0,0,50,0,50,0,7,63,4,74,100,4,104,178
12/02/2007,GGG,TX,ASW,CE,Combined TRACON& Tower with Radar,0,8,14,0,22,0,0,13,0,13,0,8,27,0,35,62,0,62,97
12/03/2007,GGG,TX,ASW,CE,Combined TRACON& Tower with Radar,0,8,45,4,57,0,0,93,0,93,0,8,138,4,150,250,4,254,404
12/04/2007,GGG,TX,ASW,CE,Combined TRACON& Tower with Radar,0,15,55,22,92,0,0,78,2,80,0,15,133,24,172,274,24,298,470
12/05/2007,GGG,TX,ASW,CE,Combined TRACON& Tower with Radar,0,10,39,3,52,0,0,87,2,89,0,10,126,5,141,284,22,306,447
12/06/2007,GGG,TX,ASW,CE,Combined TRACON& Tower with Radar,0,11,35,3,49,0,0,96,0,96,0,11,131,3,145,266,0,266,411
12/07/2007,GGG,TX,ASW,CE,Combined TRACON& Tower with Radar,0,10,73,5,88,0,0,44,0,44,0,10,117,5,132,198,2,200,332
12/08/2007,GGG,TX,ASW,CE,Combined TRACON& Tower with Radar,0,7,30,13,50,0,0,50,0,50,0,7,80,13,100,252,0,252,352
12/09/2007,GGG,TX,ASW,CE,Combined TRACON& Tower with Radar,0,8,23,0,31,0,0,6,0,6,0,8,29,0,37,14,0,14,51
12/10/2007,GGG,TX,ASW,CE,Combined TRACON& Tower with Radar,0,10,52,1,63,0,0,20,2,22,0,10,72,3,85,88,0,88,173
12/11/2007,GGG,TX,ASW,CE,Combined TRACON& Tower with Radar,0,6,56,6,68,0,0,55,2,57,0,6,111,8,125,190,12,202,327
12/12/2007,GGG,TX,ASW,CE,Combined TRACON& Tower with Radar,0,8,41,2,51,0,0,0,0,0,0,8,41,2,51,0,0,0,51
12/13/2007,GGG,TX,ASW,CE,Combined TRACON& Tower with Radar,0,10,45,9,64,0,0,58,2,60,0,10,103,11,124,86,14,100,224
12/14/2007,GGG,TX,ASW,CE,Combined TRACON& Tower with Radar,0,11,34,2,47,0,1,7,0,8,0,12,41,2,55,66,0,66,121
12/15/2007,GGG,TX,ASW,CE,Combined TRACON& Tower with Radar,0,8,17,2,27,0,0,6,0,6,0,8,23,2,33,62,0,62,95
12/16/2007,GGG,TX,ASW,CE,Combined TRACON& Tower with Radar,0,6,31,0,37,0,0,55,0,55,0,6,86,0,92,124,0,124,216
12/17/2007,GGG,TX,ASW,CE,Combined TRACON& Tower with Radar,0,8,34,7,49,0,0,89,0,89,0,8,123,7,138,146,22,168,306
12/18/2007,GGG,TX,ASW,CE,Combined TRACON& Tower with Radar,0,8,42,8,58,0,0,53,0,53,0,8,95,8,111,110,0,110,221
12/19/2007,GGG,TX,ASW,CE,Combined TRACON& Tower with Radar,0,13,57,3,73,0,1,22,0,23,0,14,79,3,96,86,0,86,182
12/20/2007,GGG,TX,ASW,CE,Combined TRACON& Tower with Radar,0,13,35,18,66,0,0,37,0,37,0,13,72,18,103,24,56,80,183
12/21/2007,GGG,TX,ASW,CE,Combined TRACON& Tower with Radar,0,11,25,6,42,0,0,46,1,47,0,11,71,7,89,60,0,60,149
12/22/2007,GGG,TX,ASW,CE,Combined TRACON& Tower with Radar,0,6,8,1,15,0,0,3,0,3,0,6,11,1,18,0,0,0,18
12/23/2007,GGG,TX,ASW,CE,Combined TRACON& Tower with Radar,0,6,6,0,12,0,0,29,0,29,0,6,35,0,41,0,0,0,41
12/24/2007,GGG,TX,ASW,CE,Combined TRACON& Tower with Radar,0,7,7,0,14,0,0,16,0,16,0,7,23,0,30,4,0,4,34
12/25/2007,GGG,TX,ASW,CE,Combined TRACON& Tower with Radar,0,8,5,0,13,0,0,7,0,7,0,8,12,0,20,8,0,8,28
12/26/2007,GGG,TX,ASW,CE,Combined TRACON& Tower with Radar,0,7,9,0,16,0,0,0,0,0,0,7,9,0,16,0,0,0,16
12/27/2007,GGG,TX,ASW,CE,Combined TRACON& Tower with Radar,0,11,19,0,30,0,2,5,0,7,0,13,24,0,37,20,0,20,57
12/28/2007,GGG,TX,ASW,CE,Combined TRACON& Tower with Radar,0,9,21,0,30,0,0,20,0,20,0,9,41,0,50,4,0,4,54
12/29/2007,GGG,TX,ASW,CE,Combined TRACON& Tower with Radar,2,6,25,0,33,0,0,47,0,47,2,6,72,0,80,58,0,58,138
12/30/2007,GGG,TX,ASW,CE,Combined TRACON& Tower with Radar,0,7,11,0,18,0,0,19,0,19,0,7,30,0,37,4,0,4,41
12/31/2007,GGG,TX,ASW,CE,Combined TRACON& Tower with Radar,0,14,9,0,23,0,0,22,0,22,0,14,31,0,45,42,0,42,87
01/01/2008,GGG,TX,ASW,CE,Combined TRACON& Tower with Radar,0,12,4,0,16,0,0,5,0,5,0,12,9,0,21,0,0,0,21
01/02/2008,GGG,TX,ASW,CE,Combined TRACON& Tower with Radar,0,10,30,4,44,0,0,28,0,28,0,10,58,4,72,24,28,52,124
01/03/2008,GGG,TX,ASW,CE,Combined TRACON& Tower with Radar,0,6,41,8,55,0,0,28,0,28,0,6,69,8,83,66,12,78,161
01/04/2008,GGG,TX,ASW,CE,Combined TRACON& Tower with Radar,0,7,45,6,58,0,0,50,2,52,0,7,95,8,110,154,14,168,278
01/05/2008,GGG,TX,ASW,CE,Combined TRACON& Tower with Radar,0,9,31,0,40,0,0,3,0,3,0,9,34,0,43,34,0,34,77
01/06/2008,GGG,TX,ASW,CE,Combined TRACON& Tower with Radar,0,6,9,0,15,0,0,12,0,12,0,6,21,0,27,30,0,30,57
01/07/2008,GGG,TX,ASW,CE,Combined TRACON& Tower with Radar,0,11,36,6,53,0,0,19,0,19,0,11,55,6,72,82,0,82,154
01/08/2008,GGG,TX,ASW,CE,Combined TRACON& Tower with Radar,0,14,23,0,37,0,1,26,0,27,0,15,49,0,64,138,0,138,202
01/09/2008,GGG,TX,ASW,CE,Combined TRACON& Tower with Radar,1,11,48,18,78,0,0,93,0,93,1,11,141,18,171,248,12,260,431
01/10/2008,GGG,TX,ASW,CE,Combined TRACON& Tower with Radar,0,8,26,1,35,0,0,35,0,35,0,8,61,1,70,104,0,104,174
01/11/2008,GGG,TX,ASW,CE,Combined TRACON& Tower with Radar,0,12,49,0,61,0,0,111,0,111,0,12,160,0,172,296,0,296,468
01/12/2008,GGG,TX,ASW,CE,Combined TRACON& Tower with Radar,0,6,19,3,28,0,0,81,0,81,0,6,100,3,109,266,0,266,375
01/13/2008,GGG,TX,ASW,CE,Combined TRACON& Tower with Radar,0,7,22,0,29,0,0,22,0,22,0,7,44,0,51,44,0,44,95
01/14/2008,GGG,TX,ASW,CE,Combined TRACON& Tower with Radar,0,8,22,13,43,0,3,74,0,77,0,11,96,13,120,192,10,202,322
01/15/2008,GGG,TX,ASW,CE,Combined TRACON& Tower with Radar,0,12,36,8,56,0,0,87,0,87,0,12,123,8,143,210,20,230,373
01/16/2008,GGG,TX,ASW,CE,Combined TRACON& Tower with Radar,0,10,39,2,51,0,0,5,0,5,0,10,44,2,56,10,0,10,66
01/17/2008,GGG,TX,ASW,CE,Combined TRACON& Tower with Radar,0,10,40,0,50,0,0,50,0,50,0,10,90,0,100,122,0,122,222
01/18/2008,GGG,TX,ASW,CE,Combined TRACON& Tower with Radar,0,7,22,0,29,0,0,32,0,32,0,7,54,0,61,256,0,256,317
01/19/2008,GGG,TX,ASW,CE,Combined TRACON& Tower with Radar,0,15,17,0,32,0,1,83,0,84,0,16,100,0,116,206,0,206,322
01/20/2008,GGG,TX,ASW,CE,Combined TRACON& Tower with Radar,0,9,12,0,21,0,0,26,0,26,0,9,38,0,47,28,0,28,75
01/21/2008,GGG,TX,ASW,CE,Combined TRACON& Tower with Radar,2,19,25,0,46,0,0,58,0,58,2,19,83,0,104,216,0,216,320
01/22/2008,GGG,TX,ASW,CE,Combined TRACON& Tower with Radar,0,16,33,1,50,0,0,0,0,0,0,16,33,1,50,6,0,6,56
01/23/2008,GGG,TX,ASW,CE,Combined TRACON& Tower with Radar,0,19,54,11,84,0,0,39,1,40,0,19,93,12,124,122,24,146,270
01/24/2008,GGG,TX,ASW,CE,Combined TRACON& Tower with Radar,2,7,28,10,47,0,0,70,0,70,2,7,98,10,117,194,4,198,315
01/25/2008,GGG,TX,ASW,CE,Combined TRACON& Tower with Radar,0,7,23,3,33,0,0,0,0,0,0,7,23,3,33,0,0,0,33
01/26/2008,GGG,TX,ASW,CE,Combined TRACON& Tower with Radar,0,16,30,1,47,0,0,2,0,2,0,16,32,1,49,8,0,8,57
01/27/2008,GGG,TX,ASW,CE,Combined TRACON& Tower with Radar,0,5,20,1,26,0,0,41,0,41,0,5,61,1,67,28,0,28,95
01/28/2008,GGG,TX,ASW,CE,Combined TRACON& Tower with Radar,0,23,53,6,82,0,0,14,0,14,0,23,67,6,96,74,0,74,170
01/29/2008,GGG,TX,ASW,CE,Combined TRACON& Tower with Radar,0,10,32,0,42,0,0,22,0,22,0,10,54,0,64,26,0,26,90
01/30/2008,GGG,TX,ASW,CE,Combined TRACON& Tower with Radar,0,9,46,8,63,0,0,118,2,120,0,9,164,10,183,106,30,136,319
01/31/2008,GGG,TX,ASW,CE,Combined TRACON& Tower with Radar,0,9,27,0,36,0,0,29,0,29,0,9,56,0,65,20,0,20,85
02/01/2008,GGG,TX,ASW,CE,Combined TRACON& Tower with Radar,0,10,58,20,88,0,2,135,3,140,0,12,193,23,228,136,52,188,416
02/02/2008,GGG,TX,ASW,CE,Combined TRACON& Tower with Radar,0,7,49,0,56,0,0,104,0,104,0,7,153,0,160,336,0,336,496
02/03/2008,GGG,TX,ASW,CE,Combined TRACON& Tower with Radar,0,6,19,18,43,0,0,10,0,10,0,6,29,18,53,22,0,22,75
02/04/2008,GGG,TX,ASW,CE,Combined TRACON& Tower with Radar,0,12,26,12,50,0,0,51,0,51,0,12,77,12,101,262,4,266,367
02/05/2008,GGG,TX,ASW,CE,Combined TRACON& Tower with Radar,0,7,45,4,56,0,0,40,0,40,0,7,85,4,96,60,0,60,156
02/06/2008,GGG,TX,ASW,CE,Combined TRACON& Tower with Radar,0,13,54,25,92,0,1,105,4,110,0,14,159,29,202,248,54,302,504
02/07/2008,GGG,TX,ASW,CE,Combined TRACON& Tower with Radar,0,10,42,17,69,0,1,83,7,91,0,11,125,24,160,138,68,206,366
02/08/2008,GGG,TX,ASW,CE,Combined TRACON& Tower with Radar,0,9,41,6,56,0,0,121,0,121,0,9,162,6,177,146,20,166,343
02/09/2008,GGG,TX,ASW,CE,Combined TRACON& Tower with Radar,0,6,35,0,41,0,0,135,0,135,0,6,170,0,176,256,0,256,432
02/10/2008,GGG,TX,ASW,CE,Combined TRACON& Tower with Radar,0,8,10,0,18,0,0,57,0,57,0,8,67,0,75,80,0,80,155
02/11/2008,GGG,TX,ASW,CE,Combined TRACON& Tower with Radar,0,7,52,0,59,0,0,80,0,80,0,7,132,0,139,234,0,234,373
02/12/2008,GGG,TX,ASW,CE,Combined TRACON& Tower with Radar,0,10,40,8,58,0,0,26,0,26,0,10,66,8,84,78,34,112,196
02/13/2008,GGG,TX,ASW,CE,Combined TRACON& Tower with Radar,0,8,55,10,73,0,0,121,0,121,0,8,176,10,194,298,8,306,500
02/14/2008,GGG,TX,ASW,CE,Combined TRACON& Tower with Radar,1,9,43,4,57,0,1,89,0,90,1,10,132,4,147,216,0,216,363
02/15/2008,GGG,TX,ASW,CE,Combined TRACON& Tower with Radar,0,10,71,0,81,0,0,12,0,12,0,10,83,0,93,192,0,192,285
02/16/2008,GGG,TX,ASW,CE,Combined TRACON& Tower with Radar,0,4,25,0,29,0,0,0,0,0,0,4,25,0,29,0,0,0,29
02/17/2008,GGG,TX,ASW,CE,Combined TRACON& Tower with Radar,0,8,25,0,33,0,0,28,0,28,0,8,53,0,61,50,0,50,111
02/18/2008,GGG,TX,ASW,CE,Combined TRACON& Tower with Radar,1,12,47,0,60,0,0,111,0,111,1,12,158,0,171,336,0,336,507
02/19/2008,GGG,TX,ASW,CE,Combined TRACON& Tower with Radar,0,8,53,12,73,0,0,117,0,117,0,8,170,12,190,170,6,176,366
02/20/2008,GGG,TX,ASW,CE,Combined TRACON& Tower with Radar,0,12,43,0,55,0,0,55,0,55,0,12,98,0,110,156,10,166,276
02/21/2008,GGG,TX,ASW,CE,Combined TRACON& Tower with Radar,0,9,17,1,27,0,0,0,0,0,0,9,17,1,27,0,0,0,27
02/22/2008,GGG,TX,ASW,CE,Combined TRACON& Tower with Radar,0,9,88,26,123,0,0,6,0,6,0,9,94,26,129,12,16,28,157
02/23/2008,GGG,TX,ASW,CE,Combined TRACON& Tower with Radar,0,6,91,0,97,0,4,59,3,66,0,10,150,3,163,230,0,230,393
02/24/2008,GGG,TX,ASW,CE,Combined TRACON& Tower with Radar,0,12,41,0,53,0,0,31,0,31,0,12,72,0,84,18,0,18,102
02/25/2008,GGG,TX,ASW,CE,Combined TRACON& Tower with Radar,0,14,42,19,75,0,0,80,0,80,0,14,122,19,155,146,28,174,329
02/26/2008,GGG,TX,ASW,CE,Combined TRACON& Tower with Radar,0,9,38,14,61,0,1,66,0,67,0,10,104,14,128,200,8,208,336
02/27/2008,GGG,TX,ASW,CE,Combined TRACON& Tower with Radar,0,9,71,31,111,0,1,92,3,96,0,10,163,34,207,378,14,392,599
02/28/2008,GGG,TX,ASW,CE,Combined TRACON& Tower with Radar,0,7,59,0,66,0,0,86,0,86,0,7,145,0,152,148,0,148,300
02/29/2008,GGG,TX,ASW,CE,Combined TRACON& Tower with Radar,0,13,44,4,61,0,0,69,0,69,0,13,113,4,130,354,4,358,488
03/01/2008,GGG,TX,ASW,CE,Combined TRACON& Tower with Radar,0,6,49,2,57,0,0,23,3,26,0,6,72,5,83,76,0,76,159
03/02/2008,GGG,TX,ASW,CE,Combined TRACON& Tower with Radar,0,6,27,2,35,0,0,6,0,6,0,6,33,2,41,30,0,30,71
03/03/2008,GGG,TX,ASW,CE,Combined TRACON& Tower with Radar,0,6,9,0,15,0,0,0,0,0,0,6,9,0,15,0,0,0,15
03/04/2008,GGG,TX,ASW,CE,Combined TRACON& Tower with Radar,0,12,41,0,53,0,0,76,0,76,0,12,117,0,129,318,0,318,447
03/05/2008,GGG,TX,ASW,CE,Combined TRACON& Tower with Radar,0,8,63,26,97,0,0,101,3,104,0,8,164,29,201,224,50,274,475
03/06/2008,GGG,TX,ASW,CE,Combined TRACON& Tower with Radar,0,6,54,2,62,0,0,12,0,12,0,6,66,2,74,266,2,268,342
03/07/2008,GGG,TX,ASW,CE,Combined TRACON& Tower with Radar,0,9,29,17,55,0,1,17,0,18,0,10,46,17,73,84,0,84,157
03/08/2008,GGG,TX,ASW,CE,Combined TRACON& Tower with Radar,0,6,41,11,58,0,0,53,0,53,0,6,94,11,111,188,8,196,307
03/09/2008,GGG,TX,ASW,CE,Combined TRACON& Tower with Radar,0,7,24,0,31,0,0,33,0,33,0,7,57,0,64,30,0,30,94
03/10/2008,GGG,TX,ASW,CE,Combined TRACON& Tower with Radar,0,10,17,3,30,0,0,2,0,2,0,10,19,3,32,8,0,8,40
03/11/2008,GGG,TX,ASW,CE,Combined TRACON& Tower with Radar,0,3,66,0,69,0,1,29,0,30,0,4,95,0,99,68,0,68,167
03/12/2008,GGG,TX,ASW,CE,Combined TRACON& Tower with Radar,0,8,62,17,87,0,1,96,0,97,0,9,158,17,184,156,10,166,350
03/13/2008,GGG,TX,ASW,CE,Combined TRACON& Tower with Radar,0,9,57,17,83,0,2,58,0,60,0,11,115,17,143,136,32,168,311
03/14/2008,GGG,TX,ASW,CE,Combined TRACON& Tower with Radar,1,13,46,4,64,0,0,61,0,61,1,13,107,4,125,216,2,218,343
03/15/2008,GGG,TX,ASW,CE,Combined TRACON& Tower with Radar,0,6,34,0,40,0,0,53,0,53,0,6,87,0,93,246,0,246,339
03/16/2008,GGG,TX,ASW,CE,Combined TRACON& Tower with Radar,0,6,35,0,41,0,0,23,0,23,0,6,58,0,64,12,0,12,76
03/17/2008,GGG,TX,ASW,CE,Combined TRACON& Tower with Radar,0,7,20,16,43,0,0,39,0,39,0,7,59,16,82,192,14,206,288
03/18/2008,GGG,TX,ASW,CE,Combined TRACON& Tower with Radar,13,7,11,0,31,0,0,0,0,0,13,7,11,0,31,0,0,0,31
03/19/2008,GGG,TX,ASW,CE,Combined TRACON& Tower with Radar,0,12,49,14,75,0,0,59,8,67,0,12,108,22,142,164,22,186,328
03/20/2008,GGG,TX,ASW,CE,Combined TRACON& Tower with Radar,1,8,73,8,90,0,2,96,1,99,1,10,169,9,189,180,24,204,393
03/21/2008,GGG,TX,ASW,CE,Combined TRACON& Tower with Radar,0,8,26,8,42,0,2,27,2,31,0,10,53,10,73,40,0,40,113
03/22/2008,GGG,TX,ASW,CE,Combined TRACON& Tower with Radar,0,8,27,0,35,0,0,79,0,79,0,8,106,0,114,266,0,266,380
03/23/2008,GGG,TX,ASW,CE,Combined TRACON& Tower with Radar,0,9,13,0,22,0,0,11,0,11,0,9,24,0,33,0,0,0,33
03/24/2008,GGG,TX,ASW,CE,Combined TRACON& Tower with Radar,0,8,33,33,74,0,0,109,5,114,0,8,142,38,188,248,26,274,462
03/25/2008,GGG,TX,ASW,CE,Combined TRACON& Tower with Radar,0,8,76,3,87,0,0,100,0,100,0,8,176,3,187,190,10,200,387
03/26/2008,GGG,TX,ASW,CE,Combined TRACON& Tower with Radar,0,10,76,4,90,0,0,66,1,67,0,10,142,5,157,420,4,424,581
03/27/2008,GGG,TX,ASW,CE,Combined TRACON& Tower with Radar,0,11,59,0,70,0,28,54,1,83,0,39,113,1,153,112,0,112,265
03/28/2008,GGG,TX,ASW,CE,Combined TRACON& Tower with Radar,0,10,74,7,91,0,0,33,0,33,0,10,107,7,124,258,4,262,386
03/29/2008,GGG,TX,ASW,CE,Combined TRACON& Tower with Radar,0,8,30,0,38,0,0,5,0,5,0,8,35,0,43,60,0,60,103
03/30/2008,GGG,TX,ASW,CE,Combined TRACON& Tower with Radar,0,4,14,0,18,0,1,3,0,4,0,5,17,0,22,0,0,0,22
03/31/2008,GGG,TX,ASW,CE,Combined TRACON& Tower with Radar,2,12,50,0,64,0,0,44,0,44,2,12,94,0,108,170,0,170,278
04/01/2008,GGG,TX,ASW,CE,Combined TRACON& Tower with Radar,0,10,93,0,103,0,0,22,0,22,0,10,115,0,125,134,0,134,259
04/02/2008,GGG,TX,ASW,CE,Combined TRACON& Tower with Radar,0,11,98,0,109,0,0,9,0,9,0,11,107,0,118,54,0,54,172
04/03/2008,GGG,TX,ASW,CE,Combined TRACON& Tower with Radar,0,8,59,5,72,0,0,59,0,59,0,8,118,5,131,296,14,310,441
04/04/2008,GGG,TX,ASW,CE,Combined TRACON& Tower with Radar,0,7,43,0,50,0,0,2,0,2,0,7,45,0,52,10,0,10,62
04/05/2008,GGG,TX,ASW,CE,Combined TRACON& Tower with Radar,0,6,28,0,34,0,0,132,0,132,0,6,160,0,166,460,0,460,626
04/06/2008,GGG,TX,ASW,CE,Combined TRACON& Tower with Radar,0,8,26,0,34,0,2,41,1,44,0,10,67,1,78,40,0,40,118
04/07/2008,GGG,TX,ASW,CE,Combined TRACON& Tower with Radar,0,8,50,0,58,0,0,129,0,129,0,8,179,0,187,398,0,398,585
04/08/2008,GGG,TX,ASW,CE,Combined TRACON& Tower with Radar,0,9,96,2,107,0,0,57,0,57,0,9,153,2,164,342,0,342,506
04/09/2008,GGG,TX,ASW,CE,Combined TRACON& Tower with Radar,0,15,77,2,94,0,0,54,0,54,0,15,131,2,148,392,0,392,540
04/10/2008,GGG,TX,ASW,CE,Combined TRACON& Tower with Radar,0,8,37,4,49,0,0,46,0,46,0,8,83,4,95,170,0,170,265
04/11/2008,GGG,TX,ASW,CE,Combined TRACON& Tower with Radar,0,8,38,8,54,0,0,113,0,113,0,8,151,8,167,300,16,316,483
04/12/2008,GGG,TX,ASW,CE,Combined TRACON& Tower with Radar,0,6,41,0,47,0,0,90,1,91,0,6,131,1,138,294,0,294,432
04/13/2008,GGG,TX,ASW,CE,Combined TRACON& Tower with Radar,0,10,18,0,28,0,0,32,0,32,0,10,50,0,60,108,0,108,168
04/14/2008,GGG,TX,ASW,CE,Combined TRACON& Tower with Radar,0,9,47,3,59,0,2,98,0,100,0,11,145,3,159,524,8,532,691
04/15/2008,GGG,TX,ASW,CE,Combined TRACON& Tower with Radar,0,8,55,4,67,0,0,108,4,112,0,8,163,8,179,360,6,366,545
04/16/2008,GGG,TX,ASW,CE,Combined TRACON& Tower with Radar,0,12,53,2,67,0,2,95,0,97,0,14,148,2,164,434,0,434,598
04/17/2008,GGG,TX,ASW,CE,Combined TRACON& Tower with Radar,0,10,60,5,75,0,0,55,0,55,0,10,115,5,130,288,0,288,418
04/18/2008,GGG,TX,ASW,CE,Combined TRACON& Tower with Radar,0,13,52,31,96,0,1,65,6,72,0,14,117,37,168,274,60,334,502
04/19/2008,GGG,TX,ASW,CE,Combined TRACON& Tower with Radar,0,6,36,0,42,0,0,82,2,84,0,6,118,2,126,274,0,274,400
04/20/2008,GGG,TX,ASW,CE,Combined TRACON& Tower with Radar,0,8,18,7,33,0,0,59,0,59,0,8,77,7,92,116,0,116,208
04/21/2008,GGG,TX,ASW,CE,Combined TRACON& Tower with Radar,0,10,31,1,42,0,0,103,2,105,0,10,134,3,147,438,0,438,585
04/22/2008,GGG,TX,ASW,CE,Combined TRACON& Tower with Radar,0,8,84,0,92,0,0,62,0,62,0,8,146,0,154,332,2,334,488
04/23/2008,GGG,TX,ASW,CE,Combined TRACON& Tower with Radar,0,8,45,0,53,0,0,95,0,95,0,8,140,0,148,266,0,266,414
04/24/2008,GGG,TX,ASW,CE,Combined TRACON& Tower with Radar,0,10,69,18,97,0,0,66,0,66,0,10,135,18,163,276,0,276,439
04/25/2008,GGG,TX,ASW,CE,Combined TRACON& Tower with Radar,0,12,53,1,66,0,0,59,0,59,0,12,112,1,125,408,0,408,533
04/26/2008,GGG,TX,ASW,CE,Combined TRACON& Tower with Radar,0,7,36,0,43,0,0,51,2,53,0,7,87,2,96,318,0,318,414
04/27/2008,GGG,TX,ASW,CE,Combined TRACON& Tower with Radar,0,7,19,0,26,0,0,21,0,21,0,7,40,0,47,228,0,228,275
04/28/2008,GGG,TX,ASW,CE,Combined TRACON& Tower with Radar,0,8,46,0,54,0,0,139,1,140,0,8,185,1,194,428,0,428,622
04/29/2008,GGG,TX,ASW,CE,Combined TRACON& Tower with Radar,0,8,48,3,59,0,0,132,0,132,0,8,180,3,191,364,2,366,557
04/30/2008,GGG,TX,ASW,CE,Combined TRACON& Tower with Radar,0,10,52,10,72,0,3,119,0,122,0,13,171,10,194,328,0,328,522
05/01/2008,GGG,TX,ASW,CE,Combined TRACON& Tower with Radar,0,12,79,6,97,0,0,62,1,63,0,12,141,7,160,254,0,254,414
05/02/2008,GGG,TX,ASW,CE,Combined TRACON& Tower with Radar,0,7,36,0,43,0,0,24,2,26,0,7,60,2,69,122,0,122,191
05/03/2008,GGG,TX,ASW,CE,Combined TRACON& Tower with Radar,0,8,19,0,27,0,0,55,0,55,0,8,74,0,82,138,0,138,220
05/04/2008,GGG,TX,ASW,CE,Combined TRACON& Tower with Radar,0,6,21,0,27,0,0,30,6,36,0,6,51,6,63,16,0,16,79
05/05/2008,GGG,TX,ASW,CE,Combined TRACON& Tower with Radar,0,12,23,0,35,0,0,50,0,50,0,12,73,0,85,156,0,156,241
05/06/2008,GGG,TX,ASW,CE,Combined TRACON& Tower with Radar,0,9,29,0,38,0,0,33,0,33,0,9,62,0,71,182,0,182,253
05/07/2008,GGG,TX,ASW,CE,Combined TRACON& Tower with Radar,0,10,57,0,67,0,0,13,0,13,0,10,70,0,80,68,0,68,148
05/08/2008,GGG,TX,ASW,CE,Combined TRACON& Tower with Radar,0,9,54,9,72,0,0,74,0,74,0,9,128,9,146,216,8,224,370
05/09/2008,GGG,TX,ASW,CE,Combined TRACON& Tower with Radar,0,8,39,2,49,0,0,71,0,71,0,8,110,2,120,298,2,300,420
05/10/2008,GGG,TX,ASW,CE,Combined TRACON& Tower with Radar,0,9,49,2,60,0,2,35,0,37,0,11,84,2,97,196,0,196,293
05/11/2008,GGG,TX,ASW,CE,Combined TRACON& Tower with Radar,0,7,17,1,25,0,0,35,0,35,0,7,52,1,60,62,0,62,122
05/12/2008,GGG,TX,ASW,CE,Combined TRACON& Tower with Radar,0,11,53,0,64,0,0,127,0,127,0,11,180,0,191,332,0,332,523
05/13/2008,GGG,TX,ASW,CE,Combined TRACON& Tower with Radar,0,11,54,4,69,0,1,21,0,22,0,12,75,4,91,106,2,108,199
05/14/2008,GGG,TX,ASW,CE,Combined TRACON& Tower with Radar,0,11,41,0,52,0,0,30,0,30,0,11,71,0,82,208,0,208,290
05/15/2008,GGG,TX,ASW,CE,Combined TRACON& Tower with Radar,0,12,63,5,80,0,0,11,0,11,0,12,74,5,91,78,0,78,169
05/16/2008,GGG,TX,ASW,CE,Combined TRACON& Tower with Radar,0,10,42,4,56,0,0,112,0,112,0,10,154,4,168,240,0,240,408
05/17/2008,GGG,TX,ASW,CE,Combined TRACON& Tower with Radar,0,6,18,17,41,0,0,75,0,75,0,6,93,17,116,178,18,196,312
05/18/2008,GGG,TX,ASW,CE,Combined TRACON& Tower with Radar,0,6,15,3,24,0,0,24,0,24,0,6,39,3,48,74,0,74,122
05/19/2008,GGG,TX,ASW,CE,Combined TRACON& Tower with Radar,0,10,46,0,56,0,1,117,0,118,0,11,163,0,174,246,0,246,420
05/20/2008,GGG,TX,ASW,CE,Combined TRACON& Tower with Radar,0,8,39,8,55,0,0,104,0,104,0,8,143,8,159,288,2,290,449
05/21/2008,GGG,TX,ASW,CE,Combined TRACON& Tower with Radar,0,14,68,7,89,0,0,103,2,105,0,14,171,9,194,228,0,228,422
05/22/2008,GGG,TX,ASW,CE,Combined TRACON& Tower with Radar,0,7,44,0,51,0,0,61,0,61,0,7,105,0,112,400,0,400,512
05/23/2008,GGG,TX,ASW,CE,Combined TRACON& Tower with Radar,0,12,52,5,69,0,0,53,0,53,0,12,105,5,122,190,0,190,312
05/24/2008,GGG,TX,ASW,CE,Combined TRACON& Tower with Radar,0,8,23,0,31,0,0,21,0,21,0,8,44,0,52,122,0,122,174
05/25/2008,GGG,TX,ASW,CE,Combined TRACON& Tower with Radar,0,6,14,0,20,0,0,35,0,35,0,6,49,0,55,118,0,118,173
05/26/2008,GGG,TX,ASW,CE,Combined TRACON& Tower with Radar,0,8,29,0,37,0,0,56,0,56,0,8,85,0,93,174,0,174,267
05/27/2008,GGG,TX,ASW,CE,Combined TRACON& Tower with Radar,0,8,26,0,34,0,0,29,0,29,0,8,55,0,63,54,0,54,117
05/28/2008,GGG,TX,ASW,CE,Combined TRACON& Tower with Radar,0,10,56,4,70,0,0,83,0,83,0,10,139,4,153,160,8,168,321
05/29/2008,GGG,TX,ASW,CE,Combined TRACON& Tower with Radar,0,6,48,0,54,0,0,46,0,46,0,6,94,0,100,122,0,122,222
05/30/2008,GGG,TX,ASW,CE,Combined TRACON& Tower with Radar,0,16,38,12,66,0,1,70,8,79,0,17,108,20,145,104,2,106,251
05/31/2008,GGG,TX,ASW,CE,Combined TRACON& Tower with Radar,0,8,25,3,36,0,0,74,3,77,0,8,99,6,113,156,12,168,281
06/01/2008,GGG,TX,ASW,CE,Combined TRACON& Tower with Radar,0,10,22,8,40,0,0,23,4,27,0,10,45,12,67,20,4,24,91
06/02/2008,GGG,TX,ASW,CE,Combined TRACON& Tower with Radar,0,9,38,4,51,0,0,66,0,66,0,9,104,4,117,224,20,244,361
06/03/2008,GGG,TX,ASW,CE,Combined TRACON& Tower with Radar,0,8,30,0,38,0,0,82,0,82,0,8,112,0,120,230,0,230,350
06/04/2008,GGG,TX,ASW,CE,Combined TRACON& Tower with Radar,0,12,51,4,67,0,0,77,0,77,0,12,128,4,144,226,0,226,370
06/05/2008,GGG,TX,ASW,CE,Combined TRACON& Tower with Radar,0,11,49,28,88,0,0,37,0,37,0,11,86,28,125,234,36,270,395
06/06/2008,GGG,TX,ASW,CE,Combined TRACON& Tower with Radar,0,11,42,14,67,0,0,62,0,62,0,11,104,14,129,202,14,216,345
06/07/2008,GGG,TX,ASW,CE,Combined TRACON& Tower with Radar,0,6,25,7,38,0,0,29,2,31,0,6,54,9,69,200,12,212,281
06/08/2008,GGG,TX,ASW,CE,Combined TRACON& Tower with Radar,0,8,15,8,31,0,1,13,0,14,0,9,28,8,45,24,10,34,79
06/09/2008,GGG,TX,ASW,CE,Combined TRACON& Tower with Radar,0,11,36,0,47,0,0,76,0,76,0,11,112,0,123,308,0,308,431
06/10/2008,GGG,TX,ASW,CE,Combined TRACON& Tower with Radar,0,7,30,0,37,0,0,56,1,57,0,7,86,1,94,352,0,352,446
06/11/2008,GGG,TX,ASW,CE,Combined TRACON& Tower with Radar,0,9,71,0,80,0,2,59,2,63,0,11,130,2,143,242,0,242,385
06/12/2008,GGG,TX,ASW,CE,Combined TRACON& Tower with Radar,0,7,53,2,62,0,1,88,0,89,0,8,141,2,151,364,0,364,515
06/13/2008,GGG,TX,ASW,CE,Combined TRACON& Tower with Radar,0,23,43,7,73,0,1,70,0,71,0,24,113,7,144,346,8,354,498
06/14/2008,GGG,TX,ASW,CE,Combined TRACON& Tower with Radar,0,15,13,0,28,0,0,70,0,70,0,15,83,0,98,168,0,168,266
06/15/2008,GGG,TX,ASW,CE,Combined TRACON& Tower with Radar,0,6,26,5,37,0,0,39,0,39,0,6,65,5,76,44,0,44,120
06/16/2008,GGG,TX,ASW,CE,Combined TRACON& Tower with Radar,0,13,42,8,63,0,0,107,0,107,0,13,149,8,170,456,0,456,626
06/17/2008,GGG,TX,ASW,CE,Combined TRACON& Tower with Radar,1,13,52,1,67,0,0,52,2,54,1,13,104,3,121,308,0,308,429
06/18/2008,GGG,TX,ASW,CE,Combined TRACON& Tower with Radar,0,11,69,6,86,0,0,72,0,72,0,11,141,6,158,302,2,304,462
06/19/2008,GGG,TX,ASW,CE,Combined TRACON& Tower with Radar,0,4,33,0,37,40,0,63,0,103,40,4,96,0,140,162,0,162,302
06/20/2008,GGG,TX,ASW,CE,Combined TRACON& Tower with Radar,0,10,37,9,56,0,0,83,0,83,0,10,120,9,139,178,0,178,317
06/21/2008,GGG,TX,ASW,CE,Combined TRACON& Tower with Radar,0,10,26,2,38,0,0,28,0,28,0,10,54,2,66,6,0,6,72
06/22/2008,GGG,TX,ASW,CE,Combined TRACON& Tower with Radar,0,9,18,7,34,0,0,21,4,25,0,9,39,11,59,24,14,38,97
06/23/2008,GGG,TX,ASW,CE,Combined TRACON& Tower with Radar,0,11,26,3,40,0,0,90,1,91,0,11,116,4,131,144,0,144,275
06/24/2008,GGG,TX,ASW,CE,Combined TRACON& Tower with Radar,1,11,27,2,41,0,0,83,2,85,1,11,110,4,126,258,0,258,384
06/25/2008,GGG,TX,ASW,CE,Combined TRACON& Tower with Radar,0,6,45,15,66,0,0,56,1,57,0,6,101,16,123,122,38,160,283
06/26/2008,GGG,TX,ASW,CE,Combined TRACON& Tower with Radar,0,8,55,0,63,0,1,39,0,40,0,9,94,0,103,140,0,140,243
06/27/2008,GGG,TX,ASW,CE,Combined TRACON& Tower with Radar,0,8,56,25,89,0,1,37,0,38,0,9,93,25,127,118,32,150,277
06/28/2008,GGG,TX,ASW,CE,Combined TRACON& Tower with Radar,0,13,16,10,39,0,0,60,0,60,0,13,76,10,99,135,0,135,234
06/29/2008,GGG,TX,ASW,CE,Combined TRACON& Tower with Radar,0,5,14,3,22,0,0,7,0,7,0,5,21,3,29,0,0,0,29
06/30/2008,GGG,TX,ASW,CE,Combined TRACON& Tower with Radar,0,11,34,5,50,0,0,69,0,69,0,11,103,5,119,90,0,90,209
07/01/2008,GGG,TX,ASW,CE,Combined TRACON& Tower with Radar,0,9,29,10,48,0,6,34,1,41,0,15,63,11,89,206,0,206,295
07/02/2008,GGG,TX,ASW,CE,Combined TRACON& Tower with Radar,0,8,42,0,50,0,0,69,0,69,0,8,111,0,119,286,0,286,405
07/03/2008,GGG,TX,ASW,CE,Combined TRACON& Tower with Radar,0,11,37,4,52,0,0,74,0,74,0,11,111,4,126,241,0,241,367
07/04/2008,GGG,TX,ASW,CE,Combined TRACON& Tower with Radar,0,10,14,0,24,0,0,31,0,31,0,10,45,0,55,86,0,86,141
07/05/2008,GGG,TX,ASW,CE,Combined TRACON& Tower with Radar,0,6,14,0,20,0,0,27,0,27,0,6,41,0,47,68,0,68,115
07/06/2008,GGG,TX,ASW,CE,Combined TRACON& Tower with Radar,0,10,28,0,38,0,0,17,0,17,0,10,45,0,55,0,0,0,55
07/07/2008,GGG,TX,ASW,CE,Combined TRACON& Tower with Radar,0,20,65,2,87,0,3,48,1,52,0,23,113,3,139,292,0,292,431
07/08/2008,GGG,TX,ASW,CE,Combined TRACON& Tower with Radar,2,20,41,2,65,0,0,64,0,64,2,20,105,2,129,186,2,188,317
07/09/2008,GGG,TX,ASW,CE,Combined TRACON& Tower with Radar,0,11,48,0,59,0,0,41,0,41,0,11,89,0,100,160,0,160,260
07/10/2008,GGG,TX,ASW,CE,Combined TRACON& Tower with Radar,0,8,60,8,76,0,0,56,0,56,0,8,116,8,132,138,0,138,270
07/11/2008,GGG,TX,ASW,CE,Combined TRACON& Tower with Radar,0,7,27,17,51,0,1,57,1,59,0,8,84,18,110,190,18,208,318
07/12/2008,GGG,TX,ASW,CE,Combined TRACON& Tower with Radar,0,9,20,0,29,0,1,50,0,51,0,10,70,0,80,112,0,112,192
07/13/2008,GGG,TX,ASW,CE,Combined TRACON& Tower with Radar,0,5,15,2,22,0,0,26,1,27,0,5,41,3,49,0,2,2,51
07/14/2008,GGG,TX,ASW,CE,Combined TRACON& Tower with Radar,0,9,61,0,70,0,0,30,0,30,0,9,91,0,100,228,0,228,328
07/15/2008,GGG,TX,ASW,CE,Combined TRACON& Tower with Radar,0,9,42,4,55,0,0,40,1,41,0,9,82,5,96,130,4,134,230
07/16/2008,GGG,TX,ASW,CE,Combined TRACON& Tower with Radar,0,10,31,0,41,0,0,67,1,68,0,10,98,1,109,268,0,268,377
07/17/2008,GGG,TX,ASW,CE,Combined TRACON& Tower with Radar,0,11,32,24,67,0,0,45,0,45,0,11,77,24,112,178,10,188,300
07/18/2008,GGG,TX,ASW,CE,Combined TRACON& Tower with Radar,0,13,42,20,75,0,0,51,0,51,0,13,93,20,126,112,18,130,256
07/19/2008,GGG,TX,ASW,CE,Combined TRACON& Tower with Radar,0,9,13,0,22,0,0,24,0,24,0,9,37,0,46,54,0,54,100
07/20/2008,GGG,TX,ASW,CE,Combined TRACON& Tower with Radar,2,11,15,0,28,0,1,9,0,10,2,12,24,0,38,14,0,14,52
07/21/2008,GGG,TX,ASW,CE,Combined TRACON& Tower with Radar,0,12,19,1,32,0,0,17,0,17,0,12,36,1,49,78,0,78,127
07/22/2008,GGG,TX,ASW,CE,Combined TRACON& Tower with Radar,0,19,29,9,57,0,0,40,0,40,0,19,69,9,97,0,114,114,211
07/23/2008,GGG,TX,ASW,CE,Combined TRACON& Tower with Radar,2,12,30,22,66,0,0,40,0,40,2,12,70,22,106,126,10,136,242
07/24/2008,GGG,TX,ASW,CE,Combined TRACON& Tower with Radar,0,10,54,0,64,0,0,27,2,29,0,10,81,2,93,4,0,4,97
07/25/2008,GGG,TX,ASW,CE,Combined TRACON& Tower with Radar,0,8,16,26,50,0,1,19,1,21,0,9,35,27,71,38,62,100,171
07/26/2008,GGG,TX,ASW,CE,Combined TRACON& Tower with Radar,0,6,15,4,25,0,0,25,0,25,0,6,40,4,50,16,0,16,66
07/27/2008,GGG,TX,ASW,CE,Combined TRACON& Tower with Radar,0,7,12,8,27,0,0,21,1,22,0,7,33,9,49,54,2,56,105
07/28/2008,GGG,TX,ASW,CE,Combined TRACON& Tower with Radar,0,11,26,2,39,0,1,28,0,29,0,12,54,2,68,70,16,86,154
07/29/2008,GGG,TX,ASW,CE,Combined TRACON& Tower with Radar,0,18,25,0,43,0,0,22,0,22,0,18,47,0,65,102,0,102,167
07/30/2008,GGG,TX,ASW,CE,Combined TRACON& Tower with Radar,0,8,29,25,62,0,0,32,1,33,0,8,61,26,95,84,32,116,211
07/31/2008,GGG,TX,ASW,CE,Combined TRACON& Tower with Radar,0,10,40,8,58,0,0,7,0,7,0,10,47,8,65,0,40,40,105
08/01/2008,GGG,TX,ASW,CE,Combined TRACON& Tower with Radar,0,12,19,7,38,0,0,25,0,25,0,12,44,7,63,70,24,94,157
08/02/2008,GGG,TX,ASW,CE,Combined TRACON& Tower with Radar,0,7,19,0,26,0,0,16,2,18,0,7,35,2,44,30,0,30,74
08/03/2008,GGG,TX,ASW,CE,Combined TRACON& Tower with Radar,0,15,9,7,31,0,0,18,1,19,0,15,27,8,50,0,2,2,52
08/04/2008,GGG,TX,ASW,CE,Combined TRACON& Tower with Radar,0,7,20,6,33,0,0,34,1,35,0,7,54,7,68,96,2,98,166
08/05/2008,GGG,TX,ASW,CE,Combined TRACON& Tower with Radar,0,10,25,0,35,0,0,23,0,23,0,10,48,0,58,70,0,70,128
08/06/2008,GGG,TX,ASW,CE,Combined TRACON& Tower with Radar,0,15,43,0,58,0,0,29,1,30,0,15,72,1,88,134,0,134,222
08/07/2008,GGG,TX,ASW,CE,Combined TRACON& Tower with Radar,0,10,43,0,53,0,0,42,6,48,0,10,85,6,101,36,0,36,137
08/08/2008,GGG,TX,ASW,CE,Combined TRACON& Tower with Radar,0,8,25,0,33,0,0,8,0,8,0,8,33,0,41,34,0,34,75
08/09/2008,GGG,TX,ASW,CE,Combined TRACON& Tower with Radar,0,8,21,0,29,0,0,8,0,8,0,8,29,0,37,8,0,8,45
08/10/2008,GGG,TX,ASW,CE,Combined TRACON& Tower with Radar,0,8,16,0,24,0,0,5,0,5,0,8,21,0,29,0,0,0,29
08/11/2008,GGG,TX,ASW,CE,Combined TRACON& Tower with Radar,0,10,39,3,52,0,0,9,2,11,0,10,48,5,63,76,0,76,139
08/12/2008,GGG,TX,ASW,CE,Combined TRACON& Tower with Radar,0,10,60,0,70,0,0,8,0,8,0,10,68,0,78,54,0,54,132
08/13/2008,GGG,TX,ASW,CE,Combined TRACON& Tower with Radar,0,13,40,0,53,0,0,43,0,43,0,13,83,0,96,90,0,90,186
08/14/2008,GGG,TX,ASW,CE,Combined TRACON& Tower with Radar,0,12,50,8,70,0,0,43,1,44,0,12,93,9,114,46,0,46,160
08/15/2008,GGG,TX,ASW,CE,Combined TRACON& Tower with Radar,0,7,24,0,31,0,0,15,0,15,0,7,39,0,46,74,0,74,120
08/16/2008,GGG,TX,ASW,CE,Combined TRACON& Tower with Radar,0,6,29,23,58,0,0,4,0,4,0,6,33,23,62,0,16,16,78
08/17/2008,GGG,TX,ASW,CE,Combined TRACON& Tower with Radar,0,8,10,0,18,0,0,0,0,0,0,8,10,0,18,15,0,15,33
08/18/2008,GGG,TX,ASW,CE,Combined TRACON& Tower with Radar,0,8,27,0,35,0,0,25,2,27,0,8,52,2,62,30,24,54,116
08/19/2008,GGG,TX,ASW,CE,Combined TRACON& Tower with Radar,0,19,44,0,63,0,0,0,0,0,0,19,44,0,63,8,0,8,71
08/20/2008,GGG,TX,ASW,CE,Combined TRACON& Tower with Radar,0,10,26,0,36,0,0,5,0,5,0,10,31,0,41,40,0,40,81
08/21/2008,GGG,TX,ASW,CE,Combined TRACON& Tower with Radar,0,14,47,1,62,0,0,14,1,15,0,14,61,2,77,116,0,116,193
08/22/2008,GGG,TX,ASW,CE,Combined TRACON& Tower with Radar,0,9,29,0,38,0,0,22,0,22,0,9,51,0,60,136,0,136,196
08/23/2008,GGG,TX,ASW,CE,Combined TRACON& Tower with Radar,0,7,28,0,35,0,0,12,0,12,0,7,40,0,47,128,0,128,175
08/24/2008,GGG,TX,ASW,CE,Combined TRACON& Tower with Radar,0,6,21,6,33,0,0,11,2,13,0,6,32,8,46,44,6,50,96
08/25/2008,GGG,TX,ASW,CE,Combined TRACON& Tower with Radar,0,15,44,0,59,0,0,29,0,29,0,15,73,0,88,156,0,156,244
08/26/2008,GGG,TX,ASW,CE,Combined TRACON& Tower with Radar,0,8,40,0,48,0,0,29,0,29,0,8,69,0,77,52,0,52,129
08/27/2008,GGG,TX,ASW,CE,Combined TRACON& Tower with Radar,0,9,59,1,69,0,0,35,0,35,0,9,94,1,104,144,0,144,248
08/28/2008,GGG,TX,ASW,CE,Combined TRACON& Tower with Radar,0,11,31,0,42,0,1,48,0,49,0,12,79,0,91,118,0,118,209
08/29/2008,GGG,TX,ASW,CE,Combined TRACON& Tower with Radar,0,15,29,2,46,0,1,52,0,53,0,16,81,2,99,82,34,116,215
08/30/2008,GGG,TX,ASW,CE,Combined TRACON& Tower with Radar,0,7,21,0,28,0,0,25,2,27,0,7,46,2,55,34,0,34,89
08/31/2008,GGG,TX,ASW,CE,Combined TRACON& Tower with Radar,0,6,14,0,20,0,0,21,0,21,0,6,35,0,41,0,0,0,41
09/01/2008,GGG,TX,ASW,CE,Combined TRACON& Tower with Radar,0,10,27,0,37,0,0,9,0,9,0,10,36,0,46,0,0,0,46
09/02/2008,GGG,TX,ASW,CE,Combined TRACON& Tower with Radar,0,17,8,0,25,0,0,0,0,0,0,17,8,0,25,0,0,0,25
09/03/2008,GGG,TX,ASW,CE,Combined TRACON& Tower with Radar,0,11,22,0,33,0,0,0,0,0,0,11,22,0,33,0,0,0,33
09/04/2008,GGG,TX,ASW,CE,Combined TRACON& Tower with Radar,4,3,42,10,59,0,1,14,0,15,4,4,56,10,74,20,0,20,94
09/05/2008,GGG,TX,ASW,CE,Combined TRACON& Tower with Radar,0,6,30,2,38,0,0,39,0,39,0,6,69,2,77,108,0,108,185
09/06/2008,GGG,TX,ASW,CE,Combined TRACON& Tower with Radar,0,11,14,0,25,0,1,48,2,51,0,12,62,2,76,82,0,82,158
09/07/2008,GGG,TX,ASW,CE,Combined TRACON& Tower with Radar,2,7,6,0,15,0,0,23,0,23,2,7,29,0,38,8,0,8,46
09/08/2008,GGG,TX,ASW,CE,Combined TRACON& Tower with Radar,0,7,12,5,24,0,0,51,0,51,0,7,63,5,75,82,0,82,157
09/09/2008,GGG,TX,ASW,CE,Combined TRACON& Tower with Radar,0,13,34,0,47,0,0,15,0,15,0,13,49,0,62,64,0,64,126
09/10/2008,GGG,TX,ASW,CE,Combined TRACON& Tower with Radar,2,6,36,0,44,0,0,17,0,17,2,6,53,0,61,148,8,156,217
09/11/2008,GGG,TX,ASW,CE,Combined TRACON& Tower with Radar,0,13,32,0,45,0,0,37,1,38,0,13,69,1,83,94,0,94,177
09/12/2008,GGG,TX,ASW,CE,Combined TRACON& Tower with Radar,2,4,35,2,43,0,0,29,0,29,2,4,64,2,72,64,0,64,136
09/13/2008,GGG,TX,ASW,CE,Combined TRACON& Tower with Radar,0,0,1,0,1,0,0,0,0,0,0,0,1,0,1,0,0,0,1
09/14/2008,GGG,TX,ASW,CE,Combined TRACON& Tower with Radar,0,2,2,0,4,0,0,1,0,1,0,2,3,0,5,0,0,0,5
09/15/2008,GGG,TX,ASW,CE,Combined TRACON& Tower with Radar,0,6,16,0,22,0,0,40,0,40,0,6,56,0,62,128,0,128,190
09/16/2008,GGG,TX,ASW,CE,Combined TRACON& Tower with Radar,0,8,21,2,31,0,0,58,0,58,0,8,79,2,89,140,0,140,229
09/17/2008,GGG,TX,ASW,CE,Combined TRACON& Tower with Radar,0,4,32,2,38,0,2,76,0,78,0,6,108,2,116,184,0,184,300
09/18/2008,GGG,TX,ASW,CE,Combined TRACON& Tower with Radar,4,6,29,1,40,0,0,50,0,50,4,6,79,1,90,154,0,154,244
09/19/2008,GGG,TX,ASW,CE,Combined TRACON& Tower with Radar,6,3,25,0,34,0,0,65,1,66,6,3,90,1,100,112,0,112,212
09/20/2008,GGG,TX,ASW,CE,Combined TRACON& Tower with Radar,0,5,9,0,14,0,0,56,2,58,0,5,65,2,72,94,0,94,166
09/21/2008,GGG,TX,ASW,CE,Combined TRACON& Tower with Radar,0,4,10,11,25,0,0,20,3,23,0,4,30,14,48,0,8,8,56
09/22/2008,GGG,TX,ASW,CE,Combined TRACON& Tower with Radar,0,5,12,4,21,0,0,62,0,62,0,5,74,4,83,84,0,84,167
09/23/2008,GGG,TX,ASW,CE,Combined TRACON& Tower with Radar,0,22,35,1,58,0,16,58,1,75,0,38,93,2,133,226,0,226,359
09/24/2008,GGG,TX,ASW,CE,Combined TRACON& Tower with Radar,0,18,27,0,45,0,5,81,0,86,0,23,108,0,131,224,0,224,355
09/25/2008,GGG,TX,ASW,CE,Combined TRACON& Tower with Radar,0,9,39,0,48,0,0,80,0,80,0,9,119,0,128,184,0,184,312
09/26/2008,GGG,TX,ASW,CE,Combined TRACON& Tower with Radar,0,5,34,0,39,0,1,78,0,79,0,6,112,0,118,204,0,204,322
09/27/2008,GGG,TX,ASW,CE,Combined TRACON& Tower with Radar,0,9,10,0,19,0,1,70,0,71,0,10,80,0,90,174,4,178,268
09/28/2008,GGG,TX,ASW,CE,Combined TRACON& Tower with Radar,0,3,15,0,18,0,0,28,0,28,0,3,43,0,46,20,0,20,66
09/29/2008,GGG,TX,ASW,CE,Combined TRACON& Tower with Radar,0,10,15,0,25,0,0,59,1,60,0,10,74,1,85,256,0,256,341
09/30/2008,GGG,TX,ASW,CE,Combined TRACON& Tower with Radar,0,7,36,2,45,0,0,67,0,67,0,7,103,2,112,200,0,200,312
10/01/2008,GGG,TX,ASW,CE,Combined TRACON& Tower with Radar,0,8,38,0,46,0,0,83,2,85,0,8,121,2,131,230,0,230,361
10/02/2008,GGG,TX,ASW,CE,Combined TRACON& Tower with Radar,0,8,32,2,42,0,0,80,4,84,0,8,112,6,126,194,2,196,322
10/03/2008,GGG,TX,ASW,CE,Combined TRACON& Tower with Radar,0,4,27,0,31,0,1,70,0,71,0,5,97,0,102,218,0,218,320
10/04/2008,GGG,TX,ASW,CE,Combined TRACON& Tower with Radar,0,4,18,0,22,0,0,37,0,37,0,4,55,0,59,204,0,204,263
10/05/2008,GGG,TX,ASW,CE,Combined TRACON& Tower with Radar,1,4,26,2,33,0,0,30,0,30,1,4,56,2,63,0,0,0,63
10/06/2008,GGG,TX,ASW,CE,Combined TRACON& Tower with Radar,0,3,8,0,11,0,0,3,0,3,0,3,11,0,14,0,0,0,14
10/07/2008,GGG,TX,ASW,CE,Combined TRACON& Tower with Radar,2,12,45,0,59,0,0,40,0,40,2,12,85,0,99,284,0,284,383
10/08/2008,GGG,TX,ASW,CE,Combined TRACON& Tower with Radar,0,15,49,0,64,0,2,52,0,54,0,17,101,0,118,238,0,238,356
10/09/2008,GGG,TX,ASW,CE,Combined TRACON& Tower with Radar,0,7,34,0,41,0,0,72,1,73,0,7,106,1,114,318,46,364,478
10/10/2008,GGG,TX,ASW,CE,Combined TRACON& Tower with Radar,0,16,29,0,45,0,0,56,2,58,0,16,85,2,103,262,2,264,367
10/11/2008,GGG,TX,ASW,CE,Combined TRACON& Tower with Radar,0,6,18,0,24,0,0,53,0,53,0,6,71,0,77,182,0,182,259
10/12/2008,GGG,TX,ASW,CE,Combined TRACON& Tower with Radar,0,6,19,0,25,0,0,12,0,12,0,6,31,0,37,58,0,58,95
10/13/2008,GGG,TX,ASW,CE,Combined TRACON& Tower with Radar,0,19,23,0,42,0,0,33,0,33,0,19,56,0,75,108,0,108,183
10/14/2008,GGG,TX,ASW,CE,Combined TRACON& Tower with Radar,0,6,26,0,32,0,1,19,0,20,0,7,45,0,52,182,0,182,234
10/15/2008,GGG,TX,ASW,CE,Combined TRACON& Tower with Radar,0,7,52,0,59,0,0,0,0,0,0,7,52,0,59,33,0,33,92
10/16/2008,GGG,TX,ASW,CE,Combined TRACON& Tower with Radar,0,14,45,0,59,0,0,0,0,0,0,14,45,0,59,6,0,6,65
10/17/2008,GGG,TX,ASW,CE,Combined TRACON& Tower with Radar,0,6,29,4,39,0,2,70,1,73,0,8,99,5,112,308,0,308,420
10/18/2008,GGG,TX,ASW,CE,Combined TRACON& Tower with Radar,0,4,16,0,20,0,4,83,0,87,0,8,99,0,107,608,0,608,715
10/19/2008,GGG,TX,ASW,CE,Combined TRACON& Tower with Radar,0,8,5,0,13,0,0,35,2,37,0,8,40,2,50,466,0,466,516
10/20/2008,GGG,TX,ASW,CE,Combined TRACON& Tower with Radar,0,5,32,0,37,0,0,104,0,104,0,5,136,0,141,270,0,270,411
10/21/2008,GGG,TX,ASW,CE,Combined TRACON& Tower with Radar,0,6,22,0,28,0,0,57,2,59,0,6,79,2,87,414,0,414,501
10/22/2008,GGG,TX,ASW,CE,Combined TRACON& Tower with Radar,0,9,39,0,48,0,0,40,2,42,0,9,79,2,90,154,0,154,244
10/23/2008,GGG,TX,ASW,CE,Combined TRACON& Tower with Radar,0,10,39,2,51,0,0,87,1,88,0,10,126,3,139,202,8,210,349
10/24/2008,GGG,TX,ASW,CE,Combined TRACON& Tower with Radar,0,7,16,5,28,0,2,69,1,72,0,9,85,6,100,106,0,106,206
10/25/2008,GGG,TX,ASW,CE,Combined TRACON& Tower with Radar,0,10,21,0,31,0,0,69,0,69,0,10,90,0,100,214,0,214,314
10/26/2008,GGG,TX,ASW,CE,Combined TRACON& Tower with Radar,0,4,24,1,29,0,2,43,1,46,0,6,67,2,75,74,2,76,151
10/27/2008,GGG,TX,ASW,CE,Combined TRACON& Tower with Radar,0,6,24,0,30,0,0,30,2,32,0,6,54,2,62,194,0,194,256
10/28/2008,GGG,TX,ASW,CE,Combined TRACON& Tower with Radar,0,5,28,0,33,0,2,77,4,83,0,7,105,4,116,200,0,200,316
10/29/2008,GGG,TX,ASW,CE,Combined TRACON& Tower with Radar,0,10,47,1,58,0,0,37,0,37,0,10,84,1,95,348,2,350,445
10/30/2008,GGG,TX,ASW,CE,Combined TRACON& Tower with Radar,0,8,35,17,60,0,0,53,5,58,0,8,88,22,118,216,6,222,340
10/31/2008,GGG,TX,ASW,CE,Combined TRACON& Tower with Radar,0,9,17,7,33,0,0,61,0,61,0,9,78,7,94,118,0,118,212
11/01/2008,GGG,TX,ASW,CE,Combined TRACON& Tower with Radar,0,4,26,0,30,0,0,33,0,33,0,4,59,0,63,138,0,138,201
11/02/2008,GGG,TX,ASW,CE,Combined TRACON& Tower with Radar,2,5,15,0,22,0,0,31,0,31,2,5,46,0,53,4,0,4,57
11/03/2008,GGG,TX,ASW,CE,Combined TRACON& Tower with Radar,0,5,47,0,52,0,0,47,0,47,0,5,94,0,99,122,0,122,221
11/04/2008,GGG,TX,ASW,CE,Combined TRACON& Tower with Radar,1,7,23,16,47,0,1,75,1,77,1,8,98,17,124,290,0,290,414
11/05/2008,GGG,TX,ASW,CE,Combined TRACON& Tower with Radar,0,12,35,2,49,0,1,43,0,44,0,13,78,2,93,96,0,96,189
11/06/2008,GGG,TX,ASW,CE,Combined TRACON& Tower with Radar,0,9,30,3,42,0,0,36,2,38,0,9,66,5,80,116,0,116,196
11/07/2008,GGG,TX,ASW,CE,Combined TRACON& Tower with Radar,0,11,24,7,42,0,2,58,0,60,0,13,82,7,102,164,0,164,266
11/08/2008,GGG,TX,ASW,CE,Combined TRACON& Tower with Radar,0,4,23,7,34,0,2,58,0,60,0,6,81,7,94,108,0,108,202
11/09/2008,GGG,TX,ASW,CE,Combined TRACON& Tower with Radar,0,6,21,0,27,0,0,30,0,30,0,6,51,0,57,24,0,24,81
11/10/2008,GGG,TX,ASW,CE,Combined TRACON& Tower with Radar,0,11,25,0,36,0,0,13,0,13,0,11,38,0,49,158,0,158,207
11/11/2008,GGG,TX,ASW,CE,Combined TRACON& Tower with Radar,2,6,45,0,53,0,0,0,0,0,2,6,45,0,53,4,0,4,57
11/12/2008,GGG,TX,ASW,CE,Combined TRACON& Tower with Radar,0,7,48,0,55,0,0,10,0,10,0,7,58,0,65,78,0,78,143
11/13/2008,GGG,TX,ASW,CE,Combined TRACON& Tower with Radar,0,8,47,0,55,0,1,31,0,32,0,9,78,0,87,124,0,124,211
11/14/2008,GGG,TX,ASW,CE,Combined TRACON& Tower with Radar,0,10,42,12,64,0,0,26,0,26,0,10,68,12,90,130,34,164,254
11/15/2008,GGG,TX,ASW,CE,Combined TRACON& Tower with Radar,4,8,31,10,53,0,1,41,1,43,4,9,72,11,96,130,16,146,242
11/16/2008,GGG,TX,ASW,CE,Combined TRACON& Tower with Radar,0,6,15,8,29,0,0,32,1,33,0,6,47,9,62,20,2,22,84
11/17/2008,GGG,TX,ASW,CE,Combined TRACON& Tower with Radar,0,5,37,0,42,0,0,56,0,56,0,5,93,0,98,302,0,302,400
11/18/2008,GGG,TX,ASW,CE,Combined TRACON& Tower with Radar,4,6,32,9,51,0,3,61,0,64,4,9,93,9,115,140,4,144,259
11/19/2008,GGG,TX,ASW,CE,Combined TRACON& Tower with Radar,2,8,36,0,46,0,1,77,0,78,2,9,113,0,124,210,2,212,336
11/20/2008,GGG,TX,ASW,CE,Combined TRACON& Tower with Radar,0,10,41,0,51,0,0,66,0,66,0,10,107,0,117,218,0,218,335
11/21/2008,GGG,TX,ASW,CE,Combined TRACON& Tower with Radar,0,6,40,6,52,0,0,80,0,80,0,6,120,6,132,256,6,262,394
11/22/2008,GGG,TX,ASW,CE,Combined TRACON& Tower with Radar,0,4,46,6,56,0,0,57,0,57,0,4,103,6,113,144,10,154,267
11/23/2008,GGG,TX,ASW,CE,Combined TRACON& Tower with Radar,0,4,20,2,26,0,0,7,0,7,0,4,27,2,33,2,0,2,35
11/24/2008,GGG,TX,ASW,CE,Combined TRACON& Tower with Radar,0,7,41,0,48,0,0,31,0,31,0,7,72,0,79,178,0,178,257
11/25/2008,GGG,TX,ASW,CE,Combined TRACON& Tower with Radar,0,8,43,3,54,0,1,65,2,68,0,9,108,5,122,336,0,336,458
11/26/2008,GGG,TX,ASW,CE,Combined TRACON& Tower with Radar,0,8,36,0,44,0,2,64,2,68,0,10,100,2,112,186,0,186,298
11/27/2008,GGG,TX,ASW,CE,Combined TRACON& Tower with Radar,0,4,16,0,20,0,0,1,0,1,0,4,17,0,21,0,0,0,21
11/28/2008,GGG,TX,ASW,CE,Combined TRACON& Tower with Radar,0,6,14,0,20,0,0,1,0,1,0,6,15,0,21,0,0,0,21
11/29/2008,GGG,TX,ASW,CE,Combined TRACON& Tower with Radar,0,5,40,0,45,0,0,8,0,8,0,5,48,0,53,130,0,130,183
11/30/2008,GGG,TX,ASW,CE,Combined TRACON& Tower with Radar,0,5,12,0,17,0,0,9,0,9,0,5,21,0,26,0,0,0,26
12/01/2008,GGG,TX,ASW,CE,Combined TRACON& Tower with Radar,0,10,29,29,68,0,0,42,0,42,0,10,71,29,110,204,66,270,380
12/02/2008,GGG,TX,ASW,CE,Combined TRACON& Tower with Radar,0,8,23,0,31,0,0,52,0,52,0,8,75,0,83,308,0,308,391
12/03/2008,GGG,TX,ASW,CE,Combined TRACON& Tower with Radar,0,9,40,9,58,0,0,16,0,16,0,9,56,9,74,108,2,110,184
12/04/2008,GGG,TX,ASW,CE,Combined TRACON& Tower with Radar,0,11,49,3,63,0,0,62,0,62,0,11,111,3,125,122,0,122,247
12/05/2008,GGG,TX,ASW,CE,Combined TRACON& Tower with Radar,0,10,38,11,59,0,0,69,0,69,0,10,107,11,128,338,0,338,466
12/06/2008,GGG,TX,ASW,CE,Combined TRACON& Tower with Radar,0,5,23,0,28,0,0,48,0,48,0,5,71,0,76,262,0,262,338
12/07/2008,GGG,TX,ASW,CE,Combined TRACON& Tower with Radar,0,9,10,0,19,0,0,24,0,24,0,9,34,0,43,80,0,80,123
12/08/2008,GGG,TX,ASW,CE,Combined TRACON& Tower with Radar,0,7,30,18,55,0,0,43,1,44,0,7,73,19,99,344,24,368,467
12/09/2008,GGG,TX,ASW,CE,Combined TRACON& Tower with Radar,0,6,22,0,28,0,0,10,0,10,0,6,32,0,38,32,0,32,70
12/10/2008,GGG,TX,ASW,CE,Combined TRACON& Tower with Radar,0,8,22,0,30,0,0,1,0,1,0,8,23,0,31,0,0,0,31
12/11/2008,GGG,TX,ASW,CE,Combined TRACON& Tower with Radar,0,7,38,5,50,0,0,64,0,64,0,7,102,5,114,396,12,408,522
12/12/2008,GGG,TX,ASW,CE,Combined TRACON& Tower with Radar,2,7,50,4,63,0,0,107,0,107,2,7,157,4,170,404,4,408,578
12/13/2008,GGG,TX,ASW,CE,Combined TRACON& Tower with Radar,0,8,17,7,32,0,0,34,0,34,0,8,51,7,66,102,20,122,188
12/14/2008,GGG,TX,ASW,CE,Combined TRACON& Tower with Radar,0,4,22,1,27,0,0,8,0,8,0,4,30,1,35,8,0,8,43
12/15/2008,GGG,TX,ASW,CE,Combined TRACON& Tower with Radar,0,9,28,3,40,0,0,2,0,2,0,9,30,3,42,26,0,26,68
12/16/2008,GGG,TX,ASW,CE,Combined TRACON& Tower with Radar,0,6,40,0,46,0,0,0,0,0,0,6,40,0,46,8,0,8,54
12/17/2008,GGG,TX,ASW,CE,Combined TRACON& Tower with Radar,0,12,34,0,46,0,0,0,0,0,0,12,34,0,46,0,0,0,46
12/18/2008,GGG,TX,ASW,CE,Combined TRACON& Tower with Radar,0,13,41,0,54,0,0,0,0,0,0,13,41,0,54,0,0,0,54
12/19/2008,GGG,TX,ASW,CE,Combined TRACON& Tower with Radar,4,9,38,16,67,0,0,27,0,27,4,9,65,16,94,16,4,20,114
12/20/2008,GGG,TX,ASW,CE,Combined TRACON& Tower with Radar,0,6,35,0,41,0,0,13,0,13,0,6,48,0,54,10,0,10,64
12/21/2008,GGG,TX,ASW,CE,Combined TRACON& Tower with Radar,0,4,14,0,18,0,0,14,1,15,0,4,28,1,33,64,0,64,97
12/22/2008,GGG,TX,ASW,CE,Combined TRACON& Tower with Radar,0,6,18,2,26,0,2,22,1,25,0,8,40,3,51,30,0,30,81
12/23/2008,GGG,TX,ASW,CE,Combined TRACON& Tower with Radar,0,6,20,0,26,0,0,0,0,0,0,6,20,0,26,12,0,12,38
12/24/2008,GGG,TX,ASW,CE,Combined TRACON& Tower with Radar,0,6,9,0,15,0,0,8,0,8,0,6,17,0,23,0,0,0,23
12/25/2008,GGG,TX,ASW,CE,Combined TRACON& Tower with Radar,3,2,3,0,8,1,0,0,0,1,4,2,3,0,9,0,0,0,9
12/26/2008,GGG,TX,ASW,CE,Combined TRACON& Tower with Radar,0,8,8,0,16,0,0,0,0,0,0,8,8,0,16,0,0,0,16
12/27/2008,GGG,TX,ASW,CE,Combined TRACON& Tower with Radar,0,4,16,0,20,0,0,6,0,6,0,4,22,0,26,0,0,0,26
12/28/2008,GGG,TX,ASW,CE,Combined TRACON& Tower with Radar,0,4,14,0,18,0,0,10,0,10,0,4,24,0,28,60,0,60,88
12/29/2008,GGG,TX,ASW,CE,Combined TRACON& Tower with Radar,0,7,31,1,39,0,0,23,0,23,0,7,54,1,62,10,0,10,72
12/30/2008,GGG,TX,ASW,CE,Combined TRACON& Tower with Radar,0,6,18,7,31,0,0,25,2,27,0,6,43,9,58,4,26,30,88
12/31/2008,GGG,TX,ASW,CE,Combined TRACON& Tower with Radar,0,6,16,0,22,0,0,29,0,29,0,6,45,0,51,60,0,60,111
01/01/2009,GGG,TX,ASW,CE,Combined TRACON& Tower with Radar,0,5,9,0,14,0,0,20,0,20,0,5,29,0,34,21,1,22,56
01/02/2009,GGG,TX,ASW,CE,Combined TRACON& Tower with Radar,0,6,14,0,20,0,0,4,0,4,0,6,18,0,24,0,0,0,24
01/03/2009,GGG,TX,ASW,CE,Combined TRACON& Tower with Radar,0,6,7,0,13,0,0,11,0,11,0,6,18,0,24,0,0,0,24
01/04/2009,GGG,TX,ASW,CE,Combined TRACON& Tower with Radar,0,4,19,0,23,0,0,0,0,0,0,4,19,0,23,0,0,0,23
01/05/2009,GGG,TX,ASW,CE,Combined TRACON& Tower with Radar,0,4,15,0,19,0,0,0,0,0,0,4,15,0,19,0,0,0,19
01/06/2009,GGG,TX,ASW,CE,Combined TRACON& Tower with Radar,0,6,31,3,40,0,0,13,0,13,0,6,44,3,53,34,0,34,87
01/07/2009,GGG,TX,ASW,CE,Combined TRACON& Tower with Radar,0,8,30,4,42,0,0,43,0,43,0,8,73,4,85,162,2,164,249
01/08/2009,GGG,TX,ASW,CE,Combined TRACON& Tower with Radar,0,12,37,5,54,0,0,74,0,74,0,12,111,5,128,154,32,186,314
01/09/2009,GGG,TX,ASW,CE,Combined TRACON& Tower with Radar,0,7,47,7,61,0,0,26,0,26,0,7,73,7,87,168,0,168,255
01/10/2009,GGG,TX,ASW,CE,Combined TRACON& Tower with Radar,0,5,26,7,38,0,0,23,1,24,0,5,49,8,62,122,0,122,184
01/11/2009,GGG,TX,ASW,CE,Combined TRACON& Tower with Radar,0,4,17,0,21,0,0,24,0,24,0,4,41,0,45,74,0,74,119
01/12/2009,GGG,TX,ASW,CE,Combined TRACON& Tower with Radar,0,6,34,5,45,0,0,45,0,45,0,6,79,5,90,224,30,254,344
01/13/2009,GGG,TX,ASW,CE,Combined TRACON& Tower with Radar,0,9,24,8,41,0,0,57,0,57,0,9,81,8,98,342,2,344,442
01/14/2009,GGG,TX,ASW,CE,Combined TRACON& Tower with Radar,0,12,38,11,61,0,0,61,0,61,0,12,99,11,122,170,26,196,318
01/15/2009,GGG,TX,ASW,CE,Combined TRACON& Tower with Radar,0,13,24,29,66,0,74,0,0,74,0,87,24,29,140,352,28,380,520
01/16/2009,GGG,TX,ASW,CE,Combined TRACON& Tower with Radar,0,6,39,18,63,0,0,71,10,81,0,6,110,28,144,322,12,334,478
01/17/2009,GGG,TX,ASW,CE,Combined TRACON& Tower with Radar,0,5,27,3,35,0,0,25,2,27,0,5,52,5,62,138,0,138,200
01/18/2009,GGG,TX,ASW,CE,Combined TRACON& Tower with Radar,0,9,12,0,21,0,0,41,0,41,0,9,53,0,62,32,0,32,94
01/19/2009,GGG,TX,ASW,CE,Combined TRACON& Tower with Radar,1,10,40,0,51,0,0,55,0,55,1,10,95,0,106,166,0,166,272
01/20/2009,GGG,TX,ASW,CE,Combined TRACON& Tower with Radar,0,9,31,0,40,0,0,84,0,84,0,9,115,0,124,180,0,180,304
01/21/2009,GGG,TX,ASW,CE,Combined TRACON& Tower with Radar,0,7,61,5,73,0,0,70,0,70,0,7,131,5,143,280,0,280,423
01/22/2009,GGG,TX,ASW,CE,Combined TRACON& Tower with Radar,0,8,61,13,82,0,2,109,1,112,0,10,170,14,194,278,14,292,486
01/23/2009,GGG,TX,ASW,CE,Combined TRACON& Tower with Radar,0,10,43,10,63,0,0,76,0,76,0,10,119,10,139,244,0,244,383
01/24/2009,GGG,TX,ASW,CE,Combined TRACON& Tower with Radar,0,5,36,1,42,0,0,18,0,18,0,5,54,1,60,64,0,64,124
01/25/2009,GGG,TX,ASW,CE,Combined TRACON& Tower with Radar,0,8,25,10,43,0,0,15,0,15,0,8,40,10,58,30,0,30,88
01/26/2009,GGG,TX,ASW,CE,Combined TRACON& Tower with Radar,0,12,13,0,25,0,0,0,0,0,0,12,13,0,25,0,0,0,25
01/27/2009,GGG,TX,ASW,CE,Combined TRACON& Tower with Radar,0,1,26,0,27,0,0,0,0,0,0,1,26,0,27,0,0,0,27
01/28/2009,GGG,TX,ASW,CE,Combined TRACON& Tower with Radar,2,7,33,34,76,0,0,16,0,16,2,7,49,34,92,198,6,204,296
01/29/2009,GGG,TX,ASW,CE,Combined TRACON& Tower with Radar,0,10,26,1,37,0,0,52,0,52,0,10,78,1,89,176,0,176,265
01/30/2009,GGG,TX,ASW,CE,Combined TRACON& Tower with Radar,0,8,44,8,60,0,0,151,0,151,0,8,195,8,211,330,14,344,555
01/31/2009,GGG,TX,ASW,CE,Combined TRACON& Tower with Radar,2,6,39,4,51,0,0,68,0,68,2,6,107,4,119,250,0,250,369
02/01/2009,GGG,TX,ASW,CE,Combined TRACON& Tower with Radar,2,4,29,0,35,0,1,15,0,16,2,5,44,0,51,38,0,38,89
02/02/2009,GGG,TX,ASW,CE,Combined TRACON& Tower with Radar,0,9,43,14,66,0,0,64,0,64,0,9,107,14,130,188,8,196,326
02/03/2009,GGG,TX,ASW,CE,Combined TRACON& Tower with Radar,0,6,55,7,68,0,1,82,1,84,0,7,137,8,152,276,20,296,448
02/04/2009,GGG,TX,ASW,CE,Combined TRACON& Tower with Radar,0,10,47,7,64,0,0,76,0,76,0,10,123,7,140,174,0,174,314
02/05/2009,GGG,TX,ASW,CE,Combined TRACON& Tower with Radar,0,10,46,1,57,0,0,87,0,87,0,10,133,1,144,146,0,146,290
02/06/2009,GGG,TX,ASW,CE,Combined TRACON& Tower with Radar,0,8,32,6,46,0,0,41,0,41,0,8,73,6,87,186,0,186,273
02/07/2009,GGG,TX,ASW,CE,Combined TRACON& Tower with Radar,0,4,31,0,35,0,0,47,2,49,0,4,78,2,84,70,0,70,154
02/08/2009,GGG,TX,ASW,CE,Combined TRACON& Tower with Radar,0,7,24,2,33,0,0,9,0,9,0,7,33,2,42,32,0,32,74
02/09/2009,GGG,TX,ASW,CE,Combined TRACON& Tower with Radar,0,14,31,2,47,0,1,1,0,2,0,15,32,2,49,8,0,8,57
02/10/2009,GGG,TX,ASW,CE,Combined TRACON& Tower with Radar,0,9,30,5,44,0,0,7,0,7,0,9,37,5,51,36,2,38,89
02/11/2009,GGG,TX,ASW,CE,Combined TRACON& Tower with Radar,0,7,31,23,61,0,0,68,0,68,0,7,99,23,129,170,22,192,321
02/12/2009,GGG,TX,ASW,CE,Combined TRACON& Tower with Radar,0,7,50,7,64,0,0,78,1,79,0,7,128,8,143,274,8,282,425
02/13/2009,GGG,TX,ASW,CE,Combined TRACON& Tower with Radar,0,7,58,3,68,0,0,24,0,24,0,7,82,3,92,140,0,140,232
02/14/2009,GGG,TX,ASW,CE,Combined TRACON& Tower with Radar,0,10,19,0,29,0,0,93,0,93,0,10,112,0,122,154,0,154,276
02/15/2009,GGG,TX,ASW,CE,Combined TRACON& Tower with Radar,0,6,25,0,31,0,0,18,0,18,0,6,43,0,49,46,0,46,95
02/16/2009,GGG,TX,ASW,CE,Combined TRACON& Tower with Radar,1,7,20,0,28,0,0,78,0,78,1,7,98,0,106,270,0,270,376
02/17/2009,GGG,TX,ASW,CE,Combined TRACON& Tower with Radar,0,10,63,15,88,0,0,4,0,4,0,10,67,15,92,16,6,22,114
02/18/2009,GGG,TX,ASW,CE,Combined TRACON& Tower with Radar,0,6,43,9,58,0,0,65,0,65,0,6,108,9,123,158,40,198,321
02/19/2009,GGG,TX,ASW,CE,Combined TRACON& Tower with Radar,2,5,43,0,50,0,76,0,0,76,2,81,43,0,126,160,0,160,286
02/20/2009,GGG,TX,ASW,CE,Combined TRACON& Tower with Radar,0,11,50,1,62,0,0,84,0,84,0,11,134,1,146,318,0,318,464
02/21/2009,GGG,TX,ASW,CE,Combined TRACON& Tower with Radar,0,4,25,0,29,0,0,14,0,14,0,4,39,0,43,86,0,86,129
02/22/2009,GGG,TX,ASW,CE,Combined TRACON& Tower with Radar,1,4,24,0,29,0,0,40,0,40,1,4,64,0,69,130,0,130,199
02/23/2009,GGG,TX,ASW,CE,Combined TRACON& Tower with Radar,0,5,25,3,33,0,0,74,1,75,0,5,99,4,108,238,60,298,406
02/24/2009,GGG,TX,ASW,CE,Combined TRACON& Tower with Radar,0,8,36,0,44,0,0,55,0,55,0,8,91,0,99,146,0,146,245
02/25/2009,GGG,TX,ASW,CE,Combined TRACON& Tower with Radar,0,9,81,20,110,0,0,34,2,36,0,9,115,22,146,278,32,310,456
02/26/2009,GGG,TX,ASW,CE,Combined TRACON& Tower with Radar,0,11,58,5,74,0,0,23,0,23,0,11,81,5,97,90,0,90,187
02/27/2009,GGG,TX,ASW,CE,Combined TRACON& Tower with Radar,0,7,45,4,56,0,0,40,0,40,0,7,85,4,96,248,0,248,344
02/28/2009,GGG,TX,ASW,CE,Combined TRACON& Tower with Radar,0,7,19,2,28,0,1,12,0,13,0,8,31,2,41,96,0,96,137
03/01/2009,GGG,TX,ASW,CE,Combined TRACON& Tower with Radar,0,4,25,4,33,0,0,45,0,45,0,4,70,4,78,92,0,92,170
03/02/2009,GGG,TX,ASW,CE,Combined TRACON& Tower with Radar,0,6,22,12,40,0,0,84,0,84,0,6,106,12,124,104,18,122,246
03/03/2009,GGG,TX,ASW,CE,Combined TRACON& Tower with Radar,2,10,51,13,76,0,2,79,2,83,2,12,130,15,159,224,30,254,413
03/04/2009,GGG,TX,ASW,CE,Combined TRACON& Tower with Radar,0,6,33,20,59,0,0,81,0,81,0,6,114,20,140,220,0,220,360
03/05/2009,GGG,TX,ASW,CE,Combined TRACON& Tower with Radar,0,9,68,6,83,0,0,50,0,50,0,9,118,6,133,128,0,128,261
03/06/2009,GGG,TX,ASW,CE,Combined TRACON& Tower with Radar,0,9,47,0,56,0,0,75,2,77,0,9,122,2,133,118,0,118,251
03/07/2009,GGG,TX,ASW,CE,Combined TRACON& Tower with Radar,2,7,37,0,46,0,1,38,0,39,2,8,75,0,85,112,0,112,197
03/08/2009,GGG,TX,ASW,CE,Combined TRACON& Tower with Radar,0,4,18,0,22,0,0,9,2,11,0,4,27,2,33,46,0,46,79
03/09/2009,GGG,TX,ASW,CE,Combined TRACON& Tower with Radar,0,5,44,10,59,0,0,42,0,42,0,5,86,10,101,258,24,282,383
03/10/2009,GGG,TX,ASW,CE,Combined TRACON& Tower with Radar,0,10,64,7,81,0,0,38,0,38,0,10,102,7,119,124,8,132,251
03/11/2009,GGG,TX,ASW,CE,Combined TRACON& Tower with Radar,0,8,46,1,55,0,0,0,0,0,0,8,46,1,55,0,0,0,55
03/12/2009,GGG,TX,ASW,CE,Combined TRACON& Tower with Radar,0,5,21,3,29,0,0,0,0,0,0,5,21,3,29,0,0,0,29
03/13/2009,GGG,TX,ASW,CE,Combined TRACON& Tower with Radar,0,8,25,0,33,0,0,0,0,0,0,8,25,0,33,0,0,0,33
03/14/2009,GGG,TX,ASW,CE,Combined TRACON& Tower with Radar,0,6,27,1,34,0,0,0,0,0,0,6,27,1,34,42,0,42,76
03/15/2009,GGG,TX,ASW,CE,Combined TRACON& Tower with Radar,0,7,14,0,21,0,0,0,0,0,0,7,14,0,21,0,0,0,21
03/16/2009,GGG,TX,ASW,CE,Combined TRACON& Tower with Radar,0,3,48,6,57,0,0,78,1,79,0,3,126,7,136,324,4,328,464
03/17/2009,GGG,TX,ASW,CE,Combined TRACON& Tower with Radar,0,2,51,1,54,0,0,35,0,35,0,2,86,1,89,84,2,86,175
03/18/2009,GGG,TX,ASW,CE,Combined TRACON& Tower with Radar,0,2,32,0,34,0,0,85,0,85,0,2,117,0,119,366,0,366,485
03/19/2009,GGG,TX,ASW,CE,Combined TRACON& Tower with Radar,0,7,45,2,54,0,2,87,0,89,0,9,132,2,143,202,12,214,357
03/20/2009,GGG,TX,ASW,CE,Combined TRACON& Tower with Radar,0,5,43,0,48,0,1,90,0,91,0,6,133,0,139,256,0,256,395
03/21/2009,GGG,TX,ASW,CE,Combined TRACON& Tower with Radar,0,4,27,0,31,0,0,46,0,46,0,4,73,0,77,194,0,194,271
03/22/2009,GGG,TX,ASW,CE,Combined TRACON& Tower with Radar,2,4,21,0,27,0,0,12,0,12,2,4,33,0,39,44,0,44,83
03/23/2009,GGG,TX,ASW,CE,Combined TRACON& Tower with Radar,0,8,35,0,43,0,0,19,0,19,0,8,54,0,62,60,0,60,122
03/24/2009,GGG,TX,ASW,CE,Combined TRACON& Tower with Radar,0,8,35,0,43,0,0,9,0,9,0,8,44,0,52,176,0,176,228
03/25/2009,GGG,TX,ASW,CE,Combined TRACON& Tower with Radar,3,15,37,0,55,0,0,34,0,34,3,15,71,0,89,214,0,214,303
03/26/2009,GGG,TX,ASW,CE,Combined TRACON& Tower with Radar,0,4,68,0,72,0,0,8,0,8,0,4,76,0,80,168,0,168,248
03/27/2009,GGG,TX,ASW,CE,Combined TRACON& Tower with Radar,0,6,19,0,25,0,0,1,0,1,0,6,20,0,26,0,0,0,26
03/28/2009,GGG,TX,ASW,CE,Combined TRACON& Tower with Radar,0,8,29,8,45,0,0,29,1,30,0,8,58,9,75,100,0,100,175
03/29/2009,GGG,TX,ASW,CE,Combined TRACON& Tower with Radar,0,6,21,0,27,0,0,51,0,51,0,6,72,0,78,128,0,128,206
03/30/2009,GGG,TX,ASW,CE,Combined TRACON& Tower with Radar,0,8,59,1,68,0,0,66,0,66,0,8,125,1,134,282,4,286,420
03/31/2009,GGG,TX,ASW,CE,Combined TRACON& Tower with Radar,0,8,39,1,48,0,0,65,0,65,0,8,104,1,113,256,0,256,369
04/01/2009,GGG,TX,ASW,CE,Combined TRACON& Tower with Radar,0,4,49,2,55,0,0,95,0,95,0,4,144,2,150,416,0,416,566
04/02/2009,GGG,TX,ASW,CE,Combined TRACON& Tower with Radar,0,5,16,9,30,0,0,7,0,7,0,5,23,9,37,0,8,8,45
04/03/2009,GGG,TX,ASW,CE,Combined TRACON& Tower with Radar,0,5,58,9,72,0,0,145,1,146,0,5,203,10,218,312,8,320,538
04/04/2009,GGG,TX,ASW,CE,Combined TRACON& Tower with Radar,0,5,32,0,37,0,0,61,0,61,0,5,93,0,98,196,0,196,294
04/05/2009,GGG,TX,ASW,CE,Combined TRACON& Tower with Radar,0,4,21,9,34,0,0,9,0,9,0,4,30,9,43,0,8,8,51
04/06/2009,GGG,TX,ASW,CE,Combined TRACON& Tower with Radar,0,8,37,3,48,0,0,44,0,44,0,8,81,3,92,178,0,178,270
04/07/2009,GGG,TX,ASW,CE,Combined TRACON& Tower with Radar,0,5,55,0,60,0,0,102,0,102,0,5,157,0,162,362,0,362,524
04/08/2009,GGG,TX,ASW,CE,Combined TRACON& Tower with Radar,0,11,49,0,60,0,0,70,0,70,0,11,119,0,130,242,0,242,372
04/09/2009,GGG,TX,ASW,CE,Combined TRACON& Tower with Radar,0,2,39,0,41,0,0,16,0,16,0,2,55,0,57,94,0,94,151
04/10/2009,GGG,TX,ASW,CE,Combined TRACON& Tower with Radar,0,13,32,0,45,0,0,40,0,40,0,13,72,0,85,24,0,24,109
04/11/2009,GGG,TX,ASW,CE,Combined TRACON& Tower with Radar,0,6,36,0,42,0,0,60,0,60,0,6,96,0,102,244,0,244,346
04/12/2009,GGG,TX,ASW,CE,Combined TRACON& Tower with Radar,0,4,6,0,10,0,0,0,0,0,0,4,6,0,10,0,0,0,10
04/13/2009,GGG,TX,ASW,CE,Combined TRACON& Tower with Radar,0,5,36,1,42,0,0,28,0,28,0,5,64,1,70,162,0,162,232
04/14/2009,GGG,TX,ASW,CE,Combined TRACON& Tower with Radar,0,7,55,2,64,0,0,98,0,98,0,7,153,2,162,206,0,206,368
04/15/2009,GGG,TX,ASW,CE,Combined TRACON& Tower with Radar,0,10,42,11,63,0,0,72,1,73,0,10,114,12,136,358,6,364,500
04/16/2009,GGG,TX,ASW,CE,Combined TRACON& Tower with Radar,0,5,45,7,57,0,0,69,2,71,0,5,114,9,128,250,0,250,378
04/17/2009,GGG,TX,ASW,CE,Combined TRACON& Tower with Radar,2,5,27,0,34,0,0,22,0,22,2,5,49,0,56,82,0,82,138
04/18/2009,GGG,TX,ASW,CE,Combined TRACON& Tower with Radar,0,5,12,0,17,0,0,5,0,5,0,5,17,0,22,54,0,54,76
04/19/2009,GGG,TX,ASW,CE,Combined TRACON& Tower with Radar,0,7,27,9,43,0,0,12,0,12,0,7,39,9,55,6,14,20,75
04/20/2009,GGG,TX,ASW,CE,Combined TRACON& Tower with Radar,0,4,37,20,61,0,0,79,0,79,0,4,116,20,140,356,14,370,510
04/21/2009,GGG,TX,ASW,CE,Combined TRACON& Tower with Radar,0,4,40,2,46,0,0,66,0,66,0,4,106,2,112,488,12,500,612
04/22/2009,GGG,TX,ASW,CE,Combined TRACON& Tower with Radar,0,6,40,12,58,0,0,86,0,86,0,6,126,12,144,246,8,254,398
04/23/2009,GGG,TX,ASW,CE,Combined TRACON& Tower with Radar,0,6,35,35,76,0,0,61,1,62,0,6,96,36,138,90,10,100,238
04/24/2009,GGG,TX,ASW,CE,Combined TRACON& Tower with Radar,0,4,61,12,77,0,0,28,2,30,0,4,89,14,107,234,2,236,343
04/25/2009,GGG,TX,ASW,CE,Combined TRACON& Tower with Radar,0,7,29,0,36,0,0,25,0,25,0,7,54,0,61,186,0,186,247
04/26/2009,GGG,TX,ASW,CE,Combined TRACON& Tower with Radar,0,6,19,3,28,0,0,6,5,11,0,6,25,8,39,12,16,28,67
04/27/2009,GGG,TX,ASW,CE,Combined TRACON& Tower with Radar,0,2,29,0,31,0,0,12,0,12,0,2,41,0,43,180,0,180,223
04/28/2009,GGG,TX,ASW,CE,Combined TRACON& Tower with Radar,0,10,41,0,51,0,0,2,0,2,0,10,43,0,53,318,0,318,371
04/29/2009,GGG,TX,ASW,CE,Combined TRACON& Tower with Radar,0,5,52,6,63,0,0,26,1,27,0,5,78,7,90,238,4,242,332
04/30/2009,GGG,TX,ASW,CE,Combined TRACON& Tower with Radar,0,4,76,0,80,0,0,45,2,47,0,4,121,2,127,240,0,240,367
05/01/2009,GGG,TX,ASW,CE,Combined TRACON& Tower with Radar,0,4,62,10,76,0,0,43,3,46,0,4,105,13,122,372,2,374,496
05/02/2009,GGG,TX,ASW,CE,Combined TRACON& Tower with Radar,2,4,24,7,37,0,0,19,4,23,2,4,43,11,60,184,8,192,252
05/03/2009,GGG,TX,ASW,CE,Combined TRACON& Tower with Radar,0,1,15,8,24,0,0,2,0,2,0,1,17,8,26,68,2,70,96
05/04/2009,GGG,TX,ASW,CE,Combined TRACON& Tower with Radar,0,6,74,0,80,0,0,38,0,38,0,6,112,0,118,488,0,488,606
05/05/2009,GGG,TX,ASW,CE,Combined TRACON& Tower with Radar,0,10,98,0,108,0,2,8,0,10,0,12,106,0,118,140,0,140,258
05/06/2009,GGG,TX,ASW,CE,Combined TRACON& Tower with Radar,0,4,26,0,30,0,0,34,0,34,0,4,60,0,64,182,0,182,246
05/07/2009,GGG,TX,ASW,CE,Combined TRACON& Tower with Radar,0,4,43,4,51,0,0,59,0,59,0,4,102,4,110,232,2,234,344
05/08/2009,GGG,TX,ASW,CE,Combined TRACON& Tower with Radar,0,3,88,20,111,0,44,2,0,46,0,47,90,20,157,198,22,220,377
05/09/2009,GGG,TX,ASW,CE,Combined TRACON& Tower with Radar,0,4,40,4,48,0,0,19,0,19,0,4,59,4,67,78,0,78,145
05/10/2009,GGG,TX,ASW,CE,Combined TRACON& Tower with Radar,0,4,8,0,12,0,0,11,0,11,0,4,19,0,23,6,0,6,29
05/11/2009,GGG,TX,ASW,CE,Combined TRACON& Tower with Radar,0,7,18,0,25,0,0,10,0,10,0,7,28,0,35,114,0,114,149
05/12/2009,GGG,TX,ASW,CE,Combined TRACON& Tower with Radar,0,4,53,0,57,0,0,42,0,42,0,4,95,0,99,188,0,188,287
05/13/2009,GGG,TX,ASW,CE,Combined TRACON& Tower with Radar,0,6,82,26,114,0,9,58,0,67,0,15,140,26,181,216,34,250,431
05/14/2009,GGG,TX,ASW,CE,Combined TRACON& Tower with Radar,0,2,31,0,33,0,0,80,0,80,0,2,111,0,113,260,0,260,373
05/15/2009,GGG,TX,ASW,CE,Combined TRACON& Tower with Radar,0,4,63,0,67,0,0,65,0,65,0,4,128,0,132,346,0,346,478
05/16/2009,GGG,TX,ASW,CE,Combined TRACON& Tower with Radar,0,4,34,3,41,0,0,22,0,22,0,4,56,3,63,208,0,208,271
05/17/2009,GGG,TX,ASW,CE,Combined TRACON& Tower with Radar,0,4,28,8,40,0,0,19,0,19,0,4,47,8,59,66,6,72,131
05/18/2009,GGG,TX,ASW,CE,Combined TRACON& Tower with Radar,0,5,32,0,37,0,0,46,2,48,0,5,78,2,85,72,0,72,157
05/19/2009,GGG,TX,ASW,CE,Combined TRACON& Tower with Radar,0,4,22,0,26,0,0,56,0,56,0,4,78,0,82,104,0,104,186
05/20/2009,GGG,TX,ASW,CE,Combined TRACON& Tower with Radar,0,4,27,3,34,0,0,83,0,83,0,4,110,3,117,220,0,220,337
05/21/2009,GGG,TX,ASW,CE,Combined TRACON& Tower with Radar,0,8,34,2,44,0,0,72,0,72,0,8,106,2,116,164,0,164,280
05/22/2009,GGG,TX,ASW,CE,Combined TRACON& Tower with Radar,0,4,40,6,50,0,0,44,0,44,0,4,84,6,94,228,0,228,322
05/23/2009,GGG,TX,ASW,CE,Combined TRACON& Tower with Radar,0,6,11,0,17,0,0,1,0,1,0,6,12,0,18,50,0,50,68
05/24/2009,GGG,TX,ASW,CE,Combined TRACON& Tower with Radar,0,4,13,0,17,0,0,0,0,0,0,4,13,0,17,0,0,0,17
05/25/2009,GGG,TX,ASW,CE,Combined TRACON& Tower with Radar,0,4,20,2,26,0,0,62,0,62,0,4,82,2,88,280,0,280,368
05/26/2009,GGG,TX,ASW,CE,Combined TRACON& Tower with Radar,4,6,41,0,51,0,0,53,2,55,4,6,94,2,106,250,0,250,356
05/27/2009,GGG,TX,ASW,CE,Combined TRACON& Tower with Radar,0,4,39,0,43,0,0,94,0,94,0,4,133,0,137,224,0,224,361
05/28/2009,GGG,TX,ASW,CE,Combined TRACON& Tower with Radar,0,4,38,11,53,0,0,102,0,102,0,4,140,11,155,270,16,286,441
05/29/2009,GGG,TX,ASW,CE,Combined TRACON& Tower with Radar,0,6,39,5,50,0,0,94,1,95,0,6,133,6,145,246,2,248,393
05/30/2009,GGG,TX,ASW,CE,Combined TRACON& Tower with Radar,0,4,11,1,16,0,0,44,0,44,0,4,55,1,60,170,6,176,236
05/31/2009,GGG,TX,ASW,CE,Combined TRACON& Tower with Radar,0,4,13,0,17,0,0,27,0,27,0,4,40,0,44,16,0,16,60
06/01/2009,GGG,TX,ASW,CE,Combined TRACON& Tower with Radar,0,13,26,13,52,0,0,63,0,63,0,13,89,13,115,252,16,268,383
06/02/2009,GGG,TX,ASW,CE,Combined TRACON& Tower with Radar,0,3,46,0,49,0,1,89,0,90,0,4,135,0,139,140,0,140,279
06/03/2009,GGG,TX,ASW,CE,Combined TRACON& Tower with Radar,0,8,37,0,45,0,0,22,0,22,0,8,59,0,67,149,0,149,216
06/04/2009,GGG,TX,ASW,CE,Combined TRACON& Tower with Radar,0,6,51,0,57,0,0,35,0,35,0,6,86,0,92,183,0,183,275
06/05/2009,GGG,TX,ASW,CE,Combined TRACON& Tower with Radar,0,4,42,5,51,0,0,77,0,77,0,4,119,5,128,312,18,330,458
06/06/2009,GGG,TX,ASW,CE,Combined TRACON& Tower with Radar,0,4,25,3,32,0,0,61,0,61,0,4,86,3,93,278,2,280,373
06/07/2009,GGG,TX,ASW,CE,Combined TRACON& Tower with Radar,0,4,23,0,27,0,0,25,0,25,0,4,48,0,52,14,0,14,66
06/08/2009,GGG,TX,ASW,CE,Combined TRACON& Tower with Radar,0,6,43,7,56,0,1,91,0,92,0,7,134,7,148,292,0,292,440
06/09/2009,GGG,TX,ASW,CE,Combined TRACON& Tower with Radar,5,4,48,0,57,0,0,59,0,59,5,4,107,0,116,220,0,220,336
06/10/2009,GGG,TX,ASW,CE,Combined TRACON& Tower with Radar,0,8,45,3,56,0,0,53,0,53,0,8,98,3,109,334,0,334,443
06/11/2009,GGG,TX,ASW,CE,Combined TRACON& Tower with Radar,0,7,18,0,25,0,0,18,0,18,0,7,36,0,43,104,0,104,147
06/12/2009,GGG,TX,ASW,CE,Combined TRACON& Tower with Radar,0,7,28,7,42,0,1,76,2,79,0,8,104,9,121,338,10,348,469
06/13/2009,GGG,TX,ASW,CE,Combined TRACON& Tower with Radar,2,4,36,9,51,0,0,67,2,69,2,4,103,11,120,228,6,234,354
06/14/2009,GGG,TX,ASW,CE,Combined TRACON& Tower with Radar,0,4,11,0,15,0,2,21,1,24,0,6,32,1,39,20,0,20,59
06/15/2009,GGG,TX,ASW,CE,Combined TRACON& Tower with Radar,0,6,43,5,54,0,0,55,0,55,0,6,98,5,109,442,2,444,553
06/16/2009,GGG,TX,ASW,CE,Combined TRACON& Tower with Radar,0,7,39,7,53,0,0,71,0,71,0,7,110,7,124,158,14,172,296
06/17/2009,GGG,TX,ASW,CE,Combined TRACON& Tower with Radar,0,6,41,2,49,0,0,63,1,64,0,6,104,3,113,338,6,344,457
06/18/2009,GGG,TX,ASW,CE,Combined TRACON& Tower with Radar,0,9,55,13,77,0,0,94,0,94,0,9,149,13,171,272,14,286,457
06/19/2009,GGG,TX,ASW,CE,Combined TRACON& Tower with Radar,0,4,32,0,36,0,0,67,0,67,0,4,99,0,103,268,0,268,371
06/20/2009,GGG,TX,ASW,CE,Combined TRACON& Tower with Radar,0,6,13,7,26,0,0,32,0,32,0,6,45,7,58,70,0,70,128
06/21/2009,GGG,TX,ASW,CE,Combined TRACON& Tower with Radar,0,4,15,0,19,0,1,11,0,12,0,5,26,0,31,10,0,10,41
06/22/2009,GGG,TX,ASW,CE,Combined TRACON& Tower with Radar,0,8,26,0,34,0,0,65,0,65,0,8,91,0,99,392,0,392,491
06/23/2009,GGG,TX,ASW,CE,Combined TRACON& Tower with Radar,0,10,36,6,52,0,0,76,0,76,0,10,112,6,128,354,4,358,486
06/24/2009,GGG,TX,ASW,CE,Combined TRACON& Tower with Radar,0,7,26,0,33,0,0,66,0,66,0,7,92,0,99,284,0,284,383
06/25/2009,GGG,TX,ASW,CE,Combined TRACON& Tower with Radar,0,10,18,0,28,0,0,70,0,70,0,10,88,0,98,228,0,228,326
06/26/2009,GGG,TX,ASW,CE,Combined TRACON& Tower with Radar,0,10,28,5,43,0,0,63,0,63,0,10,91,5,106,164,0,164,270
06/27/2009,GGG,TX,ASW,CE,Combined TRACON& Tower with Radar,0,4,13,0,17,0,0,27,0,27,0,4,40,0,44,20,0,20,64
06/28/2009,GGG,TX,ASW,CE,Combined TRACON& Tower with Radar,0,5,10,15,30,0,0,21,1,22,0,5,31,16,52,0,16,16,68
06/29/2009,GGG,TX,ASW,CE,Combined TRACON& Tower with Radar,0,3,28,5,36,0,0,35,0,35,0,3,63,5,71,18,0,18,89
06/30/2009,GGG,TX,ASW,CE,Combined TRACON& Tower with Radar,0,4,31,2,37,0,1,46,1,48,0,5,77,3,85,144,30,174,259
07/01/2009,GGG,TX,ASW,CE,Combined TRACON& Tower with Radar,0,5,24,0,29,0,0,51,1,52,0,5,75,1,81,142,0,142,223
07/02/2009,GGG,TX,ASW,CE,Combined TRACON& Tower with Radar,0,7,34,3,44,0,0,56,0,56,0,7,90,3,100,158,16,174,274
07/03/2009,GGG,TX,ASW,CE,Combined TRACON& Tower with Radar,0,11,15,0,26,0,0,28,2,30,0,11,43,2,56,40,0,40,96
07/04/2009,GGG,TX,ASW,CE,Combined TRACON& Tower with Radar,0,4,6,0,10,0,0,10,2,12,0,4,16,2,22,48,0,48,70
07/05/2009,GGG,TX,ASW,CE,Combined TRACON& Tower with Radar,0,7,22,0,29,0,0,7,0,7,0,7,29,0,36,0,0,0,36
07/06/2009,GGG,TX,ASW,CE,Combined TRACON& Tower with Radar,0,4,28,0,32,0,2,9,0,11,0,6,37,0,43,42,0,42,85
07/07/2009,GGG,TX,ASW,CE,Combined TRACON& Tower with Radar,0,4,42,13,59,0,0,49,0,49,0,4,91,13,108,152,44,196,304
07/08/2009,GGG,TX,ASW,CE,Combined TRACON& Tower with Radar,0,6,18,0,24,0,0,21,0,21,0,6,39,0,45,150,0,150,195
07/09/2009,GGG,TX,ASW,CE,Combined TRACON& Tower with Radar,1,8,32,2,43,0,0,27,1,28,1,8,59,3,71,138,18,156,227
07/10/2009,GGG,TX,ASW,CE,Combined TRACON& Tower with Radar,0,5,30,2,37,0,0,43,3,46,0,5,73,5,83,68,28,96,179
07/11/2009,GGG,TX,ASW,CE,Combined TRACON& Tower with Radar,0,4,8,1,13,0,0,85,9,94,0,4,93,10,107,32,58,90,197
07/12/2009,GGG,TX,ASW,CE,Combined TRACON& Tower with Radar,0,4,20,1,25,0,0,20,0,20,0,4,40,1,45,2,0,2,47
07/13/2009,GGG,TX,ASW,CE,Combined TRACON& Tower with Radar,0,13,17,1,31,0,0,33,0,33,0,13,50,1,64,77,0,77,141
07/14/2009,GGG,TX,ASW,CE,Combined TRACON& Tower with Radar,0,11,22,0,33,0,1,33,0,34,0,12,55,0,67,122,0,122,189
07/15/2009,GGG,TX,ASW,CE,Combined TRACON& Tower with Radar,0,6,26,0,32,0,0,42,0,42,0,6,68,0,74,164,0,164,238
07/16/2009,GGG,TX,ASW,CE,Combined TRACON& Tower with Radar,0,4,23,9,36,0,0,45,4,49,0,4,68,13,85,149,20,169,254
07/17/2009,GGG,TX,ASW,CE,Combined TRACON& Tower with Radar,0,6,16,0,22,0,0,20,1,21,0,6,36,1,43,60,0,60,103
07/18/2009,GGG,TX,ASW,CE,Combined TRACON& Tower with Radar,0,4,13,6,23,0,0,18,0,18,0,4,31,6,41,52,4,56,97
07/19/2009,GGG,TX,ASW,CE,Combined TRACON& Tower with Radar,1,5,13,0,19,0,0,14,0,14,1,5,27,0,33,0,0,0,33
07/20/2009,GGG,TX,ASW,CE,Combined TRACON& Tower with Radar,2,7,14,7,30,0,0,23,0,23,2,7,37,7,53,88,4,92,145
07/21/2009,GGG,TX,ASW,CE,Combined TRACON& Tower with Radar,0,9,25,0,34,0,0,13,0,13,0,9,38,0,47,10,0,10,57
07/22/2009,GGG,TX,ASW,CE,Combined TRACON& Tower with Radar,0,4,23,0,27,0,0,32,0,32,0,4,55,0,59,34,0,34,93
07/23/2009,GGG,TX,ASW,CE,Combined TRACON& Tower with Radar,0,5,34,0,39,0,3,25,1,29,0,8,59,1,68,69,0,69,137
07/24/2009,GGG,TX,ASW,CE,Combined TRACON& Tower with Radar,0,7,30,2,39,0,0,30,0,30,0,7,60,2,69,60,0,60,129
07/25/2009,GGG,TX,ASW,CE,Combined TRACON& Tower with Radar,0,5,14,10,29,0,0,22,0,22,0,5,36,10,51,24,18,42,93
07/26/2009,GGG,TX,ASW,CE,Combined TRACON& Tower with Radar,0,1,8,0,9,0,0,8,0,8,0,1,16,0,17,0,0,0,17
07/27/2009,GGG,TX,ASW,CE,Combined TRACON& Tower with Radar,0,2,27,0,29,0,0,9,0,9,0,2,36,0,38,50,0,50,88
07/28/2009,GGG,TX,ASW,CE,Combined TRACON& Tower with Radar,0,7,40,0,47,0,0,13,0,13,0,7,53,0,60,28,0,28,88
07/29/2009,GGG,TX,ASW,CE,Combined TRACON& Tower with Radar,0,4,34,0,38,0,0,10,0,10,0,4,44,0,48,23,0,23,71
07/30/2009,GGG,TX,ASW,CE,Combined TRACON& Tower with Radar,0,4,19,0,23,0,1,11,1,13,0,5,30,1,36,1,0,1,37
07/31/2009,GGG,TX,ASW,CE,Combined TRACON& Tower with Radar,0,4,30,0,34,0,0,13,0,13,0,4,43,0,47,0,0,0,47
08/01/2009,GGG,TX,ASW,CE,Combined TRACON& Tower with Radar,0,3,10,0,13,0,0,0,0,0,0,3,10,0,13,26,0,26,39
08/02/2009,GGG,TX,ASW,CE,Combined TRACON& Tower with Radar,0,4,19,3,26,0,0,12,0,12,0,4,31,3,38,26,0,26,64
08/03/2009,GGG,TX,ASW,CE,Combined TRACON& Tower with Radar,0,8,21,0,29,0,0,22,0,22,0,8,43,0,51,36,0,36,87
08/04/2009,GGG,TX,ASW,CE,Combined TRACON& Tower with Radar,0,6,33,0,39,0,0,30,0,30,0,6,63,0,69,30,2,32,101
08/05/2009,GGG,TX,ASW,CE,Combined TRACON& Tower with Radar,0,5,32,0,37,0,0,30,0,30,0,5,62,0,67,48,0,48,115
08/06/2009,GGG,TX,ASW,CE,Combined TRACON& Tower with Radar,0,7,28,2,37,0,1,35,3,39,0,8,63,5,76,76,6,82,158
08/07/2009,GGG,TX,ASW,CE,Combined TRACON& Tower with Radar,0,5,15,0,20,0,0,37,0,37,0,5,52,0,57,112,0,112,169
08/08/2009,GGG,TX,ASW,CE,Combined TRACON& Tower with Radar,0,5,12,1,18,0,0,17,0,17,0,5,29,1,35,26,0,26,61
08/09/2009,GGG,TX,ASW,CE,Combined TRACON& Tower with Radar,0,4,14,17,35,0,0,6,0,6,0,4,20,17,41,40,26,66,107
08/10/2009,GGG,TX,ASW,CE,Combined TRACON& Tower with Radar,0,8,24,0,32,0,0,35,1,36,0,8,59,1,68,24,0,24,92
08/11/2009,GGG,TX,ASW,CE,Combined TRACON& Tower with Radar,0,6,32,5,43,0,0,34,1,35,0,6,66,6,78,11,2,13,91
08/12/2009,GGG,TX,ASW,CE,Combined TRACON& Tower with Radar,0,3,13,10,26,0,0,52,0,52,0,3,65,10,78,102,20,122,200
08/13/2009,GGG,TX,ASW,CE,Combined TRACON& Tower with Radar,0,4,34,2,40,0,2,57,0,59,0,6,91,2,99,144,10,154,253
08/14/2009,GGG,TX,ASW,CE,Combined TRACON& Tower with Radar,0,3,40,7,50,0,0,68,1,69,0,3,108,8,119,128,20,148,267
08/15/2009,GGG,TX,ASW,CE,Combined TRACON& Tower with Radar,2,4,10,29,45,0,0,27,3,30,2,4,37,32,75,106,36,142,217
08/16/2009,GGG,TX,ASW,CE,Combined TRACON& Tower with Radar,0,5,18,1,24,0,0,25,1,26,0,5,43,2,50,14,4,18,68
08/17/2009,GGG,TX,ASW,CE,Combined TRACON& Tower with Radar,2,4,18,0,24,0,0,25,0,25,2,4,43,0,49,48,0,48,97
08/18/2009,GGG,TX,ASW,CE,Combined TRACON& Tower with Radar,0,4,24,0,28,0,0,30,0,30,0,4,54,0,58,84,10,94,152
08/19/2009,GGG,TX,ASW,CE,Combined TRACON& Tower with Radar,0,7,71,2,80,0,0,27,0,27,0,7,98,2,107,230,2,232,339
08/20/2009,GGG,TX,ASW,CE,Combined TRACON& Tower with Radar,0,7,41,5,53,0,0,50,0,50,0,7,91,5,103,158,4,162,265
08/21/2009,GGG,TX,ASW,CE,Combined TRACON& Tower with Radar,0,7,33,0,40,0,0,31,0,31,0,7,64,0,71,66,0,66,137
08/22/2009,GGG,TX,ASW,CE,Combined TRACON& Tower with Radar,0,5,16,0,21,0,3,29,0,32,0,8,45,0,53,58,0,58,111
08/23/2009,GGG,TX,ASW,CE,Combined TRACON& Tower with Radar,0,4,6,0,10,0,0,16,2,18,0,4,22,2,28,34,0,34,62
08/24/2009,GGG,TX,ASW,CE,Combined TRACON& Tower with Radar,0,4,30,0,34,0,0,32,0,32,0,4,62,0,66,108,0,108,174
08/25/2009,GGG,TX,ASW,CE,Combined TRACON& Tower with Radar,0,6,32,7,45,0,0,33,0,33,0,6,65,7,78,134,18,152,230
08/26/2009,GGG,TX,ASW,CE,Combined TRACON& Tower with Radar,0,3,29,0,32,0,0,38,1,39,0,3,67,1,71,126,0,126,197
08/27/2009,GGG,TX,ASW,CE,Combined TRACON& Tower with Radar,0,8,35,0,43,0,0,37,0,37,0,8,72,0,80,140,0,140,220
08/28/2009,GGG,TX,ASW,CE,Combined TRACON& Tower with Radar,0,4,32,2,38,0,0,24,0,24,0,4,56,2,62,100,20,120,182
08/29/2009,GGG,TX,ASW,CE,Combined TRACON& Tower with Radar,0,4,17,0,21,0,0,28,0,28,0,4,45,0,49,146,0,146,195
08/30/2009,GGG,TX,ASW,CE,Combined TRACON& Tower with Radar,0,5,11,0,16,0,0,14,0,14,0,5,25,0,30,20,0,20,50
08/31/2009,GGG,TX,ASW,CE,Combined TRACON& Tower with Radar,0,5,20,2,27,0,0,49,0,49,0,5,69,2,76,132,10,142,218
09/01/2009,GGG,TX,ASW,CE,Combined TRACON& Tower with Radar,0,6,21,11,38,0,0,57,0,57,0,6,78,11,95,74,16,90,185
09/02/2009,GGG,TX,ASW,CE,Combined TRACON& Tower with Radar,0,4,26,4,34,0,0,75,0,75,0,4,101,4,109,92,2,94,203
09/03/2009,GGG,TX,ASW,CE,Combined TRACON& Tower with Radar,0,6,39,0,45,0,1,60,0,61,0,7,99,0,106,92,0,92,198
09/04/2009,GGG,TX,ASW,CE,Combined TRACON& Tower with Radar,0,4,36,0,40,0,0,51,0,51,0,4,87,0,91,174,0,174,265
09/05/2009,GGG,TX,ASW,CE,Combined TRACON& Tower with Radar,0,3,13,0,16,0,2,45,0,47,0,5,58,0,63,200,0,200,263
09/06/2009,GGG,TX,ASW,CE,Combined TRACON& Tower with Radar,0,4,8,0,12,0,0,5,0,5,0,4,13,0,17,40,0,40,57
09/07/2009,GGG,TX,ASW,CE,Combined TRACON& Tower with Radar,0,4,19,0,23,0,0,51,0,51,0,4,70,0,74,114,0,114,188
09/08/2009,GGG,TX,ASW,CE,Combined TRACON& Tower with Radar,0,5,27,4,36,0,0,89,0,89,0,5,116,4,125,158,0,158,283
09/09/2009,GGG,TX,ASW,CE,Combined TRACON& Tower with Radar,0,7,42,2,51,0,0,66,0,66,0,7,108,2,117,200,0,200,317
09/10/2009,GGG,TX,ASW,CE,Combined TRACON& Tower with Radar,2,5,37,9,53,0,0,73,0,73,2,5,110,9,126,178,20,198,324
09/11/2009,GGG,TX,ASW,CE,Combined TRACON& Tower with Radar,0,6,26,5,37,2,2,26,0,30,2,8,52,5,67,102,34,136,203
09/12/2009,GGG,TX,ASW,CE,Combined TRACON& Tower with Radar,1,13,19,0,33,0,0,0,0,0,1,13,19,0,33,10,0,10,43
09/13/2009,GGG,TX,ASW,CE,Combined TRACON& Tower with Radar,0,6,16,0,22,0,0,0,0,0,0,6,16,0,22,6,0,6,28
09/14/2009,GGG,TX,ASW,CE,Combined TRACON& Tower with Radar,0,9,30,0,39,0,0,4,0,4,0,9,34,0,43,18,0,18,61
09/15/2009,GGG,TX,ASW,CE,Combined TRACON& Tower with Radar,3,8,46,2,59,0,0,2,0,2,3,8,48,2,61,78,0,78,139
09/16/2009,GGG,TX,ASW,CE,Combined TRACON& Tower with Radar,0,7,35,8,50,0,0,6,0,6,0,7,41,8,56,76,6,82,138
09/17/2009,GGG,TX,ASW,CE,Combined TRACON& Tower with Radar,0,8,28,0,36,0,0,1,2,3,0,8,29,2,39,62,0,62,101
09/18/2009,GGG,TX,ASW,CE,Combined TRACON& Tower with Radar,0,11,19,0,30,0,0,2,0,2,0,11,21,0,32,2,0,2,34
09/19/2009,GGG,TX,ASW,CE,Combined TRACON& Tower with Radar,0,6,41,0,47,0,0,24,0,24,0,6,65,0,71,65,0,65,136
09/20/2009,GGG,TX,ASW,CE,Combined TRACON& Tower with Radar,0,4,25,0,29,0,0,42,0,42,0,4,67,0,71,80,0,80,151
09/21/2009,GGG,TX,ASW,CE,Combined TRACON& Tower with Radar,0,9,42,1,52,0,2,67,0,69,0,11,109,1,121,204,8,212,333
09/22/2009,GGG,TX,ASW,CE,Combined TRACON& Tower with Radar,0,3,44,1,48,0,0,8,0,8,0,3,52,1,56,56,0,56,112
09/23/2009,GGG,TX,ASW,CE,Combined TRACON& Tower with Radar,0,4,41,9,54,0,0,76,0,76,0,4,117,9,130,186,4,190,320
09/24/2009,GGG,TX,ASW,CE,Combined TRACON& Tower with Radar,0,4,53,0,57,0,0,68,0,68,0,4,121,0,125,246,0,246,371
09/25/2009,GGG,TX,ASW,CE,Combined TRACON& Tower with Radar,0,4,35,0,39,0,0,74,1,75,0,4,109,1,114,138,0,138,252
09/26/2009,GGG,TX,ASW,CE,Combined TRACON& Tower with Radar,0,4,25,0,29,0,0,77,0,77,0,4,102,0,106,210,0,210,316
09/27/2009,GGG,TX,ASW,CE,Combined TRACON& Tower with Radar,0,6,11,0,17,0,0,14,0,14,0,6,25,0,31,8,0,8,39
09/28/2009,GGG,TX,ASW,CE,Combined TRACON& Tower with Radar,0,5,44,2,51,0,0,65,1,66,0,5,109,3,117,240,2,242,359
09/29/2009,GGG,TX,ASW,CE,Combined TRACON& Tower with Radar,0,9,27,0,36,0,2,71,0,73,0,11,98,0,109,194,0,194,303
09/30/2009,GGG,TX,ASW,CE,Combined TRACON& Tower with Radar,0,4,47,2,53,0,0,78,0,78,0,4,125,2,131,320,2,322,453
10/01/2009,GGG,TX,ASW,CE,Combined TRACON& Tower with Radar,0,4,56,0,60,0,0,25,0,25,0,4,81,0,85,170,0,170,255
10/02/2009,GGG,TX,ASW,CE,Combined TRACON& Tower with Radar,0,6,27,1,34,0,0,68,0,68,0,6,95,1,102,214,0,214,316
10/03/2009,GGG,TX,ASW,CE,Combined TRACON& Tower with Radar,2,4,27,4,37,0,0,66,0,66,2,4,93,4,103,226,0,226,329
10/04/2009,GGG,TX,ASW,CE,Combined TRACON& Tower with Radar,0,3,12,0,15,0,0,0,0,0,0,3,12,0,15,0,0,0,15
10/05/2009,GGG,TX,ASW,CE,Combined TRACON& Tower with Radar,0,6,39,0,45,0,0,1,0,1,0,6,40,0,46,94,0,94,140
10/06/2009,GGG,TX,ASW,CE,Combined TRACON& Tower with Radar,0,7,31,0,38,0,0,37,0,37,0,7,68,0,75,36,0,36,111
10/07/2009,GGG,TX,ASW,CE,Combined TRACON& Tower with Radar,0,8,60,2,70,0,0,6,0,6,0,8,66,2,76,154,0,154,230
10/08/2009,GGG,TX,ASW,CE,Combined TRACON& Tower with Radar,0,7,35,0,42,0,0,22,0,22,0,7,57,0,64,166,0,166,230
10/09/2009,GGG,TX,ASW,CE,Combined TRACON& Tower with Radar,0,6,31,0,37,0,0,0,0,0,0,6,31,0,37,0,0,0,37
10/10/2009,GGG,TX,ASW,CE,Combined TRACON& Tower with Radar,0,6,49,0,55,0,0,0,0,0,0,6,49,0,55,2,0,2,57
10/11/2009,GGG,TX,ASW,CE,Combined TRACON& Tower with Radar,0,11,21,0,32,0,0,1,0,1,0,11,22,0,33,0,0,0,33
10/12/2009,GGG,TX,ASW,CE,Combined TRACON& Tower with Radar,0,5,17,0,22,0,0,0,0,0,0,5,17,0,22,0,0,0,22
10/13/2009,GGG,TX,ASW,CE,Combined TRACON& Tower with Radar,0,0,21,0,21,0,0,0,0,0,0,0,21,0,21,0,0,0,21
10/14/2009,GGG,TX,ASW,CE,Combined TRACON& Tower with Radar,0,5,22,0,27,0,0,0,0,0,0,5,22,0,27,0,0,0,27
10/15/2009,GGG,TX,ASW,CE,Combined TRACON& Tower with Radar,0,5,46,2,53,0,0,4,0,4,0,5,50,2,57,150,0,150,207
10/16/2009,GGG,TX,ASW,CE,Combined TRACON& Tower with Radar,0,7,54,3,64,0,0,50,0,50,0,7,104,3,114,328,0,328,442
10/17/2009,GGG,TX,ASW,CE,Combined TRACON& Tower with Radar,0,5,22,0,27,0,0,62,0,62,0,5,84,0,89,170,0,170,259
10/18/2009,GGG,TX,ASW,CE,Combined TRACON& Tower with Radar,0,7,9,0,16,0,0,21,0,21,0,7,30,0,37,30,0,30,67
10/19/2009,GGG,TX,ASW,CE,Combined TRACON& Tower with Radar,0,10,41,6,57,0,0,88,1,89,0,10,129,7,146,214,2,216,362
10/20/2009,GGG,TX,ASW,CE,Combined TRACON& Tower with Radar,0,3,31,0,34,0,0,79,0,79,0,3,110,0,113,98,0,98,211
10/21/2009,GGG,TX,ASW,CE,Combined TRACON& Tower with Radar,0,4,49,0,53,0,0,21,0,21,0,4,70,0,74,86,0,86,160
10/22/2009,GGG,TX,ASW,CE,Combined TRACON& Tower with Radar,0,6,26,0,32,0,0,1,0,1,0,6,27,0,33,0,0,0,33
10/23/2009,GGG,TX,ASW,CE,Combined TRACON& Tower with Radar,4,4,34,4,46,3,0,63,0,66,7,4,97,4,112,162,2,164,276
10/24/2009,GGG,TX,ASW,CE,Combined TRACON& Tower with Radar,0,9,29,0,38,0,2,85,0,87,0,11,114,0,125,252,0,252,377
10/25/2009,GGG,TX,ASW,CE,Combined TRACON& Tower with Radar,0,5,27,0,32,0,0,31,0,31,0,5,58,0,63,74,0,74,137
10/26/2009,GGG,TX,ASW,CE,Combined TRACON& Tower with Radar,0,3,28,0,31,0,0,0,0,0,0,3,28,0,31,0,0,0,31
10/27/2009,GGG,TX,ASW,CE,Combined TRACON& Tower with Radar,0,6,33,0,39,0,0,28,0,28,0,6,61,0,67,100,0,100,167
10/28/2009,GGG,TX,ASW,CE,Combined TRACON& Tower with Radar,0,10,69,3,82,0,0,75,1,76,0,10,144,4,158,104,0,104,262
10/29/2009,GGG,TX,ASW,CE,Combined TRACON& Tower with Radar,0,4,22,0,26,0,0,2,0,2,0,4,24,0,28,14,0,14,42
10/30/2009,GGG,TX,ASW,CE,Combined TRACON& Tower with Radar,0,8,43,1,52,0,0,73,3,76,0,8,116,4,128,228,0,228,356
10/31/2009,GGG,TX,ASW,CE,Combined TRACON& Tower with Radar,0,4,17,0,21,0,0,79,0,79,0,4,96,0,100,296,0,296,396
11/01/2009,GGG,TX,ASW,CE,Combined TRACON& Tower with Radar,0,5,17,0,22,0,0,40,0,40,0,5,57,0,62,30,0,30,92
11/02/2009,GGG,TX,ASW,CE,Combined TRACON& Tower with Radar,0,4,36,6,46,0,0,81,0,81,0,4,117,6,127,326,0,326,453
11/03/2009,GGG,TX,ASW,CE,Combined TRACON& Tower with Radar,0,12,21,0,33,0,0,88,0,88,0,12,109,0,121,352,0,352,473
11/04/2009,GGG,TX,ASW,CE,Combined TRACON& Tower with Radar,0,4,29,7,40,0,0,69,0,69,0,4,98,7,109,176,6,182,291
11/05/2009,GGG,TX,ASW,CE,Combined TRACON& Tower with Radar,0,6,41,1,48,0,0,38,1,39,0,6,79,2,87,144,14,158,245
11/06/2009,GGG,TX,ASW,CE,Combined TRACON& Tower with Radar,0,11,26,0,37,0,1,60,0,61,0,12,86,0,98,264,0,264,362
11/07/2009,GGG,TX,ASW,CE,Combined TRACON& Tower with Radar,0,8,16,0,24,0,0,66,2,68,0,8,82,2,92,164,0,164,256
11/08/2009,GGG,TX,ASW,CE,Combined TRACON& Tower with Radar,0,6,29,0,35,0,0,20,0,20,0,6,49,0,55,138,0,138,193
11/09/2009,GGG,TX,ASW,CE,Combined TRACON& Tower with Radar,0,4,22,0,26,0,0,65,0,65,0,4,87,0,91,246,0,246,337
11/10/2009,GGG,TX,ASW,CE,Combined TRACON& Tower with Radar,0,8,39,0,47,0,0,86,0,86,0,8,125,0,133,360,0,360,493
11/11/2009,GGG,TX,ASW,CE,Combined TRACON& Tower with Radar,0,9,52,5,66,0,0,86,0,86,0,9,138,5,152,334,10,344,496
11/12/2009,GGG,TX,ASW,CE,Combined TRACON& Tower with Radar,0,17,31,0,48,0,1,70,0,71,0,18,101,0,119,254,0,254,373
11/13/2009,GGG,TX,ASW,CE,Combined TRACON& Tower with Radar,0,13,21,0,34,0,0,89,1,90,0,13,110,1,124,358,0,358,482
11/14/2009,GGG,TX,ASW,CE,Combined TRACON& Tower with Radar,0,6,19,0,25,0,0,69,0,69,0,6,88,0,94,304,0,304,398
11/15/2009,GGG,TX,ASW,CE,Combined TRACON& Tower with Radar,0,7,11,0,18,0,0,16,0,16,0,7,27,0,34,0,0,0,34
11/16/2009,GGG,TX,ASW,CE,Combined TRACON& Tower with Radar,0,7,40,1,48,0,0,12,0,12,0,7,52,1,60,122,0,122,182
11/17/2009,GGG,TX,ASW,CE,Combined TRACON& Tower with Radar,0,5,25,2,32,0,0,62,0,62,0,5,87,2,94,276,0,276,370
11/18/2009,GGG,TX,ASW,CE,Combined TRACON& Tower with Radar,0,9,26,8,43,0,0,86,1,87,0,9,112,9,130,274,0,274,404
11/19/2009,GGG,TX,ASW,CE,Combined TRACON& Tower with Radar,0,6,32,0,38,0,0,56,0,56,0,6,88,0,94,332,0,332,426
11/20/2009,GGG,TX,ASW,CE,Combined TRACON& Tower with Radar,0,9,29,1,39,0,0,44,0,44,0,9,73,1,83,410,0,410,493
11/21/2009,GGG,TX,ASW,CE,Combined TRACON& Tower with Radar,0,9,26,0,35,0,0,39,0,39,0,9,65,0,74,248,0,248,322
11/22/2009,GGG,TX,ASW,CE,Combined TRACON& Tower with Radar,0,6,18,0,24,0,0,32,0,32,0,6,50,0,56,12,0,12,68
11/23/2009,GGG,TX,ASW,CE,Combined TRACON& Tower with Radar,0,7,41,0,48,0,0,45,0,45,0,7,86,0,93,242,0,242,335
11/24/2009,GGG,TX,ASW,CE,Combined TRACON& Tower with Radar,0,13,34,6,53,0,4,59,0,63,0,17,93,6,116,150,0,150,266
11/25/2009,GGG,TX,ASW,CE,Combined TRACON& Tower with Radar,0,10,30,0,40,0,0,61,0,61,0,10,91,0,101,262,4,266,367
11/26/2009,GGG,TX,ASW,CE,Combined TRACON& Tower with Radar,0,4,4,0,8,0,0,17,0,17,0,4,21,0,25,0,0,0,25
11/27/2009,GGG,TX,ASW,CE,Combined TRACON& Tower with Radar,0,4,13,0,17,0,0,48,0,48,0,4,61,0,65,94,0,94,159
11/28/2009,GGG,TX,ASW,CE,Combined TRACON& Tower with Radar,0,7,19,5,31,0,0,41,0,41,0,7,60,5,72,188,0,188,260
11/29/2009,GGG,TX,ASW,CE,Combined TRACON& Tower with Radar,0,6,23,0,29,0,0,0,0,0,0,6,23,0,29,0,0,0,29
11/30/2009,GGG,TX,ASW,CE,Combined TRACON& Tower with Radar,0,11,26,2,39,0,3,42,0,45,0,14,68,2,84,258,0,258,342
12/01/2009,GGG,TX,ASW,CE,Combined TRACON& Tower with Radar,0,4,25,0,29,0,0,50,0,50,0,4,75,0,79,252,0,252,331
12/02/2009,GGG,TX,ASW,CE,Combined TRACON& Tower with Radar,5,5,26,7,43,0,0,0,0,0,5,5,26,7,43,48,0,48,91
12/03/2009,GGG,TX,ASW,CE,Combined TRACON& Tower with Radar,0,5,41,1,47,0,0,48,0,48,0,5,89,1,95,276,0,276,371
12/04/2009,GGG,TX,ASW,CE,Combined TRACON& Tower with Radar,0,7,22,0,29,0,0,32,0,32,0,7,54,0,61,250,0,250,311
12/05/2009,GGG,TX,ASW,CE,Combined TRACON& Tower with Radar,0,8,23,7,38,0,0,51,1,52,0,8,74,8,90,220,10,230,320
12/06/2009,GGG,TX,ASW,CE,Combined TRACON& Tower with Radar,0,5,24,0,29,0,0,2,0,2,0,5,26,0,31,22,0,22,53
12/07/2009,GGG,TX,ASW,CE,Combined TRACON& Tower with Radar,0,4,30,6,40,0,0,0,0,0,0,4,30,6,40,6,4,10,50
12/08/2009,GGG,TX,ASW,CE,Combined TRACON& Tower with Radar,0,5,28,0,33,0,0,0,0,0,0,5,28,0,33,0,0,0,33
12/09/2009,GGG,TX,ASW,CE,Combined TRACON& Tower with Radar,0,9,38,6,53,0,0,69,0,69,0,9,107,6,122,376,4,380,502
12/10/2009,GGG,TX,ASW,CE,Combined TRACON& Tower with Radar,0,4,64,3,71,0,0,77,0,77,0,4,141,3,148,412,0,412,560
12/11/2009,GGG,TX,ASW,CE,Combined TRACON& Tower with Radar,0,6,44,0,50,0,0,67,0,67,0,6,111,0,117,334,0,334,451
12/12/2009,GGG,TX,ASW,CE,Combined TRACON& Tower with Radar,0,11,12,0,23,0,0,0,0,0,0,11,12,0,23,0,0,0,23
12/13/2009,GGG,TX,ASW,CE,Combined TRACON& Tower with Radar,0,6,29,0,35,0,0,6,0,6,0,6,35,0,41,4,0,4,45
12/14/2009,GGG,TX,ASW,CE,Combined TRACON& Tower with Radar,0,4,74,9,87,0,0,49,1,50,0,4,123,10,137,302,14,316,453
12/15/2009,GGG,TX,ASW,CE,Combined TRACON& Tower with Radar,0,8,48,3,59,0,0,71,0,71,0,8,119,3,130,338,0,338,468
12/16/2009,GGG,TX,ASW,CE,Combined TRACON& Tower with Radar,0,5,44,6,55,0,2,65,2,69,0,7,109,8,124,158,8,166,290
12/17/2009,GGG,TX,ASW,CE,Combined TRACON& Tower with Radar,0,6,43,3,52,0,0,67,0,67,0,6,110,3,119,206,0,206,325
12/18/2009,GGG,TX,ASW,CE,Combined TRACON& Tower with Radar,0,4,36,9,49,0,0,51,0,51,0,4,87,9,100,206,4,210,310
12/19/2009,GGG,TX,ASW,CE,Combined TRACON& Tower with Radar,0,4,19,1,24,0,0,20,1,21,0,4,39,2,45,64,2,66,111
12/20/2009,GGG,TX,ASW,CE,Combined TRACON& Tower with Radar,0,5,16,3,24,0,0,18,1,19,0,5,34,4,43,40,14,54,97
12/21/2009,GGG,TX,ASW,CE,Combined TRACON& Tower with Radar,0,7,25,10,42,0,0,26,2,28,0,7,51,12,70,2,34,36,106
12/22/2009,GGG,TX,ASW,CE,Combined TRACON& Tower with Radar,0,6,32,9,47,0,0,9,0,9,0,6,41,9,56,2,4,6,62
12/23/2009,GGG,TX,ASW,CE,Combined TRACON& Tower with Radar,0,4,12,0,16,0,0,0,0,0,0,4,12,0,16,0,0,0,16
12/24/2009,GGG,TX,ASW,CE,Combined TRACON& Tower with Radar,0,6,16,0,22,0,0,0,0,0,0,6,16,0,22,0,0,0,22
12/25/2009,GGG,TX,ASW,CE,Combined TRACON& Tower with Radar,0,4,1,0,5,0,0,3,0,3,0,4,4,0,8,0,0,0,8
12/26/2009,GGG,TX,ASW,CE,Combined TRACON& Tower with Radar,0,4,14,0,18,0,0,10,0,10,0,4,24,0,28,12,0,12,40
12/27/2009,GGG,TX,ASW,CE,Combined TRACON& Tower with Radar,0,5,22,0,27,0,0,19,0,19,0,5,41,0,46,8,0,8,54
12/28/2009,GGG,TX,ASW,CE,Combined TRACON& Tower with Radar,0,4,26,2,32,0,0,39,0,39,0,4,65,2,71,68,0,68,139
12/29/2009,GGG,TX,ASW,CE,Combined TRACON& Tower with Radar,0,2,12,0,14,0,0,13,0,13,0,2,25,0,27,28,0,28,55
12/30/2009,GGG,TX,ASW,CE,Combined TRACON& Tower with Radar,0,5,31,0,36,0,0,0,0,0,0,5,31,0,36,0,0,0,36
12/31/2009,GGG,TX,ASW,CE,Combined TRACON& Tower with Radar,0,7,13,0,20,0,0,0,0,0,0,7,13,0,20,0,0,0,20
01/01/2010,GGG,TX,ASW,CE,Combined TRACON& Tower with Radar,0,5,6,0,11,0,0,18,0,18,0,5,24,0,29,21,0,21,50
01/02/2010,GGG,TX,ASW,CE,Combined TRACON& Tower with Radar,0,5,25,0,30,0,0,36,0,36,0,5,61,0,66,98,0,98,164
01/03/2010,GGG,TX,ASW,CE,Combined TRACON& Tower with Radar,0,7,22,0,29,0,0,12,0,12,0,7,34,0,41,0,0,0,41
01/04/2010,GGG,TX,ASW,CE,Combined TRACON& Tower with Radar,0,7,26,0,33,0,0,16,0,16,0,7,42,0,49,50,0,50,99
01/05/2010,GGG,TX,ASW,CE,Combined TRACON& Tower with Radar,0,4,48,7,59,0,0,61,3,64,0,4,109,10,123,114,72,186,309
01/06/2010,GGG,TX,ASW,CE,Combined TRACON& Tower with Radar,0,4,35,15,54,0,0,42,0,42,0,4,77,15,96,166,18,184,280
01/07/2010,GGG,TX,ASW,CE,Combined TRACON& Tower with Radar,0,5,10,7,22,0,0,10,2,12,0,5,20,9,34,36,20,56,90
01/08/2010,GGG,TX,ASW,CE,Combined TRACON& Tower with Radar,0,4,26,3,33,0,4,49,0,53,0,8,75,3,86,106,0,106,192
01/09/2010,GGG,TX,ASW,CE,Combined TRACON& Tower with Radar,0,6,18,0,24,0,0,42,0,42,0,6,60,0,66,111,0,111,177
01/10/2010,GGG,TX,ASW,CE,Combined TRACON& Tower with Radar,0,6,17,1,24,0,0,33,1,34,0,6,50,2,58,46,4,50,108
01/11/2010,GGG,TX,ASW,CE,Combined TRACON& Tower with Radar,0,5,25,6,36,0,0,47,0,47,0,5,72,6,83,116,12,128,211
01/12/2010,GGG,TX,ASW,CE,Combined TRACON& Tower with Radar,0,6,38,0,44,0,0,59,0,59,0,6,97,0,103,188,0,188,291
01/13/2010,GGG,TX,ASW,CE,Combined TRACON& Tower with Radar,0,8,38,2,48,0,0,77,0,77,0,8,115,2,125,184,0,184,309
01/14/2010,GGG,TX,ASW,CE,Combined TRACON& Tower with Radar,0,4,51,9,64,0,0,53,0,53,0,4,104,9,117,126,20,146,263
01/15/2010,GGG,TX,ASW,CE,Combined TRACON& Tower with Radar,0,5,29,4,38,0,1,51,0,52,0,6,80,4,90,190,16,206,296
01/16/2010,GGG,TX,ASW,CE,Combined TRACON& Tower with Radar,0,4,25,1,30,0,0,0,0,0,0,4,25,1,30,0,0,0,30
01/17/2010,GGG,TX,ASW,CE,Combined TRACON& Tower with Radar,5,13,14,0,32,0,0,47,0,47,5,13,61,0,79,10,0,10,89
01/18/2010,GGG,TX,ASW,CE,Combined TRACON& Tower with Radar,0,4,60,2,66,0,0,52,0,52,0,4,112,2,118,242,0,242,360
01/19/2010,GGG,TX,ASW,CE,Combined TRACON& Tower with Radar,0,4,40,0,44,0,0,9,2,11,0,4,49,2,55,14,0,14,69
01/20/2010,GGG,TX,ASW,CE,Combined TRACON& Tower with Radar,0,5,49,0,54,0,0,8,0,8,0,5,57,0,62,146,0,146,208
01/21/2010,GGG,TX,ASW,CE,Combined TRACON& Tower with Radar,0,4,36,0,40,0,0,133,0,133,0,4,169,0,173,176,0,176,349
01/22/2010,GGG,TX,ASW,CE,Combined TRACON& Tower with Radar,0,2,31,7,40,0,0,75,1,76,0,2,106,8,116,86,34,120,236
01/23/2010,GGG,TX,ASW,CE,Combined TRACON& Tower with Radar,0,4,56,17,77,0,0,3,0,3,0,4,59,17,80,40,10,50,130
01/24/2010,GGG,TX,ASW,CE,Combined TRACON& Tower with Radar,0,9,23,16,48,0,0,26,0,26,0,9,49,16,74,2,0,2,76
01/25/2010,GGG,TX,ASW,CE,Combined TRACON& Tower with Radar,0,4,25,1,30,0,0,60,0,60,0,4,85,1,90,160,0,160,250
01/26/2010,GGG,TX,ASW,CE,Combined TRACON& Tower with Radar,0,4,28,8,40,0,1,94,1,96,0,5,122,9,136,162,26,188,324
01/27/2010,GGG,TX,ASW,CE,Combined TRACON& Tower with Radar,0,5,50,3,58,0,0,53,0,53,0,5,103,3,111,200,0,200,311
01/28/2010,GGG,TX,ASW,CE,Combined TRACON& Tower with Radar,2,16,44,7,69,0,0,61,0,61,2,16,105,7,130,148,0,148,278
01/29/2010,GGG,TX,ASW,CE,Combined TRACON& Tower with Radar,0,4,27,0,31,0,0,0,0,0,0,4,27,0,31,0,0,0,31
01/30/2010,GGG,TX,ASW,CE,Combined TRACON& Tower with Radar,0,4,10,0,14,0,0,8,0,8,0,4,18,0,22,84,0,84,106
01/31/2010,GGG,TX,ASW,CE,Combined TRACON& Tower with Radar,0,4,21,31,56,0,1,48,0,49,0,5,69,31,105,98,44,142,247
02/01/2010,GGG,TX,ASW,CE,Combined TRACON& Tower with Radar,0,4,34,6,44,0,0,49,0,49,0,4,83,6,93,166,2,168,261
02/02/2010,GGG,TX,ASW,CE,Combined TRACON& Tower with Radar,0,7,34,0,41,0,0,72,0,72,0,7,106,0,113,194,0,194,307
02/03/2010,GGG,TX,ASW,CE,Combined TRACON& Tower with Radar,0,6,37,1,44,0,0,40,0,40,0,6,77,1,84,168,0,168,252
02/04/2010,GGG,TX,ASW,CE,Combined TRACON& Tower with Radar,0,11,24,2,37,0,0,0,0,0,0,11,24,2,37,0,0,0,37
02/05/2010,GGG,TX,ASW,CE,Combined TRACON& Tower with Radar,0,5,43,32,80,0,0,26,3,29,0,5,69,35,109,56,18,74,183
02/06/2010,GGG,TX,ASW,CE,Combined TRACON& Tower with Radar,0,6,24,10,40,0,0,56,0,56,0,6,80,10,96,110,0,110,206
02/07/2010,GGG,TX,ASW,CE,Combined TRACON& Tower with Radar,0,4,11,13,28,0,0,20,1,21,0,4,31,14,49,36,16,52,101
02/08/2010,GGG,TX,ASW,CE,Combined TRACON& Tower with Radar,0,8,23,1,32,0,0,2,0,2,0,8,25,1,34,0,0,0,34
02/09/2010,GGG,TX,ASW,CE,Combined TRACON& Tower with Radar,0,3,32,6,41,0,0,82,0,82,0,3,114,6,123,128,10,138,261
02/10/2010,GGG,TX,ASW,CE,Combined TRACON& Tower with Radar,0,5,34,16,55,0,0,74,0,74,0,5,108,16,129,228,28,256,385
02/11/2010,GGG,TX,ASW,CE,Combined TRACON& Tower with Radar,0,0,15,1,16,0,0,0,0,0,0,0,15,1,16,0,0,0,16
02/12/2010,GGG,TX,ASW,CE,Combined TRACON& Tower with Radar,0,1,20,0,21,0,0,2,0,2,0,1,22,0,23,0,0,0,23
02/13/2010,GGG,TX,ASW,CE,Combined TRACON& Tower with Radar,0,1,23,0,24,0,0,15,2,17,0,1,38,2,41,62,0,62,103
02/14/2010,GGG,TX,ASW,CE,Combined TRACON& Tower with Radar,0,5,7,0,12,0,0,2,0,2,0,5,9,0,14,0,0,0,14
02/15/2010,GGG,TX,ASW,CE,Combined TRACON& Tower with Radar,0,5,21,0,26,0,0,82,0,82,0,5,103,0,108,62,0,62,170
02/16/2010,GGG,TX,ASW,CE,Combined TRACON& Tower with Radar,0,6,34,14,54,0,0,88,1,89,0,6,122,15,143,190,20,210,353
02/17/2010,GGG,TX,ASW,CE,Combined TRACON& Tower with Radar,0,4,26,5,35,0,1,93,2,96,0,5,119,7,131,214,18,232,363
02/18/2010,GGG,TX,ASW,CE,Combined TRACON& Tower with Radar,2,4,31,9,46,0,0,104,0,104,2,4,135,9,150,114,32,146,296
02/19/2010,GGG,TX,ASW,CE,Combined TRACON& Tower with Radar,0,7,26,10,43,0,0,81,0,81,0,7,107,10,124,162,12,174,298
02/20/2010,GGG,TX,ASW,CE,Combined TRACON& Tower with Radar,0,9,27,5,41,0,1,80,0,81,0,10,107,5,122,152,8,160,282
02/21/2010,GGG,TX,ASW,CE,Combined TRACON& Tower with Radar,0,5,19,0,24,0,0,2,0,2,0,5,21,0,26,8,0,8,34
02/22/2010,GGG,TX,ASW,CE,Combined TRACON& Tower with Radar,2,4,39,11,56,0,0,9,1,10,2,4,48,12,66,56,40,96,162
02/23/2010,GGG,TX,ASW,CE,Combined TRACON& Tower with Radar,0,2,19,1,22,0,0,5,0,5,0,2,24,1,27,112,0,112,139
02/24/2010,GGG,TX,ASW,CE,Combined TRACON& Tower with Radar,0,5,53,11,69,0,1,106,2,109,0,6,159,13,178,198,14,212,390
02/25/2010,GGG,TX,ASW,CE,Combined TRACON& Tower with Radar,0,4,50,0,54,0,0,104,0,104,0,4,154,0,158,86,0,86,244
02/26/2010,GGG,TX,ASW,CE,Combined TRACON& Tower with Radar,0,6,26,0,32,0,0,0,0,0,0,6,26,0,32,0,0,0,32
02/27/2010,GGG,TX,ASW,CE,Combined TRACON& Tower with Radar,0,3,38,0,41,0,0,78,1,79,0,3,116,1,120,216,0,216,336
02/28/2010,GGG,TX,ASW,CE,Combined TRACON& Tower with Radar,0,5,22,0,27,0,0,40,0,40,0,5,62,0,67,30,0,30,97
03/01/2010,GGG,TX,ASW,CE,Combined TRACON& Tower with Radar,0,3,17,2,22,0,0,0,0,0,0,3,17,2,22,0,0,0,22
03/02/2010,GGG,TX,ASW,CE,Combined TRACON& Tower with Radar,0,8,49,0,57,0,0,74,0,74,0,8,123,0,131,168,0,168,299
03/03/2010,GGG,TX,ASW,CE,Combined TRACON& Tower with Radar,0,4,34,13,51,0,0,112,0,112,0,4,146,13,163,240,30,270,433
03/04/2010,GGG,TX,ASW,CE,Combined TRACON& Tower with Radar,0,4,33,28,65,0,0,108,0,108,0,4,141,28,173,242,22,264,437
03/05/2010,GGG,TX,ASW,CE,Combined TRACON& Tower with Radar,0,4,38,0,42,0,0,92,0,92,0,4,130,0,134,210,0,210,344
03/06/2010,GGG,TX,ASW,CE,Combined TRACON& Tower with Radar,0,6,26,0,32,0,0,70,0,70,0,6,96,0,102,246,0,246,348
03/07/2010,GGG,TX,ASW,CE,Combined TRACON& Tower with Radar,0,6,16,0,22,0,0,19,0,19,0,6,35,0,41,10,0,10,51
03/08/2010,GGG,TX,ASW,CE,Combined TRACON& Tower with Radar,0,9,34,0,43,0,0,4,0,4,0,9,38,0,47,84,0,84,131
03/09/2010,GGG,TX,ASW,CE,Combined TRACON& Tower with Radar,0,6,41,14,61,0,0,46,2,48,0,6,87,16,109,120,16,136,245
03/10/2010,GGG,TX,ASW,CE,Combined TRACON& Tower with Radar,0,8,37,9,54,0,0,20,0,20,0,8,57,9,74,194,10,204,278
03/11/2010,GGG,TX,ASW,CE,Combined TRACON& Tower with Radar,1,21,54,100,176,0,2,93,0,95,1,23,147,100,271,206,88,294,565
03/12/2010,GGG,TX,ASW,CE,Combined TRACON& Tower with Radar,0,8,48,10,66,0,0,85,0,85,0,8,133,10,151,186,20,206,357
03/13/2010,GGG,TX,ASW,CE,Combined TRACON& Tower with Radar,0,3,24,2,29,0,0,52,0,52,0,3,76,2,81,78,0,78,159
03/14/2010,GGG,TX,ASW,CE,Combined TRACON& Tower with Radar,2,6,21,7,36,0,0,24,0,24,2,6,45,7,60,32,2,34,94
03/15/2010,GGG,TX,ASW,CE,Combined TRACON& Tower with Radar,0,4,24,5,33,0,0,71,0,71,0,4,95,5,104,202,20,222,326
03/16/2010,GGG,TX,ASW,CE,Combined TRACON& Tower with Radar,0,6,40,0,46,0,0,59,1,60,0,6,99,1,106,334,0,334,440
03/17/2010,GGG,TX,ASW,CE,Combined TRACON& Tower with Radar,0,4,43,2,49,0,0,81,4,85,0,4,124,6,134,380,30,410,544
03/18/2010,GGG,TX,ASW,CE,Combined TRACON& Tower with Radar,0,4,25,0,29,0,0,77,0,77,0,4,102,0,106,248,0,248,354
03/19/2010,GGG,TX,ASW,CE,Combined TRACON& Tower with Radar,0,4,35,8,47,0,0,57,0,57,0,4,92,8,104,310,10,320,424
03/20/2010,GGG,TX,ASW,CE,Combined TRACON& Tower with Radar,0,6,12,0,18,0,0,0,0,0,0,6,12,0,18,2,0,2,20
03/21/2010,GGG,TX,ASW,CE,Combined TRACON& Tower with Radar,0,4,15,0,19,0,0,1,0,1,0,4,16,0,20,0,0,0,20
03/22/2010,GGG,TX,ASW,CE,Combined TRACON& Tower with Radar,0,3,56,2,61,0,0,61,0,61,0,3,117,2,122,170,0,170,292
03/23/2010,GGG,TX,ASW,CE,Combined TRACON& Tower with Radar,0,7,59,3,69,0,0,75,0,75,0,7,134,3,144,374,0,374,518
03/24/2010,GGG,TX,ASW,CE,Combined TRACON& Tower with Radar,0,9,40,32,81,0,0,33,0,33,0,9,73,32,114,210,16,226,340
03/25/2010,GGG,TX,ASW,CE,Combined TRACON& Tower with Radar,0,3,41,3,47,0,0,25,0,25,0,3,66,3,72,92,0,92,164
03/26/2010,GGG,TX,ASW,CE,Combined TRACON& Tower with Radar,0,20,51,0,71,0,1,98,0,99,0,21,149,0,170,414,12,426,596
03/27/2010,GGG,TX,ASW,CE,Combined TRACON& Tower with Radar,0,4,18,0,22,0,0,24,0,24,0,4,42,0,46,40,0,40,86
03/28/2010,GGG,TX,ASW,CE,Combined TRACON& Tower with Radar,0,6,21,3,30,0,0,21,0,21,0,6,42,3,51,20,2,22,73
03/29/2010,GGG,TX,ASW,CE,Combined TRACON& Tower with Radar,0,6,68,1,75,0,0,95,1,96,0,6,163,2,171,352,2,354,525
03/30/2010,GGG,TX,ASW,CE,Combined TRACON& Tower with Radar,0,9,31,8,48,0,1,87,0,88,0,10,118,8,136,486,4,490,626
03/31/2010,GGG,TX,ASW,CE,Combined TRACON& Tower with Radar,0,7,60,14,81,0,0,55,0,55,0,7,115,14,136,127,16,143,279
04/01/2010,GGG,TX,ASW,CE,Combined TRACON& Tower with Radar,0,6,53,2,61,0,0,50,0,50,0,6,103,2,111,442,0,442,553
04/02/2010,GGG,TX,ASW,CE,Combined TRACON& Tower with Radar,0,4,13,0,17,0,0,5,0,5,0,4,18,0,22,0,0,0,22
04/03/2010,GGG,TX,ASW,CE,Combined TRACON& Tower with Radar,0,4,17,0,21,0,0,68,0,68,0,4,85,0,89,242,0,242,331
04/04/2010,GGG,TX,ASW,CE,Combined TRACON& Tower with Radar,0,6,7,0,13,0,0,5,0,5,0,6,12,0,18,38,0,38,56
04/05/2010,GGG,TX,ASW,CE,Combined TRACON& Tower with Radar,2,4,67,11,84,0,1,58,0,59,2,5,125,11,143,318,40,358,501
04/06/2010,GGG,TX,ASW,CE,Combined TRACON& Tower with Radar,0,4,36,3,43,0,0,30,1,31,0,4,66,4,74,246,0,246,320
04/07/2010,GGG,TX,ASW,CE,Combined TRACON& Tower with Radar,0,5,37,5,47,0,0,20,0,20,0,5,57,5,67,194,4,198,265
04/08/2010,GGG,TX,ASW,CE,Combined TRACON& Tower with Radar,2,4,45,4,55,0,0,88,3,91,2,4,133,7,146,298,0,298,444
04/09/2010,GGG,TX,ASW,CE,Combined TRACON& Tower with Radar,0,6,36,5,47,0,0,81,2,83,0,6,117,7,130,508,0,508,638
04/10/2010,GGG,TX,ASW,CE,Combined TRACON& Tower with Radar,2,9,26,0,37,0,0,83,0,83,2,9,109,0,120,206,0,206,326
04/11/2010,GGG,TX,ASW,CE,Combined TRACON& Tower with Radar,0,11,13,0,24,0,1,34,0,35,0,12,47,0,59,50,0,50,109
04/12/2010,GGG,TX,ASW,CE,Combined TRACON& Tower with Radar,2,4,61,6,73,0,0,69,2,71,2,4,130,8,144,416,54,470,614
04/13/2010,GGG,TX,ASW,CE,Combined TRACON& Tower with Radar,0,4,29,1,34,0,0,60,1,61,0,4,89,2,95,386,0,386,481
04/14/2010,GGG,TX,ASW,CE,Combined TRACON& Tower with Radar,0,4,65,35,104,0,0,100,0,100,0,4,165,35,204,340,24,364,568
04/15/2010,GGG,TX,ASW,CE,Combined TRACON& Tower with Radar,0,5,41,23,69,0,0,35,0,35,0,5,76,23,104,398,40,438,542
04/16/2010,GGG,TX,ASW,CE,Combined TRACON& Tower with Radar,0,4,46,44,94,0,0,32,1,33,0,4,78,45,127,344,74,418,545
04/17/2010,GGG,TX,ASW,CE,Combined TRACON& Tower with Radar,0,6,20,9,35,0,0,47,0,47,0,6,67,9,82,244,26,270,352
04/18/2010,GGG,TX,ASW,CE,Combined TRACON& Tower with Radar,0,4,33,1,38,0,0,3,0,3,0,4,36,1,41,44,0,44,85
04/19/2010,GGG,TX,ASW,CE,Combined TRACON& Tower with Radar,0,4,58,3,65,0,0,58,5,63,0,4,116,8,128,394,12,406,534
04/20/2010,GGG,TX,ASW,CE,Combined TRACON& Tower with Radar,0,5,54,23,82,0,0,63,3,66,0,5,117,26,148,452,24,476,624
04/21/2010,GGG,TX,ASW,CE,Combined TRACON& Tower with Radar,0,14,59,0,73,0,0,104,0,104,0,14,163,0,177,544,0,544,721
04/22/2010,GGG,TX,ASW,CE,Combined TRACON& Tower with Radar,0,4,53,66,123,0,0,31,0,31,0,4,84,66,154,360,36,396,550
04/23/2010,GGG,TX,ASW,CE,Combined TRACON& Tower with Radar,0,4,48,0,52,0,0,8,0,8,0,4,56,0,60,146,0,146,206
04/24/2010,GGG,TX,ASW,CE,Combined TRACON& Tower with Radar,0,4,16,15,35,0,0,29,0,29,0,4,45,15,64,98,2,100,164
04/25/2010,GGG,TX,ASW,CE,Combined TRACON& Tower with Radar,0,4,12,18,34,0,0,23,0,23,0,4,35,18,57,18,4,22,79
04/26/2010,GGG,TX,ASW,CE,Combined TRACON& Tower with Radar,0,5,39,29,73,0,0,70,0,70,0,5,109,29,143,392,36,428,571
04/27/2010,GGG,TX,ASW,CE,Combined TRACON& Tower with Radar,0,5,42,15,62,0,0,62,0,62,0,5,104,15,124,214,0,214,338
04/28/2010,GGG,TX,ASW,CE,Combined TRACON& Tower with Radar,0,4,39,2,45,0,1,82,0,83,0,5,121,2,128,384,8,392,520
04/29/2010,GGG,TX,ASW,CE,Combined TRACON& Tower with Radar,0,4,37,2,43,0,0,38,0,38,0,4,75,2,81,78,0,78,159
04/30/2010,GGG,TX,ASW,CE,Combined TRACON& Tower with Radar,0,3,30,3,36,0,0,5,0,5,0,3,35,3,41,16,0,16,57
05/01/2010,GGG,TX,ASW,CE,Combined TRACON& Tower with Radar,0,4,24,3,31,0,0,18,0,18,0,4,42,3,49,66,10,76,125
05/02/2010,GGG,TX,ASW,CE,Combined TRACON& Tower with Radar,0,3,24,3,30,0,0,22,0,22,0,3,46,3,52,22,0,22,74
05/03/2010,GGG,TX,ASW,CE,Combined TRACON& Tower with Radar,0,4,84,0,88,0,0,77,1,78,0,4,161,1,166,328,0,328,494
05/04/2010,GGG,TX,ASW,CE,Combined TRACON& Tower with Radar,0,3,74,37,114,0,0,97,0,97,0,3,171,37,211,442,58,500,711
05/05/2010,GGG,TX,ASW,CE,Combined TRACON& Tower with Radar,0,5,58,16,79,0,0,89,0,89,0,5,147,16,168,364,12,376,544
05/06/2010,GGG,TX,ASW,CE,Combined TRACON& Tower with Radar,0,5,33,16,54,0,2,70,0,72,0,7,103,16,126,172,18,190,316
05/07/2010,GGG,TX,ASW,CE,Combined TRACON& Tower with Radar,0,4,61,29,94,0,0,27,0,27,0,4,88,29,121,206,0,206,327
05/08/2010,GGG,TX,ASW,CE,Combined TRACON& Tower with Radar,0,6,19,17,42,0,0,46,2,48,0,6,65,19,90,114,18,132,222
05/09/2010,GGG,TX,ASW,CE,Combined TRACON& Tower with Radar,0,4,19,0,23,0,0,4,0,4,0,4,23,0,27,0,0,0,27
05/10/2010,GGG,TX,ASW,CE,Combined TRACON& Tower with Radar,0,4,52,0,56,0,0,47,0,47,0,4,99,0,103,344,0,344,447
05/11/2010,GGG,TX,ASW,CE,Combined TRACON& Tower with Radar,0,4,41,2,47,0,0,48,0,48,0,4,89,2,95,310,2,312,407
05/12/2010,GGG,TX,ASW,CE,Combined TRACON& Tower with Radar,0,4,41,0,45,0,0,36,0,36,0,4,77,0,81,150,0,150,231
05/13/2010,GGG,TX,ASW,CE,Combined TRACON& Tower with Radar,0,10,81,29,120,0,0,75,2,77,0,10,156,31,197,208,62,270,467
05/14/2010,GGG,TX,ASW,CE,Combined TRACON& Tower with Radar,7,4,35,0,46,0,0,19,0,19,7,4,54,0,65,154,0,154,219
05/15/2010,GGG,TX,ASW,CE,Combined TRACON& Tower with Radar,2,4,39,0,45,0,0,28,0,28,2,4,67,0,73,112,0,112,185
05/16/2010,GGG,TX,ASW,CE,Combined TRACON& Tower with Radar,0,4,22,3,29,0,0,16,0,16,0,4,38,3,45,42,18,60,105
05/17/2010,GGG,TX,ASW,CE,Combined TRACON& Tower with Radar,0,5,48,14,67,0,0,73,1,74,0,5,121,15,141,142,6,148,289
05/18/2010,GGG,TX,ASW,CE,Combined TRACON& Tower with Radar,1,9,47,0,57,0,0,53,0,53,1,9,100,0,110,218,0,218,328
05/19/2010,GGG,TX,ASW,CE,Combined TRACON& Tower with Radar,2,6,46,6,60,0,0,34,1,35,2,6,80,7,95,140,30,170,265
05/20/2010,GGG,TX,ASW,CE,Combined TRACON& Tower with Radar,0,4,38,0,42,0,0,17,0,17,0,4,55,0,59,68,0,68,127
05/21/2010,GGG,TX,ASW,CE,Combined TRACON& Tower with Radar,4,6,65,8,83,0,0,65,4,69,4,6,130,12,152,210,0,210,362
05/22/2010,GGG,TX,ASW,CE,Combined TRACON& Tower with Radar,0,3,27,6,36,0,0,33,3,36,0,3,60,9,72,128,4,132,204
05/23/2010,GGG,TX,ASW,CE,Combined TRACON& Tower with Radar,0,8,27,9,44,0,0,24,2,26,0,8,51,11,70,38,10,48,118
05/24/2010,GGG,TX,ASW,CE,Combined TRACON& Tower with Radar,0,11,29,9,49,0,0,24,0,24,0,11,53,9,73,42,0,42,115
05/25/2010,GGG,TX,ASW,CE,Combined TRACON& Tower with Radar,0,8,30,45,83,0,0,20,3,23,0,8,50,48,106,60,30,90,196
05/26/2010,GGG,TX,ASW,CE,Combined TRACON& Tower with Radar,0,4,43,0,47,0,0,55,0,55,0,4,98,0,102,228,0,228,330
05/27/2010,GGG,TX,ASW,CE,Combined TRACON& Tower with Radar,4,6,40,6,56,0,1,86,3,90,4,7,126,9,146,358,0,358,504
05/28/2010,GGG,TX,ASW,CE,Combined TRACON& Tower with Radar,0,4,35,2,41,0,2,94,4,100,0,6,129,6,141,172,2,174,315
05/29/2010,GGG,TX,ASW,CE,Combined TRACON& Tower with Radar,0,4,13,3,20,0,0,33,1,34,0,4,46,4,54,100,0,100,154
05/30/2010,GGG,TX,ASW,CE,Combined TRACON& Tower with Radar,0,4,9,0,13,0,1,12,2,15,0,5,21,2,28,0,8,8,36
05/31/2010,GGG,TX,ASW,CE,Combined TRACON& Tower with Radar,0,7,26,3,36,0,0,38,0,38,0,7,64,3,74,234,2,236,310
06/01/2010,GGG,TX,ASW,CE,Combined TRACON& Tower with Radar,0,9,26,9,44,0,1,66,0,67,0,10,92,9,111,252,8,260,371
06/02/2010,GGG,TX,ASW,CE,Combined TRACON& Tower with Radar,1,4,38,0,43,0,0,70,0,70,1,4,108,0,113,254,0,254,367
06/03/2010,GGG,TX,ASW,CE,Combined TRACON& Tower with Radar,0,4,46,7,57,0,0,28,0,28,0,4,74,7,85,92,8,100,185
06/04/2010,GGG,TX,ASW,CE,Combined TRACON& Tower with Radar,0,5,49,24,78,0,0,60,0,60,0,5,109,24,138,256,46,302,440
06/05/2010,GGG,TX,ASW,CE,Combined TRACON& Tower with Radar,0,5,28,5,38,0,0,47,1,48,0,5,75,6,86,76,32,108,194
06/06/2010,GGG,TX,ASW,CE,Combined TRACON& Tower with Radar,0,5,13,19,37,0,0,15,1,16,0,5,28,20,53,54,54,108,161
06/07/2010,GGG,TX,ASW,CE,Combined TRACON& Tower with Radar,0,4,44,3,51,0,0,46,0,46,0,4,90,3,97,170,0,170,267
06/08/2010,GGG,TX,ASW,CE,Combined TRACON& Tower with Radar,1,3,27,6,37,0,1,15,0,16,1,4,42,6,53,192,12,204,257
06/09/2010,GGG,TX,ASW,CE,Combined TRACON& Tower with Radar,0,1,36,0,37,0,0,0,0,0,0,1,36,0,37,76,0,76,113
06/10/2010,GGG,TX,ASW,CE,Combined TRACON& Tower with Radar,0,7,18,0,25,0,0,4,0,4,0,7,22,0,29,64,0,64,93
06/11/2010,GGG,TX,ASW,CE,Combined TRACON& Tower with Radar,0,4,66,18,88,0,1,70,1,72,0,5,136,19,160,256,30,286,446
06/12/2010,GGG,TX,ASW,CE,Combined TRACON& Tower with Radar,0,4,15,7,26,0,0,56,0,56,0,4,71,7,82,154,4,158,240
06/13/2010,GGG,TX,ASW,CE,Combined TRACON& Tower with Radar,0,5,17,3,25,0,0,12,0,12,0,5,29,3,37,56,14,70,107
06/14/2010,GGG,TX,ASW,CE,Combined TRACON& Tower with Radar,0,4,77,0,81,0,0,61,0,61,0,4,138,0,142,390,0,390,532
06/15/2010,GGG,TX,ASW,CE,Combined TRACON& Tower with Radar,0,3,40,3,46,0,0,100,0,100,0,3,140,3,146,338,76,414,560
06/16/2010,GGG,TX,ASW,CE,Combined TRACON& Tower with Radar,0,4,44,8,56,0,0,100,0,100,0,4,144,8,156,394,0,394,550
06/17/2010,GGG,TX,ASW,CE,Combined TRACON& Tower with Radar,0,4,57,20,81,0,0,99,1,100,0,4,156,21,181,288,10,298,479
06/18/2010,GGG,TX,ASW,CE,Combined TRACON& Tower with Radar,1,3,39,6,49,0,8,59,3,70,1,11,98,9,119,400,10,410,529
06/19/2010,GGG,TX,ASW,CE,Combined TRACON& Tower with Radar,0,4,12,0,16,0,1,42,0,43,0,5,54,0,59,167,0,167,226
06/20/2010,GGG,TX,ASW,CE,Combined TRACON& Tower with Radar,0,4,27,4,35,0,0,18,3,21,0,4,45,7,56,36,2,38,94
06/21/2010,GGG,TX,ASW,CE,Combined TRACON& Tower with Radar,0,7,28,8,43,0,0,55,0,55,0,7,83,8,98,334,10,344,442
06/22/2010,GGG,TX,ASW,CE,Combined TRACON& Tower with Radar,0,7,39,19,65,0,1,56,2,59,0,8,95,21,124,308,36,344,468
06/23/2010,GGG,TX,ASW,CE,Combined TRACON& Tower with Radar,0,3,34,2,39,0,0,38,0,38,0,3,72,2,77,160,2,162,239
06/24/2010,GGG,TX,ASW,CE,Combined TRACON& Tower with Radar,0,9,39,0,48,0,0,28,2,30,0,9,67,2,78,62,0,62,140
06/25/2010,GGG,TX,ASW,CE,Combined TRACON& Tower with Radar,0,4,42,17,63,0,1,69,0,70,0,5,111,17,133,134,18,152,285
06/26/2010,GGG,TX,ASW,CE,Combined TRACON& Tower with Radar,1,5,33,20,59,0,0,32,4,36,1,5,65,24,95,62,30,92,187
06/27/2010,GGG,TX,ASW,CE,Combined TRACON& Tower with Radar,0,9,18,7,34,0,0,16,2,18,0,9,34,9,52,64,52,116,168
06/28/2010,GGG,TX,ASW,CE,Combined TRACON& Tower with Radar,5,5,30,10,50,0,1,61,1,63,5,6,91,11,113,210,18,228,341
06/29/2010,GGG,TX,ASW,CE,Combined TRACON& Tower with Radar,0,5,36,0,41,0,0,44,0,44,0,5,80,0,85,124,0,124,209
06/30/2010,GGG,TX,ASW,CE,Combined TRACON& Tower with Radar,0,4,64,0,68,0,0,8,0,8,0,4,72,0,76,42,0,42,118
07/01/2010,GGG,TX,ASW,CE,Combined TRACON& Tower with Radar,0,4,65,0,69,0,0,14,0,14,0,4,79,0,83,126,0,126,209
07/02/2010,GGG,TX,ASW,CE,Combined TRACON& Tower with Radar,1,6,54,0,61,0,0,11,0,11,1,6,65,0,72,24,0,24,96
07/03/2010,GGG,TX,ASW,CE,Combined TRACON& Tower with Radar,2,6,30,0,38,0,0,5,0,5,2,6,35,0,43,28,0,28,71
07/04/2010,GGG,TX,ASW,CE,Combined TRACON& Tower with Radar,0,6,9,0,15,0,0,7,0,7,0,6,16,0,22,0,0,0,22
07/05/2010,GGG,TX,ASW,CE,Combined TRACON& Tower with Radar,0,6,28,2,36,0,0,34,0,34,0,6,62,2,70,50,18,68,138
07/06/2010,GGG,TX,ASW,CE,Combined TRACON& Tower with Radar,6,6,24,10,46,0,0,41,0,41,6,6,65,10,87,160,18,178,265
07/07/2010,GGG,TX,ASW,CE,Combined TRACON& Tower with Radar,0,4,39,0,43,0,0,15,0,15,0,4,54,0,58,84,0,84,142
07/08/2010,GGG,TX,ASW,CE,Combined TRACON& Tower with Radar,2,6,44,4,56,0,0,40,1,41,2,6,84,5,97,218,16,234,331
07/09/2010,GGG,TX,ASW,CE,Combined TRACON& Tower with Radar,4,5,29,17,55,0,0,53,1,54,4,5,82,18,109,168,82,250,359
07/10/2010,GGG,TX,ASW,CE,Combined TRACON& Tower with Radar,0,4,18,0,22,0,0,22,0,22,0,4,40,0,44,50,0,50,94
07/11/2010,GGG,TX,ASW,CE,Combined TRACON& Tower with Radar,0,3,37,2,42,0,0,18,0,18,0,3,55,2,60,28,0,28,88
07/12/2010,GGG,TX,ASW,CE,Combined TRACON& Tower with Radar,0,3,54,25,82,0,0,32,0,32,0,3,86,25,114,102,20,122,236
07/13/2010,GGG,TX,ASW,CE,Combined TRACON& Tower with Radar,1,6,33,11,51,0,0,49,3,52,1,6,82,14,103,238,0,238,341
07/14/2010,GGG,TX,ASW,CE,Combined TRACON& Tower with Radar,0,5,52,10,67,0,0,36,3,39,0,5,88,13,106,178,16,194,300
07/15/2010,GGG,TX,ASW,CE,Combined TRACON& Tower with Radar,0,9,49,3,61,0,0,51,4,55,0,9,100,7,116,118,4,122,238
07/16/2010,GGG,TX,ASW,CE,Combined TRACON& Tower with Radar,0,7,29,14,50,0,0,37,1,38,0,7,66,15,88,230,32,262,350
07/17/2010,GGG,TX,ASW,CE,Combined TRACON& Tower with Radar,0,4,22,0,26,0,0,18,0,18,0,4,40,0,44,22,0,22,66
07/18/2010,GGG,TX,ASW,CE,Combined TRACON& Tower with Radar,4,2,20,1,27,0,0,17,2,19,4,2,37,3,46,16,0,16,62
07/19/2010,GGG,TX,ASW,CE,Combined TRACON& Tower with Radar,5,4,33,3,45,0,0,16,0,16,5,4,49,3,61,112,0,112,173
07/20/2010,GGG,TX,ASW,CE,Combined TRACON& Tower with Radar,0,16,46,0,62,0,0,40,2,42,0,16,86,2,104,246,0,246,350
07/21/2010,GGG,TX,ASW,CE,Combined TRACON& Tower with Radar,0,6,40,10,56,0,0,36,0,36,0,6,76,10,92,106,4,110,202
07/22/2010,GGG,TX,ASW,CE,Combined TRACON& Tower with Radar,1,15,39,7,62,0,0,37,0,37,1,15,76,7,99,96,4,100,199
07/23/2010,GGG,TX,ASW,CE,Combined TRACON& Tower with Radar,2,12,26,25,65,0,1,23,0,24,2,13,49,25,89,22,18,40,129
07/24/2010,GGG,TX,ASW,CE,Combined TRACON& Tower with Radar,0,4,24,0,28,0,0,20,0,20,0,4,44,0,48,56,0,56,104
07/25/2010,GGG,TX,ASW,CE,Combined TRACON& Tower with Radar,1,3,22,0,26,0,0,10,0,10,1,3,32,0,36,0,0,0,36
07/26/2010,GGG,TX,ASW,CE,Combined TRACON& Tower with Radar,0,4,21,7,32,0,0,17,1,18,0,4,38,8,50,38,14,52,102
07/27/2010,GGG,TX,ASW,CE,Combined TRACON& Tower with Radar,0,8,28,10,46,0,0,6,0,6,0,8,34,10,52,0,4,4,56
07/28/2010,GGG,TX,ASW,CE,Combined TRACON& Tower with Radar,0,4,64,0,68,0,0,12,0,12,0,4,76,0,80,42,0,42,122
07/29/2010,GGG,TX,ASW,CE,Combined TRACON& Tower with Radar,0,5,40,38,83,0,0,32,0,32,0,5,72,38,115,50,122,172,287
07/30/2010,GGG,TX,ASW,CE,Combined TRACON& Tower with Radar,0,4,34,11,49,0,0,118,3,121,0,4,152,14,170,60,14,74,244
07/31/2010,GGG,TX,ASW,CE,Combined TRACON& Tower with Radar,0,10,14,0,24,0,0,141,0,141,0,10,155,0,165,8,0,8,173
08/01/2010,GGG,TX,ASW,CE,Combined TRACON& Tower with Radar,2,3,14,12,31,0,0,24,1,25,2,3,38,13,56,20,0,20,76
08/02/2010,GGG,TX,ASW,CE,Combined TRACON& Tower with Radar,2,2,20,2,26,0,0,26,1,27,2,2,46,3,53,24,2,26,79
08/03/2010,GGG,TX,ASW,CE,Combined TRACON& Tower with Radar,2,3,42,8,55,0,0,35,0,35,2,3,77,8,90,14,0,14,104
08/04/2010,GGG,TX,ASW,CE,Combined TRACON& Tower with Radar,2,2,17,13,34,0,0,35,1,36,2,2,52,14,70,8,58,66,136
08/05/2010,GGG,TX,ASW,CE,Combined TRACON& Tower with Radar,2,2,38,12,54,0,0,28,4,32,2,2,66,16,86,100,72,172,258
08/06/2010,GGG,TX,ASW,CE,Combined TRACON& Tower with Radar,2,6,22,2,32,0,0,43,2,45,2,6,65,4,77,68,0,68,145
08/07/2010,GGG,TX,ASW,CE,Combined TRACON& Tower with Radar,2,4,14,0,20,0,0,12,0,12,2,4,26,0,32,0,0,0,32
08/08/2010,GGG,TX,ASW,CE,Combined TRACON& Tower with Radar,2,2,20,2,26,0,2,19,0,21,2,4,39,2,47,4,0,4,51
08/09/2010,GGG,TX,ASW,CE,Combined TRACON& Tower with Radar,2,2,20,1,25,0,0,35,0,35,2,2,55,1,60,50,0,50,110
08/10/2010,GGG,TX,ASW,CE,Combined TRACON& Tower with Radar,2,2,26,4,34,0,0,27,0,27,2,2,53,4,61,90,10,100,161
08/11/2010,GGG,TX,ASW,CE,Combined TRACON& Tower with Radar,2,2,39,18,61,0,0,51,0,51,2,2,90,18,112,124,40,164,276
08/12/2010,GGG,TX,ASW,CE,Combined TRACON& Tower with Radar,2,2,47,20,71,0,2,53,1,56,2,4,100,21,127,106,32,138,265
08/13/2010,GGG,TX,ASW,CE,Combined TRACON& Tower with Radar,2,2,33,12,49,0,0,50,0,50,2,2,83,12,99,130,38,168,267
08/14/2010,GGG,TX,ASW,CE,Combined TRACON& Tower with Radar,2,6,23,6,37,0,0,22,0,22,2,6,45,6,59,24,0,24,83
08/15/2010,GGG,TX,ASW,CE,Combined TRACON& Tower with Radar,8,4,30,0,42,0,0,11,0,11,8,4,41,0,53,18,0,18,71
08/16/2010,GGG,TX,ASW,CE,Combined TRACON& Tower with Radar,2,2,22,0,26,0,2,31,0,33,2,4,53,0,59,4,0,4,63
08/17/2010,GGG,TX,ASW,CE,Combined TRACON& Tower with Radar,2,4,27,10,43,0,0,59,0,59,2,4,86,10,102,34,8,42,144
08/18/2010,GGG,TX,ASW,CE,Combined TRACON& Tower with Radar,2,2,27,4,35,0,0,44,2,46,2,2,71,6,81,86,46,132,213
08/19/2010,GGG,TX,ASW,CE,Combined TRACON& Tower with Radar,2,2,34,4,42,0,0,58,2,60,2,2,92,6,102,68,8,76,178
08/20/2010,GGG,TX,ASW,CE,Combined TRACON& Tower with Radar,2,2,46,6,56,0,2,34,0,36,2,4,80,6,92,112,16,128,220
08/21/2010,GGG,TX,ASW,CE,Combined TRACON& Tower with Radar,2,2,14,2,20,0,0,24,0,24,2,2,38,2,44,32,0,32,76
08/22/2010,GGG,TX,ASW,CE,Combined TRACON& Tower with Radar,2,4,10,4,20,0,0,8,2,10,2,4,18,6,30,20,2,22,52
08/23/2010,GGG,TX,ASW,CE,Combined TRACON& Tower with Radar,2,2,41,6,51,0,0,58,1,59,2,2,99,7,110,172,16,188,298
08/24/2010,GGG,TX,ASW,CE,Combined TRACON& Tower with Radar,0,8,35,0,43,0,0,44,2,46,0,8,79,2,89,100,0,100,189
08/25/2010,GGG,TX,ASW,CE,Combined TRACON& Tower with Radar,2,2,28,15,47,0,0,25,2,27,2,2,53,17,74,264,60,324,398
08/26/2010,GGG,TX,ASW,CE,Combined TRACON& Tower with Radar,2,2,33,4,41,0,5,53,5,63,2,7,86,9,104,144,24,168,272
08/27/2010,GGG,TX,ASW,CE,Combined TRACON& Tower with Radar,2,2,36,4,44,0,0,72,2,74,2,2,108,6,118,143,24,167,285
08/28/2010,GGG,TX,ASW,CE,Combined TRACON& Tower with Radar,2,3,16,18,39,0,1,37,0,38,2,4,53,18,77,76,22,98,175
08/29/2010,GGG,TX,ASW,CE,Combined TRACON& Tower with Radar,2,3,20,9,34,0,0,7,2,9,2,3,27,11,43,0,2,2,45
08/30/2010,GGG,TX,ASW,CE,Combined TRACON& Tower with Radar,2,2,38,8,50,0,0,15,2,17,2,2,53,10,67,112,0,112,179
08/31/2010,GGG,TX,ASW,CE,Combined TRACON& Tower with Radar,2,2,46,2,52,0,0,19,0,19,2,2,65,2,71,26,0,26,97
09/01/2010,GGG,TX,ASW,CE,Combined TRACON& Tower with Radar,0,2,39,0,41,0,0,36,0,36,0,2,75,0,77,82,0,82,159
09/02/2010,GGG,TX,ASW,CE,Combined TRACON& Tower with Radar,3,2,50,6,61,0,0,19,0,19,3,2,69,6,80,186,10,196,276
09/03/2010,GGG,TX,ASW,CE,Combined TRACON& Tower with Radar,3,2,33,0,38,0,0,47,2,49,3,2,80,2,87,206,0,206,293
09/04/2010,GGG,TX,ASW,CE,Combined TRACON& Tower with Radar,2,2,15,1,20,0,1,54,0,55,2,3,69,1,75,126,0,126,201
09/05/2010,GGG,TX,ASW,CE,Combined TRACON& Tower with Radar,2,2,16,0,20,0,1,13,0,14,2,3,29,0,34,94,0,94,128
09/06/2010,GGG,TX,ASW,CE,Combined TRACON& Tower with Radar,2,2,18,0,22,0,0,47,0,47,2,2,65,0,69,130,0,130,199
09/07/2010,GGG,TX,ASW,CE,Combined TRACON& Tower with Radar,4,4,42,0,50,0,0,5,0,5,4,4,47,0,55,72,0,72,127
09/08/2010,GGG,TX,ASW,CE,Combined TRACON& Tower with Radar,2,2,30,0,34,0,0,6,0,6,2,2,36,0,40,42,0,42,82
09/09/2010,GGG,TX,ASW,CE,Combined TRACON& Tower with Radar,2,2,37,18,59,0,0,14,2,16,2,2,51,20,75,130,42,172,247
09/10/2010,GGG,TX,ASW,CE,Combined TRACON& Tower with Radar,2,2,37,12,53,0,0,55,0,55,2,2,92,12,108,224,16,240,348
09/11/2010,GGG,TX,ASW,CE,Combined TRACON& Tower with Radar,2,2,14,1,19,0,0,56,1,57,2,2,70,2,76,90,14,104,180
09/12/2010,GGG,TX,ASW,CE,Combined TRACON& Tower with Radar,2,2,7,0,11,0,1,26,1,28,2,3,33,1,39,64,0,64,103
09/13/2010,GGG,TX,ASW,CE,Combined TRACON& Tower with Radar,2,4,29,0,35,0,0,51,5,56,2,4,80,5,91,148,0,148,239
09/14/2010,GGG,TX,ASW,CE,Combined TRACON& Tower with Radar,2,2,32,0,36,0,0,65,0,65,2,2,97,0,101,62,0,62,163
09/15/2010,GGG,TX,ASW,CE,Combined TRACON& Tower with Radar,2,2,43,10,57,0,0,69,0,69,2,2,112,10,126,216,10,226,352
09/16/2010,GGG,TX,ASW,CE,Combined TRACON& Tower with Radar,4,2,30,13,49,0,0,70,0,70,4,2,100,13,119,222,16,238,357
09/17/2010,GGG,TX,ASW,CE,Combined TRACON& Tower with Radar,4,5,32,7,48,0,2,56,1,59,4,7,88,8,107,124,36,160,267
09/18/2010,GGG,TX,ASW,CE,Combined TRACON& Tower with Radar,2,3,27,6,38,0,3,70,1,74,2,6,97,7,112,74,0,74,186
09/19/2010,GGG,TX,ASW,CE,Combined TRACON& Tower with Radar,4,4,24,0,32,0,0,29,0,29,4,4,53,0,61,30,0,30,91
09/20/2010,GGG,TX,ASW,CE,Combined TRACON& Tower with Radar,2,7,23,7,39,0,2,53,2,57,2,9,76,9,96,40,16,56,152
09/21/2010,GGG,TX,ASW,CE,Combined TRACON& Tower with Radar,2,4,23,0,29,0,2,40,0,42,2,6,63,0,71,112,0,112,183
09/22/2010,GGG,TX,ASW,CE,Combined TRACON& Tower with Radar,2,3,59,2,66,0,1,38,0,39,2,4,97,2,105,108,12,120,225
09/23/2010,GGG,TX,ASW,CE,Combined TRACON& Tower with Radar,2,2,63,21,88,0,1,32,3,36,2,3,95,24,124,50,42,92,216
09/24/2010,GGG,TX,ASW,CE,Combined TRACON& Tower with Radar,2,5,39,5,51,0,5,63,3,71,2,10,102,8,122,54,0,54,176
09/25/2010,GGG,TX,ASW,CE,Combined TRACON& Tower with Radar,2,3,11,2,18,0,2,30,1,33,2,5,41,3,51,90,0,90,141
09/26/2010,GGG,TX,ASW,CE,Combined TRACON& Tower with Radar,2,3,28,5,38,0,0,4,0,4,2,3,32,5,42,0,0,0,42
09/27/2010,GGG,TX,ASW,CE,Combined TRACON& Tower with Radar,2,5,22,15,44,0,1,54,3,58,2,6,76,18,102,176,20,196,298
09/28/2010,GGG,TX,ASW,CE,Combined TRACON& Tower with Radar,2,2,17,10,31,0,3,92,0,95,2,5,109,10,126,254,16,270,396
09/29/2010,GGG,TX,ASW,CE,Combined TRACON& Tower with Radar,2,2,64,9,77,0,4,58,3,65,2,6,122,12,142,204,20,224,366
09/30/2010,GGG,TX,ASW,CE,Combined TRACON& Tower with Radar,2,2,32,5,41,1,0,78,1,80,3,2,110,6,121,240,6,246,367
10/01/2010,GGG,TX,ASW,CE,Combined TRACON& Tower with Radar,2,4,44,10,60,0,5,88,0,93,2,9,132,10,153,142,24,166,319
10/02/2010,GGG,TX,ASW,CE,Combined TRACON& Tower with Radar,2,2,17,1,22,0,2,41,1,44,2,4,58,2,66,66,26,92,158
10/03/2010,GGG,TX,ASW,CE,Combined TRACON& Tower with Radar,2,5,19,9,35,0,0,29,0,29,2,5,48,9,64,6,24,30,94
10/04/2010,GGG,TX,ASW,CE,Combined TRACON& Tower with Radar,2,2,22,7,33,0,4,77,4,85,2,6,99,11,118,94,0,94,212
10/05/2010,GGG,TX,ASW,CE,Combined TRACON& Tower with Radar,2,2,29,6,39,0,1,58,0,59,2,3,87,6,98,192,4,196,294
10/06/2010,GGG,TX,ASW,CE,Combined TRACON& Tower with Radar,2,2,33,1,38,0,0,68,1,69,2,2,101,2,107,292,2,294,401
10/07/2010,GGG,TX,ASW,CE,Combined TRACON& Tower with Radar,2,2,36,4,44,0,1,64,0,65,2,3,100,4,109,192,4,196,305
10/08/2010,GGG,TX,ASW,CE,Combined TRACON& Tower with Radar,2,6,35,2,45,0,2,59,2,63,2,8,94,4,108,74,0,74,182
10/09/2010,GGG,TX,ASW,CE,Combined TRACON& Tower with Radar,2,2,23,6,33,0,0,61,0,61,2,2,84,6,94,86,0,86,180
10/10/2010,GGG,TX,ASW,CE,Combined TRACON& Tower with Radar,2,2,28,0,32,0,1,44,0,45,2,3,72,0,77,50,0,50,127
10/11/2010,GGG,TX,ASW,CE,Combined TRACON& Tower with Radar,2,4,27,0,33,0,0,10,0,10,2,4,37,0,43,14,0,14,57
10/12/2010,GGG,TX,ASW,CE,Combined TRACON& Tower with Radar,2,2,47,2,53,0,1,69,1,71,2,3,116,3,124,172,0,172,296
10/13/2010,GGG,TX,ASW,CE,Combined TRACON& Tower with Radar,2,3,44,5,54,0,1,78,3,82,2,4,122,8,136,122,4,126,262
10/14/2010,GGG,TX,ASW,CE,Combined TRACON& Tower with Radar,2,2,57,8,69,0,0,81,0,81,2,2,138,8,150,56,24,80,230
10/15/2010,GGG,TX,ASW,CE,Combined TRACON& Tower with Radar,2,4,37,4,47,0,4,71,4,79,2,8,108,8,126,144,8,152,278
10/16/2010,GGG,TX,ASW,CE,Combined TRACON& Tower with Radar,4,3,18,14,39,0,0,55,0,55,4,3,73,14,94,50,38,88,182
10/17/2010,GGG,TX,ASW,CE,Combined TRACON& Tower with Radar,2,3,26,7,38,0,0,19,0,19,2,3,45,7,57,62,18,80,137
10/18/2010,GGG,TX,ASW,CE,Combined TRACON& Tower with Radar,2,2,43,6,53,0,1,44,0,45,2,3,87,6,98,28,6,34,132
10/19/2010,GGG,TX,ASW,CE,Combined TRACON& Tower with Radar,4,6,50,24,84,0,0,46,2,48,4,6,96,26,132,244,4,248,380
10/20/2010,GGG,TX,ASW,CE,Combined TRACON& Tower with Radar,2,2,47,8,59,0,0,54,0,54,2,2,101,8,113,82,2,84,197
10/21/2010,GGG,TX,ASW,CE,Combined TRACON& Tower with Radar,2,5,43,24,74,0,2,73,0,75,2,7,116,24,149,208,42,250,399
10/22/2010,GGG,TX,ASW,CE,Combined TRACON& Tower with Radar,2,3,38,21,64,0,4,24,0,28,2,7,62,21,92,108,24,132,224
10/23/2010,GGG,TX,ASW,CE,Combined TRACON& Tower with Radar,4,12,14,4,34,0,2,32,0,34,4,14,46,4,68,86,2,88,156
10/24/2010,GGG,TX,ASW,CE,Combined TRACON& Tower with Radar,2,2,23,0,27,0,0,9,0,9,2,2,32,0,36,30,0,30,66
10/25/2010,GGG,TX,ASW,CE,Combined TRACON& Tower with Radar,2,2,46,13,63,0,0,16,0,16,2,2,62,13,79,114,8,122,201
10/26/2010,GGG,TX,ASW,CE,Combined TRACON& Tower with Radar,2,2,34,19,57,0,2,43,0,45,2,4,77,19,102,234,24,258,360
10/27/2010,GGG,TX,ASW,CE,Combined TRACON& Tower with Radar,2,5,49,10,66,0,4,82,2,88,2,9,131,12,154,240,18,258,412
10/28/2010,GGG,TX,ASW,CE,Combined TRACON& Tower with Radar,2,3,35,28,68,0,2,76,1,79,2,5,111,29,147,138,96,234,381
10/29/2010,GGG,TX,ASW,CE,Combined TRACON& Tower with Radar,1,1,47,5,54,1,0,60,0,61,2,1,107,5,115,254,26,280,395
10/30/2010,GGG,TX,ASW,CE,Combined TRACON& Tower with Radar,2,2,21,4,29,0,2,51,0,53,2,4,72,4,82,116,10,126,208
10/31/2010,GGG,TX,ASW,CE,Combined TRACON& Tower with Radar,2,1,12,1,16,0,0,21,0,21,2,1,33,1,37,92,20,112,149
11/01/2010,GGG,TX,ASW,CE,Combined TRACON& Tower with Radar,2,4,40,6,52,0,4,25,0,29,2,8,65,6,81,82,4,86,167
11/02/2010,GGG,TX,ASW,CE,Combined TRACON& Tower with Radar,4,2,23,1,30,0,2,0,0,2,4,4,23,1,32,0,0,0,32
11/03/2010,GGG,TX,ASW,CE,Combined TRACON& Tower with Radar,2,4,45,0,51,0,0,0,0,0,2,4,45,0,51,0,0,0,51
11/04/2010,GGG,TX,ASW,CE,Combined TRACON& Tower with Radar,2,4,35,16,57,0,3,71,0,74,2,7,106,16,131,138,38,176,307
11/05/2010,GGG,TX,ASW,CE,Combined TRACON& Tower with Radar,2,5,29,10,46,0,2,50,0,52,2,7,79,10,98,92,18,110,208
11/06/2010,GGG,TX,ASW,CE,Combined TRACON& Tower with Radar,2,6,18,0,26,0,0,43,0,43,2,6,61,0,69,186,0,186,255
11/07/2010,GGG,TX,ASW,CE,Combined TRACON& Tower with Radar,2,2,24,2,30,0,2,36,0,38,2,4,60,2,68,20,0,20,88
11/08/2010,GGG,TX,ASW,CE,Combined TRACON& Tower with Radar,2,2,37,2,43,0,0,81,0,81,2,2,118,2,124,72,10,82,206
11/09/2010,GGG,TX,ASW,CE,Combined TRACON& Tower with Radar,2,2,40,2,46,0,2,48,0,50,2,4,88,2,96,277,6,283,379
11/10/2010,GGG,TX,ASW,CE,Combined TRACON& Tower with Radar,2,14,27,10,53,0,2,58,0,60,2,16,85,10,113,128,10,138,251
11/11/2010,GGG,TX,ASW,CE,Combined TRACON& Tower with Radar,2,2,61,8,73,0,1,28,0,29,2,3,89,8,102,138,24,162,264
11/12/2010,GGG,TX,ASW,CE,Combined TRACON& Tower with Radar,2,2,20,1,25,0,6,58,4,68,2,8,78,5,93,144,0,144,237
11/13/2010,GGG,TX,ASW,CE,Combined TRACON& Tower with Radar,2,4,24,0,30,0,1,27,0,28,2,5,51,0,58,60,0,60,118
11/14/2010,GGG,TX,ASW,CE,Combined TRACON& Tower with Radar,2,2,19,0,23,0,0,27,0,27,2,2,46,0,50,48,0,48,98
11/15/2010,GGG,TX,ASW,CE,Combined TRACON& Tower with Radar,2,3,49,0,54,0,0,4,0,4,2,3,53,0,58,90,0,90,148
11/16/2010,GGG,TX,ASW,CE,Combined TRACON& Tower with Radar,2,2,45,0,49,0,1,35,0,36,2,3,80,0,85,158,0,158,243
11/17/2010,GGG,TX,ASW,CE,Combined TRACON& Tower with Radar,2,2,58,9,71,0,6,49,9,64,2,8,107,18,135,58,16,74,209
11/18/2010,GGG,TX,ASW,CE,Combined TRACON& Tower with Radar,4,8,53,2,67,0,2,54,0,56,4,10,107,2,123,252,0,252,375
11/19/2010,GGG,TX,ASW,CE,Combined TRACON& Tower with Radar,2,2,39,6,49,0,0,30,0,30,2,2,69,6,79,102,0,102,181
11/20/2010,GGG,TX,ASW,CE,Combined TRACON& Tower with Radar,2,2,37,8,49,0,5,18,0,23,2,7,55,8,72,70,10,80,152
11/21/2010,GGG,TX,ASW,CE,Combined TRACON& Tower with Radar,4,2,26,0,32,0,0,9,0,9,4,2,35,0,41,8,0,8,49
11/22/2010,GGG,TX,ASW,CE,Combined TRACON& Tower with Radar,2,4,47,0,53,0,0,21,5,26,2,4,68,5,79,108,0,108,187
11/23/2010,GGG,TX,ASW,CE,Combined TRACON& Tower with Radar,2,8,35,15,60,0,8,47,0,55,2,16,82,15,115,140,52,192,307
11/24/2010,GGG,TX,ASW,CE,Combined TRACON& Tower with Radar,2,2,43,6,53,0,4,20,0,24,2,6,63,6,77,74,2,76,153
11/25/2010,GGG,TX,ASW,CE,Combined TRACON& Tower with Radar,2,2,7,0,11,0,0,1,0,1,2,2,8,0,12,0,0,0,12
11/26/2010,GGG,TX,ASW,CE,Combined TRACON& Tower with Radar,2,2,22,0,26,0,0,36,0,36,2,2,58,0,62,108,0,108,170
11/27/2010,GGG,TX,ASW,CE,Combined TRACON& Tower with Radar,2,2,25,0,29,0,4,54,0,58,2,6,79,0,87,122,0,122,209
11/28/2010,GGG,TX,ASW,CE,Combined TRACON& Tower with Radar,2,4,17,0,23,0,0,13,0,13,2,4,30,0,36,4,0,4,40
11/29/2010,GGG,TX,ASW,CE,Combined TRACON& Tower with Radar,2,2,33,0,37,0,3,29,0,32,2,5,62,0,69,86,0,86,155
11/30/2010,GGG,TX,ASW,CE,Combined TRACON& Tower with Radar,2,2,39,7,50,0,2,45,0,47,2,4,84,7,97,144,2,146,243
12/01/2010,GGG,TX,ASW,CE,Combined TRACON& Tower with Radar,0,4,40,20,64,0,0,73,0,73,0,4,113,20,137,256,0,256,393
12/02/2010,GGG,TX,ASW,CE,Combined TRACON& Tower with Radar,2,8,41,2,53,0,0,70,3,73,2,8,111,5,126,266,22,288,414
12/03/2010,GGG,TX,ASW,CE,Combined TRACON& Tower with Radar,2,3,45,24,74,0,1,64,4,69,2,4,109,28,143,232,58,290,433
12/04/2010,GGG,TX,ASW,CE,Combined TRACON& Tower with Radar,2,3,36,0,41,0,0,41,0,41,2,3,77,0,82,128,0,128,210
12/05/2010,GGG,TX,ASW,CE,Combined TRACON& Tower with Radar,2,2,16,21,41,0,0,26,1,27,2,2,42,22,68,30,22,52,120
12/06/2010,GGG,TX,ASW,CE,Combined TRACON& Tower with Radar,2,2,22,4,30,0,0,55,0,55,2,2,77,4,85,252,8,260,345
12/07/2010,GGG,TX,ASW,CE,Combined TRACON& Tower with Radar,2,2,35,27,66,0,0,57,3,60,2,2,92,30,126,286,64,350,476
12/08/2010,GGG,TX,ASW,CE,Combined TRACON& Tower with Radar,2,3,42,0,47,0,0,20,0,20,2,3,62,0,67,180,0,180,247
12/09/2010,GGG,TX,ASW,CE,Combined TRACON& Tower with Radar,2,2,53,12,69,0,0,63,1,64,2,2,116,13,133,274,80,354,487
12/10/2010,GGG,TX,ASW,CE,Combined TRACON& Tower with Radar,2,2,60,20,84,0,1,40,2,43,2,3,100,22,127,228,36,264,391
12/11/2010,GGG,TX,ASW,CE,Combined TRACON& Tower with Radar,2,4,28,3,37,0,1,8,0,9,2,5,36,3,46,42,28,70,116
12/12/2010,GGG,TX,ASW,CE,Combined TRACON& Tower with Radar,2,2,12,0,16,0,0,11,0,11,2,2,23,0,27,4,0,4,31
12/13/2010,GGG,TX,ASW,CE,Combined TRACON& Tower with Radar,2,5,50,6,63,0,0,57,1,58,2,5,107,7,121,190,20,210,331
12/14/2010,GGG,TX,ASW,CE,Combined TRACON& Tower with Radar,2,4,50,2,58,0,4,45,2,51,2,8,95,4,109,162,18,180,289
12/15/2010,GGG,TX,ASW,CE,Combined TRACON& Tower with Radar,2,14,35,27,78,0,5,2,0,7,2,19,37,27,85,0,62,62,147
12/16/2010,GGG,TX,ASW,CE,Combined TRACON& Tower with Radar,2,2,59,27,90,0,3,28,2,33,2,5,87,29,123,64,66,130,253
12/17/2010,GGG,TX,ASW,CE,Combined TRACON& Tower with Radar,2,2,28,27,59,0,1,10,1,12,2,3,38,28,71,4,74,78,149
12/18/2010,GGG,TX,ASW,CE,Combined TRACON& Tower with Radar,2,2,15,2,21,0,2,13,0,15,2,4,28,2,36,16,18,34,70
12/19/2010,GGG,TX,ASW,CE,Combined TRACON& Tower with Radar,2,2,24,4,32,0,0,21,0,21,2,2,45,4,53,12,14,26,79
12/20/2010,GGG,TX,ASW,CE,Combined TRACON& Tower with Radar,2,2,23,1,28,0,0,11,0,11,2,2,34,1,39,0,0,0,39
12/21/2010,GGG,TX,ASW,CE,Combined TRACON& Tower with Radar,4,4,19,4,31,0,4,29,0,33,4,8,48,4,64,38,0,38,102
12/22/2010,GGG,TX,ASW,CE,Combined TRACON& Tower with Radar,2,6,24,6,38,0,2,14,0,16,2,8,38,6,54,0,8,8,62
12/23/2010,GGG,TX,ASW,CE,Combined TRACON& Tower with Radar,2,2,14,0,18,0,2,21,0,23,2,4,35,0,41,28,0,28,69
12/24/2010,GGG,TX,ASW,CE,Combined TRACON& Tower with Radar,2,3,2,0,7,0,0,2,0,2,2,3,4,0,9,0,0,0,9
12/25/2010,GGG,TX,ASW,CE,Combined TRACON& Tower with Radar,2,2,0,0,4,0,0,0,0,0,2,2,0,0,4,0,0,0,4
12/26/2010,GGG,TX,ASW,CE,Combined TRACON& Tower with Radar,2,4,8,0,14,0,0,16,0,16,2,4,24,0,30,0,0,0,30
12/27/2010,GGG,TX,ASW,CE,Combined TRACON& Tower with Radar,2,4,33,3,42,0,0,22,0,22,2,4,55,3,64,0,0,0,64
12/28/2010,GGG,TX,ASW,CE,Combined TRACON& Tower with Radar,2,2,28,0,32,0,0,2,0,2,2,2,30,0,34,0,0,0,34
12/29/2010,GGG,TX,ASW,CE,Combined TRACON& Tower with Radar,2,2,25,0,29,0,2,1,0,3,2,4,26,0,32,0,0,0,32
12/30/2010,GGG,TX,ASW,CE,Combined TRACON& Tower with Radar,2,4,35,4,45,0,3,5,0,8,2,7,40,4,53,0,8,8,61
12/31/2010,GGG,TX,ASW,CE,Combined TRACON& Tower with Radar,2,2,16,0,20,0,0,9,0,9,2,2,25,0,29,8,0,8,37
01/01/2011,GGG,TX,ASW,CE,Combined TRACON& Tower with Radar,2,2,15,0,19,0,0,8,0,8,2,2,23,0,27,40,0,40,67
01/02/2011,GGG,TX,ASW,CE,Combined TRACON& Tower with Radar,2,4,23,0,29,0,0,17,0,17,2,4,40,0,46,0,0,0,46
01/03/2011,GGG,TX,ASW,CE,Combined TRACON& Tower with Radar,2,4,35,2,43,0,2,43,0,45,2,6,78,2,88,142,4,146,234
01/04/2011,GGG,TX,ASW,CE,Combined TRACON& Tower with Radar,2,2,33,0,37,0,5,31,0,36,2,7,64,0,73,94,0,94,167
01/05/2011,GGG,TX,ASW,CE,Combined TRACON& Tower with Radar,2,4,24,6,36,0,6,50,1,57,2,10,74,7,93,52,14,66,159
01/06/2011,GGG,TX,ASW,CE,Combined TRACON& Tower with Radar,2,2,31,11,46,0,7,55,1,63,2,9,86,12,109,182,14,196,305
01/07/2011,GGG,TX,ASW,CE,Combined TRACON& Tower with Radar,2,2,25,2,31,0,2,68,2,72,2,4,93,4,103,272,0,272,375
01/08/2011,GGG,TX,ASW,CE,Combined TRACON& Tower with Radar,2,2,17,0,21,0,0,51,1,52,2,2,68,1,73,140,0,140,213
01/09/2011,GGG,TX,ASW,CE,Combined TRACON& Tower with Radar,0,0,9,0,9,0,0,0,0,0,0,0,9,0,9,0,0,0,9
01/10/2011,GGG,TX,ASW,CE,Combined TRACON& Tower with Radar,2,2,25,0,29,0,0,0,0,0,2,2,25,0,29,0,0,0,29
01/11/2011,GGG,TX,ASW,CE,Combined TRACON& Tower with Radar,2,4,27,8,41,0,2,31,2,35,2,6,58,10,76,102,4,106,182
01/12/2011,GGG,TX,ASW,CE,Combined TRACON& Tower with Radar,2,4,26,5,37,0,8,49,0,57,2,12,75,5,94,180,2,182,276
01/13/2011,GGG,TX,ASW,CE,Combined TRACON& Tower with Radar,2,2,40,9,53,0,1,54,2,57,2,3,94,11,110,246,20,266,376
01/14/2011,GGG,TX,ASW,CE,Combined TRACON& Tower with Radar,2,2,30,2,36,0,1,22,1,24,2,3,52,3,60,126,2,128,188
01/15/2011,GGG,TX,ASW,CE,Combined TRACON& Tower with Radar,2,4,11,0,17,0,0,0,0,0,2,4,11,0,17,4,0,4,21
01/16/2011,GGG,TX,ASW,CE,Combined TRACON& Tower with Radar,2,4,21,0,27,0,0,0,0,0,2,4,21,0,27,0,0,0,27
01/17/2011,GGG,TX,ASW,CE,Combined TRACON& Tower with Radar,2,4,42,1,49,0,0,0,0,0,2,4,42,1,49,0,0,0,49
01/18/2011,GGG,TX,ASW,CE,Combined TRACON& Tower with Radar,2,2,32,6,42,0,0,10,0,10,2,2,42,6,52,18,10,28,80
01/19/2011,GGG,TX,ASW,CE,Combined TRACON& Tower with Radar,2,7,71,7,87,0,2,32,0,34,2,9,103,7,121,162,18,180,301
01/20/2011,GGG,TX,ASW,CE,Combined TRACON& Tower with Radar,2,5,32,2,41,0,3,0,0,3,2,8,32,2,44,50,0,50,94
01/21/2011,GGG,TX,ASW,CE,Combined TRACON& Tower with Radar,2,8,31,2,43,0,2,47,0,49,2,10,78,2,92,74,16,90,182
01/22/2011,GGG,TX,ASW,CE,Combined TRACON& Tower with Radar,2,2,17,2,23,0,1,63,0,64,2,3,80,2,87,186,18,204,291
01/23/2011,GGG,TX,ASW,CE,Combined TRACON& Tower with Radar,2,2,21,2,27,0,0,14,0,14,2,2,35,2,41,28,0,28,69
01/24/2011,GGG,TX,ASW,CE,Combined TRACON& Tower with Radar,2,7,41,0,50,0,1,51,0,52,2,8,92,0,102,114,0,114,216
01/25/2011,GGG,TX,ASW,CE,Combined TRACON& Tower with Radar,2,4,70,9,85,0,1,44,0,45,2,5,114,9,130,82,114,196,326
01/26/2011,GGG,TX,ASW,CE,Combined TRACON& Tower with Radar,2,4,32,6,44,0,6,69,0,75,2,10,101,6,119,168,2,170,289
01/27/2011,GGG,TX,ASW,CE,Combined TRACON& Tower with Radar,1,6,34,18,59,0,3,61,0,64,1,9,95,18,123,104,96,200,323
01/28/2011,GGG,TX,ASW,CE,Combined TRACON& Tower with Radar,3,4,42,3,52,0,0,131,1,132,3,4,173,4,184,88,8,96,280
01/29/2011,GGG,TX,ASW,CE,Combined TRACON& Tower with Radar,2,4,24,2,32,0,1,57,3,61,2,5,81,5,93,200,0,200,293
01/30/2011,GGG,TX,ASW,CE,Combined TRACON& Tower with Radar,2,2,18,4,26,0,0,2,0,2,2,2,20,4,28,0,4,4,32
01/31/2011,GGG,TX,ASW,CE,Combined TRACON& Tower with Radar,2,2,29,8,41,0,1,1,0,2,2,3,30,8,43,0,4,4,47
02/01/2011,GGG,TX,ASW,CE,Combined TRACON& Tower with Radar,2,0,5,0,7,0,2,1,0,3,2,2,6,0,10,0,0,0,10
02/02/2011,GGG,TX,ASW,CE,Combined TRACON& Tower with Radar,0,5,19,2,26,0,0,50,2,52,0,5,69,4,78,104,0,104,182
02/03/2011,GGG,TX,ASW,CE,Combined TRACON& Tower with Radar,0,3,17,16,36,0,1,29,1,31,0,4,46,17,67,60,36,96,163
02/04/2011,GGG,TX,ASW,CE,Combined TRACON& Tower with Radar,2,2,11,0,15,0,0,1,0,1,2,2,12,0,16,0,0,0,16
02/05/2011,GGG,TX,ASW,CE,Combined TRACON& Tower with Radar,2,6,21,0,29,0,0,56,0,56,2,6,77,0,85,170,0,170,255
02/06/2011,GGG,TX,ASW,CE,Combined TRACON& Tower with Radar,2,2,9,0,13,0,0,10,0,10,2,2,19,0,23,0,0,0,23
02/07/2011,GGG,TX,ASW,CE,Combined TRACON& Tower with Radar,2,2,29,10,43,0,1,31,0,32,2,3,60,10,75,30,10,40,115
02/08/2011,GGG,TX,ASW,CE,Combined TRACON& Tower with Radar,2,3,31,0,36,0,3,77,0,80,2,6,108,0,116,176,0,176,292
02/09/2011,GGG,TX,ASW,CE,Combined TRACON& Tower with Radar,0,0,11,0,11,0,0,0,0,0,0,0,11,0,11,0,0,0,11
02/10/2011,GGG,TX,ASW,CE,Combined TRACON& Tower with Radar,2,4,29,2,37,0,2,24,0,26,2,6,53,2,63,134,0,134,197
02/11/2011,GGG,TX,ASW,CE,Combined TRACON& Tower with Radar,2,4,41,20,67,0,0,65,0,65,2,4,106,20,132,102,22,124,256
02/12/2011,GGG,TX,ASW,CE,Combined TRACON& Tower with Radar,2,3,28,17,50,0,5,84,4,93,2,8,112,21,143,182,12,194,337
02/13/2011,GGG,TX,ASW,CE,Combined TRACON& Tower with Radar,2,2,12,0,16,0,0,17,0,17,2,2,29,0,33,50,0,50,83
02/14/2011,GGG,TX,ASW,CE,Combined TRACON& Tower with Radar,2,2,25,0,29,0,4,37,0,41,2,6,62,0,70,42,0,42,112
02/15/2011,GGG,TX,ASW,CE,Combined TRACON& Tower with Radar,2,5,45,13,65,0,1,31,2,34,2,6,76,15,99,140,0,140,239
02/16/2011,GGG,TX,ASW,CE,Combined TRACON& Tower with Radar,2,2,42,18,64,0,0,8,0,8,2,2,50,18,72,30,18,48,120
02/17/2011,GGG,TX,ASW,CE,Combined TRACON& Tower with Radar,2,2,47,6,57,0,0,38,0,38,2,2,85,6,95,126,16,142,237
02/18/2011,GGG,TX,ASW,CE,Combined TRACON& Tower with Radar,2,4,52,9,67,0,0,40,0,40,2,4,92,9,107,82,10,92,199
02/19/2011,GGG,TX,ASW,CE,Combined TRACON& Tower with Radar,2,2,45,8,57,0,0,39,0,39,2,2,84,8,96,166,0,166,262
02/20/2011,GGG,TX,ASW,CE,Combined TRACON& Tower with Radar,4,2,21,0,27,0,0,13,0,13,4,2,34,0,40,14,0,14,54
02/21/2011,GGG,TX,ASW,CE,Combined TRACON& Tower with Radar,2,2,51,13,68,0,0,27,0,27,2,2,78,13,95,60,22,82,177
02/22/2011,GGG,TX,ASW,CE,Combined TRACON& Tower with Radar,2,2,37,12,53,0,0,73,2,75,2,2,110,14,128,146,8,154,282
02/23/2011,GGG,TX,ASW,CE,Combined TRACON& Tower with Radar,2,4,46,10,62,0,0,5,0,5,2,4,51,10,67,26,4,30,97
02/24/2011,GGG,TX,ASW,CE,Combined TRACON& Tower with Radar,4,0,38,0,42,0,0,10,0,10,4,0,48,0,52,54,0,54,106
02/25/2011,GGG,TX,ASW,CE,Combined TRACON& Tower with Radar,2,2,31,7,42,0,3,40,0,43,2,5,71,7,85,102,0,102,187
02/26/2011,GGG,TX,ASW,CE,Combined TRACON& Tower with Radar,2,2,33,2,39,0,0,10,2,12,2,2,43,4,51,32,4,36,87
02/27/2011,GGG,TX,ASW,CE,Combined TRACON& Tower with Radar,2,3,19,0,24,0,0,6,0,6,2,3,25,0,30,0,0,0,30
02/28/2011,GGG,TX,ASW,CE,Combined TRACON& Tower with Radar,2,3,16,0,21,0,2,33,2,37,2,5,49,2,58,72,0,72,130
03/01/2011,GGG,TX,ASW,CE,Combined TRACON& Tower with Radar,2,2,40,13,57,0,2,106,8,116,2,4,146,21,173,210,64,274,447
03/02/2011,GGG,TX,ASW,CE,Combined TRACON& Tower with Radar,2,6,36,10,54,0,1,68,11,80,2,7,104,21,134,190,16,206,340
03/03/2011,GGG,TX,ASW,CE,Combined TRACON& Tower with Radar,2,3,49,8,62,0,1,83,9,93,2,4,132,17,155,103,30,133,288
03/04/2011,GGG,TX,ASW,CE,Combined TRACON& Tower with Radar,2,4,48,1,55,0,3,31,0,34,2,7,79,1,89,106,0,106,195
03/05/2011,GGG,TX,ASW,CE,Combined TRACON& Tower with Radar,2,2,11,6,21,0,0,8,0,8,2,2,19,6,29,0,28,28,57
03/06/2011,GGG,TX,ASW,CE,Combined TRACON& Tower with Radar,2,2,17,7,28,0,0,33,1,34,2,2,50,8,62,70,4,74,136
03/07/2011,GGG,TX,ASW,CE,Combined TRACON& Tower with Radar,2,4,49,10,65,0,2,47,0,49,2,6,96,10,114,164,10,174,288
03/08/2011,GGG,TX,ASW,CE,Combined TRACON& Tower with Radar,2,4,40,2,48,0,0,7,0,7,2,4,47,2,55,26,0,26,81
03/09/2011,GGG,TX,ASW,CE,Combined TRACON& Tower with Radar,2,6,53,4,65,0,4,64,0,68,2,10,117,4,133,98,4,102,235
03/10/2011,GGG,TX,ASW,CE,Combined TRACON& Tower with Radar,2,2,40,13,57,0,4,83,3,90,2,6,123,16,147,94,14,108,255
03/11/2011,GGG,TX,ASW,CE,Combined TRACON& Tower with Radar,0,2,46,13,61,0,1,62,0,63,0,3,108,13,124,62,16,78,202
03/12/2011,GGG,TX,ASW,CE,Combined TRACON& Tower with Radar,2,2,30,2,36,0,0,38,0,38,2,2,68,2,74,70,4,74,148
03/13/2011,GGG,TX,ASW,CE,Combined TRACON& Tower with Radar,2,2,24,7,35,0,1,7,0,8,2,3,31,7,43,10,6,16,59
03/14/2011,GGG,TX,ASW,CE,Combined TRACON& Tower with Radar,2,2,36,3,43,0,2,31,0,33,2,4,67,3,76,124,26,150,226
03/15/2011,GGG,TX,ASW,CE,Combined TRACON& Tower with Radar,2,4,50,1,57,0,2,101,2,105,2,6,151,3,162,210,0,210,372
03/16/2011,GGG,TX,ASW,CE,Combined TRACON& Tower with Radar,2,2,57,0,61,0,0,72,0,72,2,2,129,0,133,174,0,174,307
03/17/2011,GGG,TX,ASW,CE,Combined TRACON& Tower with Radar,2,15,31,0,48,0,3,67,2,72,2,18,98,2,120,278,0,278,398
03/18/2011,GGG,TX,ASW,CE,Combined TRACON& Tower with Radar,2,2,47,2,53,0,2,55,0,57,2,4,102,2,110,152,0,152,262
03/19/2011,GGG,TX,ASW,CE,Combined TRACON& Tower with Radar,6,2,33,0,41,0,2,70,0,72,6,4,103,0,113,200,0,200,313
03/20/2011,GGG,TX,ASW,CE,Combined TRACON& Tower with Radar,2,2,29,0,33,0,0,18,2,20,2,2,47,2,53,2,0,2,55
03/21/2011,GGG,TX,ASW,CE,Combined TRACON& Tower with Radar,0,4,52,12,68,0,7,30,0,37,0,11,82,12,105,102,20,122,227
03/22/2011,GGG,TX,ASW,CE,Combined TRACON& Tower with Radar,4,4,40,16,64,0,2,30,0,32,4,6,70,16,96,56,12,68,164
03/23/2011,GGG,TX,ASW,CE,Combined TRACON& Tower with Radar,2,2,47,12,63,0,2,39,0,41,2,4,86,12,104,182,26,208,312
03/24/2011,GGG,TX,ASW,CE,Combined TRACON& Tower with Radar,2,5,48,1,56,0,0,95,0,95,2,5,143,1,151,236,0,236,387
03/25/2011,GGG,TX,ASW,CE,Combined TRACON& Tower with Radar,4,2,49,0,55,0,5,31,0,36,4,7,80,0,91,78,0,78,169
03/26/2011,GGG,TX,ASW,CE,Combined TRACON& Tower with Radar,2,7,18,0,27,0,0,27,0,27,2,7,45,0,54,152,0,152,206
03/27/2011,GGG,TX,ASW,CE,Combined TRACON& Tower with Radar,2,5,29,13,49,0,0,2,0,2,2,5,31,13,51,14,12,26,77
03/28/2011,GGG,TX,ASW,CE,Combined TRACON& Tower with Radar,2,4,74,8,88,0,5,14,0,19,2,9,88,8,107,148,0,148,255
03/29/2011,GGG,TX,ASW,CE,Combined TRACON& Tower with Radar,2,4,49,14,69,0,1,15,0,16,2,5,64,14,85,354,56,410,495
03/30/2011,GGG,TX,ASW,CE,Combined TRACON& Tower with Radar,2,4,61,7,74,0,2,18,0,20,2,6,79,7,94,118,8,126,220
03/31/2011,GGG,TX,ASW,CE,Combined TRACON& Tower with Radar,2,8,55,4,69,0,3,82,0,85,2,11,137,4,154,226,0,226,380
04/01/2011,GGG,TX,ASW,CE,Combined TRACON& Tower with Radar,2,4,50,7,63,0,4,84,0,88,2,8,134,7,151,252,8,260,411
04/02/2011,GGG,TX,ASW,CE,Combined TRACON& Tower with Radar,2,2,28,10,42,0,2,83,0,85,2,4,111,10,127,236,6,242,369
04/03/2011,GGG,TX,ASW,CE,Combined TRACON& Tower with Radar,2,2,31,0,35,0,0,12,0,12,2,2,43,0,47,0,0,0,47
04/04/2011,GGG,TX,ASW,CE,Combined TRACON& Tower with Radar,2,4,14,0,20,0,0,7,0,7,2,4,21,0,27,8,0,8,35
04/05/2011,GGG,TX,ASW,CE,Combined TRACON& Tower with Radar,2,4,43,3,52,0,4,92,2,98,2,8,135,5,150,314,0,314,464
04/06/2011,GGG,TX,ASW,CE,Combined TRACON& Tower with Radar,2,3,37,12,54,0,4,85,1,90,2,7,122,13,144,210,10,220,364
04/07/2011,GGG,TX,ASW,CE,Combined TRACON& Tower with Radar,2,8,71,0,81,0,0,32,2,34,2,8,103,2,115,256,0,256,371
04/08/2011,GGG,TX,ASW,CE,Combined TRACON& Tower with Radar,2,5,58,6,71,0,0,49,0,49,2,5,107,6,120,130,0,130,250
04/09/2011,GGG,TX,ASW,CE,Combined TRACON& Tower with Radar,2,2,13,0,17,0,1,43,0,44,2,3,56,0,61,124,0,124,185
04/10/2011,GGG,TX,ASW,CE,Combined TRACON& Tower with Radar,2,3,27,0,32,0,2,11,0,13,2,5,38,0,45,78,0,78,123
04/11/2011,GGG,TX,ASW,CE,Combined TRACON& Tower with Radar,2,4,38,6,50,0,0,47,0,47,2,4,85,6,97,172,4,176,273
04/12/2011,GGG,TX,ASW,CE,Combined TRACON& Tower with Radar,2,4,40,5,51,0,2,91,0,93,2,6,131,5,144,296,8,304,448
04/13/2011,GGG,TX,ASW,CE,Combined TRACON& Tower with Radar,2,2,39,0,43,0,4,84,0,88,2,6,123,0,131,252,0,252,383
04/14/2011,GGG,TX,ASW,CE,Combined TRACON& Tower with Radar,2,2,61,4,69,0,3,39,0,42,2,5,100,4,111,254,4,258,369
04/15/2011,GGG,TX,ASW,CE,Combined TRACON& Tower with Radar,4,8,32,5,49,0,0,30,2,32,4,8,62,7,81,66,0,66,147
04/16/2011,GGG,TX,ASW,CE,Combined TRACON& Tower with Radar,2,2,23,1,28,0,2,68,0,70,2,4,91,1,98,114,0,114,212
04/17/2011,GGG,TX,ASW,CE,Combined TRACON& Tower with Radar,2,4,21,2,29,0,0,30,2,32,2,4,51,4,61,30,0,30,91
04/18/2011,GGG,TX,ASW,CE,Combined TRACON& Tower with Radar,2,2,42,4,50,0,1,27,0,28,2,3,69,4,78,166,10,176,254
04/19/2011,GGG,TX,ASW,CE,Combined TRACON& Tower with Radar,4,6,26,24,60,0,0,10,0,10,4,6,36,24,70,116,34,150,220
04/20/2011,GGG,TX,ASW,CE,Combined TRACON& Tower with Radar,2,6,50,0,58,0,1,20,2,23,2,7,70,2,81,286,0,286,367
04/21/2011,GGG,TX,ASW,CE,Combined TRACON& Tower with Radar,2,2,47,8,59,0,0,32,0,32,2,2,79,8,91,152,6,158,249
04/22/2011,GGG,TX,ASW,CE,Combined TRACON& Tower with Radar,2,3,14,6,25,0,0,14,0,14,2,3,28,6,39,2,4,6,45
04/23/2011,GGG,TX,ASW,CE,Combined TRACON& Tower with Radar,2,2,34,0,38,0,0,16,0,16,2,2,50,0,54,102,0,102,156
04/24/2011,GGG,TX,ASW,CE,Combined TRACON& Tower with Radar,2,2,14,2,20,0,0,13,10,23,2,2,27,12,43,0,0,0,43
04/25/2011,GGG,TX,ASW,CE,Combined TRACON& Tower with Radar,0,4,36,0,40,0,0,3,0,3,0,4,39,0,43,62,0,62,105
04/26/2011,GGG,TX,ASW,CE,Combined TRACON& Tower with Radar,2,3,43,0,48,0,0,2,0,2,2,3,45,0,50,172,12,184,234
04/27/2011,GGG,TX,ASW,CE,Combined TRACON& Tower with Radar,2,2,41,0,45,0,2,33,0,35,2,4,74,0,80,38,0,38,118
04/28/2011,GGG,TX,ASW,CE,Combined TRACON& Tower with Radar,2,2,44,4,52,0,0,131,0,131,2,2,175,4,183,534,0,534,717
04/29/2011,GGG,TX,ASW,CE,Combined TRACON& Tower with Radar,2,2,40,5,49,0,2,75,1,78,2,4,115,6,127,170,0,170,297
04/30/2011,GGG,TX,ASW,CE,Combined TRACON& Tower with Radar,2,3,33,8,46,0,0,17,1,18,2,3,50,9,64,158,10,168,232
05/01/2011,GGG,TX,ASW,CE,Combined TRACON& Tower with Radar,2,2,18,0,22,0,0,2,0,2,2,2,20,0,24,0,0,0,24
05/02/2011,GGG,TX,ASW,CE,Combined TRACON& Tower with Radar,2,2,44,1,49,0,0,0,0,0,2,2,44,1,49,0,0,0,49
05/03/2011,GGG,TX,ASW,CE,Combined TRACON& Tower with Radar,2,2,49,8,61,0,1,88,0,89,2,3,137,8,150,232,0,232,382
05/04/2011,GGG,TX,ASW,CE,Combined TRACON& Tower with Radar,2,2,34,2,40,0,0,99,0,99,2,2,133,2,139,240,0,240,379
05/05/2011,GGG,TX,ASW,CE,Combined TRACON& Tower with Radar,2,2,43,18,65,0,0,82,0,82,2,2,125,18,147,274,26,300,447
05/06/2011,GGG,TX,ASW,CE,Combined TRACON& Tower with Radar,2,2,37,10,51,0,0,91,0,91,2,2,128,10,142,264,24,288,430
05/07/2011,GGG,TX,ASW,CE,Combined TRACON& Tower with Radar,2,6,19,0,27,0,0,35,2,37,2,6,54,2,64,90,0,90,154
05/08/2011,GGG,TX,ASW,CE,Combined TRACON& Tower with Radar,2,2,22,0,26,0,0,16,0,16,2,2,38,0,42,14,0,14,56
05/09/2011,GGG,TX,ASW,CE,Combined TRACON& Tower with Radar,2,2,24,14,42,0,0,72,0,72,2,2,96,14,114,266,32,298,412
05/10/2011,GGG,TX,ASW,CE,Combined TRACON& Tower with Radar,2,4,60,11,77,0,0,58,2,60,2,4,118,13,137,354,10,364,501
05/11/2011,GGG,TX,ASW,CE,Combined TRACON& Tower with Radar,2,8,44,5,59,0,0,44,1,45,2,8,88,6,104,202,12,214,318
05/12/2011,GGG,TX,ASW,CE,Combined TRACON& Tower with Radar,2,4,56,0,62,0,0,18,0,18,2,4,74,0,80,240,0,240,320
05/13/2011,GGG,TX,ASW,CE,Combined TRACON& Tower with Radar,2,4,43,16,65,0,0,51,0,51,2,4,94,16,116,132,56,188,304
05/14/2011,GGG,TX,ASW,CE,Combined TRACON& Tower with Radar,2,2,26,4,34,0,0,20,0,20,2,2,46,4,54,64,4,68,122
05/15/2011,GGG,TX,ASW,CE,Combined TRACON& Tower with Radar,2,5,19,0,26,0,0,22,0,22,2,5,41,0,48,26,0,26,74
05/16/2011,GGG,TX,ASW,CE,Combined TRACON& Tower with Radar,0,6,20,0,26,0,2,48,0,50,0,8,68,0,76,88,0,88,164
05/17/2011,GGG,TX,ASW,CE,Combined TRACON& Tower with Radar,2,7,40,3,52,0,1,67,2,70,2,8,107,5,122,102,8,110,232
05/18/2011,GGG,TX,ASW,CE,Combined TRACON& Tower with Radar,4,6,34,12,56,0,4,57,2,63,4,10,91,14,119,236,46,282,401
05/19/2011,GGG,TX,ASW,CE,Combined TRACON& Tower with Radar,2,3,50,0,55,0,3,25,0,28,2,6,75,0,83,158,0,158,241
05/20/2011,GGG,TX,ASW,CE,Combined TRACON& Tower with Radar,2,5,25,2,34,0,2,4,1,7,2,7,29,3,41,0,0,0,41
05/21/2011,GGG,TX,ASW,CE,Combined TRACON& Tower with Radar,4,2,25,1,32,0,2,9,0,11,4,4,34,1,43,26,0,26,69
05/22/2011,GGG,TX,ASW,CE,Combined TRACON& Tower with Radar,6,3,18,6,33,0,0,5,0,5,6,3,23,6,38,0,10,10,48
05/23/2011,GGG,TX,ASW,CE,Combined TRACON& Tower with Radar,5,3,55,8,71,0,0,15,0,15,5,3,70,8,86,10,12,22,108
05/24/2011,GGG,TX,ASW,CE,Combined TRACON& Tower with Radar,5,4,35,2,46,0,5,20,2,27,5,9,55,4,73,20,0,20,93
05/25/2011,GGG,TX,ASW,CE,Combined TRACON& Tower with Radar,2,12,30,9,53,0,3,19,0,22,2,15,49,9,75,14,12,26,101
05/26/2011,GGG,TX,ASW,CE,Combined TRACON& Tower with Radar,2,5,45,17,69,0,2,84,0,86,2,7,129,17,155,128,66,194,349
05/27/2011,GGG,TX,ASW,CE,Combined TRACON& Tower with Radar,2,3,33,8,46,0,8,46,0,54,2,11,79,8,100,20,0,20,120
05/28/2011,GGG,TX,ASW,CE,Combined TRACON& Tower with Radar,2,3,17,0,22,0,2,21,0,23,2,5,38,0,45,12,0,12,57
05/29/2011,GGG,TX,ASW,CE,Combined TRACON& Tower with Radar,2,2,9,0,13,0,0,9,2,11,2,2,18,2,24,0,0,0,24
05/30/2011,GGG,TX,ASW,CE,Combined TRACON& Tower with Radar,2,2,22,0,26,0,0,16,0,16,2,2,38,0,42,10,0,10,52
05/31/2011,GGG,TX,ASW,CE,Combined TRACON& Tower with Radar,2,3,30,6,41,0,1,57,0,58,2,4,87,6,99,68,2,70,169
06/01/2011,GGG,TX,ASW,CE,Combined TRACON& Tower with Radar,2,6,35,0,43,0,2,62,1,65,2,8,97,1,108,84,0,84,192
06/02/2011,GGG,TX,ASW,CE,Combined TRACON& Tower with Radar,2,3,32,15,52,0,4,62,0,66,2,7,94,15,118,116,8,124,242
06/03/2011,GGG,TX,ASW,CE,Combined TRACON& Tower with Radar,2,5,30,8,45,0,0,48,0,48,2,5,78,8,93,10,0,10,103
06/04/2011,GGG,TX,ASW,CE,Combined TRACON& Tower with Radar,2,3,16,6,27,0,0,29,0,29,2,3,45,6,56,28,14,42,98
06/05/2011,GGG,TX,ASW,CE,Combined TRACON& Tower with Radar,4,2,17,0,23,0,0,9,0,9,4,2,26,0,32,0,0,0,32
06/06/2011,GGG,TX,ASW,CE,Combined TRACON& Tower with Radar,2,8,28,0,38,0,0,48,0,48,2,8,76,0,86,110,0,110,196
06/07/2011,GGG,TX,ASW,CE,Combined TRACON& Tower with Radar,2,4,37,15,58,0,1,55,2,58,2,5,92,17,116,98,12,110,226
06/08/2011,GGG,TX,ASW,CE,Combined TRACON& Tower with Radar,2,2,42,0,46,0,2,37,2,41,2,4,79,2,87,150,0,150,237
06/09/2011,GGG,TX,ASW,CE,Combined TRACON& Tower with Radar,6,3,30,10,49,0,0,71,0,71,6,3,101,10,120,168,38,206,326
06/10/2011,GGG,TX,ASW,CE,Combined TRACON& Tower with Radar,4,0,28,26,58,0,0,66,0,66,4,0,94,26,124,80,50,130,254
06/11/2011,GGG,TX,ASW,CE,Combined TRACON& Tower with Radar,4,0,21,1,26,0,0,34,0,34,4,0,55,1,60,40,0,40,100
06/12/2011,GGG,TX,ASW,CE,Combined TRACON& Tower with Radar,4,2,26,27,59,0,0,16,1,17,4,2,42,28,76,20,40,60,136
06/13/2011,GGG,TX,ASW,CE,Combined TRACON& Tower with Radar,4,3,29,2,38,0,0,56,0,56,4,3,85,2,94,70,30,100,194
06/14/2011,GGG,TX,ASW,CE,Combined TRACON& Tower with Radar,4,0,53,0,57,0,1,53,0,54,4,1,106,0,111,46,0,46,157
06/15/2011,GGG,TX,ASW,CE,Combined TRACON& Tower with Radar,4,0,45,4,53,0,0,49,0,49,4,0,94,4,102,64,0,64,166
06/16/2011,GGG,TX,ASW,CE,Combined TRACON& Tower with Radar,4,1,46,8,59,0,0,44,2,46,4,1,90,10,105,166,10,176,281
06/17/2011,GGG,TX,ASW,CE,Combined TRACON& Tower with Radar,4,2,28,24,58,0,1,34,0,35,4,3,62,24,93,54,34,88,181
06/18/2011,GGG,TX,ASW,CE,Combined TRACON& Tower with Radar,4,2,22,2,30,0,8,11,0,19,4,10,33,2,49,34,6,40,89
06/19/2011,GGG,TX,ASW,CE,Combined TRACON& Tower with Radar,4,2,21,8,35,0,2,10,4,16,4,4,31,12,51,18,10,28,79
06/20/2011,GGG,TX,ASW,CE,Combined TRACON& Tower with Radar,4,3,15,12,34,0,1,13,1,15,4,4,28,13,49,20,26,46,95
06/21/2011,GGG,TX,ASW,CE,Combined TRACON& Tower with Radar,4,4,27,0,35,0,4,10,2,16,4,8,37,2,51,24,0,24,75
06/22/2011,GGG,TX,ASW,CE,Combined TRACON& Tower with Radar,4,1,34,6,45,0,4,35,0,39,4,5,69,6,84,50,8,58,142
06/23/2011,GGG,TX,ASW,CE,Combined TRACON& Tower with Radar,4,0,50,13,67,0,2,43,4,49,4,2,93,17,116,84,16,100,216
06/24/2011,GGG,TX,ASW,CE,Combined TRACON& Tower with Radar,3,1,43,0,47,0,1,65,0,66,3,2,108,0,113,142,0,142,255
06/25/2011,GGG,TX,ASW,CE,Combined TRACON& Tower with Radar,5,2,27,9,43,0,0,19,1,20,5,2,46,10,63,40,8,48,111
06/26/2011,GGG,TX,ASW,CE,Combined TRACON& Tower with Radar,4,0,11,0,15,0,0,17,0,17,4,0,28,0,32,0,0,0,32
06/27/2011,GGG,TX,ASW,CE,Combined TRACON& Tower with Radar,4,1,27,6,38,0,0,43,0,43,4,1,70,6,81,104,10,114,195
06/28/2011,GGG,TX,ASW,CE,Combined TRACON& Tower with Radar,4,0,23,8,35,0,0,70,0,70,4,0,93,8,105,174,4,178,283
06/29/2011,GGG,TX,ASW,CE,Combined TRACON& Tower with Radar,6,2,40,8,56,0,0,100,2,102,6,2,140,10,158,220,8,228,386
06/30/2011,GGG,TX,ASW,CE,Combined TRACON& Tower with Radar,4,2,33,12,51,0,0,36,2,38,4,2,69,14,89,70,14,84,173
07/01/2011,GGG,TX,ASW,CE,Combined TRACON& Tower with Radar,4,0,33,0,37,0,0,42,0,42,4,0,75,0,79,122,0,122,201
07/02/2011,GGG,TX,ASW,CE,Combined TRACON& Tower with Radar,6,2,18,0,26,0,0,19,0,19,6,2,37,0,45,0,0,0,45
07/03/2011,GGG,TX,ASW,CE,Combined TRACON& Tower with Radar,2,0,9,0,11,0,0,9,0,9,2,0,18,0,20,0,0,0,20
07/04/2011,GGG,TX,ASW,CE,Combined TRACON& Tower with Radar,2,2,15,2,21,0,0,7,0,7,2,2,22,2,28,4,0,4,32
07/05/2011,GGG,TX,ASW,CE,Combined TRACON& Tower with Radar,4,5,33,2,44,0,0,42,0,42,4,5,75,2,86,94,0,94,180
07/06/2011,GGG,TX,ASW,CE,Combined TRACON& Tower with Radar,4,1,34,6,45,0,0,49,2,51,4,1,83,8,96,196,28,224,320
07/07/2011,GGG,TX,ASW,CE,Combined TRACON& Tower with Radar,2,4,26,8,40,0,0,39,6,45,2,4,65,14,85,122,22,144,229
07/08/2011,GGG,TX,ASW,CE,Combined TRACON& Tower with Radar,4,2,28,4,38,0,1,53,0,54,4,3,81,4,92,58,2,60,152
07/09/2011,GGG,TX,ASW,CE,Combined TRACON& Tower with Radar,4,4,21,0,29,0,1,26,0,27,4,5,47,0,56,34,0,34,90
07/10/2011,GGG,TX,ASW,CE,Combined TRACON& Tower with Radar,4,2,16,0,22,0,0,16,0,16,4,2,32,0,38,0,0,0,38
07/11/2011,GGG,TX,ASW,CE,Combined TRACON& Tower with Radar,3,0,30,4,37,0,2,52,0,54,3,2,82,4,91,112,2,114,205
07/12/2011,GGG,TX,ASW,CE,Combined TRACON& Tower with Radar,4,2,39,0,45,0,4,49,0,53,4,6,88,0,98,226,0,226,324
07/13/2011,GGG,TX,ASW,CE,Combined TRACON& Tower with Radar,4,3,46,22,75,0,2,41,0,43,4,5,87,22,118,164,52,216,334
07/14/2011,GGG,TX,ASW,CE,Combined TRACON& Tower with Radar,4,0,33,12,49,0,2,28,0,30,4,2,61,12,79,66,10,76,155
07/15/2011,GGG,TX,ASW,CE,Combined TRACON& Tower with Radar,4,2,28,9,43,0,4,28,1,33,4,6,56,10,76,188,18,206,282
07/16/2011,GGG,TX,ASW,CE,Combined TRACON& Tower with Radar,4,0,17,10,31,0,3,25,0,28,4,3,42,10,59,48,12,60,119
07/17/2011,GGG,TX,ASW,CE,Combined TRACON& Tower with Radar,3,0,20,4,27,0,0,13,0,13,3,0,33,4,40,4,14,18,58
07/18/2011,GGG,TX,ASW,CE,Combined TRACON& Tower with Radar,5,0,41,4,50,0,0,40,0,40,5,0,81,4,90,134,26,160,250
07/19/2011,GGG,TX,ASW,CE,Combined TRACON& Tower with Radar,4,0,47,2,53,0,0,46,2,48,4,0,93,4,101,388,0,388,489
07/20/2011,GGG,TX,ASW,CE,Combined TRACON& Tower with Radar,4,2,42,4,52,0,0,50,0,50,4,2,92,4,102,320,18,338,440
07/21/2011,GGG,TX,ASW,CE,Combined TRACON& Tower with Radar,4,1,42,12,59,0,0,42,0,42,4,1,84,12,101,196,46,242,343
07/22/2011,GGG,TX,ASW,CE,Combined TRACON& Tower with Radar,4,1,33,0,38,0,0,42,2,44,4,1,75,2,82,56,0,56,138
07/23/2011,GGG,TX,ASW,CE,Combined TRACON& Tower with Radar,4,0,15,4,23,0,1,12,3,16,4,1,27,7,39,28,6,34,73
07/24/2011,GGG,TX,ASW,CE,Combined TRACON& Tower with Radar,4,0,20,0,24,0,0,9,0,9,4,0,29,0,33,0,0,0,33
07/25/2011,GGG,TX,ASW,CE,Combined TRACON& Tower with Radar,3,0,38,2,43,0,4,24,0,28,3,4,62,2,71,44,0,44,115
07/26/2011,GGG,TX,ASW,CE,Combined TRACON& Tower with Radar,5,2,28,3,38,0,2,26,2,30,5,4,54,5,68,54,2,56,124
07/27/2011,GGG,TX,ASW,CE,Combined TRACON& Tower with Radar,3,1,39,2,45,0,0,32,0,32,3,1,71,2,77,32,12,44,121
07/28/2011,GGG,TX,ASW,CE,Combined TRACON& Tower with Radar,5,2,41,6,54,0,7,16,0,23,5,9,57,6,77,20,8,28,105
07/29/2011,GGG,TX,ASW,CE,Combined TRACON& Tower with Radar,4,1,26,0,31,0,0,20,0,20,4,1,46,0,51,138,0,138,189
07/30/2011,GGG,TX,ASW,CE,Combined TRACON& Tower with Radar,4,0,7,1,12,0,0,36,0,36,4,0,43,1,48,234,0,234,282
07/31/2011,GGG,TX,ASW,CE,Combined TRACON& Tower with Radar,4,0,22,1,27,0,0,10,1,11,4,0,32,2,38,30,2,32,70
08/01/2011,GGG,TX,ASW,CE,Combined TRACON& Tower with Radar,4,0,25,10,39,0,2,32,0,34,4,2,57,10,73,46,14,60,133
08/02/2011,GGG,TX,ASW,CE,Combined TRACON& Tower with Radar,4,5,31,12,52,0,2,29,0,31,4,7,60,12,83,8,0,8,91
08/03/2011,GGG,TX,ASW,CE,Combined TRACON& Tower with Radar,4,0,14,2,20,0,9,24,1,34,4,9,38,3,54,16,4,20,74
08/04/2011,GGG,TX,ASW,CE,Combined TRACON& Tower with Radar,4,16,23,6,49,0,2,20,0,22,4,18,43,6,71,38,16,54,125
08/05/2011,GGG,TX,ASW,CE,Combined TRACON& Tower with Radar,4,2,19,6,31,0,0,33,0,33,4,2,52,6,64,24,8,32,96
08/06/2011,GGG,TX,ASW,CE,Combined TRACON& Tower with Radar,4,0,10,0,14,0,0,26,0,26,4,0,36,0,40,40,0,40,80
08/07/2011,GGG,TX,ASW,CE,Combined TRACON& Tower with Radar,4,2,14,0,20,0,0,15,0,15,4,2,29,0,35,2,0,2,37
08/08/2011,GGG,TX,ASW,CE,Combined TRACON& Tower with Radar,4,0,23,7,34,0,6,36,0,42,4,6,59,7,76,28,0,28,104
08/09/2011,GGG,TX,ASW,CE,Combined TRACON& Tower with Radar,4,0,24,6,34,0,1,26,0,27,4,1,50,6,61,36,16,52,113
08/10/2011,GGG,TX,ASW,CE,Combined TRACON& Tower with Radar,6,3,25,6,40,0,0,36,0,36,6,3,61,6,76,36,12,48,124
08/11/2011,GGG,TX,ASW,CE,Combined TRACON& Tower with Radar,4,11,30,0,45,0,1,27,0,28,4,12,57,0,73,68,0,68,141
08/12/2011,GGG,TX,ASW,CE,Combined TRACON& Tower with Radar,4,0,24,4,32,0,2,46,1,49,4,2,70,5,81,84,26,110,191
08/13/2011,GGG,TX,ASW,CE,Combined TRACON& Tower with Radar,6,0,9,10,25,0,0,8,0,8,6,0,17,10,33,0,0,0,33
08/14/2011,GGG,TX,ASW,CE,Combined TRACON& Tower with Radar,4,0,9,6,19,0,0,15,2,17,4,0,24,8,36,40,0,40,76
08/15/2011,GGG,TX,ASW,CE,Combined TRACON& Tower with Radar,2,2,21,7,32,0,0,43,1,44,2,2,64,8,76,36,6,42,118
08/16/2011,GGG,TX,ASW,CE,Combined TRACON& Tower with Radar,2,4,34,0,40,0,2,38,0,40,2,6,72,0,80,18,0,18,98
08/17/2011,GGG,TX,ASW,CE,Combined TRACON& Tower with Radar,4,0,37,2,43,0,2,36,0,38,4,2,73,2,81,66,0,66,147
08/18/2011,GGG,TX,ASW,CE,Combined TRACON& Tower with Radar,4,2,37,3,46,0,2,71,0,73,4,4,108,3,119,184,0,184,303
08/19/2011,GGG,TX,ASW,CE,Combined TRACON& Tower with Radar,4,0,34,2,40,0,2,44,0,46,4,2,78,2,86,144,0,144,230
08/20/2011,GGG,TX,ASW,CE,Combined TRACON& Tower with Radar,4,0,14,6,24,0,0,26,2,28,4,0,40,8,52,52,10,62,114
08/21/2011,GGG,TX,ASW,CE,Combined TRACON& Tower with Radar,4,2,23,0,29,0,0,7,0,7,4,2,30,0,36,14,0,14,50
08/22/2011,GGG,TX,ASW,CE,Combined TRACON& Tower with Radar,4,0,22,4,30,0,0,31,0,31,4,0,53,4,61,124,52,176,237
08/23/2011,GGG,TX,ASW,CE,Combined TRACON& Tower with Radar,2,2,48,0,52,0,2,23,0,25,2,4,71,0,77,72,0,72,149
08/24/2011,GGG,TX,ASW,CE,Combined TRACON& Tower with Radar,5,1,31,8,45,0,4,28,2,34,5,5,59,10,79,20,2,22,101
08/25/2011,GGG,TX,ASW,CE,Combined TRACON& Tower with Radar,8,0,33,6,47,0,0,53,0,53,8,0,86,6,100,126,24,150,250
08/26/2011,GGG,TX,ASW,CE,Combined TRACON& Tower with Radar,4,5,35,3,47,0,0,56,0,56,4,5,91,3,103,176,8,184,287
08/27/2011,GGG,TX,ASW,CE,Combined TRACON& Tower with Radar,2,0,17,0,19,0,2,43,0,45,2,2,60,0,64,72,0,72,136
08/28/2011,GGG,TX,ASW,CE,Combined TRACON& Tower with Radar,4,0,14,0,18,0,1,27,0,28,4,1,41,0,46,62,0,62,108
08/29/2011,GGG,TX,ASW,CE,Combined TRACON& Tower with Radar,4,0,30,1,35,0,2,39,0,41,4,2,69,1,76,110,0,110,186
08/30/2011,GGG,TX,ASW,CE,Combined TRACON& Tower with Radar,4,4,28,18,54,0,2,55,0,57,4,6,83,18,111,214,36,250,361
08/31/2011,GGG,TX,ASW,CE,Combined TRACON& Tower with Radar,4,0,33,6,43,0,2,89,0,91,4,2,122,6,134,158,32,190,324
09/01/2011,GGG,TX,ASW,CE,Combined TRACON& Tower with Radar,4,0,49,0,53,0,4,70,0,74,4,4,119,0,127,138,0,138,265
09/02/2011,GGG,TX,ASW,CE,Combined TRACON& Tower with Radar,4,1,20,1,26,0,0,31,0,31,4,1,51,1,57,50,0,50,107
09/03/2011,GGG,TX,ASW,CE,Combined TRACON& Tower with Radar,2,1,15,0,18,0,1,32,0,33,2,2,47,0,51,42,0,42,93
09/04/2011,GGG,TX,ASW,CE,Combined TRACON& Tower with Radar,4,0,7,0,11,0,1,92,0,93,4,1,99,0,104,6,0,6,110
09/05/2011,GGG,TX,ASW,CE,Combined TRACON& Tower with Radar,4,2,22,5,33,0,2,29,1,32,4,4,51,6,65,68,0,68,133
09/06/2011,GGG,TX,ASW,CE,Combined TRACON& Tower with Radar,4,0,31,1,36,0,1,53,7,61,4,1,84,8,97,64,0,64,161
09/07/2011,GGG,TX,ASW,CE,Combined TRACON& Tower with Radar,4,4,42,4,54,0,8,32,20,60,4,12,74,24,114,26,4,30,144
09/08/2011,GGG,TX,ASW,CE,Combined TRACON& Tower with Radar,4,2,25,3,34,0,0,80,24,104,4,2,105,27,138,78,2,80,218
09/09/2011,GGG,TX,ASW,CE,Combined TRACON& Tower with Radar,6,2,26,5,39,0,9,82,16,107,6,11,108,21,146,164,0,164,310
09/10/2011,GGG,TX,ASW,CE,Combined TRACON& Tower with Radar,2,0,20,1,23,0,8,50,12,70,2,8,70,13,93,44,0,44,137
09/11/2011,GGG,TX,ASW,CE,Combined TRACON& Tower with Radar,4,2,17,8,31,0,2,24,25,51,4,4,41,33,82,28,22,50,132
09/12/2011,GGG,TX,ASW,CE,Combined TRACON& Tower with Radar,4,4,28,0,36,0,2,74,22,98,4,6,102,22,134,104,2,106,240
09/13/2011,GGG,TX,ASW,CE,Combined TRACON& Tower with Radar,4,2,25,17,48,0,0,60,27,87,4,2,85,44,135,116,22,138,273
09/14/2011,GGG,TX,ASW,CE,Combined TRACON& Tower with Radar,4,1,34,11,50,0,4,72,42,118,4,5,106,53,168,74,0,74,242
09/15/2011,GGG,TX,ASW,CE,Combined TRACON& Tower with Radar,4,0,45,5,54,0,0,62,4,66,4,0,107,9,120,176,6,182,302
09/16/2011,GGG,TX,ASW,CE,Combined TRACON& Tower with Radar,8,0,40,26,74,0,0,70,7,77,8,0,110,33,151,142,28,170,321
09/17/2011,GGG,TX,ASW,CE,Combined TRACON& Tower with Radar,2,1,17,0,20,0,0,64,3,67,2,1,81,3,87,142,0,142,229
09/18/2011,GGG,TX,ASW,CE,Combined TRACON& Tower with Radar,4,2,23,0,29,0,0,7,0,7,4,2,30,0,36,24,0,24,60
09/19/2011,GGG,TX,ASW,CE,Combined TRACON& Tower with Radar,4,1,43,14,62,0,0,30,0,30,4,1,73,14,92,68,28,96,188
09/20/2011,GGG,TX,ASW,CE,Combined TRACON& Tower with Radar,4,3,29,5,41,0,0,67,6,73,4,3,96,11,114,120,42,162,276
09/21/2011,GGG,TX,ASW,CE,Combined TRACON& Tower with Radar,4,3,26,16,49,0,1,64,1,66,4,4,90,17,115,154,42,196,311
09/22/2011,GGG,TX,ASW,CE,Combined TRACON& Tower with Radar,4,2,51,2,59,0,0,63,0,63,4,2,114,2,122,120,0,120,242
09/23/2011,GGG,TX,ASW,CE,Combined TRACON& Tower with Radar,4,4,40,0,48,0,2,49,2,53,4,6,89,2,101,222,0,222,323
09/24/2011,GGG,TX,ASW,CE,Combined TRACON& Tower with Radar,2,3,29,8,42,0,0,69,3,72,2,3,98,11,114,166,42,208,322
09/25/2011,GGG,TX,ASW,CE,Combined TRACON& Tower with Radar,2,2,24,0,28,0,0,27,7,34,2,2,51,7,62,0,0,0,62
09/26/2011,GGG,TX,ASW,CE,Combined TRACON& Tower with Radar,4,2,32,20,58,0,1,69,3,73,4,3,101,23,131,214,38,252,383
09/27/2011,GGG,TX,ASW,CE,Combined TRACON& Tower with Radar,4,0,39,0,43,0,0,73,1,74,4,0,112,1,117,294,4,298,415
09/28/2011,GGG,TX,ASW,CE,Combined TRACON& Tower with Radar,4,4,39,13,60,0,0,68,2,70,4,4,107,15,130,156,8,164,294
09/29/2011,GGG,TX,ASW,CE,Combined TRACON& Tower with Radar,4,1,27,1,33,0,2,55,0,57,4,3,82,1,90,186,0,186,276
09/30/2011,GGG,TX,ASW,CE,Combined TRACON& Tower with Radar,4,0,37,0,41,0,4,53,6,63,4,4,90,6,104,152,0,152,256
10/01/2011,GGG,TX,ASW,CE,Combined TRACON& Tower with Radar,2,0,21,18,41,0,2,49,1,52,2,2,70,19,93,124,30,154,247
10/02/2011,GGG,TX,ASW,CE,Combined TRACON& Tower with Radar,4,1,30,0,35,0,2,26,0,28,4,3,56,0,63,14,0,14,77
10/03/2011,GGG,TX,ASW,CE,Combined TRACON& Tower with Radar,4,4,25,7,40,0,2,62,0,64,4,6,87,7,104,190,20,210,314
10/04/2011,GGG,TX,ASW,CE,Combined TRACON& Tower with Radar,4,0,25,12,41,0,2,74,0,76,4,2,99,12,117,226,18,244,361
10/05/2011,GGG,TX,ASW,CE,Combined TRACON& Tower with Radar,4,5,62,7,78,0,1,70,0,71,4,6,132,7,149,138,2,140,289
10/06/2011,GGG,TX,ASW,CE,Combined TRACON& Tower with Radar,6,0,40,7,53,0,2,67,3,72,6,2,107,10,125,160,0,160,285
10/07/2011,GGG,TX,ASW,CE,Combined TRACON& Tower with Radar,4,2,37,12,55,0,4,38,12,54,4,6,75,24,109,166,34,200,309
10/08/2011,GGG,TX,ASW,CE,Combined TRACON& Tower with Radar,2,3,22,0,27,0,1,33,0,34,2,4,55,0,61,60,0,60,121
10/09/2011,GGG,TX,ASW,CE,Combined TRACON& Tower with Radar,6,2,30,0,38,0,0,8,1,9,6,2,38,1,47,12,0,12,59
10/10/2011,GGG,TX,ASW,CE,Combined TRACON& Tower with Radar,4,3,36,7,50,0,0,29,10,39,4,3,65,17,89,332,10,342,431
10/11/2011,GGG,TX,ASW,CE,Combined TRACON& Tower with Radar,4,1,35,6,46,0,2,60,2,64,4,3,95,8,110,356,2,358,468
10/12/2011,GGG,TX,ASW,CE,Combined TRACON& Tower with Radar,4,1,32,3,40,0,2,24,0,26,4,3,56,3,66,52,0,52,118
10/13/2011,GGG,TX,ASW,CE,Combined TRACON& Tower with Radar,4,3,36,10,53,0,0,77,1,78,4,3,113,11,131,144,30,174,305
10/14/2011,GGG,TX,ASW,CE,Combined TRACON& Tower with Radar,4,3,40,3,50,0,6,71,0,77,4,9,111,3,127,220,0,220,347
10/15/2011,GGG,TX,ASW,CE,Combined TRACON& Tower with Radar,2,0,25,0,27,0,0,40,0,40,2,0,65,0,67,98,0,98,165
10/16/2011,GGG,TX,ASW,CE,Combined TRACON& Tower with Radar,4,0,25,0,29,0,0,12,0,12,4,0,37,0,41,12,0,12,53
10/17/2011,GGG,TX,ASW,CE,Combined TRACON& Tower with Radar,4,3,21,0,28,0,1,26,0,27,4,4,47,0,55,72,0,72,127
10/18/2011,GGG,TX,ASW,CE,Combined TRACON& Tower with Radar,4,1,37,16,58,0,0,16,0,16,4,1,53,16,74,72,38,110,184
10/19/2011,GGG,TX,ASW,CE,Combined TRACON& Tower with Radar,4,0,53,0,57,0,3,22,7,32,4,3,75,7,89,80,0,80,169
10/20/2011,GGG,TX,ASW,CE,Combined TRACON& Tower with Radar,4,2,45,0,51,0,1,92,4,97,4,3,137,4,148,284,0,284,432
10/21/2011,GGG,TX,ASW,CE,Combined TRACON& Tower with Radar,4,2,44,12,62,0,0,69,5,74,4,2,113,17,136,304,8,312,448
10/22/2011,GGG,TX,ASW,CE,Combined TRACON& Tower with Radar,2,0,28,1,31,0,0,52,0,52,2,0,80,1,83,230,0,230,313
10/23/2011,GGG,TX,ASW,CE,Combined TRACON& Tower with Radar,4,0,24,6,34,0,0,3,3,6,4,0,27,9,40,14,4,18,58
10/24/2011,GGG,TX,ASW,CE,Combined TRACON& Tower with Radar,4,0,46,2,52,0,0,46,0,46,4,0,92,2,98,76,22,98,196
10/25/2011,GGG,TX,ASW,CE,Combined TRACON& Tower with Radar,4,0,32,32,68,0,2,43,1,46,4,2,75,33,114,178,38,216,330
10/26/2011,GGG,TX,ASW,CE,Combined TRACON& Tower with Radar,4,0,44,28,76,0,2,38,2,42,4,2,82,30,118,90,20,110,228
10/27/2011,GGG,TX,ASW,CE,Combined TRACON& Tower with Radar,4,5,50,6,65,0,0,4,0,4,4,5,54,6,69,8,0,8,77
10/28/2011,GGG,TX,ASW,CE,Combined TRACON& Tower with Radar,4,8,64,23,99,0,0,16,2,18,4,8,80,25,117,196,22,218,335
10/29/2011,GGG,TX,ASW,CE,Combined TRACON& Tower with Radar,1,0,19,13,33,0,0,50,11,61,1,0,69,24,94,132,24,156,250
10/30/2011,GGG,TX,ASW,CE,Combined TRACON& Tower with Radar,5,4,14,18,41,0,0,25,10,35,5,4,39,28,76,98,46,144,220
10/31/2011,GGG,TX,ASW,CE,Combined TRACON& Tower with Radar,4,4,26,12,46,0,0,88,2,90,4,4,114,14,136,184,14,198,334
11/01/2011,GGG,TX,ASW,CE,Combined TRACON& Tower with Radar,4,0,28,15,47,0,2,79,1,82,4,2,107,16,129,238,18,256,385
11/02/2011,GGG,TX,ASW,CE,Combined TRACON& Tower with Radar,4,2,42,6,54,0,2,42,0,44,4,4,84,6,98,50,12,62,160
11/03/2011,GGG,TX,ASW,CE,Combined TRACON& Tower with Radar,4,1,30,14,49,0,2,54,0,56,4,3,84,14,105,154,10,164,269
11/04/2011,GGG,TX,ASW,CE,Combined TRACON& Tower with Radar,6,3,41,17,67,0,0,51,0,51,6,3,92,17,118,76,36,112,230
11/05/2011,GGG,TX,ASW,CE,Combined TRACON& Tower with Radar,2,1,24,0,27,0,1,41,0,42,2,2,65,0,69,96,0,96,165
11/06/2011,GGG,TX,ASW,CE,Combined TRACON& Tower with Radar,4,6,39,0,49,0,0,12,0,12,4,6,51,0,61,66,14,80,141
11/07/2011,GGG,TX,ASW,CE,Combined TRACON& Tower with Radar,6,3,38,10,57,0,0,18,0,18,6,3,56,10,75,94,18,112,187
11/08/2011,GGG,TX,ASW,CE,Combined TRACON& Tower with Radar,4,5,22,0,31,0,0,4,0,4,4,5,26,0,35,12,0,12,47
11/09/2011,GGG,TX,ASW,CE,Combined TRACON& Tower with Radar,4,3,50,40,97,0,4,26,1,31,4,7,76,41,128,98,52,150,278
11/10/2011,GGG,TX,ASW,CE,Combined TRACON& Tower with Radar,4,3,45,24,76,0,0,83,0,83,4,3,128,24,159,172,48,220,379
11/11/2011,GGG,TX,ASW,CE,Combined TRACON& Tower with Radar,4,1,35,8,48,0,2,79,0,81,4,3,114,8,129,206,8,214,343
11/12/2011,GGG,TX,ASW,CE,Combined TRACON& Tower with Radar,2,0,18,0,20,0,0,22,0,22,2,0,40,0,42,20,0,20,62
11/13/2011,GGG,TX,ASW,CE,Combined TRACON& Tower with Radar,4,0,18,0,22,0,0,6,0,6,4,0,24,0,28,2,0,2,30
11/14/2011,GGG,TX,ASW,CE,Combined TRACON& Tower with Radar,4,0,43,2,49,0,0,23,5,28,4,0,66,7,77,108,2,110,187
11/15/2011,GGG,TX,ASW,CE,Combined TRACON& Tower with Radar,4,2,34,2,42,0,0,0,0,0,4,2,34,2,42,0,0,0,42
11/16/2011,GGG,TX,ASW,CE,Combined TRACON& Tower with Radar,4,2,71,0,77,0,0,2,0,2,4,2,73,0,79,16,0,16,95
11/17/2011,GGG,TX,ASW,CE,Combined TRACON& Tower with Radar,4,0,63,17,84,0,3,115,24,142,4,3,178,41,226,360,22,382,608
11/18/2011,GGG,TX,ASW,CE,Combined TRACON& Tower with Radar,4,1,59,0,64,0,2,76,2,80,4,3,135,2,144,158,0,158,302
11/19/2011,GGG,TX,ASW,CE,Combined TRACON& Tower with Radar,4,2,33,0,39,0,0,14,1,15,4,2,47,1,54,12,0,12,66
11/20/2011,GGG,TX,ASW,CE,Combined TRACON& Tower with Radar,4,0,22,0,26,0,0,7,0,7,4,0,29,0,33,4,0,4,37
11/21/2011,GGG,TX,ASW,CE,Combined TRACON& Tower with Radar,6,4,47,0,57,0,2,22,0,24,6,6,69,0,81,104,0,104,185
11/22/2011,GGG,TX,ASW,CE,Combined TRACON& Tower with Radar,2,2,53,0,57,0,1,3,0,4,2,3,56,0,61,66,0,66,127
11/23/2011,GGG,TX,ASW,CE,Combined TRACON& Tower with Radar,2,0,27,0,29,0,0,46,1,47,2,0,73,1,76,72,0,72,148
11/24/2011,GGG,TX,ASW,CE,Combined TRACON& Tower with Radar,4,0,6,0,10,0,0,3,0,3,4,0,9,0,13,0,0,0,13
11/25/2011,GGG,TX,ASW,CE,Combined TRACON& Tower with Radar,4,0,25,0,29,0,0,21,0,21,4,0,46,0,50,90,0,90,140
11/26/2011,GGG,TX,ASW,CE,Combined TRACON& Tower with Radar,4,0,26,0,30,0,0,0,0,0,4,0,26,0,30,32,0,32,62
11/27/2011,GGG,TX,ASW,CE,Combined TRACON& Tower with Radar,4,0,25,0,29,0,0,17,0,17,4,0,42,0,46,18,0,18,64
11/28/2011,GGG,TX,ASW,CE,Combined TRACON& Tower with Radar,2,3,61,0,66,0,0,72,0,72,2,3,133,0,138,246,0,246,384
11/29/2011,GGG,TX,ASW,CE,Combined TRACON& Tower with Radar,2,2,32,8,44,0,0,70,2,72,2,2,102,10,116,328,72,400,516
11/30/2011,GGG,TX,ASW,CE,Combined TRACON& Tower with Radar,2,2,54,3,61,0,3,68,0,71,2,5,122,3,132,288,0,288,420
12/01/2011,GGG,TX,ASW,CE,Combined TRACON& Tower with Radar,2,0,42,6,50,0,0,73,0,73,2,0,115,6,123,244,4,248,371
12/02/2011,GGG,TX,ASW,CE,Combined TRACON& Tower with Radar,4,3,40,1,48,0,0,49,2,51,4,3,89,3,99,282,0,282,381
12/03/2011,GGG,TX,ASW,CE,Combined TRACON& Tower with Radar,4,5,20,0,29,0,0,0,0,0,4,5,20,0,29,28,0,28,57
12/04/2011,GGG,TX,ASW,CE,Combined TRACON& Tower with Radar,4,7,14,0,25,0,0,0,0,0,4,7,14,0,25,0,0,0,25
12/05/2011,GGG,TX,ASW,CE,Combined TRACON& Tower with Radar,5,1,26,0,32,0,0,0,0,0,5,1,26,0,32,0,0,0,32
12/06/2011,GGG,TX,ASW,CE,Combined TRACON& Tower with Radar,3,6,36,4,49,0,0,1,0,1,3,6,37,4,50,42,0,42,92
12/07/2011,GGG,TX,ASW,CE,Combined TRACON& Tower with Radar,2,5,51,0,58,0,0,96,0,96,2,5,147,0,154,302,0,302,456
12/08/2011,GGG,TX,ASW,CE,Combined TRACON& Tower with Radar,4,2,40,19,65,0,2,88,2,92,4,4,128,21,157,226,76,302,459
12/09/2011,GGG,TX,ASW,CE,Combined TRACON& Tower with Radar,4,6,64,22,96,0,0,42,0,42,4,6,106,22,138,216,48,264,402
12/10/2011,GGG,TX,ASW,CE,Combined TRACON& Tower with Radar,4,2,26,0,32,0,1,52,0,53,4,3,78,0,85,106,0,106,191
12/11/2011,GGG,TX,ASW,CE,Combined TRACON& Tower with Radar,4,3,20,2,29,0,0,22,2,24,4,3,42,4,53,0,0,0,53
12/12/2011,GGG,TX,ASW,CE,Combined TRACON& Tower with Radar,4,0,36,1,41,0,4,56,0,60,4,4,92,1,101,226,8,234,335
12/13/2011,GGG,TX,ASW,CE,Combined TRACON& Tower with Radar,2,3,42,24,71,0,4,45,3,52,2,7,87,27,123,204,52,256,379
12/14/2011,GGG,TX,ASW,CE,Combined TRACON& Tower with Radar,6,3,53,24,86,0,2,8,1,11,6,5,61,25,97,58,36,94,191
12/15/2011,GGG,TX,ASW,CE,Combined TRACON& Tower with Radar,4,8,50,0,62,0,0,3,1,4,4,8,53,1,66,0,0,0,66
12/16/2011,GGG,TX,ASW,CE,Combined TRACON& Tower with Radar,4,2,37,8,51,0,2,1,0,3,4,4,38,8,54,4,10,14,68
12/17/2011,GGG,TX,ASW,CE,Combined TRACON& Tower with Radar,4,0,16,0,20,0,1,18,0,19,4,1,34,0,39,48,0,48,87
12/18/2011,GGG,TX,ASW,CE,Combined TRACON& Tower with Radar,4,0,20,8,32,0,0,21,0,21,4,0,41,8,53,14,14,28,81
12/19/2011,GGG,TX,ASW,CE,Combined TRACON& Tower with Radar,2,6,25,2,35,0,0,14,0,14,2,6,39,2,49,10,16,26,75
12/20/2011,GGG,TX,ASW,CE,Combined TRACON& Tower with Radar,2,1,20,16,39,0,2,10,0,12,2,3,30,16,51,42,128,170,221
12/21/2011,GGG,TX,ASW,CE,Combined TRACON& Tower with Radar,2,5,35,5,47,0,3,22,0,25,2,8,57,5,72,24,18,42,114
12/22/2011,GGG,TX,ASW,CE,Combined TRACON& Tower with Radar,4,5,21,10,40,0,0,0,0,0,4,5,21,10,40,4,16,20,60
12/23/2011,GGG,TX,ASW,CE,Combined TRACON& Tower with Radar,4,2,22,0,28,0,0,1,0,1,4,2,23,0,29,28,0,28,57
12/24/2011,GGG,TX,ASW,CE,Combined TRACON& Tower with Radar,4,1,5,0,10,0,0,1,0,1,4,1,6,0,11,0,0,0,11
12/25/2011,GGG,TX,ASW,CE,Combined TRACON& Tower with Radar,4,0,0,0,4,0,0,0,0,0,4,0,0,0,4,0,0,0,4
12/26/2011,GGG,TX,ASW,CE,Combined TRACON& Tower with Radar,4,4,14,0,22,0,0,0,0,0,4,4,14,0,22,0,0,0,22
12/27/2011,GGG,TX,ASW,CE,Combined TRACON& Tower with Radar,2,8,16,6,32,0,1,29,0,30,2,9,45,6,62,52,12,64,126
12/28/2011,GGG,TX,ASW,CE,Combined TRACON& Tower with Radar,2,0,28,2,32,0,2,30,0,32,2,2,58,2,64,36,0,36,100
12/29/2011,GGG,TX,ASW,CE,Combined TRACON& Tower with Radar,2,0,19,0,21,0,2,9,1,12,2,2,28,1,33,22,0,22,55
12/30/2011,GGG,TX,ASW,CE,Combined TRACON& Tower with Radar,4,5,20,0,29,0,0,26,0,26,4,5,46,0,55,22,0,22,77
12/31/2011,GGG,TX,ASW,CE,Combined TRACON& Tower with Radar,4,0,14,0,18,0,1,0,0,1,4,1,14,0,19,0,0,0,19
01/01/2012,GGG,TX,ASW,CE,Combined TRACON& Tower with Radar,4,1,6,0,11,0,0,4,0,4,4,1,10,0,15,0,0,0,15
01/02/2012,GGG,TX,ASW,CE,Combined TRACON& Tower with Radar,4,1,18,0,23,0,2,10,0,12,4,3,28,0,35,16,0,16,51
01/03/2012,GGG,TX,ASW,CE,Combined TRACON& Tower with Radar,2,1,19,0,22,0,1,36,0,37,2,2,55,0,59,146,0,146,205
01/04/2012,GGG,TX,ASW,CE,Combined TRACON& Tower with Radar,2,1,27,0,30,0,1,36,0,37,2,2,63,0,67,106,0,106,173
01/05/2012,GGG,TX,ASW,CE,Combined TRACON& Tower with Radar,4,4,38,1,47,0,1,71,1,73,4,5,109,2,120,234,10,244,364
01/06/2012,GGG,TX,ASW,CE,Combined TRACON& Tower with Radar,4,3,22,16,45,0,3,21,1,25,4,6,43,17,70,8,6,14,84
01/07/2012,GGG,TX,ASW,CE,Combined TRACON& Tower with Radar,4,0,15,6,25,0,0,14,0,14,4,0,29,6,39,82,8,90,129
01/08/2012,GGG,TX,ASW,CE,Combined TRACON& Tower with Radar,2,0,21,0,23,0,0,4,0,4,2,0,25,0,27,10,0,10,37
01/09/2012,GGG,TX,ASW,CE,Combined TRACON& Tower with Radar,4,0,23,2,29,0,0,0,0,0,4,0,23,2,29,0,0,0,29
01/10/2012,GGG,TX,ASW,CE,Combined TRACON& Tower with Radar,2,3,39,0,44,0,0,1,0,1,2,3,40,0,45,0,0,0,45
01/11/2012,GGG,TX,ASW,CE,Combined TRACON& Tower with Radar,1,4,55,5,65,0,4,65,0,69,1,8,120,5,134,286,2,288,422
01/12/2012,GGG,TX,ASW,CE,Combined TRACON& Tower with Radar,4,2,25,4,35,0,0,19,0,19,4,2,44,4,54,42,24,66,120
01/13/2012,GGG,TX,ASW,CE,Combined TRACON& Tower with Radar,4,3,28,10,45,0,2,70,0,72,4,5,98,10,117,206,12,218,335
01/14/2012,GGG,TX,ASW,CE,Combined TRACON& Tower with Radar,4,1,13,0,18,0,2,36,0,38,4,3,49,0,56,64,0,64,120
01/15/2012,GGG,TX,ASW,CE,Combined TRACON& Tower with Radar,4,1,10,0,15,0,0,14,0,14,4,1,24,0,29,10,0,10,39
01/16/2012,GGG,TX,ASW,CE,Combined TRACON& Tower with Radar,2,4,37,14,57,0,0,11,0,11,2,4,48,14,68,112,0,112,180
01/17/2012,GGG,TX,ASW,CE,Combined TRACON& Tower with Radar,0,6,32,1,39,0,0,34,1,35,0,6,66,2,74,38,0,38,112
01/18/2012,GGG,TX,ASW,CE,Combined TRACON& Tower with Radar,2,1,50,8,61,0,2,69,0,71,2,3,119,8,132,240,20,260,392
01/19/2012,GGG,TX,ASW,CE,Combined TRACON& Tower with Radar,4,6,39,9,58,0,0,53,0,53,4,6,92,9,111,46,0,46,157
01/20/2012,GGG,TX,ASW,CE,Combined TRACON& Tower with Radar,4,2,39,34,79,0,4,33,2,39,4,6,72,36,118,80,48,128,246
01/21/2012,GGG,TX,ASW,CE,Combined TRACON& Tower with Radar,4,0,38,11,53,0,2,5,0,7,4,2,43,11,60,18,6,24,84
01/22/2012,GGG,TX,ASW,CE,Combined TRACON& Tower with Radar,6,0,16,9,31,0,0,2,0,2,6,0,18,9,33,2,12,14,47
01/23/2012,GGG,TX,ASW,CE,Combined TRACON& Tower with Radar,4,0,22,5,31,0,0,76,1,77,4,0,98,6,108,136,0,136,244
01/24/2012,GGG,TX,ASW,CE,Combined TRACON& Tower with Radar,2,5,31,4,42,0,0,40,0,40,2,5,71,4,82,122,20,142,224
01/25/2012,GGG,TX,ASW,CE,Combined TRACON& Tower with Radar,2,1,7,0,10,0,0,0,0,0,2,1,7,0,10,0,0,0,10
01/26/2012,GGG,TX,ASW,CE,Combined TRACON& Tower with Radar,2,4,48,2,56,0,0,8,0,8,2,4,56,2,64,8,0,8,72
01/27/2012,GGG,TX,ASW,CE,Combined TRACON& Tower with Radar,2,4,44,13,63,0,0,153,6,159,2,4,197,19,222,156,30,186,408
01/28/2012,GGG,TX,ASW,CE,Combined TRACON& Tower with Radar,4,1,26,8,39,0,2,71,1,74,4,3,97,9,113,46,0,46,159
01/29/2012,GGG,TX,ASW,CE,Combined TRACON& Tower with Radar,4,6,12,0,22,0,0,25,0,25,4,6,37,0,47,54,0,54,101
01/30/2012,GGG,TX,ASW,CE,Combined TRACON& Tower with Radar,4,4,19,6,33,0,3,58,3,64,4,7,77,9,97,120,0,120,217
01/31/2012,GGG,TX,ASW,CE,Combined TRACON& Tower with Radar,0,2,52,0,54,0,1,7,1,9,0,3,59,1,63,32,0,32,95
02/01/2012,GGG,TX,ASW,CE,Combined TRACON& Tower with Radar,0,2,41,0,43,0,8,29,1,38,0,10,70,1,81,76,0,76,157
02/02/2012,GGG,TX,ASW,CE,Combined TRACON& Tower with Radar,0,6,50,2,58,0,0,0,0,0,0,6,50,2,58,2,4,6,64
02/03/2012,GGG,TX,ASW,CE,Combined TRACON& Tower with Radar,0,4,33,6,43,0,0,28,0,28,0,4,61,6,71,34,10,44,115
02/04/2012,GGG,TX,ASW,CE,Combined TRACON& Tower with Radar,0,5,19,0,24,0,0,26,0,26,0,5,45,0,50,0,0,0,50
02/05/2012,GGG,TX,ASW,CE,Combined TRACON& Tower with Radar,0,6,17,12,35,0,0,21,0,21,0,6,38,12,56,22,0,22,78
02/06/2012,GGG,TX,ASW,CE,Combined TRACON& Tower with Radar,0,7,33,20,60,0,2,83,0,85,0,9,116,20,145,104,16,120,265
02/07/2012,GGG,TX,ASW,CE,Combined TRACON& Tower with Radar,0,4,25,10,39,0,1,78,0,79,0,5,103,10,118,228,28,256,374
02/08/2012,GGG,TX,ASW,CE,Combined TRACON& Tower with Radar,0,4,50,16,70,0,0,87,2,89,0,4,137,18,159,272,22,294,453
02/09/2012,GGG,TX,ASW,CE,Combined TRACON& Tower with Radar,0,8,37,12,57,0,2,81,1,84,0,10,118,13,141,288,24,312,453
02/10/2012,GGG,TX,ASW,CE,Combined TRACON& Tower with Radar,0,9,22,28,59,0,0,16,0,16,0,9,38,28,75,48,28,76,151
02/11/2012,GGG,TX,ASW,CE,Combined TRACON& Tower with Radar,0,9,21,15,45,0,5,81,2,88,0,14,102,17,133,192,30,222,355
02/12/2012,GGG,TX,ASW,CE,Combined TRACON& Tower with Radar,0,6,19,4,29,0,0,22,0,22,0,6,41,4,51,32,0,32,83
02/13/2012,GGG,TX,ASW,CE,Combined TRACON& Tower with Radar,0,7,19,0,26,0,0,0,0,0,0,7,19,0,26,0,0,0,26
02/14/2012,GGG,TX,ASW,CE,Combined TRACON& Tower with Radar,0,3,36,0,39,0,0,1,0,1,0,3,37,0,40,0,0,0,40
02/15/2012,GGG,TX,ASW,CE,Combined TRACON& Tower with Radar,0,11,23,12,46,0,0,2,0,2,0,11,25,12,48,0,10,10,58
02/16/2012,GGG,TX,ASW,CE,Combined TRACON& Tower with Radar,0,11,82,0,93,0,0,58,0,58,0,11,140,0,151,176,0,176,327
02/17/2012,GGG,TX,ASW,CE,Combined TRACON& Tower with Radar,0,10,43,4,57,0,4,53,0,57,0,14,96,4,114,150,24,174,288
02/18/2012,GGG,TX,ASW,CE,Combined TRACON& Tower with Radar,0,4,23,0,27,0,0,1,0,1,0,4,24,0,28,0,0,0,28
02/19/2012,GGG,TX,ASW,CE,Combined TRACON& Tower with Radar,0,5,40,7,52,0,0,29,1,30,0,5,69,8,82,4,20,24,106
02/20/2012,GGG,TX,ASW,CE,Combined TRACON& Tower with Radar,0,4,24,0,28,0,2,62,0,64,0,6,86,0,92,120,0,120,212
02/21/2012,GGG,TX,ASW,CE,Combined TRACON& Tower with Radar,0,11,27,2,40,0,2,69,0,71,0,13,96,2,111,126,6,132,243
02/22/2012,GGG,TX,ASW,CE,Combined TRACON& Tower with Radar,0,4,48,9,61,0,1,23,1,25,0,5,71,10,86,4,10,14,100
02/23/2012,GGG,TX,ASW,CE,Combined TRACON& Tower with Radar,0,10,36,9,55,0,2,23,0,25,0,12,59,9,80,44,8,52,132
02/24/2012,GGG,TX,ASW,CE,Combined TRACON& Tower with Radar,0,4,39,8,51,0,0,64,0,64,0,4,103,8,115,128,4,132,247
02/25/2012,GGG,TX,ASW,CE,Combined TRACON& Tower with Radar,0,4,22,4,30,0,0,66,2,68,0,4,88,6,98,134,6,140,238
02/26/2012,GGG,TX,ASW,CE,Combined TRACON& Tower with Radar,0,5,14,9,28,0,0,24,1,25,0,5,38,10,53,10,0,10,63
02/27/2012,GGG,TX,ASW,CE,Combined TRACON& Tower with Radar,0,8,49,0,57,0,4,60,0,64,0,12,109,0,121,192,0,192,313
02/28/2012,GGG,TX,ASW,CE,Combined TRACON& Tower with Radar,2,3,41,59,105,0,0,2,0,2,2,3,43,59,107,72,70,142,249
02/29/2012,GGG,TX,ASW,CE,Combined TRACON& Tower with Radar,0,7,37,3,47,0,0,26,4,30,0,7,63,7,77,70,0,70,147
03/01/2012,GGG,TX,ASW,CE,Combined TRACON& Tower with Radar,0,8,37,11,56,0,0,52,0,52,0,8,89,11,108,238,36,274,382
03/02/2012,GGG,TX,ASW,CE,Combined TRACON& Tower with Radar,2,4,37,10,53,0,0,58,0,58,2,4,95,10,111,116,8,124,235
03/03/2012,GGG,TX,ASW,CE,Combined TRACON& Tower with Radar,0,9,21,4,34,0,0,75,0,75,0,9,96,4,109,176,4,180,289
03/04/2012,GGG,TX,ASW,CE,Combined TRACON& Tower with Radar,0,7,19,0,26,0,0,21,0,21,0,7,40,0,47,0,0,0,47
03/05/2012,GGG,TX,ASW,CE,Combined TRACON& Tower with Radar,1,7,42,4,54,0,1,64,0,65,1,8,106,4,119,232,4,236,355
03/06/2012,GGG,TX,ASW,CE,Combined TRACON& Tower with Radar,1,5,31,21,58,0,1,49,0,50,1,6,80,21,108,208,38,246,354
03/07/2012,GGG,TX,ASW,CE,Combined TRACON& Tower with Radar,0,4,45,12,61,0,2,30,2,34,0,6,75,14,95,86,8,94,189
03/08/2012,GGG,TX,ASW,CE,Combined TRACON& Tower with Radar,2,9,13,2,26,0,0,0,2,2,2,9,13,4,28,52,2,54,82
03/09/2012,GGG,TX,ASW,CE,Combined TRACON& Tower with Radar,0,9,25,4,38,0,4,21,2,27,0,13,46,6,65,44,0,44,109
03/10/2012,GGG,TX,ASW,CE,Combined TRACON& Tower with Radar,0,7,43,4,54,0,0,13,0,13,0,7,56,4,67,22,8,30,97
03/11/2012,GGG,TX,ASW,CE,Combined TRACON& Tower with Radar,0,5,10,0,15,0,0,0,0,0,0,5,10,0,15,0,0,0,15
03/12/2012,GGG,TX,ASW,CE,Combined TRACON& Tower with Radar,0,8,33,8,49,0,0,61,0,61,0,8,94,8,110,116,10,126,236
03/13/2012,GGG,TX,ASW,CE,Combined TRACON& Tower with Radar,0,3,47,0,50,0,1,42,0,43,0,4,89,0,93,144,0,144,237
03/14/2012,GGG,TX,ASW,CE,Combined TRACON& Tower with Radar,0,2,53,0,55,0,2,44,0,46,0,4,97,0,101,274,0,274,375
03/15/2012,GGG,TX,ASW,CE,Combined TRACON& Tower with Radar,0,5,49,0,54,0,0,31,0,31,0,5,80,0,85,94,0,94,179
03/16/2012,GGG,TX,ASW,CE,Combined TRACON& Tower with Radar,0,9,45,2,56,0,2,52,0,54,0,11,97,2,110,154,4,158,268
03/17/2012,GGG,TX,ASW,CE,Combined TRACON& Tower with Radar,0,8,16,2,26,0,0,12,0,12,0,8,28,2,38,64,0,64,102
03/18/2012,GGG,TX,ASW,CE,Combined TRACON& Tower with Radar,0,8,16,0,24,0,0,4,0,4,0,8,20,0,28,16,0,16,44
03/19/2012,GGG,TX,ASW,CE,Combined TRACON& Tower with Radar,0,3,31,0,34,0,0,6,0,6,0,3,37,0,40,64,0,64,104
03/20/2012,GGG,TX,ASW,CE,Combined TRACON& Tower with Radar,0,3,26,0,29,0,0,0,0,0,0,3,26,0,29,8,0,8,37
03/21/2012,GGG,TX,ASW,CE,Combined TRACON& Tower with Radar,0,3,37,12,52,0,4,53,1,58,0,7,90,13,110,152,72,224,334
03/22/2012,GGG,TX,ASW,CE,Combined TRACON& Tower with Radar,0,16,34,0,50,0,3,60,0,63,0,19,94,0,113,104,0,104,217
03/23/2012,GGG,TX,ASW,CE,Combined TRACON& Tower with Radar,0,9,34,27,70,0,2,85,2,89,0,11,119,29,159,164,38,202,361
03/24/2012,GGG,TX,ASW,CE,Combined TRACON& Tower with Radar,0,4,17,2,23,0,0,83,1,84,0,4,100,3,107,142,2,144,251
03/25/2012,GGG,TX,ASW,CE,Combined TRACON& Tower with Radar,0,11,27,0,38,0,0,34,0,34,0,11,61,0,72,30,0,30,102
03/26/2012,GGG,TX,ASW,CE,Combined TRACON& Tower with Radar,2,9,31,20,62,0,1,85,0,86,2,10,116,20,148,194,52,246,394
03/27/2012,GGG,TX,ASW,CE,Combined TRACON& Tower with Radar,0,7,35,16,58,0,0,66,0,66,0,7,101,16,124,272,30,302,426
03/28/2012,GGG,TX,ASW,CE,Combined TRACON& Tower with Radar,0,16,52,16,84,0,0,48,2,50,0,16,100,18,134,162,50,212,346
03/29/2012,GGG,TX,ASW,CE,Combined TRACON& Tower with Radar,2,17,50,10,79,0,0,18,0,18,2,17,68,10,97,68,14,82,179
03/30/2012,GGG,TX,ASW,CE,Combined TRACON& Tower with Radar,0,8,51,9,68,0,1,33,0,34,0,9,84,9,102,218,6,224,326
03/31/2012,GGG,TX,ASW,CE,Combined TRACON& Tower with Radar,0,6,32,2,40,0,0,40,0,40,0,6,72,2,80,230,0,230,310
04/01/2012,GGG,TX,ASW,CE,Combined TRACON& Tower with Radar,0,13,20,0,33,0,0,28,0,28,0,13,48,0,61,42,0,42,103
04/02/2012,GGG,TX,ASW,CE,Combined TRACON& Tower with Radar,0,6,32,0,38,0,0,20,0,20,0,6,52,0,58,56,0,56,114
04/03/2012,GGG,TX,ASW,CE,Combined TRACON& Tower with Radar,0,11,19,14,44,0,0,9,1,10,0,11,28,15,54,66,22,88,142
04/04/2012,GGG,TX,ASW,CE,Combined TRACON& Tower with Radar,0,9,43,0,52,0,4,44,3,51,0,13,87,3,103,168,0,168,271
04/05/2012,GGG,TX,ASW,CE,Combined TRACON& Tower with Radar,0,9,51,2,62,0,4,106,0,110,0,13,157,2,172,330,0,330,502
04/06/2012,GGG,TX,ASW,CE,Combined TRACON& Tower with Radar,0,7,25,0,32,0,2,38,0,40,0,9,63,0,72,10,0,10,82
04/07/2012,GGG,TX,ASW,CE,Combined TRACON& Tower with Radar,0,7,11,0,18,0,0,46,0,46,0,7,57,0,64,118,0,118,182
04/08/2012,GGG,TX,ASW,CE,Combined TRACON& Tower with Radar,4,10,8,0,22,0,0,7,0,7,4,10,15,0,29,0,0,0,29
04/09/2012,GGG,TX,ASW,CE,Combined TRACON& Tower with Radar,0,12,32,11,55,0,2,45,1,48,0,14,77,12,103,178,14,192,295
04/10/2012,GGG,TX,ASW,CE,Combined TRACON& Tower with Radar,0,11,38,10,59,0,2,52,0,54,0,13,90,10,113,240,12,252,365
04/11/2012,GGG,TX,ASW,CE,Combined TRACON& Tower with Radar,0,10,46,22,78,0,0,43,0,43,0,10,89,22,121,72,18,90,211
04/12/2012,GGG,TX,ASW,CE,Combined TRACON& Tower with Radar,0,11,48,7,66,0,1,67,0,68,0,12,115,7,134,186,2,188,322
04/13/2012,GGG,TX,ASW,CE,Combined TRACON& Tower with Radar,2,6,40,9,57,0,1,29,4,34,2,7,69,13,91,212,32,244,335
04/14/2012,GGG,TX,ASW,CE,Combined TRACON& Tower with Radar,0,6,33,4,43,0,2,14,0,16,0,8,47,4,59,88,0,88,147
04/15/2012,GGG,TX,ASW,CE,Combined TRACON& Tower with Radar,2,14,18,0,34,0,0,1,2,3,2,14,19,2,37,0,0,0,37
04/16/2012,GGG,TX,ASW,CE,Combined TRACON& Tower with Radar,1,12,42,7,62,0,4,52,0,56,1,16,94,7,118,186,6,192,310
04/17/2012,GGG,TX,ASW,CE,Combined TRACON& Tower with Radar,0,14,56,10,80,0,0,94,19,113,0,14,150,29,193,336,90,426,619
04/18/2012,GGG,TX,ASW,CE,Combined TRACON& Tower with Radar,0,12,54,15,81,0,3,74,0,77,0,15,128,15,158,210,14,224,382
04/19/2012,GGG,TX,ASW,CE,Combined TRACON& Tower with Radar,0,11,49,4,64,0,2,94,0,96,0,13,143,4,160,242,12,254,414
04/20/2012,GGG,TX,ASW,CE,Combined TRACON& Tower with Radar,0,12,13,0,25,0,0,5,0,5,0,12,18,0,30,30,0,30,60
04/21/2012,GGG,TX,ASW,CE,Combined TRACON& Tower with Radar,0,6,37,0,43,0,2,49,0,51,0,8,86,0,94,140,0,140,234
04/22/2012,GGG,TX,ASW,CE,Combined TRACON& Tower with Radar,0,12,10,0,22,0,0,21,0,21,0,12,31,0,43,28,0,28,71
04/23/2012,GGG,TX,ASW,CE,Combined TRACON& Tower with Radar,0,11,32,19,62,0,0,62,0,62,0,11,94,19,124,194,20,214,338
04/24/2012,GGG,TX,ASW,CE,Combined TRACON& Tower with Radar,0,9,36,4,49,0,2,66,0,68,0,11,102,4,117,396,6,402,519
04/25/2012,GGG,TX,ASW,CE,Combined TRACON& Tower with Radar,0,17,38,18,73,0,2,49,0,51,0,19,87,18,124,64,48,112,236
04/26/2012,GGG,TX,ASW,CE,Combined TRACON& Tower with Radar,0,7,44,16,67,0,0,56,2,58,0,7,100,18,125,250,24,274,399
04/27/2012,GGG,TX,ASW,CE,Combined TRACON& Tower with Radar,0,9,37,10,56,0,2,34,0,36,0,11,71,10,92,106,0,106,198
04/28/2012,GGG,TX,ASW,CE,Combined TRACON& Tower with Radar,0,6,29,6,41,0,2,27,0,29,0,8,56,6,70,138,12,150,220
04/29/2012,GGG,TX,ASW,CE,Combined TRACON& Tower with Radar,0,5,31,0,36,0,2,12,0,14,0,7,43,0,50,0,0,0,50
04/30/2012,GGG,TX,ASW,CE,Combined TRACON& Tower with Radar,0,9,37,46,92,0,0,23,2,25,0,9,60,48,117,210,60,270,387
05/01/2012,GGG,TX,ASW,CE,Combined TRACON& Tower with Radar,0,7,31,8,46,0,4,54,0,58,0,11,85,8,104,256,22,278,382
05/02/2012,GGG,TX,ASW,CE,Combined TRACON& Tower with Radar,0,10,36,46,92,0,0,49,0,49,0,10,85,46,141,250,34,284,425
05/03/2012,GGG,TX,ASW,CE,Combined TRACON& Tower with Radar,0,17,41,28,86,0,2,60,0,62,0,19,101,28,148,354,36,390,538
05/04/2012,GGG,TX,ASW,CE,Combined TRACON& Tower with Radar,0,11,56,28,95,0,2,56,0,58,0,13,112,28,153,274,82,356,509
05/05/2012,GGG,TX,ASW,CE,Combined TRACON& Tower with Radar,0,6,22,9,37,0,0,31,6,37,0,6,53,15,74,86,32,118,192
05/06/2012,GGG,TX,ASW,CE,Combined TRACON& Tower with Radar,0,6,15,17,38,0,4,17,0,21,0,10,32,17,59,20,48,68,127
05/07/2012,GGG,TX,ASW,CE,Combined TRACON& Tower with Radar,0,9,29,14,52,0,1,59,0,60,0,10,88,14,112,144,46,190,302
05/08/2012,GGG,TX,ASW,CE,Combined TRACON& Tower with Radar,0,7,57,0,64,0,0,27,0,27,0,7,84,0,91,132,0,132,223
05/09/2012,GGG,TX,ASW,CE,Combined TRACON& Tower with Radar,0,10,36,12,58,0,2,55,4,61,0,12,91,16,119,222,12,234,353
05/10/2012,GGG,TX,ASW,CE,Combined TRACON& Tower with Radar,0,8,28,6,42,0,4,75,0,79,0,12,103,6,121,98,4,102,223
05/11/2012,GGG,TX,ASW,CE,Combined TRACON& Tower with Radar,2,9,27,2,40,0,2,15,0,17,2,11,42,2,57,168,0,168,225
05/12/2012,GGG,TX,ASW,CE,Combined TRACON& Tower with Radar,0,10,35,0,45,0,0,9,0,9,0,10,44,0,54,36,0,36,90
05/13/2012,GGG,TX,ASW,CE,Combined TRACON& Tower with Radar,0,5,29,0,34,0,1,17,1,19,0,6,46,1,53,40,0,40,93
05/14/2012,GGG,TX,ASW,CE,Combined TRACON& Tower with Radar,0,12,16,2,30,0,2,36,0,38,0,14,52,2,68,38,16,54,122
05/15/2012,GGG,TX,ASW,CE,Combined TRACON& Tower with Radar,0,9,28,2,39,0,0,39,0,39,0,9,67,2,78,138,2,140,218
05/16/2012,GGG,TX,ASW,CE,Combined TRACON& Tower with Radar,0,10,32,31,73,0,0,62,0,62,0,10,94,31,135,176,80,256,391
05/17/2012,GGG,TX,ASW,CE,Combined TRACON& Tower with Radar,0,15,44,8,67,0,1,64,0,65,0,16,108,8,132,232,24,256,388
05/18/2012,GGG,TX,ASW,CE,Combined TRACON& Tower with Radar,0,9,24,44,77,0,0,51,3,54,0,9,75,47,131,160,58,218,349
05/19/2012,GGG,TX,ASW,CE,Combined TRACON& Tower with Radar,0,6,16,12,34,0,0,47,1,48,0,6,63,13,82,52,24,76,158
05/20/2012,GGG,TX,ASW,CE,Combined TRACON& Tower with Radar,0,6,14,2,22,0,0,17,0,17,0,6,31,2,39,14,6,20,59
05/21/2012,GGG,TX,ASW,CE,Combined TRACON& Tower with Radar,0,8,16,4,28,0,0,29,2,31,0,8,45,6,59,22,0,22,81
05/22/2012,GGG,TX,ASW,CE,Combined TRACON& Tower with Radar,0,9,20,8,37,0,0,38,3,41,0,9,58,11,78,20,16,36,114
05/23/2012,GGG,TX,ASW,CE,Combined TRACON& Tower with Radar,0,6,22,23,51,0,1,51,0,52,0,7,73,23,103,206,50,256,359
05/24/2012,GGG,TX,ASW,CE,Combined TRACON& Tower with Radar,0,11,23,0,34,0,0,51,0,51,0,11,74,0,85,174,0,174,259
05/25/2012,GGG,TX,ASW,CE,Combined TRACON& Tower with Radar,0,10,48,9,67,0,2,39,3,44,0,12,87,12,111,142,8,150,261
05/26/2012,GGG,TX,ASW,CE,Combined TRACON& Tower with Radar,0,5,29,0,34,0,0,23,0,23,0,5,52,0,57,88,0,88,145
05/27/2012,GGG,TX,ASW,CE,Combined TRACON& Tower with Radar,0,4,5,0,9,0,0,10,0,10,0,4,15,0,19,14,0,14,33
05/28/2012,GGG,TX,ASW,CE,Combined TRACON& Tower with Radar,2,8,22,0,32,0,0,29,0,29,2,8,51,0,61,152,0,152,213
05/29/2012,GGG,TX,ASW,CE,Combined TRACON& Tower with Radar,0,15,22,6,43,0,4,64,0,68,0,19,86,6,111,198,20,218,329
05/30/2012,GGG,TX,ASW,CE,Combined TRACON& Tower with Radar,0,10,42,0,52,0,2,59,0,61,0,12,101,0,113,78,0,78,191
05/31/2012,GGG,TX,ASW,CE,Combined TRACON& Tower with Radar,0,13,18,0,31,0,1,27,0,28,0,14,45,0,59,58,0,58,117
06/01/2012,GGG,TX,ASW,CE,Combined TRACON& Tower with Radar,2,11,26,4,43,0,0,78,0,78,2,11,104,4,121,174,4,178,299
06/02/2012,GGG,TX,ASW,CE,Combined TRACON& Tower with Radar,0,4,21,3,28,0,0,37,1,38,0,4,58,4,66,54,10,64,130
06/03/2012,GGG,TX,ASW,CE,Combined TRACON& Tower with Radar,0,6,12,0,18,0,0,18,3,21,0,6,30,3,39,6,0,6,45
06/04/2012,GGG,TX,ASW,CE,Combined TRACON& Tower with Radar,0,10,33,7,50,0,3,39,1,43,0,13,72,8,93,112,4,116,209
06/05/2012,GGG,TX,ASW,CE,Combined TRACON& Tower with Radar,0,12,24,4,40,0,0,50,0,50,0,12,74,4,90,134,0,134,224
06/06/2012,GGG,TX,ASW,CE,Combined TRACON& Tower with Radar,0,6,23,0,29,0,2,38,0,40,0,8,61,0,69,88,0,88,157
06/07/2012,GGG,TX,ASW,CE,Combined TRACON& Tower with Radar,0,8,41,4,53,0,0,65,2,67,0,8,106,6,120,54,4,58,178
06/08/2012,GGG,TX,ASW,CE,Combined TRACON& Tower with Radar,0,10,24,14,48,0,0,58,2,60,0,10,82,16,108,152,22,174,282
06/09/2012,GGG,TX,ASW,CE,Combined TRACON& Tower with Radar,0,9,20,18,47,0,0,26,1,27,0,9,46,19,74,50,26,76,150
06/10/2012,GGG,TX,ASW,CE,Combined TRACON& Tower with Radar,0,8,21,0,29,0,0,18,1,19,0,8,39,1,48,26,0,26,74
06/11/2012,GGG,TX,ASW,CE,Combined TRACON& Tower with Radar,0,14,26,4,44,0,0,39,0,39,0,14,65,4,83,82,22,104,187
06/12/2012,GGG,TX,ASW,CE,Combined TRACON& Tower with Radar,0,9,33,0,42,0,0,49,2,51,0,9,82,2,93,98,0,98,191
06/13/2012,GGG,TX,ASW,CE,Combined TRACON& Tower with Radar,0,18,29,0,47,0,0,43,2,45,0,18,72,2,92,124,0,124,216
06/14/2012,GGG,TX,ASW,CE,Combined TRACON& Tower with Radar,0,12,34,22,68,0,2,26,5,33,0,14,60,27,101,66,32,98,199
06/15/2012,GGG,TX,ASW,CE,Combined TRACON& Tower with Radar,0,15,20,8,43,0,2,38,2,42,0,17,58,10,85,70,0,70,155
06/16/2012,GGG,TX,ASW,CE,Combined TRACON& Tower with Radar,0,7,24,0,31,0,0,7,0,7,0,7,31,0,38,0,0,0,38
06/17/2012,GGG,TX,ASW,CE,Combined TRACON& Tower with Radar,0,5,11,2,18,0,0,14,0,14,0,5,25,2,32,0,0,0,32
06/18/2012,GGG,TX,ASW,CE,Combined TRACON& Tower with Radar,0,10,27,0,37,0,2,18,0,20,0,12,45,0,57,88,0,88,145
06/19/2012,GGG,TX,ASW,CE,Combined TRACON& Tower with Radar,0,9,28,0,37,0,2,14,0,16,0,11,42,0,53,94,0,94,147
06/20/2012,GGG,TX,ASW,CE,Combined TRACON& Tower with Radar,0,14,26,22,62,0,0,56,0,56,0,14,82,22,118,70,56,126,244
06/21/2012,GGG,TX,ASW,CE,Combined TRACON& Tower with Radar,0,12,35,0,47,0,0,57,4,61,0,12,92,4,108,194,2,196,304
06/22/2012,GGG,TX,ASW,CE,Combined TRACON& Tower with Radar,0,10,31,17,58,0,2,53,0,55,0,12,84,17,113,72,18,90,203
06/23/2012,GGG,TX,ASW,CE,Combined TRACON& Tower with Radar,0,8,16,4,28,0,3,34,2,39,0,11,50,6,67,32,6,38,105
06/24/2012,GGG,TX,ASW,CE,Combined TRACON& Tower with Radar,0,11,17,0,28,0,0,18,0,18,0,11,35,0,46,16,0,16,62
06/25/2012,GGG,TX,ASW,CE,Combined TRACON& Tower with Radar,2,6,21,20,49,0,0,44,1,45,2,6,65,21,94,128,28,156,250
06/26/2012,GGG,TX,ASW,CE,Combined TRACON& Tower with Radar,0,13,23,16,52,0,2,61,2,65,0,15,84,18,117,122,30,152,269
06/27/2012,GGG,TX,ASW,CE,Combined TRACON& Tower with Radar,0,16,36,9,61,0,5,52,6,63,0,21,88,15,124,82,0,82,206
06/28/2012,GGG,TX,ASW,CE,Combined TRACON& Tower with Radar,0,16,41,2,59,0,4,47,0,51,0,20,88,2,110,84,4,88,198
06/29/2012,GGG,TX,ASW,CE,Combined TRACON& Tower with Radar,2,8,40,17,67,0,2,53,0,55,2,10,93,17,122,122,22,144,266
06/30/2012,GGG,TX,ASW,CE,Combined TRACON& Tower with Radar,0,5,17,0,22,0,0,22,0,22,0,5,39,0,44,12,0,12,56
07/01/2012,GGG,TX,ASW,CE,Combined TRACON& Tower with Radar,0,9,24,0,33,0,0,9,0,9,0,9,33,0,42,0,0,0,42
07/02/2012,GGG,TX,ASW,CE,Combined TRACON& Tower with Radar,0,14,27,3,44,0,2,42,0,44,0,16,69,3,88,134,0,134,222
07/03/2012,GGG,TX,ASW,CE,Combined TRACON& Tower with Radar,0,9,25,5,39,0,2,35,2,39,0,11,60,7,78,96,18,114,192
07/04/2012,GGG,TX,ASW,CE,Combined TRACON& Tower with Radar,0,5,18,0,23,0,0,36,0,36,0,5,54,0,59,62,0,62,121
07/05/2012,GGG,TX,ASW,CE,Combined TRACON& Tower with Radar,0,13,30,0,43,0,0,45,0,45,0,13,75,0,88,80,0,80,168
07/06/2012,GGG,TX,ASW,CE,Combined TRACON& Tower with Radar,0,9,21,12,42,0,0,47,5,52,0,9,68,17,94,104,0,104,198
07/07/2012,GGG,TX,ASW,CE,Combined TRACON& Tower with Radar,2,2,7,0,11,0,1,10,0,11,2,3,17,0,22,92,0,92,114
07/08/2012,GGG,TX,ASW,CE,Combined TRACON& Tower with Radar,0,9,16,0,25,0,0,12,0,12,0,9,28,0,37,32,0,32,69
07/09/2012,GGG,TX,ASW,CE,Combined TRACON& Tower with Radar,0,5,17,2,24,0,2,14,4,20,0,7,31,6,44,84,0,84,128
07/10/2012,GGG,TX,ASW,CE,Combined TRACON& Tower with Radar,0,15,33,0,48,0,2,18,0,20,0,17,51,0,68,154,0,154,222
07/11/2012,GGG,TX,ASW,CE,Combined TRACON& Tower with Radar,0,11,36,2,49,0,2,13,1,16,0,13,49,3,65,84,0,84,149
07/12/2012,GGG,TX,ASW,CE,Combined TRACON& Tower with Radar,0,11,40,0,51,0,2,18,2,22,0,13,58,2,73,120,0,120,193
07/13/2012,GGG,TX,ASW,CE,Combined TRACON& Tower with Radar,0,15,56,8,79,0,1,24,0,25,0,16,80,8,104,34,6,40,144
07/14/2012,GGG,TX,ASW,CE,Combined TRACON& Tower with Radar,0,6,15,0,21,0,0,9,0,9,0,6,24,0,30,6,0,6,36
07/15/2012,GGG,TX,ASW,CE,Combined TRACON& Tower with Radar,0,10,18,2,30,0,0,6,0,6,0,10,24,2,36,0,2,2,38
07/16/2012,GGG,TX,ASW,CE,Combined TRACON& Tower with Radar,0,9,18,0,27,0,0,53,1,54,0,9,71,1,81,180,0,180,261
07/17/2012,GGG,TX,ASW,CE,Combined TRACON& Tower with Radar,0,6,21,6,33,0,0,32,1,33,0,6,53,7,66,164,2,166,232
07/18/2012,GGG,TX,ASW,CE,Combined TRACON& Tower with Radar,0,8,42,16,66,0,2,55,2,59,0,10,97,18,125,254,30,284,409
07/19/2012,GGG,TX,ASW,CE,Combined TRACON& Tower with Radar,0,15,22,18,55,0,3,48,1,52,0,18,70,19,107,90,28,118,225
07/20/2012,GGG,TX,ASW,CE,Combined TRACON& Tower with Radar,4,7,19,1,31,0,2,40,1,43,4,9,59,2,74,52,0,52,126
07/21/2012,GGG,TX,ASW,CE,Combined TRACON& Tower with Radar,0,7,12,0,19,0,1,20,5,26,0,8,32,5,45,40,0,40,85
07/22/2012,GGG,TX,ASW,CE,Combined TRACON& Tower with Radar,0,6,19,4,29,0,0,10,3,13,0,6,29,7,42,0,4,4,46
07/23/2012,GGG,TX,ASW,CE,Combined TRACON& Tower with Radar,0,9,21,14,44,0,0,5,0,5,0,9,26,14,49,20,42,62,111
07/24/2012,GGG,TX,ASW,CE,Combined TRACON& Tower with Radar,0,7,21,4,32,0,4,16,0,20,0,11,37,4,52,2,10,12,64
07/25/2012,GGG,TX,ASW,CE,Combined TRACON& Tower with Radar,2,11,21,0,34,0,1,32,0,33,2,12,53,0,67,6,0,6,73
07/26/2012,GGG,TX,ASW,CE,Combined TRACON& Tower with Radar,2,8,25,18,53,0,4,26,5,35,2,12,51,23,88,30,18,48,136
07/27/2012,GGG,TX,ASW,CE,Combined TRACON& Tower with Radar,0,10,23,5,38,0,2,24,4,30,0,12,47,9,68,38,4,42,110
07/28/2012,GGG,TX,ASW,CE,Combined TRACON& Tower with Radar,2,10,19,0,31,0,3,27,0,30,2,13,46,0,61,102,0,102,163
07/29/2012,GGG,TX,ASW,CE,Combined TRACON& Tower with Radar,0,9,23,15,47,0,0,19,2,21,0,9,42,17,68,10,20,30,98
07/30/2012,GGG,TX,ASW,CE,Combined TRACON& Tower with Radar,0,14,18,12,44,0,1,25,4,30,0,15,43,16,74,28,14,42,116
07/31/2012,GGG,TX,ASW,CE,Combined TRACON& Tower with Radar,0,19,29,16,64,0,0,11,0,11,0,19,40,16,75,10,20,30,105
08/01/2012,GGG,TX,ASW,CE,Combined TRACON& Tower with Radar,0,11,12,6,29,0,0,30,0,30,0,11,42,6,59,0,0,0,59
08/02/2012,GGG,TX,ASW,CE,Combined TRACON& Tower with Radar,0,13,26,2,41,0,0,40,4,44,0,13,66,6,85,60,0,60,145
08/03/2012,GGG,TX,ASW,CE,Combined TRACON& Tower with Radar,0,12,26,46,84,0,1,29,2,32,0,13,55,48,116,16,94,110,226
08/04/2012,GGG,TX,ASW,CE,Combined TRACON& Tower with Radar,0,6,22,18,46,0,0,18,0,18,0,6,40,18,64,22,18,40,104
08/05/2012,GGG,TX,ASW,CE,Combined TRACON& Tower with Radar,0,9,38,3,50,0,0,11,1,12,0,9,49,4,62,16,0,16,78
08/06/2012,GGG,TX,ASW,CE,Combined TRACON& Tower with Radar,0,8,25,0,33,0,0,22,0,22,0,8,47,0,55,18,0,18,73
08/07/2012,GGG,TX,ASW,CE,Combined TRACON& Tower with Radar,0,10,18,2,30,0,1,26,0,27,0,11,44,2,57,62,28,90,147
08/08/2012,GGG,TX,ASW,CE,Combined TRACON& Tower with Radar,0,12,23,33,68,0,0,18,5,23,0,12,41,38,91,62,34,96,187
08/09/2012,GGG,TX,ASW,CE,Combined TRACON& Tower with Radar,0,15,29,7,51,0,2,47,1,50,0,17,76,8,101,88,8,96,197
08/10/2012,GGG,TX,ASW,CE,Combined TRACON& Tower with Radar,0,9,24,21,54,0,0,36,2,38,0,9,60,23,92,66,26,92,184
08/11/2012,GGG,TX,ASW,CE,Combined TRACON& Tower with Radar,0,5,10,0,15,0,1,21,0,22,0,6,31,0,37,18,0,18,55
08/12/2012,GGG,TX,ASW,CE,Combined TRACON& Tower with Radar,0,9,22,0,31,0,0,11,0,11,0,9,33,0,42,0,0,0,42
08/13/2012,GGG,TX,ASW,CE,Combined TRACON& Tower with Radar,0,14,25,6,45,0,2,24,0,26,0,16,49,6,71,32,8,40,111
08/14/2012,GGG,TX,ASW,CE,Combined TRACON& Tower with Radar,0,11,17,19,47,0,1,40,0,41,0,12,57,19,88,130,56,186,274
08/15/2012,GGG,TX,ASW,CE,Combined TRACON& Tower with Radar,0,10,30,12,52,0,1,30,0,31,0,11,60,12,83,182,26,208,291
08/16/2012,GGG,TX,ASW,CE,Combined TRACON& Tower with Radar,0,11,41,1,53,0,1,38,1,40,0,12,79,2,93,174,4,178,271
08/17/2012,GGG,TX,ASW,CE,Combined TRACON& Tower with Radar,0,6,20,0,26,0,0,27,2,29,0,6,47,2,55,108,0,108,163
08/18/2012,GGG,TX,ASW,CE,Combined TRACON& Tower with Radar,0,10,26,10,46,0,1,7,0,8,0,11,33,10,54,20,10,30,84
08/19/2012,GGG,TX,ASW,CE,Combined TRACON& Tower with Radar,0,9,20,0,29,0,0,11,3,14,0,9,31,3,43,8,0,8,51
08/20/2012,GGG,TX,ASW,CE,Combined TRACON& Tower with Radar,0,6,30,3,39,0,0,46,2,48,0,6,76,5,87,68,2,70,157
08/21/2012,GGG,TX,ASW,CE,Combined TRACON& Tower with Radar,0,17,28,9,54,0,5,22,0,27,0,22,50,9,81,178,6,184,265
08/22/2012,GGG,TX,ASW,CE,Combined TRACON& Tower with Radar,0,12,28,19,59,0,3,48,1,52,0,15,76,20,111,102,52,154,265
08/23/2012,GGG,TX,ASW,CE,Combined TRACON& Tower with Radar,0,14,42,5,61,0,2,57,1,60,0,16,99,6,121,72,10,82,203
08/24/2012,GGG,TX,ASW,CE,Combined TRACON& Tower with Radar,0,15,32,18,65,0,2,23,2,27,0,17,55,20,92,58,10,68,160
08/25/2012,GGG,TX,ASW,CE,Combined TRACON& Tower with Radar,0,8,9,0,17,0,0,6,0,6,0,8,15,0,23,0,0,0,23
08/26/2012,GGG,TX,ASW,CE,Combined TRACON& Tower with Radar,0,6,13,0,19,0,0,5,0,5,0,6,18,0,24,0,0,0,24
08/27/2012,GGG,TX,ASW,CE,Combined TRACON& Tower with Radar,0,12,14,0,26,0,0,28,0,28,0,12,42,0,54,68,0,68,122
08/28/2012,GGG,TX,ASW,CE,Combined TRACON& Tower with Radar,0,10,11,0,21,0,3,38,0,41,0,13,49,0,62,150,0,150,212
08/29/2012,GGG,TX,ASW,CE,Combined TRACON& Tower with Radar,0,10,26,3,39,0,4,29,0,33,0,14,55,3,72,64,2,66,138
08/30/2012,GGG,TX,ASW,CE,Combined TRACON& Tower with Radar,0,9,18,2,29,0,2,12,0,14,0,11,30,2,43,90,0,90,133
08/31/2012,GGG,TX,ASW,CE,Combined TRACON& Tower with Radar,0,6,31,9,46,0,2,43,4,49,0,8,74,13,95,64,56,120,215
09/01/2012,GGG,TX,ASW,CE,Combined TRACON& Tower with Radar,0,6,17,0,23,0,1,19,3,23,0,7,36,3,46,66,0,66,112
09/02/2012,GGG,TX,ASW,CE,Combined TRACON& Tower with Radar,0,5,12,0,17,0,0,10,0,10,0,5,22,0,27,0,0,0,27
09/03/2012,GGG,TX,ASW,CE,Combined TRACON& Tower with Radar,0,9,26,0,35,0,4,58,2,64,0,13,84,2,99,50,0,50,149
09/04/2012,GGG,TX,ASW,CE,Combined TRACON& Tower with Radar,0,9,33,2,44,0,2,58,2,62,0,11,91,4,106,200,0,200,306
09/05/2012,GGG,TX,ASW,CE,Combined TRACON& Tower with Radar,0,7,34,48,89,0,0,47,0,47,0,7,81,48,136,120,52,172,308
09/06/2012,GGG,TX,ASW,CE,Combined TRACON& Tower with Radar,0,8,35,16,59,0,0,72,0,72,0,8,107,16,131,56,18,74,205
09/07/2012,GGG,TX,ASW,CE,Combined TRACON& Tower with Radar,0,14,27,17,58,0,2,61,4,67,0,16,88,21,125,84,22,106,231
09/08/2012,GGG,TX,ASW,CE,Combined TRACON& Tower with Radar,0,4,21,10,35,0,0,10,2,12,0,4,31,12,47,10,12,22,69
09/09/2012,GGG,TX,ASW,CE,Combined TRACON& Tower with Radar,0,6,12,7,25,0,0,23,1,24,0,6,35,8,49,24,6,30,79
09/10/2012,GGG,TX,ASW,CE,Combined TRACON& Tower with Radar,0,9,14,11,34,0,2,59,0,61,0,11,73,11,95,112,24,136,231
09/11/2012,GGG,TX,ASW,CE,Combined TRACON& Tower with Radar,0,9,7,19,35,0,0,71,1,72,0,9,78,20,107,142,24,166,273
09/12/2012,GGG,TX,ASW,CE,Combined TRACON& Tower with Radar,0,11,39,34,84,0,0,54,4,58,0,11,93,38,142,106,58,164,306
09/13/2012,GGG,TX,ASW,CE,Combined TRACON& Tower with Radar,0,11,32,0,43,0,2,14,2,18,0,13,46,2,61,126,0,126,187
09/14/2012,GGG,TX,ASW,CE,Combined TRACON& Tower with Radar,0,9,22,2,33,0,0,6,0,6,0,9,28,2,39,0,0,0,39
09/15/2012,GGG,TX,ASW,CE,Combined TRACON& Tower with Radar,0,4,21,0,25,0,0,8,1,9,0,4,29,1,34,10,0,10,44
09/16/2012,GGG,TX,ASW,CE,Combined TRACON& Tower with Radar,3,9,15,0,27,0,0,0,0,0,3,9,15,0,27,0,0,0,27
09/17/2012,GGG,TX,ASW,CE,Combined TRACON& Tower with Radar,0,10,39,2,51,0,0,1,0,1,0,10,40,2,52,0,0,0,52
09/18/2012,GGG,TX,ASW,CE,Combined TRACON& Tower with Radar,2,11,21,18,52,0,2,61,4,67,2,13,82,22,119,260,24,284,403
09/19/2012,GGG,TX,ASW,CE,Combined TRACON& Tower with Radar,0,15,34,0,49,0,5,70,0,75,0,20,104,0,124,182,0,182,306
09/20/2012,GGG,TX,ASW,CE,Combined TRACON& Tower with Radar,0,13,28,0,41,0,2,80,0,82,0,15,108,0,123,222,0,222,345
09/21/2012,GGG,TX,ASW,CE,Combined TRACON& Tower with Radar,0,10,24,23,57,0,1,69,0,70,0,11,93,23,127,116,34,150,277
09/22/2012,GGG,TX,ASW,CE,Combined TRACON& Tower with Radar,0,4,9,2,15,0,0,30,0,30,0,4,39,2,45,66,2,68,113
09/23/2012,GGG,TX,ASW,CE,Combined TRACON& Tower with Radar,0,13,23,6,42,0,0,22,0,22,0,13,45,6,64,22,2,24,88
09/24/2012,GGG,TX,ASW,CE,Combined TRACON& Tower with Radar,0,14,14,14,42,0,0,39,1,40,0,14,53,15,82,70,12,82,164
09/25/2012,GGG,TX,ASW,CE,Combined TRACON& Tower with Radar,0,7,47,28,82,0,0,51,8,59,0,7,98,36,141,186,30,216,357
09/26/2012,GGG,TX,ASW,CE,Combined TRACON& Tower with Radar,0,9,38,2,49,0,0,42,2,44,0,9,80,4,93,94,0,94,187
09/27/2012,GGG,TX,ASW,CE,Combined TRACON& Tower with Radar,0,9,46,0,55,0,0,86,2,88,0,9,132,2,143,224,0,224,367
09/28/2012,GGG,TX,ASW,CE,Combined TRACON& Tower with Radar,0,10,28,8,46,0,1,40,0,41,0,11,68,8,87,132,22,154,241
09/29/2012,GGG,TX,ASW,CE,Combined TRACON& Tower with Radar,0,2,13,0,15,0,0,0,0,0,0,2,13,0,15,14,0,14,29
09/30/2012,GGG,TX,ASW,CE,Combined TRACON& Tower with Radar,2,9,14,0,25,0,0,0,0,0,2,9,14,0,25,0,0,0,25
10/01/2012,GGG,TX,ASW,CE,Combined TRACON& Tower with Radar,0,13,34,2,49,0,0,53,5,58,0,13,87,7,107,126,0,126,233
10/02/2012,GGG,TX,ASW,CE,Combined TRACON& Tower with Radar,0,7,26,0,33,0,0,68,0,68,0,7,94,0,101,226,0,226,327
10/03/2012,GGG,TX,ASW,CE,Combined TRACON& Tower with Radar,0,11,27,6,44,0,0,55,0,55,0,11,82,6,99,131,10,141,240
10/04/2012,GGG,TX,ASW,CE,Combined TRACON& Tower with Radar,1,12,41,14,68,0,2,81,1,84,1,14,122,15,152,240,10,250,402
10/05/2012,GGG,TX,ASW,CE,Combined TRACON& Tower with Radar,0,11,32,4,47,0,2,59,0,61,0,13,91,4,108,162,20,182,290
10/06/2012,GGG,TX,ASW,CE,Combined TRACON& Tower with Radar,0,3,32,2,37,0,3,0,0,3,0,6,32,2,40,10,0,10,50
10/07/2012,GGG,TX,ASW,CE,Combined TRACON& Tower with Radar,0,7,19,0,26,0,0,13,0,13,0,7,32,0,39,30,0,30,69
10/08/2012,GGG,TX,ASW,CE,Combined TRACON& Tower with Radar,0,12,23,0,35,0,0,41,0,41,0,12,64,0,76,152,0,152,228
10/09/2012,GGG,TX,ASW,CE,Combined TRACON& Tower with Radar,0,14,28,6,48,0,0,63,5,68,0,14,91,11,116,242,14,256,372
10/10/2012,GGG,TX,ASW,CE,Combined TRACON& Tower with Radar,4,12,36,4,56,0,0,11,0,11,4,12,47,4,67,80,6,86,153
10/11/2012,GGG,TX,ASW,CE,Combined TRACON& Tower with Radar,0,13,32,1,46,0,0,36,2,38,0,13,68,3,84,146,4,150,234
10/12/2012,GGG,TX,ASW,CE,Combined TRACON& Tower with Radar,0,8,40,28,76,0,0,66,2,68,0,8,106,30,144,134,28,162,306
10/13/2012,GGG,TX,ASW,CE,Combined TRACON& Tower with Radar,0,14,23,20,57,0,0,11,2,13,0,14,34,22,70,10,20,30,100
10/14/2012,GGG,TX,ASW,CE,Combined TRACON& Tower with Radar,0,12,15,6,33,0,0,21,2,23,0,12,36,8,56,18,18,36,92
10/15/2012,GGG,TX,ASW,CE,Combined TRACON& Tower with Radar,0,12,35,2,49,0,0,66,0,66,0,12,101,2,115,190,4,194,309
10/16/2012,GGG,TX,ASW,CE,Combined TRACON& Tower with Radar,0,15,26,4,45,0,1,70,0,71,0,16,96,4,116,138,4,142,258
10/17/2012,GGG,TX,ASW,CE,Combined TRACON& Tower with Radar,0,13,40,2,55,0,2,11,0,13,0,15,51,2,68,14,12,26,94
10/18/2012,GGG,TX,ASW,CE,Combined TRACON& Tower with Radar,0,9,42,0,51,0,2,81,8,91,0,11,123,8,142,260,12,272,414
10/19/2012,GGG,TX,ASW,CE,Combined TRACON& Tower with Radar,0,10,22,20,52,0,3,48,7,58,0,13,70,27,110,58,40,98,208
10/20/2012,GGG,TX,ASW,CE,Combined TRACON& Tower with Radar,0,5,11,4,20,0,1,26,0,27,0,6,37,4,47,20,0,20,67
10/21/2012,GGG,TX,ASW,CE,Combined TRACON& Tower with Radar,0,12,38,24,74,0,1,19,0,20,0,13,57,24,94,36,24,60,154
10/22/2012,GGG,TX,ASW,CE,Combined TRACON& Tower with Radar,0,13,27,4,44,0,4,24,0,28,0,17,51,4,72,76,0,76,148
10/23/2012,GGG,TX,ASW,CE,Combined TRACON& Tower with Radar,0,8,44,0,52,0,0,34,0,34,0,8,78,0,86,96,0,96,182
10/24/2012,GGG,TX,ASW,CE,Combined TRACON& Tower with Radar,0,16,59,11,86,0,1,34,0,35,0,17,93,11,121,28,18,46,167
10/25/2012,GGG,TX,ASW,CE,Combined TRACON& Tower with Radar,0,20,32,8,60,0,4,18,2,24,0,24,50,10,84,46,8,54,138
10/26/2012,GGG,TX,ASW,CE,Combined TRACON& Tower with Radar,2,7,48,1,58,0,0,1,0,1,2,7,49,1,59,0,0,0,59
10/27/2012,GGG,TX,ASW,CE,Combined TRACON& Tower with Radar,0,7,22,0,29,0,5,53,0,58,0,12,75,0,87,31,0,31,118
10/28/2012,GGG,TX,ASW,CE,Combined TRACON& Tower with Radar,0,8,44,0,52,0,0,20,0,20,0,8,64,0,72,14,0,14,86
10/29/2012,GGG,TX,ASW,CE,Combined TRACON& Tower with Radar,2,15,26,0,43,0,1,66,0,67,2,16,92,0,110,73,0,73,183
10/30/2012,GGG,TX,ASW,CE,Combined TRACON& Tower with Radar,0,12,26,20,58,0,1,68,0,69,0,13,94,20,127,96,40,136,263
10/31/2012,GGG,TX,ASW,CE,Combined TRACON& Tower with Radar,0,12,41,17,70,0,0,62,0,62,0,12,103,17,132,96,38,134,266
11/01/2012,GGG,TX,ASW,CE,Combined TRACON& Tower with Radar,0,9,28,20,57,0,4,72,0,76,0,13,100,20,133,137,24,161,294
11/02/2012,GGG,TX,ASW,CE,Combined TRACON& Tower with Radar,0,14,44,16,74,0,2,60,0,62,0,16,104,16,136,86,38,124,260
11/03/2012,GGG,TX,ASW,CE,Combined TRACON& Tower with Radar,0,3,10,2,15,0,0,10,0,10,0,3,20,2,25,8,0,8,33
11/04/2012,GGG,TX,ASW,CE,Combined TRACON& Tower with Radar,0,7,25,0,32,0,0,5,0,5,0,7,30,0,37,18,0,18,55
11/05/2012,GGG,TX,ASW,CE,Combined TRACON& Tower with Radar,0,6,23,22,51,0,2,39,0,41,0,8,62,22,92,125,52,177,269
11/06/2012,GGG,TX,ASW,CE,Combined TRACON& Tower with Radar,0,12,30,0,42,0,4,63,0,67,0,16,93,0,109,86,0,86,195
11/07/2012,GGG,TX,ASW,CE,Combined TRACON& Tower with Radar,0,12,24,16,52,0,1,62,0,63,0,13,86,16,115,162,44,206,321
11/08/2012,GGG,TX,ASW,CE,Combined TRACON& Tower with Radar,0,17,30,0,47,0,5,56,0,61,0,22,86,0,108,128,0,128,236
11/09/2012,GGG,TX,ASW,CE,Combined TRACON& Tower with Radar,0,13,54,2,69,0,1,45,1,47,0,14,99,3,116,60,20,80,196
11/10/2012,GGG,TX,ASW,CE,Combined TRACON& Tower with Radar,0,2,18,0,20,0,0,19,0,19,0,2,37,0,39,48,0,48,87
11/11/2012,GGG,TX,ASW,CE,Combined TRACON& Tower with Radar,0,8,14,0,22,0,0,0,0,0,0,8,14,0,22,0,0,0,22
11/12/2012,GGG,TX,ASW,CE,Combined TRACON& Tower with Radar,0,15,13,0,28,0,2,49,0,51,0,17,62,0,79,28,0,28,107
11/13/2012,GGG,TX,ASW,CE,Combined TRACON& Tower with Radar,0,10,23,11,44,0,0,67,0,67,0,10,90,11,111,218,12,230,341
11/14/2012,GGG,TX,ASW,CE,Combined TRACON& Tower with Radar,0,12,40,14,66,0,0,72,1,73,0,12,112,15,139,170,18,188,327
11/15/2012,GGG,TX,ASW,CE,Combined TRACON& Tower with Radar,0,10,28,0,38,0,0,78,0,78,0,10,106,0,116,94,0,94,210
11/16/2012,GGG,TX,ASW,CE,Combined TRACON& Tower with Radar,0,14,33,8,55,0,0,81,0,81,0,14,114,8,136,150,8,158,294
11/17/2012,GGG,TX,ASW,CE,Combined TRACON& Tower with Radar,0,7,42,0,49,0,0,71,4,75,0,7,113,4,124,174,16,190,314
11/18/2012,GGG,TX,ASW,CE,Combined TRACON& Tower with Radar,0,8,22,1,31,0,0,21,1,22,0,8,43,2,53,0,0,0,53
11/19/2012,GGG,TX,ASW,CE,Combined TRACON& Tower with Radar,0,11,41,9,61,0,0,47,3,50,0,11,88,12,111,58,8,66,177
11/20/2012,GGG,TX,ASW,CE,Combined TRACON& Tower with Radar,0,6,36,18,60,0,3,53,0,56,0,9,89,18,116,66,50,116,232
11/21/2012,GGG,TX,ASW,CE,Combined TRACON& Tower with Radar,0,12,33,2,47,0,0,46,0,46,0,12,79,2,93,150,6,156,249
11/22/2012,GGG,TX,ASW,CE,Combined TRACON& Tower with Radar,0,2,5,0,7,0,0,13,0,13,0,2,18,0,20,0,0,0,20
11/23/2012,GGG,TX,ASW,CE,Combined TRACON& Tower with Radar,0,8,30,0,38,0,0,11,0,11,0,8,41,0,49,42,0,42,91
11/24/2012,GGG,TX,ASW,CE,Combined TRACON& Tower with Radar,0,4,17,0,21,0,0,41,0,41,0,4,58,0,62,111,0,111,173
11/25/2012,GGG,TX,ASW,CE,Combined TRACON& Tower with Radar,0,7,28,0,35,0,0,27,0,27,0,7,55,0,62,0,0,0,62
11/26/2012,GGG,TX,ASW,CE,Combined TRACON& Tower with Radar,0,10,43,0,53,0,1,18,0,19,0,11,61,0,72,44,0,44,116
11/27/2012,GGG,TX,ASW,CE,Combined TRACON& Tower with Radar,0,23,39,0,62,0,2,41,0,43,0,25,80,0,105,56,0,56,161
11/28/2012,GGG,TX,ASW,CE,Combined TRACON& Tower with Radar,0,19,48,12,79,0,4,57,4,65,0,23,105,16,144,78,38,116,260
11/29/2012,GGG,TX,ASW,CE,Combined TRACON& Tower with Radar,0,18,37,2,57,0,0,51,0,51,0,18,88,2,108,164,0,164,272
11/30/2012,GGG,TX,ASW,CE,Combined TRACON& Tower with Radar,0,15,52,7,74,0,0,8,0,8,0,15,60,7,82,68,14,82,164
12/01/2012,GGG,TX,ASW,CE,Combined TRACON& Tower with Radar,0,5,29,4,38,0,0,12,0,12,0,5,41,4,50,98,0,98,148
12/02/2012,GGG,TX,ASW,CE,Combined TRACON& Tower with Radar,0,8,21,4,33,0,0,10,1,11,0,8,31,5,44,0,0,0,44
12/03/2012,GGG,TX,ASW,CE,Combined TRACON& Tower with Radar,0,12,43,2,57,0,2,12,2,16,0,14,55,4,73,34,0,34,107
12/04/2012,GGG,TX,ASW,CE,Combined TRACON& Tower with Radar,0,9,46,4,59,0,0,16,0,16,0,9,62,4,75,54,0,54,129
12/05/2012,GGG,TX,ASW,CE,Combined TRACON& Tower with Radar,0,12,65,2,79,0,0,15,0,15,0,12,80,2,94,190,0,190,284
12/06/2012,GGG,TX,ASW,CE,Combined TRACON& Tower with Radar,0,14,49,17,80,0,2,41,0,43,0,16,90,17,123,104,26,130,253
12/07/2012,GGG,TX,ASW,CE,Combined TRACON& Tower with Radar,0,14,44,6,64,0,0,18,0,18,0,14,62,6,82,100,0,100,182
12/08/2012,GGG,TX,ASW,CE,Combined TRACON& Tower with Radar,0,10,43,21,74,0,0,14,0,14,0,10,57,21,88,58,32,90,178
12/09/2012,GGG,TX,ASW,CE,Combined TRACON& Tower with Radar,0,7,11,28,46,0,0,3,0,3,0,7,14,28,49,0,0,0,49
12/10/2012,GGG,TX,ASW,CE,Combined TRACON& Tower with Radar,0,9,32,2,43,0,3,42,1,46,0,12,74,3,89,78,0,78,167
12/11/2012,GGG,TX,ASW,CE,Combined TRACON& Tower with Radar,0,13,40,4,57,0,4,58,0,62,0,17,98,4,119,122,8,130,249
12/12/2012,GGG,TX,ASW,CE,Combined TRACON& Tower with Radar,0,11,38,20,69,0,0,73,1,74,0,11,111,21,143,194,12,206,349
12/13/2012,GGG,TX,ASW,CE,Combined TRACON& Tower with Radar,0,14,36,15,65,0,1,35,0,36,0,15,71,15,101,252,28,280,381
12/14/2012,GGG,TX,ASW,CE,Combined TRACON& Tower with Radar,0,12,45,8,65,0,2,47,0,49,0,14,92,8,114,190,14,204,318
12/15/2012,GGG,TX,ASW,CE,Combined TRACON& Tower with Radar,0,5,15,6,26,0,0,21,1,22,0,5,36,7,48,52,2,54,102
12/16/2012,GGG,TX,ASW,CE,Combined TRACON& Tower with Radar,0,7,25,6,38,0,0,16,2,18,0,7,41,8,56,30,0,30,86
12/17/2012,GGG,TX,ASW,CE,Combined TRACON& Tower with Radar,0,15,28,6,49,0,0,73,0,73,0,15,101,6,122,116,14,130,252
12/18/2012,GGG,TX,ASW,CE,Combined TRACON& Tower with Radar,0,10,33,0,43,0,0,49,0,49,0,10,82,0,92,232,0,232,324
12/19/2012,GGG,TX,ASW,CE,Combined TRACON& Tower with Radar,0,12,16,2,30,0,0,7,0,7,0,12,23,2,37,52,8,60,97
12/20/2012,GGG,TX,ASW,CE,Combined TRACON& Tower with Radar,0,14,32,17,63,0,4,29,5,38,0,18,61,22,101,46,16,62,163
12/21/2012,GGG,TX,ASW,CE,Combined TRACON& Tower with Radar,0,9,17,0,26,0,2,25,0,27,0,11,42,0,53,42,0,42,95
12/22/2012,GGG,TX,ASW,CE,Combined TRACON& Tower with Radar,0,9,26,0,35,0,1,15,0,16,0,10,41,0,51,112,0,112,163
12/23/2012,GGG,TX,ASW,CE,Combined TRACON& Tower with Radar,0,4,19,0,23,0,1,3,0,4,0,5,22,0,27,16,0,16,43
12/24/2012,GGG,TX,ASW,CE,Combined TRACON& Tower with Radar,0,4,10,0,14,0,0,27,0,27,0,4,37,0,41,28,0,28,69
12/25/2012,GGG,TX,ASW,CE,Combined TRACON& Tower with Radar,0,0,0,0,0,0,0,0,0,0,0,0,0,0,0,0,0,0,0
12/26/2012,GGG,TX,ASW,CE,Combined TRACON& Tower with Radar,0,11,21,0,32,0,0,4,0,4,0,11,25,0,36,34,0,34,70
12/27/2012,GGG,TX,ASW,CE,Combined TRACON& Tower with Radar,0,11,37,0,48,0,0,4,0,4,0,11,41,0,52,44,0,44,96
12/28/2012,GGG,TX,ASW,CE,Combined TRACON& Tower with Radar,0,5,8,3,16,0,0,0,0,0,0,5,8,3,16,0,0,0,16
12/29/2012,GGG,TX,ASW,CE,Combined TRACON& Tower with Radar,0,6,10,0,16,0,0,22,0,22,0,6,32,0,38,80,0,80,118
12/30/2012,GGG,TX,ASW,CE,Combined TRACON& Tower with Radar,0,9,12,0,21,0,0,14,0,14,0,9,26,0,35,4,0,4,39
12/31/2012,GGG,TX,ASW,CE,Combined TRACON& Tower with Radar,0,4,13,0,17,0,0,0,0,0,0,4,13,0,17,0,0,0,17
01/01/2013,GGG,TX,ASW,CE,Combined TRACON& Tower with Radar,0,8,12,0,20,0,0,1,0,1,0,8,13,0,21,0,0,0,21
01/02/2013,GGG,TX,ASW,CE,Combined TRACON& Tower with Radar,0,11,26,0,37,0,2,9,0,11,0,13,35,0,48,20,0,20,68
01/03/2013,GGG,TX,ASW,CE,Combined TRACON& Tower with Radar,0,10,14,0,24,0,5,26,2,33,0,15,40,2,57,90,0,90,147
01/04/2013,GGG,TX,ASW,CE,Combined TRACON& Tower with Radar,0,9,11,2,22,0,2,24,0,26,0,11,35,2,48,92,12,104,152
01/05/2013,GGG,TX,ASW,CE,Combined TRACON& Tower with Radar,0,5,27,0,32,0,0,36,0,36,0,5,63,0,68,56,0,56,124
01/06/2013,GGG,TX,ASW,CE,Combined TRACON& Tower with Radar,0,11,14,0,25,0,0,16,0,16,0,11,30,0,41,0,0,0,41
01/07/2013,GGG,TX,ASW,CE,Combined TRACON& Tower with Radar,0,9,18,0,27,0,2,44,0,46,0,11,62,0,73,58,0,58,131
01/08/2013,GGG,TX,ASW,CE,Combined TRACON& Tower with Radar,0,10,32,0,42,0,0,0,1,1,0,10,32,1,43,0,0,0,43
01/09/2013,GGG,TX,ASW,CE,Combined TRACON& Tower with Radar,0,4,18,0,22,0,0,0,0,0,0,4,18,0,22,4,0,4,26
01/10/2013,GGG,TX,ASW,CE,Combined TRACON& Tower with Radar,0,10,42,5,57,0,5,20,2,27,0,15,62,7,84,66,10,76,160
01/11/2013,GGG,TX,ASW,CE,Combined TRACON& Tower with Radar,0,13,33,10,56,0,0,45,0,45,0,13,78,10,101,92,4,96,197
01/12/2013,GGG,TX,ASW,CE,Combined TRACON& Tower with Radar,0,4,21,0,25,0,0,0,0,0,0,4,21,0,25,18,0,18,43
01/13/2013,GGG,TX,ASW,CE,Combined TRACON& Tower with Radar,0,8,18,0,26,0,0,0,0,0,0,8,18,0,26,0,0,0,26
01/14/2013,GGG,TX,ASW,CE,Combined TRACON& Tower with Radar,0,11,28,1,40,0,0,23,1,24,0,11,51,2,64,76,8,84,148
01/15/2013,GGG,TX,ASW,CE,Combined TRACON& Tower with Radar,0,3,26,0,29,0,0,0,0,0,0,3,26,0,29,0,0,0,29
01/16/2013,GGG,TX,ASW,CE,Combined TRACON& Tower with Radar,0,13,50,6,69,0,0,55,0,55,0,13,105,6,124,172,16,188,312
01/17/2013,GGG,TX,ASW,CE,Combined TRACON& Tower with Radar,0,11,21,0,32,0,1,57,2,60,0,12,78,2,92,108,0,108,200
01/18/2013,GGG,TX,ASW,CE,Combined TRACON& Tower with Radar,0,11,36,21,68,0,0,81,1,82,0,11,117,22,150,148,38,186,336
01/19/2013,GGG,TX,ASW,CE,Combined TRACON& Tower with Radar,0,6,9,0,15,0,0,46,1,47,0,6,55,1,62,44,0,44,106
01/20/2013,GGG,TX,ASW,CE,Combined TRACON& Tower with Radar,0,7,33,1,41,0,0,25,1,26,0,7,58,2,67,22,0,22,89
01/21/2013,GGG,TX,ASW,CE,Combined TRACON& Tower with Radar,0,10,32,0,42,0,1,45,0,46,0,11,77,0,88,178,0,178,266
01/22/2013,GGG,TX,ASW,CE,Combined TRACON& Tower with Radar,0,11,28,2,41,0,1,71,0,72,0,12,99,2,113,114,2,116,229
01/23/2013,GGG,TX,ASW,CE,Combined TRACON& Tower with Radar,0,7,38,13,58,0,0,72,0,72,0,7,110,13,130,156,28,184,314
01/24/2013,GGG,TX,ASW,CE,Combined TRACON& Tower with Radar,0,7,50,0,57,0,0,24,0,24,0,7,74,0,81,50,0,50,131
01/25/2013,GGG,TX,ASW,CE,Combined TRACON& Tower with Radar,0,17,34,10,61,0,0,3,0,3,0,17,37,10,64,76,0,76,140
01/26/2013,GGG,TX,ASW,CE,Combined TRACON& Tower with Radar,0,8,13,2,23,0,0,0,0,0,0,8,13,2,23,0,0,0,23
01/27/2013,GGG,TX,ASW,CE,Combined TRACON& Tower with Radar,0,9,15,0,24,0,0,8,0,8,0,9,23,0,32,38,0,38,70
01/28/2013,GGG,TX,ASW,CE,Combined TRACON& Tower with Radar,3,10,29,7,49,0,0,34,0,34,3,10,63,7,83,24,2,26,109
01/29/2013,GGG,TX,ASW,CE,Combined TRACON& Tower with Radar,1,9,21,0,31,0,0,0,0,0,1,9,21,0,31,0,0,0,31
01/30/2013,GGG,TX,ASW,CE,Combined TRACON& Tower with Radar,0,13,29,6,48,0,1,38,0,39,0,14,67,6,87,84,30,114,201
01/31/2013,GGG,TX,ASW,CE,Combined TRACON& Tower with Radar,0,8,23,12,43,0,8,93,2,103,0,16,116,14,146,120,14,134,280
02/01/2013,GGG,TX,ASW,CE,Combined TRACON& Tower with Radar,4,11,30,8,53,0,1,96,2,99,4,12,126,10,152,128,10,138,290
02/02/2013,GGG,TX,ASW,CE,Combined TRACON& Tower with Radar,0,7,21,0,28,0,0,52,2,54,0,7,73,2,82,60,0,60,142
02/03/2013,GGG,TX,ASW,CE,Combined TRACON& Tower with Radar,0,6,17,10,33,0,0,25,0,25,0,6,42,10,58,2,6,8,66
02/04/2013,GGG,TX,ASW,CE,Combined TRACON& Tower with Radar,0,7,29,2,38,0,0,28,0,28,0,7,57,2,66,90,0,90,156
02/05/2013,GGG,TX,ASW,CE,Combined TRACON& Tower with Radar,0,6,45,6,57,0,0,16,0,16,0,6,61,6,73,38,0,38,111
02/06/2013,GGG,TX,ASW,CE,Combined TRACON& Tower with Radar,0,7,38,0,45,0,0,0,0,0,0,7,38,0,45,0,0,0,45
02/07/2013,GGG,TX,ASW,CE,Combined TRACON& Tower with Radar,0,7,49,0,56,0,0,2,0,2,0,7,51,0,58,22,0,22,80
02/08/2013,GGG,TX,ASW,CE,Combined TRACON& Tower with Radar,0,15,34,3,52,0,4,69,0,73,0,19,103,3,125,196,4,200,325
02/09/2013,GGG,TX,ASW,CE,Combined TRACON& Tower with Radar,0,4,36,0,40,0,0,0,0,0,0,4,36,0,40,0,0,0,40
02/10/2013,GGG,TX,ASW,CE,Combined TRACON& Tower with Radar,0,4,14,0,18,0,0,10,0,10,0,4,24,0,28,38,0,38,66
02/11/2013,GGG,TX,ASW,CE,Combined TRACON& Tower with Radar,0,5,21,2,28,0,0,55,0,55,0,5,76,2,83,76,0,76,159
02/12/2013,GGG,TX,ASW,CE,Combined TRACON& Tower with Radar,0,6,16,0,22,0,0,0,0,0,0,6,16,0,22,0,0,0,22
02/13/2013,GGG,TX,ASW,CE,Combined TRACON& Tower with Radar,0,8,32,16,56,0,2,37,0,39,0,10,69,16,95,80,18,98,193
02/14/2013,GGG,TX,ASW,CE,Combined TRACON& Tower with Radar,0,7,39,6,52,0,1,110,5,116,0,8,149,11,168,172,10,182,350
02/15/2013,GGG,TX,ASW,CE,Combined TRACON& Tower with Radar,0,6,42,3,51,0,4,86,1,91,0,10,128,4,142,84,0,84,226
02/16/2013,GGG,TX,ASW,CE,Combined TRACON& Tower with Radar,0,4,33,0,37,0,0,79,0,79,0,4,112,0,116,78,0,78,194
02/17/2013,GGG,TX,ASW,CE,Combined TRACON& Tower with Radar,2,6,13,0,21,0,0,25,0,25,2,6,38,0,46,0,0,0,46
02/18/2013,GGG,TX,ASW,CE,Combined TRACON& Tower with Radar,0,6,32,0,38,0,0,12,0,12,0,6,44,0,50,16,0,16,66
02/19/2013,GGG,TX,ASW,CE,Combined TRACON& Tower with Radar,0,12,49,0,61,0,0,101,4,105,0,12,150,4,166,150,0,150,316
02/20/2013,GGG,TX,ASW,CE,Combined TRACON& Tower with Radar,0,10,31,0,41,0,0,36,0,36,0,10,67,0,77,78,0,78,155
02/21/2013,GGG,TX,ASW,CE,Combined TRACON& Tower with Radar,1,4,21,8,34,0,2,16,2,20,1,6,37,10,54,20,20,40,94
02/22/2013,GGG,TX,ASW,CE,Combined TRACON& Tower with Radar,1,12,29,20,62,0,0,81,1,82,1,12,110,21,144,92,22,114,258
02/23/2013,GGG,TX,ASW,CE,Combined TRACON& Tower with Radar,0,6,24,0,30,0,2,50,3,55,0,8,74,3,85,138,0,138,223
02/24/2013,GGG,TX,ASW,CE,Combined TRACON& Tower with Radar,0,7,14,3,24,0,0,23,1,24,0,7,37,4,48,30,0,30,78
02/25/2013,GGG,TX,ASW,CE,Combined TRACON& Tower with Radar,0,10,17,0,27,0,0,10,2,12,0,10,27,2,39,0,0,0,39
02/26/2013,GGG,TX,ASW,CE,Combined TRACON& Tower with Radar,0,15,23,6,44,0,0,36,0,36,0,15,59,6,80,84,8,92,172
02/27/2013,GGG,TX,ASW,CE,Combined TRACON& Tower with Radar,0,14,25,12,51,0,2,83,1,86,0,16,108,13,137,142,22,164,301
02/28/2013,GGG,TX,ASW,CE,Combined TRACON& Tower with Radar,0,16,31,6,53,0,3,61,4,68,0,19,92,10,121,38,10,48,169
03/01/2013,GGG,TX,ASW,CE,Combined TRACON& Tower with Radar,0,12,19,14,45,0,2,68,1,71,0,14,87,15,116,90,10,100,216
03/02/2013,GGG,TX,ASW,CE,Combined TRACON& Tower with Radar,0,6,15,12,33,0,3,38,0,41,0,9,53,12,74,62,0,62,136
03/03/2013,GGG,TX,ASW,CE,Combined TRACON& Tower with Radar,0,11,15,2,28,0,0,23,0,23,0,11,38,2,51,16,0,16,67
03/04/2013,GGG,TX,ASW,CE,Combined TRACON& Tower with Radar,0,8,15,10,33,0,2,13,0,15,0,10,28,10,48,20,0,20,68
03/05/2013,GGG,TX,ASW,CE,Combined TRACON& Tower with Radar,0,12,32,4,48,0,6,40,0,46,0,18,72,4,94,112,6,118,212
03/06/2013,GGG,TX,ASW,CE,Combined TRACON& Tower with Radar,0,15,38,13,66,0,2,91,0,93,0,17,129,13,159,112,32,144,303
03/07/2013,GGG,TX,ASW,CE,Combined TRACON& Tower with Radar,0,14,29,3,46,0,5,68,0,73,0,19,97,3,119,132,2,134,253
03/08/2013,GGG,TX,ASW,CE,Combined TRACON& Tower with Radar,0,13,50,24,87,0,0,55,0,55,0,13,105,24,142,176,72,248,390
03/09/2013,GGG,TX,ASW,CE,Combined TRACON& Tower with Radar,0,3,21,0,24,0,0,6,0,6,0,3,27,0,30,0,0,0,30
03/10/2013,GGG,TX,ASW,CE,Combined TRACON& Tower with Radar,0,6,11,0,17,0,0,7,0,7,0,6,18,0,24,0,0,0,24
03/11/2013,GGG,TX,ASW,CE,Combined TRACON& Tower with Radar,0,8,26,0,34,0,2,58,0,60,0,10,84,0,94,72,0,72,166
03/12/2013,GGG,TX,ASW,CE,Combined TRACON& Tower with Radar,0,8,24,0,32,0,2,80,0,82,0,10,104,0,114,220,0,220,334
03/13/2013,GGG,TX,ASW,CE,Combined TRACON& Tower with Radar,0,10,21,10,41,0,0,71,0,71,0,10,92,10,112,126,16,142,254
03/14/2013,GGG,TX,ASW,CE,Combined TRACON& Tower with Radar,0,7,21,0,28,0,4,47,0,51,0,11,68,0,79,170,0,170,249
03/15/2013,GGG,TX,ASW,CE,Combined TRACON& Tower with Radar,0,8,26,0,34,0,2,54,0,56,0,10,80,0,90,94,0,94,184
03/16/2013,GGG,TX,ASW,CE,Combined TRACON& Tower with Radar,0,6,22,2,30,0,1,16,0,17,0,7,38,2,47,22,0,22,69
03/17/2013,GGG,TX,ASW,CE,Combined TRACON& Tower with Radar,0,9,17,2,28,0,0,6,0,6,0,9,23,2,34,0,0,0,34
03/18/2013,GGG,TX,ASW,CE,Combined TRACON& Tower with Radar,0,11,29,4,44,0,3,31,0,34,0,14,60,4,78,102,12,114,192
03/19/2013,GGG,TX,ASW,CE,Combined TRACON& Tower with Radar,0,11,27,11,49,0,6,60,2,68,0,17,87,13,117,162,16,178,295
03/20/2013,GGG,TX,ASW,CE,Combined TRACON& Tower with Radar,0,11,35,24,70,0,2,57,2,61,0,13,92,26,131,72,46,118,249
03/21/2013,GGG,TX,ASW,CE,Combined TRACON& Tower with Radar,0,13,33,7,53,0,2,51,0,53,0,15,84,7,106,230,0,230,336
03/22/2013,GGG,TX,ASW,CE,Combined TRACON& Tower with Radar,0,13,42,0,55,0,0,29,4,33,0,13,71,4,88,30,0,30,118
03/23/2013,GGG,TX,ASW,CE,Combined TRACON& Tower with Radar,0,4,3,0,7,0,0,0,0,0,0,4,3,0,7,0,0,0,7
03/24/2013,GGG,TX,ASW,CE,Combined TRACON& Tower with Radar,0,5,12,0,17,0,0,14,0,14,0,5,26,0,31,0,0,0,31
03/25/2013,GGG,TX,ASW,CE,Combined TRACON& Tower with Radar,0,4,14,6,24,0,0,60,1,61,0,4,74,7,85,152,20,172,257
03/26/2013,GGG,TX,ASW,CE,Combined TRACON& Tower with Radar,0,6,23,2,31,0,2,62,0,64,0,8,85,2,95,256,0,256,351
03/27/2013,GGG,TX,ASW,CE,Combined TRACON& Tower with Radar,0,11,35,6,52,0,2,76,0,78,0,13,111,6,130,224,2,226,356
03/28/2013,GGG,TX,ASW,CE,Combined TRACON& Tower with Radar,0,11,25,0,36,0,1,64,0,65,0,12,89,0,101,164,0,164,265
03/29/2013,GGG,TX,ASW,CE,Combined TRACON& Tower with Radar,0,11,21,2,34,0,2,12,0,14,0,13,33,2,48,42,0,42,90
03/30/2013,GGG,TX,ASW,CE,Combined TRACON& Tower with Radar,0,5,7,0,12,0,0,10,0,10,0,5,17,0,22,0,0,0,22
03/31/2013,GGG,TX,ASW,CE,Combined TRACON& Tower with Radar,0,6,16,0,22,0,0,4,0,4,0,6,20,0,26,0,0,0,26
04/01/2013,GGG,TX,ASW,CE,Combined TRACON& Tower with Radar,2,14,38,12,66,0,6,54,0,60,2,20,92,12,126,188,10,198,324
04/02/2013,GGG,TX,ASW,CE,Combined TRACON& Tower with Radar,0,16,25,5,46,0,2,43,0,45,0,18,68,5,91,226,0,226,317
04/03/2013,GGG,TX,ASW,CE,Combined TRACON& Tower with Radar,0,15,32,0,47,0,0,0,0,0,0,15,32,0,47,0,0,0,47
04/04/2013,GGG,TX,ASW,CE,Combined TRACON& Tower with Radar,0,12,47,0,59,0,0,4,0,4,0,12,51,0,63,38,0,38,101
04/05/2013,GGG,TX,ASW,CE,Combined TRACON& Tower with Radar,2,7,32,6,47,0,2,113,0,115,2,9,145,6,162,252,4,256,418
04/06/2013,GGG,TX,ASW,CE,Combined TRACON& Tower with Radar,0,9,11,15,35,0,2,43,1,46,0,11,54,16,81,88,8,96,177
04/07/2013,GGG,TX,ASW,CE,Combined TRACON& Tower with Radar,0,8,30,0,38,0,0,20,0,20,0,8,50,0,58,56,0,56,114
04/08/2013,GGG,TX,ASW,CE,Combined TRACON& Tower with Radar,0,13,40,0,53,0,4,25,0,29,0,17,65,0,82,108,0,108,190
04/09/2013,GGG,TX,ASW,CE,Combined TRACON& Tower with Radar,0,8,31,6,45,0,1,27,0,28,0,9,58,6,73,108,0,108,181
04/10/2013,GGG,TX,ASW,CE,Combined TRACON& Tower with Radar,0,9,23,0,32,0,0,4,0,4,0,9,27,0,36,0,0,0,36
04/11/2013,GGG,TX,ASW,CE,Combined TRACON& Tower with Radar,0,10,48,8,66,0,3,54,0,57,0,13,102,8,123,99,0,99,222
04/12/2013,GGG,TX,ASW,CE,Combined TRACON& Tower with Radar,0,9,29,6,44,0,0,79,0,79,0,9,108,6,123,246,0,246,369
04/13/2013,GGG,TX,ASW,CE,Combined TRACON& Tower with Radar,0,5,22,0,27,0,3,43,0,46,0,8,65,0,73,126,0,126,199
04/14/2013,GGG,TX,ASW,CE,Combined TRACON& Tower with Radar,0,4,21,10,35,0,0,25,2,27,0,4,46,12,62,52,0,52,114
04/15/2013,GGG,TX,ASW,CE,Combined TRACON& Tower with Radar,0,7,30,4,41,0,2,34,0,36,0,9,64,4,77,118,10,128,205
04/16/2013,GGG,TX,ASW,CE,Combined TRACON& Tower with Radar,0,8,43,7,58,0,4,32,0,36,0,12,75,7,94,56,0,56,150
04/17/2013,GGG,TX,ASW,CE,Combined TRACON& Tower with Radar,0,7,36,8,51,0,2,21,0,23,0,9,57,8,74,26,0,26,100
04/18/2013,GGG,TX,ASW,CE,Combined TRACON& Tower with Radar,0,10,25,6,41,0,0,1,0,1,0,10,26,6,42,16,0,16,58
04/19/2013,GGG,TX,ASW,CE,Combined TRACON& Tower with Radar,0,9,48,2,59,0,1,76,4,81,0,10,124,6,140,240,0,240,380
04/20/2013,GGG,TX,ASW,CE,Combined TRACON& Tower with Radar,0,7,18,1,26,0,2,74,0,76,0,9,92,1,102,138,0,138,240
04/21/2013,GGG,TX,ASW,CE,Combined TRACON& Tower with Radar,0,6,22,0,28,0,0,23,0,23,0,6,45,0,51,0,0,0,51
04/22/2013,GGG,TX,ASW,CE,Combined TRACON& Tower with Radar,0,7,23,3,33,0,0,60,0,60,0,7,83,3,93,112,0,112,205
04/23/2013,GGG,TX,ASW,CE,Combined TRACON& Tower with Radar,0,11,30,6,47,0,4,24,0,28,0,15,54,6,75,158,0,158,233
04/24/2013,GGG,TX,ASW,CE,Combined TRACON& Tower with Radar,0,18,39,2,59,0,1,36,0,37,0,19,75,2,96,80,0,80,176
04/25/2013,GGG,TX,ASW,CE,Combined TRACON& Tower with Radar,0,11,36,14,61,0,13,49,0,62,0,24,85,14,123,230,20,250,373
04/26/2013,GGG,TX,ASW,CE,Combined TRACON& Tower with Radar,0,20,15,4,39,0,14,3,0,17,0,34,18,4,56,168,0,168,224
04/27/2013,GGG,TX,ASW,CE,Combined TRACON& Tower with Radar,0,5,7,0,12,0,5,8,0,13,0,10,15,0,25,50,0,50,75
04/28/2013,GGG,TX,ASW,CE,Combined TRACON& Tower with Radar,0,5,17,6,28,0,2,18,0,20,0,7,35,6,48,0,6,6,54
04/29/2013,GGG,TX,ASW,CE,Combined TRACON& Tower with Radar,0,20,30,2,52,0,34,27,0,61,0,54,57,2,113,148,0,148,261
04/30/2013,GGG,TX,ASW,CE,Combined TRACON& Tower with Radar,0,17,18,22,57,0,22,11,0,33,0,39,29,22,90,142,32,174,264
05/01/2013,GGG,TX,ASW,CE,Combined TRACON& Tower with Radar,0,30,34,26,90,0,16,13,0,29,0,46,47,26,119,220,24,244,363
05/02/2013,GGG,TX,ASW,CE,Combined TRACON& Tower with Radar,0,12,30,16,58,0,0,1,0,1,0,12,31,16,59,8,0,8,67
05/03/2013,GGG,TX,ASW,CE,Combined TRACON& Tower with Radar,0,9,37,12,58,0,13,9,0,22,0,22,46,12,80,72,4,76,156
05/04/2013,GGG,TX,ASW,CE,Combined TRACON& Tower with Radar,0,9,9,0,18,0,15,25,0,40,0,24,34,0,58,12,0,12,70
05/05/2013,GGG,TX,ASW,CE,Combined TRACON& Tower with Radar,0,10,26,8,44,0,2,7,1,10,0,12,33,9,54,4,12,16,70
05/06/2013,GGG,TX,ASW,CE,Combined TRACON& Tower with Radar,0,15,30,0,45,0,26,29,0,55,0,41,59,0,100,202,0,202,302
05/07/2013,GGG,TX,ASW,CE,Combined TRACON& Tower with Radar,0,14,14,15,43,0,27,25,0,52,0,41,39,15,95,132,14,146,241
05/08/2013,GGG,TX,ASW,CE,Combined TRACON& Tower with Radar,0,20,32,8,60,0,31,27,0,58,0,51,59,8,118,108,4,112,230
05/09/2013,GGG,TX,ASW,CE,Combined TRACON& Tower with Radar,0,28,31,2,61,0,1,0,0,1,0,29,31,2,62,100,0,100,162
05/10/2013,GGG,TX,ASW,CE,Combined TRACON& Tower with Radar,0,32,22,0,54,0,11,4,0,15,0,43,26,0,69,109,0,109,178
05/11/2013,GGG,TX,ASW,CE,Combined TRACON& Tower with Radar,0,10,8,1,19,0,9,19,0,28,0,19,27,1,47,74,0,74,121
05/12/2013,GGG,TX,ASW,CE,Combined TRACON& Tower with Radar,0,10,22,5,37,0,7,13,1,21,0,17,35,6,58,10,4,14,72
05/13/2013,GGG,TX,ASW,CE,Combined TRACON& Tower with Radar,0,11,23,18,52,0,38,49,0,87,0,49,72,18,139,132,22,154,293
05/14/2013,GGG,TX,ASW,CE,Combined TRACON& Tower with Radar,0,16,27,28,71,0,43,36,1,80,0,59,63,29,151,148,18,166,317
05/15/2013,GGG,TX,ASW,CE,Combined TRACON& Tower with Radar,1,18,23,0,42,0,1,7,0,8,1,19,30,0,50,46,0,46,96
05/16/2013,GGG,TX,ASW,CE,Combined TRACON& Tower with Radar,0,23,35,12,70,0,16,10,0,26,0,39,45,12,96,80,22,102,198
05/17/2013,GGG,TX,ASW,CE,Combined TRACON& Tower with Radar,0,19,50,28,97,0,13,12,1,26,0,32,62,29,123,116,34,150,273
05/18/2013,GGG,TX,ASW,CE,Combined TRACON& Tower with Radar,0,4,16,2,22,0,12,17,0,29,0,16,33,2,51,24,0,24,75
05/19/2013,GGG,TX,ASW,CE,Combined TRACON& Tower with Radar,0,4,17,0,21,0,0,6,0,6,0,4,23,0,27,0,0,0,27
05/20/2013,GGG,TX,ASW,CE,Combined TRACON& Tower with Radar,0,9,26,20,55,0,2,13,1,16,0,11,39,21,71,18,14,32,103
05/21/2013,GGG,TX,ASW,CE,Combined TRACON& Tower with Radar,0,4,17,0,21,0,4,6,0,10,0,8,23,0,31,48,0,48,79
05/22/2013,GGG,TX,ASW,CE,Combined TRACON& Tower with Radar,0,12,30,4,46,0,32,19,0,51,0,44,49,4,97,136,10,146,243
05/23/2013,GGG,TX,ASW,CE,Combined TRACON& Tower with Radar,0,26,44,15,85,0,16,12,0,28,0,42,56,15,113,74,0,74,187
05/24/2013,GGG,TX,ASW,CE,Combined TRACON& Tower with Radar,0,12,39,0,51,0,23,11,0,34,0,35,50,0,85,106,0,106,191
05/25/2013,GGG,TX,ASW,CE,Combined TRACON& Tower with Radar,0,6,9,0,15,0,0,22,0,22,0,6,31,0,37,28,0,28,65
05/26/2013,GGG,TX,ASW,CE,Combined TRACON& Tower with Radar,0,5,8,0,13,0,4,4,0,8,0,9,12,0,21,0,0,0,21
05/27/2013,GGG,TX,ASW,CE,Combined TRACON& Tower with Radar,0,13,21,0,34,0,14,6,0,20,0,27,27,0,54,24,0,24,78
05/28/2013,GGG,TX,ASW,CE,Combined TRACON& Tower with Radar,0,13,27,6,46,0,33,16,2,51,0,46,43,8,97,152,16,168,265
05/29/2013,GGG,TX,ASW,CE,Combined TRACON& Tower with Radar,0,23,35,26,84,0,29,8,0,37,0,52,43,26,121,94,18,112,233
05/30/2013,GGG,TX,ASW,CE,Combined TRACON& Tower with Radar,0,22,33,24,79,0,17,8,0,25,0,39,41,24,104,80,12,92,196
05/31/2013,GGG,TX,ASW,CE,Combined TRACON& Tower with Radar,0,23,35,6,64,0,24,25,0,49,0,47,60,6,113,108,2,110,223
06/01/2013,GGG,TX,ASW,CE,Combined TRACON& Tower with Radar,0,10,11,0,21,0,10,8,0,18,0,20,19,0,39,66,0,66,105
06/02/2013,GGG,TX,ASW,CE,Combined TRACON& Tower with Radar,0,4,22,1,27,0,2,17,0,19,0,6,39,1,46,46,2,48,94
06/03/2013,GGG,TX,ASW,CE,Combined TRACON& Tower with Radar,0,20,18,10,48,0,44,41,0,85,0,64,59,10,133,134,0,134,267
06/04/2013,GGG,TX,ASW,CE,Combined TRACON& Tower with Radar,0,20,35,28,83,0,41,22,0,63,0,61,57,28,146,164,24,188,334
06/05/2013,GGG,TX,ASW,CE,Combined TRACON& Tower with Radar,0,16,22,6,44,0,44,24,0,68,0,60,46,6,112,180,0,180,292
06/06/2013,GGG,TX,ASW,CE,Combined TRACON& Tower with Radar,0,15,27,0,42,0,6,8,1,15,0,21,35,1,57,70,0,70,127
06/07/2013,GGG,TX,ASW,CE,Combined TRACON& Tower with Radar,0,15,13,6,34,0,45,21,0,66,0,60,34,6,100,220,12,232,332
06/08/2013,GGG,TX,ASW,CE,Combined TRACON& Tower with Radar,0,5,28,0,33,0,10,56,0,66,0,15,84,0,99,94,0,94,193
06/09/2013,GGG,TX,ASW,CE,Combined TRACON& Tower with Radar,0,6,16,5,27,0,0,17,1,18,0,6,33,6,45,0,0,0,45
06/10/2013,GGG,TX,ASW,CE,Combined TRACON& Tower with Radar,0,11,26,2,39,0,31,33,3,67,0,42,59,5,106,236,0,236,342
06/11/2013,GGG,TX,ASW,CE,Combined TRACON& Tower with Radar,0,25,30,2,57,0,20,24,1,45,0,45,54,3,102,148,2,150,252
06/12/2013,GGG,TX,ASW,CE,Combined TRACON& Tower with Radar,0,16,33,10,59,0,28,20,0,48,0,44,53,10,107,212,2,214,321
06/13/2013,GGG,TX,ASW,CE,Combined TRACON& Tower with Radar,0,26,39,0,65,0,27,34,0,61,0,53,73,0,126,148,0,148,274
06/14/2013,GGG,TX,ASW,CE,Combined TRACON& Tower with Radar,0,6,25,44,75,0,29,27,0,56,0,35,52,44,131,176,48,224,355
06/15/2013,GGG,TX,ASW,CE,Combined TRACON& Tower with Radar,0,14,17,0,31,0,6,15,1,22,0,20,32,1,53,38,0,38,91
06/16/2013,GGG,TX,ASW,CE,Combined TRACON& Tower with Radar,2,12,15,2,31,2,3,14,3,22,4,15,29,5,53,36,0,36,89
06/17/2013,GGG,TX,ASW,CE,Combined TRACON& Tower with Radar,0,16,18,0,34,0,21,12,0,33,0,37,30,0,67,172,0,172,239
06/18/2013,GGG,TX,ASW,CE,Combined TRACON& Tower with Radar,0,13,31,0,44,0,11,21,0,32,0,24,52,0,76,108,0,108,184
06/19/2013,GGG,TX,ASW,CE,Combined TRACON& Tower with Radar,0,13,36,0,49,0,20,24,0,44,0,33,60,0,93,118,0,118,211
06/20/2013,GGG,TX,ASW,CE,Combined TRACON& Tower with Radar,2,27,31,4,64,0,29,33,0,62,2,56,64,4,126,142,8,150,276
06/21/2013,GGG,TX,ASW,CE,Combined TRACON& Tower with Radar,0,10,40,0,50,0,19,32,5,56,0,29,72,5,106,120,0,120,226
06/22/2013,GGG,TX,ASW,CE,Combined TRACON& Tower with Radar,0,5,18,0,23,0,12,20,0,32,0,17,38,0,55,56,0,56,111
06/23/2013,GGG,TX,ASW,CE,Combined TRACON& Tower with Radar,0,8,23,0,31,0,4,9,0,13,0,12,32,0,44,26,0,26,70
06/24/2013,GGG,TX,ASW,CE,Combined TRACON& Tower with Radar,0,18,33,38,89,0,35,19,0,54,0,53,52,38,143,126,16,142,285
06/25/2013,GGG,TX,ASW,CE,Combined TRACON& Tower with Radar,0,16,34,48,98,0,15,21,8,44,0,31,55,56,142,110,110,220,362
06/26/2013,GGG,TX,ASW,CE,Combined TRACON& Tower with Radar,0,24,31,37,92,0,24,20,6,50,0,48,51,43,142,174,32,206,348
06/27/2013,GGG,TX,ASW,CE,Combined TRACON& Tower with Radar,0,13,32,19,64,0,24,28,2,54,0,37,60,21,118,174,24,198,316
06/28/2013,GGG,TX,ASW,CE,Combined TRACON& Tower with Radar,0,14,13,20,47,0,19,32,2,53,0,33,45,22,100,104,14,118,218
06/29/2013,GGG,TX,ASW,CE,Combined TRACON& Tower with Radar,0,8,22,1,31,0,5,22,1,28,0,13,44,2,59,28,0,28,87
06/30/2013,GGG,TX,ASW,CE,Combined TRACON& Tower with Radar,0,8,14,0,22,0,0,24,2,26,0,8,38,2,48,12,0,12,60
07/01/2013,GGG,TX,ASW,CE,Combined TRACON& Tower with Radar,0,20,24,34,78,0,30,36,0,66,0,50,60,34,144,192,18,210,354
07/02/2013,GGG,TX,ASW,CE,Combined TRACON& Tower with Radar,0,17,21,20,58,0,32,44,4,80,0,49,65,24,138,118,40,158,296
07/03/2013,GGG,TX,ASW,CE,Combined TRACON& Tower with Radar,0,15,26,2,43,0,26,17,1,44,0,41,43,3,87,96,12,108,195
07/04/2013,GGG,TX,ASW,CE,Combined TRACON& Tower with Radar,0,8,5,0,13,0,12,9,0,21,0,20,14,0,34,102,0,102,136
07/05/2013,GGG,TX,ASW,CE,Combined TRACON& Tower with Radar,0,11,8,0,19,0,19,18,0,37,0,30,26,0,56,72,0,72,128
07/06/2013,GGG,TX,ASW,CE,Combined TRACON& Tower with Radar,0,18,16,0,34,0,11,8,0,19,0,29,24,0,53,32,0,32,85
07/07/2013,GGG,TX,ASW,CE,Combined TRACON& Tower with Radar,0,12,22,0,34,0,2,15,0,17,0,14,37,0,51,32,0,32,83
07/08/2013,GGG,TX,ASW,CE,Combined TRACON& Tower with Radar,0,16,21,0,37,0,7,10,0,17,0,23,31,0,54,80,0,80,134
07/09/2013,GGG,TX,ASW,CE,Combined TRACON& Tower with Radar,0,24,20,20,64,0,25,13,2,40,0,49,33,22,104,162,16,178,282
07/10/2013,GGG,TX,ASW,CE,Combined TRACON& Tower with Radar,0,23,22,14,59,0,22,18,2,42,0,45,40,16,101,206,36,242,343
07/11/2013,GGG,TX,ASW,CE,Combined TRACON& Tower with Radar,0,14,38,0,52,0,14,24,0,38,0,28,62,0,90,148,0,148,238
07/12/2013,GGG,TX,ASW,CE,Combined TRACON& Tower with Radar,0,3,16,2,21,0,38,16,2,56,0,41,32,4,77,206,0,206,283
07/13/2013,GGG,TX,ASW,CE,Combined TRACON& Tower with Radar,0,6,8,7,21,0,8,23,1,32,0,14,31,8,53,102,14,116,169
07/14/2013,GGG,TX,ASW,CE,Combined TRACON& Tower with Radar,0,8,17,0,25,0,0,14,0,14,0,8,31,0,39,14,0,14,53
07/15/2013,GGG,TX,ASW,CE,Combined TRACON& Tower with Radar,0,21,33,0,54,0,2,4,0,6,0,23,37,0,60,56,0,56,116
07/16/2013,GGG,TX,ASW,CE,Combined TRACON& Tower with Radar,0,20,20,2,42,0,3,23,3,29,0,23,43,5,71,46,0,46,117
07/17/2013,GGG,TX,ASW,CE,Combined TRACON& Tower with Radar,0,22,22,10,54,0,9,11,0,20,0,31,33,10,74,43,28,71,145
07/18/2013,GGG,TX,ASW,CE,Combined TRACON& Tower with Radar,0,19,31,2,52,0,20,21,1,42,0,39,52,3,94,44,0,44,138
07/19/2013,GGG,TX,ASW,CE,Combined TRACON& Tower with Radar,2,26,36,0,64,0,4,12,0,16,2,30,48,0,80,30,0,30,110
07/20/2013,GGG,TX,ASW,CE,Combined TRACON& Tower with Radar,0,6,16,0,22,0,0,17,0,17,0,6,33,0,39,0,0,0,39
07/21/2013,GGG,TX,ASW,CE,Combined TRACON& Tower with Radar,0,6,18,0,24,0,0,5,0,5,0,6,23,0,29,0,0,0,29
07/22/2013,GGG,TX,ASW,CE,Combined TRACON& Tower with Radar,0,16,20,2,38,0,2,19,0,21,0,18,39,2,59,16,22,38,97
07/23/2013,GGG,TX,ASW,CE,Combined TRACON& Tower with Radar,0,14,30,15,59,0,0,9,1,10,0,14,39,16,69,30,20,50,119
07/24/2013,GGG,TX,ASW,CE,Combined TRACON& Tower with Radar,0,14,30,2,46,0,4,11,0,15,0,18,41,2,61,14,0,14,75
07/25/2013,GGG,TX,ASW,CE,Combined TRACON& Tower with Radar,0,14,32,38,84,0,5,28,0,33,0,19,60,38,117,38,62,100,217
07/26/2013,GGG,TX,ASW,CE,Combined TRACON& Tower with Radar,0,14,22,0,36,0,10,14,0,24,0,24,36,0,60,24,0,24,84
07/27/2013,GGG,TX,ASW,CE,Combined TRACON& Tower with Radar,0,13,25,0,38,0,1,10,0,11,0,14,35,0,49,11,0,11,60
07/28/2013,GGG,TX,ASW,CE,Combined TRACON& Tower with Radar,0,8,28,3,39,0,0,30,1,31,0,8,58,4,70,44,0,44,114
07/29/2013,GGG,TX,ASW,CE,Combined TRACON& Tower with Radar,0,13,28,0,41,0,7,10,0,17,0,20,38,0,58,30,2,32,90
07/30/2013,GGG,TX,ASW,CE,Combined TRACON& Tower with Radar,0,17,30,6,53,0,2,33,0,35,0,19,63,6,88,12,2,14,102
07/31/2013,GGG,TX,ASW,CE,Combined TRACON& Tower with Radar,0,10,31,4,45,0,6,17,0,23,0,16,48,4,68,38,24,62,130
08/01/2013,GGG,TX,ASW,CE,Combined TRACON& Tower with Radar,0,9,36,8,53,0,8,26,4,38,0,17,62,12,91,26,20,46,137
08/02/2013,GGG,TX,ASW,CE,Combined TRACON& Tower with Radar,0,10,32,25,67,0,13,44,1,58,0,23,76,26,125,52,24,76,201
08/03/2013,GGG,TX,ASW,CE,Combined TRACON& Tower with Radar,0,5,10,8,23,0,2,17,0,19,0,7,27,8,42,26,0,26,68
08/04/2013,GGG,TX,ASW,CE,Combined TRACON& Tower with Radar,0,7,11,16,34,0,0,12,0,12,0,7,23,16,46,0,0,0,46
08/05/2013,GGG,TX,ASW,CE,Combined TRACON& Tower with Radar,0,8,19,0,27,0,4,20,0,24,0,12,39,0,51,64,0,64,115
08/06/2013,GGG,TX,ASW,CE,Combined TRACON& Tower with Radar,0,13,25,12,50,0,11,21,1,33,0,24,46,13,83,56,18,74,157
08/07/2013,GGG,TX,ASW,CE,Combined TRACON& Tower with Radar,0,15,31,17,63,0,19,23,1,43,0,34,54,18,106,72,18,90,196
08/08/2013,GGG,TX,ASW,CE,Combined TRACON& Tower with Radar,0,12,32,10,54,0,15,21,2,38,0,27,53,12,92,74,10,84,176
08/09/2013,GGG,TX,ASW,CE,Combined TRACON& Tower with Radar,2,10,35,48,95,0,21,29,0,50,2,31,64,48,145,82,28,110,255
08/10/2013,GGG,TX,ASW,CE,Combined TRACON& Tower with Radar,0,5,16,0,21,0,3,25,0,28,0,8,41,0,49,41,0,41,90
08/11/2013,GGG,TX,ASW,CE,Combined TRACON& Tower with Radar,0,4,26,23,53,0,0,11,0,11,0,4,37,23,64,14,4,18,82
08/12/2013,GGG,TX,ASW,CE,Combined TRACON& Tower with Radar,0,13,31,32,76,0,12,11,8,31,0,25,42,40,107,84,38,122,229
08/13/2013,GGG,TX,ASW,CE,Combined TRACON& Tower with Radar,0,9,16,31,56,0,13,24,2,39,0,22,40,33,95,38,24,62,157
08/14/2013,GGG,TX,ASW,CE,Combined TRACON& Tower with Radar,0,12,32,21,65,0,4,8,0,12,0,16,40,21,77,88,18,106,183
08/15/2013,GGG,TX,ASW,CE,Combined TRACON& Tower with Radar,0,12,28,38,78,0,27,17,11,55,0,39,45,49,133,146,70,216,349
08/16/2013,GGG,TX,ASW,CE,Combined TRACON& Tower with Radar,52,11,58,8,129,4,26,33,8,71,56,37,91,16,200,282,4,286,486
08/17/2013,GGG,TX,ASW,CE,Combined TRACON& Tower with Radar,35,8,8,0,51,8,3,24,7,42,43,11,32,7,93,198,0,198,291
08/18/2013,GGG,TX,ASW,CE,Combined TRACON& Tower with Radar,17,8,18,1,44,19,0,16,9,44,36,8,34,10,88,94,0,94,182
08/19/2013,GGG,TX,ASW,CE,Combined TRACON& Tower with Radar,23,23,12,43,101,8,3,19,2,32,31,26,31,45,133,186,42,228,361
08/20/2013,GGG,TX,ASW,CE,Combined TRACON& Tower with Radar,3,16,27,12,58,16,5,8,0,29,19,21,35,12,87,70,16,86,173
08/21/2013,GGG,TX,ASW,CE,Combined TRACON& Tower with Radar,15,21,33,19,88,5,20,30,0,55,20,41,63,19,143,206,18,224,367
08/22/2013,GGG,TX,ASW,CE,Combined TRACON& Tower with Radar,7,10,22,15,54,1,28,26,0,55,8,38,48,15,109,142,10,152,261
08/23/2013,GGG,TX,ASW,CE,Combined TRACON& Tower with Radar,2,15,24,0,41,0,15,16,0,31,2,30,40,0,72,194,0,194,266
08/24/2013,GGG,TX,ASW,CE,Combined TRACON& Tower with Radar,3,9,20,0,32,0,8,10,0,18,3,17,30,0,50,80,0,80,130
08/25/2013,GGG,TX,ASW,CE,Combined TRACON& Tower with Radar,0,5,17,0,22,0,3,14,0,17,0,8,31,0,39,40,0,40,79
08/26/2013,GGG,TX,ASW,CE,Combined TRACON& Tower with Radar,5,20,10,21,56,11,9,16,6,42,16,29,26,27,98,90,34,124,222
08/27/2013,GGG,TX,ASW,CE,Combined TRACON& Tower with Radar,17,14,25,19,75,25,20,24,4,73,42,34,49,23,148,232,20,252,400
08/28/2013,GGG,TX,ASW,CE,Combined TRACON& Tower with Radar,0,9,35,20,64,0,42,22,0,64,0,51,57,20,128,162,32,194,322
08/29/2013,GGG,TX,ASW,CE,Combined TRACON& Tower with Radar,3,19,21,2,45,0,37,23,0,60,3,56,44,2,105,180,4,184,289
08/30/2013,GGG,TX,ASW,CE,Combined TRACON& Tower with Radar,0,14,29,0,43,0,42,24,1,67,0,56,53,1,110,106,0,106,216
08/31/2013,GGG,TX,ASW,CE,Combined TRACON& Tower with Radar,0,4,15,0,19,0,4,10,1,15,0,8,25,1,34,8,0,8,42
09/01/2013,GGG,TX,ASW,CE,Combined TRACON& Tower with Radar,2,5,9,0,16,0,0,9,0,9,2,5,18,0,25,0,0,0,25
09/02/2013,GGG,TX,ASW,CE,Combined TRACON& Tower with Radar,0,9,21,0,30,0,18,6,0,24,0,27,27,0,54,62,0,62,116
09/03/2013,GGG,TX,ASW,CE,Combined TRACON& Tower with Radar,2,14,14,4,34,0,31,22,0,53,2,45,36,4,87,72,0,72,159
09/04/2013,GGG,TX,ASW,CE,Combined TRACON& Tower with Radar,24,11,15,19,69,0,35,21,1,57,24,46,36,20,126,134,6,140,266
09/05/2013,GGG,TX,ASW,CE,Combined TRACON& Tower with Radar,0,12,32,20,64,0,49,27,2,78,0,61,59,22,142,146,24,170,312
09/06/2013,GGG,TX,ASW,CE,Combined TRACON& Tower with Radar,0,14,21,3,38,0,38,17,1,56,0,52,38,4,94,126,6,132,226
09/07/2013,GGG,TX,ASW,CE,Combined TRACON& Tower with Radar,2,12,12,4,30,0,20,22,0,42,2,32,34,4,72,62,0,62,134
09/08/2013,GGG,TX,ASW,CE,Combined TRACON& Tower with Radar,0,12,34,16,62,0,8,15,0,23,0,20,49,16,85,4,8,12,97
09/09/2013,GGG,TX,ASW,CE,Combined TRACON& Tower with Radar,16,16,20,6,58,16,30,15,0,61,32,46,35,6,119,110,10,120,239
09/10/2013,GGG,TX,ASW,CE,Combined TRACON& Tower with Radar,0,15,17,46,78,0,53,26,4,83,0,68,43,50,161,204,106,310,471
09/11/2013,GGG,TX,ASW,CE,Combined TRACON& Tower with Radar,2,12,32,13,59,0,17,19,3,39,2,29,51,16,98,136,14,150,248
09/12/2013,GGG,TX,ASW,CE,Combined TRACON& Tower with Radar,10,13,25,10,58,0,38,20,1,59,10,51,45,11,117,194,0,194,311
09/13/2013,GGG,TX,ASW,CE,Combined TRACON& Tower with Radar,19,15,14,8,56,0,27,25,0,52,19,42,39,8,108,104,6,110,218
09/14/2013,GGG,TX,ASW,CE,Combined TRACON& Tower with Radar,11,5,26,0,42,0,12,16,1,29,11,17,42,1,71,110,0,110,181
09/15/2013,GGG,TX,ASW,CE,Combined TRACON& Tower with Radar,0,4,20,6,30,0,7,13,0,20,0,11,33,6,50,0,0,0,50
09/16/2013,GGG,TX,ASW,CE,Combined TRACON& Tower with Radar,0,17,21,0,38,0,35,12,0,47,0,52,33,0,85,78,0,78,163
09/17/2013,GGG,TX,ASW,CE,Combined TRACON& Tower with Radar,0,7,24,6,37,0,35,15,2,52,0,42,39,8,89,148,6,154,243
09/18/2013,GGG,TX,ASW,CE,Combined TRACON& Tower with Radar,0,11,31,9,51,0,32,19,1,52,0,43,50,10,103,124,34,158,261
09/19/2013,GGG,TX,ASW,CE,Combined TRACON& Tower with Radar,2,13,38,22,75,0,21,16,0,37,2,34,54,22,112,150,6,156,268
09/20/2013,GGG,TX,ASW,CE,Combined TRACON& Tower with Radar,0,13,18,6,37,0,0,0,0,0,0,13,18,6,37,0,2,2,39
09/21/2013,GGG,TX,ASW,CE,Combined TRACON& Tower with Radar,0,5,23,0,28,0,11,13,0,24,0,16,36,0,52,12,0,12,64
09/22/2013,GGG,TX,ASW,CE,Combined TRACON& Tower with Radar,0,10,23,2,35,0,2,22,0,24,0,12,45,2,59,100,2,102,161
09/23/2013,GGG,TX,ASW,CE,Combined TRACON& Tower with Radar,0,9,27,4,40,0,35,15,2,52,0,44,42,6,92,124,14,138,230
09/24/2013,GGG,TX,ASW,CE,Combined TRACON& Tower with Radar,0,17,17,4,38,0,35,33,2,70,0,52,50,6,108,234,0,234,342
09/25/2013,GGG,TX,ASW,CE,Combined TRACON& Tower with Radar,0,10,20,12,42,0,26,23,0,49,0,36,43,12,91,132,18,150,241
09/26/2013,GGG,TX,ASW,CE,Combined TRACON& Tower with Radar,0,10,37,9,56,0,29,26,0,55,0,39,63,9,111,100,40,140,251
09/27/2013,GGG,TX,ASW,CE,Combined TRACON& Tower with Radar,10,21,36,2,69,0,33,18,1,52,10,54,54,3,121,110,0,110,231
09/28/2013,GGG,TX,ASW,CE,Combined TRACON& Tower with Radar,16,3,17,0,36,0,15,13,1,29,16,18,30,1,65,100,0,100,165
09/29/2013,GGG,TX,ASW,CE,Combined TRACON& Tower with Radar,0,11,31,0,42,0,0,0,0,0,0,11,31,0,42,0,0,0,42
09/30/2013,GGG,TX,ASW,CE,Combined TRACON& Tower with Radar,0,9,22,2,33,0,7,9,0,16,0,16,31,2,49,148,0,148,197
10/01/2013,GGG,TX,ASW,CE,Combined TRACON& Tower with Radar,2,16,31,12,61,0,14,10,0,24,2,30,41,12,85,96,20,116,201
10/02/2013,GGG,TX,ASW,CE,Combined TRACON& Tower with Radar,2,11,28,10,51,0,23,13,1,37,2,34,41,11,88,66,38,104,192
10/03/2013,GGG,TX,ASW,CE,Combined TRACON& Tower with Radar,0,9,44,22,75,0,19,30,0,49,0,28,74,22,124,174,30,204,328
10/04/2013,GGG,TX,ASW,CE,Combined TRACON& Tower with Radar,0,11,53,25,89,0,31,8,1,40,0,42,61,26,129,102,34,136,265
10/05/2013,GGG,TX,ASW,CE,Combined TRACON& Tower with Radar,0,2,30,0,32,0,6,12,1,19,0,8,42,1,51,40,0,40,91
10/06/2013,GGG,TX,ASW,CE,Combined TRACON& Tower with Radar,0,7,30,0,37,0,13,19,0,32,0,20,49,0,69,32,0,32,101
10/07/2013,GGG,TX,ASW,CE,Combined TRACON& Tower with Radar,0,20,35,8,63,0,35,34,0,69,0,55,69,8,132,88,8,96,228
10/08/2013,GGG,TX,ASW,CE,Combined TRACON& Tower with Radar,0,11,20,0,31,0,41,32,0,73,0,52,52,0,104,128,0,128,232
10/09/2013,GGG,TX,ASW,CE,Combined TRACON& Tower with Radar,0,17,39,0,56,0,38,25,0,63,0,55,64,0,119,98,0,98,217
10/10/2013,GGG,TX,ASW,CE,Combined TRACON& Tower with Radar,0,9,28,0,37,0,42,30,0,72,0,51,58,0,109,156,0,156,265
10/11/2013,GGG,TX,ASW,CE,Combined TRACON& Tower with Radar,0,22,31,0,53,0,17,20,0,37,0,39,51,0,90,122,0,122,212
10/12/2013,GGG,TX,ASW,CE,Combined TRACON& Tower with Radar,0,9,18,0,27,0,0,0,0,0,0,9,18,0,27,12,0,12,39
10/13/2013,GGG,TX,ASW,CE,Combined TRACON& Tower with Radar,0,10,28,0,38,0,0,7,0,7,0,10,35,0,45,0,0,0,45
10/14/2013,GGG,TX,ASW,CE,Combined TRACON& Tower with Radar,0,27,26,0,53,0,8,12,0,20,0,35,38,0,73,56,0,56,129
10/15/2013,GGG,TX,ASW,CE,Combined TRACON& Tower with Radar,0,11,21,0,32,0,0,2,0,2,0,11,23,0,34,24,0,24,58
10/16/2013,GGG,TX,ASW,CE,Combined TRACON& Tower with Radar,0,19,28,0,47,0,0,0,0,0,0,19,28,0,47,0,0,0,47
10/17/2013,GGG,TX,ASW,CE,Combined TRACON& Tower with Radar,0,16,41,2,59,0,57,33,0,90,0,73,74,2,149,168,18,186,335
10/18/2013,GGG,TX,ASW,CE,Combined TRACON& Tower with Radar,0,25,38,0,63,0,36,28,1,65,0,61,66,1,128,130,0,130,258
10/19/2013,GGG,TX,ASW,CE,Combined TRACON& Tower with Radar,0,9,15,4,28,0,10,16,2,28,0,19,31,6,56,30,2,32,88
10/20/2013,GGG,TX,ASW,CE,Combined TRACON& Tower with Radar,0,5,28,0,33,0,4,28,0,32,0,9,56,0,65,14,0,14,79
10/21/2013,GGG,TX,ASW,CE,Combined TRACON& Tower with Radar,0,19,22,2,43,0,36,32,0,68,0,55,54,2,111,126,0,126,237
10/22/2013,GGG,TX,ASW,CE,Combined TRACON& Tower with Radar,0,20,36,2,58,0,29,23,0,52,0,49,59,2,110,106,0,106,216
10/23/2013,GGG,TX,ASW,CE,Combined TRACON& Tower with Radar,0,21,31,11,63,0,33,23,1,57,0,54,54,12,120,194,2,196,316
10/24/2013,GGG,TX,ASW,CE,Combined TRACON& Tower with Radar,0,12,49,30,91,0,43,18,7,68,0,55,67,37,159,226,22,248,407
10/25/2013,GGG,TX,ASW,CE,Combined TRACON& Tower with Radar,0,13,21,18,52,0,47,23,0,70,0,60,44,18,122,106,16,122,244
10/26/2013,GGG,TX,ASW,CE,Combined TRACON& Tower with Radar,0,14,17,0,31,0,22,17,1,40,0,36,34,1,71,62,0,62,133
10/27/2013,GGG,TX,ASW,CE,Combined TRACON& Tower with Radar,0,4,28,0,32,0,0,3,0,3,0,4,31,0,35,0,0,0,35
10/28/2013,GGG,TX,ASW,CE,Combined TRACON& Tower with Radar,0,18,51,12,81,0,15,16,1,32,0,33,67,13,113,86,12,98,211
10/29/2013,GGG,TX,ASW,CE,Combined TRACON& Tower with Radar,0,13,34,37,84,0,12,12,0,24,0,25,46,37,108,78,4,82,190
10/30/2013,GGG,TX,ASW,CE,Combined TRACON& Tower with Radar,0,7,25,0,32,0,0,1,0,1,0,7,26,0,33,0,0,0,33
10/31/2013,GGG,TX,ASW,CE,Combined TRACON& Tower with Radar,0,12,18,16,46,0,20,9,0,29,0,32,27,16,75,100,20,120,195
11/01/2013,GGG,TX,ASW,CE,Combined TRACON& Tower with Radar,0,18,30,11,59,0,47,27,1,75,0,65,57,12,134,132,14,146,280
11/02/2013,GGG,TX,ASW,CE,Combined TRACON& Tower with Radar,0,10,15,10,35,0,9,16,15,40,0,19,31,25,75,26,0,26,101
11/03/2013,GGG,TX,ASW,CE,Combined TRACON& Tower with Radar,0,9,31,4,44,0,4,27,0,31,0,13,58,4,75,30,0,30,105
11/04/2013,GGG,TX,ASW,CE,Combined TRACON& Tower with Radar,0,15,22,0,37,0,30,11,1,42,0,45,33,1,79,176,0,176,255
11/05/2013,GGG,TX,ASW,CE,Combined TRACON& Tower with Radar,0,16,45,0,61,0,8,1,0,9,0,24,46,0,70,82,0,82,152
11/06/2013,GGG,TX,ASW,CE,Combined TRACON& Tower with Radar,0,17,25,0,42,0,4,0,0,4,0,21,25,0,46,4,0,4,50
11/07/2013,GGG,TX,ASW,CE,Combined TRACON& Tower with Radar,0,27,38,18,83,0,45,27,5,77,0,72,65,23,160,222,20,242,402
11/08/2013,GGG,TX,ASW,CE,Combined TRACON& Tower with Radar,0,19,23,10,52,0,32,34,2,68,0,51,57,12,120,118,14,132,252
11/09/2013,GGG,TX,ASW,CE,Combined TRACON& Tower with Radar,0,5,13,0,18,2,27,15,0,44,2,32,28,0,62,138,0,138,200
11/10/2013,GGG,TX,ASW,CE,Combined TRACON& Tower with Radar,0,6,17,0,23,0,4,12,0,16,0,10,29,0,39,16,0,16,55
11/11/2013,GGG,TX,ASW,CE,Combined TRACON& Tower with Radar,0,13,22,0,35,1,34,47,0,82,1,47,69,0,117,156,0,156,273
11/12/2013,GGG,TX,ASW,CE,Combined TRACON& Tower with Radar,0,13,20,0,33,0,3,17,2,22,0,16,37,2,55,120,0,120,175
11/13/2013,GGG,TX,ASW,CE,Combined TRACON& Tower with Radar,0,13,32,3,48,0,22,34,0,56,0,35,66,3,104,216,16,232,336
11/14/2013,GGG,TX,ASW,CE,Combined TRACON& Tower with Radar,0,15,35,20,70,0,39,26,3,68,0,54,61,23,138,150,16,166,304
11/15/2013,GGG,TX,ASW,CE,Combined TRACON& Tower with Radar,0,22,43,9,74,0,9,55,3,67,0,31,98,12,141,104,22,126,267
11/16/2013,GGG,TX,ASW,CE,Combined TRACON& Tower with Radar,0,8,28,0,36,0,1,1,0,2,0,9,29,0,38,30,0,30,68
11/17/2013,GGG,TX,ASW,CE,Combined TRACON& Tower with Radar,2,9,30,0,41,0,2,7,0,9,2,11,37,0,50,18,0,18,68
11/18/2013,GGG,TX,ASW,CE,Combined TRACON& Tower with Radar,0,18,22,4,44,0,23,27,2,52,0,41,49,6,96,124,0,124,220
11/19/2013,GGG,TX,ASW,CE,Combined TRACON& Tower with Radar,0,21,39,0,60,0,32,23,4,59,0,53,62,4,119,128,0,128,247
11/20/2013,GGG,TX,ASW,CE,Combined TRACON& Tower with Radar,0,33,39,20,92,4,24,28,0,56,4,57,67,20,148,196,16,212,360
11/21/2013,GGG,TX,ASW,CE,Combined TRACON& Tower with Radar,3,26,41,50,120,0,4,4,0,8,3,30,45,50,128,4,10,14,142
11/22/2013,GGG,TX,ASW,CE,Combined TRACON& Tower with Radar,0,8,25,0,33,0,0,0,0,0,0,8,25,0,33,0,0,0,33
11/23/2013,GGG,TX,ASW,CE,Combined TRACON& Tower with Radar,0,10,24,0,34,0,0,3,0,3,0,10,27,0,37,0,0,0,37
11/24/2013,GGG,TX,ASW,CE,Combined TRACON& Tower with Radar,0,7,18,0,25,0,0,5,0,5,0,7,23,0,30,2,0,2,32
11/25/2013,GGG,TX,ASW,CE,Combined TRACON& Tower with Radar,0,6,17,0,23,0,0,0,0,0,0,6,17,0,23,0,0,0,23
11/26/2013,GGG,TX,ASW,CE,Combined TRACON& Tower with Radar,0,9,43,0,52,0,3,8,0,11,0,12,51,0,63,28,0,28,91
11/27/2013,GGG,TX,ASW,CE,Combined TRACON& Tower with Radar,0,19,27,0,46,0,28,40,0,68,0,47,67,0,114,280,0,280,394
11/28/2013,GGG,TX,ASW,CE,Combined TRACON& Tower with Radar,0,3,6,0,9,0,1,4,0,5,0,4,10,0,14,0,0,0,14
11/29/2013,GGG,TX,ASW,CE,Combined TRACON& Tower with Radar,0,9,12,0,21,0,18,17,0,35,0,27,29,0,56,98,0,98,154
11/30/2013,GGG,TX,ASW,CE,Combined TRACON& Tower with Radar,0,10,25,0,35,0,5,19,0,24,0,15,44,0,59,52,0,52,111
12/01/2013,GGG,TX,ASW,CE,Combined TRACON& Tower with Radar,0,5,30,0,35,0,3,9,1,13,0,8,39,1,48,10,0,10,58
12/02/2013,GGG,TX,ASW,CE,Combined TRACON& Tower with Radar,0,13,23,0,36,0,15,8,1,24,0,28,31,1,60,128,0,128,188
12/03/2013,GGG,TX,ASW,CE,Combined TRACON& Tower with Radar,0,18,22,5,45,0,28,18,1,47,0,46,40,6,92,136,6,142,234
12/04/2013,GGG,TX,ASW,CE,Combined TRACON& Tower with Radar,0,21,31,4,56,0,18,26,3,47,0,39,57,7,103,218,6,224,327
12/05/2013,GGG,TX,ASW,CE,Combined TRACON& Tower with Radar,0,4,25,0,29,0,2,2,0,4,0,6,27,0,33,86,0,86,119
12/06/2013,GGG,TX,ASW,CE,Combined TRACON& Tower with Radar,0,3,7,0,10,0,0,0,0,0,0,3,7,0,10,0,0,0,10
12/07/2013,GGG,TX,ASW,CE,Combined TRACON& Tower with Radar,0,0,17,0,17,0,0,1,0,1,0,0,18,0,18,0,0,0,18
12/08/2013,GGG,TX,ASW,CE,Combined TRACON& Tower with Radar,0,0,25,0,25,0,0,1,0,1,0,0,26,0,26,0,0,0,26
12/09/2013,GGG,TX,ASW,CE,Combined TRACON& Tower with Radar,0,5,29,18,52,0,0,0,0,0,0,5,29,18,52,0,0,0,52
12/10/2013,GGG,TX,ASW,CE,Combined TRACON& Tower with Radar,0,23,17,6,46,0,51,45,4,100,0,74,62,10,146,246,12,258,404
12/11/2013,GGG,TX,ASW,CE,Combined TRACON& Tower with Radar,0,37,37,0,74,0,47,27,2,76,0,84,64,2,150,256,0,256,406
12/12/2013,GGG,TX,ASW,CE,Combined TRACON& Tower with Radar,0,20,40,8,68,0,38,31,0,69,0,58,71,8,137,252,6,258,395
12/13/2013,GGG,TX,ASW,CE,Combined TRACON& Tower with Radar,0,14,34,0,48,0,11,1,1,13,0,25,35,1,61,36,0,36,97
12/14/2013,GGG,TX,ASW,CE,Combined TRACON& Tower with Radar,0,5,22,0,27,0,2,2,0,4,0,7,24,0,31,16,0,16,47
12/15/2013,GGG,TX,ASW,CE,Combined TRACON& Tower with Radar,0,5,24,0,29,0,3,32,1,36,0,8,56,1,65,14,0,14,79
12/16/2013,GGG,TX,ASW,CE,Combined TRACON& Tower with Radar,0,30,34,2,66,0,40,27,0,67,0,70,61,2,133,180,0,180,313
12/17/2013,GGG,TX,ASW,CE,Combined TRACON& Tower with Radar,0,17,60,10,87,0,42,30,0,72,0,59,90,10,159,208,28,236,395
12/18/2013,GGG,TX,ASW,CE,Combined TRACON& Tower with Radar,0,21,22,1,44,0,36,25,1,62,0,57,47,2,106,224,10,234,340
12/19/2013,GGG,TX,ASW,CE,Combined TRACON& Tower with Radar,0,28,35,0,63,0,10,5,3,18,0,38,40,3,81,54,0,54,135
12/20/2013,GGG,TX,ASW,CE,Combined TRACON& Tower with Radar,0,9,45,0,54,0,0,2,0,2,0,9,47,0,56,0,0,0,56
12/21/2013,GGG,TX,ASW,CE,Combined TRACON& Tower with Radar,0,9,8,0,17,0,0,1,0,1,0,9,9,0,18,0,0,0,18
12/22/2013,GGG,TX,ASW,CE,Combined TRACON& Tower with Radar,0,3,26,0,29,0,0,4,0,4,0,3,30,0,33,0,0,0,33
12/23/2013,GGG,TX,ASW,CE,Combined TRACON& Tower with Radar,0,5,26,0,31,0,3,18,0,21,0,8,44,0,52,54,0,54,106
12/24/2013,GGG,TX,ASW,CE,Combined TRACON& Tower with Radar,0,4,14,0,18,0,0,8,0,8,0,4,22,0,26,0,0,0,26
12/25/2013,GGG,TX,ASW,CE,Combined TRACON& Tower with Radar,0,5,0,0,5,0,1,4,0,5,0,6,4,0,10,0,0,0,10
12/26/2013,GGG,TX,ASW,CE,Combined TRACON& Tower with Radar,0,6,13,0,19,0,3,24,0,27,0,9,37,0,46,14,0,14,60
12/27/2013,GGG,TX,ASW,CE,Combined TRACON& Tower with Radar,0,8,36,0,44,0,1,16,0,17,0,9,52,0,61,0,0,0,61
12/28/2013,GGG,TX,ASW,CE,Combined TRACON& Tower with Radar,0,4,20,0,24,0,0,15,0,15,0,4,35,0,39,24,0,24,63
12/29/2013,GGG,TX,ASW,CE,Combined TRACON& Tower with Radar,0,10,22,0,32,0,0,13,0,13,0,10,35,0,45,0,0,0,45
12/30/2013,GGG,TX,ASW,CE,Combined TRACON& Tower with Radar,0,5,20,0,25,0,5,17,0,22,0,10,37,0,47,24,0,24,71
12/31/2013,GGG,TX,ASW,CE,Combined TRACON& Tower with Radar,0,4,11,0,15,0,2,23,0,25,0,6,34,0,40,40,0,40,80
01/01/2014,GGG,TX,ASW,CE,Combined TRACON& Tower with Radar,0,9,14,0,23,0,0,6,0,6,0,9,20,0,29,6,0,6,35
01/02/2014,GGG,TX,ASW,CE,Combined TRACON& Tower with Radar,0,7,18,0,25,0,4,19,0,23,0,11,37,0,48,0,0,0,48
01/03/2014,GGG,TX,ASW,CE,Combined TRACON& Tower with Radar,0,6,22,6,34,0,2,22,0,24,0,8,44,6,58,10,4,14,72
01/04/2014,GGG,TX,ASW,CE,Combined TRACON& Tower with Radar,0,5,7,0,12,0,0,7,0,7,0,5,14,0,19,6,0,6,25
01/05/2014,GGG,TX,ASW,CE,Combined TRACON& Tower with Radar,0,8,13,0,21,0,0,2,0,2,0,8,15,0,23,0,0,0,23
01/06/2014,GGG,TX,ASW,CE,Combined TRACON& Tower with Radar,0,9,11,4,24,0,3,12,0,15,0,12,23,4,39,62,4,66,105
01/07/2014,GGG,TX,ASW,CE,Combined TRACON& Tower with Radar,0,13,15,16,44,0,9,18,0,27,0,22,33,16,71,44,20,64,135
01/08/2014,GGG,TX,ASW,CE,Combined TRACON& Tower with Radar,0,9,16,2,27,0,14,7,0,21,0,23,23,2,48,48,8,56,104
01/09/2014,GGG,TX,ASW,CE,Combined TRACON& Tower with Radar,0,10,16,4,30,0,0,0,0,0,0,10,16,4,30,0,0,0,30
01/10/2014,GGG,TX,ASW,CE,Combined TRACON& Tower with Radar,0,8,25,0,33,0,0,0,0,0,0,8,25,0,33,14,0,14,47
01/11/2014,GGG,TX,ASW,CE,Combined TRACON& Tower with Radar,0,7,13,0,20,0,21,25,1,47,0,28,38,1,67,78,0,78,145
01/12/2014,GGG,TX,ASW,CE,Combined TRACON& Tower with Radar,0,6,21,0,27,0,0,20,1,21,0,6,41,1,48,50,0,50,98
01/13/2014,GGG,TX,ASW,CE,Combined TRACON& Tower with Radar,0,15,21,0,36,0,37,10,0,47,0,52,31,0,83,80,0,80,163
01/14/2014,GGG,TX,ASW,CE,Combined TRACON& Tower with Radar,0,10,18,0,28,0,41,35,0,76,0,51,53,0,104,62,0,62,166
01/15/2014,GGG,TX,ASW,CE,Combined TRACON& Tower with Radar,0,17,23,5,45,0,46,40,2,88,0,63,63,7,133,104,4,108,241
01/16/2014,GGG,TX,ASW,CE,Combined TRACON& Tower with Radar,0,18,25,7,50,0,33,29,1,63,0,51,54,8,113,64,0,64,177
01/17/2014,GGG,TX,ASW,CE,Combined TRACON& Tower with Radar,0,12,34,25,71,0,36,35,1,72,0,48,69,26,143,34,34,68,211
01/18/2014,GGG,TX,ASW,CE,Combined TRACON& Tower with Radar,0,13,22,6,41,0,7,22,1,30,0,20,44,7,71,22,0,22,93
01/19/2014,GGG,TX,ASW,CE,Combined TRACON& Tower with Radar,0,8,16,0,24,0,4,15,0,19,0,12,31,0,43,6,0,6,49
01/20/2014,GGG,TX,ASW,CE,Combined TRACON& Tower with Radar,0,12,24,17,53,0,37,27,3,67,0,49,51,20,120,82,10,92,212
01/21/2014,GGG,TX,ASW,CE,Combined TRACON& Tower with Radar,0,13,17,6,36,0,29,39,0,68,0,42,56,6,104,50,0,50,154
01/22/2014,GGG,TX,ASW,CE,Combined TRACON& Tower with Radar,0,16,33,0,49,0,41,33,0,74,0,57,66,0,123,108,0,108,231
01/23/2014,GGG,TX,ASW,CE,Combined TRACON& Tower with Radar,0,15,26,0,41,0,19,5,3,27,0,34,31,3,68,82,0,82,150
01/24/2014,GGG,TX,ASW,CE,Combined TRACON& Tower with Radar,0,21,18,6,45,0,47,24,8,79,0,68,42,14,124,214,2,216,340
01/25/2014,GGG,TX,ASW,CE,Combined TRACON& Tower with Radar,0,13,15,18,46,0,29,34,6,69,0,42,49,24,115,122,44,166,281
01/26/2014,GGG,TX,ASW,CE,Combined TRACON& Tower with Radar,0,8,23,4,35,0,0,13,1,14,0,8,36,5,49,24,0,24,73
01/27/2014,GGG,TX,ASW,CE,Combined TRACON& Tower with Radar,0,8,21,0,29,0,26,18,0,44,0,34,39,0,73,84,0,84,157
01/28/2014,GGG,TX,ASW,CE,Combined TRACON& Tower with Radar,0,21,19,0,40,0,29,19,0,48,0,50,38,0,88,172,0,172,260
01/29/2014,GGG,TX,ASW,CE,Combined TRACON& Tower with Radar,0,11,22,6,39,0,37,18,0,55,0,48,40,6,94,96,28,124,218
01/30/2014,GGG,TX,ASW,CE,Combined TRACON& Tower with Radar,0,14,28,11,53,0,15,15,1,31,0,29,43,12,84,96,54,150,234
01/31/2014,GGG,TX,ASW,CE,Combined TRACON& Tower with Radar,0,20,27,16,63,0,5,10,0,15,0,25,37,16,78,16,30,46,124
02/01/2014,GGG,TX,ASW,CE,Combined TRACON& Tower with Radar,0,10,26,0,36,0,0,2,0,2,0,10,28,0,38,10,0,10,48
02/02/2014,GGG,TX,ASW,CE,Combined TRACON& Tower with Radar,0,5,9,0,14,0,0,0,0,0,0,5,9,0,14,0,0,0,14
02/03/2014,GGG,TX,ASW,CE,Combined TRACON& Tower with Radar,0,5,24,2,31,0,2,2,0,4,0,7,26,2,35,0,0,0,35
02/04/2014,GGG,TX,ASW,CE,Combined TRACON& Tower with Radar,0,4,19,0,23,0,0,0,0,0,0,4,19,0,23,0,0,0,23
02/05/2014,GGG,TX,ASW,CE,Combined TRACON& Tower with Radar,0,14,33,6,53,0,17,16,1,34,0,31,49,7,87,98,8,106,193
02/06/2014,GGG,TX,ASW,CE,Combined TRACON& Tower with Radar,0,9,23,0,32,0,15,7,0,22,0,24,30,0,54,14,0,14,68
02/07/2014,GGG,TX,ASW,CE,Combined TRACON& Tower with Radar,0,12,28,4,44,0,22,5,0,27,0,34,33,4,71,18,2,20,91
02/08/2014,GGG,TX,ASW,CE,Combined TRACON& Tower with Radar,0,8,7,18,33,0,0,12,2,14,0,8,19,20,47,62,8,70,117
02/09/2014,GGG,TX,ASW,CE,Combined TRACON& Tower with Radar,0,4,19,0,23,0,0,2,0,2,0,4,21,0,25,0,0,0,25
02/10/2014,GGG,TX,ASW,CE,Combined TRACON& Tower with Radar,0,7,14,0,21,0,0,0,0,0,0,7,14,0,21,0,0,0,21
02/11/2014,GGG,TX,ASW,CE,Combined TRACON& Tower with Radar,0,3,9,0,12,0,8,0,0,8,0,11,9,0,20,16,0,16,36
02/12/2014,GGG,TX,ASW,CE,Combined TRACON& Tower with Radar,0,8,26,12,46,0,32,25,0,57,0,40,51,12,103,68,8,76,179
02/13/2014,GGG,TX,ASW,CE,Combined TRACON& Tower with Radar,0,12,29,0,41,0,61,29,2,92,0,73,58,2,133,176,0,176,309
02/14/2014,GGG,TX,ASW,CE,Combined TRACON& Tower with Radar,0,11,28,6,45,0,37,26,0,63,0,48,54,6,108,36,4,40,148
02/15/2014,GGG,TX,ASW,CE,Combined TRACON& Tower with Radar,0,14,23,2,39,0,39,39,0,78,0,53,62,2,117,118,0,118,235
02/16/2014,GGG,TX,ASW,CE,Combined TRACON& Tower with Radar,0,7,43,0,50,0,2,16,0,18,0,9,59,0,68,42,0,42,110
02/17/2014,GGG,TX,ASW,CE,Combined TRACON& Tower with Radar,0,16,32,0,48,0,25,21,0,46,0,41,53,0,94,80,0,80,174
02/18/2014,GGG,TX,ASW,CE,Combined TRACON& Tower with Radar,0,13,26,4,43,0,32,14,0,46,0,45,40,4,89,170,2,172,261
02/19/2014,GGG,TX,ASW,CE,Combined TRACON& Tower with Radar,0,25,35,8,68,0,19,6,0,25,0,44,41,8,93,114,0,114,207
02/20/2014,GGG,TX,ASW,CE,Combined TRACON& Tower with Radar,0,8,22,16,46,0,9,5,1,15,0,17,27,17,61,26,0,26,87
02/21/2014,GGG,TX,ASW,CE,Combined TRACON& Tower with Radar,0,16,35,0,51,0,37,42,0,79,0,53,77,0,130,58,0,58,188
02/22/2014,GGG,TX,ASW,CE,Combined TRACON& Tower with Radar,0,10,26,6,42,0,28,24,1,53,0,38,50,7,95,98,8,106,201
02/23/2014,GGG,TX,ASW,CE,Combined TRACON& Tower with Radar,0,12,23,0,35,0,4,17,1,22,0,16,40,1,57,24,0,24,81
02/24/2014,GGG,TX,ASW,CE,Combined TRACON& Tower with Radar,0,20,21,1,42,0,29,27,5,61,0,49,48,6,103,138,0,138,241
02/25/2014,GGG,TX,ASW,CE,Combined TRACON& Tower with Radar,0,26,20,6,52,0,6,3,0,9,0,32,23,6,61,56,2,58,119
02/26/2014,GGG,TX,ASW,CE,Combined TRACON& Tower with Radar,0,7,41,14,62,0,22,15,0,37,0,29,56,14,99,94,4,98,197
02/27/2014,GGG,TX,ASW,CE,Combined TRACON& Tower with Radar,0,14,39,45,98,0,61,48,1,110,0,75,87,46,208,212,38,250,458
02/28/2014,GGG,TX,ASW,CE,Combined TRACON& Tower with Radar,0,59,14,11,84,0,25,4,0,29,0,84,18,11,113,72,2,74,187
03/01/2014,GGG,TX,ASW,CE,Combined TRACON& Tower with Radar,0,8,8,10,26,0,8,8,0,16,0,16,16,10,42,68,4,72,114
03/02/2014,GGG,TX,ASW,CE,Combined TRACON& Tower with Radar,0,2,11,0,13,0,0,0,0,0,0,2,11,0,13,0,0,0,13
03/03/2014,GGG,TX,ASW,CE,Combined TRACON& Tower with Radar,0,10,21,12,43,0,0,0,0,0,0,10,21,12,43,0,0,0,43
03/04/2014,GGG,TX,ASW,CE,Combined TRACON& Tower with Radar,0,16,28,32,76,0,20,15,0,35,0,36,43,32,111,136,16,152,263
03/05/2014,GGG,TX,ASW,CE,Combined TRACON& Tower with Radar,0,21,32,12,65,0,13,5,1,19,0,34,37,13,84,28,6,34,118
03/06/2014,GGG,TX,ASW,CE,Combined TRACON& Tower with Radar,0,11,27,7,45,0,42,24,3,69,0,53,51,10,114,174,4,178,292
03/07/2014,GGG,TX,ASW,CE,Combined TRACON& Tower with Radar,0,11,47,13,71,0,37,35,1,73,0,48,82,14,144,94,16,110,254
03/08/2014,GGG,TX,ASW,CE,Combined TRACON& Tower with Radar,0,5,17,16,38,0,0,1,0,1,0,5,18,16,39,0,0,0,39
03/09/2014,GGG,TX,ASW,CE,Combined TRACON& Tower with Radar,0,9,26,0,35,0,0,0,0,0,0,9,26,0,35,0,0,0,35
03/10/2014,GGG,TX,ASW,CE,Combined TRACON& Tower with Radar,0,7,18,0,25,0,23,14,0,37,0,30,32,0,62,82,0,82,144
03/11/2014,GGG,TX,ASW,CE,Combined TRACON& Tower with Radar,0,8,23,6,37,0,27,15,0,42,0,35,38,6,79,150,12,162,241
03/12/2014,GGG,TX,ASW,CE,Combined TRACON& Tower with Radar,0,15,29,10,54,0,31,12,2,45,0,46,41,12,99,96,6,102,201
03/13/2014,GGG,TX,ASW,CE,Combined TRACON& Tower with Radar,0,19,18,0,37,0,43,44,0,87,0,62,62,0,124,100,0,100,224
03/14/2014,GGG,TX,ASW,CE,Combined TRACON& Tower with Radar,0,8,19,31,58,0,30,15,0,45,0,38,34,31,103,76,18,94,197
03/15/2014,GGG,TX,ASW,CE,Combined TRACON& Tower with Radar,0,6,22,0,28,0,0,0,0,0,0,6,22,0,28,0,0,0,28
03/16/2014,GGG,TX,ASW,CE,Combined TRACON& Tower with Radar,0,8,20,0,28,0,0,0,0,0,0,8,20,0,28,14,0,14,42
03/17/2014,GGG,TX,ASW,CE,Combined TRACON& Tower with Radar,0,22,20,12,54,0,30,35,0,65,0,52,55,12,119,170,22,192,311
03/18/2014,GGG,TX,ASW,CE,Combined TRACON& Tower with Radar,0,12,29,6,47,0,19,27,1,47,0,31,56,7,94,102,4,106,200
03/19/2014,GGG,TX,ASW,CE,Combined TRACON& Tower with Radar,0,14,24,2,40,0,50,28,2,80,0,64,52,4,120,92,0,92,212
03/20/2014,GGG,TX,ASW,CE,Combined TRACON& Tower with Radar,2,22,39,13,76,0,42,54,1,97,2,64,93,14,173,146,20,166,339
03/21/2014,GGG,TX,ASW,CE,Combined TRACON& Tower with Radar,0,30,25,19,74,0,34,13,1,48,0,64,38,20,122,140,8,148,270
03/22/2014,GGG,TX,ASW,CE,Combined TRACON& Tower with Radar,0,9,6,6,21,0,0,4,0,4,0,9,10,6,25,0,0,0,25
03/23/2014,GGG,TX,ASW,CE,Combined TRACON& Tower with Radar,0,8,22,14,44,0,0,9,0,9,0,8,31,14,53,16,8,24,77
03/24/2014,GGG,TX,ASW,CE,Combined TRACON& Tower with Radar,2,17,28,30,77,0,35,31,1,67,2,52,59,31,144,178,14,192,336
03/25/2014,GGG,TX,ASW,CE,Combined TRACON& Tower with Radar,0,22,20,5,47,0,38,27,0,65,0,60,47,5,112,174,10,184,296
03/26/2014,GGG,TX,ASW,CE,Combined TRACON& Tower with Radar,0,9,18,0,27,0,21,13,0,34,0,30,31,0,61,128,0,128,189
03/27/2014,GGG,TX,ASW,CE,Combined TRACON& Tower with Radar,0,14,29,4,47,0,0,1,0,1,0,14,30,4,48,14,0,14,62
03/28/2014,GGG,TX,ASW,CE,Combined TRACON& Tower with Radar,0,12,22,2,36,0,15,9,0,24,0,27,31,2,60,94,0,94,154
03/29/2014,GGG,TX,ASW,CE,Combined TRACON& Tower with Radar,0,8,9,16,33,0,22,43,2,67,0,30,52,18,100,110,0,110,210
03/30/2014,GGG,TX,ASW,CE,Combined TRACON& Tower with Radar,0,10,21,20,51,0,7,28,2,37,0,17,49,22,88,28,0,28,116
03/31/2014,GGG,TX,ASW,CE,Combined TRACON& Tower with Radar,0,21,47,4,72,0,17,25,2,44,0,38,72,6,116,128,4,132,248
04/01/2014,GGG,TX,ASW,CE,Combined TRACON& Tower with Radar,0,25,54,0,79,0,9,13,0,22,0,34,67,0,101,156,0,156,257
04/02/2014,GGG,TX,ASW,CE,Combined TRACON& Tower with Radar,0,23,27,13,63,0,3,1,1,5,0,26,28,14,68,44,18,62,130
04/03/2014,GGG,TX,ASW,CE,Combined TRACON& Tower with Radar,0,12,27,3,42,0,3,4,0,7,0,15,31,3,49,96,0,96,145
04/04/2014,GGG,TX,ASW,CE,Combined TRACON& Tower with Radar,0,23,20,19,62,0,62,37,5,104,0,85,57,24,166,232,20,252,418
04/05/2014,GGG,TX,ASW,CE,Combined TRACON& Tower with Radar,0,11,7,2,20,0,13,23,1,37,0,24,30,3,57,152,14,166,223
04/06/2014,GGG,TX,ASW,CE,Combined TRACON& Tower with Radar,0,4,11,0,15,0,0,0,0,0,0,4,11,0,15,0,0,0,15
04/07/2014,GGG,TX,ASW,CE,Combined TRACON& Tower with Radar,0,32,24,16,72,0,2,6,0,8,0,34,30,16,80,130,20,150,230
04/08/2014,GGG,TX,ASW,CE,Combined TRACON& Tower with Radar,0,14,28,6,48,0,18,14,0,32,0,32,42,6,80,80,4,84,164
04/09/2014,GGG,TX,ASW,CE,Combined TRACON& Tower with Radar,0,18,33,4,55,0,51,33,2,86,0,69,66,6,141,212,0,212,353
04/10/2014,GGG,TX,ASW,CE,Combined TRACON& Tower with Radar,0,19,44,6,69,0,41,25,1,67,0,60,69,7,136,126,6,132,268
04/11/2014,GGG,TX,ASW,CE,Combined TRACON& Tower with Radar,0,23,52,6,81,0,24,16,2,42,0,47,68,8,123,130,4,134,257
04/12/2014,GGG,TX,ASW,CE,Combined TRACON& Tower with Radar,0,4,25,5,34,0,2,4,0,6,0,6,29,5,40,86,2,88,128
04/13/2014,GGG,TX,ASW,CE,Combined TRACON& Tower with Radar,0,8,23,1,32,0,0,1,0,1,0,8,24,1,33,0,0,0,33
04/14/2014,GGG,TX,ASW,CE,Combined TRACON& Tower with Radar,0,11,8,0,19,0,1,0,0,1,0,12,8,0,20,26,0,26,46
04/15/2014,GGG,TX,ASW,CE,Combined TRACON& Tower with Radar,0,18,24,0,42,0,40,22,1,63,0,58,46,1,105,184,0,184,289
04/16/2014,GGG,TX,ASW,CE,Combined TRACON& Tower with Radar,0,16,33,44,93,0,39,41,0,80,0,55,74,44,173,210,40,250,423
04/17/2014,GGG,TX,ASW,CE,Combined TRACON& Tower with Radar,0,12,50,14,76,0,43,46,7,96,0,55,96,21,172,362,6,368,540
04/18/2014,GGG,TX,ASW,CE,Combined TRACON& Tower with Radar,0,7,13,8,28,0,2,18,0,20,0,9,31,8,48,0,24,24,72
04/19/2014,GGG,TX,ASW,CE,Combined TRACON& Tower with Radar,0,9,14,0,23,0,24,18,0,42,0,33,32,0,65,106,2,108,173
04/20/2014,GGG,TX,ASW,CE,Combined TRACON& Tower with Radar,2,3,20,0,25,0,0,8,0,8,2,3,28,0,33,0,0,0,33
04/21/2014,GGG,TX,ASW,CE,Combined TRACON& Tower with Radar,0,23,31,0,54,0,6,14,0,20,0,29,45,0,74,212,0,212,286
04/22/2014,GGG,TX,ASW,CE,Combined TRACON& Tower with Radar,0,23,29,10,62,0,26,17,0,43,0,49,46,10,105,98,20,118,223
04/23/2014,GGG,TX,ASW,CE,Combined TRACON& Tower with Radar,0,23,25,0,48,0,46,34,0,80,0,69,59,0,128,307,0,307,435
04/24/2014,GGG,TX,ASW,CE,Combined TRACON& Tower with Radar,0,11,35,0,46,0,18,10,0,28,0,29,45,0,74,298,0,298,372
04/25/2014,GGG,TX,ASW,CE,Combined TRACON& Tower with Radar,0,23,36,62,121,0,55,42,0,97,0,78,78,62,218,213,42,255,473
04/26/2014,GGG,TX,ASW,CE,Combined TRACON& Tower with Radar,0,6,24,19,49,0,11,18,0,29,0,17,42,19,78,70,8,78,156
04/27/2014,GGG,TX,ASW,CE,Combined TRACON& Tower with Radar,0,5,18,0,23,0,1,1,0,2,0,6,19,0,25,52,0,52,77
04/28/2014,GGG,TX,ASW,CE,Combined TRACON& Tower with Radar,0,14,23,0,37,0,27,13,1,41,0,41,36,1,78,148,0,148,226
04/29/2014,GGG,TX,ASW,CE,Combined TRACON& Tower with Radar,0,19,29,15,63,0,38,29,5,72,0,57,58,20,135,120,18,138,273
04/30/2014,GGG,TX,ASW,CE,Combined TRACON& Tower with Radar,0,14,33,16,63,0,31,19,2,52,0,45,52,18,115,288,14,302,417
05/01/2014,GGG,TX,ASW,CE,Combined TRACON& Tower with Radar,0,19,30,4,53,0,34,30,1,65,0,53,60,5,118,188,2,190,308
05/02/2014,GGG,TX,ASW,CE,Combined TRACON& Tower with Radar,0,15,33,16,64,0,44,28,0,72,0,59,61,16,136,268,28,296,432
05/03/2014,GGG,TX,ASW,CE,Combined TRACON& Tower with Radar,2,12,14,0,28,0,8,28,0,36,2,20,42,0,64,28,0,28,92
05/04/2014,GGG,TX,ASW,CE,Combined TRACON& Tower with Radar,0,8,34,0,42,0,0,29,0,29,0,8,63,0,71,16,0,16,87
05/05/2014,GGG,TX,ASW,CE,Combined TRACON& Tower with Radar,0,11,23,12,46,0,41,26,2,69,0,52,49,14,115,224,14,238,353
05/06/2014,GGG,TX,ASW,CE,Combined TRACON& Tower with Radar,0,17,28,1,46,0,21,19,0,40,0,38,47,1,86,258,6,264,350
05/07/2014,GGG,TX,ASW,CE,Combined TRACON& Tower with Radar,2,13,40,20,75,0,25,20,0,45,2,38,60,20,120,246,22,268,388
05/08/2014,GGG,TX,ASW,CE,Combined TRACON& Tower with Radar,4,9,28,2,43,0,3,0,0,3,4,12,28,2,46,68,0,68,114
05/09/2014,GGG,TX,ASW,CE,Combined TRACON& Tower with Radar,0,6,36,4,46,0,8,4,0,12,0,14,40,4,58,22,8,30,88
05/10/2014,GGG,TX,ASW,CE,Combined TRACON& Tower with Radar,0,15,20,1,36,0,3,7,1,11,0,18,27,2,47,4,0,4,51
05/11/2014,GGG,TX,ASW,CE,Combined TRACON& Tower with Radar,0,9,28,15,52,0,2,6,1,9,0,11,34,16,61,0,18,18,79
05/12/2014,GGG,TX,ASW,CE,Combined TRACON& Tower with Radar,0,12,31,0,43,0,2,5,0,7,0,14,36,0,50,0,0,0,50
05/13/2014,GGG,TX,ASW,CE,Combined TRACON& Tower with Radar,0,21,26,0,47,0,0,0,0,0,0,21,26,0,47,0,0,0,47
05/14/2014,GGG,TX,ASW,CE,Combined TRACON& Tower with Radar,0,19,35,14,68,0,17,15,0,32,0,36,50,14,100,84,38,122,222
05/15/2014,GGG,TX,ASW,CE,Combined TRACON& Tower with Radar,0,14,53,2,69,0,58,37,0,95,0,72,90,2,164,210,0,210,374
05/16/2014,GGG,TX,ASW,CE,Combined TRACON& Tower with Radar,0,17,23,15,55,0,40,32,1,73,0,57,55,16,128,154,18,172,300
05/17/2014,GGG,TX,ASW,CE,Combined TRACON& Tower with Radar,0,8,13,10,31,0,6,23,0,29,0,14,36,10,60,80,12,92,152
05/18/2014,GGG,TX,ASW,CE,Combined TRACON& Tower with Radar,0,6,39,10,55,0,0,23,0,23,0,6,62,10,78,28,16,44,122
05/19/2014,GGG,TX,ASW,CE,Combined TRACON& Tower with Radar,0,15,37,16,68,0,20,27,1,48,0,35,64,17,116,96,40,136,252
05/20/2014,GGG,TX,ASW,CE,Combined TRACON& Tower with Radar,0,15,40,8,63,0,29,17,0,46,0,44,57,8,109,174,8,182,291
05/21/2014,GGG,TX,ASW,CE,Combined TRACON& Tower with Radar,0,22,30,24,76,0,40,16,0,56,0,62,46,24,132,244,16,260,392
05/22/2014,GGG,TX,ASW,CE,Combined TRACON& Tower with Radar,0,18,35,18,71,0,35,27,0,62,0,53,62,18,133,272,0,272,405
05/23/2014,GGG,TX,ASW,CE,Combined TRACON& Tower with Radar,0,10,28,2,40,0,28,36,0,64,0,38,64,2,104,132,0,132,236
05/24/2014,GGG,TX,ASW,CE,Combined TRACON& Tower with Radar,0,5,13,0,18,0,16,6,0,22,0,21,19,0,40,92,0,92,132
05/25/2014,GGG,TX,ASW,CE,Combined TRACON& Tower with Radar,4,3,11,0,18,0,8,10,0,18,4,11,21,0,36,0,0,0,36
05/26/2014,GGG,TX,ASW,CE,Combined TRACON& Tower with Radar,0,7,13,0,20,0,13,6,0,19,0,20,19,0,39,102,0,102,141
05/27/2014,GGG,TX,ASW,CE,Combined TRACON& Tower with Radar,0,7,24,0,31,0,1,0,0,1,0,8,24,0,32,56,0,56,88
05/28/2014,GGG,TX,ASW,CE,Combined TRACON& Tower with Radar,0,12,40,10,62,0,4,3,0,7,0,16,43,10,69,32,10,42,111
05/29/2014,GGG,TX,ASW,CE,Combined TRACON& Tower with Radar,0,11,22,0,33,0,20,15,0,35,0,31,37,0,68,132,0,132,200
05/30/2014,GGG,TX,ASW,CE,Combined TRACON& Tower with Radar,0,15,30,2,47,0,6,6,0,12,0,21,36,2,59,28,0,28,87
05/31/2014,GGG,TX,ASW,CE,Combined TRACON& Tower with Radar,0,6,3,0,9,0,0,0,0,0,0,6,3,0,9,0,0,0,9
06/01/2014,GGG,TX,ASW,CE,Combined TRACON& Tower with Radar,0,6,16,0,22,0,1,9,0,10,0,7,25,0,32,24,0,24,56
06/02/2014,GGG,TX,ASW,CE,Combined TRACON& Tower with Radar,0,20,30,14,64,0,31,17,0,48,0,51,47,14,112,178,8,186,298
06/03/2014,GGG,TX,ASW,CE,Combined TRACON& Tower with Radar,0,10,29,4,43,0,28,24,0,52,0,38,53,4,95,154,28,182,277
06/04/2014,GGG,TX,ASW,CE,Combined TRACON& Tower with Radar,0,9,23,12,44,0,35,20,0,55,0,44,43,12,99,166,14,180,279
06/05/2014,GGG,TX,ASW,CE,Combined TRACON& Tower with Radar,0,21,41,10,72,0,17,25,2,44,0,38,66,12,116,152,20,172,288
06/06/2014,GGG,TX,ASW,CE,Combined TRACON& Tower with Radar,0,7,32,0,39,0,20,23,5,48,0,27,55,5,87,180,0,180,267
06/07/2014,GGG,TX,ASW,CE,Combined TRACON& Tower with Radar,0,10,22,0,32,0,16,26,0,42,0,26,48,0,74,124,0,124,198
06/08/2014,GGG,TX,ASW,CE,Combined TRACON& Tower with Radar,0,10,32,0,42,0,0,14,0,14,0,10,46,0,56,18,0,18,74
06/09/2014,GGG,TX,ASW,CE,Combined TRACON& Tower with Radar,0,8,19,3,30,0,2,2,0,4,0,10,21,3,34,60,0,60,94
06/10/2014,GGG,TX,ASW,CE,Combined TRACON& Tower with Radar,0,19,36,2,57,0,31,23,0,54,0,50,59,2,111,214,0,214,325
06/11/2014,GGG,TX,ASW,CE,Combined TRACON& Tower with Radar,0,16,31,18,65,0,38,39,1,78,0,54,70,19,143,170,22,192,335
06/12/2014,GGG,TX,ASW,CE,Combined TRACON& Tower with Radar,0,11,25,0,36,0,3,12,0,15,0,14,37,0,51,0,0,0,51
06/13/2014,GGG,TX,ASW,CE,Combined TRACON& Tower with Radar,0,16,23,4,43,0,34,23,0,57,0,50,46,4,100,92,0,92,192
06/14/2014,GGG,TX,ASW,CE,Combined TRACON& Tower with Radar,0,14,19,0,33,0,2,16,0,18,0,16,35,0,51,74,0,74,125
06/15/2014,GGG,TX,ASW,CE,Combined TRACON& Tower with Radar,0,4,22,5,31,0,2,23,1,26,0,6,45,6,57,12,0,12,69
06/16/2014,GGG,TX,ASW,CE,Combined TRACON& Tower with Radar,0,16,29,8,53,0,19,13,0,32,0,35,42,8,85,144,0,144,229
06/17/2014,GGG,TX,ASW,CE,Combined TRACON& Tower with Radar,0,16,24,8,48,0,17,20,0,37,0,33,44,8,85,188,12,200,285
06/18/2014,GGG,TX,ASW,CE,Combined TRACON& Tower with Radar,0,19,19,5,43,0,13,11,1,25,0,32,30,6,68,130,16,146,214
06/19/2014,GGG,TX,ASW,CE,Combined TRACON& Tower with Radar,0,18,41,32,91,0,38,28,0,66,0,56,69,32,157,168,34,202,359
06/20/2014,GGG,TX,ASW,CE,Combined TRACON& Tower with Radar,0,16,40,2,58,0,44,37,1,82,0,60,77,3,140,208,0,208,348
06/21/2014,GGG,TX,ASW,CE,Combined TRACON& Tower with Radar,0,6,15,15,36,0,10,29,1,40,0,16,44,16,76,108,36,144,220
06/22/2014,GGG,TX,ASW,CE,Combined TRACON& Tower with Radar,0,4,18,0,22,0,0,2,0,2,0,4,20,0,24,8,0,8,32
06/23/2014,GGG,TX,ASW,CE,Combined TRACON& Tower with Radar,0,8,23,8,39,0,11,13,0,24,0,19,36,8,63,42,8,50,113
06/24/2014,GGG,TX,ASW,CE,Combined TRACON& Tower with Radar,0,10,34,6,50,0,2,13,0,15,0,12,47,6,65,68,0,68,133
06/25/2014,GGG,TX,ASW,CE,Combined TRACON& Tower with Radar,0,20,22,0,42,0,2,2,0,4,0,22,24,0,46,98,0,98,144
06/26/2014,GGG,TX,ASW,CE,Combined TRACON& Tower with Radar,0,11,24,0,35,0,8,7,0,15,0,19,31,0,50,82,0,82,132
06/27/2014,GGG,TX,ASW,CE,Combined TRACON& Tower with Radar,0,8,33,34,75,0,4,7,0,11,0,12,40,34,86,30,0,30,116
06/28/2014,GGG,TX,ASW,CE,Combined TRACON& Tower with Radar,0,13,20,14,47,0,0,1,0,1,0,13,21,14,48,6,0,6,54
06/29/2014,GGG,TX,ASW,CE,Combined TRACON& Tower with Radar,0,4,17,0,21,0,2,10,0,12,0,6,27,0,33,46,0,46,79
06/30/2014,GGG,TX,ASW,CE,Combined TRACON& Tower with Radar,0,22,28,3,53,0,25,17,1,43,0,47,45,4,96,112,4,116,212
07/01/2014,GGG,TX,ASW,CE,Combined TRACON& Tower with Radar,0,15,23,10,48,0,58,43,0,101,0,73,66,10,149,208,6,214,363
07/02/2014,GGG,TX,ASW,CE,Combined TRACON& Tower with Radar,0,19,32,0,51,0,23,29,1,53,0,42,61,1,104,212,0,212,316
07/03/2014,GGG,TX,ASW,CE,Combined TRACON& Tower with Radar,0,14,23,0,37,0,23,22,0,45,0,37,45,0,82,216,0,216,298
07/04/2014,GGG,TX,ASW,CE,Combined TRACON& Tower with Radar,0,6,13,0,19,0,16,14,0,30,0,22,27,0,49,122,0,122,171
07/05/2014,GGG,TX,ASW,CE,Combined TRACON& Tower with Radar,0,8,14,0,22,0,11,23,0,34,0,19,37,0,56,128,0,128,184
07/06/2014,GGG,TX,ASW,CE,Combined TRACON& Tower with Radar,0,9,22,0,31,0,3,27,0,30,0,12,49,0,61,26,0,26,87
07/07/2014,GGG,TX,ASW,CE,Combined TRACON& Tower with Radar,0,15,22,2,39,0,34,27,0,61,0,49,49,2,100,232,0,232,332
07/08/2014,GGG,TX,ASW,CE,Combined TRACON& Tower with Radar,0,14,20,12,46,0,31,18,0,49,0,45,38,12,95,236,36,272,367
07/09/2014,GGG,TX,ASW,CE,Combined TRACON& Tower with Radar,0,11,40,7,58,0,29,22,1,52,0,40,62,8,110,294,18,312,422
07/10/2014,GGG,TX,ASW,CE,Combined TRACON& Tower with Radar,0,19,34,23,76,0,34,34,1,69,0,53,68,24,145,236,42,278,423
07/11/2014,GGG,TX,ASW,CE,Combined TRACON& Tower with Radar,0,11,25,14,50,0,35,15,8,58,0,46,40,22,108,182,50,232,340
07/12/2014,GGG,TX,ASW,CE,Combined TRACON& Tower with Radar,0,8,11,13,32,0,8,23,1,32,0,16,34,14,64,50,10,60,124
07/13/2014,GGG,TX,ASW,CE,Combined TRACON& Tower with Radar,0,10,21,0,31,0,2,10,0,12,0,12,31,0,43,20,0,20,63
07/14/2014,GGG,TX,ASW,CE,Combined TRACON& Tower with Radar,2,9,23,8,42,0,17,31,0,48,2,26,54,8,90,134,6,140,230
07/15/2014,GGG,TX,ASW,CE,Combined TRACON& Tower with Radar,0,10,30,8,48,0,18,15,0,33,0,28,45,8,81,170,18,188,269
07/16/2014,GGG,TX,ASW,CE,Combined TRACON& Tower with Radar,0,15,30,10,55,0,32,26,3,61,0,47,56,13,116,166,18,184,300
07/17/2014,GGG,TX,ASW,CE,Combined TRACON& Tower with Radar,0,5,12,0,17,0,0,1,0,1,0,5,13,0,18,34,0,34,52
07/18/2014,GGG,TX,ASW,CE,Combined TRACON& Tower with Radar,2,4,27,6,39,0,0,2,0,2,2,4,29,6,41,8,0,8,49
07/19/2014,GGG,TX,ASW,CE,Combined TRACON& Tower with Radar,0,6,24,0,30,0,0,6,0,6,0,6,30,0,36,0,0,0,36
07/20/2014,GGG,TX,ASW,CE,Combined TRACON& Tower with Radar,0,6,24,0,30,0,0,9,0,9,0,6,33,0,39,12,0,12,51
07/21/2014,GGG,TX,ASW,CE,Combined TRACON& Tower with Radar,0,9,12,15,36,0,21,27,0,48,0,30,39,15,84,126,8,134,218
07/22/2014,GGG,TX,ASW,CE,Combined TRACON& Tower with Radar,0,10,22,2,34,0,13,26,0,39,0,23,48,2,73,50,0,50,123
07/23/2014,GGG,TX,ASW,CE,Combined TRACON& Tower with Radar,0,12,22,2,36,0,14,27,2,43,0,26,49,4,79,58,0,58,137
07/24/2014,GGG,TX,ASW,CE,Combined TRACON& Tower with Radar,0,15,18,9,42,0,4,17,2,23,0,19,35,11,65,48,48,96,161
07/25/2014,GGG,TX,ASW,CE,Combined TRACON& Tower with Radar,0,8,38,0,46,0,11,19,4,34,0,19,57,4,80,22,0,22,102
07/26/2014,GGG,TX,ASW,CE,Combined TRACON& Tower with Radar,0,7,19,4,30,0,1,22,0,23,0,8,41,4,53,8,0,8,61
07/27/2014,GGG,TX,ASW,CE,Combined TRACON& Tower with Radar,0,6,25,0,31,0,0,23,0,23,0,6,48,0,54,8,0,8,62
07/28/2014,GGG,TX,ASW,CE,Combined TRACON& Tower with Radar,0,6,21,0,27,0,17,17,2,36,0,23,38,2,63,60,0,60,123
07/29/2014,GGG,TX,ASW,CE,Combined TRACON& Tower with Radar,0,16,28,2,46,0,5,23,0,28,0,21,51,2,74,38,0,38,112
07/30/2014,GGG,TX,ASW,CE,Combined TRACON& Tower with Radar,0,7,17,6,30,0,4,34,0,38,0,11,51,6,68,36,6,42,110
07/31/2014,GGG,TX,ASW,CE,Combined TRACON& Tower with Radar,0,13,25,0,38,0,0,1,0,1,0,13,26,0,39,0,0,0,39
08/01/2014,GGG,TX,ASW,CE,Combined TRACON& Tower with Radar,0,10,34,0,44,0,0,2,0,2,0,10,36,0,46,0,0,0,46
08/02/2014,GGG,TX,ASW,CE,Combined TRACON& Tower with Radar,0,7,18,4,29,0,5,5,0,10,0,12,23,4,39,32,0,32,71
08/03/2014,GGG,TX,ASW,CE,Combined TRACON& Tower with Radar,0,8,20,0,28,0,2,11,0,13,0,10,31,0,41,6,0,6,47
08/04/2014,GGG,TX,ASW,CE,Combined TRACON& Tower with Radar,0,11,28,14,53,0,13,18,8,39,0,24,46,22,92,74,24,98,190
08/05/2014,GGG,TX,ASW,CE,Combined TRACON& Tower with Radar,0,9,29,9,47,0,24,27,2,53,0,33,56,11,100,114,10,124,224
08/06/2014,GGG,TX,ASW,CE,Combined TRACON& Tower with Radar,0,12,34,2,48,0,16,33,0,49,0,28,67,2,97,66,2,68,165
08/07/2014,GGG,TX,ASW,CE,Combined TRACON& Tower with Radar,0,15,39,8,62,0,7,36,2,45,0,22,75,10,107,40,22,62,169
08/08/2014,GGG,TX,ASW,CE,Combined TRACON& Tower with Radar,2,9,37,34,82,0,12,25,0,37,2,21,62,34,119,58,22,80,199
08/09/2014,GGG,TX,ASW,CE,Combined TRACON& Tower with Radar,1,5,26,28,60,0,0,12,5,17,1,5,38,33,77,0,52,52,129
08/10/2014,GGG,TX,ASW,CE,Combined TRACON& Tower with Radar,2,4,22,11,39,0,4,8,2,14,2,8,30,13,53,18,0,18,71
08/11/2014,GGG,TX,ASW,CE,Combined TRACON& Tower with Radar,0,7,15,10,32,0,20,14,2,36,0,27,29,12,68,155,14,169,237
08/12/2014,GGG,TX,ASW,CE,Combined TRACON& Tower with Radar,0,14,28,9,51,0,18,35,1,54,0,32,63,10,105,50,14,64,169
08/13/2014,GGG,TX,ASW,CE,Combined TRACON& Tower with Radar,0,6,36,10,52,0,3,32,2,37,0,9,68,12,89,4,8,12,101
08/14/2014,GGG,TX,ASW,CE,Combined TRACON& Tower with Radar,0,9,25,11,45,0,5,35,4,44,0,14,60,15,89,12,2,14,103
08/15/2014,GGG,TX,ASW,CE,Combined TRACON& Tower with Radar,0,27,16,10,53,0,19,16,0,35,0,46,32,10,88,60,22,82,170
08/16/2014,GGG,TX,ASW,CE,Combined TRACON& Tower with Radar,3,8,10,20,41,0,4,12,2,18,3,12,22,22,59,0,0,0,59
08/17/2014,GGG,TX,ASW,CE,Combined TRACON& Tower with Radar,0,4,16,8,28,0,1,7,0,8,0,5,23,8,36,0,0,0,36
08/18/2014,GGG,TX,ASW,CE,Combined TRACON& Tower with Radar,0,16,21,8,45,0,11,10,0,21,0,27,31,8,66,42,32,74,140
08/19/2014,GGG,TX,ASW,CE,Combined TRACON& Tower with Radar,0,7,39,14,60,0,3,16,0,19,0,10,55,14,79,8,20,28,107
08/20/2014,GGG,TX,ASW,CE,Combined TRACON& Tower with Radar,0,14,54,6,74,0,10,23,0,33,0,24,77,6,107,76,8,84,191
08/21/2014,GGG,TX,ASW,CE,Combined TRACON& Tower with Radar,0,23,31,29,83,0,15,29,0,44,0,38,60,29,127,64,24,88,215
08/22/2014,GGG,TX,ASW,CE,Combined TRACON& Tower with Radar,0,10,36,26,72,0,18,25,0,43,0,28,61,26,115,60,22,82,197
08/23/2014,GGG,TX,ASW,CE,Combined TRACON& Tower with Radar,0,6,30,1,37,0,13,27,1,41,0,19,57,2,78,46,0,46,124
08/24/2014,GGG,TX,ASW,CE,Combined TRACON& Tower with Radar,0,8,15,3,26,0,5,20,1,26,0,13,35,4,52,22,4,26,78
08/25/2014,GGG,TX,ASW,CE,Combined TRACON& Tower with Radar,0,13,20,4,37,0,10,23,0,33,0,23,43,4,70,54,16,70,140
08/26/2014,GGG,TX,ASW,CE,Combined TRACON& Tower with Radar,0,9,27,25,61,0,18,24,1,43,0,27,51,26,104,56,46,102,206
08/27/2014,GGG,TX,ASW,CE,Combined TRACON& Tower with Radar,0,12,27,20,59,0,24,26,0,50,0,36,53,20,109,66,4,70,179
08/28/2014,GGG,TX,ASW,CE,Combined TRACON& Tower with Radar,0,18,34,7,59,0,42,31,4,77,0,60,65,11,136,108,12,120,256
08/29/2014,GGG,TX,ASW,CE,Combined TRACON& Tower with Radar,0,12,41,0,53,0,17,14,0,31,0,29,55,0,84,32,0,32,116
08/30/2014,GGG,TX,ASW,CE,Combined TRACON& Tower with Radar,0,5,17,0,22,0,6,12,0,18,0,11,29,0,40,8,0,8,48
08/31/2014,GGG,TX,ASW,CE,Combined TRACON& Tower with Radar,0,3,26,0,29,0,5,8,0,13,0,8,34,0,42,16,0,16,58
09/01/2014,GGG,TX,ASW,CE,Combined TRACON& Tower with Radar,0,13,44,0,57,0,21,15,0,36,0,34,59,0,93,80,0,80,173
09/02/2014,GGG,TX,ASW,CE,Combined TRACON& Tower with Radar,0,17,27,8,52,0,5,8,1,14,0,22,35,9,66,96,0,96,162
09/03/2014,GGG,TX,ASW,CE,Combined TRACON& Tower with Radar,0,16,41,6,63,0,37,22,0,59,0,53,63,6,122,84,6,90,212
09/04/2014,GGG,TX,ASW,CE,Combined TRACON& Tower with Radar,0,18,28,2,48,0,31,18,0,49,0,49,46,2,97,74,10,84,181
09/05/2014,GGG,TX,ASW,CE,Combined TRACON& Tower with Radar,0,8,18,12,38,0,48,26,1,75,0,56,44,13,113,68,14,82,195
09/06/2014,GGG,TX,ASW,CE,Combined TRACON& Tower with Radar,0,3,10,40,53,0,16,27,1,44,0,19,37,41,97,36,46,82,179
09/07/2014,GGG,TX,ASW,CE,Combined TRACON& Tower with Radar,0,8,33,6,47,0,2,6,0,8,0,10,39,6,55,0,0,0,55
09/08/2014,GGG,TX,ASW,CE,Combined TRACON& Tower with Radar,0,13,18,12,43,0,39,17,0,56,0,52,35,12,99,70,4,74,173
09/09/2014,GGG,TX,ASW,CE,Combined TRACON& Tower with Radar,0,11,16,4,31,0,43,41,0,84,0,54,57,4,115,198,0,198,313
09/10/2014,GGG,TX,ASW,CE,Combined TRACON& Tower with Radar,0,11,55,0,66,0,23,26,0,49,0,34,81,0,115,132,0,132,247
09/11/2014,GGG,TX,ASW,CE,Combined TRACON& Tower with Radar,0,11,24,0,35,0,16,18,0,34,0,27,42,0,69,102,0,102,171
09/12/2014,GGG,TX,ASW,CE,Combined TRACON& Tower with Radar,0,13,35,0,48,0,0,0,0,0,0,13,35,0,48,0,0,0,48
09/13/2014,GGG,TX,ASW,CE,Combined TRACON& Tower with Radar,0,4,30,29,63,0,8,0,0,8,0,12,30,29,71,8,14,22,93
09/14/2014,GGG,TX,ASW,CE,Combined TRACON& Tower with Radar,0,6,49,0,55,0,15,13,0,28,0,21,62,0,83,60,0,60,143
09/15/2014,GGG,TX,ASW,CE,Combined TRACON& Tower with Radar,0,6,12,4,22,0,58,23,3,84,0,64,35,7,106,108,0,108,214
09/16/2014,GGG,TX,ASW,CE,Combined TRACON& Tower with Radar,0,15,31,11,57,0,44,24,2,70,0,59,55,13,127,250,24,274,401
09/17/2014,GGG,TX,ASW,CE,Combined TRACON& Tower with Radar,0,11,33,8,52,0,26,15,0,41,0,37,48,8,93,98,8,106,199
09/18/2014,GGG,TX,ASW,CE,Combined TRACON& Tower with Radar,0,15,33,4,52,0,11,8,0,19,0,26,41,4,71,54,0,54,125
09/19/2014,GGG,TX,ASW,CE,Combined TRACON& Tower with Radar,1,8,21,9,39,0,26,16,1,43,1,34,37,10,82,126,16,142,224
09/20/2014,GGG,TX,ASW,CE,Combined TRACON& Tower with Radar,0,8,11,40,59,0,36,26,1,63,0,44,37,41,122,90,0,90,212
09/21/2014,GGG,TX,ASW,CE,Combined TRACON& Tower with Radar,0,8,33,6,47,0,2,6,0,8,0,10,39,6,55,16,14,30,85
09/22/2014,GGG,TX,ASW,CE,Combined TRACON& Tower with Radar,0,12,13,5,30,0,35,23,1,59,0,47,36,6,89,148,0,148,237
09/23/2014,GGG,TX,ASW,CE,Combined TRACON& Tower with Radar,0,12,28,20,60,0,49,48,1,98,0,61,76,21,158,124,30,154,312
09/24/2014,GGG,TX,ASW,CE,Combined TRACON& Tower with Radar,0,11,32,0,43,0,56,27,0,83,0,67,59,0,126,134,0,134,260
09/25/2014,GGG,TX,ASW,CE,Combined TRACON& Tower with Radar,0,14,37,10,61,0,38,34,0,72,0,52,71,10,133,148,6,154,287
09/26/2014,GGG,TX,ASW,CE,Combined TRACON& Tower with Radar,0,12,28,7,47,0,42,33,3,78,0,54,61,10,125,116,10,126,251
09/27/2014,GGG,TX,ASW,CE,Combined TRACON& Tower with Radar,0,9,23,35,67,0,18,26,2,46,0,27,49,37,113,58,12,70,183
09/28/2014,GGG,TX,ASW,CE,Combined TRACON& Tower with Radar,0,4,14,1,19,0,11,9,1,21,0,15,23,2,40,48,0,48,88
09/29/2014,GGG,TX,ASW,CE,Combined TRACON& Tower with Radar,0,20,12,0,32,0,34,16,0,50,0,54,28,0,82,102,0,102,184
09/30/2014,GGG,TX,ASW,CE,Combined TRACON& Tower with Radar,0,17,25,0,42,0,32,33,0,65,0,49,58,0,107,170,0,170,277
10/01/2014,GGG,TX,ASW,CE,Combined TRACON& Tower with Radar,0,16,36,2,54,0,20,19,0,39,0,36,55,2,93,154,0,154,247
10/02/2014,GGG,TX,ASW,CE,Combined TRACON& Tower with Radar,0,6,27,0,33,0,9,15,0,24,0,15,42,0,57,84,0,84,141
10/03/2014,GGG,TX,ASW,CE,Combined TRACON& Tower with Radar,0,16,53,11,80,0,51,37,0,88,0,67,90,11,168,88,8,96,264
10/04/2014,GGG,TX,ASW,CE,Combined TRACON& Tower with Radar,0,8,29,0,37,0,17,28,0,45,0,25,57,0,82,78,0,78,160
10/05/2014,GGG,TX,ASW,CE,Combined TRACON& Tower with Radar,0,6,37,0,43,0,4,15,0,19,0,10,52,0,62,0,0,0,62
10/06/2014,GGG,TX,ASW,CE,Combined TRACON& Tower with Radar,0,12,26,0,38,0,29,22,0,51,0,41,48,0,89,100,0,100,189
10/07/2014,GGG,TX,ASW,CE,Combined TRACON& Tower with Radar,0,9,25,0,34,0,24,19,0,43,0,33,44,0,77,80,2,82,159
10/08/2014,GGG,TX,ASW,CE,Combined TRACON& Tower with Radar,0,17,27,10,54,0,24,18,0,42,0,41,45,10,96,212,10,222,318
10/09/2014,GGG,TX,ASW,CE,Combined TRACON& Tower with Radar,0,20,33,26,79,0,32,19,0,51,0,52,52,26,130,76,0,76,206
10/10/2014,GGG,TX,ASW,CE,Combined TRACON& Tower with Radar,0,18,36,3,57,0,11,22,1,34,0,29,58,4,91,146,0,146,237
10/11/2014,GGG,TX,ASW,CE,Combined TRACON& Tower with Radar,0,7,16,0,23,0,0,0,0,0,0,7,16,0,23,0,0,0,23
10/12/2014,GGG,TX,ASW,CE,Combined TRACON& Tower with Radar,0,9,25,0,34,0,0,0,0,0,0,9,25,0,34,0,0,0,34
10/13/2014,GGG,TX,ASW,CE,Combined TRACON& Tower with Radar,0,5,19,0,24,0,1,3,0,4,0,6,22,0,28,18,0,18,46
10/14/2014,GGG,TX,ASW,CE,Combined TRACON& Tower with Radar,0,18,28,1,47,0,30,26,0,56,0,48,54,1,103,144,0,144,247
10/15/2014,GGG,TX,ASW,CE,Combined TRACON& Tower with Radar,0,24,41,19,84,0,47,42,0,89,0,71,83,19,173,268,4,272,445
10/16/2014,GGG,TX,ASW,CE,Combined TRACON& Tower with Radar,0,20,31,6,57,0,46,35,0,81,0,66,66,6,138,154,8,162,300
10/17/2014,GGG,TX,ASW,CE,Combined TRACON& Tower with Radar,0,15,33,15,63,0,41,35,3,79,0,56,68,18,142,426,18,444,586
10/18/2014,GGG,TX,ASW,CE,Combined TRACON& Tower with Radar,0,10,17,20,47,0,9,17,0,26,0,19,34,20,73,134,6,140,213
10/19/2014,GGG,TX,ASW,CE,Combined TRACON& Tower with Radar,0,5,29,0,34,0,2,12,0,14,0,7,41,0,48,140,0,140,188
10/20/2014,GGG,TX,ASW,CE,Combined TRACON& Tower with Radar,0,8,27,2,37,0,26,38,0,64,0,34,65,2,101,60,0,60,161
10/21/2014,GGG,TX,ASW,CE,Combined TRACON& Tower with Radar,0,15,29,5,49,0,34,34,1,69,0,49,63,6,118,188,0,188,306
10/22/2014,GGG,TX,ASW,CE,Combined TRACON& Tower with Radar,0,20,35,14,69,0,17,39,2,58,0,37,74,16,127,194,32,226,353
10/23/2014,GGG,TX,ASW,CE,Combined TRACON& Tower with Radar,0,16,37,10,63,0,30,35,1,66,0,46,72,11,129,102,4,106,235
10/24/2014,GGG,TX,ASW,CE,Combined TRACON& Tower with Radar,0,17,37,20,74,0,31,22,3,56,0,48,59,23,130,104,8,112,242
10/25/2014,GGG,TX,ASW,CE,Combined TRACON& Tower with Radar,0,8,20,1,29,0,22,25,0,47,0,30,45,1,76,106,0,106,182
10/26/2014,GGG,TX,ASW,CE,Combined TRACON& Tower with Radar,0,6,26,0,32,0,7,18,1,26,0,13,44,1,58,28,0,28,86
10/27/2014,GGG,TX,ASW,CE,Combined TRACON& Tower with Radar,0,17,32,4,53,0,18,21,0,39,0,35,53,4,92,126,8,134,226
10/28/2014,GGG,TX,ASW,CE,Combined TRACON& Tower with Radar,0,19,20,0,39,0,19,5,0,24,0,38,25,0,63,82,0,82,145
10/29/2014,GGG,TX,ASW,CE,Combined TRACON& Tower with Radar,0,26,39,9,74,0,23,22,0,45,0,49,61,9,119,132,12,144,263
10/30/2014,GGG,TX,ASW,CE,Combined TRACON& Tower with Radar,0,17,56,24,97,0,32,26,2,60,0,49,82,26,157,120,30,150,307
10/31/2014,GGG,TX,ASW,CE,Combined TRACON& Tower with Radar,0,14,37,12,63,0,17,28,2,47,0,31,65,14,110,72,22,94,204
11/01/2014,GGG,TX,ASW,CE,Combined TRACON& Tower with Radar,0,10,21,0,31,0,26,17,0,43,0,36,38,0,74,38,0,38,112
11/02/2014,GGG,TX,ASW,CE,Combined TRACON& Tower with Radar,0,11,38,0,49,0,4,21,0,25,0,15,59,0,74,32,0,32,106
11/03/2014,GGG,TX,ASW,CE,Combined TRACON& Tower with Radar,0,15,31,32,78,0,25,12,2,39,0,40,43,34,117,120,38,158,275
11/04/2014,GGG,TX,ASW,CE,Combined TRACON& Tower with Radar,4,18,25,6,53,0,10,2,0,12,4,28,27,6,65,12,16,28,93
11/05/2014,GGG,TX,ASW,CE,Combined TRACON& Tower with Radar,0,9,28,0,37,0,0,0,0,0,0,9,28,0,37,0,0,0,37
11/06/2014,GGG,TX,ASW,CE,Combined TRACON& Tower with Radar,0,30,45,16,91,0,28,35,6,69,0,58,80,22,160,68,26,94,254
11/07/2014,GGG,TX,ASW,CE,Combined TRACON& Tower with Radar,0,18,35,23,76,0,45,32,2,79,0,63,67,25,155,116,26,142,297
11/08/2014,GGG,TX,ASW,CE,Combined TRACON& Tower with Radar,0,8,13,0,21,0,14,23,0,37,0,22,36,0,58,42,0,42,100
11/09/2014,GGG,TX,ASW,CE,Combined TRACON& Tower with Radar,0,4,33,0,37,0,2,21,0,23,0,6,54,0,60,0,0,0,60
11/10/2014,GGG,TX,ASW,CE,Combined TRACON& Tower with Radar,0,8,23,9,40,0,14,16,0,30,0,22,39,9,70,112,2,114,184
11/11/2014,GGG,TX,ASW,CE,Combined TRACON& Tower with Radar,2,9,34,0,45,0,12,13,0,25,2,21,47,0,70,58,0,58,128
11/12/2014,GGG,TX,ASW,CE,Combined TRACON& Tower with Radar,0,15,34,0,49,0,25,17,0,42,0,40,51,0,91,116,0,116,207
11/13/2014,GGG,TX,ASW,CE,Combined TRACON& Tower with Radar,0,13,46,1,60,0,24,18,1,43,0,37,64,2,103,26,0,26,129
11/14/2014,GGG,TX,ASW,CE,Combined TRACON& Tower with Radar,0,13,42,18,73,0,33,76,3,112,0,46,118,21,185,114,16,130,315
11/15/2014,GGG,TX,ASW,CE,Combined TRACON& Tower with Radar,2,7,13,10,32,0,9,11,0,20,2,16,24,10,52,26,10,36,88
11/16/2014,GGG,TX,ASW,CE,Combined TRACON& Tower with Radar,0,7,31,0,38,0,0,0,0,0,0,7,31,0,38,0,0,0,38
11/17/2014,GGG,TX,ASW,CE,Combined TRACON& Tower with Radar,0,12,36,0,48,0,19,24,1,44,0,31,60,1,92,144,0,144,236
11/18/2014,GGG,TX,ASW,CE,Combined TRACON& Tower with Radar,0,11,26,5,42,0,19,37,1,57,0,30,63,6,99,114,10,124,223
11/19/2014,GGG,TX,ASW,CE,Combined TRACON& Tower with Radar,0,14,36,1,51,0,18,24,1,43,0,32,60,2,94,92,0,92,186
11/20/2014,GGG,TX,ASW,CE,Combined TRACON& Tower with Radar,0,14,41,7,62,0,22,31,0,53,0,36,72,7,115,240,0,240,355
11/21/2014,GGG,TX,ASW,CE,Combined TRACON& Tower with Radar,0,11,27,0,38,0,0,1,0,1,0,11,28,0,39,0,0,0,39
11/22/2014,GGG,TX,ASW,CE,Combined TRACON& Tower with Radar,0,6,19,0,25,0,8,2,0,10,0,14,21,0,35,76,0,76,111
11/23/2014,GGG,TX,ASW,CE,Combined TRACON& Tower with Radar,0,4,24,0,28,0,2,10,0,12,0,6,34,0,40,12,0,12,52
11/24/2014,GGG,TX,ASW,CE,Combined TRACON& Tower with Radar,0,25,27,3,55,0,35,21,1,57,0,60,48,4,112,116,0,116,228
11/25/2014,GGG,TX,ASW,CE,Combined TRACON& Tower with Radar,0,17,35,0,52,0,38,30,0,68,0,55,65,0,120,170,0,170,290
11/26/2014,GGG,TX,ASW,CE,Combined TRACON& Tower with Radar,0,13,28,2,43,0,13,33,0,46,0,26,61,2,89,74,8,82,171
11/27/2014,GGG,TX,ASW,CE,Combined TRACON& Tower with Radar,0,6,5,0,11,0,2,6,0,8,0,8,11,0,19,0,0,0,19
11/28/2014,GGG,TX,ASW,CE,Combined TRACON& Tower with Radar,0,8,19,0,27,0,14,15,0,29,0,22,34,0,56,28,0,28,84
11/29/2014,GGG,TX,ASW,CE,Combined TRACON& Tower with Radar,0,7,21,0,28,0,5,4,0,9,0,12,25,0,37,16,0,16,53
11/30/2014,GGG,TX,ASW,CE,Combined TRACON& Tower with Radar,0,11,35,0,46,0,4,10,0,14,0,15,45,0,60,0,0,0,60
12/01/2014,GGG,TX,ASW,CE,Combined TRACON& Tower with Radar,0,16,21,0,37,0,2,6,0,8,0,18,27,0,45,42,0,42,87
12/02/2014,GGG,TX,ASW,CE,Combined TRACON& Tower with Radar,0,18,31,4,53,0,13,16,0,29,0,31,47,4,82,116,10,126,208
12/03/2014,GGG,TX,ASW,CE,Combined TRACON& Tower with Radar,0,21,22,8,51,0,12,12,0,24,0,33,34,8,75,50,0,50,125
12/04/2014,GGG,TX,ASW,CE,Combined TRACON& Tower with Radar,0,13,37,1,51,0,14,17,0,31,0,27,54,1,82,96,0,96,178
12/05/2014,GGG,TX,ASW,CE,Combined TRACON& Tower with Radar,0,25,52,24,101,0,4,7,0,11,0,29,59,24,112,48,18,66,178
12/06/2014,GGG,TX,ASW,CE,Combined TRACON& Tower with Radar,0,11,27,0,38,0,13,8,0,21,0,24,35,0,59,100,0,100,159
12/07/2014,GGG,TX,ASW,CE,Combined TRACON& Tower with Radar,0,4,28,10,42,0,8,5,2,15,0,12,33,12,57,14,0,14,71
12/08/2014,GGG,TX,ASW,CE,Combined TRACON& Tower with Radar,0,15,29,0,44,0,31,20,0,51,0,46,49,0,95,84,0,84,179
12/09/2014,GGG,TX,ASW,CE,Combined TRACON& Tower with Radar,0,13,27,0,40,0,27,25,0,52,0,40,52,0,92,86,0,86,178
12/10/2014,GGG,TX,ASW,CE,Combined TRACON& Tower with Radar,0,21,31,21,73,0,27,16,6,49,0,48,47,27,122,102,18,120,242
12/11/2014,GGG,TX,ASW,CE,Combined TRACON& Tower with Radar,0,23,25,4,52,0,0,0,0,0,0,23,25,4,52,0,0,0,52
12/12/2014,GGG,TX,ASW,CE,Combined TRACON& Tower with Radar,0,18,45,0,63,0,0,2,0,2,0,18,47,0,65,0,0,0,65
12/13/2014,GGG,TX,ASW,CE,Combined TRACON& Tower with Radar,0,10,25,12,47,0,15,16,0,31,0,25,41,12,78,92,4,96,174
12/14/2014,GGG,TX,ASW,CE,Combined TRACON& Tower with Radar,0,4,20,2,26,0,6,7,0,13,0,10,27,2,39,0,0,0,39
12/15/2014,GGG,TX,ASW,CE,Combined TRACON& Tower with Radar,0,29,27,4,60,0,26,15,0,41,0,55,42,4,101,104,4,108,209
12/16/2014,GGG,TX,ASW,CE,Combined TRACON& Tower with Radar,0,23,30,0,53,0,27,40,0,67,0,50,70,0,120,172,0,172,292
12/17/2014,GGG,TX,ASW,CE,Combined TRACON& Tower with Radar,0,19,26,6,51,0,24,15,5,44,0,43,41,11,95,136,18,154,249
12/18/2014,GGG,TX,ASW,CE,Combined TRACON& Tower with Radar,0,10,44,2,56,0,0,0,0,0,0,10,44,2,56,0,0,0,56
12/19/2014,GGG,TX,ASW,CE,Combined TRACON& Tower with Radar,0,16,35,6,57,0,0,0,0,0,0,16,35,6,57,0,0,0,57
12/20/2014,GGG,TX,ASW,CE,Combined TRACON& Tower with Radar,0,4,32,10,46,0,2,6,0,8,0,6,38,10,54,8,8,16,70
12/21/2014,GGG,TX,ASW,CE,Combined TRACON& Tower with Radar,0,4,37,0,41,0,4,1,0,5,0,8,38,0,46,0,0,0,46
12/22/2014,GGG,TX,ASW,CE,Combined TRACON& Tower with Radar,0,7,33,4,44,0,0,17,0,17,0,7,50,4,61,18,0,18,79
12/23/2014,GGG,TX,ASW,CE,Combined TRACON& Tower with Radar,0,4,27,0,31,0,2,3,0,5,0,6,30,0,36,0,0,0,36
12/24/2014,GGG,TX,ASW,CE,Combined TRACON& Tower with Radar,0,3,21,0,24,0,1,15,0,16,0,4,36,0,40,0,0,0,40
12/25/2014,GGG,TX,ASW,CE,Combined TRACON& Tower with Radar,0,2,5,0,7,0,2,5,0,7,0,4,10,0,14,0,0,0,14
12/26/2014,GGG,TX,ASW,CE,Combined TRACON& Tower with Radar,0,6,44,0,50,0,2,4,0,6,0,8,48,0,56,0,0,0,56
12/27/2014,GGG,TX,ASW,CE,Combined TRACON& Tower with Radar,0,6,15,0,21,0,0,0,0,0,0,6,15,0,21,0,0,0,21
12/28/2014,GGG,TX,ASW,CE,Combined TRACON& Tower with Radar,0,6,22,0,28,0,1,2,0,3,0,7,24,0,31,0,0,0,31
12/29/2014,GGG,TX,ASW,CE,Combined TRACON& Tower with Radar,0,4,20,0,24,0,0,1,0,1,0,4,21,0,25,0,0,0,25
12/30/2014,GGG,TX,ASW,CE,Combined TRACON& Tower with Radar,0,8,22,2,32,0,9,12,0,21,0,17,34,2,53,54,0,54,107
12/31/2014,GGG,TX,ASW,CE,Combined TRACON& Tower with Radar,0,4,23,2,29,0,0,19,0,19,0,4,42,2,48,38,8,46,94
01/01/2015,GGG,TX,ASW,CE,Combined TRACON& Tower with Radar,0,5,7,0,12,0,0,0,0,0,0,5,7,0,12,0,0,0,12
01/02/2015,GGG,TX,ASW,CE,Combined TRACON& Tower with Radar,0,6,1,0,7,0,0,0,0,0,0,6,1,0,7,0,0,0,7
01/03/2015,GGG,TX,ASW,CE,Combined TRACON& Tower with Radar,0,2,14,0,16,0,0,0,0,0,0,2,14,0,16,0,0,0,16
01/04/2015,GGG,TX,ASW,CE,Combined TRACON& Tower with Radar,0,6,36,0,42,0,1,9,0,10,0,7,45,0,52,0,0,0,52
01/05/2015,GGG,TX,ASW,CE,Combined TRACON& Tower with Radar,0,7,24,0,31,0,14,35,0,49,0,21,59,0,80,54,0,54,134
01/06/2015,GGG,TX,ASW,CE,Combined TRACON& Tower with Radar,0,4,27,2,33,0,11,33,0,44,0,15,60,2,77,86,4,90,167
01/07/2015,GGG,TX,ASW,CE,Combined TRACON& Tower with Radar,0,8,29,1,38,0,9,30,3,42,0,17,59,4,80,100,0,100,180
01/08/2015,GGG,TX,ASW,CE,Combined TRACON& Tower with Radar,0,9,38,4,51,0,22,21,2,45,0,31,59,6,96,116,36,152,248
01/09/2015,GGG,TX,ASW,CE,Combined TRACON& Tower with Radar,0,7,21,0,28,0,8,16,0,24,0,15,37,0,52,18,0,18,70
01/10/2015,GGG,TX,ASW,CE,Combined TRACON& Tower with Radar,0,3,13,0,16,0,11,11,0,22,0,14,24,0,38,98,0,98,136
01/11/2015,GGG,TX,ASW,CE,Combined TRACON& Tower with Radar,0,5,12,0,17,0,0,0,0,0,0,5,12,0,17,0,0,0,17
01/12/2015,GGG,TX,ASW,CE,Combined TRACON& Tower with Radar,0,9,32,0,41,0,0,0,0,0,0,9,32,0,41,0,0,0,41
01/13/2015,GGG,TX,ASW,CE,Combined TRACON& Tower with Radar,0,7,30,14,51,0,5,2,0,7,0,12,32,14,58,42,10,52,110
01/14/2015,GGG,TX,ASW,CE,Combined TRACON& Tower with Radar,0,10,35,12,57,0,24,18,0,42,0,34,53,12,99,96,18,114,213
01/15/2015,GGG,TX,ASW,CE,Combined TRACON& Tower with Radar,0,6,44,12,62,0,28,23,1,52,0,34,67,13,114,74,28,102,216
01/16/2015,GGG,TX,ASW,CE,Combined TRACON& Tower with Radar,0,7,34,4,45,0,31,22,0,53,0,38,56,4,98,68,4,72,170
01/17/2015,GGG,TX,ASW,CE,Combined TRACON& Tower with Radar,0,4,13,0,17,0,20,25,0,45,0,24,38,0,62,0,0,0,62
01/18/2015,GGG,TX,ASW,CE,Combined TRACON& Tower with Radar,0,6,17,0,23,0,4,28,0,32,0,10,45,0,55,26,0,26,81
01/19/2015,GGG,TX,ASW,CE,Combined TRACON& Tower with Radar,0,12,27,0,39,0,28,24,0,52,0,40,51,0,91,124,0,124,215
01/20/2015,GGG,TX,ASW,CE,Combined TRACON& Tower with Radar,0,6,21,4,31,0,11,21,0,32,0,17,42,4,63,112,8,120,183
01/21/2015,GGG,TX,ASW,CE,Combined TRACON& Tower with Radar,0,12,28,61,101,0,36,32,0,68,0,48,60,61,169,90,72,162,331
01/22/2015,GGG,TX,ASW,CE,Combined TRACON& Tower with Radar,0,8,16,0,24,0,0,0,0,0,0,8,16,0,24,2,0,2,26
01/23/2015,GGG,TX,ASW,CE,Combined TRACON& Tower with Radar,0,8,22,8,38,0,14,15,0,29,0,22,37,8,67,16,0,16,83
01/24/2015,GGG,TX,ASW,CE,Combined TRACON& Tower with Radar,0,8,19,8,35,0,31,25,2,58,0,39,44,10,93,38,8,46,139
01/25/2015,GGG,TX,ASW,CE,Combined TRACON& Tower with Radar,0,4,19,16,39,0,0,12,0,12,0,4,31,16,51,4,8,12,63
01/26/2015,GGG,TX,ASW,CE,Combined TRACON& Tower with Radar,0,11,25,4,40,0,42,37,0,79,0,53,62,4,119,50,0,50,169
01/27/2015,GGG,TX,ASW,CE,Combined TRACON& Tower with Radar,0,15,32,1,48,0,55,47,2,104,0,70,79,3,152,190,4,194,346
01/28/2015,GGG,TX,ASW,CE,Combined TRACON& Tower with Radar,0,15,41,20,76,0,26,27,1,54,0,41,68,21,130,190,10,200,330
01/29/2015,GGG,TX,ASW,CE,Combined TRACON& Tower with Radar,0,17,22,9,48,0,45,30,0,75,0,62,52,9,123,118,0,118,241
01/30/2015,GGG,TX,ASW,CE,Combined TRACON& Tower with Radar,0,16,17,17,50,0,56,20,4,80,0,72,37,21,130,62,0,62,192
01/31/2015,GGG,TX,ASW,CE,Combined TRACON& Tower with Radar,0,4,30,0,34,0,18,22,0,40,0,22,52,0,74,48,0,48,122
02/01/2015,GGG,TX,ASW,CE,Combined TRACON& Tower with Radar,0,4,10,0,14,0,2,0,0,2,0,6,10,0,16,0,0,0,16
02/02/2015,GGG,TX,ASW,CE,Combined TRACON& Tower with Radar,0,12,25,0,37,0,46,48,0,94,0,58,73,0,131,124,0,124,255
02/03/2015,GGG,TX,ASW,CE,Combined TRACON& Tower with Radar,0,9,21,8,38,0,40,27,0,67,0,49,48,8,105,68,6,74,179
02/04/2015,GGG,TX,ASW,CE,Combined TRACON& Tower with Radar,0,16,20,0,36,0,26,3,0,29,0,42,23,0,65,100,0,100,165
02/05/2015,GGG,TX,ASW,CE,Combined TRACON& Tower with Radar,0,4,25,2,31,0,0,2,0,2,0,4,27,2,33,0,0,0,33
02/06/2015,GGG,TX,ASW,CE,Combined TRACON& Tower with Radar,0,10,34,24,68,0,16,24,0,40,0,26,58,24,108,36,14,50,158
02/07/2015,GGG,TX,ASW,CE,Combined TRACON& Tower with Radar,0,13,10,4,27,0,11,14,0,25,0,24,24,4,52,76,0,76,128
02/08/2015,GGG,TX,ASW,CE,Combined TRACON& Tower with Radar,0,6,21,26,53,0,4,11,0,15,0,10,32,26,68,24,0,24,92
02/09/2015,GGG,TX,ASW,CE,Combined TRACON& Tower with Radar,0,9,29,0,38,0,34,20,0,54,0,43,49,0,92,134,0,134,226
02/10/2015,GGG,TX,ASW,CE,Combined TRACON& Tower with Radar,0,11,30,11,52,0,44,39,1,84,0,55,69,12,136,180,8,188,324
02/11/2015,GGG,TX,ASW,CE,Combined TRACON& Tower with Radar,0,11,26,14,51,0,32,23,0,55,0,43,49,14,106,130,6,136,242
02/12/2015,GGG,TX,ASW,CE,Combined TRACON& Tower with Radar,0,9,18,12,39,0,44,39,0,83,0,53,57,12,122,108,2,110,232
02/13/2015,GGG,TX,ASW,CE,Combined TRACON& Tower with Radar,0,10,20,19,49,0,39,34,0,73,0,49,54,19,122,90,6,96,218
02/14/2015,GGG,TX,ASW,CE,Combined TRACON& Tower with Radar,0,9,17,0,26,0,26,47,1,74,0,35,64,1,100,20,0,20,120
02/15/2015,GGG,TX,ASW,CE,Combined TRACON& Tower with Radar,5,5,37,12,59,0,2,12,0,14,5,7,49,12,73,42,0,42,115
02/16/2015,GGG,TX,ASW,CE,Combined TRACON& Tower with Radar,0,4,16,0,20,0,2,0,0,2,0,6,16,0,22,4,0,4,26
02/17/2015,GGG,TX,ASW,CE,Combined TRACON& Tower with Radar,2,7,31,32,72,0,29,13,0,42,2,36,44,32,114,98,28,126,240
02/18/2015,GGG,TX,ASW,CE,Combined TRACON& Tower with Radar,2,14,18,16,50,0,41,37,0,78,2,55,55,16,128,120,24,144,272
02/19/2015,GGG,TX,ASW,CE,Combined TRACON& Tower with Radar,0,13,37,0,50,0,46,42,0,88,0,59,79,0,138,208,0,208,346
02/20/2015,GGG,TX,ASW,CE,Combined TRACON& Tower with Radar,0,16,63,0,79,0,12,3,0,15,0,28,66,0,94,78,0,78,172
02/21/2015,GGG,TX,ASW,CE,Combined TRACON& Tower with Radar,0,8,7,2,17,0,2,4,0,6,0,10,11,2,23,10,0,10,33
02/22/2015,GGG,TX,ASW,CE,Combined TRACON& Tower with Radar,0,7,19,10,36,0,0,0,0,0,0,7,19,10,36,0,0,0,36
02/23/2015,GGG,TX,ASW,CE,Combined TRACON& Tower with Radar,0,1,3,0,4,0,0,0,0,0,0,1,3,0,4,0,0,0,4
02/24/2015,GGG,TX,ASW,CE,Combined TRACON& Tower with Radar,0,4,19,0,23,0,0,1,0,1,0,4,20,0,24,0,0,0,24
02/25/2015,GGG,TX,ASW,CE,Combined TRACON& Tower with Radar,0,5,6,0,11,0,0,0,0,0,0,5,6,0,11,0,0,0,11
02/26/2015,GGG,TX,ASW,CE,Combined TRACON& Tower with Radar,0,6,33,0,39,0,4,8,0,12,0,10,41,0,51,22,0,22,73
02/27/2015,GGG,TX,ASW,CE,Combined TRACON& Tower with Radar,10,6,17,0,33,0,23,10,2,35,10,29,27,2,68,80,0,80,148
02/28/2015,GGG,TX,ASW,CE,Combined TRACON& Tower with Radar,0,4,11,2,17,0,7,10,1,18,0,11,21,3,35,50,0,50,85
03/01/2015,GGG,TX,ASW,CE,Combined TRACON& Tower with Radar,12,6,17,0,35,0,0,0,0,0,12,6,17,0,35,0,0,0,35
03/02/2015,GGG,TX,ASW,CE,Combined TRACON& Tower with Radar,0,6,17,0,23,0,0,0,0,0,0,6,17,0,23,0,0,0,23
03/03/2015,GGG,TX,ASW,CE,Combined TRACON& Tower with Radar,0,8,18,0,26,0,6,0,0,6,0,14,18,0,32,0,0,0,32
03/04/2015,GGG,TX,ASW,CE,Combined TRACON& Tower with Radar,0,3,19,0,22,0,0,0,0,0,0,3,19,0,22,0,0,0,22
03/05/2015,GGG,TX,ASW,CE,Combined TRACON& Tower with Radar,0,6,26,14,46,0,26,8,0,34,0,32,34,14,80,132,0,132,212
03/06/2015,GGG,TX,ASW,CE,Combined TRACON& Tower with Radar,0,17,31,14,62,0,50,40,0,90,0,67,71,14,152,94,0,94,246
03/07/2015,GGG,TX,ASW,CE,Combined TRACON& Tower with Radar,0,9,27,5,41,0,25,51,1,77,0,34,78,6,118,82,8,90,208
03/08/2015,GGG,TX,ASW,CE,Combined TRACON& Tower with Radar,0,6,24,0,30,0,0,1,0,1,0,6,25,0,31,0,0,0,31
03/09/2015,GGG,TX,ASW,CE,Combined TRACON& Tower with Radar,0,5,21,2,28,0,0,0,0,0,0,5,21,2,28,0,0,0,28
03/10/2015,GGG,TX,ASW,CE,Combined TRACON& Tower with Radar,0,29,26,0,55,0,2,7,0,9,0,31,33,0,64,36,0,36,100
03/11/2015,GGG,TX,ASW,CE,Combined TRACON& Tower with Radar,0,19,53,0,72,0,10,12,2,24,0,29,65,2,96,68,2,70,166
03/12/2015,GGG,TX,ASW,CE,Combined TRACON& Tower with Radar,0,5,33,0,38,0,0,0,0,0,0,5,33,0,38,0,0,0,38
03/13/2015,GGG,TX,ASW,CE,Combined TRACON& Tower with Radar,0,10,28,2,40,0,0,0,0,0,0,10,28,2,40,0,0,0,40
03/14/2015,GGG,TX,ASW,CE,Combined TRACON& Tower with Radar,0,10,33,0,43,0,0,4,0,4,0,10,37,0,47,22,0,22,69
03/15/2015,GGG,TX,ASW,CE,Combined TRACON& Tower with Radar,0,4,30,0,34,0,4,1,0,5,0,8,31,0,39,0,0,0,39
03/16/2015,GGG,TX,ASW,CE,Combined TRACON& Tower with Radar,0,8,17,4,29,0,25,31,0,56,0,33,48,4,85,102,0,102,187
03/17/2015,GGG,TX,ASW,CE,Combined TRACON& Tower with Radar,0,18,34,14,66,0,38,20,2,60,0,56,54,16,126,138,38,176,302
03/18/2015,GGG,TX,ASW,CE,Combined TRACON& Tower with Radar,0,14,23,4,41,0,0,0,0,0,0,14,23,4,41,0,0,0,41
03/19/2015,GGG,TX,ASW,CE,Combined TRACON& Tower with Radar,0,9,37,2,48,0,0,1,0,1,0,9,38,2,49,0,0,0,49
03/20/2015,GGG,TX,ASW,CE,Combined TRACON& Tower with Radar,0,8,35,0,43,0,0,0,0,0,0,8,35,0,43,0,0,0,43
03/21/2015,GGG,TX,ASW,CE,Combined TRACON& Tower with Radar,0,12,11,0,23,0,0,0,0,0,0,12,11,0,23,0,0,0,23
03/22/2015,GGG,TX,ASW,CE,Combined TRACON& Tower with Radar,0,4,22,0,26,0,2,2,0,4,0,6,24,0,30,0,0,0,30
03/23/2015,GGG,TX,ASW,CE,Combined TRACON& Tower with Radar,0,17,35,0,52,0,50,43,1,94,0,67,78,1,146,196,0,196,342
03/24/2015,GGG,TX,ASW,CE,Combined TRACON& Tower with Radar,0,14,43,8,65,0,35,29,0,64,0,49,72,8,129,192,0,192,321
03/25/2015,GGG,TX,ASW,CE,Combined TRACON& Tower with Radar,0,17,41,6,64,0,36,19,0,55,0,53,60,6,119,158,4,162,281
03/26/2015,GGG,TX,ASW,CE,Combined TRACON& Tower with Radar,0,9,31,0,40,0,5,7,0,12,0,14,38,0,52,38,0,38,90
03/27/2015,GGG,TX,ASW,CE,Combined TRACON& Tower with Radar,0,19,50,12,81,0,35,38,1,74,0,54,88,13,155,86,4,90,245
03/28/2015,GGG,TX,ASW,CE,Combined TRACON& Tower with Radar,0,14,39,20,73,0,38,49,0,87,0,52,88,20,160,110,4,114,274
03/29/2015,GGG,TX,ASW,CE,Combined TRACON& Tower with Radar,0,4,39,2,45,0,4,21,2,27,0,8,60,4,72,0,0,0,72
03/30/2015,GGG,TX,ASW,CE,Combined TRACON& Tower with Radar,0,12,36,4,52,0,10,9,0,19,0,22,45,4,71,122,0,122,193
03/31/2015,GGG,TX,ASW,CE,Combined TRACON& Tower with Radar,0,17,40,6,63,0,23,20,0,43,0,40,60,6,106,254,8,262,368
04/01/2015,GGG,TX,ASW,CE,Combined TRACON& Tower with Radar,0,10,24,0,34,0,12,19,6,37,0,22,43,6,71,146,0,146,217
04/02/2015,GGG,TX,ASW,CE,Combined TRACON& Tower with Radar,0,16,35,4,55,0,11,16,2,29,0,27,51,6,84,108,0,108,192
04/03/2015,GGG,TX,ASW,CE,Combined TRACON& Tower with Radar,0,8,27,0,35,0,1,11,0,12,0,9,38,0,47,24,0,24,71
04/04/2015,GGG,TX,ASW,CE,Combined TRACON& Tower with Radar,0,17,23,0,40,0,37,40,0,77,0,54,63,0,117,126,0,126,243
04/05/2015,GGG,TX,ASW,CE,Combined TRACON& Tower with Radar,0,4,21,0,25,0,0,0,0,0,0,4,21,0,25,0,0,0,25
04/06/2015,GGG,TX,ASW,CE,Combined TRACON& Tower with Radar,0,8,33,6,47,0,13,8,0,21,0,21,41,6,68,56,0,56,124
04/07/2015,GGG,TX,ASW,CE,Combined TRACON& Tower with Radar,0,16,30,2,48,0,32,28,0,60,0,48,58,2,108,108,0,108,216
04/08/2015,GGG,TX,ASW,CE,Combined TRACON& Tower with Radar,0,14,44,2,60,0,20,10,0,30,0,34,54,2,90,130,0,130,220
04/09/2015,GGG,TX,ASW,CE,Combined TRACON& Tower with Radar,0,2,24,2,28,0,0,1,2,3,0,2,25,4,31,18,0,18,49
04/10/2015,GGG,TX,ASW,CE,Combined TRACON& Tower with Radar,0,18,29,6,53,0,51,17,2,70,0,69,46,8,123,170,4,174,297
04/11/2015,GGG,TX,ASW,CE,Combined TRACON& Tower with Radar,0,12,21,0,33,0,28,21,0,49,0,40,42,0,82,70,0,70,152
04/12/2015,GGG,TX,ASW,CE,Combined TRACON& Tower with Radar,0,5,23,0,28,0,0,2,0,2,0,5,25,0,30,0,0,0,30
04/13/2015,GGG,TX,ASW,CE,Combined TRACON& Tower with Radar,0,10,23,0,33,0,7,2,0,9,0,17,25,0,42,86,0,86,128
04/14/2015,GGG,TX,ASW,CE,Combined TRACON& Tower with Radar,0,7,25,0,32,0,0,0,0,0,0,7,25,0,32,0,0,0,32
04/15/2015,GGG,TX,ASW,CE,Combined TRACON& Tower with Radar,0,17,42,6,65,0,37,38,0,75,0,54,80,6,140,164,0,164,304
04/16/2015,GGG,TX,ASW,CE,Combined TRACON& Tower with Radar,0,12,16,2,30,0,45,12,0,57,0,57,28,2,87,124,0,124,211
04/17/2015,GGG,TX,ASW,CE,Combined TRACON& Tower with Radar,0,19,23,0,42,0,25,19,1,45,0,44,42,1,87,80,0,80,167
04/18/2015,GGG,TX,ASW,CE,Combined TRACON& Tower with Radar,0,6,32,0,38,0,2,2,0,4,0,8,34,0,42,0,0,0,42
04/19/2015,GGG,TX,ASW,CE,Combined TRACON& Tower with Radar,0,6,26,0,32,0,3,15,0,18,0,9,41,0,50,52,0,52,102
04/20/2015,GGG,TX,ASW,CE,Combined TRACON& Tower with Radar,0,19,37,6,62,0,48,36,0,84,0,67,73,6,146,240,0,240,386
04/21/2015,GGG,TX,ASW,CE,Combined TRACON& Tower with Radar,0,17,29,0,46,0,42,21,0,63,0,59,50,0,109,130,0,130,239
04/22/2015,GGG,TX,ASW,CE,Combined TRACON& Tower with Radar,0,12,33,0,45,0,43,16,0,59,0,55,49,0,104,150,0,150,254
04/23/2015,GGG,TX,ASW,CE,Combined TRACON& Tower with Radar,0,15,33,1,49,0,26,6,1,33,0,41,39,2,82,192,0,192,274
04/24/2015,GGG,TX,ASW,CE,Combined TRACON& Tower with Radar,0,7,20,0,27,0,1,2,0,3,0,8,22,0,30,4,0,4,34
04/25/2015,GGG,TX,ASW,CE,Combined TRACON& Tower with Radar,0,19,8,13,40,0,17,10,5,32,0,36,18,18,72,76,0,76,148
04/26/2015,GGG,TX,ASW,CE,Combined TRACON& Tower with Radar,0,6,21,0,27,0,7,17,3,27,0,13,38,3,54,6,0,6,60
04/27/2015,GGG,TX,ASW,CE,Combined TRACON& Tower with Radar,0,7,22,0,29,0,16,8,1,25,0,23,30,1,54,62,0,62,116
04/28/2015,GGG,TX,ASW,CE,Combined TRACON& Tower with Radar,0,16,28,0,44,0,13,6,0,19,0,29,34,0,63,168,0,168,231
04/29/2015,GGG,TX,ASW,CE,Combined TRACON& Tower with Radar,2,12,28,0,42,0,46,23,0,69,2,58,51,0,111,200,0,200,311
04/30/2015,GGG,TX,ASW,CE,Combined TRACON& Tower with Radar,0,12,37,0,49,0,43,51,4,98,0,55,88,4,147,166,0,166,313
05/01/2015,GGG,TX,ASW,CE,Combined TRACON& Tower with Radar,0,22,38,8,68,0,36,29,1,66,0,58,67,9,134,72,6,78,212
05/02/2015,GGG,TX,ASW,CE,Combined TRACON& Tower with Radar,2,8,20,0,30,0,20,40,0,60,2,28,60,0,90,64,0,64,154
05/03/2015,GGG,TX,ASW,CE,Combined TRACON& Tower with Radar,0,6,22,4,32,0,7,23,0,30,0,13,45,4,62,0,0,0,62
05/04/2015,GGG,TX,ASW,CE,Combined TRACON& Tower with Radar,0,16,22,0,38,0,32,23,2,57,0,48,45,2,95,96,0,96,191
05/05/2015,GGG,TX,ASW,CE,Combined TRACON& Tower with Radar,0,15,29,0,44,0,13,7,0,20,0,28,36,0,64,150,0,150,214
05/06/2015,GGG,TX,ASW,CE,Combined TRACON& Tower with Radar,0,17,26,2,45,0,19,4,2,25,0,36,30,4,70,148,0,148,218
05/07/2015,GGG,TX,ASW,CE,Combined TRACON& Tower with Radar,0,14,31,4,49,0,12,4,0,16,0,26,35,4,65,52,0,52,117
05/08/2015,GGG,TX,ASW,CE,Combined TRACON& Tower with Radar,0,18,39,0,57,0,15,1,0,16,0,33,40,0,73,108,0,108,181
05/09/2015,GGG,TX,ASW,CE,Combined TRACON& Tower with Radar,0,9,20,0,29,0,4,1,0,5,0,13,21,0,34,16,0,16,50
05/10/2015,GGG,TX,ASW,CE,Combined TRACON& Tower with Radar,0,2,18,0,20,0,2,1,0,3,0,4,19,0,23,4,0,4,27
05/11/2015,GGG,TX,ASW,CE,Combined TRACON& Tower with Radar,0,8,32,1,41,0,6,2,0,8,0,14,34,1,49,120,0,120,169
05/12/2015,GGG,TX,ASW,CE,Combined TRACON& Tower with Radar,0,17,33,5,55,0,24,11,0,35,0,41,44,5,90,224,0,224,314
05/13/2015,GGG,TX,ASW,CE,Combined TRACON& Tower with Radar,0,9,30,0,39,0,0,1,0,1,0,9,31,0,40,0,0,0,40
05/14/2015,GGG,TX,ASW,CE,Combined TRACON& Tower with Radar,0,9,29,0,38,0,13,5,0,18,0,22,34,0,56,98,0,98,154
05/15/2015,GGG,TX,ASW,CE,Combined TRACON& Tower with Radar,0,8,20,0,28,0,9,7,0,16,0,17,27,0,44,84,0,84,128
05/16/2015,GGG,TX,ASW,CE,Combined TRACON& Tower with Radar,0,12,13,0,25,0,3,6,2,11,0,15,19,2,36,112,0,112,148
05/17/2015,GGG,TX,ASW,CE,Combined TRACON& Tower with Radar,0,11,12,0,23,0,8,3,0,11,0,19,15,0,34,24,0,24,58
05/18/2015,GGG,TX,ASW,CE,Combined TRACON& Tower with Radar,0,12,24,0,36,0,15,3,2,20,0,27,27,2,56,62,0,62,118
05/19/2015,GGG,TX,ASW,CE,Combined TRACON& Tower with Radar,0,18,31,22,71,0,23,11,2,36,0,41,42,24,107,182,30,212,319
05/20/2015,GGG,TX,ASW,CE,Combined TRACON& Tower with Radar,0,18,42,31,91,0,45,24,5,74,0,63,66,36,165,54,8,62,227
05/21/2015,GGG,TX,ASW,CE,Combined TRACON& Tower with Radar,0,9,31,0,40,0,0,0,0,0,0,9,31,0,40,8,0,8,48
05/22/2015,GGG,TX,ASW,CE,Combined TRACON& Tower with Radar,0,16,39,0,55,0,37,27,1,65,0,53,66,1,120,62,0,62,182
05/23/2015,GGG,TX,ASW,CE,Combined TRACON& Tower with Radar,0,5,34,0,39,0,7,2,1,10,0,12,36,1,49,14,0,14,63
05/24/2015,GGG,TX,ASW,CE,Combined TRACON& Tower with Radar,0,5,7,0,12,0,0,0,0,0,0,5,7,0,12,18,0,18,30
05/25/2015,GGG,TX,ASW,CE,Combined TRACON& Tower with Radar,0,13,10,0,23,0,9,11,0,20,0,22,21,0,43,58,0,58,101
05/26/2015,GGG,TX,ASW,CE,Combined TRACON& Tower with Radar,0,16,46,1,63,0,26,13,0,39,0,42,59,1,102,142,0,142,244
05/27/2015,GGG,TX,ASW,CE,Combined TRACON& Tower with Radar,0,10,26,14,50,0,43,30,2,75,0,53,56,16,125,242,26,268,393
05/28/2015,GGG,TX,ASW,CE,Combined TRACON& Tower with Radar,0,16,50,26,92,0,25,19,3,47,0,41,69,29,139,112,54,166,305
05/29/2015,GGG,TX,ASW,CE,Combined TRACON& Tower with Radar,0,7,25,0,32,0,17,15,2,34,0,24,40,2,66,38,0,38,104
05/30/2015,GGG,TX,ASW,CE,Combined TRACON& Tower with Radar,0,12,15,0,27,0,15,2,0,17,0,27,17,0,44,20,0,20,64
05/31/2015,GGG,TX,ASW,CE,Combined TRACON& Tower with Radar,0,5,31,6,42,0,7,23,0,30,0,12,54,6,72,14,2,16,88
06/01/2015,GGG,TX,ASW,CE,Combined TRACON& Tower with Radar,0,19,36,0,55,0,33,20,1,54,0,52,56,1,109,80,12,92,201
06/02/2015,GGG,TX,ASW,CE,Combined TRACON& Tower with Radar,0,16,32,4,52,0,39,20,0,59,0,55,52,4,111,154,0,154,265
06/03/2015,GGG,TX,ASW,CE,Combined TRACON& Tower with Radar,0,13,34,4,51,0,36,33,0,69,0,49,67,4,120,192,10,202,322
06/04/2015,GGG,TX,ASW,CE,Combined TRACON& Tower with Radar,0,9,41,2,52,0,43,42,0,85,0,52,83,2,137,158,0,158,295
06/05/2015,GGG,TX,ASW,CE,Combined TRACON& Tower with Radar,0,7,27,3,37,0,31,30,7,68,0,38,57,10,105,182,6,188,293
06/06/2015,GGG,TX,ASW,CE,Combined TRACON& Tower with Radar,0,11,24,0,35,0,12,23,2,37,0,23,47,2,72,37,11,48,120
06/07/2015,GGG,TX,ASW,CE,Combined TRACON& Tower with Radar,0,5,27,0,32,0,4,27,0,31,0,9,54,0,63,0,0,0,63
06/08/2015,GGG,TX,ASW,CE,Combined TRACON& Tower with Radar,0,12,34,0,46,0,34,28,0,62,0,46,62,0,108,64,0,64,172
06/09/2015,GGG,TX,ASW,CE,Combined TRACON& Tower with Radar,0,8,12,8,28,0,24,30,0,54,0,32,42,8,82,78,0,78,160
06/10/2015,GGG,TX,ASW,CE,Combined TRACON& Tower with Radar,0,7,43,2,52,0,34,24,0,58,0,41,67,2,110,122,0,122,232
06/11/2015,GGG,TX,ASW,CE,Combined TRACON& Tower with Radar,0,7,24,6,37,0,35,28,2,65,0,42,52,8,102,74,12,86,188
06/12/2015,GGG,TX,ASW,CE,Combined TRACON& Tower with Radar,0,7,33,23,63,0,15,33,1,49,0,22,66,24,112,124,32,156,268
06/13/2015,GGG,TX,ASW,CE,Combined TRACON& Tower with Radar,0,12,21,0,33,0,1,3,0,4,0,13,24,0,37,4,0,4,41
06/14/2015,GGG,TX,ASW,CE,Combined TRACON& Tower with Radar,0,5,14,0,19,0,0,3,0,3,0,5,17,0,22,0,0,0,22
06/15/2015,GGG,TX,ASW,CE,Combined TRACON& Tower with Radar,0,11,29,0,40,0,18,4,0,22,0,29,33,0,62,108,0,108,170
06/16/2015,GGG,TX,ASW,CE,Combined TRACON& Tower with Radar,0,12,21,0,33,0,4,0,0,4,0,16,21,0,37,42,0,42,79
06/17/2015,GGG,TX,ASW,CE,Combined TRACON& Tower with Radar,0,10,5,0,15,0,0,0,0,0,0,10,5,0,15,0,0,0,15
06/18/2015,GGG,TX,ASW,CE,Combined TRACON& Tower with Radar,0,11,32,0,43,0,8,5,0,13,0,19,37,0,56,12,0,12,68
06/19/2015,GGG,TX,ASW,CE,Combined TRACON& Tower with Radar,0,19,33,6,58,0,31,24,0,55,0,50,57,6,113,76,8,84,197
06/20/2015,GGG,TX,ASW,CE,Combined TRACON& Tower with Radar,0,6,27,0,33,0,4,25,0,29,0,10,52,0,62,22,0,22,84
06/21/2015,GGG,TX,ASW,CE,Combined TRACON& Tower with Radar,0,9,29,0,38,0,3,4,0,7,0,12,33,0,45,4,0,4,49
06/22/2015,GGG,TX,ASW,CE,Combined TRACON& Tower with Radar,0,11,20,0,31,0,21,14,0,35,0,32,34,0,66,92,0,92,158
06/23/2015,GGG,TX,ASW,CE,Combined TRACON& Tower with Radar,0,12,37,6,55,0,33,35,2,70,0,45,72,8,125,148,10,158,283
06/24/2015,GGG,TX,ASW,CE,Combined TRACON& Tower with Radar,0,9,50,10,69,0,37,48,0,85,0,46,98,10,154,260,12,272,426
06/25/2015,GGG,TX,ASW,CE,Combined TRACON& Tower with Radar,0,21,49,5,75,0,35,25,3,63,0,56,74,8,138,168,0,168,306
06/26/2015,GGG,TX,ASW,CE,Combined TRACON& Tower with Radar,0,11,36,2,49,0,25,49,0,74,0,36,85,2,123,144,0,144,267
06/27/2015,GGG,TX,ASW,CE,Combined TRACON& Tower with Radar,0,7,46,2,55,0,5,26,0,31,0,12,72,2,86,0,0,0,86
06/28/2015,GGG,TX,ASW,CE,Combined TRACON& Tower with Radar,0,9,29,0,38,0,3,4,0,7,0,12,33,0,45,8,0,8,53
06/29/2015,GGG,TX,ASW,CE,Combined TRACON& Tower with Radar,0,9,22,0,31,0,7,6,0,13,0,16,28,0,44,74,0,74,118
06/30/2015,GGG,TX,ASW,CE,Combined TRACON& Tower with Radar,0,18,33,12,63,0,38,31,1,70,0,56,64,13,133,122,18,140,273
07/01/2015,GGG,TX,ASW,CE,Combined TRACON& Tower with Radar,0,11,27,6,44,0,17,25,3,45,0,28,52,9,89,80,16,96,185
07/02/2015,GGG,TX,ASW,CE,Combined TRACON& Tower with Radar,2,22,28,5,57,0,10,24,0,34,2,32,52,5,91,106,2,108,199
07/03/2015,GGG,TX,ASW,CE,Combined TRACON& Tower with Radar,0,9,19,1,29,0,3,14,1,18,0,12,33,2,47,34,0,34,81
07/04/2015,GGG,TX,ASW,CE,Combined TRACON& Tower with Radar,0,4,9,2,15,0,4,7,0,11,0,8,16,2,26,0,0,0,26
07/05/2015,GGG,TX,ASW,CE,Combined TRACON& Tower with Radar,2,8,19,0,29,0,2,4,0,6,2,10,23,0,35,0,0,0,35
07/06/2015,GGG,TX,ASW,CE,Combined TRACON& Tower with Radar,0,17,25,8,50,0,12,17,0,29,0,29,42,8,79,80,4,84,163
07/07/2015,GGG,TX,ASW,CE,Combined TRACON& Tower with Radar,0,5,27,20,52,0,15,10,2,27,0,20,37,22,79,134,20,154,233
07/08/2015,GGG,TX,ASW,CE,Combined TRACON& Tower with Radar,4,18,41,16,79,0,11,21,0,32,4,29,62,16,111,30,26,56,167
07/09/2015,GGG,TX,ASW,CE,Combined TRACON& Tower with Radar,0,10,17,26,53,0,21,14,3,38,0,31,31,29,91,74,32,106,197
07/10/2015,GGG,TX,ASW,CE,Combined TRACON& Tower with Radar,0,11,28,2,41,0,17,36,0,53,0,28,64,2,94,10,0,10,104
07/11/2015,GGG,TX,ASW,CE,Combined TRACON& Tower with Radar,0,5,18,4,27,0,10,30,2,42,0,15,48,6,69,34,12,46,115
07/12/2015,GGG,TX,ASW,CE,Combined TRACON& Tower with Radar,0,7,28,0,35,0,4,18,0,22,0,11,46,0,57,24,0,24,81
07/13/2015,GGG,TX,ASW,CE,Combined TRACON& Tower with Radar,0,13,32,9,54,0,17,34,3,54,0,30,66,12,108,82,10,92,200
07/14/2015,GGG,TX,ASW,CE,Combined TRACON& Tower with Radar,0,11,20,10,41,0,23,20,2,45,0,34,40,12,86,76,14,90,176
07/15/2015,GGG,TX,ASW,CE,Combined TRACON& Tower with Radar,0,8,38,0,46,0,24,32,0,56,0,32,70,0,102,78,0,78,180
07/16/2015,GGG,TX,ASW,CE,Combined TRACON& Tower with Radar,0,12,26,0,38,0,33,27,0,60,0,45,53,0,98,142,0,142,240
07/17/2015,GGG,TX,ASW,CE,Combined TRACON& Tower with Radar,4,17,35,27,83,0,13,31,3,47,4,30,66,30,130,76,16,92,222
07/18/2015,GGG,TX,ASW,CE,Combined TRACON& Tower with Radar,0,8,12,0,20,0,7,17,0,24,0,15,29,0,44,0,0,0,44
07/19/2015,GGG,TX,ASW,CE,Combined TRACON& Tower with Radar,0,4,21,11,36,0,2,25,3,30,0,6,46,14,66,2,20,22,88
07/20/2015,GGG,TX,ASW,CE,Combined TRACON& Tower with Radar,0,13,20,4,37,0,9,15,0,24,0,22,35,4,61,38,4,42,103
07/21/2015,GGG,TX,ASW,CE,Combined TRACON& Tower with Radar,0,9,24,0,33,0,9,17,2,28,0,18,41,2,61,16,0,16,77
07/22/2015,GGG,TX,ASW,CE,Combined TRACON& Tower with Radar,0,11,16,2,29,0,18,22,0,40,0,29,38,2,69,36,0,36,105
07/23/2015,GGG,TX,ASW,CE,Combined TRACON& Tower with Radar,0,9,33,0,42,0,9,21,1,31,0,18,54,1,73,22,0,22,95
07/24/2015,GGG,TX,ASW,CE,Combined TRACON& Tower with Radar,0,7,16,1,24,0,12,13,1,26,0,19,29,2,50,62,2,64,114
07/25/2015,GGG,TX,ASW,CE,Combined TRACON& Tower with Radar,0,4,12,0,16,0,6,23,0,29,0,10,35,0,45,56,0,56,101
07/26/2015,GGG,TX,ASW,CE,Combined TRACON& Tower with Radar,0,4,18,0,22,0,5,23,0,28,0,9,41,0,50,6,0,6,56
07/27/2015,GGG,TX,ASW,CE,Combined TRACON& Tower with Radar,0,15,24,2,41,0,7,26,0,33,0,22,50,2,74,30,0,30,104
07/28/2015,GGG,TX,ASW,CE,Combined TRACON& Tower with Radar,0,9,38,9,56,0,13,20,1,34,0,22,58,10,90,66,30,96,186
07/29/2015,GGG,TX,ASW,CE,Combined TRACON& Tower with Radar,0,10,29,5,44,0,14,35,3,52,0,24,64,8,96,144,12,156,252
07/30/2015,GGG,TX,ASW,CE,Combined TRACON& Tower with Radar,0,10,29,0,39,0,17,38,4,59,0,27,67,4,98,109,2,111,209
07/31/2015,GGG,TX,ASW,CE,Combined TRACON& Tower with Radar,0,11,29,4,44,0,25,27,0,52,0,36,56,4,96,22,0,22,118
08/01/2015,GGG,TX,ASW,CE,Combined TRACON& Tower with Radar,0,6,21,10,37,0,2,21,2,25,0,8,42,12,62,20,4,24,86
08/02/2015,GGG,TX,ASW,CE,Combined TRACON& Tower with Radar,0,5,26,10,41,0,6,23,0,29,0,11,49,10,70,8,0,8,78
08/03/2015,GGG,TX,ASW,CE,Combined TRACON& Tower with Radar,0,8,14,7,29,0,15,21,3,39,0,23,35,10,68,72,8,80,148
08/04/2015,GGG,TX,ASW,CE,Combined TRACON& Tower with Radar,0,22,20,27,69,0,16,23,0,39,0,38,43,27,108,72,28,100,208
08/05/2015,GGG,TX,ASW,CE,Combined TRACON& Tower with Radar,0,12,24,1,37,0,18,21,3,42,0,30,45,4,79,54,0,54,133
08/06/2015,GGG,TX,ASW,CE,Combined TRACON& Tower with Radar,0,9,35,7,51,0,12,29,5,46,0,21,64,12,97,110,6,116,213
08/07/2015,GGG,TX,ASW,CE,Combined TRACON& Tower with Radar,0,8,28,0,36,0,20,29,0,49,0,28,57,0,85,102,0,102,187
08/08/2015,GGG,TX,ASW,CE,Combined TRACON& Tower with Radar,0,5,15,6,26,0,9,18,0,27,0,14,33,6,53,32,14,46,99
08/09/2015,GGG,TX,ASW,CE,Combined TRACON& Tower with Radar,0,4,20,0,24,0,7,24,0,31,0,11,44,0,55,10,0,10,65
08/10/2015,GGG,TX,ASW,CE,Combined TRACON& Tower with Radar,0,10,25,28,63,0,17,17,2,36,0,27,42,30,99,78,34,112,211
08/11/2015,GGG,TX,ASW,CE,Combined TRACON& Tower with Radar,0,13,22,7,42,0,24,16,1,41,0,37,38,8,83,68,0,68,151
08/12/2015,GGG,TX,ASW,CE,Combined TRACON& Tower with Radar,0,12,19,20,51,0,30,23,1,54,0,42,42,21,105,64,48,112,217
08/13/2015,GGG,TX,ASW,CE,Combined TRACON& Tower with Radar,0,7,41,0,48,0,24,32,0,56,0,31,73,0,104,70,0,70,174
08/14/2015,GGG,TX,ASW,CE,Combined TRACON& Tower with Radar,0,6,32,4,42,0,20,36,0,56,0,26,68,4,98,40,6,46,144
08/15/2015,GGG,TX,ASW,CE,Combined TRACON& Tower with Radar,0,7,33,16,56,0,12,24,0,36,0,19,57,16,92,50,0,50,142
08/16/2015,GGG,TX,ASW,CE,Combined TRACON& Tower with Radar,0,4,23,41,68,0,0,24,1,25,0,4,47,42,93,0,6,6,99
08/17/2015,GGG,TX,ASW,CE,Combined TRACON& Tower with Radar,0,6,37,6,49,0,19,14,0,33,0,25,51,6,82,54,0,54,136
08/18/2015,GGG,TX,ASW,CE,Combined TRACON& Tower with Radar,0,6,47,16,69,0,9,40,0,49,0,15,87,16,118,75,4,79,197
08/19/2015,GGG,TX,ASW,CE,Combined TRACON& Tower with Radar,0,5,37,4,46,0,0,5,0,5,0,5,42,4,51,22,22,44,95
08/20/2015,GGG,TX,ASW,CE,Combined TRACON& Tower with Radar,0,6,45,0,51,0,0,0,0,0,0,6,45,0,51,0,0,0,51
08/21/2015,GGG,TX,ASW,CE,Combined TRACON& Tower with Radar,0,6,27,0,33,0,2,0,1,3,0,8,27,1,36,6,0,6,42
08/22/2015,GGG,TX,ASW,CE,Combined TRACON& Tower with Radar,0,6,19,8,33,0,7,22,0,29,0,13,41,8,62,54,0,54,116
08/23/2015,GGG,TX,ASW,CE,Combined TRACON& Tower with Radar,0,4,21,0,25,2,7,5,0,14,2,11,26,0,39,4,0,4,43
08/24/2015,GGG,TX,ASW,CE,Combined TRACON& Tower with Radar,0,7,27,1,35,0,9,17,2,28,0,16,44,3,63,94,14,108,171
08/25/2015,GGG,TX,ASW,CE,Combined TRACON& Tower with Radar,0,6,35,5,46,0,12,11,5,28,0,18,46,10,74,162,6,168,242
08/26/2015,GGG,TX,ASW,CE,Combined TRACON& Tower with Radar,0,9,30,28,67,0,46,44,0,90,0,55,74,28,157,202,20,222,379
08/27/2015,GGG,TX,ASW,CE,Combined TRACON& Tower with Radar,0,11,31,22,64,0,41,27,2,70,0,52,58,24,134,180,2,182,316
08/28/2015,GGG,TX,ASW,CE,Combined TRACON& Tower with Radar,0,11,24,14,49,0,39,25,2,66,0,50,49,16,115,114,8,122,237
08/29/2015,GGG,TX,ASW,CE,Combined TRACON& Tower with Radar,0,6,11,3,20,0,17,13,3,33,0,23,24,6,53,34,10,44,97
08/30/2015,GGG,TX,ASW,CE,Combined TRACON& Tower with Radar,0,6,28,3,37,0,4,16,0,20,0,10,44,3,57,0,0,0,57
08/31/2015,GGG,TX,ASW,CE,Combined TRACON& Tower with Radar,0,9,22,16,47,0,46,15,2,63,0,55,37,18,110,150,0,150,260
09/01/2015,GGG,TX,ASW,CE,Combined TRACON& Tower with Radar,0,11,15,8,34,0,28,23,0,51,0,39,38,8,85,132,6,138,223
09/02/2015,GGG,TX,ASW,CE,Combined TRACON& Tower with Radar,0,13,30,8,51,0,34,22,0,56,0,47,52,8,107,182,0,182,289
09/03/2015,GGG,TX,ASW,CE,Combined TRACON& Tower with Radar,0,11,30,5,46,0,28,24,1,53,0,39,54,6,99,114,0,114,213
09/04/2015,GGG,TX,ASW,CE,Combined TRACON& Tower with Radar,2,13,33,1,49,0,41,16,2,59,2,54,49,3,108,164,0,164,272
09/05/2015,GGG,TX,ASW,CE,Combined TRACON& Tower with Radar,0,6,9,0,15,0,11,19,2,32,0,17,28,2,47,34,0,34,81
09/06/2015,GGG,TX,ASW,CE,Combined TRACON& Tower with Radar,0,4,7,0,11,0,0,17,1,18,0,4,24,1,29,0,0,0,29
09/07/2015,GGG,TX,ASW,CE,Combined TRACON& Tower with Radar,2,6,17,0,25,0,46,20,0,66,2,52,37,0,91,212,0,212,303
09/08/2015,GGG,TX,ASW,CE,Combined TRACON& Tower with Radar,0,10,27,30,67,0,38,22,1,61,0,48,49,31,128,194,32,226,354
09/09/2015,GGG,TX,ASW,CE,Combined TRACON& Tower with Radar,0,4,31,0,35,0,13,14,0,27,0,17,45,0,62,198,0,198,260
09/10/2015,GGG,TX,ASW,CE,Combined TRACON& Tower with Radar,0,17,34,3,54,0,15,15,0,30,0,32,49,3,84,82,6,88,172
09/11/2015,GGG,TX,ASW,CE,Combined TRACON& Tower with Radar,0,8,24,18,50,0,33,18,2,53,0,41,42,20,103,92,0,92,195
09/12/2015,GGG,TX,ASW,CE,Combined TRACON& Tower with Radar,0,5,15,0,20,0,17,23,0,40,0,22,38,0,60,80,0,80,140
09/13/2015,GGG,TX,ASW,CE,Combined TRACON& Tower with Radar,0,4,24,0,28,0,8,17,0,25,0,12,41,0,53,48,0,48,101
09/14/2015,GGG,TX,ASW,CE,Combined TRACON& Tower with Radar,0,5,14,5,24,0,56,15,1,72,0,61,29,6,96,174,0,174,270
09/15/2015,GGG,TX,ASW,CE,Combined TRACON& Tower with Radar,0,12,38,0,50,0,20,13,0,33,0,32,51,0,83,78,0,78,161
09/16/2015,GGG,TX,ASW,CE,Combined TRACON& Tower with Radar,0,10,30,13,53,0,28,11,3,42,0,38,41,16,95,58,4,62,157
09/17/2015,GGG,TX,ASW,CE,Combined TRACON& Tower with Radar,0,10,38,16,64,0,52,26,0,78,0,62,64,16,142,216,20,236,378
09/18/2015,GGG,TX,ASW,CE,Combined TRACON& Tower with Radar,0,10,33,14,57,0,37,48,0,85,0,47,81,14,142,166,6,172,314
09/19/2015,GGG,TX,ASW,CE,Combined TRACON& Tower with Radar,0,8,16,0,24,0,24,16,2,42,0,32,32,2,66,100,0,100,166
09/20/2015,GGG,TX,ASW,CE,Combined TRACON& Tower with Radar,0,6,26,1,33,0,5,11,2,18,0,11,37,3,51,18,8,26,77
09/21/2015,GGG,TX,ASW,CE,Combined TRACON& Tower with Radar,0,10,31,27,68,0,35,32,2,69,0,45,63,29,137,164,34,198,335
09/22/2015,GGG,TX,ASW,CE,Combined TRACON& Tower with Radar,0,6,30,14,50,0,33,30,2,65,0,39,60,16,115,166,14,180,295
09/23/2015,GGG,TX,ASW,CE,Combined TRACON& Tower with Radar,0,11,31,18,60,0,42,22,0,64,0,53,53,18,124,262,48,310,434
09/24/2015,GGG,TX,ASW,CE,Combined TRACON& Tower with Radar,0,10,16,23,49,0,42,13,1,56,0,52,29,24,105,210,58,268,373
09/25/2015,GGG,TX,ASW,CE,Combined TRACON& Tower with Radar,0,6,26,11,43,0,31,32,3,66,0,37,58,14,109,146,2,148,257
09/26/2015,GGG,TX,ASW,CE,Combined TRACON& Tower with Radar,0,2,8,0,10,0,14,19,1,34,0,16,27,1,44,18,0,18,62
09/27/2015,GGG,TX,ASW,CE,Combined TRACON& Tower with Radar,0,5,33,2,40,0,6,11,1,18,0,11,44,3,58,10,0,10,68
09/28/2015,GGG,TX,ASW,CE,Combined TRACON& Tower with Radar,0,4,23,0,27,0,16,14,0,30,0,20,37,0,57,154,0,154,211
09/29/2015,GGG,TX,ASW,CE,Combined TRACON& Tower with Radar,0,8,26,0,34,0,30,12,0,42,0,38,38,0,76,312,0,312,388
09/30/2015,GGG,TX,ASW,CE,Combined TRACON& Tower with Radar,0,9,25,2,36,0,47,10,0,57,0,56,35,2,93,138,8,146,239
10/01/2015,GGG,TX,ASW,CE,Combined TRACON& Tower with Radar,0,10,44,4,58,0,33,11,0,44,0,43,55,4,102,142,10,152,254
10/02/2015,GGG,TX,ASW,CE,Combined TRACON& Tower with Radar,0,5,25,3,33,0,31,36,3,70,0,36,61,6,103,170,8,178,281
10/03/2015,GGG,TX,ASW,CE,Combined TRACON& Tower with Radar,0,2,18,10,30,0,30,16,2,48,0,32,34,12,78,28,0,28,106
10/04/2015,GGG,TX,ASW,CE,Combined TRACON& Tower with Radar,0,9,23,0,32,0,2,34,4,40,0,11,57,4,72,4,0,4,76
10/05/2015,GGG,TX,ASW,CE,Combined TRACON& Tower with Radar,0,15,43,0,58,0,24,34,5,63,0,39,77,5,121,192,0,192,313
10/06/2015,GGG,TX,ASW,CE,Combined TRACON& Tower with Radar,0,6,25,2,33,0,42,22,2,66,0,48,47,4,99,180,0,180,279
10/07/2015,GGG,TX,ASW,CE,Combined TRACON& Tower with Radar,0,7,43,12,62,0,36,22,6,64,0,43,65,18,126,250,10,260,386
10/08/2015,GGG,TX,ASW,CE,Combined TRACON& Tower with Radar,0,7,30,9,46,0,36,31,1,68,0,43,61,10,114,177,26,203,317
10/09/2015,GGG,TX,ASW,CE,Combined TRACON& Tower with Radar,0,11,22,0,33,0,26,27,3,56,0,37,49,3,89,142,0,142,231
10/10/2015,GGG,TX,ASW,CE,Combined TRACON& Tower with Radar,0,7,15,1,23,0,10,16,0,26,0,17,31,1,49,32,0,32,81
10/11/2015,GGG,TX,ASW,CE,Combined TRACON& Tower with Radar,0,6,24,0,30,0,12,35,0,47,0,18,59,0,77,28,0,28,105
10/12/2015,GGG,TX,ASW,CE,Combined TRACON& Tower with Radar,0,17,13,13,43,0,17,30,0,47,0,34,43,13,90,78,8,86,176
10/13/2015,GGG,TX,ASW,CE,Combined TRACON& Tower with Radar,0,11,20,0,31,0,42,22,2,66,0,53,42,2,97,163,0,163,260
10/14/2015,GGG,TX,ASW,CE,Combined TRACON& Tower with Radar,0,14,31,6,51,0,36,29,2,67,0,50,60,8,118,110,10,120,238
10/15/2015,GGG,TX,ASW,CE,Combined TRACON& Tower with Radar,0,6,34,3,43,0,26,32,1,59,0,32,66,4,102,16,4,20,122
10/16/2015,GGG,TX,ASW,CE,Combined TRACON& Tower with Radar,0,12,25,0,37,0,25,37,2,64,0,37,62,2,101,76,0,76,177
10/17/2015,GGG,TX,ASW,CE,Combined TRACON& Tower with Radar,0,8,23,6,37,0,6,24,4,34,0,14,47,10,71,36,22,58,129
10/18/2015,GGG,TX,ASW,CE,Combined TRACON& Tower with Radar,0,6,37,19,62,0,7,18,1,26,0,13,55,20,88,2,12,14,102
10/19/2015,GGG,TX,ASW,CE,Combined TRACON& Tower with Radar,0,4,29,0,33,0,24,28,0,52,0,28,57,0,85,126,0,126,211
10/20/2015,GGG,TX,ASW,CE,Combined TRACON& Tower with Radar,0,4,25,3,32,0,10,25,1,36,0,14,50,4,68,76,8,84,152
10/21/2015,GGG,TX,ASW,CE,Combined TRACON& Tower with Radar,0,4,26,10,40,0,36,23,0,59,0,40,49,10,99,160,8,168,267
10/22/2015,GGG,TX,ASW,CE,Combined TRACON& Tower with Radar,2,13,40,30,85,0,24,18,0,42,2,37,58,30,127,50,22,72,199
10/23/2015,GGG,TX,ASW,CE,Combined TRACON& Tower with Radar,3,2,17,0,22,0,0,0,0,0,3,2,17,0,22,0,0,0,22
10/24/2015,GGG,TX,ASW,CE,Combined TRACON& Tower with Radar,0,7,8,0,15,0,0,0,0,0,0,7,8,0,15,0,0,0,15
10/25/2015,GGG,TX,ASW,CE,Combined TRACON& Tower with Radar,0,8,20,0,28,0,0,0,0,0,0,8,20,0,28,0,0,0,28
10/26/2015,GGG,TX,ASW,CE,Combined TRACON& Tower with Radar,0,6,29,2,37,0,2,1,0,3,0,8,30,2,40,8,0,8,48
10/27/2015,GGG,TX,ASW,CE,Combined TRACON& Tower with Radar,0,13,34,4,51,0,3,11,0,14,0,16,45,4,65,42,10,52,117
10/28/2015,GGG,TX,ASW,CE,Combined TRACON& Tower with Radar,0,16,45,7,68,0,43,32,3,78,0,59,77,10,146,142,34,176,322
10/29/2015,GGG,TX,ASW,CE,Combined TRACON& Tower with Radar,1,10,23,27,61,0,47,33,3,83,1,57,56,30,144,98,26,124,268
10/30/2015,GGG,TX,ASW,CE,Combined TRACON& Tower with Radar,0,6,28,1,35,0,25,5,1,31,0,31,33,2,66,78,0,78,144
10/31/2015,GGG,TX,ASW,CE,Combined TRACON& Tower with Radar,0,3,17,0,20,0,1,0,0,1,0,4,17,0,21,0,0,0,21
11/01/2015,GGG,TX,ASW,CE,Combined TRACON& Tower with Radar,0,6,14,0,20,0,0,0,0,0,0,6,14,0,20,0,0,0,20
11/02/2015,GGG,TX,ASW,CE,Combined TRACON& Tower with Radar,2,20,39,12,73,0,6,12,0,18,2,26,51,12,91,22,14,36,127
11/03/2015,GGG,TX,ASW,CE,Combined TRACON& Tower with Radar,0,25,24,36,85,0,2,0,0,2,0,27,24,36,87,0,12,12,99
11/04/2015,GGG,TX,ASW,CE,Combined TRACON& Tower with Radar,0,9,44,8,61,0,24,11,0,35,0,33,55,8,96,84,0,84,180
11/05/2015,GGG,TX,ASW,CE,Combined TRACON& Tower with Radar,0,6,36,2,44,0,7,2,0,9,0,13,38,2,53,44,0,44,97
11/06/2015,GGG,TX,ASW,CE,Combined TRACON& Tower with Radar,0,9,38,1,48,0,25,9,0,34,0,34,47,1,82,86,0,86,168
11/07/2015,GGG,TX,ASW,CE,Combined TRACON& Tower with Radar,0,3,21,0,24,0,4,1,0,5,0,7,22,0,29,6,0,6,35
11/08/2015,GGG,TX,ASW,CE,Combined TRACON& Tower with Radar,0,7,28,0,35,0,11,25,0,36,0,18,53,0,71,28,0,28,99
11/09/2015,GGG,TX,ASW,CE,Combined TRACON& Tower with Radar,0,10,34,34,78,0,45,18,1,64,0,55,52,35,142,100,24,124,266
11/10/2015,GGG,TX,ASW,CE,Combined TRACON& Tower with Radar,2,13,26,30,71,0,45,21,2,68,2,58,47,32,139,202,0,202,341
11/11/2015,GGG,TX,ASW,CE,Combined TRACON& Tower with Radar,0,6,42,0,48,0,2,2,0,4,0,8,44,0,52,24,0,24,76
11/12/2015,GGG,TX,ASW,CE,Combined TRACON& Tower with Radar,0,9,36,20,65,0,37,42,3,82,0,46,78,23,147,128,36,164,311
11/13/2015,GGG,TX,ASW,CE,Combined TRACON& Tower with Radar,2,13,35,0,50,0,51,64,0,115,2,64,99,0,165,68,0,68,233
11/14/2015,GGG,TX,ASW,CE,Combined TRACON& Tower with Radar,0,6,31,0,37,0,15,10,0,25,0,21,41,0,62,118,0,118,180
11/15/2015,GGG,TX,ASW,CE,Combined TRACON& Tower with Radar,0,6,29,0,35,0,2,9,0,11,0,8,38,0,46,2,0,2,48
11/16/2015,GGG,TX,ASW,CE,Combined TRACON& Tower with Radar,0,8,20,0,28,0,0,0,0,0,0,8,20,0,28,4,0,4,32
11/17/2015,GGG,TX,ASW,CE,Combined TRACON& Tower with Radar,0,4,21,4,29,0,4,0,0,4,0,8,21,4,33,54,0,54,87
11/18/2015,GGG,TX,ASW,CE,Combined TRACON& Tower with Radar,0,11,38,3,52,0,33,39,1,73,0,44,77,4,125,140,0,140,265
11/19/2015,GGG,TX,ASW,CE,Combined TRACON& Tower with Radar,0,9,48,7,64,0,50,48,3,101,0,59,96,10,165,104,12,116,281
11/20/2015,GGG,TX,ASW,CE,Combined TRACON& Tower with Radar,0,16,37,12,65,0,44,37,0,81,0,60,74,12,146,176,16,192,338
11/21/2015,GGG,TX,ASW,CE,Combined TRACON& Tower with Radar,0,4,25,9,38,0,3,4,1,8,0,7,29,10,46,0,6,6,52
11/22/2015,GGG,TX,ASW,CE,Combined TRACON& Tower with Radar,0,8,19,0,27,0,7,30,0,37,0,15,49,0,64,14,0,14,78
11/23/2015,GGG,TX,ASW,CE,Combined TRACON& Tower with Radar,1,13,28,0,42,0,32,31,2,65,1,45,59,2,107,68,0,68,175
11/24/2015,GGG,TX,ASW,CE,Combined TRACON& Tower with Radar,3,10,33,42,88,0,33,26,0,59,3,43,59,42,147,138,6,144,291
11/25/2015,GGG,TX,ASW,CE,Combined TRACON& Tower with Radar,0,10,47,0,57,0,16,20,0,36,0,26,67,0,93,108,0,108,201
11/26/2015,GGG,TX,ASW,CE,Combined TRACON& Tower with Radar,0,3,7,0,10,0,5,0,0,5,0,8,7,0,15,0,0,0,15
11/27/2015,GGG,TX,ASW,CE,Combined TRACON& Tower with Radar,0,3,16,0,19,0,0,0,0,0,0,3,16,0,19,22,0,22,41
11/28/2015,GGG,TX,ASW,CE,Combined TRACON& Tower with Radar,3,4,5,0,12,0,0,0,0,0,3,4,5,0,12,0,0,0,12
11/29/2015,GGG,TX,ASW,CE,Combined TRACON& Tower with Radar,0,4,23,0,27,0,0,0,0,0,0,4,23,0,27,0,0,0,27
11/30/2015,GGG,TX,ASW,CE,Combined TRACON& Tower with Radar,1,6,32,0,39,0,0,0,0,0,1,6,32,0,39,0,0,0,39
12/01/2015,GGG,TX,ASW,CE,Combined TRACON& Tower with Radar,0,15,36,0,51,0,16,20,0,36,0,31,56,0,87,98,0,98,185
12/02/2015,GGG,TX,ASW,CE,Combined TRACON& Tower with Radar,0,16,27,2,45,0,37,22,2,61,0,53,49,4,106,92,0,92,198
12/03/2015,GGG,TX,ASW,CE,Combined TRACON& Tower with Radar,0,10,35,21,66,0,38,18,1,57,0,48,53,22,123,100,6,106,229
12/04/2015,GGG,TX,ASW,CE,Combined TRACON& Tower with Radar,0,12,30,3,45,0,40,31,5,76,0,52,61,8,121,56,12,68,189
12/05/2015,GGG,TX,ASW,CE,Combined TRACON& Tower with Radar,0,6,15,0,21,0,34,34,0,68,0,40,49,0,89,76,0,76,165
12/06/2015,GGG,TX,ASW,CE,Combined TRACON& Tower with Radar,0,4,24,8,36,0,6,24,0,30,0,10,48,8,66,12,4,16,82
12/07/2015,GGG,TX,ASW,CE,Combined TRACON& Tower with Radar,0,11,32,15,58,0,30,19,0,49,0,41,51,15,107,128,14,142,249
12/08/2015,GGG,TX,ASW,CE,Combined TRACON& Tower with Radar,0,14,28,10,52,0,24,30,0,54,0,38,58,10,106,76,0,76,182
12/09/2015,GGG,TX,ASW,CE,Combined TRACON& Tower with Radar,0,13,44,6,63,0,31,28,1,60,0,44,72,7,123,70,10,80,203
12/10/2015,GGG,TX,ASW,CE,Combined TRACON& Tower with Radar,0,9,40,0,49,0,16,12,2,30,0,25,52,2,79,46,0,46,125
12/11/2015,GGG,TX,ASW,CE,Combined TRACON& Tower with Radar,0,19,41,6,66,0,16,24,0,40,0,35,65,6,106,96,0,96,202
12/12/2015,GGG,TX,ASW,CE,Combined TRACON& Tower with Radar,0,3,33,0,36,0,2,3,0,5,0,5,36,0,41,32,0,32,73
12/13/2015,GGG,TX,ASW,CE,Combined TRACON& Tower with Radar,0,9,13,0,22,0,1,1,0,2,0,10,14,0,24,0,0,0,24
12/14/2015,GGG,TX,ASW,CE,Combined TRACON& Tower with Radar,0,12,45,18,75,0,41,29,0,70,0,53,74,18,145,92,4,96,241
12/15/2015,GGG,TX,ASW,CE,Combined TRACON& Tower with Radar,0,18,25,37,80,0,22,22,1,45,0,40,47,38,125,90,14,104,229
12/16/2015,GGG,TX,ASW,CE,Combined TRACON& Tower with Radar,0,14,18,7,39,0,20,21,1,42,0,34,39,8,81,15,0,15,96
12/17/2015,GGG,TX,ASW,CE,Combined TRACON& Tower with Radar,0,9,46,22,77,0,14,20,0,34,0,23,66,22,111,16,0,16,127
12/18/2015,GGG,TX,ASW,CE,Combined TRACON& Tower with Radar,0,6,38,17,61,0,17,44,4,65,0,23,82,21,126,22,24,46,172
12/19/2015,GGG,TX,ASW,CE,Combined TRACON& Tower with Radar,2,6,16,4,28,0,1,14,0,15,2,7,30,4,43,46,0,46,89
12/20/2015,GGG,TX,ASW,CE,Combined TRACON& Tower with Radar,0,10,10,0,20,0,1,13,0,14,0,11,23,0,34,0,0,0,34
12/21/2015,GGG,TX,ASW,CE,Combined TRACON& Tower with Radar,0,6,37,6,49,0,3,6,0,9,0,9,43,6,58,22,0,22,80
12/22/2015,GGG,TX,ASW,CE,Combined TRACON& Tower with Radar,0,10,20,0,30,0,2,23,0,25,0,12,43,0,55,0,0,0,55
12/23/2015,GGG,TX,ASW,CE,Combined TRACON& Tower with Radar,0,6,14,0,20,0,1,18,0,19,0,7,32,0,39,0,0,0,39
12/24/2015,GGG,TX,ASW,CE,Combined TRACON& Tower with Radar,0,4,6,0,10,0,2,5,0,7,0,6,11,0,17,0,0,0,17
12/25/2015,GGG,TX,ASW,CE,Combined TRACON& Tower with Radar,0,4,4,0,8,0,0,0,0,0,0,4,4,0,8,0,0,0,8
12/26/2015,GGG,TX,ASW,CE,Combined TRACON& Tower with Radar,0,7,27,0,34,0,1,0,0,1,0,8,27,0,35,0,0,0,35
12/27/2015,GGG,TX,ASW,CE,Combined TRACON& Tower with Radar,0,5,7,0,12,0,0,0,0,0,0,5,7,0,12,0,0,0,12
12/28/2015,GGG,TX,ASW,CE,Combined TRACON& Tower with Radar,0,6,15,0,21,0,3,1,0,4,0,9,16,0,25,0,0,0,25
12/29/2015,GGG,TX,ASW,CE,Combined TRACON& Tower with Radar,0,4,33,6,43,0,2,14,0,16,0,6,47,6,59,4,0,4,63
12/30/2015,GGG,TX,ASW,CE,Combined TRACON& Tower with Radar,0,5,21,14,40,0,0,16,2,18,0,5,37,16,58,19,24,43,101
12/31/2015,GGG,TX,ASW,CE,Combined TRACON& Tower with Radar,0,4,3,0,7,0,3,20,1,24,0,7,23,1,31,62,0,62,93
01/01/2016,GGG,TX,ASW,CE,Combined TRACON& Tower with Radar,0,8,19,0,27,0,0,9,0,9,0,8,28,0,36,0,0,0,36
01/02/2016,GGG,TX,ASW,CE,Combined TRACON& Tower with Radar,0,4,22,0,26,0,2,23,0,25,0,6,45,0,51,32,0,32,83
01/03/2016,GGG,TX,ASW,CE,Combined TRACON& Tower with Radar,0,4,32,0,36,0,0,23,0,23,0,4,55,0,59,0,0,0,59
01/04/2016,GGG,TX,ASW,CE,Combined TRACON& Tower with Radar,0,5,22,40,67,0,5,18,0,23,0,10,40,40,90,10,12,22,112
01/05/2016,GGG,TX,ASW,CE,Combined TRACON& Tower with Radar,0,6,13,19,38,0,7,26,2,35,0,13,39,21,73,12,12,24,97
01/06/2016,GGG,TX,ASW,CE,Combined TRACON& Tower with Radar,0,9,21,12,42,0,16,10,0,26,0,25,31,12,68,54,12,66,134
01/07/2016,GGG,TX,ASW,CE,Combined TRACON& Tower with Radar,0,6,26,0,32,0,2,1,0,3,0,8,27,0,35,16,0,16,51
01/08/2016,GGG,TX,ASW,CE,Combined TRACON& Tower with Radar,0,18,38,8,64,0,4,4,0,8,0,22,42,8,72,56,0,56,128
01/09/2016,GGG,TX,ASW,CE,Combined TRACON& Tower with Radar,0,2,10,0,12,0,0,6,0,6,0,2,16,0,18,0,0,0,18
01/10/2016,GGG,TX,ASW,CE,Combined TRACON& Tower with Radar,0,6,14,0,20,0,10,18,0,28,0,16,32,0,48,14,0,14,62
01/11/2016,GGG,TX,ASW,CE,Combined TRACON& Tower with Radar,0,10,23,12,45,2,15,19,1,37,2,25,42,13,82,52,24,76,158
01/12/2016,GGG,TX,ASW,CE,Combined TRACON& Tower with Radar,0,8,38,14,60,0,18,30,0,48,0,26,68,14,108,62,10,72,180
01/13/2016,GGG,TX,ASW,CE,Combined TRACON& Tower with Radar,0,6,34,4,44,0,12,27,0,39,0,18,61,4,83,40,0,40,123
01/14/2016,GGG,TX,ASW,CE,Combined TRACON& Tower with Radar,0,7,34,8,49,0,17,19,0,36,0,24,53,8,85,44,0,44,129
01/15/2016,GGG,TX,ASW,CE,Combined TRACON& Tower with Radar,0,12,35,4,51,0,32,32,0,64,0,44,67,4,115,122,10,132,247
01/16/2016,GGG,TX,ASW,CE,Combined TRACON& Tower with Radar,0,7,9,2,18,0,4,7,0,11,0,11,16,2,29,12,0,12,41
01/17/2016,GGG,TX,ASW,CE,Combined TRACON& Tower with Radar,0,5,5,0,10,0,6,28,0,34,0,11,33,0,44,12,0,12,56
01/18/2016,GGG,TX,ASW,CE,Combined TRACON& Tower with Radar,0,12,28,1,41,0,15,26,1,42,0,27,54,2,83,58,0,58,141
01/19/2016,GGG,TX,ASW,CE,Combined TRACON& Tower with Radar,0,5,33,21,59,0,20,18,3,41,0,25,51,24,100,40,8,48,148
01/20/2016,GGG,TX,ASW,CE,Combined TRACON& Tower with Radar,0,15,33,14,62,0,11,17,2,30,0,26,50,16,92,72,42,114,206
01/21/2016,GGG,TX,ASW,CE,Combined TRACON& Tower with Radar,0,4,27,0,31,0,0,0,0,0,0,4,27,0,31,0,0,0,31
01/22/2016,GGG,TX,ASW,CE,Combined TRACON& Tower with Radar,0,8,25,0,33,0,18,25,0,43,0,26,50,0,76,34,0,34,110
01/23/2016,GGG,TX,ASW,CE,Combined TRACON& Tower with Radar,0,12,16,8,36,0,26,17,0,43,0,38,33,8,79,66,0,66,145
01/24/2016,GGG,TX,ASW,CE,Combined TRACON& Tower with Radar,0,4,16,0,20,0,4,27,0,31,0,8,43,0,51,46,0,46,97
01/25/2016,GGG,TX,ASW,CE,Combined TRACON& Tower with Radar,0,10,23,4,37,0,8,11,0,19,0,18,34,4,56,18,2,20,76
01/26/2016,GGG,TX,ASW,CE,Combined TRACON& Tower with Radar,0,10,13,0,23,0,42,26,0,68,0,52,39,0,91,154,0,154,245
01/27/2016,GGG,TX,ASW,CE,Combined TRACON& Tower with Radar,0,9,28,11,48,0,42,26,1,69,0,51,54,12,117,106,32,138,255
01/28/2016,GGG,TX,ASW,CE,Combined TRACON& Tower with Radar,0,5,19,13,37,0,41,35,1,77,0,46,54,14,114,120,4,124,238
01/29/2016,GGG,TX,ASW,CE,Combined TRACON& Tower with Radar,0,11,34,8,53,0,40,31,0,71,0,51,65,8,124,40,6,46,170
01/30/2016,GGG,TX,ASW,CE,Combined TRACON& Tower with Radar,0,2,10,4,16,0,9,29,2,40,0,11,39,6,56,0,4,4,60
01/31/2016,GGG,TX,ASW,CE,Combined TRACON& Tower with Radar,0,8,14,2,24,0,5,27,2,34,0,13,41,4,58,6,4,10,68
02/01/2016,GGG,TX,ASW,CE,Combined TRACON& Tower with Radar,0,19,21,14,54,0,19,14,0,33,0,38,35,14,87,32,12,44,131
02/02/2016,GGG,TX,ASW,CE,Combined TRACON& Tower with Radar,0,7,12,14,33,0,29,19,1,49,0,36,31,15,82,68,28,96,178
02/03/2016,GGG,TX,ASW,CE,Combined TRACON& Tower with Radar,0,11,14,12,37,0,30,26,0,56,0,41,40,12,93,86,36,122,215
02/04/2016,GGG,TX,ASW,CE,Combined TRACON& Tower with Radar,0,10,62,6,78,0,49,36,1,86,0,59,98,7,164,96,0,96,260
02/05/2016,GGG,TX,ASW,CE,Combined TRACON& Tower with Radar,0,9,35,5,49,0,38,27,2,67,0,47,62,7,116,70,0,70,186
02/06/2016,GGG,TX,ASW,CE,Combined TRACON& Tower with Radar,0,2,15,0,17,0,0,6,0,6,0,2,21,0,23,4,0,4,27
02/07/2016,GGG,TX,ASW,CE,Combined TRACON& Tower with Radar,0,4,11,0,15,0,4,17,0,21,0,8,28,0,36,22,0,22,58
02/08/2016,GGG,TX,ASW,CE,Combined TRACON& Tower with Radar,0,9,19,0,28,0,2,16,0,18,0,11,35,0,46,14,0,14,60
02/09/2016,GGG,TX,ASW,CE,Combined TRACON& Tower with Radar,0,6,27,10,43,0,24,35,6,65,0,30,62,16,108,60,8,68,176
02/10/2016,GGG,TX,ASW,CE,Combined TRACON& Tower with Radar,0,12,36,1,49,0,34,42,0,76,0,46,78,1,125,95,0,95,220
02/11/2016,GGG,TX,ASW,CE,Combined TRACON& Tower with Radar,2,8,31,4,45,0,44,36,0,80,2,52,67,4,125,70,4,74,199
02/12/2016,GGG,TX,ASW,CE,Combined TRACON& Tower with Radar,0,14,34,2,50,0,46,38,0,84,0,60,72,2,134,146,0,146,280
02/13/2016,GGG,TX,ASW,CE,Combined TRACON& Tower with Radar,0,9,15,0,24,0,19,42,0,61,0,28,57,0,85,10,0,10,95
02/14/2016,GGG,TX,ASW,CE,Combined TRACON& Tower with Radar,0,4,22,0,26,0,1,9,0,10,0,5,31,0,36,6,0,6,42
02/15/2016,GGG,TX,ASW,CE,Combined TRACON& Tower with Radar,2,8,20,0,30,0,18,20,0,38,2,26,40,0,68,94,0,94,162
02/16/2016,GGG,TX,ASW,CE,Combined TRACON& Tower with Radar,0,8,47,11,66,0,20,15,0,35,0,28,62,11,101,80,32,112,213
02/17/2016,GGG,TX,ASW,CE,Combined TRACON& Tower with Radar,0,6,20,19,45,0,31,22,1,54,0,37,42,20,99,166,4,170,269
02/18/2016,GGG,TX,ASW,CE,Combined TRACON& Tower with Radar,0,7,36,13,56,0,41,32,1,74,0,48,68,14,130,58,2,60,190
02/19/2016,GGG,TX,ASW,CE,Combined TRACON& Tower with Radar,0,44,36,18,98,0,32,24,0,56,0,76,60,18,154,92,16,108,262
02/20/2016,GGG,TX,ASW,CE,Combined TRACON& Tower with Radar,0,9,23,0,32,0,2,3,0,5,0,11,26,0,37,82,0,82,119
02/21/2016,GGG,TX,ASW,CE,Combined TRACON& Tower with Radar,0,6,23,0,29,0,3,5,0,8,0,9,28,0,37,28,0,28,65
02/22/2016,GGG,TX,ASW,CE,Combined TRACON& Tower with Radar,0,26,20,0,46,0,0,2,0,2,0,26,22,0,48,0,0,0,48
02/23/2016,GGG,TX,ASW,CE,Combined TRACON& Tower with Radar,0,6,3,0,9,0,1,0,0,1,0,7,3,0,10,0,0,0,10
02/24/2016,GGG,TX,ASW,CE,Combined TRACON& Tower with Radar,0,9,26,27,62,0,27,16,1,44,0,36,42,28,106,88,0,88,194
02/25/2016,GGG,TX,ASW,CE,Combined TRACON& Tower with Radar,0,18,40,10,68,0,38,47,0,85,0,56,87,10,153,76,0,76,229
02/26/2016,GGG,TX,ASW,CE,Combined TRACON& Tower with Radar,0,17,41,10,68,0,44,21,0,65,0,61,62,10,133,168,0,168,301
02/27/2016,GGG,TX,ASW,CE,Combined TRACON& Tower with Radar,0,8,25,0,33,0,29,33,0,62,0,37,58,0,95,96,0,96,191
02/28/2016,GGG,TX,ASW,CE,Combined TRACON& Tower with Radar,0,4,23,0,27,0,4,10,0,14,0,8,33,0,41,0,0,0,41
02/29/2016,GGG,TX,ASW,CE,Combined TRACON& Tower with Radar,0,20,41,34,95,0,6,7,0,13,0,26,48,34,108,40,16,56,164
03/01/2016,GGG,TX,ASW,CE,Combined TRACON& Tower with Radar,0,11,11,0,22,0,9,8,0,17,0,20,19,0,39,58,0,58,97
03/02/2016,GGG,TX,ASW,CE,Combined TRACON& Tower with Radar,0,10,28,4,42,0,32,26,0,58,0,42,54,4,100,189,18,207,307
03/03/2016,GGG,TX,ASW,CE,Combined TRACON& Tower with Radar,0,16,38,17,71,0,20,15,1,36,0,36,53,18,107,58,4,62,169
03/04/2016,GGG,TX,ASW,CE,Combined TRACON& Tower with Radar,0,13,37,39,89,0,48,36,8,92,0,61,73,47,181,184,6,190,371
03/05/2016,GGG,TX,ASW,CE,Combined TRACON& Tower with Radar,0,7,21,8,36,0,14,36,1,51,0,21,57,9,87,46,0,46,133
03/06/2016,GGG,TX,ASW,CE,Combined TRACON& Tower with Radar,0,11,22,0,33,0,4,10,0,14,0,15,32,0,47,8,0,8,55
03/07/2016,GGG,TX,ASW,CE,Combined TRACON& Tower with Radar,0,4,25,4,33,0,8,2,0,10,0,12,27,4,43,8,0,8,51
03/08/2016,GGG,TX,ASW,CE,Combined TRACON& Tower with Radar,2,6,16,0,24,0,0,0,0,0,2,6,16,0,24,0,0,0,24
03/09/2016,GGG,TX,ASW,CE,Combined TRACON& Tower with Radar,0,4,15,0,19,0,0,1,0,1,0,4,16,0,20,0,0,0,20
03/10/2016,GGG,TX,ASW,CE,Combined TRACON& Tower with Radar,0,10,21,0,31,0,2,0,0,2,0,12,21,0,33,20,0,20,53
03/11/2016,GGG,TX,ASW,CE,Combined TRACON& Tower with Radar,0,5,19,0,24,0,2,0,0,2,0,7,19,0,26,10,0,10,36
03/12/2016,GGG,TX,ASW,CE,Combined TRACON& Tower with Radar,0,4,17,6,27,0,4,2,0,6,0,8,19,6,33,0,0,0,33
03/13/2016,GGG,TX,ASW,CE,Combined TRACON& Tower with Radar,0,7,24,0,31,0,4,4,0,8,0,11,28,0,39,0,0,0,39
03/14/2016,GGG,TX,ASW,CE,Combined TRACON& Tower with Radar,0,12,18,0,30,0,30,17,0,47,0,42,35,0,77,74,0,74,151
03/15/2016,GGG,TX,ASW,CE,Combined TRACON& Tower with Radar,0,19,16,6,41,0,30,17,0,47,0,49,33,6,88,36,0,36,124
03/16/2016,GGG,TX,ASW,CE,Combined TRACON& Tower with Radar,0,15,14,0,29,0,45,27,0,72,0,60,41,0,101,122,0,122,223
03/17/2016,GGG,TX,ASW,CE,Combined TRACON& Tower with Radar,2,7,19,0,28,0,14,12,0,26,2,21,31,0,54,146,0,146,200
03/18/2016,GGG,TX,ASW,CE,Combined TRACON& Tower with Radar,0,15,25,6,46,0,2,0,0,2,0,17,25,6,48,0,0,0,48
03/19/2016,GGG,TX,ASW,CE,Combined TRACON& Tower with Radar,0,15,20,2,37,0,9,18,1,28,0,24,38,3,65,34,0,34,99
03/20/2016,GGG,TX,ASW,CE,Combined TRACON& Tower with Radar,2,8,18,0,28,0,8,15,0,23,2,16,33,0,51,0,0,0,51
03/21/2016,GGG,TX,ASW,CE,Combined TRACON& Tower with Radar,0,18,12,2,32,0,36,38,0,74,0,54,50,2,106,90,0,90,196
03/22/2016,GGG,TX,ASW,CE,Combined TRACON& Tower with Radar,0,10,26,10,46,0,34,18,2,54,0,44,44,12,100,130,10,140,240
03/23/2016,GGG,TX,ASW,CE,Combined TRACON& Tower with Radar,0,8,28,6,42,0,8,10,6,24,0,16,38,12,66,110,10,120,186
03/24/2016,GGG,TX,ASW,CE,Combined TRACON& Tower with Radar,0,13,17,19,49,0,33,15,0,48,0,46,32,19,97,124,36,160,257
03/25/2016,GGG,TX,ASW,CE,Combined TRACON& Tower with Radar,0,4,29,21,54,0,0,40,1,41,0,4,69,22,95,0,28,28,123
03/26/2016,GGG,TX,ASW,CE,Combined TRACON& Tower with Radar,0,9,9,0,18,0,34,31,0,65,0,43,40,0,83,240,0,240,323
03/27/2016,GGG,TX,ASW,CE,Combined TRACON& Tower with Radar,0,4,14,0,18,0,3,10,3,16,0,7,24,3,34,0,0,0,34
03/28/2016,GGG,TX,ASW,CE,Combined TRACON& Tower with Radar,0,15,19,4,38,0,47,24,0,71,0,62,43,4,109,146,0,146,255
03/29/2016,GGG,TX,ASW,CE,Combined TRACON& Tower with Radar,0,10,17,28,55,0,10,27,9,46,0,20,44,37,101,197,32,229,330
03/30/2016,GGG,TX,ASW,CE,Combined TRACON& Tower with Radar,0,2,12,0,14,0,0,1,0,1,0,2,13,0,15,0,0,0,15
03/31/2016,GGG,TX,ASW,CE,Combined TRACON& Tower with Radar,0,10,37,1,48,0,7,34,0,41,0,17,71,1,89,134,14,148,237
04/01/2016,GGG,TX,ASW,CE,Combined TRACON& Tower with Radar,0,8,19,4,31,0,35,15,0,50,0,43,34,4,81,148,18,166,247
04/02/2016,GGG,TX,ASW,CE,Combined TRACON& Tower with Radar,0,9,20,9,38,0,30,31,17,78,0,39,51,26,116,98,10,108,224
04/03/2016,GGG,TX,ASW,CE,Combined TRACON& Tower with Radar,0,4,16,12,32,0,8,19,0,27,0,12,35,12,59,16,0,16,75
04/04/2016,GGG,TX,ASW,CE,Combined TRACON& Tower with Radar,0,14,20,18,52,0,17,28,2,47,0,31,48,20,99,182,8,190,289
04/05/2016,GGG,TX,ASW,CE,Combined TRACON& Tower with Radar,0,14,22,9,45,0,36,30,1,67,0,50,52,10,112,126,2,128,240
04/06/2016,GGG,TX,ASW,CE,Combined TRACON& Tower with Radar,0,14,19,2,35,0,9,25,0,34,0,23,44,2,69,126,0,126,195
04/07/2016,GGG,TX,ASW,CE,Combined TRACON& Tower with Radar,0,14,18,13,45,0,24,23,7,54,0,38,41,20,99,164,8,172,271
04/08/2016,GGG,TX,ASW,CE,Combined TRACON& Tower with Radar,0,15,26,10,51,2,34,36,3,75,2,49,62,13,126,132,22,154,280
04/09/2016,GGG,TX,ASW,CE,Combined TRACON& Tower with Radar,0,12,15,0,27,0,18,11,1,30,0,30,26,1,57,40,0,40,97
04/10/2016,GGG,TX,ASW,CE,Combined TRACON& Tower with Radar,0,4,24,33,61,0,3,1,0,4,0,7,25,33,65,16,14,30,95
04/11/2016,GGG,TX,ASW,CE,Combined TRACON& Tower with Radar,0,7,17,0,24,0,0,0,0,0,0,7,17,0,24,0,0,0,24
04/12/2016,GGG,TX,ASW,CE,Combined TRACON& Tower with Radar,0,14,26,2,42,0,15,8,2,25,0,29,34,4,67,94,0,94,161
04/13/2016,GGG,TX,ASW,CE,Combined TRACON& Tower with Radar,0,25,31,13,69,0,11,6,1,18,0,36,37,14,87,130,0,130,217
04/14/2016,GGG,TX,ASW,CE,Combined TRACON& Tower with Radar,0,17,30,8,55,0,0,3,0,3,0,17,33,8,58,14,0,14,72
04/15/2016,GGG,TX,ASW,CE,Combined TRACON& Tower with Radar,0,17,33,9,59,0,15,16,0,31,0,32,49,9,90,120,8,128,218
04/16/2016,GGG,TX,ASW,CE,Combined TRACON& Tower with Radar,0,6,16,10,32,0,8,7,0,15,0,14,23,10,47,40,12,52,99
04/17/2016,GGG,TX,ASW,CE,Combined TRACON& Tower with Radar,0,3,16,0,19,0,4,0,0,4,0,7,16,0,23,0,0,0,23
04/18/2016,GGG,TX,ASW,CE,Combined TRACON& Tower with Radar,0,10,24,0,34,0,0,0,0,0,0,10,24,0,34,0,0,0,34
04/19/2016,GGG,TX,ASW,CE,Combined TRACON& Tower with Radar,0,9,30,0,39,0,15,3,0,18,0,24,33,0,57,118,0,118,175
04/20/2016,GGG,TX,ASW,CE,Combined TRACON& Tower with Radar,0,12,10,0,22,0,6,2,2,10,0,18,12,2,32,66,0,66,98
04/21/2016,GGG,TX,ASW,CE,Combined TRACON& Tower with Radar,0,13,21,2,36,0,27,17,2,46,0,40,38,4,82,104,0,104,186
04/22/2016,GGG,TX,ASW,CE,Combined TRACON& Tower with Radar,0,23,37,0,60,0,41,52,2,95,0,64,89,2,155,206,0,206,361
04/23/2016,GGG,TX,ASW,CE,Combined TRACON& Tower with Radar,0,9,8,12,29,0,35,38,0,73,0,44,46,12,102,96,4,100,202
04/24/2016,GGG,TX,ASW,CE,Combined TRACON& Tower with Radar,0,4,26,0,30,0,4,9,0,13,0,8,35,0,43,14,0,14,57
04/25/2016,GGG,TX,ASW,CE,Combined TRACON& Tower with Radar,0,16,11,2,29,0,16,9,0,25,0,32,20,2,54,150,0,150,204
04/26/2016,GGG,TX,ASW,CE,Combined TRACON& Tower with Radar,0,13,16,6,35,0,28,7,0,35,0,41,23,6,70,172,0,172,242
04/27/2016,GGG,TX,ASW,CE,Combined TRACON& Tower with Radar,0,10,22,3,35,0,31,18,0,49,0,41,40,3,84,204,0,204,288
04/28/2016,GGG,TX,ASW,CE,Combined TRACON& Tower with Radar,0,16,28,5,49,0,24,35,1,60,0,40,63,6,109,130,0,130,239
04/29/2016,GGG,TX,ASW,CE,Combined TRACON& Tower with Radar,2,3,20,0,25,0,1,1,0,2,2,4,21,0,27,10,0,10,37
04/30/2016,GGG,TX,ASW,CE,Combined TRACON& Tower with Radar,0,15,18,18,51,0,18,36,2,56,0,33,54,20,107,10,0,10,117
05/01/2016,GGG,TX,ASW,CE,Combined TRACON& Tower with Radar,0,7,24,0,31,0,4,5,0,9,0,11,29,0,40,28,20,48,88
05/02/2016,GGG,TX,ASW,CE,Combined TRACON& Tower with Radar,0,10,22,0,32,0,10,6,0,16,0,20,28,0,48,98,0,98,146
05/03/2016,GGG,TX,ASW,CE,Combined TRACON& Tower with Radar,0,6,23,9,38,0,20,26,0,46,0,26,49,9,84,172,16,188,272
05/04/2016,GGG,TX,ASW,CE,Combined TRACON& Tower with Radar,0,9,26,4,39,0,14,50,2,66,0,23,76,6,105,90,2,92,197
05/05/2016,GGG,TX,ASW,CE,Combined TRACON& Tower with Radar,0,11,29,21,61,0,23,38,3,64,0,34,67,24,125,164,36,200,325
05/06/2016,GGG,TX,ASW,CE,Combined TRACON& Tower with Radar,0,13,33,2,48,0,26,33,2,61,0,39,66,4,109,118,2,120,229
05/07/2016,GGG,TX,ASW,CE,Combined TRACON& Tower with Radar,0,5,17,27,49,0,6,40,0,46,0,11,57,27,95,64,6,70,165
05/08/2016,GGG,TX,ASW,CE,Combined TRACON& Tower with Radar,0,4,26,4,34,0,2,10,0,12,0,6,36,4,46,26,0,26,72
05/09/2016,GGG,TX,ASW,CE,Combined TRACON& Tower with Radar,0,5,15,0,20,0,2,10,2,14,0,7,25,2,34,146,0,146,180
05/10/2016,GGG,TX,ASW,CE,Combined TRACON& Tower with Radar,0,13,29,8,50,0,15,19,0,34,0,28,48,8,84,112,0,112,196
05/11/2016,GGG,TX,ASW,CE,Combined TRACON& Tower with Radar,0,9,39,0,48,0,19,16,2,37,0,28,55,2,85,154,0,154,239
05/12/2016,GGG,TX,ASW,CE,Combined TRACON& Tower with Radar,0,10,21,2,33,0,10,29,0,39,0,20,50,2,72,110,0,110,182
05/13/2016,GGG,TX,ASW,CE,Combined TRACON& Tower with Radar,0,10,15,2,27,0,23,30,0,53,0,33,45,2,80,85,0,85,165
05/14/2016,GGG,TX,ASW,CE,Combined TRACON& Tower with Radar,0,2,18,0,20,0,6,20,0,26,0,8,38,0,46,36,0,36,82
05/15/2016,GGG,TX,ASW,CE,Combined TRACON& Tower with Radar,0,7,17,4,28,0,7,8,0,15,0,14,25,4,43,8,0,8,51
05/16/2016,GGG,TX,ASW,CE,Combined TRACON& Tower with Radar,0,8,29,0,37,0,16,7,0,23,0,24,36,0,60,112,0,112,172
05/17/2016,GGG,TX,ASW,CE,Combined TRACON& Tower with Radar,0,17,18,0,35,0,24,9,0,33,0,41,27,0,68,118,0,118,186
05/18/2016,GGG,TX,ASW,CE,Combined TRACON& Tower with Radar,0,16,28,0,44,0,0,0,0,0,0,16,28,0,44,0,0,0,44
05/19/2016,GGG,TX,ASW,CE,Combined TRACON& Tower with Radar,0,8,10,0,18,0,4,4,0,8,0,12,14,0,26,70,0,70,96
05/20/2016,GGG,TX,ASW,CE,Combined TRACON& Tower with Radar,0,21,26,0,47,0,28,16,0,44,0,49,42,0,91,102,0,102,193
05/21/2016,GGG,TX,ASW,CE,Combined TRACON& Tower with Radar,0,6,15,0,21,0,23,28,0,51,0,29,43,0,72,82,0,82,154
05/22/2016,GGG,TX,ASW,CE,Combined TRACON& Tower with Radar,0,6,23,0,29,0,5,13,0,18,0,11,36,0,47,32,0,32,79
05/23/2016,GGG,TX,ASW,CE,Combined TRACON& Tower with Radar,0,13,31,4,48,0,29,21,0,50,0,42,52,4,98,109,0,109,207
05/24/2016,GGG,TX,ASW,CE,Combined TRACON& Tower with Radar,0,24,33,6,63,0,11,7,0,18,0,35,40,6,81,56,0,56,137
05/25/2016,GGG,TX,ASW,CE,Combined TRACON& Tower with Radar,0,27,28,2,57,0,23,13,0,36,0,50,41,2,93,72,2,74,167
05/26/2016,GGG,TX,ASW,CE,Combined TRACON& Tower with Radar,0,8,22,0,30,0,4,1,0,5,0,12,23,0,35,0,0,0,35
05/27/2016,GGG,TX,ASW,CE,Combined TRACON& Tower with Radar,0,3,12,0,15,0,0,2,0,2,0,3,14,0,17,0,0,0,17
05/28/2016,GGG,TX,ASW,CE,Combined TRACON& Tower with Radar,0,9,16,0,25,0,9,11,0,20,0,18,27,0,45,50,0,50,95
05/29/2016,GGG,TX,ASW,CE,Combined TRACON& Tower with Radar,0,4,14,0,18,0,4,11,0,15,0,8,25,0,33,24,0,24,57
05/30/2016,GGG,TX,ASW,CE,Combined TRACON& Tower with Radar,0,9,14,0,23,0,16,5,0,21,0,25,19,0,44,70,0,70,114
05/31/2016,GGG,TX,ASW,CE,Combined TRACON& Tower with Radar,0,13,15,2,30,0,35,18,0,53,0,48,33,2,83,114,0,114,197
06/01/2016,GGG,TX,ASW,CE,Combined TRACON& Tower with Radar,0,8,24,2,34,0,1,6,1,8,0,9,30,3,42,40,0,40,82
06/02/2016,GGG,TX,ASW,CE,Combined TRACON& Tower with Radar,0,2,22,0,24,0,0,1,0,1,0,2,23,0,25,0,0,0,25
06/03/2016,GGG,TX,ASW,CE,Combined TRACON& Tower with Radar,0,6,9,0,15,0,4,2,0,6,0,10,11,0,21,22,0,22,43
06/04/2016,GGG,TX,ASW,CE,Combined TRACON& Tower with Radar,0,6,13,0,19,0,4,3,0,7,0,10,16,0,26,40,0,40,66
06/05/2016,GGG,TX,ASW,CE,Combined TRACON& Tower with Radar,0,11,17,0,28,0,9,14,2,25,0,20,31,2,53,24,0,24,77
06/06/2016,GGG,TX,ASW,CE,Combined TRACON& Tower with Radar,0,15,23,0,38,0,47,27,0,74,0,62,50,0,112,90,0,90,202
06/07/2016,GGG,TX,ASW,CE,Combined TRACON& Tower with Radar,0,16,26,2,44,0,40,27,3,70,0,56,53,5,114,80,0,80,194
06/08/2016,GGG,TX,ASW,CE,Combined TRACON& Tower with Radar,0,16,48,12,76,0,29,30,3,62,0,45,78,15,138,118,0,118,256
06/09/2016,GGG,TX,ASW,CE,Combined TRACON& Tower with Radar,0,9,19,12,40,0,34,22,0,56,0,43,41,12,96,96,0,96,192
06/10/2016,GGG,TX,ASW,CE,Combined TRACON& Tower with Radar,0,11,26,30,67,0,25,30,0,55,0,36,56,30,122,100,0,100,222
06/11/2016,GGG,TX,ASW,CE,Combined TRACON& Tower with Radar,0,5,29,4,38,0,1,19,0,20,0,6,48,4,58,36,0,36,94
06/12/2016,GGG,TX,ASW,CE,Combined TRACON& Tower with Radar,0,3,22,12,37,0,4,3,0,7,0,7,25,12,44,16,0,16,60
06/13/2016,GGG,TX,ASW,CE,Combined TRACON& Tower with Radar,0,4,15,0,19,0,2,6,0,8,0,6,21,0,27,0,0,0,27
06/14/2016,GGG,TX,ASW,CE,Combined TRACON& Tower with Radar,0,19,23,4,46,0,26,17,1,44,0,45,40,5,90,104,8,112,202
06/15/2016,GGG,TX,ASW,CE,Combined TRACON& Tower with Radar,0,17,22,12,51,0,15,10,2,27,0,32,32,14,78,120,8,128,206
06/16/2016,GGG,TX,ASW,CE,Combined TRACON& Tower with Radar,0,20,17,6,43,0,43,24,2,69,0,63,41,8,112,142,0,142,254
06/17/2016,GGG,TX,ASW,CE,Combined TRACON& Tower with Radar,0,12,38,8,58,0,15,27,0,42,0,27,65,8,100,134,4,138,238
06/18/2016,GGG,TX,ASW,CE,Combined TRACON& Tower with Radar,0,5,11,0,16,0,5,17,0,22,0,10,28,0,38,74,0,74,112
06/19/2016,GGG,TX,ASW,CE,Combined TRACON& Tower with Radar,0,6,22,7,35,0,6,14,1,21,0,12,36,8,56,8,0,8,64
06/20/2016,GGG,TX,ASW,CE,Combined TRACON& Tower with Radar,0,8,18,2,28,0,18,18,0,36,0,26,36,2,64,98,0,98,162
06/21/2016,GGG,TX,ASW,CE,Combined TRACON& Tower with Radar,0,14,19,10,43,0,29,23,0,52,0,43,42,10,95,80,20,100,195
06/22/2016,GGG,TX,ASW,CE,Combined TRACON& Tower with Radar,0,13,26,17,56,0,29,21,5,55,0,42,47,22,111,76,2,78,189
06/23/2016,GGG,TX,ASW,CE,Combined TRACON& Tower with Radar,0,8,51,17,76,0,28,37,1,66,0,36,88,18,142,206,20,226,368
06/24/2016,GGG,TX,ASW,CE,Combined TRACON& Tower with Radar,0,9,29,54,92,0,30,28,1,59,0,39,57,55,151,90,22,112,263
06/25/2016,GGG,TX,ASW,CE,Combined TRACON& Tower with Radar,0,4,21,24,49,0,5,25,0,30,0,9,46,24,79,20,0,20,99
06/26/2016,GGG,TX,ASW,CE,Combined TRACON& Tower with Radar,0,10,20,8,38,0,1,11,2,14,0,11,31,10,52,27,8,35,87
06/27/2016,GGG,TX,ASW,CE,Combined TRACON& Tower with Radar,0,11,30,30,71,0,26,33,0,59,0,37,63,30,130,76,30,106,236
06/28/2016,GGG,TX,ASW,CE,Combined TRACON& Tower with Radar,0,12,33,11,56,0,24,17,0,41,0,36,50,11,97,181,10,191,288
06/29/2016,GGG,TX,ASW,CE,Combined TRACON& Tower with Radar,0,19,39,27,85,0,23,26,5,54,0,42,65,32,139,76,16,92,231
06/30/2016,GGG,TX,ASW,CE,Combined TRACON& Tower with Radar,0,15,29,33,77,0,25,39,4,68,0,40,68,37,145,112,16,128,273
07/01/2016,GGG,TX,ASW,CE,Combined TRACON& Tower with Radar,0,13,31,16,60,0,13,29,0,42,0,26,60,16,102,42,6,48,150
07/02/2016,GGG,TX,ASW,CE,Combined TRACON& Tower with Radar,0,7,26,6,39,0,8,28,0,36,0,15,54,6,75,18,0,18,93
07/03/2016,GGG,TX,ASW,CE,Combined TRACON& Tower with Radar,0,4,9,0,13,0,6,5,0,11,0,10,14,0,24,0,0,0,24
07/04/2016,GGG,TX,ASW,CE,Combined TRACON& Tower with Radar,0,8,9,0,17,0,8,11,0,19,0,16,20,0,36,22,0,22,58
07/05/2016,GGG,TX,ASW,CE,Combined TRACON& Tower with Radar,0,7,11,0,18,0,6,21,0,27,0,13,32,0,45,44,0,44,89
07/06/2016,GGG,TX,ASW,CE,Combined TRACON& Tower with Radar,0,19,32,16,67,0,24,16,1,41,0,43,48,17,108,94,10,104,212
07/07/2016,GGG,TX,ASW,CE,Combined TRACON& Tower with Radar,0,12,30,10,52,0,12,16,0,28,0,24,46,10,80,108,28,136,216
07/08/2016,GGG,TX,ASW,CE,Combined TRACON& Tower with Radar,0,20,40,15,75,0,20,17,0,37,0,40,57,15,112,40,18,58,170
07/09/2016,GGG,TX,ASW,CE,Combined TRACON& Tower with Radar,0,10,24,12,46,0,9,23,0,32,0,19,47,12,78,26,0,26,104
07/10/2016,GGG,TX,ASW,CE,Combined TRACON& Tower with Radar,0,4,25,0,29,0,2,5,0,7,0,6,30,0,36,0,0,0,36
07/11/2016,GGG,TX,ASW,CE,Combined TRACON& Tower with Radar,0,16,22,21,59,0,14,18,2,34,0,30,40,23,93,72,8,80,173
07/12/2016,GGG,TX,ASW,CE,Combined TRACON& Tower with Radar,0,16,31,13,60,0,16,22,2,40,0,32,53,15,100,62,4,66,166
07/13/2016,GGG,TX,ASW,CE,Combined TRACON& Tower with Radar,0,12,39,6,57,0,17,19,6,42,0,29,58,12,99,80,0,80,179
07/14/2016,GGG,TX,ASW,CE,Combined TRACON& Tower with Radar,0,16,37,0,53,0,15,23,0,38,0,31,60,0,91,106,0,106,197
07/15/2016,GGG,TX,ASW,CE,Combined TRACON& Tower with Radar,0,15,23,7,45,0,16,10,0,26,0,31,33,7,71,44,22,66,137
07/16/2016,GGG,TX,ASW,CE,Combined TRACON& Tower with Radar,0,4,4,10,18,0,6,14,0,20,0,10,18,10,38,38,0,38,76
07/17/2016,GGG,TX,ASW,CE,Combined TRACON& Tower with Radar,0,8,22,14,44,0,3,11,2,16,0,11,33,16,60,34,2,36,96
07/18/2016,GGG,TX,ASW,CE,Combined TRACON& Tower with Radar,0,10,24,23,57,0,21,21,2,44,0,31,45,25,101,56,32,88,189
07/19/2016,GGG,TX,ASW,CE,Combined TRACON& Tower with Radar,0,7,36,5,48,0,16,15,4,35,0,23,51,9,83,136,0,136,219
07/20/2016,GGG,TX,ASW,CE,Combined TRACON& Tower with Radar,0,12,15,0,27,0,21,25,5,51,0,33,40,5,78,88,0,88,166
07/21/2016,GGG,TX,ASW,CE,Combined TRACON& Tower with Radar,0,6,20,15,41,0,13,47,1,61,0,19,67,16,102,118,6,124,226
07/22/2016,GGG,TX,ASW,CE,Combined TRACON& Tower with Radar,0,8,22,0,30,0,20,24,2,46,0,28,46,2,76,56,0,56,132
07/23/2016,GGG,TX,ASW,CE,Combined TRACON& Tower with Radar,0,4,22,10,36,0,6,28,0,34,0,10,50,10,70,38,0,38,108
07/24/2016,GGG,TX,ASW,CE,Combined TRACON& Tower with Radar,0,4,15,22,41,0,7,15,0,22,0,11,30,22,63,0,26,26,89
07/25/2016,GGG,TX,ASW,CE,Combined TRACON& Tower with Radar,0,4,23,4,31,0,11,32,1,44,0,15,55,5,75,52,0,52,127
07/26/2016,GGG,TX,ASW,CE,Combined TRACON& Tower with Radar,0,12,26,4,42,0,25,27,0,52,0,37,53,4,94,98,0,98,192
07/27/2016,GGG,TX,ASW,CE,Combined TRACON& Tower with Radar,0,7,36,4,47,0,18,20,1,39,0,25,56,5,86,154,0,154,240
07/28/2016,GGG,TX,ASW,CE,Combined TRACON& Tower with Radar,0,7,25,1,33,0,1,6,1,8,0,8,31,2,41,6,0,6,47
07/29/2016,GGG,TX,ASW,CE,Combined TRACON& Tower with Radar,2,20,39,48,109,0,7,16,5,28,2,27,55,53,137,48,10,58,195
07/30/2016,GGG,TX,ASW,CE,Combined TRACON& Tower with Radar,0,7,17,6,30,0,5,16,3,24,0,12,33,9,54,42,8,50,104
07/31/2016,GGG,TX,ASW,CE,Combined TRACON& Tower with Radar,0,10,19,6,35,0,4,14,0,18,0,14,33,6,53,2,12,14,67
08/01/2016,GGG,TX,ASW,CE,Combined TRACON& Tower with Radar,2,14,21,9,46,0,18,21,2,41,2,32,42,11,87,96,8,104,191
08/02/2016,GGG,TX,ASW,CE,Combined TRACON& Tower with Radar,0,27,15,6,48,0,29,33,4,66,0,56,48,10,114,130,2,132,246
08/03/2016,GGG,TX,ASW,CE,Combined TRACON& Tower with Radar,0,13,34,30,77,0,28,42,2,72,0,41,76,32,149,106,0,106,255
08/04/2016,GGG,TX,ASW,CE,Combined TRACON& Tower with Radar,0,14,19,16,49,0,23,33,0,56,0,37,52,16,105,138,18,156,261
08/05/2016,GGG,TX,ASW,CE,Combined TRACON& Tower with Radar,0,7,38,12,57,0,27,29,13,69,0,34,67,25,126,68,8,76,202
08/06/2016,GGG,TX,ASW,CE,Combined TRACON& Tower with Radar,0,7,18,1,26,0,8,27,4,39,0,15,45,5,65,38,2,40,105
08/07/2016,GGG,TX,ASW,CE,Combined TRACON& Tower with Radar,0,9,21,17,47,0,8,27,2,37,0,17,48,19,84,0,0,0,84
08/08/2016,GGG,TX,ASW,CE,Combined TRACON& Tower with Radar,0,12,14,18,44,0,28,13,6,47,0,40,27,24,91,74,6,80,171
08/09/2016,GGG,TX,ASW,CE,Combined TRACON& Tower with Radar,0,8,35,10,53,0,31,20,0,51,0,39,55,10,104,154,6,160,264
08/10/2016,GGG,TX,ASW,CE,Combined TRACON& Tower with Radar,0,18,24,3,45,0,34,34,5,73,0,52,58,8,118,134,12,146,264
08/11/2016,GGG,TX,ASW,CE,Combined TRACON& Tower with Radar,0,10,31,20,61,0,31,52,4,87,0,41,83,24,148,168,8,176,324
08/12/2016,GGG,TX,ASW,CE,Combined TRACON& Tower with Radar,6,8,18,55,87,0,15,23,6,44,6,23,41,61,131,146,90,236,367
08/13/2016,GGG,TX,ASW,CE,Combined TRACON& Tower with Radar,0,2,20,0,22,0,6,11,0,17,0,8,31,0,39,72,0,72,111
08/14/2016,GGG,TX,ASW,CE,Combined TRACON& Tower with Radar,0,4,19,0,23,0,2,3,0,5,0,6,22,0,28,0,0,0,28
08/15/2016,GGG,TX,ASW,CE,Combined TRACON& Tower with Radar,0,12,23,4,39,0,0,1,0,1,0,12,24,4,40,0,0,0,40
08/16/2016,GGG,TX,ASW,CE,Combined TRACON& Tower with Radar,0,8,23,0,31,0,0,0,0,0,0,8,23,0,31,16,0,16,47
08/17/2016,GGG,TX,ASW,CE,Combined TRACON& Tower with Radar,0,10,23,0,33,0,0,0,0,0,0,10,23,0,33,0,0,0,33
08/18/2016,GGG,TX,ASW,CE,Combined TRACON& Tower with Radar,0,7,25,17,49,0,0,0,0,0,0,7,25,17,49,0,0,0,49
08/19/2016,GGG,TX,ASW,CE,Combined TRACON& Tower with Radar,2,13,29,10,54,0,2,2,0,4,2,15,31,10,58,26,24,50,108
08/20/2016,GGG,TX,ASW,CE,Combined TRACON& Tower with Radar,0,15,8,0,23,0,0,3,0,3,0,15,11,0,26,48,0,48,74
08/21/2016,GGG,TX,ASW,CE,Combined TRACON& Tower with Radar,0,2,11,0,13,0,6,4,0,10,0,8,15,0,23,2,0,2,25
08/22/2016,GGG,TX,ASW,CE,Combined TRACON& Tower with Radar,0,16,22,2,40,0,2,5,0,7,0,18,27,2,47,28,0,28,75
08/23/2016,GGG,TX,ASW,CE,Combined TRACON& Tower with Radar,0,11,34,19,64,0,14,15,1,30,0,25,49,20,94,64,8,72,166
08/24/2016,GGG,TX,ASW,CE,Combined TRACON& Tower with Radar,0,15,29,8,52,0,31,39,0,70,0,46,68,8,122,85,0,85,207
08/25/2016,GGG,TX,ASW,CE,Combined TRACON& Tower with Radar,0,15,27,0,42,0,26,20,0,46,0,41,47,0,88,94,0,94,182
08/26/2016,GGG,TX,ASW,CE,Combined TRACON& Tower with Radar,0,20,23,24,67,0,5,11,0,16,0,25,34,24,83,76,0,76,159
08/27/2016,GGG,TX,ASW,CE,Combined TRACON& Tower with Radar,0,13,16,4,33,0,5,17,0,22,0,18,33,4,55,12,0,12,67
08/28/2016,GGG,TX,ASW,CE,Combined TRACON& Tower with Radar,0,4,10,14,28,0,5,3,0,8,0,9,13,14,36,14,0,14,50
08/29/2016,GGG,TX,ASW,CE,Combined TRACON& Tower with Radar,0,15,19,4,38,0,27,22,0,49,0,42,41,4,87,116,0,116,203
08/30/2016,GGG,TX,ASW,CE,Combined TRACON& Tower with Radar,0,12,36,10,58,0,34,24,0,58,0,46,60,10,116,54,0,54,170
08/31/2016,GGG,TX,ASW,CE,Combined TRACON& Tower with Radar,0,11,27,28,66,0,33,32,0,65,0,44,59,28,131,144,0,144,275
09/01/2016,GGG,TX,ASW,CE,Combined TRACON& Tower with Radar,1,17,16,13,47,0,30,25,1,56,1,47,41,14,103,92,20,112,215
09/02/2016,GGG,TX,ASW,CE,Combined TRACON& Tower with Radar,1,12,26,0,39,0,27,31,0,58,1,39,57,0,97,102,0,102,199
09/03/2016,GGG,TX,ASW,CE,Combined TRACON& Tower with Radar,0,10,13,0,23,0,21,32,0,53,0,31,45,0,76,34,0,34,110
09/04/2016,GGG,TX,ASW,CE,Combined TRACON& Tower with Radar,0,5,13,0,18,0,3,9,1,13,0,8,22,1,31,20,0,20,51
09/05/2016,GGG,TX,ASW,CE,Combined TRACON& Tower with Radar,0,16,30,0,46,0,6,16,0,22,0,22,46,0,68,58,0,58,126
09/06/2016,GGG,TX,ASW,CE,Combined TRACON& Tower with Radar,0,10,13,11,34,0,11,18,0,29,0,21,31,11,63,34,0,34,97
09/07/2016,GGG,TX,ASW,CE,Combined TRACON& Tower with Radar,0,22,21,5,48,0,25,15,0,40,0,47,36,5,88,102,12,114,202
09/08/2016,GGG,TX,ASW,CE,Combined TRACON& Tower with Radar,0,14,26,6,46,0,17,16,1,34,0,31,42,7,80,44,0,44,124
09/09/2016,GGG,TX,ASW,CE,Combined TRACON& Tower with Radar,0,19,33,14,66,0,27,21,2,50,0,46,54,16,116,84,12,96,212
09/10/2016,GGG,TX,ASW,CE,Combined TRACON& Tower with Radar,0,5,6,2,13,0,1,8,0,9,0,6,14,2,22,37,0,37,59
09/11/2016,GGG,TX,ASW,CE,Combined TRACON& Tower with Radar,0,4,20,8,32,0,9,31,2,42,0,13,51,10,74,58,16,74,148
09/12/2016,GGG,TX,ASW,CE,Combined TRACON& Tower with Radar,0,18,18,10,46,0,23,18,0,41,0,41,36,10,87,62,2,64,151
09/13/2016,GGG,TX,ASW,CE,Combined TRACON& Tower with Radar,0,12,40,13,65,0,32,26,0,58,0,44,66,13,123,34,14,48,171
09/14/2016,GGG,TX,ASW,CE,Combined TRACON& Tower with Radar,0,13,23,23,59,0,30,14,3,47,0,43,37,26,106,100,6,106,212
09/15/2016,GGG,TX,ASW,CE,Combined TRACON& Tower with Radar,0,11,18,18,47,0,21,34,2,57,0,32,52,20,104,38,14,52,156
09/16/2016,GGG,TX,ASW,CE,Combined TRACON& Tower with Radar,0,15,28,6,49,0,24,22,0,46,0,39,50,6,95,82,0,82,177
09/17/2016,GGG,TX,ASW,CE,Combined TRACON& Tower with Radar,0,5,13,0,18,0,4,11,0,15,0,9,24,0,33,74,0,74,107
09/18/2016,GGG,TX,ASW,CE,Combined TRACON& Tower with Radar,0,4,25,8,37,0,7,6,0,13,0,11,31,8,50,76,0,76,126
09/19/2016,GGG,TX,ASW,CE,Combined TRACON& Tower with Radar,0,16,10,33,59,0,25,26,0,51,0,41,36,33,110,114,0,114,224
09/20/2016,GGG,TX,ASW,CE,Combined TRACON& Tower with Radar,0,17,18,6,41,0,37,21,0,58,0,54,39,6,99,104,0,104,203
09/21/2016,GGG,TX,ASW,CE,Combined TRACON& Tower with Radar,0,8,23,37,68,0,20,28,4,52,0,28,51,41,120,112,18,130,250
09/22/2016,GGG,TX,ASW,CE,Combined TRACON& Tower with Radar,0,7,26,2,35,0,29,28,1,58,0,36,54,3,93,142,6,148,241
09/23/2016,GGG,TX,ASW,CE,Combined TRACON& Tower with Radar,0,20,56,20,96,0,16,28,0,44,0,36,84,20,140,38,6,44,184
09/24/2016,GGG,TX,ASW,CE,Combined TRACON& Tower with Radar,0,9,13,16,38,0,13,19,0,32,0,22,32,16,70,12,0,12,82
09/25/2016,GGG,TX,ASW,CE,Combined TRACON& Tower with Radar,0,4,19,52,75,0,8,6,2,16,0,12,25,54,91,36,22,58,149
09/26/2016,GGG,TX,ASW,CE,Combined TRACON& Tower with Radar,0,8,33,5,46,0,3,5,1,9,0,11,38,6,55,140,0,140,195
09/27/2016,GGG,TX,ASW,CE,Combined TRACON& Tower with Radar,0,11,39,2,52,0,34,19,0,53,0,45,58,2,105,94,0,94,199
09/28/2016,GGG,TX,ASW,CE,Combined TRACON& Tower with Radar,2,13,32,45,92,0,37,39,1,77,2,50,71,46,169,104,8,112,281
09/29/2016,GGG,TX,ASW,CE,Combined TRACON& Tower with Radar,0,9,19,15,43,0,32,33,1,66,0,41,52,16,109,52,8,60,169
09/30/2016,GGG,TX,ASW,CE,Combined TRACON& Tower with Radar,2,15,25,12,54,0,25,37,2,64,2,40,62,14,118,82,0,82,200
10/01/2016,GGG,TX,ASW,CE,Combined TRACON& Tower with Radar,0,3,11,12,26,0,10,22,0,32,0,13,33,12,58,20,0,20,78
10/02/2016,GGG,TX,ASW,CE,Combined TRACON& Tower with Radar,0,4,21,11,36,0,8,33,0,41,0,12,54,11,77,26,8,34,111
10/03/2016,GGG,TX,ASW,CE,Combined TRACON& Tower with Radar,0,8,19,22,49,0,30,23,0,53,0,38,42,22,102,92,4,96,198
10/04/2016,GGG,TX,ASW,CE,Combined TRACON& Tower with Radar,2,12,23,32,69,0,32,19,2,53,2,44,42,34,122,94,12,106,228
10/05/2016,GGG,TX,ASW,CE,Combined TRACON& Tower with Radar,0,11,19,22,52,0,11,17,1,29,0,22,36,23,81,94,14,108,189
10/06/2016,GGG,TX,ASW,CE,Combined TRACON& Tower with Radar,0,13,29,45,87,0,16,20,0,36,0,29,49,45,123,50,10,60,183
10/07/2016,GGG,TX,ASW,CE,Combined TRACON& Tower with Radar,2,13,34,20,69,0,24,25,2,51,2,37,59,22,120,90,2,92,212
10/08/2016,GGG,TX,ASW,CE,Combined TRACON& Tower with Radar,0,12,8,0,20,0,20,18,2,40,0,32,26,2,60,18,0,18,78
10/09/2016,GGG,TX,ASW,CE,Combined TRACON& Tower with Radar,0,6,25,4,35,0,0,14,0,14,0,6,39,4,49,16,16,32,81
10/10/2016,GGG,TX,ASW,CE,Combined TRACON& Tower with Radar,0,6,26,0,32,0,15,20,0,35,0,21,46,0,67,76,0,76,143
10/11/2016,GGG,TX,ASW,CE,Combined TRACON& Tower with Radar,0,8,44,7,59,0,4,11,0,15,0,12,55,7,74,44,0,44,118
10/12/2016,GGG,TX,ASW,CE,Combined TRACON& Tower with Radar,0,20,37,18,75,0,20,27,6,53,0,40,64,24,128,154,10,164,292
10/13/2016,GGG,TX,ASW,CE,Combined TRACON& Tower with Radar,0,15,25,0,40,0,3,11,0,14,0,18,36,0,54,72,0,72,126
10/14/2016,GGG,TX,ASW,CE,Combined TRACON& Tower with Radar,2,12,25,2,41,0,11,12,0,23,2,23,37,2,64,14,8,22,86
10/15/2016,GGG,TX,ASW,CE,Combined TRACON& Tower with Radar,0,8,28,26,62,0,5,10,5,20,0,13,38,31,82,14,0,14,96
10/16/2016,GGG,TX,ASW,CE,Combined TRACON& Tower with Radar,0,4,25,1,30,0,8,10,1,19,0,12,35,2,49,24,2,26,75
10/17/2016,GGG,TX,ASW,CE,Combined TRACON& Tower with Radar,2,9,13,22,46,0,14,17,0,31,2,23,30,22,77,20,4,24,101
10/18/2016,GGG,TX,ASW,CE,Combined TRACON& Tower with Radar,0,18,24,10,52,0,10,15,0,25,0,28,39,10,77,22,0,22,99
10/19/2016,GGG,TX,ASW,CE,Combined TRACON& Tower with Radar,0,17,29,17,63,0,19,15,4,38,0,36,44,21,101,152,14,166,267
10/20/2016,GGG,TX,ASW,CE,Combined TRACON& Tower with Radar,0,7,23,0,30,0,8,10,0,18,0,15,33,0,48,30,0,30,78
10/21/2016,GGG,TX,ASW,CE,Combined TRACON& Tower with Radar,0,10,25,7,42,0,29,43,2,74,0,39,68,9,116,106,0,106,222
10/22/2016,GGG,TX,ASW,CE,Combined TRACON& Tower with Radar,0,6,22,0,28,0,8,21,0,29,0,14,43,0,57,36,0,36,93
10/23/2016,GGG,TX,ASW,CE,Combined TRACON& Tower with Radar,0,6,22,2,30,0,4,17,0,21,0,10,39,2,51,0,0,0,51
10/24/2016,GGG,TX,ASW,CE,Combined TRACON& Tower with Radar,0,13,16,16,45,0,26,15,0,41,0,39,31,16,86,68,14,82,168
10/25/2016,GGG,TX,ASW,CE,Combined TRACON& Tower with Radar,0,8,21,29,58,0,26,23,1,50,0,34,44,30,108,80,12,92,200
10/26/2016,GGG,TX,ASW,CE,Combined TRACON& Tower with Radar,0,17,28,10,55,0,21,35,3,59,0,38,63,13,114,52,0,52,166
10/27/2016,GGG,TX,ASW,CE,Combined TRACON& Tower with Radar,0,8,41,10,59,0,27,44,0,71,0,35,85,10,130,72,8,80,210
10/28/2016,GGG,TX,ASW,CE,Combined TRACON& Tower with Radar,0,12,12,4,28,0,28,24,0,52,0,40,36,4,80,48,0,48,128
10/29/2016,GGG,TX,ASW,CE,Combined TRACON& Tower with Radar,0,6,21,41,68,0,11,27,3,41,0,17,48,44,109,40,8,48,157
10/30/2016,GGG,TX,ASW,CE,Combined TRACON& Tower with Radar,0,10,21,0,31,0,4,24,0,28,0,14,45,0,59,8,0,8,67
10/31/2016,GGG,TX,ASW,CE,Combined TRACON& Tower with Radar,0,18,23,6,47,0,15,30,0,45,0,33,53,6,92,60,2,62,154
11/01/2016,GGG,TX,ASW,CE,Combined TRACON& Tower with Radar,0,4,38,1,43,0,4,16,1,21,0,8,54,2,64,62,0,62,126
11/02/2016,GGG,TX,ASW,CE,Combined TRACON& Tower with Radar,0,12,26,26,64,0,13,14,2,29,0,25,40,28,93,154,0,154,247
11/03/2016,GGG,TX,ASW,CE,Combined TRACON& Tower with Radar,0,9,30,0,39,0,10,3,0,13,0,19,33,0,52,32,0,32,84
11/04/2016,GGG,TX,ASW,CE,Combined TRACON& Tower with Radar,0,8,27,8,43,0,0,3,3,6,0,8,30,11,49,58,16,74,123
11/05/2016,GGG,TX,ASW,CE,Combined TRACON& Tower with Radar,0,7,15,11,33,0,15,14,0,29,0,22,29,11,62,30,32,62,124
11/06/2016,GGG,TX,ASW,CE,Combined TRACON& Tower with Radar,0,7,13,12,32,0,5,10,7,22,0,12,23,19,54,4,12,16,70
11/07/2016,GGG,TX,ASW,CE,Combined TRACON& Tower with Radar,0,14,22,10,46,0,30,10,0,40,0,44,32,10,86,78,4,82,168
11/08/2016,GGG,TX,ASW,CE,Combined TRACON& Tower with Radar,0,5,17,4,26,0,2,1,0,3,0,7,18,4,29,0,0,0,29
11/09/2016,GGG,TX,ASW,CE,Combined TRACON& Tower with Radar,0,9,27,22,58,0,17,16,0,33,0,26,43,22,91,150,8,158,249
11/10/2016,GGG,TX,ASW,CE,Combined TRACON& Tower with Radar,0,16,17,6,39,0,28,24,0,52,0,44,41,6,91,26,0,26,117
11/11/2016,GGG,TX,ASW,CE,Combined TRACON& Tower with Radar,0,10,29,12,51,0,49,34,0,83,0,59,63,12,134,112,16,128,262
11/12/2016,GGG,TX,ASW,CE,Combined TRACON& Tower with Radar,0,7,22,0,29,0,20,27,0,47,0,27,49,0,76,44,0,44,120
11/13/2016,GGG,TX,ASW,CE,Combined TRACON& Tower with Radar,0,3,32,0,35,0,1,25,0,26,0,4,57,0,61,8,0,8,69
11/14/2016,GGG,TX,ASW,CE,Combined TRACON& Tower with Radar,0,21,43,28,92,0,24,17,2,43,0,45,60,30,135,30,20,50,185
11/15/2016,GGG,TX,ASW,CE,Combined TRACON& Tower with Radar,0,14,30,24,68,0,27,29,0,56,0,41,59,24,124,98,32,130,254
11/16/2016,GGG,TX,ASW,CE,Combined TRACON& Tower with Radar,0,9,25,30,64,0,28,30,3,61,0,37,55,33,125,116,8,124,249
11/17/2016,GGG,TX,ASW,CE,Combined TRACON& Tower with Radar,0,8,30,34,72,0,2,19,2,23,0,10,49,36,95,98,10,108,203
11/18/2016,GGG,TX,ASW,CE,Combined TRACON& Tower with Radar,0,5,14,2,21,0,8,3,2,13,0,13,17,4,34,54,0,54,88
11/19/2016,GGG,TX,ASW,CE,Combined TRACON& Tower with Radar,0,12,17,3,32,0,15,22,1,38,0,27,39,4,70,42,0,42,112
11/20/2016,GGG,TX,ASW,CE,Combined TRACON& Tower with Radar,0,4,25,6,35,0,8,20,2,30,0,12,45,8,65,0,0,0,65
11/21/2016,GGG,TX,ASW,CE,Combined TRACON& Tower with Radar,0,9,19,22,50,0,33,36,0,69,0,42,55,22,119,74,12,86,205
11/22/2016,GGG,TX,ASW,CE,Combined TRACON& Tower with Radar,0,7,32,12,51,0,10,15,0,25,0,17,47,12,76,66,0,66,142
11/23/2016,GGG,TX,ASW,CE,Combined TRACON& Tower with Radar,0,12,18,0,30,0,24,23,0,47,0,36,41,0,77,86,0,86,163
11/24/2016,GGG,TX,ASW,CE,Combined TRACON& Tower with Radar,0,2,5,0,7,0,2,9,0,11,0,4,14,0,18,0,0,0,18
11/25/2016,GGG,TX,ASW,CE,Combined TRACON& Tower with Radar,0,1,12,0,13,0,7,12,0,19,0,8,24,0,32,0,0,0,32
11/26/2016,GGG,TX,ASW,CE,Combined TRACON& Tower with Radar,0,7,15,0,22,0,0,0,0,0,0,7,15,0,22,0,0,0,22
11/27/2016,GGG,TX,ASW,CE,Combined TRACON& Tower with Radar,2,6,36,0,44,0,8,13,0,21,2,14,49,0,65,14,0,14,79
11/28/2016,GGG,TX,ASW,CE,Combined TRACON& Tower with Radar,0,4,9,0,13,0,8,4,0,12,0,12,13,0,25,14,0,14,39
11/29/2016,GGG,TX,ASW,CE,Combined TRACON& Tower with Radar,0,9,18,18,45,0,23,27,2,52,0,32,45,20,97,80,4,84,181
11/30/2016,GGG,TX,ASW,CE,Combined TRACON& Tower with Radar,0,11,20,20,51,0,24,17,0,41,0,35,37,20,92,52,4,56,148
12/01/2016,GGG,TX,ASW,CE,Combined TRACON& Tower with Radar,0,7,35,10,52,0,12,31,1,44,0,19,66,11,96,38,38,76,172
12/02/2016,GGG,TX,ASW,CE,Combined TRACON& Tower with Radar,0,13,23,25,61,0,29,24,2,55,0,42,47,27,116,122,12,134,250
12/03/2016,GGG,TX,ASW,CE,Combined TRACON& Tower with Radar,0,19,31,3,53,0,20,23,1,44,0,39,54,4,97,0,0,0,97
12/04/2016,GGG,TX,ASW,CE,Combined TRACON& Tower with Radar,2,33,39,2,76,0,3,4,0,7,2,36,43,2,83,6,0,6,89
12/05/2016,GGG,TX,ASW,CE,Combined TRACON& Tower with Radar,0,9,18,0,27,0,0,0,0,0,0,9,18,0,27,0,0,0,27
12/06/2016,GGG,TX,ASW,CE,Combined TRACON& Tower with Radar,0,13,29,4,46,0,0,0,0,0,0,13,29,4,46,0,0,0,46
12/07/2016,GGG,TX,ASW,CE,Combined TRACON& Tower with Radar,2,29,51,2,84,0,0,6,0,6,2,29,57,2,90,116,0,116,206
12/08/2016,GGG,TX,ASW,CE,Combined TRACON& Tower with Radar,0,17,33,1,51,0,22,24,1,47,0,39,57,2,98,126,0,126,224
12/09/2016,GGG,TX,ASW,CE,Combined TRACON& Tower with Radar,0,26,24,11,61,0,36,33,2,71,0,62,57,13,132,144,10,154,286
12/10/2016,GGG,TX,ASW,CE,Combined TRACON& Tower with Radar,2,7,8,16,33,0,15,17,2,34,2,22,25,18,67,34,0,34,101
12/11/2016,GGG,TX,ASW,CE,Combined TRACON& Tower with Radar,0,7,15,0,22,0,0,1,0,1,0,7,16,0,23,2,0,2,25
12/12/2016,GGG,TX,ASW,CE,Combined TRACON& Tower with Radar,0,31,23,4,58,0,1,3,0,4,0,32,26,4,62,0,0,0,62
12/13/2016,GGG,TX,ASW,CE,Combined TRACON& Tower with Radar,0,11,15,3,29,0,0,1,0,1,0,11,16,3,30,10,0,10,40
12/14/2016,GGG,TX,ASW,CE,Combined TRACON& Tower with Radar,0,33,36,12,81,0,20,9,2,31,0,53,45,14,112,150,8,158,270
12/15/2016,GGG,TX,ASW,CE,Combined TRACON& Tower with Radar,0,21,32,25,78,0,19,8,2,29,0,40,40,27,107,78,8,86,193
12/16/2016,GGG,TX,ASW,CE,Combined TRACON& Tower with Radar,0,20,27,4,51,0,1,3,0,4,0,21,30,4,55,28,0,28,83
12/17/2016,GGG,TX,ASW,CE,Combined TRACON& Tower with Radar,0,6,13,4,23,0,0,3,0,3,0,6,16,4,26,0,0,0,26
12/18/2016,GGG,TX,ASW,CE,Combined TRACON& Tower with Radar,0,4,13,1,18,0,1,10,1,12,0,5,23,2,30,0,0,0,30
12/19/2016,GGG,TX,ASW,CE,Combined TRACON& Tower with Radar,0,9,18,15,42,0,21,36,7,64,0,30,54,22,106,30,20,50,156
12/20/2016,GGG,TX,ASW,CE,Combined TRACON& Tower with Radar,0,14,9,17,40,0,21,45,3,69,0,35,54,20,109,26,12,38,147
12/21/2016,GGG,TX,ASW,CE,Combined TRACON& Tower with Radar,0,9,27,47,83,0,16,24,0,40,0,25,51,47,123,10,34,44,167
12/22/2016,GGG,TX,ASW,CE,Combined TRACON& Tower with Radar,0,5,22,17,44,0,6,22,3,31,0,11,44,20,75,18,10,28,103
12/23/2016,GGG,TX,ASW,CE,Combined TRACON& Tower with Radar,0,4,28,0,32,0,0,0,0,0,0,4,28,0,32,0,0,0,32
12/24/2016,GGG,TX,ASW,CE,Combined TRACON& Tower with Radar,0,4,4,0,8,0,4,0,0,4,0,8,4,0,12,0,0,0,12
12/25/2016,GGG,TX,ASW,CE,Combined TRACON& Tower with Radar,0,4,1,0,5,0,3,0,0,3,0,7,1,0,8,0,0,0,8
12/26/2016,GGG,TX,ASW,CE,Combined TRACON& Tower with Radar,0,6,12,0,18,0,0,1,0,1,0,6,13,0,19,0,0,0,19
12/27/2016,GGG,TX,ASW,CE,Combined TRACON& Tower with Radar,0,6,28,1,35,0,2,22,1,25,0,8,50,2,60,26,0,26,86
12/28/2016,GGG,TX,ASW,CE,Combined TRACON& Tower with Radar,0,4,14,0,18,0,0,3,0,3,0,4,17,0,21,0,0,0,21
12/29/2016,GGG,TX,ASW,CE,Combined TRACON& Tower with Radar,0,4,21,0,25,0,0,39,4,43,0,4,60,4,68,30,0,30,98
12/30/2016,GGG,TX,ASW,CE,Combined TRACON& Tower with Radar,0,4,18,0,22,0,2,27,0,29,0,6,45,0,51,10,0,10,61
12/31/2016,GGG,TX,ASW,CE,Combined TRACON& Tower with Radar,0,5,9,0,14,0,1,2,0,3,0,6,11,0,17,0,0,0,17
01/01/2017,GGG,TX,ASW,CE,Combined TRACON& Tower with Radar,0,4,17,0,21,0,0,0,0,0,0,4,17,0,21,0,0,0,21
01/02/2017,GGG,TX,ASW,CE,Combined TRACON& Tower with Radar,0,3,14,0,17,0,2,16,0,18,0,5,30,0,35,18,0,18,53
01/03/2017,GGG,TX,ASW,CE,Combined TRACON& Tower with Radar,0,8,33,4,45,0,16,21,0,37,0,24,54,4,82,4,6,10,92
01/04/2017,GGG,TX,ASW,CE,Combined TRACON& Tower with Radar,0,8,17,8,33,0,5,21,0,26,0,13,38,8,59,82,0,82,141
01/05/2017,GGG,TX,ASW,CE,Combined TRACON& Tower with Radar,0,4,23,10,37,0,0,0,0,0,0,4,23,10,37,0,0,0,37
01/06/2017,GGG,TX,ASW,CE,Combined TRACON& Tower with Radar,0,7,15,6,28,0,5,3,0,8,0,12,18,6,36,30,0,30,66
01/07/2017,GGG,TX,ASW,CE,Combined TRACON& Tower with Radar,0,8,7,26,41,0,8,24,4,36,0,16,31,30,77,10,16,26,103
01/08/2017,GGG,TX,ASW,CE,Combined TRACON& Tower with Radar,0,4,14,10,28,0,2,17,0,19,0,6,31,10,47,0,0,0,47
01/09/2017,GGG,TX,ASW,CE,Combined TRACON& Tower with Radar,0,10,17,6,33,0,10,6,0,16,0,20,23,6,49,36,4,40,89
01/10/2017,GGG,TX,ASW,CE,Combined TRACON& Tower with Radar,0,9,26,10,45,0,8,7,0,15,0,17,33,10,60,50,0,50,110
01/11/2017,GGG,TX,ASW,CE,Combined TRACON& Tower with Radar,0,7,26,23,56,0,9,8,0,17,0,16,34,23,73,24,12,36,109
01/12/2017,GGG,TX,ASW,CE,Combined TRACON& Tower with Radar,0,14,39,4,57,0,10,19,0,29,0,24,58,4,86,88,0,88,174
01/13/2017,GGG,TX,ASW,CE,Combined TRACON& Tower with Radar,0,18,47,0,65,0,11,2,0,13,0,29,49,0,78,16,0,16,94
01/14/2017,GGG,TX,ASW,CE,Combined TRACON& Tower with Radar,0,2,19,0,21,0,2,5,0,7,0,4,24,0,28,4,0,4,32
01/15/2017,GGG,TX,ASW,CE,Combined TRACON& Tower with Radar,0,2,35,0,37,0,0,0,0,0,0,2,35,0,37,0,0,0,37
01/16/2017,GGG,TX,ASW,CE,Combined TRACON& Tower with Radar,0,4,32,6,42,0,0,0,0,0,0,4,32,6,42,0,0,0,42
01/17/2017,GGG,TX,ASW,CE,Combined TRACON& Tower with Radar,0,11,27,14,52,0,19,5,0,24,0,30,32,14,76,52,4,56,132
01/18/2017,GGG,TX,ASW,CE,Combined TRACON& Tower with Radar,0,6,9,0,15,0,0,0,0,0,0,6,9,0,15,0,0,0,15
01/19/2017,GGG,TX,ASW,CE,Combined TRACON& Tower with Radar,0,4,24,0,28,0,0,0,0,0,0,4,24,0,28,0,0,0,28
01/20/2017,GGG,TX,ASW,CE,Combined TRACON& Tower with Radar,0,8,24,44,76,0,38,47,2,87,0,46,71,46,163,134,20,154,317
01/21/2017,GGG,TX,ASW,CE,Combined TRACON& Tower with Radar,0,10,16,6,32,0,2,2,0,4,0,12,18,6,36,0,0,0,36
01/22/2017,GGG,TX,ASW,CE,Combined TRACON& Tower with Radar,0,4,19,23,46,0,4,5,2,11,0,8,24,25,57,0,10,10,67
01/23/2017,GGG,TX,ASW,CE,Combined TRACON& Tower with Radar,0,10,21,10,41,0,41,34,2,77,0,51,55,12,118,104,0,104,222
01/24/2017,GGG,TX,ASW,CE,Combined TRACON& Tower with Radar,0,12,12,13,37,0,28,35,1,64,0,40,47,14,101,70,0,70,171
01/25/2017,GGG,TX,ASW,CE,Combined TRACON& Tower with Radar,0,7,24,2,33,0,29,45,0,74,0,36,69,2,107,124,0,124,231
01/26/2017,GGG,TX,ASW,CE,Combined TRACON& Tower with Radar,0,21,20,7,48,0,45,42,1,88,0,66,62,8,136,166,0,166,302
01/27/2017,GGG,TX,ASW,CE,Combined TRACON& Tower with Radar,0,10,19,0,29,0,35,27,0,62,0,45,46,0,91,168,0,168,259
01/28/2017,GGG,TX,ASW,CE,Combined TRACON& Tower with Radar,0,2,21,32,55,0,35,36,2,73,0,37,57,34,128,138,18,156,284
01/29/2017,GGG,TX,ASW,CE,Combined TRACON& Tower with Radar,0,10,14,0,24,0,1,21,0,22,0,11,35,0,46,4,0,4,50
01/30/2017,GGG,TX,ASW,CE,Combined TRACON& Tower with Radar,0,5,20,3,28,0,39,22,4,65,0,44,42,7,93,76,0,76,169
01/31/2017,GGG,TX,ASW,CE,Combined TRACON& Tower with Radar,0,15,20,1,36,0,38,22,2,62,0,53,42,3,98,116,0,116,214
02/01/2017,GGG,TX,ASW,CE,Combined TRACON& Tower with Radar,0,9,23,0,32,0,8,6,2,16,0,17,29,2,48,100,0,100,148
02/02/2017,GGG,TX,ASW,CE,Combined TRACON& Tower with Radar,0,17,10,14,41,0,2,0,0,2,0,19,10,14,43,0,0,0,43
02/03/2017,GGG,TX,ASW,CE,Combined TRACON& Tower with Radar,0,13,13,15,41,0,28,27,5,60,0,41,40,20,101,88,0,88,189
02/04/2017,GGG,TX,ASW,CE,Combined TRACON& Tower with Radar,0,3,25,23,51,0,8,17,0,25,0,11,42,23,76,26,8,34,110
02/05/2017,GGG,TX,ASW,CE,Combined TRACON& Tower with Radar,0,4,10,0,14,0,0,0,0,0,0,4,10,0,14,0,0,0,14
02/06/2017,GGG,TX,ASW,CE,Combined TRACON& Tower with Radar,0,10,12,25,47,0,5,4,2,11,0,15,16,27,58,16,4,20,78
02/07/2017,GGG,TX,ASW,CE,Combined TRACON& Tower with Radar,0,5,28,18,51,0,16,19,17,52,0,21,47,35,103,74,32,106,209
02/08/2017,GGG,TX,ASW,CE,Combined TRACON& Tower with Radar,0,6,25,6,37,0,33,27,0,60,0,39,52,6,97,112,4,116,213
02/09/2017,GGG,TX,ASW,CE,Combined TRACON& Tower with Radar,0,6,29,9,44,0,53,36,0,89,0,59,65,9,133,184,12,196,329
02/10/2017,GGG,TX,ASW,CE,Combined TRACON& Tower with Radar,0,13,34,6,53,0,27,28,2,57,0,40,62,8,110,169,6,175,285
02/11/2017,GGG,TX,ASW,CE,Combined TRACON& Tower with Radar,0,8,18,6,32,0,5,16,0,21,0,13,34,6,53,22,0,22,75
02/12/2017,GGG,TX,ASW,CE,Combined TRACON& Tower with Radar,0,4,21,0,25,0,1,8,0,9,0,5,29,0,34,26,0,26,60
02/13/2017,GGG,TX,ASW,CE,Combined TRACON& Tower with Radar,0,13,21,0,34,0,16,20,2,38,0,29,41,2,72,60,0,60,132
02/14/2017,GGG,TX,ASW,CE,Combined TRACON& Tower with Radar,0,12,13,0,25,0,0,0,0,0,0,12,13,0,25,8,0,8,33
02/15/2017,GGG,TX,ASW,CE,Combined TRACON& Tower with Radar,0,9,28,0,37,0,28,35,0,63,0,37,63,0,100,126,0,126,226
02/16/2017,GGG,TX,ASW,CE,Combined TRACON& Tower with Radar,0,9,35,2,46,0,39,22,2,63,0,48,57,4,109,114,0,114,223
02/17/2017,GGG,TX,ASW,CE,Combined TRACON& Tower with Radar,0,9,36,0,45,0,36,26,0,62,0,45,62,0,107,158,0,158,265
02/18/2017,GGG,TX,ASW,CE,Combined TRACON& Tower with Radar,0,8,14,0,22,0,10,16,0,26,0,18,30,0,48,2,0,2,50
02/19/2017,GGG,TX,ASW,CE,Combined TRACON& Tower with Radar,0,4,20,0,24,0,7,9,0,16,0,11,29,0,40,8,0,8,48
02/20/2017,GGG,TX,ASW,CE,Combined TRACON& Tower with Radar,0,7,12,6,25,0,0,1,0,1,0,7,13,6,26,0,0,0,26
02/21/2017,GGG,TX,ASW,CE,Combined TRACON& Tower with Radar,0,12,31,0,43,0,14,7,0,21,0,26,38,0,64,88,0,88,152
02/22/2017,GGG,TX,ASW,CE,Combined TRACON& Tower with Radar,0,10,27,0,37,0,32,53,0,85,0,42,80,0,122,148,0,148,270
02/23/2017,GGG,TX,ASW,CE,Combined TRACON& Tower with Radar,0,5,27,0,32,0,36,32,0,68,0,41,59,0,100,190,0,190,290
02/24/2017,GGG,TX,ASW,CE,Combined TRACON& Tower with Radar,0,6,28,0,34,0,22,51,0,73,0,28,79,0,107,16,0,16,123
02/25/2017,GGG,TX,ASW,CE,Combined TRACON& Tower with Radar,0,9,10,2,21,0,32,25,0,57,0,41,35,2,78,78,0,78,156
02/26/2017,GGG,TX,ASW,CE,Combined TRACON& Tower with Radar,0,5,21,0,26,0,5,11,0,16,0,10,32,0,42,0,0,0,42
02/27/2017,GGG,TX,ASW,CE,Combined TRACON& Tower with Radar,0,4,18,0,22,0,4,1,0,5,0,8,19,0,27,46,0,46,73
02/28/2017,GGG,TX,ASW,CE,Combined TRACON& Tower with Radar,0,13,28,2,43,0,18,8,1,27,0,31,36,3,70,102,0,102,172
03/01/2017,GGG,TX,ASW,CE,Combined TRACON& Tower with Radar,0,8,22,1,31,0,21,19,8,48,0,29,41,9,79,82,0,82,161
03/02/2017,GGG,TX,ASW,CE,Combined TRACON& Tower with Radar,0,14,24,1,39,0,52,30,1,83,0,66,54,2,122,110,2,112,234
03/03/2017,GGG,TX,ASW,CE,Combined TRACON& Tower with Radar,0,13,16,1,30,0,43,53,4,100,0,56,69,5,130,160,0,160,290
03/04/2017,GGG,TX,ASW,CE,Combined TRACON& Tower with Radar,0,4,24,1,29,0,17,20,0,37,0,21,44,1,66,52,0,52,118
03/05/2017,GGG,TX,ASW,CE,Combined TRACON& Tower with Radar,0,6,16,0,22,0,0,0,0,0,0,6,16,0,22,0,0,0,22
03/06/2017,GGG,TX,ASW,CE,Combined TRACON& Tower with Radar,0,12,18,2,32,0,3,4,0,7,0,15,22,2,39,0,0,0,39
03/07/2017,GGG,TX,ASW,CE,Combined TRACON& Tower with Radar,2,8,35,2,47,0,23,8,0,31,2,31,43,2,78,110,0,110,188
03/08/2017,GGG,TX,ASW,CE,Combined TRACON& Tower with Radar,0,13,24,12,49,0,31,25,2,58,0,44,49,14,107,110,0,110,217
03/09/2017,GGG,TX,ASW,CE,Combined TRACON& Tower with Radar,0,6,28,0,34,0,10,6,0,16,0,16,34,0,50,88,0,88,138
03/10/2017,GGG,TX,ASW,CE,Combined TRACON& Tower with Radar,0,10,17,3,30,0,8,18,1,27,0,18,35,4,57,74,2,76,133
03/11/2017,GGG,TX,ASW,CE,Combined TRACON& Tower with Radar,2,8,20,0,30,0,6,0,0,6,2,14,20,0,36,84,0,84,120
03/12/2017,GGG,TX,ASW,CE,Combined TRACON& Tower with Radar,0,4,22,2,28,0,8,7,0,15,0,12,29,2,43,14,0,14,57
03/13/2017,GGG,TX,ASW,CE,Combined TRACON& Tower with Radar,0,16,21,2,39,0,13,4,0,17,0,29,25,2,56,26,0,26,82
03/14/2017,GGG,TX,ASW,CE,Combined TRACON& Tower with Radar,0,14,26,0,40,0,30,27,2,59,0,44,53,2,99,88,0,88,187
03/15/2017,GGG,TX,ASW,CE,Combined TRACON& Tower with Radar,0,14,37,0,51,0,21,25,6,52,0,35,62,6,103,110,0,110,213
03/16/2017,GGG,TX,ASW,CE,Combined TRACON& Tower with Radar,0,21,26,10,57,0,14,8,7,29,0,35,34,17,86,16,0,16,102
03/17/2017,GGG,TX,ASW,CE,Combined TRACON& Tower with Radar,0,12,33,8,53,0,7,8,0,15,0,19,41,8,68,34,0,34,102
03/18/2017,GGG,TX,ASW,CE,Combined TRACON& Tower with Radar,0,5,27,6,38,0,2,2,0,4,0,7,29,6,42,16,0,16,58
03/19/2017,GGG,TX,ASW,CE,Combined TRACON& Tower with Radar,0,8,28,2,38,0,2,20,0,22,0,10,48,2,60,34,0,34,94
03/20/2017,GGG,TX,ASW,CE,Combined TRACON& Tower with Radar,0,8,21,14,43,0,13,15,0,28,0,21,36,14,71,62,12,74,145
03/21/2017,GGG,TX,ASW,CE,Combined TRACON& Tower with Radar,0,16,15,27,58,0,40,18,7,65,0,56,33,34,123,128,12,140,263
03/22/2017,GGG,TX,ASW,CE,Combined TRACON& Tower with Radar,0,20,29,31,80,0,15,7,1,23,0,35,36,32,103,72,16,88,191
03/23/2017,GGG,TX,ASW,CE,Combined TRACON& Tower with Radar,0,10,38,18,66,0,26,19,4,49,0,36,57,22,115,94,12,106,221
03/24/2017,GGG,TX,ASW,CE,Combined TRACON& Tower with Radar,0,8,11,0,19,0,10,5,0,15,0,18,16,0,34,10,0,10,44
03/25/2017,GGG,TX,ASW,CE,Combined TRACON& Tower with Radar,0,9,17,3,29,0,20,30,1,51,0,29,47,4,80,18,0,18,98
03/26/2017,GGG,TX,ASW,CE,Combined TRACON& Tower with Radar,0,4,20,10,34,0,7,17,0,24,0,11,37,10,58,2,0,2,60
03/27/2017,GGG,TX,ASW,CE,Combined TRACON& Tower with Radar,0,21,19,27,67,0,13,13,1,27,0,34,32,28,94,114,0,114,208
03/28/2017,GGG,TX,ASW,CE,Combined TRACON& Tower with Radar,0,17,27,11,55,0,11,17,2,30,0,28,44,13,85,52,0,52,137
03/29/2017,GGG,TX,ASW,CE,Combined TRACON& Tower with Radar,0,15,16,0,31,0,11,17,3,31,0,26,33,3,62,84,0,84,146
03/30/2017,GGG,TX,ASW,CE,Combined TRACON& Tower with Radar,0,13,16,28,57,0,33,37,1,71,0,46,53,29,128,162,8,170,298
03/31/2017,GGG,TX,ASW,CE,Combined TRACON& Tower with Radar,0,16,30,54,100,0,28,29,3,60,0,44,59,57,160,140,52,192,352
04/01/2017,GGG,TX,ASW,CE,Combined TRACON& Tower with Radar,0,3,16,6,25,0,22,22,2,46,0,25,38,8,71,28,0,28,99
04/02/2017,GGG,TX,ASW,CE,Combined TRACON& Tower with Radar,0,3,14,0,17,0,0,1,0,1,0,3,15,0,18,0,0,0,18
04/03/2017,GGG,TX,ASW,CE,Combined TRACON& Tower with Radar,0,14,19,10,43,0,16,7,2,25,0,30,26,12,68,94,0,94,162
04/04/2017,GGG,TX,ASW,CE,Combined TRACON& Tower with Radar,0,12,25,16,53,0,23,29,2,54,0,35,54,18,107,88,14,102,209
04/05/2017,GGG,TX,ASW,CE,Combined TRACON& Tower with Radar,0,14,20,13,47,0,13,7,3,23,0,27,27,16,70,30,4,34,104
04/06/2017,GGG,TX,ASW,CE,Combined TRACON& Tower with Radar,0,13,21,0,34,0,40,38,0,78,0,53,59,0,112,130,0,130,242
04/07/2017,GGG,TX,ASW,CE,Combined TRACON& Tower with Radar,0,14,29,33,76,0,26,27,0,53,0,40,56,33,129,116,14,130,259
04/08/2017,GGG,TX,ASW,CE,Combined TRACON& Tower with Radar,0,4,8,4,16,0,19,42,0,61,0,23,50,4,77,26,16,42,119
04/09/2017,GGG,TX,ASW,CE,Combined TRACON& Tower with Radar,0,9,23,2,34,0,8,7,0,15,0,17,30,2,49,0,0,0,49
04/10/2017,GGG,TX,ASW,CE,Combined TRACON& Tower with Radar,0,17,24,0,41,0,3,3,0,6,0,20,27,0,47,48,0,48,95
04/11/2017,GGG,TX,ASW,CE,Combined TRACON& Tower with Radar,0,17,12,0,29,0,2,1,2,5,0,19,13,2,34,30,0,30,64
04/12/2017,GGG,TX,ASW,CE,Combined TRACON& Tower with Radar,0,15,26,16,57,0,13,18,0,31,0,28,44,16,88,82,0,82,170
04/13/2017,GGG,TX,ASW,CE,Combined TRACON& Tower with Radar,0,7,22,0,29,0,23,11,2,36,0,30,33,2,65,86,0,86,151
04/14/2017,GGG,TX,ASW,CE,Combined TRACON& Tower with Radar,0,4,27,18,49,0,1,30,0,31,0,5,57,18,80,10,6,16,96
04/15/2017,GGG,TX,ASW,CE,Combined TRACON& Tower with Radar,0,12,40,2,54,0,15,21,0,36,0,27,61,2,90,60,0,60,150
04/16/2017,GGG,TX,ASW,CE,Combined TRACON& Tower with Radar,0,6,20,1,27,0,4,9,1,14,0,10,29,2,41,20,0,20,61
04/17/2017,GGG,TX,ASW,CE,Combined TRACON& Tower with Radar,0,11,16,0,27,0,3,9,0,12,0,14,25,0,39,58,0,58,97
04/18/2017,GGG,TX,ASW,CE,Combined TRACON& Tower with Radar,0,16,27,4,47,0,21,25,1,47,0,37,52,5,94,60,0,60,154
04/19/2017,GGG,TX,ASW,CE,Combined TRACON& Tower with Radar,0,20,28,0,48,0,11,15,0,26,0,31,43,0,74,86,0,86,160
04/20/2017,GGG,TX,ASW,CE,Combined TRACON& Tower with Radar,0,22,39,20,81,0,22,28,5,55,0,44,67,25,136,92,0,92,228
04/21/2017,GGG,TX,ASW,CE,Combined TRACON& Tower with Radar,0,14,24,19,57,0,16,14,1,31,0,30,38,20,88,84,0,84,172
04/22/2017,GGG,TX,ASW,CE,Combined TRACON& Tower with Radar,0,12,19,0,31,0,0,2,0,2,0,12,21,0,33,0,0,0,33
04/23/2017,GGG,TX,ASW,CE,Combined TRACON& Tower with Radar,0,9,21,5,35,0,4,15,1,20,0,13,36,6,55,0,0,0,55
04/24/2017,GGG,TX,ASW,CE,Combined TRACON& Tower with Radar,0,20,13,2,35,0,36,28,2,66,0,56,41,4,101,118,0,118,219
04/25/2017,GGG,TX,ASW,CE,Combined TRACON& Tower with Radar,0,7,26,15,48,0,16,10,3,29,0,23,36,18,77,54,12,66,143
04/26/2017,GGG,TX,ASW,CE,Combined TRACON& Tower with Radar,0,7,18,0,25,0,8,3,0,11,0,15,21,0,36,16,0,16,52
04/27/2017,GGG,TX,ASW,CE,Combined TRACON& Tower with Radar,0,16,20,36,72,0,30,39,4,73,0,46,59,40,145,78,18,96,241
04/28/2017,GGG,TX,ASW,CE,Combined TRACON& Tower with Radar,0,8,23,5,36,0,13,10,0,23,0,21,33,5,59,44,0,44,103
04/29/2017,GGG,TX,ASW,CE,Combined TRACON& Tower with Radar,0,5,5,6,16,0,2,0,0,2,0,7,5,6,18,0,0,0,18
04/30/2017,GGG,TX,ASW,CE,Combined TRACON& Tower with Radar,0,3,9,0,12,0,6,7,0,13,0,9,16,0,25,6,0,6,31
05/01/2017,GGG,TX,ASW,CE,Combined TRACON& Tower with Radar,0,14,24,6,44,0,21,31,4,56,0,35,55,10,100,112,2,114,214
05/02/2017,GGG,TX,ASW,CE,Combined TRACON& Tower with Radar,0,18,29,5,52,0,30,35,1,66,0,48,64,6,118,170,10,180,298
05/03/2017,GGG,TX,ASW,CE,Combined TRACON& Tower with Radar,0,5,20,0,25,0,3,1,1,5,0,8,21,1,30,0,0,0,30
05/04/2017,GGG,TX,ASW,CE,Combined TRACON& Tower with Radar,0,9,29,51,89,0,15,25,2,42,0,24,54,53,131,130,110,240,371
05/05/2017,GGG,TX,ASW,CE,Combined TRACON& Tower with Radar,0,8,10,34,52,0,31,33,0,64,0,39,43,34,116,52,10,62,178
05/06/2017,GGG,TX,ASW,CE,Combined TRACON& Tower with Radar,0,4,20,6,30,0,27,23,2,52,0,31,43,8,82,8,0,8,90
05/07/2017,GGG,TX,ASW,CE,Combined TRACON& Tower with Radar,0,6,12,0,18,0,13,16,0,29,0,19,28,0,47,10,0,10,57
05/08/2017,GGG,TX,ASW,CE,Combined TRACON& Tower with Radar,0,22,21,21,64,0,27,26,9,62,0,49,47,30,126,187,64,251,377
05/09/2017,GGG,TX,ASW,CE,Combined TRACON& Tower with Radar,0,15,22,22,59,0,30,9,1,40,0,45,31,23,99,146,6,152,251
05/10/2017,GGG,TX,ASW,CE,Combined TRACON& Tower with Radar,0,8,35,28,71,0,11,9,0,20,0,19,44,28,91,44,6,50,141
05/11/2017,GGG,TX,ASW,CE,Combined TRACON& Tower with Radar,0,11,23,3,37,0,3,6,1,10,0,14,29,4,47,38,0,38,85
05/12/2017,GGG,TX,ASW,CE,Combined TRACON& Tower with Radar,0,11,31,18,60,0,8,14,2,24,0,19,45,20,84,34,8,42,126
05/13/2017,GGG,TX,ASW,CE,Combined TRACON& Tower with Radar,0,7,22,0,29,0,16,31,4,51,0,23,53,4,80,10,0,10,90
05/14/2017,GGG,TX,ASW,CE,Combined TRACON& Tower with Radar,0,8,16,6,30,0,9,16,2,27,0,17,32,8,57,0,4,4,61
05/15/2017,GGG,TX,ASW,CE,Combined TRACON& Tower with Radar,0,9,14,21,44,0,10,23,1,34,0,19,37,22,78,36,4,40,118
05/16/2017,GGG,TX,ASW,CE,Combined TRACON& Tower with Radar,0,15,34,17,66,0,25,19,1,45,0,40,53,18,111,54,4,58,169
05/17/2017,GGG,TX,ASW,CE,Combined TRACON& Tower with Radar,0,11,27,4,42,0,8,6,3,17,0,19,33,7,59,100,0,100,159
05/18/2017,GGG,TX,ASW,CE,Combined TRACON& Tower with Radar,0,7,27,4,38,0,8,10,1,19,0,15,37,5,57,50,4,54,111
05/19/2017,GGG,TX,ASW,CE,Combined TRACON& Tower with Radar,0,11,22,10,43,0,9,5,0,14,0,20,27,10,57,56,0,56,113
05/20/2017,GGG,TX,ASW,CE,Combined TRACON& Tower with Radar,0,5,10,5,20,0,7,6,2,15,0,12,16,7,35,56,20,76,111
05/21/2017,GGG,TX,ASW,CE,Combined TRACON& Tower with Radar,0,5,7,2,14,0,2,6,1,9,0,7,13,3,23,0,0,0,23
05/22/2017,GGG,TX,ASW,CE,Combined TRACON& Tower with Radar,0,7,27,0,34,0,0,5,0,5,0,7,32,0,39,0,0,0,39
05/23/2017,GGG,TX,ASW,CE,Combined TRACON& Tower with Radar,0,6,30,0,36,0,0,5,0,5,0,6,35,0,41,0,0,0,41
05/24/2017,GGG,TX,ASW,CE,Combined TRACON& Tower with Radar,0,8,16,8,32,0,20,39,0,59,0,28,55,8,91,120,8,128,219
05/25/2017,GGG,TX,ASW,CE,Combined TRACON& Tower with Radar,0,12,31,16,59,0,26,43,0,69,0,38,74,16,128,150,0,150,278
05/26/2017,GGG,TX,ASW,CE,Combined TRACON& Tower with Radar,0,13,21,4,38,0,9,14,0,23,0,22,35,4,61,36,0,36,97
05/27/2017,GGG,TX,ASW,CE,Combined TRACON& Tower with Radar,0,8,10,0,18,0,2,5,1,8,0,10,15,1,26,6,0,6,32
05/28/2017,GGG,TX,ASW,CE,Combined TRACON& Tower with Radar,0,6,5,0,11,0,2,3,0,5,0,8,8,0,16,4,0,4,20
05/29/2017,GGG,TX,ASW,CE,Combined TRACON& Tower with Radar,0,5,22,0,27,0,0,5,0,5,0,5,27,0,32,4,0,4,36
05/30/2017,GGG,TX,ASW,CE,Combined TRACON& Tower with Radar,0,14,17,3,34,0,24,16,3,43,0,38,33,6,77,88,2,90,167
05/31/2017,GGG,TX,ASW,CE,Combined TRACON& Tower with Radar,0,10,13,1,24,0,18,8,1,27,0,28,21,2,51,62,0,62,113
06/01/2017,GGG,TX,ASW,CE,Combined TRACON& Tower with Radar,0,13,31,0,44,0,12,8,0,20,0,25,39,0,64,66,0,66,130
06/02/2017,GGG,TX,ASW,CE,Combined TRACON& Tower with Radar,0,6,30,5,41,0,0,6,0,6,0,6,36,5,47,28,0,28,75
06/03/2017,GGG,TX,ASW,CE,Combined TRACON& Tower with Radar,0,2,15,1,18,0,2,2,0,4,0,4,17,1,22,28,0,28,50
06/04/2017,GGG,TX,ASW,CE,Combined TRACON& Tower with Radar,0,2,29,2,33,0,2,1,0,3,0,4,30,2,36,0,0,0,36
06/05/2017,GGG,TX,ASW,CE,Combined TRACON& Tower with Radar,0,26,20,2,48,0,9,5,0,14,0,35,25,2,62,22,0,22,84
06/06/2017,GGG,TX,ASW,CE,Combined TRACON& Tower with Radar,0,21,21,0,42,0,15,14,0,29,0,36,35,0,71,22,0,22,93
06/07/2017,GGG,TX,ASW,CE,Combined TRACON& Tower with Radar,0,12,28,18,58,0,28,16,1,45,0,40,44,19,103,74,34,108,211
06/08/2017,GGG,TX,ASW,CE,Combined TRACON& Tower with Radar,0,17,33,14,64,0,30,32,0,62,0,47,65,14,126,80,6,86,212
06/09/2017,GGG,TX,ASW,CE,Combined TRACON& Tower with Radar,0,12,23,14,49,0,13,29,0,42,0,25,52,14,91,56,2,58,149
06/10/2017,GGG,TX,ASW,CE,Combined TRACON& Tower with Radar,0,8,17,6,31,0,14,22,0,36,0,22,39,6,67,32,0,32,99
06/11/2017,GGG,TX,ASW,CE,Combined TRACON& Tower with Radar,0,5,19,24,48,0,5,15,0,20,0,10,34,24,68,2,12,14,82
06/12/2017,GGG,TX,ASW,CE,Combined TRACON& Tower with Radar,0,13,27,6,46,0,7,6,0,13,0,20,33,6,59,40,0,40,99
06/13/2017,GGG,TX,ASW,CE,Combined TRACON& Tower with Radar,0,12,42,4,58,0,19,14,2,35,0,31,56,6,93,36,2,38,131
06/14/2017,GGG,TX,ASW,CE,Combined TRACON& Tower with Radar,0,7,31,18,56,0,19,18,2,39,0,26,49,20,95,36,40,76,171
06/15/2017,GGG,TX,ASW,CE,Combined TRACON& Tower with Radar,0,10,26,14,50,0,18,22,0,40,0,28,48,14,90,36,26,62,152
06/16/2017,GGG,TX,ASW,CE,Combined TRACON& Tower with Radar,0,7,25,22,54,0,19,15,0,34,0,26,40,22,88,102,0,102,190
06/17/2017,GGG,TX,ASW,CE,Combined TRACON& Tower with Radar,0,1,2,0,3,0,0,0,0,0,0,1,2,0,3,12,4,16,19
06/18/2017,GGG,TX,ASW,CE,Combined TRACON& Tower with Radar,0,1,1,0,2,0,3,0,0,3,0,4,1,0,5,24,0,24,29
06/19/2017,GGG,TX,ASW,CE,Combined TRACON& Tower with Radar,0,8,24,0,32,0,20,14,0,34,0,28,38,0,66,100,0,100,166
06/20/2017,GGG,TX,ASW,CE,Combined TRACON& Tower with Radar,0,14,14,31,59,0,24,21,7,52,0,38,35,38,111,100,38,138,249
06/21/2017,GGG,TX,ASW,CE,Combined TRACON& Tower with Radar,0,13,35,0,48,0,23,19,0,42,0,36,54,0,90,58,0,58,148
06/22/2017,GGG,TX,ASW,CE,Combined TRACON& Tower with Radar,0,7,13,0,20,0,3,2,0,5,0,10,15,0,25,4,0,4,29
06/23/2017,GGG,TX,ASW,CE,Combined TRACON& Tower with Radar,0,21,22,2,45,0,21,20,0,41,0,42,42,2,86,82,0,82,168
06/24/2017,GGG,TX,ASW,CE,Combined TRACON& Tower with Radar,0,4,13,19,36,0,0,8,0,8,0,4,21,19,44,0,0,0,44
06/25/2017,GGG,TX,ASW,CE,Combined TRACON& Tower with Radar,0,6,16,3,25,0,1,6,0,7,0,7,22,3,32,12,0,12,44
06/26/2017,GGG,TX,ASW,CE,Combined TRACON& Tower with Radar,0,16,33,43,92,0,19,18,2,39,0,35,51,45,131,106,12,118,249
06/27/2017,GGG,TX,ASW,CE,Combined TRACON& Tower with Radar,2,19,20,24,65,0,20,16,0,36,2,39,36,24,101,102,8,110,211
06/28/2017,GGG,TX,ASW,CE,Combined TRACON& Tower with Radar,0,11,31,7,49,0,21,39,1,61,0,32,70,8,110,38,6,44,154
06/29/2017,GGG,TX,ASW,CE,Combined TRACON& Tower with Radar,0,10,38,16,64,0,6,22,2,30,0,16,60,18,94,20,2,22,116
06/30/2017,GGG,TX,ASW,CE,Combined TRACON& Tower with Radar,0,4,26,4,34,0,5,13,0,18,0,9,39,4,52,32,0,32,84
07/01/2017,GGG,TX,ASW,CE,Combined TRACON& Tower with Radar,0,2,14,0,16,0,3,3,0,6,0,5,17,0,22,10,0,10,32
07/02/2017,GGG,TX,ASW,CE,Combined TRACON& Tower with Radar,0,4,14,0,18,0,2,3,0,5,0,6,17,0,23,18,0,18,41
07/03/2017,GGG,TX,ASW,CE,Combined TRACON& Tower with Radar,0,3,16,0,19,0,5,12,2,19,0,8,28,2,38,70,0,70,108
07/04/2017,GGG,TX,ASW,CE,Combined TRACON& Tower with Radar,0,2,5,0,7,0,0,9,0,9,0,2,14,0,16,0,0,0,16
07/05/2017,GGG,TX,ASW,CE,Combined TRACON& Tower with Radar,0,10,28,3,41,0,20,18,0,38,0,30,46,3,79,44,0,44,123
07/06/2017,GGG,TX,ASW,CE,Combined TRACON& Tower with Radar,2,13,17,0,32,0,16,11,0,27,2,29,28,0,59,86,0,86,145
07/07/2017,GGG,TX,ASW,CE,Combined TRACON& Tower with Radar,0,9,19,44,72,0,20,21,3,44,0,29,40,47,116,120,4,124,240
07/08/2017,GGG,TX,ASW,CE,Combined TRACON& Tower with Radar,0,3,23,8,34,0,6,10,2,18,0,9,33,10,52,34,0,34,86
07/09/2017,GGG,TX,ASW,CE,Combined TRACON& Tower with Radar,0,6,18,0,24,0,2,10,0,12,0,8,28,0,36,24,0,24,60
07/10/2017,GGG,TX,ASW,CE,Combined TRACON& Tower with Radar,2,12,26,9,49,0,24,16,0,40,2,36,42,9,89,158,8,166,255
07/11/2017,GGG,TX,ASW,CE,Combined TRACON& Tower with Radar,0,8,17,0,25,0,15,19,0,34,0,23,36,0,59,96,0,96,155
07/12/2017,GGG,TX,ASW,CE,Combined TRACON& Tower with Radar,0,13,32,6,51,0,24,17,0,41,0,37,49,6,92,96,6,102,194
07/13/2017,GGG,TX,ASW,CE,Combined TRACON& Tower with Radar,0,11,30,3,44,0,19,10,0,29,0,30,40,3,73,72,12,84,157
07/14/2017,GGG,TX,ASW,CE,Combined TRACON& Tower with Radar,0,7,21,48,76,0,21,20,5,46,0,28,41,53,122,106,30,136,258
07/15/2017,GGG,TX,ASW,CE,Combined TRACON& Tower with Radar,0,7,12,7,26,0,2,25,1,28,0,9,37,8,54,38,0,38,92
07/16/2017,GGG,TX,ASW,CE,Combined TRACON& Tower with Radar,0,5,10,14,29,0,2,2,0,4,0,7,12,14,33,0,0,0,33
07/17/2017,GGG,TX,ASW,CE,Combined TRACON& Tower with Radar,0,9,26,15,50,0,30,15,1,46,0,39,41,16,96,88,2,90,186
07/18/2017,GGG,TX,ASW,CE,Combined TRACON& Tower with Radar,0,12,34,22,68,0,20,30,0,50,0,32,64,22,118,96,0,96,214
07/19/2017,GGG,TX,ASW,CE,Combined TRACON& Tower with Radar,0,4,16,33,53,0,19,20,5,44,0,23,36,38,97,108,12,120,217
07/20/2017,GGG,TX,ASW,CE,Combined TRACON& Tower with Radar,0,5,24,5,34,0,5,31,2,38,0,10,55,7,72,4,12,16,88
07/21/2017,GGG,TX,ASW,CE,Combined TRACON& Tower with Radar,0,7,17,43,67,0,6,17,1,24,0,13,34,44,91,12,18,30,121
07/22/2017,GGG,TX,ASW,CE,Combined TRACON& Tower with Radar,0,2,16,17,35,0,5,20,1,26,0,7,36,18,61,32,2,34,95
07/23/2017,GGG,TX,ASW,CE,Combined TRACON& Tower with Radar,0,5,19,12,36,0,2,10,0,12,0,7,29,12,48,0,0,0,48
07/24/2017,GGG,TX,ASW,CE,Combined TRACON& Tower with Radar,0,7,24,1,32,0,9,6,0,15,0,16,30,1,47,66,0,66,113
07/25/2017,GGG,TX,ASW,CE,Combined TRACON& Tower with Radar,0,6,33,3,42,0,9,28,8,45,0,15,61,11,87,14,30,44,131
07/26/2017,GGG,TX,ASW,CE,Combined TRACON& Tower with Radar,0,4,27,10,41,0,2,16,2,20,0,6,43,12,61,2,6,8,69
07/27/2017,GGG,TX,ASW,CE,Combined TRACON& Tower with Radar,0,4,35,44,83,0,1,27,4,32,0,5,62,48,115,10,4,14,129
07/28/2017,GGG,TX,ASW,CE,Combined TRACON& Tower with Radar,0,6,27,5,38,0,2,21,3,26,0,8,48,8,64,2,12,14,78
07/29/2017,GGG,TX,ASW,CE,Combined TRACON& Tower with Radar,0,4,11,0,15,0,3,15,0,18,0,7,26,0,33,8,0,8,41
07/30/2017,GGG,TX,ASW,CE,Combined TRACON& Tower with Radar,0,4,14,3,21,0,2,24,4,30,0,6,38,7,51,26,0,26,77
07/31/2017,GGG,TX,ASW,CE,Combined TRACON& Tower with Radar,0,4,24,21,49,0,5,24,2,31,0,9,48,23,80,22,26,48,128
08/01/2017,GGG,TX,ASW,CE,Combined TRACON& Tower with Radar,0,9,21,19,49,0,14,23,0,37,0,23,44,19,86,108,14,122,208
08/02/2017,GGG,TX,ASW,CE,Combined TRACON& Tower with Radar,0,7,32,3,42,0,5,5,0,10,0,12,37,3,52,38,0,38,90
08/03/2017,GGG,TX,ASW,CE,Combined TRACON& Tower with Radar,0,5,27,6,38,0,14,7,0,21,0,19,34,6,59,52,14,66,125
08/04/2017,GGG,TX,ASW,CE,Combined TRACON& Tower with Radar,0,11,23,28,62,0,13,15,2,30,0,24,38,30,92,54,6,60,152
08/05/2017,GGG,TX,ASW,CE,Combined TRACON& Tower with Radar,0,5,20,17,42,0,12,16,3,31,0,17,36,20,73,40,4,44,117
08/06/2017,GGG,TX,ASW,CE,Combined TRACON& Tower with Radar,0,4,18,5,27,0,0,7,0,7,0,4,25,5,34,14,0,14,48
08/07/2017,GGG,TX,ASW,CE,Combined TRACON& Tower with Radar,0,1,18,2,21,0,0,2,0,2,0,1,20,2,23,0,0,0,23
08/08/2017,GGG,TX,ASW,CE,Combined TRACON& Tower with Radar,0,13,27,9,49,0,2,2,2,6,0,15,29,11,55,48,0,48,103
08/09/2017,GGG,TX,ASW,CE,Combined TRACON& Tower with Radar,0,11,26,3,40,0,0,2,1,3,0,11,28,4,43,54,0,54,97
08/10/2017,GGG,TX,ASW,CE,Combined TRACON& Tower with Radar,0,12,22,10,44,0,8,8,0,16,0,20,30,10,60,58,2,60,120
08/11/2017,GGG,TX,ASW,CE,Combined TRACON& Tower with Radar,0,9,20,8,37,0,13,15,0,28,0,22,35,8,65,42,2,44,109
08/12/2017,GGG,TX,ASW,CE,Combined TRACON& Tower with Radar,0,4,15,2,21,0,6,31,0,37,0,10,46,2,58,54,0,54,112
08/13/2017,GGG,TX,ASW,CE,Combined TRACON& Tower with Radar,0,4,17,0,21,0,2,5,0,7,0,6,22,0,28,8,0,8,36
08/14/2017,GGG,TX,ASW,CE,Combined TRACON& Tower with Radar,0,12,19,0,31,0,15,12,0,27,0,27,31,0,58,34,0,34,92
08/15/2017,GGG,TX,ASW,CE,Combined TRACON& Tower with Radar,0,8,37,13,58,0,5,22,4,31,0,13,59,17,89,28,8,36,125
08/16/2017,GGG,TX,ASW,CE,Combined TRACON& Tower with Radar,0,8,33,39,80,0,6,27,5,38,0,14,60,44,118,40,0,40,158
08/17/2017,GGG,TX,ASW,CE,Combined TRACON& Tower with Radar,0,10,25,2,37,0,10,4,0,14,0,20,29,2,51,66,0,66,117
08/18/2017,GGG,TX,ASW,CE,Combined TRACON& Tower with Radar,0,7,24,21,52,0,18,17,2,37,0,25,41,23,89,76,6,82,171
08/19/2017,GGG,TX,ASW,CE,Combined TRACON& Tower with Radar,0,12,18,17,47,0,7,19,1,27,0,19,37,18,74,52,4,56,130
08/20/2017,GGG,TX,ASW,CE,Combined TRACON& Tower with Radar,0,4,28,19,51,0,1,24,0,25,0,5,52,19,76,8,0,8,84
08/21/2017,GGG,TX,ASW,CE,Combined TRACON& Tower with Radar,0,6,13,37,56,0,6,16,0,22,0,12,29,37,78,30,12,42,120
08/22/2017,GGG,TX,ASW,CE,Combined TRACON& Tower with Radar,0,10,26,1,37,0,27,28,4,59,0,37,54,5,96,78,0,78,174
08/23/2017,GGG,TX,ASW,CE,Combined TRACON& Tower with Radar,0,6,32,2,40,0,19,13,5,37,0,25,45,7,77,66,0,66,143
08/24/2017,GGG,TX,ASW,CE,Combined TRACON& Tower with Radar,0,12,31,9,52,0,8,6,2,16,0,20,37,11,68,18,0,18,86
08/25/2017,GGG,TX,ASW,CE,Combined TRACON& Tower with Radar,0,10,18,19,47,0,19,17,0,36,0,29,35,19,83,124,12,136,219
08/26/2017,GGG,TX,ASW,CE,Combined TRACON& Tower with Radar,0,9,6,0,15,0,3,9,2,14,0,12,15,2,29,12,0,12,41
08/27/2017,GGG,TX,ASW,CE,Combined TRACON& Tower with Radar,0,4,6,0,10,0,0,1,0,1,0,4,7,0,11,0,0,0,11
08/28/2017,GGG,TX,ASW,CE,Combined TRACON& Tower with Radar,0,7,20,0,27,0,9,12,0,21,0,16,32,0,48,74,0,74,122
08/29/2017,GGG,TX,ASW,CE,Combined TRACON& Tower with Radar,0,9,14,0,23,0,21,13,0,34,0,30,27,0,57,134,0,134,191
08/30/2017,GGG,TX,ASW,CE,Combined TRACON& Tower with Radar,0,11,11,2,24,0,9,1,0,10,0,20,12,2,34,106,0,106,140
08/31/2017,GGG,TX,ASW,CE,Combined TRACON& Tower with Radar,0,6,14,0,20,0,22,30,2,54,0,28,44,2,74,80,0,80,154
09/01/2017,GGG,TX,ASW,CE,Combined TRACON& Tower with Radar,0,16,27,2,45,0,32,38,2,72,0,48,65,4,117,124,0,124,241
09/02/2017,GGG,TX,ASW,CE,Combined TRACON& Tower with Radar,0,9,20,0,29,0,11,23,0,34,0,20,43,0,63,104,0,104,167
09/03/2017,GGG,TX,ASW,CE,Combined TRACON& Tower with Radar,0,4,10,0,14,0,6,19,0,25,0,10,29,0,39,102,0,102,141
09/04/2017,GGG,TX,ASW,CE,Combined TRACON& Tower with Radar,0,9,29,0,38,0,32,12,0,44,0,41,41,0,82,156,0,156,238
09/05/2017,GGG,TX,ASW,CE,Combined TRACON& Tower with Radar,0,11,14,9,34,0,19,10,5,34,0,30,24,14,68,96,0,96,164
09/06/2017,GGG,TX,ASW,CE,Combined TRACON& Tower with Radar,0,6,18,16,40,0,30,13,4,47,0,36,31,20,87,60,12,72,159
09/07/2017,GGG,TX,ASW,CE,Combined TRACON& Tower with Radar,0,7,22,12,41,0,29,22,7,58,0,36,44,19,99,40,12,52,151
09/08/2017,GGG,TX,ASW,CE,Combined TRACON& Tower with Radar,1,5,34,38,78,0,29,24,0,53,1,34,58,38,131,64,10,74,205
09/09/2017,GGG,TX,ASW,CE,Combined TRACON& Tower with Radar,0,8,25,11,44,0,19,27,0,46,0,27,52,11,90,48,56,104,194
09/10/2017,GGG,TX,ASW,CE,Combined TRACON& Tower with Radar,0,4,16,13,33,0,4,17,0,21,0,8,33,13,54,2,2,4,58
09/11/2017,GGG,TX,ASW,CE,Combined TRACON& Tower with Radar,0,5,7,1,13,0,17,16,1,34,0,22,23,2,47,50,18,68,115
09/12/2017,GGG,TX,ASW,CE,Combined TRACON& Tower with Radar,0,11,18,8,37,0,11,21,2,34,0,22,39,10,71,91,16,107,178
09/13/2017,GGG,TX,ASW,CE,Combined TRACON& Tower with Radar,0,7,26,20,53,0,32,33,1,66,0,39,59,21,119,70,16,86,205
09/14/2017,GGG,TX,ASW,CE,Combined TRACON& Tower with Radar,0,8,34,5,47,0,16,24,1,41,0,24,58,6,88,88,6,94,182
09/15/2017,GGG,TX,ASW,CE,Combined TRACON& Tower with Radar,0,5,24,36,65,0,24,23,3,50,0,29,47,39,115,78,6,84,199
09/16/2017,GGG,TX,ASW,CE,Combined TRACON& Tower with Radar,0,6,10,2,18,0,19,20,0,39,0,25,30,2,57,64,0,64,121
09/17/2017,GGG,TX,ASW,CE,Combined TRACON& Tower with Radar,0,8,21,22,51,0,11,18,0,29,0,19,39,22,80,32,0,32,112
09/18/2017,GGG,TX,ASW,CE,Combined TRACON& Tower with Radar,0,6,27,8,41,0,17,10,0,27,0,23,37,8,68,66,0,66,134
09/19/2017,GGG,TX,ASW,CE,Combined TRACON& Tower with Radar,0,10,34,0,44,0,15,15,0,30,0,25,49,0,74,90,0,90,164
09/20/2017,GGG,TX,ASW,CE,Combined TRACON& Tower with Radar,0,9,31,3,43,0,19,20,2,41,0,28,51,5,84,122,8,130,214
09/21/2017,GGG,TX,ASW,CE,Combined TRACON& Tower with Radar,0,10,33,17,60,0,13,27,0,40,0,23,60,17,100,104,12,116,216
09/22/2017,GGG,TX,ASW,CE,Combined TRACON& Tower with Radar,0,8,27,12,47,0,27,30,3,60,0,35,57,15,107,76,6,82,189
09/23/2017,GGG,TX,ASW,CE,Combined TRACON& Tower with Radar,0,4,9,6,19,0,24,20,0,44,0,28,29,6,63,64,0,64,127
09/24/2017,GGG,TX,ASW,CE,Combined TRACON& Tower with Radar,0,4,29,5,38,0,7,32,4,43,0,11,61,9,81,38,2,40,121
09/25/2017,GGG,TX,ASW,CE,Combined TRACON& Tower with Radar,0,6,18,14,38,0,21,46,1,68,0,27,64,15,106,74,0,74,180
09/26/2017,GGG,TX,ASW,CE,Combined TRACON& Tower with Radar,0,16,23,27,66,0,24,25,0,49,0,40,48,27,115,118,0,118,233
09/27/2017,GGG,TX,ASW,CE,Combined TRACON& Tower with Radar,0,9,30,39,78,0,29,19,4,52,0,38,49,43,130,159,60,219,349
09/28/2017,GGG,TX,ASW,CE,Combined TRACON& Tower with Radar,0,16,23,3,42,0,31,19,0,50,0,47,42,3,92,64,0,64,156
09/29/2017,GGG,TX,ASW,CE,Combined TRACON& Tower with Radar,0,16,25,4,45,0,32,11,0,43,0,48,36,4,88,110,0,110,198
09/30/2017,GGG,TX,ASW,CE,Combined TRACON& Tower with Radar,0,9,27,0,36,0,17,21,0,38,0,26,48,0,74,52,0,52,126
10/01/2017,GGG,TX,ASW,CE,Combined TRACON& Tower with Radar,0,7,31,2,40,0,8,26,0,34,0,15,57,2,74,36,0,36,110
10/02/2017,GGG,TX,ASW,CE,Combined TRACON& Tower with Radar,0,15,17,8,40,0,20,3,0,23,0,35,20,8,63,106,18,124,187
10/03/2017,GGG,TX,ASW,CE,Combined TRACON& Tower with Radar,0,12,17,2,31,0,2,0,0,2,0,14,17,2,33,2,0,2,35
10/04/2017,GGG,TX,ASW,CE,Combined TRACON& Tower with Radar,0,11,46,5,62,0,20,41,2,63,0,31,87,7,125,194,0,194,319
10/05/2017,GGG,TX,ASW,CE,Combined TRACON& Tower with Radar,0,12,54,8,74,0,36,39,2,77,0,48,93,10,151,138,0,138,289
10/06/2017,GGG,TX,ASW,CE,Combined TRACON& Tower with Radar,0,8,35,36,79,0,26,20,1,47,0,34,55,37,126,108,0,108,234
10/07/2017,GGG,TX,ASW,CE,Combined TRACON& Tower with Radar,0,5,18,6,29,0,22,16,0,38,0,27,34,6,67,64,4,68,135
10/08/2017,GGG,TX,ASW,CE,Combined TRACON& Tower with Radar,0,5,20,0,25,0,4,13,0,17,0,9,33,0,42,43,0,43,85
10/09/2017,GGG,TX,ASW,CE,Combined TRACON& Tower with Radar,0,6,13,3,22,0,22,14,0,36,0,28,27,3,58,60,0,60,118
10/10/2017,GGG,TX,ASW,CE,Combined TRACON& Tower with Radar,0,12,18,0,30,0,18,26,0,44,0,30,44,0,74,114,0,114,188
10/11/2017,GGG,TX,ASW,CE,Combined TRACON& Tower with Radar,0,11,26,2,39,0,26,23,0,49,0,37,49,2,88,164,0,164,252
10/12/2017,GGG,TX,ASW,CE,Combined TRACON& Tower with Radar,0,20,30,19,69,0,42,32,2,76,0,62,62,21,145,178,30,208,353
10/13/2017,GGG,TX,ASW,CE,Combined TRACON& Tower with Radar,0,5,17,45,67,0,19,32,0,51,0,24,49,45,118,86,40,126,244
10/14/2017,GGG,TX,ASW,CE,Combined TRACON& Tower with Radar,0,6,25,69,100,0,8,41,3,52,0,14,66,72,152,8,28,36,188
10/15/2017,GGG,TX,ASW,CE,Combined TRACON& Tower with Radar,0,4,19,16,39,0,3,7,0,10,0,7,26,16,49,18,0,18,67
10/16/2017,GGG,TX,ASW,CE,Combined TRACON& Tower with Radar,0,10,14,13,37,0,15,25,0,40,0,25,39,13,77,58,0,58,135
10/17/2017,GGG,TX,ASW,CE,Combined TRACON& Tower with Radar,0,14,19,11,44,0,21,28,0,49,0,35,47,11,93,32,12,44,137
10/18/2017,GGG,TX,ASW,CE,Combined TRACON& Tower with Radar,0,13,29,0,42,0,22,18,0,40,0,35,47,0,82,95,0,95,177
10/19/2017,GGG,TX,ASW,CE,Combined TRACON& Tower with Radar,0,6,37,6,49,0,20,15,1,36,0,26,52,7,85,52,0,52,137
10/20/2017,GGG,TX,ASW,CE,Combined TRACON& Tower with Radar,0,10,20,21,51,0,19,15,0,34,0,29,35,21,85,98,0,98,183
10/21/2017,GGG,TX,ASW,CE,Combined TRACON& Tower with Radar,0,6,3,6,15,0,7,0,0,7,0,13,3,6,22,42,0,42,64
10/22/2017,GGG,TX,ASW,CE,Combined TRACON& Tower with Radar,0,6,17,0,23,0,0,2,0,2,0,6,19,0,25,16,0,16,41
10/23/2017,GGG,TX,ASW,CE,Combined TRACON& Tower with Radar,0,21,25,13,59,0,23,27,4,54,0,44,52,17,113,86,18,104,217
10/24/2017,GGG,TX,ASW,CE,Combined TRACON& Tower with Radar,0,11,29,3,43,0,11,17,4,32,0,22,46,7,75,50,0,50,125
10/25/2017,GGG,TX,ASW,CE,Combined TRACON& Tower with Radar,0,18,44,3,65,0,25,26,1,52,0,43,70,4,117,114,6,120,237
10/26/2017,GGG,TX,ASW,CE,Combined TRACON& Tower with Radar,0,6,36,8,50,0,20,19,2,41,0,26,55,10,91,63,8,71,162
10/27/2017,GGG,TX,ASW,CE,Combined TRACON& Tower with Radar,0,7,13,20,40,0,11,10,2,23,0,18,23,22,63,62,2,64,127
10/28/2017,GGG,TX,ASW,CE,Combined TRACON& Tower with Radar,0,3,9,3,15,0,9,11,0,20,0,12,20,3,35,26,0,26,61
10/29/2017,GGG,TX,ASW,CE,Combined TRACON& Tower with Radar,0,4,9,0,13,0,3,10,0,13,0,7,19,0,26,20,0,20,46
10/30/2017,GGG,TX,ASW,CE,Combined TRACON& Tower with Radar,0,10,15,7,32,0,36,29,2,67,0,46,44,9,99,114,4,118,217
10/31/2017,GGG,TX,ASW,CE,Combined TRACON& Tower with Radar,0,12,35,9,56,0,16,9,2,27,0,28,44,11,83,86,0,86,169
11/01/2017,GGG,TX,ASW,CE,Combined TRACON& Tower with Radar,0,19,24,23,66,0,9,5,0,14,0,28,29,23,80,46,32,78,158
11/02/2017,GGG,TX,ASW,CE,Combined TRACON& Tower with Radar,0,13,31,21,65,0,5,23,0,28,0,18,54,21,93,70,0,70,163
11/03/2017,GGG,TX,ASW,CE,Combined TRACON& Tower with Radar,0,19,46,19,84,0,11,8,1,20,0,30,54,20,104,92,0,92,196
11/04/2017,GGG,TX,ASW,CE,Combined TRACON& Tower with Radar,0,11,33,29,73,0,7,5,0,12,0,18,38,29,85,48,14,62,147
11/05/2017,GGG,TX,ASW,CE,Combined TRACON& Tower with Radar,0,4,19,0,23,0,5,7,1,13,0,9,26,1,36,0,0,0,36
11/06/2017,GGG,TX,ASW,CE,Combined TRACON& Tower with Radar,0,9,40,30,79,0,22,14,0,36,0,31,54,30,115,148,34,182,297
11/07/2017,GGG,TX,ASW,CE,Combined TRACON& Tower with Radar,0,9,41,6,56,0,0,1,0,1,0,9,42,6,57,6,0,6,63
11/08/2017,GGG,TX,ASW,CE,Combined TRACON& Tower with Radar,0,6,34,0,40,0,0,0,0,0,0,6,34,0,40,0,0,0,40
11/09/2017,GGG,TX,ASW,CE,Combined TRACON& Tower with Radar,0,6,42,6,54,0,20,17,0,37,0,26,59,6,91,86,10,96,187
11/10/2017,GGG,TX,ASW,CE,Combined TRACON& Tower with Radar,0,4,19,0,23,0,19,37,0,56,0,23,56,0,79,144,0,144,223
11/11/2017,GGG,TX,ASW,CE,Combined TRACON& Tower with Radar,0,4,19,0,23,0,14,18,0,32,0,18,37,0,55,66,0,66,121
11/12/2017,GGG,TX,ASW,CE,Combined TRACON& Tower with Radar,0,4,33,0,37,0,2,5,0,7,0,6,38,0,44,8,0,8,52
11/13/2017,GGG,TX,ASW,CE,Combined TRACON& Tower with Radar,0,10,31,4,45,0,5,2,0,7,0,15,33,4,52,16,0,16,68
11/14/2017,GGG,TX,ASW,CE,Combined TRACON& Tower with Radar,0,11,10,10,31,0,25,24,0,49,0,36,34,10,80,106,10,116,196
11/15/2017,GGG,TX,ASW,CE,Combined TRACON& Tower with Radar,0,8,37,4,49,0,28,13,3,44,0,36,50,7,93,122,0,122,215
11/16/2017,GGG,TX,ASW,CE,Combined TRACON& Tower with Radar,0,32,43,6,81,0,9,0,0,9,0,41,43,6,90,56,0,56,146
11/17/2017,GGG,TX,ASW,CE,Combined TRACON& Tower with Radar,0,13,30,31,74,0,12,5,2,19,0,25,35,33,93,10,6,16,109
11/18/2017,GGG,TX,ASW,CE,Combined TRACON& Tower with Radar,0,9,10,9,28,0,14,3,13,30,0,23,13,22,58,36,44,80,138
11/19/2017,GGG,TX,ASW,CE,Combined TRACON& Tower with Radar,0,8,22,15,45,0,6,24,2,32,0,14,46,17,77,44,0,44,121
11/20/2017,GGG,TX,ASW,CE,Combined TRACON& Tower with Radar,0,16,28,16,60,0,31,38,2,71,0,47,66,18,131,146,0,146,277
11/21/2017,GGG,TX,ASW,CE,Combined TRACON& Tower with Radar,0,22,42,6,70,0,11,18,0,29,0,33,60,6,99,58,2,60,159
11/22/2017,GGG,TX,ASW,CE,Combined TRACON& Tower with Radar,0,15,31,0,46,0,17,45,0,62,0,32,76,0,108,54,0,54,162
11/23/2017,GGG,TX,ASW,CE,Combined TRACON& Tower with Radar,0,3,3,0,6,0,4,10,0,14,0,7,13,0,20,0,0,0,20
11/24/2017,GGG,TX,ASW,CE,Combined TRACON& Tower with Radar,0,4,12,1,17,0,3,46,0,49,0,7,58,1,66,12,0,12,78
11/25/2017,GGG,TX,ASW,CE,Combined TRACON& Tower with Radar,0,8,11,2,21,0,13,16,0,29,0,21,27,2,50,48,0,48,98
11/26/2017,GGG,TX,ASW,CE,Combined TRACON& Tower with Radar,0,7,34,1,42,0,5,22,0,27,0,12,56,1,69,0,0,0,69
11/27/2017,GGG,TX,ASW,CE,Combined TRACON& Tower with Radar,0,17,16,17,50,0,30,20,2,52,0,47,36,19,102,88,2,90,192
11/28/2017,GGG,TX,ASW,CE,Combined TRACON& Tower with Radar,0,13,26,2,41,0,27,12,2,41,0,40,38,4,82,66,0,66,148
11/29/2017,GGG,TX,ASW,CE,Combined TRACON& Tower with Radar,0,10,27,15,52,0,22,21,2,45,0,32,48,17,97,94,8,102,199
11/30/2017,GGG,TX,ASW,CE,Combined TRACON& Tower with Radar,0,11,19,2,32,0,30,20,2,52,0,41,39,4,84,46,0,46,130
12/01/2017,GGG,TX,ASW,CE,Combined TRACON& Tower with Radar,0,9,19,36,64,0,25,30,2,57,0,34,49,38,121,96,22,118,239
12/02/2017,GGG,TX,ASW,CE,Combined TRACON& Tower with Radar,0,8,18,11,37,0,22,24,3,49,0,30,42,14,86,106,4,110,196
12/03/2017,GGG,TX,ASW,CE,Combined TRACON& Tower with Radar,0,5,21,16,42,0,4,17,0,21,0,9,38,16,63,10,0,10,73
12/04/2017,GGG,TX,ASW,CE,Combined TRACON& Tower with Radar,0,15,23,2,40,0,12,2,0,14,0,27,25,2,54,40,0,40,94
12/05/2017,GGG,TX,ASW,CE,Combined TRACON& Tower with Radar,0,15,20,6,41,0,14,8,0,22,0,29,28,6,63,148,0,148,211
12/06/2017,GGG,TX,ASW,CE,Combined TRACON& Tower with Radar,0,19,26,14,59,0,43,18,0,61,0,62,44,14,120,168,24,192,312
12/07/2017,GGG,TX,ASW,CE,Combined TRACON& Tower with Radar,0,10,13,6,29,0,20,19,0,39,0,30,32,6,68,156,4,160,228
12/08/2017,GGG,TX,ASW,CE,Combined TRACON& Tower with Radar,0,24,29,7,60,0,25,16,0,41,0,49,45,7,101,148,0,148,249
12/09/2017,GGG,TX,ASW,CE,Combined TRACON& Tower with Radar,0,4,16,19,39,0,13,14,0,27,0,17,30,19,66,16,2,18,84
12/10/2017,GGG,TX,ASW,CE,Combined TRACON& Tower with Radar,0,4,12,4,20,0,2,13,0,15,0,6,25,4,35,0,0,0,35
12/11/2017,GGG,TX,ASW,CE,Combined TRACON& Tower with Radar,0,15,20,6,41,0,19,23,2,44,0,34,43,8,85,144,0,144,229
12/12/2017,GGG,TX,ASW,CE,Combined TRACON& Tower with Radar,2,13,23,9,47,0,13,24,1,38,2,26,47,10,85,130,2,132,217
12/13/2017,GGG,TX,ASW,CE,Combined TRACON& Tower with Radar,0,18,16,4,38,0,18,19,0,37,0,36,35,4,75,64,12,76,151
12/14/2017,GGG,TX,ASW,CE,Combined TRACON& Tower with Radar,0,20,21,0,41,0,22,20,6,48,0,42,41,6,89,110,0,110,199
12/15/2017,GGG,TX,ASW,CE,Combined TRACON& Tower with Radar,0,12,25,5,42,0,18,28,3,49,0,30,53,8,91,150,2,152,243
12/16/2017,GGG,TX,ASW,CE,Combined TRACON& Tower with Radar,0,5,10,37,52,0,3,10,1,14,0,8,20,38,66,32,18,50,116
12/17/2017,GGG,TX,ASW,CE,Combined TRACON& Tower with Radar,0,4,19,0,23,0,0,0,0,0,0,4,19,0,23,0,0,0,23
12/18/2017,GGG,TX,ASW,CE,Combined TRACON& Tower with Radar,0,5,15,0,20,0,0,0,0,0,0,5,15,0,20,0,0,0,20
12/19/2017,GGG,TX,ASW,CE,Combined TRACON& Tower with Radar,0,2,14,0,16,0,0,0,0,0,0,2,14,0,16,0,0,0,16
12/20/2017,GGG,TX,ASW,CE,Combined TRACON& Tower with Radar,0,12,42,21,75,0,13,19,1,33,0,25,61,22,108,48,44,92,200
12/21/2017,GGG,TX,ASW,CE,Combined TRACON& Tower with Radar,0,7,36,0,43,0,6,29,0,35,0,13,65,0,78,44,0,44,122
12/22/2017,GGG,TX,ASW,CE,Combined TRACON& Tower with Radar,0,6,17,0,23,0,0,0,0,0,0,6,17,0,23,0,0,0,23
12/23/2017,GGG,TX,ASW,CE,Combined TRACON& Tower with Radar,0,6,12,0,18,0,1,9,0,10,0,7,21,0,28,4,0,4,32
12/24/2017,GGG,TX,ASW,CE,Combined TRACON& Tower with Radar,0,6,6,0,12,0,2,1,0,3,0,8,7,0,15,10,0,10,25
12/25/2017,GGG,TX,ASW,CE,Combined TRACON& Tower with Radar,0,6,3,0,9,0,2,3,0,5,0,8,6,0,14,0,0,0,14
12/26/2017,GGG,TX,ASW,CE,Combined TRACON& Tower with Radar,0,8,37,0,45,0,1,1,0,2,0,9,38,0,47,4,0,4,51
12/27/2017,GGG,TX,ASW,CE,Combined TRACON& Tower with Radar,0,5,17,6,28,0,3,5,0,8,0,8,22,6,36,0,20,20,56
12/28/2017,GGG,TX,ASW,CE,Combined TRACON& Tower with Radar,0,4,20,4,28,0,2,12,0,14,0,6,32,4,42,0,0,0,42
12/29/2017,GGG,TX,ASW,CE,Combined TRACON& Tower with Radar,0,4,17,4,25,0,2,17,0,19,0,6,34,4,44,0,4,4,48
12/30/2017,GGG,TX,ASW,CE,Combined TRACON& Tower with Radar,0,4,14,0,18,0,0,0,0,0,0,4,14,0,18,0,0,0,18
12/31/2017,GGG,TX,ASW,CE,Combined TRACON& Tower with Radar,0,0,7,0,7,0,6,1,0,7,0,6,8,0,14,0,0,0,14
01/01/2018,GGG,TX,ASW,CE,Combined TRACON& Tower with Radar,0,4,18,0,22,0,1,27,0,28,0,5,45,0,50,0,0,0,50
01/02/2018,GGG,TX,ASW,CE,Combined TRACON& Tower with Radar,0,6,25,6,37,0,2,19,0,21,0,8,44,6,58,6,14,20,78
01/03/2018,GGG,TX,ASW,CE,Combined TRACON& Tower with Radar,0,6,30,8,44,0,7,29,0,36,0,13,59,8,80,8,0,8,88
01/04/2018,GGG,TX,ASW,CE,Combined TRACON& Tower with Radar,0,5,21,12,38,0,5,30,0,35,0,10,51,12,73,46,16,62,135
01/05/2018,GGG,TX,ASW,CE,Combined TRACON& Tower with Radar,0,7,22,71,100,0,6,35,3,44,0,13,57,74,144,52,14,66,210
01/06/2018,GGG,TX,ASW,CE,Combined TRACON& Tower with Radar,0,3,20,12,35,0,6,36,3,45,0,9,56,15,80,8,6,14,94
01/07/2018,GGG,TX,ASW,CE,Combined TRACON& Tower with Radar,0,6,19,28,53,0,2,1,1,4,0,8,20,29,57,0,0,0,57
01/08/2018,GGG,TX,ASW,CE,Combined TRACON& Tower with Radar,0,6,13,6,25,0,4,9,1,14,0,10,22,7,39,12,0,12,51
01/09/2018,GGG,TX,ASW,CE,Combined TRACON& Tower with Radar,0,8,22,0,30,0,0,0,0,0,0,8,22,0,30,0,0,0,30
01/10/2018,GGG,TX,ASW,CE,Combined TRACON& Tower with Radar,0,9,27,0,36,0,1,0,0,1,0,10,27,0,37,8,0,8,45
01/11/2018,GGG,TX,ASW,CE,Combined TRACON& Tower with Radar,0,8,20,4,32,0,3,2,0,5,0,11,22,4,37,32,4,36,73
01/12/2018,GGG,TX,ASW,CE,Combined TRACON& Tower with Radar,0,5,27,9,41,0,11,24,2,37,0,16,51,11,78,24,62,86,164
01/13/2018,GGG,TX,ASW,CE,Combined TRACON& Tower with Radar,0,4,15,0,19,0,11,27,0,38,0,15,42,0,57,36,0,36,93
01/14/2018,GGG,TX,ASW,CE,Combined TRACON& Tower with Radar,0,4,40,7,51,0,3,38,4,45,0,7,78,11,96,24,0,24,120
01/15/2018,GGG,TX,ASW,CE,Combined TRACON& Tower with Radar,0,4,26,2,32,0,1,17,2,20,0,5,43,4,52,14,0,14,66
01/16/2018,GGG,TX,ASW,CE,Combined TRACON& Tower with Radar,0,2,1,0,3,0,5,0,0,5,0,7,1,0,8,0,0,0,8
01/17/2018,GGG,TX,ASW,CE,Combined TRACON& Tower with Radar,0,6,19,4,29,0,5,24,2,31,0,11,43,6,60,0,20,20,80
01/18/2018,GGG,TX,ASW,CE,Combined TRACON& Tower with Radar,0,4,39,3,46,0,19,23,2,44,0,23,62,5,90,74,0,74,164
01/19/2018,GGG,TX,ASW,CE,Combined TRACON& Tower with Radar,0,14,33,29,76,0,15,16,2,33,0,29,49,31,109,114,0,114,223
01/20/2018,GGG,TX,ASW,CE,Combined TRACON& Tower with Radar,0,11,9,0,20,0,1,0,0,1,0,12,9,0,21,14,0,14,35
01/21/2018,GGG,TX,ASW,CE,Combined TRACON& Tower with Radar,0,4,12,14,30,0,0,0,0,0,0,4,12,14,30,12,0,12,42
01/22/2018,GGG,TX,ASW,CE,Combined TRACON& Tower with Radar,0,4,15,19,38,0,25,23,2,50,0,29,38,21,88,34,12,46,134
01/23/2018,GGG,TX,ASW,CE,Combined TRACON& Tower with Radar,0,5,19,1,25,4,9,25,0,38,4,14,44,1,63,89,6,95,158
01/24/2018,GGG,TX,ASW,CE,Combined TRACON& Tower with Radar,0,6,11,7,24,0,2,49,1,52,0,8,60,8,76,108,0,108,184
01/25/2018,GGG,TX,ASW,CE,Combined TRACON& Tower with Radar,0,6,22,0,28,0,7,40,0,47,0,13,62,0,75,108,0,108,183
01/26/2018,GGG,TX,ASW,CE,Combined TRACON& Tower with Radar,0,10,25,41,76,0,32,26,1,59,0,42,51,42,135,110,10,120,255
01/27/2018,GGG,TX,ASW,CE,Combined TRACON& Tower with Radar,0,12,20,6,38,0,2,1,0,3,0,14,21,6,41,0,0,0,41
01/28/2018,GGG,TX,ASW,CE,Combined TRACON& Tower with Radar,0,6,19,8,33,0,4,21,4,29,0,10,40,12,62,24,16,40,102
01/29/2018,GGG,TX,ASW,CE,Combined TRACON& Tower with Radar,2,7,29,18,56,0,35,18,0,53,2,42,47,18,109,52,0,52,161
01/30/2018,GGG,TX,ASW,CE,Combined TRACON& Tower with Radar,0,15,22,0,37,0,29,24,2,55,0,44,46,2,92,46,0,46,138
01/31/2018,GGG,TX,ASW,CE,Combined TRACON& Tower with Radar,0,7,16,1,24,0,22,14,1,37,0,29,30,2,61,22,0,22,83
02/01/2018,GGG,TX,ASW,CE,Combined TRACON& Tower with Radar,0,8,29,3,40,0,12,15,6,33,0,20,44,9,73,40,0,40,113
02/02/2018,GGG,TX,ASW,CE,Combined TRACON& Tower with Radar,2,6,32,6,46,0,21,24,0,45,2,27,56,6,91,80,0,80,171
02/03/2018,GGG,TX,ASW,CE,Combined TRACON& Tower with Radar,0,9,14,0,23,0,11,2,0,13,0,20,16,0,36,56,0,56,92
02/04/2018,GGG,TX,ASW,CE,Combined TRACON& Tower with Radar,0,5,17,0,22,0,8,14,0,22,0,13,31,0,44,2,0,2,46
02/05/2018,GGG,TX,ASW,CE,Combined TRACON& Tower with Radar,0,11,25,4,40,0,36,18,2,56,0,47,43,6,96,72,0,72,168
02/06/2018,GGG,TX,ASW,CE,Combined TRACON& Tower with Radar,0,2,21,0,23,0,0,0,0,0,0,2,21,0,23,0,0,0,23
02/07/2018,GGG,TX,ASW,CE,Combined TRACON& Tower with Radar,0,5,23,1,29,0,2,4,0,6,0,7,27,1,35,0,0,0,35
02/08/2018,GGG,TX,ASW,CE,Combined TRACON& Tower with Radar,0,11,30,16,57,0,50,45,0,95,0,61,75,16,152,94,12,106,258
02/09/2018,GGG,TX,ASW,CE,Combined TRACON& Tower with Radar,0,14,36,2,52,0,10,3,0,13,0,24,39,2,65,104,0,104,169
02/10/2018,GGG,TX,ASW,CE,Combined TRACON& Tower with Radar,0,2,5,0,7,0,0,0,0,0,0,2,5,0,7,0,0,0,7
02/11/2018,GGG,TX,ASW,CE,Combined TRACON& Tower with Radar,0,6,9,0,15,0,4,1,0,5,0,10,10,0,20,0,0,0,20
02/12/2018,GGG,TX,ASW,CE,Combined TRACON& Tower with Radar,1,5,14,25,45,0,15,14,0,29,1,20,28,25,74,132,20,152,226
02/13/2018,GGG,TX,ASW,CE,Combined TRACON& Tower with Radar,0,6,20,0,26,0,0,0,0,0,0,6,20,0,26,0,0,0,26
02/14/2018,GGG,TX,ASW,CE,Combined TRACON& Tower with Radar,0,5,18,6,29,0,0,0,0,0,0,5,18,6,29,0,0,0,29
02/15/2018,GGG,TX,ASW,CE,Combined TRACON& Tower with Radar,0,4,50,4,58,0,8,17,0,25,0,12,67,4,83,50,0,50,133
02/16/2018,GGG,TX,ASW,CE,Combined TRACON& Tower with Radar,0,19,35,0,54,0,8,4,0,12,0,27,39,0,66,134,0,134,200
02/17/2018,GGG,TX,ASW,CE,Combined TRACON& Tower with Radar,0,5,30,0,35,0,1,0,0,1,0,6,30,0,36,0,0,0,36
02/18/2018,GGG,TX,ASW,CE,Combined TRACON& Tower with Radar,0,5,25,0,30,0,0,0,0,0,0,5,25,0,30,0,0,0,30
02/19/2018,GGG,TX,ASW,CE,Combined TRACON& Tower with Radar,0,4,17,0,21,0,5,11,3,19,0,9,28,3,40,84,0,84,124
02/20/2018,GGG,TX,ASW,CE,Combined TRACON& Tower with Radar,0,12,23,7,42,0,9,7,0,16,0,21,30,7,58,36,0,36,94
02/21/2018,GGG,TX,ASW,CE,Combined TRACON& Tower with Radar,0,5,13,0,18,0,0,0,0,0,0,5,13,0,18,0,0,0,18
02/22/2018,GGG,TX,ASW,CE,Combined TRACON& Tower with Radar,0,1,15,0,16,0,0,0,0,0,0,1,15,0,16,0,0,0,16
02/23/2018,GGG,TX,ASW,CE,Combined TRACON& Tower with Radar,0,6,12,0,18,0,1,6,0,7,0,7,18,0,25,20,0,20,45
02/24/2018,GGG,TX,ASW,CE,Combined TRACON& Tower with Radar,0,2,7,0,9,0,0,0,0,0,0,2,7,0,9,0,0,0,9
02/25/2018,GGG,TX,ASW,CE,Combined TRACON& Tower with Radar,0,7,32,2,41,0,4,11,0,15,0,11,43,2,56,0,0,0,56
02/26/2018,GGG,TX,ASW,CE,Combined TRACON& Tower with Radar,0,10,40,4,54,0,36,51,2,89,0,46,91,6,143,124,0,124,267
02/27/2018,GGG,TX,ASW,CE,Combined TRACON& Tower with Radar,0,11,13,0,24,0,5,3,0,8,0,16,16,0,32,73,0,73,105
02/28/2018,GGG,TX,ASW,CE,Combined TRACON& Tower with Radar,0,5,13,0,18,0,11,2,0,13,0,16,15,0,31,66,0,66,97
03/01/2018,GGG,TX,ASW,CE,Combined TRACON& Tower with Radar,0,9,33,18,60,0,13,21,0,34,0,22,54,18,94,140,5,145,239
03/02/2018,GGG,TX,ASW,CE,Combined TRACON& Tower with Radar,0,11,33,16,60,0,42,42,0,84,0,53,75,16,144,182,0,182,326
03/03/2018,GGG,TX,ASW,CE,Combined TRACON& Tower with Radar,0,2,21,0,23,0,35,36,0,71,0,37,57,0,94,32,0,32,126
03/04/2018,GGG,TX,ASW,CE,Combined TRACON& Tower with Radar,0,3,20,0,23,0,6,11,0,17,0,9,31,0,40,40,0,40,80
03/05/2018,GGG,TX,ASW,CE,Combined TRACON& Tower with Radar,0,4,10,0,14,0,18,8,0,26,0,22,18,0,40,132,0,132,172
03/06/2018,GGG,TX,ASW,CE,Combined TRACON& Tower with Radar,2,9,27,2,40,0,46,48,0,94,2,55,75,2,134,86,0,86,220
03/07/2018,GGG,TX,ASW,CE,Combined TRACON& Tower with Radar,0,11,37,22,70,0,41,31,2,74,0,52,68,24,144,92,6,98,242
03/08/2018,GGG,TX,ASW,CE,Combined TRACON& Tower with Radar,0,10,40,10,60,0,43,39,2,84,0,53,79,12,144,76,0,76,220
03/09/2018,GGG,TX,ASW,CE,Combined TRACON& Tower with Radar,0,7,33,5,45,0,18,30,1,49,0,25,63,6,94,30,0,30,124
03/10/2018,GGG,TX,ASW,CE,Combined TRACON& Tower with Radar,0,3,30,23,56,0,10,8,3,21,0,13,38,26,77,26,26,52,129
03/11/2018,GGG,TX,ASW,CE,Combined TRACON& Tower with Radar,0,4,16,16,36,0,6,5,0,11,0,10,21,16,47,22,0,22,69
03/12/2018,GGG,TX,ASW,CE,Combined TRACON& Tower with Radar,0,9,22,8,39,0,27,33,0,60,0,36,55,8,99,92,0,92,191
03/13/2018,GGG,TX,ASW,CE,Combined TRACON& Tower with Radar,0,10,21,0,31,0,22,28,2,52,0,32,49,2,83,58,0,58,141
03/14/2018,GGG,TX,ASW,CE,Combined TRACON& Tower with Radar,0,9,29,10,48,0,18,50,0,68,0,27,79,10,116,84,10,94,210
03/15/2018,GGG,TX,ASW,CE,Combined TRACON& Tower with Radar,0,7,25,17,49,0,9,26,0,35,0,16,51,17,84,50,0,50,134
03/16/2018,GGG,TX,ASW,CE,Combined TRACON& Tower with Radar,0,6,25,7,38,0,3,12,0,15,0,9,37,7,53,16,4,20,73
03/17/2018,GGG,TX,ASW,CE,Combined TRACON& Tower with Radar,0,5,25,31,61,0,8,8,0,16,0,13,33,31,77,10,12,22,99
03/18/2018,GGG,TX,ASW,CE,Combined TRACON& Tower with Radar,0,6,17,0,23,0,2,1,0,3,0,8,18,0,26,0,0,0,26
03/19/2018,GGG,TX,ASW,CE,Combined TRACON& Tower with Radar,2,5,31,23,61,0,7,18,0,25,2,12,49,23,86,30,14,44,130
03/20/2018,GGG,TX,ASW,CE,Combined TRACON& Tower with Radar,0,7,22,2,31,0,24,14,4,42,0,31,36,6,73,90,8,98,171
03/21/2018,GGG,TX,ASW,CE,Combined TRACON& Tower with Radar,0,9,24,18,51,0,54,30,3,87,0,63,54,21,138,180,0,180,318
03/22/2018,GGG,TX,ASW,CE,Combined TRACON& Tower with Radar,0,9,35,14,58,0,38,41,2,81,0,47,76,16,139,118,0,118,257
03/23/2018,GGG,TX,ASW,CE,Combined TRACON& Tower with Radar,2,11,19,22,54,0,22,23,2,47,2,33,42,24,101,118,9,127,228
03/24/2018,GGG,TX,ASW,CE,Combined TRACON& Tower with Radar,0,6,28,38,72,0,11,9,0,20,0,17,37,38,92,44,14,58,150
03/25/2018,GGG,TX,ASW,CE,Combined TRACON& Tower with Radar,0,5,22,1,28,0,1,2,0,3,0,6,24,1,31,4,0,4,35
03/26/2018,GGG,TX,ASW,CE,Combined TRACON& Tower with Radar,0,9,33,0,42,0,25,11,0,36,0,34,44,0,78,86,0,86,164
03/27/2018,GGG,TX,ASW,CE,Combined TRACON& Tower with Radar,0,1,20,0,21,0,16,6,0,22,0,17,26,0,43,52,0,52,95
03/28/2018,GGG,TX,ASW,CE,Combined TRACON& Tower with Radar,0,3,27,0,30,0,0,0,0,0,0,3,27,0,30,0,0,0,30
03/29/2018,GGG,TX,ASW,CE,Combined TRACON& Tower with Radar,0,6,33,19,58,0,29,16,0,45,0,35,49,19,103,104,0,104,207
03/30/2018,GGG,TX,ASW,CE,Combined TRACON& Tower with Radar,0,4,20,4,28,0,3,24,4,31,0,7,44,8,59,2,4,6,65
03/31/2018,GGG,TX,ASW,CE,Combined TRACON& Tower with Radar,0,5,20,7,32,0,25,19,1,45,0,30,39,8,77,66,6,72,149
04/01/2018,GGG,TX,ASW,CE,Combined TRACON& Tower with Radar,0,12,19,0,31,0,0,13,0,13,0,12,32,0,44,2,0,2,46
04/02/2018,GGG,TX,ASW,CE,Combined TRACON& Tower with Radar,0,7,30,1,38,0,7,6,0,13,0,14,36,1,51,68,0,68,119
04/03/2018,GGG,TX,ASW,CE,Combined TRACON& Tower with Radar,0,8,22,1,31,0,0,8,0,8,0,8,30,1,39,38,0,38,77
04/04/2018,GGG,TX,ASW,CE,Combined TRACON& Tower with Radar,0,8,27,22,57,0,41,42,0,83,0,49,69,22,140,130,2,132,272
04/05/2018,GGG,TX,ASW,CE,Combined TRACON& Tower with Radar,0,6,19,6,31,0,34,26,0,60,0,40,45,6,91,112,0,112,203
04/06/2018,GGG,TX,ASW,CE,Combined TRACON& Tower with Radar,0,4,27,4,35,0,2,5,0,7,0,6,32,4,42,54,0,54,96
04/07/2018,GGG,TX,ASW,CE,Combined TRACON& Tower with Radar,0,4,11,29,44,0,2,0,0,2,0,6,11,29,46,0,12,12,58
04/08/2018,GGG,TX,ASW,CE,Combined TRACON& Tower with Radar,0,8,23,24,55,0,9,24,3,36,0,17,47,27,91,28,6,34,125
04/09/2018,GGG,TX,ASW,CE,Combined TRACON& Tower with Radar,0,17,42,2,61,0,26,17,1,44,0,43,59,3,105,230,0,230,335
04/10/2018,GGG,TX,ASW,CE,Combined TRACON& Tower with Radar,0,4,24,22,50,0,44,35,3,82,0,48,59,25,132,134,0,134,266
04/11/2018,GGG,TX,ASW,CE,Combined TRACON& Tower with Radar,0,5,33,18,56,0,41,25,7,73,0,46,58,25,129,144,16,160,289
04/12/2018,GGG,TX,ASW,CE,Combined TRACON& Tower with Radar,0,9,25,0,34,0,12,29,0,41,0,21,54,0,75,24,0,24,99
04/13/2018,GGG,TX,ASW,CE,Combined TRACON& Tower with Radar,0,2,17,0,19,0,4,3,0,7,0,6,20,0,26,0,0,0,26
04/14/2018,GGG,TX,ASW,CE,Combined TRACON& Tower with Radar,0,2,4,6,12,0,8,11,1,20,0,10,15,7,32,22,0,22,54
04/15/2018,GGG,TX,ASW,CE,Combined TRACON& Tower with Radar,0,4,17,0,21,0,5,14,0,19,0,9,31,0,40,38,0,38,78
04/16/2018,GGG,TX,ASW,CE,Combined TRACON& Tower with Radar,0,4,23,2,29,0,28,32,6,66,0,32,55,8,95,178,0,178,273
04/17/2018,GGG,TX,ASW,CE,Combined TRACON& Tower with Radar,0,8,13,6,27,0,12,28,0,40,0,20,41,6,67,62,0,62,129
04/18/2018,GGG,TX,ASW,CE,Combined TRACON& Tower with Radar,0,9,40,3,52,0,23,36,0,59,0,32,76,3,111,200,0,200,311
04/19/2018,GGG,TX,ASW,CE,Combined TRACON& Tower with Radar,0,10,17,15,42,0,32,39,2,73,0,42,56,17,115,148,0,148,263
04/20/2018,GGG,TX,ASW,CE,Combined TRACON& Tower with Radar,0,8,28,14,50,0,34,30,2,66,0,42,58,16,116,172,6,178,294
04/21/2018,GGG,TX,ASW,CE,Combined TRACON& Tower with Radar,0,7,7,14,28,0,7,5,0,12,0,14,12,14,40,18,0,18,58
04/22/2018,GGG,TX,ASW,CE,Combined TRACON& Tower with Radar,0,6,14,2,22,0,4,8,0,12,0,10,22,2,34,14,16,30,64
04/23/2018,GGG,TX,ASW,CE,Combined TRACON& Tower with Radar,0,6,27,26,59,0,15,24,1,40,0,21,51,27,99,226,6,232,331
04/24/2018,GGG,TX,ASW,CE,Combined TRACON& Tower with Radar,0,11,32,10,53,0,29,22,0,51,0,40,54,10,104,128,28,156,260
04/25/2018,GGG,TX,ASW,CE,Combined TRACON& Tower with Radar,0,9,27,0,36,0,20,19,1,40,0,29,46,1,76,80,0,80,156
04/26/2018,GGG,TX,ASW,CE,Combined TRACON& Tower with Radar,0,8,28,8,44,0,34,31,1,66,0,42,59,9,110,142,0,142,252
04/27/2018,GGG,TX,ASW,CE,Combined TRACON& Tower with Radar,0,10,39,52,101,0,20,42,1,63,0,30,81,53,164,78,18,96,260
04/28/2018,GGG,TX,ASW,CE,Combined TRACON& Tower with Radar,0,3,17,13,33,0,18,32,3,53,0,21,49,16,86,72,4,76,162
04/29/2018,GGG,TX,ASW,CE,Combined TRACON& Tower with Radar,0,5,14,22,41,0,7,26,2,35,0,12,40,24,76,21,2,23,99
04/30/2018,GGG,TX,ASW,CE,Combined TRACON& Tower with Radar,0,10,25,14,49,0,18,29,1,48,0,28,54,15,97,90,14,104,201
05/01/2018,GGG,TX,ASW,CE,Combined TRACON& Tower with Radar,0,10,38,4,52,0,6,4,2,12,0,16,42,6,64,170,16,186,250
05/02/2018,GGG,TX,ASW,CE,Combined TRACON& Tower with Radar,0,8,24,15,47,0,3,6,0,9,0,11,30,15,56,120,0,120,176
05/03/2018,GGG,TX,ASW,CE,Combined TRACON& Tower with Radar,0,6,30,0,36,0,7,13,0,20,0,13,43,0,56,94,0,94,150
05/04/2018,GGG,TX,ASW,CE,Combined TRACON& Tower with Radar,0,3,20,0,23,0,3,0,0,3,0,6,20,0,26,8,0,8,34
05/05/2018,GGG,TX,ASW,CE,Combined TRACON& Tower with Radar,0,6,31,36,73,0,10,25,6,41,0,16,56,42,114,20,26,46,160
05/06/2018,GGG,TX,ASW,CE,Combined TRACON& Tower with Radar,0,5,23,6,34,0,16,26,0,42,0,21,49,6,76,34,0,34,110
05/07/2018,GGG,TX,ASW,CE,Combined TRACON& Tower with Radar,0,6,14,3,23,0,17,29,3,49,0,23,43,6,72,158,8,166,238
05/08/2018,GGG,TX,ASW,CE,Combined TRACON& Tower with Radar,0,7,27,7,41,0,31,30,0,61,0,38,57,7,102,192,10,202,304
05/09/2018,GGG,TX,ASW,CE,Combined TRACON& Tower with Radar,0,7,25,5,37,0,33,34,1,68,0,40,59,6,105,138,2,140,245
05/10/2018,GGG,TX,ASW,CE,Combined TRACON& Tower with Radar,0,8,34,3,45,0,34,40,0,74,0,42,74,3,119,156,0,156,275
05/11/2018,GGG,TX,ASW,CE,Combined TRACON& Tower with Radar,0,8,27,45,80,0,16,12,2,30,0,24,39,47,110,72,8,80,190
05/12/2018,GGG,TX,ASW,CE,Combined TRACON& Tower with Radar,0,11,14,0,25,0,8,0,0,8,0,19,14,0,33,54,0,54,87
05/13/2018,GGG,TX,ASW,CE,Combined TRACON& Tower with Radar,0,4,12,17,33,0,11,15,0,26,0,15,27,17,59,6,10,16,75
05/14/2018,GGG,TX,ASW,CE,Combined TRACON& Tower with Radar,0,7,31,6,44,0,24,25,0,49,0,31,56,6,93,188,0,188,281
05/15/2018,GGG,TX,ASW,CE,Combined TRACON& Tower with Radar,0,8,13,0,21,0,42,15,0,57,0,50,28,0,78,215,0,215,293
05/16/2018,GGG,TX,ASW,CE,Combined TRACON& Tower with Radar,2,5,35,0,42,0,34,37,0,71,2,39,72,0,113,244,0,244,357
05/17/2018,GGG,TX,ASW,CE,Combined TRACON& Tower with Radar,0,12,33,10,55,0,37,43,0,80,0,49,76,10,135,254,0,254,389
05/18/2018,GGG,TX,ASW,CE,Combined TRACON& Tower with Radar,0,8,32,31,71,0,34,37,2,73,0,42,69,33,144,144,4,148,292
05/19/2018,GGG,TX,ASW,CE,Combined TRACON& Tower with Radar,0,10,32,35,77,0,10,8,2,20,0,20,40,37,97,54,6,60,157
05/20/2018,GGG,TX,ASW,CE,Combined TRACON& Tower with Radar,2,4,14,2,22,0,0,4,0,4,2,4,18,2,26,6,0,6,32
05/21/2018,GGG,TX,ASW,CE,Combined TRACON& Tower with Radar,0,7,27,2,36,0,28,17,2,47,0,35,44,4,83,266,0,266,349
05/22/2018,GGG,TX,ASW,CE,Combined TRACON& Tower with Radar,0,8,41,4,53,0,28,5,1,34,0,36,46,5,87,172,0,172,259
05/23/2018,GGG,TX,ASW,CE,Combined TRACON& Tower with Radar,0,7,24,6,37,0,25,16,1,42,0,32,40,7,79,100,0,100,179
05/24/2018,GGG,TX,ASW,CE,Combined TRACON& Tower with Radar,0,9,49,10,68,0,25,38,1,64,0,34,87,11,132,156,0,156,288
05/25/2018,GGG,TX,ASW,CE,Combined TRACON& Tower with Radar,0,7,25,0,32,0,28,27,0,55,0,35,52,0,87,96,0,96,183
05/26/2018,GGG,TX,ASW,CE,Combined TRACON& Tower with Radar,0,11,14,0,25,0,11,24,0,35,0,22,38,0,60,68,0,68,128
05/27/2018,GGG,TX,ASW,CE,Combined TRACON& Tower with Radar,0,6,5,0,11,0,0,24,0,24,0,6,29,0,35,8,0,8,43
05/28/2018,GGG,TX,ASW,CE,Combined TRACON& Tower with Radar,0,9,28,0,37,0,2,27,0,29,0,11,55,0,66,72,0,72,138
05/29/2018,GGG,TX,ASW,CE,Combined TRACON& Tower with Radar,0,6,23,21,50,0,35,40,1,76,0,41,63,22,126,90,28,118,244
05/30/2018,GGG,TX,ASW,CE,Combined TRACON& Tower with Radar,0,6,15,13,34,0,24,20,5,49,0,30,35,18,83,120,2,122,205
05/31/2018,GGG,TX,ASW,CE,Combined TRACON& Tower with Radar,0,8,42,12,62,0,22,22,0,44,0,30,64,12,106,92,0,92,198
06/01/2018,GGG,TX,ASW,CE,Combined TRACON& Tower with Radar,0,8,38,2,48,0,27,19,4,50,0,35,57,6,98,34,6,40,138
06/02/2018,GGG,TX,ASW,CE,Combined TRACON& Tower with Radar,0,6,24,2,32,0,15,17,0,32,0,21,41,2,64,14,0,14,78
06/03/2018,GGG,TX,ASW,CE,Combined TRACON& Tower with Radar,0,4,21,3,28,0,1,17,0,18,0,5,38,3,46,6,6,12,58
06/04/2018,GGG,TX,ASW,CE,Combined TRACON& Tower with Radar,0,7,25,2,34,0,34,17,0,51,0,41,42,2,85,70,0,70,155
06/05/2018,GGG,TX,ASW,CE,Combined TRACON& Tower with Radar,0,14,40,0,54,0,19,7,0,26,0,33,47,0,80,58,0,58,138
06/06/2018,GGG,TX,ASW,CE,Combined TRACON& Tower with Radar,0,12,34,2,48,0,29,15,0,44,0,41,49,2,92,44,0,44,136
06/07/2018,GGG,TX,ASW,CE,Combined TRACON& Tower with Radar,0,6,38,2,46,0,36,13,0,49,0,42,51,2,95,74,0,74,169
06/08/2018,GGG,TX,ASW,CE,Combined TRACON& Tower with Radar,0,13,22,0,35,0,39,23,0,62,0,52,45,0,97,64,0,64,161
06/09/2018,GGG,TX,ASW,CE,Combined TRACON& Tower with Radar,0,8,31,24,63,0,9,20,2,31,0,17,51,26,94,70,0,70,164
06/10/2018,GGG,TX,ASW,CE,Combined TRACON& Tower with Radar,0,6,28,10,44,0,0,6,0,6,0,6,34,10,50,0,2,2,52
06/11/2018,GGG,TX,ASW,CE,Combined TRACON& Tower with Radar,0,18,44,3,65,0,21,13,0,34,0,39,57,3,99,60,4,64,163
06/12/2018,GGG,TX,ASW,CE,Combined TRACON& Tower with Radar,0,8,30,9,47,0,23,16,0,39,0,31,46,9,86,110,0,110,196
06/13/2018,GGG,TX,ASW,CE,Combined TRACON& Tower with Radar,0,7,34,0,41,1,32,23,0,56,1,39,57,0,97,68,0,68,165
06/14/2018,GGG,TX,ASW,CE,Combined TRACON& Tower with Radar,0,7,42,5,54,0,22,29,6,57,0,29,71,11,111,26,0,26,137
06/15/2018,GGG,TX,ASW,CE,Combined TRACON& Tower with Radar,0,8,27,29,64,0,31,32,1,64,0,39,59,30,128,62,12,74,202
06/16/2018,GGG,TX,ASW,CE,Combined TRACON& Tower with Radar,0,6,20,0,26,0,5,14,2,21,0,11,34,2,47,0,0,0,47
06/17/2018,GGG,TX,ASW,CE,Combined TRACON& Tower with Radar,0,10,16,4,30,0,3,12,0,15,0,13,28,4,45,0,0,0,45
06/18/2018,GGG,TX,ASW,CE,Combined TRACON& Tower with Radar,0,10,29,4,43,0,15,6,0,21,0,25,35,4,64,66,0,66,130
06/19/2018,GGG,TX,ASW,CE,Combined TRACON& Tower with Radar,0,4,32,0,36,0,17,4,0,21,0,21,36,0,57,2,0,2,59
06/20/2018,GGG,TX,ASW,CE,Combined TRACON& Tower with Radar,0,6,27,0,33,0,0,0,0,0,0,6,27,0,33,6,0,6,39
06/21/2018,GGG,TX,ASW,CE,Combined TRACON& Tower with Radar,0,9,51,30,90,0,19,14,0,33,0,28,65,30,123,12,12,24,147
06/22/2018,GGG,TX,ASW,CE,Combined TRACON& Tower with Radar,0,9,24,8,41,0,22,30,0,52,0,31,54,8,93,58,26,84,177
06/23/2018,GGG,TX,ASW,CE,Combined TRACON& Tower with Radar,0,7,16,0,23,0,7,22,0,29,0,14,38,0,52,8,0,8,60
06/24/2018,GGG,TX,ASW,CE,Combined TRACON& Tower with Radar,0,6,25,20,51,0,5,8,2,15,0,11,33,22,66,14,8,22,88
06/25/2018,GGG,TX,ASW,CE,Combined TRACON& Tower with Radar,0,15,25,2,42,0,18,21,0,39,0,33,46,2,81,94,0,94,175
06/26/2018,GGG,TX,ASW,CE,Combined TRACON& Tower with Radar,0,10,29,0,39,0,36,27,0,63,0,46,56,0,102,62,0,62,164
06/27/2018,GGG,TX,ASW,CE,Combined TRACON& Tower with Radar,0,11,27,5,43,0,29,14,1,44,0,40,41,6,87,58,0,58,145
06/28/2018,GGG,TX,ASW,CE,Combined TRACON& Tower with Radar,0,15,36,11,62,0,37,26,0,63,0,52,62,11,125,52,12,64,189
06/29/2018,GGG,TX,ASW,CE,Combined TRACON& Tower with Radar,0,10,46,0,56,0,19,23,2,44,0,29,69,2,100,136,0,136,236
06/30/2018,GGG,TX,ASW,CE,Combined TRACON& Tower with Radar,0,7,17,18,42,0,10,19,0,29,0,17,36,18,71,22,6,28,99
07/01/2018,GGG,TX,ASW,CE,Combined TRACON& Tower with Radar,0,6,12,4,22,0,1,21,0,22,0,7,33,4,44,17,0,17,61
07/02/2018,GGG,TX,ASW,CE,Combined TRACON& Tower with Radar,0,9,25,4,38,0,20,20,0,40,0,29,45,4,78,116,0,116,194
07/03/2018,GGG,TX,ASW,CE,Combined TRACON& Tower with Radar,0,7,16,2,25,0,20,16,0,36,0,27,32,2,61,35,2,37,98
07/04/2018,GGG,TX,ASW,CE,Combined TRACON& Tower with Radar,0,4,14,0,18,0,1,7,0,8,0,5,21,0,26,0,0,0,26
07/05/2018,GGG,TX,ASW,CE,Combined TRACON& Tower with Radar,0,8,30,2,40,0,3,25,0,28,0,11,55,2,68,6,0,6,74
07/06/2018,GGG,TX,ASW,CE,Combined TRACON& Tower with Radar,0,11,20,8,39,0,1,17,4,22,0,12,37,12,61,0,8,8,69
07/07/2018,GGG,TX,ASW,CE,Combined TRACON& Tower with Radar,0,6,13,0,19,0,7,22,0,29,0,13,35,0,48,40,0,40,88
07/08/2018,GGG,TX,ASW,CE,Combined TRACON& Tower with Radar,0,8,19,8,35,0,0,6,0,6,0,8,25,8,41,0,0,0,41
07/09/2018,GGG,TX,ASW,CE,Combined TRACON& Tower with Radar,0,13,28,0,41,0,4,6,0,10,0,17,34,0,51,34,0,34,85
07/10/2018,GGG,TX,ASW,CE,Combined TRACON& Tower with Radar,0,12,35,4,51,0,13,13,0,26,0,25,48,4,77,144,0,144,221
07/11/2018,GGG,TX,ASW,CE,Combined TRACON& Tower with Radar,0,6,33,4,43,0,21,17,0,38,0,27,50,4,81,88,4,92,173
07/12/2018,GGG,TX,ASW,CE,Combined TRACON& Tower with Radar,0,4,22,0,26,0,16,14,0,30,0,20,36,0,56,70,0,70,126
07/13/2018,GGG,TX,ASW,CE,Combined TRACON& Tower with Radar,0,15,29,54,98,0,28,22,0,50,0,43,51,54,148,168,6,174,322
07/14/2018,GGG,TX,ASW,CE,Combined TRACON& Tower with Radar,0,6,14,7,27,0,18,22,0,40,0,24,36,7,67,104,0,104,171
07/15/2018,GGG,TX,ASW,CE,Combined TRACON& Tower with Radar,0,8,30,32,70,0,6,16,1,23,0,14,46,33,93,6,8,14,107
07/16/2018,GGG,TX,ASW,CE,Combined TRACON& Tower with Radar,0,6,21,0,27,0,23,25,0,48,0,29,46,0,75,146,0,146,221
07/17/2018,GGG,TX,ASW,CE,Combined TRACON& Tower with Radar,0,8,25,11,44,0,16,27,0,43,0,24,52,11,87,168,4,172,259
07/18/2018,GGG,TX,ASW,CE,Combined TRACON& Tower with Radar,0,4,30,0,34,0,23,19,0,42,0,27,49,0,76,166,0,166,242
07/19/2018,GGG,TX,ASW,CE,Combined TRACON& Tower with Radar,0,12,21,6,39,0,21,13,4,38,0,33,34,10,77,70,2,72,149
07/20/2018,GGG,TX,ASW,CE,Combined TRACON& Tower with Radar,0,5,28,53,86,0,12,25,9,46,0,17,53,62,132,26,8,34,166
07/21/2018,GGG,TX,ASW,CE,Combined TRACON& Tower with Radar,0,5,25,6,36,0,3,20,2,25,0,8,45,8,61,22,0,22,83
07/22/2018,GGG,TX,ASW,CE,Combined TRACON& Tower with Radar,0,6,26,3,35,0,5,27,0,32,0,11,53,3,67,30,0,30,97
07/23/2018,GGG,TX,ASW,CE,Combined TRACON& Tower with Radar,0,6,33,2,41,0,10,12,0,22,0,16,45,2,63,24,0,24,87
07/24/2018,GGG,TX,ASW,CE,Combined TRACON& Tower with Radar,0,4,26,13,43,0,4,25,0,29,0,8,51,13,72,72,0,72,144
07/25/2018,GGG,TX,ASW,CE,Combined TRACON& Tower with Radar,0,4,31,7,42,0,1,30,0,31,0,5,61,7,73,2,2,4,77
07/26/2018,GGG,TX,ASW,CE,Combined TRACON& Tower with Radar,0,6,34,17,57,0,1,19,1,21,0,7,53,18,78,0,18,18,96
07/27/2018,GGG,TX,ASW,CE,Combined TRACON& Tower with Radar,0,6,29,24,59,0,3,21,0,24,0,9,50,24,83,6,0,6,89
07/28/2018,GGG,TX,ASW,CE,Combined TRACON& Tower with Radar,0,4,13,22,39,0,0,7,2,9,0,4,20,24,48,0,18,18,66
07/29/2018,GGG,TX,ASW,CE,Combined TRACON& Tower with Radar,0,6,30,0,36,0,0,18,0,18,0,6,48,0,54,0,0,0,54
07/30/2018,GGG,TX,ASW,CE,Combined TRACON& Tower with Radar,0,7,23,0,30,0,4,14,2,20,0,11,37,2,50,6,0,6,56
07/31/2018,GGG,TX,ASW,CE,Combined TRACON& Tower with Radar,0,11,34,0,45,0,4,20,0,24,0,15,54,0,69,4,0,4,73
08/01/2018,GGG,TX,ASW,CE,Combined TRACON& Tower with Radar,0,5,46,12,63,0,14,37,0,51,0,19,83,12,114,41,0,41,155
08/02/2018,GGG,TX,ASW,CE,Combined TRACON& Tower with Radar,0,6,26,9,41,0,11,35,0,46,0,17,61,9,87,144,0,144,231
08/03/2018,GGG,TX,ASW,CE,Combined TRACON& Tower with Radar,0,11,29,16,56,0,20,23,0,43,0,31,52,16,99,104,12,116,215
08/04/2018,GGG,TX,ASW,CE,Combined TRACON& Tower with Radar,0,4,18,0,22,0,10,14,0,24,0,14,32,0,46,32,0,32,78
08/05/2018,GGG,TX,ASW,CE,Combined TRACON& Tower with Radar,0,5,22,10,37,0,5,17,0,22,0,10,39,10,59,26,0,26,85
08/06/2018,GGG,TX,ASW,CE,Combined TRACON& Tower with Radar,0,6,36,0,42,0,18,20,0,38,0,24,56,0,80,58,0,58,138
08/07/2018,GGG,TX,ASW,CE,Combined TRACON& Tower with Radar,0,9,37,8,54,0,14,27,2,43,0,23,64,10,97,72,4,76,173
08/08/2018,GGG,TX,ASW,CE,Combined TRACON& Tower with Radar,0,7,36,8,51,0,15,29,0,44,0,22,65,8,95,28,0,28,123
08/09/2018,GGG,TX,ASW,CE,Combined TRACON& Tower with Radar,0,9,35,8,52,0,18,17,0,35,0,27,52,8,87,70,0,70,157
08/10/2018,GGG,TX,ASW,CE,Combined TRACON& Tower with Radar,0,10,34,8,52,0,11,9,0,20,0,21,43,8,72,36,0,36,108
08/11/2018,GGG,TX,ASW,CE,Combined TRACON& Tower with Radar,0,8,11,18,37,0,5,10,2,17,0,13,21,20,54,20,0,20,74
08/12/2018,GGG,TX,ASW,CE,Combined TRACON& Tower with Radar,0,8,17,0,25,0,0,1,0,1,0,8,18,0,26,0,0,0,26
08/13/2018,GGG,TX,ASW,CE,Combined TRACON& Tower with Radar,0,8,28,1,37,0,9,8,1,18,0,17,36,2,55,117,0,117,172
08/14/2018,GGG,TX,ASW,CE,Combined TRACON& Tower with Radar,0,8,30,1,39,0,10,14,1,25,0,18,44,2,64,54,0,54,118
08/15/2018,GGG,TX,ASW,CE,Combined TRACON& Tower with Radar,0,6,37,23,66,1,14,29,2,46,1,20,66,25,112,22,4,26,138
08/16/2018,GGG,TX,ASW,CE,Combined TRACON& Tower with Radar,0,13,33,15,61,0,12,22,4,38,0,25,55,19,99,34,16,50,149
08/17/2018,GGG,TX,ASW,CE,Combined TRACON& Tower with Radar,0,8,46,14,68,0,25,38,1,64,0,33,84,15,132,54,6,60,192
08/18/2018,GGG,TX,ASW,CE,Combined TRACON& Tower with Radar,0,7,15,0,22,0,6,16,0,22,0,13,31,0,44,8,0,8,52
08/19/2018,GGG,TX,ASW,CE,Combined TRACON& Tower with Radar,0,6,24,7,37,0,2,7,1,10,0,8,31,8,47,8,2,10,57
08/20/2018,GGG,TX,ASW,CE,Combined TRACON& Tower with Radar,0,10,19,0,29,0,11,9,0,20,0,21,28,0,49,98,0,98,147
08/21/2018,GGG,TX,ASW,CE,Combined TRACON& Tower with Radar,0,6,29,2,37,0,10,18,2,30,0,16,47,4,67,84,6,90,157
08/22/2018,GGG,TX,ASW,CE,Combined TRACON& Tower with Radar,0,7,43,4,54,0,22,33,0,55,0,29,76,4,109,91,0,91,200
08/23/2018,GGG,TX,ASW,CE,Combined TRACON& Tower with Radar,0,9,26,0,35,0,22,41,0,63,0,31,67,0,98,72,0,72,170
08/24/2018,GGG,TX,ASW,CE,Combined TRACON& Tower with Radar,0,10,25,5,40,0,24,29,1,54,0,34,54,6,94,64,0,64,158
08/25/2018,GGG,TX,ASW,CE,Combined TRACON& Tower with Radar,0,7,17,0,24,0,21,25,0,46,0,28,42,0,70,8,0,8,78
08/26/2018,GGG,TX,ASW,CE,Combined TRACON& Tower with Radar,0,6,22,4,32,0,4,11,0,15,0,10,33,4,47,0,0,0,47
08/27/2018,GGG,TX,ASW,CE,Combined TRACON& Tower with Radar,0,16,20,0,36,0,26,31,0,57,0,42,51,0,93,82,0,82,175
08/28/2018,GGG,TX,ASW,CE,Combined TRACON& Tower with Radar,0,7,18,8,33,0,10,13,0,23,0,17,31,8,56,50,0,50,106
08/29/2018,GGG,TX,ASW,CE,Combined TRACON& Tower with Radar,0,7,24,8,39,0,29,16,3,48,0,36,40,11,87,88,30,118,205
08/30/2018,GGG,TX,ASW,CE,Combined TRACON& Tower with Radar,0,8,34,2,44,0,34,18,0,52,0,42,52,2,96,52,8,60,156
08/31/2018,GGG,TX,ASW,CE,Combined TRACON& Tower with Radar,0,7,30,2,39,0,38,22,0,60,0,45,52,2,99,92,2,94,193
09/01/2018,GGG,TX,ASW,CE,Combined TRACON& Tower with Radar,0,4,16,0,20,0,13,18,0,31,0,17,34,0,51,48,0,48,99
09/02/2018,GGG,TX,ASW,CE,Combined TRACON& Tower with Radar,0,7,19,0,26,0,9,12,1,22,0,16,31,1,48,0,0,0,48
09/03/2018,GGG,TX,ASW,CE,Combined TRACON& Tower with Radar,2,7,17,0,26,0,4,5,0,9,2,11,22,0,35,44,0,44,79
09/04/2018,GGG,TX,ASW,CE,Combined TRACON& Tower with Radar,0,7,41,0,48,0,15,8,0,23,0,22,49,0,71,44,0,44,115
09/05/2018,GGG,TX,ASW,CE,Combined TRACON& Tower with Radar,0,9,26,12,47,0,46,31,0,77,0,55,57,12,124,80,0,80,204
09/06/2018,GGG,TX,ASW,CE,Combined TRACON& Tower with Radar,2,10,41,3,56,0,47,25,4,76,2,57,66,7,132,102,12,114,246
09/07/2018,GGG,TX,ASW,CE,Combined TRACON& Tower with Radar,2,9,22,5,38,0,25,14,0,39,2,34,36,5,77,42,14,56,133
09/08/2018,GGG,TX,ASW,CE,Combined TRACON& Tower with Radar,0,5,22,6,33,0,0,0,2,2,0,5,22,8,35,0,0,0,35
09/09/2018,GGG,TX,ASW,CE,Combined TRACON& Tower with Radar,0,5,23,2,30,0,0,4,0,4,0,5,27,2,34,0,0,0,34
09/10/2018,GGG,TX,ASW,CE,Combined TRACON& Tower with Radar,0,11,18,0,29,0,0,0,0,0,0,11,18,0,29,0,0,0,29
09/11/2018,GGG,TX,ASW,CE,Combined TRACON& Tower with Radar,0,5,25,2,32,0,0,0,0,0,0,5,25,2,32,16,0,16,48
09/12/2018,GGG,TX,ASW,CE,Combined TRACON& Tower with Radar,0,10,20,2,32,0,1,6,2,9,0,11,26,4,41,60,0,60,101
09/13/2018,GGG,TX,ASW,CE,Combined TRACON& Tower with Radar,0,8,31,4,43,0,36,19,0,55,0,44,50,4,98,100,0,100,198
09/14/2018,GGG,TX,ASW,CE,Combined TRACON& Tower with Radar,0,11,36,6,53,0,46,12,0,58,0,57,48,6,111,134,0,134,245
09/15/2018,GGG,TX,ASW,CE,Combined TRACON& Tower with Radar,0,6,20,0,26,0,12,19,0,31,0,18,39,0,57,34,0,34,91
09/16/2018,GGG,TX,ASW,CE,Combined TRACON& Tower with Radar,0,6,34,22,62,0,2,24,2,28,0,8,58,24,90,6,0,6,96
09/17/2018,GGG,TX,ASW,CE,Combined TRACON& Tower with Radar,0,4,23,0,27,0,37,26,0,63,0,41,49,0,90,98,0,98,188
09/18/2018,GGG,TX,ASW,CE,Combined TRACON& Tower with Radar,0,10,31,6,47,0,36,31,0,67,0,46,62,6,114,68,0,68,182
09/19/2018,GGG,TX,ASW,CE,Combined TRACON& Tower with Radar,0,6,26,9,41,0,40,26,5,71,0,46,52,14,112,52,0,52,164
09/20/2018,GGG,TX,ASW,CE,Combined TRACON& Tower with Radar,0,4,43,6,53,0,38,30,0,68,0,42,73,6,121,100,0,100,221
09/21/2018,GGG,TX,ASW,CE,Combined TRACON& Tower with Radar,0,7,30,25,62,0,4,5,0,9,0,11,35,25,71,38,0,38,109
09/22/2018,GGG,TX,ASW,CE,Combined TRACON& Tower with Radar,0,11,12,0,23,0,0,0,0,0,0,11,12,0,23,0,0,0,23
09/23/2018,GGG,TX,ASW,CE,Combined TRACON& Tower with Radar,0,5,18,0,23,0,1,5,0,6,0,6,23,0,29,0,0,0,29
09/24/2018,GGG,TX,ASW,CE,Combined TRACON& Tower with Radar,0,9,43,2,54,0,7,11,0,18,0,16,54,2,72,116,0,116,188
09/25/2018,GGG,TX,ASW,CE,Combined TRACON& Tower with Radar,0,6,45,0,51,0,24,13,0,37,0,30,58,0,88,148,0,148,236
09/26/2018,GGG,TX,ASW,CE,Combined TRACON& Tower with Radar,0,14,49,0,63,0,5,1,0,6,0,19,50,0,69,62,0,62,131
09/27/2018,GGG,TX,ASW,CE,Combined TRACON& Tower with Radar,0,16,48,2,66,0,3,3,0,6,0,19,51,2,72,24,0,24,96
09/28/2018,GGG,TX,ASW,CE,Combined TRACON& Tower with Radar,0,13,61,2,76,0,13,10,0,23,0,26,71,2,99,38,0,38,137
09/29/2018,GGG,TX,ASW,CE,Combined TRACON& Tower with Radar,0,12,30,1,43,0,0,6,0,6,0,12,36,1,49,0,0,0,49
09/30/2018,GGG,TX,ASW,CE,Combined TRACON& Tower with Radar,0,5,35,0,40,0,0,2,0,2,0,5,37,0,42,6,0,6,48
10/01/2018,GGG,TX,ASW,CE,Combined TRACON& Tower with Radar,0,9,40,3,52,0,21,13,2,36,0,30,53,5,88,64,0,64,152
10/02/2018,GGG,TX,ASW,CE,Combined TRACON& Tower with Radar,0,6,56,2,64,0,42,26,0,68,0,48,82,2,132,108,0,108,240
10/03/2018,GGG,TX,ASW,CE,Combined TRACON& Tower with Radar,0,6,42,15,63,0,28,35,2,65,0,34,77,17,128,128,34,162,290
10/04/2018,GGG,TX,ASW,CE,Combined TRACON& Tower with Radar,0,18,45,23,86,0,21,14,0,35,0,39,59,23,121,58,10,68,189
10/05/2018,GGG,TX,ASW,CE,Combined TRACON& Tower with Radar,0,13,38,0,51,0,30,17,0,47,0,43,55,0,98,82,0,82,180
10/06/2018,GGG,TX,ASW,CE,Combined TRACON& Tower with Radar,0,7,29,2,38,0,11,12,1,24,0,18,41,3,62,48,0,48,110
10/07/2018,GGG,TX,ASW,CE,Combined TRACON& Tower with Radar,0,9,24,0,33,0,4,6,0,10,0,13,30,0,43,8,0,8,51
10/08/2018,GGG,TX,ASW,CE,Combined TRACON& Tower with Radar,0,11,26,18,55,0,11,11,0,22,0,22,37,18,77,66,0,66,143
10/09/2018,GGG,TX,ASW,CE,Combined TRACON& Tower with Radar,0,2,29,0,31,0,1,1,1,3,0,3,30,1,34,12,0,12,46
10/10/2018,GGG,TX,ASW,CE,Combined TRACON& Tower with Radar,0,11,38,2,51,0,14,14,1,29,0,25,52,3,80,72,6,78,158
10/11/2018,GGG,TX,ASW,CE,Combined TRACON& Tower with Radar,0,9,37,7,53,0,42,38,0,80,0,51,75,7,133,142,18,160,293
10/12/2018,GGG,TX,ASW,CE,Combined TRACON& Tower with Radar,0,10,45,45,100,1,40,44,1,86,1,50,89,46,186,152,0,152,338
10/13/2018,GGG,TX,ASW,CE,Combined TRACON& Tower with Radar,0,14,19,0,33,0,0,2,0,2,0,14,21,0,35,16,0,16,51
10/14/2018,GGG,TX,ASW,CE,Combined TRACON& Tower with Radar,0,7,29,0,36,0,2,7,1,10,0,9,36,1,46,8,0,8,54
10/15/2018,GGG,TX,ASW,CE,Combined TRACON& Tower with Radar,0,7,13,0,20,0,0,0,0,0,0,7,13,0,20,0,0,0,20
10/16/2018,GGG,TX,ASW,CE,Combined TRACON& Tower with Radar,0,8,21,0,29,0,0,0,0,0,0,8,21,0,29,0,0,0,29
10/17/2018,GGG,TX,ASW,CE,Combined TRACON& Tower with Radar,0,7,29,4,40,0,20,9,1,30,0,27,38,5,70,138,8,146,216
10/18/2018,GGG,TX,ASW,CE,Combined TRACON& Tower with Radar,0,9,29,20,58,0,39,19,4,62,0,48,48,24,120,154,16,170,290
10/19/2018,GGG,TX,ASW,CE,Combined TRACON& Tower with Radar,0,13,22,0,35,0,28,8,0,36,0,41,30,0,71,80,0,80,151
10/20/2018,GGG,TX,ASW,CE,Combined TRACON& Tower with Radar,0,7,22,0,29,0,2,76,0,78,0,9,98,0,107,16,0,16,123
10/21/2018,GGG,TX,ASW,CE,Combined TRACON& Tower with Radar,0,6,23,0,29,0,12,19,0,31,0,18,42,0,60,34,0,34,94
10/22/2018,GGG,TX,ASW,CE,Combined TRACON& Tower with Radar,0,7,35,29,71,0,36,29,0,65,0,43,64,29,136,156,12,168,304
10/23/2018,GGG,TX,ASW,CE,Combined TRACON& Tower with Radar,0,5,32,46,83,0,28,28,0,56,0,33,60,46,139,164,0,164,303
10/24/2018,GGG,TX,ASW,CE,Combined TRACON& Tower with Radar,0,9,35,6,50,0,22,10,2,34,0,31,45,8,84,146,2,148,232
10/25/2018,GGG,TX,ASW,CE,Combined TRACON& Tower with Radar,0,8,34,2,44,0,1,0,0,1,0,9,34,2,45,30,0,30,75
10/26/2018,GGG,TX,ASW,CE,Combined TRACON& Tower with Radar,0,11,42,50,103,0,17,38,0,55,0,28,80,50,158,88,12,100,258
10/27/2018,GGG,TX,ASW,CE,Combined TRACON& Tower with Radar,0,4,15,21,40,0,13,38,2,53,0,17,53,23,93,24,20,44,137
10/28/2018,GGG,TX,ASW,CE,Combined TRACON& Tower with Radar,0,6,24,17,47,0,9,22,2,33,0,15,46,19,80,10,0,10,90
10/29/2018,GGG,TX,ASW,CE,Combined TRACON& Tower with Radar,0,11,25,8,44,0,30,16,2,48,0,41,41,10,92,142,4,146,238
10/30/2018,GGG,TX,ASW,CE,Combined TRACON& Tower with Radar,0,12,46,8,66,0,14,21,0,35,0,26,67,8,101,84,0,84,185
10/31/2018,GGG,TX,ASW,CE,Combined TRACON& Tower with Radar,0,6,11,0,17,0,8,1,0,9,0,14,12,0,26,60,0,60,86
11/01/2018,GGG,TX,ASW,CE,Combined TRACON& Tower with Radar,0,14,51,2,67,0,6,9,0,15,0,20,60,2,82,58,0,58,140
11/02/2018,GGG,TX,ASW,CE,Combined TRACON& Tower with Radar,0,13,41,18,72,0,26,25,0,51,0,39,66,18,123,90,0,90,213
11/03/2018,GGG,TX,ASW,CE,Combined TRACON& Tower with Radar,0,6,22,27,55,0,13,25,3,41,0,19,47,30,96,16,0,16,112
11/04/2018,GGG,TX,ASW,CE,Combined TRACON& Tower with Radar,0,8,44,8,60,0,4,14,0,18,0,12,58,8,78,0,2,2,80
11/05/2018,GGG,TX,ASW,CE,Combined TRACON& Tower with Radar,0,9,31,2,42,0,6,6,0,12,0,15,37,2,54,18,8,26,80
11/06/2018,GGG,TX,ASW,CE,Combined TRACON& Tower with Radar,0,5,53,2,60,0,25,12,0,37,0,30,65,2,97,202,6,208,305
11/07/2018,GGG,TX,ASW,CE,Combined TRACON& Tower with Radar,0,13,46,0,59,0,0,0,0,0,0,13,46,0,59,0,0,0,59
11/08/2018,GGG,TX,ASW,CE,Combined TRACON& Tower with Radar,0,7,33,0,40,0,0,0,0,0,0,7,33,0,40,0,0,0,40
11/09/2018,GGG,TX,ASW,CE,Combined TRACON& Tower with Radar,0,16,25,2,43,0,18,18,0,36,0,34,43,2,79,84,0,84,163
11/10/2018,GGG,TX,ASW,CE,Combined TRACON& Tower with Radar,0,15,26,0,41,0,24,51,0,75,0,39,77,0,116,222,0,222,338
11/11/2018,GGG,TX,ASW,CE,Combined TRACON& Tower with Radar,0,10,15,0,25,0,4,6,0,10,0,14,21,0,35,26,0,26,61
11/12/2018,GGG,TX,ASW,CE,Combined TRACON& Tower with Radar,0,4,15,0,19,0,0,0,0,0,0,4,15,0,19,0,0,0,19
11/13/2018,GGG,TX,ASW,CE,Combined TRACON& Tower with Radar,0,6,30,4,40,0,7,5,0,12,0,13,35,4,52,220,0,220,272
11/14/2018,GGG,TX,ASW,CE,Combined TRACON& Tower with Radar,0,7,42,12,61,0,33,30,0,63,0,40,72,12,124,170,0,170,294
11/15/2018,GGG,TX,ASW,CE,Combined TRACON& Tower with Radar,0,7,37,5,49,0,33,34,1,68,0,40,71,6,117,154,0,154,271
11/16/2018,GGG,TX,ASW,CE,Combined TRACON& Tower with Radar,0,11,50,27,88,0,30,24,3,57,0,41,74,30,145,98,2,100,245
11/17/2018,GGG,TX,ASW,CE,Combined TRACON& Tower with Radar,0,9,29,18,56,0,12,38,3,53,0,21,67,21,109,120,22,142,251
11/18/2018,GGG,TX,ASW,CE,Combined TRACON& Tower with Radar,0,6,23,12,41,0,2,5,0,7,0,8,28,12,48,0,2,2,50
11/19/2018,GGG,TX,ASW,CE,Combined TRACON& Tower with Radar,0,9,35,2,46,0,12,13,0,25,0,21,48,2,71,86,0,86,157
11/20/2018,GGG,TX,ASW,CE,Combined TRACON& Tower with Radar,0,14,33,15,62,0,29,34,0,63,0,43,67,15,125,182,18,200,325
11/21/2018,GGG,TX,ASW,CE,Combined TRACON& Tower with Radar,2,8,24,0,34,0,6,33,0,39,2,14,57,0,73,118,0,118,191
11/22/2018,GGG,TX,ASW,CE,Combined TRACON& Tower with Radar,0,3,5,0,8,0,3,13,0,16,0,6,18,0,24,0,0,0,24
11/23/2018,GGG,TX,ASW,CE,Combined TRACON& Tower with Radar,0,3,18,0,21,0,3,10,0,13,0,6,28,0,34,6,0,6,40
11/24/2018,GGG,TX,ASW,CE,Combined TRACON& Tower with Radar,0,4,25,0,29,0,1,17,0,18,0,5,42,0,47,0,0,0,47
11/25/2018,GGG,TX,ASW,CE,Combined TRACON& Tower with Radar,2,5,31,0,38,0,4,8,2,14,2,9,39,2,52,0,0,0,52
11/26/2018,GGG,TX,ASW,CE,Combined TRACON& Tower with Radar,0,11,20,2,33,0,27,10,0,37,0,38,30,2,70,92,0,92,162
11/27/2018,GGG,TX,ASW,CE,Combined TRACON& Tower with Radar,0,12,24,10,46,0,32,38,2,72,0,44,62,12,118,190,0,190,308
11/28/2018,GGG,TX,ASW,CE,Combined TRACON& Tower with Radar,0,14,38,6,58,0,13,15,0,28,0,27,53,6,86,90,2,92,178
11/29/2018,GGG,TX,ASW,CE,Combined TRACON& Tower with Radar,0,16,35,0,51,0,6,5,0,11,0,22,40,0,62,18,0,18,80
11/30/2018,GGG,TX,ASW,CE,Combined TRACON& Tower with Radar,0,9,25,4,38,0,0,3,0,3,0,9,28,4,41,46,0,46,87
12/01/2018,GGG,TX,ASW,CE,Combined TRACON& Tower with Radar,0,15,16,38,69,0,6,8,5,19,0,21,24,43,88,38,48,86,174
12/02/2018,GGG,TX,ASW,CE,Combined TRACON& Tower with Radar,0,10,20,9,39,0,5,21,7,33,0,15,41,16,72,60,30,90,162
12/03/2018,GGG,TX,ASW,CE,Combined TRACON& Tower with Radar,0,13,26,18,57,0,30,11,7,48,0,43,37,25,105,156,4,160,265
12/04/2018,GGG,TX,ASW,CE,Combined TRACON& Tower with Radar,0,10,26,6,42,0,26,42,2,70,0,36,68,8,112,148,4,152,264
12/05/2018,GGG,TX,ASW,CE,Combined TRACON& Tower with Radar,0,6,25,0,31,0,26,19,0,45,0,32,44,0,76,80,0,80,156
12/06/2018,GGG,TX,ASW,CE,Combined TRACON& Tower with Radar,0,15,36,23,74,0,20,8,0,28,0,35,44,23,102,148,0,148,250
12/07/2018,GGG,TX,ASW,CE,Combined TRACON& Tower with Radar,0,8,17,0,25,0,0,0,0,0,0,8,17,0,25,0,0,0,25
12/08/2018,GGG,TX,ASW,CE,Combined TRACON& Tower with Radar,0,5,13,0,18,0,0,0,0,0,0,5,13,0,18,0,0,0,18
12/09/2018,GGG,TX,ASW,CE,Combined TRACON& Tower with Radar,0,6,38,5,49,0,8,5,0,13,0,14,43,5,62,4,0,4,66
12/10/2018,GGG,TX,ASW,CE,Combined TRACON& Tower with Radar,0,16,28,20,64,0,31,20,2,53,0,47,48,22,117,124,4,128,245
12/11/2018,GGG,TX,ASW,CE,Combined TRACON& Tower with Radar,0,5,41,15,61,0,42,31,5,78,0,47,72,20,139,136,16,152,291
12/12/2018,GGG,TX,ASW,CE,Combined TRACON& Tower with Radar,0,11,27,9,47,0,20,9,2,31,0,31,36,11,78,88,0,88,166
12/13/2018,GGG,TX,ASW,CE,Combined TRACON& Tower with Radar,0,6,16,0,22,0,0,0,0,0,0,6,16,0,22,0,0,0,22
12/14/2018,GGG,TX,ASW,CE,Combined TRACON& Tower with Radar,0,11,14,14,39,0,0,0,0,0,0,11,14,14,39,0,0,0,39
12/15/2018,GGG,TX,ASW,CE,Combined TRACON& Tower with Radar,0,10,19,9,38,0,20,34,1,55,0,30,53,10,93,82,14,96,189
12/16/2018,GGG,TX,ASW,CE,Combined TRACON& Tower with Radar,0,8,9,0,17,0,2,15,0,17,0,10,24,0,34,2,0,2,36
12/17/2018,GGG,TX,ASW,CE,Combined TRACON& Tower with Radar,2,14,25,8,49,0,19,30,2,51,2,33,55,10,100,120,0,120,220
12/18/2018,GGG,TX,ASW,CE,Combined TRACON& Tower with Radar,0,8,28,8,44,0,6,10,0,16,0,14,38,8,60,28,0,28,88
12/19/2018,GGG,TX,ASW,CE,Combined TRACON& Tower with Radar,0,5,17,0,22,0,0,0,0,0,0,5,17,0,22,4,0,4,26
12/20/2018,GGG,TX,ASW,CE,Combined TRACON& Tower with Radar,0,4,20,15,39,0,8,21,2,31,0,12,41,17,70,4,14,18,88
12/21/2018,GGG,TX,ASW,CE,Combined TRACON& Tower with Radar,0,5,34,5,44,0,10,36,1,47,0,15,70,6,91,22,0,22,113
12/22/2018,GGG,TX,ASW,CE,Combined TRACON& Tower with Radar,0,6,13,0,19,0,1,19,0,20,0,7,32,0,39,0,0,0,39
12/23/2018,GGG,TX,ASW,CE,Combined TRACON& Tower with Radar,2,4,13,0,19,0,0,13,0,13,2,4,26,0,32,0,0,0,32
12/24/2018,GGG,TX,ASW,CE,Combined TRACON& Tower with Radar,0,2,10,0,12,0,2,5,0,7,0,4,15,0,19,0,0,0,19
12/25/2018,GGG,TX,ASW,CE,Combined TRACON& Tower with Radar,0,7,6,0,13,0,2,0,0,2,0,9,6,0,15,0,0,0,15
12/26/2018,GGG,TX,ASW,CE,Combined TRACON& Tower with Radar,2,4,20,0,26,0,0,0,0,0,2,4,20,0,26,26,0,26,52
12/27/2018,GGG,TX,ASW,CE,Combined TRACON& Tower with Radar,0,6,29,0,35,0,3,10,0,13,0,9,39,0,48,0,0,0,48
12/28/2018,GGG,TX,ASW,CE,Combined TRACON& Tower with Radar,0,4,16,0,20,0,3,33,0,36,0,7,49,0,56,2,0,2,58
12/29/2018,GGG,TX,ASW,CE,Combined TRACON& Tower with Radar,2,4,14,0,20,0,2,15,0,17,2,6,29,0,37,4,0,4,41
12/30/2018,GGG,TX,ASW,CE,Combined TRACON& Tower with Radar,2,4,10,0,16,0,1,0,0,1,2,5,10,0,17,0,0,0,17
12/31/2018,GGG,TX,ASW,CE,Combined TRACON& Tower with Radar,0,3,12,0,15,0,1,13,0,14,0,4,25,0,29,0,0,0,29
01/01/2019,GGG,TX,ASW,CE,Combined TRACON& Tower with Radar,0,4,10,0,14,0,2,7,0,9,0,6,17,0,23,0,0,0,23
01/02/2019,GGG,TX,ASW,CE,Combined TRACON& Tower with Radar,0,6,12,0,18,0,0,0,0,0,0,6,12,0,18,0,0,0,18
01/03/2019,GGG,TX,ASW,CE,Combined TRACON& Tower with Radar,0,5,19,0,24,0,0,0,0,0,0,5,19,0,24,0,0,0,24
01/04/2019,GGG,TX,ASW,CE,Combined TRACON& Tower with Radar,0,4,23,11,38,0,5,16,0,21,0,9,39,11,59,12,10,22,81
01/05/2019,GGG,TX,ASW,CE,Combined TRACON& Tower with Radar,0,5,29,8,42,0,10,44,0,54,0,15,73,8,96,20,0,20,116
01/06/2019,GGG,TX,ASW,CE,Combined TRACON& Tower with Radar,0,4,14,18,36,0,6,21,0,27,0,10,35,18,63,0,0,0,63
01/07/2019,GGG,TX,ASW,CE,Combined TRACON& Tower with Radar,0,14,36,6,56,0,2,4,0,6,0,16,40,6,62,0,0,0,62
01/08/2019,GGG,TX,ASW,CE,Combined TRACON& Tower with Radar,0,5,31,0,36,0,16,18,0,34,0,21,49,0,70,90,0,90,160
01/09/2019,GGG,TX,ASW,CE,Combined TRACON& Tower with Radar,0,7,22,4,33,0,21,31,2,54,0,28,53,6,87,126,10,136,223
01/10/2019,GGG,TX,ASW,CE,Combined TRACON& Tower with Radar,0,5,18,10,33,0,3,22,0,25,0,8,40,10,58,24,0,24,82
01/11/2019,GGG,TX,ASW,CE,Combined TRACON& Tower with Radar,0,6,28,7,41,0,13,13,0,26,0,19,41,7,67,148,24,172,239
01/12/2019,GGG,TX,ASW,CE,Combined TRACON& Tower with Radar,0,2,31,10,43,0,2,11,0,13,0,4,42,10,56,14,0,14,70
01/13/2019,GGG,TX,ASW,CE,Combined TRACON& Tower with Radar,0,4,17,17,38,0,2,18,0,20,0,6,35,17,58,34,12,46,104
01/14/2019,GGG,TX,ASW,CE,Combined TRACON& Tower with Radar,0,6,19,11,36,2,0,7,0,9,2,6,26,11,45,8,0,8,53
01/15/2019,GGG,TX,ASW,CE,Combined TRACON& Tower with Radar,0,6,24,2,32,0,9,7,0,16,0,15,31,2,48,28,0,28,76
01/16/2019,GGG,TX,ASW,CE,Combined TRACON& Tower with Radar,0,6,22,7,35,0,2,5,0,7,0,8,27,7,42,32,0,32,74
01/17/2019,GGG,TX,ASW,CE,Combined TRACON& Tower with Radar,0,4,55,11,70,0,9,10,0,19,0,13,65,11,89,6,0,6,95
01/18/2019,GGG,TX,ASW,CE,Combined TRACON& Tower with Radar,0,14,30,18,62,0,2,0,1,3,0,16,30,19,65,4,0,4,69
01/19/2019,GGG,TX,ASW,CE,Combined TRACON& Tower with Radar,1,1,7,0,9,0,2,1,0,3,1,3,8,0,12,0,0,0,12
01/20/2019,GGG,TX,ASW,CE,Combined TRACON& Tower with Radar,0,4,17,0,21,1,4,18,2,25,1,8,35,2,46,24,0,24,70
01/21/2019,GGG,TX,ASW,CE,Combined TRACON& Tower with Radar,0,4,37,16,57,1,4,15,0,20,1,8,52,16,77,6,0,6,83
01/22/2019,GGG,TX,ASW,CE,Combined TRACON& Tower with Radar,0,6,19,6,31,0,5,7,0,12,0,11,26,6,43,78,0,78,121
01/23/2019,GGG,TX,ASW,CE,Combined TRACON& Tower with Radar,0,10,28,0,38,0,23,12,0,35,0,33,40,0,73,36,0,36,109
01/24/2019,GGG,TX,ASW,CE,Combined TRACON& Tower with Radar,0,8,26,6,40,0,39,38,0,77,0,47,64,6,117,106,4,110,227
01/25/2019,GGG,TX,ASW,CE,Combined TRACON& Tower with Radar,0,9,24,48,81,0,53,35,0,88,0,62,59,48,169,104,10,114,283
01/26/2019,GGG,TX,ASW,CE,Combined TRACON& Tower with Radar,0,4,14,24,42,0,23,26,2,51,0,27,40,26,93,2,24,26,119
01/27/2019,GGG,TX,ASW,CE,Combined TRACON& Tower with Radar,0,6,20,22,48,0,0,24,2,26,0,6,44,24,74,0,0,0,74
01/28/2019,GGG,TX,ASW,CE,Combined TRACON& Tower with Radar,0,4,23,8,35,1,34,10,0,45,1,38,33,8,80,60,0,60,140
01/29/2019,GGG,TX,ASW,CE,Combined TRACON& Tower with Radar,0,5,17,27,49,0,39,33,2,74,0,44,50,29,123,80,2,82,205
01/30/2019,GGG,TX,ASW,CE,Combined TRACON& Tower with Radar,0,6,38,21,65,0,53,24,2,79,0,59,62,23,144,44,14,58,202
01/31/2019,GGG,TX,ASW,CE,Combined TRACON& Tower with Radar,0,5,38,19,62,0,45,23,0,68,0,50,61,19,130,54,0,54,184
02/01/2019,GGG,TX,ASW,CE,Combined TRACON& Tower with Radar,0,9,31,41,81,0,23,4,4,31,0,32,35,45,112,44,4,48,160
02/02/2019,GGG,TX,ASW,CE,Combined TRACON& Tower with Radar,0,7,14,0,21,0,1,2,0,3,0,8,16,0,24,0,0,0,24
02/03/2019,GGG,TX,ASW,CE,Combined TRACON& Tower with Radar,0,6,14,16,36,0,1,0,0,1,0,7,14,16,37,2,0,2,39
02/04/2019,GGG,TX,ASW,CE,Combined TRACON& Tower with Radar,0,8,21,2,31,1,17,6,0,24,1,25,27,2,55,48,0,48,103
02/05/2019,GGG,TX,ASW,CE,Combined TRACON& Tower with Radar,0,12,35,14,61,0,11,20,0,31,0,23,55,14,92,60,0,60,152
02/06/2019,GGG,TX,ASW,CE,Combined TRACON& Tower with Radar,0,6,27,6,39,0,6,2,0,8,0,12,29,6,47,68,2,70,117
02/07/2019,GGG,TX,ASW,CE,Combined TRACON& Tower with Radar,0,5,22,0,27,0,6,6,0,12,0,11,28,0,39,44,0,44,83
02/08/2019,GGG,TX,ASW,CE,Combined TRACON& Tower with Radar,0,9,24,0,33,0,50,10,0,60,0,59,34,0,93,84,0,84,177
02/09/2019,GGG,TX,ASW,CE,Combined TRACON& Tower with Radar,0,4,11,2,17,0,12,6,0,18,0,16,17,2,35,12,0,12,47
02/10/2019,GGG,TX,ASW,CE,Combined TRACON& Tower with Radar,0,8,16,2,26,1,3,5,0,9,1,11,21,2,35,24,0,24,59
02/11/2019,GGG,TX,ASW,CE,Combined TRACON& Tower with Radar,0,11,12,0,23,0,2,0,0,2,0,13,12,0,25,18,0,18,43
02/12/2019,GGG,TX,ASW,CE,Combined TRACON& Tower with Radar,0,5,37,31,73,2,66,31,7,106,2,71,68,38,179,114,8,122,301
02/13/2019,GGG,TX,ASW,CE,Combined TRACON& Tower with Radar,0,8,36,7,51,0,57,33,3,93,0,65,69,10,144,164,0,164,308
02/14/2019,GGG,TX,ASW,CE,Combined TRACON& Tower with Radar,0,11,35,15,61,0,19,7,2,28,0,30,42,17,89,80,0,80,169
02/15/2019,GGG,TX,ASW,CE,Combined TRACON& Tower with Radar,0,11,38,11,60,0,47,30,0,77,0,58,68,11,137,114,2,116,253
02/16/2019,GGG,TX,ASW,CE,Combined TRACON& Tower with Radar,0,7,15,8,30,0,0,0,0,0,0,7,15,8,30,0,0,0,30
02/17/2019,GGG,TX,ASW,CE,Combined TRACON& Tower with Radar,0,8,36,8,52,0,16,16,0,32,0,24,52,8,84,50,0,50,134
02/18/2019,GGG,TX,ASW,CE,Combined TRACON& Tower with Radar,0,9,33,2,44,0,54,36,2,92,0,63,69,4,136,120,0,120,256
02/19/2019,GGG,TX,ASW,CE,Combined TRACON& Tower with Radar,0,3,21,0,24,0,2,0,0,2,0,5,21,0,26,16,0,16,42
02/20/2019,GGG,TX,ASW,CE,Combined TRACON& Tower with Radar,0,19,30,49,98,0,31,29,5,65,0,50,59,54,163,132,36,168,331
02/21/2019,GGG,TX,ASW,CE,Combined TRACON& Tower with Radar,0,8,22,0,30,0,11,3,0,14,0,19,25,0,44,44,0,44,88
02/22/2019,GGG,TX,ASW,CE,Combined TRACON& Tower with Radar,0,9,19,0,28,0,0,0,0,0,0,9,19,0,28,0,0,0,28
02/23/2019,GGG,TX,ASW,CE,Combined TRACON& Tower with Radar,0,5,8,4,17,0,8,6,0,14,0,13,14,4,31,16,0,16,47
02/24/2019,GGG,TX,ASW,CE,Combined TRACON& Tower with Radar,0,10,24,15,49,0,19,31,1,51,0,29,55,16,100,10,2,12,112
02/25/2019,GGG,TX,ASW,CE,Combined TRACON& Tower with Radar,0,12,31,8,51,1,47,24,0,72,1,59,55,8,123,140,0,140,263
02/26/2019,GGG,TX,ASW,CE,Combined TRACON& Tower with Radar,0,3,22,15,40,1,7,0,0,8,1,10,22,15,48,12,16,28,76
02/27/2019,GGG,TX,ASW,CE,Combined TRACON& Tower with Radar,0,6,28,4,38,0,0,0,0,0,0,6,28,4,38,0,0,0,38
02/28/2019,GGG,TX,ASW,CE,Combined TRACON& Tower with Radar,0,8,35,2,45,0,0,0,0,0,0,8,35,2,45,0,0,0,45
03/01/2019,GGG,TX,ASW,CE,Combined TRACON& Tower with Radar,0,16,23,2,41,0,0,0,0,0,0,16,23,2,41,32,0,32,73
03/02/2019,GGG,TX,ASW,CE,Combined TRACON& Tower with Radar,0,8,9,0,17,0,0,0,0,0,0,8,9,0,17,0,0,0,17
03/03/2019,GGG,TX,ASW,CE,Combined TRACON& Tower with Radar,0,6,12,0,18,0,0,0,0,0,0,6,12,0,18,0,0,0,18
03/04/2019,GGG,TX,ASW,CE,Combined TRACON& Tower with Radar,0,15,16,0,31,0,44,13,0,57,0,59,29,0,88,132,0,132,220
03/05/2019,GGG,TX,ASW,CE,Combined TRACON& Tower with Radar,0,5,25,2,32,1,70,18,0,89,1,75,43,2,121,96,0,96,217
03/06/2019,GGG,TX,ASW,CE,Combined TRACON& Tower with Radar,0,21,27,7,55,0,61,35,0,96,0,82,62,7,151,142,0,142,293
03/07/2019,GGG,TX,ASW,CE,Combined TRACON& Tower with Radar,0,15,39,0,54,0,6,1,0,7,0,21,40,0,61,122,0,122,183
03/08/2019,GGG,TX,ASW,CE,Combined TRACON& Tower with Radar,0,10,31,10,51,0,16,5,0,21,0,26,36,10,72,128,4,132,204
03/09/2019,GGG,TX,ASW,CE,Combined TRACON& Tower with Radar,0,4,9,2,15,0,15,11,2,28,0,19,20,4,43,44,0,44,87
03/10/2019,GGG,TX,ASW,CE,Combined TRACON& Tower with Radar,0,5,24,10,39,0,4,26,0,30,0,9,50,10,69,30,4,34,103
03/11/2019,GGG,TX,ASW,CE,Combined TRACON& Tower with Radar,0,11,21,0,32,1,21,6,0,28,1,32,27,0,60,76,0,76,136
03/12/2019,GGG,TX,ASW,CE,Combined TRACON& Tower with Radar,2,5,22,22,51,0,4,2,0,6,2,9,24,22,57,26,6,32,89
03/13/2019,GGG,TX,ASW,CE,Combined TRACON& Tower with Radar,0,6,32,2,40,0,8,5,0,13,0,14,37,2,53,48,0,48,101
03/14/2019,GGG,TX,ASW,CE,Combined TRACON& Tower with Radar,0,12,39,8,59,0,43,35,0,78,0,55,74,8,137,98,18,116,253
03/15/2019,GGG,TX,ASW,CE,Combined TRACON& Tower with Radar,0,17,30,24,71,0,28,41,2,71,0,45,71,26,142,76,0,76,218
03/16/2019,GGG,TX,ASW,CE,Combined TRACON& Tower with Radar,2,3,20,0,25,0,31,18,0,49,2,34,38,0,74,54,0,54,128
03/17/2019,GGG,TX,ASW,CE,Combined TRACON& Tower with Radar,0,5,20,13,38,0,14,44,1,59,0,19,64,14,97,30,0,30,127
03/18/2019,GGG,TX,ASW,CE,Combined TRACON& Tower with Radar,0,20,17,3,40,0,50,12,1,63,0,70,29,4,103,138,4,142,245
03/19/2019,GGG,TX,ASW,CE,Combined TRACON& Tower with Radar,0,13,33,18,64,0,65,25,0,90,0,78,58,18,154,146,0,146,300
03/20/2019,GGG,TX,ASW,CE,Combined TRACON& Tower with Radar,0,8,31,24,63,0,37,16,2,55,0,45,47,26,118,120,4,124,242
03/21/2019,GGG,TX,ASW,CE,Combined TRACON& Tower with Radar,0,11,47,12,70,0,40,39,6,85,0,51,86,18,155,98,2,100,255
03/22/2019,GGG,TX,ASW,CE,Combined TRACON& Tower with Radar,0,15,25,20,60,0,52,25,0,77,0,67,50,20,137,116,0,116,253
03/23/2019,GGG,TX,ASW,CE,Combined TRACON& Tower with Radar,0,3,13,8,24,0,7,15,1,23,0,10,28,9,47,32,2,34,81
03/24/2019,GGG,TX,ASW,CE,Combined TRACON& Tower with Radar,0,5,34,1,40,0,1,4,0,5,0,6,38,1,45,0,0,0,45
03/25/2019,GGG,TX,ASW,CE,Combined TRACON& Tower with Radar,0,13,33,2,48,0,26,23,2,51,0,39,56,4,99,166,6,172,271
03/26/2019,GGG,TX,ASW,CE,Combined TRACON& Tower with Radar,0,7,37,18,62,0,43,28,1,72,0,50,65,19,134,90,12,102,236
03/27/2019,GGG,TX,ASW,CE,Combined TRACON& Tower with Radar,0,12,40,28,80,0,52,34,8,94,0,64,74,36,174,178,22,200,374
03/28/2019,GGG,TX,ASW,CE,Combined TRACON& Tower with Radar,0,10,25,34,69,0,34,35,1,70,0,44,60,35,139,68,6,74,213
03/29/2019,GGG,TX,ASW,CE,Combined TRACON& Tower with Radar,0,6,30,0,36,0,4,5,0,9,0,10,35,0,45,18,0,18,63
03/30/2019,GGG,TX,ASW,CE,Combined TRACON& Tower with Radar,0,6,14,0,20,0,0,0,0,0,0,6,14,0,20,0,0,0,20
03/31/2019,GGG,TX,ASW,CE,Combined TRACON& Tower with Radar,0,5,27,6,38,2,5,15,0,22,2,10,42,6,60,18,0,18,78
04/01/2019,GGG,TX,ASW,CE,Combined TRACON& Tower with Radar,0,10,24,0,34,0,29,19,0,48,0,39,43,0,82,160,0,160,242
04/02/2019,GGG,TX,ASW,CE,Combined TRACON& Tower with Radar,0,14,18,37,69,0,47,29,0,76,0,61,47,37,145,156,2,158,303
04/03/2019,GGG,TX,ASW,CE,Combined TRACON& Tower with Radar,0,5,21,2,28,0,46,21,6,73,0,51,42,8,101,130,0,130,231
04/04/2019,GGG,TX,ASW,CE,Combined TRACON& Tower with Radar,0,5,11,0,16,0,6,6,0,12,0,11,17,0,28,16,0,16,44
04/05/2019,GGG,TX,ASW,CE,Combined TRACON& Tower with Radar,0,16,42,32,90,0,6,26,0,32,0,22,68,32,122,56,4,60,182
04/06/2019,GGG,TX,ASW,CE,Combined TRACON& Tower with Radar,0,1,8,0,9,0,0,0,0,0,0,1,8,0,9,0,0,0,9
04/07/2019,GGG,TX,ASW,CE,Combined TRACON& Tower with Radar,0,5,25,0,30,0,0,3,0,3,0,5,28,0,33,10,0,10,43
04/08/2019,GGG,TX,ASW,CE,Combined TRACON& Tower with Radar,0,11,38,15,64,0,8,20,5,33,0,19,58,20,97,40,26,66,163
04/09/2019,GGG,TX,ASW,CE,Combined TRACON& Tower with Radar,0,9,24,13,46,0,54,38,1,93,0,63,62,14,139,128,6,134,273
04/10/2019,GGG,TX,ASW,CE,Combined TRACON& Tower with Radar,0,14,26,7,47,3,24,21,0,48,3,38,47,7,95,120,0,120,215
04/11/2019,GGG,TX,ASW,CE,Combined TRACON& Tower with Radar,0,16,32,1,49,0,29,26,1,56,0,45,58,2,105,160,2,162,267
04/12/2019,GGG,TX,ASW,CE,Combined TRACON& Tower with Radar,0,11,25,19,55,0,30,19,0,49,0,41,44,19,104,150,2,152,256
04/13/2019,GGG,TX,ASW,CE,Combined TRACON& Tower with Radar,2,1,10,0,13,0,3,0,0,3,2,4,10,0,16,0,0,0,16
04/14/2019,GGG,TX,ASW,CE,Combined TRACON& Tower with Radar,0,5,19,11,35,0,11,17,0,28,0,16,36,11,63,40,0,40,103
04/15/2019,GGG,TX,ASW,CE,Combined TRACON& Tower with Radar,0,9,19,20,48,0,35,28,0,63,0,44,47,20,111,284,0,284,395
04/16/2019,GGG,TX,ASW,CE,Combined TRACON& Tower with Radar,0,13,39,5,57,0,33,30,0,63,0,46,69,5,120,318,4,322,442
04/17/2019,GGG,TX,ASW,CE,Combined TRACON& Tower with Radar,0,6,31,0,37,0,0,0,0,0,0,6,31,0,37,0,0,0,37
04/18/2019,GGG,TX,ASW,CE,Combined TRACON& Tower with Radar,0,11,35,0,46,0,2,2,0,4,0,13,37,0,50,14,0,14,64
04/19/2019,GGG,TX,ASW,CE,Combined TRACON& Tower with Radar,0,6,18,42,66,0,3,29,2,34,0,9,47,44,100,0,56,56,156
04/20/2019,GGG,TX,ASW,CE,Combined TRACON& Tower with Radar,0,5,12,8,25,1,28,34,0,63,1,33,46,8,88,97,0,97,185
04/21/2019,GGG,TX,ASW,CE,Combined TRACON& Tower with Radar,0,7,16,0,23,0,2,20,0,22,0,9,36,0,45,14,0,14,59
04/22/2019,GGG,TX,ASW,CE,Combined TRACON& Tower with Radar,0,12,36,10,58,0,28,17,1,46,0,40,53,11,104,108,4,112,216
04/23/2019,GGG,TX,ASW,CE,Combined TRACON& Tower with Radar,0,13,29,0,42,0,21,20,2,43,0,34,49,2,85,200,0,200,285
04/24/2019,GGG,TX,ASW,CE,Combined TRACON& Tower with Radar,0,5,16,0,21,0,10,2,0,12,0,15,18,0,33,182,0,182,215
04/25/2019,GGG,TX,ASW,CE,Combined TRACON& Tower with Radar,0,13,25,0,38,0,19,11,4,34,0,32,36,4,72,124,0,124,196
04/26/2019,GGG,TX,ASW,CE,Combined TRACON& Tower with Radar,0,20,34,13,67,0,41,38,8,87,0,61,72,21,154,226,6,232,386
04/27/2019,GGG,TX,ASW,CE,Combined TRACON& Tower with Radar,0,9,10,40,59,0,32,19,0,51,0,41,29,40,110,216,0,216,326
04/28/2019,GGG,TX,ASW,CE,Combined TRACON& Tower with Radar,0,7,22,10,39,0,10,14,0,24,0,17,36,10,63,24,12,36,99
04/29/2019,GGG,TX,ASW,CE,Combined TRACON& Tower with Radar,0,18,39,8,65,0,8,10,0,18,0,26,49,8,83,216,0,216,299
04/30/2019,GGG,TX,ASW,CE,Combined TRACON& Tower with Radar,5,10,31,4,50,0,13,4,0,17,5,23,35,4,67,130,0,130,197
05/01/2019,GGG,TX,ASW,CE,Combined TRACON& Tower with Radar,1,12,22,5,40,0,8,5,2,15,1,20,27,7,55,152,0,152,207
05/02/2019,GGG,TX,ASW,CE,Combined TRACON& Tower with Radar,2,15,19,0,36,0,18,4,0,22,2,33,23,0,58,150,0,150,208
05/03/2019,GGG,TX,ASW,CE,Combined TRACON& Tower with Radar,0,12,15,0,27,0,2,2,0,4,0,14,17,0,31,76,0,76,107
05/04/2019,GGG,TX,ASW,CE,Combined TRACON& Tower with Radar,0,6,18,0,24,0,15,8,3,26,0,21,26,3,50,66,0,66,116
05/05/2019,GGG,TX,ASW,CE,Combined TRACON& Tower with Radar,0,9,21,15,45,0,7,16,3,26,0,16,37,18,71,40,0,40,111
05/06/2019,GGG,TX,ASW,CE,Combined TRACON& Tower with Radar,0,8,27,36,71,0,26,31,2,59,0,34,58,38,130,168,6,174,304
05/07/2019,GGG,TX,ASW,CE,Combined TRACON& Tower with Radar,0,17,18,23,58,0,17,10,5,32,0,34,28,28,90,154,2,156,246
05/08/2019,GGG,TX,ASW,CE,Combined TRACON& Tower with Radar,0,3,9,0,12,0,0,1,0,1,0,3,10,0,13,0,0,0,13
05/09/2019,GGG,TX,ASW,CE,Combined TRACON& Tower with Radar,0,14,26,0,40,0,4,11,0,15,0,18,37,0,55,80,0,80,135
05/10/2019,GGG,TX,ASW,CE,Combined TRACON& Tower with Radar,0,12,31,0,43,0,0,0,0,0,0,12,31,0,43,0,0,0,43
05/11/2019,GGG,TX,ASW,CE,Combined TRACON& Tower with Radar,0,4,14,0,18,0,0,0,0,0,0,4,14,0,18,0,0,0,18
05/12/2019,GGG,TX,ASW,CE,Combined TRACON& Tower with Radar,0,6,20,0,26,0,7,19,0,26,0,13,39,0,52,34,0,34,86
05/13/2019,GGG,TX,ASW,CE,Combined TRACON& Tower with Radar,0,11,42,2,55,0,31,47,0,78,0,42,89,2,133,116,0,116,249
05/14/2019,GGG,TX,ASW,CE,Combined TRACON& Tower with Radar,0,8,35,8,51,0,35,45,0,80,0,43,80,8,131,164,0,164,295
05/15/2019,GGG,TX,ASW,CE,Combined TRACON& Tower with Radar,0,7,19,20,46,0,28,20,2,50,0,35,39,22,96,102,2,104,200
05/16/2019,GGG,TX,ASW,CE,Combined TRACON& Tower with Radar,0,7,31,1,39,0,17,40,0,57,0,24,71,1,96,92,4,96,192
05/17/2019,GGG,TX,ASW,CE,Combined TRACON& Tower with Radar,0,12,32,5,49,0,21,19,1,41,0,33,51,6,90,88,0,88,178
05/18/2019,GGG,TX,ASW,CE,Combined TRACON& Tower with Radar,0,4,11,0,15,0,0,1,0,1,0,4,12,0,16,2,0,2,18
05/19/2019,GGG,TX,ASW,CE,Combined TRACON& Tower with Radar,0,7,24,1,32,0,2,13,1,16,0,9,37,2,48,0,0,0,48
05/20/2019,GGG,TX,ASW,CE,Combined TRACON& Tower with Radar,0,9,33,83,125,0,9,17,3,29,0,18,50,86,154,16,0,16,170
05/21/2019,GGG,TX,ASW,CE,Combined TRACON& Tower with Radar,0,12,16,2,30,0,9,8,0,17,0,21,24,2,47,36,0,36,83
05/22/2019,GGG,TX,ASW,CE,Combined TRACON& Tower with Radar,0,17,27,2,46,0,16,13,0,29,0,33,40,2,75,60,0,60,135
05/23/2019,GGG,TX,ASW,CE,Combined TRACON& Tower with Radar,0,12,29,16,57,0,22,21,2,45,0,34,50,18,102,74,0,74,176
05/24/2019,GGG,TX,ASW,CE,Combined TRACON& Tower with Radar,0,16,41,0,57,0,26,28,0,54,0,42,69,0,111,112,0,112,223
05/25/2019,GGG,TX,ASW,CE,Combined TRACON& Tower with Radar,0,8,29,4,41,0,5,20,0,25,0,13,49,4,66,34,0,34,100
05/26/2019,GGG,TX,ASW,CE,Combined TRACON& Tower with Radar,0,8,20,0,28,0,1,17,0,18,0,9,37,0,46,26,0,26,72
05/27/2019,GGG,TX,ASW,CE,Combined TRACON& Tower with Radar,0,6,20,10,36,0,4,16,0,20,0,10,36,10,56,8,0,8,64
05/28/2019,GGG,TX,ASW,CE,Combined TRACON& Tower with Radar,0,8,24,4,36,0,17,11,0,28,0,25,35,4,64,92,0,92,156
05/29/2019,GGG,TX,ASW,CE,Combined TRACON& Tower with Radar,4,7,31,2,44,0,11,5,0,16,4,18,36,2,60,74,6,80,140
05/30/2019,GGG,TX,ASW,CE,Combined TRACON& Tower with Radar,0,14,25,19,58,0,11,4,0,15,0,25,29,19,73,130,6,136,209
05/31/2019,GGG,TX,ASW,CE,Combined TRACON& Tower with Radar,0,16,31,45,92,0,41,30,1,72,0,57,61,46,164,58,16,74,238
06/01/2019,GGG,TX,ASW,CE,Combined TRACON& Tower with Radar,2,7,19,0,28,0,15,22,5,42,2,22,41,5,70,58,0,58,128
06/02/2019,GGG,TX,ASW,CE,Combined TRACON& Tower with Radar,0,7,19,8,34,0,2,15,0,17,0,9,34,8,51,12,0,12,63
06/03/2019,GGG,TX,ASW,CE,Combined TRACON& Tower with Radar,0,10,26,0,36,0,33,23,0,56,0,43,49,0,92,98,0,98,190
06/04/2019,GGG,TX,ASW,CE,Combined TRACON& Tower with Radar,0,9,33,11,53,0,45,32,0,77,0,54,65,11,130,96,0,96,226
06/05/2019,GGG,TX,ASW,CE,Combined TRACON& Tower with Radar,0,9,51,2,62,0,0,2,0,2,0,9,53,2,64,76,0,76,140
06/06/2019,GGG,TX,ASW,CE,Combined TRACON& Tower with Radar,0,16,30,9,55,0,16,16,0,32,0,32,46,9,87,154,8,162,249
06/07/2019,GGG,TX,ASW,CE,Combined TRACON& Tower with Radar,0,7,36,30,73,0,32,8,0,40,0,39,44,30,113,56,26,82,195
06/08/2019,GGG,TX,ASW,CE,Combined TRACON& Tower with Radar,0,7,21,9,37,0,14,12,0,26,0,21,33,9,63,42,0,42,105
06/09/2019,GGG,TX,ASW,CE,Combined TRACON& Tower with Radar,0,7,20,0,27,0,6,25,0,31,0,13,45,0,58,50,0,50,108
06/10/2019,GGG,TX,ASW,CE,Combined TRACON& Tower with Radar,0,12,46,20,78,0,49,32,8,89,0,61,78,28,167,62,0,62,229
06/11/2019,GGG,TX,ASW,CE,Combined TRACON& Tower with Radar,0,13,31,17,61,0,43,46,5,94,0,56,77,22,155,124,2,126,281
06/12/2019,GGG,TX,ASW,CE,Combined TRACON& Tower with Radar,0,10,40,12,62,0,29,26,0,55,0,39,66,12,117,110,18,128,245
06/13/2019,GGG,TX,ASW,CE,Combined TRACON& Tower with Radar,0,7,36,11,54,0,46,30,1,77,0,53,66,12,131,116,12,128,259
06/14/2019,GGG,TX,ASW,CE,Combined TRACON& Tower with Radar,0,10,34,63,107,0,21,52,0,73,0,31,86,63,180,96,4,100,280
06/15/2019,GGG,TX,ASW,CE,Combined TRACON& Tower with Radar,0,6,21,52,79,0,13,11,1,25,0,19,32,53,104,32,8,40,144
06/16/2019,GGG,TX,ASW,CE,Combined TRACON& Tower with Radar,0,2,18,0,20,0,2,1,0,3,0,4,19,0,23,0,0,0,23
06/17/2019,GGG,TX,ASW,CE,Combined TRACON& Tower with Radar,0,7,26,2,35,0,13,18,0,31,0,20,44,2,66,116,0,116,182
06/18/2019,GGG,TX,ASW,CE,Combined TRACON& Tower with Radar,0,7,29,8,44,0,34,36,0,70,0,41,65,8,114,78,14,92,206
06/19/2019,GGG,TX,ASW,CE,Combined TRACON& Tower with Radar,0,4,16,0,20,0,17,25,0,42,0,21,41,0,62,66,0,66,128
06/20/2019,GGG,TX,ASW,CE,Combined TRACON& Tower with Radar,0,13,34,2,49,0,28,28,0,56,0,41,62,2,105,56,0,56,161
06/21/2019,GGG,TX,ASW,CE,Combined TRACON& Tower with Radar,0,12,37,27,76,0,15,9,0,24,0,27,46,27,100,68,0,68,168
06/22/2019,GGG,TX,ASW,CE,Combined TRACON& Tower with Radar,0,6,23,0,29,0,18,7,0,25,0,24,30,0,54,86,0,86,140
06/23/2019,GGG,TX,ASW,CE,Combined TRACON& Tower with Radar,0,4,11,0,15,0,0,6,0,6,0,4,17,0,21,0,0,0,21
06/24/2019,GGG,TX,ASW,CE,Combined TRACON& Tower with Radar,0,13,15,0,28,0,20,19,0,39,0,33,34,0,67,76,0,76,143
06/25/2019,GGG,TX,ASW,CE,Combined TRACON& Tower with Radar,0,9,29,0,38,0,21,16,0,37,0,30,45,0,75,56,0,56,131
06/26/2019,GGG,TX,ASW,CE,Combined TRACON& Tower with Radar,0,12,47,0,59,0,34,22,0,56,0,46,69,0,115,52,0,52,167
06/27/2019,GGG,TX,ASW,CE,Combined TRACON& Tower with Radar,0,23,36,12,71,0,10,11,0,21,0,33,47,12,92,90,0,90,182
06/28/2019,GGG,TX,ASW,CE,Combined TRACON& Tower with Radar,0,12,32,6,50,0,35,42,2,79,0,47,74,8,129,90,0,90,219
06/29/2019,GGG,TX,ASW,CE,Combined TRACON& Tower with Radar,0,3,24,1,28,0,2,7,1,10,0,5,31,2,38,0,0,0,38
06/30/2019,GGG,TX,ASW,CE,Combined TRACON& Tower with Radar,0,6,13,0,19,0,4,11,0,15,0,10,24,0,34,0,0,0,34
07/01/2019,GGG,TX,ASW,CE,Combined TRACON& Tower with Radar,0,8,20,0,28,0,12,12,0,24,0,20,32,0,52,78,0,78,130
07/02/2019,GGG,TX,ASW,CE,Combined TRACON& Tower with Radar,0,21,30,0,51,0,25,28,0,53,0,46,58,0,104,180,0,180,284
07/03/2019,GGG,TX,ASW,CE,Combined TRACON& Tower with Radar,0,14,16,0,30,0,14,16,0,30,0,28,32,0,60,44,0,44,104
07/04/2019,GGG,TX,ASW,CE,Combined TRACON& Tower with Radar,0,3,7,0,10,0,2,12,0,14,0,5,19,0,24,2,0,2,26
07/05/2019,GGG,TX,ASW,CE,Combined TRACON& Tower with Radar,0,7,12,0,19,0,4,19,0,23,0,11,31,0,42,0,0,0,42
07/06/2019,GGG,TX,ASW,CE,Combined TRACON& Tower with Radar,0,5,14,0,19,0,18,14,0,32,0,23,28,0,51,38,0,38,89
07/07/2019,GGG,TX,ASW,CE,Combined TRACON& Tower with Radar,0,8,34,1,43,0,7,19,0,26,0,15,53,1,69,22,0,22,91
07/08/2019,GGG,TX,ASW,CE,Combined TRACON& Tower with Radar,0,8,27,8,43,0,39,30,0,69,0,47,57,8,112,78,16,94,206
07/09/2019,GGG,TX,ASW,CE,Combined TRACON& Tower with Radar,0,12,35,0,47,0,34,27,0,61,0,46,62,0,108,178,0,178,286
07/10/2019,GGG,TX,ASW,CE,Combined TRACON& Tower with Radar,4,11,29,0,44,0,39,31,2,72,4,50,60,2,116,132,0,132,248
07/11/2019,GGG,TX,ASW,CE,Combined TRACON& Tower with Radar,0,13,22,4,39,0,31,19,2,52,0,44,41,6,91,170,0,170,261
07/12/2019,GGG,TX,ASW,CE,Combined TRACON& Tower with Radar,0,11,24,0,35,0,22,24,4,50,0,33,48,4,85,102,0,102,187
07/13/2019,GGG,TX,ASW,CE,Combined TRACON& Tower with Radar,0,6,14,0,20,0,7,5,0,12,0,13,19,0,32,2,0,2,34
07/14/2019,GGG,TX,ASW,CE,Combined TRACON& Tower with Radar,2,7,15,0,24,0,2,0,0,2,2,9,15,0,26,0,0,0,26
07/15/2019,GGG,TX,ASW,CE,Combined TRACON& Tower with Radar,0,8,27,2,37,0,20,15,0,35,0,28,42,2,72,180,0,180,252
07/16/2019,GGG,TX,ASW,CE,Combined TRACON& Tower with Radar,0,8,29,0,37,0,25,24,3,52,0,33,53,3,89,166,0,166,255
07/17/2019,GGG,TX,ASW,CE,Combined TRACON& Tower with Radar,0,10,23,7,40,0,14,21,0,35,0,24,44,7,75,112,4,116,191
07/18/2019,GGG,TX,ASW,CE,Combined TRACON& Tower with Radar,0,7,36,15,58,0,23,26,0,49,0,30,62,15,107,146,2,148,255
07/19/2019,GGG,TX,ASW,CE,Combined TRACON& Tower with Radar,0,13,37,4,54,0,21,20,0,41,0,34,57,4,95,108,0,108,203
07/20/2019,GGG,TX,ASW,CE,Combined TRACON& Tower with Radar,0,3,21,4,28,0,9,14,0,23,0,12,35,4,51,42,0,42,93
07/21/2019,GGG,TX,ASW,CE,Combined TRACON& Tower with Radar,0,8,30,0,38,0,11,15,0,26,0,19,45,0,64,6,0,6,70
07/22/2019,GGG,TX,ASW,CE,Combined TRACON& Tower with Radar,0,9,27,10,46,0,10,13,0,23,0,19,40,10,69,88,2,90,159
07/23/2019,GGG,TX,ASW,CE,Combined TRACON& Tower with Radar,0,7,33,7,47,0,10,37,0,47,0,17,70,7,94,62,8,70,164
07/24/2019,GGG,TX,ASW,CE,Combined TRACON& Tower with Radar,0,7,23,0,30,0,4,32,2,38,0,11,55,2,68,2,0,2,70
07/25/2019,GGG,TX,ASW,CE,Combined TRACON& Tower with Radar,0,9,28,24,61,0,6,24,0,30,0,15,52,24,91,16,2,18,109
07/26/2019,GGG,TX,ASW,CE,Combined TRACON& Tower with Radar,0,6,37,34,77,0,0,26,2,28,0,6,63,36,105,16,6,22,127
07/27/2019,GGG,TX,ASW,CE,Combined TRACON& Tower with Radar,0,5,13,2,20,0,7,10,0,17,0,12,23,2,37,4,0,4,41
07/28/2019,GGG,TX,ASW,CE,Combined TRACON& Tower with Radar,0,8,20,31,59,0,2,24,2,28,0,10,44,33,87,4,0,4,91
07/29/2019,GGG,TX,ASW,CE,Combined TRACON& Tower with Radar,0,6,25,4,35,0,1,16,0,17,0,7,41,4,52,0,0,0,52
07/30/2019,GGG,TX,ASW,CE,Combined TRACON& Tower with Radar,0,13,18,2,33,0,11,11,0,22,0,24,29,2,55,76,10,86,141
07/31/2019,GGG,TX,ASW,CE,Combined TRACON& Tower with Radar,0,15,18,56,89,0,23,23,6,52,0,38,41,62,141,162,8,170,311
08/01/2019,GGG,TX,ASW,CE,Combined TRACON& Tower with Radar,0,18,29,51,98,0,32,20,1,53,0,50,49,52,151,124,8,132,283
08/02/2019,GGG,TX,ASW,CE,Combined TRACON& Tower with Radar,0,9,12,18,39,0,29,16,9,54,0,38,28,27,93,174,4,178,271
08/03/2019,GGG,TX,ASW,CE,Combined TRACON& Tower with Radar,0,7,20,0,27,0,12,12,0,24,0,19,32,0,51,26,0,26,77
08/04/2019,GGG,TX,ASW,CE,Combined TRACON& Tower with Radar,2,6,21,5,34,0,4,13,2,19,2,10,34,7,53,16,0,16,69
08/05/2019,GGG,TX,ASW,CE,Combined TRACON& Tower with Radar,0,14,22,14,50,0,21,29,0,50,0,35,51,14,100,126,12,138,238
08/06/2019,GGG,TX,ASW,CE,Combined TRACON& Tower with Radar,0,15,23,19,57,0,21,29,0,50,0,36,52,19,107,160,10,170,277
08/07/2019,GGG,TX,ASW,CE,Combined TRACON& Tower with Radar,0,21,38,55,114,0,23,27,1,51,0,44,65,56,165,148,16,164,329
08/08/2019,GGG,TX,ASW,CE,Combined TRACON& Tower with Radar,0,12,31,41,84,0,11,22,4,37,0,23,53,45,121,128,0,128,249
08/09/2019,GGG,TX,ASW,CE,Combined TRACON& Tower with Radar,0,8,22,21,51,0,11,28,5,44,0,19,50,26,95,138,10,148,243
08/10/2019,GGG,TX,ASW,CE,Combined TRACON& Tower with Radar,0,3,24,2,29,0,6,23,0,29,0,9,47,2,58,52,0,52,110
08/11/2019,GGG,TX,ASW,CE,Combined TRACON& Tower with Radar,0,8,20,0,28,0,6,12,0,18,0,14,32,0,46,40,0,40,86
08/12/2019,GGG,TX,ASW,CE,Combined TRACON& Tower with Radar,0,11,13,17,41,0,15,13,0,28,0,26,26,17,69,124,0,124,193
08/13/2019,GGG,TX,ASW,CE,Combined TRACON& Tower with Radar,0,10,12,6,28,0,13,15,0,28,0,23,27,6,56,98,6,104,160
08/14/2019,GGG,TX,ASW,CE,Combined TRACON& Tower with Radar,0,8,32,7,47,0,12,11,1,24,0,20,43,8,71,90,14,104,175
08/15/2019,GGG,TX,ASW,CE,Combined TRACON& Tower with Radar,0,11,19,16,46,0,18,17,0,35,0,29,36,16,81,58,0,58,139
08/16/2019,GGG,TX,ASW,CE,Combined TRACON& Tower with Radar,0,8,24,16,48,0,16,27,2,45,0,24,51,18,93,106,2,108,201
08/17/2019,GGG,TX,ASW,CE,Combined TRACON& Tower with Radar,0,6,23,5,34,0,11,16,3,30,0,17,39,8,64,0,4,4,68
08/18/2019,GGG,TX,ASW,CE,Combined TRACON& Tower with Radar,0,8,13,2,23,0,3,16,0,19,0,11,29,2,42,2,0,2,44
08/19/2019,GGG,TX,ASW,CE,Combined TRACON& Tower with Radar,0,13,35,0,48,0,15,36,0,51,0,28,71,0,99,18,0,18,117
08/20/2019,GGG,TX,ASW,CE,Combined TRACON& Tower with Radar,0,6,28,35,69,0,14,25,5,44,0,20,53,40,113,96,0,96,209
08/21/2019,GGG,TX,ASW,CE,Combined TRACON& Tower with Radar,0,11,18,19,48,0,13,34,2,49,0,24,52,21,97,74,0,74,171
08/22/2019,GGG,TX,ASW,CE,Combined TRACON& Tower with Radar,2,6,28,26,62,0,12,40,1,53,2,18,68,27,115,124,0,124,239
08/23/2019,GGG,TX,ASW,CE,Combined TRACON& Tower with Radar,0,6,50,78,134,0,11,15,0,26,0,17,65,78,160,100,10,110,270
08/24/2019,GGG,TX,ASW,CE,Combined TRACON& Tower with Radar,2,4,39,24,69,0,1,8,1,10,2,5,47,25,79,0,6,6,85
08/25/2019,GGG,TX,ASW,CE,Combined TRACON& Tower with Radar,0,7,27,3,37,0,4,9,0,13,0,11,36,3,50,12,0,12,62
08/26/2019,GGG,TX,ASW,CE,Combined TRACON& Tower with Radar,2,8,22,23,55,0,11,24,0,35,2,19,46,23,90,40,0,40,130
08/27/2019,GGG,TX,ASW,CE,Combined TRACON& Tower with Radar,0,9,21,0,30,0,13,24,2,39,0,22,45,2,69,114,0,114,183
08/28/2019,GGG,TX,ASW,CE,Combined TRACON& Tower with Radar,0,13,38,6,57,0,33,20,0,53,0,46,58,6,110,94,0,94,204
08/29/2019,GGG,TX,ASW,CE,Combined TRACON& Tower with Radar,0,5,20,4,29,0,30,29,0,59,0,35,49,4,88,46,0,46,134
08/30/2019,GGG,TX,ASW,CE,Combined TRACON& Tower with Radar,0,10,21,0,31,0,36,17,0,53,0,46,38,0,84,52,0,52,136
08/31/2019,GGG,TX,ASW,CE,Combined TRACON& Tower with Radar,0,5,17,11,33,0,10,14,1,25,0,15,31,12,58,48,0,48,106
09/01/2019,GGG,TX,ASW,CE,Combined TRACON& Tower with Radar,0,5,13,2,20,0,5,12,0,17,0,10,25,2,37,22,0,22,59
09/02/2019,GGG,TX,ASW,CE,Combined TRACON& Tower with Radar,0,10,22,0,32,0,39,17,0,56,0,49,39,0,88,42,0,42,130
09/03/2019,GGG,TX,ASW,CE,Combined TRACON& Tower with Radar,0,7,27,38,72,0,44,27,3,74,0,51,54,41,146,152,0,152,298
09/04/2019,GGG,TX,ASW,CE,Combined TRACON& Tower with Radar,0,6,35,10,51,0,31,36,0,67,0,37,71,10,118,94,2,96,214
09/05/2019,GGG,TX,ASW,CE,Combined TRACON& Tower with Radar,0,11,34,38,83,0,54,25,3,82,0,65,59,41,165,124,14,138,303
09/06/2019,GGG,TX,ASW,CE,Combined TRACON& Tower with Radar,0,8,32,11,51,0,38,30,1,69,0,46,62,12,120,108,0,108,228
09/07/2019,GGG,TX,ASW,CE,Combined TRACON& Tower with Radar,0,4,25,29,58,0,25,18,0,43,0,29,43,29,101,34,0,34,135
09/08/2019,GGG,TX,ASW,CE,Combined TRACON& Tower with Radar,0,7,31,26,64,0,5,20,0,25,0,12,51,26,89,14,4,18,107
09/09/2019,GGG,TX,ASW,CE,Combined TRACON& Tower with Radar,0,8,34,5,47,0,24,29,4,57,0,32,63,9,104,66,0,66,170
09/10/2019,GGG,TX,ASW,CE,Combined TRACON& Tower with Radar,0,8,26,28,62,0,35,26,0,61,0,43,52,28,123,70,0,70,193
09/11/2019,GGG,TX,ASW,CE,Combined TRACON& Tower with Radar,0,14,32,15,61,2,32,10,1,45,2,46,42,16,106,74,2,76,182
09/12/2019,GGG,TX,ASW,CE,Combined TRACON& Tower with Radar,0,11,43,28,82,0,34,26,6,66,0,45,69,34,148,82,2,84,232
09/13/2019,GGG,TX,ASW,CE,Combined TRACON& Tower with Radar,0,9,15,13,37,0,53,30,1,84,0,62,45,14,121,152,0,152,273
09/14/2019,GGG,TX,ASW,CE,Combined TRACON& Tower with Radar,0,7,15,2,24,0,13,28,0,41,0,20,43,2,65,0,0,0,65
09/15/2019,GGG,TX,ASW,CE,Combined TRACON& Tower with Radar,0,8,25,9,42,0,7,18,2,27,0,15,43,11,69,2,16,18,87
09/16/2019,GGG,TX,ASW,CE,Combined TRACON& Tower with Radar,0,9,14,6,29,0,40,22,0,62,0,49,36,6,91,126,0,126,217
09/17/2019,GGG,TX,ASW,CE,Combined TRACON& Tower with Radar,0,11,36,33,80,0,28,18,1,47,0,39,54,34,127,146,28,174,301
09/18/2019,GGG,TX,ASW,CE,Combined TRACON& Tower with Radar,0,9,23,0,32,0,3,2,0,5,0,12,25,0,37,88,0,88,125
09/19/2019,GGG,TX,ASW,CE,Combined TRACON& Tower with Radar,0,18,25,0,43,0,0,1,0,1,0,18,26,0,44,0,0,0,44
09/20/2019,GGG,TX,ASW,CE,Combined TRACON& Tower with Radar,0,6,20,27,53,0,8,5,0,13,0,14,25,27,66,30,0,30,96
09/21/2019,GGG,TX,ASW,CE,Combined TRACON& Tower with Radar,0,4,20,19,43,0,14,17,0,31,0,18,37,19,74,50,0,50,124
09/22/2019,GGG,TX,ASW,CE,Combined TRACON& Tower with Radar,0,6,27,6,39,0,5,19,0,24,0,11,46,6,63,10,0,10,73
09/23/2019,GGG,TX,ASW,CE,Combined TRACON& Tower with Radar,0,6,16,4,26,0,31,17,0,48,0,37,33,4,74,148,0,148,222
09/24/2019,GGG,TX,ASW,CE,Combined TRACON& Tower with Radar,0,13,37,16,66,0,28,14,0,42,0,41,51,16,108,132,0,132,240
09/25/2019,GGG,TX,ASW,CE,Combined TRACON& Tower with Radar,0,8,27,33,68,0,65,28,2,95,0,73,55,35,163,236,20,256,419
09/26/2019,GGG,TX,ASW,CE,Combined TRACON& Tower with Radar,6,7,39,31,83,0,44,33,0,77,6,51,72,31,160,110,0,110,270
09/27/2019,GGG,TX,ASW,CE,Combined TRACON& Tower with Radar,0,8,18,36,62,0,29,19,2,50,0,37,37,38,112,124,0,124,236
09/28/2019,GGG,TX,ASW,CE,Combined TRACON& Tower with Radar,0,6,34,0,40,0,10,4,0,14,0,16,38,0,54,18,0,18,72
09/29/2019,GGG,TX,ASW,CE,Combined TRACON& Tower with Radar,0,6,20,2,28,0,13,11,0,24,0,19,31,2,52,4,4,8,60
09/30/2019,GGG,TX,ASW,CE,Combined TRACON& Tower with Radar,0,13,38,7,58,0,35,26,0,61,0,48,64,7,119,138,0,138,257
10/01/2019,GGG,TX,ASW,CE,Combined TRACON& Tower with Radar,0,8,29,10,47,0,27,17,1,45,0,35,46,11,92,74,18,92,184
10/02/2019,GGG,TX,ASW,CE,Combined TRACON& Tower with Radar,0,10,19,18,47,0,36,29,3,68,0,46,48,21,115,44,10,54,169
10/03/2019,GGG,TX,ASW,CE,Combined TRACON& Tower with Radar,0,6,40,18,64,0,17,31,0,48,0,23,71,18,112,36,12,48,160
10/04/2019,GGG,TX,ASW,CE,Combined TRACON& Tower with Radar,0,7,43,33,83,0,20,33,0,53,0,27,76,33,136,44,0,44,180
10/05/2019,GGG,TX,ASW,CE,Combined TRACON& Tower with Radar,0,6,13,4,23,0,27,28,0,55,0,33,41,4,78,72,0,72,150
10/06/2019,GGG,TX,ASW,CE,Combined TRACON& Tower with Radar,0,4,29,0,33,0,13,10,0,23,0,17,39,0,56,2,0,2,58
10/07/2019,GGG,TX,ASW,CE,Combined TRACON& Tower with Radar,0,14,19,36,69,0,9,8,0,17,0,23,27,36,86,60,34,94,180
10/08/2019,GGG,TX,ASW,CE,Combined TRACON& Tower with Radar,0,7,29,2,38,0,43,35,4,82,0,50,64,6,120,58,0,58,178
10/09/2019,GGG,TX,ASW,CE,Combined TRACON& Tower with Radar,0,13,34,35,82,0,32,28,2,62,0,45,62,37,144,122,28,150,294
10/10/2019,GGG,TX,ASW,CE,Combined TRACON& Tower with Radar,0,7,54,0,61,0,22,29,2,53,0,29,83,2,114,112,0,112,226
10/11/2019,GGG,TX,ASW,CE,Combined TRACON& Tower with Radar,0,13,25,0,38,0,4,4,0,8,0,17,29,0,46,0,0,0,46
10/12/2019,GGG,TX,ASW,CE,Combined TRACON& Tower with Radar,0,7,26,6,39,0,31,28,0,59,0,38,54,6,98,72,0,72,170
10/13/2019,GGG,TX,ASW,CE,Combined TRACON& Tower with Radar,0,6,21,0,27,0,9,19,2,30,0,15,40,2,57,12,0,12,69
10/14/2019,GGG,TX,ASW,CE,Combined TRACON& Tower with Radar,0,8,24,0,32,0,24,2,0,26,0,32,26,0,58,124,0,124,182
10/15/2019,GGG,TX,ASW,CE,Combined TRACON& Tower with Radar,0,7,10,0,17,0,0,1,0,1,0,7,11,0,18,0,0,0,18
10/16/2019,GGG,TX,ASW,CE,Combined TRACON& Tower with Radar,0,13,38,0,51,0,60,23,0,83,0,73,61,0,134,158,0,158,292
10/17/2019,GGG,TX,ASW,CE,Combined TRACON& Tower with Radar,0,12,34,20,66,0,47,27,0,74,0,59,61,20,140,124,0,124,264
10/18/2019,GGG,TX,ASW,CE,Combined TRACON& Tower with Radar,0,16,35,33,84,0,33,39,2,74,0,49,74,35,158,102,16,118,276
10/19/2019,GGG,TX,ASW,CE,Combined TRACON& Tower with Radar,0,15,26,19,60,0,7,10,0,17,0,22,36,19,77,70,0,70,147
10/20/2019,GGG,TX,ASW,CE,Combined TRACON& Tower with Radar,0,7,40,3,50,0,6,20,1,27,0,13,60,4,77,4,0,4,81
10/21/2019,GGG,TX,ASW,CE,Combined TRACON& Tower with Radar,2,12,11,37,62,0,37,20,0,57,2,49,31,37,119,96,12,108,227
10/22/2019,GGG,TX,ASW,CE,Combined TRACON& Tower with Radar,0,8,36,8,52,0,45,32,0,77,0,53,68,8,129,186,1,187,316
10/23/2019,GGG,TX,ASW,CE,Combined TRACON& Tower with Radar,0,12,47,23,82,0,40,45,7,92,0,52,92,30,174,148,0,148,322
10/24/2019,GGG,TX,ASW,CE,Combined TRACON& Tower with Radar,4,6,41,10,61,0,44,21,0,65,4,50,62,10,126,154,2,156,282
10/25/2019,GGG,TX,ASW,CE,Combined TRACON& Tower with Radar,0,22,22,0,44,0,0,0,0,0,0,22,22,0,44,0,0,0,44
10/26/2019,GGG,TX,ASW,CE,Combined TRACON& Tower with Radar,0,7,18,2,27,0,3,9,0,12,0,10,27,2,39,4,0,4,43
10/27/2019,GGG,TX,ASW,CE,Combined TRACON& Tower with Radar,0,6,25,13,44,0,5,38,0,43,0,11,63,13,87,28,8,36,123
10/28/2019,GGG,TX,ASW,CE,Combined TRACON& Tower with Radar,0,23,42,27,92,0,0,2,0,2,0,23,44,27,94,24,2,26,120
10/29/2019,GGG,TX,ASW,CE,Combined TRACON& Tower with Radar,0,18,42,2,62,0,4,8,0,12,0,22,50,2,74,56,0,56,130
10/30/2019,GGG,TX,ASW,CE,Combined TRACON& Tower with Radar,0,8,17,0,25,0,0,0,0,0,0,8,17,0,25,0,0,0,25
10/31/2019,GGG,TX,ASW,CE,Combined TRACON& Tower with Radar,0,10,25,6,41,0,49,23,0,72,0,59,48,6,113,72,0,72,185
11/01/2019,GGG,TX,ASW,CE,Combined TRACON& Tower with Radar,0,14,27,31,72,0,54,29,0,83,0,68,56,31,155,136,12,148,303
11/02/2019,GGG,TX,ASW,CE,Combined TRACON& Tower with Radar,2,6,14,23,45,0,79,27,4,110,2,85,41,27,155,32,0,32,187
11/03/2019,GGG,TX,ASW,CE,Combined TRACON& Tower with Radar,0,6,22,0,28,0,9,31,0,40,0,15,53,0,68,26,0,26,94
11/04/2019,GGG,TX,ASW,CE,Combined TRACON& Tower with Radar,0,12,17,25,54,0,50,21,0,71,0,62,38,25,125,172,2,174,299
11/05/2019,GGG,TX,ASW,CE,Combined TRACON& Tower with Radar,0,17,32,0,49,0,6,8,0,14,0,23,40,0,63,50,0,50,113
11/06/2019,GGG,TX,ASW,CE,Combined TRACON& Tower with Radar,0,13,34,7,54,0,50,19,1,70,0,63,53,8,124,206,0,206,330
11/07/2019,GGG,TX,ASW,CE,Combined TRACON& Tower with Radar,0,16,21,0,37,0,14,0,0,14,0,30,21,0,51,60,0,60,111
11/08/2019,GGG,TX,ASW,CE,Combined TRACON& Tower with Radar,0,18,36,2,56,0,35,29,6,70,0,53,65,8,126,150,0,150,276
11/09/2019,GGG,TX,ASW,CE,Combined TRACON& Tower with Radar,0,10,22,0,32,0,28,31,0,59,0,38,53,0,91,92,0,92,183
11/10/2019,GGG,TX,ASW,CE,Combined TRACON& Tower with Radar,0,6,22,0,28,0,15,34,0,49,0,21,56,0,77,50,0,50,127
11/11/2019,GGG,TX,ASW,CE,Combined TRACON& Tower with Radar,0,8,20,0,28,0,12,5,0,17,0,20,25,0,45,86,0,86,131
11/12/2019,GGG,TX,ASW,CE,Combined TRACON& Tower with Radar,0,10,30,4,44,0,42,31,0,73,0,52,61,4,117,208,0,208,325
11/13/2019,GGG,TX,ASW,CE,Combined TRACON& Tower with Radar,0,10,27,19,56,0,53,25,1,79,0,63,52,20,135,126,10,136,271
11/14/2019,GGG,TX,ASW,CE,Combined TRACON& Tower with Radar,0,15,34,4,53,0,8,8,0,16,0,23,42,4,69,56,0,56,125
11/15/2019,GGG,TX,ASW,CE,Combined TRACON& Tower with Radar,0,13,20,0,33,0,64,42,0,106,0,77,62,0,139,162,0,162,301
11/16/2019,GGG,TX,ASW,CE,Combined TRACON& Tower with Radar,0,5,13,25,43,0,33,23,1,57,0,38,36,26,100,87,0,87,187
11/17/2019,GGG,TX,ASW,CE,Combined TRACON& Tower with Radar,0,6,16,16,38,0,9,23,0,32,0,15,39,16,70,14,0,14,84
11/18/2019,GGG,TX,ASW,CE,Combined TRACON& Tower with Radar,0,12,14,6,32,0,48,27,3,78,0,60,41,9,110,134,4,138,248
11/19/2019,GGG,TX,ASW,CE,Combined TRACON& Tower with Radar,0,11,31,7,49,0,43,34,1,78,0,54,65,8,127,166,12,178,305
11/20/2019,GGG,TX,ASW,CE,Combined TRACON& Tower with Radar,2,16,31,4,53,0,47,14,0,61,2,63,45,4,114,218,0,218,332
11/21/2019,GGG,TX,ASW,CE,Combined TRACON& Tower with Radar,0,23,27,0,50,0,22,11,0,33,0,45,38,0,83,222,0,222,305
11/22/2019,GGG,TX,ASW,CE,Combined TRACON& Tower with Radar,0,23,22,0,45,0,0,0,0,0,0,23,22,0,45,0,0,0,45
11/23/2019,GGG,TX,ASW,CE,Combined TRACON& Tower with Radar,0,6,18,6,30,1,27,18,2,48,1,33,36,8,78,174,0,174,252
11/24/2019,GGG,TX,ASW,CE,Combined TRACON& Tower with Radar,2,4,10,0,16,0,7,30,0,37,2,11,40,0,53,18,0,18,71
11/25/2019,GGG,TX,ASW,CE,Combined TRACON& Tower with Radar,0,5,22,2,29,0,34,25,0,59,0,39,47,2,88,44,0,44,132
11/26/2019,GGG,TX,ASW,CE,Combined TRACON& Tower with Radar,0,14,30,0,44,0,2,8,0,10,0,16,38,0,54,90,0,90,144
11/27/2019,GGG,TX,ASW,CE,Combined TRACON& Tower with Radar,0,8,20,4,32,0,38,22,0,60,0,46,42,4,92,26,2,28,120
11/28/2019,GGG,TX,ASW,CE,Combined TRACON& Tower with Radar,0,0,3,0,3,0,2,0,0,2,0,2,3,0,5,0,0,0,5
11/29/2019,GGG,TX,ASW,CE,Combined TRACON& Tower with Radar,0,2,20,0,22,0,1,4,0,5,0,3,24,0,27,10,0,10,37
11/30/2019,GGG,TX,ASW,CE,Combined TRACON& Tower with Radar,0,4,11,0,15,0,8,8,0,16,0,12,19,0,31,30,0,30,61
12/01/2019,GGG,TX,ASW,CE,Combined TRACON& Tower with Radar,0,4,36,0,40,0,0,26,0,26,0,4,62,0,66,4,0,4,70
12/02/2019,GGG,TX,ASW,CE,Combined TRACON& Tower with Radar,0,8,31,11,50,0,41,31,0,72,0,49,62,11,122,174,10,184,306
12/03/2019,GGG,TX,ASW,CE,Combined TRACON& Tower with Radar,0,11,22,17,50,1,42,29,2,74,1,53,51,19,124,186,0,186,310
12/04/2019,GGG,TX,ASW,CE,Combined TRACON& Tower with Radar,0,5,29,11,45,0,39,27,2,68,0,44,56,13,113,138,2,140,253
12/05/2019,GGG,TX,ASW,CE,Combined TRACON& Tower with Radar,0,12,16,26,54,0,36,27,0,63,0,48,43,26,117,78,0,78,195
12/06/2019,GGG,TX,ASW,CE,Combined TRACON& Tower with Radar,0,13,45,15,73,0,25,35,0,60,0,38,80,15,133,130,8,138,271
12/07/2019,GGG,TX,ASW,CE,Combined TRACON& Tower with Radar,0,9,21,4,34,0,28,15,4,47,0,37,36,8,81,98,0,98,179
12/08/2019,GGG,TX,ASW,CE,Combined TRACON& Tower with Radar,0,6,28,9,43,0,1,10,0,11,0,7,38,9,54,0,0,0,54
12/09/2019,GGG,TX,ASW,CE,Combined TRACON& Tower with Radar,0,10,28,2,40,0,14,10,0,24,0,24,38,2,64,94,0,94,158
12/10/2019,GGG,TX,ASW,CE,Combined TRACON& Tower with Radar,0,8,16,0,24,0,0,0,0,0,0,8,16,0,24,0,0,0,24
12/11/2019,GGG,TX,ASW,CE,Combined TRACON& Tower with Radar,0,14,43,13,70,0,32,40,2,74,0,46,83,15,144,130,2,132,276
12/12/2019,GGG,TX,ASW,CE,Combined TRACON& Tower with Radar,0,12,34,4,50,0,38,35,0,73,0,50,69,4,123,128,0,128,251
12/13/2019,GGG,TX,ASW,CE,Combined TRACON& Tower with Radar,0,12,48,17,77,0,28,28,0,56,0,40,76,17,133,174,0,174,307
12/14/2019,GGG,TX,ASW,CE,Combined TRACON& Tower with Radar,0,10,26,2,38,0,14,39,0,53,0,24,65,2,91,160,0,160,251
12/15/2019,GGG,TX,ASW,CE,Combined TRACON& Tower with Radar,0,8,46,4,58,0,2,9,0,11,0,10,55,4,69,0,0,0,69
12/16/2019,GGG,TX,ASW,CE,Combined TRACON& Tower with Radar,0,6,24,0,30,0,0,0,0,0,0,6,24,0,30,42,0,42,72
12/17/2019,GGG,TX,ASW,CE,Combined TRACON& Tower with Radar,0,9,23,5,37,0,30,33,0,63,0,39,56,5,100,212,0,212,312
12/18/2019,GGG,TX,ASW,CE,Combined TRACON& Tower with Radar,0,9,38,10,57,0,18,31,1,50,0,27,69,11,107,190,11,201,308
12/19/2019,GGG,TX,ASW,CE,Combined TRACON& Tower with Radar,0,6,28,21,55,0,15,30,0,45,0,21,58,21,100,80,0,80,180
12/20/2019,GGG,TX,ASW,CE,Combined TRACON& Tower with Radar,0,5,30,8,43,0,2,17,1,20,0,7,47,9,63,8,0,8,71
12/21/2019,GGG,TX,ASW,CE,Combined TRACON& Tower with Radar,0,10,15,0,25,0,5,8,0,13,0,15,23,0,38,24,0,24,62
12/22/2019,GGG,TX,ASW,CE,Combined TRACON& Tower with Radar,0,5,16,0,21,0,0,16,0,16,0,5,32,0,37,20,0,20,57
12/23/2019,GGG,TX,ASW,CE,Combined TRACON& Tower with Radar,2,7,16,0,25,0,2,21,0,23,2,9,37,0,48,8,0,8,56
12/24/2019,GGG,TX,ASW,CE,Combined TRACON& Tower with Radar,0,3,11,0,14,0,5,18,0,23,0,8,29,0,37,0,0,0,37
12/25/2019,GGG,TX,ASW,CE,Combined TRACON& Tower with Radar,0,4,5,0,9,0,0,1,0,1,0,4,6,0,10,0,0,0,10
12/26/2019,GGG,TX,ASW,CE,Combined TRACON& Tower with Radar,0,5,35,0,40,0,2,10,0,12,0,7,45,0,52,2,0,2,54
12/27/2019,GGG,TX,ASW,CE,Combined TRACON& Tower with Radar,0,7,30,6,43,0,3,8,0,11,0,10,38,6,54,4,0,4,58
12/28/2019,GGG,TX,ASW,CE,Combined TRACON& Tower with Radar,0,5,11,0,16,0,1,3,0,4,0,6,14,0,20,0,0,0,20
12/29/2019,GGG,TX,ASW,CE,Combined TRACON& Tower with Radar,0,5,16,0,21,0,2,12,0,14,0,7,28,0,35,4,0,4,39
12/30/2019,GGG,TX,ASW,CE,Combined TRACON& Tower with Radar,0,5,13,2,20,0,0,28,0,28,0,5,41,2,48,6,0,6,54
12/31/2019,GGG,TX,ASW,CE,Combined TRACON& Tower with Radar,0,7,20,0,27,0,3,19,0,22,0,10,39,0,49,0,0,0,49
01/01/2020,GGG,TX,ASW,CE,Combined TRACON& Tower with Radar,0,4,7,0,11,0,4,4,0,8,0,8,11,0,19,32,0,32,51
01/02/2020,GGG,TX,ASW,CE,Combined TRACON& Tower with Radar,0,2,17,0,19,0,0,1,0,1,0,2,18,0,20,0,0,0,20
01/03/2020,GGG,TX,ASW,CE,Combined TRACON& Tower with Radar,0,9,25,2,36,0,0,5,0,5,0,9,30,2,41,2,0,2,43
01/04/2020,GGG,TX,ASW,CE,Combined TRACON& Tower with Radar,0,4,13,0,17,0,27,24,0,51,0,31,37,0,68,108,0,108,176
01/05/2020,GGG,TX,ASW,CE,Combined TRACON& Tower with Radar,0,5,18,4,27,0,4,25,0,29,0,9,43,4,56,4,6,10,66
01/06/2020,GGG,TX,ASW,CE,Combined TRACON& Tower with Radar,0,9,19,11,39,0,32,18,1,51,0,41,37,12,90,114,2,116,206
01/07/2020,GGG,TX,ASW,CE,Combined TRACON& Tower with Radar,0,12,24,25,61,0,23,29,2,54,0,35,53,27,115,122,0,122,237
01/08/2020,GGG,TX,ASW,CE,Combined TRACON& Tower with Radar,0,9,21,36,66,0,29,18,0,47,0,38,39,36,113,202,4,206,319
01/09/2020,GGG,TX,ASW,CE,Combined TRACON& Tower with Radar,0,8,21,6,35,2,2,4,0,8,2,10,25,6,43,18,0,18,61
01/10/2020,GGG,TX,ASW,CE,Combined TRACON& Tower with Radar,0,14,11,0,25,0,4,0,0,4,0,18,11,0,29,22,0,22,51
01/11/2020,GGG,TX,ASW,CE,Combined TRACON& Tower with Radar,0,11,27,1,39,0,0,2,0,2,0,11,29,1,41,42,0,42,83
01/12/2020,GGG,TX,ASW,CE,Combined TRACON& Tower with Radar,0,9,19,6,34,0,10,10,0,20,0,19,29,6,54,26,0,26,80
01/13/2020,GGG,TX,ASW,CE,Combined TRACON& Tower with Radar,0,9,27,8,44,0,24,18,0,42,0,33,45,8,86,122,0,122,208
01/14/2020,GGG,TX,ASW,CE,Combined TRACON& Tower with Radar,0,12,46,0,58,0,0,4,0,4,0,12,50,0,62,0,0,0,62
01/15/2020,GGG,TX,ASW,CE,Combined TRACON& Tower with Radar,0,13,42,0,55,0,2,5,0,7,0,15,47,0,62,32,0,32,94
01/16/2020,GGG,TX,ASW,CE,Combined TRACON& Tower with Radar,0,12,27,5,44,0,0,0,1,1,0,12,27,6,45,12,0,12,57
01/17/2020,GGG,TX,ASW,CE,Combined TRACON& Tower with Radar,0,24,60,0,84,0,0,1,0,1,0,24,61,0,85,4,0,4,89
01/18/2020,GGG,TX,ASW,CE,Combined TRACON& Tower with Radar,0,12,18,5,35,0,17,25,1,43,0,29,43,6,78,38,6,44,122
01/19/2020,GGG,TX,ASW,CE,Combined TRACON& Tower with Radar,0,6,22,0,28,0,7,45,0,52,0,13,67,0,80,38,0,38,118
01/20/2020,GGG,TX,ASW,CE,Combined TRACON& Tower with Radar,2,5,43,0,50,0,0,46,0,46,2,5,89,0,96,0,0,0,96
01/21/2020,GGG,TX,ASW,CE,Combined TRACON& Tower with Radar,0,8,31,23,62,0,32,32,2,66,0,40,63,25,128,74,0,74,202
01/22/2020,GGG,TX,ASW,CE,Combined TRACON& Tower with Radar,0,4,17,0,21,0,0,0,0,0,0,4,17,0,21,0,0,0,21
01/23/2020,GGG,TX,ASW,CE,Combined TRACON& Tower with Radar,0,5,23,6,34,0,7,8,0,15,0,12,31,6,49,32,10,42,91
01/24/2020,GGG,TX,ASW,CE,Combined TRACON& Tower with Radar,2,6,23,27,58,0,49,37,0,86,2,55,60,27,144,102,0,102,246
01/25/2020,GGG,TX,ASW,CE,Combined TRACON& Tower with Radar,0,4,9,22,35,0,45,42,4,91,0,49,51,26,126,58,6,64,190
01/26/2020,GGG,TX,ASW,CE,Combined TRACON& Tower with Radar,0,6,37,0,43,0,0,3,0,3,0,6,40,0,46,0,0,0,46
01/27/2020,GGG,TX,ASW,CE,Combined TRACON& Tower with Radar,0,8,23,8,39,0,21,16,0,37,0,29,39,8,76,130,6,136,212
01/28/2020,GGG,TX,ASW,CE,Combined TRACON& Tower with Radar,0,7,7,0,14,0,1,0,0,1,0,8,7,0,15,14,0,14,29
01/29/2020,GGG,TX,ASW,CE,Combined TRACON& Tower with Radar,0,15,36,20,71,0,0,0,0,0,0,15,36,20,71,0,0,0,71
01/30/2020,GGG,TX,ASW,CE,Combined TRACON& Tower with Radar,0,8,26,0,34,0,0,4,0,4,0,8,30,0,38,0,0,0,38
01/31/2020,GGG,TX,ASW,CE,Combined TRACON& Tower with Radar,0,11,31,29,71,0,14,11,0,25,0,25,42,29,96,88,0,88,184
02/01/2020,GGG,TX,ASW,CE,Combined TRACON& Tower with Radar,0,5,21,4,30,0,59,37,2,98,0,64,58,6,128,34,0,34,162
02/02/2020,GGG,TX,ASW,CE,Combined TRACON& Tower with Radar,0,7,11,2,20,0,26,38,0,64,0,33,49,2,84,20,0,20,104
02/03/2020,GGG,TX,ASW,CE,Combined TRACON& Tower with Radar,0,14,41,0,55,0,11,6,0,17,0,25,47,0,72,82,0,82,154
02/04/2020,GGG,TX,ASW,CE,Combined TRACON& Tower with Radar,0,10,28,8,46,0,4,3,0,7,0,14,31,8,53,108,0,108,161
02/05/2020,GGG,TX,ASW,CE,Combined TRACON& Tower with Radar,0,3,6,0,9,0,0,0,0,0,0,3,6,0,9,0,0,0,9
02/06/2020,GGG,TX,ASW,CE,Combined TRACON& Tower with Radar,0,7,25,3,35,0,45,23,4,72,0,52,48,7,107,82,6,88,195
02/07/2020,GGG,TX,ASW,CE,Combined TRACON& Tower with Radar,2,8,18,66,94,0,53,64,3,120,2,61,82,69,214,44,26,70,284
02/08/2020,GGG,TX,ASW,CE,Combined TRACON& Tower with Radar,0,6,10,7,23,0,42,41,3,86,0,48,51,10,109,60,18,78,187
02/09/2020,GGG,TX,ASW,CE,Combined TRACON& Tower with Radar,0,7,35,7,49,0,2,3,0,5,0,9,38,7,54,0,0,0,54
02/10/2020,GGG,TX,ASW,CE,Combined TRACON& Tower with Radar,2,6,13,0,21,0,0,0,0,0,2,6,13,0,21,0,0,0,21
02/11/2020,GGG,TX,ASW,CE,Combined TRACON& Tower with Radar,0,8,12,0,20,0,0,0,0,0,0,8,12,0,20,0,0,0,20
02/12/2020,GGG,TX,ASW,CE,Combined TRACON& Tower with Radar,0,6,15,0,21,0,0,0,0,0,0,6,15,0,21,0,0,0,21
02/13/2020,GGG,TX,ASW,CE,Combined TRACON& Tower with Radar,0,10,44,31,85,0,42,14,0,56,0,52,58,31,141,96,40,136,277
02/14/2020,GGG,TX,ASW,CE,Combined TRACON& Tower with Radar,0,10,31,3,44,0,86,49,2,137,0,96,80,5,181,90,0,90,271
02/15/2020,GGG,TX,ASW,CE,Combined TRACON& Tower with Radar,0,5,18,0,23,0,40,33,0,73,0,45,51,0,96,70,0,70,166
02/16/2020,GGG,TX,ASW,CE,Combined TRACON& Tower with Radar,0,14,17,0,31,0,5,9,0,14,0,19,26,0,45,26,0,26,71
02/17/2020,GGG,TX,ASW,CE,Combined TRACON& Tower with Radar,0,10,38,11,59,0,6,5,0,11,0,16,43,11,70,38,0,38,108
02/18/2020,GGG,TX,ASW,CE,Combined TRACON& Tower with Radar,0,4,35,2,41,0,0,2,0,2,0,4,37,2,43,12,0,12,55
02/19/2020,GGG,TX,ASW,CE,Combined TRACON& Tower with Radar,0,7,26,0,33,0,0,0,0,0,0,7,26,0,33,0,0,0,33
02/20/2020,GGG,TX,ASW,CE,Combined TRACON& Tower with Radar,0,18,25,3,46,0,13,14,0,27,0,31,39,3,73,96,6,102,175
02/21/2020,GGG,TX,ASW,CE,Combined TRACON& Tower with Radar,0,9,38,33,80,0,81,65,3,149,0,90,103,36,229,70,14,84,313
02/22/2020,GGG,TX,ASW,CE,Combined TRACON& Tower with Radar,0,5,28,17,50,0,53,102,3,158,0,58,130,20,208,8,0,8,216
02/23/2020,GGG,TX,ASW,CE,Combined TRACON& Tower with Radar,0,6,31,4,41,0,0,0,0,0,0,6,31,4,41,0,0,0,41
02/24/2020,GGG,TX,ASW,CE,Combined TRACON& Tower with Radar,0,7,24,7,38,0,14,11,1,26,0,21,35,8,64,88,10,98,162
02/25/2020,GGG,TX,ASW,CE,Combined TRACON& Tower with Radar,0,4,32,9,45,0,83,49,1,133,0,87,81,10,178,70,6,76,254
02/26/2020,GGG,TX,ASW,CE,Combined TRACON& Tower with Radar,0,4,39,9,52,0,27,16,0,43,0,31,55,9,95,72,0,72,167
02/27/2020,GGG,TX,ASW,CE,Combined TRACON& Tower with Radar,0,9,34,23,66,0,73,51,2,126,0,82,85,25,192,56,20,76,268
02/28/2020,GGG,TX,ASW,CE,Combined TRACON& Tower with Radar,0,13,27,4,44,0,74,53,1,128,0,87,80,5,172,88,0,88,260
02/29/2020,GGG,TX,ASW,CE,Combined TRACON& Tower with Radar,0,6,16,0,22,0,32,36,2,70,0,38,52,2,92,12,0,12,104
03/01/2020,GGG,TX,ASW,CE,Combined TRACON& Tower with Radar,0,6,33,0,39,0,1,3,0,4,0,7,36,0,43,0,0,0,43
03/02/2020,GGG,TX,ASW,CE,Combined TRACON& Tower with Radar,0,12,44,4,60,0,10,6,0,16,0,22,50,4,76,198,4,202,278
03/03/2020,GGG,TX,ASW,CE,Combined TRACON& Tower with Radar,0,4,28,0,32,0,19,8,0,27,0,23,36,0,59,44,0,44,103
03/04/2020,GGG,TX,ASW,CE,Combined TRACON& Tower with Radar,0,5,13,0,18,0,1,1,0,2,0,6,14,0,20,0,0,0,20
03/05/2020,GGG,TX,ASW,CE,Combined TRACON& Tower with Radar,0,9,19,12,40,0,52,65,4,121,0,61,84,16,161,102,4,106,267
03/06/2020,GGG,TX,ASW,CE,Combined TRACON& Tower with Radar,0,12,17,1,30,0,58,27,1,86,0,70,44,2,116,158,0,158,274
03/07/2020,GGG,TX,ASW,CE,Combined TRACON& Tower with Radar,0,4,28,0,32,0,37,42,0,79,0,41,70,0,111,64,0,64,175
03/08/2020,GGG,TX,ASW,CE,Combined TRACON& Tower with Radar,0,12,24,0,36,0,12,23,0,35,0,24,47,0,71,0,0,0,71
03/09/2020,GGG,TX,ASW,CE,Combined TRACON& Tower with Radar,0,7,24,0,31,0,1,0,0,1,0,8,24,0,32,0,0,0,32
03/10/2020,GGG,TX,ASW,CE,Combined TRACON& Tower with Radar,0,10,29,10,49,0,24,18,0,42,0,34,47,10,91,28,2,30,121
03/11/2020,GGG,TX,ASW,CE,Combined TRACON& Tower with Radar,0,12,33,9,54,0,41,25,1,67,0,53,58,10,121,164,2,166,287
03/12/2020,GGG,TX,ASW,CE,Combined TRACON& Tower with Radar,0,6,26,0,32,0,25,14,0,39,0,31,40,0,71,36,0,36,107
03/13/2020,GGG,TX,ASW,CE,Combined TRACON& Tower with Radar,0,8,25,0,33,0,11,0,0,11,0,19,25,0,44,40,0,40,84
03/14/2020,GGG,TX,ASW,CE,Combined TRACON& Tower with Radar,0,4,27,0,31,0,8,6,0,14,0,12,33,0,45,16,0,16,61
03/15/2020,GGG,TX,ASW,CE,Combined TRACON& Tower with Radar,0,5,12,0,17,0,4,0,0,4,0,9,12,0,21,26,0,26,47
03/16/2020,GGG,TX,ASW,CE,Combined TRACON& Tower with Radar,0,6,18,0,24,0,0,0,0,0,0,6,18,0,24,0,0,0,24
03/17/2020,GGG,TX,ASW,CE,Combined TRACON& Tower with Radar,0,9,23,0,32,0,1,2,0,3,0,10,25,0,35,6,0,6,41
03/18/2020,GGG,TX,ASW,CE,Combined TRACON& Tower with Radar,0,4,30,0,34,0,1,10,0,11,0,5,40,0,45,6,0,6,51
03/19/2020,GGG,TX,ASW,CE,Combined TRACON& Tower with Radar,0,4,14,0,18,0,5,4,0,9,0,9,18,0,27,6,0,6,33
03/20/2020,GGG,TX,ASW,CE,Combined TRACON& Tower with Radar,0,8,9,0,17,0,0,1,0,1,0,8,10,0,18,0,0,0,18
03/21/2020,GGG,TX,ASW,CE,Combined TRACON& Tower with Radar,0,7,23,0,30,0,1,1,0,2,0,8,24,0,32,8,0,8,40
03/22/2020,GGG,TX,ASW,CE,Combined TRACON& Tower with Radar,0,3,5,0,8,0,0,0,0,0,0,3,5,0,8,0,0,0,8
03/23/2020,GGG,TX,ASW,CE,Combined TRACON& Tower with Radar,0,6,12,0,18,0,0,0,0,0,0,6,12,0,18,0,0,0,18
03/24/2020,GGG,TX,ASW,CE,Combined TRACON& Tower with Radar,0,4,6,0,10,0,0,14,0,14,0,4,20,0,24,4,0,4,28
03/25/2020,GGG,TX,ASW,CE,Combined TRACON& Tower with Radar,0,3,22,1,26,0,0,28,1,29,0,3,50,2,55,0,0,0,55
03/26/2020,GGG,TX,ASW,CE,Combined TRACON& Tower with Radar,0,5,9,0,14,0,6,19,0,25,0,11,28,0,39,58,0,58,97
03/27/2020,GGG,TX,ASW,CE,Combined TRACON& Tower with Radar,0,6,15,0,21,0,6,9,0,15,0,12,24,0,36,0,0,0,36
03/28/2020,GGG,TX,ASW,CE,Combined TRACON& Tower with Radar,0,4,4,0,8,0,0,2,0,2,0,4,6,0,10,0,0,0,10
03/29/2020,GGG,TX,ASW,CE,Combined TRACON& Tower with Radar,0,4,12,0,16,0,2,23,0,25,0,6,35,0,41,6,0,6,47
03/30/2020,GGG,TX,ASW,CE,Combined TRACON& Tower with Radar,0,3,13,0,16,0,0,9,0,9,0,3,22,0,25,12,0,12,37
03/31/2020,GGG,TX,ASW,CE,Combined TRACON& Tower with Radar,0,3,16,9,28,0,3,9,0,12,0,6,25,9,40,4,16,20,60
04/01/2020,GGG,TX,ASW,CE,Combined TRACON& Tower with Radar,0,2,18,0,20,0,2,18,0,20,0,4,36,0,40,0,0,0,40
04/02/2020,GGG,TX,ASW,CE,Combined TRACON& Tower with Radar,0,4,7,0,11,0,2,11,0,13,0,6,18,0,24,12,0,12,36
04/03/2020,GGG,TX,ASW,CE,Combined TRACON& Tower with Radar,0,5,6,0,11,0,0,0,0,0,0,5,6,0,11,0,0,0,11
04/04/2020,GGG,TX,ASW,CE,Combined TRACON& Tower with Radar,0,6,2,0,8,0,0,0,0,0,0,6,2,0,8,0,0,0,8
04/05/2020,GGG,TX,ASW,CE,Combined TRACON& Tower with Radar,0,3,5,0,8,0,2,2,0,4,0,5,7,0,12,0,0,0,12
04/06/2020,GGG,TX,ASW,CE,Combined TRACON& Tower with Radar,0,4,6,3,13,0,2,16,0,18,0,6,22,3,31,14,0,14,45
04/07/2020,GGG,TX,ASW,CE,Combined TRACON& Tower with Radar,0,5,18,0,23,0,0,10,0,10,0,5,28,0,33,0,0,0,33
04/08/2020,GGG,TX,ASW,CE,Combined TRACON& Tower with Radar,0,3,17,0,20,0,1,9,0,10,0,4,26,0,30,6,0,6,36
04/09/2020,GGG,TX,ASW,CE,Combined TRACON& Tower with Radar,0,3,8,0,11,0,0,12,0,12,0,3,20,0,23,0,0,0,23
04/10/2020,GGG,TX,ASW,CE,Combined TRACON& Tower with Radar,0,2,16,0,18,0,3,23,0,26,0,5,39,0,44,18,0,18,62
04/11/2020,GGG,TX,ASW,CE,Combined TRACON& Tower with Radar,0,2,2,0,4,0,0,4,0,4,0,2,6,0,8,14,0,14,22
04/12/2020,GGG,TX,ASW,CE,Combined TRACON& Tower with Radar,0,2,2,0,4,0,4,4,0,8,0,6,6,0,12,0,0,0,12
04/13/2020,GGG,TX,ASW,CE,Combined TRACON& Tower with Radar,0,4,16,8,28,0,6,28,0,34,0,10,44,8,62,16,0,16,78
04/14/2020,GGG,TX,ASW,CE,Combined TRACON& Tower with Radar,0,2,9,14,25,0,2,8,0,10,0,4,17,14,35,12,32,44,79
04/15/2020,GGG,TX,ASW,CE,Combined TRACON& Tower with Radar,0,0,16,0,16,0,3,24,0,27,0,3,40,0,43,18,0,18,61
04/16/2020,GGG,TX,ASW,CE,Combined TRACON& Tower with Radar,0,2,19,10,31,0,2,34,1,37,0,4,53,11,68,26,0,26,94
04/17/2020,GGG,TX,ASW,CE,Combined TRACON& Tower with Radar,0,2,10,0,12,0,0,2,0,2,0,2,12,0,14,2,0,2,16
04/18/2020,GGG,TX,ASW,CE,Combined TRACON& Tower with Radar,0,2,7,0,9,0,0,4,0,4,0,2,11,0,13,0,0,0,13
04/19/2020,GGG,TX,ASW,CE,Combined TRACON& Tower with Radar,0,2,4,0,6,0,0,1,0,1,0,2,5,0,7,0,0,0,7
04/20/2020,GGG,TX,ASW,CE,Combined TRACON& Tower with Radar,0,2,7,1,10,0,4,15,0,19,0,6,22,1,29,10,0,10,39
04/21/2020,GGG,TX,ASW,CE,Combined TRACON& Tower with Radar,0,0,22,0,22,0,0,20,0,20,0,0,42,0,42,14,2,16,58
04/22/2020,GGG,TX,ASW,CE,Combined TRACON& Tower with Radar,0,2,4,0,6,0,0,0,0,0,0,2,4,0,6,0,0,0,6
04/23/2020,GGG,TX,ASW,CE,Combined TRACON& Tower with Radar,0,4,26,0,30,0,4,25,0,29,0,8,51,0,59,0,0,0,59
04/24/2020,GGG,TX,ASW,CE,Combined TRACON& Tower with Radar,0,2,19,4,25,0,0,27,0,27,0,2,46,4,52,18,0,18,70
04/25/2020,GGG,TX,ASW,CE,Combined TRACON& Tower with Radar,0,2,16,0,18,0,0,22,0,22,0,2,38,0,40,8,0,8,48
04/26/2020,GGG,TX,ASW,CE,Combined TRACON& Tower with Radar,0,3,8,0,11,0,8,17,0,25,0,11,25,0,36,0,0,0,36
04/27/2020,GGG,TX,ASW,CE,Combined TRACON& Tower with Radar,0,2,13,2,17,0,9,26,0,35,0,11,39,2,52,6,0,6,58
04/28/2020,GGG,TX,ASW,CE,Combined TRACON& Tower with Radar,0,2,6,0,8,0,1,2,0,3,0,3,8,0,11,0,0,0,11
04/29/2020,GGG,TX,ASW,CE,Combined TRACON& Tower with Radar,0,2,20,10,32,0,4,15,0,19,0,6,35,10,51,0,16,16,67
04/30/2020,GGG,TX,ASW,CE,Combined TRACON& Tower with Radar,0,2,17,2,21,0,4,24,0,28,0,6,41,2,49,4,0,4,53
05/01/2020,GGG,TX,ASW,CE,Combined TRACON& Tower with Radar,0,2,28,0,30,0,2,43,0,45,0,4,71,0,75,4,0,4,79
05/02/2020,GGG,TX,ASW,CE,Combined TRACON& Tower with Radar,0,0,7,2,9,0,2,11,0,13,0,2,18,2,22,8,4,12,34
05/03/2020,GGG,TX,ASW,CE,Combined TRACON& Tower with Radar,0,2,26,0,28,0,2,17,0,19,0,4,43,0,47,4,0,4,51
05/04/2020,GGG,TX,ASW,CE,Combined TRACON& Tower with Radar,0,1,13,0,14,0,3,16,0,19,0,4,29,0,33,12,0,12,45
05/05/2020,GGG,TX,ASW,CE,Combined TRACON& Tower with Radar,0,1,20,3,24,0,2,13,0,15,0,3,33,3,39,2,2,4,43
05/06/2020,GGG,TX,ASW,CE,Combined TRACON& Tower with Radar,0,0,21,0,21,0,5,22,2,29,0,5,43,2,50,14,0,14,64
05/07/2020,GGG,TX,ASW,CE,Combined TRACON& Tower with Radar,0,0,14,0,14,0,0,23,0,23,0,0,37,0,37,28,0,28,65
05/08/2020,GGG,TX,ASW,CE,Combined TRACON& Tower with Radar,0,0,7,0,7,0,2,5,0,7,0,2,12,0,14,0,0,0,14
05/09/2020,GGG,TX,ASW,CE,Combined TRACON& Tower with Radar,0,1,16,6,23,0,1,25,0,26,0,2,41,6,49,22,0,22,71
05/10/2020,GGG,TX,ASW,CE,Combined TRACON& Tower with Radar,0,0,9,0,9,0,1,17,0,18,0,1,26,0,27,10,0,10,37
05/11/2020,GGG,TX,ASW,CE,Combined TRACON& Tower with Radar,0,2,29,8,39,0,1,39,0,40,0,3,68,8,79,24,0,24,103
05/12/2020,GGG,TX,ASW,CE,Combined TRACON& Tower with Radar,0,0,12,0,12,0,0,12,0,12,0,0,24,0,24,0,0,0,24
05/13/2020,GGG,TX,ASW,CE,Combined TRACON& Tower with Radar,0,0,18,13,31,0,3,4,1,8,0,3,22,14,39,0,24,24,63
05/14/2020,GGG,TX,ASW,CE,Combined TRACON& Tower with Radar,0,0,15,0,15,0,0,9,0,9,0,0,24,0,24,0,0,0,24
05/15/2020,GGG,TX,ASW,CE,Combined TRACON& Tower with Radar,0,3,32,0,35,0,6,1,0,7,0,9,33,0,42,16,0,16,58
05/16/2020,GGG,TX,ASW,CE,Combined TRACON& Tower with Radar,0,0,2,0,2,0,0,0,0,0,0,0,2,0,2,0,0,0,2
05/17/2020,GGG,TX,ASW,CE,Combined TRACON& Tower with Radar,0,0,12,0,12,0,3,3,0,6,0,3,15,0,18,0,0,0,18
05/18/2020,GGG,TX,ASW,CE,Combined TRACON& Tower with Radar,0,2,27,3,32,0,6,27,0,33,0,8,54,3,65,0,0,0,65
05/19/2020,GGG,TX,ASW,CE,Combined TRACON& Tower with Radar,0,1,21,5,27,0,13,27,0,40,0,14,48,5,67,38,14,52,119
05/20/2020,GGG,TX,ASW,CE,Combined TRACON& Tower with Radar,0,1,25,0,26,0,8,5,0,13,0,9,30,0,39,118,0,118,157
05/21/2020,GGG,TX,ASW,CE,Combined TRACON& Tower with Radar,0,0,21,0,21,0,3,3,0,6,0,3,24,0,27,42,0,42,69
05/22/2020,GGG,TX,ASW,CE,Combined TRACON& Tower with Radar,0,1,30,0,31,0,10,19,0,29,0,11,49,0,60,10,0,10,70
05/23/2020,GGG,TX,ASW,CE,Combined TRACON& Tower with Radar,0,2,18,0,20,0,4,8,0,12,0,6,26,0,32,0,0,0,32
05/24/2020,GGG,TX,ASW,CE,Combined TRACON& Tower with Radar,0,0,7,0,7,0,2,1,0,3,0,2,8,0,10,0,0,0,10
05/25/2020,GGG,TX,ASW,CE,Combined TRACON& Tower with Radar,0,1,9,0,10,0,0,1,0,1,0,1,10,0,11,0,0,0,11
05/26/2020,GGG,TX,ASW,CE,Combined TRACON& Tower with Radar,0,4,10,0,14,0,20,10,0,30,0,24,20,0,44,76,0,76,120
05/27/2020,GGG,TX,ASW,CE,Combined TRACON& Tower with Radar,0,2,14,3,19,0,22,9,0,31,0,24,23,3,50,10,12,22,72
05/28/2020,GGG,TX,ASW,CE,Combined TRACON& Tower with Radar,0,4,19,0,23,0,11,10,0,21,0,15,29,0,44,40,0,40,84
05/29/2020,GGG,TX,ASW,CE,Combined TRACON& Tower with Radar,0,2,21,2,25,0,25,30,0,55,0,27,51,2,80,60,20,80,160
05/30/2020,GGG,TX,ASW,CE,Combined TRACON& Tower with Radar,0,1,15,0,16,0,7,20,0,27,0,8,35,0,43,17,0,17,60
05/31/2020,GGG,TX,ASW,CE,Combined TRACON& Tower with Radar,0,0,15,5,20,0,3,8,0,11,0,3,23,5,31,30,0,30,61
06/01/2020,GGG,TX,ASW,CE,Combined TRACON& Tower with Radar,0,1,28,0,29,0,27,31,0,58,0,28,59,0,87,46,0,46,133
06/02/2020,GGG,TX,ASW,CE,Combined TRACON& Tower with Radar,0,0,7,0,7,0,35,32,1,68,0,35,39,1,75,70,0,70,145
06/03/2020,GGG,TX,ASW,CE,Combined TRACON& Tower with Radar,0,4,20,0,24,0,45,23,0,68,0,49,43,0,92,70,0,70,162
06/04/2020,GGG,TX,ASW,CE,Combined TRACON& Tower with Radar,0,2,37,0,39,0,26,12,0,38,0,28,49,0,77,94,0,94,171
06/05/2020,GGG,TX,ASW,CE,Combined TRACON& Tower with Radar,0,4,14,0,18,0,39,27,0,66,0,43,41,0,84,58,0,58,142
06/06/2020,GGG,TX,ASW,CE,Combined TRACON& Tower with Radar,0,0,27,0,27,0,15,14,0,29,0,15,41,0,56,8,0,8,64
06/07/2020,GGG,TX,ASW,CE,Combined TRACON& Tower with Radar,0,0,13,0,13,0,2,12,0,14,0,2,25,0,27,12,0,12,39
06/08/2020,GGG,TX,ASW,CE,Combined TRACON& Tower with Radar,0,1,12,0,13,0,33,9,0,42,0,34,21,0,55,138,0,138,193
06/09/2020,GGG,TX,ASW,CE,Combined TRACON& Tower with Radar,0,3,22,5,30,0,19,13,1,33,0,22,35,6,63,84,10,94,157
06/10/2020,GGG,TX,ASW,CE,Combined TRACON& Tower with Radar,0,6,13,0,19,0,29,23,0,52,0,35,36,0,71,122,0,122,193
06/11/2020,GGG,TX,ASW,CE,Combined TRACON& Tower with Radar,0,4,21,5,30,0,40,21,0,61,0,44,42,5,91,92,0,92,183
06/12/2020,GGG,TX,ASW,CE,Combined TRACON& Tower with Radar,0,2,18,2,22,0,32,19,0,51,0,34,37,2,73,52,0,52,125
06/13/2020,GGG,TX,ASW,CE,Combined TRACON& Tower with Radar,0,0,14,0,14,0,17,19,0,36,0,17,33,0,50,44,0,44,94
06/14/2020,GGG,TX,ASW,CE,Combined TRACON& Tower with Radar,0,0,24,0,24,0,5,23,0,28,0,5,47,0,52,2,0,2,54
06/15/2020,GGG,TX,ASW,CE,Combined TRACON& Tower with Radar,0,5,18,0,23,0,31,20,0,51,0,36,38,0,74,92,0,92,166
06/16/2020,GGG,TX,ASW,CE,Combined TRACON& Tower with Radar,0,5,23,0,28,0,34,15,0,49,0,39,38,0,77,116,0,116,193
06/17/2020,GGG,TX,ASW,CE,Combined TRACON& Tower with Radar,0,7,17,0,24,0,40,19,0,59,0,47,36,0,83,96,0,96,179
06/18/2020,GGG,TX,ASW,CE,Combined TRACON& Tower with Radar,0,10,14,32,56,0,37,28,1,66,0,47,42,33,122,68,8,76,198
06/19/2020,GGG,TX,ASW,CE,Combined TRACON& Tower with Radar,0,4,29,7,40,0,42,34,1,77,0,46,63,8,117,128,0,128,245
06/20/2020,GGG,TX,ASW,CE,Combined TRACON& Tower with Radar,0,1,19,0,20,0,8,10,0,18,0,9,29,0,38,28,0,28,66
06/21/2020,GGG,TX,ASW,CE,Combined TRACON& Tower with Radar,0,0,17,2,19,0,1,6,0,7,0,1,23,2,26,10,0,10,36
06/22/2020,GGG,TX,ASW,CE,Combined TRACON& Tower with Radar,0,5,21,0,26,0,19,10,2,31,0,24,31,2,57,56,0,56,113
06/23/2020,GGG,TX,ASW,CE,Combined TRACON& Tower with Radar,0,4,16,0,20,0,15,12,0,27,0,19,28,0,47,124,0,124,171
06/24/2020,GGG,TX,ASW,CE,Combined TRACON& Tower with Radar,0,4,22,0,26,0,21,6,0,27,0,25,28,0,53,126,0,126,179
06/25/2020,GGG,TX,ASW,CE,Combined TRACON& Tower with Radar,0,5,30,4,39,0,1,2,0,3,0,6,32,4,42,28,0,28,70
06/26/2020,GGG,TX,ASW,CE,Combined TRACON& Tower with Radar,0,5,30,0,35,0,3,4,0,7,0,8,34,0,42,20,0,20,62
06/27/2020,GGG,TX,ASW,CE,Combined TRACON& Tower with Radar,0,3,6,6,15,0,3,8,0,11,0,6,14,6,26,34,0,34,60
06/28/2020,GGG,TX,ASW,CE,Combined TRACON& Tower with Radar,0,0,17,26,43,0,2,11,0,13,0,2,28,26,56,10,0,10,66
06/29/2020,GGG,TX,ASW,CE,Combined TRACON& Tower with Radar,0,4,7,0,11,0,24,3,0,27,0,28,10,0,38,94,0,94,132
06/30/2020,GGG,TX,ASW,CE,Combined TRACON& Tower with Radar,0,1,22,12,35,0,16,4,0,20,0,17,26,12,55,82,10,92,147
07/01/2020,GGG,TX,ASW,CE,Combined TRACON& Tower with Radar,0,2,11,10,23,0,27,14,0,41,0,29,25,10,64,98,0,98,162
07/02/2020,GGG,TX,ASW,CE,Combined TRACON& Tower with Radar,0,3,27,14,44,0,16,14,0,30,0,19,41,14,74,96,0,96,170
07/03/2020,GGG,TX,ASW,CE,Combined TRACON& Tower with Radar,0,0,18,0,18,0,3,21,0,24,0,3,39,0,42,18,0,18,60
07/04/2020,GGG,TX,ASW,CE,Combined TRACON& Tower with Radar,0,1,6,0,7,0,20,13,0,33,0,21,19,0,40,40,0,40,80
07/05/2020,GGG,TX,ASW,CE,Combined TRACON& Tower with Radar,0,2,9,0,11,0,4,5,7,16,0,6,14,7,27,34,0,34,61
07/06/2020,GGG,TX,ASW,CE,Combined TRACON& Tower with Radar,0,6,21,0,27,0,1,1,0,2,0,7,22,0,29,20,0,20,49
07/07/2020,GGG,TX,ASW,CE,Combined TRACON& Tower with Radar,0,4,16,0,20,0,7,3,0,10,0,11,19,0,30,32,0,32,62
07/08/2020,GGG,TX,ASW,CE,Combined TRACON& Tower with Radar,0,15,9,18,42,0,18,5,0,23,0,33,14,18,65,84,10,94,159
07/09/2020,GGG,TX,ASW,CE,Combined TRACON& Tower with Radar,0,6,31,30,67,0,32,18,0,50,0,38,49,30,117,136,4,140,257
07/10/2020,GGG,TX,ASW,CE,Combined TRACON& Tower with Radar,0,8,22,2,32,0,31,26,0,57,0,39,48,2,89,192,0,192,281
07/11/2020,GGG,TX,ASW,CE,Combined TRACON& Tower with Radar,0,11,14,0,25,0,16,29,0,45,0,27,43,0,70,78,0,78,148
07/12/2020,GGG,TX,ASW,CE,Combined TRACON& Tower with Radar,0,2,5,0,7,0,3,17,0,20,0,5,22,0,27,0,0,0,27
07/13/2020,GGG,TX,ASW,CE,Combined TRACON& Tower with Radar,0,9,7,10,26,0,33,20,0,53,0,42,27,10,79,42,0,42,121
07/14/2020,GGG,TX,ASW,CE,Combined TRACON& Tower with Radar,0,6,6,6,18,0,27,31,1,59,0,33,37,7,77,54,0,54,131
07/15/2020,GGG,TX,ASW,CE,Combined TRACON& Tower with Radar,0,11,11,8,30,0,22,15,0,37,0,33,26,8,67,36,4,40,107
07/16/2020,GGG,TX,ASW,CE,Combined TRACON& Tower with Radar,0,4,21,26,51,0,31,27,4,62,0,35,48,30,113,100,0,100,213
07/17/2020,GGG,TX,ASW,CE,Combined TRACON& Tower with Radar,0,10,22,12,44,0,26,27,0,53,0,36,49,12,97,62,2,64,161
07/18/2020,GGG,TX,ASW,CE,Combined TRACON& Tower with Radar,0,9,9,4,22,0,11,16,0,27,0,20,25,4,49,32,0,32,81
07/19/2020,GGG,TX,ASW,CE,Combined TRACON& Tower with Radar,0,2,19,0,21,0,8,16,0,24,0,10,35,0,45,6,0,6,51
07/20/2020,GGG,TX,ASW,CE,Combined TRACON& Tower with Radar,0,6,10,27,43,0,27,21,0,48,0,33,31,27,91,76,0,76,167
07/21/2020,GGG,TX,ASW,CE,Combined TRACON& Tower with Radar,0,4,24,11,39,0,9,3,0,12,0,13,27,11,51,150,0,150,201
07/22/2020,GGG,TX,ASW,CE,Combined TRACON& Tower with Radar,0,7,24,0,31,0,2,5,0,7,0,9,29,0,38,40,0,40,78
07/23/2020,GGG,TX,ASW,CE,Combined TRACON& Tower with Radar,0,10,28,6,44,0,38,17,0,55,0,48,45,6,99,156,0,156,255
07/24/2020,GGG,TX,ASW,CE,Combined TRACON& Tower with Radar,0,14,21,8,43,0,16,18,0,34,0,30,39,8,77,166,0,166,243
07/25/2020,GGG,TX,ASW,CE,Combined TRACON& Tower with Radar,0,4,20,0,24,0,5,4,0,9,0,9,24,0,33,12,0,12,45
07/26/2020,GGG,TX,ASW,CE,Combined TRACON& Tower with Radar,0,4,21,10,35,0,3,6,0,9,0,7,27,10,44,24,10,34,78
07/27/2020,GGG,TX,ASW,CE,Combined TRACON& Tower with Radar,0,8,18,0,26,0,17,8,0,25,0,25,26,0,51,16,0,16,67
07/28/2020,GGG,TX,ASW,CE,Combined TRACON& Tower with Radar,0,6,10,19,35,0,19,9,0,28,0,25,19,19,63,104,4,108,171
07/29/2020,GGG,TX,ASW,CE,Combined TRACON& Tower with Radar,0,17,20,2,39,0,19,18,1,38,0,36,38,3,77,86,14,100,177
07/30/2020,GGG,TX,ASW,CE,Combined TRACON& Tower with Radar,0,10,26,45,81,0,26,18,1,45,0,36,44,46,126,64,16,80,206
07/31/2020,GGG,TX,ASW,CE,Combined TRACON& Tower with Radar,0,8,27,0,35,0,19,6,0,25,0,27,33,0,60,80,0,80,140
08/01/2020,GGG,TX,ASW,CE,Combined TRACON& Tower with Radar,0,5,15,0,20,0,17,32,0,49,0,22,47,0,69,54,0,54,123
08/02/2020,GGG,TX,ASW,CE,Combined TRACON& Tower with Radar,0,0,20,5,25,0,2,13,1,16,0,2,33,6,41,30,0,30,71
08/03/2020,GGG,TX,ASW,CE,Combined TRACON& Tower with Radar,0,7,12,2,21,0,29,29,0,58,0,36,41,2,79,162,0,162,241
08/04/2020,GGG,TX,ASW,CE,Combined TRACON& Tower with Radar,0,8,10,0,18,0,20,12,0,32,0,28,22,0,50,114,0,114,164
08/05/2020,GGG,TX,ASW,CE,Combined TRACON& Tower with Radar,0,9,21,0,30,0,6,7,0,13,0,15,28,0,43,34,0,34,77
08/06/2020,GGG,TX,ASW,CE,Combined TRACON& Tower with Radar,0,6,22,23,51,0,26,26,1,53,0,32,48,24,104,196,0,196,300
08/07/2020,GGG,TX,ASW,CE,Combined TRACON& Tower with Radar,0,3,25,16,44,0,30,19,2,51,0,33,44,18,95,190,10,200,295
08/08/2020,GGG,TX,ASW,CE,Combined TRACON& Tower with Radar,0,0,14,12,26,0,11,23,0,34,0,11,37,12,60,184,0,184,244
08/09/2020,GGG,TX,ASW,CE,Combined TRACON& Tower with Radar,0,3,21,4,28,0,1,10,0,11,0,4,31,4,39,8,0,8,47
08/10/2020,GGG,TX,ASW,CE,Combined TRACON& Tower with Radar,0,9,15,36,60,0,26,10,0,36,0,35,25,36,96,148,14,162,258
08/11/2020,GGG,TX,ASW,CE,Combined TRACON& Tower with Radar,0,6,34,19,59,0,18,15,0,33,0,24,49,19,92,174,0,174,266
08/12/2020,GGG,TX,ASW,CE,Combined TRACON& Tower with Radar,0,2,27,7,36,0,17,9,0,26,0,19,36,7,62,114,6,120,182
08/13/2020,GGG,TX,ASW,CE,Combined TRACON& Tower with Radar,0,7,24,12,43,0,35,34,1,70,0,42,58,13,113,208,0,208,321
08/14/2020,GGG,TX,ASW,CE,Combined TRACON& Tower with Radar,0,4,25,12,41,0,18,25,0,43,0,22,50,12,84,198,8,206,290
08/15/2020,GGG,TX,ASW,CE,Combined TRACON& Tower with Radar,0,4,12,23,39,0,16,23,2,41,0,20,35,25,80,160,1,161,241
08/16/2020,GGG,TX,ASW,CE,Combined TRACON& Tower with Radar,0,0,18,0,18,0,5,17,4,26,0,5,35,4,44,0,0,0,44
08/17/2020,GGG,TX,ASW,CE,Combined TRACON& Tower with Radar,0,12,14,8,34,0,13,13,0,26,0,25,27,8,60,146,2,148,208
08/18/2020,GGG,TX,ASW,CE,Combined TRACON& Tower with Radar,0,6,17,8,31,0,24,27,2,53,0,30,44,10,84,126,4,130,214
08/19/2020,GGG,TX,ASW,CE,Combined TRACON& Tower with Radar,0,3,9,0,12,0,34,21,0,55,0,37,30,0,67,132,0,132,199
08/20/2020,GGG,TX,ASW,CE,Combined TRACON& Tower with Radar,0,0,16,2,18,0,38,17,0,55,0,38,33,2,73,114,0,114,187
08/21/2020,GGG,TX,ASW,CE,Combined TRACON& Tower with Radar,0,1,10,50,61,0,32,24,0,56,0,33,34,50,117,98,2,100,217
08/22/2020,GGG,TX,ASW,CE,Combined TRACON& Tower with Radar,0,1,15,2,18,0,11,28,0,39,0,12,43,2,57,64,0,64,121
08/23/2020,GGG,TX,ASW,CE,Combined TRACON& Tower with Radar,0,1,16,12,29,0,6,19,0,25,0,7,35,12,54,0,0,0,54
08/24/2020,GGG,TX,ASW,CE,Combined TRACON& Tower with Radar,0,0,17,4,21,0,28,29,0,57,0,28,46,4,78,18,0,18,96
08/25/2020,GGG,TX,ASW,CE,Combined TRACON& Tower with Radar,0,5,15,1,21,0,35,18,0,53,0,40,33,1,74,28,0,28,102
08/26/2020,GGG,TX,ASW,CE,Combined TRACON& Tower with Radar,0,15,12,0,27,0,13,1,0,14,0,28,13,0,41,36,0,36,77
08/27/2020,GGG,TX,ASW,CE,Combined TRACON& Tower with Radar,0,1,3,0,4,0,4,3,0,7,0,5,6,0,11,6,0,6,17
08/28/2020,GGG,TX,ASW,CE,Combined TRACON& Tower with Radar,0,10,17,16,43,0,31,12,0,43,0,41,29,16,86,54,4,58,144
08/29/2020,GGG,TX,ASW,CE,Combined TRACON& Tower with Radar,0,2,7,14,23,0,23,23,8,54,0,25,30,22,77,74,18,92,169
08/30/2020,GGG,TX,ASW,CE,Combined TRACON& Tower with Radar,0,0,11,0,11,0,8,16,2,26,0,8,27,2,37,20,0,20,57
08/31/2020,GGG,TX,ASW,CE,Combined TRACON& Tower with Radar,0,4,26,8,38,0,28,9,2,39,0,32,35,10,77,34,0,34,111
09/01/2020,GGG,TX,ASW,CE,Combined TRACON& Tower with Radar,2,1,20,12,35,0,20,8,6,34,2,21,28,18,69,38,2,40,109
09/02/2020,GGG,TX,ASW,CE,Combined TRACON& Tower with Radar,0,8,14,0,22,0,2,1,1,4,0,10,15,1,26,2,0,2,28
09/03/2020,GGG,TX,ASW,CE,Combined TRACON& Tower with Radar,0,1,19,0,20,0,12,6,0,18,0,13,25,0,38,36,0,36,74
09/04/2020,GGG,TX,ASW,CE,Combined TRACON& Tower with Radar,2,2,27,5,36,0,45,24,0,69,2,47,51,5,105,52,0,52,157
09/05/2020,GGG,TX,ASW,CE,Combined TRACON& Tower with Radar,4,5,12,0,21,0,33,20,0,53,4,38,32,0,74,72,0,72,146
09/06/2020,GGG,TX,ASW,CE,Combined TRACON& Tower with Radar,0,1,7,0,8,0,8,28,0,36,0,9,35,0,44,38,0,38,82
09/07/2020,GGG,TX,ASW,CE,Combined TRACON& Tower with Radar,0,4,28,0,32,0,51,27,0,78,0,55,55,0,110,54,0,54,164
09/08/2020,GGG,TX,ASW,CE,Combined TRACON& Tower with Radar,0,6,34,40,80,0,38,21,0,59,0,44,55,40,139,78,0,78,217
09/09/2020,GGG,TX,ASW,CE,Combined TRACON& Tower with Radar,0,6,32,18,56,0,54,23,1,78,0,60,55,19,134,60,16,76,210
09/10/2020,GGG,TX,ASW,CE,Combined TRACON& Tower with Radar,0,18,37,18,73,0,3,1,1,5,0,21,38,19,78,8,0,8,86
09/11/2020,GGG,TX,ASW,CE,Combined TRACON& Tower with Radar,0,5,25,17,47,0,36,15,2,53,0,41,40,19,100,44,0,44,144
09/12/2020,GGG,TX,ASW,CE,Combined TRACON& Tower with Radar,0,4,17,24,45,0,39,44,14,97,0,43,61,38,142,84,30,114,256
09/13/2020,GGG,TX,ASW,CE,Combined TRACON& Tower with Radar,0,2,15,2,19,0,7,6,0,13,0,9,21,2,32,7,0,7,39
09/14/2020,GGG,TX,ASW,CE,Combined TRACON& Tower with Radar,0,11,20,6,37,0,16,5,1,22,0,27,25,7,59,60,0,60,119
09/15/2020,GGG,TX,ASW,CE,Combined TRACON& Tower with Radar,0,6,16,8,30,0,34,22,0,56,0,40,38,8,86,36,4,40,126
09/16/2020,GGG,TX,ASW,CE,Combined TRACON& Tower with Radar,0,4,18,18,40,0,33,22,0,55,0,37,40,18,95,44,0,44,139
09/17/2020,GGG,TX,ASW,CE,Combined TRACON& Tower with Radar,0,10,32,0,42,0,32,19,2,53,0,42,51,2,95,106,0,106,201
09/18/2020,GGG,TX,ASW,CE,Combined TRACON& Tower with Radar,0,13,44,13,70,0,45,37,2,84,0,58,81,15,154,48,10,58,212
09/19/2020,GGG,TX,ASW,CE,Combined TRACON& Tower with Radar,0,5,14,48,67,0,26,18,1,45,0,31,32,49,112,28,2,30,142
09/20/2020,GGG,TX,ASW,CE,Combined TRACON& Tower with Radar,0,2,13,10,25,0,0,23,0,23,0,2,36,10,48,18,0,18,66
09/21/2020,GGG,TX,ASW,CE,Combined TRACON& Tower with Radar,0,16,19,0,35,0,2,2,0,4,0,18,21,0,39,22,0,22,61
09/22/2020,GGG,TX,ASW,CE,Combined TRACON& Tower with Radar,0,8,15,0,23,0,0,0,0,0,0,8,15,0,23,0,0,0,23
09/23/2020,GGG,TX,ASW,CE,Combined TRACON& Tower with Radar,0,10,27,0,37,0,0,0,0,0,0,10,27,0,37,0,0,0,37
09/24/2020,GGG,TX,ASW,CE,Combined TRACON& Tower with Radar,0,10,36,6,52,0,9,9,1,19,0,19,45,7,71,56,2,58,129
09/25/2020,GGG,TX,ASW,CE,Combined TRACON& Tower with Radar,0,15,29,30,74,0,42,17,2,61,0,57,46,32,135,98,22,120,255
09/26/2020,GGG,TX,ASW,CE,Combined TRACON& Tower with Radar,0,6,14,11,31,0,27,15,0,42,0,33,29,11,73,78,10,88,161
09/27/2020,GGG,TX,ASW,CE,Combined TRACON& Tower with Radar,0,2,15,8,25,0,6,9,0,15,0,8,24,8,40,10,2,12,52
09/28/2020,GGG,TX,ASW,CE,Combined TRACON& Tower with Radar,0,6,21,8,35,0,41,12,0,53,0,47,33,8,88,38,16,54,142
09/29/2020,GGG,TX,ASW,CE,Combined TRACON& Tower with Radar,0,11,25,15,51,0,63,41,0,104,0,74,66,15,155,68,2,70,225
09/30/2020,GGG,TX,ASW,CE,Combined TRACON& Tower with Radar,0,7,32,31,70,0,48,25,0,73,0,55,57,31,143,28,4,32,175
10/01/2020,GGG,TX,ASW,CE,Combined TRACON& Tower with Radar,0,8,27,18,53,0,49,41,0,90,0,57,68,18,143,74,8,82,225
10/02/2020,GGG,TX,ASW,CE,Combined TRACON& Tower with Radar,0,6,28,18,52,0,59,28,0,87,0,65,56,18,139,60,0,60,199
10/03/2020,GGG,TX,ASW,CE,Combined TRACON& Tower with Radar,0,5,16,12,33,0,38,24,0,62,0,43,40,12,95,84,0,84,179
10/04/2020,GGG,TX,ASW,CE,Combined TRACON& Tower with Radar,0,2,10,0,12,0,12,32,0,44,0,14,42,0,56,42,0,42,98
10/05/2020,GGG,TX,ASW,CE,Combined TRACON& Tower with Radar,2,6,19,16,43,0,38,34,0,72,2,44,53,16,115,148,0,148,263
10/06/2020,GGG,TX,ASW,CE,Combined TRACON& Tower with Radar,0,7,22,0,29,0,34,24,0,58,0,41,46,0,87,66,0,66,153
10/07/2020,GGG,TX,ASW,CE,Combined TRACON& Tower with Radar,0,9,10,7,26,0,38,22,0,60,0,47,32,7,86,110,0,110,196
10/08/2020,GGG,TX,ASW,CE,Combined TRACON& Tower with Radar,0,9,23,0,32,0,27,21,0,48,0,36,44,0,80,92,0,92,172
10/09/2020,GGG,TX,ASW,CE,Combined TRACON& Tower with Radar,2,10,38,0,50,0,0,0,0,0,2,10,38,0,50,0,0,0,50
10/10/2020,GGG,TX,ASW,CE,Combined TRACON& Tower with Radar,0,12,16,11,39,0,32,16,1,49,0,44,32,12,88,20,8,28,116
10/11/2020,GGG,TX,ASW,CE,Combined TRACON& Tower with Radar,0,4,14,13,31,0,12,29,0,41,0,16,43,13,72,18,12,30,102
10/12/2020,GGG,TX,ASW,CE,Combined TRACON& Tower with Radar,0,8,21,0,29,0,24,9,1,34,0,32,30,1,63,72,0,72,135
10/13/2020,GGG,TX,ASW,CE,Combined TRACON& Tower with Radar,0,11,20,25,56,0,47,38,2,87,0,58,58,27,143,70,4,74,217
10/14/2020,GGG,TX,ASW,CE,Combined TRACON& Tower with Radar,0,9,14,19,42,0,45,31,0,76,0,54,45,19,118,143,0,143,261
10/15/2020,GGG,TX,ASW,CE,Combined TRACON& Tower with Radar,0,17,31,18,66,0,5,13,1,19,0,22,44,19,85,56,0,56,141
10/16/2020,GGG,TX,ASW,CE,Combined TRACON& Tower with Radar,0,12,33,56,101,0,57,24,0,81,0,69,57,56,182,138,18,156,338
10/17/2020,GGG,TX,ASW,CE,Combined TRACON& Tower with Radar,0,8,22,0,30,0,4,15,0,19,0,12,37,0,49,215,0,215,264
10/18/2020,GGG,TX,ASW,CE,Combined TRACON& Tower with Radar,0,8,25,0,33,0,3,17,0,20,0,11,42,0,53,18,0,18,71
10/19/2020,GGG,TX,ASW,CE,Combined TRACON& Tower with Radar,0,9,17,4,30,0,25,8,0,33,0,34,25,4,63,76,0,76,139
10/20/2020,GGG,TX,ASW,CE,Combined TRACON& Tower with Radar,0,12,23,12,47,0,28,15,0,43,0,40,38,12,90,66,4,70,160
10/21/2020,GGG,TX,ASW,CE,Combined TRACON& Tower with Radar,0,19,25,21,65,0,34,27,0,61,0,53,52,21,126,124,2,126,252
10/22/2020,GGG,TX,ASW,CE,Combined TRACON& Tower with Radar,0,10,28,52,90,0,52,31,2,85,0,62,59,54,175,186,66,252,427
10/23/2020,GGG,TX,ASW,CE,Combined TRACON& Tower with Radar,0,9,28,17,54,0,6,2,0,8,0,15,30,17,62,140,12,152,214
10/24/2020,GGG,TX,ASW,CE,Combined TRACON& Tower with Radar,0,8,48,9,65,0,0,6,0,6,0,8,54,9,71,58,0,58,129
10/25/2020,GGG,TX,ASW,CE,Combined TRACON& Tower with Radar,0,4,35,0,39,0,1,2,0,3,0,5,37,0,42,0,0,0,42
10/26/2020,GGG,TX,ASW,CE,Combined TRACON& Tower with Radar,0,15,23,0,38,0,0,0,0,0,0,15,23,0,38,0,0,0,38
10/27/2020,GGG,TX,ASW,CE,Combined TRACON& Tower with Radar,0,9,22,0,31,0,0,0,0,0,0,9,22,0,31,0,0,0,31
10/28/2020,GGG,TX,ASW,CE,Combined TRACON& Tower with Radar,0,19,7,0,26,0,0,0,0,0,0,19,7,0,26,0,0,0,26
10/29/2020,GGG,TX,ASW,CE,Combined TRACON& Tower with Radar,0,17,37,24,78,0,15,20,2,37,0,32,57,26,115,134,4,138,253
10/30/2020,GGG,TX,ASW,CE,Combined TRACON& Tower with Radar,0,10,33,0,43,0,46,57,6,109,0,56,90,6,152,142,0,142,294
10/31/2020,GGG,TX,ASW,CE,Combined TRACON& Tower with Radar,2,7,23,2,34,0,41,82,1,124,2,48,105,3,158,118,0,118,276
11/01/2020,GGG,TX,ASW,CE,Combined TRACON& Tower with Radar,0,3,16,0,19,0,4,21,0,25,0,7,37,0,44,28,0,28,72
11/02/2020,GGG,TX,ASW,CE,Combined TRACON& Tower with Radar,0,10,22,15,47,0,41,42,0,83,0,51,64,15,130,146,2,148,278
11/03/2020,GGG,TX,ASW,CE,Combined TRACON& Tower with Radar,0,4,27,43,74,0,42,34,5,81,0,46,61,48,155,200,22,222,377
11/04/2020,GGG,TX,ASW,CE,Combined TRACON& Tower with Radar,2,11,25,8,46,0,36,38,0,74,2,47,63,8,120,190,0,190,310
11/05/2020,GGG,TX,ASW,CE,Combined TRACON& Tower with Radar,0,8,31,10,49,0,35,21,0,56,0,43,52,10,105,232,2,234,339
11/06/2020,GGG,TX,ASW,CE,Combined TRACON& Tower with Radar,2,12,28,56,98,0,44,47,0,91,2,56,75,56,189,152,8,160,349
11/07/2020,GGG,TX,ASW,CE,Combined TRACON& Tower with Radar,0,11,16,23,50,0,35,29,3,67,0,46,45,26,117,118,14,132,249
11/08/2020,GGG,TX,ASW,CE,Combined TRACON& Tower with Radar,0,6,31,7,44,0,5,9,0,14,0,11,40,7,58,36,0,36,94
11/09/2020,GGG,TX,ASW,CE,Combined TRACON& Tower with Radar,0,11,19,19,49,0,15,7,3,25,0,26,26,22,74,134,0,134,208
11/10/2020,GGG,TX,ASW,CE,Combined TRACON& Tower with Radar,0,12,29,13,54,0,21,11,2,34,0,33,40,15,88,106,0,106,194
11/11/2020,GGG,TX,ASW,CE,Combined TRACON& Tower with Radar,0,20,18,0,38,0,38,48,0,86,0,58,66,0,124,168,0,168,292
11/12/2020,GGG,TX,ASW,CE,Combined TRACON& Tower with Radar,0,16,31,14,61,0,51,28,0,79,0,67,59,14,140,216,0,216,356
11/13/2020,GGG,TX,ASW,CE,Combined TRACON& Tower with Radar,0,18,33,36,87,0,45,31,1,77,0,63,64,37,164,236,4,240,404
11/14/2020,GGG,TX,ASW,CE,Combined TRACON& Tower with Radar,0,10,20,4,34,0,19,17,0,36,0,29,37,4,70,132,0,132,202
11/15/2020,GGG,TX,ASW,CE,Combined TRACON& Tower with Radar,0,4,30,1,35,0,18,31,1,50,0,22,61,2,85,26,0,26,111
11/16/2020,GGG,TX,ASW,CE,Combined TRACON& Tower with Radar,0,13,25,44,82,0,32,34,0,66,0,45,59,44,148,198,0,198,346
11/17/2020,GGG,TX,ASW,CE,Combined TRACON& Tower with Radar,0,13,27,15,55,0,29,28,2,59,0,42,55,17,114,238,2,240,354
11/18/2020,GGG,TX,ASW,CE,Combined TRACON& Tower with Radar,0,8,7,0,15,0,26,32,0,58,0,34,39,0,73,144,0,144,217
11/19/2020,GGG,TX,ASW,CE,Combined TRACON& Tower with Radar,0,10,26,5,41,0,26,37,3,66,0,36,63,8,107,128,0,128,235
11/20/2020,GGG,TX,ASW,CE,Combined TRACON& Tower with Radar,0,14,53,10,77,0,2,6,0,8,0,16,59,10,85,64,0,64,149
11/21/2020,GGG,TX,ASW,CE,Combined TRACON& Tower with Radar,0,12,25,28,65,0,27,27,1,55,0,39,52,29,120,114,6,120,240
11/22/2020,GGG,TX,ASW,CE,Combined TRACON& Tower with Radar,0,6,21,0,27,0,1,1,0,2,0,7,22,0,29,0,0,0,29
11/23/2020,GGG,TX,ASW,CE,Combined TRACON& Tower with Radar,0,18,31,26,75,0,36,17,2,55,0,54,48,28,130,200,4,204,334
11/24/2020,GGG,TX,ASW,CE,Combined TRACON& Tower with Radar,0,10,34,4,48,0,2,0,0,2,0,12,34,4,50,36,0,36,86
11/25/2020,GGG,TX,ASW,CE,Combined TRACON& Tower with Radar,0,6,31,0,37,0,27,19,0,46,0,33,50,0,83,122,0,122,205
11/26/2020,GGG,TX,ASW,CE,Combined TRACON& Tower with Radar,0,0,4,0,4,0,0,14,0,14,0,0,18,0,18,0,0,0,18
11/27/2020,GGG,TX,ASW,CE,Combined TRACON& Tower with Radar,0,6,10,0,16,0,1,0,0,1,0,7,10,0,17,0,0,0,17
11/28/2020,GGG,TX,ASW,CE,Combined TRACON& Tower with Radar,0,8,17,0,25,0,7,8,0,15,0,15,25,0,40,30,0,30,70
11/29/2020,GGG,TX,ASW,CE,Combined TRACON& Tower with Radar,0,6,36,0,42,0,1,2,0,3,0,7,38,0,45,0,0,0,45
11/30/2020,GGG,TX,ASW,CE,Combined TRACON& Tower with Radar,0,12,26,0,38,0,34,19,0,53,0,46,45,0,91,120,0,120,211
12/01/2020,GGG,TX,ASW,CE,Combined TRACON& Tower with Radar,0,16,17,0,33,0,36,28,0,64,0,52,45,0,97,216,0,216,313
12/02/2020,GGG,TX,ASW,CE,Combined TRACON& Tower with Radar,0,10,15,5,30,0,0,1,0,1,0,10,16,5,31,12,0,12,43
12/03/2020,GGG,TX,ASW,CE,Combined TRACON& Tower with Radar,0,11,30,0,41,0,10,4,0,14,0,21,34,0,55,224,0,224,279
12/04/2020,GGG,TX,ASW,CE,Combined TRACON& Tower with Radar,0,12,27,11,50,0,33,31,0,64,0,45,58,11,114,202,0,202,316
12/05/2020,GGG,TX,ASW,CE,Combined TRACON& Tower with Radar,0,10,20,10,40,0,28,42,2,72,0,38,62,12,112,188,6,194,306
12/06/2020,GGG,TX,ASW,CE,Combined TRACON& Tower with Radar,0,4,21,15,40,0,8,24,0,32,0,12,45,15,72,50,4,54,126
12/07/2020,GGG,TX,ASW,CE,Combined TRACON& Tower with Radar,0,17,24,0,41,0,27,26,0,53,0,44,50,0,94,140,0,140,234
12/08/2020,GGG,TX,ASW,CE,Combined TRACON& Tower with Radar,0,6,16,7,29,0,23,31,2,56,0,29,47,9,85,192,0,192,277
12/09/2020,GGG,TX,ASW,CE,Combined TRACON& Tower with Radar,0,14,23,0,37,0,24,33,1,58,0,38,56,1,95,254,0,254,349
12/10/2020,GGG,TX,ASW,CE,Combined TRACON& Tower with Radar,0,11,15,0,26,0,21,40,6,67,0,32,55,6,93,222,0,222,315
12/11/2020,GGG,TX,ASW,CE,Combined TRACON& Tower with Radar,0,6,25,0,31,0,2,0,0,2,0,8,25,0,33,16,0,16,49
12/12/2020,GGG,TX,ASW,CE,Combined TRACON& Tower with Radar,0,4,12,0,16,0,7,36,0,43,0,11,48,0,59,30,0,30,89
12/13/2020,GGG,TX,ASW,CE,Combined TRACON& Tower with Radar,0,6,6,0,12,0,0,0,0,0,0,6,6,0,12,0,0,0,12
12/14/2020,GGG,TX,ASW,CE,Combined TRACON& Tower with Radar,0,8,16,0,24,0,3,28,0,31,0,11,44,0,55,0,0,0,55
12/15/2020,GGG,TX,ASW,CE,Combined TRACON& Tower with Radar,0,4,16,0,20,0,0,0,0,0,0,4,16,0,20,0,0,0,20
12/16/2020,GGG,TX,ASW,CE,Combined TRACON& Tower with Radar,0,7,40,2,49,0,8,8,0,16,0,15,48,2,65,24,2,26,91
12/17/2020,GGG,TX,ASW,CE,Combined TRACON& Tower with Radar,0,10,27,6,43,0,7,44,1,52,0,17,71,7,95,68,0,68,163
12/18/2020,GGG,TX,ASW,CE,Combined TRACON& Tower with Radar,0,6,36,6,48,0,9,18,0,27,0,15,54,6,75,16,2,18,93
12/19/2020,GGG,TX,ASW,CE,Combined TRACON& Tower with Radar,0,6,9,0,15,0,0,0,0,0,0,6,9,0,15,0,0,0,15
12/20/2020,GGG,TX,ASW,CE,Combined TRACON& Tower with Radar,0,6,21,0,27,0,6,18,0,24,0,12,39,0,51,28,0,28,79
12/21/2020,GGG,TX,ASW,CE,Combined TRACON& Tower with Radar,0,7,16,0,23,0,5,35,0,40,0,12,51,0,63,58,0,58,121
12/22/2020,GGG,TX,ASW,CE,Combined TRACON& Tower with Radar,0,9,26,2,37,0,2,25,0,27,0,11,51,2,64,18,4,22,86
12/23/2020,GGG,TX,ASW,CE,Combined TRACON& Tower with Radar,0,8,19,0,27,0,4,9,0,13,0,12,28,0,40,0,0,0,40
12/24/2020,GGG,TX,ASW,CE,Combined TRACON& Tower with Radar,0,3,8,0,11,0,5,12,0,17,0,8,20,0,28,0,0,0,28
12/25/2020,GGG,TX,ASW,CE,Combined TRACON& Tower with Radar,0,1,3,0,4,0,5,7,0,12,0,6,10,0,16,0,0,0,16
12/26/2020,GGG,TX,ASW,CE,Combined TRACON& Tower with Radar,0,8,24,0,32,0,2,37,0,39,0,10,61,0,71,16,0,16,87
12/27/2020,GGG,TX,ASW,CE,Combined TRACON& Tower with Radar,0,9,16,0,25,0,2,9,0,11,0,11,25,0,36,0,0,0,36
12/28/2020,GGG,TX,ASW,CE,Combined TRACON& Tower with Radar,0,15,33,16,64,0,0,1,0,1,0,15,34,16,65,0,8,8,73
12/29/2020,GGG,TX,ASW,CE,Combined TRACON& Tower with Radar,0,7,38,0,45,0,0,16,0,16,0,7,54,0,61,18,0,18,79
12/30/2020,GGG,TX,ASW,CE,Combined TRACON& Tower with Radar,0,4,8,0,12,0,0,2,0,2,0,4,10,0,14,12,0,12,26
12/31/2020,GGG,TX,ASW,CE,Combined TRACON& Tower with Radar,0,4,10,0,14,0,0,0,0,0,0,4,10,0,14,0,0,0,14
01/01/2021,GGG,TX,ASW,CE,Combined TRACON& Tower with Radar,0,3,4,0,7,0,1,2,0,3,0,4,6,0,10,0,0,0,10
01/02/2021,GGG,TX,ASW,CE,Combined TRACON& Tower with Radar,0,8,24,0,32,0,2,14,0,16,0,10,38,0,48,10,0,10,58
01/03/2021,GGG,TX,ASW,CE,Combined TRACON& Tower with Radar,0,7,26,0,33,0,4,15,0,19,0,11,41,0,52,2,0,2,54
01/04/2021,GGG,TX,ASW,CE,Combined TRACON& Tower with Radar,0,8,11,2,21,0,8,44,0,52,0,16,55,2,73,34,0,34,107
01/05/2021,GGG,TX,ASW,CE,Combined TRACON& Tower with Radar,0,4,6,0,10,0,0,28,0,28,0,4,34,0,38,56,0,56,94
01/06/2021,GGG,TX,ASW,CE,Combined TRACON& Tower with Radar,0,4,9,0,13,0,0,0,0,0,0,4,9,0,13,0,0,0,13
01/07/2021,GGG,TX,ASW,CE,Combined TRACON& Tower with Radar,0,8,14,2,24,0,0,1,0,1,0,8,15,2,25,0,0,0,25
01/08/2021,GGG,TX,ASW,CE,Combined TRACON& Tower with Radar,0,7,7,9,23,0,5,11,0,16,0,12,18,9,39,14,0,14,53
01/09/2021,GGG,TX,ASW,CE,Combined TRACON& Tower with Radar,0,4,14,16,34,0,5,34,3,42,0,9,48,19,76,36,2,38,114
01/10/2021,GGG,TX,ASW,CE,Combined TRACON& Tower with Radar,0,3,4,4,11,0,0,3,0,3,0,3,7,4,14,4,0,4,18
01/11/2021,GGG,TX,ASW,CE,Combined TRACON& Tower with Radar,0,4,9,0,13,0,2,1,0,3,0,6,10,0,16,100,0,100,116
01/12/2021,GGG,TX,ASW,CE,Combined TRACON& Tower with Radar,0,6,14,5,25,0,12,24,1,37,0,18,38,6,62,24,4,28,90
01/13/2021,GGG,TX,ASW,CE,Combined TRACON& Tower with Radar,0,5,31,0,36,0,14,16,2,32,0,19,47,2,68,84,0,84,152
01/14/2021,GGG,TX,ASW,CE,Combined TRACON& Tower with Radar,0,4,16,8,28,0,0,35,5,40,0,4,51,13,68,8,8,16,84
01/15/2021,GGG,TX,ASW,CE,Combined TRACON& Tower with Radar,0,5,17,36,58,0,5,10,0,15,0,10,27,36,73,12,4,16,89
01/16/2021,GGG,TX,ASW,CE,Combined TRACON& Tower with Radar,0,4,16,0,20,0,15,23,0,38,0,19,39,0,58,34,0,34,92
01/17/2021,GGG,TX,ASW,CE,Combined TRACON& Tower with Radar,0,6,13,0,19,0,5,21,0,26,0,11,34,0,45,50,0,50,95
01/18/2021,GGG,TX,ASW,CE,Combined TRACON& Tower with Radar,0,4,28,0,32,0,2,38,0,40,0,6,66,0,72,6,0,6,78
01/19/2021,GGG,TX,ASW,CE,Combined TRACON& Tower with Radar,0,8,13,0,21,0,0,0,0,0,0,8,13,0,21,0,0,0,21
01/20/2021,GGG,TX,ASW,CE,Combined TRACON& Tower with Radar,0,12,41,0,53,0,4,4,0,8,0,16,45,0,61,48,0,48,109
01/21/2021,GGG,TX,ASW,CE,Combined TRACON& Tower with Radar,0,17,15,12,44,0,8,1,0,9,0,25,16,12,53,64,0,64,117
01/22/2021,GGG,TX,ASW,CE,Combined TRACON& Tower with Radar,0,17,18,0,35,0,0,0,0,0,0,17,18,0,35,0,0,0,35
01/23/2021,GGG,TX,ASW,CE,Combined TRACON& Tower with Radar,0,4,9,0,13,0,0,0,0,0,0,4,9,0,13,0,0,0,13
01/24/2021,GGG,TX,ASW,CE,Combined TRACON& Tower with Radar,0,6,10,0,16,0,0,0,0,0,0,6,10,0,16,0,0,0,16
01/25/2021,GGG,TX,ASW,CE,Combined TRACON& Tower with Radar,0,10,16,0,26,0,29,15,0,44,0,39,31,0,70,70,0,70,140
01/26/2021,GGG,TX,ASW,CE,Combined TRACON& Tower with Radar,0,15,39,11,65,0,48,39,0,87,0,63,78,11,152,94,16,110,262
01/27/2021,GGG,TX,ASW,CE,Combined TRACON& Tower with Radar,0,8,18,6,32,2,70,15,1,88,2,78,33,7,120,158,0,158,278
01/28/2021,GGG,TX,ASW,CE,Combined TRACON& Tower with Radar,0,7,25,1,33,0,59,36,1,96,0,66,61,2,129,114,2,116,245
01/29/2021,GGG,TX,ASW,CE,Combined TRACON& Tower with Radar,0,9,22,17,48,0,54,44,0,98,0,63,66,17,146,174,6,180,326
01/30/2021,GGG,TX,ASW,CE,Combined TRACON& Tower with Radar,0,2,17,14,33,0,2,0,0,2,0,4,17,14,35,38,0,38,73
01/31/2021,GGG,TX,ASW,CE,Combined TRACON& Tower with Radar,0,8,25,0,33,0,5,12,0,17,0,13,37,0,50,28,0,28,78
02/01/2021,GGG,TX,ASW,CE,Combined TRACON& Tower with Radar,0,9,14,21,44,0,47,22,0,69,0,56,36,21,113,146,14,160,273
02/02/2021,GGG,TX,ASW,CE,Combined TRACON& Tower with Radar,0,6,17,12,35,0,71,24,0,95,0,77,41,12,130,156,8,164,294
02/03/2021,GGG,TX,ASW,CE,Combined TRACON& Tower with Radar,0,7,19,9,35,0,65,24,2,91,0,72,43,11,126,134,0,134,260
02/04/2021,GGG,TX,ASW,CE,Combined TRACON& Tower with Radar,0,9,32,0,41,0,12,11,0,23,0,21,43,0,64,0,0,0,64
02/05/2021,GGG,TX,ASW,CE,Combined TRACON& Tower with Radar,0,13,12,36,61,0,70,45,5,120,0,83,57,41,181,146,16,162,343
02/06/2021,GGG,TX,ASW,CE,Combined TRACON& Tower with Radar,0,8,25,25,58,0,5,0,0,5,0,13,25,25,63,102,0,102,165
02/07/2021,GGG,TX,ASW,CE,Combined TRACON& Tower with Radar,0,8,12,3,23,0,16,14,2,32,0,24,26,5,55,44,0,44,99
02/08/2021,GGG,TX,ASW,CE,Combined TRACON& Tower with Radar,0,11,20,21,52,0,34,5,2,41,0,45,25,23,93,110,6,116,209
02/09/2021,GGG,TX,ASW,CE,Combined TRACON& Tower with Radar,0,11,20,2,33,0,0,0,0,0,0,11,20,2,33,0,0,0,33
02/10/2021,GGG,TX,ASW,CE,Combined TRACON& Tower with Radar,0,6,11,0,17,0,0,0,0,0,0,6,11,0,17,0,0,0,17
02/11/2021,GGG,TX,ASW,CE,Combined TRACON& Tower with Radar,0,4,13,0,17,0,0,0,0,0,0,4,13,0,17,0,0,0,17
02/12/2021,GGG,TX,ASW,CE,Combined TRACON& Tower with Radar,0,5,15,0,20,0,0,0,0,0,0,5,15,0,20,0,0,0,20
02/13/2021,GGG,TX,ASW,CE,Combined TRACON& Tower with Radar,0,6,9,0,15,0,2,3,0,5,0,8,12,0,20,176,0,176,196
02/14/2021,GGG,TX,ASW,CE,Combined TRACON& Tower with Radar,0,0,6,0,6,0,0,0,0,0,0,0,6,0,6,0,0,0,6
02/15/2021,GGG,TX,ASW,CE,Combined TRACON& Tower with Radar,0,0,0,0,0,0,0,0,0,0,0,0,0,0,0,0,0,0,0
02/16/2021,GGG,TX,ASW,CE,Combined TRACON& Tower with Radar,0,0,4,0,4,0,3,1,0,4,0,3,5,0,8,0,0,0,8
02/17/2021,GGG,TX,ASW,CE,Combined TRACON& Tower with Radar,0,0,0,0,0,0,0,0,0,0,0,0,0,0,0,0,0,0,0
02/18/2021,GGG,TX,ASW,CE,Combined TRACON& Tower with Radar,0,0,0,0,0,0,1,0,0,1,0,1,0,0,1,0,0,0,1
02/19/2021,GGG,TX,ASW,CE,Combined TRACON& Tower with Radar,0,2,4,0,6,0,4,4,0,8,0,6,8,0,14,6,0,6,20
02/20/2021,GGG,TX,ASW,CE,Combined TRACON& Tower with Radar,0,1,9,0,10,0,5,9,0,14,0,6,18,0,24,0,0,0,24
02/21/2021,GGG,TX,ASW,CE,Combined TRACON& Tower with Radar,0,4,15,0,19,0,2,6,0,8,0,6,21,0,27,0,0,0,27
02/22/2021,GGG,TX,ASW,CE,Combined TRACON& Tower with Radar,0,6,15,1,22,0,63,32,0,95,0,69,47,1,117,74,0,74,191
02/23/2021,GGG,TX,ASW,CE,Combined TRACON& Tower with Radar,0,12,30,0,42,0,75,32,0,107,0,87,62,0,149,74,0,74,223
02/24/2021,GGG,TX,ASW,CE,Combined TRACON& Tower with Radar,0,14,22,6,42,0,32,18,0,50,0,46,40,6,92,130,0,130,222
02/25/2021,GGG,TX,ASW,CE,Combined TRACON& Tower with Radar,0,19,22,0,41,0,64,7,0,71,0,83,29,0,112,180,0,180,292
02/26/2021,GGG,TX,ASW,CE,Combined TRACON& Tower with Radar,0,3,20,0,23,0,0,0,0,0,0,3,20,0,23,0,0,0,23
02/27/2021,GGG,TX,ASW,CE,Combined TRACON& Tower with Radar,0,5,14,0,19,0,8,1,0,9,0,13,15,0,28,10,0,10,38
02/28/2021,GGG,TX,ASW,CE,Combined TRACON& Tower with Radar,0,4,14,0,18,0,8,0,0,8,0,12,14,0,26,0,0,0,26
03/01/2021,GGG,TX,ASW,CE,Combined TRACON& Tower with Radar,0,8,16,0,24,0,0,0,0,0,0,8,16,0,24,0,0,0,24
03/02/2021,GGG,TX,ASW,CE,Combined TRACON& Tower with Radar,0,7,25,0,32,0,80,36,0,116,0,87,61,0,148,168,0,168,316
03/03/2021,GGG,TX,ASW,CE,Combined TRACON& Tower with Radar,0,9,26,7,42,0,90,51,0,141,0,99,77,7,183,230,4,234,417
03/04/2021,GGG,TX,ASW,CE,Combined TRACON& Tower with Radar,0,12,43,20,75,0,92,31,0,123,0,104,74,20,198,273,0,273,471
03/05/2021,GGG,TX,ASW,CE,Combined TRACON& Tower with Radar,0,11,23,21,55,0,20,5,0,25,0,31,28,21,80,184,12,196,276
03/06/2021,GGG,TX,ASW,CE,Combined TRACON& Tower with Radar,2,7,29,38,76,0,59,50,2,111,2,66,79,40,187,72,10,82,269
03/07/2021,GGG,TX,ASW,CE,Combined TRACON& Tower with Radar,0,7,30,1,38,0,26,30,0,56,0,33,60,1,94,68,0,68,162
03/08/2021,GGG,TX,ASW,CE,Combined TRACON& Tower with Radar,0,9,28,17,54,0,62,34,1,97,0,71,62,18,151,282,0,282,433
03/09/2021,GGG,TX,ASW,CE,Combined TRACON& Tower with Radar,0,5,25,19,49,0,61,13,2,76,0,66,38,21,125,220,2,222,347
03/10/2021,GGG,TX,ASW,CE,Combined TRACON& Tower with Radar,0,12,18,0,30,0,21,19,0,40,0,33,37,0,70,132,0,132,202
03/11/2021,GGG,TX,ASW,CE,Combined TRACON& Tower with Radar,2,12,26,13,53,0,57,32,1,90,2,69,58,14,143,178,0,178,321
03/12/2021,GGG,TX,ASW,CE,Combined TRACON& Tower with Radar,0,12,20,57,89,0,38,12,0,50,0,50,32,57,139,180,30,210,349
03/13/2021,GGG,TX,ASW,CE,Combined TRACON& Tower with Radar,0,10,33,4,47,0,28,21,4,53,0,38,54,8,100,120,0,120,220
03/14/2021,GGG,TX,ASW,CE,Combined TRACON& Tower with Radar,0,8,25,1,34,0,0,1,0,1,0,8,26,1,35,0,0,0,35
03/15/2021,GGG,TX,ASW,CE,Combined TRACON& Tower with Radar,2,11,21,0,34,0,36,31,0,67,2,47,52,0,101,152,0,152,253
03/16/2021,GGG,TX,ASW,CE,Combined TRACON& Tower with Radar,0,7,29,44,80,0,41,12,0,53,0,48,41,44,133,162,0,162,295
03/17/2021,GGG,TX,ASW,CE,Combined TRACON& Tower with Radar,2,5,14,4,25,0,16,5,1,22,2,21,19,5,47,34,0,34,81
03/18/2021,GGG,TX,ASW,CE,Combined TRACON& Tower with Radar,0,9,33,44,86,0,36,29,1,66,0,45,62,45,152,88,10,98,250
03/19/2021,GGG,TX,ASW,CE,Combined TRACON& Tower with Radar,0,18,38,10,66,0,56,35,3,94,0,74,73,13,160,220,0,220,380
03/20/2021,GGG,TX,ASW,CE,Combined TRACON& Tower with Radar,0,7,28,29,64,0,56,43,7,106,0,63,71,36,170,132,16,148,318
03/21/2021,GGG,TX,ASW,CE,Combined TRACON& Tower with Radar,0,10,26,2,38,0,5,26,0,31,0,15,52,2,69,12,0,12,81
03/22/2021,GGG,TX,ASW,CE,Combined TRACON& Tower with Radar,2,11,20,4,37,0,39,13,0,52,2,50,33,4,89,140,0,140,229
03/23/2021,GGG,TX,ASW,CE,Combined TRACON& Tower with Radar,0,11,18,32,61,0,53,22,4,79,0,64,40,36,140,164,6,170,310
03/24/2021,GGG,TX,ASW,CE,Combined TRACON& Tower with Radar,0,7,15,6,28,0,45,14,0,59,0,52,29,6,87,146,4,150,237
03/25/2021,GGG,TX,ASW,CE,Combined TRACON& Tower with Radar,1,13,22,10,46,0,24,14,0,38,1,37,36,10,84,42,10,52,136
03/26/2021,GGG,TX,ASW,CE,Combined TRACON& Tower with Radar,0,10,31,45,86,0,80,35,3,118,0,90,66,48,204,230,16,246,450
03/27/2021,GGG,TX,ASW,CE,Combined TRACON& Tower with Radar,0,12,19,0,31,0,1,1,0,2,0,13,20,0,33,64,0,64,97
03/28/2021,GGG,TX,ASW,CE,Combined TRACON& Tower with Radar,0,6,28,0,34,0,15,19,0,34,0,21,47,0,68,32,0,32,100
03/29/2021,GGG,TX,ASW,CE,Combined TRACON& Tower with Radar,0,15,36,14,65,0,51,42,4,97,0,66,78,18,162,166,40,206,368
03/30/2021,GGG,TX,ASW,CE,Combined TRACON& Tower with Radar,0,12,31,4,47,0,20,10,0,30,0,32,41,4,77,96,2,98,175
03/31/2021,GGG,TX,ASW,CE,Combined TRACON& Tower with Radar,0,7,21,10,38,0,14,10,0,24,0,21,31,10,62,170,0,170,232
04/01/2021,GGG,TX,ASW,CE,Combined TRACON& Tower with Radar,0,10,32,1,43,0,77,44,1,122,0,87,76,2,165,110,6,116,281
04/02/2021,GGG,TX,ASW,CE,Combined TRACON& Tower with Radar,0,6,17,71,94,0,1,42,2,45,0,7,59,73,139,54,20,74,213
04/03/2021,GGG,TX,ASW,CE,Combined TRACON& Tower with Radar,0,8,9,0,17,0,35,24,0,59,0,43,33,0,76,64,0,64,140
04/04/2021,GGG,TX,ASW,CE,Combined TRACON& Tower with Radar,0,4,18,0,22,0,4,16,0,20,0,8,34,0,42,0,0,0,42
04/05/2021,GGG,TX,ASW,CE,Combined TRACON& Tower with Radar,0,13,38,4,55,0,42,10,0,52,0,55,48,4,107,188,8,196,303
04/06/2021,GGG,TX,ASW,CE,Combined TRACON& Tower with Radar,0,19,47,22,88,0,22,10,0,32,0,41,57,22,120,256,0,256,376
04/07/2021,GGG,TX,ASW,CE,Combined TRACON& Tower with Radar,0,7,26,0,33,0,6,5,0,11,0,13,31,0,44,38,0,38,82
04/08/2021,GGG,TX,ASW,CE,Combined TRACON& Tower with Radar,0,17,36,17,70,0,71,56,1,128,0,88,92,18,198,178,20,198,396
04/09/2021,GGG,TX,ASW,CE,Combined TRACON& Tower with Radar,0,10,21,4,35,0,0,4,0,4,0,10,25,4,39,112,0,112,151
04/10/2021,GGG,TX,ASW,CE,Combined TRACON& Tower with Radar,0,10,10,9,29,0,48,15,1,64,0,58,25,10,93,68,6,74,167
04/11/2021,GGG,TX,ASW,CE,Combined TRACON& Tower with Radar,0,8,25,38,71,0,15,39,1,55,0,23,64,39,126,104,2,106,232
04/12/2021,GGG,TX,ASW,CE,Combined TRACON& Tower with Radar,0,12,29,47,88,0,50,26,0,76,0,62,55,47,164,196,2,198,362
04/13/2021,GGG,TX,ASW,CE,Combined TRACON& Tower with Radar,0,11,29,6,46,0,74,20,1,95,0,85,49,7,141,250,0,250,391
04/14/2021,GGG,TX,ASW,CE,Combined TRACON& Tower with Radar,0,13,23,2,38,0,0,0,0,0,0,13,23,2,38,0,0,0,38
04/15/2021,GGG,TX,ASW,CE,Combined TRACON& Tower with Radar,0,23,31,4,58,0,36,22,2,60,0,59,53,6,118,196,0,196,314
04/16/2021,GGG,TX,ASW,CE,Combined TRACON& Tower with Radar,0,6,20,0,26,0,0,0,0,0,0,6,20,0,26,0,0,0,26
04/17/2021,GGG,TX,ASW,CE,Combined TRACON& Tower with Radar,0,8,19,2,29,0,8,12,0,20,0,16,31,2,49,106,0,106,155
04/18/2021,GGG,TX,ASW,CE,Combined TRACON& Tower with Radar,0,8,33,18,59,0,20,38,5,63,0,28,71,23,122,50,0,50,172
04/19/2021,GGG,TX,ASW,CE,Combined TRACON& Tower with Radar,0,21,20,55,96,0,80,35,0,115,0,101,55,55,211,308,18,326,537
04/20/2021,GGG,TX,ASW,CE,Combined TRACON& Tower with Radar,0,19,23,43,85,0,63,46,2,111,0,82,69,45,196,232,12,244,440
04/21/2021,GGG,TX,ASW,CE,Combined TRACON& Tower with Radar,0,13,38,15,66,0,64,36,6,106,0,77,74,21,172,126,26,152,324
04/22/2021,GGG,TX,ASW,CE,Combined TRACON& Tower with Radar,0,21,34,34,89,0,67,36,4,107,0,88,70,38,196,218,0,218,414
04/23/2021,GGG,TX,ASW,CE,Combined TRACON& Tower with Radar,0,14,21,0,35,0,0,1,0,1,0,14,22,0,36,48,0,48,84
04/24/2021,GGG,TX,ASW,CE,Combined TRACON& Tower with Radar,0,9,17,0,26,0,32,11,1,44,0,41,28,1,70,102,0,102,172
04/25/2021,GGG,TX,ASW,CE,Combined TRACON& Tower with Radar,0,9,25,0,34,0,17,29,0,46,0,26,54,0,80,30,0,30,110
04/26/2021,GGG,TX,ASW,CE,Combined TRACON& Tower with Radar,0,12,34,0,46,0,57,25,4,86,0,69,59,4,132,178,0,178,310
04/27/2021,GGG,TX,ASW,CE,Combined TRACON& Tower with Radar,0,22,21,4,47,0,22,3,0,25,0,44,24,4,72,258,0,258,330
04/28/2021,GGG,TX,ASW,CE,Combined TRACON& Tower with Radar,0,18,15,0,33,0,22,12,0,34,0,40,27,0,67,74,0,74,141
04/29/2021,GGG,TX,ASW,CE,Combined TRACON& Tower with Radar,0,12,25,0,37,0,14,7,2,23,0,26,32,2,60,174,0,174,234
04/30/2021,GGG,TX,ASW,CE,Combined TRACON& Tower with Radar,0,6,14,4,24,0,0,0,0,0,0,6,14,4,24,0,0,0,24
05/01/2021,GGG,TX,ASW,CE,Combined TRACON& Tower with Radar,0,4,18,0,22,0,8,11,0,19,0,12,29,0,41,166,0,166,207
05/02/2021,GGG,TX,ASW,CE,Combined TRACON& Tower with Radar,2,7,23,0,32,0,2,15,0,17,2,9,38,0,49,24,0,24,73
05/03/2021,GGG,TX,ASW,CE,Combined TRACON& Tower with Radar,0,12,19,8,39,0,19,14,0,33,0,31,33,8,72,152,0,152,224
05/04/2021,GGG,TX,ASW,CE,Combined TRACON& Tower with Radar,0,8,16,6,30,0,21,4,0,25,0,29,20,6,55,78,0,78,133
05/05/2021,GGG,TX,ASW,CE,Combined TRACON& Tower with Radar,2,13,33,22,70,0,59,45,11,115,2,72,78,33,185,206,12,218,403
05/06/2021,GGG,TX,ASW,CE,Combined TRACON& Tower with Radar,0,7,26,18,51,0,42,60,9,111,0,49,86,27,162,230,2,232,394
05/07/2021,GGG,TX,ASW,CE,Combined TRACON& Tower with Radar,0,14,28,32,74,0,56,39,1,96,0,70,67,33,170,242,2,244,414
05/08/2021,GGG,TX,ASW,CE,Combined TRACON& Tower with Radar,0,7,10,29,46,0,15,7,4,26,0,22,17,33,72,64,0,64,136
05/09/2021,GGG,TX,ASW,CE,Combined TRACON& Tower with Radar,0,5,12,0,17,0,0,4,1,5,0,5,16,1,22,0,0,0,22
05/10/2021,GGG,TX,ASW,CE,Combined TRACON& Tower with Radar,0,22,22,0,44,0,0,0,0,0,0,22,22,0,44,0,0,0,44
05/11/2021,GGG,TX,ASW,CE,Combined TRACON& Tower with Radar,0,7,14,2,23,0,0,0,0,0,0,7,14,2,23,0,0,0,23
05/12/2021,GGG,TX,ASW,CE,Combined TRACON& Tower with Radar,0,18,54,2,74,0,0,0,0,0,0,18,54,2,74,0,0,0,74
05/13/2021,GGG,TX,ASW,CE,Combined TRACON& Tower with Radar,0,16,33,13,62,0,62,48,11,121,0,78,81,24,183,316,4,320,503
05/14/2021,GGG,TX,ASW,CE,Combined TRACON& Tower with Radar,0,12,35,8,55,0,54,50,0,104,0,66,85,8,159,214,4,218,377
05/15/2021,GGG,TX,ASW,CE,Combined TRACON& Tower with Radar,0,5,20,17,42,0,28,21,3,52,0,33,41,20,94,134,4,138,232
05/16/2021,GGG,TX,ASW,CE,Combined TRACON& Tower with Radar,0,8,22,32,62,0,4,7,0,11,0,12,29,32,73,0,6,6,79
05/17/2021,GGG,TX,ASW,CE,Combined TRACON& Tower with Radar,0,16,21,0,37,0,5,2,0,7,0,21,23,0,44,72,0,72,116
05/18/2021,GGG,TX,ASW,CE,Combined TRACON& Tower with Radar,2,10,15,4,31,0,15,7,0,22,2,25,22,4,53,196,1,197,250
05/19/2021,GGG,TX,ASW,CE,Combined TRACON& Tower with Radar,0,16,15,0,31,0,34,8,0,42,0,50,23,0,73,140,0,140,213
05/20/2021,GGG,TX,ASW,CE,Combined TRACON& Tower with Radar,0,8,25,2,35,0,0,2,1,3,0,8,27,3,38,36,0,36,74
05/21/2021,GGG,TX,ASW,CE,Combined TRACON& Tower with Radar,0,7,39,8,54,0,0,0,0,0,0,7,39,8,54,0,0,0,54
05/22/2021,GGG,TX,ASW,CE,Combined TRACON& Tower with Radar,0,17,36,2,55,0,4,2,1,7,0,21,38,3,62,99,0,99,161
05/23/2021,GGG,TX,ASW,CE,Combined TRACON& Tower with Radar,0,5,34,35,74,0,6,17,5,28,0,11,51,40,102,76,8,84,186
05/24/2021,GGG,TX,ASW,CE,Combined TRACON& Tower with Radar,2,9,19,0,30,0,48,17,0,65,2,57,36,0,95,290,0,290,385
05/25/2021,GGG,TX,ASW,CE,Combined TRACON& Tower with Radar,0,7,22,4,33,0,21,12,0,33,0,28,34,4,66,88,8,96,162
05/26/2021,GGG,TX,ASW,CE,Combined TRACON& Tower with Radar,0,22,39,11,72,0,31,12,0,43,0,53,51,11,115,210,14,224,339
05/27/2021,GGG,TX,ASW,CE,Combined TRACON& Tower with Radar,0,10,37,9,56,0,45,28,2,75,0,55,65,11,131,166,0,166,297
05/28/2021,GGG,TX,ASW,CE,Combined TRACON& Tower with Radar,0,5,29,0,34,0,1,19,0,20,0,6,48,0,54,24,0,24,78
05/29/2021,GGG,TX,ASW,CE,Combined TRACON& Tower with Radar,0,5,20,0,25,0,2,5,0,7,0,7,25,0,32,4,0,4,36
05/30/2021,GGG,TX,ASW,CE,Combined TRACON& Tower with Radar,0,5,19,0,24,0,3,19,0,22,0,8,38,0,46,0,0,0,46
05/31/2021,GGG,TX,ASW,CE,Combined TRACON& Tower with Radar,2,3,17,0,22,0,5,18,0,23,2,8,35,0,45,36,0,36,81
06/01/2021,GGG,TX,ASW,CE,Combined TRACON& Tower with Radar,0,16,18,0,34,0,11,6,2,19,0,27,24,2,53,120,0,120,173
06/02/2021,GGG,TX,ASW,CE,Combined TRACON& Tower with Radar,0,14,41,6,61,0,41,23,0,64,0,55,64,6,125,60,0,60,185
06/03/2021,GGG,TX,ASW,CE,Combined TRACON& Tower with Radar,0,8,28,1,37,0,62,20,1,83,0,70,48,2,120,142,0,142,262
06/04/2021,GGG,TX,ASW,CE,Combined TRACON& Tower with Radar,0,10,29,0,39,0,33,8,0,41,0,43,37,0,80,86,0,86,166
06/05/2021,GGG,TX,ASW,CE,Combined TRACON& Tower with Radar,0,9,19,0,28,0,8,10,0,18,0,17,29,0,46,44,0,44,90
06/06/2021,GGG,TX,ASW,CE,Combined TRACON& Tower with Radar,0,7,15,0,22,0,5,8,0,13,0,12,23,0,35,0,0,0,35
06/07/2021,GGG,TX,ASW,CE,Combined TRACON& Tower with Radar,2,10,6,0,18,0,5,4,0,9,2,15,10,0,27,34,0,34,61
06/08/2021,GGG,TX,ASW,CE,Combined TRACON& Tower with Radar,0,3,21,1,25,0,36,8,3,47,0,39,29,4,72,48,0,48,120
06/09/2021,GGG,TX,ASW,CE,Combined TRACON& Tower with Radar,0,8,22,4,34,0,42,18,0,60,0,50,40,4,94,142,0,142,236
06/10/2021,GGG,TX,ASW,CE,Combined TRACON& Tower with Radar,2,17,38,4,61,0,46,34,2,82,2,63,72,6,143,74,0,74,217
06/11/2021,GGG,TX,ASW,CE,Combined TRACON& Tower with Radar,0,13,28,14,55,0,47,24,0,71,0,60,52,14,126,86,2,88,214
06/12/2021,GGG,TX,ASW,CE,Combined TRACON& Tower with Radar,0,7,10,6,23,0,36,15,1,52,0,43,25,7,75,48,0,48,123
06/13/2021,GGG,TX,ASW,CE,Combined TRACON& Tower with Radar,0,8,16,0,24,0,10,19,0,29,0,18,35,0,53,0,0,0,53
06/14/2021,GGG,TX,ASW,CE,Combined TRACON& Tower with Radar,0,10,25,0,35,0,61,18,0,79,0,71,43,0,114,122,0,122,236
06/15/2021,GGG,TX,ASW,CE,Combined TRACON& Tower with Radar,0,3,19,5,27,0,73,35,2,110,0,76,54,7,137,132,8,140,277
06/16/2021,GGG,TX,ASW,CE,Combined TRACON& Tower with Radar,0,7,18,22,47,0,42,24,5,71,0,49,42,27,118,244,4,248,366
06/17/2021,GGG,TX,ASW,CE,Combined TRACON& Tower with Radar,0,6,33,16,55,0,51,29,1,81,0,57,62,17,136,142,26,168,304
06/18/2021,GGG,TX,ASW,CE,Combined TRACON& Tower with Radar,0,6,41,7,54,0,52,28,1,81,0,58,69,8,135,100,0,100,235
06/19/2021,GGG,TX,ASW,CE,Combined TRACON& Tower with Radar,0,7,11,2,20,0,20,24,2,46,0,27,35,4,66,32,4,36,102
06/20/2021,GGG,TX,ASW,CE,Combined TRACON& Tower with Radar,0,9,24,5,38,0,10,18,0,28,0,19,42,5,66,16,0,16,82
06/21/2021,GGG,TX,ASW,CE,Combined TRACON& Tower with Radar,0,4,21,24,49,0,5,7,0,12,0,9,28,24,61,42,0,42,103
06/22/2021,GGG,TX,ASW,CE,Combined TRACON& Tower with Radar,0,7,31,7,45,0,55,28,1,84,0,62,59,8,129,192,0,192,321
06/23/2021,GGG,TX,ASW,CE,Combined TRACON& Tower with Radar,0,5,32,17,54,0,48,28,1,77,0,53,60,18,131,138,4,142,273
06/24/2021,GGG,TX,ASW,CE,Combined TRACON& Tower with Radar,0,15,21,13,49,0,32,18,0,50,0,47,39,13,99,162,0,162,261
06/25/2021,GGG,TX,ASW,CE,Combined TRACON& Tower with Radar,0,11,27,83,121,0,31,15,3,49,0,42,42,86,170,98,14,112,282
06/26/2021,GGG,TX,ASW,CE,Combined TRACON& Tower with Radar,0,8,22,58,88,0,11,7,14,32,0,19,29,72,120,56,34,90,210
06/27/2021,GGG,TX,ASW,CE,Combined TRACON& Tower with Radar,2,7,28,7,44,0,2,6,0,8,2,9,34,7,52,18,6,24,76
06/28/2021,GGG,TX,ASW,CE,Combined TRACON& Tower with Radar,0,4,17,1,22,0,4,0,0,4,0,8,17,1,26,20,0,20,46
06/29/2021,GGG,TX,ASW,CE,Combined TRACON& Tower with Radar,0,8,28,23,59,0,32,14,4,50,0,40,42,27,109,100,6,106,215
06/30/2021,GGG,TX,ASW,CE,Combined TRACON& Tower with Radar,0,11,29,38,78,0,37,21,0,58,0,48,50,38,136,194,0,194,330
07/01/2021,GGG,TX,ASW,CE,Combined TRACON& Tower with Radar,1,9,24,25,59,0,37,17,1,55,1,46,41,26,114,68,6,74,188
07/02/2021,GGG,TX,ASW,CE,Combined TRACON& Tower with Radar,2,6,30,0,38,0,2,5,0,7,2,8,35,0,45,6,0,6,51
07/03/2021,GGG,TX,ASW,CE,Combined TRACON& Tower with Radar,0,6,28,0,34,0,17,28,0,45,0,23,56,0,79,38,0,38,117
07/04/2021,GGG,TX,ASW,CE,Combined TRACON& Tower with Radar,0,6,4,0,10,0,6,21,0,27,0,12,25,0,37,10,0,10,47
07/05/2021,GGG,TX,ASW,CE,Combined TRACON& Tower with Radar,0,10,19,0,29,0,3,8,0,11,0,13,27,0,40,48,0,48,88
07/06/2021,GGG,TX,ASW,CE,Combined TRACON& Tower with Radar,2,4,34,2,42,0,56,29,0,85,2,60,63,2,127,142,0,142,269
07/07/2021,GGG,TX,ASW,CE,Combined TRACON& Tower with Radar,0,19,19,0,38,0,20,16,0,36,0,39,35,0,74,184,0,184,258
07/08/2021,GGG,TX,ASW,CE,Combined TRACON& Tower with Radar,0,8,25,14,47,0,57,23,2,82,0,65,48,16,129,214,14,228,357
07/09/2021,GGG,TX,ASW,CE,Combined TRACON& Tower with Radar,0,10,35,0,45,0,26,10,2,38,0,36,45,2,83,141,0,141,224
07/10/2021,GGG,TX,ASW,CE,Combined TRACON& Tower with Radar,0,8,22,42,72,0,12,13,0,25,0,20,35,42,97,82,34,116,213
07/11/2021,GGG,TX,ASW,CE,Combined TRACON& Tower with Radar,0,8,17,4,29,0,11,8,0,19,0,19,25,4,48,10,2,12,60
07/12/2021,GGG,TX,ASW,CE,Combined TRACON& Tower with Radar,0,6,27,19,52,0,48,15,0,63,0,54,42,19,115,161,8,169,284
07/13/2021,GGG,TX,ASW,CE,Combined TRACON& Tower with Radar,0,9,26,7,42,0,58,23,4,85,0,67,49,11,127,248,14,262,389
07/14/2021,GGG,TX,ASW,CE,Combined TRACON& Tower with Radar,0,8,36,30,74,1,54,34,3,92,1,62,70,33,166,118,4,122,288
07/15/2021,GGG,TX,ASW,CE,Combined TRACON& Tower with Radar,0,16,21,6,43,0,14,9,0,23,0,30,30,6,66,96,0,96,162
07/16/2021,GGG,TX,ASW,CE,Combined TRACON& Tower with Radar,0,16,32,2,50,0,35,15,0,50,0,51,47,2,100,112,0,112,212
07/17/2021,GGG,TX,ASW,CE,Combined TRACON& Tower with Radar,0,9,29,0,38,0,14,17,0,31,0,23,46,0,69,2,0,2,71
07/18/2021,GGG,TX,ASW,CE,Combined TRACON& Tower with Radar,0,5,27,15,47,0,6,11,3,20,0,11,38,18,67,40,8,48,115
07/19/2021,GGG,TX,ASW,CE,Combined TRACON& Tower with Radar,0,3,14,0,17,0,3,6,0,9,0,6,20,0,26,0,0,0,26
07/20/2021,GGG,TX,ASW,CE,Combined TRACON& Tower with Radar,0,12,20,10,42,0,21,11,0,32,0,33,31,10,74,100,8,108,182
07/21/2021,GGG,TX,ASW,CE,Combined TRACON& Tower with Radar,0,8,17,11,36,0,43,17,0,60,0,51,34,11,96,222,1,223,319
07/22/2021,GGG,TX,ASW,CE,Combined TRACON& Tower with Radar,0,10,31,15,56,0,36,17,0,53,0,46,48,15,109,254,2,256,365
07/23/2021,GGG,TX,ASW,CE,Combined TRACON& Tower with Radar,0,7,33,15,55,0,26,23,1,50,0,33,56,16,105,178,0,178,283
07/24/2021,GGG,TX,ASW,CE,Combined TRACON& Tower with Radar,0,7,16,6,29,0,8,18,0,26,0,15,34,6,55,62,0,62,117
07/25/2021,GGG,TX,ASW,CE,Combined TRACON& Tower with Radar,0,7,24,24,55,0,1,19,1,21,0,8,43,25,76,4,6,10,86
07/26/2021,GGG,TX,ASW,CE,Combined TRACON& Tower with Radar,0,8,23,21,52,0,10,24,1,35,0,18,47,22,87,96,6,102,189
07/27/2021,GGG,TX,ASW,CE,Combined TRACON& Tower with Radar,0,7,30,0,37,0,23,32,0,55,0,30,62,0,92,220,0,220,312
07/28/2021,GGG,TX,ASW,CE,Combined TRACON& Tower with Radar,0,7,27,9,43,1,17,20,2,40,1,24,47,11,83,78,0,78,161
07/29/2021,GGG,TX,ASW,CE,Combined TRACON& Tower with Radar,0,11,19,11,41,0,25,31,0,56,0,36,50,11,97,62,0,62,159
07/30/2021,GGG,TX,ASW,CE,Combined TRACON& Tower with Radar,0,9,22,41,72,0,19,32,1,52,0,28,54,42,124,118,6,124,248
07/31/2021,GGG,TX,ASW,CE,Combined TRACON& Tower with Radar,0,6,21,0,27,0,25,28,4,57,0,31,49,4,84,104,8,112,196
08/01/2021,GGG,TX,ASW,CE,Combined TRACON& Tower with Radar,3,3,15,0,21,1,10,12,0,23,4,13,27,0,44,22,0,22,66
08/02/2021,GGG,TX,ASW,CE,Combined TRACON& Tower with Radar,0,9,18,0,27,0,1,1,0,2,0,10,19,0,29,0,0,0,29
08/03/2021,GGG,TX,ASW,CE,Combined TRACON& Tower with Radar,0,11,32,7,50,0,22,26,2,50,0,33,58,9,100,252,4,256,356
08/04/2021,GGG,TX,ASW,CE,Combined TRACON& Tower with Radar,0,11,25,22,58,0,33,29,0,62,0,44,54,22,120,154,4,158,278
08/05/2021,GGG,TX,ASW,CE,Combined TRACON& Tower with Radar,0,10,36,39,85,0,22,37,0,59,0,32,73,39,144,134,0,134,278
08/06/2021,GGG,TX,ASW,CE,Combined TRACON& Tower with Radar,0,9,27,28,64,0,22,27,2,51,0,31,54,30,115,152,4,156,271
08/07/2021,GGG,TX,ASW,CE,Combined TRACON& Tower with Radar,0,12,16,15,43,0,12,22,2,36,0,24,38,17,79,49,4,53,132
08/08/2021,GGG,TX,ASW,CE,Combined TRACON& Tower with Radar,0,3,32,10,45,0,5,9,1,15,0,8,41,11,60,32,0,32,92
08/09/2021,GGG,TX,ASW,CE,Combined TRACON& Tower with Radar,0,9,20,34,63,0,14,26,1,41,0,23,46,35,104,86,6,92,196
08/10/2021,GGG,TX,ASW,CE,Combined TRACON& Tower with Radar,0,8,29,23,60,0,18,23,0,41,0,26,52,23,101,44,0,44,145
08/11/2021,GGG,TX,ASW,CE,Combined TRACON& Tower with Radar,0,9,27,29,65,0,21,23,1,45,0,30,50,30,110,90,10,100,210
08/12/2021,GGG,TX,ASW,CE,Combined TRACON& Tower with Radar,0,8,21,38,67,0,23,38,0,61,0,31,59,38,128,158,0,158,286
08/13/2021,GGG,TX,ASW,CE,Combined TRACON& Tower with Radar,0,14,33,24,71,0,12,45,2,59,0,26,78,26,130,158,12,170,300
08/14/2021,GGG,TX,ASW,CE,Combined TRACON& Tower with Radar,0,8,21,2,31,0,8,25,0,33,0,16,46,2,64,90,6,96,160
08/15/2021,GGG,TX,ASW,CE,Combined TRACON& Tower with Radar,0,10,22,0,32,0,9,25,0,34,0,19,47,0,66,30,0,30,96
08/16/2021,GGG,TX,ASW,CE,Combined TRACON& Tower with Radar,0,7,18,18,43,0,20,10,1,31,0,27,28,19,74,82,14,96,170
08/17/2021,GGG,TX,ASW,CE,Combined TRACON& Tower with Radar,2,5,29,9,45,0,18,13,1,32,2,23,42,10,77,78,0,78,155
08/18/2021,GGG,TX,ASW,CE,Combined TRACON& Tower with Radar,0,11,15,0,26,0,8,5,1,14,0,19,20,1,40,42,0,42,82
08/19/2021,GGG,TX,ASW,CE,Combined TRACON& Tower with Radar,0,8,19,0,27,0,14,7,1,22,0,22,26,1,49,42,0,42,91
08/20/2021,GGG,TX,ASW,CE,Combined TRACON& Tower with Radar,2,19,23,20,64,0,34,25,2,61,2,53,48,22,125,70,6,76,201
08/21/2021,GGG,TX,ASW,CE,Combined TRACON& Tower with Radar,0,6,14,16,36,0,37,23,0,60,0,43,37,16,96,96,0,96,192
08/22/2021,GGG,TX,ASW,CE,Combined TRACON& Tower with Radar,0,7,16,35,58,0,6,21,4,31,0,13,37,39,89,28,60,88,177
08/23/2021,GGG,TX,ASW,CE,Combined TRACON& Tower with Radar,0,4,16,10,30,0,51,36,3,90,0,55,52,13,120,118,22,140,260
08/24/2021,GGG,TX,ASW,CE,Combined TRACON& Tower with Radar,0,7,28,30,65,1,37,35,2,75,1,44,63,32,140,50,10,60,200
08/25/2021,GGG,TX,ASW,CE,Combined TRACON& Tower with Radar,0,9,24,37,70,0,48,27,1,76,0,57,51,38,146,56,12,68,214
08/26/2021,GGG,TX,ASW,CE,Combined TRACON& Tower with Radar,0,13,21,5,39,0,44,33,11,88,0,57,54,16,127,116,20,136,263
08/27/2021,GGG,TX,ASW,CE,Combined TRACON& Tower with Radar,0,16,30,15,61,0,31,15,0,46,0,47,45,15,107,48,20,68,175
08/28/2021,GGG,TX,ASW,CE,Combined TRACON& Tower with Radar,0,10,14,0,24,0,4,6,1,11,0,14,20,1,35,22,0,22,57
08/29/2021,GGG,TX,ASW,CE,Combined TRACON& Tower with Radar,0,5,26,19,50,0,2,13,2,17,0,7,39,21,67,12,4,16,83
08/30/2021,GGG,TX,ASW,CE,Combined TRACON& Tower with Radar,0,6,20,0,26,0,44,15,1,60,0,50,35,1,86,84,0,84,170
08/31/2021,GGG,TX,ASW,CE,Combined TRACON& Tower with Radar,0,10,21,23,54,0,54,21,2,77,0,64,42,25,131,132,22,154,285
09/01/2021,GGG,TX,ASW,CE,Combined TRACON& Tower with Radar,0,5,24,9,38,0,61,49,0,110,0,66,73,9,148,76,4,80,228
09/02/2021,GGG,TX,ASW,CE,Combined TRACON& Tower with Radar,0,16,22,2,40,0,23,24,0,47,0,39,46,2,87,174,0,174,261
09/03/2021,GGG,TX,ASW,CE,Combined TRACON& Tower with Radar,0,19,26,0,45,0,59,41,0,100,0,78,67,0,145,122,0,122,267
09/04/2021,GGG,TX,ASW,CE,Combined TRACON& Tower with Radar,0,6,12,0,18,0,25,47,0,72,0,31,59,0,90,48,0,48,138
09/05/2021,GGG,TX,ASW,CE,Combined TRACON& Tower with Radar,0,4,10,0,14,0,9,28,0,37,0,13,38,0,51,24,0,24,75
09/06/2021,GGG,TX,ASW,CE,Combined TRACON& Tower with Radar,0,10,18,0,28,0,43,22,0,65,0,53,40,0,93,120,0,120,213
09/07/2021,GGG,TX,ASW,CE,Combined TRACON& Tower with Radar,0,3,20,5,28,0,48,22,0,70,0,51,42,5,98,149,2,151,249
09/08/2021,GGG,TX,ASW,CE,Combined TRACON& Tower with Radar,0,13,23,0,36,0,59,32,0,91,0,72,55,0,127,94,0,94,221
09/09/2021,GGG,TX,ASW,CE,Combined TRACON& Tower with Radar,0,8,26,4,38,0,57,31,0,88,0,65,57,4,126,66,0,66,192
09/10/2021,GGG,TX,ASW,CE,Combined TRACON& Tower with Radar,2,7,38,0,47,0,49,42,2,93,2,56,80,2,140,54,0,54,194
09/11/2021,GGG,TX,ASW,CE,Combined TRACON& Tower with Radar,0,11,28,4,43,0,25,54,0,79,0,36,82,4,122,42,0,42,164
09/12/2021,GGG,TX,ASW,CE,Combined TRACON& Tower with Radar,0,9,31,6,46,0,8,24,4,36,0,17,55,10,82,0,0,0,82
09/13/2021,GGG,TX,ASW,CE,Combined TRACON& Tower with Radar,0,14,16,2,32,0,18,5,0,23,0,32,21,2,55,74,0,74,129
09/14/2021,GGG,TX,ASW,CE,Combined TRACON& Tower with Radar,0,14,14,0,28,0,5,0,0,5,0,19,14,0,33,24,0,24,57
09/15/2021,GGG,TX,ASW,CE,Combined TRACON& Tower with Radar,0,12,15,0,27,0,29,13,0,42,0,41,28,0,69,176,0,176,245
09/16/2021,GGG,TX,ASW,CE,Combined TRACON& Tower with Radar,0,20,19,2,41,0,31,14,0,45,0,51,33,2,86,154,0,154,240
09/17/2021,GGG,TX,ASW,CE,Combined TRACON& Tower with Radar,0,14,31,28,73,0,40,38,2,80,0,54,69,30,153,180,64,244,397
09/18/2021,GGG,TX,ASW,CE,Combined TRACON& Tower with Radar,0,5,16,3,24,0,11,4,1,16,0,16,20,4,40,10,6,16,56
09/19/2021,GGG,TX,ASW,CE,Combined TRACON& Tower with Radar,0,9,23,3,35,0,1,8,0,9,0,10,31,3,44,0,0,0,44
09/20/2021,GGG,TX,ASW,CE,Combined TRACON& Tower with Radar,0,7,13,14,34,0,55,25,2,82,0,62,38,16,116,98,0,98,214
09/21/2021,GGG,TX,ASW,CE,Combined TRACON& Tower with Radar,0,18,18,0,36,0,40,20,0,60,0,58,38,0,96,124,0,124,220
09/22/2021,GGG,TX,ASW,CE,Combined TRACON& Tower with Radar,0,10,22,14,46,0,63,39,1,103,0,73,61,15,149,170,2,172,321
09/23/2021,GGG,TX,ASW,CE,Combined TRACON& Tower with Radar,0,7,32,24,63,0,73,45,0,118,0,80,77,24,181,172,0,172,353
09/24/2021,GGG,TX,ASW,CE,Combined TRACON& Tower with Radar,0,10,32,24,66,0,60,66,1,127,0,70,98,25,193,138,2,140,333
09/25/2021,GGG,TX,ASW,CE,Combined TRACON& Tower with Radar,0,10,22,5,37,0,49,36,6,91,0,59,58,11,128,112,6,118,246
09/26/2021,GGG,TX,ASW,CE,Combined TRACON& Tower with Radar,0,9,22,0,31,0,14,20,0,34,0,23,42,0,65,16,0,16,81
09/27/2021,GGG,TX,ASW,CE,Combined TRACON& Tower with Radar,0,9,24,0,33,0,57,40,0,97,0,66,64,0,130,284,0,284,414
09/28/2021,GGG,TX,ASW,CE,Combined TRACON& Tower with Radar,0,8,29,13,50,0,33,15,0,48,0,41,44,13,98,122,16,138,236
09/29/2021,GGG,TX,ASW,CE,Combined TRACON& Tower with Radar,0,9,31,0,40,0,34,13,2,49,0,43,44,2,89,154,0,154,243
09/30/2021,GGG,TX,ASW,CE,Combined TRACON& Tower with Radar,0,9,31,16,56,0,42,6,0,48,0,51,37,16,104,142,0,142,246
10/01/2021,GGG,TX,ASW,CE,Combined TRACON& Tower with Radar,0,11,31,0,42,0,2,2,0,4,0,13,33,0,46,0,0,0,46
10/02/2021,GGG,TX,ASW,CE,Combined TRACON& Tower with Radar,0,10,17,2,29,0,15,9,0,24,0,25,26,2,53,26,0,26,79
10/03/2021,GGG,TX,ASW,CE,Combined TRACON& Tower with Radar,0,5,29,2,36,0,18,15,0,33,0,23,44,2,69,6,0,6,75
10/04/2021,GGG,TX,ASW,CE,Combined TRACON& Tower with Radar,0,12,27,11,50,0,59,25,1,85,0,71,52,12,135,184,0,184,319
10/05/2021,GGG,TX,ASW,CE,Combined TRACON& Tower with Radar,0,12,23,15,50,0,54,41,1,96,0,66,64,16,146,162,8,170,316
10/06/2021,GGG,TX,ASW,CE,Combined TRACON& Tower with Radar,0,11,21,22,54,0,65,24,3,92,0,76,45,25,146,152,8,160,306
10/07/2021,GGG,TX,ASW,CE,Combined TRACON& Tower with Radar,0,8,24,21,53,0,54,31,4,89,0,62,55,25,142,130,18,148,290
10/08/2021,GGG,TX,ASW,CE,Combined TRACON& Tower with Radar,0,8,22,6,36,0,48,38,2,88,0,56,60,8,124,196,2,198,322
10/09/2021,GGG,TX,ASW,CE,Combined TRACON& Tower with Radar,0,6,22,0,28,0,15,25,0,40,0,21,47,0,68,38,0,38,106
10/10/2021,GGG,TX,ASW,CE,Combined TRACON& Tower with Radar,0,6,27,0,33,1,0,6,0,7,1,6,33,0,40,12,0,12,52
10/11/2021,GGG,TX,ASW,CE,Combined TRACON& Tower with Radar,0,5,22,11,38,0,52,17,7,76,0,57,39,18,114,68,0,68,182
10/12/2021,GGG,TX,ASW,CE,Combined TRACON& Tower with Radar,0,14,21,0,35,0,22,5,0,27,0,36,26,0,62,198,0,198,260
10/13/2021,GGG,TX,ASW,CE,Combined TRACON& Tower with Radar,0,15,25,5,45,0,22,10,1,33,0,37,35,6,78,150,0,150,228
10/14/2021,GGG,TX,ASW,CE,Combined TRACON& Tower with Radar,0,12,36,2,50,0,27,15,0,42,0,39,51,2,92,212,0,212,304
10/15/2021,GGG,TX,ASW,CE,Combined TRACON& Tower with Radar,0,9,30,14,53,0,15,10,2,27,0,24,40,16,80,158,2,160,240
10/16/2021,GGG,TX,ASW,CE,Combined TRACON& Tower with Radar,0,9,27,14,50,0,37,28,2,67,0,46,55,16,117,100,0,100,217
10/17/2021,GGG,TX,ASW,CE,Combined TRACON& Tower with Radar,0,7,27,4,38,0,16,25,0,41,0,23,52,4,79,36,0,36,115
10/18/2021,GGG,TX,ASW,CE,Combined TRACON& Tower with Radar,0,9,21,9,39,0,55,27,0,82,0,64,48,9,121,172,0,172,293
10/19/2021,GGG,TX,ASW,CE,Combined TRACON& Tower with Radar,0,4,18,23,45,0,53,54,3,110,0,57,72,26,155,192,18,210,365
10/20/2021,GGG,TX,ASW,CE,Combined TRACON& Tower with Radar,0,7,34,0,41,0,50,46,0,96,0,57,80,0,137,298,0,298,435
10/21/2021,GGG,TX,ASW,CE,Combined TRACON& Tower with Radar,0,9,28,6,43,0,56,31,0,87,0,65,59,6,130,180,0,180,310
10/22/2021,GGG,TX,ASW,CE,Combined TRACON& Tower with Radar,2,9,15,72,98,0,56,42,5,103,2,65,57,77,201,196,12,208,409
10/23/2021,GGG,TX,ASW,CE,Combined TRACON& Tower with Radar,2,4,16,2,24,0,8,7,0,15,2,12,23,2,39,80,0,80,119
10/24/2021,GGG,TX,ASW,CE,Combined TRACON& Tower with Radar,0,5,25,13,43,0,4,11,0,15,0,9,36,13,58,0,0,0,58
10/25/2021,GGG,TX,ASW,CE,Combined TRACON& Tower with Radar,0,12,36,12,60,0,52,46,0,98,0,64,82,12,158,118,10,128,286
10/26/2021,GGG,TX,ASW,CE,Combined TRACON& Tower with Radar,2,11,29,29,71,0,26,13,0,39,2,37,42,29,110,282,0,282,392
10/27/2021,GGG,TX,ASW,CE,Combined TRACON& Tower with Radar,0,7,27,2,36,0,15,13,0,28,0,22,40,2,64,108,0,108,172
10/28/2021,GGG,TX,ASW,CE,Combined TRACON& Tower with Radar,0,6,19,37,62,0,4,8,0,12,0,10,27,37,74,8,8,16,90
10/29/2021,GGG,TX,ASW,CE,Combined TRACON& Tower with Radar,2,9,36,28,75,0,10,21,0,31,2,19,57,28,106,58,0,58,164
10/30/2021,GGG,TX,ASW,CE,Combined TRACON& Tower with Radar,0,8,23,2,33,0,30,37,2,69,0,38,60,4,102,100,0,100,202
10/31/2021,GGG,TX,ASW,CE,Combined TRACON& Tower with Radar,0,5,18,16,39,0,9,38,6,53,0,14,56,22,92,18,4,22,114
11/01/2021,GGG,TX,ASW,CE,Combined TRACON& Tower with Radar,0,12,13,21,46,0,33,28,2,63,0,45,41,23,109,266,6,272,381
11/02/2021,GGG,TX,ASW,CE,Combined TRACON& Tower with Radar,0,7,24,17,48,0,44,37,1,82,0,51,61,18,130,186,20,206,336
11/03/2021,GGG,TX,ASW,CE,Combined TRACON& Tower with Radar,0,11,20,0,31,0,0,0,0,0,0,11,20,0,31,0,0,0,31
11/04/2021,GGG,TX,ASW,CE,Combined TRACON& Tower with Radar,0,11,43,8,62,0,46,32,4,82,0,57,75,12,144,277,6,283,427
11/05/2021,GGG,TX,ASW,CE,Combined TRACON& Tower with Radar,1,12,35,42,90,0,41,72,4,117,1,53,107,46,207,378,0,378,585
11/06/2021,GGG,TX,ASW,CE,Combined TRACON& Tower with Radar,0,13,12,0,25,0,26,26,0,52,0,39,38,0,77,172,0,172,249
11/07/2021,GGG,TX,ASW,CE,Combined TRACON& Tower with Radar,0,3,31,8,42,0,9,19,2,30,0,12,50,10,72,8,0,8,80
11/08/2021,GGG,TX,ASW,CE,Combined TRACON& Tower with Radar,0,14,22,9,45,0,32,31,3,66,0,46,53,12,111,278,12,290,401
11/09/2021,GGG,TX,ASW,CE,Combined TRACON& Tower with Radar,0,8,21,0,29,0,38,26,0,64,0,46,47,0,93,274,0,274,367
11/10/2021,GGG,TX,ASW,CE,Combined TRACON& Tower with Radar,2,18,47,2,69,0,21,3,0,24,2,39,50,2,93,166,0,166,259
11/11/2021,GGG,TX,ASW,CE,Combined TRACON& Tower with Radar,0,17,28,0,45,0,28,37,0,65,0,45,65,0,110,134,0,134,244
11/12/2021,GGG,TX,ASW,CE,Combined TRACON& Tower with Radar,0,19,30,4,53,0,31,37,2,70,0,50,67,6,123,122,2,124,247
11/13/2021,GGG,TX,ASW,CE,Combined TRACON& Tower with Radar,0,12,13,2,27,0,23,24,0,47,0,35,37,2,74,74,0,74,148
11/14/2021,GGG,TX,ASW,CE,Combined TRACON& Tower with Radar,0,4,21,2,27,0,8,29,0,37,0,12,50,2,64,20,0,20,84
11/15/2021,GGG,TX,ASW,CE,Combined TRACON& Tower with Radar,0,16,36,19,71,0,21,29,0,50,0,37,65,19,121,94,8,102,223
11/16/2021,GGG,TX,ASW,CE,Combined TRACON& Tower with Radar,0,8,31,9,48,0,9,17,1,27,0,17,48,10,75,150,2,152,227
11/17/2021,GGG,TX,ASW,CE,Combined TRACON& Tower with Radar,0,24,21,10,55,0,17,34,0,51,0,41,55,10,106,38,0,38,144
11/18/2021,GGG,TX,ASW,CE,Combined TRACON& Tower with Radar,0,17,38,4,59,0,22,21,0,43,0,39,59,4,102,62,0,62,164
11/19/2021,GGG,TX,ASW,CE,Combined TRACON& Tower with Radar,0,13,30,18,61,0,35,53,0,88,0,48,83,18,149,202,4,206,355
11/20/2021,GGG,TX,ASW,CE,Combined TRACON& Tower with Radar,0,15,34,4,53,0,25,38,0,63,0,40,72,4,116,136,6,142,258
11/21/2021,GGG,TX,ASW,CE,Combined TRACON& Tower with Radar,0,5,26,0,31,0,3,1,0,4,0,8,27,0,35,6,0,6,41
11/22/2021,GGG,TX,ASW,CE,Combined TRACON& Tower with Radar,0,17,19,0,36,0,33,38,2,73,0,50,57,2,109,204,0,204,313
11/23/2021,GGG,TX,ASW,CE,Combined TRACON& Tower with Radar,0,21,32,6,59,0,30,43,2,75,0,51,75,8,134,220,0,220,354
11/24/2021,GGG,TX,ASW,CE,Combined TRACON& Tower with Radar,0,10,35,2,47,0,13,12,0,25,0,23,47,2,72,134,0,134,206
11/25/2021,GGG,TX,ASW,CE,Combined TRACON& Tower with Radar,0,6,7,0,13,0,2,7,0,9,0,8,14,0,22,0,0,0,22
11/26/2021,GGG,TX,ASW,CE,Combined TRACON& Tower with Radar,0,4,17,0,21,0,1,24,0,25,0,5,41,0,46,40,0,40,86
11/27/2021,GGG,TX,ASW,CE,Combined TRACON& Tower with Radar,0,11,25,0,36,0,5,15,0,20,0,16,40,0,56,38,0,38,94
11/28/2021,GGG,TX,ASW,CE,Combined TRACON& Tower with Radar,0,6,30,0,36,0,1,26,0,27,0,7,56,0,63,0,0,0,63
11/29/2021,GGG,TX,ASW,CE,Combined TRACON& Tower with Radar,0,22,18,40,80,0,38,32,1,71,0,60,50,41,151,210,14,224,375
11/30/2021,GGG,TX,ASW,CE,Combined TRACON& Tower with Radar,0,24,23,7,54,0,37,45,1,83,0,61,68,8,137,218,4,222,359
12/01/2021,GGG,TX,ASW,CE,Combined TRACON& Tower with Radar,0,20,30,0,50,0,22,34,0,56,0,42,64,0,106,56,0,56,162
12/02/2021,GGG,TX,ASW,CE,Combined TRACON& Tower with Radar,0,17,35,0,52,0,28,23,0,51,0,45,58,0,103,184,0,184,287
12/03/2021,GGG,TX,ASW,CE,Combined TRACON& Tower with Radar,0,12,41,39,92,0,4,2,0,6,0,16,43,39,98,40,12,52,150
12/04/2021,GGG,TX,ASW,CE,Combined TRACON& Tower with Radar,0,13,33,3,49,0,8,10,0,18,0,21,43,3,67,16,0,16,83
12/05/2021,GGG,TX,ASW,CE,Combined TRACON& Tower with Radar,0,3,33,0,36,0,0,11,0,11,0,3,44,0,47,6,0,6,53
12/06/2021,GGG,TX,ASW,CE,Combined TRACON& Tower with Radar,0,11,25,2,38,0,21,13,0,34,0,32,38,2,72,82,0,82,154
12/07/2021,GGG,TX,ASW,CE,Combined TRACON& Tower with Radar,0,15,28,0,43,0,23,15,0,38,0,38,43,0,81,232,0,232,313
12/08/2021,GGG,TX,ASW,CE,Combined TRACON& Tower with Radar,0,19,32,24,75,0,17,18,2,37,0,36,50,26,112,176,8,184,296
12/09/2021,GGG,TX,ASW,CE,Combined TRACON& Tower with Radar,0,17,31,2,50,0,9,7,0,16,0,26,38,2,66,32,0,32,98
12/10/2021,GGG,TX,ASW,CE,Combined TRACON& Tower with Radar,0,7,28,6,41,0,3,12,0,15,0,10,40,6,56,64,0,64,120
12/11/2021,GGG,TX,ASW,CE,Combined TRACON& Tower with Radar,0,7,14,15,36,0,28,18,3,49,0,35,32,18,85,72,10,82,167
12/12/2021,GGG,TX,ASW,CE,Combined TRACON& Tower with Radar,0,8,15,0,23,1,8,32,0,41,1,16,47,0,64,4,0,4,68
12/13/2021,GGG,TX,ASW,CE,Combined TRACON& Tower with Radar,0,11,17,11,39,0,21,33,3,57,0,32,50,14,96,184,8,192,288
12/14/2021,GGG,TX,ASW,CE,Combined TRACON& Tower with Radar,2,10,39,8,59,0,2,3,0,5,2,12,42,8,64,0,0,0,64
12/15/2021,GGG,TX,ASW,CE,Combined TRACON& Tower with Radar,0,14,33,2,49,0,8,10,0,18,0,22,43,2,67,28,0,28,95
12/16/2021,GGG,TX,ASW,CE,Combined TRACON& Tower with Radar,0,9,31,13,53,0,6,5,0,11,0,15,36,13,64,72,8,80,144
12/17/2021,GGG,TX,ASW,CE,Combined TRACON& Tower with Radar,0,18,32,43,93,0,14,18,5,37,0,32,50,48,130,46,4,50,180
12/18/2021,GGG,TX,ASW,CE,Combined TRACON& Tower with Radar,0,5,20,0,25,0,0,0,0,0,0,5,20,0,25,0,0,0,25
12/19/2021,GGG,TX,ASW,CE,Combined TRACON& Tower with Radar,0,8,26,19,53,0,4,21,0,25,0,12,47,19,78,14,2,16,94
12/20/2021,GGG,TX,ASW,CE,Combined TRACON& Tower with Radar,0,11,22,0,33,0,0,1,0,1,0,11,23,0,34,18,0,18,52
12/21/2021,GGG,TX,ASW,CE,Combined TRACON& Tower with Radar,0,8,31,2,41,0,7,39,0,46,0,15,70,2,87,14,6,20,107
12/22/2021,GGG,TX,ASW,CE,Combined TRACON& Tower with Radar,0,5,27,0,32,0,3,23,0,26,0,8,50,0,58,28,0,28,86
12/23/2021,GGG,TX,ASW,CE,Combined TRACON& Tower with Radar,0,8,27,0,35,0,7,29,0,36,0,15,56,0,71,0,0,0,71
12/24/2021,GGG,TX,ASW,CE,Combined TRACON& Tower with Radar,0,4,4,0,8,0,1,2,0,3,0,5,6,0,11,0,0,0,11
12/25/2021,GGG,TX,ASW,CE,Combined TRACON& Tower with Radar,0,1,0,0,1,0,2,4,0,6,0,3,4,0,7,0,0,0,7
12/26/2021,GGG,TX,ASW,CE,Combined TRACON& Tower with Radar,0,5,20,0,25,0,2,8,0,10,0,7,28,0,35,0,0,0,35
12/27/2021,GGG,TX,ASW,CE,Combined TRACON& Tower with Radar,0,7,21,0,28,0,2,22,0,24,0,9,43,0,52,6,0,6,58
12/28/2021,GGG,TX,ASW,CE,Combined TRACON& Tower with Radar,0,7,18,2,27,0,1,8,0,9,0,8,26,2,36,16,10,26,62
12/29/2021,GGG,TX,ASW,CE,Combined TRACON& Tower with Radar,0,9,23,0,32,0,1,9,0,10,0,10,32,0,42,8,0,8,50
12/30/2021,GGG,TX,ASW,CE,Combined TRACON& Tower with Radar,0,5,35,5,45,0,2,27,0,29,0,7,62,5,74,8,0,8,82
12/31/2021,GGG,TX,ASW,CE,Combined TRACON& Tower with Radar,0,5,25,0,30,0,0,1,0,1,0,5,26,0,31,10,0,10,41
01/01/2022,GGG,TX,ASW,CE,Combined TRACON& Tower with Radar,0,1,6,0,7,0,0,5,0,5,0,1,11,0,12,16,0,16,28
01/02/2022,GGG,TX,ASW,CE,Combined TRACON& Tower with Radar,0,4,19,0,23,0,0,9,0,9,0,4,28,0,32,0,0,0,32
01/03/2022,GGG,TX,ASW,CE,Combined TRACON& Tower with Radar,0,9,17,3,29,0,16,20,0,36,0,25,37,3,65,76,0,76,141
01/04/2022,GGG,TX,ASW,CE,Combined TRACON& Tower with Radar,0,6,28,0,34,0,17,19,0,36,0,23,47,0,70,70,0,70,140
01/05/2022,GGG,TX,ASW,CE,Combined TRACON& Tower with Radar,0,9,15,6,30,0,5,15,2,22,0,14,30,8,52,42,0,42,94
01/06/2022,GGG,TX,ASW,CE,Combined TRACON& Tower with Radar,0,9,19,9,37,0,10,13,0,23,0,19,32,9,60,76,6,82,142
01/07/2022,GGG,TX,ASW,CE,Combined TRACON& Tower with Radar,0,4,17,9,30,0,5,31,1,37,0,9,48,10,67,22,6,28,95
01/08/2022,GGG,TX,ASW,CE,Combined TRACON& Tower with Radar,0,3,12,0,15,0,0,0,0,0,0,3,12,0,15,0,0,0,15
01/09/2022,GGG,TX,ASW,CE,Combined TRACON& Tower with Radar,0,3,26,0,29,0,0,11,0,11,0,3,37,0,40,2,0,2,42
01/10/2022,GGG,TX,ASW,CE,Combined TRACON& Tower with Radar,0,11,19,0,30,0,22,34,0,56,0,33,53,0,86,92,0,92,178
01/11/2022,GGG,TX,ASW,CE,Combined TRACON& Tower with Radar,0,4,22,44,70,0,16,36,1,53,0,20,58,45,123,54,60,114,237
01/12/2022,GGG,TX,ASW,CE,Combined TRACON& Tower with Radar,0,6,12,40,58,0,45,24,0,69,0,51,36,40,127,120,0,120,247
01/13/2022,GGG,TX,ASW,CE,Combined TRACON& Tower with Radar,0,6,28,19,53,0,29,55,0,84,0,35,83,19,137,82,12,94,231
01/14/2022,GGG,TX,ASW,CE,Combined TRACON& Tower with Radar,0,15,24,34,73,0,49,48,0,97,0,64,72,34,170,144,16,160,330
01/15/2022,GGG,TX,ASW,CE,Combined TRACON& Tower with Radar,0,4,8,0,12,0,0,3,0,3,0,4,11,0,15,10,0,10,25
01/16/2022,GGG,TX,ASW,CE,Combined TRACON& Tower with Radar,0,5,25,7,37,0,15,24,0,39,0,20,49,7,76,22,6,28,104
01/17/2022,GGG,TX,ASW,CE,Combined TRACON& Tower with Radar,0,5,24,0,29,0,4,40,0,44,0,9,64,0,73,6,0,6,79
01/18/2022,GGG,TX,ASW,CE,Combined TRACON& Tower with Radar,0,6,24,20,50,0,32,25,0,57,0,38,49,20,107,26,4,30,137
01/19/2022,GGG,TX,ASW,CE,Combined TRACON& Tower with Radar,0,11,19,0,30,0,18,3,0,21,0,29,22,0,51,106,0,106,157
01/20/2022,GGG,TX,ASW,CE,Combined TRACON& Tower with Radar,0,10,28,0,38,0,45,13,0,58,0,55,41,0,96,102,0,102,198
01/21/2022,GGG,TX,ASW,CE,Combined TRACON& Tower with Radar,0,6,25,9,40,0,67,46,1,114,0,73,71,10,154,70,0,70,224
01/22/2022,GGG,TX,ASW,CE,Combined TRACON& Tower with Radar,0,12,14,14,40,0,36,27,6,69,0,48,41,20,109,66,0,66,175
01/23/2022,GGG,TX,ASW,CE,Combined TRACON& Tower with Radar,0,3,20,9,32,0,13,28,0,41,0,16,48,9,73,14,2,16,89
01/24/2022,GGG,TX,ASW,CE,Combined TRACON& Tower with Radar,0,13,21,0,34,0,24,7,0,31,0,37,28,0,65,119,0,119,184
01/25/2022,GGG,TX,ASW,CE,Combined TRACON& Tower with Radar,0,8,32,0,40,0,29,17,0,46,0,37,49,0,86,106,0,106,192
01/26/2022,GGG,TX,ASW,CE,Combined TRACON& Tower with Radar,0,8,35,13,56,0,79,49,0,128,0,87,84,13,184,46,4,50,234
01/27/2022,GGG,TX,ASW,CE,Combined TRACON& Tower with Radar,0,7,37,12,56,0,81,45,0,126,0,88,82,12,182,180,8,188,370
01/28/2022,GGG,TX,ASW,CE,Combined TRACON& Tower with Radar,0,9,36,49,94,0,48,28,5,81,0,57,64,54,175,116,22,138,313
01/29/2022,GGG,TX,ASW,CE,Combined TRACON& Tower with Radar,0,8,21,14,43,0,42,35,1,78,0,50,56,15,121,76,20,96,217
01/30/2022,GGG,TX,ASW,CE,Combined TRACON& Tower with Radar,0,7,28,14,49,0,21,29,1,51,0,28,57,15,100,0,6,6,106
01/31/2022,GGG,TX,ASW,CE,Combined TRACON& Tower with Radar,0,13,39,0,52,0,28,9,0,37,0,41,48,0,89,48,0,48,137
02/01/2022,GGG,TX,ASW,CE,Combined TRACON& Tower with Radar,0,6,34,8,48,0,18,9,0,27,0,24,43,8,75,186,0,186,261
02/02/2022,GGG,TX,ASW,CE,Combined TRACON& Tower with Radar,0,12,25,0,37,0,0,0,0,0,0,12,25,0,37,18,0,18,55
02/03/2022,GGG,TX,ASW,CE,Combined TRACON& Tower with Radar,0,0,2,0,2,0,0,0,0,0,0,0,2,0,2,0,0,0,2
02/04/2022,GGG,TX,ASW,CE,Combined TRACON& Tower with Radar,0,1,15,4,20,0,2,3,0,5,0,3,18,4,25,0,0,0,25
02/05/2022,GGG,TX,ASW,CE,Combined TRACON& Tower with Radar,0,6,21,8,35,0,35,41,0,76,0,41,62,8,111,84,10,94,205
02/06/2022,GGG,TX,ASW,CE,Combined TRACON& Tower with Radar,0,3,29,0,32,0,12,23,2,37,0,15,52,2,69,18,0,18,87
02/07/2022,GGG,TX,ASW,CE,Combined TRACON& Tower with Radar,0,7,19,15,41,1,82,33,6,122,1,89,52,21,163,108,6,114,277
02/08/2022,GGG,TX,ASW,CE,Combined TRACON& Tower with Radar,0,7,34,2,43,0,71,50,4,125,0,78,84,6,168,142,2,144,312
02/09/2022,GGG,TX,ASW,CE,Combined TRACON& Tower with Radar,0,10,30,14,54,0,75,37,0,112,0,85,67,14,166,100,0,100,266
02/10/2022,GGG,TX,ASW,CE,Combined TRACON& Tower with Radar,0,4,29,23,56,3,81,49,0,133,3,85,78,23,189,112,0,112,301
02/11/2022,GGG,TX,ASW,CE,Combined TRACON& Tower with Radar,0,11,25,30,66,0,58,34,0,92,0,69,59,30,158,230,16,246,404
02/12/2022,GGG,TX,ASW,CE,Combined TRACON& Tower with Radar,0,5,24,0,29,0,2,5,0,7,0,7,29,0,36,0,0,0,36
02/13/2022,GGG,TX,ASW,CE,Combined TRACON& Tower with Radar,0,5,14,0,19,2,11,22,0,35,2,16,36,0,54,54,0,54,108
02/14/2022,GGG,TX,ASW,CE,Combined TRACON& Tower with Radar,0,6,25,11,42,0,76,39,1,116,0,82,64,12,158,186,4,190,348
02/15/2022,GGG,TX,ASW,CE,Combined TRACON& Tower with Radar,0,3,19,17,39,0,70,35,3,108,0,73,54,20,147,152,2,154,301
02/16/2022,GGG,TX,ASW,CE,Combined TRACON& Tower with Radar,0,8,32,4,44,0,19,3,0,22,0,27,35,4,66,80,0,80,146
02/17/2022,GGG,TX,ASW,CE,Combined TRACON& Tower with Radar,0,3,41,0,44,0,0,0,0,0,0,3,41,0,44,20,0,20,64
02/18/2022,GGG,TX,ASW,CE,Combined TRACON& Tower with Radar,1,5,28,25,59,1,86,45,0,132,2,91,73,25,191,158,6,164,355
02/19/2022,GGG,TX,ASW,CE,Combined TRACON& Tower with Radar,1,5,24,5,35,0,44,37,0,81,1,49,61,5,116,36,8,44,160
02/20/2022,GGG,TX,ASW,CE,Combined TRACON& Tower with Radar,0,5,22,6,33,0,20,14,1,35,0,25,36,7,68,18,0,18,86
02/21/2022,GGG,TX,ASW,CE,Combined TRACON& Tower with Radar,0,14,16,0,30,0,5,5,0,10,0,19,21,0,40,0,0,0,40
02/22/2022,GGG,TX,ASW,CE,Combined TRACON& Tower with Radar,0,16,27,20,63,0,37,20,1,58,0,53,47,21,121,42,8,50,171
02/23/2022,GGG,TX,ASW,CE,Combined TRACON& Tower with Radar,0,8,13,3,24,0,0,0,1,1,0,8,13,4,25,54,0,54,79
02/24/2022,GGG,TX,ASW,CE,Combined TRACON& Tower with Radar,0,7,10,1,18,0,0,0,0,0,0,7,10,1,18,0,0,0,18
02/25/2022,GGG,TX,ASW,CE,Combined TRACON& Tower with Radar,0,3,31,2,36,0,45,22,0,67,0,48,53,2,103,340,0,340,443
02/26/2022,GGG,TX,ASW,CE,Combined TRACON& Tower with Radar,0,5,8,15,28,0,0,0,0,0,0,5,8,15,28,0,0,0,28
02/27/2022,GGG,TX,ASW,CE,Combined TRACON& Tower with Radar,0,4,28,0,32,0,22,27,4,53,0,26,55,4,85,40,4,44,129
02/28/2022,GGG,TX,ASW,CE,Combined TRACON& Tower with Radar,0,10,31,21,62,0,78,42,3,123,0,88,73,24,185,166,0,166,351
03/01/2022,GGG,TX,ASW,CE,Combined TRACON& Tower with Radar,1,14,35,6,56,0,78,41,0,119,1,92,76,6,175,208,6,214,389
03/02/2022,GGG,TX,ASW,CE,Combined TRACON& Tower with Radar,0,9,38,33,80,0,81,38,3,122,0,90,76,36,202,196,0,196,398
03/03/2022,GGG,TX,ASW,CE,Combined TRACON& Tower with Radar,0,12,44,16,72,0,80,56,0,136,0,92,100,16,208,252,18,270,478
03/04/2022,GGG,TX,ASW,CE,Combined TRACON& Tower with Radar,0,8,22,39,69,0,59,23,3,85,0,67,45,42,154,153,27,180,334
03/05/2022,GGG,TX,ASW,CE,Combined TRACON& Tower with Radar,0,14,27,42,83,36,10,92,0,138,36,24,119,42,221,106,12,118,339
03/06/2022,GGG,TX,ASW,CE,Combined TRACON& Tower with Radar,0,6,28,1,35,0,2,5,2,9,0,8,33,3,44,22,6,28,72
03/07/2022,GGG,TX,ASW,CE,Combined TRACON& Tower with Radar,0,19,24,17,60,0,39,26,0,65,0,58,50,17,125,264,8,272,397
03/08/2022,GGG,TX,ASW,CE,Combined TRACON& Tower with Radar,1,6,23,2,32,0,11,0,0,11,1,17,23,2,43,94,0,94,137
03/09/2022,GGG,TX,ASW,CE,Combined TRACON& Tower with Radar,0,14,28,34,76,0,33,19,1,53,0,47,47,35,129,124,12,136,265
03/10/2022,GGG,TX,ASW,CE,Combined TRACON& Tower with Radar,0,5,49,56,110,0,72,51,2,125,0,77,100,58,235,258,6,264,499
03/11/2022,GGG,TX,ASW,CE,Combined TRACON& Tower with Radar,0,9,22,23,54,0,24,14,1,39,0,33,36,24,93,96,8,104,197
03/12/2022,GGG,TX,ASW,CE,Combined TRACON& Tower with Radar,2,8,25,0,35,0,18,41,1,60,2,26,66,1,95,54,0,54,149
03/13/2022,GGG,TX,ASW,CE,Combined TRACON& Tower with Radar,0,5,23,15,43,0,12,11,0,23,0,17,34,15,66,22,2,24,90
03/14/2022,GGG,TX,ASW,CE,Combined TRACON& Tower with Radar,0,8,16,44,68,0,15,4,0,19,0,23,20,44,87,154,6,160,247
03/15/2022,GGG,TX,ASW,CE,Combined TRACON& Tower with Radar,0,15,26,2,43,0,0,4,0,4,0,15,30,2,47,0,0,0,47
03/16/2022,GGG,TX,ASW,CE,Combined TRACON& Tower with Radar,0,10,29,4,43,0,37,39,0,76,0,47,68,4,119,124,0,124,243
03/17/2022,GGG,TX,ASW,CE,Combined TRACON& Tower with Radar,2,13,16,4,35,0,28,27,2,57,2,41,43,6,92,156,0,156,248
03/18/2022,GGG,TX,ASW,CE,Combined TRACON& Tower with Radar,0,9,21,26,56,0,14,18,4,36,0,23,39,30,92,54,22,76,168
03/19/2022,GGG,TX,ASW,CE,Combined TRACON& Tower with Radar,0,12,34,8,54,0,27,32,0,59,0,39,66,8,113,74,0,74,187
03/20/2022,GGG,TX,ASW,CE,Combined TRACON& Tower with Radar,2,3,22,18,45,0,3,29,2,34,2,6,51,20,79,12,0,12,91
03/21/2022,GGG,TX,ASW,CE,Combined TRACON& Tower with Radar,0,12,7,0,19,0,4,2,0,6,0,16,9,0,25,14,0,14,39
03/22/2022,GGG,TX,ASW,CE,Combined TRACON& Tower with Radar,0,8,24,5,37,0,4,7,1,12,0,12,31,6,49,76,0,76,125
03/23/2022,GGG,TX,ASW,CE,Combined TRACON& Tower with Radar,0,13,30,20,63,0,38,27,5,70,0,51,57,25,133,176,16,192,325
03/24/2022,GGG,TX,ASW,CE,Combined TRACON& Tower with Radar,0,9,28,14,51,0,78,32,4,114,0,87,60,18,165,230,8,238,403
03/25/2022,GGG,TX,ASW,CE,Combined TRACON& Tower with Radar,0,22,26,39,87,0,67,67,0,134,0,89,93,39,221,210,16,226,447
03/26/2022,GGG,TX,ASW,CE,Combined TRACON& Tower with Radar,0,15,14,17,46,0,47,43,3,93,0,62,57,20,139,176,10,186,325
03/27/2022,GGG,TX,ASW,CE,Combined TRACON& Tower with Radar,0,5,33,9,47,0,13,32,0,45,0,18,65,9,92,34,0,34,126
03/28/2022,GGG,TX,ASW,CE,Combined TRACON& Tower with Radar,0,16,38,28,82,0,37,39,3,79,0,53,77,31,161,186,14,200,361
03/29/2022,GGG,TX,ASW,CE,Combined TRACON& Tower with Radar,0,16,21,4,41,0,12,4,0,16,0,28,25,4,57,236,0,236,293
03/30/2022,GGG,TX,ASW,CE,Combined TRACON& Tower with Radar,0,8,12,2,22,0,8,6,0,14,0,16,18,2,36,76,0,76,112
03/31/2022,GGG,TX,ASW,CE,Combined TRACON& Tower with Radar,0,13,40,6,59,0,71,36,2,109,0,84,76,8,168,282,0,282,450
04/01/2022,GGG,TX,ASW,CE,Combined TRACON& Tower with Radar,0,20,33,18,71,4,57,49,4,114,4,77,82,22,185,316,6,322,507
04/02/2022,GGG,TX,ASW,CE,Combined TRACON& Tower with Radar,0,7,22,38,67,2,32,54,15,103,2,39,76,53,170,192,18,210,380
04/03/2022,GGG,TX,ASW,CE,Combined TRACON& Tower with Radar,0,5,17,2,24,1,11,27,2,41,1,16,44,4,65,50,0,50,115
04/04/2022,GGG,TX,ASW,CE,Combined TRACON& Tower with Radar,0,22,30,5,57,0,34,15,0,49,0,56,45,5,106,384,8,392,498
04/05/2022,GGG,TX,ASW,CE,Combined TRACON& Tower with Radar,0,15,25,6,46,0,38,20,0,58,0,53,45,6,104,334,4,338,442
04/06/2022,GGG,TX,ASW,CE,Combined TRACON& Tower with Radar,0,20,23,4,47,0,22,12,0,34,0,42,35,4,81,200,4,204,285
04/07/2022,GGG,TX,ASW,CE,Combined TRACON& Tower with Radar,0,7,19,3,29,0,36,37,1,74,0,43,56,4,103,160,0,160,263
04/08/2022,GGG,TX,ASW,CE,Combined TRACON& Tower with Radar,0,20,22,6,48,0,24,22,2,48,0,44,44,8,96,76,0,76,172
04/09/2022,GGG,TX,ASW,CE,Combined TRACON& Tower with Radar,0,12,15,6,33,0,38,38,0,76,0,50,53,6,109,226,0,226,335
04/10/2022,GGG,TX,ASW,CE,Combined TRACON& Tower with Radar,0,8,22,4,34,0,0,6,2,8,0,8,28,6,42,26,0,26,68
04/11/2022,GGG,TX,ASW,CE,Combined TRACON& Tower with Radar,0,15,22,5,42,0,18,8,1,27,0,33,30,6,69,170,0,170,239
04/12/2022,GGG,TX,ASW,CE,Combined TRACON& Tower with Radar,0,26,25,6,57,0,21,7,0,28,0,47,32,6,85,266,0,266,351
04/13/2022,GGG,TX,ASW,CE,Combined TRACON& Tower with Radar,0,9,10,0,19,0,0,2,0,2,0,9,12,0,21,8,0,8,29
04/14/2022,GGG,TX,ASW,CE,Combined TRACON& Tower with Radar,0,19,45,14,78,0,57,60,3,120,0,76,105,17,198,250,28,278,476
04/15/2022,GGG,TX,ASW,CE,Combined TRACON& Tower with Radar,0,9,37,7,53,0,5,7,0,12,0,14,44,7,65,68,0,68,133
04/16/2022,GGG,TX,ASW,CE,Combined TRACON& Tower with Radar,2,11,23,0,36,0,2,1,0,3,2,13,24,0,39,16,0,16,55
04/17/2022,GGG,TX,ASW,CE,Combined TRACON& Tower with Radar,0,5,11,0,16,0,0,0,0,0,0,5,11,0,16,0,0,0,16
04/18/2022,GGG,TX,ASW,CE,Combined TRACON& Tower with Radar,0,18,52,35,105,0,33,19,1,53,0,51,71,36,158,202,16,218,376
04/19/2022,GGG,TX,ASW,CE,Combined TRACON& Tower with Radar,0,28,30,2,60,0,45,39,4,88,0,73,69,6,148,296,0,296,444
04/20/2022,GGG,TX,ASW,CE,Combined TRACON& Tower with Radar,2,25,26,18,71,0,6,9,0,15,2,31,35,18,86,142,0,142,228
04/21/2022,GGG,TX,ASW,CE,Combined TRACON& Tower with Radar,0,26,32,32,90,0,22,12,0,34,0,48,44,32,124,318,0,318,442
04/22/2022,GGG,TX,ASW,CE,Combined TRACON& Tower with Radar,0,22,43,72,137,0,36,27,1,64,0,58,70,73,201,90,0,90,291
04/23/2022,GGG,TX,ASW,CE,Combined TRACON& Tower with Radar,0,9,19,8,36,0,11,19,0,30,0,20,38,8,66,38,0,38,104
04/24/2022,GGG,TX,ASW,CE,Combined TRACON& Tower with Radar,0,4,25,2,31,0,11,8,0,19,0,15,33,2,50,24,0,24,74
04/25/2022,GGG,TX,ASW,CE,Combined TRACON& Tower with Radar,0,12,16,0,28,0,0,0,0,0,0,12,16,0,28,0,0,0,28
04/26/2022,GGG,TX,ASW,CE,Combined TRACON& Tower with Radar,0,22,24,30,76,0,58,49,1,108,0,80,73,31,184,432,12,444,628
04/27/2022,GGG,TX,ASW,CE,Combined TRACON& Tower with Radar,0,12,28,45,85,0,39,54,2,95,0,51,82,47,180,308,6,314,494
04/28/2022,GGG,TX,ASW,CE,Combined TRACON& Tower with Radar,0,15,37,5,57,0,49,49,1,99,0,64,86,6,156,324,0,324,480
04/29/2022,GGG,TX,ASW,CE,Combined TRACON& Tower with Radar,0,26,37,12,75,0,20,14,3,37,0,46,51,15,112,146,8,154,266
04/30/2022,GGG,TX,ASW,CE,Combined TRACON& Tower with Radar,0,9,17,0,26,1,6,4,0,11,1,15,21,0,37,48,0,48,85
05/01/2022,GGG,TX,ASW,CE,Combined TRACON& Tower with Radar,0,6,30,3,39,0,8,33,0,41,0,14,63,3,80,34,0,34,114
05/02/2022,GGG,TX,ASW,CE,Combined TRACON& Tower with Radar,0,16,30,6,52,0,9,19,0,28,0,25,49,6,80,186,0,186,266
05/03/2022,GGG,TX,ASW,CE,Combined TRACON& Tower with Radar,0,12,23,2,37,0,20,23,0,43,0,32,46,2,80,190,0,190,270
05/04/2022,GGG,TX,ASW,CE,Combined TRACON& Tower with Radar,0,13,24,0,37,0,30,20,0,50,0,43,44,0,87,154,0,154,241
05/05/2022,GGG,TX,ASW,CE,Combined TRACON& Tower with Radar,0,5,25,0,30,0,0,0,0,0,0,5,25,0,30,38,0,38,68
05/06/2022,GGG,TX,ASW,CE,Combined TRACON& Tower with Radar,0,18,33,26,77,0,37,33,1,71,0,55,66,27,148,218,6,224,372
05/07/2022,GGG,TX,ASW,CE,Combined TRACON& Tower with Radar,0,11,21,2,34,0,9,22,0,31,0,20,43,2,65,148,4,152,217
05/08/2022,GGG,TX,ASW,CE,Combined TRACON& Tower with Radar,0,7,32,4,43,0,3,13,0,16,0,10,45,4,59,18,0,18,77
05/09/2022,GGG,TX,ASW,CE,Combined TRACON& Tower with Radar,0,19,34,18,71,0,26,18,2,46,0,45,52,20,117,94,0,94,211
05/10/2022,GGG,TX,ASW,CE,Combined TRACON& Tower with Radar,0,11,22,12,45,0,18,30,0,48,0,29,52,12,93,306,0,306,399
05/11/2022,GGG,TX,ASW,CE,Combined TRACON& Tower with Radar,0,18,36,25,79,0,21,38,4,63,0,39,74,29,142,216,12,228,370
05/12/2022,GGG,TX,ASW,CE,Combined TRACON& Tower with Radar,0,11,38,17,66,0,39,56,0,95,0,50,94,17,161,270,2,272,433
05/13/2022,GGG,TX,ASW,CE,Combined TRACON& Tower with Radar,0,9,30,2,41,0,14,27,0,41,0,23,57,2,82,150,0,150,232
05/14/2022,GGG,TX,ASW,CE,Combined TRACON& Tower with Radar,0,6,22,16,44,0,11,27,2,40,0,17,49,18,84,72,0,72,156
05/15/2022,GGG,TX,ASW,CE,Combined TRACON& Tower with Radar,0,6,28,4,38,0,4,18,0,22,0,10,46,4,60,12,0,12,72
05/16/2022,GGG,TX,ASW,CE,Combined TRACON& Tower with Radar,0,10,30,16,56,0,27,42,0,69,0,37,72,16,125,170,0,170,295
05/17/2022,GGG,TX,ASW,CE,Combined TRACON& Tower with Radar,0,11,20,13,44,0,43,35,1,79,0,54,55,14,123,128,12,140,263
05/18/2022,GGG,TX,ASW,CE,Combined TRACON& Tower with Radar,0,9,32,0,41,0,36,29,2,67,0,45,61,2,108,148,0,148,256
05/19/2022,GGG,TX,ASW,CE,Combined TRACON& Tower with Radar,0,16,46,18,80,0,21,22,0,43,0,37,68,18,123,162,0,162,285
05/20/2022,GGG,TX,ASW,CE,Combined TRACON& Tower with Radar,0,21,26,11,58,0,26,18,0,44,0,47,44,11,102,104,0,104,206
05/21/2022,GGG,TX,ASW,CE,Combined TRACON& Tower with Radar,0,11,27,0,38,0,9,11,0,20,0,20,38,0,58,18,0,18,76
05/22/2022,GGG,TX,ASW,CE,Combined TRACON& Tower with Radar,0,6,24,0,30,0,1,0,0,1,0,7,24,0,31,0,0,0,31
05/23/2022,GGG,TX,ASW,CE,Combined TRACON& Tower with Radar,0,12,24,22,58,0,1,8,0,9,0,13,32,22,67,94,0,94,161
05/24/2022,GGG,TX,ASW,CE,Combined TRACON& Tower with Radar,0,5,16,0,21,0,2,0,0,2,0,7,16,0,23,22,0,22,45
05/25/2022,GGG,TX,ASW,CE,Combined TRACON& Tower with Radar,0,21,28,0,49,0,29,12,0,41,0,50,40,0,90,92,0,92,182
05/26/2022,GGG,TX,ASW,CE,Combined TRACON& Tower with Radar,0,22,36,17,75,0,52,59,0,111,0,74,95,17,186,124,14,138,324
05/27/2022,GGG,TX,ASW,CE,Combined TRACON& Tower with Radar,0,13,37,0,50,0,63,35,0,98,0,76,72,0,148,196,0,196,344
05/28/2022,GGG,TX,ASW,CE,Combined TRACON& Tower with Radar,0,4,17,0,21,0,24,37,0,61,0,28,54,0,82,108,0,108,190
05/29/2022,GGG,TX,ASW,CE,Combined TRACON& Tower with Radar,2,3,21,0,26,0,5,13,0,18,2,8,34,0,44,16,0,16,60
05/30/2022,GGG,TX,ASW,CE,Combined TRACON& Tower with Radar,0,5,20,2,27,0,4,20,0,24,0,9,40,2,51,12,0,12,63
05/31/2022,GGG,TX,ASW,CE,Combined TRACON& Tower with Radar,0,13,38,14,65,0,36,36,3,75,0,49,74,17,140,118,16,134,274
06/01/2022,GGG,TX,ASW,CE,Combined TRACON& Tower with Radar,4,18,34,16,72,0,34,17,0,51,4,52,51,16,123,236,6,242,365
06/02/2022,GGG,TX,ASW,CE,Combined TRACON& Tower with Radar,2,11,32,1,46,0,22,20,1,43,2,33,52,2,89,164,0,164,253
06/03/2022,GGG,TX,ASW,CE,Combined TRACON& Tower with Radar,0,14,34,61,109,0,30,25,0,55,0,44,59,61,164,214,48,262,426
06/04/2022,GGG,TX,ASW,CE,Combined TRACON& Tower with Radar,0,4,13,32,49,0,27,29,0,56,0,31,42,32,105,76,10,86,191
06/05/2022,GGG,TX,ASW,CE,Combined TRACON& Tower with Radar,0,7,28,2,37,1,0,10,6,17,1,7,38,8,54,14,0,14,68
06/06/2022,GGG,TX,ASW,CE,Combined TRACON& Tower with Radar,0,15,32,38,85,0,35,25,7,67,0,50,57,45,152,340,18,358,510
06/07/2022,GGG,TX,ASW,CE,Combined TRACON& Tower with Radar,0,15,44,31,90,0,40,29,8,77,0,55,73,39,167,286,30,316,483
06/08/2022,GGG,TX,ASW,CE,Combined TRACON& Tower with Radar,0,12,40,0,52,0,34,21,0,55,0,46,61,0,107,228,0,228,335
06/09/2022,GGG,TX,ASW,CE,Combined TRACON& Tower with Radar,0,9,49,12,70,0,48,43,0,91,0,57,92,12,161,182,0,182,343
06/10/2022,GGG,TX,ASW,CE,Combined TRACON& Tower with Radar,0,10,32,15,57,0,34,36,0,70,0,44,68,15,127,212,2,214,341
06/11/2022,GGG,TX,ASW,CE,Combined TRACON& Tower with Radar,0,6,27,10,43,0,13,17,3,33,0,19,44,13,76,22,0,22,98
06/12/2022,GGG,TX,ASW,CE,Combined TRACON& Tower with Radar,0,4,54,1,59,0,5,33,5,43,0,9,87,6,102,14,0,14,116
06/13/2022,GGG,TX,ASW,CE,Combined TRACON& Tower with Radar,0,15,22,23,60,0,32,39,1,72,0,47,61,24,132,186,6,192,324
06/14/2022,GGG,TX,ASW,CE,Combined TRACON& Tower with Radar,0,11,26,18,55,0,23,29,1,53,0,34,55,19,108,150,24,174,282
06/15/2022,GGG,TX,ASW,CE,Combined TRACON& Tower with Radar,0,25,31,41,97,0,16,19,2,37,0,41,50,43,134,146,14,160,294
06/16/2022,GGG,TX,ASW,CE,Combined TRACON& Tower with Radar,0,11,33,9,53,3,31,29,8,71,3,42,62,17,124,78,0,78,202
06/17/2022,GGG,TX,ASW,CE,Combined TRACON& Tower with Radar,0,8,25,31,64,0,28,28,4,60,0,36,53,35,124,116,0,116,240
06/18/2022,GGG,TX,ASW,CE,Combined TRACON& Tower with Radar,0,5,23,0,28,0,11,30,2,43,0,16,53,2,71,66,0,66,137
06/19/2022,GGG,TX,ASW,CE,Combined TRACON& Tower with Radar,0,3,13,0,16,0,8,20,0,28,0,11,33,0,44,4,0,4,48
06/20/2022,GGG,TX,ASW,CE,Combined TRACON& Tower with Radar,0,6,19,0,25,0,3,42,0,45,0,9,61,0,70,68,0,68,138
06/21/2022,GGG,TX,ASW,CE,Combined TRACON& Tower with Radar,0,13,25,2,40,0,40,27,2,69,0,53,52,4,109,276,8,284,393
06/22/2022,GGG,TX,ASW,CE,Combined TRACON& Tower with Radar,0,7,20,47,74,1,32,31,4,68,1,39,51,51,142,108,34,142,284
06/23/2022,GGG,TX,ASW,CE,Combined TRACON& Tower with Radar,0,6,25,24,55,0,24,18,1,43,0,30,43,25,98,200,10,210,308
06/24/2022,GGG,TX,ASW,CE,Combined TRACON& Tower with Radar,0,6,31,29,66,0,27,33,3,63,0,33,64,32,129,102,2,104,233
06/25/2022,GGG,TX,ASW,CE,Combined TRACON& Tower with Radar,0,7,20,25,52,0,16,38,1,55,0,23,58,26,107,10,12,22,129
06/26/2022,GGG,TX,ASW,CE,Combined TRACON& Tower with Radar,0,3,18,27,48,0,0,22,1,23,0,3,40,28,71,62,14,76,147
06/27/2022,GGG,TX,ASW,CE,Combined TRACON& Tower with Radar,0,13,33,10,56,0,23,42,0,65,0,36,75,10,121,186,2,188,309
06/28/2022,GGG,TX,ASW,CE,Combined TRACON& Tower with Radar,0,16,18,32,66,0,32,20,0,52,0,48,38,32,118,174,0,174,292
06/29/2022,GGG,TX,ASW,CE,Combined TRACON& Tower with Radar,0,7,35,7,49,0,21,29,0,50,0,28,64,7,99,228,8,236,335
06/30/2022,GGG,TX,ASW,CE,Combined TRACON& Tower with Radar,0,8,27,18,53,0,20,31,6,57,0,28,58,24,110,120,8,128,238
07/01/2022,GGG,TX,ASW,CE,Combined TRACON& Tower with Radar,0,3,48,0,51,1,2,26,0,29,1,5,74,0,80,56,0,56,136
07/02/2022,GGG,TX,ASW,CE,Combined TRACON& Tower with Radar,0,3,18,0,21,0,3,2,0,5,0,6,20,0,26,0,0,0,26
07/03/2022,GGG,TX,ASW,CE,Combined TRACON& Tower with Radar,0,6,17,0,23,0,9,16,0,25,0,15,33,0,48,14,0,14,62
07/04/2022,GGG,TX,ASW,CE,Combined TRACON& Tower with Radar,0,3,19,0,22,0,3,26,0,29,0,6,45,0,51,36,0,36,87
07/05/2022,GGG,TX,ASW,CE,Combined TRACON& Tower with Radar,0,16,39,21,76,0,27,32,5,64,0,43,71,26,140,162,38,200,340
07/06/2022,GGG,TX,ASW,CE,Combined TRACON& Tower with Radar,0,17,29,32,78,0,39,35,1,75,0,56,64,33,153,140,30,170,323
07/07/2022,GGG,TX,ASW,CE,Combined TRACON& Tower with Radar,0,12,22,31,65,0,25,41,0,66,0,37,63,31,131,72,10,82,213
07/08/2022,GGG,TX,ASW,CE,Combined TRACON& Tower with Radar,0,5,18,47,70,0,3,45,2,50,0,8,63,49,120,28,4,32,152
07/09/2022,GGG,TX,ASW,CE,Combined TRACON& Tower with Radar,0,3,10,12,25,0,14,25,0,39,0,17,35,12,64,80,0,80,144
07/10/2022,GGG,TX,ASW,CE,Combined TRACON& Tower with Radar,0,3,11,6,20,0,2,28,0,30,0,5,39,6,50,8,0,8,58
07/11/2022,GGG,TX,ASW,CE,Combined TRACON& Tower with Radar,0,9,27,20,56,0,20,27,0,47,0,29,54,20,103,314,0,314,417
07/12/2022,GGG,TX,ASW,CE,Combined TRACON& Tower with Radar,2,13,20,14,49,0,40,36,0,76,2,53,56,14,125,114,2,116,241
07/13/2022,GGG,TX,ASW,CE,Combined TRACON& Tower with Radar,0,12,32,19,63,0,41,30,0,71,0,53,62,19,134,200,10,210,344
07/14/2022,GGG,TX,ASW,CE,Combined TRACON& Tower with Radar,0,11,21,9,41,0,16,12,1,29,0,27,33,10,70,84,4,88,158
07/15/2022,GGG,TX,ASW,CE,Combined TRACON& Tower with Radar,0,14,22,77,113,0,23,41,0,64,0,37,63,77,177,82,8,90,267
07/16/2022,GGG,TX,ASW,CE,Combined TRACON& Tower with Radar,2,8,14,10,34,0,23,27,4,54,2,31,41,14,88,32,6,38,126
07/17/2022,GGG,TX,ASW,CE,Combined TRACON& Tower with Radar,0,3,24,28,55,0,2,26,0,28,0,5,50,28,83,0,6,6,89
07/18/2022,GGG,TX,ASW,CE,Combined TRACON& Tower with Radar,0,10,30,29,69,0,29,36,1,66,0,39,66,30,135,182,0,182,317
07/19/2022,GGG,TX,ASW,CE,Combined TRACON& Tower with Radar,0,16,15,19,50,0,13,33,0,46,0,29,48,19,96,74,0,74,170
07/20/2022,GGG,TX,ASW,CE,Combined TRACON& Tower with Radar,0,10,18,12,40,0,21,35,0,56,0,31,53,12,96,224,6,230,326
07/21/2022,GGG,TX,ASW,CE,Combined TRACON& Tower with Radar,0,16,13,0,29,0,12,32,2,46,0,28,45,2,75,144,0,144,219
07/22/2022,GGG,TX,ASW,CE,Combined TRACON& Tower with Radar,0,3,21,0,24,0,4,8,0,12,0,7,29,0,36,0,0,0,36
07/23/2022,GGG,TX,ASW,CE,Combined TRACON& Tower with Radar,0,9,28,0,37,0,3,13,0,16,0,12,41,0,53,46,0,46,99
07/24/2022,GGG,TX,ASW,CE,Combined TRACON& Tower with Radar,0,3,17,30,50,0,6,10,0,16,0,9,27,30,66,0,0,0,66
07/25/2022,GGG,TX,ASW,CE,Combined TRACON& Tower with Radar,0,15,27,34,76,0,17,19,4,40,0,32,46,38,116,188,16,204,320
07/26/2022,GGG,TX,ASW,CE,Combined TRACON& Tower with Radar,0,19,22,29,70,0,14,39,0,53,0,33,61,29,123,90,16,106,229
07/27/2022,GGG,TX,ASW,CE,Combined TRACON& Tower with Radar,0,21,23,29,73,0,15,45,4,64,0,36,68,33,137,128,16,144,281
07/28/2022,GGG,TX,ASW,CE,Combined TRACON& Tower with Radar,0,15,27,4,46,0,26,39,0,65,0,41,66,4,111,158,0,158,269
07/29/2022,GGG,TX,ASW,CE,Combined TRACON& Tower with Radar,4,3,19,57,83,0,2,33,2,37,4,5,52,59,120,34,24,58,178
07/30/2022,GGG,TX,ASW,CE,Combined TRACON& Tower with Radar,0,5,26,3,34,0,10,17,1,28,0,15,43,4,62,6,0,6,68
07/31/2022,GGG,TX,ASW,CE,Combined TRACON& Tower with Radar,0,3,16,0,19,0,0,17,0,17,0,3,33,0,36,0,0,0,36
08/01/2022,GGG,TX,ASW,CE,Combined TRACON& Tower with Radar,0,9,19,23,51,0,22,31,0,53,0,31,50,23,104,156,24,180,284
08/02/2022,GGG,TX,ASW,CE,Combined TRACON& Tower with Radar,0,10,18,20,48,0,20,24,4,48,0,30,42,24,96,100,16,116,212
08/03/2022,GGG,TX,ASW,CE,Combined TRACON& Tower with Radar,0,12,20,28,60,0,11,33,0,44,0,23,53,28,104,98,12,110,214
08/04/2022,GGG,TX,ASW,CE,Combined TRACON& Tower with Radar,0,13,25,24,62,0,12,37,0,49,0,25,62,24,111,52,6,58,169
08/05/2022,GGG,TX,ASW,CE,Combined TRACON& Tower with Radar,0,10,25,28,63,0,11,28,1,40,0,21,53,29,103,24,2,26,129
08/06/2022,GGG,TX,ASW,CE,Combined TRACON& Tower with Radar,0,6,31,20,57,0,4,11,0,15,0,10,42,20,72,26,0,26,98
08/07/2022,GGG,TX,ASW,CE,Combined TRACON& Tower with Radar,0,3,25,14,42,0,0,23,2,25,0,3,48,16,67,0,0,0,67
08/08/2022,GGG,TX,ASW,CE,Combined TRACON& Tower with Radar,5,9,30,27,71,0,18,39,3,60,5,27,69,30,131,118,8,126,257
08/09/2022,GGG,TX,ASW,CE,Combined TRACON& Tower with Radar,0,10,15,26,51,0,19,11,5,35,0,29,26,31,86,74,0,74,160
08/10/2022,GGG,TX,ASW,CE,Combined TRACON& Tower with Radar,0,6,31,0,37,0,14,28,2,44,0,20,59,2,81,116,0,116,197
08/11/2022,GGG,TX,ASW,CE,Combined TRACON& Tower with Radar,0,18,37,2,57,0,14,38,0,52,0,32,75,2,109,142,0,142,251
08/12/2022,GGG,TX,ASW,CE,Combined TRACON& Tower with Radar,0,9,24,25,58,0,12,46,0,58,0,21,70,25,116,154,2,156,272
08/13/2022,GGG,TX,ASW,CE,Combined TRACON& Tower with Radar,0,8,25,17,50,0,33,44,4,81,0,41,69,21,131,20,2,22,153
08/14/2022,GGG,TX,ASW,CE,Combined TRACON& Tower with Radar,0,5,28,11,44,0,2,21,1,24,0,7,49,12,68,24,0,24,92
08/15/2022,GGG,TX,ASW,CE,Combined TRACON& Tower with Radar,0,5,20,31,56,0,10,41,0,51,0,15,61,31,107,122,24,146,253
08/16/2022,GGG,TX,ASW,CE,Combined TRACON& Tower with Radar,0,6,28,46,80,0,31,46,2,79,0,37,74,48,159,154,6,160,319
08/17/2022,GGG,TX,ASW,CE,Combined TRACON& Tower with Radar,1,5,33,5,44,0,9,16,1,26,1,14,49,6,70,94,6,100,170
08/18/2022,GGG,TX,ASW,CE,Combined TRACON& Tower with Radar,0,11,28,0,39,0,0,5,0,5,0,11,33,0,44,22,0,22,66
08/19/2022,GGG,TX,ASW,CE,Combined TRACON& Tower with Radar,0,5,23,39,67,0,10,17,4,31,0,15,40,43,98,70,4,74,172
08/20/2022,GGG,TX,ASW,CE,Combined TRACON& Tower with Radar,0,7,28,13,48,0,0,2,0,2,0,7,30,13,50,70,2,72,122
08/21/2022,GGG,TX,ASW,CE,Combined TRACON& Tower with Radar,0,4,11,0,15,0,0,3,0,3,0,4,14,0,18,0,0,0,18
08/22/2022,GGG,TX,ASW,CE,Combined TRACON& Tower with Radar,0,3,14,0,17,0,0,0,0,0,0,3,14,0,17,0,0,0,17
08/23/2022,GGG,TX,ASW,CE,Combined TRACON& Tower with Radar,0,10,34,0,44,0,6,7,0,13,0,16,41,0,57,24,0,24,81
08/24/2022,GGG,TX,ASW,CE,Combined TRACON& Tower with Radar,0,16,36,0,52,0,2,8,0,10,0,18,44,0,62,94,0,94,156
08/25/2022,GGG,TX,ASW,CE,Combined TRACON& Tower with Radar,0,11,27,12,50,0,7,2,0,9,0,18,29,12,59,64,6,70,129
08/26/2022,GGG,TX,ASW,CE,Combined TRACON& Tower with Radar,2,18,25,5,50,0,29,33,0,62,2,47,58,5,112,136,1,137,249
08/27/2022,GGG,TX,ASW,CE,Combined TRACON& Tower with Radar,0,6,23,12,41,0,18,6,0,24,0,24,29,12,65,0,0,0,65
08/28/2022,GGG,TX,ASW,CE,Combined TRACON& Tower with Radar,0,7,26,1,34,0,2,29,1,32,0,9,55,2,66,0,0,0,66
08/29/2022,GGG,TX,ASW,CE,Combined TRACON& Tower with Radar,0,6,27,0,33,0,11,15,2,28,0,17,42,2,61,116,0,116,177
08/30/2022,GGG,TX,ASW,CE,Combined TRACON& Tower with Radar,0,10,28,0,38,0,23,24,0,47,0,33,52,0,85,110,0,110,195
08/31/2022,GGG,TX,ASW,CE,Combined TRACON& Tower with Radar,2,4,19,15,40,0,35,34,0,69,2,39,53,15,109,120,4,124,233
09/01/2022,GGG,TX,ASW,CE,Combined TRACON& Tower with Radar,0,5,32,0,37,0,26,26,0,52,0,31,58,0,89,48,0,48,137
09/02/2022,GGG,TX,ASW,CE,Combined TRACON& Tower with Radar,0,6,50,0,56,0,15,14,0,29,0,21,64,0,85,74,0,74,159
09/03/2022,GGG,TX,ASW,CE,Combined TRACON& Tower with Radar,0,6,18,0,24,0,27,14,0,41,0,33,32,0,65,82,0,82,147
09/04/2022,GGG,TX,ASW,CE,Combined TRACON& Tower with Radar,2,2,13,1,18,0,1,4,1,6,2,3,17,2,24,0,0,0,24
09/05/2022,GGG,TX,ASW,CE,Combined TRACON& Tower with Radar,0,5,44,0,49,1,43,23,0,67,1,48,67,0,116,42,0,42,158
09/06/2022,GGG,TX,ASW,CE,Combined TRACON& Tower with Radar,0,8,18,2,28,0,51,28,0,79,0,59,46,2,107,120,0,120,227
09/07/2022,GGG,TX,ASW,CE,Combined TRACON& Tower with Radar,0,5,37,4,46,0,28,21,0,49,0,33,58,4,95,118,6,124,219
09/08/2022,GGG,TX,ASW,CE,Combined TRACON& Tower with Radar,0,6,26,12,44,1,42,35,2,80,1,48,61,14,124,142,0,142,266
09/09/2022,GGG,TX,ASW,CE,Combined TRACON& Tower with Radar,0,12,36,21,69,0,65,63,10,138,0,77,99,31,207,108,24,132,339
09/10/2022,GGG,TX,ASW,CE,Combined TRACON& Tower with Radar,0,6,18,40,64,0,29,32,4,65,0,35,50,44,129,52,22,74,203
09/11/2022,GGG,TX,ASW,CE,Combined TRACON& Tower with Radar,0,3,31,14,48,0,2,29,0,31,0,5,60,14,79,26,0,26,105
09/12/2022,GGG,TX,ASW,CE,Combined TRACON& Tower with Radar,0,6,34,16,56,0,58,41,0,99,0,64,75,16,155,120,5,125,280
09/13/2022,GGG,TX,ASW,CE,Combined TRACON& Tower with Radar,0,6,27,31,64,0,56,41,4,101,0,62,68,35,165,196,30,226,391
09/14/2022,GGG,TX,ASW,CE,Combined TRACON& Tower with Radar,0,6,41,24,71,0,60,42,0,102,0,66,83,24,173,270,6,276,449
09/15/2022,GGG,TX,ASW,CE,Combined TRACON& Tower with Radar,0,6,37,23,66,0,60,51,1,112,0,66,88,24,178,236,4,240,418
09/16/2022,GGG,TX,ASW,CE,Combined TRACON& Tower with Radar,0,10,23,72,105,0,31,53,0,84,0,41,76,72,189,88,8,96,285
09/17/2022,GGG,TX,ASW,CE,Combined TRACON& Tower with Radar,0,9,25,18,52,2,27,27,0,56,2,36,52,18,108,64,8,72,180
09/18/2022,GGG,TX,ASW,CE,Combined TRACON& Tower with Radar,0,5,38,16,59,0,4,33,0,37,0,9,71,16,96,16,4,20,116
09/19/2022,GGG,TX,ASW,CE,Combined TRACON& Tower with Radar,0,6,24,45,75,0,51,33,2,86,0,57,57,47,161,180,6,186,347
09/20/2022,GGG,TX,ASW,CE,Combined TRACON& Tower with Radar,0,9,21,45,75,0,54,32,1,87,0,63,53,46,162,214,20,234,396
09/21/2022,GGG,TX,ASW,CE,Combined TRACON& Tower with Radar,2,4,27,55,88,0,62,32,0,94,2,66,59,55,182,190,8,198,380
09/22/2022,GGG,TX,ASW,CE,Combined TRACON& Tower with Radar,0,7,25,35,67,0,64,59,1,124,0,71,84,36,191,222,12,234,425
09/23/2022,GGG,TX,ASW,CE,Combined TRACON& Tower with Radar,0,10,42,41,93,1,49,40,0,90,1,59,82,41,183,166,6,172,355
09/24/2022,GGG,TX,ASW,CE,Combined TRACON& Tower with Radar,0,8,13,15,36,0,27,29,2,58,0,35,42,17,94,58,8,66,160
09/25/2022,GGG,TX,ASW,CE,Combined TRACON& Tower with Radar,2,3,24,15,44,0,2,15,4,21,2,5,39,19,65,18,0,18,83
09/26/2022,GGG,TX,ASW,CE,Combined TRACON& Tower with Radar,0,6,35,0,41,0,45,37,0,82,0,51,72,0,123,196,0,196,319
09/27/2022,GGG,TX,ASW,CE,Combined TRACON& Tower with Radar,0,7,29,21,57,0,65,45,2,112,0,72,74,23,169,248,6,254,423
09/28/2022,GGG,TX,ASW,CE,Combined TRACON& Tower with Radar,0,8,32,24,64,0,50,45,3,98,0,58,77,27,162,202,2,204,366
09/29/2022,GGG,TX,ASW,CE,Combined TRACON& Tower with Radar,0,9,40,30,79,0,37,37,3,77,0,46,77,33,156,192,14,206,362
09/30/2022,GGG,TX,ASW,CE,Combined TRACON& Tower with Radar,0,6,37,22,65,0,43,43,4,90,0,49,80,26,155,168,8,176,331
10/01/2022,GGG,TX,ASW,CE,Combined TRACON& Tower with Radar,0,7,14,0,21,0,39,29,0,68,0,46,43,0,89,86,0,86,175
10/02/2022,GGG,TX,ASW,CE,Combined TRACON& Tower with Radar,0,11,24,12,47,0,5,42,0,47,0,16,66,12,94,20,10,30,124
10/03/2022,GGG,TX,ASW,CE,Combined TRACON& Tower with Radar,0,6,23,22,51,1,48,28,1,78,1,54,51,23,129,306,0,306,435
10/04/2022,GGG,TX,ASW,CE,Combined TRACON& Tower with Radar,0,10,26,24,60,0,48,44,0,92,0,58,70,24,152,164,4,168,320
10/05/2022,GGG,TX,ASW,CE,Combined TRACON& Tower with Radar,0,12,31,25,68,0,44,41,1,86,0,56,72,26,154,214,16,230,384
10/06/2022,GGG,TX,ASW,CE,Combined TRACON& Tower with Radar,0,6,46,0,52,0,56,53,0,109,0,62,99,0,161,184,0,184,345
10/07/2022,GGG,TX,ASW,CE,Combined TRACON& Tower with Radar,0,19,35,16,70,0,39,50,0,89,0,58,85,16,159,152,0,152,311
10/08/2022,GGG,TX,ASW,CE,Combined TRACON& Tower with Radar,0,6,21,0,27,0,23,35,0,58,0,29,56,0,85,60,0,60,145
10/09/2022,GGG,TX,ASW,CE,Combined TRACON& Tower with Radar,0,3,39,0,42,0,2,33,0,35,0,5,72,0,77,18,0,18,95
10/10/2022,GGG,TX,ASW,CE,Combined TRACON& Tower with Radar,0,17,27,0,44,0,47,31,1,79,0,64,58,1,123,198,0,198,321
10/11/2022,GGG,TX,ASW,CE,Combined TRACON& Tower with Radar,0,17,22,25,64,0,41,25,2,68,0,58,47,27,132,176,16,192,324
10/12/2022,GGG,TX,ASW,CE,Combined TRACON& Tower with Radar,0,14,40,0,54,0,25,18,0,43,0,39,58,0,97,70,0,70,167
10/13/2022,GGG,TX,ASW,CE,Combined TRACON& Tower with Radar,0,8,31,19,58,0,41,43,3,87,0,49,74,22,145,198,6,204,349
10/14/2022,GGG,TX,ASW,CE,Combined TRACON& Tower with Radar,0,11,28,77,116,0,35,41,2,78,0,46,69,79,194,160,10,170,364
10/15/2022,GGG,TX,ASW,CE,Combined TRACON& Tower with Radar,0,7,25,6,38,0,11,20,2,33,0,18,45,8,71,36,0,36,107
10/16/2022,GGG,TX,ASW,CE,Combined TRACON& Tower with Radar,0,3,38,0,41,0,0,4,0,4,0,3,42,0,45,0,0,0,45
10/17/2022,GGG,TX,ASW,CE,Combined TRACON& Tower with Radar,0,3,34,10,47,0,30,32,0,62,0,33,66,10,109,122,4,126,235
10/18/2022,GGG,TX,ASW,CE,Combined TRACON& Tower with Radar,0,5,23,14,42,0,24,34,0,58,0,29,57,14,100,142,20,162,262
10/19/2022,GGG,TX,ASW,CE,Combined TRACON& Tower with Radar,0,14,32,23,69,0,36,46,1,83,0,50,78,24,152,180,24,204,356
10/20/2022,GGG,TX,ASW,CE,Combined TRACON& Tower with Radar,1,7,27,3,38,0,31,40,2,73,1,38,67,5,111,156,2,158,269
10/21/2022,GGG,TX,ASW,CE,Combined TRACON& Tower with Radar,1,14,35,43,93,0,37,42,1,80,1,51,77,44,173,88,28,116,289
10/22/2022,GGG,TX,ASW,CE,Combined TRACON& Tower with Radar,0,7,27,11,45,0,7,30,2,39,0,14,57,13,84,24,0,24,108
10/23/2022,GGG,TX,ASW,CE,Combined TRACON& Tower with Radar,0,5,32,29,66,0,4,15,2,21,0,9,47,31,87,26,2,28,115
10/24/2022,GGG,TX,ASW,CE,Combined TRACON& Tower with Radar,2,13,25,0,40,0,2,9,0,11,2,15,34,0,51,36,0,36,87
10/25/2022,GGG,TX,ASW,CE,Combined TRACON& Tower with Radar,1,8,28,40,77,0,6,15,1,22,1,14,43,41,99,28,6,34,133
10/26/2022,GGG,TX,ASW,CE,Combined TRACON& Tower with Radar,0,19,34,8,61,0,55,58,1,114,0,74,92,9,175,230,4,234,409
10/27/2022,GGG,TX,ASW,CE,Combined TRACON& Tower with Radar,0,6,26,47,79,0,56,47,1,104,0,62,73,48,183,148,26,174,357
10/28/2022,GGG,TX,ASW,CE,Combined TRACON& Tower with Radar,0,6,21,0,27,0,4,3,0,7,0,10,24,0,34,60,0,60,94
10/29/2022,GGG,TX,ASW,CE,Combined TRACON& Tower with Radar,0,13,28,0,41,0,2,3,0,5,0,15,31,0,46,0,0,0,46
10/30/2022,GGG,TX,ASW,CE,Combined TRACON& Tower with Radar,0,3,24,0,27,0,3,14,0,17,0,6,38,0,44,36,0,36,80
10/31/2022,GGG,TX,ASW,CE,Combined TRACON& Tower with Radar,0,19,28,10,57,0,41,16,0,57,0,60,44,10,114,204,0,204,318
11/01/2022,GGG,TX,ASW,CE,Combined TRACON& Tower with Radar,0,10,31,13,54,0,34,43,0,77,0,44,74,13,131,162,0,162,293
11/02/2022,GGG,TX,ASW,CE,Combined TRACON& Tower with Radar,0,21,39,26,86,0,42,33,0,75,0,63,72,26,161,168,8,176,337
11/03/2022,GGG,TX,ASW,CE,Combined TRACON& Tower with Radar,0,8,46,52,106,0,39,22,0,61,0,47,68,52,167,192,28,220,387
11/04/2022,GGG,TX,ASW,CE,Combined TRACON& Tower with Radar,0,2,35,4,41,0,0,0,0,0,0,2,35,4,41,0,0,0,41
11/05/2022,GGG,TX,ASW,CE,Combined TRACON& Tower with Radar,0,9,12,1,22,0,31,30,1,62,0,40,42,2,84,124,0,124,208
11/06/2022,GGG,TX,ASW,CE,Combined TRACON& Tower with Radar,0,3,29,7,39,0,5,12,0,17,0,8,41,7,56,22,0,22,78
11/07/2022,GGG,TX,ASW,CE,Combined TRACON& Tower with Radar,0,14,33,0,47,0,16,13,0,29,0,30,46,0,76,98,0,98,174
11/08/2022,GGG,TX,ASW,CE,Combined TRACON& Tower with Radar,0,24,37,10,71,0,5,10,0,15,0,29,47,10,86,128,0,128,214
11/09/2022,GGG,TX,ASW,CE,Combined TRACON& Tower with Radar,0,21,31,55,107,0,22,21,1,44,0,43,52,56,151,130,12,142,293
11/10/2022,GGG,TX,ASW,CE,Combined TRACON& Tower with Radar,0,17,41,10,68,0,20,31,0,51,0,37,72,10,119,150,0,150,269
11/11/2022,GGG,TX,ASW,CE,Combined TRACON& Tower with Radar,0,7,25,0,32,0,0,0,0,0,0,7,25,0,32,0,0,0,32
11/12/2022,GGG,TX,ASW,CE,Combined TRACON& Tower with Radar,0,17,14,0,31,0,35,41,0,76,0,52,55,0,107,100,0,100,207
11/13/2022,GGG,TX,ASW,CE,Combined TRACON& Tower with Radar,0,4,30,0,34,0,2,24,0,26,0,6,54,0,60,42,0,42,102
11/14/2022,GGG,TX,ASW,CE,Combined TRACON& Tower with Radar,0,16,19,1,36,0,20,6,0,26,0,36,25,1,62,68,0,68,130
11/15/2022,GGG,TX,ASW,CE,Combined TRACON& Tower with Radar,0,8,24,21,53,0,16,16,3,35,0,24,40,24,88,164,22,186,274
11/16/2022,GGG,TX,ASW,CE,Combined TRACON& Tower with Radar,0,21,26,15,62,0,53,45,4,102,0,74,71,19,164,228,18,246,410
11/17/2022,GGG,TX,ASW,CE,Combined TRACON& Tower with Radar,0,19,37,20,76,0,40,60,2,102,0,59,97,22,178,180,30,210,388
11/18/2022,GGG,TX,ASW,CE,Combined TRACON& Tower with Radar,0,15,33,14,62,0,49,49,0,98,0,64,82,14,160,280,0,280,440
11/19/2022,GGG,TX,ASW,CE,Combined TRACON& Tower with Radar,0,18,18,0,36,0,32,23,0,55,0,50,41,0,91,118,0,118,209
11/20/2022,GGG,TX,ASW,CE,Combined TRACON& Tower with Radar,0,3,32,6,41,0,0,26,0,26,0,3,58,6,67,46,0,46,113
11/21/2022,GGG,TX,ASW,CE,Combined TRACON& Tower with Radar,0,17,25,7,49,0,31,30,0,61,0,48,55,7,110,202,6,208,318
11/22/2022,GGG,TX,ASW,CE,Combined TRACON& Tower with Radar,0,16,34,23,73,0,31,57,1,89,0,47,91,24,162,162,8,170,332
11/23/2022,GGG,TX,ASW,CE,Combined TRACON& Tower with Radar,0,10,29,2,41,0,17,32,1,50,0,27,61,3,91,174,10,184,275
11/24/2022,GGG,TX,ASW,CE,Combined TRACON& Tower with Radar,0,2,3,0,5,0,0,0,0,0,0,2,3,0,5,0,0,0,5
11/25/2022,GGG,TX,ASW,CE,Combined TRACON& Tower with Radar,0,7,15,6,28,0,0,0,0,0,0,7,15,6,28,0,0,0,28
11/26/2022,GGG,TX,ASW,CE,Combined TRACON& Tower with Radar,0,5,13,1,19,0,0,1,0,1,0,5,14,1,20,0,0,0,20
11/27/2022,GGG,TX,ASW,CE,Combined TRACON& Tower with Radar,0,3,31,0,34,0,7,44,0,51,0,10,75,0,85,18,0,18,103
11/28/2022,GGG,TX,ASW,CE,Combined TRACON& Tower with Radar,0,21,17,32,70,0,32,52,2,86,0,53,69,34,156,234,16,250,406
11/29/2022,GGG,TX,ASW,CE,Combined TRACON& Tower with Radar,0,11,22,12,45,0,2,1,0,3,0,13,23,12,48,18,0,18,66
11/30/2022,GGG,TX,ASW,CE,Combined TRACON& Tower with Radar,4,13,22,20,59,0,41,45,2,88,4,54,67,22,147,160,58,218,365
12/01/2022,GGG,TX,ASW,CE,Combined TRACON& Tower with Radar,4,8,30,5,47,0,36,43,1,80,4,44,73,6,127,146,6,152,279
12/02/2022,GGG,TX,ASW,CE,Combined TRACON& Tower with Radar,4,21,25,14,64,0,0,2,0,2,4,21,27,14,66,45,0,45,111
12/03/2022,GGG,TX,ASW,CE,Combined TRACON& Tower with Radar,4,8,28,0,40,0,4,10,0,14,4,12,38,0,54,106,0,106,160
12/04/2022,GGG,TX,ASW,CE,Combined TRACON& Tower with Radar,4,2,27,0,33,0,4,19,0,23,4,6,46,0,56,0,0,0,56
12/05/2022,GGG,TX,ASW,CE,Combined TRACON& Tower with Radar,8,12,27,2,49,0,4,8,0,12,8,16,35,2,61,2,0,2,63
12/06/2022,GGG,TX,ASW,CE,Combined TRACON& Tower with Radar,4,10,47,3,64,0,14,8,0,22,4,24,55,3,86,150,0,150,236
12/07/2022,GGG,TX,ASW,CE,Combined TRACON& Tower with Radar,4,17,35,8,64,0,29,30,0,59,4,46,65,8,123,190,0,190,313
12/08/2022,GGG,TX,ASW,CE,Combined TRACON& Tower with Radar,4,16,39,46,105,0,20,21,0,41,4,36,60,46,146,188,20,208,354
12/09/2022,GGG,TX,ASW,CE,Combined TRACON& Tower with Radar,6,18,34,15,73,0,5,0,0,5,6,23,34,15,78,58,0,58,136
12/10/2022,GGG,TX,ASW,CE,Combined TRACON& Tower with Radar,4,3,26,2,35,0,13,8,0,21,4,16,34,2,56,122,0,122,178
12/11/2022,GGG,TX,ASW,CE,Combined TRACON& Tower with Radar,4,0,26,0,30,0,0,0,0,0,4,0,26,0,30,0,0,0,30
12/12/2022,GGG,TX,ASW,CE,Combined TRACON& Tower with Radar,4,4,21,0,29,0,0,0,0,0,4,4,21,0,29,0,0,0,29
12/13/2022,GGG,TX,ASW,CE,Combined TRACON& Tower with Radar,4,0,15,0,19,0,2,1,0,3,4,2,16,0,22,0,0,0,22
12/14/2022,GGG,TX,ASW,CE,Combined TRACON& Tower with Radar,4,15,29,2,50,0,41,28,0,69,4,56,57,2,119,124,0,124,243
12/15/2022,GGG,TX,ASW,CE,Combined TRACON& Tower with Radar,4,14,31,2,51,0,39,49,2,90,4,53,80,4,141,206,28,234,375
12/16/2022,GGG,TX,ASW,CE,Combined TRACON& Tower with Radar,4,12,36,29,81,0,31,29,2,62,4,43,65,31,143,293,2,295,438
12/17/2022,GGG,TX,ASW,CE,Combined TRACON& Tower with Radar,4,10,13,2,29,0,21,18,0,39,4,31,31,2,68,118,6,124,192
12/18/2022,GGG,TX,ASW,CE,Combined TRACON& Tower with Radar,4,0,24,0,28,0,3,34,0,37,4,3,58,0,65,16,0,16,81
12/19/2022,GGG,TX,ASW,CE,Combined TRACON& Tower with Radar,4,6,14,2,26,0,0,0,0,0,4,6,14,2,26,0,0,0,26
12/20/2022,GGG,TX,ASW,CE,Combined TRACON& Tower with Radar,4,11,23,4,42,0,5,5,0,10,4,16,28,4,52,20,0,20,72
12/21/2022,GGG,TX,ASW,CE,Combined TRACON& Tower with Radar,4,4,26,54,88,0,31,37,4,72,4,35,63,58,160,98,10,108,268
12/22/2022,GGG,TX,ASW,CE,Combined TRACON& Tower with Radar,4,8,17,0,29,0,0,0,0,0,4,8,17,0,29,0,0,0,29
12/23/2022,GGG,TX,ASW,CE,Combined TRACON& Tower with Radar,2,0,17,0,19,0,3,13,0,16,2,3,30,0,35,0,0,0,35
12/24/2022,GGG,TX,ASW,CE,Combined TRACON& Tower with Radar,2,0,7,0,9,0,6,13,0,19,2,6,20,0,28,0,0,0,28
12/25/2022,GGG,TX,ASW,CE,Combined TRACON& Tower with Radar,2,0,1,0,3,0,2,7,0,9,2,2,8,0,12,0,0,0,12
12/26/2022,GGG,TX,ASW,CE,Combined TRACON& Tower with Radar,4,0,21,0,25,0,4,26,0,30,4,4,47,0,55,62,0,62,117
12/27/2022,GGG,TX,ASW,CE,Combined TRACON& Tower with Radar,4,0,24,10,38,0,5,28,0,33,4,5,52,10,71,60,14,74,145
12/28/2022,GGG,TX,ASW,CE,Combined TRACON& Tower with Radar,4,2,32,12,50,0,2,24,0,26,4,4,56,12,76,0,0,0,76
12/29/2022,GGG,TX,ASW,CE,Combined TRACON& Tower with Radar,4,2,23,0,29,0,0,5,0,5,4,2,28,0,34,8,0,8,42
12/30/2022,GGG,TX,ASW,CE,Combined TRACON& Tower with Radar,4,3,31,0,38,0,0,10,0,10,4,3,41,0,48,78,0,78,126
12/31/2022,GGG,TX,ASW,CE,Combined TRACON& Tower with Radar,2,2,17,0,21,0,2,14,0,16,2,4,31,0,37,0,0,0,37
01/01/2023,GGG,TX,ASW,CE,Combined TRACON& Tower with Radar,4,0,28,0,32,0,3,3,0,6,4,3,31,0,38,0,0,0,38
01/02/2023,GGG,TX,ASW,CE,Combined TRACON& Tower with Radar,4,3,18,0,25,0,0,0,0,0,4,3,18,0,25,0,0,0,25
01/03/2023,GGG,TX,ASW,CE,Combined TRACON& Tower with Radar,4,3,20,6,33,0,7,33,0,40,4,10,53,6,73,72,0,72,145
01/04/2023,GGG,TX,ASW,CE,Combined TRACON& Tower with Radar,4,8,24,14,50,0,29,33,2,64,4,37,57,16,114,98,16,114,228
01/05/2023,GGG,TX,ASW,CE,Combined TRACON& Tower with Radar,4,3,47,26,80,0,26,60,2,88,4,29,107,28,168,108,2,110,278
01/06/2023,GGG,TX,ASW,CE,Combined TRACON& Tower with Radar,4,2,38,84,128,0,24,50,5,79,4,26,88,89,207,64,70,134,341
01/07/2023,GGG,TX,ASW,CE,Combined TRACON& Tower with Radar,6,12,17,10,45,0,0,2,0,2,6,12,19,10,47,16,0,16,63
01/08/2023,GGG,TX,ASW,CE,Combined TRACON& Tower with Radar,4,2,24,1,31,0,0,38,1,39,4,2,62,2,70,0,0,0,70
01/09/2023,GGG,TX,ASW,CE,Combined TRACON& Tower with Radar,4,7,25,25,61,0,31,27,0,58,4,38,52,25,119,64,34,98,217
01/10/2023,GGG,TX,ASW,CE,Combined TRACON& Tower with Radar,4,8,22,6,40,0,10,19,0,29,4,18,41,6,69,18,2,20,89
01/11/2023,GGG,TX,ASW,CE,Combined TRACON& Tower with Radar,4,5,23,33,65,0,19,29,3,51,4,24,52,36,116,120,24,144,260
01/12/2023,GGG,TX,ASW,CE,Combined TRACON& Tower with Radar,4,3,32,25,64,0,21,23,1,45,4,24,55,26,109,46,54,100,209
01/13/2023,GGG,TX,ASW,CE,Combined TRACON& Tower with Radar,4,10,32,27,73,0,57,57,2,116,4,67,89,29,189,188,0,188,377
01/14/2023,GGG,TX,ASW,CE,Combined TRACON& Tower with Radar,2,4,13,0,19,0,37,52,0,89,2,41,65,0,108,136,0,136,244
01/15/2023,GGG,TX,ASW,CE,Combined TRACON& Tower with Radar,4,2,32,0,38,0,2,8,0,10,4,4,40,0,48,14,0,14,62
01/16/2023,GGG,TX,ASW,CE,Combined TRACON& Tower with Radar,4,4,29,4,41,0,4,17,0,21,4,8,46,4,62,16,0,16,78
01/17/2023,GGG,TX,ASW,CE,Combined TRACON& Tower with Radar,4,8,38,25,75,0,24,35,1,60,4,32,73,26,135,126,28,154,289
01/18/2023,GGG,TX,ASW,CE,Combined TRACON& Tower with Radar,4,7,8,9,28,0,20,9,1,30,4,27,17,10,58,146,4,150,208
01/19/2023,GGG,TX,ASW,CE,Combined TRACON& Tower with Radar,4,1,21,22,48,0,53,31,2,86,4,54,52,24,134,134,36,170,304
01/20/2023,GGG,TX,ASW,CE,Combined TRACON& Tower with Radar,4,1,31,89,125,0,49,45,6,100,4,50,76,95,225,96,74,170,395
01/21/2023,GGG,TX,ASW,CE,Combined TRACON& Tower with Radar,4,15,10,28,57,0,13,14,0,27,4,28,24,28,84,74,16,90,174
01/22/2023,GGG,TX,ASW,CE,Combined TRACON& Tower with Radar,4,0,17,29,50,0,0,28,0,28,4,0,45,29,78,64,0,64,142
01/23/2023,GGG,TX,ASW,CE,Combined TRACON& Tower with Radar,3,4,35,53,95,0,45,58,2,105,3,49,93,55,200,106,28,134,334
01/24/2023,GGG,TX,ASW,CE,Combined TRACON& Tower with Radar,6,1,9,0,16,0,1,2,0,3,6,2,11,0,19,26,0,26,45
01/25/2023,GGG,TX,ASW,CE,Combined TRACON& Tower with Radar,4,4,34,0,42,0,17,8,0,25,4,21,42,0,67,104,0,104,171
01/26/2023,GGG,TX,ASW,CE,Combined TRACON& Tower with Radar,4,6,26,8,44,1,76,73,0,150,5,82,99,8,194,144,0,144,338
01/27/2023,GGG,TX,ASW,CE,Combined TRACON& Tower with Radar,6,4,30,42,82,0,66,66,6,138,6,70,96,48,220,140,22,162,382
01/28/2023,GGG,TX,ASW,CE,Combined TRACON& Tower with Radar,4,3,26,0,33,0,0,0,0,0,4,3,26,0,33,0,0,0,33
01/29/2023,GGG,TX,ASW,CE,Combined TRACON& Tower with Radar,6,1,29,0,36,0,0,0,0,0,6,1,29,0,36,0,0,0,36
01/30/2023,GGG,TX,ASW,CE,Combined TRACON& Tower with Radar,2,2,13,0,17,0,0,0,0,0,2,2,13,0,17,0,0,0,17
01/31/2023,GGG,TX,ASW,CE,Combined TRACON& Tower with Radar,0,1,11,12,24,0,0,0,0,0,0,1,11,12,24,0,0,0,24
02/01/2023,GGG,TX,ASW,CE,Combined TRACON& Tower with Radar,2,0,19,0,21,0,0,0,0,0,2,0,19,0,21,0,0,0,21
02/02/2023,GGG,TX,ASW,CE,Combined TRACON& Tower with Radar,4,0,18,0,22,0,0,0,0,0,4,0,18,0,22,0,0,0,22
02/03/2023,GGG,TX,ASW,CE,Combined TRACON& Tower with Radar,4,7,28,15,54,0,63,44,1,108,4,70,72,16,162,216,6,222,384
02/04/2023,GGG,TX,ASW,CE,Combined TRACON& Tower with Radar,4,12,21,0,37,0,43,53,0,96,4,55,74,0,133,100,0,100,233
02/05/2023,GGG,TX,ASW,CE,Combined TRACON& Tower with Radar,4,5,26,26,61,0,4,38,0,42,4,9,64,26,103,28,0,28,131
02/06/2023,GGG,TX,ASW,CE,Combined TRACON& Tower with Radar,4,13,37,6,60,0,14,12,0,26,4,27,49,6,86,134,8,142,228
02/07/2023,GGG,TX,ASW,CE,Combined TRACON& Tower with Radar,4,4,43,19,70,0,46,11,3,60,4,50,54,22,130,212,18,230,360
02/08/2023,GGG,TX,ASW,CE,Combined TRACON& Tower with Radar,4,7,18,4,33,0,0,0,0,0,4,7,18,4,33,0,0,0,33
02/09/2023,GGG,TX,ASW,CE,Combined TRACON& Tower with Radar,4,8,36,22,70,2,89,51,3,145,6,97,87,25,215,212,6,218,433
02/10/2023,GGG,TX,ASW,CE,Combined TRACON& Tower with Radar,4,3,21,0,28,2,23,3,1,29,6,26,24,1,57,62,0,62,119
02/11/2023,GGG,TX,ASW,CE,Combined TRACON& Tower with Radar,6,7,23,0,36,0,6,11,0,17,6,13,34,0,53,68,0,68,121
02/12/2023,GGG,TX,ASW,CE,Combined TRACON& Tower with Radar,4,0,31,6,41,0,3,46,0,49,4,3,77,6,90,26,0,26,116
02/13/2023,GGG,TX,ASW,CE,Combined TRACON& Tower with Radar,4,14,34,8,60,0,70,43,0,113,4,84,77,8,173,238,0,238,411
02/14/2023,GGG,TX,ASW,CE,Combined TRACON& Tower with Radar,4,4,17,0,25,0,10,4,0,14,4,14,21,0,39,86,0,86,125
02/15/2023,GGG,TX,ASW,CE,Combined TRACON& Tower with Radar,4,18,27,12,61,0,48,4,3,55,4,66,31,15,116,152,0,152,268
02/16/2023,GGG,TX,ASW,CE,Combined TRACON& Tower with Radar,4,6,33,43,86,0,65,27,3,95,4,71,60,46,181,68,36,104,285
02/17/2023,GGG,TX,ASW,CE,Combined TRACON& Tower with Radar,4,11,27,30,72,0,70,44,0,114,4,81,71,30,186,208,12,220,406
02/18/2023,GGG,TX,ASW,CE,Combined TRACON& Tower with Radar,4,6,27,4,41,0,27,57,0,84,4,33,84,4,125,118,0,118,243
02/19/2023,GGG,TX,ASW,CE,Combined TRACON& Tower with Radar,4,1,23,0,28,0,3,19,0,22,4,4,42,0,50,4,0,4,54
02/20/2023,GGG,TX,ASW,CE,Combined TRACON& Tower with Radar,4,6,25,0,35,0,8,13,0,21,4,14,38,0,56,72,0,72,128
02/21/2023,GGG,TX,ASW,CE,Combined TRACON& Tower with Radar,4,7,31,19,61,0,61,24,1,86,4,68,55,20,147,110,16,126,273
02/22/2023,GGG,TX,ASW,CE,Combined TRACON& Tower with Radar,4,12,22,0,38,0,25,15,1,41,4,37,37,1,79,192,0,192,271
02/23/2023,GGG,TX,ASW,CE,Combined TRACON& Tower with Radar,4,6,39,0,49,0,45,40,0,85,4,51,79,0,134,204,1,205,339
02/24/2023,GGG,TX,ASW,CE,Combined TRACON& Tower with Radar,4,27,31,6,68,0,12,8,0,20,4,39,39,6,88,120,0,120,208
02/25/2023,GGG,TX,ASW,CE,Combined TRACON& Tower with Radar,4,4,24,0,32,0,0,0,0,0,4,4,24,0,32,0,0,0,32
02/26/2023,GGG,TX,ASW,CE,Combined TRACON& Tower with Radar,4,0,26,0,30,0,2,3,0,5,4,2,29,0,35,6,0,6,41
02/27/2023,GGG,TX,ASW,CE,Combined TRACON& Tower with Radar,4,13,30,24,71,2,42,41,0,85,6,55,71,24,156,80,8,88,244
02/28/2023,GGG,TX,ASW,CE,Combined TRACON& Tower with Radar,4,8,30,14,56,0,71,59,0,130,4,79,89,14,186,96,28,124,310
03/01/2023,GGG,TX,ASW,CE,Combined TRACON& Tower with Radar,4,23,30,0,57,2,22,53,0,77,6,45,83,0,134,92,0,92,226
03/02/2023,GGG,TX,ASW,CE,Combined TRACON& Tower with Radar,6,0,15,0,21,0,0,1,0,1,6,0,16,0,22,6,0,6,28
03/03/2023,GGG,TX,ASW,CE,Combined TRACON& Tower with Radar,4,32,28,14,78,0,29,26,7,62,4,61,54,21,140,190,6,196,336
03/04/2023,GGG,TX,ASW,CE,Combined TRACON& Tower with Radar,4,6,28,50,88,0,45,168,1,214,4,51,196,51,302,88,0,88,390
03/05/2023,GGG,TX,ASW,CE,Combined TRACON& Tower with Radar,4,1,26,14,45,0,8,45,2,55,4,9,71,16,100,26,18,44,144
03/06/2023,GGG,TX,ASW,CE,Combined TRACON& Tower with Radar,4,25,38,2,69,0,34,19,0,53,4,59,57,2,122,106,0,106,228
03/07/2023,GGG,TX,ASW,CE,Combined TRACON& Tower with Radar,4,10,44,0,58,0,35,14,0,49,4,45,58,0,107,216,0,216,323
03/08/2023,GGG,TX,ASW,CE,Combined TRACON& Tower with Radar,4,23,29,2,58,0,40,20,0,60,4,63,49,2,118,226,0,226,344
03/09/2023,GGG,TX,ASW,CE,Combined TRACON& Tower with Radar,3,17,43,12,75,0,27,14,0,41,3,44,57,12,116,50,7,57,173
03/10/2023,GGG,TX,ASW,CE,Combined TRACON& Tower with Radar,4,28,47,5,84,0,1,1,1,3,4,29,48,6,87,0,0,0,87
03/11/2023,GGG,TX,ASW,CE,Combined TRACON& Tower with Radar,4,6,20,4,34,0,10,9,0,19,4,16,29,4,53,10,0,10,63
03/12/2023,GGG,TX,ASW,CE,Combined TRACON& Tower with Radar,4,6,40,2,52,0,3,9,0,12,4,9,49,2,64,12,0,12,76
03/13/2023,GGG,TX,ASW,CE,Combined TRACON& Tower with Radar,4,2,14,1,21,0,4,35,3,42,4,6,49,4,63,30,0,30,93
03/14/2023,GGG,TX,ASW,CE,Combined TRACON& Tower with Radar,4,0,23,4,31,0,2,39,0,41,4,2,62,4,72,75,10,85,157
03/15/2023,GGG,TX,ASW,CE,Combined TRACON& Tower with Radar,4,11,35,10,60,1,69,46,3,119,5,80,81,13,179,174,0,174,353
03/16/2023,GGG,TX,ASW,CE,Combined TRACON& Tower with Radar,4,11,13,0,28,0,1,0,1,2,4,12,13,1,30,30,0,30,60
03/17/2023,GGG,TX,ASW,CE,Combined TRACON& Tower with Radar,4,6,23,0,33,0,55,20,0,75,4,61,43,0,108,178,0,178,286
03/18/2023,GGG,TX,ASW,CE,Combined TRACON& Tower with Radar,4,2,30,10,46,0,31,48,0,79,4,33,78,10,125,112,0,112,237
03/19/2023,GGG,TX,ASW,CE,Combined TRACON& Tower with Radar,4,0,20,0,24,0,1,38,0,39,4,1,58,0,63,28,0,28,91
03/20/2023,GGG,TX,ASW,CE,Combined TRACON& Tower with Radar,4,12,43,30,89,0,68,27,0,95,4,80,70,30,184,136,16,152,336
03/21/2023,GGG,TX,ASW,CE,Combined TRACON& Tower with Radar,4,15,54,42,115,1,25,34,0,60,5,40,88,42,175,106,0,106,281
03/22/2023,GGG,TX,ASW,CE,Combined TRACON& Tower with Radar,4,25,39,2,70,0,18,15,1,34,4,43,54,3,104,130,0,130,234
03/23/2023,GGG,TX,ASW,CE,Combined TRACON& Tower with Radar,4,17,35,6,62,0,19,10,0,29,4,36,45,6,91,66,0,66,157
03/24/2023,GGG,TX,ASW,CE,Combined TRACON& Tower with Radar,4,13,22,2,41,1,9,7,0,17,5,22,29,2,58,76,12,88,146
03/25/2023,GGG,TX,ASW,CE,Combined TRACON& Tower with Radar,4,10,38,2,54,0,39,42,1,82,4,49,80,3,136,124,0,124,260
03/26/2023,GGG,TX,ASW,CE,Combined TRACON& Tower with Radar,4,1,40,5,50,0,8,26,3,37,4,9,66,8,87,0,0,0,87
03/27/2023,GGG,TX,ASW,CE,Combined TRACON& Tower with Radar,4,14,33,39,90,1,84,55,5,145,5,98,88,44,235,210,18,228,463
03/28/2023,GGG,TX,ASW,CE,Combined TRACON& Tower with Radar,4,8,25,32,69,0,79,29,3,111,4,87,54,35,180,208,22,230,410
03/29/2023,GGG,TX,ASW,CE,Combined TRACON& Tower with Radar,4,20,49,38,111,0,68,31,2,101,4,88,80,40,212,238,0,238,450
03/30/2023,GGG,TX,ASW,CE,Combined TRACON& Tower with Radar,4,10,46,14,74,0,50,18,0,68,4,60,64,14,142,174,28,202,344
03/31/2023,GGG,TX,ASW,CE,Combined TRACON& Tower with Radar,4,6,23,4,37,0,0,5,0,5,4,6,28,4,42,44,0,44,86
04/01/2023,GGG,TX,ASW,CE,Combined TRACON& Tower with Radar,4,6,22,11,43,0,35,52,3,90,4,41,74,14,133,186,32,218,351
04/02/2023,GGG,TX,ASW,CE,Combined TRACON& Tower with Radar,2,1,25,3,31,0,2,9,3,14,2,3,34,6,45,0,0,0,45
04/03/2023,GGG,TX,ASW,CE,Combined TRACON& Tower with Radar,4,9,34,3,50,0,22,20,1,43,4,31,54,4,93,190,20,210,303
04/04/2023,GGG,TX,ASW,CE,Combined TRACON& Tower with Radar,4,8,41,29,82,0,17,30,2,49,4,25,71,31,131,110,10,120,251
04/05/2023,GGG,TX,ASW,CE,Combined TRACON& Tower with Radar,4,8,27,0,39,0,11,13,0,24,4,19,40,0,63,102,0,102,165
04/06/2023,GGG,TX,ASW,CE,Combined TRACON& Tower with Radar,4,19,24,0,47,0,0,0,0,0,4,19,24,0,47,0,0,0,47
04/07/2023,GGG,TX,ASW,CE,Combined TRACON& Tower with Radar,4,0,48,2,54,0,0,0,0,0,4,0,48,2,54,0,0,0,54
04/08/2023,GGG,TX,ASW,CE,Combined TRACON& Tower with Radar,6,0,26,0,32,0,2,16,0,18,6,2,42,0,50,32,0,32,82
04/09/2023,GGG,TX,ASW,CE,Combined TRACON& Tower with Radar,2,0,26,0,28,0,2,5,0,7,2,2,31,0,35,2,0,2,37
04/10/2023,GGG,TX,ASW,CE,Combined TRACON& Tower with Radar,4,15,45,2,66,0,47,18,0,65,4,62,63,2,131,230,8,238,369
04/11/2023,GGG,TX,ASW,CE,Combined TRACON& Tower with Radar,4,8,41,28,81,0,74,73,4,151,4,82,114,32,232,224,20,244,476
04/12/2023,GGG,TX,ASW,CE,Combined TRACON& Tower with Radar,4,9,32,4,49,1,40,47,8,96,5,49,79,12,145,280,8,288,433
04/13/2023,GGG,TX,ASW,CE,Combined TRACON& Tower with Radar,4,12,28,12,56,2,51,52,1,106,6,63,80,13,162,220,0,220,382
04/14/2023,GGG,TX,ASW,CE,Combined TRACON& Tower with Radar,4,12,41,19,76,2,37,45,1,85,6,49,86,20,161,306,0,306,467
04/15/2023,GGG,TX,ASW,CE,Combined TRACON& Tower with Radar,4,4,22,10,40,0,10,8,2,20,4,14,30,12,60,16,0,16,76
04/16/2023,GGG,TX,ASW,CE,Combined TRACON& Tower with Radar,4,2,30,20,56,0,2,20,4,26,4,4,50,24,82,0,20,20,102
04/17/2023,GGG,TX,ASW,CE,Combined TRACON& Tower with Radar,4,5,22,4,35,0,46,133,0,179,4,51,155,4,214,58,0,58,272
04/18/2023,GGG,TX,ASW,CE,Combined TRACON& Tower with Radar,4,8,20,4,36,0,27,32,0,59,4,35,52,4,95,103,0,103,198
04/19/2023,GGG,TX,ASW,CE,Combined TRACON& Tower with Radar,4,7,30,0,41,2,22,28,0,52,6,29,58,0,93,160,0,160,253
04/20/2023,GGG,TX,ASW,CE,Combined TRACON& Tower with Radar,3,3,23,0,29,0,0,2,2,4,3,3,25,2,33,62,0,62,95
04/21/2023,GGG,TX,ASW,CE,Combined TRACON& Tower with Radar,4,10,46,4,64,0,24,19,0,43,4,34,65,4,107,202,0,202,309
04/22/2023,GGG,TX,ASW,CE,Combined TRACON& Tower with Radar,4,11,24,9,48,0,40,62,0,102,4,51,86,9,150,132,28,160,310
04/23/2023,GGG,TX,ASW,CE,Combined TRACON& Tower with Radar,4,2,26,0,32,0,5,2,2,9,4,7,28,2,41,0,0,0,41
04/24/2023,GGG,TX,ASW,CE,Combined TRACON& Tower with Radar,4,8,38,29,79,0,53,94,11,158,4,61,132,40,237,234,30,264,501
04/25/2023,GGG,TX,ASW,CE,Combined TRACON& Tower with Radar,4,8,32,27,71,0,65,55,0,120,4,73,87,27,191,194,8,202,393
04/26/2023,GGG,TX,ASW,CE,Combined TRACON& Tower with Radar,4,0,29,0,33,0,4,3,0,7,4,4,32,0,40,30,0,30,70
04/27/2023,GGG,TX,ASW,CE,Combined TRACON& Tower with Radar,4,11,33,8,56,0,22,17,0,39,4,33,50,8,95,126,6,132,227
04/28/2023,GGG,TX,ASW,CE,Combined TRACON& Tower with Radar,2,8,44,52,106,0,39,41,3,83,2,47,85,55,189,350,6,356,545
04/29/2023,GGG,TX,ASW,CE,Combined TRACON& Tower with Radar,4,4,15,1,24,0,2,5,0,7,4,6,20,1,31,0,0,0,31
04/30/2023,GGG,TX,ASW,CE,Combined TRACON& Tower with Radar,4,3,45,5,57,0,3,53,1,57,4,6,98,6,114,12,0,12,126
05/01/2023,GGG,TX,ASW,CE,Combined TRACON& Tower with Radar,4,11,27,39,81,0,57,67,0,124,4,68,94,39,205,244,0,244,449
05/02/2023,GGG,TX,ASW,CE,Combined TRACON& Tower with Radar,4,6,41,43,94,1,53,106,6,166,5,59,147,49,260,242,2,244,504
05/03/2023,GGG,TX,ASW,CE,Combined TRACON& Tower with Radar,4,5,56,29,94,0,49,56,0,105,4,54,112,29,199,154,24,178,377
05/04/2023,GGG,TX,ASW,CE,Combined TRACON& Tower with Radar,6,3,56,22,87,0,30,28,2,60,6,33,84,24,147,342,4,346,493
05/05/2023,GGG,TX,ASW,CE,Combined TRACON& Tower with Radar,2,6,45,15,68,0,9,8,0,17,2,15,53,15,85,42,0,42,127
05/06/2023,GGG,TX,ASW,CE,Combined TRACON& Tower with Radar,3,6,26,4,39,0,13,61,0,74,3,19,87,4,113,36,0,36,149
05/07/2023,GGG,TX,ASW,CE,Combined TRACON& Tower with Radar,3,0,34,2,39,0,2,8,0,10,3,2,42,2,49,46,0,46,95
05/08/2023,GGG,TX,ASW,CE,Combined TRACON& Tower with Radar,5,4,30,0,39,0,6,5,1,12,5,10,35,1,51,170,0,170,221
05/09/2023,GGG,TX,ASW,CE,Combined TRACON& Tower with Radar,3,11,33,2,49,0,17,15,0,32,3,28,48,2,81,186,0,186,267
05/10/2023,GGG,TX,ASW,CE,Combined TRACON& Tower with Radar,3,3,21,6,33,0,2,0,0,2,3,5,21,6,35,0,0,0,35
05/11/2023,GGG,TX,ASW,CE,Combined TRACON& Tower with Radar,3,8,51,0,62,0,11,1,0,12,3,19,52,0,74,62,0,62,136
05/12/2023,GGG,TX,ASW,CE,Combined TRACON& Tower with Radar,3,4,38,12,57,0,21,21,1,43,3,25,59,13,100,132,4,136,236
05/13/2023,GGG,TX,ASW,CE,Combined TRACON& Tower with Radar,3,4,12,10,29,0,3,8,0,11,3,7,20,10,40,0,0,0,40
05/14/2023,GGG,TX,ASW,CE,Combined TRACON& Tower with Radar,3,4,32,0,39,0,0,3,1,4,3,4,35,1,43,0,0,0,43
05/15/2023,GGG,TX,ASW,CE,Combined TRACON& Tower with Radar,3,0,39,26,68,0,27,30,1,58,3,27,69,27,126,132,24,156,282
05/16/2023,GGG,TX,ASW,CE,Combined TRACON& Tower with Radar,3,5,35,0,43,0,23,18,1,42,3,28,53,1,85,127,0,127,212
05/17/2023,GGG,TX,ASW,CE,Combined TRACON& Tower with Radar,3,1,42,25,71,0,54,34,2,90,3,55,76,27,161,180,10,190,351
05/18/2023,GGG,TX,ASW,CE,Combined TRACON& Tower with Radar,3,3,28,14,48,0,40,45,2,87,3,43,73,16,135,212,10,222,357
05/19/2023,GGG,TX,ASW,CE,Combined TRACON& Tower with Radar,7,2,31,35,75,0,39,41,0,80,7,41,72,35,155,170,10,180,335
05/20/2023,GGG,TX,ASW,CE,Combined TRACON& Tower with Radar,4,0,22,32,58,0,7,11,0,18,4,7,33,32,76,26,20,46,122
05/21/2023,GGG,TX,ASW,CE,Combined TRACON& Tower with Radar,4,0,30,20,54,0,2,28,0,30,4,2,58,20,84,10,0,10,94
05/22/2023,GGG,TX,ASW,CE,Combined TRACON& Tower with Radar,3,2,33,0,38,0,55,41,0,96,3,57,74,0,134,160,0,160,294
05/23/2023,GGG,TX,ASW,CE,Combined TRACON& Tower with Radar,3,3,43,6,55,0,48,35,0,83,3,51,78,6,138,196,0,196,334
05/24/2023,GGG,TX,ASW,CE,Combined TRACON& Tower with Radar,3,4,38,12,57,0,45,29,0,74,3,49,67,12,131,218,6,224,355
05/25/2023,GGG,TX,ASW,CE,Combined TRACON& Tower with Radar,3,5,47,14,69,0,55,37,3,95,3,60,84,17,164,166,14,180,344
05/26/2023,GGG,TX,ASW,CE,Combined TRACON& Tower with Radar,3,8,49,2,62,0,38,40,2,80,3,46,89,4,142,252,0,252,394
05/27/2023,GGG,TX,ASW,CE,Combined TRACON& Tower with Radar,4,4,35,0,43,0,14,35,0,49,4,18,70,0,92,130,0,130,222
05/28/2023,GGG,TX,ASW,CE,Combined TRACON& Tower with Radar,4,0,28,0,32,0,7,21,0,28,4,7,49,0,60,18,0,18,78
05/29/2023,GGG,TX,ASW,CE,Combined TRACON& Tower with Radar,5,2,22,2,31,0,0,28,0,28,5,2,50,2,59,14,0,14,73
05/30/2023,GGG,TX,ASW,CE,Combined TRACON& Tower with Radar,3,10,32,17,62,0,67,36,0,103,3,77,68,17,165,254,28,282,447
05/31/2023,GGG,TX,ASW,CE,Combined TRACON& Tower with Radar,3,5,32,28,68,0,58,36,7,101,3,63,68,35,169,194,46,240,409
06/01/2023,GGG,TX,ASW,CE,Combined TRACON& Tower with Radar,3,10,27,9,49,0,31,37,0,68,3,41,64,9,117,248,10,258,375
06/02/2023,GGG,TX,ASW,CE,Combined TRACON& Tower with Radar,3,6,28,23,60,0,35,22,1,58,3,41,50,24,118,192,2,194,312
06/03/2023,GGG,TX,ASW,CE,Combined TRACON& Tower with Radar,3,0,20,0,23,0,3,12,5,20,3,3,32,5,43,30,0,30,73
06/04/2023,GGG,TX,ASW,CE,Combined TRACON& Tower with Radar,3,0,19,4,26,0,1,17,0,18,3,1,36,4,44,6,0,6,50
06/05/2023,GGG,TX,ASW,CE,Combined TRACON& Tower with Radar,3,12,16,3,34,0,29,25,0,54,3,41,41,3,88,170,0,170,258
06/06/2023,GGG,TX,ASW,CE,Combined TRACON& Tower with Radar,2,1,36,11,50,0,30,40,0,70,2,31,76,11,120,208,0,208,328
06/07/2023,GGG,TX,ASW,CE,Combined TRACON& Tower with Radar,3,6,36,2,47,0,26,35,0,61,3,32,71,2,108,162,0,162,270
06/08/2023,GGG,TX,ASW,CE,Combined TRACON& Tower with Radar,3,6,25,6,40,0,47,34,0,81,3,53,59,6,121,216,0,216,337
06/09/2023,GGG,TX,ASW,CE,Combined TRACON& Tower with Radar,3,9,30,18,60,0,40,51,0,91,3,49,81,18,151,310,0,310,461
06/10/2023,GGG,TX,ASW,CE,Combined TRACON& Tower with Radar,3,0,13,0,16,0,4,12,0,16,3,4,25,0,32,28,0,28,60
06/11/2023,GGG,TX,ASW,CE,Combined TRACON& Tower with Radar,5,2,29,15,51,0,2,25,1,28,5,4,54,16,79,24,4,28,107
06/12/2023,GGG,TX,ASW,CE,Combined TRACON& Tower with Radar,3,6,32,27,68,0,31,24,0,55,3,37,56,27,123,270,8,278,401
06/13/2023,GGG,TX,ASW,CE,Combined TRACON& Tower with Radar,3,6,16,0,25,0,9,3,0,12,3,15,19,0,37,56,0,56,93
06/14/2023,GGG,TX,ASW,CE,Combined TRACON& Tower with Radar,3,8,38,6,55,0,14,8,0,22,3,22,46,6,77,260,0,260,337
06/15/2023,GGG,TX,ASW,CE,Combined TRACON& Tower with Radar,5,7,47,7,66,0,4,6,0,10,5,11,53,7,76,72,0,72,148
06/16/2023,GGG,TX,ASW,CE,Combined TRACON& Tower with Radar,5,6,45,18,74,0,17,25,0,42,5,23,70,18,116,0,0,0,116
06/17/2023,GGG,TX,ASW,CE,Combined TRACON& Tower with Radar,2,2,25,25,54,0,7,7,0,14,2,9,32,25,68,0,0,0,68
06/18/2023,GGG,TX,ASW,CE,Combined TRACON& Tower with Radar,3,4,39,0,46,0,0,10,0,10,3,4,49,0,56,0,0,0,56
06/19/2023,GGG,TX,ASW,CE,Combined TRACON& Tower with Radar,3,2,40,0,45,0,3,27,0,30,3,5,67,0,75,74,0,74,149
06/20/2023,GGG,TX,ASW,CE,Combined TRACON& Tower with Radar,3,16,29,14,62,0,42,32,0,74,3,58,61,14,136,240,8,248,384
06/21/2023,GGG,TX,ASW,CE,Combined TRACON& Tower with Radar,5,17,44,12,78,0,17,32,2,51,5,34,76,14,129,215,0,215,344
06/22/2023,GGG,TX,ASW,CE,Combined TRACON& Tower with Radar,3,4,24,19,50,0,55,34,1,90,3,59,58,20,140,294,16,310,450
06/23/2023,GGG,TX,ASW,CE,Combined TRACON& Tower with Radar,3,11,29,49,92,0,42,34,4,80,3,53,63,53,172,236,28,264,436
06/24/2023,GGG,TX,ASW,CE,Combined TRACON& Tower with Radar,3,8,27,1,39,0,20,45,0,65,3,28,72,1,104,168,0,168,272
06/25/2023,GGG,TX,ASW,CE,Combined TRACON& Tower with Radar,3,2,40,1,46,0,4,20,1,25,3,6,60,2,71,34,0,34,105
06/26/2023,GGG,TX,ASW,CE,Combined TRACON& Tower with Radar,4,4,34,7,49,1,26,15,0,42,5,30,49,7,91,202,0,202,293
06/27/2023,GGG,TX,ASW,CE,Combined TRACON& Tower with Radar,3,11,29,47,90,0,46,43,0,89,3,57,72,47,179,278,6,284,463
06/28/2023,GGG,TX,ASW,CE,Combined TRACON& Tower with Radar,5,10,32,37,84,2,48,78,22,150,7,58,110,59,234,146,14,160,394
06/29/2023,GGG,TX,ASW,CE,Combined TRACON& Tower with Radar,3,6,24,40,73,0,42,52,4,98,3,48,76,44,171,170,14,184,355
06/30/2023,GGG,TX,ASW,CE,Combined TRACON& Tower with Radar,3,12,33,11,59,0,41,32,2,75,3,53,65,13,134,260,6,266,400
07/01/2023,GGG,TX,ASW,CE,Combined TRACON& Tower with Radar,3,0,18,0,21,0,12,23,0,35,3,12,41,0,56,22,0,22,78
07/02/2023,GGG,TX,ASW,CE,Combined TRACON& Tower with Radar,3,0,17,0,20,0,1,19,0,20,3,1,36,0,40,16,0,16,56
07/03/2023,GGG,TX,ASW,CE,Combined TRACON& Tower with Radar,3,0,15,0,18,0,2,26,0,28,3,2,41,0,46,66,0,66,112
07/04/2023,GGG,TX,ASW,CE,Combined TRACON& Tower with Radar,3,2,16,0,21,0,9,24,0,33,3,11,40,0,54,64,0,64,118
07/05/2023,GGG,TX,ASW,CE,Combined TRACON& Tower with Radar,3,5,20,0,28,0,29,44,0,73,3,34,64,0,101,194,0,194,295
07/06/2023,GGG,TX,ASW,CE,Combined TRACON& Tower with Radar,3,6,27,0,36,0,25,21,0,46,3,31,48,0,82,268,0,268,350
07/07/2023,GGG,TX,ASW,CE,Combined TRACON& Tower with Radar,3,13,31,29,76,0,35,40,0,75,3,48,71,29,151,348,14,362,513
07/08/2023,GGG,TX,ASW,CE,Combined TRACON& Tower with Radar,3,4,35,7,49,0,17,43,0,60,3,21,78,7,109,116,0,116,225
07/09/2023,GGG,TX,ASW,CE,Combined TRACON& Tower with Radar,2,0,19,0,21,0,1,15,0,16,2,1,34,0,37,0,0,0,37
07/10/2023,GGG,TX,ASW,CE,Combined TRACON& Tower with Radar,4,3,21,8,36,0,17,18,0,35,4,20,39,8,71,198,2,200,271
07/11/2023,GGG,TX,ASW,CE,Combined TRACON& Tower with Radar,3,0,34,0,37,0,21,31,0,52,3,21,65,0,89,162,0,162,251
07/12/2023,GGG,TX,ASW,CE,Combined TRACON& Tower with Radar,3,20,41,4,68,0,31,45,6,82,3,51,86,10,150,168,0,168,318
07/13/2023,GGG,TX,ASW,CE,Combined TRACON& Tower with Radar,3,3,56,40,102,0,26,52,7,85,3,29,108,47,187,176,42,218,405
07/14/2023,GGG,TX,ASW,CE,Combined TRACON& Tower with Radar,3,6,32,40,81,0,24,45,0,69,3,30,77,40,150,178,16,194,344
07/15/2023,GGG,TX,ASW,CE,Combined TRACON& Tower with Radar,5,2,20,20,47,0,0,12,2,14,5,2,32,22,61,12,0,12,73
07/16/2023,GGG,TX,ASW,CE,Combined TRACON& Tower with Radar,3,0,19,4,26,0,0,16,0,16,3,0,35,4,42,16,0,16,58
07/17/2023,GGG,TX,ASW,CE,Combined TRACON& Tower with Radar,3,6,26,11,46,0,27,40,1,68,3,33,66,12,114,166,14,180,294
07/18/2023,GGG,TX,ASW,CE,Combined TRACON& Tower with Radar,3,9,29,36,77,0,16,48,1,65,3,25,77,37,142,236,22,258,400
07/19/2023,GGG,TX,ASW,CE,Combined TRACON& Tower with Radar,5,9,18,4,36,0,35,53,0,88,5,44,71,4,124,238,8,246,370
07/20/2023,GGG,TX,ASW,CE,Combined TRACON& Tower with Radar,3,5,33,23,64,0,28,27,2,57,3,33,60,25,121,180,14,194,315
07/21/2023,GGG,TX,ASW,CE,Combined TRACON& Tower with Radar,3,2,28,23,56,0,24,35,1,60,3,26,63,24,116,122,16,138,254
07/22/2023,GGG,TX,ASW,CE,Combined TRACON& Tower with Radar,3,0,23,0,26,0,3,3,0,6,3,3,26,0,32,0,0,0,32
07/23/2023,GGG,TX,ASW,CE,Combined TRACON& Tower with Radar,3,0,15,3,21,0,2,19,1,22,3,2,34,4,43,18,0,18,61
07/24/2023,GGG,TX,ASW,CE,Combined TRACON& Tower with Radar,3,2,25,22,52,0,29,41,0,70,3,31,66,22,122,118,0,118,240
07/25/2023,GGG,TX,ASW,CE,Combined TRACON& Tower with Radar,3,2,32,2,39,0,20,33,2,55,3,22,65,4,94,86,6,92,186
07/26/2023,GGG,TX,ASW,CE,Combined TRACON& Tower with Radar,3,4,35,21,63,0,27,29,1,57,3,31,64,22,120,122,4,126,246
07/27/2023,GGG,TX,ASW,CE,Combined TRACON& Tower with Radar,3,6,22,27,58,0,19,38,0,57,3,25,60,27,115,122,0,122,237
07/28/2023,GGG,TX,ASW,CE,Combined TRACON& Tower with Radar,3,3,33,21,60,0,20,34,4,58,3,23,67,25,118,116,8,124,242
07/29/2023,GGG,TX,ASW,CE,Combined TRACON& Tower with Radar,3,4,10,14,31,0,10,31,0,41,3,14,41,14,72,10,0,10,82
07/30/2023,GGG,TX,ASW,CE,Combined TRACON& Tower with Radar,3,2,18,14,37,0,9,24,3,36,3,11,42,17,73,4,10,14,87
07/31/2023,GGG,TX,ASW,CE,Combined TRACON& Tower with Radar,3,7,29,23,62,0,22,31,1,54,3,29,60,24,116,78,6,84,200
08/01/2023,GGG,TX,ASW,CE,Combined TRACON& Tower with Radar,3,2,15,17,37,0,18,33,0,51,3,20,48,17,88,110,4,114,202
08/02/2023,GGG,TX,ASW,CE,Combined TRACON& Tower with Radar,3,10,27,18,58,0,15,32,0,47,3,25,59,18,105,168,2,170,275
08/03/2023,GGG,TX,ASW,CE,Combined TRACON& Tower with Radar,3,8,24,72,107,0,25,45,2,72,3,33,69,74,179,202,16,218,397
08/04/2023,GGG,TX,ASW,CE,Combined TRACON& Tower with Radar,3,2,20,60,85,0,26,54,1,81,3,28,74,61,166,146,50,196,362
08/05/2023,GGG,TX,ASW,CE,Combined TRACON& Tower with Radar,3,8,16,14,41,0,4,31,2,37,3,12,47,16,78,44,2,46,124
08/06/2023,GGG,TX,ASW,CE,Combined TRACON& Tower with Radar,3,2,19,0,24,0,0,16,0,16,3,2,35,0,40,0,0,0,40
08/07/2023,GGG,TX,ASW,CE,Combined TRACON& Tower with Radar,3,8,24,40,75,0,19,37,0,56,3,27,61,40,131,176,10,186,317
08/08/2023,GGG,TX,ASW,CE,Combined TRACON& Tower with Radar,3,5,20,26,54,0,21,30,0,51,3,26,50,26,105,84,0,84,189
08/09/2023,GGG,TX,ASW,CE,Combined TRACON& Tower with Radar,4,6,27,8,45,0,14,34,2,50,4,20,61,10,95,32,0,32,127
08/10/2023,GGG,TX,ASW,CE,Combined TRACON& Tower with Radar,3,8,29,38,78,0,22,40,0,62,3,30,69,38,140,92,4,96,236
08/11/2023,GGG,TX,ASW,CE,Combined TRACON& Tower with Radar,3,4,36,57,100,0,27,41,4,72,3,31,77,61,172,146,2,148,320
08/12/2023,GGG,TX,ASW,CE,Combined TRACON& Tower with Radar,3,2,31,31,67,0,6,32,8,46,3,8,63,39,113,6,28,34,147
08/13/2023,GGG,TX,ASW,CE,Combined TRACON& Tower with Radar,5,3,21,4,33,0,3,23,0,26,5,6,44,4,59,16,0,16,75
08/14/2023,GGG,TX,ASW,CE,Combined TRACON& Tower with Radar,3,1,23,15,42,0,12,33,0,45,3,13,56,15,87,80,22,102,189
08/15/2023,GGG,TX,ASW,CE,Combined TRACON& Tower with Radar,3,7,20,12,42,0,22,39,2,63,3,29,59,14,105,106,0,106,211
08/16/2023,GGG,TX,ASW,CE,Combined TRACON& Tower with Radar,3,4,31,13,51,0,15,49,1,65,3,19,80,14,116,134,10,144,260
08/17/2023,GGG,TX,ASW,CE,Combined TRACON& Tower with Radar,3,2,33,37,75,0,23,32,0,55,3,25,65,37,130,152,0,152,282
08/18/2023,GGG,TX,ASW,CE,Combined TRACON& Tower with Radar,3,1,26,40,70,0,28,39,0,67,3,29,65,40,137,82,4,86,223
08/19/2023,GGG,TX,ASW,CE,Combined TRACON& Tower with Radar,3,0,16,9,28,0,4,42,3,49,3,4,58,12,77,34,2,36,113
08/20/2023,GGG,TX,ASW,CE,Combined TRACON& Tower with Radar,3,0,23,14,40,0,3,20,0,23,3,3,43,14,63,20,2,22,85
08/21/2023,GGG,TX,ASW,CE,Combined TRACON& Tower with Radar,3,2,34,18,57,0,25,31,8,64,3,27,65,26,121,70,2,72,193
08/22/2023,GGG,TX,ASW,CE,Combined TRACON& Tower with Radar,4,18,26,40,88,0,46,24,7,77,4,64,50,47,165,62,8,70,235
08/23/2023,GGG,TX,ASW,CE,Combined TRACON& Tower with Radar,3,8,31,12,54,0,40,33,1,74,3,48,64,13,128,136,32,168,296
08/24/2023,GGG,TX,ASW,CE,Combined TRACON& Tower with Radar,3,21,19,14,57,0,39,35,0,74,3,60,54,14,131,116,0,116,247
08/25/2023,GGG,TX,ASW,CE,Combined TRACON& Tower with Radar,3,7,25,25,60,0,66,30,6,102,3,73,55,31,162,146,0,146,308
08/26/2023,GGG,TX,ASW,CE,Combined TRACON& Tower with Radar,3,6,14,2,25,0,31,49,2,82,3,37,63,4,107,134,0,134,241
08/27/2023,GGG,TX,ASW,CE,Combined TRACON& Tower with Radar,5,0,19,8,32,0,6,24,5,35,5,6,43,13,67,20,0,20,87
08/28/2023,GGG,TX,ASW,CE,Combined TRACON& Tower with Radar,4,8,45,14,71,0,28,20,4,52,4,36,65,18,123,94,0,94,217
08/29/2023,GGG,TX,ASW,CE,Combined TRACON& Tower with Radar,3,5,28,24,60,0,63,46,0,109,3,68,74,24,169,106,12,118,287
08/30/2023,GGG,TX,ASW,CE,Combined TRACON& Tower with Radar,3,0,40,19,62,0,53,63,17,133,3,53,103,36,195,122,0,122,317
08/31/2023,GGG,TX,ASW,CE,Combined TRACON& Tower with Radar,3,11,31,49,94,0,48,44,0,92,3,59,75,49,186,108,10,118,304
