01/01/2000,GJT,CO,ANM,WE,Federal Contract Tower,3,39,12,0,54,3,12,0,0,15,6,51,12,0,69,2,0,2,71
01/02/2000,GJT,CO,ANM,WE,Federal Contract Tower,2,78,44,0,124,0,0,45,0,45,2,78,89,0,169,0,0,0,169
01/03/2000,GJT,CO,ANM,WE,Federal Contract Tower,2,77,34,2,115,0,0,98,0,98,2,77,132,2,213,62,16,78,291
01/04/2000,GJT,CO,ANM,WE,Federal Contract Tower,3,52,23,3,81,0,30,74,1,105,3,82,97,4,186,76,8,84,270
01/05/2000,GJT,CO,ANM,WE,Federal Contract Tower,2,53,23,3,81,0,5,41,2,48,2,58,64,5,129,74,18,92,221
01/06/2000,GJT,CO,ANM,WE,Federal Contract Tower,2,44,19,0,65,0,9,73,0,82,2,53,92,0,147,114,0,114,261
01/07/2000,GJT,CO,ANM,WE,Federal Contract Tower,4,53,24,3,84,0,29,64,2,95,4,82,88,5,179,98,14,112,291
01/08/2000,GJT,CO,ANM,WE,Federal Contract Tower,3,37,16,2,58,0,10,59,6,75,3,47,75,8,133,60,0,60,193
01/09/2000,GJT,CO,ANM,WE,Federal Contract Tower,4,42,19,2,67,1,0,54,21,76,5,42,73,23,143,122,18,140,283
01/10/2000,GJT,CO,ANM,WE,Federal Contract Tower,2,50,22,3,77,0,22,76,1,99,2,72,98,4,176,118,0,118,294
01/11/2000,GJT,CO,ANM,WE,Federal Contract Tower,2,40,18,2,62,0,32,79,3,114,2,72,97,5,176,92,4,96,272
01/12/2000,GJT,CO,ANM,WE,Federal Contract Tower,4,48,21,0,73,2,5,38,0,45,6,53,59,0,118,46,0,46,164
01/13/2000,GJT,CO,ANM,WE,Federal Contract Tower,2,51,23,4,80,0,10,71,0,81,2,61,94,4,161,60,2,62,223
01/14/2000,GJT,CO,ANM,WE,Federal Contract Tower,3,60,27,4,94,0,14,85,35,134,3,74,112,39,228,22,8,30,258
01/15/2000,GJT,CO,ANM,WE,Federal Contract Tower,3,40,18,3,64,4,11,109,9,133,7,51,127,12,197,120,4,124,321
01/16/2000,GJT,CO,ANM,WE,Federal Contract Tower,2,42,19,3,66,1,2,67,6,76,3,44,86,9,142,90,20,110,252
01/17/2000,GJT,CO,ANM,WE,Federal Contract Tower,1,52,23,4,80,0,10,71,0,81,1,62,94,4,161,76,26,102,263
01/18/2000,GJT,CO,ANM,WE,Federal Contract Tower,2,62,26,2,92,0,9,37,0,46,2,71,63,2,138,76,4,80,218
01/19/2000,GJT,CO,ANM,WE,Federal Contract Tower,3,52,21,0,76,2,3,71,0,76,5,55,92,0,152,38,0,38,190
01/20/2000,GJT,CO,ANM,WE,Federal Contract Tower,2,48,19,4,73,0,20,111,8,139,2,68,130,12,212,94,4,98,310
01/21/2000,GJT,CO,ANM,WE,Federal Contract Tower,5,81,36,2,124,9,0,29,0,38,14,81,65,2,162,56,0,56,218
01/22/2000,GJT,CO,ANM,WE,Federal Contract Tower,3,51,21,4,79,4,2,48,5,59,7,53,69,9,138,78,10,88,226
01/23/2000,GJT,CO,ANM,WE,Federal Contract Tower,1,36,15,1,53,0,13,98,0,111,1,49,113,1,164,86,0,86,250
01/24/2000,GJT,CO,ANM,WE,Federal Contract Tower,1,54,23,0,78,0,9,88,0,97,1,63,111,0,175,114,0,114,289
01/25/2000,GJT,CO,ANM,WE,Federal Contract Tower,2,56,24,4,86,0,5,6,0,11,2,61,30,4,97,50,6,56,153
01/26/2000,GJT,CO,ANM,WE,Federal Contract Tower,4,70,29,0,103,4,1,12,0,17,8,71,41,0,120,32,0,32,152
01/27/2000,GJT,CO,ANM,WE,Federal Contract Tower,4,61,25,1,91,6,10,69,0,85,10,71,94,1,176,48,2,50,226
01/28/2000,GJT,CO,ANM,WE,Federal Contract Tower,1,62,27,3,93,0,20,93,3,116,1,82,120,6,209,108,10,118,327
01/29/2000,GJT,CO,ANM,WE,Federal Contract Tower,3,45,20,1,69,2,11,119,0,132,5,56,139,1,201,140,0,140,341
01/30/2000,GJT,CO,ANM,WE,Federal Contract Tower,0,31,13,0,44,0,6,74,0,80,0,37,87,0,124,64,0,64,188
01/31/2000,GJT,CO,ANM,WE,Federal Contract Tower,1,52,22,0,75,0,3,21,0,24,1,55,43,0,99,16,0,16,115
02/01/2000,GJT,CO,ANM,WE,Federal Contract Tower,4,48,26,2,80,0,12,85,0,97,4,60,111,2,177,98,0,98,275
02/02/2000,GJT,CO,ANM,WE,Federal Contract Tower,2,50,27,4,83,0,9,76,6,91,2,59,103,10,174,64,36,100,274
02/03/2000,GJT,CO,ANM,WE,Federal Contract Tower,4,46,25,3,78,2,14,58,1,75,6,60,83,4,153,78,0,78,231
02/04/2000,GJT,CO,ANM,WE,Federal Contract Tower,2,49,26,4,81,0,11,81,9,101,2,60,107,13,182,58,12,70,252
02/05/2000,GJT,CO,ANM,WE,Federal Contract Tower,3,38,20,3,64,3,11,105,4,123,6,49,125,7,187,128,4,132,319
02/06/2000,GJT,CO,ANM,WE,Federal Contract Tower,0,32,18,2,52,0,12,94,2,108,0,44,112,4,160,68,2,70,230
02/07/2000,GJT,CO,ANM,WE,Federal Contract Tower,1,38,21,3,63,0,21,92,1,114,1,59,113,4,177,130,2,132,309
02/08/2000,GJT,CO,ANM,WE,Federal Contract Tower,2,50,27,4,83,0,16,79,0,95,2,66,106,4,178,126,16,142,320
02/09/2000,GJT,CO,ANM,WE,Federal Contract Tower,5,58,33,2,98,0,0,49,0,49,5,58,82,2,147,86,0,86,233
02/10/2000,GJT,CO,ANM,WE,Federal Contract Tower,7,69,44,1,121,9,0,38,0,47,16,69,82,1,168,36,0,36,204
02/11/2000,GJT,CO,ANM,WE,Federal Contract Tower,5,57,33,2,97,1,0,69,0,70,6,57,102,2,167,82,0,82,249
02/12/2000,GJT,CO,ANM,WE,Federal Contract Tower,4,48,26,0,78,1,7,26,0,34,5,55,52,0,112,88,0,88,200
02/13/2000,GJT,CO,ANM,WE,Federal Contract Tower,2,49,27,4,82,0,5,60,1,66,2,54,87,5,148,50,0,50,198
02/14/2000,GJT,CO,ANM,WE,Federal Contract Tower,4,49,27,4,84,0,13,51,2,66,4,62,78,6,150,48,4,52,202
02/15/2000,GJT,CO,ANM,WE,Federal Contract Tower,2,52,28,5,87,0,4,67,3,74,2,56,95,8,161,68,0,68,229
02/16/2000,GJT,CO,ANM,WE,Federal Contract Tower,2,47,24,3,76,0,8,49,5,62,2,55,73,8,138,46,0,46,184
02/17/2000,GJT,CO,ANM,WE,Federal Contract Tower,8,78,54,0,140,13,0,42,0,55,21,78,96,0,195,34,0,34,229
02/18/2000,GJT,CO,ANM,WE,Federal Contract Tower,6,90,47,7,150,0,11,57,0,68,6,101,104,7,218,6,0,6,224
02/19/2000,GJT,CO,ANM,WE,Federal Contract Tower,3,43,21,2,69,2,31,145,0,178,5,74,166,2,247,130,0,130,377
02/20/2000,GJT,CO,ANM,WE,Federal Contract Tower,2,41,20,4,67,0,18,84,6,108,2,59,104,10,175,98,4,102,277
02/21/2000,GJT,CO,ANM,WE,Federal Contract Tower,1,49,25,5,80,0,9,43,1,53,1,58,68,6,133,104,4,108,241
02/22/2000,GJT,CO,ANM,WE,Federal Contract Tower,2,75,38,5,120,0,3,69,0,72,2,78,107,5,192,80,14,94,286
02/23/2000,GJT,CO,ANM,WE,Federal Contract Tower,2,52,26,5,85,0,16,92,16,124,2,68,118,21,209,80,18,98,307
02/24/2000,GJT,CO,ANM,WE,Federal Contract Tower,4,69,36,6,115,0,19,20,16,55,4,88,56,22,170,40,8,48,218
02/25/2000,GJT,CO,ANM,WE,Federal Contract Tower,4,56,30,2,92,0,15,26,0,41,4,71,56,2,133,10,0,10,143
02/26/2000,GJT,CO,ANM,WE,Federal Contract Tower,2,37,20,3,62,4,11,123,3,141,6,48,143,6,203,64,8,72,275
02/27/2000,GJT,CO,ANM,WE,Federal Contract Tower,2,40,21,4,67,0,12,116,0,128,2,52,137,4,195,168,0,168,363
02/28/2000,GJT,CO,ANM,WE,Federal Contract Tower,1,46,24,3,74,0,16,25,5,46,1,62,49,8,120,56,26,82,202
02/29/2000,GJT,CO,ANM,WE,Federal Contract Tower,2,65,34,2,103,0,9,85,0,94,2,74,119,2,197,74,26,100,297
03/01/2000,GJT,CO,ANM,WE,Federal Contract Tower,4,52,25,2,83,0,10,41,0,51,4,62,66,2,134,116,0,116,250
03/02/2000,GJT,CO,ANM,WE,Federal Contract Tower,5,54,25,4,88,2,24,100,0,126,7,78,125,4,214,52,4,56,270
03/03/2000,GJT,CO,ANM,WE,Federal Contract Tower,5,48,23,4,80,0,11,90,14,115,5,59,113,18,195,138,12,150,345
03/04/2000,GJT,CO,ANM,WE,Federal Contract Tower,4,40,19,3,66,5,0,83,7,95,9,40,102,10,161,112,48,160,321
03/05/2000,GJT,CO,ANM,WE,Federal Contract Tower,4,40,19,3,66,0,13,43,0,56,4,53,62,3,122,44,8,52,174
03/06/2000,GJT,CO,ANM,WE,Federal Contract Tower,3,53,33,4,93,0,0,24,0,24,3,53,57,4,117,40,4,44,161
03/07/2000,GJT,CO,ANM,WE,Federal Contract Tower,5,56,23,0,84,7,15,0,0,22,12,71,23,0,106,0,0,0,106
03/08/2000,GJT,CO,ANM,WE,Federal Contract Tower,2,58,26,5,91,0,7,51,9,67,2,65,77,14,158,88,14,102,260
03/09/2000,GJT,CO,ANM,WE,Federal Contract Tower,6,62,29,5,102,2,6,27,0,35,8,68,56,5,137,18,0,18,155
03/10/2000,GJT,CO,ANM,WE,Federal Contract Tower,3,63,30,5,101,0,7,84,9,100,3,70,114,14,201,58,0,58,259
03/11/2000,GJT,CO,ANM,WE,Federal Contract Tower,3,37,17,3,60,0,9,128,8,145,3,46,145,11,205,110,10,120,325
03/12/2000,GJT,CO,ANM,WE,Federal Contract Tower,4,47,21,3,75,0,1,103,0,104,4,48,124,3,179,98,0,98,277
03/13/2000,GJT,CO,ANM,WE,Federal Contract Tower,3,40,19,3,65,0,18,101,4,123,3,58,120,7,188,44,18,62,250
03/14/2000,GJT,CO,ANM,WE,Federal Contract Tower,3,48,21,4,76,0,5,99,0,104,3,53,120,4,180,60,0,60,240
03/15/2000,GJT,CO,ANM,WE,Federal Contract Tower,8,73,37,7,125,0,0,47,1,48,8,73,84,8,173,36,2,38,211
03/16/2000,GJT,CO,ANM,WE,Federal Contract Tower,6,59,26,5,96,1,12,96,0,109,7,71,122,5,205,32,0,32,237
03/17/2000,GJT,CO,ANM,WE,Federal Contract Tower,4,65,29,7,105,0,14,103,2,119,4,79,132,9,224,50,8,58,282
03/18/2000,GJT,CO,ANM,WE,Federal Contract Tower,1,57,25,7,90,0,4,87,5,96,1,61,112,12,186,44,12,56,242
03/19/2000,GJT,CO,ANM,WE,Federal Contract Tower,3,46,20,0,69,3,6,127,0,136,6,52,147,0,205,124,0,124,329
03/20/2000,GJT,CO,ANM,WE,Federal Contract Tower,3,45,19,0,67,6,8,0,0,14,9,53,19,0,81,0,0,0,81
03/21/2000,GJT,CO,ANM,WE,Federal Contract Tower,4,57,25,4,90,2,9,45,0,56,6,66,70,4,146,24,0,24,170
03/22/2000,GJT,CO,ANM,WE,Federal Contract Tower,2,54,24,6,86,0,15,57,4,76,2,69,81,10,162,10,20,30,192
03/23/2000,GJT,CO,ANM,WE,Federal Contract Tower,2,54,25,5,86,0,14,87,1,102,2,68,112,6,188,6,0,6,194
03/24/2000,GJT,CO,ANM,WE,Federal Contract Tower,2,57,26,6,91,0,22,123,1,146,2,79,149,7,237,66,10,76,313
03/25/2000,GJT,CO,ANM,WE,Federal Contract Tower,1,34,16,3,54,0,12,126,10,148,1,46,142,13,202,156,16,172,374
03/26/2000,GJT,CO,ANM,WE,Federal Contract Tower,3,37,17,2,59,1,16,100,0,117,4,53,117,2,176,138,0,138,314
03/27/2000,GJT,CO,ANM,WE,Federal Contract Tower,1,40,18,0,59,0,19,96,0,115,1,59,114,0,174,82,0,82,256
03/28/2000,GJT,CO,ANM,WE,Federal Contract Tower,3,57,26,5,91,0,3,3,4,10,3,60,29,9,101,68,0,68,169
03/29/2000,GJT,CO,ANM,WE,Federal Contract Tower,4,49,22,4,79,0,16,61,0,77,4,65,83,4,156,72,0,72,228
03/30/2000,GJT,CO,ANM,WE,Federal Contract Tower,4,56,26,2,88,1,10,40,0,51,5,66,66,2,139,40,0,40,179
03/31/2000,GJT,CO,ANM,WE,Federal Contract Tower,5,63,29,0,97,2,10,54,0,66,7,73,83,0,163,100,0,100,263
04/01/2000,GJT,CO,ANM,WE,Federal Contract Tower,2,39,17,0,58,0,6,125,0,131,2,45,142,0,189,90,0,90,279
04/02/2000,GJT,CO,ANM,WE,Federal Contract Tower,3,54,24,0,81,1,0,112,0,113,4,54,136,0,194,86,8,94,288
04/03/2000,GJT,CO,ANM,WE,Federal Contract Tower,1,48,21,6,76,0,8,108,15,131,1,56,129,21,207,118,18,136,343
04/04/2000,GJT,CO,ANM,WE,Federal Contract Tower,2,48,21,4,75,0,24,105,0,129,2,72,126,4,204,94,14,108,312
04/05/2000,GJT,CO,ANM,WE,Federal Contract Tower,2,47,20,0,69,0,9,122,0,131,2,56,142,0,200,76,0,76,276
04/06/2000,GJT,CO,ANM,WE,Federal Contract Tower,2,51,22,2,77,0,2,96,0,98,2,53,118,2,175,86,4,90,265
04/07/2000,GJT,CO,ANM,WE,Federal Contract Tower,2,58,24,7,91,0,3,150,3,156,2,61,174,10,247,144,36,180,427
04/08/2000,GJT,CO,ANM,WE,Federal Contract Tower,1,37,16,5,59,0,12,107,4,123,1,49,123,9,182,78,6,84,266
04/09/2000,GJT,CO,ANM,WE,Federal Contract Tower,0,39,17,5,61,0,11,49,5,65,0,50,66,10,126,24,0,24,150
04/10/2000,GJT,CO,ANM,WE,Federal Contract Tower,1,45,20,5,71,0,7,50,4,61,1,52,70,9,132,66,16,82,214
04/11/2000,GJT,CO,ANM,WE,Federal Contract Tower,2,48,21,2,73,0,17,88,0,105,2,65,109,2,178,82,28,110,288
04/12/2000,GJT,CO,ANM,WE,Federal Contract Tower,2,46,20,5,73,0,12,143,11,166,2,58,163,16,239,78,28,106,345
04/13/2000,GJT,CO,ANM,WE,Federal Contract Tower,2,62,26,8,98,0,0,100,6,106,2,62,126,14,204,86,8,94,298
04/14/2000,GJT,CO,ANM,WE,Federal Contract Tower,3,58,25,5,91,1,1,72,0,74,4,59,97,5,165,72,0,72,237
04/15/2000,GJT,CO,ANM,WE,Federal Contract Tower,1,36,15,2,54,0,12,16,0,28,1,48,31,2,82,8,0,8,90
04/16/2000,GJT,CO,ANM,WE,Federal Contract Tower,1,31,12,5,49,1,18,72,3,94,2,49,84,8,143,82,0,82,225
04/17/2000,GJT,CO,ANM,WE,Federal Contract Tower,1,51,21,7,80,0,0,84,3,87,1,51,105,10,167,34,14,48,215
04/18/2000,GJT,CO,ANM,WE,Federal Contract Tower,1,48,20,0,69,3,8,20,0,31,4,56,40,0,100,0,0,0,100
04/19/2000,GJT,CO,ANM,WE,Federal Contract Tower,2,61,25,3,91,0,9,53,0,62,2,70,78,3,153,70,2,72,225
04/20/2000,GJT,CO,ANM,WE,Federal Contract Tower,1,47,19,7,74,1,9,114,1,125,2,56,133,8,199,146,8,154,353
04/21/2000,GJT,CO,ANM,WE,Federal Contract Tower,1,50,20,6,77,1,8,122,0,131,2,58,142,6,208,94,0,94,302
04/22/2000,GJT,CO,ANM,WE,Federal Contract Tower,1,34,13,3,51,0,12,50,0,62,1,46,63,3,113,46,0,46,159
04/23/2000,GJT,CO,ANM,WE,Federal Contract Tower,0,33,12,3,48,0,9,61,0,70,0,42,73,3,118,16,0,16,134
04/24/2000,GJT,CO,ANM,WE,Federal Contract Tower,1,58,23,6,88,0,1,98,0,99,1,59,121,6,187,60,14,74,261
04/25/2000,GJT,CO,ANM,WE,Federal Contract Tower,1,50,20,8,79,1,7,105,3,116,2,57,125,11,195,70,34,104,299
04/26/2000,GJT,CO,ANM,WE,Federal Contract Tower,1,45,18,6,70,1,20,88,0,109,2,65,106,6,179,80,12,92,271
04/27/2000,GJT,CO,ANM,WE,Federal Contract Tower,1,47,20,5,73,1,17,116,3,137,2,64,136,8,210,62,28,90,300
04/28/2000,GJT,CO,ANM,WE,Federal Contract Tower,2,55,23,7,87,0,1,129,19,149,2,56,152,26,236,110,0,110,346
04/29/2000,GJT,CO,ANM,WE,Federal Contract Tower,1,37,16,4,58,0,9,76,13,98,1,46,92,17,156,96,0,96,252
04/30/2000,GJT,CO,ANM,WE,Federal Contract Tower,0,44,19,5,68,0,6,74,4,84,0,50,93,9,152,98,0,98,250
05/01/2000,GJT,CO,ANM,WE,Federal Contract Tower,1,48,17,4,70,0,21,110,0,131,1,69,127,4,201,94,16,110,311
05/02/2000,GJT,CO,ANM,WE,Federal Contract Tower,2,50,19,5,76,1,16,121,2,140,3,66,140,7,216,100,2,102,318
05/03/2000,GJT,CO,ANM,WE,Federal Contract Tower,2,49,18,5,74,0,12,107,1,120,2,61,125,6,194,70,0,70,264
05/04/2000,GJT,CO,ANM,WE,Federal Contract Tower,2,48,17,5,72,0,9,119,9,137,2,57,136,14,209,94,0,94,303
05/05/2000,GJT,CO,ANM,WE,Federal Contract Tower,2,48,18,5,73,0,15,130,1,146,2,63,148,6,219,106,2,108,327
05/06/2000,GJT,CO,ANM,WE,Federal Contract Tower,1,38,14,4,57,0,12,76,14,102,1,50,90,18,159,80,26,106,265
05/07/2000,GJT,CO,ANM,WE,Federal Contract Tower,0,42,16,4,62,0,3,32,0,35,0,45,48,4,97,54,2,56,153
05/08/2000,GJT,CO,ANM,WE,Federal Contract Tower,1,48,17,3,69,0,7,24,0,31,1,55,41,3,100,24,0,24,124
05/09/2000,GJT,CO,ANM,WE,Federal Contract Tower,2,56,21,6,85,0,5,105,3,113,2,61,126,9,198,96,4,100,298
05/10/2000,GJT,CO,ANM,WE,Federal Contract Tower,2,46,17,5,70,0,14,49,7,70,2,60,66,12,140,40,30,70,210
05/11/2000,GJT,CO,ANM,WE,Federal Contract Tower,2,57,21,5,85,1,2,51,0,54,3,59,72,5,139,46,4,50,189
05/12/2000,GJT,CO,ANM,WE,Federal Contract Tower,2,57,21,6,86,1,10,66,10,87,3,67,87,16,173,108,38,146,319
05/13/2000,GJT,CO,ANM,WE,Federal Contract Tower,1,35,13,3,52,0,11,120,3,134,1,46,133,6,186,96,18,114,300
05/14/2000,GJT,CO,ANM,WE,Federal Contract Tower,0,36,13,3,52,0,7,64,8,79,0,43,77,11,131,73,0,73,204
05/15/2000,GJT,CO,ANM,WE,Federal Contract Tower,1,48,17,5,71,0,4,55,10,69,1,52,72,15,140,46,4,50,190
05/16/2000,GJT,CO,ANM,WE,Federal Contract Tower,2,52,19,5,78,0,10,50,3,63,2,62,69,8,141,28,0,28,169
05/17/2000,GJT,CO,ANM,WE,Federal Contract Tower,2,36,12,0,50,2,28,54,0,84,4,64,66,0,134,48,0,48,182
05/18/2000,GJT,CO,ANM,WE,Federal Contract Tower,2,72,25,7,106,0,0,59,4,63,2,72,84,11,169,56,4,60,229
05/19/2000,GJT,CO,ANM,WE,Federal Contract Tower,2,61,21,7,91,0,0,111,14,125,2,61,132,21,216,156,16,172,388
05/20/2000,GJT,CO,ANM,WE,Federal Contract Tower,1,40,13,5,59,0,6,123,9,138,1,46,136,14,197,98,20,118,315
05/21/2000,GJT,CO,ANM,WE,Federal Contract Tower,0,40,15,5,60,0,0,57,3,60,0,40,72,8,120,58,0,58,178
05/22/2000,GJT,CO,ANM,WE,Federal Contract Tower,1,47,16,6,70,0,6,84,0,90,1,53,100,6,160,84,2,86,246
05/23/2000,GJT,CO,ANM,WE,Federal Contract Tower,1,45,15,1,62,3,18,133,0,154,4,63,148,1,216,88,0,88,304
05/24/2000,GJT,CO,ANM,WE,Federal Contract Tower,2,59,19,7,87,2,1,103,0,106,4,60,122,7,193,50,0,50,243
05/25/2000,GJT,CO,ANM,WE,Federal Contract Tower,1,51,17,2,71,1,18,105,0,124,2,69,122,2,195,32,0,32,227
05/26/2000,GJT,CO,ANM,WE,Federal Contract Tower,1,58,21,2,82,1,13,113,0,127,2,71,134,2,209,92,0,92,301
05/27/2000,GJT,CO,ANM,WE,Federal Contract Tower,0,29,11,3,43,1,23,104,1,129,1,52,115,4,172,102,2,104,276
05/28/2000,GJT,CO,ANM,WE,Federal Contract Tower,0,31,11,3,45,0,25,57,3,85,0,56,68,6,130,58,0,58,188
05/29/2000,GJT,CO,ANM,WE,Federal Contract Tower,0,37,13,0,50,0,10,108,0,118,0,47,121,0,168,36,2,38,206
05/30/2000,GJT,CO,ANM,WE,Federal Contract Tower,1,52,19,5,77,0,20,143,9,172,1,72,162,14,249,78,6,84,333
05/31/2000,GJT,CO,ANM,WE,Federal Contract Tower,1,53,19,5,78,1,9,230,1,241,2,62,249,6,319,70,34,104,423
06/01/2000,GJT,CO,ANM,WE,Federal Contract Tower,2,52,23,6,83,0,11,153,0,164,2,63,176,6,247,80,24,104,351
06/02/2000,GJT,CO,ANM,WE,Federal Contract Tower,2,44,19,5,70,0,14,123,3,140,2,58,142,8,210,64,0,64,274
06/03/2000,GJT,CO,ANM,WE,Federal Contract Tower,3,29,13,0,45,0,18,138,0,156,3,47,151,0,201,92,0,92,293
06/04/2000,GJT,CO,ANM,WE,Federal Contract Tower,0,35,15,5,55,0,6,107,1,114,0,41,122,6,169,58,0,58,227
06/05/2000,GJT,CO,ANM,WE,Federal Contract Tower,3,46,20,6,75,0,12,101,2,115,3,58,121,8,190,54,2,56,246
06/06/2000,GJT,CO,ANM,WE,Federal Contract Tower,2,47,20,4,73,0,17,146,0,163,2,64,166,4,236,48,0,48,284
06/07/2000,GJT,CO,ANM,WE,Federal Contract Tower,2,51,21,6,80,0,24,124,2,150,2,75,145,8,230,116,20,136,366
06/08/2000,GJT,CO,ANM,WE,Federal Contract Tower,5,43,18,2,68,1,14,122,0,137,6,57,140,2,205,76,16,92,297
06/09/2000,GJT,CO,ANM,WE,Federal Contract Tower,6,54,23,6,89,0,8,85,4,97,6,62,108,10,186,48,16,64,250
06/10/2000,GJT,CO,ANM,WE,Federal Contract Tower,4,35,15,3,57,2,24,113,0,139,6,59,128,3,196,110,14,124,320
06/11/2000,GJT,CO,ANM,WE,Federal Contract Tower,4,39,17,4,64,0,7,163,7,177,4,46,180,11,241,100,4,104,345
06/12/2000,GJT,CO,ANM,WE,Federal Contract Tower,5,43,18,4,70,0,18,114,0,132,5,61,132,4,202,104,6,110,312
06/13/2000,GJT,CO,ANM,WE,Federal Contract Tower,6,51,20,6,83,0,8,78,6,92,6,59,98,12,175,62,8,70,245
06/14/2000,GJT,CO,ANM,WE,Federal Contract Tower,5,46,19,5,75,1,7,152,9,169,6,53,171,14,244,68,8,76,320
06/15/2000,GJT,CO,ANM,WE,Federal Contract Tower,5,43,17,5,70,1,19,120,5,145,6,62,137,10,215,78,4,82,297
06/16/2000,GJT,CO,ANM,WE,Federal Contract Tower,6,52,22,6,86,0,0,157,13,170,6,52,179,19,256,110,22,132,388
06/17/2000,GJT,CO,ANM,WE,Federal Contract Tower,4,32,13,3,52,1,13,93,1,108,5,45,106,4,160,76,6,82,242
06/18/2000,GJT,CO,ANM,WE,Federal Contract Tower,3,33,13,5,54,1,15,65,4,85,4,48,78,9,139,44,0,44,183
06/19/2000,GJT,CO,ANM,WE,Federal Contract Tower,5,57,23,8,93,0,8,76,4,88,5,65,99,12,181,74,0,74,255
06/20/2000,GJT,CO,ANM,WE,Federal Contract Tower,4,47,19,7,77,2,16,141,1,160,6,63,160,8,237,66,8,74,311
06/21/2000,GJT,CO,ANM,WE,Federal Contract Tower,4,49,20,0,73,2,18,132,0,152,6,67,152,0,225,86,0,86,311
06/22/2000,GJT,CO,ANM,WE,Federal Contract Tower,5,55,24,8,92,1,0,128,6,135,6,55,152,14,227,82,48,130,357
06/23/2000,GJT,CO,ANM,WE,Federal Contract Tower,4,46,19,6,75,2,10,108,2,122,6,56,127,8,197,76,4,80,277
06/24/2000,GJT,CO,ANM,WE,Federal Contract Tower,3,32,13,0,48,2,8,93,0,103,5,40,106,0,151,68,0,68,219
06/25/2000,GJT,CO,ANM,WE,Federal Contract Tower,4,43,17,6,70,0,2,103,23,128,4,45,120,29,198,32,8,40,238
06/26/2000,GJT,CO,ANM,WE,Federal Contract Tower,5,45,20,5,75,0,0,78,0,78,5,45,98,5,153,30,0,30,183
06/27/2000,GJT,CO,ANM,WE,Federal Contract Tower,4,47,19,4,74,0,13,89,0,102,4,60,108,4,176,80,2,82,258
06/28/2000,GJT,CO,ANM,WE,Federal Contract Tower,4,44,19,5,72,2,18,93,7,120,6,62,112,12,192,14,16,30,222
06/29/2000,GJT,CO,ANM,WE,Federal Contract Tower,4,49,21,5,79,2,8,87,6,103,6,57,108,11,182,46,0,46,228
06/30/2000,GJT,CO,ANM,WE,Federal Contract Tower,4,46,20,5,75,2,17,132,3,154,6,63,152,8,229,102,4,106,335
07/01/2000,GJT,CO,ANM,WE,Federal Contract Tower,5,32,16,3,56,0,4,103,9,116,5,36,119,12,172,108,0,108,280
07/02/2000,GJT,CO,ANM,WE,Federal Contract Tower,2,28,14,2,46,0,15,98,0,113,2,43,112,2,159,32,0,32,191
07/03/2000,GJT,CO,ANM,WE,Federal Contract Tower,4,30,15,0,49,1,16,148,0,165,5,46,163,0,214,48,0,48,262
07/04/2000,GJT,CO,ANM,WE,Federal Contract Tower,4,25,12,2,43,0,13,234,0,247,4,38,246,2,290,50,0,50,340
07/05/2000,GJT,CO,ANM,WE,Federal Contract Tower,6,45,21,5,77,0,16,322,4,342,6,61,343,9,419,60,6,66,485
07/06/2000,GJT,CO,ANM,WE,Federal Contract Tower,6,45,21,2,74,0,9,246,0,255,6,54,267,2,329,102,22,124,453
07/07/2000,GJT,CO,ANM,WE,Federal Contract Tower,7,49,24,5,85,1,6,223,13,243,8,55,247,18,328,100,10,110,438
07/08/2000,GJT,CO,ANM,WE,Federal Contract Tower,4,27,13,2,46,0,7,124,0,131,4,34,137,2,177,63,0,63,240
07/09/2000,GJT,CO,ANM,WE,Federal Contract Tower,5,42,20,4,71,0,4,115,16,135,5,46,135,20,206,72,0,72,278
07/10/2000,GJT,CO,ANM,WE,Federal Contract Tower,5,45,22,5,77,0,10,129,0,139,5,55,151,5,216,98,0,98,314
07/11/2000,GJT,CO,ANM,WE,Federal Contract Tower,4,41,20,3,68,0,19,141,0,160,4,60,161,3,228,72,0,72,300
07/12/2000,GJT,CO,ANM,WE,Federal Contract Tower,6,42,20,4,72,2,15,129,0,146,8,57,149,4,218,128,8,136,354
07/13/2000,GJT,CO,ANM,WE,Federal Contract Tower,6,52,25,5,88,2,6,117,0,125,8,58,142,5,213,88,6,94,307
07/14/2000,GJT,CO,ANM,WE,Federal Contract Tower,6,50,24,7,87,2,17,106,11,136,8,67,130,18,223,127,6,133,356
07/15/2000,GJT,CO,ANM,WE,Federal Contract Tower,3,33,16,5,57,0,10,104,7,121,3,43,120,12,178,74,4,78,256
07/16/2000,GJT,CO,ANM,WE,Federal Contract Tower,4,39,19,5,67,0,1,79,17,97,4,40,98,22,164,46,30,76,240
07/17/2000,GJT,CO,ANM,WE,Federal Contract Tower,5,48,24,6,83,0,0,95,0,95,5,48,119,6,178,56,14,70,248
07/18/2000,GJT,CO,ANM,WE,Federal Contract Tower,5,50,22,2,79,0,5,136,0,141,5,55,158,2,220,72,0,72,292
07/19/2000,GJT,CO,ANM,WE,Federal Contract Tower,6,53,24,7,90,0,4,212,4,220,6,57,236,11,310,84,10,94,404
07/20/2000,GJT,CO,ANM,WE,Federal Contract Tower,6,48,22,6,82,0,14,162,6,182,6,62,184,12,264,144,4,148,412
07/21/2000,GJT,CO,ANM,WE,Federal Contract Tower,6,47,21,6,80,0,17,208,14,239,6,64,229,20,319,124,8,132,451
07/22/2000,GJT,CO,ANM,WE,Federal Contract Tower,3,30,13,4,50,0,11,162,1,174,3,41,175,5,224,110,0,110,334
07/23/2000,GJT,CO,ANM,WE,Federal Contract Tower,4,34,15,5,58,1,3,201,6,211,5,37,216,11,269,24,4,28,297
07/24/2000,GJT,CO,ANM,WE,Federal Contract Tower,5,47,22,6,80,0,0,237,0,237,5,47,259,6,317,30,4,34,351
07/25/2000,GJT,CO,ANM,WE,Federal Contract Tower,6,51,23,5,85,2,1,187,0,190,8,52,210,5,275,72,0,72,347
07/26/2000,GJT,CO,ANM,WE,Federal Contract Tower,4,51,24,4,83,0,0,190,0,190,4,51,214,4,273,68,14,82,355
07/27/2000,GJT,CO,ANM,WE,Federal Contract Tower,5,46,21,6,78,1,20,171,0,192,6,66,192,6,270,128,0,128,398
07/28/2000,GJT,CO,ANM,WE,Federal Contract Tower,6,50,22,6,84,2,18,135,4,159,8,68,157,10,243,72,20,92,335
07/29/2000,GJT,CO,ANM,WE,Federal Contract Tower,4,35,16,1,56,1,0,143,0,144,5,35,159,1,200,108,0,108,308
07/30/2000,GJT,CO,ANM,WE,Federal Contract Tower,4,46,21,5,76,0,4,81,1,86,4,50,102,6,162,96,0,96,258
07/31/2000,GJT,CO,ANM,WE,Federal Contract Tower,5,43,20,4,72,1,6,108,0,115,6,49,128,4,187,30,0,30,217
08/01/2000,GJT,CO,ANM,WE,Federal Contract Tower,4,42,19,6,71,0,18,107,1,126,4,60,126,7,197,26,30,56,253
08/02/2000,GJT,CO,ANM,WE,Federal Contract Tower,6,45,21,3,75,1,16,93,0,110,7,61,114,3,185,48,0,48,233
08/03/2000,GJT,CO,ANM,WE,Federal Contract Tower,4,46,20,7,77,0,19,108,2,129,4,65,128,9,206,62,22,84,290
08/04/2000,GJT,CO,ANM,WE,Federal Contract Tower,6,52,23,8,89,0,17,118,12,147,6,69,141,20,236,104,8,112,348
08/05/2000,GJT,CO,ANM,WE,Federal Contract Tower,5,40,19,6,70,2,10,133,0,145,7,50,152,6,215,106,8,114,329
08/06/2000,GJT,CO,ANM,WE,Federal Contract Tower,6,41,18,6,71,0,11,140,15,166,6,52,158,21,237,94,19,113,350
08/07/2000,GJT,CO,ANM,WE,Federal Contract Tower,2,46,20,7,75,0,5,173,2,180,2,51,193,9,255,48,2,50,305
08/08/2000,GJT,CO,ANM,WE,Federal Contract Tower,6,47,22,6,81,2,9,134,0,145,8,56,156,6,226,118,2,120,346
08/09/2000,GJT,CO,ANM,WE,Federal Contract Tower,6,47,21,7,81,2,22,89,3,116,8,69,110,10,197,60,42,102,299
08/10/2000,GJT,CO,ANM,WE,Federal Contract Tower,6,53,23,8,90,0,14,93,0,107,6,67,116,8,197,62,0,62,259
08/11/2000,GJT,CO,ANM,WE,Federal Contract Tower,6,57,26,8,97,0,7,146,0,153,6,64,172,8,250,65,0,65,315
08/12/2000,GJT,CO,ANM,WE,Federal Contract Tower,5,36,16,5,62,2,7,126,0,135,7,43,142,5,197,88,0,88,285
08/13/2000,GJT,CO,ANM,WE,Federal Contract Tower,4,43,19,6,72,0,10,122,5,137,4,53,141,11,209,48,0,48,257
08/14/2000,GJT,CO,ANM,WE,Federal Contract Tower,5,43,20,6,74,0,10,100,0,110,5,53,120,6,184,62,16,78,262
08/15/2000,GJT,CO,ANM,WE,Federal Contract Tower,6,49,22,8,85,0,8,162,4,174,6,57,184,12,259,142,24,166,425
08/16/2000,GJT,CO,ANM,WE,Federal Contract Tower,5,47,21,6,79,1,19,104,0,124,6,66,125,6,203,44,0,44,247
08/17/2000,GJT,CO,ANM,WE,Federal Contract Tower,5,47,21,6,79,1,11,91,0,103,6,58,112,6,182,54,16,70,252
08/18/2000,GJT,CO,ANM,WE,Federal Contract Tower,6,56,26,10,98,0,0,109,13,122,6,56,135,23,220,132,26,158,378
08/19/2000,GJT,CO,ANM,WE,Federal Contract Tower,4,35,14,5,58,1,16,102,0,119,5,51,116,5,177,38,0,38,215
08/20/2000,GJT,CO,ANM,WE,Federal Contract Tower,4,41,17,7,69,0,3,84,11,98,4,44,101,18,167,40,36,76,243
08/21/2000,GJT,CO,ANM,WE,Federal Contract Tower,5,52,22,9,88,0,2,96,0,98,5,54,118,9,186,56,8,64,250
08/22/2000,GJT,CO,ANM,WE,Federal Contract Tower,5,42,17,4,68,2,15,97,0,114,7,57,114,4,182,52,0,52,234
08/23/2000,GJT,CO,ANM,WE,Federal Contract Tower,5,44,19,0,68,0,24,110,0,134,5,68,129,0,202,70,0,70,272
08/24/2000,GJT,CO,ANM,WE,Federal Contract Tower,6,54,22,9,91,0,9,101,1,111,6,63,123,10,202,62,16,78,280
08/25/2000,GJT,CO,ANM,WE,Federal Contract Tower,5,48,21,8,82,1,15,142,6,164,6,63,163,14,246,88,16,104,350
08/26/2000,GJT,CO,ANM,WE,Federal Contract Tower,3,28,12,5,48,0,18,156,1,175,3,46,168,6,223,108,4,112,335
08/27/2000,GJT,CO,ANM,WE,Federal Contract Tower,4,38,19,6,67,2,0,82,12,96,6,38,101,18,163,66,4,70,233
08/28/2000,GJT,CO,ANM,WE,Federal Contract Tower,3,41,19,6,69,0,3,88,6,97,3,44,107,12,166,44,8,52,218
08/29/2000,GJT,CO,ANM,WE,Federal Contract Tower,4,42,18,5,69,0,12,124,0,136,4,54,142,5,205,86,0,86,291
08/30/2000,GJT,CO,ANM,WE,Federal Contract Tower,5,46,21,6,78,1,8,74,4,87,6,54,95,10,165,86,2,88,253
08/31/2000,GJT,CO,ANM,WE,Federal Contract Tower,6,52,23,7,88,0,12,79,4,95,6,64,102,11,183,46,14,60,243
09/01/2000,GJT,CO,ANM,WE,Federal Contract Tower,3,51,24,9,87,3,0,80,6,89,6,51,104,15,176,48,24,72,248
09/02/2000,GJT,CO,ANM,WE,Federal Contract Tower,2,35,15,4,56,3,7,101,0,111,5,42,116,4,167,90,0,90,257
09/03/2000,GJT,CO,ANM,WE,Federal Contract Tower,2,33,14,5,54,2,8,63,0,73,4,41,77,5,127,86,10,96,223
09/04/2000,GJT,CO,ANM,WE,Federal Contract Tower,2,36,16,5,59,0,3,100,8,111,2,39,116,13,170,128,8,136,306
09/05/2000,GJT,CO,ANM,WE,Federal Contract Tower,3,48,20,7,78,2,4,91,8,105,5,52,111,15,183,58,12,70,253
09/06/2000,GJT,CO,ANM,WE,Federal Contract Tower,2,48,21,7,78,0,19,91,4,114,2,67,112,11,192,52,18,70,262
09/07/2000,GJT,CO,ANM,WE,Federal Contract Tower,2,48,21,7,78,0,14,108,14,136,2,62,129,21,214,86,106,192,406
09/08/2000,GJT,CO,ANM,WE,Federal Contract Tower,2,45,18,7,72,0,15,105,13,133,2,60,123,20,205,132,154,286,491
09/09/2000,GJT,CO,ANM,WE,Federal Contract Tower,1,27,12,4,44,0,16,132,9,157,1,43,144,13,201,76,130,206,407
09/10/2000,GJT,CO,ANM,WE,Federal Contract Tower,0,36,16,5,57,0,17,186,18,221,0,53,202,23,278,170,160,330,608
09/11/2000,GJT,CO,ANM,WE,Federal Contract Tower,1,42,18,6,67,0,9,116,15,140,1,51,134,21,207,92,8,100,307
09/12/2000,GJT,CO,ANM,WE,Federal Contract Tower,2,53,22,8,85,0,8,130,3,141,2,61,152,11,226,182,8,190,416
09/13/2000,GJT,CO,ANM,WE,Federal Contract Tower,3,53,23,2,81,1,19,132,0,152,4,72,155,2,233,236,2,238,471
09/14/2000,GJT,CO,ANM,WE,Federal Contract Tower,2,51,21,0,74,0,13,104,0,117,2,64,125,0,191,130,0,130,321
09/15/2000,GJT,CO,ANM,WE,Federal Contract Tower,2,64,27,11,104,0,0,141,15,156,2,64,168,26,260,90,46,136,396
09/16/2000,GJT,CO,ANM,WE,Federal Contract Tower,1,34,15,3,53,0,14,83,0,97,1,48,98,3,150,56,0,56,206
09/17/2000,GJT,CO,ANM,WE,Federal Contract Tower,0,47,18,8,73,0,4,144,11,159,0,51,162,19,232,92,16,108,340
09/18/2000,GJT,CO,ANM,WE,Federal Contract Tower,1,54,22,9,86,0,0,110,0,110,1,54,132,9,196,76,0,76,272
09/19/2000,GJT,CO,ANM,WE,Federal Contract Tower,2,47,19,8,76,1,17,142,0,160,3,64,161,8,236,190,14,204,440
09/20/2000,GJT,CO,ANM,WE,Federal Contract Tower,2,50,20,3,75,0,17,122,0,139,2,67,142,3,214,94,0,94,308
09/21/2000,GJT,CO,ANM,WE,Federal Contract Tower,2,53,21,8,84,0,12,67,0,79,2,65,88,8,163,56,20,76,239
09/22/2000,GJT,CO,ANM,WE,Federal Contract Tower,2,59,23,10,94,0,8,68,3,79,2,67,91,13,173,46,4,50,223
09/23/2000,GJT,CO,ANM,WE,Federal Contract Tower,1,36,14,2,53,0,5,21,0,26,1,41,35,2,79,18,14,32,111
09/24/2000,GJT,CO,ANM,WE,Federal Contract Tower,2,44,17,7,70,0,1,97,5,103,2,45,114,12,173,134,10,144,317
09/25/2000,GJT,CO,ANM,WE,Federal Contract Tower,1,52,20,9,82,0,6,118,4,128,1,58,138,13,210,92,2,94,304
09/26/2000,GJT,CO,ANM,WE,Federal Contract Tower,2,61,26,8,97,2,4,138,0,144,4,65,164,8,241,122,20,142,383
09/27/2000,GJT,CO,ANM,WE,Federal Contract Tower,1,43,18,6,68,1,21,99,0,121,2,64,117,6,189,110,14,124,313
09/28/2000,GJT,CO,ANM,WE,Federal Contract Tower,2,57,24,7,90,0,0,83,0,83,2,57,107,7,173,72,0,72,245
09/29/2000,GJT,CO,ANM,WE,Federal Contract Tower,2,49,20,7,78,0,6,77,0,83,2,55,97,7,161,55,0,55,216
09/30/2000,GJT,CO,ANM,WE,Federal Contract Tower,1,31,13,5,50,0,6,73,13,92,1,37,86,18,142,24,4,28,170
10/01/2000,GJT,CO,ANM,WE,Federal Contract Tower,0,43,22,6,71,0,3,102,1,106,0,46,124,7,177,46,2,48,225
10/02/2000,GJT,CO,ANM,WE,Federal Contract Tower,1,43,21,6,71,0,14,91,1,106,1,57,112,7,177,96,6,102,279
10/03/2000,GJT,CO,ANM,WE,Federal Contract Tower,2,47,23,7,79,0,21,92,0,113,2,68,115,7,192,66,4,70,262
10/04/2000,GJT,CO,ANM,WE,Federal Contract Tower,2,50,25,2,79,0,10,39,0,49,2,60,64,2,128,24,14,38,166
10/05/2000,GJT,CO,ANM,WE,Federal Contract Tower,2,47,26,8,83,0,0,78,2,80,2,47,104,10,163,52,8,60,223
10/06/2000,GJT,CO,ANM,WE,Federal Contract Tower,2,50,25,7,84,0,0,89,22,111,2,50,114,29,195,70,30,100,295
10/07/2000,GJT,CO,ANM,WE,Federal Contract Tower,1,36,18,5,60,0,16,87,6,109,1,52,105,11,169,102,6,108,277
10/08/2000,GJT,CO,ANM,WE,Federal Contract Tower,0,35,20,6,61,0,0,75,19,94,0,35,95,25,155,70,36,106,261
10/09/2000,GJT,CO,ANM,WE,Federal Contract Tower,1,47,23,7,78,0,3,99,17,119,1,50,122,24,197,90,36,126,323
10/10/2000,GJT,CO,ANM,WE,Federal Contract Tower,2,49,24,6,81,0,19,44,0,63,2,68,68,6,144,42,0,42,186
10/11/2000,GJT,CO,ANM,WE,Federal Contract Tower,2,49,24,6,81,0,1,27,0,28,2,50,51,6,109,36,0,36,145
10/12/2000,GJT,CO,ANM,WE,Federal Contract Tower,2,52,26,6,86,0,5,77,0,82,2,57,103,6,168,56,24,80,248
10/13/2000,GJT,CO,ANM,WE,Federal Contract Tower,2,64,32,9,107,0,0,116,12,128,2,64,148,21,235,84,4,88,323
10/14/2000,GJT,CO,ANM,WE,Federal Contract Tower,1,32,16,4,53,0,5,93,3,101,1,37,109,7,154,90,24,114,268
10/15/2000,GJT,CO,ANM,WE,Federal Contract Tower,0,42,20,5,67,0,9,70,9,88,0,51,90,14,155,68,6,74,229
10/16/2000,GJT,CO,ANM,WE,Federal Contract Tower,1,42,20,5,68,0,8,93,2,103,1,50,113,7,171,42,2,44,215
10/17/2000,GJT,CO,ANM,WE,Federal Contract Tower,2,49,23,7,81,0,17,131,5,153,2,66,154,12,234,120,4,124,358
10/18/2000,GJT,CO,ANM,WE,Federal Contract Tower,2,56,26,8,92,0,7,81,1,89,2,63,107,9,181,124,0,124,305
10/19/2000,GJT,CO,ANM,WE,Federal Contract Tower,2,58,32,3,95,0,0,80,0,80,2,58,112,3,175,40,0,40,215
10/20/2000,GJT,CO,ANM,WE,Federal Contract Tower,2,58,27,9,96,0,9,136,9,154,2,67,163,18,250,131,0,131,381
10/21/2000,GJT,CO,ANM,WE,Federal Contract Tower,1,35,16,5,57,0,19,70,5,94,1,54,86,10,151,54,4,58,209
10/22/2000,GJT,CO,ANM,WE,Federal Contract Tower,0,41,19,3,63,0,6,79,0,85,0,47,98,3,148,56,0,56,204
10/23/2000,GJT,CO,ANM,WE,Federal Contract Tower,1,39,18,2,60,0,8,46,0,54,1,47,64,2,114,60,0,60,174
10/24/2000,GJT,CO,ANM,WE,Federal Contract Tower,2,68,32,6,108,10,6,22,0,38,12,74,54,6,146,54,4,58,204
10/25/2000,GJT,CO,ANM,WE,Federal Contract Tower,2,63,30,2,97,2,7,92,0,101,4,70,122,2,198,90,0,90,288
10/26/2000,GJT,CO,ANM,WE,Federal Contract Tower,2,58,27,7,94,2,20,118,0,140,4,78,145,7,234,80,24,104,338
10/27/2000,GJT,CO,ANM,WE,Federal Contract Tower,1,52,25,6,84,1,9,92,0,102,2,61,117,6,186,92,16,108,294
10/28/2000,GJT,CO,ANM,WE,Federal Contract Tower,1,38,18,5,62,1,6,31,2,40,2,44,49,7,102,92,2,94,196
10/29/2000,GJT,CO,ANM,WE,Federal Contract Tower,0,32,15,0,47,0,11,91,0,102,0,43,106,0,149,108,0,108,257
10/30/2000,GJT,CO,ANM,WE,Federal Contract Tower,1,38,18,0,57,0,15,36,0,51,1,53,54,0,108,84,0,84,192
10/31/2000,GJT,CO,ANM,WE,Federal Contract Tower,2,55,27,0,84,0,17,42,0,59,2,72,69,0,143,54,0,54,197
11/01/2000,GJT,CO,ANM,WE,Federal Contract Tower,2,60,23,0,85,0,6,33,0,39,2,66,56,0,124,60,0,60,184
11/02/2000,GJT,CO,ANM,WE,Federal Contract Tower,2,50,20,2,74,0,14,74,0,88,2,64,94,2,162,141,4,145,307
11/03/2000,GJT,CO,ANM,WE,Federal Contract Tower,2,62,24,6,94,0,4,89,15,108,2,66,113,21,202,110,58,168,370
11/04/2000,GJT,CO,ANM,WE,Federal Contract Tower,1,43,17,5,66,0,12,94,31,137,1,55,111,36,203,104,46,150,353
11/05/2000,GJT,CO,ANM,WE,Federal Contract Tower,2,32,12,1,47,0,0,35,0,35,2,32,47,1,82,26,10,36,118
11/06/2000,GJT,CO,ANM,WE,Federal Contract Tower,2,47,19,5,73,1,8,48,3,60,3,55,67,8,133,104,4,108,241
11/07/2000,GJT,CO,ANM,WE,Federal Contract Tower,2,54,21,2,79,0,14,82,0,96,2,68,103,2,175,62,8,70,245
11/08/2000,GJT,CO,ANM,WE,Federal Contract Tower,2,53,21,4,80,0,5,83,0,88,2,58,104,4,168,96,10,106,274
11/09/2000,GJT,CO,ANM,WE,Federal Contract Tower,2,56,22,5,85,0,3,52,7,62,2,59,74,12,147,126,8,134,281
11/10/2000,GJT,CO,ANM,WE,Federal Contract Tower,2,52,21,5,80,0,5,19,0,24,2,57,40,5,104,20,2,22,126
11/11/2000,GJT,CO,ANM,WE,Federal Contract Tower,1,33,13,0,47,0,4,7,0,11,1,37,20,0,58,36,0,36,94
11/12/2000,GJT,CO,ANM,WE,Federal Contract Tower,0,50,20,6,76,0,3,84,16,103,0,53,104,22,179,148,0,148,327
11/13/2000,GJT,CO,ANM,WE,Federal Contract Tower,1,52,21,6,80,0,5,82,1,88,1,57,103,7,168,120,0,120,288
11/14/2000,GJT,CO,ANM,WE,Federal Contract Tower,1,43,17,0,61,1,27,64,0,92,2,70,81,0,153,76,0,76,229
11/15/2000,GJT,CO,ANM,WE,Federal Contract Tower,2,54,22,0,78,0,5,35,0,40,2,59,57,0,118,72,0,72,190
11/16/2000,GJT,CO,ANM,WE,Federal Contract Tower,2,52,19,4,77,2,3,69,0,74,4,55,88,4,151,96,0,96,247
11/17/2000,GJT,CO,ANM,WE,Federal Contract Tower,2,56,22,7,87,0,0,54,3,57,2,56,76,10,144,52,18,70,214
11/18/2000,GJT,CO,ANM,WE,Federal Contract Tower,1,44,16,5,66,3,0,105,15,123,4,44,121,20,189,86,38,124,313
11/19/2000,GJT,CO,ANM,WE,Federal Contract Tower,0,41,15,5,61,0,6,117,3,126,0,47,132,8,187,82,0,82,269
11/20/2000,GJT,CO,ANM,WE,Federal Contract Tower,2,54,20,3,79,2,5,111,0,118,4,59,131,3,197,72,4,76,273
11/21/2000,GJT,CO,ANM,WE,Federal Contract Tower,2,52,19,6,79,0,13,107,3,123,2,65,126,9,202,110,16,126,328
11/22/2000,GJT,CO,ANM,WE,Federal Contract Tower,2,56,22,5,85,0,0,80,0,80,2,56,102,5,165,120,36,156,321
11/23/2000,GJT,CO,ANM,WE,Federal Contract Tower,1,29,11,0,41,3,5,30,0,38,4,34,41,0,79,50,0,50,129
11/24/2000,GJT,CO,ANM,WE,Federal Contract Tower,1,38,15,0,54,1,18,85,0,104,2,56,100,0,158,110,0,110,268
11/25/2000,GJT,CO,ANM,WE,Federal Contract Tower,1,35,14,2,52,2,8,77,0,87,3,43,91,2,139,74,2,76,215
11/26/2000,GJT,CO,ANM,WE,Federal Contract Tower,0,52,20,4,76,0,0,118,0,118,0,52,138,4,194,86,0,86,280
11/27/2000,GJT,CO,ANM,WE,Federal Contract Tower,1,51,20,5,77,0,5,53,4,62,1,56,73,9,139,54,20,74,213
11/28/2000,GJT,CO,ANM,WE,Federal Contract Tower,2,59,23,4,88,0,17,91,0,108,2,76,114,4,196,104,0,104,300
11/29/2000,GJT,CO,ANM,WE,Federal Contract Tower,2,52,20,5,79,0,10,64,1,75,2,62,84,6,154,48,2,50,204
11/30/2000,GJT,CO,ANM,WE,Federal Contract Tower,1,48,19,4,72,1,11,73,6,91,2,59,92,10,163,134,10,144,307
12/01/2000,GJT,CO,ANM,WE,Federal Contract Tower,2,60,22,5,89,0,3,86,25,114,2,63,108,30,203,142,18,160,363
12/02/2000,GJT,CO,ANM,WE,Federal Contract Tower,1,34,13,2,50,0,7,109,9,125,1,41,122,11,175,136,34,170,345
12/03/2000,GJT,CO,ANM,WE,Federal Contract Tower,0,40,15,4,59,0,1,63,16,80,0,41,78,20,139,40,38,78,217
12/04/2000,GJT,CO,ANM,WE,Federal Contract Tower,1,46,21,4,72,0,0,109,5,114,1,46,130,9,186,96,8,104,290
12/05/2000,GJT,CO,ANM,WE,Federal Contract Tower,2,45,17,2,66,0,16,101,0,117,2,61,118,2,183,112,0,112,295
12/06/2000,GJT,CO,ANM,WE,Federal Contract Tower,3,55,21,4,83,1,5,73,4,83,4,60,94,8,166,66,14,80,246
12/07/2000,GJT,CO,ANM,WE,Federal Contract Tower,2,57,23,5,87,0,0,77,16,93,2,57,100,21,180,70,14,84,264
12/08/2000,GJT,CO,ANM,WE,Federal Contract Tower,3,58,22,5,88,0,3,66,1,70,3,61,88,6,158,106,6,112,270
12/09/2000,GJT,CO,ANM,WE,Federal Contract Tower,2,40,15,3,60,0,6,45,3,54,2,46,60,6,114,118,4,122,236
12/10/2000,GJT,CO,ANM,WE,Federal Contract Tower,2,36,14,2,54,2,6,43,0,51,4,42,57,2,105,104,0,104,209
12/11/2000,GJT,CO,ANM,WE,Federal Contract Tower,3,55,21,3,82,0,8,51,0,59,3,63,72,3,141,30,4,34,175
12/12/2000,GJT,CO,ANM,WE,Federal Contract Tower,2,63,23,5,93,0,3,22,3,28,2,66,45,8,121,46,20,66,187
12/13/2000,GJT,CO,ANM,WE,Federal Contract Tower,2,64,24,2,92,0,0,27,0,27,2,64,51,2,119,30,0,30,149
12/14/2000,GJT,CO,ANM,WE,Federal Contract Tower,2,71,27,2,102,0,0,21,0,21,2,71,48,2,123,14,0,14,137
12/15/2000,GJT,CO,ANM,WE,Federal Contract Tower,4,73,29,0,106,2,0,62,0,64,6,73,91,0,170,12,0,12,182
12/16/2000,GJT,CO,ANM,WE,Federal Contract Tower,1,42,14,3,60,0,5,113,1,119,1,47,127,4,179,96,0,96,275
12/17/2000,GJT,CO,ANM,WE,Federal Contract Tower,3,49,17,3,72,1,5,40,0,46,4,54,57,3,118,26,0,26,144
12/18/2000,GJT,CO,ANM,WE,Federal Contract Tower,2,53,18,5,78,0,6,92,0,98,2,59,110,5,176,100,4,104,280
12/19/2000,GJT,CO,ANM,WE,Federal Contract Tower,2,50,17,0,69,1,13,79,0,93,3,63,96,0,162,58,0,58,220
12/20/2000,GJT,CO,ANM,WE,Federal Contract Tower,3,64,22,6,95,1,4,80,2,87,4,68,102,8,182,52,0,52,234
12/21/2000,GJT,CO,ANM,WE,Federal Contract Tower,2,53,19,5,79,2,12,48,9,71,4,65,67,14,150,12,0,12,162
12/22/2000,GJT,CO,ANM,WE,Federal Contract Tower,2,55,19,5,81,4,13,108,0,125,6,68,127,5,206,92,32,124,330
12/23/2000,GJT,CO,ANM,WE,Federal Contract Tower,1,40,14,0,55,2,9,53,0,64,3,49,67,0,119,72,0,72,191
12/24/2000,GJT,CO,ANM,WE,Federal Contract Tower,0,30,4,0,34,0,22,0,0,22,0,52,4,0,56,56,0,56,112
12/25/2000,GJT,CO,ANM,WE,Federal Contract Tower,0,30,11,0,41,0,11,1,0,12,0,41,12,0,53,34,0,34,87
12/26/2000,GJT,CO,ANM,WE,Federal Contract Tower,1,63,23,4,91,0,3,69,0,72,1,66,92,4,163,52,12,64,227
12/27/2000,GJT,CO,ANM,WE,Federal Contract Tower,2,51,18,4,75,0,15,88,0,103,2,66,106,4,178,34,2,36,214
12/28/2000,GJT,CO,ANM,WE,Federal Contract Tower,2,50,18,2,72,0,9,103,0,112,2,59,121,2,184,64,0,64,248
12/29/2000,GJT,CO,ANM,WE,Federal Contract Tower,2,44,16,2,64,2,13,99,0,114,4,57,115,2,178,62,0,62,240
12/30/2000,GJT,CO,ANM,WE,Federal Contract Tower,1,39,15,0,55,4,8,88,0,100,5,47,103,0,155,132,0,132,287
12/31/2000,GJT,CO,ANM,WE,Federal Contract Tower,0,33,12,2,47,0,14,58,0,72,0,47,70,2,119,102,0,102,221
01/01/2001,GJT,CO,ANM,WE,Federal Contract Tower,3,27,12,0,42,1,9,61,0,71,4,36,73,0,113,64,0,64,177
01/02/2001,GJT,CO,ANM,WE,Federal Contract Tower,2,56,22,4,84,0,5,48,0,53,2,61,70,4,137,30,24,54,191
01/03/2001,GJT,CO,ANM,WE,Federal Contract Tower,2,44,19,0,65,0,22,77,0,99,2,66,96,0,164,68,0,68,232
01/04/2001,GJT,CO,ANM,WE,Federal Contract Tower,5,50,21,5,81,0,5,69,7,81,5,55,90,12,162,124,16,140,302
01/05/2001,GJT,CO,ANM,WE,Federal Contract Tower,2,45,19,4,70,0,21,104,1,126,2,66,123,5,196,96,0,96,292
01/06/2001,GJT,CO,ANM,WE,Federal Contract Tower,1,39,17,2,59,0,13,119,0,132,1,52,136,2,191,92,0,92,283
01/07/2001,GJT,CO,ANM,WE,Federal Contract Tower,0,31,13,3,47,0,25,76,3,104,0,56,89,6,151,158,8,166,317
01/08/2001,GJT,CO,ANM,WE,Federal Contract Tower,1,48,20,5,74,0,16,66,6,88,1,64,86,11,162,92,28,120,282
01/09/2001,GJT,CO,ANM,WE,Federal Contract Tower,2,52,23,6,83,0,0,47,2,49,2,52,70,8,132,78,42,120,252
01/10/2001,GJT,CO,ANM,WE,Federal Contract Tower,6,56,25,7,94,10,0,6,0,16,16,56,31,7,110,44,28,72,182
01/11/2001,GJT,CO,ANM,WE,Federal Contract Tower,2,52,22,5,81,0,5,65,0,70,2,57,87,5,151,54,8,62,213
01/12/2001,GJT,CO,ANM,WE,Federal Contract Tower,2,48,20,2,72,0,2,41,0,43,2,50,61,2,115,80,0,80,195
01/13/2001,GJT,CO,ANM,WE,Federal Contract Tower,5,40,17,0,62,1,11,40,0,52,6,51,57,0,114,72,0,72,186
01/14/2001,GJT,CO,ANM,WE,Federal Contract Tower,1,44,19,4,68,0,4,27,16,47,1,48,46,20,115,36,12,48,163
01/15/2001,GJT,CO,ANM,WE,Federal Contract Tower,1,48,20,5,74,0,0,47,2,49,1,48,67,7,123,24,8,32,155
01/16/2001,GJT,CO,ANM,WE,Federal Contract Tower,2,46,18,4,70,0,14,48,0,62,2,60,66,4,132,48,0,48,180
01/17/2001,GJT,CO,ANM,WE,Federal Contract Tower,2,47,18,6,73,0,8,58,10,76,2,55,76,16,149,62,14,76,225
01/18/2001,GJT,CO,ANM,WE,Federal Contract Tower,2,63,26,8,99,0,0,73,8,81,2,63,99,16,180,64,10,74,254
01/19/2001,GJT,CO,ANM,WE,Federal Contract Tower,2,44,17,4,67,0,12,94,0,106,2,56,111,4,173,78,36,114,287
01/20/2001,GJT,CO,ANM,WE,Federal Contract Tower,6,44,24,7,81,15,0,94,14,123,21,44,118,21,204,72,28,100,304
01/21/2001,GJT,CO,ANM,WE,Federal Contract Tower,0,41,16,5,62,0,13,92,4,109,0,54,108,9,171,74,10,84,255
01/22/2001,GJT,CO,ANM,WE,Federal Contract Tower,1,37,14,0,52,0,3,62,0,65,1,40,76,0,117,28,0,28,145
01/23/2001,GJT,CO,ANM,WE,Federal Contract Tower,4,59,23,3,89,0,1,65,0,66,4,60,88,3,155,50,12,62,217
01/24/2001,GJT,CO,ANM,WE,Federal Contract Tower,2,47,18,3,70,0,16,85,0,101,2,63,103,3,171,110,0,110,281
01/25/2001,GJT,CO,ANM,WE,Federal Contract Tower,5,58,23,4,90,5,8,36,0,49,10,66,59,4,139,62,4,66,205
01/26/2001,GJT,CO,ANM,WE,Federal Contract Tower,2,48,19,3,72,0,23,84,0,107,2,71,103,3,179,66,12,78,257
01/27/2001,GJT,CO,ANM,WE,Federal Contract Tower,1,42,19,4,66,0,0,48,7,55,1,42,67,11,121,50,10,60,181
01/28/2001,GJT,CO,ANM,WE,Federal Contract Tower,0,39,16,1,56,0,10,28,0,38,0,49,44,1,94,24,0,24,118
01/29/2001,GJT,CO,ANM,WE,Federal Contract Tower,3,40,17,4,64,0,12,31,2,45,3,52,48,6,109,68,10,78,187
01/30/2001,GJT,CO,ANM,WE,Federal Contract Tower,2,54,22,4,82,0,7,30,0,37,2,61,52,4,119,48,8,56,175
01/31/2001,GJT,CO,ANM,WE,Federal Contract Tower,2,44,18,2,66,0,15,76,0,91,2,59,94,2,157,96,14,110,267
02/01/2001,GJT,CO,ANM,WE,Federal Contract Tower,2,54,25,3,84,0,15,73,2,90,2,69,98,5,174,102,4,106,280
02/02/2001,GJT,CO,ANM,WE,Federal Contract Tower,4,61,28,4,97,0,6,118,3,127,4,67,146,7,224,98,8,106,330
02/03/2001,GJT,CO,ANM,WE,Federal Contract Tower,1,39,18,2,60,0,10,88,0,98,1,49,106,2,158,118,0,118,276
02/04/2001,GJT,CO,ANM,WE,Federal Contract Tower,0,40,19,2,61,0,18,93,0,111,0,58,112,2,172,92,0,92,264
02/05/2001,GJT,CO,ANM,WE,Federal Contract Tower,1,42,20,0,63,0,12,84,0,96,1,54,104,0,159,62,0,62,221
02/06/2001,GJT,CO,ANM,WE,Federal Contract Tower,2,46,21,3,72,0,17,84,0,101,2,63,105,3,173,74,2,76,249
02/07/2001,GJT,CO,ANM,WE,Federal Contract Tower,4,49,22,3,78,7,3,20,1,31,11,52,42,4,109,44,0,44,153
02/08/2001,GJT,CO,ANM,WE,Federal Contract Tower,4,68,31,0,103,0,10,37,0,47,4,78,68,0,150,62,0,62,212
02/09/2001,GJT,CO,ANM,WE,Federal Contract Tower,3,54,25,3,85,0,11,131,7,149,3,65,156,10,234,94,26,120,354
02/10/2001,GJT,CO,ANM,WE,Federal Contract Tower,1,37,17,3,58,0,9,89,9,107,1,46,106,12,165,84,2,86,251
02/11/2001,GJT,CO,ANM,WE,Federal Contract Tower,0,51,24,4,79,0,9,30,2,41,0,60,54,6,120,98,2,100,220
02/12/2001,GJT,CO,ANM,WE,Federal Contract Tower,2,48,22,4,76,0,4,48,3,55,2,52,70,7,131,64,18,82,213
02/13/2001,GJT,CO,ANM,WE,Federal Contract Tower,4,55,26,4,89,0,9,71,7,87,4,64,97,11,176,50,22,72,248
02/14/2001,GJT,CO,ANM,WE,Federal Contract Tower,2,58,26,2,88,0,13,22,0,35,2,71,48,2,123,0,8,8,131
02/15/2001,GJT,CO,ANM,WE,Federal Contract Tower,2,56,24,1,83,0,8,67,0,75,2,64,91,1,158,54,0,54,212
02/16/2001,GJT,CO,ANM,WE,Federal Contract Tower,3,47,20,4,74,1,9,122,0,132,4,56,142,4,206,88,58,146,352
02/17/2001,GJT,CO,ANM,WE,Federal Contract Tower,4,51,28,5,88,7,0,78,2,87,11,51,106,7,175,84,20,104,279
02/18/2001,GJT,CO,ANM,WE,Federal Contract Tower,0,34,15,3,52,0,10,5,0,15,0,44,20,3,67,50,0,50,117
02/19/2001,GJT,CO,ANM,WE,Federal Contract Tower,1,60,26,2,89,0,8,45,0,53,1,68,71,2,142,58,2,60,202
02/20/2001,GJT,CO,ANM,WE,Federal Contract Tower,2,55,24,4,85,0,4,83,4,91,2,59,107,8,176,120,0,120,296
02/21/2001,GJT,CO,ANM,WE,Federal Contract Tower,4,70,31,5,110,0,1,73,1,75,4,71,104,6,185,102,42,144,329
02/22/2001,GJT,CO,ANM,WE,Federal Contract Tower,3,53,23,3,82,1,16,74,0,91,4,69,97,3,173,96,2,98,271
02/23/2001,GJT,CO,ANM,WE,Federal Contract Tower,4,57,28,5,94,18,0,40,1,59,22,57,68,6,153,44,0,44,197
02/24/2001,GJT,CO,ANM,WE,Federal Contract Tower,3,57,25,4,89,0,9,17,0,26,3,66,42,4,115,24,0,24,139
02/25/2001,GJT,CO,ANM,WE,Federal Contract Tower,2,40,18,2,62,0,8,32,0,40,2,48,50,2,102,68,0,68,170
02/26/2001,GJT,CO,ANM,WE,Federal Contract Tower,1,38,17,0,56,0,12,54,0,66,1,50,71,0,122,74,0,74,196
02/27/2001,GJT,CO,ANM,WE,Federal Contract Tower,4,61,28,4,97,0,0,21,4,25,4,61,49,8,122,0,26,26,148
02/28/2001,GJT,CO,ANM,WE,Federal Contract Tower,5,66,30,0,101,1,6,43,0,50,6,72,73,0,151,32,0,32,183
03/01/2001,GJT,CO,ANM,WE,Federal Contract Tower,2,56,27,5,90,0,7,71,0,78,2,63,98,5,168,106,14,120,288
03/02/2001,GJT,CO,ANM,WE,Federal Contract Tower,2,54,26,5,87,0,11,101,9,121,2,65,127,14,208,114,18,132,340
03/03/2001,GJT,CO,ANM,WE,Federal Contract Tower,3,40,20,4,67,0,0,48,3,51,3,40,68,7,118,70,6,76,194
03/04/2001,GJT,CO,ANM,WE,Federal Contract Tower,0,44,21,5,70,0,1,86,11,98,0,45,107,16,168,70,4,74,242
03/05/2001,GJT,CO,ANM,WE,Federal Contract Tower,2,37,18,4,61,0,9,47,0,56,2,46,65,4,117,48,0,48,165
03/06/2001,GJT,CO,ANM,WE,Federal Contract Tower,4,48,23,2,77,2,7,79,0,88,6,55,102,2,165,78,0,78,243
03/07/2001,GJT,CO,ANM,WE,Federal Contract Tower,2,48,23,5,78,0,9,45,1,55,2,57,68,6,133,52,0,52,185
03/08/2001,GJT,CO,ANM,WE,Federal Contract Tower,2,51,24,5,82,0,7,112,5,124,2,58,136,10,206,128,26,154,360
03/09/2001,GJT,CO,ANM,WE,Federal Contract Tower,4,59,28,6,97,0,8,103,0,111,4,67,131,6,208,108,20,128,336
03/10/2001,GJT,CO,ANM,WE,Federal Contract Tower,5,61,29,2,97,12,5,41,0,58,17,66,70,2,155,86,0,86,241
03/11/2001,GJT,CO,ANM,WE,Federal Contract Tower,7,82,39,2,130,7,3,4,0,14,14,85,43,2,144,28,0,28,172
03/12/2001,GJT,CO,ANM,WE,Federal Contract Tower,1,44,21,4,70,0,11,38,0,49,1,55,59,4,119,46,0,46,165
03/13/2001,GJT,CO,ANM,WE,Federal Contract Tower,2,53,25,2,82,0,7,121,0,128,2,60,146,2,210,118,6,124,334
03/14/2001,GJT,CO,ANM,WE,Federal Contract Tower,5,58,28,6,97,1,6,39,0,46,6,64,67,6,143,16,30,46,189
03/15/2001,GJT,CO,ANM,WE,Federal Contract Tower,5,52,25,5,87,3,15,100,7,125,8,67,125,12,212,138,12,150,362
03/16/2001,GJT,CO,ANM,WE,Federal Contract Tower,2,63,31,8,104,0,0,58,3,61,2,63,89,11,165,44,4,48,213
03/17/2001,GJT,CO,ANM,WE,Federal Contract Tower,1,55,25,6,87,0,17,32,0,49,1,72,57,6,136,38,4,42,178
03/18/2001,GJT,CO,ANM,WE,Federal Contract Tower,0,40,21,6,67,0,0,57,2,59,0,40,78,8,126,84,0,84,210
03/19/2001,GJT,CO,ANM,WE,Federal Contract Tower,1,45,20,5,71,0,16,98,2,116,1,61,118,7,187,88,0,88,275
03/20/2001,GJT,CO,ANM,WE,Federal Contract Tower,2,50,23,4,79,0,11,94,0,105,2,61,117,4,184,92,14,106,290
03/21/2001,GJT,CO,ANM,WE,Federal Contract Tower,2,49,22,4,77,0,12,95,0,107,2,61,117,4,184,92,14,106,290
03/22/2001,GJT,CO,ANM,WE,Federal Contract Tower,2,54,25,5,86,0,6,111,0,117,2,60,136,5,203,126,12,138,341
03/23/2001,GJT,CO,ANM,WE,Federal Contract Tower,2,54,25,4,85,0,13,87,0,100,2,67,112,4,185,122,4,126,311
03/24/2001,GJT,CO,ANM,WE,Federal Contract Tower,3,44,20,4,71,0,15,71,0,86,3,59,91,4,157,70,0,70,227
03/25/2001,GJT,CO,ANM,WE,Federal Contract Tower,0,39,16,5,60,0,2,108,5,115,0,41,124,10,175,54,2,56,231
03/26/2001,GJT,CO,ANM,WE,Federal Contract Tower,4,47,25,5,81,19,0,60,0,79,23,47,85,5,160,84,2,86,246
03/27/2001,GJT,CO,ANM,WE,Federal Contract Tower,4,54,25,4,87,1,0,61,0,62,5,54,86,4,149,58,0,58,207
03/28/2001,GJT,CO,ANM,WE,Federal Contract Tower,3,48,23,5,79,1,3,49,1,54,4,51,72,6,133,92,4,96,229
03/29/2001,GJT,CO,ANM,WE,Federal Contract Tower,2,55,26,5,88,0,10,71,5,86,2,65,97,10,174,72,28,100,274
03/30/2001,GJT,CO,ANM,WE,Federal Contract Tower,4,57,26,6,93,0,14,98,7,119,4,71,124,13,212,96,22,118,330
03/31/2001,GJT,CO,ANM,WE,Federal Contract Tower,1,34,16,3,54,0,16,61,6,83,1,50,77,9,137,78,52,130,267
04/01/2001,GJT,CO,ANM,WE,Federal Contract Tower,0,39,12,6,57,0,11,55,3,69,0,50,67,9,126,40,0,40,166
04/02/2001,GJT,CO,ANM,WE,Federal Contract Tower,1,45,19,5,70,0,1,28,0,29,1,46,47,5,99,16,4,20,119
04/03/2001,GJT,CO,ANM,WE,Federal Contract Tower,2,49,29,8,88,0,0,65,1,66,2,49,94,9,154,28,6,34,188
04/04/2001,GJT,CO,ANM,WE,Federal Contract Tower,2,48,26,5,81,0,8,88,0,96,2,56,114,5,177,74,0,74,251
04/05/2001,GJT,CO,ANM,WE,Federal Contract Tower,2,58,29,4,93,0,12,61,1,74,2,70,90,5,167,36,22,58,225
04/06/2001,GJT,CO,ANM,WE,Federal Contract Tower,10,57,19,1,87,0,10,22,0,32,10,67,41,1,119,4,0,4,123
04/07/2001,GJT,CO,ANM,WE,Federal Contract Tower,1,40,10,5,56,0,7,12,2,21,1,47,22,7,77,18,10,28,105
04/08/2001,GJT,CO,ANM,WE,Federal Contract Tower,0,53,31,8,92,0,7,11,2,20,0,60,42,10,112,10,0,10,122
04/09/2001,GJT,CO,ANM,WE,Federal Contract Tower,1,46,12,9,68,0,10,74,1,85,1,56,86,10,153,88,16,104,257
04/10/2001,GJT,CO,ANM,WE,Federal Contract Tower,2,63,26,6,97,0,4,43,4,51,2,67,69,10,148,34,22,56,204
04/11/2001,GJT,CO,ANM,WE,Federal Contract Tower,2,32,22,2,58,0,9,65,0,74,2,41,87,2,132,68,0,68,200
04/12/2001,GJT,CO,ANM,WE,Federal Contract Tower,4,57,32,4,97,0,9,35,0,44,4,66,67,4,141,60,0,60,201
04/13/2001,GJT,CO,ANM,WE,Federal Contract Tower,2,49,25,0,76,0,12,80,4,96,2,61,105,4,172,120,0,120,292
04/14/2001,GJT,CO,ANM,WE,Federal Contract Tower,2,40,19,1,62,0,5,51,1,57,2,45,70,2,119,102,0,102,221
04/15/2001,GJT,CO,ANM,WE,Federal Contract Tower,1,40,8,0,49,0,2,48,0,50,1,42,56,0,99,84,0,84,183
04/16/2001,GJT,CO,ANM,WE,Federal Contract Tower,1,42,15,4,62,0,5,71,0,76,1,47,86,4,138,76,0,76,214
04/17/2001,GJT,CO,ANM,WE,Federal Contract Tower,2,52,21,2,77,0,1,112,2,115,2,53,133,4,192,98,0,98,290
04/18/2001,GJT,CO,ANM,WE,Federal Contract Tower,2,47,25,3,77,0,7,104,0,111,2,54,129,3,188,74,2,76,264
04/19/2001,GJT,CO,ANM,WE,Federal Contract Tower,2,55,10,1,68,0,18,71,2,91,2,73,81,3,159,42,0,42,201
04/20/2001,GJT,CO,ANM,WE,Federal Contract Tower,2,45,17,0,64,0,13,24,0,37,2,58,41,0,101,6,0,6,107
04/21/2001,GJT,CO,ANM,WE,Federal Contract Tower,1,40,8,0,49,0,10,48,2,60,1,50,56,2,109,86,0,86,195
04/22/2001,GJT,CO,ANM,WE,Federal Contract Tower,0,33,16,13,62,0,4,11,2,17,0,37,27,15,79,10,10,20,99
04/23/2001,GJT,CO,ANM,WE,Federal Contract Tower,1,46,19,4,70,0,0,83,5,88,1,46,102,9,158,78,12,90,248
04/24/2001,GJT,CO,ANM,WE,Federal Contract Tower,2,54,11,0,67,0,15,132,2,149,2,69,143,2,216,124,6,130,346
04/25/2001,GJT,CO,ANM,WE,Federal Contract Tower,0,49,23,4,76,0,10,103,3,116,0,59,126,7,192,172,32,204,396
04/26/2001,GJT,CO,ANM,WE,Federal Contract Tower,2,47,14,4,67,0,16,103,0,119,2,63,117,4,186,108,16,124,310
04/27/2001,GJT,CO,ANM,WE,Federal Contract Tower,2,50,8,13,73,0,16,93,3,112,2,66,101,16,185,102,6,108,293
04/28/2001,GJT,CO,ANM,WE,Federal Contract Tower,1,38,16,8,63,0,9,77,6,92,1,47,93,14,155,88,60,148,303
04/29/2001,GJT,CO,ANM,WE,Federal Contract Tower,0,38,5,18,61,0,1,80,2,83,0,39,85,20,144,52,0,52,196
04/30/2001,GJT,CO,ANM,WE,Federal Contract Tower,1,46,13,5,65,0,1,81,1,83,1,47,94,6,148,56,0,56,204
05/01/2001,GJT,CO,ANM,WE,Federal Contract Tower,5,46,23,3,77,0,19,105,0,124,5,65,128,3,201,54,14,68,269
05/02/2001,GJT,CO,ANM,WE,Federal Contract Tower,2,41,28,2,73,0,10,65,0,75,2,51,93,2,148,88,0,88,236
05/03/2001,GJT,CO,ANM,WE,Federal Contract Tower,4,39,21,2,66,0,12,23,0,35,4,51,44,2,101,32,8,40,141
05/04/2001,GJT,CO,ANM,WE,Federal Contract Tower,5,47,23,12,87,0,13,70,2,85,5,60,93,14,172,154,44,198,370
05/05/2001,GJT,CO,ANM,WE,Federal Contract Tower,1,37,18,2,58,0,0,29,2,31,1,37,47,4,89,24,28,52,141
05/06/2001,GJT,CO,ANM,WE,Federal Contract Tower,0,38,18,4,60,0,2,78,4,84,0,40,96,8,144,44,0,44,188
05/07/2001,GJT,CO,ANM,WE,Federal Contract Tower,1,41,10,5,57,0,4,127,2,133,1,45,137,7,190,104,20,124,314
05/08/2001,GJT,CO,ANM,WE,Federal Contract Tower,3,44,19,3,69,1,4,87,2,94,4,48,106,5,163,114,0,114,277
05/09/2001,GJT,CO,ANM,WE,Federal Contract Tower,3,48,20,4,75,0,10,106,10,126,3,58,126,14,201,136,0,136,337
05/10/2001,GJT,CO,ANM,WE,Federal Contract Tower,3,47,24,7,81,0,14,98,3,115,3,61,122,10,196,92,4,96,292
05/11/2001,GJT,CO,ANM,WE,Federal Contract Tower,2,43,14,13,72,0,16,100,4,120,2,59,114,17,192,130,38,168,360
05/12/2001,GJT,CO,ANM,WE,Federal Contract Tower,1,37,0,11,49,0,3,84,12,99,1,40,84,23,148,94,32,126,274
05/13/2001,GJT,CO,ANM,WE,Federal Contract Tower,1,36,2,4,43,0,6,66,2,74,1,42,68,6,117,38,0,38,155
05/14/2001,GJT,CO,ANM,WE,Federal Contract Tower,1,37,17,4,59,0,7,74,0,81,1,44,91,4,140,76,0,76,216
05/15/2001,GJT,CO,ANM,WE,Federal Contract Tower,2,13,41,4,60,0,32,92,2,126,2,45,133,6,186,106,2,108,294
05/16/2001,GJT,CO,ANM,WE,Federal Contract Tower,2,46,20,4,72,0,7,97,4,108,2,53,117,8,180,102,8,110,290
05/17/2001,GJT,CO,ANM,WE,Federal Contract Tower,2,50,22,2,76,0,20,58,0,78,2,70,80,2,154,98,0,98,252
05/18/2001,GJT,CO,ANM,WE,Federal Contract Tower,2,48,19,8,77,0,13,121,0,134,2,61,140,8,211,138,14,152,363
05/19/2001,GJT,CO,ANM,WE,Federal Contract Tower,1,37,6,1,45,0,2,72,0,74,1,39,78,1,119,102,0,102,221
05/20/2001,GJT,CO,ANM,WE,Federal Contract Tower,10,30,15,5,60,0,4,60,0,64,10,34,75,5,124,56,4,60,184
05/21/2001,GJT,CO,ANM,WE,Federal Contract Tower,1,41,16,1,59,0,2,84,0,86,1,43,100,1,145,146,2,148,293
05/22/2001,GJT,CO,ANM,WE,Federal Contract Tower,2,42,27,2,73,0,4,116,0,120,2,46,143,2,193,94,6,100,293
05/23/2001,GJT,CO,ANM,WE,Federal Contract Tower,4,44,19,3,70,0,8,109,0,117,4,52,128,3,187,116,28,144,331
05/24/2001,GJT,CO,ANM,WE,Federal Contract Tower,4,45,18,8,75,0,15,112,8,135,4,60,130,16,210,152,36,188,398
05/25/2001,GJT,CO,ANM,WE,Federal Contract Tower,2,49,19,13,83,0,23,132,10,165,2,72,151,23,248,154,18,172,420
05/26/2001,GJT,CO,ANM,WE,Federal Contract Tower,1,32,11,5,49,0,9,68,10,87,1,41,79,15,136,72,24,96,232
05/27/2001,GJT,CO,ANM,WE,Federal Contract Tower,0,36,5,2,43,0,2,81,1,84,0,38,86,3,127,78,0,78,205
05/28/2001,GJT,CO,ANM,WE,Federal Contract Tower,1,28,12,3,44,0,3,59,0,62,1,31,71,3,106,32,0,32,138
05/29/2001,GJT,CO,ANM,WE,Federal Contract Tower,2,41,20,0,63,0,5,97,0,102,2,46,117,0,165,68,0,68,233
05/30/2001,GJT,CO,ANM,WE,Federal Contract Tower,4,44,23,8,79,0,9,113,4,126,4,53,136,12,205,122,22,144,349
05/31/2001,GJT,CO,ANM,WE,Federal Contract Tower,2,48,18,4,72,0,13,114,2,129,2,61,132,6,201,80,8,88,289
06/01/2001,GJT,CO,ANM,WE,Federal Contract Tower,2,45,12,5,64,0,15,108,1,124,2,60,120,6,188,126,2,128,316
06/02/2001,GJT,CO,ANM,WE,Federal Contract Tower,2,29,5,3,39,0,5,53,2,60,2,34,58,5,99,18,0,18,117
06/03/2001,GJT,CO,ANM,WE,Federal Contract Tower,3,35,11,5,54,0,6,54,3,63,3,41,65,8,117,26,4,30,147
06/04/2001,GJT,CO,ANM,WE,Federal Contract Tower,4,48,20,10,82,0,0,64,0,64,4,48,84,10,146,84,18,102,248
06/05/2001,GJT,CO,ANM,WE,Federal Contract Tower,5,38,17,2,62,0,6,101,0,107,5,44,118,2,169,88,0,88,257
06/06/2001,GJT,CO,ANM,WE,Federal Contract Tower,3,41,15,2,61,0,12,156,6,174,3,53,171,8,235,184,16,200,435
06/07/2001,GJT,CO,ANM,WE,Federal Contract Tower,6,45,20,11,82,0,17,115,2,134,6,62,135,13,216,102,4,106,322
06/08/2001,GJT,CO,ANM,WE,Federal Contract Tower,6,37,22,9,74,0,12,132,2,146,6,49,154,11,220,152,14,166,386
06/09/2001,GJT,CO,ANM,WE,Federal Contract Tower,6,29,7,4,46,0,13,125,0,138,6,42,132,4,184,60,6,66,250
06/10/2001,GJT,CO,ANM,WE,Federal Contract Tower,4,30,16,6,56,0,5,89,3,97,4,35,105,9,153,102,2,104,257
06/11/2001,GJT,CO,ANM,WE,Federal Contract Tower,4,34,15,0,53,0,13,107,0,120,4,47,122,0,173,136,0,136,309
06/12/2001,GJT,CO,ANM,WE,Federal Contract Tower,3,43,21,2,69,0,7,104,0,111,3,50,125,2,180,72,2,74,254
06/13/2001,GJT,CO,ANM,WE,Federal Contract Tower,6,46,24,0,76,0,12,52,0,64,6,58,76,0,140,74,0,74,214
06/14/2001,GJT,CO,ANM,WE,Federal Contract Tower,3,50,34,4,91,0,17,130,4,151,3,67,164,8,242,170,48,218,460
06/15/2001,GJT,CO,ANM,WE,Federal Contract Tower,2,49,10,18,79,0,19,154,7,180,2,68,164,25,259,112,36,148,407
06/16/2001,GJT,CO,ANM,WE,Federal Contract Tower,2,37,20,14,73,0,7,113,6,126,2,44,133,20,199,110,54,164,363
06/17/2001,GJT,CO,ANM,WE,Federal Contract Tower,1,31,11,12,55,0,14,96,6,116,1,45,107,18,171,104,0,104,275
06/18/2001,GJT,CO,ANM,WE,Federal Contract Tower,2,37,18,7,64,0,8,93,3,104,2,45,111,10,168,82,12,94,262
06/19/2001,GJT,CO,ANM,WE,Federal Contract Tower,3,44,19,7,73,0,5,129,2,136,3,49,148,9,209,136,12,148,357
06/20/2001,GJT,CO,ANM,WE,Federal Contract Tower,3,45,17,0,65,0,18,123,2,143,3,63,140,2,208,104,0,104,312
06/21/2001,GJT,CO,ANM,WE,Federal Contract Tower,3,50,31,2,86,0,8,143,5,156,3,58,174,7,242,162,0,162,404
06/22/2001,GJT,CO,ANM,WE,Federal Contract Tower,2,43,14,9,68,1,8,109,0,118,3,51,123,9,186,118,12,130,316
06/23/2001,GJT,CO,ANM,WE,Federal Contract Tower,2,31,9,10,52,0,3,112,14,129,2,34,121,24,181,80,14,94,275
06/24/2001,GJT,CO,ANM,WE,Federal Contract Tower,3,37,17,6,63,0,6,68,0,74,3,43,85,6,137,32,0,32,169
06/25/2001,GJT,CO,ANM,WE,Federal Contract Tower,4,36,14,10,64,0,10,124,10,144,4,46,138,20,208,110,24,134,342
06/26/2001,GJT,CO,ANM,WE,Federal Contract Tower,3,45,18,5,71,0,7,98,0,105,3,52,116,5,176,46,14,60,236
06/27/2001,GJT,CO,ANM,WE,Federal Contract Tower,3,43,28,4,78,0,16,86,2,104,3,59,114,6,182,132,4,136,318
06/28/2001,GJT,CO,ANM,WE,Federal Contract Tower,3,43,16,5,67,0,7,128,0,135,3,50,144,5,202,108,8,116,318
06/29/2001,GJT,CO,ANM,WE,Federal Contract Tower,3,49,22,9,83,0,8,132,0,140,3,57,154,9,223,148,24,172,395
06/30/2001,GJT,CO,ANM,WE,Federal Contract Tower,2,35,9,6,52,0,6,113,4,123,2,41,122,10,175,84,38,122,297
07/01/2001,GJT,CO,ANM,WE,Federal Contract Tower,3,31,10,10,54,0,3,72,2,77,3,34,82,12,131,32,0,32,163
07/02/2001,GJT,CO,ANM,WE,Federal Contract Tower,2,36,17,5,60,0,0,194,2,196,2,36,211,7,256,68,26,94,350
07/03/2001,GJT,CO,ANM,WE,Federal Contract Tower,3,33,26,6,68,0,7,197,0,204,3,40,223,6,272,120,0,120,392
07/04/2001,GJT,CO,ANM,WE,Federal Contract Tower,1,30,4,1,36,0,0,153,1,154,1,30,157,2,190,94,0,94,284
07/05/2001,GJT,CO,ANM,WE,Federal Contract Tower,3,36,10,4,53,0,5,194,7,206,3,41,204,11,259,134,10,144,403
07/06/2001,GJT,CO,ANM,WE,Federal Contract Tower,3,34,22,10,69,0,13,168,0,181,3,47,190,10,250,74,0,74,324
07/07/2001,GJT,CO,ANM,WE,Federal Contract Tower,2,38,11,2,53,0,11,134,0,145,2,49,145,2,198,184,2,186,384
07/08/2001,GJT,CO,ANM,WE,Federal Contract Tower,4,28,20,8,60,0,7,89,2,98,4,35,109,10,158,88,12,100,258
07/09/2001,GJT,CO,ANM,WE,Federal Contract Tower,5,39,23,5,72,0,6,120,0,126,5,45,143,5,198,134,0,134,332
07/10/2001,GJT,CO,ANM,WE,Federal Contract Tower,5,38,22,0,65,0,9,117,0,126,5,47,139,0,191,104,0,104,295
07/11/2001,GJT,CO,ANM,WE,Federal Contract Tower,3,35,22,4,64,0,17,93,0,110,3,52,115,4,174,106,20,126,300
07/12/2001,GJT,CO,ANM,WE,Federal Contract Tower,3,48,45,2,98,0,5,83,0,88,3,53,128,2,186,90,0,90,276
07/13/2001,GJT,CO,ANM,WE,Federal Contract Tower,3,44,24,4,75,0,10,117,1,128,3,54,141,5,203,86,0,86,289
07/14/2001,GJT,CO,ANM,WE,Federal Contract Tower,2,28,16,7,53,0,3,76,5,84,2,31,92,12,137,74,6,80,217
07/15/2001,GJT,CO,ANM,WE,Federal Contract Tower,4,39,18,10,71,0,2,52,0,54,4,41,70,10,125,104,16,120,245
07/16/2001,GJT,CO,ANM,WE,Federal Contract Tower,2,40,20,5,67,0,4,116,0,120,2,44,136,5,187,84,0,84,271
07/17/2001,GJT,CO,ANM,WE,Federal Contract Tower,3,42,16,7,68,0,7,111,0,118,3,49,127,7,186,128,14,142,328
07/18/2001,GJT,CO,ANM,WE,Federal Contract Tower,3,42,22,0,67,0,12,129,2,143,3,54,151,2,210,132,2,134,344
07/19/2001,GJT,CO,ANM,WE,Federal Contract Tower,3,45,13,10,71,0,8,107,0,115,3,53,120,10,186,150,14,164,350
07/20/2001,GJT,CO,ANM,WE,Federal Contract Tower,3,43,20,11,77,0,10,87,7,104,3,53,107,18,181,70,12,82,263
07/21/2001,GJT,CO,ANM,WE,Federal Contract Tower,2,30,10,1,43,0,8,82,4,94,2,38,92,5,137,48,0,48,185
07/22/2001,GJT,CO,ANM,WE,Federal Contract Tower,1,36,15,12,64,0,1,110,5,116,1,37,125,17,180,106,10,116,296
07/23/2001,GJT,CO,ANM,WE,Federal Contract Tower,9,39,24,11,83,0,7,95,6,108,9,46,119,17,191,72,50,122,313
07/24/2001,GJT,CO,ANM,WE,Federal Contract Tower,3,37,35,13,88,0,10,108,2,120,3,47,143,15,208,132,12,144,352
07/25/2001,GJT,CO,ANM,WE,Federal Contract Tower,3,43,23,5,74,0,9,99,0,108,3,52,122,5,182,104,0,104,286
07/26/2001,GJT,CO,ANM,WE,Federal Contract Tower,4,57,32,11,104,0,5,59,1,65,4,62,91,12,169,92,8,100,269
07/27/2001,GJT,CO,ANM,WE,Federal Contract Tower,3,43,21,20,87,0,9,84,1,94,3,52,105,21,181,124,6,130,311
07/28/2001,GJT,CO,ANM,WE,Federal Contract Tower,3,35,10,1,49,0,5,123,7,135,3,40,133,8,184,126,18,144,328
07/29/2001,GJT,CO,ANM,WE,Federal Contract Tower,1,37,14,7,59,0,4,88,2,94,1,41,102,9,153,62,10,72,225
07/30/2001,GJT,CO,ANM,WE,Federal Contract Tower,4,40,24,7,75,0,1,92,1,94,4,41,116,8,169,196,8,204,373
07/31/2001,GJT,CO,ANM,WE,Federal Contract Tower,3,43,17,3,66,0,9,119,1,129,3,52,136,4,195,122,10,132,327
08/01/2001,GJT,CO,ANM,WE,Federal Contract Tower,5,39,14,3,61,0,15,100,0,115,5,54,114,3,176,66,0,66,242
08/02/2001,GJT,CO,ANM,WE,Federal Contract Tower,3,42,15,14,74,0,5,118,0,123,3,47,133,14,197,150,2,152,349
08/03/2001,GJT,CO,ANM,WE,Federal Contract Tower,3,43,25,11,82,0,7,75,1,83,3,50,100,12,165,90,20,110,275
08/04/2001,GJT,CO,ANM,WE,Federal Contract Tower,2,37,12,2,53,0,5,77,3,85,2,42,89,5,138,94,0,94,232
08/05/2001,GJT,CO,ANM,WE,Federal Contract Tower,1,34,16,19,70,0,6,75,5,86,1,40,91,24,156,64,20,84,240
08/06/2001,GJT,CO,ANM,WE,Federal Contract Tower,5,40,10,0,55,0,0,112,0,112,5,40,122,0,167,114,2,116,283
08/07/2001,GJT,CO,ANM,WE,Federal Contract Tower,4,43,15,1,63,0,18,87,0,105,4,61,102,1,168,114,0,114,282
08/08/2001,GJT,CO,ANM,WE,Federal Contract Tower,3,39,18,7,67,0,5,113,2,120,3,44,131,9,187,94,0,94,281
08/09/2001,GJT,CO,ANM,WE,Federal Contract Tower,5,37,13,5,60,0,10,127,3,140,5,47,140,8,200,166,10,176,376
08/10/2001,GJT,CO,ANM,WE,Federal Contract Tower,4,43,24,13,84,0,10,85,0,95,4,53,109,13,179,80,40,120,299
08/11/2001,GJT,CO,ANM,WE,Federal Contract Tower,2,26,7,1,36,0,6,101,0,107,2,32,108,1,143,112,0,112,255
08/12/2001,GJT,CO,ANM,WE,Federal Contract Tower,2,32,14,11,59,0,7,123,0,130,2,39,137,11,189,114,0,114,303
08/13/2001,GJT,CO,ANM,WE,Federal Contract Tower,7,29,29,5,70,0,1,87,2,90,7,30,116,7,160,36,8,44,204
08/14/2001,GJT,CO,ANM,WE,Federal Contract Tower,9,54,28,3,94,0,16,45,2,63,9,70,73,5,157,36,26,62,219
08/15/2001,GJT,CO,ANM,WE,Federal Contract Tower,3,33,19,5,60,0,7,72,1,80,3,40,91,6,140,102,34,136,276
08/16/2001,GJT,CO,ANM,WE,Federal Contract Tower,3,36,27,16,82,0,4,106,2,112,3,40,133,18,194,146,20,166,360
08/17/2001,GJT,CO,ANM,WE,Federal Contract Tower,3,43,31,14,91,0,2,91,6,99,3,45,122,20,190,112,10,122,312
08/18/2001,GJT,CO,ANM,WE,Federal Contract Tower,2,37,14,14,67,0,6,131,2,139,2,43,145,16,206,106,26,132,338
08/19/2001,GJT,CO,ANM,WE,Federal Contract Tower,1,31,16,16,64,0,10,98,4,112,1,41,114,20,176,92,22,114,290
08/20/2001,GJT,CO,ANM,WE,Federal Contract Tower,5,34,22,2,63,0,1,61,0,62,5,35,83,2,125,74,0,74,199
08/21/2001,GJT,CO,ANM,WE,Federal Contract Tower,5,43,20,2,70,0,14,81,0,95,5,57,101,2,165,86,0,86,251
08/22/2001,GJT,CO,ANM,WE,Federal Contract Tower,3,36,30,4,73,0,13,82,0,95,3,49,112,4,168,104,6,110,278
08/23/2001,GJT,CO,ANM,WE,Federal Contract Tower,3,42,17,14,76,0,10,129,3,142,3,52,146,17,218,114,14,128,346
08/24/2001,GJT,CO,ANM,WE,Federal Contract Tower,3,40,15,16,74,0,9,107,8,124,3,49,122,24,198,108,43,151,349
08/25/2001,GJT,CO,ANM,WE,Federal Contract Tower,2,30,7,2,41,0,3,97,2,102,2,33,104,4,143,50,0,50,193
08/26/2001,GJT,CO,ANM,WE,Federal Contract Tower,1,31,12,14,58,0,10,100,0,110,1,41,112,14,168,118,0,118,286
08/27/2001,GJT,CO,ANM,WE,Federal Contract Tower,4,37,26,3,70,0,0,82,2,84,4,37,108,5,154,92,2,94,248
08/28/2001,GJT,CO,ANM,WE,Federal Contract Tower,7,45,32,2,86,0,14,80,0,94,7,59,112,2,180,126,0,126,306
08/29/2001,GJT,CO,ANM,WE,Federal Contract Tower,3,37,19,7,66,2,9,88,1,100,5,46,107,8,166,136,4,140,306
08/30/2001,GJT,CO,ANM,WE,Federal Contract Tower,5,41,24,4,74,0,8,132,0,140,5,49,156,4,214,90,10,100,314
08/31/2001,GJT,CO,ANM,WE,Federal Contract Tower,3,42,15,9,69,0,11,137,0,148,3,53,152,9,217,120,0,120,337
09/01/2001,GJT,CO,ANM,WE,Federal Contract Tower,2,27,12,1,42,1,2,91,0,94,3,29,103,1,136,76,0,76,212
09/02/2001,GJT,CO,ANM,WE,Federal Contract Tower,0,32,12,2,46,1,7,102,3,113,1,39,114,5,159,84,18,102,261
09/03/2001,GJT,CO,ANM,WE,Federal Contract Tower,0,30,10,10,50,1,0,112,2,115,1,30,122,12,165,110,4,114,279
09/04/2001,GJT,CO,ANM,WE,Federal Contract Tower,2,40,19,8,69,1,16,92,3,112,3,56,111,11,181,66,16,82,263
09/05/2001,GJT,CO,ANM,WE,Federal Contract Tower,9,35,20,22,86,0,14,118,5,137,9,49,138,27,223,116,30,146,369
09/06/2001,GJT,CO,ANM,WE,Federal Contract Tower,5,38,14,13,70,0,4,103,0,107,5,42,117,13,177,104,14,118,295
09/07/2001,GJT,CO,ANM,WE,Federal Contract Tower,3,43,23,10,79,0,5,121,21,147,3,48,144,31,226,134,53,187,413
09/08/2001,GJT,CO,ANM,WE,Federal Contract Tower,3,32,5,14,54,0,3,116,0,119,3,35,121,14,173,95,27,122,295
09/09/2001,GJT,CO,ANM,WE,Federal Contract Tower,3,28,16,16,63,0,9,88,1,98,3,37,104,17,161,72,10,82,243
09/10/2001,GJT,CO,ANM,WE,Federal Contract Tower,2,38,17,6,63,0,3,128,0,131,2,41,145,6,194,104,2,106,300
09/11/2001,GJT,CO,ANM,WE,Federal Contract Tower,5,9,0,0,14,0,3,7,0,10,5,12,7,0,24,12,0,12,36
09/12/2001,GJT,CO,ANM,WE,Federal Contract Tower,0,5,0,0,5,0,0,0,0,0,0,5,0,0,5,0,0,0,5
09/13/2001,GJT,CO,ANM,WE,Federal Contract Tower,0,21,0,9,30,0,0,0,0,0,0,21,0,9,30,0,10,10,40
09/14/2001,GJT,CO,ANM,WE,Federal Contract Tower,3,45,22,16,86,0,0,1,0,1,3,45,23,16,87,0,30,30,117
09/15/2001,GJT,CO,ANM,WE,Federal Contract Tower,3,38,23,2,66,0,0,1,0,1,3,38,24,2,67,0,0,0,67
09/16/2001,GJT,CO,ANM,WE,Federal Contract Tower,1,38,16,3,58,0,0,8,3,11,1,38,24,6,69,0,14,14,83
09/17/2001,GJT,CO,ANM,WE,Federal Contract Tower,4,44,15,0,63,0,0,1,0,1,4,44,16,0,64,0,0,0,64
09/18/2001,GJT,CO,ANM,WE,Federal Contract Tower,5,38,51,2,96,0,6,0,0,6,5,44,51,2,102,0,0,0,102
09/19/2001,GJT,CO,ANM,WE,Federal Contract Tower,5,36,41,6,88,0,5,3,2,10,5,41,44,8,98,4,34,38,136
09/20/2001,GJT,CO,ANM,WE,Federal Contract Tower,4,37,28,8,77,0,5,47,0,52,4,42,75,8,129,0,36,36,165
09/21/2001,GJT,CO,ANM,WE,Federal Contract Tower,3,44,18,7,72,0,7,69,0,76,3,51,87,7,148,10,0,10,158
09/22/2001,GJT,CO,ANM,WE,Federal Contract Tower,3,28,6,19,56,0,5,65,5,75,3,33,71,24,131,37,96,133,264
09/23/2001,GJT,CO,ANM,WE,Federal Contract Tower,1,26,22,10,59,0,8,82,2,92,1,34,104,12,151,58,22,80,231
09/24/2001,GJT,CO,ANM,WE,Federal Contract Tower,3,34,14,8,59,0,2,90,2,94,3,36,104,10,153,90,16,106,259
09/25/2001,GJT,CO,ANM,WE,Federal Contract Tower,5,40,13,12,70,0,18,116,2,136,5,58,129,14,206,120,10,130,336
09/26/2001,GJT,CO,ANM,WE,Federal Contract Tower,5,37,31,4,77,0,13,113,4,130,5,50,144,8,207,150,20,170,377
09/27/2001,GJT,CO,ANM,WE,Federal Contract Tower,4,43,20,2,69,0,4,108,0,112,4,47,128,2,181,94,0,94,275
09/28/2001,GJT,CO,ANM,WE,Federal Contract Tower,3,40,22,2,67,0,5,119,1,125,3,45,141,3,192,132,0,132,324
09/29/2001,GJT,CO,ANM,WE,Federal Contract Tower,3,24,13,3,43,0,6,112,0,118,3,30,125,3,161,125,10,135,296
09/30/2001,GJT,CO,ANM,WE,Federal Contract Tower,3,28,27,0,58,0,9,115,0,124,3,37,142,0,182,114,0,114,296
10/01/2001,GJT,CO,ANM,WE,Federal Contract Tower,4,38,14,0,56,1,5,100,0,106,5,43,114,0,162,108,0,108,270
10/02/2001,GJT,CO,ANM,WE,Federal Contract Tower,4,40,12,0,56,1,10,68,0,79,5,50,80,0,135,120,0,120,255
10/03/2001,GJT,CO,ANM,WE,Federal Contract Tower,4,46,29,6,85,1,16,96,2,115,5,62,125,8,200,146,2,148,348
10/04/2001,GJT,CO,ANM,WE,Federal Contract Tower,3,44,22,2,71,1,3,128,4,136,4,47,150,6,207,128,12,140,347
10/05/2001,GJT,CO,ANM,WE,Federal Contract Tower,3,41,24,12,80,0,0,121,1,122,3,41,145,13,202,134,30,164,366
10/06/2001,GJT,CO,ANM,WE,Federal Contract Tower,3,28,8,15,54,0,0,107,12,119,3,28,115,27,173,116,18,134,307
10/07/2001,GJT,CO,ANM,WE,Federal Contract Tower,1,31,13,4,49,0,6,63,6,75,1,37,76,10,124,98,22,120,244
10/08/2001,GJT,CO,ANM,WE,Federal Contract Tower,3,31,11,6,51,0,2,113,0,115,3,33,124,6,166,160,4,164,330
10/09/2001,GJT,CO,ANM,WE,Federal Contract Tower,5,38,21,0,64,0,9,29,0,38,5,47,50,0,102,44,0,44,146
10/10/2001,GJT,CO,ANM,WE,Federal Contract Tower,5,35,19,5,64,0,7,93,1,101,5,42,112,6,165,98,16,114,279
10/11/2001,GJT,CO,ANM,WE,Federal Contract Tower,5,37,17,10,69,0,2,93,0,95,5,39,110,10,164,120,20,140,304
10/12/2001,GJT,CO,ANM,WE,Federal Contract Tower,3,50,28,12,93,0,7,86,1,94,3,57,114,13,187,147,12,159,346
10/13/2001,GJT,CO,ANM,WE,Federal Contract Tower,5,26,5,3,39,0,11,92,2,105,5,37,97,5,144,125,8,133,277
10/14/2001,GJT,CO,ANM,WE,Federal Contract Tower,1,23,11,4,39,0,10,96,0,106,1,33,107,4,145,132,0,132,277
10/15/2001,GJT,CO,ANM,WE,Federal Contract Tower,5,34,12,6,57,0,7,108,0,115,5,41,120,6,172,130,0,130,302
10/16/2001,GJT,CO,ANM,WE,Federal Contract Tower,5,40,31,4,80,0,14,125,0,139,5,54,156,4,219,98,0,98,317
10/17/2001,GJT,CO,ANM,WE,Federal Contract Tower,6,37,20,2,65,0,8,84,4,96,6,45,104,6,161,66,10,76,237
10/18/2001,GJT,CO,ANM,WE,Federal Contract Tower,4,35,22,4,65,0,6,111,3,120,4,41,133,7,185,66,26,92,277
10/19/2001,GJT,CO,ANM,WE,Federal Contract Tower,4,38,23,6,71,1,8,115,9,133,5,46,138,15,204,124,18,142,346
10/20/2001,GJT,CO,ANM,WE,Federal Contract Tower,3,27,14,9,53,0,4,114,4,122,3,31,128,13,175,125,46,171,346
10/21/2001,GJT,CO,ANM,WE,Federal Contract Tower,1,29,18,9,57,0,4,93,3,100,1,33,111,12,157,84,0,84,241
10/22/2001,GJT,CO,ANM,WE,Federal Contract Tower,7,36,25,5,73,0,0,66,0,66,7,36,91,5,139,50,14,64,203
10/23/2001,GJT,CO,ANM,WE,Federal Contract Tower,6,35,16,7,64,0,12,67,0,79,6,47,83,7,143,44,0,44,187
10/24/2001,GJT,CO,ANM,WE,Federal Contract Tower,5,39,19,4,67,0,0,72,1,73,5,39,91,5,140,124,40,164,304
10/25/2001,GJT,CO,ANM,WE,Federal Contract Tower,5,35,20,2,62,0,12,106,0,118,5,47,126,2,180,100,0,100,280
10/26/2001,GJT,CO,ANM,WE,Federal Contract Tower,5,38,18,8,69,0,12,150,0,162,5,50,168,8,231,120,2,122,353
10/27/2001,GJT,CO,ANM,WE,Federal Contract Tower,3,25,8,2,38,0,2,141,6,149,3,27,149,8,187,148,6,154,341
10/28/2001,GJT,CO,ANM,WE,Federal Contract Tower,1,36,18,6,61,0,5,113,0,118,1,41,131,6,179,188,18,206,385
10/29/2001,GJT,CO,ANM,WE,Federal Contract Tower,3,36,28,0,67,0,7,85,0,92,3,43,113,0,159,150,0,150,309
10/30/2001,GJT,CO,ANM,WE,Federal Contract Tower,5,35,14,2,56,0,2,91,0,93,5,37,105,2,149,154,0,154,303
10/31/2001,GJT,CO,ANM,WE,Federal Contract Tower,7,48,15,2,72,0,1,66,0,67,7,49,81,2,139,62,0,62,201
11/01/2001,GJT,CO,ANM,WE,Federal Contract Tower,7,35,16,7,65,0,8,141,1,150,7,43,157,8,215,148,2,150,365
11/02/2001,GJT,CO,ANM,WE,Federal Contract Tower,5,40,15,0,60,0,5,153,0,158,5,45,168,0,218,145,0,145,363
11/03/2001,GJT,CO,ANM,WE,Federal Contract Tower,5,27,13,4,49,0,8,106,3,117,5,35,119,7,166,140,24,164,330
11/04/2001,GJT,CO,ANM,WE,Federal Contract Tower,3,26,8,2,39,0,5,113,0,118,3,31,121,2,157,90,0,90,247
11/05/2001,GJT,CO,ANM,WE,Federal Contract Tower,5,31,23,4,63,0,9,117,0,126,5,40,140,4,189,148,2,150,339
11/06/2001,GJT,CO,ANM,WE,Federal Contract Tower,7,43,20,3,73,0,12,102,1,115,7,55,122,4,188,156,10,166,354
11/07/2001,GJT,CO,ANM,WE,Federal Contract Tower,7,41,19,0,67,0,4,72,0,76,7,45,91,0,143,82,0,82,225
11/08/2001,GJT,CO,ANM,WE,Federal Contract Tower,7,38,22,3,70,0,15,90,1,106,7,53,112,4,176,130,10,140,316
11/09/2001,GJT,CO,ANM,WE,Federal Contract Tower,4,43,20,10,77,0,0,127,1,128,4,43,147,11,205,140,0,140,345
11/10/2001,GJT,CO,ANM,WE,Federal Contract Tower,5,29,10,9,53,0,4,92,4,100,5,33,102,13,153,86,16,102,255
11/11/2001,GJT,CO,ANM,WE,Federal Contract Tower,3,32,11,2,48,0,5,103,6,114,3,37,114,8,162,78,8,86,248
11/12/2001,GJT,CO,ANM,WE,Federal Contract Tower,4,39,13,6,62,0,4,120,0,124,4,43,133,6,186,102,4,106,292
11/13/2001,GJT,CO,ANM,WE,Federal Contract Tower,7,42,24,2,75,0,15,56,0,71,7,57,80,2,146,54,20,74,220
11/14/2001,GJT,CO,ANM,WE,Federal Contract Tower,7,39,18,4,68,0,12,93,0,105,7,51,111,4,173,142,4,146,319
11/15/2001,GJT,CO,ANM,WE,Federal Contract Tower,6,44,18,4,72,1,14,138,8,161,7,58,156,12,233,112,24,136,369
11/16/2001,GJT,CO,ANM,WE,Federal Contract Tower,7,41,21,9,78,0,8,160,1,169,7,49,181,10,247,194,20,214,461
11/17/2001,GJT,CO,ANM,WE,Federal Contract Tower,5,27,14,4,50,0,8,168,8,184,5,35,182,12,234,182,26,208,442
11/18/2001,GJT,CO,ANM,WE,Federal Contract Tower,7,35,3,2,47,0,6,73,0,79,7,41,76,2,126,93,0,93,219
11/19/2001,GJT,CO,ANM,WE,Federal Contract Tower,6,41,15,1,63,0,3,92,3,98,6,44,107,4,161,142,14,156,317
11/20/2001,GJT,CO,ANM,WE,Federal Contract Tower,8,45,16,4,73,0,11,95,2,108,8,56,111,6,181,110,22,132,313
11/21/2001,GJT,CO,ANM,WE,Federal Contract Tower,7,39,19,8,73,0,7,65,4,76,7,46,84,12,149,102,0,102,251
11/22/2001,GJT,CO,ANM,WE,Federal Contract Tower,3,39,4,0,46,0,2,17,0,19,3,41,21,0,65,16,0,16,81
11/23/2001,GJT,CO,ANM,WE,Federal Contract Tower,5,33,14,0,52,0,7,48,0,55,5,40,62,0,107,138,0,138,245
11/24/2001,GJT,CO,ANM,WE,Federal Contract Tower,4,32,6,2,44,0,5,69,0,74,4,37,75,2,118,116,0,116,234
11/25/2001,GJT,CO,ANM,WE,Federal Contract Tower,3,45,27,0,75,0,0,19,0,19,3,45,46,0,94,32,0,32,126
11/26/2001,GJT,CO,ANM,WE,Federal Contract Tower,4,43,23,12,82,0,4,83,0,87,4,47,106,12,169,154,2,156,325
11/27/2001,GJT,CO,ANM,WE,Federal Contract Tower,5,48,19,0,72,0,14,61,0,75,5,62,80,0,147,114,0,114,261
11/28/2001,GJT,CO,ANM,WE,Federal Contract Tower,6,40,16,3,65,4,8,91,1,104,10,48,107,4,169,142,0,142,311
11/29/2001,GJT,CO,ANM,WE,Federal Contract Tower,5,44,18,2,69,0,1,47,0,48,5,45,65,2,117,76,12,88,205
11/30/2001,GJT,CO,ANM,WE,Federal Contract Tower,5,49,13,0,67,0,4,36,0,40,5,53,49,0,107,80,0,80,187
12/01/2001,GJT,CO,ANM,WE,Federal Contract Tower,4,29,9,5,47,1,6,74,7,88,5,35,83,12,135,93,38,131,266
12/02/2001,GJT,CO,ANM,WE,Federal Contract Tower,3,31,17,2,53,0,1,7,0,8,3,32,24,2,61,18,0,18,79
12/03/2001,GJT,CO,ANM,WE,Federal Contract Tower,2,34,9,1,46,0,2,125,0,127,2,36,134,1,173,144,2,146,319
12/04/2001,GJT,CO,ANM,WE,Federal Contract Tower,5,41,17,1,64,0,7,30,0,37,5,48,47,1,101,32,0,32,133
12/05/2001,GJT,CO,ANM,WE,Federal Contract Tower,3,36,24,2,65,0,9,57,0,66,3,45,81,2,131,86,0,86,217
12/06/2001,GJT,CO,ANM,WE,Federal Contract Tower,3,43,24,2,72,0,6,87,0,93,3,49,111,2,165,98,0,98,263
12/07/2001,GJT,CO,ANM,WE,Federal Contract Tower,3,52,23,7,85,0,2,62,0,64,3,54,85,7,149,55,6,61,210
12/08/2001,GJT,CO,ANM,WE,Federal Contract Tower,2,25,16,14,57,0,12,141,1,154,2,37,157,15,211,129,28,157,368
12/09/2001,GJT,CO,ANM,WE,Federal Contract Tower,1,30,8,4,43,0,4,79,0,83,1,34,87,4,126,96,4,100,226
12/10/2001,GJT,CO,ANM,WE,Federal Contract Tower,5,38,17,2,62,0,5,76,0,81,5,43,93,2,143,98,16,114,257
12/11/2001,GJT,CO,ANM,WE,Federal Contract Tower,3,41,16,6,66,0,9,24,0,33,3,50,40,6,99,44,0,44,143
12/12/2001,GJT,CO,ANM,WE,Federal Contract Tower,3,47,22,6,78,0,8,24,0,32,3,55,46,6,110,48,0,48,158
12/13/2001,GJT,CO,ANM,WE,Federal Contract Tower,5,37,19,7,68,0,6,97,1,104,5,43,116,8,172,110,18,128,300
12/14/2001,GJT,CO,ANM,WE,Federal Contract Tower,3,43,20,5,71,0,0,60,11,71,3,43,80,16,142,72,27,99,241
12/15/2001,GJT,CO,ANM,WE,Federal Contract Tower,2,30,14,2,48,0,2,4,0,6,2,32,18,2,54,2,0,2,56
12/16/2001,GJT,CO,ANM,WE,Federal Contract Tower,1,28,12,3,44,0,3,59,2,64,1,31,71,5,108,42,0,42,150
12/17/2001,GJT,CO,ANM,WE,Federal Contract Tower,2,40,20,4,66,0,0,97,3,100,2,40,117,7,166,58,8,66,232
12/18/2001,GJT,CO,ANM,WE,Federal Contract Tower,6,50,25,6,87,17,0,72,3,92,23,50,97,9,179,66,12,78,257
12/19/2001,GJT,CO,ANM,WE,Federal Contract Tower,7,39,16,4,66,0,12,98,0,110,7,51,114,4,176,98,14,112,288
12/20/2001,GJT,CO,ANM,WE,Federal Contract Tower,20,41,25,12,98,0,3,91,2,96,20,44,116,14,194,88,8,96,290
12/21/2001,GJT,CO,ANM,WE,Federal Contract Tower,7,47,20,0,74,0,2,72,0,74,7,49,92,0,148,60,0,60,208
12/22/2001,GJT,CO,ANM,WE,Federal Contract Tower,9,48,34,2,93,0,0,108,3,111,9,48,142,5,204,114,2,116,320
12/23/2001,GJT,CO,ANM,WE,Federal Contract Tower,7,33,14,2,56,0,3,107,0,110,7,36,121,2,166,118,0,118,284
12/24/2001,GJT,CO,ANM,WE,Federal Contract Tower,4,39,7,0,50,0,0,69,0,69,4,39,76,0,119,42,0,42,161
12/25/2001,GJT,CO,ANM,WE,Federal Contract Tower,1,19,10,0,30,0,14,30,0,44,1,33,40,0,74,0,26,26,100
12/26/2001,GJT,CO,ANM,WE,Federal Contract Tower,5,55,42,0,102,0,10,72,0,82,5,65,114,0,184,64,0,64,248
12/27/2001,GJT,CO,ANM,WE,Federal Contract Tower,3,47,17,4,71,0,8,118,0,126,3,55,135,4,197,96,0,96,293
12/28/2001,GJT,CO,ANM,WE,Federal Contract Tower,3,55,28,0,86,0,0,83,0,83,3,55,111,0,169,72,0,72,241
12/29/2001,GJT,CO,ANM,WE,Federal Contract Tower,4,36,28,0,68,0,3,64,0,67,4,39,92,0,135,40,0,40,175
12/30/2001,GJT,CO,ANM,WE,Federal Contract Tower,3,53,23,0,79,0,0,8,0,8,3,53,31,0,87,0,0,0,87
12/31/2001,GJT,CO,ANM,WE,Federal Contract Tower,1,39,15,0,55,0,11,40,0,51,1,50,55,0,106,102,0,102,208
01/01/2002,GJT,CO,ANM,WE,Federal Contract Tower,4,78,29,0,111,0,8,19,0,27,4,86,48,0,138,66,0,66,204
01/02/2002,GJT,CO,ANM,WE,Federal Contract Tower,7,44,34,7,92,0,4,99,1,104,7,48,133,8,196,84,18,102,298
01/03/2002,GJT,CO,ANM,WE,Federal Contract Tower,5,37,21,0,63,0,8,100,2,110,5,45,121,2,173,96,4,100,273
01/04/2002,GJT,CO,ANM,WE,Federal Contract Tower,3,61,33,4,101,0,0,46,1,47,3,61,79,5,148,76,8,84,232
01/05/2002,GJT,CO,ANM,WE,Federal Contract Tower,4,34,13,0,51,0,7,90,1,98,4,41,103,1,149,112,0,112,261
01/06/2002,GJT,CO,ANM,WE,Federal Contract Tower,2,45,33,2,82,0,6,60,0,66,2,51,93,2,148,70,8,78,226
01/07/2002,GJT,CO,ANM,WE,Federal Contract Tower,5,37,15,1,58,0,4,90,0,94,5,41,105,1,152,132,2,134,286
01/08/2002,GJT,CO,ANM,WE,Federal Contract Tower,5,45,14,1,65,0,10,74,2,86,5,55,88,3,151,96,8,104,255
01/09/2002,GJT,CO,ANM,WE,Federal Contract Tower,7,48,17,3,75,0,3,76,0,79,7,51,93,3,154,104,34,138,292
01/10/2002,GJT,CO,ANM,WE,Federal Contract Tower,27,45,16,2,90,0,12,88,0,100,27,57,104,2,190,134,0,134,324
01/11/2002,GJT,CO,ANM,WE,Federal Contract Tower,3,50,17,2,72,0,3,128,0,131,3,53,145,2,203,95,3,98,301
01/12/2002,GJT,CO,ANM,WE,Federal Contract Tower,3,33,11,10,57,0,0,86,10,96,3,33,97,20,153,88,46,134,287
01/13/2002,GJT,CO,ANM,WE,Federal Contract Tower,2,39,18,5,64,0,2,71,2,75,2,41,89,7,139,84,2,86,225
01/14/2002,GJT,CO,ANM,WE,Federal Contract Tower,5,38,12,2,57,0,0,96,0,96,5,38,108,2,153,92,0,92,245
01/15/2002,GJT,CO,ANM,WE,Federal Contract Tower,7,48,24,6,85,0,13,64,0,77,7,61,88,6,162,104,6,110,272
01/16/2002,GJT,CO,ANM,WE,Federal Contract Tower,8,44,29,2,83,0,4,32,2,38,8,48,61,4,121,84,26,110,231
01/17/2002,GJT,CO,ANM,WE,Federal Contract Tower,6,54,26,1,87,0,0,76,0,76,6,54,102,1,163,60,0,60,223
01/18/2002,GJT,CO,ANM,WE,Federal Contract Tower,10,65,28,5,108,0,0,31,1,32,10,65,59,6,140,40,0,40,180
01/19/2002,GJT,CO,ANM,WE,Federal Contract Tower,3,35,21,0,59,0,8,120,2,130,3,43,141,2,189,135,0,135,324
01/20/2002,GJT,CO,ANM,WE,Federal Contract Tower,1,40,17,2,60,0,2,97,10,109,1,42,114,12,169,76,28,104,273
01/21/2002,GJT,CO,ANM,WE,Federal Contract Tower,3,34,10,3,50,0,9,111,6,126,3,43,121,9,176,120,14,134,310
01/22/2002,GJT,CO,ANM,WE,Federal Contract Tower,5,54,21,2,82,0,12,69,0,81,5,66,90,2,163,96,0,96,259
01/23/2002,GJT,CO,ANM,WE,Federal Contract Tower,5,46,31,3,85,0,6,62,2,70,5,52,93,5,155,58,18,76,231
01/24/2002,GJT,CO,ANM,WE,Federal Contract Tower,5,45,30,3,83,0,12,94,1,107,5,57,124,4,190,124,14,138,328
01/25/2002,GJT,CO,ANM,WE,Federal Contract Tower,4,44,16,7,71,0,6,106,21,133,4,50,122,28,204,50,16,66,270
01/26/2002,GJT,CO,ANM,WE,Federal Contract Tower,3,28,9,8,48,0,5,107,7,119,3,33,116,15,167,102,44,146,313
01/27/2002,GJT,CO,ANM,WE,Federal Contract Tower,3,35,14,0,52,0,5,58,0,63,3,40,72,0,115,46,0,46,161
01/28/2002,GJT,CO,ANM,WE,Federal Contract Tower,3,36,5,0,44,0,3,50,2,55,3,39,55,2,99,42,4,46,145
01/29/2002,GJT,CO,ANM,WE,Federal Contract Tower,8,64,28,0,100,0,0,18,0,18,8,64,46,0,118,12,0,12,130
01/30/2002,GJT,CO,ANM,WE,Federal Contract Tower,7,56,31,2,96,0,11,28,0,39,7,67,59,2,135,32,0,32,167
01/31/2002,GJT,CO,ANM,WE,Federal Contract Tower,7,22,39,0,68,0,26,76,0,102,7,48,115,0,170,118,0,118,288
02/01/2002,GJT,CO,ANM,WE,Federal Contract Tower,3,47,25,2,77,0,8,140,5,153,3,55,165,7,230,117,20,137,367
02/02/2002,GJT,CO,ANM,WE,Federal Contract Tower,7,31,10,2,50,0,6,105,1,112,7,37,115,3,162,100,4,104,266
02/03/2002,GJT,CO,ANM,WE,Federal Contract Tower,3,37,11,0,51,0,4,96,0,100,3,41,107,0,151,58,0,58,209
02/04/2002,GJT,CO,ANM,WE,Federal Contract Tower,5,41,23,0,69,0,0,93,2,95,5,41,116,2,164,90,6,96,260
02/05/2002,GJT,CO,ANM,WE,Federal Contract Tower,5,46,22,1,74,0,12,105,3,120,5,58,127,4,194,106,2,108,302
02/06/2002,GJT,CO,ANM,WE,Federal Contract Tower,5,41,27,0,73,0,0,94,0,94,5,41,121,0,167,102,0,102,269
02/07/2002,GJT,CO,ANM,WE,Federal Contract Tower,5,45,28,9,87,0,3,116,0,119,5,48,144,9,206,108,32,140,346
02/08/2002,GJT,CO,ANM,WE,Federal Contract Tower,5,57,47,5,114,0,0,37,1,38,5,57,84,6,152,44,12,56,208
02/09/2002,GJT,CO,ANM,WE,Federal Contract Tower,12,45,33,0,90,0,8,61,0,69,12,53,94,0,159,58,0,58,217
02/10/2002,GJT,CO,ANM,WE,Federal Contract Tower,1,56,30,0,87,0,3,110,0,113,1,59,140,0,200,74,0,74,274
02/11/2002,GJT,CO,ANM,WE,Federal Contract Tower,3,62,48,2,115,0,6,89,1,96,3,68,137,3,211,96,4,100,311
02/12/2002,GJT,CO,ANM,WE,Federal Contract Tower,5,64,53,6,128,0,8,105,0,113,5,72,158,6,241,98,10,108,349
02/13/2002,GJT,CO,ANM,WE,Federal Contract Tower,5,49,33,2,89,0,6,65,0,71,5,55,98,2,160,56,0,56,216
02/14/2002,GJT,CO,ANM,WE,Federal Contract Tower,9,68,79,2,158,0,19,20,0,39,9,87,99,2,197,74,4,78,275
02/15/2002,GJT,CO,ANM,WE,Federal Contract Tower,6,68,52,14,140,0,7,121,8,136,6,75,173,22,276,117,14,131,407
02/16/2002,GJT,CO,ANM,WE,Federal Contract Tower,7,60,34,4,105,0,7,106,0,113,7,67,140,4,218,91,0,91,309
02/17/2002,GJT,CO,ANM,WE,Federal Contract Tower,6,44,18,0,68,0,5,79,0,84,6,49,97,0,152,96,0,96,248
02/18/2002,GJT,CO,ANM,WE,Federal Contract Tower,4,73,67,0,144,2,6,27,0,35,6,79,94,0,179,82,0,82,261
02/19/2002,GJT,CO,ANM,WE,Federal Contract Tower,6,68,52,4,130,0,10,60,0,70,6,78,112,4,200,78,18,96,296
02/20/2002,GJT,CO,ANM,WE,Federal Contract Tower,9,65,79,0,153,0,12,36,0,48,9,77,115,0,201,56,0,56,257
02/21/2002,GJT,CO,ANM,WE,Federal Contract Tower,8,67,51,2,128,0,10,116,4,130,8,77,167,6,258,88,4,92,350
02/22/2002,GJT,CO,ANM,WE,Federal Contract Tower,5,59,46,5,115,0,2,118,2,122,5,61,164,7,237,130,35,165,402
02/23/2002,GJT,CO,ANM,WE,Federal Contract Tower,3,46,33,5,87,0,5,67,3,75,3,51,100,8,162,62,4,66,228
02/24/2002,GJT,CO,ANM,WE,Federal Contract Tower,0,54,34,0,88,2,2,77,0,81,2,56,111,0,169,118,0,118,287
02/25/2002,GJT,CO,ANM,WE,Federal Contract Tower,4,47,11,0,62,0,3,51,0,54,4,50,62,0,116,54,0,54,170
02/26/2002,GJT,CO,ANM,WE,Federal Contract Tower,5,39,17,6,67,0,7,94,0,101,5,46,111,6,168,112,4,116,284
02/27/2002,GJT,CO,ANM,WE,Federal Contract Tower,5,47,16,8,76,0,12,77,0,89,5,59,93,8,165,106,22,128,293
02/28/2002,GJT,CO,ANM,WE,Federal Contract Tower,5,43,36,0,84,0,7,75,0,82,5,50,111,0,166,134,0,134,300
03/01/2002,GJT,CO,ANM,WE,Federal Contract Tower,15,65,26,5,111,1,0,37,1,39,16,65,63,6,150,36,0,36,186
03/02/2002,GJT,CO,ANM,WE,Federal Contract Tower,8,31,14,5,58,0,4,73,7,84,8,35,87,12,142,80,24,104,246
03/03/2002,GJT,CO,ANM,WE,Federal Contract Tower,1,38,18,1,58,0,3,94,0,97,1,41,112,1,155,122,0,122,277
03/04/2002,GJT,CO,ANM,WE,Federal Contract Tower,3,40,11,6,60,0,10,85,0,95,3,50,96,6,155,76,14,90,245
03/05/2002,GJT,CO,ANM,WE,Federal Contract Tower,5,47,18,3,73,0,9,97,1,107,5,56,115,4,180,80,18,98,278
03/06/2002,GJT,CO,ANM,WE,Federal Contract Tower,5,49,23,5,82,0,5,63,0,68,5,54,86,5,150,106,6,112,262
03/07/2002,GJT,CO,ANM,WE,Federal Contract Tower,9,46,37,7,99,0,5,16,1,22,9,51,53,8,121,34,0,34,155
03/08/2002,GJT,CO,ANM,WE,Federal Contract Tower,14,55,50,0,119,0,6,1,0,7,14,61,51,0,126,2,0,2,128
03/09/2002,GJT,CO,ANM,WE,Federal Contract Tower,4,31,26,0,61,0,10,99,0,109,4,41,125,0,170,90,0,90,260
03/10/2002,GJT,CO,ANM,WE,Federal Contract Tower,0,35,20,7,62,0,5,78,4,87,0,40,98,11,149,104,0,104,253
03/11/2002,GJT,CO,ANM,WE,Federal Contract Tower,4,42,26,2,74,0,6,63,2,71,4,48,89,4,145,98,10,108,253
03/12/2002,GJT,CO,ANM,WE,Federal Contract Tower,5,46,26,0,77,0,10,123,0,133,5,56,149,0,210,174,0,174,384
03/13/2002,GJT,CO,ANM,WE,Federal Contract Tower,5,45,38,0,88,0,4,33,0,37,5,49,71,0,125,34,0,34,159
03/14/2002,GJT,CO,ANM,WE,Federal Contract Tower,6,54,40,1,101,0,2,23,1,26,6,56,63,2,127,86,14,100,227
03/15/2002,GJT,CO,ANM,WE,Federal Contract Tower,3,46,26,10,85,0,6,78,2,86,3,52,104,12,171,72,0,72,243
03/16/2002,GJT,CO,ANM,WE,Federal Contract Tower,6,54,29,4,93,1,4,24,3,32,7,58,53,7,125,24,20,44,169
03/17/2002,GJT,CO,ANM,WE,Federal Contract Tower,4,48,19,4,75,0,4,35,1,40,4,52,54,5,115,40,4,44,159
03/18/2002,GJT,CO,ANM,WE,Federal Contract Tower,4,49,27,4,84,0,11,35,0,46,4,60,62,4,130,52,4,56,186
03/19/2002,GJT,CO,ANM,WE,Federal Contract Tower,8,45,23,4,80,0,18,78,0,96,8,63,101,4,176,80,0,80,256
03/20/2002,GJT,CO,ANM,WE,Federal Contract Tower,5,48,27,4,84,0,13,124,2,139,5,61,151,6,223,48,0,48,271
03/21/2002,GJT,CO,ANM,WE,Federal Contract Tower,5,27,41,12,85,0,27,64,1,92,5,54,105,13,177,92,6,98,275
03/22/2002,GJT,CO,ANM,WE,Federal Contract Tower,4,55,31,7,97,0,8,123,0,131,4,63,154,7,228,140,10,150,378
03/23/2002,GJT,CO,ANM,WE,Federal Contract Tower,7,41,16,2,66,0,0,47,0,47,7,41,63,2,113,30,0,30,143
03/24/2002,GJT,CO,ANM,WE,Federal Contract Tower,2,45,23,7,77,0,4,48,3,55,2,49,71,10,132,74,22,96,228
03/25/2002,GJT,CO,ANM,WE,Federal Contract Tower,3,49,23,1,76,0,8,39,0,47,3,57,62,1,123,48,6,54,177
03/26/2002,GJT,CO,ANM,WE,Federal Contract Tower,6,45,20,6,77,0,10,82,2,94,6,55,102,8,171,68,20,88,259
03/27/2002,GJT,CO,ANM,WE,Federal Contract Tower,7,46,20,1,74,0,12,100,1,113,7,58,120,2,187,44,6,50,237
03/28/2002,GJT,CO,ANM,WE,Federal Contract Tower,5,45,16,4,70,2,5,121,2,130,7,50,137,6,200,70,2,72,272
03/29/2002,GJT,CO,ANM,WE,Federal Contract Tower,10,45,16,4,75,0,6,92,2,100,10,51,108,6,175,122,0,122,297
03/30/2002,GJT,CO,ANM,WE,Federal Contract Tower,5,39,11,0,55,0,12,79,0,91,5,51,90,0,146,86,0,86,232
03/31/2002,GJT,CO,ANM,WE,Federal Contract Tower,3,33,8,0,44,0,5,79,0,84,3,38,87,0,128,54,0,54,182
04/01/2002,GJT,CO,ANM,WE,Federal Contract Tower,6,41,17,0,64,0,6,102,0,108,6,47,119,0,172,108,0,108,280
04/02/2002,GJT,CO,ANM,WE,Federal Contract Tower,12,43,21,2,78,0,13,73,2,88,12,56,94,4,166,122,14,136,302
04/03/2002,GJT,CO,ANM,WE,Federal Contract Tower,5,46,21,2,74,0,6,77,0,83,5,52,98,2,157,114,18,132,289
04/04/2002,GJT,CO,ANM,WE,Federal Contract Tower,9,45,18,4,76,0,8,88,0,96,9,53,106,4,172,118,10,128,300
04/05/2002,GJT,CO,ANM,WE,Federal Contract Tower,5,47,23,14,89,0,3,56,6,65,5,50,79,20,154,90,14,104,258
04/06/2002,GJT,CO,ANM,WE,Federal Contract Tower,5,34,22,3,64,0,8,34,5,47,5,42,56,8,111,51,0,51,162
04/07/2002,GJT,CO,ANM,WE,Federal Contract Tower,1,38,11,9,59,0,5,54,2,61,1,43,65,11,120,56,0,56,176
04/08/2002,GJT,CO,ANM,WE,Federal Contract Tower,3,39,13,6,61,0,3,74,11,88,3,42,87,17,149,40,52,92,241
04/09/2002,GJT,CO,ANM,WE,Federal Contract Tower,3,43,26,6,78,0,15,67,0,82,3,58,93,6,160,92,2,94,254
04/10/2002,GJT,CO,ANM,WE,Federal Contract Tower,3,47,18,2,70,0,8,53,0,61,3,55,71,2,131,64,8,72,203
04/11/2002,GJT,CO,ANM,WE,Federal Contract Tower,3,37,14,0,54,0,7,68,4,79,3,44,82,4,133,70,40,110,243
04/12/2002,GJT,CO,ANM,WE,Federal Contract Tower,3,44,30,7,84,0,8,77,2,87,3,52,107,9,171,112,0,112,283
04/13/2002,GJT,CO,ANM,WE,Federal Contract Tower,3,32,15,9,59,0,16,156,2,174,3,48,171,11,233,108,14,122,355
04/14/2002,GJT,CO,ANM,WE,Federal Contract Tower,1,37,15,8,61,0,7,78,0,85,1,44,93,8,146,52,16,68,214
04/15/2002,GJT,CO,ANM,WE,Federal Contract Tower,4,34,11,1,50,0,6,45,0,51,4,40,56,1,101,24,0,24,125
04/16/2002,GJT,CO,ANM,WE,Federal Contract Tower,3,42,28,0,73,0,10,59,2,71,3,52,87,2,144,104,14,118,262
04/17/2002,GJT,CO,ANM,WE,Federal Contract Tower,3,47,24,0,74,0,9,48,0,57,3,56,72,0,131,14,0,14,145
04/18/2002,GJT,CO,ANM,WE,Federal Contract Tower,3,45,19,4,71,0,5,61,0,66,3,50,80,4,137,144,8,152,289
04/19/2002,GJT,CO,ANM,WE,Federal Contract Tower,3,44,15,2,64,0,11,66,0,77,3,55,81,2,141,84,0,84,225
04/20/2002,GJT,CO,ANM,WE,Federal Contract Tower,3,32,6,4,45,0,13,21,0,34,3,45,27,4,79,18,30,48,127
04/21/2002,GJT,CO,ANM,WE,Federal Contract Tower,1,34,13,5,53,0,5,63,1,69,1,39,76,6,122,58,4,62,184
04/22/2002,GJT,CO,ANM,WE,Federal Contract Tower,3,34,18,2,57,0,9,86,2,97,3,43,104,4,154,78,0,78,232
04/23/2002,GJT,CO,ANM,WE,Federal Contract Tower,3,43,29,2,77,0,2,83,1,86,3,45,112,3,163,102,2,104,267
04/24/2002,GJT,CO,ANM,WE,Federal Contract Tower,5,31,40,2,78,0,14,106,0,120,5,45,146,2,198,60,0,60,258
04/25/2002,GJT,CO,ANM,WE,Federal Contract Tower,3,39,30,5,77,0,12,72,0,84,3,51,102,5,161,24,18,42,203
04/26/2002,GJT,CO,ANM,WE,Federal Contract Tower,3,43,16,7,69,0,3,44,3,50,3,46,60,10,119,42,0,42,161
04/27/2002,GJT,CO,ANM,WE,Federal Contract Tower,3,31,16,2,52,0,2,44,0,46,3,33,60,2,98,50,0,50,148
04/28/2002,GJT,CO,ANM,WE,Federal Contract Tower,1,33,14,2,50,0,6,73,1,80,1,39,87,3,130,94,0,94,224
04/29/2002,GJT,CO,ANM,WE,Federal Contract Tower,4,35,19,0,58,0,5,78,2,85,4,40,97,2,143,56,2,58,201
04/30/2002,GJT,CO,ANM,WE,Federal Contract Tower,5,38,21,4,68,0,13,83,0,96,5,51,104,4,164,70,28,98,262
05/01/2002,GJT,CO,ANM,WE,Federal Contract Tower,3,45,26,0,74,0,12,50,0,62,3,57,76,0,136,52,0,52,188
05/02/2002,GJT,CO,ANM,WE,Federal Contract Tower,3,38,14,2,57,0,6,69,2,77,3,44,83,4,134,60,16,76,210
05/03/2002,GJT,CO,ANM,WE,Federal Contract Tower,5,42,22,3,72,0,16,126,7,149,5,58,148,10,221,200,0,200,421
05/04/2002,GJT,CO,ANM,WE,Federal Contract Tower,3,31,14,6,54,0,9,287,2,298,3,40,301,8,352,332,8,340,692
05/05/2002,GJT,CO,ANM,WE,Federal Contract Tower,1,32,19,11,63,0,6,173,1,180,1,38,192,12,243,176,0,176,419
05/06/2002,GJT,CO,ANM,WE,Federal Contract Tower,5,35,19,2,61,0,4,101,2,107,5,39,120,4,168,68,4,72,240
05/07/2002,GJT,CO,ANM,WE,Federal Contract Tower,3,38,13,0,54,0,12,79,0,91,3,50,92,0,145,64,0,64,209
05/08/2002,GJT,CO,ANM,WE,Federal Contract Tower,3,40,24,2,69,0,11,60,0,71,3,51,84,2,140,78,0,78,218
05/09/2002,GJT,CO,ANM,WE,Federal Contract Tower,3,40,28,4,75,0,21,97,4,122,3,61,125,8,197,140,24,164,361
05/10/2002,GJT,CO,ANM,WE,Federal Contract Tower,3,46,23,9,81,0,7,55,2,64,3,53,78,11,145,52,14,66,211
05/11/2002,GJT,CO,ANM,WE,Federal Contract Tower,3,32,18,4,57,0,10,56,6,72,3,42,74,10,129,96,34,130,259
05/12/2002,GJT,CO,ANM,WE,Federal Contract Tower,1,35,11,5,52,0,4,54,0,58,1,39,65,5,110,62,0,62,172
05/13/2002,GJT,CO,ANM,WE,Federal Contract Tower,3,37,16,2,58,0,8,100,3,111,3,45,116,5,169,114,6,120,289
05/14/2002,GJT,CO,ANM,WE,Federal Contract Tower,4,43,20,2,69,0,13,78,0,91,4,56,98,2,160,52,0,52,212
05/15/2002,GJT,CO,ANM,WE,Federal Contract Tower,3,40,21,2,66,0,15,62,0,77,3,55,83,2,143,104,4,108,251
05/16/2002,GJT,CO,ANM,WE,Federal Contract Tower,3,40,12,2,57,0,12,61,0,73,3,52,73,2,130,64,0,64,194
05/17/2002,GJT,CO,ANM,WE,Federal Contract Tower,3,36,21,10,70,0,11,97,2,110,3,47,118,12,180,110,4,114,294
05/18/2002,GJT,CO,ANM,WE,Federal Contract Tower,3,30,9,3,45,0,13,114,7,134,3,43,123,10,179,76,8,84,263
05/19/2002,GJT,CO,ANM,WE,Federal Contract Tower,1,36,14,7,58,0,4,84,0,88,1,40,98,7,146,60,8,68,214
05/20/2002,GJT,CO,ANM,WE,Federal Contract Tower,3,38,14,4,59,0,11,125,1,137,3,49,139,5,196,102,6,108,304
05/21/2002,GJT,CO,ANM,WE,Federal Contract Tower,3,41,8,0,52,0,8,30,0,38,3,49,38,0,90,32,0,32,122
05/22/2002,GJT,CO,ANM,WE,Federal Contract Tower,3,43,13,0,59,0,9,68,0,77,3,52,81,0,136,94,0,94,230
05/23/2002,GJT,CO,ANM,WE,Federal Contract Tower,3,43,23,3,72,0,10,91,1,102,3,53,114,4,174,90,0,90,264
05/24/2002,GJT,CO,ANM,WE,Federal Contract Tower,3,45,38,6,92,0,16,109,2,127,3,61,147,8,219,81,0,81,300
05/25/2002,GJT,CO,ANM,WE,Federal Contract Tower,3,29,12,3,47,0,6,92,1,99,3,35,104,4,146,132,8,140,286
05/26/2002,GJT,CO,ANM,WE,Federal Contract Tower,5,30,4,2,41,0,4,88,2,94,5,34,92,4,135,70,4,74,209
05/27/2002,GJT,CO,ANM,WE,Federal Contract Tower,1,34,9,2,46,0,2,113,3,118,1,36,122,5,164,154,10,164,328
05/28/2002,GJT,CO,ANM,WE,Federal Contract Tower,5,39,18,0,62,0,13,99,2,114,5,52,117,2,176,132,0,132,308
05/29/2002,GJT,CO,ANM,WE,Federal Contract Tower,3,41,15,5,64,0,14,88,0,102,3,55,103,5,166,102,32,134,300
05/30/2002,GJT,CO,ANM,WE,Federal Contract Tower,3,39,24,0,66,0,19,108,2,129,3,58,132,2,195,138,4,142,337
05/31/2002,GJT,CO,ANM,WE,Federal Contract Tower,3,39,18,5,65,0,11,133,0,144,3,50,151,5,209,154,0,154,363
06/01/2002,GJT,CO,ANM,WE,Federal Contract Tower,6,33,8,11,58,0,5,73,0,78,6,38,81,11,136,70,0,70,206
06/02/2002,GJT,CO,ANM,WE,Federal Contract Tower,1,30,16,8,55,0,6,136,3,145,1,36,152,11,200,82,0,82,282
06/03/2002,GJT,CO,ANM,WE,Federal Contract Tower,3,41,25,2,71,0,2,76,0,78,3,43,101,2,149,42,0,42,191
06/04/2002,GJT,CO,ANM,WE,Federal Contract Tower,3,45,19,0,67,0,11,103,0,114,3,56,122,0,181,70,0,70,251
06/05/2002,GJT,CO,ANM,WE,Federal Contract Tower,3,42,34,4,83,0,15,133,1,149,3,57,167,5,232,142,4,146,378
06/06/2002,GJT,CO,ANM,WE,Federal Contract Tower,3,42,25,2,72,0,19,122,0,141,3,61,147,2,213,108,0,108,321
06/07/2002,GJT,CO,ANM,WE,Federal Contract Tower,3,40,28,0,71,0,11,117,0,128,3,51,145,0,199,86,0,86,285
06/08/2002,GJT,CO,ANM,WE,Federal Contract Tower,3,30,8,10,51,0,2,56,7,65,3,32,64,17,116,16,14,30,146
06/09/2002,GJT,CO,ANM,WE,Federal Contract Tower,5,33,8,4,50,0,4,64,3,71,5,37,72,7,121,0,0,0,121
06/10/2002,GJT,CO,ANM,WE,Federal Contract Tower,3,37,23,3,66,0,7,250,12,269,3,44,273,15,335,152,8,160,495
06/11/2002,GJT,CO,ANM,WE,Federal Contract Tower,4,40,34,2,80,0,13,190,0,203,4,53,224,2,283,84,2,86,369
06/12/2002,GJT,CO,ANM,WE,Federal Contract Tower,3,38,22,4,67,0,11,223,0,234,3,49,245,4,301,114,10,124,425
06/13/2002,GJT,CO,ANM,WE,Federal Contract Tower,3,37,23,1,64,0,10,129,0,139,3,47,152,1,203,110,0,110,313
06/14/2002,GJT,CO,ANM,WE,Federal Contract Tower,3,40,15,6,64,0,11,158,0,169,3,51,173,6,233,98,0,98,331
06/15/2002,GJT,CO,ANM,WE,Federal Contract Tower,4,30,17,2,53,0,15,173,0,188,4,45,190,2,241,62,0,62,303
06/16/2002,GJT,CO,ANM,WE,Federal Contract Tower,2,34,15,4,55,0,6,137,0,143,2,40,152,4,198,56,0,56,254
06/17/2002,GJT,CO,ANM,WE,Federal Contract Tower,4,39,15,0,58,0,5,161,2,168,4,44,176,2,226,102,0,102,328
06/18/2002,GJT,CO,ANM,WE,Federal Contract Tower,3,39,31,2,75,0,12,139,0,151,3,51,170,2,226,144,20,164,390
06/19/2002,GJT,CO,ANM,WE,Federal Contract Tower,5,45,23,0,73,0,16,129,0,145,5,61,152,0,218,143,0,143,361
06/20/2002,GJT,CO,ANM,WE,Federal Contract Tower,3,40,36,0,79,0,18,154,0,172,3,58,190,0,251,98,0,98,349
06/21/2002,GJT,CO,ANM,WE,Federal Contract Tower,3,41,23,2,69,0,8,123,2,133,3,49,146,4,202,46,12,58,260
06/22/2002,GJT,CO,ANM,WE,Federal Contract Tower,5,34,14,0,53,0,6,150,0,156,5,40,164,0,209,32,0,32,241
06/23/2002,GJT,CO,ANM,WE,Federal Contract Tower,1,32,25,2,60,0,7,207,0,214,1,39,232,2,274,74,0,74,348
06/24/2002,GJT,CO,ANM,WE,Federal Contract Tower,3,43,24,9,79,0,4,191,2,197,3,47,215,11,276,144,10,154,430
06/25/2002,GJT,CO,ANM,WE,Federal Contract Tower,6,40,13,4,63,0,14,177,0,191,6,54,190,4,254,132,8,140,394
06/26/2002,GJT,CO,ANM,WE,Federal Contract Tower,4,43,35,0,82,0,18,153,0,171,4,61,188,0,253,90,0,90,343
06/27/2002,GJT,CO,ANM,WE,Federal Contract Tower,6,41,29,4,80,0,11,159,0,170,6,52,188,4,250,128,0,128,378
06/28/2002,GJT,CO,ANM,WE,Federal Contract Tower,5,34,26,4,69,0,7,175,0,182,5,41,201,4,251,73,0,73,324
06/29/2002,GJT,CO,ANM,WE,Federal Contract Tower,3,34,12,4,53,0,11,150,3,164,3,45,162,7,217,98,0,98,315
06/30/2002,GJT,CO,ANM,WE,Federal Contract Tower,2,34,17,3,56,0,9,154,0,163,2,43,171,3,219,108,4,112,331
07/01/2002,GJT,CO,ANM,WE,Federal Contract Tower,6,36,19,2,63,0,7,123,0,130,6,43,142,2,193,140,0,140,333
07/02/2002,GJT,CO,ANM,WE,Federal Contract Tower,3,32,14,6,55,0,19,140,4,163,3,51,154,10,218,148,22,170,388
07/03/2002,GJT,CO,ANM,WE,Federal Contract Tower,5,37,23,0,65,0,12,105,1,118,5,49,128,1,183,106,6,112,295
07/04/2002,GJT,CO,ANM,WE,Federal Contract Tower,1,28,7,0,36,0,12,140,0,152,1,40,147,0,188,84,0,84,272
07/05/2002,GJT,CO,ANM,WE,Federal Contract Tower,3,36,8,0,47,0,5,129,0,134,3,41,137,0,181,64,0,64,245
07/06/2002,GJT,CO,ANM,WE,Federal Contract Tower,4,32,8,0,44,0,3,128,0,131,4,35,136,0,175,66,0,66,241
07/07/2002,GJT,CO,ANM,WE,Federal Contract Tower,2,33,27,0,62,0,7,136,1,144,2,40,163,1,206,104,0,104,310
07/08/2002,GJT,CO,ANM,WE,Federal Contract Tower,6,45,21,6,78,0,7,143,0,150,6,52,164,6,228,90,8,98,326
07/09/2002,GJT,CO,ANM,WE,Federal Contract Tower,3,47,27,7,84,0,15,175,0,190,3,62,202,7,274,114,16,130,404
07/10/2002,GJT,CO,ANM,WE,Federal Contract Tower,3,45,22,5,75,0,13,169,3,185,3,58,191,8,260,106,0,106,366
07/11/2002,GJT,CO,ANM,WE,Federal Contract Tower,3,52,27,5,87,0,13,155,5,173,3,65,182,10,260,80,6,86,346
07/12/2002,GJT,CO,ANM,WE,Federal Contract Tower,3,38,25,2,68,0,8,161,2,171,3,46,186,4,239,82,7,89,328
07/13/2002,GJT,CO,ANM,WE,Federal Contract Tower,3,42,8,2,55,0,6,102,0,108,3,48,110,2,163,58,0,58,221
07/14/2002,GJT,CO,ANM,WE,Federal Contract Tower,6,34,24,3,67,0,0,128,1,129,6,34,152,4,196,50,0,50,246
07/15/2002,GJT,CO,ANM,WE,Federal Contract Tower,3,42,23,4,72,0,10,189,0,199,3,52,212,4,271,96,2,98,369
07/16/2002,GJT,CO,ANM,WE,Federal Contract Tower,4,40,24,4,72,0,11,135,2,148,4,51,159,6,220,94,2,96,316
07/17/2002,GJT,CO,ANM,WE,Federal Contract Tower,3,37,27,5,72,0,11,139,0,150,3,48,166,5,222,118,20,138,360
07/18/2002,GJT,CO,ANM,WE,Federal Contract Tower,3,41,24,2,70,0,11,224,0,235,3,52,248,2,305,172,0,172,477
07/19/2002,GJT,CO,ANM,WE,Federal Contract Tower,10,47,20,2,79,0,7,119,4,130,10,54,139,6,209,104,2,106,315
07/20/2002,GJT,CO,ANM,WE,Federal Contract Tower,3,32,17,2,54,0,6,89,3,98,3,38,106,5,152,130,10,140,292
07/21/2002,GJT,CO,ANM,WE,Federal Contract Tower,1,35,22,5,63,0,7,102,0,109,1,42,124,5,172,76,8,84,256
07/22/2002,GJT,CO,ANM,WE,Federal Contract Tower,3,43,30,5,81,0,0,98,2,100,3,43,128,7,181,72,14,86,267
07/23/2002,GJT,CO,ANM,WE,Federal Contract Tower,2,48,26,3,79,0,12,134,4,150,2,60,160,7,229,66,0,66,295
07/24/2002,GJT,CO,ANM,WE,Federal Contract Tower,5,42,29,5,81,0,13,124,3,140,5,55,153,8,221,60,32,92,313
07/25/2002,GJT,CO,ANM,WE,Federal Contract Tower,4,38,33,5,80,0,10,92,1,103,4,48,125,6,183,120,0,120,303
07/26/2002,GJT,CO,ANM,WE,Federal Contract Tower,3,42,22,10,77,0,7,113,4,124,3,49,135,14,201,94,18,112,313
07/27/2002,GJT,CO,ANM,WE,Federal Contract Tower,4,34,18,4,60,0,8,68,1,77,4,42,86,5,137,76,0,76,213
07/28/2002,GJT,CO,ANM,WE,Federal Contract Tower,1,32,16,6,55,0,4,88,3,95,1,36,104,9,150,96,22,118,268
07/29/2002,GJT,CO,ANM,WE,Federal Contract Tower,6,40,16,9,71,0,8,109,9,126,6,48,125,18,197,82,38,120,317
07/30/2002,GJT,CO,ANM,WE,Federal Contract Tower,5,46,17,5,73,0,17,136,0,153,5,63,153,5,226,132,2,134,360
07/31/2002,GJT,CO,ANM,WE,Federal Contract Tower,3,37,27,4,71,0,7,107,0,114,3,44,134,4,185,60,0,60,245
08/01/2002,GJT,CO,ANM,WE,Federal Contract Tower,3,44,35,0,82,0,9,83,1,93,3,53,118,1,175,116,0,116,291
08/02/2002,GJT,CO,ANM,WE,Federal Contract Tower,4,45,26,2,77,0,4,90,2,96,4,49,116,4,173,126,8,134,307
08/03/2002,GJT,CO,ANM,WE,Federal Contract Tower,3,41,11,4,59,0,2,99,0,101,3,43,110,4,160,34,0,34,194
08/04/2002,GJT,CO,ANM,WE,Federal Contract Tower,1,31,10,0,42,0,4,83,0,87,1,35,93,0,129,96,0,96,225
08/05/2002,GJT,CO,ANM,WE,Federal Contract Tower,3,30,41,4,78,0,12,92,0,104,3,42,133,4,182,44,4,48,230
08/06/2002,GJT,CO,ANM,WE,Federal Contract Tower,3,47,20,0,70,0,0,90,0,90,3,47,110,0,160,66,0,66,226
08/07/2002,GJT,CO,ANM,WE,Federal Contract Tower,3,42,17,1,63,0,11,122,0,133,3,53,139,1,196,146,0,146,342
08/08/2002,GJT,CO,ANM,WE,Federal Contract Tower,4,37,21,3,65,0,11,117,0,128,4,48,138,3,193,70,2,72,265
08/09/2002,GJT,CO,ANM,WE,Federal Contract Tower,3,40,20,4,67,0,12,153,4,169,3,52,173,8,236,112,22,134,370
08/10/2002,GJT,CO,ANM,WE,Federal Contract Tower,3,32,13,6,54,0,6,133,7,146,3,38,146,13,200,90,34,124,324
08/11/2002,GJT,CO,ANM,WE,Federal Contract Tower,1,36,19,2,58,0,5,115,16,136,1,41,134,18,194,96,0,96,290
08/12/2002,GJT,CO,ANM,WE,Federal Contract Tower,3,31,38,2,74,0,9,81,0,90,3,40,119,2,164,86,14,100,264
08/13/2002,GJT,CO,ANM,WE,Federal Contract Tower,3,40,15,3,61,0,12,137,0,149,3,52,152,3,210,88,2,90,300
08/14/2002,GJT,CO,ANM,WE,Federal Contract Tower,3,36,38,3,80,0,10,100,3,113,3,46,138,6,193,74,34,108,301
08/15/2002,GJT,CO,ANM,WE,Federal Contract Tower,4,43,24,4,75,0,10,111,0,121,4,53,135,4,196,86,0,86,282
08/16/2002,GJT,CO,ANM,WE,Federal Contract Tower,3,36,12,2,53,0,13,152,2,167,3,49,164,4,220,111,12,123,343
08/17/2002,GJT,CO,ANM,WE,Federal Contract Tower,4,35,15,5,59,0,8,129,1,138,4,43,144,6,197,62,0,62,259
08/18/2002,GJT,CO,ANM,WE,Federal Contract Tower,2,41,11,4,58,0,7,161,1,169,2,48,172,5,227,74,0,74,301
08/19/2002,GJT,CO,ANM,WE,Federal Contract Tower,6,37,22,6,71,0,9,142,0,151,6,46,164,6,222,72,0,72,294
08/20/2002,GJT,CO,ANM,WE,Federal Contract Tower,5,46,28,1,80,0,12,73,1,86,5,58,101,2,166,38,0,38,204
08/21/2002,GJT,CO,ANM,WE,Federal Contract Tower,5,36,27,2,70,0,15,94,0,109,5,51,121,2,179,78,0,78,257
08/22/2002,GJT,CO,ANM,WE,Federal Contract Tower,4,38,24,1,67,0,8,114,0,122,4,46,138,1,189,120,0,120,309
08/23/2002,GJT,CO,ANM,WE,Federal Contract Tower,3,36,25,9,73,0,11,122,2,135,3,47,147,11,208,64,16,80,288
08/24/2002,GJT,CO,ANM,WE,Federal Contract Tower,5,36,5,3,49,0,10,108,3,121,5,46,113,6,170,76,2,78,248
08/25/2002,GJT,CO,ANM,WE,Federal Contract Tower,2,34,12,4,52,0,8,129,3,140,2,42,141,7,192,92,0,92,284
08/26/2002,GJT,CO,ANM,WE,Federal Contract Tower,7,42,24,8,81,0,2,88,0,90,7,44,112,8,171,122,26,148,319
08/27/2002,GJT,CO,ANM,WE,Federal Contract Tower,5,38,24,0,67,0,13,108,0,121,5,51,132,0,188,120,0,120,308
08/28/2002,GJT,CO,ANM,WE,Federal Contract Tower,3,38,17,2,60,0,12,82,0,94,3,50,99,2,154,52,6,58,212
08/29/2002,GJT,CO,ANM,WE,Federal Contract Tower,3,37,19,0,59,0,4,31,0,35,3,41,50,0,94,20,0,20,114
08/30/2002,GJT,CO,ANM,WE,Federal Contract Tower,3,43,17,10,73,0,8,154,0,162,3,51,171,10,235,100,24,124,359
08/31/2002,GJT,CO,ANM,WE,Federal Contract Tower,6,32,4,5,47,0,8,75,10,93,6,40,79,15,140,66,44,110,250
09/01/2002,GJT,CO,ANM,WE,Federal Contract Tower,2,30,6,3,41,0,6,101,5,112,2,36,107,8,153,76,8,84,237
09/02/2002,GJT,CO,ANM,WE,Federal Contract Tower,1,33,14,6,54,0,0,106,0,106,1,33,120,6,160,114,4,118,278
09/03/2002,GJT,CO,ANM,WE,Federal Contract Tower,3,37,11,2,53,0,13,99,0,112,3,50,110,2,165,82,8,90,255
09/04/2002,GJT,CO,ANM,WE,Federal Contract Tower,3,44,24,7,78,0,17,83,1,101,3,61,107,8,179,114,18,132,311
09/05/2002,GJT,CO,ANM,WE,Federal Contract Tower,5,35,25,12,77,0,11,92,1,104,5,46,117,13,181,108,32,140,321
09/06/2002,GJT,CO,ANM,WE,Federal Contract Tower,3,48,17,9,77,0,5,90,4,99,3,53,107,13,176,34,6,40,216
09/07/2002,GJT,CO,ANM,WE,Federal Contract Tower,4,39,16,2,61,0,0,38,0,38,4,39,54,2,99,38,0,38,137
09/08/2002,GJT,CO,ANM,WE,Federal Contract Tower,2,32,11,7,52,0,6,78,7,91,2,38,89,14,143,104,0,104,247
09/09/2002,GJT,CO,ANM,WE,Federal Contract Tower,3,33,12,10,58,0,6,75,0,81,3,39,87,10,139,84,46,130,269
09/10/2002,GJT,CO,ANM,WE,Federal Contract Tower,3,35,26,0,64,0,13,85,0,98,3,48,111,0,162,86,0,86,248
09/11/2002,GJT,CO,ANM,WE,Federal Contract Tower,3,45,25,4,77,0,12,59,0,71,3,57,84,4,148,56,2,58,206
09/12/2002,GJT,CO,ANM,WE,Federal Contract Tower,3,42,33,0,78,0,9,49,2,60,3,51,82,2,138,60,4,64,202
09/13/2002,GJT,CO,ANM,WE,Federal Contract Tower,5,53,30,11,99,0,4,65,2,71,5,57,95,13,170,102,2,104,274
09/14/2002,GJT,CO,ANM,WE,Federal Contract Tower,7,33,7,4,51,0,5,90,7,102,7,38,97,11,153,84,18,102,255
09/15/2002,GJT,CO,ANM,WE,Federal Contract Tower,3,34,16,10,63,0,5,100,8,113,3,39,116,18,176,56,26,82,258
09/16/2002,GJT,CO,ANM,WE,Federal Contract Tower,2,36,22,7,67,0,11,86,0,97,2,47,108,7,164,88,6,94,258
09/17/2002,GJT,CO,ANM,WE,Federal Contract Tower,4,40,28,6,78,0,12,79,0,91,4,52,107,6,169,110,14,124,293
09/18/2002,GJT,CO,ANM,WE,Federal Contract Tower,4,50,30,3,87,0,11,43,0,54,4,61,73,3,141,58,22,80,221
09/19/2002,GJT,CO,ANM,WE,Federal Contract Tower,4,40,33,17,94,0,13,99,6,118,4,53,132,23,212,124,106,230,442
09/20/2002,GJT,CO,ANM,WE,Federal Contract Tower,6,37,17,7,67,0,6,63,7,76,6,43,80,14,143,52,4,56,199
09/21/2002,GJT,CO,ANM,WE,Federal Contract Tower,3,31,3,6,43,0,17,149,25,191,3,48,152,31,234,100,92,192,426
09/22/2002,GJT,CO,ANM,WE,Federal Contract Tower,1,29,14,11,55,0,9,137,2,148,1,38,151,13,203,76,12,88,291
09/23/2002,GJT,CO,ANM,WE,Federal Contract Tower,3,38,15,3,59,0,6,107,3,116,3,44,122,6,175,154,32,186,361
09/24/2002,GJT,CO,ANM,WE,Federal Contract Tower,4,35,26,1,66,0,14,75,1,90,4,49,101,2,156,170,10,180,336
09/25/2002,GJT,CO,ANM,WE,Federal Contract Tower,3,42,33,5,83,0,19,85,0,104,3,61,118,5,187,152,18,170,357
09/26/2002,GJT,CO,ANM,WE,Federal Contract Tower,3,40,25,4,72,0,14,83,2,99,3,54,108,6,171,150,16,166,337
09/27/2002,GJT,CO,ANM,WE,Federal Contract Tower,3,43,20,4,70,1,13,73,0,87,4,56,93,4,157,128,26,154,311
09/28/2002,GJT,CO,ANM,WE,Federal Contract Tower,3,39,8,2,52,0,1,35,2,38,3,40,43,4,90,64,2,66,156
09/29/2002,GJT,CO,ANM,WE,Federal Contract Tower,1,34,16,0,51,0,5,36,0,41,1,39,52,0,92,72,0,72,164
09/30/2002,GJT,CO,ANM,WE,Federal Contract Tower,3,37,20,4,64,0,3,82,0,85,3,40,102,4,149,156,8,164,313
10/01/2002,GJT,CO,ANM,WE,Federal Contract Tower,4,41,24,6,75,0,14,92,0,106,4,55,116,6,181,52,6,58,239
10/02/2002,GJT,CO,ANM,WE,Federal Contract Tower,5,44,29,0,78,0,6,38,0,44,5,50,67,0,122,14,0,14,136
10/03/2002,GJT,CO,ANM,WE,Federal Contract Tower,3,45,32,9,89,0,3,27,1,31,3,48,59,10,120,66,4,70,190
10/04/2002,GJT,CO,ANM,WE,Federal Contract Tower,4,46,27,12,89,0,11,68,4,83,4,57,95,16,172,112,26,138,310
10/05/2002,GJT,CO,ANM,WE,Federal Contract Tower,4,40,14,5,63,0,9,41,5,55,4,49,55,10,118,58,14,72,190
10/06/2002,GJT,CO,ANM,WE,Federal Contract Tower,2,32,9,2,45,0,9,105,0,114,2,41,114,2,159,86,0,86,245
10/07/2002,GJT,CO,ANM,WE,Federal Contract Tower,3,36,9,6,54,0,9,115,3,127,3,45,124,9,181,102,24,126,307
10/08/2002,GJT,CO,ANM,WE,Federal Contract Tower,3,41,15,1,60,0,12,105,0,117,3,53,120,1,177,154,18,172,349
10/09/2002,GJT,CO,ANM,WE,Federal Contract Tower,6,37,16,2,61,0,13,99,4,116,6,50,115,6,177,138,4,142,319
10/10/2002,GJT,CO,ANM,WE,Federal Contract Tower,5,41,21,1,68,0,6,74,1,81,5,47,95,2,149,140,14,154,303
10/11/2002,GJT,CO,ANM,WE,Federal Contract Tower,5,38,32,6,81,0,9,61,1,71,5,47,93,7,152,60,6,66,218
10/12/2002,GJT,CO,ANM,WE,Federal Contract Tower,3,33,9,6,51,0,5,92,0,97,3,38,101,6,148,62,2,64,212
10/13/2002,GJT,CO,ANM,WE,Federal Contract Tower,1,32,9,4,46,0,5,108,1,114,1,37,117,5,160,90,0,90,250
10/14/2002,GJT,CO,ANM,WE,Federal Contract Tower,3,38,22,4,67,0,2,99,0,101,3,40,121,4,168,70,8,78,246
10/15/2002,GJT,CO,ANM,WE,Federal Contract Tower,3,37,12,2,54,0,14,95,0,109,3,51,107,2,163,122,0,122,285
10/16/2002,GJT,CO,ANM,WE,Federal Contract Tower,3,39,21,0,63,0,9,91,2,102,3,48,112,2,165,142,12,154,319
10/17/2002,GJT,CO,ANM,WE,Federal Contract Tower,5,45,23,1,74,0,9,82,1,92,5,54,105,2,166,100,0,100,266
10/18/2002,GJT,CO,ANM,WE,Federal Contract Tower,3,41,27,11,82,0,11,110,7,128,3,52,137,18,210,164,30,194,404
10/19/2002,GJT,CO,ANM,WE,Federal Contract Tower,3,34,12,5,54,0,1,79,2,82,3,35,91,7,136,112,28,140,276
10/20/2002,GJT,CO,ANM,WE,Federal Contract Tower,1,30,12,6,49,0,3,68,2,73,1,33,80,8,122,120,2,122,244
10/21/2002,GJT,CO,ANM,WE,Federal Contract Tower,4,36,11,4,55,0,6,98,0,104,4,42,109,4,159,116,4,120,279
10/22/2002,GJT,CO,ANM,WE,Federal Contract Tower,3,41,27,4,75,0,14,47,0,61,3,55,74,4,136,48,0,48,184
10/23/2002,GJT,CO,ANM,WE,Federal Contract Tower,7,43,38,6,94,0,11,43,0,54,7,54,81,6,148,62,0,62,210
10/24/2002,GJT,CO,ANM,WE,Federal Contract Tower,5,42,29,2,78,0,4,30,4,38,5,46,59,6,116,72,0,72,188
10/25/2002,GJT,CO,ANM,WE,Federal Contract Tower,2,44,34,9,89,0,16,74,7,97,2,60,108,16,186,118,58,176,362
10/26/2002,GJT,CO,ANM,WE,Federal Contract Tower,2,39,4,2,47,0,4,56,4,64,2,43,60,6,111,24,2,26,137
10/27/2002,GJT,CO,ANM,WE,Federal Contract Tower,0,42,15,2,59,0,2,33,0,35,0,44,48,2,94,62,0,62,156
10/28/2002,GJT,CO,ANM,WE,Federal Contract Tower,3,44,17,0,64,0,11,92,0,103,3,55,109,0,167,178,0,178,345
10/29/2002,GJT,CO,ANM,WE,Federal Contract Tower,2,55,19,2,78,0,7,47,0,54,2,62,66,2,132,86,6,92,224
10/30/2002,GJT,CO,ANM,WE,Federal Contract Tower,2,56,29,4,91,0,10,35,0,45,2,66,64,4,136,90,28,118,254
10/31/2002,GJT,CO,ANM,WE,Federal Contract Tower,2,56,19,5,82,0,4,53,0,57,2,60,72,5,139,80,4,84,223
11/01/2002,GJT,CO,ANM,WE,Federal Contract Tower,4,48,23,7,82,0,2,55,1,58,4,50,78,8,140,54,6,60,200
11/02/2002,GJT,CO,ANM,WE,Federal Contract Tower,4,37,20,0,61,0,2,49,1,52,4,39,69,1,113,42,0,42,155
11/03/2002,GJT,CO,ANM,WE,Federal Contract Tower,0,36,10,0,46,0,5,94,0,99,0,41,104,0,145,112,0,112,257
11/04/2002,GJT,CO,ANM,WE,Federal Contract Tower,2,37,24,7,70,0,6,98,2,106,2,43,122,9,176,138,10,148,324
11/05/2002,GJT,CO,ANM,WE,Federal Contract Tower,2,41,21,2,66,0,14,98,0,112,2,55,119,2,178,88,0,88,266
11/06/2002,GJT,CO,ANM,WE,Federal Contract Tower,4,40,19,4,67,0,13,107,0,120,4,53,126,4,187,124,18,142,329
11/07/2002,GJT,CO,ANM,WE,Federal Contract Tower,2,38,19,6,65,0,7,94,2,103,2,45,113,8,168,138,14,152,320
11/08/2002,GJT,CO,ANM,WE,Federal Contract Tower,2,54,17,0,73,0,0,19,0,19,2,54,36,0,92,28,0,28,120
11/09/2002,GJT,CO,ANM,WE,Federal Contract Tower,2,43,9,0,54,0,2,4,0,6,2,45,13,0,60,0,0,0,60
11/10/2002,GJT,CO,ANM,WE,Federal Contract Tower,0,46,10,1,57,0,5,46,0,51,0,51,56,1,108,42,0,42,150
11/11/2002,GJT,CO,ANM,WE,Federal Contract Tower,1,39,21,4,65,0,8,55,1,64,1,47,76,5,129,74,2,76,205
11/12/2002,GJT,CO,ANM,WE,Federal Contract Tower,6,37,19,2,64,0,7,102,0,109,6,44,121,2,173,104,2,106,279
11/13/2002,GJT,CO,ANM,WE,Federal Contract Tower,2,46,34,4,86,0,16,73,0,89,2,62,107,4,175,128,2,130,305
11/14/2002,GJT,CO,ANM,WE,Federal Contract Tower,2,51,24,0,77,0,3,54,2,59,2,54,78,2,136,94,2,96,232
11/15/2002,GJT,CO,ANM,WE,Federal Contract Tower,3,41,32,5,81,0,6,68,0,74,3,47,100,5,155,82,4,86,241
11/16/2002,GJT,CO,ANM,WE,Federal Contract Tower,2,29,7,1,39,0,5,96,7,108,2,34,103,8,147,124,22,146,293
11/17/2002,GJT,CO,ANM,WE,Federal Contract Tower,0,37,6,2,45,2,4,93,1,100,2,41,99,3,145,112,4,116,261
11/18/2002,GJT,CO,ANM,WE,Federal Contract Tower,2,35,16,6,59,0,3,84,0,87,2,38,100,6,146,86,4,90,236
11/19/2002,GJT,CO,ANM,WE,Federal Contract Tower,2,40,24,0,66,0,14,77,6,97,2,54,101,6,163,84,8,92,255
11/20/2002,GJT,CO,ANM,WE,Federal Contract Tower,2,40,24,0,66,0,13,79,0,92,2,53,103,0,158,142,0,142,300
11/21/2002,GJT,CO,ANM,WE,Federal Contract Tower,2,40,13,3,58,0,4,74,1,79,2,44,87,4,137,68,0,68,205
11/22/2002,GJT,CO,ANM,WE,Federal Contract Tower,2,39,18,11,70,0,2,93,0,95,2,41,111,11,165,80,42,122,287
11/23/2002,GJT,CO,ANM,WE,Federal Contract Tower,19,30,7,4,60,0,7,84,1,92,19,37,91,5,152,88,4,92,244
11/24/2002,GJT,CO,ANM,WE,Federal Contract Tower,0,38,9,0,47,0,3,62,0,65,0,41,71,0,112,62,0,62,174
11/25/2002,GJT,CO,ANM,WE,Federal Contract Tower,2,46,16,4,68,0,5,44,2,51,2,51,60,6,119,34,0,34,153
11/26/2002,GJT,CO,ANM,WE,Federal Contract Tower,2,41,20,3,66,0,12,88,2,102,2,53,108,5,168,64,0,64,232
11/27/2002,GJT,CO,ANM,WE,Federal Contract Tower,2,53,14,0,69,0,11,88,0,99,2,64,102,0,168,122,0,122,290
11/28/2002,GJT,CO,ANM,WE,Federal Contract Tower,0,32,2,0,34,0,0,27,0,27,0,32,29,0,61,6,0,6,67
11/29/2002,GJT,CO,ANM,WE,Federal Contract Tower,2,39,5,0,46,0,10,70,0,80,2,49,75,0,126,64,0,64,190
11/30/2002,GJT,CO,ANM,WE,Federal Contract Tower,4,33,9,0,46,0,17,80,0,97,4,50,89,0,143,66,0,66,209
12/01/2002,GJT,CO,ANM,WE,Federal Contract Tower,0,55,30,0,85,0,3,42,0,45,0,58,72,0,130,38,0,38,168
12/02/2002,GJT,CO,ANM,WE,Federal Contract Tower,2,37,21,2,62,0,4,90,0,94,2,41,111,2,156,104,2,106,262
12/03/2002,GJT,CO,ANM,WE,Federal Contract Tower,4,40,18,8,70,0,12,34,4,50,4,52,52,12,120,76,0,76,196
12/04/2002,GJT,CO,ANM,WE,Federal Contract Tower,2,38,32,6,78,0,19,49,0,68,2,57,81,6,146,122,28,150,296
12/05/2002,GJT,CO,ANM,WE,Federal Contract Tower,2,43,20,8,73,0,2,43,2,47,2,45,63,10,120,72,10,82,202
12/06/2002,GJT,CO,ANM,WE,Federal Contract Tower,3,45,12,6,66,0,6,76,3,85,3,51,88,9,151,52,0,52,203
12/07/2002,GJT,CO,ANM,WE,Federal Contract Tower,3,32,3,2,40,0,2,71,1,74,3,34,74,3,114,80,0,80,194
12/08/2002,GJT,CO,ANM,WE,Federal Contract Tower,1,34,16,1,52,0,5,77,2,84,1,39,93,3,136,74,0,74,210
12/09/2002,GJT,CO,ANM,WE,Federal Contract Tower,4,35,18,4,61,0,7,94,0,101,4,42,112,4,162,122,0,122,284
12/10/2002,GJT,CO,ANM,WE,Federal Contract Tower,4,49,18,2,73,0,13,79,0,92,4,62,97,2,165,106,8,114,279
12/11/2002,GJT,CO,ANM,WE,Federal Contract Tower,5,46,28,0,79,0,15,71,0,86,5,61,99,0,165,65,0,65,230
12/12/2002,GJT,CO,ANM,WE,Federal Contract Tower,4,45,32,4,85,0,11,39,0,50,4,56,71,4,135,82,12,94,229
12/13/2002,GJT,CO,ANM,WE,Federal Contract Tower,5,41,19,5,70,0,10,57,0,67,5,51,76,5,137,80,6,86,223
12/14/2002,GJT,CO,ANM,WE,Federal Contract Tower,4,29,10,1,44,0,11,76,2,89,4,40,86,3,133,70,8,78,211
12/15/2002,GJT,CO,ANM,WE,Federal Contract Tower,0,41,7,3,51,0,5,82,0,87,0,46,89,3,138,78,0,78,216
12/16/2002,GJT,CO,ANM,WE,Federal Contract Tower,2,51,22,3,78,0,1,76,1,78,2,52,98,4,156,68,0,68,224
12/17/2002,GJT,CO,ANM,WE,Federal Contract Tower,4,48,38,4,94,0,10,34,0,44,4,58,72,4,138,52,14,66,204
12/18/2002,GJT,CO,ANM,WE,Federal Contract Tower,4,58,27,1,90,0,9,51,0,60,4,67,78,1,150,48,0,48,198
12/19/2002,GJT,CO,ANM,WE,Federal Contract Tower,4,35,22,3,64,0,0,67,1,68,4,35,89,4,132,76,4,80,212
12/20/2002,GJT,CO,ANM,WE,Federal Contract Tower,4,53,30,1,88,0,4,35,2,41,4,57,65,3,129,60,0,60,189
12/21/2002,GJT,CO,ANM,WE,Federal Contract Tower,2,45,37,2,86,0,5,31,0,36,2,50,68,2,122,38,0,38,160
12/22/2002,GJT,CO,ANM,WE,Federal Contract Tower,2,45,21,0,68,0,4,51,0,55,2,49,72,0,123,78,0,78,201
12/23/2002,GJT,CO,ANM,WE,Federal Contract Tower,3,43,18,0,64,0,6,55,0,61,3,49,73,0,125,50,0,50,175
12/24/2002,GJT,CO,ANM,WE,Federal Contract Tower,7,56,12,0,75,0,8,36,0,44,7,64,48,0,119,38,0,38,157
12/25/2002,GJT,CO,ANM,WE,Federal Contract Tower,1,32,4,0,37,0,7,7,0,14,1,39,11,0,51,4,0,4,55
12/26/2002,GJT,CO,ANM,WE,Federal Contract Tower,2,60,33,2,97,0,6,38,0,44,2,66,71,2,141,24,0,24,165
12/27/2002,GJT,CO,ANM,WE,Federal Contract Tower,2,50,16,2,70,0,23,76,0,99,2,73,92,2,169,52,0,52,221
12/28/2002,GJT,CO,ANM,WE,Federal Contract Tower,2,34,11,0,47,0,8,61,1,70,2,42,72,1,117,56,0,56,173
12/29/2002,GJT,CO,ANM,WE,Federal Contract Tower,0,46,14,0,60,0,2,27,0,29,0,48,41,0,89,28,0,28,117
12/30/2002,GJT,CO,ANM,WE,Federal Contract Tower,2,42,19,4,67,0,8,55,0,63,2,50,74,4,130,82,10,92,222
12/31/2002,GJT,CO,ANM,WE,Federal Contract Tower,4,57,20,0,81,0,4,26,0,30,4,61,46,0,111,72,0,72,183
01/01/2003,GJT,CO,ANM,WE,Federal Contract Tower,1,29,13,1,44,0,2,0,1,3,1,31,13,2,47,0,0,0,47
01/02/2003,GJT,CO,ANM,WE,Federal Contract Tower,3,47,21,3,74,0,5,66,0,71,3,52,87,3,145,40,6,46,191
01/03/2003,GJT,CO,ANM,WE,Federal Contract Tower,2,54,26,9,91,0,5,84,0,89,2,59,110,9,180,102,16,118,298
01/04/2003,GJT,CO,ANM,WE,Federal Contract Tower,2,59,33,1,95,0,0,84,0,84,2,59,117,1,179,86,0,86,265
01/05/2003,GJT,CO,ANM,WE,Federal Contract Tower,6,70,38,0,114,0,7,14,0,21,6,77,52,0,135,68,0,68,203
01/06/2003,GJT,CO,ANM,WE,Federal Contract Tower,5,47,22,2,76,0,3,53,0,56,5,50,75,2,132,78,2,80,212
01/07/2003,GJT,CO,ANM,WE,Federal Contract Tower,3,48,28,4,83,0,10,76,0,86,3,58,104,4,169,70,0,70,239
01/08/2003,GJT,CO,ANM,WE,Federal Contract Tower,4,34,20,0,58,0,8,67,0,75,4,42,87,0,133,92,0,92,225
01/09/2003,GJT,CO,ANM,WE,Federal Contract Tower,5,42,20,0,67,0,8,34,0,42,5,50,54,0,109,70,0,70,179
01/10/2003,GJT,CO,ANM,WE,Federal Contract Tower,3,59,25,3,90,0,2,24,0,26,3,61,49,3,116,30,2,32,148
01/11/2003,GJT,CO,ANM,WE,Federal Contract Tower,8,50,14,2,74,0,2,14,0,16,8,52,28,2,90,34,0,34,124
01/12/2003,GJT,CO,ANM,WE,Federal Contract Tower,0,49,23,0,72,0,3,58,0,61,0,52,81,0,133,122,0,122,255
01/13/2003,GJT,CO,ANM,WE,Federal Contract Tower,4,33,12,2,51,0,2,61,2,65,4,35,73,4,116,106,0,106,222
01/14/2003,GJT,CO,ANM,WE,Federal Contract Tower,2,44,17,3,66,0,10,61,1,72,2,54,78,4,138,82,20,102,240
01/15/2003,GJT,CO,ANM,WE,Federal Contract Tower,2,45,17,3,67,0,10,40,0,50,2,55,57,3,117,68,0,68,185
01/16/2003,GJT,CO,ANM,WE,Federal Contract Tower,2,48,17,0,67,0,7,43,0,50,2,55,60,0,117,54,0,54,171
01/17/2003,GJT,CO,ANM,WE,Federal Contract Tower,4,47,18,4,73,0,16,96,0,112,4,63,114,4,185,110,0,110,295
01/18/2003,GJT,CO,ANM,WE,Federal Contract Tower,2,37,8,4,51,0,1,79,4,84,2,38,87,8,135,82,24,106,241
01/19/2003,GJT,CO,ANM,WE,Federal Contract Tower,0,41,25,3,69,0,4,97,4,105,0,45,122,7,174,106,14,120,294
01/20/2003,GJT,CO,ANM,WE,Federal Contract Tower,2,48,21,4,75,0,0,84,2,86,2,48,105,6,161,100,4,104,265
01/21/2003,GJT,CO,ANM,WE,Federal Contract Tower,2,42,16,4,64,0,10,87,0,97,2,52,103,4,161,94,4,98,259
01/22/2003,GJT,CO,ANM,WE,Federal Contract Tower,2,43,14,0,59,0,15,65,0,80,2,58,79,0,139,102,0,102,241
01/23/2003,GJT,CO,ANM,WE,Federal Contract Tower,4,41,25,6,76,0,9,48,0,57,4,50,73,6,133,80,6,86,219
01/24/2003,GJT,CO,ANM,WE,Federal Contract Tower,2,53,14,2,71,0,0,57,3,60,2,53,71,5,131,64,0,64,195
01/25/2003,GJT,CO,ANM,WE,Federal Contract Tower,2,33,24,8,67,0,11,77,1,89,2,44,101,9,156,62,24,86,242
01/26/2003,GJT,CO,ANM,WE,Federal Contract Tower,0,34,15,5,54,0,7,73,1,81,0,41,88,6,135,46,0,46,181
01/27/2003,GJT,CO,ANM,WE,Federal Contract Tower,4,35,24,1,64,0,14,62,0,76,4,49,86,1,140,38,0,38,178
01/28/2003,GJT,CO,ANM,WE,Federal Contract Tower,2,41,20,0,63,0,12,63,0,75,2,53,83,0,138,84,0,84,222
01/29/2003,GJT,CO,ANM,WE,Federal Contract Tower,2,44,19,0,65,0,11,68,0,79,2,55,87,0,144,56,0,56,200
01/30/2003,GJT,CO,ANM,WE,Federal Contract Tower,2,36,24,4,66,0,4,54,0,58,2,40,78,4,124,88,4,92,216
01/31/2003,GJT,CO,ANM,WE,Federal Contract Tower,2,40,17,1,60,0,5,60,0,65,2,45,77,1,125,94,0,94,219
02/01/2003,GJT,CO,ANM,WE,Federal Contract Tower,2,37,13,4,56,0,7,59,1,67,2,44,72,5,123,62,2,64,187
02/02/2003,GJT,CO,ANM,WE,Federal Contract Tower,0,45,11,0,56,0,5,3,0,8,0,50,14,0,64,0,0,0,64
02/03/2003,GJT,CO,ANM,WE,Federal Contract Tower,1,45,24,0,70,0,12,67,0,79,1,57,91,0,149,60,0,60,209
02/04/2003,GJT,CO,ANM,WE,Federal Contract Tower,3,46,27,4,80,0,13,61,0,74,3,59,88,4,154,68,14,82,236
02/05/2003,GJT,CO,ANM,WE,Federal Contract Tower,2,44,23,2,71,0,14,43,1,58,2,58,66,3,129,88,0,88,217
02/06/2003,GJT,CO,ANM,WE,Federal Contract Tower,2,37,37,4,80,0,13,35,0,48,2,50,72,4,128,42,32,74,202
02/07/2003,GJT,CO,ANM,WE,Federal Contract Tower,4,41,21,2,68,0,10,86,6,102,4,51,107,8,170,98,4,102,272
02/08/2003,GJT,CO,ANM,WE,Federal Contract Tower,2,36,13,1,52,0,10,81,3,94,2,46,94,4,146,102,0,102,248
02/09/2003,GJT,CO,ANM,WE,Federal Contract Tower,4,37,18,3,62,0,7,53,0,60,4,44,71,3,122,44,4,48,170
02/10/2003,GJT,CO,ANM,WE,Federal Contract Tower,2,36,23,4,65,0,3,85,0,88,2,39,108,4,153,92,20,112,265
02/11/2003,GJT,CO,ANM,WE,Federal Contract Tower,4,45,22,0,71,0,12,91,0,103,4,57,113,0,174,80,0,80,254
02/12/2003,GJT,CO,ANM,WE,Federal Contract Tower,4,40,24,6,74,0,11,71,0,82,4,51,95,6,156,50,18,68,224
02/13/2003,GJT,CO,ANM,WE,Federal Contract Tower,4,57,28,2,91,0,0,19,0,19,4,57,47,2,110,78,6,84,194
02/14/2003,GJT,CO,ANM,WE,Federal Contract Tower,12,80,79,5,176,0,0,9,3,12,12,80,88,8,188,28,0,28,216
02/15/2003,GJT,CO,ANM,WE,Federal Contract Tower,4,59,30,0,93,0,4,33,1,38,4,63,63,1,131,34,0,34,165
02/16/2003,GJT,CO,ANM,WE,Federal Contract Tower,0,41,15,4,60,0,0,52,0,52,0,41,67,4,112,44,40,84,196
02/17/2003,GJT,CO,ANM,WE,Federal Contract Tower,2,55,32,4,93,0,12,73,0,85,2,67,105,4,178,60,18,78,256
02/18/2003,GJT,CO,ANM,WE,Federal Contract Tower,2,59,33,2,96,0,9,69,0,78,2,68,102,2,174,66,26,92,266
02/19/2003,GJT,CO,ANM,WE,Federal Contract Tower,4,41,24,4,73,0,14,104,0,118,4,55,128,4,191,116,20,136,327
02/20/2003,GJT,CO,ANM,WE,Federal Contract Tower,2,40,22,0,64,0,6,51,0,57,2,46,73,0,121,46,0,46,167
02/21/2003,GJT,CO,ANM,WE,Federal Contract Tower,4,51,19,4,78,0,3,65,1,69,4,54,84,5,147,70,14,84,231
02/22/2003,GJT,CO,ANM,WE,Federal Contract Tower,3,71,22,0,96,0,0,51,0,51,3,71,73,0,147,66,0,66,213
02/23/2003,GJT,CO,ANM,WE,Federal Contract Tower,3,45,17,0,65,0,9,74,0,83,3,54,91,0,148,72,0,72,220
02/24/2003,GJT,CO,ANM,WE,Federal Contract Tower,2,49,22,0,73,0,6,54,0,60,2,55,76,0,133,66,0,66,199
02/25/2003,GJT,CO,ANM,WE,Federal Contract Tower,3,59,21,0,83,0,2,33,0,35,3,61,54,0,118,80,0,80,198
02/26/2003,GJT,CO,ANM,WE,Federal Contract Tower,4,59,34,0,97,0,4,20,0,24,4,63,54,0,121,26,0,26,147
02/27/2003,GJT,CO,ANM,WE,Federal Contract Tower,2,54,22,6,84,0,0,18,0,18,2,54,40,6,102,20,4,24,126
02/28/2003,GJT,CO,ANM,WE,Federal Contract Tower,4,59,32,0,95,0,0,32,0,32,4,59,64,0,127,20,0,20,147
03/01/2003,GJT,CO,ANM,WE,Federal Contract Tower,4,44,16,0,64,0,1,20,0,21,4,45,36,0,85,40,0,40,125
03/02/2003,GJT,CO,ANM,WE,Federal Contract Tower,0,42,16,4,62,0,4,95,1,100,0,46,111,5,162,106,0,106,268
03/03/2003,GJT,CO,ANM,WE,Federal Contract Tower,2,41,28,1,72,0,4,97,1,102,2,45,125,2,174,134,0,134,308
03/04/2003,GJT,CO,ANM,WE,Federal Contract Tower,2,49,44,0,95,0,9,50,0,59,2,58,94,0,154,96,0,96,250
03/05/2003,GJT,CO,ANM,WE,Federal Contract Tower,3,42,37,0,82,0,11,58,0,69,3,53,95,0,151,90,0,90,241
03/06/2003,GJT,CO,ANM,WE,Federal Contract Tower,2,37,39,3,81,0,3,15,0,18,2,40,54,3,99,56,0,56,155
03/07/2003,GJT,CO,ANM,WE,Federal Contract Tower,2,50,24,1,77,0,0,70,0,70,2,50,94,1,147,70,1,71,218
03/08/2003,GJT,CO,ANM,WE,Federal Contract Tower,4,31,4,1,40,4,8,72,1,85,8,39,76,2,125,58,2,60,185
03/09/2003,GJT,CO,ANM,WE,Federal Contract Tower,0,38,21,0,59,0,2,73,0,75,0,40,94,0,134,16,0,16,150
03/10/2003,GJT,CO,ANM,WE,Federal Contract Tower,1,42,23,0,66,0,2,102,1,105,1,44,125,1,171,60,0,60,231
03/11/2003,GJT,CO,ANM,WE,Federal Contract Tower,3,43,24,4,74,0,9,79,0,88,3,52,103,4,162,68,0,68,230
03/12/2003,GJT,CO,ANM,WE,Federal Contract Tower,2,42,26,2,72,0,14,134,0,148,2,56,160,2,220,106,0,106,326
03/13/2003,GJT,CO,ANM,WE,Federal Contract Tower,2,44,34,4,84,0,7,85,0,92,2,51,119,4,176,110,6,116,292
03/14/2003,GJT,CO,ANM,WE,Federal Contract Tower,2,47,28,8,85,0,4,76,2,82,2,51,104,10,167,94,0,94,261
03/15/2003,GJT,CO,ANM,WE,Federal Contract Tower,2,41,13,5,61,0,1,93,6,100,2,42,106,11,161,162,10,172,333
03/16/2003,GJT,CO,ANM,WE,Federal Contract Tower,0,40,19,2,61,0,0,12,0,12,0,40,31,2,73,8,0,8,81
03/17/2003,GJT,CO,ANM,WE,Federal Contract Tower,9,72,36,1,118,0,8,22,0,30,9,80,58,1,148,60,0,60,208
03/18/2003,GJT,CO,ANM,WE,Federal Contract Tower,6,45,36,1,88,0,4,14,0,18,6,49,50,1,106,12,0,12,118
03/19/2003,GJT,CO,ANM,WE,Federal Contract Tower,10,36,21,0,67,0,10,50,0,60,10,46,71,0,127,96,0,96,223
03/20/2003,GJT,CO,ANM,WE,Federal Contract Tower,2,47,24,2,75,0,8,20,0,28,2,55,44,2,103,52,4,56,159
03/21/2003,GJT,CO,ANM,WE,Federal Contract Tower,3,65,53,2,123,0,5,52,0,57,3,70,105,2,180,94,6,100,280
03/22/2003,GJT,CO,ANM,WE,Federal Contract Tower,2,38,20,4,64,0,0,101,0,101,2,38,121,4,165,78,4,82,247
03/23/2003,GJT,CO,ANM,WE,Federal Contract Tower,0,40,9,6,55,0,0,55,3,58,0,40,64,9,113,27,52,79,192
03/24/2003,GJT,CO,ANM,WE,Federal Contract Tower,5,62,26,2,95,0,5,28,1,34,5,67,54,3,129,18,0,18,147
03/25/2003,GJT,CO,ANM,WE,Federal Contract Tower,2,42,21,0,65,0,10,95,0,105,2,52,116,0,170,124,0,124,294
03/26/2003,GJT,CO,ANM,WE,Federal Contract Tower,4,43,21,4,72,0,10,75,0,85,4,53,96,4,157,144,4,148,305
03/27/2003,GJT,CO,ANM,WE,Federal Contract Tower,3,43,27,4,77,0,6,14,0,20,3,49,41,4,97,16,2,18,115
03/28/2003,GJT,CO,ANM,WE,Federal Contract Tower,4,50,27,2,83,0,2,56,0,58,4,52,83,2,141,20,0,20,161
03/29/2003,GJT,CO,ANM,WE,Federal Contract Tower,2,32,17,3,54,0,9,62,0,71,2,41,79,3,125,52,0,52,177
03/30/2003,GJT,CO,ANM,WE,Federal Contract Tower,0,38,15,2,55,0,4,99,3,106,0,42,114,5,161,58,4,62,223
03/31/2003,GJT,CO,ANM,WE,Federal Contract Tower,4,9,4,3,20,0,29,88,1,118,4,38,92,4,138,54,0,54,192
04/01/2003,GJT,CO,ANM,WE,Federal Contract Tower,6,41,23,0,70,0,12,73,0,85,6,53,96,0,155,84,0,84,239
04/02/2003,GJT,CO,ANM,WE,Federal Contract Tower,8,40,28,0,76,0,0,43,0,43,8,40,71,0,119,8,0,8,127
04/03/2003,GJT,CO,ANM,WE,Federal Contract Tower,2,55,31,2,90,0,9,10,0,19,2,64,41,2,109,26,2,28,137
04/04/2003,GJT,CO,ANM,WE,Federal Contract Tower,3,41,25,2,71,0,1,59,0,60,3,42,84,2,131,100,8,108,239
04/05/2003,GJT,CO,ANM,WE,Federal Contract Tower,2,32,8,2,44,0,1,23,0,24,2,33,31,2,68,48,12,60,128
04/06/2003,GJT,CO,ANM,WE,Federal Contract Tower,2,43,14,6,65,0,0,42,2,44,2,43,56,8,109,60,16,76,185
04/07/2003,GJT,CO,ANM,WE,Federal Contract Tower,4,42,25,4,75,0,4,57,0,61,4,46,82,4,136,64,12,76,212
04/08/2003,GJT,CO,ANM,WE,Federal Contract Tower,2,47,9,2,60,0,13,110,0,123,2,60,119,2,183,124,12,136,319
04/09/2003,GJT,CO,ANM,WE,Federal Contract Tower,2,38,19,0,59,0,11,72,0,83,2,49,91,0,142,116,0,116,258
04/10/2003,GJT,CO,ANM,WE,Federal Contract Tower,2,43,14,4,63,0,9,75,0,84,2,52,89,4,147,112,0,112,259
04/11/2003,GJT,CO,ANM,WE,Federal Contract Tower,2,41,15,0,58,0,4,111,0,115,2,45,126,0,173,78,0,78,251
04/12/2003,GJT,CO,ANM,WE,Federal Contract Tower,2,39,9,4,54,0,4,76,11,91,2,43,85,15,145,70,24,94,239
04/13/2003,GJT,CO,ANM,WE,Federal Contract Tower,0,35,10,8,53,0,2,65,12,79,0,37,75,20,132,72,2,74,206
04/14/2003,GJT,CO,ANM,WE,Federal Contract Tower,2,38,17,2,59,0,5,54,0,59,2,43,71,2,118,30,0,30,148
04/15/2003,GJT,CO,ANM,WE,Federal Contract Tower,2,45,25,0,72,0,10,40,0,50,2,55,65,0,122,36,0,36,158
04/16/2003,GJT,CO,ANM,WE,Federal Contract Tower,4,40,21,0,65,0,14,83,0,97,4,54,104,0,162,92,0,92,254
04/17/2003,GJT,CO,ANM,WE,Federal Contract Tower,7,43,12,5,67,0,7,57,1,65,7,50,69,6,132,60,2,62,194
04/18/2003,GJT,CO,ANM,WE,Federal Contract Tower,2,50,12,0,64,0,6,41,0,47,2,56,53,0,111,90,0,90,201
04/19/2003,GJT,CO,ANM,WE,Federal Contract Tower,4,39,11,0,54,0,4,55,2,61,4,43,66,2,115,46,0,46,161
04/20/2003,GJT,CO,ANM,WE,Federal Contract Tower,0,38,11,2,51,0,9,69,2,80,0,47,80,4,131,46,0,46,177
04/21/2003,GJT,CO,ANM,WE,Federal Contract Tower,3,35,23,0,61,0,2,34,0,36,3,37,57,0,97,54,0,54,151
04/22/2003,GJT,CO,ANM,WE,Federal Contract Tower,2,51,20,0,73,0,13,24,0,37,2,64,44,0,110,34,0,34,144
04/23/2003,GJT,CO,ANM,WE,Federal Contract Tower,2,49,25,1,77,0,5,36,1,42,2,54,61,2,119,106,2,108,227
04/24/2003,GJT,CO,ANM,WE,Federal Contract Tower,2,36,29,3,70,0,4,41,0,45,2,40,70,3,115,60,16,76,191
04/25/2003,GJT,CO,ANM,WE,Federal Contract Tower,2,42,11,0,55,0,4,91,2,97,2,46,102,2,152,106,2,108,260
04/26/2003,GJT,CO,ANM,WE,Federal Contract Tower,2,33,5,3,43,0,4,55,6,65,2,37,60,9,108,74,44,118,226
04/27/2003,GJT,CO,ANM,WE,Federal Contract Tower,2,40,20,7,69,0,2,72,5,79,2,42,92,12,148,36,14,50,198
04/28/2003,GJT,CO,ANM,WE,Federal Contract Tower,2,39,16,0,57,0,1,67,0,68,2,40,83,0,125,64,0,64,189
04/29/2003,GJT,CO,ANM,WE,Federal Contract Tower,4,45,23,0,72,0,13,66,0,79,4,58,89,0,151,76,0,76,227
04/30/2003,GJT,CO,ANM,WE,Federal Contract Tower,4,43,20,0,67,0,15,48,0,63,4,58,68,0,130,80,0,80,210
05/01/2003,GJT,CO,ANM,WE,Federal Contract Tower,1,42,21,6,70,1,5,27,0,33,2,47,48,6,103,54,8,62,165
05/02/2003,GJT,CO,ANM,WE,Federal Contract Tower,2,42,22,8,74,0,3,98,0,101,2,45,120,8,175,74,10,84,259
05/03/2003,GJT,CO,ANM,WE,Federal Contract Tower,4,33,11,4,52,0,5,71,0,76,4,38,82,4,128,62,2,64,192
05/04/2003,GJT,CO,ANM,WE,Federal Contract Tower,0,40,15,0,55,0,1,38,0,39,0,41,53,0,94,38,0,38,132
05/05/2003,GJT,CO,ANM,WE,Federal Contract Tower,4,36,31,0,71,0,8,66,0,74,4,44,97,0,145,112,0,112,257
05/06/2003,GJT,CO,ANM,WE,Federal Contract Tower,2,42,27,2,73,0,12,95,2,109,2,54,122,4,182,110,10,120,302
05/07/2003,GJT,CO,ANM,WE,Federal Contract Tower,2,41,22,2,67,0,2,37,0,39,2,43,59,2,106,40,0,40,146
05/08/2003,GJT,CO,ANM,WE,Federal Contract Tower,2,43,39,1,85,0,11,38,1,50,2,54,77,2,135,98,12,110,245
05/09/2003,GJT,CO,ANM,WE,Federal Contract Tower,2,49,21,2,74,0,1,11,0,12,2,50,32,2,86,56,0,56,142
05/10/2003,GJT,CO,ANM,WE,Federal Contract Tower,2,38,15,2,57,0,3,39,0,42,2,41,54,2,99,40,0,40,139
05/11/2003,GJT,CO,ANM,WE,Federal Contract Tower,0,33,13,0,46,0,4,72,0,76,0,37,85,0,122,64,0,64,186
05/12/2003,GJT,CO,ANM,WE,Federal Contract Tower,2,38,29,2,71,0,4,87,0,91,2,42,116,2,162,102,0,102,264
05/13/2003,GJT,CO,ANM,WE,Federal Contract Tower,2,40,18,2,62,0,13,85,0,98,2,53,103,2,160,130,0,130,290
05/14/2003,GJT,CO,ANM,WE,Federal Contract Tower,4,34,15,6,59,0,6,62,0,68,4,40,77,6,127,54,16,70,197
05/15/2003,GJT,CO,ANM,WE,Federal Contract Tower,2,51,15,0,68,0,4,13,0,17,2,55,28,0,85,0,0,0,85
05/16/2003,GJT,CO,ANM,WE,Federal Contract Tower,2,43,19,0,64,0,10,96,4,110,2,53,115,4,174,84,0,84,258
05/17/2003,GJT,CO,ANM,WE,Federal Contract Tower,2,30,11,0,43,0,4,72,0,76,2,34,83,0,119,84,0,84,203
05/18/2003,GJT,CO,ANM,WE,Federal Contract Tower,0,35,10,4,49,0,4,48,0,52,0,39,58,4,101,24,0,24,125
05/19/2003,GJT,CO,ANM,WE,Federal Contract Tower,2,37,17,1,57,0,5,111,1,117,2,42,128,2,174,148,0,148,322
05/20/2003,GJT,CO,ANM,WE,Federal Contract Tower,2,36,21,4,63,0,15,104,0,119,2,51,125,4,182,138,4,142,324
05/21/2003,GJT,CO,ANM,WE,Federal Contract Tower,4,33,27,2,66,0,16,86,0,102,4,49,113,2,168,88,0,88,256
05/22/2003,GJT,CO,ANM,WE,Federal Contract Tower,2,42,26,3,73,0,0,124,2,126,2,42,150,5,199,110,24,134,333
05/23/2003,GJT,CO,ANM,WE,Federal Contract Tower,2,37,26,0,65,0,16,115,1,132,2,53,141,1,197,70,0,70,267
05/24/2003,GJT,CO,ANM,WE,Federal Contract Tower,2,31,11,0,44,0,6,91,0,97,2,37,102,0,141,148,0,148,289
05/25/2003,GJT,CO,ANM,WE,Federal Contract Tower,0,27,12,1,40,0,4,44,2,50,0,31,56,3,90,46,4,50,140
05/26/2003,GJT,CO,ANM,WE,Federal Contract Tower,2,31,14,1,48,0,0,89,9,98,2,31,103,10,146,48,0,48,194
05/27/2003,GJT,CO,ANM,WE,Federal Contract Tower,2,40,26,0,68,0,10,88,0,98,2,50,114,0,166,100,0,100,266
05/28/2003,GJT,CO,ANM,WE,Federal Contract Tower,2,39,14,0,55,0,14,133,2,149,2,53,147,2,204,152,2,154,358
05/29/2003,GJT,CO,ANM,WE,Federal Contract Tower,2,41,18,0,61,0,9,85,0,94,2,50,103,0,155,116,0,116,271
05/30/2003,GJT,CO,ANM,WE,Federal Contract Tower,1,39,19,2,61,0,11,104,1,116,1,50,123,3,177,136,0,136,313
05/31/2003,GJT,CO,ANM,WE,Federal Contract Tower,5,38,8,14,65,0,7,79,0,86,5,45,87,14,151,106,2,108,259
06/01/2003,GJT,CO,ANM,WE,Federal Contract Tower,0,31,20,3,54,0,6,57,2,65,0,37,77,5,119,52,0,52,171
06/02/2003,GJT,CO,ANM,WE,Federal Contract Tower,6,37,26,2,71,0,3,101,0,104,6,40,127,2,175,78,0,78,253
06/03/2003,GJT,CO,ANM,WE,Federal Contract Tower,2,48,21,2,73,0,11,120,0,131,2,59,141,2,204,76,22,98,302
06/04/2003,GJT,CO,ANM,WE,Federal Contract Tower,4,41,23,0,68,0,11,121,0,132,4,52,144,0,200,104,0,104,304
06/05/2003,GJT,CO,ANM,WE,Federal Contract Tower,2,38,17,1,58,0,8,78,2,88,2,46,95,3,146,120,18,138,284
06/06/2003,GJT,CO,ANM,WE,Federal Contract Tower,3,40,19,7,69,0,8,112,2,122,3,48,131,9,191,126,18,144,335
06/07/2003,GJT,CO,ANM,WE,Federal Contract Tower,3,37,7,3,50,0,4,70,0,74,3,41,77,3,124,60,16,76,200
06/08/2003,GJT,CO,ANM,WE,Federal Contract Tower,0,30,12,10,52,0,8,69,1,78,0,38,81,11,130,78,8,86,216
06/09/2003,GJT,CO,ANM,WE,Federal Contract Tower,2,43,25,2,72,0,5,86,0,91,2,48,111,2,163,96,0,96,259
06/10/2003,GJT,CO,ANM,WE,Federal Contract Tower,2,43,27,2,74,0,13,103,2,118,2,56,130,4,192,134,36,170,362
06/11/2003,GJT,CO,ANM,WE,Federal Contract Tower,2,41,28,0,71,0,13,86,0,99,2,54,114,0,170,98,0,98,268
06/12/2003,GJT,CO,ANM,WE,Federal Contract Tower,2,35,29,2,68,0,7,68,2,77,2,42,97,4,145,62,0,62,207
06/13/2003,GJT,CO,ANM,WE,Federal Contract Tower,2,45,15,5,67,0,6,80,0,86,2,51,95,5,153,76,0,76,229
06/14/2003,GJT,CO,ANM,WE,Federal Contract Tower,2,29,16,2,49,0,4,78,1,83,2,33,94,3,132,52,0,52,184
06/15/2003,GJT,CO,ANM,WE,Federal Contract Tower,0,37,18,6,61,0,5,94,1,100,0,42,112,7,161,48,0,48,209
06/16/2003,GJT,CO,ANM,WE,Federal Contract Tower,2,38,15,2,57,0,6,117,0,123,2,44,132,2,180,78,8,86,266
06/17/2003,GJT,CO,ANM,WE,Federal Contract Tower,2,44,19,2,67,0,8,116,4,128,2,52,135,6,195,80,26,106,301
06/18/2003,GJT,CO,ANM,WE,Federal Contract Tower,2,40,18,2,62,0,14,124,0,138,2,54,142,2,200,102,10,112,312
06/19/2003,GJT,CO,ANM,WE,Federal Contract Tower,2,40,38,2,82,0,8,70,2,80,2,48,108,4,162,94,2,96,258
06/20/2003,GJT,CO,ANM,WE,Federal Contract Tower,2,40,27,5,74,0,20,78,6,104,2,60,105,11,178,60,4,64,242
06/21/2003,GJT,CO,ANM,WE,Federal Contract Tower,1,34,19,3,57,1,1,84,4,90,2,35,103,7,147,94,8,102,249
06/22/2003,GJT,CO,ANM,WE,Federal Contract Tower,0,35,18,3,56,0,0,83,3,86,0,35,101,6,142,42,0,42,184
06/23/2003,GJT,CO,ANM,WE,Federal Contract Tower,2,36,30,2,70,0,3,61,0,64,2,39,91,2,134,78,6,84,218
06/24/2003,GJT,CO,ANM,WE,Federal Contract Tower,2,38,35,2,77,0,7,70,0,77,2,45,105,2,154,56,10,66,220
06/25/2003,GJT,CO,ANM,WE,Federal Contract Tower,2,41,31,3,77,0,7,117,0,124,2,48,148,3,201,148,4,152,353
06/26/2003,GJT,CO,ANM,WE,Federal Contract Tower,2,35,27,2,66,0,7,99,1,107,2,42,126,3,173,102,14,116,289
06/27/2003,GJT,CO,ANM,WE,Federal Contract Tower,2,39,25,4,70,0,9,106,6,121,2,48,131,10,191,122,10,132,323
06/28/2003,GJT,CO,ANM,WE,Federal Contract Tower,2,31,10,4,47,0,2,66,5,73,2,33,76,9,120,102,4,106,226
06/29/2003,GJT,CO,ANM,WE,Federal Contract Tower,0,41,13,4,58,0,9,76,2,87,0,50,89,6,145,56,0,56,201
06/30/2003,GJT,CO,ANM,WE,Federal Contract Tower,2,40,21,4,67,0,7,109,0,116,2,47,130,4,183,114,6,120,303
07/01/2003,GJT,CO,ANM,WE,Federal Contract Tower,2,48,25,4,79,0,14,129,4,147,2,62,154,8,226,130,44,174,400
07/02/2003,GJT,CO,ANM,WE,Federal Contract Tower,2,43,24,6,75,0,4,99,0,103,2,47,123,6,178,92,28,120,298
07/03/2003,GJT,CO,ANM,WE,Federal Contract Tower,2,38,22,3,65,0,14,88,1,103,2,52,110,4,168,100,0,100,268
07/04/2003,GJT,CO,ANM,WE,Federal Contract Tower,2,28,6,0,36,2,5,56,8,71,4,33,62,8,107,68,5,73,180
07/05/2003,GJT,CO,ANM,WE,Federal Contract Tower,2,39,6,0,47,0,4,64,0,68,2,43,70,0,115,100,0,100,215
07/06/2003,GJT,CO,ANM,WE,Federal Contract Tower,1,54,15,1,71,0,6,94,1,101,1,60,109,2,172,52,0,52,224
07/07/2003,GJT,CO,ANM,WE,Federal Contract Tower,2,58,17,0,77,0,9,111,1,121,2,67,128,1,198,94,0,94,292
07/08/2003,GJT,CO,ANM,WE,Federal Contract Tower,2,38,18,1,59,0,13,111,2,126,2,51,129,3,185,104,0,104,289
07/09/2003,GJT,CO,ANM,WE,Federal Contract Tower,2,43,20,0,65,0,6,177,0,183,2,49,197,0,248,132,0,132,380
07/10/2003,GJT,CO,ANM,WE,Federal Contract Tower,3,38,14,6,61,0,6,109,2,117,3,44,123,8,178,122,28,150,328
07/11/2003,GJT,CO,ANM,WE,Federal Contract Tower,2,43,15,2,62,0,7,135,6,148,2,50,150,8,210,74,0,74,284
07/12/2003,GJT,CO,ANM,WE,Federal Contract Tower,2,34,8,2,46,0,10,100,0,110,2,44,108,2,156,34,12,46,202
07/13/2003,GJT,CO,ANM,WE,Federal Contract Tower,0,42,11,2,55,0,7,94,0,101,0,49,105,2,156,92,6,98,254
07/14/2003,GJT,CO,ANM,WE,Federal Contract Tower,1,44,25,2,72,0,2,145,0,147,1,46,170,2,219,130,0,130,349
07/15/2003,GJT,CO,ANM,WE,Federal Contract Tower,3,42,23,0,68,0,8,150,0,158,3,50,173,0,226,112,0,112,338
07/16/2003,GJT,CO,ANM,WE,Federal Contract Tower,2,43,25,0,70,0,14,120,0,134,2,57,145,0,204,72,0,72,276
07/17/2003,GJT,CO,ANM,WE,Federal Contract Tower,2,44,32,3,81,0,5,110,1,116,2,49,142,4,197,112,0,112,309
07/18/2003,GJT,CO,ANM,WE,Federal Contract Tower,2,43,29,8,82,0,7,118,2,127,2,50,147,10,209,78,0,78,287
07/19/2003,GJT,CO,ANM,WE,Federal Contract Tower,2,34,15,4,55,0,6,69,4,79,2,40,84,8,134,58,22,80,214
07/20/2003,GJT,CO,ANM,WE,Federal Contract Tower,0,35,24,1,60,0,10,87,2,99,0,45,111,3,159,72,2,74,233
07/21/2003,GJT,CO,ANM,WE,Federal Contract Tower,6,44,40,1,91,0,8,141,1,150,6,52,181,2,241,128,0,128,369
07/22/2003,GJT,CO,ANM,WE,Federal Contract Tower,2,40,19,6,67,0,13,155,0,168,2,53,174,6,235,112,60,172,407
07/23/2003,GJT,CO,ANM,WE,Federal Contract Tower,4,40,12,3,59,0,13,154,0,167,4,53,166,3,226,142,14,156,382
07/24/2003,GJT,CO,ANM,WE,Federal Contract Tower,2,45,24,2,73,0,10,114,2,126,2,55,138,4,199,124,0,124,323
07/25/2003,GJT,CO,ANM,WE,Federal Contract Tower,4,49,14,9,76,0,12,160,2,174,4,61,174,11,250,68,0,68,318
07/26/2003,GJT,CO,ANM,WE,Federal Contract Tower,2,44,7,1,54,0,6,95,0,101,2,50,102,1,155,62,2,64,219
07/27/2003,GJT,CO,ANM,WE,Federal Contract Tower,0,39,13,4,56,0,7,134,2,143,0,46,147,6,199,64,0,64,263
07/28/2003,GJT,CO,ANM,WE,Federal Contract Tower,2,40,23,9,74,0,9,191,5,205,2,49,214,14,279,108,46,154,433
07/29/2003,GJT,CO,ANM,WE,Federal Contract Tower,2,38,24,2,66,0,12,140,0,152,2,50,164,2,218,104,2,106,324
07/30/2003,GJT,CO,ANM,WE,Federal Contract Tower,4,54,24,4,86,0,11,155,0,166,4,65,179,4,252,108,0,108,360
07/31/2003,GJT,CO,ANM,WE,Federal Contract Tower,2,41,30,1,74,0,6,85,3,94,2,47,115,4,168,124,0,124,292
08/01/2003,GJT,CO,ANM,WE,Federal Contract Tower,2,55,11,15,83,0,2,161,5,168,2,57,172,20,251,108,0,108,359
08/02/2003,GJT,CO,ANM,WE,Federal Contract Tower,2,44,17,4,67,0,2,101,10,113,2,46,118,14,180,36,0,36,216
08/03/2003,GJT,CO,ANM,WE,Federal Contract Tower,2,59,8,13,82,0,11,63,2,76,2,70,71,15,158,24,0,24,182
08/04/2003,GJT,CO,ANM,WE,Federal Contract Tower,2,42,13,2,59,0,4,112,0,116,2,46,125,2,175,122,22,144,319
08/05/2003,GJT,CO,ANM,WE,Federal Contract Tower,2,46,21,0,69,0,8,222,0,230,2,54,243,0,299,122,0,122,421
08/06/2003,GJT,CO,ANM,WE,Federal Contract Tower,2,52,24,4,82,0,10,241,0,251,2,62,265,4,333,100,36,136,469
08/07/2003,GJT,CO,ANM,WE,Federal Contract Tower,2,39,19,2,62,0,5,102,0,107,2,44,121,2,169,66,0,66,235
08/08/2003,GJT,CO,ANM,WE,Federal Contract Tower,2,48,20,9,79,0,6,111,2,119,2,54,131,11,198,92,2,94,292
08/09/2003,GJT,CO,ANM,WE,Federal Contract Tower,2,41,12,7,62,0,4,81,3,88,2,45,93,10,150,62,12,74,224
08/10/2003,GJT,CO,ANM,WE,Federal Contract Tower,0,41,15,4,60,0,7,114,0,121,0,48,129,4,181,60,0,60,241
08/11/2003,GJT,CO,ANM,WE,Federal Contract Tower,2,46,18,0,66,0,5,111,0,116,2,51,129,0,182,96,0,96,278
08/12/2003,GJT,CO,ANM,WE,Federal Contract Tower,2,43,28,3,76,0,0,92,5,97,2,43,120,8,173,76,26,102,275
08/13/2003,GJT,CO,ANM,WE,Federal Contract Tower,2,42,22,1,67,0,7,138,0,145,2,49,160,1,212,104,4,108,320
08/14/2003,GJT,CO,ANM,WE,Federal Contract Tower,2,41,16,15,74,0,6,110,0,116,2,47,126,15,190,110,50,160,350
08/15/2003,GJT,CO,ANM,WE,Federal Contract Tower,2,49,13,5,69,0,7,84,1,92,2,56,97,6,161,44,0,44,205
08/16/2003,GJT,CO,ANM,WE,Federal Contract Tower,2,37,3,3,45,0,2,110,0,112,2,39,113,3,157,52,0,52,209
08/17/2003,GJT,CO,ANM,WE,Federal Contract Tower,0,36,16,6,58,0,7,103,0,110,0,43,119,6,168,102,0,102,270
08/18/2003,GJT,CO,ANM,WE,Federal Contract Tower,2,46,39,0,87,0,8,114,0,122,2,54,153,0,209,54,0,54,263
08/19/2003,GJT,CO,ANM,WE,Federal Contract Tower,2,48,26,7,83,0,12,118,1,131,2,60,144,8,214,84,50,134,348
08/20/2003,GJT,CO,ANM,WE,Federal Contract Tower,2,47,34,5,88,0,7,104,0,111,2,54,138,5,199,88,22,110,309
08/21/2003,GJT,CO,ANM,WE,Federal Contract Tower,1,46,27,9,83,0,8,89,0,97,1,54,116,9,180,86,16,102,282
08/22/2003,GJT,CO,ANM,WE,Federal Contract Tower,16,56,33,9,114,0,10,92,1,103,16,66,125,10,217,68,0,68,285
08/23/2003,GJT,CO,ANM,WE,Federal Contract Tower,2,39,15,2,58,0,3,29,0,32,2,42,44,2,90,30,0,30,120
08/24/2003,GJT,CO,ANM,WE,Federal Contract Tower,0,39,17,6,62,0,5,70,5,80,0,44,87,11,142,74,6,80,222
08/25/2003,GJT,CO,ANM,WE,Federal Contract Tower,2,41,30,4,77,0,10,81,1,92,2,51,111,5,169,56,28,84,253
08/26/2003,GJT,CO,ANM,WE,Federal Contract Tower,2,38,25,8,73,0,10,89,0,99,2,48,114,8,172,64,26,90,262
08/27/2003,GJT,CO,ANM,WE,Federal Contract Tower,3,44,44,2,93,0,10,114,0,124,3,54,158,2,217,82,0,82,299
08/28/2003,GJT,CO,ANM,WE,Federal Contract Tower,6,43,25,5,79,0,10,90,3,103,6,53,115,8,182,88,0,88,270
08/29/2003,GJT,CO,ANM,WE,Federal Contract Tower,5,49,29,6,89,0,2,91,0,93,5,51,120,6,182,68,4,72,254
08/30/2003,GJT,CO,ANM,WE,Federal Contract Tower,3,34,12,0,49,0,6,42,0,48,3,40,54,0,97,30,0,30,127
08/31/2003,GJT,CO,ANM,WE,Federal Contract Tower,0,37,6,0,43,0,4,69,0,73,0,41,75,0,116,88,0,88,204
09/01/2003,GJT,CO,ANM,WE,Federal Contract Tower,0,37,15,0,52,0,4,95,2,101,0,41,110,2,153,72,2,74,227
09/02/2003,GJT,CO,ANM,WE,Federal Contract Tower,3,44,27,4,78,1,9,87,2,99,4,53,114,6,177,104,4,108,285
09/03/2003,GJT,CO,ANM,WE,Federal Contract Tower,3,45,28,4,80,0,11,92,0,103,3,56,120,4,183,144,38,182,365
09/04/2003,GJT,CO,ANM,WE,Federal Contract Tower,2,41,22,7,72,0,12,76,2,90,2,53,98,9,162,80,42,122,284
09/05/2003,GJT,CO,ANM,WE,Federal Contract Tower,3,42,16,2,63,0,6,89,0,95,3,48,105,2,158,74,0,74,232
09/06/2003,GJT,CO,ANM,WE,Federal Contract Tower,2,42,17,4,65,0,2,47,2,51,2,44,64,6,116,120,4,124,240
09/07/2003,GJT,CO,ANM,WE,Federal Contract Tower,0,35,18,5,58,0,7,56,8,71,0,42,74,13,129,82,14,96,225
09/08/2003,GJT,CO,ANM,WE,Federal Contract Tower,4,44,18,0,66,2,5,63,1,71,6,49,81,1,137,68,2,70,207
09/09/2003,GJT,CO,ANM,WE,Federal Contract Tower,2,50,20,2,74,0,6,45,2,53,2,56,65,4,127,62,8,70,197
09/10/2003,GJT,CO,ANM,WE,Federal Contract Tower,2,55,25,0,82,0,8,13,2,23,2,63,38,2,105,32,0,32,137
09/11/2003,GJT,CO,ANM,WE,Federal Contract Tower,2,40,32,3,77,0,8,57,9,74,2,48,89,12,151,72,6,78,229
09/12/2003,GJT,CO,ANM,WE,Federal Contract Tower,5,53,21,5,84,0,6,84,2,92,5,59,105,7,176,100,0,100,276
09/13/2003,GJT,CO,ANM,WE,Federal Contract Tower,3,34,9,4,50,0,4,65,2,71,3,38,74,6,121,86,8,94,215
09/14/2003,GJT,CO,ANM,WE,Federal Contract Tower,0,37,10,14,61,0,5,99,11,115,0,42,109,25,176,124,8,132,308
09/15/2003,GJT,CO,ANM,WE,Federal Contract Tower,2,45,26,7,80,0,9,113,0,122,2,54,139,7,202,94,12,106,308
09/16/2003,GJT,CO,ANM,WE,Federal Contract Tower,3,42,11,2,58,0,13,90,4,107,3,55,101,6,165,70,14,84,249
09/17/2003,GJT,CO,ANM,WE,Federal Contract Tower,2,40,20,7,69,0,10,43,0,53,2,50,63,7,122,32,0,32,154
09/18/2003,GJT,CO,ANM,WE,Federal Contract Tower,2,40,28,7,77,0,8,65,3,76,2,48,93,10,153,74,30,104,257
09/19/2003,GJT,CO,ANM,WE,Federal Contract Tower,2,47,35,8,92,0,5,117,8,130,2,52,152,16,222,138,4,142,364
09/20/2003,GJT,CO,ANM,WE,Federal Contract Tower,2,34,13,10,59,0,2,70,18,90,2,36,83,28,149,52,70,122,271
09/21/2003,GJT,CO,ANM,WE,Federal Contract Tower,0,34,9,15,58,0,5,118,7,130,0,39,127,22,188,108,36,144,332
09/22/2003,GJT,CO,ANM,WE,Federal Contract Tower,2,45,28,11,86,0,5,81,0,86,2,50,109,11,172,46,8,54,226
09/23/2003,GJT,CO,ANM,WE,Federal Contract Tower,2,43,31,8,84,0,13,73,0,86,2,56,104,8,170,110,42,152,322
09/24/2003,GJT,CO,ANM,WE,Federal Contract Tower,4,44,28,2,78,0,11,62,0,73,4,55,90,2,151,80,8,88,239
09/25/2003,GJT,CO,ANM,WE,Federal Contract Tower,2,39,21,6,68,0,7,68,0,75,2,46,89,6,143,48,30,78,221
09/26/2003,GJT,CO,ANM,WE,Federal Contract Tower,2,46,20,11,79,0,9,88,0,97,2,55,108,11,176,46,40,86,262
09/27/2003,GJT,CO,ANM,WE,Federal Contract Tower,2,36,11,5,54,0,8,65,2,75,2,44,76,7,129,46,0,46,175
09/28/2003,GJT,CO,ANM,WE,Federal Contract Tower,0,38,14,17,69,0,5,81,6,92,0,43,95,23,161,52,12,64,225
09/29/2003,GJT,CO,ANM,WE,Federal Contract Tower,4,39,27,4,74,0,6,74,2,82,4,45,101,6,156,54,24,78,234
09/30/2003,GJT,CO,ANM,WE,Federal Contract Tower,2,42,29,4,77,0,14,100,0,114,2,56,129,4,191,118,4,122,313
10/01/2003,GJT,CO,ANM,WE,Federal Contract Tower,2,53,25,4,84,0,6,95,0,101,2,59,120,4,185,72,38,110,295
10/02/2003,GJT,CO,ANM,WE,Federal Contract Tower,2,52,24,5,83,0,0,28,1,29,2,52,52,6,112,28,18,46,158
10/03/2003,GJT,CO,ANM,WE,Federal Contract Tower,2,51,29,6,88,0,0,95,2,97,2,51,124,8,185,70,16,86,271
10/04/2003,GJT,CO,ANM,WE,Federal Contract Tower,2,33,16,3,54,0,8,60,4,72,2,41,76,7,126,64,16,80,206
10/05/2003,GJT,CO,ANM,WE,Federal Contract Tower,0,42,20,4,66,0,0,98,7,105,0,42,118,11,171,112,0,112,283
10/06/2003,GJT,CO,ANM,WE,Federal Contract Tower,2,37,18,4,61,0,6,89,0,95,2,43,107,4,156,66,0,66,222
10/07/2003,GJT,CO,ANM,WE,Federal Contract Tower,2,51,24,5,82,0,11,82,7,100,2,62,106,12,182,122,54,176,358
10/08/2003,GJT,CO,ANM,WE,Federal Contract Tower,2,38,18,3,61,2,7,89,0,98,4,45,107,3,159,62,0,62,221
10/09/2003,GJT,CO,ANM,WE,Federal Contract Tower,2,46,22,4,74,0,13,68,1,82,2,59,90,5,156,74,16,90,246
10/10/2003,GJT,CO,ANM,WE,Federal Contract Tower,2,55,26,5,88,0,2,113,6,121,2,57,139,11,209,110,28,138,347
10/11/2003,GJT,CO,ANM,WE,Federal Contract Tower,2,27,13,3,45,0,12,83,3,98,2,39,96,6,143,94,26,120,263
10/12/2003,GJT,CO,ANM,WE,Federal Contract Tower,0,33,16,2,51,0,16,102,0,118,0,49,118,2,169,146,0,146,315
10/13/2003,GJT,CO,ANM,WE,Federal Contract Tower,2,36,17,3,58,0,13,108,1,122,2,49,125,4,180,124,8,132,312
10/14/2003,GJT,CO,ANM,WE,Federal Contract Tower,2,41,20,4,67,0,8,72,2,82,2,49,92,6,149,86,10,96,245
10/15/2003,GJT,CO,ANM,WE,Federal Contract Tower,3,46,22,0,71,1,15,67,0,83,4,61,89,0,154,124,0,124,278
10/16/2003,GJT,CO,ANM,WE,Federal Contract Tower,1,34,16,3,54,0,12,90,0,102,1,46,106,3,156,66,0,66,222
10/17/2003,GJT,CO,ANM,WE,Federal Contract Tower,2,40,18,3,63,1,8,73,4,86,3,48,91,7,149,98,4,102,251
10/18/2003,GJT,CO,ANM,WE,Federal Contract Tower,1,33,14,4,52,1,7,105,8,121,2,40,119,12,173,88,20,108,281
10/19/2003,GJT,CO,ANM,WE,Federal Contract Tower,0,37,17,4,58,0,9,69,5,83,0,46,86,9,141,68,0,68,209
10/20/2003,GJT,CO,ANM,WE,Federal Contract Tower,1,38,17,0,56,1,8,78,0,87,2,46,95,0,143,70,0,70,213
10/21/2003,GJT,CO,ANM,WE,Federal Contract Tower,1,38,17,2,58,1,23,104,0,128,2,61,121,2,186,92,0,92,278
10/22/2003,GJT,CO,ANM,WE,Federal Contract Tower,1,38,17,2,58,1,12,91,0,104,2,50,108,2,162,74,0,74,236
10/23/2003,GJT,CO,ANM,WE,Federal Contract Tower,2,46,21,4,73,0,8,98,0,106,2,54,119,4,179,64,0,64,243
10/24/2003,GJT,CO,ANM,WE,Federal Contract Tower,2,46,20,5,73,0,7,73,6,86,2,53,93,11,159,120,32,152,311
10/25/2003,GJT,CO,ANM,WE,Federal Contract Tower,1,37,16,4,58,1,6,65,8,80,2,43,81,12,138,94,30,124,262
10/26/2003,GJT,CO,ANM,WE,Federal Contract Tower,0,39,17,5,61,0,2,95,2,99,0,41,112,7,160,92,0,92,252
10/27/2003,GJT,CO,ANM,WE,Federal Contract Tower,2,45,20,4,71,0,9,111,2,122,2,54,131,6,193,110,6,116,309
10/28/2003,GJT,CO,ANM,WE,Federal Contract Tower,2,52,24,2,80,0,7,100,0,107,2,59,124,2,187,102,16,118,305
10/29/2003,GJT,CO,ANM,WE,Federal Contract Tower,1,37,18,3,59,3,20,77,3,103,4,57,95,6,162,112,6,118,280
10/30/2003,GJT,CO,ANM,WE,Federal Contract Tower,1,37,18,0,56,1,6,17,0,24,2,43,35,0,80,12,0,12,92
10/31/2003,GJT,CO,ANM,WE,Federal Contract Tower,1,38,18,3,60,1,0,38,0,39,2,38,56,3,99,46,0,46,145
11/01/2003,GJT,CO,ANM,WE,Federal Contract Tower,2,40,20,0,62,0,18,19,0,37,2,58,39,0,99,36,0,36,135
11/02/2003,GJT,CO,ANM,WE,Federal Contract Tower,0,33,16,2,51,0,16,33,0,49,0,49,49,2,100,88,2,90,190
11/03/2003,GJT,CO,ANM,WE,Federal Contract Tower,2,56,27,0,85,0,6,39,0,45,2,62,66,0,130,50,0,50,180
11/04/2003,GJT,CO,ANM,WE,Federal Contract Tower,3,45,21,2,71,3,13,71,0,87,6,58,92,2,158,88,0,88,246
11/05/2003,GJT,CO,ANM,WE,Federal Contract Tower,2,62,30,2,96,0,9,51,2,62,2,71,81,4,158,98,42,140,298
11/06/2003,GJT,CO,ANM,WE,Federal Contract Tower,2,53,25,2,82,0,0,75,2,77,2,53,100,4,159,78,0,78,237
11/07/2003,GJT,CO,ANM,WE,Federal Contract Tower,3,58,28,2,91,0,2,59,9,70,3,60,87,11,161,90,24,114,275
11/08/2003,GJT,CO,ANM,WE,Federal Contract Tower,2,35,17,1,55,0,9,60,0,69,2,44,77,1,124,88,0,88,212
11/09/2003,GJT,CO,ANM,WE,Federal Contract Tower,0,33,16,0,49,0,8,55,0,63,0,41,71,0,112,86,0,86,198
11/10/2003,GJT,CO,ANM,WE,Federal Contract Tower,3,47,22,0,72,1,10,38,0,49,4,57,60,0,121,34,0,34,155
11/11/2003,GJT,CO,ANM,WE,Federal Contract Tower,3,62,30,2,97,1,2,72,0,75,4,64,102,2,172,118,0,118,290
11/12/2003,GJT,CO,ANM,WE,Federal Contract Tower,2,53,26,2,83,0,3,101,7,111,2,56,127,9,194,102,20,122,316
11/13/2003,GJT,CO,ANM,WE,Federal Contract Tower,2,51,24,0,77,0,9,38,0,47,2,60,62,0,124,64,0,64,188
11/14/2003,GJT,CO,ANM,WE,Federal Contract Tower,2,51,25,1,79,0,6,39,0,45,2,57,64,1,124,102,0,102,226
11/15/2003,GJT,CO,ANM,WE,Federal Contract Tower,2,48,21,2,73,0,7,72,7,86,2,55,93,9,159,120,10,130,289
11/16/2003,GJT,CO,ANM,WE,Federal Contract Tower,0,40,18,2,60,0,10,53,7,70,0,50,71,9,130,102,34,136,266
11/17/2003,GJT,CO,ANM,WE,Federal Contract Tower,0,44,20,0,64,0,11,40,0,51,0,55,60,0,115,82,0,82,197
11/18/2003,GJT,CO,ANM,WE,Federal Contract Tower,2,50,22,3,77,1,5,74,1,81,3,55,96,4,158,98,32,130,288
11/19/2003,GJT,CO,ANM,WE,Federal Contract Tower,1,43,20,3,67,3,5,74,1,83,4,48,94,4,150,104,44,148,298
11/20/2003,GJT,CO,ANM,WE,Federal Contract Tower,1,43,20,3,67,1,3,63,3,70,2,46,83,6,137,110,6,116,253
11/21/2003,GJT,CO,ANM,WE,Federal Contract Tower,2,53,24,3,82,4,5,74,1,84,6,58,98,4,166,112,0,112,278
11/22/2003,GJT,CO,ANM,WE,Federal Contract Tower,1,38,13,0,52,1,6,0,0,7,2,44,13,0,59,0,0,0,59
11/23/2003,GJT,CO,ANM,WE,Federal Contract Tower,0,36,16,2,54,0,11,51,0,62,0,47,67,2,116,152,0,152,268
11/24/2003,GJT,CO,ANM,WE,Federal Contract Tower,1,40,18,1,60,1,8,78,0,87,2,48,96,1,147,160,0,160,307
11/25/2003,GJT,CO,ANM,WE,Federal Contract Tower,2,54,24,2,82,0,5,100,0,105,2,59,124,2,187,130,20,150,337
11/26/2003,GJT,CO,ANM,WE,Federal Contract Tower,2,71,34,0,107,0,1,30,0,31,2,72,64,0,138,66,0,66,204
11/27/2003,GJT,CO,ANM,WE,Federal Contract Tower,0,22,11,0,33,0,15,37,0,52,0,37,48,0,85,40,0,40,125
11/28/2003,GJT,CO,ANM,WE,Federal Contract Tower,1,36,17,2,56,1,13,40,0,54,2,49,57,2,110,50,0,50,160
11/29/2003,GJT,CO,ANM,WE,Federal Contract Tower,1,34,16,0,51,1,16,89,0,106,2,50,105,0,157,112,0,112,269
11/30/2003,GJT,CO,ANM,WE,Federal Contract Tower,0,41,20,2,63,0,10,83,6,99,0,51,103,8,162,102,0,102,264
12/01/2003,GJT,CO,ANM,WE,Federal Contract Tower,2,47,22,1,72,0,13,83,8,104,2,60,105,9,176,86,16,102,278
12/02/2003,GJT,CO,ANM,WE,Federal Contract Tower,4,52,25,0,81,4,18,79,0,101,8,70,104,0,182,110,0,110,292
12/03/2003,GJT,CO,ANM,WE,Federal Contract Tower,4,47,23,1,75,0,7,75,1,83,4,54,98,2,158,54,0,54,212
12/04/2003,GJT,CO,ANM,WE,Federal Contract Tower,4,45,22,1,72,0,5,102,1,108,4,50,124,2,180,104,0,104,284
12/05/2003,GJT,CO,ANM,WE,Federal Contract Tower,4,43,20,1,68,0,12,84,5,101,4,55,104,6,169,106,0,106,275
12/06/2003,GJT,CO,ANM,WE,Federal Contract Tower,1,32,16,0,49,0,11,51,2,64,1,43,67,2,113,72,0,72,185
12/07/2003,GJT,CO,ANM,WE,Federal Contract Tower,0,41,20,1,62,0,10,37,2,49,0,51,57,3,111,54,0,54,165
12/08/2003,GJT,CO,ANM,WE,Federal Contract Tower,3,51,25,1,80,0,0,5,0,5,3,51,30,1,85,0,0,0,85
12/09/2003,GJT,CO,ANM,WE,Federal Contract Tower,4,52,26,1,83,0,8,62,1,71,4,60,88,2,154,58,0,58,212
12/10/2003,GJT,CO,ANM,WE,Federal Contract Tower,4,46,22,1,73,0,8,75,5,88,4,54,97,6,161,110,16,126,287
12/11/2003,GJT,CO,ANM,WE,Federal Contract Tower,4,36,18,0,58,0,14,29,7,50,4,50,47,7,108,108,46,154,262
12/12/2003,GJT,CO,ANM,WE,Federal Contract Tower,3,45,22,2,72,1,8,68,2,79,4,53,90,4,151,92,14,106,257
12/13/2003,GJT,CO,ANM,WE,Federal Contract Tower,1,33,17,1,52,0,14,57,7,78,1,47,74,8,130,108,12,120,250
12/14/2003,GJT,CO,ANM,WE,Federal Contract Tower,2,32,16,0,50,0,11,42,0,53,2,43,58,0,103,62,0,62,165
12/15/2003,GJT,CO,ANM,WE,Federal Contract Tower,1,46,22,2,71,0,9,31,0,40,1,55,53,2,111,52,0,52,163
12/16/2003,GJT,CO,ANM,WE,Federal Contract Tower,2,40,19,2,63,2,12,95,0,109,4,52,114,2,172,78,22,100,272
12/17/2003,GJT,CO,ANM,WE,Federal Contract Tower,2,37,17,0,56,2,11,101,0,114,4,48,118,0,170,96,0,96,266
12/18/2003,GJT,CO,ANM,WE,Federal Contract Tower,3,46,21,0,70,3,14,46,0,63,6,60,67,0,133,82,0,82,215
12/19/2003,GJT,CO,ANM,WE,Federal Contract Tower,3,54,25,2,84,1,15,97,0,113,4,69,122,2,197,82,0,82,279
12/20/2003,GJT,CO,ANM,WE,Federal Contract Tower,1,37,17,1,56,0,12,63,3,78,1,49,80,4,134,74,0,74,208
12/21/2003,GJT,CO,ANM,WE,Federal Contract Tower,2,41,19,0,62,3,9,32,0,44,5,50,51,0,106,56,0,56,162
12/22/2003,GJT,CO,ANM,WE,Federal Contract Tower,4,56,26,2,88,3,3,71,0,77,7,59,97,2,165,106,0,106,271
12/23/2003,GJT,CO,ANM,WE,Federal Contract Tower,3,53,24,0,80,2,7,95,0,104,5,60,119,0,184,80,0,80,264
12/24/2003,GJT,CO,ANM,WE,Federal Contract Tower,2,39,18,0,59,0,22,46,0,68,2,61,64,0,127,54,0,54,181
12/25/2003,GJT,CO,ANM,WE,Federal Contract Tower,0,21,6,0,27,0,12,0,0,12,0,33,6,0,39,10,0,10,49
12/26/2003,GJT,CO,ANM,WE,Federal Contract Tower,9,113,61,0,183,2,0,40,0,42,11,113,101,0,225,12,0,12,237
12/27/2003,GJT,CO,ANM,WE,Federal Contract Tower,5,110,60,0,175,0,0,46,0,46,5,110,106,0,221,8,0,8,229
12/28/2003,GJT,CO,ANM,WE,Federal Contract Tower,0,44,20,0,64,0,11,71,0,82,0,55,91,0,146,164,0,164,310
12/29/2003,GJT,CO,ANM,WE,Federal Contract Tower,2,52,26,1,81,0,0,47,1,48,2,52,73,2,129,88,0,88,217
12/30/2003,GJT,CO,ANM,WE,Federal Contract Tower,4,79,38,0,121,0,1,38,0,39,4,80,76,0,160,14,0,14,174
12/31/2003,GJT,CO,ANM,WE,Federal Contract Tower,2,29,17,0,48,0,0,9,0,9,2,29,26,0,57,2,0,2,59
01/01/2004,GJT,CO,ANM,WE,Federal Contract Tower,0,37,23,0,60,0,14,22,0,36,0,51,45,0,96,36,0,36,132
01/02/2004,GJT,CO,ANM,WE,Federal Contract Tower,4,112,69,0,185,0,0,31,0,31,4,112,100,0,216,38,0,38,254
01/03/2004,GJT,CO,ANM,WE,Federal Contract Tower,1,141,98,2,242,0,0,75,0,75,1,141,173,2,317,6,0,6,323
01/04/2004,GJT,CO,ANM,WE,Federal Contract Tower,1,111,66,0,178,0,14,51,0,65,1,125,117,0,243,42,0,42,285
01/05/2004,GJT,CO,ANM,WE,Federal Contract Tower,1,54,32,1,88,0,1,46,1,48,1,55,78,2,136,54,0,54,190
01/06/2004,GJT,CO,ANM,WE,Federal Contract Tower,2,43,25,0,70,0,17,50,0,67,2,60,75,0,137,50,0,50,187
01/07/2004,GJT,CO,ANM,WE,Federal Contract Tower,2,54,33,1,90,0,12,10,1,23,2,66,43,2,113,40,0,40,153
01/08/2004,GJT,CO,ANM,WE,Federal Contract Tower,2,39,24,1,66,0,1,11,1,13,2,40,35,2,79,0,10,10,89
01/09/2004,GJT,CO,ANM,WE,Federal Contract Tower,2,31,19,0,52,0,4,34,0,38,2,35,53,0,90,26,0,26,116
01/10/2004,GJT,CO,ANM,WE,Federal Contract Tower,0,1,1,0,2,0,0,2,0,2,0,1,3,0,4,0,0,0,4
01/11/2004,GJT,CO,ANM,WE,Federal Contract Tower,0,0,1,0,1,0,0,3,0,3,0,0,4,0,4,4,0,4,8
01/12/2004,GJT,CO,ANM,WE,Federal Contract Tower,0,1,3,0,4,0,0,4,0,4,0,1,7,0,8,8,0,8,16
01/13/2004,GJT,CO,ANM,WE,Federal Contract Tower,2,40,24,1,67,0,16,50,1,67,2,56,74,2,134,60,14,74,208
01/14/2004,GJT,CO,ANM,WE,Federal Contract Tower,2,52,31,2,87,2,3,91,6,102,4,55,122,8,189,128,10,138,327
01/15/2004,GJT,CO,ANM,WE,Federal Contract Tower,2,47,28,1,78,0,0,88,0,88,2,47,116,1,166,84,12,96,262
01/16/2004,GJT,CO,ANM,WE,Federal Contract Tower,2,48,28,2,80,2,6,69,4,81,4,54,97,6,161,72,22,94,255
01/17/2004,GJT,CO,ANM,WE,Federal Contract Tower,1,36,21,0,58,1,11,83,0,95,2,47,104,0,153,120,0,120,273
01/18/2004,GJT,CO,ANM,WE,Federal Contract Tower,0,33,19,0,52,0,13,93,0,106,0,46,112,0,158,154,0,154,312
01/19/2004,GJT,CO,ANM,WE,Federal Contract Tower,2,48,27,2,79,0,0,75,9,84,2,48,102,11,163,136,12,148,311
01/20/2004,GJT,CO,ANM,WE,Federal Contract Tower,2,54,31,2,89,2,13,33,0,48,4,67,64,2,137,86,0,86,223
01/21/2004,GJT,CO,ANM,WE,Federal Contract Tower,2,47,27,0,76,2,10,36,0,48,4,57,63,0,124,74,0,74,198
01/22/2004,GJT,CO,ANM,WE,Federal Contract Tower,2,44,24,0,70,2,16,88,0,106,4,60,112,0,176,68,0,68,244
01/23/2004,GJT,CO,ANM,WE,Federal Contract Tower,1,38,22,2,63,1,13,87,3,104,2,51,109,5,167,104,0,104,271
01/24/2004,GJT,CO,ANM,WE,Federal Contract Tower,1,35,19,2,57,3,16,60,18,97,4,51,79,20,154,86,38,124,278
01/25/2004,GJT,CO,ANM,WE,Federal Contract Tower,0,63,36,2,101,0,15,8,0,23,0,78,44,2,124,42,16,58,182
01/26/2004,GJT,CO,ANM,WE,Federal Contract Tower,2,46,26,1,75,0,5,88,2,95,2,51,114,3,170,62,30,92,262
01/27/2004,GJT,CO,ANM,WE,Federal Contract Tower,2,53,32,0,87,0,14,72,0,86,2,67,104,0,173,106,0,106,279
01/28/2004,GJT,CO,ANM,WE,Federal Contract Tower,2,50,30,0,82,2,10,56,0,68,4,60,86,0,150,58,0,58,208
01/29/2004,GJT,CO,ANM,WE,Federal Contract Tower,2,49,29,1,81,0,9,86,1,96,2,58,115,2,177,104,0,104,281
01/30/2004,GJT,CO,ANM,WE,Federal Contract Tower,2,43,24,0,69,2,8,63,0,73,4,51,87,0,142,118,0,118,260
01/31/2004,GJT,CO,ANM,WE,Federal Contract Tower,2,49,29,0,80,6,5,1,0,12,8,54,30,0,92,0,0,0,92
02/01/2004,GJT,CO,ANM,WE,Federal Contract Tower,3,37,17,0,57,0,12,81,0,93,3,49,98,0,150,112,0,112,262
02/02/2004,GJT,CO,ANM,WE,Federal Contract Tower,2,44,20,2,68,0,6,89,0,95,2,50,109,2,163,78,4,82,245
02/03/2004,GJT,CO,ANM,WE,Federal Contract Tower,2,57,26,2,87,0,13,37,0,50,2,70,63,2,137,44,16,60,197
02/04/2004,GJT,CO,ANM,WE,Federal Contract Tower,5,72,33,0,110,2,7,4,0,13,7,79,37,0,123,0,0,0,123
02/05/2004,GJT,CO,ANM,WE,Federal Contract Tower,2,49,23,2,76,0,6,19,0,25,2,55,42,2,101,32,8,40,141
02/06/2004,GJT,CO,ANM,WE,Federal Contract Tower,2,50,23,2,77,0,2,72,7,81,2,52,95,9,158,126,4,130,288
02/07/2004,GJT,CO,ANM,WE,Federal Contract Tower,2,30,14,1,47,0,10,57,3,70,2,40,71,4,117,104,2,106,223
02/08/2004,GJT,CO,ANM,WE,Federal Contract Tower,0,50,23,2,75,0,9,68,0,77,0,59,91,2,152,108,0,108,260
02/09/2004,GJT,CO,ANM,WE,Federal Contract Tower,2,41,19,2,64,0,14,83,0,97,2,55,102,2,161,96,0,96,257
02/10/2004,GJT,CO,ANM,WE,Federal Contract Tower,2,45,21,2,70,0,13,61,0,74,2,58,82,2,144,72,2,74,218
02/11/2004,GJT,CO,ANM,WE,Federal Contract Tower,4,60,28,2,94,0,14,47,0,61,4,74,75,2,155,140,2,142,297
02/12/2004,GJT,CO,ANM,WE,Federal Contract Tower,2,46,22,3,73,0,16,76,1,93,2,62,98,4,166,90,16,106,272
02/13/2004,GJT,CO,ANM,WE,Federal Contract Tower,2,51,22,3,78,0,7,106,3,116,2,58,128,6,194,66,2,68,262
02/14/2004,GJT,CO,ANM,WE,Federal Contract Tower,2,41,18,2,63,0,11,97,6,114,2,52,115,8,177,46,26,72,249
02/15/2004,GJT,CO,ANM,WE,Federal Contract Tower,0,40,17,1,58,0,11,55,0,66,0,51,72,1,124,60,2,62,186
02/16/2004,GJT,CO,ANM,WE,Federal Contract Tower,2,47,20,1,70,2,1,103,0,106,4,48,123,1,176,86,4,90,266
02/17/2004,GJT,CO,ANM,WE,Federal Contract Tower,2,45,19,2,68,0,15,71,0,86,2,60,90,2,154,114,0,114,268
02/18/2004,GJT,CO,ANM,WE,Federal Contract Tower,2,47,21,1,71,0,8,63,0,71,2,55,84,1,142,70,10,80,222
02/19/2004,GJT,CO,ANM,WE,Federal Contract Tower,3,66,28,4,101,0,0,30,0,30,3,66,58,4,131,28,18,46,177
02/20/2004,GJT,CO,ANM,WE,Federal Contract Tower,2,49,21,3,75,0,5,112,2,119,2,54,133,5,194,78,12,90,284
02/21/2004,GJT,CO,ANM,WE,Federal Contract Tower,3,56,24,0,83,1,13,50,0,64,4,69,74,0,147,60,0,60,207
02/22/2004,GJT,CO,ANM,WE,Federal Contract Tower,0,46,20,3,69,0,2,26,1,29,0,48,46,4,98,30,0,30,128
02/23/2004,GJT,CO,ANM,WE,Federal Contract Tower,4,55,25,3,87,0,0,113,4,117,4,55,138,7,204,122,6,128,332
02/24/2004,GJT,CO,ANM,WE,Federal Contract Tower,2,53,23,3,81,0,6,53,3,62,2,59,76,6,143,88,24,112,255
02/25/2004,GJT,CO,ANM,WE,Federal Contract Tower,3,65,29,4,101,3,0,66,2,71,6,65,95,6,172,80,24,104,276
02/26/2004,GJT,CO,ANM,WE,Federal Contract Tower,3,56,26,2,87,1,10,22,7,40,4,66,48,9,127,42,14,56,183
02/27/2004,GJT,CO,ANM,WE,Federal Contract Tower,3,56,26,2,87,1,7,39,0,47,4,63,65,2,134,36,0,36,170
02/28/2004,GJT,CO,ANM,WE,Federal Contract Tower,3,57,26,2,88,5,12,12,0,29,8,69,38,2,117,20,0,20,137
02/29/2004,GJT,CO,ANM,WE,Federal Contract Tower,5,82,40,1,128,2,0,21,0,23,7,82,61,1,151,12,0,12,163
03/01/2004,GJT,CO,ANM,WE,Federal Contract Tower,4,48,23,3,78,0,6,85,0,91,4,54,108,3,169,130,0,130,299
03/02/2004,GJT,CO,ANM,WE,Federal Contract Tower,4,53,26,3,86,0,8,65,1,74,4,61,91,4,160,132,12,144,304
03/03/2004,GJT,CO,ANM,WE,Federal Contract Tower,2,44,21,0,67,0,10,51,0,61,2,54,72,0,128,74,0,74,202
03/04/2004,GJT,CO,ANM,WE,Federal Contract Tower,4,64,31,4,103,0,11,46,0,57,4,75,77,4,160,104,6,110,270
03/05/2004,GJT,CO,ANM,WE,Federal Contract Tower,5,57,27,4,93,0,7,83,2,92,5,64,110,6,185,126,0,126,311
03/06/2004,GJT,CO,ANM,WE,Federal Contract Tower,2,37,18,0,57,0,14,83,0,97,2,51,101,0,154,88,0,88,242
03/07/2004,GJT,CO,ANM,WE,Federal Contract Tower,0,31,16,2,49,0,12,105,1,118,0,43,121,3,167,138,12,150,317
03/08/2004,GJT,CO,ANM,WE,Federal Contract Tower,2,46,22,1,71,0,3,118,0,121,2,49,140,1,192,160,0,160,352
03/09/2004,GJT,CO,ANM,WE,Federal Contract Tower,4,51,25,3,83,0,17,79,1,97,4,68,104,4,180,172,16,188,368
03/10/2004,GJT,CO,ANM,WE,Federal Contract Tower,4,45,22,3,74,0,10,82,2,94,4,55,104,5,168,168,34,202,370
03/11/2004,GJT,CO,ANM,WE,Federal Contract Tower,2,47,23,4,76,0,12,84,0,96,2,59,107,4,172,122,8,130,302
03/12/2004,GJT,CO,ANM,WE,Federal Contract Tower,4,45,22,0,71,4,11,139,0,154,8,56,161,0,225,150,0,150,375
03/13/2004,GJT,CO,ANM,WE,Federal Contract Tower,2,48,24,4,78,0,8,86,7,101,2,56,110,11,179,102,20,122,301
03/14/2004,GJT,CO,ANM,WE,Federal Contract Tower,0,37,17,1,55,0,8,89,0,97,0,45,106,1,152,74,0,74,226
03/15/2004,GJT,CO,ANM,WE,Federal Contract Tower,4,40,18,3,65,0,7,89,3,99,4,47,107,6,164,152,0,152,316
03/16/2004,GJT,CO,ANM,WE,Federal Contract Tower,2,48,21,4,75,0,9,81,2,92,2,57,102,6,167,150,22,172,339
03/17/2004,GJT,CO,ANM,WE,Federal Contract Tower,3,49,23,0,75,0,3,87,0,90,3,52,110,0,165,100,0,100,265
03/18/2004,GJT,CO,ANM,WE,Federal Contract Tower,2,45,21,4,72,0,9,113,0,122,2,54,134,4,194,142,8,150,344
03/19/2004,GJT,CO,ANM,WE,Federal Contract Tower,4,52,24,4,84,4,3,104,1,112,8,55,128,5,196,86,6,92,288
03/20/2004,GJT,CO,ANM,WE,Federal Contract Tower,3,43,20,4,70,5,5,67,5,82,8,48,87,9,152,90,16,106,258
03/21/2004,GJT,CO,ANM,WE,Federal Contract Tower,3,41,19,0,63,6,7,82,0,95,9,48,101,0,158,84,0,84,242
03/22/2004,GJT,CO,ANM,WE,Federal Contract Tower,3,45,20,4,72,3,5,99,2,109,6,50,119,6,181,74,24,98,279
03/23/2004,GJT,CO,ANM,WE,Federal Contract Tower,4,60,28,5,97,0,5,59,9,73,4,65,87,14,170,80,30,110,280
03/24/2004,GJT,CO,ANM,WE,Federal Contract Tower,4,48,24,2,78,0,0,49,0,49,4,48,73,2,127,64,0,64,191
03/25/2004,GJT,CO,ANM,WE,Federal Contract Tower,4,51,24,4,83,2,9,50,0,61,6,60,74,4,144,120,0,120,264
03/26/2004,GJT,CO,ANM,WE,Federal Contract Tower,4,52,24,4,84,6,14,56,1,77,10,66,80,5,161,70,0,70,231
03/27/2004,GJT,CO,ANM,WE,Federal Contract Tower,3,43,20,4,70,4,12,53,0,69,7,55,73,4,139,60,30,90,229
03/28/2004,GJT,CO,ANM,WE,Federal Contract Tower,0,52,25,3,80,0,7,87,12,106,0,59,112,15,186,124,8,132,318
03/29/2004,GJT,CO,ANM,WE,Federal Contract Tower,2,37,18,2,59,0,0,95,6,101,2,37,113,8,160,164,16,180,340
03/30/2004,GJT,CO,ANM,WE,Federal Contract Tower,2,42,20,3,67,0,19,105,1,125,2,61,125,4,192,176,14,190,382
03/31/2004,GJT,CO,ANM,WE,Federal Contract Tower,3,45,21,2,71,4,15,83,0,102,7,60,104,2,173,86,4,90,263
04/01/2004,GJT,CO,ANM,WE,Federal Contract Tower,2,34,15,2,53,0,18,80,0,98,2,52,95,2,151,134,18,152,303
04/02/2004,GJT,CO,ANM,WE,Federal Contract Tower,4,57,26,3,90,4,7,54,4,69,8,64,80,7,159,102,4,106,265
04/03/2004,GJT,CO,ANM,WE,Federal Contract Tower,3,41,19,0,63,7,20,45,0,72,10,61,64,0,135,58,0,58,193
04/04/2004,GJT,CO,ANM,WE,Federal Contract Tower,4,49,24,3,80,7,0,72,5,84,11,49,96,8,164,128,12,140,304
04/05/2004,GJT,CO,ANM,WE,Federal Contract Tower,2,50,22,3,77,0,9,45,1,55,2,59,67,4,132,116,20,136,268
04/06/2004,GJT,CO,ANM,WE,Federal Contract Tower,4,50,22,2,78,0,15,81,0,96,4,65,103,2,174,148,8,156,330
04/07/2004,GJT,CO,ANM,WE,Federal Contract Tower,2,40,18,2,62,0,9,50,1,60,2,49,68,3,122,96,26,122,244
04/08/2004,GJT,CO,ANM,WE,Federal Contract Tower,2,54,24,1,81,0,8,36,0,44,2,62,60,1,125,118,2,120,245
04/09/2004,GJT,CO,ANM,WE,Federal Contract Tower,4,56,25,0,85,0,12,66,0,78,4,68,91,0,163,86,0,86,249
04/10/2004,GJT,CO,ANM,WE,Federal Contract Tower,3,42,19,0,64,1,22,41,0,64,4,64,60,0,128,100,0,100,228
04/11/2004,GJT,CO,ANM,WE,Federal Contract Tower,0,34,15,0,49,0,8,68,0,76,0,42,83,0,125,64,0,64,189
04/12/2004,GJT,CO,ANM,WE,Federal Contract Tower,4,56,26,3,89,0,0,107,3,110,4,56,133,6,199,122,34,156,355
04/13/2004,GJT,CO,ANM,WE,Federal Contract Tower,2,61,27,4,94,0,0,97,12,109,2,61,124,16,203,136,70,206,409
04/14/2004,GJT,CO,ANM,WE,Federal Contract Tower,2,43,19,3,67,0,9,43,1,53,2,52,62,4,120,78,12,90,210
04/15/2004,GJT,CO,ANM,WE,Federal Contract Tower,3,52,24,3,82,0,13,62,3,78,3,65,86,6,160,90,12,102,262
04/16/2004,GJT,CO,ANM,WE,Federal Contract Tower,3,49,21,4,77,1,9,85,0,95,4,58,106,4,172,96,8,104,276
04/17/2004,GJT,CO,ANM,WE,Federal Contract Tower,2,38,16,3,59,0,2,38,3,43,2,40,54,6,102,30,16,46,148
04/18/2004,GJT,CO,ANM,WE,Federal Contract Tower,0,36,14,0,50,0,4,51,0,55,0,40,65,0,105,80,0,80,185
04/19/2004,GJT,CO,ANM,WE,Federal Contract Tower,2,45,19,4,70,0,7,76,1,84,2,52,95,5,154,76,2,78,232
04/20/2004,GJT,CO,ANM,WE,Federal Contract Tower,2,52,22,4,80,0,8,90,0,98,2,60,112,4,178,150,30,180,358
04/21/2004,GJT,CO,ANM,WE,Federal Contract Tower,2,59,26,2,89,0,0,37,0,37,2,59,63,2,126,58,8,66,192
04/22/2004,GJT,CO,ANM,WE,Federal Contract Tower,2,45,19,0,66,0,15,11,0,26,2,60,30,0,92,16,0,16,108
04/23/2004,GJT,CO,ANM,WE,Federal Contract Tower,3,50,21,0,74,1,8,79,0,88,4,58,100,0,162,78,0,78,240
04/24/2004,GJT,CO,ANM,WE,Federal Contract Tower,2,37,15,1,55,0,12,69,0,81,2,49,84,1,136,116,0,116,252
04/25/2004,GJT,CO,ANM,WE,Federal Contract Tower,0,35,15,2,52,0,4,104,1,109,0,39,119,3,161,112,8,120,281
04/26/2004,GJT,CO,ANM,WE,Federal Contract Tower,2,41,18,0,61,0,5,103,0,108,2,46,121,0,169,82,0,82,251
04/27/2004,GJT,CO,ANM,WE,Federal Contract Tower,2,52,22,3,79,0,15,93,5,113,2,67,115,8,192,96,6,102,294
04/28/2004,GJT,CO,ANM,WE,Federal Contract Tower,2,48,21,0,71,0,15,57,0,72,2,63,78,0,143,36,0,36,179
04/29/2004,GJT,CO,ANM,WE,Federal Contract Tower,2,45,20,3,70,0,8,32,1,41,2,53,52,4,111,64,0,64,175
04/30/2004,GJT,CO,ANM,WE,Federal Contract Tower,3,55,25,3,86,1,0,54,5,60,4,55,79,8,146,42,2,44,190
05/01/2004,GJT,CO,ANM,WE,Federal Contract Tower,2,34,15,2,53,2,15,108,3,128,4,49,123,5,181,114,4,118,299
05/02/2004,GJT,CO,ANM,WE,Federal Contract Tower,0,32,15,2,49,0,9,76,0,85,0,41,91,2,134,62,0,62,196
05/03/2004,GJT,CO,ANM,WE,Federal Contract Tower,3,44,20,2,69,2,4,95,3,104,5,48,115,5,173,120,8,128,301
05/04/2004,GJT,CO,ANM,WE,Federal Contract Tower,4,59,27,3,93,2,0,89,1,92,6,59,116,4,185,106,4,110,295
05/05/2004,GJT,CO,ANM,WE,Federal Contract Tower,2,41,18,0,61,0,6,106,0,112,2,47,124,0,173,98,0,98,271
05/06/2004,GJT,CO,ANM,WE,Federal Contract Tower,2,56,26,3,87,0,0,92,4,96,2,56,118,7,183,82,6,88,271
05/07/2004,GJT,CO,ANM,WE,Federal Contract Tower,3,52,24,3,82,1,0,64,2,67,4,52,88,5,149,68,0,68,217
05/08/2004,GJT,CO,ANM,WE,Federal Contract Tower,2,36,17,2,57,0,15,88,2,105,2,51,105,4,162,82,0,82,244
05/09/2004,GJT,CO,ANM,WE,Federal Contract Tower,0,30,14,1,45,0,11,73,0,84,0,41,87,1,129,58,0,58,187
05/10/2004,GJT,CO,ANM,WE,Federal Contract Tower,3,46,23,3,75,1,0,73,3,77,4,46,96,6,152,72,8,80,232
05/11/2004,GJT,CO,ANM,WE,Federal Contract Tower,2,40,18,2,62,0,16,10,0,26,2,56,28,2,88,6,0,6,94
05/12/2004,GJT,CO,ANM,WE,Federal Contract Tower,2,47,21,0,70,0,16,37,0,53,2,63,58,0,123,62,0,62,185
05/13/2004,GJT,CO,ANM,WE,Federal Contract Tower,2,51,23,3,79,0,8,75,3,86,2,59,98,6,165,102,0,102,267
05/14/2004,GJT,CO,ANM,WE,Federal Contract Tower,2,49,22,3,76,0,17,81,1,99,2,66,103,4,175,78,10,88,263
05/15/2004,GJT,CO,ANM,WE,Federal Contract Tower,2,36,16,0,54,0,10,81,0,91,2,46,97,0,145,74,0,74,219
05/16/2004,GJT,CO,ANM,WE,Federal Contract Tower,0,39,18,2,59,0,10,73,4,87,0,49,91,6,146,58,20,78,224
05/17/2004,GJT,CO,ANM,WE,Federal Contract Tower,2,43,18,2,65,0,6,66,0,72,2,49,84,2,137,92,0,92,229
05/18/2004,GJT,CO,ANM,WE,Federal Contract Tower,2,57,24,4,87,2,4,72,6,84,4,61,96,10,171,52,32,84,255
05/19/2004,GJT,CO,ANM,WE,Federal Contract Tower,2,46,19,0,67,0,6,79,0,85,2,52,98,0,152,72,0,72,224
05/20/2004,GJT,CO,ANM,WE,Federal Contract Tower,2,50,20,2,74,0,14,70,0,84,2,64,90,2,158,72,12,84,242
05/21/2004,GJT,CO,ANM,WE,Federal Contract Tower,2,55,23,5,85,0,3,92,3,98,2,58,115,8,183,50,0,50,233
05/22/2004,GJT,CO,ANM,WE,Federal Contract Tower,1,39,16,2,58,1,7,78,0,86,2,46,94,2,144,70,0,70,214
05/23/2004,GJT,CO,ANM,WE,Federal Contract Tower,0,40,17,3,60,0,6,89,2,97,0,46,106,5,157,98,4,102,259
05/24/2004,GJT,CO,ANM,WE,Federal Contract Tower,2,44,18,3,67,0,0,100,2,102,2,44,118,5,169,74,12,86,255
05/25/2004,GJT,CO,ANM,WE,Federal Contract Tower,1,37,16,0,54,3,18,77,0,98,4,55,93,0,152,68,0,68,220
05/26/2004,GJT,CO,ANM,WE,Federal Contract Tower,2,48,20,3,73,0,7,96,0,103,2,55,116,3,176,68,22,90,266
05/27/2004,GJT,CO,ANM,WE,Federal Contract Tower,2,50,20,2,74,2,6,84,0,92,4,56,104,2,166,82,0,82,248
05/28/2004,GJT,CO,ANM,WE,Federal Contract Tower,2,53,23,4,82,0,4,74,0,78,2,57,97,4,160,50,0,50,210
05/29/2004,GJT,CO,ANM,WE,Federal Contract Tower,2,46,19,1,68,2,11,13,0,26,4,57,32,1,94,46,0,46,140
05/30/2004,GJT,CO,ANM,WE,Federal Contract Tower,0,26,11,2,39,0,12,65,0,77,0,38,76,2,116,48,0,48,164
05/31/2004,GJT,CO,ANM,WE,Federal Contract Tower,0,38,18,2,58,0,0,104,2,106,0,38,122,4,164,80,24,104,268
06/01/2004,GJT,CO,ANM,WE,Federal Contract Tower,2,45,19,3,69,0,13,86,1,100,2,58,105,4,169,84,2,86,255
06/02/2004,GJT,CO,ANM,WE,Federal Contract Tower,2,44,18,2,66,0,11,67,0,78,2,55,85,2,144,94,14,108,252
06/03/2004,GJT,CO,ANM,WE,Federal Contract Tower,2,48,21,0,71,0,5,87,0,92,2,53,108,0,163,88,0,88,251
06/04/2004,GJT,CO,ANM,WE,Federal Contract Tower,3,49,21,3,76,1,2,94,3,100,4,51,115,6,176,38,0,38,214
06/05/2004,GJT,CO,ANM,WE,Federal Contract Tower,2,32,14,0,48,0,17,86,0,103,2,49,100,0,151,72,0,72,223
06/06/2004,GJT,CO,ANM,WE,Federal Contract Tower,0,40,18,3,61,0,8,75,1,84,0,48,93,4,145,42,0,42,187
06/07/2004,GJT,CO,ANM,WE,Federal Contract Tower,0,38,17,2,57,0,15,98,1,114,0,53,115,3,171,56,4,60,231
06/08/2004,GJT,CO,ANM,WE,Federal Contract Tower,3,43,19,1,66,0,19,90,0,109,3,62,109,1,175,114,0,114,289
06/09/2004,GJT,CO,ANM,WE,Federal Contract Tower,2,40,18,0,60,0,18,52,0,70,2,58,70,0,130,42,0,42,172
06/10/2004,GJT,CO,ANM,WE,Federal Contract Tower,3,50,22,2,77,1,0,66,0,67,4,50,88,2,144,70,6,76,220
06/11/2004,GJT,CO,ANM,WE,Federal Contract Tower,3,51,22,2,78,1,8,100,0,109,4,59,122,2,187,126,2,128,315
06/12/2004,GJT,CO,ANM,WE,Federal Contract Tower,2,35,15,2,54,0,11,88,0,99,2,46,103,2,153,62,18,80,233
06/13/2004,GJT,CO,ANM,WE,Federal Contract Tower,0,37,16,2,55,0,10,77,2,89,0,47,93,4,144,42,8,50,194
06/14/2004,GJT,CO,ANM,WE,Federal Contract Tower,2,42,18,2,64,0,2,98,2,102,2,44,116,4,166,138,0,138,304
06/15/2004,GJT,CO,ANM,WE,Federal Contract Tower,2,48,21,3,74,0,11,85,2,98,2,59,106,5,172,120,0,120,292
06/16/2004,GJT,CO,ANM,WE,Federal Contract Tower,1,38,15,0,54,1,14,63,0,78,2,52,78,0,132,62,0,62,194
06/17/2004,GJT,CO,ANM,WE,Federal Contract Tower,2,51,24,5,82,0,0,132,3,135,2,51,156,8,217,76,2,78,295
06/18/2004,GJT,CO,ANM,WE,Federal Contract Tower,2,53,22,4,81,3,2,83,0,88,5,55,105,4,169,72,2,74,243
06/19/2004,GJT,CO,ANM,WE,Federal Contract Tower,1,39,16,3,59,1,9,100,2,112,2,48,116,5,171,56,0,56,227
06/20/2004,GJT,CO,ANM,WE,Federal Contract Tower,2,47,19,2,70,0,3,105,0,108,2,50,124,2,178,72,0,72,250
06/21/2004,GJT,CO,ANM,WE,Federal Contract Tower,2,44,18,2,66,2,0,87,0,89,4,44,105,2,155,128,2,130,285
06/22/2004,GJT,CO,ANM,WE,Federal Contract Tower,2,43,17,3,65,0,15,102,2,119,2,58,119,5,184,82,12,94,278
06/23/2004,GJT,CO,ANM,WE,Federal Contract Tower,2,46,20,4,72,0,0,116,0,116,2,46,136,4,188,76,0,76,264
06/24/2004,GJT,CO,ANM,WE,Federal Contract Tower,2,51,21,2,76,2,9,102,0,113,4,60,123,2,189,96,10,106,295
06/25/2004,GJT,CO,ANM,WE,Federal Contract Tower,2,46,19,0,67,0,16,109,0,125,2,62,128,0,192,78,0,78,270
06/26/2004,GJT,CO,ANM,WE,Federal Contract Tower,1,42,18,2,63,1,6,80,0,87,2,48,98,2,150,66,0,66,216
06/27/2004,GJT,CO,ANM,WE,Federal Contract Tower,0,42,18,3,63,0,18,71,1,90,0,60,89,4,153,42,4,46,199
06/28/2004,GJT,CO,ANM,WE,Federal Contract Tower,2,46,20,3,71,0,0,97,9,106,2,46,117,12,177,82,6,88,265
06/29/2004,GJT,CO,ANM,WE,Federal Contract Tower,2,54,23,4,83,0,6,86,6,98,2,60,109,10,181,114,20,134,315
06/30/2004,GJT,CO,ANM,WE,Federal Contract Tower,2,55,24,3,84,0,4,94,4,102,2,59,118,7,186,98,14,112,298
07/01/2004,GJT,CO,ANM,WE,Federal Contract Tower,2,52,22,4,80,0,6,101,1,108,2,58,123,5,188,100,0,100,288
07/02/2004,GJT,CO,ANM,WE,Federal Contract Tower,2,42,18,2,64,0,9,96,0,105,2,51,114,2,169,80,0,80,249
07/03/2004,GJT,CO,ANM,WE,Federal Contract Tower,2,37,16,3,58,0,15,128,1,144,2,52,144,4,202,58,16,74,276
07/04/2004,GJT,CO,ANM,WE,Federal Contract Tower,0,29,12,2,43,0,7,121,0,128,0,36,133,2,171,44,0,44,215
07/05/2004,GJT,CO,ANM,WE,Federal Contract Tower,1,33,15,2,51,0,10,106,3,119,1,43,121,5,170,50,6,56,226
07/06/2004,GJT,CO,ANM,WE,Federal Contract Tower,3,53,23,2,81,0,8,95,0,103,3,61,118,2,184,86,22,108,292
07/07/2004,GJT,CO,ANM,WE,Federal Contract Tower,3,45,19,3,70,1,14,80,1,96,4,59,99,4,166,60,2,62,228
07/08/2004,GJT,CO,ANM,WE,Federal Contract Tower,2,51,22,4,79,0,10,70,0,80,2,61,92,4,159,34,18,52,211
07/09/2004,GJT,CO,ANM,WE,Federal Contract Tower,2,42,17,0,61,0,11,187,0,198,2,53,204,0,259,66,0,66,325
07/10/2004,GJT,CO,ANM,WE,Federal Contract Tower,2,39,17,3,61,0,11,71,6,88,2,50,88,9,149,42,16,58,207
07/11/2004,GJT,CO,ANM,WE,Federal Contract Tower,0,40,17,3,60,0,12,99,0,111,0,52,116,3,171,46,8,54,225
07/12/2004,GJT,CO,ANM,WE,Federal Contract Tower,2,51,22,3,78,0,4,118,7,129,2,55,140,10,207,54,2,56,263
07/13/2004,GJT,CO,ANM,WE,Federal Contract Tower,2,44,19,0,65,0,18,91,0,109,2,62,110,0,174,58,0,58,232
07/14/2004,GJT,CO,ANM,WE,Federal Contract Tower,3,56,24,4,87,1,7,72,0,80,4,63,96,4,167,50,0,50,217
07/15/2004,GJT,CO,ANM,WE,Federal Contract Tower,3,58,25,2,88,3,5,85,0,93,6,63,110,2,181,34,0,34,215
07/16/2004,GJT,CO,ANM,WE,Federal Contract Tower,2,50,22,4,78,0,9,90,0,99,2,59,112,4,177,56,0,56,233
07/17/2004,GJT,CO,ANM,WE,Federal Contract Tower,2,42,17,0,61,2,9,73,0,84,4,51,90,0,145,56,0,56,201
07/18/2004,GJT,CO,ANM,WE,Federal Contract Tower,0,43,19,4,66,0,2,85,1,88,0,45,104,5,154,44,0,44,198
07/19/2004,GJT,CO,ANM,WE,Federal Contract Tower,2,49,20,3,74,0,15,77,0,92,2,64,97,3,166,64,20,84,250
07/20/2004,GJT,CO,ANM,WE,Federal Contract Tower,2,50,20,0,72,0,11,107,0,118,2,61,127,0,190,88,0,88,278
07/21/2004,GJT,CO,ANM,WE,Federal Contract Tower,2,45,18,0,65,0,9,102,0,111,2,54,120,0,176,74,0,74,250
07/22/2004,GJT,CO,ANM,WE,Federal Contract Tower,2,56,23,5,86,4,13,64,3,84,6,69,87,8,170,52,8,60,230
07/23/2004,GJT,CO,ANM,WE,Federal Contract Tower,3,58,26,5,92,1,0,89,7,97,4,58,115,12,189,64,4,68,257
07/24/2004,GJT,CO,ANM,WE,Federal Contract Tower,1,39,16,4,60,1,9,75,5,90,2,48,91,9,150,54,30,84,234
07/25/2004,GJT,CO,ANM,WE,Federal Contract Tower,0,41,15,4,60,0,6,93,3,102,0,47,108,7,162,56,4,60,222
07/26/2004,GJT,CO,ANM,WE,Federal Contract Tower,2,52,21,5,80,0,4,78,3,85,2,56,99,8,165,62,18,80,245
07/27/2004,GJT,CO,ANM,WE,Federal Contract Tower,2,46,19,3,70,0,15,67,0,82,2,61,86,3,152,58,0,58,210
07/28/2004,GJT,CO,ANM,WE,Federal Contract Tower,2,53,22,4,81,3,2,102,1,108,5,55,124,5,189,54,16,70,259
07/29/2004,GJT,CO,ANM,WE,Federal Contract Tower,2,54,23,1,80,0,9,78,0,87,2,63,101,1,167,52,2,54,221
07/30/2004,GJT,CO,ANM,WE,Federal Contract Tower,2,48,20,3,73,0,3,100,7,110,2,51,120,10,183,62,4,66,249
07/31/2004,GJT,CO,ANM,WE,Federal Contract Tower,2,45,19,3,69,0,3,116,9,128,2,48,135,12,197,64,0,64,261
08/01/2004,GJT,CO,ANM,WE,Federal Contract Tower,0,39,18,4,61,0,3,145,0,148,0,42,163,4,209,92,0,92,301
08/02/2004,GJT,CO,ANM,WE,Federal Contract Tower,3,44,19,2,68,5,9,88,0,102,8,53,107,2,170,48,10,58,228
08/03/2004,GJT,CO,ANM,WE,Federal Contract Tower,3,45,20,4,72,0,14,67,2,83,3,59,87,6,155,58,44,102,257
08/04/2004,GJT,CO,ANM,WE,Federal Contract Tower,2,36,17,2,57,1,13,93,0,107,3,49,110,2,164,110,24,134,298
08/05/2004,GJT,CO,ANM,WE,Federal Contract Tower,3,52,24,5,84,1,0,66,0,67,4,52,90,5,151,38,12,50,201
08/06/2004,GJT,CO,ANM,WE,Federal Contract Tower,2,45,20,4,71,0,11,87,4,102,2,56,107,8,173,60,20,80,253
08/07/2004,GJT,CO,ANM,WE,Federal Contract Tower,2,42,19,3,66,0,10,87,1,98,2,52,106,4,164,48,0,48,212
08/08/2004,GJT,CO,ANM,WE,Federal Contract Tower,0,41,18,3,62,0,12,119,6,137,0,53,137,9,199,74,0,74,273
08/09/2004,GJT,CO,ANM,WE,Federal Contract Tower,2,57,26,3,88,0,0,135,0,135,2,57,161,3,223,106,4,110,333
08/10/2004,GJT,CO,ANM,WE,Federal Contract Tower,2,44,20,2,68,0,11,79,0,90,2,55,99,2,158,54,4,58,216
08/11/2004,GJT,CO,ANM,WE,Federal Contract Tower,3,55,25,2,85,2,0,70,0,72,5,55,95,2,157,88,0,88,245
08/12/2004,GJT,CO,ANM,WE,Federal Contract Tower,2,52,23,4,81,0,0,79,0,79,2,52,102,4,160,53,0,53,213
08/13/2004,GJT,CO,ANM,WE,Federal Contract Tower,2,49,20,4,75,0,12,100,1,113,2,61,120,5,188,78,14,92,280
08/14/2004,GJT,CO,ANM,WE,Federal Contract Tower,1,35,15,4,55,1,20,88,8,117,2,55,103,12,172,72,48,120,292
08/15/2004,GJT,CO,ANM,WE,Federal Contract Tower,2,47,20,4,73,1,4,97,0,102,3,51,117,4,175,44,0,44,219
08/16/2004,GJT,CO,ANM,WE,Federal Contract Tower,1,40,17,5,63,1,13,110,5,129,2,53,127,10,192,82,0,82,274
08/17/2004,GJT,CO,ANM,WE,Federal Contract Tower,2,50,21,5,78,0,16,82,1,99,2,66,103,6,177,72,38,110,287
08/18/2004,GJT,CO,ANM,WE,Federal Contract Tower,2,45,18,5,70,0,12,46,0,58,2,57,64,5,128,46,8,54,182
08/19/2004,GJT,CO,ANM,WE,Federal Contract Tower,2,47,20,2,71,0,7,79,0,86,2,54,99,2,157,68,4,72,229
08/20/2004,GJT,CO,ANM,WE,Federal Contract Tower,2,46,19,5,72,0,8,95,11,114,2,54,114,16,186,50,6,56,242
08/21/2004,GJT,CO,ANM,WE,Federal Contract Tower,2,45,18,5,70,0,0,76,11,87,2,45,94,16,157,56,24,80,237
08/22/2004,GJT,CO,ANM,WE,Federal Contract Tower,0,37,16,4,57,0,3,62,7,72,0,40,78,11,129,48,2,50,179
08/23/2004,GJT,CO,ANM,WE,Federal Contract Tower,2,42,19,3,66,0,5,76,4,85,2,47,95,7,151,60,6,66,217
08/24/2004,GJT,CO,ANM,WE,Federal Contract Tower,2,51,23,4,80,0,9,50,2,61,2,60,73,6,141,42,30,72,213
08/25/2004,GJT,CO,ANM,WE,Federal Contract Tower,2,44,19,4,69,0,11,105,1,117,2,55,124,5,186,106,4,110,296
08/26/2004,GJT,CO,ANM,WE,Federal Contract Tower,2,47,21,4,74,0,7,54,9,70,2,54,75,13,144,28,0,28,172
08/27/2004,GJT,CO,ANM,WE,Federal Contract Tower,2,54,24,4,84,0,6,76,9,91,2,60,100,13,175,46,22,68,243
08/28/2004,GJT,CO,ANM,WE,Federal Contract Tower,2,48,21,4,75,0,4,74,27,105,2,52,95,31,180,72,34,106,286
08/29/2004,GJT,CO,ANM,WE,Federal Contract Tower,0,45,19,4,68,0,4,90,22,116,0,49,109,26,184,46,16,62,246
08/30/2004,GJT,CO,ANM,WE,Federal Contract Tower,2,42,19,0,63,0,4,111,0,115,2,46,130,0,178,84,0,84,262
08/31/2004,GJT,CO,ANM,WE,Federal Contract Tower,2,45,20,2,69,2,10,93,0,105,4,55,113,2,174,70,0,70,244
09/01/2004,GJT,CO,ANM,WE,Federal Contract Tower,2,49,22,5,78,0,7,126,4,137,2,56,148,9,215,74,12,86,301
09/02/2004,GJT,CO,ANM,WE,Federal Contract Tower,2,47,21,1,71,0,7,73,0,80,2,54,94,1,151,46,0,46,197
09/03/2004,GJT,CO,ANM,WE,Federal Contract Tower,2,50,23,4,79,2,12,79,0,93,4,62,102,4,172,40,0,40,212
09/04/2004,GJT,CO,ANM,WE,Federal Contract Tower,2,29,14,2,47,0,8,12,0,20,2,37,26,2,67,16,0,16,83
09/05/2004,GJT,CO,ANM,WE,Federal Contract Tower,1,29,13,1,44,0,13,80,0,93,1,42,93,1,137,58,0,58,195
09/06/2004,GJT,CO,ANM,WE,Federal Contract Tower,0,40,18,3,61,0,11,115,0,126,0,51,133,3,187,74,2,76,263
09/07/2004,GJT,CO,ANM,WE,Federal Contract Tower,2,49,22,5,78,0,23,80,1,104,2,72,102,6,182,78,4,82,264
09/08/2004,GJT,CO,ANM,WE,Federal Contract Tower,2,47,21,4,74,0,5,111,0,116,2,52,132,4,190,86,16,102,292
09/09/2004,GJT,CO,ANM,WE,Federal Contract Tower,2,49,22,5,78,0,4,96,6,106,2,53,118,11,184,66,0,66,250
09/10/2004,GJT,CO,ANM,WE,Federal Contract Tower,2,54,24,5,85,0,4,84,13,101,2,58,108,18,186,70,12,82,268
09/11/2004,GJT,CO,ANM,WE,Federal Contract Tower,1,43,19,4,67,0,9,82,8,99,1,52,101,12,166,68,28,96,262
09/12/2004,GJT,CO,ANM,WE,Federal Contract Tower,0,35,16,3,54,0,5,76,13,94,0,40,92,16,148,46,32,78,226
09/13/2004,GJT,CO,ANM,WE,Federal Contract Tower,1,44,20,4,69,0,1,72,4,77,1,45,92,8,146,60,26,86,232
09/14/2004,GJT,CO,ANM,WE,Federal Contract Tower,2,49,21,4,76,0,18,77,0,95,2,67,98,4,171,60,6,66,237
09/15/2004,GJT,CO,ANM,WE,Federal Contract Tower,2,51,22,5,80,0,5,98,0,103,2,56,120,5,183,84,6,90,273
09/16/2004,GJT,CO,ANM,WE,Federal Contract Tower,3,55,25,5,88,1,0,91,4,96,4,55,116,9,184,108,14,122,306
09/17/2004,GJT,CO,ANM,WE,Federal Contract Tower,2,57,24,5,88,0,4,90,29,123,2,61,114,34,211,70,44,114,325
09/18/2004,GJT,CO,ANM,WE,Federal Contract Tower,1,37,15,3,56,0,8,51,9,68,1,45,66,12,124,24,36,60,184
09/19/2004,GJT,CO,ANM,WE,Federal Contract Tower,1,47,20,6,74,1,5,31,0,37,2,52,51,6,111,28,0,28,139
09/20/2004,GJT,CO,ANM,WE,Federal Contract Tower,1,48,20,1,70,0,9,62,0,71,1,57,82,1,141,32,0,32,173
09/21/2004,GJT,CO,ANM,WE,Federal Contract Tower,2,62,26,1,91,0,9,55,0,64,2,71,81,1,155,34,0,34,189
09/22/2004,GJT,CO,ANM,WE,Federal Contract Tower,1,53,23,0,77,1,7,63,0,71,2,60,86,0,148,44,0,44,192
09/23/2004,GJT,CO,ANM,WE,Federal Contract Tower,1,46,20,5,72,3,7,74,2,86,4,53,94,7,158,48,0,48,206
09/24/2004,GJT,CO,ANM,WE,Federal Contract Tower,1,49,21,4,75,1,13,95,0,109,2,62,116,4,184,82,0,82,266
09/25/2004,GJT,CO,ANM,WE,Federal Contract Tower,1,35,16,3,55,0,10,90,0,100,1,45,106,3,155,66,0,66,221
09/26/2004,GJT,CO,ANM,WE,Federal Contract Tower,0,40,21,4,65,0,0,101,16,117,0,40,122,20,182,62,4,66,248
09/27/2004,GJT,CO,ANM,WE,Federal Contract Tower,1,42,19,3,65,0,6,105,0,111,1,48,124,3,176,66,24,90,266
09/28/2004,GJT,CO,ANM,WE,Federal Contract Tower,2,54,24,5,85,2,6,85,4,97,4,60,109,9,182,56,46,102,284
09/29/2004,GJT,CO,ANM,WE,Federal Contract Tower,1,49,22,4,76,1,11,34,0,46,2,60,56,4,122,42,6,48,170
09/30/2004,GJT,CO,ANM,WE,Federal Contract Tower,1,52,23,3,79,1,8,46,0,55,2,60,69,3,134,86,0,86,220
10/01/2004,GJT,CO,ANM,WE,Federal Contract Tower,2,50,26,0,78,0,7,57,4,68,2,57,83,4,146,84,0,84,230
10/02/2004,GJT,CO,ANM,WE,Federal Contract Tower,1,42,14,2,59,0,10,62,6,78,1,52,76,8,137,80,40,120,257
10/03/2004,GJT,CO,ANM,WE,Federal Contract Tower,0,35,13,4,52,0,10,94,4,108,0,45,107,8,160,58,0,58,218
10/04/2004,GJT,CO,ANM,WE,Federal Contract Tower,1,48,25,0,74,0,4,63,0,67,1,52,88,0,141,64,0,64,205
10/05/2004,GJT,CO,ANM,WE,Federal Contract Tower,2,51,29,2,84,0,11,68,0,79,2,62,97,2,163,60,2,62,225
10/06/2004,GJT,CO,ANM,WE,Federal Contract Tower,2,61,21,5,89,0,9,58,1,68,2,70,79,6,157,72,30,102,259
10/07/2004,GJT,CO,ANM,WE,Federal Contract Tower,2,42,16,3,63,0,4,79,2,85,2,46,95,5,148,34,26,60,208
10/08/2004,GJT,CO,ANM,WE,Federal Contract Tower,2,47,25,0,74,0,6,107,7,120,2,53,132,7,194,76,0,76,270
10/09/2004,GJT,CO,ANM,WE,Federal Contract Tower,1,39,12,4,56,0,8,94,2,104,1,47,106,6,160,54,0,54,214
10/10/2004,GJT,CO,ANM,WE,Federal Contract Tower,0,40,13,1,54,0,12,78,3,93,0,52,91,4,147,88,0,88,235
10/11/2004,GJT,CO,ANM,WE,Federal Contract Tower,1,44,20,0,65,0,4,66,0,70,1,48,86,0,135,86,0,86,221
10/12/2004,GJT,CO,ANM,WE,Federal Contract Tower,4,44,27,4,79,0,10,111,3,124,4,54,138,7,203,110,22,132,335
10/13/2004,GJT,CO,ANM,WE,Federal Contract Tower,2,54,24,1,81,0,10,46,0,56,2,64,70,1,137,80,0,80,217
10/14/2004,GJT,CO,ANM,WE,Federal Contract Tower,4,46,39,6,95,0,6,91,0,97,4,52,130,6,192,90,2,92,284
10/15/2004,GJT,CO,ANM,WE,Federal Contract Tower,2,48,23,6,79,0,8,73,0,81,2,56,96,6,160,58,0,58,218
10/16/2004,GJT,CO,ANM,WE,Federal Contract Tower,1,41,13,3,58,0,11,94,5,110,1,52,107,8,168,56,18,74,242
10/17/2004,GJT,CO,ANM,WE,Federal Contract Tower,2,36,16,2,56,0,0,49,0,49,2,36,65,2,105,38,0,38,143
10/18/2004,GJT,CO,ANM,WE,Federal Contract Tower,1,38,28,0,67,0,0,33,0,33,1,38,61,0,100,56,0,56,156
10/19/2004,GJT,CO,ANM,WE,Federal Contract Tower,2,47,25,4,78,0,4,33,1,38,2,51,58,5,116,42,4,46,162
10/20/2004,GJT,CO,ANM,WE,Federal Contract Tower,2,61,26,4,93,0,10,30,0,40,2,71,56,4,133,28,4,32,165
10/21/2004,GJT,CO,ANM,WE,Federal Contract Tower,4,48,27,0,79,0,5,30,0,35,4,53,57,0,114,6,0,6,120
10/22/2004,GJT,CO,ANM,WE,Federal Contract Tower,2,46,35,5,88,0,2,22,0,24,2,48,57,5,112,2,0,2,114
10/23/2004,GJT,CO,ANM,WE,Federal Contract Tower,1,37,15,6,59,0,4,47,2,53,1,41,62,8,112,50,6,56,168
10/24/2004,GJT,CO,ANM,WE,Federal Contract Tower,0,44,23,2,69,0,0,23,0,23,0,44,46,2,92,58,16,74,166
10/25/2004,GJT,CO,ANM,WE,Federal Contract Tower,1,38,27,7,73,0,6,46,0,52,1,44,73,7,125,86,0,86,211
10/26/2004,GJT,CO,ANM,WE,Federal Contract Tower,2,56,35,0,93,0,5,88,5,98,2,61,123,5,191,70,0,70,261
10/27/2004,GJT,CO,ANM,WE,Federal Contract Tower,2,60,23,0,85,0,11,42,0,53,2,71,65,0,138,48,0,48,186
10/28/2004,GJT,CO,ANM,WE,Federal Contract Tower,2,52,21,0,75,0,2,11,0,13,2,54,32,0,88,8,0,8,96
10/29/2004,GJT,CO,ANM,WE,Federal Contract Tower,2,57,22,4,85,0,4,56,0,60,2,61,78,4,145,108,20,128,273
10/30/2004,GJT,CO,ANM,WE,Federal Contract Tower,1,43,22,2,68,0,6,52,0,58,1,49,74,2,126,98,0,98,224
10/31/2004,GJT,CO,ANM,WE,Federal Contract Tower,0,45,23,2,70,0,0,6,0,6,0,45,29,2,76,0,0,0,76
11/01/2004,GJT,CO,ANM,WE,Federal Contract Tower,1,44,33,10,88,0,6,51,0,57,1,50,84,10,145,50,10,60,205
11/02/2004,GJT,CO,ANM,WE,Federal Contract Tower,2,49,22,5,78,0,4,79,5,88,2,53,101,10,166,72,12,84,250
11/03/2004,GJT,CO,ANM,WE,Federal Contract Tower,2,50,14,8,74,0,8,84,6,98,2,58,98,14,172,90,28,118,290
11/04/2004,GJT,CO,ANM,WE,Federal Contract Tower,2,47,18,8,75,0,7,90,0,97,2,54,108,8,172,108,14,122,294
11/05/2004,GJT,CO,ANM,WE,Federal Contract Tower,2,45,19,8,74,0,4,71,4,79,2,49,90,12,153,114,24,138,291
11/06/2004,GJT,CO,ANM,WE,Federal Contract Tower,1,34,17,2,54,0,10,96,2,108,1,44,113,4,162,86,0,86,248
11/07/2004,GJT,CO,ANM,WE,Federal Contract Tower,0,39,9,2,50,0,6,74,1,81,0,45,83,3,131,82,0,82,213
11/08/2004,GJT,CO,ANM,WE,Federal Contract Tower,1,41,28,3,73,0,5,65,3,73,1,46,93,6,146,70,26,96,242
11/09/2004,GJT,CO,ANM,WE,Federal Contract Tower,3,56,43,3,105,0,7,31,2,40,3,63,74,5,145,54,0,54,199
11/10/2004,GJT,CO,ANM,WE,Federal Contract Tower,2,57,28,0,87,0,9,58,0,67,2,66,86,0,154,102,0,102,256
11/11/2004,GJT,CO,ANM,WE,Federal Contract Tower,2,50,38,2,92,0,10,58,0,68,2,60,96,2,160,110,0,110,270
11/12/2004,GJT,CO,ANM,WE,Federal Contract Tower,3,47,26,2,78,0,7,60,0,67,3,54,86,2,145,74,0,74,219
11/13/2004,GJT,CO,ANM,WE,Federal Contract Tower,2,41,7,0,50,0,4,48,3,55,2,45,55,3,105,64,2,66,171
11/14/2004,GJT,CO,ANM,WE,Federal Contract Tower,0,35,9,6,50,0,2,17,2,21,0,37,26,8,71,22,0,22,93
11/15/2004,GJT,CO,ANM,WE,Federal Contract Tower,1,45,32,2,80,0,3,83,1,87,1,48,115,3,167,92,4,96,263
11/16/2004,GJT,CO,ANM,WE,Federal Contract Tower,1,53,26,4,84,0,7,88,2,97,1,60,114,6,181,72,2,74,255
11/17/2004,GJT,CO,ANM,WE,Federal Contract Tower,2,52,27,4,85,0,10,81,1,92,2,62,108,5,177,86,30,116,293
11/18/2004,GJT,CO,ANM,WE,Federal Contract Tower,4,53,24,9,90,0,5,93,1,99,4,58,117,10,189,78,32,110,299
11/19/2004,GJT,CO,ANM,WE,Federal Contract Tower,3,49,34,2,88,0,6,68,2,76,3,55,102,4,164,66,4,70,234
11/20/2004,GJT,CO,ANM,WE,Federal Contract Tower,1,39,7,0,47,0,0,6,0,6,1,39,13,0,53,6,0,6,59
11/21/2004,GJT,CO,ANM,WE,Federal Contract Tower,0,43,17,2,62,0,0,2,0,2,0,43,19,2,64,0,0,0,64
11/22/2004,GJT,CO,ANM,WE,Federal Contract Tower,3,38,19,2,62,0,4,49,1,54,3,42,68,3,116,36,46,82,198
11/23/2004,GJT,CO,ANM,WE,Federal Contract Tower,2,50,17,2,71,0,10,65,0,75,2,60,82,2,146,64,0,64,210
11/24/2004,GJT,CO,ANM,WE,Federal Contract Tower,2,47,14,0,63,0,11,48,0,59,2,58,62,0,122,44,0,44,166
11/25/2004,GJT,CO,ANM,WE,Federal Contract Tower,0,31,6,1,38,0,2,28,0,30,0,33,34,1,68,22,0,22,90
11/26/2004,GJT,CO,ANM,WE,Federal Contract Tower,2,43,12,1,58,0,10,28,0,38,2,53,40,1,96,12,0,12,108
11/27/2004,GJT,CO,ANM,WE,Federal Contract Tower,1,65,20,2,88,0,0,15,1,16,1,65,35,3,104,24,0,24,128
11/28/2004,GJT,CO,ANM,WE,Federal Contract Tower,0,45,40,0,85,0,0,3,0,3,0,45,43,0,88,0,0,0,88
11/29/2004,GJT,CO,ANM,WE,Federal Contract Tower,1,55,21,1,78,0,5,39,2,46,1,60,60,3,124,28,4,32,156
11/30/2004,GJT,CO,ANM,WE,Federal Contract Tower,4,48,19,2,73,0,8,74,0,82,4,56,93,2,155,72,0,72,227
12/01/2004,GJT,CO,ANM,WE,Federal Contract Tower,4,50,21,2,77,0,10,54,0,64,4,60,75,2,141,58,2,60,201
12/02/2004,GJT,CO,ANM,WE,Federal Contract Tower,4,48,13,1,66,0,4,48,0,52,4,52,61,1,118,62,0,62,180
12/03/2004,GJT,CO,ANM,WE,Federal Contract Tower,4,45,17,5,71,0,6,74,3,83,4,51,91,8,154,60,22,82,236
12/04/2004,GJT,CO,ANM,WE,Federal Contract Tower,1,36,10,1,48,1,4,74,7,86,2,40,84,8,134,64,6,70,204
12/05/2004,GJT,CO,ANM,WE,Federal Contract Tower,1,57,9,2,69,0,0,9,4,13,1,57,18,6,82,12,0,12,94
12/06/2004,GJT,CO,ANM,WE,Federal Contract Tower,1,45,25,4,75,0,8,25,2,35,1,53,50,6,110,32,4,36,146
12/07/2004,GJT,CO,ANM,WE,Federal Contract Tower,4,57,25,6,92,0,6,32,0,38,4,63,57,6,130,30,32,62,192
12/08/2004,GJT,CO,ANM,WE,Federal Contract Tower,4,54,24,2,84,0,12,22,0,34,4,66,46,2,118,12,20,32,150
12/09/2004,GJT,CO,ANM,WE,Federal Contract Tower,4,54,34,2,94,0,5,29,2,36,4,59,63,4,130,32,0,32,162
12/10/2004,GJT,CO,ANM,WE,Federal Contract Tower,4,46,19,5,74,0,8,63,8,79,4,54,82,13,153,52,20,72,225
12/11/2004,GJT,CO,ANM,WE,Federal Contract Tower,2,38,11,5,56,0,9,81,3,93,2,47,92,8,149,112,22,134,283
12/12/2004,GJT,CO,ANM,WE,Federal Contract Tower,2,38,13,8,61,0,6,56,2,64,2,44,69,10,125,70,2,72,197
12/13/2004,GJT,CO,ANM,WE,Federal Contract Tower,1,39,14,4,58,0,2,85,1,88,1,41,99,5,146,66,4,70,216
12/14/2004,GJT,CO,ANM,WE,Federal Contract Tower,4,55,26,1,86,0,9,68,0,77,4,64,94,1,163,64,0,64,227
12/15/2004,GJT,CO,ANM,WE,Federal Contract Tower,5,47,28,3,83,0,11,32,1,44,5,58,60,4,127,36,0,36,163
12/16/2004,GJT,CO,ANM,WE,Federal Contract Tower,5,43,12,1,61,0,5,48,1,54,5,48,60,2,115,42,2,44,159
12/17/2004,GJT,CO,ANM,WE,Federal Contract Tower,4,48,22,9,83,0,3,83,9,95,4,51,105,18,178,30,8,38,216
12/18/2004,GJT,CO,ANM,WE,Federal Contract Tower,13,69,14,0,96,0,7,87,5,99,13,76,101,5,195,78,2,80,275
12/19/2004,GJT,CO,ANM,WE,Federal Contract Tower,0,39,11,1,51,0,5,65,0,70,0,44,76,1,121,34,0,34,155
12/20/2004,GJT,CO,ANM,WE,Federal Contract Tower,1,42,21,4,68,0,12,80,0,92,1,54,101,4,160,66,4,70,230
12/21/2004,GJT,CO,ANM,WE,Federal Contract Tower,4,52,16,4,76,0,9,41,0,50,4,61,57,4,126,52,32,84,210
12/22/2004,GJT,CO,ANM,WE,Federal Contract Tower,4,52,24,4,84,0,12,38,0,50,4,64,62,4,134,36,20,56,190
12/23/2004,GJT,CO,ANM,WE,Federal Contract Tower,2,61,26,4,93,0,11,22,0,33,2,72,48,4,126,16,0,16,142
12/24/2004,GJT,CO,ANM,WE,Federal Contract Tower,1,47,14,0,62,0,6,53,1,60,1,53,67,1,122,42,0,42,164
12/25/2004,GJT,CO,ANM,WE,Federal Contract Tower,0,39,2,0,41,0,6,13,0,19,0,45,15,0,60,0,0,0,60
12/26/2004,GJT,CO,ANM,WE,Federal Contract Tower,1,60,34,0,95,0,0,59,0,59,1,60,93,0,154,42,0,42,196
12/27/2004,GJT,CO,ANM,WE,Federal Contract Tower,2,47,28,0,77,0,4,55,2,61,2,51,83,2,138,78,10,88,226
12/28/2004,GJT,CO,ANM,WE,Federal Contract Tower,2,48,26,0,76,0,12,42,0,54,2,60,68,0,130,80,0,80,210
12/29/2004,GJT,CO,ANM,WE,Federal Contract Tower,2,81,35,0,118,0,10,7,0,17,2,91,42,0,135,2,0,2,137
12/30/2004,GJT,CO,ANM,WE,Federal Contract Tower,3,78,37,0,118,0,12,45,0,57,3,90,82,0,175,10,0,10,185
12/31/2004,GJT,CO,ANM,WE,Federal Contract Tower,1,50,16,2,69,0,6,27,0,33,1,56,43,2,102,30,8,38,140
01/01/2005,GJT,CO,ANM,WE,Federal Contract Tower,2,101,26,0,129,0,5,40,0,45,2,106,66,0,174,26,0,26,200
01/02/2005,GJT,CO,ANM,WE,Federal Contract Tower,2,78,55,0,135,0,0,50,0,50,2,78,105,0,185,42,0,42,227
01/03/2005,GJT,CO,ANM,WE,Federal Contract Tower,1,88,51,2,142,0,7,34,0,41,1,95,85,2,183,14,0,14,197
01/04/2005,GJT,CO,ANM,WE,Federal Contract Tower,14,84,19,0,117,0,8,25,0,33,14,92,44,0,150,18,0,18,168
01/05/2005,GJT,CO,ANM,WE,Federal Contract Tower,3,58,22,0,83,0,10,14,0,24,3,68,36,0,107,8,0,8,115
01/06/2005,GJT,CO,ANM,WE,Federal Contract Tower,3,46,23,2,74,0,0,9,10,19,3,46,32,12,93,8,10,18,111
01/07/2005,GJT,CO,ANM,WE,Federal Contract Tower,4,50,23,2,79,0,5,42,0,47,4,55,65,2,126,64,10,74,200
01/08/2005,GJT,CO,ANM,WE,Federal Contract Tower,8,53,18,0,79,0,6,23,1,30,8,59,41,1,109,32,0,32,141
01/09/2005,GJT,CO,ANM,WE,Federal Contract Tower,1,43,9,0,53,0,0,19,2,21,1,43,28,2,74,42,0,42,116
01/10/2005,GJT,CO,ANM,WE,Federal Contract Tower,1,55,21,2,79,0,9,20,0,29,1,64,41,2,108,24,2,26,134
01/11/2005,GJT,CO,ANM,WE,Federal Contract Tower,15,66,28,6,115,0,9,7,0,16,15,75,35,6,131,10,20,30,161
01/12/2005,GJT,CO,ANM,WE,Federal Contract Tower,6,47,31,0,84,0,11,29,0,40,6,58,60,0,124,68,0,68,192
01/13/2005,GJT,CO,ANM,WE,Federal Contract Tower,2,37,13,2,54,0,8,89,4,101,2,45,102,6,155,112,0,112,267
01/14/2005,GJT,CO,ANM,WE,Federal Contract Tower,2,42,21,4,69,0,7,80,2,89,2,49,101,6,158,100,0,100,258
01/15/2005,GJT,CO,ANM,WE,Federal Contract Tower,1,29,12,3,45,0,4,70,3,77,1,33,82,6,122,76,14,90,212
01/16/2005,GJT,CO,ANM,WE,Federal Contract Tower,0,35,15,0,50,0,6,52,0,58,0,41,67,0,108,72,0,72,180
01/17/2005,GJT,CO,ANM,WE,Federal Contract Tower,1,45,31,5,82,0,4,92,1,97,1,49,123,6,179,116,6,122,301
01/18/2005,GJT,CO,ANM,WE,Federal Contract Tower,2,55,11,6,74,0,9,50,2,61,2,64,61,8,135,54,58,112,247
01/19/2005,GJT,CO,ANM,WE,Federal Contract Tower,2,46,15,0,63,0,10,67,0,77,2,56,82,0,140,80,0,80,220
01/20/2005,GJT,CO,ANM,WE,Federal Contract Tower,12,57,15,4,88,0,12,75,0,87,12,69,90,4,175,50,22,72,247
01/21/2005,GJT,CO,ANM,WE,Federal Contract Tower,2,41,21,2,66,0,9,85,1,95,2,50,106,3,161,66,0,66,227
01/22/2005,GJT,CO,ANM,WE,Federal Contract Tower,1,31,13,0,45,0,4,67,2,73,1,35,80,2,118,42,12,54,172
01/23/2005,GJT,CO,ANM,WE,Federal Contract Tower,0,36,3,6,45,0,6,86,0,92,0,42,89,6,137,66,0,66,203
01/24/2005,GJT,CO,ANM,WE,Federal Contract Tower,1,41,19,1,62,0,3,83,1,87,1,44,102,2,149,86,6,92,241
01/25/2005,GJT,CO,ANM,WE,Federal Contract Tower,2,49,28,12,91,0,9,68,0,77,2,58,96,12,168,42,40,82,250
01/26/2005,GJT,CO,ANM,WE,Federal Contract Tower,2,49,21,10,82,0,11,35,0,46,2,60,56,10,128,40,56,96,224
01/27/2005,GJT,CO,ANM,WE,Federal Contract Tower,3,50,18,4,75,0,4,23,0,27,3,54,41,4,102,34,0,34,136
01/28/2005,GJT,CO,ANM,WE,Federal Contract Tower,2,54,35,2,93,0,4,26,2,32,2,58,61,4,125,58,8,66,191
01/29/2005,GJT,CO,ANM,WE,Federal Contract Tower,1,34,10,3,48,0,5,48,0,53,1,39,58,3,101,48,0,48,149
01/30/2005,GJT,CO,ANM,WE,Federal Contract Tower,0,37,21,2,60,0,5,45,0,50,0,42,66,2,110,22,32,54,164
01/31/2005,GJT,CO,ANM,WE,Federal Contract Tower,3,45,23,3,74,0,7,67,6,80,3,52,90,9,154,82,52,134,288
02/01/2005,GJT,CO,ANM,WE,Federal Contract Tower,2,50,22,4,78,0,9,81,0,90,2,59,103,4,168,34,52,86,254
02/02/2005,GJT,CO,ANM,WE,Federal Contract Tower,2,50,21,1,74,0,22,83,1,106,2,72,104,2,180,62,8,70,250
02/03/2005,GJT,CO,ANM,WE,Federal Contract Tower,4,42,16,4,66,0,12,96,2,110,4,54,112,6,176,44,12,56,232
02/04/2005,GJT,CO,ANM,WE,Federal Contract Tower,3,44,15,7,69,0,5,89,5,99,3,49,104,12,168,82,20,102,270
02/05/2005,GJT,CO,ANM,WE,Federal Contract Tower,3,35,13,2,53,0,5,66,2,73,3,40,79,4,126,72,2,74,200
02/06/2005,GJT,CO,ANM,WE,Federal Contract Tower,2,32,19,0,53,0,3,76,0,79,2,35,95,0,132,64,0,64,196
02/07/2005,GJT,CO,ANM,WE,Federal Contract Tower,3,45,35,0,83,0,3,1,0,4,3,48,36,0,87,0,0,0,87
02/08/2005,GJT,CO,ANM,WE,Federal Contract Tower,3,47,26,0,76,0,9,48,0,57,3,56,74,0,133,52,0,52,185
02/09/2005,GJT,CO,ANM,WE,Federal Contract Tower,2,40,19,1,62,0,10,67,1,78,2,50,86,2,140,70,6,76,216
02/10/2005,GJT,CO,ANM,WE,Federal Contract Tower,2,43,24,6,75,0,7,80,2,89,2,50,104,8,164,52,6,58,222
02/11/2005,GJT,CO,ANM,WE,Federal Contract Tower,2,42,31,6,81,0,8,42,6,56,2,50,73,12,137,52,0,52,189
02/12/2005,GJT,CO,ANM,WE,Federal Contract Tower,3,55,12,6,76,0,0,9,5,14,3,55,21,11,90,0,0,0,90
02/13/2005,GJT,CO,ANM,WE,Federal Contract Tower,0,47,12,4,63,0,4,69,0,73,0,51,81,4,136,112,0,112,248
02/14/2005,GJT,CO,ANM,WE,Federal Contract Tower,1,40,35,10,86,0,6,58,0,64,1,46,93,10,150,54,0,54,204
02/15/2005,GJT,CO,ANM,WE,Federal Contract Tower,6,66,32,0,104,0,9,33,0,42,6,75,65,0,146,56,0,56,202
02/16/2005,GJT,CO,ANM,WE,Federal Contract Tower,9,73,53,0,135,0,7,7,0,14,9,80,60,0,149,12,0,12,161
02/17/2005,GJT,CO,ANM,WE,Federal Contract Tower,5,46,31,9,91,0,11,64,1,76,5,57,95,10,167,58,34,92,259
02/18/2005,GJT,CO,ANM,WE,Federal Contract Tower,2,53,46,5,106,0,10,46,1,57,2,63,92,6,163,26,14,40,203
02/19/2005,GJT,CO,ANM,WE,Federal Contract Tower,3,63,34,1,101,0,5,36,0,41,3,68,70,1,142,38,0,38,180
02/20/2005,GJT,CO,ANM,WE,Federal Contract Tower,2,66,28,0,96,0,3,20,0,23,2,69,48,0,119,14,0,14,133
02/21/2005,GJT,CO,ANM,WE,Federal Contract Tower,1,84,46,2,133,0,9,52,0,61,1,93,98,2,194,110,2,112,306
02/22/2005,GJT,CO,ANM,WE,Federal Contract Tower,2,56,32,2,92,0,8,22,0,30,2,64,54,2,122,16,0,16,138
02/23/2005,GJT,CO,ANM,WE,Federal Contract Tower,2,50,24,2,78,0,10,22,2,34,2,60,46,4,112,42,10,52,164
02/24/2005,GJT,CO,ANM,WE,Federal Contract Tower,2,47,21,7,77,0,5,73,2,80,2,52,94,9,157,76,14,90,247
02/25/2005,GJT,CO,ANM,WE,Federal Contract Tower,2,42,26,5,75,0,6,93,0,99,2,48,119,5,174,88,12,100,274
02/26/2005,GJT,CO,ANM,WE,Federal Contract Tower,1,76,29,2,108,0,4,61,0,65,1,80,90,2,173,80,26,106,279
02/27/2005,GJT,CO,ANM,WE,Federal Contract Tower,2,39,19,1,61,0,2,78,0,80,2,41,97,1,141,92,18,110,251
02/28/2005,GJT,CO,ANM,WE,Federal Contract Tower,1,44,16,0,61,0,3,87,3,93,1,47,103,3,154,90,0,90,244
03/01/2005,GJT,CO,ANM,WE,Federal Contract Tower,2,44,35,0,81,0,6,31,0,37,2,50,66,0,118,64,0,64,182
03/02/2005,GJT,CO,ANM,WE,Federal Contract Tower,5,48,29,7,89,0,10,69,0,79,5,58,98,7,168,100,36,136,304
03/03/2005,GJT,CO,ANM,WE,Federal Contract Tower,3,44,23,4,74,0,12,72,4,88,3,56,95,8,162,92,8,100,262
03/04/2005,GJT,CO,ANM,WE,Federal Contract Tower,2,44,28,8,82,0,14,96,2,112,2,58,124,10,194,56,0,56,250
03/05/2005,GJT,CO,ANM,WE,Federal Contract Tower,1,35,5,2,43,0,6,74,4,84,1,41,79,6,127,80,2,82,209
03/06/2005,GJT,CO,ANM,WE,Federal Contract Tower,0,37,17,7,61,0,5,96,2,103,0,42,113,9,164,76,20,96,260
03/07/2005,GJT,CO,ANM,WE,Federal Contract Tower,1,38,15,3,57,0,4,98,1,103,1,42,113,4,160,120,30,150,310
03/08/2005,GJT,CO,ANM,WE,Federal Contract Tower,2,55,15,0,72,0,8,78,0,86,2,63,93,0,158,74,0,74,232
03/09/2005,GJT,CO,ANM,WE,Federal Contract Tower,2,49,22,0,73,0,9,74,0,83,2,58,96,0,156,96,0,96,252
03/10/2005,GJT,CO,ANM,WE,Federal Contract Tower,2,40,15,8,65,0,6,77,0,83,2,46,92,8,148,82,66,148,296
03/11/2005,GJT,CO,ANM,WE,Federal Contract Tower,2,49,23,1,75,0,5,105,6,116,2,54,128,7,191,102,6,108,299
03/12/2005,GJT,CO,ANM,WE,Federal Contract Tower,1,44,9,5,59,0,14,70,7,91,1,58,79,12,150,62,18,80,230
03/13/2005,GJT,CO,ANM,WE,Federal Contract Tower,0,39,16,1,56,0,7,50,0,57,0,46,66,1,113,18,0,18,131
03/14/2005,GJT,CO,ANM,WE,Federal Contract Tower,1,47,38,4,90,0,2,43,0,45,1,49,81,4,135,78,30,108,243
03/15/2005,GJT,CO,ANM,WE,Federal Contract Tower,2,42,27,7,78,0,9,76,0,85,2,51,103,7,163,78,34,112,275
03/16/2005,GJT,CO,ANM,WE,Federal Contract Tower,2,40,32,1,75,0,10,69,0,79,2,50,101,1,154,84,0,84,238
03/17/2005,GJT,CO,ANM,WE,Federal Contract Tower,6,48,29,8,91,0,9,51,0,60,6,57,80,8,151,46,50,96,247
03/18/2005,GJT,CO,ANM,WE,Federal Contract Tower,3,49,37,8,97,0,9,72,3,84,3,58,109,11,181,40,8,48,229
03/19/2005,GJT,CO,ANM,WE,Federal Contract Tower,1,45,19,7,72,0,7,42,0,49,1,52,61,7,121,58,2,60,181
03/20/2005,GJT,CO,ANM,WE,Federal Contract Tower,2,47,26,5,80,0,1,20,0,21,2,48,46,5,101,6,18,24,125
03/21/2005,GJT,CO,ANM,WE,Federal Contract Tower,2,42,30,14,88,0,11,34,0,45,2,53,64,14,133,42,64,106,239
03/22/2005,GJT,CO,ANM,WE,Federal Contract Tower,2,48,33,13,96,0,11,81,1,93,2,59,114,14,189,122,38,160,349
03/23/2005,GJT,CO,ANM,WE,Federal Contract Tower,6,53,25,0,84,0,10,35,0,45,6,63,60,0,129,8,0,8,137
03/24/2005,GJT,CO,ANM,WE,Federal Contract Tower,2,64,38,8,112,0,7,37,0,44,2,71,75,8,156,12,0,12,168
03/25/2005,GJT,CO,ANM,WE,Federal Contract Tower,4,60,29,8,101,0,4,5,2,11,4,64,34,10,112,24,0,24,136
03/26/2005,GJT,CO,ANM,WE,Federal Contract Tower,2,53,25,2,82,0,2,54,0,56,2,55,79,2,138,52,2,54,192
03/27/2005,GJT,CO,ANM,WE,Federal Contract Tower,1,39,15,2,57,0,8,89,0,97,1,47,104,2,154,112,0,112,266
03/28/2005,GJT,CO,ANM,WE,Federal Contract Tower,3,43,26,2,74,0,8,72,0,80,3,51,98,2,154,86,0,86,240
03/29/2005,GJT,CO,ANM,WE,Federal Contract Tower,2,64,35,2,103,0,8,27,0,35,2,72,62,2,138,30,0,30,168
03/30/2005,GJT,CO,ANM,WE,Federal Contract Tower,5,75,20,4,104,0,5,20,0,25,5,80,40,4,129,14,6,20,149
03/31/2005,GJT,CO,ANM,WE,Federal Contract Tower,2,45,18,18,83,0,13,57,7,77,2,58,75,25,160,68,34,102,262
04/01/2005,GJT,CO,ANM,WE,Federal Contract Tower,2,42,25,7,76,0,10,117,6,133,2,52,142,13,209,92,18,110,319
04/02/2005,GJT,CO,ANM,WE,Federal Contract Tower,3,41,17,7,68,0,4,75,8,87,3,45,92,15,155,46,24,70,225
04/03/2005,GJT,CO,ANM,WE,Federal Contract Tower,0,39,13,5,57,0,3,49,6,58,0,42,62,11,115,82,0,82,197
04/04/2005,GJT,CO,ANM,WE,Federal Contract Tower,1,43,15,2,61,0,8,32,0,40,1,51,47,2,101,38,0,38,139
04/05/2005,GJT,CO,ANM,WE,Federal Contract Tower,4,44,20,0,68,0,8,66,0,74,4,52,86,0,142,90,0,90,232
04/06/2005,GJT,CO,ANM,WE,Federal Contract Tower,4,51,22,7,84,0,9,98,0,107,4,60,120,7,191,114,8,122,313
04/07/2005,GJT,CO,ANM,WE,Federal Contract Tower,4,49,24,5,82,0,8,59,5,72,4,57,83,10,154,100,6,106,260
04/08/2005,GJT,CO,ANM,WE,Federal Contract Tower,4,45,27,3,79,0,6,13,3,22,4,51,40,6,101,2,4,6,107
04/09/2005,GJT,CO,ANM,WE,Federal Contract Tower,1,37,11,0,49,0,3,21,0,24,1,40,32,0,73,16,0,16,89
04/10/2005,GJT,CO,ANM,WE,Federal Contract Tower,8,29,16,1,54,0,6,22,0,28,8,35,38,1,82,8,0,8,90
04/11/2005,GJT,CO,ANM,WE,Federal Contract Tower,2,47,17,4,70,0,9,86,0,95,2,56,103,4,165,110,4,114,279
04/12/2005,GJT,CO,ANM,WE,Federal Contract Tower,4,50,23,3,80,0,10,116,0,126,4,60,139,3,206,104,28,132,338
04/13/2005,GJT,CO,ANM,WE,Federal Contract Tower,4,45,20,7,76,0,8,62,0,70,4,53,82,7,146,64,0,64,210
04/14/2005,GJT,CO,ANM,WE,Federal Contract Tower,4,46,34,6,90,0,7,72,2,81,4,53,106,8,171,126,0,126,297
04/15/2005,GJT,CO,ANM,WE,Federal Contract Tower,4,48,19,0,71,0,6,67,0,73,4,54,86,0,144,92,0,92,236
04/16/2005,GJT,CO,ANM,WE,Federal Contract Tower,1,39,2,6,48,0,5,95,6,106,1,44,97,12,154,56,56,112,266
04/17/2005,GJT,CO,ANM,WE,Federal Contract Tower,0,44,13,5,62,0,0,75,0,75,0,44,88,5,137,82,10,92,229
04/18/2005,GJT,CO,ANM,WE,Federal Contract Tower,1,42,24,1,68,0,0,76,7,83,1,42,100,8,151,42,12,54,205
04/19/2005,GJT,CO,ANM,WE,Federal Contract Tower,3,51,16,0,70,0,8,58,2,68,3,59,74,2,138,50,2,52,190
04/20/2005,GJT,CO,ANM,WE,Federal Contract Tower,9,43,32,0,84,0,10,42,0,52,9,53,74,0,136,82,0,82,218
04/21/2005,GJT,CO,ANM,WE,Federal Contract Tower,4,44,19,2,69,0,8,87,0,95,4,52,106,2,164,98,10,108,272
04/22/2005,GJT,CO,ANM,WE,Federal Contract Tower,4,52,14,6,76,0,11,109,1,121,4,63,123,7,197,72,2,74,271
04/23/2005,GJT,CO,ANM,WE,Federal Contract Tower,1,38,10,4,53,0,2,73,2,77,1,40,83,6,130,58,0,58,188
04/24/2005,GJT,CO,ANM,WE,Federal Contract Tower,0,42,8,0,50,0,0,19,0,19,0,42,27,0,69,18,0,18,87
04/25/2005,GJT,CO,ANM,WE,Federal Contract Tower,1,48,18,7,74,0,3,35,4,42,1,51,53,11,116,66,18,84,200
04/26/2005,GJT,CO,ANM,WE,Federal Contract Tower,4,51,25,2,82,0,9,95,0,104,4,60,120,2,186,78,0,78,264
04/27/2005,GJT,CO,ANM,WE,Federal Contract Tower,6,45,32,1,84,0,13,48,2,63,6,58,80,3,147,44,0,44,191
04/28/2005,GJT,CO,ANM,WE,Federal Contract Tower,8,44,24,7,83,0,5,52,6,63,8,49,76,13,146,22,8,30,176
04/29/2005,GJT,CO,ANM,WE,Federal Contract Tower,4,61,19,6,90,0,5,41,3,49,4,66,60,9,139,28,6,34,173
04/30/2005,GJT,CO,ANM,WE,Federal Contract Tower,1,47,9,3,60,0,5,54,5,64,1,52,63,8,124,34,0,34,158
05/01/2005,GJT,CO,ANM,WE,Federal Contract Tower,2,39,17,9,67,0,3,47,8,58,2,42,64,17,125,22,2,24,149
05/02/2005,GJT,CO,ANM,WE,Federal Contract Tower,3,43,38,10,94,0,7,58,0,65,3,50,96,10,159,110,38,148,307
05/03/2005,GJT,CO,ANM,WE,Federal Contract Tower,4,54,34,10,102,0,7,61,0,68,4,61,95,10,170,70,6,76,246
05/04/2005,GJT,CO,ANM,WE,Federal Contract Tower,4,53,24,0,81,0,7,90,0,97,4,60,114,0,178,108,0,108,286
05/05/2005,GJT,CO,ANM,WE,Federal Contract Tower,4,51,16,8,79,0,9,72,9,90,4,60,88,17,169,82,0,82,251
05/06/2005,GJT,CO,ANM,WE,Federal Contract Tower,4,56,15,2,77,0,2,52,0,54,4,58,67,2,131,70,0,70,201
05/07/2005,GJT,CO,ANM,WE,Federal Contract Tower,1,40,9,6,56,0,2,38,0,40,1,42,47,6,96,58,0,58,154
05/08/2005,GJT,CO,ANM,WE,Federal Contract Tower,0,36,10,18,64,0,14,49,10,73,0,50,59,28,137,0,0,0,137
05/09/2005,GJT,CO,ANM,WE,Federal Contract Tower,1,42,22,4,69,0,5,72,4,81,1,47,94,8,150,52,0,52,202
05/10/2005,GJT,CO,ANM,WE,Federal Contract Tower,4,47,16,2,69,0,12,44,0,56,4,59,60,2,125,32,0,32,157
05/11/2005,GJT,CO,ANM,WE,Federal Contract Tower,4,46,8,4,62,0,8,39,0,47,4,54,47,4,109,80,50,130,239
05/12/2005,GJT,CO,ANM,WE,Federal Contract Tower,4,44,16,2,66,0,9,42,0,51,4,53,58,2,117,60,0,60,177
05/13/2005,GJT,CO,ANM,WE,Federal Contract Tower,4,48,25,8,85,0,10,93,2,105,4,58,118,10,190,110,2,112,302
05/14/2005,GJT,CO,ANM,WE,Federal Contract Tower,1,38,11,1,51,0,8,76,2,86,1,46,87,3,137,90,8,98,235
05/15/2005,GJT,CO,ANM,WE,Federal Contract Tower,0,36,8,0,44,0,2,83,0,85,0,38,91,0,129,102,0,102,231
05/16/2005,GJT,CO,ANM,WE,Federal Contract Tower,3,44,25,5,77,0,5,75,1,81,3,49,100,6,158,52,4,56,214
05/17/2005,GJT,CO,ANM,WE,Federal Contract Tower,6,50,17,0,73,0,10,54,0,64,6,60,71,0,137,20,0,20,157
05/18/2005,GJT,CO,ANM,WE,Federal Contract Tower,8,45,20,3,76,0,11,88,0,99,8,56,108,3,175,70,0,70,245
05/19/2005,GJT,CO,ANM,WE,Federal Contract Tower,4,52,18,5,79,0,6,94,9,109,4,58,112,14,188,92,12,104,292
05/20/2005,GJT,CO,ANM,WE,Federal Contract Tower,4,51,21,11,87,2,8,83,5,98,6,59,104,16,185,64,8,72,257
05/21/2005,GJT,CO,ANM,WE,Federal Contract Tower,5,42,9,2,58,0,4,61,0,65,5,46,70,2,123,20,0,20,143
05/22/2005,GJT,CO,ANM,WE,Federal Contract Tower,0,38,13,7,58,0,4,74,1,79,0,42,87,8,137,52,22,74,211
05/23/2005,GJT,CO,ANM,WE,Federal Contract Tower,1,46,14,3,64,0,7,88,1,96,1,53,102,4,160,72,30,102,262
05/24/2005,GJT,CO,ANM,WE,Federal Contract Tower,4,55,18,4,81,0,10,69,2,81,4,65,87,6,162,46,0,46,208
05/25/2005,GJT,CO,ANM,WE,Federal Contract Tower,5,51,28,10,94,0,10,94,0,104,5,61,122,10,198,102,20,122,320
05/26/2005,GJT,CO,ANM,WE,Federal Contract Tower,4,41,12,18,75,0,7,66,0,73,4,48,78,18,148,52,24,76,224
05/27/2005,GJT,CO,ANM,WE,Federal Contract Tower,6,45,31,4,86,1,11,92,1,105,7,56,123,5,191,74,0,74,265
05/28/2005,GJT,CO,ANM,WE,Federal Contract Tower,1,38,9,3,51,0,2,86,0,88,1,40,95,3,139,60,0,60,199
05/29/2005,GJT,CO,ANM,WE,Federal Contract Tower,0,39,5,0,44,0,0,56,0,56,0,39,61,0,100,42,0,42,142
05/30/2005,GJT,CO,ANM,WE,Federal Contract Tower,6,46,8,2,62,0,4,48,0,52,6,50,56,2,114,18,8,26,140
05/31/2005,GJT,CO,ANM,WE,Federal Contract Tower,1,50,28,2,81,0,8,80,0,88,1,58,108,2,169,30,0,30,199
06/01/2005,GJT,CO,ANM,WE,Federal Contract Tower,4,44,15,4,67,0,10,61,0,71,4,54,76,4,138,56,46,102,240
06/02/2005,GJT,CO,ANM,WE,Federal Contract Tower,4,46,22,2,74,0,10,50,2,62,4,56,72,4,136,38,10,48,184
06/03/2005,GJT,CO,ANM,WE,Federal Contract Tower,14,60,19,2,95,0,3,29,0,32,14,63,48,2,127,14,0,14,141
06/04/2005,GJT,CO,ANM,WE,Federal Contract Tower,2,44,20,4,70,0,5,40,3,48,2,49,60,7,118,84,4,88,206
06/05/2005,GJT,CO,ANM,WE,Federal Contract Tower,2,36,14,12,64,0,1,80,1,82,2,37,94,13,146,46,4,50,196
06/06/2005,GJT,CO,ANM,WE,Federal Contract Tower,1,45,17,3,66,0,9,79,0,88,1,54,96,3,154,58,2,60,214
06/07/2005,GJT,CO,ANM,WE,Federal Contract Tower,6,49,31,6,92,0,0,56,0,56,6,49,87,6,148,18,4,22,170
06/08/2005,GJT,CO,ANM,WE,Federal Contract Tower,5,56,21,7,89,0,15,89,0,104,5,71,110,7,193,120,0,120,313
06/09/2005,GJT,CO,ANM,WE,Federal Contract Tower,4,48,17,3,72,0,7,78,0,85,4,55,95,3,157,60,30,90,247
06/10/2005,GJT,CO,ANM,WE,Federal Contract Tower,6,74,24,6,110,0,9,40,0,49,6,83,64,6,159,26,2,28,187
06/11/2005,GJT,CO,ANM,WE,Federal Contract Tower,1,46,15,3,65,0,7,52,5,64,1,53,67,8,129,48,14,62,191
06/12/2005,GJT,CO,ANM,WE,Federal Contract Tower,0,52,20,3,75,0,5,27,0,32,0,57,47,3,107,26,0,26,133
06/13/2005,GJT,CO,ANM,WE,Federal Contract Tower,1,48,16,4,69,0,7,87,0,94,1,55,103,4,163,52,0,52,215
06/14/2005,GJT,CO,ANM,WE,Federal Contract Tower,4,53,10,2,69,0,8,83,0,91,4,61,93,2,160,104,14,118,278
06/15/2005,GJT,CO,ANM,WE,Federal Contract Tower,4,55,17,4,80,0,12,53,0,65,4,67,70,4,145,68,26,94,239
06/16/2005,GJT,CO,ANM,WE,Federal Contract Tower,6,50,22,2,80,0,12,80,0,92,6,62,102,2,172,10,0,10,182
06/17/2005,GJT,CO,ANM,WE,Federal Contract Tower,4,47,39,2,92,0,4,69,4,77,4,51,108,6,169,48,0,48,217
06/18/2005,GJT,CO,ANM,WE,Federal Contract Tower,1,46,8,5,60,0,5,101,3,109,1,51,109,8,169,40,0,40,209
06/19/2005,GJT,CO,ANM,WE,Federal Contract Tower,4,42,12,6,64,0,0,75,2,77,4,42,87,8,141,34,0,34,175
06/20/2005,GJT,CO,ANM,WE,Federal Contract Tower,1,45,18,3,67,0,5,71,0,76,1,50,89,3,143,54,28,82,225
06/21/2005,GJT,CO,ANM,WE,Federal Contract Tower,5,61,16,4,86,0,9,119,0,128,5,70,135,4,214,78,12,90,304
06/22/2005,GJT,CO,ANM,WE,Federal Contract Tower,4,55,11,7,77,0,10,111,1,122,4,65,122,8,199,88,42,130,329
06/23/2005,GJT,CO,ANM,WE,Federal Contract Tower,6,59,23,2,90,0,11,81,0,92,6,70,104,2,182,100,0,100,282
06/24/2005,GJT,CO,ANM,WE,Federal Contract Tower,4,53,28,8,93,0,10,90,0,100,4,63,118,8,193,60,6,66,259
06/25/2005,GJT,CO,ANM,WE,Federal Contract Tower,1,46,21,0,68,0,6,75,1,82,1,52,96,1,150,52,0,52,202
06/26/2005,GJT,CO,ANM,WE,Federal Contract Tower,0,38,7,4,49,0,6,77,0,83,0,44,84,4,132,14,0,14,146
06/27/2005,GJT,CO,ANM,WE,Federal Contract Tower,1,42,18,2,63,0,11,77,0,88,1,53,95,2,151,30,14,44,195
06/28/2005,GJT,CO,ANM,WE,Federal Contract Tower,5,53,19,3,80,0,9,61,0,70,5,62,80,3,150,66,22,88,238
06/29/2005,GJT,CO,ANM,WE,Federal Contract Tower,4,49,26,1,80,0,11,95,1,107,4,60,121,2,187,44,10,54,241
06/30/2005,GJT,CO,ANM,WE,Federal Contract Tower,4,45,34,8,91,0,11,86,0,97,4,56,120,8,188,62,16,78,266
07/01/2005,GJT,CO,ANM,WE,Federal Contract Tower,5,64,23,5,97,0,8,105,0,113,5,72,128,5,210,78,14,92,302
07/02/2005,GJT,CO,ANM,WE,Federal Contract Tower,4,47,11,2,64,0,12,98,0,110,4,59,109,2,174,50,10,60,234
07/03/2005,GJT,CO,ANM,WE,Federal Contract Tower,0,32,5,2,39,0,5,48,0,53,0,37,53,2,92,32,20,52,144
07/04/2005,GJT,CO,ANM,WE,Federal Contract Tower,0,45,9,0,54,0,4,82,0,86,0,49,91,0,140,34,0,34,174
07/05/2005,GJT,CO,ANM,WE,Federal Contract Tower,1,61,23,12,97,0,8,83,4,95,1,69,106,16,192,64,42,106,298
07/06/2005,GJT,CO,ANM,WE,Federal Contract Tower,4,48,23,5,80,0,8,99,0,107,4,56,122,5,187,60,10,70,257
07/07/2005,GJT,CO,ANM,WE,Federal Contract Tower,4,48,25,3,80,0,12,95,2,109,4,60,120,5,189,68,10,78,267
07/08/2005,GJT,CO,ANM,WE,Federal Contract Tower,4,56,12,8,80,0,7,86,3,96,4,63,98,11,176,58,12,70,246
07/09/2005,GJT,CO,ANM,WE,Federal Contract Tower,1,51,15,5,72,0,5,78,3,86,1,56,93,8,158,80,66,146,304
07/10/2005,GJT,CO,ANM,WE,Federal Contract Tower,0,49,15,7,71,0,6,92,0,98,0,55,107,7,169,86,8,94,263
07/11/2005,GJT,CO,ANM,WE,Federal Contract Tower,3,50,14,10,77,0,5,83,2,90,3,55,97,12,167,118,28,146,313
07/12/2005,GJT,CO,ANM,WE,Federal Contract Tower,4,52,22,13,91,0,8,72,1,81,4,60,94,14,172,52,32,84,256
07/13/2005,GJT,CO,ANM,WE,Federal Contract Tower,4,49,23,6,82,0,11,69,2,82,4,60,92,8,164,32,48,80,244
07/14/2005,GJT,CO,ANM,WE,Federal Contract Tower,4,56,23,4,87,0,9,63,0,72,4,65,86,4,159,86,8,94,253
07/15/2005,GJT,CO,ANM,WE,Federal Contract Tower,4,63,22,3,92,0,6,55,0,61,4,69,77,3,153,60,30,90,243
07/16/2005,GJT,CO,ANM,WE,Federal Contract Tower,5,48,13,8,74,0,11,85,3,99,5,59,98,11,173,56,6,62,235
07/17/2005,GJT,CO,ANM,WE,Federal Contract Tower,0,52,16,13,81,0,5,85,9,99,0,57,101,22,180,38,0,38,218
07/18/2005,GJT,CO,ANM,WE,Federal Contract Tower,1,46,18,1,66,0,4,112,0,116,1,50,130,1,182,84,0,84,266
07/19/2005,GJT,CO,ANM,WE,Federal Contract Tower,6,51,9,2,68,0,10,127,0,137,6,61,136,2,205,96,14,110,315
07/20/2005,GJT,CO,ANM,WE,Federal Contract Tower,3,51,18,2,74,0,14,122,2,138,3,65,140,4,212,84,14,98,310
07/21/2005,GJT,CO,ANM,WE,Federal Contract Tower,4,50,19,4,77,0,10,93,0,103,4,60,112,4,180,130,16,146,326
07/22/2005,GJT,CO,ANM,WE,Federal Contract Tower,4,47,27,1,79,0,12,77,1,90,4,59,104,2,169,104,2,106,275
07/23/2005,GJT,CO,ANM,WE,Federal Contract Tower,1,39,15,0,55,0,3,72,1,76,1,42,87,1,131,28,2,30,161
07/24/2005,GJT,CO,ANM,WE,Federal Contract Tower,0,52,18,0,70,0,0,42,0,42,0,52,60,0,112,40,0,40,152
07/25/2005,GJT,CO,ANM,WE,Federal Contract Tower,1,39,14,5,59,0,5,72,1,78,1,44,86,6,137,38,46,84,221
07/26/2005,GJT,CO,ANM,WE,Federal Contract Tower,4,54,24,5,87,0,7,76,0,83,4,61,100,5,170,104,0,104,274
07/27/2005,GJT,CO,ANM,WE,Federal Contract Tower,5,50,18,6,79,0,11,92,0,103,5,61,110,6,182,68,4,72,254
07/28/2005,GJT,CO,ANM,WE,Federal Contract Tower,4,56,20,7,87,0,10,82,0,92,4,66,102,7,179,46,12,58,237
07/29/2005,GJT,CO,ANM,WE,Federal Contract Tower,4,57,29,6,96,0,13,109,0,122,4,70,138,6,218,54,14,68,286
07/30/2005,GJT,CO,ANM,WE,Federal Contract Tower,1,44,18,0,63,0,0,42,0,42,1,44,60,0,105,62,0,62,167
07/31/2005,GJT,CO,ANM,WE,Federal Contract Tower,2,43,15,7,67,0,0,41,0,41,2,43,56,7,108,16,8,24,132
08/01/2005,GJT,CO,ANM,WE,Federal Contract Tower,1,48,11,0,60,0,12,95,2,109,1,60,106,2,169,54,0,54,223
08/02/2005,GJT,CO,ANM,WE,Federal Contract Tower,4,49,14,8,75,0,7,94,2,103,4,56,108,10,178,72,26,98,276
08/03/2005,GJT,CO,ANM,WE,Federal Contract Tower,6,48,23,1,78,0,10,87,5,102,6,58,110,6,180,20,0,20,200
08/04/2005,GJT,CO,ANM,WE,Federal Contract Tower,3,57,15,5,80,0,10,55,7,72,3,67,70,12,152,52,46,98,250
08/05/2005,GJT,CO,ANM,WE,Federal Contract Tower,4,54,24,15,97,0,5,61,4,70,4,59,85,19,167,38,10,48,215
08/06/2005,GJT,CO,ANM,WE,Federal Contract Tower,1,43,15,5,64,1,8,62,0,71,2,51,77,5,135,60,8,68,203
08/07/2005,GJT,CO,ANM,WE,Federal Contract Tower,0,48,24,7,79,0,0,62,6,68,0,48,86,13,147,18,0,18,165
08/08/2005,GJT,CO,ANM,WE,Federal Contract Tower,1,50,48,6,105,0,5,94,0,99,1,55,142,6,204,72,0,72,276
08/09/2005,GJT,CO,ANM,WE,Federal Contract Tower,4,51,26,13,94,0,9,75,0,84,4,60,101,13,178,42,40,82,260
08/10/2005,GJT,CO,ANM,WE,Federal Contract Tower,4,53,41,2,100,0,7,15,0,22,4,60,56,2,122,26,0,26,148
08/11/2005,GJT,CO,ANM,WE,Federal Contract Tower,4,40,21,3,68,0,6,39,0,45,4,46,60,3,113,50,18,68,181
08/12/2005,GJT,CO,ANM,WE,Federal Contract Tower,3,49,15,17,84,1,3,82,2,88,4,52,97,19,172,36,10,46,218
08/13/2005,GJT,CO,ANM,WE,Federal Contract Tower,2,36,10,0,48,0,2,56,3,61,2,38,66,3,109,6,4,10,119
08/14/2005,GJT,CO,ANM,WE,Federal Contract Tower,0,35,16,10,61,0,9,51,7,67,0,44,67,17,128,22,14,36,164
08/15/2005,GJT,CO,ANM,WE,Federal Contract Tower,1,54,31,14,100,0,9,102,11,122,1,63,133,25,222,106,18,124,346
08/16/2005,GJT,CO,ANM,WE,Federal Contract Tower,4,54,20,5,83,0,14,45,0,59,4,68,65,5,142,76,18,94,236
08/17/2005,GJT,CO,ANM,WE,Federal Contract Tower,4,50,21,8,83,0,15,79,4,98,4,65,100,12,181,80,40,120,301
08/18/2005,GJT,CO,ANM,WE,Federal Contract Tower,4,45,15,3,67,0,10,95,0,105,4,55,110,3,172,54,18,72,244
08/19/2005,GJT,CO,ANM,WE,Federal Contract Tower,8,51,6,8,73,0,4,96,7,107,8,55,102,15,180,46,12,58,238
08/20/2005,GJT,CO,ANM,WE,Federal Contract Tower,1,45,16,5,67,0,2,91,2,95,1,47,107,7,162,68,14,82,244
08/21/2005,GJT,CO,ANM,WE,Federal Contract Tower,0,43,13,5,61,0,5,72,4,81,0,48,85,9,142,52,12,64,206
08/22/2005,GJT,CO,ANM,WE,Federal Contract Tower,4,46,29,4,83,0,6,78,0,84,4,52,107,4,167,46,6,52,219
08/23/2005,GJT,CO,ANM,WE,Federal Contract Tower,7,53,17,0,77,0,8,89,0,97,7,61,106,0,174,48,0,48,222
08/24/2005,GJT,CO,ANM,WE,Federal Contract Tower,7,51,26,3,87,0,10,64,3,77,7,61,90,6,164,30,10,40,204
08/25/2005,GJT,CO,ANM,WE,Federal Contract Tower,4,44,22,5,75,0,12,84,1,97,4,56,106,6,172,70,10,80,252
08/26/2005,GJT,CO,ANM,WE,Federal Contract Tower,6,44,22,12,84,0,9,71,2,82,6,53,93,14,166,42,46,88,254
08/27/2005,GJT,CO,ANM,WE,Federal Contract Tower,2,45,9,0,56,0,0,58,1,59,2,45,67,1,115,54,0,54,169
08/28/2005,GJT,CO,ANM,WE,Federal Contract Tower,3,40,11,8,62,0,5,89,8,102,3,45,100,16,164,42,4,46,210
08/29/2005,GJT,CO,ANM,WE,Federal Contract Tower,4,47,16,4,71,0,4,95,0,99,4,51,111,4,170,50,0,50,220
08/30/2005,GJT,CO,ANM,WE,Federal Contract Tower,5,56,27,3,91,0,8,93,1,102,5,64,120,4,193,76,0,76,269
08/31/2005,GJT,CO,ANM,WE,Federal Contract Tower,6,51,20,2,79,0,16,156,0,172,6,67,176,2,251,70,0,70,321
09/01/2005,GJT,CO,ANM,WE,Federal Contract Tower,4,50,32,7,93,0,7,109,0,116,4,57,141,7,209,28,0,28,237
09/02/2005,GJT,CO,ANM,WE,Federal Contract Tower,8,47,24,2,81,0,5,93,1,99,8,52,117,3,180,58,4,62,242
09/03/2005,GJT,CO,ANM,WE,Federal Contract Tower,1,43,12,7,63,0,4,69,0,73,1,47,81,7,136,42,24,66,202
09/04/2005,GJT,CO,ANM,WE,Federal Contract Tower,6,40,6,3,55,0,8,56,3,67,6,48,62,6,122,52,0,52,174
09/05/2005,GJT,CO,ANM,WE,Federal Contract Tower,0,47,26,9,82,0,0,81,7,88,0,47,107,16,170,54,6,60,230
09/06/2005,GJT,CO,ANM,WE,Federal Contract Tower,1,52,8,11,72,0,8,82,1,91,1,60,90,12,163,78,16,94,257
09/07/2005,GJT,CO,ANM,WE,Federal Contract Tower,4,41,18,3,66,0,14,68,2,84,4,55,86,5,150,40,24,64,214
09/08/2005,GJT,CO,ANM,WE,Federal Contract Tower,4,52,12,2,70,0,3,45,0,48,4,55,57,2,118,26,0,26,144
09/09/2005,GJT,CO,ANM,WE,Federal Contract Tower,6,50,20,10,86,0,7,42,0,49,6,57,62,10,135,34,32,66,201
09/10/2005,GJT,CO,ANM,WE,Federal Contract Tower,1,45,2,11,59,0,4,48,0,52,1,49,50,11,111,54,50,104,215
09/11/2005,GJT,CO,ANM,WE,Federal Contract Tower,1,42,5,23,71,0,4,43,20,67,1,46,48,43,138,44,0,44,182
09/12/2005,GJT,CO,ANM,WE,Federal Contract Tower,1,44,31,8,84,0,3,50,2,55,1,47,81,10,139,38,6,44,183
09/13/2005,GJT,CO,ANM,WE,Federal Contract Tower,4,50,27,3,84,0,11,81,4,96,4,61,108,7,180,90,12,102,282
09/14/2005,GJT,CO,ANM,WE,Federal Contract Tower,4,48,25,8,85,0,14,93,0,107,4,62,118,8,192,60,18,78,270
09/15/2005,GJT,CO,ANM,WE,Federal Contract Tower,4,47,19,8,78,0,9,67,4,80,4,56,86,12,158,38,10,48,206
09/16/2005,GJT,CO,ANM,WE,Federal Contract Tower,4,47,25,11,87,0,10,84,6,100,4,57,109,17,187,46,0,46,233
09/17/2005,GJT,CO,ANM,WE,Federal Contract Tower,1,38,12,10,61,0,4,79,12,95,1,42,91,22,156,66,54,120,276
09/18/2005,GJT,CO,ANM,WE,Federal Contract Tower,0,39,9,9,57,0,2,73,3,78,0,41,82,12,135,64,4,68,203
09/19/2005,GJT,CO,ANM,WE,Federal Contract Tower,1,44,24,9,78,0,4,84,1,89,1,48,108,10,167,70,14,84,251
09/20/2005,GJT,CO,ANM,WE,Federal Contract Tower,4,51,14,5,74,0,12,100,1,113,4,63,114,6,187,70,4,74,261
09/21/2005,GJT,CO,ANM,WE,Federal Contract Tower,6,51,28,4,89,0,9,16,0,25,6,60,44,4,114,30,0,30,144
09/22/2005,GJT,CO,ANM,WE,Federal Contract Tower,5,50,27,10,92,0,12,53,0,65,5,62,80,10,157,50,2,52,209
09/23/2005,GJT,CO,ANM,WE,Federal Contract Tower,4,47,18,10,79,0,8,73,2,83,4,55,91,12,162,76,0,76,238
09/24/2005,GJT,CO,ANM,WE,Federal Contract Tower,1,42,9,12,64,0,4,50,6,60,1,46,59,18,124,28,26,54,178
09/25/2005,GJT,CO,ANM,WE,Federal Contract Tower,0,46,13,14,73,0,2,58,5,65,0,48,71,19,138,44,4,48,186
09/26/2005,GJT,CO,ANM,WE,Federal Contract Tower,1,43,17,7,68,0,5,74,3,82,1,48,91,10,150,72,0,72,222
09/27/2005,GJT,CO,ANM,WE,Federal Contract Tower,4,49,33,9,95,0,0,47,5,52,4,49,80,14,147,70,0,70,217
09/28/2005,GJT,CO,ANM,WE,Federal Contract Tower,4,57,19,2,82,0,10,23,0,33,4,67,42,2,115,16,0,16,131
09/29/2005,GJT,CO,ANM,WE,Federal Contract Tower,7,53,29,3,92,0,12,89,1,102,7,65,118,4,194,76,0,76,270
09/30/2005,GJT,CO,ANM,WE,Federal Contract Tower,4,45,24,12,85,0,15,98,3,116,4,60,122,15,201,40,12,52,253
10/01/2005,GJT,CO,ANM,WE,Federal Contract Tower,3,39,8,2,52,0,4,78,1,83,3,43,86,3,135,64,0,64,199
10/02/2005,GJT,CO,ANM,WE,Federal Contract Tower,0,42,11,10,63,0,6,51,5,62,0,48,62,15,125,64,0,64,189
10/03/2005,GJT,CO,ANM,WE,Federal Contract Tower,2,50,29,2,83,0,13,60,0,73,2,63,89,2,156,56,0,56,212
10/04/2005,GJT,CO,ANM,WE,Federal Contract Tower,4,53,15,4,76,0,11,30,0,41,4,64,45,4,117,0,0,0,117
10/05/2005,GJT,CO,ANM,WE,Federal Contract Tower,4,53,25,6,88,0,7,95,4,106,4,60,120,10,194,150,2,152,346
10/06/2005,GJT,CO,ANM,WE,Federal Contract Tower,4,48,22,18,92,0,9,62,0,71,4,57,84,18,163,58,20,78,241
10/07/2005,GJT,CO,ANM,WE,Federal Contract Tower,4,52,16,10,82,0,6,96,4,106,4,58,112,14,188,68,0,68,256
10/08/2005,GJT,CO,ANM,WE,Federal Contract Tower,1,48,15,0,64,0,3,67,1,71,1,51,82,1,135,46,2,48,183
10/09/2005,GJT,CO,ANM,WE,Federal Contract Tower,0,46,16,2,64,0,1,15,0,16,0,47,31,2,80,18,0,18,98
10/10/2005,GJT,CO,ANM,WE,Federal Contract Tower,3,48,17,6,74,0,6,33,0,39,3,54,50,6,113,34,6,40,153
10/11/2005,GJT,CO,ANM,WE,Federal Contract Tower,4,56,21,2,83,0,7,82,0,89,4,63,103,2,172,88,0,88,260
10/12/2005,GJT,CO,ANM,WE,Federal Contract Tower,4,56,34,0,94,0,9,62,1,72,4,65,96,1,166,110,0,110,276
10/13/2005,GJT,CO,ANM,WE,Federal Contract Tower,3,45,32,4,84,0,17,98,2,117,3,62,130,6,201,80,0,80,281
10/14/2005,GJT,CO,ANM,WE,Federal Contract Tower,4,50,18,7,79,0,8,91,2,101,4,58,109,9,180,46,6,52,232
10/15/2005,GJT,CO,ANM,WE,Federal Contract Tower,1,40,8,5,54,0,11,79,1,91,1,51,87,6,145,54,22,76,221
10/16/2005,GJT,CO,ANM,WE,Federal Contract Tower,0,42,6,11,59,0,4,41,4,49,0,46,47,15,108,40,6,46,154
10/17/2005,GJT,CO,ANM,WE,Federal Contract Tower,1,51,14,3,69,0,6,75,1,82,1,57,89,4,151,66,0,66,217
10/18/2005,GJT,CO,ANM,WE,Federal Contract Tower,5,52,16,0,73,0,7,58,2,67,5,59,74,2,140,120,12,132,272
10/19/2005,GJT,CO,ANM,WE,Federal Contract Tower,4,60,14,4,82,0,0,46,0,46,4,60,60,4,128,46,0,46,174
10/20/2005,GJT,CO,ANM,WE,Federal Contract Tower,4,54,21,6,85,0,14,79,0,93,4,68,100,6,178,52,22,74,252
10/21/2005,GJT,CO,ANM,WE,Federal Contract Tower,4,52,33,8,97,0,12,69,0,81,4,64,102,8,178,68,26,94,272
10/22/2005,GJT,CO,ANM,WE,Federal Contract Tower,1,39,4,3,47,0,7,63,3,73,1,46,67,6,120,36,16,52,172
10/23/2005,GJT,CO,ANM,WE,Federal Contract Tower,0,38,14,2,54,0,6,46,0,52,0,44,60,2,106,70,0,70,176
10/24/2005,GJT,CO,ANM,WE,Federal Contract Tower,1,55,21,0,77,0,9,67,0,76,1,64,88,0,153,38,0,38,191
10/25/2005,GJT,CO,ANM,WE,Federal Contract Tower,4,58,14,12,88,0,8,68,2,78,4,66,82,14,166,82,20,102,268
10/26/2005,GJT,CO,ANM,WE,Federal Contract Tower,4,52,24,7,87,0,4,85,4,93,4,56,109,11,180,52,6,58,238
10/27/2005,GJT,CO,ANM,WE,Federal Contract Tower,4,49,21,6,80,0,8,59,0,67,4,57,80,6,147,24,0,24,171
10/28/2005,GJT,CO,ANM,WE,Federal Contract Tower,4,49,26,9,88,0,5,21,7,33,4,54,47,16,121,48,16,64,185
10/29/2005,GJT,CO,ANM,WE,Federal Contract Tower,1,48,13,0,62,0,2,26,0,28,1,50,39,0,90,24,0,24,114
10/30/2005,GJT,CO,ANM,WE,Federal Contract Tower,2,51,17,4,74,0,5,19,0,24,2,56,36,4,98,20,0,20,118
10/31/2005,GJT,CO,ANM,WE,Federal Contract Tower,2,48,16,2,68,0,8,79,0,87,2,56,95,2,155,108,4,112,267
11/01/2005,GJT,CO,ANM,WE,Federal Contract Tower,6,57,29,7,99,0,7,88,0,95,6,64,117,7,194,74,2,76,270
11/02/2005,GJT,CO,ANM,WE,Federal Contract Tower,6,53,17,4,80,0,8,108,4,120,6,61,125,8,200,80,26,106,306
11/03/2005,GJT,CO,ANM,WE,Federal Contract Tower,4,59,14,0,77,0,9,38,0,47,4,68,52,0,124,60,0,60,184
11/04/2005,GJT,CO,ANM,WE,Federal Contract Tower,6,59,9,2,76,0,10,72,0,82,6,69,81,2,158,96,2,98,256
11/05/2005,GJT,CO,ANM,WE,Federal Contract Tower,1,36,8,4,49,0,10,42,4,56,1,46,50,8,105,6,14,20,125
11/06/2005,GJT,CO,ANM,WE,Federal Contract Tower,0,39,9,2,50,0,2,62,0,64,0,41,71,2,114,46,16,62,176
11/07/2005,GJT,CO,ANM,WE,Federal Contract Tower,1,44,13,8,66,0,10,49,1,60,1,54,62,9,126,66,32,98,224
11/08/2005,GJT,CO,ANM,WE,Federal Contract Tower,6,57,11,4,78,0,10,59,0,69,6,67,70,4,147,46,24,70,217
11/09/2005,GJT,CO,ANM,WE,Federal Contract Tower,4,49,19,4,76,0,12,55,0,67,4,61,74,4,143,70,0,70,213
11/10/2005,GJT,CO,ANM,WE,Federal Contract Tower,4,50,24,8,86,0,13,74,0,87,4,63,98,8,173,62,10,72,245
11/11/2005,GJT,CO,ANM,WE,Federal Contract Tower,6,53,12,4,75,0,3,36,5,44,6,56,48,9,119,28,26,54,173
11/12/2005,GJT,CO,ANM,WE,Federal Contract Tower,1,38,5,0,44,1,2,48,0,51,2,40,53,0,95,72,0,72,167
11/13/2005,GJT,CO,ANM,WE,Federal Contract Tower,2,37,17,4,60,0,3,60,2,65,2,40,77,6,125,112,2,114,239
11/14/2005,GJT,CO,ANM,WE,Federal Contract Tower,1,66,32,6,105,0,3,44,1,48,1,69,76,7,153,54,52,106,259
11/15/2005,GJT,CO,ANM,WE,Federal Contract Tower,4,54,14,3,75,0,10,93,0,103,4,64,107,3,178,132,0,132,310
11/16/2005,GJT,CO,ANM,WE,Federal Contract Tower,4,48,22,7,81,0,10,62,1,73,4,58,84,8,154,141,4,145,299
11/17/2005,GJT,CO,ANM,WE,Federal Contract Tower,4,67,21,5,97,0,11,58,0,69,4,78,79,5,166,62,2,64,230
11/18/2005,GJT,CO,ANM,WE,Federal Contract Tower,4,50,14,7,75,0,9,91,7,107,4,59,105,14,182,90,26,116,298
11/19/2005,GJT,CO,ANM,WE,Federal Contract Tower,1,38,2,7,48,0,2,102,5,109,1,40,104,12,157,118,6,124,281
11/20/2005,GJT,CO,ANM,WE,Federal Contract Tower,0,39,9,2,50,0,6,74,0,80,0,45,83,2,130,144,2,146,276
11/21/2005,GJT,CO,ANM,WE,Federal Contract Tower,3,54,10,6,73,0,11,80,0,91,3,65,90,6,164,104,0,104,268
11/22/2005,GJT,CO,ANM,WE,Federal Contract Tower,6,55,28,10,99,0,10,132,0,142,6,65,160,10,241,102,8,110,351
11/23/2005,GJT,CO,ANM,WE,Federal Contract Tower,4,48,14,4,70,0,12,90,2,104,4,60,104,6,174,70,26,96,270
11/24/2005,GJT,CO,ANM,WE,Federal Contract Tower,0,31,2,0,33,0,0,26,0,26,0,31,28,0,59,16,0,16,75
11/25/2005,GJT,CO,ANM,WE,Federal Contract Tower,4,46,8,0,58,0,9,66,0,75,4,55,74,0,133,36,0,36,169
11/26/2005,GJT,CO,ANM,WE,Federal Contract Tower,1,50,14,0,65,0,3,14,0,17,1,53,28,0,82,6,0,6,88
11/27/2005,GJT,CO,ANM,WE,Federal Contract Tower,0,57,25,0,82,0,2,19,0,21,0,59,44,0,103,28,0,28,131
11/28/2005,GJT,CO,ANM,WE,Federal Contract Tower,3,51,18,3,75,0,4,48,1,53,3,55,66,4,128,26,4,30,158
11/29/2005,GJT,CO,ANM,WE,Federal Contract Tower,4,55,28,2,89,0,7,74,2,83,4,62,102,4,172,44,0,44,216
11/30/2005,GJT,CO,ANM,WE,Federal Contract Tower,4,65,17,0,86,0,8,30,0,38,4,73,47,0,124,50,0,50,174
12/01/2005,GJT,CO,ANM,WE,Federal Contract Tower,4,47,28,6,85,0,16,34,0,50,4,63,62,6,135,74,0,74,209
12/02/2005,GJT,CO,ANM,WE,Federal Contract Tower,4,62,19,0,85,0,6,33,0,39,4,68,52,0,124,58,0,58,182
12/03/2005,GJT,CO,ANM,WE,Federal Contract Tower,3,40,9,2,54,0,0,13,1,14,3,40,22,3,68,92,0,92,160
12/04/2005,GJT,CO,ANM,WE,Federal Contract Tower,0,58,16,4,78,0,1,21,3,25,0,59,37,7,103,38,0,38,141
12/05/2005,GJT,CO,ANM,WE,Federal Contract Tower,3,44,13,4,64,0,8,76,1,85,3,52,89,5,149,30,0,30,179
12/06/2005,GJT,CO,ANM,WE,Federal Contract Tower,6,60,14,3,83,0,6,34,0,40,6,66,48,3,123,38,10,48,171
12/07/2005,GJT,CO,ANM,WE,Federal Contract Tower,4,53,23,1,81,0,11,47,0,58,4,64,70,1,139,56,0,56,195
12/08/2005,GJT,CO,ANM,WE,Federal Contract Tower,6,50,38,11,105,0,12,61,2,75,6,62,99,13,180,42,24,66,246
12/09/2005,GJT,CO,ANM,WE,Federal Contract Tower,6,48,28,2,84,0,4,74,8,86,6,52,102,10,170,60,4,64,234
12/10/2005,GJT,CO,ANM,WE,Federal Contract Tower,1,39,8,1,49,0,2,59,3,64,1,41,67,4,113,44,0,44,157
12/11/2005,GJT,CO,ANM,WE,Federal Contract Tower,2,40,13,4,59,0,0,76,0,76,2,40,89,4,135,64,0,64,199
12/12/2005,GJT,CO,ANM,WE,Federal Contract Tower,1,42,11,0,54,0,5,65,1,71,1,47,76,1,125,23,10,33,158
12/13/2005,GJT,CO,ANM,WE,Federal Contract Tower,4,63,41,4,112,0,10,39,6,55,4,73,80,10,167,58,22,80,247
12/14/2005,GJT,CO,ANM,WE,Federal Contract Tower,6,45,11,5,67,0,15,59,0,74,6,60,70,5,141,62,6,68,209
12/15/2005,GJT,CO,ANM,WE,Federal Contract Tower,4,60,26,6,96,0,10,68,0,78,4,70,94,6,174,44,16,60,234
12/16/2005,GJT,CO,ANM,WE,Federal Contract Tower,4,54,22,3,83,0,4,54,0,58,4,58,76,3,141,32,0,32,173
12/17/2005,GJT,CO,ANM,WE,Federal Contract Tower,3,50,29,4,86,0,3,43,4,50,3,53,72,8,136,86,32,118,254
12/18/2005,GJT,CO,ANM,WE,Federal Contract Tower,0,43,13,6,62,0,3,24,1,28,0,46,37,7,90,54,0,54,144
12/19/2005,GJT,CO,ANM,WE,Federal Contract Tower,1,64,15,7,87,0,8,17,3,28,1,72,32,10,115,14,20,34,149
12/20/2005,GJT,CO,ANM,WE,Federal Contract Tower,6,76,24,2,108,0,9,53,0,62,6,85,77,2,170,48,26,74,244
12/21/2005,GJT,CO,ANM,WE,Federal Contract Tower,4,58,16,8,86,0,10,62,2,74,4,68,78,10,160,56,14,70,230
12/22/2005,GJT,CO,ANM,WE,Federal Contract Tower,6,53,11,2,72,0,10,27,0,37,6,63,38,2,109,8,0,8,117
12/23/2005,GJT,CO,ANM,WE,Federal Contract Tower,4,53,19,0,76,0,10,69,0,79,4,63,88,0,155,54,0,54,209
12/24/2005,GJT,CO,ANM,WE,Federal Contract Tower,1,42,5,0,48,0,0,34,0,34,1,42,39,0,82,28,0,28,110
12/25/2005,GJT,CO,ANM,WE,Federal Contract Tower,0,31,4,0,35,0,2,20,0,22,0,33,24,0,57,26,0,26,83
12/26/2005,GJT,CO,ANM,WE,Federal Contract Tower,0,64,45,0,109,0,1,68,0,69,0,65,113,0,178,48,0,48,226
12/27/2005,GJT,CO,ANM,WE,Federal Contract Tower,2,72,45,2,121,0,10,55,0,65,2,82,100,2,186,48,0,48,234
12/28/2005,GJT,CO,ANM,WE,Federal Contract Tower,4,61,18,2,85,0,10,36,0,46,4,71,54,2,131,34,0,34,165
12/29/2005,GJT,CO,ANM,WE,Federal Contract Tower,4,79,26,0,109,0,11,36,0,47,4,90,62,0,156,20,0,20,176
12/30/2005,GJT,CO,ANM,WE,Federal Contract Tower,4,55,29,0,88,0,4,52,2,58,4,59,81,2,146,16,2,18,164
12/31/2005,GJT,CO,ANM,WE,Federal Contract Tower,1,75,29,0,105,1,2,36,0,39,2,77,65,0,144,44,0,44,188
01/01/2006,GJT,CO,ANM,WE,Federal Contract Tower,0,114,58,0,172,0,0,8,0,8,0,114,66,0,180,0,0,0,180
01/02/2006,GJT,CO,ANM,WE,Federal Contract Tower,2,86,56,0,144,0,6,54,0,60,2,92,110,0,204,30,0,30,234
01/03/2006,GJT,CO,ANM,WE,Federal Contract Tower,1,104,42,0,147,0,8,24,0,32,1,112,66,0,179,22,0,22,201
01/04/2006,GJT,CO,ANM,WE,Federal Contract Tower,4,52,18,2,76,0,10,54,0,64,4,62,72,2,140,68,0,68,208
01/05/2006,GJT,CO,ANM,WE,Federal Contract Tower,5,47,16,2,70,0,10,74,0,84,5,57,90,2,154,116,10,126,280
01/06/2006,GJT,CO,ANM,WE,Federal Contract Tower,5,46,9,5,65,0,5,71,7,83,5,51,80,12,148,70,0,70,218
01/07/2006,GJT,CO,ANM,WE,Federal Contract Tower,1,28,10,5,44,0,5,48,14,67,1,33,58,19,111,28,66,94,205
01/08/2006,GJT,CO,ANM,WE,Federal Contract Tower,1,40,7,0,48,0,4,34,0,38,1,44,41,0,86,26,0,26,112
01/09/2006,GJT,CO,ANM,WE,Federal Contract Tower,1,36,15,6,58,0,10,62,1,73,1,46,77,7,131,90,14,104,235
01/10/2006,GJT,CO,ANM,WE,Federal Contract Tower,4,42,8,4,58,0,9,62,0,71,4,51,70,4,129,38,0,38,167
01/11/2006,GJT,CO,ANM,WE,Federal Contract Tower,4,40,27,7,78,0,12,35,3,50,4,52,62,10,128,50,46,96,224
01/12/2006,GJT,CO,ANM,WE,Federal Contract Tower,4,55,18,2,79,0,10,54,2,66,4,65,72,4,145,42,36,78,223
01/13/2006,GJT,CO,ANM,WE,Federal Contract Tower,4,53,17,2,76,0,4,73,1,78,4,57,90,3,154,42,14,56,210
01/14/2006,GJT,CO,ANM,WE,Federal Contract Tower,2,25,6,0,33,0,4,48,2,54,2,29,54,2,87,58,8,66,153
01/15/2006,GJT,CO,ANM,WE,Federal Contract Tower,2,47,11,0,60,0,4,15,0,19,2,51,26,0,79,44,0,44,123
01/16/2006,GJT,CO,ANM,WE,Federal Contract Tower,4,51,16,3,74,0,2,47,3,52,4,53,63,6,126,28,4,32,158
01/17/2006,GJT,CO,ANM,WE,Federal Contract Tower,4,51,11,4,70,0,9,44,3,56,4,60,55,7,126,52,4,56,182
01/18/2006,GJT,CO,ANM,WE,Federal Contract Tower,4,42,24,0,70,0,13,40,0,53,4,55,64,0,123,32,0,32,155
01/19/2006,GJT,CO,ANM,WE,Federal Contract Tower,8,60,21,4,93,0,7,21,0,28,8,67,42,4,121,0,12,12,133
01/20/2006,GJT,CO,ANM,WE,Federal Contract Tower,4,46,27,11,88,0,11,57,3,71,4,57,84,14,159,54,20,74,233
01/21/2006,GJT,CO,ANM,WE,Federal Contract Tower,1,28,15,9,53,0,6,49,1,56,1,34,64,10,109,52,6,58,167
01/22/2006,GJT,CO,ANM,WE,Federal Contract Tower,0,31,9,6,46,0,8,39,0,47,0,39,48,6,93,26,16,42,135
01/23/2006,GJT,CO,ANM,WE,Federal Contract Tower,1,41,16,0,58,0,10,63,2,75,1,51,79,2,133,60,4,64,197
01/24/2006,GJT,CO,ANM,WE,Federal Contract Tower,4,45,14,4,67,0,6,70,0,76,4,51,84,4,143,38,0,38,181
01/25/2006,GJT,CO,ANM,WE,Federal Contract Tower,4,42,19,0,65,0,10,29,0,39,4,52,48,0,104,40,0,40,144
01/26/2006,GJT,CO,ANM,WE,Federal Contract Tower,3,58,37,2,100,0,12,25,2,39,3,70,62,4,139,0,0,0,139
01/27/2006,GJT,CO,ANM,WE,Federal Contract Tower,5,49,5,5,64,0,4,55,1,60,5,53,60,6,124,16,8,24,148
01/28/2006,GJT,CO,ANM,WE,Federal Contract Tower,1,33,7,1,42,0,0,24,3,27,1,33,31,4,69,36,2,38,107
01/29/2006,GJT,CO,ANM,WE,Federal Contract Tower,5,42,16,6,69,0,5,18,0,23,5,47,34,6,92,22,2,24,116
01/30/2006,GJT,CO,ANM,WE,Federal Contract Tower,1,43,16,2,62,0,9,39,0,48,1,52,55,2,110,22,0,22,132
01/31/2006,GJT,CO,ANM,WE,Federal Contract Tower,4,56,33,1,94,0,8,39,0,47,4,64,72,1,141,50,0,50,191
02/01/2006,GJT,CO,ANM,WE,Federal Contract Tower,4,53,16,4,77,0,11,42,3,56,4,64,58,7,133,46,22,68,201
02/02/2006,GJT,CO,ANM,WE,Federal Contract Tower,4,66,25,5,100,0,10,23,0,33,4,76,48,5,133,36,0,36,169
02/03/2006,GJT,CO,ANM,WE,Federal Contract Tower,5,47,20,4,76,2,4,60,1,67,7,51,80,5,143,42,0,42,185
02/04/2006,GJT,CO,ANM,WE,Federal Contract Tower,1,39,8,2,50,0,3,66,10,79,1,42,74,12,129,84,34,118,247
02/05/2006,GJT,CO,ANM,WE,Federal Contract Tower,0,45,19,1,65,0,6,44,0,50,0,51,63,1,115,46,0,46,161
02/06/2006,GJT,CO,ANM,WE,Federal Contract Tower,2,37,23,4,66,0,10,59,0,69,2,47,82,4,135,134,14,148,283
02/07/2006,GJT,CO,ANM,WE,Federal Contract Tower,4,50,21,4,79,0,8,73,0,81,4,58,94,4,160,78,0,78,238
02/08/2006,GJT,CO,ANM,WE,Federal Contract Tower,6,46,24,0,76,0,14,56,0,70,6,60,80,0,146,128,0,128,274
02/09/2006,GJT,CO,ANM,WE,Federal Contract Tower,10,39,24,12,85,0,13,68,0,81,10,52,92,12,166,80,26,106,272
02/10/2006,GJT,CO,ANM,WE,Federal Contract Tower,2,50,14,3,69,0,7,50,0,57,2,57,64,3,126,56,16,72,198
02/11/2006,GJT,CO,ANM,WE,Federal Contract Tower,3,30,12,0,45,0,2,100,2,104,3,32,112,2,149,86,10,96,245
02/12/2006,GJT,CO,ANM,WE,Federal Contract Tower,4,30,13,1,48,0,6,81,7,94,4,36,94,8,142,14,0,14,156
02/13/2006,GJT,CO,ANM,WE,Federal Contract Tower,1,40,17,2,60,0,14,63,0,77,1,54,80,2,137,26,0,26,163
02/14/2006,GJT,CO,ANM,WE,Federal Contract Tower,4,43,17,1,65,0,9,62,1,72,4,52,79,2,137,78,0,78,215
02/15/2006,GJT,CO,ANM,WE,Federal Contract Tower,6,51,21,4,82,0,10,9,0,19,6,61,30,4,101,4,6,10,111
02/16/2006,GJT,CO,ANM,WE,Federal Contract Tower,5,49,31,6,91,0,13,39,2,54,5,62,70,8,145,46,18,64,209
02/17/2006,GJT,CO,ANM,WE,Federal Contract Tower,4,55,25,9,93,0,14,59,2,75,4,69,84,11,168,66,14,80,248
02/18/2006,GJT,CO,ANM,WE,Federal Contract Tower,0,41,19,1,61,0,2,54,6,62,0,43,73,7,123,100,18,118,241
02/19/2006,GJT,CO,ANM,WE,Federal Contract Tower,1,63,14,0,78,0,4,54,0,58,1,67,68,0,136,32,0,32,168
02/20/2006,GJT,CO,ANM,WE,Federal Contract Tower,3,70,36,2,111,0,8,19,0,27,3,78,55,2,138,20,0,20,158
02/21/2006,GJT,CO,ANM,WE,Federal Contract Tower,7,51,24,4,86,0,7,38,0,45,7,58,62,4,131,44,8,52,183
02/22/2006,GJT,CO,ANM,WE,Federal Contract Tower,4,42,22,6,74,0,14,66,0,80,4,56,88,6,154,82,0,82,236
02/23/2006,GJT,CO,ANM,WE,Federal Contract Tower,4,34,21,0,59,0,11,31,0,42,4,45,52,0,101,30,0,30,131
02/24/2006,GJT,CO,ANM,WE,Federal Contract Tower,4,42,17,9,72,0,10,91,6,107,4,52,108,15,179,66,10,76,255
02/25/2006,GJT,CO,ANM,WE,Federal Contract Tower,5,24,10,6,45,0,4,72,6,82,5,28,82,12,127,50,50,100,227
02/26/2006,GJT,CO,ANM,WE,Federal Contract Tower,0,36,9,12,57,0,5,60,12,77,0,41,69,24,134,26,2,28,162
02/27/2006,GJT,CO,ANM,WE,Federal Contract Tower,1,40,23,2,66,0,10,62,0,72,1,50,85,2,138,44,6,50,188
02/28/2006,GJT,CO,ANM,WE,Federal Contract Tower,6,48,11,4,69,0,8,19,0,27,6,56,30,4,96,10,20,30,126
03/01/2006,GJT,CO,ANM,WE,Federal Contract Tower,4,57,33,4,98,0,13,27,0,40,4,70,60,4,138,62,8,70,208
03/02/2006,GJT,CO,ANM,WE,Federal Contract Tower,4,41,19,2,66,0,14,46,0,60,4,55,65,2,126,52,2,54,180
03/03/2006,GJT,CO,ANM,WE,Federal Contract Tower,8,51,18,4,81,0,4,45,2,51,8,55,63,6,132,16,0,16,148
03/04/2006,GJT,CO,ANM,WE,Federal Contract Tower,5,25,12,4,46,0,8,41,0,49,5,33,53,4,95,54,0,54,149
03/05/2006,GJT,CO,ANM,WE,Federal Contract Tower,0,35,16,5,56,0,6,89,0,95,0,41,105,5,151,43,12,55,206
03/06/2006,GJT,CO,ANM,WE,Federal Contract Tower,1,39,14,3,57,0,11,45,5,61,1,50,59,8,118,56,0,56,174
03/07/2006,GJT,CO,ANM,WE,Federal Contract Tower,4,59,19,0,82,0,8,53,0,61,4,67,72,0,143,42,0,42,185
03/08/2006,GJT,CO,ANM,WE,Federal Contract Tower,6,67,21,4,98,0,5,10,0,15,6,72,31,4,113,14,2,16,129
03/09/2006,GJT,CO,ANM,WE,Federal Contract Tower,10,63,23,0,96,0,2,13,0,15,10,65,36,0,111,24,0,24,135
03/10/2006,GJT,CO,ANM,WE,Federal Contract Tower,7,88,30,0,125,0,4,13,0,17,7,92,43,0,142,0,0,0,142
03/11/2006,GJT,CO,ANM,WE,Federal Contract Tower,1,58,37,2,98,0,2,6,0,8,1,60,43,2,106,0,0,0,106
03/12/2006,GJT,CO,ANM,WE,Federal Contract Tower,2,82,44,2,130,0,0,6,0,6,2,82,50,2,136,0,0,0,136
03/13/2006,GJT,CO,ANM,WE,Federal Contract Tower,5,51,33,0,89,0,2,31,0,33,5,53,64,0,122,76,0,76,198
03/14/2006,GJT,CO,ANM,WE,Federal Contract Tower,5,47,22,2,76,0,10,105,0,115,5,57,127,2,191,86,10,96,287
03/15/2006,GJT,CO,ANM,WE,Federal Contract Tower,11,61,26,0,98,0,12,28,0,40,11,73,54,0,138,4,0,4,142
03/16/2006,GJT,CO,ANM,WE,Federal Contract Tower,8,48,18,8,82,0,10,105,0,115,8,58,123,8,197,95,1,96,293
03/17/2006,GJT,CO,ANM,WE,Federal Contract Tower,4,49,30,5,88,0,5,36,1,42,4,54,66,6,130,56,0,56,186
03/18/2006,GJT,CO,ANM,WE,Federal Contract Tower,2,57,36,0,95,0,2,30,0,32,2,59,66,0,127,26,0,26,153
03/19/2006,GJT,CO,ANM,WE,Federal Contract Tower,0,55,16,20,91,0,6,43,0,49,0,61,59,20,140,56,0,56,196
03/20/2006,GJT,CO,ANM,WE,Federal Contract Tower,5,36,24,6,71,0,3,43,5,51,5,39,67,11,122,30,2,32,154
03/21/2006,GJT,CO,ANM,WE,Federal Contract Tower,5,51,21,4,81,0,9,29,0,38,5,60,50,4,119,20,10,30,149
03/22/2006,GJT,CO,ANM,WE,Federal Contract Tower,6,41,17,4,68,0,10,41,0,51,6,51,58,4,119,50,28,78,197
03/23/2006,GJT,CO,ANM,WE,Federal Contract Tower,7,37,14,9,67,0,3,97,0,100,7,40,111,9,167,78,2,80,247
03/24/2006,GJT,CO,ANM,WE,Federal Contract Tower,4,42,29,3,78,0,6,81,2,89,4,48,110,5,167,64,0,64,231
03/25/2006,GJT,CO,ANM,WE,Federal Contract Tower,1,32,13,2,48,0,10,89,5,104,1,42,102,7,152,88,28,116,268
03/26/2006,GJT,CO,ANM,WE,Federal Contract Tower,0,39,27,10,76,0,6,26,0,32,0,45,53,10,108,6,0,6,114
03/27/2006,GJT,CO,ANM,WE,Federal Contract Tower,3,46,22,2,73,0,4,68,0,72,3,50,90,2,145,60,0,60,205
03/28/2006,GJT,CO,ANM,WE,Federal Contract Tower,6,49,22,4,81,0,8,31,0,39,6,57,53,4,120,30,2,32,152
03/29/2006,GJT,CO,ANM,WE,Federal Contract Tower,4,58,34,0,96,0,7,10,0,17,4,65,44,0,113,0,0,0,113
03/30/2006,GJT,CO,ANM,WE,Federal Contract Tower,7,53,29,2,91,0,10,59,0,69,7,63,88,2,160,54,22,76,236
03/31/2006,GJT,CO,ANM,WE,Federal Contract Tower,6,43,26,5,80,0,10,62,2,74,6,53,88,7,154,60,0,60,214
04/01/2006,GJT,CO,ANM,WE,Federal Contract Tower,1,50,25,3,79,0,2,10,0,12,1,52,35,3,91,24,2,26,117
04/02/2006,GJT,CO,ANM,WE,Federal Contract Tower,0,35,21,7,63,0,9,91,3,103,0,44,112,10,166,122,0,122,288
04/03/2006,GJT,CO,ANM,WE,Federal Contract Tower,2,39,14,0,55,0,10,102,0,112,2,49,116,0,167,90,0,90,257
04/04/2006,GJT,CO,ANM,WE,Federal Contract Tower,4,51,21,6,82,0,9,56,0,65,4,60,77,6,147,128,26,154,301
04/05/2006,GJT,CO,ANM,WE,Federal Contract Tower,4,43,16,0,63,0,4,9,0,13,4,47,25,0,76,0,0,0,76
04/06/2006,GJT,CO,ANM,WE,Federal Contract Tower,4,57,22,0,83,0,5,4,0,9,4,62,26,0,92,8,0,8,100
04/07/2006,GJT,CO,ANM,WE,Federal Contract Tower,4,55,18,6,83,0,6,76,0,82,4,61,94,6,165,96,0,96,261
04/08/2006,GJT,CO,ANM,WE,Federal Contract Tower,1,31,19,2,53,0,5,87,0,92,1,36,106,2,145,90,0,90,235
04/09/2006,GJT,CO,ANM,WE,Federal Contract Tower,0,31,10,12,53,0,3,78,0,81,0,34,88,12,134,64,0,64,198
04/10/2006,GJT,CO,ANM,WE,Federal Contract Tower,3,41,13,2,59,0,4,45,0,49,3,45,58,2,108,108,22,130,238
04/11/2006,GJT,CO,ANM,WE,Federal Contract Tower,4,56,14,4,78,0,8,40,0,48,4,64,54,4,126,86,20,106,232
04/12/2006,GJT,CO,ANM,WE,Federal Contract Tower,4,44,29,4,81,0,14,55,2,71,4,58,84,6,152,80,0,80,232
04/13/2006,GJT,CO,ANM,WE,Federal Contract Tower,4,39,23,0,66,0,9,85,0,94,4,48,108,0,160,92,0,92,252
04/14/2006,GJT,CO,ANM,WE,Federal Contract Tower,4,45,25,0,74,0,8,76,1,85,4,53,101,1,159,88,0,88,247
04/15/2006,GJT,CO,ANM,WE,Federal Contract Tower,1,33,16,2,52,0,0,40,2,42,1,33,56,4,94,92,0,92,186
04/16/2006,GJT,CO,ANM,WE,Federal Contract Tower,0,34,4,2,40,0,7,58,2,67,0,41,62,4,107,68,0,68,175
04/17/2006,GJT,CO,ANM,WE,Federal Contract Tower,3,40,27,2,72,0,2,41,0,43,3,42,68,2,115,18,0,18,133
04/18/2006,GJT,CO,ANM,WE,Federal Contract Tower,3,52,24,3,82,0,5,73,0,78,3,57,97,3,160,136,22,158,318
04/19/2006,GJT,CO,ANM,WE,Federal Contract Tower,6,40,17,4,67,0,14,117,3,134,6,54,134,7,201,80,4,84,285
04/20/2006,GJT,CO,ANM,WE,Federal Contract Tower,4,48,18,4,74,0,12,66,0,78,4,60,84,4,152,106,0,106,258
04/21/2006,GJT,CO,ANM,WE,Federal Contract Tower,6,45,6,10,67,0,11,87,4,102,6,56,93,14,169,82,2,84,253
04/22/2006,GJT,CO,ANM,WE,Federal Contract Tower,1,30,7,2,40,1,6,62,2,71,2,36,69,4,111,110,16,126,237
04/23/2006,GJT,CO,ANM,WE,Federal Contract Tower,2,35,10,0,47,0,8,36,0,44,2,43,46,0,91,8,0,8,99
04/24/2006,GJT,CO,ANM,WE,Federal Contract Tower,3,41,22,0,66,0,7,44,0,51,3,48,66,0,117,26,0,26,143
04/25/2006,GJT,CO,ANM,WE,Federal Contract Tower,4,55,10,3,72,0,8,64,0,72,4,63,74,3,144,58,10,68,212
04/26/2006,GJT,CO,ANM,WE,Federal Contract Tower,8,42,30,12,92,0,16,92,0,108,8,58,122,12,200,58,70,128,328
04/27/2006,GJT,CO,ANM,WE,Federal Contract Tower,4,40,18,5,67,0,10,92,2,104,4,50,110,7,171,104,12,116,287
04/28/2006,GJT,CO,ANM,WE,Federal Contract Tower,4,41,17,6,68,0,10,47,0,57,4,51,64,6,125,20,0,20,145
04/29/2006,GJT,CO,ANM,WE,Federal Contract Tower,1,28,12,0,41,0,5,68,0,73,1,33,80,0,114,70,0,70,184
04/30/2006,GJT,CO,ANM,WE,Federal Contract Tower,0,40,16,2,58,0,2,53,0,55,0,42,69,2,113,20,0,20,133
05/01/2006,GJT,CO,ANM,WE,Federal Contract Tower,3,44,17,3,67,0,4,74,2,80,3,48,91,5,147,40,0,40,187
05/02/2006,GJT,CO,ANM,WE,Federal Contract Tower,4,51,24,1,80,0,9,71,0,80,4,60,95,1,160,50,0,50,210
05/03/2006,GJT,CO,ANM,WE,Federal Contract Tower,4,44,13,2,63,0,10,55,2,67,4,54,68,4,130,42,8,50,180
05/04/2006,GJT,CO,ANM,WE,Federal Contract Tower,6,44,28,5,83,0,8,54,0,62,6,52,82,5,145,90,0,90,235
05/05/2006,GJT,CO,ANM,WE,Federal Contract Tower,9,47,21,6,83,1,4,61,0,66,10,51,82,6,149,60,2,62,211
05/06/2006,GJT,CO,ANM,WE,Federal Contract Tower,2,37,12,8,59,0,4,59,6,69,2,41,71,14,128,76,44,120,248
05/07/2006,GJT,CO,ANM,WE,Federal Contract Tower,0,36,10,2,48,0,3,70,2,75,0,39,80,4,123,68,0,68,191
05/08/2006,GJT,CO,ANM,WE,Federal Contract Tower,1,40,15,5,61,0,8,38,0,46,1,48,53,5,107,22,32,54,161
05/09/2006,GJT,CO,ANM,WE,Federal Contract Tower,4,46,20,8,78,0,10,62,0,72,4,56,82,8,150,80,6,86,236
05/10/2006,GJT,CO,ANM,WE,Federal Contract Tower,4,41,18,1,64,0,8,68,2,78,4,49,86,3,142,40,0,40,182
05/11/2006,GJT,CO,ANM,WE,Federal Contract Tower,6,38,17,4,65,0,11,83,0,94,6,49,100,4,159,86,0,86,245
05/12/2006,GJT,CO,ANM,WE,Federal Contract Tower,4,49,22,2,77,0,6,84,0,90,4,55,106,2,167,96,0,96,263
05/13/2006,GJT,CO,ANM,WE,Federal Contract Tower,1,34,14,11,60,0,2,54,5,61,1,36,68,16,121,24,44,68,189
05/14/2006,GJT,CO,ANM,WE,Federal Contract Tower,0,37,10,2,49,0,0,53,0,53,0,37,63,2,102,32,0,32,134
05/15/2006,GJT,CO,ANM,WE,Federal Contract Tower,1,36,23,2,62,0,7,66,0,73,1,43,89,2,135,50,22,72,207
05/16/2006,GJT,CO,ANM,WE,Federal Contract Tower,4,44,22,0,70,0,8,88,2,98,4,52,110,2,168,80,0,80,248
05/17/2006,GJT,CO,ANM,WE,Federal Contract Tower,6,43,21,3,73,0,7,51,1,59,6,50,72,4,132,42,0,42,174
05/18/2006,GJT,CO,ANM,WE,Federal Contract Tower,4,46,21,6,77,0,9,73,0,82,4,55,94,6,159,84,2,86,245
05/19/2006,GJT,CO,ANM,WE,Federal Contract Tower,4,45,22,16,87,0,4,87,12,103,4,49,109,28,190,102,0,102,292
05/20/2006,GJT,CO,ANM,WE,Federal Contract Tower,2,32,12,3,49,0,6,76,1,83,2,38,88,4,132,22,24,46,178
05/21/2006,GJT,CO,ANM,WE,Federal Contract Tower,0,35,13,6,54,0,4,84,1,89,0,39,97,7,143,42,0,42,185
05/22/2006,GJT,CO,ANM,WE,Federal Contract Tower,2,43,22,9,76,0,9,32,4,45,2,52,54,13,121,0,0,0,121
05/23/2006,GJT,CO,ANM,WE,Federal Contract Tower,4,48,22,0,74,0,12,82,0,94,4,60,104,0,168,78,0,78,246
05/24/2006,GJT,CO,ANM,WE,Federal Contract Tower,4,43,21,4,72,0,12,87,0,99,4,55,108,4,171,68,0,68,239
05/25/2006,GJT,CO,ANM,WE,Federal Contract Tower,4,51,19,6,80,0,14,91,2,107,4,65,110,8,187,80,0,80,267
05/26/2006,GJT,CO,ANM,WE,Federal Contract Tower,4,48,18,5,75,0,5,99,2,106,4,53,117,7,181,78,0,78,259
05/27/2006,GJT,CO,ANM,WE,Federal Contract Tower,1,32,9,2,44,0,6,29,0,35,1,38,38,2,79,8,0,8,87
05/28/2006,GJT,CO,ANM,WE,Federal Contract Tower,3,36,7,2,48,0,8,49,0,57,3,44,56,2,105,26,0,26,131
05/29/2006,GJT,CO,ANM,WE,Federal Contract Tower,0,32,9,4,45,0,11,103,2,116,0,43,112,6,161,72,0,72,233
05/30/2006,GJT,CO,ANM,WE,Federal Contract Tower,0,42,15,13,70,0,8,56,6,70,0,50,71,19,140,40,22,62,202
05/31/2006,GJT,CO,ANM,WE,Federal Contract Tower,5,42,23,4,74,0,12,101,2,115,5,54,124,6,189,64,16,80,269
06/01/2006,GJT,CO,ANM,WE,Federal Contract Tower,4,40,29,15,88,0,10,105,0,115,4,50,134,15,203,10,4,14,217
06/02/2006,GJT,CO,ANM,WE,Federal Contract Tower,2,46,14,12,74,0,9,109,8,126,2,55,123,20,200,86,2,88,288
06/03/2006,GJT,CO,ANM,WE,Federal Contract Tower,4,33,7,2,46,2,4,69,0,75,6,37,76,2,121,58,2,60,181
06/04/2006,GJT,CO,ANM,WE,Federal Contract Tower,0,36,22,5,63,0,9,54,0,63,0,45,76,5,126,76,2,78,204
06/05/2006,GJT,CO,ANM,WE,Federal Contract Tower,1,38,21,3,63,0,10,53,0,63,1,48,74,3,126,106,0,106,232
06/06/2006,GJT,CO,ANM,WE,Federal Contract Tower,3,53,15,3,74,0,8,88,2,98,3,61,103,5,172,60,0,60,232
06/07/2006,GJT,CO,ANM,WE,Federal Contract Tower,3,55,20,4,82,0,5,78,0,83,3,60,98,4,165,26,6,32,197
06/08/2006,GJT,CO,ANM,WE,Federal Contract Tower,45,27,2,2,76,10,67,0,0,77,55,94,2,2,153,70,8,78,231
06/09/2006,GJT,CO,ANM,WE,Federal Contract Tower,4,50,22,5,81,0,8,60,3,71,4,58,82,8,152,74,2,76,228
06/10/2006,GJT,CO,ANM,WE,Federal Contract Tower,0,33,6,0,39,0,14,56,1,71,0,47,62,1,110,44,0,44,154
06/11/2006,GJT,CO,ANM,WE,Federal Contract Tower,3,43,10,4,60,0,5,71,4,80,3,48,81,8,140,38,0,38,178
06/12/2006,GJT,CO,ANM,WE,Federal Contract Tower,1,38,17,6,62,0,4,109,8,121,1,42,126,14,183,68,10,78,261
06/13/2006,GJT,CO,ANM,WE,Federal Contract Tower,4,44,20,10,78,0,5,85,7,97,4,49,105,17,175,48,2,50,225
06/14/2006,GJT,CO,ANM,WE,Federal Contract Tower,2,46,32,8,88,0,12,66,0,78,2,58,98,8,166,34,0,34,200
06/15/2006,GJT,CO,ANM,WE,Federal Contract Tower,2,41,20,4,67,0,10,60,0,70,2,51,80,4,137,102,0,102,239
06/16/2006,GJT,CO,ANM,WE,Federal Contract Tower,2,47,18,8,75,0,11,68,1,80,2,58,86,9,155,44,0,44,199
06/17/2006,GJT,CO,ANM,WE,Federal Contract Tower,2,29,9,3,43,0,2,54,9,65,2,31,63,12,108,48,14,62,170
06/18/2006,GJT,CO,ANM,WE,Federal Contract Tower,2,42,18,3,65,0,6,43,0,49,2,48,61,3,114,50,0,50,164
06/19/2006,GJT,CO,ANM,WE,Federal Contract Tower,1,40,16,4,61,0,15,89,0,104,1,55,105,4,165,118,4,122,287
06/20/2006,GJT,CO,ANM,WE,Federal Contract Tower,2,43,18,4,67,0,7,106,0,113,2,50,124,4,180,64,10,74,254
06/21/2006,GJT,CO,ANM,WE,Federal Contract Tower,2,50,16,4,72,0,8,154,0,162,2,58,170,4,234,120,0,120,354
06/22/2006,GJT,CO,ANM,WE,Federal Contract Tower,2,50,24,9,85,0,8,124,1,133,2,58,148,10,218,70,0,70,288
06/23/2006,GJT,CO,ANM,WE,Federal Contract Tower,2,50,17,12,81,0,10,114,6,130,2,60,131,18,211,72,0,72,283
06/24/2006,GJT,CO,ANM,WE,Federal Contract Tower,1,39,11,8,59,1,2,79,22,104,2,41,90,30,163,78,48,126,289
06/25/2006,GJT,CO,ANM,WE,Federal Contract Tower,0,42,14,3,59,0,6,72,27,105,0,48,86,30,164,40,0,40,204
06/26/2006,GJT,CO,ANM,WE,Federal Contract Tower,2,50,13,10,75,0,4,124,1,129,2,54,137,11,204,94,14,108,312
06/27/2006,GJT,CO,ANM,WE,Federal Contract Tower,2,46,25,3,76,0,9,101,0,110,2,55,126,3,186,50,10,60,246
06/28/2006,GJT,CO,ANM,WE,Federal Contract Tower,2,44,18,4,68,0,10,111,0,121,2,54,129,4,189,82,16,98,287
06/29/2006,GJT,CO,ANM,WE,Federal Contract Tower,2,47,20,0,69,0,10,86,1,97,2,57,106,1,166,58,0,58,224
06/30/2006,GJT,CO,ANM,WE,Federal Contract Tower,2,54,27,1,84,0,6,90,0,96,2,60,117,1,180,80,0,80,260
07/01/2006,GJT,CO,ANM,WE,Federal Contract Tower,1,36,8,4,49,0,4,74,4,82,1,40,82,8,131,28,16,44,175
07/02/2006,GJT,CO,ANM,WE,Federal Contract Tower,0,38,6,0,44,0,9,34,0,43,0,47,40,0,87,14,0,14,101
07/03/2006,GJT,CO,ANM,WE,Federal Contract Tower,1,39,12,2,54,0,15,47,0,62,1,54,59,2,116,64,4,68,184
07/04/2006,GJT,CO,ANM,WE,Federal Contract Tower,0,30,3,0,33,0,3,71,0,74,0,33,74,0,107,48,0,48,155
07/05/2006,GJT,CO,ANM,WE,Federal Contract Tower,3,42,26,2,73,0,2,61,0,63,3,44,87,2,136,30,0,30,166
07/06/2006,GJT,CO,ANM,WE,Federal Contract Tower,3,44,19,2,68,0,9,58,2,69,3,53,77,4,137,28,0,28,165
07/07/2006,GJT,CO,ANM,WE,Federal Contract Tower,2,50,18,8,78,0,6,76,0,82,2,56,94,8,160,102,0,102,262
07/08/2006,GJT,CO,ANM,WE,Federal Contract Tower,5,41,9,0,55,0,0,45,0,45,5,41,54,0,100,48,0,48,148
07/09/2006,GJT,CO,ANM,WE,Federal Contract Tower,0,54,9,4,67,0,4,35,0,39,0,58,44,4,106,24,0,24,130
07/10/2006,GJT,CO,ANM,WE,Federal Contract Tower,1,46,24,0,71,0,0,84,0,84,1,46,108,0,155,58,0,58,213
07/11/2006,GJT,CO,ANM,WE,Federal Contract Tower,2,46,19,4,71,0,8,111,2,121,2,54,130,6,192,80,24,104,296
07/12/2006,GJT,CO,ANM,WE,Federal Contract Tower,2,39,22,7,70,0,4,49,0,53,2,43,71,7,123,32,16,48,171
07/13/2006,GJT,CO,ANM,WE,Federal Contract Tower,2,46,29,4,81,0,5,78,0,83,2,51,107,4,164,56,20,76,240
07/14/2006,GJT,CO,ANM,WE,Federal Contract Tower,2,44,28,5,79,0,4,102,8,114,2,48,130,13,193,86,32,118,311
07/15/2006,GJT,CO,ANM,WE,Federal Contract Tower,1,32,15,1,49,0,8,80,6,94,1,40,95,7,143,50,0,50,193
07/16/2006,GJT,CO,ANM,WE,Federal Contract Tower,0,43,13,0,56,0,5,82,2,89,0,48,95,2,145,42,0,42,187
07/17/2006,GJT,CO,ANM,WE,Federal Contract Tower,3,41,25,2,71,0,0,85,0,85,3,41,110,2,156,70,0,70,226
07/18/2006,GJT,CO,ANM,WE,Federal Contract Tower,6,47,30,2,85,0,10,100,0,110,6,57,130,2,195,78,0,78,273
07/19/2006,GJT,CO,ANM,WE,Federal Contract Tower,2,49,25,4,80,0,0,95,0,95,2,49,120,4,175,52,26,78,253
07/20/2006,GJT,CO,ANM,WE,Federal Contract Tower,4,47,24,0,75,0,4,95,0,99,4,51,119,0,174,42,0,42,216
07/21/2006,GJT,CO,ANM,WE,Federal Contract Tower,2,45,20,20,87,0,8,128,11,147,2,53,148,31,234,46,14,60,294
07/22/2006,GJT,CO,ANM,WE,Federal Contract Tower,1,28,12,14,55,0,2,66,6,74,1,30,78,20,129,34,10,44,173
07/23/2006,GJT,CO,ANM,WE,Federal Contract Tower,0,48,15,9,72,0,6,80,1,87,0,54,95,10,159,76,0,76,235
07/24/2006,GJT,CO,ANM,WE,Federal Contract Tower,1,46,27,0,74,0,6,106,0,112,1,52,133,0,186,38,0,38,224
07/25/2006,GJT,CO,ANM,WE,Federal Contract Tower,2,38,25,4,69,0,7,76,5,88,2,45,101,9,157,78,18,96,253
07/26/2006,GJT,CO,ANM,WE,Federal Contract Tower,2,44,29,7,82,0,15,148,1,164,2,59,177,8,246,80,18,98,344
07/27/2006,GJT,CO,ANM,WE,Federal Contract Tower,4,43,25,5,77,0,5,99,0,104,4,48,124,5,181,76,8,84,265
07/28/2006,GJT,CO,ANM,WE,Federal Contract Tower,2,44,30,7,83,0,8,80,4,92,2,52,110,11,175,74,0,74,249
07/29/2006,GJT,CO,ANM,WE,Federal Contract Tower,4,28,15,0,47,0,12,88,0,100,4,40,103,0,147,16,0,16,163
07/30/2006,GJT,CO,ANM,WE,Federal Contract Tower,5,40,14,0,59,0,2,58,0,60,5,42,72,0,119,36,0,36,155
07/31/2006,GJT,CO,ANM,WE,Federal Contract Tower,1,44,29,4,78,0,3,86,1,90,1,47,115,5,168,70,2,72,240
08/01/2006,GJT,CO,ANM,WE,Federal Contract Tower,2,47,39,1,89,0,11,98,0,109,2,58,137,1,198,58,0,58,256
08/02/2006,GJT,CO,ANM,WE,Federal Contract Tower,4,42,27,4,77,0,6,89,1,96,4,48,116,5,173,36,6,42,215
08/03/2006,GJT,CO,ANM,WE,Federal Contract Tower,4,37,28,5,74,0,12,37,0,49,4,49,65,5,123,36,44,80,203
08/04/2006,GJT,CO,ANM,WE,Federal Contract Tower,2,55,34,6,97,0,4,70,0,74,2,59,104,6,171,30,4,34,205
08/05/2006,GJT,CO,ANM,WE,Federal Contract Tower,3,39,11,2,55,0,2,61,4,67,3,41,72,6,122,36,0,36,158
08/06/2006,GJT,CO,ANM,WE,Federal Contract Tower,0,39,18,9,66,0,9,58,5,72,0,48,76,14,138,40,0,40,178
08/07/2006,GJT,CO,ANM,WE,Federal Contract Tower,1,39,23,7,70,0,4,72,3,79,1,43,95,10,149,56,0,56,205
08/08/2006,GJT,CO,ANM,WE,Federal Contract Tower,2,44,20,8,74,0,10,85,2,97,2,54,105,10,171,40,30,70,241
08/09/2006,GJT,CO,ANM,WE,Federal Contract Tower,4,43,27,0,74,0,7,70,2,79,4,50,97,2,153,24,0,24,177
08/10/2006,GJT,CO,ANM,WE,Federal Contract Tower,2,46,27,3,78,0,12,83,3,98,2,58,110,6,176,74,10,84,260
08/11/2006,GJT,CO,ANM,WE,Federal Contract Tower,2,47,12,4,65,0,8,75,2,85,2,55,87,6,150,30,6,36,186
08/12/2006,GJT,CO,ANM,WE,Federal Contract Tower,3,32,11,0,46,0,2,33,6,41,3,34,44,6,87,10,4,14,101
08/13/2006,GJT,CO,ANM,WE,Federal Contract Tower,0,37,12,2,51,0,6,63,0,69,0,43,75,2,120,30,0,30,150
08/14/2006,GJT,CO,ANM,WE,Federal Contract Tower,2,44,20,5,71,0,4,98,2,104,2,48,118,7,175,78,4,82,257
08/15/2006,GJT,CO,ANM,WE,Federal Contract Tower,4,50,13,3,70,0,8,75,0,83,4,58,88,3,153,64,0,64,217
08/16/2006,GJT,CO,ANM,WE,Federal Contract Tower,5,47,20,4,76,0,4,73,6,83,5,51,93,10,159,46,0,46,205
08/17/2006,GJT,CO,ANM,WE,Federal Contract Tower,2,50,26,4,82,0,6,60,2,68,2,56,86,6,150,88,0,88,238
08/18/2006,GJT,CO,ANM,WE,Federal Contract Tower,4,51,16,3,74,0,4,68,2,74,4,55,84,5,148,20,2,22,170
08/19/2006,GJT,CO,ANM,WE,Federal Contract Tower,3,30,8,2,43,0,8,37,6,51,3,38,45,8,94,42,12,54,148
08/20/2006,GJT,CO,ANM,WE,Federal Contract Tower,0,36,7,9,52,0,4,64,0,68,0,40,71,9,120,0,4,4,124
08/21/2006,GJT,CO,ANM,WE,Federal Contract Tower,3,38,21,4,66,0,3,73,7,83,3,41,94,11,149,88,0,88,237
08/22/2006,GJT,CO,ANM,WE,Federal Contract Tower,2,43,21,4,70,0,8,76,2,86,2,51,97,6,156,54,8,62,218
08/23/2006,GJT,CO,ANM,WE,Federal Contract Tower,4,12,47,1,64,0,38,20,7,65,4,50,67,8,129,48,0,48,177
08/24/2006,GJT,CO,ANM,WE,Federal Contract Tower,2,48,19,2,71,0,2,58,4,64,2,50,77,6,135,36,0,36,171
08/25/2006,GJT,CO,ANM,WE,Federal Contract Tower,4,43,24,7,78,0,2,79,3,84,4,45,103,10,162,48,6,54,216
08/26/2006,GJT,CO,ANM,WE,Federal Contract Tower,3,26,6,2,37,0,4,37,0,41,3,30,43,2,78,18,2,20,98
08/27/2006,GJT,CO,ANM,WE,Federal Contract Tower,0,40,10,2,52,0,7,82,0,89,0,47,92,2,141,32,2,34,175
08/28/2006,GJT,CO,ANM,WE,Federal Contract Tower,1,41,16,0,58,0,7,83,0,90,1,48,99,0,148,72,0,72,220
08/29/2006,GJT,CO,ANM,WE,Federal Contract Tower,6,51,28,0,85,0,8,83,0,91,6,59,111,0,176,100,0,100,276
08/30/2006,GJT,CO,ANM,WE,Federal Contract Tower,6,45,22,4,77,0,3,83,6,92,6,48,105,10,169,38,14,52,221
08/31/2006,GJT,CO,ANM,WE,Federal Contract Tower,8,54,20,4,86,0,1,63,7,71,8,55,83,11,157,48,14,62,219
09/01/2006,GJT,CO,ANM,WE,Federal Contract Tower,4,41,20,9,74,0,10,70,2,82,4,51,90,11,156,62,0,62,218
09/02/2006,GJT,CO,ANM,WE,Federal Contract Tower,3,30,10,3,46,0,4,77,3,84,3,34,87,6,130,30,0,30,160
09/03/2006,GJT,CO,ANM,WE,Federal Contract Tower,0,41,5,0,46,0,6,57,1,64,0,47,62,1,110,38,0,38,148
09/04/2006,GJT,CO,ANM,WE,Federal Contract Tower,0,35,11,1,47,0,8,60,1,69,0,43,71,2,116,24,0,24,140
09/05/2006,GJT,CO,ANM,WE,Federal Contract Tower,1,48,13,6,68,0,10,67,2,79,1,58,80,8,147,66,28,94,241
09/06/2006,GJT,CO,ANM,WE,Federal Contract Tower,6,40,22,6,74,0,10,59,0,69,6,50,81,6,143,44,6,50,193
09/07/2006,GJT,CO,ANM,WE,Federal Contract Tower,4,41,21,4,70,0,6,50,2,58,4,47,71,6,128,38,0,38,166
09/08/2006,GJT,CO,ANM,WE,Federal Contract Tower,4,54,34,6,98,0,4,19,3,26,4,58,53,9,124,6,0,6,130
09/09/2006,GJT,CO,ANM,WE,Federal Contract Tower,3,36,16,2,57,0,5,52,6,63,3,41,68,8,120,48,12,60,180
09/10/2006,GJT,CO,ANM,WE,Federal Contract Tower,0,35,12,6,53,0,5,45,0,50,0,40,57,6,103,64,0,64,167
09/11/2006,GJT,CO,ANM,WE,Federal Contract Tower,1,46,12,2,61,0,5,71,0,76,1,51,83,2,137,74,2,76,213
09/12/2006,GJT,CO,ANM,WE,Federal Contract Tower,4,46,28,2,80,0,9,74,4,87,4,55,102,6,167,68,14,82,249
09/13/2006,GJT,CO,ANM,WE,Federal Contract Tower,6,43,22,4,75,0,7,104,6,117,6,50,126,10,192,46,13,59,251
09/14/2006,GJT,CO,ANM,WE,Federal Contract Tower,4,54,25,1,84,0,2,58,0,60,4,56,83,1,144,32,0,32,176
09/15/2006,GJT,CO,ANM,WE,Federal Contract Tower,6,54,24,3,87,0,4,20,0,24,6,58,44,3,111,10,0,10,121
09/16/2006,GJT,CO,ANM,WE,Federal Contract Tower,3,34,10,1,48,0,0,13,0,13,3,34,23,1,61,0,0,0,61
09/17/2006,GJT,CO,ANM,WE,Federal Contract Tower,0,38,12,5,55,0,8,73,3,84,0,46,85,8,139,36,2,38,177
09/18/2006,GJT,CO,ANM,WE,Federal Contract Tower,4,41,22,2,69,0,4,93,4,101,4,45,115,6,170,42,0,42,212
09/19/2006,GJT,CO,ANM,WE,Federal Contract Tower,4,46,34,1,85,0,0,77,0,77,4,46,111,1,162,64,0,64,226
09/20/2006,GJT,CO,ANM,WE,Federal Contract Tower,8,45,22,6,81,0,0,44,0,44,8,45,66,6,125,14,18,32,157
09/21/2006,GJT,CO,ANM,WE,Federal Contract Tower,4,55,17,9,85,0,8,46,3,57,4,63,63,12,142,60,26,86,228
09/22/2006,GJT,CO,ANM,WE,Federal Contract Tower,7,66,22,2,97,0,0,13,0,13,7,66,35,2,110,6,1,7,117
09/23/2006,GJT,CO,ANM,WE,Federal Contract Tower,3,33,9,0,45,0,5,44,0,49,3,38,53,0,94,42,0,42,136
09/24/2006,GJT,CO,ANM,WE,Federal Contract Tower,1,37,10,25,73,0,4,58,3,65,1,41,68,28,138,60,2,62,200
09/25/2006,GJT,CO,ANM,WE,Federal Contract Tower,1,43,25,2,71,0,10,75,6,91,1,53,100,8,162,46,22,68,230
09/26/2006,GJT,CO,ANM,WE,Federal Contract Tower,4,42,16,0,62,0,10,69,1,80,4,52,85,1,142,32,0,32,174
09/27/2006,GJT,CO,ANM,WE,Federal Contract Tower,6,37,39,0,82,0,16,79,0,95,6,53,118,0,177,56,0,56,233
09/28/2006,GJT,CO,ANM,WE,Federal Contract Tower,6,50,28,8,92,0,2,73,0,75,6,52,101,8,167,36,0,36,203
09/29/2006,GJT,CO,ANM,WE,Federal Contract Tower,5,47,24,2,78,0,5,86,0,91,5,52,110,2,169,58,0,58,227
09/30/2006,GJT,CO,ANM,WE,Federal Contract Tower,3,29,11,0,43,0,8,109,0,117,3,37,120,0,160,36,0,36,196
10/01/2006,GJT,CO,ANM,WE,Federal Contract Tower,2,38,12,0,52,0,8,67,0,75,2,46,79,0,127,8,0,8,135
10/02/2006,GJT,CO,ANM,WE,Federal Contract Tower,1,42,16,1,60,0,7,54,1,62,1,49,70,2,122,64,2,66,188
10/03/2006,GJT,CO,ANM,WE,Federal Contract Tower,4,46,21,4,75,0,8,14,0,22,4,54,35,4,97,18,0,18,115
10/04/2006,GJT,CO,ANM,WE,Federal Contract Tower,6,42,16,4,68,0,4,71,10,85,6,46,87,14,153,64,6,70,223
10/05/2006,GJT,CO,ANM,WE,Federal Contract Tower,5,55,18,1,79,0,3,33,15,51,5,58,51,16,130,50,6,56,186
10/06/2006,GJT,CO,ANM,WE,Federal Contract Tower,7,48,20,2,77,0,0,18,3,21,7,48,38,5,98,18,0,18,116
10/07/2006,GJT,CO,ANM,WE,Federal Contract Tower,3,28,19,2,52,0,0,30,2,32,3,28,49,4,84,30,0,30,114
10/08/2006,GJT,CO,ANM,WE,Federal Contract Tower,0,35,19,1,55,0,0,49,0,49,0,35,68,1,104,36,0,36,140
10/09/2006,GJT,CO,ANM,WE,Federal Contract Tower,3,37,16,3,59,0,6,25,0,31,3,43,41,3,90,116,2,118,208
10/10/2006,GJT,CO,ANM,WE,Federal Contract Tower,6,46,24,1,77,0,5,53,0,58,6,51,77,1,135,89,0,89,224
10/11/2006,GJT,CO,ANM,WE,Federal Contract Tower,6,44,23,4,77,0,3,63,13,79,6,47,86,17,156,68,10,78,234
10/12/2006,GJT,CO,ANM,WE,Federal Contract Tower,4,39,29,3,75,0,6,92,4,102,4,45,121,7,177,42,18,60,237
10/13/2006,GJT,CO,ANM,WE,Federal Contract Tower,3,50,18,4,75,0,5,89,0,94,3,55,107,4,169,76,0,76,245
10/14/2006,GJT,CO,ANM,WE,Federal Contract Tower,4,24,11,0,39,0,2,21,0,23,4,26,32,0,62,12,0,12,74
10/15/2006,GJT,CO,ANM,WE,Federal Contract Tower,2,36,31,1,70,0,6,26,0,32,2,42,57,1,102,36,0,36,138
10/16/2006,GJT,CO,ANM,WE,Federal Contract Tower,1,37,13,1,52,0,5,40,0,45,1,42,53,1,97,28,0,28,125
10/17/2006,GJT,CO,ANM,WE,Federal Contract Tower,4,50,21,2,77,0,4,6,0,10,4,54,27,2,87,14,0,14,101
10/18/2006,GJT,CO,ANM,WE,Federal Contract Tower,6,48,23,0,77,0,2,75,8,85,6,50,98,8,162,62,0,62,224
10/19/2006,GJT,CO,ANM,WE,Federal Contract Tower,4,51,15,4,74,0,6,80,3,89,4,57,95,7,163,84,0,84,247
10/20/2006,GJT,CO,ANM,WE,Federal Contract Tower,5,42,20,4,71,0,6,43,6,55,5,48,63,10,126,56,0,56,182
10/21/2006,GJT,CO,ANM,WE,Federal Contract Tower,3,30,10,0,43,0,6,75,0,81,3,36,85,0,124,76,0,76,200
10/22/2006,GJT,CO,ANM,WE,Federal Contract Tower,0,42,22,8,72,0,8,28,2,38,0,50,50,10,110,40,8,48,158
10/23/2006,GJT,CO,ANM,WE,Federal Contract Tower,1,38,13,1,53,0,8,53,0,61,1,46,66,1,114,50,0,50,164
10/24/2006,GJT,CO,ANM,WE,Federal Contract Tower,4,43,15,7,69,0,8,109,0,117,4,51,124,7,186,48,6,54,240
10/25/2006,GJT,CO,ANM,WE,Federal Contract Tower,6,51,25,2,84,0,6,24,0,30,6,57,49,2,114,14,0,14,128
10/26/2006,GJT,CO,ANM,WE,Federal Contract Tower,6,46,19,2,73,0,5,22,0,27,6,51,41,2,100,2,0,2,102
10/27/2006,GJT,CO,ANM,WE,Federal Contract Tower,4,44,26,3,77,0,8,53,6,67,4,52,79,9,144,64,4,68,212
10/28/2006,GJT,CO,ANM,WE,Federal Contract Tower,5,31,12,4,52,3,12,65,19,99,8,43,77,23,151,64,42,106,257
10/29/2006,GJT,CO,ANM,WE,Federal Contract Tower,0,35,14,4,53,0,4,71,0,75,0,39,85,4,128,48,0,48,176
10/30/2006,GJT,CO,ANM,WE,Federal Contract Tower,1,40,23,1,65,0,6,75,1,82,1,46,98,2,147,88,14,102,249
10/31/2006,GJT,CO,ANM,WE,Federal Contract Tower,4,43,15,0,62,0,7,59,0,66,4,50,74,0,128,40,0,40,168
11/01/2006,GJT,CO,ANM,WE,Federal Contract Tower,6,49,30,3,88,0,1,49,2,52,6,50,79,5,140,28,12,40,180
11/02/2006,GJT,CO,ANM,WE,Federal Contract Tower,4,42,22,1,69,0,8,49,1,58,4,50,71,2,127,66,0,66,193
11/03/2006,GJT,CO,ANM,WE,Federal Contract Tower,4,52,17,10,83,0,4,61,2,67,4,56,78,12,150,62,0,62,212
11/04/2006,GJT,CO,ANM,WE,Federal Contract Tower,3,27,10,12,52,0,4,48,8,60,3,31,58,20,112,46,4,50,162
11/05/2006,GJT,CO,ANM,WE,Federal Contract Tower,0,38,14,4,56,0,2,34,0,36,0,40,48,4,92,0,0,0,92
11/06/2006,GJT,CO,ANM,WE,Federal Contract Tower,1,39,15,7,62,0,6,61,1,68,1,45,76,8,130,48,24,72,202
11/07/2006,GJT,CO,ANM,WE,Federal Contract Tower,4,47,24,1,76,0,9,83,0,92,4,56,107,1,168,68,0,68,236
11/08/2006,GJT,CO,ANM,WE,Federal Contract Tower,6,41,34,4,85,0,9,72,2,83,6,50,106,6,168,60,0,60,228
11/09/2006,GJT,CO,ANM,WE,Federal Contract Tower,4,42,19,6,71,0,3,43,2,48,4,45,62,8,119,44,10,54,173
11/10/2006,GJT,CO,ANM,WE,Federal Contract Tower,4,44,24,1,73,0,3,77,1,81,4,47,101,2,154,50,0,50,204
11/11/2006,GJT,CO,ANM,WE,Federal Contract Tower,3,27,10,4,44,0,4,48,2,54,3,31,58,6,98,68,0,68,166
11/12/2006,GJT,CO,ANM,WE,Federal Contract Tower,0,33,9,4,46,0,2,17,0,19,0,35,26,4,65,4,0,4,69
11/13/2006,GJT,CO,ANM,WE,Federal Contract Tower,1,60,32,7,100,0,6,38,0,44,1,66,70,7,144,34,46,80,224
11/14/2006,GJT,CO,ANM,WE,Federal Contract Tower,4,61,27,1,93,0,9,31,0,40,4,70,58,1,133,40,0,40,173
11/15/2006,GJT,CO,ANM,WE,Federal Contract Tower,6,41,26,4,77,0,7,80,0,87,6,48,106,4,164,56,0,56,220
11/16/2006,GJT,CO,ANM,WE,Federal Contract Tower,4,50,22,2,78,0,2,50,0,52,4,52,72,2,130,68,0,68,198
11/17/2006,GJT,CO,ANM,WE,Federal Contract Tower,4,44,29,8,85,0,5,42,1,48,4,49,71,9,133,62,14,76,209
11/18/2006,GJT,CO,ANM,WE,Federal Contract Tower,3,29,9,5,46,0,5,63,7,75,3,34,72,12,121,48,16,64,185
11/19/2006,GJT,CO,ANM,WE,Federal Contract Tower,0,35,9,2,46,0,6,50,0,56,0,41,59,2,102,24,0,24,126
11/20/2006,GJT,CO,ANM,WE,Federal Contract Tower,3,43,9,0,55,0,10,94,3,107,3,53,103,3,162,132,6,138,300
11/21/2006,GJT,CO,ANM,WE,Federal Contract Tower,4,49,24,2,79,0,15,111,1,127,4,64,135,3,206,116,0,116,322
11/22/2006,GJT,CO,ANM,WE,Federal Contract Tower,7,48,22,2,79,0,12,57,0,69,7,60,79,2,148,76,0,76,224
11/23/2006,GJT,CO,ANM,WE,Federal Contract Tower,3,29,2,0,34,0,2,23,0,25,3,31,25,0,59,4,0,4,63
11/24/2006,GJT,CO,ANM,WE,Federal Contract Tower,4,40,3,0,47,0,3,51,0,54,4,43,54,0,101,50,0,50,151
11/25/2006,GJT,CO,ANM,WE,Federal Contract Tower,5,30,10,0,45,0,6,63,0,69,5,36,73,0,114,50,0,50,164
11/26/2006,GJT,CO,ANM,WE,Federal Contract Tower,0,34,20,0,54,0,0,34,0,34,0,34,54,0,88,94,0,94,182
11/27/2006,GJT,CO,ANM,WE,Federal Contract Tower,1,45,19,9,74,0,10,29,0,39,1,55,48,9,113,20,46,66,179
11/28/2006,GJT,CO,ANM,WE,Federal Contract Tower,4,59,21,0,84,0,0,1,0,1,4,59,22,0,85,3,0,3,88
11/29/2006,GJT,CO,ANM,WE,Federal Contract Tower,6,48,31,0,85,0,0,30,0,30,6,48,61,0,115,21,0,21,136
11/30/2006,GJT,CO,ANM,WE,Federal Contract Tower,4,45,26,2,77,0,4,37,2,43,4,49,63,4,120,56,0,56,176
12/01/2006,GJT,CO,ANM,WE,Federal Contract Tower,4,49,22,1,76,0,2,40,0,42,4,51,62,1,118,108,0,108,226
12/02/2006,GJT,CO,ANM,WE,Federal Contract Tower,7,31,12,6,56,0,10,47,4,61,7,41,59,10,117,54,26,80,197
12/03/2006,GJT,CO,ANM,WE,Federal Contract Tower,2,34,8,2,46,0,6,45,0,51,2,40,53,2,97,10,0,10,107
12/04/2006,GJT,CO,ANM,WE,Federal Contract Tower,1,46,19,0,66,0,10,62,0,72,1,56,81,0,138,70,0,70,208
12/05/2006,GJT,CO,ANM,WE,Federal Contract Tower,4,45,19,0,68,0,9,66,0,75,4,54,85,0,143,86,0,86,229
12/06/2006,GJT,CO,ANM,WE,Federal Contract Tower,6,44,15,0,65,0,2,36,0,38,6,46,51,0,103,20,0,20,123
12/07/2006,GJT,CO,ANM,WE,Federal Contract Tower,4,45,4,2,55,0,4,72,4,80,4,49,76,6,135,64,0,64,199
12/08/2006,GJT,CO,ANM,WE,Federal Contract Tower,4,46,23,8,81,0,10,78,4,92,4,56,101,12,173,88,4,92,265
12/09/2006,GJT,CO,ANM,WE,Federal Contract Tower,3,33,10,2,48,0,6,97,3,106,3,39,107,5,154,32,24,56,210
12/10/2006,GJT,CO,ANM,WE,Federal Contract Tower,0,35,25,5,65,0,2,21,0,23,0,37,46,5,88,32,6,38,126
12/11/2006,GJT,CO,ANM,WE,Federal Contract Tower,1,51,25,0,77,0,0,6,0,6,1,51,31,0,83,2,0,2,85
12/12/2006,GJT,CO,ANM,WE,Federal Contract Tower,4,53,21,1,79,0,8,37,0,45,4,61,58,1,124,42,0,42,166
12/13/2006,GJT,CO,ANM,WE,Federal Contract Tower,6,46,27,4,83,0,3,40,0,43,6,49,67,4,126,32,10,42,168
12/14/2006,GJT,CO,ANM,WE,Federal Contract Tower,4,59,21,4,88,0,7,39,0,46,4,66,60,4,134,50,24,74,208
12/15/2006,GJT,CO,ANM,WE,Federal Contract Tower,4,55,18,5,82,0,7,35,1,43,4,62,53,6,125,38,6,44,169
12/16/2006,GJT,CO,ANM,WE,Federal Contract Tower,3,29,15,0,47,0,2,26,0,28,3,31,41,0,75,6,0,6,81
12/17/2006,GJT,CO,ANM,WE,Federal Contract Tower,2,64,39,2,107,0,2,4,0,6,2,66,43,2,113,12,0,12,125
12/18/2006,GJT,CO,ANM,WE,Federal Contract Tower,1,44,23,6,74,0,12,53,0,65,1,56,76,6,139,60,4,64,203
12/19/2006,GJT,CO,ANM,WE,Federal Contract Tower,4,69,21,0,94,0,0,0,0,0,4,69,21,0,94,0,0,0,94
12/20/2006,GJT,CO,ANM,WE,Federal Contract Tower,25,120,76,0,221,0,0,11,0,11,25,120,87,0,232,20,0,20,252
12/21/2006,GJT,CO,ANM,WE,Federal Contract Tower,7,96,64,0,167,0,0,40,2,42,7,96,104,2,209,30,0,30,239
12/22/2006,GJT,CO,ANM,WE,Federal Contract Tower,6,79,71,0,156,0,0,10,0,10,6,79,81,0,166,4,0,4,170
12/23/2006,GJT,CO,ANM,WE,Federal Contract Tower,5,63,27,0,95,0,7,37,0,44,5,70,64,0,139,30,0,30,169
12/24/2006,GJT,CO,ANM,WE,Federal Contract Tower,1,43,5,0,49,0,2,27,0,29,1,45,32,0,78,24,0,24,102
12/25/2006,GJT,CO,ANM,WE,Federal Contract Tower,0,42,3,0,45,0,0,9,0,9,0,42,12,0,54,0,0,0,54
12/26/2006,GJT,CO,ANM,WE,Federal Contract Tower,1,74,62,0,137,0,8,53,0,61,1,82,115,0,198,30,0,30,228
12/27/2006,GJT,CO,ANM,WE,Federal Contract Tower,4,62,47,0,113,0,6,29,0,35,4,68,76,0,148,22,0,22,170
12/28/2006,GJT,CO,ANM,WE,Federal Contract Tower,4,79,47,0,130,0,8,16,0,24,4,87,63,0,154,26,0,26,180
12/29/2006,GJT,CO,ANM,WE,Federal Contract Tower,2,54,30,0,86,0,4,23,0,27,2,58,53,0,113,6,0,6,119
12/30/2006,GJT,CO,ANM,WE,Federal Contract Tower,3,55,17,0,75,0,1,53,0,54,3,56,70,0,129,40,0,40,169
12/31/2006,GJT,CO,ANM,WE,Federal Contract Tower,0,46,11,0,57,0,2,54,0,56,0,48,65,0,113,46,0,46,159
01/01/2007,GJT,CO,ANM,WE,Federal Contract Tower,0,52,16,0,68,0,4,36,0,40,0,56,52,0,108,12,0,12,120
01/02/2007,GJT,CO,ANM,WE,Federal Contract Tower,3,71,28,0,102,0,6,74,0,80,3,77,102,0,182,68,0,68,250
01/03/2007,GJT,CO,ANM,WE,Federal Contract Tower,10,50,16,0,76,0,0,59,0,59,10,50,75,0,135,42,0,42,177
01/04/2007,GJT,CO,ANM,WE,Federal Contract Tower,4,57,22,6,89,0,3,54,0,57,4,60,76,6,146,48,6,54,200
01/05/2007,GJT,CO,ANM,WE,Federal Contract Tower,6,68,11,0,85,0,2,26,0,28,6,70,37,0,113,12,0,12,125
01/06/2007,GJT,CO,ANM,WE,Federal Contract Tower,3,46,21,0,70,0,5,40,0,45,3,51,61,0,115,56,0,56,171
01/07/2007,GJT,CO,ANM,WE,Federal Contract Tower,0,44,11,2,57,0,4,48,0,52,0,48,59,2,109,70,0,70,179
01/08/2007,GJT,CO,ANM,WE,Federal Contract Tower,1,47,11,0,59,0,5,63,0,68,1,52,74,0,127,48,0,48,175
01/09/2007,GJT,CO,ANM,WE,Federal Contract Tower,4,54,18,4,80,0,6,97,0,103,4,60,115,4,183,50,4,54,237
01/10/2007,GJT,CO,ANM,WE,Federal Contract Tower,6,41,30,2,79,0,17,89,0,106,6,58,119,2,185,94,10,104,289
01/11/2007,GJT,CO,ANM,WE,Federal Contract Tower,4,55,29,3,91,0,4,32,0,36,4,59,61,3,127,32,20,52,179
01/12/2007,GJT,CO,ANM,WE,Federal Contract Tower,6,68,39,0,113,0,2,6,0,8,6,70,45,0,121,0,0,0,121
01/13/2007,GJT,CO,ANM,WE,Federal Contract Tower,5,45,14,0,64,0,0,6,0,6,5,45,20,0,70,4,0,4,74
01/14/2007,GJT,CO,ANM,WE,Federal Contract Tower,2,58,30,2,92,0,6,9,0,15,2,64,39,2,107,4,4,8,115
01/15/2007,GJT,CO,ANM,WE,Federal Contract Tower,1,50,27,2,80,0,5,37,6,48,1,55,64,8,128,34,0,34,162
01/16/2007,GJT,CO,ANM,WE,Federal Contract Tower,5,51,22,0,78,0,9,71,0,80,5,60,93,0,158,52,0,52,210
01/17/2007,GJT,CO,ANM,WE,Federal Contract Tower,6,48,20,1,75,0,14,45,0,59,6,62,65,1,134,58,12,70,204
01/18/2007,GJT,CO,ANM,WE,Federal Contract Tower,5,57,31,4,97,0,0,49,0,49,5,57,80,4,146,72,0,72,218
01/19/2007,GJT,CO,ANM,WE,Federal Contract Tower,4,47,11,8,70,0,4,73,4,81,4,51,84,12,151,72,0,72,223
01/20/2007,GJT,CO,ANM,WE,Federal Contract Tower,3,31,8,1,43,0,7,77,0,84,3,38,85,1,127,72,0,72,199
01/21/2007,GJT,CO,ANM,WE,Federal Contract Tower,0,46,12,8,66,0,6,15,0,21,0,52,27,8,87,58,12,70,157
01/22/2007,GJT,CO,ANM,WE,Federal Contract Tower,1,48,20,1,70,0,8,59,0,67,1,56,79,1,137,62,0,62,199
01/23/2007,GJT,CO,ANM,WE,Federal Contract Tower,3,47,27,6,83,0,5,71,0,76,3,52,98,6,159,52,42,94,253
01/24/2007,GJT,CO,ANM,WE,Federal Contract Tower,7,48,21,7,83,0,7,72,0,79,7,55,93,7,162,50,28,78,240
01/25/2007,GJT,CO,ANM,WE,Federal Contract Tower,4,47,19,2,72,0,3,60,3,66,4,50,79,5,138,54,44,98,236
01/26/2007,GJT,CO,ANM,WE,Federal Contract Tower,12,49,20,6,87,0,2,59,2,63,12,51,79,8,150,60,4,64,214
01/27/2007,GJT,CO,ANM,WE,Federal Contract Tower,3,34,12,0,49,0,6,51,0,57,3,40,63,0,106,30,0,30,136
01/28/2007,GJT,CO,ANM,WE,Federal Contract Tower,0,43,29,2,74,0,4,50,0,54,0,47,79,2,128,16,0,16,144
01/29/2007,GJT,CO,ANM,WE,Federal Contract Tower,1,47,22,0,70,0,7,67,0,74,1,54,89,0,144,56,0,56,200
01/30/2007,GJT,CO,ANM,WE,Federal Contract Tower,4,57,23,4,88,0,10,73,2,85,4,67,96,6,173,82,28,110,283
01/31/2007,GJT,CO,ANM,WE,Federal Contract Tower,6,53,31,0,90,0,10,12,0,22,6,63,43,0,112,26,0,26,138
02/01/2007,GJT,CO,ANM,WE,Federal Contract Tower,6,60,33,0,99,0,10,34,0,44,6,70,67,0,143,66,0,66,209
02/02/2007,GJT,CO,ANM,WE,Federal Contract Tower,6,57,44,4,111,0,2,53,0,55,6,59,97,4,166,50,16,66,232
02/03/2007,GJT,CO,ANM,WE,Federal Contract Tower,3,31,12,2,48,1,4,43,2,50,4,35,55,4,98,46,0,46,144
02/04/2007,GJT,CO,ANM,WE,Federal Contract Tower,2,37,12,0,51,0,4,55,0,59,2,41,67,0,110,34,0,34,144
02/05/2007,GJT,CO,ANM,WE,Federal Contract Tower,1,45,16,0,62,0,12,85,0,97,1,57,101,0,159,114,0,114,273
02/06/2007,GJT,CO,ANM,WE,Federal Contract Tower,4,49,23,2,78,0,10,69,0,79,4,59,92,2,157,56,16,72,229
02/07/2007,GJT,CO,ANM,WE,Federal Contract Tower,6,54,19,3,82,0,7,73,3,83,6,61,92,6,165,82,16,98,263
02/08/2007,GJT,CO,ANM,WE,Federal Contract Tower,12,55,22,6,95,0,6,48,2,56,12,61,70,8,151,38,20,58,209
02/09/2007,GJT,CO,ANM,WE,Federal Contract Tower,7,46,21,2,76,0,4,65,0,69,7,50,86,2,145,56,10,66,211
02/10/2007,GJT,CO,ANM,WE,Federal Contract Tower,3,44,12,0,59,0,2,40,0,42,3,46,52,0,101,30,0,30,131
02/11/2007,GJT,CO,ANM,WE,Federal Contract Tower,0,49,26,2,77,0,6,9,0,15,0,55,35,2,92,26,0,26,118
02/12/2007,GJT,CO,ANM,WE,Federal Contract Tower,2,49,24,2,77,0,7,40,0,47,2,56,64,2,124,52,0,52,176
02/13/2007,GJT,CO,ANM,WE,Federal Contract Tower,5,50,26,0,81,0,4,10,0,14,5,54,36,0,95,8,0,8,103
02/14/2007,GJT,CO,ANM,WE,Federal Contract Tower,6,55,20,4,85,0,0,27,0,27,6,55,47,4,112,68,12,80,192
02/15/2007,GJT,CO,ANM,WE,Federal Contract Tower,4,63,38,2,107,0,2,52,1,55,4,65,90,3,162,50,0,50,212
02/16/2007,GJT,CO,ANM,WE,Federal Contract Tower,7,106,50,1,164,0,4,42,1,47,7,110,92,2,211,56,0,56,267
02/17/2007,GJT,CO,ANM,WE,Federal Contract Tower,6,44,19,2,71,0,3,71,9,83,6,47,90,11,154,50,40,90,244
02/18/2007,GJT,CO,ANM,WE,Federal Contract Tower,0,48,18,4,70,0,8,64,0,72,0,56,82,4,142,58,20,78,220
02/19/2007,GJT,CO,ANM,WE,Federal Contract Tower,2,119,40,2,163,0,9,38,0,47,2,128,78,2,210,46,0,46,256
02/20/2007,GJT,CO,ANM,WE,Federal Contract Tower,4,64,19,2,89,0,10,79,0,89,4,74,98,2,178,80,16,96,274
02/21/2007,GJT,CO,ANM,WE,Federal Contract Tower,6,49,18,2,75,0,8,95,0,103,6,57,113,2,178,62,0,62,240
02/22/2007,GJT,CO,ANM,WE,Federal Contract Tower,4,52,19,4,79,0,8,66,0,74,4,60,85,4,153,72,0,72,225
02/23/2007,GJT,CO,ANM,WE,Federal Contract Tower,8,64,29,3,104,0,3,18,1,22,8,67,47,4,126,10,0,10,136
02/24/2007,GJT,CO,ANM,WE,Federal Contract Tower,8,39,17,5,69,0,6,46,3,55,8,45,63,8,124,46,20,66,190
02/25/2007,GJT,CO,ANM,WE,Federal Contract Tower,0,42,10,10,62,0,1,25,0,26,0,43,35,10,88,22,22,44,132
02/26/2007,GJT,CO,ANM,WE,Federal Contract Tower,1,58,35,2,96,0,4,41,0,45,1,62,76,2,141,56,0,56,197
02/27/2007,GJT,CO,ANM,WE,Federal Contract Tower,10,63,38,0,111,0,6,12,0,18,10,69,50,0,129,22,0,22,151
02/28/2007,GJT,CO,ANM,WE,Federal Contract Tower,10,77,46,0,133,0,0,8,0,8,10,77,54,0,141,2,0,2,143
03/01/2007,GJT,CO,ANM,WE,Federal Contract Tower,6,59,18,6,89,0,2,18,0,20,6,61,36,6,109,6,24,30,139
03/02/2007,GJT,CO,ANM,WE,Federal Contract Tower,8,67,32,2,109,0,2,35,0,37,8,69,67,2,146,38,0,38,184
03/03/2007,GJT,CO,ANM,WE,Federal Contract Tower,1,38,9,8,56,0,3,81,9,93,1,41,90,17,149,78,18,96,245
03/04/2007,GJT,CO,ANM,WE,Federal Contract Tower,2,46,13,2,63,0,0,82,0,82,2,46,95,2,145,30,4,34,179
03/05/2007,GJT,CO,ANM,WE,Federal Contract Tower,3,38,12,4,57,0,5,91,0,96,3,43,103,4,153,60,4,64,217
03/06/2007,GJT,CO,ANM,WE,Federal Contract Tower,6,48,15,6,75,0,6,81,0,87,6,54,96,6,162,56,30,86,248
03/07/2007,GJT,CO,ANM,WE,Federal Contract Tower,4,46,18,4,72,0,0,64,4,68,4,46,82,8,140,58,30,88,228
03/08/2007,GJT,CO,ANM,WE,Federal Contract Tower,6,61,32,4,103,0,2,39,0,41,6,63,71,4,144,60,22,82,226
03/09/2007,GJT,CO,ANM,WE,Federal Contract Tower,4,53,19,8,84,0,4,63,4,71,4,57,82,12,155,56,0,56,211
03/10/2007,GJT,CO,ANM,WE,Federal Contract Tower,3,41,19,6,69,0,2,15,6,23,3,43,34,12,92,34,10,44,136
03/11/2007,GJT,CO,ANM,WE,Federal Contract Tower,4,46,15,13,78,0,4,59,0,63,4,50,74,13,141,18,0,18,159
03/12/2007,GJT,CO,ANM,WE,Federal Contract Tower,1,41,13,11,66,0,5,91,1,97,1,46,104,12,163,48,22,70,233
03/13/2007,GJT,CO,ANM,WE,Federal Contract Tower,4,50,12,3,69,0,6,95,3,104,4,56,107,6,173,106,28,134,307
03/14/2007,GJT,CO,ANM,WE,Federal Contract Tower,4,41,18,0,63,0,2,62,0,64,4,43,80,0,127,88,0,88,215
03/15/2007,GJT,CO,ANM,WE,Federal Contract Tower,6,49,20,6,81,0,2,65,0,67,6,51,85,6,148,72,0,72,220
03/16/2007,GJT,CO,ANM,WE,Federal Contract Tower,4,54,17,2,77,0,3,85,0,88,4,57,102,2,165,70,0,70,235
03/17/2007,GJT,CO,ANM,WE,Federal Contract Tower,1,31,22,0,54,1,6,95,0,102,2,37,117,0,156,40,0,40,196
03/18/2007,GJT,CO,ANM,WE,Federal Contract Tower,4,39,13,0,56,0,3,55,1,59,4,42,68,1,115,28,0,28,143
03/19/2007,GJT,CO,ANM,WE,Federal Contract Tower,1,43,18,4,66,0,5,84,0,89,1,48,102,4,155,80,22,102,257
03/20/2007,GJT,CO,ANM,WE,Federal Contract Tower,4,52,20,8,84,0,12,94,0,106,4,64,114,8,190,62,38,100,290
03/21/2007,GJT,CO,ANM,WE,Federal Contract Tower,6,46,20,5,77,0,1,19,0,20,6,47,39,5,97,32,14,46,143
03/22/2007,GJT,CO,ANM,WE,Federal Contract Tower,6,46,27,4,83,0,1,47,0,48,6,47,74,4,131,72,26,98,229
03/23/2007,GJT,CO,ANM,WE,Federal Contract Tower,4,54,25,4,87,0,0,46,0,46,4,54,71,4,133,66,8,74,207
03/24/2007,GJT,CO,ANM,WE,Federal Contract Tower,7,76,39,0,122,0,0,14,0,14,7,76,53,0,136,24,0,24,160
03/25/2007,GJT,CO,ANM,WE,Federal Contract Tower,2,45,25,2,74,0,0,59,0,59,2,45,84,2,133,58,0,58,191
03/26/2007,GJT,CO,ANM,WE,Federal Contract Tower,1,46,24,2,73,0,8,54,2,64,1,54,78,4,137,92,20,112,249
03/27/2007,GJT,CO,ANM,WE,Federal Contract Tower,4,48,29,2,83,0,10,21,0,31,4,58,50,2,114,8,0,8,122
03/28/2007,GJT,CO,ANM,WE,Federal Contract Tower,6,54,35,4,99,0,2,0,10,12,6,56,35,14,111,2,24,26,137
03/29/2007,GJT,CO,ANM,WE,Federal Contract Tower,6,57,27,0,90,0,2,19,0,21,6,59,46,0,111,54,0,54,165
03/30/2007,GJT,CO,ANM,WE,Federal Contract Tower,4,50,26,10,90,0,4,55,4,63,4,54,81,14,153,76,26,102,255
03/31/2007,GJT,CO,ANM,WE,Federal Contract Tower,1,42,14,9,66,0,4,67,18,89,1,46,81,27,155,60,34,94,249
04/01/2007,GJT,CO,ANM,WE,Federal Contract Tower,2,42,13,2,59,0,2,47,0,49,2,44,60,2,108,24,0,24,132
04/02/2007,GJT,CO,ANM,WE,Federal Contract Tower,1,41,20,0,62,0,2,55,2,59,1,43,75,2,121,44,0,44,165
04/03/2007,GJT,CO,ANM,WE,Federal Contract Tower,6,48,17,5,76,0,12,126,2,140,6,60,143,7,216,116,72,188,404
04/04/2007,GJT,CO,ANM,WE,Federal Contract Tower,6,42,10,5,63,0,8,67,0,75,6,50,77,5,138,30,32,62,200
04/05/2007,GJT,CO,ANM,WE,Federal Contract Tower,6,50,19,6,81,0,4,57,2,63,6,54,76,8,144,108,38,146,290
04/06/2007,GJT,CO,ANM,WE,Federal Contract Tower,6,52,20,0,78,0,6,59,0,65,6,58,79,0,143,102,0,102,245
04/07/2007,GJT,CO,ANM,WE,Federal Contract Tower,3,37,8,2,50,0,6,43,0,49,3,43,51,2,99,28,0,28,127
04/08/2007,GJT,CO,ANM,WE,Federal Contract Tower,2,41,11,0,54,0,0,10,0,10,2,41,21,0,64,8,0,8,72
04/09/2007,GJT,CO,ANM,WE,Federal Contract Tower,1,52,24,0,77,0,7,60,0,67,1,59,84,0,144,104,0,104,248
04/10/2007,GJT,CO,ANM,WE,Federal Contract Tower,5,54,24,2,85,0,6,31,0,37,5,60,55,2,122,12,4,16,138
04/11/2007,GJT,CO,ANM,WE,Federal Contract Tower,4,48,35,0,87,0,2,68,0,70,4,50,103,0,157,102,0,102,259
04/12/2007,GJT,CO,ANM,WE,Federal Contract Tower,5,54,22,0,81,0,1,13,0,14,5,55,35,0,95,64,0,64,159
04/13/2007,GJT,CO,ANM,WE,Federal Contract Tower,5,53,25,2,85,0,7,36,0,43,5,60,61,2,128,40,0,40,168
04/14/2007,GJT,CO,ANM,WE,Federal Contract Tower,1,35,16,8,60,0,2,94,0,96,1,37,110,8,156,82,12,94,250
04/15/2007,GJT,CO,ANM,WE,Federal Contract Tower,2,45,6,6,59,0,6,49,0,55,2,51,55,6,114,36,0,36,150
04/16/2007,GJT,CO,ANM,WE,Federal Contract Tower,3,49,28,2,82,0,1,25,0,26,3,50,53,2,108,76,0,76,184
04/17/2007,GJT,CO,ANM,WE,Federal Contract Tower,4,59,23,4,90,0,3,56,4,63,4,62,79,8,153,82,26,108,261
04/18/2007,GJT,CO,ANM,WE,Federal Contract Tower,2,55,12,0,69,6,0,17,2,25,8,55,29,2,94,8,0,8,102
04/19/2007,GJT,CO,ANM,WE,Federal Contract Tower,9,55,36,4,104,0,4,65,0,69,9,59,101,4,173,92,10,102,275
04/20/2007,GJT,CO,ANM,WE,Federal Contract Tower,6,53,22,6,87,0,6,58,4,68,6,59,80,10,155,38,6,44,199
04/21/2007,GJT,CO,ANM,WE,Federal Contract Tower,1,36,5,4,46,0,2,26,0,28,1,38,31,4,74,38,0,38,112
04/22/2007,GJT,CO,ANM,WE,Federal Contract Tower,1,37,15,10,63,0,0,39,0,39,1,37,54,10,102,54,10,64,166
04/23/2007,GJT,CO,ANM,WE,Federal Contract Tower,1,42,22,0,65,0,2,18,0,20,1,44,40,0,85,10,0,10,95
04/24/2007,GJT,CO,ANM,WE,Federal Contract Tower,5,49,19,1,74,0,5,19,0,24,5,54,38,1,98,32,0,32,130
04/25/2007,GJT,CO,ANM,WE,Federal Contract Tower,4,44,34,6,88,0,8,68,1,77,4,52,102,7,165,102,24,126,291
04/26/2007,GJT,CO,ANM,WE,Federal Contract Tower,6,50,21,8,85,0,4,73,2,79,6,54,94,10,164,56,6,62,226
04/27/2007,GJT,CO,ANM,WE,Federal Contract Tower,4,60,13,12,89,0,4,100,15,119,4,64,113,27,208,102,20,122,330
04/28/2007,GJT,CO,ANM,WE,Federal Contract Tower,1,33,17,11,62,0,5,53,4,62,1,38,70,15,124,66,56,122,246
04/29/2007,GJT,CO,ANM,WE,Federal Contract Tower,1,40,10,4,55,0,5,56,0,61,1,45,66,4,116,62,0,62,178
04/30/2007,GJT,CO,ANM,WE,Federal Contract Tower,1,52,9,4,66,0,4,66,3,73,1,56,75,7,139,56,12,68,207
05/01/2007,GJT,CO,ANM,WE,Federal Contract Tower,4,57,16,2,79,0,8,64,0,72,4,65,80,2,151,50,2,52,203
05/02/2007,GJT,CO,ANM,WE,Federal Contract Tower,4,46,22,0,72,0,9,51,0,60,4,55,73,0,132,38,0,38,170
05/03/2007,GJT,CO,ANM,WE,Federal Contract Tower,5,52,19,2,78,0,4,33,1,38,5,56,52,3,116,16,2,18,134
05/04/2007,GJT,CO,ANM,WE,Federal Contract Tower,7,53,36,9,105,0,2,25,1,28,7,55,61,10,133,24,12,36,169
05/05/2007,GJT,CO,ANM,WE,Federal Contract Tower,3,30,13,0,46,0,2,11,0,13,3,32,24,0,59,24,0,24,83
05/06/2007,GJT,CO,ANM,WE,Federal Contract Tower,0,42,21,2,65,0,1,38,2,41,0,43,59,4,106,38,0,38,144
05/07/2007,GJT,CO,ANM,WE,Federal Contract Tower,3,42,25,1,71,0,3,93,2,98,3,45,118,3,169,122,0,122,291
05/08/2007,GJT,CO,ANM,WE,Federal Contract Tower,4,53,23,2,82,0,8,121,0,129,4,61,144,2,211,168,0,168,379
05/09/2007,GJT,CO,ANM,WE,Federal Contract Tower,5,49,23,0,77,0,11,81,0,92,5,60,104,0,169,106,0,106,275
05/10/2007,GJT,CO,ANM,WE,Federal Contract Tower,6,52,29,2,89,0,7,93,0,100,6,59,122,2,189,152,12,164,353
05/11/2007,GJT,CO,ANM,WE,Federal Contract Tower,4,60,18,7,89,0,4,80,0,84,4,64,98,7,173,76,22,98,271
05/12/2007,GJT,CO,ANM,WE,Federal Contract Tower,1,34,9,6,50,1,4,80,3,88,2,38,89,9,138,54,34,88,226
05/13/2007,GJT,CO,ANM,WE,Federal Contract Tower,2,40,7,4,53,0,5,26,4,35,2,45,33,8,88,54,0,54,142
05/14/2007,GJT,CO,ANM,WE,Federal Contract Tower,2,48,16,2,68,0,2,63,0,65,2,50,79,2,133,24,0,24,157
05/15/2007,GJT,CO,ANM,WE,Federal Contract Tower,11,64,22,5,102,0,9,91,1,101,11,73,113,6,203,82,54,136,339
05/16/2007,GJT,CO,ANM,WE,Federal Contract Tower,6,51,22,2,81,0,5,51,0,56,6,56,73,2,137,40,14,54,191
05/17/2007,GJT,CO,ANM,WE,Federal Contract Tower,6,61,25,4,96,0,5,101,5,111,6,66,126,9,207,64,0,64,271
05/18/2007,GJT,CO,ANM,WE,Federal Contract Tower,6,55,14,8,83,0,4,96,6,106,6,59,110,14,189,86,0,86,275
05/19/2007,GJT,CO,ANM,WE,Federal Contract Tower,1,33,5,0,39,0,7,73,0,80,1,40,78,0,119,52,0,52,171
05/20/2007,GJT,CO,ANM,WE,Federal Contract Tower,0,40,16,2,58,0,0,40,1,41,0,40,56,3,99,36,0,36,135
05/21/2007,GJT,CO,ANM,WE,Federal Contract Tower,3,57,13,4,77,0,9,58,6,73,3,66,71,10,150,44,20,64,214
05/22/2007,GJT,CO,ANM,WE,Federal Contract Tower,4,51,20,5,80,0,9,26,0,35,4,60,46,5,115,10,12,22,137
05/23/2007,GJT,CO,ANM,WE,Federal Contract Tower,4,51,17,1,73,0,2,58,1,61,4,53,75,2,134,70,0,70,204
05/24/2007,GJT,CO,ANM,WE,Federal Contract Tower,6,52,30,4,92,0,4,52,2,58,6,56,82,6,150,40,0,40,190
05/25/2007,GJT,CO,ANM,WE,Federal Contract Tower,4,53,22,6,85,0,7,87,0,94,4,60,109,6,179,56,10,66,245
05/26/2007,GJT,CO,ANM,WE,Federal Contract Tower,1,32,5,0,38,0,4,70,0,74,1,36,75,0,112,60,0,60,172
05/27/2007,GJT,CO,ANM,WE,Federal Contract Tower,4,31,6,2,43,0,7,40,0,47,4,38,46,2,90,24,0,24,114
05/28/2007,GJT,CO,ANM,WE,Federal Contract Tower,6,40,14,4,64,0,12,67,1,80,6,52,81,5,144,30,0,30,174
05/29/2007,GJT,CO,ANM,WE,Federal Contract Tower,5,41,18,3,67,0,7,50,1,58,5,48,68,4,125,84,34,118,243
05/30/2007,GJT,CO,ANM,WE,Federal Contract Tower,2,49,20,4,75,0,4,108,0,112,2,53,128,4,187,78,16,94,281
05/31/2007,GJT,CO,ANM,WE,Federal Contract Tower,4,60,22,2,88,0,6,81,1,88,4,66,103,3,176,62,10,72,248
06/01/2007,GJT,CO,ANM,WE,Federal Contract Tower,2,59,21,4,86,0,6,65,2,73,2,65,86,6,159,44,0,44,203
06/02/2007,GJT,CO,ANM,WE,Federal Contract Tower,2,33,8,4,47,0,9,58,4,71,2,42,66,8,118,62,8,70,188
06/03/2007,GJT,CO,ANM,WE,Federal Contract Tower,1,42,8,4,55,0,3,73,0,76,1,45,81,4,131,48,0,48,179
06/04/2007,GJT,CO,ANM,WE,Federal Contract Tower,3,53,15,0,71,0,3,61,0,64,3,56,76,0,135,136,0,136,271
06/05/2007,GJT,CO,ANM,WE,Federal Contract Tower,3,57,16,2,78,0,10,65,0,75,3,67,81,2,153,50,0,50,203
06/06/2007,GJT,CO,ANM,WE,Federal Contract Tower,2,44,18,0,64,0,3,14,0,17,2,47,32,0,81,0,0,0,81
06/07/2007,GJT,CO,ANM,WE,Federal Contract Tower,7,53,20,6,86,0,5,72,2,79,7,58,92,8,165,98,34,132,297
06/08/2007,GJT,CO,ANM,WE,Federal Contract Tower,2,42,22,15,81,0,7,107,2,116,2,49,129,17,197,88,10,98,295
06/09/2007,GJT,CO,ANM,WE,Federal Contract Tower,1,35,9,4,49,0,0,61,0,61,1,35,70,4,110,48,8,56,166
06/10/2007,GJT,CO,ANM,WE,Federal Contract Tower,2,33,8,9,52,0,4,85,1,90,2,37,93,10,142,64,2,66,208
06/11/2007,GJT,CO,ANM,WE,Federal Contract Tower,1,45,18,5,69,0,5,43,1,49,1,50,61,6,118,14,0,14,132
06/12/2007,GJT,CO,ANM,WE,Federal Contract Tower,4,52,15,1,72,0,8,51,1,60,4,60,66,2,132,54,0,54,186
06/13/2007,GJT,CO,ANM,WE,Federal Contract Tower,4,54,26,0,84,0,12,113,0,125,4,66,139,0,209,56,0,56,265
06/14/2007,GJT,CO,ANM,WE,Federal Contract Tower,6,46,33,9,94,0,2,74,2,78,6,48,107,11,172,68,2,70,242
06/15/2007,GJT,CO,ANM,WE,Federal Contract Tower,4,47,25,9,85,0,6,104,4,114,4,53,129,13,199,76,12,88,287
06/16/2007,GJT,CO,ANM,WE,Federal Contract Tower,1,32,10,0,43,0,6,64,5,75,1,38,74,5,118,42,8,50,168
06/17/2007,GJT,CO,ANM,WE,Federal Contract Tower,4,43,14,25,86,0,2,30,1,33,4,45,44,26,119,46,16,62,181
06/18/2007,GJT,CO,ANM,WE,Federal Contract Tower,1,41,14,7,63,0,12,144,0,156,1,53,158,7,219,70,12,82,301
06/19/2007,GJT,CO,ANM,WE,Federal Contract Tower,2,47,23,2,74,0,12,172,0,184,2,59,195,2,258,102,0,102,360
06/20/2007,GJT,CO,ANM,WE,Federal Contract Tower,4,45,23,2,74,0,0,80,1,81,4,45,103,3,155,52,0,52,207
06/21/2007,GJT,CO,ANM,WE,Federal Contract Tower,6,54,31,2,93,0,5,109,0,114,6,59,140,2,207,124,20,144,351
06/22/2007,GJT,CO,ANM,WE,Federal Contract Tower,2,52,25,8,87,0,6,84,2,92,2,58,109,10,179,42,0,42,221
06/23/2007,GJT,CO,ANM,WE,Federal Contract Tower,3,33,18,2,56,0,7,75,2,84,3,40,93,4,140,62,6,68,208
06/24/2007,GJT,CO,ANM,WE,Federal Contract Tower,5,42,13,2,62,0,7,83,0,90,5,49,96,2,152,47,0,47,199
06/25/2007,GJT,CO,ANM,WE,Federal Contract Tower,1,45,19,4,69,0,9,85,2,96,1,54,104,6,165,124,2,126,291
06/26/2007,GJT,CO,ANM,WE,Federal Contract Tower,2,47,20,0,69,0,10,81,0,91,2,57,101,0,160,48,0,48,208
06/27/2007,GJT,CO,ANM,WE,Federal Contract Tower,2,43,27,1,73,0,18,91,1,110,2,61,118,2,183,46,12,58,241
06/28/2007,GJT,CO,ANM,WE,Federal Contract Tower,4,49,21,5,79,0,4,96,9,109,4,53,117,14,188,54,12,66,254
06/29/2007,GJT,CO,ANM,WE,Federal Contract Tower,4,60,33,3,100,0,6,69,3,78,4,66,102,6,178,46,8,54,232
06/30/2007,GJT,CO,ANM,WE,Federal Contract Tower,1,27,12,4,44,0,6,122,6,134,1,33,134,10,178,48,60,108,286
07/01/2007,GJT,CO,ANM,WE,Federal Contract Tower,4,35,8,4,51,0,0,83,0,83,4,35,91,4,134,38,0,38,172
07/02/2007,GJT,CO,ANM,WE,Federal Contract Tower,1,35,11,0,47,0,7,106,0,113,1,42,117,0,160,2,0,2,162
07/03/2007,GJT,CO,ANM,WE,Federal Contract Tower,2,50,13,6,71,0,10,73,2,85,2,60,86,8,156,104,52,156,312
07/04/2007,GJT,CO,ANM,WE,Federal Contract Tower,0,33,10,0,43,0,2,44,0,46,0,35,54,0,89,24,0,24,113
07/05/2007,GJT,CO,ANM,WE,Federal Contract Tower,6,46,16,9,77,0,10,69,3,82,6,56,85,12,159,12,12,24,183
07/06/2007,GJT,CO,ANM,WE,Federal Contract Tower,4,54,17,2,77,0,8,90,2,100,4,62,107,4,177,38,10,48,225
07/07/2007,GJT,CO,ANM,WE,Federal Contract Tower,1,35,11,0,47,0,7,68,5,80,1,42,79,5,127,26,10,36,163
07/08/2007,GJT,CO,ANM,WE,Federal Contract Tower,2,50,19,2,73,0,0,79,0,79,2,50,98,2,152,32,0,32,184
07/09/2007,GJT,CO,ANM,WE,Federal Contract Tower,1,41,20,1,63,0,8,124,3,135,1,49,144,4,198,34,0,34,232
07/10/2007,GJT,CO,ANM,WE,Federal Contract Tower,4,57,22,6,89,0,8,72,2,82,4,65,94,8,171,20,34,54,225
07/11/2007,GJT,CO,ANM,WE,Federal Contract Tower,2,57,23,6,88,0,8,93,0,101,2,65,116,6,189,54,0,54,243
07/12/2007,GJT,CO,ANM,WE,Federal Contract Tower,4,50,31,8,93,0,10,99,2,111,4,60,130,10,204,100,20,120,324
07/13/2007,GJT,CO,ANM,WE,Federal Contract Tower,2,46,13,3,64,0,11,92,2,105,2,57,105,5,169,44,0,44,213
07/14/2007,GJT,CO,ANM,WE,Federal Contract Tower,1,32,17,3,53,0,8,91,17,116,1,40,108,20,169,82,46,128,297
07/15/2007,GJT,CO,ANM,WE,Federal Contract Tower,4,37,16,6,63,0,4,58,0,62,4,41,74,6,125,40,0,40,165
07/16/2007,GJT,CO,ANM,WE,Federal Contract Tower,1,48,14,0,63,0,4,77,0,81,1,52,91,0,144,40,0,40,184
07/17/2007,GJT,CO,ANM,WE,Federal Contract Tower,2,50,18,5,75,0,8,76,0,84,2,58,94,5,159,62,12,74,233
07/18/2007,GJT,CO,ANM,WE,Federal Contract Tower,2,49,10,5,66,0,5,74,0,79,2,54,84,5,145,34,8,42,187
07/19/2007,GJT,CO,ANM,WE,Federal Contract Tower,7,57,21,3,88,0,8,69,4,81,7,65,90,7,169,104,24,128,297
07/20/2007,GJT,CO,ANM,WE,Federal Contract Tower,2,47,17,4,70,0,2,90,0,92,2,49,107,4,162,50,0,50,212
07/21/2007,GJT,CO,ANM,WE,Federal Contract Tower,1,36,14,0,51,0,6,102,0,108,1,42,116,0,159,42,0,42,201
07/22/2007,GJT,CO,ANM,WE,Federal Contract Tower,5,41,15,6,67,0,0,58,4,62,5,41,73,10,129,46,0,46,175
07/23/2007,GJT,CO,ANM,WE,Federal Contract Tower,1,44,21,4,70,0,6,75,0,81,1,50,96,4,151,60,2,62,213
07/24/2007,GJT,CO,ANM,WE,Federal Contract Tower,2,50,19,4,75,0,10,70,0,80,2,60,89,4,155,76,14,90,245
07/25/2007,GJT,CO,ANM,WE,Federal Contract Tower,2,48,19,2,71,0,6,44,0,50,2,54,63,2,121,20,16,36,157
07/26/2007,GJT,CO,ANM,WE,Federal Contract Tower,4,44,19,4,71,0,4,83,0,87,4,48,102,4,158,52,0,52,210
07/27/2007,GJT,CO,ANM,WE,Federal Contract Tower,2,41,31,2,76,0,2,60,3,65,2,43,91,5,141,78,2,80,221
07/28/2007,GJT,CO,ANM,WE,Federal Contract Tower,1,36,22,1,60,0,5,56,5,66,1,41,78,6,126,64,12,76,202
07/29/2007,GJT,CO,ANM,WE,Federal Contract Tower,2,36,21,0,59,0,9,65,2,76,2,45,86,2,135,48,0,48,183
07/30/2007,GJT,CO,ANM,WE,Federal Contract Tower,1,46,16,0,63,0,8,78,10,96,1,54,94,10,159,96,6,102,261
07/31/2007,GJT,CO,ANM,WE,Federal Contract Tower,4,47,16,2,69,0,9,81,4,94,4,56,97,6,163,80,0,80,243
08/01/2007,GJT,CO,ANM,WE,Federal Contract Tower,2,58,28,2,90,0,3,71,4,78,2,61,99,6,168,60,6,66,234
08/02/2007,GJT,CO,ANM,WE,Federal Contract Tower,4,58,21,8,91,0,4,90,4,98,4,62,111,12,189,52,32,84,273
08/03/2007,GJT,CO,ANM,WE,Federal Contract Tower,4,52,19,13,88,0,4,68,10,82,4,56,87,23,170,48,10,58,228
08/04/2007,GJT,CO,ANM,WE,Federal Contract Tower,1,31,14,3,49,0,6,68,2,76,1,37,82,5,125,46,12,58,183
08/05/2007,GJT,CO,ANM,WE,Federal Contract Tower,6,35,10,2,53,0,5,53,0,58,6,40,63,2,111,48,0,48,159
08/06/2007,GJT,CO,ANM,WE,Federal Contract Tower,1,52,11,10,74,0,10,60,0,70,1,62,71,10,144,86,0,86,230
08/07/2007,GJT,CO,ANM,WE,Federal Contract Tower,6,61,26,7,100,0,10,54,0,64,6,71,80,7,164,78,38,116,280
08/08/2007,GJT,CO,ANM,WE,Federal Contract Tower,2,49,21,4,76,0,3,64,6,73,2,52,85,10,149,90,24,114,263
08/09/2007,GJT,CO,ANM,WE,Federal Contract Tower,4,50,24,4,82,0,7,65,0,72,4,57,89,4,154,54,8,62,216
08/10/2007,GJT,CO,ANM,WE,Federal Contract Tower,4,48,20,4,76,0,4,66,0,70,4,52,86,4,146,62,0,62,208
08/11/2007,GJT,CO,ANM,WE,Federal Contract Tower,1,30,18,6,55,0,7,64,6,77,1,37,82,12,132,62,30,92,224
08/12/2007,GJT,CO,ANM,WE,Federal Contract Tower,2,39,11,2,54,0,7,70,0,77,2,46,81,2,131,62,0,62,193
08/13/2007,GJT,CO,ANM,WE,Federal Contract Tower,3,43,35,4,85,0,5,98,2,105,3,48,133,6,190,72,0,72,262
08/14/2007,GJT,CO,ANM,WE,Federal Contract Tower,2,52,23,2,79,0,5,78,1,84,2,57,101,3,163,130,0,130,293
08/15/2007,GJT,CO,ANM,WE,Federal Contract Tower,2,48,27,3,80,0,7,102,0,109,2,55,129,3,189,138,0,138,327
08/16/2007,GJT,CO,ANM,WE,Federal Contract Tower,4,49,19,4,76,0,9,106,0,115,4,58,125,4,191,76,47,123,314
08/17/2007,GJT,CO,ANM,WE,Federal Contract Tower,2,49,22,0,73,0,6,86,3,95,2,55,108,3,168,94,22,116,284
08/18/2007,GJT,CO,ANM,WE,Federal Contract Tower,1,29,15,1,46,0,4,98,4,106,1,33,113,5,152,137,7,144,296
08/19/2007,GJT,CO,ANM,WE,Federal Contract Tower,2,35,16,13,66,0,7,82,1,90,2,42,98,14,156,48,8,56,212
08/20/2007,GJT,CO,ANM,WE,Federal Contract Tower,1,44,16,3,64,0,7,99,1,107,1,51,115,4,171,100,8,108,279
08/21/2007,GJT,CO,ANM,WE,Federal Contract Tower,1,41,35,6,83,0,8,95,8,111,1,49,130,14,194,84,36,120,314
08/22/2007,GJT,CO,ANM,WE,Federal Contract Tower,4,44,15,0,63,0,9,94,3,106,4,53,109,3,169,88,6,94,263
08/23/2007,GJT,CO,ANM,WE,Federal Contract Tower,4,48,25,3,80,0,8,104,19,131,4,56,129,22,211,80,8,88,299
08/24/2007,GJT,CO,ANM,WE,Federal Contract Tower,2,41,24,2,69,0,9,104,14,127,2,50,128,16,196,32,0,32,228
08/25/2007,GJT,CO,ANM,WE,Federal Contract Tower,1,38,9,4,52,0,6,96,15,117,1,44,105,19,169,78,90,168,337
08/26/2007,GJT,CO,ANM,WE,Federal Contract Tower,2,35,7,5,49,0,5,112,0,117,2,40,119,5,166,64,0,64,230
08/27/2007,GJT,CO,ANM,WE,Federal Contract Tower,1,46,19,9,75,0,4,28,0,32,1,50,47,9,107,80,0,80,187
08/28/2007,GJT,CO,ANM,WE,Federal Contract Tower,2,46,31,6,85,0,10,81,2,93,2,56,112,8,178,118,6,124,302
08/29/2007,GJT,CO,ANM,WE,Federal Contract Tower,2,45,27,10,84,0,8,93,0,101,2,53,120,10,185,73,0,73,258
08/30/2007,GJT,CO,ANM,WE,Federal Contract Tower,3,48,23,5,79,0,12,89,4,105,3,60,112,9,184,122,8,130,314
08/31/2007,GJT,CO,ANM,WE,Federal Contract Tower,5,47,31,3,86,0,10,99,5,114,5,57,130,8,200,90,10,100,300
09/01/2007,GJT,CO,ANM,WE,Federal Contract Tower,1,29,6,3,39,0,5,69,0,74,1,34,75,3,113,32,0,32,145
09/02/2007,GJT,CO,ANM,WE,Federal Contract Tower,2,25,9,0,36,0,8,45,0,53,2,33,54,0,89,22,0,22,111
09/03/2007,GJT,CO,ANM,WE,Federal Contract Tower,0,45,15,4,64,0,5,64,3,72,0,50,79,7,136,86,0,86,222
09/04/2007,GJT,CO,ANM,WE,Federal Contract Tower,15,55,18,10,98,0,9,55,7,71,15,64,73,17,169,46,8,54,223
09/05/2007,GJT,CO,ANM,WE,Federal Contract Tower,3,45,13,3,64,0,5,38,0,43,3,50,51,3,107,8,0,8,115
09/06/2007,GJT,CO,ANM,WE,Federal Contract Tower,4,44,24,2,74,0,3,94,2,99,4,47,118,4,173,74,0,74,247
09/07/2007,GJT,CO,ANM,WE,Federal Contract Tower,2,48,21,6,77,0,18,76,1,95,2,66,97,7,172,80,0,80,252
09/08/2007,GJT,CO,ANM,WE,Federal Contract Tower,1,26,16,4,47,0,15,73,10,98,1,41,89,14,145,44,22,66,211
09/09/2007,GJT,CO,ANM,WE,Federal Contract Tower,2,31,19,7,59,0,4,63,2,69,2,35,82,9,128,26,0,26,154
09/10/2007,GJT,CO,ANM,WE,Federal Contract Tower,3,39,21,3,66,0,25,84,0,109,3,64,105,3,175,54,6,60,235
09/11/2007,GJT,CO,ANM,WE,Federal Contract Tower,2,40,26,12,80,0,6,74,0,80,2,46,100,12,160,28,14,42,202
09/12/2007,GJT,CO,ANM,WE,Federal Contract Tower,4,39,15,9,67,0,11,81,6,98,4,50,96,15,165,50,12,62,227
09/13/2007,GJT,CO,ANM,WE,Federal Contract Tower,6,44,23,3,76,0,10,81,6,97,6,54,104,9,173,76,17,93,266
09/14/2007,GJT,CO,ANM,WE,Federal Contract Tower,2,42,18,5,67,0,10,79,3,92,2,52,97,8,159,42,8,50,209
09/15/2007,GJT,CO,ANM,WE,Federal Contract Tower,1,27,14,12,54,0,8,70,4,82,1,35,84,16,136,14,24,38,174
09/16/2007,GJT,CO,ANM,WE,Federal Contract Tower,2,33,15,1,51,0,1,43,0,44,2,34,58,1,95,10,6,16,111
09/17/2007,GJT,CO,ANM,WE,Federal Contract Tower,1,47,29,3,80,0,7,48,0,55,1,54,77,3,135,40,0,40,175
09/18/2007,GJT,CO,ANM,WE,Federal Contract Tower,2,42,35,2,81,0,19,98,2,119,2,61,133,4,200,46,10,56,256
09/19/2007,GJT,CO,ANM,WE,Federal Contract Tower,2,38,28,2,70,0,15,72,4,91,2,53,100,6,161,50,10,60,221
09/20/2007,GJT,CO,ANM,WE,Federal Contract Tower,4,41,28,2,75,0,8,91,0,99,4,49,119,2,174,36,0,36,210
09/21/2007,GJT,CO,ANM,WE,Federal Contract Tower,2,40,18,7,67,0,5,93,2,100,2,45,111,9,167,66,0,66,233
09/22/2007,GJT,CO,ANM,WE,Federal Contract Tower,1,28,10,3,42,0,8,73,10,91,1,36,83,13,133,36,10,46,179
09/23/2007,GJT,CO,ANM,WE,Federal Contract Tower,2,39,15,0,56,0,0,14,0,14,2,39,29,0,70,2,0,2,72
09/24/2007,GJT,CO,ANM,WE,Federal Contract Tower,1,40,27,0,68,0,9,63,0,72,1,49,90,0,140,85,0,85,225
09/25/2007,GJT,CO,ANM,WE,Federal Contract Tower,2,45,27,6,80,0,6,74,2,82,2,51,101,8,162,86,27,113,275
09/26/2007,GJT,CO,ANM,WE,Federal Contract Tower,2,35,20,11,68,0,8,100,13,121,2,43,120,24,189,112,6,118,307
09/27/2007,GJT,CO,ANM,WE,Federal Contract Tower,3,45,30,2,80,0,16,87,0,103,3,61,117,2,183,52,12,64,247
09/28/2007,GJT,CO,ANM,WE,Federal Contract Tower,3,47,12,7,69,0,3,59,2,64,3,50,71,9,133,62,6,68,201
09/29/2007,GJT,CO,ANM,WE,Federal Contract Tower,3,26,13,0,42,0,4,10,0,14,3,30,23,0,56,4,0,4,60
09/30/2007,GJT,CO,ANM,WE,Federal Contract Tower,2,37,13,1,53,0,17,92,9,118,2,54,105,10,171,52,0,52,223
10/01/2007,GJT,CO,ANM,WE,Federal Contract Tower,1,43,21,2,67,0,3,78,2,83,1,46,99,4,150,21,14,35,185
10/02/2007,GJT,CO,ANM,WE,Federal Contract Tower,2,55,17,5,79,0,4,96,5,105,2,59,113,10,184,50,6,56,240
10/03/2007,GJT,CO,ANM,WE,Federal Contract Tower,2,36,20,0,58,0,10,78,0,88,2,46,98,0,146,134,0,134,280
10/04/2007,GJT,CO,ANM,WE,Federal Contract Tower,6,44,15,3,68,0,6,52,0,58,6,50,67,3,126,20,16,36,162
10/05/2007,GJT,CO,ANM,WE,Federal Contract Tower,2,51,21,4,78,0,2,15,0,17,2,53,36,4,95,10,0,10,105
10/06/2007,GJT,CO,ANM,WE,Federal Contract Tower,3,28,4,0,35,0,4,3,0,7,3,32,7,0,42,0,0,0,42
10/07/2007,GJT,CO,ANM,WE,Federal Contract Tower,2,41,16,2,61,0,1,53,0,54,2,42,69,2,115,20,0,20,135
10/08/2007,GJT,CO,ANM,WE,Federal Contract Tower,1,44,15,6,66,0,12,101,6,119,1,56,116,12,185,91,16,107,292
10/09/2007,GJT,CO,ANM,WE,Federal Contract Tower,2,40,10,4,56,0,5,88,2,95,2,45,98,6,151,108,14,122,273
10/10/2007,GJT,CO,ANM,WE,Federal Contract Tower,2,47,20,3,72,0,1,83,1,85,2,48,103,4,157,46,16,62,219
10/11/2007,GJT,CO,ANM,WE,Federal Contract Tower,6,44,20,7,77,0,8,81,3,92,6,52,101,10,169,47,18,65,234
10/12/2007,GJT,CO,ANM,WE,Federal Contract Tower,2,49,19,6,76,0,9,78,10,97,2,58,97,16,173,44,26,70,243
10/13/2007,GJT,CO,ANM,WE,Federal Contract Tower,1,30,7,12,50,0,3,51,4,58,1,33,58,16,108,38,8,46,154
10/14/2007,GJT,CO,ANM,WE,Federal Contract Tower,2,40,17,6,65,0,1,20,0,21,2,41,37,6,86,0,4,4,90
10/15/2007,GJT,CO,ANM,WE,Federal Contract Tower,1,37,17,6,61,0,9,74,5,88,1,46,91,11,149,38,12,50,199
10/16/2007,GJT,CO,ANM,WE,Federal Contract Tower,4,42,22,8,76,0,6,77,5,88,4,48,99,13,164,64,14,78,242
10/17/2007,GJT,CO,ANM,WE,Federal Contract Tower,2,46,22,2,72,0,7,29,0,36,2,53,51,2,108,67,4,71,179
10/18/2007,GJT,CO,ANM,WE,Federal Contract Tower,4,46,27,14,91,0,5,56,8,69,4,51,83,22,160,60,45,105,265
10/19/2007,GJT,CO,ANM,WE,Federal Contract Tower,2,42,22,9,75,0,6,74,1,81,2,48,96,10,156,76,18,94,250
10/20/2007,GJT,CO,ANM,WE,Federal Contract Tower,1,26,13,0,40,0,3,52,0,55,1,29,65,0,95,52,0,52,147
10/21/2007,GJT,CO,ANM,WE,Federal Contract Tower,2,37,14,0,53,0,1,9,0,10,2,38,23,0,63,12,0,12,75
10/22/2007,GJT,CO,ANM,WE,Federal Contract Tower,1,36,15,2,54,0,4,53,0,57,1,40,68,2,111,31,0,31,142
10/23/2007,GJT,CO,ANM,WE,Federal Contract Tower,2,42,16,0,60,0,7,107,2,116,2,49,123,2,176,63,6,69,245
10/24/2007,GJT,CO,ANM,WE,Federal Contract Tower,2,37,18,4,61,0,8,108,2,118,2,45,126,6,179,10,0,10,189
10/25/2007,GJT,CO,ANM,WE,Federal Contract Tower,4,39,26,4,73,0,9,103,0,112,4,48,129,4,185,44,16,60,245
10/26/2007,GJT,CO,ANM,WE,Federal Contract Tower,2,44,15,5,66,0,1,120,2,123,2,45,135,7,189,56,4,60,249
10/27/2007,GJT,CO,ANM,WE,Federal Contract Tower,1,30,14,18,63,0,9,81,12,102,1,39,95,30,165,16,70,86,251
10/28/2007,GJT,CO,ANM,WE,Federal Contract Tower,2,38,9,4,53,0,8,50,0,58,2,46,59,4,111,26,0,26,137
10/29/2007,GJT,CO,ANM,WE,Federal Contract Tower,1,40,14,4,59,0,4,88,0,92,1,44,102,4,151,16,0,16,167
10/30/2007,GJT,CO,ANM,WE,Federal Contract Tower,2,50,17,0,69,0,4,70,0,74,2,54,87,0,143,52,0,52,195
10/31/2007,GJT,CO,ANM,WE,Federal Contract Tower,2,40,21,6,69,0,4,77,0,81,2,44,98,6,150,46,12,58,208
11/01/2007,GJT,CO,ANM,WE,Federal Contract Tower,4,45,25,7,81,0,9,98,1,108,4,54,123,8,189,64,10,74,263
11/02/2007,GJT,CO,ANM,WE,Federal Contract Tower,4,56,18,2,80,0,9,66,4,79,4,65,84,6,159,60,0,60,219
11/03/2007,GJT,CO,ANM,WE,Federal Contract Tower,1,22,5,8,36,0,6,64,4,74,1,28,69,12,110,42,12,54,164
11/04/2007,GJT,CO,ANM,WE,Federal Contract Tower,2,31,12,7,52,0,4,73,1,78,2,35,85,8,130,54,18,72,202
11/05/2007,GJT,CO,ANM,WE,Federal Contract Tower,3,38,20,6,67,0,7,73,2,82,3,45,93,8,149,110,10,120,269
11/06/2007,GJT,CO,ANM,WE,Federal Contract Tower,2,49,24,6,81,0,6,80,0,86,2,55,104,6,167,92,22,114,281
11/07/2007,GJT,CO,ANM,WE,Federal Contract Tower,2,43,8,0,53,0,8,103,0,111,2,51,111,0,164,46,0,46,210
11/08/2007,GJT,CO,ANM,WE,Federal Contract Tower,6,38,18,12,74,0,8,80,5,93,6,46,98,17,167,56,40,96,263
11/09/2007,GJT,CO,ANM,WE,Federal Contract Tower,2,41,20,9,72,0,9,85,4,98,2,50,105,13,170,72,8,80,250
11/10/2007,GJT,CO,ANM,WE,Federal Contract Tower,1,24,8,7,40,0,5,65,0,70,1,29,73,7,110,64,32,96,206
11/11/2007,GJT,CO,ANM,WE,Federal Contract Tower,4,31,5,8,48,3,2,31,3,39,7,33,36,11,87,38,0,38,125
11/12/2007,GJT,CO,ANM,WE,Federal Contract Tower,1,35,27,0,63,0,12,44,0,56,1,47,71,0,119,110,0,110,229
11/13/2007,GJT,CO,ANM,WE,Federal Contract Tower,2,42,31,1,76,0,2,56,1,59,2,44,87,2,135,40,0,40,175
11/14/2007,GJT,CO,ANM,WE,Federal Contract Tower,2,41,27,0,70,0,3,64,0,67,2,44,91,0,137,24,0,24,161
11/15/2007,GJT,CO,ANM,WE,Federal Contract Tower,6,51,25,6,88,0,3,89,4,96,6,54,114,10,184,52,0,52,236
11/16/2007,GJT,CO,ANM,WE,Federal Contract Tower,1,47,14,1,63,0,4,87,3,94,1,51,101,4,157,96,0,96,253
11/17/2007,GJT,CO,ANM,WE,Federal Contract Tower,3,32,12,3,50,0,6,53,4,63,3,38,65,7,113,44,14,58,171
11/18/2007,GJT,CO,ANM,WE,Federal Contract Tower,2,30,4,4,40,0,1,65,0,66,2,31,69,4,106,56,0,56,162
11/19/2007,GJT,CO,ANM,WE,Federal Contract Tower,1,39,19,0,59,0,20,69,2,91,1,59,88,2,150,88,0,88,238
11/20/2007,GJT,CO,ANM,WE,Federal Contract Tower,2,42,19,9,72,0,9,60,3,72,2,51,79,12,144,36,58,94,238
11/21/2007,GJT,CO,ANM,WE,Federal Contract Tower,4,40,13,0,57,0,8,74,3,85,4,48,87,3,142,76,0,76,218
11/22/2007,GJT,CO,ANM,WE,Federal Contract Tower,2,22,2,0,26,0,0,13,0,13,2,22,15,0,39,0,0,0,39
11/23/2007,GJT,CO,ANM,WE,Federal Contract Tower,2,33,11,0,46,0,1,26,0,27,2,34,37,0,73,36,0,36,109
11/24/2007,GJT,CO,ANM,WE,Federal Contract Tower,1,31,14,0,46,0,1,58,0,59,1,32,72,0,105,24,0,24,129
11/25/2007,GJT,CO,ANM,WE,Federal Contract Tower,2,32,8,0,42,0,1,60,0,61,2,33,68,0,103,44,0,44,147
11/26/2007,GJT,CO,ANM,WE,Federal Contract Tower,1,39,15,9,64,0,6,69,0,75,1,45,84,9,139,74,0,74,213
11/27/2007,GJT,CO,ANM,WE,Federal Contract Tower,2,44,18,6,70,0,4,57,0,61,2,48,75,6,131,48,14,62,193
11/28/2007,GJT,CO,ANM,WE,Federal Contract Tower,2,51,22,2,77,0,7,68,2,77,2,58,90,4,154,64,0,64,218
11/29/2007,GJT,CO,ANM,WE,Federal Contract Tower,4,38,14,5,61,0,2,56,1,59,4,40,70,6,120,58,30,88,208
11/30/2007,GJT,CO,ANM,WE,Federal Contract Tower,2,46,20,4,72,0,2,23,0,25,2,48,43,4,97,40,0,40,137
12/01/2007,GJT,CO,ANM,WE,Federal Contract Tower,2,32,8,0,42,0,0,6,0,6,2,32,14,0,48,6,0,6,54
12/02/2007,GJT,CO,ANM,WE,Federal Contract Tower,1,40,10,0,51,0,0,26,0,26,1,40,36,0,77,0,0,0,77
12/03/2007,GJT,CO,ANM,WE,Federal Contract Tower,1,40,17,6,64,0,6,69,1,76,1,46,86,7,140,63,0,63,203
12/04/2007,GJT,CO,ANM,WE,Federal Contract Tower,2,46,16,4,68,0,9,81,1,91,2,55,97,5,159,86,42,128,287
12/05/2007,GJT,CO,ANM,WE,Federal Contract Tower,3,39,21,2,65,0,4,59,1,64,3,43,80,3,129,74,20,94,223
12/06/2007,GJT,CO,ANM,WE,Federal Contract Tower,4,42,24,6,76,0,1,49,0,50,4,43,73,6,126,74,22,96,222
12/07/2007,GJT,CO,ANM,WE,Federal Contract Tower,8,62,30,0,100,0,0,5,0,5,8,62,35,0,105,10,0,10,115
12/08/2007,GJT,CO,ANM,WE,Federal Contract Tower,7,27,11,2,47,0,0,15,0,15,7,27,26,2,62,24,0,24,86
12/09/2007,GJT,CO,ANM,WE,Federal Contract Tower,0,35,16,0,51,0,0,26,0,26,0,35,42,0,77,34,0,34,111
12/10/2007,GJT,CO,ANM,WE,Federal Contract Tower,1,40,21,0,62,0,4,34,0,38,1,44,55,0,100,32,0,32,132
12/11/2007,GJT,CO,ANM,WE,Federal Contract Tower,5,59,30,4,98,0,0,2,0,2,5,59,32,4,100,0,8,8,108
12/12/2007,GJT,CO,ANM,WE,Federal Contract Tower,4,47,30,4,85,0,1,61,0,62,4,48,91,4,147,52,14,66,213
12/13/2007,GJT,CO,ANM,WE,Federal Contract Tower,6,47,38,2,93,0,2,72,0,74,6,49,110,2,167,107,0,107,274
12/14/2007,GJT,CO,ANM,WE,Federal Contract Tower,8,56,21,0,85,0,2,24,0,26,8,58,45,0,111,42,0,42,153
12/15/2007,GJT,CO,ANM,WE,Federal Contract Tower,6,31,14,2,53,0,6,45,0,51,6,37,59,2,104,22,0,22,126
12/16/2007,GJT,CO,ANM,WE,Federal Contract Tower,2,37,15,4,58,0,2,66,0,68,2,39,81,4,126,32,0,32,158
12/17/2007,GJT,CO,ANM,WE,Federal Contract Tower,3,48,10,3,64,0,13,82,0,95,3,61,92,3,159,170,8,178,337
12/18/2007,GJT,CO,ANM,WE,Federal Contract Tower,6,49,28,6,89,0,8,63,0,71,6,57,91,6,160,184,20,204,364
12/19/2007,GJT,CO,ANM,WE,Federal Contract Tower,7,53,33,0,93,0,3,23,0,26,7,56,56,0,119,44,0,44,163
12/20/2007,GJT,CO,ANM,WE,Federal Contract Tower,11,73,27,1,112,0,5,31,0,36,11,78,58,1,148,82,2,84,232
12/21/2007,GJT,CO,ANM,WE,Federal Contract Tower,11,127,55,0,193,0,0,9,2,11,11,127,64,2,204,0,0,0,204
12/22/2007,GJT,CO,ANM,WE,Federal Contract Tower,5,60,28,0,93,0,3,42,0,45,5,63,70,0,138,10,0,10,148
12/23/2007,GJT,CO,ANM,WE,Federal Contract Tower,6,57,18,0,81,0,0,20,0,20,6,57,38,0,101,14,0,14,115
12/24/2007,GJT,CO,ANM,WE,Federal Contract Tower,5,42,5,0,52,0,4,28,0,32,5,46,33,0,84,0,0,0,84
12/25/2007,GJT,CO,ANM,WE,Federal Contract Tower,11,58,18,0,87,0,2,1,0,3,11,60,19,0,90,0,0,0,90
12/26/2007,GJT,CO,ANM,WE,Federal Contract Tower,2,81,58,0,141,0,2,29,0,31,2,83,87,0,172,16,0,16,188
12/27/2007,GJT,CO,ANM,WE,Federal Contract Tower,9,111,100,4,224,0,6,25,0,31,9,117,125,4,255,2,20,22,277
12/28/2007,GJT,CO,ANM,WE,Federal Contract Tower,4,48,29,2,83,0,4,47,0,51,4,52,76,2,134,32,0,32,166
12/29/2007,GJT,CO,ANM,WE,Federal Contract Tower,3,52,16,0,71,0,3,28,0,31,3,55,44,0,102,34,0,34,136
12/30/2007,GJT,CO,ANM,WE,Federal Contract Tower,11,68,37,0,116,0,2,11,0,13,11,70,48,0,129,22,0,22,151
12/31/2007,GJT,CO,ANM,WE,Federal Contract Tower,3,48,11,0,62,0,9,31,0,40,3,57,42,0,102,40,0,40,142
01/01/2008,GJT,CO,ANM,WE,Federal Contract Tower,2,45,28,0,75,0,4,50,0,54,2,49,78,0,129,64,0,64,193
01/02/2008,GJT,CO,ANM,WE,Federal Contract Tower,4,49,31,0,84,0,3,60,0,63,4,52,91,0,147,30,0,30,177
01/03/2008,GJT,CO,ANM,WE,Federal Contract Tower,7,51,25,5,88,0,1,80,0,81,7,52,105,5,169,40,8,48,217
01/04/2008,GJT,CO,ANM,WE,Federal Contract Tower,4,53,24,2,83,0,1,40,0,41,4,54,64,2,124,64,0,64,188
01/05/2008,GJT,CO,ANM,WE,Federal Contract Tower,11,75,57,0,143,0,1,15,0,16,11,76,72,0,159,14,0,14,173
01/06/2008,GJT,CO,ANM,WE,Federal Contract Tower,11,112,74,0,197,0,0,6,0,6,11,112,80,0,203,0,0,0,203
01/07/2008,GJT,CO,ANM,WE,Federal Contract Tower,3,67,34,0,104,0,2,19,0,21,3,69,53,0,125,22,0,22,147
01/08/2008,GJT,CO,ANM,WE,Federal Contract Tower,4,46,32,0,82,0,5,52,0,57,4,51,84,0,139,28,0,28,167
01/09/2008,GJT,CO,ANM,WE,Federal Contract Tower,6,63,23,0,92,0,0,1,0,1,6,63,24,0,93,0,0,0,93
01/10/2008,GJT,CO,ANM,WE,Federal Contract Tower,10,28,19,0,57,0,2,16,0,18,10,30,35,0,75,28,0,28,103
01/11/2008,GJT,CO,ANM,WE,Federal Contract Tower,2,30,17,0,49,0,4,15,0,19,2,34,32,0,68,28,0,28,96
01/12/2008,GJT,CO,ANM,WE,Federal Contract Tower,1,30,17,2,50,0,5,43,1,49,1,35,60,3,99,96,4,100,199
01/13/2008,GJT,CO,ANM,WE,Federal Contract Tower,4,32,11,1,48,0,17,54,0,71,4,49,65,1,119,86,0,86,205
01/14/2008,GJT,CO,ANM,WE,Federal Contract Tower,1,39,18,6,64,0,6,73,9,88,1,45,91,15,152,90,0,90,242
01/15/2008,GJT,CO,ANM,WE,Federal Contract Tower,2,53,23,6,84,0,2,73,0,75,2,55,96,6,159,97,0,97,256
01/16/2008,GJT,CO,ANM,WE,Federal Contract Tower,3,48,23,4,78,0,3,53,0,56,3,51,76,4,134,10,14,24,158
01/17/2008,GJT,CO,ANM,WE,Federal Contract Tower,6,51,23,1,81,0,11,63,0,74,6,62,86,1,155,52,0,52,207
01/18/2008,GJT,CO,ANM,WE,Federal Contract Tower,4,63,28,4,99,0,1,48,0,49,4,64,76,4,148,70,16,86,234
01/19/2008,GJT,CO,ANM,WE,Federal Contract Tower,1,34,20,5,60,0,2,40,7,49,1,36,60,12,109,72,4,76,185
01/20/2008,GJT,CO,ANM,WE,Federal Contract Tower,2,36,7,6,51,0,2,31,6,39,2,38,38,12,90,60,0,60,150
01/21/2008,GJT,CO,ANM,WE,Federal Contract Tower,9,53,18,10,90,0,0,29,0,29,9,53,47,10,119,18,0,18,137
01/22/2008,GJT,CO,ANM,WE,Federal Contract Tower,2,46,23,0,71,0,1,51,0,52,2,47,74,0,123,64,0,64,187
01/23/2008,GJT,CO,ANM,WE,Federal Contract Tower,2,49,24,2,77,0,6,70,0,76,2,55,94,2,153,106,12,118,271
01/24/2008,GJT,CO,ANM,WE,Federal Contract Tower,4,52,31,0,87,0,0,51,0,51,4,52,82,0,138,133,0,133,271
01/25/2008,GJT,CO,ANM,WE,Federal Contract Tower,2,42,27,5,76,0,2,24,1,27,2,44,51,6,103,22,2,24,127
01/26/2008,GJT,CO,ANM,WE,Federal Contract Tower,1,29,10,13,53,0,0,65,10,75,1,29,75,23,128,102,4,106,234
01/27/2008,GJT,CO,ANM,WE,Federal Contract Tower,3,36,21,4,64,0,1,15,6,22,3,37,36,10,86,22,0,22,108
01/28/2008,GJT,CO,ANM,WE,Federal Contract Tower,11,63,19,0,93,0,1,9,0,10,11,64,28,0,103,44,0,44,147
01/29/2008,GJT,CO,ANM,WE,Federal Contract Tower,3,51,16,1,71,0,2,50,1,53,3,53,66,2,124,32,8,40,164
01/30/2008,GJT,CO,ANM,WE,Federal Contract Tower,8,65,32,0,105,0,0,14,0,14,8,65,46,0,119,16,0,16,135
01/31/2008,GJT,CO,ANM,WE,Federal Contract Tower,5,45,15,6,71,0,5,102,2,109,5,50,117,8,180,44,12,56,236
02/01/2008,GJT,CO,ANM,WE,Federal Contract Tower,4,54,24,2,84,0,1,35,0,36,4,55,59,2,120,64,0,64,184
02/02/2008,GJT,CO,ANM,WE,Federal Contract Tower,7,53,21,0,81,0,0,3,0,3,7,53,24,0,84,10,0,10,94
02/03/2008,GJT,CO,ANM,WE,Federal Contract Tower,7,66,21,2,96,0,0,3,0,3,7,66,24,2,99,10,0,10,109
02/04/2008,GJT,CO,ANM,WE,Federal Contract Tower,1,54,40,0,95,0,6,22,6,34,1,60,62,6,129,34,0,34,163
02/05/2008,GJT,CO,ANM,WE,Federal Contract Tower,3,43,25,6,77,0,2,70,0,72,3,45,95,6,149,88,22,110,259
02/06/2008,GJT,CO,ANM,WE,Federal Contract Tower,8,57,48,6,119,0,9,40,0,49,8,66,88,6,168,56,6,62,230
02/07/2008,GJT,CO,ANM,WE,Federal Contract Tower,14,59,26,8,107,0,3,58,0,61,14,62,84,8,168,36,48,84,252
02/08/2008,GJT,CO,ANM,WE,Federal Contract Tower,2,40,21,3,66,0,4,56,1,61,2,44,77,4,127,92,0,92,219
02/09/2008,GJT,CO,ANM,WE,Federal Contract Tower,3,31,18,21,73,0,6,68,21,95,3,37,86,42,168,64,64,128,296
02/10/2008,GJT,CO,ANM,WE,Federal Contract Tower,2,33,28,4,67,0,4,39,0,43,2,37,67,4,110,104,0,104,214
02/11/2008,GJT,CO,ANM,WE,Federal Contract Tower,8,42,15,2,67,0,1,47,0,48,8,43,62,2,115,60,0,60,175
02/12/2008,GJT,CO,ANM,WE,Federal Contract Tower,5,52,21,6,84,0,6,70,10,86,5,58,91,16,170,56,44,100,270
02/13/2008,GJT,CO,ANM,WE,Federal Contract Tower,3,53,21,6,83,0,9,53,0,62,3,62,74,6,145,22,28,50,195
02/14/2008,GJT,CO,ANM,WE,Federal Contract Tower,9,75,58,0,142,0,5,9,0,14,9,80,67,0,156,20,0,20,176
02/15/2008,GJT,CO,ANM,WE,Federal Contract Tower,6,62,34,3,105,0,4,53,0,57,6,66,87,3,162,50,0,50,212
02/16/2008,GJT,CO,ANM,WE,Federal Contract Tower,1,30,16,5,52,0,2,53,5,60,1,32,69,10,112,38,34,72,184
02/17/2008,GJT,CO,ANM,WE,Federal Contract Tower,2,42,18,2,64,0,2,30,0,32,2,44,48,2,96,20,2,22,118
02/18/2008,GJT,CO,ANM,WE,Federal Contract Tower,1,53,40,1,95,0,6,77,0,83,1,59,117,1,178,41,0,41,219
02/19/2008,GJT,CO,ANM,WE,Federal Contract Tower,2,46,25,0,73,0,2,62,9,73,2,48,87,9,146,28,0,28,174
02/20/2008,GJT,CO,ANM,WE,Federal Contract Tower,2,47,19,0,68,0,2,34,2,38,2,49,53,2,106,54,0,54,160
02/21/2008,GJT,CO,ANM,WE,Federal Contract Tower,4,47,31,2,84,0,0,6,0,6,4,47,37,2,90,6,0,6,96
02/22/2008,GJT,CO,ANM,WE,Federal Contract Tower,2,40,35,0,77,0,5,47,0,52,2,45,82,0,129,50,0,50,179
02/23/2008,GJT,CO,ANM,WE,Federal Contract Tower,2,51,44,2,99,0,1,29,2,32,2,52,73,4,131,38,0,38,169
02/24/2008,GJT,CO,ANM,WE,Federal Contract Tower,6,43,17,0,66,0,0,10,0,10,6,43,27,0,76,22,0,22,98
02/25/2008,GJT,CO,ANM,WE,Federal Contract Tower,1,52,26,4,83,0,16,42,1,59,1,68,68,5,142,81,20,101,243
02/26/2008,GJT,CO,ANM,WE,Federal Contract Tower,2,51,25,0,78,0,6,76,0,82,2,57,101,0,160,114,0,114,274
02/27/2008,GJT,CO,ANM,WE,Federal Contract Tower,2,36,13,6,57,0,8,82,1,91,2,44,95,7,148,46,10,56,204
02/28/2008,GJT,CO,ANM,WE,Federal Contract Tower,4,48,18,2,72,0,2,115,2,119,4,50,133,4,191,106,0,106,297
02/29/2008,GJT,CO,ANM,WE,Federal Contract Tower,2,48,15,3,68,0,8,125,3,136,2,56,140,6,204,182,0,182,386
03/01/2008,GJT,CO,ANM,WE,Federal Contract Tower,1,35,17,4,57,0,0,54,1,55,1,35,71,5,112,62,16,78,190
03/02/2008,GJT,CO,ANM,WE,Federal Contract Tower,10,47,14,1,72,0,0,1,0,1,10,47,15,1,73,14,0,14,87
03/03/2008,GJT,CO,ANM,WE,Federal Contract Tower,1,43,25,0,69,0,5,63,2,70,1,48,88,2,139,100,0,100,239
03/04/2008,GJT,CO,ANM,WE,Federal Contract Tower,6,52,21,1,80,0,0,49,1,50,6,52,70,2,130,64,16,80,210
03/05/2008,GJT,CO,ANM,WE,Federal Contract Tower,2,47,24,4,77,0,7,42,0,49,2,54,66,4,126,36,0,36,162
03/06/2008,GJT,CO,ANM,WE,Federal Contract Tower,4,49,23,6,82,0,4,66,0,70,4,53,89,6,152,96,16,112,264
03/07/2008,GJT,CO,ANM,WE,Federal Contract Tower,2,45,17,3,67,0,7,86,5,98,2,52,103,8,165,104,0,104,269
03/08/2008,GJT,CO,ANM,WE,Federal Contract Tower,3,31,15,3,52,0,3,36,2,41,3,34,51,5,93,72,4,76,169
03/09/2008,GJT,CO,ANM,WE,Federal Contract Tower,2,37,12,3,54,0,4,66,1,71,2,41,78,4,125,36,0,36,161
03/10/2008,GJT,CO,ANM,WE,Federal Contract Tower,1,45,21,4,71,0,3,72,2,77,1,48,93,6,148,72,0,72,220
03/11/2008,GJT,CO,ANM,WE,Federal Contract Tower,4,50,20,2,76,0,2,84,0,86,4,52,104,2,162,60,0,60,222
03/12/2008,GJT,CO,ANM,WE,Federal Contract Tower,2,53,28,3,86,0,6,62,2,70,2,59,90,5,156,76,10,86,242
03/13/2008,GJT,CO,ANM,WE,Federal Contract Tower,4,67,35,0,106,0,1,55,2,58,4,68,90,2,164,16,0,16,180
03/14/2008,GJT,CO,ANM,WE,Federal Contract Tower,4,79,40,0,123,0,1,26,0,27,4,80,66,0,150,21,0,21,171
03/15/2008,GJT,CO,ANM,WE,Federal Contract Tower,3,37,33,2,75,0,1,45,2,48,3,38,78,4,123,46,0,46,169
03/16/2008,GJT,CO,ANM,WE,Federal Contract Tower,4,41,18,2,65,0,2,20,0,22,4,43,38,2,87,42,0,42,129
03/17/2008,GJT,CO,ANM,WE,Federal Contract Tower,2,61,26,0,89,0,1,25,0,26,2,62,51,0,115,0,0,0,115
03/18/2008,GJT,CO,ANM,WE,Federal Contract Tower,4,49,24,5,82,0,1,72,0,73,4,50,96,5,155,28,26,54,209
03/19/2008,GJT,CO,ANM,WE,Federal Contract Tower,2,49,20,6,77,0,8,91,0,99,2,57,111,6,176,50,16,66,242
03/20/2008,GJT,CO,ANM,WE,Federal Contract Tower,7,56,23,8,94,0,6,49,1,56,7,62,72,9,150,23,22,45,195
03/21/2008,GJT,CO,ANM,WE,Federal Contract Tower,6,49,23,2,80,0,4,86,0,90,6,53,109,2,170,68,0,68,238
03/22/2008,GJT,CO,ANM,WE,Federal Contract Tower,1,24,12,0,37,0,3,84,0,87,1,27,96,0,124,22,0,22,146
03/23/2008,GJT,CO,ANM,WE,Federal Contract Tower,6,36,12,2,56,0,1,58,3,62,6,37,70,5,118,18,0,18,136
03/24/2008,GJT,CO,ANM,WE,Federal Contract Tower,1,47,29,4,81,0,3,76,0,79,1,50,105,4,160,103,4,107,267
03/25/2008,GJT,CO,ANM,WE,Federal Contract Tower,4,48,28,2,82,0,4,68,2,74,4,52,96,4,156,68,0,68,224
03/26/2008,GJT,CO,ANM,WE,Federal Contract Tower,4,46,29,0,79,0,4,61,0,65,4,50,90,0,144,62,0,62,206
03/27/2008,GJT,CO,ANM,WE,Federal Contract Tower,4,47,28,8,87,0,3,54,0,57,4,50,82,8,144,20,0,20,164
03/28/2008,GJT,CO,ANM,WE,Federal Contract Tower,2,52,26,9,89,0,4,63,4,71,2,56,89,13,160,24,6,30,190
03/29/2008,GJT,CO,ANM,WE,Federal Contract Tower,1,34,17,11,63,0,4,32,1,37,1,38,49,12,100,34,16,50,150
03/30/2008,GJT,CO,ANM,WE,Federal Contract Tower,6,33,16,1,56,0,0,10,0,10,6,33,26,1,66,12,0,12,78
03/31/2008,GJT,CO,ANM,WE,Federal Contract Tower,7,59,18,3,87,0,0,18,0,18,7,59,36,3,105,60,0,60,165
04/01/2008,GJT,CO,ANM,WE,Federal Contract Tower,4,50,22,3,79,0,1,69,1,71,4,51,91,4,150,36,0,36,186
04/02/2008,GJT,CO,ANM,WE,Federal Contract Tower,4,45,26,1,76,0,8,66,6,80,4,53,92,7,156,102,0,102,258
04/03/2008,GJT,CO,ANM,WE,Federal Contract Tower,10,50,20,4,84,0,4,52,1,57,10,54,72,5,141,85,2,87,228
04/04/2008,GJT,CO,ANM,WE,Federal Contract Tower,4,45,16,7,72,0,10,98,2,110,4,55,114,9,182,130,10,140,322
04/05/2008,GJT,CO,ANM,WE,Federal Contract Tower,4,26,9,13,52,0,5,54,12,71,4,31,63,25,123,94,54,148,271
04/06/2008,GJT,CO,ANM,WE,Federal Contract Tower,3,33,17,11,64,0,4,41,2,47,3,37,58,13,111,118,30,148,259
04/07/2008,GJT,CO,ANM,WE,Federal Contract Tower,7,56,23,1,87,0,2,18,0,20,7,58,41,1,107,85,18,103,210
04/08/2008,GJT,CO,ANM,WE,Federal Contract Tower,2,50,30,2,84,0,4,148,3,155,2,54,178,5,239,82,2,84,323
04/09/2008,GJT,CO,ANM,WE,Federal Contract Tower,2,60,18,0,80,0,0,4,0,4,2,60,22,0,84,8,0,8,92
04/10/2008,GJT,CO,ANM,WE,Federal Contract Tower,4,54,25,3,86,0,1,32,0,33,4,55,57,3,119,38,8,46,165
04/11/2008,GJT,CO,ANM,WE,Federal Contract Tower,4,49,26,3,82,0,0,45,0,45,4,49,71,3,127,64,0,64,191
04/12/2008,GJT,CO,ANM,WE,Federal Contract Tower,2,31,6,2,41,0,2,71,0,73,2,33,77,2,114,72,0,72,186
04/13/2008,GJT,CO,ANM,WE,Federal Contract Tower,2,37,19,6,64,0,1,93,2,96,2,38,112,8,160,112,0,112,272
04/14/2008,GJT,CO,ANM,WE,Federal Contract Tower,3,55,4,0,62,0,2,69,0,71,3,57,73,0,133,153,0,153,286
04/15/2008,GJT,CO,ANM,WE,Federal Contract Tower,2,51,33,2,88,0,2,41,0,43,2,53,74,2,131,18,0,18,149
04/16/2008,GJT,CO,ANM,WE,Federal Contract Tower,3,51,35,0,89,0,4,61,0,65,3,55,96,0,154,28,0,28,182
04/17/2008,GJT,CO,ANM,WE,Federal Contract Tower,4,55,30,1,90,0,6,72,1,79,4,61,102,2,169,72,6,78,247
04/18/2008,GJT,CO,ANM,WE,Federal Contract Tower,2,50,23,5,80,0,2,101,2,105,2,52,124,7,185,114,0,114,299
04/19/2008,GJT,CO,ANM,WE,Federal Contract Tower,1,32,12,0,45,0,1,44,2,47,1,33,56,2,92,22,0,22,114
04/20/2008,GJT,CO,ANM,WE,Federal Contract Tower,1,36,14,5,56,0,0,25,7,32,1,36,39,12,88,8,4,12,100
04/21/2008,GJT,CO,ANM,WE,Federal Contract Tower,1,52,21,0,74,0,8,65,0,73,1,60,86,0,147,54,0,54,201
04/22/2008,GJT,CO,ANM,WE,Federal Contract Tower,2,48,17,4,71,0,4,87,0,91,2,52,104,4,162,100,28,128,290
04/23/2008,GJT,CO,ANM,WE,Federal Contract Tower,2,50,17,3,72,0,5,63,1,69,2,55,80,4,141,28,4,32,173
04/24/2008,GJT,CO,ANM,WE,Federal Contract Tower,4,60,31,8,103,0,6,58,1,65,4,66,89,9,168,4,0,4,172
04/25/2008,GJT,CO,ANM,WE,Federal Contract Tower,4,53,20,6,83,0,1,75,4,80,4,54,95,10,163,112,10,122,285
04/26/2008,GJT,CO,ANM,WE,Federal Contract Tower,1,34,7,7,49,0,3,70,9,82,1,37,77,16,131,72,34,106,237
04/27/2008,GJT,CO,ANM,WE,Federal Contract Tower,2,38,16,8,64,0,4,72,1,77,2,42,88,9,141,64,0,64,205
04/28/2008,GJT,CO,ANM,WE,Federal Contract Tower,2,44,13,1,60,0,0,59,1,60,2,44,72,2,120,38,0,38,158
04/29/2008,GJT,CO,ANM,WE,Federal Contract Tower,4,46,22,2,74,0,3,72,1,76,4,49,94,3,150,56,10,66,216
04/30/2008,GJT,CO,ANM,WE,Federal Contract Tower,2,48,13,4,67,0,2,61,2,65,2,50,74,6,132,0,0,0,132
05/01/2008,GJT,CO,ANM,WE,Federal Contract Tower,11,46,32,3,92,0,4,29,1,34,11,50,61,4,126,20,16,36,162
05/02/2008,GJT,CO,ANM,WE,Federal Contract Tower,11,47,20,2,80,0,6,67,0,73,11,53,87,2,153,80,0,80,233
05/03/2008,GJT,CO,ANM,WE,Federal Contract Tower,9,32,10,8,59,0,9,63,3,75,9,41,73,11,134,94,24,118,252
05/04/2008,GJT,CO,ANM,WE,Federal Contract Tower,7,30,16,4,57,0,4,36,0,40,7,34,52,4,97,36,0,36,133
05/05/2008,GJT,CO,ANM,WE,Federal Contract Tower,10,51,25,5,91,0,2,58,7,67,10,53,83,12,158,70,14,84,242
05/06/2008,GJT,CO,ANM,WE,Federal Contract Tower,10,45,23,0,78,0,4,85,6,95,10,49,108,6,173,76,0,76,249
05/07/2008,GJT,CO,ANM,WE,Federal Contract Tower,10,43,32,3,88,0,9,65,6,80,10,52,97,9,168,66,38,104,272
05/08/2008,GJT,CO,ANM,WE,Federal Contract Tower,14,47,28,5,94,0,0,65,1,66,14,47,93,6,160,28,22,50,210
05/09/2008,GJT,CO,ANM,WE,Federal Contract Tower,10,42,24,6,82,0,3,72,3,78,10,45,96,9,160,36,0,36,196
05/10/2008,GJT,CO,ANM,WE,Federal Contract Tower,9,33,11,8,61,0,0,32,2,34,9,33,43,10,95,6,12,18,113
05/11/2008,GJT,CO,ANM,WE,Federal Contract Tower,12,30,15,4,61,0,4,47,0,51,12,34,62,4,112,48,12,60,172
05/12/2008,GJT,CO,ANM,WE,Federal Contract Tower,10,54,25,9,98,0,6,33,4,43,10,60,58,13,141,26,0,26,167
05/13/2008,GJT,CO,ANM,WE,Federal Contract Tower,10,48,32,2,92,0,4,41,0,45,10,52,73,2,137,72,0,72,209
05/14/2008,GJT,CO,ANM,WE,Federal Contract Tower,11,54,20,4,89,0,1,91,9,101,11,55,111,13,190,44,13,57,247
05/15/2008,GJT,CO,ANM,WE,Federal Contract Tower,12,56,35,8,111,0,0,53,1,54,12,56,88,9,165,42,26,68,233
05/16/2008,GJT,CO,ANM,WE,Federal Contract Tower,10,48,28,4,90,0,5,80,1,86,10,53,108,5,176,134,0,134,310
05/17/2008,GJT,CO,ANM,WE,Federal Contract Tower,11,33,15,19,78,0,5,104,3,112,11,38,119,22,190,90,36,126,316
05/18/2008,GJT,CO,ANM,WE,Federal Contract Tower,10,35,19,6,70,0,4,58,2,64,10,39,77,8,134,78,0,78,212
05/19/2008,GJT,CO,ANM,WE,Federal Contract Tower,9,47,18,0,74,0,4,60,0,64,9,51,78,0,138,104,0,104,242
05/20/2008,GJT,CO,ANM,WE,Federal Contract Tower,10,48,26,5,89,0,2,87,0,89,10,50,113,5,178,50,0,50,228
05/21/2008,GJT,CO,ANM,WE,Federal Contract Tower,10,54,38,3,105,0,2,29,0,31,10,56,67,3,136,16,2,18,154
05/22/2008,GJT,CO,ANM,WE,Federal Contract Tower,14,44,36,0,94,0,0,60,0,60,14,44,96,0,154,22,0,22,176
05/23/2008,GJT,CO,ANM,WE,Federal Contract Tower,10,46,33,2,91,0,5,35,0,40,10,51,68,2,131,44,0,44,175
05/24/2008,GJT,CO,ANM,WE,Federal Contract Tower,9,27,11,2,49,0,3,25,0,28,9,30,36,2,77,18,0,18,95
05/25/2008,GJT,CO,ANM,WE,Federal Contract Tower,10,24,12,2,48,0,9,34,0,43,10,33,46,2,91,4,6,10,101
05/26/2008,GJT,CO,ANM,WE,Federal Contract Tower,8,33,20,0,61,0,0,26,0,26,8,33,46,0,87,14,0,14,101
05/27/2008,GJT,CO,ANM,WE,Federal Contract Tower,10,40,24,8,82,0,2,81,8,91,10,42,105,16,173,32,24,56,229
05/28/2008,GJT,CO,ANM,WE,Federal Contract Tower,10,49,26,2,87,0,0,69,0,69,10,49,95,2,156,48,8,56,212
05/29/2008,GJT,CO,ANM,WE,Federal Contract Tower,12,46,32,4,94,0,5,72,0,77,12,51,104,4,171,80,22,102,273
05/30/2008,GJT,CO,ANM,WE,Federal Contract Tower,10,41,21,1,73,0,0,71,2,73,10,41,92,3,146,24,0,24,170
05/31/2008,GJT,CO,ANM,WE,Federal Contract Tower,9,29,7,4,49,0,0,96,9,105,9,29,103,13,154,14,12,26,180
06/01/2008,GJT,CO,ANM,WE,Federal Contract Tower,8,31,12,8,59,0,6,57,4,67,8,37,69,12,126,24,2,26,152
06/02/2008,GJT,CO,ANM,WE,Federal Contract Tower,8,41,18,6,73,0,9,84,0,93,8,50,102,6,166,56,4,60,226
06/03/2008,GJT,CO,ANM,WE,Federal Contract Tower,7,46,20,1,74,0,5,65,0,70,7,51,85,1,144,14,4,18,162
06/04/2008,GJT,CO,ANM,WE,Federal Contract Tower,14,48,42,4,108,0,2,58,0,60,14,50,100,4,168,58,26,84,252
06/05/2008,GJT,CO,ANM,WE,Federal Contract Tower,12,49,24,24,109,0,0,16,2,18,12,49,40,26,127,12,0,12,139
06/06/2008,GJT,CO,ANM,WE,Federal Contract Tower,11,43,22,1,77,0,2,98,2,102,11,45,120,3,179,122,0,122,301
06/07/2008,GJT,CO,ANM,WE,Federal Contract Tower,9,27,15,6,57,0,2,78,0,80,9,29,93,6,137,54,2,56,193
06/08/2008,GJT,CO,ANM,WE,Federal Contract Tower,13,28,12,12,65,0,2,80,9,91,13,30,92,21,156,45,6,51,207
06/09/2008,GJT,CO,ANM,WE,Federal Contract Tower,8,39,9,5,61,0,20,76,1,97,8,59,85,6,158,80,0,80,238
06/10/2008,GJT,CO,ANM,WE,Federal Contract Tower,9,40,20,5,74,0,3,55,0,58,9,43,75,5,132,40,14,54,186
06/11/2008,GJT,CO,ANM,WE,Federal Contract Tower,9,49,23,6,87,0,6,70,0,76,9,55,93,6,163,38,14,52,215
06/12/2008,GJT,CO,ANM,WE,Federal Contract Tower,11,48,24,1,84,0,1,92,2,95,11,49,116,3,179,90,0,90,269
06/13/2008,GJT,CO,ANM,WE,Federal Contract Tower,9,43,16,3,71,0,3,109,1,113,9,46,125,4,184,42,4,46,230
06/14/2008,GJT,CO,ANM,WE,Federal Contract Tower,9,23,7,0,39,0,2,89,2,93,9,25,96,2,132,74,20,94,226
06/15/2008,GJT,CO,ANM,WE,Federal Contract Tower,11,28,11,1,51,0,0,76,0,76,11,28,87,1,127,40,0,40,167
06/16/2008,GJT,CO,ANM,WE,Federal Contract Tower,6,47,19,6,78,0,4,57,0,61,6,51,76,6,139,58,12,70,209
06/17/2008,GJT,CO,ANM,WE,Federal Contract Tower,10,50,34,2,96,0,6,70,4,80,10,56,104,6,176,36,4,40,216
06/18/2008,GJT,CO,ANM,WE,Federal Contract Tower,10,41,24,8,83,1,5,76,13,95,11,46,100,21,178,24,14,38,216
06/19/2008,GJT,CO,ANM,WE,Federal Contract Tower,10,46,28,6,90,0,5,68,1,74,10,51,96,7,164,38,28,66,230
06/20/2008,GJT,CO,ANM,WE,Federal Contract Tower,9,51,17,2,79,0,4,94,1,99,9,55,111,3,178,82,0,82,260
06/21/2008,GJT,CO,ANM,WE,Federal Contract Tower,9,33,18,8,68,0,0,61,5,66,9,33,79,13,134,80,26,106,240
06/22/2008,GJT,CO,ANM,WE,Federal Contract Tower,9,30,15,5,59,0,2,40,0,42,9,32,55,5,101,12,0,12,113
06/23/2008,GJT,CO,ANM,WE,Federal Contract Tower,8,49,18,3,78,0,10,67,1,78,8,59,85,4,156,22,0,22,178
06/24/2008,GJT,CO,ANM,WE,Federal Contract Tower,8,44,19,2,73,0,1,84,0,85,8,45,103,2,158,42,0,42,200
06/25/2008,GJT,CO,ANM,WE,Federal Contract Tower,9,51,30,2,92,0,5,99,6,110,9,56,129,8,202,64,0,64,266
06/26/2008,GJT,CO,ANM,WE,Federal Contract Tower,11,47,43,10,111,0,5,81,1,87,11,52,124,11,198,66,34,100,298
06/27/2008,GJT,CO,ANM,WE,Federal Contract Tower,9,41,31,4,85,0,11,65,6,82,9,52,96,10,167,40,0,40,207
06/28/2008,GJT,CO,ANM,WE,Federal Contract Tower,9,35,9,1,54,0,8,50,1,59,9,43,59,2,113,76,12,88,201
06/29/2008,GJT,CO,ANM,WE,Federal Contract Tower,9,29,14,11,63,0,5,37,4,46,9,34,51,15,109,16,8,24,133
06/30/2008,GJT,CO,ANM,WE,Federal Contract Tower,7,44,29,4,84,1,8,65,3,77,8,52,94,7,161,32,6,38,199
07/01/2008,GJT,CO,ANM,WE,Federal Contract Tower,9,42,23,12,86,0,10,62,0,72,9,52,85,12,158,54,10,64,222
07/02/2008,GJT,CO,ANM,WE,Federal Contract Tower,9,47,17,3,76,0,4,65,2,71,9,51,82,5,147,48,0,48,195
07/03/2008,GJT,CO,ANM,WE,Federal Contract Tower,11,48,28,3,90,0,6,91,3,100,11,54,119,6,190,50,2,52,242
07/04/2008,GJT,CO,ANM,WE,Federal Contract Tower,7,27,6,0,40,0,4,41,0,45,7,31,47,0,85,20,0,20,105
07/05/2008,GJT,CO,ANM,WE,Federal Contract Tower,8,28,4,0,40,0,1,38,0,39,8,29,42,0,79,18,0,18,97
07/06/2008,GJT,CO,ANM,WE,Federal Contract Tower,9,35,17,0,61,0,7,57,0,64,9,42,74,0,125,66,0,66,191
07/07/2008,GJT,CO,ANM,WE,Federal Contract Tower,8,51,32,8,99,0,6,59,0,65,8,57,91,8,164,22,14,36,200
07/08/2008,GJT,CO,ANM,WE,Federal Contract Tower,9,48,22,1,80,0,2,75,0,77,9,50,97,1,157,38,0,38,195
07/09/2008,GJT,CO,ANM,WE,Federal Contract Tower,10,48,27,6,91,0,0,113,0,113,10,48,140,6,204,40,10,50,254
07/10/2008,GJT,CO,ANM,WE,Federal Contract Tower,12,44,28,8,92,0,4,66,1,71,12,48,94,9,163,34,12,46,209
07/11/2008,GJT,CO,ANM,WE,Federal Contract Tower,9,49,11,9,78,0,0,80,2,82,9,49,91,11,160,66,2,68,228
07/12/2008,GJT,CO,ANM,WE,Federal Contract Tower,9,31,8,4,52,0,4,53,3,60,9,35,61,7,112,16,2,18,130
07/13/2008,GJT,CO,ANM,WE,Federal Contract Tower,12,34,6,8,60,0,5,44,0,49,12,39,50,8,109,36,0,36,145
07/14/2008,GJT,CO,ANM,WE,Federal Contract Tower,9,46,16,3,74,0,4,86,1,91,9,50,102,4,165,36,0,36,201
07/15/2008,GJT,CO,ANM,WE,Federal Contract Tower,9,43,20,16,88,0,4,105,0,109,9,47,125,16,197,24,4,28,225
07/16/2008,GJT,CO,ANM,WE,Federal Contract Tower,9,44,19,6,78,0,15,66,5,86,9,59,85,11,164,24,0,24,188
07/17/2008,GJT,CO,ANM,WE,Federal Contract Tower,11,45,27,4,87,0,2,68,0,70,11,47,95,4,157,38,0,38,195
07/18/2008,GJT,CO,ANM,WE,Federal Contract Tower,9,45,5,10,69,0,4,68,0,72,9,49,73,10,141,24,2,26,167
07/19/2008,GJT,CO,ANM,WE,Federal Contract Tower,10,25,5,6,46,0,9,104,13,126,10,34,109,19,172,28,12,40,212
07/20/2008,GJT,CO,ANM,WE,Federal Contract Tower,10,31,17,13,71,0,5,64,11,80,10,36,81,24,151,14,24,38,189
07/21/2008,GJT,CO,ANM,WE,Federal Contract Tower,8,52,29,6,95,0,12,65,1,78,8,64,94,7,173,18,14,32,205
07/22/2008,GJT,CO,ANM,WE,Federal Contract Tower,9,48,24,10,91,0,1,95,0,96,9,49,119,10,187,34,10,44,231
07/23/2008,GJT,CO,ANM,WE,Federal Contract Tower,9,39,31,0,79,0,0,73,0,73,9,39,104,0,152,46,0,46,198
07/24/2008,GJT,CO,ANM,WE,Federal Contract Tower,11,51,23,5,90,0,8,100,5,113,11,59,123,10,203,50,14,64,267
07/25/2008,GJT,CO,ANM,WE,Federal Contract Tower,9,43,32,9,93,0,9,71,18,98,9,52,103,27,191,24,6,30,221
07/26/2008,GJT,CO,ANM,WE,Federal Contract Tower,5,27,7,7,46,0,3,60,5,68,5,30,67,12,114,2,36,38,152
07/27/2008,GJT,CO,ANM,WE,Federal Contract Tower,8,36,22,4,70,0,3,57,1,61,8,39,79,5,131,2,0,2,133
07/28/2008,GJT,CO,ANM,WE,Federal Contract Tower,8,49,29,8,94,0,5,58,2,65,8,54,87,10,159,36,24,60,219
07/29/2008,GJT,CO,ANM,WE,Federal Contract Tower,10,50,31,8,99,0,2,82,0,84,10,52,113,8,183,28,24,52,235
07/30/2008,GJT,CO,ANM,WE,Federal Contract Tower,9,40,27,0,76,0,6,65,0,71,9,46,92,0,147,0,0,0,147
07/31/2008,GJT,CO,ANM,WE,Federal Contract Tower,11,49,24,1,85,0,2,81,0,83,11,51,105,1,168,38,0,38,206
08/01/2008,GJT,CO,ANM,WE,Federal Contract Tower,7,60,26,6,99,0,0,80,2,82,7,60,106,8,181,30,0,30,211
08/02/2008,GJT,CO,ANM,WE,Federal Contract Tower,10,31,16,8,65,0,10,44,2,56,10,41,60,10,121,38,58,96,217
08/03/2008,GJT,CO,ANM,WE,Federal Contract Tower,9,35,13,0,57,0,10,55,2,67,9,45,68,2,124,44,0,44,168
08/04/2008,GJT,CO,ANM,WE,Federal Contract Tower,7,46,24,1,78,0,3,62,0,65,7,49,86,1,143,10,0,10,153
08/05/2008,GJT,CO,ANM,WE,Federal Contract Tower,13,47,22,3,85,0,4,51,0,55,13,51,73,3,140,38,0,38,178
08/06/2008,GJT,CO,ANM,WE,Federal Contract Tower,7,55,12,6,80,0,0,48,2,50,7,55,60,8,130,36,0,36,166
08/07/2008,GJT,CO,ANM,WE,Federal Contract Tower,12,49,38,13,112,0,0,50,0,50,12,49,88,13,162,12,12,24,186
08/08/2008,GJT,CO,ANM,WE,Federal Contract Tower,9,51,28,4,92,0,5,68,0,73,9,56,96,4,165,42,0,42,207
08/09/2008,GJT,CO,ANM,WE,Federal Contract Tower,10,33,13,9,65,0,4,65,5,74,10,37,78,14,139,38,46,84,223
08/10/2008,GJT,CO,ANM,WE,Federal Contract Tower,11,40,24,12,87,0,4,66,0,70,11,44,90,12,157,18,0,18,175
08/11/2008,GJT,CO,ANM,WE,Federal Contract Tower,8,45,28,6,87,0,5,54,0,59,8,50,82,6,146,42,0,42,188
08/12/2008,GJT,CO,ANM,WE,Federal Contract Tower,9,49,21,4,83,0,0,89,0,89,9,49,110,4,172,52,0,52,224
08/13/2008,GJT,CO,ANM,WE,Federal Contract Tower,9,46,23,2,80,0,7,64,0,71,9,53,87,2,151,28,0,28,179
08/14/2008,GJT,CO,ANM,WE,Federal Contract Tower,11,42,19,8,80,0,4,77,0,81,11,46,96,8,161,42,18,60,221
08/15/2008,GJT,CO,ANM,WE,Federal Contract Tower,8,40,16,8,72,0,3,54,0,57,8,43,70,8,129,52,2,54,183
08/16/2008,GJT,CO,ANM,WE,Federal Contract Tower,9,26,18,6,59,0,3,49,0,52,9,29,67,6,111,60,8,68,179
08/17/2008,GJT,CO,ANM,WE,Federal Contract Tower,9,36,9,13,67,0,12,58,0,70,9,48,67,13,137,30,0,30,167
08/18/2008,GJT,CO,ANM,WE,Federal Contract Tower,8,43,15,0,66,0,4,57,0,61,8,47,72,0,127,22,0,22,149
08/19/2008,GJT,CO,ANM,WE,Federal Contract Tower,7,50,23,5,85,0,4,81,8,93,7,54,104,13,178,60,0,60,238
08/20/2008,GJT,CO,ANM,WE,Federal Contract Tower,8,36,23,0,67,0,5,73,0,78,8,41,96,0,145,62,0,62,207
08/21/2008,GJT,CO,ANM,WE,Federal Contract Tower,9,45,26,6,86,0,3,86,0,89,9,48,112,6,175,68,0,68,243
08/22/2008,GJT,CO,ANM,WE,Federal Contract Tower,9,43,11,0,63,0,3,88,0,91,9,46,99,0,154,22,0,22,176
08/23/2008,GJT,CO,ANM,WE,Federal Contract Tower,10,27,7,14,58,0,3,65,17,85,10,30,72,31,143,66,140,206,349
08/24/2008,GJT,CO,ANM,WE,Federal Contract Tower,12,31,11,8,62,0,4,58,0,62,12,35,69,8,124,38,0,38,162
08/25/2008,GJT,CO,ANM,WE,Federal Contract Tower,8,45,30,13,96,0,1,65,0,66,8,46,95,13,162,30,14,44,206
08/26/2008,GJT,CO,ANM,WE,Federal Contract Tower,9,39,18,3,69,0,2,83,0,85,9,41,101,3,154,32,0,32,186
08/27/2008,GJT,CO,ANM,WE,Federal Contract Tower,9,38,43,5,95,0,5,109,2,116,9,43,152,7,211,8,0,8,219
08/28/2008,GJT,CO,ANM,WE,Federal Contract Tower,12,54,32,3,101,0,7,184,2,193,12,61,216,5,294,4,0,4,298
08/29/2008,GJT,CO,ANM,WE,Federal Contract Tower,13,44,38,11,106,0,9,91,4,104,13,53,129,15,210,64,8,72,282
08/30/2008,GJT,CO,ANM,WE,Federal Contract Tower,8,33,10,1,52,0,5,61,0,66,8,38,71,1,118,62,0,62,180
08/31/2008,GJT,CO,ANM,WE,Federal Contract Tower,9,28,19,2,58,0,2,22,0,24,9,30,41,2,82,10,0,10,92
09/01/2008,GJT,CO,ANM,WE,Federal Contract Tower,7,41,15,0,63,0,2,32,0,34,7,43,47,0,97,12,0,12,109
09/02/2008,GJT,CO,ANM,WE,Federal Contract Tower,5,49,29,3,86,0,5,73,0,78,5,54,102,3,164,36,17,53,217
09/03/2008,GJT,CO,ANM,WE,Federal Contract Tower,7,42,18,4,71,0,4,78,0,82,7,46,96,4,153,70,14,84,237
09/04/2008,GJT,CO,ANM,WE,Federal Contract Tower,9,44,19,6,78,0,5,83,1,89,9,49,102,7,167,58,20,78,245
09/05/2008,GJT,CO,ANM,WE,Federal Contract Tower,9,47,22,11,89,0,3,73,4,80,9,50,95,15,169,68,62,130,299
09/06/2008,GJT,CO,ANM,WE,Federal Contract Tower,12,24,13,11,60,0,3,62,7,72,12,27,75,18,132,38,30,68,200
09/07/2008,GJT,CO,ANM,WE,Federal Contract Tower,7,30,19,3,59,0,0,64,4,68,7,30,83,7,127,50,14,64,191
09/08/2008,GJT,CO,ANM,WE,Federal Contract Tower,7,42,34,5,88,0,3,57,4,64,7,45,91,9,152,26,10,36,188
09/09/2008,GJT,CO,ANM,WE,Federal Contract Tower,7,52,18,1,78,0,1,43,3,47,7,53,61,4,125,26,0,26,151
09/10/2008,GJT,CO,ANM,WE,Federal Contract Tower,9,55,26,2,92,0,3,31,0,34,9,58,57,2,126,44,8,52,178
09/11/2008,GJT,CO,ANM,WE,Federal Contract Tower,9,52,23,4,88,0,2,66,7,75,9,54,89,11,163,62,4,66,229
09/12/2008,GJT,CO,ANM,WE,Federal Contract Tower,7,47,23,5,82,0,5,66,1,72,7,52,89,6,154,84,14,98,252
09/13/2008,GJT,CO,ANM,WE,Federal Contract Tower,9,18,15,12,54,0,7,77,7,91,9,25,92,19,145,60,56,116,261
09/14/2008,GJT,CO,ANM,WE,Federal Contract Tower,7,33,15,0,55,0,2,42,2,46,7,35,57,2,101,30,0,30,131
09/15/2008,GJT,CO,ANM,WE,Federal Contract Tower,8,38,8,6,60,0,8,77,3,88,8,46,85,9,148,32,0,32,180
09/16/2008,GJT,CO,ANM,WE,Federal Contract Tower,7,38,18,0,63,0,9,64,0,73,7,47,82,0,136,42,0,42,178
09/17/2008,GJT,CO,ANM,WE,Federal Contract Tower,5,37,24,4,70,0,7,63,0,70,5,44,87,4,140,34,8,42,182
09/18/2008,GJT,CO,ANM,WE,Federal Contract Tower,9,39,19,0,67,0,1,63,2,66,9,40,82,2,133,82,0,82,215
09/19/2008,GJT,CO,ANM,WE,Federal Contract Tower,7,43,26,6,82,0,7,56,0,63,7,50,82,6,145,32,2,34,179
09/20/2008,GJT,CO,ANM,WE,Federal Contract Tower,10,28,12,1,51,0,2,52,5,59,10,30,64,6,110,20,4,24,134
09/21/2008,GJT,CO,ANM,WE,Federal Contract Tower,7,35,16,7,65,0,7,47,0,54,7,42,63,7,119,52,0,52,171
09/22/2008,GJT,CO,ANM,WE,Federal Contract Tower,6,46,29,9,90,0,6,52,3,61,6,52,81,12,151,20,12,32,183
09/23/2008,GJT,CO,ANM,WE,Federal Contract Tower,7,44,23,3,77,0,2,51,1,54,7,46,74,4,131,56,4,60,191
09/24/2008,GJT,CO,ANM,WE,Federal Contract Tower,5,42,33,12,92,0,2,76,7,85,5,44,109,19,177,64,8,72,249
09/25/2008,GJT,CO,ANM,WE,Federal Contract Tower,8,38,20,3,69,0,6,85,4,95,8,44,105,7,164,16,0,16,180
09/26/2008,GJT,CO,ANM,WE,Federal Contract Tower,7,43,9,11,70,0,2,70,7,79,7,45,79,18,149,2,2,4,153
09/27/2008,GJT,CO,ANM,WE,Federal Contract Tower,6,31,4,0,41,0,3,53,2,58,6,34,57,2,99,10,0,10,109
09/28/2008,GJT,CO,ANM,WE,Federal Contract Tower,7,29,10,1,47,0,0,63,11,74,7,29,73,12,121,0,2,2,123
09/29/2008,GJT,CO,ANM,WE,Federal Contract Tower,6,40,24,16,86,0,3,90,8,101,6,43,114,24,187,90,4,94,281
09/30/2008,GJT,CO,ANM,WE,Federal Contract Tower,7,47,26,4,84,0,15,86,0,101,7,62,112,4,185,36,2,38,223
10/01/2008,GJT,CO,ANM,WE,Federal Contract Tower,7,43,24,0,74,0,5,58,2,65,7,48,82,2,139,70,0,70,209
10/02/2008,GJT,CO,ANM,WE,Federal Contract Tower,9,45,22,5,81,0,6,90,0,96,9,51,112,5,177,66,0,66,243
10/03/2008,GJT,CO,ANM,WE,Federal Contract Tower,7,45,20,8,80,0,7,57,3,67,7,52,77,11,147,74,28,102,249
10/04/2008,GJT,CO,ANM,WE,Federal Contract Tower,10,28,11,0,49,0,0,15,0,15,10,28,26,0,64,2,0,2,66
10/05/2008,GJT,CO,ANM,WE,Federal Contract Tower,5,38,13,2,58,0,1,12,0,13,5,39,25,2,71,20,0,20,91
10/06/2008,GJT,CO,ANM,WE,Federal Contract Tower,6,48,29,2,85,0,2,38,1,41,6,50,67,3,126,38,0,38,164
10/07/2008,GJT,CO,ANM,WE,Federal Contract Tower,7,49,21,2,79,0,1,76,0,77,7,50,97,2,156,26,0,26,182
10/08/2008,GJT,CO,ANM,WE,Federal Contract Tower,7,46,25,1,79,0,7,87,5,99,7,53,112,6,178,86,22,108,286
10/09/2008,GJT,CO,ANM,WE,Federal Contract Tower,8,46,22,4,80,0,5,69,2,76,8,51,91,6,156,98,2,100,256
10/10/2008,GJT,CO,ANM,WE,Federal Contract Tower,10,47,17,6,80,0,5,26,0,31,10,52,43,6,111,6,2,8,119
10/11/2008,GJT,CO,ANM,WE,Federal Contract Tower,10,22,7,0,39,0,3,4,0,7,10,25,11,0,46,0,0,0,46
10/12/2008,GJT,CO,ANM,WE,Federal Contract Tower,7,36,14,3,60,0,2,45,5,52,7,38,59,8,112,70,32,102,214
10/13/2008,GJT,CO,ANM,WE,Federal Contract Tower,7,46,13,13,79,0,2,32,6,40,7,48,45,19,119,65,4,69,188
10/14/2008,GJT,CO,ANM,WE,Federal Contract Tower,7,49,18,4,78,0,1,62,1,64,7,50,80,5,142,76,18,94,236
10/15/2008,GJT,CO,ANM,WE,Federal Contract Tower,7,47,20,5,79,0,10,46,4,60,7,57,66,9,139,72,28,100,239
10/16/2008,GJT,CO,ANM,WE,Federal Contract Tower,9,49,20,0,78,0,8,55,0,63,9,57,75,0,141,26,0,26,167
10/17/2008,GJT,CO,ANM,WE,Federal Contract Tower,7,51,14,2,74,0,0,60,1,61,7,51,74,3,135,84,0,84,219
10/18/2008,GJT,CO,ANM,WE,Federal Contract Tower,10,21,5,3,39,0,3,61,5,69,10,24,66,8,108,58,18,76,184
10/19/2008,GJT,CO,ANM,WE,Federal Contract Tower,7,30,15,5,57,0,5,45,0,50,7,35,60,5,107,58,0,58,165
10/20/2008,GJT,CO,ANM,WE,Federal Contract Tower,9,45,16,0,70,0,0,34,0,34,9,45,50,0,104,48,0,48,152
10/21/2008,GJT,CO,ANM,WE,Federal Contract Tower,10,47,16,4,77,0,2,40,0,42,10,49,56,4,119,28,12,40,159
10/22/2008,GJT,CO,ANM,WE,Federal Contract Tower,7,52,22,3,84,0,5,43,0,48,7,57,65,3,132,28,14,42,174
10/23/2008,GJT,CO,ANM,WE,Federal Contract Tower,8,47,18,13,86,0,1,43,5,49,8,48,61,18,135,26,64,90,225
10/24/2008,GJT,CO,ANM,WE,Federal Contract Tower,8,45,23,0,76,0,3,85,0,88,8,48,108,0,164,26,0,26,190
10/25/2008,GJT,CO,ANM,WE,Federal Contract Tower,10,23,5,5,43,0,1,48,0,49,10,24,53,5,92,20,0,20,112
10/26/2008,GJT,CO,ANM,WE,Federal Contract Tower,7,29,8,1,45,0,1,32,0,33,7,30,40,1,78,8,0,8,86
10/27/2008,GJT,CO,ANM,WE,Federal Contract Tower,6,41,10,3,60,0,3,34,0,37,6,44,44,3,97,10,0,10,107
10/28/2008,GJT,CO,ANM,WE,Federal Contract Tower,7,46,17,10,80,0,3,41,0,44,7,49,58,10,124,8,12,20,144
10/29/2008,GJT,CO,ANM,WE,Federal Contract Tower,7,41,17,2,67,0,7,65,0,72,7,48,82,2,139,64,0,64,203
10/30/2008,GJT,CO,ANM,WE,Federal Contract Tower,8,56,17,4,85,0,2,65,0,67,8,58,82,4,152,48,13,61,213
10/31/2008,GJT,CO,ANM,WE,Federal Contract Tower,7,45,23,2,77,0,1,75,0,76,7,46,98,2,153,44,0,44,197
11/01/2008,GJT,CO,ANM,WE,Federal Contract Tower,6,28,7,1,42,0,5,102,3,110,6,33,109,4,152,54,20,74,226
11/02/2008,GJT,CO,ANM,WE,Federal Contract Tower,5,42,7,6,60,0,0,10,1,11,5,42,17,7,71,0,2,2,73
11/03/2008,GJT,CO,ANM,WE,Federal Contract Tower,8,46,15,2,71,0,1,40,1,42,8,47,55,3,113,18,2,20,133
11/04/2008,GJT,CO,ANM,WE,Federal Contract Tower,8,53,24,1,86,0,1,13,0,14,8,54,37,1,100,12,0,12,112
11/05/2008,GJT,CO,ANM,WE,Federal Contract Tower,5,44,27,3,79,0,0,22,0,22,5,44,49,3,101,24,0,24,125
11/06/2008,GJT,CO,ANM,WE,Federal Contract Tower,5,47,14,0,66,0,0,66,0,66,5,47,80,0,132,62,0,62,194
11/07/2008,GJT,CO,ANM,WE,Federal Contract Tower,9,50,17,1,77,0,3,45,1,49,9,53,62,2,126,50,0,50,176
11/08/2008,GJT,CO,ANM,WE,Federal Contract Tower,4,25,15,1,45,0,3,71,7,81,4,28,86,8,126,50,40,90,216
11/09/2008,GJT,CO,ANM,WE,Federal Contract Tower,3,33,6,3,45,0,2,25,0,27,3,35,31,3,72,28,0,28,100
11/10/2008,GJT,CO,ANM,WE,Federal Contract Tower,8,48,13,2,71,0,0,33,0,33,8,48,46,2,104,18,0,18,122
11/11/2008,GJT,CO,ANM,WE,Federal Contract Tower,5,48,26,0,79,0,1,35,6,42,5,49,61,6,121,46,4,50,171
11/12/2008,GJT,CO,ANM,WE,Federal Contract Tower,5,41,26,0,72,0,0,35,4,39,5,41,61,4,111,56,0,56,167
11/13/2008,GJT,CO,ANM,WE,Federal Contract Tower,5,48,25,3,81,0,5,32,2,39,5,53,57,5,120,38,22,60,180
11/14/2008,GJT,CO,ANM,WE,Federal Contract Tower,7,46,17,9,79,0,2,62,2,66,7,48,79,11,145,50,42,92,237
11/15/2008,GJT,CO,ANM,WE,Federal Contract Tower,4,25,13,2,44,0,2,93,2,97,4,27,106,4,141,109,18,127,268
11/16/2008,GJT,CO,ANM,WE,Federal Contract Tower,3,35,16,1,55,0,2,64,1,67,3,37,80,2,122,28,6,34,156
11/17/2008,GJT,CO,ANM,WE,Federal Contract Tower,7,40,23,3,73,0,6,63,1,70,7,46,86,4,143,56,2,58,201
11/18/2008,GJT,CO,ANM,WE,Federal Contract Tower,5,54,12,0,71,0,6,61,0,67,5,60,73,0,138,46,0,46,184
11/19/2008,GJT,CO,ANM,WE,Federal Contract Tower,5,44,11,2,62,0,3,82,0,85,5,47,93,2,147,38,0,38,185
11/20/2008,GJT,CO,ANM,WE,Federal Contract Tower,5,55,29,3,92,0,0,47,2,49,5,55,76,5,141,30,12,42,183
11/21/2008,GJT,CO,ANM,WE,Federal Contract Tower,7,47,17,6,77,0,3,65,2,70,7,50,82,8,147,48,0,48,195
11/22/2008,GJT,CO,ANM,WE,Federal Contract Tower,2,24,12,1,39,0,3,60,3,66,2,27,72,4,105,58,0,58,163
11/23/2008,GJT,CO,ANM,WE,Federal Contract Tower,3,31,8,5,47,0,6,64,0,70,3,37,72,5,117,98,0,98,215
11/24/2008,GJT,CO,ANM,WE,Federal Contract Tower,8,42,13,0,63,0,5,58,0,63,8,47,71,0,126,10,0,10,136
11/25/2008,GJT,CO,ANM,WE,Federal Contract Tower,7,48,14,7,76,0,4,70,1,75,7,52,84,8,151,36,14,50,201
11/26/2008,GJT,CO,ANM,WE,Federal Contract Tower,6,53,20,2,81,0,0,41,0,41,6,53,61,2,122,12,10,22,144
11/27/2008,GJT,CO,ANM,WE,Federal Contract Tower,5,15,4,0,24,0,2,3,0,5,5,17,7,0,29,0,0,0,29
11/28/2008,GJT,CO,ANM,WE,Federal Contract Tower,6,41,4,0,51,0,0,5,0,5,6,41,9,0,56,0,0,0,56
11/29/2008,GJT,CO,ANM,WE,Federal Contract Tower,5,42,13,0,60,0,1,20,0,21,5,43,33,0,81,58,0,58,139
11/30/2008,GJT,CO,ANM,WE,Federal Contract Tower,3,36,23,2,64,0,3,21,0,24,3,39,44,2,88,14,0,14,102
12/01/2008,GJT,CO,ANM,WE,Federal Contract Tower,9,47,17,7,80,0,4,38,0,42,9,51,55,7,122,20,10,30,152
12/02/2008,GJT,CO,ANM,WE,Federal Contract Tower,9,51,11,4,75,0,0,32,0,32,9,51,43,4,107,42,0,42,149
12/03/2008,GJT,CO,ANM,WE,Federal Contract Tower,7,44,25,4,80,0,1,28,2,31,7,45,53,6,111,28,17,45,156
12/04/2008,GJT,CO,ANM,WE,Federal Contract Tower,17,46,18,0,81,0,0,30,2,32,17,46,48,2,113,17,0,17,130
12/05/2008,GJT,CO,ANM,WE,Federal Contract Tower,9,46,28,3,86,0,2,66,1,69,9,48,94,4,155,38,0,38,193
12/06/2008,GJT,CO,ANM,WE,Federal Contract Tower,8,21,10,6,45,0,5,63,1,69,8,26,73,7,114,34,4,38,152
12/07/2008,GJT,CO,ANM,WE,Federal Contract Tower,5,30,4,6,45,0,2,53,2,57,5,32,57,8,102,76,10,86,188
12/08/2008,GJT,CO,ANM,WE,Federal Contract Tower,10,50,12,3,75,0,1,12,0,13,10,51,24,3,88,24,0,24,112
12/09/2008,GJT,CO,ANM,WE,Federal Contract Tower,9,39,25,2,75,0,3,34,0,37,9,42,59,2,112,22,18,40,152
12/10/2008,GJT,CO,ANM,WE,Federal Contract Tower,10,45,18,9,82,0,5,59,1,65,10,50,77,10,147,46,32,78,225
12/11/2008,GJT,CO,ANM,WE,Federal Contract Tower,9,45,26,5,85,0,4,66,0,70,9,49,92,5,155,50,0,50,205
12/12/2008,GJT,CO,ANM,WE,Federal Contract Tower,16,45,19,3,83,0,1,37,2,40,16,46,56,5,123,36,0,36,159
12/13/2008,GJT,CO,ANM,WE,Federal Contract Tower,8,32,16,2,58,0,0,6,0,6,8,32,22,2,64,8,0,8,72
12/14/2008,GJT,CO,ANM,WE,Federal Contract Tower,9,38,16,0,63,0,0,6,0,6,9,38,22,0,69,2,0,2,71
12/15/2008,GJT,CO,ANM,WE,Federal Contract Tower,7,42,24,0,73,0,5,17,2,24,7,47,41,2,97,6,0,6,103
12/16/2008,GJT,CO,ANM,WE,Federal Contract Tower,13,45,27,2,87,0,0,7,0,7,13,45,34,2,94,6,10,16,110
12/17/2008,GJT,CO,ANM,WE,Federal Contract Tower,9,44,21,0,74,0,1,19,0,20,9,45,40,0,94,8,0,8,102
12/18/2008,GJT,CO,ANM,WE,Federal Contract Tower,15,63,40,0,118,0,0,8,0,8,15,63,48,0,126,2,0,2,128
12/19/2008,GJT,CO,ANM,WE,Federal Contract Tower,17,64,22,2,105,0,2,35,0,37,17,66,57,2,142,26,0,26,168
12/20/2008,GJT,CO,ANM,WE,Federal Contract Tower,13,52,25,3,93,0,10,32,1,43,13,62,57,4,136,30,2,32,168
12/21/2008,GJT,CO,ANM,WE,Federal Contract Tower,6,48,12,5,71,0,2,43,0,45,6,50,55,5,116,52,2,54,170
12/22/2008,GJT,CO,ANM,WE,Federal Contract Tower,8,57,31,0,96,0,0,0,0,0,8,57,31,0,96,0,0,0,96
12/23/2008,GJT,CO,ANM,WE,Federal Contract Tower,12,91,57,0,160,0,0,3,0,3,12,91,60,0,163,6,0,6,169
12/24/2008,GJT,CO,ANM,WE,Federal Contract Tower,11,56,3,0,70,0,9,24,0,33,11,65,27,0,103,8,0,8,111
12/25/2008,GJT,CO,ANM,WE,Federal Contract Tower,16,61,26,0,103,0,0,0,0,0,16,61,26,0,103,0,0,0,103
12/26/2008,GJT,CO,ANM,WE,Federal Contract Tower,13,114,69,0,196,0,0,2,0,2,13,114,71,0,198,2,0,2,200
12/27/2008,GJT,CO,ANM,WE,Federal Contract Tower,8,59,48,0,115,0,4,29,0,33,8,63,77,0,148,18,0,18,166
12/28/2008,GJT,CO,ANM,WE,Federal Contract Tower,5,49,19,0,73,0,0,33,0,33,5,49,52,0,106,32,0,32,138
12/29/2008,GJT,CO,ANM,WE,Federal Contract Tower,8,46,9,1,64,0,5,44,1,50,8,51,53,2,114,20,0,20,134
12/30/2008,GJT,CO,ANM,WE,Federal Contract Tower,7,51,16,0,74,0,1,72,0,73,7,52,88,0,147,26,0,26,173
12/31/2008,GJT,CO,ANM,WE,Federal Contract Tower,9,48,11,0,68,0,0,28,0,28,9,48,39,0,96,18,0,18,114
01/01/2009,GJT,CO,ANM,WE,Federal Contract Tower,5,59,6,0,70,0,0,13,0,13,5,59,19,0,83,2,0,2,85
01/02/2009,GJT,CO,ANM,WE,Federal Contract Tower,9,72,30,0,111,0,2,35,0,37,9,74,65,0,148,4,0,4,152
01/03/2009,GJT,CO,ANM,WE,Federal Contract Tower,11,130,101,0,242,0,2,2,0,4,11,132,103,0,246,0,0,0,246
01/04/2009,GJT,CO,ANM,WE,Federal Contract Tower,6,52,26,0,84,0,0,41,0,41,6,52,67,0,125,12,0,12,137
01/05/2009,GJT,CO,ANM,WE,Federal Contract Tower,11,54,19,0,84,0,2,30,0,32,11,56,49,0,116,30,0,30,146
01/06/2009,GJT,CO,ANM,WE,Federal Contract Tower,7,44,13,3,67,0,0,12,1,13,7,44,25,4,80,0,6,6,86
01/07/2009,GJT,CO,ANM,WE,Federal Contract Tower,7,44,11,2,64,0,4,33,0,37,7,48,44,2,101,2,6,8,109
01/08/2009,GJT,CO,ANM,WE,Federal Contract Tower,9,41,25,2,77,0,8,46,0,54,9,49,71,2,131,36,28,64,195
01/09/2009,GJT,CO,ANM,WE,Federal Contract Tower,6,47,20,4,77,0,1,13,0,14,6,48,33,4,91,10,0,10,101
01/10/2009,GJT,CO,ANM,WE,Federal Contract Tower,6,25,10,4,45,0,4,57,0,61,6,29,67,4,106,84,0,84,190
01/11/2009,GJT,CO,ANM,WE,Federal Contract Tower,5,34,6,2,47,0,0,40,0,40,5,34,46,2,87,30,0,30,117
01/12/2009,GJT,CO,ANM,WE,Federal Contract Tower,3,54,20,5,82,0,1,26,0,27,3,55,46,5,109,18,0,18,127
01/13/2009,GJT,CO,ANM,WE,Federal Contract Tower,9,42,14,2,67,0,5,47,0,52,9,47,61,2,119,34,8,42,161
01/14/2009,GJT,CO,ANM,WE,Federal Contract Tower,7,42,19,1,69,0,0,49,18,67,7,42,68,19,136,26,0,26,162
01/15/2009,GJT,CO,ANM,WE,Federal Contract Tower,8,46,9,2,65,0,3,63,0,66,8,49,72,2,131,18,0,18,149
01/16/2009,GJT,CO,ANM,WE,Federal Contract Tower,6,49,6,4,65,0,2,89,5,96,6,51,95,9,161,54,0,54,215
01/17/2009,GJT,CO,ANM,WE,Federal Contract Tower,6,21,4,0,31,0,2,51,0,53,6,23,55,0,84,56,0,56,140
01/18/2009,GJT,CO,ANM,WE,Federal Contract Tower,7,39,11,3,60,0,1,58,0,59,7,40,69,3,119,28,16,44,163
01/19/2009,GJT,CO,ANM,WE,Federal Contract Tower,6,51,10,1,68,0,0,56,0,56,6,51,66,1,124,60,4,64,188
01/20/2009,GJT,CO,ANM,WE,Federal Contract Tower,14,46,19,2,81,0,6,50,0,56,14,52,69,2,137,46,0,46,183
01/21/2009,GJT,CO,ANM,WE,Federal Contract Tower,9,37,7,3,56,0,8,60,3,71,9,45,67,6,127,32,19,51,178
01/22/2009,GJT,CO,ANM,WE,Federal Contract Tower,10,49,30,3,92,0,9,26,0,35,10,58,56,3,127,46,20,66,193
01/23/2009,GJT,CO,ANM,WE,Federal Contract Tower,15,56,39,0,110,0,1,19,0,20,15,57,58,0,130,50,0,50,180
01/24/2009,GJT,CO,ANM,WE,Federal Contract Tower,10,35,15,0,60,0,0,2,0,2,10,35,17,0,62,0,0,0,62
01/25/2009,GJT,CO,ANM,WE,Federal Contract Tower,7,42,8,1,58,0,0,12,0,12,7,42,20,1,70,22,0,22,92
01/26/2009,GJT,CO,ANM,WE,Federal Contract Tower,10,48,13,2,73,0,2,14,0,16,10,50,27,2,89,2,12,14,103
01/27/2009,GJT,CO,ANM,WE,Federal Contract Tower,13,47,16,2,78,0,0,21,2,23,13,47,37,4,101,10,0,10,111
01/28/2009,GJT,CO,ANM,WE,Federal Contract Tower,9,43,12,1,65,0,0,31,1,32,9,43,43,2,97,42,10,52,149
01/29/2009,GJT,CO,ANM,WE,Federal Contract Tower,12,56,14,4,86,0,5,50,0,55,12,61,64,4,141,60,0,60,201
01/30/2009,GJT,CO,ANM,WE,Federal Contract Tower,8,43,11,4,66,0,0,55,0,55,8,43,66,4,121,64,0,64,185
01/31/2009,GJT,CO,ANM,WE,Federal Contract Tower,6,24,9,5,44,0,6,83,6,95,6,30,92,11,139,76,26,102,241
02/01/2009,GJT,CO,ANM,WE,Federal Contract Tower,6,34,8,2,50,0,2,47,0,49,6,36,55,2,99,44,0,44,143
02/02/2009,GJT,CO,ANM,WE,Federal Contract Tower,8,42,14,4,68,0,1,41,0,42,8,43,55,4,110,34,0,34,144
02/03/2009,GJT,CO,ANM,WE,Federal Contract Tower,7,41,19,0,67,0,1,72,0,73,7,42,91,0,140,56,0,56,196
02/04/2009,GJT,CO,ANM,WE,Federal Contract Tower,7,40,20,0,67,0,0,65,0,65,7,40,85,0,132,104,0,104,236
02/05/2009,GJT,CO,ANM,WE,Federal Contract Tower,11,44,20,3,78,0,0,73,0,73,11,44,93,3,151,69,0,69,220
02/06/2009,GJT,CO,ANM,WE,Federal Contract Tower,9,47,15,0,71,0,9,31,0,40,9,56,46,0,111,80,0,80,191
02/07/2009,GJT,CO,ANM,WE,Federal Contract Tower,6,26,7,0,39,0,4,47,0,51,6,30,54,0,90,42,0,42,132
02/08/2009,GJT,CO,ANM,WE,Federal Contract Tower,9,41,13,4,67,0,0,9,0,9,9,41,22,4,76,30,0,30,106
02/09/2009,GJT,CO,ANM,WE,Federal Contract Tower,6,51,12,2,71,0,0,2,0,2,6,51,14,2,73,8,0,8,81
02/10/2009,GJT,CO,ANM,WE,Federal Contract Tower,7,60,18,0,85,0,0,28,0,28,7,60,46,0,113,62,0,62,175
02/11/2009,GJT,CO,ANM,WE,Federal Contract Tower,5,45,11,0,61,0,0,44,0,44,5,45,55,0,105,34,0,34,139
02/12/2009,GJT,CO,ANM,WE,Federal Contract Tower,9,47,16,0,72,0,2,32,0,34,9,49,48,0,106,71,0,71,177
02/13/2009,GJT,CO,ANM,WE,Federal Contract Tower,8,57,23,3,91,0,0,16,0,16,8,57,39,3,107,52,0,52,159
02/14/2009,GJT,CO,ANM,WE,Federal Contract Tower,8,33,15,0,56,0,1,11,0,12,8,34,26,0,68,22,0,22,90
02/15/2009,GJT,CO,ANM,WE,Federal Contract Tower,9,33,9,1,52,0,0,48,0,48,9,33,57,1,100,64,4,68,168
02/16/2009,GJT,CO,ANM,WE,Federal Contract Tower,6,46,20,0,72,0,1,39,0,40,6,47,59,0,112,26,0,26,138
02/17/2009,GJT,CO,ANM,WE,Federal Contract Tower,8,53,20,3,84,0,2,11,0,13,8,55,31,3,97,18,0,18,115
02/18/2009,GJT,CO,ANM,WE,Federal Contract Tower,7,48,16,6,77,0,0,45,0,45,7,48,61,6,122,52,0,52,174
02/19/2009,GJT,CO,ANM,WE,Federal Contract Tower,9,46,23,0,78,0,6,53,1,60,9,52,76,1,138,62,0,62,200
02/20/2009,GJT,CO,ANM,WE,Federal Contract Tower,9,52,13,5,79,0,0,80,2,82,9,52,93,7,161,82,6,88,249
02/21/2009,GJT,CO,ANM,WE,Federal Contract Tower,8,31,10,9,58,0,1,66,10,77,8,32,76,19,135,26,90,116,251
02/22/2009,GJT,CO,ANM,WE,Federal Contract Tower,7,32,11,0,50,0,2,68,0,70,7,34,79,0,120,14,0,14,134
02/23/2009,GJT,CO,ANM,WE,Federal Contract Tower,9,49,15,0,73,0,2,10,0,12,9,51,25,0,85,12,0,12,97
02/24/2009,GJT,CO,ANM,WE,Federal Contract Tower,7,47,19,5,78,0,0,55,1,56,7,47,74,6,134,38,6,44,178
02/25/2009,GJT,CO,ANM,WE,Federal Contract Tower,7,38,25,4,74,0,46,0,0,46,7,84,25,4,120,50,0,50,170
02/26/2009,GJT,CO,ANM,WE,Federal Contract Tower,11,39,10,2,62,0,5,52,0,57,11,44,62,2,119,72,0,72,191
02/27/2009,GJT,CO,ANM,WE,Federal Contract Tower,18,43,21,4,86,0,1,20,0,21,18,44,41,4,107,28,0,28,135
02/28/2009,GJT,CO,ANM,WE,Federal Contract Tower,8,29,12,7,56,0,6,58,0,64,8,35,70,7,120,16,10,26,146
03/01/2009,GJT,CO,ANM,WE,Federal Contract Tower,7,32,9,5,53,0,1,43,1,45,7,33,52,6,98,18,20,38,136
03/02/2009,GJT,CO,ANM,WE,Federal Contract Tower,8,47,10,6,71,0,1,52,0,53,8,48,62,6,124,32,6,38,162
03/03/2009,GJT,CO,ANM,WE,Federal Contract Tower,10,42,27,8,87,0,0,32,0,32,10,42,59,8,119,46,8,54,173
03/04/2009,GJT,CO,ANM,WE,Federal Contract Tower,12,47,11,5,75,0,2,26,0,28,12,49,37,5,103,6,10,16,119
03/05/2009,GJT,CO,ANM,WE,Federal Contract Tower,9,42,15,3,69,0,2,25,1,28,9,44,40,4,97,6,4,10,107
03/06/2009,GJT,CO,ANM,WE,Federal Contract Tower,10,50,17,6,83,0,0,40,0,40,10,50,57,6,123,69,6,75,198
03/07/2009,GJT,CO,ANM,WE,Federal Contract Tower,10,35,7,0,52,0,0,3,0,3,10,35,10,0,55,0,0,0,55
03/08/2009,GJT,CO,ANM,WE,Federal Contract Tower,8,33,184,4,229,0,0,44,0,44,8,33,228,4,273,50,0,50,323
03/09/2009,GJT,CO,ANM,WE,Federal Contract Tower,11,40,12,4,67,0,12,18,0,30,11,52,30,4,97,8,0,8,105
03/10/2009,GJT,CO,ANM,WE,Federal Contract Tower,7,50,14,4,75,0,3,32,0,35,7,53,46,4,110,24,24,48,158
03/11/2009,GJT,CO,ANM,WE,Federal Contract Tower,7,43,11,0,61,0,2,64,0,66,7,45,75,0,127,50,0,50,177
03/12/2009,GJT,CO,ANM,WE,Federal Contract Tower,9,42,23,0,74,0,0,53,0,53,9,42,76,0,127,48,0,48,175
03/13/2009,GJT,CO,ANM,WE,Federal Contract Tower,9,49,14,0,72,0,1,45,2,48,9,50,59,2,120,70,0,70,190
03/14/2009,GJT,CO,ANM,WE,Federal Contract Tower,6,30,7,6,49,0,0,72,7,79,6,30,79,13,128,46,26,72,200
03/15/2009,GJT,CO,ANM,WE,Federal Contract Tower,7,35,8,1,51,0,2,51,3,56,7,37,59,4,107,28,2,30,137
03/16/2009,GJT,CO,ANM,WE,Federal Contract Tower,7,44,13,0,64,0,4,34,0,38,7,48,47,0,102,38,0,38,140
03/17/2009,GJT,CO,ANM,WE,Federal Contract Tower,8,51,17,10,86,0,1,65,0,66,8,52,82,10,152,54,2,56,208
03/18/2009,GJT,CO,ANM,WE,Federal Contract Tower,7,50,15,3,75,0,1,77,0,78,7,51,92,3,153,48,0,48,201
03/19/2009,GJT,CO,ANM,WE,Federal Contract Tower,9,47,23,9,88,0,32,43,1,76,9,79,66,10,164,30,12,42,206
03/20/2009,GJT,CO,ANM,WE,Federal Contract Tower,15,44,15,5,79,0,3,53,0,56,15,47,68,5,135,77,8,85,220
03/21/2009,GJT,CO,ANM,WE,Federal Contract Tower,6,30,11,1,48,0,3,48,1,52,6,33,59,2,100,14,6,20,120
03/22/2009,GJT,CO,ANM,WE,Federal Contract Tower,9,36,8,5,58,0,3,31,0,34,9,39,39,5,92,12,0,12,104
03/23/2009,GJT,CO,ANM,WE,Federal Contract Tower,14,43,11,4,72,0,0,12,0,12,14,43,23,4,84,16,0,16,100
03/24/2009,GJT,CO,ANM,WE,Federal Contract Tower,8,48,10,3,69,0,2,40,0,42,8,50,50,3,111,40,8,48,159
03/25/2009,GJT,CO,ANM,WE,Federal Contract Tower,11,40,25,0,76,0,0,20,0,20,11,40,45,0,96,34,0,34,130
03/26/2009,GJT,CO,ANM,WE,Federal Contract Tower,23,47,28,0,98,0,2,2,0,4,23,49,30,0,102,6,0,6,108
03/27/2009,GJT,CO,ANM,WE,Federal Contract Tower,8,55,23,14,100,0,9,61,0,70,8,64,84,14,170,52,28,80,250
03/28/2009,GJT,CO,ANM,WE,Federal Contract Tower,11,26,21,7,65,0,5,90,3,98,11,31,111,10,163,62,16,78,241
03/29/2009,GJT,CO,ANM,WE,Federal Contract Tower,9,37,12,5,63,0,1,8,0,9,9,38,20,5,72,8,0,8,80
03/30/2009,GJT,CO,ANM,WE,Federal Contract Tower,15,55,12,0,82,0,3,15,0,18,15,58,27,0,100,10,0,10,110
03/31/2009,GJT,CO,ANM,WE,Federal Contract Tower,11,50,20,0,81,0,1,57,0,58,11,51,77,0,139,54,0,54,193
04/01/2009,GJT,CO,ANM,WE,Federal Contract Tower,12,44,15,2,73,0,1,18,0,19,12,45,33,2,92,46,0,46,138
04/02/2009,GJT,CO,ANM,WE,Federal Contract Tower,12,41,18,5,76,0,2,50,0,52,12,43,68,5,128,40,26,66,194
04/03/2009,GJT,CO,ANM,WE,Federal Contract Tower,16,55,28,2,101,0,0,11,0,11,16,55,39,2,112,28,0,28,140
04/04/2009,GJT,CO,ANM,WE,Federal Contract Tower,7,40,14,0,61,0,0,3,0,3,7,40,17,0,64,8,0,8,72
04/05/2009,GJT,CO,ANM,WE,Federal Contract Tower,7,33,11,7,58,0,11,63,0,74,7,44,74,7,132,26,0,26,158
04/06/2009,GJT,CO,ANM,WE,Federal Contract Tower,14,48,10,3,75,0,4,58,0,62,14,52,68,3,137,22,4,26,163
04/07/2009,GJT,CO,ANM,WE,Federal Contract Tower,14,35,20,1,70,0,0,88,0,88,14,35,108,1,158,50,0,50,208
04/08/2009,GJT,CO,ANM,WE,Federal Contract Tower,12,35,5,3,55,0,0,19,0,19,12,35,24,3,74,1,12,13,87
04/09/2009,GJT,CO,ANM,WE,Federal Contract Tower,15,50,23,4,92,0,2,30,1,33,15,52,53,5,125,24,26,50,175
04/10/2009,GJT,CO,ANM,WE,Federal Contract Tower,16,44,5,4,69,0,2,52,0,54,16,46,57,4,123,37,22,59,182
04/11/2009,GJT,CO,ANM,WE,Federal Contract Tower,9,22,2,2,35,0,0,5,0,5,9,22,7,2,40,6,0,6,46
04/12/2009,GJT,CO,ANM,WE,Federal Contract Tower,14,37,3,2,56,0,1,16,0,17,14,38,19,2,73,4,0,4,77
04/13/2009,GJT,CO,ANM,WE,Federal Contract Tower,14,47,16,10,87,0,3,59,1,63,14,50,75,11,150,22,24,46,196
04/14/2009,GJT,CO,ANM,WE,Federal Contract Tower,11,45,16,0,72,0,1,24,0,25,11,46,40,0,97,10,0,10,107
04/15/2009,GJT,CO,ANM,WE,Federal Contract Tower,14,46,19,2,81,0,1,9,0,10,14,47,28,2,91,14,1,15,106
04/16/2009,GJT,CO,ANM,WE,Federal Contract Tower,18,46,11,6,81,0,0,26,0,26,18,46,37,6,107,17,0,17,124
04/17/2009,GJT,CO,ANM,WE,Federal Contract Tower,9,34,24,5,72,0,0,30,0,30,9,34,54,5,102,34,44,78,180
04/18/2009,GJT,CO,ANM,WE,Federal Contract Tower,6,25,4,8,43,0,4,81,5,90,6,29,85,13,133,16,18,34,167
04/19/2009,GJT,CO,ANM,WE,Federal Contract Tower,7,34,14,9,64,0,1,69,0,70,7,35,83,9,134,28,0,28,162
04/20/2009,GJT,CO,ANM,WE,Federal Contract Tower,9,42,21,12,84,0,5,71,1,77,9,47,92,13,161,36,8,44,205
04/21/2009,GJT,CO,ANM,WE,Federal Contract Tower,10,39,16,2,67,0,6,89,2,97,10,45,105,4,164,52,0,52,216
04/22/2009,GJT,CO,ANM,WE,Federal Contract Tower,10,38,11,6,65,0,1,78,2,81,10,39,89,8,146,46,0,46,192
04/23/2009,GJT,CO,ANM,WE,Federal Contract Tower,13,48,7,2,70,0,2,69,0,71,13,50,76,2,141,26,0,26,167
04/24/2009,GJT,CO,ANM,WE,Federal Contract Tower,12,50,12,4,78,0,0,45,0,45,12,50,57,4,123,38,0,38,161
04/25/2009,GJT,CO,ANM,WE,Federal Contract Tower,7,26,3,6,42,0,3,15,0,18,7,29,18,6,60,28,0,28,88
04/26/2009,GJT,CO,ANM,WE,Federal Contract Tower,9,34,5,0,48,0,0,30,0,30,9,34,35,0,78,6,0,6,84
04/27/2009,GJT,CO,ANM,WE,Federal Contract Tower,11,41,14,4,70,0,3,46,0,49,11,44,60,4,119,12,28,40,159
04/28/2009,GJT,CO,ANM,WE,Federal Contract Tower,13,40,12,4,69,0,2,29,0,31,13,42,41,4,100,0,2,2,102
04/29/2009,GJT,CO,ANM,WE,Federal Contract Tower,16,36,11,0,63,0,8,47,0,55,16,44,58,0,118,24,10,34,152
04/30/2009,GJT,CO,ANM,WE,Federal Contract Tower,14,42,13,2,71,0,0,57,1,58,14,42,70,3,129,15,10,25,154
05/01/2009,GJT,CO,ANM,WE,Federal Contract Tower,20,42,13,6,81,0,2,43,0,45,20,44,56,6,126,42,2,44,170
05/02/2009,GJT,CO,ANM,WE,Federal Contract Tower,9,19,2,2,32,0,0,12,0,12,9,19,14,2,44,0,0,0,44
05/03/2009,GJT,CO,ANM,WE,Federal Contract Tower,9,33,16,7,65,0,2,40,0,42,9,35,56,7,107,22,16,38,145
05/04/2009,GJT,CO,ANM,WE,Federal Contract Tower,16,45,15,4,80,0,4,31,2,37,16,49,46,6,117,38,0,38,155
05/05/2009,GJT,CO,ANM,WE,Federal Contract Tower,9,48,13,3,73,4,8,35,7,54,13,56,48,10,127,12,32,44,171
05/06/2009,GJT,CO,ANM,WE,Federal Contract Tower,15,40,27,2,84,0,0,33,2,35,15,40,60,4,119,14,1,15,134
05/07/2009,GJT,CO,ANM,WE,Federal Contract Tower,12,49,15,8,84,0,4,60,0,64,12,53,75,8,148,22,18,40,188
05/08/2009,GJT,CO,ANM,WE,Federal Contract Tower,14,55,12,5,86,0,3,73,2,78,14,58,85,7,164,23,20,43,207
05/09/2009,GJT,CO,ANM,WE,Federal Contract Tower,7,26,1,0,34,0,3,67,0,70,7,29,68,0,104,44,0,44,148
05/10/2009,GJT,CO,ANM,WE,Federal Contract Tower,8,38,10,8,64,0,0,52,0,52,8,38,62,8,116,12,0,12,128
05/11/2009,GJT,CO,ANM,WE,Federal Contract Tower,12,50,18,9,89,0,0,70,2,72,12,50,88,11,161,20,12,32,193
05/12/2009,GJT,CO,ANM,WE,Federal Contract Tower,10,53,15,5,83,0,0,43,2,45,10,53,58,7,128,8,0,8,136
05/13/2009,GJT,CO,ANM,WE,Federal Contract Tower,9,42,26,2,79,0,4,65,0,69,9,46,91,2,148,28,0,28,176
05/14/2009,GJT,CO,ANM,WE,Federal Contract Tower,12,53,22,6,93,0,1,73,2,76,12,54,95,8,169,44,14,58,227
05/15/2009,GJT,CO,ANM,WE,Federal Contract Tower,15,52,13,7,87,0,2,57,1,60,15,54,70,8,147,34,0,34,181
05/16/2009,GJT,CO,ANM,WE,Federal Contract Tower,7,29,11,2,49,0,2,59,2,63,7,31,70,4,112,24,0,24,136
05/17/2009,GJT,CO,ANM,WE,Federal Contract Tower,5,43,10,3,61,0,5,40,2,47,5,48,50,5,108,18,0,18,126
05/18/2009,GJT,CO,ANM,WE,Federal Contract Tower,10,49,9,2,70,0,3,43,0,46,10,52,52,2,116,26,0,26,142
05/19/2009,GJT,CO,ANM,WE,Federal Contract Tower,12,43,11,9,75,0,3,33,8,44,12,46,44,17,119,14,22,36,155
05/20/2009,GJT,CO,ANM,WE,Federal Contract Tower,10,44,20,4,78,0,0,60,3,63,10,44,80,7,141,30,0,30,171
05/21/2009,GJT,CO,ANM,WE,Federal Contract Tower,11,51,18,2,82,0,1,42,0,43,11,52,60,2,125,22,0,22,147
05/22/2009,GJT,CO,ANM,WE,Federal Contract Tower,10,47,13,2,72,0,0,45,0,45,10,47,58,2,117,30,0,30,147
05/23/2009,GJT,CO,ANM,WE,Federal Contract Tower,5,30,7,2,44,0,3,10,0,13,5,33,17,2,57,14,0,14,71
05/24/2009,GJT,CO,ANM,WE,Federal Contract Tower,8,23,5,0,36,0,6,11,0,17,8,29,16,0,53,0,0,0,53
05/25/2009,GJT,CO,ANM,WE,Federal Contract Tower,11,39,6,2,58,0,1,25,0,26,11,40,31,2,84,36,0,36,120
05/26/2009,GJT,CO,ANM,WE,Federal Contract Tower,9,55,23,6,93,0,1,38,0,39,9,56,61,6,132,14,0,14,146
05/27/2009,GJT,CO,ANM,WE,Federal Contract Tower,10,42,18,2,72,0,2,56,3,61,10,44,74,5,133,22,0,22,155
05/28/2009,GJT,CO,ANM,WE,Federal Contract Tower,11,50,15,5,81,0,0,64,5,69,11,50,79,10,150,37,0,37,187
05/29/2009,GJT,CO,ANM,WE,Federal Contract Tower,11,56,13,9,89,0,2,40,0,42,11,58,53,9,131,4,4,8,139
05/30/2009,GJT,CO,ANM,WE,Federal Contract Tower,7,30,5,0,42,0,10,52,0,62,7,40,57,0,104,50,0,50,154
05/31/2009,GJT,CO,ANM,WE,Federal Contract Tower,10,35,6,3,54,0,3,39,3,45,10,38,45,6,99,8,2,10,109
06/01/2009,GJT,CO,ANM,WE,Federal Contract Tower,12,55,19,4,90,0,0,31,0,31,12,55,50,4,121,32,0,32,153
06/02/2009,GJT,CO,ANM,WE,Federal Contract Tower,10,54,19,5,88,0,1,45,0,46,10,55,64,5,134,18,0,18,152
06/03/2009,GJT,CO,ANM,WE,Federal Contract Tower,11,40,14,0,65,0,2,55,0,57,11,42,69,0,122,28,0,28,150
06/04/2009,GJT,CO,ANM,WE,Federal Contract Tower,12,48,9,0,69,0,4,60,0,64,12,52,69,0,133,6,0,6,139
06/05/2009,GJT,CO,ANM,WE,Federal Contract Tower,14,50,23,7,94,0,3,49,0,52,14,53,72,7,146,10,4,14,160
06/06/2009,GJT,CO,ANM,WE,Federal Contract Tower,11,26,4,16,57,0,0,42,2,44,11,26,46,18,101,14,4,18,119
06/07/2009,GJT,CO,ANM,WE,Federal Contract Tower,15,37,7,3,62,0,0,34,0,34,15,37,41,3,96,74,0,74,170
06/08/2009,GJT,CO,ANM,WE,Federal Contract Tower,15,41,9,3,68,0,3,58,4,65,15,44,67,7,133,44,12,56,189
06/09/2009,GJT,CO,ANM,WE,Federal Contract Tower,12,45,13,2,72,0,1,40,3,44,12,46,53,5,116,50,0,50,166
06/10/2009,GJT,CO,ANM,WE,Federal Contract Tower,13,49,12,4,78,0,3,37,2,42,13,52,49,6,120,38,0,38,158
06/11/2009,GJT,CO,ANM,WE,Federal Contract Tower,15,44,18,0,77,0,2,46,0,48,15,46,64,0,125,104,0,104,229
06/12/2009,GJT,CO,ANM,WE,Federal Contract Tower,14,52,17,5,88,0,2,85,2,89,14,54,102,7,177,54,2,56,233
06/13/2009,GJT,CO,ANM,WE,Federal Contract Tower,10,29,5,3,47,0,1,49,1,51,10,30,54,4,98,34,0,34,132
06/14/2009,GJT,CO,ANM,WE,Federal Contract Tower,13,29,7,2,51,0,0,28,0,28,13,29,35,2,79,6,0,6,85
06/15/2009,GJT,CO,ANM,WE,Federal Contract Tower,15,43,16,6,80,0,0,58,8,66,15,43,74,14,146,44,16,60,206
06/16/2009,GJT,CO,ANM,WE,Federal Contract Tower,13,51,15,4,83,0,4,51,0,55,13,55,66,4,138,8,0,8,146
06/17/2009,GJT,CO,ANM,WE,Federal Contract Tower,12,43,10,0,65,0,3,69,0,72,12,46,79,0,137,57,0,57,194
06/18/2009,GJT,CO,ANM,WE,Federal Contract Tower,11,47,25,1,84,0,1,47,0,48,11,48,72,1,132,54,0,54,186
06/19/2009,GJT,CO,ANM,WE,Federal Contract Tower,18,43,10,4,75,0,0,78,0,78,18,43,88,4,153,52,0,52,205
06/20/2009,GJT,CO,ANM,WE,Federal Contract Tower,9,36,14,2,61,0,0,50,0,50,9,36,64,2,111,32,0,32,143
06/21/2009,GJT,CO,ANM,WE,Federal Contract Tower,9,34,10,4,57,0,5,31,0,36,9,39,41,4,93,60,0,60,153
06/22/2009,GJT,CO,ANM,WE,Federal Contract Tower,15,41,13,0,69,0,3,51,0,54,15,44,64,0,123,24,0,24,147
06/23/2009,GJT,CO,ANM,WE,Federal Contract Tower,9,50,22,5,86,0,0,61,3,64,9,50,83,8,150,24,14,38,188
06/24/2009,GJT,CO,ANM,WE,Federal Contract Tower,13,38,23,4,78,0,1,49,2,52,13,39,72,6,130,10,2,12,142
06/25/2009,GJT,CO,ANM,WE,Federal Contract Tower,13,43,12,6,74,0,0,51,0,51,13,43,63,6,125,18,2,20,145
06/26/2009,GJT,CO,ANM,WE,Federal Contract Tower,20,48,13,5,86,0,1,30,1,32,20,49,43,6,118,18,0,18,136
06/27/2009,GJT,CO,ANM,WE,Federal Contract Tower,11,27,12,6,56,0,3,64,2,69,11,30,76,8,125,14,4,18,143
06/28/2009,GJT,CO,ANM,WE,Federal Contract Tower,8,31,14,8,61,0,3,50,3,56,8,34,64,11,117,62,0,62,179
06/29/2009,GJT,CO,ANM,WE,Federal Contract Tower,14,40,11,0,65,0,0,79,1,80,14,40,90,1,145,62,0,62,207
06/30/2009,GJT,CO,ANM,WE,Federal Contract Tower,12,44,19,5,80,0,3,88,0,91,12,47,107,5,171,44,28,72,243
07/01/2009,GJT,CO,ANM,WE,Federal Contract Tower,13,44,7,3,67,0,0,80,6,86,13,44,87,9,153,42,12,54,207
07/02/2009,GJT,CO,ANM,WE,Federal Contract Tower,15,45,12,2,74,0,0,67,2,69,15,45,79,4,143,28,0,28,171
07/03/2009,GJT,CO,ANM,WE,Federal Contract Tower,12,39,16,3,70,0,2,46,0,48,12,41,62,3,118,38,0,38,156
07/04/2009,GJT,CO,ANM,WE,Federal Contract Tower,5,24,1,0,30,0,4,44,0,48,5,28,45,0,78,48,0,48,126
07/05/2009,GJT,CO,ANM,WE,Federal Contract Tower,8,32,17,3,60,0,1,38,0,39,8,33,55,3,99,32,0,32,131
07/06/2009,GJT,CO,ANM,WE,Federal Contract Tower,14,46,21,5,86,0,0,55,0,55,14,46,76,5,141,44,20,64,205
07/07/2009,GJT,CO,ANM,WE,Federal Contract Tower,11,46,9,4,70,0,1,95,1,97,11,47,104,5,167,31,20,51,218
07/08/2009,GJT,CO,ANM,WE,Federal Contract Tower,9,42,18,2,71,0,0,69,0,69,9,42,87,2,140,24,0,24,164
07/09/2009,GJT,CO,ANM,WE,Federal Contract Tower,13,43,16,11,83,0,9,86,3,98,13,52,102,14,181,14,14,28,209
07/10/2009,GJT,CO,ANM,WE,Federal Contract Tower,13,47,10,1,71,0,0,95,1,96,13,47,105,2,167,62,0,62,229
07/11/2009,GJT,CO,ANM,WE,Federal Contract Tower,6,36,4,2,48,0,4,84,0,88,6,40,88,2,136,27,13,40,176
07/12/2009,GJT,CO,ANM,WE,Federal Contract Tower,8,41,7,0,56,0,0,66,0,66,8,41,73,0,122,0,0,0,122
07/13/2009,GJT,CO,ANM,WE,Federal Contract Tower,14,45,10,4,73,0,0,75,0,75,14,45,85,4,148,27,16,43,191
07/14/2009,GJT,CO,ANM,WE,Federal Contract Tower,11,45,18,7,81,0,0,112,2,114,11,45,130,9,195,18,0,18,213
07/15/2009,GJT,CO,ANM,WE,Federal Contract Tower,13,40,20,10,83,0,6,131,0,137,13,46,151,10,220,6,0,6,226
07/16/2009,GJT,CO,ANM,WE,Federal Contract Tower,9,52,22,2,85,0,0,69,0,69,9,52,91,2,154,69,0,69,223
07/17/2009,GJT,CO,ANM,WE,Federal Contract Tower,13,53,16,1,83,0,14,72,1,87,13,67,88,2,170,12,0,12,182
07/18/2009,GJT,CO,ANM,WE,Federal Contract Tower,10,31,12,2,55,0,2,53,4,59,10,33,65,6,114,85,0,85,199
07/19/2009,GJT,CO,ANM,WE,Federal Contract Tower,4,38,15,1,58,0,2,48,1,51,4,40,63,2,109,14,0,14,123
07/20/2009,GJT,CO,ANM,WE,Federal Contract Tower,13,45,13,10,81,0,3,80,1,84,13,48,93,11,165,44,4,48,213
07/21/2009,GJT,CO,ANM,WE,Federal Contract Tower,11,45,20,2,78,0,2,78,0,80,11,47,98,2,158,26,0,26,184
07/22/2009,GJT,CO,ANM,WE,Federal Contract Tower,16,40,23,5,84,0,6,75,11,92,16,46,98,16,176,48,0,48,224
07/23/2009,GJT,CO,ANM,WE,Federal Contract Tower,11,44,18,13,86,0,0,69,0,69,11,44,87,13,155,58,0,58,213
07/24/2009,GJT,CO,ANM,WE,Federal Contract Tower,15,46,20,7,88,0,9,86,1,96,15,55,106,8,184,28,4,32,216
07/25/2009,GJT,CO,ANM,WE,Federal Contract Tower,10,28,10,5,53,0,2,49,0,51,10,30,59,5,104,26,10,36,140
07/26/2009,GJT,CO,ANM,WE,Federal Contract Tower,6,40,13,3,62,0,1,34,1,36,6,41,47,4,98,24,2,26,124
07/27/2009,GJT,CO,ANM,WE,Federal Contract Tower,16,38,21,8,83,0,5,72,0,77,16,43,93,8,160,14,0,14,174
07/28/2009,GJT,CO,ANM,WE,Federal Contract Tower,9,41,17,5,72,0,1,88,1,90,9,42,105,6,162,41,28,69,231
07/29/2009,GJT,CO,ANM,WE,Federal Contract Tower,10,43,19,0,72,0,2,89,0,91,10,45,108,0,163,12,0,12,175
07/30/2009,GJT,CO,ANM,WE,Federal Contract Tower,11,49,23,2,85,0,0,79,0,79,11,49,102,2,164,17,4,21,185
07/31/2009,GJT,CO,ANM,WE,Federal Contract Tower,12,48,24,5,89,0,2,58,3,63,12,50,82,8,152,28,8,36,188
08/01/2009,GJT,CO,ANM,WE,Federal Contract Tower,10,32,4,8,54,0,0,99,5,104,10,32,103,13,158,77,18,95,253
08/02/2009,GJT,CO,ANM,WE,Federal Contract Tower,4,36,11,4,55,0,0,57,2,59,4,36,68,6,114,50,0,50,164
08/03/2009,GJT,CO,ANM,WE,Federal Contract Tower,13,42,14,1,70,0,1,55,19,75,13,43,69,20,145,36,0,36,181
08/04/2009,GJT,CO,ANM,WE,Federal Contract Tower,8,44,16,4,72,0,5,80,6,91,8,49,96,10,163,32,0,32,195
08/05/2009,GJT,CO,ANM,WE,Federal Contract Tower,8,48,16,2,74,0,0,61,3,64,8,48,77,5,138,46,0,46,184
08/06/2009,GJT,CO,ANM,WE,Federal Contract Tower,11,49,12,4,76,0,2,67,4,73,11,51,79,8,149,28,0,28,177
08/07/2009,GJT,CO,ANM,WE,Federal Contract Tower,16,43,10,4,73,0,2,65,5,72,16,45,75,9,145,26,10,36,181
08/08/2009,GJT,CO,ANM,WE,Federal Contract Tower,8,28,19,12,67,0,2,59,0,61,8,30,78,12,128,52,70,122,250
08/09/2009,GJT,CO,ANM,WE,Federal Contract Tower,8,41,15,6,70,0,2,56,0,58,8,43,71,6,128,34,0,34,162
08/10/2009,GJT,CO,ANM,WE,Federal Contract Tower,12,45,10,10,77,0,5,99,1,105,12,50,109,11,182,44,0,44,226
08/11/2009,GJT,CO,ANM,WE,Federal Contract Tower,9,41,25,8,83,0,0,71,4,75,9,41,96,12,158,24,10,34,192
08/12/2009,GJT,CO,ANM,WE,Federal Contract Tower,8,42,15,8,73,0,0,46,3,49,8,42,61,11,122,30,0,30,152
08/13/2009,GJT,CO,ANM,WE,Federal Contract Tower,8,44,25,5,82,0,0,59,1,60,8,44,84,6,142,27,0,27,169
08/14/2009,GJT,CO,ANM,WE,Federal Contract Tower,11,51,21,4,87,0,2,52,0,54,11,53,73,4,141,26,0,26,167
08/15/2009,GJT,CO,ANM,WE,Federal Contract Tower,11,31,14,4,60,0,0,30,5,35,11,31,44,9,95,50,2,52,147
08/16/2009,GJT,CO,ANM,WE,Federal Contract Tower,7,39,17,9,72,0,1,38,0,39,7,40,55,9,111,32,0,32,143
08/17/2009,GJT,CO,ANM,WE,Federal Contract Tower,12,45,18,3,78,0,1,70,1,72,12,46,88,4,150,54,0,54,204
08/18/2009,GJT,CO,ANM,WE,Federal Contract Tower,9,42,20,3,74,0,3,44,6,53,9,45,64,9,127,52,6,58,185
08/19/2009,GJT,CO,ANM,WE,Federal Contract Tower,8,40,21,7,76,0,3,76,1,80,8,43,97,8,156,53,0,53,209
08/20/2009,GJT,CO,ANM,WE,Federal Contract Tower,9,44,26,4,83,0,0,51,1,52,9,44,77,5,135,18,0,18,153
08/21/2009,GJT,CO,ANM,WE,Federal Contract Tower,12,50,15,4,81,0,5,93,0,98,12,55,108,4,179,70,0,70,249
08/22/2009,GJT,CO,ANM,WE,Federal Contract Tower,8,28,6,6,48,0,3,48,4,55,8,31,54,10,103,44,20,64,167
08/23/2009,GJT,CO,ANM,WE,Federal Contract Tower,4,37,9,20,70,0,6,33,0,39,4,43,42,20,109,70,12,82,191
08/24/2009,GJT,CO,ANM,WE,Federal Contract Tower,12,41,16,7,76,0,1,34,0,35,12,42,50,7,111,24,20,44,155
08/25/2009,GJT,CO,ANM,WE,Federal Contract Tower,11,37,20,2,70,0,0,55,0,55,11,37,75,2,125,38,0,38,163
08/26/2009,GJT,CO,ANM,WE,Federal Contract Tower,10,43,12,6,71,0,1,66,3,70,10,44,78,9,141,50,4,54,195
08/27/2009,GJT,CO,ANM,WE,Federal Contract Tower,9,40,17,7,73,0,1,69,3,73,9,41,86,10,146,40,26,66,212
08/28/2009,GJT,CO,ANM,WE,Federal Contract Tower,12,47,16,7,82,0,5,95,1,101,12,52,111,8,183,52,8,60,243
08/29/2009,GJT,CO,ANM,WE,Federal Contract Tower,11,21,3,7,42,0,0,76,1,77,11,21,79,8,119,110,19,129,248
08/30/2009,GJT,CO,ANM,WE,Federal Contract Tower,5,33,17,8,63,0,4,96,1,101,5,37,113,9,164,18,0,18,182
08/31/2009,GJT,CO,ANM,WE,Federal Contract Tower,11,48,19,0,78,0,2,61,2,65,11,50,80,2,143,8,6,14,157
09/01/2009,GJT,CO,ANM,WE,Federal Contract Tower,6,43,14,1,64,0,1,27,3,31,6,44,41,4,95,4,0,4,99
09/02/2009,GJT,CO,ANM,WE,Federal Contract Tower,5,45,11,6,67,0,5,63,0,68,5,50,74,6,135,26,6,32,167
09/03/2009,GJT,CO,ANM,WE,Federal Contract Tower,5,44,17,3,69,0,1,66,0,67,5,45,83,3,136,38,0,38,174
09/04/2009,GJT,CO,ANM,WE,Federal Contract Tower,7,49,15,2,73,0,6,60,0,66,7,55,75,2,139,58,8,66,205
09/05/2009,GJT,CO,ANM,WE,Federal Contract Tower,4,28,6,2,40,0,10,64,0,74,4,38,70,2,114,22,8,30,144
09/06/2009,GJT,CO,ANM,WE,Federal Contract Tower,3,23,7,0,33,0,7,41,0,48,3,30,48,0,81,22,0,22,103
09/07/2009,GJT,CO,ANM,WE,Federal Contract Tower,9,34,7,2,52,0,3,56,0,59,9,37,63,2,111,2,0,2,113
09/08/2009,GJT,CO,ANM,WE,Federal Contract Tower,4,45,12,1,62,0,0,57,4,61,4,45,69,5,123,36,0,36,159
09/09/2009,GJT,CO,ANM,WE,Federal Contract Tower,5,51,15,2,73,0,3,49,0,52,5,54,64,2,125,2,0,2,127
09/10/2009,GJT,CO,ANM,WE,Federal Contract Tower,5,44,15,5,69,0,5,71,0,76,5,49,86,5,145,20,0,20,165
09/11/2009,GJT,CO,ANM,WE,Federal Contract Tower,9,49,16,2,76,0,1,56,0,57,9,50,72,2,133,28,2,30,163
09/12/2009,GJT,CO,ANM,WE,Federal Contract Tower,4,29,11,3,47,0,0,69,1,70,4,29,80,4,117,2,8,10,127
09/13/2009,GJT,CO,ANM,WE,Federal Contract Tower,10,44,15,5,74,0,2,37,4,43,10,46,52,9,117,6,0,6,123
09/14/2009,GJT,CO,ANM,WE,Federal Contract Tower,8,44,12,3,67,0,3,53,0,56,8,47,65,3,123,18,2,20,143
09/15/2009,GJT,CO,ANM,WE,Federal Contract Tower,2,49,12,2,65,0,0,25,2,27,2,49,37,4,92,23,12,35,127
09/16/2009,GJT,CO,ANM,WE,Federal Contract Tower,2,50,19,8,79,0,4,77,1,82,2,54,96,9,161,30,0,30,191
09/17/2009,GJT,CO,ANM,WE,Federal Contract Tower,4,46,15,7,72,0,0,59,0,59,4,46,74,7,131,8,0,8,139
09/18/2009,GJT,CO,ANM,WE,Federal Contract Tower,10,43,21,8,82,0,0,62,0,62,10,43,83,8,144,26,2,28,172
09/19/2009,GJT,CO,ANM,WE,Federal Contract Tower,1,26,10,6,43,0,19,30,2,51,1,45,40,8,94,10,16,26,120
09/20/2009,GJT,CO,ANM,WE,Federal Contract Tower,0,31,10,3,44,0,0,19,1,20,0,31,29,4,64,28,0,28,92
09/21/2009,GJT,CO,ANM,WE,Federal Contract Tower,4,41,16,0,61,0,4,26,0,30,4,45,42,0,91,6,0,6,97
09/22/2009,GJT,CO,ANM,WE,Federal Contract Tower,2,40,15,3,60,0,2,67,4,73,2,42,82,7,133,16,20,36,169
09/23/2009,GJT,CO,ANM,WE,Federal Contract Tower,2,40,11,9,62,0,1,56,0,57,2,41,67,9,119,20,14,34,153
09/24/2009,GJT,CO,ANM,WE,Federal Contract Tower,2,46,13,2,63,0,15,61,3,79,2,61,74,5,142,26,0,26,168
09/25/2009,GJT,CO,ANM,WE,Federal Contract Tower,5,48,18,23,94,0,1,59,5,65,5,49,77,28,159,42,48,90,249
09/26/2009,GJT,CO,ANM,WE,Federal Contract Tower,2,22,7,0,31,0,3,103,0,106,2,25,110,0,137,20,0,20,157
09/27/2009,GJT,CO,ANM,WE,Federal Contract Tower,0,36,14,6,56,0,7,41,3,51,0,43,55,9,107,26,0,26,133
09/28/2009,GJT,CO,ANM,WE,Federal Contract Tower,6,47,13,6,72,0,1,57,0,58,6,48,70,6,130,2,0,2,132
09/29/2009,GJT,CO,ANM,WE,Federal Contract Tower,2,44,20,6,72,0,4,51,0,55,2,48,71,6,127,20,8,28,155
09/30/2009,GJT,CO,ANM,WE,Federal Contract Tower,2,38,11,4,55,0,0,7,1,8,2,38,18,5,63,12,8,20,83
10/01/2009,GJT,CO,ANM,WE,Federal Contract Tower,8,44,15,5,72,0,4,28,3,35,8,48,43,8,107,8,2,10,117
10/02/2009,GJT,CO,ANM,WE,Federal Contract Tower,2,48,12,4,66,0,5,67,3,75,2,53,79,7,141,22,2,24,165
10/03/2009,GJT,CO,ANM,WE,Federal Contract Tower,2,21,13,16,52,0,0,42,17,59,2,21,55,33,111,50,48,98,209
10/04/2009,GJT,CO,ANM,WE,Federal Contract Tower,10,34,3,2,49,0,0,7,2,9,10,34,10,4,58,2,0,2,60
10/05/2009,GJT,CO,ANM,WE,Federal Contract Tower,1,50,14,3,68,0,2,28,0,30,1,52,42,3,98,10,0,10,108
10/06/2009,GJT,CO,ANM,WE,Federal Contract Tower,2,51,19,2,74,0,7,64,0,71,2,58,83,2,145,36,4,40,185
10/07/2009,GJT,CO,ANM,WE,Federal Contract Tower,2,36,15,9,62,0,0,40,4,44,2,36,55,13,106,40,0,40,146
10/08/2009,GJT,CO,ANM,WE,Federal Contract Tower,6,44,28,2,80,0,0,23,0,23,6,44,51,2,103,14,0,14,117
10/09/2009,GJT,CO,ANM,WE,Federal Contract Tower,2,44,24,8,78,0,5,45,0,50,2,49,69,8,128,26,0,26,154
10/10/2009,GJT,CO,ANM,WE,Federal Contract Tower,2,27,17,1,47,0,3,27,1,31,2,30,44,2,78,24,2,26,104
10/11/2009,GJT,CO,ANM,WE,Federal Contract Tower,3,36,8,9,56,0,2,36,0,38,3,38,44,9,94,24,0,24,118
10/12/2009,GJT,CO,ANM,WE,Federal Contract Tower,1,48,19,4,72,0,2,41,4,47,1,50,60,8,119,38,0,38,157
10/13/2009,GJT,CO,ANM,WE,Federal Contract Tower,2,53,16,2,73,0,0,39,4,43,2,53,55,6,116,14,8,22,138
10/14/2009,GJT,CO,ANM,WE,Federal Contract Tower,8,51,20,4,83,0,3,20,0,23,8,54,40,4,106,16,0,16,122
10/15/2009,GJT,CO,ANM,WE,Federal Contract Tower,8,48,18,12,86,0,1,56,1,58,8,49,74,13,144,55,16,71,215
10/16/2009,GJT,CO,ANM,WE,Federal Contract Tower,2,49,16,8,75,0,5,71,1,77,2,54,87,9,152,52,12,64,216
10/17/2009,GJT,CO,ANM,WE,Federal Contract Tower,2,30,8,4,44,0,2,48,2,52,2,32,56,6,96,16,48,64,160
10/18/2009,GJT,CO,ANM,WE,Federal Contract Tower,4,33,8,6,51,0,2,44,1,47,4,35,52,7,98,28,10,38,136
10/19/2009,GJT,CO,ANM,WE,Federal Contract Tower,2,51,13,8,74,0,1,40,0,41,2,52,53,8,115,4,8,12,127
10/20/2009,GJT,CO,ANM,WE,Federal Contract Tower,2,48,22,4,76,0,0,14,0,14,2,48,36,4,90,2,0,2,92
10/21/2009,GJT,CO,ANM,WE,Federal Contract Tower,2,41,29,2,74,0,0,31,0,31,2,41,60,2,105,82,0,82,187
10/22/2009,GJT,CO,ANM,WE,Federal Contract Tower,5,45,15,1,66,0,0,45,0,45,5,45,60,1,111,32,0,32,143
10/23/2009,GJT,CO,ANM,WE,Federal Contract Tower,2,45,11,11,69,0,1,57,0,58,2,46,68,11,127,46,0,46,173
10/24/2009,GJT,CO,ANM,WE,Federal Contract Tower,2,21,4,2,29,0,0,44,3,47,2,21,48,5,76,16,2,18,94
10/25/2009,GJT,CO,ANM,WE,Federal Contract Tower,5,34,8,11,58,0,3,37,2,42,5,37,45,13,100,18,0,18,118
10/26/2009,GJT,CO,ANM,WE,Federal Contract Tower,1,49,11,2,63,0,1,43,0,44,1,50,54,2,107,0,0,0,107
10/27/2009,GJT,CO,ANM,WE,Federal Contract Tower,2,49,16,4,71,0,0,10,0,10,2,49,26,4,81,28,0,28,109
10/28/2009,GJT,CO,ANM,WE,Federal Contract Tower,4,45,11,0,60,0,0,0,0,0,4,45,11,0,60,36,0,36,96
10/29/2009,GJT,CO,ANM,WE,Federal Contract Tower,5,49,20,4,78,0,3,16,0,19,5,52,36,4,97,56,0,56,153
10/30/2009,GJT,CO,ANM,WE,Federal Contract Tower,2,45,21,9,77,0,0,40,1,41,2,45,61,10,118,66,0,66,184
10/31/2009,GJT,CO,ANM,WE,Federal Contract Tower,1,26,3,9,39,0,6,49,10,65,1,32,52,19,104,26,24,50,154
11/01/2009,GJT,CO,ANM,WE,Federal Contract Tower,4,34,10,0,48,0,0,36,0,36,4,34,46,0,84,22,0,22,106
11/02/2009,GJT,CO,ANM,WE,Federal Contract Tower,3,44,13,6,66,0,3,45,1,49,3,47,58,7,115,30,0,30,145
11/03/2009,GJT,CO,ANM,WE,Federal Contract Tower,2,44,18,4,68,0,1,66,1,68,2,45,84,5,136,66,20,86,222
11/04/2009,GJT,CO,ANM,WE,Federal Contract Tower,3,43,20,7,73,0,3,54,0,57,3,46,74,7,130,53,2,55,185
11/05/2009,GJT,CO,ANM,WE,Federal Contract Tower,7,47,20,3,77,0,1,61,1,63,7,48,81,4,140,94,12,106,246
11/06/2009,GJT,CO,ANM,WE,Federal Contract Tower,2,40,23,12,77,0,0,56,4,60,2,40,79,16,137,75,0,75,212
11/07/2009,GJT,CO,ANM,WE,Federal Contract Tower,1,30,8,13,52,0,2,49,5,56,1,32,57,18,108,28,48,76,184
11/08/2009,GJT,CO,ANM,WE,Federal Contract Tower,2,33,14,5,54,0,3,42,3,48,2,36,56,8,102,52,10,62,164
11/09/2009,GJT,CO,ANM,WE,Federal Contract Tower,1,44,10,1,56,0,0,45,0,45,1,44,55,1,101,118,0,118,219
11/10/2009,GJT,CO,ANM,WE,Federal Contract Tower,2,44,11,5,62,0,2,56,3,61,2,46,67,8,123,72,2,74,197
11/11/2009,GJT,CO,ANM,WE,Federal Contract Tower,2,33,10,3,48,0,3,41,4,48,2,36,51,7,96,22,0,22,118
11/12/2009,GJT,CO,ANM,WE,Federal Contract Tower,6,44,27,2,79,0,7,24,0,31,6,51,51,2,110,12,0,12,122
11/13/2009,GJT,CO,ANM,WE,Federal Contract Tower,4,51,19,4,78,0,0,9,0,9,4,51,28,4,87,38,0,38,125
11/14/2009,GJT,CO,ANM,WE,Federal Contract Tower,3,31,4,0,38,0,0,2,0,2,3,31,6,0,40,0,0,0,40
11/15/2009,GJT,CO,ANM,WE,Federal Contract Tower,4,43,10,6,63,0,2,12,0,14,4,45,22,6,77,22,0,22,99
11/16/2009,GJT,CO,ANM,WE,Federal Contract Tower,3,50,10,6,69,0,0,47,0,47,3,50,57,6,116,40,14,54,170
11/17/2009,GJT,CO,ANM,WE,Federal Contract Tower,2,44,19,9,74,0,1,83,0,84,2,45,102,9,158,36,2,38,196
11/18/2009,GJT,CO,ANM,WE,Federal Contract Tower,2,39,14,1,56,0,0,51,0,51,2,39,65,1,107,64,0,64,171
11/19/2009,GJT,CO,ANM,WE,Federal Contract Tower,6,43,11,3,63,0,0,70,2,72,6,43,81,5,135,56,0,56,191
11/20/2009,GJT,CO,ANM,WE,Federal Contract Tower,2,50,17,8,77,0,1,52,0,53,2,51,69,8,130,26,0,26,156
11/21/2009,GJT,CO,ANM,WE,Federal Contract Tower,1,24,6,9,40,0,4,48,19,71,1,28,54,28,111,56,68,124,235
11/22/2009,GJT,CO,ANM,WE,Federal Contract Tower,4,36,11,11,62,0,0,36,1,37,4,36,47,12,99,28,2,30,129
11/23/2009,GJT,CO,ANM,WE,Federal Contract Tower,1,47,9,13,70,0,0,25,2,27,1,47,34,15,97,32,0,32,129
11/24/2009,GJT,CO,ANM,WE,Federal Contract Tower,1,49,11,2,63,0,3,47,3,53,1,52,58,5,116,43,0,43,159
11/25/2009,GJT,CO,ANM,WE,Federal Contract Tower,3,43,7,0,53,0,2,70,0,72,3,45,77,0,125,54,0,54,179
11/26/2009,GJT,CO,ANM,WE,Federal Contract Tower,7,15,2,0,24,0,2,28,0,30,7,17,30,0,54,6,0,6,60
11/27/2009,GJT,CO,ANM,WE,Federal Contract Tower,3,30,9,0,42,0,0,0,0,0,3,30,9,0,42,36,0,36,78
11/28/2009,GJT,CO,ANM,WE,Federal Contract Tower,2,34,6,0,42,0,2,28,0,30,2,36,34,0,72,26,0,26,98
11/29/2009,GJT,CO,ANM,WE,Federal Contract Tower,4,38,9,0,51,0,0,49,0,49,4,38,58,0,100,58,0,58,158
11/30/2009,GJT,CO,ANM,WE,Federal Contract Tower,2,48,22,4,76,0,0,31,0,31,2,48,53,4,107,0,0,0,107
12/01/2009,GJT,CO,ANM,WE,Federal Contract Tower,4,47,18,8,77,0,1,47,0,48,4,48,65,8,125,36,16,52,177
12/02/2009,GJT,CO,ANM,WE,Federal Contract Tower,6,38,16,9,69,0,3,36,2,41,6,41,52,11,110,18,4,22,132
12/03/2009,GJT,CO,ANM,WE,Federal Contract Tower,8,43,16,2,69,0,0,46,0,46,8,43,62,2,115,4,0,4,119
12/04/2009,GJT,CO,ANM,WE,Federal Contract Tower,3,38,16,7,64,0,0,46,6,52,3,38,62,13,116,76,0,76,192
12/05/2009,GJT,CO,ANM,WE,Federal Contract Tower,5,22,12,3,42,0,0,42,5,47,5,22,54,8,89,54,2,56,145
12/06/2009,GJT,CO,ANM,WE,Federal Contract Tower,4,33,11,2,50,0,0,2,2,4,4,33,13,4,54,0,0,0,54
12/07/2009,GJT,CO,ANM,WE,Federal Contract Tower,2,54,22,7,85,0,0,2,0,2,2,54,24,7,87,14,0,14,101
12/08/2009,GJT,CO,ANM,WE,Federal Contract Tower,1,42,9,0,52,0,0,0,0,0,1,42,9,0,52,0,0,0,52
12/09/2009,GJT,CO,ANM,WE,Federal Contract Tower,5,40,8,1,54,0,5,35,0,40,5,45,43,1,94,50,8,58,152
12/10/2009,GJT,CO,ANM,WE,Federal Contract Tower,10,36,14,0,60,0,0,37,0,37,10,36,51,0,97,36,0,36,133
12/11/2009,GJT,CO,ANM,WE,Federal Contract Tower,2,48,18,7,75,0,3,34,1,38,2,51,52,8,113,40,0,40,153
12/12/2009,GJT,CO,ANM,WE,Federal Contract Tower,2,28,10,0,40,0,0,6,0,6,2,28,16,0,46,68,0,68,114
12/13/2009,GJT,CO,ANM,WE,Federal Contract Tower,4,40,9,0,53,0,0,2,0,2,4,40,11,0,55,14,0,14,69
12/14/2009,GJT,CO,ANM,WE,Federal Contract Tower,2,45,27,0,74,0,0,29,0,29,2,45,56,0,103,42,0,42,145
12/15/2009,GJT,CO,ANM,WE,Federal Contract Tower,2,43,9,2,56,0,2,33,0,35,2,45,42,2,91,54,0,54,145
12/16/2009,GJT,CO,ANM,WE,Federal Contract Tower,2,40,20,5,67,0,3,32,0,35,2,43,52,5,102,40,8,48,150
12/17/2009,GJT,CO,ANM,WE,Federal Contract Tower,6,45,19,1,71,0,1,40,0,41,6,46,59,1,112,24,0,24,136
12/18/2009,GJT,CO,ANM,WE,Federal Contract Tower,5,46,16,0,67,0,3,39,0,42,5,49,55,0,109,64,0,64,173
12/19/2009,GJT,CO,ANM,WE,Federal Contract Tower,3,33,9,7,52,0,0,31,11,42,3,33,40,18,94,8,64,72,166
12/20/2009,GJT,CO,ANM,WE,Federal Contract Tower,7,37,5,17,66,0,1,45,0,46,7,38,50,17,112,12,0,12,124
12/21/2009,GJT,CO,ANM,WE,Federal Contract Tower,6,44,17,2,69,0,4,31,0,35,6,48,48,2,104,46,4,50,154
12/22/2009,GJT,CO,ANM,WE,Federal Contract Tower,4,56,18,1,79,0,1,12,0,13,4,57,30,1,92,8,0,8,100
12/23/2009,GJT,CO,ANM,WE,Federal Contract Tower,8,73,35,2,118,0,2,7,0,9,8,75,42,2,127,2,0,2,129
12/24/2009,GJT,CO,ANM,WE,Federal Contract Tower,6,42,7,0,55,0,1,27,0,28,6,43,34,0,83,4,0,4,87
12/25/2009,GJT,CO,ANM,WE,Federal Contract Tower,0,32,3,0,35,0,0,7,0,7,0,32,10,0,42,0,0,0,42
12/26/2009,GJT,CO,ANM,WE,Federal Contract Tower,3,39,21,0,63,0,0,46,0,46,3,39,67,0,109,28,0,28,137
12/27/2009,GJT,CO,ANM,WE,Federal Contract Tower,4,40,20,0,64,0,1,51,0,52,4,41,71,0,116,8,0,8,124
12/28/2009,GJT,CO,ANM,WE,Federal Contract Tower,3,40,9,1,53,0,1,39,0,40,3,41,48,1,93,2,0,2,95
12/29/2009,GJT,CO,ANM,WE,Federal Contract Tower,4,48,13,2,67,0,0,1,0,1,4,48,14,2,68,0,0,0,68
12/30/2009,GJT,CO,ANM,WE,Federal Contract Tower,6,67,21,0,94,0,0,0,0,0,6,67,21,0,94,0,0,0,94
12/31/2009,GJT,CO,ANM,WE,Federal Contract Tower,7,46,16,2,71,0,0,4,0,4,7,46,20,2,75,26,0,26,101
01/01/2010,GJT,CO,ANM,WE,Federal Contract Tower,0,39,8,0,47,0,2,20,0,22,0,41,28,0,69,10,0,10,79
01/02/2010,GJT,CO,ANM,WE,Federal Contract Tower,3,111,64,0,178,0,0,14,0,14,3,111,78,0,192,8,0,8,200
01/03/2010,GJT,CO,ANM,WE,Federal Contract Tower,6,60,23,0,89,0,0,17,0,17,6,60,40,0,106,10,0,10,116
01/04/2010,GJT,CO,ANM,WE,Federal Contract Tower,4,52,10,0,66,0,0,43,0,43,4,52,53,0,109,48,0,48,157
01/05/2010,GJT,CO,ANM,WE,Federal Contract Tower,2,41,15,0,58,0,0,56,0,56,2,41,71,0,114,50,0,50,164
01/06/2010,GJT,CO,ANM,WE,Federal Contract Tower,1,39,23,2,65,0,1,25,0,26,1,40,48,2,91,16,0,16,107
01/07/2010,GJT,CO,ANM,WE,Federal Contract Tower,7,46,8,0,61,0,1,37,0,38,7,47,45,0,99,26,0,26,125
01/08/2010,GJT,CO,ANM,WE,Federal Contract Tower,2,46,10,4,62,0,0,57,0,57,2,46,67,4,119,26,0,26,145
01/09/2010,GJT,CO,ANM,WE,Federal Contract Tower,1,26,7,0,34,0,0,46,0,46,1,26,53,0,80,36,0,36,116
01/10/2010,GJT,CO,ANM,WE,Federal Contract Tower,4,34,4,2,44,0,1,24,0,25,4,35,28,2,69,26,0,26,95
01/11/2010,GJT,CO,ANM,WE,Federal Contract Tower,1,46,15,0,62,0,0,27,0,27,1,46,42,0,89,50,0,50,139
01/12/2010,GJT,CO,ANM,WE,Federal Contract Tower,1,43,19,4,67,0,1,51,0,52,1,44,70,4,119,12,10,22,141
01/13/2010,GJT,CO,ANM,WE,Federal Contract Tower,2,37,9,0,48,0,3,44,0,47,2,40,53,0,95,70,0,70,165
01/14/2010,GJT,CO,ANM,WE,Federal Contract Tower,6,48,14,0,68,0,0,49,0,49,6,48,63,0,117,24,0,24,141
01/15/2010,GJT,CO,ANM,WE,Federal Contract Tower,2,43,15,10,70,0,0,57,0,57,2,43,72,10,127,16,6,22,149
01/16/2010,GJT,CO,ANM,WE,Federal Contract Tower,1,24,8,0,33,0,0,43,1,44,1,24,51,1,77,10,10,20,97
01/17/2010,GJT,CO,ANM,WE,Federal Contract Tower,3,30,13,3,49,0,1,42,0,43,3,31,55,3,92,54,14,68,160
01/18/2010,GJT,CO,ANM,WE,Federal Contract Tower,1,37,16,2,56,0,0,5,0,5,1,37,21,2,61,14,0,14,75
01/19/2010,GJT,CO,ANM,WE,Federal Contract Tower,2,49,21,2,74,0,2,19,0,21,2,51,40,2,95,4,0,4,99
01/20/2010,GJT,CO,ANM,WE,Federal Contract Tower,2,44,9,0,55,0,0,32,0,32,2,44,41,0,87,40,0,40,127
01/21/2010,GJT,CO,ANM,WE,Federal Contract Tower,7,50,22,1,80,0,0,30,0,30,7,50,52,1,110,16,0,16,126
01/22/2010,GJT,CO,ANM,WE,Federal Contract Tower,6,55,14,4,79,0,1,26,0,27,6,56,40,4,106,72,2,74,180
01/23/2010,GJT,CO,ANM,WE,Federal Contract Tower,4,35,4,2,45,0,0,7,0,7,4,35,11,2,52,26,0,26,78
01/24/2010,GJT,CO,ANM,WE,Federal Contract Tower,8,38,14,0,60,0,0,35,0,35,8,38,49,0,95,22,0,22,117
01/25/2010,GJT,CO,ANM,WE,Federal Contract Tower,1,48,27,6,82,0,0,42,2,44,1,48,69,8,126,26,12,38,164
01/26/2010,GJT,CO,ANM,WE,Federal Contract Tower,2,50,22,0,74,0,0,19,0,19,2,50,41,0,93,3,0,3,96
01/27/2010,GJT,CO,ANM,WE,Federal Contract Tower,3,48,8,1,60,0,0,4,0,4,3,48,12,1,64,16,0,16,80
01/28/2010,GJT,CO,ANM,WE,Federal Contract Tower,6,56,18,0,80,0,2,26,0,28,6,58,44,0,108,54,0,54,162
01/29/2010,GJT,CO,ANM,WE,Federal Contract Tower,5,45,20,9,79,0,0,49,8,57,5,45,69,17,136,22,34,56,192
01/30/2010,GJT,CO,ANM,WE,Federal Contract Tower,3,29,10,0,42,0,4,31,1,36,3,33,41,1,78,27,4,31,109
01/31/2010,GJT,CO,ANM,WE,Federal Contract Tower,4,36,14,4,58,0,0,15,0,15,4,36,29,4,73,22,0,22,95
02/01/2010,GJT,CO,ANM,WE,Federal Contract Tower,1,49,8,10,68,0,1,26,0,27,1,50,34,10,95,34,8,42,137
02/02/2010,GJT,CO,ANM,WE,Federal Contract Tower,4,42,16,7,69,0,1,39,3,43,4,43,55,10,112,18,10,28,140
02/03/2010,GJT,CO,ANM,WE,Federal Contract Tower,4,40,20,0,64,0,0,82,2,84,4,40,102,2,148,70,0,70,218
02/04/2010,GJT,CO,ANM,WE,Federal Contract Tower,4,46,17,44,111,0,0,20,1,21,4,46,37,45,132,36,62,98,230
02/05/2010,GJT,CO,ANM,WE,Federal Contract Tower,4,49,18,4,75,0,0,29,0,29,4,49,47,4,104,38,8,46,150
02/06/2010,GJT,CO,ANM,WE,Federal Contract Tower,1,36,7,0,44,0,0,1,0,1,1,36,8,0,45,0,0,0,45
02/07/2010,GJT,CO,ANM,WE,Federal Contract Tower,4,32,4,0,40,0,0,0,0,0,4,32,4,0,40,0,0,0,40
02/08/2010,GJT,CO,ANM,WE,Federal Contract Tower,1,53,12,6,72,0,1,41,0,42,1,54,53,6,114,52,10,62,176
02/09/2010,GJT,CO,ANM,WE,Federal Contract Tower,3,41,18,8,70,0,2,31,3,36,3,43,49,11,106,74,12,86,192
02/10/2010,GJT,CO,ANM,WE,Federal Contract Tower,2,41,19,7,69,0,2,48,0,50,2,43,67,7,119,52,10,62,181
02/11/2010,GJT,CO,ANM,WE,Federal Contract Tower,6,48,25,11,90,0,3,29,1,33,6,51,54,12,123,64,4,68,191
02/12/2010,GJT,CO,ANM,WE,Federal Contract Tower,2,56,34,2,94,0,1,47,1,49,2,57,81,3,143,36,6,42,185
02/13/2010,GJT,CO,ANM,WE,Federal Contract Tower,13,36,16,2,67,0,0,48,0,48,13,36,64,2,115,34,0,34,149
02/14/2010,GJT,CO,ANM,WE,Federal Contract Tower,4,36,8,8,56,0,0,32,2,34,4,36,40,10,90,14,22,36,126
02/15/2010,GJT,CO,ANM,WE,Federal Contract Tower,2,47,18,0,67,0,0,37,1,38,2,47,55,1,105,52,0,52,157
02/16/2010,GJT,CO,ANM,WE,Federal Contract Tower,1,33,19,1,54,0,0,14,0,14,1,33,33,1,68,49,2,51,119
02/17/2010,GJT,CO,ANM,WE,Federal Contract Tower,5,37,23,5,70,0,0,48,0,48,5,37,71,5,118,118,0,118,236
02/18/2010,GJT,CO,ANM,WE,Federal Contract Tower,6,57,21,0,84,0,3,27,0,30,6,60,48,0,114,102,0,102,216
02/19/2010,GJT,CO,ANM,WE,Federal Contract Tower,4,68,29,2,103,0,0,8,0,8,4,68,37,2,111,26,0,26,137
02/20/2010,GJT,CO,ANM,WE,Federal Contract Tower,3,64,57,0,124,0,0,0,0,0,3,64,57,0,124,6,0,6,130
02/21/2010,GJT,CO,ANM,WE,Federal Contract Tower,13,78,41,0,132,0,0,0,0,0,13,78,41,0,132,0,0,0,132
02/22/2010,GJT,CO,ANM,WE,Federal Contract Tower,2,50,17,2,71,0,0,49,2,51,2,50,66,4,122,48,18,66,188
02/23/2010,GJT,CO,ANM,WE,Federal Contract Tower,2,45,32,7,86,0,15,48,1,64,2,60,80,8,150,30,20,50,200
02/24/2010,GJT,CO,ANM,WE,Federal Contract Tower,2,37,30,2,71,0,2,61,0,63,2,39,91,2,134,96,0,96,230
02/25/2010,GJT,CO,ANM,WE,Federal Contract Tower,6,43,28,8,85,0,0,20,0,20,6,43,48,8,105,34,14,48,153
02/26/2010,GJT,CO,ANM,WE,Federal Contract Tower,7,49,13,7,76,0,1,81,0,82,7,50,94,7,158,90,0,90,248
02/27/2010,GJT,CO,ANM,WE,Federal Contract Tower,1,22,12,0,35,0,2,54,0,56,1,24,66,0,91,52,34,86,177
02/28/2010,GJT,CO,ANM,WE,Federal Contract Tower,4,37,9,13,63,0,1,20,0,21,4,38,29,13,84,46,8,54,138
03/01/2010,GJT,CO,ANM,WE,Federal Contract Tower,1,48,9,2,60,0,0,57,0,57,1,48,66,2,117,34,0,34,151
03/02/2010,GJT,CO,ANM,WE,Federal Contract Tower,2,39,15,5,61,0,0,59,0,59,2,39,74,5,120,64,8,72,192
03/03/2010,GJT,CO,ANM,WE,Federal Contract Tower,2,35,26,10,73,0,2,52,0,54,2,37,78,10,127,60,4,64,191
03/04/2010,GJT,CO,ANM,WE,Federal Contract Tower,6,39,15,7,67,0,0,39,1,40,6,39,54,8,107,28,3,31,138
03/05/2010,GJT,CO,ANM,WE,Federal Contract Tower,3,44,9,10,66,0,0,22,0,22,3,44,31,10,88,20,0,20,108
03/06/2010,GJT,CO,ANM,WE,Federal Contract Tower,1,27,10,31,69,0,0,63,4,67,1,27,73,35,136,36,28,64,200
03/07/2010,GJT,CO,ANM,WE,Federal Contract Tower,5,48,8,11,72,0,0,1,0,1,5,48,9,11,73,0,0,0,73
03/08/2010,GJT,CO,ANM,WE,Federal Contract Tower,10,46,20,6,82,0,0,3,0,3,10,46,23,6,85,20,0,20,105
03/09/2010,GJT,CO,ANM,WE,Federal Contract Tower,4,36,20,4,64,0,0,30,0,30,4,36,50,4,94,50,0,50,144
03/10/2010,GJT,CO,ANM,WE,Federal Contract Tower,2,42,21,15,80,0,0,9,0,9,2,42,30,15,89,2,0,2,91
03/11/2010,GJT,CO,ANM,WE,Federal Contract Tower,5,44,19,5,73,0,0,39,0,39,5,44,58,5,112,46,16,62,174
03/12/2010,GJT,CO,ANM,WE,Federal Contract Tower,6,42,21,8,77,0,0,86,0,86,6,42,107,8,163,88,21,109,272
03/13/2010,GJT,CO,ANM,WE,Federal Contract Tower,1,30,5,0,36,0,1,36,0,37,1,31,41,0,73,22,0,22,95
03/14/2010,GJT,CO,ANM,WE,Federal Contract Tower,8,49,6,0,63,0,1,0,0,1,8,50,6,0,64,0,0,0,64
03/15/2010,GJT,CO,ANM,WE,Federal Contract Tower,1,47,16,4,68,0,1,55,0,56,1,48,71,4,124,48,6,54,178
03/16/2010,GJT,CO,ANM,WE,Federal Contract Tower,2,45,12,6,65,0,0,62,1,63,2,45,74,7,128,16,38,54,182
03/17/2010,GJT,CO,ANM,WE,Federal Contract Tower,2,35,15,0,52,0,3,79,0,82,2,38,94,0,134,90,0,90,224
03/18/2010,GJT,CO,ANM,WE,Federal Contract Tower,6,46,14,7,73,0,1,59,1,61,6,47,73,8,134,72,19,91,225
03/19/2010,GJT,CO,ANM,WE,Federal Contract Tower,17,66,36,2,121,0,1,11,0,12,17,67,47,2,133,10,0,10,143
03/20/2010,GJT,CO,ANM,WE,Federal Contract Tower,1,35,8,19,63,0,0,49,11,60,1,35,57,30,123,34,44,78,201
03/21/2010,GJT,CO,ANM,WE,Federal Contract Tower,4,37,17,9,67,0,1,67,3,71,4,38,84,12,138,46,32,78,216
03/22/2010,GJT,CO,ANM,WE,Federal Contract Tower,1,41,8,2,52,0,2,66,0,68,1,43,74,2,120,30,0,30,150
03/23/2010,GJT,CO,ANM,WE,Federal Contract Tower,6,40,27,4,77,0,0,13,0,13,6,40,40,4,90,0,10,10,100
03/24/2010,GJT,CO,ANM,WE,Federal Contract Tower,3,37,18,2,60,0,1,64,1,66,3,38,82,3,126,72,14,86,212
03/25/2010,GJT,CO,ANM,WE,Federal Contract Tower,6,44,16,0,66,0,2,70,0,72,6,46,86,0,138,42,0,42,180
03/26/2010,GJT,CO,ANM,WE,Federal Contract Tower,6,55,19,6,86,0,0,1,0,1,6,55,20,6,87,0,0,0,87
03/27/2010,GJT,CO,ANM,WE,Federal Contract Tower,1,28,4,1,34,0,2,24,4,30,1,30,28,5,64,26,0,26,90
03/28/2010,GJT,CO,ANM,WE,Federal Contract Tower,4,40,9,0,53,0,2,54,0,56,4,42,63,0,109,24,0,24,133
03/29/2010,GJT,CO,ANM,WE,Federal Contract Tower,1,41,16,7,65,0,1,59,0,60,1,42,75,7,125,32,0,32,157
03/30/2010,GJT,CO,ANM,WE,Federal Contract Tower,4,45,21,1,71,0,1,29,0,30,4,46,50,1,101,18,0,18,119
03/31/2010,GJT,CO,ANM,WE,Federal Contract Tower,1,41,18,0,60,0,0,8,0,8,1,41,26,0,68,18,0,18,86
04/01/2010,GJT,CO,ANM,WE,Federal Contract Tower,14,63,21,1,99,0,0,7,0,7,14,63,28,1,106,22,0,22,128
04/02/2010,GJT,CO,ANM,WE,Federal Contract Tower,3,48,15,0,66,0,0,45,0,45,3,48,60,0,111,70,0,70,181
04/03/2010,GJT,CO,ANM,WE,Federal Contract Tower,1,32,8,0,41,0,0,22,0,22,1,32,30,0,63,18,0,18,81
04/04/2010,GJT,CO,ANM,WE,Federal Contract Tower,4,36,5,0,45,0,1,24,0,25,4,37,29,0,70,38,0,38,108
04/05/2010,GJT,CO,ANM,WE,Federal Contract Tower,3,44,21,8,76,0,0,9,0,9,3,44,30,8,85,0,0,0,85
04/06/2010,GJT,CO,ANM,WE,Federal Contract Tower,2,52,20,4,78,0,0,10,0,10,2,52,30,4,88,0,0,0,88
04/07/2010,GJT,CO,ANM,WE,Federal Contract Tower,2,39,22,1,64,0,3,55,0,58,2,42,77,1,122,70,0,70,192
04/08/2010,GJT,CO,ANM,WE,Federal Contract Tower,6,42,16,5,69,0,2,88,3,93,6,44,104,8,162,66,6,72,234
04/09/2010,GJT,CO,ANM,WE,Federal Contract Tower,2,43,16,13,74,0,3,61,0,64,2,46,77,13,138,56,0,56,194
04/10/2010,GJT,CO,ANM,WE,Federal Contract Tower,1,28,6,1,36,0,2,55,0,57,1,30,61,1,93,38,0,38,131
04/11/2010,GJT,CO,ANM,WE,Federal Contract Tower,7,35,8,3,53,0,4,37,2,43,7,39,45,5,96,16,0,16,112
04/12/2010,GJT,CO,ANM,WE,Federal Contract Tower,2,47,15,5,69,0,0,31,2,33,2,47,46,7,102,6,0,6,108
04/13/2010,GJT,CO,ANM,WE,Federal Contract Tower,2,34,19,4,59,0,0,18,0,18,2,34,37,4,77,66,0,66,143
04/14/2010,GJT,CO,ANM,WE,Federal Contract Tower,2,40,14,3,59,0,0,59,0,59,2,40,73,3,118,104,2,106,224
04/15/2010,GJT,CO,ANM,WE,Federal Contract Tower,6,45,14,4,69,0,3,61,8,72,6,48,75,12,141,40,16,56,197
04/16/2010,GJT,CO,ANM,WE,Federal Contract Tower,2,43,24,4,73,0,1,44,0,45,2,44,68,4,118,12,4,16,134
04/17/2010,GJT,CO,ANM,WE,Federal Contract Tower,1,29,2,4,36,0,1,28,2,31,1,30,30,6,67,26,0,26,93
04/18/2010,GJT,CO,ANM,WE,Federal Contract Tower,4,41,6,3,54,0,0,48,0,48,4,41,54,3,102,32,0,32,134
04/19/2010,GJT,CO,ANM,WE,Federal Contract Tower,1,43,14,7,65,0,2,44,0,46,1,45,58,7,111,50,0,50,161
04/20/2010,GJT,CO,ANM,WE,Federal Contract Tower,2,41,14,4,61,0,0,60,0,60,2,41,74,4,121,70,0,70,191
04/21/2010,GJT,CO,ANM,WE,Federal Contract Tower,12,49,26,4,91,0,0,32,0,32,12,49,58,4,123,22,0,22,145
04/22/2010,GJT,CO,ANM,WE,Federal Contract Tower,10,52,37,11,110,0,2,35,4,41,10,54,72,15,151,48,12,60,211
04/23/2010,GJT,CO,ANM,WE,Federal Contract Tower,1,49,29,0,79,0,2,25,0,27,1,51,54,0,106,46,0,46,152
04/24/2010,GJT,CO,ANM,WE,Federal Contract Tower,1,29,16,5,51,0,0,73,3,76,1,29,89,8,127,20,6,26,153
04/25/2010,GJT,CO,ANM,WE,Federal Contract Tower,4,34,20,0,58,0,0,46,0,46,4,34,66,0,104,30,0,30,134
04/26/2010,GJT,CO,ANM,WE,Federal Contract Tower,1,43,22,8,74,0,1,73,4,78,1,44,95,12,152,64,38,102,254
04/27/2010,GJT,CO,ANM,WE,Federal Contract Tower,2,42,18,8,70,0,2,75,2,79,2,44,93,10,149,80,32,112,261
04/28/2010,GJT,CO,ANM,WE,Federal Contract Tower,3,30,8,1,42,0,0,8,1,9,3,30,16,2,51,0,2,2,53
04/29/2010,GJT,CO,ANM,WE,Federal Contract Tower,6,53,16,1,76,0,0,6,0,6,6,53,22,1,82,8,0,8,90
04/30/2010,GJT,CO,ANM,WE,Federal Contract Tower,2,35,23,11,71,0,1,17,0,18,2,36,40,11,89,10,0,10,99
05/01/2010,GJT,CO,ANM,WE,Federal Contract Tower,1,31,14,2,48,0,2,21,6,29,1,33,35,8,77,18,18,36,113
05/02/2010,GJT,CO,ANM,WE,Federal Contract Tower,4,34,11,6,55,0,1,9,0,10,4,35,20,6,65,0,0,0,65
05/03/2010,GJT,CO,ANM,WE,Federal Contract Tower,5,39,26,1,71,0,1,57,0,58,5,40,83,1,129,22,0,22,151
05/04/2010,GJT,CO,ANM,WE,Federal Contract Tower,4,47,24,4,79,0,0,36,1,37,4,47,60,5,116,8,0,8,124
05/05/2010,GJT,CO,ANM,WE,Federal Contract Tower,5,42,29,0,76,0,0,49,0,49,5,42,78,0,125,14,0,14,139
05/06/2010,GJT,CO,ANM,WE,Federal Contract Tower,7,40,21,2,70,0,0,22,7,29,7,40,43,9,99,12,10,22,121
05/07/2010,GJT,CO,ANM,WE,Federal Contract Tower,5,48,21,3,77,0,1,67,3,71,5,49,88,6,148,20,26,46,194
05/08/2010,GJT,CO,ANM,WE,Federal Contract Tower,3,28,8,26,65,0,1,43,2,46,3,29,51,28,111,12,44,56,167
05/09/2010,GJT,CO,ANM,WE,Federal Contract Tower,4,30,6,4,44,0,0,30,2,32,4,30,36,6,76,0,2,2,78
05/10/2010,GJT,CO,ANM,WE,Federal Contract Tower,1,34,18,1,54,0,0,36,0,36,1,34,54,1,90,40,0,40,130
05/11/2010,GJT,CO,ANM,WE,Federal Contract Tower,4,42,23,5,74,0,0,13,1,14,4,42,36,6,88,0,0,0,88
05/12/2010,GJT,CO,ANM,WE,Federal Contract Tower,2,41,29,2,74,0,0,34,2,36,2,41,63,4,110,24,4,28,138
05/13/2010,GJT,CO,ANM,WE,Federal Contract Tower,8,41,16,4,69,0,0,32,7,39,8,41,48,11,108,42,6,48,156
05/14/2010,GJT,CO,ANM,WE,Federal Contract Tower,2,41,22,16,81,0,1,47,0,48,2,42,69,16,129,22,2,24,153
05/15/2010,GJT,CO,ANM,WE,Federal Contract Tower,1,30,9,8,48,0,0,13,2,15,1,30,22,10,63,0,0,0,63
05/16/2010,GJT,CO,ANM,WE,Federal Contract Tower,5,38,7,10,60,0,3,66,3,72,5,41,73,13,132,24,2,26,158
05/17/2010,GJT,CO,ANM,WE,Federal Contract Tower,1,40,21,7,69,0,0,62,4,66,1,40,83,11,135,10,24,34,169
05/18/2010,GJT,CO,ANM,WE,Federal Contract Tower,2,48,37,2,89,0,0,26,0,26,2,48,63,2,115,8,16,24,139
05/19/2010,GJT,CO,ANM,WE,Federal Contract Tower,2,38,28,0,68,0,0,55,0,55,2,38,83,0,123,50,0,50,173
05/20/2010,GJT,CO,ANM,WE,Federal Contract Tower,6,43,26,0,75,0,3,61,0,64,6,46,87,0,139,62,0,62,201
05/21/2010,GJT,CO,ANM,WE,Federal Contract Tower,2,42,24,6,74,0,0,53,0,53,2,42,77,6,127,60,0,60,187
05/22/2010,GJT,CO,ANM,WE,Federal Contract Tower,1,27,2,1,31,0,3,6,0,9,1,30,8,1,40,0,0,0,40
05/23/2010,GJT,CO,ANM,WE,Federal Contract Tower,4,37,11,10,62,0,2,18,1,21,4,39,29,11,83,4,0,4,87
05/24/2010,GJT,CO,ANM,WE,Federal Contract Tower,1,41,11,2,55,0,2,6,0,8,1,43,17,2,63,0,0,0,63
05/25/2010,GJT,CO,ANM,WE,Federal Contract Tower,2,44,14,10,70,0,0,67,3,70,2,44,81,13,140,26,2,28,168
05/26/2010,GJT,CO,ANM,WE,Federal Contract Tower,8,39,22,5,74,0,4,53,0,57,8,43,75,5,131,40,0,40,171
05/27/2010,GJT,CO,ANM,WE,Federal Contract Tower,10,42,23,7,82,0,0,43,0,43,10,42,66,7,125,12,0,12,137
05/28/2010,GJT,CO,ANM,WE,Federal Contract Tower,2,41,11,3,57,0,4,26,0,30,2,45,37,3,87,40,0,40,127
05/29/2010,GJT,CO,ANM,WE,Federal Contract Tower,1,28,3,2,34,0,0,47,0,47,1,28,50,2,81,16,0,16,97
05/30/2010,GJT,CO,ANM,WE,Federal Contract Tower,5,23,5,0,33,0,3,37,0,40,5,26,42,0,73,8,0,8,81
05/31/2010,GJT,CO,ANM,WE,Federal Contract Tower,0,31,12,10,53,0,0,59,0,59,0,31,71,10,112,58,14,72,184
06/01/2010,GJT,CO,ANM,WE,Federal Contract Tower,0,43,18,10,71,0,1,58,0,59,0,44,76,10,130,32,20,52,182
06/02/2010,GJT,CO,ANM,WE,Federal Contract Tower,3,39,22,7,71,0,3,50,0,53,3,42,72,7,124,20,4,24,148
06/03/2010,GJT,CO,ANM,WE,Federal Contract Tower,6,42,19,17,84,0,1,52,0,53,6,43,71,17,137,18,4,22,159
06/04/2010,GJT,CO,ANM,WE,Federal Contract Tower,2,49,8,11,70,0,1,89,4,94,2,50,97,15,164,74,0,74,238
06/05/2010,GJT,CO,ANM,WE,Federal Contract Tower,3,32,20,4,59,0,1,74,9,84,3,33,94,13,143,80,30,110,253
06/06/2010,GJT,CO,ANM,WE,Federal Contract Tower,4,35,7,8,54,0,0,63,3,66,4,35,70,11,120,28,0,28,148
06/07/2010,GJT,CO,ANM,WE,Federal Contract Tower,1,42,17,6,66,0,0,64,4,68,1,42,81,10,134,54,8,62,196
06/08/2010,GJT,CO,ANM,WE,Federal Contract Tower,2,44,13,7,66,0,0,69,2,71,2,44,82,9,137,46,0,46,183
06/09/2010,GJT,CO,ANM,WE,Federal Contract Tower,4,37,20,22,83,0,1,67,7,75,4,38,87,29,158,74,12,86,244
06/10/2010,GJT,CO,ANM,WE,Federal Contract Tower,9,42,14,6,71,0,0,45,7,52,9,42,59,13,123,42,22,64,187
06/11/2010,GJT,CO,ANM,WE,Federal Contract Tower,11,47,16,12,86,0,0,49,7,56,11,47,65,19,142,2,6,8,150
06/12/2010,GJT,CO,ANM,WE,Federal Contract Tower,2,30,17,1,50,0,0,3,0,3,2,30,20,1,53,0,0,0,53
06/13/2010,GJT,CO,ANM,WE,Federal Contract Tower,4,41,9,4,58,0,0,22,1,23,4,41,31,5,81,4,0,4,85
06/14/2010,GJT,CO,ANM,WE,Federal Contract Tower,3,47,18,4,72,0,0,54,2,56,3,47,72,6,128,30,16,46,174
06/15/2010,GJT,CO,ANM,WE,Federal Contract Tower,4,40,17,5,66,0,1,91,0,92,4,41,108,5,158,42,14,56,214
06/16/2010,GJT,CO,ANM,WE,Federal Contract Tower,6,41,23,2,72,0,0,39,0,39,6,41,62,2,111,0,0,0,111
06/17/2010,GJT,CO,ANM,WE,Federal Contract Tower,6,43,22,7,78,0,0,71,2,73,6,43,93,9,151,72,14,86,237
06/18/2010,GJT,CO,ANM,WE,Federal Contract Tower,4,45,18,6,73,0,1,90,1,92,4,46,108,7,165,38,12,50,215
06/19/2010,GJT,CO,ANM,WE,Federal Contract Tower,2,22,8,9,41,0,0,74,20,94,2,22,82,29,135,0,36,36,171
06/20/2010,GJT,CO,ANM,WE,Federal Contract Tower,4,38,14,9,65,0,1,70,0,71,4,39,84,9,136,6,12,18,154
06/21/2010,GJT,CO,ANM,WE,Federal Contract Tower,6,43,20,5,74,0,0,77,4,81,6,43,97,9,155,44,0,44,199
06/22/2010,GJT,CO,ANM,WE,Federal Contract Tower,2,47,27,16,92,0,0,78,1,79,2,47,105,17,171,14,18,32,203
06/23/2010,GJT,CO,ANM,WE,Federal Contract Tower,5,38,31,2,76,0,3,55,0,58,5,41,86,2,134,34,0,34,168
06/24/2010,GJT,CO,ANM,WE,Federal Contract Tower,6,41,12,1,60,0,2,66,0,68,6,43,78,1,128,24,0,24,152
06/25/2010,GJT,CO,ANM,WE,Federal Contract Tower,13,45,17,6,81,0,0,79,6,85,13,45,96,12,166,78,6,84,250
06/26/2010,GJT,CO,ANM,WE,Federal Contract Tower,6,27,8,9,50,0,1,48,16,65,6,28,56,25,115,16,8,24,139
06/27/2010,GJT,CO,ANM,WE,Federal Contract Tower,4,41,24,13,82,0,0,64,12,76,4,41,88,25,158,6,6,12,170
06/28/2010,GJT,CO,ANM,WE,Federal Contract Tower,5,38,25,9,77,0,0,83,3,86,5,38,108,12,163,54,18,72,235
06/29/2010,GJT,CO,ANM,WE,Federal Contract Tower,6,42,37,7,92,0,0,64,1,65,6,42,101,8,157,13,0,13,170
06/30/2010,GJT,CO,ANM,WE,Federal Contract Tower,5,45,12,0,62,0,0,61,0,61,5,45,73,0,123,18,0,18,141
07/01/2010,GJT,CO,ANM,WE,Federal Contract Tower,6,47,27,9,89,0,2,61,3,66,6,49,88,12,155,34,12,46,201
07/02/2010,GJT,CO,ANM,WE,Federal Contract Tower,16,44,19,8,87,0,1,29,0,30,16,45,48,8,117,16,0,16,133
07/03/2010,GJT,CO,ANM,WE,Federal Contract Tower,2,24,3,5,34,0,2,36,0,38,2,26,39,5,72,2,8,10,82
07/04/2010,GJT,CO,ANM,WE,Federal Contract Tower,9,27,6,2,44,0,2,27,3,32,9,29,33,5,76,4,0,4,80
07/05/2010,GJT,CO,ANM,WE,Federal Contract Tower,3,35,14,2,54,0,1,44,0,45,3,36,58,2,99,14,0,14,113
07/06/2010,GJT,CO,ANM,WE,Federal Contract Tower,10,49,18,18,95,0,2,54,3,59,10,51,72,21,154,58,38,96,250
07/07/2010,GJT,CO,ANM,WE,Federal Contract Tower,5,36,26,3,70,0,1,64,0,65,5,37,90,3,135,22,2,24,159
07/08/2010,GJT,CO,ANM,WE,Federal Contract Tower,7,41,14,6,68,0,1,60,1,62,7,42,74,7,130,56,0,56,186
07/09/2010,GJT,CO,ANM,WE,Federal Contract Tower,6,44,27,8,85,0,2,90,0,92,6,46,117,8,177,32,0,32,209
07/10/2010,GJT,CO,ANM,WE,Federal Contract Tower,2,28,10,5,45,0,2,42,2,46,2,30,52,7,91,40,6,46,137
07/11/2010,GJT,CO,ANM,WE,Federal Contract Tower,4,38,12,3,57,0,1,50,5,56,4,39,62,8,113,14,0,14,127
07/12/2010,GJT,CO,ANM,WE,Federal Contract Tower,3,41,15,0,59,0,0,82,1,83,3,41,97,1,142,46,14,60,202
07/13/2010,GJT,CO,ANM,WE,Federal Contract Tower,4,41,20,8,73,0,0,77,3,80,4,41,97,11,153,14,10,24,177
07/14/2010,GJT,CO,ANM,WE,Federal Contract Tower,4,35,22,2,63,0,0,61,0,61,4,35,83,2,124,20,0,20,144
07/15/2010,GJT,CO,ANM,WE,Federal Contract Tower,6,43,29,0,78,0,0,88,0,88,6,43,117,0,166,22,0,22,188
07/16/2010,GJT,CO,ANM,WE,Federal Contract Tower,5,39,20,0,64,0,4,91,0,95,5,43,111,0,159,22,0,22,181
07/17/2010,GJT,CO,ANM,WE,Federal Contract Tower,2,25,10,3,40,0,0,37,7,44,2,25,47,10,84,22,16,38,122
07/18/2010,GJT,CO,ANM,WE,Federal Contract Tower,4,43,12,4,63,0,3,24,0,27,4,46,36,4,90,28,0,28,118
07/19/2010,GJT,CO,ANM,WE,Federal Contract Tower,3,37,18,12,70,0,0,90,2,92,3,37,108,14,162,44,14,58,220
07/20/2010,GJT,CO,ANM,WE,Federal Contract Tower,4,41,28,9,82,0,0,74,4,78,4,41,102,13,160,38,0,38,198
07/21/2010,GJT,CO,ANM,WE,Federal Contract Tower,5,33,41,0,79,0,0,55,0,55,5,33,96,0,134,30,0,30,164
07/22/2010,GJT,CO,ANM,WE,Federal Contract Tower,10,43,31,0,84,0,3,62,0,65,10,46,93,0,149,26,0,26,175
07/23/2010,GJT,CO,ANM,WE,Federal Contract Tower,5,45,27,7,84,0,2,81,0,83,5,47,108,7,167,28,0,28,195
07/24/2010,GJT,CO,ANM,WE,Federal Contract Tower,2,24,10,14,50,0,0,55,0,55,2,24,65,14,105,12,10,22,127
07/25/2010,GJT,CO,ANM,WE,Federal Contract Tower,4,44,15,4,67,0,0,51,0,51,4,44,66,4,118,0,0,0,118
07/26/2010,GJT,CO,ANM,WE,Federal Contract Tower,4,44,21,5,74,0,0,64,1,65,4,44,85,6,139,46,16,62,201
07/27/2010,GJT,CO,ANM,WE,Federal Contract Tower,4,38,30,0,72,0,0,59,0,59,4,38,89,0,131,34,8,42,173
07/28/2010,GJT,CO,ANM,WE,Federal Contract Tower,4,35,24,2,65,0,0,40,0,40,4,35,64,2,105,36,0,36,141
07/29/2010,GJT,CO,ANM,WE,Federal Contract Tower,9,42,18,2,71,0,3,57,0,60,9,45,75,2,131,26,0,26,157
07/30/2010,GJT,CO,ANM,WE,Federal Contract Tower,8,45,10,14,77,0,4,71,3,78,8,49,81,17,155,40,0,40,195
07/31/2010,GJT,CO,ANM,WE,Federal Contract Tower,1,32,11,0,44,0,0,31,0,31,1,32,42,0,75,29,0,29,104
08/01/2010,GJT,CO,ANM,WE,Federal Contract Tower,4,43,17,3,67,0,1,24,0,25,4,44,41,3,92,14,0,14,106
08/02/2010,GJT,CO,ANM,WE,Federal Contract Tower,7,41,21,4,73,0,0,52,5,57,7,41,73,9,130,48,10,58,188
08/03/2010,GJT,CO,ANM,WE,Federal Contract Tower,4,45,29,6,84,0,0,42,0,42,4,45,71,6,126,10,0,10,136
08/04/2010,GJT,CO,ANM,WE,Federal Contract Tower,7,35,22,1,65,0,0,38,0,38,7,35,60,1,103,0,0,0,103
08/05/2010,GJT,CO,ANM,WE,Federal Contract Tower,9,37,13,3,62,0,2,47,2,51,9,39,60,5,113,32,10,42,155
08/06/2010,GJT,CO,ANM,WE,Federal Contract Tower,4,43,17,0,64,0,3,46,0,49,4,46,63,0,113,14,0,14,127
08/07/2010,GJT,CO,ANM,WE,Federal Contract Tower,1,28,7,2,38,0,1,29,0,30,1,29,36,2,68,20,0,20,88
08/08/2010,GJT,CO,ANM,WE,Federal Contract Tower,4,36,13,5,58,0,2,45,0,47,4,38,58,5,105,20,8,28,133
08/09/2010,GJT,CO,ANM,WE,Federal Contract Tower,2,45,20,0,67,0,2,41,1,44,2,47,61,1,111,62,18,80,191
08/10/2010,GJT,CO,ANM,WE,Federal Contract Tower,4,44,31,3,82,0,0,65,1,66,4,44,96,4,148,10,0,10,158
08/11/2010,GJT,CO,ANM,WE,Federal Contract Tower,7,35,30,0,72,0,0,37,0,37,7,35,67,0,109,18,0,18,127
08/12/2010,GJT,CO,ANM,WE,Federal Contract Tower,9,51,16,2,78,0,1,61,2,64,9,52,77,4,142,12,12,24,166
08/13/2010,GJT,CO,ANM,WE,Federal Contract Tower,4,48,24,4,80,0,1,101,1,103,4,49,125,5,183,32,10,42,225
08/14/2010,GJT,CO,ANM,WE,Federal Contract Tower,3,26,10,8,47,0,1,54,5,60,3,27,64,13,107,66,40,106,213
08/15/2010,GJT,CO,ANM,WE,Federal Contract Tower,2,37,16,4,59,0,0,79,0,79,2,37,95,4,138,62,0,62,200
08/16/2010,GJT,CO,ANM,WE,Federal Contract Tower,5,40,13,4,62,0,0,28,2,30,5,40,41,6,92,34,0,34,126
08/17/2010,GJT,CO,ANM,WE,Federal Contract Tower,4,35,28,4,71,0,1,66,1,68,4,36,94,5,139,36,20,56,195
08/18/2010,GJT,CO,ANM,WE,Federal Contract Tower,4,30,25,7,66,0,3,47,0,50,4,33,72,7,116,28,10,38,154
08/19/2010,GJT,CO,ANM,WE,Federal Contract Tower,9,37,27,2,75,0,0,31,0,31,9,37,58,2,106,28,0,28,134
08/20/2010,GJT,CO,ANM,WE,Federal Contract Tower,5,36,24,6,71,0,0,88,0,88,5,36,112,6,159,66,0,66,225
08/21/2010,GJT,CO,ANM,WE,Federal Contract Tower,1,26,2,22,51,0,0,43,17,60,1,26,45,39,111,26,62,88,199
08/22/2010,GJT,CO,ANM,WE,Federal Contract Tower,12,43,12,0,67,0,0,53,0,53,12,43,65,0,120,8,0,8,128
08/23/2010,GJT,CO,ANM,WE,Federal Contract Tower,2,39,9,10,60,0,6,53,1,60,2,45,62,11,120,24,26,50,170
08/24/2010,GJT,CO,ANM,WE,Federal Contract Tower,3,36,17,0,56,0,0,52,0,52,3,36,69,0,108,58,0,58,166
08/25/2010,GJT,CO,ANM,WE,Federal Contract Tower,3,34,33,4,74,0,1,74,0,75,3,35,107,4,149,28,2,30,179
08/26/2010,GJT,CO,ANM,WE,Federal Contract Tower,8,45,13,5,71,0,5,67,0,72,8,50,80,5,143,16,0,16,159
08/27/2010,GJT,CO,ANM,WE,Federal Contract Tower,2,40,18,2,62,0,0,63,0,63,2,40,81,2,125,36,0,36,161
08/28/2010,GJT,CO,ANM,WE,Federal Contract Tower,4,24,14,1,43,0,0,40,3,43,4,24,54,4,86,12,0,12,98
08/29/2010,GJT,CO,ANM,WE,Federal Contract Tower,4,41,10,4,59,0,0,25,0,25,4,41,35,4,84,14,0,14,98
08/30/2010,GJT,CO,ANM,WE,Federal Contract Tower,2,44,16,2,64,0,0,30,0,30,2,44,46,2,94,12,0,12,106
08/31/2010,GJT,CO,ANM,WE,Federal Contract Tower,3,37,22,2,64,0,0,58,0,58,3,37,80,2,122,16,0,16,138
09/01/2010,GJT,CO,ANM,WE,Federal Contract Tower,5,33,34,0,72,0,0,71,3,74,5,33,105,3,146,16,10,26,172
09/02/2010,GJT,CO,ANM,WE,Federal Contract Tower,7,46,25,4,82,0,0,80,0,80,7,46,105,4,162,30,0,30,192
09/03/2010,GJT,CO,ANM,WE,Federal Contract Tower,3,44,24,4,75,0,0,76,0,76,3,44,100,4,151,18,0,18,169
09/04/2010,GJT,CO,ANM,WE,Federal Contract Tower,1,24,9,2,36,0,0,53,0,53,1,24,62,2,89,12,0,12,101
09/05/2010,GJT,CO,ANM,WE,Federal Contract Tower,4,26,6,2,38,0,3,38,0,41,4,29,44,2,79,8,0,8,87
09/06/2010,GJT,CO,ANM,WE,Federal Contract Tower,2,43,14,4,63,0,0,68,2,70,2,43,82,6,133,50,2,52,185
09/07/2010,GJT,CO,ANM,WE,Federal Contract Tower,1,35,37,4,77,0,0,67,1,68,1,35,104,5,145,4,10,14,159
09/08/2010,GJT,CO,ANM,WE,Federal Contract Tower,3,43,30,0,76,0,0,21,0,21,3,43,51,0,97,4,0,4,101
09/09/2010,GJT,CO,ANM,WE,Federal Contract Tower,7,43,11,6,67,0,0,30,2,32,7,43,41,8,99,0,1,1,100
09/10/2010,GJT,CO,ANM,WE,Federal Contract Tower,2,48,20,11,81,0,0,91,3,94,2,48,111,14,175,22,18,40,215
09/11/2010,GJT,CO,ANM,WE,Federal Contract Tower,4,27,7,13,51,0,2,51,0,53,4,29,58,13,104,44,22,66,170
09/12/2010,GJT,CO,ANM,WE,Federal Contract Tower,5,39,13,4,61,0,0,66,0,66,5,39,79,4,127,12,0,12,139
09/13/2010,GJT,CO,ANM,WE,Federal Contract Tower,2,43,17,4,66,0,1,54,2,57,2,44,71,6,123,52,0,52,175
09/14/2010,GJT,CO,ANM,WE,Federal Contract Tower,2,51,21,3,77,0,1,73,0,74,2,52,94,3,151,42,0,42,193
09/15/2010,GJT,CO,ANM,WE,Federal Contract Tower,3,34,16,5,58,0,0,57,0,57,3,34,73,5,115,26,0,26,141
09/16/2010,GJT,CO,ANM,WE,Federal Contract Tower,8,45,19,5,77,0,3,76,2,81,8,48,95,7,158,38,0,38,196
09/17/2010,GJT,CO,ANM,WE,Federal Contract Tower,4,46,28,4,82,0,0,85,0,85,4,46,113,4,167,32,0,32,199
09/18/2010,GJT,CO,ANM,WE,Federal Contract Tower,3,28,10,15,56,0,1,81,7,89,3,29,91,22,145,20,18,38,183
09/19/2010,GJT,CO,ANM,WE,Federal Contract Tower,5,39,10,5,59,0,0,49,1,50,5,39,59,6,109,10,16,26,135
09/20/2010,GJT,CO,ANM,WE,Federal Contract Tower,5,44,7,5,61,0,0,46,0,46,5,44,53,5,107,0,0,0,107
09/21/2010,GJT,CO,ANM,WE,Federal Contract Tower,3,39,15,3,60,0,0,64,0,64,3,39,79,3,124,0,8,8,132
09/22/2010,GJT,CO,ANM,WE,Federal Contract Tower,3,36,30,2,71,0,0,32,0,32,3,36,62,2,103,0,0,0,103
09/23/2010,GJT,CO,ANM,WE,Federal Contract Tower,7,43,26,5,81,0,2,53,2,57,7,45,79,7,138,42,0,42,180
09/24/2010,GJT,CO,ANM,WE,Federal Contract Tower,2,45,19,4,70,0,4,49,0,53,2,49,68,4,123,12,0,12,135
09/25/2010,GJT,CO,ANM,WE,Federal Contract Tower,3,30,16,10,59,0,1,67,7,75,3,31,83,17,134,50,0,50,184
09/26/2010,GJT,CO,ANM,WE,Federal Contract Tower,5,36,11,6,58,0,3,57,0,60,5,39,68,6,118,18,0,18,136
09/27/2010,GJT,CO,ANM,WE,Federal Contract Tower,2,45,12,3,62,0,0,55,0,55,2,45,67,3,117,28,0,28,145
09/28/2010,GJT,CO,ANM,WE,Federal Contract Tower,9,39,21,2,71,0,1,51,0,52,9,40,72,2,123,28,0,28,151
09/29/2010,GJT,CO,ANM,WE,Federal Contract Tower,6,35,34,4,79,0,1,61,0,62,6,36,95,4,141,26,0,26,167
09/30/2010,GJT,CO,ANM,WE,Federal Contract Tower,8,41,13,1,63,0,0,91,1,92,8,41,104,2,155,60,0,60,215
10/01/2010,GJT,CO,ANM,WE,Federal Contract Tower,2,44,27,3,76,0,0,73,1,74,2,44,100,4,150,42,8,50,200
10/02/2010,GJT,CO,ANM,WE,Federal Contract Tower,2,30,11,24,67,0,0,52,14,66,2,30,63,38,133,30,48,78,211
10/03/2010,GJT,CO,ANM,WE,Federal Contract Tower,4,42,16,9,71,0,2,55,2,59,4,44,71,11,130,28,0,28,158
10/04/2010,GJT,CO,ANM,WE,Federal Contract Tower,6,42,11,0,59,0,0,40,1,41,6,42,51,1,100,38,0,38,138
10/05/2010,GJT,CO,ANM,WE,Federal Contract Tower,7,39,27,2,75,0,0,47,9,56,7,39,74,11,131,32,4,36,167
10/06/2010,GJT,CO,ANM,WE,Federal Contract Tower,7,36,28,2,73,0,0,31,5,36,7,36,59,7,109,26,14,40,149
10/07/2010,GJT,CO,ANM,WE,Federal Contract Tower,7,43,23,4,77,0,0,34,0,34,7,43,57,4,111,18,0,18,129
10/08/2010,GJT,CO,ANM,WE,Federal Contract Tower,6,48,23,0,77,0,1,34,0,35,6,49,57,0,112,16,0,16,128
10/09/2010,GJT,CO,ANM,WE,Federal Contract Tower,3,28,9,0,40,0,1,41,0,42,3,29,50,0,82,44,0,44,126
10/10/2010,GJT,CO,ANM,WE,Federal Contract Tower,5,36,12,0,53,0,1,40,0,41,5,37,52,0,94,30,0,30,124
10/11/2010,GJT,CO,ANM,WE,Federal Contract Tower,2,41,17,12,72,0,0,70,2,72,2,41,87,14,144,103,12,115,259
10/12/2010,GJT,CO,ANM,WE,Federal Contract Tower,2,46,13,4,65,0,0,35,0,35,2,46,48,4,100,76,4,80,180
10/13/2010,GJT,CO,ANM,WE,Federal Contract Tower,4,41,17,2,64,0,0,69,0,69,4,41,86,2,133,76,0,76,209
10/14/2010,GJT,CO,ANM,WE,Federal Contract Tower,7,44,30,6,87,0,0,62,4,66,7,44,92,10,153,44,28,72,225
10/15/2010,GJT,CO,ANM,WE,Federal Contract Tower,3,42,23,0,68,0,2,75,8,85,3,44,98,8,153,22,18,40,193
10/16/2010,GJT,CO,ANM,WE,Federal Contract Tower,4,28,11,10,53,0,2,43,10,55,4,30,54,20,108,28,42,70,178
10/17/2010,GJT,CO,ANM,WE,Federal Contract Tower,3,41,13,4,61,0,3,38,0,41,3,44,51,4,102,12,0,12,114
10/18/2010,GJT,CO,ANM,WE,Federal Contract Tower,2,39,31,5,77,0,0,46,0,46,2,39,77,5,123,16,0,16,139
10/19/2010,GJT,CO,ANM,WE,Federal Contract Tower,2,38,18,7,65,0,0,58,0,58,2,38,76,7,123,40,0,40,163
10/20/2010,GJT,CO,ANM,WE,Federal Contract Tower,3,39,28,2,72,0,0,64,0,64,3,39,92,2,136,42,0,42,178
10/21/2010,GJT,CO,ANM,WE,Federal Contract Tower,7,53,19,10,89,0,5,51,1,57,7,58,70,11,146,42,8,50,196
10/22/2010,GJT,CO,ANM,WE,Federal Contract Tower,5,54,47,5,111,0,0,9,0,9,5,54,56,5,120,12,0,12,132
10/23/2010,GJT,CO,ANM,WE,Federal Contract Tower,5,32,14,2,53,0,0,20,0,20,5,32,34,2,73,38,0,38,111
10/24/2010,GJT,CO,ANM,WE,Federal Contract Tower,6,40,23,2,71,0,1,16,0,17,6,41,39,2,88,0,2,2,90
10/25/2010,GJT,CO,ANM,WE,Federal Contract Tower,10,54,16,0,80,0,0,7,0,7,10,54,23,0,87,2,0,2,89
10/26/2010,GJT,CO,ANM,WE,Federal Contract Tower,7,50,28,2,87,0,0,37,0,37,7,50,65,2,124,32,0,32,156
10/27/2010,GJT,CO,ANM,WE,Federal Contract Tower,6,50,30,10,96,0,0,42,1,43,6,50,72,11,139,32,6,38,177
10/28/2010,GJT,CO,ANM,WE,Federal Contract Tower,8,45,22,4,79,0,0,47,2,49,8,45,69,6,128,8,2,10,138
10/29/2010,GJT,CO,ANM,WE,Federal Contract Tower,1,41,14,0,56,0,0,42,0,42,1,41,56,0,98,4,0,4,102
10/30/2010,GJT,CO,ANM,WE,Federal Contract Tower,3,32,8,10,53,0,2,74,2,78,3,34,82,12,131,2,4,6,137
10/31/2010,GJT,CO,ANM,WE,Federal Contract Tower,2,37,10,4,53,0,0,30,0,30,2,37,40,4,83,8,0,8,91
11/01/2010,GJT,CO,ANM,WE,Federal Contract Tower,3,40,15,8,66,0,1,57,7,65,3,41,72,15,131,38,6,44,175
11/02/2010,GJT,CO,ANM,WE,Federal Contract Tower,3,40,14,0,57,0,0,58,4,62,3,40,72,4,119,28,0,28,147
11/03/2010,GJT,CO,ANM,WE,Federal Contract Tower,3,39,20,9,71,0,2,43,1,46,3,41,63,10,117,20,2,22,139
11/04/2010,GJT,CO,ANM,WE,Federal Contract Tower,9,39,20,3,71,0,0,73,0,73,9,39,93,3,144,64,0,64,208
11/05/2010,GJT,CO,ANM,WE,Federal Contract Tower,2,41,23,4,70,0,0,66,0,66,2,41,89,4,136,20,0,20,156
11/06/2010,GJT,CO,ANM,WE,Federal Contract Tower,1,27,9,24,61,0,0,49,8,57,1,27,58,32,118,2,28,30,148
11/07/2010,GJT,CO,ANM,WE,Federal Contract Tower,6,31,10,7,54,0,0,47,1,48,6,31,57,8,102,40,12,52,154
11/08/2010,GJT,CO,ANM,WE,Federal Contract Tower,4,35,18,0,57,0,0,26,0,26,4,35,44,0,83,2,0,2,85
11/09/2010,GJT,CO,ANM,WE,Federal Contract Tower,8,41,17,0,66,0,0,2,0,2,8,41,19,0,68,0,0,0,68
11/10/2010,GJT,CO,ANM,WE,Federal Contract Tower,6,38,31,3,78,0,0,32,1,33,6,38,63,4,111,6,0,6,117
11/11/2010,GJT,CO,ANM,WE,Federal Contract Tower,10,40,32,0,82,0,0,23,0,23,10,40,55,0,105,40,0,40,145
11/12/2010,GJT,CO,ANM,WE,Federal Contract Tower,3,45,22,5,75,0,1,92,0,93,3,46,114,5,168,38,8,46,214
11/13/2010,GJT,CO,ANM,WE,Federal Contract Tower,6,28,6,0,40,0,2,26,0,28,6,30,32,0,68,30,0,30,98
11/14/2010,GJT,CO,ANM,WE,Federal Contract Tower,4,35,14,13,66,0,0,32,1,33,4,35,46,14,99,38,6,44,143
11/15/2010,GJT,CO,ANM,WE,Federal Contract Tower,1,42,13,0,56,0,0,4,0,4,1,42,17,0,60,0,0,0,60
11/16/2010,GJT,CO,ANM,WE,Federal Contract Tower,3,44,32,8,87,0,0,30,2,32,3,44,62,10,119,16,0,16,135
11/17/2010,GJT,CO,ANM,WE,Federal Contract Tower,4,35,16,10,65,0,0,54,5,59,4,35,70,15,124,10,19,29,153
11/18/2010,GJT,CO,ANM,WE,Federal Contract Tower,7,46,24,9,86,0,1,68,5,74,7,47,92,14,160,22,32,54,214
11/19/2010,GJT,CO,ANM,WE,Federal Contract Tower,2,39,19,0,60,0,2,54,0,56,2,41,73,0,116,12,0,12,128
11/20/2010,GJT,CO,ANM,WE,Federal Contract Tower,2,26,11,2,41,0,0,17,0,17,2,26,28,2,58,10,0,10,68
11/21/2010,GJT,CO,ANM,WE,Federal Contract Tower,10,32,5,0,47,0,0,0,0,0,10,32,5,0,47,0,0,0,47
11/22/2010,GJT,CO,ANM,WE,Federal Contract Tower,1,43,9,1,54,0,0,8,0,8,1,43,17,1,62,0,0,0,62
11/23/2010,GJT,CO,ANM,WE,Federal Contract Tower,11,51,19,1,82,0,0,18,0,18,11,51,37,1,100,6,0,6,106
11/24/2010,GJT,CO,ANM,WE,Federal Contract Tower,5,52,12,2,71,0,0,14,0,14,5,52,26,2,85,20,0,20,105
11/25/2010,GJT,CO,ANM,WE,Federal Contract Tower,6,18,5,0,29,0,2,23,0,25,6,20,28,0,54,10,0,10,64
11/26/2010,GJT,CO,ANM,WE,Federal Contract Tower,9,40,9,0,58,0,0,31,0,31,9,40,40,0,89,28,0,28,117
11/27/2010,GJT,CO,ANM,WE,Federal Contract Tower,2,28,9,0,39,0,0,48,0,48,2,28,57,0,87,26,0,26,113
11/28/2010,GJT,CO,ANM,WE,Federal Contract Tower,4,35,9,0,48,0,0,4,0,4,4,35,13,0,52,0,0,0,52
11/29/2010,GJT,CO,ANM,WE,Federal Contract Tower,4,39,15,0,58,0,0,17,0,17,4,39,32,0,75,0,0,0,75
11/30/2010,GJT,CO,ANM,WE,Federal Contract Tower,5,44,12,4,65,0,1,54,0,55,5,45,66,4,120,58,22,80,200
12/01/2010,GJT,CO,ANM,WE,Federal Contract Tower,3,33,22,2,60,0,0,36,0,36,3,33,58,2,96,40,0,40,136
12/02/2010,GJT,CO,ANM,WE,Federal Contract Tower,7,40,22,2,71,0,0,60,0,60,7,40,82,2,131,44,0,44,175
12/03/2010,GJT,CO,ANM,WE,Federal Contract Tower,3,39,14,7,63,0,0,46,0,46,3,39,60,7,109,28,0,28,137
12/04/2010,GJT,CO,ANM,WE,Federal Contract Tower,1,26,6,0,33,0,0,27,0,27,1,26,33,0,60,4,0,4,64
12/05/2010,GJT,CO,ANM,WE,Federal Contract Tower,23,41,11,2,77,0,0,33,0,33,23,41,44,2,110,52,0,52,162
12/06/2010,GJT,CO,ANM,WE,Federal Contract Tower,4,37,20,0,61,0,0,21,0,21,4,37,41,0,82,14,0,14,96
12/07/2010,GJT,CO,ANM,WE,Federal Contract Tower,4,40,29,3,76,0,0,25,0,25,4,40,54,3,101,0,0,0,101
12/08/2010,GJT,CO,ANM,WE,Federal Contract Tower,3,40,25,1,69,0,0,41,0,41,3,40,66,1,110,38,0,38,148
12/09/2010,GJT,CO,ANM,WE,Federal Contract Tower,5,36,17,7,65,0,0,29,0,29,5,36,46,7,94,0,0,0,94
12/10/2010,GJT,CO,ANM,WE,Federal Contract Tower,5,41,17,2,65,0,0,33,0,33,5,41,50,2,98,40,0,40,138
12/11/2010,GJT,CO,ANM,WE,Federal Contract Tower,1,27,15,0,43,0,0,40,0,40,1,27,55,0,83,71,0,71,154
12/12/2010,GJT,CO,ANM,WE,Federal Contract Tower,6,36,4,5,51,0,2,36,0,38,6,38,40,5,89,42,0,42,131
12/13/2010,GJT,CO,ANM,WE,Federal Contract Tower,1,40,18,5,64,0,2,70,2,74,1,42,88,7,138,40,10,50,188
12/14/2010,GJT,CO,ANM,WE,Federal Contract Tower,4,41,18,2,65,0,0,51,0,51,4,41,69,2,116,32,0,32,148
12/15/2010,GJT,CO,ANM,WE,Federal Contract Tower,7,48,26,0,81,0,0,9,0,9,7,48,35,0,90,24,0,24,114
12/16/2010,GJT,CO,ANM,WE,Federal Contract Tower,11,46,17,6,80,0,0,38,0,38,11,46,55,6,118,10,0,10,128
12/17/2010,GJT,CO,ANM,WE,Federal Contract Tower,3,47,12,2,64,0,0,34,0,34,3,47,46,2,98,44,0,44,142
12/18/2010,GJT,CO,ANM,WE,Federal Contract Tower,3,74,15,1,93,0,0,0,0,0,3,74,15,1,93,0,0,0,93
12/19/2010,GJT,CO,ANM,WE,Federal Contract Tower,4,54,19,4,81,0,0,0,0,0,4,54,19,4,81,0,0,0,81
12/20/2010,GJT,CO,ANM,WE,Federal Contract Tower,5,56,20,2,83,0,0,1,0,1,5,56,21,2,84,0,14,14,98
12/21/2010,GJT,CO,ANM,WE,Federal Contract Tower,4,51,31,8,94,0,0,6,0,6,4,51,37,8,100,0,0,0,100
12/22/2010,GJT,CO,ANM,WE,Federal Contract Tower,4,53,25,0,82,0,0,11,0,11,4,53,36,0,93,6,0,6,99
12/23/2010,GJT,CO,ANM,WE,Federal Contract Tower,12,58,23,0,93,0,0,19,0,19,12,58,42,0,112,50,0,50,162
12/24/2010,GJT,CO,ANM,WE,Federal Contract Tower,3,41,10,0,54,0,0,27,0,27,3,41,37,0,81,0,0,0,81
12/25/2010,GJT,CO,ANM,WE,Federal Contract Tower,0,24,3,0,27,0,0,12,0,12,0,24,15,0,39,8,0,8,47
12/26/2010,GJT,CO,ANM,WE,Federal Contract Tower,5,44,27,0,76,0,0,27,0,27,5,44,54,0,103,6,0,6,109
12/27/2010,GJT,CO,ANM,WE,Federal Contract Tower,1,51,26,4,82,0,2,32,0,34,1,53,58,4,116,10,0,10,126
12/28/2010,GJT,CO,ANM,WE,Federal Contract Tower,2,53,19,2,76,0,1,43,0,44,2,54,62,2,120,0,0,0,120
12/29/2010,GJT,CO,ANM,WE,Federal Contract Tower,4,75,35,0,114,0,0,0,0,0,4,75,35,0,114,0,0,0,114
12/30/2010,GJT,CO,ANM,WE,Federal Contract Tower,8,64,25,0,97,0,0,0,0,0,8,64,25,0,97,0,0,0,97
12/31/2010,GJT,CO,ANM,WE,Federal Contract Tower,1,52,20,0,73,0,0,11,0,11,1,52,31,0,84,0,0,0,84
01/01/2011,GJT,CO,ANM,WE,Federal Contract Tower,0,30,18,0,48,0,0,24,0,24,0,30,42,0,72,4,0,4,76
01/02/2011,GJT,CO,ANM,WE,Federal Contract Tower,4,38,30,1,73,0,0,15,0,15,4,38,45,1,88,10,0,10,98
01/03/2011,GJT,CO,ANM,WE,Federal Contract Tower,3,44,19,5,71,0,0,21,1,22,3,44,40,6,93,26,10,36,129
01/04/2011,GJT,CO,ANM,WE,Federal Contract Tower,2,35,15,5,57,0,0,5,0,5,2,35,20,5,62,8,0,8,70
01/05/2011,GJT,CO,ANM,WE,Federal Contract Tower,2,38,17,2,59,0,1,30,2,33,2,39,47,4,92,20,10,30,122
01/06/2011,GJT,CO,ANM,WE,Federal Contract Tower,15,42,15,2,74,0,0,51,0,51,15,42,66,2,125,8,0,8,133
01/07/2011,GJT,CO,ANM,WE,Federal Contract Tower,3,33,22,5,63,0,0,64,0,64,3,33,86,5,127,16,0,16,143
01/08/2011,GJT,CO,ANM,WE,Federal Contract Tower,1,22,3,0,26,0,0,28,0,28,1,22,31,0,54,24,0,24,78
01/09/2011,GJT,CO,ANM,WE,Federal Contract Tower,12,44,16,0,72,0,1,0,0,1,12,45,16,0,73,0,0,0,73
01/10/2011,GJT,CO,ANM,WE,Federal Contract Tower,1,38,22,0,61,0,2,33,0,35,1,40,55,0,96,2,0,2,98
01/11/2011,GJT,CO,ANM,WE,Federal Contract Tower,6,35,13,10,64,0,0,42,0,42,6,35,55,10,106,8,16,24,130
01/12/2011,GJT,CO,ANM,WE,Federal Contract Tower,3,36,16,4,59,0,0,50,0,50,3,36,66,4,109,32,6,38,147
01/13/2011,GJT,CO,ANM,WE,Federal Contract Tower,8,42,31,3,84,0,0,46,0,46,8,42,77,3,130,10,0,10,140
01/14/2011,GJT,CO,ANM,WE,Federal Contract Tower,4,43,18,4,69,0,0,45,0,45,4,43,63,4,114,32,0,32,146
01/15/2011,GJT,CO,ANM,WE,Federal Contract Tower,1,24,3,12,40,0,3,40,4,47,1,27,43,16,87,20,24,44,131
01/16/2011,GJT,CO,ANM,WE,Federal Contract Tower,4,34,16,6,60,0,0,14,0,14,4,34,30,6,74,6,0,6,80
01/17/2011,GJT,CO,ANM,WE,Federal Contract Tower,5,38,27,1,71,0,0,29,0,29,5,38,56,1,100,28,0,28,128
01/18/2011,GJT,CO,ANM,WE,Federal Contract Tower,3,39,26,0,68,0,0,35,0,35,3,39,61,0,103,34,0,34,137
01/19/2011,GJT,CO,ANM,WE,Federal Contract Tower,11,49,31,4,95,0,0,9,2,11,11,49,40,6,106,18,0,18,124
01/20/2011,GJT,CO,ANM,WE,Federal Contract Tower,6,45,27,2,80,0,0,55,0,55,6,45,82,2,135,12,0,12,147
01/21/2011,GJT,CO,ANM,WE,Federal Contract Tower,2,36,14,3,55,0,45,0,0,45,2,81,14,3,100,14,0,14,114
01/22/2011,GJT,CO,ANM,WE,Federal Contract Tower,2,26,9,4,41,0,0,27,1,28,2,26,36,5,69,20,6,26,95
01/23/2011,GJT,CO,ANM,WE,Federal Contract Tower,4,35,12,4,55,0,0,40,0,40,4,35,52,4,95,22,0,22,117
01/24/2011,GJT,CO,ANM,WE,Federal Contract Tower,1,36,21,6,64,0,2,39,0,41,1,38,60,6,105,22,12,34,139
01/25/2011,GJT,CO,ANM,WE,Federal Contract Tower,8,39,43,0,90,0,0,38,1,39,8,39,81,1,129,10,0,10,139
01/26/2011,GJT,CO,ANM,WE,Federal Contract Tower,2,35,31,14,82,0,0,41,1,42,2,35,72,15,124,12,24,36,160
01/27/2011,GJT,CO,ANM,WE,Federal Contract Tower,6,40,19,4,69,0,0,50,0,50,6,40,69,4,119,36,14,50,169
01/28/2011,GJT,CO,ANM,WE,Federal Contract Tower,2,42,17,9,70,0,0,68,5,73,2,42,85,14,143,50,4,54,197
01/29/2011,GJT,CO,ANM,WE,Federal Contract Tower,1,25,8,3,37,0,0,53,0,53,1,25,61,3,90,58,0,58,148
01/30/2011,GJT,CO,ANM,WE,Federal Contract Tower,4,32,16,0,52,0,1,49,0,50,4,33,65,0,102,22,0,22,124
01/31/2011,GJT,CO,ANM,WE,Federal Contract Tower,7,39,21,2,69,0,2,1,0,3,7,41,22,2,72,0,0,0,72
02/01/2011,GJT,CO,ANM,WE,Federal Contract Tower,4,32,21,8,65,0,0,7,0,7,4,32,28,8,72,10,0,10,82
02/02/2011,GJT,CO,ANM,WE,Federal Contract Tower,2,38,16,3,59,0,0,38,0,38,2,38,54,3,97,20,0,20,117
02/03/2011,GJT,CO,ANM,WE,Federal Contract Tower,8,39,14,0,61,0,0,33,0,33,8,39,47,0,94,2,0,2,96
02/04/2011,GJT,CO,ANM,WE,Federal Contract Tower,3,37,26,12,78,0,0,40,4,44,3,37,66,16,122,18,0,18,140
02/05/2011,GJT,CO,ANM,WE,Federal Contract Tower,10,37,19,0,66,0,0,39,0,39,10,37,58,0,105,58,0,58,163
02/06/2011,GJT,CO,ANM,WE,Federal Contract Tower,3,31,3,4,41,0,1,19,0,20,3,32,22,4,61,12,0,12,73
02/07/2011,GJT,CO,ANM,WE,Federal Contract Tower,2,47,25,12,86,0,0,28,3,31,2,47,53,15,117,10,8,18,135
02/08/2011,GJT,CO,ANM,WE,Federal Contract Tower,10,38,20,0,68,0,0,7,0,7,10,38,27,0,75,8,0,8,83
02/09/2011,GJT,CO,ANM,WE,Federal Contract Tower,2,35,15,4,56,0,0,34,0,34,2,35,49,4,90,26,0,26,116
02/10/2011,GJT,CO,ANM,WE,Federal Contract Tower,6,42,10,32,90,0,0,60,2,62,6,42,70,34,152,22,16,38,190
02/11/2011,GJT,CO,ANM,WE,Federal Contract Tower,3,39,14,8,64,0,0,38,1,39,3,39,52,9,103,12,6,18,121
02/12/2011,GJT,CO,ANM,WE,Federal Contract Tower,1,30,14,1,46,0,0,44,6,50,1,30,58,7,96,60,0,60,156
02/13/2011,GJT,CO,ANM,WE,Federal Contract Tower,4,40,13,9,66,0,0,43,0,43,4,40,56,9,109,52,0,52,161
02/14/2011,GJT,CO,ANM,WE,Federal Contract Tower,3,43,13,1,60,0,2,51,0,53,3,45,64,1,113,14,0,14,127
02/15/2011,GJT,CO,ANM,WE,Federal Contract Tower,7,33,14,6,60,0,2,69,0,71,7,35,83,6,131,32,0,32,163
02/16/2011,GJT,CO,ANM,WE,Federal Contract Tower,13,45,29,8,95,0,0,46,1,47,13,45,75,9,142,20,6,26,168
02/17/2011,GJT,CO,ANM,WE,Federal Contract Tower,15,51,16,0,82,0,0,19,0,19,15,51,35,0,101,12,0,12,113
02/18/2011,GJT,CO,ANM,WE,Federal Contract Tower,2,49,22,7,80,0,0,43,5,48,2,49,65,12,128,14,48,62,190
02/19/2011,GJT,CO,ANM,WE,Federal Contract Tower,7,37,14,0,58,0,0,7,0,7,7,37,21,0,65,0,0,0,65
02/20/2011,GJT,CO,ANM,WE,Federal Contract Tower,7,49,13,0,69,0,0,25,0,25,7,49,38,0,94,38,0,38,132
02/21/2011,GJT,CO,ANM,WE,Federal Contract Tower,1,37,34,12,84,0,1,58,1,60,1,38,92,13,144,24,0,24,168
02/22/2011,GJT,CO,ANM,WE,Federal Contract Tower,3,39,17,1,60,0,0,68,0,68,3,39,85,1,128,18,10,28,156
02/23/2011,GJT,CO,ANM,WE,Federal Contract Tower,2,37,16,2,57,0,0,58,0,58,2,37,74,2,115,8,6,14,129
02/24/2011,GJT,CO,ANM,WE,Federal Contract Tower,7,46,28,3,84,0,0,44,1,45,7,46,72,4,129,16,0,16,145
02/25/2011,GJT,CO,ANM,WE,Federal Contract Tower,3,59,22,5,89,0,0,14,0,14,3,59,36,5,103,62,0,62,165
02/26/2011,GJT,CO,ANM,WE,Federal Contract Tower,0,38,4,0,42,0,0,11,0,11,0,38,15,0,53,34,0,34,87
02/27/2011,GJT,CO,ANM,WE,Federal Contract Tower,4,37,10,2,53,0,0,31,0,31,4,37,41,2,84,32,0,32,116
02/28/2011,GJT,CO,ANM,WE,Federal Contract Tower,3,45,19,8,75,0,0,78,0,78,3,45,97,8,153,36,10,46,199
03/01/2011,GJT,CO,ANM,WE,Federal Contract Tower,4,39,16,3,62,0,0,101,3,104,4,39,117,6,166,20,12,32,198
03/02/2011,GJT,CO,ANM,WE,Federal Contract Tower,2,49,23,0,74,0,0,53,0,53,2,49,76,0,127,38,0,38,165
03/03/2011,GJT,CO,ANM,WE,Federal Contract Tower,9,41,27,4,81,0,0,45,0,45,9,41,72,4,126,52,0,52,178
03/04/2011,GJT,CO,ANM,WE,Federal Contract Tower,3,37,19,1,60,0,0,19,5,24,3,37,38,6,84,40,16,56,140
03/05/2011,GJT,CO,ANM,WE,Federal Contract Tower,3,30,8,17,58,0,0,54,4,58,3,30,62,21,116,58,50,108,224
03/06/2011,GJT,CO,ANM,WE,Federal Contract Tower,5,44,10,3,62,0,0,27,1,28,5,44,37,4,90,34,0,34,124
03/07/2011,GJT,CO,ANM,WE,Federal Contract Tower,3,47,28,5,83,0,0,27,4,31,3,47,55,9,114,14,22,36,150
03/08/2011,GJT,CO,ANM,WE,Federal Contract Tower,2,38,25,0,65,0,0,14,0,14,2,38,39,0,79,8,1,9,88
03/09/2011,GJT,CO,ANM,WE,Federal Contract Tower,4,43,25,5,77,0,0,77,1,78,4,43,102,6,155,36,12,48,203
03/10/2011,GJT,CO,ANM,WE,Federal Contract Tower,4,44,20,3,71,0,0,75,6,81,4,44,95,9,152,54,6,60,212
03/11/2011,GJT,CO,ANM,WE,Federal Contract Tower,2,49,18,7,76,0,0,61,2,63,2,49,79,9,139,2,0,2,141
03/12/2011,GJT,CO,ANM,WE,Federal Contract Tower,3,39,9,2,53,0,0,48,1,49,3,39,57,3,102,10,58,68,170
03/13/2011,GJT,CO,ANM,WE,Federal Contract Tower,5,40,7,7,59,0,0,32,2,34,5,40,39,9,93,10,2,12,105
03/14/2011,GJT,CO,ANM,WE,Federal Contract Tower,2,43,12,2,59,0,0,35,0,35,2,43,47,2,94,48,0,48,142
03/15/2011,GJT,CO,ANM,WE,Federal Contract Tower,3,38,19,11,71,0,2,43,1,46,3,40,62,12,117,56,18,74,191
03/16/2011,GJT,CO,ANM,WE,Federal Contract Tower,2,47,21,0,70,0,0,42,0,42,2,47,63,0,112,34,0,34,146
03/17/2011,GJT,CO,ANM,WE,Federal Contract Tower,14,71,36,4,125,0,0,13,0,13,14,71,49,4,138,22,0,22,160
03/18/2011,GJT,CO,ANM,WE,Federal Contract Tower,2,50,25,0,77,0,0,34,0,34,2,50,59,0,111,48,0,48,159
03/19/2011,GJT,CO,ANM,WE,Federal Contract Tower,5,39,10,23,77,0,0,20,0,20,5,39,30,23,97,0,0,0,97
03/20/2011,GJT,CO,ANM,WE,Federal Contract Tower,5,39,14,2,60,0,0,18,0,18,5,39,32,2,78,10,0,10,88
03/21/2011,GJT,CO,ANM,WE,Federal Contract Tower,4,43,21,2,70,0,0,7,3,10,4,43,28,5,80,0,0,0,80
03/22/2011,GJT,CO,ANM,WE,Federal Contract Tower,2,42,34,0,78,0,0,19,0,19,2,42,53,0,97,14,0,14,111
03/23/2011,GJT,CO,ANM,WE,Federal Contract Tower,2,41,24,2,69,0,0,89,3,92,2,41,113,5,161,44,8,52,213
03/24/2011,GJT,CO,ANM,WE,Federal Contract Tower,6,50,35,0,91,0,0,23,0,23,6,50,58,0,114,8,0,8,122
03/25/2011,GJT,CO,ANM,WE,Federal Contract Tower,5,50,33,2,90,0,0,15,0,15,5,50,48,2,105,10,0,10,115
03/26/2011,GJT,CO,ANM,WE,Federal Contract Tower,1,43,19,0,63,0,0,53,2,55,1,43,72,2,118,48,4,52,170
03/27/2011,GJT,CO,ANM,WE,Federal Contract Tower,6,53,10,0,69,0,0,14,0,14,6,53,24,0,83,28,0,28,111
03/28/2011,GJT,CO,ANM,WE,Federal Contract Tower,5,56,21,2,84,0,0,10,0,10,5,56,31,2,94,6,0,6,100
03/29/2011,GJT,CO,ANM,WE,Federal Contract Tower,2,38,25,4,69,0,0,63,0,63,2,38,88,4,132,16,14,30,162
03/30/2011,GJT,CO,ANM,WE,Federal Contract Tower,4,45,19,0,68,0,0,24,0,24,4,45,43,0,92,4,0,4,96
03/31/2011,GJT,CO,ANM,WE,Federal Contract Tower,6,48,20,2,76,0,0,49,0,49,6,48,69,2,125,20,0,20,145
04/01/2011,GJT,CO,ANM,WE,Federal Contract Tower,1,47,16,1,65,0,0,65,1,66,1,47,81,2,131,26,0,26,157
04/02/2011,GJT,CO,ANM,WE,Federal Contract Tower,1,33,12,5,51,0,0,42,7,49,1,33,54,12,100,6,8,14,114
04/03/2011,GJT,CO,ANM,WE,Federal Contract Tower,7,53,19,0,79,0,0,5,0,5,7,53,24,0,84,2,0,2,86
04/04/2011,GJT,CO,ANM,WE,Federal Contract Tower,2,42,10,2,56,0,0,29,0,29,2,42,39,2,85,2,0,2,87
04/05/2011,GJT,CO,ANM,WE,Federal Contract Tower,2,38,16,12,68,0,9,57,0,66,2,47,73,12,134,24,2,26,160
04/06/2011,GJT,CO,ANM,WE,Federal Contract Tower,1,42,27,1,71,0,0,44,2,46,1,42,71,3,117,26,0,26,143
04/07/2011,GJT,CO,ANM,WE,Federal Contract Tower,7,47,20,2,76,0,0,31,0,31,7,47,51,2,107,4,0,4,111
04/08/2011,GJT,CO,ANM,WE,Federal Contract Tower,4,43,11,3,61,0,0,8,0,8,4,43,19,3,69,8,0,8,77
04/09/2011,GJT,CO,ANM,WE,Federal Contract Tower,1,30,10,1,42,0,0,12,0,12,1,30,22,1,54,0,0,0,54
04/10/2011,GJT,CO,ANM,WE,Federal Contract Tower,5,42,10,7,64,0,0,34,0,34,5,42,44,7,98,20,0,20,118
04/11/2011,GJT,CO,ANM,WE,Federal Contract Tower,2,38,11,15,66,0,0,58,2,60,2,38,69,17,126,62,16,78,204
04/12/2011,GJT,CO,ANM,WE,Federal Contract Tower,3,46,28,0,77,0,0,60,0,60,3,46,88,0,137,20,0,20,157
04/13/2011,GJT,CO,ANM,WE,Federal Contract Tower,2,41,20,9,72,0,0,58,4,62,2,41,78,13,134,36,10,46,180
04/14/2011,GJT,CO,ANM,WE,Federal Contract Tower,6,39,17,9,71,0,0,31,3,34,6,39,48,12,105,22,2,24,129
04/15/2011,GJT,CO,ANM,WE,Federal Contract Tower,2,47,21,14,84,0,0,78,1,79,2,47,99,15,163,16,28,44,207
04/16/2011,GJT,CO,ANM,WE,Federal Contract Tower,1,32,19,2,54,0,0,50,2,52,1,32,69,4,106,20,10,30,136
04/17/2011,GJT,CO,ANM,WE,Federal Contract Tower,4,35,5,5,49,0,0,35,2,37,4,35,40,7,86,14,0,14,100
04/18/2011,GJT,CO,ANM,WE,Federal Contract Tower,2,38,21,6,67,0,0,11,0,11,2,38,32,6,78,0,0,0,78
04/19/2011,GJT,CO,ANM,WE,Federal Contract Tower,2,37,17,12,68,0,0,20,1,21,2,37,37,13,89,42,10,52,141
04/20/2011,GJT,CO,ANM,WE,Federal Contract Tower,1,39,27,2,69,0,0,38,0,38,1,39,65,2,107,38,0,38,145
04/21/2011,GJT,CO,ANM,WE,Federal Contract Tower,6,53,12,5,76,0,1,23,1,25,6,54,35,6,101,6,0,6,107
04/22/2011,GJT,CO,ANM,WE,Federal Contract Tower,2,43,14,10,69,0,0,57,0,57,2,43,71,10,126,10,0,10,136
04/23/2011,GJT,CO,ANM,WE,Federal Contract Tower,1,29,3,0,33,0,0,5,0,5,1,29,8,0,38,0,0,0,38
04/24/2011,GJT,CO,ANM,WE,Federal Contract Tower,4,34,3,0,41,0,0,8,0,8,4,34,11,0,49,8,0,8,57
04/25/2011,GJT,CO,ANM,WE,Federal Contract Tower,3,42,30,3,78,0,0,33,0,33,3,42,63,3,111,60,0,60,171
04/26/2011,GJT,CO,ANM,WE,Federal Contract Tower,2,42,27,5,76,0,1,7,0,8,2,43,34,5,84,14,8,22,106
04/27/2011,GJT,CO,ANM,WE,Federal Contract Tower,2,46,25,18,91,0,0,66,1,67,2,46,91,19,158,28,38,66,224
04/28/2011,GJT,CO,ANM,WE,Federal Contract Tower,8,42,22,2,74,0,0,71,0,71,8,42,93,2,145,4,0,4,149
04/29/2011,GJT,CO,ANM,WE,Federal Contract Tower,1,41,20,10,72,0,6,12,0,18,1,47,32,10,90,6,0,6,96
04/30/2011,GJT,CO,ANM,WE,Federal Contract Tower,1,24,6,0,31,0,0,42,0,42,1,24,48,0,73,18,0,18,91
05/01/2011,GJT,CO,ANM,WE,Federal Contract Tower,4,42,5,7,58,0,3,17,0,20,4,45,22,7,78,36,0,36,114
05/02/2011,GJT,CO,ANM,WE,Federal Contract Tower,1,38,18,4,61,0,1,47,0,48,1,39,65,4,109,6,0,6,115
05/03/2011,GJT,CO,ANM,WE,Federal Contract Tower,2,45,26,3,76,0,0,65,0,65,2,45,91,3,141,26,0,26,167
05/04/2011,GJT,CO,ANM,WE,Federal Contract Tower,6,47,29,0,82,0,0,57,3,60,6,47,86,3,142,32,0,32,174
05/05/2011,GJT,CO,ANM,WE,Federal Contract Tower,9,55,12,2,78,0,4,60,0,64,9,59,72,2,142,30,6,36,178
05/06/2011,GJT,CO,ANM,WE,Federal Contract Tower,2,47,22,5,76,0,1,42,1,44,2,48,64,6,120,36,0,36,156
05/07/2011,GJT,CO,ANM,WE,Federal Contract Tower,1,30,4,22,57,0,0,48,2,50,1,30,52,24,107,14,6,20,127
05/08/2011,GJT,CO,ANM,WE,Federal Contract Tower,4,39,10,8,61,0,0,15,0,15,4,39,25,8,76,0,0,0,76
05/09/2011,GJT,CO,ANM,WE,Federal Contract Tower,3,46,23,2,74,0,0,1,0,1,3,46,24,2,75,0,0,0,75
05/10/2011,GJT,CO,ANM,WE,Federal Contract Tower,4,41,25,0,70,0,0,34,0,34,4,41,59,0,104,6,0,6,110
05/11/2011,GJT,CO,ANM,WE,Federal Contract Tower,3,53,15,0,71,0,0,10,0,10,3,53,25,0,81,10,0,10,91
05/12/2011,GJT,CO,ANM,WE,Federal Contract Tower,6,49,22,19,96,0,0,50,1,51,6,49,72,20,147,2,14,16,163
05/13/2011,GJT,CO,ANM,WE,Federal Contract Tower,2,43,18,20,83,0,0,82,1,83,2,43,100,21,166,24,2,26,192
05/14/2011,GJT,CO,ANM,WE,Federal Contract Tower,1,32,5,4,42,0,2,33,0,35,1,34,38,4,77,34,0,34,111
05/15/2011,GJT,CO,ANM,WE,Federal Contract Tower,4,45,17,8,74,0,0,38,0,38,4,45,55,8,112,24,0,24,136
05/16/2011,GJT,CO,ANM,WE,Federal Contract Tower,1,42,20,5,68,0,0,31,1,32,1,42,51,6,100,6,2,8,108
05/17/2011,GJT,CO,ANM,WE,Federal Contract Tower,2,44,19,0,65,0,0,12,2,14,2,44,31,2,79,8,0,8,87
05/18/2011,GJT,CO,ANM,WE,Federal Contract Tower,6,42,12,0,60,0,0,18,0,18,6,42,30,0,78,12,0,12,90
05/19/2011,GJT,CO,ANM,WE,Federal Contract Tower,5,58,29,0,92,0,0,22,0,22,5,58,51,0,114,14,0,14,128
05/20/2011,GJT,CO,ANM,WE,Federal Contract Tower,4,48,20,0,72,0,0,6,0,6,4,48,26,0,78,10,0,10,88
05/21/2011,GJT,CO,ANM,WE,Federal Contract Tower,3,32,9,6,50,0,0,52,2,54,3,32,61,8,104,38,24,62,166
05/22/2011,GJT,CO,ANM,WE,Federal Contract Tower,5,34,4,8,51,0,0,29,0,29,5,34,33,8,80,6,6,12,92
05/23/2011,GJT,CO,ANM,WE,Federal Contract Tower,3,48,25,1,77,0,0,23,0,23,3,48,48,1,100,0,0,0,100
05/24/2011,GJT,CO,ANM,WE,Federal Contract Tower,2,40,17,3,62,0,0,19,0,19,2,40,36,3,81,12,0,12,93
05/25/2011,GJT,CO,ANM,WE,Federal Contract Tower,2,48,32,2,84,0,0,71,0,71,2,48,103,2,155,30,0,30,185
05/26/2011,GJT,CO,ANM,WE,Federal Contract Tower,6,48,25,0,79,0,0,31,0,31,6,48,56,0,110,20,0,20,130
05/27/2011,GJT,CO,ANM,WE,Federal Contract Tower,2,47,23,2,74,0,0,52,0,52,2,47,75,2,126,42,0,42,168
05/28/2011,GJT,CO,ANM,WE,Federal Contract Tower,1,37,4,6,48,0,1,34,0,35,1,38,38,6,83,24,3,27,110
05/29/2011,GJT,CO,ANM,WE,Federal Contract Tower,5,24,0,1,30,0,0,4,0,4,5,24,4,1,34,0,0,0,34
05/30/2011,GJT,CO,ANM,WE,Federal Contract Tower,0,34,5,0,39,0,0,25,0,25,0,34,30,0,64,12,0,12,76
05/31/2011,GJT,CO,ANM,WE,Federal Contract Tower,1,43,14,8,66,0,0,67,0,67,1,43,81,8,133,78,6,84,217
06/01/2011,GJT,CO,ANM,WE,Federal Contract Tower,2,47,16,2,67,0,1,44,3,48,2,48,60,5,115,58,18,76,191
06/02/2011,GJT,CO,ANM,WE,Federal Contract Tower,6,45,14,4,69,0,1,24,0,25,6,46,38,4,94,8,2,10,104
06/03/2011,GJT,CO,ANM,WE,Federal Contract Tower,2,50,10,11,73,0,0,58,1,59,2,50,68,12,132,42,24,66,198
06/04/2011,GJT,CO,ANM,WE,Federal Contract Tower,1,31,9,7,48,0,0,37,4,41,1,31,46,11,89,0,0,0,89
06/05/2011,GJT,CO,ANM,WE,Federal Contract Tower,5,41,10,5,61,0,0,39,1,40,5,41,49,6,101,44,0,44,145
06/06/2011,GJT,CO,ANM,WE,Federal Contract Tower,3,43,14,1,61,0,1,24,0,25,3,44,38,1,86,6,0,6,92
06/07/2011,GJT,CO,ANM,WE,Federal Contract Tower,2,45,20,2,69,0,0,66,0,66,2,45,86,2,135,14,0,14,149
06/08/2011,GJT,CO,ANM,WE,Federal Contract Tower,2,45,16,1,64,0,1,50,6,57,2,46,66,7,121,48,12,60,181
06/09/2011,GJT,CO,ANM,WE,Federal Contract Tower,6,52,17,6,81,0,0,55,3,58,6,52,72,9,139,38,0,38,177
06/10/2011,GJT,CO,ANM,WE,Federal Contract Tower,2,46,16,6,70,0,0,73,1,74,2,46,89,7,144,20,12,32,176
06/11/2011,GJT,CO,ANM,WE,Federal Contract Tower,2,33,14,31,80,0,2,34,8,44,2,35,48,39,124,4,36,40,164
06/12/2011,GJT,CO,ANM,WE,Federal Contract Tower,4,40,8,4,56,0,0,56,0,56,4,40,64,4,112,22,0,22,134
06/13/2011,GJT,CO,ANM,WE,Federal Contract Tower,1,46,10,0,57,0,1,36,0,37,1,47,46,0,94,6,0,6,100
06/14/2011,GJT,CO,ANM,WE,Federal Contract Tower,2,48,18,15,83,0,0,55,0,55,2,48,73,15,138,14,4,18,156
06/15/2011,GJT,CO,ANM,WE,Federal Contract Tower,2,48,29,0,79,0,0,64,0,64,2,48,93,0,143,6,0,6,149
06/16/2011,GJT,CO,ANM,WE,Federal Contract Tower,7,56,15,5,83,0,1,34,4,39,7,57,49,9,122,26,20,46,168
06/17/2011,GJT,CO,ANM,WE,Federal Contract Tower,2,46,24,4,76,0,0,65,2,67,2,46,89,6,143,62,0,62,205
06/18/2011,GJT,CO,ANM,WE,Federal Contract Tower,1,29,12,10,52,0,0,41,0,41,1,29,53,10,93,16,0,16,109
06/19/2011,GJT,CO,ANM,WE,Federal Contract Tower,4,38,13,4,59,0,0,14,0,14,4,38,27,4,73,0,0,0,73
06/20/2011,GJT,CO,ANM,WE,Federal Contract Tower,1,50,23,2,76,0,0,24,0,24,1,50,47,2,100,36,0,36,136
06/21/2011,GJT,CO,ANM,WE,Federal Contract Tower,2,43,18,0,63,0,0,81,1,82,2,43,99,1,145,92,0,92,237
06/22/2011,GJT,CO,ANM,WE,Federal Contract Tower,2,50,21,6,79,0,0,63,18,81,2,50,84,24,160,32,32,64,224
06/23/2011,GJT,CO,ANM,WE,Federal Contract Tower,6,46,25,2,79,0,0,66,1,67,6,46,91,3,146,26,0,26,172
06/24/2011,GJT,CO,ANM,WE,Federal Contract Tower,3,52,14,3,72,0,0,42,1,43,3,52,56,4,115,16,0,16,131
06/25/2011,GJT,CO,ANM,WE,Federal Contract Tower,2,36,9,6,53,0,0,41,4,45,2,36,50,10,98,6,14,20,118
06/26/2011,GJT,CO,ANM,WE,Federal Contract Tower,4,43,3,7,57,0,3,38,0,41,4,46,41,7,98,0,0,0,98
06/27/2011,GJT,CO,ANM,WE,Federal Contract Tower,1,48,14,0,63,0,2,55,0,57,1,50,69,0,120,54,0,54,174
06/28/2011,GJT,CO,ANM,WE,Federal Contract Tower,6,56,31,4,97,0,2,54,0,56,6,58,85,4,153,4,8,12,165
06/29/2011,GJT,CO,ANM,WE,Federal Contract Tower,4,51,12,8,75,0,1,36,0,37,4,52,48,8,112,6,0,6,118
06/30/2011,GJT,CO,ANM,WE,Federal Contract Tower,5,53,19,2,79,0,0,36,0,36,5,53,55,2,115,14,0,14,129
07/01/2011,GJT,CO,ANM,WE,Federal Contract Tower,1,52,26,1,80,0,0,62,0,62,1,52,88,1,142,22,0,22,164
07/02/2011,GJT,CO,ANM,WE,Federal Contract Tower,1,27,4,0,32,0,1,29,0,30,1,28,33,0,62,8,0,8,70
07/03/2011,GJT,CO,ANM,WE,Federal Contract Tower,4,28,1,0,33,0,2,44,0,46,4,30,45,0,79,0,0,0,79
07/04/2011,GJT,CO,ANM,WE,Federal Contract Tower,0,35,4,0,39,0,2,28,0,30,0,37,32,0,69,0,0,0,69
07/05/2011,GJT,CO,ANM,WE,Federal Contract Tower,0,53,24,6,83,0,0,31,2,33,0,53,55,8,116,22,0,22,138
07/06/2011,GJT,CO,ANM,WE,Federal Contract Tower,6,54,30,3,93,0,0,50,0,50,6,54,80,3,143,38,0,38,181
07/07/2011,GJT,CO,ANM,WE,Federal Contract Tower,13,44,19,4,80,0,0,67,2,69,13,44,86,6,149,58,8,66,215
07/08/2011,GJT,CO,ANM,WE,Federal Contract Tower,4,51,25,9,89,0,0,49,0,49,4,51,74,9,138,54,2,56,194
07/09/2011,GJT,CO,ANM,WE,Federal Contract Tower,1,36,10,18,65,0,0,45,3,48,1,36,55,21,113,66,8,74,187
07/10/2011,GJT,CO,ANM,WE,Federal Contract Tower,4,46,6,7,63,0,0,27,3,30,4,46,33,10,93,14,0,14,107
07/11/2011,GJT,CO,ANM,WE,Federal Contract Tower,1,50,20,5,76,0,2,44,0,46,1,52,64,5,122,18,0,18,140
07/12/2011,GJT,CO,ANM,WE,Federal Contract Tower,2,48,21,0,71,0,2,43,1,46,2,50,64,1,117,62,0,62,179
07/13/2011,GJT,CO,ANM,WE,Federal Contract Tower,2,49,19,2,72,0,0,46,1,47,2,49,65,3,119,22,0,22,141
07/14/2011,GJT,CO,ANM,WE,Federal Contract Tower,10,48,19,8,85,0,0,54,0,54,10,48,73,8,139,46,0,46,185
07/15/2011,GJT,CO,ANM,WE,Federal Contract Tower,2,58,24,8,92,0,0,78,1,79,2,58,102,9,171,76,0,76,247
07/16/2011,GJT,CO,ANM,WE,Federal Contract Tower,1,33,5,17,56,0,0,39,4,43,1,33,44,21,99,72,0,72,171
07/17/2011,GJT,CO,ANM,WE,Federal Contract Tower,4,41,10,5,60,0,0,25,1,26,4,41,35,6,86,4,0,4,90
07/18/2011,GJT,CO,ANM,WE,Federal Contract Tower,1,48,14,1,64,0,0,29,2,31,1,48,43,3,95,30,0,30,125
07/19/2011,GJT,CO,ANM,WE,Federal Contract Tower,2,55,16,14,87,0,0,40,1,41,2,55,56,15,128,8,12,20,148
07/20/2011,GJT,CO,ANM,WE,Federal Contract Tower,2,52,20,5,79,0,1,52,1,54,2,53,72,6,133,52,40,92,225
07/21/2011,GJT,CO,ANM,WE,Federal Contract Tower,5,54,14,3,76,0,0,61,1,62,5,54,75,4,138,24,16,40,178
07/22/2011,GJT,CO,ANM,WE,Federal Contract Tower,2,41,19,22,84,0,3,49,6,58,2,44,68,28,142,14,6,20,162
07/23/2011,GJT,CO,ANM,WE,Federal Contract Tower,1,36,7,0,44,0,0,52,0,52,1,36,59,0,96,18,0,18,114
07/24/2011,GJT,CO,ANM,WE,Federal Contract Tower,3,43,13,4,63,0,0,44,0,44,3,43,57,4,107,10,0,10,117
07/25/2011,GJT,CO,ANM,WE,Federal Contract Tower,0,50,19,4,73,0,0,61,0,61,0,50,80,4,134,35,0,35,169
07/26/2011,GJT,CO,ANM,WE,Federal Contract Tower,4,53,18,2,77,0,0,51,2,53,4,53,69,4,130,56,0,56,186
07/27/2011,GJT,CO,ANM,WE,Federal Contract Tower,2,53,21,4,80,0,0,59,0,59,2,53,80,4,139,16,0,16,155
07/28/2011,GJT,CO,ANM,WE,Federal Contract Tower,6,57,26,2,91,0,1,82,4,87,6,58,108,6,178,48,0,48,226
07/29/2011,GJT,CO,ANM,WE,Federal Contract Tower,4,50,17,6,77,0,0,63,0,63,4,50,80,6,140,26,10,36,176
07/30/2011,GJT,CO,ANM,WE,Federal Contract Tower,1,37,16,25,79,0,0,52,0,52,1,37,68,25,131,22,34,56,187
07/31/2011,GJT,CO,ANM,WE,Federal Contract Tower,4,45,9,10,68,0,0,28,0,28,4,45,37,10,96,16,2,18,114
08/01/2011,GJT,CO,ANM,WE,Federal Contract Tower,3,53,15,10,81,0,1,53,0,54,3,54,68,10,135,6,8,14,149
08/02/2011,GJT,CO,ANM,WE,Federal Contract Tower,2,44,17,3,66,0,0,41,3,44,2,44,58,6,110,14,12,26,136
08/03/2011,GJT,CO,ANM,WE,Federal Contract Tower,2,52,21,2,77,0,3,44,0,47,2,55,65,2,124,40,0,40,164
08/04/2011,GJT,CO,ANM,WE,Federal Contract Tower,9,50,19,6,84,0,1,37,1,39,9,51,56,7,123,12,22,34,157
08/05/2011,GJT,CO,ANM,WE,Federal Contract Tower,2,50,11,2,65,0,0,51,0,51,2,50,62,2,116,38,0,38,154
08/06/2011,GJT,CO,ANM,WE,Federal Contract Tower,2,32,10,36,80,0,0,46,2,48,2,32,56,38,128,6,14,20,148
08/07/2011,GJT,CO,ANM,WE,Federal Contract Tower,4,42,19,1,66,0,3,58,0,61,4,45,77,1,127,2,0,2,129
08/08/2011,GJT,CO,ANM,WE,Federal Contract Tower,3,47,18,4,72,0,4,39,2,45,3,51,57,6,117,4,0,4,121
08/09/2011,GJT,CO,ANM,WE,Federal Contract Tower,2,49,20,3,74,0,0,73,2,75,2,49,93,5,149,46,0,46,195
08/10/2011,GJT,CO,ANM,WE,Federal Contract Tower,2,47,22,1,72,0,0,60,0,60,2,47,82,1,132,46,0,46,178
08/11/2011,GJT,CO,ANM,WE,Federal Contract Tower,7,52,20,6,85,0,0,59,0,59,7,52,79,6,144,42,0,42,186
08/12/2011,GJT,CO,ANM,WE,Federal Contract Tower,2,50,15,5,72,0,0,49,0,49,2,50,64,5,121,24,0,24,145
08/13/2011,GJT,CO,ANM,WE,Federal Contract Tower,1,35,11,21,68,0,1,44,5,50,1,36,55,26,118,28,16,44,162
08/14/2011,GJT,CO,ANM,WE,Federal Contract Tower,4,43,10,4,61,0,0,33,0,33,4,43,43,4,94,54,0,54,148
08/15/2011,GJT,CO,ANM,WE,Federal Contract Tower,1,53,21,1,76,0,2,44,1,47,1,55,65,2,123,64,6,70,193
08/16/2011,GJT,CO,ANM,WE,Federal Contract Tower,7,45,22,1,75,0,0,62,0,62,7,45,84,1,137,70,0,70,207
08/17/2011,GJT,CO,ANM,WE,Federal Contract Tower,2,54,24,2,82,0,0,62,0,62,2,54,86,2,144,56,0,56,200
08/18/2011,GJT,CO,ANM,WE,Federal Contract Tower,7,54,28,10,99,0,0,70,0,70,7,54,98,10,169,42,2,44,213
08/19/2011,GJT,CO,ANM,WE,Federal Contract Tower,4,46,16,11,77,0,0,80,5,85,4,46,96,16,162,74,20,94,256
08/20/2011,GJT,CO,ANM,WE,Federal Contract Tower,1,33,7,3,44,0,0,53,1,54,1,33,60,4,98,56,0,56,154
08/21/2011,GJT,CO,ANM,WE,Federal Contract Tower,4,55,10,2,71,0,0,35,0,35,4,55,45,2,106,22,0,22,128
08/22/2011,GJT,CO,ANM,WE,Federal Contract Tower,1,44,19,4,68,0,0,52,3,55,1,44,71,7,123,44,12,56,179
08/23/2011,GJT,CO,ANM,WE,Federal Contract Tower,1,40,15,2,58,0,0,79,0,79,1,40,94,2,137,68,16,84,221
08/24/2011,GJT,CO,ANM,WE,Federal Contract Tower,2,44,14,3,63,0,1,44,16,61,2,45,58,19,124,40,0,40,164
08/25/2011,GJT,CO,ANM,WE,Federal Contract Tower,7,50,17,9,83,0,1,49,3,53,7,51,66,12,136,16,0,16,152
08/26/2011,GJT,CO,ANM,WE,Federal Contract Tower,2,51,14,4,71,0,0,65,1,66,2,51,79,5,137,84,0,84,221
08/27/2011,GJT,CO,ANM,WE,Federal Contract Tower,1,30,12,11,54,0,0,47,3,50,1,30,59,14,104,0,16,16,120
08/28/2011,GJT,CO,ANM,WE,Federal Contract Tower,5,41,10,4,60,0,0,17,0,17,5,41,27,4,77,8,0,8,85
08/29/2011,GJT,CO,ANM,WE,Federal Contract Tower,1,43,22,6,72,0,2,39,3,44,1,45,61,9,116,34,0,34,150
08/30/2011,GJT,CO,ANM,WE,Federal Contract Tower,2,39,21,4,66,0,0,71,1,72,2,39,92,5,138,56,4,60,198
08/31/2011,GJT,CO,ANM,WE,Federal Contract Tower,3,46,14,0,63,0,0,65,4,69,3,46,79,4,132,40,0,40,172
09/01/2011,GJT,CO,ANM,WE,Federal Contract Tower,5,51,16,17,89,0,0,83,8,91,5,51,99,25,180,14,0,14,194
09/02/2011,GJT,CO,ANM,WE,Federal Contract Tower,6,50,20,5,81,0,0,93,1,94,6,50,113,6,175,42,14,56,231
09/03/2011,GJT,CO,ANM,WE,Federal Contract Tower,2,26,9,1,38,0,0,96,0,96,2,26,105,1,134,34,0,34,168
09/04/2011,GJT,CO,ANM,WE,Federal Contract Tower,2,26,5,4,37,0,1,40,0,41,2,27,45,4,78,12,0,12,90
09/05/2011,GJT,CO,ANM,WE,Federal Contract Tower,0,41,11,0,52,0,0,58,1,59,0,41,69,1,111,46,0,46,157
09/06/2011,GJT,CO,ANM,WE,Federal Contract Tower,1,58,22,4,85,0,0,15,0,15,1,58,37,4,100,0,0,0,100
09/07/2011,GJT,CO,ANM,WE,Federal Contract Tower,2,50,10,0,62,0,2,53,1,56,2,52,63,1,118,62,12,74,192
09/08/2011,GJT,CO,ANM,WE,Federal Contract Tower,9,54,13,9,85,0,0,48,1,49,9,54,61,10,134,68,10,78,212
09/09/2011,GJT,CO,ANM,WE,Federal Contract Tower,1,48,27,17,93,0,1,68,0,69,1,49,95,17,162,54,2,56,218
09/10/2011,GJT,CO,ANM,WE,Federal Contract Tower,1,29,10,12,52,0,0,61,10,71,1,29,71,22,123,30,8,38,161
09/11/2011,GJT,CO,ANM,WE,Federal Contract Tower,2,37,7,11,57,0,1,37,3,41,2,38,44,14,98,26,0,26,124
09/12/2011,GJT,CO,ANM,WE,Federal Contract Tower,3,39,24,5,71,0,0,27,5,32,3,39,51,10,103,28,20,48,151
09/13/2011,GJT,CO,ANM,WE,Federal Contract Tower,3,46,27,7,83,0,0,48,2,50,3,46,75,9,133,36,14,50,183
09/14/2011,GJT,CO,ANM,WE,Federal Contract Tower,2,45,18,3,68,0,0,50,0,50,2,45,68,3,118,48,0,48,166
09/15/2011,GJT,CO,ANM,WE,Federal Contract Tower,5,50,28,10,93,0,0,36,2,38,5,50,64,12,131,10,16,26,157
09/16/2011,GJT,CO,ANM,WE,Federal Contract Tower,6,52,26,4,88,0,0,62,6,68,6,52,88,10,156,32,0,32,188
09/17/2011,GJT,CO,ANM,WE,Federal Contract Tower,1,29,11,6,47,0,0,24,0,24,1,29,35,6,71,26,0,26,97
09/18/2011,GJT,CO,ANM,WE,Federal Contract Tower,3,37,2,4,46,0,3,61,0,64,3,40,63,4,110,14,0,14,124
09/19/2011,GJT,CO,ANM,WE,Federal Contract Tower,3,42,22,1,68,0,0,65,0,65,3,42,87,1,133,14,0,14,147
09/20/2011,GJT,CO,ANM,WE,Federal Contract Tower,3,40,15,2,60,0,0,45,0,45,3,40,60,2,105,8,0,8,113
09/21/2011,GJT,CO,ANM,WE,Federal Contract Tower,5,38,13,0,56,0,0,62,1,63,5,38,75,1,119,54,8,62,181
09/22/2011,GJT,CO,ANM,WE,Federal Contract Tower,8,47,24,4,83,0,2,48,0,50,8,49,72,4,133,12,0,12,145
09/23/2011,GJT,CO,ANM,WE,Federal Contract Tower,0,51,21,3,75,0,0,62,1,63,0,51,83,4,138,8,8,16,154
09/24/2011,GJT,CO,ANM,WE,Federal Contract Tower,1,34,9,7,51,0,2,66,2,70,1,36,75,9,121,70,10,80,201
09/25/2011,GJT,CO,ANM,WE,Federal Contract Tower,2,39,10,1,52,0,0,56,1,57,2,39,66,2,109,20,0,20,129
09/26/2011,GJT,CO,ANM,WE,Federal Contract Tower,2,48,19,6,75,0,0,46,0,46,2,48,65,6,121,16,2,18,139
09/27/2011,GJT,CO,ANM,WE,Federal Contract Tower,3,43,24,5,75,0,0,55,0,55,3,43,79,5,130,0,0,0,130
09/28/2011,GJT,CO,ANM,WE,Federal Contract Tower,1,45,19,4,69,0,2,68,0,70,1,47,87,4,139,14,4,18,157
09/29/2011,GJT,CO,ANM,WE,Federal Contract Tower,5,47,14,6,72,0,2,62,0,64,5,49,76,6,136,54,0,54,190
09/30/2011,GJT,CO,ANM,WE,Federal Contract Tower,2,47,23,8,80,0,0,53,2,55,2,47,76,10,135,8,0,8,143
10/01/2011,GJT,CO,ANM,WE,Federal Contract Tower,1,26,7,2,36,0,0,49,0,49,1,26,56,2,85,28,0,28,113
10/02/2011,GJT,CO,ANM,WE,Federal Contract Tower,3,38,18,2,61,0,0,48,0,48,3,38,66,2,109,22,0,22,131
10/03/2011,GJT,CO,ANM,WE,Federal Contract Tower,2,41,23,0,66,0,0,43,0,43,2,41,66,0,109,10,0,10,119
10/04/2011,GJT,CO,ANM,WE,Federal Contract Tower,4,36,22,2,64,0,0,26,0,26,4,36,48,2,90,14,0,14,104
10/05/2011,GJT,CO,ANM,WE,Federal Contract Tower,2,51,19,0,72,0,0,19,0,19,2,51,38,0,91,18,0,18,109
10/06/2011,GJT,CO,ANM,WE,Federal Contract Tower,5,53,19,8,85,0,0,6,0,6,5,53,25,8,91,0,0,0,91
10/07/2011,GJT,CO,ANM,WE,Federal Contract Tower,4,46,25,10,85,0,0,54,1,55,4,46,79,11,140,18,2,20,160
10/08/2011,GJT,CO,ANM,WE,Federal Contract Tower,5,24,19,12,60,0,0,7,0,7,5,24,26,12,67,16,0,16,83
10/09/2011,GJT,CO,ANM,WE,Federal Contract Tower,4,34,16,3,57,0,1,54,0,55,4,35,70,3,112,28,0,28,140
10/10/2011,GJT,CO,ANM,WE,Federal Contract Tower,3,41,15,5,64,0,0,51,0,51,3,41,66,5,115,26,0,26,141
10/11/2011,GJT,CO,ANM,WE,Federal Contract Tower,4,37,24,4,69,0,0,49,0,49,4,37,73,4,118,52,0,52,170
10/12/2011,GJT,CO,ANM,WE,Federal Contract Tower,2,47,19,0,68,0,0,46,0,46,2,47,65,0,114,14,0,14,128
10/13/2011,GJT,CO,ANM,WE,Federal Contract Tower,4,52,20,3,79,0,0,50,0,50,4,52,70,3,129,14,0,14,143
10/14/2011,GJT,CO,ANM,WE,Federal Contract Tower,6,46,17,7,76,0,0,67,5,72,6,46,84,12,148,28,36,64,212
10/15/2011,GJT,CO,ANM,WE,Federal Contract Tower,1,26,5,20,52,0,0,62,7,69,1,26,67,27,121,20,44,64,185
10/16/2011,GJT,CO,ANM,WE,Federal Contract Tower,3,36,9,11,59,0,1,43,1,45,3,37,52,12,104,6,18,24,128
10/17/2011,GJT,CO,ANM,WE,Federal Contract Tower,5,40,20,4,69,0,0,28,0,28,5,40,48,4,97,22,0,22,119
10/18/2011,GJT,CO,ANM,WE,Federal Contract Tower,3,40,21,0,64,0,3,71,2,76,3,43,92,2,140,22,0,22,162
10/19/2011,GJT,CO,ANM,WE,Federal Contract Tower,2,39,18,9,68,0,1,63,0,64,2,40,81,9,132,24,4,28,160
10/20/2011,GJT,CO,ANM,WE,Federal Contract Tower,5,44,18,8,75,0,1,54,2,57,5,45,72,10,132,42,4,46,178
10/21/2011,GJT,CO,ANM,WE,Federal Contract Tower,2,49,15,13,79,0,1,89,1,91,2,50,104,14,170,30,20,50,220
10/22/2011,GJT,CO,ANM,WE,Federal Contract Tower,1,29,2,4,36,0,0,53,0,53,1,29,55,4,89,32,0,32,121
10/23/2011,GJT,CO,ANM,WE,Federal Contract Tower,3,39,9,4,55,0,0,67,0,67,3,39,76,4,122,42,0,42,164
10/24/2011,GJT,CO,ANM,WE,Federal Contract Tower,3,37,15,2,57,0,0,44,0,44,3,37,59,2,101,14,2,16,117
10/25/2011,GJT,CO,ANM,WE,Federal Contract Tower,3,44,28,4,79,0,0,41,0,41,3,44,69,4,120,24,0,24,144
10/26/2011,GJT,CO,ANM,WE,Federal Contract Tower,7,53,20,0,80,0,0,7,0,7,7,53,27,0,87,12,0,12,99
10/27/2011,GJT,CO,ANM,WE,Federal Contract Tower,10,49,22,1,82,0,0,44,0,44,10,49,66,1,126,26,0,26,152
10/28/2011,GJT,CO,ANM,WE,Federal Contract Tower,2,45,14,4,65,0,3,56,2,61,2,48,70,6,126,20,0,20,146
10/29/2011,GJT,CO,ANM,WE,Federal Contract Tower,6,31,3,6,46,0,0,43,6,49,6,31,46,12,95,34,30,64,159
10/30/2011,GJT,CO,ANM,WE,Federal Contract Tower,6,27,13,10,56,0,0,44,0,44,6,27,57,10,100,26,0,26,126
10/31/2011,GJT,CO,ANM,WE,Federal Contract Tower,2,33,17,0,52,0,1,42,0,43,2,34,59,0,95,2,0,2,97
11/01/2011,GJT,CO,ANM,WE,Federal Contract Tower,2,41,21,1,65,0,0,26,2,28,2,41,47,3,93,10,6,16,109
11/02/2011,GJT,CO,ANM,WE,Federal Contract Tower,1,43,11,3,58,0,2,22,1,25,1,45,33,4,83,14,8,22,105
11/03/2011,GJT,CO,ANM,WE,Federal Contract Tower,4,51,15,5,75,0,1,43,0,44,4,52,58,5,119,38,12,50,169
11/04/2011,GJT,CO,ANM,WE,Federal Contract Tower,2,40,8,0,50,0,0,25,0,25,2,40,33,0,75,30,0,30,105
11/05/2011,GJT,CO,ANM,WE,Federal Contract Tower,3,36,4,2,45,0,0,0,0,0,3,36,4,2,45,0,0,0,45
11/06/2011,GJT,CO,ANM,WE,Federal Contract Tower,2,35,14,2,53,0,0,23,0,23,2,35,37,2,76,14,0,14,90
11/07/2011,GJT,CO,ANM,WE,Federal Contract Tower,3,36,18,5,62,0,0,12,0,12,3,36,30,5,74,18,12,30,104
11/08/2011,GJT,CO,ANM,WE,Federal Contract Tower,2,45,12,9,68,0,0,37,0,37,2,45,49,9,105,0,0,0,105
11/09/2011,GJT,CO,ANM,WE,Federal Contract Tower,4,45,24,5,78,0,0,55,0,55,4,45,79,5,133,19,0,19,152
11/10/2011,GJT,CO,ANM,WE,Federal Contract Tower,6,42,13,13,74,0,1,42,0,43,6,43,55,13,117,26,2,28,145
11/11/2011,GJT,CO,ANM,WE,Federal Contract Tower,2,42,12,7,63,0,0,61,2,63,2,42,73,9,126,50,0,50,176
11/12/2011,GJT,CO,ANM,WE,Federal Contract Tower,1,26,2,0,29,0,0,13,0,13,1,26,15,0,42,0,0,0,42
11/13/2011,GJT,CO,ANM,WE,Federal Contract Tower,7,30,10,0,47,0,0,6,0,6,7,30,16,0,53,0,0,0,53
11/14/2011,GJT,CO,ANM,WE,Federal Contract Tower,2,40,13,4,59,0,1,32,0,33,2,41,45,4,92,14,0,14,106
11/15/2011,GJT,CO,ANM,WE,Federal Contract Tower,2,45,19,4,70,0,0,32,1,33,2,45,51,5,103,30,10,40,143
11/16/2011,GJT,CO,ANM,WE,Federal Contract Tower,2,46,22,5,75,0,0,31,0,31,2,46,53,5,106,8,12,20,126
11/17/2011,GJT,CO,ANM,WE,Federal Contract Tower,6,45,13,6,70,0,1,48,2,51,6,46,61,8,121,14,6,20,141
11/18/2011,GJT,CO,ANM,WE,Federal Contract Tower,4,40,14,1,59,0,1,38,4,43,4,41,52,5,102,14,2,16,118
11/19/2011,GJT,CO,ANM,WE,Federal Contract Tower,3,43,22,0,68,0,0,9,0,9,3,43,31,0,77,22,0,22,99
11/20/2011,GJT,CO,ANM,WE,Federal Contract Tower,4,43,10,4,61,0,0,9,4,13,4,43,19,8,74,0,14,14,88
11/21/2011,GJT,CO,ANM,WE,Federal Contract Tower,1,41,7,2,51,0,2,9,0,11,1,43,16,2,62,0,0,0,62
11/22/2011,GJT,CO,ANM,WE,Federal Contract Tower,2,46,12,1,61,0,0,50,1,51,2,46,62,2,112,2,8,10,122
11/23/2011,GJT,CO,ANM,WE,Federal Contract Tower,5,48,10,2,65,0,0,40,0,40,5,48,50,2,105,2,4,6,111
11/24/2011,GJT,CO,ANM,WE,Federal Contract Tower,0,20,0,0,20,0,0,20,0,20,0,20,20,0,40,0,0,0,40
11/25/2011,GJT,CO,ANM,WE,Federal Contract Tower,3,34,8,0,45,0,0,20,0,20,3,34,28,0,65,8,0,8,73
11/26/2011,GJT,CO,ANM,WE,Federal Contract Tower,3,28,5,0,36,0,0,43,0,43,3,28,48,0,79,8,0,8,87
11/27/2011,GJT,CO,ANM,WE,Federal Contract Tower,4,36,9,0,49,0,0,39,0,39,4,36,48,0,88,0,0,0,88
11/28/2011,GJT,CO,ANM,WE,Federal Contract Tower,3,36,20,10,69,0,0,40,1,41,3,36,60,11,110,6,0,6,116
11/29/2011,GJT,CO,ANM,WE,Federal Contract Tower,3,31,13,5,52,0,2,48,0,50,3,33,61,5,102,0,14,14,116
11/30/2011,GJT,CO,ANM,WE,Federal Contract Tower,2,34,12,6,54,1,1,54,0,56,3,35,66,6,110,4,2,6,116
12/01/2011,GJT,CO,ANM,WE,Federal Contract Tower,6,44,13,1,64,0,1,15,0,16,6,45,28,1,80,34,0,34,114
12/02/2011,GJT,CO,ANM,WE,Federal Contract Tower,2,39,13,10,64,0,0,19,0,19,2,39,32,10,83,8,6,14,97
12/03/2011,GJT,CO,ANM,WE,Federal Contract Tower,2,22,6,0,30,0,0,8,2,10,2,22,14,2,40,12,4,16,56
12/04/2011,GJT,CO,ANM,WE,Federal Contract Tower,4,35,8,3,50,0,2,18,4,24,4,37,26,7,74,46,0,46,120
12/05/2011,GJT,CO,ANM,WE,Federal Contract Tower,1,42,12,5,60,0,0,26,1,27,1,42,38,6,87,8,0,8,95
12/06/2011,GJT,CO,ANM,WE,Federal Contract Tower,3,43,17,3,66,0,2,38,0,40,3,45,55,3,106,30,0,30,136
12/07/2011,GJT,CO,ANM,WE,Federal Contract Tower,4,36,7,0,47,0,0,47,0,47,4,36,54,0,94,12,0,12,106
12/08/2011,GJT,CO,ANM,WE,Federal Contract Tower,5,41,8,4,58,0,0,34,0,34,5,41,42,4,92,0,52,52,144
12/09/2011,GJT,CO,ANM,WE,Federal Contract Tower,3,53,17,3,76,0,0,33,0,33,3,53,50,3,109,22,0,22,131
12/10/2011,GJT,CO,ANM,WE,Federal Contract Tower,1,23,6,21,51,0,0,45,9,54,1,23,51,30,105,12,18,30,135
12/11/2011,GJT,CO,ANM,WE,Federal Contract Tower,7,35,12,2,56,0,2,42,0,44,7,37,54,2,100,6,0,6,106
12/12/2011,GJT,CO,ANM,WE,Federal Contract Tower,2,44,19,0,65,0,0,44,2,46,2,44,63,2,111,10,2,12,123
12/13/2011,GJT,CO,ANM,WE,Federal Contract Tower,4,41,33,2,80,0,0,3,0,3,4,41,36,2,83,8,0,8,91
12/14/2011,GJT,CO,ANM,WE,Federal Contract Tower,4,47,24,0,75,0,1,8,0,9,4,48,32,0,84,14,0,14,98
12/15/2011,GJT,CO,ANM,WE,Federal Contract Tower,8,56,16,16,96,0,0,34,1,35,8,56,50,17,131,8,6,14,145
12/16/2011,GJT,CO,ANM,WE,Federal Contract Tower,8,40,10,2,60,0,1,51,0,52,8,41,61,2,112,58,0,58,170
12/17/2011,GJT,CO,ANM,WE,Federal Contract Tower,1,35,13,0,49,0,0,27,0,27,1,35,40,0,76,28,0,28,104
12/18/2011,GJT,CO,ANM,WE,Federal Contract Tower,4,40,12,6,62,0,0,28,0,28,4,40,40,6,90,44,0,44,134
12/19/2011,GJT,CO,ANM,WE,Federal Contract Tower,1,45,8,11,65,0,0,25,1,26,1,45,33,12,91,36,6,42,133
12/20/2011,GJT,CO,ANM,WE,Federal Contract Tower,3,51,18,2,74,0,0,39,0,39,3,51,57,2,113,10,0,10,123
12/21/2011,GJT,CO,ANM,WE,Federal Contract Tower,8,45,23,8,84,0,0,24,0,24,8,45,47,8,108,24,18,42,150
12/22/2011,GJT,CO,ANM,WE,Federal Contract Tower,8,54,13,2,77,0,0,2,0,2,8,54,15,2,79,4,0,4,83
12/23/2011,GJT,CO,ANM,WE,Federal Contract Tower,4,60,17,0,81,0,0,49,0,49,4,60,66,0,130,8,0,8,138
12/24/2011,GJT,CO,ANM,WE,Federal Contract Tower,1,27,3,0,31,0,0,17,0,17,1,27,20,0,48,0,0,0,48
12/25/2011,GJT,CO,ANM,WE,Federal Contract Tower,3,30,2,0,35,0,0,12,0,12,3,30,14,0,47,4,0,4,51
12/26/2011,GJT,CO,ANM,WE,Federal Contract Tower,0,45,30,0,75,0,0,26,0,26,0,45,56,0,101,22,0,22,123
12/27/2011,GJT,CO,ANM,WE,Federal Contract Tower,3,56,15,2,76,0,1,46,0,47,3,57,61,2,123,28,0,28,151
12/28/2011,GJT,CO,ANM,WE,Federal Contract Tower,3,49,12,3,67,0,0,38,1,39,3,49,50,4,106,36,8,44,150
12/29/2011,GJT,CO,ANM,WE,Federal Contract Tower,5,46,13,0,64,0,0,24,0,24,5,46,37,0,88,18,0,18,106
12/30/2011,GJT,CO,ANM,WE,Federal Contract Tower,1,47,18,0,66,0,0,34,0,34,1,47,52,0,100,72,0,72,172
12/31/2011,GJT,CO,ANM,WE,Federal Contract Tower,7,39,8,0,54,0,0,10,0,10,7,39,18,0,64,4,0,4,68
01/01/2012,GJT,CO,ANM,WE,Federal Contract Tower,5,47,11,0,63,0,0,33,0,33,5,47,44,0,96,34,0,34,130
01/02/2012,GJT,CO,ANM,WE,Federal Contract Tower,2,46,10,0,58,0,2,44,0,46,2,48,54,0,104,66,0,66,170
01/03/2012,GJT,CO,ANM,WE,Federal Contract Tower,2,39,18,2,61,0,0,43,0,43,2,39,61,2,104,36,0,36,140
01/04/2012,GJT,CO,ANM,WE,Federal Contract Tower,2,39,4,0,45,0,0,50,0,50,2,39,54,0,95,22,0,22,117
01/05/2012,GJT,CO,ANM,WE,Federal Contract Tower,6,43,5,11,65,0,0,53,1,54,6,43,58,12,119,36,10,46,165
01/06/2012,GJT,CO,ANM,WE,Federal Contract Tower,2,49,3,4,58,0,0,63,0,63,2,49,66,4,121,60,0,60,181
01/07/2012,GJT,CO,ANM,WE,Federal Contract Tower,1,67,31,11,110,0,0,4,4,8,1,67,35,15,118,8,0,8,126
01/08/2012,GJT,CO,ANM,WE,Federal Contract Tower,6,37,9,8,60,0,0,33,0,33,6,37,42,8,93,28,0,28,121
01/09/2012,GJT,CO,ANM,WE,Federal Contract Tower,1,36,7,5,49,0,3,41,0,44,1,39,48,5,93,34,0,34,127
01/10/2012,GJT,CO,ANM,WE,Federal Contract Tower,2,39,15,8,64,0,0,49,0,49,2,39,64,8,113,70,18,88,201
01/11/2012,GJT,CO,ANM,WE,Federal Contract Tower,10,44,16,7,77,0,0,41,0,41,10,44,57,7,118,30,18,48,166
01/12/2012,GJT,CO,ANM,WE,Federal Contract Tower,8,46,13,6,73,0,1,42,2,45,8,47,55,8,118,64,8,72,190
01/13/2012,GJT,CO,ANM,WE,Federal Contract Tower,2,45,12,4,63,0,0,55,0,55,2,45,67,4,118,24,8,32,150
01/14/2012,GJT,CO,ANM,WE,Federal Contract Tower,1,31,2,0,34,0,0,29,0,29,1,31,31,0,63,56,0,56,119
01/15/2012,GJT,CO,ANM,WE,Federal Contract Tower,4,28,5,7,44,0,1,36,0,37,4,29,41,7,81,4,0,4,85
01/16/2012,GJT,CO,ANM,WE,Federal Contract Tower,7,56,22,2,87,0,0,3,0,3,7,56,25,2,90,0,0,0,90
01/17/2012,GJT,CO,ANM,WE,Federal Contract Tower,2,44,13,8,67,0,0,37,1,38,2,44,50,9,105,26,6,32,137
01/18/2012,GJT,CO,ANM,WE,Federal Contract Tower,2,41,18,2,63,0,0,38,2,40,2,41,56,4,103,38,0,38,141
01/19/2012,GJT,CO,ANM,WE,Federal Contract Tower,6,53,15,1,75,0,0,24,0,24,6,53,39,1,99,28,0,28,127
01/20/2012,GJT,CO,ANM,WE,Federal Contract Tower,2,37,19,2,60,0,0,25,2,27,2,37,44,4,87,60,0,60,147
01/21/2012,GJT,CO,ANM,WE,Federal Contract Tower,7,35,4,2,48,0,0,2,0,2,7,35,6,2,50,0,0,0,50
01/22/2012,GJT,CO,ANM,WE,Federal Contract Tower,6,30,4,6,46,0,0,19,0,19,6,30,23,6,65,12,0,12,77
01/23/2012,GJT,CO,ANM,WE,Federal Contract Tower,1,40,17,2,60,0,0,26,0,26,1,40,43,2,86,20,0,20,106
01/24/2012,GJT,CO,ANM,WE,Federal Contract Tower,2,44,16,2,64,0,0,13,0,13,2,44,29,2,77,20,0,20,97
01/25/2012,GJT,CO,ANM,WE,Federal Contract Tower,4,44,9,1,58,0,0,43,0,43,4,44,52,1,101,32,0,32,133
01/26/2012,GJT,CO,ANM,WE,Federal Contract Tower,7,35,20,5,67,0,0,51,0,51,7,35,71,5,118,62,0,62,180
01/27/2012,GJT,CO,ANM,WE,Federal Contract Tower,2,45,16,4,67,0,0,36,0,36,2,45,52,4,103,12,0,12,115
01/28/2012,GJT,CO,ANM,WE,Federal Contract Tower,1,30,11,6,48,0,1,42,0,43,1,31,53,6,91,26,0,26,117
01/29/2012,GJT,CO,ANM,WE,Federal Contract Tower,4,33,4,9,50,0,0,30,0,30,4,33,34,9,80,22,0,22,102
01/30/2012,GJT,CO,ANM,WE,Federal Contract Tower,1,44,11,13,69,0,0,52,0,52,1,44,63,13,121,18,20,38,159
01/31/2012,GJT,CO,ANM,WE,Federal Contract Tower,2,42,19,2,65,0,0,44,0,44,2,42,63,2,109,8,0,8,117
02/01/2012,GJT,CO,ANM,WE,Federal Contract Tower,2,47,22,8,79,0,0,52,0,52,2,47,74,8,131,36,10,46,177
02/02/2012,GJT,CO,ANM,WE,Federal Contract Tower,6,38,6,2,52,0,0,7,0,7,6,38,13,2,59,4,0,4,63
02/03/2012,GJT,CO,ANM,WE,Federal Contract Tower,2,40,9,3,54,0,2,18,1,21,2,42,27,4,75,8,14,22,97
02/04/2012,GJT,CO,ANM,WE,Federal Contract Tower,1,27,12,2,42,0,0,25,2,27,1,27,37,4,69,40,0,40,109
02/05/2012,GJT,CO,ANM,WE,Federal Contract Tower,4,28,4,8,44,0,2,26,11,39,4,30,30,19,83,30,20,50,133
02/06/2012,GJT,CO,ANM,WE,Federal Contract Tower,7,45,15,2,69,0,0,13,0,13,7,45,28,2,82,14,0,14,96
02/07/2012,GJT,CO,ANM,WE,Federal Contract Tower,2,43,11,0,56,0,0,43,0,43,2,43,54,0,99,12,0,12,111
02/08/2012,GJT,CO,ANM,WE,Federal Contract Tower,2,46,12,10,70,0,0,42,0,42,2,46,54,10,112,26,2,28,140
02/09/2012,GJT,CO,ANM,WE,Federal Contract Tower,11,41,23,2,77,0,0,17,2,19,11,41,40,4,96,16,0,16,112
02/10/2012,GJT,CO,ANM,WE,Federal Contract Tower,2,45,13,14,74,0,0,34,0,34,2,45,47,14,108,52,14,66,174
02/11/2012,GJT,CO,ANM,WE,Federal Contract Tower,1,30,6,0,37,0,3,38,0,41,1,33,44,0,78,48,0,48,126
02/12/2012,GJT,CO,ANM,WE,Federal Contract Tower,4,35,14,0,53,0,3,13,0,16,4,38,27,0,69,14,0,14,83
02/13/2012,GJT,CO,ANM,WE,Federal Contract Tower,1,51,16,0,68,0,0,6,0,6,1,51,22,0,74,0,0,0,74
02/14/2012,GJT,CO,ANM,WE,Federal Contract Tower,2,47,10,0,59,0,0,17,0,17,2,47,27,0,76,0,0,0,76
02/15/2012,GJT,CO,ANM,WE,Federal Contract Tower,3,48,18,4,73,0,0,28,0,28,3,48,46,4,101,36,0,36,137
02/16/2012,GJT,CO,ANM,WE,Federal Contract Tower,6,50,21,4,81,0,0,50,3,53,6,50,71,7,134,58,10,68,202
02/17/2012,GJT,CO,ANM,WE,Federal Contract Tower,2,42,19,2,65,0,0,47,1,48,2,42,66,3,113,30,0,30,143
02/18/2012,GJT,CO,ANM,WE,Federal Contract Tower,3,31,9,22,65,0,1,54,6,61,3,32,63,28,126,58,24,82,208
02/19/2012,GJT,CO,ANM,WE,Federal Contract Tower,4,31,8,3,46,0,1,0,0,1,4,32,8,3,47,0,0,0,47
02/20/2012,GJT,CO,ANM,WE,Federal Contract Tower,1,49,19,1,70,0,1,27,0,28,1,50,46,1,98,10,0,10,108
02/21/2012,GJT,CO,ANM,WE,Federal Contract Tower,2,49,15,8,74,0,0,30,0,30,2,49,45,8,104,16,0,16,120
02/22/2012,GJT,CO,ANM,WE,Federal Contract Tower,2,40,10,12,64,0,2,34,1,37,2,42,44,13,101,10,0,10,111
02/23/2012,GJT,CO,ANM,WE,Federal Contract Tower,10,54,20,4,88,0,0,4,0,4,10,54,24,4,92,12,0,12,104
02/24/2012,GJT,CO,ANM,WE,Federal Contract Tower,2,42,23,8,75,0,0,58,0,58,2,42,81,8,133,20,0,20,153
02/25/2012,GJT,CO,ANM,WE,Federal Contract Tower,7,42,8,11,68,0,0,24,3,27,7,42,32,14,95,16,4,20,115
02/26/2012,GJT,CO,ANM,WE,Federal Contract Tower,6,36,9,10,61,0,0,41,0,41,6,36,50,10,102,38,2,40,142
02/27/2012,GJT,CO,ANM,WE,Federal Contract Tower,3,41,23,2,69,0,0,26,0,26,3,41,49,2,95,48,0,48,143
02/28/2012,GJT,CO,ANM,WE,Federal Contract Tower,7,47,19,1,74,0,0,9,0,9,7,47,28,1,83,4,0,4,87
02/29/2012,GJT,CO,ANM,WE,Federal Contract Tower,2,48,13,2,65,0,0,43,6,49,2,48,56,8,114,18,0,18,132
03/01/2012,GJT,CO,ANM,WE,Federal Contract Tower,11,70,24,2,107,0,0,4,0,4,11,70,28,2,111,20,0,20,131
03/02/2012,GJT,CO,ANM,WE,Federal Contract Tower,7,52,14,9,82,0,0,6,0,6,7,52,20,9,88,0,6,6,94
03/03/2012,GJT,CO,ANM,WE,Federal Contract Tower,2,32,5,4,43,0,3,46,2,51,2,35,51,6,94,14,2,16,110
03/04/2012,GJT,CO,ANM,WE,Federal Contract Tower,4,31,4,11,50,0,3,41,1,45,4,34,45,12,95,32,0,32,127
03/05/2012,GJT,CO,ANM,WE,Federal Contract Tower,5,40,14,0,59,0,2,25,0,27,5,42,39,0,86,40,0,40,126
03/06/2012,GJT,CO,ANM,WE,Federal Contract Tower,2,40,20,2,64,0,0,35,0,35,2,40,55,2,99,40,0,40,139
03/07/2012,GJT,CO,ANM,WE,Federal Contract Tower,2,40,14,2,58,0,0,20,0,20,2,40,34,2,78,24,0,24,102
03/08/2012,GJT,CO,ANM,WE,Federal Contract Tower,8,47,24,2,81,0,0,40,5,45,8,47,64,7,126,66,24,90,216
03/09/2012,GJT,CO,ANM,WE,Federal Contract Tower,2,37,20,11,70,0,0,75,0,75,2,37,95,11,145,66,0,66,211
03/10/2012,GJT,CO,ANM,WE,Federal Contract Tower,3,32,3,9,47,0,0,42,4,46,3,32,45,13,93,24,20,44,137
03/11/2012,GJT,CO,ANM,WE,Federal Contract Tower,4,37,12,8,61,0,0,50,0,50,4,37,62,8,111,30,0,30,141
03/12/2012,GJT,CO,ANM,WE,Federal Contract Tower,1,43,18,0,62,0,2,36,2,40,1,45,54,2,102,26,0,26,128
03/13/2012,GJT,CO,ANM,WE,Federal Contract Tower,4,41,12,6,63,0,0,37,0,37,4,41,49,6,100,18,0,18,118
03/14/2012,GJT,CO,ANM,WE,Federal Contract Tower,2,47,9,7,65,0,1,39,0,40,2,48,48,7,105,50,4,54,159
03/15/2012,GJT,CO,ANM,WE,Federal Contract Tower,6,41,9,6,62,0,0,56,0,56,6,41,65,6,118,52,0,52,170
03/16/2012,GJT,CO,ANM,WE,Federal Contract Tower,2,39,13,2,56,0,0,44,0,44,2,39,57,2,100,4,0,4,104
03/17/2012,GJT,CO,ANM,WE,Federal Contract Tower,3,33,7,2,45,0,0,5,1,6,3,33,12,3,51,0,8,8,59
03/18/2012,GJT,CO,ANM,WE,Federal Contract Tower,4,45,12,2,63,0,0,5,0,5,4,45,17,2,68,4,0,4,72
03/19/2012,GJT,CO,ANM,WE,Federal Contract Tower,1,48,23,4,76,0,0,9,0,9,1,48,32,4,85,10,0,10,95
03/20/2012,GJT,CO,ANM,WE,Federal Contract Tower,4,49,22,6,81,0,1,32,2,35,4,50,54,8,116,30,0,30,146
03/21/2012,GJT,CO,ANM,WE,Federal Contract Tower,2,40,17,19,78,0,0,47,3,50,2,40,64,22,128,24,48,72,200
03/22/2012,GJT,CO,ANM,WE,Federal Contract Tower,6,45,12,5,68,0,0,52,0,52,6,45,64,5,120,66,0,66,186
03/23/2012,GJT,CO,ANM,WE,Federal Contract Tower,2,44,16,3,65,0,1,62,3,66,2,45,78,6,131,68,4,72,203
03/24/2012,GJT,CO,ANM,WE,Federal Contract Tower,1,30,0,7,38,0,0,40,0,40,1,30,40,7,78,16,0,16,94
03/25/2012,GJT,CO,ANM,WE,Federal Contract Tower,4,35,10,2,51,0,0,24,0,24,4,35,34,2,75,4,0,4,79
03/26/2012,GJT,CO,ANM,WE,Federal Contract Tower,1,42,10,7,60,0,0,6,8,14,1,42,16,15,74,0,0,0,74
03/27/2012,GJT,CO,ANM,WE,Federal Contract Tower,2,39,10,15,66,0,0,71,4,75,2,39,81,19,141,50,14,64,205
03/28/2012,GJT,CO,ANM,WE,Federal Contract Tower,2,39,9,0,50,0,0,50,1,51,2,39,59,1,101,40,8,48,149
03/29/2012,GJT,CO,ANM,WE,Federal Contract Tower,8,42,16,8,74,0,0,49,0,49,8,42,65,8,123,38,0,38,161
03/30/2012,GJT,CO,ANM,WE,Federal Contract Tower,2,42,5,0,49,0,0,47,0,47,2,42,52,0,96,32,0,32,128
03/31/2012,GJT,CO,ANM,WE,Federal Contract Tower,1,33,10,7,51,0,0,39,2,41,1,33,49,9,92,40,0,40,132
04/01/2012,GJT,CO,ANM,WE,Federal Contract Tower,4,31,7,10,52,0,3,15,0,18,4,34,22,10,70,10,0,10,80
04/02/2012,GJT,CO,ANM,WE,Federal Contract Tower,3,38,16,6,63,0,0,12,0,12,3,38,28,6,75,4,0,4,79
04/03/2012,GJT,CO,ANM,WE,Federal Contract Tower,2,39,16,3,60,0,1,41,0,42,2,40,57,3,102,50,32,82,184
04/04/2012,GJT,CO,ANM,WE,Federal Contract Tower,2,50,12,4,68,0,1,46,0,47,2,51,58,4,115,20,0,20,135
04/05/2012,GJT,CO,ANM,WE,Federal Contract Tower,8,42,16,5,71,0,2,37,0,39,8,44,53,5,110,2,0,2,112
04/06/2012,GJT,CO,ANM,WE,Federal Contract Tower,4,50,20,12,86,0,1,12,0,13,4,51,32,12,99,0,0,0,99
04/07/2012,GJT,CO,ANM,WE,Federal Contract Tower,4,29,6,13,52,0,0,46,0,46,4,29,52,13,98,34,0,34,132
04/08/2012,GJT,CO,ANM,WE,Federal Contract Tower,6,27,5,0,38,0,2,34,0,36,6,29,39,0,74,28,0,28,102
04/09/2012,GJT,CO,ANM,WE,Federal Contract Tower,1,41,7,2,51,0,1,52,0,53,1,42,59,2,104,22,0,22,126
04/10/2012,GJT,CO,ANM,WE,Federal Contract Tower,2,38,12,14,66,0,1,55,1,57,2,39,67,15,123,20,12,32,155
04/11/2012,GJT,CO,ANM,WE,Federal Contract Tower,2,46,11,4,63,0,0,30,6,36,2,46,41,10,99,29,0,29,128
04/12/2012,GJT,CO,ANM,WE,Federal Contract Tower,7,44,23,5,79,0,0,24,0,24,7,44,47,5,103,40,0,40,143
04/13/2012,GJT,CO,ANM,WE,Federal Contract Tower,2,47,15,9,73,0,0,30,2,32,2,47,45,11,105,26,0,26,131
04/14/2012,GJT,CO,ANM,WE,Federal Contract Tower,1,30,3,2,36,0,0,11,0,11,1,30,14,2,47,16,0,16,63
04/15/2012,GJT,CO,ANM,WE,Federal Contract Tower,4,34,8,1,47,0,0,7,0,7,4,34,15,1,54,0,0,0,54
04/16/2012,GJT,CO,ANM,WE,Federal Contract Tower,1,43,16,1,61,0,1,43,0,44,1,44,59,1,105,48,0,48,153
04/17/2012,GJT,CO,ANM,WE,Federal Contract Tower,2,40,17,0,59,0,0,52,0,52,2,40,69,0,111,56,10,66,177
04/18/2012,GJT,CO,ANM,WE,Federal Contract Tower,2,41,20,6,69,0,0,36,0,36,2,41,56,6,105,56,0,56,161
04/19/2012,GJT,CO,ANM,WE,Federal Contract Tower,5,49,20,2,76,0,2,25,0,27,5,51,45,2,103,30,0,30,133
04/20/2012,GJT,CO,ANM,WE,Federal Contract Tower,2,38,15,14,69,0,3,55,4,62,2,41,70,18,131,32,8,40,171
04/21/2012,GJT,CO,ANM,WE,Federal Contract Tower,1,31,4,20,56,0,0,26,4,30,1,31,30,24,86,32,42,74,160
04/22/2012,GJT,CO,ANM,WE,Federal Contract Tower,4,34,14,4,56,0,0,36,0,36,4,34,50,4,92,18,0,18,110
04/23/2012,GJT,CO,ANM,WE,Federal Contract Tower,1,42,13,7,63,0,0,34,0,34,1,42,47,7,97,36,6,42,139
04/24/2012,GJT,CO,ANM,WE,Federal Contract Tower,2,38,10,4,54,0,1,46,2,49,2,39,56,6,103,52,4,56,159
04/25/2012,GJT,CO,ANM,WE,Federal Contract Tower,1,38,16,2,57,0,0,47,0,47,1,38,63,2,104,18,4,22,126
04/26/2012,GJT,CO,ANM,WE,Federal Contract Tower,6,38,8,5,57,0,0,21,1,22,6,38,29,6,79,14,4,18,97
04/27/2012,GJT,CO,ANM,WE,Federal Contract Tower,4,43,18,9,74,0,1,28,1,30,4,44,46,10,104,18,0,18,122
04/28/2012,GJT,CO,ANM,WE,Federal Contract Tower,1,30,5,0,36,0,0,45,0,45,1,30,50,0,81,46,0,46,127
04/29/2012,GJT,CO,ANM,WE,Federal Contract Tower,5,35,11,7,58,0,0,59,4,63,5,35,70,11,121,36,2,38,159
04/30/2012,GJT,CO,ANM,WE,Federal Contract Tower,3,37,11,2,53,0,0,33,2,35,3,37,44,4,88,20,0,20,108
05/01/2012,GJT,CO,ANM,WE,Federal Contract Tower,2,40,18,0,60,0,0,31,0,31,2,40,49,0,91,42,0,42,133
05/02/2012,GJT,CO,ANM,WE,Federal Contract Tower,2,47,18,3,70,0,0,36,1,37,2,47,54,4,107,22,18,40,147
05/03/2012,GJT,CO,ANM,WE,Federal Contract Tower,9,45,9,4,67,0,0,48,0,48,9,45,57,4,115,26,4,30,145
05/04/2012,GJT,CO,ANM,WE,Federal Contract Tower,2,42,19,4,67,0,0,45,0,45,2,42,64,4,112,24,2,26,138
05/05/2012,GJT,CO,ANM,WE,Federal Contract Tower,1,32,9,5,47,0,0,42,7,49,1,32,51,12,96,14,24,38,134
05/06/2012,GJT,CO,ANM,WE,Federal Contract Tower,6,32,6,3,47,0,0,40,2,42,6,32,46,5,89,0,0,0,89
05/07/2012,GJT,CO,ANM,WE,Federal Contract Tower,2,46,18,0,66,0,2,37,0,39,2,48,55,0,105,19,0,19,124
05/08/2012,GJT,CO,ANM,WE,Federal Contract Tower,2,43,16,3,64,0,0,43,11,54,2,43,59,14,118,26,0,26,144
05/09/2012,GJT,CO,ANM,WE,Federal Contract Tower,2,51,18,2,73,0,0,62,1,63,2,51,80,3,136,14,24,38,174
05/10/2012,GJT,CO,ANM,WE,Federal Contract Tower,6,47,16,4,73,0,0,51,11,62,6,47,67,15,135,28,38,66,201
05/11/2012,GJT,CO,ANM,WE,Federal Contract Tower,4,39,15,10,68,0,2,46,0,48,4,41,61,10,116,34,0,34,150
05/12/2012,GJT,CO,ANM,WE,Federal Contract Tower,1,33,5,8,47,0,0,36,6,42,1,33,41,14,89,28,28,56,145
05/13/2012,GJT,CO,ANM,WE,Federal Contract Tower,4,34,8,3,49,0,0,31,1,32,4,34,39,4,81,0,2,2,83
05/14/2012,GJT,CO,ANM,WE,Federal Contract Tower,1,41,15,3,60,0,4,48,0,52,1,45,63,3,112,0,0,0,112
05/15/2012,GJT,CO,ANM,WE,Federal Contract Tower,1,39,16,5,61,0,0,58,0,58,1,39,74,5,119,72,4,76,195
05/16/2012,GJT,CO,ANM,WE,Federal Contract Tower,2,42,16,2,62,0,2,35,0,37,2,44,51,2,99,14,0,14,113
05/17/2012,GJT,CO,ANM,WE,Federal Contract Tower,2,47,15,4,68,0,0,67,1,68,2,47,82,5,136,56,4,60,196
05/18/2012,GJT,CO,ANM,WE,Federal Contract Tower,6,35,17,2,60,0,0,22,0,22,6,35,39,2,82,4,0,4,86
05/19/2012,GJT,CO,ANM,WE,Federal Contract Tower,0,33,9,18,60,0,0,34,2,36,0,33,43,20,96,14,12,26,122
05/20/2012,GJT,CO,ANM,WE,Federal Contract Tower,0,35,10,11,56,0,0,45,0,45,0,35,55,11,101,56,0,56,157
05/21/2012,GJT,CO,ANM,WE,Federal Contract Tower,5,41,14,0,60,0,0,49,0,49,5,41,63,0,109,24,0,24,133
05/22/2012,GJT,CO,ANM,WE,Federal Contract Tower,2,44,13,16,75,0,0,33,3,36,2,44,46,19,111,16,0,16,127
05/23/2012,GJT,CO,ANM,WE,Federal Contract Tower,2,50,10,12,74,0,0,27,1,28,2,50,37,13,102,10,6,16,118
05/24/2012,GJT,CO,ANM,WE,Federal Contract Tower,2,43,14,8,67,0,0,44,1,45,2,43,58,9,112,38,40,78,190
05/25/2012,GJT,CO,ANM,WE,Federal Contract Tower,8,48,7,6,69,0,0,7,0,7,8,48,14,6,76,26,0,26,102
05/26/2012,GJT,CO,ANM,WE,Federal Contract Tower,3,24,2,0,29,0,0,6,0,6,3,24,8,0,35,0,0,0,35
05/27/2012,GJT,CO,ANM,WE,Federal Contract Tower,0,26,4,0,30,0,0,42,0,42,0,26,46,0,72,8,0,8,80
05/28/2012,GJT,CO,ANM,WE,Federal Contract Tower,4,37,5,5,51,0,3,72,1,76,4,40,77,6,127,22,2,24,151
05/29/2012,GJT,CO,ANM,WE,Federal Contract Tower,1,41,8,6,56,0,0,50,1,51,1,41,58,7,107,50,4,54,161
05/30/2012,GJT,CO,ANM,WE,Federal Contract Tower,2,52,8,6,68,0,0,58,0,58,2,52,66,6,126,40,0,40,166
05/31/2012,GJT,CO,ANM,WE,Federal Contract Tower,2,40,11,4,57,0,0,77,0,77,2,40,88,4,134,56,0,56,190
06/01/2012,GJT,CO,ANM,WE,Federal Contract Tower,4,43,13,4,64,0,0,66,4,70,4,43,79,8,134,32,0,32,166
06/02/2012,GJT,CO,ANM,WE,Federal Contract Tower,3,35,7,0,45,0,0,69,0,69,3,35,76,0,114,8,0,8,122
06/03/2012,GJT,CO,ANM,WE,Federal Contract Tower,0,33,9,8,50,0,0,61,0,61,0,33,70,8,111,18,0,18,129
06/04/2012,GJT,CO,ANM,WE,Federal Contract Tower,3,49,13,0,65,0,2,59,0,61,3,51,72,0,126,11,0,11,137
06/05/2012,GJT,CO,ANM,WE,Federal Contract Tower,2,38,12,4,56,0,0,51,0,51,2,38,63,4,107,22,0,22,129
06/06/2012,GJT,CO,ANM,WE,Federal Contract Tower,7,44,11,7,69,0,0,47,2,49,7,44,58,9,118,32,0,32,150
06/07/2012,GJT,CO,ANM,WE,Federal Contract Tower,2,37,9,9,57,0,0,60,1,61,2,37,69,10,118,22,16,38,156
06/08/2012,GJT,CO,ANM,WE,Federal Contract Tower,6,48,17,19,90,1,0,66,0,67,7,48,83,19,157,8,0,8,165
06/09/2012,GJT,CO,ANM,WE,Federal Contract Tower,1,33,3,11,48,0,0,25,3,28,1,33,28,14,76,0,4,4,80
06/10/2012,GJT,CO,ANM,WE,Federal Contract Tower,0,41,10,2,53,0,0,52,4,56,0,41,62,6,109,22,8,30,139
06/11/2012,GJT,CO,ANM,WE,Federal Contract Tower,8,47,24,0,79,0,0,55,0,55,8,47,79,0,134,6,0,6,140
06/12/2012,GJT,CO,ANM,WE,Federal Contract Tower,2,44,19,0,65,0,0,45,0,45,2,44,64,0,110,6,0,6,116
06/13/2012,GJT,CO,ANM,WE,Federal Contract Tower,2,37,14,2,55,0,1,43,0,44,2,38,57,2,99,22,0,22,121
06/14/2012,GJT,CO,ANM,WE,Federal Contract Tower,4,43,16,8,71,0,1,50,0,51,4,44,66,8,122,44,14,58,180
06/15/2012,GJT,CO,ANM,WE,Federal Contract Tower,6,48,18,6,78,0,0,62,0,62,6,48,80,6,140,50,24,74,214
06/16/2012,GJT,CO,ANM,WE,Federal Contract Tower,1,32,8,2,43,0,0,49,0,49,1,32,57,2,92,14,0,14,106
06/17/2012,GJT,CO,ANM,WE,Federal Contract Tower,2,36,11,1,50,0,2,51,4,57,2,38,62,5,107,18,0,18,125
06/18/2012,GJT,CO,ANM,WE,Federal Contract Tower,7,48,13,28,96,0,2,41,0,43,7,50,54,28,139,28,12,40,179
06/19/2012,GJT,CO,ANM,WE,Federal Contract Tower,4,48,15,2,69,0,2,69,0,71,4,50,84,2,140,54,0,54,194
06/20/2012,GJT,CO,ANM,WE,Federal Contract Tower,3,42,26,2,73,0,0,62,0,62,3,42,88,2,135,22,0,22,157
06/21/2012,GJT,CO,ANM,WE,Federal Contract Tower,4,41,19,9,73,0,0,43,0,43,4,41,62,9,116,16,0,16,132
06/22/2012,GJT,CO,ANM,WE,Federal Contract Tower,8,44,29,0,81,0,1,53,2,56,8,45,82,2,137,6,0,6,143
06/23/2012,GJT,CO,ANM,WE,Federal Contract Tower,1,27,8,0,36,0,0,34,0,34,1,27,42,0,70,8,0,8,78
06/24/2012,GJT,CO,ANM,WE,Federal Contract Tower,2,38,17,4,61,0,1,48,0,49,2,39,65,4,110,6,0,6,116
06/25/2012,GJT,CO,ANM,WE,Federal Contract Tower,7,45,22,7,81,0,0,62,0,62,7,45,84,7,143,28,0,28,171
06/26/2012,GJT,CO,ANM,WE,Federal Contract Tower,2,46,20,1,69,0,0,47,1,48,2,46,67,2,117,30,0,30,147
06/27/2012,GJT,CO,ANM,WE,Federal Contract Tower,6,52,43,2,103,0,2,59,4,65,6,54,102,6,168,14,0,14,182
06/28/2012,GJT,CO,ANM,WE,Federal Contract Tower,5,54,16,0,75,0,1,203,1,205,5,55,219,1,280,22,0,22,302
06/29/2012,GJT,CO,ANM,WE,Federal Contract Tower,5,54,18,5,82,0,0,121,5,126,5,54,139,10,208,18,0,18,226
06/30/2012,GJT,CO,ANM,WE,Federal Contract Tower,1,40,18,3,62,0,0,105,1,106,1,40,123,4,168,18,0,18,186
07/01/2012,GJT,CO,ANM,WE,Federal Contract Tower,0,39,7,8,54,0,8,54,0,62,0,47,61,8,116,10,0,10,126
07/02/2012,GJT,CO,ANM,WE,Federal Contract Tower,7,51,14,10,82,0,3,61,0,64,7,54,75,10,146,20,10,30,176
07/03/2012,GJT,CO,ANM,WE,Federal Contract Tower,4,47,11,0,62,0,0,72,0,72,4,47,83,0,134,20,0,20,154
07/04/2012,GJT,CO,ANM,WE,Federal Contract Tower,0,29,3,0,32,0,0,50,0,50,0,29,53,0,82,2,0,2,84
07/05/2012,GJT,CO,ANM,WE,Federal Contract Tower,2,45,13,0,60,0,0,58,0,58,2,45,71,0,118,6,0,6,124
07/06/2012,GJT,CO,ANM,WE,Federal Contract Tower,6,50,15,15,86,0,0,49,1,50,6,50,64,16,136,10,16,26,162
07/07/2012,GJT,CO,ANM,WE,Federal Contract Tower,3,36,2,2,43,0,0,34,0,34,3,36,36,2,77,12,0,12,89
07/08/2012,GJT,CO,ANM,WE,Federal Contract Tower,2,40,9,4,55,0,2,45,0,47,2,42,54,4,102,0,0,0,102
07/09/2012,GJT,CO,ANM,WE,Federal Contract Tower,6,47,13,0,66,0,1,40,0,41,6,48,53,0,107,2,0,2,109
07/10/2012,GJT,CO,ANM,WE,Federal Contract Tower,2,54,11,8,75,0,0,68,0,68,2,54,79,8,143,36,8,44,187
07/11/2012,GJT,CO,ANM,WE,Federal Contract Tower,6,47,22,2,77,0,0,70,2,72,6,47,92,4,149,16,0,16,165
07/12/2012,GJT,CO,ANM,WE,Federal Contract Tower,4,48,21,5,78,0,0,75,1,76,4,48,96,6,154,34,0,34,188
07/13/2012,GJT,CO,ANM,WE,Federal Contract Tower,5,54,18,2,79,0,2,53,1,56,5,56,71,3,135,22,0,22,157
07/14/2012,GJT,CO,ANM,WE,Federal Contract Tower,1,36,5,4,46,0,0,29,0,29,1,36,34,4,75,48,0,48,123
07/15/2012,GJT,CO,ANM,WE,Federal Contract Tower,2,34,15,1,52,0,3,20,1,24,2,37,35,2,76,20,2,22,98
07/16/2012,GJT,CO,ANM,WE,Federal Contract Tower,7,49,22,2,80,0,0,36,0,36,7,49,58,2,116,16,6,22,138
07/17/2012,GJT,CO,ANM,WE,Federal Contract Tower,2,46,17,2,67,0,0,59,0,59,2,46,76,2,126,4,10,14,140
07/18/2012,GJT,CO,ANM,WE,Federal Contract Tower,1,49,13,7,70,0,0,162,6,168,1,49,175,13,238,18,0,18,256
07/19/2012,GJT,CO,ANM,WE,Federal Contract Tower,4,50,22,4,80,0,0,188,0,188,4,50,210,4,268,16,0,16,284
07/20/2012,GJT,CO,ANM,WE,Federal Contract Tower,7,43,13,5,68,0,0,99,0,99,7,43,112,5,167,16,0,16,183
07/21/2012,GJT,CO,ANM,WE,Federal Contract Tower,1,33,6,2,42,0,0,88,0,88,1,33,94,2,130,42,0,42,172
07/22/2012,GJT,CO,ANM,WE,Federal Contract Tower,0,41,20,2,63,0,3,90,0,93,0,44,110,2,156,16,0,16,172
07/23/2012,GJT,CO,ANM,WE,Federal Contract Tower,5,43,19,1,68,0,0,75,3,78,5,43,94,4,146,48,0,48,194
07/24/2012,GJT,CO,ANM,WE,Federal Contract Tower,2,47,27,1,77,0,0,43,1,44,2,47,70,2,121,30,0,30,151
07/25/2012,GJT,CO,ANM,WE,Federal Contract Tower,2,51,25,11,89,0,0,45,2,47,2,51,70,13,136,10,4,14,150
07/26/2012,GJT,CO,ANM,WE,Federal Contract Tower,4,52,16,3,75,0,0,68,2,70,4,52,84,5,145,38,0,38,183
07/27/2012,GJT,CO,ANM,WE,Federal Contract Tower,5,47,24,9,85,0,1,41,0,42,5,48,65,9,127,36,0,36,163
07/28/2012,GJT,CO,ANM,WE,Federal Contract Tower,1,33,2,5,41,0,0,60,4,64,1,33,62,9,105,78,14,92,197
07/29/2012,GJT,CO,ANM,WE,Federal Contract Tower,0,39,23,4,66,0,0,37,0,37,0,39,60,4,103,24,0,24,127
07/30/2012,GJT,CO,ANM,WE,Federal Contract Tower,5,47,19,0,71,0,0,53,0,53,5,47,72,0,124,8,0,8,132
07/31/2012,GJT,CO,ANM,WE,Federal Contract Tower,2,45,13,0,60,0,0,55,0,55,2,45,68,0,115,34,0,34,149
08/01/2012,GJT,CO,ANM,WE,Federal Contract Tower,2,42,24,2,70,0,0,55,2,57,2,42,79,4,127,16,0,16,143
08/02/2012,GJT,CO,ANM,WE,Federal Contract Tower,2,43,17,4,66,0,0,49,1,50,2,43,66,5,116,30,0,30,146
08/03/2012,GJT,CO,ANM,WE,Federal Contract Tower,6,41,15,2,64,0,0,58,0,58,6,41,73,2,122,12,0,12,134
08/04/2012,GJT,CO,ANM,WE,Federal Contract Tower,1,33,6,0,40,0,0,64,0,64,1,33,70,0,104,24,0,24,128
08/05/2012,GJT,CO,ANM,WE,Federal Contract Tower,0,36,18,3,57,0,0,46,2,48,0,36,64,5,105,34,0,34,139
08/06/2012,GJT,CO,ANM,WE,Federal Contract Tower,5,44,18,7,74,0,0,47,0,47,5,44,65,7,121,6,0,6,127
08/07/2012,GJT,CO,ANM,WE,Federal Contract Tower,2,43,21,14,80,0,0,58,0,58,2,43,79,14,138,12,0,12,150
08/08/2012,GJT,CO,ANM,WE,Federal Contract Tower,1,42,13,4,60,0,0,54,7,61,1,42,67,11,121,12,0,12,133
08/09/2012,GJT,CO,ANM,WE,Federal Contract Tower,2,40,18,7,67,0,1,76,2,79,2,41,94,9,146,8,2,10,156
08/10/2012,GJT,CO,ANM,WE,Federal Contract Tower,6,43,22,2,73,0,0,41,0,41,6,43,63,2,114,38,0,38,152
08/11/2012,GJT,CO,ANM,WE,Federal Contract Tower,2,33,14,5,54,0,0,58,3,61,2,33,72,8,115,42,0,42,157
08/12/2012,GJT,CO,ANM,WE,Federal Contract Tower,0,41,19,9,69,0,0,44,1,45,0,41,63,10,114,24,0,24,138
08/13/2012,GJT,CO,ANM,WE,Federal Contract Tower,5,48,23,3,79,0,1,26,2,29,5,49,49,5,108,24,14,38,146
08/14/2012,GJT,CO,ANM,WE,Federal Contract Tower,2,43,21,0,66,0,0,59,4,63,2,43,80,4,129,28,4,32,161
08/15/2012,GJT,CO,ANM,WE,Federal Contract Tower,2,45,21,3,71,0,0,49,0,49,2,45,70,3,120,36,4,40,160
08/16/2012,GJT,CO,ANM,WE,Federal Contract Tower,2,50,24,2,78,0,0,54,0,54,2,50,78,2,132,10,0,10,142
08/17/2012,GJT,CO,ANM,WE,Federal Contract Tower,4,48,10,2,64,0,0,50,2,52,4,48,60,4,116,8,0,8,124
08/18/2012,GJT,CO,ANM,WE,Federal Contract Tower,1,29,6,2,38,0,4,43,0,47,1,33,49,2,85,8,0,8,93
08/19/2012,GJT,CO,ANM,WE,Federal Contract Tower,0,33,14,6,53,0,0,48,0,48,0,33,62,6,101,14,0,14,115
08/20/2012,GJT,CO,ANM,WE,Federal Contract Tower,5,56,24,2,87,0,0,57,0,57,5,56,81,2,144,36,0,36,180
08/21/2012,GJT,CO,ANM,WE,Federal Contract Tower,2,37,16,2,57,0,1,71,0,72,2,38,87,2,129,28,4,32,161
08/22/2012,GJT,CO,ANM,WE,Federal Contract Tower,2,41,24,0,67,0,0,43,0,43,2,41,67,0,110,36,0,36,146
08/23/2012,GJT,CO,ANM,WE,Federal Contract Tower,5,43,19,2,69,0,0,32,0,32,5,43,51,2,101,24,0,24,125
08/24/2012,GJT,CO,ANM,WE,Federal Contract Tower,4,42,13,2,61,0,0,43,1,44,4,42,56,3,105,22,36,58,163
08/25/2012,GJT,CO,ANM,WE,Federal Contract Tower,1,27,12,1,41,0,0,48,1,49,1,27,60,2,90,20,4,24,114
08/26/2012,GJT,CO,ANM,WE,Federal Contract Tower,0,32,9,4,45,0,1,42,4,47,0,33,51,8,92,34,0,34,126
08/27/2012,GJT,CO,ANM,WE,Federal Contract Tower,4,48,18,4,74,0,0,41,0,41,4,48,59,4,115,16,22,38,153
08/28/2012,GJT,CO,ANM,WE,Federal Contract Tower,2,35,16,5,58,0,0,46,0,46,2,35,62,5,104,28,0,28,132
08/29/2012,GJT,CO,ANM,WE,Federal Contract Tower,1,40,24,4,69,0,1,61,0,62,1,41,85,4,131,52,2,54,185
08/30/2012,GJT,CO,ANM,WE,Federal Contract Tower,2,42,26,1,71,0,0,38,3,41,2,42,64,4,112,58,0,58,170
08/31/2012,GJT,CO,ANM,WE,Federal Contract Tower,4,39,12,1,56,0,5,43,0,48,4,44,55,1,104,10,0,10,114
09/01/2012,GJT,CO,ANM,WE,Federal Contract Tower,1,25,8,2,36,0,0,30,0,30,1,25,38,2,66,10,0,10,76
09/02/2012,GJT,CO,ANM,WE,Federal Contract Tower,0,29,5,6,40,0,4,27,1,32,0,33,32,7,72,34,4,38,110
09/03/2012,GJT,CO,ANM,WE,Federal Contract Tower,2,37,9,2,50,0,0,37,0,37,2,37,46,2,87,14,0,14,101
09/04/2012,GJT,CO,ANM,WE,Federal Contract Tower,1,50,24,5,80,0,0,58,3,61,1,50,82,8,141,26,18,44,185
09/05/2012,GJT,CO,ANM,WE,Federal Contract Tower,2,46,24,6,78,0,1,60,0,61,2,47,84,6,139,36,6,42,181
09/06/2012,GJT,CO,ANM,WE,Federal Contract Tower,6,43,12,0,61,0,0,55,2,57,6,43,67,2,118,38,0,38,156
09/07/2012,GJT,CO,ANM,WE,Federal Contract Tower,2,47,11,0,60,0,0,31,0,31,2,47,42,0,91,18,0,18,109
09/08/2012,GJT,CO,ANM,WE,Federal Contract Tower,3,29,14,0,46,0,0,38,3,41,3,29,52,3,87,18,12,30,117
09/09/2012,GJT,CO,ANM,WE,Federal Contract Tower,2,28,7,0,37,0,0,32,0,32,2,28,39,0,69,6,0,6,75
09/10/2012,GJT,CO,ANM,WE,Federal Contract Tower,1,42,20,3,66,0,1,40,1,42,1,43,60,4,108,22,0,22,130
09/11/2012,GJT,CO,ANM,WE,Federal Contract Tower,2,47,18,0,67,0,0,37,0,37,2,47,55,0,104,24,0,24,128
09/12/2012,GJT,CO,ANM,WE,Federal Contract Tower,4,44,20,1,69,0,0,38,1,39,4,44,58,2,108,6,10,16,124
09/13/2012,GJT,CO,ANM,WE,Federal Contract Tower,4,44,25,1,74,0,1,53,0,54,4,45,78,1,128,10,0,10,138
09/14/2012,GJT,CO,ANM,WE,Federal Contract Tower,2,53,17,3,75,0,0,43,0,43,2,53,60,3,118,32,0,32,150
09/15/2012,GJT,CO,ANM,WE,Federal Contract Tower,1,29,10,13,53,0,0,56,3,59,1,29,66,16,112,0,30,30,142
09/16/2012,GJT,CO,ANM,WE,Federal Contract Tower,2,32,6,10,50,0,0,42,0,42,2,32,48,10,92,30,0,30,122
09/17/2012,GJT,CO,ANM,WE,Federal Contract Tower,1,40,15,5,61,0,0,36,2,38,1,40,51,7,99,2,16,18,117
09/18/2012,GJT,CO,ANM,WE,Federal Contract Tower,2,41,13,4,60,0,2,49,1,52,2,43,62,5,112,22,0,22,134
09/19/2012,GJT,CO,ANM,WE,Federal Contract Tower,2,48,32,10,92,0,0,62,6,68,2,48,94,16,160,40,2,42,202
09/20/2012,GJT,CO,ANM,WE,Federal Contract Tower,4,36,10,2,52,0,0,55,3,58,4,36,65,5,110,22,4,26,136
09/21/2012,GJT,CO,ANM,WE,Federal Contract Tower,2,37,10,6,55,0,0,25,1,26,2,37,35,7,81,6,2,8,89
09/22/2012,GJT,CO,ANM,WE,Federal Contract Tower,1,30,11,1,43,0,1,23,2,26,1,31,34,3,69,2,0,2,71
09/23/2012,GJT,CO,ANM,WE,Federal Contract Tower,2,28,10,4,44,0,2,24,5,31,2,30,34,9,75,2,0,2,77
09/24/2012,GJT,CO,ANM,WE,Federal Contract Tower,1,44,12,5,62,0,0,32,3,35,1,44,44,8,97,20,0,20,117
09/25/2012,GJT,CO,ANM,WE,Federal Contract Tower,2,37,13,2,54,0,0,15,2,17,2,37,28,4,71,13,0,13,84
09/26/2012,GJT,CO,ANM,WE,Federal Contract Tower,2,45,15,4,66,0,0,27,0,27,2,45,42,4,93,32,0,32,125
09/27/2012,GJT,CO,ANM,WE,Federal Contract Tower,4,44,22,8,78,0,0,44,1,45,4,44,66,9,123,58,0,58,181
09/28/2012,GJT,CO,ANM,WE,Federal Contract Tower,2,44,6,11,63,0,0,51,5,56,2,44,57,16,119,12,20,32,151
09/29/2012,GJT,CO,ANM,WE,Federal Contract Tower,1,27,6,4,38,0,0,45,4,49,1,27,51,8,87,4,16,20,107
09/30/2012,GJT,CO,ANM,WE,Federal Contract Tower,2,31,10,4,47,0,5,43,0,48,2,36,53,4,95,10,0,10,105
10/01/2012,GJT,CO,ANM,WE,Federal Contract Tower,1,42,28,6,77,0,0,44,0,44,1,42,72,6,121,10,0,10,131
10/02/2012,GJT,CO,ANM,WE,Federal Contract Tower,2,40,20,2,64,0,0,46,0,46,2,40,66,2,110,10,0,10,120
10/03/2012,GJT,CO,ANM,WE,Federal Contract Tower,4,50,18,6,78,0,0,58,0,58,4,50,76,6,136,48,8,56,192
10/04/2012,GJT,CO,ANM,WE,Federal Contract Tower,4,38,23,2,67,0,0,57,1,58,4,38,80,3,125,20,0,20,145
10/05/2012,GJT,CO,ANM,WE,Federal Contract Tower,2,41,12,4,59,0,0,58,1,59,2,41,70,5,118,42,20,62,180
10/06/2012,GJT,CO,ANM,WE,Federal Contract Tower,4,29,6,4,43,0,0,60,3,63,4,29,66,7,106,34,18,52,158
10/07/2012,GJT,CO,ANM,WE,Federal Contract Tower,3,29,9,0,41,0,0,38,0,38,3,29,47,0,79,10,0,10,89
10/08/2012,GJT,CO,ANM,WE,Federal Contract Tower,1,51,12,0,64,0,2,70,0,72,1,53,82,0,136,38,0,38,174
10/09/2012,GJT,CO,ANM,WE,Federal Contract Tower,2,41,16,2,61,0,0,52,2,54,2,41,68,4,115,76,0,76,191
10/10/2012,GJT,CO,ANM,WE,Federal Contract Tower,2,44,19,0,65,0,0,42,0,42,2,44,61,0,107,2,0,2,109
10/11/2012,GJT,CO,ANM,WE,Federal Contract Tower,3,42,30,3,78,0,3,62,0,65,3,45,92,3,143,62,0,62,205
10/12/2012,GJT,CO,ANM,WE,Federal Contract Tower,3,40,25,0,68,0,0,11,0,11,3,40,36,0,79,28,0,28,107
10/13/2012,GJT,CO,ANM,WE,Federal Contract Tower,2,33,2,0,37,0,0,14,0,14,2,33,16,0,51,22,0,22,73
10/14/2012,GJT,CO,ANM,WE,Federal Contract Tower,4,32,10,2,48,0,3,53,0,56,4,35,63,2,104,0,0,0,104
10/15/2012,GJT,CO,ANM,WE,Federal Contract Tower,2,42,16,11,71,0,1,55,2,58,2,43,71,13,129,26,8,34,163
10/16/2012,GJT,CO,ANM,WE,Federal Contract Tower,2,40,20,5,67,0,0,63,1,64,2,40,83,6,131,34,8,42,173
10/17/2012,GJT,CO,ANM,WE,Federal Contract Tower,2,50,23,2,77,0,3,46,1,50,2,53,69,3,127,34,2,36,163
10/18/2012,GJT,CO,ANM,WE,Federal Contract Tower,4,40,18,5,67,0,2,71,0,73,4,42,89,5,140,98,0,98,238
10/19/2012,GJT,CO,ANM,WE,Federal Contract Tower,1,45,11,8,65,0,0,39,2,41,1,45,50,10,106,26,10,36,142
10/20/2012,GJT,CO,ANM,WE,Federal Contract Tower,1,28,7,2,38,0,0,48,0,48,1,28,55,2,86,8,0,8,94
10/21/2012,GJT,CO,ANM,WE,Federal Contract Tower,2,32,11,15,60,0,2,35,0,37,2,34,46,15,97,0,0,0,97
10/22/2012,GJT,CO,ANM,WE,Federal Contract Tower,2,38,13,2,55,0,0,31,3,34,2,38,44,5,89,36,58,94,183
10/23/2012,GJT,CO,ANM,WE,Federal Contract Tower,2,43,10,13,68,0,0,30,2,32,2,43,40,15,100,20,6,26,126
10/24/2012,GJT,CO,ANM,WE,Federal Contract Tower,2,41,20,2,65,0,1,21,0,22,2,42,41,2,87,14,0,14,101
10/25/2012,GJT,CO,ANM,WE,Federal Contract Tower,3,43,17,2,65,0,0,33,1,34,3,43,50,3,99,28,4,32,131
10/26/2012,GJT,CO,ANM,WE,Federal Contract Tower,2,42,9,8,61,0,0,38,3,41,2,42,47,11,102,24,0,24,126
10/27/2012,GJT,CO,ANM,WE,Federal Contract Tower,1,26,7,4,38,0,0,38,8,46,1,26,45,12,84,34,48,82,166
10/28/2012,GJT,CO,ANM,WE,Federal Contract Tower,2,26,8,2,38,0,0,55,8,63,2,26,63,10,101,12,0,12,113
10/29/2012,GJT,CO,ANM,WE,Federal Contract Tower,1,33,10,7,51,0,0,50,2,52,1,33,60,9,103,50,14,64,167
10/30/2012,GJT,CO,ANM,WE,Federal Contract Tower,2,40,18,3,63,0,0,51,1,52,2,40,69,4,115,68,0,68,183
10/31/2012,GJT,CO,ANM,WE,Federal Contract Tower,2,40,20,2,64,0,2,45,2,49,2,42,65,4,113,62,0,62,175
11/01/2012,GJT,CO,ANM,WE,Federal Contract Tower,4,44,23,10,81,0,0,48,0,48,4,44,71,10,129,38,0,38,167
11/02/2012,GJT,CO,ANM,WE,Federal Contract Tower,2,40,16,1,59,0,0,41,0,41,2,40,57,1,100,12,0,12,112
11/03/2012,GJT,CO,ANM,WE,Federal Contract Tower,1,29,6,6,42,0,0,40,9,49,1,29,46,15,91,28,14,42,133
11/04/2012,GJT,CO,ANM,WE,Federal Contract Tower,2,30,6,3,41,0,0,41,0,41,2,30,47,3,82,18,0,18,100
11/05/2012,GJT,CO,ANM,WE,Federal Contract Tower,1,37,13,7,58,0,0,51,0,51,1,37,64,7,109,24,0,24,133
11/06/2012,GJT,CO,ANM,WE,Federal Contract Tower,2,44,20,5,71,0,0,51,0,51,2,44,71,5,122,32,0,32,154
11/07/2012,GJT,CO,ANM,WE,Federal Contract Tower,2,43,14,2,61,0,0,43,0,43,2,43,57,2,104,24,4,28,132
11/08/2012,GJT,CO,ANM,WE,Federal Contract Tower,4,40,25,5,74,0,0,49,0,49,4,40,74,5,123,40,0,40,163
11/09/2012,GJT,CO,ANM,WE,Federal Contract Tower,2,40,17,9,68,0,0,2,0,2,2,40,19,9,70,0,2,2,72
11/10/2012,GJT,CO,ANM,WE,Federal Contract Tower,1,30,7,0,38,0,0,6,0,6,1,30,13,0,44,6,0,6,50
11/11/2012,GJT,CO,ANM,WE,Federal Contract Tower,2,32,8,2,44,0,0,12,1,13,2,32,20,3,57,0,8,8,65
11/12/2012,GJT,CO,ANM,WE,Federal Contract Tower,1,38,20,9,68,0,2,44,0,46,1,40,64,9,114,22,0,22,136
11/13/2012,GJT,CO,ANM,WE,Federal Contract Tower,2,41,12,0,55,0,0,46,0,46,2,41,58,0,101,50,0,50,151
11/14/2012,GJT,CO,ANM,WE,Federal Contract Tower,2,41,20,1,64,0,0,41,0,41,2,41,61,1,105,40,0,40,145
11/15/2012,GJT,CO,ANM,WE,Federal Contract Tower,4,40,21,4,69,0,0,63,2,65,4,40,84,6,134,24,0,24,158
11/16/2012,GJT,CO,ANM,WE,Federal Contract Tower,3,46,11,6,66,0,0,41,0,41,3,46,52,6,107,14,0,14,121
11/17/2012,GJT,CO,ANM,WE,Federal Contract Tower,1,32,5,3,41,0,0,30,3,33,1,32,35,6,74,4,18,22,96
11/18/2012,GJT,CO,ANM,WE,Federal Contract Tower,2,36,7,5,50,0,1,28,2,31,2,37,35,7,81,6,0,6,87
11/19/2012,GJT,CO,ANM,WE,Federal Contract Tower,1,33,20,8,62,0,0,64,3,67,1,33,84,11,129,46,12,58,187
11/20/2012,GJT,CO,ANM,WE,Federal Contract Tower,2,43,13,2,60,0,0,0,0,0,2,43,13,2,60,14,0,14,74
11/21/2012,GJT,CO,ANM,WE,Federal Contract Tower,4,44,12,0,60,0,0,41,0,41,4,44,53,0,101,24,0,24,125
11/22/2012,GJT,CO,ANM,WE,Federal Contract Tower,3,22,0,0,25,0,0,26,0,26,3,22,26,0,51,6,0,6,57
11/23/2012,GJT,CO,ANM,WE,Federal Contract Tower,2,30,3,0,35,0,0,36,0,36,2,30,39,0,71,28,0,28,99
11/24/2012,GJT,CO,ANM,WE,Federal Contract Tower,2,31,2,0,35,0,0,25,0,25,2,31,27,0,60,12,0,12,72
11/25/2012,GJT,CO,ANM,WE,Federal Contract Tower,4,29,17,0,50,0,2,36,0,38,4,31,53,0,88,6,0,6,94
11/26/2012,GJT,CO,ANM,WE,Federal Contract Tower,1,38,23,5,67,0,0,24,0,24,1,38,47,5,91,8,0,8,99
11/27/2012,GJT,CO,ANM,WE,Federal Contract Tower,6,31,6,10,53,0,1,29,2,32,6,32,35,12,85,36,12,48,133
11/28/2012,GJT,CO,ANM,WE,Federal Contract Tower,12,27,13,2,54,0,0,40,0,40,12,27,53,2,94,48,0,48,142
11/29/2012,GJT,CO,ANM,WE,Federal Contract Tower,8,36,14,6,64,0,0,48,0,48,8,36,62,6,112,32,6,38,150
11/30/2012,GJT,CO,ANM,WE,Federal Contract Tower,9,21,31,9,70,0,0,39,1,40,9,21,70,10,110,10,0,10,120
12/01/2012,GJT,CO,ANM,WE,Federal Contract Tower,4,27,8,0,39,0,0,34,0,34,4,27,42,0,73,22,0,22,95
12/02/2012,GJT,CO,ANM,WE,Federal Contract Tower,11,24,10,6,51,0,0,27,1,28,11,24,37,7,79,22,0,22,101
12/03/2012,GJT,CO,ANM,WE,Federal Contract Tower,7,30,23,9,69,0,0,34,0,34,7,30,57,9,103,30,10,40,143
12/04/2012,GJT,CO,ANM,WE,Federal Contract Tower,10,38,11,6,65,0,4,1,0,5,10,42,12,6,70,36,0,36,106
12/05/2012,GJT,CO,ANM,WE,Federal Contract Tower,13,36,9,10,68,0,0,32,0,32,13,36,41,10,100,28,8,36,136
12/06/2012,GJT,CO,ANM,WE,Federal Contract Tower,10,39,14,17,80,0,3,35,1,39,10,42,49,18,119,42,40,82,201
12/07/2012,GJT,CO,ANM,WE,Federal Contract Tower,9,29,19,7,64,0,0,26,0,26,9,29,45,7,90,54,0,54,144
12/08/2012,GJT,CO,ANM,WE,Federal Contract Tower,7,21,12,2,42,0,0,29,0,29,7,21,41,2,71,26,0,26,97
12/09/2012,GJT,CO,ANM,WE,Federal Contract Tower,5,24,12,11,52,0,0,20,0,20,5,24,32,11,72,18,10,28,100
12/10/2012,GJT,CO,ANM,WE,Federal Contract Tower,10,40,23,2,75,0,1,20,0,21,10,41,43,2,96,2,0,2,98
12/11/2012,GJT,CO,ANM,WE,Federal Contract Tower,6,40,26,14,86,0,0,34,0,34,6,40,60,14,120,58,0,58,178
12/12/2012,GJT,CO,ANM,WE,Federal Contract Tower,8,36,18,5,67,0,0,33,2,35,8,36,51,7,102,34,6,40,142
12/13/2012,GJT,CO,ANM,WE,Federal Contract Tower,8,42,12,0,62,0,0,51,1,52,8,42,63,1,114,34,0,34,148
12/14/2012,GJT,CO,ANM,WE,Federal Contract Tower,10,35,12,0,57,0,0,6,0,6,10,35,18,0,63,2,0,2,65
12/15/2012,GJT,CO,ANM,WE,Federal Contract Tower,6,30,4,0,40,0,0,5,0,5,6,30,9,0,45,12,0,12,57
12/16/2012,GJT,CO,ANM,WE,Federal Contract Tower,9,29,6,2,46,0,0,14,0,14,9,29,20,2,60,18,0,18,78
12/17/2012,GJT,CO,ANM,WE,Federal Contract Tower,11,37,23,6,77,0,0,20,0,20,11,37,43,6,97,38,6,44,141
12/18/2012,GJT,CO,ANM,WE,Federal Contract Tower,8,46,20,5,79,0,0,16,0,16,8,46,36,5,95,30,0,30,125
12/19/2012,GJT,CO,ANM,WE,Federal Contract Tower,14,47,24,6,91,0,0,10,1,11,14,47,34,7,102,16,4,20,122
12/20/2012,GJT,CO,ANM,WE,Federal Contract Tower,11,38,11,7,67,0,0,41,2,43,11,38,52,9,110,6,6,12,122
12/21/2012,GJT,CO,ANM,WE,Federal Contract Tower,4,46,14,4,68,0,0,31,1,32,4,46,45,5,100,50,6,56,156
12/22/2012,GJT,CO,ANM,WE,Federal Contract Tower,2,37,15,0,54,0,0,34,0,34,2,37,49,0,88,4,0,4,92
12/23/2012,GJT,CO,ANM,WE,Federal Contract Tower,2,30,9,0,41,0,0,25,0,25,2,30,34,0,66,4,0,4,70
12/24/2012,GJT,CO,ANM,WE,Federal Contract Tower,7,36,4,0,47,0,0,0,0,0,7,36,4,0,47,0,0,0,47
12/25/2012,GJT,CO,ANM,WE,Federal Contract Tower,2,21,3,0,26,0,0,6,0,6,2,21,9,0,32,0,0,0,32
12/26/2012,GJT,CO,ANM,WE,Federal Contract Tower,6,55,36,0,97,0,0,15,0,15,6,55,51,0,112,16,0,16,128
12/27/2012,GJT,CO,ANM,WE,Federal Contract Tower,6,45,24,3,78,0,0,2,0,2,6,45,26,3,80,4,0,4,84
12/28/2012,GJT,CO,ANM,WE,Federal Contract Tower,3,41,11,5,60,0,0,33,0,33,3,41,44,5,93,70,0,70,163
12/29/2012,GJT,CO,ANM,WE,Federal Contract Tower,6,29,4,0,39,0,0,50,0,50,6,29,54,0,89,40,0,40,129
12/30/2012,GJT,CO,ANM,WE,Federal Contract Tower,5,35,4,0,44,0,0,27,0,27,5,35,31,0,71,22,0,22,93
12/31/2012,GJT,CO,ANM,WE,Federal Contract Tower,4,42,4,0,50,0,0,19,0,19,4,42,23,0,69,38,0,38,107
01/01/2013,GJT,CO,ANM,WE,Federal Contract Tower,3,42,13,0,58,0,0,24,0,24,3,42,37,0,82,40,0,40,122
01/02/2013,GJT,CO,ANM,WE,Federal Contract Tower,4,50,9,4,67,0,0,23,0,23,4,50,32,4,90,46,0,46,136
01/03/2013,GJT,CO,ANM,WE,Federal Contract Tower,4,41,13,6,64,0,0,30,1,31,4,41,43,7,95,32,12,44,139
01/04/2013,GJT,CO,ANM,WE,Federal Contract Tower,1,45,12,3,61,0,0,33,0,33,1,45,45,3,94,70,0,70,164
01/05/2013,GJT,CO,ANM,WE,Federal Contract Tower,1,35,10,0,46,0,2,34,0,36,1,37,44,0,82,38,0,38,120
01/06/2013,GJT,CO,ANM,WE,Federal Contract Tower,6,30,10,6,52,0,2,51,0,53,6,32,61,6,105,36,0,36,141
01/07/2013,GJT,CO,ANM,WE,Federal Contract Tower,5,36,21,19,81,0,2,30,5,37,5,38,51,24,118,8,6,14,132
01/08/2013,GJT,CO,ANM,WE,Federal Contract Tower,6,32,12,12,62,0,7,0,0,7,6,39,12,12,69,44,6,50,119
01/09/2013,GJT,CO,ANM,WE,Federal Contract Tower,7,31,13,4,55,0,0,29,0,29,7,31,42,4,84,6,0,6,90
01/10/2013,GJT,CO,ANM,WE,Federal Contract Tower,6,41,10,0,57,0,0,25,2,27,6,41,35,2,84,40,0,40,124
01/11/2013,GJT,CO,ANM,WE,Federal Contract Tower,8,33,11,5,57,0,0,4,0,4,8,33,15,5,61,8,0,8,69
01/12/2013,GJT,CO,ANM,WE,Federal Contract Tower,1,27,10,4,42,0,0,28,0,28,1,27,38,4,70,40,0,40,110
01/13/2013,GJT,CO,ANM,WE,Federal Contract Tower,4,22,8,3,37,0,1,4,0,5,4,23,12,3,42,10,8,18,60
01/14/2013,GJT,CO,ANM,WE,Federal Contract Tower,6,36,16,0,58,0,0,29,0,29,6,36,45,0,87,36,0,36,123
01/15/2013,GJT,CO,ANM,WE,Federal Contract Tower,6,33,18,1,58,0,0,36,0,36,6,33,54,1,94,88,0,88,182
01/16/2013,GJT,CO,ANM,WE,Federal Contract Tower,8,43,18,2,71,0,0,32,0,32,8,43,50,2,103,24,0,24,127
01/17/2013,GJT,CO,ANM,WE,Federal Contract Tower,6,36,13,3,58,0,0,41,3,44,6,36,54,6,102,80,2,82,184
01/18/2013,GJT,CO,ANM,WE,Federal Contract Tower,14,37,15,14,80,0,1,46,0,47,14,38,61,14,127,56,16,72,199
01/19/2013,GJT,CO,ANM,WE,Federal Contract Tower,5,18,2,1,26,0,2,42,0,44,5,20,44,1,70,70,0,70,140
01/20/2013,GJT,CO,ANM,WE,Federal Contract Tower,6,24,10,2,42,0,0,35,0,35,6,24,45,2,77,34,0,34,111
01/21/2013,GJT,CO,ANM,WE,Federal Contract Tower,3,37,14,0,54,0,2,37,0,39,3,39,51,0,93,32,0,32,125
01/22/2013,GJT,CO,ANM,WE,Federal Contract Tower,6,40,16,4,66,0,0,28,0,28,6,40,44,4,94,36,0,36,130
01/23/2013,GJT,CO,ANM,WE,Federal Contract Tower,7,45,17,5,74,0,0,30,0,30,7,45,47,5,104,0,8,8,112
01/24/2013,GJT,CO,ANM,WE,Federal Contract Tower,29,45,22,9,105,0,0,17,1,18,29,45,39,10,123,34,22,56,179
01/25/2013,GJT,CO,ANM,WE,Federal Contract Tower,2,42,12,3,59,0,0,0,1,1,2,42,12,4,60,0,0,0,60
01/26/2013,GJT,CO,ANM,WE,Federal Contract Tower,0,25,11,0,36,0,0,0,0,0,0,25,11,0,36,0,0,0,36
01/27/2013,GJT,CO,ANM,WE,Federal Contract Tower,14,43,21,2,80,0,0,4,0,4,14,43,25,2,84,8,0,8,92
01/28/2013,GJT,CO,ANM,WE,Federal Contract Tower,11,57,30,5,103,0,0,4,1,5,11,57,34,6,108,20,0,20,128
01/29/2013,GJT,CO,ANM,WE,Federal Contract Tower,6,39,14,3,62,0,0,20,0,20,6,39,34,3,82,70,0,70,152
01/30/2013,GJT,CO,ANM,WE,Federal Contract Tower,15,46,18,0,79,0,0,33,1,34,15,46,51,1,113,26,6,32,145
01/31/2013,GJT,CO,ANM,WE,Federal Contract Tower,13,36,18,2,69,0,0,53,0,53,13,36,71,2,122,40,0,40,162
02/01/2013,GJT,CO,ANM,WE,Federal Contract Tower,0,17,35,0,52,0,0,46,0,46,0,17,81,0,98,74,0,74,172
02/02/2013,GJT,CO,ANM,WE,Federal Contract Tower,5,17,6,0,28,0,0,55,0,55,5,17,61,0,83,60,0,60,143
02/03/2013,GJT,CO,ANM,WE,Federal Contract Tower,6,18,5,0,29,0,0,29,0,29,6,18,34,0,58,16,0,16,74
02/04/2013,GJT,CO,ANM,WE,Federal Contract Tower,3,36,20,4,63,0,1,24,1,26,3,37,44,5,89,28,12,40,129
02/05/2013,GJT,CO,ANM,WE,Federal Contract Tower,8,31,21,9,69,0,0,49,2,51,8,31,70,11,120,68,4,72,192
02/06/2013,GJT,CO,ANM,WE,Federal Contract Tower,15,54,14,2,85,0,0,39,2,41,15,54,53,4,126,28,0,28,154
02/07/2013,GJT,CO,ANM,WE,Federal Contract Tower,9,35,15,2,61,0,1,50,1,52,9,36,65,3,113,54,0,54,167
02/08/2013,GJT,CO,ANM,WE,Federal Contract Tower,4,33,20,6,63,0,0,29,3,32,4,33,49,9,95,62,20,82,177
02/09/2013,GJT,CO,ANM,WE,Federal Contract Tower,3,22,4,0,29,0,0,9,0,9,3,22,13,0,38,14,0,14,52
02/10/2013,GJT,CO,ANM,WE,Federal Contract Tower,4,29,10,2,45,0,0,9,1,10,4,29,19,3,55,32,0,32,87
02/11/2013,GJT,CO,ANM,WE,Federal Contract Tower,3,42,12,0,57,0,0,10,0,10,3,42,22,0,67,48,0,48,115
02/12/2013,GJT,CO,ANM,WE,Federal Contract Tower,6,34,5,4,49,0,2,96,0,98,6,36,101,4,147,74,0,74,221
02/13/2013,GJT,CO,ANM,WE,Federal Contract Tower,7,41,11,2,61,0,0,76,0,76,7,41,87,2,137,36,0,36,173
02/14/2013,GJT,CO,ANM,WE,Federal Contract Tower,4,39,22,3,68,0,1,80,0,81,4,40,102,3,149,46,0,46,195
02/15/2013,GJT,CO,ANM,WE,Federal Contract Tower,1,43,17,6,67,0,0,65,1,66,1,43,82,7,133,80,32,112,245
02/16/2013,GJT,CO,ANM,WE,Federal Contract Tower,1,32,7,0,40,0,2,42,0,44,1,34,49,0,84,40,0,40,124
02/17/2013,GJT,CO,ANM,WE,Federal Contract Tower,2,26,12,2,42,0,1,31,0,32,2,27,43,2,74,50,0,50,124
02/18/2013,GJT,CO,ANM,WE,Federal Contract Tower,1,43,23,11,78,0,0,37,0,37,1,43,60,11,115,24,0,24,139
02/19/2013,GJT,CO,ANM,WE,Federal Contract Tower,2,35,24,4,65,0,0,51,3,54,2,35,75,7,119,44,14,58,177
02/20/2013,GJT,CO,ANM,WE,Federal Contract Tower,6,40,20,3,69,0,1,11,0,12,6,41,31,3,81,36,0,36,117
02/21/2013,GJT,CO,ANM,WE,Federal Contract Tower,6,45,19,1,71,0,0,17,0,17,6,45,36,1,88,44,0,44,132
02/22/2013,GJT,CO,ANM,WE,Federal Contract Tower,2,55,10,2,69,0,1,7,0,8,2,56,17,2,77,5,0,5,82
02/23/2013,GJT,CO,ANM,WE,Federal Contract Tower,11,24,12,0,47,0,0,15,0,15,11,24,27,0,62,4,0,4,66
02/24/2013,GJT,CO,ANM,WE,Federal Contract Tower,10,33,24,0,67,0,0,4,0,4,10,33,28,0,71,2,0,2,73
02/25/2013,GJT,CO,ANM,WE,Federal Contract Tower,1,42,19,2,64,0,1,55,0,56,1,43,74,2,120,82,0,82,202
02/26/2013,GJT,CO,ANM,WE,Federal Contract Tower,4,44,12,3,63,0,0,12,0,12,4,44,24,3,75,8,0,8,83
02/27/2013,GJT,CO,ANM,WE,Federal Contract Tower,3,41,12,5,61,0,0,41,1,42,3,41,53,6,103,82,18,100,203
02/28/2013,GJT,CO,ANM,WE,Federal Contract Tower,5,42,17,6,70,0,1,53,0,54,5,43,70,6,124,68,4,72,196
03/01/2013,GJT,CO,ANM,WE,Federal Contract Tower,2,49,11,5,67,0,0,38,0,38,2,49,49,5,105,40,0,40,145
03/02/2013,GJT,CO,ANM,WE,Federal Contract Tower,1,31,6,2,40,0,2,47,2,51,1,33,53,4,91,74,0,74,165
03/03/2013,GJT,CO,ANM,WE,Federal Contract Tower,2,28,11,4,45,0,0,26,1,27,2,28,37,5,72,42,0,42,114
03/04/2013,GJT,CO,ANM,WE,Federal Contract Tower,9,40,18,6,73,0,1,17,0,18,9,41,35,6,91,34,0,34,125
03/05/2013,GJT,CO,ANM,WE,Federal Contract Tower,2,45,14,0,61,0,0,47,2,49,2,45,61,2,110,54,0,54,164
03/06/2013,GJT,CO,ANM,WE,Federal Contract Tower,2,35,11,3,51,0,0,44,1,45,2,35,55,4,96,48,0,48,144
03/07/2013,GJT,CO,ANM,WE,Federal Contract Tower,5,44,10,1,60,0,0,57,0,57,5,44,67,1,117,34,0,34,151
03/08/2013,GJT,CO,ANM,WE,Federal Contract Tower,2,45,11,7,65,0,0,11,0,11,2,45,22,7,76,30,0,30,106
03/09/2013,GJT,CO,ANM,WE,Federal Contract Tower,8,57,7,0,72,0,0,0,0,0,8,57,7,0,72,0,0,0,72
03/10/2013,GJT,CO,ANM,WE,Federal Contract Tower,4,37,13,3,57,0,0,36,1,37,4,37,49,4,94,24,2,26,120
03/11/2013,GJT,CO,ANM,WE,Federal Contract Tower,1,39,23,0,63,0,1,46,0,47,1,40,69,0,110,64,0,64,174
03/12/2013,GJT,CO,ANM,WE,Federal Contract Tower,2,45,6,2,55,0,0,47,0,47,2,45,53,2,102,52,0,52,154
03/13/2013,GJT,CO,ANM,WE,Federal Contract Tower,2,41,18,7,68,0,0,43,1,44,2,41,61,8,112,36,10,46,158
03/14/2013,GJT,CO,ANM,WE,Federal Contract Tower,6,42,21,2,71,0,0,0,0,0,6,42,21,2,71,75,0,75,146
03/15/2013,GJT,CO,ANM,WE,Federal Contract Tower,2,50,15,0,67,0,0,53,0,53,2,50,68,0,120,62,0,62,182
03/16/2013,GJT,CO,ANM,WE,Federal Contract Tower,3,39,12,2,56,0,0,21,0,21,3,39,33,2,77,16,0,16,93
03/17/2013,GJT,CO,ANM,WE,Federal Contract Tower,6,38,12,2,58,0,0,20,0,20,6,38,32,2,78,12,0,12,90
03/18/2013,GJT,CO,ANM,WE,Federal Contract Tower,1,43,15,6,65,0,1,35,3,39,1,44,50,9,104,36,0,36,140
03/19/2013,GJT,CO,ANM,WE,Federal Contract Tower,2,43,17,0,62,0,0,59,0,59,2,43,76,0,121,60,0,60,181
03/20/2013,GJT,CO,ANM,WE,Federal Contract Tower,2,49,21,2,74,0,0,34,2,36,2,49,55,4,110,24,2,26,136
03/21/2013,GJT,CO,ANM,WE,Federal Contract Tower,7,45,30,0,82,0,0,16,0,16,7,45,46,0,98,16,0,16,114
03/22/2013,GJT,CO,ANM,WE,Federal Contract Tower,4,42,17,8,71,0,0,26,0,26,4,42,43,8,97,22,0,22,119
03/23/2013,GJT,CO,ANM,WE,Federal Contract Tower,3,35,15,0,53,0,0,11,0,11,3,35,26,0,64,2,0,2,66
03/24/2013,GJT,CO,ANM,WE,Federal Contract Tower,6,41,13,0,60,0,1,35,0,36,6,42,48,0,96,38,0,38,134
03/25/2013,GJT,CO,ANM,WE,Federal Contract Tower,1,41,15,4,61,0,0,52,0,52,1,41,67,4,113,58,0,58,171
03/26/2013,GJT,CO,ANM,WE,Federal Contract Tower,3,41,8,8,60,0,0,35,0,35,3,41,43,8,95,52,4,56,151
03/27/2013,GJT,CO,ANM,WE,Federal Contract Tower,4,40,13,2,59,0,0,46,0,46,4,40,59,2,105,66,6,72,177
03/28/2013,GJT,CO,ANM,WE,Federal Contract Tower,8,49,11,5,73,0,0,50,0,50,8,49,61,5,123,44,0,44,167
03/29/2013,GJT,CO,ANM,WE,Federal Contract Tower,2,42,17,17,78,0,0,35,0,35,2,42,52,17,113,34,0,34,147
03/30/2013,GJT,CO,ANM,WE,Federal Contract Tower,1,38,4,0,43,0,0,40,0,40,1,38,44,0,83,36,0,36,119
03/31/2013,GJT,CO,ANM,WE,Federal Contract Tower,2,28,11,0,41,0,2,39,0,41,2,30,50,0,82,8,0,8,90
04/01/2013,GJT,CO,ANM,WE,Federal Contract Tower,1,40,14,2,57,0,2,14,0,16,1,42,28,2,73,14,0,14,87
04/02/2013,GJT,CO,ANM,WE,Federal Contract Tower,2,41,25,6,74,0,0,27,0,27,2,41,52,6,101,14,0,14,115
04/03/2013,GJT,CO,ANM,WE,Federal Contract Tower,2,43,14,2,61,0,0,46,0,46,2,43,60,2,107,66,0,66,173
04/04/2013,GJT,CO,ANM,WE,Federal Contract Tower,4,42,9,4,59,0,0,48,2,50,4,42,57,6,109,20,0,20,129
04/05/2013,GJT,CO,ANM,WE,Federal Contract Tower,2,46,22,3,73,0,0,49,0,49,2,46,71,3,122,34,1,35,157
04/06/2013,GJT,CO,ANM,WE,Federal Contract Tower,1,32,1,12,46,0,0,50,4,54,1,32,51,16,100,58,14,72,172
04/07/2013,GJT,CO,ANM,WE,Federal Contract Tower,2,29,14,5,50,0,0,22,4,26,2,29,36,9,76,16,0,16,92
04/08/2013,GJT,CO,ANM,WE,Federal Contract Tower,2,43,22,0,67,0,0,2,0,2,2,43,24,0,69,2,0,2,71
04/09/2013,GJT,CO,ANM,WE,Federal Contract Tower,4,43,22,2,71,0,0,2,0,2,4,43,24,2,73,0,0,0,73
04/10/2013,GJT,CO,ANM,WE,Federal Contract Tower,3,42,15,2,62,0,0,39,0,39,3,42,54,2,101,78,0,78,179
04/11/2013,GJT,CO,ANM,WE,Federal Contract Tower,7,45,23,0,75,0,0,27,0,27,7,45,50,0,102,74,0,74,176
04/12/2013,GJT,CO,ANM,WE,Federal Contract Tower,3,43,10,5,61,0,0,62,0,62,3,43,72,5,123,86,0,86,209
04/13/2013,GJT,CO,ANM,WE,Federal Contract Tower,1,31,5,8,45,0,0,35,4,39,1,31,40,12,84,4,18,22,106
04/14/2013,GJT,CO,ANM,WE,Federal Contract Tower,5,35,6,4,50,0,1,30,3,34,5,36,36,7,84,4,4,8,92
04/15/2013,GJT,CO,ANM,WE,Federal Contract Tower,2,45,27,4,78,0,0,2,0,2,2,45,29,4,80,0,12,12,92
04/16/2013,GJT,CO,ANM,WE,Federal Contract Tower,3,44,14,0,61,0,0,5,0,5,3,44,19,0,66,2,0,2,68
04/17/2013,GJT,CO,ANM,WE,Federal Contract Tower,5,54,26,0,85,0,0,4,0,4,5,54,30,0,89,16,0,16,105
04/18/2013,GJT,CO,ANM,WE,Federal Contract Tower,7,37,17,0,61,0,0,49,1,50,7,37,66,1,111,22,8,30,141
04/19/2013,GJT,CO,ANM,WE,Federal Contract Tower,2,39,23,8,72,0,0,68,6,74,2,39,91,14,146,38,0,38,184
04/20/2013,GJT,CO,ANM,WE,Federal Contract Tower,2,34,11,3,50,0,0,35,0,35,2,34,46,3,85,46,0,46,131
04/21/2013,GJT,CO,ANM,WE,Federal Contract Tower,4,30,16,2,52,0,2,34,5,41,4,32,50,7,93,24,0,24,117
04/22/2013,GJT,CO,ANM,WE,Federal Contract Tower,2,35,25,2,64,0,0,51,2,53,2,35,76,4,117,50,0,50,167
04/23/2013,GJT,CO,ANM,WE,Federal Contract Tower,3,47,39,2,91,0,0,40,0,40,3,47,79,2,131,50,0,50,181
04/24/2013,GJT,CO,ANM,WE,Federal Contract Tower,4,37,7,0,48,0,0,48,0,48,4,37,55,0,96,32,0,32,128
04/25/2013,GJT,CO,ANM,WE,Federal Contract Tower,8,40,9,7,64,0,0,55,3,58,8,40,64,10,122,24,16,40,162
04/26/2013,GJT,CO,ANM,WE,Federal Contract Tower,5,35,16,6,62,0,1,65,2,68,5,36,81,8,130,36,4,40,170
04/27/2013,GJT,CO,ANM,WE,Federal Contract Tower,2,28,7,0,37,0,0,51,1,52,2,28,58,1,89,70,0,70,159
04/28/2013,GJT,CO,ANM,WE,Federal Contract Tower,5,26,11,0,42,0,0,47,0,47,5,26,58,0,89,18,0,18,107
04/29/2013,GJT,CO,ANM,WE,Federal Contract Tower,3,37,15,7,62,0,0,56,0,56,3,37,71,7,118,34,4,38,156
04/30/2013,GJT,CO,ANM,WE,Federal Contract Tower,3,43,12,10,68,0,0,31,0,31,3,43,43,10,99,32,14,46,145
05/01/2013,GJT,CO,ANM,WE,Federal Contract Tower,2,42,18,0,62,0,0,25,0,25,2,42,43,0,87,66,0,66,153
05/02/2013,GJT,CO,ANM,WE,Federal Contract Tower,6,39,8,2,55,0,0,41,0,41,6,39,49,2,96,22,0,22,118
05/03/2013,GJT,CO,ANM,WE,Federal Contract Tower,2,43,12,2,59,0,0,43,0,43,2,43,55,2,102,50,0,50,152
05/04/2013,GJT,CO,ANM,WE,Federal Contract Tower,2,29,6,30,67,0,0,52,12,64,2,29,58,42,131,28,18,46,177
05/05/2013,GJT,CO,ANM,WE,Federal Contract Tower,6,29,11,2,48,0,0,23,0,23,6,29,34,2,71,12,0,12,83
05/06/2013,GJT,CO,ANM,WE,Federal Contract Tower,1,39,15,0,55,0,1,16,2,19,1,40,31,2,74,20,0,20,94
05/07/2013,GJT,CO,ANM,WE,Federal Contract Tower,2,39,22,2,65,0,0,24,0,24,2,39,46,2,89,46,0,46,135
05/08/2013,GJT,CO,ANM,WE,Federal Contract Tower,3,40,18,0,61,0,0,15,0,15,3,40,33,0,76,30,0,30,106
05/09/2013,GJT,CO,ANM,WE,Federal Contract Tower,7,42,22,0,71,0,0,38,0,38,7,42,60,0,109,44,0,44,153
05/10/2013,GJT,CO,ANM,WE,Federal Contract Tower,2,48,13,0,63,0,0,54,3,57,2,48,67,3,120,62,8,70,190
05/11/2013,GJT,CO,ANM,WE,Federal Contract Tower,2,31,8,0,41,0,0,50,0,50,2,31,58,0,91,38,0,38,129
05/12/2013,GJT,CO,ANM,WE,Federal Contract Tower,7,25,3,4,39,0,0,34,0,34,7,25,37,4,73,34,0,34,107
05/13/2013,GJT,CO,ANM,WE,Federal Contract Tower,1,42,21,2,66,0,0,56,0,56,1,42,77,2,122,62,0,62,184
05/14/2013,GJT,CO,ANM,WE,Federal Contract Tower,2,39,15,3,59,0,0,55,0,55,2,39,70,3,114,24,0,24,138
05/15/2013,GJT,CO,ANM,WE,Federal Contract Tower,4,36,9,5,54,0,0,37,0,37,4,36,46,5,91,26,0,26,117
05/16/2013,GJT,CO,ANM,WE,Federal Contract Tower,8,41,19,1,69,0,0,47,9,56,8,41,66,10,125,32,0,32,157
05/17/2013,GJT,CO,ANM,WE,Federal Contract Tower,4,41,20,6,71,0,0,50,2,52,4,41,70,8,123,28,0,28,151
05/18/2013,GJT,CO,ANM,WE,Federal Contract Tower,2,32,3,5,42,0,31,0,0,31,2,63,3,5,73,28,0,28,101
05/19/2013,GJT,CO,ANM,WE,Federal Contract Tower,7,30,10,2,49,0,0,33,1,34,7,30,43,3,83,32,0,32,115
05/20/2013,GJT,CO,ANM,WE,Federal Contract Tower,1,49,28,0,78,0,0,27,0,27,1,49,55,0,105,16,0,16,121
05/21/2013,GJT,CO,ANM,WE,Federal Contract Tower,2,38,7,2,49,0,0,43,0,43,2,38,50,2,92,42,0,42,134
05/22/2013,GJT,CO,ANM,WE,Federal Contract Tower,2,38,11,8,59,0,1,52,0,53,2,39,63,8,112,30,0,30,142
05/23/2013,GJT,CO,ANM,WE,Federal Contract Tower,6,42,13,2,63,0,0,26,1,27,6,42,39,3,90,14,0,14,104
05/24/2013,GJT,CO,ANM,WE,Federal Contract Tower,4,45,16,2,67,0,0,56,0,56,4,45,72,2,123,44,0,44,167
05/25/2013,GJT,CO,ANM,WE,Federal Contract Tower,2,33,0,0,35,0,0,27,0,27,2,33,27,0,62,6,0,6,68
05/26/2013,GJT,CO,ANM,WE,Federal Contract Tower,8,22,12,0,42,0,1,35,0,36,8,23,47,0,78,24,0,24,102
05/27/2013,GJT,CO,ANM,WE,Federal Contract Tower,5,36,4,2,47,0,0,51,0,51,5,36,55,2,98,122,0,122,220
05/28/2013,GJT,CO,ANM,WE,Federal Contract Tower,2,46,14,2,64,0,0,29,6,35,2,46,43,8,99,46,0,46,145
05/29/2013,GJT,CO,ANM,WE,Federal Contract Tower,2,49,14,0,65,0,1,34,1,36,2,50,48,1,101,14,0,14,115
05/30/2013,GJT,CO,ANM,WE,Federal Contract Tower,7,40,20,6,73,0,0,34,1,35,7,40,54,7,108,16,16,32,140
05/31/2013,GJT,CO,ANM,WE,Federal Contract Tower,2,41,8,5,56,0,0,27,0,27,2,41,35,5,83,0,10,10,93
06/01/2013,GJT,CO,ANM,WE,Federal Contract Tower,2,27,9,6,44,0,0,51,12,63,2,27,60,18,107,56,44,100,207
06/02/2013,GJT,CO,ANM,WE,Federal Contract Tower,7,21,16,6,50,0,0,42,0,42,7,21,58,6,92,44,0,44,136
06/03/2013,GJT,CO,ANM,WE,Federal Contract Tower,1,49,15,6,71,0,0,22,0,22,1,49,37,6,93,24,0,24,117
06/04/2013,GJT,CO,ANM,WE,Federal Contract Tower,2,42,17,2,63,0,1,53,0,54,2,43,70,2,117,24,0,24,141
06/05/2013,GJT,CO,ANM,WE,Federal Contract Tower,3,37,15,10,65,0,0,28,1,29,3,37,43,11,94,28,6,34,128
06/06/2013,GJT,CO,ANM,WE,Federal Contract Tower,10,36,5,7,58,0,0,44,3,47,10,36,49,10,105,6,4,10,115
06/07/2013,GJT,CO,ANM,WE,Federal Contract Tower,6,37,12,4,59,0,0,56,0,56,6,37,68,4,115,48,0,48,163
06/08/2013,GJT,CO,ANM,WE,Federal Contract Tower,2,31,8,5,46,0,0,41,3,44,2,31,49,8,90,40,0,40,130
06/09/2013,GJT,CO,ANM,WE,Federal Contract Tower,5,26,9,1,41,0,0,67,1,68,5,26,76,2,109,44,0,44,153
06/10/2013,GJT,CO,ANM,WE,Federal Contract Tower,7,37,28,6,78,0,0,36,1,37,7,37,64,7,115,42,0,42,157
06/11/2013,GJT,CO,ANM,WE,Federal Contract Tower,4,40,9,0,53,0,0,56,4,60,4,40,65,4,113,18,2,20,133
06/12/2013,GJT,CO,ANM,WE,Federal Contract Tower,4,43,12,4,63,0,20,16,0,36,4,63,28,4,99,10,0,10,109
06/13/2013,GJT,CO,ANM,WE,Federal Contract Tower,11,41,16,0,68,0,1,37,1,39,11,42,53,1,107,12,4,16,123
06/14/2013,GJT,CO,ANM,WE,Federal Contract Tower,8,40,13,0,61,0,0,104,0,104,8,40,117,0,165,94,0,94,259
06/15/2013,GJT,CO,ANM,WE,Federal Contract Tower,2,37,16,2,57,0,0,150,2,152,2,37,166,4,209,0,8,8,217
06/16/2013,GJT,CO,ANM,WE,Federal Contract Tower,5,30,15,0,50,0,0,71,2,73,5,30,86,2,123,32,0,32,155
06/17/2013,GJT,CO,ANM,WE,Federal Contract Tower,5,43,19,4,71,0,0,76,1,77,5,43,95,5,148,52,0,52,200
06/18/2013,GJT,CO,ANM,WE,Federal Contract Tower,6,47,17,0,70,0,0,102,0,102,6,47,119,0,172,62,0,62,234
06/19/2013,GJT,CO,ANM,WE,Federal Contract Tower,6,43,17,1,67,0,0,56,0,56,6,43,73,1,123,4,0,4,127
06/20/2013,GJT,CO,ANM,WE,Federal Contract Tower,8,46,13,6,73,0,0,164,1,165,8,46,177,7,238,12,4,16,254
06/21/2013,GJT,CO,ANM,WE,Federal Contract Tower,7,43,22,0,72,0,0,122,0,122,7,43,144,0,194,72,0,72,266
06/22/2013,GJT,CO,ANM,WE,Federal Contract Tower,4,32,9,2,47,0,0,62,1,63,4,32,71,3,110,26,0,26,136
06/23/2013,GJT,CO,ANM,WE,Federal Contract Tower,6,30,12,5,53,0,1,68,2,71,6,31,80,7,124,12,0,12,136
06/24/2013,GJT,CO,ANM,WE,Federal Contract Tower,5,43,15,6,69,0,0,38,2,40,5,43,53,8,109,32,6,38,147
06/25/2013,GJT,CO,ANM,WE,Federal Contract Tower,2,43,18,2,65,0,0,44,0,44,2,43,62,2,109,46,0,46,155
06/26/2013,GJT,CO,ANM,WE,Federal Contract Tower,7,38,20,10,75,0,0,63,2,65,7,38,83,12,140,54,7,61,201
06/27/2013,GJT,CO,ANM,WE,Federal Contract Tower,10,46,20,3,79,0,1,65,1,67,10,47,85,4,146,34,4,38,184
06/28/2013,GJT,CO,ANM,WE,Federal Contract Tower,8,46,14,2,70,0,0,59,2,61,8,46,73,4,131,60,0,60,191
06/29/2013,GJT,CO,ANM,WE,Federal Contract Tower,2,30,12,0,44,0,0,41,0,41,2,30,53,0,85,92,0,92,177
06/30/2013,GJT,CO,ANM,WE,Federal Contract Tower,7,33,9,2,51,0,0,44,0,44,7,33,53,2,95,28,0,28,123
07/01/2013,GJT,CO,ANM,WE,Federal Contract Tower,8,42,15,2,67,0,0,50,0,50,8,42,65,2,117,18,0,18,135
07/02/2013,GJT,CO,ANM,WE,Federal Contract Tower,10,38,17,2,67,0,0,35,0,35,10,38,52,2,102,8,0,8,110
07/03/2013,GJT,CO,ANM,WE,Federal Contract Tower,5,43,18,2,68,0,0,56,0,56,5,43,74,2,124,20,0,20,144
07/04/2013,GJT,CO,ANM,WE,Federal Contract Tower,5,28,5,0,38,0,0,39,0,39,5,28,44,0,77,6,0,6,83
07/05/2013,GJT,CO,ANM,WE,Federal Contract Tower,4,43,5,0,52,0,0,37,0,37,4,43,42,0,89,10,0,10,99
07/06/2013,GJT,CO,ANM,WE,Federal Contract Tower,2,30,3,2,37,0,0,33,0,33,2,30,36,2,70,12,0,12,82
07/07/2013,GJT,CO,ANM,WE,Federal Contract Tower,6,43,15,0,64,0,0,62,0,62,6,43,77,0,126,10,0,10,136
07/08/2013,GJT,CO,ANM,WE,Federal Contract Tower,4,37,21,4,66,0,0,60,1,61,4,37,81,5,127,34,6,40,167
07/09/2013,GJT,CO,ANM,WE,Federal Contract Tower,5,49,15,6,75,0,2,49,0,51,5,51,64,6,126,96,0,96,222
07/10/2013,GJT,CO,ANM,WE,Federal Contract Tower,6,45,11,1,63,0,1,54,8,63,6,46,65,9,126,4,0,4,130
07/11/2013,GJT,CO,ANM,WE,Federal Contract Tower,9,46,27,6,88,0,1,45,0,46,9,47,72,6,134,52,0,52,186
07/12/2013,GJT,CO,ANM,WE,Federal Contract Tower,5,45,20,0,70,0,0,51,0,51,5,45,71,0,121,26,0,26,147
07/13/2013,GJT,CO,ANM,WE,Federal Contract Tower,4,28,9,1,42,0,0,44,0,44,4,28,53,1,86,44,0,44,130
07/14/2013,GJT,CO,ANM,WE,Federal Contract Tower,9,34,9,1,53,0,0,22,3,25,9,34,31,4,78,8,0,8,86
07/15/2013,GJT,CO,ANM,WE,Federal Contract Tower,8,47,17,0,72,0,0,31,1,32,8,47,48,1,104,18,0,18,122
07/16/2013,GJT,CO,ANM,WE,Federal Contract Tower,11,50,24,2,87,0,0,36,5,41,11,50,60,7,128,38,4,42,170
07/17/2013,GJT,CO,ANM,WE,Federal Contract Tower,6,47,18,3,74,0,2,45,0,47,6,49,63,3,121,42,0,42,163
07/18/2013,GJT,CO,ANM,WE,Federal Contract Tower,12,39,23,1,75,0,1,65,3,69,12,40,88,4,144,30,0,30,174
07/19/2013,GJT,CO,ANM,WE,Federal Contract Tower,7,40,13,2,62,0,0,45,0,45,7,40,58,2,107,12,0,12,119
07/20/2013,GJT,CO,ANM,WE,Federal Contract Tower,9,22,6,0,37,0,0,59,0,59,9,22,65,0,96,32,0,32,128
07/21/2013,GJT,CO,ANM,WE,Federal Contract Tower,11,25,15,3,54,0,3,82,1,86,11,28,97,4,140,24,2,26,166
07/22/2013,GJT,CO,ANM,WE,Federal Contract Tower,8,42,21,0,71,0,1,62,0,63,8,43,83,0,134,14,0,14,148
07/23/2013,GJT,CO,ANM,WE,Federal Contract Tower,9,39,17,2,67,0,0,52,0,52,9,39,69,2,119,20,0,20,139
07/24/2013,GJT,CO,ANM,WE,Federal Contract Tower,4,46,15,10,75,0,0,31,0,31,4,46,46,10,106,10,0,10,116
07/25/2013,GJT,CO,ANM,WE,Federal Contract Tower,14,45,19,14,92,0,0,44,6,50,14,45,63,20,142,44,20,64,206
07/26/2013,GJT,CO,ANM,WE,Federal Contract Tower,10,40,13,2,65,0,0,44,1,45,10,40,57,3,110,8,0,8,118
07/27/2013,GJT,CO,ANM,WE,Federal Contract Tower,7,25,4,4,40,0,0,27,0,27,7,25,31,4,67,8,0,8,75
07/28/2013,GJT,CO,ANM,WE,Federal Contract Tower,12,30,15,2,59,0,2,14,1,17,12,32,29,3,76,0,0,0,76
07/29/2013,GJT,CO,ANM,WE,Federal Contract Tower,10,50,30,4,94,0,1,29,5,35,10,51,59,9,129,24,0,24,153
07/30/2013,GJT,CO,ANM,WE,Federal Contract Tower,8,42,23,2,75,0,2,51,0,53,8,44,74,2,128,20,10,30,158
07/31/2013,GJT,CO,ANM,WE,Federal Contract Tower,9,46,14,13,82,0,0,37,0,37,9,46,51,13,119,16,10,26,145
08/01/2013,GJT,CO,ANM,WE,Federal Contract Tower,11,40,8,0,59,0,0,20,2,22,11,40,28,2,81,0,0,0,81
08/02/2013,GJT,CO,ANM,WE,Federal Contract Tower,8,42,18,13,81,0,0,42,2,44,8,42,60,15,125,6,0,6,131
08/03/2013,GJT,CO,ANM,WE,Federal Contract Tower,32,33,8,4,77,0,0,46,0,46,32,33,54,4,123,18,2,20,143
08/04/2013,GJT,CO,ANM,WE,Federal Contract Tower,11,29,12,4,56,0,1,35,0,36,11,30,47,4,92,8,0,8,100
08/05/2013,GJT,CO,ANM,WE,Federal Contract Tower,7,42,13,7,69,0,2,36,0,38,7,44,49,7,107,28,0,28,135
08/06/2013,GJT,CO,ANM,WE,Federal Contract Tower,8,41,24,0,73,0,0,39,0,39,8,41,63,0,112,12,6,18,130
08/07/2013,GJT,CO,ANM,WE,Federal Contract Tower,5,43,24,4,76,0,0,31,0,31,5,43,55,4,107,8,0,8,115
08/08/2013,GJT,CO,ANM,WE,Federal Contract Tower,9,45,17,2,73,0,0,50,1,51,9,45,67,3,124,38,6,44,168
08/09/2013,GJT,CO,ANM,WE,Federal Contract Tower,6,34,8,5,53,0,0,35,0,35,6,34,43,5,88,12,0,12,100
08/10/2013,GJT,CO,ANM,WE,Federal Contract Tower,7,29,9,2,47,0,1,32,0,33,7,30,41,2,80,28,0,28,108
08/11/2013,GJT,CO,ANM,WE,Federal Contract Tower,10,27,14,7,58,0,1,40,0,41,10,28,54,7,99,20,0,20,119
08/12/2013,GJT,CO,ANM,WE,Federal Contract Tower,6,41,10,1,58,0,1,39,0,40,6,42,49,1,98,28,0,28,126
08/13/2013,GJT,CO,ANM,WE,Federal Contract Tower,12,36,12,0,60,0,2,55,2,59,12,38,67,2,119,18,9,27,146
08/14/2013,GJT,CO,ANM,WE,Federal Contract Tower,12,42,13,8,75,0,0,50,0,50,12,42,63,8,125,12,6,18,143
08/15/2013,GJT,CO,ANM,WE,Federal Contract Tower,15,36,20,7,78,0,0,49,1,50,15,36,69,8,128,28,0,28,156
08/16/2013,GJT,CO,ANM,WE,Federal Contract Tower,9,32,18,5,64,0,0,70,2,72,9,32,88,7,136,42,6,48,184
08/17/2013,GJT,CO,ANM,WE,Federal Contract Tower,7,20,5,0,32,0,0,50,0,50,7,20,55,0,82,12,0,12,94
08/18/2013,GJT,CO,ANM,WE,Federal Contract Tower,11,26,13,3,53,0,0,38,1,39,11,26,51,4,92,32,0,32,124
08/19/2013,GJT,CO,ANM,WE,Federal Contract Tower,12,33,13,2,60,0,0,31,0,31,12,33,44,2,91,10,0,10,101
08/20/2013,GJT,CO,ANM,WE,Federal Contract Tower,14,29,21,2,66,0,1,45,0,46,14,30,66,2,112,58,0,58,170
08/21/2013,GJT,CO,ANM,WE,Federal Contract Tower,11,36,17,4,68,0,0,47,3,50,11,36,64,7,118,30,2,32,150
08/22/2013,GJT,CO,ANM,WE,Federal Contract Tower,19,36,28,2,85,0,0,60,0,60,19,36,88,2,145,48,0,48,193
08/23/2013,GJT,CO,ANM,WE,Federal Contract Tower,13,30,24,2,69,0,0,37,0,37,13,30,61,2,106,68,0,68,174
08/24/2013,GJT,CO,ANM,WE,Federal Contract Tower,9,17,6,0,32,0,0,51,0,51,9,17,57,0,83,48,0,48,131
08/25/2013,GJT,CO,ANM,WE,Federal Contract Tower,12,21,14,4,51,0,0,24,0,24,12,21,38,4,75,12,2,14,89
08/26/2013,GJT,CO,ANM,WE,Federal Contract Tower,10,33,17,12,72,0,0,25,0,25,10,33,42,12,97,18,0,18,115
08/27/2013,GJT,CO,ANM,WE,Federal Contract Tower,9,34,24,4,71,0,0,35,0,35,9,34,59,4,106,4,4,8,114
08/28/2013,GJT,CO,ANM,WE,Federal Contract Tower,9,35,9,3,56,0,0,60,2,62,9,35,69,5,118,30,0,30,148
08/29/2013,GJT,CO,ANM,WE,Federal Contract Tower,10,39,8,0,57,0,0,48,2,50,10,39,56,2,107,16,0,16,123
08/30/2013,GJT,CO,ANM,WE,Federal Contract Tower,10,34,10,6,60,0,0,47,0,47,10,34,57,6,107,20,0,20,127
08/31/2013,GJT,CO,ANM,WE,Federal Contract Tower,7,18,2,0,27,0,0,36,0,36,7,18,38,0,63,22,0,22,85
09/01/2013,GJT,CO,ANM,WE,Federal Contract Tower,10,20,5,1,36,0,0,44,3,47,10,20,49,4,83,4,0,4,87
09/02/2013,GJT,CO,ANM,WE,Federal Contract Tower,7,38,9,0,54,0,0,41,0,41,7,38,50,0,95,44,0,44,139
09/03/2013,GJT,CO,ANM,WE,Federal Contract Tower,11,34,10,2,57,0,0,35,0,35,11,34,45,2,92,36,0,36,128
09/04/2013,GJT,CO,ANM,WE,Federal Contract Tower,12,37,22,2,73,0,1,44,0,45,12,38,66,2,118,8,0,8,126
09/05/2013,GJT,CO,ANM,WE,Federal Contract Tower,14,36,15,2,67,0,0,38,3,41,14,36,53,5,108,18,0,18,126
09/06/2013,GJT,CO,ANM,WE,Federal Contract Tower,12,35,11,3,61,0,2,61,3,66,12,37,72,6,127,46,0,46,173
09/07/2013,GJT,CO,ANM,WE,Federal Contract Tower,12,25,3,1,41,0,0,51,4,55,12,25,54,5,96,34,6,40,136
09/08/2013,GJT,CO,ANM,WE,Federal Contract Tower,13,21,14,0,48,0,0,29,0,29,13,21,43,0,77,4,0,4,81
09/09/2013,GJT,CO,ANM,WE,Federal Contract Tower,12,43,15,2,72,0,0,16,0,16,12,43,31,2,88,4,0,4,92
09/10/2013,GJT,CO,ANM,WE,Federal Contract Tower,18,32,10,2,62,0,0,9,0,9,18,32,19,2,71,0,0,0,71
09/11/2013,GJT,CO,ANM,WE,Federal Contract Tower,14,36,27,10,87,0,0,23,0,23,14,36,50,10,110,4,6,10,120
09/12/2013,GJT,CO,ANM,WE,Federal Contract Tower,14,34,17,5,70,0,0,31,1,32,14,34,48,6,102,20,0,20,122
09/13/2013,GJT,CO,ANM,WE,Federal Contract Tower,13,32,15,8,68,0,0,31,0,31,13,32,46,8,99,4,0,4,103
09/14/2013,GJT,CO,ANM,WE,Federal Contract Tower,14,29,7,0,50,0,1,14,0,15,14,30,21,0,65,24,0,24,89
09/15/2013,GJT,CO,ANM,WE,Federal Contract Tower,14,20,12,0,46,0,3,28,0,31,14,23,40,0,77,16,0,16,93
09/16/2013,GJT,CO,ANM,WE,Federal Contract Tower,12,34,28,6,80,0,0,73,2,75,12,34,101,8,155,58,0,58,213
09/17/2013,GJT,CO,ANM,WE,Federal Contract Tower,12,39,25,5,81,0,0,32,0,32,12,39,57,5,113,14,0,14,127
09/18/2013,GJT,CO,ANM,WE,Federal Contract Tower,14,37,10,0,61,0,1,21,0,22,14,38,31,0,83,18,0,18,101
09/19/2013,GJT,CO,ANM,WE,Federal Contract Tower,15,33,21,4,73,0,0,57,0,57,15,33,78,4,130,36,0,36,166
09/20/2013,GJT,CO,ANM,WE,Federal Contract Tower,14,32,18,12,76,0,0,51,2,53,14,32,69,14,129,32,4,36,165
09/21/2013,GJT,CO,ANM,WE,Federal Contract Tower,12,22,6,2,42,0,0,70,2,72,12,22,76,4,114,24,0,24,138
09/22/2013,GJT,CO,ANM,WE,Federal Contract Tower,13,26,14,3,56,0,0,7,0,7,13,26,21,3,63,4,0,4,67
09/23/2013,GJT,CO,ANM,WE,Federal Contract Tower,19,36,23,6,84,0,2,44,3,49,19,38,67,9,133,32,6,38,171
09/24/2013,GJT,CO,ANM,WE,Federal Contract Tower,13,32,19,1,65,0,1,48,0,49,13,33,67,1,114,32,0,32,146
09/25/2013,GJT,CO,ANM,WE,Federal Contract Tower,14,39,21,3,77,0,0,34,0,34,14,39,55,3,111,14,0,14,125
09/26/2013,GJT,CO,ANM,WE,Federal Contract Tower,19,38,21,3,81,0,0,28,0,28,19,38,49,3,109,2,0,2,111
09/27/2013,GJT,CO,ANM,WE,Federal Contract Tower,14,36,33,6,89,0,0,27,3,30,14,36,60,9,119,26,8,34,153
09/28/2013,GJT,CO,ANM,WE,Federal Contract Tower,10,20,15,0,45,0,0,84,0,84,10,20,99,0,129,84,0,84,213
09/29/2013,GJT,CO,ANM,WE,Federal Contract Tower,8,24,10,9,51,0,1,47,1,49,8,25,57,10,100,26,0,26,126
09/30/2013,GJT,CO,ANM,WE,Federal Contract Tower,12,32,21,5,70,0,0,40,2,42,12,32,61,7,112,16,8,24,136
10/01/2013,GJT,CO,ANM,WE,Federal Contract Tower,11,29,27,0,67,0,0,59,0,59,11,29,86,0,126,30,0,30,156
10/02/2013,GJT,CO,ANM,WE,Federal Contract Tower,15,29,10,7,61,0,0,44,5,49,15,29,54,12,110,40,8,48,158
10/03/2013,GJT,CO,ANM,WE,Federal Contract Tower,17,36,12,4,69,0,0,39,2,41,17,36,51,6,110,16,18,34,144
10/04/2013,GJT,CO,ANM,WE,Federal Contract Tower,15,31,13,0,59,0,0,26,0,26,15,31,39,0,85,68,0,68,153
10/05/2013,GJT,CO,ANM,WE,Federal Contract Tower,9,24,10,2,45,0,0,42,0,42,9,24,52,2,87,10,0,10,97
10/06/2013,GJT,CO,ANM,WE,Federal Contract Tower,11,24,16,3,54,0,0,48,4,52,11,24,64,7,106,22,0,22,128
10/07/2013,GJT,CO,ANM,WE,Federal Contract Tower,11,35,19,2,67,0,3,57,4,64,11,38,76,6,131,56,0,56,187
10/08/2013,GJT,CO,ANM,WE,Federal Contract Tower,14,30,13,2,59,0,0,52,1,53,14,30,65,3,112,32,0,32,144
10/09/2013,GJT,CO,ANM,WE,Federal Contract Tower,14,37,16,0,67,0,0,27,0,27,14,37,43,0,94,6,0,6,100
10/10/2013,GJT,CO,ANM,WE,Federal Contract Tower,15,35,14,0,64,0,0,4,0,4,15,35,18,0,68,0,0,0,68
10/11/2013,GJT,CO,ANM,WE,Federal Contract Tower,14,35,19,0,68,0,0,22,0,22,14,35,41,0,90,18,0,18,108
10/12/2013,GJT,CO,ANM,WE,Federal Contract Tower,11,26,4,2,43,0,0,39,0,39,11,26,43,2,82,34,0,34,116
10/13/2013,GJT,CO,ANM,WE,Federal Contract Tower,15,29,10,0,54,0,0,34,0,34,15,29,44,0,88,14,0,14,102
10/14/2013,GJT,CO,ANM,WE,Federal Contract Tower,17,33,23,0,73,0,0,21,0,21,17,33,44,0,94,26,0,26,120
10/15/2013,GJT,CO,ANM,WE,Federal Contract Tower,14,30,14,2,60,0,0,37,0,37,14,30,51,2,97,44,4,48,145
10/16/2013,GJT,CO,ANM,WE,Federal Contract Tower,12,36,19,0,67,0,0,36,0,36,12,36,55,0,103,46,0,46,149
10/17/2013,GJT,CO,ANM,WE,Federal Contract Tower,16,38,19,0,73,0,1,50,0,51,16,39,69,0,124,62,0,62,186
10/18/2013,GJT,CO,ANM,WE,Federal Contract Tower,14,31,22,1,68,0,0,46,3,49,14,31,68,4,117,42,12,54,171
10/19/2013,GJT,CO,ANM,WE,Federal Contract Tower,10,19,6,0,35,0,3,41,2,46,10,22,47,2,81,38,0,38,119
10/20/2013,GJT,CO,ANM,WE,Federal Contract Tower,11,19,18,1,49,0,2,35,7,44,11,21,53,8,93,26,0,26,119
10/21/2013,GJT,CO,ANM,WE,Federal Contract Tower,12,36,18,0,66,0,2,49,0,51,12,38,67,0,117,118,0,118,235
10/22/2013,GJT,CO,ANM,WE,Federal Contract Tower,11,34,12,0,57,0,0,62,2,64,11,34,74,2,121,90,0,90,211
10/23/2013,GJT,CO,ANM,WE,Federal Contract Tower,12,30,12,4,58,0,0,43,0,43,12,30,55,4,101,66,0,66,167
10/24/2013,GJT,CO,ANM,WE,Federal Contract Tower,12,32,22,2,68,0,0,50,0,50,12,32,72,2,118,70,0,70,188
10/25/2013,GJT,CO,ANM,WE,Federal Contract Tower,12,30,21,4,67,0,0,45,0,45,12,30,66,4,112,92,0,92,204
10/26/2013,GJT,CO,ANM,WE,Federal Contract Tower,11,19,10,0,40,0,0,54,2,56,11,19,64,2,96,44,20,64,160
10/27/2013,GJT,CO,ANM,WE,Federal Contract Tower,10,23,7,4,44,0,0,34,0,34,10,23,41,4,78,14,22,36,114
10/28/2013,GJT,CO,ANM,WE,Federal Contract Tower,12,32,24,5,73,0,0,14,0,14,12,32,38,5,87,0,0,0,87
10/29/2013,GJT,CO,ANM,WE,Federal Contract Tower,11,32,10,0,53,0,0,4,0,4,11,32,14,0,57,10,0,10,67
10/30/2013,GJT,CO,ANM,WE,Federal Contract Tower,15,29,8,0,52,0,0,11,0,11,15,29,19,0,63,8,0,8,71
10/31/2013,GJT,CO,ANM,WE,Federal Contract Tower,14,28,8,0,50,0,0,33,0,33,14,28,41,0,83,20,0,20,103
11/01/2013,GJT,CO,ANM,WE,Federal Contract Tower,13,30,13,9,65,0,0,61,1,62,13,30,74,10,127,8,2,10,137
11/02/2013,GJT,CO,ANM,WE,Federal Contract Tower,9,21,5,0,35,0,0,49,0,49,9,21,54,0,84,30,0,30,114
11/03/2013,GJT,CO,ANM,WE,Federal Contract Tower,11,27,8,4,50,0,0,13,0,13,11,27,21,4,63,16,0,16,79
11/04/2013,GJT,CO,ANM,WE,Federal Contract Tower,13,31,28,8,80,0,0,29,1,30,13,31,57,9,110,14,8,22,132
11/05/2013,GJT,CO,ANM,WE,Federal Contract Tower,12,38,14,0,64,0,4,26,2,32,12,42,40,2,96,28,0,28,124
11/06/2013,GJT,CO,ANM,WE,Federal Contract Tower,11,36,25,2,74,0,1,25,0,26,11,37,50,2,100,18,0,18,118
11/07/2013,GJT,CO,ANM,WE,Federal Contract Tower,13,32,17,5,67,0,0,37,0,37,13,32,54,5,104,14,2,16,120
11/08/2013,GJT,CO,ANM,WE,Federal Contract Tower,17,30,7,2,56,0,0,27,2,29,17,30,34,4,85,28,0,28,113
11/09/2013,GJT,CO,ANM,WE,Federal Contract Tower,9,18,3,2,32,0,0,41,0,41,9,18,44,2,73,12,0,12,85
11/10/2013,GJT,CO,ANM,WE,Federal Contract Tower,13,19,10,1,43,0,0,32,0,32,13,19,42,1,75,6,0,6,81
11/11/2013,GJT,CO,ANM,WE,Federal Contract Tower,11,30,11,1,53,0,2,54,0,56,11,32,65,1,109,96,0,96,205
11/12/2013,GJT,CO,ANM,WE,Federal Contract Tower,13,36,17,1,67,0,0,37,0,37,13,36,54,1,104,44,0,44,148
11/13/2013,GJT,CO,ANM,WE,Federal Contract Tower,12,36,18,2,68,0,0,35,1,36,12,36,53,3,104,42,0,42,146
11/14/2013,GJT,CO,ANM,WE,Federal Contract Tower,15,33,16,2,66,0,0,41,4,45,15,33,57,6,111,20,0,20,131
11/15/2013,GJT,CO,ANM,WE,Federal Contract Tower,18,33,6,0,57,0,0,25,0,25,18,33,31,0,82,26,0,26,108
11/16/2013,GJT,CO,ANM,WE,Federal Contract Tower,10,25,4,7,46,0,0,16,0,16,10,25,20,7,62,16,0,16,78
11/17/2013,GJT,CO,ANM,WE,Federal Contract Tower,12,18,7,4,41,0,0,18,0,18,12,18,25,4,59,0,0,0,59
11/18/2013,GJT,CO,ANM,WE,Federal Contract Tower,12,33,11,2,58,0,1,47,2,50,12,34,58,4,108,62,0,62,170
11/19/2013,GJT,CO,ANM,WE,Federal Contract Tower,13,45,18,0,76,0,0,38,0,38,13,45,56,0,114,58,0,58,172
11/20/2013,GJT,CO,ANM,WE,Federal Contract Tower,13,37,16,4,70,0,1,28,0,29,13,38,44,4,99,60,0,60,159
11/21/2013,GJT,CO,ANM,WE,Federal Contract Tower,13,42,9,2,66,0,1,0,0,1,13,43,9,2,67,8,0,8,75
11/22/2013,GJT,CO,ANM,WE,Federal Contract Tower,11,37,12,2,62,0,1,25,0,26,11,38,37,2,88,60,0,60,148
11/23/2013,GJT,CO,ANM,WE,Federal Contract Tower,6,31,7,0,44,0,0,6,0,6,6,31,13,0,50,6,0,6,56
11/24/2013,GJT,CO,ANM,WE,Federal Contract Tower,6,19,3,0,28,0,0,0,0,0,6,19,3,0,28,0,0,0,28
11/25/2013,GJT,CO,ANM,WE,Federal Contract Tower,8,29,13,0,50,0,0,27,0,27,8,29,40,0,77,30,0,30,107
11/26/2013,GJT,CO,ANM,WE,Federal Contract Tower,12,41,9,10,72,0,0,33,1,34,12,41,42,11,106,52,16,68,174
11/27/2013,GJT,CO,ANM,WE,Federal Contract Tower,13,30,8,3,54,0,0,56,2,58,13,30,64,5,112,6,0,6,118
11/28/2013,GJT,CO,ANM,WE,Federal Contract Tower,2,21,5,0,28,0,0,14,0,14,2,21,19,0,42,2,0,2,44
11/29/2013,GJT,CO,ANM,WE,Federal Contract Tower,9,26,5,0,40,0,0,11,0,11,9,26,16,0,51,32,0,32,83
11/30/2013,GJT,CO,ANM,WE,Federal Contract Tower,8,20,18,0,46,0,0,18,0,18,8,20,36,0,64,62,0,62,126
12/01/2013,GJT,CO,ANM,WE,Federal Contract Tower,8,19,19,0,46,0,0,10,0,10,8,19,29,0,56,22,0,22,78
12/02/2013,GJT,CO,ANM,WE,Federal Contract Tower,9,32,21,0,62,0,0,2,0,2,9,32,23,0,64,28,0,28,92
12/03/2013,GJT,CO,ANM,WE,Federal Contract Tower,10,26,14,0,50,0,2,18,1,21,10,28,32,1,71,32,10,42,113
12/04/2013,GJT,CO,ANM,WE,Federal Contract Tower,15,35,11,0,61,0,0,3,0,3,15,35,14,0,64,4,0,4,68
12/05/2013,GJT,CO,ANM,WE,Federal Contract Tower,17,33,7,11,68,0,0,15,0,15,17,33,22,11,83,22,0,22,105
12/06/2013,GJT,CO,ANM,WE,Federal Contract Tower,11,25,16,6,58,0,0,29,1,30,11,25,45,7,88,32,28,60,148
12/07/2013,GJT,CO,ANM,WE,Federal Contract Tower,8,26,7,0,41,0,0,3,0,3,8,26,10,0,44,46,0,46,90
12/08/2013,GJT,CO,ANM,WE,Federal Contract Tower,9,21,8,3,41,0,1,5,0,6,9,22,13,3,47,10,0,10,57
12/09/2013,GJT,CO,ANM,WE,Federal Contract Tower,9,30,23,2,64,0,0,40,0,40,9,30,63,2,104,46,0,46,150
12/10/2013,GJT,CO,ANM,WE,Federal Contract Tower,10,31,13,0,54,0,0,24,2,26,10,31,37,2,80,62,0,62,142
12/11/2013,GJT,CO,ANM,WE,Federal Contract Tower,13,31,14,2,60,0,0,35,2,37,13,31,49,4,97,34,0,34,131
12/12/2013,GJT,CO,ANM,WE,Federal Contract Tower,13,31,16,0,60,0,0,43,0,43,13,31,59,0,103,30,0,30,133
12/13/2013,GJT,CO,ANM,WE,Federal Contract Tower,14,29,16,9,68,0,0,29,0,29,14,29,45,9,97,52,2,54,151
12/14/2013,GJT,CO,ANM,WE,Federal Contract Tower,6,18,11,4,39,0,0,35,2,37,6,18,46,6,76,48,14,62,138
12/15/2013,GJT,CO,ANM,WE,Federal Contract Tower,13,20,7,9,49,0,0,21,7,28,13,20,28,16,77,54,18,72,149
12/16/2013,GJT,CO,ANM,WE,Federal Contract Tower,12,36,21,0,69,0,2,38,0,40,12,38,59,0,109,92,0,92,201
12/17/2013,GJT,CO,ANM,WE,Federal Contract Tower,13,37,16,1,67,0,0,21,0,21,13,37,37,1,88,14,0,14,102
12/18/2013,GJT,CO,ANM,WE,Federal Contract Tower,12,35,12,2,61,0,0,34,1,35,12,35,46,3,96,20,0,20,116
12/19/2013,GJT,CO,ANM,WE,Federal Contract Tower,35,37,22,2,96,0,0,18,0,18,35,37,40,2,114,20,14,34,148
12/20/2013,GJT,CO,ANM,WE,Federal Contract Tower,22,44,28,2,96,0,0,25,2,27,22,44,53,4,123,24,0,24,147
12/21/2013,GJT,CO,ANM,WE,Federal Contract Tower,11,37,15,0,63,0,0,6,0,6,11,37,21,0,69,10,0,10,79
12/22/2013,GJT,CO,ANM,WE,Federal Contract Tower,8,19,10,0,37,0,0,21,0,21,8,19,31,0,58,18,0,18,76
12/23/2013,GJT,CO,ANM,WE,Federal Contract Tower,11,41,10,4,66,0,2,34,1,37,11,43,44,5,103,12,0,12,115
12/24/2013,GJT,CO,ANM,WE,Federal Contract Tower,11,46,7,0,64,0,1,9,0,10,11,47,16,0,74,0,0,0,74
12/25/2013,GJT,CO,ANM,WE,Federal Contract Tower,6,26,2,0,34,0,0,14,0,14,6,26,16,0,48,0,0,0,48
12/26/2013,GJT,CO,ANM,WE,Federal Contract Tower,20,34,6,0,60,0,0,19,0,19,20,34,25,0,79,12,0,12,91
12/27/2013,GJT,CO,ANM,WE,Federal Contract Tower,22,37,17,0,76,0,0,35,0,35,22,37,52,0,111,9,0,9,120
12/28/2013,GJT,CO,ANM,WE,Federal Contract Tower,11,25,5,0,41,0,0,26,0,26,11,25,31,0,67,20,0,20,87
12/29/2013,GJT,CO,ANM,WE,Federal Contract Tower,11,29,17,0,57,0,0,33,0,33,11,29,50,0,90,16,0,16,106
12/30/2013,GJT,CO,ANM,WE,Federal Contract Tower,10,29,17,0,56,0,6,31,0,37,10,35,48,0,93,32,0,32,125
12/31/2013,GJT,CO,ANM,WE,Federal Contract Tower,8,34,8,0,50,0,2,12,0,14,8,36,20,0,64,0,0,0,64
01/01/2014,GJT,CO,ANM,WE,Federal Contract Tower,5,29,2,0,36,0,2,17,0,19,5,31,19,0,55,12,0,12,67
01/02/2014,GJT,CO,ANM,WE,Federal Contract Tower,16,35,13,3,67,0,0,35,0,35,16,35,48,3,102,30,0,30,132
01/03/2014,GJT,CO,ANM,WE,Federal Contract Tower,26,43,26,2,97,0,0,30,2,32,26,43,56,4,129,54,4,58,187
01/04/2014,GJT,CO,ANM,WE,Federal Contract Tower,24,54,22,0,100,0,0,7,0,7,24,54,29,0,107,4,0,4,111
01/05/2014,GJT,CO,ANM,WE,Federal Contract Tower,20,23,23,0,66,0,0,31,0,31,20,23,54,0,97,52,0,52,149
01/06/2014,GJT,CO,ANM,WE,Federal Contract Tower,18,33,22,4,77,0,5,25,1,31,18,38,47,5,108,36,18,54,162
01/07/2014,GJT,CO,ANM,WE,Federal Contract Tower,12,28,29,0,69,0,1,36,0,37,12,29,65,0,106,44,0,44,150
01/08/2014,GJT,CO,ANM,WE,Federal Contract Tower,14,39,21,0,74,0,1,16,0,17,14,40,37,0,91,58,2,60,151
01/09/2014,GJT,CO,ANM,WE,Federal Contract Tower,12,37,15,0,64,0,0,19,0,19,12,37,34,0,83,48,0,48,131
01/10/2014,GJT,CO,ANM,WE,Federal Contract Tower,22,33,10,4,69,0,0,21,0,21,22,33,31,4,90,66,0,66,156
01/11/2014,GJT,CO,ANM,WE,Federal Contract Tower,8,27,8,0,43,0,0,38,1,39,8,27,46,1,82,52,0,52,134
01/12/2014,GJT,CO,ANM,WE,Federal Contract Tower,17,38,16,0,71,0,0,8,1,9,17,38,24,1,80,26,0,26,106
01/13/2014,GJT,CO,ANM,WE,Federal Contract Tower,9,29,23,2,63,0,0,26,0,26,9,29,49,2,89,48,0,48,137
01/14/2014,GJT,CO,ANM,WE,Federal Contract Tower,23,29,11,2,65,0,2,37,0,39,23,31,48,2,104,66,0,66,170
01/15/2014,GJT,CO,ANM,WE,Federal Contract Tower,12,33,11,2,58,0,0,32,0,32,12,33,43,2,90,28,0,28,118
01/16/2014,GJT,CO,ANM,WE,Federal Contract Tower,14,29,15,2,60,0,0,37,0,37,14,29,52,2,97,78,0,78,175
01/17/2014,GJT,CO,ANM,WE,Federal Contract Tower,20,28,12,0,60,0,0,54,0,54,20,28,66,0,114,60,0,60,174
01/18/2014,GJT,CO,ANM,WE,Federal Contract Tower,6,22,4,1,33,0,0,51,1,52,6,22,55,2,85,30,0,30,115
01/19/2014,GJT,CO,ANM,WE,Federal Contract Tower,7,18,22,2,49,0,0,37,0,37,7,18,59,2,86,58,0,58,144
01/20/2014,GJT,CO,ANM,WE,Federal Contract Tower,9,22,26,2,59,0,0,59,2,61,9,22,85,4,120,54,0,54,174
01/21/2014,GJT,CO,ANM,WE,Federal Contract Tower,11,29,11,2,53,0,0,46,0,46,11,29,57,2,99,28,0,28,127
01/22/2014,GJT,CO,ANM,WE,Federal Contract Tower,12,32,12,8,64,0,1,33,0,34,12,33,45,8,98,60,8,68,166
01/23/2014,GJT,CO,ANM,WE,Federal Contract Tower,16,28,19,7,70,0,0,41,0,41,16,28,60,7,111,38,0,38,149
01/24/2014,GJT,CO,ANM,WE,Federal Contract Tower,15,29,3,5,52,0,0,38,0,38,15,29,41,5,90,66,0,66,156
01/25/2014,GJT,CO,ANM,WE,Federal Contract Tower,8,22,11,0,41,0,1,33,0,34,8,23,44,0,75,40,0,40,115
01/26/2014,GJT,CO,ANM,WE,Federal Contract Tower,8,25,9,4,46,0,1,31,0,32,8,26,40,4,78,32,0,32,110
01/27/2014,GJT,CO,ANM,WE,Federal Contract Tower,17,35,24,3,79,0,0,42,0,42,17,35,66,3,121,90,0,90,211
01/28/2014,GJT,CO,ANM,WE,Federal Contract Tower,13,27,12,10,62,0,1,33,0,34,13,28,45,10,96,114,12,126,222
01/29/2014,GJT,CO,ANM,WE,Federal Contract Tower,15,36,13,2,66,0,0,33,0,33,15,36,46,2,99,48,0,48,147
01/30/2014,GJT,CO,ANM,WE,Federal Contract Tower,24,54,38,2,118,0,0,0,0,0,24,54,38,2,118,0,0,0,118
01/31/2014,GJT,CO,ANM,WE,Federal Contract Tower,18,52,19,0,89,0,0,0,0,0,18,52,19,0,89,0,0,0,89
02/01/2014,GJT,CO,ANM,WE,Federal Contract Tower,7,22,15,2,46,0,1,22,2,25,7,23,37,4,71,16,4,20,91
02/02/2014,GJT,CO,ANM,WE,Federal Contract Tower,8,19,8,2,37,0,3,21,0,24,8,22,29,2,61,2,0,2,63
02/03/2014,GJT,CO,ANM,WE,Federal Contract Tower,10,36,18,0,64,0,0,2,0,2,10,36,20,0,66,14,0,14,80
02/04/2014,GJT,CO,ANM,WE,Federal Contract Tower,23,34,14,0,71,0,0,0,0,0,23,34,14,0,71,0,0,0,71
02/05/2014,GJT,CO,ANM,WE,Federal Contract Tower,10,33,18,4,65,0,0,20,0,20,10,33,38,4,85,38,28,66,151
02/06/2014,GJT,CO,ANM,WE,Federal Contract Tower,12,32,17,0,61,0,0,20,0,20,12,32,37,0,81,62,0,62,143
02/07/2014,GJT,CO,ANM,WE,Federal Contract Tower,14,33,28,0,75,0,0,9,0,9,14,33,37,0,84,8,0,8,92
02/08/2014,GJT,CO,ANM,WE,Federal Contract Tower,21,19,9,2,51,0,0,7,0,7,21,19,16,2,58,0,0,0,58
02/09/2014,GJT,CO,ANM,WE,Federal Contract Tower,15,25,15,2,57,0,0,8,0,8,15,25,23,2,65,2,2,4,69
02/10/2014,GJT,CO,ANM,WE,Federal Contract Tower,12,47,19,2,80,0,0,9,0,9,12,47,28,2,89,12,0,12,101
02/11/2014,GJT,CO,ANM,WE,Federal Contract Tower,15,30,16,4,65,0,1,43,0,44,15,31,59,4,109,42,0,42,151
02/12/2014,GJT,CO,ANM,WE,Federal Contract Tower,13,33,16,8,70,0,0,38,0,38,13,33,54,8,108,40,0,40,148
02/13/2014,GJT,CO,ANM,WE,Federal Contract Tower,16,40,21,2,79,0,0,29,0,29,16,40,50,2,108,28,0,28,136
02/14/2014,GJT,CO,ANM,WE,Federal Contract Tower,12,35,14,4,65,0,0,21,0,21,12,35,35,4,86,12,4,16,102
02/15/2014,GJT,CO,ANM,WE,Federal Contract Tower,12,22,8,1,43,0,0,27,1,28,12,22,35,2,71,14,0,14,85
02/16/2014,GJT,CO,ANM,WE,Federal Contract Tower,18,15,12,2,47,0,0,18,0,18,18,15,30,2,65,12,0,12,77
02/17/2014,GJT,CO,ANM,WE,Federal Contract Tower,10,35,20,3,68,0,1,50,0,51,10,36,70,3,119,46,0,46,165
02/18/2014,GJT,CO,ANM,WE,Federal Contract Tower,13,35,18,5,71,0,0,31,0,31,13,35,49,5,102,34,0,34,136
02/19/2014,GJT,CO,ANM,WE,Federal Contract Tower,18,33,19,4,74,0,0,27,1,28,18,33,46,5,102,40,8,48,150
02/20/2014,GJT,CO,ANM,WE,Federal Contract Tower,21,34,24,8,87,0,1,37,0,38,21,35,61,8,125,20,12,32,157
02/21/2014,GJT,CO,ANM,WE,Federal Contract Tower,8,35,19,1,63,0,2,36,0,38,8,37,55,1,101,12,0,12,113
02/22/2014,GJT,CO,ANM,WE,Federal Contract Tower,7,19,6,0,32,0,0,34,0,34,7,19,40,0,66,6,0,6,72
02/23/2014,GJT,CO,ANM,WE,Federal Contract Tower,10,17,19,4,50,0,0,34,0,34,10,17,53,4,84,14,0,14,98
02/24/2014,GJT,CO,ANM,WE,Federal Contract Tower,15,34,20,2,71,0,0,42,0,42,15,34,62,2,113,52,0,52,165
02/25/2014,GJT,CO,ANM,WE,Federal Contract Tower,12,31,18,8,69,0,0,33,2,35,12,31,51,10,104,42,6,48,152
02/26/2014,GJT,CO,ANM,WE,Federal Contract Tower,12,26,20,2,60,0,0,58,0,58,12,26,78,2,118,30,0,30,148
02/27/2014,GJT,CO,ANM,WE,Federal Contract Tower,13,33,16,0,62,0,2,18,0,20,13,35,34,0,82,24,0,24,106
02/28/2014,GJT,CO,ANM,WE,Federal Contract Tower,11,33,9,4,57,0,1,20,0,21,11,34,29,4,78,26,4,30,108
03/01/2014,GJT,CO,ANM,WE,Federal Contract Tower,15,25,8,0,48,0,1,3,0,4,15,26,11,0,52,0,0,0,52
03/02/2014,GJT,CO,ANM,WE,Federal Contract Tower,4,21,9,2,36,0,0,20,0,20,4,21,29,2,56,30,0,30,86
03/03/2014,GJT,CO,ANM,WE,Federal Contract Tower,6,34,13,2,55,0,3,26,0,29,6,37,39,2,84,18,0,18,102
03/04/2014,GJT,CO,ANM,WE,Federal Contract Tower,12,35,18,0,65,0,2,20,0,22,12,37,38,0,87,32,0,32,119
03/05/2014,GJT,CO,ANM,WE,Federal Contract Tower,8,38,15,0,61,0,0,53,0,53,8,38,68,0,114,40,0,40,154
03/06/2014,GJT,CO,ANM,WE,Federal Contract Tower,8,36,16,5,65,0,0,38,1,39,8,36,54,6,104,30,0,30,134
03/07/2014,GJT,CO,ANM,WE,Federal Contract Tower,20,43,17,6,86,0,0,12,0,12,20,43,29,6,98,38,0,38,136
03/08/2014,GJT,CO,ANM,WE,Federal Contract Tower,15,23,13,0,51,0,0,29,4,33,15,23,42,4,84,16,0,16,100
03/09/2014,GJT,CO,ANM,WE,Federal Contract Tower,7,20,5,10,42,0,0,48,2,50,7,20,53,12,92,18,0,18,110
03/10/2014,GJT,CO,ANM,WE,Federal Contract Tower,6,34,20,0,60,0,0,38,0,38,6,34,58,0,98,52,0,52,150
03/11/2014,GJT,CO,ANM,WE,Federal Contract Tower,9,35,21,0,65,0,0,21,0,21,9,35,42,0,86,2,0,2,88
03/12/2014,GJT,CO,ANM,WE,Federal Contract Tower,6,38,18,8,70,0,0,49,0,49,6,38,67,8,119,40,0,40,159
03/13/2014,GJT,CO,ANM,WE,Federal Contract Tower,10,36,19,2,67,0,0,34,0,34,10,36,53,2,101,52,0,52,153
03/14/2014,GJT,CO,ANM,WE,Federal Contract Tower,8,41,15,3,67,0,0,54,0,54,8,41,69,3,121,24,0,24,145
03/15/2014,GJT,CO,ANM,WE,Federal Contract Tower,9,25,13,0,47,0,0,11,1,12,9,25,24,1,59,0,4,4,63
03/16/2014,GJT,CO,ANM,WE,Federal Contract Tower,7,21,6,1,35,0,3,45,5,53,7,24,51,6,88,10,12,22,110
03/17/2014,GJT,CO,ANM,WE,Federal Contract Tower,8,39,17,4,68,0,0,12,0,12,8,39,29,4,80,56,0,56,136
03/18/2014,GJT,CO,ANM,WE,Federal Contract Tower,9,36,15,2,62,0,0,25,0,25,9,36,40,2,87,50,0,50,137
03/19/2014,GJT,CO,ANM,WE,Federal Contract Tower,7,36,20,3,66,0,0,50,2,52,7,36,70,5,118,44,0,44,162
03/20/2014,GJT,CO,ANM,WE,Federal Contract Tower,13,39,10,4,66,0,0,39,4,43,13,39,49,8,109,42,0,42,151
03/21/2014,GJT,CO,ANM,WE,Federal Contract Tower,7,49,21,6,83,0,0,35,1,36,7,49,56,7,119,36,0,36,155
03/22/2014,GJT,CO,ANM,WE,Federal Contract Tower,13,39,22,4,78,0,0,10,0,10,13,39,32,4,88,16,0,16,104
03/23/2014,GJT,CO,ANM,WE,Federal Contract Tower,6,22,13,0,41,0,2,28,3,33,6,24,41,3,74,4,0,4,78
03/24/2014,GJT,CO,ANM,WE,Federal Contract Tower,9,39,13,0,61,0,1,31,2,34,9,40,44,2,95,38,0,38,133
03/25/2014,GJT,CO,ANM,WE,Federal Contract Tower,5,34,21,3,63,0,0,47,2,49,5,34,68,5,112,24,12,36,148
03/26/2014,GJT,CO,ANM,WE,Federal Contract Tower,5,40,16,2,63,0,0,22,2,24,5,40,38,4,87,6,0,6,93
03/27/2014,GJT,CO,ANM,WE,Federal Contract Tower,14,38,8,7,67,0,0,13,1,14,14,38,21,8,81,36,20,56,137
03/28/2014,GJT,CO,ANM,WE,Federal Contract Tower,9,39,9,0,57,0,1,26,0,27,9,40,35,0,84,6,0,6,90
03/29/2014,GJT,CO,ANM,WE,Federal Contract Tower,6,27,11,7,51,0,0,29,2,31,6,27,40,9,82,4,8,12,94
03/30/2014,GJT,CO,ANM,WE,Federal Contract Tower,9,29,4,0,42,0,0,2,0,2,9,29,6,0,44,12,0,12,56
03/31/2014,GJT,CO,ANM,WE,Federal Contract Tower,4,37,19,2,62,0,2,39,0,41,4,39,58,2,103,42,0,42,145
04/01/2014,GJT,CO,ANM,WE,Federal Contract Tower,10,42,20,3,75,0,0,14,0,14,10,42,34,3,89,8,0,8,97
04/02/2014,GJT,CO,ANM,WE,Federal Contract Tower,9,39,8,0,56,0,0,8,0,8,9,39,16,0,64,0,0,0,64
04/03/2014,GJT,CO,ANM,WE,Federal Contract Tower,13,34,23,0,70,0,0,37,0,37,13,34,60,0,107,66,0,66,173
04/04/2014,GJT,CO,ANM,WE,Federal Contract Tower,9,35,19,2,65,0,0,34,2,36,9,35,53,4,101,36,0,36,137
04/05/2014,GJT,CO,ANM,WE,Federal Contract Tower,7,23,6,28,64,0,0,28,10,38,7,23,34,38,102,30,50,80,182
04/06/2014,GJT,CO,ANM,WE,Federal Contract Tower,8,21,16,3,48,0,0,20,2,22,8,21,36,5,70,22,0,22,92
04/07/2014,GJT,CO,ANM,WE,Federal Contract Tower,11,32,17,2,62,0,3,34,0,37,11,35,51,2,99,34,0,34,133
04/08/2014,GJT,CO,ANM,WE,Federal Contract Tower,11,31,19,2,63,0,2,57,2,61,11,33,76,4,124,28,0,28,152
04/09/2014,GJT,CO,ANM,WE,Federal Contract Tower,10,36,11,0,57,0,0,37,0,37,10,36,48,0,94,32,0,32,126
04/10/2014,GJT,CO,ANM,WE,Federal Contract Tower,11,42,18,2,73,0,1,53,1,55,11,43,71,3,128,58,8,66,194
04/11/2014,GJT,CO,ANM,WE,Federal Contract Tower,12,34,13,6,65,0,0,42,2,44,12,34,55,8,109,30,0,30,139
04/12/2014,GJT,CO,ANM,WE,Federal Contract Tower,8,25,7,2,42,0,0,36,1,37,8,25,43,3,79,16,6,22,101
04/13/2014,GJT,CO,ANM,WE,Federal Contract Tower,11,28,9,3,51,0,2,11,0,13,11,30,20,3,64,8,0,8,72
04/14/2014,GJT,CO,ANM,WE,Federal Contract Tower,9,31,13,1,54,0,2,38,2,42,9,33,51,3,96,16,26,42,138
04/15/2014,GJT,CO,ANM,WE,Federal Contract Tower,14,28,17,3,62,0,0,49,0,49,14,28,66,3,111,84,0,84,195
04/16/2014,GJT,CO,ANM,WE,Federal Contract Tower,10,31,9,10,60,0,2,35,2,39,10,33,44,12,99,82,20,102,201
04/17/2014,GJT,CO,ANM,WE,Federal Contract Tower,13,38,12,2,65,0,0,61,1,62,13,38,73,3,127,48,18,66,193
04/18/2014,GJT,CO,ANM,WE,Federal Contract Tower,12,32,14,0,58,0,0,42,0,42,12,32,56,0,100,80,0,80,180
04/19/2014,GJT,CO,ANM,WE,Federal Contract Tower,7,24,1,0,32,0,0,23,0,23,7,24,24,0,55,40,0,40,95
04/20/2014,GJT,CO,ANM,WE,Federal Contract Tower,12,22,6,0,40,0,2,29,0,31,12,24,35,0,71,28,0,28,99
04/21/2014,GJT,CO,ANM,WE,Federal Contract Tower,9,30,28,2,69,0,0,55,1,56,9,30,83,3,125,20,4,24,149
04/22/2014,GJT,CO,ANM,WE,Federal Contract Tower,10,33,22,1,66,0,1,27,0,28,10,34,49,1,94,4,0,4,98
04/23/2014,GJT,CO,ANM,WE,Federal Contract Tower,10,34,18,8,70,0,0,15,0,15,10,34,33,8,85,20,0,20,105
04/24/2014,GJT,CO,ANM,WE,Federal Contract Tower,12,31,19,7,69,0,1,66,4,71,12,32,85,11,140,78,28,106,246
04/25/2014,GJT,CO,ANM,WE,Federal Contract Tower,11,34,15,6,66,0,0,37,0,37,11,34,52,6,103,8,8,16,119
04/26/2014,GJT,CO,ANM,WE,Federal Contract Tower,8,24,8,0,40,0,0,3,0,3,8,24,11,0,43,0,0,0,43
04/27/2014,GJT,CO,ANM,WE,Federal Contract Tower,10,35,12,1,58,0,0,12,0,12,10,35,24,1,70,16,0,16,86
04/28/2014,GJT,CO,ANM,WE,Federal Contract Tower,9,32,18,1,60,0,1,16,0,17,9,33,34,1,77,0,0,0,77
04/29/2014,GJT,CO,ANM,WE,Federal Contract Tower,9,29,12,4,54,0,1,37,0,38,9,30,49,4,92,98,0,98,190
04/30/2014,GJT,CO,ANM,WE,Federal Contract Tower,12,38,7,1,58,0,0,45,0,45,12,38,52,1,103,48,0,48,151
05/01/2014,GJT,CO,ANM,WE,Federal Contract Tower,12,29,13,4,58,0,0,48,0,48,12,29,61,4,106,16,2,18,124
05/02/2014,GJT,CO,ANM,WE,Federal Contract Tower,12,37,20,2,71,0,1,43,0,44,12,38,63,2,115,38,0,38,153
05/03/2014,GJT,CO,ANM,WE,Federal Contract Tower,7,19,5,0,31,0,0,51,2,53,7,19,56,2,84,24,0,24,108
05/04/2014,GJT,CO,ANM,WE,Federal Contract Tower,10,24,5,2,41,0,2,28,0,30,10,26,33,2,71,16,0,16,87
05/05/2014,GJT,CO,ANM,WE,Federal Contract Tower,10,30,10,0,50,0,0,21,0,21,10,30,31,0,71,28,0,28,99
05/06/2014,GJT,CO,ANM,WE,Federal Contract Tower,8,37,18,0,63,0,0,25,0,25,8,37,43,0,88,8,0,8,96
05/07/2014,GJT,CO,ANM,WE,Federal Contract Tower,10,40,17,6,73,0,3,18,0,21,10,43,35,6,94,6,0,6,100
05/08/2014,GJT,CO,ANM,WE,Federal Contract Tower,14,40,16,4,74,0,0,35,0,35,14,40,51,4,109,26,0,26,135
05/09/2014,GJT,CO,ANM,WE,Federal Contract Tower,10,34,13,10,67,0,1,34,3,38,10,35,47,13,105,30,0,30,135
05/10/2014,GJT,CO,ANM,WE,Federal Contract Tower,6,24,9,3,42,0,0,19,0,19,6,24,28,3,61,36,8,44,105
05/11/2014,GJT,CO,ANM,WE,Federal Contract Tower,11,23,10,4,48,0,0,2,0,2,11,23,12,4,50,0,0,0,50
05/12/2014,GJT,CO,ANM,WE,Federal Contract Tower,10,37,26,4,77,0,0,17,0,17,10,37,43,4,94,32,0,32,126
05/13/2014,GJT,CO,ANM,WE,Federal Contract Tower,10,28,18,7,63,0,2,44,5,51,10,30,62,12,114,34,18,52,166
05/14/2014,GJT,CO,ANM,WE,Federal Contract Tower,10,33,27,2,72,0,1,50,8,59,10,34,77,10,131,24,0,24,155
05/15/2014,GJT,CO,ANM,WE,Federal Contract Tower,13,40,16,4,73,0,0,46,6,52,13,40,62,10,125,36,8,44,169
05/16/2014,GJT,CO,ANM,WE,Federal Contract Tower,10,30,21,3,64,0,2,49,0,51,10,32,70,3,115,10,0,10,125
05/17/2014,GJT,CO,ANM,WE,Federal Contract Tower,7,21,7,30,65,0,0,53,1,54,7,21,60,31,119,16,8,24,143
05/18/2014,GJT,CO,ANM,WE,Federal Contract Tower,10,20,13,0,43,0,2,30,0,32,10,22,43,0,75,20,0,20,95
05/19/2014,GJT,CO,ANM,WE,Federal Contract Tower,9,33,16,0,58,0,1,22,1,24,9,34,38,1,82,34,2,36,118
05/20/2014,GJT,CO,ANM,WE,Federal Contract Tower,9,28,23,2,62,0,0,29,0,29,9,28,52,2,91,6,0,6,97
05/21/2014,GJT,CO,ANM,WE,Federal Contract Tower,12,44,11,1,68,0,0,35,0,35,12,44,46,1,103,28,0,28,131
05/22/2014,GJT,CO,ANM,WE,Federal Contract Tower,11,47,15,5,78,0,0,44,0,44,11,47,59,5,122,18,0,18,140
05/23/2014,GJT,CO,ANM,WE,Federal Contract Tower,9,34,10,2,55,0,0,22,0,22,9,34,32,2,77,16,0,16,93
05/24/2014,GJT,CO,ANM,WE,Federal Contract Tower,8,30,13,0,51,0,0,40,0,40,8,30,53,0,91,32,0,32,123
05/25/2014,GJT,CO,ANM,WE,Federal Contract Tower,7,19,6,0,32,0,0,12,0,12,7,19,18,0,44,30,0,30,74
05/26/2014,GJT,CO,ANM,WE,Federal Contract Tower,7,31,7,0,45,0,2,65,0,67,7,33,72,0,112,84,0,84,196
05/27/2014,GJT,CO,ANM,WE,Federal Contract Tower,8,36,17,4,65,0,1,40,0,41,8,37,57,4,106,14,0,14,120
05/28/2014,GJT,CO,ANM,WE,Federal Contract Tower,9,36,9,5,59,0,0,43,0,43,9,36,52,5,102,56,4,60,162
05/29/2014,GJT,CO,ANM,WE,Federal Contract Tower,11,31,20,1,63,0,0,55,2,57,11,31,75,3,120,68,2,70,190
05/30/2014,GJT,CO,ANM,WE,Federal Contract Tower,12,33,15,8,68,0,0,37,6,43,12,33,52,14,111,34,8,42,153
05/31/2014,GJT,CO,ANM,WE,Federal Contract Tower,12,22,7,0,41,0,1,42,3,46,12,23,49,3,87,10,0,10,97
06/01/2014,GJT,CO,ANM,WE,Federal Contract Tower,11,22,5,4,42,0,3,46,0,49,11,25,51,4,91,36,0,36,127
06/02/2014,GJT,CO,ANM,WE,Federal Contract Tower,9,31,12,8,60,0,0,55,0,55,9,31,67,8,115,16,0,16,131
06/03/2014,GJT,CO,ANM,WE,Federal Contract Tower,11,25,14,2,52,0,0,41,0,41,11,25,55,2,93,22,0,22,115
06/04/2014,GJT,CO,ANM,WE,Federal Contract Tower,6,33,18,5,62,0,0,58,2,60,6,33,76,7,122,32,2,34,156
06/05/2014,GJT,CO,ANM,WE,Federal Contract Tower,7,41,7,2,57,0,0,39,0,39,7,41,46,2,96,30,0,30,126
06/06/2014,GJT,CO,ANM,WE,Federal Contract Tower,2,37,22,7,68,0,0,77,1,78,2,37,99,8,146,50,0,50,196
06/07/2014,GJT,CO,ANM,WE,Federal Contract Tower,1,25,5,0,31,0,3,48,0,51,1,28,53,0,82,30,0,30,112
06/08/2014,GJT,CO,ANM,WE,Federal Contract Tower,4,30,10,3,47,0,0,17,0,17,4,30,27,3,64,0,0,0,64
06/09/2014,GJT,CO,ANM,WE,Federal Contract Tower,1,40,28,0,69,0,0,69,0,69,1,40,97,0,138,46,0,46,184
06/10/2014,GJT,CO,ANM,WE,Federal Contract Tower,2,36,13,3,54,0,0,43,2,45,2,36,56,5,99,38,0,38,137
06/11/2014,GJT,CO,ANM,WE,Federal Contract Tower,2,44,18,1,65,0,0,48,1,49,2,44,66,2,114,70,2,72,186
06/12/2014,GJT,CO,ANM,WE,Federal Contract Tower,10,44,16,5,75,0,0,53,0,53,10,44,69,5,128,76,0,76,204
06/13/2014,GJT,CO,ANM,WE,Federal Contract Tower,2,48,24,2,76,0,0,48,1,49,2,48,72,3,125,2,0,2,127
06/14/2014,GJT,CO,ANM,WE,Federal Contract Tower,1,31,4,2,38,0,0,27,0,27,1,31,31,2,65,16,0,16,81
06/15/2014,GJT,CO,ANM,WE,Federal Contract Tower,4,26,13,5,48,0,0,39,0,39,4,26,52,5,87,14,0,14,101
06/16/2014,GJT,CO,ANM,WE,Federal Contract Tower,1,47,17,2,67,0,2,29,1,32,1,49,46,3,99,20,0,20,119
06/17/2014,GJT,CO,ANM,WE,Federal Contract Tower,1,36,21,0,58,0,0,13,0,13,1,36,34,0,71,26,0,26,97
06/18/2014,GJT,CO,ANM,WE,Federal Contract Tower,3,44,18,11,76,0,1,51,0,52,3,45,69,11,128,72,6,78,206
06/19/2014,GJT,CO,ANM,WE,Federal Contract Tower,7,52,11,0,70,0,0,41,0,41,7,52,52,0,111,44,0,44,155
06/20/2014,GJT,CO,ANM,WE,Federal Contract Tower,2,48,12,0,62,0,2,45,1,48,2,50,57,1,110,30,0,30,140
06/21/2014,GJT,CO,ANM,WE,Federal Contract Tower,1,33,10,13,57,0,2,40,5,47,1,35,50,18,104,24,4,28,132
06/22/2014,GJT,CO,ANM,WE,Federal Contract Tower,3,32,14,0,49,0,0,31,1,32,3,32,45,1,81,26,0,26,107
06/23/2014,GJT,CO,ANM,WE,Federal Contract Tower,8,41,17,8,74,0,2,29,0,31,8,43,46,8,105,20,0,20,125
06/24/2014,GJT,CO,ANM,WE,Federal Contract Tower,3,38,18,0,59,0,0,40,1,41,3,38,58,1,100,16,0,16,116
06/25/2014,GJT,CO,ANM,WE,Federal Contract Tower,2,39,23,11,75,0,1,63,0,64,2,40,86,11,139,24,2,26,165
06/26/2014,GJT,CO,ANM,WE,Federal Contract Tower,6,40,13,2,61,0,1,38,0,39,6,41,51,2,100,30,0,30,130
06/27/2014,GJT,CO,ANM,WE,Federal Contract Tower,4,43,18,9,74,0,0,39,0,39,4,43,57,9,113,22,0,22,135
06/28/2014,GJT,CO,ANM,WE,Federal Contract Tower,1,32,17,2,52,0,0,57,5,62,1,32,74,7,114,64,42,106,220
06/29/2014,GJT,CO,ANM,WE,Federal Contract Tower,5,29,9,3,46,0,0,38,4,42,5,29,47,7,88,60,0,60,148
06/30/2014,GJT,CO,ANM,WE,Federal Contract Tower,5,45,15,3,68,0,1,44,1,46,5,46,59,4,114,30,0,30,144
07/01/2014,GJT,CO,ANM,WE,Federal Contract Tower,2,42,16,6,66,0,0,23,0,23,2,42,39,6,89,48,0,48,137
07/02/2014,GJT,CO,ANM,WE,Federal Contract Tower,7,46,13,6,72,0,1,31,0,32,7,47,44,6,104,14,0,14,118
07/03/2014,GJT,CO,ANM,WE,Federal Contract Tower,9,35,8,0,52,0,0,48,0,48,9,35,56,0,100,34,0,34,134
07/04/2014,GJT,CO,ANM,WE,Federal Contract Tower,5,21,1,0,27,0,0,48,0,48,5,21,49,0,75,60,0,60,135
07/05/2014,GJT,CO,ANM,WE,Federal Contract Tower,5,25,6,0,36,0,0,55,0,55,5,25,61,0,91,8,0,8,99
07/06/2014,GJT,CO,ANM,WE,Federal Contract Tower,7,29,20,0,56,0,0,45,0,45,7,29,65,0,101,20,0,20,121
07/07/2014,GJT,CO,ANM,WE,Federal Contract Tower,9,37,16,2,64,0,3,48,0,51,9,40,64,2,115,30,0,30,145
07/08/2014,GJT,CO,ANM,WE,Federal Contract Tower,6,37,13,0,56,0,3,43,2,48,6,40,56,2,104,74,0,74,178
07/09/2014,GJT,CO,ANM,WE,Federal Contract Tower,8,40,10,8,66,0,3,24,1,28,8,43,34,9,94,14,0,14,108
07/10/2014,GJT,CO,ANM,WE,Federal Contract Tower,11,36,13,2,62,0,0,45,2,47,11,36,58,4,109,12,6,18,127
07/11/2014,GJT,CO,ANM,WE,Federal Contract Tower,14,42,16,5,77,0,0,44,0,44,14,42,60,5,121,68,0,68,189
07/12/2014,GJT,CO,ANM,WE,Federal Contract Tower,8,33,7,5,53,0,0,40,1,41,8,33,47,6,94,30,0,30,124
07/13/2014,GJT,CO,ANM,WE,Federal Contract Tower,10,32,11,3,56,0,3,41,1,45,10,35,52,4,101,44,0,44,145
07/14/2014,GJT,CO,ANM,WE,Federal Contract Tower,8,43,17,2,70,0,2,54,0,56,8,45,71,2,126,86,4,90,216
07/15/2014,GJT,CO,ANM,WE,Federal Contract Tower,9,33,12,0,54,0,2,39,0,41,9,35,51,0,95,28,0,28,123
07/16/2014,GJT,CO,ANM,WE,Federal Contract Tower,11,34,22,2,69,0,0,33,0,33,11,34,55,2,102,46,0,46,148
07/17/2014,GJT,CO,ANM,WE,Federal Contract Tower,12,35,22,1,70,0,0,47,1,48,12,35,69,2,118,82,0,82,200
07/18/2014,GJT,CO,ANM,WE,Federal Contract Tower,4,42,18,2,66,0,0,40,0,40,4,42,58,2,106,90,14,104,210
07/19/2014,GJT,CO,ANM,WE,Federal Contract Tower,8,22,3,4,37,0,0,54,1,55,8,22,57,5,92,68,0,68,160
07/20/2014,GJT,CO,ANM,WE,Federal Contract Tower,9,26,13,0,48,0,2,40,0,42,9,28,53,0,90,28,0,28,118
07/21/2014,GJT,CO,ANM,WE,Federal Contract Tower,9,34,15,4,62,0,0,46,1,47,9,34,61,5,109,64,0,64,173
07/22/2014,GJT,CO,ANM,WE,Federal Contract Tower,11,36,17,3,67,0,1,75,1,77,11,37,92,4,144,74,2,76,220
07/23/2014,GJT,CO,ANM,WE,Federal Contract Tower,11,42,19,1,73,0,0,64,0,64,11,42,83,1,137,18,0,18,155
07/24/2014,GJT,CO,ANM,WE,Federal Contract Tower,10,37,8,3,58,0,0,36,0,36,10,37,44,3,94,32,8,40,134
07/25/2014,GJT,CO,ANM,WE,Federal Contract Tower,10,41,16,3,70,0,0,43,0,43,10,41,59,3,113,30,0,30,143
07/26/2014,GJT,CO,ANM,WE,Federal Contract Tower,6,31,12,0,49,0,1,66,0,67,6,32,78,0,116,12,0,12,128
07/27/2014,GJT,CO,ANM,WE,Federal Contract Tower,10,27,4,2,43,0,0,42,0,42,10,27,46,2,85,26,0,26,111
07/28/2014,GJT,CO,ANM,WE,Federal Contract Tower,6,35,25,5,71,0,2,42,0,44,6,37,67,5,115,40,0,40,155
07/29/2014,GJT,CO,ANM,WE,Federal Contract Tower,8,37,20,5,70,0,0,21,0,21,8,37,41,5,91,70,8,78,169
07/30/2014,GJT,CO,ANM,WE,Federal Contract Tower,14,41,17,0,72,0,0,32,0,32,14,41,49,0,104,68,0,68,172
07/31/2014,GJT,CO,ANM,WE,Federal Contract Tower,18,40,13,8,79,0,0,47,3,50,18,40,60,11,129,68,18,86,215
08/01/2014,GJT,CO,ANM,WE,Federal Contract Tower,10,41,10,20,81,0,0,35,1,36,10,41,45,21,117,18,0,18,135
08/02/2014,GJT,CO,ANM,WE,Federal Contract Tower,8,30,16,9,63,0,0,41,1,42,8,30,57,10,105,62,2,64,169
08/03/2014,GJT,CO,ANM,WE,Federal Contract Tower,6,26,15,5,52,0,0,35,0,35,6,26,50,5,87,46,0,46,133
08/04/2014,GJT,CO,ANM,WE,Federal Contract Tower,7,37,10,1,55,0,0,16,0,16,7,37,26,1,71,10,0,10,81
08/05/2014,GJT,CO,ANM,WE,Federal Contract Tower,8,37,21,0,66,0,1,22,0,23,8,38,43,0,89,16,0,16,105
08/06/2014,GJT,CO,ANM,WE,Federal Contract Tower,7,34,16,5,62,0,0,48,1,49,7,34,64,6,111,26,4,30,141
08/07/2014,GJT,CO,ANM,WE,Federal Contract Tower,15,34,17,15,81,0,0,54,0,54,15,34,71,15,135,60,0,60,195
08/08/2014,GJT,CO,ANM,WE,Federal Contract Tower,9,35,16,9,69,0,0,48,3,51,9,35,64,12,120,38,6,44,164
08/09/2014,GJT,CO,ANM,WE,Federal Contract Tower,13,32,8,8,61,0,0,35,0,35,13,32,43,8,96,10,0,10,106
08/10/2014,GJT,CO,ANM,WE,Federal Contract Tower,9,28,10,0,47,0,2,35,0,37,9,30,45,0,84,26,0,26,110
08/11/2014,GJT,CO,ANM,WE,Federal Contract Tower,6,36,11,1,54,0,2,42,4,48,6,38,53,5,102,26,4,30,132
08/12/2014,GJT,CO,ANM,WE,Federal Contract Tower,18,37,23,2,80,0,1,40,0,41,18,38,63,2,121,20,8,28,149
08/13/2014,GJT,CO,ANM,WE,Federal Contract Tower,7,40,20,0,67,0,0,40,0,40,7,40,60,0,107,40,0,40,147
08/14/2014,GJT,CO,ANM,WE,Federal Contract Tower,14,34,24,4,76,0,0,35,2,37,14,34,59,6,113,50,10,60,173
08/15/2014,GJT,CO,ANM,WE,Federal Contract Tower,13,40,16,4,73,0,1,43,5,49,13,41,59,9,122,88,10,98,220
08/16/2014,GJT,CO,ANM,WE,Federal Contract Tower,6,29,3,0,38,0,0,48,0,48,6,29,51,0,86,44,0,44,130
08/17/2014,GJT,CO,ANM,WE,Federal Contract Tower,8,23,10,0,41,0,1,45,0,46,8,24,55,0,87,10,0,10,97
08/18/2014,GJT,CO,ANM,WE,Federal Contract Tower,7,40,16,2,65,0,4,24,0,28,7,44,40,2,93,0,0,0,93
08/19/2014,GJT,CO,ANM,WE,Federal Contract Tower,6,31,22,2,61,0,1,14,0,15,6,32,36,2,76,14,0,14,90
08/20/2014,GJT,CO,ANM,WE,Federal Contract Tower,5,38,20,2,65,0,0,38,3,41,5,38,58,5,106,44,0,44,150
08/21/2014,GJT,CO,ANM,WE,Federal Contract Tower,12,32,26,5,75,0,0,50,0,50,12,32,76,5,125,18,0,18,143
08/22/2014,GJT,CO,ANM,WE,Federal Contract Tower,8,34,16,5,63,0,3,31,3,37,8,37,47,8,100,6,0,6,106
08/23/2014,GJT,CO,ANM,WE,Federal Contract Tower,5,26,13,3,47,0,0,10,2,12,5,26,23,5,59,4,0,4,63
08/24/2014,GJT,CO,ANM,WE,Federal Contract Tower,13,23,13,10,59,0,1,53,3,57,13,24,66,13,116,26,12,38,154
08/25/2014,GJT,CO,ANM,WE,Federal Contract Tower,8,34,26,2,70,0,1,37,0,38,8,35,63,2,108,12,0,12,120
08/26/2014,GJT,CO,ANM,WE,Federal Contract Tower,7,38,18,0,63,0,1,30,5,36,7,39,48,5,99,18,0,18,117
08/27/2014,GJT,CO,ANM,WE,Federal Contract Tower,5,37,25,0,67,0,1,21,0,22,5,38,46,0,89,28,0,28,117
08/28/2014,GJT,CO,ANM,WE,Federal Contract Tower,13,43,15,0,71,0,0,39,0,39,13,43,54,0,110,34,0,34,144
08/29/2014,GJT,CO,ANM,WE,Federal Contract Tower,9,28,27,6,70,0,2,46,0,48,9,30,73,6,118,28,0,28,146
08/30/2014,GJT,CO,ANM,WE,Federal Contract Tower,4,21,5,0,30,0,3,51,0,54,4,24,56,0,84,6,0,6,90
08/31/2014,GJT,CO,ANM,WE,Federal Contract Tower,5,25,8,0,38,0,0,29,0,29,5,25,37,0,67,8,0,8,75
09/01/2014,GJT,CO,ANM,WE,Federal Contract Tower,6,31,17,0,54,0,0,39,0,39,6,31,56,0,93,42,0,42,135
09/02/2014,GJT,CO,ANM,WE,Federal Contract Tower,6,39,20,0,65,0,0,31,2,33,6,39,51,2,98,10,6,16,114
09/03/2014,GJT,CO,ANM,WE,Federal Contract Tower,7,34,19,8,68,0,0,39,2,41,7,34,58,10,109,24,0,24,133
09/04/2014,GJT,CO,ANM,WE,Federal Contract Tower,10,36,19,15,80,0,0,31,4,35,10,36,50,19,115,24,22,46,161
09/05/2014,GJT,CO,ANM,WE,Federal Contract Tower,6,30,9,5,50,0,3,30,3,36,6,33,39,8,86,18,30,48,134
09/06/2014,GJT,CO,ANM,WE,Federal Contract Tower,7,21,2,5,35,0,2,31,3,36,7,23,33,8,71,16,10,26,97
09/07/2014,GJT,CO,ANM,WE,Federal Contract Tower,10,21,7,4,42,0,3,27,0,30,10,24,34,4,72,44,0,44,116
09/08/2014,GJT,CO,ANM,WE,Federal Contract Tower,7,29,16,7,59,0,1,24,1,26,7,30,40,8,85,16,4,20,105
09/09/2014,GJT,CO,ANM,WE,Federal Contract Tower,5,35,8,0,48,0,1,13,0,14,5,36,21,0,62,18,0,18,80
09/10/2014,GJT,CO,ANM,WE,Federal Contract Tower,6,35,20,0,61,0,0,43,2,45,6,35,63,2,106,26,12,38,144
09/11/2014,GJT,CO,ANM,WE,Federal Contract Tower,10,32,18,2,62,0,3,54,4,61,10,35,72,6,123,48,10,58,181
09/12/2014,GJT,CO,ANM,WE,Federal Contract Tower,9,41,28,13,91,0,0,63,3,66,9,41,91,16,157,14,24,38,195
09/13/2014,GJT,CO,ANM,WE,Federal Contract Tower,5,26,8,9,48,0,0,47,7,54,5,26,55,16,102,50,22,72,174
09/14/2014,GJT,CO,ANM,WE,Federal Contract Tower,9,32,6,14,61,0,0,30,5,35,9,32,36,19,96,66,2,68,164
09/15/2014,GJT,CO,ANM,WE,Federal Contract Tower,7,32,26,0,65,0,0,31,0,31,7,32,57,0,96,6,0,6,102
09/16/2014,GJT,CO,ANM,WE,Federal Contract Tower,5,38,15,0,58,0,0,52,0,52,5,38,67,0,110,28,0,28,138
09/17/2014,GJT,CO,ANM,WE,Federal Contract Tower,7,45,13,2,67,0,0,44,0,44,7,45,57,2,111,6,0,6,117
09/18/2014,GJT,CO,ANM,WE,Federal Contract Tower,9,37,25,7,78,0,0,51,3,54,9,37,76,10,132,30,22,52,184
09/19/2014,GJT,CO,ANM,WE,Federal Contract Tower,9,42,13,17,81,0,0,36,0,36,9,42,49,17,117,2,8,10,127
09/20/2014,GJT,CO,ANM,WE,Federal Contract Tower,3,23,9,2,37,0,1,37,2,40,3,24,46,4,77,16,0,16,93
09/21/2014,GJT,CO,ANM,WE,Federal Contract Tower,6,27,16,4,53,0,2,10,1,13,6,29,26,5,66,0,0,0,66
09/22/2014,GJT,CO,ANM,WE,Federal Contract Tower,3,33,24,12,72,0,0,36,0,36,3,33,60,12,108,20,0,20,128
09/23/2014,GJT,CO,ANM,WE,Federal Contract Tower,2,43,25,1,71,0,1,33,1,35,2,44,58,2,106,24,0,24,130
09/24/2014,GJT,CO,ANM,WE,Federal Contract Tower,5,41,15,2,63,0,1,41,2,44,5,42,56,4,107,8,4,12,119
09/25/2014,GJT,CO,ANM,WE,Federal Contract Tower,4,40,9,5,58,0,1,34,1,36,4,41,43,6,94,24,0,24,118
09/26/2014,GJT,CO,ANM,WE,Federal Contract Tower,4,38,20,5,67,0,0,42,0,42,4,38,62,5,109,22,0,22,131
09/27/2014,GJT,CO,ANM,WE,Federal Contract Tower,5,31,8,0,44,0,0,37,0,37,5,31,45,0,81,4,0,4,85
09/28/2014,GJT,CO,ANM,WE,Federal Contract Tower,5,30,24,4,63,0,0,10,0,10,5,30,34,4,73,0,0,0,73
09/29/2014,GJT,CO,ANM,WE,Federal Contract Tower,3,43,22,0,68,0,0,22,0,22,3,43,44,0,90,26,0,26,116
09/30/2014,GJT,CO,ANM,WE,Federal Contract Tower,4,32,12,2,50,0,1,24,0,25,4,33,36,2,75,22,0,22,97
10/01/2014,GJT,CO,ANM,WE,Federal Contract Tower,3,42,17,0,62,0,1,3,0,4,3,43,20,0,66,14,0,14,80
10/02/2014,GJT,CO,ANM,WE,Federal Contract Tower,6,35,20,0,61,0,0,57,0,57,6,35,77,0,118,38,0,38,156
10/03/2014,GJT,CO,ANM,WE,Federal Contract Tower,11,39,27,8,85,0,0,39,0,39,11,39,66,8,124,22,0,22,146
10/04/2014,GJT,CO,ANM,WE,Federal Contract Tower,3,21,10,0,34,0,0,38,0,38,3,21,48,0,72,18,0,18,90
10/05/2014,GJT,CO,ANM,WE,Federal Contract Tower,6,29,12,2,49,0,2,40,2,44,6,31,52,4,93,42,0,42,135
10/06/2014,GJT,CO,ANM,WE,Federal Contract Tower,4,37,13,4,58,0,1,41,0,42,4,38,54,4,100,4,0,4,104
10/07/2014,GJT,CO,ANM,WE,Federal Contract Tower,4,35,21,0,60,0,0,36,2,38,4,35,57,2,98,28,0,28,126
10/08/2014,GJT,CO,ANM,WE,Federal Contract Tower,4,36,21,0,61,0,5,58,6,69,4,41,79,6,130,36,0,36,166
10/09/2014,GJT,CO,ANM,WE,Federal Contract Tower,6,32,14,2,54,0,0,30,0,30,6,32,44,2,84,52,0,52,136
10/10/2014,GJT,CO,ANM,WE,Federal Contract Tower,4,40,21,6,71,0,0,27,2,29,4,40,48,8,100,12,0,12,112
10/11/2014,GJT,CO,ANM,WE,Federal Contract Tower,3,23,8,1,35,0,1,39,0,40,3,24,47,1,75,44,0,44,119
10/12/2014,GJT,CO,ANM,WE,Federal Contract Tower,6,24,5,3,38,0,0,5,0,5,6,24,10,3,43,0,0,0,43
10/13/2014,GJT,CO,ANM,WE,Federal Contract Tower,5,30,21,2,58,0,1,34,0,35,5,31,55,2,93,18,0,18,111
10/14/2014,GJT,CO,ANM,WE,Federal Contract Tower,4,31,15,8,58,0,2,46,0,48,4,33,61,8,106,26,0,26,132
10/15/2014,GJT,CO,ANM,WE,Federal Contract Tower,3,39,14,4,60,0,0,44,0,44,3,39,58,4,104,56,0,56,160
10/16/2014,GJT,CO,ANM,WE,Federal Contract Tower,6,34,14,4,58,0,2,56,0,58,6,36,70,4,116,48,0,48,164
10/17/2014,GJT,CO,ANM,WE,Federal Contract Tower,4,35,16,4,59,0,0,47,0,47,4,35,63,4,106,26,0,26,132
10/18/2014,GJT,CO,ANM,WE,Federal Contract Tower,3,23,10,6,42,0,1,30,0,31,3,24,40,6,73,0,6,6,79
10/19/2014,GJT,CO,ANM,WE,Federal Contract Tower,8,26,4,12,50,0,2,47,0,49,8,28,51,12,99,52,2,54,153
10/20/2014,GJT,CO,ANM,WE,Federal Contract Tower,3,32,20,2,57,0,1,35,0,36,3,33,55,2,93,0,0,0,93
10/21/2014,GJT,CO,ANM,WE,Federal Contract Tower,4,33,9,1,47,0,0,20,1,21,4,33,29,2,68,10,0,10,78
10/22/2014,GJT,CO,ANM,WE,Federal Contract Tower,4,35,19,11,69,0,0,26,0,26,4,35,45,11,95,6,0,6,101
10/23/2014,GJT,CO,ANM,WE,Federal Contract Tower,8,42,17,34,101,0,0,40,5,45,8,42,57,39,146,32,10,42,188
10/24/2014,GJT,CO,ANM,WE,Federal Contract Tower,4,35,13,14,66,0,0,50,4,54,4,35,63,18,120,40,0,40,160
10/25/2014,GJT,CO,ANM,WE,Federal Contract Tower,3,21,6,24,54,0,2,43,2,47,3,23,49,26,101,22,34,56,157
10/26/2014,GJT,CO,ANM,WE,Federal Contract Tower,8,28,18,6,60,0,0,28,3,31,8,28,46,9,91,10,0,10,101
10/27/2014,GJT,CO,ANM,WE,Federal Contract Tower,7,29,22,2,60,0,0,22,1,23,7,29,44,3,83,12,6,18,101
10/28/2014,GJT,CO,ANM,WE,Federal Contract Tower,8,26,8,4,46,0,2,28,0,30,8,28,36,4,76,18,0,18,94
10/29/2014,GJT,CO,ANM,WE,Federal Contract Tower,8,28,11,1,48,0,0,37,0,37,8,28,48,1,85,16,0,16,101
10/30/2014,GJT,CO,ANM,WE,Federal Contract Tower,9,28,17,4,58,0,2,45,2,49,9,30,62,6,107,38,0,38,145
10/31/2014,GJT,CO,ANM,WE,Federal Contract Tower,8,31,12,2,53,0,0,45,4,49,8,31,57,6,102,44,0,44,146
11/01/2014,GJT,CO,ANM,WE,Federal Contract Tower,5,17,7,4,33,0,0,12,2,14,5,17,19,6,47,12,6,18,65
11/02/2014,GJT,CO,ANM,WE,Federal Contract Tower,8,25,4,0,37,0,0,1,0,1,8,25,5,0,38,0,0,0,38
11/03/2014,GJT,CO,ANM,WE,Federal Contract Tower,7,29,12,5,53,0,0,13,0,13,7,29,25,5,66,0,0,0,66
11/04/2014,GJT,CO,ANM,WE,Federal Contract Tower,8,23,20,6,57,0,2,30,0,32,8,25,50,6,89,18,4,22,111
11/05/2014,GJT,CO,ANM,WE,Federal Contract Tower,9,33,9,6,57,0,1,55,0,56,9,34,64,6,113,50,0,50,163
11/06/2014,GJT,CO,ANM,WE,Federal Contract Tower,10,33,15,8,66,0,0,54,0,54,10,33,69,8,120,52,0,52,172
11/07/2014,GJT,CO,ANM,WE,Federal Contract Tower,10,26,17,3,56,0,0,48,2,50,10,26,65,5,106,41,0,41,147
11/08/2014,GJT,CO,ANM,WE,Federal Contract Tower,5,17,2,0,24,0,1,46,0,47,5,18,48,0,71,22,0,22,93
11/09/2014,GJT,CO,ANM,WE,Federal Contract Tower,8,22,4,0,34,0,0,54,0,54,8,22,58,0,88,16,0,16,104
11/10/2014,GJT,CO,ANM,WE,Federal Contract Tower,7,35,23,2,67,0,1,23,0,24,7,36,46,2,91,4,0,4,95
11/11/2014,GJT,CO,ANM,WE,Federal Contract Tower,7,32,20,0,59,0,3,29,0,32,7,35,49,0,91,16,0,16,107
11/12/2014,GJT,CO,ANM,WE,Federal Contract Tower,7,28,20,2,57,0,0,25,0,25,7,28,45,2,82,8,0,8,90
11/13/2014,GJT,CO,ANM,WE,Federal Contract Tower,10,41,25,0,76,0,0,2,0,2,10,41,27,0,78,4,0,4,82
11/14/2014,GJT,CO,ANM,WE,Federal Contract Tower,8,31,11,5,55,0,0,16,2,18,8,31,27,7,73,10,54,64,137
11/15/2014,GJT,CO,ANM,WE,Federal Contract Tower,5,24,7,0,36,0,0,15,0,15,5,24,22,0,51,4,0,4,55
11/16/2014,GJT,CO,ANM,WE,Federal Contract Tower,8,23,7,2,40,0,1,35,0,36,8,24,42,2,76,16,0,16,92
11/17/2014,GJT,CO,ANM,WE,Federal Contract Tower,7,28,16,2,53,0,0,28,2,30,7,28,44,4,83,10,0,10,93
11/18/2014,GJT,CO,ANM,WE,Federal Contract Tower,7,31,13,1,52,0,0,30,2,32,7,31,43,3,84,2,12,14,98
11/19/2014,GJT,CO,ANM,WE,Federal Contract Tower,8,39,23,8,78,0,3,42,3,48,8,42,65,11,126,10,10,20,146
11/20/2014,GJT,CO,ANM,WE,Federal Contract Tower,10,27,18,2,57,0,0,46,0,46,10,27,64,2,103,34,0,34,137
11/21/2014,GJT,CO,ANM,WE,Federal Contract Tower,10,32,11,20,73,0,0,43,0,43,10,32,54,20,116,10,0,10,126
11/22/2014,GJT,CO,ANM,WE,Federal Contract Tower,8,26,7,13,54,0,0,30,8,38,8,26,37,21,92,28,26,54,146
11/23/2014,GJT,CO,ANM,WE,Federal Contract Tower,8,29,12,4,53,0,0,4,0,4,8,29,16,4,57,24,0,24,81
11/24/2014,GJT,CO,ANM,WE,Federal Contract Tower,11,29,27,2,69,0,0,12,0,12,11,29,39,2,81,0,0,0,81
11/25/2014,GJT,CO,ANM,WE,Federal Contract Tower,11,26,22,0,59,0,2,22,0,24,11,28,44,0,83,8,0,8,91
11/26/2014,GJT,CO,ANM,WE,Federal Contract Tower,11,33,15,0,59,0,0,42,0,42,11,33,57,0,101,44,0,44,145
11/27/2014,GJT,CO,ANM,WE,Federal Contract Tower,3,13,1,0,17,0,0,15,0,15,3,13,16,0,32,6,0,6,38
11/28/2014,GJT,CO,ANM,WE,Federal Contract Tower,7,23,4,0,34,0,3,30,0,33,7,26,34,0,67,18,0,18,85
11/29/2014,GJT,CO,ANM,WE,Federal Contract Tower,5,33,5,0,43,0,0,32,2,34,5,33,37,2,77,16,0,16,93
11/30/2014,GJT,CO,ANM,WE,Federal Contract Tower,8,24,18,1,51,0,0,29,3,32,8,24,47,4,83,32,0,32,115
12/01/2014,GJT,CO,ANM,WE,Federal Contract Tower,7,31,19,13,70,0,2,32,3,37,7,33,51,16,107,30,6,36,143
12/02/2014,GJT,CO,ANM,WE,Federal Contract Tower,10,32,14,2,58,1,1,37,1,40,11,33,51,3,98,22,0,22,120
12/03/2014,GJT,CO,ANM,WE,Federal Contract Tower,9,34,17,1,61,0,0,10,0,10,9,34,27,1,71,0,0,0,71
12/04/2014,GJT,CO,ANM,WE,Federal Contract Tower,6,37,20,0,63,0,0,15,0,15,6,37,35,0,78,16,0,16,94
12/05/2014,GJT,CO,ANM,WE,Federal Contract Tower,10,33,20,4,67,0,2,38,0,40,10,35,58,4,107,38,0,38,145
12/06/2014,GJT,CO,ANM,WE,Federal Contract Tower,3,22,9,2,36,0,0,32,3,35,3,22,41,5,71,8,16,24,95
12/07/2014,GJT,CO,ANM,WE,Federal Contract Tower,9,27,13,11,60,0,1,37,4,42,9,28,50,15,102,34,12,46,148
12/08/2014,GJT,CO,ANM,WE,Federal Contract Tower,3,31,16,0,50,0,0,34,4,38,3,31,50,4,88,78,0,78,166
12/09/2014,GJT,CO,ANM,WE,Federal Contract Tower,5,26,16,4,51,0,2,39,0,41,5,28,55,4,92,46,0,46,138
12/10/2014,GJT,CO,ANM,WE,Federal Contract Tower,6,34,11,4,55,0,0,51,2,53,6,34,62,6,108,42,6,48,156
12/11/2014,GJT,CO,ANM,WE,Federal Contract Tower,8,38,19,0,65,0,1,43,3,47,8,39,62,3,112,26,6,32,144
12/12/2014,GJT,CO,ANM,WE,Federal Contract Tower,5,39,14,4,62,0,0,30,0,30,5,39,44,4,92,0,0,0,92
12/13/2014,GJT,CO,ANM,WE,Federal Contract Tower,1,30,7,0,38,0,0,8,0,8,1,30,15,0,46,8,0,8,54
12/14/2014,GJT,CO,ANM,WE,Federal Contract Tower,8,31,8,4,51,0,0,6,0,6,8,31,14,4,57,0,0,0,57
12/15/2014,GJT,CO,ANM,WE,Federal Contract Tower,3,34,26,8,71,0,2,37,0,39,3,36,63,8,110,2,0,2,112
12/16/2014,GJT,CO,ANM,WE,Federal Contract Tower,6,36,15,0,57,0,0,35,0,35,6,36,50,0,92,20,0,20,112
12/17/2014,GJT,CO,ANM,WE,Federal Contract Tower,7,42,16,0,65,0,0,2,0,2,7,42,18,0,67,2,0,2,69
12/18/2014,GJT,CO,ANM,WE,Federal Contract Tower,13,44,14,8,79,0,0,8,0,8,13,44,22,8,87,12,0,12,99
12/19/2014,GJT,CO,ANM,WE,Federal Contract Tower,9,40,17,5,71,0,1,20,5,26,9,41,37,10,97,6,6,12,109
12/20/2014,GJT,CO,ANM,WE,Federal Contract Tower,4,37,23,5,69,0,0,32,6,38,4,37,55,11,107,18,36,54,161
12/21/2014,GJT,CO,ANM,WE,Federal Contract Tower,25,56,20,0,101,0,0,0,0,0,25,56,20,0,101,0,0,0,101
12/22/2014,GJT,CO,ANM,WE,Federal Contract Tower,15,39,23,1,78,0,0,5,1,6,15,39,28,2,84,4,16,20,104
12/23/2014,GJT,CO,ANM,WE,Federal Contract Tower,8,40,13,3,64,0,0,16,0,16,8,40,29,3,80,10,0,10,90
12/24/2014,GJT,CO,ANM,WE,Federal Contract Tower,7,28,9,0,44,0,0,32,0,32,7,28,41,0,76,22,0,22,98
12/25/2014,GJT,CO,ANM,WE,Federal Contract Tower,7,36,3,0,46,0,3,0,0,3,7,39,3,0,49,6,0,6,55
12/26/2014,GJT,CO,ANM,WE,Federal Contract Tower,10,60,27,0,97,0,0,0,0,0,10,60,27,0,97,0,0,0,97
12/27/2014,GJT,CO,ANM,WE,Federal Contract Tower,17,30,22,0,69,0,0,31,0,31,17,30,53,0,100,0,0,0,100
12/28/2014,GJT,CO,ANM,WE,Federal Contract Tower,12,57,22,0,91,0,3,6,0,9,12,60,28,0,100,0,0,0,100
12/29/2014,GJT,CO,ANM,WE,Federal Contract Tower,13,50,13,0,76,0,0,0,0,0,13,50,13,0,76,0,0,0,76
12/30/2014,GJT,CO,ANM,WE,Federal Contract Tower,10,54,27,0,91,0,1,5,0,6,10,55,32,0,97,2,0,2,99
12/31/2014,GJT,CO,ANM,WE,Federal Contract Tower,13,34,11,0,58,0,0,15,2,17,13,34,26,2,75,6,4,10,85
01/01/2015,GJT,CO,ANM,WE,Federal Contract Tower,7,24,6,0,37,0,0,7,0,7,7,24,13,0,44,2,0,2,46
01/02/2015,GJT,CO,ANM,WE,Federal Contract Tower,8,41,15,0,64,0,2,27,0,29,8,43,42,0,93,22,0,22,115
01/03/2015,GJT,CO,ANM,WE,Federal Contract Tower,6,65,39,0,110,0,0,20,0,20,6,65,59,0,130,30,0,30,160
01/04/2015,GJT,CO,ANM,WE,Federal Contract Tower,6,30,14,0,50,0,0,22,0,22,6,30,36,0,72,14,0,14,86
01/05/2015,GJT,CO,ANM,WE,Federal Contract Tower,7,38,15,5,65,0,0,15,3,18,7,38,30,8,83,4,0,4,87
01/06/2015,GJT,CO,ANM,WE,Federal Contract Tower,7,23,16,2,48,0,2,42,0,44,7,25,58,2,92,38,0,38,130
01/07/2015,GJT,CO,ANM,WE,Federal Contract Tower,6,33,13,1,53,0,3,29,1,33,6,36,42,2,86,18,16,34,120
01/08/2015,GJT,CO,ANM,WE,Federal Contract Tower,7,31,16,4,58,0,0,42,1,43,7,31,58,5,101,38,6,44,145
01/09/2015,GJT,CO,ANM,WE,Federal Contract Tower,7,34,13,8,62,0,1,39,1,41,7,35,52,9,103,16,8,24,127
01/10/2015,GJT,CO,ANM,WE,Federal Contract Tower,4,21,14,6,45,0,1,32,1,34,4,22,46,7,79,26,6,32,111
01/11/2015,GJT,CO,ANM,WE,Federal Contract Tower,5,26,10,0,41,0,0,0,0,0,5,26,10,0,41,0,0,0,41
01/12/2015,GJT,CO,ANM,WE,Federal Contract Tower,4,30,17,2,53,0,0,5,0,5,4,30,22,2,58,12,0,12,70
01/13/2015,GJT,CO,ANM,WE,Federal Contract Tower,6,31,26,0,63,0,0,1,0,1,6,31,27,0,64,0,0,0,64
01/14/2015,GJT,CO,ANM,WE,Federal Contract Tower,5,29,23,8,65,0,2,38,2,42,5,31,61,10,107,32,12,44,151
01/15/2015,GJT,CO,ANM,WE,Federal Contract Tower,8,38,19,5,70,0,2,33,5,40,8,40,52,10,110,20,22,42,152
01/16/2015,GJT,CO,ANM,WE,Federal Contract Tower,6,38,18,4,66,0,0,43,2,45,6,38,61,6,111,16,8,24,135
01/17/2015,GJT,CO,ANM,WE,Federal Contract Tower,4,19,6,4,33,0,1,39,0,40,4,20,45,4,73,46,0,46,119
01/18/2015,GJT,CO,ANM,WE,Federal Contract Tower,4,32,4,0,40,0,1,28,1,30,4,33,32,1,70,0,0,0,70
01/19/2015,GJT,CO,ANM,WE,Federal Contract Tower,7,33,22,0,62,0,0,28,3,31,7,33,50,3,93,2,0,2,95
01/20/2015,GJT,CO,ANM,WE,Federal Contract Tower,5,42,17,2,66,0,0,26,0,26,5,42,43,2,92,8,0,8,100
01/21/2015,GJT,CO,ANM,WE,Federal Contract Tower,4,34,18,0,56,0,2,21,0,23,4,36,39,0,79,12,0,12,91
01/22/2015,GJT,CO,ANM,WE,Federal Contract Tower,8,35,9,11,63,0,0,24,1,25,8,35,33,12,88,2,26,28,116
01/23/2015,GJT,CO,ANM,WE,Federal Contract Tower,6,32,15,6,59,0,2,36,1,39,6,34,51,7,98,20,8,28,126
01/24/2015,GJT,CO,ANM,WE,Federal Contract Tower,3,28,8,20,59,0,2,32,5,39,3,30,40,25,98,8,16,24,122
01/25/2015,GJT,CO,ANM,WE,Federal Contract Tower,6,26,11,9,52,0,1,36,2,39,6,27,47,11,91,64,0,64,155
01/26/2015,GJT,CO,ANM,WE,Federal Contract Tower,5,27,19,4,55,0,1,35,3,39,5,28,54,7,94,8,8,16,110
01/27/2015,GJT,CO,ANM,WE,Federal Contract Tower,9,31,11,6,57,0,3,31,0,34,9,34,42,6,91,10,16,26,117
01/28/2015,GJT,CO,ANM,WE,Federal Contract Tower,14,36,14,0,64,0,2,39,0,41,14,38,53,0,105,24,0,24,129
01/29/2015,GJT,CO,ANM,WE,Federal Contract Tower,7,35,7,2,51,0,3,37,0,40,7,38,44,2,91,34,0,34,125
01/30/2015,GJT,CO,ANM,WE,Federal Contract Tower,7,32,15,3,57,0,0,8,0,8,7,32,23,3,65,14,0,14,79
01/31/2015,GJT,CO,ANM,WE,Federal Contract Tower,15,40,12,0,67,0,0,2,0,2,15,40,14,0,69,0,0,0,69
02/01/2015,GJT,CO,ANM,WE,Federal Contract Tower,5,26,3,1,35,0,0,45,0,45,5,26,48,1,80,44,0,44,124
02/02/2015,GJT,CO,ANM,WE,Federal Contract Tower,7,23,23,10,63,0,1,28,0,29,7,24,51,10,92,32,4,36,128
02/03/2015,GJT,CO,ANM,WE,Federal Contract Tower,5,25,20,0,50,0,1,46,0,47,5,26,66,0,97,32,0,32,129
02/04/2015,GJT,CO,ANM,WE,Federal Contract Tower,9,27,13,7,56,0,1,26,0,27,9,28,39,7,83,6,0,6,89
02/05/2015,GJT,CO,ANM,WE,Federal Contract Tower,11,29,8,8,56,0,0,39,1,40,11,29,47,9,96,42,14,56,152
02/06/2015,GJT,CO,ANM,WE,Federal Contract Tower,8,28,15,8,59,0,1,48,1,50,8,29,63,9,109,34,10,44,153
02/07/2015,GJT,CO,ANM,WE,Federal Contract Tower,4,20,7,2,33,0,0,35,1,36,4,20,42,3,69,50,2,52,121
02/08/2015,GJT,CO,ANM,WE,Federal Contract Tower,7,26,13,6,52,0,0,33,2,35,7,26,46,8,87,52,12,64,151
02/09/2015,GJT,CO,ANM,WE,Federal Contract Tower,7,31,5,0,43,0,2,31,0,33,7,33,36,0,76,14,0,14,90
02/10/2015,GJT,CO,ANM,WE,Federal Contract Tower,4,28,22,0,54,0,1,32,1,34,4,29,54,1,88,40,0,40,128
02/11/2015,GJT,CO,ANM,WE,Federal Contract Tower,9,31,11,16,67,0,0,37,6,43,9,31,48,22,110,28,70,98,208
02/12/2015,GJT,CO,ANM,WE,Federal Contract Tower,10,26,15,4,55,0,0,42,1,43,10,26,57,5,98,50,0,50,148
02/13/2015,GJT,CO,ANM,WE,Federal Contract Tower,8,30,17,3,58,0,0,49,0,49,8,30,66,3,107,30,0,30,137
02/14/2015,GJT,CO,ANM,WE,Federal Contract Tower,5,25,8,1,39,0,0,29,2,31,5,25,37,3,70,6,0,6,76
02/15/2015,GJT,CO,ANM,WE,Federal Contract Tower,18,29,8,1,56,0,0,29,1,30,18,29,37,2,86,10,0,10,96
02/16/2015,GJT,CO,ANM,WE,Federal Contract Tower,11,38,20,0,69,0,1,18,0,19,11,39,38,0,88,14,0,14,102
02/17/2015,GJT,CO,ANM,WE,Federal Contract Tower,19,27,15,7,68,0,0,36,0,36,19,27,51,7,104,2,0,2,106
02/18/2015,GJT,CO,ANM,WE,Federal Contract Tower,8,24,9,14,55,0,1,31,9,41,8,25,40,23,96,0,14,14,110
02/19/2015,GJT,CO,ANM,WE,Federal Contract Tower,10,26,16,1,53,0,2,58,0,60,10,28,74,1,113,50,0,50,163
02/20/2015,GJT,CO,ANM,WE,Federal Contract Tower,15,28,19,7,69,0,2,31,1,34,15,30,50,8,103,28,6,34,137
02/21/2015,GJT,CO,ANM,WE,Federal Contract Tower,27,29,18,2,76,0,0,14,0,14,27,29,32,2,90,4,0,4,94
02/22/2015,GJT,CO,ANM,WE,Federal Contract Tower,18,40,25,0,83,0,0,4,0,4,18,40,29,0,87,0,0,0,87
02/23/2015,GJT,CO,ANM,WE,Federal Contract Tower,10,26,17,0,53,0,0,7,0,7,10,26,24,0,60,2,0,2,62
02/24/2015,GJT,CO,ANM,WE,Federal Contract Tower,6,25,22,0,53,0,1,38,2,41,6,26,60,2,94,86,0,86,180
02/25/2015,GJT,CO,ANM,WE,Federal Contract Tower,6,27,22,4,59,0,0,20,2,22,6,27,42,6,81,16,0,16,97
02/26/2015,GJT,CO,ANM,WE,Federal Contract Tower,9,40,21,0,70,0,1,44,3,48,9,41,65,3,118,10,12,22,140
02/27/2015,GJT,CO,ANM,WE,Federal Contract Tower,7,27,23,8,65,0,0,15,1,16,7,27,38,9,81,8,8,16,97
02/28/2015,GJT,CO,ANM,WE,Federal Contract Tower,2,25,11,0,38,0,0,11,0,11,2,25,22,0,49,6,0,6,55
03/01/2015,GJT,CO,ANM,WE,Federal Contract Tower,12,21,23,0,56,0,0,10,0,10,12,21,33,0,66,22,0,22,88
03/02/2015,GJT,CO,ANM,WE,Federal Contract Tower,12,33,19,4,68,0,0,1,0,1,12,33,20,4,69,0,0,0,69
03/03/2015,GJT,CO,ANM,WE,Federal Contract Tower,8,34,19,0,61,0,0,2,3,5,8,34,21,3,66,0,0,0,66
03/04/2015,GJT,CO,ANM,WE,Federal Contract Tower,16,33,5,0,54,0,3,33,0,36,16,36,38,0,90,42,0,42,132
03/05/2015,GJT,CO,ANM,WE,Federal Contract Tower,4,27,16,5,52,0,0,53,0,53,4,27,69,5,105,35,0,35,140
03/06/2015,GJT,CO,ANM,WE,Federal Contract Tower,5,30,15,6,56,0,0,66,2,68,5,30,81,8,124,46,18,64,188
03/07/2015,GJT,CO,ANM,WE,Federal Contract Tower,7,20,5,17,49,0,0,60,8,68,7,20,65,25,117,62,10,72,189
03/08/2015,GJT,CO,ANM,WE,Federal Contract Tower,6,27,4,6,43,0,2,35,0,37,6,29,39,6,80,8,2,10,90
03/09/2015,GJT,CO,ANM,WE,Federal Contract Tower,4,32,17,0,53,0,3,52,0,55,4,35,69,0,108,50,0,50,158
03/10/2015,GJT,CO,ANM,WE,Federal Contract Tower,5,34,17,0,56,0,0,46,4,50,5,34,63,4,106,40,0,40,146
03/11/2015,GJT,CO,ANM,WE,Federal Contract Tower,7,30,16,0,53,0,0,54,3,57,7,30,70,3,110,78,0,78,188
03/12/2015,GJT,CO,ANM,WE,Federal Contract Tower,7,33,12,2,54,2,2,30,0,34,9,35,42,2,88,28,0,28,116
03/13/2015,GJT,CO,ANM,WE,Federal Contract Tower,5,33,21,6,65,0,0,45,0,45,5,33,66,6,110,12,0,12,122
03/14/2015,GJT,CO,ANM,WE,Federal Contract Tower,4,22,15,3,44,0,1,52,5,58,4,23,67,8,102,28,6,34,136
03/15/2015,GJT,CO,ANM,WE,Federal Contract Tower,7,22,5,9,43,0,0,38,1,39,7,22,43,10,82,6,0,6,88
03/16/2015,GJT,CO,ANM,WE,Federal Contract Tower,6,24,17,2,49,0,2,33,0,35,6,26,50,2,84,54,0,54,138
03/17/2015,GJT,CO,ANM,WE,Federal Contract Tower,7,30,11,2,50,0,0,48,0,48,7,30,59,2,98,36,18,54,152
03/18/2015,GJT,CO,ANM,WE,Federal Contract Tower,11,27,18,4,60,0,1,22,3,26,11,28,40,7,86,22,4,26,112
03/19/2015,GJT,CO,ANM,WE,Federal Contract Tower,5,36,18,12,71,0,1,35,1,37,5,37,53,13,108,18,12,30,138
03/20/2015,GJT,CO,ANM,WE,Federal Contract Tower,5,34,22,13,74,0,1,44,1,46,5,35,66,14,120,54,24,78,198
03/21/2015,GJT,CO,ANM,WE,Federal Contract Tower,5,23,11,17,56,0,0,43,3,46,5,23,54,20,102,58,8,66,168
03/22/2015,GJT,CO,ANM,WE,Federal Contract Tower,7,20,15,12,54,0,1,36,1,38,7,21,51,13,92,22,0,22,114
03/23/2015,GJT,CO,ANM,WE,Federal Contract Tower,4,26,17,2,49,0,0,25,0,25,4,26,42,2,74,16,0,16,90
03/24/2015,GJT,CO,ANM,WE,Federal Contract Tower,7,29,9,9,54,0,2,27,1,30,7,31,36,10,84,20,0,20,104
03/25/2015,GJT,CO,ANM,WE,Federal Contract Tower,9,32,14,2,57,0,0,26,1,27,9,32,40,3,84,10,0,10,94
03/26/2015,GJT,CO,ANM,WE,Federal Contract Tower,10,34,16,10,70,0,0,51,0,51,10,34,67,10,121,38,20,58,179
03/27/2015,GJT,CO,ANM,WE,Federal Contract Tower,10,34,15,7,66,0,0,61,3,64,10,34,76,10,130,6,18,24,154
03/28/2015,GJT,CO,ANM,WE,Federal Contract Tower,9,18,4,5,36,0,0,35,0,35,9,18,39,5,71,12,0,12,83
03/29/2015,GJT,CO,ANM,WE,Federal Contract Tower,9,26,9,4,48,0,0,38,0,38,9,26,47,4,86,2,0,2,88
03/30/2015,GJT,CO,ANM,WE,Federal Contract Tower,7,31,17,4,59,0,2,34,0,36,7,33,51,4,95,16,0,16,111
03/31/2015,GJT,CO,ANM,WE,Federal Contract Tower,6,29,14,2,51,0,3,42,0,45,6,32,56,2,96,34,0,34,130
04/01/2015,GJT,CO,ANM,WE,Federal Contract Tower,9,30,19,2,60,0,2,29,0,31,9,32,48,2,91,14,2,16,107
04/02/2015,GJT,CO,ANM,WE,Federal Contract Tower,12,33,10,9,64,0,0,27,4,31,12,33,37,13,95,14,20,34,129
04/03/2015,GJT,CO,ANM,WE,Federal Contract Tower,4,31,8,3,46,0,1,34,1,36,4,32,42,4,82,20,0,20,102
04/04/2015,GJT,CO,ANM,WE,Federal Contract Tower,8,21,5,32,66,0,5,29,8,42,8,26,34,40,108,36,10,46,154
04/05/2015,GJT,CO,ANM,WE,Federal Contract Tower,7,26,4,1,38,0,0,12,2,14,7,26,16,3,52,0,2,2,54
04/06/2015,GJT,CO,ANM,WE,Federal Contract Tower,3,34,14,5,56,0,1,18,6,25,3,35,32,11,81,2,2,4,85
04/07/2015,GJT,CO,ANM,WE,Federal Contract Tower,7,34,25,2,68,0,2,27,8,37,7,36,52,10,105,8,0,8,113
04/08/2015,GJT,CO,ANM,WE,Federal Contract Tower,7,32,16,1,56,0,8,15,1,24,7,40,31,2,80,4,0,4,84
04/09/2015,GJT,CO,ANM,WE,Federal Contract Tower,9,30,22,1,62,0,1,44,6,51,9,31,66,7,113,38,6,44,157
04/10/2015,GJT,CO,ANM,WE,Federal Contract Tower,8,32,25,17,82,0,0,60,9,69,8,32,85,26,151,24,34,58,209
04/11/2015,GJT,CO,ANM,WE,Federal Contract Tower,7,23,9,0,39,0,0,35,0,35,7,23,44,0,74,20,0,20,94
04/12/2015,GJT,CO,ANM,WE,Federal Contract Tower,5,21,10,1,37,0,0,23,8,31,5,21,33,9,68,26,0,26,94
04/13/2015,GJT,CO,ANM,WE,Federal Contract Tower,10,27,8,6,51,0,1,45,1,47,10,28,53,7,98,20,0,20,118
04/14/2015,GJT,CO,ANM,WE,Federal Contract Tower,12,37,17,2,68,0,1,15,1,17,12,38,32,3,85,0,4,4,89
04/15/2015,GJT,CO,ANM,WE,Federal Contract Tower,7,31,20,0,58,0,0,29,4,33,7,31,49,4,91,8,0,8,99
04/16/2015,GJT,CO,ANM,WE,Federal Contract Tower,9,29,18,0,56,0,2,10,2,14,9,31,28,2,70,0,2,2,72
04/17/2015,GJT,CO,ANM,WE,Federal Contract Tower,6,41,27,0,74,0,0,0,0,0,6,41,27,0,74,0,0,0,74
04/18/2015,GJT,CO,ANM,WE,Federal Contract Tower,6,22,12,0,40,0,0,12,0,12,6,22,24,0,52,38,0,38,90
04/19/2015,GJT,CO,ANM,WE,Federal Contract Tower,5,30,11,0,46,0,3,21,0,24,5,33,32,0,70,24,0,24,94
04/20/2015,GJT,CO,ANM,WE,Federal Contract Tower,6,27,20,9,62,0,0,42,0,42,6,27,62,9,104,38,0,38,142
04/21/2015,GJT,CO,ANM,WE,Federal Contract Tower,7,32,18,12,69,0,0,42,0,42,7,32,60,12,111,12,28,40,151
04/22/2015,GJT,CO,ANM,WE,Federal Contract Tower,7,27,16,6,56,0,1,38,2,41,7,28,54,8,97,40,20,60,157
04/23/2015,GJT,CO,ANM,WE,Federal Contract Tower,11,26,13,15,65,0,0,41,1,42,11,26,54,16,107,18,2,20,127
04/24/2015,GJT,CO,ANM,WE,Federal Contract Tower,6,39,19,12,76,0,0,39,13,52,6,39,58,25,128,42,8,50,178
04/25/2015,GJT,CO,ANM,WE,Federal Contract Tower,7,17,3,2,29,0,0,12,0,12,7,17,15,2,41,10,0,10,51
04/26/2015,GJT,CO,ANM,WE,Federal Contract Tower,5,30,12,2,49,0,0,13,3,16,5,30,25,5,65,26,0,26,91
04/27/2015,GJT,CO,ANM,WE,Federal Contract Tower,8,25,16,5,54,0,0,42,1,43,8,25,58,6,97,24,10,34,131
04/28/2015,GJT,CO,ANM,WE,Federal Contract Tower,8,27,15,2,52,0,0,46,2,48,8,27,61,4,100,86,0,86,186
04/29/2015,GJT,CO,ANM,WE,Federal Contract Tower,7,30,15,2,54,0,3,53,4,60,7,33,68,6,114,20,26,46,160
04/30/2015,GJT,CO,ANM,WE,Federal Contract Tower,9,30,21,0,60,0,0,68,1,69,9,30,89,1,129,70,6,76,205
05/01/2015,GJT,CO,ANM,WE,Federal Contract Tower,9,34,18,16,77,0,6,27,1,34,9,40,45,17,111,8,0,8,119
05/02/2015,GJT,CO,ANM,WE,Federal Contract Tower,7,19,10,4,40,0,1,25,0,26,7,20,35,4,66,30,0,30,96
05/03/2015,GJT,CO,ANM,WE,Federal Contract Tower,5,25,13,8,51,0,0,26,2,28,5,25,39,10,79,8,0,8,87
05/04/2015,GJT,CO,ANM,WE,Federal Contract Tower,6,28,9,5,48,0,1,25,5,31,6,29,34,10,79,16,10,26,105
05/05/2015,GJT,CO,ANM,WE,Federal Contract Tower,7,27,18,3,55,0,0,15,4,19,7,27,33,7,74,10,0,10,84
05/06/2015,GJT,CO,ANM,WE,Federal Contract Tower,11,27,11,0,49,0,0,18,0,18,11,27,29,0,67,0,0,0,67
05/07/2015,GJT,CO,ANM,WE,Federal Contract Tower,12,36,11,12,71,0,0,50,0,50,12,36,61,12,121,20,10,30,151
05/08/2015,GJT,CO,ANM,WE,Federal Contract Tower,12,36,13,2,63,0,0,23,2,25,12,36,36,4,88,24,0,24,112
05/09/2015,GJT,CO,ANM,WE,Federal Contract Tower,9,28,5,4,46,0,0,24,0,24,9,28,29,4,70,30,0,30,100
05/10/2015,GJT,CO,ANM,WE,Federal Contract Tower,8,28,7,3,46,0,0,21,1,22,8,28,28,4,68,22,0,22,90
05/11/2015,GJT,CO,ANM,WE,Federal Contract Tower,11,35,12,6,64,0,0,37,0,37,11,35,49,6,101,64,22,86,187
05/12/2015,GJT,CO,ANM,WE,Federal Contract Tower,13,38,11,1,63,0,1,29,3,33,13,39,40,4,96,10,12,22,118
05/13/2015,GJT,CO,ANM,WE,Federal Contract Tower,11,29,14,0,54,0,3,34,0,37,11,32,48,0,91,40,0,40,131
05/14/2015,GJT,CO,ANM,WE,Federal Contract Tower,12,35,5,5,57,0,0,26,0,26,12,35,31,5,83,36,0,36,119
05/15/2015,GJT,CO,ANM,WE,Federal Contract Tower,10,39,17,2,68,0,0,13,0,13,10,39,30,2,81,14,0,14,95
05/16/2015,GJT,CO,ANM,WE,Federal Contract Tower,9,24,13,0,46,0,2,19,0,21,9,26,32,0,67,34,0,34,101
05/17/2015,GJT,CO,ANM,WE,Federal Contract Tower,11,33,14,4,62,0,3,34,0,37,11,36,48,4,99,4,0,4,103
05/18/2015,GJT,CO,ANM,WE,Federal Contract Tower,12,31,14,7,64,0,2,20,3,25,12,33,34,10,89,6,6,12,101
05/19/2015,GJT,CO,ANM,WE,Federal Contract Tower,12,35,20,2,69,0,1,16,4,21,12,36,36,6,90,10,10,20,110
05/20/2015,GJT,CO,ANM,WE,Federal Contract Tower,13,36,14,0,63,0,0,43,0,43,13,36,57,0,106,32,0,32,138
05/21/2015,GJT,CO,ANM,WE,Federal Contract Tower,14,38,17,5,74,0,0,40,0,40,14,38,57,5,114,30,0,30,144
05/22/2015,GJT,CO,ANM,WE,Federal Contract Tower,13,35,25,2,75,0,0,29,0,29,13,35,54,2,104,16,0,16,120
05/23/2015,GJT,CO,ANM,WE,Federal Contract Tower,15,18,14,7,54,0,0,24,4,28,15,18,38,11,82,0,18,18,100
05/24/2015,GJT,CO,ANM,WE,Federal Contract Tower,9,25,2,4,40,0,1,14,0,15,9,26,16,4,55,8,0,8,63
05/25/2015,GJT,CO,ANM,WE,Federal Contract Tower,13,29,9,9,60,0,0,38,2,40,13,29,47,11,100,30,26,56,156
05/26/2015,GJT,CO,ANM,WE,Federal Contract Tower,10,30,12,6,58,0,0,29,1,30,10,30,41,7,88,6,0,6,94
05/27/2015,GJT,CO,ANM,WE,Federal Contract Tower,13,37,10,1,61,0,0,39,0,39,13,37,49,1,100,8,0,8,108
05/28/2015,GJT,CO,ANM,WE,Federal Contract Tower,14,38,13,2,67,0,0,45,2,47,14,38,58,4,114,24,2,26,140
05/29/2015,GJT,CO,ANM,WE,Federal Contract Tower,10,34,12,2,58,0,2,54,0,56,10,36,66,2,114,12,0,12,126
05/30/2015,GJT,CO,ANM,WE,Federal Contract Tower,5,22,6,3,36,0,0,48,0,48,5,22,54,3,84,58,0,58,142
05/31/2015,GJT,CO,ANM,WE,Federal Contract Tower,9,37,10,5,61,0,0,47,0,47,9,37,57,5,108,38,20,58,166
06/01/2015,GJT,CO,ANM,WE,Federal Contract Tower,7,34,15,2,58,0,1,23,0,24,7,35,38,2,82,22,8,30,112
06/02/2015,GJT,CO,ANM,WE,Federal Contract Tower,9,32,11,7,59,0,3,36,1,40,9,35,47,8,99,10,6,16,115
06/03/2015,GJT,CO,ANM,WE,Federal Contract Tower,16,28,19,7,70,0,0,43,0,43,16,28,62,7,113,30,2,32,145
06/04/2015,GJT,CO,ANM,WE,Federal Contract Tower,11,33,21,6,71,0,2,43,0,45,11,35,64,6,116,40,6,46,162
06/05/2015,GJT,CO,ANM,WE,Federal Contract Tower,4,41,14,2,61,0,2,14,0,16,4,43,28,2,77,2,0,2,79
06/06/2015,GJT,CO,ANM,WE,Federal Contract Tower,4,26,4,0,34,0,0,4,0,4,4,26,8,0,38,0,0,0,38
06/07/2015,GJT,CO,ANM,WE,Federal Contract Tower,17,32,5,4,58,0,0,35,0,35,17,32,40,4,93,12,0,12,105
06/08/2015,GJT,CO,ANM,WE,Federal Contract Tower,4,37,17,6,64,0,0,37,2,39,4,37,54,8,103,24,0,24,127
06/09/2015,GJT,CO,ANM,WE,Federal Contract Tower,9,38,9,3,59,0,0,45,2,47,9,38,54,5,106,60,10,70,176
06/10/2015,GJT,CO,ANM,WE,Federal Contract Tower,9,35,17,8,69,0,1,6,0,7,9,36,23,8,76,6,10,16,92
06/11/2015,GJT,CO,ANM,WE,Federal Contract Tower,13,31,13,2,59,0,0,13,0,13,13,31,26,2,72,10,18,28,100
06/12/2015,GJT,CO,ANM,WE,Federal Contract Tower,8,32,12,8,60,0,1,34,0,35,8,33,46,8,95,38,20,58,153
06/13/2015,GJT,CO,ANM,WE,Federal Contract Tower,7,23,9,4,43,0,1,31,0,32,7,24,40,4,75,42,2,44,119
06/14/2015,GJT,CO,ANM,WE,Federal Contract Tower,9,33,8,0,50,0,1,53,2,56,9,34,61,2,106,38,0,38,144
06/15/2015,GJT,CO,ANM,WE,Federal Contract Tower,5,38,19,4,66,0,0,34,1,35,5,38,53,5,101,12,4,16,117
06/16/2015,GJT,CO,ANM,WE,Federal Contract Tower,6,35,9,4,54,0,0,25,2,27,6,35,34,6,81,22,22,44,125
06/17/2015,GJT,CO,ANM,WE,Federal Contract Tower,9,37,15,5,66,0,0,43,7,50,9,37,58,12,116,18,32,50,166
06/18/2015,GJT,CO,ANM,WE,Federal Contract Tower,11,38,12,7,68,0,2,60,0,62,11,40,72,7,130,26,0,26,156
06/19/2015,GJT,CO,ANM,WE,Federal Contract Tower,5,36,7,2,50,0,3,36,0,39,5,39,43,2,89,34,0,34,123
06/20/2015,GJT,CO,ANM,WE,Federal Contract Tower,6,21,10,2,39,0,2,61,5,68,6,23,71,7,107,58,10,68,175
06/21/2015,GJT,CO,ANM,WE,Federal Contract Tower,6,31,10,1,48,0,0,59,0,59,6,31,69,1,107,26,0,26,133
06/22/2015,GJT,CO,ANM,WE,Federal Contract Tower,10,38,9,4,61,0,0,27,0,27,10,38,36,4,88,4,0,4,92
06/23/2015,GJT,CO,ANM,WE,Federal Contract Tower,11,33,16,25,85,0,1,42,0,43,11,34,58,25,128,62,18,80,208
06/24/2015,GJT,CO,ANM,WE,Federal Contract Tower,10,38,21,8,77,0,3,60,1,64,10,41,81,9,141,26,14,40,181
06/25/2015,GJT,CO,ANM,WE,Federal Contract Tower,17,36,20,4,77,0,0,57,4,61,17,36,77,8,138,32,0,32,170
06/26/2015,GJT,CO,ANM,WE,Federal Contract Tower,9,31,15,3,58,0,0,54,2,56,9,31,69,5,114,14,8,22,136
06/27/2015,GJT,CO,ANM,WE,Federal Contract Tower,6,26,13,0,45,0,0,41,2,43,6,26,54,2,88,18,0,18,106
06/28/2015,GJT,CO,ANM,WE,Federal Contract Tower,16,31,8,6,61,0,1,54,0,55,16,32,62,6,116,18,0,18,134
06/29/2015,GJT,CO,ANM,WE,Federal Contract Tower,5,33,8,3,49,0,0,37,1,38,5,33,45,4,87,10,0,10,97
06/30/2015,GJT,CO,ANM,WE,Federal Contract Tower,12,34,18,6,70,0,1,50,7,58,12,35,68,13,128,48,4,52,180
07/01/2015,GJT,CO,ANM,WE,Federal Contract Tower,8,38,14,8,68,0,2,28,1,31,8,40,42,9,99,0,0,0,99
07/02/2015,GJT,CO,ANM,WE,Federal Contract Tower,11,37,18,2,68,0,2,51,0,53,11,39,69,2,121,32,0,32,153
07/03/2015,GJT,CO,ANM,WE,Federal Contract Tower,7,30,8,0,45,0,0,37,0,37,7,30,45,0,82,22,0,22,104
07/04/2015,GJT,CO,ANM,WE,Federal Contract Tower,6,17,4,0,27,0,0,23,0,23,6,17,27,0,50,30,0,30,80
07/05/2015,GJT,CO,ANM,WE,Federal Contract Tower,11,32,15,4,62,0,0,11,0,11,11,32,26,4,73,0,0,0,73
07/06/2015,GJT,CO,ANM,WE,Federal Contract Tower,7,31,15,4,57,0,1,20,0,21,7,32,35,4,78,2,0,2,80
07/07/2015,GJT,CO,ANM,WE,Federal Contract Tower,6,31,17,4,58,0,1,20,0,21,6,32,37,4,79,20,6,26,105
07/08/2015,GJT,CO,ANM,WE,Federal Contract Tower,8,34,12,0,54,0,1,12,0,13,8,35,24,0,67,24,0,24,91
07/09/2015,GJT,CO,ANM,WE,Federal Contract Tower,14,40,11,2,67,0,1,35,0,36,14,41,46,2,103,22,0,22,125
07/10/2015,GJT,CO,ANM,WE,Federal Contract Tower,9,28,12,6,55,0,2,31,1,34,9,30,43,7,89,36,0,36,125
07/11/2015,GJT,CO,ANM,WE,Federal Contract Tower,6,25,6,2,39,0,0,29,0,29,6,25,35,2,68,34,0,34,102
07/12/2015,GJT,CO,ANM,WE,Federal Contract Tower,10,24,11,7,52,0,3,52,1,56,10,27,63,8,108,56,4,60,168
07/13/2015,GJT,CO,ANM,WE,Federal Contract Tower,8,31,22,2,63,0,0,45,0,45,8,31,67,2,108,28,0,28,136
07/14/2015,GJT,CO,ANM,WE,Federal Contract Tower,7,34,21,3,65,0,3,37,0,40,7,37,58,3,105,20,0,20,125
07/15/2015,GJT,CO,ANM,WE,Federal Contract Tower,9,32,10,9,60,0,2,30,0,32,9,34,40,9,92,26,6,32,124
07/16/2015,GJT,CO,ANM,WE,Federal Contract Tower,10,30,16,2,58,0,3,43,4,50,10,33,59,6,108,10,4,14,122
07/17/2015,GJT,CO,ANM,WE,Federal Contract Tower,6,30,25,2,63,0,0,50,0,50,6,30,75,2,113,18,0,18,131
07/18/2015,GJT,CO,ANM,WE,Federal Contract Tower,6,32,11,8,57,0,0,33,2,35,6,32,44,10,92,12,4,16,108
07/19/2015,GJT,CO,ANM,WE,Federal Contract Tower,13,27,15,11,66,0,1,37,0,38,13,28,52,11,104,36,0,36,140
07/20/2015,GJT,CO,ANM,WE,Federal Contract Tower,8,30,10,1,49,0,0,32,5,37,8,30,42,6,86,10,0,10,96
07/21/2015,GJT,CO,ANM,WE,Federal Contract Tower,10,30,14,0,54,0,0,6,2,8,10,30,20,2,62,20,0,20,82
07/22/2015,GJT,CO,ANM,WE,Federal Contract Tower,12,32,15,3,62,0,2,34,1,37,12,34,49,4,99,0,10,10,109
07/23/2015,GJT,CO,ANM,WE,Federal Contract Tower,15,37,22,13,87,0,2,51,2,55,15,39,73,15,142,18,12,30,172
07/24/2015,GJT,CO,ANM,WE,Federal Contract Tower,9,34,23,5,71,0,2,56,2,60,9,36,79,7,131,34,2,36,167
07/25/2015,GJT,CO,ANM,WE,Federal Contract Tower,6,28,8,0,42,0,0,53,0,53,6,28,61,0,95,18,0,18,113
07/26/2015,GJT,CO,ANM,WE,Federal Contract Tower,10,27,12,3,52,2,0,43,0,45,12,27,55,3,97,12,0,12,109
07/27/2015,GJT,CO,ANM,WE,Federal Contract Tower,10,33,8,8,59,0,3,27,0,30,10,36,35,8,89,0,2,2,91
07/28/2015,GJT,CO,ANM,WE,Federal Contract Tower,8,24,19,7,58,0,1,54,2,57,8,25,73,9,115,24,0,24,139
07/29/2015,GJT,CO,ANM,WE,Federal Contract Tower,10,31,13,9,63,0,2,42,1,45,10,33,55,10,108,20,18,38,146
07/30/2015,GJT,CO,ANM,WE,Federal Contract Tower,10,32,15,0,57,0,0,49,0,49,10,32,64,0,106,30,0,30,136
07/31/2015,GJT,CO,ANM,WE,Federal Contract Tower,10,38,8,2,58,0,7,27,0,34,10,45,35,2,92,28,0,28,120
08/01/2015,GJT,CO,ANM,WE,Federal Contract Tower,6,31,0,2,39,0,6,31,1,38,6,37,31,3,77,14,0,14,91
08/02/2015,GJT,CO,ANM,WE,Federal Contract Tower,9,31,17,2,59,0,0,19,0,19,9,31,36,2,78,20,0,20,98
08/03/2015,GJT,CO,ANM,WE,Federal Contract Tower,9,33,15,5,62,0,0,29,1,30,9,33,44,6,92,68,0,68,160
08/04/2015,GJT,CO,ANM,WE,Federal Contract Tower,10,35,21,14,80,0,1,35,2,38,10,36,56,16,118,16,8,24,142
08/05/2015,GJT,CO,ANM,WE,Federal Contract Tower,12,29,11,0,52,0,0,44,0,44,12,29,55,0,96,0,0,0,96
08/06/2015,GJT,CO,ANM,WE,Federal Contract Tower,13,31,17,4,65,0,2,37,0,39,13,33,54,4,104,12,12,24,128
08/07/2015,GJT,CO,ANM,WE,Federal Contract Tower,22,33,14,5,74,0,1,27,1,29,22,34,41,6,103,26,0,26,129
08/08/2015,GJT,CO,ANM,WE,Federal Contract Tower,11,19,13,2,45,0,0,22,6,28,11,19,35,8,73,22,8,30,103
08/09/2015,GJT,CO,ANM,WE,Federal Contract Tower,10,28,20,4,62,0,4,45,0,49,10,32,65,4,111,38,0,38,149
08/10/2015,GJT,CO,ANM,WE,Federal Contract Tower,8,27,11,2,48,0,1,39,0,40,8,28,50,2,88,12,0,12,100
08/11/2015,GJT,CO,ANM,WE,Federal Contract Tower,11,26,32,14,83,0,3,31,0,34,11,29,63,14,117,2,4,6,123
08/12/2015,GJT,CO,ANM,WE,Federal Contract Tower,10,32,20,6,68,0,1,29,2,32,10,33,49,8,100,14,8,22,122
08/13/2015,GJT,CO,ANM,WE,Federal Contract Tower,11,33,12,8,64,0,0,49,6,55,11,33,61,14,119,42,16,58,177
08/14/2015,GJT,CO,ANM,WE,Federal Contract Tower,9,33,11,0,53,0,0,28,0,28,9,33,39,0,81,8,0,8,89
08/15/2015,GJT,CO,ANM,WE,Federal Contract Tower,5,27,5,0,37,0,4,32,0,36,5,31,37,0,73,18,0,18,91
08/16/2015,GJT,CO,ANM,WE,Federal Contract Tower,14,23,18,2,57,0,3,51,0,54,14,26,69,2,111,8,0,8,119
08/17/2015,GJT,CO,ANM,WE,Federal Contract Tower,7,31,24,0,62,0,3,27,3,33,7,34,51,3,95,14,0,14,109
08/18/2015,GJT,CO,ANM,WE,Federal Contract Tower,5,36,18,0,59,0,0,58,0,58,5,36,76,0,117,18,0,18,135
08/19/2015,GJT,CO,ANM,WE,Federal Contract Tower,8,34,18,3,63,0,2,44,0,46,8,36,62,3,109,2,4,6,115
08/20/2015,GJT,CO,ANM,WE,Federal Contract Tower,11,28,21,3,63,0,1,52,6,59,11,29,73,9,122,14,0,14,136
08/21/2015,GJT,CO,ANM,WE,Federal Contract Tower,8,32,20,7,67,0,2,50,0,52,8,34,70,7,119,28,0,28,147
08/22/2015,GJT,CO,ANM,WE,Federal Contract Tower,5,24,8,1,38,0,3,43,0,46,5,27,51,1,84,34,0,34,118
08/23/2015,GJT,CO,ANM,WE,Federal Contract Tower,8,23,17,2,50,0,0,37,2,39,8,23,54,4,89,6,2,8,97
08/24/2015,GJT,CO,ANM,WE,Federal Contract Tower,7,32,24,2,65,0,2,32,2,36,7,34,56,4,101,6,0,6,107
08/25/2015,GJT,CO,ANM,WE,Federal Contract Tower,7,24,30,3,64,0,0,23,0,23,7,24,53,3,87,12,0,12,99
08/26/2015,GJT,CO,ANM,WE,Federal Contract Tower,6,37,14,4,61,0,1,26,1,28,6,38,40,5,89,20,0,20,109
08/27/2015,GJT,CO,ANM,WE,Federal Contract Tower,10,34,20,0,64,0,0,37,0,37,10,34,57,0,101,22,0,22,123
08/28/2015,GJT,CO,ANM,WE,Federal Contract Tower,8,31,22,6,67,0,1,42,4,47,8,32,64,10,114,28,8,36,150
08/29/2015,GJT,CO,ANM,WE,Federal Contract Tower,3,22,12,0,37,0,1,44,0,45,3,23,56,0,82,32,0,32,114
08/30/2015,GJT,CO,ANM,WE,Federal Contract Tower,8,22,15,5,50,0,0,37,3,40,8,22,52,8,90,4,6,10,100
08/31/2015,GJT,CO,ANM,WE,Federal Contract Tower,8,35,11,1,55,0,1,28,0,29,8,36,39,1,84,20,0,20,104
09/01/2015,GJT,CO,ANM,WE,Federal Contract Tower,8,28,18,7,61,0,2,34,2,38,8,30,52,9,99,16,0,16,115
09/02/2015,GJT,CO,ANM,WE,Federal Contract Tower,8,38,17,0,63,0,0,35,0,35,8,38,52,0,98,20,0,20,118
09/03/2015,GJT,CO,ANM,WE,Federal Contract Tower,12,41,16,14,83,0,0,35,0,35,12,41,51,14,118,4,4,8,126
09/04/2015,GJT,CO,ANM,WE,Federal Contract Tower,8,37,28,6,79,0,4,36,5,45,8,41,64,11,124,18,16,34,158
09/05/2015,GJT,CO,ANM,WE,Federal Contract Tower,5,22,6,0,33,0,4,15,2,21,5,26,21,2,54,0,0,0,54
09/06/2015,GJT,CO,ANM,WE,Federal Contract Tower,5,24,9,0,38,0,0,45,0,45,5,24,54,0,83,46,0,46,129
09/07/2015,GJT,CO,ANM,WE,Federal Contract Tower,7,39,17,0,63,0,0,28,3,31,7,39,45,3,94,12,6,18,112
09/08/2015,GJT,CO,ANM,WE,Federal Contract Tower,5,27,17,0,49,0,0,55,1,56,5,27,72,1,105,38,0,38,143
09/09/2015,GJT,CO,ANM,WE,Federal Contract Tower,8,40,25,11,84,0,0,51,0,51,8,40,76,11,135,6,4,10,145
09/10/2015,GJT,CO,ANM,WE,Federal Contract Tower,12,33,16,3,64,0,2,65,3,70,12,35,81,6,134,20,0,20,154
09/11/2015,GJT,CO,ANM,WE,Federal Contract Tower,6,35,30,7,78,0,2,47,0,49,6,37,77,7,127,36,0,36,163
09/12/2015,GJT,CO,ANM,WE,Federal Contract Tower,7,22,5,13,47,0,0,48,7,55,7,22,53,20,102,8,18,26,128
09/13/2015,GJT,CO,ANM,WE,Federal Contract Tower,11,20,13,7,51,0,0,29,4,33,11,20,42,11,84,20,0,20,104
09/14/2015,GJT,CO,ANM,WE,Federal Contract Tower,8,32,16,3,59,0,1,32,0,33,8,33,48,3,92,14,0,14,106
09/15/2015,GJT,CO,ANM,WE,Federal Contract Tower,11,33,11,3,58,0,2,14,0,16,11,35,25,3,74,14,6,20,94
09/16/2015,GJT,CO,ANM,WE,Federal Contract Tower,9,32,15,1,57,0,0,23,0,23,9,32,38,1,80,8,22,30,110
09/17/2015,GJT,CO,ANM,WE,Federal Contract Tower,12,40,22,2,76,0,2,47,0,49,12,42,69,2,125,10,0,10,135
09/18/2015,GJT,CO,ANM,WE,Federal Contract Tower,11,40,22,22,95,0,2,63,4,69,11,42,85,26,164,12,12,24,188
09/19/2015,GJT,CO,ANM,WE,Federal Contract Tower,7,24,11,13,55,0,0,31,15,46,7,24,42,28,101,18,48,66,167
09/20/2015,GJT,CO,ANM,WE,Federal Contract Tower,10,20,14,8,52,0,0,34,0,34,10,20,48,8,86,6,0,6,92
09/21/2015,GJT,CO,ANM,WE,Federal Contract Tower,7,28,22,4,61,0,6,42,0,48,7,34,64,4,109,14,2,16,125
09/22/2015,GJT,CO,ANM,WE,Federal Contract Tower,7,38,17,0,62,0,0,26,0,26,7,38,43,0,88,32,0,32,120
09/23/2015,GJT,CO,ANM,WE,Federal Contract Tower,8,33,12,1,54,0,2,43,0,45,8,35,55,1,99,30,0,30,129
09/24/2015,GJT,CO,ANM,WE,Federal Contract Tower,9,33,18,6,66,0,0,44,0,44,9,33,62,6,110,18,10,28,138
09/25/2015,GJT,CO,ANM,WE,Federal Contract Tower,8,32,17,8,65,0,0,50,0,50,8,32,67,8,115,36,0,36,151
09/26/2015,GJT,CO,ANM,WE,Federal Contract Tower,5,26,4,10,45,0,0,48,3,51,5,26,52,13,96,42,4,46,142
09/27/2015,GJT,CO,ANM,WE,Federal Contract Tower,9,26,8,4,47,0,2,37,3,42,9,28,45,7,89,6,2,8,97
09/28/2015,GJT,CO,ANM,WE,Federal Contract Tower,7,33,25,0,65,0,1,48,0,49,7,34,73,0,114,42,0,42,156
09/29/2015,GJT,CO,ANM,WE,Federal Contract Tower,9,28,19,11,67,0,0,29,0,29,9,28,48,11,96,22,0,22,118
09/30/2015,GJT,CO,ANM,WE,Federal Contract Tower,8,35,20,9,72,0,0,40,0,40,8,35,60,9,112,6,0,6,118
10/01/2015,GJT,CO,ANM,WE,Federal Contract Tower,13,35,15,5,68,0,6,63,0,69,13,41,78,5,137,32,0,32,169
10/02/2015,GJT,CO,ANM,WE,Federal Contract Tower,9,39,18,8,74,0,4,38,0,42,9,43,56,8,116,24,0,24,140
10/03/2015,GJT,CO,ANM,WE,Federal Contract Tower,4,19,15,12,50,0,2,46,7,55,4,21,61,19,105,24,14,38,143
10/04/2015,GJT,CO,ANM,WE,Federal Contract Tower,9,26,15,0,50,0,2,29,0,31,9,28,44,0,81,0,0,0,81
10/05/2015,GJT,CO,ANM,WE,Federal Contract Tower,7,31,17,0,55,0,0,11,0,11,7,31,28,0,66,14,0,14,80
10/06/2015,GJT,CO,ANM,WE,Federal Contract Tower,8,33,8,7,56,0,3,44,0,47,8,36,52,7,103,6,24,30,133
10/07/2015,GJT,CO,ANM,WE,Federal Contract Tower,8,37,9,7,61,0,0,47,2,49,8,37,56,9,110,36,6,42,152
10/08/2015,GJT,CO,ANM,WE,Federal Contract Tower,10,31,11,4,56,0,0,73,2,75,10,31,84,6,131,14,6,20,151
10/09/2015,GJT,CO,ANM,WE,Federal Contract Tower,6,35,13,4,58,0,1,40,2,43,6,36,53,6,101,0,0,0,101
10/10/2015,GJT,CO,ANM,WE,Federal Contract Tower,4,21,4,2,31,0,1,25,5,31,4,22,29,7,62,0,18,18,80
10/11/2015,GJT,CO,ANM,WE,Federal Contract Tower,7,16,4,17,44,0,2,36,2,40,7,18,40,19,84,4,2,6,90
10/12/2015,GJT,CO,ANM,WE,Federal Contract Tower,7,29,18,6,60,0,3,57,0,60,7,32,75,6,120,26,0,26,146
10/13/2015,GJT,CO,ANM,WE,Federal Contract Tower,6,30,20,5,61,0,2,44,2,48,6,32,64,7,109,2,6,8,117
10/14/2015,GJT,CO,ANM,WE,Federal Contract Tower,8,30,20,6,64,0,1,42,1,44,8,31,62,7,108,24,0,24,132
10/15/2015,GJT,CO,ANM,WE,Federal Contract Tower,10,34,23,14,81,0,2,52,2,56,10,36,75,16,137,4,0,4,141
10/16/2015,GJT,CO,ANM,WE,Federal Contract Tower,8,39,13,20,80,0,7,48,1,56,8,46,61,21,136,4,6,10,146
10/17/2015,GJT,CO,ANM,WE,Federal Contract Tower,5,22,11,4,42,0,1,32,5,38,5,23,43,9,80,12,0,12,92
10/18/2015,GJT,CO,ANM,WE,Federal Contract Tower,9,23,8,10,50,0,0,30,1,31,9,23,38,11,81,40,10,50,131
10/19/2015,GJT,CO,ANM,WE,Federal Contract Tower,6,37,16,3,62,0,0,22,0,22,6,37,38,3,84,12,0,12,96
10/20/2015,GJT,CO,ANM,WE,Federal Contract Tower,8,37,13,2,60,0,1,28,0,29,8,38,41,2,89,4,0,4,93
10/21/2015,GJT,CO,ANM,WE,Federal Contract Tower,8,33,11,7,59,0,0,19,0,19,8,33,30,7,78,36,0,36,114
10/22/2015,GJT,CO,ANM,WE,Federal Contract Tower,10,38,13,1,62,0,0,2,0,2,10,38,15,1,64,10,0,10,74
10/23/2015,GJT,CO,ANM,WE,Federal Contract Tower,8,31,26,3,68,0,4,22,0,26,8,35,48,3,94,18,0,18,112
10/24/2015,GJT,CO,ANM,WE,Federal Contract Tower,6,25,2,21,54,0,7,29,13,49,6,32,31,34,103,4,56,60,163
10/25/2015,GJT,CO,ANM,WE,Federal Contract Tower,15,20,13,11,59,0,0,34,2,36,15,20,47,13,95,14,0,14,109
10/26/2015,GJT,CO,ANM,WE,Federal Contract Tower,8,29,13,3,53,0,2,11,0,13,8,31,24,3,66,6,0,6,72
10/27/2015,GJT,CO,ANM,WE,Federal Contract Tower,8,34,19,6,67,0,0,23,1,24,8,34,42,7,91,18,0,18,109
10/28/2015,GJT,CO,ANM,WE,Federal Contract Tower,8,33,6,8,55,0,0,42,1,43,8,33,48,9,98,12,10,22,120
10/29/2015,GJT,CO,ANM,WE,Federal Contract Tower,10,32,24,9,75,0,1,29,3,33,10,33,53,12,108,46,0,46,154
10/30/2015,GJT,CO,ANM,WE,Federal Contract Tower,8,32,14,0,54,0,1,27,0,28,8,33,41,0,82,22,0,22,104
10/31/2015,GJT,CO,ANM,WE,Federal Contract Tower,6,14,4,2,26,0,6,59,0,65,6,20,63,2,91,38,0,38,129
11/01/2015,GJT,CO,ANM,WE,Federal Contract Tower,7,29,7,6,49,0,3,42,0,45,7,32,49,6,94,56,0,56,150
11/02/2015,GJT,CO,ANM,WE,Federal Contract Tower,7,32,18,8,65,0,0,35,0,35,7,32,53,8,100,14,0,14,114
11/03/2015,GJT,CO,ANM,WE,Federal Contract Tower,10,32,20,2,64,0,3,12,2,17,10,35,32,4,81,0,0,0,81
11/04/2015,GJT,CO,ANM,WE,Federal Contract Tower,8,36,11,5,60,0,0,15,2,17,8,36,26,7,77,24,6,30,107
11/05/2015,GJT,CO,ANM,WE,Federal Contract Tower,8,31,14,0,53,0,0,3,2,5,8,31,17,2,58,10,0,10,68
11/06/2015,GJT,CO,ANM,WE,Federal Contract Tower,9,36,23,22,90,0,0,42,5,47,9,36,65,27,137,26,2,28,165
11/07/2015,GJT,CO,ANM,WE,Federal Contract Tower,7,14,8,20,49,0,0,25,18,43,7,14,33,38,92,8,36,44,136
11/08/2015,GJT,CO,ANM,WE,Federal Contract Tower,8,25,7,8,48,0,2,43,0,45,8,27,50,8,93,38,0,38,131
11/09/2015,GJT,CO,ANM,WE,Federal Contract Tower,4,34,18,1,57,0,4,39,0,43,4,38,57,1,100,8,0,8,108
11/10/2015,GJT,CO,ANM,WE,Federal Contract Tower,7,33,19,0,59,0,0,31,0,31,7,33,50,0,90,0,0,0,90
11/11/2015,GJT,CO,ANM,WE,Federal Contract Tower,5,36,7,2,50,0,0,24,1,25,5,36,31,3,75,28,0,28,103
11/12/2015,GJT,CO,ANM,WE,Federal Contract Tower,9,29,16,8,62,0,0,37,0,37,9,29,53,8,99,30,0,30,129
11/13/2015,GJT,CO,ANM,WE,Federal Contract Tower,10,29,20,8,67,0,0,37,1,38,10,29,57,9,105,32,6,38,143
11/14/2015,GJT,CO,ANM,WE,Federal Contract Tower,4,14,9,41,68,0,0,37,17,54,4,14,46,58,122,14,20,34,156
11/15/2015,GJT,CO,ANM,WE,Federal Contract Tower,10,28,10,8,56,0,0,42,2,44,10,28,52,10,100,16,16,32,132
11/16/2015,GJT,CO,ANM,WE,Federal Contract Tower,5,30,9,2,46,0,0,0,0,0,5,30,9,2,46,0,0,0,46
11/17/2015,GJT,CO,ANM,WE,Federal Contract Tower,7,33,17,4,61,0,0,20,0,20,7,33,37,4,81,16,0,16,97
11/18/2015,GJT,CO,ANM,WE,Federal Contract Tower,6,35,18,6,65,0,1,34,1,36,6,36,52,7,101,32,22,54,155
11/19/2015,GJT,CO,ANM,WE,Federal Contract Tower,9,32,12,9,62,0,3,26,0,29,9,35,38,9,91,14,0,14,105
11/20/2015,GJT,CO,ANM,WE,Federal Contract Tower,7,32,22,4,65,0,0,27,0,27,7,32,49,4,92,50,0,50,142
11/21/2015,GJT,CO,ANM,WE,Federal Contract Tower,5,21,8,6,40,0,0,25,0,25,5,21,33,6,65,42,0,42,107
11/22/2015,GJT,CO,ANM,WE,Federal Contract Tower,10,23,9,6,48,0,0,27,0,27,10,23,36,6,75,10,0,10,85
11/23/2015,GJT,CO,ANM,WE,Federal Contract Tower,6,29,12,6,53,0,3,31,2,36,6,32,43,8,89,2,0,2,91
11/24/2015,GJT,CO,ANM,WE,Federal Contract Tower,8,35,6,0,49,0,0,42,0,42,8,35,48,0,91,54,0,54,145
11/25/2015,GJT,CO,ANM,WE,Federal Contract Tower,12,31,10,2,55,0,0,16,0,16,12,31,26,2,71,18,0,18,89
11/26/2015,GJT,CO,ANM,WE,Federal Contract Tower,4,16,2,0,22,0,0,3,0,3,4,16,5,0,25,0,0,0,25
11/27/2015,GJT,CO,ANM,WE,Federal Contract Tower,8,25,2,1,36,0,0,12,0,12,8,25,14,1,48,10,0,10,58
11/28/2015,GJT,CO,ANM,WE,Federal Contract Tower,8,27,6,1,42,0,0,15,0,15,8,27,21,1,57,10,0,10,67
11/29/2015,GJT,CO,ANM,WE,Federal Contract Tower,11,33,11,0,55,0,0,1,0,1,11,33,12,0,56,0,0,0,56
11/30/2015,GJT,CO,ANM,WE,Federal Contract Tower,6,35,12,2,55,0,2,17,0,19,6,37,29,2,74,20,0,20,94
12/01/2015,GJT,CO,ANM,WE,Federal Contract Tower,10,33,15,22,80,0,0,33,3,36,10,33,48,25,116,2,10,12,128
12/02/2015,GJT,CO,ANM,WE,Federal Contract Tower,12,29,8,5,54,0,0,24,4,28,12,29,32,9,82,10,8,18,100
12/03/2015,GJT,CO,ANM,WE,Federal Contract Tower,11,28,15,19,73,0,4,31,2,37,11,32,46,21,110,30,0,30,140
12/04/2015,GJT,CO,ANM,WE,Federal Contract Tower,10,33,9,9,61,0,0,48,0,48,10,33,57,9,109,40,0,40,149
12/05/2015,GJT,CO,ANM,WE,Federal Contract Tower,4,19,2,3,28,0,0,38,0,38,4,19,40,3,66,18,0,18,84
12/06/2015,GJT,CO,ANM,WE,Federal Contract Tower,8,26,6,9,49,0,0,23,2,25,8,26,29,11,74,24,0,24,98
12/07/2015,GJT,CO,ANM,WE,Federal Contract Tower,8,29,8,3,48,0,1,29,0,30,8,30,37,3,78,30,0,30,108
12/08/2015,GJT,CO,ANM,WE,Federal Contract Tower,8,32,10,2,52,0,0,35,0,35,8,32,45,2,87,30,0,30,117
12/09/2015,GJT,CO,ANM,WE,Federal Contract Tower,10,32,21,3,66,0,0,37,2,39,10,32,58,5,105,10,2,12,117
12/10/2015,GJT,CO,ANM,WE,Federal Contract Tower,12,34,12,4,62,0,0,31,0,31,12,34,43,4,93,30,0,30,123
12/11/2015,GJT,CO,ANM,WE,Federal Contract Tower,10,34,25,0,69,0,0,19,1,20,10,34,44,1,89,10,0,10,99
12/12/2015,GJT,CO,ANM,WE,Federal Contract Tower,5,15,6,3,29,0,0,2,0,2,5,15,8,3,31,0,0,0,31
12/13/2015,GJT,CO,ANM,WE,Federal Contract Tower,9,25,10,15,59,0,2,33,0,35,9,27,43,15,94,44,0,44,138
12/14/2015,GJT,CO,ANM,WE,Federal Contract Tower,7,37,17,5,66,0,0,0,0,0,7,37,17,5,66,0,0,0,66
12/15/2015,GJT,CO,ANM,WE,Federal Contract Tower,5,31,12,1,49,0,1,8,1,10,5,32,20,2,59,38,0,38,97
12/16/2015,GJT,CO,ANM,WE,Federal Contract Tower,11,38,12,9,70,0,1,16,0,17,11,39,28,9,87,8,16,24,111
12/17/2015,GJT,CO,ANM,WE,Federal Contract Tower,10,35,16,2,63,0,2,28,0,30,10,37,44,2,93,30,0,30,123
12/18/2015,GJT,CO,ANM,WE,Federal Contract Tower,8,35,24,1,68,0,2,49,1,52,8,37,73,2,120,62,0,62,182
12/19/2015,GJT,CO,ANM,WE,Federal Contract Tower,3,34,28,4,69,0,0,41,2,43,3,34,69,6,112,26,0,26,138
12/20/2015,GJT,CO,ANM,WE,Federal Contract Tower,9,35,13,0,57,0,0,16,0,16,9,35,29,0,73,0,0,0,73
12/21/2015,GJT,CO,ANM,WE,Federal Contract Tower,6,32,21,4,63,0,0,19,0,19,6,32,40,4,82,22,0,22,104
12/22/2015,GJT,CO,ANM,WE,Federal Contract Tower,13,45,27,0,85,0,0,0,0,0,13,45,27,0,85,0,0,0,85
12/23/2015,GJT,CO,ANM,WE,Federal Contract Tower,18,48,18,0,84,0,0,4,0,4,18,48,22,0,88,16,0,16,104
12/24/2015,GJT,CO,ANM,WE,Federal Contract Tower,8,36,7,0,51,0,0,18,0,18,8,36,25,0,69,12,0,12,81
12/25/2015,GJT,CO,ANM,WE,Federal Contract Tower,14,46,12,0,72,0,0,0,0,0,14,46,12,0,72,0,0,0,72
12/26/2015,GJT,CO,ANM,WE,Federal Contract Tower,3,38,23,0,64,0,0,11,0,11,3,38,34,0,75,16,0,16,91
12/27/2015,GJT,CO,ANM,WE,Federal Contract Tower,8,33,8,0,49,0,0,16,0,16,8,33,24,0,65,12,0,12,77
12/28/2015,GJT,CO,ANM,WE,Federal Contract Tower,7,35,23,5,70,0,0,42,0,42,7,35,65,5,112,16,19,35,147
12/29/2015,GJT,CO,ANM,WE,Federal Contract Tower,7,42,19,4,72,0,0,14,0,14,7,42,33,4,86,8,0,8,94
12/30/2015,GJT,CO,ANM,WE,Federal Contract Tower,14,48,17,1,80,0,2,18,1,21,14,50,35,2,101,14,0,14,115
12/31/2015,GJT,CO,ANM,WE,Federal Contract Tower,7,38,20,0,65,0,3,24,0,27,7,41,44,0,92,16,0,16,108
01/01/2016,GJT,CO,ANM,WE,Federal Contract Tower,4,27,8,0,39,0,4,19,0,23,4,31,27,0,62,10,0,10,72
01/02/2016,GJT,CO,ANM,WE,Federal Contract Tower,1,43,11,0,55,0,1,40,0,41,1,44,51,0,96,42,0,42,138
01/03/2016,GJT,CO,ANM,WE,Federal Contract Tower,11,46,21,0,78,0,1,27,0,28,11,47,48,0,106,14,0,14,120
01/04/2016,GJT,CO,ANM,WE,Federal Contract Tower,5,27,23,0,55,0,0,18,0,18,5,27,41,0,73,6,0,6,79
01/05/2016,GJT,CO,ANM,WE,Federal Contract Tower,4,37,11,2,54,0,1,11,0,12,4,38,22,2,66,16,0,16,82
01/06/2016,GJT,CO,ANM,WE,Federal Contract Tower,1,39,14,0,54,0,0,5,0,5,1,39,19,0,59,0,0,0,59
01/07/2016,GJT,CO,ANM,WE,Federal Contract Tower,7,31,12,0,50,0,0,1,0,1,7,31,13,0,51,0,0,0,51
01/08/2016,GJT,CO,ANM,WE,Federal Contract Tower,15,38,17,2,72,0,0,16,0,16,15,38,33,2,88,24,0,24,112
01/09/2016,GJT,CO,ANM,WE,Federal Contract Tower,3,18,22,0,43,0,0,23,0,23,3,18,45,0,66,12,0,12,78
01/10/2016,GJT,CO,ANM,WE,Federal Contract Tower,4,27,14,3,48,0,1,18,0,19,4,28,32,3,67,18,0,18,85
01/11/2016,GJT,CO,ANM,WE,Federal Contract Tower,3,28,8,4,43,0,0,35,0,35,3,28,43,4,78,26,0,26,104
01/12/2016,GJT,CO,ANM,WE,Federal Contract Tower,4,31,16,11,62,0,0,39,11,50,4,31,55,22,112,36,30,66,178
01/13/2016,GJT,CO,ANM,WE,Federal Contract Tower,2,34,14,8,58,0,1,46,2,49,2,35,60,10,107,16,20,36,143
01/14/2016,GJT,CO,ANM,WE,Federal Contract Tower,11,35,18,0,64,0,5,34,5,44,11,40,52,5,108,22,10,32,140
01/15/2016,GJT,CO,ANM,WE,Federal Contract Tower,18,45,19,2,84,0,0,6,0,6,18,45,25,2,90,0,0,0,90
01/16/2016,GJT,CO,ANM,WE,Federal Contract Tower,5,23,7,15,50,0,0,36,2,38,5,23,43,17,88,20,0,20,108
01/17/2016,GJT,CO,ANM,WE,Federal Contract Tower,7,31,10,0,48,0,0,15,0,15,7,31,25,0,63,4,0,4,67
01/18/2016,GJT,CO,ANM,WE,Federal Contract Tower,4,32,19,1,56,0,0,18,0,18,4,32,37,1,74,14,0,14,88
01/19/2016,GJT,CO,ANM,WE,Federal Contract Tower,4,34,16,0,54,0,0,2,0,2,4,34,18,0,56,0,0,0,56
01/20/2016,GJT,CO,ANM,WE,Federal Contract Tower,4,44,18,6,72,0,0,1,0,1,4,44,19,6,73,0,0,0,73
01/21/2016,GJT,CO,ANM,WE,Federal Contract Tower,6,30,22,6,64,0,2,34,4,40,6,32,56,10,104,26,6,32,136
01/22/2016,GJT,CO,ANM,WE,Federal Contract Tower,2,33,15,6,56,0,1,47,1,49,2,34,62,7,105,52,14,66,171
01/23/2016,GJT,CO,ANM,WE,Federal Contract Tower,1,18,14,4,37,0,5,44,0,49,1,23,58,4,86,42,0,42,128
01/24/2016,GJT,CO,ANM,WE,Federal Contract Tower,7,42,9,0,58,0,0,0,0,0,7,42,9,0,58,0,0,0,58
01/25/2016,GJT,CO,ANM,WE,Federal Contract Tower,4,36,21,4,65,0,2,17,0,19,4,38,38,4,84,8,0,8,92
01/26/2016,GJT,CO,ANM,WE,Federal Contract Tower,5,30,7,6,48,0,0,38,3,41,5,30,45,9,89,38,8,46,135
01/27/2016,GJT,CO,ANM,WE,Federal Contract Tower,2,30,3,7,42,0,2,23,0,25,2,32,26,7,67,34,0,34,101
01/28/2016,GJT,CO,ANM,WE,Federal Contract Tower,6,29,8,7,50,0,2,46,2,50,6,31,54,9,100,16,26,42,142
01/29/2016,GJT,CO,ANM,WE,Federal Contract Tower,4,37,18,2,61,0,0,35,1,36,4,37,53,3,97,4,16,20,117
01/30/2016,GJT,CO,ANM,WE,Federal Contract Tower,3,19,7,0,29,0,2,14,0,16,3,21,21,0,45,18,0,18,63
01/31/2016,GJT,CO,ANM,WE,Federal Contract Tower,16,46,12,0,74,0,0,2,0,2,16,46,14,0,76,0,0,0,76
02/01/2016,GJT,CO,ANM,WE,Federal Contract Tower,7,59,14,0,80,0,0,0,0,0,7,59,14,0,80,0,0,0,80
02/02/2016,GJT,CO,ANM,WE,Federal Contract Tower,11,45,20,2,78,0,0,2,4,6,11,45,22,6,84,0,0,0,84
02/03/2016,GJT,CO,ANM,WE,Federal Contract Tower,3,34,23,6,66,0,1,26,11,38,3,35,49,17,104,18,44,62,166
02/04/2016,GJT,CO,ANM,WE,Federal Contract Tower,6,37,18,13,74,0,0,6,6,12,6,37,24,19,86,2,2,4,90
02/05/2016,GJT,CO,ANM,WE,Federal Contract Tower,4,38,33,3,78,0,2,24,0,26,4,40,57,3,104,30,0,30,134
02/06/2016,GJT,CO,ANM,WE,Federal Contract Tower,3,16,11,1,31,0,0,32,5,37,3,16,43,6,68,26,10,36,104
02/07/2016,GJT,CO,ANM,WE,Federal Contract Tower,2,30,6,0,38,0,1,21,0,22,2,31,27,0,60,6,0,6,66
02/08/2016,GJT,CO,ANM,WE,Federal Contract Tower,3,30,12,2,47,0,0,30,5,35,3,30,42,7,82,32,0,32,114
02/09/2016,GJT,CO,ANM,WE,Federal Contract Tower,2,36,19,4,61,0,1,42,0,43,2,37,61,4,104,38,0,38,142
02/10/2016,GJT,CO,ANM,WE,Federal Contract Tower,2,35,29,3,69,0,3,50,0,53,2,38,79,3,122,60,0,60,182
02/11/2016,GJT,CO,ANM,WE,Federal Contract Tower,4,34,17,0,55,0,0,50,0,50,4,34,67,0,105,66,0,66,171
02/12/2016,GJT,CO,ANM,WE,Federal Contract Tower,3,38,18,2,61,0,4,37,2,43,3,42,55,4,104,28,0,28,132
02/13/2016,GJT,CO,ANM,WE,Federal Contract Tower,3,20,10,0,33,0,1,40,2,43,3,21,50,2,76,36,0,36,112
02/14/2016,GJT,CO,ANM,WE,Federal Contract Tower,3,30,5,0,38,0,0,21,0,21,3,30,26,0,59,22,0,22,81
02/15/2016,GJT,CO,ANM,WE,Federal Contract Tower,3,36,23,0,62,0,1,29,0,30,3,37,52,0,92,22,0,22,114
02/16/2016,GJT,CO,ANM,WE,Federal Contract Tower,2,37,15,0,54,0,1,25,2,28,2,38,40,2,82,6,0,6,88
02/17/2016,GJT,CO,ANM,WE,Federal Contract Tower,5,34,23,0,62,0,1,41,2,44,5,35,64,2,106,24,0,24,130
02/18/2016,GJT,CO,ANM,WE,Federal Contract Tower,14,41,28,4,87,0,0,8,0,8,14,41,36,4,95,0,0,0,95
02/19/2016,GJT,CO,ANM,WE,Federal Contract Tower,7,42,23,10,82,0,2,47,3,52,7,44,70,13,134,42,26,68,202
02/20/2016,GJT,CO,ANM,WE,Federal Contract Tower,4,21,12,8,45,0,0,59,3,62,4,21,71,11,107,70,21,91,198
02/21/2016,GJT,CO,ANM,WE,Federal Contract Tower,4,29,12,2,47,0,2,33,0,35,4,31,45,2,82,26,0,26,108
02/22/2016,GJT,CO,ANM,WE,Federal Contract Tower,3,34,22,8,67,0,1,16,0,17,3,35,38,8,84,12,0,12,96
02/23/2016,GJT,CO,ANM,WE,Federal Contract Tower,2,36,13,2,53,0,1,21,0,22,2,37,34,2,75,14,0,14,89
02/24/2016,GJT,CO,ANM,WE,Federal Contract Tower,7,28,17,0,52,0,1,45,0,46,7,29,62,0,98,22,0,22,120
02/25/2016,GJT,CO,ANM,WE,Federal Contract Tower,4,26,13,6,49,0,0,43,2,45,4,26,56,8,94,12,0,12,106
02/26/2016,GJT,CO,ANM,WE,Federal Contract Tower,4,39,22,2,67,0,4,41,0,45,4,43,63,2,112,30,0,30,142
02/27/2016,GJT,CO,ANM,WE,Federal Contract Tower,3,26,10,6,45,0,0,36,1,37,3,26,46,7,82,42,30,72,154
02/28/2016,GJT,CO,ANM,WE,Federal Contract Tower,2,28,9,6,45,0,1,50,0,51,2,29,59,6,96,74,0,74,170
02/29/2016,GJT,CO,ANM,WE,Federal Contract Tower,5,32,25,0,62,0,0,37,0,37,5,32,62,0,99,32,0,32,131
03/01/2016,GJT,CO,ANM,WE,Federal Contract Tower,2,34,14,0,50,0,1,31,0,32,2,35,45,0,82,28,0,28,110
03/02/2016,GJT,CO,ANM,WE,Federal Contract Tower,18,32,6,4,60,0,0,34,1,35,18,32,40,5,95,0,0,0,95
03/03/2016,GJT,CO,ANM,WE,Federal Contract Tower,2,38,15,3,58,0,2,30,0,32,2,40,45,3,90,42,0,42,132
03/04/2016,GJT,CO,ANM,WE,Federal Contract Tower,4,40,25,10,79,0,0,75,5,80,4,40,100,15,159,82,8,90,249
03/05/2016,GJT,CO,ANM,WE,Federal Contract Tower,3,24,5,12,44,0,2,41,3,46,3,26,46,15,90,26,14,40,130
03/06/2016,GJT,CO,ANM,WE,Federal Contract Tower,0,36,12,8,56,0,0,6,0,6,0,36,18,8,62,0,8,8,70
03/07/2016,GJT,CO,ANM,WE,Federal Contract Tower,3,42,11,2,58,0,1,1,0,2,3,43,12,2,60,0,0,0,60
03/08/2016,GJT,CO,ANM,WE,Federal Contract Tower,2,45,20,8,75,0,0,38,0,38,2,45,58,8,113,12,6,18,131
03/09/2016,GJT,CO,ANM,WE,Federal Contract Tower,5,43,13,0,61,0,0,43,0,43,5,43,56,0,104,24,0,24,128
03/10/2016,GJT,CO,ANM,WE,Federal Contract Tower,2,40,19,0,61,0,0,61,0,61,2,40,80,0,122,18,0,18,140
03/11/2016,GJT,CO,ANM,WE,Federal Contract Tower,6,43,12,6,67,0,1,50,0,51,6,44,62,6,118,14,0,14,132
03/12/2016,GJT,CO,ANM,WE,Federal Contract Tower,5,30,13,3,51,0,0,31,0,31,5,30,44,3,82,52,18,70,152
03/13/2016,GJT,CO,ANM,WE,Federal Contract Tower,1,36,7,1,45,0,0,36,0,36,1,36,43,1,81,36,0,36,117
03/14/2016,GJT,CO,ANM,WE,Federal Contract Tower,10,37,21,2,70,0,2,7,0,9,10,39,28,2,79,0,0,0,79
03/15/2016,GJT,CO,ANM,WE,Federal Contract Tower,11,39,14,5,69,0,0,15,0,15,11,39,29,5,84,2,0,2,86
03/16/2016,GJT,CO,ANM,WE,Federal Contract Tower,5,45,18,1,69,0,2,46,0,48,5,47,64,1,117,46,0,46,163
03/17/2016,GJT,CO,ANM,WE,Federal Contract Tower,6,37,17,3,63,0,0,40,0,40,6,37,57,3,103,2,0,2,105
03/18/2016,GJT,CO,ANM,WE,Federal Contract Tower,4,40,14,6,64,0,1,39,2,42,4,41,53,8,106,26,30,56,162
03/19/2016,GJT,CO,ANM,WE,Federal Contract Tower,9,24,13,14,60,0,0,49,2,51,9,24,62,16,111,16,14,30,141
03/20/2016,GJT,CO,ANM,WE,Federal Contract Tower,0,35,13,4,52,0,5,50,0,55,0,40,63,4,107,22,0,22,129
03/21/2016,GJT,CO,ANM,WE,Federal Contract Tower,4,36,16,0,56,0,4,34,0,38,4,40,50,0,94,14,0,14,108
03/22/2016,GJT,CO,ANM,WE,Federal Contract Tower,5,40,10,3,58,0,3,28,0,31,5,43,38,3,89,2,0,2,91
03/23/2016,GJT,CO,ANM,WE,Federal Contract Tower,22,25,9,6,62,0,3,6,0,9,22,28,15,6,71,0,0,0,71
03/24/2016,GJT,CO,ANM,WE,Federal Contract Tower,6,45,16,8,75,0,0,56,0,56,6,45,72,8,131,30,0,30,161
03/25/2016,GJT,CO,ANM,WE,Federal Contract Tower,17,51,17,20,105,0,2,42,0,44,17,53,59,20,149,16,6,22,171
03/26/2016,GJT,CO,ANM,WE,Federal Contract Tower,5,34,16,4,59,0,3,21,0,24,5,37,37,4,83,24,0,24,107
03/27/2016,GJT,CO,ANM,WE,Federal Contract Tower,0,37,13,1,51,0,1,38,0,39,0,38,51,1,90,10,0,10,100
03/28/2016,GJT,CO,ANM,WE,Federal Contract Tower,6,41,12,2,61,0,1,19,0,20,6,42,31,2,81,44,0,44,125
03/29/2016,GJT,CO,ANM,WE,Federal Contract Tower,5,36,15,0,56,0,1,2,0,3,5,37,17,0,59,0,0,0,59
03/30/2016,GJT,CO,ANM,WE,Federal Contract Tower,5,46,16,0,67,0,1,37,0,38,5,47,53,0,105,50,0,50,155
03/31/2016,GJT,CO,ANM,WE,Federal Contract Tower,2,42,21,6,71,0,0,38,0,38,2,42,59,6,109,40,0,40,149
04/01/2016,GJT,CO,ANM,WE,Federal Contract Tower,6,38,30,2,76,0,0,66,5,71,6,38,96,7,147,42,0,42,189
04/02/2016,GJT,CO,ANM,WE,Federal Contract Tower,2,25,10,4,41,0,0,45,7,52,2,25,55,11,93,30,10,40,133
04/03/2016,GJT,CO,ANM,WE,Federal Contract Tower,0,34,12,8,54,0,4,39,4,47,0,38,51,12,101,48,2,50,151
04/04/2016,GJT,CO,ANM,WE,Federal Contract Tower,5,35,10,11,61,0,3,41,0,44,5,38,51,11,105,36,4,40,145
04/05/2016,GJT,CO,ANM,WE,Federal Contract Tower,2,39,17,0,58,0,2,23,0,25,2,41,40,0,83,18,0,18,101
04/06/2016,GJT,CO,ANM,WE,Federal Contract Tower,2,35,15,5,57,0,0,41,0,41,2,35,56,5,98,44,6,50,148
04/07/2016,GJT,CO,ANM,WE,Federal Contract Tower,2,38,11,9,60,0,0,52,2,54,2,38,63,11,114,38,0,38,152
04/08/2016,GJT,CO,ANM,WE,Federal Contract Tower,4,33,16,11,64,0,0,41,1,42,4,33,57,12,106,14,8,22,128
04/09/2016,GJT,CO,ANM,WE,Federal Contract Tower,1,29,9,0,39,0,2,16,0,18,1,31,25,0,57,26,0,26,83
04/10/2016,GJT,CO,ANM,WE,Federal Contract Tower,6,31,4,7,48,0,2,13,0,15,6,33,17,7,63,18,0,18,81
04/11/2016,GJT,CO,ANM,WE,Federal Contract Tower,2,35,8,3,48,0,9,21,0,30,2,44,29,3,78,12,0,12,90
04/12/2016,GJT,CO,ANM,WE,Federal Contract Tower,5,42,11,4,62,0,6,24,0,30,5,48,35,4,92,30,0,30,122
04/13/2016,GJT,CO,ANM,WE,Federal Contract Tower,2,37,21,6,66,0,0,48,2,50,2,37,69,8,116,14,6,20,136
04/14/2016,GJT,CO,ANM,WE,Federal Contract Tower,2,32,22,3,59,0,0,33,8,41,2,32,55,11,100,34,12,46,146
04/15/2016,GJT,CO,ANM,WE,Federal Contract Tower,4,41,14,2,61,0,0,7,0,7,4,41,21,2,68,4,0,4,72
04/16/2016,GJT,CO,ANM,WE,Federal Contract Tower,1,19,2,2,24,0,0,1,0,1,1,19,3,2,25,0,0,0,25
04/17/2016,GJT,CO,ANM,WE,Federal Contract Tower,0,33,7,6,46,0,0,12,0,12,0,33,19,6,58,12,0,12,70
04/18/2016,GJT,CO,ANM,WE,Federal Contract Tower,3,35,10,2,50,0,0,11,0,11,3,35,21,2,61,6,0,6,67
04/19/2016,GJT,CO,ANM,WE,Federal Contract Tower,2,37,21,8,68,0,4,40,1,45,2,41,61,9,113,40,0,40,153
04/20/2016,GJT,CO,ANM,WE,Federal Contract Tower,2,46,14,0,62,0,2,39,0,41,2,48,53,0,103,34,0,34,137
04/21/2016,GJT,CO,ANM,WE,Federal Contract Tower,2,37,23,3,65,0,0,62,2,64,2,37,85,5,129,38,10,48,177
04/22/2016,GJT,CO,ANM,WE,Federal Contract Tower,4,42,14,14,74,0,8,34,5,47,4,50,48,19,121,10,12,22,143
04/23/2016,GJT,CO,ANM,WE,Federal Contract Tower,3,24,4,10,41,0,3,11,2,16,3,27,15,12,57,6,0,6,63
04/24/2016,GJT,CO,ANM,WE,Federal Contract Tower,0,38,9,8,55,0,4,44,0,48,0,42,53,8,103,14,0,14,117
04/25/2016,GJT,CO,ANM,WE,Federal Contract Tower,4,39,16,7,66,0,2,22,0,24,4,41,38,7,90,0,0,0,90
04/26/2016,GJT,CO,ANM,WE,Federal Contract Tower,3,38,13,0,54,0,0,5,0,5,3,38,18,0,59,12,0,12,71
04/27/2016,GJT,CO,ANM,WE,Federal Contract Tower,5,40,21,0,66,0,0,44,0,44,5,40,65,0,110,28,0,28,138
04/28/2016,GJT,CO,ANM,WE,Federal Contract Tower,2,37,8,0,47,0,1,13,0,14,2,38,21,0,61,14,0,14,75
04/29/2016,GJT,CO,ANM,WE,Federal Contract Tower,5,29,14,8,56,0,0,21,0,21,5,29,35,8,77,2,0,2,79
04/30/2016,GJT,CO,ANM,WE,Federal Contract Tower,0,23,6,2,31,0,0,0,0,0,0,23,6,2,31,0,0,0,31
05/01/2016,GJT,CO,ANM,WE,Federal Contract Tower,0,25,4,0,29,0,4,18,0,22,0,29,22,0,51,16,0,16,67
05/02/2016,GJT,CO,ANM,WE,Federal Contract Tower,4,38,14,2,58,0,4,31,2,37,4,42,45,4,95,8,2,10,105
05/03/2016,GJT,CO,ANM,WE,Federal Contract Tower,2,34,11,0,47,0,1,57,1,59,2,35,68,1,106,26,6,32,138
05/04/2016,GJT,CO,ANM,WE,Federal Contract Tower,4,36,11,2,53,0,0,53,0,53,4,36,64,2,106,26,0,26,132
05/05/2016,GJT,CO,ANM,WE,Federal Contract Tower,2,42,20,4,68,0,0,47,2,49,2,42,67,6,117,52,0,52,169
05/06/2016,GJT,CO,ANM,WE,Federal Contract Tower,3,39,10,2,54,0,0,21,0,21,3,39,31,2,75,30,0,30,105
05/07/2016,GJT,CO,ANM,WE,Federal Contract Tower,4,27,7,0,38,0,4,8,0,12,4,31,15,0,50,4,0,4,54
05/08/2016,GJT,CO,ANM,WE,Federal Contract Tower,4,37,7,0,48,0,4,16,0,20,4,41,23,0,68,0,0,0,68
05/09/2016,GJT,CO,ANM,WE,Federal Contract Tower,3,44,15,2,64,0,0,16,0,16,3,44,31,2,80,8,0,8,88
05/10/2016,GJT,CO,ANM,WE,Federal Contract Tower,2,45,21,0,68,0,1,27,5,33,2,46,48,5,101,0,0,0,101
05/11/2016,GJT,CO,ANM,WE,Federal Contract Tower,2,39,13,5,59,0,4,72,3,79,2,43,85,8,138,28,0,28,166
05/12/2016,GJT,CO,ANM,WE,Federal Contract Tower,1,47,23,11,82,0,3,73,0,76,1,50,96,11,158,56,2,58,216
05/13/2016,GJT,CO,ANM,WE,Federal Contract Tower,2,44,10,7,63,0,4,61,0,65,2,48,71,7,128,50,12,62,190
05/14/2016,GJT,CO,ANM,WE,Federal Contract Tower,2,24,5,0,31,0,1,56,0,57,2,25,61,0,88,26,0,26,114
05/15/2016,GJT,CO,ANM,WE,Federal Contract Tower,1,29,14,2,46,0,1,19,2,22,1,30,33,4,68,22,0,22,90
05/16/2016,GJT,CO,ANM,WE,Federal Contract Tower,5,39,13,4,61,0,5,6,0,11,5,44,19,4,72,10,0,10,82
05/17/2016,GJT,CO,ANM,WE,Federal Contract Tower,4,40,18,2,64,0,0,17,1,18,4,40,35,3,82,34,8,42,124
05/18/2016,GJT,CO,ANM,WE,Federal Contract Tower,2,40,13,1,56,0,3,29,1,33,2,43,42,2,89,46,0,46,135
05/19/2016,GJT,CO,ANM,WE,Federal Contract Tower,6,45,9,10,70,0,2,50,0,52,6,47,59,10,122,88,0,88,210
05/20/2016,GJT,CO,ANM,WE,Federal Contract Tower,3,40,12,2,57,0,0,12,0,12,3,40,24,2,69,8,0,8,77
05/21/2016,GJT,CO,ANM,WE,Federal Contract Tower,2,26,6,3,37,0,2,25,2,29,2,28,31,5,66,28,16,44,110
05/22/2016,GJT,CO,ANM,WE,Federal Contract Tower,2,35,14,1,52,0,0,27,3,30,2,35,41,4,82,0,14,14,96
05/23/2016,GJT,CO,ANM,WE,Federal Contract Tower,2,41,19,2,64,0,0,51,2,53,2,41,70,4,117,14,0,14,131
05/24/2016,GJT,CO,ANM,WE,Federal Contract Tower,9,40,14,5,68,0,0,27,0,27,9,40,41,5,95,6,0,6,101
05/25/2016,GJT,CO,ANM,WE,Federal Contract Tower,4,38,11,2,55,0,3,43,4,50,4,41,54,6,105,32,10,42,147
05/26/2016,GJT,CO,ANM,WE,Federal Contract Tower,24,42,19,5,90,0,3,36,0,39,24,45,55,5,129,4,0,4,133
05/27/2016,GJT,CO,ANM,WE,Federal Contract Tower,3,39,25,2,69,0,1,41,0,42,3,40,66,2,111,22,0,22,133
05/28/2016,GJT,CO,ANM,WE,Federal Contract Tower,3,15,9,2,29,0,3,54,0,57,3,18,63,2,86,32,0,32,118
05/29/2016,GJT,CO,ANM,WE,Federal Contract Tower,2,25,5,0,32,0,2,38,0,40,2,27,43,0,72,74,0,74,146
05/30/2016,GJT,CO,ANM,WE,Federal Contract Tower,5,26,4,4,39,0,2,61,0,63,5,28,65,4,102,40,0,40,142
05/31/2016,GJT,CO,ANM,WE,Federal Contract Tower,2,38,12,6,58,0,1,28,5,34,2,39,40,11,92,28,0,28,120
06/01/2016,GJT,CO,ANM,WE,Federal Contract Tower,3,40,15,0,58,0,3,35,0,38,3,43,50,0,96,22,0,22,118
06/02/2016,GJT,CO,ANM,WE,Federal Contract Tower,7,38,20,5,70,0,1,31,3,35,7,39,51,8,105,4,2,6,111
06/03/2016,GJT,CO,ANM,WE,Federal Contract Tower,6,42,10,3,61,0,1,47,0,48,6,43,57,3,109,68,0,68,177
06/04/2016,GJT,CO,ANM,WE,Federal Contract Tower,6,22,11,7,46,0,1,48,4,53,6,23,59,11,99,32,14,46,145
06/05/2016,GJT,CO,ANM,WE,Federal Contract Tower,5,30,14,8,57,0,0,56,0,56,5,30,70,8,113,62,0,62,175
06/06/2016,GJT,CO,ANM,WE,Federal Contract Tower,8,38,14,0,60,0,5,34,1,40,8,43,48,1,100,0,0,0,100
06/07/2016,GJT,CO,ANM,WE,Federal Contract Tower,10,37,21,2,70,0,2,41,0,43,10,39,62,2,113,16,0,16,129
06/08/2016,GJT,CO,ANM,WE,Federal Contract Tower,7,32,11,2,52,0,4,35,1,40,7,36,46,3,92,2,6,8,100
06/09/2016,GJT,CO,ANM,WE,Federal Contract Tower,8,38,27,1,74,0,0,43,2,45,8,38,70,3,119,8,18,26,145
06/10/2016,GJT,CO,ANM,WE,Federal Contract Tower,5,37,14,7,63,0,22,56,2,80,5,59,70,9,143,20,8,28,171
06/11/2016,GJT,CO,ANM,WE,Federal Contract Tower,3,23,6,16,48,0,1,21,10,32,3,24,27,26,80,10,30,40,120
06/12/2016,GJT,CO,ANM,WE,Federal Contract Tower,10,31,13,4,58,0,0,35,1,36,10,31,48,5,94,10,0,10,104
06/13/2016,GJT,CO,ANM,WE,Federal Contract Tower,22,31,16,4,73,0,0,28,0,28,22,31,44,4,101,8,0,8,109
06/14/2016,GJT,CO,ANM,WE,Federal Contract Tower,5,32,14,0,51,0,2,43,0,45,5,34,57,0,96,20,0,20,116
06/15/2016,GJT,CO,ANM,WE,Federal Contract Tower,3,33,15,4,55,0,1,48,1,50,3,34,63,5,105,10,12,22,127
06/16/2016,GJT,CO,ANM,WE,Federal Contract Tower,9,38,13,11,71,0,4,70,0,74,9,42,83,11,145,8,2,10,155
06/17/2016,GJT,CO,ANM,WE,Federal Contract Tower,5,33,21,5,64,0,8,32,0,40,5,41,53,5,104,38,0,38,142
06/18/2016,GJT,CO,ANM,WE,Federal Contract Tower,4,24,9,13,50,0,7,40,1,48,4,31,49,14,98,8,0,8,106
06/19/2016,GJT,CO,ANM,WE,Federal Contract Tower,4,28,12,6,50,0,4,53,0,57,4,32,65,6,107,16,8,24,131
06/20/2016,GJT,CO,ANM,WE,Federal Contract Tower,9,33,17,4,63,0,0,24,0,24,9,33,41,4,87,6,0,6,93
06/21/2016,GJT,CO,ANM,WE,Federal Contract Tower,5,46,20,4,75,0,0,62,3,65,5,46,82,7,140,34,0,34,174
06/22/2016,GJT,CO,ANM,WE,Federal Contract Tower,6,39,16,0,61,1,6,70,2,79,7,45,86,2,140,16,0,16,156
06/23/2016,GJT,CO,ANM,WE,Federal Contract Tower,13,33,23,2,71,0,8,52,0,60,13,41,75,2,131,20,0,20,151
06/24/2016,GJT,CO,ANM,WE,Federal Contract Tower,9,37,10,5,61,0,7,73,0,80,9,44,83,5,141,14,0,14,155
06/25/2016,GJT,CO,ANM,WE,Federal Contract Tower,5,23,7,5,40,0,3,53,9,65,5,26,60,14,105,26,6,32,137
06/26/2016,GJT,CO,ANM,WE,Federal Contract Tower,8,26,9,9,52,0,1,37,0,38,8,27,46,9,90,6,4,10,100
06/27/2016,GJT,CO,ANM,WE,Federal Contract Tower,5,33,23,6,67,0,9,71,4,84,5,42,94,10,151,28,8,36,187
06/28/2016,GJT,CO,ANM,WE,Federal Contract Tower,22,36,15,0,73,0,0,57,1,58,22,36,72,1,131,14,0,14,145
06/29/2016,GJT,CO,ANM,WE,Federal Contract Tower,4,37,28,0,69,0,21,38,0,59,4,58,66,0,128,30,0,30,158
06/30/2016,GJT,CO,ANM,WE,Federal Contract Tower,9,44,33,2,88,0,6,35,3,44,9,50,68,5,132,8,4,12,144
07/01/2016,GJT,CO,ANM,WE,Federal Contract Tower,5,41,28,0,74,0,1,37,0,38,5,42,65,0,112,60,0,60,172
07/02/2016,GJT,CO,ANM,WE,Federal Contract Tower,4,31,12,0,47,0,0,28,0,28,4,31,40,0,75,28,0,28,103
07/03/2016,GJT,CO,ANM,WE,Federal Contract Tower,9,21,7,2,39,0,0,36,0,36,9,21,43,2,75,34,0,34,109
07/04/2016,GJT,CO,ANM,WE,Federal Contract Tower,6,12,11,0,29,0,5,32,0,37,6,17,43,0,66,8,0,8,74
07/05/2016,GJT,CO,ANM,WE,Federal Contract Tower,6,30,28,0,64,0,0,42,0,42,6,30,70,0,106,8,0,8,114
07/06/2016,GJT,CO,ANM,WE,Federal Contract Tower,7,39,18,2,66,0,1,64,1,66,7,40,82,3,132,18,0,18,150
07/07/2016,GJT,CO,ANM,WE,Federal Contract Tower,13,38,22,4,77,0,2,54,3,59,13,40,76,7,136,8,24,32,168
07/08/2016,GJT,CO,ANM,WE,Federal Contract Tower,22,44,18,15,99,0,4,59,2,65,22,48,77,17,164,20,0,20,184
07/09/2016,GJT,CO,ANM,WE,Federal Contract Tower,10,19,17,2,48,0,2,44,0,46,10,21,61,2,94,12,0,12,106
07/10/2016,GJT,CO,ANM,WE,Federal Contract Tower,11,21,19,5,56,0,2,32,3,37,11,23,51,8,93,18,6,24,117
07/11/2016,GJT,CO,ANM,WE,Federal Contract Tower,3,33,21,6,63,0,0,27,0,27,3,33,48,6,90,28,0,28,118
07/12/2016,GJT,CO,ANM,WE,Federal Contract Tower,7,32,14,2,55,0,2,40,0,42,7,34,54,2,97,36,0,36,133
07/13/2016,GJT,CO,ANM,WE,Federal Contract Tower,9,31,10,2,52,0,21,56,2,79,9,52,66,4,131,14,6,20,151
07/14/2016,GJT,CO,ANM,WE,Federal Contract Tower,10,32,17,8,67,0,8,64,2,74,10,40,81,10,141,52,6,58,199
07/15/2016,GJT,CO,ANM,WE,Federal Contract Tower,5,34,20,9,68,0,5,70,3,78,5,39,90,12,146,22,2,24,170
07/16/2016,GJT,CO,ANM,WE,Federal Contract Tower,8,22,9,5,44,0,0,49,4,53,8,22,58,9,97,14,4,18,115
07/17/2016,GJT,CO,ANM,WE,Federal Contract Tower,11,23,9,0,43,0,1,43,0,44,11,24,52,0,87,16,0,16,103
07/18/2016,GJT,CO,ANM,WE,Federal Contract Tower,5,37,18,7,67,0,0,40,0,40,5,37,58,7,107,26,0,26,133
07/19/2016,GJT,CO,ANM,WE,Federal Contract Tower,10,31,20,6,67,0,0,41,1,42,10,31,61,7,109,26,12,38,147
07/20/2016,GJT,CO,ANM,WE,Federal Contract Tower,6,35,7,6,54,0,3,37,1,41,6,38,44,7,95,14,4,18,113
07/21/2016,GJT,CO,ANM,WE,Federal Contract Tower,11,37,12,4,64,0,5,52,5,62,11,42,64,9,126,0,0,0,126
07/22/2016,GJT,CO,ANM,WE,Federal Contract Tower,7,36,12,4,59,0,3,44,0,47,7,39,56,4,106,12,0,12,118
07/23/2016,GJT,CO,ANM,WE,Federal Contract Tower,14,27,10,0,51,0,6,55,0,61,14,33,65,0,112,40,0,40,152
07/24/2016,GJT,CO,ANM,WE,Federal Contract Tower,14,26,11,2,53,0,7,64,1,72,14,33,75,3,125,6,2,8,133
07/25/2016,GJT,CO,ANM,WE,Federal Contract Tower,6,41,13,6,66,0,0,30,0,30,6,41,43,6,96,10,0,10,106
07/26/2016,GJT,CO,ANM,WE,Federal Contract Tower,8,33,18,4,63,0,2,35,3,40,8,35,53,7,103,20,0,20,123
07/27/2016,GJT,CO,ANM,WE,Federal Contract Tower,8,35,24,16,83,0,2,42,2,46,8,37,66,18,129,18,4,22,151
07/28/2016,GJT,CO,ANM,WE,Federal Contract Tower,11,40,19,5,75,0,6,60,1,67,11,46,79,6,142,8,0,8,150
07/29/2016,GJT,CO,ANM,WE,Federal Contract Tower,8,46,17,3,74,0,2,44,2,48,8,48,61,5,122,12,6,18,140
07/30/2016,GJT,CO,ANM,WE,Federal Contract Tower,7,25,9,0,41,0,0,43,0,43,7,25,52,0,84,4,0,4,88
07/31/2016,GJT,CO,ANM,WE,Federal Contract Tower,12,27,16,0,55,0,1,22,0,23,12,28,38,0,78,0,0,0,78
08/01/2016,GJT,CO,ANM,WE,Federal Contract Tower,8,26,12,6,52,0,1,44,2,47,8,27,56,8,99,12,0,12,111
08/02/2016,GJT,CO,ANM,WE,Federal Contract Tower,7,42,10,1,60,0,1,50,6,57,7,43,60,7,117,44,0,44,161
08/03/2016,GJT,CO,ANM,WE,Federal Contract Tower,7,31,6,11,55,0,4,42,6,52,7,35,48,17,107,26,6,32,139
08/04/2016,GJT,CO,ANM,WE,Federal Contract Tower,11,32,22,12,77,0,1,42,4,47,11,33,64,16,124,24,18,42,166
08/05/2016,GJT,CO,ANM,WE,Federal Contract Tower,7,35,15,6,63,0,3,34,0,37,7,38,49,6,100,26,0,26,126
08/06/2016,GJT,CO,ANM,WE,Federal Contract Tower,7,25,6,2,40,0,0,58,0,58,7,25,64,2,98,10,0,10,108
08/07/2016,GJT,CO,ANM,WE,Federal Contract Tower,14,26,6,0,46,0,1,35,0,36,14,27,41,0,82,28,0,28,110
08/08/2016,GJT,CO,ANM,WE,Federal Contract Tower,6,31,16,2,55,0,0,30,0,30,6,31,46,2,85,8,0,8,93
08/09/2016,GJT,CO,ANM,WE,Federal Contract Tower,8,39,19,2,68,0,1,56,2,59,8,40,75,4,127,18,0,18,145
08/10/2016,GJT,CO,ANM,WE,Federal Contract Tower,8,40,17,3,68,0,0,64,0,64,8,40,81,3,132,16,0,16,148
08/11/2016,GJT,CO,ANM,WE,Federal Contract Tower,10,39,17,2,68,0,0,58,0,58,10,39,75,2,126,36,0,36,162
08/12/2016,GJT,CO,ANM,WE,Federal Contract Tower,7,35,17,6,65,0,0,76,0,76,7,35,93,6,141,34,0,34,175
08/13/2016,GJT,CO,ANM,WE,Federal Contract Tower,5,24,6,7,42,0,0,120,7,127,5,24,126,14,169,12,0,12,181
08/14/2016,GJT,CO,ANM,WE,Federal Contract Tower,9,22,9,6,46,0,1,69,1,71,9,23,78,7,117,14,0,14,131
08/15/2016,GJT,CO,ANM,WE,Federal Contract Tower,6,33,23,0,62,0,1,45,1,47,6,34,68,1,109,36,4,40,149
08/16/2016,GJT,CO,ANM,WE,Federal Contract Tower,7,35,12,2,56,1,42,4,0,47,8,77,16,2,103,28,0,28,131
08/17/2016,GJT,CO,ANM,WE,Federal Contract Tower,7,32,27,7,73,0,0,51,0,51,7,32,78,7,124,8,0,8,132
08/18/2016,GJT,CO,ANM,WE,Federal Contract Tower,9,32,15,4,60,0,0,42,0,42,9,32,57,4,102,0,0,0,102
08/19/2016,GJT,CO,ANM,WE,Federal Contract Tower,7,33,14,6,60,0,0,34,0,34,7,33,48,6,94,2,0,2,96
08/20/2016,GJT,CO,ANM,WE,Federal Contract Tower,6,21,9,2,38,0,1,69,2,72,6,22,78,4,110,30,0,30,140
08/21/2016,GJT,CO,ANM,WE,Federal Contract Tower,6,32,12,4,54,0,3,49,0,52,6,35,61,4,106,22,14,36,142
08/22/2016,GJT,CO,ANM,WE,Federal Contract Tower,8,34,23,4,69,0,0,36,1,37,8,34,59,5,106,6,0,6,112
08/23/2016,GJT,CO,ANM,WE,Federal Contract Tower,7,32,18,2,59,0,0,34,0,34,7,32,52,2,93,24,0,24,117
08/24/2016,GJT,CO,ANM,WE,Federal Contract Tower,7,38,16,4,65,0,0,27,0,27,7,38,43,4,92,6,0,6,98
08/25/2016,GJT,CO,ANM,WE,Federal Contract Tower,9,34,15,0,58,0,0,46,0,46,9,34,61,0,104,16,0,16,120
08/26/2016,GJT,CO,ANM,WE,Federal Contract Tower,7,40,5,4,56,0,2,43,0,45,7,42,48,4,101,10,0,10,111
08/27/2016,GJT,CO,ANM,WE,Federal Contract Tower,4,24,8,9,45,0,1,28,8,37,4,25,36,17,82,30,26,56,138
08/28/2016,GJT,CO,ANM,WE,Federal Contract Tower,9,23,16,8,56,0,0,39,0,39,9,23,55,8,95,6,0,6,101
08/29/2016,GJT,CO,ANM,WE,Federal Contract Tower,8,33,22,2,65,0,4,50,0,54,8,37,72,2,119,26,0,26,145
08/30/2016,GJT,CO,ANM,WE,Federal Contract Tower,7,28,6,3,44,0,1,55,1,57,7,29,61,4,101,44,16,60,161
08/31/2016,GJT,CO,ANM,WE,Federal Contract Tower,7,36,10,10,63,0,0,55,0,55,7,36,65,10,118,20,22,42,160
09/01/2016,GJT,CO,ANM,WE,Federal Contract Tower,17,36,16,0,69,0,1,34,0,35,17,37,50,0,104,4,0,4,108
09/02/2016,GJT,CO,ANM,WE,Federal Contract Tower,6,36,18,6,66,0,0,35,0,35,6,36,53,6,101,8,16,24,125
09/03/2016,GJT,CO,ANM,WE,Federal Contract Tower,7,18,9,2,36,0,0,54,0,54,7,18,63,2,90,18,0,18,108
09/04/2016,GJT,CO,ANM,WE,Federal Contract Tower,4,16,11,0,31,0,0,31,0,31,4,16,42,0,62,0,0,0,62
09/05/2016,GJT,CO,ANM,WE,Federal Contract Tower,4,29,6,0,39,0,2,44,0,46,4,31,50,0,85,18,0,18,103
09/06/2016,GJT,CO,ANM,WE,Federal Contract Tower,5,30,20,14,69,0,0,57,0,57,5,30,77,14,126,60,6,66,192
09/07/2016,GJT,CO,ANM,WE,Federal Contract Tower,11,27,14,4,56,0,0,50,0,50,11,27,64,4,106,48,0,48,154
09/08/2016,GJT,CO,ANM,WE,Federal Contract Tower,13,28,13,15,69,0,0,60,2,62,13,28,73,17,131,26,0,26,157
09/09/2016,GJT,CO,ANM,WE,Federal Contract Tower,12,31,16,6,65,0,2,55,2,59,12,33,71,8,124,46,0,46,170
09/10/2016,GJT,CO,ANM,WE,Federal Contract Tower,6,22,4,3,35,0,0,54,16,70,6,22,58,19,105,32,30,62,167
09/11/2016,GJT,CO,ANM,WE,Federal Contract Tower,8,33,6,3,50,0,0,56,2,58,8,33,62,5,108,4,0,4,112
09/12/2016,GJT,CO,ANM,WE,Federal Contract Tower,9,33,11,3,56,0,1,34,1,36,9,34,45,4,92,8,4,12,104
09/13/2016,GJT,CO,ANM,WE,Federal Contract Tower,9,40,17,5,71,0,0,27,3,30,9,40,44,8,101,6,20,26,127
09/14/2016,GJT,CO,ANM,WE,Federal Contract Tower,8,33,14,0,55,0,1,26,0,27,8,34,40,0,82,10,0,10,92
09/15/2016,GJT,CO,ANM,WE,Federal Contract Tower,11,39,17,10,77,0,0,72,0,72,11,39,89,10,149,2,0,2,151
09/16/2016,GJT,CO,ANM,WE,Federal Contract Tower,8,38,11,10,67,0,2,53,6,61,8,40,64,16,128,2,0,2,130
09/17/2016,GJT,CO,ANM,WE,Federal Contract Tower,8,21,8,4,41,0,0,58,0,58,8,21,66,4,99,0,0,0,99
09/18/2016,GJT,CO,ANM,WE,Federal Contract Tower,11,27,16,4,58,0,3,54,0,57,11,30,70,4,115,38,0,38,153
09/19/2016,GJT,CO,ANM,WE,Federal Contract Tower,7,32,20,4,63,0,2,41,0,43,7,34,61,4,106,26,0,26,132
09/20/2016,GJT,CO,ANM,WE,Federal Contract Tower,8,32,23,2,65,0,2,37,0,39,8,34,60,2,104,34,0,34,138
09/21/2016,GJT,CO,ANM,WE,Federal Contract Tower,11,31,9,5,56,0,0,35,14,49,11,31,44,19,105,32,0,32,137
09/22/2016,GJT,CO,ANM,WE,Federal Contract Tower,17,33,29,2,81,0,0,19,2,21,17,33,48,4,102,0,0,0,102
09/23/2016,GJT,CO,ANM,WE,Federal Contract Tower,11,36,23,5,75,0,0,15,0,15,11,36,38,5,90,6,0,6,96
09/24/2016,GJT,CO,ANM,WE,Federal Contract Tower,6,24,16,2,48,0,2,41,0,43,6,26,57,2,91,12,0,12,103
09/25/2016,GJT,CO,ANM,WE,Federal Contract Tower,10,24,8,5,47,0,0,42,0,42,10,24,50,5,89,0,0,0,89
09/26/2016,GJT,CO,ANM,WE,Federal Contract Tower,8,28,12,2,50,0,1,38,1,40,8,29,50,3,90,24,2,26,116
09/27/2016,GJT,CO,ANM,WE,Federal Contract Tower,10,29,9,2,50,0,2,57,0,59,10,31,66,2,109,34,0,34,143
09/28/2016,GJT,CO,ANM,WE,Federal Contract Tower,9,31,12,4,56,0,0,70,0,70,9,31,82,4,126,44,0,44,170
09/29/2016,GJT,CO,ANM,WE,Federal Contract Tower,12,32,11,0,55,0,0,32,0,32,12,32,43,0,87,2,0,2,89
09/30/2016,GJT,CO,ANM,WE,Federal Contract Tower,9,35,23,3,70,0,4,43,2,49,9,39,66,5,119,44,2,46,165
10/01/2016,GJT,CO,ANM,WE,Federal Contract Tower,7,22,14,2,45,0,0,63,0,63,7,22,77,2,108,14,0,14,122
10/02/2016,GJT,CO,ANM,WE,Federal Contract Tower,8,22,19,0,49,0,0,46,0,46,8,22,65,0,95,10,0,10,105
10/03/2016,GJT,CO,ANM,WE,Federal Contract Tower,8,36,15,0,59,0,0,12,0,12,8,36,27,0,71,6,0,6,77
10/04/2016,GJT,CO,ANM,WE,Federal Contract Tower,8,36,23,0,67,0,3,46,0,49,8,39,69,0,116,70,0,70,186
10/05/2016,GJT,CO,ANM,WE,Federal Contract Tower,13,40,18,4,75,0,0,49,3,52,13,40,67,7,127,36,2,38,165
10/06/2016,GJT,CO,ANM,WE,Federal Contract Tower,11,32,13,6,62,0,2,42,2,46,11,34,55,8,108,58,0,58,166
10/07/2016,GJT,CO,ANM,WE,Federal Contract Tower,9,36,22,10,77,0,0,55,0,55,9,36,77,10,132,52,0,52,184
10/08/2016,GJT,CO,ANM,WE,Federal Contract Tower,6,19,7,0,32,0,1,49,0,50,6,20,56,0,82,32,0,32,114
10/09/2016,GJT,CO,ANM,WE,Federal Contract Tower,10,23,10,0,43,0,1,43,0,44,10,24,53,0,87,26,0,26,113
10/10/2016,GJT,CO,ANM,WE,Federal Contract Tower,7,30,6,10,53,0,10,43,0,53,7,40,49,10,106,58,0,58,164
10/11/2016,GJT,CO,ANM,WE,Federal Contract Tower,6,35,8,2,51,0,1,36,0,37,6,36,44,2,88,88,0,88,176
10/12/2016,GJT,CO,ANM,WE,Federal Contract Tower,8,33,15,6,62,0,2,60,0,62,8,35,75,6,124,100,0,100,224
10/13/2016,GJT,CO,ANM,WE,Federal Contract Tower,15,28,12,6,61,0,0,66,0,66,15,28,78,6,127,36,0,36,163
10/14/2016,GJT,CO,ANM,WE,Federal Contract Tower,10,34,14,3,61,0,0,60,0,60,10,34,74,3,121,18,0,18,139
10/15/2016,GJT,CO,ANM,WE,Federal Contract Tower,6,20,17,19,62,0,0,52,0,52,6,20,69,19,114,58,18,76,190
10/16/2016,GJT,CO,ANM,WE,Federal Contract Tower,8,25,8,5,46,0,0,16,6,22,8,25,24,11,68,12,0,12,80
10/17/2016,GJT,CO,ANM,WE,Federal Contract Tower,10,29,15,2,56,0,0,16,0,16,10,29,31,2,72,34,0,34,106
10/18/2016,GJT,CO,ANM,WE,Federal Contract Tower,9,33,17,0,59,0,1,39,0,40,9,34,56,0,99,26,0,26,125
10/19/2016,GJT,CO,ANM,WE,Federal Contract Tower,9,36,17,10,72,0,0,48,0,48,9,36,65,10,120,50,10,60,180
10/20/2016,GJT,CO,ANM,WE,Federal Contract Tower,11,32,21,8,72,0,0,58,0,58,11,32,79,8,130,34,0,34,164
10/21/2016,GJT,CO,ANM,WE,Federal Contract Tower,8,36,16,7,67,0,1,69,2,72,8,37,85,9,139,102,0,102,241
10/22/2016,GJT,CO,ANM,WE,Federal Contract Tower,6,21,7,2,36,0,4,35,0,39,6,25,42,2,75,6,0,6,81
10/23/2016,GJT,CO,ANM,WE,Federal Contract Tower,8,23,9,9,49,0,0,53,0,53,8,23,62,9,102,12,0,12,114
10/24/2016,GJT,CO,ANM,WE,Federal Contract Tower,8,35,14,5,62,0,0,25,0,25,8,35,39,5,87,38,0,38,125
10/25/2016,GJT,CO,ANM,WE,Federal Contract Tower,7,34,11,1,53,0,0,28,0,28,7,34,39,1,81,20,0,20,101
10/26/2016,GJT,CO,ANM,WE,Federal Contract Tower,8,31,11,2,52,0,2,50,1,53,8,33,61,3,105,40,4,44,149
10/27/2016,GJT,CO,ANM,WE,Federal Contract Tower,11,33,5,0,49,0,0,67,2,69,11,33,72,2,118,46,0,46,164
10/28/2016,GJT,CO,ANM,WE,Federal Contract Tower,9,32,15,10,66,0,1,46,0,47,9,33,61,10,113,68,0,68,181
10/29/2016,GJT,CO,ANM,WE,Federal Contract Tower,6,18,13,13,50,0,0,40,3,43,6,18,53,16,93,2,4,6,99
10/30/2016,GJT,CO,ANM,WE,Federal Contract Tower,8,21,8,0,37,0,0,12,0,12,8,21,20,0,49,6,0,6,55
10/31/2016,GJT,CO,ANM,WE,Federal Contract Tower,7,24,14,4,49,0,0,8,0,8,7,24,22,4,57,0,12,12,69
11/01/2016,GJT,CO,ANM,WE,Federal Contract Tower,8,30,11,10,59,0,0,40,1,41,8,30,51,11,100,8,0,8,108
11/02/2016,GJT,CO,ANM,WE,Federal Contract Tower,9,27,9,2,47,0,1,44,1,46,9,28,53,3,93,36,0,36,129
11/03/2016,GJT,CO,ANM,WE,Federal Contract Tower,12,24,14,1,51,0,1,46,1,48,12,25,60,2,99,30,8,38,137
11/04/2016,GJT,CO,ANM,WE,Federal Contract Tower,11,25,20,3,59,0,0,25,1,26,11,25,45,4,85,54,0,54,139
11/05/2016,GJT,CO,ANM,WE,Federal Contract Tower,9,9,7,6,31,0,0,23,9,32,9,9,30,15,63,56,18,74,137
11/06/2016,GJT,CO,ANM,WE,Federal Contract Tower,11,21,11,2,45,0,1,45,1,47,11,22,56,3,92,52,6,58,150
11/07/2016,GJT,CO,ANM,WE,Federal Contract Tower,12,17,19,5,53,0,2,17,0,19,12,19,36,5,72,8,0,8,80
11/08/2016,GJT,CO,ANM,WE,Federal Contract Tower,13,23,12,4,52,0,0,31,2,33,13,23,43,6,85,50,0,50,135
11/09/2016,GJT,CO,ANM,WE,Federal Contract Tower,10,29,17,0,56,0,0,41,0,41,10,29,58,0,97,12,0,12,109
11/10/2016,GJT,CO,ANM,WE,Federal Contract Tower,16,20,12,6,54,0,0,53,2,55,16,20,65,8,109,12,6,18,127
11/11/2016,GJT,CO,ANM,WE,Federal Contract Tower,13,25,9,21,68,0,1,48,13,62,13,26,57,34,130,50,44,94,224
11/12/2016,GJT,CO,ANM,WE,Federal Contract Tower,12,9,2,8,31,0,0,68,13,81,12,9,70,21,112,60,20,80,192
11/13/2016,GJT,CO,ANM,WE,Federal Contract Tower,13,17,10,2,42,0,0,65,0,65,13,17,75,2,107,68,0,68,175
11/14/2016,GJT,CO,ANM,WE,Federal Contract Tower,13,17,9,2,41,0,0,43,4,47,13,17,52,6,88,40,0,40,128
11/15/2016,GJT,CO,ANM,WE,Federal Contract Tower,13,20,11,2,46,0,1,39,0,40,13,21,50,2,86,32,0,32,118
11/16/2016,GJT,CO,ANM,WE,Federal Contract Tower,12,20,23,4,59,0,0,29,1,30,12,20,52,5,89,14,4,18,107
11/17/2016,GJT,CO,ANM,WE,Federal Contract Tower,22,29,8,0,59,0,0,1,0,1,22,29,9,0,60,0,0,0,60
11/18/2016,GJT,CO,ANM,WE,Federal Contract Tower,15,23,10,9,57,0,0,46,0,46,15,23,56,9,103,26,8,34,137
11/19/2016,GJT,CO,ANM,WE,Federal Contract Tower,9,14,2,22,47,0,0,32,9,41,9,14,34,31,88,44,44,88,176
11/20/2016,GJT,CO,ANM,WE,Federal Contract Tower,10,21,4,2,37,0,1,25,0,26,10,22,29,2,63,34,0,34,97
11/21/2016,GJT,CO,ANM,WE,Federal Contract Tower,12,25,15,8,60,0,1,7,0,8,12,26,22,8,68,0,0,0,68
11/22/2016,GJT,CO,ANM,WE,Federal Contract Tower,11,24,15,2,52,0,0,26,0,26,11,24,41,2,78,26,0,26,104
11/23/2016,GJT,CO,ANM,WE,Federal Contract Tower,15,24,13,2,54,0,0,46,0,46,15,24,59,2,100,62,0,62,162
11/24/2016,GJT,CO,ANM,WE,Federal Contract Tower,7,5,5,0,17,0,0,17,0,17,7,5,22,0,34,8,0,8,42
11/25/2016,GJT,CO,ANM,WE,Federal Contract Tower,12,15,5,3,35,0,0,45,1,46,12,15,50,4,81,26,2,28,109
11/26/2016,GJT,CO,ANM,WE,Federal Contract Tower,15,14,5,1,35,0,2,30,1,33,15,16,35,2,68,28,0,28,96
11/27/2016,GJT,CO,ANM,WE,Federal Contract Tower,17,28,12,0,57,0,0,5,0,5,17,28,17,0,62,24,0,24,86
11/28/2016,GJT,CO,ANM,WE,Federal Contract Tower,13,20,24,16,73,0,0,12,1,13,13,20,36,17,86,26,2,28,114
11/29/2016,GJT,CO,ANM,WE,Federal Contract Tower,16,21,11,4,52,0,0,19,1,20,16,21,30,5,72,16,8,24,96
11/30/2016,GJT,CO,ANM,WE,Federal Contract Tower,13,23,14,6,56,0,2,32,0,34,13,25,46,6,90,20,0,20,110
12/01/2016,GJT,CO,ANM,WE,Federal Contract Tower,15,25,15,0,55,0,0,33,0,33,15,25,48,0,88,32,0,32,120
12/02/2016,GJT,CO,ANM,WE,Federal Contract Tower,11,22,4,2,39,0,1,16,0,17,11,23,20,2,56,26,0,26,82
12/03/2016,GJT,CO,ANM,WE,Federal Contract Tower,9,7,3,2,21,0,4,24,2,30,9,11,27,4,51,36,8,44,95
12/04/2016,GJT,CO,ANM,WE,Federal Contract Tower,11,18,8,4,41,0,0,31,0,31,11,18,39,4,72,12,0,12,84
12/05/2016,GJT,CO,ANM,WE,Federal Contract Tower,13,24,22,6,65,0,2,15,0,17,13,26,37,6,82,52,0,52,134
12/06/2016,GJT,CO,ANM,WE,Federal Contract Tower,13,29,14,14,70,0,0,25,0,25,13,29,39,14,95,14,0,14,109
12/07/2016,GJT,CO,ANM,WE,Federal Contract Tower,12,22,15,0,49,0,0,33,0,33,12,22,48,0,82,66,0,66,148
12/08/2016,GJT,CO,ANM,WE,Federal Contract Tower,15,24,18,2,59,0,1,41,0,42,15,25,59,2,101,54,0,54,155
12/09/2016,GJT,CO,ANM,WE,Federal Contract Tower,11,24,13,0,48,0,0,30,0,30,11,24,43,0,78,28,0,28,106
12/10/2016,GJT,CO,ANM,WE,Federal Contract Tower,9,12,9,1,31,0,1,20,0,21,9,13,29,1,52,40,0,40,92
12/11/2016,GJT,CO,ANM,WE,Federal Contract Tower,11,21,4,4,40,0,0,10,1,11,11,21,14,5,51,14,0,14,65
12/12/2016,GJT,CO,ANM,WE,Federal Contract Tower,12,27,6,5,50,0,3,33,1,37,12,30,39,6,87,28,0,28,115
12/13/2016,GJT,CO,ANM,WE,Federal Contract Tower,11,24,19,0,54,0,1,25,1,27,11,25,44,1,81,70,0,70,151
12/14/2016,GJT,CO,ANM,WE,Federal Contract Tower,13,27,15,7,62,0,0,29,2,31,13,27,44,9,93,36,0,36,129
12/15/2016,GJT,CO,ANM,WE,Federal Contract Tower,15,33,15,0,63,0,0,19,0,19,15,33,34,0,82,40,0,40,122
12/16/2016,GJT,CO,ANM,WE,Federal Contract Tower,19,40,24,1,84,0,2,2,0,4,19,42,26,1,88,8,0,8,96
12/17/2016,GJT,CO,ANM,WE,Federal Contract Tower,18,18,20,2,58,0,2,4,0,6,18,20,24,2,64,4,0,4,68
12/18/2016,GJT,CO,ANM,WE,Federal Contract Tower,14,22,11,2,49,0,2,28,0,30,14,24,39,2,79,50,0,50,129
12/19/2016,GJT,CO,ANM,WE,Federal Contract Tower,11,25,8,6,50,0,1,49,2,52,11,26,57,8,102,34,6,40,142
12/20/2016,GJT,CO,ANM,WE,Federal Contract Tower,13,34,20,7,74,0,0,69,2,71,13,34,89,9,145,22,0,22,167
12/21/2016,GJT,CO,ANM,WE,Federal Contract Tower,15,30,24,0,69,0,4,28,0,32,15,34,52,0,101,40,0,40,141
12/22/2016,GJT,CO,ANM,WE,Federal Contract Tower,19,37,12,0,68,0,1,9,0,10,19,38,21,0,78,2,0,2,80
12/23/2016,GJT,CO,ANM,WE,Federal Contract Tower,12,31,13,2,58,0,0,6,0,6,12,31,19,2,64,22,0,22,86
12/24/2016,GJT,CO,ANM,WE,Federal Contract Tower,19,15,2,0,36,0,2,7,0,9,19,17,9,0,45,14,0,14,59
12/25/2016,GJT,CO,ANM,WE,Federal Contract Tower,14,19,2,0,35,0,0,0,0,0,14,19,2,0,35,0,0,0,35
12/26/2016,GJT,CO,ANM,WE,Federal Contract Tower,19,28,21,0,68,0,1,21,0,22,19,29,42,0,90,18,0,18,108
12/27/2016,GJT,CO,ANM,WE,Federal Contract Tower,10,31,11,3,55,0,2,35,0,37,10,33,46,3,92,8,0,8,100
12/28/2016,GJT,CO,ANM,WE,Federal Contract Tower,24,32,7,3,66,0,5,57,3,65,24,37,64,6,131,66,0,66,197
12/29/2016,GJT,CO,ANM,WE,Federal Contract Tower,18,32,18,1,69,0,3,40,0,43,18,35,58,1,112,34,0,34,146
12/30/2016,GJT,CO,ANM,WE,Federal Contract Tower,11,24,11,0,46,0,2,34,0,36,11,26,45,0,82,32,0,32,114
12/31/2016,GJT,CO,ANM,WE,Federal Contract Tower,9,23,3,0,35,0,0,25,0,25,9,23,28,0,60,12,0,12,72
01/01/2017,GJT,CO,ANM,WE,Federal Contract Tower,11,17,8,0,36,0,0,10,0,10,11,17,18,0,46,14,0,14,60
01/02/2017,GJT,CO,ANM,WE,Federal Contract Tower,9,36,20,1,66,0,1,19,1,21,9,37,39,2,87,42,0,42,129
01/03/2017,GJT,CO,ANM,WE,Federal Contract Tower,10,52,26,4,92,0,2,10,0,12,10,54,36,4,104,0,0,0,104
01/04/2017,GJT,CO,ANM,WE,Federal Contract Tower,15,46,29,0,90,0,1,9,0,10,15,47,38,0,100,12,0,12,112
01/05/2017,GJT,CO,ANM,WE,Federal Contract Tower,15,45,15,0,75,0,0,0,0,0,15,45,15,0,75,0,0,0,75
01/06/2017,GJT,CO,ANM,WE,Federal Contract Tower,15,35,17,2,69,0,3,44,1,48,15,38,61,3,117,32,6,38,155
01/07/2017,GJT,CO,ANM,WE,Federal Contract Tower,13,15,9,4,41,0,1,25,3,29,13,16,34,7,70,16,0,16,86
01/08/2017,GJT,CO,ANM,WE,Federal Contract Tower,17,41,11,2,71,0,0,0,0,0,17,41,11,2,71,0,0,0,71
01/09/2017,GJT,CO,ANM,WE,Federal Contract Tower,7,18,5,0,30,0,0,0,0,0,7,18,5,0,30,0,0,0,30
01/10/2017,GJT,CO,ANM,WE,Federal Contract Tower,9,33,17,0,59,0,0,6,0,6,9,33,23,0,65,6,0,6,71
01/11/2017,GJT,CO,ANM,WE,Federal Contract Tower,24,20,24,1,69,0,0,1,0,1,24,20,25,1,70,0,0,0,70
01/12/2017,GJT,CO,ANM,WE,Federal Contract Tower,17,29,18,0,64,0,0,13,0,13,17,29,31,0,77,44,0,44,121
01/13/2017,GJT,CO,ANM,WE,Federal Contract Tower,8,34,16,0,58,0,0,11,0,11,8,34,27,0,69,28,0,28,97
01/14/2017,GJT,CO,ANM,WE,Federal Contract Tower,8,15,5,0,28,0,0,15,0,15,8,15,20,0,43,48,0,48,91
01/15/2017,GJT,CO,ANM,WE,Federal Contract Tower,17,21,9,0,47,0,1,18,0,19,17,22,27,0,66,24,0,24,90
01/16/2017,GJT,CO,ANM,WE,Federal Contract Tower,9,26,17,0,52,0,0,41,0,41,9,26,58,0,93,58,0,58,151
01/17/2017,GJT,CO,ANM,WE,Federal Contract Tower,8,28,18,20,74,0,1,47,0,48,8,29,65,20,122,40,12,52,174
01/18/2017,GJT,CO,ANM,WE,Federal Contract Tower,14,23,24,8,69,0,6,66,4,76,14,29,90,12,145,94,0,94,239
01/19/2017,GJT,CO,ANM,WE,Federal Contract Tower,17,27,14,4,62,0,0,18,0,18,17,27,32,4,80,24,0,24,104
01/20/2017,GJT,CO,ANM,WE,Federal Contract Tower,10,34,17,1,62,0,1,6,0,7,10,35,23,1,69,28,0,28,97
01/21/2017,GJT,CO,ANM,WE,Federal Contract Tower,17,14,15,1,47,0,0,0,0,0,17,14,15,1,47,2,0,2,49
01/22/2017,GJT,CO,ANM,WE,Federal Contract Tower,14,27,7,0,48,0,0,40,0,40,14,27,47,0,88,8,0,8,96
01/23/2017,GJT,CO,ANM,WE,Federal Contract Tower,12,29,21,2,64,0,0,6,0,6,12,29,27,2,70,8,0,8,78
01/24/2017,GJT,CO,ANM,WE,Federal Contract Tower,16,25,12,0,53,0,0,9,0,9,16,25,21,0,62,50,0,50,112
01/25/2017,GJT,CO,ANM,WE,Federal Contract Tower,12,27,15,2,56,0,0,48,0,48,12,27,63,2,104,46,0,46,150
01/26/2017,GJT,CO,ANM,WE,Federal Contract Tower,14,28,14,1,57,0,2,24,1,27,14,30,38,2,84,42,0,42,126
01/27/2017,GJT,CO,ANM,WE,Federal Contract Tower,13,27,9,5,54,0,2,52,2,56,13,29,61,7,110,49,0,49,159
01/28/2017,GJT,CO,ANM,WE,Federal Contract Tower,11,16,9,5,41,0,1,52,3,56,11,17,61,8,97,18,2,20,117
01/29/2017,GJT,CO,ANM,WE,Federal Contract Tower,12,20,12,2,46,0,1,25,0,26,12,21,37,2,72,20,0,20,92
01/30/2017,GJT,CO,ANM,WE,Federal Contract Tower,12,25,16,3,56,0,0,27,2,29,12,25,43,5,85,22,0,22,107
01/31/2017,GJT,CO,ANM,WE,Federal Contract Tower,10,26,8,2,46,0,0,32,0,32,10,26,40,2,78,34,0,34,112
02/01/2017,GJT,CO,ANM,WE,Federal Contract Tower,14,19,16,6,55,0,4,36,0,40,14,23,52,6,95,46,0,46,141
02/02/2017,GJT,CO,ANM,WE,Federal Contract Tower,14,25,19,7,65,0,4,26,0,30,14,29,45,7,95,12,0,12,107
02/03/2017,GJT,CO,ANM,WE,Federal Contract Tower,11,23,9,4,47,0,2,28,0,30,11,25,37,4,77,8,0,8,85
02/04/2017,GJT,CO,ANM,WE,Federal Contract Tower,9,18,9,3,39,0,2,26,3,31,9,20,35,6,70,34,0,34,104
02/05/2017,GJT,CO,ANM,WE,Federal Contract Tower,11,20,7,2,40,0,4,35,0,39,11,24,42,2,79,22,0,22,101
02/06/2017,GJT,CO,ANM,WE,Federal Contract Tower,9,25,17,2,53,0,1,9,1,11,9,26,26,3,64,6,0,6,70
02/07/2017,GJT,CO,ANM,WE,Federal Contract Tower,9,28,15,4,56,0,0,12,0,12,9,28,27,4,68,14,0,14,82
02/08/2017,GJT,CO,ANM,WE,Federal Contract Tower,13,25,13,0,51,0,0,49,0,49,13,25,62,0,100,34,0,34,134
02/09/2017,GJT,CO,ANM,WE,Federal Contract Tower,14,25,14,4,57,0,0,55,0,55,14,25,69,4,112,18,0,18,130
02/10/2017,GJT,CO,ANM,WE,Federal Contract Tower,14,25,17,0,56,0,0,25,0,25,14,25,42,0,81,20,0,20,101
02/11/2017,GJT,CO,ANM,WE,Federal Contract Tower,22,21,11,0,54,0,0,5,1,6,22,21,16,1,60,22,6,28,88
02/12/2017,GJT,CO,ANM,WE,Federal Contract Tower,24,21,14,4,63,0,1,15,0,16,24,22,29,4,79,20,0,20,99
02/13/2017,GJT,CO,ANM,WE,Federal Contract Tower,26,25,12,2,65,0,0,17,4,21,26,25,29,6,86,10,0,10,96
02/14/2017,GJT,CO,ANM,WE,Federal Contract Tower,11,31,11,13,66,0,1,38,1,40,11,32,49,14,106,6,20,26,132
02/15/2017,GJT,CO,ANM,WE,Federal Contract Tower,13,23,19,7,62,0,5,37,2,44,13,28,56,9,106,8,0,8,114
02/16/2017,GJT,CO,ANM,WE,Federal Contract Tower,14,31,17,0,62,0,6,41,0,47,14,37,58,0,109,28,0,28,137
02/17/2017,GJT,CO,ANM,WE,Federal Contract Tower,12,27,13,0,52,0,4,44,0,48,12,31,57,0,100,6,0,6,106
02/18/2017,GJT,CO,ANM,WE,Federal Contract Tower,10,14,2,2,28,0,0,22,0,22,10,14,24,2,50,12,0,12,62
02/19/2017,GJT,CO,ANM,WE,Federal Contract Tower,14,21,2,0,37,0,0,0,0,0,14,21,2,0,37,0,0,0,37
02/20/2017,GJT,CO,ANM,WE,Federal Contract Tower,13,25,20,1,59,0,1,28,0,29,13,26,48,1,88,24,0,24,112
02/21/2017,GJT,CO,ANM,WE,Federal Contract Tower,18,31,12,3,64,0,2,32,0,34,18,33,44,3,98,16,0,16,114
02/22/2017,GJT,CO,ANM,WE,Federal Contract Tower,15,27,20,0,62,0,1,26,0,27,15,28,46,0,89,14,0,14,103
02/23/2017,GJT,CO,ANM,WE,Federal Contract Tower,25,27,17,0,69,0,4,8,0,12,25,31,25,0,81,10,0,10,91
02/24/2017,GJT,CO,ANM,WE,Federal Contract Tower,14,26,17,4,61,0,0,17,0,17,14,26,34,4,78,8,0,8,86
02/25/2017,GJT,CO,ANM,WE,Federal Contract Tower,23,17,11,8,59,0,0,31,10,41,23,17,42,18,100,40,0,40,140
02/26/2017,GJT,CO,ANM,WE,Federal Contract Tower,14,19,12,6,51,0,0,33,1,34,14,19,45,7,85,34,2,36,121
02/27/2017,GJT,CO,ANM,WE,Federal Contract Tower,13,23,20,4,60,0,0,7,0,7,13,23,27,4,67,8,0,8,75
02/28/2017,GJT,CO,ANM,WE,Federal Contract Tower,34,39,23,4,100,0,1,15,0,16,34,40,38,4,116,4,0,4,120
03/01/2017,GJT,CO,ANM,WE,Federal Contract Tower,15,23,11,3,52,0,4,44,0,48,15,27,55,3,100,36,0,36,136
03/02/2017,GJT,CO,ANM,WE,Federal Contract Tower,14,21,22,9,66,0,1,67,1,69,14,22,89,10,135,40,0,40,175
03/03/2017,GJT,CO,ANM,WE,Federal Contract Tower,13,23,18,10,64,0,1,69,8,78,13,24,87,18,142,74,8,82,224
03/04/2017,GJT,CO,ANM,WE,Federal Contract Tower,14,14,15,6,49,0,1,44,2,47,14,15,59,8,96,32,0,32,128
03/05/2017,GJT,CO,ANM,WE,Federal Contract Tower,22,17,15,0,54,0,6,11,0,17,22,23,26,0,71,0,0,0,71
03/06/2017,GJT,CO,ANM,WE,Federal Contract Tower,24,23,15,8,70,0,1,2,0,3,24,24,17,8,73,2,0,2,75
03/07/2017,GJT,CO,ANM,WE,Federal Contract Tower,15,24,16,4,59,0,2,52,1,55,15,26,68,5,114,10,10,20,134
03/08/2017,GJT,CO,ANM,WE,Federal Contract Tower,16,27,10,8,61,0,0,53,4,57,16,27,63,12,118,32,0,32,150
03/09/2017,GJT,CO,ANM,WE,Federal Contract Tower,17,27,12,1,57,0,7,63,0,70,17,34,75,1,127,40,0,40,167
03/10/2017,GJT,CO,ANM,WE,Federal Contract Tower,16,23,20,4,63,0,3,61,0,64,16,26,81,4,127,28,0,28,155
03/11/2017,GJT,CO,ANM,WE,Federal Contract Tower,11,13,7,6,37,0,2,56,14,72,11,15,63,20,109,54,20,74,183
03/12/2017,GJT,CO,ANM,WE,Federal Contract Tower,24,20,13,8,65,0,0,30,0,30,24,20,43,8,95,22,0,22,117
03/13/2017,GJT,CO,ANM,WE,Federal Contract Tower,13,23,24,12,72,0,0,39,0,39,13,23,63,12,111,26,0,26,137
03/14/2017,GJT,CO,ANM,WE,Federal Contract Tower,16,27,25,8,76,0,0,59,0,59,16,27,84,8,135,66,4,70,205
03/15/2017,GJT,CO,ANM,WE,Federal Contract Tower,15,26,14,4,59,0,5,52,0,57,15,31,66,4,116,100,0,100,216
03/16/2017,GJT,CO,ANM,WE,Federal Contract Tower,23,30,14,10,77,0,1,50,5,56,23,31,64,15,133,42,8,50,183
03/17/2017,GJT,CO,ANM,WE,Federal Contract Tower,16,33,13,6,68,0,0,68,0,68,16,33,81,6,136,38,2,40,176
03/18/2017,GJT,CO,ANM,WE,Federal Contract Tower,10,18,7,6,41,0,1,41,6,48,10,19,48,12,89,62,0,62,151
03/19/2017,GJT,CO,ANM,WE,Federal Contract Tower,14,23,11,4,52,0,1,43,0,44,14,24,54,4,96,8,0,8,104
03/20/2017,GJT,CO,ANM,WE,Federal Contract Tower,17,16,8,2,43,0,0,33,0,33,17,16,41,2,76,14,0,14,90
03/21/2017,GJT,CO,ANM,WE,Federal Contract Tower,13,26,15,2,56,0,1,53,4,58,13,27,68,6,114,50,0,50,164
03/22/2017,GJT,CO,ANM,WE,Federal Contract Tower,13,27,11,0,51,0,1,35,0,36,13,28,46,0,87,74,0,74,161
03/23/2017,GJT,CO,ANM,WE,Federal Contract Tower,20,27,11,0,58,0,1,11,0,12,20,28,22,0,70,10,0,10,80
03/24/2017,GJT,CO,ANM,WE,Federal Contract Tower,15,24,12,2,53,0,0,56,0,56,15,24,68,2,109,40,0,40,149
03/25/2017,GJT,CO,ANM,WE,Federal Contract Tower,9,16,18,6,49,0,0,43,0,43,9,16,61,6,92,4,0,4,96
03/26/2017,GJT,CO,ANM,WE,Federal Contract Tower,9,19,10,2,40,0,0,29,0,29,9,19,39,2,69,30,0,30,99
03/27/2017,GJT,CO,ANM,WE,Federal Contract Tower,14,20,14,4,52,0,1,29,2,32,14,21,43,6,84,34,0,34,118
03/28/2017,GJT,CO,ANM,WE,Federal Contract Tower,19,27,17,4,67,0,0,6,1,7,19,27,23,5,74,28,0,28,102
03/29/2017,GJT,CO,ANM,WE,Federal Contract Tower,13,25,16,2,56,0,5,66,1,72,13,30,82,3,128,56,0,56,184
03/30/2017,GJT,CO,ANM,WE,Federal Contract Tower,17,18,13,8,56,0,5,32,1,38,17,23,45,9,94,10,18,28,122
03/31/2017,GJT,CO,ANM,WE,Federal Contract Tower,18,28,11,2,59,0,0,26,0,26,18,28,37,2,85,20,0,20,105
04/01/2017,GJT,CO,ANM,WE,Federal Contract Tower,13,18,8,1,40,0,3,34,0,37,13,21,42,1,77,20,0,20,97
04/02/2017,GJT,CO,ANM,WE,Federal Contract Tower,14,16,9,0,39,0,0,33,0,33,14,16,42,0,72,26,0,26,98
04/03/2017,GJT,CO,ANM,WE,Federal Contract Tower,14,16,9,6,45,0,1,30,0,31,14,17,39,6,76,22,0,22,98
04/04/2017,GJT,CO,ANM,WE,Federal Contract Tower,14,29,12,11,66,0,0,24,0,24,14,29,36,11,90,18,0,18,108
04/05/2017,GJT,CO,ANM,WE,Federal Contract Tower,15,24,17,6,62,0,2,69,0,71,15,26,86,6,133,30,0,30,163
04/06/2017,GJT,CO,ANM,WE,Federal Contract Tower,21,23,8,1,53,0,2,63,3,68,21,25,71,4,121,72,0,72,193
04/07/2017,GJT,CO,ANM,WE,Federal Contract Tower,17,25,18,2,62,0,0,40,0,40,17,25,58,2,102,20,0,20,122
04/08/2017,GJT,CO,ANM,WE,Federal Contract Tower,17,12,12,0,41,0,1,6,0,7,17,13,18,0,48,0,0,0,48
04/09/2017,GJT,CO,ANM,WE,Federal Contract Tower,15,16,5,0,36,0,0,1,0,1,15,16,6,0,37,0,0,0,37
04/10/2017,GJT,CO,ANM,WE,Federal Contract Tower,16,19,9,1,45,0,1,37,0,38,16,20,46,1,83,0,0,0,83
04/11/2017,GJT,CO,ANM,WE,Federal Contract Tower,13,26,13,4,56,0,1,45,0,46,13,27,58,4,102,44,0,44,146
04/12/2017,GJT,CO,ANM,WE,Federal Contract Tower,15,23,27,0,65,0,4,53,2,59,15,27,80,2,124,62,0,62,186
04/13/2017,GJT,CO,ANM,WE,Federal Contract Tower,36,32,9,2,79,0,7,33,0,40,36,39,42,2,119,10,0,10,129
04/14/2017,GJT,CO,ANM,WE,Federal Contract Tower,17,26,16,7,66,0,0,43,1,44,17,26,59,8,110,44,2,46,156
04/15/2017,GJT,CO,ANM,WE,Federal Contract Tower,17,7,1,0,25,0,1,64,0,65,17,8,65,0,90,24,0,24,114
04/16/2017,GJT,CO,ANM,WE,Federal Contract Tower,16,14,2,0,32,0,0,23,0,23,16,14,25,0,55,10,0,10,65
04/17/2017,GJT,CO,ANM,WE,Federal Contract Tower,16,23,15,0,54,0,1,19,2,22,16,24,34,2,76,8,0,8,84
04/18/2017,GJT,CO,ANM,WE,Federal Contract Tower,14,24,6,4,48,0,0,31,0,31,14,24,37,4,79,42,0,42,121
04/19/2017,GJT,CO,ANM,WE,Federal Contract Tower,15,25,14,1,55,0,2,51,2,55,15,27,65,3,110,28,0,28,138
04/20/2017,GJT,CO,ANM,WE,Federal Contract Tower,18,26,19,7,70,0,3,55,0,58,18,29,74,7,128,48,0,48,176
04/21/2017,GJT,CO,ANM,WE,Federal Contract Tower,20,21,11,3,55,0,2,49,0,51,20,23,60,3,106,32,0,32,138
04/22/2017,GJT,CO,ANM,WE,Federal Contract Tower,14,12,10,0,36,0,1,46,4,51,14,13,56,4,87,32,0,32,119
04/23/2017,GJT,CO,ANM,WE,Federal Contract Tower,18,17,6,6,47,0,1,43,0,44,18,18,49,6,91,18,0,18,109
04/24/2017,GJT,CO,ANM,WE,Federal Contract Tower,16,19,16,4,55,0,0,58,1,59,16,19,74,5,114,78,0,78,192
04/25/2017,GJT,CO,ANM,WE,Federal Contract Tower,13,30,14,0,57,0,1,21,2,24,13,31,35,2,81,30,0,30,111
04/26/2017,GJT,CO,ANM,WE,Federal Contract Tower,15,23,11,10,59,0,1,47,3,51,15,24,58,13,110,24,10,34,144
04/27/2017,GJT,CO,ANM,WE,Federal Contract Tower,17,28,14,4,63,0,3,17,0,20,17,31,31,4,83,30,0,30,113
04/28/2017,GJT,CO,ANM,WE,Federal Contract Tower,17,27,9,4,57,0,1,39,4,44,17,28,48,8,101,46,6,52,153
04/29/2017,GJT,CO,ANM,WE,Federal Contract Tower,13,17,7,1,38,0,0,48,2,50,13,17,55,3,88,44,0,44,132
04/30/2017,GJT,CO,ANM,WE,Federal Contract Tower,15,21,12,4,52,0,0,62,0,62,15,21,74,4,114,30,0,30,144
05/01/2017,GJT,CO,ANM,WE,Federal Contract Tower,15,22,20,0,57,0,0,48,0,48,15,22,68,0,105,48,0,48,153
05/02/2017,GJT,CO,ANM,WE,Federal Contract Tower,12,32,18,1,63,0,1,29,2,32,12,33,47,3,95,4,0,4,99
05/03/2017,GJT,CO,ANM,WE,Federal Contract Tower,14,19,16,3,52,0,0,66,1,67,14,19,82,4,119,58,4,62,181
05/04/2017,GJT,CO,ANM,WE,Federal Contract Tower,18,26,10,0,54,0,3,55,0,58,18,29,65,0,112,32,0,32,144
05/05/2017,GJT,CO,ANM,WE,Federal Contract Tower,13,27,11,2,53,0,2,51,0,53,13,29,62,2,106,36,0,36,142
05/06/2017,GJT,CO,ANM,WE,Federal Contract Tower,13,12,7,2,34,0,1,41,3,45,13,13,48,5,79,58,10,68,147
05/07/2017,GJT,CO,ANM,WE,Federal Contract Tower,15,21,6,9,51,0,0,26,2,28,15,21,32,11,79,6,2,8,87
05/08/2017,GJT,CO,ANM,WE,Federal Contract Tower,14,22,10,2,48,0,0,37,0,37,14,22,47,2,85,56,0,56,141
05/09/2017,GJT,CO,ANM,WE,Federal Contract Tower,13,28,22,2,65,0,0,26,0,26,13,28,48,2,91,0,0,0,91
05/10/2017,GJT,CO,ANM,WE,Federal Contract Tower,14,29,14,2,59,0,1,22,1,24,14,30,36,3,83,20,0,20,103
05/11/2017,GJT,CO,ANM,WE,Federal Contract Tower,17,25,19,3,64,0,2,56,1,59,17,27,75,4,123,48,0,48,171
05/12/2017,GJT,CO,ANM,WE,Federal Contract Tower,14,25,10,9,58,0,2,70,10,82,14,27,80,19,140,34,14,48,188
05/13/2017,GJT,CO,ANM,WE,Federal Contract Tower,14,14,10,1,39,0,6,27,5,38,14,20,37,6,77,0,0,0,77
05/14/2017,GJT,CO,ANM,WE,Federal Contract Tower,14,18,7,0,39,0,0,32,0,32,14,18,39,0,71,20,0,20,91
05/15/2017,GJT,CO,ANM,WE,Federal Contract Tower,14,21,14,8,57,0,2,23,0,25,14,23,37,8,82,20,0,20,102
05/16/2017,GJT,CO,ANM,WE,Federal Contract Tower,13,33,10,3,59,0,0,52,1,53,13,33,62,4,112,20,0,20,132
05/17/2017,GJT,CO,ANM,WE,Federal Contract Tower,15,29,14,2,60,0,1,12,0,13,15,30,26,2,73,0,0,0,73
05/18/2017,GJT,CO,ANM,WE,Federal Contract Tower,17,32,14,0,63,0,0,13,0,13,17,32,27,0,76,14,0,14,90
05/19/2017,GJT,CO,ANM,WE,Federal Contract Tower,15,24,19,6,64,0,0,31,0,31,15,24,50,6,95,0,2,2,97
05/20/2017,GJT,CO,ANM,WE,Federal Contract Tower,13,12,9,2,36,0,0,55,7,62,13,12,64,9,98,50,4,54,152
05/21/2017,GJT,CO,ANM,WE,Federal Contract Tower,12,16,16,4,48,0,2,39,0,41,12,18,55,4,89,16,0,16,105
05/22/2017,GJT,CO,ANM,WE,Federal Contract Tower,14,21,23,2,60,0,1,43,1,45,14,22,66,3,105,40,0,40,145
05/23/2017,GJT,CO,ANM,WE,Federal Contract Tower,13,31,9,0,53,0,0,50,6,56,13,31,59,6,109,12,0,12,121
05/24/2017,GJT,CO,ANM,WE,Federal Contract Tower,26,30,8,2,66,0,0,73,2,75,26,30,81,4,141,28,0,28,169
05/25/2017,GJT,CO,ANM,WE,Federal Contract Tower,17,23,24,2,66,0,1,28,0,29,17,24,52,2,95,16,0,16,111
05/26/2017,GJT,CO,ANM,WE,Federal Contract Tower,17,21,16,6,60,0,0,22,0,22,17,21,38,6,82,6,0,6,88
05/27/2017,GJT,CO,ANM,WE,Federal Contract Tower,15,12,1,0,28,0,3,52,0,55,15,15,53,0,83,48,0,48,131
05/28/2017,GJT,CO,ANM,WE,Federal Contract Tower,16,11,4,0,31,0,3,40,0,43,16,14,44,0,74,16,0,16,90
05/29/2017,GJT,CO,ANM,WE,Federal Contract Tower,13,17,18,1,49,0,1,45,0,46,13,18,63,1,95,34,0,34,129
05/30/2017,GJT,CO,ANM,WE,Federal Contract Tower,12,30,12,1,55,0,0,41,1,42,12,30,53,2,97,40,4,44,141
05/31/2017,GJT,CO,ANM,WE,Federal Contract Tower,13,26,14,0,53,0,0,35,0,35,13,26,49,0,88,42,0,42,130
06/01/2017,GJT,CO,ANM,WE,Federal Contract Tower,17,26,14,0,57,0,1,40,0,41,17,27,54,0,98,18,0,18,116
06/02/2017,GJT,CO,ANM,WE,Federal Contract Tower,9,30,17,16,72,0,1,65,1,67,9,31,82,17,139,0,14,14,153
06/03/2017,GJT,CO,ANM,WE,Federal Contract Tower,14,14,10,6,44,0,1,58,1,60,14,15,68,7,104,18,0,18,122
06/04/2017,GJT,CO,ANM,WE,Federal Contract Tower,15,17,7,10,49,0,3,46,0,49,15,20,53,10,98,26,4,30,128
06/05/2017,GJT,CO,ANM,WE,Federal Contract Tower,12,27,22,2,63,0,3,55,0,58,12,30,77,2,121,38,0,38,159
06/06/2017,GJT,CO,ANM,WE,Federal Contract Tower,16,32,8,2,58,0,0,55,2,57,16,32,63,4,115,6,0,6,121
06/07/2017,GJT,CO,ANM,WE,Federal Contract Tower,15,28,14,3,60,0,0,60,1,61,15,28,74,4,121,16,0,16,137
06/08/2017,GJT,CO,ANM,WE,Federal Contract Tower,17,24,15,0,56,0,1,76,0,77,17,25,91,0,133,80,0,80,213
06/09/2017,GJT,CO,ANM,WE,Federal Contract Tower,15,25,12,8,60,0,4,72,1,77,15,29,84,9,137,26,38,64,201
06/10/2017,GJT,CO,ANM,WE,Federal Contract Tower,13,15,6,5,39,0,4,100,13,117,13,19,106,18,156,20,12,32,188
06/11/2017,GJT,CO,ANM,WE,Federal Contract Tower,14,19,11,3,47,0,2,117,0,119,14,21,128,3,166,18,0,18,184
06/12/2017,GJT,CO,ANM,WE,Federal Contract Tower,16,15,18,10,59,0,0,41,0,41,16,15,59,10,100,0,0,0,100
06/13/2017,GJT,CO,ANM,WE,Federal Contract Tower,18,30,16,0,64,0,1,150,0,151,18,31,166,0,215,12,0,12,227
06/14/2017,GJT,CO,ANM,WE,Federal Contract Tower,14,28,16,0,58,0,1,75,0,76,14,29,91,0,134,66,0,66,200
06/15/2017,GJT,CO,ANM,WE,Federal Contract Tower,19,33,15,10,77,0,2,87,0,89,19,35,102,10,166,44,0,44,210
06/16/2017,GJT,CO,ANM,WE,Federal Contract Tower,16,25,16,10,67,0,1,72,1,74,16,26,88,11,141,50,0,50,191
06/17/2017,GJT,CO,ANM,WE,Federal Contract Tower,22,17,7,1,47,0,2,83,0,85,22,19,90,1,132,6,4,10,142
06/18/2017,GJT,CO,ANM,WE,Federal Contract Tower,14,16,14,4,48,0,2,50,0,52,14,18,64,4,100,26,0,26,126
06/19/2017,GJT,CO,ANM,WE,Federal Contract Tower,11,28,18,6,63,0,1,57,0,58,11,29,75,6,121,80,0,80,201
06/20/2017,GJT,CO,ANM,WE,Federal Contract Tower,14,33,15,0,62,0,0,59,0,59,14,33,74,0,121,42,0,42,163
06/21/2017,GJT,CO,ANM,WE,Federal Contract Tower,15,32,12,2,61,0,3,44,0,47,15,35,56,2,108,32,0,32,140
06/22/2017,GJT,CO,ANM,WE,Federal Contract Tower,18,32,26,6,82,0,0,66,0,66,18,32,92,6,148,58,0,58,206
06/23/2017,GJT,CO,ANM,WE,Federal Contract Tower,15,32,28,3,78,0,4,68,0,72,15,36,96,3,150,40,8,48,198
06/24/2017,GJT,CO,ANM,WE,Federal Contract Tower,16,11,8,0,35,0,0,52,0,52,16,11,60,0,87,18,0,18,105
06/25/2017,GJT,CO,ANM,WE,Federal Contract Tower,14,17,11,0,42,0,5,52,2,59,14,22,63,2,101,52,0,52,153
06/26/2017,GJT,CO,ANM,WE,Federal Contract Tower,12,26,14,9,61,0,0,58,0,58,12,26,72,9,119,40,6,46,165
06/27/2017,GJT,CO,ANM,WE,Federal Contract Tower,14,35,14,0,63,0,0,42,2,44,14,35,56,2,107,34,0,34,141
06/28/2017,GJT,CO,ANM,WE,Federal Contract Tower,14,28,21,11,74,0,1,61,2,64,14,29,82,13,138,36,0,36,174
06/29/2017,GJT,CO,ANM,WE,Federal Contract Tower,20,27,13,0,60,0,4,44,0,48,20,31,57,0,108,20,0,20,128
06/30/2017,GJT,CO,ANM,WE,Federal Contract Tower,12,26,12,0,50,0,1,77,0,78,12,27,89,0,128,18,0,18,146
07/01/2017,GJT,CO,ANM,WE,Federal Contract Tower,13,15,7,4,39,0,0,60,3,63,13,15,67,7,102,46,0,46,148
07/02/2017,GJT,CO,ANM,WE,Federal Contract Tower,14,11,3,2,30,0,3,52,0,55,14,14,55,2,85,42,0,42,127
07/03/2017,GJT,CO,ANM,WE,Federal Contract Tower,10,27,5,0,42,0,1,47,0,48,10,28,52,0,90,10,0,10,100
07/04/2017,GJT,CO,ANM,WE,Federal Contract Tower,11,15,3,3,32,0,0,40,0,40,11,15,43,3,72,0,0,0,72
07/05/2017,GJT,CO,ANM,WE,Federal Contract Tower,13,24,23,3,63,0,4,52,0,56,13,28,75,3,119,24,0,24,143
07/06/2017,GJT,CO,ANM,WE,Federal Contract Tower,16,24,16,2,58,0,1,65,3,69,16,25,81,5,127,14,0,14,141
07/07/2017,GJT,CO,ANM,WE,Federal Contract Tower,12,28,11,4,55,0,2,67,0,69,12,30,78,4,124,12,0,12,136
07/08/2017,GJT,CO,ANM,WE,Federal Contract Tower,13,16,7,1,37,0,0,92,0,92,13,16,99,1,129,22,0,22,151
07/09/2017,GJT,CO,ANM,WE,Federal Contract Tower,14,17,15,2,48,0,4,49,2,55,14,21,64,4,103,32,0,32,135
07/10/2017,GJT,CO,ANM,WE,Federal Contract Tower,11,24,17,2,54,0,0,30,1,31,11,24,47,3,85,38,0,38,123
07/11/2017,GJT,CO,ANM,WE,Federal Contract Tower,14,30,8,0,52,0,3,49,0,52,14,33,57,0,104,38,0,38,142
07/12/2017,GJT,CO,ANM,WE,Federal Contract Tower,14,29,8,2,53,0,1,50,2,53,14,30,58,4,106,44,0,44,150
07/13/2017,GJT,CO,ANM,WE,Federal Contract Tower,18,35,8,3,64,0,2,52,3,57,18,37,60,6,121,14,0,14,135
07/14/2017,GJT,CO,ANM,WE,Federal Contract Tower,12,28,16,6,62,0,0,41,0,41,12,28,57,6,103,50,0,50,153
07/15/2017,GJT,CO,ANM,WE,Federal Contract Tower,12,17,8,0,37,0,0,54,0,54,12,17,62,0,91,8,0,8,99
07/16/2017,GJT,CO,ANM,WE,Federal Contract Tower,14,21,8,4,47,0,2,47,0,49,14,23,55,4,96,14,0,14,110
07/17/2017,GJT,CO,ANM,WE,Federal Contract Tower,11,27,9,0,47,0,1,49,0,50,11,28,58,0,97,66,0,66,163
07/18/2017,GJT,CO,ANM,WE,Federal Contract Tower,18,30,9,2,59,0,0,45,1,46,18,30,54,3,105,56,0,56,161
07/19/2017,GJT,CO,ANM,WE,Federal Contract Tower,14,31,17,2,64,0,0,39,0,39,14,31,56,2,103,12,0,12,115
07/20/2017,GJT,CO,ANM,WE,Federal Contract Tower,18,25,25,2,70,0,3,66,0,69,18,28,91,2,139,16,0,16,155
07/21/2017,GJT,CO,ANM,WE,Federal Contract Tower,15,28,15,0,58,0,2,54,0,56,15,30,69,0,114,58,0,58,172
07/22/2017,GJT,CO,ANM,WE,Federal Contract Tower,13,18,9,19,59,0,2,54,12,68,13,20,63,31,127,42,0,42,169
07/23/2017,GJT,CO,ANM,WE,Federal Contract Tower,16,16,0,4,36,0,0,38,0,38,16,16,38,4,74,0,0,0,74
07/24/2017,GJT,CO,ANM,WE,Federal Contract Tower,13,23,18,8,62,0,1,46,1,48,13,24,64,9,110,36,0,36,146
07/25/2017,GJT,CO,ANM,WE,Federal Contract Tower,13,28,18,2,61,0,0,20,0,20,13,28,38,2,81,26,0,26,107
07/26/2017,GJT,CO,ANM,WE,Federal Contract Tower,15,32,16,5,68,0,2,21,0,23,15,34,37,5,91,6,0,6,97
07/27/2017,GJT,CO,ANM,WE,Federal Contract Tower,18,27,21,7,73,0,4,36,2,42,18,31,57,9,115,24,0,24,139
07/28/2017,GJT,CO,ANM,WE,Federal Contract Tower,12,23,16,8,59,0,3,34,0,37,12,26,50,8,96,14,0,14,110
07/29/2017,GJT,CO,ANM,WE,Federal Contract Tower,15,16,4,4,39,0,4,32,0,36,15,20,36,4,75,8,0,8,83
07/30/2017,GJT,CO,ANM,WE,Federal Contract Tower,14,21,10,5,50,0,0,44,0,44,14,21,54,5,94,4,0,4,98
07/31/2017,GJT,CO,ANM,WE,Federal Contract Tower,10,30,14,0,54,0,2,41,0,43,10,32,55,0,97,46,0,46,143
08/01/2017,GJT,CO,ANM,WE,Federal Contract Tower,14,28,11,2,55,0,0,42,0,42,14,28,53,2,97,4,0,4,101
08/02/2017,GJT,CO,ANM,WE,Federal Contract Tower,16,23,12,6,57,0,2,33,1,36,16,25,45,7,93,2,10,12,105
08/03/2017,GJT,CO,ANM,WE,Federal Contract Tower,17,23,18,6,64,0,2,38,0,40,17,25,56,6,104,38,0,38,142
08/04/2017,GJT,CO,ANM,WE,Federal Contract Tower,17,23,13,5,58,0,1,61,1,63,17,24,74,6,121,16,0,16,137
08/05/2017,GJT,CO,ANM,WE,Federal Contract Tower,15,11,10,7,43,0,3,43,8,54,15,14,53,15,97,0,18,18,115
08/06/2017,GJT,CO,ANM,WE,Federal Contract Tower,12,20,8,2,42,0,0,49,0,49,12,20,57,2,91,12,0,12,103
08/07/2017,GJT,CO,ANM,WE,Federal Contract Tower,13,28,16,0,57,0,3,30,0,33,13,31,46,0,90,10,0,10,100
08/08/2017,GJT,CO,ANM,WE,Federal Contract Tower,14,28,20,0,62,0,0,45,0,45,14,28,65,0,107,18,0,18,125
08/09/2017,GJT,CO,ANM,WE,Federal Contract Tower,14,32,6,19,71,0,2,71,2,75,14,34,77,21,146,36,10,46,192
08/10/2017,GJT,CO,ANM,WE,Federal Contract Tower,17,29,13,4,63,0,4,42,0,46,17,33,55,4,109,0,0,0,109
08/11/2017,GJT,CO,ANM,WE,Federal Contract Tower,13,27,9,0,49,0,0,56,0,56,13,27,65,0,105,18,0,18,123
08/12/2017,GJT,CO,ANM,WE,Federal Contract Tower,17,18,5,2,42,0,0,54,0,54,17,18,59,2,96,28,0,28,124
08/13/2017,GJT,CO,ANM,WE,Federal Contract Tower,13,21,6,2,42,0,1,40,1,42,13,22,46,3,84,32,0,32,116
08/14/2017,GJT,CO,ANM,WE,Federal Contract Tower,11,26,7,0,44,0,1,39,1,41,11,27,46,1,85,44,6,50,135
08/15/2017,GJT,CO,ANM,WE,Federal Contract Tower,14,29,12,10,65,0,0,45,0,45,14,29,57,10,110,18,0,18,128
08/16/2017,GJT,CO,ANM,WE,Federal Contract Tower,14,24,14,1,53,0,1,56,3,60,14,25,70,4,113,16,36,52,165
08/17/2017,GJT,CO,ANM,WE,Federal Contract Tower,17,27,11,1,56,0,3,45,2,50,17,30,56,3,106,32,0,32,138
08/18/2017,GJT,CO,ANM,WE,Federal Contract Tower,13,28,11,2,54,0,0,56,2,58,13,28,67,4,112,42,0,42,154
08/19/2017,GJT,CO,ANM,WE,Federal Contract Tower,15,14,14,1,44,0,3,61,12,76,15,17,75,13,120,38,0,38,158
08/20/2017,GJT,CO,ANM,WE,Federal Contract Tower,12,21,8,3,44,0,0,55,1,56,12,21,63,4,100,20,0,20,120
08/21/2017,GJT,CO,ANM,WE,Federal Contract Tower,12,20,18,0,50,0,1,74,0,75,12,21,92,0,125,14,0,14,139
08/22/2017,GJT,CO,ANM,WE,Federal Contract Tower,15,31,16,2,64,0,1,54,0,55,15,32,70,2,119,10,0,10,129
08/23/2017,GJT,CO,ANM,WE,Federal Contract Tower,16,20,13,2,51,0,3,45,0,48,16,23,58,2,99,44,0,44,143
08/24/2017,GJT,CO,ANM,WE,Federal Contract Tower,17,25,23,2,67,0,5,56,0,61,17,30,79,2,128,28,0,28,156
08/25/2017,GJT,CO,ANM,WE,Federal Contract Tower,13,24,16,11,64,0,3,61,3,67,13,27,77,14,131,46,0,46,177
08/26/2017,GJT,CO,ANM,WE,Federal Contract Tower,12,14,7,5,38,0,3,49,11,63,12,17,56,16,101,22,16,38,139
08/27/2017,GJT,CO,ANM,WE,Federal Contract Tower,12,22,11,2,47,0,0,50,1,51,12,22,61,3,98,0,26,26,124
08/28/2017,GJT,CO,ANM,WE,Federal Contract Tower,12,25,6,8,51,0,2,43,0,45,12,27,49,8,96,10,0,10,106
08/29/2017,GJT,CO,ANM,WE,Federal Contract Tower,15,30,7,0,52,0,0,40,0,40,15,30,47,0,92,24,0,24,116
08/30/2017,GJT,CO,ANM,WE,Federal Contract Tower,15,26,16,4,61,0,0,41,0,41,15,26,57,4,102,8,0,8,110
08/31/2017,GJT,CO,ANM,WE,Federal Contract Tower,19,24,13,3,59,0,3,61,4,68,19,27,74,7,127,22,6,28,155
09/01/2017,GJT,CO,ANM,WE,Federal Contract Tower,13,25,22,1,61,0,0,67,3,70,13,25,89,4,131,18,14,32,163
09/02/2017,GJT,CO,ANM,WE,Federal Contract Tower,11,12,16,0,39,0,0,37,0,37,11,12,53,0,76,22,0,22,98
09/03/2017,GJT,CO,ANM,WE,Federal Contract Tower,10,13,6,0,29,0,3,34,2,39,10,16,40,2,68,0,0,0,68
09/04/2017,GJT,CO,ANM,WE,Federal Contract Tower,15,21,16,3,55,0,0,53,0,53,15,21,69,3,108,12,0,12,120
09/05/2017,GJT,CO,ANM,WE,Federal Contract Tower,12,26,24,4,66,0,0,37,0,37,12,26,61,4,103,26,0,26,129
09/06/2017,GJT,CO,ANM,WE,Federal Contract Tower,15,27,14,9,65,0,42,43,0,85,15,69,57,9,150,8,0,8,158
09/07/2017,GJT,CO,ANM,WE,Federal Contract Tower,16,26,22,14,78,0,2,74,7,83,16,28,96,21,161,14,22,36,197
09/08/2017,GJT,CO,ANM,WE,Federal Contract Tower,12,31,12,9,64,0,1,62,0,63,12,32,74,9,127,34,0,34,161
09/09/2017,GJT,CO,ANM,WE,Federal Contract Tower,12,10,3,0,25,0,0,44,0,44,12,10,47,0,69,0,0,0,69
09/10/2017,GJT,CO,ANM,WE,Federal Contract Tower,14,14,7,6,41,0,1,51,1,53,14,15,58,7,94,6,18,24,118
09/11/2017,GJT,CO,ANM,WE,Federal Contract Tower,12,23,13,5,53,0,3,38,1,42,12,26,51,6,95,32,0,32,127
09/12/2017,GJT,CO,ANM,WE,Federal Contract Tower,17,34,15,3,69,0,0,46,0,46,17,34,61,3,115,36,0,36,151
09/13/2017,GJT,CO,ANM,WE,Federal Contract Tower,16,30,10,1,57,0,1,35,0,36,16,31,45,1,93,4,0,4,97
09/14/2017,GJT,CO,ANM,WE,Federal Contract Tower,14,31,16,2,63,0,0,36,0,36,14,31,52,2,99,22,0,22,121
09/15/2017,GJT,CO,ANM,WE,Federal Contract Tower,14,24,19,10,67,0,2,38,2,42,14,26,57,12,109,12,0,12,121
09/16/2017,GJT,CO,ANM,WE,Federal Contract Tower,14,11,8,2,35,0,2,41,0,43,14,13,49,2,78,30,0,30,108
09/17/2017,GJT,CO,ANM,WE,Federal Contract Tower,14,24,12,6,56,0,0,63,1,64,14,24,75,7,120,16,0,16,136
09/18/2017,GJT,CO,ANM,WE,Federal Contract Tower,14,26,14,5,59,0,3,48,0,51,14,29,62,5,110,2,0,2,112
09/19/2017,GJT,CO,ANM,WE,Federal Contract Tower,17,28,11,6,62,0,0,25,0,25,17,28,36,6,87,4,0,4,91
09/20/2017,GJT,CO,ANM,WE,Federal Contract Tower,19,18,11,0,48,0,2,32,3,37,19,20,43,3,85,22,6,28,113
09/21/2017,GJT,CO,ANM,WE,Federal Contract Tower,21,29,15,5,70,0,33,47,1,81,21,62,62,6,151,0,12,12,163
09/22/2017,GJT,CO,ANM,WE,Federal Contract Tower,13,29,9,4,55,0,1,12,0,13,13,30,21,4,68,6,0,6,74
09/23/2017,GJT,CO,ANM,WE,Federal Contract Tower,15,27,9,0,51,0,1,10,0,11,15,28,19,0,62,2,0,2,64
09/24/2017,GJT,CO,ANM,WE,Federal Contract Tower,12,22,14,6,54,0,0,39,0,39,12,22,53,6,93,0,0,0,93
09/25/2017,GJT,CO,ANM,WE,Federal Contract Tower,15,28,21,2,66,0,1,48,2,51,15,29,69,4,117,12,0,12,129
09/26/2017,GJT,CO,ANM,WE,Federal Contract Tower,17,23,19,2,61,0,0,48,0,48,17,23,67,2,109,14,0,14,123
09/27/2017,GJT,CO,ANM,WE,Federal Contract Tower,19,27,20,2,68,0,2,32,0,34,19,29,52,2,102,8,0,8,110
09/28/2017,GJT,CO,ANM,WE,Federal Contract Tower,17,32,19,10,78,0,0,37,4,41,17,32,56,14,119,4,4,8,127
09/29/2017,GJT,CO,ANM,WE,Federal Contract Tower,10,27,10,5,52,0,0,23,4,27,10,27,33,9,79,4,18,22,101
09/30/2017,GJT,CO,ANM,WE,Federal Contract Tower,12,10,5,0,27,0,0,23,0,23,12,10,28,0,50,4,0,4,54
10/01/2017,GJT,CO,ANM,WE,Federal Contract Tower,16,20,9,3,48,0,1,11,0,12,16,21,20,3,60,0,0,0,60
10/02/2017,GJT,CO,ANM,WE,Federal Contract Tower,16,38,19,9,82,0,0,2,1,3,16,38,21,10,85,0,0,0,85
10/03/2017,GJT,CO,ANM,WE,Federal Contract Tower,21,32,19,3,75,0,0,55,4,59,21,32,74,7,134,8,4,12,146
10/04/2017,GJT,CO,ANM,WE,Federal Contract Tower,14,24,14,9,61,0,1,48,1,50,14,25,62,10,111,46,0,46,157
10/05/2017,GJT,CO,ANM,WE,Federal Contract Tower,20,27,25,2,74,0,1,45,0,46,20,28,70,2,120,32,0,32,152
10/06/2017,GJT,CO,ANM,WE,Federal Contract Tower,17,27,15,0,59,0,0,55,0,55,17,27,70,0,114,4,0,4,118
10/07/2017,GJT,CO,ANM,WE,Federal Contract Tower,11,20,14,7,52,0,0,57,0,57,11,20,71,7,109,16,0,16,125
10/08/2017,GJT,CO,ANM,WE,Federal Contract Tower,14,21,17,0,52,0,2,43,2,47,14,23,60,2,99,26,0,26,125
10/09/2017,GJT,CO,ANM,WE,Federal Contract Tower,14,29,10,5,58,0,1,19,0,20,14,30,29,5,78,0,0,0,78
10/10/2017,GJT,CO,ANM,WE,Federal Contract Tower,19,27,18,4,68,0,4,41,0,45,19,31,59,4,113,14,0,14,127
10/11/2017,GJT,CO,ANM,WE,Federal Contract Tower,17,23,14,6,60,0,3,38,2,43,17,26,52,8,103,22,0,22,125
10/12/2017,GJT,CO,ANM,WE,Federal Contract Tower,18,22,15,4,59,0,1,48,7,56,18,23,63,11,115,2,0,2,117
10/13/2017,GJT,CO,ANM,WE,Federal Contract Tower,17,24,16,13,70,0,0,35,2,37,17,24,51,15,107,32,0,32,139
10/14/2017,GJT,CO,ANM,WE,Federal Contract Tower,13,13,8,5,39,0,1,32,4,37,13,14,40,9,76,0,22,22,98
10/15/2017,GJT,CO,ANM,WE,Federal Contract Tower,15,20,11,0,46,0,0,54,0,54,15,20,65,0,100,18,0,18,118
10/16/2017,GJT,CO,ANM,WE,Federal Contract Tower,14,20,15,6,55,0,2,53,0,55,14,22,68,6,110,22,0,22,132
10/17/2017,GJT,CO,ANM,WE,Federal Contract Tower,20,26,8,3,57,0,0,38,1,39,20,26,46,4,96,36,0,36,132
10/18/2017,GJT,CO,ANM,WE,Federal Contract Tower,16,24,16,8,64,3,0,46,0,49,19,24,62,8,113,22,0,22,135
10/19/2017,GJT,CO,ANM,WE,Federal Contract Tower,19,26,21,6,72,1,2,51,0,54,20,28,72,6,126,20,0,20,146
10/20/2017,GJT,CO,ANM,WE,Federal Contract Tower,16,23,12,6,57,0,1,22,0,23,16,24,34,6,80,2,0,2,82
10/21/2017,GJT,CO,ANM,WE,Federal Contract Tower,11,16,7,1,35,0,2,52,8,62,11,18,59,9,97,66,30,96,193
10/22/2017,GJT,CO,ANM,WE,Federal Contract Tower,15,18,3,2,38,0,2,34,0,36,15,20,37,2,74,12,0,12,86
10/23/2017,GJT,CO,ANM,WE,Federal Contract Tower,15,25,17,2,59,0,1,34,0,35,15,26,51,2,94,32,0,32,126
10/24/2017,GJT,CO,ANM,WE,Federal Contract Tower,19,29,13,2,63,0,3,45,2,50,19,32,58,4,113,26,0,26,139
10/25/2017,GJT,CO,ANM,WE,Federal Contract Tower,15,26,14,6,61,0,2,51,1,54,15,28,65,7,115,8,12,20,135
10/26/2017,GJT,CO,ANM,WE,Federal Contract Tower,18,23,25,2,68,0,2,39,3,44,18,25,64,5,112,14,10,24,136
10/27/2017,GJT,CO,ANM,WE,Federal Contract Tower,15,21,20,2,58,0,1,53,0,54,15,22,73,2,112,20,0,20,132
10/28/2017,GJT,CO,ANM,WE,Federal Contract Tower,11,12,6,15,44,0,0,41,9,50,11,12,47,24,94,20,24,44,138
10/29/2017,GJT,CO,ANM,WE,Federal Contract Tower,14,16,12,2,44,0,1,41,0,42,14,17,53,2,86,20,0,20,106
10/30/2017,GJT,CO,ANM,WE,Federal Contract Tower,14,21,14,5,54,0,1,24,0,25,14,22,38,5,79,0,0,0,79
10/31/2017,GJT,CO,ANM,WE,Federal Contract Tower,14,24,8,2,48,0,0,25,0,25,14,24,33,2,73,12,0,12,85
11/01/2017,GJT,CO,ANM,WE,Federal Contract Tower,14,29,10,8,61,0,5,42,0,47,14,34,52,8,108,34,0,34,142
11/02/2017,GJT,CO,ANM,WE,Federal Contract Tower,18,25,14,4,61,0,0,41,0,41,18,25,55,4,102,14,0,14,116
11/03/2017,GJT,CO,ANM,WE,Federal Contract Tower,15,23,28,0,66,0,0,32,0,32,15,23,60,0,98,0,0,0,98
11/04/2017,GJT,CO,ANM,WE,Federal Contract Tower,13,10,6,2,31,0,0,29,0,29,13,10,35,2,60,22,0,22,82
11/05/2017,GJT,CO,ANM,WE,Federal Contract Tower,16,20,11,0,47,0,0,18,2,20,16,20,29,2,67,6,0,6,73
11/06/2017,GJT,CO,ANM,WE,Federal Contract Tower,14,19,16,2,51,0,0,27,0,27,14,19,43,2,78,4,0,4,82
11/07/2017,GJT,CO,ANM,WE,Federal Contract Tower,14,27,7,0,48,0,1,15,0,16,14,28,22,0,64,2,0,2,66
11/08/2017,GJT,CO,ANM,WE,Federal Contract Tower,17,25,13,2,57,0,0,38,0,38,17,25,51,2,95,16,2,18,113
11/09/2017,GJT,CO,ANM,WE,Federal Contract Tower,21,21,22,2,66,0,5,48,0,53,21,26,70,2,119,36,0,36,155
11/10/2017,GJT,CO,ANM,WE,Federal Contract Tower,14,24,16,0,54,0,1,32,1,34,14,25,48,1,88,18,2,20,108
11/11/2017,GJT,CO,ANM,WE,Federal Contract Tower,14,10,5,1,30,0,6,56,4,66,14,16,61,5,96,16,2,18,114
11/12/2017,GJT,CO,ANM,WE,Federal Contract Tower,15,19,6,2,42,0,2,48,2,52,15,21,54,4,94,30,0,30,124
11/13/2017,GJT,CO,ANM,WE,Federal Contract Tower,17,21,8,0,46,0,0,29,0,29,17,21,37,0,75,22,0,22,97
11/14/2017,GJT,CO,ANM,WE,Federal Contract Tower,13,28,17,2,60,0,0,28,0,28,13,28,45,2,88,10,0,10,98
11/15/2017,GJT,CO,ANM,WE,Federal Contract Tower,15,24,12,5,56,0,5,31,0,36,15,29,43,5,92,26,16,42,134
11/16/2017,GJT,CO,ANM,WE,Federal Contract Tower,19,22,8,4,53,0,2,27,0,29,19,24,35,4,82,0,0,0,82
11/17/2017,GJT,CO,ANM,WE,Federal Contract Tower,15,18,12,4,49,0,0,6,2,8,15,18,18,6,57,8,0,8,65
11/18/2017,GJT,CO,ANM,WE,Federal Contract Tower,13,12,10,5,40,0,4,67,2,73,13,16,77,7,113,28,4,32,145
11/19/2017,GJT,CO,ANM,WE,Federal Contract Tower,15,18,6,5,44,0,4,50,1,55,15,22,56,6,99,24,6,30,129
11/20/2017,GJT,CO,ANM,WE,Federal Contract Tower,15,20,8,2,45,0,0,24,0,24,15,20,32,2,69,16,0,16,85
11/21/2017,GJT,CO,ANM,WE,Federal Contract Tower,17,25,11,0,53,0,0,28,0,28,17,25,39,0,81,16,0,16,97
11/22/2017,GJT,CO,ANM,WE,Federal Contract Tower,18,18,13,0,49,0,1,30,0,31,18,19,43,0,80,22,0,22,102
11/23/2017,GJT,CO,ANM,WE,Federal Contract Tower,7,10,0,0,17,0,3,22,0,25,7,13,22,0,42,16,0,16,58
11/24/2017,GJT,CO,ANM,WE,Federal Contract Tower,9,16,2,0,27,0,1,38,0,39,9,17,40,0,66,8,0,8,74
11/25/2017,GJT,CO,ANM,WE,Federal Contract Tower,12,12,7,0,31,0,0,33,0,33,12,12,40,0,64,10,0,10,74
11/26/2017,GJT,CO,ANM,WE,Federal Contract Tower,14,23,4,0,41,0,0,0,0,0,14,23,4,0,41,26,0,26,67
11/27/2017,GJT,CO,ANM,WE,Federal Contract Tower,13,22,14,4,53,0,0,12,0,12,13,22,26,4,65,10,0,10,75
11/28/2017,GJT,CO,ANM,WE,Federal Contract Tower,11,28,9,1,49,0,0,28,0,28,11,28,37,1,77,4,0,4,81
11/29/2017,GJT,CO,ANM,WE,Federal Contract Tower,14,25,14,14,67,0,4,38,4,46,14,29,52,18,113,36,0,36,149
11/30/2017,GJT,CO,ANM,WE,Federal Contract Tower,16,22,13,0,51,0,2,44,0,46,16,24,57,0,97,62,0,62,159
12/01/2017,GJT,CO,ANM,WE,Federal Contract Tower,12,21,6,5,44,0,2,36,1,39,12,23,42,6,83,14,8,22,105
12/02/2017,GJT,CO,ANM,WE,Federal Contract Tower,9,13,6,5,33,0,0,36,2,38,9,13,42,7,71,4,2,6,77
12/03/2017,GJT,CO,ANM,WE,Federal Contract Tower,21,24,5,1,51,0,2,12,1,15,21,26,17,2,66,6,0,6,72
12/04/2017,GJT,CO,ANM,WE,Federal Contract Tower,13,21,6,4,44,0,3,21,0,24,13,24,27,4,68,10,0,10,78
12/05/2017,GJT,CO,ANM,WE,Federal Contract Tower,14,24,8,0,46,0,2,25,0,27,14,26,33,0,73,34,0,34,107
12/06/2017,GJT,CO,ANM,WE,Federal Contract Tower,15,25,6,2,48,1,0,21,0,22,16,25,27,2,70,8,0,8,78
12/07/2017,GJT,CO,ANM,WE,Federal Contract Tower,16,21,27,4,68,0,2,27,0,29,16,23,54,4,97,0,0,0,97
12/08/2017,GJT,CO,ANM,WE,Federal Contract Tower,12,29,7,2,50,0,0,30,0,30,12,29,37,2,80,40,0,40,120
12/09/2017,GJT,CO,ANM,WE,Federal Contract Tower,9,13,6,0,28,0,2,36,0,38,9,15,42,0,66,4,0,4,70
12/10/2017,GJT,CO,ANM,WE,Federal Contract Tower,12,19,8,3,42,0,0,30,0,30,12,19,38,3,72,6,0,6,78
12/11/2017,GJT,CO,ANM,WE,Federal Contract Tower,15,22,10,8,55,0,0,35,0,35,15,22,45,8,90,14,0,14,104
12/12/2017,GJT,CO,ANM,WE,Federal Contract Tower,13,29,10,5,57,0,1,50,0,51,13,30,60,5,108,26,4,30,138
12/13/2017,GJT,CO,ANM,WE,Federal Contract Tower,16,22,16,2,56,0,1,21,0,22,16,23,37,2,78,18,0,18,96
12/14/2017,GJT,CO,ANM,WE,Federal Contract Tower,15,25,21,3,64,0,2,34,0,36,15,27,55,3,100,24,0,24,124
12/15/2017,GJT,CO,ANM,WE,Federal Contract Tower,11,21,19,24,75,0,0,38,0,38,11,21,57,24,113,30,0,30,143
12/16/2017,GJT,CO,ANM,WE,Federal Contract Tower,11,20,8,0,39,0,0,17,1,18,11,20,25,1,57,16,6,22,79
12/17/2017,GJT,CO,ANM,WE,Federal Contract Tower,12,19,5,0,36,0,0,22,0,22,12,19,27,0,58,18,0,18,76
12/18/2017,GJT,CO,ANM,WE,Federal Contract Tower,13,20,12,2,47,0,0,38,0,38,13,20,50,2,85,10,0,10,95
12/19/2017,GJT,CO,ANM,WE,Federal Contract Tower,13,24,13,2,52,0,0,38,0,38,13,24,51,2,90,20,0,20,110
12/20/2017,GJT,CO,ANM,WE,Federal Contract Tower,15,23,21,2,61,0,1,27,0,28,15,24,48,2,89,0,0,0,89
12/21/2017,GJT,CO,ANM,WE,Federal Contract Tower,33,34,19,4,90,0,3,6,0,9,33,37,25,4,99,0,8,8,107
12/22/2017,GJT,CO,ANM,WE,Federal Contract Tower,11,26,15,0,52,0,3,40,0,43,11,29,55,0,95,18,0,18,113
12/23/2017,GJT,CO,ANM,WE,Federal Contract Tower,25,16,10,0,51,0,0,12,0,12,25,16,22,0,63,10,0,10,73
12/24/2017,GJT,CO,ANM,WE,Federal Contract Tower,14,13,0,0,27,0,0,14,0,14,14,13,14,0,41,0,0,0,41
12/25/2017,GJT,CO,ANM,WE,Federal Contract Tower,12,14,3,0,29,0,0,8,0,8,12,14,11,0,37,0,0,0,37
12/26/2017,GJT,CO,ANM,WE,Federal Contract Tower,20,36,8,0,64,0,0,23,3,26,20,36,31,3,90,20,0,20,110
12/27/2017,GJT,CO,ANM,WE,Federal Contract Tower,13,24,12,0,49,0,0,37,1,38,13,24,49,1,87,24,0,24,111
12/28/2017,GJT,CO,ANM,WE,Federal Contract Tower,18,24,7,2,51,0,0,47,0,47,18,24,54,2,98,36,0,36,134
12/29/2017,GJT,CO,ANM,WE,Federal Contract Tower,11,30,7,0,48,0,0,37,0,37,11,30,44,0,85,46,0,46,131
12/30/2017,GJT,CO,ANM,WE,Federal Contract Tower,12,12,12,2,38,0,0,41,0,41,12,12,53,2,79,32,0,32,111
12/31/2017,GJT,CO,ANM,WE,Federal Contract Tower,9,22,4,0,35,0,0,17,0,17,9,22,21,0,52,0,0,0,52
01/01/2018,GJT,CO,ANM,WE,Federal Contract Tower,11,14,6,0,31,0,0,12,0,12,11,14,18,0,43,0,0,0,43
01/02/2018,GJT,CO,ANM,WE,Federal Contract Tower,13,28,11,0,52,0,0,34,0,34,13,28,45,0,86,10,0,10,96
01/03/2018,GJT,CO,ANM,WE,Federal Contract Tower,14,26,14,2,56,0,1,46,0,47,14,27,60,2,103,26,0,26,129
01/04/2018,GJT,CO,ANM,WE,Federal Contract Tower,15,25,12,4,56,0,2,44,0,46,15,27,56,4,102,40,0,40,142
01/05/2018,GJT,CO,ANM,WE,Federal Contract Tower,11,24,4,0,39,0,0,36,2,38,11,24,40,2,77,16,0,16,93
01/06/2018,GJT,CO,ANM,WE,Federal Contract Tower,26,22,5,0,53,0,3,16,0,19,26,25,21,0,72,12,0,12,84
01/07/2018,GJT,CO,ANM,WE,Federal Contract Tower,20,24,13,0,57,0,0,4,0,4,20,24,17,0,61,0,0,0,61
01/08/2018,GJT,CO,ANM,WE,Federal Contract Tower,13,28,8,3,52,0,0,17,5,22,13,28,25,8,74,6,38,44,118
01/09/2018,GJT,CO,ANM,WE,Federal Contract Tower,11,29,7,33,80,0,1,16,0,17,11,30,23,33,97,14,0,14,111
01/10/2018,GJT,CO,ANM,WE,Federal Contract Tower,16,34,7,1,58,0,0,0,0,0,16,34,7,1,58,0,0,0,58
01/11/2018,GJT,CO,ANM,WE,Federal Contract Tower,14,25,8,0,47,0,0,34,0,34,14,25,42,0,81,34,0,34,115
01/12/2018,GJT,CO,ANM,WE,Federal Contract Tower,15,23,11,10,59,0,0,28,0,28,15,23,39,10,87,38,0,38,125
01/13/2018,GJT,CO,ANM,WE,Federal Contract Tower,11,16,3,12,42,0,0,29,8,37,11,16,32,20,79,10,8,18,97
01/14/2018,GJT,CO,ANM,WE,Federal Contract Tower,14,19,5,9,47,0,0,37,5,42,14,19,42,14,89,28,2,30,119
01/15/2018,GJT,CO,ANM,WE,Federal Contract Tower,9,23,13,5,50,0,0,19,3,22,9,23,32,8,72,12,0,12,84
01/16/2018,GJT,CO,ANM,WE,Federal Contract Tower,8,30,8,6,52,0,1,43,2,46,8,31,51,8,98,30,0,30,128
01/17/2018,GJT,CO,ANM,WE,Federal Contract Tower,12,22,20,2,56,0,3,40,2,45,12,25,60,4,101,16,0,16,117
01/18/2018,GJT,CO,ANM,WE,Federal Contract Tower,13,27,20,6,66,0,5,44,1,50,13,32,64,7,116,20,0,20,136
01/19/2018,GJT,CO,ANM,WE,Federal Contract Tower,12,27,15,2,56,0,0,33,0,33,12,27,48,2,89,32,0,32,121
01/20/2018,GJT,CO,ANM,WE,Federal Contract Tower,9,19,7,3,38,0,2,11,0,13,9,21,18,3,51,2,0,2,53
01/21/2018,GJT,CO,ANM,WE,Federal Contract Tower,48,20,8,0,76,0,0,2,0,2,48,20,10,0,78,0,0,0,78
01/22/2018,GJT,CO,ANM,WE,Federal Contract Tower,15,27,16,3,61,0,4,34,3,41,15,31,50,6,102,26,0,26,128
01/23/2018,GJT,CO,ANM,WE,Federal Contract Tower,12,28,13,2,55,0,1,42,0,43,12,29,55,2,98,34,0,34,132
01/24/2018,GJT,CO,ANM,WE,Federal Contract Tower,14,23,10,4,51,0,0,52,2,54,14,23,62,6,105,44,0,44,149
01/25/2018,GJT,CO,ANM,WE,Federal Contract Tower,13,25,24,4,66,0,2,31,0,33,13,27,55,4,99,16,0,16,115
01/26/2018,GJT,CO,ANM,WE,Federal Contract Tower,11,23,14,4,52,0,3,25,1,29,11,26,39,5,81,18,0,18,99
01/27/2018,GJT,CO,ANM,WE,Federal Contract Tower,9,19,13,9,50,0,3,38,20,61,9,22,51,29,111,30,48,78,189
01/28/2018,GJT,CO,ANM,WE,Federal Contract Tower,13,22,8,7,50,0,1,36,0,37,13,23,44,7,87,12,0,12,99
01/29/2018,GJT,CO,ANM,WE,Federal Contract Tower,11,23,13,0,47,0,1,23,0,24,11,24,36,0,71,8,0,8,79
01/30/2018,GJT,CO,ANM,WE,Federal Contract Tower,11,25,18,0,54,0,0,25,0,25,11,25,43,0,79,10,0,10,89
01/31/2018,GJT,CO,ANM,WE,Federal Contract Tower,14,26,14,2,56,0,1,35,3,39,14,27,49,5,95,16,22,38,133
02/01/2018,GJT,CO,ANM,WE,Federal Contract Tower,13,25,22,1,61,0,2,32,0,34,13,27,54,1,95,6,6,12,107
02/02/2018,GJT,CO,ANM,WE,Federal Contract Tower,12,35,7,2,56,0,1,28,2,31,12,36,35,4,87,30,0,30,117
02/03/2018,GJT,CO,ANM,WE,Federal Contract Tower,9,19,6,2,36,0,0,27,0,27,9,19,33,2,63,26,0,26,89
02/04/2018,GJT,CO,ANM,WE,Federal Contract Tower,11,18,2,0,31,0,2,27,1,30,11,20,29,1,61,8,0,8,69
02/05/2018,GJT,CO,ANM,WE,Federal Contract Tower,16,23,16,4,59,0,0,23,0,23,16,23,39,4,82,12,0,12,94
02/06/2018,GJT,CO,ANM,WE,Federal Contract Tower,19,29,18,2,68,0,0,9,4,13,19,29,27,6,81,6,0,6,87
02/07/2018,GJT,CO,ANM,WE,Federal Contract Tower,9,27,19,0,55,0,0,45,4,49,9,27,64,4,104,8,0,8,112
02/08/2018,GJT,CO,ANM,WE,Federal Contract Tower,11,27,12,4,54,0,2,69,0,71,11,29,81,4,125,6,0,6,131
02/09/2018,GJT,CO,ANM,WE,Federal Contract Tower,14,26,11,5,56,0,0,25,0,25,14,26,36,5,81,16,0,16,97
02/10/2018,GJT,CO,ANM,WE,Federal Contract Tower,38,27,21,0,86,0,0,1,0,1,38,27,22,0,87,0,0,0,87
02/11/2018,GJT,CO,ANM,WE,Federal Contract Tower,12,26,14,3,55,0,0,23,0,23,12,26,37,3,78,8,0,8,86
02/12/2018,GJT,CO,ANM,WE,Federal Contract Tower,21,54,19,2,96,0,0,0,0,0,21,54,19,2,96,0,0,0,96
02/13/2018,GJT,CO,ANM,WE,Federal Contract Tower,15,35,15,2,67,0,0,2,0,2,15,35,17,2,69,8,0,8,77
02/14/2018,GJT,CO,ANM,WE,Federal Contract Tower,11,28,13,3,55,0,3,29,1,33,11,31,42,4,88,24,20,44,132
02/15/2018,GJT,CO,ANM,WE,Federal Contract Tower,38,40,17,7,102,0,0,3,0,3,38,40,20,7,105,0,2,2,107
02/16/2018,GJT,CO,ANM,WE,Federal Contract Tower,15,29,15,2,61,0,0,41,0,41,15,29,56,2,102,8,0,8,110
02/17/2018,GJT,CO,ANM,WE,Federal Contract Tower,12,18,3,0,33,0,0,44,0,44,12,18,47,0,77,42,0,42,119
02/18/2018,GJT,CO,ANM,WE,Federal Contract Tower,19,28,21,2,70,0,3,23,0,26,19,31,44,2,96,0,0,0,96
02/19/2018,GJT,CO,ANM,WE,Federal Contract Tower,12,51,40,0,103,0,2,0,0,2,12,53,40,0,105,0,0,0,105
02/20/2018,GJT,CO,ANM,WE,Federal Contract Tower,18,40,30,0,88,0,0,13,0,13,18,40,43,0,101,10,0,10,111
02/21/2018,GJT,CO,ANM,WE,Federal Contract Tower,11,28,6,0,45,0,4,40,0,44,11,32,46,0,89,32,0,32,121
02/22/2018,GJT,CO,ANM,WE,Federal Contract Tower,13,28,20,3,64,0,0,4,1,5,13,28,24,4,69,0,0,0,69
02/23/2018,GJT,CO,ANM,WE,Federal Contract Tower,16,32,14,0,62,0,0,4,0,4,16,32,18,0,66,0,0,0,66
02/24/2018,GJT,CO,ANM,WE,Federal Contract Tower,14,20,7,2,43,0,1,37,0,38,14,21,44,2,81,20,0,20,101
02/25/2018,GJT,CO,ANM,WE,Federal Contract Tower,8,25,9,3,45,0,0,34,2,36,8,25,43,5,81,16,0,16,97
02/26/2018,GJT,CO,ANM,WE,Federal Contract Tower,13,32,21,0,66,0,1,43,0,44,13,33,64,0,110,32,0,32,142
02/27/2018,GJT,CO,ANM,WE,Federal Contract Tower,10,26,13,0,49,0,1,68,0,69,10,27,81,0,118,70,0,70,188
02/28/2018,GJT,CO,ANM,WE,Federal Contract Tower,12,24,16,4,56,0,4,47,0,51,12,28,63,4,107,28,0,28,135
03/01/2018,GJT,CO,ANM,WE,Federal Contract Tower,11,23,21,1,56,0,2,37,1,40,11,25,58,2,96,26,4,30,126
03/02/2018,GJT,CO,ANM,WE,Federal Contract Tower,13,24,7,10,54,0,2,24,0,26,13,26,31,10,80,0,0,0,80
03/03/2018,GJT,CO,ANM,WE,Federal Contract Tower,15,15,4,3,37,0,0,8,0,8,15,15,12,3,45,0,0,0,45
03/04/2018,GJT,CO,ANM,WE,Federal Contract Tower,24,22,10,0,56,0,0,1,0,1,24,22,11,0,57,0,0,0,57
03/05/2018,GJT,CO,ANM,WE,Federal Contract Tower,17,19,20,4,60,0,1,40,0,41,17,20,60,4,101,24,0,24,125
03/06/2018,GJT,CO,ANM,WE,Federal Contract Tower,10,30,12,2,54,0,0,48,0,48,10,30,60,2,102,76,0,76,178
03/07/2018,GJT,CO,ANM,WE,Federal Contract Tower,11,24,4,3,42,0,2,57,0,59,11,26,61,3,101,58,0,58,159
03/08/2018,GJT,CO,ANM,WE,Federal Contract Tower,13,28,14,5,60,0,3,77,0,80,13,31,91,5,140,38,0,38,178
03/09/2018,GJT,CO,ANM,WE,Federal Contract Tower,13,28,9,12,62,0,0,26,1,27,13,28,35,13,89,0,0,0,89
03/10/2018,GJT,CO,ANM,WE,Federal Contract Tower,12,19,4,2,37,0,0,36,1,37,12,19,40,3,74,0,0,0,74
03/11/2018,GJT,CO,ANM,WE,Federal Contract Tower,8,23,13,7,51,0,4,31,4,39,8,27,44,11,90,18,0,18,108
03/12/2018,GJT,CO,ANM,WE,Federal Contract Tower,13,24,16,3,56,0,1,47,3,51,13,25,63,6,107,40,0,40,147
03/13/2018,GJT,CO,ANM,WE,Federal Contract Tower,10,31,10,4,55,0,0,46,3,49,10,31,56,7,104,26,20,46,150
03/14/2018,GJT,CO,ANM,WE,Federal Contract Tower,14,24,15,7,60,0,0,49,0,49,14,24,64,7,109,8,0,8,117
03/15/2018,GJT,CO,ANM,WE,Federal Contract Tower,20,28,17,4,69,0,0,10,4,14,20,28,27,8,83,8,0,8,91
03/16/2018,GJT,CO,ANM,WE,Federal Contract Tower,13,27,11,6,57,0,6,52,0,58,13,33,63,6,115,64,0,64,179
03/17/2018,GJT,CO,ANM,WE,Federal Contract Tower,14,20,13,0,47,0,0,19,0,19,14,20,32,0,66,4,0,4,70
03/18/2018,GJT,CO,ANM,WE,Federal Contract Tower,15,27,14,0,56,0,0,2,0,2,15,27,16,0,58,6,0,6,64
03/19/2018,GJT,CO,ANM,WE,Federal Contract Tower,15,24,13,0,52,0,2,62,2,66,15,26,75,2,118,64,0,64,182
03/20/2018,GJT,CO,ANM,WE,Federal Contract Tower,12,26,8,0,46,0,0,66,0,66,12,26,74,0,112,42,0,42,154
03/21/2018,GJT,CO,ANM,WE,Federal Contract Tower,11,29,16,10,66,0,4,48,4,56,11,33,64,14,122,76,0,76,198
03/22/2018,GJT,CO,ANM,WE,Federal Contract Tower,13,29,25,5,72,0,1,37,1,39,13,30,62,6,111,30,0,30,141
03/23/2018,GJT,CO,ANM,WE,Federal Contract Tower,23,30,12,0,65,0,2,12,0,14,23,32,24,0,79,8,0,8,87
03/24/2018,GJT,CO,ANM,WE,Federal Contract Tower,16,14,9,0,39,0,2,44,3,49,16,16,53,3,88,18,0,18,106
03/25/2018,GJT,CO,ANM,WE,Federal Contract Tower,11,17,8,1,37,0,1,23,2,26,11,18,31,3,63,22,0,22,85
03/26/2018,GJT,CO,ANM,WE,Federal Contract Tower,13,26,14,0,53,0,3,35,0,38,13,29,49,0,91,18,0,18,109
03/27/2018,GJT,CO,ANM,WE,Federal Contract Tower,12,28,14,0,54,0,0,57,0,57,12,28,71,0,111,86,0,86,197
03/28/2018,GJT,CO,ANM,WE,Federal Contract Tower,12,25,14,2,53,0,3,44,0,47,12,28,58,2,100,46,0,46,146
03/29/2018,GJT,CO,ANM,WE,Federal Contract Tower,16,31,16,2,65,0,6,60,0,66,16,37,76,2,131,70,0,70,201
03/30/2018,GJT,CO,ANM,WE,Federal Contract Tower,13,25,9,10,57,0,6,58,10,74,13,31,67,20,131,34,8,42,173
03/31/2018,GJT,CO,ANM,WE,Federal Contract Tower,9,15,5,0,29,0,5,53,2,60,9,20,58,2,89,26,0,26,115
04/01/2018,GJT,CO,ANM,WE,Federal Contract Tower,9,15,6,0,30,0,0,34,1,35,9,15,40,1,65,0,0,0,65
04/02/2018,GJT,CO,ANM,WE,Federal Contract Tower,19,22,20,2,63,0,2,25,0,27,19,24,45,2,90,0,0,0,90
04/03/2018,GJT,CO,ANM,WE,Federal Contract Tower,8,26,9,0,43,0,0,55,0,55,8,26,64,0,98,76,0,76,174
04/04/2018,GJT,CO,ANM,WE,Federal Contract Tower,12,29,14,2,57,0,4,41,0,45,12,33,55,2,102,70,0,70,172
04/05/2018,GJT,CO,ANM,WE,Federal Contract Tower,9,22,6,0,37,0,1,59,0,60,9,23,65,0,97,82,0,82,179
04/06/2018,GJT,CO,ANM,WE,Federal Contract Tower,15,28,15,6,64,0,7,31,0,38,15,35,46,6,102,64,0,64,166
04/07/2018,GJT,CO,ANM,WE,Federal Contract Tower,11,22,11,15,59,0,0,21,2,23,11,22,32,17,82,2,16,18,100
04/08/2018,GJT,CO,ANM,WE,Federal Contract Tower,10,16,15,4,45,0,0,33,5,38,10,16,48,9,83,16,0,16,99
04/09/2018,GJT,CO,ANM,WE,Federal Contract Tower,12,23,15,0,50,0,2,56,0,58,12,25,71,0,108,86,0,86,194
04/10/2018,GJT,CO,ANM,WE,Federal Contract Tower,10,34,18,0,62,0,0,38,0,38,10,34,56,0,100,46,0,46,146
04/11/2018,GJT,CO,ANM,WE,Federal Contract Tower,9,30,6,0,45,0,3,28,2,33,9,33,34,2,78,12,0,12,90
04/12/2018,GJT,CO,ANM,WE,Federal Contract Tower,10,28,7,4,49,0,0,6,0,6,10,28,13,4,55,0,0,0,55
04/13/2018,GJT,CO,ANM,WE,Federal Contract Tower,13,26,14,10,63,0,4,12,0,16,13,30,26,10,79,12,0,12,91
04/14/2018,GJT,CO,ANM,WE,Federal Contract Tower,10,21,6,2,39,0,2,50,0,52,10,23,56,2,91,72,0,72,163
04/15/2018,GJT,CO,ANM,WE,Federal Contract Tower,8,15,8,0,31,0,2,58,0,60,8,17,66,0,91,64,0,64,155
04/16/2018,GJT,CO,ANM,WE,Federal Contract Tower,16,26,14,3,59,0,0,16,0,16,16,26,30,3,75,8,0,8,83
04/17/2018,GJT,CO,ANM,WE,Federal Contract Tower,10,29,10,0,49,0,0,12,0,12,10,29,22,0,61,0,0,0,61
04/18/2018,GJT,CO,ANM,WE,Federal Contract Tower,8,35,12,2,57,0,1,75,0,76,8,36,87,2,133,76,0,76,209
04/19/2018,GJT,CO,ANM,WE,Federal Contract Tower,10,28,12,0,50,0,1,45,0,46,10,29,57,0,96,12,0,12,108
04/20/2018,GJT,CO,ANM,WE,Federal Contract Tower,13,27,23,2,65,0,0,17,0,17,13,27,40,2,82,2,0,2,84
04/21/2018,GJT,CO,ANM,WE,Federal Contract Tower,10,20,6,0,36,0,3,29,0,32,10,23,35,0,68,2,0,2,70
04/22/2018,GJT,CO,ANM,WE,Federal Contract Tower,8,19,12,0,39,0,2,35,0,37,8,21,47,0,76,20,0,20,96
04/23/2018,GJT,CO,ANM,WE,Federal Contract Tower,12,28,13,0,53,0,1,34,13,48,12,29,47,13,101,12,0,12,113
04/24/2018,GJT,CO,ANM,WE,Federal Contract Tower,8,30,11,0,49,0,0,25,2,27,8,30,36,2,76,18,0,18,94
04/25/2018,GJT,CO,ANM,WE,Federal Contract Tower,8,25,13,0,46,0,5,62,0,67,8,30,75,0,113,88,0,88,201
04/26/2018,GJT,CO,ANM,WE,Federal Contract Tower,10,30,20,3,63,0,3,47,0,50,10,33,67,3,113,28,0,28,141
04/27/2018,GJT,CO,ANM,WE,Federal Contract Tower,12,30,15,11,68,0,0,61,0,61,12,30,76,11,129,80,4,84,213
04/28/2018,GJT,CO,ANM,WE,Federal Contract Tower,10,16,5,2,33,0,0,37,1,38,10,16,42,3,71,12,0,12,83
04/29/2018,GJT,CO,ANM,WE,Federal Contract Tower,8,22,18,0,48,0,1,19,2,22,8,23,37,2,70,8,0,8,78
04/30/2018,GJT,CO,ANM,WE,Federal Contract Tower,12,28,16,4,60,0,0,22,0,22,12,28,38,4,82,14,0,14,96
05/01/2018,GJT,CO,ANM,WE,Federal Contract Tower,8,30,7,0,45,0,0,34,2,36,8,30,41,2,81,30,0,30,111
05/02/2018,GJT,CO,ANM,WE,Federal Contract Tower,11,26,11,0,48,0,2,18,0,20,11,28,29,0,68,6,0,6,74
05/03/2018,GJT,CO,ANM,WE,Federal Contract Tower,12,31,20,0,63,0,0,30,0,30,12,31,50,0,93,34,0,34,127
05/04/2018,GJT,CO,ANM,WE,Federal Contract Tower,11,26,16,6,59,0,0,70,0,70,11,26,86,6,129,84,0,84,213
05/05/2018,GJT,CO,ANM,WE,Federal Contract Tower,11,18,1,14,44,0,0,48,14,62,11,18,49,28,106,40,20,60,166
05/06/2018,GJT,CO,ANM,WE,Federal Contract Tower,9,21,9,0,39,0,0,36,1,37,9,21,45,1,76,36,4,40,116
05/07/2018,GJT,CO,ANM,WE,Federal Contract Tower,11,25,18,0,54,0,0,37,0,37,11,25,55,0,91,60,0,60,151
05/08/2018,GJT,CO,ANM,WE,Federal Contract Tower,10,28,21,7,66,0,2,40,6,48,10,30,61,13,114,80,6,86,200
05/09/2018,GJT,CO,ANM,WE,Federal Contract Tower,12,26,15,0,53,0,0,32,4,36,12,26,47,4,89,50,0,50,139
05/10/2018,GJT,CO,ANM,WE,Federal Contract Tower,12,27,18,2,59,0,0,49,0,49,12,27,67,2,108,66,0,66,174
05/11/2018,GJT,CO,ANM,WE,Federal Contract Tower,12,28,14,1,55,0,3,11,3,17,12,31,25,4,72,22,0,22,94
05/12/2018,GJT,CO,ANM,WE,Federal Contract Tower,11,20,5,0,36,0,3,9,0,12,11,23,14,0,48,20,0,20,68
05/13/2018,GJT,CO,ANM,WE,Federal Contract Tower,8,18,11,0,37,0,0,32,0,32,8,18,43,0,69,6,0,6,75
05/14/2018,GJT,CO,ANM,WE,Federal Contract Tower,11,22,13,2,48,0,0,41,0,41,11,22,54,2,89,24,0,24,113
05/15/2018,GJT,CO,ANM,WE,Federal Contract Tower,9,36,6,7,58,0,1,33,2,36,9,37,39,9,94,8,6,14,108
05/16/2018,GJT,CO,ANM,WE,Federal Contract Tower,10,22,23,3,58,0,1,38,3,42,10,23,61,6,100,24,8,32,132
05/17/2018,GJT,CO,ANM,WE,Federal Contract Tower,10,24,17,2,53,0,2,47,2,51,10,26,64,4,104,10,0,10,114
05/18/2018,GJT,CO,ANM,WE,Federal Contract Tower,13,27,18,8,66,0,6,63,3,72,13,33,81,11,138,18,12,30,168
05/19/2018,GJT,CO,ANM,WE,Federal Contract Tower,10,18,9,4,41,0,2,66,0,68,10,20,75,4,109,14,0,14,123
05/20/2018,GJT,CO,ANM,WE,Federal Contract Tower,12,17,10,0,39,0,0,38,0,38,12,17,48,0,77,44,0,44,121
05/21/2018,GJT,CO,ANM,WE,Federal Contract Tower,20,27,12,0,59,0,3,62,0,65,20,30,74,0,124,16,0,16,140
05/22/2018,GJT,CO,ANM,WE,Federal Contract Tower,10,35,16,2,63,0,0,24,2,26,10,35,40,4,89,10,0,10,99
05/23/2018,GJT,CO,ANM,WE,Federal Contract Tower,10,26,15,5,56,0,0,32,2,34,10,26,47,7,90,24,0,24,114
05/24/2018,GJT,CO,ANM,WE,Federal Contract Tower,9,32,16,6,63,0,0,60,0,60,9,32,76,6,123,20,0,20,143
05/25/2018,GJT,CO,ANM,WE,Federal Contract Tower,11,31,11,0,53,0,0,49,0,49,11,31,60,0,102,50,0,50,152
05/26/2018,GJT,CO,ANM,WE,Federal Contract Tower,11,14,5,0,30,0,3,64,0,67,11,17,69,0,97,0,0,0,97
05/27/2018,GJT,CO,ANM,WE,Federal Contract Tower,10,13,8,0,31,0,0,56,0,56,10,13,64,0,87,12,0,12,99
05/28/2018,GJT,CO,ANM,WE,Federal Contract Tower,17,23,4,2,46,0,0,63,0,63,17,23,67,2,109,10,0,10,119
05/29/2018,GJT,CO,ANM,WE,Federal Contract Tower,9,30,12,2,53,0,0,51,0,51,9,30,63,2,104,32,0,32,136
05/30/2018,GJT,CO,ANM,WE,Federal Contract Tower,10,26,18,5,59,0,0,41,0,41,10,26,59,5,100,20,0,20,120
05/31/2018,GJT,CO,ANM,WE,Federal Contract Tower,10,26,8,3,47,0,2,46,3,51,10,28,54,6,98,6,0,6,104
06/01/2018,GJT,CO,ANM,WE,Federal Contract Tower,12,26,24,9,71,0,5,54,0,59,12,31,78,9,130,18,6,24,154
06/02/2018,GJT,CO,ANM,WE,Federal Contract Tower,11,16,7,0,34,0,3,46,0,49,11,19,53,0,83,18,0,18,101
06/03/2018,GJT,CO,ANM,WE,Federal Contract Tower,8,15,5,4,32,0,5,46,0,51,8,20,51,4,83,28,0,28,111
06/04/2018,GJT,CO,ANM,WE,Federal Contract Tower,12,22,10,2,46,0,3,75,0,78,12,25,85,2,124,2,0,2,126
06/05/2018,GJT,CO,ANM,WE,Federal Contract Tower,10,29,8,0,47,0,0,85,2,87,10,29,93,2,134,38,0,38,172
06/06/2018,GJT,CO,ANM,WE,Federal Contract Tower,10,26,9,2,47,0,1,53,1,55,10,27,62,3,102,36,0,36,138
06/07/2018,GJT,CO,ANM,WE,Federal Contract Tower,15,23,11,8,57,0,30,63,3,96,15,53,74,11,153,24,12,36,189
06/08/2018,GJT,CO,ANM,WE,Federal Contract Tower,14,27,11,2,54,0,6,47,4,57,14,33,58,6,111,24,0,24,135
06/09/2018,GJT,CO,ANM,WE,Federal Contract Tower,9,18,6,2,35,0,6,64,2,72,9,24,70,4,107,8,0,8,115
06/10/2018,GJT,CO,ANM,WE,Federal Contract Tower,8,22,8,3,41,0,1,37,3,41,8,23,45,6,82,4,0,4,86
06/11/2018,GJT,CO,ANM,WE,Federal Contract Tower,14,25,19,0,58,0,0,78,0,78,14,25,97,0,136,46,0,46,182
06/12/2018,GJT,CO,ANM,WE,Federal Contract Tower,11,25,10,8,54,0,0,59,0,59,11,25,69,8,113,16,0,16,129
06/13/2018,GJT,CO,ANM,WE,Federal Contract Tower,10,24,19,4,57,0,13,76,4,93,10,37,95,8,150,22,0,22,172
06/14/2018,GJT,CO,ANM,WE,Federal Contract Tower,13,27,17,2,59,0,4,66,0,70,13,31,83,2,129,32,0,32,161
06/15/2018,GJT,CO,ANM,WE,Federal Contract Tower,15,26,18,3,62,0,5,56,6,67,15,31,74,9,129,42,0,42,171
06/16/2018,GJT,CO,ANM,WE,Federal Contract Tower,10,17,11,7,45,0,1,23,1,25,10,18,34,8,70,0,0,0,70
06/17/2018,GJT,CO,ANM,WE,Federal Contract Tower,11,15,13,4,43,0,0,19,0,19,11,15,32,4,62,22,0,22,84
06/18/2018,GJT,CO,ANM,WE,Federal Contract Tower,13,26,21,2,62,0,0,46,0,46,13,26,67,2,108,10,0,10,118
06/19/2018,GJT,CO,ANM,WE,Federal Contract Tower,21,29,15,0,65,0,0,57,0,57,21,29,72,0,122,8,0,8,130
06/20/2018,GJT,CO,ANM,WE,Federal Contract Tower,10,29,17,9,65,0,11,59,2,72,10,40,76,11,137,42,16,58,195
06/21/2018,GJT,CO,ANM,WE,Federal Contract Tower,11,29,10,3,53,0,3,59,0,62,11,32,69,3,115,66,0,66,181
06/22/2018,GJT,CO,ANM,WE,Federal Contract Tower,13,32,24,9,78,0,3,60,4,67,13,35,84,13,145,48,0,48,193
06/23/2018,GJT,CO,ANM,WE,Federal Contract Tower,9,17,8,0,34,0,4,49,0,53,9,21,57,0,87,6,0,6,93
06/24/2018,GJT,CO,ANM,WE,Federal Contract Tower,21,23,21,7,72,0,3,59,2,64,21,26,80,9,136,44,8,52,188
06/25/2018,GJT,CO,ANM,WE,Federal Contract Tower,16,32,17,4,69,0,0,47,0,47,16,32,64,4,116,16,0,16,132
06/26/2018,GJT,CO,ANM,WE,Federal Contract Tower,11,33,13,0,57,0,0,61,0,61,11,33,74,0,118,50,0,50,168
06/27/2018,GJT,CO,ANM,WE,Federal Contract Tower,12,25,9,6,52,0,7,75,1,83,12,32,84,7,135,32,0,32,167
06/28/2018,GJT,CO,ANM,WE,Federal Contract Tower,11,24,23,1,59,0,4,66,0,70,11,28,89,1,129,22,0,22,151
06/29/2018,GJT,CO,ANM,WE,Federal Contract Tower,27,33,10,12,82,0,2,44,0,46,27,35,54,12,128,34,0,34,162
06/30/2018,GJT,CO,ANM,WE,Federal Contract Tower,15,16,7,0,38,0,2,58,2,62,15,18,65,2,100,18,0,18,118
07/01/2018,GJT,CO,ANM,WE,Federal Contract Tower,9,11,5,6,31,0,0,44,0,44,9,11,49,6,75,40,0,40,115
07/02/2018,GJT,CO,ANM,WE,Federal Contract Tower,14,25,8,0,47,0,0,54,0,54,14,25,62,0,101,38,0,38,139
07/03/2018,GJT,CO,ANM,WE,Federal Contract Tower,10,30,12,2,54,0,1,51,0,52,10,31,63,2,106,18,0,18,124
07/04/2018,GJT,CO,ANM,WE,Federal Contract Tower,6,11,6,0,23,0,2,118,0,120,6,13,124,0,143,58,0,58,201
07/05/2018,GJT,CO,ANM,WE,Federal Contract Tower,23,32,19,0,74,0,5,99,0,104,23,37,118,0,178,44,0,44,222
07/06/2018,GJT,CO,ANM,WE,Federal Contract Tower,24,21,12,2,59,0,2,68,0,70,24,23,80,2,129,56,0,56,185
07/07/2018,GJT,CO,ANM,WE,Federal Contract Tower,17,15,2,2,36,0,3,96,0,99,17,18,98,2,135,32,0,32,167
07/08/2018,GJT,CO,ANM,WE,Federal Contract Tower,14,26,11,0,51,0,0,114,9,123,14,26,125,9,174,4,0,4,178
07/09/2018,GJT,CO,ANM,WE,Federal Contract Tower,15,23,18,2,58,0,2,69,4,75,15,25,87,6,133,60,0,60,193
07/10/2018,GJT,CO,ANM,WE,Federal Contract Tower,13,29,10,4,56,0,0,84,0,84,13,29,94,4,140,26,0,26,166
07/11/2018,GJT,CO,ANM,WE,Federal Contract Tower,15,21,11,0,47,0,2,85,0,87,15,23,96,0,134,54,0,54,188
07/12/2018,GJT,CO,ANM,WE,Federal Contract Tower,14,23,15,4,56,0,3,59,0,62,14,26,74,4,118,66,0,66,184
07/13/2018,GJT,CO,ANM,WE,Federal Contract Tower,19,28,10,8,65,0,0,62,2,64,19,28,72,10,129,16,0,16,145
07/14/2018,GJT,CO,ANM,WE,Federal Contract Tower,22,12,8,1,43,0,0,40,0,40,22,12,48,1,83,10,0,10,93
07/15/2018,GJT,CO,ANM,WE,Federal Contract Tower,15,15,17,7,54,0,1,40,1,42,15,16,57,8,96,6,0,6,102
07/16/2018,GJT,CO,ANM,WE,Federal Contract Tower,18,27,19,0,64,0,0,80,0,80,18,27,99,0,144,16,0,16,160
07/17/2018,GJT,CO,ANM,WE,Federal Contract Tower,11,30,14,0,55,0,1,50,0,51,11,31,64,0,106,8,0,8,114
07/18/2018,GJT,CO,ANM,WE,Federal Contract Tower,11,28,11,7,57,0,0,83,1,84,11,28,94,8,141,44,0,44,185
07/19/2018,GJT,CO,ANM,WE,Federal Contract Tower,11,29,13,1,54,0,0,142,2,144,11,29,155,3,198,30,0,30,228
07/20/2018,GJT,CO,ANM,WE,Federal Contract Tower,16,31,13,14,74,0,0,88,5,93,16,31,101,19,167,90,0,90,257
07/21/2018,GJT,CO,ANM,WE,Federal Contract Tower,13,14,12,2,41,0,1,62,0,63,13,15,74,2,104,22,0,22,126
07/22/2018,GJT,CO,ANM,WE,Federal Contract Tower,11,13,10,6,40,0,0,75,0,75,11,13,85,6,115,22,0,22,137
07/23/2018,GJT,CO,ANM,WE,Federal Contract Tower,29,24,12,8,73,0,0,56,0,56,29,24,68,8,129,8,0,8,137
07/24/2018,GJT,CO,ANM,WE,Federal Contract Tower,14,30,16,6,66,0,2,86,0,88,14,32,102,6,154,14,0,14,168
07/25/2018,GJT,CO,ANM,WE,Federal Contract Tower,11,27,14,8,60,0,0,78,0,78,11,27,92,8,138,28,0,28,166
07/26/2018,GJT,CO,ANM,WE,Federal Contract Tower,11,33,12,5,61,0,5,77,2,84,11,38,89,7,145,36,0,36,181
07/27/2018,GJT,CO,ANM,WE,Federal Contract Tower,17,28,18,5,68,0,0,63,3,66,17,28,81,8,134,14,0,14,148
07/28/2018,GJT,CO,ANM,WE,Federal Contract Tower,9,22,21,2,54,0,1,55,3,59,9,23,76,5,113,8,0,8,121
07/29/2018,GJT,CO,ANM,WE,Federal Contract Tower,9,19,8,0,36,0,2,72,2,76,9,21,80,2,112,36,0,36,148
07/30/2018,GJT,CO,ANM,WE,Federal Contract Tower,13,24,16,2,55,0,0,179,0,179,13,24,195,2,234,46,0,46,280
07/31/2018,GJT,CO,ANM,WE,Federal Contract Tower,11,27,23,4,65,0,0,145,1,146,11,27,168,5,211,26,0,26,237
08/01/2018,GJT,CO,ANM,WE,Federal Contract Tower,11,25,20,2,58,0,3,134,0,137,11,28,154,2,195,26,0,26,221
08/02/2018,GJT,CO,ANM,WE,Federal Contract Tower,11,31,25,0,67,0,2,52,2,56,11,33,77,2,123,8,0,8,131
08/03/2018,GJT,CO,ANM,WE,Federal Contract Tower,16,27,18,7,68,0,0,36,0,36,16,27,54,7,104,14,0,14,118
08/04/2018,GJT,CO,ANM,WE,Federal Contract Tower,12,15,10,3,40,0,2,62,0,64,12,17,72,3,104,10,0,10,114
08/05/2018,GJT,CO,ANM,WE,Federal Contract Tower,10,13,14,7,44,0,4,103,0,107,10,17,117,7,151,36,0,36,187
08/06/2018,GJT,CO,ANM,WE,Federal Contract Tower,14,24,20,5,63,0,2,64,0,66,14,26,84,5,129,62,0,62,191
08/07/2018,GJT,CO,ANM,WE,Federal Contract Tower,13,33,20,2,68,0,0,115,0,115,13,33,135,2,183,38,0,38,221
08/08/2018,GJT,CO,ANM,WE,Federal Contract Tower,11,28,21,5,65,0,2,143,0,145,11,30,164,5,210,18,0,18,228
08/09/2018,GJT,CO,ANM,WE,Federal Contract Tower,11,30,10,4,55,0,4,94,0,98,11,34,104,4,153,8,0,8,161
08/10/2018,GJT,CO,ANM,WE,Federal Contract Tower,16,34,20,2,72,0,6,127,0,133,16,40,147,2,205,32,0,32,237
08/11/2018,GJT,CO,ANM,WE,Federal Contract Tower,14,18,9,1,42,0,0,126,1,127,14,18,135,2,169,8,0,8,177
08/12/2018,GJT,CO,ANM,WE,Federal Contract Tower,8,18,8,3,37,0,0,85,2,87,8,18,93,5,124,60,0,60,184
08/13/2018,GJT,CO,ANM,WE,Federal Contract Tower,18,26,11,8,63,0,1,110,0,111,18,27,121,8,174,52,0,52,226
08/14/2018,GJT,CO,ANM,WE,Federal Contract Tower,13,34,17,8,72,0,0,76,1,77,13,34,93,9,149,32,0,32,181
08/15/2018,GJT,CO,ANM,WE,Federal Contract Tower,11,30,18,8,67,0,5,109,4,118,11,35,127,12,185,14,0,14,199
08/16/2018,GJT,CO,ANM,WE,Federal Contract Tower,10,25,16,0,51,0,2,72,2,76,10,27,88,2,127,4,0,4,131
08/17/2018,GJT,CO,ANM,WE,Federal Contract Tower,13,25,19,4,61,0,2,58,2,62,13,27,77,6,123,16,0,16,139
08/18/2018,GJT,CO,ANM,WE,Federal Contract Tower,10,20,8,0,38,0,0,49,0,49,10,20,57,0,87,10,0,10,97
08/19/2018,GJT,CO,ANM,WE,Federal Contract Tower,9,14,14,0,37,0,0,47,0,47,9,14,61,0,84,40,0,40,124
08/20/2018,GJT,CO,ANM,WE,Federal Contract Tower,11,24,11,4,50,0,0,49,0,49,11,24,60,4,99,56,0,56,155
08/21/2018,GJT,CO,ANM,WE,Federal Contract Tower,13,32,19,2,66,0,0,27,0,27,13,32,46,2,93,0,0,0,93
08/22/2018,GJT,CO,ANM,WE,Federal Contract Tower,17,28,8,0,53,0,1,53,0,54,17,29,61,0,107,46,0,46,153
08/23/2018,GJT,CO,ANM,WE,Federal Contract Tower,12,22,22,0,56,0,2,73,0,75,12,24,95,0,131,48,0,48,179
08/24/2018,GJT,CO,ANM,WE,Federal Contract Tower,16,24,14,5,59,0,1,71,2,74,16,25,85,7,133,80,4,84,217
08/25/2018,GJT,CO,ANM,WE,Federal Contract Tower,12,19,3,8,42,0,1,67,9,77,12,20,70,17,119,30,26,56,175
08/26/2018,GJT,CO,ANM,WE,Federal Contract Tower,13,17,10,10,50,0,0,34,0,34,13,17,44,10,84,30,0,30,114
08/27/2018,GJT,CO,ANM,WE,Federal Contract Tower,16,21,19,0,56,0,2,60,0,62,16,23,79,0,118,14,0,14,132
08/28/2018,GJT,CO,ANM,WE,Federal Contract Tower,14,25,18,2,59,0,0,61,0,61,14,25,79,2,120,48,2,50,170
08/29/2018,GJT,CO,ANM,WE,Federal Contract Tower,15,19,15,4,53,0,0,64,0,64,15,19,79,4,117,12,0,12,129
08/30/2018,GJT,CO,ANM,WE,Federal Contract Tower,15,26,29,7,77,0,4,74,0,78,15,30,103,7,155,18,0,18,173
08/31/2018,GJT,CO,ANM,WE,Federal Contract Tower,26,34,9,6,75,0,2,73,0,75,26,36,82,6,150,32,0,32,182
09/01/2018,GJT,CO,ANM,WE,Federal Contract Tower,13,19,12,0,44,0,0,51,0,51,13,19,63,0,95,32,0,32,127
09/02/2018,GJT,CO,ANM,WE,Federal Contract Tower,13,14,9,2,38,0,3,41,2,46,13,17,50,4,84,28,0,28,112
09/03/2018,GJT,CO,ANM,WE,Federal Contract Tower,13,13,15,0,41,0,3,74,0,77,13,16,89,0,118,20,0,20,138
09/04/2018,GJT,CO,ANM,WE,Federal Contract Tower,13,25,26,0,64,0,0,34,0,34,13,25,60,0,98,40,0,40,138
09/05/2018,GJT,CO,ANM,WE,Federal Contract Tower,12,24,12,2,50,0,0,35,0,35,12,24,47,2,85,28,0,28,113
09/06/2018,GJT,CO,ANM,WE,Federal Contract Tower,13,25,16,8,62,0,6,53,0,59,13,31,69,8,121,42,10,52,173
09/07/2018,GJT,CO,ANM,WE,Federal Contract Tower,15,23,6,3,47,0,4,48,3,55,15,27,54,6,102,20,12,32,134
09/08/2018,GJT,CO,ANM,WE,Federal Contract Tower,13,15,7,6,41,0,0,39,11,50,13,15,46,17,91,2,44,46,137
09/09/2018,GJT,CO,ANM,WE,Federal Contract Tower,12,14,10,0,36,0,0,32,0,32,12,14,42,0,68,44,0,44,112
09/10/2018,GJT,CO,ANM,WE,Federal Contract Tower,15,22,8,0,45,0,0,34,0,34,15,22,42,0,79,14,0,14,93
09/11/2018,GJT,CO,ANM,WE,Federal Contract Tower,14,28,11,2,55,0,0,45,0,45,14,28,56,2,100,40,0,40,140
09/12/2018,GJT,CO,ANM,WE,Federal Contract Tower,12,22,5,7,46,0,0,45,2,47,12,22,50,9,93,8,0,8,101
09/13/2018,GJT,CO,ANM,WE,Federal Contract Tower,13,25,17,0,55,0,8,65,0,73,13,33,82,0,128,38,0,38,166
09/14/2018,GJT,CO,ANM,WE,Federal Contract Tower,16,25,6,8,55,0,0,62,0,62,16,25,68,8,117,4,0,4,121
09/15/2018,GJT,CO,ANM,WE,Federal Contract Tower,12,21,7,2,42,0,1,48,4,53,12,22,55,6,95,38,10,48,143
09/16/2018,GJT,CO,ANM,WE,Federal Contract Tower,11,18,9,7,45,0,2,66,1,69,11,20,75,8,114,24,0,24,138
09/17/2018,GJT,CO,ANM,WE,Federal Contract Tower,16,21,20,6,63,0,0,48,4,52,16,21,68,10,115,6,0,6,121
09/18/2018,GJT,CO,ANM,WE,Federal Contract Tower,14,28,17,2,61,0,0,60,0,60,14,28,77,2,121,22,4,26,147
09/19/2018,GJT,CO,ANM,WE,Federal Contract Tower,15,26,15,4,60,0,0,35,0,35,15,26,50,4,95,26,2,28,123
09/20/2018,GJT,CO,ANM,WE,Federal Contract Tower,15,28,13,14,70,0,0,66,2,68,15,28,79,16,138,18,0,18,156
09/21/2018,GJT,CO,ANM,WE,Federal Contract Tower,18,26,9,6,59,0,0,60,2,62,18,26,69,8,121,66,0,66,187
09/22/2018,GJT,CO,ANM,WE,Federal Contract Tower,13,16,5,2,36,0,1,62,4,67,13,17,67,6,103,48,0,48,151
09/23/2018,GJT,CO,ANM,WE,Federal Contract Tower,14,22,8,3,47,0,1,42,2,45,14,23,50,5,92,24,0,24,116
09/24/2018,GJT,CO,ANM,WE,Federal Contract Tower,14,22,24,4,64,0,0,42,0,42,14,22,66,4,106,12,0,12,118
09/25/2018,GJT,CO,ANM,WE,Federal Contract Tower,14,30,16,6,66,0,0,74,0,74,14,30,90,6,140,40,0,40,180
09/26/2018,GJT,CO,ANM,WE,Federal Contract Tower,13,25,17,2,57,0,5,60,0,65,13,30,77,2,122,16,0,16,138
09/27/2018,GJT,CO,ANM,WE,Federal Contract Tower,13,28,18,6,65,0,4,56,0,60,13,32,74,6,125,66,0,66,191
09/28/2018,GJT,CO,ANM,WE,Federal Contract Tower,16,26,9,8,59,0,3,63,0,66,16,29,72,8,125,46,0,46,171
09/29/2018,GJT,CO,ANM,WE,Federal Contract Tower,13,13,10,9,45,0,0,54,8,62,13,13,64,17,107,4,54,58,165
09/30/2018,GJT,CO,ANM,WE,Federal Contract Tower,13,15,15,6,49,0,0,34,2,36,13,15,49,8,85,26,0,26,111
10/01/2018,GJT,CO,ANM,WE,Federal Contract Tower,15,23,15,2,55,0,1,30,0,31,15,24,45,2,86,32,0,32,118
10/02/2018,GJT,CO,ANM,WE,Federal Contract Tower,14,30,21,0,65,0,0,13,0,13,14,30,34,0,78,24,0,24,102
10/03/2018,GJT,CO,ANM,WE,Federal Contract Tower,12,27,17,0,56,0,3,56,0,59,12,30,73,0,115,86,0,86,201
10/04/2018,GJT,CO,ANM,WE,Federal Contract Tower,14,24,14,1,53,0,0,40,0,40,14,24,54,1,93,46,0,46,139
10/05/2018,GJT,CO,ANM,WE,Federal Contract Tower,16,29,25,0,70,0,0,56,0,56,16,29,81,0,126,56,0,56,182
10/06/2018,GJT,CO,ANM,WE,Federal Contract Tower,14,18,6,0,38,0,0,19,0,19,14,18,25,0,57,20,0,20,77
10/07/2018,GJT,CO,ANM,WE,Federal Contract Tower,11,17,11,0,39,0,0,0,0,0,11,17,11,0,39,0,0,0,39
10/08/2018,GJT,CO,ANM,WE,Federal Contract Tower,13,28,15,0,56,0,0,5,0,5,13,28,20,0,61,0,0,0,61
10/09/2018,GJT,CO,ANM,WE,Federal Contract Tower,12,33,26,2,73,0,1,35,0,36,12,34,61,2,109,54,0,54,163
10/10/2018,GJT,CO,ANM,WE,Federal Contract Tower,13,22,16,2,53,0,0,31,0,31,13,22,47,2,84,48,0,48,132
10/11/2018,GJT,CO,ANM,WE,Federal Contract Tower,15,30,19,2,66,0,0,5,0,5,15,30,24,2,71,6,0,6,77
10/12/2018,GJT,CO,ANM,WE,Federal Contract Tower,16,25,10,9,60,0,3,53,1,57,16,28,63,10,117,108,0,108,225
10/13/2018,GJT,CO,ANM,WE,Federal Contract Tower,12,20,10,13,55,0,1,45,21,67,12,21,55,34,122,38,78,116,238
10/14/2018,GJT,CO,ANM,WE,Federal Contract Tower,23,19,19,6,67,0,1,19,3,23,23,20,38,9,90,32,0,32,122
10/15/2018,GJT,CO,ANM,WE,Federal Contract Tower,16,21,18,4,59,0,1,52,3,56,16,22,70,7,115,44,4,48,163
10/16/2018,GJT,CO,ANM,WE,Federal Contract Tower,17,29,6,2,54,0,0,53,0,53,17,29,59,2,107,26,0,26,133
10/17/2018,GJT,CO,ANM,WE,Federal Contract Tower,13,21,14,4,52,0,3,48,0,51,13,24,62,4,103,48,0,48,151
10/18/2018,GJT,CO,ANM,WE,Federal Contract Tower,13,30,19,0,62,0,0,35,2,37,13,30,54,2,99,38,0,38,137
10/19/2018,GJT,CO,ANM,WE,Federal Contract Tower,16,27,16,8,67,0,3,62,0,65,16,30,78,8,132,42,0,42,174
10/20/2018,GJT,CO,ANM,WE,Federal Contract Tower,12,14,3,3,32,0,2,53,5,60,12,16,56,8,92,32,20,52,144
10/21/2018,GJT,CO,ANM,WE,Federal Contract Tower,11,14,9,0,34,0,1,37,0,38,11,15,46,0,72,108,0,108,180
10/22/2018,GJT,CO,ANM,WE,Federal Contract Tower,15,17,7,6,45,0,1,37,0,38,15,18,44,6,83,30,10,40,123
10/23/2018,GJT,CO,ANM,WE,Federal Contract Tower,17,30,28,2,77,0,0,36,0,36,17,30,64,2,113,44,0,44,157
10/24/2018,GJT,CO,ANM,WE,Federal Contract Tower,14,23,17,6,60,0,1,47,2,50,14,24,64,8,110,116,6,122,232
10/25/2018,GJT,CO,ANM,WE,Federal Contract Tower,14,27,14,2,57,0,1,59,0,60,14,28,73,2,117,62,0,62,179
10/26/2018,GJT,CO,ANM,WE,Federal Contract Tower,17,21,11,7,56,0,0,42,0,42,17,21,53,7,98,42,0,42,140
10/27/2018,GJT,CO,ANM,WE,Federal Contract Tower,12,14,6,13,45,0,0,56,4,60,12,14,62,17,105,54,24,78,183
10/28/2018,GJT,CO,ANM,WE,Federal Contract Tower,11,17,8,2,38,0,2,35,1,38,11,19,43,3,76,8,0,8,84
10/29/2018,GJT,CO,ANM,WE,Federal Contract Tower,12,27,17,5,61,0,0,44,0,44,12,27,61,5,105,82,0,82,187
10/30/2018,GJT,CO,ANM,WE,Federal Contract Tower,14,35,12,2,63,0,0,38,0,38,14,35,50,2,101,74,0,74,175
10/31/2018,GJT,CO,ANM,WE,Federal Contract Tower,12,28,9,3,52,0,0,51,1,52,12,28,60,4,104,78,0,78,182
11/01/2018,GJT,CO,ANM,WE,Federal Contract Tower,11,23,25,7,66,0,2,52,1,55,11,25,77,8,121,52,0,52,173
11/02/2018,GJT,CO,ANM,WE,Federal Contract Tower,13,22,22,9,66,0,2,47,0,49,13,24,69,9,115,54,0,54,169
11/03/2018,GJT,CO,ANM,WE,Federal Contract Tower,11,12,7,3,33,0,0,37,0,37,11,12,44,3,70,48,0,48,118
11/04/2018,GJT,CO,ANM,WE,Federal Contract Tower,9,19,14,3,45,0,0,11,0,11,9,19,25,3,56,32,0,32,88
11/05/2018,GJT,CO,ANM,WE,Federal Contract Tower,13,23,21,4,61,0,1,59,0,60,13,24,80,4,121,70,0,70,191
11/06/2018,GJT,CO,ANM,WE,Federal Contract Tower,16,28,8,0,52,0,0,38,2,40,16,28,46,2,92,50,0,50,142
11/07/2018,GJT,CO,ANM,WE,Federal Contract Tower,15,24,13,4,56,0,1,54,3,58,15,25,67,7,114,46,14,60,174
11/08/2018,GJT,CO,ANM,WE,Federal Contract Tower,14,23,14,6,57,0,3,64,0,67,14,26,78,6,124,48,0,48,172
11/09/2018,GJT,CO,ANM,WE,Federal Contract Tower,16,22,19,2,59,0,3,48,0,51,16,25,67,2,110,36,0,36,146
11/10/2018,GJT,CO,ANM,WE,Federal Contract Tower,11,16,7,1,35,0,1,40,7,48,11,17,47,8,83,54,18,72,155
11/11/2018,GJT,CO,ANM,WE,Federal Contract Tower,12,16,6,5,39,0,0,29,0,29,12,16,35,5,68,54,0,54,122
11/12/2018,GJT,CO,ANM,WE,Federal Contract Tower,17,18,18,4,57,0,2,45,1,48,17,20,63,5,105,52,0,52,157
11/13/2018,GJT,CO,ANM,WE,Federal Contract Tower,15,25,15,6,61,0,0,48,2,50,15,25,63,8,111,42,0,42,153
11/14/2018,GJT,CO,ANM,WE,Federal Contract Tower,15,26,15,3,59,0,4,78,2,84,15,30,93,5,143,128,10,138,281
11/15/2018,GJT,CO,ANM,WE,Federal Contract Tower,13,21,14,2,50,0,7,60,0,67,13,28,74,2,117,40,0,40,157
11/16/2018,GJT,CO,ANM,WE,Federal Contract Tower,18,22,16,25,81,0,2,77,5,84,18,24,93,30,165,86,4,90,255
11/17/2018,GJT,CO,ANM,WE,Federal Contract Tower,12,18,7,6,43,0,2,37,2,41,12,20,44,8,84,10,0,10,94
11/18/2018,GJT,CO,ANM,WE,Federal Contract Tower,11,13,7,8,39,0,0,41,1,42,11,13,48,9,81,8,0,8,89
11/19/2018,GJT,CO,ANM,WE,Federal Contract Tower,15,24,11,15,65,0,2,37,2,41,15,26,48,17,106,40,0,40,146
11/20/2018,GJT,CO,ANM,WE,Federal Contract Tower,14,29,14,7,64,0,0,60,0,60,14,29,74,7,124,60,0,60,184
11/21/2018,GJT,CO,ANM,WE,Federal Contract Tower,17,24,11,0,52,0,0,37,0,37,17,24,48,0,89,4,0,4,93
11/22/2018,GJT,CO,ANM,WE,Federal Contract Tower,7,9,2,0,18,0,0,5,0,5,7,9,7,0,23,0,0,0,23
11/23/2018,GJT,CO,ANM,WE,Federal Contract Tower,8,23,6,0,37,0,0,26,0,26,8,23,32,0,63,0,0,0,63
11/24/2018,GJT,CO,ANM,WE,Federal Contract Tower,22,20,16,0,58,0,0,11,0,11,22,20,27,0,69,14,0,14,83
11/25/2018,GJT,CO,ANM,WE,Federal Contract Tower,15,22,10,0,47,0,0,40,0,40,15,22,50,0,87,28,0,28,115
11/27/2018,GJT,CO,ANM,WE,Federal Contract Tower,17,23,21,0,61,0,2,37,0,39,17,25,58,0,100,38,0,38,138
11/28/2018,GJT,CO,ANM,WE,Federal Contract Tower,16,25,7,5,53,0,0,34,1,35,16,25,41,6,88,18,0,18,106
11/29/2018,GJT,CO,ANM,WE,Federal Contract Tower,16,30,14,2,62,0,1,30,0,31,16,31,44,2,93,24,0,24,117
11/30/2018,GJT,CO,ANM,WE,Federal Contract Tower,20,31,12,4,67,0,0,0,0,0,20,31,12,4,67,0,0,0,67
12/01/2018,GJT,CO,ANM,WE,Federal Contract Tower,11,18,2,0,31,0,0,27,0,27,11,18,29,0,58,0,0,0,58
12/02/2018,GJT,CO,ANM,WE,Federal Contract Tower,12,15,3,0,30,0,0,2,0,2,12,15,5,0,32,0,0,0,32
12/03/2018,GJT,CO,ANM,WE,Federal Contract Tower,17,20,23,2,62,0,1,6,0,7,17,21,29,2,69,0,0,0,69
12/04/2018,GJT,CO,ANM,WE,Federal Contract Tower,16,27,32,5,80,0,2,40,3,45,16,29,72,8,125,52,10,62,187
12/05/2018,GJT,CO,ANM,WE,Federal Contract Tower,17,29,17,2,65,0,1,29,2,32,17,30,46,4,97,12,0,12,109
12/06/2018,GJT,CO,ANM,WE,Federal Contract Tower,17,24,7,4,52,0,0,15,8,23,17,24,22,12,75,24,0,24,99
12/07/2018,GJT,CO,ANM,WE,Federal Contract Tower,15,25,10,6,56,0,3,39,2,44,15,28,49,8,100,44,14,58,158
12/08/2018,GJT,CO,ANM,WE,Federal Contract Tower,10,15,9,4,38,0,0,29,4,33,10,15,38,8,71,18,0,18,89
12/09/2018,GJT,CO,ANM,WE,Federal Contract Tower,11,13,13,1,38,0,0,43,0,43,11,13,56,1,81,98,0,98,179
12/10/2018,GJT,CO,ANM,WE,Federal Contract Tower,15,23,11,2,51,0,0,42,0,42,15,23,53,2,93,26,0,26,119
12/11/2018,GJT,CO,ANM,WE,Federal Contract Tower,15,28,15,7,65,0,0,46,0,46,15,28,61,7,111,44,0,44,155
12/12/2018,GJT,CO,ANM,WE,Federal Contract Tower,17,29,11,2,59,0,1,16,5,22,17,30,27,7,81,26,0,26,107
12/13/2018,GJT,CO,ANM,WE,Federal Contract Tower,16,23,17,5,61,0,2,55,2,59,16,25,72,7,120,48,0,48,168
12/14/2018,GJT,CO,ANM,WE,Federal Contract Tower,18,29,8,6,61,0,0,40,0,40,18,29,48,6,101,36,0,36,137
12/15/2018,GJT,CO,ANM,WE,Federal Contract Tower,11,17,7,1,36,0,0,45,4,49,11,17,52,5,85,76,20,96,181
12/16/2018,GJT,CO,ANM,WE,Federal Contract Tower,11,13,6,4,34,0,1,35,0,36,11,14,41,4,70,26,0,26,96
12/17/2018,GJT,CO,ANM,WE,Federal Contract Tower,16,19,6,7,48,0,0,41,4,45,16,19,47,11,93,46,0,46,139
12/18/2018,GJT,CO,ANM,WE,Federal Contract Tower,15,31,11,1,58,0,2,56,2,60,15,33,67,3,118,54,0,54,172
12/19/2018,GJT,CO,ANM,WE,Federal Contract Tower,19,29,19,8,75,1,1,49,1,52,20,30,68,9,127,54,0,54,181
12/20/2018,GJT,CO,ANM,WE,Federal Contract Tower,15,28,13,9,65,0,1,55,12,68,15,29,68,21,133,58,0,58,191
12/21/2018,GJT,CO,ANM,WE,Federal Contract Tower,15,22,7,2,46,0,5,40,0,45,15,27,47,2,91,24,0,24,115
12/22/2018,GJT,CO,ANM,WE,Federal Contract Tower,21,16,8,0,45,0,1,33,0,34,21,17,41,0,79,48,0,48,127
12/23/2018,GJT,CO,ANM,WE,Federal Contract Tower,12,12,5,0,29,0,1,10,0,11,12,13,15,0,40,12,0,12,52
12/24/2018,GJT,CO,ANM,WE,Federal Contract Tower,18,19,3,2,42,0,0,3,0,3,18,19,6,2,45,0,0,0,45
12/25/2018,GJT,CO,ANM,WE,Federal Contract Tower,14,6,2,0,22,0,0,8,0,8,14,6,10,0,30,6,0,6,36
12/26/2018,GJT,CO,ANM,WE,Federal Contract Tower,27,62,49,4,142,0,1,2,0,3,27,63,51,4,145,0,0,0,145
12/27/2018,GJT,CO,ANM,WE,Federal Contract Tower,17,21,13,2,53,0,1,26,0,27,17,22,39,2,80,24,26,50,130
12/28/2018,GJT,CO,ANM,WE,Federal Contract Tower,14,22,10,3,49,0,1,21,2,24,14,23,31,5,73,0,0,0,73
12/29/2018,GJT,CO,ANM,WE,Federal Contract Tower,20,12,7,0,39,0,0,49,0,49,20,12,56,0,88,20,0,20,108
12/30/2018,GJT,CO,ANM,WE,Federal Contract Tower,14,8,3,0,25,0,0,22,0,22,14,8,25,0,47,26,0,26,73
12/31/2018,GJT,CO,ANM,WE,Federal Contract Tower,17,41,19,0,77,0,0,3,0,3,17,41,22,0,80,2,0,2,82
01/01/2019,GJT,CO,ANM,WE,Federal Contract Tower,16,17,8,0,41,0,0,15,0,15,16,17,23,0,56,4,0,4,60
01/02/2019,GJT,CO,ANM,WE,Federal Contract Tower,20,30,13,2,65,0,2,39,0,41,20,32,52,2,106,14,0,14,120
01/03/2019,GJT,CO,ANM,WE,Federal Contract Tower,14,23,9,6,52,0,2,34,2,38,14,25,43,8,90,6,10,16,106
01/04/2019,GJT,CO,ANM,WE,Federal Contract Tower,20,22,13,6,61,0,0,49,0,49,20,22,62,6,110,14,0,14,124
01/05/2019,GJT,CO,ANM,WE,Federal Contract Tower,11,16,15,0,42,0,2,25,3,30,11,18,40,3,72,8,0,8,80
01/06/2019,GJT,CO,ANM,WE,Federal Contract Tower,16,32,15,0,63,0,0,0,0,0,16,32,15,0,63,0,0,0,63
01/07/2019,GJT,CO,ANM,WE,Federal Contract Tower,12,30,19,1,62,0,0,18,0,18,12,30,37,1,80,26,0,26,106
01/08/2019,GJT,CO,ANM,WE,Federal Contract Tower,10,25,16,0,51,0,0,66,0,66,10,25,82,0,117,48,0,48,165
01/09/2019,GJT,CO,ANM,WE,Federal Contract Tower,10,26,10,2,48,0,0,40,0,40,10,26,50,2,88,26,0,26,114
01/10/2019,GJT,CO,ANM,WE,Federal Contract Tower,10,23,20,2,55,0,0,27,0,27,10,23,47,2,82,8,18,26,108
01/11/2019,GJT,CO,ANM,WE,Federal Contract Tower,25,26,7,2,60,0,0,28,1,29,25,26,35,3,89,32,0,32,121
01/12/2019,GJT,CO,ANM,WE,Federal Contract Tower,10,15,10,6,41,0,0,25,5,30,10,15,35,11,71,12,22,34,105
01/13/2019,GJT,CO,ANM,WE,Federal Contract Tower,11,13,4,2,30,0,2,39,1,42,11,15,43,3,72,34,0,34,106
01/14/2019,GJT,CO,ANM,WE,Federal Contract Tower,13,20,11,1,45,0,1,37,0,38,13,21,48,1,83,36,0,36,119
01/15/2019,GJT,CO,ANM,WE,Federal Contract Tower,9,26,22,0,57,0,0,20,0,20,9,26,42,0,77,10,0,10,87
01/16/2019,GJT,CO,ANM,WE,Federal Contract Tower,22,30,9,0,61,0,0,0,0,0,22,30,9,0,61,0,0,0,61
01/17/2019,GJT,CO,ANM,WE,Federal Contract Tower,15,33,24,6,78,0,0,9,1,10,15,33,33,7,88,14,10,24,112
01/18/2019,GJT,CO,ANM,WE,Federal Contract Tower,37,34,11,4,86,0,1,10,0,11,37,35,21,4,97,0,0,0,97
01/19/2019,GJT,CO,ANM,WE,Federal Contract Tower,10,20,16,0,46,0,2,45,0,47,10,22,61,0,93,28,0,28,121
01/20/2019,GJT,CO,ANM,WE,Federal Contract Tower,13,18,5,14,50,0,0,27,11,38,13,18,32,25,88,22,22,44,132
01/21/2019,GJT,CO,ANM,WE,Federal Contract Tower,31,35,12,0,78,0,0,14,0,14,31,35,26,0,92,18,0,18,110
01/22/2019,GJT,CO,ANM,WE,Federal Contract Tower,9,29,13,3,54,0,1,40,0,41,9,30,53,3,95,42,22,64,159
01/23/2019,GJT,CO,ANM,WE,Federal Contract Tower,9,21,8,1,39,0,2,36,0,38,9,23,44,1,77,34,0,34,111
01/24/2019,GJT,CO,ANM,WE,Federal Contract Tower,9,27,10,1,47,0,1,33,0,34,9,28,43,1,81,14,0,14,95
01/25/2019,GJT,CO,ANM,WE,Federal Contract Tower,12,26,16,14,68,0,0,45,0,45,12,26,61,14,113,18,0,18,131
01/26/2019,GJT,CO,ANM,WE,Federal Contract Tower,11,20,6,2,39,0,0,41,0,41,11,20,47,2,80,46,0,46,126
01/27/2019,GJT,CO,ANM,WE,Federal Contract Tower,11,17,8,0,36,0,0,26,0,26,11,17,34,0,62,14,0,14,76
01/28/2019,GJT,CO,ANM,WE,Federal Contract Tower,15,29,19,2,65,0,0,27,1,28,15,29,46,3,93,18,10,28,121
01/29/2019,GJT,CO,ANM,WE,Federal Contract Tower,9,27,10,0,46,0,0,36,0,36,9,27,46,0,82,40,0,40,122
01/30/2019,GJT,CO,ANM,WE,Federal Contract Tower,9,21,7,1,38,0,0,52,0,52,9,21,59,1,90,42,0,42,132
01/31/2019,GJT,CO,ANM,WE,Federal Contract Tower,9,26,14,2,51,0,3,53,0,56,9,29,67,2,107,28,0,28,135
02/01/2019,GJT,CO,ANM,WE,Federal Contract Tower,13,23,12,3,51,0,2,60,0,62,13,25,72,3,113,68,0,68,181
02/02/2019,GJT,CO,ANM,WE,Federal Contract Tower,9,17,12,23,61,0,0,42,7,49,9,17,54,30,110,20,34,54,164
02/03/2019,GJT,CO,ANM,WE,Federal Contract Tower,22,17,5,1,45,0,0,14,1,15,22,17,19,2,60,2,0,2,62
02/04/2019,GJT,CO,ANM,WE,Federal Contract Tower,15,22,17,0,54,0,1,13,5,19,15,23,30,5,73,10,10,20,93
02/05/2019,GJT,CO,ANM,WE,Federal Contract Tower,14,31,15,8,68,0,0,6,1,7,14,31,21,9,75,0,0,0,75
02/06/2019,GJT,CO,ANM,WE,Federal Contract Tower,15,29,16,3,63,0,2,5,1,8,15,31,21,4,71,0,4,4,75
02/07/2019,GJT,CO,ANM,WE,Federal Contract Tower,25,26,15,3,69,0,2,38,0,40,25,28,53,3,109,10,0,10,119
02/08/2019,GJT,CO,ANM,WE,Federal Contract Tower,12,26,7,4,49,0,2,51,1,54,12,28,58,5,103,74,4,78,181
02/09/2019,GJT,CO,ANM,WE,Federal Contract Tower,17,15,5,31,68,0,10,47,9,66,17,25,52,40,134,58,44,102,236
02/10/2019,GJT,CO,ANM,WE,Federal Contract Tower,20,14,8,4,46,0,0,28,2,30,20,14,36,6,76,0,4,4,80
02/11/2019,GJT,CO,ANM,WE,Federal Contract Tower,18,22,11,1,52,0,0,11,0,11,18,22,22,1,63,12,0,12,75
02/12/2019,GJT,CO,ANM,WE,Federal Contract Tower,9,25,15,2,51,0,0,57,0,57,9,25,72,2,108,34,0,34,142
02/13/2019,GJT,CO,ANM,WE,Federal Contract Tower,18,24,8,2,52,0,0,17,0,17,18,24,25,2,69,42,0,42,111
02/14/2019,GJT,CO,ANM,WE,Federal Contract Tower,18,37,20,2,77,0,0,4,2,6,18,37,24,4,83,18,8,26,109
02/15/2019,GJT,CO,ANM,WE,Federal Contract Tower,15,34,27,2,78,0,5,33,0,38,15,39,60,2,116,50,0,50,166
02/16/2019,GJT,CO,ANM,WE,Federal Contract Tower,31,26,14,1,72,0,0,3,0,3,31,26,17,1,75,0,0,0,75
02/17/2019,GJT,CO,ANM,WE,Federal Contract Tower,11,17,18,3,49,0,1,29,0,30,11,18,47,3,79,36,0,36,115
02/18/2019,GJT,CO,ANM,WE,Federal Contract Tower,16,35,17,2,70,0,0,7,0,7,16,35,24,2,77,4,0,4,81
02/19/2019,GJT,CO,ANM,WE,Federal Contract Tower,17,28,18,1,64,0,2,4,0,6,17,30,22,1,70,16,0,16,86
02/20/2019,GJT,CO,ANM,WE,Federal Contract Tower,14,29,7,13,63,0,1,36,0,37,14,30,43,13,100,32,0,32,132
02/21/2019,GJT,CO,ANM,WE,Federal Contract Tower,14,25,9,0,48,0,0,20,0,20,14,25,29,0,68,24,0,24,92
02/22/2019,GJT,CO,ANM,WE,Federal Contract Tower,23,32,13,2,70,0,0,0,0,0,23,32,13,2,70,0,0,0,70
02/23/2019,GJT,CO,ANM,WE,Federal Contract Tower,10,15,3,6,34,0,0,42,13,55,10,15,45,19,89,12,30,42,131
02/24/2019,GJT,CO,ANM,WE,Federal Contract Tower,11,15,20,4,50,0,1,41,0,42,11,16,61,4,92,18,0,18,110
02/25/2019,GJT,CO,ANM,WE,Federal Contract Tower,14,29,28,2,73,0,1,54,0,55,14,30,82,2,128,42,0,42,170
02/26/2019,GJT,CO,ANM,WE,Federal Contract Tower,13,23,6,4,46,0,0,62,2,64,13,23,68,6,110,36,0,36,146
02/27/2019,GJT,CO,ANM,WE,Federal Contract Tower,13,27,18,2,60,0,4,70,0,74,13,31,88,2,134,94,0,94,228
02/28/2019,GJT,CO,ANM,WE,Federal Contract Tower,14,22,11,5,52,0,1,48,1,50,14,23,59,6,102,54,12,66,168
03/01/2019,GJT,CO,ANM,WE,Federal Contract Tower,23,30,20,4,77,0,1,19,0,20,23,31,39,4,97,28,0,28,125
03/02/2019,GJT,CO,ANM,WE,Federal Contract Tower,22,21,1,2,46,0,0,24,0,24,22,21,25,2,70,30,0,30,100
03/03/2019,GJT,CO,ANM,WE,Federal Contract Tower,25,63,28,1,117,0,1,10,2,13,25,64,38,3,130,0,0,0,130
03/04/2019,GJT,CO,ANM,WE,Federal Contract Tower,14,27,19,4,64,0,0,52,0,52,14,27,71,4,116,22,0,22,138
03/05/2019,GJT,CO,ANM,WE,Federal Contract Tower,14,32,14,6,66,0,0,66,2,68,14,32,80,8,134,58,0,58,192
03/06/2019,GJT,CO,ANM,WE,Federal Contract Tower,18,29,22,2,71,0,0,17,0,17,18,29,39,2,88,56,0,56,144
03/07/2019,GJT,CO,ANM,WE,Federal Contract Tower,29,35,16,18,98,0,0,26,0,26,29,35,42,18,124,32,0,32,156
03/08/2019,GJT,CO,ANM,WE,Federal Contract Tower,28,44,32,2,106,1,0,3,0,4,29,44,35,2,110,0,0,0,110
03/09/2019,GJT,CO,ANM,WE,Federal Contract Tower,18,23,9,10,60,0,0,51,0,51,18,23,60,10,111,26,0,26,137
03/10/2019,GJT,CO,ANM,WE,Federal Contract Tower,16,16,21,2,55,0,0,45,0,45,16,16,66,2,100,6,18,24,124
03/11/2019,GJT,CO,ANM,WE,Federal Contract Tower,32,32,18,2,84,0,1,12,0,13,32,33,30,2,97,12,0,12,109
03/12/2019,GJT,CO,ANM,WE,Federal Contract Tower,15,28,18,8,69,0,0,12,3,15,15,28,30,11,84,2,0,2,86
03/13/2019,GJT,CO,ANM,WE,Federal Contract Tower,29,34,15,1,79,0,1,2,0,3,29,35,17,1,82,0,0,0,82
03/14/2019,GJT,CO,ANM,WE,Federal Contract Tower,20,23,23,4,70,0,2,51,0,53,20,25,74,4,123,38,14,52,175
03/15/2019,GJT,CO,ANM,WE,Federal Contract Tower,15,23,13,8,59,0,0,64,0,64,15,23,77,8,123,34,0,34,157
03/16/2019,GJT,CO,ANM,WE,Federal Contract Tower,14,20,7,2,43,0,2,69,0,71,14,22,76,2,114,38,0,38,152
03/17/2019,GJT,CO,ANM,WE,Federal Contract Tower,14,11,7,0,32,0,0,34,0,34,14,11,41,0,66,22,0,22,88
03/18/2019,GJT,CO,ANM,WE,Federal Contract Tower,15,17,16,1,49,0,3,73,8,84,15,20,89,9,133,50,8,58,191
03/19/2019,GJT,CO,ANM,WE,Federal Contract Tower,14,20,10,0,44,0,0,51,1,52,14,20,61,1,96,42,0,42,138
03/20/2019,GJT,CO,ANM,WE,Federal Contract Tower,14,25,13,6,58,0,0,64,1,65,14,25,77,7,123,40,18,58,181
03/21/2019,GJT,CO,ANM,WE,Federal Contract Tower,14,28,16,1,59,0,0,18,1,19,14,28,34,2,78,0,0,0,78
03/22/2019,GJT,CO,ANM,WE,Federal Contract Tower,24,40,26,16,106,0,0,15,0,15,24,40,41,16,121,14,0,14,135
03/23/2019,GJT,CO,ANM,WE,Federal Contract Tower,14,27,17,0,58,0,0,62,0,62,14,27,79,0,120,36,0,36,156
03/24/2019,GJT,CO,ANM,WE,Federal Contract Tower,26,20,15,4,65,0,0,8,0,8,26,20,23,4,73,0,0,0,73
03/25/2019,GJT,CO,ANM,WE,Federal Contract Tower,17,30,18,5,70,0,0,48,5,53,17,30,66,10,123,52,6,58,181
03/26/2019,GJT,CO,ANM,WE,Federal Contract Tower,17,27,8,15,67,0,0,54,0,54,17,27,62,15,121,24,0,24,145
03/27/2019,GJT,CO,ANM,WE,Federal Contract Tower,14,28,17,2,61,0,2,59,1,62,14,30,76,3,123,16,0,16,139
03/28/2019,GJT,CO,ANM,WE,Federal Contract Tower,14,23,10,14,61,0,2,58,0,60,14,25,68,14,121,32,10,42,163
03/29/2019,GJT,CO,ANM,WE,Federal Contract Tower,22,22,11,4,59,0,0,16,0,16,22,22,27,4,75,30,0,30,105
03/30/2019,GJT,CO,ANM,WE,Federal Contract Tower,11,15,8,2,36,0,0,22,0,22,11,15,30,2,58,36,0,36,94
03/31/2019,GJT,CO,ANM,WE,Federal Contract Tower,11,18,8,1,38,0,1,43,1,45,11,19,51,2,83,52,0,52,135
04/01/2019,GJT,CO,ANM,WE,Federal Contract Tower,18,21,7,2,48,0,0,32,3,35,18,21,39,5,83,24,14,38,121
04/02/2019,GJT,CO,ANM,WE,Federal Contract Tower,13,24,10,3,50,0,0,29,0,29,13,24,39,3,79,22,0,22,101
04/03/2019,GJT,CO,ANM,WE,Federal Contract Tower,13,21,15,2,51,0,2,23,0,25,13,23,38,2,76,18,0,18,94
04/04/2019,GJT,CO,ANM,WE,Federal Contract Tower,16,23,13,6,58,0,0,73,1,74,16,23,86,7,132,32,0,32,164
04/05/2019,GJT,CO,ANM,WE,Federal Contract Tower,18,25,10,8,61,0,1,50,0,51,18,26,60,8,112,52,0,52,164
04/06/2019,GJT,CO,ANM,WE,Federal Contract Tower,9,21,4,2,36,0,0,25,0,25,9,21,29,2,61,4,0,4,65
04/07/2019,GJT,CO,ANM,WE,Federal Contract Tower,11,19,7,2,39,0,0,48,0,48,11,19,55,2,87,26,0,26,113
04/08/2019,GJT,CO,ANM,WE,Federal Contract Tower,18,23,17,2,60,0,0,63,0,63,18,23,80,2,123,22,0,22,145
04/09/2019,GJT,CO,ANM,WE,Federal Contract Tower,11,25,12,4,52,0,1,17,1,19,11,26,29,5,71,10,4,14,85
04/10/2019,GJT,CO,ANM,WE,Federal Contract Tower,16,20,11,0,47,0,0,0,0,0,16,20,11,0,47,0,0,0,47
04/11/2019,GJT,CO,ANM,WE,Federal Contract Tower,14,24,19,5,62,0,0,27,0,27,14,24,46,5,89,24,0,24,113
04/12/2019,GJT,CO,ANM,WE,Federal Contract Tower,19,25,10,2,56,0,0,39,0,39,19,25,49,2,95,30,0,30,125
04/13/2019,GJT,CO,ANM,WE,Federal Contract Tower,11,19,5,5,40,0,1,43,0,44,11,20,48,5,84,42,0,42,126
04/14/2019,GJT,CO,ANM,WE,Federal Contract Tower,15,15,8,2,40,0,4,37,0,41,15,19,45,2,81,18,0,18,99
04/15/2019,GJT,CO,ANM,WE,Federal Contract Tower,19,22,8,6,55,0,1,33,0,34,19,23,41,6,89,8,0,8,97
04/16/2019,GJT,CO,ANM,WE,Federal Contract Tower,15,31,10,2,58,0,0,23,0,23,15,31,33,2,81,4,0,4,85
04/17/2019,GJT,CO,ANM,WE,Federal Contract Tower,13,30,4,2,49,0,0,37,0,37,13,30,41,2,86,4,0,4,90
04/18/2019,GJT,CO,ANM,WE,Federal Contract Tower,16,25,12,5,58,0,0,62,0,62,16,25,74,5,120,70,0,70,190
04/19/2019,GJT,CO,ANM,WE,Federal Contract Tower,16,21,28,12,77,0,0,89,2,91,16,21,117,14,168,38,0,38,206
04/20/2019,GJT,CO,ANM,WE,Federal Contract Tower,13,14,5,1,33,0,0,30,0,30,13,14,35,1,63,16,0,16,79
04/21/2019,GJT,CO,ANM,WE,Federal Contract Tower,14,16,1,0,31,0,1,8,3,12,14,17,9,3,43,0,0,0,43
04/22/2019,GJT,CO,ANM,WE,Federal Contract Tower,18,23,18,3,62,0,0,28,0,28,18,23,46,3,90,14,0,14,104
04/23/2019,GJT,CO,ANM,WE,Federal Contract Tower,14,27,11,1,53,0,0,61,0,61,14,27,72,1,114,18,26,44,158
04/24/2019,GJT,CO,ANM,WE,Federal Contract Tower,13,22,13,0,48,0,0,40,0,40,13,22,53,0,88,2,0,2,90
04/25/2019,GJT,CO,ANM,WE,Federal Contract Tower,16,24,9,2,51,0,1,43,2,46,16,25,52,4,97,20,18,38,135
04/26/2019,GJT,CO,ANM,WE,Federal Contract Tower,19,20,12,5,56,0,0,33,0,33,19,20,45,5,89,4,0,4,93
04/27/2019,GJT,CO,ANM,WE,Federal Contract Tower,11,13,9,13,46,0,0,33,0,33,11,13,42,13,79,8,14,22,101
04/28/2019,GJT,CO,ANM,WE,Federal Contract Tower,14,19,7,11,51,0,0,22,1,23,14,19,29,12,74,36,0,36,110
04/29/2019,GJT,CO,ANM,WE,Federal Contract Tower,20,22,7,0,49,0,0,21,0,21,20,22,28,0,70,42,0,42,112
04/30/2019,GJT,CO,ANM,WE,Federal Contract Tower,15,20,15,2,52,0,0,15,2,17,15,20,30,4,69,22,32,54,123
05/01/2019,GJT,CO,ANM,WE,Federal Contract Tower,12,28,10,0,50,0,2,26,0,28,12,30,36,0,78,44,0,44,122
05/02/2019,GJT,CO,ANM,WE,Federal Contract Tower,15,25,16,8,64,0,0,58,0,58,15,25,74,8,122,24,0,24,146
05/03/2019,GJT,CO,ANM,WE,Federal Contract Tower,22,34,13,4,73,0,2,94,0,96,22,36,107,4,169,20,0,20,189
05/04/2019,GJT,CO,ANM,WE,Federal Contract Tower,17,19,7,8,51,0,3,45,8,56,17,22,52,16,107,16,32,48,155
05/05/2019,GJT,CO,ANM,WE,Federal Contract Tower,16,19,10,5,50,0,2,45,2,49,16,21,55,7,99,40,0,40,139
05/06/2019,GJT,CO,ANM,WE,Federal Contract Tower,31,23,15,9,78,0,2,38,1,41,31,25,53,10,119,36,0,36,155
05/07/2019,GJT,CO,ANM,WE,Federal Contract Tower,16,23,16,11,66,0,0,21,2,23,16,23,37,13,89,2,10,12,101
05/08/2019,GJT,CO,ANM,WE,Federal Contract Tower,15,25,16,0,56,0,0,16,0,16,15,25,32,0,72,30,0,30,102
05/09/2019,GJT,CO,ANM,WE,Federal Contract Tower,18,31,15,1,65,1,2,40,0,43,19,33,55,1,108,22,8,30,138
05/10/2019,GJT,CO,ANM,WE,Federal Contract Tower,21,30,14,6,71,0,0,47,2,49,21,30,61,8,120,40,0,40,160
05/11/2019,GJT,CO,ANM,WE,Federal Contract Tower,16,15,6,1,38,0,2,62,2,66,16,17,68,3,104,28,0,28,132
05/12/2019,GJT,CO,ANM,WE,Federal Contract Tower,15,14,6,2,37,0,0,32,0,32,15,14,38,2,69,10,0,10,79
05/13/2019,GJT,CO,ANM,WE,Federal Contract Tower,21,24,9,1,55,0,1,48,0,49,21,25,57,1,104,24,0,24,128
05/14/2019,GJT,CO,ANM,WE,Federal Contract Tower,17,28,8,0,53,0,1,41,0,42,17,29,49,0,95,86,0,86,181
05/15/2019,GJT,CO,ANM,WE,Federal Contract Tower,17,26,20,11,74,0,1,59,1,61,17,27,79,12,135,62,0,62,197
05/16/2019,GJT,CO,ANM,WE,Federal Contract Tower,17,24,11,9,61,0,1,52,0,53,17,25,63,9,114,6,0,6,120
05/17/2019,GJT,CO,ANM,WE,Federal Contract Tower,19,24,21,10,74,0,0,28,0,28,19,24,49,10,102,24,0,24,126
05/19/2019,GJT,CO,ANM,WE,Federal Contract Tower,15,10,13,0,38,0,0,8,0,8,15,10,21,0,46,0,0,0,46
05/20/2019,GJT,CO,ANM,WE,Federal Contract Tower,17,27,13,0,57,0,0,16,1,17,17,27,29,1,74,34,2,36,110
05/21/2019,GJT,CO,ANM,WE,Federal Contract Tower,18,27,21,0,66,0,0,19,0,19,18,27,40,0,85,18,0,18,103
05/22/2019,GJT,CO,ANM,WE,Federal Contract Tower,19,26,6,0,51,0,8,13,0,21,19,34,19,0,72,8,0,8,80
05/23/2019,GJT,CO,ANM,WE,Federal Contract Tower,17,29,13,1,60,0,0,5,0,5,17,29,18,1,65,0,32,32,97
05/24/2019,GJT,CO,ANM,WE,Federal Contract Tower,20,27,22,6,75,0,4,56,2,62,20,31,78,8,137,48,0,48,185
05/25/2019,GJT,CO,ANM,WE,Federal Contract Tower,16,15,5,1,37,0,1,33,0,34,16,16,38,1,71,30,0,30,101
05/26/2019,GJT,CO,ANM,WE,Federal Contract Tower,27,19,3,0,49,0,1,29,0,30,27,20,32,0,79,22,0,22,101
05/27/2019,GJT,CO,ANM,WE,Federal Contract Tower,19,19,11,0,49,0,3,19,0,22,19,22,30,0,71,22,0,22,93
05/28/2019,GJT,CO,ANM,WE,Federal Contract Tower,16,23,18,0,57,0,0,18,0,18,16,23,36,0,75,34,0,34,109
05/29/2019,GJT,CO,ANM,WE,Federal Contract Tower,18,28,17,0,63,0,3,57,0,60,18,31,74,0,123,70,0,70,193
05/30/2019,GJT,CO,ANM,WE,Federal Contract Tower,18,23,12,4,57,0,7,71,0,78,18,30,83,4,135,58,0,58,193
05/31/2019,GJT,CO,ANM,WE,Federal Contract Tower,26,27,9,12,74,0,1,54,3,58,26,28,63,15,132,64,10,74,206
06/01/2019,GJT,CO,ANM,WE,Federal Contract Tower,17,19,9,3,48,0,1,39,2,42,17,20,48,5,90,32,14,46,136
06/02/2019,GJT,CO,ANM,WE,Federal Contract Tower,24,15,13,6,58,0,1,51,3,55,24,16,64,9,113,44,0,44,157
06/03/2019,GJT,CO,ANM,WE,Federal Contract Tower,34,24,10,3,71,0,3,37,2,42,34,27,47,5,113,50,0,50,163
06/04/2019,GJT,CO,ANM,WE,Federal Contract Tower,14,29,11,4,58,0,0,50,0,50,14,29,61,4,108,34,0,34,142
06/05/2019,GJT,CO,ANM,WE,Federal Contract Tower,17,29,15,4,65,0,8,47,1,56,17,37,62,5,121,60,0,60,181
06/06/2019,GJT,CO,ANM,WE,Federal Contract Tower,21,23,17,2,63,0,0,65,0,65,21,23,82,2,128,88,0,88,216
06/07/2019,GJT,CO,ANM,WE,Federal Contract Tower,30,31,18,3,82,0,0,56,6,62,30,31,74,9,144,34,14,48,192
06/08/2019,GJT,CO,ANM,WE,Federal Contract Tower,20,17,5,0,42,0,3,47,0,50,20,20,52,0,92,14,0,14,106
06/09/2019,GJT,CO,ANM,WE,Federal Contract Tower,18,17,9,2,46,0,1,28,0,29,18,18,37,2,75,10,0,10,85
06/10/2019,GJT,CO,ANM,WE,Federal Contract Tower,19,20,10,0,49,0,2,37,0,39,19,22,47,0,88,4,0,4,92
06/11/2019,GJT,CO,ANM,WE,Federal Contract Tower,21,26,16,5,68,0,0,63,1,64,21,26,79,6,132,26,0,26,158
06/12/2019,GJT,CO,ANM,WE,Federal Contract Tower,25,23,14,4,66,0,0,77,0,77,25,23,91,4,143,24,0,24,167
06/13/2019,GJT,CO,ANM,WE,Federal Contract Tower,32,30,13,4,79,0,2,44,0,46,32,32,57,4,125,28,0,28,153
06/14/2019,GJT,CO,ANM,WE,Federal Contract Tower,23,28,11,5,67,0,1,61,1,63,23,29,72,6,130,50,0,50,180
06/15/2019,GJT,CO,ANM,WE,Federal Contract Tower,16,23,8,6,53,0,0,39,8,47,16,23,47,14,100,30,8,38,138
06/16/2019,GJT,CO,ANM,WE,Federal Contract Tower,27,12,11,4,54,0,0,32,0,32,27,12,43,4,86,16,0,16,102
06/17/2019,GJT,CO,ANM,WE,Federal Contract Tower,24,17,9,2,52,0,0,30,0,30,24,17,39,2,82,40,0,40,122
06/18/2019,GJT,CO,ANM,WE,Federal Contract Tower,21,23,18,0,62,0,0,24,0,24,21,23,42,0,86,16,0,16,102
06/19/2019,GJT,CO,ANM,WE,Federal Contract Tower,22,20,12,26,80,0,3,75,2,80,22,23,87,28,160,32,30,62,222
06/20/2019,GJT,CO,ANM,WE,Federal Contract Tower,23,19,18,0,60,0,3,53,0,56,23,22,71,0,116,18,0,18,134
06/21/2019,GJT,CO,ANM,WE,Federal Contract Tower,25,25,17,0,67,0,0,23,0,23,25,25,40,0,90,6,0,6,96
06/22/2019,GJT,CO,ANM,WE,Federal Contract Tower,13,22,8,4,47,0,1,43,0,44,13,23,51,4,91,22,0,22,113
06/23/2019,GJT,CO,ANM,WE,Federal Contract Tower,18,11,12,3,44,0,1,37,2,40,18,12,49,5,84,10,0,10,94
06/24/2019,GJT,CO,ANM,WE,Federal Contract Tower,21,20,14,0,55,0,1,39,0,40,21,21,53,0,95,30,0,30,125
06/25/2019,GJT,CO,ANM,WE,Federal Contract Tower,17,26,8,3,54,0,1,52,1,54,17,27,60,4,108,34,10,44,152
06/26/2019,GJT,CO,ANM,WE,Federal Contract Tower,17,26,18,2,63,0,2,41,0,43,17,28,59,2,106,22,0,22,128
06/27/2019,GJT,CO,ANM,WE,Federal Contract Tower,25,22,14,5,66,0,3,65,0,68,25,25,79,5,134,48,32,80,214
06/28/2019,GJT,CO,ANM,WE,Federal Contract Tower,20,23,10,0,53,0,0,63,0,63,20,23,73,0,116,48,0,48,164
06/29/2019,GJT,CO,ANM,WE,Federal Contract Tower,16,19,10,0,45,0,0,63,0,63,16,19,73,0,108,16,0,16,124
06/30/2019,GJT,CO,ANM,WE,Federal Contract Tower,25,11,11,2,49,0,1,39,0,40,25,12,50,2,89,46,0,46,135
07/01/2019,GJT,CO,ANM,WE,Federal Contract Tower,17,22,11,2,52,0,0,55,4,59,17,22,66,6,111,28,16,44,155
07/02/2019,GJT,CO,ANM,WE,Federal Contract Tower,17,25,11,5,58,0,1,47,0,48,17,26,58,5,106,38,10,48,154
07/03/2019,GJT,CO,ANM,WE,Federal Contract Tower,16,21,6,5,48,0,3,63,1,67,16,24,69,6,115,16,12,28,143
07/04/2019,GJT,CO,ANM,WE,Federal Contract Tower,17,15,2,4,38,0,6,64,0,70,17,21,66,4,108,54,0,54,162
07/05/2019,GJT,CO,ANM,WE,Federal Contract Tower,16,15,7,0,38,0,3,63,0,66,16,18,70,0,104,70,0,70,174
07/06/2019,GJT,CO,ANM,WE,Federal Contract Tower,16,16,5,0,37,0,0,65,0,65,16,16,70,0,102,66,0,66,168
07/07/2019,GJT,CO,ANM,WE,Federal Contract Tower,18,22,19,0,59,0,0,43,0,43,18,22,62,0,102,26,0,26,128
07/08/2019,GJT,CO,ANM,WE,Federal Contract Tower,19,17,11,5,52,0,6,38,0,44,19,23,49,5,96,28,0,28,124
07/09/2019,GJT,CO,ANM,WE,Federal Contract Tower,17,26,8,1,52,0,0,42,2,44,17,26,50,3,96,28,0,28,124
07/10/2019,GJT,CO,ANM,WE,Federal Contract Tower,16,18,16,3,53,0,3,54,1,58,16,21,70,4,111,16,20,36,147
07/11/2019,GJT,CO,ANM,WE,Federal Contract Tower,20,19,12,3,54,0,1,75,2,78,20,20,87,5,132,68,22,90,222
07/12/2019,GJT,CO,ANM,WE,Federal Contract Tower,21,23,16,8,68,0,1,52,0,53,21,24,68,8,121,80,0,80,201
07/13/2019,GJT,CO,ANM,WE,Federal Contract Tower,15,20,7,2,44,0,3,32,0,35,15,23,39,2,79,40,0,40,119
07/14/2019,GJT,CO,ANM,WE,Federal Contract Tower,19,14,10,8,51,0,2,38,1,41,19,16,48,9,92,2,0,2,94
07/15/2019,GJT,CO,ANM,WE,Federal Contract Tower,17,15,8,2,42,0,2,39,0,41,17,17,47,2,83,30,0,30,113
07/16/2019,GJT,CO,ANM,WE,Federal Contract Tower,17,23,7,0,47,0,3,55,0,58,17,26,62,0,105,18,0,18,123
07/17/2019,GJT,CO,ANM,WE,Federal Contract Tower,18,20,12,5,55,0,0,54,0,54,18,20,66,5,109,30,0,30,139
07/18/2019,GJT,CO,ANM,WE,Federal Contract Tower,21,20,15,3,59,0,4,51,2,57,21,24,66,5,116,16,0,16,132
07/19/2019,GJT,CO,ANM,WE,Federal Contract Tower,18,23,14,10,65,0,1,66,3,70,18,24,80,13,135,14,0,14,149
07/20/2019,GJT,CO,ANM,WE,Federal Contract Tower,15,20,9,2,46,0,0,59,1,60,15,20,68,3,106,18,0,18,124
07/21/2019,GJT,CO,ANM,WE,Federal Contract Tower,21,16,15,3,55,0,5,59,2,66,21,21,74,5,121,8,0,8,129
07/22/2019,GJT,CO,ANM,WE,Federal Contract Tower,24,15,9,10,58,0,3,57,0,60,24,18,66,10,118,32,0,32,150
07/23/2019,GJT,CO,ANM,WE,Federal Contract Tower,19,26,21,3,69,0,0,71,0,71,19,26,92,3,140,36,0,36,176
07/24/2019,GJT,CO,ANM,WE,Federal Contract Tower,18,33,20,1,72,0,0,57,4,61,18,33,77,5,133,28,0,28,161
07/25/2019,GJT,CO,ANM,WE,Federal Contract Tower,20,21,14,2,57,0,4,65,0,69,20,25,79,2,126,48,0,48,174
07/26/2019,GJT,CO,ANM,WE,Federal Contract Tower,14,23,11,1,49,0,2,26,1,29,14,25,37,2,78,32,0,32,110
07/27/2019,GJT,CO,ANM,WE,Federal Contract Tower,12,11,5,0,28,0,1,19,1,21,12,12,24,1,49,0,0,0,49
07/28/2019,GJT,CO,ANM,WE,Federal Contract Tower,19,12,11,1,43,0,0,53,0,53,19,12,64,1,96,0,0,0,96
07/29/2019,GJT,CO,ANM,WE,Federal Contract Tower,20,18,12,3,53,0,2,50,4,56,20,20,62,7,109,24,2,26,135
07/30/2019,GJT,CO,ANM,WE,Federal Contract Tower,24,20,9,1,54,0,1,53,7,61,24,21,62,8,115,16,14,30,145
07/31/2019,GJT,CO,ANM,WE,Federal Contract Tower,17,22,14,3,56,0,6,44,0,50,17,28,58,3,106,22,0,22,128
08/01/2019,GJT,CO,ANM,WE,Federal Contract Tower,21,21,11,4,57,0,5,36,3,44,21,26,47,7,101,0,0,0,101
08/02/2019,GJT,CO,ANM,WE,Federal Contract Tower,21,29,15,4,69,0,1,57,0,58,21,30,72,4,127,10,6,16,143
08/03/2019,GJT,CO,ANM,WE,Federal Contract Tower,14,19,4,4,41,0,0,47,0,47,14,19,51,4,88,18,0,18,106
08/04/2019,GJT,CO,ANM,WE,Federal Contract Tower,20,13,6,0,39,0,0,28,1,29,20,13,34,1,68,10,0,10,78
08/05/2019,GJT,CO,ANM,WE,Federal Contract Tower,20,23,1,6,50,0,1,35,2,38,20,24,36,8,88,6,4,10,98
08/06/2019,GJT,CO,ANM,WE,Federal Contract Tower,17,31,10,1,59,0,1,45,3,49,17,32,55,4,108,16,18,34,142
08/07/2019,GJT,CO,ANM,WE,Federal Contract Tower,17,24,7,1,49,0,3,52,1,56,17,27,59,2,105,26,0,26,131
08/08/2019,GJT,CO,ANM,WE,Federal Contract Tower,26,23,14,5,68,0,5,44,0,49,26,28,58,5,117,36,16,52,169
08/09/2019,GJT,CO,ANM,WE,Federal Contract Tower,19,23,19,10,71,0,2,49,0,51,19,25,68,10,122,24,0,24,146
08/10/2019,GJT,CO,ANM,WE,Federal Contract Tower,14,20,12,4,50,0,0,44,0,44,14,20,56,4,94,18,0,18,112
08/11/2019,GJT,CO,ANM,WE,Federal Contract Tower,18,8,11,5,42,0,0,30,0,30,18,8,41,5,72,24,0,24,96
08/12/2019,GJT,CO,ANM,WE,Federal Contract Tower,20,18,12,3,53,0,0,71,0,71,20,18,83,3,124,36,0,36,160
08/13/2019,GJT,CO,ANM,WE,Federal Contract Tower,17,21,15,6,59,0,0,74,0,74,17,21,89,6,133,34,0,34,167
08/14/2019,GJT,CO,ANM,WE,Federal Contract Tower,18,24,19,0,61,0,4,51,0,55,18,28,70,0,116,38,0,38,154
08/15/2019,GJT,CO,ANM,WE,Federal Contract Tower,23,25,15,4,67,0,7,53,2,62,23,32,68,6,129,42,0,42,171
08/16/2019,GJT,CO,ANM,WE,Federal Contract Tower,18,20,15,7,60,0,2,49,1,52,18,22,64,8,112,18,2,20,132
08/17/2019,GJT,CO,ANM,WE,Federal Contract Tower,14,16,5,2,37,0,9,53,5,67,14,25,58,7,104,0,28,28,132
08/18/2019,GJT,CO,ANM,WE,Federal Contract Tower,18,15,16,10,59,0,0,96,0,96,18,15,112,10,155,10,0,10,165
08/19/2019,GJT,CO,ANM,WE,Federal Contract Tower,20,24,10,4,58,0,3,51,0,54,20,27,61,4,112,42,0,42,154
08/20/2019,GJT,CO,ANM,WE,Federal Contract Tower,13,25,20,3,61,0,3,38,2,43,13,28,58,5,104,18,0,18,122
08/21/2019,GJT,CO,ANM,WE,Federal Contract Tower,13,32,19,3,67,0,7,88,0,95,13,39,107,3,162,22,0,22,184
08/22/2019,GJT,CO,ANM,WE,Federal Contract Tower,16,28,17,12,73,0,5,57,1,63,16,33,74,13,136,26,0,26,162
08/23/2019,GJT,CO,ANM,WE,Federal Contract Tower,12,34,9,13,68,0,1,52,0,53,12,35,61,13,121,16,12,28,149
08/24/2019,GJT,CO,ANM,WE,Federal Contract Tower,12,32,6,1,51,0,4,65,1,70,12,36,71,2,121,40,0,40,161
08/25/2019,GJT,CO,ANM,WE,Federal Contract Tower,17,16,11,1,45,0,0,44,0,44,17,16,55,1,89,0,0,0,89
08/26/2019,GJT,CO,ANM,WE,Federal Contract Tower,12,27,11,7,57,0,0,28,2,30,12,27,39,9,87,16,0,16,103
08/27/2019,GJT,CO,ANM,WE,Federal Contract Tower,15,22,14,3,54,0,0,43,0,43,15,22,57,3,97,10,0,10,107
08/28/2019,GJT,CO,ANM,WE,Federal Contract Tower,12,24,18,12,66,0,7,52,2,61,12,31,70,14,127,30,0,30,157
08/29/2019,GJT,CO,ANM,WE,Federal Contract Tower,17,28,25,0,70,0,5,57,0,62,17,33,82,0,132,78,0,78,210
08/30/2019,GJT,CO,ANM,WE,Federal Contract Tower,13,25,13,2,53,0,3,60,0,63,13,28,73,2,116,16,10,26,142
08/31/2019,GJT,CO,ANM,WE,Federal Contract Tower,9,16,10,0,35,0,3,45,0,48,9,19,55,0,83,30,0,30,113
09/01/2019,GJT,CO,ANM,WE,Federal Contract Tower,13,16,7,2,38,0,1,38,0,39,13,17,45,2,77,0,0,0,77
09/02/2019,GJT,CO,ANM,WE,Federal Contract Tower,16,20,7,2,45,0,0,53,0,53,16,20,60,2,98,16,0,16,114
09/03/2019,GJT,CO,ANM,WE,Federal Contract Tower,12,30,16,2,60,0,2,31,0,33,12,32,47,2,93,30,0,30,123
09/04/2019,GJT,CO,ANM,WE,Federal Contract Tower,22,26,16,4,68,0,5,48,5,58,22,31,64,9,126,36,0,36,162
09/05/2019,GJT,CO,ANM,WE,Federal Contract Tower,18,26,16,1,61,0,1,75,0,76,18,27,91,1,137,20,0,20,157
09/06/2019,GJT,CO,ANM,WE,Federal Contract Tower,14,26,7,3,50,0,1,75,0,76,14,27,82,3,126,16,0,16,142
09/07/2019,GJT,CO,ANM,WE,Federal Contract Tower,14,21,4,6,45,0,20,46,0,66,14,41,50,6,111,74,0,74,185
09/08/2019,GJT,CO,ANM,WE,Federal Contract Tower,20,20,10,0,50,0,0,39,0,39,20,20,49,0,89,10,0,10,99
09/09/2019,GJT,CO,ANM,WE,Federal Contract Tower,14,23,21,12,70,0,2,53,0,55,14,25,74,12,125,32,0,32,157
09/10/2019,GJT,CO,ANM,WE,Federal Contract Tower,13,23,20,7,63,0,0,25,2,27,13,23,45,9,90,0,0,0,90
09/11/2019,GJT,CO,ANM,WE,Federal Contract Tower,15,25,16,1,57,0,4,14,12,30,15,29,30,13,87,2,0,2,89
09/12/2019,GJT,CO,ANM,WE,Federal Contract Tower,20,22,27,1,70,0,5,66,1,72,20,27,93,2,142,64,6,70,212
09/13/2019,GJT,CO,ANM,WE,Federal Contract Tower,15,24,17,2,58,0,0,53,1,54,15,24,70,3,112,32,0,32,144
09/14/2019,GJT,CO,ANM,WE,Federal Contract Tower,15,21,6,0,42,0,1,53,0,54,15,22,59,0,96,80,0,80,176
09/15/2019,GJT,CO,ANM,WE,Federal Contract Tower,19,15,13,5,52,0,5,49,0,54,19,20,62,5,106,42,0,42,148
09/16/2019,GJT,CO,ANM,WE,Federal Contract Tower,15,19,17,2,53,0,0,45,0,45,15,19,62,2,98,28,0,28,126
09/17/2019,GJT,CO,ANM,WE,Federal Contract Tower,15,27,9,6,57,0,0,27,4,31,15,27,36,10,88,0,26,26,114
09/18/2019,GJT,CO,ANM,WE,Federal Contract Tower,15,22,6,10,53,1,5,44,0,50,16,27,50,10,103,40,14,54,157
09/19/2019,GJT,CO,ANM,WE,Federal Contract Tower,18,29,16,3,66,0,4,34,0,38,18,33,50,3,104,6,0,6,110
09/20/2019,GJT,CO,ANM,WE,Federal Contract Tower,16,25,13,19,73,0,4,33,0,37,16,29,46,19,110,24,0,24,134
09/21/2019,GJT,CO,ANM,WE,Federal Contract Tower,14,18,9,0,41,0,3,45,0,48,14,21,54,0,89,34,0,34,123
09/22/2019,GJT,CO,ANM,WE,Federal Contract Tower,19,18,16,0,53,0,0,37,0,37,19,18,53,0,90,0,0,0,90
09/23/2019,GJT,CO,ANM,WE,Federal Contract Tower,16,30,22,0,68,0,0,43,0,43,16,30,65,0,111,34,0,34,145
09/24/2019,GJT,CO,ANM,WE,Federal Contract Tower,14,28,19,5,66,0,2,57,0,59,14,30,76,5,125,40,0,40,165
09/25/2019,GJT,CO,ANM,WE,Federal Contract Tower,16,28,12,2,58,0,1,50,0,51,16,29,62,2,109,30,0,30,139
09/26/2019,GJT,CO,ANM,WE,Federal Contract Tower,26,26,20,8,80,0,2,52,0,54,26,28,72,8,134,22,0,22,156
09/27/2019,GJT,CO,ANM,WE,Federal Contract Tower,17,28,23,3,71,0,9,57,0,66,17,37,80,3,137,14,0,14,151
09/28/2019,GJT,CO,ANM,WE,Federal Contract Tower,13,19,12,0,44,0,4,39,0,43,13,23,51,0,87,18,0,18,105
09/29/2019,GJT,CO,ANM,WE,Federal Contract Tower,19,13,10,0,42,0,1,4,0,5,19,14,14,0,47,0,0,0,47
09/30/2019,GJT,CO,ANM,WE,Federal Contract Tower,16,24,9,7,56,0,1,23,0,24,16,25,32,7,80,28,0,28,108
10/01/2019,GJT,CO,ANM,WE,Federal Contract Tower,13,33,15,11,72,0,0,38,0,38,13,33,53,11,110,16,0,16,126
10/02/2019,GJT,CO,ANM,WE,Federal Contract Tower,16,27,11,6,60,0,4,62,0,66,16,31,73,6,126,24,0,24,150
10/03/2019,GJT,CO,ANM,WE,Federal Contract Tower,19,25,17,3,64,1,10,74,1,86,20,35,91,4,150,36,12,48,198
10/04/2019,GJT,CO,ANM,WE,Federal Contract Tower,15,24,10,4,53,0,7,19,0,26,15,31,29,4,79,10,0,10,89
10/05/2019,GJT,CO,ANM,WE,Federal Contract Tower,16,16,8,2,42,0,44,53,1,98,16,60,61,3,140,8,0,8,148
10/06/2019,GJT,CO,ANM,WE,Federal Contract Tower,16,19,11,2,48,0,5,56,0,61,16,24,67,2,109,18,0,18,127
10/07/2019,GJT,CO,ANM,WE,Federal Contract Tower,15,19,14,3,51,0,5,41,1,47,15,24,55,4,98,28,0,28,126
10/08/2019,GJT,CO,ANM,WE,Federal Contract Tower,16,24,17,3,60,0,1,68,0,69,16,25,85,3,129,30,0,30,159
10/09/2019,GJT,CO,ANM,WE,Federal Contract Tower,17,27,19,1,64,0,2,48,0,50,17,29,67,1,114,0,0,0,114
10/10/2019,GJT,CO,ANM,WE,Federal Contract Tower,19,23,16,5,63,0,0,41,0,41,19,23,57,5,104,34,0,34,138
10/11/2019,GJT,CO,ANM,WE,Federal Contract Tower,18,25,18,1,62,0,4,70,0,74,18,29,88,1,136,24,0,24,160
10/12/2019,GJT,CO,ANM,WE,Federal Contract Tower,17,15,4,0,36,0,0,49,0,49,17,15,53,0,85,28,0,28,113
10/13/2019,GJT,CO,ANM,WE,Federal Contract Tower,16,16,10,2,44,0,5,46,0,51,16,21,56,2,95,8,0,8,103
10/16/2019,GJT,CO,ANM,WE,Federal Contract Tower,15,26,9,2,52,0,0,68,0,68,15,26,77,2,120,6,0,6,126
10/17/2019,GJT,CO,ANM,WE,Federal Contract Tower,21,26,14,6,67,0,19,46,0,65,21,45,60,6,132,8,0,8,140
10/18/2019,GJT,CO,ANM,WE,Federal Contract Tower,25,22,8,10,65,0,0,29,0,29,25,22,37,10,94,8,0,8,102
10/19/2019,GJT,CO,ANM,WE,Federal Contract Tower,17,14,4,12,47,0,3,45,5,53,17,17,49,17,100,8,30,38,138
10/20/2019,GJT,CO,ANM,WE,Federal Contract Tower,18,16,9,15,58,0,0,24,3,27,18,16,33,18,85,6,0,6,91
10/21/2019,GJT,CO,ANM,WE,Federal Contract Tower,15,28,17,2,62,0,1,27,0,28,15,29,44,2,90,24,30,54,144
10/22/2019,GJT,CO,ANM,WE,Federal Contract Tower,16,36,14,4,70,0,0,56,0,56,16,36,70,4,126,30,0,30,156
10/23/2019,GJT,CO,ANM,WE,Federal Contract Tower,17,30,21,4,72,0,3,59,1,63,17,33,80,5,135,16,0,16,151
10/24/2019,GJT,CO,ANM,WE,Federal Contract Tower,23,27,21,8,79,0,9,37,1,47,23,36,58,9,126,16,0,16,142
10/25/2019,GJT,CO,ANM,WE,Federal Contract Tower,16,27,7,25,75,0,4,52,0,56,16,31,59,25,131,0,0,0,131
10/26/2019,GJT,CO,ANM,WE,Federal Contract Tower,18,12,3,5,38,0,0,54,2,56,18,12,57,7,94,12,0,12,106
10/27/2019,GJT,CO,ANM,WE,Federal Contract Tower,18,18,13,2,51,0,2,23,0,25,18,20,36,2,76,10,0,10,86
10/28/2019,GJT,CO,ANM,WE,Federal Contract Tower,15,29,8,0,52,0,2,21,0,23,15,31,29,0,75,14,0,14,89
10/29/2019,GJT,CO,ANM,WE,Federal Contract Tower,17,28,13,13,71,0,3,13,1,17,17,31,26,14,88,12,16,28,116
10/30/2019,GJT,CO,ANM,WE,Federal Contract Tower,16,26,11,3,56,0,2,40,2,44,16,28,51,5,100,22,0,22,122
10/31/2019,GJT,CO,ANM,WE,Federal Contract Tower,18,21,9,0,48,0,0,66,1,67,18,21,75,1,115,64,0,64,179
11/01/2019,GJT,CO,ANM,WE,Federal Contract Tower,16,24,10,6,56,0,0,46,0,46,16,24,56,6,102,12,0,12,114
11/02/2019,GJT,CO,ANM,WE,Federal Contract Tower,16,13,5,0,34,0,0,26,0,26,16,13,31,0,60,10,0,10,70
11/03/2019,GJT,CO,ANM,WE,Federal Contract Tower,21,15,14,2,52,0,0,18,0,18,21,15,32,2,70,24,0,24,94
11/04/2019,GJT,CO,ANM,WE,Federal Contract Tower,16,26,11,9,62,0,1,42,0,43,16,27,53,9,105,38,0,38,143
11/05/2019,GJT,CO,ANM,WE,Federal Contract Tower,16,28,15,0,59,0,4,62,0,66,16,32,77,0,125,54,0,54,179
11/06/2019,GJT,CO,ANM,WE,Federal Contract Tower,17,21,18,2,58,0,0,58,0,58,17,21,76,2,116,54,0,54,170
11/07/2019,GJT,CO,ANM,WE,Federal Contract Tower,21,19,13,4,57,0,4,51,0,55,21,23,64,4,112,42,0,42,154
11/08/2019,GJT,CO,ANM,WE,Federal Contract Tower,17,23,10,8,58,0,0,45,2,47,17,23,55,10,105,48,2,50,155
11/09/2019,GJT,CO,ANM,WE,Federal Contract Tower,15,15,5,3,38,0,0,45,2,47,15,15,50,5,85,8,0,8,93
11/10/2019,GJT,CO,ANM,WE,Federal Contract Tower,21,20,9,0,50,0,2,42,6,50,21,22,51,6,100,18,0,18,118
11/11/2019,GJT,CO,ANM,WE,Federal Contract Tower,17,21,8,1,47,0,2,31,0,33,17,23,39,1,80,20,0,20,100
11/12/2019,GJT,CO,ANM,WE,Federal Contract Tower,16,26,11,6,59,0,0,49,4,53,16,26,60,10,112,52,6,58,170
11/13/2019,GJT,CO,ANM,WE,Federal Contract Tower,17,24,13,2,56,0,0,71,0,71,17,24,84,2,127,112,0,112,239
11/14/2019,GJT,CO,ANM,WE,Federal Contract Tower,21,28,13,0,62,0,1,57,0,58,21,29,70,0,120,48,0,48,168
11/15/2019,GJT,CO,ANM,WE,Federal Contract Tower,20,29,16,4,69,0,2,74,4,80,20,31,90,8,149,40,0,40,189
11/16/2019,GJT,CO,ANM,WE,Federal Contract Tower,15,17,6,11,49,0,5,53,13,71,15,22,59,24,120,10,76,86,206
11/17/2019,GJT,CO,ANM,WE,Federal Contract Tower,17,14,5,9,45,0,0,36,0,36,17,14,41,9,81,14,0,14,95
11/18/2019,GJT,CO,ANM,WE,Federal Contract Tower,19,26,10,3,58,0,0,47,1,48,19,26,57,4,106,34,4,38,144
11/19/2019,GJT,CO,ANM,WE,Federal Contract Tower,16,28,19,7,70,0,1,53,0,54,16,29,72,7,124,34,0,34,158
11/20/2019,GJT,CO,ANM,WE,Federal Contract Tower,16,24,10,2,52,0,2,14,0,16,16,26,24,2,68,14,0,14,82
11/21/2019,GJT,CO,ANM,WE,Federal Contract Tower,25,24,19,2,70,0,2,18,0,20,25,26,37,2,90,20,0,20,110
11/22/2019,GJT,CO,ANM,WE,Federal Contract Tower,27,27,11,6,71,0,4,38,1,43,27,31,49,7,114,56,0,56,170
11/23/2019,GJT,CO,ANM,WE,Federal Contract Tower,18,12,9,4,43,0,1,52,0,53,18,13,61,4,96,38,0,38,134
11/24/2019,GJT,CO,ANM,WE,Federal Contract Tower,19,15,7,5,46,0,1,41,2,44,19,16,48,7,90,22,0,22,112
11/25/2019,GJT,CO,ANM,WE,Federal Contract Tower,24,28,19,2,73,0,2,46,0,48,24,30,65,2,121,30,0,30,151
11/26/2019,GJT,CO,ANM,WE,Federal Contract Tower,33,21,7,0,61,0,0,4,0,4,33,21,11,0,65,2,0,2,67
11/27/2019,GJT,CO,ANM,WE,Federal Contract Tower,25,24,11,3,63,0,4,15,0,19,25,28,26,3,82,0,0,0,82
11/28/2019,GJT,CO,ANM,WE,Federal Contract Tower,7,12,2,0,21,0,0,2,0,2,7,12,4,0,23,0,0,0,23
11/29/2019,GJT,CO,ANM,WE,Federal Contract Tower,15,18,8,0,41,0,0,0,0,0,15,18,8,0,41,0,0,0,41
11/30/2019,GJT,CO,ANM,WE,Federal Contract Tower,22,21,6,0,49,0,1,10,0,11,22,22,16,0,60,20,0,20,80
12/01/2019,GJT,CO,ANM,WE,Federal Contract Tower,18,20,14,0,52,0,1,25,0,26,18,21,39,0,78,8,0,8,86
12/02/2019,GJT,CO,ANM,WE,Federal Contract Tower,22,23,12,8,65,0,2,35,0,37,22,25,47,8,102,34,0,34,136
12/03/2019,GJT,CO,ANM,WE,Federal Contract Tower,23,27,14,8,72,0,0,45,0,45,23,27,59,8,117,38,0,38,155
12/04/2019,GJT,CO,ANM,WE,Federal Contract Tower,34,29,16,3,82,0,5,53,0,58,34,34,69,3,140,32,0,32,172
12/05/2019,GJT,CO,ANM,WE,Federal Contract Tower,21,28,17,0,66,0,2,12,0,14,21,30,29,0,80,32,0,32,112
12/06/2019,GJT,CO,ANM,WE,Federal Contract Tower,25,28,9,3,65,0,0,87,0,87,25,28,96,3,152,112,0,112,264
12/07/2019,GJT,CO,ANM,WE,Federal Contract Tower,17,18,15,10,60,0,5,59,6,70,17,23,74,16,130,54,30,84,214
12/08/2019,GJT,CO,ANM,WE,Federal Contract Tower,26,16,5,5,52,0,0,6,0,6,26,16,11,5,58,10,0,10,68
12/09/2019,GJT,CO,ANM,WE,Federal Contract Tower,18,18,16,5,57,0,0,13,0,13,18,18,29,5,70,14,0,14,84
12/10/2019,GJT,CO,ANM,WE,Federal Contract Tower,20,23,14,1,58,0,0,41,0,41,20,23,55,1,99,38,0,38,137
12/11/2019,GJT,CO,ANM,WE,Federal Contract Tower,20,22,12,3,57,0,2,50,0,52,20,24,62,3,109,70,0,70,179
12/12/2019,GJT,CO,ANM,WE,Federal Contract Tower,20,28,23,2,73,0,3,50,0,53,20,31,73,2,126,32,4,36,162
12/13/2019,GJT,CO,ANM,WE,Federal Contract Tower,17,24,15,2,58,0,1,28,0,29,17,25,43,2,87,2,0,2,89
12/14/2019,GJT,CO,ANM,WE,Federal Contract Tower,21,15,5,2,43,0,0,7,0,7,21,15,12,2,50,22,0,22,72
12/15/2019,GJT,CO,ANM,WE,Federal Contract Tower,15,18,11,0,44,0,0,18,0,18,15,18,29,0,62,0,0,0,62
12/16/2019,GJT,CO,ANM,WE,Federal Contract Tower,20,20,12,0,52,0,0,31,0,31,20,20,43,0,83,22,0,22,105
12/17/2019,GJT,CO,ANM,WE,Federal Contract Tower,18,23,12,4,57,0,0,62,0,62,18,23,74,4,119,50,0,50,169
12/18/2019,GJT,CO,ANM,WE,Federal Contract Tower,21,26,14,5,66,0,4,50,2,56,21,30,64,7,122,42,0,42,164
12/19/2019,GJT,CO,ANM,WE,Federal Contract Tower,24,24,7,0,55,0,2,54,0,56,24,26,61,0,111,72,0,72,183
12/20/2019,GJT,CO,ANM,WE,Federal Contract Tower,20,31,15,8,74,0,2,78,0,80,20,33,93,8,154,70,2,72,226
12/21/2019,GJT,CO,ANM,WE,Federal Contract Tower,16,19,13,1,49,0,2,27,0,29,16,21,40,1,78,46,0,46,124
12/22/2019,GJT,CO,ANM,WE,Federal Contract Tower,16,18,7,0,41,0,1,30,0,31,16,19,37,0,72,50,0,50,122
12/23/2019,GJT,CO,ANM,WE,Federal Contract Tower,18,23,17,0,58,0,1,46,0,47,18,24,63,0,105,58,0,58,163
12/24/2019,GJT,CO,ANM,WE,Federal Contract Tower,16,24,2,0,42,0,1,21,0,22,16,25,23,0,64,52,0,52,116
12/25/2019,GJT,CO,ANM,WE,Federal Contract Tower,19,21,1,0,41,0,2,1,0,3,19,23,2,0,44,0,0,0,44
12/26/2019,GJT,CO,ANM,WE,Federal Contract Tower,22,27,9,0,58,0,12,33,0,45,22,39,42,0,103,34,0,34,137
12/27/2019,GJT,CO,ANM,WE,Federal Contract Tower,36,61,32,0,129,0,0,9,0,9,36,61,41,0,138,34,0,34,172
12/28/2019,GJT,CO,ANM,WE,Federal Contract Tower,34,26,11,0,71,0,0,9,0,9,34,26,20,0,80,12,0,12,92
12/29/2019,GJT,CO,ANM,WE,Federal Contract Tower,17,24,12,0,53,0,0,32,0,32,17,24,44,0,85,18,0,18,103
12/30/2019,GJT,CO,ANM,WE,Federal Contract Tower,21,26,11,3,61,0,5,39,1,45,21,31,50,4,106,72,0,72,178
12/31/2019,GJT,CO,ANM,WE,Federal Contract Tower,20,27,9,0,56,0,0,28,0,28,20,27,37,0,84,42,0,42,126
01/01/2020,GJT,CO,ANM,WE,Federal Contract Tower,37,31,14,0,82,0,2,0,0,2,37,33,14,0,84,0,0,0,84
01/02/2020,GJT,CO,ANM,WE,Federal Contract Tower,23,35,21,0,79,0,2,5,0,7,23,37,26,0,86,0,0,0,86
01/03/2020,GJT,CO,ANM,WE,Federal Contract Tower,30,32,14,4,80,0,1,50,0,51,30,33,64,4,131,60,0,60,191
01/04/2020,GJT,CO,ANM,WE,Federal Contract Tower,17,13,8,0,38,0,0,42,0,42,17,13,50,0,80,90,0,90,170
01/05/2020,GJT,CO,ANM,WE,Federal Contract Tower,16,16,15,0,47,0,0,0,0,0,16,16,15,0,47,0,0,0,47
01/06/2020,GJT,CO,ANM,WE,Federal Contract Tower,20,22,20,5,67,0,1,18,0,19,20,23,38,5,86,30,0,30,116
01/07/2020,GJT,CO,ANM,WE,Federal Contract Tower,8,27,10,0,45,0,5,54,0,59,8,32,64,0,104,36,0,36,140
01/08/2020,GJT,CO,ANM,WE,Federal Contract Tower,13,30,23,2,68,0,0,0,0,0,13,30,23,2,68,0,0,0,68
01/09/2020,GJT,CO,ANM,WE,Federal Contract Tower,16,27,17,0,60,0,2,19,0,21,16,29,36,0,81,46,0,46,127
01/10/2020,GJT,CO,ANM,WE,Federal Contract Tower,16,35,19,2,72,0,1,58,0,59,16,36,77,2,131,116,0,116,247
01/11/2020,GJT,CO,ANM,WE,Federal Contract Tower,24,18,6,3,51,0,0,21,1,22,24,18,27,4,73,10,0,10,83
01/12/2020,GJT,CO,ANM,WE,Federal Contract Tower,13,25,7,5,50,0,0,11,0,11,13,25,18,5,61,2,0,2,63
01/13/2020,GJT,CO,ANM,WE,Federal Contract Tower,24,26,15,4,69,0,0,21,0,21,24,26,36,4,90,28,8,36,126
01/14/2020,GJT,CO,ANM,WE,Federal Contract Tower,11,36,20,0,67,0,0,45,0,45,11,36,65,0,112,46,0,46,158
01/15/2020,GJT,CO,ANM,WE,Federal Contract Tower,13,29,13,1,56,0,5,85,0,90,13,34,98,1,146,72,0,72,218
01/16/2020,GJT,CO,ANM,WE,Federal Contract Tower,15,32,14,2,63,0,3,43,0,46,15,35,57,2,109,24,0,24,133
01/17/2020,GJT,CO,ANM,WE,Federal Contract Tower,31,33,11,3,78,0,2,3,2,7,31,35,14,5,85,0,6,6,91
01/18/2020,GJT,CO,ANM,WE,Federal Contract Tower,19,19,6,20,64,0,0,30,3,33,19,19,36,23,97,8,46,54,151
01/19/2020,GJT,CO,ANM,WE,Federal Contract Tower,16,15,2,0,33,0,0,24,5,29,16,15,26,5,62,28,0,28,90
01/20/2020,GJT,CO,ANM,WE,Federal Contract Tower,23,25,24,2,74,0,1,25,1,27,23,26,49,3,101,2,0,2,103
01/21/2020,GJT,CO,ANM,WE,Federal Contract Tower,14,29,16,0,59,0,0,1,0,1,14,29,17,0,60,0,0,0,60
01/22/2020,GJT,CO,ANM,WE,Federal Contract Tower,19,38,15,2,74,0,0,3,0,3,19,38,18,2,77,0,0,0,77
01/23/2020,GJT,CO,ANM,WE,Federal Contract Tower,19,26,18,1,64,0,0,2,0,2,19,26,20,1,66,0,0,0,66
01/24/2020,GJT,CO,ANM,WE,Federal Contract Tower,17,29,25,2,73,0,0,8,0,8,17,29,33,2,81,8,0,8,89
01/25/2020,GJT,CO,ANM,WE,Federal Contract Tower,12,16,9,0,37,0,0,0,0,0,12,16,9,0,37,0,0,0,37
01/26/2020,GJT,CO,ANM,WE,Federal Contract Tower,13,24,12,2,51,0,3,28,0,31,13,27,40,2,82,26,0,26,108
01/27/2020,GJT,CO,ANM,WE,Federal Contract Tower,28,44,16,4,92,0,0,0,0,0,28,44,16,4,92,0,0,0,92
01/28/2020,GJT,CO,ANM,WE,Federal Contract Tower,15,30,13,3,61,0,1,52,1,54,15,31,65,4,115,72,24,96,211
01/29/2020,GJT,CO,ANM,WE,Federal Contract Tower,13,28,8,0,49,0,1,39,0,40,13,29,47,0,89,46,0,46,135
01/30/2020,GJT,CO,ANM,WE,Federal Contract Tower,18,30,24,6,78,0,1,26,0,27,18,31,50,6,105,16,0,16,121
01/31/2020,GJT,CO,ANM,WE,Federal Contract Tower,16,39,13,3,71,0,3,71,0,74,16,42,84,3,145,80,0,80,225
02/01/2020,GJT,CO,ANM,WE,Federal Contract Tower,11,17,15,10,53,0,5,70,9,84,11,22,85,19,137,70,6,76,213
02/02/2020,GJT,CO,ANM,WE,Federal Contract Tower,14,16,3,1,34,0,0,52,0,52,14,16,55,1,86,56,0,56,142
02/03/2020,GJT,CO,ANM,WE,Federal Contract Tower,28,37,14,2,81,0,0,2,0,2,28,37,16,2,83,0,0,0,83
02/04/2020,GJT,CO,ANM,WE,Federal Contract Tower,10,29,8,3,50,0,0,26,1,27,10,29,34,4,77,18,0,18,95
02/05/2020,GJT,CO,ANM,WE,Federal Contract Tower,13,25,25,4,67,0,1,37,0,38,13,26,62,4,105,50,0,50,155
02/06/2020,GJT,CO,ANM,WE,Federal Contract Tower,38,41,25,0,104,0,0,15,0,15,38,41,40,0,119,8,0,8,127
02/07/2020,GJT,CO,ANM,WE,Federal Contract Tower,22,43,11,0,76,0,0,41,0,41,22,43,52,0,117,64,0,64,181
02/08/2020,GJT,CO,ANM,WE,Federal Contract Tower,12,17,5,4,38,0,0,63,1,64,12,17,68,5,102,84,0,84,186
02/09/2020,GJT,CO,ANM,WE,Federal Contract Tower,21,24,14,0,59,0,0,2,0,2,21,24,16,0,61,0,0,0,61
02/10/2020,GJT,CO,ANM,WE,Federal Contract Tower,26,34,12,9,81,0,2,26,0,28,26,36,38,9,109,32,0,32,141
02/11/2020,GJT,CO,ANM,WE,Federal Contract Tower,10,34,17,16,77,0,0,63,0,63,10,34,80,16,140,86,0,86,226
02/12/2020,GJT,CO,ANM,WE,Federal Contract Tower,15,26,11,3,55,0,4,62,1,67,15,30,73,4,122,56,0,56,178
02/13/2020,GJT,CO,ANM,WE,Federal Contract Tower,16,26,19,1,62,0,4,93,1,98,16,30,112,2,160,62,0,62,222
02/14/2020,GJT,CO,ANM,WE,Federal Contract Tower,20,25,14,8,67,0,0,46,5,51,20,25,60,13,118,36,20,56,174
02/15/2020,GJT,CO,ANM,WE,Federal Contract Tower,14,15,5,0,34,0,2,56,2,60,14,17,61,2,94,94,0,94,188
02/16/2020,GJT,CO,ANM,WE,Federal Contract Tower,15,21,8,1,45,0,0,11,1,12,15,21,19,2,57,18,4,22,79
02/17/2020,GJT,CO,ANM,WE,Federal Contract Tower,18,24,13,0,55,0,1,26,0,27,18,25,39,0,82,26,0,26,108
02/18/2020,GJT,CO,ANM,WE,Federal Contract Tower,15,30,13,8,66,0,0,43,2,45,15,30,56,10,111,64,8,72,183
02/19/2020,GJT,CO,ANM,WE,Federal Contract Tower,14,28,17,5,64,0,11,73,0,84,14,39,90,5,148,86,16,102,250
02/20/2020,GJT,CO,ANM,WE,Federal Contract Tower,16,25,16,3,60,0,10,67,0,77,16,35,83,3,137,50,4,54,191
02/21/2020,GJT,CO,ANM,WE,Federal Contract Tower,20,27,8,7,62,0,5,72,2,79,20,32,80,9,141,54,0,54,195
02/22/2020,GJT,CO,ANM,WE,Federal Contract Tower,17,16,11,4,48,0,0,47,1,48,17,16,58,5,96,50,4,54,150
02/23/2020,GJT,CO,ANM,WE,Federal Contract Tower,21,18,12,0,51,0,2,11,1,14,21,20,23,1,65,10,0,10,75
02/24/2020,GJT,CO,ANM,WE,Federal Contract Tower,30,22,8,2,62,0,1,5,2,8,30,23,13,4,70,4,0,4,74
02/25/2020,GJT,CO,ANM,WE,Federal Contract Tower,16,27,9,6,58,0,0,9,0,9,16,27,18,6,67,0,0,0,67
02/26/2020,GJT,CO,ANM,WE,Federal Contract Tower,16,26,10,4,56,0,6,43,0,49,16,32,53,4,105,28,0,28,133
02/27/2020,GJT,CO,ANM,WE,Federal Contract Tower,20,25,19,2,66,0,4,51,2,57,20,29,70,4,123,24,0,24,147
02/28/2020,GJT,CO,ANM,WE,Federal Contract Tower,18,30,7,9,64,0,1,44,0,45,18,31,51,9,109,42,20,62,171
02/29/2020,GJT,CO,ANM,WE,Federal Contract Tower,17,15,12,5,49,0,0,57,0,57,17,15,69,5,106,68,10,78,184
03/01/2020,GJT,CO,ANM,WE,Federal Contract Tower,19,15,10,2,46,0,0,16,0,16,19,15,26,2,62,16,0,16,78
03/02/2020,GJT,CO,ANM,WE,Federal Contract Tower,28,31,15,2,76,0,0,5,0,5,28,31,20,2,81,4,0,4,85
03/03/2020,GJT,CO,ANM,WE,Federal Contract Tower,16,28,9,0,53,0,1,49,0,50,16,29,58,0,103,28,0,28,131
03/04/2020,GJT,CO,ANM,WE,Federal Contract Tower,12,24,14,6,56,0,4,38,0,42,12,28,52,6,98,16,14,30,128
03/05/2020,GJT,CO,ANM,WE,Federal Contract Tower,17,24,14,6,61,0,9,63,0,72,17,33,77,6,133,40,4,44,177
03/06/2020,GJT,CO,ANM,WE,Federal Contract Tower,16,30,28,7,81,0,0,54,0,54,16,30,82,7,135,72,8,80,215
03/07/2020,GJT,CO,ANM,WE,Federal Contract Tower,13,20,6,2,41,0,3,49,1,53,13,23,55,3,94,30,0,30,124
03/08/2020,GJT,CO,ANM,WE,Federal Contract Tower,15,19,7,2,43,0,2,15,1,18,15,21,22,3,61,32,10,42,103
03/09/2020,GJT,CO,ANM,WE,Federal Contract Tower,23,21,12,1,57,0,1,16,1,18,23,22,28,2,75,12,2,14,89
03/10/2020,GJT,CO,ANM,WE,Federal Contract Tower,12,24,14,0,50,0,0,41,0,41,12,24,55,0,91,40,0,40,131
03/11/2020,GJT,CO,ANM,WE,Federal Contract Tower,12,29,12,0,53,0,3,22,0,25,12,32,34,0,78,60,0,60,138
03/12/2020,GJT,CO,ANM,WE,Federal Contract Tower,18,29,20,3,70,0,0,50,2,52,18,29,70,5,122,34,8,42,164
03/13/2020,GJT,CO,ANM,WE,Federal Contract Tower,24,34,12,2,72,0,0,8,0,8,24,34,20,2,80,0,0,0,80
03/14/2020,GJT,CO,ANM,WE,Federal Contract Tower,13,20,7,0,40,0,0,13,0,13,13,20,20,0,53,10,0,10,63
03/15/2020,GJT,CO,ANM,WE,Federal Contract Tower,13,28,10,4,55,0,2,20,0,22,13,30,30,4,77,4,0,4,81
03/16/2020,GJT,CO,ANM,WE,Federal Contract Tower,19,23,12,3,57,0,1,47,2,50,19,24,59,5,107,26,10,36,143
03/17/2020,GJT,CO,ANM,WE,Federal Contract Tower,17,28,16,1,62,0,0,26,0,26,17,28,42,1,88,0,0,0,88
03/18/2020,GJT,CO,ANM,WE,Federal Contract Tower,18,24,4,1,47,0,2,28,0,30,18,26,32,1,77,24,0,24,101
03/19/2020,GJT,CO,ANM,WE,Federal Contract Tower,21,20,18,0,59,0,2,1,0,3,21,22,19,0,62,0,0,0,62
03/20/2020,GJT,CO,ANM,WE,Federal Contract Tower,21,24,13,2,60,0,0,32,0,32,21,24,45,2,92,68,0,68,160
03/21/2020,GJT,CO,ANM,WE,Federal Contract Tower,17,16,6,0,39,0,0,30,0,30,17,16,36,0,69,58,0,58,127
03/22/2020,GJT,CO,ANM,WE,Federal Contract Tower,14,15,9,1,39,0,0,27,0,27,14,15,36,1,66,26,0,26,92
03/23/2020,GJT,CO,ANM,WE,Federal Contract Tower,7,12,6,1,26,0,0,13,0,13,7,12,19,1,39,20,0,20,59
03/24/2020,GJT,CO,ANM,WE,Federal Contract Tower,9,17,5,0,31,0,1,51,0,52,9,18,56,0,83,54,0,54,137
03/25/2020,GJT,CO,ANM,WE,Federal Contract Tower,7,22,4,0,33,0,5,32,0,37,7,27,36,0,70,34,0,34,104
03/26/2020,GJT,CO,ANM,WE,Federal Contract Tower,3,7,5,0,15,0,1,17,0,18,3,8,22,0,33,38,0,38,71
03/27/2020,GJT,CO,ANM,WE,Federal Contract Tower,7,12,7,0,26,0,0,0,0,0,7,12,7,0,26,0,0,0,26
03/28/2020,GJT,CO,ANM,WE,Federal Contract Tower,4,10,6,4,24,0,0,28,0,28,4,10,34,4,52,28,0,28,80
03/29/2020,GJT,CO,ANM,WE,Federal Contract Tower,2,12,3,3,20,0,0,17,0,17,2,12,20,3,37,8,0,8,45
03/30/2020,GJT,CO,ANM,WE,Federal Contract Tower,2,14,6,2,24,0,0,24,0,24,2,14,30,2,48,14,0,14,62
03/31/2020,GJT,CO,ANM,WE,Federal Contract Tower,5,14,4,0,23,0,0,48,0,48,5,14,52,0,71,30,0,30,101
04/01/2020,GJT,CO,ANM,WE,Federal Contract Tower,8,13,13,0,34,0,1,24,0,25,8,14,37,0,59,10,0,10,69
04/02/2020,GJT,CO,ANM,WE,Federal Contract Tower,8,14,8,4,34,0,0,4,0,4,8,14,12,4,38,22,0,22,60
04/03/2020,GJT,CO,ANM,WE,Federal Contract Tower,8,11,16,4,39,0,0,45,0,45,8,11,61,4,84,20,16,36,120
04/04/2020,GJT,CO,ANM,WE,Federal Contract Tower,5,3,8,0,16,0,0,24,0,24,5,3,32,0,40,6,0,6,46
04/05/2020,GJT,CO,ANM,WE,Federal Contract Tower,6,3,3,0,12,0,1,16,0,17,6,4,19,0,29,4,0,4,33
04/06/2020,GJT,CO,ANM,WE,Federal Contract Tower,7,7,3,4,21,0,0,17,0,17,7,7,20,4,38,6,0,6,44
04/07/2020,GJT,CO,ANM,WE,Federal Contract Tower,5,15,4,0,24,0,1,38,0,39,5,16,42,0,63,8,0,8,71
04/08/2020,GJT,CO,ANM,WE,Federal Contract Tower,5,9,5,2,21,0,0,31,0,31,5,9,36,2,52,26,0,26,78
04/09/2020,GJT,CO,ANM,WE,Federal Contract Tower,5,9,5,4,23,0,6,40,0,46,5,15,45,4,69,32,0,32,101
04/10/2020,GJT,CO,ANM,WE,Federal Contract Tower,6,9,14,0,29,0,0,71,0,71,6,9,85,0,100,96,4,100,200
04/11/2020,GJT,CO,ANM,WE,Federal Contract Tower,7,6,4,0,17,0,0,49,0,49,7,6,53,0,66,38,0,38,104
04/12/2020,GJT,CO,ANM,WE,Federal Contract Tower,5,3,3,0,11,0,1,9,0,10,5,4,12,0,21,4,0,4,25
04/13/2020,GJT,CO,ANM,WE,Federal Contract Tower,3,10,6,0,19,0,0,11,0,11,3,10,17,0,30,12,0,12,42
04/14/2020,GJT,CO,ANM,WE,Federal Contract Tower,7,12,7,0,26,0,3,41,0,44,7,15,48,0,70,18,0,18,88
04/15/2020,GJT,CO,ANM,WE,Federal Contract Tower,6,8,8,4,26,0,3,30,0,33,6,11,38,4,59,14,0,14,73
04/16/2020,GJT,CO,ANM,WE,Federal Contract Tower,5,14,1,0,20,0,2,4,0,6,5,16,5,0,26,0,0,0,26
04/17/2020,GJT,CO,ANM,WE,Federal Contract Tower,7,8,4,0,19,0,1,59,0,60,7,9,63,0,79,56,0,56,135
04/18/2020,GJT,CO,ANM,WE,Federal Contract Tower,6,5,3,0,14,0,0,53,0,53,6,5,56,0,67,58,0,58,125
04/19/2020,GJT,CO,ANM,WE,Federal Contract Tower,5,3,1,0,9,0,3,23,0,26,5,6,24,0,35,4,0,4,39
04/20/2020,GJT,CO,ANM,WE,Federal Contract Tower,6,13,7,0,26,0,0,17,0,17,6,13,24,0,43,16,0,16,59
04/21/2020,GJT,CO,ANM,WE,Federal Contract Tower,5,9,10,0,24,0,0,26,0,26,5,9,36,0,50,28,0,28,78
04/22/2020,GJT,CO,ANM,WE,Federal Contract Tower,4,11,11,0,26,0,0,59,2,61,4,11,70,2,87,24,0,24,111
04/23/2020,GJT,CO,ANM,WE,Federal Contract Tower,5,11,12,1,29,0,1,31,0,32,5,12,43,1,61,12,18,30,91
04/24/2020,GJT,CO,ANM,WE,Federal Contract Tower,6,14,11,0,31,0,1,56,0,57,6,15,67,0,88,38,0,38,126
04/25/2020,GJT,CO,ANM,WE,Federal Contract Tower,5,4,3,0,12,0,0,38,0,38,5,4,41,0,50,0,0,0,50
04/26/2020,GJT,CO,ANM,WE,Federal Contract Tower,4,4,6,0,14,0,2,19,0,21,4,6,25,0,35,0,0,0,35
04/27/2020,GJT,CO,ANM,WE,Federal Contract Tower,7,5,6,0,18,0,3,34,0,37,7,8,40,0,55,12,0,12,67
04/28/2020,GJT,CO,ANM,WE,Federal Contract Tower,6,10,10,2,28,0,0,40,0,40,6,10,50,2,68,16,0,16,84
04/29/2020,GJT,CO,ANM,WE,Federal Contract Tower,6,10,12,1,29,0,3,48,0,51,6,13,60,1,80,56,0,56,136
04/30/2020,GJT,CO,ANM,WE,Federal Contract Tower,7,13,7,0,27,0,1,43,0,44,7,14,50,0,71,58,0,58,129
05/01/2020,GJT,CO,ANM,WE,Federal Contract Tower,10,18,7,0,35,0,0,62,2,64,10,18,69,2,99,96,0,96,195
05/02/2020,GJT,CO,ANM,WE,Federal Contract Tower,4,3,3,2,12,0,1,21,0,22,4,4,24,2,34,12,0,12,46
05/03/2020,GJT,CO,ANM,WE,Federal Contract Tower,5,8,5,0,18,0,1,29,0,30,5,9,34,0,48,20,0,20,68
05/04/2020,GJT,CO,ANM,WE,Federal Contract Tower,7,7,7,0,21,0,1,23,0,24,7,8,30,0,45,56,0,56,101
05/05/2020,GJT,CO,ANM,WE,Federal Contract Tower,4,13,9,0,26,0,0,62,0,62,4,13,71,0,88,74,0,74,162
05/06/2020,GJT,CO,ANM,WE,Federal Contract Tower,4,15,8,8,35,0,4,55,0,59,4,19,63,8,94,102,22,124,218
05/07/2020,GJT,CO,ANM,WE,Federal Contract Tower,3,12,10,0,25,0,0,38,12,50,3,12,48,12,75,14,0,14,89
05/08/2020,GJT,CO,ANM,WE,Federal Contract Tower,7,12,2,0,21,0,2,64,4,70,7,14,66,4,91,50,0,50,141
05/09/2020,GJT,CO,ANM,WE,Federal Contract Tower,3,9,11,2,25,0,2,59,1,62,3,11,70,3,87,22,0,22,109
05/10/2020,GJT,CO,ANM,WE,Federal Contract Tower,5,8,4,2,19,0,0,59,0,59,5,8,63,2,78,16,0,16,94
05/11/2020,GJT,CO,ANM,WE,Federal Contract Tower,6,12,15,0,33,0,1,11,0,12,6,13,26,0,45,14,0,14,59
05/12/2020,GJT,CO,ANM,WE,Federal Contract Tower,6,6,7,2,21,0,0,21,0,21,6,6,28,2,42,16,0,16,58
05/13/2020,GJT,CO,ANM,WE,Federal Contract Tower,8,9,12,2,31,0,4,56,0,60,8,13,68,2,91,84,14,98,189
05/14/2020,GJT,CO,ANM,WE,Federal Contract Tower,6,8,9,6,29,0,7,77,0,84,6,15,86,6,113,148,0,148,261
05/15/2020,GJT,CO,ANM,WE,Federal Contract Tower,9,12,24,4,49,0,0,42,2,44,9,12,66,6,93,50,0,50,143
05/16/2020,GJT,CO,ANM,WE,Federal Contract Tower,3,4,2,0,9,0,0,52,0,52,3,4,54,0,61,38,0,38,99
05/17/2020,GJT,CO,ANM,WE,Federal Contract Tower,5,4,4,0,13,0,0,27,0,27,5,4,31,0,40,20,0,20,60
05/18/2020,GJT,CO,ANM,WE,Federal Contract Tower,8,8,14,0,30,0,1,34,0,35,8,9,48,0,65,26,0,26,91
05/19/2020,GJT,CO,ANM,WE,Federal Contract Tower,4,10,10,0,24,0,1,19,0,20,4,11,29,0,44,38,0,38,82
05/20/2020,GJT,CO,ANM,WE,Federal Contract Tower,8,16,7,0,31,0,6,40,1,47,8,22,47,1,78,10,2,12,90
05/21/2020,GJT,CO,ANM,WE,Federal Contract Tower,6,13,7,0,26,0,0,73,1,74,6,13,80,1,100,90,0,90,190
05/22/2020,GJT,CO,ANM,WE,Federal Contract Tower,11,12,9,2,34,0,4,48,0,52,11,16,57,2,86,66,0,66,152
05/23/2020,GJT,CO,ANM,WE,Federal Contract Tower,3,6,11,0,20,0,5,23,1,29,3,11,34,1,49,0,0,0,49
05/24/2020,GJT,CO,ANM,WE,Federal Contract Tower,5,11,7,0,23,0,0,34,0,34,5,11,41,0,57,38,0,38,95
05/25/2020,GJT,CO,ANM,WE,Federal Contract Tower,10,9,5,0,24,0,2,63,1,66,10,11,68,1,90,70,0,70,160
05/26/2020,GJT,CO,ANM,WE,Federal Contract Tower,3,6,13,0,22,0,0,81,0,81,3,6,94,0,103,88,0,88,191
05/27/2020,GJT,CO,ANM,WE,Federal Contract Tower,7,13,11,0,31,0,3,34,0,37,7,16,45,0,68,54,0,54,122
05/28/2020,GJT,CO,ANM,WE,Federal Contract Tower,7,9,9,4,29,0,3,51,0,54,7,12,60,4,83,50,22,72,155
05/29/2020,GJT,CO,ANM,WE,Federal Contract Tower,11,11,12,2,36,0,0,65,0,65,11,11,77,2,101,104,0,104,205
05/30/2020,GJT,CO,ANM,WE,Federal Contract Tower,4,5,5,0,14,0,0,38,0,38,4,5,43,0,52,18,0,18,70
05/31/2020,GJT,CO,ANM,WE,Federal Contract Tower,5,8,9,0,22,0,2,38,0,40,5,10,47,0,62,20,0,20,82
06/01/2020,GJT,CO,ANM,WE,Federal Contract Tower,10,9,13,2,34,0,1,45,0,46,10,10,58,2,80,42,0,42,122
06/02/2020,GJT,CO,ANM,WE,Federal Contract Tower,4,10,9,2,25,0,0,54,0,54,4,10,63,2,79,48,0,48,127
06/03/2020,GJT,CO,ANM,WE,Federal Contract Tower,6,14,13,0,33,0,0,79,0,79,6,14,92,0,112,30,0,30,142
06/04/2020,GJT,CO,ANM,WE,Federal Contract Tower,8,11,13,6,38,0,6,65,0,71,8,17,78,6,109,62,20,82,191
06/05/2020,GJT,CO,ANM,WE,Federal Contract Tower,13,10,20,1,44,0,57,69,0,126,13,67,89,1,170,24,0,24,194
06/06/2020,GJT,CO,ANM,WE,Federal Contract Tower,6,7,5,1,19,0,5,14,0,19,6,12,19,1,38,12,0,12,50
06/07/2020,GJT,CO,ANM,WE,Federal Contract Tower,6,7,10,0,23,0,1,42,0,43,6,8,52,0,66,78,0,78,144
06/08/2020,GJT,CO,ANM,WE,Federal Contract Tower,9,7,14,5,35,0,3,36,0,39,9,10,50,5,74,34,0,34,108
06/09/2020,GJT,CO,ANM,WE,Federal Contract Tower,7,13,12,2,34,0,0,61,1,62,7,13,73,3,96,106,22,128,224
06/10/2020,GJT,CO,ANM,WE,Federal Contract Tower,5,15,6,1,27,0,1,66,2,69,5,16,72,3,96,94,6,100,196
06/11/2020,GJT,CO,ANM,WE,Federal Contract Tower,6,15,8,3,32,0,20,78,0,98,6,35,86,3,130,134,16,150,280
06/12/2020,GJT,CO,ANM,WE,Federal Contract Tower,11,13,23,0,47,0,0,52,4,56,11,13,75,4,103,86,0,86,189
06/13/2020,GJT,CO,ANM,WE,Federal Contract Tower,5,8,5,0,18,0,0,19,0,19,5,8,24,0,37,56,0,56,93
06/14/2020,GJT,CO,ANM,WE,Federal Contract Tower,4,7,14,0,25,0,2,50,2,54,4,9,64,2,79,46,0,46,125
06/15/2020,GJT,CO,ANM,WE,Federal Contract Tower,12,9,13,3,37,0,1,50,0,51,12,10,63,3,88,76,16,92,180
06/16/2020,GJT,CO,ANM,WE,Federal Contract Tower,7,17,8,2,34,0,3,19,2,24,7,20,27,4,58,0,4,4,62
06/17/2020,GJT,CO,ANM,WE,Federal Contract Tower,7,21,7,3,38,0,6,31,3,40,7,27,38,6,78,10,0,10,88
06/18/2020,GJT,CO,ANM,WE,Federal Contract Tower,6,14,14,2,36,0,4,77,0,81,6,18,91,2,117,120,0,120,237
06/19/2020,GJT,CO,ANM,WE,Federal Contract Tower,12,12,8,0,32,0,3,57,0,60,12,15,65,0,92,88,0,88,180
06/20/2020,GJT,CO,ANM,WE,Federal Contract Tower,5,10,4,0,19,0,2,44,1,47,5,12,48,1,66,60,0,60,126
06/21/2020,GJT,CO,ANM,WE,Federal Contract Tower,6,7,7,2,22,0,1,47,0,48,6,8,54,2,70,74,0,74,144
06/22/2020,GJT,CO,ANM,WE,Federal Contract Tower,12,5,5,4,26,0,2,54,5,61,12,7,59,9,87,68,2,70,157
06/23/2020,GJT,CO,ANM,WE,Federal Contract Tower,6,12,10,1,29,0,2,69,0,71,6,14,79,1,100,80,0,80,180
06/24/2020,GJT,CO,ANM,WE,Federal Contract Tower,6,16,9,9,40,0,3,47,1,51,6,19,56,10,91,34,2,36,127
06/25/2020,GJT,CO,ANM,WE,Federal Contract Tower,7,18,12,3,40,0,3,49,0,52,7,21,61,3,92,56,14,70,162
06/26/2020,GJT,CO,ANM,WE,Federal Contract Tower,13,15,16,0,44,0,6,65,0,71,13,21,81,0,115,78,0,78,193
06/27/2020,GJT,CO,ANM,WE,Federal Contract Tower,5,8,13,0,26,0,62,63,0,125,5,70,76,0,151,50,0,50,201
06/28/2020,GJT,CO,ANM,WE,Federal Contract Tower,4,5,10,0,19,0,3,53,0,56,4,8,63,0,75,42,0,42,117
06/29/2020,GJT,CO,ANM,WE,Federal Contract Tower,10,12,12,1,35,0,0,28,1,29,10,12,40,2,64,0,10,10,74
06/30/2020,GJT,CO,ANM,WE,Federal Contract Tower,6,12,11,0,29,0,1,61,2,64,6,13,72,2,93,66,16,82,175
07/01/2020,GJT,CO,ANM,WE,Federal Contract Tower,8,11,17,2,38,0,15,75,0,90,8,26,92,2,128,98,0,98,226
07/02/2020,GJT,CO,ANM,WE,Federal Contract Tower,8,12,19,0,39,0,5,55,0,60,8,17,74,0,99,96,0,96,195
07/03/2020,GJT,CO,ANM,WE,Federal Contract Tower,13,11,8,0,32,0,0,62,0,62,13,11,70,0,94,80,0,80,174
07/04/2020,GJT,CO,ANM,WE,Federal Contract Tower,5,11,3,0,19,0,6,37,1,44,5,17,40,1,63,34,0,34,97
07/05/2020,GJT,CO,ANM,WE,Federal Contract Tower,4,10,11,2,27,0,2,48,0,50,4,12,59,2,77,44,0,44,121
07/06/2020,GJT,CO,ANM,WE,Federal Contract Tower,16,7,10,7,40,0,2,44,0,46,16,9,54,7,86,42,0,42,128
07/07/2020,GJT,CO,ANM,WE,Federal Contract Tower,7,12,6,6,31,0,5,78,8,91,7,17,84,14,122,42,14,56,178
07/08/2020,GJT,CO,ANM,WE,Federal Contract Tower,8,11,14,10,43,0,4,75,2,81,8,15,89,12,124,50,0,50,174
07/09/2020,GJT,CO,ANM,WE,Federal Contract Tower,11,19,19,4,53,0,4,57,1,62,11,23,76,5,115,76,24,100,215
07/10/2020,GJT,CO,ANM,WE,Federal Contract Tower,15,9,14,0,38,0,9,60,0,69,15,18,74,0,107,56,0,56,163
07/11/2020,GJT,CO,ANM,WE,Federal Contract Tower,9,9,3,0,21,0,2,47,0,49,9,11,50,0,70,22,0,22,92
07/12/2020,GJT,CO,ANM,WE,Federal Contract Tower,6,18,12,2,38,0,6,56,0,62,6,24,68,2,100,54,0,54,154
07/13/2020,GJT,CO,ANM,WE,Federal Contract Tower,16,6,18,4,44,0,12,76,0,88,16,18,94,4,132,0,0,0,132
07/14/2020,GJT,CO,ANM,WE,Federal Contract Tower,10,13,17,0,40,0,1,80,1,82,10,14,97,1,122,28,0,28,150
07/15/2020,GJT,CO,ANM,WE,Federal Contract Tower,10,16,7,0,33,0,9,66,1,76,10,25,73,1,109,58,26,84,193
07/16/2020,GJT,CO,ANM,WE,Federal Contract Tower,12,15,16,3,46,2,6,42,6,56,14,21,58,9,102,14,0,14,116
07/17/2020,GJT,CO,ANM,WE,Federal Contract Tower,19,18,21,6,64,0,2,55,0,57,19,20,76,6,121,58,2,60,181
07/18/2020,GJT,CO,ANM,WE,Federal Contract Tower,13,7,7,0,27,0,3,37,0,40,13,10,44,0,67,40,4,44,111
07/19/2020,GJT,CO,ANM,WE,Federal Contract Tower,10,5,7,2,24,0,2,42,0,44,10,7,49,2,68,42,0,42,110
07/20/2020,GJT,CO,ANM,WE,Federal Contract Tower,18,5,12,4,39,0,0,33,0,33,18,5,45,4,72,28,0,28,100
07/21/2020,GJT,CO,ANM,WE,Federal Contract Tower,8,16,15,2,41,0,2,45,1,48,8,18,60,3,89,62,16,78,167
07/22/2020,GJT,CO,ANM,WE,Federal Contract Tower,10,16,11,0,37,1,35,2,0,38,11,51,13,0,75,24,10,34,109
07/23/2020,GJT,CO,ANM,WE,Federal Contract Tower,12,21,32,4,69,0,0,39,0,39,12,21,71,4,108,20,0,20,128
07/24/2020,GJT,CO,ANM,WE,Federal Contract Tower,18,14,7,4,43,0,2,54,0,56,18,16,61,4,99,80,0,80,179
07/25/2020,GJT,CO,ANM,WE,Federal Contract Tower,13,4,4,3,24,0,0,27,2,29,13,4,31,5,53,24,0,24,77
07/26/2020,GJT,CO,ANM,WE,Federal Contract Tower,11,5,22,0,38,0,5,44,2,51,11,10,66,2,89,22,0,22,111
07/27/2020,GJT,CO,ANM,WE,Federal Contract Tower,13,11,12,11,47,0,2,43,1,46,13,13,55,12,93,62,22,84,177
07/28/2020,GJT,CO,ANM,WE,Federal Contract Tower,8,17,2,2,29,0,0,52,1,53,8,17,54,3,82,48,4,52,134
07/29/2020,GJT,CO,ANM,WE,Federal Contract Tower,12,14,4,0,30,0,11,71,0,82,12,25,75,0,112,68,0,68,180
07/30/2020,GJT,CO,ANM,WE,Federal Contract Tower,13,25,18,2,58,0,16,78,0,94,13,41,96,2,152,156,0,156,308
07/31/2020,GJT,CO,ANM,WE,Federal Contract Tower,20,16,20,2,58,0,22,72,1,95,20,38,92,3,153,52,0,52,205
08/01/2020,GJT,CO,ANM,WE,Federal Contract Tower,11,18,12,0,41,0,74,43,2,119,11,92,55,2,160,2,0,2,162
08/02/2020,GJT,CO,ANM,WE,Federal Contract Tower,11,15,10,2,38,0,2,95,5,102,11,17,105,7,140,4,8,12,152
08/03/2020,GJT,CO,ANM,WE,Federal Contract Tower,18,11,19,3,51,0,4,103,0,107,18,15,122,3,158,38,0,38,196
08/04/2020,GJT,CO,ANM,WE,Federal Contract Tower,8,18,17,0,43,0,2,91,0,93,8,20,108,0,136,22,0,22,158
08/05/2020,GJT,CO,ANM,WE,Federal Contract Tower,8,20,16,0,44,0,27,60,0,87,8,47,76,0,131,56,0,56,187
08/06/2020,GJT,CO,ANM,WE,Federal Contract Tower,13,13,21,0,47,0,4,105,0,109,13,17,126,0,156,82,0,82,238
08/07/2020,GJT,CO,ANM,WE,Federal Contract Tower,17,12,12,0,41,0,11,65,0,76,17,23,77,0,117,74,0,74,191
08/08/2020,GJT,CO,ANM,WE,Federal Contract Tower,9,13,26,2,50,0,12,87,4,103,9,25,113,6,153,52,0,52,205
08/09/2020,GJT,CO,ANM,WE,Federal Contract Tower,13,5,16,0,34,0,5,98,0,103,13,10,114,0,137,88,0,88,225
08/10/2020,GJT,CO,ANM,WE,Federal Contract Tower,21,6,13,0,40,0,7,86,0,93,21,13,99,0,133,16,0,16,149
08/11/2020,GJT,CO,ANM,WE,Federal Contract Tower,10,12,12,6,40,0,4,125,0,129,10,16,137,6,169,58,0,58,227
08/12/2020,GJT,CO,ANM,WE,Federal Contract Tower,11,19,14,2,46,0,0,132,0,132,11,19,146,2,178,42,8,50,228
08/13/2020,GJT,CO,ANM,WE,Federal Contract Tower,11,21,19,8,59,0,0,95,0,95,11,21,114,8,154,72,4,76,230
08/14/2020,GJT,CO,ANM,WE,Federal Contract Tower,21,23,20,0,64,0,8,76,2,86,21,31,96,2,150,68,4,72,222
08/15/2020,GJT,CO,ANM,WE,Federal Contract Tower,17,6,18,0,41,0,34,84,0,118,17,40,102,0,159,24,0,24,183
08/16/2020,GJT,CO,ANM,WE,Federal Contract Tower,13,15,18,0,46,0,6,101,0,107,13,21,119,0,153,6,0,6,159
08/17/2020,GJT,CO,ANM,WE,Federal Contract Tower,18,12,16,6,52,0,0,127,0,127,18,12,143,6,179,44,0,44,223
08/18/2020,GJT,CO,ANM,WE,Federal Contract Tower,12,22,14,2,50,0,1,100,0,101,12,23,114,2,151,34,0,34,185
08/19/2020,GJT,CO,ANM,WE,Federal Contract Tower,14,25,11,0,50,0,1,34,2,37,14,26,45,2,87,44,0,44,131
08/20/2020,GJT,CO,ANM,WE,Federal Contract Tower,13,23,22,0,58,0,3,33,0,36,13,26,55,0,94,6,0,6,100
08/21/2020,GJT,CO,ANM,WE,Federal Contract Tower,19,16,20,0,55,0,1,95,0,96,19,17,115,0,151,50,0,50,201
08/22/2020,GJT,CO,ANM,WE,Federal Contract Tower,13,13,10,0,36,0,0,52,1,53,13,13,62,1,89,32,0,32,121
08/23/2020,GJT,CO,ANM,WE,Federal Contract Tower,12,16,14,0,42,0,2,57,0,59,12,18,71,0,101,20,0,20,121
08/24/2020,GJT,CO,ANM,WE,Federal Contract Tower,15,18,4,0,37,0,1,97,0,98,15,19,101,0,135,36,0,36,171
08/25/2020,GJT,CO,ANM,WE,Federal Contract Tower,12,15,17,1,45,0,1,123,3,127,12,16,140,4,172,44,0,44,216
08/26/2020,GJT,CO,ANM,WE,Federal Contract Tower,21,14,28,3,66,0,9,98,0,107,21,23,126,3,173,36,0,36,209
08/27/2020,GJT,CO,ANM,WE,Federal Contract Tower,16,17,12,4,49,0,8,54,0,62,16,25,66,4,111,20,0,20,131
08/28/2020,GJT,CO,ANM,WE,Federal Contract Tower,15,11,16,3,45,0,2,56,3,61,15,13,72,6,106,68,0,68,174
08/29/2020,GJT,CO,ANM,WE,Federal Contract Tower,14,6,16,1,37,0,0,33,0,33,14,6,49,1,70,0,0,0,70
08/30/2020,GJT,CO,ANM,WE,Federal Contract Tower,18,7,29,0,54,0,0,64,0,64,18,7,93,0,118,46,0,46,164
09/01/2020,GJT,CO,ANM,WE,Federal Contract Tower,12,13,16,5,46,0,1,55,3,59,12,14,71,8,105,32,6,38,143
09/02/2020,GJT,CO,ANM,WE,Federal Contract Tower,11,12,19,0,42,0,0,100,4,104,11,12,119,4,146,100,0,100,246
09/03/2020,GJT,CO,ANM,WE,Federal Contract Tower,12,23,26,8,69,0,0,119,2,121,12,23,145,10,190,74,0,74,264
09/04/2020,GJT,CO,ANM,WE,Federal Contract Tower,14,13,18,3,48,0,0,42,0,42,14,13,60,3,90,46,0,46,136
09/05/2020,GJT,CO,ANM,WE,Federal Contract Tower,10,10,11,0,31,0,0,76,0,76,10,10,87,0,107,54,0,54,161
09/06/2020,GJT,CO,ANM,WE,Federal Contract Tower,14,10,11,0,35,0,3,57,1,61,14,13,68,1,96,28,0,28,124
09/07/2020,GJT,CO,ANM,WE,Federal Contract Tower,17,8,21,0,46,0,0,42,0,42,17,8,63,0,88,50,0,50,138
09/08/2020,GJT,CO,ANM,WE,Federal Contract Tower,11,31,20,3,65,0,0,1,0,1,11,31,21,3,66,0,0,0,66
09/09/2020,GJT,CO,ANM,WE,Federal Contract Tower,14,25,18,4,61,0,0,28,0,28,14,25,46,4,89,34,0,34,123
09/10/2020,GJT,CO,ANM,WE,Federal Contract Tower,17,16,17,4,54,0,1,10,0,11,17,17,27,4,65,0,0,0,65
09/11/2020,GJT,CO,ANM,WE,Federal Contract Tower,15,21,30,0,66,0,0,71,0,71,15,21,101,0,137,52,0,52,189
09/12/2020,GJT,CO,ANM,WE,Federal Contract Tower,14,15,13,3,45,0,0,44,1,45,14,15,57,4,90,98,0,98,188
09/13/2020,GJT,CO,ANM,WE,Federal Contract Tower,17,11,11,3,42,0,1,68,1,70,17,12,79,4,112,100,0,100,212
09/14/2020,GJT,CO,ANM,WE,Federal Contract Tower,16,7,16,3,42,0,1,40,0,41,16,8,56,3,83,50,0,50,133
09/15/2020,GJT,CO,ANM,WE,Federal Contract Tower,14,13,9,0,36,0,0,61,0,61,14,13,70,0,97,30,0,30,127
09/16/2020,GJT,CO,ANM,WE,Federal Contract Tower,15,13,24,5,57,0,0,80,1,81,15,13,104,6,138,70,2,72,210
09/17/2020,GJT,CO,ANM,WE,Federal Contract Tower,18,18,22,2,60,0,0,79,0,79,18,18,101,2,139,74,0,74,213
09/18/2020,GJT,CO,ANM,WE,Federal Contract Tower,17,12,17,12,58,0,0,74,1,75,17,12,91,13,133,52,0,52,185
09/19/2020,GJT,CO,ANM,WE,Federal Contract Tower,15,8,8,0,31,0,2,38,3,43,15,10,46,3,74,40,0,40,114
09/20/2020,GJT,CO,ANM,WE,Federal Contract Tower,18,6,6,2,32,0,1,52,2,55,18,7,58,4,87,44,0,44,131
09/21/2020,GJT,CO,ANM,WE,Federal Contract Tower,19,9,23,2,53,0,0,65,0,65,19,9,88,2,118,36,0,36,154
09/22/2020,GJT,CO,ANM,WE,Federal Contract Tower,11,17,15,3,46,0,0,56,1,57,11,17,71,4,103,34,30,64,167
09/23/2020,GJT,CO,ANM,WE,Federal Contract Tower,19,14,8,4,45,0,0,81,0,81,19,14,89,4,126,60,0,60,186
09/24/2020,GJT,CO,ANM,WE,Federal Contract Tower,20,19,13,4,56,0,1,69,1,71,20,20,82,5,127,72,8,80,207
09/25/2020,GJT,CO,ANM,WE,Federal Contract Tower,18,14,15,4,51,0,0,64,0,64,18,14,79,4,115,40,0,40,155
09/26/2020,GJT,CO,ANM,WE,Federal Contract Tower,19,11,4,0,34,0,0,53,0,53,19,11,57,0,87,80,0,80,167
09/27/2020,GJT,CO,ANM,WE,Federal Contract Tower,18,7,6,4,35,0,0,60,3,63,18,7,66,7,98,34,14,48,146
09/28/2020,GJT,CO,ANM,WE,Federal Contract Tower,16,10,7,0,33,0,0,41,0,41,16,10,48,0,74,18,0,18,92
09/29/2020,GJT,CO,ANM,WE,Federal Contract Tower,15,22,13,2,52,0,0,55,2,57,15,22,68,4,109,42,4,46,155
09/30/2020,GJT,CO,ANM,WE,Federal Contract Tower,18,10,18,1,47,0,2,73,1,76,18,12,91,2,123,58,0,58,181
10/01/2020,GJT,CO,ANM,WE,Federal Contract Tower,24,16,24,6,70,0,1,87,2,90,24,17,111,8,160,52,10,62,222
10/02/2020,GJT,CO,ANM,WE,Federal Contract Tower,18,15,6,10,49,0,0,63,0,63,18,15,69,10,112,42,0,42,154
10/03/2020,GJT,CO,ANM,WE,Federal Contract Tower,18,10,15,0,43,0,0,58,0,58,18,10,73,0,101,52,0,52,153
10/04/2020,GJT,CO,ANM,WE,Federal Contract Tower,18,12,12,0,42,0,0,49,0,49,18,12,61,0,91,18,0,18,109
10/05/2020,GJT,CO,ANM,WE,Federal Contract Tower,15,14,15,20,64,0,0,46,0,46,15,14,61,20,110,72,0,72,182
10/06/2020,GJT,CO,ANM,WE,Federal Contract Tower,15,14,14,0,43,0,0,54,0,54,15,14,68,0,97,16,0,16,113
10/07/2020,GJT,CO,ANM,WE,Federal Contract Tower,17,15,15,6,53,0,1,95,0,96,17,16,110,6,149,84,0,84,233
10/08/2020,GJT,CO,ANM,WE,Federal Contract Tower,22,13,19,0,54,0,0,77,0,77,22,13,96,0,131,86,0,86,217
10/09/2020,GJT,CO,ANM,WE,Federal Contract Tower,22,14,14,2,52,0,0,71,0,71,22,14,85,2,123,70,0,70,193
10/10/2020,GJT,CO,ANM,WE,Federal Contract Tower,19,11,6,0,36,0,0,52,0,52,19,11,58,0,88,28,0,28,116
10/11/2020,GJT,CO,ANM,WE,Federal Contract Tower,20,9,11,8,48,0,1,10,2,13,20,10,21,10,61,10,0,10,71
10/12/2020,GJT,CO,ANM,WE,Federal Contract Tower,20,15,14,0,49,0,0,41,0,41,20,15,55,0,90,84,0,84,174
10/13/2020,GJT,CO,ANM,WE,Federal Contract Tower,18,13,14,9,54,0,0,61,0,61,18,13,75,9,115,76,0,76,191
10/14/2020,GJT,CO,ANM,WE,Federal Contract Tower,15,19,13,6,53,0,0,60,0,60,15,19,73,6,113,64,0,64,177
10/15/2020,GJT,CO,ANM,WE,Federal Contract Tower,20,15,22,8,65,0,0,80,0,80,20,15,102,8,145,60,0,60,205
10/16/2020,GJT,CO,ANM,WE,Federal Contract Tower,21,13,15,12,61,0,0,87,2,89,21,13,102,14,150,70,8,78,228
10/17/2020,GJT,CO,ANM,WE,Federal Contract Tower,16,10,12,5,43,0,0,50,5,55,16,10,62,10,98,20,20,40,138
10/18/2020,GJT,CO,ANM,WE,Federal Contract Tower,17,10,13,1,41,0,0,56,2,58,17,10,69,3,99,64,0,64,163
10/19/2020,GJT,CO,ANM,WE,Federal Contract Tower,18,10,5,6,39,0,5,78,1,84,18,15,83,7,123,74,0,74,197
10/20/2020,GJT,CO,ANM,WE,Federal Contract Tower,15,20,9,0,44,0,3,77,0,80,15,23,86,0,124,60,0,60,184
10/21/2020,GJT,CO,ANM,WE,Federal Contract Tower,16,15,20,0,51,0,1,71,0,72,16,16,91,0,123,52,0,52,175
10/22/2020,GJT,CO,ANM,WE,Federal Contract Tower,22,18,12,0,52,0,0,51,1,52,22,18,63,1,104,26,12,38,142
10/23/2020,GJT,CO,ANM,WE,Federal Contract Tower,18,19,18,6,61,0,0,65,0,65,18,19,83,6,126,46,0,46,172
10/24/2020,GJT,CO,ANM,WE,Federal Contract Tower,18,16,11,4,49,0,0,47,0,47,18,16,58,4,96,80,0,80,176
10/25/2020,GJT,CO,ANM,WE,Federal Contract Tower,17,17,7,0,41,0,0,2,0,2,17,17,9,0,43,0,0,0,43
10/26/2020,GJT,CO,ANM,WE,Federal Contract Tower,22,24,23,2,71,0,2,3,1,6,22,26,26,3,77,10,0,10,87
10/27/2020,GJT,CO,ANM,WE,Federal Contract Tower,19,29,15,5,68,0,0,46,0,46,19,29,61,5,114,66,0,66,180
10/28/2020,GJT,CO,ANM,WE,Federal Contract Tower,15,23,16,0,54,0,0,68,0,68,15,23,84,0,122,68,0,68,190
10/29/2020,GJT,CO,ANM,WE,Federal Contract Tower,19,14,15,0,48,0,0,67,0,67,19,14,82,0,115,100,0,100,215
10/30/2020,GJT,CO,ANM,WE,Federal Contract Tower,19,15,8,0,42,0,0,66,0,66,19,15,74,0,108,128,0,128,236
10/31/2020,GJT,CO,ANM,WE,Federal Contract Tower,14,17,5,2,38,0,0,56,0,56,14,17,61,2,94,86,0,86,180
11/01/2020,GJT,CO,ANM,WE,Federal Contract Tower,13,20,9,0,42,0,1,36,0,37,13,21,45,0,79,68,0,68,147
11/02/2020,GJT,CO,ANM,WE,Federal Contract Tower,16,20,10,2,48,0,1,34,2,37,16,21,44,4,85,90,0,90,175
11/03/2020,GJT,CO,ANM,WE,Federal Contract Tower,12,21,4,9,46,0,0,58,0,58,12,21,62,9,104,108,2,110,214
11/04/2020,GJT,CO,ANM,WE,Federal Contract Tower,27,19,14,3,63,0,1,78,0,79,27,20,92,3,142,40,20,60,202
11/05/2020,GJT,CO,ANM,WE,Federal Contract Tower,18,22,8,5,53,0,0,90,2,92,18,22,98,7,145,142,0,142,287
11/06/2020,GJT,CO,ANM,WE,Federal Contract Tower,20,15,7,11,53,0,0,44,0,44,20,15,51,11,97,42,0,42,139
11/07/2020,GJT,CO,ANM,WE,Federal Contract Tower,13,15,8,0,36,0,0,3,0,3,13,15,11,0,39,0,0,0,39
11/08/2020,GJT,CO,ANM,WE,Federal Contract Tower,15,15,4,0,34,0,0,1,0,1,15,15,5,0,35,0,0,0,35
11/09/2020,GJT,CO,ANM,WE,Federal Contract Tower,14,25,10,2,51,0,0,0,0,0,14,25,10,2,51,0,0,0,51
11/10/2020,GJT,CO,ANM,WE,Federal Contract Tower,14,21,14,8,57,0,0,42,1,43,14,21,56,9,100,64,16,80,180
11/11/2020,GJT,CO,ANM,WE,Federal Contract Tower,15,17,13,0,45,0,0,68,0,68,15,17,81,0,113,92,0,92,205
11/12/2020,GJT,CO,ANM,WE,Federal Contract Tower,18,15,4,3,40,0,0,72,0,72,18,15,76,3,112,124,0,124,236
11/13/2020,GJT,CO,ANM,WE,Federal Contract Tower,18,27,11,7,63,0,0,69,0,69,18,27,80,7,132,78,0,78,210
11/14/2020,GJT,CO,ANM,WE,Federal Contract Tower,16,22,5,2,45,0,0,1,2,3,16,22,6,4,48,0,4,4,52
11/15/2020,GJT,CO,ANM,WE,Federal Contract Tower,15,16,13,0,44,0,0,60,0,60,15,16,73,0,104,108,0,108,212
11/16/2020,GJT,CO,ANM,WE,Federal Contract Tower,17,13,10,0,40,0,0,75,0,75,17,13,85,0,115,78,0,78,193
11/17/2020,GJT,CO,ANM,WE,Federal Contract Tower,19,11,14,0,44,0,1,69,0,70,19,12,83,0,114,82,0,82,196
11/18/2020,GJT,CO,ANM,WE,Federal Contract Tower,15,17,15,0,47,0,0,49,0,49,15,17,64,0,96,76,0,76,172
11/19/2020,GJT,CO,ANM,WE,Federal Contract Tower,17,16,13,2,48,0,0,80,0,80,17,16,93,2,128,128,0,128,256
11/20/2020,GJT,CO,ANM,WE,Federal Contract Tower,18,21,12,6,57,0,0,68,1,69,18,21,80,7,126,106,2,108,234
11/21/2020,GJT,CO,ANM,WE,Federal Contract Tower,13,21,7,6,47,0,0,42,0,42,13,21,49,6,89,62,0,62,151
11/22/2020,GJT,CO,ANM,WE,Federal Contract Tower,14,15,8,0,37,0,0,26,0,26,14,15,34,0,63,14,0,14,77
11/23/2020,GJT,CO,ANM,WE,Federal Contract Tower,16,21,24,2,63,0,0,27,1,28,16,21,51,3,91,54,34,88,179
11/24/2020,GJT,CO,ANM,WE,Federal Contract Tower,18,23,4,2,47,0,0,39,0,39,18,23,43,2,86,36,0,36,122
11/25/2020,GJT,CO,ANM,WE,Federal Contract Tower,16,25,11,0,52,0,0,35,0,35,16,25,46,0,87,12,0,12,99
11/26/2020,GJT,CO,ANM,WE,Federal Contract Tower,6,10,3,0,19,0,0,19,0,19,6,10,22,0,38,16,0,16,54
11/27/2020,GJT,CO,ANM,WE,Federal Contract Tower,11,18,8,0,37,0,0,32,0,32,11,18,40,0,69,36,0,36,105
11/28/2020,GJT,CO,ANM,WE,Federal Contract Tower,17,17,15,0,49,0,0,47,0,47,17,17,62,0,96,28,0,28,124
11/29/2020,GJT,CO,ANM,WE,Federal Contract Tower,12,23,9,0,44,0,2,35,0,37,12,25,44,0,81,20,0,20,101
11/30/2020,GJT,CO,ANM,WE,Federal Contract Tower,16,21,10,1,48,0,2,51,0,53,16,23,61,1,101,64,0,64,165
12/01/2020,GJT,CO,ANM,WE,Federal Contract Tower,16,20,13,4,53,0,0,39,2,41,16,20,52,6,94,38,8,46,140
12/02/2020,GJT,CO,ANM,WE,Federal Contract Tower,15,16,12,1,44,0,0,51,0,51,15,16,63,1,95,56,10,66,161
12/03/2020,GJT,CO,ANM,WE,Federal Contract Tower,20,15,14,2,51,0,0,72,0,72,20,15,86,2,123,124,0,124,247
12/04/2020,GJT,CO,ANM,WE,Federal Contract Tower,16,18,9,4,47,0,3,51,8,62,16,21,60,12,109,106,22,128,237
12/05/2020,GJT,CO,ANM,WE,Federal Contract Tower,12,11,7,8,38,0,0,56,11,67,12,11,63,19,105,72,24,96,201
12/06/2020,GJT,CO,ANM,WE,Federal Contract Tower,15,17,7,0,39,0,0,46,0,46,15,17,53,0,85,40,0,40,125
12/07/2020,GJT,CO,ANM,WE,Federal Contract Tower,16,21,21,4,62,0,1,38,1,40,16,22,59,5,102,66,0,66,168
12/08/2020,GJT,CO,ANM,WE,Federal Contract Tower,14,26,13,2,55,0,1,60,0,61,14,27,73,2,116,50,0,50,166
12/09/2020,GJT,CO,ANM,WE,Federal Contract Tower,15,20,11,2,48,0,0,94,2,96,15,20,105,4,144,88,0,88,232
12/10/2020,GJT,CO,ANM,WE,Federal Contract Tower,18,20,10,0,48,0,0,56,0,56,18,20,66,0,104,112,0,112,216
12/11/2020,GJT,CO,ANM,WE,Federal Contract Tower,21,19,8,4,52,0,0,34,0,34,21,19,42,4,86,36,0,36,122
12/12/2020,GJT,CO,ANM,WE,Federal Contract Tower,15,24,17,0,56,0,0,1,0,1,15,24,18,0,57,0,0,0,57
12/13/2020,GJT,CO,ANM,WE,Federal Contract Tower,27,12,6,0,45,0,0,40,0,40,27,12,46,0,85,50,0,50,135
12/14/2020,GJT,CO,ANM,WE,Federal Contract Tower,14,25,12,0,51,0,0,7,0,7,14,25,19,0,58,0,0,0,58
12/15/2020,GJT,CO,ANM,WE,Federal Contract Tower,14,25,13,2,54,0,0,44,0,44,14,25,57,2,98,88,0,88,186
12/16/2020,GJT,CO,ANM,WE,Federal Contract Tower,13,13,18,1,45,0,0,78,0,78,13,13,96,1,123,100,12,112,235
12/17/2020,GJT,CO,ANM,WE,Federal Contract Tower,18,18,14,6,56,0,0,59,1,60,18,18,73,7,116,112,8,120,236
12/18/2020,GJT,CO,ANM,WE,Federal Contract Tower,17,29,22,0,68,0,0,0,0,0,17,29,22,0,68,0,0,0,68
12/19/2020,GJT,CO,ANM,WE,Federal Contract Tower,18,21,15,3,57,0,0,38,0,38,18,21,53,3,95,28,8,36,131
12/20/2020,GJT,CO,ANM,WE,Federal Contract Tower,16,19,13,2,50,0,1,34,0,35,16,20,47,2,85,32,0,32,117
12/21/2020,GJT,CO,ANM,WE,Federal Contract Tower,17,17,16,2,52,0,0,43,0,43,17,17,59,2,95,48,0,48,143
12/22/2020,GJT,CO,ANM,WE,Federal Contract Tower,25,26,20,0,71,0,0,29,0,29,25,26,49,0,100,56,0,56,156
12/23/2020,GJT,CO,ANM,WE,Federal Contract Tower,27,22,24,0,73,0,0,36,0,36,27,22,60,0,109,28,0,28,137
12/24/2020,GJT,CO,ANM,WE,Federal Contract Tower,19,14,6,0,39,0,0,36,0,36,19,14,42,0,75,40,0,40,115
12/25/2020,GJT,CO,ANM,WE,Federal Contract Tower,10,8,1,0,19,0,1,12,0,13,10,9,13,0,32,0,0,0,32
12/26/2020,GJT,CO,ANM,WE,Federal Contract Tower,19,15,2,0,36,0,0,40,0,40,19,15,42,0,76,26,0,26,102
12/27/2020,GJT,CO,ANM,WE,Federal Contract Tower,16,24,8,0,48,0,0,15,0,15,16,24,23,0,63,6,0,6,69
12/28/2020,GJT,CO,ANM,WE,Federal Contract Tower,16,39,17,0,72,0,0,3,0,3,16,39,20,0,75,4,0,4,79
12/29/2020,GJT,CO,ANM,WE,Federal Contract Tower,27,33,10,3,73,0,0,8,0,8,27,33,18,3,81,24,0,24,105
12/30/2020,GJT,CO,ANM,WE,Federal Contract Tower,20,25,16,0,61,0,0,61,0,61,20,25,77,0,122,76,0,76,198
12/31/2020,GJT,CO,ANM,WE,Federal Contract Tower,18,19,11,0,48,0,1,43,0,44,18,20,54,0,92,66,0,66,158
01/01/2021,GJT,CO,ANM,WE,Federal Contract Tower,14,14,3,0,31,0,0,36,0,36,14,14,39,0,67,96,0,96,163
01/02/2021,GJT,CO,ANM,WE,Federal Contract Tower,17,23,2,0,42,0,0,23,0,23,17,23,25,0,65,6,0,6,71
01/03/2021,GJT,CO,ANM,WE,Federal Contract Tower,15,24,10,2,51,0,1,8,0,9,15,25,18,2,60,0,0,0,60
01/04/2021,GJT,CO,ANM,WE,Federal Contract Tower,15,20,9,4,48,0,0,24,0,24,15,20,33,4,72,50,6,56,128
01/05/2021,GJT,CO,ANM,WE,Federal Contract Tower,20,16,15,2,53,0,0,34,0,34,20,16,49,2,87,54,2,56,143
01/06/2021,GJT,CO,ANM,WE,Federal Contract Tower,16,17,18,5,56,0,0,76,1,77,16,17,94,6,133,128,6,134,267
01/07/2021,GJT,CO,ANM,WE,Federal Contract Tower,18,13,9,8,48,0,0,83,0,83,18,13,92,8,131,126,0,126,257
01/08/2021,GJT,CO,ANM,WE,Federal Contract Tower,18,13,17,0,48,0,0,51,0,51,18,13,68,0,99,70,0,70,169
01/09/2021,GJT,CO,ANM,WE,Federal Contract Tower,13,7,4,2,26,0,0,37,0,37,13,7,41,2,63,8,6,14,77
01/10/2021,GJT,CO,ANM,WE,Federal Contract Tower,16,18,7,3,44,0,0,26,0,26,16,18,33,3,70,14,0,14,84
01/11/2021,GJT,CO,ANM,WE,Federal Contract Tower,18,14,9,2,43,0,1,31,0,32,18,15,40,2,75,54,0,54,129
01/12/2021,GJT,CO,ANM,WE,Federal Contract Tower,17,14,13,2,46,0,2,43,2,47,17,16,56,4,93,60,0,60,153
01/13/2021,GJT,CO,ANM,WE,Federal Contract Tower,15,14,12,4,45,0,0,67,0,67,15,14,79,4,112,70,0,70,182
01/14/2021,GJT,CO,ANM,WE,Federal Contract Tower,17,14,10,6,47,0,0,61,0,61,17,14,71,6,108,108,0,108,216
01/15/2021,GJT,CO,ANM,WE,Federal Contract Tower,18,13,5,3,39,0,0,54,0,54,18,13,59,3,93,78,20,98,191
01/16/2021,GJT,CO,ANM,WE,Federal Contract Tower,15,8,9,0,32,0,0,48,1,49,15,8,57,1,81,18,6,24,105
01/17/2021,GJT,CO,ANM,WE,Federal Contract Tower,14,9,9,0,32,0,0,34,1,35,14,9,43,1,67,22,8,30,97
01/18/2021,GJT,CO,ANM,WE,Federal Contract Tower,18,12,7,0,37,0,0,44,1,45,18,12,51,1,82,70,0,70,152
01/19/2021,GJT,CO,ANM,WE,Federal Contract Tower,16,23,7,0,46,0,0,48,0,48,16,23,55,0,94,86,0,86,180
01/20/2021,GJT,CO,ANM,WE,Federal Contract Tower,17,16,13,8,54,0,0,71,3,74,17,16,84,11,128,172,46,218,346
01/21/2021,GJT,CO,ANM,WE,Federal Contract Tower,18,14,12,7,51,0,0,77,1,78,18,14,89,8,129,112,0,112,241
01/22/2021,GJT,CO,ANM,WE,Federal Contract Tower,18,14,11,6,49,0,0,49,1,50,18,14,60,7,99,102,8,110,209
01/23/2021,GJT,CO,ANM,WE,Federal Contract Tower,20,17,9,2,48,0,0,17,0,17,20,17,26,2,65,38,0,38,103
01/24/2021,GJT,CO,ANM,WE,Federal Contract Tower,18,18,3,0,39,0,0,4,0,4,18,18,7,0,43,0,0,0,43
01/25/2021,GJT,CO,ANM,WE,Federal Contract Tower,18,13,11,3,45,0,0,7,0,7,18,13,18,3,52,20,0,20,72
01/26/2021,GJT,CO,ANM,WE,Federal Contract Tower,14,17,12,2,45,0,0,18,0,18,14,17,30,2,63,40,0,40,103
01/27/2021,GJT,CO,ANM,WE,Federal Contract Tower,16,21,12,13,62,0,0,86,1,87,16,21,98,14,149,124,6,130,279
01/28/2021,GJT,CO,ANM,WE,Federal Contract Tower,18,20,12,0,50,0,0,76,1,77,18,20,88,1,127,108,0,108,235
01/29/2021,GJT,CO,ANM,WE,Federal Contract Tower,20,16,21,9,66,0,0,54,0,54,20,16,75,9,120,62,0,62,182
01/30/2021,GJT,CO,ANM,WE,Federal Contract Tower,16,10,11,4,41,0,0,37,2,39,16,10,48,6,80,60,18,78,158
01/31/2021,GJT,CO,ANM,WE,Federal Contract Tower,15,14,13,4,46,0,0,49,0,49,15,14,62,4,95,14,0,14,109
02/01/2021,GJT,CO,ANM,WE,Federal Contract Tower,17,14,14,4,49,0,0,33,0,33,17,14,47,4,82,66,0,66,148
02/02/2021,GJT,CO,ANM,WE,Federal Contract Tower,14,17,7,7,45,0,0,54,4,58,14,17,61,11,103,108,0,108,211
02/03/2021,GJT,CO,ANM,WE,Federal Contract Tower,24,14,15,6,59,0,0,19,0,19,24,14,34,6,78,30,2,32,110
02/04/2021,GJT,CO,ANM,WE,Federal Contract Tower,20,18,12,1,51,0,1,36,0,37,20,19,48,1,88,46,0,46,134
02/05/2021,GJT,CO,ANM,WE,Federal Contract Tower,35,20,14,11,80,0,0,66,0,66,35,20,80,11,146,84,0,84,230
02/06/2021,GJT,CO,ANM,WE,Federal Contract Tower,20,15,5,8,48,0,0,45,0,45,20,15,50,8,93,116,0,116,209
02/07/2021,GJT,CO,ANM,WE,Federal Contract Tower,19,9,4,0,32,0,1,14,0,15,19,10,18,0,47,0,0,0,47
02/08/2021,GJT,CO,ANM,WE,Federal Contract Tower,17,12,14,2,45,0,0,22,0,22,17,12,36,2,67,36,0,36,103
02/09/2021,GJT,CO,ANM,WE,Federal Contract Tower,21,21,14,2,58,0,0,29,0,29,21,21,43,2,87,50,0,50,137
02/10/2021,GJT,CO,ANM,WE,Federal Contract Tower,19,27,15,4,65,0,0,55,0,55,19,27,70,4,120,76,0,76,196
02/11/2021,GJT,CO,ANM,WE,Federal Contract Tower,17,28,12,3,60,0,0,59,4,63,17,28,71,7,123,84,6,90,213
02/12/2021,GJT,CO,ANM,WE,Federal Contract Tower,22,16,13,2,53,0,0,21,0,21,22,16,34,2,74,18,0,18,92
02/13/2021,GJT,CO,ANM,WE,Federal Contract Tower,18,24,10,1,53,0,0,0,0,0,18,24,10,1,53,0,0,0,53
02/14/2021,GJT,CO,ANM,WE,Federal Contract Tower,6,16,6,0,28,0,0,13,0,13,6,16,19,0,41,0,0,0,41
02/15/2021,GJT,CO,ANM,WE,Federal Contract Tower,14,15,14,0,43,0,0,49,0,49,14,15,63,0,92,78,0,78,170
02/16/2021,GJT,CO,ANM,WE,Federal Contract Tower,11,29,20,0,60,0,0,10,0,10,11,29,30,0,70,14,0,14,84
02/17/2021,GJT,CO,ANM,WE,Federal Contract Tower,9,32,6,0,47,0,0,1,0,1,9,32,7,0,48,0,0,0,48
02/18/2021,GJT,CO,ANM,WE,Federal Contract Tower,12,23,13,0,48,0,1,79,0,80,12,24,92,0,128,72,0,72,200
02/19/2021,GJT,CO,ANM,WE,Federal Contract Tower,18,24,16,1,59,0,0,64,3,67,18,24,80,4,126,114,2,116,242
02/20/2021,GJT,CO,ANM,WE,Federal Contract Tower,23,20,5,3,51,0,2,47,3,52,23,22,52,6,103,24,30,54,157
02/21/2021,GJT,CO,ANM,WE,Federal Contract Tower,23,21,9,7,60,0,2,46,1,49,23,23,55,8,109,46,8,54,163
02/22/2021,GJT,CO,ANM,WE,Federal Contract Tower,24,15,12,1,52,0,1,58,0,59,24,16,70,1,111,24,0,24,135
02/23/2021,GJT,CO,ANM,WE,Federal Contract Tower,17,23,11,0,51,0,0,63,0,63,17,23,74,0,114,88,0,88,202
02/24/2021,GJT,CO,ANM,WE,Federal Contract Tower,14,29,5,3,51,0,0,44,2,46,14,29,49,5,97,46,6,52,149
02/25/2021,GJT,CO,ANM,WE,Federal Contract Tower,27,24,11,3,65,0,0,67,3,70,27,24,78,6,135,84,18,102,237
02/26/2021,GJT,CO,ANM,WE,Federal Contract Tower,20,26,13,6,65,0,0,71,2,73,20,26,84,8,138,78,4,82,220
02/27/2021,GJT,CO,ANM,WE,Federal Contract Tower,30,18,14,9,71,0,0,14,2,16,30,18,28,11,87,22,0,22,109
02/28/2021,GJT,CO,ANM,WE,Federal Contract Tower,19,14,16,1,50,0,2,44,2,48,19,16,60,3,98,58,0,58,156
03/01/2021,GJT,CO,ANM,WE,Federal Contract Tower,20,20,20,5,65,0,0,57,0,57,20,20,77,5,122,88,0,88,210
03/02/2021,GJT,CO,ANM,WE,Federal Contract Tower,15,28,18,1,62,0,0,70,0,70,15,28,88,1,132,54,0,54,186
03/03/2021,GJT,CO,ANM,WE,Federal Contract Tower,14,22,19,2,57,0,0,77,0,77,14,22,96,2,134,130,0,130,264
03/04/2021,GJT,CO,ANM,WE,Federal Contract Tower,25,20,7,3,55,0,1,35,1,37,25,21,42,4,92,70,6,76,168
03/05/2021,GJT,CO,ANM,WE,Federal Contract Tower,16,26,19,9,70,0,0,76,2,78,16,26,95,11,148,56,0,56,204
03/06/2021,GJT,CO,ANM,WE,Federal Contract Tower,11,14,16,4,45,0,0,29,7,36,11,14,45,11,81,6,14,20,101
03/07/2021,GJT,CO,ANM,WE,Federal Contract Tower,9,19,8,0,36,0,0,51,4,55,9,19,59,4,91,34,6,40,131
03/08/2021,GJT,CO,ANM,WE,Federal Contract Tower,17,18,20,6,61,0,0,8,2,10,17,18,28,8,71,16,0,16,87
03/09/2021,GJT,CO,ANM,WE,Federal Contract Tower,13,21,12,2,48,0,0,22,0,22,13,21,34,2,70,12,0,12,82
03/10/2021,GJT,CO,ANM,WE,Federal Contract Tower,13,26,12,4,55,0,1,32,0,33,13,27,44,4,88,4,0,4,92
03/11/2021,GJT,CO,ANM,WE,Federal Contract Tower,12,32,16,0,60,0,0,17,0,17,12,32,33,0,77,4,0,4,81
03/12/2021,GJT,CO,ANM,WE,Federal Contract Tower,18,25,24,2,69,0,0,41,0,41,18,25,65,2,110,68,0,68,178
03/13/2021,GJT,CO,ANM,WE,Federal Contract Tower,22,31,16,0,69,0,0,3,0,3,22,31,19,0,72,10,0,10,82
03/14/2021,GJT,CO,ANM,WE,Federal Contract Tower,12,18,13,2,45,0,0,1,0,1,12,18,14,2,46,0,0,0,46
03/15/2021,GJT,CO,ANM,WE,Federal Contract Tower,19,22,22,1,64,0,1,62,1,64,19,23,84,2,128,88,0,88,216
03/16/2021,GJT,CO,ANM,WE,Federal Contract Tower,16,23,16,4,59,0,0,22,0,22,16,23,38,4,81,40,0,40,121
03/17/2021,GJT,CO,ANM,WE,Federal Contract Tower,13,23,23,0,59,0,1,76,0,77,13,24,99,0,136,90,0,90,226
03/18/2021,GJT,CO,ANM,WE,Federal Contract Tower,15,21,15,0,51,0,1,88,0,89,15,22,103,0,140,36,0,36,176
03/19/2021,GJT,CO,ANM,WE,Federal Contract Tower,23,23,16,9,71,0,0,91,0,91,23,23,107,9,162,44,0,44,206
03/20/2021,GJT,CO,ANM,WE,Federal Contract Tower,19,17,12,2,50,0,13,18,0,31,19,30,30,2,81,20,0,20,101
03/21/2021,GJT,CO,ANM,WE,Federal Contract Tower,13,22,13,4,52,0,0,20,1,21,13,22,33,5,73,24,12,36,109
03/22/2021,GJT,CO,ANM,WE,Federal Contract Tower,17,17,13,2,49,0,0,32,0,32,17,17,45,2,81,48,0,48,129
03/23/2021,GJT,CO,ANM,WE,Federal Contract Tower,13,29,18,0,60,0,0,18,0,18,13,29,36,0,78,30,0,30,108
03/24/2021,GJT,CO,ANM,WE,Federal Contract Tower,16,25,12,16,69,0,3,75,0,78,16,28,87,16,147,82,6,88,235
03/25/2021,GJT,CO,ANM,WE,Federal Contract Tower,16,22,18,0,56,0,0,23,0,23,16,22,41,0,79,30,0,30,109
03/26/2021,GJT,CO,ANM,WE,Federal Contract Tower,25,25,19,1,70,0,0,11,0,11,25,25,30,1,81,44,0,44,125
03/27/2021,GJT,CO,ANM,WE,Federal Contract Tower,14,21,7,3,45,0,11,81,0,92,14,32,88,3,137,68,0,68,205
03/28/2021,GJT,CO,ANM,WE,Federal Contract Tower,14,13,12,5,44,0,1,47,1,49,14,14,59,6,93,22,0,22,115
03/29/2021,GJT,CO,ANM,WE,Federal Contract Tower,24,16,22,2,64,0,1,29,0,30,24,17,51,2,94,48,0,48,142
03/30/2021,GJT,CO,ANM,WE,Federal Contract Tower,14,22,7,4,47,0,1,58,0,59,14,23,65,4,106,50,22,72,178
03/31/2021,GJT,CO,ANM,WE,Federal Contract Tower,15,20,11,5,51,0,2,102,2,106,15,22,113,7,157,138,2,140,297
04/01/2021,GJT,CO,ANM,WE,Federal Contract Tower,15,20,10,0,45,0,7,91,0,98,15,27,101,0,143,84,0,84,227
04/02/2021,GJT,CO,ANM,WE,Federal Contract Tower,21,21,5,2,49,0,0,70,0,70,21,21,75,2,119,116,0,116,235
04/03/2021,GJT,CO,ANM,WE,Federal Contract Tower,16,19,8,0,43,0,0,43,0,43,16,19,51,0,86,2,0,2,88
04/04/2021,GJT,CO,ANM,WE,Federal Contract Tower,12,13,1,0,26,0,1,43,0,44,12,14,44,0,70,68,0,68,138
04/05/2021,GJT,CO,ANM,WE,Federal Contract Tower,18,19,23,0,60,0,2,36,0,38,18,21,59,0,98,32,0,32,130
04/06/2021,GJT,CO,ANM,WE,Federal Contract Tower,17,14,8,0,39,0,2,11,0,13,17,16,19,0,52,0,0,0,52
04/07/2021,GJT,CO,ANM,WE,Federal Contract Tower,15,18,6,0,39,0,1,76,1,78,15,19,82,1,117,104,0,104,221
04/08/2021,GJT,CO,ANM,WE,Federal Contract Tower,15,22,7,4,48,0,0,55,0,55,15,22,62,4,103,32,0,32,135
04/09/2021,GJT,CO,ANM,WE,Federal Contract Tower,21,24,8,8,61,0,3,60,0,63,21,27,68,8,124,88,0,88,212
04/10/2021,GJT,CO,ANM,WE,Federal Contract Tower,14,14,11,0,39,0,0,45,0,45,14,14,56,0,84,12,0,12,96
04/11/2021,GJT,CO,ANM,WE,Federal Contract Tower,13,13,9,2,37,0,3,34,0,37,13,16,43,2,74,24,0,24,98
04/12/2021,GJT,CO,ANM,WE,Federal Contract Tower,22,17,7,0,46,0,1,36,0,37,22,18,43,0,83,46,0,46,129
04/13/2021,GJT,CO,ANM,WE,Federal Contract Tower,15,19,9,4,47,0,0,46,1,47,15,19,55,5,94,58,2,60,154
04/14/2021,GJT,CO,ANM,WE,Federal Contract Tower,19,21,10,0,50,0,2,21,3,26,19,23,31,3,76,20,0,20,96
04/15/2021,GJT,CO,ANM,WE,Federal Contract Tower,18,27,19,6,70,0,0,10,0,10,18,27,29,6,80,14,0,14,94
04/16/2021,GJT,CO,ANM,WE,Federal Contract Tower,21,27,18,3,69,0,0,51,1,52,21,27,69,4,121,74,18,92,213
04/17/2021,GJT,CO,ANM,WE,Federal Contract Tower,14,10,11,0,35,0,0,38,0,38,14,10,49,0,73,48,0,48,121
04/18/2021,GJT,CO,ANM,WE,Federal Contract Tower,13,15,8,2,38,0,1,35,1,37,13,16,43,3,75,18,10,28,103
04/19/2021,GJT,CO,ANM,WE,Federal Contract Tower,23,15,8,0,46,0,0,21,0,21,23,15,29,0,67,20,0,20,87
04/20/2021,GJT,CO,ANM,WE,Federal Contract Tower,19,19,14,3,55,0,1,35,1,37,19,20,49,4,92,48,0,48,140
04/21/2021,GJT,CO,ANM,WE,Federal Contract Tower,17,18,21,7,63,0,8,67,0,75,17,26,88,7,138,66,0,66,204
04/22/2021,GJT,CO,ANM,WE,Federal Contract Tower,20,18,12,0,50,0,3,41,0,44,20,21,53,0,94,22,0,22,116
04/23/2021,GJT,CO,ANM,WE,Federal Contract Tower,18,24,15,1,58,0,1,54,1,56,18,25,69,2,114,40,30,70,184
04/24/2021,GJT,CO,ANM,WE,Federal Contract Tower,22,14,10,2,48,0,3,50,2,55,22,17,60,4,103,20,0,20,123
04/25/2021,GJT,CO,ANM,WE,Federal Contract Tower,13,13,23,2,51,0,2,8,0,10,13,15,31,2,61,0,0,0,61
04/26/2021,GJT,CO,ANM,WE,Federal Contract Tower,20,22,10,0,52,0,0,8,0,8,20,22,18,0,60,0,0,0,60
04/27/2021,GJT,CO,ANM,WE,Federal Contract Tower,15,26,6,1,48,0,1,13,0,14,15,27,19,1,62,26,0,26,88
04/28/2021,GJT,CO,ANM,WE,Federal Contract Tower,15,21,10,3,49,0,7,62,2,71,15,28,72,5,120,40,0,40,160
04/29/2021,GJT,CO,ANM,WE,Federal Contract Tower,18,21,14,1,54,0,12,97,0,109,18,33,111,1,163,88,0,88,251
04/30/2021,GJT,CO,ANM,WE,Federal Contract Tower,19,21,16,8,64,0,4,79,2,85,19,25,95,10,149,74,0,74,223
05/01/2021,GJT,CO,ANM,WE,Federal Contract Tower,15,12,8,0,35,0,0,52,0,52,15,12,60,0,87,46,0,46,133
05/02/2021,GJT,CO,ANM,WE,Federal Contract Tower,18,12,11,3,44,0,0,18,0,18,18,12,29,3,62,0,0,0,62
05/03/2021,GJT,CO,ANM,WE,Federal Contract Tower,17,23,21,0,61,0,0,10,0,10,17,23,31,0,71,12,0,12,83
05/04/2021,GJT,CO,ANM,WE,Federal Contract Tower,15,18,21,5,59,0,0,72,4,76,15,18,93,9,135,38,4,42,177
05/05/2021,GJT,CO,ANM,WE,Federal Contract Tower,15,23,21,4,63,0,9,86,2,97,15,32,107,6,160,106,0,106,266
05/06/2021,GJT,CO,ANM,WE,Federal Contract Tower,14,16,7,4,41,0,8,99,4,111,14,24,106,8,152,90,14,104,256
05/07/2021,GJT,CO,ANM,WE,Federal Contract Tower,18,20,13,2,53,0,3,56,0,59,18,23,69,2,112,42,0,42,154
05/08/2021,GJT,CO,ANM,WE,Federal Contract Tower,12,11,8,4,35,0,2,38,4,44,12,13,46,8,79,44,12,56,135
05/09/2021,GJT,CO,ANM,WE,Federal Contract Tower,16,14,16,2,48,0,1,26,0,27,16,15,42,2,75,10,0,10,85
05/10/2021,GJT,CO,ANM,WE,Federal Contract Tower,18,19,22,2,61,0,0,14,0,14,18,19,36,2,75,18,0,18,93
05/11/2021,GJT,CO,ANM,WE,Federal Contract Tower,15,15,18,5,53,0,0,50,9,59,15,15,68,14,112,62,8,70,182
05/12/2021,GJT,CO,ANM,WE,Federal Contract Tower,15,19,20,12,66,0,64,1,0,65,15,83,21,12,131,86,0,86,217
05/13/2021,GJT,CO,ANM,WE,Federal Contract Tower,15,16,17,3,51,0,0,55,0,55,15,16,72,3,106,54,0,54,160
05/14/2021,GJT,CO,ANM,WE,Federal Contract Tower,20,22,14,4,60,0,0,67,0,67,20,22,81,4,127,84,0,84,211
05/15/2021,GJT,CO,ANM,WE,Federal Contract Tower,15,9,8,7,39,0,0,26,0,26,15,9,34,7,65,18,0,18,83
05/16/2021,GJT,CO,ANM,WE,Federal Contract Tower,14,13,14,0,41,0,3,36,0,39,14,16,50,0,80,32,0,32,112
05/17/2021,GJT,CO,ANM,WE,Federal Contract Tower,22,12,16,3,53,0,0,27,0,27,22,12,43,3,80,26,0,26,106
05/18/2021,GJT,CO,ANM,WE,Federal Contract Tower,14,20,17,2,53,0,0,39,0,39,14,20,56,2,92,14,0,14,106
05/19/2021,GJT,CO,ANM,WE,Federal Contract Tower,19,20,13,4,56,0,1,65,7,73,19,21,78,11,129,80,10,90,219
05/20/2021,GJT,CO,ANM,WE,Federal Contract Tower,14,21,17,6,58,0,3,31,3,37,14,24,48,9,95,10,2,12,107
05/21/2021,GJT,CO,ANM,WE,Federal Contract Tower,20,30,29,2,81,0,7,2,2,11,20,37,31,4,92,0,0,0,92
05/22/2021,GJT,CO,ANM,WE,Federal Contract Tower,29,20,18,0,67,0,7,29,0,36,29,27,47,0,103,20,0,20,123
05/23/2021,GJT,CO,ANM,WE,Federal Contract Tower,23,15,14,4,56,0,0,43,0,43,23,15,57,4,99,52,0,52,151
05/24/2021,GJT,CO,ANM,WE,Federal Contract Tower,23,15,13,7,58,0,0,38,0,38,23,15,51,7,96,52,32,84,180
05/25/2021,GJT,CO,ANM,WE,Federal Contract Tower,13,21,27,0,61,0,0,50,2,52,13,21,77,2,113,30,18,48,161
05/26/2021,GJT,CO,ANM,WE,Federal Contract Tower,15,24,22,4,65,0,7,63,2,72,15,31,85,6,137,26,0,26,163
05/27/2021,GJT,CO,ANM,WE,Federal Contract Tower,13,29,11,9,62,0,0,98,1,99,13,29,109,10,161,86,0,86,247
05/28/2021,GJT,CO,ANM,WE,Federal Contract Tower,18,16,15,1,50,0,0,77,0,77,18,16,92,1,127,50,0,50,177
05/29/2021,GJT,CO,ANM,WE,Federal Contract Tower,15,8,6,0,29,0,0,32,0,32,15,8,38,0,61,0,0,0,61
05/30/2021,GJT,CO,ANM,WE,Federal Contract Tower,19,14,7,0,40,0,4,11,0,15,19,18,18,0,55,18,0,18,73
05/31/2021,GJT,CO,ANM,WE,Federal Contract Tower,19,12,7,0,38,0,6,57,0,63,19,18,64,0,101,38,0,38,139
06/01/2021,GJT,CO,ANM,WE,Federal Contract Tower,14,17,18,6,55,0,2,43,2,47,14,19,61,8,102,16,8,24,126
06/02/2021,GJT,CO,ANM,WE,Federal Contract Tower,20,15,14,2,51,0,4,82,2,88,20,19,96,4,139,82,4,86,225
06/03/2021,GJT,CO,ANM,WE,Federal Contract Tower,17,20,18,5,60,0,2,71,3,76,17,22,89,8,136,50,12,62,198
06/04/2021,GJT,CO,ANM,WE,Federal Contract Tower,28,23,16,6,73,0,3,57,0,60,28,26,73,6,133,40,0,40,173
06/05/2021,GJT,CO,ANM,WE,Federal Contract Tower,17,15,6,2,40,0,5,89,3,97,17,20,95,5,137,30,10,40,177
06/06/2021,GJT,CO,ANM,WE,Federal Contract Tower,19,16,14,8,57,0,4,61,0,65,19,20,75,8,122,6,12,18,140
06/07/2021,GJT,CO,ANM,WE,Federal Contract Tower,31,23,20,6,80,0,0,39,0,39,31,23,59,6,119,30,0,30,149
06/08/2021,GJT,CO,ANM,WE,Federal Contract Tower,18,23,31,2,74,0,0,53,0,53,18,23,84,2,127,4,0,4,131
06/09/2021,GJT,CO,ANM,WE,Federal Contract Tower,21,25,12,0,58,0,6,139,0,145,21,31,151,0,203,38,0,38,241
06/10/2021,GJT,CO,ANM,WE,Federal Contract Tower,18,23,18,0,59,0,7,60,0,67,18,30,78,0,126,10,0,10,136
06/11/2021,GJT,CO,ANM,WE,Federal Contract Tower,20,23,13,16,72,0,6,88,0,94,20,29,101,16,166,58,0,58,224
06/12/2021,GJT,CO,ANM,WE,Federal Contract Tower,16,27,11,2,56,0,5,55,5,65,16,32,66,7,121,54,0,54,175
06/13/2021,GJT,CO,ANM,WE,Federal Contract Tower,17,20,15,9,61,0,4,59,0,63,17,24,74,9,124,26,0,26,150
06/14/2021,GJT,CO,ANM,WE,Federal Contract Tower,20,22,10,2,54,0,6,40,0,46,20,28,50,2,100,54,0,54,154
06/15/2021,GJT,CO,ANM,WE,Federal Contract Tower,20,22,24,1,67,0,1,66,1,68,20,23,90,2,135,36,0,36,171
06/16/2021,GJT,CO,ANM,WE,Federal Contract Tower,19,23,20,0,62,0,1,55,1,57,19,24,75,1,119,10,0,10,129
06/17/2021,GJT,CO,ANM,WE,Federal Contract Tower,21,29,17,2,69,0,0,48,0,48,21,29,65,2,117,48,0,48,165
06/18/2021,GJT,CO,ANM,WE,Federal Contract Tower,27,18,22,2,69,0,0,92,0,92,27,18,114,2,161,34,0,34,195
06/19/2021,GJT,CO,ANM,WE,Federal Contract Tower,24,15,14,0,53,0,2,73,0,75,24,17,87,0,128,2,0,2,130
06/20/2021,GJT,CO,ANM,WE,Federal Contract Tower,17,24,20,4,65,0,3,100,4,107,17,27,120,8,172,12,14,26,198
06/21/2021,GJT,CO,ANM,WE,Federal Contract Tower,24,22,18,5,69,0,2,103,0,105,24,24,121,5,174,30,0,30,204
06/22/2021,GJT,CO,ANM,WE,Federal Contract Tower,18,22,25,3,68,0,1,114,0,115,18,23,139,3,183,40,4,44,227
06/23/2021,GJT,CO,ANM,WE,Federal Contract Tower,20,26,17,2,65,0,4,100,1,105,20,30,117,3,170,10,18,28,198
06/24/2021,GJT,CO,ANM,WE,Federal Contract Tower,23,28,12,0,63,0,7,52,0,59,23,35,64,0,122,24,0,24,146
06/25/2021,GJT,CO,ANM,WE,Federal Contract Tower,25,28,12,2,67,0,3,50,0,53,25,31,62,2,120,8,0,8,128
06/26/2021,GJT,CO,ANM,WE,Federal Contract Tower,21,12,5,2,40,0,0,39,0,39,21,12,44,2,79,12,0,12,91
06/27/2021,GJT,CO,ANM,WE,Federal Contract Tower,20,14,20,2,56,0,5,60,0,65,20,19,80,2,121,18,0,18,139
06/28/2021,GJT,CO,ANM,WE,Federal Contract Tower,22,25,22,6,75,0,0,36,3,39,22,25,58,9,114,24,62,86,200
06/29/2021,GJT,CO,ANM,WE,Federal Contract Tower,18,29,18,6,71,0,1,33,2,36,18,30,51,8,107,12,0,12,119
06/30/2021,GJT,CO,ANM,WE,Federal Contract Tower,20,20,13,3,56,0,7,44,0,51,20,27,57,3,107,54,0,54,161
07/01/2021,GJT,CO,ANM,WE,Federal Contract Tower,21,29,19,6,75,0,4,68,0,72,21,33,87,6,147,40,0,40,187
07/02/2021,GJT,CO,ANM,WE,Federal Contract Tower,17,29,19,0,65,0,2,81,0,83,17,31,100,0,148,54,0,54,202
07/03/2021,GJT,CO,ANM,WE,Federal Contract Tower,21,20,10,0,51,0,2,54,0,56,21,22,64,0,107,8,0,8,115
07/04/2021,GJT,CO,ANM,WE,Federal Contract Tower,17,20,8,0,45,0,0,38,0,38,17,20,46,0,83,0,0,0,83
07/05/2021,GJT,CO,ANM,WE,Federal Contract Tower,16,20,16,2,54,0,0,40,3,43,16,20,56,5,97,2,4,6,103
07/06/2021,GJT,CO,ANM,WE,Federal Contract Tower,16,20,21,10,67,0,0,37,0,37,16,20,58,10,104,14,0,14,118
07/07/2021,GJT,CO,ANM,WE,Federal Contract Tower,17,21,18,3,59,0,0,62,0,62,17,21,80,3,121,24,0,24,145
07/08/2021,GJT,CO,ANM,WE,Federal Contract Tower,16,20,11,7,54,0,0,73,0,73,16,20,84,7,127,60,0,60,187
07/09/2021,GJT,CO,ANM,WE,Federal Contract Tower,24,21,3,9,57,0,1,46,0,47,24,22,49,9,104,24,0,24,128
07/10/2021,GJT,CO,ANM,WE,Federal Contract Tower,22,19,3,3,47,0,0,55,4,59,22,19,58,7,106,16,8,24,130
07/11/2021,GJT,CO,ANM,WE,Federal Contract Tower,19,15,15,4,53,0,3,39,0,42,19,18,54,4,95,56,0,56,151
07/12/2021,GJT,CO,ANM,WE,Federal Contract Tower,20,15,8,11,54,0,4,32,0,36,20,19,40,11,90,56,0,56,146
07/13/2021,GJT,CO,ANM,WE,Federal Contract Tower,20,19,26,3,68,0,0,43,0,43,20,19,69,3,111,48,0,48,159
07/14/2021,GJT,CO,ANM,WE,Federal Contract Tower,17,24,20,3,64,0,0,40,1,41,17,24,60,4,105,44,16,60,165
07/15/2021,GJT,CO,ANM,WE,Federal Contract Tower,16,22,20,4,62,0,0,85,1,86,16,22,105,5,148,60,8,68,216
07/16/2021,GJT,CO,ANM,WE,Federal Contract Tower,19,27,18,5,69,0,0,75,0,75,19,27,93,5,144,46,34,80,224
07/17/2021,GJT,CO,ANM,WE,Federal Contract Tower,25,25,18,2,70,0,0,51,2,53,25,25,69,4,123,6,16,22,145
07/18/2021,GJT,CO,ANM,WE,Federal Contract Tower,16,20,7,3,46,0,2,34,0,36,16,22,41,3,82,26,0,26,108
07/19/2021,GJT,CO,ANM,WE,Federal Contract Tower,17,15,23,2,57,0,1,52,0,53,17,16,75,2,110,88,0,88,198
07/20/2021,GJT,CO,ANM,WE,Federal Contract Tower,17,17,17,2,53,0,1,57,0,58,17,18,74,2,111,20,0,20,131
07/21/2021,GJT,CO,ANM,WE,Federal Contract Tower,16,19,19,4,58,0,2,91,0,93,16,21,110,4,151,106,0,106,257
07/22/2021,GJT,CO,ANM,WE,Federal Contract Tower,16,26,14,8,64,0,2,64,1,67,16,28,78,9,131,42,0,42,173
07/23/2021,GJT,CO,ANM,WE,Federal Contract Tower,19,31,17,11,78,0,0,57,1,58,19,31,74,12,136,52,0,52,188
07/24/2021,GJT,CO,ANM,WE,Federal Contract Tower,17,23,13,4,57,0,5,53,0,58,17,28,66,4,115,30,0,30,145
07/25/2021,GJT,CO,ANM,WE,Federal Contract Tower,18,22,17,2,59,0,0,26,0,26,18,22,43,2,85,14,0,14,99
07/26/2021,GJT,CO,ANM,WE,Federal Contract Tower,22,21,10,0,53,0,1,70,0,71,22,22,80,0,124,42,0,42,166
07/27/2021,GJT,CO,ANM,WE,Federal Contract Tower,16,20,14,4,54,0,0,56,2,58,16,20,70,6,112,40,34,74,186
07/28/2021,GJT,CO,ANM,WE,Federal Contract Tower,17,32,16,4,69,0,3,57,0,60,17,35,73,4,129,50,0,50,179
07/29/2021,GJT,CO,ANM,WE,Federal Contract Tower,15,29,28,0,72,0,7,121,0,128,15,36,149,0,200,52,0,52,252
07/30/2021,GJT,CO,ANM,WE,Federal Contract Tower,18,28,19,0,65,0,0,85,0,85,18,28,104,0,150,20,0,20,170
07/31/2021,GJT,CO,ANM,WE,Federal Contract Tower,16,19,8,12,55,0,0,65,0,65,16,19,73,12,120,38,0,38,158
08/01/2021,GJT,CO,ANM,WE,Federal Contract Tower,22,16,17,0,55,0,1,32,0,33,22,17,49,0,88,6,0,6,94
08/02/2021,GJT,CO,ANM,WE,Federal Contract Tower,26,23,9,4,62,0,1,22,0,23,26,24,31,4,85,18,10,28,113
08/03/2021,GJT,CO,ANM,WE,Federal Contract Tower,22,29,11,0,62,0,0,33,0,33,22,29,44,0,95,62,0,62,157
08/04/2021,GJT,CO,ANM,WE,Federal Contract Tower,26,24,15,0,65,2,7,73,2,84,28,31,88,2,149,62,0,62,211
08/05/2021,GJT,CO,ANM,WE,Federal Contract Tower,23,25,19,3,70,0,3,75,0,78,23,28,94,3,148,54,0,54,202
08/06/2021,GJT,CO,ANM,WE,Federal Contract Tower,27,21,21,10,79,0,1,67,0,68,27,22,88,10,147,32,6,38,185
08/07/2021,GJT,CO,ANM,WE,Federal Contract Tower,18,23,18,7,66,0,1,30,1,32,18,24,48,8,98,16,0,16,114
08/08/2021,GJT,CO,ANM,WE,Federal Contract Tower,25,20,14,1,60,0,0,8,0,8,25,20,22,1,68,8,0,8,76
08/09/2021,GJT,CO,ANM,WE,Federal Contract Tower,25,22,16,3,66,0,4,56,3,63,25,26,72,6,129,50,0,50,179
08/10/2021,GJT,CO,ANM,WE,Federal Contract Tower,21,25,19,0,65,0,0,45,1,46,21,25,64,1,111,24,0,24,135
08/11/2021,GJT,CO,ANM,WE,Federal Contract Tower,24,14,8,2,48,0,5,69,0,74,24,19,77,2,122,58,0,58,180
08/12/2021,GJT,CO,ANM,WE,Federal Contract Tower,28,21,13,2,64,0,3,75,0,78,28,24,88,2,142,34,4,38,180
08/13/2021,GJT,CO,ANM,WE,Federal Contract Tower,20,27,19,11,77,0,3,78,2,83,20,30,97,13,160,76,38,114,274
08/14/2021,GJT,CO,ANM,WE,Federal Contract Tower,20,22,10,2,54,0,4,67,0,71,20,26,77,2,125,44,4,48,173
08/15/2021,GJT,CO,ANM,WE,Federal Contract Tower,24,15,15,1,55,0,0,34,0,34,24,15,49,1,89,28,0,28,117
08/16/2021,GJT,CO,ANM,WE,Federal Contract Tower,19,23,32,2,76,0,0,35,2,37,19,23,67,4,113,32,8,40,153
08/17/2021,GJT,CO,ANM,WE,Federal Contract Tower,13,25,29,4,71,0,0,49,1,50,13,25,78,5,121,30,4,34,155
08/18/2021,GJT,CO,ANM,WE,Federal Contract Tower,20,21,9,2,52,0,0,30,5,35,20,21,39,7,87,30,0,30,117
08/19/2021,GJT,CO,ANM,WE,Federal Contract Tower,23,25,13,2,63,0,0,4,0,4,23,25,17,2,67,10,0,10,77
08/20/2021,GJT,CO,ANM,WE,Federal Contract Tower,21,32,23,9,85,0,0,61,3,64,21,32,84,12,149,52,8,60,209
08/21/2021,GJT,CO,ANM,WE,Federal Contract Tower,20,23,13,2,58,0,0,56,2,58,20,23,69,4,116,52,2,54,170
08/22/2021,GJT,CO,ANM,WE,Federal Contract Tower,18,20,19,0,57,0,2,52,0,54,18,22,71,0,111,40,0,40,151
08/23/2021,GJT,CO,ANM,WE,Federal Contract Tower,24,26,15,0,65,0,1,46,0,47,24,27,61,0,112,34,0,34,146
08/24/2021,GJT,CO,ANM,WE,Federal Contract Tower,19,23,19,0,61,0,1,70,0,71,19,24,89,0,132,56,0,56,188
08/25/2021,GJT,CO,ANM,WE,Federal Contract Tower,28,19,16,0,63,0,3,86,2,91,28,22,102,2,154,24,0,24,178
08/26/2021,GJT,CO,ANM,WE,Federal Contract Tower,19,23,22,1,65,0,2,29,0,31,19,25,51,1,96,8,0,8,104
08/27/2021,GJT,CO,ANM,WE,Federal Contract Tower,20,22,18,14,74,0,6,79,1,86,20,28,97,15,160,44,0,44,204
08/28/2021,GJT,CO,ANM,WE,Federal Contract Tower,16,16,9,3,44,0,3,70,5,78,16,19,79,8,122,16,4,20,142
08/29/2021,GJT,CO,ANM,WE,Federal Contract Tower,19,18,13,2,52,0,2,45,0,47,19,20,58,2,99,42,0,42,141
08/30/2021,GJT,CO,ANM,WE,Federal Contract Tower,22,18,11,3,54,0,0,45,0,45,22,18,56,3,99,8,0,8,107
08/31/2021,GJT,CO,ANM,WE,Federal Contract Tower,17,25,12,7,61,0,1,70,4,75,17,26,82,11,136,78,12,90,226
09/01/2021,GJT,CO,ANM,WE,Federal Contract Tower,25,19,25,2,71,0,0,9,0,9,25,19,34,2,80,8,0,8,88
09/02/2021,GJT,CO,ANM,WE,Federal Contract Tower,23,30,21,9,83,0,0,43,1,44,23,30,64,10,127,66,4,70,197
09/03/2021,GJT,CO,ANM,WE,Federal Contract Tower,34,23,17,0,74,0,0,68,0,68,34,23,85,0,142,54,0,54,196
09/04/2021,GJT,CO,ANM,WE,Federal Contract Tower,16,18,5,0,39,0,0,60,0,60,16,18,65,0,99,34,0,34,133
09/05/2021,GJT,CO,ANM,WE,Federal Contract Tower,22,17,8,0,47,0,0,36,0,36,22,17,44,0,83,66,0,66,149
09/06/2021,GJT,CO,ANM,WE,Federal Contract Tower,20,23,18,0,61,0,2,58,0,60,20,25,76,0,121,36,0,36,157
09/07/2021,GJT,CO,ANM,WE,Federal Contract Tower,21,14,17,2,54,0,1,57,0,58,21,15,74,2,112,112,0,112,224
09/08/2021,GJT,CO,ANM,WE,Federal Contract Tower,19,17,19,0,55,0,1,69,2,72,19,18,88,2,127,102,0,102,229
09/09/2021,GJT,CO,ANM,WE,Federal Contract Tower,21,27,13,4,65,0,1,80,0,81,21,28,93,4,146,96,0,96,242
09/10/2021,GJT,CO,ANM,WE,Federal Contract Tower,24,25,23,1,73,0,0,79,3,82,24,25,102,4,155,108,8,116,271
09/11/2021,GJT,CO,ANM,WE,Federal Contract Tower,19,14,11,0,44,0,1,51,0,52,19,15,62,0,96,40,0,40,136
09/12/2021,GJT,CO,ANM,WE,Federal Contract Tower,20,22,6,0,48,0,0,55,0,55,20,22,61,0,103,86,0,86,189
09/13/2021,GJT,CO,ANM,WE,Federal Contract Tower,22,17,16,1,56,0,0,36,0,36,22,17,52,1,92,30,0,30,122
09/14/2021,GJT,CO,ANM,WE,Federal Contract Tower,18,24,17,6,65,0,1,68,0,69,18,25,85,6,134,72,0,72,206
09/15/2021,GJT,CO,ANM,WE,Federal Contract Tower,18,21,15,4,58,0,7,103,0,110,18,28,118,4,168,42,0,42,210
09/16/2021,GJT,CO,ANM,WE,Federal Contract Tower,22,34,18,0,74,0,0,69,0,69,22,34,87,0,143,34,0,34,177
09/17/2021,GJT,CO,ANM,WE,Federal Contract Tower,27,36,22,22,107,0,3,92,5,100,27,39,114,27,207,100,4,104,311
09/18/2021,GJT,CO,ANM,WE,Federal Contract Tower,17,16,17,2,52,0,1,44,0,45,17,17,61,2,97,12,0,12,109
09/19/2021,GJT,CO,ANM,WE,Federal Contract Tower,20,18,16,3,57,0,0,19,0,19,20,18,35,3,76,20,0,20,96
09/20/2021,GJT,CO,ANM,WE,Federal Contract Tower,22,21,21,1,65,0,2,53,2,57,22,23,74,3,122,62,0,62,184
09/21/2021,GJT,CO,ANM,WE,Federal Contract Tower,18,24,18,0,60,0,1,68,2,71,18,25,86,2,131,104,24,128,259
09/22/2021,GJT,CO,ANM,WE,Federal Contract Tower,15,28,8,2,53,0,0,78,2,80,15,28,86,4,133,20,22,42,175
09/23/2021,GJT,CO,ANM,WE,Federal Contract Tower,23,25,24,4,76,0,0,69,2,71,23,25,93,6,147,76,6,82,229
09/24/2021,GJT,CO,ANM,WE,Federal Contract Tower,25,22,20,0,67,0,1,71,0,72,25,23,91,0,139,46,0,46,185
09/25/2021,GJT,CO,ANM,WE,Federal Contract Tower,18,18,14,0,50,0,0,52,0,52,18,18,66,0,102,52,0,52,154
09/26/2021,GJT,CO,ANM,WE,Federal Contract Tower,19,21,9,16,65,0,2,49,0,51,19,23,58,16,116,32,0,32,148
09/27/2021,GJT,CO,ANM,WE,Federal Contract Tower,29,23,21,2,75,0,2,59,0,61,29,25,80,2,136,56,0,56,192
09/28/2021,GJT,CO,ANM,WE,Federal Contract Tower,18,25,21,1,65,0,0,44,0,44,18,25,65,1,109,8,0,8,117
09/29/2021,GJT,CO,ANM,WE,Federal Contract Tower,28,25,22,0,75,0,0,7,0,7,28,25,29,0,82,24,0,24,106
09/30/2021,GJT,CO,ANM,WE,Federal Contract Tower,22,23,19,2,66,0,1,37,0,38,22,24,56,2,104,60,0,60,164
10/01/2021,GJT,CO,ANM,WE,Federal Contract Tower,23,30,20,3,76,0,1,69,0,70,23,31,89,3,146,68,0,68,214
10/02/2021,GJT,CO,ANM,WE,Federal Contract Tower,19,18,16,0,53,0,3,32,0,35,19,21,48,0,88,18,0,18,106
10/03/2021,GJT,CO,ANM,WE,Federal Contract Tower,20,11,8,3,42,0,2,28,0,30,20,13,36,3,72,20,0,20,92
10/04/2021,GJT,CO,ANM,WE,Federal Contract Tower,21,19,18,6,64,0,1,46,0,47,21,20,64,6,111,54,2,56,167
10/05/2021,GJT,CO,ANM,WE,Federal Contract Tower,17,23,8,2,50,0,1,62,1,64,17,24,70,3,114,70,12,82,196
10/06/2021,GJT,CO,ANM,WE,Federal Contract Tower,19,24,18,3,64,0,1,40,0,41,19,25,58,3,105,72,0,72,177
10/07/2021,GJT,CO,ANM,WE,Federal Contract Tower,23,21,19,6,69,0,4,95,5,104,23,25,114,11,173,146,0,146,319
10/08/2021,GJT,CO,ANM,WE,Federal Contract Tower,21,17,23,2,63,0,0,37,0,37,21,17,60,2,100,4,0,4,104
10/09/2021,GJT,CO,ANM,WE,Federal Contract Tower,18,13,13,0,44,0,0,36,0,36,18,13,49,0,80,30,0,30,110
10/10/2021,GJT,CO,ANM,WE,Federal Contract Tower,15,18,11,0,44,0,0,42,0,42,15,18,53,0,86,50,0,50,136
10/11/2021,GJT,CO,ANM,WE,Federal Contract Tower,22,18,16,4,60,0,0,24,1,25,22,18,40,5,85,30,0,30,115
10/12/2021,GJT,CO,ANM,WE,Federal Contract Tower,21,18,17,4,60,0,0,6,0,6,21,18,23,4,66,22,0,22,88
10/13/2021,GJT,CO,ANM,WE,Federal Contract Tower,15,25,16,3,59,0,2,31,0,33,15,27,47,3,92,34,0,34,126
10/14/2021,GJT,CO,ANM,WE,Federal Contract Tower,25,25,19,4,73,0,0,9,0,9,25,25,28,4,82,0,0,0,82
10/15/2021,GJT,CO,ANM,WE,Federal Contract Tower,23,16,20,15,74,0,2,38,2,42,23,18,58,17,116,36,2,38,154
10/16/2021,GJT,CO,ANM,WE,Federal Contract Tower,18,12,13,4,47,0,4,54,1,59,18,16,67,5,106,60,0,60,166
10/17/2021,GJT,CO,ANM,WE,Federal Contract Tower,20,17,21,5,63,0,1,64,2,67,20,18,85,7,130,38,0,38,168
10/18/2021,GJT,CO,ANM,WE,Federal Contract Tower,18,18,14,2,52,0,0,33,0,33,18,18,47,2,85,28,0,28,113
10/19/2021,GJT,CO,ANM,WE,Federal Contract Tower,18,21,9,0,48,0,1,45,0,46,18,22,54,0,94,72,0,72,166
10/20/2021,GJT,CO,ANM,WE,Federal Contract Tower,17,23,19,4,63,0,3,82,0,85,17,26,101,4,148,36,0,36,184
10/21/2021,GJT,CO,ANM,WE,Federal Contract Tower,16,20,13,6,55,0,1,74,0,75,16,21,87,6,130,142,0,142,272
10/22/2021,GJT,CO,ANM,WE,Federal Contract Tower,23,20,14,11,68,0,1,73,0,74,23,21,87,11,142,96,0,96,238
10/23/2021,GJT,CO,ANM,WE,Federal Contract Tower,14,17,10,4,45,0,0,44,0,44,14,17,54,4,89,80,4,84,173
10/24/2021,GJT,CO,ANM,WE,Federal Contract Tower,17,13,12,4,46,0,0,39,0,39,17,13,51,4,85,36,0,36,121
10/25/2021,GJT,CO,ANM,WE,Federal Contract Tower,26,20,13,0,59,0,0,38,0,38,26,20,51,0,97,4,0,4,101
10/26/2021,GJT,CO,ANM,WE,Federal Contract Tower,15,20,1,0,36,0,0,0,0,0,15,20,1,0,36,0,0,0,36
10/27/2021,GJT,CO,ANM,WE,Federal Contract Tower,19,21,19,1,60,0,0,92,0,92,19,21,111,1,152,150,0,150,302
10/28/2021,GJT,CO,ANM,WE,Federal Contract Tower,23,17,14,5,59,0,5,68,0,73,23,22,82,5,132,68,0,68,200
10/29/2021,GJT,CO,ANM,WE,Federal Contract Tower,24,18,20,0,62,0,0,90,1,91,24,18,110,1,153,114,16,130,283
10/30/2021,GJT,CO,ANM,WE,Federal Contract Tower,14,16,12,3,45,0,0,66,0,66,14,16,78,3,111,116,0,116,227
10/31/2021,GJT,CO,ANM,WE,Federal Contract Tower,16,13,19,2,50,0,2,45,0,47,16,15,64,2,97,62,0,62,159
11/01/2021,GJT,CO,ANM,WE,Federal Contract Tower,18,27,16,0,61,0,2,46,0,48,18,29,62,0,109,38,0,38,147
11/02/2021,GJT,CO,ANM,WE,Federal Contract Tower,18,22,10,0,50,0,0,21,0,21,18,22,31,0,71,46,0,46,117
11/03/2021,GJT,CO,ANM,WE,Federal Contract Tower,14,21,15,5,55,0,1,38,0,39,14,22,53,5,94,26,0,26,120
11/04/2021,GJT,CO,ANM,WE,Federal Contract Tower,16,22,14,8,60,0,0,57,0,57,16,22,71,8,117,76,0,76,193
11/05/2021,GJT,CO,ANM,WE,Federal Contract Tower,20,19,17,14,70,0,0,49,0,49,20,19,66,14,119,36,0,36,155
11/06/2021,GJT,CO,ANM,WE,Federal Contract Tower,9,15,14,2,40,0,0,56,0,56,9,15,70,2,96,14,0,14,110
11/07/2021,GJT,CO,ANM,WE,Federal Contract Tower,18,14,13,3,48,0,0,49,0,49,18,14,62,3,97,20,0,20,117
11/08/2021,GJT,CO,ANM,WE,Federal Contract Tower,21,19,19,1,60,0,1,51,1,53,21,20,70,2,113,68,0,68,181
11/09/2021,GJT,CO,ANM,WE,Federal Contract Tower,14,17,18,2,51,0,1,27,0,28,14,18,45,2,79,60,0,60,139
11/10/2021,GJT,CO,ANM,WE,Federal Contract Tower,15,21,10,4,50,0,0,25,0,25,15,21,35,4,75,14,0,14,89
11/11/2021,GJT,CO,ANM,WE,Federal Contract Tower,15,21,26,0,62,0,3,67,0,70,15,24,93,0,132,64,0,64,196
11/12/2021,GJT,CO,ANM,WE,Federal Contract Tower,18,24,18,1,61,0,2,54,0,56,18,26,72,1,117,54,0,54,171
11/13/2021,GJT,CO,ANM,WE,Federal Contract Tower,12,20,12,1,45,0,0,41,1,42,12,20,53,2,87,4,6,10,97
11/14/2021,GJT,CO,ANM,WE,Federal Contract Tower,15,13,10,1,39,0,4,31,0,35,15,17,41,1,74,32,0,32,106
11/15/2021,GJT,CO,ANM,WE,Federal Contract Tower,20,17,14,2,53,0,2,61,0,63,20,19,75,2,116,122,0,122,238
11/16/2021,GJT,CO,ANM,WE,Federal Contract Tower,13,27,24,3,67,0,2,59,1,62,13,29,83,4,129,90,2,92,221
11/17/2021,GJT,CO,ANM,WE,Federal Contract Tower,12,26,18,5,61,0,1,70,1,72,12,27,88,6,133,130,0,130,263
11/18/2021,GJT,CO,ANM,WE,Federal Contract Tower,18,27,19,5,69,0,0,64,0,64,18,27,83,5,133,100,0,100,233
11/19/2021,GJT,CO,ANM,WE,Federal Contract Tower,14,27,28,18,87,0,1,58,0,59,14,28,86,18,146,96,0,96,242
11/20/2021,GJT,CO,ANM,WE,Federal Contract Tower,13,16,11,12,52,0,0,36,2,38,13,16,47,14,90,34,0,34,124
11/21/2021,GJT,CO,ANM,WE,Federal Contract Tower,16,14,4,4,38,0,2,57,0,59,16,16,61,4,97,50,0,50,147
11/22/2021,GJT,CO,ANM,WE,Federal Contract Tower,16,14,9,3,42,0,1,63,0,64,16,15,72,3,106,76,0,76,182
11/23/2021,GJT,CO,ANM,WE,Federal Contract Tower,18,20,17,7,62,0,0,91,0,91,18,20,108,7,153,154,0,154,307
11/24/2021,GJT,CO,ANM,WE,Federal Contract Tower,16,30,18,2,66,0,0,47,0,47,16,30,65,2,113,36,6,42,155
11/25/2021,GJT,CO,ANM,WE,Federal Contract Tower,9,11,4,0,24,0,6,15,0,21,9,17,19,0,45,18,0,18,63
11/26/2021,GJT,CO,ANM,WE,Federal Contract Tower,12,17,4,0,33,0,1,22,0,23,12,18,26,0,56,26,0,26,82
11/27/2021,GJT,CO,ANM,WE,Federal Contract Tower,19,15,8,0,42,0,5,47,0,52,19,20,55,0,94,48,0,48,142
11/28/2021,GJT,CO,ANM,WE,Federal Contract Tower,15,19,15,0,49,0,5,50,0,55,15,24,65,0,104,10,0,10,114
11/29/2021,GJT,CO,ANM,WE,Federal Contract Tower,16,24,15,2,57,0,1,46,3,50,16,25,61,5,107,104,2,106,213
11/30/2021,GJT,CO,ANM,WE,Federal Contract Tower,15,28,16,4,63,0,4,46,0,50,15,32,62,4,113,62,0,62,175
12/01/2021,GJT,CO,ANM,WE,Federal Contract Tower,15,23,12,2,52,0,2,53,0,55,15,25,65,2,107,56,0,56,163
12/02/2021,GJT,CO,ANM,WE,Federal Contract Tower,18,27,9,5,59,0,1,57,0,58,18,28,66,5,117,92,0,92,209
12/03/2021,GJT,CO,ANM,WE,Federal Contract Tower,13,29,19,8,69,0,1,66,0,67,13,30,85,8,136,66,0,66,202
12/04/2021,GJT,CO,ANM,WE,Federal Contract Tower,11,18,10,13,52,0,1,60,9,70,11,19,70,22,122,46,16,62,184
12/05/2021,GJT,CO,ANM,WE,Federal Contract Tower,13,13,13,0,39,0,3,39,0,42,13,16,52,0,81,12,0,12,93
12/06/2021,GJT,CO,ANM,WE,Federal Contract Tower,14,21,17,4,56,0,4,37,2,43,14,25,54,6,99,70,0,70,169
12/07/2021,GJT,CO,ANM,WE,Federal Contract Tower,17,21,12,0,50,0,1,16,0,17,17,22,28,0,67,54,0,54,121
12/08/2021,GJT,CO,ANM,WE,Federal Contract Tower,14,20,15,3,52,0,0,7,1,8,14,20,22,4,60,16,16,32,92
12/09/2021,GJT,CO,ANM,WE,Federal Contract Tower,21,34,15,0,70,0,0,2,0,2,21,34,17,0,72,0,0,0,72
12/10/2021,GJT,CO,ANM,WE,Federal Contract Tower,18,24,18,0,60,0,2,9,0,11,18,26,27,0,71,0,0,0,71
12/11/2021,GJT,CO,ANM,WE,Federal Contract Tower,11,18,16,0,45,0,5,89,3,97,11,23,105,3,142,24,0,24,166
12/12/2021,GJT,CO,ANM,WE,Federal Contract Tower,16,20,11,0,47,0,0,53,0,53,16,20,64,0,100,54,0,54,154
12/13/2021,GJT,CO,ANM,WE,Federal Contract Tower,11,20,33,1,65,0,3,44,0,47,11,23,77,1,112,64,0,64,176
12/14/2021,GJT,CO,ANM,WE,Federal Contract Tower,16,19,12,2,49,0,0,20,0,20,16,19,32,2,69,8,0,8,77
12/16/2021,GJT,CO,ANM,WE,Federal Contract Tower,24,24,11,7,66,0,0,57,0,57,24,24,68,7,123,44,0,44,167
12/17/2021,GJT,CO,ANM,WE,Federal Contract Tower,17,33,18,4,72,0,4,60,0,64,17,37,78,4,136,28,0,28,164
12/18/2021,GJT,CO,ANM,WE,Federal Contract Tower,13,17,12,4,46,0,5,50,4,59,13,22,62,8,105,50,8,58,163
12/19/2021,GJT,CO,ANM,WE,Federal Contract Tower,17,19,13,0,49,0,1,54,0,55,17,20,67,0,104,14,0,14,118
12/20/2021,GJT,CO,ANM,WE,Federal Contract Tower,10,24,9,1,44,0,5,50,0,55,10,29,59,1,99,76,4,80,179
12/21/2021,GJT,CO,ANM,WE,Federal Contract Tower,14,25,15,0,54,0,1,58,3,62,14,26,73,3,116,48,22,70,186
12/22/2021,GJT,CO,ANM,WE,Federal Contract Tower,14,38,18,5,75,0,1,49,2,52,14,39,67,7,127,36,0,36,163
12/23/2021,GJT,CO,ANM,WE,Federal Contract Tower,17,29,20,3,69,0,0,21,0,21,17,29,41,3,90,16,0,16,106
12/24/2021,GJT,CO,ANM,WE,Federal Contract Tower,13,62,36,0,111,0,0,0,0,0,13,62,36,0,111,0,0,0,111
12/25/2021,GJT,CO,ANM,WE,Federal Contract Tower,8,30,5,0,43,0,6,12,0,18,8,36,17,0,61,26,0,26,87
12/26/2021,GJT,CO,ANM,WE,Federal Contract Tower,23,57,73,0,153,0,1,5,0,6,23,58,78,0,159,0,0,0,159
12/27/2021,GJT,CO,ANM,WE,Federal Contract Tower,21,59,92,0,172,0,0,4,0,4,21,59,96,0,176,8,0,8,184
12/28/2021,GJT,CO,ANM,WE,Federal Contract Tower,20,78,54,0,152,0,0,0,0,0,20,78,54,0,152,0,0,0,152
12/29/2021,GJT,CO,ANM,WE,Federal Contract Tower,13,59,36,0,108,0,0,0,2,2,13,59,36,2,110,0,0,0,110
12/30/2021,GJT,CO,ANM,WE,Federal Contract Tower,20,44,26,2,92,0,0,10,0,10,20,44,36,2,102,10,4,14,116
12/31/2021,GJT,CO,ANM,WE,Federal Contract Tower,10,60,20,0,90,0,0,0,0,0,10,60,20,0,90,0,0,0,90
01/01/2022,GJT,CO,ANM,WE,Federal Contract Tower,4,52,22,0,78,0,0,11,0,11,4,52,33,0,89,0,0,0,89
01/02/2022,GJT,CO,ANM,WE,Federal Contract Tower,13,36,20,0,69,0,0,29,0,29,13,36,49,0,98,10,0,10,108
01/03/2022,GJT,CO,ANM,WE,Federal Contract Tower,10,23,35,0,68,0,0,46,0,46,10,23,81,0,114,12,0,12,126
01/04/2022,GJT,CO,ANM,WE,Federal Contract Tower,13,32,13,0,58,0,2,51,0,53,13,34,64,0,111,58,0,58,169
01/05/2022,GJT,CO,ANM,WE,Federal Contract Tower,10,26,16,0,52,0,1,51,0,52,10,27,67,0,104,98,0,98,202
01/06/2022,GJT,CO,ANM,WE,Federal Contract Tower,14,24,13,0,51,0,0,43,0,43,14,24,56,0,94,60,0,60,154
01/07/2022,GJT,CO,ANM,WE,Federal Contract Tower,10,28,17,3,58,0,3,50,0,53,10,31,67,3,111,38,0,38,149
01/08/2022,GJT,CO,ANM,WE,Federal Contract Tower,18,32,17,0,67,0,1,12,1,14,18,33,29,1,81,30,0,30,111
01/09/2022,GJT,CO,ANM,WE,Federal Contract Tower,15,15,12,4,46,0,0,52,0,52,15,15,64,4,98,26,0,26,124
01/10/2022,GJT,CO,ANM,WE,Federal Contract Tower,12,15,21,0,48,0,1,43,0,44,12,16,64,0,92,20,0,20,112
01/11/2022,GJT,CO,ANM,WE,Federal Contract Tower,10,18,4,0,32,0,0,53,0,53,10,18,57,0,85,46,0,46,131
01/12/2022,GJT,CO,ANM,WE,Federal Contract Tower,11,13,20,2,46,0,3,54,0,57,11,16,74,2,103,70,0,70,173
01/13/2022,GJT,CO,ANM,WE,Federal Contract Tower,16,13,12,10,51,0,0,67,2,69,16,13,79,12,120,108,0,108,228
01/14/2022,GJT,CO,ANM,WE,Federal Contract Tower,8,20,13,12,53,0,3,46,2,51,8,23,59,14,104,58,8,66,170
01/15/2022,GJT,CO,ANM,WE,Federal Contract Tower,9,8,11,3,31,0,2,47,2,51,9,10,58,5,82,70,6,76,158
01/16/2022,GJT,CO,ANM,WE,Federal Contract Tower,13,9,7,0,29,0,3,37,1,41,13,12,44,1,70,0,6,6,76
01/17/2022,GJT,CO,ANM,WE,Federal Contract Tower,11,16,10,0,37,0,1,44,0,45,11,17,54,0,82,36,0,36,118
01/18/2022,GJT,CO,ANM,WE,Federal Contract Tower,10,16,6,4,36,0,0,59,0,59,10,16,65,4,95,20,0,20,115
01/19/2022,GJT,CO,ANM,WE,Federal Contract Tower,11,12,12,3,38,0,0,56,0,56,11,12,68,3,94,86,16,102,196
01/20/2022,GJT,CO,ANM,WE,Federal Contract Tower,17,16,17,0,50,0,2,64,2,68,17,18,81,2,118,72,0,72,190
01/21/2022,GJT,CO,ANM,WE,Federal Contract Tower,20,17,12,0,49,0,0,2,0,2,20,17,14,0,51,24,0,24,75
01/22/2022,GJT,CO,ANM,WE,Federal Contract Tower,10,9,12,0,31,0,0,48,0,48,10,9,60,0,79,38,0,38,117
01/23/2022,GJT,CO,ANM,WE,Federal Contract Tower,12,12,12,0,36,0,1,39,2,42,12,13,51,2,78,22,0,22,100
01/24/2022,GJT,CO,ANM,WE,Federal Contract Tower,14,13,17,9,53,0,2,40,0,42,14,15,57,9,95,44,0,44,139
01/25/2022,GJT,CO,ANM,WE,Federal Contract Tower,13,17,11,0,41,0,3,36,2,41,13,20,47,2,82,34,0,34,116
01/26/2022,GJT,CO,ANM,WE,Federal Contract Tower,10,18,13,9,50,0,2,61,1,64,10,20,74,10,114,58,4,62,176
01/27/2022,GJT,CO,ANM,WE,Federal Contract Tower,29,23,16,11,79,0,2,57,0,59,29,25,73,11,138,50,4,54,192
01/28/2022,GJT,CO,ANM,WE,Federal Contract Tower,13,15,8,23,59,0,0,67,8,75,13,15,75,31,134,76,24,100,234
01/29/2022,GJT,CO,ANM,WE,Federal Contract Tower,10,10,7,3,30,0,1,51,3,55,10,11,58,6,85,46,18,64,149
01/30/2022,GJT,CO,ANM,WE,Federal Contract Tower,14,8,23,9,54,0,1,46,3,50,14,9,69,12,104,2,0,2,106
01/31/2022,GJT,CO,ANM,WE,Federal Contract Tower,15,12,18,2,47,0,6,45,2,53,15,18,63,4,100,76,0,76,176
02/01/2022,GJT,CO,ANM,WE,Federal Contract Tower,17,15,7,23,62,0,0,52,6,58,17,15,59,29,120,84,26,110,230
02/02/2022,GJT,CO,ANM,WE,Federal Contract Tower,26,24,12,23,85,0,1,61,4,66,26,25,73,27,151,46,20,66,217
02/03/2022,GJT,CO,ANM,WE,Federal Contract Tower,12,15,9,11,47,0,7,47,2,56,12,22,56,13,103,16,24,40,143
02/04/2022,GJT,CO,ANM,WE,Federal Contract Tower,14,16,12,7,49,0,3,51,0,54,14,19,63,7,103,42,6,48,151
02/05/2022,GJT,CO,ANM,WE,Federal Contract Tower,11,12,6,1,30,0,4,40,0,44,11,16,46,1,74,110,0,110,184
02/06/2022,GJT,CO,ANM,WE,Federal Contract Tower,15,10,9,0,34,0,0,43,0,43,15,10,52,0,77,96,0,96,173
02/07/2022,GJT,CO,ANM,WE,Federal Contract Tower,15,11,13,1,40,0,0,44,1,45,15,11,57,2,85,34,10,44,129
02/08/2022,GJT,CO,ANM,WE,Federal Contract Tower,10,18,20,2,50,0,0,49,0,49,10,18,69,2,99,66,0,66,165
02/09/2022,GJT,CO,ANM,WE,Federal Contract Tower,17,22,13,4,56,0,1,42,2,45,17,23,55,6,101,66,10,76,177
02/10/2022,GJT,CO,ANM,WE,Federal Contract Tower,18,16,17,2,53,0,3,68,0,71,18,19,85,2,124,96,0,96,220
02/11/2022,GJT,CO,ANM,WE,Federal Contract Tower,15,27,16,12,70,0,1,63,0,64,15,28,79,12,134,66,0,66,200
02/12/2022,GJT,CO,ANM,WE,Federal Contract Tower,13,16,7,0,36,0,0,62,0,62,13,16,69,0,98,64,0,64,162
02/13/2022,GJT,CO,ANM,WE,Federal Contract Tower,13,11,15,0,39,0,2,64,0,66,13,13,79,0,105,74,0,74,179
02/14/2022,GJT,CO,ANM,WE,Federal Contract Tower,16,7,10,0,33,0,0,32,2,34,16,7,42,2,67,72,2,74,141
02/15/2022,GJT,CO,ANM,WE,Federal Contract Tower,11,21,16,3,51,0,2,63,0,65,11,23,79,3,116,104,0,104,220
02/16/2022,GJT,CO,ANM,WE,Federal Contract Tower,26,29,20,1,76,0,2,11,0,13,26,31,31,1,89,20,0,20,109
02/17/2022,GJT,CO,ANM,WE,Federal Contract Tower,15,21,26,0,62,0,6,84,1,91,15,27,110,1,153,100,2,102,255
02/18/2022,GJT,CO,ANM,WE,Federal Contract Tower,15,23,21,0,59,0,1,65,2,68,15,24,86,2,127,96,0,96,223
02/19/2022,GJT,CO,ANM,WE,Federal Contract Tower,12,13,17,1,43,0,2,79,2,83,12,15,96,3,126,74,4,78,204
02/20/2022,GJT,CO,ANM,WE,Federal Contract Tower,14,13,9,0,36,0,3,46,0,49,14,16,55,0,85,24,0,24,109
02/21/2022,GJT,CO,ANM,WE,Federal Contract Tower,27,27,41,0,95,0,1,4,0,5,27,28,45,0,100,0,0,0,100
02/22/2022,GJT,CO,ANM,WE,Federal Contract Tower,23,56,35,0,114,0,0,8,0,8,23,56,43,0,122,10,0,10,132
02/23/2022,GJT,CO,ANM,WE,Federal Contract Tower,11,46,19,0,76,0,0,2,0,2,11,46,21,0,78,4,0,4,82
02/24/2022,GJT,CO,ANM,WE,Federal Contract Tower,17,26,11,0,54,0,4,47,0,51,17,30,58,0,105,80,0,80,185
02/25/2022,GJT,CO,ANM,WE,Federal Contract Tower,13,33,11,0,57,0,0,49,0,49,13,33,60,0,106,84,0,84,190
02/26/2022,GJT,CO,ANM,WE,Federal Contract Tower,14,20,14,1,49,0,1,52,1,54,14,21,66,2,103,44,6,50,153
02/27/2022,GJT,CO,ANM,WE,Federal Contract Tower,11,14,18,2,45,0,2,46,0,48,11,16,64,2,93,66,0,66,159
02/28/2022,GJT,CO,ANM,WE,Federal Contract Tower,16,12,14,2,44,0,0,40,0,40,16,12,54,2,84,30,0,30,114
03/01/2022,GJT,CO,ANM,WE,Federal Contract Tower,10,19,7,1,37,0,3,51,0,54,10,22,58,1,91,62,8,70,161
03/02/2022,GJT,CO,ANM,WE,Federal Contract Tower,12,20,17,2,51,0,3,47,0,50,12,23,64,2,101,54,0,54,155
03/03/2022,GJT,CO,ANM,WE,Federal Contract Tower,12,20,11,2,45,0,2,63,0,65,12,22,74,2,110,82,0,82,192
03/04/2022,GJT,CO,ANM,WE,Federal Contract Tower,24,18,14,2,58,0,0,21,0,21,24,18,35,2,79,38,0,38,117
03/05/2022,GJT,CO,ANM,WE,Federal Contract Tower,12,17,23,0,52,0,0,18,0,18,12,17,41,0,70,0,0,0,70
03/06/2022,GJT,CO,ANM,WE,Federal Contract Tower,21,23,12,2,58,0,1,10,0,11,21,24,22,2,69,6,0,6,75
03/07/2022,GJT,CO,ANM,WE,Federal Contract Tower,28,15,13,0,56,0,1,23,2,26,28,16,36,2,82,34,8,42,124
03/08/2022,GJT,CO,ANM,WE,Federal Contract Tower,16,19,16,2,53,0,1,74,2,77,16,20,90,4,130,84,0,84,214
03/09/2022,GJT,CO,ANM,WE,Federal Contract Tower,25,26,32,7,90,0,0,32,0,32,25,26,64,7,122,36,0,36,158
03/10/2022,GJT,CO,ANM,WE,Federal Contract Tower,20,23,25,0,68,0,1,38,0,39,20,24,63,0,107,52,0,52,159
03/11/2022,GJT,CO,ANM,WE,Federal Contract Tower,18,15,31,8,72,0,2,91,3,96,18,17,122,11,168,102,4,106,274
03/12/2022,GJT,CO,ANM,WE,Federal Contract Tower,13,16,6,1,36,0,0,61,3,64,13,16,67,4,100,54,0,54,154
03/13/2022,GJT,CO,ANM,WE,Federal Contract Tower,18,8,12,1,39,0,1,32,1,34,18,9,44,2,73,58,0,58,131
03/14/2022,GJT,CO,ANM,WE,Federal Contract Tower,19,12,12,15,58,0,0,47,9,56,19,12,59,24,114,32,0,32,146
03/15/2022,GJT,CO,ANM,WE,Federal Contract Tower,12,22,11,7,52,0,2,60,0,62,12,24,71,7,114,44,0,44,158
03/16/2022,GJT,CO,ANM,WE,Federal Contract Tower,19,22,24,4,69,0,2,28,0,30,19,24,52,4,99,38,0,38,137
03/17/2022,GJT,CO,ANM,WE,Federal Contract Tower,24,21,18,3,66,0,3,55,0,58,24,24,73,3,124,54,0,54,178
03/18/2022,GJT,CO,ANM,WE,Federal Contract Tower,16,15,10,13,54,0,0,77,5,82,16,15,87,18,136,70,2,72,208
03/19/2022,GJT,CO,ANM,WE,Federal Contract Tower,13,11,14,2,40,0,2,72,0,74,13,13,86,2,114,34,0,34,148
03/20/2022,GJT,CO,ANM,WE,Federal Contract Tower,14,11,10,0,35,0,0,13,0,13,14,11,23,0,48,0,0,0,48
03/21/2022,GJT,CO,ANM,WE,Federal Contract Tower,16,12,12,0,40,0,2,6,0,8,16,14,18,0,48,4,0,4,52
03/22/2022,GJT,CO,ANM,WE,Federal Contract Tower,11,21,20,2,54,0,1,21,0,22,11,22,41,2,76,16,0,16,92
03/23/2022,GJT,CO,ANM,WE,Federal Contract Tower,12,17,10,2,41,0,0,79,0,79,12,17,89,2,120,112,0,112,232
03/24/2022,GJT,CO,ANM,WE,Federal Contract Tower,19,12,18,10,59,0,0,89,2,91,19,12,107,12,150,108,0,108,258
03/25/2022,GJT,CO,ANM,WE,Federal Contract Tower,17,14,8,4,43,0,0,63,0,63,17,14,71,4,106,136,0,136,242
03/26/2022,GJT,CO,ANM,WE,Federal Contract Tower,14,11,15,5,45,0,0,63,2,65,14,11,78,7,110,52,14,66,176
03/27/2022,GJT,CO,ANM,WE,Federal Contract Tower,13,8,14,0,35,0,3,41,2,46,13,11,55,2,81,24,0,24,105
03/28/2022,GJT,CO,ANM,WE,Federal Contract Tower,15,17,11,4,47,0,0,20,0,20,15,17,31,4,67,6,0,6,73
03/29/2022,GJT,CO,ANM,WE,Federal Contract Tower,12,21,19,2,54,0,0,13,0,13,12,21,32,2,67,0,0,0,67
03/30/2022,GJT,CO,ANM,WE,Federal Contract Tower,18,30,19,4,71,0,2,21,0,23,18,32,40,4,94,38,28,66,160
03/31/2022,GJT,CO,ANM,WE,Federal Contract Tower,15,16,21,6,58,0,2,46,0,48,15,18,67,6,106,66,0,66,172
04/01/2022,GJT,CO,ANM,WE,Federal Contract Tower,13,20,14,15,62,0,0,48,5,53,13,20,62,20,115,44,0,44,159
04/02/2022,GJT,CO,ANM,WE,Federal Contract Tower,12,8,15,2,37,0,1,52,3,56,12,9,67,5,93,22,2,24,117
04/03/2022,GJT,CO,ANM,WE,Federal Contract Tower,23,10,12,1,46,0,0,27,1,28,23,10,39,2,74,22,0,22,96
04/04/2022,GJT,CO,ANM,WE,Federal Contract Tower,16,13,15,2,46,0,1,48,0,49,16,14,63,2,95,48,0,48,143
04/05/2022,GJT,CO,ANM,WE,Federal Contract Tower,18,25,3,3,49,0,2,9,0,11,18,27,12,3,60,0,0,0,60
04/06/2022,GJT,CO,ANM,WE,Federal Contract Tower,15,19,14,2,50,0,4,66,1,71,15,23,80,3,121,46,6,52,173
04/07/2022,GJT,CO,ANM,WE,Federal Contract Tower,19,17,26,0,62,0,1,62,0,63,19,18,88,0,125,28,0,28,153
04/08/2022,GJT,CO,ANM,WE,Federal Contract Tower,20,13,15,7,55,0,0,82,1,83,20,13,97,8,138,84,0,84,222
04/09/2022,GJT,CO,ANM,WE,Federal Contract Tower,15,11,9,0,35,0,0,40,0,40,15,11,49,0,75,18,0,18,93
04/10/2022,GJT,CO,ANM,WE,Federal Contract Tower,19,8,13,5,45,0,0,34,1,35,19,8,47,6,80,46,18,64,144
04/11/2022,GJT,CO,ANM,WE,Federal Contract Tower,20,19,12,2,53,0,0,25,0,25,20,19,37,2,78,50,0,50,128
04/12/2022,GJT,CO,ANM,WE,Federal Contract Tower,20,30,24,1,75,0,0,3,0,3,20,30,27,1,78,0,0,0,78
04/13/2022,GJT,CO,ANM,WE,Federal Contract Tower,17,17,10,7,51,0,4,26,0,30,17,21,36,7,81,8,0,8,89
04/14/2022,GJT,CO,ANM,WE,Federal Contract Tower,19,19,14,4,56,0,4,60,0,64,19,23,74,4,120,54,0,54,174
04/15/2022,GJT,CO,ANM,WE,Federal Contract Tower,16,17,8,6,47,0,4,52,1,57,16,21,60,7,104,100,4,104,208
04/16/2022,GJT,CO,ANM,WE,Federal Contract Tower,14,11,9,4,38,0,3,18,2,23,14,14,27,6,61,26,4,30,91
04/17/2022,GJT,CO,ANM,WE,Federal Contract Tower,20,7,3,5,35,0,0,18,3,21,20,7,21,8,56,26,10,36,92
04/18/2022,GJT,CO,ANM,WE,Federal Contract Tower,17,15,11,4,47,0,0,99,2,101,17,15,110,6,148,100,4,104,252
04/19/2022,GJT,CO,ANM,WE,Federal Contract Tower,13,17,6,0,36,0,0,48,0,48,13,17,54,0,84,64,0,64,148
04/20/2022,GJT,CO,ANM,WE,Federal Contract Tower,15,18,13,4,50,0,4,78,0,82,15,22,91,4,132,70,0,70,202
04/21/2022,GJT,CO,ANM,WE,Federal Contract Tower,22,19,18,6,65,0,6,34,1,41,22,25,52,7,106,16,0,16,122
04/22/2022,GJT,CO,ANM,WE,Federal Contract Tower,17,17,11,0,45,0,0,9,0,9,17,17,20,0,54,0,0,0,54
04/23/2022,GJT,CO,ANM,WE,Federal Contract Tower,14,11,9,1,35,0,1,30,1,32,14,12,39,2,67,20,0,20,87
04/24/2022,GJT,CO,ANM,WE,Federal Contract Tower,16,12,16,0,44,0,0,44,0,44,16,12,60,0,88,38,0,38,126
04/25/2022,GJT,CO,ANM,WE,Federal Contract Tower,20,12,13,0,45,0,2,82,0,84,20,14,95,0,129,86,0,86,215
04/26/2022,GJT,CO,ANM,WE,Federal Contract Tower,14,17,14,11,56,0,1,82,2,85,14,18,96,13,141,126,8,134,275
04/27/2022,GJT,CO,ANM,WE,Federal Contract Tower,21,21,20,4,66,0,2,66,0,68,21,23,86,4,134,80,2,82,216
04/28/2022,GJT,CO,ANM,WE,Federal Contract Tower,20,18,18,7,63,0,4,65,0,69,20,22,83,7,132,26,0,26,158
04/29/2022,GJT,CO,ANM,WE,Federal Contract Tower,21,20,16,9,66,0,0,31,0,31,21,20,47,9,97,12,0,12,109
04/30/2022,GJT,CO,ANM,WE,Federal Contract Tower,14,11,7,8,40,0,0,64,7,71,14,11,71,15,111,58,4,62,173
05/01/2022,GJT,CO,ANM,WE,Federal Contract Tower,19,10,9,2,40,0,0,20,0,20,19,10,29,2,60,4,0,4,64
05/02/2022,GJT,CO,ANM,WE,Federal Contract Tower,19,11,14,0,44,0,0,56,0,56,19,11,70,0,100,72,22,94,194
05/03/2022,GJT,CO,ANM,WE,Federal Contract Tower,14,24,10,8,56,0,1,21,0,22,14,25,31,8,78,0,0,0,78
05/04/2022,GJT,CO,ANM,WE,Federal Contract Tower,15,22,15,4,56,0,3,33,3,39,15,25,48,7,95,0,2,2,97
05/05/2022,GJT,CO,ANM,WE,Federal Contract Tower,18,16,15,5,54,0,4,94,0,98,18,20,109,5,152,142,0,142,294
05/06/2022,GJT,CO,ANM,WE,Federal Contract Tower,22,13,10,17,62,0,1,85,1,87,22,14,95,18,149,120,0,120,269
05/07/2022,GJT,CO,ANM,WE,Federal Contract Tower,19,5,2,0,26,0,0,19,0,19,19,5,21,0,45,18,0,18,63
05/08/2022,GJT,CO,ANM,WE,Federal Contract Tower,18,10,6,1,35,0,2,23,3,28,18,12,29,4,63,38,0,38,101
05/09/2022,GJT,CO,ANM,WE,Federal Contract Tower,22,7,11,0,40,0,2,15,0,17,22,9,26,0,57,32,0,32,89
05/10/2022,GJT,CO,ANM,WE,Federal Contract Tower,19,15,9,2,45,0,0,29,0,29,19,15,38,2,74,64,0,64,138
05/11/2022,GJT,CO,ANM,WE,Federal Contract Tower,18,18,10,0,46,2,2,26,2,32,20,20,36,2,78,6,0,6,84
05/12/2022,GJT,CO,ANM,WE,Federal Contract Tower,19,22,13,3,57,0,3,39,1,43,19,25,52,4,100,38,0,38,138
05/13/2022,GJT,CO,ANM,WE,Federal Contract Tower,21,15,13,3,52,0,1,82,4,87,21,16,95,7,139,70,30,100,239
05/14/2022,GJT,CO,ANM,WE,Federal Contract Tower,19,2,4,9,34,0,4,79,8,91,19,6,83,17,125,42,22,64,189
05/15/2022,GJT,CO,ANM,WE,Federal Contract Tower,20,10,9,2,41,0,3,72,1,76,20,13,81,3,117,88,0,88,205
05/16/2022,GJT,CO,ANM,WE,Federal Contract Tower,18,24,16,2,60,0,2,66,3,71,18,26,82,5,131,88,0,88,219
05/17/2022,GJT,CO,ANM,WE,Federal Contract Tower,18,17,15,2,52,0,2,74,0,76,18,19,89,2,128,110,0,110,238
05/18/2022,GJT,CO,ANM,WE,Federal Contract Tower,16,16,15,2,49,0,2,81,0,83,16,18,96,2,132,142,0,142,274
05/19/2022,GJT,CO,ANM,WE,Federal Contract Tower,19,15,17,7,58,0,7,62,2,71,19,22,79,9,129,28,0,28,157
05/20/2022,GJT,CO,ANM,WE,Federal Contract Tower,21,37,19,2,79,0,0,42,3,45,21,37,61,5,124,0,0,0,124
05/21/2022,GJT,CO,ANM,WE,Federal Contract Tower,16,9,14,7,46,0,0,67,6,73,16,9,81,13,119,116,2,118,237
05/22/2022,GJT,CO,ANM,WE,Federal Contract Tower,14,14,16,4,48,0,1,61,0,62,14,15,77,4,110,80,0,80,190
05/23/2022,GJT,CO,ANM,WE,Federal Contract Tower,21,15,17,0,53,0,1,48,0,49,21,16,65,0,102,90,0,90,192
05/24/2022,GJT,CO,ANM,WE,Federal Contract Tower,16,20,8,0,44,0,2,67,0,69,16,22,75,0,113,96,0,96,209
05/25/2022,GJT,CO,ANM,WE,Federal Contract Tower,21,17,15,0,53,0,0,79,0,79,21,17,94,0,132,68,0,68,200
05/26/2022,GJT,CO,ANM,WE,Federal Contract Tower,17,21,16,12,66,0,6,85,0,91,17,27,101,12,157,84,0,84,241
05/27/2022,GJT,CO,ANM,WE,Federal Contract Tower,25,18,14,0,57,0,5,60,3,68,25,23,74,3,125,80,0,80,205
05/28/2022,GJT,CO,ANM,WE,Federal Contract Tower,20,8,5,6,39,0,0,32,0,32,20,8,37,6,71,6,0,6,77
05/29/2022,GJT,CO,ANM,WE,Federal Contract Tower,16,17,13,0,46,0,0,19,0,19,16,17,32,0,65,6,0,6,71
05/30/2022,GJT,CO,ANM,WE,Federal Contract Tower,22,11,5,0,38,0,1,60,0,61,22,12,65,0,99,50,0,50,149
05/31/2022,GJT,CO,ANM,WE,Federal Contract Tower,17,16,8,2,43,0,3,77,0,80,17,19,85,2,123,90,0,90,213
06/01/2022,GJT,CO,ANM,WE,Federal Contract Tower,16,16,5,3,40,0,0,66,0,66,16,16,71,3,106,64,0,64,170
06/02/2022,GJT,CO,ANM,WE,Federal Contract Tower,19,14,9,7,49,0,0,57,4,61,19,14,66,11,110,54,4,58,168
06/03/2022,GJT,CO,ANM,WE,Federal Contract Tower,18,23,8,15,64,0,2,54,4,60,18,25,62,19,124,32,18,50,174
06/04/2022,GJT,CO,ANM,WE,Federal Contract Tower,13,15,16,1,45,0,1,59,2,62,13,16,75,3,107,52,10,62,169
06/05/2022,GJT,CO,ANM,WE,Federal Contract Tower,15,10,11,0,36,0,1,44,0,45,15,11,55,0,81,14,0,14,95
06/06/2022,GJT,CO,ANM,WE,Federal Contract Tower,39,15,8,3,65,0,1,43,0,44,39,16,51,3,109,48,8,56,165
06/07/2022,GJT,CO,ANM,WE,Federal Contract Tower,14,13,17,2,46,0,0,73,0,73,14,13,90,2,119,76,0,76,195
06/08/2022,GJT,CO,ANM,WE,Federal Contract Tower,16,20,14,7,57,0,1,81,4,86,16,21,95,11,143,90,0,90,233
06/09/2022,GJT,CO,ANM,WE,Federal Contract Tower,170,15,13,3,201,0,3,79,3,85,170,18,92,6,286,66,0,66,352
06/10/2022,GJT,CO,ANM,WE,Federal Contract Tower,19,18,20,1,58,0,0,68,1,69,19,18,88,2,127,12,0,12,139
06/11/2022,GJT,CO,ANM,WE,Federal Contract Tower,18,15,9,0,42,0,0,48,0,48,18,15,57,0,90,4,0,4,94
06/12/2022,GJT,CO,ANM,WE,Federal Contract Tower,22,20,5,0,47,0,7,50,0,57,22,27,55,0,104,30,0,30,134
06/13/2022,GJT,CO,ANM,WE,Federal Contract Tower,20,5,15,0,40,0,1,20,0,21,20,6,35,0,61,28,0,28,89
06/14/2022,GJT,CO,ANM,WE,Federal Contract Tower,17,15,4,0,36,0,1,45,0,46,17,16,49,0,82,34,0,34,116
06/15/2022,GJT,CO,ANM,WE,Federal Contract Tower,15,15,14,2,46,0,3,79,3,85,15,18,93,5,131,98,4,102,233
06/16/2022,GJT,CO,ANM,WE,Federal Contract Tower,15,19,17,2,53,0,6,76,3,85,15,25,93,5,138,94,0,94,232
06/17/2022,GJT,CO,ANM,WE,Federal Contract Tower,26,17,13,4,60,0,2,36,0,38,26,19,49,4,98,0,0,0,98
06/18/2022,GJT,CO,ANM,WE,Federal Contract Tower,14,13,6,0,33,0,0,14,0,14,14,13,20,0,47,0,0,0,47
06/19/2022,GJT,CO,ANM,WE,Federal Contract Tower,18,8,10,1,37,0,2,8,3,13,18,10,18,4,50,0,0,0,50
06/20/2022,GJT,CO,ANM,WE,Federal Contract Tower,17,13,12,1,43,0,2,42,0,44,17,15,54,1,87,48,0,48,135
06/21/2022,GJT,CO,ANM,WE,Federal Contract Tower,15,14,15,3,47,0,0,81,1,82,15,14,96,4,129,74,0,74,203
06/22/2022,GJT,CO,ANM,WE,Federal Contract Tower,15,30,13,4,62,0,4,57,0,61,15,34,70,4,123,80,0,80,203
06/23/2022,GJT,CO,ANM,WE,Federal Contract Tower,18,15,13,6,52,0,1,30,1,32,18,16,43,7,84,76,0,76,160
06/24/2022,GJT,CO,ANM,WE,Federal Contract Tower,22,21,14,2,59,0,4,42,2,48,22,25,56,4,107,40,0,40,147
06/25/2022,GJT,CO,ANM,WE,Federal Contract Tower,18,9,13,1,41,0,1,54,2,57,18,10,67,3,98,46,0,46,144
06/26/2022,GJT,CO,ANM,WE,Federal Contract Tower,18,9,17,2,46,0,2,26,2,30,18,11,43,4,76,34,2,36,112
06/27/2022,GJT,CO,ANM,WE,Federal Contract Tower,17,11,15,4,47,0,2,70,0,72,17,13,85,4,119,84,0,84,203
06/28/2022,GJT,CO,ANM,WE,Federal Contract Tower,14,15,12,10,51,0,7,79,0,86,14,22,91,10,137,110,0,110,247
06/29/2022,GJT,CO,ANM,WE,Federal Contract Tower,17,20,14,0,51,0,5,69,0,74,17,25,83,0,125,50,0,50,175
06/30/2022,GJT,CO,ANM,WE,Federal Contract Tower,18,19,23,2,62,0,0,39,0,39,18,19,62,2,101,68,0,68,169
07/01/2022,GJT,CO,ANM,WE,Federal Contract Tower,20,12,10,0,42,0,2,42,0,44,20,14,52,0,86,34,0,34,120
07/02/2022,GJT,CO,ANM,WE,Federal Contract Tower,17,6,9,0,32,0,2,38,0,40,17,8,47,0,72,42,0,42,114
07/03/2022,GJT,CO,ANM,WE,Federal Contract Tower,14,7,8,0,29,0,4,14,0,18,14,11,22,0,47,0,0,0,47
07/04/2022,GJT,CO,ANM,WE,Federal Contract Tower,15,4,11,0,30,0,1,30,0,31,15,5,41,0,61,22,0,22,83
07/05/2022,GJT,CO,ANM,WE,Federal Contract Tower,19,14,8,0,41,0,1,41,0,42,19,15,49,0,83,48,4,52,135
07/06/2022,GJT,CO,ANM,WE,Federal Contract Tower,17,15,13,2,47,0,1,39,3,43,17,16,52,5,90,94,2,96,186
07/07/2022,GJT,CO,ANM,WE,Federal Contract Tower,21,10,10,0,41,0,4,57,0,61,21,14,67,0,102,30,0,30,132
07/08/2022,GJT,CO,ANM,WE,Federal Contract Tower,22,16,19,0,57,0,5,69,2,76,22,21,88,2,133,42,0,42,175
07/09/2022,GJT,CO,ANM,WE,Federal Contract Tower,15,11,13,0,39,0,4,51,0,55,15,15,64,0,94,40,0,40,134
07/10/2022,GJT,CO,ANM,WE,Federal Contract Tower,29,11,18,0,58,0,5,46,0,51,29,16,64,0,109,20,0,20,129
07/11/2022,GJT,CO,ANM,WE,Federal Contract Tower,19,14,13,0,46,0,2,39,0,41,19,16,52,0,87,32,0,32,119
07/12/2022,GJT,CO,ANM,WE,Federal Contract Tower,16,15,16,2,49,0,3,51,1,55,16,18,67,3,104,18,0,18,122
07/13/2022,GJT,CO,ANM,WE,Federal Contract Tower,17,12,13,0,42,0,4,36,1,41,17,16,49,1,83,26,0,26,109
07/14/2022,GJT,CO,ANM,WE,Federal Contract Tower,18,23,7,0,48,0,1,34,0,35,18,24,41,0,83,32,16,48,131
07/15/2022,GJT,CO,ANM,WE,Federal Contract Tower,18,10,16,1,45,0,2,41,0,43,18,12,57,1,88,26,0,26,114
07/16/2022,GJT,CO,ANM,WE,Federal Contract Tower,13,14,10,0,37,0,1,32,0,33,13,15,42,0,70,42,0,42,112
07/17/2022,GJT,CO,ANM,WE,Federal Contract Tower,20,7,11,1,39,0,3,47,0,50,20,10,58,1,89,4,0,4,93
07/18/2022,GJT,CO,ANM,WE,Federal Contract Tower,31,12,8,4,55,0,5,45,0,50,31,17,53,4,105,24,0,24,129
07/19/2022,GJT,CO,ANM,WE,Federal Contract Tower,15,13,21,0,49,0,1,70,0,71,15,14,91,0,120,32,0,32,152
07/20/2022,GJT,CO,ANM,WE,Federal Contract Tower,22,11,19,10,62,0,2,54,0,56,22,13,73,10,118,26,0,26,144
07/21/2022,GJT,CO,ANM,WE,Federal Contract Tower,17,9,25,8,59,0,0,79,0,79,17,9,104,8,138,84,0,84,222
07/22/2022,GJT,CO,ANM,WE,Federal Contract Tower,19,15,10,0,44,0,5,63,0,68,19,20,73,0,112,44,0,44,156
07/23/2022,GJT,CO,ANM,WE,Federal Contract Tower,16,9,2,0,27,0,3,28,0,31,16,12,30,0,58,0,0,0,58
07/24/2022,GJT,CO,ANM,WE,Federal Contract Tower,21,10,6,2,39,0,1,23,0,24,21,11,29,2,63,10,2,12,75
07/25/2022,GJT,CO,ANM,WE,Federal Contract Tower,23,7,17,1,48,0,0,52,1,53,23,7,69,2,101,42,0,42,143
07/26/2022,GJT,CO,ANM,WE,Federal Contract Tower,23,17,10,1,51,0,4,57,1,62,23,21,67,2,113,26,6,32,145
07/27/2022,GJT,CO,ANM,WE,Federal Contract Tower,17,23,10,0,50,0,10,71,0,81,17,33,81,0,131,62,0,62,193
07/28/2022,GJT,CO,ANM,WE,Federal Contract Tower,17,20,18,2,57,0,2,46,0,48,17,22,64,2,105,66,10,76,181
07/29/2022,GJT,CO,ANM,WE,Federal Contract Tower,20,23,16,2,61,0,4,62,0,66,20,27,78,2,127,52,0,52,179
07/30/2022,GJT,CO,ANM,WE,Federal Contract Tower,16,7,8,0,31,0,2,51,0,53,16,9,59,0,84,24,0,24,108
07/31/2022,GJT,CO,ANM,WE,Federal Contract Tower,19,6,5,4,34,0,3,41,0,44,19,9,46,4,78,20,0,20,98
08/01/2022,GJT,CO,ANM,WE,Federal Contract Tower,25,8,10,3,46,0,2,48,1,51,25,10,58,4,97,22,0,22,119
08/02/2022,GJT,CO,ANM,WE,Federal Contract Tower,15,19,13,0,47,0,0,47,1,48,15,19,60,1,95,56,0,56,151
08/03/2022,GJT,CO,ANM,WE,Federal Contract Tower,15,14,6,2,37,0,1,68,0,69,15,15,74,2,106,74,0,74,180
08/04/2022,GJT,CO,ANM,WE,Federal Contract Tower,17,14,11,4,46,0,1,59,0,60,17,15,70,4,106,52,0,52,158
08/05/2022,GJT,CO,ANM,WE,Federal Contract Tower,24,20,11,1,56,0,6,34,0,40,24,26,45,1,96,30,0,30,126
08/06/2022,GJT,CO,ANM,WE,Federal Contract Tower,25,10,10,4,49,0,0,30,4,34,25,10,40,8,83,26,4,30,113
08/07/2022,GJT,CO,ANM,WE,Federal Contract Tower,27,5,3,0,35,0,1,32,0,33,27,6,35,0,68,64,0,64,132
08/08/2022,GJT,CO,ANM,WE,Federal Contract Tower,22,8,15,3,48,0,9,70,1,80,22,17,85,4,128,88,0,88,216
08/09/2022,GJT,CO,ANM,WE,Federal Contract Tower,16,18,9,2,45,0,2,66,3,71,16,20,75,5,116,126,0,126,242
08/10/2022,GJT,CO,ANM,WE,Federal Contract Tower,17,18,9,4,48,0,0,67,0,67,17,18,76,4,115,104,0,104,219
08/11/2022,GJT,CO,ANM,WE,Federal Contract Tower,18,21,11,2,52,0,0,95,0,95,18,21,106,2,147,72,0,72,219
08/12/2022,GJT,CO,ANM,WE,Federal Contract Tower,21,12,18,0,51,0,47,0,0,47,21,59,18,0,98,70,0,70,168
08/13/2022,GJT,CO,ANM,WE,Federal Contract Tower,17,4,11,0,32,0,1,77,0,78,17,5,88,0,110,36,0,36,146
08/14/2022,GJT,CO,ANM,WE,Federal Contract Tower,16,16,12,0,44,0,3,43,0,46,16,19,55,0,90,26,0,26,116
08/15/2022,GJT,CO,ANM,WE,Federal Contract Tower,23,16,16,0,55,0,1,42,0,43,23,17,58,0,98,58,0,58,156
08/16/2022,GJT,CO,ANM,WE,Federal Contract Tower,23,18,15,0,56,0,0,29,2,31,23,18,44,2,87,44,0,44,131
08/18/2022,GJT,CO,ANM,WE,Federal Contract Tower,21,15,23,2,61,0,0,56,0,56,21,15,79,2,117,102,16,118,235
08/19/2022,GJT,CO,ANM,WE,Federal Contract Tower,18,14,16,4,52,0,0,42,0,42,18,14,58,4,94,52,0,52,146
08/20/2022,GJT,CO,ANM,WE,Federal Contract Tower,15,10,8,0,33,0,2,60,0,62,15,12,68,0,95,68,0,68,163
08/21/2022,GJT,CO,ANM,WE,Federal Contract Tower,17,8,10,0,35,0,4,19,0,23,17,12,29,0,58,26,0,26,84
08/22/2022,GJT,CO,ANM,WE,Federal Contract Tower,18,10,6,10,44,0,1,57,2,60,18,11,63,12,104,106,0,106,210
08/23/2022,GJT,CO,ANM,WE,Federal Contract Tower,17,16,9,2,44,0,5,56,5,66,17,21,65,7,110,42,0,42,152
08/24/2022,GJT,CO,ANM,WE,Federal Contract Tower,21,15,10,0,46,0,3,70,2,75,21,18,80,2,121,68,0,68,189
08/25/2022,GJT,CO,ANM,WE,Federal Contract Tower,19,11,16,0,46,0,62,2,0,64,19,73,18,0,110,46,0,46,156
08/26/2022,GJT,CO,ANM,WE,Federal Contract Tower,19,12,19,3,53,0,2,61,4,67,19,14,80,7,120,74,0,74,194
08/27/2022,GJT,CO,ANM,WE,Federal Contract Tower,17,6,7,7,37,0,10,66,4,80,17,16,73,11,117,42,12,54,171
08/28/2022,GJT,CO,ANM,WE,Federal Contract Tower,25,5,15,2,47,0,5,24,0,29,25,10,39,2,76,20,0,20,96
08/29/2022,GJT,CO,ANM,WE,Federal Contract Tower,20,14,9,2,45,0,1,50,0,51,20,15,59,2,96,44,0,44,140
08/30/2022,GJT,CO,ANM,WE,Federal Contract Tower,21,8,6,6,41,0,0,42,0,42,21,8,48,6,83,40,0,40,123
08/31/2022,GJT,CO,ANM,WE,Federal Contract Tower,21,8,16,4,49,0,1,52,0,53,21,9,68,4,102,78,0,78,180
09/01/2022,GJT,CO,ANM,WE,Federal Contract Tower,17,16,26,5,64,0,7,79,3,89,17,23,105,8,153,98,0,98,251
09/02/2022,GJT,CO,ANM,WE,Federal Contract Tower,21,20,19,2,62,0,9,83,0,92,21,29,102,2,154,102,0,102,256
09/03/2022,GJT,CO,ANM,WE,Federal Contract Tower,19,5,6,0,30,0,3,42,0,45,19,8,48,0,75,26,0,26,101
09/05/2022,GJT,CO,ANM,WE,Federal Contract Tower,22,9,9,0,40,0,4,48,0,52,22,13,57,0,92,32,0,32,124
09/06/2022,GJT,CO,ANM,WE,Federal Contract Tower,20,9,10,10,49,0,0,0,0,0,20,9,10,10,49,20,0,20,69
09/07/2022,GJT,CO,ANM,WE,Federal Contract Tower,16,13,17,2,48,0,4,45,2,51,16,17,62,4,99,42,0,42,141
09/08/2022,GJT,CO,ANM,WE,Federal Contract Tower,17,14,20,2,53,0,4,50,7,61,17,18,70,9,114,40,0,40,154
09/09/2022,GJT,CO,ANM,WE,Federal Contract Tower,21,15,9,7,52,0,4,43,0,47,21,19,52,7,99,16,0,16,115
09/10/2022,GJT,CO,ANM,WE,Federal Contract Tower,18,4,7,6,35,0,3,50,4,57,18,7,57,10,92,58,0,58,150
09/11/2022,GJT,CO,ANM,WE,Federal Contract Tower,19,4,10,5,38,0,0,40,1,41,19,4,50,6,79,12,0,12,91
09/12/2022,GJT,CO,ANM,WE,Federal Contract Tower,19,10,23,8,60,0,4,57,3,64,19,14,80,11,124,58,0,58,182
09/13/2022,GJT,CO,ANM,WE,Federal Contract Tower,15,23,13,2,53,0,1,54,0,55,15,24,67,2,108,98,0,98,206
09/14/2022,GJT,CO,ANM,WE,Federal Contract Tower,16,23,25,2,66,0,3,53,0,56,16,26,78,2,122,36,0,36,158
09/15/2022,GJT,CO,ANM,WE,Federal Contract Tower,20,14,18,2,54,0,2,77,0,79,20,16,95,2,133,130,16,146,279
09/16/2022,GJT,CO,ANM,WE,Federal Contract Tower,20,15,13,16,64,0,0,55,0,55,20,15,68,16,119,32,0,32,151
09/17/2022,GJT,CO,ANM,WE,Federal Contract Tower,18,8,8,0,34,0,53,0,0,53,18,61,8,0,87,40,0,40,127
09/18/2022,GJT,CO,ANM,WE,Federal Contract Tower,17,8,12,6,43,0,3,34,0,37,17,11,46,6,80,20,0,20,100
09/20/2022,GJT,CO,ANM,WE,Federal Contract Tower,17,15,9,0,41,0,1,44,0,45,17,16,53,0,86,46,14,60,146
09/21/2022,GJT,CO,ANM,WE,Federal Contract Tower,18,19,13,0,50,0,1,24,0,25,18,20,37,0,75,26,0,26,101
09/22/2022,GJT,CO,ANM,WE,Federal Contract Tower,20,20,16,10,66,0,0,48,0,48,20,20,64,10,114,42,0,42,156
09/23/2022,GJT,CO,ANM,WE,Federal Contract Tower,23,10,17,8,58,0,0,72,2,74,23,10,89,10,132,74,0,74,206
09/24/2022,GJT,CO,ANM,WE,Federal Contract Tower,15,11,5,4,35,0,2,73,2,77,15,13,78,6,112,82,0,82,194
09/25/2022,GJT,CO,ANM,WE,Federal Contract Tower,16,10,12,6,44,0,0,52,0,52,16,10,64,6,96,38,0,38,134
09/26/2022,GJT,CO,ANM,WE,Federal Contract Tower,18,12,16,2,48,0,2,86,0,88,18,14,102,2,136,104,0,104,240
09/27/2022,GJT,CO,ANM,WE,Federal Contract Tower,17,17,7,0,41,0,1,69,0,70,17,18,76,0,111,126,0,126,237
09/28/2022,GJT,CO,ANM,WE,Federal Contract Tower,18,12,9,2,41,0,3,53,0,56,18,15,62,2,97,68,0,68,165
09/29/2022,GJT,CO,ANM,WE,Federal Contract Tower,19,17,10,1,47,0,0,66,2,68,19,17,76,3,115,98,2,100,215
09/30/2022,GJT,CO,ANM,WE,Federal Contract Tower,20,21,11,2,54,0,0,15,0,15,20,21,26,2,69,44,0,44,113
10/01/2022,GJT,CO,ANM,WE,Federal Contract Tower,31,8,5,0,44,0,4,17,0,21,31,12,22,0,65,6,0,6,71
10/02/2022,GJT,CO,ANM,WE,Federal Contract Tower,16,9,14,4,43,0,5,8,0,13,16,14,22,4,56,14,0,14,70
10/03/2022,GJT,CO,ANM,WE,Federal Contract Tower,20,8,16,1,45,0,0,27,4,31,20,8,43,5,76,40,0,40,116
10/04/2022,GJT,CO,ANM,WE,Federal Contract Tower,21,17,20,1,59,0,4,78,2,84,21,21,98,3,143,84,0,84,227
10/05/2022,GJT,CO,ANM,WE,Federal Contract Tower,15,13,18,0,46,0,0,81,0,81,15,13,99,0,127,86,0,86,213
10/06/2022,GJT,CO,ANM,WE,Federal Contract Tower,19,13,14,3,49,0,0,79,0,79,19,13,93,3,128,114,0,114,242
10/07/2022,GJT,CO,ANM,WE,Federal Contract Tower,18,15,9,0,42,0,0,64,0,64,18,15,73,0,106,60,4,64,170
10/08/2022,GJT,CO,ANM,WE,Federal Contract Tower,17,6,7,1,31,0,0,69,1,70,17,6,76,2,101,96,0,96,197
10/09/2022,GJT,CO,ANM,WE,Federal Contract Tower,18,8,11,0,37,0,6,35,0,41,18,14,46,0,78,12,0,12,90
10/10/2022,GJT,CO,ANM,WE,Federal Contract Tower,20,11,6,0,37,0,4,42,0,46,20,15,48,0,83,42,0,42,125
10/11/2022,GJT,CO,ANM,WE,Federal Contract Tower,18,12,11,2,43,0,0,49,0,49,18,12,60,2,92,80,0,80,172
10/12/2022,GJT,CO,ANM,WE,Federal Contract Tower,20,13,9,6,48,0,0,70,0,70,20,13,79,6,118,116,0,116,234
10/13/2022,GJT,CO,ANM,WE,Federal Contract Tower,20,18,21,6,65,0,0,85,0,85,20,18,106,6,150,66,0,66,216
10/14/2022,GJT,CO,ANM,WE,Federal Contract Tower,19,15,16,4,54,0,1,69,2,72,19,16,85,6,126,114,0,114,240
10/15/2022,GJT,CO,ANM,WE,Federal Contract Tower,17,7,11,20,55,0,8,77,10,95,17,15,88,30,150,38,26,64,214
10/16/2022,GJT,CO,ANM,WE,Federal Contract Tower,17,11,15,4,47,0,5,58,0,63,17,16,73,4,110,40,0,40,150
10/17/2022,GJT,CO,ANM,WE,Federal Contract Tower,19,9,16,0,44,0,1,40,0,41,19,10,56,0,85,42,0,42,127
10/18/2022,GJT,CO,ANM,WE,Federal Contract Tower,16,18,8,2,44,0,0,44,4,48,16,18,52,6,92,46,4,50,142
10/19/2022,GJT,CO,ANM,WE,Federal Contract Tower,18,17,11,6,52,0,0,87,1,88,18,17,98,7,140,98,0,98,238
10/20/2022,GJT,CO,ANM,WE,Federal Contract Tower,18,16,28,0,62,0,0,73,0,73,18,16,101,0,135,158,0,158,293
10/21/2022,GJT,CO,ANM,WE,Federal Contract Tower,24,19,17,8,68,0,3,67,2,72,24,22,84,10,140,82,8,90,230
10/22/2022,GJT,CO,ANM,WE,Federal Contract Tower,20,12,11,3,46,0,0,12,0,12,20,12,23,3,58,12,0,12,70
10/23/2022,GJT,CO,ANM,WE,Federal Contract Tower,20,20,5,4,49,0,0,0,0,0,20,20,5,4,49,0,0,0,49
10/24/2022,GJT,CO,ANM,WE,Federal Contract Tower,22,9,15,5,51,0,0,43,0,43,22,9,58,5,94,78,0,78,172
10/25/2022,GJT,CO,ANM,WE,Federal Contract Tower,16,15,17,1,49,0,0,58,0,58,16,15,75,1,107,92,0,92,199
10/26/2022,GJT,CO,ANM,WE,Federal Contract Tower,19,31,23,2,75,0,0,7,0,7,19,31,30,2,82,12,0,12,94
10/27/2022,GJT,CO,ANM,WE,Federal Contract Tower,22,16,13,0,51,0,0,51,0,51,22,16,64,0,102,74,0,74,176
10/28/2022,GJT,CO,ANM,WE,Federal Contract Tower,21,15,17,10,63,0,5,79,2,86,21,20,96,12,149,98,10,108,257
10/29/2022,GJT,CO,ANM,WE,Federal Contract Tower,17,9,16,1,43,0,0,50,4,54,17,9,66,5,97,30,6,36,133
10/30/2022,GJT,CO,ANM,WE,Federal Contract Tower,17,9,14,4,44,0,0,43,0,43,17,9,57,4,87,42,0,42,129
10/31/2022,GJT,CO,ANM,WE,Federal Contract Tower,12,16,6,3,37,0,0,39,1,40,12,16,45,4,77,36,0,36,113
11/01/2022,GJT,CO,ANM,WE,Federal Contract Tower,12,16,16,4,48,0,2,97,0,99,12,18,113,4,147,120,0,120,267
11/02/2022,GJT,CO,ANM,WE,Federal Contract Tower,18,19,19,2,58,0,3,15,0,18,18,22,34,2,76,16,0,16,92
11/03/2022,GJT,CO,ANM,WE,Federal Contract Tower,22,27,9,0,58,0,0,3,0,3,22,27,12,0,61,4,0,4,65
11/04/2022,GJT,CO,ANM,WE,Federal Contract Tower,24,26,15,2,67,0,0,0,0,0,24,26,15,2,67,42,0,42,109
11/05/2022,GJT,CO,ANM,WE,Federal Contract Tower,17,8,11,0,36,0,0,46,0,46,17,8,57,0,82,72,0,72,154
11/06/2022,GJT,CO,ANM,WE,Federal Contract Tower,13,13,10,3,39,0,1,38,1,40,13,14,48,4,79,28,0,28,107
11/07/2022,GJT,CO,ANM,WE,Federal Contract Tower,16,16,5,0,37,0,0,20,0,20,16,16,25,0,57,18,0,18,75
11/08/2022,GJT,CO,ANM,WE,Federal Contract Tower,15,18,11,4,48,0,3,4,0,7,15,21,15,4,55,4,0,4,59
11/09/2022,GJT,CO,ANM,WE,Federal Contract Tower,19,15,12,0,46,0,0,0,0,0,19,15,12,0,46,0,0,0,46
11/10/2022,GJT,CO,ANM,WE,Federal Contract Tower,16,12,18,2,48,0,1,61,0,62,16,13,79,2,110,110,0,110,220
11/11/2022,GJT,CO,ANM,WE,Federal Contract Tower,20,14,16,0,50,0,0,51,0,51,20,14,67,0,101,104,0,104,205
11/12/2022,GJT,CO,ANM,WE,Federal Contract Tower,17,7,5,3,32,0,1,55,0,56,17,8,60,3,88,48,0,48,136
11/13/2022,GJT,CO,ANM,WE,Federal Contract Tower,13,17,9,4,43,0,2,44,1,47,13,19,53,5,90,42,2,44,134
11/14/2022,GJT,CO,ANM,WE,Federal Contract Tower,23,9,24,5,61,0,1,31,1,33,23,10,55,6,94,16,0,16,110
11/15/2022,GJT,CO,ANM,WE,Federal Contract Tower,18,13,12,4,47,0,4,39,1,44,18,17,51,5,91,14,8,22,113
11/16/2022,GJT,CO,ANM,WE,Federal Contract Tower,16,19,13,0,48,0,0,51,0,51,16,19,64,0,99,110,0,110,209
11/17/2022,GJT,CO,ANM,WE,Federal Contract Tower,19,17,8,6,50,0,0,52,0,52,19,17,60,6,102,56,0,56,158
11/18/2022,GJT,CO,ANM,WE,Federal Contract Tower,17,18,18,6,59,0,2,47,2,51,17,20,65,8,110,88,0,88,198
11/19/2022,GJT,CO,ANM,WE,Federal Contract Tower,14,13,8,0,35,0,1,60,0,61,14,14,68,0,96,64,0,64,160
11/20/2022,GJT,CO,ANM,WE,Federal Contract Tower,18,15,10,3,46,0,3,43,0,46,18,18,53,3,92,14,0,14,106
11/21/2022,GJT,CO,ANM,WE,Federal Contract Tower,20,12,11,3,46,0,2,44,0,46,20,14,55,3,92,46,0,46,138
11/22/2022,GJT,CO,ANM,WE,Federal Contract Tower,20,12,16,4,52,0,0,44,2,46,20,12,60,6,98,52,4,56,154
11/23/2022,GJT,CO,ANM,WE,Federal Contract Tower,21,13,13,4,51,0,0,34,0,34,21,13,47,4,85,18,0,18,103
11/24/2022,GJT,CO,ANM,WE,Federal Contract Tower,9,6,4,0,19,0,1,9,0,10,9,7,13,0,29,18,0,18,47
11/25/2022,GJT,CO,ANM,WE,Federal Contract Tower,17,14,17,0,48,0,1,44,0,45,17,15,61,0,93,48,0,48,141
11/26/2022,GJT,CO,ANM,WE,Federal Contract Tower,17,11,6,0,34,0,0,38,0,38,17,11,44,0,72,40,0,40,112
11/27/2022,GJT,CO,ANM,WE,Federal Contract Tower,17,8,13,0,38,0,4,33,0,37,17,12,46,0,75,26,0,26,101
11/28/2022,GJT,CO,ANM,WE,Federal Contract Tower,20,13,19,5,57,0,0,27,2,29,20,13,46,7,86,38,0,38,124
11/29/2022,GJT,CO,ANM,WE,Federal Contract Tower,20,18,13,0,51,0,0,22,0,22,20,18,35,0,73,32,0,32,105
11/30/2022,GJT,CO,ANM,WE,Federal Contract Tower,12,22,10,2,46,0,1,54,1,56,12,23,64,3,102,64,8,72,174
12/01/2022,GJT,CO,ANM,WE,Federal Contract Tower,15,14,15,10,54,0,5,58,0,63,15,19,73,10,117,76,2,78,195
12/02/2022,GJT,CO,ANM,WE,Federal Contract Tower,18,23,3,0,44,0,5,14,0,19,18,28,17,0,63,6,0,6,69
12/03/2022,GJT,CO,ANM,WE,Federal Contract Tower,15,16,7,1,39,0,1,29,2,32,15,17,36,3,71,76,8,84,155
12/04/2022,GJT,CO,ANM,WE,Federal Contract Tower,14,18,8,3,43,0,0,40,1,41,14,18,48,4,84,24,0,24,108
12/05/2022,GJT,CO,ANM,WE,Federal Contract Tower,13,11,11,2,37,0,0,28,0,28,13,11,39,2,65,24,0,24,89
12/06/2022,GJT,CO,ANM,WE,Federal Contract Tower,14,33,14,6,67,0,0,17,0,17,14,33,31,6,84,42,4,46,130
12/07/2022,GJT,CO,ANM,WE,Federal Contract Tower,14,28,15,0,57,0,0,2,0,2,14,28,17,0,59,4,0,4,63
12/08/2022,GJT,CO,ANM,WE,Federal Contract Tower,13,26,12,4,55,0,1,39,0,40,13,27,51,4,95,60,0,60,155
12/09/2022,GJT,CO,ANM,WE,Federal Contract Tower,15,26,19,11,71,0,1,66,0,67,15,27,85,11,138,46,0,46,184
12/10/2022,GJT,CO,ANM,WE,Federal Contract Tower,16,10,12,7,45,0,0,59,3,62,16,10,71,10,107,36,6,42,149
12/11/2022,GJT,CO,ANM,WE,Federal Contract Tower,15,15,12,2,44,0,0,38,0,38,15,15,50,2,82,20,8,28,110
12/12/2022,GJT,CO,ANM,WE,Federal Contract Tower,12,18,7,0,37,0,0,1,0,1,12,18,8,0,38,0,0,0,38
12/13/2022,GJT,CO,ANM,WE,Federal Contract Tower,20,26,15,0,61,0,0,8,0,8,20,26,23,0,69,0,0,0,69
12/14/2022,GJT,CO,ANM,WE,Federal Contract Tower,15,23,17,0,55,0,1,38,0,39,15,24,55,0,94,60,0,60,154
12/15/2022,GJT,CO,ANM,WE,Federal Contract Tower,21,21,17,0,59,0,1,2,0,3,21,22,19,0,62,0,0,0,62
12/16/2022,GJT,CO,ANM,WE,Federal Contract Tower,14,13,10,4,41,0,1,52,0,53,14,14,62,4,94,68,0,68,162
12/17/2022,GJT,CO,ANM,WE,Federal Contract Tower,17,9,23,1,50,0,0,66,0,66,17,9,89,1,116,66,18,84,200
12/18/2022,GJT,CO,ANM,WE,Federal Contract Tower,13,13,12,1,39,0,1,45,0,46,13,14,57,1,85,30,2,32,117
12/19/2022,GJT,CO,ANM,WE,Federal Contract Tower,12,17,15,4,48,0,1,59,2,62,12,18,74,6,110,52,0,52,162
12/20/2022,GJT,CO,ANM,WE,Federal Contract Tower,16,14,12,6,48,0,0,52,0,52,16,14,64,6,100,62,0,62,162
12/21/2022,GJT,CO,ANM,WE,Federal Contract Tower,17,16,9,0,42,0,1,53,2,56,17,17,62,2,98,92,0,92,190
12/22/2022,GJT,CO,ANM,WE,Federal Contract Tower,18,24,18,1,61,0,0,13,1,14,18,24,31,2,75,0,0,0,75
12/23/2022,GJT,CO,ANM,WE,Federal Contract Tower,12,11,16,0,39,0,0,34,0,34,12,11,50,0,73,64,0,64,137
12/24/2022,GJT,CO,ANM,WE,Federal Contract Tower,11,13,6,0,30,0,1,39,0,40,11,14,45,0,70,36,0,36,106
12/25/2022,GJT,CO,ANM,WE,Federal Contract Tower,9,13,2,0,24,0,0,9,0,9,9,13,11,0,33,0,0,0,33
12/26/2022,GJT,CO,ANM,WE,Federal Contract Tower,12,15,18,0,45,0,3,60,0,63,12,18,78,0,108,34,0,34,142
12/27/2022,GJT,CO,ANM,WE,Federal Contract Tower,20,33,18,0,71,0,1,51,0,52,20,34,69,0,123,98,0,98,221
12/28/2022,GJT,CO,ANM,WE,Federal Contract Tower,27,41,13,0,81,0,0,0,0,0,27,41,13,0,81,0,0,0,81
12/29/2022,GJT,CO,ANM,WE,Federal Contract Tower,16,17,27,1,61,0,0,0,0,0,16,17,27,1,61,0,0,0,61
12/30/2022,GJT,CO,ANM,WE,Federal Contract Tower,18,37,18,2,75,0,2,7,0,9,18,39,25,2,84,34,0,34,118
12/31/2022,GJT,CO,ANM,WE,Federal Contract Tower,13,53,17,0,83,0,0,0,0,0,13,53,17,0,83,0,0,0,83
01/01/2023,GJT,CO,ANM,WE,Federal Contract Tower,25,27,15,0,67,0,1,2,0,3,25,28,17,0,70,0,0,0,70
01/02/2023,GJT,CO,ANM,WE,Federal Contract Tower,24,41,22,0,87,0,0,0,0,0,24,41,22,0,87,0,0,0,87
01/03/2023,GJT,CO,ANM,WE,Federal Contract Tower,21,51,36,0,108,0,0,1,0,1,21,51,37,0,109,0,0,0,109
01/04/2023,GJT,CO,ANM,WE,Federal Contract Tower,15,20,19,4,58,0,0,62,0,62,15,20,81,4,120,64,0,64,184
01/05/2023,GJT,CO,ANM,WE,Federal Contract Tower,17,14,17,0,48,0,0,42,0,42,17,14,59,0,90,60,0,60,150
01/06/2023,GJT,CO,ANM,WE,Federal Contract Tower,24,39,17,1,81,0,0,0,0,0,24,39,17,1,81,0,0,0,81
01/07/2023,GJT,CO,ANM,WE,Federal Contract Tower,21,19,12,1,53,0,4,54,2,60,21,23,66,3,113,58,0,58,171
01/08/2023,GJT,CO,ANM,WE,Federal Contract Tower,17,4,17,0,38,0,1,33,0,34,17,5,50,0,72,20,0,20,92
01/09/2023,GJT,CO,ANM,WE,Federal Contract Tower,17,7,12,6,42,0,0,39,4,43,17,7,51,10,85,116,2,118,203
01/10/2023,GJT,CO,ANM,WE,Federal Contract Tower,20,12,12,8,52,0,0,35,0,35,20,12,47,8,87,64,0,64,151
01/11/2023,GJT,CO,ANM,WE,Federal Contract Tower,26,21,6,2,55,0,0,15,2,17,26,21,21,4,72,20,2,22,94
01/12/2023,GJT,CO,ANM,WE,Federal Contract Tower,17,14,11,8,50,0,1,70,2,73,17,15,81,10,123,124,6,130,253
01/13/2023,GJT,CO,ANM,WE,Federal Contract Tower,20,12,7,8,47,0,3,62,4,69,20,15,69,12,116,62,2,64,180
01/14/2023,GJT,CO,ANM,WE,Federal Contract Tower,16,8,4,3,31,0,1,43,0,44,16,9,47,3,75,84,0,84,159
01/15/2023,GJT,CO,ANM,WE,Federal Contract Tower,13,18,8,0,39,0,1,0,0,1,13,19,8,0,40,0,0,0,40
01/16/2023,GJT,CO,ANM,WE,Federal Contract Tower,17,29,16,0,62,0,0,7,0,7,17,29,23,0,69,0,0,0,69
01/17/2023,GJT,CO,ANM,WE,Federal Contract Tower,20,28,13,0,61,0,0,0,0,0,20,28,13,0,61,0,0,0,61
01/18/2023,GJT,CO,ANM,WE,Federal Contract Tower,34,34,16,2,86,0,0,15,0,15,34,34,31,2,101,34,0,34,135
01/19/2023,GJT,CO,ANM,WE,Federal Contract Tower,26,12,15,3,56,0,1,55,1,57,26,13,70,4,113,46,2,48,161
01/20/2023,GJT,CO,ANM,WE,Federal Contract Tower,17,18,14,1,50,0,1,54,2,57,17,19,68,3,107,82,4,86,193
01/21/2023,GJT,CO,ANM,WE,Federal Contract Tower,16,15,3,2,36,0,0,70,0,70,16,15,73,2,106,62,0,62,168
01/22/2023,GJT,CO,ANM,WE,Federal Contract Tower,15,12,10,0,37,0,0,36,0,36,15,12,46,0,73,40,0,40,113
01/23/2023,GJT,CO,ANM,WE,Federal Contract Tower,19,10,15,0,44,0,0,26,0,26,19,10,41,0,70,12,0,12,82
01/24/2023,GJT,CO,ANM,WE,Federal Contract Tower,17,19,10,0,46,0,1,38,1,40,17,20,48,1,86,58,0,58,144
01/25/2023,GJT,CO,ANM,WE,Federal Contract Tower,19,17,12,0,48,0,0,46,0,46,19,17,58,0,94,32,0,32,126
01/26/2023,GJT,CO,ANM,WE,Federal Contract Tower,18,17,6,0,41,0,0,60,0,60,18,17,66,0,101,52,0,52,153
01/27/2023,GJT,CO,ANM,WE,Federal Contract Tower,34,25,20,3,82,0,0,39,1,40,34,25,59,4,122,46,2,48,170
01/28/2023,GJT,CO,ANM,WE,Federal Contract Tower,34,19,11,1,65,0,0,26,0,26,34,19,37,1,91,46,0,46,137
01/29/2023,GJT,CO,ANM,WE,Federal Contract Tower,16,14,13,2,45,0,0,23,0,23,16,14,36,2,68,38,0,38,106
01/30/2023,GJT,CO,ANM,WE,Federal Contract Tower,18,44,21,0,83,0,0,6,0,6,18,44,27,0,89,0,0,0,89
01/31/2023,GJT,CO,ANM,WE,Federal Contract Tower,12,12,3,0,27,0,0,38,0,38,12,12,41,0,65,58,0,58,123
02/01/2023,GJT,CO,ANM,WE,Federal Contract Tower,8,20,10,0,38,0,1,67,0,68,8,21,77,0,106,42,0,42,148
02/02/2023,GJT,CO,ANM,WE,Federal Contract Tower,15,15,8,2,40,0,2,44,2,48,15,17,52,4,88,22,4,26,114
02/03/2023,GJT,CO,ANM,WE,Federal Contract Tower,23,10,9,6,48,0,1,56,6,63,23,11,65,12,111,36,20,56,167
02/04/2023,GJT,CO,ANM,WE,Federal Contract Tower,18,8,9,6,41,0,0,65,2,67,18,8,74,8,108,14,6,20,128
02/05/2023,GJT,CO,ANM,WE,Federal Contract Tower,23,5,6,2,36,0,0,31,0,31,23,5,37,2,67,10,0,10,77
02/06/2023,GJT,CO,ANM,WE,Federal Contract Tower,17,13,7,14,51,0,6,30,3,39,17,19,37,17,90,12,10,22,112
02/07/2023,GJT,CO,ANM,WE,Federal Contract Tower,22,10,12,3,47,0,4,57,1,62,22,14,69,4,109,40,2,42,151
02/08/2023,GJT,CO,ANM,WE,Federal Contract Tower,17,17,15,5,54,0,1,33,6,40,17,18,48,11,94,28,2,30,124
02/09/2023,GJT,CO,ANM,WE,Federal Contract Tower,20,12,13,2,47,0,4,25,0,29,20,16,38,2,76,66,0,66,142
02/10/2023,GJT,CO,ANM,WE,Federal Contract Tower,18,14,11,14,57,0,3,72,1,76,18,17,83,15,133,20,0,20,153
02/11/2023,GJT,CO,ANM,WE,Federal Contract Tower,17,7,2,10,36,0,0,51,2,53,17,7,53,12,89,24,4,28,117
02/12/2023,GJT,CO,ANM,WE,Federal Contract Tower,15,11,4,2,32,0,0,43,0,43,15,11,47,2,75,24,0,24,99
02/13/2023,GJT,CO,ANM,WE,Federal Contract Tower,18,20,9,4,51,0,0,26,0,26,18,20,35,4,77,12,0,12,89
02/14/2023,GJT,CO,ANM,WE,Federal Contract Tower,37,26,8,0,71,0,0,1,0,1,37,26,9,0,72,0,0,0,72
02/15/2023,GJT,CO,ANM,WE,Federal Contract Tower,18,18,8,0,44,0,0,0,0,0,18,18,8,0,44,0,0,0,44
02/16/2023,GJT,CO,ANM,WE,Federal Contract Tower,19,20,15,3,57,0,8,59,0,67,19,28,74,3,124,42,8,50,174
02/17/2023,GJT,CO,ANM,WE,Federal Contract Tower,21,14,11,15,61,0,4,71,0,75,21,18,82,15,136,96,0,96,232
02/18/2023,GJT,CO,ANM,WE,Federal Contract Tower,19,13,20,0,52,0,3,54,0,57,19,16,74,0,109,56,0,56,165
02/19/2023,GJT,CO,ANM,WE,Federal Contract Tower,16,18,6,3,43,0,2,37,1,40,16,20,43,4,83,28,0,28,111
02/20/2023,GJT,CO,ANM,WE,Federal Contract Tower,25,12,6,0,43,0,1,54,0,55,25,13,60,0,98,38,0,38,136
02/21/2023,GJT,CO,ANM,WE,Federal Contract Tower,18,19,21,8,66,0,0,49,0,49,18,19,70,8,115,50,14,64,179
02/22/2023,GJT,CO,ANM,WE,Federal Contract Tower,15,16,15,0,46,0,0,0,0,0,15,16,15,0,46,0,0,0,46
02/23/2023,GJT,CO,ANM,WE,Federal Contract Tower,19,23,11,0,53,0,0,12,0,12,19,23,23,0,65,4,0,4,69
02/24/2023,GJT,CO,ANM,WE,Federal Contract Tower,23,18,9,0,50,0,0,39,0,39,23,18,48,0,89,78,0,78,167
02/25/2023,GJT,CO,ANM,WE,Federal Contract Tower,20,16,7,0,43,0,7,83,1,91,20,23,90,1,134,58,0,58,192
02/26/2023,GJT,CO,ANM,WE,Federal Contract Tower,22,19,20,0,61,0,3,11,0,14,22,22,31,0,75,4,0,4,79
02/27/2023,GJT,CO,ANM,WE,Federal Contract Tower,23,14,17,0,54,0,0,39,0,39,23,14,56,0,93,16,0,16,109
03/01/2023,GJT,CO,ANM,WE,Federal Contract Tower,18,30,14,0,62,0,0,3,0,3,18,30,17,0,65,0,0,0,65
03/02/2023,GJT,CO,ANM,WE,Federal Contract Tower,14,18,20,3,55,0,7,89,3,99,14,25,109,6,154,144,20,164,318
03/03/2023,GJT,CO,ANM,WE,Federal Contract Tower,30,31,19,3,83,0,1,41,2,44,30,32,60,5,127,48,12,60,187
03/04/2023,GJT,CO,ANM,WE,Federal Contract Tower,18,17,14,9,58,0,0,80,0,80,18,17,94,9,138,80,4,84,222
03/05/2023,GJT,CO,ANM,WE,Federal Contract Tower,18,18,11,0,47,0,0,14,2,16,18,18,25,2,63,4,0,4,67
03/06/2023,GJT,CO,ANM,WE,Federal Contract Tower,16,14,9,2,41,0,3,22,0,25,16,17,31,2,66,0,0,0,66
03/08/2023,GJT,CO,ANM,WE,Federal Contract Tower,20,17,17,2,56,0,6,73,0,79,20,23,90,2,135,58,0,58,193
03/09/2023,GJT,CO,ANM,WE,Federal Contract Tower,12,19,6,2,39,0,2,84,0,86,12,21,90,2,125,104,0,104,229
03/10/2023,GJT,CO,ANM,WE,Federal Contract Tower,28,40,22,6,96,0,0,2,0,2,28,40,24,6,98,0,0,0,98
03/11/2023,GJT,CO,ANM,WE,Federal Contract Tower,18,17,6,3,44,0,0,2,0,2,18,17,8,3,46,0,0,0,46
03/12/2023,GJT,CO,ANM,WE,Federal Contract Tower,17,18,8,2,45,0,0,11,2,13,17,18,19,4,58,8,0,8,66
03/13/2023,GJT,CO,ANM,WE,Federal Contract Tower,18,25,20,1,64,0,0,53,0,53,18,25,73,1,117,28,0,28,145
03/14/2023,GJT,CO,ANM,WE,Federal Contract Tower,18,16,4,0,38,0,3,57,0,60,18,19,61,0,98,80,0,80,178
03/15/2023,GJT,CO,ANM,WE,Federal Contract Tower,15,30,7,0,52,0,0,1,0,1,15,30,8,0,53,0,0,0,53
03/16/2023,GJT,CO,ANM,WE,Federal Contract Tower,18,25,12,6,61,0,6,33,2,41,18,31,45,8,102,22,12,34,136
03/17/2023,GJT,CO,ANM,WE,Federal Contract Tower,23,19,8,14,64,0,1,132,1,134,23,20,140,15,198,154,6,160,358
03/18/2023,GJT,CO,ANM,WE,Federal Contract Tower,14,14,10,6,44,0,0,84,1,85,14,14,94,7,129,122,22,144,273
03/19/2023,GJT,CO,ANM,WE,Federal Contract Tower,14,10,9,1,34,0,0,32,1,33,14,10,41,2,67,16,0,16,83
03/20/2023,GJT,CO,ANM,WE,Federal Contract Tower,17,24,14,9,64,0,0,5,0,5,17,24,19,9,69,0,0,0,69
03/21/2023,GJT,CO,ANM,WE,Federal Contract Tower,21,24,8,2,55,0,1,20,0,21,21,25,28,2,76,26,0,26,102
03/22/2023,GJT,CO,ANM,WE,Federal Contract Tower,35,44,17,0,96,0,0,0,0,0,35,44,17,0,96,0,0,0,96
03/23/2023,GJT,CO,ANM,WE,Federal Contract Tower,21,19,7,21,68,0,6,23,2,31,21,25,30,23,99,20,12,32,131
03/24/2023,GJT,CO,ANM,WE,Federal Contract Tower,19,20,6,1,46,0,1,4,0,5,19,21,10,1,51,4,0,4,55
03/25/2023,GJT,CO,ANM,WE,Federal Contract Tower,25,13,14,0,52,0,7,55,1,63,25,20,69,1,115,62,0,62,177
03/26/2023,GJT,CO,ANM,WE,Federal Contract Tower,19,20,11,0,50,0,1,22,1,24,19,21,33,1,74,6,0,6,80
03/27/2023,GJT,CO,ANM,WE,Federal Contract Tower,23,22,16,3,64,0,0,50,0,50,23,22,66,3,114,46,0,46,160
03/28/2023,GJT,CO,ANM,WE,Federal Contract Tower,19,15,11,1,46,0,1,67,5,73,19,16,78,6,119,88,0,88,207
03/29/2023,GJT,CO,ANM,WE,Federal Contract Tower,24,15,15,0,54,0,12,63,0,75,24,27,78,0,129,50,0,50,179
03/30/2023,GJT,CO,ANM,WE,Federal Contract Tower,25,32,17,0,74,0,0,9,0,9,25,32,26,0,83,10,0,10,93
03/31/2023,GJT,CO,ANM,WE,Federal Contract Tower,21,20,33,9,83,0,1,15,1,17,21,21,48,10,100,8,0,8,108
04/01/2023,GJT,CO,ANM,WE,Federal Contract Tower,18,12,11,1,42,0,2,64,10,76,18,14,75,11,118,52,14,66,184
04/02/2023,GJT,CO,ANM,WE,Federal Contract Tower,19,13,6,5,43,0,1,53,3,57,19,14,59,8,100,16,0,16,116
04/03/2023,GJT,CO,ANM,WE,Federal Contract Tower,21,15,14,5,55,0,0,2,0,2,21,15,16,5,57,0,0,0,57
04/04/2023,GJT,CO,ANM,WE,Federal Contract Tower,20,19,15,0,54,0,0,7,0,7,20,19,22,0,61,0,0,0,61
04/05/2023,GJT,CO,ANM,WE,Federal Contract Tower,15,16,17,4,52,0,0,35,2,37,15,16,52,6,89,24,14,38,127
04/06/2023,GJT,CO,ANM,WE,Federal Contract Tower,13,16,19,9,57,0,3,114,2,119,13,19,133,11,176,120,2,122,298
04/07/2023,GJT,CO,ANM,WE,Federal Contract Tower,16,22,15,6,59,0,7,95,3,105,16,29,110,9,164,108,0,108,272
04/08/2023,GJT,CO,ANM,WE,Federal Contract Tower,22,13,10,10,55,0,0,113,8,121,22,13,123,18,176,74,24,98,274
04/09/2023,GJT,CO,ANM,WE,Federal Contract Tower,12,16,8,0,36,0,2,42,4,48,12,18,50,4,84,4,0,4,88
04/10/2023,GJT,CO,ANM,WE,Federal Contract Tower,15,18,27,0,60,0,4,64,0,68,15,22,91,0,128,78,0,78,206
04/11/2023,GJT,CO,ANM,WE,Federal Contract Tower,13,23,10,0,46,0,0,70,2,72,13,23,80,2,118,52,0,52,170
04/12/2023,GJT,CO,ANM,WE,Federal Contract Tower,14,20,6,4,44,0,2,34,4,40,14,22,40,8,84,26,0,26,110
04/13/2023,GJT,CO,ANM,WE,Federal Contract Tower,13,21,11,6,51,0,3,36,0,39,13,24,47,6,90,6,0,6,96
04/14/2023,GJT,CO,ANM,WE,Federal Contract Tower,21,25,12,0,58,0,2,11,0,13,21,27,23,0,71,2,0,2,73
04/15/2023,GJT,CO,ANM,WE,Federal Contract Tower,15,12,5,2,34,0,0,65,0,65,15,12,70,2,99,62,0,62,161
04/16/2023,GJT,CO,ANM,WE,Federal Contract Tower,12,16,7,1,36,0,0,57,0,57,12,16,64,1,93,24,0,24,117
04/17/2023,GJT,CO,ANM,WE,Federal Contract Tower,21,11,12,7,51,0,1,60,2,63,21,12,72,9,114,48,0,48,162
04/18/2023,GJT,CO,ANM,WE,Federal Contract Tower,15,13,7,2,37,0,0,12,0,12,15,13,19,2,49,0,0,0,49
04/19/2023,GJT,CO,ANM,WE,Federal Contract Tower,19,21,13,2,55,0,0,12,2,14,19,21,25,4,69,10,0,10,79
04/20/2023,GJT,CO,ANM,WE,Federal Contract Tower,18,17,11,11,57,0,0,45,1,46,18,17,56,12,103,52,6,58,161
04/21/2023,GJT,CO,ANM,WE,Federal Contract Tower,18,16,14,7,55,0,9,50,0,59,18,25,64,7,114,42,0,42,156
04/22/2023,GJT,CO,ANM,WE,Federal Contract Tower,13,15,2,4,34,0,2,45,0,47,13,17,47,4,81,48,0,48,129
04/23/2023,GJT,CO,ANM,WE,Federal Contract Tower,15,14,13,2,44,0,0,79,1,80,15,14,92,3,124,50,2,52,176
04/24/2023,GJT,CO,ANM,WE,Federal Contract Tower,19,13,12,2,46,0,12,48,0,60,19,25,60,2,106,28,0,28,134
04/25/2023,GJT,CO,ANM,WE,Federal Contract Tower,34,24,12,0,70,0,1,3,0,4,34,25,15,0,74,0,0,0,74
04/26/2023,GJT,CO,ANM,WE,Federal Contract Tower,15,22,14,6,57,0,1,82,1,84,15,23,96,7,141,94,0,94,235
04/27/2023,GJT,CO,ANM,WE,Federal Contract Tower,18,19,12,1,50,0,0,92,0,92,18,19,104,1,142,82,0,82,224
04/28/2023,GJT,CO,ANM,WE,Federal Contract Tower,17,24,10,7,58,0,4,66,2,72,17,28,76,9,130,104,0,104,234
04/29/2023,GJT,CO,ANM,WE,Federal Contract Tower,12,11,5,1,29,0,0,80,0,80,12,11,85,1,109,70,0,70,179
04/30/2023,GJT,CO,ANM,WE,Federal Contract Tower,12,15,8,10,45,0,2,67,0,69,12,17,75,10,114,22,0,22,136
05/01/2023,GJT,CO,ANM,WE,Federal Contract Tower,19,9,12,0,40,0,1,75,0,76,19,10,87,0,116,46,0,46,162
05/02/2023,GJT,CO,ANM,WE,Federal Contract Tower,13,17,17,1,48,0,1,43,1,45,13,18,60,2,93,70,0,70,163
05/03/2023,GJT,CO,ANM,WE,Federal Contract Tower,15,22,8,4,49,0,0,72,4,76,15,22,80,8,125,76,0,76,201
05/04/2023,GJT,CO,ANM,WE,Federal Contract Tower,25,20,12,0,57,0,8,32,0,40,25,28,44,0,97,14,0,14,111
05/05/2023,GJT,CO,ANM,WE,Federal Contract Tower,23,14,9,6,52,0,8,43,0,51,23,22,52,6,103,22,0,22,125
05/06/2023,GJT,CO,ANM,WE,Federal Contract Tower,17,15,11,2,45,0,0,33,4,37,17,15,44,6,82,50,6,56,138
05/07/2023,GJT,CO,ANM,WE,Federal Contract Tower,16,8,17,0,41,0,0,15,0,15,16,8,32,0,56,8,0,8,64
05/08/2023,GJT,CO,ANM,WE,Federal Contract Tower,22,9,9,2,42,0,0,61,1,62,22,9,70,3,104,52,0,52,156
05/09/2023,GJT,CO,ANM,WE,Federal Contract Tower,16,10,13,0,39,0,2,54,0,56,16,12,67,0,95,46,0,46,141
05/10/2023,GJT,CO,ANM,WE,Federal Contract Tower,23,17,14,4,58,0,0,39,0,39,23,17,53,4,97,36,0,36,133
05/11/2023,GJT,CO,ANM,WE,Federal Contract Tower,20,15,15,5,55,0,0,49,0,49,20,15,64,5,104,36,0,36,140
05/12/2023,GJT,CO,ANM,WE,Federal Contract Tower,20,15,21,3,59,0,1,59,0,60,20,16,80,3,119,30,0,30,149
05/13/2023,GJT,CO,ANM,WE,Federal Contract Tower,18,8,11,2,39,0,0,41,2,43,18,8,52,4,82,40,0,40,122
05/14/2023,GJT,CO,ANM,WE,Federal Contract Tower,19,10,12,2,43,0,3,17,0,20,19,13,29,2,63,6,0,6,69
05/15/2023,GJT,CO,ANM,WE,Federal Contract Tower,22,11,15,2,50,0,3,56,1,60,22,14,71,3,110,66,12,78,188
05/16/2023,GJT,CO,ANM,WE,Federal Contract Tower,15,22,10,4,51,0,3,65,0,68,15,25,75,4,119,48,2,50,169
05/17/2023,GJT,CO,ANM,WE,Federal Contract Tower,18,24,10,0,52,0,2,54,0,56,18,26,64,0,108,90,0,90,198
05/18/2023,GJT,CO,ANM,WE,Federal Contract Tower,20,15,18,0,53,0,1,46,0,47,20,16,64,0,100,60,0,60,160
05/19/2023,GJT,CO,ANM,WE,Federal Contract Tower,21,14,18,0,53,0,3,65,0,68,21,17,83,0,121,66,0,66,187
05/20/2023,GJT,CO,ANM,WE,Federal Contract Tower,17,13,11,0,41,0,2,49,0,51,17,15,60,0,92,38,0,38,130
05/21/2023,GJT,CO,ANM,WE,Federal Contract Tower,18,12,12,0,42,0,0,52,0,52,18,12,64,0,94,42,0,42,136
05/22/2023,GJT,CO,ANM,WE,Federal Contract Tower,22,9,3,1,35,0,0,48,0,48,22,9,51,1,83,26,0,26,109
05/23/2023,GJT,CO,ANM,WE,Federal Contract Tower,16,10,14,2,42,0,3,58,7,68,16,13,72,9,110,26,0,26,136
05/24/2023,GJT,CO,ANM,WE,Federal Contract Tower,17,22,14,0,53,0,0,43,0,43,17,22,57,0,96,52,0,52,148
05/25/2023,GJT,CO,ANM,WE,Federal Contract Tower,20,14,13,0,47,0,4,59,4,67,20,18,72,4,114,34,0,34,148
05/26/2023,GJT,CO,ANM,WE,Federal Contract Tower,24,11,14,1,50,0,7,58,0,65,24,18,72,1,115,32,0,32,147
05/27/2023,GJT,CO,ANM,WE,Federal Contract Tower,25,7,6,0,38,0,1,46,0,47,25,8,52,0,85,18,0,18,103
05/28/2023,GJT,CO,ANM,WE,Federal Contract Tower,19,9,8,1,37,0,0,57,0,57,19,9,65,1,94,64,0,64,158
05/29/2023,GJT,CO,ANM,WE,Federal Contract Tower,29,9,14,0,52,0,5,69,0,74,29,14,83,0,126,20,0,20,146
05/30/2023,GJT,CO,ANM,WE,Federal Contract Tower,21,8,20,0,49,0,0,65,0,65,21,8,85,0,114,28,0,28,142
05/31/2023,GJT,CO,ANM,WE,Federal Contract Tower,19,17,15,0,51,0,2,54,0,56,19,19,69,0,107,54,0,54,161
06/01/2023,GJT,CO,ANM,WE,Federal Contract Tower,20,14,17,0,51,0,1,38,0,39,20,15,55,0,90,32,0,32,122
06/02/2023,GJT,CO,ANM,WE,Federal Contract Tower,23,15,15,3,56,0,1,32,0,33,23,16,47,3,89,36,0,36,125
06/03/2023,GJT,CO,ANM,WE,Federal Contract Tower,19,8,9,0,36,0,4,56,0,60,19,12,65,0,96,38,0,38,134
06/04/2023,GJT,CO,ANM,WE,Federal Contract Tower,18,4,11,0,33,0,0,69,1,70,18,4,80,1,103,40,0,40,143
06/05/2023,GJT,CO,ANM,WE,Federal Contract Tower,20,10,8,4,42,0,1,67,0,68,20,11,75,4,110,54,0,54,164
06/06/2023,GJT,CO,ANM,WE,Federal Contract Tower,24,9,11,1,45,0,1,51,0,52,24,10,62,1,97,38,0,38,135
06/07/2023,GJT,CO,ANM,WE,Federal Contract Tower,21,16,10,2,49,0,0,48,2,50,21,16,58,4,99,80,0,80,179
06/08/2023,GJT,CO,ANM,WE,Federal Contract Tower,17,19,18,0,54,0,7,86,0,93,17,26,104,0,147,58,8,66,213
06/09/2023,GJT,CO,ANM,WE,Federal Contract Tower,22,11,20,5,58,0,12,65,3,80,22,23,85,8,138,48,0,48,186
06/10/2023,GJT,CO,ANM,WE,Federal Contract Tower,16,10,13,0,39,0,0,62,3,65,16,10,75,3,104,52,6,58,162
06/11/2023,GJT,CO,ANM,WE,Federal Contract Tower,18,13,24,9,64,0,0,48,1,49,18,13,72,10,113,24,14,38,151
06/12/2023,GJT,CO,ANM,WE,Federal Contract Tower,21,16,17,7,61,0,0,44,4,48,21,16,61,11,109,10,0,10,119
06/13/2023,GJT,CO,ANM,WE,Federal Contract Tower,19,9,16,4,48,0,5,57,1,63,19,14,73,5,111,78,0,78,189
06/14/2023,GJT,CO,ANM,WE,Federal Contract Tower,17,11,17,2,47,0,2,61,6,69,17,13,78,8,116,50,10,60,176
06/15/2023,GJT,CO,ANM,WE,Federal Contract Tower,20,11,9,4,44,0,0,30,1,31,20,11,39,5,75,54,18,72,147
06/16/2023,GJT,CO,ANM,WE,Federal Contract Tower,25,11,6,16,58,0,1,57,0,58,25,12,63,16,116,76,12,88,204
06/17/2023,GJT,CO,ANM,WE,Federal Contract Tower,17,3,12,10,42,0,3,51,0,54,17,6,63,10,96,44,8,52,148
06/18/2023,GJT,CO,ANM,WE,Federal Contract Tower,18,9,6,2,35,0,4,25,0,29,18,13,31,2,64,12,0,12,76
06/19/2023,GJT,CO,ANM,WE,Federal Contract Tower,18,13,13,0,44,0,6,16,4,26,18,19,29,4,70,0,0,0,70
06/20/2023,GJT,CO,ANM,WE,Federal Contract Tower,19,11,18,2,50,0,5,28,4,37,19,16,46,6,87,6,6,12,99
06/21/2023,GJT,CO,ANM,WE,Federal Contract Tower,23,15,10,0,48,0,1,71,2,74,23,16,81,2,122,44,0,44,166
06/22/2023,GJT,CO,ANM,WE,Federal Contract Tower,22,12,15,4,53,0,0,67,2,69,22,12,82,6,122,70,0,70,192
06/23/2023,GJT,CO,ANM,WE,Federal Contract Tower,20,11,13,2,46,0,4,14,1,19,20,15,27,3,65,8,0,8,73
06/24/2023,GJT,CO,ANM,WE,Federal Contract Tower,16,13,4,6,39,0,2,109,1,112,16,15,113,7,151,34,18,52,203
06/27/2023,GJT,CO,ANM,WE,Federal Contract Tower,20,12,14,1,47,0,0,57,0,57,20,12,71,1,104,28,0,28,132
06/28/2023,GJT,CO,ANM,WE,Federal Contract Tower,15,10,8,6,39,0,0,90,0,90,15,10,98,6,129,10,6,16,145
06/29/2023,GJT,CO,ANM,WE,Federal Contract Tower,28,9,22,2,61,0,1,61,1,63,28,10,83,3,124,28,6,34,158
06/30/2023,GJT,CO,ANM,WE,Federal Contract Tower,18,6,14,8,46,0,3,57,0,60,18,9,71,8,106,40,6,46,152
07/01/2023,GJT,CO,ANM,WE,Federal Contract Tower,13,10,15,0,38,0,7,84,0,91,13,17,99,0,129,50,0,50,179
07/02/2023,GJT,CO,ANM,WE,Federal Contract Tower,16,8,9,0,33,0,1,55,0,56,16,9,64,0,89,48,0,48,137
07/03/2023,GJT,CO,ANM,WE,Federal Contract Tower,13,14,9,6,42,0,0,51,0,51,13,14,60,6,93,20,0,20,113
07/04/2023,GJT,CO,ANM,WE,Federal Contract Tower,15,10,6,0,31,0,2,41,0,43,15,12,47,0,74,10,0,10,84
07/05/2023,GJT,CO,ANM,WE,Federal Contract Tower,18,18,14,0,50,0,4,66,0,70,18,22,80,0,120,24,0,24,144
07/06/2023,GJT,CO,ANM,WE,Federal Contract Tower,32,15,18,2,67,0,1,89,0,90,32,16,107,2,157,44,2,46,203
07/07/2023,GJT,CO,ANM,WE,Federal Contract Tower,23,11,13,15,62,0,7,69,4,80,23,18,82,19,142,64,10,74,216
07/08/2023,GJT,CO,ANM,WE,Federal Contract Tower,17,10,8,5,40,0,3,56,4,63,17,13,64,9,103,42,14,56,159
07/09/2023,GJT,CO,ANM,WE,Federal Contract Tower,18,11,17,3,49,0,1,69,8,78,18,12,86,11,127,50,0,50,177
07/10/2023,GJT,CO,ANM,WE,Federal Contract Tower,18,10,16,0,44,0,0,117,0,117,18,10,133,0,161,26,0,26,187
07/11/2023,GJT,CO,ANM,WE,Federal Contract Tower,19,14,12,2,47,0,1,76,1,78,19,15,88,3,125,56,8,64,189
07/12/2023,GJT,CO,ANM,WE,Federal Contract Tower,16,15,17,7,55,0,3,74,2,79,16,18,91,9,134,62,8,70,204
07/13/2023,GJT,CO,ANM,WE,Federal Contract Tower,18,14,14,0,46,0,3,80,2,85,18,17,94,2,131,28,0,28,159
07/14/2023,GJT,CO,ANM,WE,Federal Contract Tower,24,8,11,2,45,0,3,75,5,83,24,11,86,7,128,18,8,26,154
07/15/2023,GJT,CO,ANM,WE,Federal Contract Tower,17,5,9,0,31,0,3,47,0,50,17,8,56,0,81,44,0,44,125
07/17/2023,GJT,CO,ANM,WE,Federal Contract Tower,23,4,6,7,40,0,0,55,2,57,23,4,61,9,97,20,0,20,117
07/18/2023,GJT,CO,ANM,WE,Federal Contract Tower,20,12,11,0,43,0,0,63,2,65,20,12,74,2,108,76,0,76,184
07/19/2023,GJT,CO,ANM,WE,Federal Contract Tower,17,16,16,14,63,0,4,94,0,98,17,20,110,14,161,36,4,40,201
07/20/2023,GJT,CO,ANM,WE,Federal Contract Tower,31,17,20,11,79,0,5,105,0,110,31,22,125,11,189,34,4,38,227
07/21/2023,GJT,CO,ANM,WE,Federal Contract Tower,21,13,14,2,50,0,5,61,0,66,21,18,75,2,116,20,0,20,136
07/22/2023,GJT,CO,ANM,WE,Federal Contract Tower,18,5,15,2,40,0,6,76,0,82,18,11,91,2,122,42,0,42,164
07/23/2023,GJT,CO,ANM,WE,Federal Contract Tower,22,6,12,2,42,0,1,55,0,56,22,7,67,2,98,44,0,44,142
07/24/2023,GJT,CO,ANM,WE,Federal Contract Tower,30,17,28,6,81,0,1,63,0,64,30,18,91,6,145,54,0,54,199
07/25/2023,GJT,CO,ANM,WE,Federal Contract Tower,23,20,12,2,57,0,3,53,0,56,23,23,65,2,113,98,0,98,211
07/26/2023,GJT,CO,ANM,WE,Federal Contract Tower,20,18,12,2,52,0,1,103,4,108,20,19,115,6,160,72,0,72,232
07/27/2023,GJT,CO,ANM,WE,Federal Contract Tower,20,20,11,3,54,0,5,103,12,120,20,25,114,15,174,66,0,66,240
07/28/2023,GJT,CO,ANM,WE,Federal Contract Tower,30,15,25,8,78,0,7,101,0,108,30,22,126,8,186,76,0,76,262
07/29/2023,GJT,CO,ANM,WE,Federal Contract Tower,24,7,6,6,43,0,5,75,1,81,24,12,81,7,124,74,8,82,206
07/30/2023,GJT,CO,ANM,WE,Federal Contract Tower,17,12,15,0,44,0,0,48,1,49,17,12,63,1,93,34,0,34,127
07/31/2023,GJT,CO,ANM,WE,Federal Contract Tower,18,9,16,2,45,0,0,38,0,38,18,9,54,2,83,28,0,28,111
08/01/2023,GJT,CO,ANM,WE,Federal Contract Tower,20,12,16,6,54,0,0,34,3,37,20,12,50,9,91,28,0,28,119
08/02/2023,GJT,CO,ANM,WE,Federal Contract Tower,13,22,12,6,53,0,4,79,0,83,13,26,91,6,136,52,2,54,190
08/03/2023,GJT,CO,ANM,WE,Federal Contract Tower,37,24,20,2,83,0,3,57,5,65,37,27,77,7,148,40,0,40,188
08/04/2023,GJT,CO,ANM,WE,Federal Contract Tower,23,14,6,12,55,0,2,48,14,64,23,16,54,26,119,50,16,66,185
08/05/2023,GJT,CO,ANM,WE,Federal Contract Tower,17,8,12,3,40,0,5,59,2,66,17,13,71,5,106,14,12,26,132
08/06/2023,GJT,CO,ANM,WE,Federal Contract Tower,20,5,16,6,47,0,2,60,7,69,20,7,76,13,116,32,0,32,148
08/07/2023,GJT,CO,ANM,WE,Federal Contract Tower,19,13,13,2,47,0,0,36,0,36,19,13,49,2,83,12,0,12,95
08/08/2023,GJT,CO,ANM,WE,Federal Contract Tower,20,11,25,4,60,0,2,63,0,65,20,13,88,4,125,28,0,28,153
08/09/2023,GJT,CO,ANM,WE,Federal Contract Tower,17,17,10,2,46,0,3,89,3,95,17,20,99,5,141,106,0,106,247
08/10/2023,GJT,CO,ANM,WE,Federal Contract Tower,20,16,12,2,50,0,5,50,0,55,20,21,62,2,105,60,0,60,165
08/11/2023,GJT,CO,ANM,WE,Federal Contract Tower,21,14,20,5,60,0,3,104,2,109,21,17,124,7,169,18,0,18,187
08/12/2023,GJT,CO,ANM,WE,Federal Contract Tower,18,9,7,0,34,0,4,61,4,69,18,13,68,4,103,46,0,46,149
08/13/2023,GJT,CO,ANM,WE,Federal Contract Tower,19,7,6,3,35,0,0,47,1,48,19,7,53,4,83,20,2,22,105
08/14/2023,GJT,CO,ANM,WE,Federal Contract Tower,19,10,16,2,47,0,0,49,0,49,19,10,65,2,96,26,0,26,122
08/15/2023,GJT,CO,ANM,WE,Federal Contract Tower,18,15,17,2,52,0,1,63,0,64,18,16,80,2,116,30,0,30,146
08/16/2023,GJT,CO,ANM,WE,Federal Contract Tower,15,21,8,0,44,0,3,80,1,84,15,24,88,1,128,42,0,42,170
08/17/2023,GJT,CO,ANM,WE,Federal Contract Tower,25,16,16,6,63,0,4,66,0,70,25,20,82,6,133,30,0,30,163
08/18/2023,GJT,CO,ANM,WE,Federal Contract Tower,23,17,17,3,60,0,0,46,1,47,23,17,63,4,107,42,0,42,149
08/19/2023,GJT,CO,ANM,WE,Federal Contract Tower,15,9,15,0,39,0,3,90,1,94,15,12,105,1,133,94,0,94,227
08/20/2023,GJT,CO,ANM,WE,Federal Contract Tower,16,9,16,2,43,0,0,55,1,56,16,9,71,3,99,26,0,26,125
08/21/2023,GJT,CO,ANM,WE,Federal Contract Tower,24,10,26,2,62,0,2,44,3,49,24,12,70,5,111,12,6,18,129
08/22/2023,GJT,CO,ANM,WE,Federal Contract Tower,17,11,18,2,48,0,3,58,5,66,17,14,76,7,114,64,0,64,178
08/23/2023,GJT,CO,ANM,WE,Federal Contract Tower,14,18,17,13,62,0,3,75,9,87,14,21,92,22,149,104,26,130,279
08/24/2023,GJT,CO,ANM,WE,Federal Contract Tower,16,19,20,0,55,0,5,49,2,56,16,24,69,2,111,22,0,22,133
08/25/2023,GJT,CO,ANM,WE,Federal Contract Tower,18,17,20,4,59,0,3,49,0,52,18,20,69,4,111,92,0,92,203
08/26/2023,GJT,CO,ANM,WE,Federal Contract Tower,15,11,9,0,35,0,2,55,0,57,15,13,64,0,92,66,0,66,158
08/27/2023,GJT,CO,ANM,WE,Federal Contract Tower,28,9,13,2,52,0,2,67,0,69,28,11,80,2,121,24,0,24,145
08/28/2023,GJT,CO,ANM,WE,Federal Contract Tower,20,11,19,4,54,0,0,52,0,52,20,11,71,4,106,58,0,58,164
08/29/2023,GJT,CO,ANM,WE,Federal Contract Tower,17,15,13,2,47,0,1,56,2,59,17,16,69,4,106,76,0,76,182
08/30/2023,GJT,CO,ANM,WE,Federal Contract Tower,16,14,20,2,52,0,5,78,2,85,16,19,98,4,137,48,0,48,185
08/31/2023,GJT,CO,ANM,WE,Federal Contract Tower,17,14,13,0,44,0,3,111,4,118,17,17,124,4,162,166,2,168,330
