01/01/2000,GLH,MS,ASO,CE,Federal Contract Tower,0,2,3,0,5,0,4,7,0,11,0,6,10,0,16,8,0,8,24
01/02/2000,GLH,MS,ASO,CE,Federal Contract Tower,0,1,3,0,4,0,4,5,0,9,0,5,8,0,13,2,0,2,15
01/03/2000,GLH,MS,ASO,CE,Federal Contract Tower,0,0,0,0,0,0,5,0,0,5,0,5,0,0,5,0,0,0,5
01/04/2000,GLH,MS,ASO,CE,Federal Contract Tower,0,5,8,9,22,0,0,7,5,12,0,5,15,14,34,6,94,100,134
01/05/2000,GLH,MS,ASO,CE,Federal Contract Tower,0,5,5,5,15,0,4,22,3,29,0,9,27,8,44,16,56,72,116
01/06/2000,GLH,MS,ASO,CE,Federal Contract Tower,0,4,6,6,16,0,0,22,2,24,0,4,28,8,40,14,76,90,130
01/07/2000,GLH,MS,ASO,CE,Federal Contract Tower,0,5,7,8,20,0,0,25,4,29,0,5,32,12,49,32,62,94,143
01/08/2000,GLH,MS,ASO,CE,Federal Contract Tower,0,2,3,0,5,0,5,2,0,7,0,7,5,0,12,0,0,0,12
01/09/2000,GLH,MS,ASO,CE,Federal Contract Tower,0,4,4,2,10,0,3,7,0,10,0,7,11,2,20,8,0,8,28
01/10/2000,GLH,MS,ASO,CE,Federal Contract Tower,0,6,6,7,19,0,1,7,5,13,0,7,13,12,32,10,62,72,104
01/11/2000,GLH,MS,ASO,CE,Federal Contract Tower,0,3,4,2,9,0,2,37,0,39,0,5,41,2,48,42,12,54,102
01/12/2000,GLH,MS,ASO,CE,Federal Contract Tower,0,6,8,8,22,0,0,16,4,20,0,6,24,12,42,2,16,18,60
01/13/2000,GLH,MS,ASO,CE,Federal Contract Tower,0,6,8,9,23,0,0,6,17,23,0,6,14,26,46,12,130,142,188
01/14/2000,GLH,MS,ASO,CE,Federal Contract Tower,0,7,5,7,19,0,0,23,3,26,0,7,28,10,45,10,104,114,159
01/15/2000,GLH,MS,ASO,CE,Federal Contract Tower,0,3,2,0,5,0,4,16,0,20,0,7,18,0,25,6,0,6,31
01/16/2000,GLH,MS,ASO,CE,Federal Contract Tower,0,5,3,0,8,0,0,17,0,17,0,5,20,0,25,6,0,6,31
01/17/2000,GLH,MS,ASO,CE,Federal Contract Tower,0,4,3,0,7,0,1,16,0,17,0,5,19,0,24,30,0,30,54
01/18/2000,GLH,MS,ASO,CE,Federal Contract Tower,0,4,10,13,27,0,0,3,1,4,0,4,13,14,31,6,210,216,247
01/19/2000,GLH,MS,ASO,CE,Federal Contract Tower,0,5,6,6,17,0,0,3,4,7,0,5,9,10,24,2,26,28,52
01/20/2000,GLH,MS,ASO,CE,Federal Contract Tower,0,5,4,5,14,0,0,25,1,26,0,5,29,6,40,20,46,66,106
01/21/2000,GLH,MS,ASO,CE,Federal Contract Tower,0,6,5,4,15,0,0,38,0,38,0,6,43,4,53,24,4,28,81
01/22/2000,GLH,MS,ASO,CE,Federal Contract Tower,0,3,2,0,5,0,3,1,0,4,0,6,3,0,9,0,0,0,9
01/23/2000,GLH,MS,ASO,CE,Federal Contract Tower,0,4,2,0,6,0,0,4,0,4,0,4,6,0,10,0,0,0,10
01/24/2000,GLH,MS,ASO,CE,Federal Contract Tower,0,5,7,9,21,0,0,9,1,10,0,5,16,10,31,8,142,150,181
01/25/2000,GLH,MS,ASO,CE,Federal Contract Tower,0,5,5,5,15,0,0,34,1,35,0,5,39,6,50,24,16,40,90
01/26/2000,GLH,MS,ASO,CE,Federal Contract Tower,0,5,4,5,14,0,2,30,3,35,0,7,34,8,49,26,50,76,125
01/27/2000,GLH,MS,ASO,CE,Federal Contract Tower,0,3,2,2,7,0,0,4,1,5,0,3,6,3,12,4,0,4,16
01/28/2000,GLH,MS,ASO,CE,Federal Contract Tower,0,2,1,1,4,0,0,1,0,1,0,2,2,1,5,0,0,0,5
01/29/2000,GLH,MS,ASO,CE,Federal Contract Tower,0,3,0,0,3,0,4,0,0,4,0,7,0,0,7,0,0,0,7
01/30/2000,GLH,MS,ASO,CE,Federal Contract Tower,0,4,2,0,6,0,1,20,0,21,0,5,22,0,27,6,0,6,33
01/31/2000,GLH,MS,ASO,CE,Federal Contract Tower,0,6,8,10,24,0,0,16,5,21,0,6,24,15,45,22,130,152,197
02/01/2000,GLH,MS,ASO,CE,Federal Contract Tower,0,5,5,6,16,0,1,16,4,21,0,6,21,10,37,68,60,128,165
02/02/2000,GLH,MS,ASO,CE,Federal Contract Tower,0,6,5,5,16,0,0,28,0,28,0,6,33,5,44,28,72,100,144
02/03/2000,GLH,MS,ASO,CE,Federal Contract Tower,0,5,6,8,19,0,0,37,4,41,0,5,43,12,60,46,74,120,180
02/04/2000,GLH,MS,ASO,CE,Federal Contract Tower,0,5,3,5,13,0,0,32,7,39,0,5,35,12,52,22,68,90,142
02/05/2000,GLH,MS,ASO,CE,Federal Contract Tower,0,5,3,3,11,0,4,36,0,40,0,9,39,3,51,30,0,30,81
02/06/2000,GLH,MS,ASO,CE,Federal Contract Tower,0,4,2,2,8,0,1,45,0,46,0,5,47,2,54,34,10,44,98
02/07/2000,GLH,MS,ASO,CE,Federal Contract Tower,0,5,8,9,22,0,0,37,3,40,0,5,45,12,62,52,50,102,164
02/08/2000,GLH,MS,ASO,CE,Federal Contract Tower,0,5,8,8,21,0,0,23,8,31,0,5,31,16,52,58,86,144,196
02/09/2000,GLH,MS,ASO,CE,Federal Contract Tower,0,7,13,12,32,0,0,21,6,27,0,7,34,18,59,42,144,186,245
02/10/2000,GLH,MS,ASO,CE,Federal Contract Tower,0,5,9,8,22,0,0,12,8,20,0,5,21,16,42,6,54,60,102
02/11/2000,GLH,MS,ASO,CE,Federal Contract Tower,0,6,13,9,28,0,0,12,0,12,0,6,25,9,40,8,14,22,62
02/12/2000,GLH,MS,ASO,CE,Federal Contract Tower,0,10,12,2,24,0,0,7,0,7,0,10,19,2,31,16,0,16,47
02/13/2000,GLH,MS,ASO,CE,Federal Contract Tower,0,2,3,0,5,0,3,1,0,4,0,5,4,0,9,0,0,0,9
02/14/2000,GLH,MS,ASO,CE,Federal Contract Tower,0,3,4,4,11,0,1,21,2,24,0,4,25,6,35,38,72,110,145
02/15/2000,GLH,MS,ASO,CE,Federal Contract Tower,0,5,11,11,27,0,0,43,1,44,0,5,54,12,71,48,104,152,223
02/16/2000,GLH,MS,ASO,CE,Federal Contract Tower,0,5,7,6,18,0,0,11,7,18,0,5,18,13,36,18,77,95,131
02/17/2000,GLH,MS,ASO,CE,Federal Contract Tower,0,3,5,1,9,0,2,16,0,18,0,5,21,1,27,6,0,6,33
02/18/2000,GLH,MS,ASO,CE,Federal Contract Tower,0,3,4,0,7,0,2,10,0,12,0,5,14,0,19,2,0,2,21
02/19/2000,GLH,MS,ASO,CE,Federal Contract Tower,0,4,5,4,13,0,5,7,2,14,0,9,12,6,27,2,0,2,29
02/20/2000,GLH,MS,ASO,CE,Federal Contract Tower,0,3,4,4,11,0,2,37,10,49,0,5,41,14,60,16,0,16,76
02/21/2000,GLH,MS,ASO,CE,Federal Contract Tower,0,2,3,1,6,0,3,22,0,25,0,5,25,1,31,26,0,26,57
02/22/2000,GLH,MS,ASO,CE,Federal Contract Tower,0,2,3,2,7,0,4,28,7,39,0,6,31,9,46,20,2,22,68
02/23/2000,GLH,MS,ASO,CE,Federal Contract Tower,0,5,7,5,17,0,1,24,0,25,0,6,31,5,42,34,26,60,102
02/24/2000,GLH,MS,ASO,CE,Federal Contract Tower,0,7,8,8,23,0,0,12,2,14,0,7,20,10,37,30,36,66,103
02/25/2000,GLH,MS,ASO,CE,Federal Contract Tower,0,6,13,12,31,0,0,9,8,17,0,6,22,20,48,8,98,106,154
02/26/2000,GLH,MS,ASO,CE,Federal Contract Tower,0,3,4,0,7,0,8,0,0,8,0,11,4,0,15,8,0,8,23
02/27/2000,GLH,MS,ASO,CE,Federal Contract Tower,0,3,4,2,9,0,3,35,0,38,0,6,39,2,47,12,2,14,61
02/28/2000,GLH,MS,ASO,CE,Federal Contract Tower,0,5,9,8,22,0,0,50,0,50,0,5,59,8,72,26,70,96,168
02/29/2000,GLH,MS,ASO,CE,Federal Contract Tower,0,4,6,6,16,0,0,43,0,43,0,4,49,6,59,68,60,128,187
03/01/2000,GLH,MS,ASO,CE,Federal Contract Tower,0,4,6,5,15,0,2,32,5,39,0,6,38,10,54,70,50,120,174
03/02/2000,GLH,MS,ASO,CE,Federal Contract Tower,0,5,9,9,23,0,0,19,10,29,0,5,28,19,52,18,150,168,220
03/03/2000,GLH,MS,ASO,CE,Federal Contract Tower,0,4,8,7,19,0,0,13,4,17,0,4,21,11,36,12,86,98,134
03/04/2000,GLH,MS,ASO,CE,Federal Contract Tower,0,4,6,0,10,0,5,13,0,18,0,9,19,0,28,14,0,14,42
03/05/2000,GLH,MS,ASO,CE,Federal Contract Tower,0,2,3,0,5,0,3,27,0,30,0,5,30,0,35,6,0,6,41
03/06/2000,GLH,MS,ASO,CE,Federal Contract Tower,0,5,4,6,15,0,0,15,4,19,0,5,19,10,34,12,104,116,150
03/07/2000,GLH,MS,ASO,CE,Federal Contract Tower,0,5,8,7,20,0,0,17,0,17,0,5,25,7,37,16,106,122,159
03/08/2000,GLH,MS,ASO,CE,Federal Contract Tower,0,6,13,13,32,0,0,13,5,18,0,6,26,18,50,8,250,258,308
03/09/2000,GLH,MS,ASO,CE,Federal Contract Tower,0,5,5,4,14,0,0,16,0,16,0,5,21,4,30,16,2,18,48
03/10/2000,GLH,MS,ASO,CE,Federal Contract Tower,0,5,6,2,13,0,0,10,0,10,0,5,16,2,23,0,22,22,45
03/11/2000,GLH,MS,ASO,CE,Federal Contract Tower,0,3,2,0,5,0,6,0,0,6,0,9,2,0,11,0,0,0,11
03/12/2000,GLH,MS,ASO,CE,Federal Contract Tower,0,2,3,0,5,0,2,38,0,40,0,4,41,0,45,26,0,26,71
03/13/2000,GLH,MS,ASO,CE,Federal Contract Tower,0,6,6,4,16,0,1,34,0,35,0,7,40,4,51,60,60,120,171
03/14/2000,GLH,MS,ASO,CE,Federal Contract Tower,0,6,11,8,25,0,0,23,6,29,0,6,34,14,54,34,178,212,266
03/15/2000,GLH,MS,ASO,CE,Federal Contract Tower,0,5,10,6,21,0,0,12,0,12,0,5,22,6,33,12,16,28,61
03/16/2000,GLH,MS,ASO,CE,Federal Contract Tower,0,2,3,0,5,0,3,4,0,7,0,5,7,0,12,4,0,4,16
03/17/2000,GLH,MS,ASO,CE,Federal Contract Tower,0,5,7,2,14,0,1,12,0,13,0,6,19,2,27,6,40,46,73
03/18/2000,GLH,MS,ASO,CE,Federal Contract Tower,0,3,5,0,8,0,4,12,0,16,0,7,17,0,24,8,0,8,32
03/19/2000,GLH,MS,ASO,CE,Federal Contract Tower,0,2,2,0,4,0,2,0,0,2,0,4,2,0,6,0,0,0,6
03/20/2000,GLH,MS,ASO,CE,Federal Contract Tower,0,6,8,6,20,0,0,28,2,30,0,6,36,8,50,20,86,106,156
03/21/2000,GLH,MS,ASO,CE,Federal Contract Tower,0,4,5,3,12,0,1,52,1,54,0,5,57,4,66,60,66,126,192
03/22/2000,GLH,MS,ASO,CE,Federal Contract Tower,0,4,8,6,18,0,0,30,0,30,0,4,38,6,48,34,60,94,142
03/23/2000,GLH,MS,ASO,CE,Federal Contract Tower,0,5,7,5,17,0,0,37,1,38,0,5,44,6,55,42,68,110,165
03/24/2000,GLH,MS,ASO,CE,Federal Contract Tower,0,5,10,7,22,0,0,20,3,23,0,5,30,10,45,20,40,60,105
03/25/2000,GLH,MS,ASO,CE,Federal Contract Tower,0,4,5,0,9,0,5,3,0,8,0,9,8,0,17,0,0,0,17
03/26/2000,GLH,MS,ASO,CE,Federal Contract Tower,0,3,4,2,9,0,2,9,0,11,0,5,13,2,20,6,0,6,26
03/27/2000,GLH,MS,ASO,CE,Federal Contract Tower,0,5,7,5,17,0,0,13,0,13,0,5,20,5,30,26,44,70,100
03/28/2000,GLH,MS,ASO,CE,Federal Contract Tower,0,5,6,4,15,0,0,39,0,39,0,5,45,4,54,48,56,104,158
03/29/2000,GLH,MS,ASO,CE,Federal Contract Tower,0,4,5,0,9,0,1,11,0,12,0,5,16,0,21,12,0,12,33
03/30/2000,GLH,MS,ASO,CE,Federal Contract Tower,0,4,9,2,15,0,0,10,0,10,0,4,19,2,25,46,24,70,95
03/31/2000,GLH,MS,ASO,CE,Federal Contract Tower,0,5,8,4,17,0,0,30,0,30,0,5,38,4,47,32,68,100,147
04/01/2000,GLH,MS,ASO,CE,Federal Contract Tower,0,4,4,0,8,0,3,15,0,18,0,7,19,0,26,0,0,0,26
04/02/2000,GLH,MS,ASO,CE,Federal Contract Tower,0,3,1,0,4,0,1,1,0,2,0,4,2,0,6,0,0,0,6
04/03/2000,GLH,MS,ASO,CE,Federal Contract Tower,0,4,1,1,6,0,0,4,0,4,0,4,5,1,10,4,0,4,14
04/04/2000,GLH,MS,ASO,CE,Federal Contract Tower,0,7,9,10,26,0,0,22,4,26,0,7,31,14,52,10,204,214,266
04/05/2000,GLH,MS,ASO,CE,Federal Contract Tower,0,6,4,5,15,0,0,25,3,28,0,6,29,8,43,10,86,96,139
04/06/2000,GLH,MS,ASO,CE,Federal Contract Tower,0,6,10,8,24,0,0,15,6,21,0,6,25,14,45,30,184,214,259
04/07/2000,GLH,MS,ASO,CE,Federal Contract Tower,0,6,11,11,28,0,0,7,1,8,0,6,18,12,36,0,144,144,180
04/08/2000,GLH,MS,ASO,CE,Federal Contract Tower,0,2,2,0,4,0,4,9,0,13,0,6,11,0,17,8,0,8,25
04/09/2000,GLH,MS,ASO,CE,Federal Contract Tower,0,4,4,0,8,0,1,31,0,32,0,5,35,0,40,4,0,4,44
04/10/2000,GLH,MS,ASO,CE,Federal Contract Tower,0,6,7,4,17,0,0,71,0,71,0,6,78,4,88,18,90,108,196
04/11/2000,GLH,MS,ASO,CE,Federal Contract Tower,0,3,5,3,11,0,3,10,1,14,0,6,15,4,25,4,0,4,29
04/12/2000,GLH,MS,ASO,CE,Federal Contract Tower,0,7,11,0,18,0,0,11,0,11,0,7,22,0,29,4,0,4,33
04/13/2000,GLH,MS,ASO,CE,Federal Contract Tower,0,5,7,0,12,0,1,5,0,6,0,6,12,0,18,6,0,6,24
04/14/2000,GLH,MS,ASO,CE,Federal Contract Tower,0,4,8,2,14,0,0,12,0,12,0,4,20,2,26,10,4,14,40
04/15/2000,GLH,MS,ASO,CE,Federal Contract Tower,0,3,5,3,11,0,2,8,5,15,0,5,13,8,26,2,0,2,28
04/16/2000,GLH,MS,ASO,CE,Federal Contract Tower,0,3,5,0,8,0,2,8,0,10,0,5,13,0,18,8,0,8,26
04/17/2000,GLH,MS,ASO,CE,Federal Contract Tower,0,5,13,11,29,0,0,24,3,27,0,5,37,14,56,42,160,202,258
04/18/2000,GLH,MS,ASO,CE,Federal Contract Tower,0,5,11,9,25,0,0,13,3,16,0,5,24,12,41,6,212,218,259
04/19/2000,GLH,MS,ASO,CE,Federal Contract Tower,0,4,6,4,14,0,2,22,2,26,0,6,28,6,40,4,86,90,130
04/20/2000,GLH,MS,ASO,CE,Federal Contract Tower,0,5,7,4,16,0,0,6,0,6,0,5,13,4,22,0,74,74,96
04/21/2000,GLH,MS,ASO,CE,Federal Contract Tower,0,4,6,6,16,0,1,9,0,10,0,5,15,6,26,16,56,72,98
04/22/2000,GLH,MS,ASO,CE,Federal Contract Tower,0,3,5,3,11,0,1,27,3,31,0,4,32,6,42,32,0,32,74
04/23/2000,GLH,MS,ASO,CE,Federal Contract Tower,0,2,4,0,6,0,3,5,0,8,0,5,9,0,14,0,0,0,14
04/24/2000,GLH,MS,ASO,CE,Federal Contract Tower,0,6,14,8,28,0,0,4,0,4,0,6,18,8,32,4,110,114,146
04/25/2000,GLH,MS,ASO,CE,Federal Contract Tower,0,5,9,8,22,0,0,25,4,29,0,5,34,12,51,44,180,224,275
04/26/2000,GLH,MS,ASO,CE,Federal Contract Tower,0,5,9,7,21,0,0,23,1,24,0,5,32,8,45,22,90,112,157
04/27/2000,GLH,MS,ASO,CE,Federal Contract Tower,0,4,6,4,14,0,1,13,0,14,0,5,19,4,28,24,68,92,120
04/28/2000,GLH,MS,ASO,CE,Federal Contract Tower,0,5,7,2,14,0,1,49,0,50,0,6,56,2,64,32,48,80,144
04/29/2000,GLH,MS,ASO,CE,Federal Contract Tower,0,3,5,0,8,0,2,18,0,20,0,5,23,0,28,12,0,12,40
04/30/2000,GLH,MS,ASO,CE,Federal Contract Tower,0,2,4,2,8,0,3,17,0,20,0,5,21,2,28,2,2,4,32
05/01/2000,GLH,MS,ASO,CE,Federal Contract Tower,0,6,7,6,19,0,0,7,0,7,0,6,14,6,26,12,98,110,136
05/02/2000,GLH,MS,ASO,CE,Federal Contract Tower,0,6,12,10,28,0,0,6,0,6,0,6,18,10,34,6,176,182,216
05/03/2000,GLH,MS,ASO,CE,Federal Contract Tower,0,5,7,4,16,0,1,1,0,2,0,6,8,4,18,10,6,16,34
05/04/2000,GLH,MS,ASO,CE,Federal Contract Tower,0,5,7,0,12,0,0,12,0,12,0,5,19,0,24,4,0,4,28
05/05/2000,GLH,MS,ASO,CE,Federal Contract Tower,0,3,5,0,8,0,4,18,0,22,0,7,23,0,30,16,0,16,46
05/06/2000,GLH,MS,ASO,CE,Federal Contract Tower,0,2,5,4,11,0,3,13,0,16,0,5,18,4,27,42,0,42,69
05/07/2000,GLH,MS,ASO,CE,Federal Contract Tower,0,2,4,0,6,0,3,9,0,12,0,5,13,0,18,12,0,12,30
05/08/2000,GLH,MS,ASO,CE,Federal Contract Tower,0,5,7,8,20,0,0,13,2,15,0,5,20,10,35,10,128,138,173
05/09/2000,GLH,MS,ASO,CE,Federal Contract Tower,0,6,9,7,22,0,0,29,0,29,0,6,38,7,51,58,70,128,179
05/10/2000,GLH,MS,ASO,CE,Federal Contract Tower,0,5,10,11,26,0,0,28,8,36,0,5,38,19,62,16,122,138,200
05/11/2000,GLH,MS,ASO,CE,Federal Contract Tower,0,7,5,6,18,0,2,6,6,14,0,9,11,12,32,4,118,122,154
05/12/2000,GLH,MS,ASO,CE,Federal Contract Tower,0,5,4,4,13,0,1,7,2,10,0,6,11,6,23,6,66,72,95
05/13/2000,GLH,MS,ASO,CE,Federal Contract Tower,0,3,2,0,5,0,3,17,0,20,0,6,19,0,25,0,0,0,25
05/14/2000,GLH,MS,ASO,CE,Federal Contract Tower,0,3,1,0,4,0,2,10,0,12,0,5,11,0,16,0,0,0,16
05/15/2000,GLH,MS,ASO,CE,Federal Contract Tower,0,5,4,5,14,0,0,14,1,15,0,5,18,6,29,6,106,112,141
05/16/2000,GLH,MS,ASO,CE,Federal Contract Tower,0,6,6,4,16,0,0,22,0,22,0,6,28,4,38,22,46,68,106
05/17/2000,GLH,MS,ASO,CE,Federal Contract Tower,0,6,4,5,15,0,0,16,2,18,0,6,20,7,33,14,74,88,121
05/18/2000,GLH,MS,ASO,CE,Federal Contract Tower,0,6,8,7,21,0,0,17,0,17,0,6,25,7,38,4,74,78,116
05/19/2000,GLH,MS,ASO,CE,Federal Contract Tower,0,5,4,0,9,0,1,4,0,5,0,6,8,0,14,0,0,0,14
05/20/2000,GLH,MS,ASO,CE,Federal Contract Tower,0,3,2,2,7,0,2,10,0,12,0,5,12,2,19,0,4,4,23
05/21/2000,GLH,MS,ASO,CE,Federal Contract Tower,0,5,4,4,13,0,0,20,0,20,0,5,24,4,33,14,18,32,65
05/22/2000,GLH,MS,ASO,CE,Federal Contract Tower,0,5,4,4,13,0,0,31,0,31,0,5,35,4,44,6,66,72,116
05/23/2000,GLH,MS,ASO,CE,Federal Contract Tower,0,5,4,4,13,0,1,17,0,18,0,6,21,4,31,26,22,48,79
05/24/2000,GLH,MS,ASO,CE,Federal Contract Tower,0,4,3,2,9,0,1,25,0,26,0,5,28,2,35,16,4,20,55
05/25/2000,GLH,MS,ASO,CE,Federal Contract Tower,0,6,4,6,16,0,0,27,10,37,0,6,31,16,53,18,20,38,91
05/26/2000,GLH,MS,ASO,CE,Federal Contract Tower,0,3,2,2,7,0,3,25,0,28,0,6,27,2,35,14,0,14,49
05/27/2000,GLH,MS,ASO,CE,Federal Contract Tower,0,4,2,0,6,0,1,19,0,20,0,5,21,0,26,32,0,32,58
05/28/2000,GLH,MS,ASO,CE,Federal Contract Tower,0,4,3,0,7,0,2,30,0,32,0,6,33,0,39,58,0,58,97
05/29/2000,GLH,MS,ASO,CE,Federal Contract Tower,0,3,1,0,4,0,3,24,0,27,0,6,25,0,31,14,0,14,45
05/30/2000,GLH,MS,ASO,CE,Federal Contract Tower,0,6,5,6,17,0,0,30,0,30,0,6,35,6,47,22,124,146,193
05/31/2000,GLH,MS,ASO,CE,Federal Contract Tower,0,6,5,6,17,0,0,31,4,35,0,6,36,10,52,12,92,104,156
06/01/2000,GLH,MS,ASO,CE,Federal Contract Tower,0,6,8,15,29,0,0,26,5,31,0,6,34,20,60,14,138,152,212
06/02/2000,GLH,MS,ASO,CE,Federal Contract Tower,0,5,4,7,16,0,0,35,0,35,0,5,39,7,51,38,58,96,147
06/03/2000,GLH,MS,ASO,CE,Federal Contract Tower,0,3,4,3,10,0,2,8,0,10,0,5,12,3,20,0,44,44,64
06/04/2000,GLH,MS,ASO,CE,Federal Contract Tower,0,2,2,0,4,0,2,0,0,2,0,4,2,0,6,0,0,0,6
06/05/2000,GLH,MS,ASO,CE,Federal Contract Tower,0,4,4,2,10,0,1,9,0,10,0,5,13,2,20,10,20,30,50
06/06/2000,GLH,MS,ASO,CE,Federal Contract Tower,0,6,10,17,33,0,0,28,1,29,0,6,38,18,62,20,266,286,348
06/07/2000,GLH,MS,ASO,CE,Federal Contract Tower,0,6,7,11,24,0,0,31,0,31,0,6,38,11,55,16,130,146,201
06/08/2000,GLH,MS,ASO,CE,Federal Contract Tower,0,6,6,10,22,0,1,42,0,43,0,7,48,10,65,32,172,204,269
06/09/2000,GLH,MS,ASO,CE,Federal Contract Tower,0,3,3,4,10,0,3,35,0,38,0,6,38,4,48,16,26,42,90
06/10/2000,GLH,MS,ASO,CE,Federal Contract Tower,0,2,2,0,4,0,3,14,0,17,0,5,16,0,21,4,0,4,25
06/11/2000,GLH,MS,ASO,CE,Federal Contract Tower,0,3,4,0,7,0,3,23,0,26,0,6,27,0,33,0,0,0,33
06/12/2000,GLH,MS,ASO,CE,Federal Contract Tower,0,5,7,6,18,0,0,34,0,34,0,5,41,6,52,32,118,150,202
06/13/2000,GLH,MS,ASO,CE,Federal Contract Tower,0,6,9,16,31,0,0,23,4,27,0,6,32,20,58,22,140,162,220
06/14/2000,GLH,MS,ASO,CE,Federal Contract Tower,0,5,10,10,25,0,0,28,0,28,0,5,38,10,53,10,96,106,159
06/15/2000,GLH,MS,ASO,CE,Federal Contract Tower,0,5,6,4,15,0,0,13,0,13,0,5,19,4,28,0,94,94,122
06/16/2000,GLH,MS,ASO,CE,Federal Contract Tower,0,7,8,14,29,0,0,15,0,15,0,7,23,14,44,0,130,130,174
06/17/2000,GLH,MS,ASO,CE,Federal Contract Tower,0,3,3,2,8,0,2,20,0,22,0,5,23,2,30,6,0,6,36
06/18/2000,GLH,MS,ASO,CE,Federal Contract Tower,0,2,2,0,4,0,2,13,0,15,0,4,15,0,19,0,0,0,19
06/19/2000,GLH,MS,ASO,CE,Federal Contract Tower,0,5,9,13,27,0,0,17,0,17,0,5,26,13,44,14,206,220,264
06/20/2000,GLH,MS,ASO,CE,Federal Contract Tower,0,5,5,8,18,0,0,32,0,32,0,5,37,8,50,10,100,110,160
06/21/2000,GLH,MS,ASO,CE,Federal Contract Tower,0,5,6,4,15,0,0,18,0,18,0,5,24,4,33,4,54,58,91
06/22/2000,GLH,MS,ASO,CE,Federal Contract Tower,0,5,5,10,20,0,0,24,4,28,0,5,29,14,48,0,90,90,138
06/23/2000,GLH,MS,ASO,CE,Federal Contract Tower,0,6,6,12,24,0,1,16,0,17,0,7,22,12,41,0,94,94,135
06/24/2000,GLH,MS,ASO,CE,Federal Contract Tower,0,2,2,5,9,0,3,37,1,41,0,5,39,6,50,0,0,0,50
06/25/2000,GLH,MS,ASO,CE,Federal Contract Tower,0,1,1,0,2,0,3,15,0,18,0,4,16,0,20,0,0,0,20
06/26/2000,GLH,MS,ASO,CE,Federal Contract Tower,0,7,7,12,26,0,4,27,0,31,0,11,34,12,57,8,122,130,187
06/27/2000,GLH,MS,ASO,CE,Federal Contract Tower,0,4,3,6,13,0,2,16,0,18,0,6,19,6,31,0,26,26,57
06/28/2000,GLH,MS,ASO,CE,Federal Contract Tower,0,4,5,7,16,0,0,12,0,12,0,4,17,7,28,4,50,54,82
06/29/2000,GLH,MS,ASO,CE,Federal Contract Tower,0,6,6,10,22,0,0,22,0,22,0,6,28,10,44,20,78,98,142
06/30/2000,GLH,MS,ASO,CE,Federal Contract Tower,0,5,7,15,27,0,0,25,3,28,0,5,32,18,55,0,242,242,297
07/01/2000,GLH,MS,ASO,CE,Federal Contract Tower,0,3,1,0,4,0,0,30,0,30,0,3,31,0,34,6,0,6,40
07/02/2000,GLH,MS,ASO,CE,Federal Contract Tower,0,2,0,0,2,0,0,15,0,15,0,2,15,0,17,8,0,8,25
07/03/2000,GLH,MS,ASO,CE,Federal Contract Tower,0,3,2,0,5,0,1,26,0,27,0,4,28,0,32,0,0,0,32
07/04/2000,GLH,MS,ASO,CE,Federal Contract Tower,0,1,2,0,3,0,3,5,0,8,0,4,7,0,11,0,0,0,11
07/05/2000,GLH,MS,ASO,CE,Federal Contract Tower,0,5,6,8,19,0,0,41,2,43,0,5,47,10,62,26,78,104,166
07/06/2000,GLH,MS,ASO,CE,Federal Contract Tower,0,5,8,12,25,0,0,30,0,30,0,5,38,12,55,22,102,124,179
07/07/2000,GLH,MS,ASO,CE,Federal Contract Tower,0,5,7,6,18,0,0,18,0,18,0,5,25,6,36,10,68,78,114
07/08/2000,GLH,MS,ASO,CE,Federal Contract Tower,0,5,5,8,18,0,0,11,0,11,0,5,16,8,29,44,89,133,162
07/09/2000,GLH,MS,ASO,CE,Federal Contract Tower,0,2,3,2,7,0,2,15,0,17,0,4,18,2,24,8,46,54,78
07/10/2000,GLH,MS,ASO,CE,Federal Contract Tower,0,5,6,10,21,0,0,7,0,7,0,5,13,10,28,10,66,76,104
07/11/2000,GLH,MS,ASO,CE,Federal Contract Tower,0,5,9,8,22,0,0,46,0,46,0,5,55,8,68,18,104,122,190
07/12/2000,GLH,MS,ASO,CE,Federal Contract Tower,0,4,7,8,19,0,0,16,0,16,0,4,23,8,35,14,110,124,159
07/13/2000,GLH,MS,ASO,CE,Federal Contract Tower,0,4,6,11,21,0,2,37,6,45,0,6,43,17,66,16,72,88,154
07/14/2000,GLH,MS,ASO,CE,Federal Contract Tower,0,5,6,4,15,0,0,26,0,26,0,5,32,4,41,4,52,56,97
07/15/2000,GLH,MS,ASO,CE,Federal Contract Tower,0,3,3,0,6,0,2,30,0,32,0,5,33,0,38,12,0,12,50
07/16/2000,GLH,MS,ASO,CE,Federal Contract Tower,0,3,4,0,7,0,1,29,0,30,0,4,33,0,37,0,0,0,37
07/17/2000,GLH,MS,ASO,CE,Federal Contract Tower,0,5,7,8,20,0,0,20,0,20,0,5,27,8,40,18,142,160,200
07/18/2000,GLH,MS,ASO,CE,Federal Contract Tower,0,2,5,9,16,0,0,17,5,22,0,2,22,14,38,32,118,150,188
07/19/2000,GLH,MS,ASO,CE,Federal Contract Tower,0,6,7,14,27,0,0,15,6,21,0,6,22,20,48,8,116,124,172
07/20/2000,GLH,MS,ASO,CE,Federal Contract Tower,0,5,7,8,20,0,0,10,0,10,0,5,17,8,30,2,116,118,148
07/21/2000,GLH,MS,ASO,CE,Federal Contract Tower,0,6,8,10,24,0,0,18,0,18,0,6,26,10,42,16,62,78,120
07/22/2000,GLH,MS,ASO,CE,Federal Contract Tower,0,1,1,3,5,0,4,27,1,32,0,5,28,4,37,8,0,8,45
07/23/2000,GLH,MS,ASO,CE,Federal Contract Tower,0,2,3,0,5,0,2,13,0,15,0,4,16,0,20,0,0,0,20
07/24/2000,GLH,MS,ASO,CE,Federal Contract Tower,0,3,5,4,12,0,2,35,0,37,0,5,40,4,49,18,78,96,145
07/25/2000,GLH,MS,ASO,CE,Federal Contract Tower,0,4,7,12,23,0,0,35,0,35,0,4,42,12,58,30,186,216,274
07/26/2000,GLH,MS,ASO,CE,Federal Contract Tower,0,3,8,15,26,0,0,33,6,39,0,3,41,21,65,6,130,136,201
07/27/2000,GLH,MS,ASO,CE,Federal Contract Tower,0,5,10,18,33,0,0,17,5,22,0,5,27,23,55,6,142,148,203
07/28/2000,GLH,MS,ASO,CE,Federal Contract Tower,0,4,7,6,17,0,0,46,0,46,0,4,53,6,63,4,68,72,135
07/29/2000,GLH,MS,ASO,CE,Federal Contract Tower,0,2,3,4,9,0,3,14,0,17,0,5,17,4,26,0,4,4,30
07/30/2000,GLH,MS,ASO,CE,Federal Contract Tower,0,3,4,0,7,0,0,15,0,15,0,3,19,0,22,10,0,10,32
07/31/2000,GLH,MS,ASO,CE,Federal Contract Tower,0,4,6,10,20,0,0,6,4,10,0,4,12,14,30,6,92,98,128
08/01/2000,GLH,MS,ASO,CE,Federal Contract Tower,0,5,7,9,21,0,0,16,0,16,0,5,23,9,37,16,106,122,159
08/02/2000,GLH,MS,ASO,CE,Federal Contract Tower,0,5,6,8,19,0,1,27,0,28,0,6,33,8,47,40,64,104,151
08/03/2000,GLH,MS,ASO,CE,Federal Contract Tower,0,4,6,9,19,0,0,19,1,20,0,4,25,10,39,12,118,130,169
08/04/2000,GLH,MS,ASO,CE,Federal Contract Tower,0,7,8,14,29,0,0,27,0,27,0,7,35,14,56,0,184,184,240
08/05/2000,GLH,MS,ASO,CE,Federal Contract Tower,0,4,4,0,8,0,1,25,0,26,0,5,29,0,34,10,0,10,44
08/06/2000,GLH,MS,ASO,CE,Federal Contract Tower,0,3,3,4,10,0,0,17,2,19,0,3,20,6,29,20,44,64,93
08/07/2000,GLH,MS,ASO,CE,Federal Contract Tower,0,6,6,8,20,0,0,25,0,25,0,6,31,8,45,16,130,146,191
08/08/2000,GLH,MS,ASO,CE,Federal Contract Tower,0,5,5,6,16,0,0,16,0,16,0,5,21,6,32,6,44,50,82
08/09/2000,GLH,MS,ASO,CE,Federal Contract Tower,0,6,13,22,41,0,0,36,0,36,0,6,49,22,77,2,90,92,169
08/10/2000,GLH,MS,ASO,CE,Federal Contract Tower,0,6,9,12,27,0,0,35,0,35,0,6,44,12,62,26,126,152,214
08/11/2000,GLH,MS,ASO,CE,Federal Contract Tower,0,5,5,6,16,0,1,23,0,24,0,6,28,6,40,4,66,70,110
08/12/2000,GLH,MS,ASO,CE,Federal Contract Tower,0,2,3,0,5,0,3,16,0,19,0,5,19,0,24,2,0,2,26
08/13/2000,GLH,MS,ASO,CE,Federal Contract Tower,0,3,3,2,8,0,1,27,0,28,0,4,30,2,36,4,0,4,40
08/14/2000,GLH,MS,ASO,CE,Federal Contract Tower,0,5,7,10,22,0,0,13,0,13,0,5,20,10,35,4,150,154,189
08/15/2000,GLH,MS,ASO,CE,Federal Contract Tower,0,5,5,6,16,0,0,11,0,11,0,5,16,6,27,14,92,106,133
08/16/2000,GLH,MS,ASO,CE,Federal Contract Tower,0,5,4,6,15,0,0,19,0,19,0,5,23,6,34,14,56,70,104
08/17/2000,GLH,MS,ASO,CE,Federal Contract Tower,0,3,3,2,8,0,2,21,0,23,0,5,24,2,31,6,46,52,83
08/18/2000,GLH,MS,ASO,CE,Federal Contract Tower,0,4,4,6,14,0,2,20,0,22,0,6,24,6,36,4,20,24,60
08/19/2000,GLH,MS,ASO,CE,Federal Contract Tower,0,3,3,0,6,0,5,15,0,20,0,8,18,0,26,14,0,14,40
08/20/2000,GLH,MS,ASO,CE,Federal Contract Tower,0,3,2,5,10,0,0,14,1,15,0,3,16,6,25,18,40,58,83
08/21/2000,GLH,MS,ASO,CE,Federal Contract Tower,0,5,4,4,13,0,0,22,0,22,0,5,26,4,35,34,86,120,155
08/22/2000,GLH,MS,ASO,CE,Federal Contract Tower,0,4,6,9,19,0,0,25,0,25,0,4,31,9,44,24,104,128,172
08/23/2000,GLH,MS,ASO,CE,Federal Contract Tower,0,5,8,11,24,0,0,18,0,18,0,5,26,11,42,32,124,156,198
08/24/2000,GLH,MS,ASO,CE,Federal Contract Tower,0,4,4,8,16,0,0,14,0,14,0,4,18,8,30,26,86,112,142
08/25/2000,GLH,MS,ASO,CE,Federal Contract Tower,0,6,9,12,27,0,0,19,0,19,0,6,28,12,46,0,146,146,192
08/26/2000,GLH,MS,ASO,CE,Federal Contract Tower,0,2,2,0,4,0,3,19,0,22,0,5,21,0,26,4,0,4,30
08/27/2000,GLH,MS,ASO,CE,Federal Contract Tower,0,1,1,2,4,0,3,14,0,17,0,4,15,2,21,38,0,38,59
08/28/2000,GLH,MS,ASO,CE,Federal Contract Tower,0,3,3,4,10,0,2,19,0,21,0,5,22,4,31,42,22,64,95
08/29/2000,GLH,MS,ASO,CE,Federal Contract Tower,0,6,5,8,19,0,0,34,0,34,0,6,39,8,53,0,126,126,179
08/30/2000,GLH,MS,ASO,CE,Federal Contract Tower,0,5,5,8,18,0,1,21,0,22,0,6,26,8,40,18,64,82,122
08/31/2000,GLH,MS,ASO,CE,Federal Contract Tower,0,6,6,10,22,0,0,19,0,19,0,6,25,10,41,6,82,88,129
09/01/2000,GLH,MS,ASO,CE,Federal Contract Tower,0,6,7,11,24,0,0,14,1,15,0,6,21,12,39,0,110,110,149
09/02/2000,GLH,MS,ASO,CE,Federal Contract Tower,0,5,4,0,9,0,0,20,0,20,0,5,24,0,29,10,0,10,39
09/03/2000,GLH,MS,ASO,CE,Federal Contract Tower,0,4,3,2,9,0,0,21,0,21,0,4,24,2,30,20,0,20,50
09/04/2000,GLH,MS,ASO,CE,Federal Contract Tower,0,4,3,0,7,0,1,24,0,25,0,5,27,0,32,18,0,18,50
09/05/2000,GLH,MS,ASO,CE,Federal Contract Tower,0,5,12,17,34,0,0,7,3,10,0,5,19,20,44,10,248,258,302
09/06/2000,GLH,MS,ASO,CE,Federal Contract Tower,0,6,9,13,28,0,0,21,16,37,0,6,30,29,65,20,110,130,195
09/07/2000,GLH,MS,ASO,CE,Federal Contract Tower,0,6,10,12,28,0,0,13,0,13,0,6,23,12,41,4,22,26,67
09/08/2000,GLH,MS,ASO,CE,Federal Contract Tower,0,6,8,6,20,0,0,2,0,2,0,6,10,6,22,0,60,60,82
09/09/2000,GLH,MS,ASO,CE,Federal Contract Tower,0,4,4,0,8,0,1,9,0,10,0,5,13,0,18,26,0,26,44
09/10/2000,GLH,MS,ASO,CE,Federal Contract Tower,0,4,4,1,9,0,0,19,0,19,0,4,23,1,28,12,0,12,40
09/11/2000,GLH,MS,ASO,CE,Federal Contract Tower,0,5,6,6,17,0,0,9,0,9,0,5,15,6,26,0,84,84,110
09/12/2000,GLH,MS,ASO,CE,Federal Contract Tower,0,4,4,2,10,0,2,22,0,24,0,6,26,2,34,4,0,4,38
09/13/2000,GLH,MS,ASO,CE,Federal Contract Tower,0,6,8,8,22,0,0,26,0,26,0,6,34,8,48,54,80,134,182
09/14/2000,GLH,MS,ASO,CE,Federal Contract Tower,0,4,8,12,24,0,0,22,1,23,0,4,30,13,47,16,114,130,177
09/15/2000,GLH,MS,ASO,CE,Federal Contract Tower,0,6,9,10,25,0,0,11,0,11,0,6,20,10,36,26,118,144,180
09/16/2000,GLH,MS,ASO,CE,Federal Contract Tower,0,1,3,0,4,0,4,14,0,18,0,5,17,0,22,24,0,24,46
09/17/2000,GLH,MS,ASO,CE,Federal Contract Tower,0,1,2,0,3,0,3,25,0,28,0,4,27,0,31,26,0,26,57
09/18/2000,GLH,MS,ASO,CE,Federal Contract Tower,0,5,8,14,27,0,0,28,2,30,0,5,36,16,57,80,150,230,287
09/19/2000,GLH,MS,ASO,CE,Federal Contract Tower,0,6,9,16,31,0,0,24,2,26,0,6,33,18,57,32,198,230,287
09/20/2000,GLH,MS,ASO,CE,Federal Contract Tower,0,5,6,10,21,0,1,2,2,5,0,6,8,12,26,10,90,100,126
09/21/2000,GLH,MS,ASO,CE,Federal Contract Tower,0,4,5,6,15,0,2,16,0,18,0,6,21,6,33,2,32,34,67
09/22/2000,GLH,MS,ASO,CE,Federal Contract Tower,0,6,11,17,34,0,0,0,5,5,0,6,11,22,39,6,158,164,203
09/23/2000,GLH,MS,ASO,CE,Federal Contract Tower,0,4,5,0,9,0,1,24,0,25,0,5,29,0,34,26,0,26,60
09/24/2000,GLH,MS,ASO,CE,Federal Contract Tower,0,1,3,0,4,0,3,13,0,16,0,4,16,0,20,4,0,4,24
09/25/2000,GLH,MS,ASO,CE,Federal Contract Tower,0,4,6,9,19,0,1,3,1,5,0,5,9,10,24,0,82,82,106
09/26/2000,GLH,MS,ASO,CE,Federal Contract Tower,0,4,7,9,20,0,0,19,0,19,0,4,26,9,39,6,84,90,129
09/27/2000,GLH,MS,ASO,CE,Federal Contract Tower,0,5,6,10,21,0,0,21,1,22,0,5,27,11,43,6,138,144,187
09/28/2000,GLH,MS,ASO,CE,Federal Contract Tower,0,5,6,8,19,0,1,33,0,34,0,6,39,8,53,8,58,66,119
09/29/2000,GLH,MS,ASO,CE,Federal Contract Tower,0,2,3,0,5,0,4,24,0,28,0,6,27,0,33,30,0,30,63
09/30/2000,GLH,MS,ASO,CE,Federal Contract Tower,0,1,2,0,3,0,4,18,0,22,0,5,20,0,25,10,0,10,35
10/01/2000,GLH,MS,ASO,CE,Federal Contract Tower,0,2,3,0,5,0,1,16,0,17,0,3,19,0,22,2,0,2,24
10/02/2000,GLH,MS,ASO,CE,Federal Contract Tower,0,6,7,6,19,0,0,21,0,21,0,6,28,6,40,6,138,144,184
10/03/2000,GLH,MS,ASO,CE,Federal Contract Tower,0,6,7,10,23,0,0,24,0,24,0,6,31,10,47,4,94,98,145
10/04/2000,GLH,MS,ASO,CE,Federal Contract Tower,0,4,5,6,15,0,0,15,0,15,0,4,20,6,30,2,106,108,138
10/05/2000,GLH,MS,ASO,CE,Federal Contract Tower,0,6,12,20,38,0,0,14,0,14,0,6,26,20,52,0,184,184,236
10/06/2000,GLH,MS,ASO,CE,Federal Contract Tower,0,5,6,2,13,0,2,6,0,8,0,7,12,2,21,0,36,36,57
10/07/2000,GLH,MS,ASO,CE,Federal Contract Tower,0,2,3,0,5,0,3,8,0,11,0,5,11,0,16,6,0,6,22
10/08/2000,GLH,MS,ASO,CE,Federal Contract Tower,0,2,3,1,6,0,2,8,0,10,0,4,11,1,16,0,0,0,16
10/09/2000,GLH,MS,ASO,CE,Federal Contract Tower,0,2,4,0,6,0,2,14,0,16,0,4,18,0,22,6,0,6,28
10/10/2000,GLH,MS,ASO,CE,Federal Contract Tower,0,5,8,12,25,0,0,24,0,24,0,5,32,12,49,30,206,236,285
10/11/2000,GLH,MS,ASO,CE,Federal Contract Tower,0,5,7,10,22,0,0,33,0,33,0,5,40,10,55,20,118,138,193
10/12/2000,GLH,MS,ASO,CE,Federal Contract Tower,0,5,6,12,23,0,0,19,2,21,0,5,25,14,44,12,134,146,190
10/13/2000,GLH,MS,ASO,CE,Federal Contract Tower,0,5,5,11,21,0,0,19,2,21,0,5,24,13,42,0,178,178,220
10/14/2000,GLH,MS,ASO,CE,Federal Contract Tower,0,1,1,0,2,0,4,23,0,27,0,5,24,0,29,14,0,14,43
10/15/2000,GLH,MS,ASO,CE,Federal Contract Tower,0,2,1,2,5,0,2,14,0,16,0,4,15,2,21,10,2,12,33
10/16/2000,GLH,MS,ASO,CE,Federal Contract Tower,0,5,10,21,36,0,0,15,3,18,0,5,25,24,54,2,350,352,406
10/17/2000,GLH,MS,ASO,CE,Federal Contract Tower,0,5,7,14,26,0,0,16,0,16,0,5,23,14,42,0,200,200,242
10/18/2000,GLH,MS,ASO,CE,Federal Contract Tower,0,4,6,10,20,0,0,27,0,27,0,4,33,10,47,12,138,150,197
10/19/2000,GLH,MS,ASO,CE,Federal Contract Tower,0,3,3,6,12,0,2,13,0,15,0,5,16,6,27,6,84,90,117
10/20/2000,GLH,MS,ASO,CE,Federal Contract Tower,0,5,7,13,25,0,0,19,0,19,0,5,26,13,44,0,128,128,172
10/21/2000,GLH,MS,ASO,CE,Federal Contract Tower,0,2,1,2,5,0,3,12,0,15,0,5,13,2,20,0,0,0,20
10/22/2000,GLH,MS,ASO,CE,Federal Contract Tower,0,2,2,0,4,0,2,10,0,12,0,4,12,0,16,0,0,0,16
10/23/2000,GLH,MS,ASO,CE,Federal Contract Tower,0,4,3,6,13,0,1,17,0,18,0,5,20,6,31,16,12,28,59
10/24/2000,GLH,MS,ASO,CE,Federal Contract Tower,0,5,5,9,19,0,1,25,0,26,0,6,30,9,45,20,108,128,173
10/25/2000,GLH,MS,ASO,CE,Federal Contract Tower,0,5,4,4,13,0,1,31,0,32,0,6,35,4,45,0,32,32,77
10/26/2000,GLH,MS,ASO,CE,Federal Contract Tower,0,6,7,14,27,0,0,13,0,13,0,6,20,14,40,0,142,142,182
10/27/2000,GLH,MS,ASO,CE,Federal Contract Tower,0,4,4,6,14,0,2,7,0,9,0,6,11,6,23,0,66,66,89
10/28/2000,GLH,MS,ASO,CE,Federal Contract Tower,0,2,1,0,3,0,3,6,0,9,0,5,7,0,12,0,0,0,12
10/29/2000,GLH,MS,ASO,CE,Federal Contract Tower,0,1,1,2,4,0,3,7,0,10,0,4,8,2,14,0,0,0,14
10/30/2000,GLH,MS,ASO,CE,Federal Contract Tower,0,5,4,10,19,0,0,11,4,15,0,5,15,14,34,16,148,164,198
10/31/2000,GLH,MS,ASO,CE,Federal Contract Tower,0,5,5,11,21,0,1,13,7,21,0,6,18,18,42,6,128,134,176
11/01/2000,GLH,MS,ASO,CE,Federal Contract Tower,0,4,8,6,18,0,0,19,4,23,0,4,27,10,41,36,110,146,187
11/02/2000,GLH,MS,ASO,CE,Federal Contract Tower,0,5,5,2,12,0,1,20,0,21,0,6,25,2,33,18,2,20,53
11/03/2000,GLH,MS,ASO,CE,Federal Contract Tower,0,5,5,4,14,0,0,7,0,7,0,5,12,4,21,4,0,4,25
11/04/2000,GLH,MS,ASO,CE,Federal Contract Tower,0,5,4,1,10,0,1,1,0,2,0,6,5,1,12,0,0,0,12
11/05/2000,GLH,MS,ASO,CE,Federal Contract Tower,0,2,5,2,9,0,0,11,0,11,0,2,16,2,20,0,0,0,20
11/06/2000,GLH,MS,ASO,CE,Federal Contract Tower,0,7,6,5,18,0,2,0,8,10,0,9,6,13,28,20,36,56,84
11/07/2000,GLH,MS,ASO,CE,Federal Contract Tower,0,4,16,12,32,0,0,8,9,17,0,4,24,21,49,12,204,216,265
11/08/2000,GLH,MS,ASO,CE,Federal Contract Tower,0,4,3,0,7,0,0,3,0,3,0,4,6,0,10,0,0,0,10
11/09/2000,GLH,MS,ASO,CE,Federal Contract Tower,0,6,12,8,26,0,0,10,0,10,0,6,22,8,36,8,52,60,96
11/10/2000,GLH,MS,ASO,CE,Federal Contract Tower,0,5,10,0,15,0,0,6,0,6,0,5,16,0,21,21,0,21,42
11/11/2000,GLH,MS,ASO,CE,Federal Contract Tower,0,4,6,1,11,0,1,5,0,6,0,5,11,1,17,8,0,8,25
11/12/2000,GLH,MS,ASO,CE,Federal Contract Tower,0,2,5,1,8,0,2,11,0,13,0,4,16,1,21,0,0,0,21
11/13/2000,GLH,MS,ASO,CE,Federal Contract Tower,0,3,6,4,13,0,2,12,0,14,0,5,18,4,27,14,10,24,51
11/14/2000,GLH,MS,ASO,CE,Federal Contract Tower,0,4,10,7,21,0,0,27,3,30,0,4,37,10,51,30,62,92,143
11/15/2000,GLH,MS,ASO,CE,Federal Contract Tower,0,5,14,9,28,0,0,29,5,34,0,5,43,14,62,44,174,218,280
11/16/2000,GLH,MS,ASO,CE,Federal Contract Tower,0,4,8,0,12,0,2,1,0,3,0,6,9,0,15,6,0,6,21
11/17/2000,GLH,MS,ASO,CE,Federal Contract Tower,0,4,10,7,21,0,0,18,1,19,0,4,28,8,40,24,76,100,140
11/18/2000,GLH,MS,ASO,CE,Federal Contract Tower,0,2,5,0,7,0,3,6,0,9,0,5,11,0,16,0,0,0,16
11/19/2000,GLH,MS,ASO,CE,Federal Contract Tower,0,2,4,2,8,0,2,11,0,13,0,4,15,2,21,12,0,12,33
11/20/2000,GLH,MS,ASO,CE,Federal Contract Tower,0,4,8,5,17,0,0,28,4,32,0,4,36,9,49,28,130,158,207
11/21/2000,GLH,MS,ASO,CE,Federal Contract Tower,0,5,10,7,22,0,0,26,7,33,0,5,36,14,55,10,56,66,121
11/22/2000,GLH,MS,ASO,CE,Federal Contract Tower,0,6,10,4,20,0,0,28,0,28,0,6,38,4,48,28,20,48,96
11/23/2000,GLH,MS,ASO,CE,Federal Contract Tower,0,0,3,0,3,0,2,0,0,2,0,2,3,0,5,4,0,4,9
11/24/2000,GLH,MS,ASO,CE,Federal Contract Tower,0,2,2,0,4,2,3,0,0,5,2,5,2,0,9,0,0,0,9
11/25/2000,GLH,MS,ASO,CE,Federal Contract Tower,0,3,7,0,10,0,2,5,0,7,0,5,12,0,17,0,0,0,17
11/26/2000,GLH,MS,ASO,CE,Federal Contract Tower,0,2,5,0,7,0,2,23,0,25,0,4,28,0,32,12,0,12,44
11/27/2000,GLH,MS,ASO,CE,Federal Contract Tower,0,5,10,6,21,0,0,23,1,24,0,5,33,7,45,16,110,126,171
11/28/2000,GLH,MS,ASO,CE,Federal Contract Tower,0,5,10,7,22,0,0,23,1,24,0,5,33,8,46,4,90,94,140
11/29/2000,GLH,MS,ASO,CE,Federal Contract Tower,0,5,12,8,25,0,0,10,0,10,0,5,22,8,35,4,52,56,91
11/30/2000,GLH,MS,ASO,CE,Federal Contract Tower,0,4,8,5,17,0,1,30,5,36,0,5,38,10,53,22,52,74,127
12/01/2000,GLH,MS,ASO,CE,Federal Contract Tower,1,5,7,2,15,1,0,15,0,16,2,5,22,2,31,2,8,10,41
12/02/2000,GLH,MS,ASO,CE,Federal Contract Tower,0,1,2,0,3,0,4,4,0,8,0,5,6,0,11,0,0,0,11
12/03/2000,GLH,MS,ASO,CE,Federal Contract Tower,0,3,5,2,10,0,1,9,0,10,0,4,14,2,20,6,0,6,26
12/04/2000,GLH,MS,ASO,CE,Federal Contract Tower,0,2,4,4,10,0,3,16,0,19,0,5,20,4,29,20,58,78,107
12/05/2000,GLH,MS,ASO,CE,Federal Contract Tower,0,3,3,3,9,0,2,32,1,35,0,5,35,4,44,0,82,82,126
12/06/2000,GLH,MS,ASO,CE,Federal Contract Tower,0,6,6,2,14,0,0,20,0,20,0,6,26,2,34,30,40,70,104
12/07/2000,GLH,MS,ASO,CE,Federal Contract Tower,0,2,4,3,9,0,0,12,1,13,0,2,16,4,22,20,26,46,68
12/08/2000,GLH,MS,ASO,CE,Federal Contract Tower,0,7,9,6,22,0,0,33,4,37,0,7,42,10,59,24,88,112,171
12/09/2000,GLH,MS,ASO,CE,Federal Contract Tower,0,3,3,0,6,0,1,19,0,20,0,4,22,0,26,0,0,0,26
12/10/2000,GLH,MS,ASO,CE,Federal Contract Tower,0,4,3,0,7,0,0,14,0,14,0,4,17,0,21,18,0,18,39
12/11/2000,GLH,MS,ASO,CE,Federal Contract Tower,0,4,7,6,17,0,0,3,7,10,0,4,10,13,27,12,140,152,179
12/12/2000,GLH,MS,ASO,CE,Federal Contract Tower,0,5,6,5,16,0,0,10,4,14,0,5,16,9,30,12,106,118,148
12/13/2000,GLH,MS,ASO,CE,Federal Contract Tower,0,0,1,0,1,0,0,3,0,3,0,0,4,0,4,0,0,0,4
12/14/2000,GLH,MS,ASO,CE,Federal Contract Tower,0,6,6,4,16,0,0,5,0,5,0,6,11,4,21,0,6,6,27
12/15/2000,GLH,MS,ASO,CE,Federal Contract Tower,0,6,5,0,11,0,0,3,0,3,0,6,8,0,14,0,0,0,14
12/16/2000,GLH,MS,ASO,CE,Federal Contract Tower,0,4,4,2,10,0,0,2,0,2,0,4,6,2,12,0,10,10,22
12/17/2000,GLH,MS,ASO,CE,Federal Contract Tower,0,4,5,2,11,0,0,4,2,6,0,4,9,4,17,0,22,22,39
12/18/2000,GLH,MS,ASO,CE,Federal Contract Tower,0,4,4,3,11,0,0,8,1,9,0,4,12,4,20,0,38,38,58
12/19/2000,GLH,MS,ASO,CE,Federal Contract Tower,0,8,9,6,23,0,0,17,4,21,0,8,26,10,44,0,76,76,120
12/20/2000,GLH,MS,ASO,CE,Federal Contract Tower,0,7,6,4,17,0,0,17,0,17,0,7,23,4,34,2,20,22,56
12/21/2000,GLH,MS,ASO,CE,Federal Contract Tower,0,9,8,5,22,0,0,7,5,12,0,9,15,10,34,10,76,86,120
12/22/2000,GLH,MS,ASO,CE,Federal Contract Tower,0,4,4,0,8,0,5,11,0,16,0,9,15,0,24,0,0,0,24
12/23/2000,GLH,MS,ASO,CE,Federal Contract Tower,0,5,5,0,10,0,3,12,0,15,0,8,17,0,25,46,0,46,71
12/24/2000,GLH,MS,ASO,CE,Federal Contract Tower,0,2,2,0,4,0,2,5,0,7,0,4,7,0,11,0,0,0,11
12/25/2000,GLH,MS,ASO,CE,Federal Contract Tower,0,2,2,0,4,0,2,3,0,5,0,4,5,0,9,32,0,32,41
12/26/2000,GLH,MS,ASO,CE,Federal Contract Tower,0,2,2,0,4,0,0,9,0,9,0,2,11,0,13,0,0,0,13
12/27/2000,GLH,MS,ASO,CE,Federal Contract Tower,0,4,4,0,8,0,2,0,0,2,0,6,4,0,10,0,0,0,10
12/28/2000,GLH,MS,ASO,CE,Federal Contract Tower,0,2,0,0,2,0,3,0,0,3,0,5,0,0,5,0,0,0,5
12/29/2000,GLH,MS,ASO,CE,Federal Contract Tower,0,3,3,0,6,0,4,7,0,11,0,7,10,0,17,0,0,0,17
12/30/2000,GLH,MS,ASO,CE,Federal Contract Tower,0,4,3,0,7,0,1,12,0,13,0,5,15,0,20,0,0,0,20
12/31/2000,GLH,MS,ASO,CE,Federal Contract Tower,0,2,3,0,5,0,0,7,0,7,0,2,10,0,12,0,0,0,12
01/01/2001,GLH,MS,ASO,CE,Federal Contract Tower,0,1,2,0,3,0,1,6,0,7,0,2,8,0,10,10,0,10,20
01/02/2001,GLH,MS,ASO,CE,Federal Contract Tower,0,4,4,2,10,0,2,6,0,8,0,6,10,2,18,0,16,16,34
01/03/2001,GLH,MS,ASO,CE,Federal Contract Tower,0,7,5,7,19,0,0,5,5,10,0,7,10,12,29,0,98,98,127
01/04/2001,GLH,MS,ASO,CE,Federal Contract Tower,0,5,12,14,31,0,0,14,3,17,0,5,26,17,48,4,192,196,244
01/05/2001,GLH,MS,ASO,CE,Federal Contract Tower,0,7,7,8,22,0,0,25,2,27,0,7,32,10,49,0,116,116,165
01/06/2001,GLH,MS,ASO,CE,Federal Contract Tower,0,4,3,0,7,0,1,24,0,25,0,5,27,0,32,18,0,18,50
01/07/2001,GLH,MS,ASO,CE,Federal Contract Tower,0,2,2,0,4,0,2,3,0,5,0,4,5,0,9,10,0,10,19
01/08/2001,GLH,MS,ASO,CE,Federal Contract Tower,0,5,7,8,20,0,0,4,4,8,0,5,11,12,28,0,90,90,118
01/09/2001,GLH,MS,ASO,CE,Federal Contract Tower,0,4,4,4,12,0,1,27,0,28,0,5,31,4,40,10,44,54,94
01/10/2001,GLH,MS,ASO,CE,Federal Contract Tower,0,5,6,6,17,0,0,10,4,14,0,5,16,10,31,6,36,42,73
01/11/2001,GLH,MS,ASO,CE,Federal Contract Tower,0,4,0,4,8,0,1,0,2,3,0,5,0,6,11,0,12,12,23
01/12/2001,GLH,MS,ASO,CE,Federal Contract Tower,0,5,6,2,13,0,0,11,0,11,0,5,17,2,24,0,2,2,26
01/13/2001,GLH,MS,ASO,CE,Federal Contract Tower,0,5,5,0,10,0,0,10,0,10,0,5,15,0,20,10,0,10,30
01/14/2001,GLH,MS,ASO,CE,Federal Contract Tower,0,3,3,3,9,0,1,9,1,11,0,4,12,4,20,6,0,6,26
01/15/2001,GLH,MS,ASO,CE,Federal Contract Tower,0,4,3,0,7,0,1,24,0,25,0,5,27,0,32,32,0,32,64
01/16/2001,GLH,MS,ASO,CE,Federal Contract Tower,0,5,8,4,17,0,0,14,0,14,0,5,22,4,31,2,42,44,75
01/17/2001,GLH,MS,ASO,CE,Federal Contract Tower,0,4,4,2,10,0,2,0,0,2,0,6,4,2,12,0,6,6,18
01/18/2001,GLH,MS,ASO,CE,Federal Contract Tower,0,2,2,0,4,0,3,0,0,3,0,5,2,0,7,0,0,0,7
01/19/2001,GLH,MS,ASO,CE,Federal Contract Tower,0,5,5,4,14,0,1,1,2,4,0,6,6,6,18,8,30,38,56
01/20/2001,GLH,MS,ASO,CE,Federal Contract Tower,0,4,7,5,16,0,0,31,1,32,0,4,38,6,48,54,0,54,102
01/21/2001,GLH,MS,ASO,CE,Federal Contract Tower,0,2,4,1,7,0,0,26,0,26,0,2,30,1,33,12,0,12,45
01/22/2001,GLH,MS,ASO,CE,Federal Contract Tower,0,4,5,4,13,0,1,36,1,38,0,5,41,5,51,10,46,56,107
01/23/2001,GLH,MS,ASO,CE,Federal Contract Tower,0,4,5,4,13,0,1,21,16,38,0,5,26,20,51,18,64,82,133
01/24/2001,GLH,MS,ASO,CE,Federal Contract Tower,0,5,8,6,19,0,0,13,4,17,0,5,21,10,36,10,114,124,160
01/25/2001,GLH,MS,ASO,CE,Federal Contract Tower,0,5,6,5,16,0,0,24,2,26,0,5,30,7,42,14,60,74,116
01/26/2001,GLH,MS,ASO,CE,Federal Contract Tower,0,4,5,3,12,0,1,19,5,25,0,5,24,8,37,16,42,58,95
01/27/2001,GLH,MS,ASO,CE,Federal Contract Tower,0,4,5,0,9,0,2,26,0,28,0,6,31,0,37,58,0,58,95
01/28/2001,GLH,MS,ASO,CE,Federal Contract Tower,0,1,2,1,4,0,3,12,1,16,0,4,14,2,20,22,0,22,42
01/29/2001,GLH,MS,ASO,CE,Federal Contract Tower,0,2,2,0,4,0,4,0,0,4,0,6,2,0,8,2,0,2,10
01/30/2001,GLH,MS,ASO,CE,Federal Contract Tower,0,5,9,7,21,0,0,0,38,38,0,5,9,45,59,6,116,122,181
01/31/2001,GLH,MS,ASO,CE,Federal Contract Tower,0,5,6,2,13,0,0,30,0,30,0,5,36,2,43,18,14,32,75
02/01/2001,GLH,MS,ASO,CE,Federal Contract Tower,0,5,10,8,23,0,0,16,2,18,0,5,26,10,41,20,122,142,183
02/02/2001,GLH,MS,ASO,CE,Federal Contract Tower,0,5,10,9,24,0,0,18,0,18,0,5,28,9,42,14,80,94,136
02/03/2001,GLH,MS,ASO,CE,Federal Contract Tower,0,3,3,3,9,0,2,28,13,43,0,5,31,16,52,26,0,26,78
02/04/2001,GLH,MS,ASO,CE,Federal Contract Tower,0,3,3,0,6,0,1,24,0,25,0,4,27,0,31,28,0,28,59
02/05/2001,GLH,MS,ASO,CE,Federal Contract Tower,0,5,4,5,14,0,0,17,3,20,0,5,21,8,34,18,84,102,136
02/06/2001,GLH,MS,ASO,CE,Federal Contract Tower,0,5,6,7,18,0,0,28,7,35,0,5,34,14,53,10,184,194,247
02/07/2001,GLH,MS,ASO,CE,Federal Contract Tower,0,5,5,6,16,0,0,33,3,36,0,5,38,9,52,14,94,108,160
02/08/2001,GLH,MS,ASO,CE,Federal Contract Tower,0,5,8,7,20,0,0,12,2,14,0,5,20,9,34,2,22,24,58
02/09/2001,GLH,MS,ASO,CE,Federal Contract Tower,0,2,2,0,4,0,4,0,0,4,0,6,2,0,8,0,0,0,8
02/10/2001,GLH,MS,ASO,CE,Federal Contract Tower,0,4,4,2,10,0,1,10,0,11,0,5,14,2,21,20,0,20,41
02/11/2001,GLH,MS,ASO,CE,Federal Contract Tower,0,4,4,0,8,0,0,9,0,9,0,4,13,0,17,0,0,0,17
02/12/2001,GLH,MS,ASO,CE,Federal Contract Tower,0,2,2,0,4,0,1,2,0,3,0,3,4,0,7,0,0,0,7
02/13/2001,GLH,MS,ASO,CE,Federal Contract Tower,0,3,4,0,7,0,1,4,0,5,0,4,8,0,12,0,0,0,12
02/14/2001,GLH,MS,ASO,CE,Federal Contract Tower,0,5,7,7,19,0,0,3,3,6,0,5,10,10,25,0,38,38,63
02/15/2001,GLH,MS,ASO,CE,Federal Contract Tower,0,5,6,4,15,0,1,0,0,1,0,6,6,4,16,2,6,8,24
02/16/2001,GLH,MS,ASO,CE,Federal Contract Tower,0,2,3,0,5,0,2,0,0,2,0,4,3,0,7,0,0,0,7
02/17/2001,GLH,MS,ASO,CE,Federal Contract Tower,0,3,5,3,11,0,2,8,5,15,0,5,13,8,26,36,0,36,62
02/18/2001,GLH,MS,ASO,CE,Federal Contract Tower,0,1,2,0,3,0,3,24,0,27,0,4,26,0,30,14,0,14,44
02/19/2001,GLH,MS,ASO,CE,Federal Contract Tower,0,5,5,0,10,0,0,25,0,25,0,5,30,0,35,20,0,20,55
02/20/2001,GLH,MS,ASO,CE,Federal Contract Tower,0,6,8,5,19,0,0,28,9,37,0,6,36,14,56,8,44,52,108
02/21/2001,GLH,MS,ASO,CE,Federal Contract Tower,0,4,10,7,21,0,0,4,11,15,0,4,14,18,36,0,76,76,112
02/22/2001,GLH,MS,ASO,CE,Federal Contract Tower,0,6,10,7,23,0,0,13,21,34,0,6,23,28,57,6,32,38,95
02/23/2001,GLH,MS,ASO,CE,Federal Contract Tower,0,5,8,5,18,0,0,15,11,26,0,5,23,16,44,24,28,52,96
02/24/2001,GLH,MS,ASO,CE,Federal Contract Tower,0,2,3,0,5,0,1,7,0,8,0,3,10,0,13,22,0,22,35
02/25/2001,GLH,MS,ASO,CE,Federal Contract Tower,0,2,3,1,6,0,2,16,1,19,0,4,19,2,25,12,6,18,43
02/26/2001,GLH,MS,ASO,CE,Federal Contract Tower,0,5,8,6,19,0,0,17,8,25,0,5,25,14,44,20,74,94,138
02/27/2001,GLH,MS,ASO,CE,Federal Contract Tower,0,2,4,0,6,0,3,0,0,3,0,5,4,0,9,2,0,2,11
02/28/2001,GLH,MS,ASO,CE,Federal Contract Tower,0,4,10,6,20,0,0,5,0,5,0,4,15,6,25,16,18,34,59
03/01/2001,GLH,MS,ASO,CE,Federal Contract Tower,0,5,7,11,23,0,1,0,1,2,0,6,7,12,25,2,8,10,35
03/02/2001,GLH,MS,ASO,CE,Federal Contract Tower,0,4,5,0,9,0,1,7,0,8,0,5,12,0,17,12,0,12,29
03/03/2001,GLH,MS,ASO,CE,Federal Contract Tower,0,1,0,0,1,0,4,0,0,4,0,5,0,0,5,0,0,0,5
03/04/2001,GLH,MS,ASO,CE,Federal Contract Tower,0,4,4,3,11,0,0,17,0,17,0,4,21,3,28,20,0,20,48
03/05/2001,GLH,MS,ASO,CE,Federal Contract Tower,0,5,8,12,25,0,0,24,6,30,0,5,32,18,55,20,102,122,177
03/06/2001,GLH,MS,ASO,CE,Federal Contract Tower,0,4,5,8,17,0,0,27,4,31,0,4,32,12,48,18,80,98,146
03/07/2001,GLH,MS,ASO,CE,Federal Contract Tower,0,5,5,7,17,0,0,38,17,55,0,5,43,24,72,32,82,114,186
03/08/2001,GLH,MS,ASO,CE,Federal Contract Tower,0,5,6,8,19,0,0,21,0,21,0,5,27,8,40,10,94,104,144
03/09/2001,GLH,MS,ASO,CE,Federal Contract Tower,0,5,4,2,11,0,1,18,0,19,0,6,22,2,30,14,2,16,46
03/10/2001,GLH,MS,ASO,CE,Federal Contract Tower,0,3,3,0,6,0,3,14,0,17,0,6,17,0,23,0,0,0,23
03/11/2001,GLH,MS,ASO,CE,Federal Contract Tower,0,1,2,0,3,0,3,17,0,20,0,4,19,0,23,62,0,62,85
03/12/2001,GLH,MS,ASO,CE,Federal Contract Tower,0,3,4,4,11,0,1,11,0,12,0,4,15,4,23,18,76,94,117
03/13/2001,GLH,MS,ASO,CE,Federal Contract Tower,0,5,7,7,19,0,0,29,0,29,0,5,36,7,48,12,78,90,138
03/14/2001,GLH,MS,ASO,CE,Federal Contract Tower,0,5,4,2,11,0,0,20,0,20,0,5,24,2,31,20,6,26,57
03/15/2001,GLH,MS,ASO,CE,Federal Contract Tower,0,6,5,8,19,0,1,6,0,7,0,7,11,8,26,2,104,106,132
03/16/2001,GLH,MS,ASO,CE,Federal Contract Tower,0,6,4,4,14,0,0,16,0,16,0,6,20,4,30,14,66,80,110
03/17/2001,GLH,MS,ASO,CE,Federal Contract Tower,0,2,2,0,4,0,3,23,0,26,0,5,25,0,30,14,0,14,44
03/18/2001,GLH,MS,ASO,CE,Federal Contract Tower,0,1,1,0,2,0,3,11,0,14,0,4,12,0,16,6,0,6,22
03/19/2001,GLH,MS,ASO,CE,Federal Contract Tower,0,5,4,9,18,0,0,10,4,14,0,5,14,13,32,6,48,54,86
03/20/2001,GLH,MS,ASO,CE,Federal Contract Tower,0,5,6,11,22,0,0,4,13,17,0,5,10,24,39,2,160,162,201
03/21/2001,GLH,MS,ASO,CE,Federal Contract Tower,0,5,5,10,20,0,0,19,3,22,0,5,24,13,42,30,94,124,166
03/22/2001,GLH,MS,ASO,CE,Federal Contract Tower,0,5,8,14,27,0,0,20,0,20,0,5,28,14,47,10,154,164,211
03/23/2001,GLH,MS,ASO,CE,Federal Contract Tower,0,4,3,3,10,0,0,28,0,28,0,4,31,3,38,36,38,74,112
03/24/2001,GLH,MS,ASO,CE,Federal Contract Tower,0,2,2,0,4,0,3,9,0,12,0,5,11,0,16,38,0,38,54
03/25/2001,GLH,MS,ASO,CE,Federal Contract Tower,0,3,3,4,10,0,1,18,0,19,0,4,21,4,29,10,44,54,83
03/26/2001,GLH,MS,ASO,CE,Federal Contract Tower,0,5,6,12,23,0,0,7,3,10,0,5,13,15,33,26,170,196,229
03/27/2001,GLH,MS,ASO,CE,Federal Contract Tower,0,6,6,6,18,0,0,26,0,26,0,6,32,6,44,42,58,100,144
03/28/2001,GLH,MS,ASO,CE,Federal Contract Tower,0,5,7,11,23,0,0,7,0,7,0,5,14,11,30,2,150,152,182
03/29/2001,GLH,MS,ASO,CE,Federal Contract Tower,0,5,6,16,27,0,0,0,3,3,0,5,6,19,30,2,52,54,84
03/30/2001,GLH,MS,ASO,CE,Federal Contract Tower,0,5,4,2,11,0,1,8,0,9,0,6,12,2,20,2,2,4,24
03/31/2001,GLH,MS,ASO,CE,Federal Contract Tower,0,3,2,5,10,0,4,12,1,17,0,7,14,6,27,8,0,8,35
04/01/2001,GLH,MS,ASO,CE,Federal Contract Tower,0,4,5,0,9,0,0,26,0,26,0,4,31,0,35,32,0,32,67
04/02/2001,GLH,MS,ASO,CE,Federal Contract Tower,0,5,4,4,13,0,0,13,0,13,0,5,17,4,26,18,62,80,106
04/03/2001,GLH,MS,ASO,CE,Federal Contract Tower,0,6,5,2,13,0,0,4,0,4,0,6,9,2,17,0,6,6,23
04/04/2001,GLH,MS,ASO,CE,Federal Contract Tower,0,5,8,5,18,0,0,11,0,11,0,5,19,5,29,6,6,12,41
04/05/2001,GLH,MS,ASO,CE,Federal Contract Tower,0,6,8,18,32,0,0,15,0,15,0,6,23,18,47,16,110,126,173
04/06/2001,GLH,MS,ASO,CE,Federal Contract Tower,0,6,10,12,28,0,0,12,0,12,0,6,22,12,40,0,120,120,160
04/07/2001,GLH,MS,ASO,CE,Federal Contract Tower,0,5,8,0,13,0,0,11,0,11,0,5,19,0,24,0,0,0,24
04/08/2001,GLH,MS,ASO,CE,Federal Contract Tower,0,4,7,0,11,0,0,12,0,12,0,4,19,0,23,4,0,4,27
04/09/2001,GLH,MS,ASO,CE,Federal Contract Tower,0,4,7,4,15,0,0,22,0,22,0,4,29,4,37,20,20,40,77
04/10/2001,GLH,MS,ASO,CE,Federal Contract Tower,0,6,15,12,33,0,0,26,0,26,0,6,41,12,59,10,146,156,215
04/11/2001,GLH,MS,ASO,CE,Federal Contract Tower,0,6,9,13,28,0,1,14,0,15,0,7,23,13,43,0,132,132,175
04/12/2001,GLH,MS,ASO,CE,Federal Contract Tower,0,5,7,2,14,0,0,14,0,14,0,5,21,2,28,28,42,70,98
04/13/2001,GLH,MS,ASO,CE,Federal Contract Tower,0,6,1,5,12,0,0,3,11,14,0,6,4,16,26,0,54,54,80
04/14/2001,GLH,MS,ASO,CE,Federal Contract Tower,0,6,3,0,9,0,0,8,0,8,0,6,11,0,17,6,0,6,23
04/15/2001,GLH,MS,ASO,CE,Federal Contract Tower,0,4,2,0,6,0,0,3,0,3,0,4,5,0,9,0,0,0,9
04/16/2001,GLH,MS,ASO,CE,Federal Contract Tower,0,5,8,12,25,0,0,34,0,34,0,5,42,12,59,34,240,274,333
04/17/2001,GLH,MS,ASO,CE,Federal Contract Tower,0,5,7,8,20,0,0,18,0,18,0,5,25,8,38,26,76,102,140
04/18/2001,GLH,MS,ASO,CE,Federal Contract Tower,0,5,3,17,25,0,0,39,0,39,0,5,42,17,64,48,170,218,282
04/19/2001,GLH,MS,ASO,CE,Federal Contract Tower,0,5,11,6,22,0,0,26,0,26,0,5,37,6,48,16,72,88,136
04/20/2001,GLH,MS,ASO,CE,Federal Contract Tower,0,6,6,18,30,0,0,18,0,18,0,6,24,18,48,4,166,170,218
04/21/2001,GLH,MS,ASO,CE,Federal Contract Tower,0,5,2,4,11,0,0,13,0,13,0,5,15,4,24,14,64,78,102
04/22/2001,GLH,MS,ASO,CE,Federal Contract Tower,0,4,6,2,12,0,0,17,0,17,0,4,23,2,29,6,58,64,93
04/23/2001,GLH,MS,ASO,CE,Federal Contract Tower,0,3,6,2,11,0,0,6,0,6,0,3,12,2,17,0,36,36,53
04/24/2001,GLH,MS,ASO,CE,Federal Contract Tower,0,5,6,20,31,0,0,20,6,26,0,5,26,26,57,4,228,232,289
04/25/2001,GLH,MS,ASO,CE,Federal Contract Tower,0,5,2,9,16,0,0,38,1,39,0,5,40,10,55,22,124,146,201
04/26/2001,GLH,MS,ASO,CE,Federal Contract Tower,0,6,2,10,18,0,0,34,0,34,0,6,36,10,52,30,96,126,178
04/27/2001,GLH,MS,ASO,CE,Federal Contract Tower,0,5,6,3,14,0,1,20,1,22,0,6,26,4,36,2,18,20,56
04/28/2001,GLH,MS,ASO,CE,Federal Contract Tower,0,5,1,0,6,0,0,14,0,14,0,5,15,0,20,8,0,8,28
04/29/2001,GLH,MS,ASO,CE,Federal Contract Tower,0,4,3,0,7,0,0,20,0,20,0,4,23,0,27,24,0,24,51
04/30/2001,GLH,MS,ASO,CE,Federal Contract Tower,0,3,3,4,10,0,2,24,0,26,0,5,27,4,36,30,76,106,142
05/01/2001,GLH,MS,ASO,CE,Federal Contract Tower,0,5,6,2,13,0,0,29,0,29,0,5,35,2,42,16,50,66,108
05/02/2001,GLH,MS,ASO,CE,Federal Contract Tower,0,5,8,0,13,0,0,27,0,27,0,5,35,0,40,26,0,26,66
05/03/2001,GLH,MS,ASO,CE,Federal Contract Tower,0,5,5,4,14,0,0,18,0,18,0,5,23,4,32,14,38,52,84
05/04/2001,GLH,MS,ASO,CE,Federal Contract Tower,0,5,6,2,13,0,0,12,2,14,0,5,18,4,27,18,4,22,49
05/05/2001,GLH,MS,ASO,CE,Federal Contract Tower,0,5,5,0,10,0,0,1,0,1,0,5,6,0,11,0,0,0,11
05/06/2001,GLH,MS,ASO,CE,Federal Contract Tower,0,4,3,1,8,0,0,17,1,18,0,4,20,2,26,20,0,20,46
05/07/2001,GLH,MS,ASO,CE,Federal Contract Tower,0,5,3,5,13,0,0,16,1,17,0,5,19,6,30,14,78,92,122
05/08/2001,GLH,MS,ASO,CE,Federal Contract Tower,0,5,8,6,19,0,0,64,2,66,0,5,72,8,85,18,74,92,177
05/09/2001,GLH,MS,ASO,CE,Federal Contract Tower,0,5,6,12,23,0,0,14,2,16,0,5,20,14,39,4,104,108,147
05/10/2001,GLH,MS,ASO,CE,Federal Contract Tower,0,5,5,8,18,0,0,27,0,27,0,5,32,8,45,22,118,140,185
05/11/2001,GLH,MS,ASO,CE,Federal Contract Tower,0,5,5,16,26,0,1,17,0,18,0,6,22,16,44,8,194,202,246
05/12/2001,GLH,MS,ASO,CE,Federal Contract Tower,0,5,2,0,7,0,0,18,0,18,0,5,20,0,25,0,0,0,25
05/13/2001,GLH,MS,ASO,CE,Federal Contract Tower,0,4,2,0,6,0,0,16,0,16,0,4,18,0,22,16,0,16,38
05/14/2001,GLH,MS,ASO,CE,Federal Contract Tower,0,4,5,10,19,0,0,23,0,23,0,4,28,10,42,24,106,130,172
05/15/2001,GLH,MS,ASO,CE,Federal Contract Tower,0,5,2,4,11,0,0,21,0,21,0,5,23,4,32,18,60,78,110
05/16/2001,GLH,MS,ASO,CE,Federal Contract Tower,0,5,8,16,29,0,0,23,0,23,0,5,31,16,52,24,148,172,224
05/17/2001,GLH,MS,ASO,CE,Federal Contract Tower,0,5,11,10,26,0,0,29,0,29,0,5,40,10,55,14,150,164,219
05/18/2001,GLH,MS,ASO,CE,Federal Contract Tower,0,5,1,12,18,0,0,15,0,15,0,5,16,12,33,18,148,166,199
05/19/2001,GLH,MS,ASO,CE,Federal Contract Tower,0,5,5,0,10,0,0,5,0,5,0,5,10,0,15,4,0,4,19
05/20/2001,GLH,MS,ASO,CE,Federal Contract Tower,0,2,3,0,5,0,5,15,0,20,0,7,18,0,25,0,0,0,25
05/21/2001,GLH,MS,ASO,CE,Federal Contract Tower,0,4,1,2,7,0,0,8,0,8,0,4,9,2,15,0,36,36,51
05/22/2001,GLH,MS,ASO,CE,Federal Contract Tower,0,5,7,6,18,0,0,14,0,14,0,5,21,6,32,16,66,82,114
05/23/2001,GLH,MS,ASO,CE,Federal Contract Tower,0,5,5,2,12,0,0,15,0,15,0,5,20,2,27,16,38,54,81
05/24/2001,GLH,MS,ASO,CE,Federal Contract Tower,0,3,2,13,18,0,0,12,1,13,0,3,14,14,31,18,62,80,111
05/25/2001,GLH,MS,ASO,CE,Federal Contract Tower,0,4,9,0,13,0,0,15,0,15,0,4,24,0,28,22,0,22,50
05/26/2001,GLH,MS,ASO,CE,Federal Contract Tower,0,4,7,0,11,0,0,18,0,18,0,4,25,0,29,18,0,18,47
05/27/2001,GLH,MS,ASO,CE,Federal Contract Tower,0,4,6,0,10,0,0,6,0,6,0,4,12,0,16,0,0,0,16
05/28/2001,GLH,MS,ASO,CE,Federal Contract Tower,0,5,4,0,9,0,0,8,0,8,0,5,12,0,17,6,0,6,23
05/29/2001,GLH,MS,ASO,CE,Federal Contract Tower,0,7,10,12,29,0,0,29,0,29,0,7,39,12,58,6,88,94,152
05/30/2001,GLH,MS,ASO,CE,Federal Contract Tower,0,5,12,2,19,0,0,19,0,19,0,5,31,2,38,18,26,44,82
05/31/2001,GLH,MS,ASO,CE,Federal Contract Tower,0,6,1,0,7,0,0,3,0,3,0,6,4,0,10,2,0,2,12
06/01/2001,GLH,MS,ASO,CE,Federal Contract Tower,0,6,8,10,24,0,0,16,0,16,0,6,24,10,40,0,120,120,160
06/02/2001,GLH,MS,ASO,CE,Federal Contract Tower,0,5,1,0,6,0,0,14,0,14,0,5,15,0,20,10,0,10,30
06/03/2001,GLH,MS,ASO,CE,Federal Contract Tower,0,4,3,0,7,0,0,16,0,16,0,4,19,0,23,4,0,4,27
06/04/2001,GLH,MS,ASO,CE,Federal Contract Tower,0,4,6,4,14,0,0,9,0,9,0,4,15,4,23,4,64,68,91
06/05/2001,GLH,MS,ASO,CE,Federal Contract Tower,0,5,4,10,19,0,1,20,1,22,0,6,24,11,41,4,98,102,143
06/06/2001,GLH,MS,ASO,CE,Federal Contract Tower,0,5,10,4,19,0,1,6,0,7,0,6,16,4,26,14,74,88,114
06/07/2001,GLH,MS,ASO,CE,Federal Contract Tower,0,5,9,3,17,0,0,3,1,4,0,5,12,4,21,10,18,28,49
06/08/2001,GLH,MS,ASO,CE,Federal Contract Tower,0,4,11,6,21,0,0,8,0,8,0,4,19,6,29,8,68,76,105
06/09/2001,GLH,MS,ASO,CE,Federal Contract Tower,0,5,3,2,10,0,0,14,0,14,0,5,17,2,24,8,8,16,40
06/10/2001,GLH,MS,ASO,CE,Federal Contract Tower,0,4,1,0,5,0,0,14,0,14,0,4,15,0,19,0,0,0,19
06/11/2001,GLH,MS,ASO,CE,Federal Contract Tower,0,5,3,6,14,0,0,19,0,19,0,5,22,6,33,6,92,98,131
06/12/2001,GLH,MS,ASO,CE,Federal Contract Tower,0,5,7,4,16,0,0,29,0,29,0,5,36,4,45,10,40,50,95
06/13/2001,GLH,MS,ASO,CE,Federal Contract Tower,0,5,10,4,19,0,0,29,0,29,0,5,39,4,48,22,38,60,108
06/14/2001,GLH,MS,ASO,CE,Federal Contract Tower,0,6,5,4,15,0,0,35,0,35,0,6,40,4,50,20,42,62,112
06/15/2001,GLH,MS,ASO,CE,Federal Contract Tower,0,6,4,8,18,0,0,18,6,24,0,6,22,14,42,18,76,94,136
06/16/2001,GLH,MS,ASO,CE,Federal Contract Tower,0,5,11,0,16,0,0,39,0,39,0,5,50,0,55,8,0,8,63
06/17/2001,GLH,MS,ASO,CE,Federal Contract Tower,0,4,2,0,6,0,0,25,0,25,0,4,27,0,31,8,0,8,39
06/18/2001,GLH,MS,ASO,CE,Federal Contract Tower,0,4,10,10,24,0,0,56,0,56,0,4,66,10,80,56,126,182,262
06/19/2001,GLH,MS,ASO,CE,Federal Contract Tower,0,5,2,16,23,0,0,26,0,26,0,5,28,16,49,12,114,126,175
06/20/2001,GLH,MS,ASO,CE,Federal Contract Tower,0,5,7,15,27,0,0,35,1,36,0,5,42,16,63,40,110,150,213
06/21/2001,GLH,MS,ASO,CE,Federal Contract Tower,0,5,8,12,25,0,0,31,1,32,0,5,39,13,57,2,130,132,189
06/22/2001,GLH,MS,ASO,CE,Federal Contract Tower,0,5,6,12,23,0,0,30,0,30,0,5,36,12,53,40,74,114,167
06/23/2001,GLH,MS,ASO,CE,Federal Contract Tower,0,5,3,6,14,0,0,22,0,22,0,5,25,6,36,30,12,42,78
06/24/2001,GLH,MS,ASO,CE,Federal Contract Tower,0,4,10,0,14,0,0,16,0,16,0,4,26,0,30,14,0,14,44
06/25/2001,GLH,MS,ASO,CE,Federal Contract Tower,0,5,9,7,21,0,0,19,1,20,0,5,28,8,41,6,90,96,137
06/26/2001,GLH,MS,ASO,CE,Federal Contract Tower,0,6,9,21,36,0,0,54,0,54,0,6,63,21,90,26,178,204,294
06/27/2001,GLH,MS,ASO,CE,Federal Contract Tower,0,5,2,6,13,0,0,19,0,19,0,5,21,6,32,4,24,28,60
06/28/2001,GLH,MS,ASO,CE,Federal Contract Tower,0,5,7,10,22,0,0,27,4,31,0,5,34,14,53,26,92,118,171
06/29/2001,GLH,MS,ASO,CE,Federal Contract Tower,0,6,1,8,15,0,0,11,0,11,0,6,12,8,26,16,62,78,104
06/30/2001,GLH,MS,ASO,CE,Federal Contract Tower,0,5,7,12,24,0,0,6,0,6,0,5,13,12,30,6,104,110,140
07/01/2001,GLH,MS,ASO,CE,Federal Contract Tower,0,4,4,2,10,0,0,5,0,5,0,4,9,2,15,4,12,16,31
07/02/2001,GLH,MS,ASO,CE,Federal Contract Tower,0,5,8,10,23,0,0,15,0,15,0,5,23,10,38,2,94,96,134
07/03/2001,GLH,MS,ASO,CE,Federal Contract Tower,0,5,8,10,23,0,0,21,0,21,0,5,29,10,44,16,110,126,170
07/04/2001,GLH,MS,ASO,CE,Federal Contract Tower,0,4,6,0,10,0,0,9,0,9,0,4,15,0,19,0,0,0,19
07/05/2001,GLH,MS,ASO,CE,Federal Contract Tower,0,5,0,0,5,0,0,22,0,22,0,5,22,0,27,12,0,12,39
07/06/2001,GLH,MS,ASO,CE,Federal Contract Tower,0,5,2,4,11,0,0,29,0,29,0,5,31,4,40,20,50,70,110
07/07/2001,GLH,MS,ASO,CE,Federal Contract Tower,0,5,7,0,12,0,0,16,0,16,0,5,23,0,28,12,0,12,40
07/08/2001,GLH,MS,ASO,CE,Federal Contract Tower,0,4,0,0,4,0,0,15,0,15,0,4,15,0,19,4,0,4,23
07/09/2001,GLH,MS,ASO,CE,Federal Contract Tower,0,5,6,11,22,0,0,23,1,24,0,5,29,12,46,8,124,132,178
07/10/2001,GLH,MS,ASO,CE,Federal Contract Tower,0,9,14,20,43,0,0,33,0,33,0,9,47,20,76,12,192,204,280
07/11/2001,GLH,MS,ASO,CE,Federal Contract Tower,0,5,4,10,19,0,0,27,0,27,0,5,31,10,46,10,108,118,164
07/12/2001,GLH,MS,ASO,CE,Federal Contract Tower,0,7,3,8,18,0,0,24,2,26,0,7,27,10,44,0,86,86,130
07/13/2001,GLH,MS,ASO,CE,Federal Contract Tower,0,6,6,2,14,0,0,9,2,11,0,6,15,4,25,0,0,0,25
07/14/2001,GLH,MS,ASO,CE,Federal Contract Tower,0,4,2,0,6,0,0,15,0,15,0,4,17,0,21,14,0,14,35
07/15/2001,GLH,MS,ASO,CE,Federal Contract Tower,0,4,3,1,8,0,0,19,3,22,0,4,22,4,30,10,2,12,42
07/16/2001,GLH,MS,ASO,CE,Federal Contract Tower,0,5,6,6,17,0,0,18,0,18,0,5,24,6,35,16,68,84,119
07/17/2001,GLH,MS,ASO,CE,Federal Contract Tower,0,6,3,4,13,0,0,12,0,12,0,6,15,4,25,14,52,66,91
07/18/2001,GLH,MS,ASO,CE,Federal Contract Tower,0,4,4,10,18,0,0,18,0,18,0,4,22,10,36,6,162,168,204
07/19/2001,GLH,MS,ASO,CE,Federal Contract Tower,0,6,5,6,17,0,0,29,0,29,0,6,34,6,46,6,56,62,108
07/20/2001,GLH,MS,ASO,CE,Federal Contract Tower,0,6,2,6,14,0,0,24,0,24,0,6,26,6,38,42,94,136,174
07/21/2001,GLH,MS,ASO,CE,Federal Contract Tower,0,5,1,2,8,0,0,17,2,19,0,5,18,4,27,12,4,16,43
07/22/2001,GLH,MS,ASO,CE,Federal Contract Tower,0,4,7,5,16,0,0,19,0,19,0,4,26,5,35,8,26,34,69
07/23/2001,GLH,MS,ASO,CE,Federal Contract Tower,0,5,2,7,14,0,0,23,0,23,0,5,25,7,37,18,72,90,127
07/24/2001,GLH,MS,ASO,CE,Federal Contract Tower,0,5,7,17,29,0,1,34,0,35,0,6,41,17,64,4,132,136,200
07/25/2001,GLH,MS,ASO,CE,Federal Contract Tower,0,6,4,12,22,0,0,20,14,34,0,6,24,26,56,12,146,158,214
07/26/2001,GLH,MS,ASO,CE,Federal Contract Tower,0,6,5,8,19,0,0,21,0,21,0,6,26,8,40,8,66,74,114
07/27/2001,GLH,MS,ASO,CE,Federal Contract Tower,0,5,8,4,17,0,0,12,0,12,0,5,20,4,29,10,30,40,69
07/28/2001,GLH,MS,ASO,CE,Federal Contract Tower,0,5,4,1,10,0,0,4,3,7,0,5,8,4,17,0,48,48,65
07/29/2001,GLH,MS,ASO,CE,Federal Contract Tower,0,4,10,0,14,0,0,19,0,19,0,4,29,0,33,8,0,8,41
07/30/2001,GLH,MS,ASO,CE,Federal Contract Tower,0,5,5,2,12,0,0,22,2,24,0,5,27,4,36,0,26,26,62
07/31/2001,GLH,MS,ASO,CE,Federal Contract Tower,0,5,9,5,19,0,0,27,15,42,0,5,36,20,61,0,82,82,143
08/01/2001,GLH,MS,ASO,CE,Federal Contract Tower,0,7,5,7,19,0,0,15,1,16,0,7,20,8,35,14,44,58,93
08/02/2001,GLH,MS,ASO,CE,Federal Contract Tower,0,5,11,10,26,0,0,32,0,32,0,5,43,10,58,10,122,132,190
08/03/2001,GLH,MS,ASO,CE,Federal Contract Tower,0,5,10,8,23,0,0,36,0,36,0,5,46,8,59,4,86,90,149
08/04/2001,GLH,MS,ASO,CE,Federal Contract Tower,0,5,4,0,9,0,0,12,0,12,0,5,16,0,21,8,0,8,29
08/05/2001,GLH,MS,ASO,CE,Federal Contract Tower,0,4,2,2,8,0,0,13,0,13,0,4,15,2,21,6,12,18,39
08/06/2001,GLH,MS,ASO,CE,Federal Contract Tower,0,5,3,8,16,0,0,14,6,20,0,5,17,14,36,4,46,50,86
08/07/2001,GLH,MS,ASO,CE,Federal Contract Tower,0,5,10,20,35,0,0,22,0,22,0,5,32,20,57,0,234,234,291
08/08/2001,GLH,MS,ASO,CE,Federal Contract Tower,0,5,7,10,22,0,1,9,2,12,0,6,16,12,34,0,72,72,106
08/09/2001,GLH,MS,ASO,CE,Federal Contract Tower,0,5,9,13,27,0,1,28,5,34,0,6,37,18,61,0,111,111,172
08/10/2001,GLH,MS,ASO,CE,Federal Contract Tower,0,5,0,3,8,0,1,11,1,13,0,6,11,4,21,0,2,2,23
08/11/2001,GLH,MS,ASO,CE,Federal Contract Tower,0,5,4,4,13,0,0,6,2,8,0,5,10,6,21,2,6,8,29
08/12/2001,GLH,MS,ASO,CE,Federal Contract Tower,0,6,4,0,10,0,0,10,0,10,0,6,14,0,20,18,0,18,38
08/13/2001,GLH,MS,ASO,CE,Federal Contract Tower,0,5,2,8,15,0,0,10,1,11,0,5,12,9,26,0,38,38,64
08/14/2001,GLH,MS,ASO,CE,Federal Contract Tower,0,5,12,11,28,0,0,27,6,33,0,5,39,17,61,16,130,146,207
08/15/2001,GLH,MS,ASO,CE,Federal Contract Tower,0,4,7,6,17,0,0,30,2,32,0,4,37,8,49,6,84,90,139
08/16/2001,GLH,MS,ASO,CE,Federal Contract Tower,0,5,4,5,14,0,0,12,0,12,0,5,16,5,26,4,48,52,78
08/17/2001,GLH,MS,ASO,CE,Federal Contract Tower,0,5,3,8,16,0,1,12,0,13,0,6,15,8,29,0,90,90,119
08/18/2001,GLH,MS,ASO,CE,Federal Contract Tower,0,5,1,0,6,0,0,2,0,2,0,5,3,0,8,0,0,0,8
08/19/2001,GLH,MS,ASO,CE,Federal Contract Tower,0,4,3,0,7,0,0,14,0,14,0,4,17,0,21,0,0,0,21
08/20/2001,GLH,MS,ASO,CE,Federal Contract Tower,0,5,6,2,13,0,0,17,0,17,0,5,23,2,30,8,62,70,100
08/21/2001,GLH,MS,ASO,CE,Federal Contract Tower,0,5,8,2,15,0,0,35,4,39,0,5,43,6,54,22,16,38,92
08/22/2001,GLH,MS,ASO,CE,Federal Contract Tower,0,5,3,6,14,0,0,16,0,16,0,5,19,6,30,0,32,32,62
08/23/2001,GLH,MS,ASO,CE,Federal Contract Tower,0,6,3,14,23,0,0,27,0,27,0,6,30,14,50,14,130,144,194
08/24/2001,GLH,MS,ASO,CE,Federal Contract Tower,0,5,8,6,19,0,0,24,0,24,0,5,32,6,43,16,44,60,103
08/25/2001,GLH,MS,ASO,CE,Federal Contract Tower,0,6,3,3,12,0,0,21,1,22,0,6,24,4,34,16,52,68,102
08/26/2001,GLH,MS,ASO,CE,Federal Contract Tower,0,4,0,0,4,0,0,13,0,13,0,4,13,0,17,18,0,18,35
08/27/2001,GLH,MS,ASO,CE,Federal Contract Tower,0,5,4,14,23,0,0,30,0,30,0,5,34,14,53,2,192,194,247
08/28/2001,GLH,MS,ASO,CE,Federal Contract Tower,0,6,10,6,22,0,0,18,0,18,0,6,28,6,40,4,42,46,86
08/29/2001,GLH,MS,ASO,CE,Federal Contract Tower,0,6,8,6,20,0,0,8,0,8,0,6,16,6,28,4,18,22,50
08/30/2001,GLH,MS,ASO,CE,Federal Contract Tower,0,5,3,6,14,0,1,10,0,11,0,6,13,6,25,0,78,78,103
08/31/2001,GLH,MS,ASO,CE,Federal Contract Tower,0,6,8,0,14,0,0,1,0,1,0,6,9,0,15,4,0,4,19
09/01/2001,GLH,MS,ASO,CE,Federal Contract Tower,0,4,5,0,9,0,0,0,0,0,0,4,5,0,9,4,0,4,13
09/02/2001,GLH,MS,ASO,CE,Federal Contract Tower,0,4,0,0,4,0,0,3,0,3,0,4,3,0,7,6,0,6,13
09/03/2001,GLH,MS,ASO,CE,Federal Contract Tower,0,4,3,0,7,0,0,20,18,38,0,4,23,18,45,4,0,4,49
09/04/2001,GLH,MS,ASO,CE,Federal Contract Tower,0,4,2,15,21,0,0,9,0,9,0,4,11,15,30,0,136,136,166
09/05/2001,GLH,MS,ASO,CE,Federal Contract Tower,0,4,16,6,26,0,0,26,0,26,0,4,42,6,52,4,92,96,148
09/06/2001,GLH,MS,ASO,CE,Federal Contract Tower,0,5,6,12,23,0,0,12,0,12,0,5,18,12,35,42,96,138,173
09/07/2001,GLH,MS,ASO,CE,Federal Contract Tower,0,5,2,12,19,0,0,28,0,28,0,5,30,12,47,0,72,72,119
09/08/2001,GLH,MS,ASO,CE,Federal Contract Tower,0,4,4,0,8,0,0,14,0,14,0,4,18,0,22,2,0,2,24
09/09/2001,GLH,MS,ASO,CE,Federal Contract Tower,0,4,4,0,8,0,0,25,0,25,0,4,29,0,33,10,0,10,43
09/10/2001,GLH,MS,ASO,CE,Federal Contract Tower,0,4,8,12,24,0,0,28,0,28,0,4,36,12,52,0,124,124,176
09/11/2001,GLH,MS,ASO,CE,Federal Contract Tower,0,2,0,0,2,0,0,5,0,5,0,2,5,0,7,0,0,0,7
09/12/2001,GLH,MS,ASO,CE,Federal Contract Tower,0,0,0,2,2,0,0,0,0,0,0,0,0,2,2,0,0,0,2
09/13/2001,GLH,MS,ASO,CE,Federal Contract Tower,0,2,0,3,5,0,0,0,1,1,0,2,0,4,6,0,44,44,50
09/14/2001,GLH,MS,ASO,CE,Federal Contract Tower,0,5,0,8,13,0,0,0,0,0,0,5,0,8,13,0,64,64,77
09/15/2001,GLH,MS,ASO,CE,Federal Contract Tower,0,4,3,6,13,0,0,0,2,2,0,4,3,8,15,0,6,6,21
09/16/2001,GLH,MS,ASO,CE,Federal Contract Tower,0,4,3,0,7,0,0,0,0,0,0,4,3,0,7,0,0,0,7
09/17/2001,GLH,MS,ASO,CE,Federal Contract Tower,0,5,2,19,26,0,0,0,0,0,0,5,2,19,26,0,164,164,190
09/18/2001,GLH,MS,ASO,CE,Federal Contract Tower,0,6,17,12,35,0,0,8,0,8,0,6,25,12,43,0,118,118,161
09/19/2001,GLH,MS,ASO,CE,Federal Contract Tower,0,3,16,14,33,0,0,8,0,8,0,3,24,14,41,42,130,172,213
09/20/2001,GLH,MS,ASO,CE,Federal Contract Tower,0,2,8,10,20,0,0,7,0,7,0,2,15,10,27,0,118,118,145
09/21/2001,GLH,MS,ASO,CE,Federal Contract Tower,0,3,11,13,27,0,0,7,0,7,0,3,18,13,34,6,100,106,140
09/22/2001,GLH,MS,ASO,CE,Federal Contract Tower,0,3,6,4,13,0,0,6,0,6,0,3,12,4,19,6,28,34,53
09/23/2001,GLH,MS,ASO,CE,Federal Contract Tower,0,2,5,0,7,0,0,9,0,9,0,2,14,0,16,8,0,8,24
09/24/2001,GLH,MS,ASO,CE,Federal Contract Tower,0,3,8,21,32,0,0,0,13,13,0,3,8,34,45,10,146,156,201
09/25/2001,GLH,MS,ASO,CE,Federal Contract Tower,0,2,0,9,11,0,0,36,6,42,0,2,36,15,53,14,62,76,129
09/26/2001,GLH,MS,ASO,CE,Federal Contract Tower,0,2,8,15,25,0,0,42,5,47,0,2,50,20,72,48,102,150,222
09/27/2001,GLH,MS,ASO,CE,Federal Contract Tower,0,2,16,8,26,0,0,34,0,34,0,2,50,8,60,24,66,90,150
09/28/2001,GLH,MS,ASO,CE,Federal Contract Tower,0,2,7,0,9,0,0,15,0,15,0,2,22,0,24,40,0,40,64
09/29/2001,GLH,MS,ASO,CE,Federal Contract Tower,0,2,4,0,6,0,0,19,0,19,0,2,23,0,25,8,0,8,33
09/30/2001,GLH,MS,ASO,CE,Federal Contract Tower,0,2,6,0,8,0,0,16,0,16,0,2,22,0,24,0,0,0,24
10/01/2001,GLH,MS,ASO,CE,Federal Contract Tower,0,4,1,19,24,0,0,21,6,27,0,4,22,25,51,28,132,160,211
10/02/2001,GLH,MS,ASO,CE,Federal Contract Tower,0,4,13,23,40,0,0,23,7,30,0,4,36,30,70,12,106,118,188
10/03/2001,GLH,MS,ASO,CE,Federal Contract Tower,0,4,1,8,13,0,0,43,0,43,0,4,44,8,56,58,108,166,222
10/04/2001,GLH,MS,ASO,CE,Federal Contract Tower,0,4,9,10,23,0,0,17,0,17,0,4,26,10,40,12,84,96,136
10/05/2001,GLH,MS,ASO,CE,Federal Contract Tower,0,4,1,12,17,0,0,7,0,7,0,4,8,12,24,14,100,114,138
10/06/2001,GLH,MS,ASO,CE,Federal Contract Tower,0,6,4,2,12,0,0,14,0,14,0,6,18,2,26,22,0,22,48
10/07/2001,GLH,MS,ASO,CE,Federal Contract Tower,0,6,4,2,12,0,0,9,0,9,0,6,13,2,21,0,14,14,35
10/08/2001,GLH,MS,ASO,CE,Federal Contract Tower,0,4,9,0,13,0,0,15,0,15,0,4,24,0,28,52,0,52,80
10/09/2001,GLH,MS,ASO,CE,Federal Contract Tower,0,4,12,8,24,0,0,20,0,20,0,4,32,8,44,2,110,112,156
10/10/2001,GLH,MS,ASO,CE,Federal Contract Tower,0,4,6,6,16,0,0,14,0,14,0,4,20,6,30,10,90,100,130
10/11/2001,GLH,MS,ASO,CE,Federal Contract Tower,0,5,3,0,8,0,0,1,0,1,0,5,4,0,9,0,0,0,9
10/12/2001,GLH,MS,ASO,CE,Federal Contract Tower,0,5,3,4,12,0,0,4,0,4,0,5,7,4,16,0,6,6,22
10/13/2001,GLH,MS,ASO,CE,Federal Contract Tower,0,4,0,0,4,0,0,0,0,0,0,4,0,0,4,0,0,0,4
10/14/2001,GLH,MS,ASO,CE,Federal Contract Tower,0,6,2,2,10,0,0,15,0,15,0,6,17,2,25,6,10,16,41
10/15/2001,GLH,MS,ASO,CE,Federal Contract Tower,0,4,7,15,26,0,0,27,0,27,0,4,34,15,53,8,132,140,193
10/16/2001,GLH,MS,ASO,CE,Federal Contract Tower,0,3,5,8,16,0,0,29,0,29,0,3,34,8,45,18,114,132,177
10/17/2001,GLH,MS,ASO,CE,Federal Contract Tower,0,6,8,2,16,0,0,24,0,24,0,6,32,2,40,12,26,38,78
10/18/2001,GLH,MS,ASO,CE,Federal Contract Tower,0,4,20,8,32,0,0,23,4,27,0,4,43,12,59,2,112,114,173
10/19/2001,GLH,MS,ASO,CE,Federal Contract Tower,0,4,6,14,24,0,0,23,10,33,0,4,29,24,57,4,132,136,193
10/20/2001,GLH,MS,ASO,CE,Federal Contract Tower,0,4,7,6,17,0,0,7,2,9,0,4,14,8,26,8,0,8,34
10/21/2001,GLH,MS,ASO,CE,Federal Contract Tower,0,6,7,0,13,0,0,13,0,13,0,6,20,0,26,8,0,8,34
10/22/2001,GLH,MS,ASO,CE,Federal Contract Tower,0,6,5,7,18,0,0,18,1,19,0,6,23,8,37,10,62,72,109
10/23/2001,GLH,MS,ASO,CE,Federal Contract Tower,0,3,6,5,14,0,0,19,1,20,0,3,25,6,34,8,66,74,108
10/24/2001,GLH,MS,ASO,CE,Federal Contract Tower,0,4,4,0,8,0,0,7,0,7,0,4,11,0,15,16,0,16,31
10/25/2001,GLH,MS,ASO,CE,Federal Contract Tower,0,4,11,6,21,0,0,22,0,22,0,4,33,6,43,6,80,86,129
10/26/2001,GLH,MS,ASO,CE,Federal Contract Tower,0,4,6,12,22,0,0,25,0,25,0,4,31,12,47,40,80,120,167
10/27/2001,GLH,MS,ASO,CE,Federal Contract Tower,0,4,0,0,4,0,0,54,0,54,0,4,54,0,58,12,0,12,70
10/28/2001,GLH,MS,ASO,CE,Federal Contract Tower,0,6,2,0,8,0,0,48,0,48,0,6,50,0,56,20,0,20,76
10/29/2001,GLH,MS,ASO,CE,Federal Contract Tower,0,4,4,12,20,0,0,32,0,32,0,4,36,12,52,28,102,130,182
10/30/2001,GLH,MS,ASO,CE,Federal Contract Tower,0,4,0,6,10,0,0,34,0,34,0,4,34,6,44,26,100,126,170
10/31/2001,GLH,MS,ASO,CE,Federal Contract Tower,0,4,2,7,13,0,0,32,1,33,0,4,34,8,46,44,58,102,148
11/01/2001,GLH,MS,ASO,CE,Federal Contract Tower,0,4,4,10,18,0,0,23,0,23,0,4,27,10,41,30,102,132,173
11/02/2001,GLH,MS,ASO,CE,Federal Contract Tower,0,4,9,8,21,0,0,23,0,23,0,4,32,8,44,0,112,112,156
11/03/2001,GLH,MS,ASO,CE,Federal Contract Tower,0,4,5,0,9,0,0,10,0,10,0,4,15,0,19,16,0,16,35
11/04/2001,GLH,MS,ASO,CE,Federal Contract Tower,0,6,0,0,6,0,0,19,0,19,0,6,19,0,25,34,0,34,59
11/05/2001,GLH,MS,ASO,CE,Federal Contract Tower,0,4,3,16,23,0,0,31,0,31,0,4,34,16,54,4,142,146,200
11/06/2001,GLH,MS,ASO,CE,Federal Contract Tower,0,4,5,10,19,0,0,33,0,33,0,4,38,10,52,38,190,228,280
11/07/2001,GLH,MS,ASO,CE,Federal Contract Tower,0,4,12,14,30,0,0,36,0,36,0,4,48,14,66,38,146,184,250
11/08/2001,GLH,MS,ASO,CE,Federal Contract Tower,0,6,3,4,13,0,0,31,0,31,0,6,34,4,44,42,88,130,174
11/09/2001,GLH,MS,ASO,CE,Federal Contract Tower,0,4,9,0,13,0,0,30,0,30,0,4,39,0,43,40,0,40,83
11/10/2001,GLH,MS,ASO,CE,Federal Contract Tower,0,3,9,0,12,0,0,22,0,22,0,3,31,0,34,12,0,12,46
11/11/2001,GLH,MS,ASO,CE,Federal Contract Tower,0,6,1,0,7,0,0,19,0,19,0,6,20,0,26,2,0,2,28
11/12/2001,GLH,MS,ASO,CE,Federal Contract Tower,0,4,2,0,6,0,0,23,0,23,0,4,25,0,29,32,0,32,61
11/13/2001,GLH,MS,ASO,CE,Federal Contract Tower,0,4,6,4,14,0,0,23,0,23,0,4,29,4,37,40,26,66,103
11/14/2001,GLH,MS,ASO,CE,Federal Contract Tower,0,4,11,10,25,0,0,35,0,35,0,4,46,10,60,26,76,102,162
11/15/2001,GLH,MS,ASO,CE,Federal Contract Tower,0,4,11,8,23,0,0,32,0,32,0,4,43,8,55,32,94,126,181
11/16/2001,GLH,MS,ASO,CE,Federal Contract Tower,0,4,8,6,18,0,0,37,2,39,0,4,45,8,57,30,70,100,157
11/17/2001,GLH,MS,ASO,CE,Federal Contract Tower,0,4,0,0,4,0,0,36,0,36,0,4,36,0,40,24,0,24,64
11/18/2001,GLH,MS,ASO,CE,Federal Contract Tower,0,6,4,0,10,0,0,21,0,21,0,6,25,0,31,42,0,42,73
11/19/2001,GLH,MS,ASO,CE,Federal Contract Tower,0,4,3,8,15,0,0,14,0,14,0,4,17,8,29,0,146,146,175
11/20/2001,GLH,MS,ASO,CE,Federal Contract Tower,0,4,6,4,14,0,0,27,0,27,0,4,33,4,41,32,62,94,135
11/21/2001,GLH,MS,ASO,CE,Federal Contract Tower,0,4,19,6,29,0,0,23,0,23,0,4,42,6,52,8,114,122,174
11/22/2001,GLH,MS,ASO,CE,Federal Contract Tower,0,6,3,0,9,0,0,5,0,5,0,6,8,0,14,0,0,0,14
11/23/2001,GLH,MS,ASO,CE,Federal Contract Tower,0,7,5,0,12,0,0,13,0,13,0,7,18,0,25,14,0,14,39
11/24/2001,GLH,MS,ASO,CE,Federal Contract Tower,0,4,3,0,7,0,0,7,0,7,0,4,10,0,14,6,0,6,20
11/25/2001,GLH,MS,ASO,CE,Federal Contract Tower,0,6,13,0,19,0,0,27,0,27,0,6,40,0,46,2,0,2,48
11/26/2001,GLH,MS,ASO,CE,Federal Contract Tower,0,4,5,4,13,0,0,8,0,8,0,4,13,4,21,8,18,26,47
11/27/2001,GLH,MS,ASO,CE,Federal Contract Tower,0,6,4,0,10,0,0,3,0,3,0,6,7,0,13,4,0,4,17
11/28/2001,GLH,MS,ASO,CE,Federal Contract Tower,0,3,9,0,12,0,0,0,0,0,0,3,9,0,12,0,0,0,12
11/29/2001,GLH,MS,ASO,CE,Federal Contract Tower,0,4,2,0,6,0,0,0,0,0,0,4,2,0,6,0,0,0,6
11/30/2001,GLH,MS,ASO,CE,Federal Contract Tower,0,5,4,34,43,0,0,31,1,32,0,5,35,35,75,22,120,142,217
12/01/2001,GLH,MS,ASO,CE,Federal Contract Tower,0,2,7,9,18,0,0,26,1,27,0,2,33,10,45,20,0,20,65
12/02/2001,GLH,MS,ASO,CE,Federal Contract Tower,0,6,5,0,11,0,0,33,0,33,0,6,38,0,44,2,0,2,46
12/03/2001,GLH,MS,ASO,CE,Federal Contract Tower,0,4,3,8,15,0,0,31,0,31,0,4,34,8,46,32,158,190,236
12/04/2001,GLH,MS,ASO,CE,Federal Contract Tower,0,4,7,2,13,0,0,29,0,29,0,4,36,2,42,26,20,46,88
12/05/2001,GLH,MS,ASO,CE,Federal Contract Tower,0,4,9,4,17,0,0,20,0,20,0,4,29,4,37,40,20,60,97
12/06/2001,GLH,MS,ASO,CE,Federal Contract Tower,0,4,7,2,13,0,0,5,0,5,0,4,12,2,18,10,16,26,44
12/07/2001,GLH,MS,ASO,CE,Federal Contract Tower,0,5,7,1,13,0,0,1,3,4,0,5,8,4,17,0,2,2,19
12/08/2001,GLH,MS,ASO,CE,Federal Contract Tower,0,4,3,0,7,0,0,4,0,4,0,4,7,0,11,4,0,4,15
12/09/2001,GLH,MS,ASO,CE,Federal Contract Tower,0,6,3,0,9,0,0,7,0,7,0,6,10,0,16,6,0,6,22
12/10/2001,GLH,MS,ASO,CE,Federal Contract Tower,0,4,6,12,22,0,0,21,0,21,0,4,27,12,43,22,140,162,205
12/11/2001,GLH,MS,ASO,CE,Federal Contract Tower,0,4,12,4,20,0,0,4,0,4,0,4,16,4,24,0,4,4,28
12/12/2001,GLH,MS,ASO,CE,Federal Contract Tower,0,4,8,0,12,0,0,3,0,3,0,4,11,0,15,0,0,0,15
12/13/2001,GLH,MS,ASO,CE,Federal Contract Tower,0,4,2,0,6,0,0,2,0,2,0,4,4,0,8,10,0,10,18
12/14/2001,GLH,MS,ASO,CE,Federal Contract Tower,0,5,11,13,29,0,0,12,1,13,0,5,23,14,42,14,96,110,152
12/15/2001,GLH,MS,ASO,CE,Federal Contract Tower,0,4,4,0,8,0,0,37,2,39,0,4,41,2,47,68,0,68,115
12/16/2001,GLH,MS,ASO,CE,Federal Contract Tower,0,6,1,0,7,0,0,3,0,3,0,6,4,0,10,0,0,0,10
12/17/2001,GLH,MS,ASO,CE,Federal Contract Tower,0,4,12,16,32,0,0,11,0,11,0,4,23,16,43,34,104,138,181
12/18/2001,GLH,MS,ASO,CE,Federal Contract Tower,0,4,4,8,16,0,0,43,3,46,0,4,47,11,62,20,90,110,172
12/19/2001,GLH,MS,ASO,CE,Federal Contract Tower,0,4,8,18,30,0,0,12,0,12,0,4,20,18,42,6,174,180,222
12/20/2001,GLH,MS,ASO,CE,Federal Contract Tower,0,7,6,12,25,0,0,23,0,23,0,7,29,12,48,12,62,74,122
12/21/2001,GLH,MS,ASO,CE,Federal Contract Tower,0,5,4,4,13,0,0,29,0,29,0,5,33,4,42,6,24,30,72
12/22/2001,GLH,MS,ASO,CE,Federal Contract Tower,0,5,6,0,11,0,0,5,0,5,0,5,11,0,16,0,0,0,16
12/23/2001,GLH,MS,ASO,CE,Federal Contract Tower,0,6,4,0,10,0,0,21,0,21,0,6,25,0,31,26,0,26,57
12/24/2001,GLH,MS,ASO,CE,Federal Contract Tower,0,4,1,0,5,0,1,21,0,22,0,5,22,0,27,0,0,0,27
12/25/2001,GLH,MS,ASO,CE,Federal Contract Tower,0,4,4,0,8,0,0,14,0,14,0,4,18,0,22,2,0,2,24
12/26/2001,GLH,MS,ASO,CE,Federal Contract Tower,0,6,3,0,9,0,0,23,0,23,0,6,26,0,32,0,0,0,32
12/27/2001,GLH,MS,ASO,CE,Federal Contract Tower,0,2,8,2,12,0,0,20,0,20,0,2,28,2,32,2,2,4,36
12/28/2001,GLH,MS,ASO,CE,Federal Contract Tower,0,8,10,2,20,0,0,16,0,16,0,8,26,2,36,10,20,30,66
12/29/2001,GLH,MS,ASO,CE,Federal Contract Tower,0,4,2,0,6,0,0,4,0,4,0,4,6,0,10,0,0,0,10
12/30/2001,GLH,MS,ASO,CE,Federal Contract Tower,0,6,10,0,16,0,0,15,0,15,0,6,25,0,31,0,0,0,31
12/31/2001,GLH,MS,ASO,CE,Federal Contract Tower,0,3,3,0,6,0,2,10,0,12,0,5,13,0,18,8,0,8,26
01/01/2002,GLH,MS,ASO,CE,Federal Contract Tower,0,4,4,0,8,0,0,16,0,16,0,4,20,0,24,12,0,12,36
01/02/2002,GLH,MS,ASO,CE,Federal Contract Tower,0,4,2,0,6,0,0,6,1,7,0,4,8,1,13,0,0,0,13
01/03/2002,GLH,MS,ASO,CE,Federal Contract Tower,0,3,8,7,18,0,1,19,0,20,0,4,27,7,38,12,36,48,86
01/04/2002,GLH,MS,ASO,CE,Federal Contract Tower,0,5,8,4,17,0,0,16,2,18,0,5,24,6,35,18,12,30,65
01/05/2002,GLH,MS,ASO,CE,Federal Contract Tower,0,4,3,0,7,0,0,3,0,3,0,4,6,0,10,6,0,6,16
01/06/2002,GLH,MS,ASO,CE,Federal Contract Tower,0,3,6,0,9,0,0,10,0,10,0,3,16,0,19,26,0,26,45
01/07/2002,GLH,MS,ASO,CE,Federal Contract Tower,0,3,7,16,26,0,0,22,0,22,0,3,29,16,48,16,112,128,176
01/08/2002,GLH,MS,ASO,CE,Federal Contract Tower,0,4,4,11,19,0,0,32,0,32,0,4,36,11,51,18,74,92,143
01/09/2002,GLH,MS,ASO,CE,Federal Contract Tower,0,3,8,2,13,0,0,13,0,13,0,3,21,2,26,4,36,40,66
01/10/2002,GLH,MS,ASO,CE,Federal Contract Tower,0,3,3,10,16,0,0,9,0,9,0,3,12,10,25,6,114,120,145
01/11/2002,GLH,MS,ASO,CE,Federal Contract Tower,0,3,5,1,9,0,0,30,1,31,0,3,35,2,40,8,0,8,48
01/12/2002,GLH,MS,ASO,CE,Federal Contract Tower,0,3,3,0,6,0,0,24,0,24,0,3,27,0,30,6,0,6,36
01/13/2002,GLH,MS,ASO,CE,Federal Contract Tower,0,4,3,0,7,0,0,22,0,22,0,4,25,0,29,10,0,10,39
01/14/2002,GLH,MS,ASO,CE,Federal Contract Tower,0,3,5,0,8,0,0,20,8,28,0,3,25,8,36,28,0,28,64
01/15/2002,GLH,MS,ASO,CE,Federal Contract Tower,0,4,4,2,10,0,0,25,0,25,0,4,29,2,35,26,6,32,67
01/16/2002,GLH,MS,ASO,CE,Federal Contract Tower,0,3,2,0,5,0,0,11,2,13,0,3,13,2,18,22,0,22,40
01/17/2002,GLH,MS,ASO,CE,Federal Contract Tower,0,3,4,0,7,0,0,7,0,7,0,3,11,0,14,18,0,18,32
01/18/2002,GLH,MS,ASO,CE,Federal Contract Tower,0,3,12,0,15,0,0,3,0,3,0,3,15,0,18,2,0,2,20
01/19/2002,GLH,MS,ASO,CE,Federal Contract Tower,0,4,1,2,7,0,0,3,0,3,0,4,4,2,10,0,0,0,10
01/20/2002,GLH,MS,ASO,CE,Federal Contract Tower,0,4,7,0,11,0,0,13,0,13,0,4,20,0,24,10,0,10,34
01/21/2002,GLH,MS,ASO,CE,Federal Contract Tower,0,3,11,0,14,0,0,21,2,23,0,3,32,2,37,6,0,6,43
01/22/2002,GLH,MS,ASO,CE,Federal Contract Tower,0,3,2,4,9,0,0,17,1,18,0,3,19,5,27,36,0,36,63
01/23/2002,GLH,MS,ASO,CE,Federal Contract Tower,0,5,4,0,9,0,0,8,2,10,0,5,12,2,19,2,0,2,21
01/24/2002,GLH,MS,ASO,CE,Federal Contract Tower,0,4,2,0,6,0,0,0,0,0,0,4,2,0,6,0,0,0,6
01/25/2002,GLH,MS,ASO,CE,Federal Contract Tower,0,3,8,2,13,0,0,27,0,27,0,3,35,2,40,16,0,16,56
01/26/2002,GLH,MS,ASO,CE,Federal Contract Tower,0,3,3,0,6,0,0,36,0,36,0,3,39,0,42,52,0,52,94
01/27/2002,GLH,MS,ASO,CE,Federal Contract Tower,0,5,9,0,14,0,0,25,16,41,0,5,34,16,55,32,0,32,87
01/28/2002,GLH,MS,ASO,CE,Federal Contract Tower,0,3,14,0,17,0,0,8,0,8,0,3,22,0,25,8,0,8,33
01/29/2002,GLH,MS,ASO,CE,Federal Contract Tower,0,3,16,0,19,0,0,22,20,42,0,3,38,20,61,20,0,20,81
01/30/2002,GLH,MS,ASO,CE,Federal Contract Tower,0,4,12,1,17,0,1,36,1,38,0,5,48,2,55,50,2,52,107
01/31/2002,GLH,MS,ASO,CE,Federal Contract Tower,0,4,14,2,20,0,0,18,0,18,0,4,32,2,38,4,82,86,124
02/01/2002,GLH,MS,ASO,CE,Federal Contract Tower,0,3,7,7,17,0,1,19,28,48,0,4,26,35,65,14,16,30,95
02/02/2002,GLH,MS,ASO,CE,Federal Contract Tower,0,3,10,0,13,0,0,28,12,40,0,3,38,12,53,10,0,10,63
02/03/2002,GLH,MS,ASO,CE,Federal Contract Tower,0,4,3,0,7,0,0,18,0,18,0,4,21,0,25,26,0,26,51
02/04/2002,GLH,MS,ASO,CE,Federal Contract Tower,0,3,4,2,9,0,0,38,0,38,0,3,42,2,47,58,28,86,133
02/05/2002,GLH,MS,ASO,CE,Federal Contract Tower,0,3,6,3,12,0,0,19,1,20,0,3,25,4,32,28,26,54,86
02/06/2002,GLH,MS,ASO,CE,Federal Contract Tower,0,2,3,0,5,0,0,0,0,0,0,2,3,0,5,0,0,0,5
02/07/2002,GLH,MS,ASO,CE,Federal Contract Tower,0,4,4,0,8,0,0,23,0,23,0,4,27,0,31,24,0,24,55
02/08/2002,GLH,MS,ASO,CE,Federal Contract Tower,0,3,10,0,13,0,0,35,2,37,0,3,45,2,50,22,0,22,72
02/09/2002,GLH,MS,ASO,CE,Federal Contract Tower,0,2,1,2,5,0,1,37,2,40,0,3,38,4,45,48,0,48,93
02/10/2002,GLH,MS,ASO,CE,Federal Contract Tower,0,4,3,0,7,0,0,29,0,29,0,4,32,0,36,30,0,30,66
02/11/2002,GLH,MS,ASO,CE,Federal Contract Tower,0,3,4,0,7,0,0,35,2,37,0,3,39,2,44,24,0,24,68
02/12/2002,GLH,MS,ASO,CE,Federal Contract Tower,0,4,0,2,6,0,0,56,21,77,0,4,56,23,83,114,0,114,197
02/13/2002,GLH,MS,ASO,CE,Federal Contract Tower,0,3,1,7,11,0,0,38,3,41,0,3,39,10,52,66,58,124,176
02/14/2002,GLH,MS,ASO,CE,Federal Contract Tower,0,3,4,3,10,0,0,30,1,31,0,3,34,4,41,44,0,44,85
02/15/2002,GLH,MS,ASO,CE,Federal Contract Tower,0,3,3,0,6,0,0,32,2,34,0,3,35,2,40,42,0,42,82
02/16/2002,GLH,MS,ASO,CE,Federal Contract Tower,0,2,11,0,13,0,0,32,0,32,0,2,43,0,45,10,0,10,55
02/17/2002,GLH,MS,ASO,CE,Federal Contract Tower,0,4,8,0,12,0,0,35,0,35,0,4,43,0,47,38,0,38,85
02/18/2002,GLH,MS,ASO,CE,Federal Contract Tower,0,3,10,0,13,0,0,32,2,34,0,3,42,2,47,38,0,38,85
02/19/2002,GLH,MS,ASO,CE,Federal Contract Tower,0,3,1,0,4,0,0,12,2,14,0,3,13,2,18,0,0,0,18
02/20/2002,GLH,MS,ASO,CE,Federal Contract Tower,0,4,11,3,18,0,0,35,6,41,0,4,46,9,59,54,24,78,137
02/21/2002,GLH,MS,ASO,CE,Federal Contract Tower,0,3,5,4,12,0,0,30,44,74,0,3,35,48,86,46,34,80,166
02/22/2002,GLH,MS,ASO,CE,Federal Contract Tower,0,3,5,2,10,0,0,19,2,21,0,3,24,4,31,14,24,38,69
02/23/2002,GLH,MS,ASO,CE,Federal Contract Tower,0,3,4,0,7,0,0,35,0,35,0,3,39,0,42,50,0,50,92
02/24/2002,GLH,MS,ASO,CE,Federal Contract Tower,0,4,1,2,7,0,0,29,0,29,0,4,30,2,36,42,50,92,128
02/25/2002,GLH,MS,ASO,CE,Federal Contract Tower,0,3,4,0,7,0,0,18,0,18,0,3,22,0,25,14,0,14,39
02/26/2002,GLH,MS,ASO,CE,Federal Contract Tower,0,3,6,0,9,0,0,20,2,22,0,3,26,2,31,22,2,24,55
02/27/2002,GLH,MS,ASO,CE,Federal Contract Tower,0,3,11,2,16,0,0,14,0,14,0,3,25,2,30,10,8,18,48
02/28/2002,GLH,MS,ASO,CE,Federal Contract Tower,0,4,4,3,11,0,0,26,1,27,0,4,30,4,38,56,2,58,96
03/01/2002,GLH,MS,ASO,CE,Federal Contract Tower,0,4,12,1,17,0,0,10,1,11,0,4,22,2,28,16,6,22,50
03/02/2002,GLH,MS,ASO,CE,Federal Contract Tower,0,3,1,1,5,0,0,1,1,2,0,3,2,2,7,0,2,2,9
03/03/2002,GLH,MS,ASO,CE,Federal Contract Tower,0,4,9,2,15,0,0,10,0,10,0,4,19,2,25,0,0,0,25
03/04/2002,GLH,MS,ASO,CE,Federal Contract Tower,0,4,4,4,12,0,0,31,0,31,0,4,35,4,43,32,14,46,89
03/05/2002,GLH,MS,ASO,CE,Federal Contract Tower,0,3,5,16,24,0,0,45,15,60,0,3,50,31,84,60,78,138,222
03/06/2002,GLH,MS,ASO,CE,Federal Contract Tower,0,3,8,9,20,0,0,38,3,41,0,3,46,12,61,30,66,96,157
03/07/2002,GLH,MS,ASO,CE,Federal Contract Tower,0,3,6,0,9,0,0,43,4,47,0,3,49,4,56,26,0,26,82
03/08/2002,GLH,MS,ASO,CE,Federal Contract Tower,0,3,2,5,10,0,0,17,0,17,0,3,19,5,27,28,28,56,83
03/09/2002,GLH,MS,ASO,CE,Federal Contract Tower,0,4,2,0,6,0,0,4,0,4,0,4,6,0,10,0,0,0,10
03/10/2002,GLH,MS,ASO,CE,Federal Contract Tower,0,4,7,2,13,0,0,15,0,15,0,4,22,2,28,0,8,8,36
03/11/2002,GLH,MS,ASO,CE,Federal Contract Tower,0,3,9,2,14,0,0,10,0,10,0,3,19,2,24,0,14,14,38
03/12/2002,GLH,MS,ASO,CE,Federal Contract Tower,0,4,6,0,10,0,0,3,0,3,0,4,9,0,13,6,0,6,19
03/13/2002,GLH,MS,ASO,CE,Federal Contract Tower,0,4,6,4,14,0,0,20,1,21,0,4,26,5,35,24,34,58,93
03/14/2002,GLH,MS,ASO,CE,Federal Contract Tower,0,3,4,13,20,0,0,17,0,17,0,3,21,13,37,6,50,56,93
03/15/2002,GLH,MS,ASO,CE,Federal Contract Tower,0,3,5,6,14,0,1,20,0,21,0,4,25,6,35,42,26,68,103
03/16/2002,GLH,MS,ASO,CE,Federal Contract Tower,0,3,4,0,7,0,0,2,0,2,0,3,6,0,9,0,0,0,9
03/17/2002,GLH,MS,ASO,CE,Federal Contract Tower,0,4,3,0,7,0,0,0,0,0,0,4,3,0,7,0,0,0,7
03/18/2002,GLH,MS,ASO,CE,Federal Contract Tower,0,3,7,2,12,0,0,11,0,11,0,3,18,2,23,20,0,20,43
03/19/2002,GLH,MS,ASO,CE,Federal Contract Tower,0,3,12,8,23,0,0,30,0,30,0,3,42,8,53,10,82,92,145
03/20/2002,GLH,MS,ASO,CE,Federal Contract Tower,0,3,8,0,11,0,1,5,0,6,0,4,13,0,17,10,0,10,27
03/21/2002,GLH,MS,ASO,CE,Federal Contract Tower,0,3,2,0,5,0,0,20,0,20,0,3,22,0,25,22,0,22,47
03/22/2002,GLH,MS,ASO,CE,Federal Contract Tower,0,4,10,0,14,0,0,21,0,21,0,4,31,0,35,20,0,20,55
03/23/2002,GLH,MS,ASO,CE,Federal Contract Tower,0,3,4,0,7,0,0,40,0,40,0,3,44,0,47,90,0,90,137
03/24/2002,GLH,MS,ASO,CE,Federal Contract Tower,0,4,3,0,7,0,0,22,0,22,0,4,25,0,29,24,0,24,53
03/25/2002,GLH,MS,ASO,CE,Federal Contract Tower,0,3,15,0,18,0,0,38,0,38,0,3,53,0,56,6,0,6,62
03/26/2002,GLH,MS,ASO,CE,Federal Contract Tower,0,4,8,16,28,0,0,19,0,19,0,4,27,16,47,28,124,152,199
03/27/2002,GLH,MS,ASO,CE,Federal Contract Tower,0,3,6,10,19,0,0,36,0,36,0,3,42,10,55,32,82,114,169
03/28/2002,GLH,MS,ASO,CE,Federal Contract Tower,0,3,5,4,12,0,0,29,0,29,0,3,34,4,41,32,58,90,131
03/29/2002,GLH,MS,ASO,CE,Federal Contract Tower,0,3,8,4,15,0,0,8,0,8,0,3,16,4,23,26,74,100,123
03/30/2002,GLH,MS,ASO,CE,Federal Contract Tower,0,3,0,0,3,0,0,0,0,0,0,3,0,0,3,0,0,0,3
03/31/2002,GLH,MS,ASO,CE,Federal Contract Tower,0,4,4,0,8,0,0,0,0,0,0,4,4,0,8,0,0,0,8
04/01/2002,GLH,MS,ASO,CE,Federal Contract Tower,0,5,4,8,17,0,0,34,0,34,0,5,38,8,51,56,114,170,221
04/02/2002,GLH,MS,ASO,CE,Federal Contract Tower,0,6,2,6,14,0,0,29,0,29,0,6,31,6,43,50,140,190,233
04/03/2002,GLH,MS,ASO,CE,Federal Contract Tower,0,7,3,12,22,0,0,9,0,9,0,7,12,12,31,0,144,144,175
04/04/2002,GLH,MS,ASO,CE,Federal Contract Tower,0,3,18,15,36,0,0,26,0,26,0,3,44,15,62,28,176,204,266
04/05/2002,GLH,MS,ASO,CE,Federal Contract Tower,0,5,8,8,21,0,0,49,0,49,0,5,57,8,70,50,96,146,216
04/06/2002,GLH,MS,ASO,CE,Federal Contract Tower,0,5,4,0,9,0,0,26,0,26,0,5,30,0,35,4,0,4,39
04/07/2002,GLH,MS,ASO,CE,Federal Contract Tower,0,5,3,0,8,0,0,25,0,25,0,5,28,0,33,20,0,20,53
04/08/2002,GLH,MS,ASO,CE,Federal Contract Tower,0,4,1,0,5,0,0,0,0,0,0,4,1,0,5,0,0,0,5
04/09/2002,GLH,MS,ASO,CE,Federal Contract Tower,0,4,7,6,17,0,0,4,0,4,0,4,11,6,21,10,8,18,39
04/10/2002,GLH,MS,ASO,CE,Federal Contract Tower,0,3,7,3,13,0,0,34,0,34,0,3,41,3,47,26,44,70,117
04/11/2002,GLH,MS,ASO,CE,Federal Contract Tower,0,3,8,14,25,0,0,49,0,49,0,3,57,14,74,22,120,142,216
04/12/2002,GLH,MS,ASO,CE,Federal Contract Tower,0,2,5,14,21,0,0,33,2,35,0,2,38,16,56,50,150,200,256
04/13/2002,GLH,MS,ASO,CE,Federal Contract Tower,0,4,6,0,10,0,0,23,0,23,0,4,29,0,33,20,0,20,53
04/14/2002,GLH,MS,ASO,CE,Federal Contract Tower,0,4,5,0,9,0,0,27,0,27,0,4,32,0,36,18,0,18,54
04/15/2002,GLH,MS,ASO,CE,Federal Contract Tower,0,3,10,14,27,0,0,38,0,38,0,3,48,14,65,24,174,198,263
04/16/2002,GLH,MS,ASO,CE,Federal Contract Tower,0,4,11,14,29,0,0,17,0,17,0,4,28,14,46,14,232,246,292
04/17/2002,GLH,MS,ASO,CE,Federal Contract Tower,0,4,6,6,16,0,0,31,0,31,0,4,37,6,47,42,44,86,133
04/18/2002,GLH,MS,ASO,CE,Federal Contract Tower,0,3,5,9,17,0,0,43,1,44,0,3,48,10,61,28,130,158,219
04/19/2002,GLH,MS,ASO,CE,Federal Contract Tower,0,3,8,8,19,0,0,25,0,25,0,3,33,8,44,30,26,56,100
04/20/2002,GLH,MS,ASO,CE,Federal Contract Tower,0,3,0,0,3,0,0,27,0,27,0,3,27,0,30,38,0,38,68
04/21/2002,GLH,MS,ASO,CE,Federal Contract Tower,0,4,1,2,7,0,0,23,0,23,0,4,24,2,30,22,20,42,72
04/22/2002,GLH,MS,ASO,CE,Federal Contract Tower,0,4,8,14,26,0,0,19,0,19,0,4,27,14,45,18,208,226,271
04/23/2002,GLH,MS,ASO,CE,Federal Contract Tower,0,5,4,6,15,0,0,25,0,25,0,5,29,6,40,46,66,112,152
04/24/2002,GLH,MS,ASO,CE,Federal Contract Tower,0,3,8,11,22,0,1,25,0,26,0,4,33,11,48,46,188,234,282
04/25/2002,GLH,MS,ASO,CE,Federal Contract Tower,0,3,10,10,23,0,0,27,0,27,0,3,37,10,50,46,110,156,206
04/26/2002,GLH,MS,ASO,CE,Federal Contract Tower,0,3,2,6,11,0,1,5,0,6,0,4,7,6,17,26,28,54,71
04/27/2002,GLH,MS,ASO,CE,Federal Contract Tower,0,3,4,0,7,0,0,8,0,8,0,3,12,0,15,18,0,18,33
04/28/2002,GLH,MS,ASO,CE,Federal Contract Tower,0,4,3,0,7,0,0,9,0,9,0,4,12,0,16,10,0,10,26
04/29/2002,GLH,MS,ASO,CE,Federal Contract Tower,0,4,4,4,12,0,0,23,0,23,0,4,27,4,35,20,120,140,175
04/30/2002,GLH,MS,ASO,CE,Federal Contract Tower,0,4,7,8,19,0,0,22,0,22,0,4,29,8,41,26,94,120,161
05/01/2002,GLH,MS,ASO,CE,Federal Contract Tower,0,3,5,6,14,0,0,18,0,18,0,3,23,6,32,2,88,90,122
05/02/2002,GLH,MS,ASO,CE,Federal Contract Tower,0,3,4,10,17,0,0,13,0,13,0,3,17,10,30,0,110,110,140
05/03/2002,GLH,MS,ASO,CE,Federal Contract Tower,0,3,8,0,11,0,0,6,0,6,0,3,14,0,17,0,0,0,17
05/04/2002,GLH,MS,ASO,CE,Federal Contract Tower,0,3,5,0,8,0,0,4,0,4,0,3,9,0,12,0,0,0,12
05/05/2002,GLH,MS,ASO,CE,Federal Contract Tower,0,4,2,0,6,0,0,5,0,5,0,4,7,0,11,4,0,4,15
05/06/2002,GLH,MS,ASO,CE,Federal Contract Tower,0,3,6,14,23,0,0,22,0,22,0,3,28,14,45,34,234,268,313
05/07/2002,GLH,MS,ASO,CE,Federal Contract Tower,0,4,10,16,30,0,0,27,20,47,0,4,37,36,77,34,194,228,305
05/08/2002,GLH,MS,ASO,CE,Federal Contract Tower,0,3,9,10,22,0,0,45,0,45,0,3,54,10,67,70,138,208,275
05/09/2002,GLH,MS,ASO,CE,Federal Contract Tower,0,3,3,2,8,0,0,3,0,3,0,3,6,2,11,18,20,38,49
05/10/2002,GLH,MS,ASO,CE,Federal Contract Tower,0,3,16,0,19,0,1,8,0,9,0,4,24,0,28,42,0,42,70
05/11/2002,GLH,MS,ASO,CE,Federal Contract Tower,0,4,10,0,14,0,0,13,0,13,0,4,23,0,27,10,0,10,37
05/12/2002,GLH,MS,ASO,CE,Federal Contract Tower,0,4,3,0,7,0,0,13,0,13,0,4,16,0,20,20,0,20,40
05/13/2002,GLH,MS,ASO,CE,Federal Contract Tower,0,3,4,14,21,0,0,10,0,10,0,3,14,14,31,0,212,212,243
05/14/2002,GLH,MS,ASO,CE,Federal Contract Tower,0,3,5,12,20,0,0,46,2,48,0,3,51,14,68,48,124,172,240
05/15/2002,GLH,MS,ASO,CE,Federal Contract Tower,0,3,11,6,20,0,0,40,0,40,0,3,51,6,60,46,58,104,164
05/16/2002,GLH,MS,ASO,CE,Federal Contract Tower,0,3,4,5,12,0,0,30,1,31,0,3,34,6,43,12,66,78,121
05/17/2002,GLH,MS,ASO,CE,Federal Contract Tower,0,2,2,2,6,0,0,3,0,3,0,2,5,2,9,18,28,46,55
05/18/2002,GLH,MS,ASO,CE,Federal Contract Tower,0,3,2,0,5,0,0,11,0,11,0,3,13,0,16,0,0,0,16
05/19/2002,GLH,MS,ASO,CE,Federal Contract Tower,0,4,4,5,13,0,0,16,0,16,0,4,20,5,29,6,88,94,123
05/20/2002,GLH,MS,ASO,CE,Federal Contract Tower,0,3,12,2,17,0,0,41,3,44,0,3,53,5,61,64,68,132,193
05/21/2002,GLH,MS,ASO,CE,Federal Contract Tower,0,3,10,4,17,0,0,63,0,63,0,3,73,4,80,56,140,196,276
05/22/2002,GLH,MS,ASO,CE,Federal Contract Tower,0,3,5,10,18,0,0,39,0,39,0,3,44,10,57,70,136,206,263
05/23/2002,GLH,MS,ASO,CE,Federal Contract Tower,0,3,4,11,18,0,0,29,0,29,0,3,33,11,47,28,70,98,145
05/24/2002,GLH,MS,ASO,CE,Federal Contract Tower,0,3,10,4,17,0,0,35,0,35,0,3,45,4,52,18,32,50,102
05/25/2002,GLH,MS,ASO,CE,Federal Contract Tower,0,3,3,0,6,0,0,27,0,27,0,3,30,0,33,30,0,30,63
05/26/2002,GLH,MS,ASO,CE,Federal Contract Tower,0,4,4,0,8,0,0,19,0,19,0,4,23,0,27,8,0,8,35
05/27/2002,GLH,MS,ASO,CE,Federal Contract Tower,0,5,8,0,13,0,0,36,0,36,0,5,44,0,49,18,0,18,67
05/28/2002,GLH,MS,ASO,CE,Federal Contract Tower,0,3,11,6,20,0,1,25,0,26,0,4,36,6,46,20,88,108,154
05/29/2002,GLH,MS,ASO,CE,Federal Contract Tower,0,3,5,6,14,0,0,21,0,21,0,3,26,6,35,14,46,60,95
05/30/2002,GLH,MS,ASO,CE,Federal Contract Tower,0,3,13,11,27,0,0,9,1,10,0,3,22,12,37,10,80,90,127
05/31/2002,GLH,MS,ASO,CE,Federal Contract Tower,0,3,7,4,14,0,0,38,0,38,0,3,45,4,52,38,24,62,114
06/01/2002,GLH,MS,ASO,CE,Federal Contract Tower,0,4,4,0,8,0,0,32,0,32,0,4,36,0,40,20,0,20,60
06/02/2002,GLH,MS,ASO,CE,Federal Contract Tower,0,4,4,1,9,0,0,20,0,20,0,4,24,1,29,0,0,0,29
06/03/2002,GLH,MS,ASO,CE,Federal Contract Tower,0,3,6,0,9,0,0,45,6,51,0,3,51,6,60,26,0,26,86
06/04/2002,GLH,MS,ASO,CE,Federal Contract Tower,0,3,6,2,11,0,0,45,2,47,0,3,51,4,58,36,16,52,110
06/05/2002,GLH,MS,ASO,CE,Federal Contract Tower,0,3,3,0,6,0,0,33,0,33,0,3,36,0,39,74,0,74,113
06/06/2002,GLH,MS,ASO,CE,Federal Contract Tower,0,4,6,4,14,0,1,30,0,31,0,5,36,4,45,34,32,66,111
06/07/2002,GLH,MS,ASO,CE,Federal Contract Tower,0,5,9,6,20,0,0,17,1,18,0,5,26,7,38,0,36,36,74
06/08/2002,GLH,MS,ASO,CE,Federal Contract Tower,0,3,2,0,5,0,0,23,0,23,0,3,25,0,28,24,0,24,52
06/09/2002,GLH,MS,ASO,CE,Federal Contract Tower,0,3,8,0,11,0,0,11,0,11,0,3,19,0,22,10,0,10,32
06/10/2002,GLH,MS,ASO,CE,Federal Contract Tower,0,4,1,0,5,0,0,22,0,22,0,4,23,0,27,14,0,14,41
06/11/2002,GLH,MS,ASO,CE,Federal Contract Tower,0,4,6,1,11,0,0,27,1,28,0,4,33,2,39,8,6,14,53
06/12/2002,GLH,MS,ASO,CE,Federal Contract Tower,0,4,8,2,14,0,0,31,0,31,0,4,39,2,45,44,14,58,103
06/13/2002,GLH,MS,ASO,CE,Federal Contract Tower,0,4,7,2,13,0,0,15,0,15,0,4,22,2,28,28,8,36,64
06/14/2002,GLH,MS,ASO,CE,Federal Contract Tower,0,4,3,2,9,0,0,37,0,37,0,4,40,2,46,62,10,72,118
06/15/2002,GLH,MS,ASO,CE,Federal Contract Tower,0,4,4,0,8,0,0,22,0,22,0,4,26,0,30,20,0,20,50
06/16/2002,GLH,MS,ASO,CE,Federal Contract Tower,0,3,6,0,9,0,0,13,2,15,0,3,19,2,24,4,0,4,28
06/17/2002,GLH,MS,ASO,CE,Federal Contract Tower,0,4,9,0,13,0,0,13,0,13,0,4,22,0,26,10,0,10,36
06/18/2002,GLH,MS,ASO,CE,Federal Contract Tower,0,4,4,0,8,0,0,28,0,28,0,4,32,0,36,24,0,24,60
06/19/2002,GLH,MS,ASO,CE,Federal Contract Tower,0,4,11,0,15,0,0,41,14,55,0,4,52,14,70,18,0,18,88
06/20/2002,GLH,MS,ASO,CE,Federal Contract Tower,0,4,4,4,12,0,0,15,0,15,0,4,19,4,27,2,52,54,81
06/21/2002,GLH,MS,ASO,CE,Federal Contract Tower,0,4,1,6,11,0,0,30,4,34,0,4,31,10,45,2,44,46,91
06/22/2002,GLH,MS,ASO,CE,Federal Contract Tower,0,3,4,2,9,0,0,21,0,21,0,3,25,2,30,10,6,16,46
06/23/2002,GLH,MS,ASO,CE,Federal Contract Tower,0,2,4,0,6,0,0,4,4,8,0,2,8,4,14,10,0,10,24
06/24/2002,GLH,MS,ASO,CE,Federal Contract Tower,0,4,7,6,17,0,0,39,1,40,0,4,46,7,57,4,78,82,139
06/25/2002,GLH,MS,ASO,CE,Federal Contract Tower,0,4,10,2,16,0,0,16,0,16,0,4,26,2,32,0,40,40,72
06/26/2002,GLH,MS,ASO,CE,Federal Contract Tower,0,6,5,4,15,0,0,17,0,17,0,6,22,4,32,0,18,18,50
06/27/2002,GLH,MS,ASO,CE,Federal Contract Tower,0,4,5,0,9,0,0,9,0,9,0,4,14,0,18,2,0,2,20
06/28/2002,GLH,MS,ASO,CE,Federal Contract Tower,0,5,8,0,13,0,0,0,0,0,0,5,8,0,13,14,0,14,27
06/29/2002,GLH,MS,ASO,CE,Federal Contract Tower,0,3,5,0,8,0,0,18,0,18,0,3,23,0,26,8,0,8,34
06/30/2002,GLH,MS,ASO,CE,Federal Contract Tower,0,2,3,0,5,0,0,10,0,10,0,2,13,0,15,8,0,8,23
07/01/2002,GLH,MS,ASO,CE,Federal Contract Tower,0,2,10,7,19,0,0,32,1,33,0,2,42,8,52,18,48,66,118
07/02/2002,GLH,MS,ASO,CE,Federal Contract Tower,0,4,3,6,13,0,0,34,0,34,0,4,37,6,47,28,144,172,219
07/03/2002,GLH,MS,ASO,CE,Federal Contract Tower,0,4,10,8,22,0,0,19,0,19,0,4,29,8,41,10,66,76,117
07/04/2002,GLH,MS,ASO,CE,Federal Contract Tower,0,2,1,0,3,0,0,9,0,9,0,2,10,0,12,0,0,0,12
07/05/2002,GLH,MS,ASO,CE,Federal Contract Tower,0,2,6,0,8,0,0,26,0,26,0,2,32,0,34,0,0,0,34
07/06/2002,GLH,MS,ASO,CE,Federal Contract Tower,0,4,7,0,11,0,0,15,0,15,0,4,22,0,26,28,0,28,54
07/07/2002,GLH,MS,ASO,CE,Federal Contract Tower,0,3,4,0,7,0,0,20,0,20,0,3,24,0,27,0,0,0,27
07/08/2002,GLH,MS,ASO,CE,Federal Contract Tower,0,4,1,2,7,0,0,14,0,14,0,4,15,2,21,0,4,4,25
07/09/2002,GLH,MS,ASO,CE,Federal Contract Tower,0,4,0,0,4,0,1,16,0,17,0,5,16,0,21,0,0,0,21
07/10/2002,GLH,MS,ASO,CE,Federal Contract Tower,0,4,7,0,11,0,1,22,0,23,0,5,29,0,34,8,0,8,42
07/11/2002,GLH,MS,ASO,CE,Federal Contract Tower,0,4,8,7,19,0,0,8,0,8,0,4,16,7,27,0,42,42,69
07/12/2002,GLH,MS,ASO,CE,Federal Contract Tower,0,3,7,4,14,0,0,14,0,14,0,3,21,4,28,10,34,44,72
07/13/2002,GLH,MS,ASO,CE,Federal Contract Tower,0,3,6,0,9,0,0,10,0,10,0,3,16,0,19,10,0,10,29
07/14/2002,GLH,MS,ASO,CE,Federal Contract Tower,0,2,8,0,10,0,0,2,0,2,0,2,10,0,12,12,0,12,24
07/15/2002,GLH,MS,ASO,CE,Federal Contract Tower,0,4,9,8,21,0,0,13,2,15,0,4,22,10,36,0,78,78,114
07/16/2002,GLH,MS,ASO,CE,Federal Contract Tower,0,5,7,6,18,0,0,29,0,29,0,5,36,6,47,12,36,48,95
07/17/2002,GLH,MS,ASO,CE,Federal Contract Tower,0,4,2,10,16,0,0,24,0,24,0,4,26,10,40,16,54,70,110
07/18/2002,GLH,MS,ASO,CE,Federal Contract Tower,0,4,5,8,17,0,0,22,0,22,0,4,27,8,39,50,130,180,219
07/19/2002,GLH,MS,ASO,CE,Federal Contract Tower,0,4,6,12,22,0,0,22,0,22,0,4,28,12,44,4,154,158,202
07/20/2002,GLH,MS,ASO,CE,Federal Contract Tower,0,3,4,0,7,0,0,28,0,28,0,3,32,0,35,26,0,26,61
07/21/2002,GLH,MS,ASO,CE,Federal Contract Tower,0,3,5,0,8,0,0,20,0,20,0,3,25,0,28,0,0,0,28
07/22/2002,GLH,MS,ASO,CE,Federal Contract Tower,0,4,8,12,24,0,0,20,0,20,0,4,28,12,44,10,164,174,218
07/23/2002,GLH,MS,ASO,CE,Federal Contract Tower,0,4,11,7,22,0,0,36,1,37,0,4,47,8,59,4,134,138,197
07/24/2002,GLH,MS,ASO,CE,Federal Contract Tower,0,9,5,2,16,0,1,14,0,15,0,10,19,2,31,12,30,42,73
07/25/2002,GLH,MS,ASO,CE,Federal Contract Tower,0,5,13,10,28,0,0,29,4,33,0,5,42,14,61,20,42,62,123
07/26/2002,GLH,MS,ASO,CE,Federal Contract Tower,0,5,11,10,26,0,0,22,0,22,0,5,33,10,48,4,126,130,178
07/27/2002,GLH,MS,ASO,CE,Federal Contract Tower,0,6,6,0,12,0,0,6,0,6,0,6,12,0,18,0,0,0,18
07/28/2002,GLH,MS,ASO,CE,Federal Contract Tower,0,3,5,0,8,0,0,14,2,16,0,3,19,2,24,14,0,14,38
07/29/2002,GLH,MS,ASO,CE,Federal Contract Tower,0,4,1,10,15,0,0,40,0,40,0,4,41,10,55,4,236,240,295
07/30/2002,GLH,MS,ASO,CE,Federal Contract Tower,0,8,5,8,21,0,0,23,3,26,0,8,28,11,47,18,62,80,127
07/31/2002,GLH,MS,ASO,CE,Federal Contract Tower,0,4,6,9,19,0,0,5,3,8,0,4,11,12,27,0,44,44,71
08/01/2002,GLH,MS,ASO,CE,Federal Contract Tower,0,1,2,2,5,0,3,21,2,26,0,4,23,4,31,20,66,86,117
08/02/2002,GLH,MS,ASO,CE,Federal Contract Tower,0,1,0,1,2,0,3,17,11,31,0,4,17,12,33,15,160,175,208
08/03/2002,GLH,MS,ASO,CE,Federal Contract Tower,0,4,8,2,14,0,0,21,0,21,0,4,29,2,35,34,0,34,69
08/04/2002,GLH,MS,ASO,CE,Federal Contract Tower,0,2,7,1,10,0,0,14,0,14,0,2,21,1,24,0,0,0,24
08/05/2002,GLH,MS,ASO,CE,Federal Contract Tower,0,4,4,3,11,0,1,27,9,37,0,5,31,12,48,6,200,206,254
08/06/2002,GLH,MS,ASO,CE,Federal Contract Tower,0,7,8,8,23,0,0,26,5,31,0,7,34,13,54,28,116,144,198
08/07/2002,GLH,MS,ASO,CE,Federal Contract Tower,0,2,2,2,6,0,2,27,13,42,0,4,29,15,48,16,98,114,162
08/08/2002,GLH,MS,ASO,CE,Federal Contract Tower,0,2,2,2,6,0,4,22,6,32,0,6,24,8,38,8,90,98,136
08/09/2002,GLH,MS,ASO,CE,Federal Contract Tower,0,5,9,7,21,0,0,16,0,16,0,5,25,7,37,32,60,92,129
08/10/2002,GLH,MS,ASO,CE,Federal Contract Tower,0,3,6,0,9,0,0,12,0,12,0,3,18,0,21,0,0,0,21
08/11/2002,GLH,MS,ASO,CE,Federal Contract Tower,0,2,9,2,13,0,0,19,0,19,0,2,28,2,32,0,0,0,32
08/12/2002,GLH,MS,ASO,CE,Federal Contract Tower,0,2,7,0,9,0,0,16,0,16,0,2,23,0,25,12,0,12,37
08/13/2002,GLH,MS,ASO,CE,Federal Contract Tower,0,4,9,7,20,0,0,10,0,10,0,4,19,7,30,0,74,74,104
08/14/2002,GLH,MS,ASO,CE,Federal Contract Tower,0,0,2,1,3,0,3,13,5,21,0,3,15,6,24,26,24,50,74
08/15/2002,GLH,MS,ASO,CE,Federal Contract Tower,0,3,3,4,10,0,1,17,4,22,0,4,20,8,32,26,40,66,98
08/16/2002,GLH,MS,ASO,CE,Federal Contract Tower,0,3,3,3,9,0,1,9,1,11,0,4,12,4,20,4,0,4,24
08/17/2002,GLH,MS,ASO,CE,Federal Contract Tower,0,3,9,0,12,0,0,6,0,6,0,3,15,0,18,0,0,0,18
08/18/2002,GLH,MS,ASO,CE,Federal Contract Tower,0,2,10,2,14,0,0,15,0,15,0,2,25,2,29,16,16,32,61
08/19/2002,GLH,MS,ASO,CE,Federal Contract Tower,0,4,8,4,16,0,0,21,0,21,0,4,29,4,37,34,64,98,135
08/20/2002,GLH,MS,ASO,CE,Federal Contract Tower,0,2,4,4,10,0,2,31,5,38,0,4,35,9,48,36,174,210,258
08/21/2002,GLH,MS,ASO,CE,Federal Contract Tower,0,1,3,2,6,0,4,33,4,41,0,5,36,6,47,10,158,168,215
08/22/2002,GLH,MS,ASO,CE,Federal Contract Tower,0,2,4,2,8,0,1,28,2,31,0,3,32,4,39,8,34,42,81
08/23/2002,GLH,MS,ASO,CE,Federal Contract Tower,0,1,3,2,6,0,5,29,12,46,0,6,32,14,52,12,194,206,258
08/24/2002,GLH,MS,ASO,CE,Federal Contract Tower,0,4,8,0,12,0,0,18,0,18,0,4,26,0,30,12,0,12,42
08/25/2002,GLH,MS,ASO,CE,Federal Contract Tower,0,2,9,0,11,0,0,11,0,11,0,2,20,0,22,20,0,20,42
08/26/2002,GLH,MS,ASO,CE,Federal Contract Tower,0,1,3,2,6,0,4,27,4,35,0,5,30,6,41,9,112,121,162
08/27/2002,GLH,MS,ASO,CE,Federal Contract Tower,0,5,8,6,19,0,0,21,4,25,0,5,29,10,44,0,130,130,174
08/28/2002,GLH,MS,ASO,CE,Federal Contract Tower,0,1,3,2,6,0,3,29,2,34,0,4,32,4,40,4,28,32,72
08/29/2002,GLH,MS,ASO,CE,Federal Contract Tower,0,1,3,2,6,0,3,28,6,37,0,4,31,8,43,6,62,68,111
08/30/2002,GLH,MS,ASO,CE,Federal Contract Tower,0,2,4,3,9,0,3,12,7,22,0,5,16,10,31,2,50,52,83
08/31/2002,GLH,MS,ASO,CE,Federal Contract Tower,0,3,2,0,5,0,0,19,0,19,0,3,21,0,24,10,0,10,34
09/01/2002,GLH,MS,ASO,CE,Federal Contract Tower,0,3,3,0,6,0,0,7,0,7,0,3,10,0,13,10,0,10,23
09/02/2002,GLH,MS,ASO,CE,Federal Contract Tower,0,0,3,0,3,0,0,14,0,14,0,0,17,0,17,24,0,24,41
09/03/2002,GLH,MS,ASO,CE,Federal Contract Tower,0,4,10,8,22,0,1,44,0,45,0,5,54,8,67,14,118,132,199
09/04/2002,GLH,MS,ASO,CE,Federal Contract Tower,0,5,10,8,23,0,0,32,0,32,0,5,42,8,55,6,114,120,175
09/05/2002,GLH,MS,ASO,CE,Federal Contract Tower,0,5,5,2,12,0,0,37,8,45,0,5,42,10,57,8,18,26,83
09/06/2002,GLH,MS,ASO,CE,Federal Contract Tower,0,5,6,12,23,0,0,21,3,24,0,5,27,15,47,14,68,82,129
09/07/2002,GLH,MS,ASO,CE,Federal Contract Tower,0,3,3,0,6,0,0,18,0,18,0,3,21,0,24,6,0,6,30
09/08/2002,GLH,MS,ASO,CE,Federal Contract Tower,0,2,2,2,6,0,0,18,0,18,0,2,20,2,24,0,20,20,44
09/09/2002,GLH,MS,ASO,CE,Federal Contract Tower,0,5,3,8,16,0,0,29,0,29,0,5,32,8,45,14,222,236,281
09/10/2002,GLH,MS,ASO,CE,Federal Contract Tower,0,6,1,6,13,0,0,28,0,28,0,6,29,6,41,4,104,108,149
09/11/2002,GLH,MS,ASO,CE,Federal Contract Tower,0,4,13,9,26,0,0,24,3,27,0,4,37,12,53,18,98,116,169
09/12/2002,GLH,MS,ASO,CE,Federal Contract Tower,0,3,9,7,19,0,0,28,2,30,0,3,37,9,49,30,64,94,143
09/13/2002,GLH,MS,ASO,CE,Federal Contract Tower,0,4,9,10,23,0,1,40,0,41,0,5,49,10,64,20,94,114,178
09/14/2002,GLH,MS,ASO,CE,Federal Contract Tower,0,3,0,0,3,0,0,9,0,9,0,3,9,0,12,8,0,8,20
09/15/2002,GLH,MS,ASO,CE,Federal Contract Tower,0,2,8,0,10,0,0,15,0,15,0,2,23,0,25,8,0,8,33
09/16/2002,GLH,MS,ASO,CE,Federal Contract Tower,0,5,0,4,9,0,0,8,0,8,0,5,8,4,17,10,34,44,61
09/17/2002,GLH,MS,ASO,CE,Federal Contract Tower,0,5,8,12,25,0,0,13,0,13,0,5,21,12,38,16,90,106,144
09/18/2002,GLH,MS,ASO,CE,Federal Contract Tower,0,8,17,0,25,0,0,15,0,15,0,8,32,0,40,28,0,28,68
09/19/2002,GLH,MS,ASO,CE,Federal Contract Tower,0,4,9,6,19,0,0,14,0,14,0,4,23,6,33,2,80,82,115
09/20/2002,GLH,MS,ASO,CE,Federal Contract Tower,0,6,4,0,10,0,0,6,2,8,0,6,10,2,18,10,0,10,28
09/21/2002,GLH,MS,ASO,CE,Federal Contract Tower,0,3,3,0,6,0,0,9,0,9,0,3,12,0,15,6,0,6,21
09/22/2002,GLH,MS,ASO,CE,Federal Contract Tower,0,2,6,0,8,0,0,15,0,15,0,2,21,0,23,0,0,0,23
09/23/2002,GLH,MS,ASO,CE,Federal Contract Tower,0,3,1,2,6,0,0,27,0,27,0,3,28,2,33,16,38,54,87
09/24/2002,GLH,MS,ASO,CE,Federal Contract Tower,0,5,7,7,19,0,0,35,1,36,0,5,42,8,55,20,60,80,135
09/25/2002,GLH,MS,ASO,CE,Federal Contract Tower,0,5,11,5,21,0,0,6,0,6,0,5,17,5,27,6,10,16,43
09/26/2002,GLH,MS,ASO,CE,Federal Contract Tower,0,4,2,0,6,0,1,0,0,1,0,5,2,0,7,0,0,0,7
09/27/2002,GLH,MS,ASO,CE,Federal Contract Tower,0,5,0,12,17,0,1,21,0,22,0,6,21,12,39,6,50,56,95
09/28/2002,GLH,MS,ASO,CE,Federal Contract Tower,0,3,3,0,6,0,0,33,0,33,0,3,36,0,39,4,0,4,43
09/29/2002,GLH,MS,ASO,CE,Federal Contract Tower,0,2,2,2,6,0,0,31,0,31,0,2,33,2,37,4,0,4,41
09/30/2002,GLH,MS,ASO,CE,Federal Contract Tower,0,5,4,0,9,0,0,13,0,13,0,5,17,0,22,2,0,2,24
10/01/2002,GLH,MS,ASO,CE,Federal Contract Tower,0,5,7,6,18,0,0,22,0,22,0,5,29,6,40,18,190,208,248
10/02/2002,GLH,MS,ASO,CE,Federal Contract Tower,0,5,7,0,12,0,0,23,8,31,0,5,30,8,43,18,0,18,61
10/03/2002,GLH,MS,ASO,CE,Federal Contract Tower,0,5,6,0,11,0,0,3,0,3,0,5,9,0,14,0,0,0,14
10/04/2002,GLH,MS,ASO,CE,Federal Contract Tower,0,5,2,4,11,0,0,6,0,6,0,5,8,4,17,0,42,42,59
10/05/2002,GLH,MS,ASO,CE,Federal Contract Tower,0,3,0,0,3,0,0,24,10,34,0,3,24,10,37,0,0,0,37
10/06/2002,GLH,MS,ASO,CE,Federal Contract Tower,0,2,6,2,10,0,0,19,2,21,0,2,25,4,31,14,18,32,63
10/07/2002,GLH,MS,ASO,CE,Federal Contract Tower,0,5,5,4,14,0,0,18,4,22,0,5,23,8,36,18,70,88,124
10/08/2002,GLH,MS,ASO,CE,Federal Contract Tower,0,5,6,9,20,0,0,19,8,27,0,5,25,17,47,10,108,118,165
10/09/2002,GLH,MS,ASO,CE,Federal Contract Tower,0,5,9,1,15,0,0,0,0,0,0,5,9,1,15,0,0,0,15
10/10/2002,GLH,MS,ASO,CE,Federal Contract Tower,0,6,9,3,18,0,0,0,0,0,0,6,9,3,18,2,8,10,28
10/11/2002,GLH,MS,ASO,CE,Federal Contract Tower,0,5,17,7,29,0,0,10,1,11,0,5,27,8,40,8,44,52,92
10/12/2002,GLH,MS,ASO,CE,Federal Contract Tower,0,3,6,1,10,0,0,69,1,70,0,3,75,2,80,26,0,26,106
10/13/2002,GLH,MS,ASO,CE,Federal Contract Tower,0,2,5,2,9,0,0,18,0,18,0,2,23,2,27,0,0,0,27
10/14/2002,GLH,MS,ASO,CE,Federal Contract Tower,0,5,9,0,14,0,0,26,0,26,0,5,35,0,40,26,0,26,66
10/15/2002,GLH,MS,ASO,CE,Federal Contract Tower,0,5,12,16,33,0,0,25,0,25,0,5,37,16,58,44,176,220,278
10/16/2002,GLH,MS,ASO,CE,Federal Contract Tower,0,5,2,14,21,0,0,25,0,25,0,5,27,14,46,26,268,294,340
10/17/2002,GLH,MS,ASO,CE,Federal Contract Tower,0,5,13,10,28,0,1,24,6,31,0,6,37,16,59,30,190,220,279
10/18/2002,GLH,MS,ASO,CE,Federal Contract Tower,0,5,11,14,30,0,0,28,0,28,0,5,39,14,58,4,188,192,250
10/19/2002,GLH,MS,ASO,CE,Federal Contract Tower,0,3,2,6,11,0,0,2,0,2,0,3,4,6,13,0,140,140,153
10/20/2002,GLH,MS,ASO,CE,Federal Contract Tower,0,2,5,0,7,0,0,1,0,1,0,2,6,0,8,0,0,0,8
10/21/2002,GLH,MS,ASO,CE,Federal Contract Tower,0,5,17,1,23,0,0,13,1,14,0,5,30,2,37,2,2,4,41
10/22/2002,GLH,MS,ASO,CE,Federal Contract Tower,0,5,13,11,29,0,0,32,0,32,0,5,45,11,61,76,182,258,319
10/23/2002,GLH,MS,ASO,CE,Federal Contract Tower,0,4,3,5,12,0,0,23,0,23,0,4,26,5,35,46,94,140,175
10/24/2002,GLH,MS,ASO,CE,Federal Contract Tower,0,5,14,5,24,0,0,10,2,12,0,5,24,7,36,2,20,22,58
10/25/2002,GLH,MS,ASO,CE,Federal Contract Tower,0,5,10,1,16,0,0,1,1,2,0,5,11,2,18,0,2,2,20
10/26/2002,GLH,MS,ASO,CE,Federal Contract Tower,0,3,11,18,32,0,0,30,2,32,0,3,41,20,64,0,0,0,64
10/27/2002,GLH,MS,ASO,CE,Federal Contract Tower,0,2,10,0,12,0,0,0,0,0,0,2,10,0,12,0,0,0,12
10/28/2002,GLH,MS,ASO,CE,Federal Contract Tower,0,4,3,2,9,0,0,0,0,0,0,4,3,2,9,0,6,6,15
10/29/2002,GLH,MS,ASO,CE,Federal Contract Tower,0,5,6,0,11,0,0,19,28,47,0,5,25,28,58,22,0,22,80
10/30/2002,GLH,MS,ASO,CE,Federal Contract Tower,0,4,9,7,20,0,0,16,0,16,0,4,25,7,36,30,40,70,106
10/31/2002,GLH,MS,ASO,CE,Federal Contract Tower,0,4,6,11,21,0,0,13,2,15,0,4,19,13,36,2,144,146,182
11/01/2002,GLH,MS,ASO,CE,Federal Contract Tower,0,4,8,8,20,0,0,6,0,6,0,4,14,8,26,0,96,96,122
11/02/2002,GLH,MS,ASO,CE,Federal Contract Tower,0,2,2,0,4,0,0,1,0,1,0,2,3,0,5,0,0,0,5
11/03/2002,GLH,MS,ASO,CE,Federal Contract Tower,0,2,7,0,9,0,0,0,0,0,0,2,7,0,9,0,0,0,9
11/04/2002,GLH,MS,ASO,CE,Federal Contract Tower,0,4,12,10,26,0,0,4,2,6,0,4,16,12,32,14,96,110,142
11/05/2002,GLH,MS,ASO,CE,Federal Contract Tower,0,5,8,2,15,0,0,1,0,1,0,5,9,2,16,4,4,8,24
11/06/2002,GLH,MS,ASO,CE,Federal Contract Tower,0,4,10,14,28,0,0,23,1,24,0,4,33,15,52,14,104,118,170
11/07/2002,GLH,MS,ASO,CE,Federal Contract Tower,0,4,6,13,23,0,0,30,0,30,0,4,36,13,53,24,216,240,293
11/08/2002,GLH,MS,ASO,CE,Federal Contract Tower,0,4,7,4,15,0,0,21,2,23,0,4,28,6,38,16,78,94,132
11/09/2002,GLH,MS,ASO,CE,Federal Contract Tower,0,2,5,0,7,0,0,24,0,24,0,2,29,0,31,70,0,70,101
11/10/2002,GLH,MS,ASO,CE,Federal Contract Tower,0,2,5,0,7,0,0,5,0,5,0,2,10,0,12,0,0,0,12
11/11/2002,GLH,MS,ASO,CE,Federal Contract Tower,0,6,3,0,9,0,0,9,7,16,0,6,12,7,25,18,0,18,43
11/12/2002,GLH,MS,ASO,CE,Federal Contract Tower,0,4,5,7,16,0,0,25,2,27,0,4,30,9,43,40,90,130,173
11/13/2002,GLH,MS,ASO,CE,Federal Contract Tower,0,4,4,7,15,0,0,41,8,49,0,4,45,15,64,36,56,92,156
11/14/2002,GLH,MS,ASO,CE,Federal Contract Tower,0,3,8,9,20,0,0,27,1,28,0,3,35,10,48,30,84,114,162
11/15/2002,GLH,MS,ASO,CE,Federal Contract Tower,0,4,3,1,8,0,0,2,1,3,0,4,5,2,11,0,2,2,13
11/16/2002,GLH,MS,ASO,CE,Federal Contract Tower,0,2,3,0,5,0,0,12,0,12,0,2,15,0,17,8,0,8,25
11/17/2002,GLH,MS,ASO,CE,Federal Contract Tower,0,2,7,0,9,0,0,25,0,25,0,2,32,0,34,12,0,12,46
11/18/2002,GLH,MS,ASO,CE,Federal Contract Tower,0,4,10,5,19,0,0,22,0,22,0,4,32,5,41,4,130,134,175
11/19/2002,GLH,MS,ASO,CE,Federal Contract Tower,0,4,10,4,18,0,1,38,1,40,0,5,48,5,58,58,66,124,182
11/20/2002,GLH,MS,ASO,CE,Federal Contract Tower,0,4,5,6,15,0,0,24,0,24,0,4,29,6,39,24,130,154,193
11/21/2002,GLH,MS,ASO,CE,Federal Contract Tower,0,4,15,8,27,0,0,37,2,39,0,4,52,10,66,22,66,88,154
11/22/2002,GLH,MS,ASO,CE,Federal Contract Tower,0,4,2,0,6,0,0,19,14,33,0,4,21,14,39,10,0,10,49
11/23/2002,GLH,MS,ASO,CE,Federal Contract Tower,0,3,6,0,9,0,0,31,3,34,0,3,37,3,43,4,0,4,47
11/24/2002,GLH,MS,ASO,CE,Federal Contract Tower,0,2,4,0,6,0,0,23,2,25,0,2,27,2,31,16,10,26,57
11/25/2002,GLH,MS,ASO,CE,Federal Contract Tower,0,5,22,6,33,0,0,18,0,18,0,5,40,6,51,12,154,166,217
11/26/2002,GLH,MS,ASO,CE,Federal Contract Tower,0,6,13,1,20,0,0,0,1,1,0,6,13,2,21,4,2,6,27
11/27/2002,GLH,MS,ASO,CE,Federal Contract Tower,0,5,6,4,15,0,0,21,2,23,0,5,27,6,38,12,24,36,74
11/28/2002,GLH,MS,ASO,CE,Federal Contract Tower,0,3,2,0,5,0,0,9,0,9,0,3,11,0,14,4,0,4,18
11/29/2002,GLH,MS,ASO,CE,Federal Contract Tower,0,4,3,0,7,0,0,19,0,19,0,4,22,0,26,0,0,0,26
11/30/2002,GLH,MS,ASO,CE,Federal Contract Tower,0,3,1,0,4,0,0,8,0,8,0,3,9,0,12,10,0,10,22
12/01/2002,GLH,MS,ASO,CE,Federal Contract Tower,0,4,15,0,19,0,0,19,0,19,0,4,34,0,38,0,0,0,38
12/02/2002,GLH,MS,ASO,CE,Federal Contract Tower,0,7,7,4,18,0,0,15,0,15,0,7,22,4,33,4,52,56,89
12/03/2002,GLH,MS,ASO,CE,Federal Contract Tower,0,5,9,4,18,0,0,11,0,11,0,5,20,4,29,6,68,74,103
12/04/2002,GLH,MS,ASO,CE,Federal Contract Tower,0,3,5,0,8,0,0,0,0,0,0,3,5,0,8,0,0,0,8
12/05/2002,GLH,MS,ASO,CE,Federal Contract Tower,0,5,16,0,21,0,0,8,0,8,0,5,24,0,29,6,0,6,35
12/06/2002,GLH,MS,ASO,CE,Federal Contract Tower,0,4,20,4,28,0,0,20,0,20,0,4,40,4,48,10,30,40,88
12/07/2002,GLH,MS,ASO,CE,Federal Contract Tower,0,4,3,2,9,0,0,19,0,19,0,4,22,2,28,6,48,54,82
12/08/2002,GLH,MS,ASO,CE,Federal Contract Tower,0,4,8,0,12,0,0,12,0,12,0,4,20,0,24,0,0,0,24
12/09/2002,GLH,MS,ASO,CE,Federal Contract Tower,0,4,6,4,14,0,0,22,0,22,0,4,28,4,36,22,56,78,114
12/10/2002,GLH,MS,ASO,CE,Federal Contract Tower,0,4,6,12,22,0,0,13,0,13,0,4,19,12,35,14,128,142,177
12/11/2002,GLH,MS,ASO,CE,Federal Contract Tower,0,5,6,0,11,0,0,0,0,0,0,5,6,0,11,0,0,0,11
12/12/2002,GLH,MS,ASO,CE,Federal Contract Tower,0,4,5,0,9,0,0,14,4,18,0,4,19,4,27,14,0,14,41
12/13/2002,GLH,MS,ASO,CE,Federal Contract Tower,0,3,6,0,9,0,0,3,0,3,0,3,9,0,12,0,0,0,12
12/14/2002,GLH,MS,ASO,CE,Federal Contract Tower,0,4,1,0,5,0,0,31,0,31,0,4,32,0,36,32,0,32,68
12/15/2002,GLH,MS,ASO,CE,Federal Contract Tower,0,4,7,0,11,0,0,20,0,20,0,4,27,0,31,60,0,60,91
12/16/2002,GLH,MS,ASO,CE,Federal Contract Tower,0,4,4,6,14,0,0,22,0,22,0,4,26,6,36,18,68,86,122
12/17/2002,GLH,MS,ASO,CE,Federal Contract Tower,0,4,6,4,14,0,0,12,0,12,0,4,18,4,26,0,28,28,54
12/18/2002,GLH,MS,ASO,CE,Federal Contract Tower,0,4,12,0,16,0,0,7,0,7,0,4,19,0,23,0,0,0,23
12/19/2002,GLH,MS,ASO,CE,Federal Contract Tower,0,6,7,0,13,0,0,9,2,11,0,6,16,2,24,0,0,0,24
12/20/2002,GLH,MS,ASO,CE,Federal Contract Tower,0,5,12,2,19,0,0,26,8,34,0,5,38,10,53,12,32,44,97
12/21/2002,GLH,MS,ASO,CE,Federal Contract Tower,0,6,3,0,9,0,0,30,0,30,0,6,33,0,39,26,0,26,65
12/22/2002,GLH,MS,ASO,CE,Federal Contract Tower,0,5,5,0,10,0,0,13,0,13,0,5,18,0,23,18,0,18,41
12/23/2002,GLH,MS,ASO,CE,Federal Contract Tower,0,5,5,2,12,0,0,10,0,10,0,5,15,2,22,0,64,64,86
12/24/2002,GLH,MS,ASO,CE,Federal Contract Tower,0,5,4,0,9,0,0,1,0,1,0,5,5,0,10,0,0,0,10
12/25/2002,GLH,MS,ASO,CE,Federal Contract Tower,0,6,2,0,8,0,0,2,0,2,0,6,4,0,10,0,0,0,10
12/26/2002,GLH,MS,ASO,CE,Federal Contract Tower,0,5,9,0,14,0,0,17,0,17,0,5,26,0,31,10,0,10,41
12/27/2002,GLH,MS,ASO,CE,Federal Contract Tower,0,5,9,0,14,0,0,25,0,25,0,5,34,0,39,4,0,4,43
12/28/2002,GLH,MS,ASO,CE,Federal Contract Tower,0,5,13,0,18,0,0,40,0,40,0,5,53,0,58,20,0,20,78
12/29/2002,GLH,MS,ASO,CE,Federal Contract Tower,0,5,9,0,14,0,0,28,0,28,0,5,37,0,42,20,0,20,62
12/30/2002,GLH,MS,ASO,CE,Federal Contract Tower,0,5,4,0,9,0,0,21,0,21,0,5,25,0,30,20,0,20,50
12/31/2002,GLH,MS,ASO,CE,Federal Contract Tower,0,3,6,0,9,0,0,0,0,0,0,3,6,0,9,0,0,0,9
01/01/2003,GLH,MS,ASO,CE,Federal Contract Tower,0,5,22,0,27,0,0,4,0,4,0,5,26,0,31,12,0,12,43
01/02/2003,GLH,MS,ASO,CE,Federal Contract Tower,0,5,12,0,17,0,0,3,0,3,0,5,15,0,20,2,0,2,22
01/03/2003,GLH,MS,ASO,CE,Federal Contract Tower,0,5,6,2,13,0,0,21,2,23,0,5,27,4,36,16,18,34,70
01/04/2003,GLH,MS,ASO,CE,Federal Contract Tower,0,5,5,0,10,0,0,29,0,29,0,5,34,0,39,48,0,48,87
01/05/2003,GLH,MS,ASO,CE,Federal Contract Tower,0,5,6,0,11,0,0,37,0,37,0,5,43,0,48,54,0,54,102
01/06/2003,GLH,MS,ASO,CE,Federal Contract Tower,0,5,3,2,10,0,0,23,0,23,0,5,26,2,33,28,14,42,75
01/07/2003,GLH,MS,ASO,CE,Federal Contract Tower,0,5,7,2,14,0,0,19,0,19,0,5,26,2,33,18,32,50,83
01/08/2003,GLH,MS,ASO,CE,Federal Contract Tower,0,4,1,4,9,0,0,31,0,31,0,4,32,4,40,18,110,128,168
01/09/2003,GLH,MS,ASO,CE,Federal Contract Tower,0,3,9,2,14,0,0,23,0,23,0,3,32,2,37,18,0,18,55
01/10/2003,GLH,MS,ASO,CE,Federal Contract Tower,0,5,9,3,17,0,0,26,0,26,0,5,35,3,43,18,34,52,95
01/11/2003,GLH,MS,ASO,CE,Federal Contract Tower,0,4,9,0,13,0,0,17,1,18,0,4,26,1,31,30,0,30,61
01/12/2003,GLH,MS,ASO,CE,Federal Contract Tower,0,4,9,0,13,0,0,16,0,16,0,4,25,0,29,10,0,10,39
01/13/2003,GLH,MS,ASO,CE,Federal Contract Tower,0,4,10,1,15,0,0,31,3,34,0,4,41,4,49,44,2,46,95
01/14/2003,GLH,MS,ASO,CE,Federal Contract Tower,0,5,11,2,18,0,0,2,0,2,0,5,13,2,20,0,10,10,30
01/15/2003,GLH,MS,ASO,CE,Federal Contract Tower,0,4,9,0,13,0,0,27,4,31,0,4,36,4,44,50,0,50,94
01/16/2003,GLH,MS,ASO,CE,Federal Contract Tower,0,2,5,0,7,0,0,10,0,10,0,2,15,0,17,0,0,0,17
01/17/2003,GLH,MS,ASO,CE,Federal Contract Tower,0,4,11,4,19,0,0,28,0,28,0,4,39,4,47,16,28,44,91
01/18/2003,GLH,MS,ASO,CE,Federal Contract Tower,0,2,4,0,6,0,0,8,0,8,0,2,12,0,14,4,0,4,18
01/19/2003,GLH,MS,ASO,CE,Federal Contract Tower,0,4,11,0,15,0,0,26,0,26,0,4,37,0,41,0,0,0,41
01/20/2003,GLH,MS,ASO,CE,Federal Contract Tower,0,4,14,0,18,0,0,11,0,11,0,4,25,0,29,0,0,0,29
01/21/2003,GLH,MS,ASO,CE,Federal Contract Tower,0,6,7,4,17,0,0,15,0,15,0,6,22,4,32,26,54,80,112
01/22/2003,GLH,MS,ASO,CE,Federal Contract Tower,0,4,6,8,18,0,0,10,2,12,0,4,16,10,30,12,32,44,74
01/23/2003,GLH,MS,ASO,CE,Federal Contract Tower,0,4,9,4,17,0,0,15,0,15,0,4,24,4,32,0,38,38,70
01/24/2003,GLH,MS,ASO,CE,Federal Contract Tower,0,4,14,0,18,0,0,16,0,16,0,4,30,0,34,14,0,14,48
01/25/2003,GLH,MS,ASO,CE,Federal Contract Tower,0,2,4,2,8,0,0,29,0,29,0,2,33,2,37,60,84,144,181
01/26/2003,GLH,MS,ASO,CE,Federal Contract Tower,0,4,7,0,11,0,0,27,0,27,0,4,34,0,38,30,0,30,68
01/27/2003,GLH,MS,ASO,CE,Federal Contract Tower,0,4,6,2,12,0,0,33,0,33,0,4,39,2,45,36,50,86,131
01/28/2003,GLH,MS,ASO,CE,Federal Contract Tower,0,4,8,2,14,0,0,24,0,24,0,4,32,2,38,4,8,12,50
01/29/2003,GLH,MS,ASO,CE,Federal Contract Tower,0,5,15,0,20,0,0,4,0,4,0,5,19,0,24,0,0,0,24
01/30/2003,GLH,MS,ASO,CE,Federal Contract Tower,0,5,9,0,14,0,0,11,0,11,0,5,20,0,25,2,0,2,27
01/31/2003,GLH,MS,ASO,CE,Federal Contract Tower,0,4,10,4,18,0,0,5,0,5,0,4,15,4,23,6,6,12,35
02/01/2003,GLH,MS,ASO,CE,Federal Contract Tower,0,2,6,0,8,0,0,32,0,32,0,2,38,0,40,48,0,48,88
02/02/2003,GLH,MS,ASO,CE,Federal Contract Tower,0,4,13,0,17,0,0,5,0,5,0,4,18,0,22,6,0,6,28
02/03/2003,GLH,MS,ASO,CE,Federal Contract Tower,0,4,5,0,9,0,0,1,0,1,0,4,6,0,10,0,0,0,10
02/04/2003,GLH,MS,ASO,CE,Federal Contract Tower,0,4,8,0,12,0,0,27,0,27,0,4,35,0,39,46,0,46,85
02/05/2003,GLH,MS,ASO,CE,Federal Contract Tower,0,4,8,10,22,0,0,21,0,21,0,4,29,10,43,42,200,242,285
02/06/2003,GLH,MS,ASO,CE,Federal Contract Tower,0,4,10,0,14,0,0,0,0,0,0,4,10,0,14,0,0,0,14
02/07/2003,GLH,MS,ASO,CE,Federal Contract Tower,0,5,5,0,10,0,0,9,0,9,0,5,14,0,19,4,0,4,23
02/08/2003,GLH,MS,ASO,CE,Federal Contract Tower,0,2,4,0,6,0,0,19,0,19,0,2,23,0,25,0,0,0,25
02/09/2003,GLH,MS,ASO,CE,Federal Contract Tower,0,4,1,2,7,0,0,0,0,0,0,4,1,2,7,0,34,34,41
02/10/2003,GLH,MS,ASO,CE,Federal Contract Tower,0,4,11,5,20,0,0,14,0,14,0,4,25,5,34,28,58,86,120
02/11/2003,GLH,MS,ASO,CE,Federal Contract Tower,0,5,9,0,14,0,0,14,0,14,0,5,23,0,28,30,0,30,58
02/12/2003,GLH,MS,ASO,CE,Federal Contract Tower,0,4,8,4,16,0,0,18,2,20,0,4,26,6,36,14,8,22,58
02/13/2003,GLH,MS,ASO,CE,Federal Contract Tower,0,5,9,0,14,0,0,7,0,7,0,5,16,0,21,0,0,0,21
02/14/2003,GLH,MS,ASO,CE,Federal Contract Tower,0,6,18,4,28,0,0,7,0,7,0,6,25,4,35,2,14,16,51
02/15/2003,GLH,MS,ASO,CE,Federal Contract Tower,0,3,1,0,4,0,0,0,0,0,0,3,1,0,4,0,0,0,4
02/16/2003,GLH,MS,ASO,CE,Federal Contract Tower,0,3,2,0,5,0,0,3,0,3,0,3,5,0,8,0,0,0,8
02/17/2003,GLH,MS,ASO,CE,Federal Contract Tower,0,5,0,0,5,0,0,2,0,2,0,5,2,0,7,0,0,0,7
02/18/2003,GLH,MS,ASO,CE,Federal Contract Tower,0,5,8,6,19,0,0,30,0,30,0,5,38,6,49,48,112,160,209
02/19/2003,GLH,MS,ASO,CE,Federal Contract Tower,0,3,14,14,31,0,0,16,0,16,0,3,30,14,47,28,144,172,219
02/20/2003,GLH,MS,ASO,CE,Federal Contract Tower,0,5,2,0,7,0,0,0,0,0,0,5,2,0,7,0,0,0,7
02/21/2003,GLH,MS,ASO,CE,Federal Contract Tower,0,0,1,0,1,0,0,1,0,1,0,0,2,0,2,2,0,2,4
02/22/2003,GLH,MS,ASO,CE,Federal Contract Tower,0,4,3,0,7,0,0,0,0,0,0,4,3,0,7,0,0,0,7
02/23/2003,GLH,MS,ASO,CE,Federal Contract Tower,0,3,5,0,8,0,0,14,0,14,0,3,19,0,22,26,0,26,48
02/24/2003,GLH,MS,ASO,CE,Federal Contract Tower,0,5,6,2,13,0,0,13,0,13,0,5,19,2,26,30,58,88,114
02/25/2003,GLH,MS,ASO,CE,Federal Contract Tower,0,6,5,0,11,0,0,2,2,4,0,6,7,2,15,0,0,0,15
02/26/2003,GLH,MS,ASO,CE,Federal Contract Tower,0,1,0,0,1,0,0,0,0,0,0,1,0,0,1,0,0,0,1
02/27/2003,GLH,MS,ASO,CE,Federal Contract Tower,0,5,5,1,11,0,0,0,1,1,0,5,5,2,12,0,2,2,14
02/28/2003,GLH,MS,ASO,CE,Federal Contract Tower,0,5,12,0,17,0,0,2,0,2,0,5,14,0,19,0,0,0,19
03/01/2003,GLH,MS,ASO,CE,Federal Contract Tower,0,3,2,0,5,0,0,0,0,0,0,3,2,0,5,0,0,0,5
03/02/2003,GLH,MS,ASO,CE,Federal Contract Tower,0,3,1,0,4,0,0,27,0,27,0,3,28,0,31,76,0,76,107
03/03/2003,GLH,MS,ASO,CE,Federal Contract Tower,0,5,7,5,17,0,0,42,0,42,0,5,49,5,59,26,132,158,217
03/04/2003,GLH,MS,ASO,CE,Federal Contract Tower,0,5,10,6,21,0,0,21,0,21,0,5,31,6,42,14,74,88,130
03/05/2003,GLH,MS,ASO,CE,Federal Contract Tower,0,4,4,6,14,0,0,12,0,12,0,4,16,6,26,8,34,42,68
03/06/2003,GLH,MS,ASO,CE,Federal Contract Tower,0,6,13,15,34,0,0,2,2,4,0,6,15,17,38,4,114,118,156
03/07/2003,GLH,MS,ASO,CE,Federal Contract Tower,0,5,12,8,25,0,0,34,0,34,0,5,46,8,59,40,146,186,245
03/08/2003,GLH,MS,ASO,CE,Federal Contract Tower,0,3,10,0,13,0,0,20,0,20,0,3,30,0,33,38,0,38,71
03/09/2003,GLH,MS,ASO,CE,Federal Contract Tower,0,3,3,0,6,0,0,19,0,19,0,3,22,0,25,40,0,40,65
03/10/2003,GLH,MS,ASO,CE,Federal Contract Tower,0,5,5,1,11,0,0,17,1,18,0,5,22,2,29,28,2,30,59
03/11/2003,GLH,MS,ASO,CE,Federal Contract Tower,0,5,2,2,9,0,0,16,0,16,0,5,18,2,25,36,40,76,101
03/12/2003,GLH,MS,ASO,CE,Federal Contract Tower,0,5,10,2,17,0,1,34,0,35,0,6,44,2,52,24,66,90,142
03/13/2003,GLH,MS,ASO,CE,Federal Contract Tower,0,5,0,6,11,0,0,4,2,6,0,5,4,8,17,4,34,38,55
03/14/2003,GLH,MS,ASO,CE,Federal Contract Tower,0,5,9,6,20,0,0,0,0,0,0,5,9,6,20,0,30,30,50
03/15/2003,GLH,MS,ASO,CE,Federal Contract Tower,0,5,11,0,16,0,0,30,0,30,0,5,41,0,46,16,0,16,62
03/16/2003,GLH,MS,ASO,CE,Federal Contract Tower,0,3,9,0,12,0,0,13,0,13,0,3,22,0,25,0,0,0,25
03/17/2003,GLH,MS,ASO,CE,Federal Contract Tower,0,5,9,10,24,0,0,12,0,12,0,5,21,10,36,40,132,172,208
03/18/2003,GLH,MS,ASO,CE,Federal Contract Tower,0,5,4,16,25,0,0,6,0,6,0,5,10,16,31,10,204,214,245
03/19/2003,GLH,MS,ASO,CE,Federal Contract Tower,0,7,8,12,27,0,0,23,0,23,0,7,31,12,50,8,114,122,172
03/20/2003,GLH,MS,ASO,CE,Federal Contract Tower,0,5,5,8,18,0,0,13,0,13,0,5,18,8,31,0,86,86,117
03/21/2003,GLH,MS,ASO,CE,Federal Contract Tower,0,5,8,8,21,0,0,19,0,19,0,5,27,8,40,4,130,134,174
03/22/2003,GLH,MS,ASO,CE,Federal Contract Tower,0,3,2,0,5,0,0,37,0,37,0,3,39,0,42,6,0,6,48
03/23/2003,GLH,MS,ASO,CE,Federal Contract Tower,0,3,5,0,8,0,0,30,0,30,0,3,35,0,38,2,0,2,40
03/24/2003,GLH,MS,ASO,CE,Federal Contract Tower,0,5,7,2,14,0,0,24,0,24,0,5,31,2,38,14,40,54,92
03/25/2003,GLH,MS,ASO,CE,Federal Contract Tower,0,5,7,10,22,0,0,28,0,28,0,5,35,10,50,12,134,146,196
03/26/2003,GLH,MS,ASO,CE,Federal Contract Tower,0,5,8,10,23,0,0,11,0,11,0,5,19,10,34,18,84,102,136
03/27/2003,GLH,MS,ASO,CE,Federal Contract Tower,0,6,14,15,35,0,0,24,0,24,0,6,38,15,59,16,204,220,279
03/28/2003,GLH,MS,ASO,CE,Federal Contract Tower,0,5,11,2,18,0,0,9,0,9,0,5,20,2,27,0,26,26,53
03/29/2003,GLH,MS,ASO,CE,Federal Contract Tower,0,3,5,2,10,0,0,27,0,27,0,3,32,2,37,14,2,16,53
03/30/2003,GLH,MS,ASO,CE,Federal Contract Tower,0,3,10,4,17,0,0,23,4,27,0,3,33,8,44,16,60,76,120
03/31/2003,GLH,MS,ASO,CE,Federal Contract Tower,0,5,3,5,13,0,0,24,1,25,0,5,27,6,38,0,58,58,96
04/01/2003,GLH,MS,ASO,CE,Federal Contract Tower,0,5,2,7,14,0,0,19,1,20,0,5,21,8,34,16,118,134,168
04/02/2003,GLH,MS,ASO,CE,Federal Contract Tower,0,5,7,5,17,0,0,29,1,30,0,5,36,6,47,18,76,94,141
04/03/2003,GLH,MS,ASO,CE,Federal Contract Tower,0,5,4,8,17,0,0,14,7,21,0,5,18,15,38,8,86,94,132
04/04/2003,GLH,MS,ASO,CE,Federal Contract Tower,0,5,4,5,14,0,0,9,0,9,0,5,13,5,23,0,14,14,37
04/05/2003,GLH,MS,ASO,CE,Federal Contract Tower,0,3,7,4,14,0,0,26,0,26,0,3,33,4,40,4,68,72,112
04/06/2003,GLH,MS,ASO,CE,Federal Contract Tower,0,3,0,0,3,0,0,0,0,0,0,3,0,0,3,0,0,0,3
04/07/2003,GLH,MS,ASO,CE,Federal Contract Tower,0,4,8,4,16,0,0,0,0,0,0,4,8,4,16,0,26,26,42
04/08/2003,GLH,MS,ASO,CE,Federal Contract Tower,0,6,6,22,34,0,0,16,0,16,0,6,22,22,50,0,310,310,360
04/09/2003,GLH,MS,ASO,CE,Federal Contract Tower,0,6,8,6,20,0,0,13,0,13,0,6,21,6,33,8,92,100,133
04/10/2003,GLH,MS,ASO,CE,Federal Contract Tower,0,6,15,12,33,0,0,26,0,26,0,6,41,12,59,18,112,130,189
04/11/2003,GLH,MS,ASO,CE,Federal Contract Tower,0,5,9,10,24,0,0,33,0,33,0,5,42,10,57,28,158,186,243
04/12/2003,GLH,MS,ASO,CE,Federal Contract Tower,0,5,3,0,8,0,0,20,0,20,0,5,23,0,28,4,0,4,32
04/13/2003,GLH,MS,ASO,CE,Federal Contract Tower,0,3,5,0,8,0,0,32,0,32,0,3,37,0,40,0,0,0,40
04/14/2003,GLH,MS,ASO,CE,Federal Contract Tower,0,5,2,8,15,0,0,28,0,28,0,5,30,8,43,38,166,204,247
04/15/2003,GLH,MS,ASO,CE,Federal Contract Tower,0,5,3,9,17,0,0,20,2,22,0,5,23,11,39,8,106,114,153
04/16/2003,GLH,MS,ASO,CE,Federal Contract Tower,0,5,5,22,32,0,1,9,0,10,0,6,14,22,42,0,214,214,256
04/17/2003,GLH,MS,ASO,CE,Federal Contract Tower,0,5,6,8,19,0,0,28,0,28,0,5,34,8,47,12,126,138,185
04/18/2003,GLH,MS,ASO,CE,Federal Contract Tower,0,5,9,4,18,0,0,17,0,17,0,5,26,4,35,0,18,18,53
04/19/2003,GLH,MS,ASO,CE,Federal Contract Tower,0,4,5,0,9,0,0,18,1,19,0,4,23,1,28,2,0,2,30
04/20/2003,GLH,MS,ASO,CE,Federal Contract Tower,0,2,3,0,5,0,0,10,0,10,0,2,13,0,15,0,0,0,15
04/21/2003,GLH,MS,ASO,CE,Federal Contract Tower,0,5,9,2,16,0,0,16,0,16,0,5,25,2,32,0,30,30,62
04/22/2003,GLH,MS,ASO,CE,Federal Contract Tower,0,5,12,15,32,0,0,43,0,43,0,5,55,15,75,34,294,328,403
04/23/2003,GLH,MS,ASO,CE,Federal Contract Tower,0,5,10,12,27,0,0,32,0,32,0,5,42,12,59,32,218,250,309
04/24/2003,GLH,MS,ASO,CE,Federal Contract Tower,0,6,7,0,13,0,0,3,0,3,0,6,10,0,16,0,0,0,16
04/25/2003,GLH,MS,ASO,CE,Federal Contract Tower,0,5,9,6,20,0,0,18,0,18,0,5,27,6,38,26,90,116,154
04/26/2003,GLH,MS,ASO,CE,Federal Contract Tower,0,4,11,0,15,0,0,16,0,16,0,4,27,0,31,8,0,8,39
04/27/2003,GLH,MS,ASO,CE,Federal Contract Tower,0,3,1,0,4,0,0,12,0,12,0,3,13,0,16,4,0,4,20
04/28/2003,GLH,MS,ASO,CE,Federal Contract Tower,0,5,4,2,11,0,0,27,0,27,0,5,31,2,38,18,32,50,88
04/29/2003,GLH,MS,ASO,CE,Federal Contract Tower,0,5,7,8,20,0,0,36,0,36,0,5,43,8,56,34,106,140,196
04/30/2003,GLH,MS,ASO,CE,Federal Contract Tower,0,5,8,4,17,0,0,33,0,33,0,5,41,4,50,32,80,112,162
05/01/2003,GLH,MS,ASO,CE,Federal Contract Tower,0,3,10,6,19,0,0,21,2,23,0,3,31,8,42,12,68,80,122
05/02/2003,GLH,MS,ASO,CE,Federal Contract Tower,0,4,5,8,17,0,0,21,0,21,0,4,26,8,38,20,150,170,208
05/03/2003,GLH,MS,ASO,CE,Federal Contract Tower,0,2,3,0,5,0,0,7,2,9,0,2,10,2,14,0,0,0,14
05/04/2003,GLH,MS,ASO,CE,Federal Contract Tower,0,3,5,0,8,0,0,9,0,9,0,3,14,0,17,2,0,2,19
05/05/2003,GLH,MS,ASO,CE,Federal Contract Tower,0,1,11,0,12,0,0,2,0,2,0,1,13,0,14,10,0,10,24
05/06/2003,GLH,MS,ASO,CE,Federal Contract Tower,0,4,12,0,16,0,0,6,0,6,0,4,18,0,22,4,0,4,26
05/07/2003,GLH,MS,ASO,CE,Federal Contract Tower,0,4,7,4,15,0,0,10,0,10,0,4,17,4,25,18,22,40,65
05/08/2003,GLH,MS,ASO,CE,Federal Contract Tower,0,3,10,8,21,0,0,9,0,9,0,3,19,8,30,14,76,90,120
05/09/2003,GLH,MS,ASO,CE,Federal Contract Tower,0,4,9,7,20,0,0,31,0,31,0,4,40,7,51,28,76,104,155
05/10/2003,GLH,MS,ASO,CE,Federal Contract Tower,0,2,7,0,9,0,0,21,0,21,0,2,28,0,30,2,0,2,32
05/11/2003,GLH,MS,ASO,CE,Federal Contract Tower,0,3,6,0,9,0,0,10,0,10,0,3,16,0,19,2,0,2,21
05/12/2003,GLH,MS,ASO,CE,Federal Contract Tower,0,3,8,6,17,0,0,24,0,24,0,3,32,6,41,20,56,76,117
05/13/2003,GLH,MS,ASO,CE,Federal Contract Tower,0,3,14,14,31,0,0,27,0,27,0,3,41,14,58,6,204,210,268
05/14/2003,GLH,MS,ASO,CE,Federal Contract Tower,0,4,7,0,11,0,0,15,0,15,0,4,22,0,26,14,0,14,40
05/15/2003,GLH,MS,ASO,CE,Federal Contract Tower,0,3,14,13,30,0,1,11,1,13,0,4,25,14,43,4,162,166,209
05/16/2003,GLH,MS,ASO,CE,Federal Contract Tower,0,4,8,7,19,0,0,19,0,19,0,4,27,7,38,4,62,66,104
05/17/2003,GLH,MS,ASO,CE,Federal Contract Tower,0,2,0,0,2,0,0,0,0,0,0,2,0,0,2,0,0,0,2
05/18/2003,GLH,MS,ASO,CE,Federal Contract Tower,0,3,7,10,20,0,0,5,0,5,0,3,12,10,25,14,52,66,91
05/19/2003,GLH,MS,ASO,CE,Federal Contract Tower,0,1,9,7,17,0,0,20,1,21,0,1,29,8,38,20,90,110,148
05/20/2003,GLH,MS,ASO,CE,Federal Contract Tower,0,3,6,6,15,0,0,15,0,15,0,3,21,6,30,22,4,26,56
05/21/2003,GLH,MS,ASO,CE,Federal Contract Tower,0,2,13,12,27,0,0,15,0,15,0,2,28,12,42,0,20,20,62
05/22/2003,GLH,MS,ASO,CE,Federal Contract Tower,0,3,9,16,28,0,0,23,0,23,0,3,32,16,51,26,156,182,233
05/23/2003,GLH,MS,ASO,CE,Federal Contract Tower,0,3,14,7,24,0,0,26,0,26,0,3,40,7,50,12,50,62,112
05/24/2003,GLH,MS,ASO,CE,Federal Contract Tower,0,2,7,0,9,0,0,26,0,26,0,2,33,0,35,0,0,0,35
05/25/2003,GLH,MS,ASO,CE,Federal Contract Tower,0,3,2,0,5,0,0,12,2,14,0,3,14,2,19,0,0,0,19
05/26/2003,GLH,MS,ASO,CE,Federal Contract Tower,0,1,7,0,8,0,0,7,0,7,0,1,14,0,15,22,0,22,37
05/27/2003,GLH,MS,ASO,CE,Federal Contract Tower,0,3,12,8,23,0,1,17,0,18,0,4,29,8,41,4,72,76,117
05/28/2003,GLH,MS,ASO,CE,Federal Contract Tower,0,3,5,6,14,0,0,37,0,37,0,3,42,6,51,14,76,90,141
05/29/2003,GLH,MS,ASO,CE,Federal Contract Tower,0,3,6,9,18,0,0,26,2,28,0,3,32,11,46,12,42,54,100
05/30/2003,GLH,MS,ASO,CE,Federal Contract Tower,0,3,5,4,12,0,1,23,1,25,0,4,28,5,37,2,50,52,89
05/31/2003,GLH,MS,ASO,CE,Federal Contract Tower,0,2,7,0,9,0,0,12,0,12,0,2,19,0,21,0,0,0,21
06/01/2003,GLH,MS,ASO,CE,Federal Contract Tower,0,3,9,0,12,0,0,21,0,21,0,3,30,0,33,6,0,6,39
06/02/2003,GLH,MS,ASO,CE,Federal Contract Tower,0,3,6,4,13,0,0,8,0,8,0,3,14,4,21,6,30,36,57
06/03/2003,GLH,MS,ASO,CE,Federal Contract Tower,0,4,8,10,22,0,0,18,0,18,0,4,26,10,40,0,72,72,112
06/04/2003,GLH,MS,ASO,CE,Federal Contract Tower,0,4,5,1,10,0,0,21,1,22,0,4,26,2,32,0,2,2,34
06/05/2003,GLH,MS,ASO,CE,Federal Contract Tower,0,3,5,0,8,0,0,19,0,19,0,3,24,0,27,0,0,0,27
06/06/2003,GLH,MS,ASO,CE,Federal Contract Tower,0,2,3,8,13,0,0,4,0,4,0,2,7,8,17,0,78,78,95
06/07/2003,GLH,MS,ASO,CE,Federal Contract Tower,0,0,1,0,1,0,0,13,0,13,0,0,14,0,14,22,0,22,36
06/08/2003,GLH,MS,ASO,CE,Federal Contract Tower,0,1,11,0,12,0,0,15,0,15,0,1,26,0,27,2,0,2,29
06/09/2003,GLH,MS,ASO,CE,Federal Contract Tower,0,1,6,11,18,0,0,32,1,33,0,1,38,12,51,0,68,68,119
06/10/2003,GLH,MS,ASO,CE,Federal Contract Tower,0,1,7,15,23,0,0,36,0,36,0,1,43,15,59,10,222,232,291
06/11/2003,GLH,MS,ASO,CE,Federal Contract Tower,0,1,2,0,3,0,1,0,0,1,0,2,2,0,4,0,0,0,4
06/12/2003,GLH,MS,ASO,CE,Federal Contract Tower,0,1,7,6,14,0,0,0,0,0,0,1,7,6,14,0,64,64,78
06/13/2003,GLH,MS,ASO,CE,Federal Contract Tower,0,1,13,10,24,0,1,21,0,22,0,2,34,10,46,0,124,124,170
06/14/2003,GLH,MS,ASO,CE,Federal Contract Tower,0,1,0,0,1,0,0,0,0,0,0,1,0,0,1,0,0,0,1
06/15/2003,GLH,MS,ASO,CE,Federal Contract Tower,0,1,8,0,9,0,0,21,0,21,0,1,29,0,30,0,0,0,30
06/16/2003,GLH,MS,ASO,CE,Federal Contract Tower,0,1,7,4,12,0,0,11,0,11,0,1,18,4,23,6,64,70,93
06/17/2003,GLH,MS,ASO,CE,Federal Contract Tower,0,0,5,0,5,0,0,5,1,6,0,0,10,1,11,0,0,0,11
06/18/2003,GLH,MS,ASO,CE,Federal Contract Tower,0,0,18,11,29,0,0,25,1,26,0,0,43,12,55,8,80,88,143
06/19/2003,GLH,MS,ASO,CE,Federal Contract Tower,0,2,4,12,18,0,0,21,0,21,0,2,25,12,39,20,120,140,179
06/20/2003,GLH,MS,ASO,CE,Federal Contract Tower,0,1,5,3,9,0,0,39,1,40,0,1,44,4,49,0,8,8,57
06/21/2003,GLH,MS,ASO,CE,Federal Contract Tower,0,1,3,0,4,0,0,32,0,32,0,1,35,0,36,32,0,32,68
06/22/2003,GLH,MS,ASO,CE,Federal Contract Tower,0,2,15,3,20,0,0,41,2,43,0,2,56,5,63,78,10,88,151
06/23/2003,GLH,MS,ASO,CE,Federal Contract Tower,0,1,2,8,11,0,0,26,6,32,0,1,28,14,43,14,94,108,151
06/24/2003,GLH,MS,ASO,CE,Federal Contract Tower,0,1,2,8,11,0,0,33,0,33,0,1,35,8,44,12,166,178,222
06/25/2003,GLH,MS,ASO,CE,Federal Contract Tower,0,3,13,12,28,0,0,20,0,20,0,3,33,12,48,2,132,134,182
06/26/2003,GLH,MS,ASO,CE,Federal Contract Tower,0,1,7,2,10,0,0,16,0,16,0,1,23,2,26,4,30,34,60
06/27/2003,GLH,MS,ASO,CE,Federal Contract Tower,0,1,6,12,19,0,1,9,5,15,0,2,15,17,34,16,166,182,216
06/28/2003,GLH,MS,ASO,CE,Federal Contract Tower,0,1,9,16,26,0,0,31,0,31,0,1,40,16,57,26,142,168,225
06/29/2003,GLH,MS,ASO,CE,Federal Contract Tower,0,1,10,0,11,0,0,22,0,22,0,1,32,0,33,0,0,0,33
06/30/2003,GLH,MS,ASO,CE,Federal Contract Tower,0,1,0,8,9,0,0,8,0,8,0,1,8,8,17,4,94,98,115
07/01/2003,GLH,MS,ASO,CE,Federal Contract Tower,0,1,8,16,25,0,1,19,12,32,0,2,27,28,57,16,118,134,191
07/02/2003,GLH,MS,ASO,CE,Federal Contract Tower,0,1,5,5,11,0,0,37,17,54,0,1,42,22,65,8,54,62,127
07/03/2003,GLH,MS,ASO,CE,Federal Contract Tower,0,1,8,0,9,0,0,13,0,13,0,1,21,0,22,0,0,0,22
07/04/2003,GLH,MS,ASO,CE,Federal Contract Tower,0,1,1,0,2,0,0,6,0,6,0,1,7,0,8,0,0,0,8
07/05/2003,GLH,MS,ASO,CE,Federal Contract Tower,0,1,8,0,9,0,0,2,0,2,0,1,10,0,11,0,0,0,11
07/06/2003,GLH,MS,ASO,CE,Federal Contract Tower,0,1,4,0,5,0,0,3,2,5,0,1,7,2,10,0,0,0,10
07/07/2003,GLH,MS,ASO,CE,Federal Contract Tower,0,1,9,12,22,0,0,35,0,35,0,1,44,12,57,0,126,126,183
07/08/2003,GLH,MS,ASO,CE,Federal Contract Tower,0,1,10,8,19,0,0,21,0,21,0,1,31,8,40,10,128,138,178
07/09/2003,GLH,MS,ASO,CE,Federal Contract Tower,0,1,7,11,19,0,0,35,0,35,0,1,42,11,54,12,196,208,262
07/10/2003,GLH,MS,ASO,CE,Federal Contract Tower,0,3,4,4,11,0,0,11,0,11,0,3,15,4,22,8,20,28,50
07/11/2003,GLH,MS,ASO,CE,Federal Contract Tower,0,1,10,5,16,0,0,30,3,33,0,1,40,8,49,38,34,72,121
07/12/2003,GLH,MS,ASO,CE,Federal Contract Tower,0,1,6,1,8,0,0,11,5,16,0,1,17,6,24,0,12,12,36
07/13/2003,GLH,MS,ASO,CE,Federal Contract Tower,0,1,3,0,4,0,0,22,4,26,0,1,25,4,30,4,0,4,34
07/14/2003,GLH,MS,ASO,CE,Federal Contract Tower,0,1,5,6,12,0,0,27,2,29,0,1,32,8,41,10,46,56,97
07/15/2003,GLH,MS,ASO,CE,Federal Contract Tower,0,1,7,10,18,0,0,29,0,29,0,1,36,10,47,10,110,120,167
07/16/2003,GLH,MS,ASO,CE,Federal Contract Tower,0,3,4,14,21,0,0,25,0,25,0,3,29,14,46,22,130,152,198
07/17/2003,GLH,MS,ASO,CE,Federal Contract Tower,0,1,3,8,12,0,1,27,2,30,0,2,30,10,42,4,62,66,108
07/18/2003,GLH,MS,ASO,CE,Federal Contract Tower,0,1,6,10,17,0,0,23,0,23,0,1,29,10,40,6,70,76,116
07/19/2003,GLH,MS,ASO,CE,Federal Contract Tower,0,1,5,0,6,0,0,9,2,11,0,1,14,2,17,0,0,0,17
07/20/2003,GLH,MS,ASO,CE,Federal Contract Tower,0,1,9,0,10,0,0,15,0,15,0,1,24,0,25,2,0,2,27
07/21/2003,GLH,MS,ASO,CE,Federal Contract Tower,0,2,10,10,22,0,0,23,0,23,0,2,33,10,45,2,172,174,219
07/22/2003,GLH,MS,ASO,CE,Federal Contract Tower,0,1,5,1,7,0,1,5,1,7,0,2,10,2,14,0,14,14,28
07/23/2003,GLH,MS,ASO,CE,Federal Contract Tower,0,2,7,5,14,0,0,22,4,26,0,2,29,9,40,16,82,98,138
07/24/2003,GLH,MS,ASO,CE,Federal Contract Tower,0,2,7,11,20,0,1,40,3,44,0,3,47,14,64,10,88,98,162
07/25/2003,GLH,MS,ASO,CE,Federal Contract Tower,0,1,8,5,14,0,0,23,3,26,0,1,31,8,40,4,68,72,112
07/26/2003,GLH,MS,ASO,CE,Federal Contract Tower,0,1,8,0,9,0,0,3,0,3,0,1,11,0,12,6,0,6,18
07/27/2003,GLH,MS,ASO,CE,Federal Contract Tower,0,1,4,0,5,0,0,11,0,11,0,1,15,0,16,0,0,0,16
07/28/2003,GLH,MS,ASO,CE,Federal Contract Tower,0,1,6,10,17,0,0,21,0,21,0,1,27,10,38,6,190,196,234
07/29/2003,GLH,MS,ASO,CE,Federal Contract Tower,0,2,9,16,27,0,0,20,0,20,0,2,29,16,47,6,138,144,191
07/30/2003,GLH,MS,ASO,CE,Federal Contract Tower,0,1,10,9,20,0,0,14,5,19,0,1,24,14,39,4,90,94,133
07/31/2003,GLH,MS,ASO,CE,Federal Contract Tower,0,1,7,4,12,0,0,12,0,12,0,1,19,4,24,0,50,50,74
08/01/2003,GLH,MS,ASO,CE,Federal Contract Tower,0,2,4,16,22,0,0,36,0,36,0,2,40,16,58,10,52,62,120
08/02/2003,GLH,MS,ASO,CE,Federal Contract Tower,0,1,2,0,3,0,0,6,0,6,0,1,8,0,9,0,0,0,9
08/03/2003,GLH,MS,ASO,CE,Federal Contract Tower,0,0,6,0,6,0,0,9,0,9,0,0,15,0,15,0,0,0,15
08/04/2003,GLH,MS,ASO,CE,Federal Contract Tower,0,1,7,8,16,0,0,14,0,14,0,1,21,8,30,0,106,106,136
08/05/2003,GLH,MS,ASO,CE,Federal Contract Tower,0,1,10,2,13,0,1,9,0,10,0,2,19,2,23,0,32,32,55
08/06/2003,GLH,MS,ASO,CE,Federal Contract Tower,0,1,8,5,14,0,0,37,0,37,0,1,45,5,51,16,50,66,117
08/07/2003,GLH,MS,ASO,CE,Federal Contract Tower,0,1,8,15,24,0,0,17,0,17,0,1,25,15,41,6,190,196,237
08/08/2003,GLH,MS,ASO,CE,Federal Contract Tower,0,3,13,6,22,0,0,25,0,25,0,3,38,6,47,6,102,108,155
08/09/2003,GLH,MS,ASO,CE,Federal Contract Tower,0,1,6,2,9,0,0,19,0,19,0,1,25,2,28,8,16,24,52
08/10/2003,GLH,MS,ASO,CE,Federal Contract Tower,0,1,10,2,13,0,0,31,0,31,0,1,41,2,44,0,0,0,44
08/11/2003,GLH,MS,ASO,CE,Federal Contract Tower,0,1,12,10,23,0,0,29,13,42,0,1,41,23,65,0,134,134,199
08/12/2003,GLH,MS,ASO,CE,Federal Contract Tower,0,1,5,8,14,0,1,25,5,31,0,2,30,13,45,0,50,50,95
08/13/2003,GLH,MS,ASO,CE,Federal Contract Tower,0,2,5,10,17,0,0,8,10,18,0,2,13,20,35,4,26,30,65
08/14/2003,GLH,MS,ASO,CE,Federal Contract Tower,0,2,11,12,25,0,0,15,5,20,0,2,26,17,45,10,88,98,143
08/15/2003,GLH,MS,ASO,CE,Federal Contract Tower,0,2,10,17,29,0,1,32,0,33,0,3,42,17,62,10,154,164,226
08/16/2003,GLH,MS,ASO,CE,Federal Contract Tower,0,2,3,0,5,0,0,20,0,20,0,2,23,0,25,20,0,20,45
08/17/2003,GLH,MS,ASO,CE,Federal Contract Tower,0,1,12,6,19,0,0,17,0,17,0,1,29,6,36,0,84,84,120
08/18/2003,GLH,MS,ASO,CE,Federal Contract Tower,0,1,3,11,15,0,0,22,0,22,0,1,25,11,37,0,128,128,165
08/19/2003,GLH,MS,ASO,CE,Federal Contract Tower,0,1,6,16,23,0,1,15,0,16,0,2,21,16,39,0,232,232,271
08/20/2003,GLH,MS,ASO,CE,Federal Contract Tower,0,5,14,10,29,0,0,21,0,21,0,5,35,10,50,0,106,106,156
08/21/2003,GLH,MS,ASO,CE,Federal Contract Tower,0,3,14,10,27,0,0,2,0,2,0,3,16,10,29,26,128,154,183
08/22/2003,GLH,MS,ASO,CE,Federal Contract Tower,0,2,10,10,22,0,0,23,0,23,0,2,33,10,45,8,98,106,151
08/23/2003,GLH,MS,ASO,CE,Federal Contract Tower,0,1,3,2,6,0,0,12,0,12,0,1,15,2,18,0,0,0,18
08/24/2003,GLH,MS,ASO,CE,Federal Contract Tower,0,1,9,0,10,0,0,20,0,20,0,1,29,0,30,0,0,0,30
08/25/2003,GLH,MS,ASO,CE,Federal Contract Tower,0,2,11,6,19,0,0,15,0,15,0,2,26,6,34,8,70,78,112
08/26/2003,GLH,MS,ASO,CE,Federal Contract Tower,0,2,12,6,20,0,0,15,0,15,0,2,27,6,35,6,150,156,191
08/27/2003,GLH,MS,ASO,CE,Federal Contract Tower,0,2,4,6,12,0,0,14,0,14,0,2,18,6,26,2,70,72,98
08/28/2003,GLH,MS,ASO,CE,Federal Contract Tower,0,4,8,3,15,0,0,17,4,21,0,4,25,7,36,0,6,6,42
08/29/2003,GLH,MS,ASO,CE,Federal Contract Tower,0,3,4,2,9,0,0,22,0,22,0,3,26,2,31,0,38,38,69
08/30/2003,GLH,MS,ASO,CE,Federal Contract Tower,0,1,8,0,9,0,0,13,0,13,0,1,21,0,22,0,0,0,22
08/31/2003,GLH,MS,ASO,CE,Federal Contract Tower,0,1,3,0,4,0,0,11,0,11,0,1,14,0,15,4,0,4,19
09/01/2003,GLH,MS,ASO,CE,Federal Contract Tower,0,1,3,0,4,0,0,10,0,10,0,1,13,0,14,0,0,0,14
09/02/2003,GLH,MS,ASO,CE,Federal Contract Tower,0,2,2,4,8,0,0,5,0,5,0,2,7,4,13,0,24,24,37
09/03/2003,GLH,MS,ASO,CE,Federal Contract Tower,0,2,6,6,14,0,1,0,4,5,0,3,6,10,19,2,54,56,75
09/04/2003,GLH,MS,ASO,CE,Federal Contract Tower,0,3,9,14,26,0,0,21,7,28,0,3,30,21,54,22,192,214,268
09/05/2003,GLH,MS,ASO,CE,Federal Contract Tower,0,3,10,4,17,0,0,24,0,24,0,3,34,4,41,16,38,54,95
09/06/2003,GLH,MS,ASO,CE,Federal Contract Tower,0,2,0,2,4,0,0,13,0,13,0,2,13,2,17,0,0,0,17
09/07/2003,GLH,MS,ASO,CE,Federal Contract Tower,0,4,11,0,15,0,0,18,0,18,0,4,29,0,33,12,0,12,45
09/08/2003,GLH,MS,ASO,CE,Federal Contract Tower,0,2,4,5,11,0,0,7,0,7,0,2,11,5,18,6,46,52,70
09/09/2003,GLH,MS,ASO,CE,Federal Contract Tower,0,2,9,21,32,0,0,15,0,15,0,2,24,21,47,2,214,216,263
09/10/2003,GLH,MS,ASO,CE,Federal Contract Tower,0,2,2,14,18,0,0,15,0,15,0,2,17,14,33,14,168,182,215
09/11/2003,GLH,MS,ASO,CE,Federal Contract Tower,0,6,13,14,33,0,1,23,0,24,0,7,36,14,57,10,174,184,241
09/12/2003,GLH,MS,ASO,CE,Federal Contract Tower,0,3,8,10,21,0,0,14,0,14,0,3,22,10,35,14,136,150,185
09/13/2003,GLH,MS,ASO,CE,Federal Contract Tower,0,2,5,0,7,0,0,0,0,0,0,2,5,0,7,0,0,0,7
09/14/2003,GLH,MS,ASO,CE,Federal Contract Tower,0,2,5,0,7,0,0,10,0,10,0,2,15,0,17,10,0,10,27
09/15/2003,GLH,MS,ASO,CE,Federal Contract Tower,0,2,7,4,13,0,0,17,0,17,0,2,24,4,30,16,50,66,96
09/16/2003,GLH,MS,ASO,CE,Federal Contract Tower,0,3,7,14,24,0,0,48,0,48,0,3,55,14,72,28,104,132,204
09/17/2003,GLH,MS,ASO,CE,Federal Contract Tower,0,2,4,4,10,0,0,21,0,21,0,2,25,4,31,2,42,44,75
09/18/2003,GLH,MS,ASO,CE,Federal Contract Tower,0,2,2,8,12,0,0,23,0,23,0,2,25,8,35,6,82,88,123
09/19/2003,GLH,MS,ASO,CE,Federal Contract Tower,0,3,10,2,15,0,0,24,0,24,0,3,34,2,39,16,38,54,93
09/20/2003,GLH,MS,ASO,CE,Federal Contract Tower,0,2,5,0,7,0,0,16,0,16,0,2,21,0,23,0,0,0,23
09/21/2003,GLH,MS,ASO,CE,Federal Contract Tower,0,2,5,0,7,0,0,1,0,1,0,2,6,0,8,0,0,0,8
09/22/2003,GLH,MS,ASO,CE,Federal Contract Tower,0,2,17,8,27,0,0,25,0,25,0,2,42,8,52,22,64,86,138
09/23/2003,GLH,MS,ASO,CE,Federal Contract Tower,0,2,4,14,20,0,0,36,0,36,0,2,40,14,56,16,146,162,218
09/24/2003,GLH,MS,ASO,CE,Federal Contract Tower,0,2,7,11,20,0,0,30,0,30,0,2,37,11,50,38,170,208,258
09/25/2003,GLH,MS,ASO,CE,Federal Contract Tower,0,4,7,6,17,0,0,36,0,36,0,4,43,6,53,50,44,94,147
09/26/2003,GLH,MS,ASO,CE,Federal Contract Tower,0,4,7,14,25,0,0,27,2,29,0,4,34,16,54,10,118,128,182
09/27/2003,GLH,MS,ASO,CE,Federal Contract Tower,0,2,3,0,5,0,0,22,0,22,0,2,25,0,27,0,0,0,27
09/28/2003,GLH,MS,ASO,CE,Federal Contract Tower,0,2,7,0,9,0,0,15,0,15,0,2,22,0,24,2,0,2,26
09/29/2003,GLH,MS,ASO,CE,Federal Contract Tower,0,2,13,0,15,0,0,28,0,28,0,2,41,0,43,26,0,26,69
09/30/2003,GLH,MS,ASO,CE,Federal Contract Tower,0,3,16,0,19,0,1,28,0,29,0,4,44,0,48,14,0,14,62
10/01/2003,GLH,MS,ASO,CE,Federal Contract Tower,0,2,8,8,18,0,0,15,0,15,0,2,23,8,33,16,140,156,189
10/02/2003,GLH,MS,ASO,CE,Federal Contract Tower,0,2,6,9,17,0,0,29,3,32,0,2,35,12,49,18,138,156,205
10/03/2003,GLH,MS,ASO,CE,Federal Contract Tower,0,2,10,10,22,0,0,30,0,30,0,2,40,10,52,6,128,134,186
10/04/2003,GLH,MS,ASO,CE,Federal Contract Tower,0,1,1,2,4,0,1,31,0,32,0,2,32,2,36,4,0,4,40
10/05/2003,GLH,MS,ASO,CE,Federal Contract Tower,0,2,4,0,6,2,0,16,0,18,2,2,20,0,24,0,0,0,24
10/06/2003,GLH,MS,ASO,CE,Federal Contract Tower,0,2,5,4,11,0,0,6,0,6,0,2,11,4,17,10,28,38,55
10/07/2003,GLH,MS,ASO,CE,Federal Contract Tower,0,2,6,4,12,0,0,6,0,6,0,2,12,4,18,4,14,18,36
10/08/2003,GLH,MS,ASO,CE,Federal Contract Tower,0,2,5,2,9,0,1,26,0,27,0,3,31,2,36,8,24,32,68
10/09/2003,GLH,MS,ASO,CE,Federal Contract Tower,0,2,13,6,21,0,0,11,0,11,0,2,24,6,32,4,48,52,84
10/10/2003,GLH,MS,ASO,CE,Federal Contract Tower,0,2,11,14,27,0,0,5,0,5,0,2,16,14,32,6,108,114,146
10/11/2003,GLH,MS,ASO,CE,Federal Contract Tower,0,1,3,0,4,0,1,6,0,7,0,2,9,0,11,14,0,14,25
10/12/2003,GLH,MS,ASO,CE,Federal Contract Tower,0,1,3,0,4,0,1,3,0,4,0,2,6,0,8,0,0,0,8
10/13/2003,GLH,MS,ASO,CE,Federal Contract Tower,0,1,3,0,4,0,3,6,0,9,0,4,9,0,13,0,0,0,13
10/14/2003,GLH,MS,ASO,CE,Federal Contract Tower,0,2,6,7,15,0,0,3,1,4,0,2,9,8,19,2,42,44,63
10/15/2003,GLH,MS,ASO,CE,Federal Contract Tower,0,2,5,7,14,0,1,28,3,32,0,3,33,10,46,8,114,122,168
10/16/2003,GLH,MS,ASO,CE,Federal Contract Tower,0,2,6,7,15,0,0,25,1,26,0,2,31,8,41,10,140,150,191
10/17/2003,GLH,MS,ASO,CE,Federal Contract Tower,0,3,9,11,23,0,0,9,0,9,0,3,18,11,32,10,52,62,94
10/18/2003,GLH,MS,ASO,CE,Federal Contract Tower,0,1,3,4,8,0,0,19,0,19,0,1,22,4,27,6,4,10,37
10/19/2003,GLH,MS,ASO,CE,Federal Contract Tower,0,0,3,2,5,0,2,17,0,19,0,2,20,2,24,0,0,0,24
10/20/2003,GLH,MS,ASO,CE,Federal Contract Tower,0,2,6,9,17,0,0,17,1,18,0,2,23,10,35,8,64,72,107
10/21/2003,GLH,MS,ASO,CE,Federal Contract Tower,0,2,12,17,31,0,0,26,0,26,0,2,38,17,57,36,108,144,201
10/22/2003,GLH,MS,ASO,CE,Federal Contract Tower,0,2,10,15,27,0,0,11,1,12,0,2,21,16,39,6,216,222,261
10/23/2003,GLH,MS,ASO,CE,Federal Contract Tower,0,2,10,12,24,0,0,20,0,20,0,2,30,12,44,10,82,92,136
10/24/2003,GLH,MS,ASO,CE,Federal Contract Tower,0,3,10,12,25,0,0,17,0,17,0,3,27,12,42,2,108,110,152
10/25/2003,GLH,MS,ASO,CE,Federal Contract Tower,0,0,1,2,3,0,3,0,0,3,0,3,1,2,6,0,14,14,20
10/26/2003,GLH,MS,ASO,CE,Federal Contract Tower,0,0,3,0,3,0,2,19,0,21,0,2,22,0,24,36,0,36,60
10/27/2003,GLH,MS,ASO,CE,Federal Contract Tower,0,3,12,10,25,0,0,21,0,21,0,3,33,10,46,24,188,212,258
10/28/2003,GLH,MS,ASO,CE,Federal Contract Tower,0,4,15,16,35,0,0,18,0,18,0,4,33,16,53,22,270,292,345
10/29/2003,GLH,MS,ASO,CE,Federal Contract Tower,0,1,5,0,6,0,1,40,0,41,0,2,45,0,47,18,0,18,65
10/30/2003,GLH,MS,ASO,CE,Federal Contract Tower,0,2,6,8,16,0,3,29,0,32,0,5,35,8,48,14,102,116,164
10/31/2003,GLH,MS,ASO,CE,Federal Contract Tower,0,2,10,12,24,0,0,19,0,19,0,2,29,12,43,6,166,172,215
11/01/2003,GLH,MS,ASO,CE,Federal Contract Tower,0,0,4,0,4,0,2,10,0,12,0,2,14,0,16,0,0,0,16
11/02/2003,GLH,MS,ASO,CE,Federal Contract Tower,0,2,3,0,5,0,0,17,0,17,0,2,20,0,22,8,0,8,30
11/03/2003,GLH,MS,ASO,CE,Federal Contract Tower,0,3,7,5,15,0,0,28,1,29,0,3,35,6,44,12,84,96,140
11/04/2003,GLH,MS,ASO,CE,Federal Contract Tower,0,4,19,12,35,0,0,22,0,22,0,4,41,12,57,24,168,192,249
11/05/2003,GLH,MS,ASO,CE,Federal Contract Tower,0,7,21,13,41,0,0,9,2,11,0,7,30,15,52,14,160,174,226
11/06/2003,GLH,MS,ASO,CE,Federal Contract Tower,0,3,7,2,12,0,0,9,0,9,0,3,16,2,21,4,18,22,43
11/07/2003,GLH,MS,ASO,CE,Federal Contract Tower,0,5,10,2,17,0,0,4,0,4,0,5,14,2,21,4,6,10,31
11/08/2003,GLH,MS,ASO,CE,Federal Contract Tower,0,2,3,0,5,0,1,21,0,22,0,3,24,0,27,10,0,10,37
11/09/2003,GLH,MS,ASO,CE,Federal Contract Tower,0,4,9,2,15,0,0,14,0,14,0,4,23,2,29,2,28,30,59
11/10/2003,GLH,MS,ASO,CE,Federal Contract Tower,0,3,14,8,25,0,0,20,0,20,0,3,34,8,45,8,200,208,253
11/11/2003,GLH,MS,ASO,CE,Federal Contract Tower,0,4,8,0,12,0,1,18,0,19,0,5,26,0,31,16,0,16,47
11/12/2003,GLH,MS,ASO,CE,Federal Contract Tower,0,5,11,6,22,0,0,7,0,7,0,5,18,6,29,8,68,76,105
11/13/2003,GLH,MS,ASO,CE,Federal Contract Tower,0,3,7,2,12,0,1,18,0,19,0,4,25,2,31,12,30,42,73
11/14/2003,GLH,MS,ASO,CE,Federal Contract Tower,0,3,8,4,15,0,0,11,0,11,0,3,19,4,26,4,96,100,126
11/15/2003,GLH,MS,ASO,CE,Federal Contract Tower,0,2,2,0,4,0,1,14,0,15,0,3,16,0,19,18,0,18,37
11/16/2003,GLH,MS,ASO,CE,Federal Contract Tower,0,5,12,0,17,0,0,27,0,27,0,5,39,0,44,0,0,0,44
11/17/2003,GLH,MS,ASO,CE,Federal Contract Tower,0,3,8,6,17,0,0,0,0,0,0,3,8,6,17,0,52,52,69
11/18/2003,GLH,MS,ASO,CE,Federal Contract Tower,0,2,7,2,11,0,2,6,0,8,0,4,13,2,19,8,16,24,43
11/19/2003,GLH,MS,ASO,CE,Federal Contract Tower,0,3,8,4,15,0,0,5,2,7,0,3,13,6,22,14,76,90,112
11/20/2003,GLH,MS,ASO,CE,Federal Contract Tower,0,2,14,8,24,0,0,29,2,31,0,2,43,10,55,54,150,204,259
11/21/2003,GLH,MS,ASO,CE,Federal Contract Tower,0,3,9,2,14,0,3,28,0,31,0,6,37,2,45,12,38,50,95
11/22/2003,GLH,MS,ASO,CE,Federal Contract Tower,0,1,5,2,8,1,2,26,0,29,1,3,31,2,37,8,2,10,47
11/23/2003,GLH,MS,ASO,CE,Federal Contract Tower,0,3,9,0,12,0,0,15,0,15,0,3,24,0,27,24,0,24,51
11/24/2003,GLH,MS,ASO,CE,Federal Contract Tower,0,2,11,5,18,0,0,16,1,17,0,2,27,6,35,6,68,74,109
11/25/2003,GLH,MS,ASO,CE,Federal Contract Tower,0,3,9,5,17,0,1,35,1,37,0,4,44,6,54,22,74,96,150
11/26/2003,GLH,MS,ASO,CE,Federal Contract Tower,0,4,14,8,26,0,0,19,0,19,0,4,33,8,45,8,120,128,173
11/27/2003,GLH,MS,ASO,CE,Federal Contract Tower,0,1,3,0,4,0,2,0,0,2,0,3,3,0,6,0,0,0,6
11/28/2003,GLH,MS,ASO,CE,Federal Contract Tower,0,2,7,0,9,0,1,6,0,7,0,3,13,0,16,0,0,0,16
11/29/2003,GLH,MS,ASO,CE,Federal Contract Tower,0,2,6,0,8,0,2,12,0,14,0,4,18,0,22,6,0,6,28
11/30/2003,GLH,MS,ASO,CE,Federal Contract Tower,0,2,8,0,10,0,1,19,0,20,0,3,27,0,30,0,0,0,30
12/01/2003,GLH,MS,ASO,CE,Federal Contract Tower,0,4,7,6,17,0,0,15,2,17,0,4,22,8,34,14,124,138,172
12/02/2003,GLH,MS,ASO,CE,Federal Contract Tower,0,3,9,8,20,0,0,27,6,33,0,3,36,14,53,36,136,172,225
12/03/2003,GLH,MS,ASO,CE,Federal Contract Tower,0,4,7,6,17,0,0,15,0,15,0,4,22,6,32,0,48,48,80
12/04/2003,GLH,MS,ASO,CE,Federal Contract Tower,0,4,13,11,28,0,0,1,3,4,0,4,14,14,32,22,136,158,190
12/05/2003,GLH,MS,ASO,CE,Federal Contract Tower,0,4,12,10,26,0,0,6,4,10,0,4,18,14,36,0,176,176,212
12/06/2003,GLH,MS,ASO,CE,Federal Contract Tower,0,3,2,0,5,0,0,16,0,16,0,3,18,0,21,0,0,0,21
12/07/2003,GLH,MS,ASO,CE,Federal Contract Tower,0,1,3,0,4,0,2,20,0,22,0,3,23,0,26,12,0,12,38
12/08/2003,GLH,MS,ASO,CE,Federal Contract Tower,0,4,10,6,20,0,1,10,0,11,0,5,20,6,31,14,58,72,103
12/09/2003,GLH,MS,ASO,CE,Federal Contract Tower,0,3,7,5,15,0,0,14,1,15,0,3,21,6,30,8,20,28,58
12/10/2003,GLH,MS,ASO,CE,Federal Contract Tower,0,4,10,6,20,0,0,10,0,10,0,4,20,6,30,2,66,68,98
12/11/2003,GLH,MS,ASO,CE,Federal Contract Tower,0,4,9,6,19,0,0,30,0,30,0,4,39,6,49,12,46,58,107
12/12/2003,GLH,MS,ASO,CE,Federal Contract Tower,0,3,7,5,15,0,1,12,0,13,0,4,19,5,28,10,28,38,66
12/13/2003,GLH,MS,ASO,CE,Federal Contract Tower,0,1,0,2,3,0,3,0,0,3,0,4,0,2,6,0,0,0,6
12/14/2003,GLH,MS,ASO,CE,Federal Contract Tower,0,3,8,0,11,0,0,16,0,16,0,3,24,0,27,18,0,18,45
12/15/2003,GLH,MS,ASO,CE,Federal Contract Tower,0,4,9,2,15,0,0,16,0,16,0,4,25,2,31,12,18,30,61
12/16/2003,GLH,MS,ASO,CE,Federal Contract Tower,0,4,10,7,21,0,0,3,3,6,0,4,13,10,27,0,110,110,137
12/17/2003,GLH,MS,ASO,CE,Federal Contract Tower,0,4,10,7,21,0,0,15,4,19,0,4,25,11,40,8,80,88,128
12/18/2003,GLH,MS,ASO,CE,Federal Contract Tower,0,2,12,8,22,0,0,11,6,17,0,2,23,14,39,0,86,86,125
12/19/2003,GLH,MS,ASO,CE,Federal Contract Tower,0,2,5,3,10,0,1,18,2,21,0,3,23,5,31,8,44,52,83
12/20/2003,GLH,MS,ASO,CE,Federal Contract Tower,0,1,3,0,4,0,1,23,0,24,0,2,26,0,28,4,0,4,32
12/21/2003,GLH,MS,ASO,CE,Federal Contract Tower,0,1,4,0,5,0,1,23,0,24,0,2,27,0,29,2,0,2,31
12/22/2003,GLH,MS,ASO,CE,Federal Contract Tower,0,3,10,4,17,0,0,13,0,13,0,3,23,4,30,4,52,56,86
12/23/2003,GLH,MS,ASO,CE,Federal Contract Tower,0,2,5,0,7,0,1,4,0,5,0,3,9,0,12,0,0,0,12
12/24/2003,GLH,MS,ASO,CE,Federal Contract Tower,0,2,5,0,7,0,2,13,0,15,0,4,18,0,22,0,0,0,22
12/25/2003,GLH,MS,ASO,CE,Federal Contract Tower,0,0,2,0,2,0,2,0,0,2,0,2,2,0,4,0,0,0,4
12/26/2003,GLH,MS,ASO,CE,Federal Contract Tower,0,2,6,0,8,0,0,21,0,21,0,2,27,0,29,0,0,0,29
12/27/2003,GLH,MS,ASO,CE,Federal Contract Tower,0,2,5,0,7,0,1,18,0,19,0,3,23,0,26,0,0,0,26
12/28/2003,GLH,MS,ASO,CE,Federal Contract Tower,0,2,5,0,7,0,0,12,0,12,0,2,17,0,19,0,0,0,19
12/29/2003,GLH,MS,ASO,CE,Federal Contract Tower,0,2,5,3,10,0,1,0,0,1,0,3,5,3,11,0,0,0,11
12/30/2003,GLH,MS,ASO,CE,Federal Contract Tower,0,3,9,2,14,0,0,40,0,40,0,3,49,2,54,18,0,18,72
12/31/2003,GLH,MS,ASO,CE,Federal Contract Tower,0,3,7,2,12,0,1,11,0,12,0,4,18,2,24,0,6,6,30
01/01/2004,GLH,MS,ASO,CE,Federal Contract Tower,0,2,3,0,5,0,1,8,0,9,0,3,11,0,14,2,0,2,16
01/02/2004,GLH,MS,ASO,CE,Federal Contract Tower,0,3,4,0,7,0,0,6,0,6,0,3,10,0,13,0,0,0,13
01/03/2004,GLH,MS,ASO,CE,Federal Contract Tower,0,3,6,0,9,0,0,18,0,18,0,3,24,0,27,0,0,0,27
01/04/2004,GLH,MS,ASO,CE,Federal Contract Tower,0,2,1,0,3,0,0,3,0,3,0,2,4,0,6,0,0,0,6
01/05/2004,GLH,MS,ASO,CE,Federal Contract Tower,0,2,4,2,8,0,0,2,4,6,0,2,6,6,14,0,70,70,84
01/06/2004,GLH,MS,ASO,CE,Federal Contract Tower,0,4,7,4,15,0,0,5,6,11,0,4,12,10,26,4,128,132,158
01/07/2004,GLH,MS,ASO,CE,Federal Contract Tower,0,5,9,4,18,0,0,16,0,16,0,5,25,4,34,6,80,86,120
01/08/2004,GLH,MS,ASO,CE,Federal Contract Tower,0,3,4,2,9,0,2,0,0,2,0,5,4,2,11,0,14,14,25
01/09/2004,GLH,MS,ASO,CE,Federal Contract Tower,0,4,13,11,28,0,0,1,3,4,0,4,14,14,32,0,70,70,102
01/10/2004,GLH,MS,ASO,CE,Federal Contract Tower,0,0,2,0,2,0,0,8,0,8,0,0,10,0,10,0,0,0,10
01/11/2004,GLH,MS,ASO,CE,Federal Contract Tower,0,0,1,0,1,0,0,18,0,18,0,0,19,0,19,0,0,0,19
01/12/2004,GLH,MS,ASO,CE,Federal Contract Tower,0,3,7,5,15,0,0,21,5,26,0,3,28,10,41,4,118,122,163
01/13/2004,GLH,MS,ASO,CE,Federal Contract Tower,0,4,8,6,18,0,0,19,0,19,0,4,27,6,37,0,96,96,133
01/14/2004,GLH,MS,ASO,CE,Federal Contract Tower,0,3,6,7,16,0,0,0,1,1,0,3,6,8,17,0,29,29,46
01/15/2004,GLH,MS,ASO,CE,Federal Contract Tower,0,4,8,6,18,0,0,12,0,12,0,4,20,6,30,0,64,64,94
01/16/2004,GLH,MS,ASO,CE,Federal Contract Tower,0,3,11,8,22,0,0,13,0,13,0,3,24,8,35,4,100,104,139
01/17/2004,GLH,MS,ASO,CE,Federal Contract Tower,0,2,6,0,8,0,1,3,0,4,0,3,9,0,12,0,0,0,12
01/18/2004,GLH,MS,ASO,CE,Federal Contract Tower,0,2,6,0,8,0,1,15,0,16,0,3,21,0,24,0,0,0,24
01/19/2004,GLH,MS,ASO,CE,Federal Contract Tower,0,2,6,0,8,0,1,14,0,15,0,3,20,0,23,0,0,0,23
01/20/2004,GLH,MS,ASO,CE,Federal Contract Tower,0,1,5,3,9,0,4,10,1,15,0,5,15,4,24,0,14,14,38
01/21/2004,GLH,MS,ASO,CE,Federal Contract Tower,0,3,9,6,18,0,1,15,4,20,0,4,24,10,38,4,110,114,152
01/22/2004,GLH,MS,ASO,CE,Federal Contract Tower,0,4,11,6,21,0,4,25,0,29,0,8,36,6,50,10,52,62,112
01/23/2004,GLH,MS,ASO,CE,Federal Contract Tower,0,2,8,4,14,0,0,28,0,28,0,2,36,4,42,18,74,92,134
01/24/2004,GLH,MS,ASO,CE,Federal Contract Tower,0,0,2,0,2,0,3,0,0,3,0,3,2,0,5,0,0,0,5
01/25/2004,GLH,MS,ASO,CE,Federal Contract Tower,0,1,5,0,6,0,2,16,0,18,0,3,21,0,24,0,0,0,24
01/26/2004,GLH,MS,ASO,CE,Federal Contract Tower,0,5,16,9,30,0,0,22,0,22,0,5,38,9,52,20,156,176,228
01/27/2004,GLH,MS,ASO,CE,Federal Contract Tower,0,4,11,5,20,0,0,20,0,20,0,4,31,5,40,2,26,28,68
01/28/2004,GLH,MS,ASO,CE,Federal Contract Tower,0,2,6,4,12,0,2,24,0,26,0,4,30,4,38,22,56,78,116
01/29/2004,GLH,MS,ASO,CE,Federal Contract Tower,0,3,9,6,18,0,1,17,2,20,0,4,26,8,38,6,74,80,118
01/30/2004,GLH,MS,ASO,CE,Federal Contract Tower,0,3,8,2,13,0,1,9,0,10,0,4,17,2,23,0,8,8,31
01/31/2004,GLH,MS,ASO,CE,Federal Contract Tower,0,1,3,2,6,0,2,31,0,33,0,3,34,2,39,78,2,80,119
02/01/2004,GLH,MS,ASO,CE,Federal Contract Tower,0,1,2,0,3,0,2,17,0,19,0,3,19,0,22,24,0,24,46
02/02/2004,GLH,MS,ASO,CE,Federal Contract Tower,0,3,4,4,11,0,0,8,0,8,0,3,12,4,19,6,28,34,53
02/03/2004,GLH,MS,ASO,CE,Federal Contract Tower,0,6,6,6,18,0,0,25,0,25,0,6,31,6,43,14,86,100,143
02/04/2004,GLH,MS,ASO,CE,Federal Contract Tower,0,4,9,9,22,0,0,32,3,35,0,4,41,12,57,34,172,206,263
02/05/2004,GLH,MS,ASO,CE,Federal Contract Tower,0,4,4,0,8,0,2,1,0,3,0,6,5,0,11,0,0,0,11
02/06/2004,GLH,MS,ASO,CE,Federal Contract Tower,0,6,9,8,23,0,0,5,4,9,0,6,14,12,32,4,70,74,106
02/07/2004,GLH,MS,ASO,CE,Federal Contract Tower,0,3,3,0,6,0,0,8,0,8,0,3,11,0,14,0,0,0,14
02/08/2004,GLH,MS,ASO,CE,Federal Contract Tower,0,2,2,2,6,0,1,23,0,24,0,3,25,2,30,8,0,8,38
02/09/2004,GLH,MS,ASO,CE,Federal Contract Tower,0,3,12,10,25,0,0,2,0,2,0,3,14,10,27,2,108,110,137
02/10/2004,GLH,MS,ASO,CE,Federal Contract Tower,0,4,8,7,19,0,0,21,7,28,0,4,29,14,47,36,86,122,169
02/11/2004,GLH,MS,ASO,CE,Federal Contract Tower,0,4,5,0,9,0,0,21,0,21,0,4,26,0,30,18,0,18,48
02/12/2004,GLH,MS,ASO,CE,Federal Contract Tower,0,6,8,4,18,0,0,11,0,11,0,6,19,4,29,4,28,32,61
02/13/2004,GLH,MS,ASO,CE,Federal Contract Tower,0,6,7,2,15,0,0,37,0,37,0,6,44,2,52,42,26,68,120
02/14/2004,GLH,MS,ASO,CE,Federal Contract Tower,0,2,4,0,6,2,4,1,0,7,2,6,5,0,13,8,0,8,21
02/15/2004,GLH,MS,ASO,CE,Federal Contract Tower,0,1,2,0,3,0,4,14,0,18,0,5,16,0,21,0,0,0,21
02/16/2004,GLH,MS,ASO,CE,Federal Contract Tower,0,2,4,0,6,0,3,37,0,40,0,5,41,0,46,54,0,54,100
02/17/2004,GLH,MS,ASO,CE,Federal Contract Tower,0,5,12,6,23,0,0,29,0,29,0,5,41,6,52,36,104,140,192
02/18/2004,GLH,MS,ASO,CE,Federal Contract Tower,0,5,15,12,32,0,0,38,0,38,0,5,53,12,70,42,118,160,230
02/19/2004,GLH,MS,ASO,CE,Federal Contract Tower,0,6,10,8,24,0,1,25,2,28,0,7,35,10,52,26,120,146,198
02/20/2004,GLH,MS,ASO,CE,Federal Contract Tower,0,5,7,4,16,0,1,23,0,24,0,6,30,4,40,26,64,90,130
02/21/2004,GLH,MS,ASO,CE,Federal Contract Tower,0,2,4,2,8,0,3,29,0,32,0,5,33,2,40,18,0,18,58
02/22/2004,GLH,MS,ASO,CE,Federal Contract Tower,0,3,5,0,8,1,2,28,0,31,1,5,33,0,39,2,0,2,41
02/23/2004,GLH,MS,ASO,CE,Federal Contract Tower,0,1,3,0,4,0,4,2,0,6,0,5,5,0,10,0,0,0,10
02/24/2004,GLH,MS,ASO,CE,Federal Contract Tower,0,6,10,2,18,0,0,14,0,14,0,6,24,2,32,8,28,36,68
02/25/2004,GLH,MS,ASO,CE,Federal Contract Tower,0,5,7,0,12,0,1,7,0,8,0,6,14,0,20,0,0,0,20
02/26/2004,GLH,MS,ASO,CE,Federal Contract Tower,0,6,14,12,32,0,0,9,0,9,0,6,23,12,41,4,98,102,143
02/27/2004,GLH,MS,ASO,CE,Federal Contract Tower,0,7,10,8,25,0,0,31,0,31,0,7,41,8,56,22,70,92,148
02/28/2004,GLH,MS,ASO,CE,Federal Contract Tower,0,3,5,0,8,0,0,37,0,37,0,3,42,0,45,10,0,10,55
02/29/2004,GLH,MS,ASO,CE,Federal Contract Tower,0,3,5,0,8,0,3,0,0,3,0,6,5,0,11,0,0,0,11
03/01/2004,GLH,MS,ASO,CE,Federal Contract Tower,0,4,3,2,9,0,1,5,0,6,0,5,8,2,15,0,28,28,43
03/02/2004,GLH,MS,ASO,CE,Federal Contract Tower,0,5,10,10,25,0,0,30,6,36,0,5,40,16,61,32,170,202,263
03/03/2004,GLH,MS,ASO,CE,Federal Contract Tower,0,6,6,4,16,0,0,22,0,22,0,6,28,4,38,26,48,74,112
03/04/2004,GLH,MS,ASO,CE,Federal Contract Tower,0,5,8,6,19,0,0,20,0,20,0,5,28,6,39,8,34,42,81
03/05/2004,GLH,MS,ASO,CE,Federal Contract Tower,0,6,7,4,17,0,0,9,0,9,0,6,16,4,26,4,56,60,86
03/06/2004,GLH,MS,ASO,CE,Federal Contract Tower,0,5,7,2,14,0,0,19,0,19,0,5,26,2,33,0,16,16,49
03/07/2004,GLH,MS,ASO,CE,Federal Contract Tower,0,4,4,0,8,0,1,24,0,25,0,5,28,0,33,0,0,0,33
03/08/2004,GLH,MS,ASO,CE,Federal Contract Tower,0,6,6,2,14,0,0,38,0,38,0,6,44,2,52,18,28,46,98
03/09/2004,GLH,MS,ASO,CE,Federal Contract Tower,0,6,14,14,34,0,0,48,4,52,0,6,62,18,86,16,184,200,286
03/10/2004,GLH,MS,ASO,CE,Federal Contract Tower,0,5,9,10,24,0,0,21,0,21,0,5,30,10,45,12,68,80,125
03/11/2004,GLH,MS,ASO,CE,Federal Contract Tower,0,6,10,8,24,0,0,21,0,21,0,6,31,8,45,10,78,88,133
03/12/2004,GLH,MS,ASO,CE,Federal Contract Tower,0,6,10,8,24,0,0,24,0,24,0,6,34,8,48,18,66,84,132
03/13/2004,GLH,MS,ASO,CE,Federal Contract Tower,0,2,3,0,5,0,3,13,0,16,0,5,16,0,21,10,0,10,31
03/14/2004,GLH,MS,ASO,CE,Federal Contract Tower,0,1,3,0,4,0,2,1,0,3,0,3,4,0,7,12,0,12,19
03/15/2004,GLH,MS,ASO,CE,Federal Contract Tower,0,4,5,0,9,0,1,6,0,7,0,5,11,0,16,0,0,0,16
03/16/2004,GLH,MS,ASO,CE,Federal Contract Tower,0,5,7,6,18,0,1,23,0,24,0,6,30,6,42,32,80,112,154
03/17/2004,GLH,MS,ASO,CE,Federal Contract Tower,0,6,11,12,29,0,0,21,2,23,0,6,32,14,52,6,100,106,158
03/18/2004,GLH,MS,ASO,CE,Federal Contract Tower,0,4,7,2,13,0,2,11,0,13,0,6,18,2,26,0,24,24,50
03/19/2004,GLH,MS,ASO,CE,Federal Contract Tower,0,3,5,4,12,0,3,15,0,18,0,6,20,4,30,2,14,16,46
03/20/2004,GLH,MS,ASO,CE,Federal Contract Tower,0,3,4,0,7,0,4,16,0,20,0,7,20,0,27,2,0,2,29
03/21/2004,GLH,MS,ASO,CE,Federal Contract Tower,0,3,6,0,9,0,2,20,0,22,0,5,26,0,31,0,0,0,31
03/22/2004,GLH,MS,ASO,CE,Federal Contract Tower,0,5,8,6,19,0,0,34,0,34,0,5,42,6,53,16,98,114,167
03/23/2004,GLH,MS,ASO,CE,Federal Contract Tower,0,5,9,8,22,0,1,30,0,31,0,6,39,8,53,16,170,186,239
03/24/2004,GLH,MS,ASO,CE,Federal Contract Tower,0,5,8,5,18,0,1,19,0,20,0,6,27,5,38,20,98,118,156
03/25/2004,GLH,MS,ASO,CE,Federal Contract Tower,0,5,15,11,31,0,0,19,0,19,0,5,34,11,50,20,178,198,248
03/26/2004,GLH,MS,ASO,CE,Federal Contract Tower,0,5,11,11,27,0,0,22,1,23,0,5,33,12,50,6,140,146,196
03/27/2004,GLH,MS,ASO,CE,Federal Contract Tower,0,1,3,0,4,0,3,10,0,13,0,4,13,0,17,4,0,4,21
03/28/2004,GLH,MS,ASO,CE,Federal Contract Tower,0,2,4,0,6,0,3,19,0,22,0,5,23,0,28,8,0,8,36
03/29/2004,GLH,MS,ASO,CE,Federal Contract Tower,0,4,7,7,18,0,1,3,1,5,0,5,10,8,23,12,60,72,95
03/30/2004,GLH,MS,ASO,CE,Federal Contract Tower,0,7,9,10,26,0,0,22,0,22,0,7,31,10,48,18,154,172,220
03/31/2004,GLH,MS,ASO,CE,Federal Contract Tower,0,6,11,12,29,0,0,37,11,48,0,6,48,23,77,32,128,160,237
04/01/2004,GLH,MS,ASO,CE,Federal Contract Tower,0,5,7,9,21,0,0,19,1,20,0,5,26,10,41,32,100,132,173
04/02/2004,GLH,MS,ASO,CE,Federal Contract Tower,0,7,12,11,30,0,0,21,6,27,0,7,33,17,57,48,150,198,255
04/03/2004,GLH,MS,ASO,CE,Federal Contract Tower,0,5,5,0,10,0,0,19,0,19,0,5,24,0,29,0,0,0,29
04/04/2004,GLH,MS,ASO,CE,Federal Contract Tower,0,4,3,0,7,0,1,24,0,25,0,5,27,0,32,0,0,0,32
04/05/2004,GLH,MS,ASO,CE,Federal Contract Tower,0,5,5,5,15,0,1,33,2,36,0,6,38,7,51,16,28,44,95
04/06/2004,GLH,MS,ASO,CE,Federal Contract Tower,0,6,8,7,21,0,0,31,1,32,0,6,39,8,53,32,86,118,171
04/07/2004,GLH,MS,ASO,CE,Federal Contract Tower,0,6,8,2,16,0,0,19,0,19,0,6,27,2,35,22,2,24,59
04/08/2004,GLH,MS,ASO,CE,Federal Contract Tower,0,5,4,0,9,0,1,24,0,25,0,6,28,0,34,16,0,16,50
04/09/2004,GLH,MS,ASO,CE,Federal Contract Tower,0,5,11,10,26,0,0,18,0,18,0,5,29,10,44,0,147,147,191
04/10/2004,GLH,MS,ASO,CE,Federal Contract Tower,0,3,2,0,5,0,4,14,0,18,0,7,16,0,23,20,0,20,43
04/11/2004,GLH,MS,ASO,CE,Federal Contract Tower,0,3,5,0,8,0,2,8,0,10,0,5,13,0,18,0,0,0,18
04/12/2004,GLH,MS,ASO,CE,Federal Contract Tower,0,8,11,12,31,0,1,1,0,2,0,9,12,12,33,4,22,26,59
04/13/2004,GLH,MS,ASO,CE,Federal Contract Tower,0,6,10,11,27,0,0,16,3,19,0,6,26,14,46,4,128,132,178
04/14/2004,GLH,MS,ASO,CE,Federal Contract Tower,0,5,6,4,15,0,1,35,0,36,0,6,41,4,51,28,80,108,159
04/15/2004,GLH,MS,ASO,CE,Federal Contract Tower,0,5,10,11,26,0,0,15,4,19,0,5,25,15,45,22,130,152,197
04/16/2004,GLH,MS,ASO,CE,Federal Contract Tower,0,6,7,6,19,2,0,13,0,15,2,6,20,6,34,8,94,102,136
04/17/2004,GLH,MS,ASO,CE,Federal Contract Tower,0,2,2,0,4,0,3,17,0,20,0,5,19,0,24,10,0,10,34
04/18/2004,GLH,MS,ASO,CE,Federal Contract Tower,0,4,5,6,15,0,1,20,0,21,0,5,25,6,36,0,4,4,40
04/19/2004,GLH,MS,ASO,CE,Federal Contract Tower,0,6,7,9,22,0,1,25,3,29,0,7,32,12,51,4,120,124,175
04/20/2004,GLH,MS,ASO,CE,Federal Contract Tower,0,6,11,12,29,0,0,12,0,12,0,6,23,12,41,2,156,158,199
04/21/2004,GLH,MS,ASO,CE,Federal Contract Tower,0,5,6,7,18,0,1,20,1,22,0,6,26,8,40,26,50,76,116
04/22/2004,GLH,MS,ASO,CE,Federal Contract Tower,0,6,7,7,20,1,0,11,0,12,1,6,18,7,32,8,74,82,114
04/23/2004,GLH,MS,ASO,CE,Federal Contract Tower,0,4,5,7,16,0,1,11,1,13,0,5,16,8,29,16,60,76,105
04/24/2004,GLH,MS,ASO,CE,Federal Contract Tower,0,2,3,0,5,0,4,5,0,9,0,6,8,0,14,0,0,0,14
04/25/2004,GLH,MS,ASO,CE,Federal Contract Tower,0,2,2,0,4,0,4,3,0,7,0,6,5,0,11,0,0,0,11
04/26/2004,GLH,MS,ASO,CE,Federal Contract Tower,0,5,8,6,19,0,0,15,0,15,0,5,23,6,34,0,70,70,104
04/27/2004,GLH,MS,ASO,CE,Federal Contract Tower,0,6,10,12,28,0,0,32,0,32,0,6,42,12,60,14,134,148,208
04/28/2004,GLH,MS,ASO,CE,Federal Contract Tower,0,6,8,9,23,2,0,36,1,39,2,6,44,10,62,2,64,66,128
04/29/2004,GLH,MS,ASO,CE,Federal Contract Tower,0,5,10,10,25,0,0,15,0,15,0,5,25,10,40,24,88,112,152
04/30/2004,GLH,MS,ASO,CE,Federal Contract Tower,0,4,5,2,11,0,1,7,0,8,0,5,12,2,19,6,4,10,29
05/01/2004,GLH,MS,ASO,CE,Federal Contract Tower,0,1,2,0,3,0,4,0,0,4,0,5,2,0,7,0,0,0,7
05/02/2004,GLH,MS,ASO,CE,Federal Contract Tower,0,4,4,4,12,0,1,28,0,29,0,5,32,4,41,0,4,4,45
05/03/2004,GLH,MS,ASO,CE,Federal Contract Tower,0,6,8,12,26,0,0,14,6,20,0,6,22,18,46,12,166,178,224
05/04/2004,GLH,MS,ASO,CE,Federal Contract Tower,0,7,9,14,30,0,0,22,9,31,0,7,31,23,61,32,232,264,325
05/05/2004,GLH,MS,ASO,CE,Federal Contract Tower,0,6,10,11,27,0,0,44,1,45,0,6,54,12,72,48,100,148,220
05/06/2004,GLH,MS,ASO,CE,Federal Contract Tower,0,5,14,16,35,0,0,29,6,35,0,5,43,22,70,26,150,176,246
05/07/2004,GLH,MS,ASO,CE,Federal Contract Tower,0,6,7,9,22,0,0,35,1,36,0,6,42,10,58,10,94,104,162
05/08/2004,GLH,MS,ASO,CE,Federal Contract Tower,0,5,4,0,9,0,2,28,0,30,0,7,32,0,39,14,0,14,53
05/09/2004,GLH,MS,ASO,CE,Federal Contract Tower,0,3,3,0,6,0,3,15,0,18,0,6,18,0,24,0,0,0,24
05/10/2004,GLH,MS,ASO,CE,Federal Contract Tower,0,4,4,4,12,0,1,23,0,24,0,5,27,4,36,36,24,60,96
05/11/2004,GLH,MS,ASO,CE,Federal Contract Tower,0,5,4,4,13,0,1,8,0,9,0,6,12,4,22,0,36,36,58
05/12/2004,GLH,MS,ASO,CE,Federal Contract Tower,0,4,4,0,8,0,2,4,0,6,0,6,8,0,14,0,0,0,14
05/13/2004,GLH,MS,ASO,CE,Federal Contract Tower,0,6,3,8,17,0,0,0,0,0,0,6,3,8,17,0,86,86,103
05/14/2004,GLH,MS,ASO,CE,Federal Contract Tower,0,5,4,0,9,0,1,7,0,8,0,6,11,0,17,2,0,2,19
05/15/2004,GLH,MS,ASO,CE,Federal Contract Tower,0,5,4,0,9,0,1,15,0,16,0,6,19,0,25,0,0,0,25
05/16/2004,GLH,MS,ASO,CE,Federal Contract Tower,0,3,2,0,5,0,2,5,0,7,0,5,7,0,12,14,0,14,26
05/17/2004,GLH,MS,ASO,CE,Federal Contract Tower,0,3,3,0,6,2,2,12,0,16,2,5,15,0,22,4,0,4,26
05/18/2004,GLH,MS,ASO,CE,Federal Contract Tower,0,3,5,0,8,2,3,35,0,40,2,6,40,0,48,16,0,16,64
05/19/2004,GLH,MS,ASO,CE,Federal Contract Tower,0,6,8,10,24,0,0,21,6,27,0,6,29,16,51,10,120,130,181
05/20/2004,GLH,MS,ASO,CE,Federal Contract Tower,0,5,8,8,21,0,0,23,0,23,0,5,31,8,44,8,112,120,164
05/21/2004,GLH,MS,ASO,CE,Federal Contract Tower,0,6,9,12,27,0,0,24,1,25,0,6,33,13,52,8,166,174,226
05/22/2004,GLH,MS,ASO,CE,Federal Contract Tower,0,4,5,4,13,0,1,27,0,28,0,5,32,4,41,0,56,56,97
05/23/2004,GLH,MS,ASO,CE,Federal Contract Tower,0,3,4,0,7,0,2,15,0,17,0,5,19,0,24,14,0,14,38
05/24/2004,GLH,MS,ASO,CE,Federal Contract Tower,0,6,7,11,24,0,0,12,1,13,0,6,19,12,37,10,124,134,171
05/25/2004,GLH,MS,ASO,CE,Federal Contract Tower,0,6,11,16,33,0,0,16,4,20,0,6,27,20,53,4,210,214,267
05/26/2004,GLH,MS,ASO,CE,Federal Contract Tower,0,6,11,15,32,0,0,9,1,10,0,6,20,16,42,4,244,248,290
05/27/2004,GLH,MS,ASO,CE,Federal Contract Tower,0,6,12,12,30,1,0,15,0,16,1,6,27,12,46,10,180,190,236
05/28/2004,GLH,MS,ASO,CE,Federal Contract Tower,0,2,3,0,5,0,5,14,0,19,0,7,17,0,24,10,0,10,34
05/29/2004,GLH,MS,ASO,CE,Federal Contract Tower,0,3,3,0,6,2,2,24,0,28,2,5,27,0,34,12,0,12,46
05/30/2004,GLH,MS,ASO,CE,Federal Contract Tower,0,2,2,0,4,0,3,7,0,10,0,5,9,0,14,0,0,0,14
05/31/2004,GLH,MS,ASO,CE,Federal Contract Tower,0,2,2,0,4,0,3,12,0,15,0,5,14,0,19,0,0,0,19
06/01/2004,GLH,MS,ASO,CE,Federal Contract Tower,0,6,9,5,20,0,0,15,3,18,0,6,24,8,38,20,76,96,134
06/02/2004,GLH,MS,ASO,CE,Federal Contract Tower,0,6,6,2,14,0,0,27,0,27,0,6,33,2,41,24,28,52,93
06/03/2004,GLH,MS,ASO,CE,Federal Contract Tower,0,6,8,6,20,1,0,8,4,13,1,6,16,10,33,12,94,106,139
06/04/2004,GLH,MS,ASO,CE,Federal Contract Tower,0,7,6,5,18,0,4,13,3,20,0,11,19,8,38,10,72,82,120
06/05/2004,GLH,MS,ASO,CE,Federal Contract Tower,0,7,6,0,13,0,6,19,0,25,0,13,25,0,38,4,0,4,42
06/06/2004,GLH,MS,ASO,CE,Federal Contract Tower,0,5,6,0,11,0,5,8,0,13,0,10,14,0,24,0,0,0,24
06/07/2004,GLH,MS,ASO,CE,Federal Contract Tower,0,9,12,6,27,0,1,3,0,4,0,10,15,6,31,20,66,86,117
06/08/2004,GLH,MS,ASO,CE,Federal Contract Tower,0,4,6,5,15,0,0,10,1,11,0,4,16,6,26,0,64,64,90
06/09/2004,GLH,MS,ASO,CE,Federal Contract Tower,0,6,6,4,16,0,0,39,0,39,0,6,45,4,55,12,16,28,83
06/10/2004,GLH,MS,ASO,CE,Federal Contract Tower,0,11,11,8,30,0,1,19,0,20,0,12,30,8,50,14,84,98,148
06/11/2004,GLH,MS,ASO,CE,Federal Contract Tower,0,6,8,0,14,0,0,20,0,20,0,6,28,0,34,12,0,12,46
06/12/2004,GLH,MS,ASO,CE,Federal Contract Tower,0,3,3,0,6,0,0,23,0,23,0,3,26,0,29,10,0,10,39
06/13/2004,GLH,MS,ASO,CE,Federal Contract Tower,0,4,5,2,11,0,0,29,0,29,0,4,34,2,40,0,0,0,40
06/14/2004,GLH,MS,ASO,CE,Federal Contract Tower,0,4,9,7,20,0,0,10,13,23,0,4,19,20,43,0,98,98,141
06/15/2004,GLH,MS,ASO,CE,Federal Contract Tower,0,5,6,5,16,0,0,9,5,14,0,5,15,10,30,4,54,58,88
06/16/2004,GLH,MS,ASO,CE,Federal Contract Tower,0,5,6,5,16,0,2,9,1,12,0,7,15,6,28,0,0,0,28
06/17/2004,GLH,MS,ASO,CE,Federal Contract Tower,0,4,5,3,12,0,0,3,10,13,0,4,8,13,25,0,50,50,75
06/18/2004,GLH,MS,ASO,CE,Federal Contract Tower,0,4,10,6,20,0,0,6,6,12,0,4,16,12,32,0,100,100,132
06/19/2004,GLH,MS,ASO,CE,Federal Contract Tower,0,4,5,0,9,0,4,21,0,25,0,8,26,0,34,34,0,34,68
06/20/2004,GLH,MS,ASO,CE,Federal Contract Tower,0,4,5,2,11,0,0,12,0,12,0,4,17,2,23,2,2,4,27
06/21/2004,GLH,MS,ASO,CE,Federal Contract Tower,0,3,8,5,16,0,0,20,4,24,0,3,28,9,40,0,106,106,146
06/22/2004,GLH,MS,ASO,CE,Federal Contract Tower,0,7,9,5,21,0,0,24,1,25,0,7,33,6,46,2,16,18,64
06/23/2004,GLH,MS,ASO,CE,Federal Contract Tower,0,4,6,2,12,0,2,0,0,2,0,6,6,2,14,0,2,2,16
06/24/2004,GLH,MS,ASO,CE,Federal Contract Tower,0,4,4,0,8,0,0,6,0,6,0,4,10,0,14,4,0,4,18
06/25/2004,GLH,MS,ASO,CE,Federal Contract Tower,0,8,12,2,22,0,0,12,0,12,0,8,24,2,34,6,22,28,62
06/26/2004,GLH,MS,ASO,CE,Federal Contract Tower,0,3,4,0,7,0,3,9,0,12,0,6,13,0,19,4,0,4,23
06/27/2004,GLH,MS,ASO,CE,Federal Contract Tower,0,4,4,0,8,0,4,0,0,4,0,8,4,0,12,0,0,0,12
06/28/2004,GLH,MS,ASO,CE,Federal Contract Tower,0,3,6,3,12,0,0,5,0,5,0,3,11,3,17,0,0,0,17
06/29/2004,GLH,MS,ASO,CE,Federal Contract Tower,0,4,5,3,12,0,0,24,2,26,0,4,29,5,38,18,14,32,70
06/30/2004,GLH,MS,ASO,CE,Federal Contract Tower,0,4,9,5,18,1,0,13,5,19,1,4,22,10,37,2,26,28,65
07/01/2004,GLH,MS,ASO,CE,Federal Contract Tower,0,3,3,2,8,0,0,6,0,6,0,3,9,2,14,0,14,14,28
07/02/2004,GLH,MS,ASO,CE,Federal Contract Tower,0,3,3,0,6,0,0,14,0,14,0,3,17,0,20,2,0,2,22
07/03/2004,GLH,MS,ASO,CE,Federal Contract Tower,0,3,3,0,6,0,0,8,0,8,0,3,11,0,14,0,0,0,14
07/04/2004,GLH,MS,ASO,CE,Federal Contract Tower,0,1,0,0,1,0,1,17,0,18,0,2,17,0,19,0,0,0,19
07/05/2004,GLH,MS,ASO,CE,Federal Contract Tower,0,5,5,0,10,0,3,28,0,31,0,8,33,0,41,0,0,0,41
07/06/2004,GLH,MS,ASO,CE,Federal Contract Tower,0,3,4,3,10,0,0,22,3,25,0,3,26,6,35,28,46,74,109
07/07/2004,GLH,MS,ASO,CE,Federal Contract Tower,0,4,6,5,15,0,0,10,4,14,0,4,16,9,29,2,0,2,31
07/08/2004,GLH,MS,ASO,CE,Federal Contract Tower,0,3,10,10,23,0,0,21,5,26,0,3,31,15,49,14,116,130,179
07/09/2004,GLH,MS,ASO,CE,Federal Contract Tower,0,6,9,5,20,0,2,6,0,8,0,8,15,5,28,0,42,42,70
07/10/2004,GLH,MS,ASO,CE,Federal Contract Tower,0,3,4,0,7,0,1,23,0,24,0,4,27,0,31,0,0,0,31
07/11/2004,GLH,MS,ASO,CE,Federal Contract Tower,0,2,2,2,6,0,0,9,2,11,0,2,11,4,17,0,10,10,27
07/12/2004,GLH,MS,ASO,CE,Federal Contract Tower,0,8,12,8,28,0,1,31,0,32,0,9,43,8,60,0,96,96,156
07/13/2004,GLH,MS,ASO,CE,Federal Contract Tower,0,5,10,9,24,0,0,30,8,38,0,5,40,17,62,0,114,114,176
07/14/2004,GLH,MS,ASO,CE,Federal Contract Tower,0,4,10,8,22,0,0,24,0,24,0,4,34,8,46,8,106,114,160
07/15/2004,GLH,MS,ASO,CE,Federal Contract Tower,0,7,12,12,31,0,1,29,0,30,0,8,41,12,61,2,92,94,155
07/16/2004,GLH,MS,ASO,CE,Federal Contract Tower,0,6,9,10,25,0,0,33,1,34,0,6,42,11,59,0,62,62,121
07/17/2004,GLH,MS,ASO,CE,Federal Contract Tower,0,4,7,2,13,0,0,22,0,22,0,4,29,2,35,16,48,64,99
07/18/2004,GLH,MS,ASO,CE,Federal Contract Tower,0,2,6,2,10,0,0,21,0,21,0,2,27,2,31,0,0,0,31
07/19/2004,GLH,MS,ASO,CE,Federal Contract Tower,0,6,10,6,22,0,2,29,0,31,0,8,39,6,53,8,88,96,149
07/20/2004,GLH,MS,ASO,CE,Federal Contract Tower,0,3,6,6,15,0,0,21,4,25,0,3,27,10,40,10,70,80,120
07/21/2004,GLH,MS,ASO,CE,Federal Contract Tower,0,5,9,8,22,0,0,19,0,19,0,5,28,8,41,8,76,84,125
07/22/2004,GLH,MS,ASO,CE,Federal Contract Tower,0,5,8,5,18,0,3,22,0,25,0,8,30,5,43,29,16,45,88
07/23/2004,GLH,MS,ASO,CE,Federal Contract Tower,0,3,10,6,19,0,0,38,0,38,0,3,48,6,57,38,50,88,145
07/24/2004,GLH,MS,ASO,CE,Federal Contract Tower,0,3,4,0,7,0,0,34,0,34,0,3,38,0,41,12,0,12,53
07/25/2004,GLH,MS,ASO,CE,Federal Contract Tower,0,3,6,2,11,0,7,11,0,18,0,10,17,2,29,0,0,0,29
07/26/2004,GLH,MS,ASO,CE,Federal Contract Tower,0,2,3,3,8,0,1,16,1,18,0,3,19,4,26,12,4,16,42
07/27/2004,GLH,MS,ASO,CE,Federal Contract Tower,0,3,15,15,33,0,0,24,3,27,0,3,39,18,60,42,232,274,334
07/28/2004,GLH,MS,ASO,CE,Federal Contract Tower,0,6,9,7,22,0,4,31,0,35,0,10,40,7,57,32,46,78,135
07/29/2004,GLH,MS,ASO,CE,Federal Contract Tower,0,4,7,2,13,0,0,28,0,28,0,4,35,2,41,56,30,86,127
07/30/2004,GLH,MS,ASO,CE,Federal Contract Tower,0,3,7,8,18,0,0,6,0,6,0,3,13,8,24,2,72,74,98
07/31/2004,GLH,MS,ASO,CE,Federal Contract Tower,0,2,3,0,5,0,2,23,0,25,0,4,26,0,30,12,0,12,42
08/01/2004,GLH,MS,ASO,CE,Federal Contract Tower,0,2,4,2,8,0,0,25,0,25,0,2,29,2,33,4,6,10,43
08/02/2004,GLH,MS,ASO,CE,Federal Contract Tower,0,3,6,4,13,0,0,29,0,29,0,3,35,4,42,18,60,78,120
08/03/2004,GLH,MS,ASO,CE,Federal Contract Tower,0,4,3,5,12,0,0,33,1,34,0,4,36,6,46,6,14,20,66
08/04/2004,GLH,MS,ASO,CE,Federal Contract Tower,0,4,8,8,20,0,0,32,0,32,0,4,40,8,52,16,70,86,138
08/05/2004,GLH,MS,ASO,CE,Federal Contract Tower,0,3,7,8,18,0,0,18,0,18,0,3,25,8,36,10,72,82,118
08/06/2004,GLH,MS,ASO,CE,Federal Contract Tower,0,4,9,8,21,0,0,27,0,27,0,4,36,8,48,8,120,128,176
08/07/2004,GLH,MS,ASO,CE,Federal Contract Tower,0,3,3,0,6,0,4,22,0,26,0,7,25,0,32,0,0,0,32
08/08/2004,GLH,MS,ASO,CE,Federal Contract Tower,0,2,2,0,4,0,0,23,0,23,0,2,25,0,27,0,0,0,27
08/09/2004,GLH,MS,ASO,CE,Federal Contract Tower,0,7,10,7,24,0,4,16,0,20,0,11,26,7,44,2,50,52,96
08/10/2004,GLH,MS,ASO,CE,Federal Contract Tower,0,5,9,10,24,0,0,28,2,30,0,5,37,12,54,6,118,124,178
08/11/2004,GLH,MS,ASO,CE,Federal Contract Tower,0,5,10,10,25,0,0,28,0,28,0,5,38,10,53,0,70,70,123
08/12/2004,GLH,MS,ASO,CE,Federal Contract Tower,0,3,6,4,13,0,0,24,0,24,0,3,30,4,37,14,70,84,121
08/13/2004,GLH,MS,ASO,CE,Federal Contract Tower,0,6,10,6,22,0,7,4,0,11,0,13,14,6,33,4,78,82,115
08/14/2004,GLH,MS,ASO,CE,Federal Contract Tower,0,2,5,0,7,0,2,17,0,19,0,4,22,0,26,0,0,0,26
08/15/2004,GLH,MS,ASO,CE,Federal Contract Tower,0,1,3,2,6,0,1,24,0,25,0,2,27,2,31,10,0,10,41
08/16/2004,GLH,MS,ASO,CE,Federal Contract Tower,0,7,12,11,30,0,4,15,5,24,0,11,27,16,54,8,112,120,174
08/17/2004,GLH,MS,ASO,CE,Federal Contract Tower,0,3,11,10,24,0,0,24,4,28,0,3,35,14,52,10,144,154,206
08/18/2004,GLH,MS,ASO,CE,Federal Contract Tower,0,4,14,13,31,0,0,17,0,17,0,4,31,13,48,12,142,154,202
08/19/2004,GLH,MS,ASO,CE,Federal Contract Tower,0,5,9,5,19,0,4,20,0,24,0,9,29,5,43,0,18,18,61
08/20/2004,GLH,MS,ASO,CE,Federal Contract Tower,0,4,7,2,13,0,0,2,0,2,0,4,9,2,15,0,0,0,15
08/21/2004,GLH,MS,ASO,CE,Federal Contract Tower,0,2,5,0,7,0,2,3,0,5,0,4,8,0,12,0,0,0,12
08/22/2004,GLH,MS,ASO,CE,Federal Contract Tower,0,2,4,2,8,0,0,9,0,9,0,2,13,2,17,0,0,0,17
08/23/2004,GLH,MS,ASO,CE,Federal Contract Tower,0,5,8,4,17,0,7,8,0,15,0,12,16,4,32,0,54,54,86
08/24/2004,GLH,MS,ASO,CE,Federal Contract Tower,0,7,12,11,30,0,1,2,1,4,0,8,14,12,34,0,92,92,126
08/25/2004,GLH,MS,ASO,CE,Federal Contract Tower,0,4,15,14,33,0,0,4,10,14,0,4,19,24,47,2,192,194,241
08/26/2004,GLH,MS,ASO,CE,Federal Contract Tower,0,6,10,8,24,0,0,15,0,15,0,6,25,8,39,6,88,94,133
08/27/2004,GLH,MS,ASO,CE,Federal Contract Tower,0,5,9,6,20,0,1,20,0,21,0,6,29,6,41,8,44,52,93
08/28/2004,GLH,MS,ASO,CE,Federal Contract Tower,0,1,2,0,3,0,2,8,0,10,0,3,10,0,13,0,0,0,13
08/29/2004,GLH,MS,ASO,CE,Federal Contract Tower,0,2,7,2,11,0,0,11,0,11,0,2,18,2,22,0,0,0,22
08/30/2004,GLH,MS,ASO,CE,Federal Contract Tower,0,4,10,10,24,0,0,32,1,33,0,4,42,11,57,8,46,54,111
08/31/2004,GLH,MS,ASO,CE,Federal Contract Tower,0,2,4,2,8,0,2,27,0,29,0,4,31,2,37,12,12,24,61
09/01/2004,GLH,MS,ASO,CE,Federal Contract Tower,0,4,7,7,18,0,1,19,14,34,0,5,26,21,52,4,50,54,106
09/02/2004,GLH,MS,ASO,CE,Federal Contract Tower,0,4,5,6,15,0,1,30,0,31,0,5,35,6,46,10,56,66,112
09/03/2004,GLH,MS,ASO,CE,Federal Contract Tower,0,4,5,0,9,0,0,15,0,15,0,4,20,0,24,18,0,18,42
09/04/2004,GLH,MS,ASO,CE,Federal Contract Tower,0,3,3,2,8,0,1,15,0,16,0,4,18,2,24,2,16,18,42
09/05/2004,GLH,MS,ASO,CE,Federal Contract Tower,0,2,1,0,3,0,0,12,0,12,0,2,13,0,15,4,0,4,19
09/06/2004,GLH,MS,ASO,CE,Federal Contract Tower,0,3,0,0,3,0,1,15,0,16,0,4,15,0,19,0,0,0,19
09/07/2004,GLH,MS,ASO,CE,Federal Contract Tower,0,5,12,13,30,0,0,10,10,20,0,5,22,23,50,0,154,154,204
09/08/2004,GLH,MS,ASO,CE,Federal Contract Tower,0,4,9,9,22,0,0,19,13,32,0,4,28,22,54,22,126,148,202
09/09/2004,GLH,MS,ASO,CE,Federal Contract Tower,0,5,11,9,25,0,0,28,11,39,0,5,39,20,64,18,94,112,176
09/10/2004,GLH,MS,ASO,CE,Federal Contract Tower,0,5,9,7,21,0,1,15,8,24,0,6,24,15,45,26,102,128,173
09/11/2004,GLH,MS,ASO,CE,Federal Contract Tower,0,2,4,1,7,0,4,33,0,37,0,6,37,1,44,16,0,16,60
09/12/2004,GLH,MS,ASO,CE,Federal Contract Tower,0,2,5,4,11,0,2,14,0,16,0,4,19,4,27,26,0,26,53
09/13/2004,GLH,MS,ASO,CE,Federal Contract Tower,0,3,10,9,22,0,0,21,3,24,0,3,31,12,46,16,134,150,196
09/14/2004,GLH,MS,ASO,CE,Federal Contract Tower,0,4,13,12,29,0,0,19,13,32,0,4,32,25,61,10,256,266,327
09/15/2004,GLH,MS,ASO,CE,Federal Contract Tower,0,4,17,14,35,2,0,33,0,35,2,4,50,14,70,14,152,166,236
09/16/2004,GLH,MS,ASO,CE,Federal Contract Tower,0,2,6,2,10,2,3,2,0,7,2,5,8,2,17,0,12,12,29
09/17/2004,GLH,MS,ASO,CE,Federal Contract Tower,0,3,9,9,21,0,0,25,3,28,0,3,34,12,49,20,118,138,187
09/18/2004,GLH,MS,ASO,CE,Federal Contract Tower,0,2,5,1,8,0,2,30,0,32,0,4,35,1,40,2,8,10,50
09/19/2004,GLH,MS,ASO,CE,Federal Contract Tower,0,1,2,2,5,0,1,12,2,15,0,2,14,4,20,0,2,2,22
09/20/2004,GLH,MS,ASO,CE,Federal Contract Tower,0,4,11,11,26,0,0,18,1,19,0,4,29,12,45,4,156,160,205
09/21/2004,GLH,MS,ASO,CE,Federal Contract Tower,0,3,14,12,29,0,0,24,8,32,0,3,38,20,61,10,204,214,275
09/22/2004,GLH,MS,ASO,CE,Federal Contract Tower,0,4,17,10,31,0,0,25,0,25,0,4,42,10,56,4,108,112,168
09/23/2004,GLH,MS,ASO,CE,Federal Contract Tower,0,3,6,4,13,0,1,26,0,27,0,4,32,4,40,8,20,28,68
09/24/2004,GLH,MS,ASO,CE,Federal Contract Tower,0,4,9,2,15,0,2,29,0,31,0,6,38,2,46,14,38,52,98
09/25/2004,GLH,MS,ASO,CE,Federal Contract Tower,0,3,7,0,10,0,1,23,0,24,0,4,30,0,34,6,0,6,40
09/26/2004,GLH,MS,ASO,CE,Federal Contract Tower,0,2,4,0,6,0,2,20,0,22,0,4,24,0,28,2,0,2,30
09/27/2004,GLH,MS,ASO,CE,Federal Contract Tower,0,4,10,9,23,0,1,25,3,29,0,5,35,12,52,6,88,94,146
09/28/2004,GLH,MS,ASO,CE,Federal Contract Tower,0,2,5,4,11,0,1,31,1,33,0,3,36,5,44,6,50,56,100
09/29/2004,GLH,MS,ASO,CE,Federal Contract Tower,0,2,6,0,8,0,3,37,0,40,0,5,43,0,48,14,0,14,62
09/30/2004,GLH,MS,ASO,CE,Federal Contract Tower,0,3,6,0,9,0,2,51,0,53,0,5,57,0,62,22,0,22,84
10/01/2004,GLH,MS,ASO,CE,Federal Contract Tower,2,3,10,8,23,0,1,9,0,10,2,4,19,8,33,6,116,122,155
10/02/2004,GLH,MS,ASO,CE,Federal Contract Tower,0,3,3,0,6,0,1,2,0,3,0,4,5,0,9,0,0,0,9
10/03/2004,GLH,MS,ASO,CE,Federal Contract Tower,0,4,8,0,12,0,0,16,0,16,0,4,24,0,28,0,0,0,28
10/04/2004,GLH,MS,ASO,CE,Federal Contract Tower,0,3,5,11,19,0,0,25,1,26,0,3,30,12,45,20,164,184,229
10/05/2004,GLH,MS,ASO,CE,Federal Contract Tower,0,3,11,8,22,0,1,17,0,18,0,4,28,8,40,8,118,126,166
10/06/2004,GLH,MS,ASO,CE,Federal Contract Tower,0,9,11,10,30,0,1,13,0,14,0,10,24,10,44,18,132,150,194
10/07/2004,GLH,MS,ASO,CE,Federal Contract Tower,0,3,10,14,27,0,1,9,0,10,0,4,19,14,37,0,180,180,217
10/08/2004,GLH,MS,ASO,CE,Federal Contract Tower,0,10,7,2,19,0,1,8,0,9,0,11,15,2,28,10,28,38,66
10/09/2004,GLH,MS,ASO,CE,Federal Contract Tower,0,5,1,0,6,0,0,0,0,0,0,5,1,0,6,0,0,0,6
10/10/2004,GLH,MS,ASO,CE,Federal Contract Tower,0,4,2,0,6,0,0,0,0,0,0,4,2,0,6,0,0,0,6
10/11/2004,GLH,MS,ASO,CE,Federal Contract Tower,0,6,12,0,18,0,0,5,0,5,0,6,17,0,23,8,0,8,31
10/12/2004,GLH,MS,ASO,CE,Federal Contract Tower,0,9,7,18,34,0,0,16,0,16,0,9,23,18,50,4,90,94,144
10/13/2004,GLH,MS,ASO,CE,Federal Contract Tower,0,7,5,16,28,0,0,28,0,28,0,7,33,16,56,20,122,142,198
10/14/2004,GLH,MS,ASO,CE,Federal Contract Tower,0,3,8,1,12,0,0,8,1,9,0,3,16,2,21,8,2,10,31
10/15/2004,GLH,MS,ASO,CE,Federal Contract Tower,0,7,9,6,22,0,1,31,2,34,0,8,40,8,56,16,54,70,126
10/16/2004,GLH,MS,ASO,CE,Federal Contract Tower,0,3,7,0,10,0,0,12,0,12,0,3,19,0,22,8,0,8,30
10/17/2004,GLH,MS,ASO,CE,Federal Contract Tower,0,2,13,6,21,0,0,17,2,19,0,2,30,8,40,2,14,16,56
10/18/2004,GLH,MS,ASO,CE,Federal Contract Tower,0,4,18,4,26,0,0,8,0,8,0,4,26,4,34,6,40,46,80
10/19/2004,GLH,MS,ASO,CE,Federal Contract Tower,0,6,14,4,24,0,0,11,0,11,0,6,25,4,35,2,12,14,49
10/20/2004,GLH,MS,ASO,CE,Federal Contract Tower,0,10,21,18,49,0,0,13,0,13,0,10,34,18,62,2,124,126,188
10/21/2004,GLH,MS,ASO,CE,Federal Contract Tower,0,9,6,7,22,0,0,10,0,10,0,9,16,7,32,2,70,72,104
10/22/2004,GLH,MS,ASO,CE,Federal Contract Tower,0,8,7,2,17,0,0,11,0,11,0,8,18,2,28,2,10,12,40
10/23/2004,GLH,MS,ASO,CE,Federal Contract Tower,0,6,3,0,9,0,0,0,0,0,0,6,3,0,9,0,0,0,9
10/24/2004,GLH,MS,ASO,CE,Federal Contract Tower,0,3,7,0,10,0,0,14,10,24,0,3,21,10,34,0,0,0,34
10/25/2004,GLH,MS,ASO,CE,Federal Contract Tower,0,3,19,0,22,0,0,13,0,13,0,3,32,0,35,10,0,10,45
10/26/2004,GLH,MS,ASO,CE,Federal Contract Tower,0,3,10,12,25,0,0,24,0,24,0,3,34,12,49,10,116,126,175
10/27/2004,GLH,MS,ASO,CE,Federal Contract Tower,0,4,7,21,32,0,1,17,1,19,0,5,24,22,51,4,148,152,203
10/28/2004,GLH,MS,ASO,CE,Federal Contract Tower,0,14,14,14,42,0,1,18,0,19,0,15,32,14,61,6,172,178,239
10/29/2004,GLH,MS,ASO,CE,Federal Contract Tower,0,4,21,8,33,0,2,16,0,18,0,6,37,8,51,4,48,52,103
10/30/2004,GLH,MS,ASO,CE,Federal Contract Tower,0,3,3,0,6,0,2,8,0,10,0,5,11,0,16,0,0,0,16
10/31/2004,GLH,MS,ASO,CE,Federal Contract Tower,0,3,2,0,5,0,0,0,0,0,0,3,2,0,5,0,0,0,5
11/01/2004,GLH,MS,ASO,CE,Federal Contract Tower,0,4,0,6,10,0,0,2,0,2,0,4,2,6,12,12,58,70,82
11/02/2004,GLH,MS,ASO,CE,Federal Contract Tower,0,5,3,0,8,0,1,1,0,2,0,6,4,0,10,2,0,2,12
11/03/2004,GLH,MS,ASO,CE,Federal Contract Tower,0,4,14,0,18,0,0,2,0,2,0,4,16,0,20,0,0,0,20
11/04/2004,GLH,MS,ASO,CE,Federal Contract Tower,0,5,4,4,13,0,0,26,0,26,0,5,30,4,39,20,44,64,103
11/05/2004,GLH,MS,ASO,CE,Federal Contract Tower,0,4,11,12,27,0,1,56,0,57,0,5,67,12,84,38,128,166,250
11/06/2004,GLH,MS,ASO,CE,Federal Contract Tower,0,3,3,0,6,0,0,20,0,20,0,3,23,0,26,16,0,16,42
11/07/2004,GLH,MS,ASO,CE,Federal Contract Tower,0,2,6,0,8,0,0,24,0,24,0,2,30,0,32,6,0,6,38
11/08/2004,GLH,MS,ASO,CE,Federal Contract Tower,0,3,14,4,21,0,0,38,0,38,0,3,52,4,59,22,64,86,145
11/09/2004,GLH,MS,ASO,CE,Federal Contract Tower,0,3,12,8,23,0,0,36,0,36,0,3,48,8,59,12,70,82,141
11/10/2004,GLH,MS,ASO,CE,Federal Contract Tower,0,4,9,10,23,0,1,25,0,26,0,5,34,10,49,26,164,190,239
11/11/2004,GLH,MS,ASO,CE,Federal Contract Tower,0,4,13,0,17,0,0,5,0,5,0,4,18,0,22,2,0,2,24
11/12/2004,GLH,MS,ASO,CE,Federal Contract Tower,1,3,9,4,17,0,3,5,0,8,1,6,14,4,25,4,22,26,51
11/13/2004,GLH,MS,ASO,CE,Federal Contract Tower,2,5,9,0,16,0,0,17,0,17,2,5,26,0,33,4,0,4,37
11/14/2004,GLH,MS,ASO,CE,Federal Contract Tower,0,2,8,2,12,0,0,11,0,11,0,2,19,2,23,0,4,4,27
11/15/2004,GLH,MS,ASO,CE,Federal Contract Tower,0,3,13,6,22,0,0,40,0,40,0,3,53,6,62,18,68,86,148
11/16/2004,GLH,MS,ASO,CE,Federal Contract Tower,0,3,7,2,12,0,0,46,0,46,0,3,53,2,58,52,32,84,142
11/17/2004,GLH,MS,ASO,CE,Federal Contract Tower,0,3,3,8,14,0,1,21,0,22,0,4,24,8,36,28,130,158,194
11/18/2004,GLH,MS,ASO,CE,Federal Contract Tower,0,4,16,14,34,0,0,7,0,7,0,4,23,14,41,4,146,150,191
11/19/2004,GLH,MS,ASO,CE,Federal Contract Tower,0,4,10,0,14,0,0,3,0,3,0,4,13,0,17,4,0,4,21
11/20/2004,GLH,MS,ASO,CE,Federal Contract Tower,0,4,4,0,8,0,0,5,0,5,0,4,9,0,13,0,0,0,13
11/21/2004,GLH,MS,ASO,CE,Federal Contract Tower,0,2,4,0,6,0,0,0,0,0,0,2,4,0,6,0,0,0,6
11/22/2004,GLH,MS,ASO,CE,Federal Contract Tower,0,3,5,0,8,0,0,0,0,0,0,3,5,0,8,0,0,0,8
11/23/2004,GLH,MS,ASO,CE,Federal Contract Tower,0,6,7,2,15,0,0,1,2,3,0,6,8,4,18,0,4,4,22
11/24/2004,GLH,MS,ASO,CE,Federal Contract Tower,0,3,17,4,24,0,1,4,0,5,0,4,21,4,29,0,64,64,93
11/25/2004,GLH,MS,ASO,CE,Federal Contract Tower,0,3,3,0,6,0,0,17,0,17,0,3,20,0,23,0,0,0,23
11/26/2004,GLH,MS,ASO,CE,Federal Contract Tower,0,5,7,0,12,0,0,14,0,14,0,5,21,0,26,0,0,0,26
11/27/2004,GLH,MS,ASO,CE,Federal Contract Tower,0,4,3,0,7,0,0,1,0,1,0,4,4,0,8,0,0,0,8
11/28/2004,GLH,MS,ASO,CE,Federal Contract Tower,0,3,4,0,7,0,0,16,0,16,0,3,20,0,23,0,0,0,23
11/29/2004,GLH,MS,ASO,CE,Federal Contract Tower,0,4,12,4,20,0,0,17,0,17,0,4,29,4,37,28,132,160,197
11/30/2004,GLH,MS,ASO,CE,Federal Contract Tower,0,4,9,2,15,0,0,6,0,6,0,4,15,2,21,4,2,6,27
12/01/2004,GLH,MS,ASO,CE,Federal Contract Tower,0,6,7,10,23,0,0,36,0,36,0,6,43,10,59,44,114,158,217
12/02/2004,GLH,MS,ASO,CE,Federal Contract Tower,0,5,4,2,11,0,1,29,0,30,0,6,33,2,41,24,32,56,97
12/03/2004,GLH,MS,ASO,CE,Federal Contract Tower,0,6,7,12,25,0,0,22,0,22,0,6,29,12,47,22,110,132,179
12/04/2004,GLH,MS,ASO,CE,Federal Contract Tower,1,7,1,0,9,0,0,16,0,16,1,7,17,0,25,8,0,8,33
12/05/2004,GLH,MS,ASO,CE,Federal Contract Tower,0,2,2,0,4,0,0,0,0,0,0,2,2,0,4,0,0,0,4
12/06/2004,GLH,MS,ASO,CE,Federal Contract Tower,0,4,12,6,22,0,0,0,0,0,0,4,12,6,22,0,10,10,32
12/07/2004,GLH,MS,ASO,CE,Federal Contract Tower,0,4,8,10,22,0,1,22,0,23,0,5,30,10,45,22,100,122,167
12/08/2004,GLH,MS,ASO,CE,Federal Contract Tower,0,3,17,13,33,0,1,34,1,36,0,4,51,14,69,12,114,126,195
12/09/2004,GLH,MS,ASO,CE,Federal Contract Tower,1,4,13,8,26,0,0,10,0,10,1,4,23,8,36,12,66,78,114
12/10/2004,GLH,MS,ASO,CE,Federal Contract Tower,0,7,7,8,22,0,0,5,0,5,0,7,12,8,27,0,116,116,143
12/11/2004,GLH,MS,ASO,CE,Federal Contract Tower,2,6,6,0,14,0,0,14,0,14,2,6,20,0,28,2,0,2,30
12/12/2004,GLH,MS,ASO,CE,Federal Contract Tower,0,2,6,0,8,0,0,13,0,13,0,2,19,0,21,4,0,4,25
12/13/2004,GLH,MS,ASO,CE,Federal Contract Tower,0,5,1,7,13,0,0,13,3,16,0,5,14,10,29,14,74,88,117
12/14/2004,GLH,MS,ASO,CE,Federal Contract Tower,0,5,8,4,17,0,0,29,0,29,0,5,37,4,46,14,90,104,150
12/15/2004,GLH,MS,ASO,CE,Federal Contract Tower,0,6,10,8,24,0,1,25,0,26,0,7,35,8,50,10,76,86,136
12/16/2004,GLH,MS,ASO,CE,Federal Contract Tower,0,8,6,2,16,0,1,14,0,15,0,9,20,2,31,4,38,42,73
12/17/2004,GLH,MS,ASO,CE,Federal Contract Tower,0,7,3,6,16,0,1,22,0,23,0,8,25,6,39,4,90,94,133
12/18/2004,GLH,MS,ASO,CE,Federal Contract Tower,0,6,4,0,10,0,0,20,0,20,0,6,24,0,30,10,0,10,40
12/19/2004,GLH,MS,ASO,CE,Federal Contract Tower,0,2,6,0,8,0,0,7,0,7,0,2,13,0,15,0,0,0,15
12/20/2004,GLH,MS,ASO,CE,Federal Contract Tower,0,5,4,0,9,0,0,14,0,14,0,5,18,0,23,8,0,8,31
12/21/2004,GLH,MS,ASO,CE,Federal Contract Tower,0,5,9,6,20,0,0,19,0,19,0,5,28,6,39,18,74,92,131
12/22/2004,GLH,MS,ASO,CE,Federal Contract Tower,0,3,0,0,3,0,0,0,0,0,0,3,0,0,3,0,0,0,3
12/23/2004,GLH,MS,ASO,CE,Federal Contract Tower,0,1,6,0,7,0,0,6,0,6,0,1,12,0,13,0,0,0,13
12/24/2004,GLH,MS,ASO,CE,Federal Contract Tower,0,2,4,0,6,0,1,12,0,13,0,3,16,0,19,2,0,2,21
12/25/2004,GLH,MS,ASO,CE,Federal Contract Tower,0,3,1,0,4,0,0,10,0,10,0,3,11,0,14,2,0,2,16
12/26/2004,GLH,MS,ASO,CE,Federal Contract Tower,0,2,4,0,6,0,0,13,0,13,0,2,17,0,19,6,0,6,25
12/27/2004,GLH,MS,ASO,CE,Federal Contract Tower,0,3,5,0,8,0,0,11,0,11,0,3,16,0,19,4,0,4,23
12/28/2004,GLH,MS,ASO,CE,Federal Contract Tower,0,4,4,0,8,0,0,29,0,29,0,4,33,0,37,2,0,2,39
12/29/2004,GLH,MS,ASO,CE,Federal Contract Tower,0,3,10,0,13,0,0,20,0,20,0,3,30,0,33,14,0,14,47
12/30/2004,GLH,MS,ASO,CE,Federal Contract Tower,0,3,3,0,6,0,0,8,0,8,0,3,11,0,14,10,0,10,24
12/31/2004,GLH,MS,ASO,CE,Federal Contract Tower,0,4,1,0,5,0,0,6,0,6,0,4,7,0,11,8,0,8,19
01/01/2005,GLH,MS,ASO,CE,Federal Contract Tower,0,3,1,0,4,0,0,0,0,0,0,3,1,0,4,0,0,0,4
01/02/2005,GLH,MS,ASO,CE,Federal Contract Tower,0,5,2,0,7,0,0,0,0,0,0,5,2,0,7,0,0,0,7
01/03/2005,GLH,MS,ASO,CE,Federal Contract Tower,0,5,8,10,23,0,0,8,0,8,0,5,16,10,31,0,126,126,157
01/04/2005,GLH,MS,ASO,CE,Federal Contract Tower,0,4,2,10,16,0,0,9,0,9,0,4,11,10,25,4,62,66,91
01/05/2005,GLH,MS,ASO,CE,Federal Contract Tower,0,5,6,2,13,0,2,7,0,9,0,7,13,2,22,4,34,38,60
01/06/2005,GLH,MS,ASO,CE,Federal Contract Tower,0,3,18,8,29,0,1,18,0,19,0,4,36,8,48,12,74,86,134
01/07/2005,GLH,MS,ASO,CE,Federal Contract Tower,0,5,11,0,16,0,0,1,0,1,0,5,12,0,17,2,0,2,19
01/08/2005,GLH,MS,ASO,CE,Federal Contract Tower,0,4,3,0,7,0,0,5,0,5,0,4,8,0,12,0,0,0,12
01/09/2005,GLH,MS,ASO,CE,Federal Contract Tower,0,5,13,0,18,0,0,13,0,13,0,5,26,0,31,0,0,0,31
01/10/2005,GLH,MS,ASO,CE,Federal Contract Tower,0,3,16,2,21,0,0,21,0,21,0,3,37,2,42,26,26,52,94
01/11/2005,GLH,MS,ASO,CE,Federal Contract Tower,0,4,11,0,15,0,0,4,0,4,0,4,15,0,19,0,0,0,19
01/12/2005,GLH,MS,ASO,CE,Federal Contract Tower,0,5,4,2,11,0,0,5,0,5,0,5,9,2,16,0,10,10,26
01/13/2005,GLH,MS,ASO,CE,Federal Contract Tower,0,3,5,6,14,0,1,2,0,3,0,4,7,6,17,0,96,96,113
01/14/2005,GLH,MS,ASO,CE,Federal Contract Tower,0,5,5,10,20,0,1,33,0,34,0,6,38,10,54,14,86,100,154
01/15/2005,GLH,MS,ASO,CE,Federal Contract Tower,0,6,13,0,19,0,0,20,0,20,0,6,33,0,39,4,0,4,43
01/16/2005,GLH,MS,ASO,CE,Federal Contract Tower,0,4,6,0,10,0,0,12,0,12,0,4,18,0,22,0,0,0,22
01/17/2005,GLH,MS,ASO,CE,Federal Contract Tower,0,3,3,0,6,0,0,31,0,31,0,3,34,0,37,8,0,8,45
01/18/2005,GLH,MS,ASO,CE,Federal Contract Tower,0,6,12,6,24,0,0,29,2,31,0,6,41,8,55,28,96,124,179
01/19/2005,GLH,MS,ASO,CE,Federal Contract Tower,0,5,5,8,18,0,1,25,0,26,0,6,30,8,44,8,136,144,188
01/20/2005,GLH,MS,ASO,CE,Federal Contract Tower,1,3,6,13,23,0,0,12,0,12,1,3,18,13,35,22,140,162,197
01/21/2005,GLH,MS,ASO,CE,Federal Contract Tower,1,3,1,8,13,0,0,26,0,26,1,3,27,8,39,24,44,68,107
01/22/2005,GLH,MS,ASO,CE,Federal Contract Tower,0,3,3,0,6,0,0,3,0,3,0,3,6,0,9,2,0,2,11
01/23/2005,GLH,MS,ASO,CE,Federal Contract Tower,0,3,5,0,8,0,0,8,0,8,0,3,13,0,16,16,0,16,32
01/24/2005,GLH,MS,ASO,CE,Federal Contract Tower,0,4,7,14,25,0,0,23,0,23,0,4,30,14,48,10,164,174,222
01/25/2005,GLH,MS,ASO,CE,Federal Contract Tower,0,3,5,10,18,0,0,32,0,32,0,3,37,10,50,42,118,160,210
01/26/2005,GLH,MS,ASO,CE,Federal Contract Tower,0,3,6,6,15,0,0,21,0,21,0,3,27,6,36,12,72,84,120
01/27/2005,GLH,MS,ASO,CE,Federal Contract Tower,0,4,1,6,11,0,0,15,0,15,0,4,16,6,26,8,86,94,120
01/28/2005,GLH,MS,ASO,CE,Federal Contract Tower,0,4,6,1,11,0,0,4,1,5,0,4,10,2,16,6,30,36,52
01/29/2005,GLH,MS,ASO,CE,Federal Contract Tower,0,5,3,0,8,0,0,2,0,2,0,5,5,0,10,0,0,0,10
01/30/2005,GLH,MS,ASO,CE,Federal Contract Tower,0,3,11,0,14,0,0,5,0,5,0,3,16,0,19,4,0,4,23
01/31/2005,GLH,MS,ASO,CE,Federal Contract Tower,0,3,5,0,8,0,0,3,0,3,0,3,8,0,11,0,0,0,11
02/01/2005,GLH,MS,ASO,CE,Federal Contract Tower,0,3,5,0,8,0,0,1,0,1,0,3,6,0,9,2,0,2,11
02/02/2005,GLH,MS,ASO,CE,Federal Contract Tower,0,3,10,2,15,0,0,0,0,0,0,3,10,2,15,0,10,10,25
02/03/2005,GLH,MS,ASO,CE,Federal Contract Tower,0,4,11,8,23,0,0,3,0,3,0,4,14,8,26,4,86,90,116
02/04/2005,GLH,MS,ASO,CE,Federal Contract Tower,0,3,8,7,18,0,1,17,20,38,0,4,25,27,56,6,64,70,126
02/05/2005,GLH,MS,ASO,CE,Federal Contract Tower,0,3,3,0,6,0,0,18,4,22,0,3,21,4,28,2,0,2,30
02/06/2005,GLH,MS,ASO,CE,Federal Contract Tower,0,3,5,0,8,0,0,9,0,9,0,3,14,0,17,0,0,0,17
02/07/2005,GLH,MS,ASO,CE,Federal Contract Tower,0,4,9,8,21,0,0,6,0,6,0,4,15,8,27,6,58,64,91
02/08/2005,GLH,MS,ASO,CE,Federal Contract Tower,0,3,2,0,5,0,0,5,0,5,0,3,7,0,10,6,0,6,16
02/09/2005,GLH,MS,ASO,CE,Federal Contract Tower,0,5,7,0,12,0,0,5,1,6,0,5,12,1,18,4,0,4,22
02/10/2005,GLH,MS,ASO,CE,Federal Contract Tower,0,4,5,6,15,0,0,24,1,25,0,4,29,7,40,22,56,78,118
02/11/2005,GLH,MS,ASO,CE,Federal Contract Tower,0,3,5,2,10,0,1,28,0,29,0,4,33,2,39,14,34,48,87
02/12/2005,GLH,MS,ASO,CE,Federal Contract Tower,0,3,4,0,7,0,0,26,0,26,0,3,30,0,33,28,0,28,61
02/13/2005,GLH,MS,ASO,CE,Federal Contract Tower,0,3,3,0,6,0,0,2,0,2,0,3,5,0,8,4,0,4,12
02/14/2005,GLH,MS,ASO,CE,Federal Contract Tower,0,3,4,20,27,0,0,43,4,47,0,3,47,24,74,20,218,238,312
02/15/2005,GLH,MS,ASO,CE,Federal Contract Tower,0,3,20,12,35,0,0,22,0,22,0,3,42,12,57,18,128,146,203
02/16/2005,GLH,MS,ASO,CE,Federal Contract Tower,0,3,7,16,26,0,0,16,0,16,0,3,23,16,42,12,176,188,230
02/17/2005,GLH,MS,ASO,CE,Federal Contract Tower,0,4,5,2,11,0,0,35,0,35,0,4,40,2,46,10,34,44,90
02/18/2005,GLH,MS,ASO,CE,Federal Contract Tower,0,5,6,8,19,0,0,30,5,35,0,5,36,13,54,26,96,122,176
02/19/2005,GLH,MS,ASO,CE,Federal Contract Tower,0,1,2,0,3,0,0,4,0,4,0,1,6,0,7,0,0,0,7
02/20/2005,GLH,MS,ASO,CE,Federal Contract Tower,0,3,2,0,5,0,0,0,0,0,0,3,2,0,5,0,0,0,5
02/21/2005,GLH,MS,ASO,CE,Federal Contract Tower,0,3,11,0,14,0,0,8,0,8,0,3,19,0,22,6,0,6,28
02/22/2005,GLH,MS,ASO,CE,Federal Contract Tower,0,4,8,4,16,0,0,6,0,6,0,4,14,4,22,4,12,16,38
02/23/2005,GLH,MS,ASO,CE,Federal Contract Tower,0,4,9,0,13,0,0,3,0,3,0,4,12,0,16,0,0,0,16
02/24/2005,GLH,MS,ASO,CE,Federal Contract Tower,0,4,18,1,23,0,0,1,1,2,0,4,19,2,25,4,0,4,29
02/25/2005,GLH,MS,ASO,CE,Federal Contract Tower,0,3,7,4,14,0,0,32,2,34,0,3,39,6,48,30,54,84,132
02/26/2005,GLH,MS,ASO,CE,Federal Contract Tower,0,1,12,0,13,0,0,18,0,18,0,1,30,0,31,38,0,38,69
02/27/2005,GLH,MS,ASO,CE,Federal Contract Tower,0,3,7,0,10,0,0,7,0,7,0,3,14,0,17,6,0,6,23
02/28/2005,GLH,MS,ASO,CE,Federal Contract Tower,0,3,10,1,14,0,0,33,1,34,0,3,43,2,48,16,54,70,118
03/01/2005,GLH,MS,ASO,CE,Federal Contract Tower,0,4,13,4,21,0,0,24,0,24,0,4,37,4,45,26,32,58,103
03/02/2005,GLH,MS,ASO,CE,Federal Contract Tower,0,3,1,4,8,0,0,25,0,25,0,3,26,4,33,36,50,86,119
03/03/2005,GLH,MS,ASO,CE,Federal Contract Tower,0,3,4,2,9,0,0,2,2,4,0,3,6,4,13,0,22,22,35
03/04/2005,GLH,MS,ASO,CE,Federal Contract Tower,0,3,4,4,11,0,0,22,0,22,0,3,26,4,33,8,76,84,117
03/05/2005,GLH,MS,ASO,CE,Federal Contract Tower,0,1,3,4,8,0,0,21,0,21,0,1,24,4,29,0,70,70,99
03/06/2005,GLH,MS,ASO,CE,Federal Contract Tower,0,3,3,0,6,0,0,25,0,25,0,3,28,0,31,6,0,6,37
03/07/2005,GLH,MS,ASO,CE,Federal Contract Tower,0,3,2,2,7,0,0,0,0,0,0,3,2,2,7,0,2,2,9
03/08/2005,GLH,MS,ASO,CE,Federal Contract Tower,0,3,0,0,3,0,0,20,0,20,0,3,20,0,23,30,0,30,53
03/09/2005,GLH,MS,ASO,CE,Federal Contract Tower,0,3,3,8,14,0,0,8,0,8,0,3,11,8,22,4,68,72,94
03/10/2005,GLH,MS,ASO,CE,Federal Contract Tower,0,3,6,6,15,0,1,21,0,22,0,4,27,6,37,24,54,78,115
03/11/2005,GLH,MS,ASO,CE,Federal Contract Tower,0,3,3,8,14,0,1,8,0,9,0,4,11,8,23,4,74,78,101
03/12/2005,GLH,MS,ASO,CE,Federal Contract Tower,0,1,5,0,6,0,0,7,0,7,0,1,12,0,13,28,0,28,41
03/13/2005,GLH,MS,ASO,CE,Federal Contract Tower,0,4,3,0,7,0,0,6,0,6,0,4,9,0,13,4,0,4,17
03/14/2005,GLH,MS,ASO,CE,Federal Contract Tower,0,3,2,4,9,0,0,18,2,20,0,3,20,6,29,8,92,100,129
03/15/2005,GLH,MS,ASO,CE,Federal Contract Tower,0,3,2,9,14,0,1,11,1,13,0,4,13,10,27,2,98,100,127
03/16/2005,GLH,MS,ASO,CE,Federal Contract Tower,0,4,3,3,10,0,0,0,3,3,0,4,3,6,13,0,18,18,31
03/17/2005,GLH,MS,ASO,CE,Federal Contract Tower,0,4,6,8,18,0,0,20,0,20,0,4,26,8,38,16,96,112,150
03/18/2005,GLH,MS,ASO,CE,Federal Contract Tower,0,2,9,8,19,0,0,22,0,22,0,2,31,8,41,12,106,118,159
03/19/2005,GLH,MS,ASO,CE,Federal Contract Tower,0,1,3,0,4,0,1,4,0,5,0,2,7,0,9,2,0,2,11
03/20/2005,GLH,MS,ASO,CE,Federal Contract Tower,0,3,7,0,10,0,0,7,0,7,0,3,14,0,17,8,0,8,25
03/21/2005,GLH,MS,ASO,CE,Federal Contract Tower,0,3,4,0,7,0,0,8,0,8,0,3,12,0,15,2,0,2,17
03/22/2005,GLH,MS,ASO,CE,Federal Contract Tower,0,6,2,8,16,0,1,18,0,19,0,7,20,8,35,20,80,100,135
03/23/2005,GLH,MS,ASO,CE,Federal Contract Tower,1,3,6,2,12,0,0,22,0,22,1,3,28,2,34,0,30,30,64
03/24/2005,GLH,MS,ASO,CE,Federal Contract Tower,0,4,9,4,17,0,1,37,0,38,0,5,46,4,55,32,72,104,159
03/25/2005,GLH,MS,ASO,CE,Federal Contract Tower,0,4,6,6,16,0,1,16,0,17,0,5,22,6,33,6,58,64,97
03/26/2005,GLH,MS,ASO,CE,Federal Contract Tower,0,1,2,0,3,0,0,12,0,12,0,1,14,0,15,0,0,0,15
03/27/2005,GLH,MS,ASO,CE,Federal Contract Tower,0,3,1,0,4,0,0,0,0,0,0,3,1,0,4,0,0,0,4
03/28/2005,GLH,MS,ASO,CE,Federal Contract Tower,0,2,13,8,23,0,0,22,34,56,0,2,35,42,79,0,106,106,185
03/29/2005,GLH,MS,ASO,CE,Federal Contract Tower,0,3,8,18,29,0,0,33,0,33,0,3,41,18,62,14,184,198,260
03/30/2005,GLH,MS,ASO,CE,Federal Contract Tower,1,3,11,0,15,0,1,10,0,11,1,4,21,0,26,16,0,16,42
03/31/2005,GLH,MS,ASO,CE,Federal Contract Tower,0,3,17,8,28,0,0,21,0,21,0,3,38,8,49,14,118,132,181
04/01/2005,GLH,MS,ASO,CE,Federal Contract Tower,0,3,8,7,18,0,0,5,0,5,0,3,13,7,23,0,120,120,143
04/02/2005,GLH,MS,ASO,CE,Federal Contract Tower,0,1,2,0,3,0,0,21,0,21,0,1,23,0,24,0,0,0,24
04/03/2005,GLH,MS,ASO,CE,Federal Contract Tower,0,3,1,0,4,0,0,28,0,28,0,3,29,0,32,36,0,36,68
04/04/2005,GLH,MS,ASO,CE,Federal Contract Tower,0,2,7,4,13,0,0,22,0,22,0,2,29,4,35,2,54,56,91
04/05/2005,GLH,MS,ASO,CE,Federal Contract Tower,0,3,7,13,23,0,0,23,0,23,0,3,30,13,46,18,178,196,242
04/06/2005,GLH,MS,ASO,CE,Federal Contract Tower,0,3,1,0,4,0,1,3,0,4,0,4,4,0,8,0,0,0,8
04/07/2005,GLH,MS,ASO,CE,Federal Contract Tower,1,3,14,4,22,0,0,2,0,2,1,3,16,4,24,6,22,28,52
04/08/2005,GLH,MS,ASO,CE,Federal Contract Tower,0,3,12,8,23,0,0,7,0,7,0,3,19,8,30,8,118,126,156
04/09/2005,GLH,MS,ASO,CE,Federal Contract Tower,0,3,4,0,7,0,0,15,0,15,0,3,19,0,22,0,0,0,22
04/10/2005,GLH,MS,ASO,CE,Federal Contract Tower,0,4,5,0,9,0,0,15,0,15,0,4,20,0,24,0,0,0,24
04/11/2005,GLH,MS,ASO,CE,Federal Contract Tower,0,4,5,0,9,0,0,0,0,0,0,4,5,0,9,0,0,0,9
04/12/2005,GLH,MS,ASO,CE,Federal Contract Tower,0,3,6,2,11,0,0,14,0,14,0,3,20,2,25,8,18,26,51
04/13/2005,GLH,MS,ASO,CE,Federal Contract Tower,0,2,9,0,11,0,0,24,0,24,0,2,33,0,35,20,0,20,55
04/14/2005,GLH,MS,ASO,CE,Federal Contract Tower,0,2,7,4,13,0,0,22,0,22,0,2,29,4,35,18,36,54,89
04/15/2005,GLH,MS,ASO,CE,Federal Contract Tower,0,3,2,2,7,0,0,43,0,43,0,3,45,2,50,8,22,30,80
04/16/2005,GLH,MS,ASO,CE,Federal Contract Tower,0,3,1,0,4,0,0,19,0,19,0,3,20,0,23,0,0,0,23
04/17/2005,GLH,MS,ASO,CE,Federal Contract Tower,0,3,4,0,7,0,0,27,0,27,0,3,31,0,34,2,0,2,36
04/18/2005,GLH,MS,ASO,CE,Federal Contract Tower,0,3,8,0,11,0,0,37,0,37,0,3,45,0,48,26,0,26,74
04/19/2005,GLH,MS,ASO,CE,Federal Contract Tower,0,3,9,8,20,0,0,37,0,37,0,3,46,8,57,18,112,130,187
04/20/2005,GLH,MS,ASO,CE,Federal Contract Tower,0,3,3,8,14,0,0,43,0,43,0,3,46,8,57,22,152,174,231
04/21/2005,GLH,MS,ASO,CE,Federal Contract Tower,0,4,1,11,16,0,1,26,1,28,0,5,27,12,44,20,168,188,232
04/22/2005,GLH,MS,ASO,CE,Federal Contract Tower,0,5,6,0,11,0,0,9,8,17,0,5,15,8,28,8,0,8,36
04/23/2005,GLH,MS,ASO,CE,Federal Contract Tower,0,3,2,0,5,0,0,3,0,3,0,3,5,0,8,4,0,4,12
04/24/2005,GLH,MS,ASO,CE,Federal Contract Tower,0,3,4,0,7,0,0,12,0,12,0,3,16,0,19,16,0,16,35
04/25/2005,GLH,MS,ASO,CE,Federal Contract Tower,0,3,2,4,9,0,0,18,4,22,0,3,20,8,31,26,104,130,161
04/26/2005,GLH,MS,ASO,CE,Federal Contract Tower,2,4,1,12,19,0,0,8,0,8,2,4,9,12,27,0,80,80,107
04/27/2005,GLH,MS,ASO,CE,Federal Contract Tower,0,4,6,10,20,0,0,26,0,26,0,4,32,10,46,26,98,124,170
04/28/2005,GLH,MS,ASO,CE,Federal Contract Tower,0,3,8,1,12,0,0,18,1,19,0,3,26,2,31,4,2,6,37
04/29/2005,GLH,MS,ASO,CE,Federal Contract Tower,0,3,7,5,15,0,1,6,1,8,0,4,13,6,23,8,44,52,75
04/30/2005,GLH,MS,ASO,CE,Federal Contract Tower,0,3,2,0,5,0,0,0,0,0,0,3,2,0,5,0,0,0,5
05/01/2005,GLH,MS,ASO,CE,Federal Contract Tower,0,3,5,0,8,0,0,15,0,15,0,3,20,0,23,8,0,8,31
05/02/2005,GLH,MS,ASO,CE,Federal Contract Tower,0,5,12,2,19,0,0,28,0,28,0,5,40,2,47,20,84,104,151
05/03/2005,GLH,MS,ASO,CE,Federal Contract Tower,0,3,4,2,9,0,0,48,0,48,0,3,52,2,57,42,28,70,127
05/04/2005,GLH,MS,ASO,CE,Federal Contract Tower,0,3,13,2,18,0,0,14,0,14,0,3,27,2,32,4,82,86,118
05/05/2005,GLH,MS,ASO,CE,Federal Contract Tower,0,5,5,6,16,0,1,18,0,19,0,6,23,6,35,12,62,74,109
05/06/2005,GLH,MS,ASO,CE,Federal Contract Tower,0,4,3,6,13,0,0,27,0,27,0,4,30,6,40,38,54,92,132
05/07/2005,GLH,MS,ASO,CE,Federal Contract Tower,0,7,5,0,12,0,0,28,0,28,0,7,33,0,40,2,0,2,42
05/08/2005,GLH,MS,ASO,CE,Federal Contract Tower,0,5,5,0,10,0,0,12,0,12,0,5,17,0,22,0,0,0,22
05/09/2005,GLH,MS,ASO,CE,Federal Contract Tower,0,3,5,0,8,0,0,8,0,8,0,3,13,0,16,4,0,4,20
05/10/2005,GLH,MS,ASO,CE,Federal Contract Tower,2,1,8,4,15,0,0,18,4,22,2,1,26,8,37,12,40,52,89
05/11/2005,GLH,MS,ASO,CE,Federal Contract Tower,0,3,5,12,20,0,0,23,0,23,0,3,28,12,43,4,50,54,97
05/12/2005,GLH,MS,ASO,CE,Federal Contract Tower,0,3,4,6,13,0,0,16,0,16,0,3,20,6,29,10,28,38,67
05/13/2005,GLH,MS,ASO,CE,Federal Contract Tower,0,3,10,7,20,0,0,23,5,28,0,3,33,12,48,4,98,102,150
05/14/2005,GLH,MS,ASO,CE,Federal Contract Tower,0,4,6,0,10,0,0,9,2,11,0,4,15,2,21,0,0,0,21
05/15/2005,GLH,MS,ASO,CE,Federal Contract Tower,0,3,9,0,12,0,0,21,0,21,0,3,30,0,33,10,0,10,43
05/16/2005,GLH,MS,ASO,CE,Federal Contract Tower,0,3,5,2,10,0,0,22,0,22,0,3,27,2,32,10,38,48,80
05/17/2005,GLH,MS,ASO,CE,Federal Contract Tower,0,4,10,6,20,0,0,34,0,34,0,4,44,6,54,8,18,26,80
05/18/2005,GLH,MS,ASO,CE,Federal Contract Tower,0,3,6,6,15,0,0,24,0,24,0,3,30,6,39,0,64,64,103
05/19/2005,GLH,MS,ASO,CE,Federal Contract Tower,0,3,4,4,11,0,0,34,0,34,0,3,38,4,45,2,40,42,87
05/20/2005,GLH,MS,ASO,CE,Federal Contract Tower,0,3,5,6,14,0,0,28,0,28,0,3,33,6,42,6,56,62,104
05/21/2005,GLH,MS,ASO,CE,Federal Contract Tower,0,4,3,0,7,0,0,18,2,20,0,4,21,2,27,0,0,0,27
05/22/2005,GLH,MS,ASO,CE,Federal Contract Tower,0,3,1,0,4,0,0,7,0,7,0,3,8,0,11,4,0,4,15
05/23/2005,GLH,MS,ASO,CE,Federal Contract Tower,0,3,5,0,8,0,0,56,0,56,0,3,61,0,64,24,0,24,88
05/24/2005,GLH,MS,ASO,CE,Federal Contract Tower,0,3,3,6,12,0,0,29,0,29,0,3,32,6,41,0,48,48,89
05/25/2005,GLH,MS,ASO,CE,Federal Contract Tower,0,3,7,4,14,0,0,20,0,20,0,3,27,4,34,2,110,112,146
05/26/2005,GLH,MS,ASO,CE,Federal Contract Tower,0,3,6,7,16,0,0,13,5,18,0,3,19,12,34,6,44,50,84
05/27/2005,GLH,MS,ASO,CE,Federal Contract Tower,0,3,4,0,7,0,0,20,0,20,0,3,24,0,27,12,0,12,39
05/28/2005,GLH,MS,ASO,CE,Federal Contract Tower,0,3,0,0,3,0,0,0,0,0,0,3,0,0,3,0,0,0,3
05/29/2005,GLH,MS,ASO,CE,Federal Contract Tower,0,2,0,0,2,0,0,0,0,0,0,2,0,0,2,0,0,0,2
05/30/2005,GLH,MS,ASO,CE,Federal Contract Tower,0,3,2,0,5,0,0,0,0,0,0,3,2,0,5,0,0,0,5
05/31/2005,GLH,MS,ASO,CE,Federal Contract Tower,0,4,6,4,14,0,0,1,0,1,0,4,7,4,15,0,16,16,31
06/01/2005,GLH,MS,ASO,CE,Federal Contract Tower,2,5,7,8,22,0,0,30,0,30,2,5,37,8,52,6,80,86,138
06/02/2005,GLH,MS,ASO,CE,Federal Contract Tower,0,5,8,10,23,0,0,20,0,20,0,5,28,10,43,14,106,120,163
06/03/2005,GLH,MS,ASO,CE,Federal Contract Tower,0,4,5,14,23,0,0,13,0,13,0,4,18,14,36,14,144,158,194
06/04/2005,GLH,MS,ASO,CE,Federal Contract Tower,0,4,7,0,11,0,0,18,0,18,0,4,25,0,29,14,0,14,43
06/05/2005,GLH,MS,ASO,CE,Federal Contract Tower,0,3,3,0,6,0,0,14,0,14,0,3,17,0,20,0,0,0,20
06/06/2005,GLH,MS,ASO,CE,Federal Contract Tower,0,3,5,8,16,0,0,15,0,15,0,3,20,8,31,0,42,42,73
06/07/2005,GLH,MS,ASO,CE,Federal Contract Tower,0,3,7,12,22,0,1,29,0,30,0,4,36,12,52,30,80,110,162
06/08/2005,GLH,MS,ASO,CE,Federal Contract Tower,1,3,3,4,11,0,1,29,0,30,1,4,32,4,41,6,50,56,97
06/09/2005,GLH,MS,ASO,CE,Federal Contract Tower,0,2,5,1,8,0,0,20,1,21,0,2,25,2,29,4,2,6,35
06/10/2005,GLH,MS,ASO,CE,Federal Contract Tower,0,2,7,5,14,0,1,10,0,11,0,3,17,5,25,0,80,80,105
06/11/2005,GLH,MS,ASO,CE,Federal Contract Tower,0,4,6,0,10,0,2,14,2,18,0,6,20,2,28,8,0,8,36
06/12/2005,GLH,MS,ASO,CE,Federal Contract Tower,0,3,5,0,8,0,0,12,0,12,0,3,17,0,20,6,0,6,26
06/13/2005,GLH,MS,ASO,CE,Federal Contract Tower,0,2,1,7,10,0,0,18,2,20,0,2,19,9,30,6,36,42,72
06/14/2005,GLH,MS,ASO,CE,Federal Contract Tower,0,3,4,0,7,0,0,33,0,33,0,3,37,0,40,10,0,10,50
06/15/2005,GLH,MS,ASO,CE,Federal Contract Tower,0,4,0,4,8,0,0,32,0,32,0,4,32,4,40,4,102,106,146
06/16/2005,GLH,MS,ASO,CE,Federal Contract Tower,0,3,3,8,14,0,0,42,0,42,0,3,45,8,56,4,106,110,166
06/17/2005,GLH,MS,ASO,CE,Federal Contract Tower,0,4,5,0,9,0,1,5,0,6,0,5,10,0,15,0,0,0,15
06/18/2005,GLH,MS,ASO,CE,Federal Contract Tower,0,4,6,0,10,0,0,14,0,14,0,4,20,0,24,2,0,2,26
06/19/2005,GLH,MS,ASO,CE,Federal Contract Tower,0,3,5,0,8,0,0,12,0,12,0,3,17,0,20,0,0,0,20
06/20/2005,GLH,MS,ASO,CE,Federal Contract Tower,0,2,3,6,11,0,0,29,0,29,0,2,32,6,40,16,100,116,156
06/21/2005,GLH,MS,ASO,CE,Federal Contract Tower,0,2,5,8,15,0,0,20,0,20,0,2,25,8,35,0,136,136,171
06/22/2005,GLH,MS,ASO,CE,Federal Contract Tower,0,4,10,8,22,0,0,37,0,37,0,4,47,8,59,6,122,128,187
06/23/2005,GLH,MS,ASO,CE,Federal Contract Tower,0,2,5,3,10,0,0,24,0,24,0,2,29,3,34,18,84,102,136
06/24/2005,GLH,MS,ASO,CE,Federal Contract Tower,0,3,6,3,12,0,0,37,3,40,0,3,43,6,52,14,42,56,108
06/25/2005,GLH,MS,ASO,CE,Federal Contract Tower,0,3,5,0,8,0,0,17,0,17,0,3,22,0,25,0,0,0,25
06/26/2005,GLH,MS,ASO,CE,Federal Contract Tower,0,3,5,0,8,0,0,26,0,26,0,3,31,0,34,0,0,0,34
06/27/2005,GLH,MS,ASO,CE,Federal Contract Tower,0,3,6,4,13,0,0,39,0,39,0,3,45,4,52,10,72,82,134
06/28/2005,GLH,MS,ASO,CE,Federal Contract Tower,0,3,5,3,11,0,0,36,1,37,0,3,41,4,48,10,40,50,98
06/29/2005,GLH,MS,ASO,CE,Federal Contract Tower,0,2,9,10,21,0,1,43,0,44,0,3,52,10,65,12,142,154,219
06/30/2005,GLH,MS,ASO,CE,Federal Contract Tower,0,4,9,14,27,0,0,30,0,30,0,4,39,14,57,6,130,136,193
07/01/2005,GLH,MS,ASO,CE,Federal Contract Tower,0,6,3,0,9,0,0,10,0,10,0,6,13,0,19,0,0,0,19
07/02/2005,GLH,MS,ASO,CE,Federal Contract Tower,0,4,1,0,5,0,0,30,0,30,0,4,31,0,35,0,0,0,35
07/03/2005,GLH,MS,ASO,CE,Federal Contract Tower,0,3,6,0,9,0,0,9,0,9,0,3,15,0,18,0,0,0,18
07/04/2005,GLH,MS,ASO,CE,Federal Contract Tower,0,3,2,0,5,0,0,16,0,16,0,3,18,0,21,2,0,2,23
07/05/2005,GLH,MS,ASO,CE,Federal Contract Tower,0,4,7,2,13,0,0,20,0,20,0,4,27,2,33,4,34,38,71
07/06/2005,GLH,MS,ASO,CE,Federal Contract Tower,0,4,6,12,22,0,0,19,0,19,0,4,25,12,41,2,132,134,175
07/07/2005,GLH,MS,ASO,CE,Federal Contract Tower,0,3,5,2,10,0,0,15,0,15,0,3,20,2,25,12,22,34,59
07/08/2005,GLH,MS,ASO,CE,Federal Contract Tower,0,2,3,4,9,0,1,19,4,24,0,3,22,8,33,8,46,54,87
07/09/2005,GLH,MS,ASO,CE,Federal Contract Tower,0,3,6,0,9,0,0,16,0,16,0,3,22,0,25,0,0,0,25
07/10/2005,GLH,MS,ASO,CE,Federal Contract Tower,0,3,0,0,3,0,0,7,0,7,0,3,7,0,10,0,0,0,10
07/11/2005,GLH,MS,ASO,CE,Federal Contract Tower,0,3,9,0,12,0,0,0,0,0,0,3,9,0,12,0,0,0,12
07/12/2005,GLH,MS,ASO,CE,Federal Contract Tower,0,2,7,0,9,0,0,36,0,36,0,2,43,0,45,10,0,10,55
07/13/2005,GLH,MS,ASO,CE,Federal Contract Tower,0,3,4,5,12,0,0,39,1,40,0,3,43,6,52,12,68,80,132
07/14/2005,GLH,MS,ASO,CE,Federal Contract Tower,0,4,20,8,32,0,0,42,0,42,0,4,62,8,74,2,108,110,184
07/15/2005,GLH,MS,ASO,CE,Federal Contract Tower,0,4,11,5,20,0,0,21,1,22,0,4,32,6,42,4,40,44,86
07/16/2005,GLH,MS,ASO,CE,Federal Contract Tower,0,3,7,0,10,0,0,21,0,21,0,3,28,0,31,0,0,0,31
07/17/2005,GLH,MS,ASO,CE,Federal Contract Tower,0,2,3,0,5,0,0,16,0,16,0,2,19,0,21,10,0,10,31
07/18/2005,GLH,MS,ASO,CE,Federal Contract Tower,0,3,5,4,12,0,0,35,0,35,0,3,40,4,47,14,40,54,101
07/19/2005,GLH,MS,ASO,CE,Federal Contract Tower,0,4,4,4,12,0,0,30,0,30,0,4,34,4,42,6,58,64,106
07/20/2005,GLH,MS,ASO,CE,Federal Contract Tower,0,2,8,4,14,0,0,38,0,38,0,2,46,4,52,16,94,110,162
07/21/2005,GLH,MS,ASO,CE,Federal Contract Tower,0,3,7,10,20,0,0,19,0,19,0,3,26,10,39,2,122,124,163
07/22/2005,GLH,MS,ASO,CE,Federal Contract Tower,0,3,8,4,15,0,0,26,0,26,0,3,34,4,41,0,82,82,123
07/23/2005,GLH,MS,ASO,CE,Federal Contract Tower,0,3,5,0,8,0,0,22,0,22,0,3,27,0,30,0,0,0,30
07/24/2005,GLH,MS,ASO,CE,Federal Contract Tower,0,3,3,0,6,0,0,20,0,20,0,3,23,0,26,8,0,8,34
07/25/2005,GLH,MS,ASO,CE,Federal Contract Tower,0,3,7,5,15,0,0,27,1,28,0,3,34,6,43,2,22,24,67
07/26/2005,GLH,MS,ASO,CE,Federal Contract Tower,0,3,6,0,9,0,0,34,0,34,0,3,40,0,43,8,0,8,51
07/27/2005,GLH,MS,ASO,CE,Federal Contract Tower,0,4,5,2,11,0,0,29,0,29,0,4,34,2,40,4,30,34,74
07/28/2005,GLH,MS,ASO,CE,Federal Contract Tower,0,4,8,2,14,0,0,0,0,0,0,4,8,2,14,2,24,26,40
07/29/2005,GLH,MS,ASO,CE,Federal Contract Tower,0,6,13,10,29,0,0,21,0,21,0,6,34,10,50,4,118,122,172
07/30/2005,GLH,MS,ASO,CE,Federal Contract Tower,0,3,2,0,5,0,0,17,0,17,0,3,19,0,22,0,0,0,22
07/31/2005,GLH,MS,ASO,CE,Federal Contract Tower,0,2,8,0,10,0,0,20,0,20,0,2,28,0,30,10,0,10,40
08/01/2005,GLH,MS,ASO,CE,Federal Contract Tower,0,3,8,9,20,0,0,34,17,51,0,3,42,26,71,8,146,154,225
08/02/2005,GLH,MS,ASO,CE,Federal Contract Tower,0,3,11,11,25,0,0,34,2,36,0,3,45,13,61,6,102,108,169
08/03/2005,GLH,MS,ASO,CE,Federal Contract Tower,0,2,7,11,20,0,0,22,6,28,0,2,29,17,48,10,140,150,198
08/04/2005,GLH,MS,ASO,CE,Federal Contract Tower,0,3,5,6,14,0,0,17,1,18,0,3,22,7,32,2,80,82,114
08/05/2005,GLH,MS,ASO,CE,Federal Contract Tower,0,4,1,6,11,0,0,11,2,13,0,4,12,8,24,0,106,106,130
08/06/2005,GLH,MS,ASO,CE,Federal Contract Tower,0,2,0,2,4,0,0,18,0,18,0,2,18,2,22,10,56,66,88
08/07/2005,GLH,MS,ASO,CE,Federal Contract Tower,0,3,3,0,6,0,0,4,0,4,0,3,7,0,10,0,0,0,10
08/08/2005,GLH,MS,ASO,CE,Federal Contract Tower,0,2,10,11,23,0,0,19,1,20,0,2,29,12,43,12,106,118,161
08/09/2005,GLH,MS,ASO,CE,Federal Contract Tower,0,2,2,10,14,0,0,49,0,49,0,2,51,10,63,2,160,162,225
08/10/2005,GLH,MS,ASO,CE,Federal Contract Tower,0,6,10,2,18,0,0,26,0,26,0,6,36,2,44,0,14,14,58
08/11/2005,GLH,MS,ASO,CE,Federal Contract Tower,0,4,7,2,13,0,0,15,2,17,0,4,22,4,30,2,4,6,36
08/12/2005,GLH,MS,ASO,CE,Federal Contract Tower,0,5,6,3,14,0,0,23,1,24,0,5,29,4,38,16,42,58,96
08/13/2005,GLH,MS,ASO,CE,Federal Contract Tower,0,4,3,0,7,0,0,11,0,11,0,4,14,0,18,2,0,2,20
08/14/2005,GLH,MS,ASO,CE,Federal Contract Tower,0,3,7,2,12,0,0,7,0,7,0,3,14,2,19,4,0,4,23
08/15/2005,GLH,MS,ASO,CE,Federal Contract Tower,0,3,0,5,8,0,0,22,1,23,0,3,22,6,31,4,74,78,109
08/16/2005,GLH,MS,ASO,CE,Federal Contract Tower,0,3,4,12,19,0,2,37,0,39,0,5,41,12,58,10,162,172,230
08/17/2005,GLH,MS,ASO,CE,Federal Contract Tower,0,4,4,13,21,0,0,19,0,19,0,4,23,13,40,14,136,150,190
08/18/2005,GLH,MS,ASO,CE,Federal Contract Tower,0,2,2,8,12,0,1,19,0,20,0,3,21,8,32,6,122,128,160
08/19/2005,GLH,MS,ASO,CE,Federal Contract Tower,0,4,4,6,14,0,0,21,0,21,0,4,25,6,35,6,78,84,119
08/20/2005,GLH,MS,ASO,CE,Federal Contract Tower,0,4,1,0,5,0,0,9,0,9,0,4,10,0,14,2,0,2,16
08/21/2005,GLH,MS,ASO,CE,Federal Contract Tower,0,4,4,2,10,0,0,8,0,8,0,4,12,2,18,0,0,0,18
08/22/2005,GLH,MS,ASO,CE,Federal Contract Tower,0,2,1,4,7,0,0,14,0,14,0,2,15,4,21,8,32,40,61
08/23/2005,GLH,MS,ASO,CE,Federal Contract Tower,0,3,2,12,17,0,0,29,0,29,0,3,31,12,46,18,178,196,242
08/24/2005,GLH,MS,ASO,CE,Federal Contract Tower,0,4,7,2,13,0,0,25,0,25,0,4,32,2,38,18,30,48,86
08/25/2005,GLH,MS,ASO,CE,Federal Contract Tower,0,3,8,12,23,0,1,30,0,31,0,4,38,12,54,18,88,106,160
08/26/2005,GLH,MS,ASO,CE,Federal Contract Tower,0,4,11,12,27,0,0,21,0,21,0,4,32,12,48,26,98,124,172
08/27/2005,GLH,MS,ASO,CE,Federal Contract Tower,0,4,5,0,9,0,0,7,0,7,0,4,12,0,16,2,0,2,18
08/28/2005,GLH,MS,ASO,CE,Federal Contract Tower,0,2,4,0,6,0,0,5,0,5,0,2,9,0,11,0,0,0,11
08/29/2005,GLH,MS,ASO,CE,Federal Contract Tower,0,3,0,0,3,0,0,0,0,0,0,3,0,0,3,0,0,0,3
08/30/2005,GLH,MS,ASO,CE,Federal Contract Tower,0,2,1,2,5,0,0,0,0,0,0,2,1,2,5,0,32,32,37
08/31/2005,GLH,MS,ASO,CE,Federal Contract Tower,0,2,2,4,8,0,0,10,2,12,0,2,12,6,20,4,58,62,82
09/01/2005,GLH,MS,ASO,CE,Federal Contract Tower,0,2,1,8,11,0,0,15,0,15,0,2,16,8,26,8,114,122,148
09/02/2005,GLH,MS,ASO,CE,Federal Contract Tower,0,3,5,4,12,0,0,31,0,31,0,3,36,4,43,28,82,110,153
09/03/2005,GLH,MS,ASO,CE,Federal Contract Tower,0,4,4,0,8,0,0,15,0,15,0,4,19,0,23,12,0,12,35
09/04/2005,GLH,MS,ASO,CE,Federal Contract Tower,0,2,5,0,7,0,0,31,4,35,0,2,36,4,42,0,0,0,42
09/05/2005,GLH,MS,ASO,CE,Federal Contract Tower,0,3,11,0,14,0,0,23,2,25,0,3,34,2,39,0,0,0,39
09/06/2005,GLH,MS,ASO,CE,Federal Contract Tower,0,4,6,10,20,0,0,21,0,21,0,4,27,10,41,6,84,90,131
09/07/2005,GLH,MS,ASO,CE,Federal Contract Tower,0,4,4,7,15,0,0,10,1,11,0,4,14,8,26,4,106,110,136
09/08/2005,GLH,MS,ASO,CE,Federal Contract Tower,0,2,0,4,6,0,1,20,0,21,0,3,20,4,27,22,60,82,109
09/09/2005,GLH,MS,ASO,CE,Federal Contract Tower,0,4,2,7,13,0,0,33,5,38,0,4,35,12,51,56,48,104,155
09/10/2005,GLH,MS,ASO,CE,Federal Contract Tower,0,4,0,0,4,0,0,51,2,53,0,4,51,2,57,0,10,10,67
09/11/2005,GLH,MS,ASO,CE,Federal Contract Tower,0,3,3,4,10,0,0,19,0,19,0,3,22,4,29,0,0,0,29
09/12/2005,GLH,MS,ASO,CE,Federal Contract Tower,0,2,4,13,19,0,0,18,0,18,0,2,22,13,37,12,124,136,173
09/13/2005,GLH,MS,ASO,CE,Federal Contract Tower,2,3,9,9,23,0,0,26,0,26,2,3,35,9,49,36,124,160,209
09/14/2005,GLH,MS,ASO,CE,Federal Contract Tower,0,5,8,3,16,0,0,21,1,22,0,5,29,4,38,22,20,42,80
09/15/2005,GLH,MS,ASO,CE,Federal Contract Tower,3,3,7,12,25,0,0,30,6,36,3,3,37,18,61,10,96,106,167
09/16/2005,GLH,MS,ASO,CE,Federal Contract Tower,6,3,6,4,19,0,0,17,2,19,6,3,23,6,38,30,36,66,104
09/17/2005,GLH,MS,ASO,CE,Federal Contract Tower,0,3,1,0,4,0,1,7,12,20,0,4,8,12,24,12,0,12,36
09/18/2005,GLH,MS,ASO,CE,Federal Contract Tower,0,3,1,0,4,0,0,3,0,3,0,3,4,0,7,0,0,0,7
09/19/2005,GLH,MS,ASO,CE,Federal Contract Tower,1,2,7,6,16,0,0,17,0,17,1,2,24,6,33,8,64,72,105
09/20/2005,GLH,MS,ASO,CE,Federal Contract Tower,0,3,4,4,11,0,1,30,0,31,0,4,34,4,42,30,50,80,122
09/21/2005,GLH,MS,ASO,CE,Federal Contract Tower,0,2,2,8,12,0,1,20,1,22,0,3,22,9,34,28,106,134,168
09/22/2005,GLH,MS,ASO,CE,Federal Contract Tower,0,3,9,4,16,0,0,27,0,27,0,3,36,4,43,2,34,36,79
09/23/2005,GLH,MS,ASO,CE,Federal Contract Tower,1,3,5,11,20,0,0,11,0,11,1,3,16,11,31,8,100,108,139
09/24/2005,GLH,MS,ASO,CE,Federal Contract Tower,0,2,2,0,4,0,0,0,0,0,0,2,2,0,4,0,0,0,4
09/25/2005,GLH,MS,ASO,CE,Federal Contract Tower,0,2,0,0,2,0,0,2,0,2,0,2,2,0,4,0,0,0,4
09/26/2005,GLH,MS,ASO,CE,Federal Contract Tower,0,3,3,4,10,0,0,30,0,30,0,3,33,4,40,8,58,66,106
09/27/2005,GLH,MS,ASO,CE,Federal Contract Tower,0,3,4,7,14,0,0,29,1,30,0,3,33,8,44,20,68,88,132
09/28/2005,GLH,MS,ASO,CE,Federal Contract Tower,0,5,9,8,22,0,1,43,0,44,0,6,52,8,66,12,106,118,184
09/29/2005,GLH,MS,ASO,CE,Federal Contract Tower,0,4,8,6,18,0,0,7,0,7,0,4,15,6,25,2,92,94,119
09/30/2005,GLH,MS,ASO,CE,Federal Contract Tower,0,2,0,0,2,0,0,8,0,8,0,2,8,0,10,4,0,4,14
10/01/2005,GLH,MS,ASO,CE,Federal Contract Tower,1,3,3,0,7,0,0,15,0,15,1,3,18,0,22,12,0,12,34
10/02/2005,GLH,MS,ASO,CE,Federal Contract Tower,1,2,4,0,7,0,0,17,0,17,1,2,21,0,24,6,0,6,30
10/03/2005,GLH,MS,ASO,CE,Federal Contract Tower,1,3,2,13,19,0,0,8,1,9,1,3,10,14,28,4,152,156,184
10/04/2005,GLH,MS,ASO,CE,Federal Contract Tower,2,3,9,10,24,0,1,28,0,29,2,4,37,10,53,8,128,136,189
10/05/2005,GLH,MS,ASO,CE,Federal Contract Tower,0,3,4,7,14,0,1,20,1,22,0,4,24,8,36,18,78,96,132
10/06/2005,GLH,MS,ASO,CE,Federal Contract Tower,0,2,13,20,35,0,0,27,2,29,0,2,40,22,64,6,226,232,296
10/07/2005,GLH,MS,ASO,CE,Federal Contract Tower,0,4,8,6,18,0,0,13,0,13,0,4,21,6,31,6,74,80,111
10/08/2005,GLH,MS,ASO,CE,Federal Contract Tower,2,2,3,0,7,0,1,18,0,19,2,3,21,0,26,8,0,8,34
10/09/2005,GLH,MS,ASO,CE,Federal Contract Tower,0,3,3,0,6,0,0,9,0,9,0,3,12,0,15,2,0,2,17
10/10/2005,GLH,MS,ASO,CE,Federal Contract Tower,0,3,11,0,14,0,0,15,0,15,0,3,26,0,29,0,0,0,29
10/11/2005,GLH,MS,ASO,CE,Federal Contract Tower,3,3,2,2,10,0,0,20,0,20,3,3,22,2,30,24,10,34,64
10/12/2005,GLH,MS,ASO,CE,Federal Contract Tower,5,3,10,5,23,0,1,25,1,27,5,4,35,6,50,24,26,50,100
10/13/2005,GLH,MS,ASO,CE,Federal Contract Tower,0,3,6,2,11,0,1,15,0,16,0,4,21,2,27,24,36,60,87
10/14/2005,GLH,MS,ASO,CE,Federal Contract Tower,0,2,5,2,9,0,1,21,0,22,0,3,26,2,31,0,34,34,65
10/15/2005,GLH,MS,ASO,CE,Federal Contract Tower,0,3,0,0,3,0,0,11,0,11,0,3,11,0,14,2,0,2,16
10/16/2005,GLH,MS,ASO,CE,Federal Contract Tower,0,3,2,0,5,0,0,13,2,15,0,3,15,2,20,4,0,4,24
10/17/2005,GLH,MS,ASO,CE,Federal Contract Tower,0,3,5,9,17,0,0,29,1,30,0,3,34,10,47,14,70,84,131
10/18/2005,GLH,MS,ASO,CE,Federal Contract Tower,0,3,7,8,18,0,1,35,0,36,0,4,42,8,54,42,70,112,166
10/19/2005,GLH,MS,ASO,CE,Federal Contract Tower,2,3,7,4,16,0,1,40,0,41,2,4,47,4,57,32,60,92,149
10/20/2005,GLH,MS,ASO,CE,Federal Contract Tower,0,4,5,8,17,0,0,21,0,21,0,4,26,8,38,6,114,120,158
10/21/2005,GLH,MS,ASO,CE,Federal Contract Tower,0,6,5,11,22,0,0,16,0,16,0,6,21,11,38,0,132,132,170
10/22/2005,GLH,MS,ASO,CE,Federal Contract Tower,0,4,3,0,7,0,0,19,0,19,0,4,22,0,26,38,0,38,64
10/23/2005,GLH,MS,ASO,CE,Federal Contract Tower,0,3,5,0,8,0,0,10,0,10,0,3,15,0,18,2,0,2,20
10/24/2005,GLH,MS,ASO,CE,Federal Contract Tower,0,2,3,7,12,0,0,24,1,25,0,2,27,8,37,2,72,74,111
10/25/2005,GLH,MS,ASO,CE,Federal Contract Tower,0,2,12,8,22,0,1,27,0,28,0,3,39,8,50,6,96,102,152
10/26/2005,GLH,MS,ASO,CE,Federal Contract Tower,0,4,7,4,15,0,0,36,0,36,0,4,43,4,51,20,72,92,143
10/27/2005,GLH,MS,ASO,CE,Federal Contract Tower,0,6,12,6,24,0,0,30,0,30,0,6,42,6,54,26,44,70,124
10/28/2005,GLH,MS,ASO,CE,Federal Contract Tower,1,4,3,2,10,0,0,20,0,20,1,4,23,2,30,8,34,42,72
10/29/2005,GLH,MS,ASO,CE,Federal Contract Tower,0,3,4,0,7,0,1,11,0,12,0,4,15,0,19,0,0,0,19
10/30/2005,GLH,MS,ASO,CE,Federal Contract Tower,0,4,1,0,5,0,0,12,0,12,0,4,13,0,17,0,0,0,17
10/31/2005,GLH,MS,ASO,CE,Federal Contract Tower,2,3,5,4,14,0,0,18,0,18,2,3,23,4,32,24,78,102,134
11/01/2005,GLH,MS,ASO,CE,Federal Contract Tower,0,4,7,8,19,0,0,10,0,10,0,4,17,8,29,6,104,110,139
11/02/2005,GLH,MS,ASO,CE,Federal Contract Tower,1,3,3,6,13,0,0,33,0,33,1,3,36,6,46,18,108,126,172
11/03/2005,GLH,MS,ASO,CE,Federal Contract Tower,0,3,6,4,13,0,1,21,2,24,0,4,27,6,37,10,76,86,123
11/04/2005,GLH,MS,ASO,CE,Federal Contract Tower,0,3,8,6,17,0,1,22,0,23,0,4,30,6,40,12,54,66,106
11/05/2005,GLH,MS,ASO,CE,Federal Contract Tower,0,4,5,0,9,0,0,12,8,20,0,4,17,8,29,0,0,0,29
11/06/2005,GLH,MS,ASO,CE,Federal Contract Tower,0,3,4,0,7,0,0,18,0,18,0,3,22,0,25,0,0,0,25
11/07/2005,GLH,MS,ASO,CE,Federal Contract Tower,13,3,9,6,31,0,0,27,0,27,13,3,36,6,58,0,126,126,184
11/08/2005,GLH,MS,ASO,CE,Federal Contract Tower,0,3,1,4,8,0,1,20,0,21,0,4,21,4,29,4,64,68,97
11/09/2005,GLH,MS,ASO,CE,Federal Contract Tower,0,4,16,4,24,1,0,7,0,8,1,4,23,4,32,2,74,76,108
11/10/2005,GLH,MS,ASO,CE,Federal Contract Tower,0,6,4,9,19,1,0,18,3,22,1,6,22,12,41,8,64,72,113
11/11/2005,GLH,MS,ASO,CE,Federal Contract Tower,0,3,7,0,10,0,1,15,0,16,0,4,22,0,26,18,0,18,44
11/12/2005,GLH,MS,ASO,CE,Federal Contract Tower,2,3,7,0,12,0,1,11,6,18,2,4,18,6,30,0,0,0,30
11/13/2005,GLH,MS,ASO,CE,Federal Contract Tower,0,3,8,0,11,0,0,2,0,2,0,3,10,0,13,0,0,0,13
11/14/2005,GLH,MS,ASO,CE,Federal Contract Tower,0,3,7,0,10,0,0,14,0,14,0,3,21,0,24,0,0,0,24
11/15/2005,GLH,MS,ASO,CE,Federal Contract Tower,0,2,5,0,7,0,1,1,0,2,0,3,6,0,9,0,0,0,9
11/16/2005,GLH,MS,ASO,CE,Federal Contract Tower,0,4,6,12,22,0,0,9,0,9,0,4,15,12,31,4,108,112,143
11/17/2005,GLH,MS,ASO,CE,Federal Contract Tower,0,5,15,4,24,0,0,20,0,20,0,5,35,4,44,10,54,64,108
11/18/2005,GLH,MS,ASO,CE,Federal Contract Tower,0,3,7,4,14,0,1,25,0,26,0,4,32,4,40,18,64,82,122
11/19/2005,GLH,MS,ASO,CE,Federal Contract Tower,0,4,3,2,9,0,1,10,1,12,0,5,13,3,21,0,0,0,21
11/20/2005,GLH,MS,ASO,CE,Federal Contract Tower,0,3,8,0,11,0,0,16,0,16,0,3,24,0,27,0,0,0,27
11/21/2005,GLH,MS,ASO,CE,Federal Contract Tower,1,3,14,10,28,0,0,36,0,36,1,3,50,10,64,46,152,198,262
11/22/2005,GLH,MS,ASO,CE,Federal Contract Tower,0,3,5,8,16,0,0,27,0,27,0,3,32,8,43,18,98,116,159
11/23/2005,GLH,MS,ASO,CE,Federal Contract Tower,0,3,6,2,11,0,0,21,0,21,0,3,27,2,32,8,48,56,88
11/24/2005,GLH,MS,ASO,CE,Federal Contract Tower,0,4,0,0,4,0,0,9,0,9,0,4,9,0,13,2,0,2,15
11/25/2005,GLH,MS,ASO,CE,Federal Contract Tower,0,4,2,0,6,0,0,11,0,11,0,4,13,0,17,2,0,2,19
11/26/2005,GLH,MS,ASO,CE,Federal Contract Tower,0,7,3,0,10,0,0,6,0,6,0,7,9,0,16,0,0,0,16
11/27/2005,GLH,MS,ASO,CE,Federal Contract Tower,0,3,16,0,19,0,0,11,0,11,0,3,27,0,30,0,0,0,30
11/28/2005,GLH,MS,ASO,CE,Federal Contract Tower,0,3,4,4,11,0,0,11,0,11,0,3,15,4,22,4,62,66,88
11/29/2005,GLH,MS,ASO,CE,Federal Contract Tower,0,3,6,6,15,0,0,18,0,18,0,3,24,6,33,6,46,52,85
11/30/2005,GLH,MS,ASO,CE,Federal Contract Tower,0,4,4,6,14,0,0,19,0,19,0,4,23,6,33,14,42,56,89
12/01/2005,GLH,MS,ASO,CE,Federal Contract Tower,0,3,8,6,17,0,1,13,0,14,0,4,21,6,31,6,54,60,91
12/02/2005,GLH,MS,ASO,CE,Federal Contract Tower,0,4,3,8,15,0,0,22,0,22,0,4,25,8,37,4,78,82,119
12/03/2005,GLH,MS,ASO,CE,Federal Contract Tower,0,4,5,0,9,0,0,6,2,8,0,4,11,2,17,0,0,0,17
12/04/2005,GLH,MS,ASO,CE,Federal Contract Tower,0,3,6,0,9,0,0,3,0,3,0,3,9,0,12,0,0,0,12
12/05/2005,GLH,MS,ASO,CE,Federal Contract Tower,0,3,0,4,7,0,0,11,0,11,0,3,11,4,18,16,40,56,74
12/06/2005,GLH,MS,ASO,CE,Federal Contract Tower,0,4,8,4,16,0,1,27,0,28,0,5,35,4,44,28,28,56,100
12/07/2005,GLH,MS,ASO,CE,Federal Contract Tower,0,4,7,2,13,0,0,8,0,8,0,4,15,2,21,2,28,30,51
12/08/2005,GLH,MS,ASO,CE,Federal Contract Tower,0,3,3,0,6,0,0,0,0,0,0,3,3,0,6,0,0,0,6
12/09/2005,GLH,MS,ASO,CE,Federal Contract Tower,0,2,3,6,11,0,0,14,0,14,0,2,17,6,25,0,62,62,87
12/10/2005,GLH,MS,ASO,CE,Federal Contract Tower,0,4,1,0,5,0,0,14,0,14,0,4,15,0,19,6,0,6,25
12/11/2005,GLH,MS,ASO,CE,Federal Contract Tower,0,5,7,0,12,0,2,20,0,22,0,7,27,0,34,18,0,18,52
12/12/2005,GLH,MS,ASO,CE,Federal Contract Tower,0,3,7,5,15,0,0,17,1,18,0,3,24,6,33,18,38,56,89
12/13/2005,GLH,MS,ASO,CE,Federal Contract Tower,0,5,7,6,18,0,0,30,0,30,0,5,37,6,48,2,78,80,128
12/14/2005,GLH,MS,ASO,CE,Federal Contract Tower,0,5,4,2,11,0,0,3,0,3,0,5,7,2,14,0,30,30,44
12/15/2005,GLH,MS,ASO,CE,Federal Contract Tower,0,3,4,15,22,0,0,13,0,13,0,3,17,15,35,6,180,186,221
12/16/2005,GLH,MS,ASO,CE,Federal Contract Tower,0,3,4,2,9,0,1,17,0,18,0,4,21,2,27,8,14,22,49
12/17/2005,GLH,MS,ASO,CE,Federal Contract Tower,0,4,4,0,8,0,0,1,2,3,0,4,5,2,11,0,0,0,11
12/18/2005,GLH,MS,ASO,CE,Federal Contract Tower,0,2,2,0,4,0,0,7,2,9,0,2,9,2,13,12,0,12,25
12/19/2005,GLH,MS,ASO,CE,Federal Contract Tower,1,2,14,8,25,0,0,35,0,35,1,2,49,8,60,14,92,106,166
12/20/2005,GLH,MS,ASO,CE,Federal Contract Tower,0,3,6,4,13,0,0,24,0,24,0,3,30,4,37,22,58,80,117
12/21/2005,GLH,MS,ASO,CE,Federal Contract Tower,0,3,9,8,20,0,0,20,0,20,0,3,29,8,40,16,96,112,152
12/22/2005,GLH,MS,ASO,CE,Federal Contract Tower,5,7,11,6,29,0,0,7,0,7,5,7,18,6,36,0,52,52,88
12/23/2005,GLH,MS,ASO,CE,Federal Contract Tower,0,3,7,0,10,0,0,11,0,11,0,3,18,0,21,2,0,2,23
12/24/2005,GLH,MS,ASO,CE,Federal Contract Tower,0,4,0,0,4,0,0,0,0,0,0,4,0,0,4,0,0,0,4
12/25/2005,GLH,MS,ASO,CE,Federal Contract Tower,0,2,3,0,5,0,0,0,0,0,0,2,3,0,5,0,0,0,5
12/26/2005,GLH,MS,ASO,CE,Federal Contract Tower,0,4,8,0,12,0,0,32,0,32,0,4,40,0,44,2,0,2,46
12/27/2005,GLH,MS,ASO,CE,Federal Contract Tower,0,3,3,0,6,0,0,8,0,8,0,3,11,0,14,0,0,0,14
12/28/2005,GLH,MS,ASO,CE,Federal Contract Tower,0,3,1,0,4,0,0,5,0,5,0,3,6,0,9,0,0,0,9
12/29/2005,GLH,MS,ASO,CE,Federal Contract Tower,0,4,5,0,9,0,0,11,0,11,0,4,16,0,20,0,0,0,20
12/30/2005,GLH,MS,ASO,CE,Federal Contract Tower,0,3,6,0,9,0,0,6,0,6,0,3,12,0,15,8,0,8,23
12/31/2005,GLH,MS,ASO,CE,Federal Contract Tower,0,2,4,0,6,0,0,3,0,3,0,2,7,0,9,0,0,0,9
01/01/2006,GLH,MS,ASO,CE,Federal Contract Tower,0,3,2,0,5,0,0,0,0,0,0,3,2,0,5,0,0,0,5
01/02/2006,GLH,MS,ASO,CE,Federal Contract Tower,0,2,4,0,6,0,0,7,0,7,0,2,11,0,13,0,0,0,13
01/03/2006,GLH,MS,ASO,CE,Federal Contract Tower,0,2,5,10,17,0,1,14,4,19,0,3,19,14,36,0,112,112,148
01/04/2006,GLH,MS,ASO,CE,Federal Contract Tower,0,3,1,12,16,0,0,10,0,10,0,3,11,12,26,0,132,132,158
01/05/2006,GLH,MS,ASO,CE,Federal Contract Tower,0,5,4,12,21,0,0,7,0,7,0,5,11,12,28,2,124,126,154
01/06/2006,GLH,MS,ASO,CE,Federal Contract Tower,0,4,2,4,10,0,0,16,0,16,0,4,18,4,26,0,8,8,34
01/07/2006,GLH,MS,ASO,CE,Federal Contract Tower,1,3,2,0,6,0,0,20,2,22,1,3,22,2,28,6,0,6,34
01/08/2006,GLH,MS,ASO,CE,Federal Contract Tower,1,3,3,2,9,0,0,2,2,4,1,3,5,4,13,0,12,12,25
01/09/2006,GLH,MS,ASO,CE,Federal Contract Tower,0,2,4,12,18,0,0,13,0,13,0,2,17,12,31,0,88,88,119
01/10/2006,GLH,MS,ASO,CE,Federal Contract Tower,0,4,4,0,8,0,0,3,0,3,0,4,7,0,11,0,0,0,11
01/11/2006,GLH,MS,ASO,CE,Federal Contract Tower,0,4,6,8,18,0,0,20,2,22,0,4,26,10,40,26,164,190,230
01/12/2006,GLH,MS,ASO,CE,Federal Contract Tower,0,4,5,2,11,0,0,15,0,15,0,4,20,2,26,4,46,50,76
01/13/2006,GLH,MS,ASO,CE,Federal Contract Tower,0,4,7,2,13,0,1,1,2,4,0,5,8,4,17,0,28,28,45
01/14/2006,GLH,MS,ASO,CE,Federal Contract Tower,0,6,5,0,11,0,0,10,0,10,0,6,15,0,21,0,0,0,21
01/15/2006,GLH,MS,ASO,CE,Federal Contract Tower,0,3,7,0,10,0,0,14,0,14,0,3,21,0,24,12,0,12,36
01/16/2006,GLH,MS,ASO,CE,Federal Contract Tower,2,2,5,0,9,0,0,4,0,4,2,2,9,0,13,0,0,0,13
01/17/2006,GLH,MS,ASO,CE,Federal Contract Tower,0,3,4,4,11,0,0,1,0,1,0,3,5,4,12,0,18,18,30
01/18/2006,GLH,MS,ASO,CE,Federal Contract Tower,0,4,0,12,16,0,1,27,0,28,0,5,27,12,44,10,170,180,224
01/19/2006,GLH,MS,ASO,CE,Federal Contract Tower,0,3,6,4,13,0,2,20,5,27,0,5,26,9,40,18,52,70,110
01/20/2006,GLH,MS,ASO,CE,Federal Contract Tower,1,3,6,5,15,0,1,13,3,17,1,4,19,8,32,8,48,56,88
01/21/2006,GLH,MS,ASO,CE,Federal Contract Tower,0,4,6,0,10,0,0,16,0,16,0,4,22,0,26,0,0,0,26
01/22/2006,GLH,MS,ASO,CE,Federal Contract Tower,0,1,2,0,3,0,0,0,0,0,0,1,2,0,3,0,0,0,3
01/23/2006,GLH,MS,ASO,CE,Federal Contract Tower,0,3,4,1,8,0,0,0,1,1,0,3,4,2,9,8,0,8,17
01/24/2006,GLH,MS,ASO,CE,Federal Contract Tower,0,3,8,6,17,0,0,39,1,40,0,3,47,7,57,36,78,114,171
01/25/2006,GLH,MS,ASO,CE,Federal Contract Tower,0,2,12,5,19,0,1,34,0,35,0,3,46,5,54,18,64,82,136
01/26/2006,GLH,MS,ASO,CE,Federal Contract Tower,0,5,1,0,6,0,1,42,6,49,0,6,43,6,55,18,0,18,73
01/27/2006,GLH,MS,ASO,CE,Federal Contract Tower,1,4,11,16,32,0,0,38,0,38,1,4,49,16,70,14,140,154,224
01/28/2006,GLH,MS,ASO,CE,Federal Contract Tower,1,2,0,0,3,0,0,1,0,1,1,2,1,0,4,0,0,0,4
01/29/2006,GLH,MS,ASO,CE,Federal Contract Tower,1,3,4,0,8,0,0,16,0,16,1,3,20,0,24,8,0,8,32
01/30/2006,GLH,MS,ASO,CE,Federal Contract Tower,0,2,4,7,13,0,0,20,1,21,0,2,24,8,34,22,86,108,142
01/31/2006,GLH,MS,ASO,CE,Federal Contract Tower,0,3,4,10,17,0,0,23,2,25,0,3,27,12,42,30,98,128,170
02/01/2006,GLH,MS,ASO,CE,Federal Contract Tower,0,3,10,8,21,0,0,21,0,21,0,3,31,8,42,38,124,162,204
02/02/2006,GLH,MS,ASO,CE,Federal Contract Tower,0,3,3,4,10,0,0,4,0,4,0,3,7,4,14,0,80,80,94
02/03/2006,GLH,MS,ASO,CE,Federal Contract Tower,0,4,9,2,15,0,0,3,0,3,0,4,12,2,18,6,14,20,38
02/04/2006,GLH,MS,ASO,CE,Federal Contract Tower,0,3,5,0,8,0,0,9,0,9,0,3,14,0,17,0,0,0,17
02/05/2006,GLH,MS,ASO,CE,Federal Contract Tower,0,2,0,0,2,0,0,10,0,10,0,2,10,0,12,0,0,0,12
02/06/2006,GLH,MS,ASO,CE,Federal Contract Tower,0,2,2,4,8,0,0,3,0,3,0,2,5,4,11,2,36,38,49
02/07/2006,GLH,MS,ASO,CE,Federal Contract Tower,1,2,5,6,14,0,0,42,0,42,1,2,47,6,56,50,120,170,226
02/08/2006,GLH,MS,ASO,CE,Federal Contract Tower,0,2,9,5,16,0,0,26,1,27,0,2,35,6,43,32,50,82,125
02/09/2006,GLH,MS,ASO,CE,Federal Contract Tower,0,2,2,8,12,0,0,34,2,36,0,2,36,10,48,38,134,172,220
02/10/2006,GLH,MS,ASO,CE,Federal Contract Tower,0,1,4,0,5,0,0,6,0,6,0,1,10,0,11,4,0,4,15
02/11/2006,GLH,MS,ASO,CE,Federal Contract Tower,1,2,2,0,5,0,1,2,0,3,1,3,4,0,8,0,0,0,8
02/12/2006,GLH,MS,ASO,CE,Federal Contract Tower,1,3,1,0,5,0,0,17,0,17,1,3,18,0,22,0,0,0,22
02/13/2006,GLH,MS,ASO,CE,Federal Contract Tower,0,3,11,7,21,0,0,35,3,38,0,3,46,10,59,36,102,138,197
02/14/2006,GLH,MS,ASO,CE,Federal Contract Tower,0,3,6,6,15,0,0,31,0,31,0,3,37,6,46,20,72,92,138
02/15/2006,GLH,MS,ASO,CE,Federal Contract Tower,0,3,6,2,11,0,0,21,0,21,0,3,27,2,32,22,12,34,66
02/16/2006,GLH,MS,ASO,CE,Federal Contract Tower,0,4,3,6,13,0,0,3,2,5,0,4,6,8,18,2,64,66,84
02/17/2006,GLH,MS,ASO,CE,Federal Contract Tower,0,3,13,2,18,0,0,15,0,15,0,3,28,2,33,14,26,40,73
02/18/2006,GLH,MS,ASO,CE,Federal Contract Tower,0,0,0,0,0,0,0,0,0,0,0,0,0,0,0,0,0,0,0
02/19/2006,GLH,MS,ASO,CE,Federal Contract Tower,0,3,0,0,3,0,0,0,0,0,0,3,0,0,3,0,0,0,3
02/20/2006,GLH,MS,ASO,CE,Federal Contract Tower,0,1,0,0,1,0,0,1,0,1,0,1,1,0,2,0,0,0,2
02/21/2006,GLH,MS,ASO,CE,Federal Contract Tower,0,4,12,4,20,0,0,0,0,0,0,4,12,4,20,8,24,32,52
02/22/2006,GLH,MS,ASO,CE,Federal Contract Tower,0,5,12,2,19,0,0,1,0,1,0,5,13,2,20,0,0,0,20
02/23/2006,GLH,MS,ASO,CE,Federal Contract Tower,0,4,5,7,16,3,0,33,1,37,3,4,38,8,53,26,90,116,169
02/24/2006,GLH,MS,ASO,CE,Federal Contract Tower,2,5,5,6,18,0,2,27,0,29,2,7,32,6,47,32,118,150,197
02/25/2006,GLH,MS,ASO,CE,Federal Contract Tower,0,2,5,0,7,0,0,0,0,0,0,2,5,0,7,0,0,0,7
02/26/2006,GLH,MS,ASO,CE,Federal Contract Tower,0,3,3,0,6,0,0,11,0,11,0,3,14,0,17,0,0,0,17
02/27/2006,GLH,MS,ASO,CE,Federal Contract Tower,0,3,10,8,21,0,0,40,0,40,0,3,50,8,61,22,84,106,167
02/28/2006,GLH,MS,ASO,CE,Federal Contract Tower,0,4,10,6,20,0,0,22,0,22,0,4,32,6,42,10,100,110,152
03/01/2006,GLH,MS,ASO,CE,Federal Contract Tower,1,5,3,0,9,0,1,17,0,18,1,6,20,0,27,6,0,6,33
03/02/2006,GLH,MS,ASO,CE,Federal Contract Tower,0,3,7,4,14,0,0,24,0,24,0,3,31,4,38,30,40,70,108
03/03/2006,GLH,MS,ASO,CE,Federal Contract Tower,0,4,5,4,13,0,0,28,0,28,0,4,33,4,41,14,44,58,99
03/04/2006,GLH,MS,ASO,CE,Federal Contract Tower,0,3,1,0,4,0,0,21,2,23,0,3,22,2,27,10,0,10,37
03/05/2006,GLH,MS,ASO,CE,Federal Contract Tower,0,3,7,0,10,0,0,13,0,13,0,3,20,0,23,0,0,0,23
03/06/2006,GLH,MS,ASO,CE,Federal Contract Tower,0,2,2,8,12,0,0,45,0,45,0,2,47,8,57,38,112,150,207
03/07/2006,GLH,MS,ASO,CE,Federal Contract Tower,0,3,5,11,19,0,0,47,1,48,0,3,52,12,67,16,78,94,161
03/08/2006,GLH,MS,ASO,CE,Federal Contract Tower,0,3,7,8,18,0,1,63,0,64,0,4,70,8,82,20,134,154,236
03/09/2006,GLH,MS,ASO,CE,Federal Contract Tower,0,4,1,0,5,0,0,1,0,1,0,4,2,0,6,0,0,0,6
03/10/2006,GLH,MS,ASO,CE,Federal Contract Tower,0,4,11,8,23,0,0,41,0,41,0,4,52,8,64,82,78,160,224
03/11/2006,GLH,MS,ASO,CE,Federal Contract Tower,0,4,9,0,13,0,0,4,0,4,0,4,13,0,17,0,0,0,17
03/12/2006,GLH,MS,ASO,CE,Federal Contract Tower,1,2,4,0,7,0,0,23,4,27,1,2,27,4,34,16,0,16,50
03/13/2006,GLH,MS,ASO,CE,Federal Contract Tower,0,3,2,0,5,0,0,4,0,4,0,3,6,0,9,0,0,0,9
03/14/2006,GLH,MS,ASO,CE,Federal Contract Tower,2,3,2,8,15,0,1,36,2,39,2,4,38,10,54,0,96,96,150
03/15/2006,GLH,MS,ASO,CE,Federal Contract Tower,0,3,3,10,16,0,0,34,0,34,0,3,37,10,50,18,84,102,152
03/16/2006,GLH,MS,ASO,CE,Federal Contract Tower,0,4,5,0,9,0,0,9,0,9,0,4,14,0,18,0,0,0,18
03/17/2006,GLH,MS,ASO,CE,Federal Contract Tower,0,3,1,2,6,0,1,23,0,24,0,4,24,2,30,0,30,30,60
03/18/2006,GLH,MS,ASO,CE,Federal Contract Tower,0,4,6,0,10,0,0,10,0,10,0,4,16,0,20,0,0,0,20
03/19/2006,GLH,MS,ASO,CE,Federal Contract Tower,0,2,6,0,8,0,0,2,0,2,0,2,8,0,10,0,0,0,10
03/20/2006,GLH,MS,ASO,CE,Federal Contract Tower,0,3,0,0,3,0,0,0,0,0,0,3,0,0,3,0,0,0,3
03/21/2006,GLH,MS,ASO,CE,Federal Contract Tower,0,3,15,4,22,0,0,7,0,7,0,3,22,4,29,8,36,44,73
03/22/2006,GLH,MS,ASO,CE,Federal Contract Tower,0,6,13,8,27,0,0,31,0,31,0,6,44,8,58,34,98,132,190
03/23/2006,GLH,MS,ASO,CE,Federal Contract Tower,0,5,11,3,19,0,0,21,0,21,0,5,32,3,40,16,40,56,96
03/24/2006,GLH,MS,ASO,CE,Federal Contract Tower,0,4,11,12,27,0,1,28,0,29,0,5,39,12,56,24,128,152,208
03/25/2006,GLH,MS,ASO,CE,Federal Contract Tower,2,4,10,0,16,0,0,18,0,18,2,4,28,0,34,0,0,0,34
03/26/2006,GLH,MS,ASO,CE,Federal Contract Tower,1,3,7,0,11,0,0,16,0,16,1,3,23,0,27,0,0,0,27
03/27/2006,GLH,MS,ASO,CE,Federal Contract Tower,0,3,2,8,13,0,0,37,0,37,0,3,39,8,50,6,82,88,138
03/28/2006,GLH,MS,ASO,CE,Federal Contract Tower,0,3,2,8,13,0,0,31,0,31,0,3,33,8,44,46,138,184,228
03/29/2006,GLH,MS,ASO,CE,Federal Contract Tower,0,4,0,16,20,0,0,22,0,22,0,4,22,16,42,20,200,220,262
03/30/2006,GLH,MS,ASO,CE,Federal Contract Tower,0,5,5,14,24,0,0,21,0,21,0,5,26,14,45,16,136,152,197
03/31/2006,GLH,MS,ASO,CE,Federal Contract Tower,0,4,8,0,12,0,0,13,0,13,0,4,21,0,25,20,0,20,45
04/01/2006,GLH,MS,ASO,CE,Federal Contract Tower,0,4,2,0,6,0,0,2,4,6,0,4,4,4,12,0,0,0,12
04/02/2006,GLH,MS,ASO,CE,Federal Contract Tower,0,3,1,2,6,0,0,8,0,8,0,3,9,2,14,0,0,0,14
04/03/2006,GLH,MS,ASO,CE,Federal Contract Tower,0,2,7,20,29,0,0,39,0,39,0,2,46,20,68,40,216,256,324
04/04/2006,GLH,MS,ASO,CE,Federal Contract Tower,0,3,4,6,13,0,1,26,0,27,0,4,30,6,40,0,96,96,136
04/05/2006,GLH,MS,ASO,CE,Federal Contract Tower,0,4,7,2,13,0,0,16,0,16,0,4,23,2,29,8,50,58,87
04/06/2006,GLH,MS,ASO,CE,Federal Contract Tower,2,2,12,0,16,0,2,9,0,11,2,4,21,0,27,2,0,2,29
04/07/2006,GLH,MS,ASO,CE,Federal Contract Tower,0,4,0,4,8,0,0,2,0,2,0,4,2,4,10,0,10,10,20
04/08/2006,GLH,MS,ASO,CE,Federal Contract Tower,0,4,5,0,9,0,0,12,0,12,0,4,17,0,21,0,0,0,21
04/09/2006,GLH,MS,ASO,CE,Federal Contract Tower,0,3,10,1,14,0,0,23,1,24,0,3,33,2,38,16,4,20,58
04/10/2006,GLH,MS,ASO,CE,Federal Contract Tower,0,3,5,2,10,0,0,34,0,34,0,3,39,2,44,24,60,84,128
04/11/2006,GLH,MS,ASO,CE,Federal Contract Tower,0,3,8,2,13,0,0,36,0,36,0,3,44,2,49,28,22,50,99
04/12/2006,GLH,MS,ASO,CE,Federal Contract Tower,0,3,10,4,17,0,0,23,0,23,0,3,33,4,40,18,32,50,90
04/13/2006,GLH,MS,ASO,CE,Federal Contract Tower,1,3,11,2,17,0,1,23,8,32,1,4,34,10,49,18,32,50,99
04/14/2006,GLH,MS,ASO,CE,Federal Contract Tower,0,3,5,10,18,0,1,7,0,8,0,4,12,10,26,0,128,128,154
04/15/2006,GLH,MS,ASO,CE,Federal Contract Tower,0,3,1,0,4,0,1,5,0,6,0,4,6,0,10,0,0,0,10
04/16/2006,GLH,MS,ASO,CE,Federal Contract Tower,0,2,3,0,5,0,0,9,0,9,0,2,12,0,14,0,0,0,14
04/17/2006,GLH,MS,ASO,CE,Federal Contract Tower,0,3,16,10,29,0,0,21,0,21,0,3,37,10,50,22,128,150,200
04/18/2006,GLH,MS,ASO,CE,Federal Contract Tower,0,5,6,12,23,0,0,36,0,36,0,5,42,12,59,30,154,184,243
04/19/2006,GLH,MS,ASO,CE,Federal Contract Tower,1,5,0,14,20,0,0,26,0,26,1,5,26,14,46,20,186,206,252
04/20/2006,GLH,MS,ASO,CE,Federal Contract Tower,0,4,3,8,15,0,0,30,0,30,0,4,33,8,45,16,74,90,135
04/21/2006,GLH,MS,ASO,CE,Federal Contract Tower,0,3,7,0,10,0,1,6,0,7,0,4,13,0,17,4,0,4,21
04/22/2006,GLH,MS,ASO,CE,Federal Contract Tower,0,3,4,0,7,0,0,23,2,25,0,3,27,2,32,32,0,32,64
04/23/2006,GLH,MS,ASO,CE,Federal Contract Tower,0,3,10,0,13,0,0,22,0,22,0,3,32,0,35,12,0,12,47
04/24/2006,GLH,MS,ASO,CE,Federal Contract Tower,0,4,6,4,14,0,0,23,0,23,0,4,29,4,37,22,58,80,117
04/25/2006,GLH,MS,ASO,CE,Federal Contract Tower,1,4,6,2,13,0,0,22,0,22,1,4,28,2,35,12,4,16,51
04/26/2006,GLH,MS,ASO,CE,Federal Contract Tower,2,4,19,2,27,0,0,13,0,13,2,4,32,2,40,10,20,30,70
04/27/2006,GLH,MS,ASO,CE,Federal Contract Tower,0,7,4,10,21,0,0,30,0,30,0,7,34,10,51,36,72,108,159
04/28/2006,GLH,MS,ASO,CE,Federal Contract Tower,0,5,5,7,17,0,1,27,0,28,0,6,32,7,45,16,58,74,119
04/29/2006,GLH,MS,ASO,CE,Federal Contract Tower,0,4,3,0,7,0,0,0,0,0,0,4,3,0,7,0,0,0,7
04/30/2006,GLH,MS,ASO,CE,Federal Contract Tower,0,4,11,2,17,0,0,12,4,16,0,4,23,6,33,0,6,6,39
05/01/2006,GLH,MS,ASO,CE,Federal Contract Tower,0,4,9,0,13,0,0,34,0,34,0,4,43,0,47,32,0,32,79
05/02/2006,GLH,MS,ASO,CE,Federal Contract Tower,0,4,7,9,20,0,0,20,4,24,0,4,27,13,44,20,146,166,210
05/03/2006,GLH,MS,ASO,CE,Federal Contract Tower,0,4,3,4,11,0,0,62,0,62,0,4,65,4,73,44,68,112,185
05/04/2006,GLH,MS,ASO,CE,Federal Contract Tower,0,3,10,0,13,0,0,30,0,30,0,3,40,0,43,38,0,38,81
05/05/2006,GLH,MS,ASO,CE,Federal Contract Tower,0,3,10,5,18,0,0,6,3,9,0,3,16,8,27,4,58,62,89
05/06/2006,GLH,MS,ASO,CE,Federal Contract Tower,0,4,6,0,10,0,0,8,0,8,0,4,14,0,18,2,0,2,20
05/07/2006,GLH,MS,ASO,CE,Federal Contract Tower,0,3,6,0,9,0,0,8,8,16,0,3,14,8,25,0,0,0,25
05/08/2006,GLH,MS,ASO,CE,Federal Contract Tower,0,3,10,2,15,0,0,27,0,27,0,3,37,2,42,32,42,74,116
05/09/2006,GLH,MS,ASO,CE,Federal Contract Tower,0,2,4,0,6,0,0,19,0,19,0,2,23,0,25,0,0,0,25
05/10/2006,GLH,MS,ASO,CE,Federal Contract Tower,0,5,5,5,15,0,1,14,1,16,0,6,19,6,31,4,22,26,57
05/11/2006,GLH,MS,ASO,CE,Federal Contract Tower,0,4,13,9,26,0,0,27,3,30,0,4,40,12,56,22,82,104,160
05/12/2006,GLH,MS,ASO,CE,Federal Contract Tower,0,4,11,2,17,0,0,23,0,23,0,4,34,2,40,0,22,22,62
05/13/2006,GLH,MS,ASO,CE,Federal Contract Tower,0,4,6,2,12,0,0,16,2,18,0,4,22,4,30,2,8,10,40
05/14/2006,GLH,MS,ASO,CE,Federal Contract Tower,0,5,3,0,8,0,0,12,0,12,0,5,15,0,20,0,0,0,20
05/15/2006,GLH,MS,ASO,CE,Federal Contract Tower,0,5,12,8,25,0,0,47,0,47,0,5,59,8,72,30,142,172,244
05/16/2006,GLH,MS,ASO,CE,Federal Contract Tower,2,4,5,6,17,0,0,34,0,34,2,4,39,6,51,20,108,128,179
05/17/2006,GLH,MS,ASO,CE,Federal Contract Tower,2,5,5,16,28,0,0,23,0,23,2,5,28,16,51,10,176,186,237
05/18/2006,GLH,MS,ASO,CE,Federal Contract Tower,0,3,8,10,21,0,1,26,0,27,0,4,34,10,48,18,80,98,146
05/19/2006,GLH,MS,ASO,CE,Federal Contract Tower,0,5,9,10,24,0,0,18,0,18,0,5,27,10,42,4,114,118,160
05/20/2006,GLH,MS,ASO,CE,Federal Contract Tower,0,3,8,0,11,0,1,17,0,18,0,4,25,0,29,4,0,4,33
05/21/2006,GLH,MS,ASO,CE,Federal Contract Tower,0,3,10,0,13,0,1,12,0,13,0,4,22,0,26,16,0,16,42
05/22/2006,GLH,MS,ASO,CE,Federal Contract Tower,0,3,6,13,22,0,0,25,0,25,0,3,31,13,47,8,242,250,297
05/23/2006,GLH,MS,ASO,CE,Federal Contract Tower,0,4,11,6,21,0,0,35,1,36,0,4,46,7,57,30,104,134,191
05/24/2006,GLH,MS,ASO,CE,Federal Contract Tower,0,3,4,0,7,0,1,33,0,34,0,4,37,0,41,6,0,6,47
05/25/2006,GLH,MS,ASO,CE,Federal Contract Tower,0,4,10,7,21,0,0,43,1,44,0,4,53,8,65,32,60,92,157
05/26/2006,GLH,MS,ASO,CE,Federal Contract Tower,0,2,5,0,7,0,2,40,0,42,0,4,45,0,49,18,0,18,67
05/27/2006,GLH,MS,ASO,CE,Federal Contract Tower,0,2,0,0,2,0,0,15,0,15,0,2,15,0,17,10,0,10,27
05/28/2006,GLH,MS,ASO,CE,Federal Contract Tower,0,2,1,0,3,0,0,12,2,14,0,2,13,2,17,2,0,2,19
05/29/2006,GLH,MS,ASO,CE,Federal Contract Tower,0,3,8,0,11,0,0,7,0,7,0,3,15,0,18,0,0,0,18
05/30/2006,GLH,MS,ASO,CE,Federal Contract Tower,2,3,1,2,8,0,1,23,0,24,2,4,24,2,32,4,36,40,72
05/31/2006,GLH,MS,ASO,CE,Federal Contract Tower,0,4,5,2,11,0,0,13,0,13,0,4,18,2,24,0,18,18,42
06/01/2006,GLH,MS,ASO,CE,Federal Contract Tower,0,2,9,14,25,0,1,21,0,22,0,3,30,14,47,12,88,100,147
06/02/2006,GLH,MS,ASO,CE,Federal Contract Tower,0,3,5,4,12,0,1,17,0,18,0,4,22,4,30,12,30,42,72
06/03/2006,GLH,MS,ASO,CE,Federal Contract Tower,0,3,4,0,7,0,0,32,0,32,0,3,36,0,39,34,0,34,73
06/04/2006,GLH,MS,ASO,CE,Federal Contract Tower,0,3,2,0,5,0,1,25,0,26,0,4,27,0,31,20,0,20,51
06/05/2006,GLH,MS,ASO,CE,Federal Contract Tower,0,2,0,6,8,0,0,32,6,38,0,2,32,12,46,12,114,126,172
06/06/2006,GLH,MS,ASO,CE,Federal Contract Tower,0,3,5,2,10,0,0,35,10,45,0,3,40,12,55,26,44,70,125
06/07/2006,GLH,MS,ASO,CE,Federal Contract Tower,2,2,5,9,18,0,0,35,11,46,2,2,40,20,64,22,60,82,146
06/08/2006,GLH,MS,ASO,CE,Federal Contract Tower,0,4,2,0,6,0,0,19,9,28,0,4,21,9,34,10,0,10,44
06/09/2006,GLH,MS,ASO,CE,Federal Contract Tower,1,4,9,7,21,0,0,13,3,16,1,4,22,10,37,18,90,108,145
06/10/2006,GLH,MS,ASO,CE,Federal Contract Tower,0,3,3,0,6,0,0,18,0,18,0,3,21,0,24,2,0,2,26
06/11/2006,GLH,MS,ASO,CE,Federal Contract Tower,0,3,2,0,5,0,0,15,0,15,0,3,17,0,20,0,0,0,20
06/12/2006,GLH,MS,ASO,CE,Federal Contract Tower,0,3,0,10,13,0,0,17,0,17,0,3,17,10,30,6,100,106,136
06/13/2006,GLH,MS,ASO,CE,Federal Contract Tower,0,4,5,10,19,0,0,39,0,39,0,4,44,10,58,18,142,160,218
06/14/2006,GLH,MS,ASO,CE,Federal Contract Tower,0,2,10,8,20,0,2,26,0,28,0,4,36,8,48,12,102,114,162
06/15/2006,GLH,MS,ASO,CE,Federal Contract Tower,0,3,6,8,17,0,0,40,0,40,0,3,46,8,57,6,88,94,151
06/16/2006,GLH,MS,ASO,CE,Federal Contract Tower,0,5,3,6,14,0,1,19,0,20,0,6,22,6,34,0,76,76,110
06/17/2006,GLH,MS,ASO,CE,Federal Contract Tower,0,4,5,0,9,0,0,10,0,10,0,4,15,0,19,0,0,0,19
06/18/2006,GLH,MS,ASO,CE,Federal Contract Tower,0,3,12,0,15,0,0,23,0,23,0,3,35,0,38,0,0,0,38
06/19/2006,GLH,MS,ASO,CE,Federal Contract Tower,0,3,11,6,20,0,1,33,0,34,0,4,44,6,54,0,74,74,128
06/20/2006,GLH,MS,ASO,CE,Federal Contract Tower,0,4,5,6,15,0,0,67,0,67,0,4,72,6,82,18,78,96,178
06/21/2006,GLH,MS,ASO,CE,Federal Contract Tower,1,4,1,6,12,0,0,50,0,50,1,4,51,6,62,12,116,128,190
06/22/2006,GLH,MS,ASO,CE,Federal Contract Tower,0,5,2,7,14,0,0,20,4,24,0,5,22,11,38,10,78,88,126
06/23/2006,GLH,MS,ASO,CE,Federal Contract Tower,1,3,10,6,20,0,0,28,0,28,1,3,38,6,48,6,60,66,114
06/24/2006,GLH,MS,ASO,CE,Federal Contract Tower,0,4,5,0,9,0,0,12,2,14,0,4,17,2,23,6,0,6,29
06/25/2006,GLH,MS,ASO,CE,Federal Contract Tower,0,4,5,0,9,0,0,18,0,18,0,4,23,0,27,0,0,0,27
06/26/2006,GLH,MS,ASO,CE,Federal Contract Tower,0,3,2,4,9,0,0,19,0,19,0,3,21,4,28,6,40,46,74
06/27/2006,GLH,MS,ASO,CE,Federal Contract Tower,0,4,1,12,17,0,0,45,0,45,0,4,46,12,62,22,152,174,236
06/28/2006,GLH,MS,ASO,CE,Federal Contract Tower,1,4,12,6,23,0,0,32,0,32,1,4,44,6,55,0,42,42,97
06/29/2006,GLH,MS,ASO,CE,Federal Contract Tower,0,9,2,10,21,0,1,23,0,24,0,10,25,10,45,4,86,90,135
06/30/2006,GLH,MS,ASO,CE,Federal Contract Tower,0,4,5,5,14,0,0,29,1,30,0,4,34,6,44,6,26,32,76
07/01/2006,GLH,MS,ASO,CE,Federal Contract Tower,0,4,2,0,6,0,1,16,0,17,0,5,18,0,23,0,0,0,23
07/02/2006,GLH,MS,ASO,CE,Federal Contract Tower,0,3,5,0,8,0,0,16,2,18,0,3,21,2,26,0,0,0,26
07/03/2006,GLH,MS,ASO,CE,Federal Contract Tower,0,3,3,0,6,0,0,25,0,25,0,3,28,0,31,0,0,0,31
07/04/2006,GLH,MS,ASO,CE,Federal Contract Tower,0,3,0,0,3,0,0,10,0,10,0,3,10,0,13,0,0,0,13
07/05/2006,GLH,MS,ASO,CE,Federal Contract Tower,0,3,3,8,14,0,1,30,0,31,0,4,33,8,45,4,64,68,113
07/06/2006,GLH,MS,ASO,CE,Federal Contract Tower,0,3,6,10,19,0,0,18,0,18,0,3,24,10,37,14,112,126,163
07/07/2006,GLH,MS,ASO,CE,Federal Contract Tower,0,2,7,2,11,0,0,36,0,36,0,2,43,2,47,6,24,30,77
07/08/2006,GLH,MS,ASO,CE,Federal Contract Tower,0,3,5,0,8,0,0,23,0,23,0,3,28,0,31,4,0,4,35
07/09/2006,GLH,MS,ASO,CE,Federal Contract Tower,0,3,3,0,6,0,0,11,0,11,0,3,14,0,17,0,0,0,17
07/10/2006,GLH,MS,ASO,CE,Federal Contract Tower,0,3,6,6,15,0,0,23,4,27,0,3,29,10,42,10,62,72,114
07/11/2006,GLH,MS,ASO,CE,Federal Contract Tower,0,4,6,14,24,0,0,44,1,45,0,4,50,15,69,0,118,118,187
07/12/2006,GLH,MS,ASO,CE,Federal Contract Tower,0,4,2,6,12,0,0,43,0,43,0,4,45,6,55,2,60,62,117
07/13/2006,GLH,MS,ASO,CE,Federal Contract Tower,2,4,5,8,19,0,0,33,0,33,2,4,38,8,52,0,98,98,150
07/14/2006,GLH,MS,ASO,CE,Federal Contract Tower,0,4,4,13,21,0,0,37,0,37,0,4,41,13,58,0,156,156,214
07/15/2006,GLH,MS,ASO,CE,Federal Contract Tower,0,5,2,0,7,0,0,7,0,7,0,5,9,0,14,0,0,0,14
07/16/2006,GLH,MS,ASO,CE,Federal Contract Tower,0,3,6,0,9,0,0,10,0,10,0,3,16,0,19,0,0,0,19
07/17/2006,GLH,MS,ASO,CE,Federal Contract Tower,0,3,8,14,25,0,0,50,0,50,0,3,58,14,75,12,168,180,255
07/18/2006,GLH,MS,ASO,CE,Federal Contract Tower,0,4,5,8,17,0,0,37,0,37,0,4,42,8,54,6,134,140,194
07/19/2006,GLH,MS,ASO,CE,Federal Contract Tower,0,6,2,8,16,0,0,13,4,17,0,6,15,12,33,12,78,90,123
07/20/2006,GLH,MS,ASO,CE,Federal Contract Tower,0,5,1,6,12,0,0,9,0,9,0,5,10,6,21,0,120,120,141
07/21/2006,GLH,MS,ASO,CE,Federal Contract Tower,1,4,13,13,31,0,1,12,1,14,1,5,25,14,45,20,132,152,197
07/22/2006,GLH,MS,ASO,CE,Federal Contract Tower,0,3,4,0,7,0,0,21,1,22,0,3,25,1,29,28,0,28,57
07/23/2006,GLH,MS,ASO,CE,Federal Contract Tower,0,5,3,0,8,0,0,16,0,16,0,5,19,0,24,2,0,2,26
07/24/2006,GLH,MS,ASO,CE,Federal Contract Tower,0,3,3,16,22,0,1,14,0,15,0,4,17,16,37,10,258,268,305
07/25/2006,GLH,MS,ASO,CE,Federal Contract Tower,0,3,22,12,37,0,0,41,0,41,0,3,63,12,78,8,144,152,230
07/26/2006,GLH,MS,ASO,CE,Federal Contract Tower,0,8,4,2,14,0,0,10,0,10,0,8,14,2,24,0,0,0,24
07/27/2006,GLH,MS,ASO,CE,Federal Contract Tower,0,4,6,0,10,0,0,7,2,9,0,4,13,2,19,4,0,4,23
07/28/2006,GLH,MS,ASO,CE,Federal Contract Tower,2,4,12,0,18,0,0,18,0,18,2,4,30,0,36,0,0,0,36
07/29/2006,GLH,MS,ASO,CE,Federal Contract Tower,0,3,5,0,8,0,0,3,0,3,0,3,8,0,11,0,0,0,11
07/30/2006,GLH,MS,ASO,CE,Federal Contract Tower,0,3,4,0,7,0,0,11,0,11,0,3,15,0,18,0,0,0,18
07/31/2006,GLH,MS,ASO,CE,Federal Contract Tower,0,6,10,4,20,0,0,22,0,22,0,6,32,4,42,38,28,66,108
08/01/2006,GLH,MS,ASO,CE,Federal Contract Tower,0,5,5,2,12,0,0,44,0,44,0,5,49,2,56,12,6,18,74
08/02/2006,GLH,MS,ASO,CE,Federal Contract Tower,0,6,6,9,21,0,0,14,1,15,0,6,20,10,36,10,64,74,110
08/03/2006,GLH,MS,ASO,CE,Federal Contract Tower,0,4,6,8,18,0,0,5,8,13,0,4,11,16,31,0,42,42,73
08/04/2006,GLH,MS,ASO,CE,Federal Contract Tower,2,2,7,12,23,0,1,10,2,13,2,3,17,14,36,0,88,88,124
08/05/2006,GLH,MS,ASO,CE,Federal Contract Tower,0,4,2,0,6,0,0,15,0,15,0,4,17,0,21,0,0,0,21
08/06/2006,GLH,MS,ASO,CE,Federal Contract Tower,0,3,11,0,14,0,0,11,0,11,0,3,22,0,25,0,0,0,25
08/07/2006,GLH,MS,ASO,CE,Federal Contract Tower,0,1,9,12,22,0,0,35,0,35,0,1,44,12,57,2,130,132,189
08/08/2006,GLH,MS,ASO,CE,Federal Contract Tower,0,4,2,10,16,0,0,25,0,25,0,4,27,10,41,0,124,124,165
08/09/2006,GLH,MS,ASO,CE,Federal Contract Tower,0,3,6,14,23,0,0,25,0,25,0,3,31,14,48,6,202,208,256
08/10/2006,GLH,MS,ASO,CE,Federal Contract Tower,0,3,0,13,16,0,0,7,0,7,0,3,7,13,23,4,104,108,131
08/11/2006,GLH,MS,ASO,CE,Federal Contract Tower,0,4,14,4,22,0,0,14,1,15,0,4,28,5,37,10,56,66,103
08/12/2006,GLH,MS,ASO,CE,Federal Contract Tower,0,4,1,2,7,0,0,0,0,0,0,4,1,2,7,0,0,0,7
08/13/2006,GLH,MS,ASO,CE,Federal Contract Tower,0,3,1,0,4,0,0,15,0,15,0,3,16,0,19,0,0,0,19
08/14/2006,GLH,MS,ASO,CE,Federal Contract Tower,0,3,2,11,16,0,0,8,6,14,0,3,10,17,30,0,126,126,156
08/15/2006,GLH,MS,ASO,CE,Federal Contract Tower,0,4,0,4,8,0,0,14,0,14,0,4,14,4,22,0,64,64,86
08/16/2006,GLH,MS,ASO,CE,Federal Contract Tower,0,6,11,6,23,0,0,35,0,35,0,6,46,6,58,2,102,104,162
08/17/2006,GLH,MS,ASO,CE,Federal Contract Tower,0,3,5,8,16,0,0,23,2,25,0,3,28,10,41,2,56,58,99
08/18/2006,GLH,MS,ASO,CE,Federal Contract Tower,0,3,12,2,17,0,0,40,0,40,0,3,52,2,57,20,22,42,99
08/19/2006,GLH,MS,ASO,CE,Federal Contract Tower,0,4,8,0,12,0,0,23,0,23,0,4,31,0,35,0,0,0,35
08/20/2006,GLH,MS,ASO,CE,Federal Contract Tower,0,3,2,2,7,0,0,16,0,16,0,3,18,2,23,0,0,0,23
08/21/2006,GLH,MS,ASO,CE,Federal Contract Tower,0,5,7,8,20,0,0,19,0,19,0,5,26,8,39,4,148,152,191
08/22/2006,GLH,MS,ASO,CE,Federal Contract Tower,0,4,11,3,18,0,0,14,0,14,0,4,25,3,32,14,22,36,68
08/23/2006,GLH,MS,ASO,CE,Federal Contract Tower,0,4,7,4,15,0,0,5,0,5,0,4,12,4,20,4,50,54,74
08/24/2006,GLH,MS,ASO,CE,Federal Contract Tower,1,3,5,2,11,0,0,20,0,20,1,3,25,2,31,2,38,40,71
08/25/2006,GLH,MS,ASO,CE,Federal Contract Tower,0,4,8,8,20,0,0,15,0,15,0,4,23,8,35,2,54,56,91
08/26/2006,GLH,MS,ASO,CE,Federal Contract Tower,0,4,10,0,14,0,0,11,0,11,0,4,21,0,25,4,0,4,29
08/27/2006,GLH,MS,ASO,CE,Federal Contract Tower,0,2,2,0,4,0,0,4,0,4,0,2,6,0,8,0,0,0,8
08/28/2006,GLH,MS,ASO,CE,Federal Contract Tower,0,3,8,5,16,0,0,5,1,6,0,3,13,6,22,4,64,68,90
08/29/2006,GLH,MS,ASO,CE,Federal Contract Tower,0,4,3,7,14,0,0,33,1,34,0,4,36,8,48,6,8,14,62
08/30/2006,GLH,MS,ASO,CE,Federal Contract Tower,0,5,7,10,22,0,0,22,0,22,0,5,29,10,44,6,84,90,134
08/31/2006,GLH,MS,ASO,CE,Federal Contract Tower,1,4,4,8,17,0,0,47,2,49,1,4,51,10,66,20,76,96,162
09/01/2006,GLH,MS,ASO,CE,Federal Contract Tower,1,4,9,0,14,0,0,23,0,23,1,4,32,0,37,2,0,2,39
09/02/2006,GLH,MS,ASO,CE,Federal Contract Tower,0,2,8,0,10,0,0,22,0,22,0,2,30,0,32,0,0,0,32
09/03/2006,GLH,MS,ASO,CE,Federal Contract Tower,0,3,6,0,9,0,0,18,0,18,0,3,24,0,27,0,0,0,27
09/04/2006,GLH,MS,ASO,CE,Federal Contract Tower,0,1,6,0,7,0,0,29,0,29,0,1,35,0,36,0,0,0,36
09/05/2006,GLH,MS,ASO,CE,Federal Contract Tower,0,4,6,9,19,0,0,24,1,25,0,4,30,10,44,6,100,106,150
09/06/2006,GLH,MS,ASO,CE,Federal Contract Tower,0,4,7,10,21,0,1,24,0,25,0,5,31,10,46,8,120,128,174
09/07/2006,GLH,MS,ASO,CE,Federal Contract Tower,0,4,3,4,11,0,1,32,0,33,0,5,35,4,44,8,48,56,100
09/08/2006,GLH,MS,ASO,CE,Federal Contract Tower,0,4,5,5,14,0,0,19,2,21,0,4,24,7,35,4,28,32,67
09/09/2006,GLH,MS,ASO,CE,Federal Contract Tower,1,6,4,0,11,0,0,37,1,38,1,6,41,1,49,0,0,0,49
09/10/2006,GLH,MS,ASO,CE,Federal Contract Tower,0,3,4,0,7,0,0,10,2,12,0,3,14,2,19,0,0,0,19
09/11/2006,GLH,MS,ASO,CE,Federal Contract Tower,0,3,13,8,24,0,0,18,0,18,0,3,31,8,42,20,152,172,214
09/12/2006,GLH,MS,ASO,CE,Federal Contract Tower,0,6,12,0,18,0,0,18,0,18,0,6,30,0,36,6,0,6,42
09/13/2006,GLH,MS,ASO,CE,Federal Contract Tower,0,6,7,11,24,0,0,19,0,19,0,6,26,11,43,16,170,186,229
09/14/2006,GLH,MS,ASO,CE,Federal Contract Tower,0,4,4,4,12,0,0,38,0,38,0,4,42,4,50,26,32,58,108
09/15/2006,GLH,MS,ASO,CE,Federal Contract Tower,0,4,6,7,17,0,0,36,1,37,0,4,42,8,54,28,76,104,158
09/16/2006,GLH,MS,ASO,CE,Federal Contract Tower,2,5,0,0,7,0,0,9,0,9,2,5,9,0,16,2,0,2,18
09/17/2006,GLH,MS,ASO,CE,Federal Contract Tower,1,3,8,0,12,0,0,7,0,7,1,3,15,0,19,0,0,0,19
09/18/2006,GLH,MS,ASO,CE,Federal Contract Tower,0,3,2,4,9,0,0,0,0,0,0,3,2,4,9,4,28,32,41
09/19/2006,GLH,MS,ASO,CE,Federal Contract Tower,1,5,6,9,21,0,0,38,2,40,1,5,44,11,61,18,98,116,177
09/20/2006,GLH,MS,ASO,CE,Federal Contract Tower,0,4,12,8,24,0,0,40,0,40,0,4,52,8,64,18,94,112,176
09/21/2006,GLH,MS,ASO,CE,Federal Contract Tower,0,6,3,6,15,0,0,16,0,16,0,6,19,6,31,6,68,74,105
09/22/2006,GLH,MS,ASO,CE,Federal Contract Tower,0,4,3,5,12,0,0,7,1,8,0,4,10,6,20,0,18,18,38
09/23/2006,GLH,MS,ASO,CE,Federal Contract Tower,0,8,1,2,11,0,0,7,0,7,0,8,8,2,18,0,0,0,18
09/24/2006,GLH,MS,ASO,CE,Federal Contract Tower,2,3,4,0,9,0,0,15,0,15,2,3,19,0,24,16,0,16,40
09/25/2006,GLH,MS,ASO,CE,Federal Contract Tower,0,3,4,11,18,0,0,32,1,33,0,3,36,12,51,18,184,202,253
09/26/2006,GLH,MS,ASO,CE,Federal Contract Tower,0,4,4,4,12,0,0,36,0,36,0,4,40,4,48,14,64,78,126
09/27/2006,GLH,MS,ASO,CE,Federal Contract Tower,0,4,3,10,17,0,1,18,9,28,0,5,21,19,45,10,94,104,149
09/28/2006,GLH,MS,ASO,CE,Federal Contract Tower,0,4,3,0,7,0,0,23,0,23,0,4,26,0,30,26,0,26,56
09/29/2006,GLH,MS,ASO,CE,Federal Contract Tower,0,4,6,0,10,0,0,15,0,15,0,4,21,0,25,16,0,16,41
09/30/2006,GLH,MS,ASO,CE,Federal Contract Tower,0,6,11,0,17,0,0,25,0,25,0,6,36,0,42,40,0,40,82
10/01/2006,GLH,MS,ASO,CE,Federal Contract Tower,1,3,5,0,9,0,0,21,0,21,1,3,26,0,30,26,0,26,56
10/02/2006,GLH,MS,ASO,CE,Federal Contract Tower,1,3,6,4,14,0,0,32,0,32,1,3,38,4,46,24,30,54,100
10/03/2006,GLH,MS,ASO,CE,Federal Contract Tower,1,4,2,6,13,0,0,24,2,26,1,4,26,8,39,6,58,64,103
10/04/2006,GLH,MS,ASO,CE,Federal Contract Tower,1,4,6,8,19,0,0,23,0,23,1,4,29,8,42,8,114,122,164
10/05/2006,GLH,MS,ASO,CE,Federal Contract Tower,0,4,12,4,20,0,0,15,0,15,0,4,27,4,35,8,38,46,81
10/06/2006,GLH,MS,ASO,CE,Federal Contract Tower,0,5,12,2,19,0,0,9,5,14,0,5,21,7,33,0,2,2,35
10/07/2006,GLH,MS,ASO,CE,Federal Contract Tower,1,4,0,0,5,0,0,10,0,10,1,4,10,0,15,0,0,0,15
10/08/2006,GLH,MS,ASO,CE,Federal Contract Tower,1,3,5,0,9,0,0,12,0,12,1,3,17,0,21,0,0,0,21
10/09/2006,GLH,MS,ASO,CE,Federal Contract Tower,0,3,5,0,8,0,0,18,0,18,0,3,23,0,26,10,0,10,36
10/10/2006,GLH,MS,ASO,CE,Federal Contract Tower,1,3,2,10,16,0,0,23,0,23,1,3,25,10,39,20,92,112,151
10/11/2006,GLH,MS,ASO,CE,Federal Contract Tower,1,6,4,16,27,0,0,19,0,19,1,6,23,16,46,6,182,188,234
10/12/2006,GLH,MS,ASO,CE,Federal Contract Tower,2,8,18,6,34,0,2,27,0,29,2,10,45,6,63,18,44,62,125
10/13/2006,GLH,MS,ASO,CE,Federal Contract Tower,0,5,5,8,18,0,3,26,0,29,0,8,31,8,47,8,74,82,129
10/14/2006,GLH,MS,ASO,CE,Federal Contract Tower,0,3,4,0,7,0,0,15,0,15,0,3,19,0,22,10,0,10,32
10/15/2006,GLH,MS,ASO,CE,Federal Contract Tower,2,3,2,3,10,0,0,12,1,13,2,3,14,4,23,0,18,18,41
10/16/2006,GLH,MS,ASO,CE,Federal Contract Tower,0,3,2,0,5,0,0,0,0,0,0,3,2,0,5,0,0,0,5
10/17/2006,GLH,MS,ASO,CE,Federal Contract Tower,1,4,6,6,17,0,0,20,0,20,1,4,26,6,37,8,68,76,113
10/18/2006,GLH,MS,ASO,CE,Federal Contract Tower,0,4,6,4,14,0,0,16,0,16,0,4,22,4,30,14,38,52,82
10/19/2006,GLH,MS,ASO,CE,Federal Contract Tower,0,3,8,0,11,0,0,0,0,0,0,3,8,0,11,0,0,0,11
10/20/2006,GLH,MS,ASO,CE,Federal Contract Tower,0,5,2,5,12,0,0,10,16,26,0,5,12,21,38,6,54,60,98
10/21/2006,GLH,MS,ASO,CE,Federal Contract Tower,1,4,7,0,12,0,0,7,0,7,1,4,14,0,19,12,0,12,31
10/22/2006,GLH,MS,ASO,CE,Federal Contract Tower,2,4,7,2,15,0,0,5,0,5,2,4,12,2,20,0,10,10,30
10/23/2006,GLH,MS,ASO,CE,Federal Contract Tower,0,5,5,4,14,0,1,27,0,28,0,6,32,4,42,8,50,58,100
10/24/2006,GLH,MS,ASO,CE,Federal Contract Tower,0,5,3,10,18,0,0,27,2,29,0,5,30,12,47,10,140,150,197
10/25/2006,GLH,MS,ASO,CE,Federal Contract Tower,1,2,9,2,14,0,0,13,0,13,1,2,22,2,27,10,34,44,71
10/26/2006,GLH,MS,ASO,CE,Federal Contract Tower,0,2,6,0,8,0,0,1,0,1,0,2,7,0,9,2,0,2,11
10/27/2006,GLH,MS,ASO,CE,Federal Contract Tower,0,4,5,6,15,0,0,12,2,14,0,4,17,8,29,6,22,28,57
10/28/2006,GLH,MS,ASO,CE,Federal Contract Tower,0,6,11,1,18,0,0,44,1,45,0,6,55,2,63,0,0,0,63
10/29/2006,GLH,MS,ASO,CE,Federal Contract Tower,2,5,6,0,13,0,0,26,0,26,2,5,32,0,39,10,0,10,49
10/30/2006,GLH,MS,ASO,CE,Federal Contract Tower,0,5,2,4,11,0,0,25,0,25,0,5,27,4,36,10,64,74,110
10/31/2006,GLH,MS,ASO,CE,Federal Contract Tower,3,4,4,2,13,0,0,13,0,13,3,4,17,2,26,14,34,48,74
11/01/2006,GLH,MS,ASO,CE,Federal Contract Tower,0,4,13,0,17,0,0,0,0,0,0,4,13,0,17,0,0,0,17
11/02/2006,GLH,MS,ASO,CE,Federal Contract Tower,0,7,2,15,24,0,0,23,1,24,0,7,25,16,48,12,122,134,182
11/03/2006,GLH,MS,ASO,CE,Federal Contract Tower,0,5,4,14,23,0,0,23,8,31,0,5,27,22,54,2,122,124,178
11/04/2006,GLH,MS,ASO,CE,Federal Contract Tower,1,3,5,0,9,0,0,13,0,13,1,3,18,0,22,16,0,16,38
11/05/2006,GLH,MS,ASO,CE,Federal Contract Tower,0,3,0,6,9,0,0,12,0,12,0,3,12,6,21,10,24,34,55
11/06/2006,GLH,MS,ASO,CE,Federal Contract Tower,0,3,2,0,5,0,0,0,0,0,0,3,2,0,5,0,0,0,5
11/07/2006,GLH,MS,ASO,CE,Federal Contract Tower,0,4,5,20,29,0,0,8,0,8,0,4,13,20,37,4,64,68,105
11/08/2006,GLH,MS,ASO,CE,Federal Contract Tower,2,4,8,2,16,0,0,12,22,34,2,4,20,24,50,6,20,26,76
11/09/2006,GLH,MS,ASO,CE,Federal Contract Tower,0,3,11,4,18,0,0,14,0,14,0,3,25,4,32,16,22,38,70
11/10/2006,GLH,MS,ASO,CE,Federal Contract Tower,0,4,7,0,11,0,0,26,0,26,0,4,33,0,37,10,0,10,47
11/11/2006,GLH,MS,ASO,CE,Federal Contract Tower,0,4,5,5,14,0,0,9,1,10,0,4,14,6,24,0,10,10,34
11/12/2006,GLH,MS,ASO,CE,Federal Contract Tower,0,3,2,0,5,0,0,11,0,11,0,3,13,0,16,0,0,0,16
11/13/2006,GLH,MS,ASO,CE,Federal Contract Tower,0,3,13,2,18,0,0,19,0,19,0,3,32,2,37,26,2,28,65
11/14/2006,GLH,MS,ASO,CE,Federal Contract Tower,0,4,8,2,14,0,0,4,0,4,0,4,12,2,18,0,32,32,50
11/15/2006,GLH,MS,ASO,CE,Federal Contract Tower,0,4,3,2,9,0,0,0,0,0,0,4,3,2,9,0,6,6,15
11/16/2006,GLH,MS,ASO,CE,Federal Contract Tower,3,6,1,10,20,0,1,10,1,12,3,7,11,11,32,10,118,128,160
11/17/2006,GLH,MS,ASO,CE,Federal Contract Tower,2,4,12,6,24,0,0,15,0,15,2,4,27,6,39,4,90,94,133
11/18/2006,GLH,MS,ASO,CE,Federal Contract Tower,1,4,4,4,13,0,0,9,2,11,1,4,13,6,24,0,52,52,76
11/19/2006,GLH,MS,ASO,CE,Federal Contract Tower,0,3,9,0,12,0,0,25,0,25,0,3,34,0,37,18,0,18,55
11/20/2006,GLH,MS,ASO,CE,Federal Contract Tower,0,3,5,6,14,0,0,34,0,34,0,3,39,6,48,24,62,86,134
11/21/2006,GLH,MS,ASO,CE,Federal Contract Tower,0,4,9,12,25,0,0,22,0,22,0,4,31,12,47,72,148,220,267
11/22/2006,GLH,MS,ASO,CE,Federal Contract Tower,0,4,5,6,15,0,0,13,0,13,0,4,18,6,28,0,60,60,88
11/23/2006,GLH,MS,ASO,CE,Federal Contract Tower,1,3,4,0,8,0,0,5,0,5,1,3,9,0,13,0,0,0,13
11/24/2006,GLH,MS,ASO,CE,Federal Contract Tower,2,5,2,0,9,0,0,17,0,17,2,5,19,0,26,0,0,0,26
11/25/2006,GLH,MS,ASO,CE,Federal Contract Tower,0,3,0,0,3,0,0,16,0,16,0,3,16,0,19,16,0,16,35
11/26/2006,GLH,MS,ASO,CE,Federal Contract Tower,0,4,10,0,14,0,0,17,0,17,0,4,27,0,31,10,0,10,41
11/27/2006,GLH,MS,ASO,CE,Federal Contract Tower,0,3,6,2,11,0,0,22,0,22,0,3,28,2,33,14,48,62,95
11/28/2006,GLH,MS,ASO,CE,Federal Contract Tower,4,4,9,20,37,0,0,8,6,14,4,4,17,26,51,0,42,42,93
11/29/2006,GLH,MS,ASO,CE,Federal Contract Tower,0,4,7,22,33,0,0,16,0,16,0,4,23,22,49,8,190,198,247
11/30/2006,GLH,MS,ASO,CE,Federal Contract Tower,0,4,2,2,8,0,0,0,0,0,0,4,2,2,8,0,22,22,30
12/01/2006,GLH,MS,ASO,CE,Federal Contract Tower,0,3,4,8,15,0,0,10,0,10,0,3,14,8,25,8,94,102,127
12/02/2006,GLH,MS,ASO,CE,Federal Contract Tower,1,6,0,2,9,0,0,13,0,13,1,6,13,2,22,0,34,34,56
12/03/2006,GLH,MS,ASO,CE,Federal Contract Tower,0,3,2,0,5,0,0,10,0,10,0,3,12,0,15,8,0,8,23
12/04/2006,GLH,MS,ASO,CE,Federal Contract Tower,2,3,4,3,12,0,0,16,1,17,2,3,20,4,29,10,80,90,119
12/05/2006,GLH,MS,ASO,CE,Federal Contract Tower,0,5,6,4,15,0,0,27,0,27,0,5,33,4,42,20,60,80,122
12/06/2006,GLH,MS,ASO,CE,Federal Contract Tower,2,4,7,6,19,0,0,13,0,13,2,4,20,6,32,8,20,28,60
12/07/2006,GLH,MS,ASO,CE,Federal Contract Tower,0,7,3,2,12,0,0,15,0,15,0,7,18,2,27,4,28,32,59
12/08/2006,GLH,MS,ASO,CE,Federal Contract Tower,0,8,9,6,23,0,0,23,0,23,0,8,32,6,46,22,126,148,194
12/09/2006,GLH,MS,ASO,CE,Federal Contract Tower,3,3,3,0,9,0,0,14,0,14,3,3,17,0,23,2,0,2,25
12/10/2006,GLH,MS,ASO,CE,Federal Contract Tower,2,3,5,0,10,0,1,11,0,12,2,4,16,0,22,4,0,4,26
12/11/2006,GLH,MS,ASO,CE,Federal Contract Tower,0,7,2,2,11,0,0,6,0,6,0,7,8,2,17,12,0,12,29
12/12/2006,GLH,MS,ASO,CE,Federal Contract Tower,2,9,6,3,20,0,0,6,5,11,2,9,12,8,31,6,70,76,107
12/13/2006,GLH,MS,ASO,CE,Federal Contract Tower,0,4,3,16,23,2,0,32,0,34,2,4,35,16,57,26,162,188,245
12/14/2006,GLH,MS,ASO,CE,Federal Contract Tower,1,7,6,11,25,0,0,21,1,22,1,7,27,12,47,18,74,92,139
12/15/2006,GLH,MS,ASO,CE,Federal Contract Tower,1,6,8,1,16,2,0,0,1,3,3,6,8,2,19,0,0,0,19
12/16/2006,GLH,MS,ASO,CE,Federal Contract Tower,0,5,8,0,13,0,0,8,0,8,0,5,16,0,21,10,0,10,31
12/17/2006,GLH,MS,ASO,CE,Federal Contract Tower,0,4,4,0,8,0,0,4,0,4,0,4,8,0,12,4,0,4,16
12/18/2006,GLH,MS,ASO,CE,Federal Contract Tower,0,9,2,6,17,0,0,0,0,0,0,9,2,6,17,0,42,42,59
12/19/2006,GLH,MS,ASO,CE,Federal Contract Tower,1,5,1,0,7,0,0,0,0,0,1,5,1,0,7,0,0,0,7
12/20/2006,GLH,MS,ASO,CE,Federal Contract Tower,0,6,3,6,15,0,0,5,0,5,0,6,8,6,20,0,80,80,100
12/21/2006,GLH,MS,ASO,CE,Federal Contract Tower,0,4,4,2,10,0,0,2,0,2,0,4,6,2,12,0,4,4,16
12/22/2006,GLH,MS,ASO,CE,Federal Contract Tower,0,5,4,0,9,0,0,7,0,7,0,5,11,0,16,4,0,4,20
12/23/2006,GLH,MS,ASO,CE,Federal Contract Tower,0,4,4,0,8,0,0,9,0,9,0,4,13,0,17,0,0,0,17
12/24/2006,GLH,MS,ASO,CE,Federal Contract Tower,0,2,2,0,4,0,0,6,0,6,0,2,8,0,10,0,0,0,10
12/25/2006,GLH,MS,ASO,CE,Federal Contract Tower,0,3,4,0,7,0,0,0,0,0,0,3,4,0,7,0,0,0,7
12/26/2006,GLH,MS,ASO,CE,Federal Contract Tower,1,1,10,0,12,0,0,13,0,13,1,1,23,0,25,28,0,28,53
12/27/2006,GLH,MS,ASO,CE,Federal Contract Tower,0,6,4,0,10,0,3,17,0,20,0,9,21,0,30,12,0,12,42
12/28/2006,GLH,MS,ASO,CE,Federal Contract Tower,0,4,3,2,9,0,1,7,2,10,0,5,10,4,19,4,8,12,31
12/29/2006,GLH,MS,ASO,CE,Federal Contract Tower,0,4,4,0,8,0,0,3,0,3,0,4,7,0,11,0,0,0,11
12/30/2006,GLH,MS,ASO,CE,Federal Contract Tower,0,5,7,0,12,0,0,0,0,0,0,5,7,0,12,0,0,0,12
12/31/2006,GLH,MS,ASO,CE,Federal Contract Tower,0,3,5,0,8,0,0,0,0,0,0,3,5,0,8,0,0,0,8
01/01/2007,GLH,MS,ASO,CE,Federal Contract Tower,0,0,5,0,5,0,0,5,0,5,0,0,10,0,10,2,0,2,12
01/02/2007,GLH,MS,ASO,CE,Federal Contract Tower,0,3,10,2,15,0,0,29,0,29,0,3,39,2,44,2,0,2,46
01/03/2007,GLH,MS,ASO,CE,Federal Contract Tower,1,3,10,6,20,1,0,21,0,22,2,3,31,6,42,6,78,84,126
01/04/2007,GLH,MS,ASO,CE,Federal Contract Tower,1,4,2,3,10,0,0,0,1,1,1,4,2,4,11,0,4,4,15
01/05/2007,GLH,MS,ASO,CE,Federal Contract Tower,2,8,7,24,41,0,1,1,0,2,2,9,8,24,43,4,230,234,277
01/06/2007,GLH,MS,ASO,CE,Federal Contract Tower,0,3,4,0,7,0,0,2,0,2,0,3,6,0,9,0,0,0,9
01/07/2007,GLH,MS,ASO,CE,Federal Contract Tower,1,0,6,2,9,0,0,2,0,2,1,0,8,2,11,2,0,2,13
01/08/2007,GLH,MS,ASO,CE,Federal Contract Tower,0,2,10,14,26,0,0,24,2,26,0,2,34,16,52,10,128,138,190
01/09/2007,GLH,MS,ASO,CE,Federal Contract Tower,1,3,4,17,25,0,0,18,5,23,1,3,22,22,48,4,234,238,286
01/10/2007,GLH,MS,ASO,CE,Federal Contract Tower,0,4,2,12,18,0,0,21,0,21,0,4,23,12,39,4,142,146,185
01/11/2007,GLH,MS,ASO,CE,Federal Contract Tower,0,3,7,16,26,0,0,15,0,15,0,3,22,16,41,8,154,162,203
01/12/2007,GLH,MS,ASO,CE,Federal Contract Tower,1,4,2,6,13,0,0,4,0,4,1,4,6,6,17,0,62,62,79
01/13/2007,GLH,MS,ASO,CE,Federal Contract Tower,1,3,3,0,7,0,0,4,0,4,1,3,7,0,11,0,0,0,11
01/14/2007,GLH,MS,ASO,CE,Federal Contract Tower,1,2,5,0,8,0,0,1,0,1,1,2,6,0,9,0,0,0,9
01/15/2007,GLH,MS,ASO,CE,Federal Contract Tower,0,2,1,0,3,0,0,0,0,0,0,2,1,0,3,0,0,0,3
01/16/2007,GLH,MS,ASO,CE,Federal Contract Tower,1,3,4,13,21,0,0,6,1,7,1,3,10,14,28,2,116,118,146
01/17/2007,GLH,MS,ASO,CE,Federal Contract Tower,0,4,8,13,25,0,0,9,1,10,0,4,17,14,35,6,94,100,135
01/18/2007,GLH,MS,ASO,CE,Federal Contract Tower,0,3,3,7,13,0,0,6,3,9,0,3,9,10,22,12,16,28,50
01/19/2007,GLH,MS,ASO,CE,Federal Contract Tower,2,3,5,12,22,0,0,26,0,26,2,3,31,12,48,32,108,140,188
01/20/2007,GLH,MS,ASO,CE,Federal Contract Tower,1,3,0,0,4,0,0,2,0,2,1,3,2,0,6,0,0,0,6
01/21/2007,GLH,MS,ASO,CE,Federal Contract Tower,0,2,4,0,6,0,0,4,0,4,0,2,8,0,10,0,0,0,10
01/22/2007,GLH,MS,ASO,CE,Federal Contract Tower,0,2,2,16,20,0,0,16,0,16,0,2,18,16,36,12,234,246,282
01/23/2007,GLH,MS,ASO,CE,Federal Contract Tower,0,3,8,4,15,0,0,18,0,18,0,3,26,4,33,8,44,52,85
01/24/2007,GLH,MS,ASO,CE,Federal Contract Tower,1,3,7,12,23,0,0,30,0,30,1,3,37,12,53,22,144,166,219
01/25/2007,GLH,MS,ASO,CE,Federal Contract Tower,1,3,4,2,10,0,0,21,0,21,1,3,25,2,31,8,36,44,75
01/26/2007,GLH,MS,ASO,CE,Federal Contract Tower,1,3,9,4,17,0,2,13,0,15,1,5,22,4,32,4,30,34,66
01/27/2007,GLH,MS,ASO,CE,Federal Contract Tower,1,3,4,0,8,0,0,4,0,4,1,3,8,0,12,0,0,0,12
01/28/2007,GLH,MS,ASO,CE,Federal Contract Tower,0,2,5,0,7,0,0,20,0,20,0,2,25,0,27,6,0,6,33
01/29/2007,GLH,MS,ASO,CE,Federal Contract Tower,3,3,6,2,14,0,0,18,0,18,3,3,24,2,32,12,20,32,64
01/30/2007,GLH,MS,ASO,CE,Federal Contract Tower,1,3,8,4,16,0,0,26,0,26,1,3,34,4,42,30,56,86,128
01/31/2007,GLH,MS,ASO,CE,Federal Contract Tower,2,2,6,4,14,0,0,12,0,12,2,2,18,4,26,14,94,108,134
02/01/2007,GLH,MS,ASO,CE,Federal Contract Tower,0,4,2,0,6,0,0,0,0,0,0,4,2,0,6,0,0,0,6
02/02/2007,GLH,MS,ASO,CE,Federal Contract Tower,0,3,6,2,11,0,0,13,0,13,0,3,19,2,24,16,30,46,70
02/03/2007,GLH,MS,ASO,CE,Federal Contract Tower,0,3,2,2,7,0,0,10,0,10,0,3,12,2,17,2,16,18,35
02/04/2007,GLH,MS,ASO,CE,Federal Contract Tower,1,3,2,0,6,0,0,14,0,14,1,3,16,0,20,0,0,0,20
02/05/2007,GLH,MS,ASO,CE,Federal Contract Tower,0,2,10,8,20,0,0,32,0,32,0,2,42,8,52,38,146,184,236
02/06/2007,GLH,MS,ASO,CE,Federal Contract Tower,0,2,8,6,16,0,0,37,0,37,0,2,45,6,53,38,78,116,169
02/07/2007,GLH,MS,ASO,CE,Federal Contract Tower,0,5,8,2,15,0,0,10,0,10,0,5,18,2,25,4,46,50,75
02/08/2007,GLH,MS,ASO,CE,Federal Contract Tower,0,5,4,2,11,0,0,3,0,3,0,5,7,2,14,0,34,34,48
02/09/2007,GLH,MS,ASO,CE,Federal Contract Tower,1,5,0,0,6,0,0,0,0,0,1,5,0,0,6,0,0,0,6
02/10/2007,GLH,MS,ASO,CE,Federal Contract Tower,1,3,1,2,7,0,0,34,0,34,1,3,35,2,41,26,18,44,85
02/11/2007,GLH,MS,ASO,CE,Federal Contract Tower,2,3,6,0,11,0,0,17,0,17,2,3,23,0,28,12,0,12,40
02/12/2007,GLH,MS,ASO,CE,Federal Contract Tower,1,3,9,10,23,0,0,37,0,37,1,3,46,10,60,28,154,182,242
02/13/2007,GLH,MS,ASO,CE,Federal Contract Tower,0,3,3,6,12,0,0,3,0,3,0,3,6,6,15,0,40,40,55
02/14/2007,GLH,MS,ASO,CE,Federal Contract Tower,0,3,2,6,11,0,0,2,0,2,0,3,4,6,13,2,44,46,59
02/15/2007,GLH,MS,ASO,CE,Federal Contract Tower,1,4,6,8,19,0,0,19,0,19,1,4,25,8,38,20,84,104,142
02/16/2007,GLH,MS,ASO,CE,Federal Contract Tower,0,4,10,6,20,0,0,41,0,41,0,4,51,6,61,52,106,158,219
02/17/2007,GLH,MS,ASO,CE,Federal Contract Tower,1,4,0,0,5,0,0,5,0,5,1,4,5,0,10,0,0,0,10
02/18/2007,GLH,MS,ASO,CE,Federal Contract Tower,0,2,2,0,4,0,0,19,0,19,0,2,21,0,23,16,0,16,39
02/19/2007,GLH,MS,ASO,CE,Federal Contract Tower,2,2,2,0,6,0,0,10,0,10,2,2,12,0,16,2,0,2,18
02/20/2007,GLH,MS,ASO,CE,Federal Contract Tower,0,3,4,2,9,0,0,18,2,20,0,3,22,4,29,0,2,2,31
02/21/2007,GLH,MS,ASO,CE,Federal Contract Tower,0,3,7,4,14,0,0,22,0,22,0,3,29,4,36,2,24,26,62
02/22/2007,GLH,MS,ASO,CE,Federal Contract Tower,0,4,2,7,13,0,0,24,0,24,0,4,26,7,37,12,84,96,133
02/23/2007,GLH,MS,ASO,CE,Federal Contract Tower,0,3,4,6,13,0,0,13,0,13,0,3,17,6,26,16,72,88,114
02/24/2007,GLH,MS,ASO,CE,Federal Contract Tower,0,3,4,0,7,0,0,1,0,1,0,3,5,0,8,0,0,0,8
02/25/2007,GLH,MS,ASO,CE,Federal Contract Tower,1,4,5,0,10,0,0,10,0,10,1,4,15,0,20,4,0,4,24
02/26/2007,GLH,MS,ASO,CE,Federal Contract Tower,0,2,7,4,13,0,0,30,0,30,0,2,37,4,43,40,74,114,157
02/27/2007,GLH,MS,ASO,CE,Federal Contract Tower,2,2,2,6,12,0,0,47,0,47,2,2,49,6,59,30,18,48,107
02/28/2007,GLH,MS,ASO,CE,Federal Contract Tower,1,8,4,9,22,0,0,35,2,37,1,8,39,11,59,28,34,62,121
03/01/2007,GLH,MS,ASO,CE,Federal Contract Tower,2,3,4,0,9,0,0,1,0,1,2,3,5,0,10,0,0,0,10
03/02/2007,GLH,MS,ASO,CE,Federal Contract Tower,1,5,5,6,17,0,0,16,0,16,1,5,21,6,33,16,88,104,137
03/03/2007,GLH,MS,ASO,CE,Federal Contract Tower,1,4,5,0,10,0,0,6,0,6,1,4,11,0,16,2,0,2,18
03/04/2007,GLH,MS,ASO,CE,Federal Contract Tower,2,2,3,0,7,0,0,21,0,21,2,2,24,0,28,10,0,10,38
03/05/2007,GLH,MS,ASO,CE,Federal Contract Tower,0,3,7,17,27,0,0,60,0,60,0,3,67,17,87,14,78,92,179
03/06/2007,GLH,MS,ASO,CE,Federal Contract Tower,0,3,0,8,11,0,0,37,0,37,0,3,37,8,48,26,72,98,146
03/07/2007,GLH,MS,ASO,CE,Federal Contract Tower,1,4,8,8,21,0,2,23,2,27,1,6,31,10,48,28,88,116,164
03/08/2007,GLH,MS,ASO,CE,Federal Contract Tower,1,3,4,10,18,0,1,27,0,28,1,4,31,10,46,24,92,116,162
03/09/2007,GLH,MS,ASO,CE,Federal Contract Tower,4,4,13,4,25,0,0,14,0,14,4,4,27,4,39,4,22,26,65
03/10/2007,GLH,MS,ASO,CE,Federal Contract Tower,0,4,5,0,9,0,0,21,0,21,0,4,26,0,30,16,0,16,46
03/11/2007,GLH,MS,ASO,CE,Federal Contract Tower,0,2,6,0,8,0,0,17,2,19,0,2,23,2,27,2,0,2,29
03/12/2007,GLH,MS,ASO,CE,Federal Contract Tower,0,3,8,6,17,0,0,23,0,23,0,3,31,6,40,32,96,128,168
03/13/2007,GLH,MS,ASO,CE,Federal Contract Tower,1,3,3,0,7,0,0,18,0,18,1,3,21,0,25,4,0,4,29
03/14/2007,GLH,MS,ASO,CE,Federal Contract Tower,1,3,7,4,15,0,0,4,2,6,1,3,11,6,21,0,4,4,25
03/15/2007,GLH,MS,ASO,CE,Federal Contract Tower,0,3,4,10,17,0,0,6,0,6,0,3,10,10,23,2,138,140,163
03/16/2007,GLH,MS,ASO,CE,Federal Contract Tower,0,4,8,13,25,0,0,6,6,12,0,4,14,19,37,10,146,156,193
03/17/2007,GLH,MS,ASO,CE,Federal Contract Tower,0,4,1,0,5,0,0,15,0,15,0,4,16,0,20,4,0,4,24
03/18/2007,GLH,MS,ASO,CE,Federal Contract Tower,0,2,7,0,9,0,0,7,0,7,0,2,14,0,16,2,0,2,18
03/19/2007,GLH,MS,ASO,CE,Federal Contract Tower,1,3,10,10,24,0,0,19,0,19,1,3,29,10,43,12,136,148,191
03/20/2007,GLH,MS,ASO,CE,Federal Contract Tower,0,3,2,12,17,0,0,27,0,27,0,3,29,12,44,20,76,96,140
03/21/2007,GLH,MS,ASO,CE,Federal Contract Tower,1,5,9,6,21,0,0,35,0,35,1,5,44,6,56,16,68,84,140
03/22/2007,GLH,MS,ASO,CE,Federal Contract Tower,1,4,6,2,13,0,0,31,15,46,1,4,37,17,59,26,14,40,99
03/23/2007,GLH,MS,ASO,CE,Federal Contract Tower,0,3,3,10,16,0,0,18,0,18,0,3,21,10,34,6,68,74,108
03/24/2007,GLH,MS,ASO,CE,Federal Contract Tower,2,4,7,0,13,0,0,19,0,19,2,4,26,0,32,10,0,10,42
03/25/2007,GLH,MS,ASO,CE,Federal Contract Tower,0,3,4,0,7,0,0,11,0,11,0,3,15,0,18,4,0,4,22
03/26/2007,GLH,MS,ASO,CE,Federal Contract Tower,2,3,6,5,16,0,0,23,1,24,2,3,29,6,40,52,104,156,196
03/27/2007,GLH,MS,ASO,CE,Federal Contract Tower,1,4,9,6,20,0,0,26,2,28,1,4,35,8,48,16,84,100,148
03/28/2007,GLH,MS,ASO,CE,Federal Contract Tower,0,4,6,15,25,0,0,27,5,32,0,4,33,20,57,8,70,78,135
03/29/2007,GLH,MS,ASO,CE,Federal Contract Tower,0,3,4,30,37,0,0,18,31,49,0,3,22,61,86,10,108,118,204
03/30/2007,GLH,MS,ASO,CE,Federal Contract Tower,1,2,9,0,12,0,0,12,16,28,1,2,21,16,40,8,2,10,50
03/31/2007,GLH,MS,ASO,CE,Federal Contract Tower,0,4,5,0,9,0,0,2,0,2,0,4,7,0,11,0,0,0,11
04/01/2007,GLH,MS,ASO,CE,Federal Contract Tower,1,2,2,3,8,0,0,9,3,12,1,2,11,6,20,0,30,30,50
04/02/2007,GLH,MS,ASO,CE,Federal Contract Tower,1,3,7,1,12,0,0,15,1,16,1,3,22,2,28,12,4,16,44
04/03/2007,GLH,MS,ASO,CE,Federal Contract Tower,0,4,3,10,17,0,0,15,0,15,0,4,18,10,32,0,126,126,158
04/04/2007,GLH,MS,ASO,CE,Federal Contract Tower,0,4,4,6,14,0,0,19,0,19,0,4,23,6,33,20,86,106,139
04/05/2007,GLH,MS,ASO,CE,Federal Contract Tower,1,4,3,2,10,0,0,24,4,28,1,4,27,6,38,20,18,38,76
04/06/2007,GLH,MS,ASO,CE,Federal Contract Tower,0,3,3,0,6,0,0,13,0,13,0,3,16,0,19,0,62,62,81
04/07/2007,GLH,MS,ASO,CE,Federal Contract Tower,0,3,4,2,9,0,0,12,0,12,0,3,16,2,21,0,8,8,29
04/08/2007,GLH,MS,ASO,CE,Federal Contract Tower,0,4,8,0,12,0,0,6,0,6,0,4,14,0,18,0,0,0,18
04/09/2007,GLH,MS,ASO,CE,Federal Contract Tower,0,1,5,2,8,0,0,23,0,23,0,1,28,2,31,18,34,52,83
04/10/2007,GLH,MS,ASO,CE,Federal Contract Tower,1,4,5,4,14,0,0,8,0,8,1,4,13,4,22,10,14,24,46
04/11/2007,GLH,MS,ASO,CE,Federal Contract Tower,3,5,3,0,11,0,0,1,0,1,3,5,4,0,12,0,0,0,12
04/12/2007,GLH,MS,ASO,CE,Federal Contract Tower,0,3,15,8,26,0,0,33,2,35,0,3,48,10,61,18,64,82,143
04/13/2007,GLH,MS,ASO,CE,Federal Contract Tower,0,3,4,4,11,0,0,8,0,8,0,3,12,4,19,4,58,62,81
04/14/2007,GLH,MS,ASO,CE,Federal Contract Tower,0,4,0,0,4,0,0,0,0,0,0,4,0,0,4,0,0,0,4
04/15/2007,GLH,MS,ASO,CE,Federal Contract Tower,0,2,2,2,6,0,0,20,14,34,0,2,22,16,40,4,0,4,44
04/16/2007,GLH,MS,ASO,CE,Federal Contract Tower,0,3,5,3,11,0,0,24,2,26,0,3,29,5,37,16,58,74,111
04/17/2007,GLH,MS,ASO,CE,Federal Contract Tower,0,2,7,5,14,0,0,23,0,23,0,2,30,5,37,44,44,88,125
04/18/2007,GLH,MS,ASO,CE,Federal Contract Tower,0,6,3,1,10,0,2,27,1,30,0,8,30,2,40,42,12,54,94
04/19/2007,GLH,MS,ASO,CE,Federal Contract Tower,0,4,7,2,13,0,0,26,8,34,0,4,33,10,47,10,14,24,71
04/20/2007,GLH,MS,ASO,CE,Federal Contract Tower,2,4,4,2,12,0,0,17,0,17,2,4,21,2,29,6,0,6,35
04/21/2007,GLH,MS,ASO,CE,Federal Contract Tower,0,4,3,0,7,0,0,17,0,17,0,4,20,0,24,8,0,8,32
04/22/2007,GLH,MS,ASO,CE,Federal Contract Tower,0,3,8,0,11,0,0,13,0,13,0,3,21,0,24,0,0,0,24
04/23/2007,GLH,MS,ASO,CE,Federal Contract Tower,0,2,4,2,8,0,0,11,0,11,0,2,15,2,19,4,42,46,65
04/24/2007,GLH,MS,ASO,CE,Federal Contract Tower,0,3,6,0,9,0,0,2,0,2,0,3,8,0,11,0,0,0,11
04/25/2007,GLH,MS,ASO,CE,Federal Contract Tower,0,3,5,0,8,0,0,2,0,2,0,3,7,0,10,0,0,0,10
04/26/2007,GLH,MS,ASO,CE,Federal Contract Tower,0,5,3,11,19,0,0,17,1,18,0,5,20,12,37,10,80,90,127
04/27/2007,GLH,MS,ASO,CE,Federal Contract Tower,0,4,3,9,16,0,0,36,15,51,0,4,39,24,67,28,112,140,207
04/28/2007,GLH,MS,ASO,CE,Federal Contract Tower,0,4,3,0,7,0,0,21,2,23,0,4,24,2,30,8,2,10,40
04/29/2007,GLH,MS,ASO,CE,Federal Contract Tower,0,2,4,0,6,0,0,11,0,11,0,2,15,0,17,2,0,2,19
04/30/2007,GLH,MS,ASO,CE,Federal Contract Tower,0,3,2,7,12,0,0,30,7,37,0,3,32,14,49,20,142,162,211
05/01/2007,GLH,MS,ASO,CE,Federal Contract Tower,2,3,9,8,22,0,0,30,3,33,2,3,39,11,55,18,90,108,163
05/02/2007,GLH,MS,ASO,CE,Federal Contract Tower,0,3,14,6,23,0,0,7,0,7,0,3,21,6,30,0,18,18,48
05/03/2007,GLH,MS,ASO,CE,Federal Contract Tower,0,4,6,8,18,0,0,7,0,7,0,4,13,8,25,2,94,96,121
05/04/2007,GLH,MS,ASO,CE,Federal Contract Tower,0,2,7,5,14,1,0,2,1,4,1,2,9,6,18,2,38,40,58
05/05/2007,GLH,MS,ASO,CE,Federal Contract Tower,2,4,0,0,6,0,0,2,0,2,2,4,2,0,8,0,0,0,8
05/06/2007,GLH,MS,ASO,CE,Federal Contract Tower,0,4,4,0,8,0,0,15,2,17,0,4,19,2,25,4,0,4,29
05/07/2007,GLH,MS,ASO,CE,Federal Contract Tower,1,2,2,4,9,0,0,13,2,15,1,2,15,6,24,0,46,46,70
05/08/2007,GLH,MS,ASO,CE,Federal Contract Tower,3,3,4,10,20,0,0,29,0,29,3,3,33,10,49,6,114,120,169
05/09/2007,GLH,MS,ASO,CE,Federal Contract Tower,0,4,5,0,9,0,0,5,0,5,0,4,10,0,14,2,0,2,16
05/10/2007,GLH,MS,ASO,CE,Federal Contract Tower,5,4,5,0,14,0,0,11,0,11,5,4,16,0,25,2,0,2,27
05/11/2007,GLH,MS,ASO,CE,Federal Contract Tower,2,6,12,6,26,0,0,14,4,18,2,6,26,10,44,4,34,38,82
05/12/2007,GLH,MS,ASO,CE,Federal Contract Tower,3,3,3,0,9,0,0,3,0,3,3,3,6,0,12,12,0,12,24
05/13/2007,GLH,MS,ASO,CE,Federal Contract Tower,0,2,2,0,4,0,0,2,0,2,0,2,4,0,6,0,0,0,6
05/14/2007,GLH,MS,ASO,CE,Federal Contract Tower,4,3,4,6,17,0,0,9,8,17,4,3,13,14,34,0,76,76,110
05/15/2007,GLH,MS,ASO,CE,Federal Contract Tower,2,3,8,10,23,0,0,4,0,4,2,3,12,10,27,0,122,122,149
05/16/2007,GLH,MS,ASO,CE,Federal Contract Tower,1,3,8,6,18,0,0,8,0,8,1,3,16,6,26,0,68,68,94
05/17/2007,GLH,MS,ASO,CE,Federal Contract Tower,2,3,5,2,12,0,0,14,0,14,2,3,19,2,26,16,40,56,82
05/18/2007,GLH,MS,ASO,CE,Federal Contract Tower,0,2,7,8,17,0,0,15,0,15,0,2,22,8,32,18,36,54,86
05/19/2007,GLH,MS,ASO,CE,Federal Contract Tower,1,4,7,0,12,0,0,15,0,15,1,4,22,0,27,20,0,20,47
05/20/2007,GLH,MS,ASO,CE,Federal Contract Tower,1,3,7,0,11,0,0,12,0,12,1,3,19,0,23,0,0,0,23
05/21/2007,GLH,MS,ASO,CE,Federal Contract Tower,0,2,7,7,16,0,1,15,0,16,0,3,22,7,32,2,100,102,134
05/22/2007,GLH,MS,ASO,CE,Federal Contract Tower,5,3,3,4,15,0,1,19,0,20,5,4,22,4,35,2,68,70,105
05/23/2007,GLH,MS,ASO,CE,Federal Contract Tower,0,5,4,15,24,0,0,22,0,22,0,5,26,15,46,14,148,162,208
05/24/2007,GLH,MS,ASO,CE,Federal Contract Tower,1,3,4,12,20,0,0,19,0,19,1,3,23,12,39,10,68,78,117
05/25/2007,GLH,MS,ASO,CE,Federal Contract Tower,0,3,9,2,14,0,0,17,0,17,0,3,26,2,31,0,30,30,61
05/26/2007,GLH,MS,ASO,CE,Federal Contract Tower,0,3,5,0,8,0,0,7,0,7,0,3,12,0,15,10,0,10,25
05/27/2007,GLH,MS,ASO,CE,Federal Contract Tower,0,3,1,0,4,0,1,0,0,1,0,4,1,0,5,0,0,0,5
05/28/2007,GLH,MS,ASO,CE,Federal Contract Tower,0,3,6,0,9,0,0,6,0,6,0,3,12,0,15,2,0,2,17
05/29/2007,GLH,MS,ASO,CE,Federal Contract Tower,0,2,0,8,10,0,0,11,0,11,0,2,11,8,21,0,52,52,73
05/30/2007,GLH,MS,ASO,CE,Federal Contract Tower,1,3,1,7,12,0,0,15,0,15,1,3,16,7,27,16,38,54,81
05/31/2007,GLH,MS,ASO,CE,Federal Contract Tower,1,4,4,0,9,0,0,8,3,11,1,4,12,3,20,4,0,4,24
06/01/2007,GLH,MS,ASO,CE,Federal Contract Tower,1,4,2,12,19,0,0,15,0,15,1,4,17,12,34,12,120,132,166
06/02/2007,GLH,MS,ASO,CE,Federal Contract Tower,0,4,2,0,6,0,0,6,8,14,0,4,8,8,20,10,0,10,30
06/03/2007,GLH,MS,ASO,CE,Federal Contract Tower,0,3,3,0,6,0,0,12,0,12,0,3,15,0,18,0,0,0,18
06/04/2007,GLH,MS,ASO,CE,Federal Contract Tower,0,3,10,8,21,0,0,23,0,23,0,3,33,8,44,16,94,110,154
06/05/2007,GLH,MS,ASO,CE,Federal Contract Tower,0,3,7,1,11,0,0,32,15,47,0,3,39,16,58,20,6,26,84
06/06/2007,GLH,MS,ASO,CE,Federal Contract Tower,0,3,14,5,22,0,0,27,3,30,0,3,41,8,52,10,132,142,194
06/07/2007,GLH,MS,ASO,CE,Federal Contract Tower,1,3,4,7,15,0,0,6,0,6,1,3,10,7,21,2,64,66,87
06/08/2007,GLH,MS,ASO,CE,Federal Contract Tower,0,4,8,7,19,0,0,7,0,7,0,4,15,7,26,8,44,52,78
06/09/2007,GLH,MS,ASO,CE,Federal Contract Tower,1,4,3,3,11,0,0,4,0,4,1,4,7,3,15,0,0,0,15
06/10/2007,GLH,MS,ASO,CE,Federal Contract Tower,2,3,3,0,8,0,0,9,0,9,2,3,12,0,17,0,0,0,17
06/11/2007,GLH,MS,ASO,CE,Federal Contract Tower,2,3,6,8,19,0,0,16,0,16,2,3,22,8,35,0,80,80,115
06/12/2007,GLH,MS,ASO,CE,Federal Contract Tower,5,3,5,4,17,0,0,36,0,36,5,3,41,4,53,22,34,56,109
06/13/2007,GLH,MS,ASO,CE,Federal Contract Tower,0,5,8,2,15,0,0,32,0,32,0,5,40,2,47,12,24,36,83
06/14/2007,GLH,MS,ASO,CE,Federal Contract Tower,0,4,3,12,19,0,0,21,9,30,0,4,24,21,49,14,76,90,139
06/15/2007,GLH,MS,ASO,CE,Federal Contract Tower,0,4,7,4,15,0,0,12,0,12,0,4,19,4,27,2,50,52,79
06/16/2007,GLH,MS,ASO,CE,Federal Contract Tower,0,4,5,0,9,0,0,6,0,6,0,4,11,0,15,2,0,2,17
06/17/2007,GLH,MS,ASO,CE,Federal Contract Tower,0,3,1,0,4,0,0,9,0,9,0,3,10,0,13,0,0,0,13
06/18/2007,GLH,MS,ASO,CE,Federal Contract Tower,0,3,13,2,18,0,0,29,0,29,0,3,42,2,47,0,30,30,77
06/19/2007,GLH,MS,ASO,CE,Federal Contract Tower,1,3,5,0,9,0,0,16,2,18,1,3,21,2,27,4,0,4,31
06/20/2007,GLH,MS,ASO,CE,Federal Contract Tower,2,5,1,6,14,0,0,36,8,44,2,5,37,14,58,11,128,139,197
06/21/2007,GLH,MS,ASO,CE,Federal Contract Tower,2,1,13,12,28,0,0,7,0,7,2,1,20,12,35,0,94,94,129
06/22/2007,GLH,MS,ASO,CE,Federal Contract Tower,0,3,7,14,24,0,0,17,0,17,0,3,24,14,41,2,127,129,170
06/23/2007,GLH,MS,ASO,CE,Federal Contract Tower,0,6,1,0,7,0,0,17,0,17,0,6,18,0,24,4,0,4,28
06/24/2007,GLH,MS,ASO,CE,Federal Contract Tower,0,3,8,0,11,0,0,8,2,10,0,3,16,2,21,0,0,0,21
06/25/2007,GLH,MS,ASO,CE,Federal Contract Tower,0,3,10,3,16,0,0,23,3,26,0,3,33,6,42,0,8,8,50
06/26/2007,GLH,MS,ASO,CE,Federal Contract Tower,2,3,6,6,17,0,0,16,0,16,2,3,22,6,33,22,80,102,135
06/27/2007,GLH,MS,ASO,CE,Federal Contract Tower,0,4,3,7,14,0,0,13,0,13,0,4,16,7,27,2,54,56,83
06/28/2007,GLH,MS,ASO,CE,Federal Contract Tower,1,3,7,2,13,0,0,16,0,16,1,3,23,2,29,6,16,22,51
06/29/2007,GLH,MS,ASO,CE,Federal Contract Tower,0,1,4,8,13,0,0,26,0,26,0,1,30,8,39,10,52,62,101
06/30/2007,GLH,MS,ASO,CE,Federal Contract Tower,1,3,2,0,6,0,0,6,0,6,1,3,8,0,12,0,0,0,12
07/01/2007,GLH,MS,ASO,CE,Federal Contract Tower,0,2,4,0,6,0,0,12,0,12,0,2,16,0,18,2,0,2,20
07/02/2007,GLH,MS,ASO,CE,Federal Contract Tower,0,2,5,2,9,0,0,19,0,19,0,2,24,2,28,0,0,0,28
07/03/2007,GLH,MS,ASO,CE,Federal Contract Tower,0,6,4,10,20,0,0,22,0,22,0,6,26,10,42,26,102,128,170
07/04/2007,GLH,MS,ASO,CE,Federal Contract Tower,1,3,1,0,5,0,0,6,0,6,1,3,7,0,11,2,0,2,13
07/05/2007,GLH,MS,ASO,CE,Federal Contract Tower,0,4,6,0,10,0,0,4,0,4,0,4,10,0,14,0,0,0,14
07/06/2007,GLH,MS,ASO,CE,Federal Contract Tower,0,3,11,0,14,0,0,0,1,1,0,3,11,1,15,0,0,0,15
07/07/2007,GLH,MS,ASO,CE,Federal Contract Tower,1,4,3,0,8,0,0,2,0,2,1,4,5,0,10,2,0,2,12
07/08/2007,GLH,MS,ASO,CE,Federal Contract Tower,0,3,2,0,5,0,0,5,0,5,0,3,7,0,10,2,0,2,12
07/09/2007,GLH,MS,ASO,CE,Federal Contract Tower,0,2,2,0,4,0,0,12,0,12,0,2,14,0,16,2,0,2,18
07/10/2007,GLH,MS,ASO,CE,Federal Contract Tower,0,2,9,3,14,0,0,14,5,19,0,2,23,8,33,8,0,8,41
07/11/2007,GLH,MS,ASO,CE,Federal Contract Tower,0,4,3,4,11,0,2,20,0,22,0,6,23,4,33,12,24,36,69
07/12/2007,GLH,MS,ASO,CE,Federal Contract Tower,0,5,4,0,9,0,0,4,2,6,0,5,8,2,15,0,0,0,15
07/13/2007,GLH,MS,ASO,CE,Federal Contract Tower,0,4,4,0,8,0,0,4,0,4,0,4,8,0,12,0,0,0,12
07/14/2007,GLH,MS,ASO,CE,Federal Contract Tower,0,4,1,0,5,0,0,3,0,3,0,4,4,0,8,0,0,0,8
07/15/2007,GLH,MS,ASO,CE,Federal Contract Tower,0,2,4,0,6,0,0,2,0,2,0,2,6,0,8,2,0,2,10
07/16/2007,GLH,MS,ASO,CE,Federal Contract Tower,0,3,0,0,3,0,0,4,0,4,0,3,4,0,7,0,0,0,7
07/17/2007,GLH,MS,ASO,CE,Federal Contract Tower,0,3,4,0,7,0,0,15,0,15,0,3,19,0,22,30,0,30,52
07/18/2007,GLH,MS,ASO,CE,Federal Contract Tower,0,3,4,0,7,0,0,23,0,23,0,3,27,0,30,6,0,6,36
07/19/2007,GLH,MS,ASO,CE,Federal Contract Tower,0,3,2,4,9,0,0,15,0,15,0,3,17,4,24,2,10,12,36
07/20/2007,GLH,MS,ASO,CE,Federal Contract Tower,1,2,1,5,9,0,0,12,3,15,1,2,13,8,24,10,32,42,66
07/21/2007,GLH,MS,ASO,CE,Federal Contract Tower,1,3,5,0,9,0,0,16,0,16,1,3,21,0,25,0,0,0,25
07/22/2007,GLH,MS,ASO,CE,Federal Contract Tower,0,3,2,0,5,0,0,13,0,13,0,3,15,0,18,6,0,6,24
07/23/2007,GLH,MS,ASO,CE,Federal Contract Tower,0,3,2,0,5,0,0,13,0,13,0,3,15,0,18,12,0,12,30
07/24/2007,GLH,MS,ASO,CE,Federal Contract Tower,0,4,9,8,21,0,0,19,0,19,0,4,28,8,40,6,40,46,86
07/25/2007,GLH,MS,ASO,CE,Federal Contract Tower,2,3,6,2,13,0,0,25,0,25,2,3,31,2,38,10,0,10,48
07/26/2007,GLH,MS,ASO,CE,Federal Contract Tower,0,3,7,0,10,0,0,9,0,9,0,3,16,0,19,8,0,8,27
07/27/2007,GLH,MS,ASO,CE,Federal Contract Tower,0,3,11,2,16,0,0,9,0,9,0,3,20,2,25,2,12,14,39
07/28/2007,GLH,MS,ASO,CE,Federal Contract Tower,1,3,4,0,8,0,0,17,0,17,1,3,21,0,25,0,0,0,25
07/29/2007,GLH,MS,ASO,CE,Federal Contract Tower,0,3,3,0,6,0,0,13,0,13,0,3,16,0,19,2,0,2,21
07/30/2007,GLH,MS,ASO,CE,Federal Contract Tower,0,3,3,2,8,0,0,14,0,14,0,3,17,2,22,6,16,22,44
07/31/2007,GLH,MS,ASO,CE,Federal Contract Tower,0,3,5,2,10,0,0,17,0,17,0,3,22,2,27,0,4,4,31
08/01/2007,GLH,MS,ASO,CE,Federal Contract Tower,0,4,14,2,20,0,0,11,0,11,0,4,25,2,31,0,4,4,35
08/02/2007,GLH,MS,ASO,CE,Federal Contract Tower,0,3,7,5,15,0,0,13,8,21,0,3,20,13,36,8,20,28,64
08/03/2007,GLH,MS,ASO,CE,Federal Contract Tower,0,3,3,1,7,0,0,7,1,8,0,3,10,2,15,2,0,2,17
08/04/2007,GLH,MS,ASO,CE,Federal Contract Tower,1,3,7,0,11,0,0,9,0,9,1,3,16,0,20,0,0,0,20
08/05/2007,GLH,MS,ASO,CE,Federal Contract Tower,0,3,4,2,9,0,0,14,0,14,0,3,18,2,23,0,2,2,25
08/06/2007,GLH,MS,ASO,CE,Federal Contract Tower,0,3,1,0,4,0,0,20,0,20,0,3,21,0,24,22,0,22,46
08/07/2007,GLH,MS,ASO,CE,Federal Contract Tower,0,3,8,0,11,0,0,28,0,28,0,3,36,0,39,10,0,10,49
08/08/2007,GLH,MS,ASO,CE,Federal Contract Tower,0,3,7,0,10,0,0,18,0,18,0,3,25,0,28,4,0,4,32
08/09/2007,GLH,MS,ASO,CE,Federal Contract Tower,0,3,7,3,13,0,0,11,1,12,0,3,18,4,25,0,2,2,27
08/10/2007,GLH,MS,ASO,CE,Federal Contract Tower,0,3,9,9,21,0,0,24,0,24,0,3,33,9,45,0,56,56,101
08/11/2007,GLH,MS,ASO,CE,Federal Contract Tower,0,3,5,2,10,0,0,14,0,14,0,3,19,2,24,8,0,8,32
08/12/2007,GLH,MS,ASO,CE,Federal Contract Tower,1,1,8,1,11,0,0,5,0,5,1,1,13,1,16,0,0,0,16
08/13/2007,GLH,MS,ASO,CE,Federal Contract Tower,0,1,3,6,10,0,0,11,0,11,0,1,14,6,21,2,148,150,171
08/14/2007,GLH,MS,ASO,CE,Federal Contract Tower,0,3,6,12,21,0,0,16,0,16,0,3,22,12,37,2,152,154,191
08/15/2007,GLH,MS,ASO,CE,Federal Contract Tower,0,4,3,11,18,0,0,17,0,17,0,4,20,11,35,18,144,162,197
08/16/2007,GLH,MS,ASO,CE,Federal Contract Tower,0,3,4,7,14,0,0,1,0,1,0,3,5,7,15,0,104,104,119
08/17/2007,GLH,MS,ASO,CE,Federal Contract Tower,0,4,9,14,27,0,0,9,2,11,0,4,18,16,38,6,144,150,188
08/18/2007,GLH,MS,ASO,CE,Federal Contract Tower,2,3,0,0,5,0,0,5,0,5,2,3,5,0,10,0,0,0,10
08/19/2007,GLH,MS,ASO,CE,Federal Contract Tower,0,3,3,2,8,0,0,4,0,4,0,3,7,2,12,0,2,2,14
08/20/2007,GLH,MS,ASO,CE,Federal Contract Tower,2,3,5,12,22,0,0,11,0,11,2,3,16,12,33,0,140,140,173
08/21/2007,GLH,MS,ASO,CE,Federal Contract Tower,0,4,8,10,22,0,0,8,0,8,0,4,16,10,30,0,124,124,154
08/22/2007,GLH,MS,ASO,CE,Federal Contract Tower,2,4,9,2,17,0,0,10,0,10,2,4,19,2,27,0,8,8,35
08/23/2007,GLH,MS,ASO,CE,Federal Contract Tower,0,3,6,3,12,0,1,8,3,12,0,4,14,6,24,0,76,76,100
08/24/2007,GLH,MS,ASO,CE,Federal Contract Tower,0,5,5,8,18,0,0,2,1,3,0,5,7,9,21,0,82,82,103
08/25/2007,GLH,MS,ASO,CE,Federal Contract Tower,0,2,0,0,2,0,0,4,0,4,0,2,4,0,6,0,0,0,6
08/26/2007,GLH,MS,ASO,CE,Federal Contract Tower,0,3,7,0,10,0,0,5,0,5,0,3,12,0,15,0,0,0,15
08/27/2007,GLH,MS,ASO,CE,Federal Contract Tower,0,3,6,0,9,0,0,7,0,7,0,3,13,0,16,6,0,6,22
08/28/2007,GLH,MS,ASO,CE,Federal Contract Tower,1,2,7,0,10,0,0,16,0,16,1,2,23,0,26,0,0,0,26
08/29/2007,GLH,MS,ASO,CE,Federal Contract Tower,0,4,5,4,13,0,1,18,2,21,0,5,23,6,34,28,0,28,62
08/30/2007,GLH,MS,ASO,CE,Federal Contract Tower,3,2,5,2,12,0,0,13,3,16,3,2,18,5,28,0,42,42,70
08/31/2007,GLH,MS,ASO,CE,Federal Contract Tower,0,4,11,9,24,0,0,12,3,15,0,4,23,12,39,10,40,50,89
09/01/2007,GLH,MS,ASO,CE,Federal Contract Tower,1,4,2,0,7,0,0,5,0,5,1,4,7,0,12,0,0,0,12
09/02/2007,GLH,MS,ASO,CE,Federal Contract Tower,0,4,3,0,7,0,0,5,0,5,0,4,8,0,12,0,0,0,12
09/03/2007,GLH,MS,ASO,CE,Federal Contract Tower,0,3,8,0,11,0,0,9,0,9,0,3,17,0,20,0,0,0,20
09/04/2007,GLH,MS,ASO,CE,Federal Contract Tower,2,4,5,1,12,0,0,8,1,9,2,4,13,2,21,0,2,2,23
09/05/2007,GLH,MS,ASO,CE,Federal Contract Tower,0,4,5,4,13,0,0,18,0,18,0,4,23,4,31,10,66,76,107
09/06/2007,GLH,MS,ASO,CE,Federal Contract Tower,0,4,4,3,11,0,0,11,0,11,0,4,15,3,22,0,50,50,72
09/07/2007,GLH,MS,ASO,CE,Federal Contract Tower,2,3,10,2,17,0,0,7,2,9,2,3,17,4,26,0,14,14,40
09/08/2007,GLH,MS,ASO,CE,Federal Contract Tower,0,2,2,2,6,0,1,42,0,43,0,3,44,2,49,22,0,22,71
09/09/2007,GLH,MS,ASO,CE,Federal Contract Tower,1,3,1,0,5,0,0,11,4,15,1,3,12,4,20,0,2,2,22
09/10/2007,GLH,MS,ASO,CE,Federal Contract Tower,1,3,11,3,18,0,0,15,1,16,1,3,26,4,34,2,32,34,68
09/11/2007,GLH,MS,ASO,CE,Federal Contract Tower,0,4,8,2,14,0,0,8,0,8,0,4,16,2,22,0,4,4,26
09/12/2007,GLH,MS,ASO,CE,Federal Contract Tower,0,3,6,16,25,0,0,19,0,19,0,3,25,16,44,0,179,179,223
09/13/2007,GLH,MS,ASO,CE,Federal Contract Tower,2,4,3,0,9,0,0,2,0,2,2,4,5,0,11,0,0,0,11
09/14/2007,GLH,MS,ASO,CE,Federal Contract Tower,0,3,2,4,9,0,0,9,0,9,0,3,11,4,18,6,46,52,70
09/15/2007,GLH,MS,ASO,CE,Federal Contract Tower,0,3,0,0,3,0,1,4,0,5,0,4,4,0,8,0,0,0,8
09/16/2007,GLH,MS,ASO,CE,Federal Contract Tower,0,2,4,0,6,0,0,7,0,7,0,2,11,0,13,0,0,0,13
09/17/2007,GLH,MS,ASO,CE,Federal Contract Tower,0,2,8,15,25,0,0,25,8,33,0,2,33,23,58,8,190,198,256
09/18/2007,GLH,MS,ASO,CE,Federal Contract Tower,2,3,2,6,13,0,0,21,4,25,2,3,23,10,38,8,78,86,124
09/19/2007,GLH,MS,ASO,CE,Federal Contract Tower,2,4,5,0,11,0,0,29,6,35,2,4,34,6,46,16,0,16,62
09/20/2007,GLH,MS,ASO,CE,Federal Contract Tower,0,3,7,5,15,0,0,16,0,16,0,3,23,5,31,10,78,88,119
09/21/2007,GLH,MS,ASO,CE,Federal Contract Tower,0,3,14,7,24,0,0,13,1,14,0,3,27,8,38,8,72,80,118
09/22/2007,GLH,MS,ASO,CE,Federal Contract Tower,1,4,7,0,12,0,0,4,0,4,1,4,11,0,16,2,0,2,18
09/23/2007,GLH,MS,ASO,CE,Federal Contract Tower,0,3,17,0,20,0,0,7,0,7,0,3,24,0,27,0,0,0,27
09/24/2007,GLH,MS,ASO,CE,Federal Contract Tower,0,3,3,6,12,0,0,8,0,8,0,3,11,6,20,0,56,56,76
09/25/2007,GLH,MS,ASO,CE,Federal Contract Tower,0,3,4,0,7,0,1,5,0,6,0,4,9,0,13,0,0,0,13
09/26/2007,GLH,MS,ASO,CE,Federal Contract Tower,2,2,11,0,15,0,1,10,0,11,2,3,21,0,26,0,0,0,26
09/27/2007,GLH,MS,ASO,CE,Federal Contract Tower,0,4,11,1,16,0,0,10,0,10,0,4,21,1,26,7,19,26,52
09/28/2007,GLH,MS,ASO,CE,Federal Contract Tower,1,4,19,0,24,0,0,13,0,13,1,4,32,0,37,18,0,18,55
09/29/2007,GLH,MS,ASO,CE,Federal Contract Tower,1,3,4,0,8,0,1,8,0,9,1,4,12,0,17,8,0,8,25
09/30/2007,GLH,MS,ASO,CE,Federal Contract Tower,0,1,7,0,8,0,0,4,0,4,0,1,11,0,12,0,0,0,12
10/01/2007,GLH,MS,ASO,CE,Federal Contract Tower,0,2,2,4,8,0,1,10,0,11,0,3,12,4,19,12,72,84,103
10/02/2007,GLH,MS,ASO,CE,Federal Contract Tower,0,3,2,6,11,0,0,23,0,23,0,3,25,6,34,20,92,112,146
10/03/2007,GLH,MS,ASO,CE,Federal Contract Tower,1,3,7,5,16,0,0,11,5,16,1,3,18,10,32,24,60,84,116
10/04/2007,GLH,MS,ASO,CE,Federal Contract Tower,0,3,2,9,14,0,0,16,0,16,0,3,18,9,30,10,102,112,142
10/05/2007,GLH,MS,ASO,CE,Federal Contract Tower,0,3,4,0,7,0,0,10,0,10,0,3,14,0,17,10,0,10,27
10/06/2007,GLH,MS,ASO,CE,Federal Contract Tower,0,2,3,0,5,0,0,9,0,9,0,2,12,0,14,4,0,4,18
10/07/2007,GLH,MS,ASO,CE,Federal Contract Tower,0,3,4,3,10,0,0,4,0,4,0,3,8,3,14,0,12,12,26
10/08/2007,GLH,MS,ASO,CE,Federal Contract Tower,0,3,6,0,9,0,0,13,0,13,0,3,19,0,22,8,0,8,30
10/09/2007,GLH,MS,ASO,CE,Federal Contract Tower,1,4,9,2,16,0,0,1,0,1,1,4,10,2,17,0,20,20,37
10/10/2007,GLH,MS,ASO,CE,Federal Contract Tower,0,3,9,4,16,0,0,24,2,26,0,3,33,6,42,6,48,54,96
10/11/2007,GLH,MS,ASO,CE,Federal Contract Tower,2,3,5,10,20,0,0,11,3,14,2,3,16,13,34,0,126,126,160
10/12/2007,GLH,MS,ASO,CE,Federal Contract Tower,1,3,0,4,8,0,1,9,0,10,1,4,9,4,18,4,52,56,74
10/13/2007,GLH,MS,ASO,CE,Federal Contract Tower,0,3,5,0,8,0,1,5,0,6,0,4,10,0,14,0,0,0,14
10/14/2007,GLH,MS,ASO,CE,Federal Contract Tower,0,2,6,0,8,0,0,10,0,10,0,2,16,0,18,0,0,0,18
10/15/2007,GLH,MS,ASO,CE,Federal Contract Tower,1,3,6,0,10,0,0,11,0,11,1,3,17,0,21,2,0,2,23
10/16/2007,GLH,MS,ASO,CE,Federal Contract Tower,1,3,11,0,15,0,0,12,0,12,1,3,23,0,27,0,0,0,27
10/17/2007,GLH,MS,ASO,CE,Federal Contract Tower,1,4,3,0,8,0,2,3,2,7,1,6,6,2,15,0,0,0,15
10/18/2007,GLH,MS,ASO,CE,Federal Contract Tower,2,5,4,2,13,0,0,8,3,11,2,5,12,5,24,0,18,18,42
10/19/2007,GLH,MS,ASO,CE,Federal Contract Tower,0,3,3,10,16,0,1,12,0,13,0,4,15,10,29,2,50,52,81
10/20/2007,GLH,MS,ASO,CE,Federal Contract Tower,0,3,1,0,4,0,0,12,0,12,0,3,13,0,16,0,0,0,16
10/21/2007,GLH,MS,ASO,CE,Federal Contract Tower,0,3,7,0,10,0,0,14,0,14,0,3,21,0,24,0,0,0,24
10/22/2007,GLH,MS,ASO,CE,Federal Contract Tower,0,3,7,4,14,0,0,1,10,11,0,3,8,14,25,0,44,44,69
10/23/2007,GLH,MS,ASO,CE,Federal Contract Tower,0,4,4,0,8,0,0,1,0,1,0,4,5,0,9,4,0,4,13
10/24/2007,GLH,MS,ASO,CE,Federal Contract Tower,0,4,3,0,7,0,0,3,0,3,0,4,6,0,10,0,0,0,10
10/25/2007,GLH,MS,ASO,CE,Federal Contract Tower,0,0,13,10,23,0,0,0,0,0,0,0,13,10,23,0,12,12,35
10/26/2007,GLH,MS,ASO,CE,Federal Contract Tower,0,3,14,10,27,0,0,10,1,11,0,3,24,11,38,20,80,100,138
10/27/2007,GLH,MS,ASO,CE,Federal Contract Tower,0,2,1,0,3,0,0,11,0,11,0,2,12,0,14,0,0,0,14
10/28/2007,GLH,MS,ASO,CE,Federal Contract Tower,0,3,6,0,9,0,0,1,0,1,0,3,7,0,10,0,0,0,10
10/29/2007,GLH,MS,ASO,CE,Federal Contract Tower,1,3,4,8,16,0,0,16,0,16,1,3,20,8,32,2,82,84,116
10/30/2007,GLH,MS,ASO,CE,Federal Contract Tower,0,3,4,8,15,0,0,13,2,15,0,3,17,10,30,8,92,100,130
10/31/2007,GLH,MS,ASO,CE,Federal Contract Tower,0,3,2,6,11,0,0,16,0,16,0,3,18,6,27,10,78,88,115
11/01/2007,GLH,MS,ASO,CE,Federal Contract Tower,0,4,9,2,15,0,0,5,1,6,0,4,14,3,21,2,36,38,59
11/02/2007,GLH,MS,ASO,CE,Federal Contract Tower,1,2,8,9,20,0,0,21,2,23,1,2,29,11,43,14,104,118,161
11/03/2007,GLH,MS,ASO,CE,Federal Contract Tower,1,4,1,0,6,0,0,2,0,2,1,4,3,0,8,0,0,0,8
11/04/2007,GLH,MS,ASO,CE,Federal Contract Tower,0,2,3,0,5,0,0,5,0,5,0,2,8,0,10,0,0,0,10
11/05/2007,GLH,MS,ASO,CE,Federal Contract Tower,1,2,5,6,14,0,0,8,0,8,1,2,13,6,22,0,36,36,58
11/06/2007,GLH,MS,ASO,CE,Federal Contract Tower,0,2,2,6,10,0,0,13,0,13,0,2,15,6,23,8,122,130,153
11/07/2007,GLH,MS,ASO,CE,Federal Contract Tower,0,1,14,6,21,0,0,12,0,12,0,1,26,6,33,8,100,108,141
11/08/2007,GLH,MS,ASO,CE,Federal Contract Tower,0,2,2,0,4,0,0,6,2,8,0,2,8,2,12,4,0,4,16
11/09/2007,GLH,MS,ASO,CE,Federal Contract Tower,0,4,12,6,22,0,0,9,0,9,0,4,21,6,31,4,24,28,59
11/10/2007,GLH,MS,ASO,CE,Federal Contract Tower,0,3,4,0,7,0,0,13,0,13,0,3,17,0,20,0,0,0,20
11/11/2007,GLH,MS,ASO,CE,Federal Contract Tower,0,2,6,0,8,0,0,3,0,3,0,2,9,0,11,0,0,0,11
11/12/2007,GLH,MS,ASO,CE,Federal Contract Tower,1,2,12,0,15,0,0,27,0,27,1,2,39,0,42,24,0,24,66
11/13/2007,GLH,MS,ASO,CE,Federal Contract Tower,0,3,7,4,14,0,0,8,0,8,0,3,15,4,22,0,88,88,110
11/14/2007,GLH,MS,ASO,CE,Federal Contract Tower,1,4,3,0,8,0,0,8,0,8,1,4,11,0,16,6,0,6,22
11/15/2007,GLH,MS,ASO,CE,Federal Contract Tower,2,3,9,7,21,1,0,17,4,22,3,3,26,11,43,4,24,28,71
11/16/2007,GLH,MS,ASO,CE,Federal Contract Tower,0,2,4,8,14,0,0,16,0,16,0,2,20,8,30,24,74,98,128
11/17/2007,GLH,MS,ASO,CE,Federal Contract Tower,0,4,2,0,6,0,0,8,0,8,0,4,10,0,14,4,0,4,18
11/18/2007,GLH,MS,ASO,CE,Federal Contract Tower,0,2,7,0,9,0,0,0,0,0,0,2,7,0,9,0,0,0,9
11/19/2007,GLH,MS,ASO,CE,Federal Contract Tower,0,2,7,4,13,0,0,24,0,24,0,2,31,4,37,14,54,68,105
11/20/2007,GLH,MS,ASO,CE,Federal Contract Tower,0,2,18,7,27,0,0,36,1,37,0,2,54,8,64,12,60,72,136
11/21/2007,GLH,MS,ASO,CE,Federal Contract Tower,0,6,13,0,19,0,0,3,0,3,0,6,16,0,22,6,0,6,28
11/22/2007,GLH,MS,ASO,CE,Federal Contract Tower,0,2,9,0,11,0,0,0,0,0,0,2,9,0,11,0,0,0,11
11/23/2007,GLH,MS,ASO,CE,Federal Contract Tower,0,3,4,0,7,0,1,0,6,7,0,4,4,6,14,0,6,6,20
11/24/2007,GLH,MS,ASO,CE,Federal Contract Tower,0,3,3,0,6,0,0,2,0,2,0,3,5,0,8,0,0,0,8
11/25/2007,GLH,MS,ASO,CE,Federal Contract Tower,3,2,8,0,13,0,0,0,0,0,3,2,8,0,13,0,0,0,13
11/26/2007,GLH,MS,ASO,CE,Federal Contract Tower,0,4,6,2,12,0,0,5,0,5,0,4,11,2,17,2,32,34,51
11/27/2007,GLH,MS,ASO,CE,Federal Contract Tower,1,3,6,6,16,0,0,17,0,17,1,3,23,6,33,8,126,134,167
11/28/2007,GLH,MS,ASO,CE,Federal Contract Tower,1,2,8,8,19,0,1,19,0,20,1,3,27,8,39,14,50,64,103
11/29/2007,GLH,MS,ASO,CE,Federal Contract Tower,2,4,6,4,16,0,0,8,0,8,2,4,14,4,24,8,40,48,72
11/30/2007,GLH,MS,ASO,CE,Federal Contract Tower,0,3,2,6,11,0,0,7,6,13,0,3,9,12,24,2,56,58,82
12/01/2007,GLH,MS,ASO,CE,Federal Contract Tower,1,3,4,0,8,0,0,6,0,6,1,3,10,0,14,4,0,4,18
12/02/2007,GLH,MS,ASO,CE,Federal Contract Tower,0,2,7,2,11,0,0,1,2,3,0,2,8,4,14,0,2,2,16
12/03/2007,GLH,MS,ASO,CE,Federal Contract Tower,0,2,0,2,4,0,0,18,0,18,0,2,18,2,22,6,28,34,56
12/04/2007,GLH,MS,ASO,CE,Federal Contract Tower,0,5,6,0,11,0,0,23,0,23,0,5,29,0,34,14,0,14,48
12/05/2007,GLH,MS,ASO,CE,Federal Contract Tower,0,2,9,2,13,0,0,8,0,8,0,2,17,2,21,0,18,18,39
12/06/2007,GLH,MS,ASO,CE,Federal Contract Tower,1,3,5,14,23,0,0,12,0,12,1,3,17,14,35,8,60,68,103
12/07/2007,GLH,MS,ASO,CE,Federal Contract Tower,0,3,8,6,17,0,0,10,0,10,0,3,18,6,27,0,34,34,61
12/08/2007,GLH,MS,ASO,CE,Federal Contract Tower,2,2,5,0,9,0,0,3,0,3,2,2,8,0,12,0,0,0,12
12/09/2007,GLH,MS,ASO,CE,Federal Contract Tower,0,2,10,0,12,0,0,2,0,2,0,2,12,0,14,0,0,0,14
12/10/2007,GLH,MS,ASO,CE,Federal Contract Tower,0,2,9,6,17,0,0,1,0,1,0,2,10,6,18,4,78,82,100
12/11/2007,GLH,MS,ASO,CE,Federal Contract Tower,2,3,15,5,25,1,0,11,0,12,3,3,26,5,37,10,66,76,113
12/12/2007,GLH,MS,ASO,CE,Federal Contract Tower,0,4,7,0,11,0,0,0,0,0,0,4,7,0,11,0,0,0,11
12/13/2007,GLH,MS,ASO,CE,Federal Contract Tower,0,2,10,0,12,0,0,0,0,0,0,2,10,0,12,0,0,0,12
12/14/2007,GLH,MS,ASO,CE,Federal Contract Tower,0,4,7,14,25,0,0,5,0,5,0,4,12,14,30,0,28,28,58
12/15/2007,GLH,MS,ASO,CE,Federal Contract Tower,0,3,6,0,9,0,0,0,0,0,0,3,6,0,9,0,0,0,9
12/16/2007,GLH,MS,ASO,CE,Federal Contract Tower,0,2,5,0,7,0,0,5,4,9,0,2,10,4,16,0,4,4,20
12/17/2007,GLH,MS,ASO,CE,Federal Contract Tower,1,4,5,6,16,0,0,35,0,35,1,4,40,6,51,16,22,38,89
12/18/2007,GLH,MS,ASO,CE,Federal Contract Tower,1,3,7,2,13,0,0,23,2,25,1,3,30,4,38,10,38,48,86
12/19/2007,GLH,MS,ASO,CE,Federal Contract Tower,0,4,14,10,28,0,0,1,0,1,0,4,15,10,29,0,0,0,29
12/20/2007,GLH,MS,ASO,CE,Federal Contract Tower,0,4,8,2,14,0,0,3,0,3,0,4,11,2,17,0,26,26,43
12/21/2007,GLH,MS,ASO,CE,Federal Contract Tower,0,3,5,14,22,0,0,3,0,3,0,3,8,14,25,0,0,0,25
12/22/2007,GLH,MS,ASO,CE,Federal Contract Tower,1,3,6,0,10,0,0,2,0,2,1,3,8,0,12,0,0,0,12
12/23/2007,GLH,MS,ASO,CE,Federal Contract Tower,0,2,8,0,10,0,0,9,0,9,0,2,17,0,19,8,0,8,27
12/24/2007,GLH,MS,ASO,CE,Federal Contract Tower,0,4,1,0,5,0,0,10,0,10,0,4,11,0,15,6,0,6,21
12/25/2007,GLH,MS,ASO,CE,Federal Contract Tower,0,3,2,0,5,0,0,4,0,4,0,3,6,0,9,0,0,0,9
12/26/2007,GLH,MS,ASO,CE,Federal Contract Tower,0,4,8,0,12,0,1,2,0,3,0,5,10,0,15,0,0,0,15
12/27/2007,GLH,MS,ASO,CE,Federal Contract Tower,0,2,18,0,20,0,0,4,0,4,0,2,22,0,24,0,0,0,24
12/28/2007,GLH,MS,ASO,CE,Federal Contract Tower,0,3,8,0,11,0,0,1,0,1,0,3,9,0,12,0,0,0,12
12/29/2007,GLH,MS,ASO,CE,Federal Contract Tower,0,3,4,0,7,0,0,9,0,9,0,3,13,0,16,2,0,2,18
12/30/2007,GLH,MS,ASO,CE,Federal Contract Tower,0,2,3,0,5,0,0,3,0,3,0,2,6,0,8,6,0,6,14
12/31/2007,GLH,MS,ASO,CE,Federal Contract Tower,0,2,0,0,2,0,0,2,0,2,0,2,2,0,4,0,0,0,4
01/01/2008,GLH,MS,ASO,CE,Federal Contract Tower,0,3,4,0,7,0,0,1,0,1,0,3,5,0,8,0,0,0,8
01/02/2008,GLH,MS,ASO,CE,Federal Contract Tower,0,3,5,0,8,0,0,15,0,15,0,3,20,0,23,0,0,0,23
01/03/2008,GLH,MS,ASO,CE,Federal Contract Tower,0,4,6,9,19,0,0,4,0,4,0,4,10,9,23,0,34,34,57
01/04/2008,GLH,MS,ASO,CE,Federal Contract Tower,0,4,3,0,7,0,0,3,0,3,0,4,6,0,10,0,0,0,10
01/05/2008,GLH,MS,ASO,CE,Federal Contract Tower,0,3,2,0,5,0,0,4,0,4,0,3,6,0,9,2,0,2,11
01/06/2008,GLH,MS,ASO,CE,Federal Contract Tower,1,2,7,0,10,0,0,4,0,4,1,2,11,0,14,4,0,4,18
01/07/2008,GLH,MS,ASO,CE,Federal Contract Tower,0,2,5,0,7,0,0,10,2,12,0,2,15,2,19,0,0,0,19
01/08/2008,GLH,MS,ASO,CE,Federal Contract Tower,1,3,6,0,10,0,0,0,0,0,1,3,6,0,10,0,0,0,10
01/09/2008,GLH,MS,ASO,CE,Federal Contract Tower,0,3,5,8,16,0,1,10,18,29,0,4,15,26,45,0,32,32,77
01/10/2008,GLH,MS,ASO,CE,Federal Contract Tower,1,3,3,0,7,0,0,0,0,0,1,3,3,0,7,0,0,0,7
01/11/2008,GLH,MS,ASO,CE,Federal Contract Tower,0,4,9,14,27,0,0,19,0,19,0,4,28,14,46,4,126,130,176
01/12/2008,GLH,MS,ASO,CE,Federal Contract Tower,0,3,2,0,5,0,0,15,0,15,0,3,17,0,20,4,0,4,24
01/13/2008,GLH,MS,ASO,CE,Federal Contract Tower,0,3,7,0,10,0,0,4,2,6,0,3,11,2,16,4,2,6,22
01/14/2008,GLH,MS,ASO,CE,Federal Contract Tower,0,0,2,9,11,0,0,21,0,21,0,0,23,9,32,4,100,104,136
01/15/2008,GLH,MS,ASO,CE,Federal Contract Tower,1,2,7,3,13,0,0,21,2,23,1,2,28,5,36,6,28,34,70
01/16/2008,GLH,MS,ASO,CE,Federal Contract Tower,2,3,7,2,14,0,0,7,0,7,2,3,14,2,21,6,62,68,89
01/17/2008,GLH,MS,ASO,CE,Federal Contract Tower,0,7,7,4,18,0,0,1,0,1,0,7,8,4,19,0,45,45,64
01/18/2008,GLH,MS,ASO,CE,Federal Contract Tower,1,2,5,9,17,0,0,11,3,14,1,2,16,12,31,16,80,96,127
01/19/2008,GLH,MS,ASO,CE,Federal Contract Tower,0,3,4,0,7,0,0,1,16,17,0,3,5,16,24,0,0,0,24
01/20/2008,GLH,MS,ASO,CE,Federal Contract Tower,0,3,0,0,3,0,0,1,0,1,0,3,1,0,4,0,0,0,4
01/21/2008,GLH,MS,ASO,CE,Federal Contract Tower,0,3,2,0,5,0,0,9,0,9,0,3,11,0,14,0,0,0,14
01/22/2008,GLH,MS,ASO,CE,Federal Contract Tower,0,2,10,3,15,0,0,0,0,0,0,2,10,3,15,0,0,0,15
01/23/2008,GLH,MS,ASO,CE,Federal Contract Tower,0,3,6,16,25,0,0,2,0,2,0,3,8,16,27,0,126,126,153
01/24/2008,GLH,MS,ASO,CE,Federal Contract Tower,2,3,7,8,20,0,1,6,0,7,2,4,13,8,27,0,104,104,131
01/25/2008,GLH,MS,ASO,CE,Federal Contract Tower,0,2,0,0,2,0,0,2,0,2,0,2,2,0,4,0,0,0,4
01/26/2008,GLH,MS,ASO,CE,Federal Contract Tower,3,3,7,0,13,0,0,0,0,0,3,3,7,0,13,0,0,0,13
01/27/2008,GLH,MS,ASO,CE,Federal Contract Tower,2,3,7,0,12,0,0,2,0,2,2,3,9,0,14,0,0,0,14
01/28/2008,GLH,MS,ASO,CE,Federal Contract Tower,2,3,1,2,8,0,0,9,0,9,2,3,10,2,17,2,28,30,47
01/29/2008,GLH,MS,ASO,CE,Federal Contract Tower,0,3,3,0,6,0,0,0,0,0,0,3,3,0,6,0,0,0,6
01/30/2008,GLH,MS,ASO,CE,Federal Contract Tower,0,4,5,2,11,0,0,18,0,18,0,4,23,2,29,22,34,56,85
01/31/2008,GLH,MS,ASO,CE,Federal Contract Tower,1,3,4,0,8,0,1,0,0,1,1,4,4,0,9,0,0,0,9
02/01/2008,GLH,MS,ASO,CE,Federal Contract Tower,2,3,3,5,13,0,0,19,11,30,2,3,22,16,43,32,18,50,93
02/02/2008,GLH,MS,ASO,CE,Federal Contract Tower,0,3,9,0,12,0,1,10,0,11,0,4,19,0,23,8,0,8,31
02/03/2008,GLH,MS,ASO,CE,Federal Contract Tower,0,2,0,0,2,0,0,0,0,0,0,2,0,0,2,0,0,0,2
02/04/2008,GLH,MS,ASO,CE,Federal Contract Tower,0,2,2,0,4,0,0,4,0,4,0,2,6,0,8,2,0,2,10
02/05/2008,GLH,MS,ASO,CE,Federal Contract Tower,0,3,2,2,7,0,0,7,0,7,0,3,9,2,14,8,38,46,60
02/06/2008,GLH,MS,ASO,CE,Federal Contract Tower,1,5,9,0,15,0,0,10,0,10,1,5,19,0,25,10,0,10,35
02/07/2008,GLH,MS,ASO,CE,Federal Contract Tower,1,3,5,4,13,0,0,15,0,15,1,3,20,4,28,10,50,60,88
02/08/2008,GLH,MS,ASO,CE,Federal Contract Tower,1,3,8,10,22,0,0,26,0,26,1,3,34,10,48,10,110,120,168
02/09/2008,GLH,MS,ASO,CE,Federal Contract Tower,0,4,4,0,8,0,1,14,0,15,0,5,18,0,23,10,0,10,33
02/10/2008,GLH,MS,ASO,CE,Federal Contract Tower,1,3,1,0,5,0,0,5,0,5,1,3,6,0,10,2,0,2,12
02/11/2008,GLH,MS,ASO,CE,Federal Contract Tower,0,3,2,12,17,0,0,17,2,19,0,3,19,14,36,34,152,186,222
02/12/2008,GLH,MS,ASO,CE,Federal Contract Tower,0,1,3,0,4,0,0,0,0,0,0,1,3,0,4,0,0,0,4
02/13/2008,GLH,MS,ASO,CE,Federal Contract Tower,0,1,10,11,22,0,1,12,1,14,0,2,22,12,36,8,106,114,150
02/14/2008,GLH,MS,ASO,CE,Federal Contract Tower,0,1,4,1,6,0,0,15,3,18,0,1,19,4,24,2,16,18,42
02/15/2008,GLH,MS,ASO,CE,Federal Contract Tower,0,2,7,2,11,0,0,6,0,6,0,2,13,2,17,12,0,12,29
02/16/2008,GLH,MS,ASO,CE,Federal Contract Tower,0,3,1,0,4,0,0,0,0,0,0,3,1,0,4,0,0,0,4
02/17/2008,GLH,MS,ASO,CE,Federal Contract Tower,0,1,4,0,5,0,0,1,0,1,0,1,5,0,6,0,0,0,6
02/18/2008,GLH,MS,ASO,CE,Federal Contract Tower,0,2,3,0,5,0,0,15,0,15,0,2,18,0,20,12,0,12,32
02/19/2008,GLH,MS,ASO,CE,Federal Contract Tower,0,3,7,2,12,0,0,21,1,22,0,3,28,3,34,10,22,32,66
02/20/2008,GLH,MS,ASO,CE,Federal Contract Tower,0,2,8,6,16,0,0,19,0,19,0,2,27,6,35,26,86,112,147
02/21/2008,GLH,MS,ASO,CE,Federal Contract Tower,0,4,3,0,7,0,0,0,0,0,0,4,3,0,7,0,0,0,7
02/22/2008,GLH,MS,ASO,CE,Federal Contract Tower,0,2,5,0,7,0,0,0,0,0,0,2,5,0,7,0,0,0,7
02/23/2008,GLH,MS,ASO,CE,Federal Contract Tower,0,4,1,0,5,0,0,3,0,3,0,4,4,0,8,0,0,0,8
02/24/2008,GLH,MS,ASO,CE,Federal Contract Tower,0,1,6,0,7,0,0,0,9,9,0,1,6,9,16,0,0,0,16
02/25/2008,GLH,MS,ASO,CE,Federal Contract Tower,0,2,6,6,14,0,0,10,0,10,0,2,16,6,24,20,100,120,144
02/26/2008,GLH,MS,ASO,CE,Federal Contract Tower,0,3,4,8,15,0,0,5,0,5,0,3,9,8,20,0,274,274,294
02/27/2008,GLH,MS,ASO,CE,Federal Contract Tower,0,3,5,4,12,0,0,19,0,19,0,3,24,4,31,38,64,102,133
02/28/2008,GLH,MS,ASO,CE,Federal Contract Tower,0,2,8,11,21,0,0,38,0,38,0,2,46,11,59,35,70,105,164
02/29/2008,GLH,MS,ASO,CE,Federal Contract Tower,0,4,2,2,8,0,0,12,0,12,0,4,14,2,20,0,0,0,20
03/01/2008,GLH,MS,ASO,CE,Federal Contract Tower,0,3,6,0,9,0,0,2,0,2,0,3,8,0,11,0,0,0,11
03/02/2008,GLH,MS,ASO,CE,Federal Contract Tower,0,2,3,0,5,0,0,9,0,9,0,2,12,0,14,0,0,0,14
03/03/2008,GLH,MS,ASO,CE,Federal Contract Tower,2,2,4,0,8,0,0,2,0,2,2,2,6,0,10,0,0,0,10
03/04/2008,GLH,MS,ASO,CE,Federal Contract Tower,0,3,5,0,8,0,0,3,0,3,0,3,8,0,11,0,0,0,11
03/05/2008,GLH,MS,ASO,CE,Federal Contract Tower,0,3,8,8,19,0,0,34,0,34,0,3,42,8,53,14,100,114,167
03/06/2008,GLH,MS,ASO,CE,Federal Contract Tower,0,2,2,2,6,0,2,35,0,37,0,4,37,2,43,56,16,72,115
03/07/2008,GLH,MS,ASO,CE,Federal Contract Tower,0,1,8,0,9,0,0,0,0,0,0,1,8,0,9,0,0,0,9
03/08/2008,GLH,MS,ASO,CE,Federal Contract Tower,0,4,0,0,4,0,0,14,0,14,0,4,14,0,18,0,0,0,18
03/09/2008,GLH,MS,ASO,CE,Federal Contract Tower,0,2,14,0,16,0,0,24,2,26,0,2,38,2,42,54,4,58,100
03/10/2008,GLH,MS,ASO,CE,Federal Contract Tower,0,2,2,2,6,0,0,14,0,14,0,2,16,2,20,8,18,26,46
03/11/2008,GLH,MS,ASO,CE,Federal Contract Tower,1,2,3,3,9,0,0,14,1,15,1,2,17,4,24,0,34,34,58
03/12/2008,GLH,MS,ASO,CE,Federal Contract Tower,0,3,6,0,9,0,1,13,2,16,0,4,19,2,25,22,0,22,47
03/13/2008,GLH,MS,ASO,CE,Federal Contract Tower,0,2,5,9,16,0,0,17,0,17,0,2,22,9,33,24,128,152,185
03/14/2008,GLH,MS,ASO,CE,Federal Contract Tower,0,1,6,4,11,0,1,3,0,4,0,2,9,4,15,0,63,63,78
03/15/2008,GLH,MS,ASO,CE,Federal Contract Tower,0,5,0,0,5,0,0,1,0,1,0,5,1,0,6,0,0,0,6
03/16/2008,GLH,MS,ASO,CE,Federal Contract Tower,0,2,2,0,4,0,0,10,0,10,0,2,12,0,14,6,0,6,20
03/17/2008,GLH,MS,ASO,CE,Federal Contract Tower,0,2,4,15,21,0,0,20,7,27,0,2,24,22,48,28,142,170,218
03/18/2008,GLH,MS,ASO,CE,Federal Contract Tower,0,2,6,2,10,0,0,17,0,17,0,2,23,2,27,0,30,30,57
03/19/2008,GLH,MS,ASO,CE,Federal Contract Tower,0,3,10,0,13,0,0,0,1,1,0,3,10,1,14,0,0,0,14
03/20/2008,GLH,MS,ASO,CE,Federal Contract Tower,0,2,9,6,17,0,0,28,0,28,0,2,37,6,45,8,82,90,135
03/21/2008,GLH,MS,ASO,CE,Federal Contract Tower,1,2,1,0,4,0,0,4,0,4,1,2,5,0,8,0,0,0,8
03/22/2008,GLH,MS,ASO,CE,Federal Contract Tower,0,3,1,0,4,0,0,15,0,15,0,3,16,0,19,2,0,2,21
03/23/2008,GLH,MS,ASO,CE,Federal Contract Tower,0,3,7,0,10,0,0,6,2,8,0,3,13,2,18,0,0,0,18
03/24/2008,GLH,MS,ASO,CE,Federal Contract Tower,0,2,10,6,18,0,0,20,0,20,0,2,30,6,38,24,86,110,148
03/25/2008,GLH,MS,ASO,CE,Federal Contract Tower,0,2,1,10,13,0,0,21,0,21,0,2,22,10,34,8,168,176,210
03/26/2008,GLH,MS,ASO,CE,Federal Contract Tower,0,3,0,7,10,0,0,34,1,35,0,3,34,8,45,12,110,122,167
03/27/2008,GLH,MS,ASO,CE,Federal Contract Tower,0,2,8,6,16,0,0,6,0,6,0,2,14,6,22,0,100,100,122
03/28/2008,GLH,MS,ASO,CE,Federal Contract Tower,0,5,10,0,15,0,0,11,0,11,0,5,21,0,26,0,0,0,26
03/29/2008,GLH,MS,ASO,CE,Federal Contract Tower,0,8,4,0,12,0,0,4,0,4,0,8,8,0,16,0,0,0,16
03/30/2008,GLH,MS,ASO,CE,Federal Contract Tower,1,2,3,0,6,0,0,3,0,3,1,2,6,0,9,0,0,0,9
03/31/2008,GLH,MS,ASO,CE,Federal Contract Tower,0,2,4,12,18,0,0,13,0,13,0,2,17,12,31,18,182,200,231
04/01/2008,GLH,MS,ASO,CE,Federal Contract Tower,0,3,7,2,12,0,0,1,2,3,0,3,8,4,15,0,2,2,17
04/02/2008,GLH,MS,ASO,CE,Federal Contract Tower,0,3,4,6,13,0,0,12,0,12,0,3,16,6,25,10,58,68,93
04/03/2008,GLH,MS,ASO,CE,Federal Contract Tower,0,2,4,1,7,0,0,3,3,6,0,2,7,4,13,0,2,2,15
04/04/2008,GLH,MS,ASO,CE,Federal Contract Tower,0,3,8,0,11,0,0,0,3,3,0,3,8,3,14,0,0,0,14
04/05/2008,GLH,MS,ASO,CE,Federal Contract Tower,0,3,4,0,7,0,0,9,3,12,0,3,13,3,19,2,0,2,21
04/06/2008,GLH,MS,ASO,CE,Federal Contract Tower,0,2,2,2,6,0,0,14,9,23,0,2,16,11,29,20,65,85,114
04/07/2008,GLH,MS,ASO,CE,Federal Contract Tower,1,2,6,6,15,0,0,36,0,36,1,2,42,6,51,28,78,106,157
04/08/2008,GLH,MS,ASO,CE,Federal Contract Tower,1,3,8,6,18,0,0,35,0,35,1,3,43,6,53,14,72,86,139
04/09/2008,GLH,MS,ASO,CE,Federal Contract Tower,0,3,13,0,16,0,0,12,0,12,0,3,25,0,28,0,0,0,28
04/10/2008,GLH,MS,ASO,CE,Federal Contract Tower,2,0,3,0,5,0,0,2,0,2,2,0,5,0,7,0,0,0,7
04/11/2008,GLH,MS,ASO,CE,Federal Contract Tower,0,3,9,6,18,0,0,3,0,3,0,3,12,6,21,0,6,6,27
04/12/2008,GLH,MS,ASO,CE,Federal Contract Tower,0,3,3,0,6,0,0,9,0,9,0,3,12,0,15,0,0,0,15
04/13/2008,GLH,MS,ASO,CE,Federal Contract Tower,0,2,3,0,5,0,0,5,0,5,0,2,8,0,10,0,0,0,10
04/14/2008,GLH,MS,ASO,CE,Federal Contract Tower,4,2,13,5,24,0,0,35,4,39,4,2,48,9,63,26,82,108,171
04/15/2008,GLH,MS,ASO,CE,Federal Contract Tower,0,2,9,12,23,0,0,29,0,29,0,2,38,12,52,18,146,164,216
04/16/2008,GLH,MS,ASO,CE,Federal Contract Tower,1,3,6,8,18,0,0,36,0,36,1,3,42,8,54,28,100,128,182
04/17/2008,GLH,MS,ASO,CE,Federal Contract Tower,0,2,6,11,19,0,0,18,0,18,0,2,24,11,37,18,197,215,252
04/18/2008,GLH,MS,ASO,CE,Federal Contract Tower,0,4,6,0,10,0,0,0,0,0,0,4,6,0,10,0,0,0,10
04/19/2008,GLH,MS,ASO,CE,Federal Contract Tower,0,3,9,1,13,0,0,13,1,14,0,3,22,2,27,0,0,0,27
04/20/2008,GLH,MS,ASO,CE,Federal Contract Tower,2,2,5,0,9,0,0,10,2,12,2,2,15,2,21,4,0,4,25
04/21/2008,GLH,MS,ASO,CE,Federal Contract Tower,0,2,3,8,13,0,0,24,1,25,0,2,27,9,38,30,120,150,188
04/22/2008,GLH,MS,ASO,CE,Federal Contract Tower,0,2,10,2,14,0,0,8,0,8,0,2,18,2,22,2,52,54,76
04/23/2008,GLH,MS,ASO,CE,Federal Contract Tower,0,2,4,0,6,0,0,22,0,22,0,2,26,0,28,32,0,32,60
04/24/2008,GLH,MS,ASO,CE,Federal Contract Tower,0,2,9,0,11,0,0,19,2,21,0,2,28,2,32,8,0,8,40
04/25/2008,GLH,MS,ASO,CE,Federal Contract Tower,0,2,9,4,15,0,0,15,0,15,0,2,24,4,30,10,44,54,84
04/26/2008,GLH,MS,ASO,CE,Federal Contract Tower,0,3,3,0,6,0,0,3,0,3,0,3,6,0,9,2,0,2,11
04/27/2008,GLH,MS,ASO,CE,Federal Contract Tower,0,2,7,0,9,0,0,0,0,0,0,2,7,0,9,0,0,0,9
04/28/2008,GLH,MS,ASO,CE,Federal Contract Tower,0,2,13,5,20,0,0,22,5,27,0,2,35,10,47,8,94,102,149
04/29/2008,GLH,MS,ASO,CE,Federal Contract Tower,0,2,4,6,12,0,1,24,0,25,0,3,28,6,37,14,94,108,145
04/30/2008,GLH,MS,ASO,CE,Federal Contract Tower,0,2,8,10,20,0,0,33,0,33,0,2,41,10,53,26,116,142,195
05/01/2008,GLH,MS,ASO,CE,Federal Contract Tower,0,2,5,4,11,0,0,9,0,9,0,2,14,4,20,0,56,56,76
05/02/2008,GLH,MS,ASO,CE,Federal Contract Tower,0,2,6,0,8,0,0,0,0,0,0,2,6,0,8,10,0,10,18
05/03/2008,GLH,MS,ASO,CE,Federal Contract Tower,0,3,1,0,4,0,0,22,24,46,0,3,23,24,50,4,0,4,54
05/04/2008,GLH,MS,ASO,CE,Federal Contract Tower,0,2,7,0,9,0,0,11,0,11,0,2,18,0,20,6,0,6,26
05/05/2008,GLH,MS,ASO,CE,Federal Contract Tower,0,3,3,0,6,0,0,12,0,12,0,3,15,0,18,12,0,12,30
05/06/2008,GLH,MS,ASO,CE,Federal Contract Tower,0,2,7,6,15,0,0,19,0,19,0,2,26,6,34,14,60,74,108
05/07/2008,GLH,MS,ASO,CE,Federal Contract Tower,0,2,2,8,12,0,0,16,0,16,0,2,18,8,28,12,92,104,132
05/08/2008,GLH,MS,ASO,CE,Federal Contract Tower,0,2,3,3,8,0,0,5,0,5,0,2,8,3,13,6,0,6,19
05/09/2008,GLH,MS,ASO,CE,Federal Contract Tower,0,4,6,7,17,0,0,22,3,25,0,4,28,10,42,24,72,96,138
05/10/2008,GLH,MS,ASO,CE,Federal Contract Tower,0,3,3,0,6,0,0,3,1,4,0,3,6,1,10,0,0,0,10
05/11/2008,GLH,MS,ASO,CE,Federal Contract Tower,0,2,2,0,4,0,0,5,4,9,0,2,7,4,13,0,0,0,13
05/12/2008,GLH,MS,ASO,CE,Federal Contract Tower,0,2,5,12,19,0,0,13,0,13,0,2,18,12,32,2,92,94,126
05/13/2008,GLH,MS,ASO,CE,Federal Contract Tower,0,3,11,0,14,0,0,6,0,6,0,3,17,0,20,4,0,4,24
05/14/2008,GLH,MS,ASO,CE,Federal Contract Tower,0,2,1,0,3,0,0,3,0,3,0,2,4,0,6,8,0,8,14
05/15/2008,GLH,MS,ASO,CE,Federal Contract Tower,1,2,9,2,14,0,0,7,0,7,1,2,16,2,21,0,36,36,57
05/16/2008,GLH,MS,ASO,CE,Federal Contract Tower,0,2,7,14,23,0,1,14,0,15,0,3,21,14,38,6,68,74,112
05/17/2008,GLH,MS,ASO,CE,Federal Contract Tower,0,3,2,0,5,0,0,12,0,12,0,3,14,0,17,4,0,4,21
05/18/2008,GLH,MS,ASO,CE,Federal Contract Tower,0,2,1,0,3,0,0,4,0,4,0,2,5,0,7,0,0,0,7
05/19/2008,GLH,MS,ASO,CE,Federal Contract Tower,0,2,4,9,15,0,0,19,1,20,0,2,23,10,35,12,92,104,139
05/20/2008,GLH,MS,ASO,CE,Federal Contract Tower,1,3,2,4,10,0,0,11,0,11,1,3,13,4,21,12,42,54,75
05/21/2008,GLH,MS,ASO,CE,Federal Contract Tower,0,3,10,12,25,0,1,17,0,18,0,4,27,12,43,12,154,166,209
05/22/2008,GLH,MS,ASO,CE,Federal Contract Tower,0,2,6,10,18,0,0,20,37,57,0,2,26,47,75,10,120,130,205
05/23/2008,GLH,MS,ASO,CE,Federal Contract Tower,2,4,10,2,18,0,0,4,0,4,2,4,14,2,22,0,28,28,50
05/24/2008,GLH,MS,ASO,CE,Federal Contract Tower,0,4,1,0,5,0,0,1,0,1,0,4,2,0,6,0,0,0,6
05/25/2008,GLH,MS,ASO,CE,Federal Contract Tower,0,2,3,0,5,0,1,4,0,5,0,3,7,0,10,0,0,0,10
05/26/2008,GLH,MS,ASO,CE,Federal Contract Tower,0,2,7,0,9,0,0,4,0,4,0,2,11,0,13,0,0,0,13
05/27/2008,GLH,MS,ASO,CE,Federal Contract Tower,0,2,3,6,11,0,1,4,0,5,0,3,7,6,16,2,74,76,92
05/28/2008,GLH,MS,ASO,CE,Federal Contract Tower,0,4,13,9,26,0,0,3,0,3,0,4,16,9,29,0,50,50,79
05/29/2008,GLH,MS,ASO,CE,Federal Contract Tower,0,4,9,2,15,0,0,17,4,21,0,4,26,6,36,0,62,62,98
05/30/2008,GLH,MS,ASO,CE,Federal Contract Tower,1,2,5,1,9,0,0,15,1,16,1,2,20,2,25,12,30,42,67
05/31/2008,GLH,MS,ASO,CE,Federal Contract Tower,0,2,3,0,5,0,1,13,0,14,0,3,16,0,19,0,0,0,19
06/01/2008,GLH,MS,ASO,CE,Federal Contract Tower,0,2,3,2,7,0,0,0,2,2,0,2,3,4,9,10,2,12,21
06/02/2008,GLH,MS,ASO,CE,Federal Contract Tower,0,2,8,8,18,0,0,19,0,19,0,2,27,8,37,6,98,104,141
06/03/2008,GLH,MS,ASO,CE,Federal Contract Tower,0,3,7,8,18,0,0,15,0,15,0,3,22,8,33,10,90,100,133
06/04/2008,GLH,MS,ASO,CE,Federal Contract Tower,0,2,9,6,17,0,1,14,0,15,0,3,23,6,32,7,92,99,131
06/05/2008,GLH,MS,ASO,CE,Federal Contract Tower,0,2,2,5,9,0,0,11,6,17,0,2,13,11,26,8,80,88,114
06/06/2008,GLH,MS,ASO,CE,Federal Contract Tower,0,2,13,6,21,0,0,20,0,20,0,2,33,6,41,8,54,62,103
06/07/2008,GLH,MS,ASO,CE,Federal Contract Tower,0,4,1,0,5,0,0,9,0,9,0,4,10,0,14,12,0,12,26
06/08/2008,GLH,MS,ASO,CE,Federal Contract Tower,0,2,2,0,4,0,0,4,0,4,0,2,6,0,8,0,0,0,8
06/09/2008,GLH,MS,ASO,CE,Federal Contract Tower,0,2,4,20,26,0,0,22,0,22,0,2,26,20,48,30,158,188,236
06/10/2008,GLH,MS,ASO,CE,Federal Contract Tower,0,2,2,12,16,0,0,16,0,16,0,2,18,12,32,6,66,72,104
06/11/2008,GLH,MS,ASO,CE,Federal Contract Tower,0,2,4,20,26,0,1,3,0,4,0,3,7,20,30,0,162,162,192
06/12/2008,GLH,MS,ASO,CE,Federal Contract Tower,0,2,3,6,11,0,0,16,0,16,0,2,19,6,27,4,103,107,134
06/13/2008,GLH,MS,ASO,CE,Federal Contract Tower,0,2,6,7,15,0,0,11,0,11,0,2,17,7,26,4,52,56,82
06/14/2008,GLH,MS,ASO,CE,Federal Contract Tower,0,4,5,0,9,0,0,0,0,0,0,4,5,0,9,0,0,0,9
06/15/2008,GLH,MS,ASO,CE,Federal Contract Tower,0,0,3,0,3,0,0,1,0,1,0,0,4,0,4,0,0,0,4
06/16/2008,GLH,MS,ASO,CE,Federal Contract Tower,0,3,7,8,18,0,0,34,0,34,0,3,41,8,52,36,68,104,156
06/17/2008,GLH,MS,ASO,CE,Federal Contract Tower,0,2,6,9,17,0,0,12,3,15,0,2,18,12,32,6,134,140,172
06/18/2008,GLH,MS,ASO,CE,Federal Contract Tower,0,6,0,8,14,0,0,12,0,12,0,6,12,8,26,5,100,105,131
06/19/2008,GLH,MS,ASO,CE,Federal Contract Tower,0,2,5,6,13,0,0,17,1,18,0,2,22,7,31,16,42,58,89
06/20/2008,GLH,MS,ASO,CE,Federal Contract Tower,0,4,2,0,6,0,0,2,0,2,0,4,4,0,8,4,0,4,12
06/21/2008,GLH,MS,ASO,CE,Federal Contract Tower,0,3,3,2,8,0,0,3,0,3,0,3,6,2,11,0,32,32,43
06/22/2008,GLH,MS,ASO,CE,Federal Contract Tower,0,2,0,0,2,0,0,6,0,6,0,2,6,0,8,0,0,0,8
06/23/2008,GLH,MS,ASO,CE,Federal Contract Tower,0,2,5,16,23,0,0,22,0,22,0,2,27,16,45,22,196,218,263
06/24/2008,GLH,MS,ASO,CE,Federal Contract Tower,0,4,10,4,18,0,0,13,0,13,0,4,23,4,31,6,36,42,73
06/25/2008,GLH,MS,ASO,CE,Federal Contract Tower,0,2,6,11,19,0,1,12,0,13,0,3,18,11,32,6,92,98,130
06/26/2008,GLH,MS,ASO,CE,Federal Contract Tower,0,2,6,3,11,0,0,7,0,7,0,2,13,3,18,12,60,72,90
06/27/2008,GLH,MS,ASO,CE,Federal Contract Tower,0,2,4,2,8,0,0,5,0,5,0,2,9,2,13,0,12,12,25
06/28/2008,GLH,MS,ASO,CE,Federal Contract Tower,0,4,1,0,5,0,0,4,0,4,0,4,5,0,9,0,0,0,9
06/29/2008,GLH,MS,ASO,CE,Federal Contract Tower,0,3,2,0,5,0,0,0,0,0,0,3,2,0,5,0,0,0,5
06/30/2008,GLH,MS,ASO,CE,Federal Contract Tower,0,2,5,12,19,0,0,22,0,22,0,2,27,12,41,14,132,146,187
07/01/2008,GLH,MS,ASO,CE,Federal Contract Tower,0,3,6,9,18,0,0,23,1,24,0,3,29,10,42,2,80,82,124
07/02/2008,GLH,MS,ASO,CE,Federal Contract Tower,0,2,1,16,19,0,0,28,1,29,0,2,29,17,48,70,160,230,278
07/03/2008,GLH,MS,ASO,CE,Federal Contract Tower,0,2,1,22,25,0,1,22,1,24,0,3,23,23,49,20,169,189,238
07/04/2008,GLH,MS,ASO,CE,Federal Contract Tower,0,2,1,0,3,0,0,1,0,1,0,2,2,0,4,0,0,0,4
07/05/2008,GLH,MS,ASO,CE,Federal Contract Tower,0,3,2,0,5,0,0,2,0,2,0,3,4,0,7,0,0,0,7
07/06/2008,GLH,MS,ASO,CE,Federal Contract Tower,0,4,1,0,5,0,0,3,0,3,0,4,4,0,8,0,0,0,8
07/07/2008,GLH,MS,ASO,CE,Federal Contract Tower,0,2,4,0,6,0,3,27,2,32,0,5,31,2,38,16,0,16,54
07/08/2008,GLH,MS,ASO,CE,Federal Contract Tower,0,7,7,13,27,0,0,15,0,15,0,7,22,13,42,16,92,108,150
07/09/2008,GLH,MS,ASO,CE,Federal Contract Tower,0,2,7,6,15,0,0,28,2,30,0,2,35,8,45,8,90,98,143
07/10/2008,GLH,MS,ASO,CE,Federal Contract Tower,0,4,7,4,15,0,0,26,0,26,0,4,33,4,41,8,4,12,53
07/11/2008,GLH,MS,ASO,CE,Federal Contract Tower,0,2,2,2,6,0,0,24,0,24,0,2,26,2,30,10,34,44,74
07/12/2008,GLH,MS,ASO,CE,Federal Contract Tower,0,3,3,0,6,0,0,18,0,18,0,3,21,0,24,0,0,0,24
07/13/2008,GLH,MS,ASO,CE,Federal Contract Tower,0,2,3,0,5,0,0,4,0,4,0,2,7,0,9,0,0,0,9
07/14/2008,GLH,MS,ASO,CE,Federal Contract Tower,0,2,2,17,21,0,0,47,0,47,0,2,49,17,68,24,106,130,198
07/15/2008,GLH,MS,ASO,CE,Federal Contract Tower,0,2,7,11,20,0,0,13,2,15,0,2,20,13,35,4,76,80,115
07/16/2008,GLH,MS,ASO,CE,Federal Contract Tower,0,2,6,15,23,0,0,29,0,29,0,2,35,15,52,14,198,212,264
07/17/2008,GLH,MS,ASO,CE,Federal Contract Tower,0,3,3,11,17,0,0,8,0,8,0,3,11,11,25,6,62,68,93
07/18/2008,GLH,MS,ASO,CE,Federal Contract Tower,0,2,7,9,18,0,0,10,0,10,0,2,17,9,28,0,66,66,94
07/19/2008,GLH,MS,ASO,CE,Federal Contract Tower,0,4,4,0,8,0,0,8,4,12,0,4,12,4,20,0,6,6,26
07/20/2008,GLH,MS,ASO,CE,Federal Contract Tower,0,2,4,4,10,0,0,5,0,5,0,2,9,4,15,0,0,0,15
07/21/2008,GLH,MS,ASO,CE,Federal Contract Tower,0,2,9,2,13,0,0,15,0,15,0,2,24,2,28,20,40,60,88
07/22/2008,GLH,MS,ASO,CE,Federal Contract Tower,0,6,8,0,14,0,0,31,2,33,0,6,39,2,47,4,4,8,55
07/23/2008,GLH,MS,ASO,CE,Federal Contract Tower,0,2,6,6,14,0,0,17,2,19,0,2,23,8,33,0,76,76,109
07/24/2008,GLH,MS,ASO,CE,Federal Contract Tower,0,3,9,9,21,0,0,8,0,8,0,3,17,9,29,0,94,94,123
07/25/2008,GLH,MS,ASO,CE,Federal Contract Tower,3,2,10,13,28,0,0,13,12,25,3,2,23,25,53,18,76,94,147
07/26/2008,GLH,MS,ASO,CE,Federal Contract Tower,0,4,2,0,6,0,0,10,0,10,0,4,12,0,16,12,0,12,28
07/27/2008,GLH,MS,ASO,CE,Federal Contract Tower,0,2,2,4,8,0,0,4,4,8,0,2,6,8,16,0,6,6,22
07/28/2008,GLH,MS,ASO,CE,Federal Contract Tower,0,2,6,6,14,0,0,15,4,19,0,2,21,10,33,10,60,70,103
07/29/2008,GLH,MS,ASO,CE,Federal Contract Tower,0,6,6,9,21,0,0,14,0,14,0,6,20,9,35,2,90,92,127
07/30/2008,GLH,MS,ASO,CE,Federal Contract Tower,0,2,3,9,14,0,0,22,2,24,0,2,25,11,38,10,100,110,148
07/31/2008,GLH,MS,ASO,CE,Federal Contract Tower,0,3,6,16,25,0,0,29,0,29,0,3,35,16,54,4,182,186,240
08/01/2008,GLH,MS,ASO,CE,Federal Contract Tower,1,2,7,11,21,0,0,50,0,50,1,2,57,11,71,10,60,70,141
08/02/2008,GLH,MS,ASO,CE,Federal Contract Tower,0,3,4,0,7,0,0,17,0,17,0,3,21,0,24,0,0,0,24
08/03/2008,GLH,MS,ASO,CE,Federal Contract Tower,1,2,9,0,12,0,0,7,0,7,1,2,16,0,19,4,0,4,23
08/04/2008,GLH,MS,ASO,CE,Federal Contract Tower,2,2,5,2,11,0,0,7,2,9,2,2,12,4,20,4,36,40,60
08/05/2008,GLH,MS,ASO,CE,Federal Contract Tower,0,6,7,13,26,0,0,29,0,29,0,6,36,13,55,6,114,120,175
08/06/2008,GLH,MS,ASO,CE,Federal Contract Tower,0,3,7,4,14,0,0,20,0,20,0,3,27,4,34,10,62,72,106
08/07/2008,GLH,MS,ASO,CE,Federal Contract Tower,0,4,2,0,6,0,0,2,2,4,0,4,4,2,10,0,0,0,10
08/08/2008,GLH,MS,ASO,CE,Federal Contract Tower,0,2,1,9,12,0,0,31,3,34,0,2,32,12,46,10,86,96,142
08/09/2008,GLH,MS,ASO,CE,Federal Contract Tower,0,2,5,0,7,0,0,16,0,16,0,2,21,0,23,22,0,22,45
08/10/2008,GLH,MS,ASO,CE,Federal Contract Tower,0,2,0,0,2,0,0,0,0,0,0,2,0,0,2,0,0,0,2
08/11/2008,GLH,MS,ASO,CE,Federal Contract Tower,0,2,1,0,3,0,0,1,0,1,0,2,2,0,4,0,0,0,4
08/12/2008,GLH,MS,ASO,CE,Federal Contract Tower,0,2,3,0,5,0,0,0,0,0,0,2,3,0,5,0,0,0,5
08/13/2008,GLH,MS,ASO,CE,Federal Contract Tower,0,2,10,2,14,0,0,20,2,22,0,2,30,4,36,2,6,8,44
08/14/2008,GLH,MS,ASO,CE,Federal Contract Tower,0,2,6,0,8,0,0,20,2,22,0,2,26,2,30,0,4,4,34
08/15/2008,GLH,MS,ASO,CE,Federal Contract Tower,0,3,3,6,12,0,0,7,0,7,0,3,10,6,19,8,90,98,117
08/16/2008,GLH,MS,ASO,CE,Federal Contract Tower,0,4,1,0,5,0,0,2,0,2,0,4,3,0,7,0,0,0,7
08/17/2008,GLH,MS,ASO,CE,Federal Contract Tower,0,2,9,2,13,0,0,10,0,10,0,2,19,2,23,0,0,0,23
08/18/2008,GLH,MS,ASO,CE,Federal Contract Tower,1,2,0,9,12,0,0,16,2,18,1,2,16,11,30,0,140,140,170
08/19/2008,GLH,MS,ASO,CE,Federal Contract Tower,0,2,0,10,12,0,1,2,21,24,0,3,2,31,36,2,60,62,98
08/20/2008,GLH,MS,ASO,CE,Federal Contract Tower,0,4,8,2,14,0,0,2,0,2,0,4,10,2,16,0,8,8,24
08/21/2008,GLH,MS,ASO,CE,Federal Contract Tower,0,3,2,0,5,0,0,9,2,11,0,3,11,2,16,0,0,0,16
08/22/2008,GLH,MS,ASO,CE,Federal Contract Tower,0,3,1,4,8,0,1,24,0,25,0,4,25,4,33,0,30,30,63
08/23/2008,GLH,MS,ASO,CE,Federal Contract Tower,0,2,1,1,4,0,0,26,1,27,0,2,27,2,31,6,0,6,37
08/24/2008,GLH,MS,ASO,CE,Federal Contract Tower,0,2,1,0,3,0,0,0,0,0,0,2,1,0,3,0,0,0,3
08/25/2008,GLH,MS,ASO,CE,Federal Contract Tower,0,2,4,1,7,0,0,0,1,1,0,2,4,2,8,0,0,0,8
08/26/2008,GLH,MS,ASO,CE,Federal Contract Tower,0,3,0,18,21,0,0,15,0,15,0,3,15,18,36,10,152,162,198
08/27/2008,GLH,MS,ASO,CE,Federal Contract Tower,0,2,5,11,18,0,0,19,0,19,0,2,24,11,37,12,104,116,153
08/28/2008,GLH,MS,ASO,CE,Federal Contract Tower,0,2,8,9,19,0,0,13,1,14,0,2,21,10,33,38,94,132,165
08/29/2008,GLH,MS,ASO,CE,Federal Contract Tower,0,3,11,7,21,0,0,16,0,16,0,3,27,7,37,0,80,80,117
08/30/2008,GLH,MS,ASO,CE,Federal Contract Tower,0,2,2,0,4,0,0,18,0,18,0,2,20,0,22,6,0,6,28
08/31/2008,GLH,MS,ASO,CE,Federal Contract Tower,0,2,6,0,8,0,0,11,4,15,0,2,17,4,23,0,0,0,23
09/01/2008,GLH,MS,ASO,CE,Federal Contract Tower,0,3,0,0,3,0,0,2,0,2,0,3,2,0,5,0,0,0,5
09/02/2008,GLH,MS,ASO,CE,Federal Contract Tower,0,4,0,0,4,0,0,3,0,3,0,4,3,0,7,0,0,0,7
09/03/2008,GLH,MS,ASO,CE,Federal Contract Tower,1,5,9,0,15,0,0,7,0,7,1,5,16,0,22,0,0,0,22
09/04/2008,GLH,MS,ASO,CE,Federal Contract Tower,0,4,5,5,14,0,0,4,2,6,0,4,9,7,20,0,24,24,44
09/05/2008,GLH,MS,ASO,CE,Federal Contract Tower,0,4,4,0,8,0,0,3,0,3,0,4,7,0,11,0,0,0,11
09/06/2008,GLH,MS,ASO,CE,Federal Contract Tower,0,2,3,0,5,0,0,7,0,7,0,2,10,0,12,0,0,0,12
09/07/2008,GLH,MS,ASO,CE,Federal Contract Tower,0,2,8,0,10,0,0,13,0,13,0,2,21,0,23,0,0,0,23
09/08/2008,GLH,MS,ASO,CE,Federal Contract Tower,0,3,5,7,15,0,0,18,0,18,0,3,23,7,33,2,90,92,125
09/09/2008,GLH,MS,ASO,CE,Federal Contract Tower,0,4,2,0,6,0,4,9,0,13,0,8,11,0,19,8,32,40,59
09/10/2008,GLH,MS,ASO,CE,Federal Contract Tower,0,7,10,0,17,0,0,13,0,13,0,7,23,0,30,0,0,0,30
09/11/2008,GLH,MS,ASO,CE,Federal Contract Tower,1,2,5,11,19,0,1,41,4,46,1,3,46,15,65,8,82,90,155
09/12/2008,GLH,MS,ASO,CE,Federal Contract Tower,3,2,9,6,20,0,1,9,1,11,3,3,18,7,31,0,86,86,117
09/13/2008,GLH,MS,ASO,CE,Federal Contract Tower,0,2,0,0,2,0,0,0,0,0,0,2,0,0,2,0,0,0,2
09/14/2008,GLH,MS,ASO,CE,Federal Contract Tower,0,2,0,1,3,0,0,4,1,5,0,2,4,2,8,0,0,0,8
09/15/2008,GLH,MS,ASO,CE,Federal Contract Tower,0,3,4,12,19,0,1,25,8,34,0,4,29,20,53,36,48,84,137
09/16/2008,GLH,MS,ASO,CE,Federal Contract Tower,0,2,11,6,19,0,0,29,0,29,0,2,40,6,48,16,62,78,126
09/17/2008,GLH,MS,ASO,CE,Federal Contract Tower,1,5,4,6,16,0,2,22,0,24,1,7,26,6,40,12,48,60,100
09/18/2008,GLH,MS,ASO,CE,Federal Contract Tower,2,2,7,15,26,0,0,25,0,25,2,2,32,15,51,6,72,78,129
09/19/2008,GLH,MS,ASO,CE,Federal Contract Tower,0,3,7,0,10,0,0,21,0,21,0,3,28,0,31,6,0,6,37
09/20/2008,GLH,MS,ASO,CE,Federal Contract Tower,0,3,0,0,3,0,0,4,0,4,0,3,4,0,7,2,0,2,9
09/21/2008,GLH,MS,ASO,CE,Federal Contract Tower,4,5,8,0,17,0,0,8,0,8,4,5,16,0,25,2,0,2,27
09/22/2008,GLH,MS,ASO,CE,Federal Contract Tower,2,2,0,8,12,0,0,23,0,23,2,2,23,8,35,18,108,126,161
09/23/2008,GLH,MS,ASO,CE,Federal Contract Tower,0,2,0,22,24,0,0,15,6,21,0,2,15,28,45,18,214,232,277
09/24/2008,GLH,MS,ASO,CE,Federal Contract Tower,0,2,3,13,18,0,1,21,0,22,0,3,24,13,40,10,82,92,132
09/25/2008,GLH,MS,ASO,CE,Federal Contract Tower,0,2,9,13,24,0,0,15,0,15,0,2,24,13,39,8,140,148,187
09/26/2008,GLH,MS,ASO,CE,Federal Contract Tower,2,2,12,4,20,0,0,36,0,36,2,2,48,4,56,16,60,76,132
09/27/2008,GLH,MS,ASO,CE,Federal Contract Tower,1,4,3,0,8,0,0,6,0,6,1,4,9,0,14,0,0,0,14
09/28/2008,GLH,MS,ASO,CE,Federal Contract Tower,1,3,8,0,12,0,0,10,0,10,1,3,18,0,22,0,0,0,22
09/29/2008,GLH,MS,ASO,CE,Federal Contract Tower,1,2,3,6,12,0,0,23,2,25,1,2,26,8,37,8,44,52,89
09/30/2008,GLH,MS,ASO,CE,Federal Contract Tower,0,4,3,3,10,0,0,15,0,15,0,4,18,3,25,0,70,70,95
10/01/2008,GLH,MS,ASO,CE,Federal Contract Tower,1,3,5,19,28,0,0,27,0,27,1,3,32,19,55,28,160,188,243
10/02/2008,GLH,MS,ASO,CE,Federal Contract Tower,3,2,7,4,16,0,0,29,0,29,3,2,36,4,45,16,24,40,85
10/03/2008,GLH,MS,ASO,CE,Federal Contract Tower,0,2,5,2,9,0,0,16,0,16,0,2,21,2,25,10,28,38,63
10/04/2008,GLH,MS,ASO,CE,Federal Contract Tower,0,2,3,0,5,0,0,9,0,9,0,2,12,0,14,2,0,2,16
10/05/2008,GLH,MS,ASO,CE,Federal Contract Tower,0,2,5,0,7,0,0,9,0,9,0,2,14,0,16,0,0,0,16
10/06/2008,GLH,MS,ASO,CE,Federal Contract Tower,0,2,1,20,23,0,0,29,0,29,0,2,30,20,52,6,140,146,198
10/07/2008,GLH,MS,ASO,CE,Federal Contract Tower,1,3,1,0,5,0,0,2,0,2,1,3,3,0,7,2,0,2,9
10/08/2008,GLH,MS,ASO,CE,Federal Contract Tower,0,2,3,3,8,0,0,6,0,6,0,2,9,3,14,6,0,6,20
10/09/2008,GLH,MS,ASO,CE,Federal Contract Tower,0,2,3,20,25,0,0,17,2,19,0,2,20,22,44,8,130,138,182
10/10/2008,GLH,MS,ASO,CE,Federal Contract Tower,0,2,6,12,20,0,0,19,2,21,0,2,25,14,41,10,134,144,185
10/11/2008,GLH,MS,ASO,CE,Federal Contract Tower,1,2,2,0,5,0,0,8,0,8,1,2,10,0,13,0,0,0,13
10/12/2008,GLH,MS,ASO,CE,Federal Contract Tower,2,2,6,0,10,0,0,2,0,2,2,2,8,0,12,0,0,0,12
10/13/2008,GLH,MS,ASO,CE,Federal Contract Tower,0,2,6,0,8,0,0,9,0,9,0,2,15,0,17,4,0,4,21
10/14/2008,GLH,MS,ASO,CE,Federal Contract Tower,1,2,2,6,11,0,0,16,0,16,1,2,18,6,27,10,102,112,139
10/15/2008,GLH,MS,ASO,CE,Federal Contract Tower,0,6,3,13,22,0,0,16,2,18,0,6,19,15,40,4,120,124,164
10/16/2008,GLH,MS,ASO,CE,Federal Contract Tower,0,3,8,1,12,0,0,0,0,0,0,3,8,1,12,0,2,2,14
10/17/2008,GLH,MS,ASO,CE,Federal Contract Tower,0,2,6,8,16,0,0,19,4,23,0,2,25,12,39,6,132,138,177
10/18/2008,GLH,MS,ASO,CE,Federal Contract Tower,0,2,2,2,6,0,0,10,0,10,0,2,12,2,16,12,0,12,28
10/19/2008,GLH,MS,ASO,CE,Federal Contract Tower,1,3,8,0,12,0,0,0,0,0,1,3,8,0,12,2,0,2,14
10/20/2008,GLH,MS,ASO,CE,Federal Contract Tower,0,2,2,4,8,0,0,12,1,13,0,2,14,5,21,10,46,56,77
10/21/2008,GLH,MS,ASO,CE,Federal Contract Tower,1,2,5,16,24,0,0,25,3,28,1,2,30,19,52,14,124,138,190
10/22/2008,GLH,MS,ASO,CE,Federal Contract Tower,0,2,5,7,14,0,0,11,2,13,0,2,16,9,27,8,32,40,67
10/23/2008,GLH,MS,ASO,CE,Federal Contract Tower,0,2,8,0,10,0,0,0,0,0,0,2,8,0,10,0,0,0,10
10/24/2008,GLH,MS,ASO,CE,Federal Contract Tower,1,3,6,2,12,0,0,9,2,11,1,3,15,4,23,6,30,36,59
10/25/2008,GLH,MS,ASO,CE,Federal Contract Tower,0,2,1,0,3,0,0,12,0,12,0,2,13,0,15,0,0,0,15
10/26/2008,GLH,MS,ASO,CE,Federal Contract Tower,0,2,3,3,8,0,0,24,3,27,0,2,27,6,35,22,8,30,65
10/27/2008,GLH,MS,ASO,CE,Federal Contract Tower,0,2,9,10,21,0,0,21,0,21,0,2,30,10,42,10,110,120,162
10/28/2008,GLH,MS,ASO,CE,Federal Contract Tower,0,2,4,7,13,0,1,17,0,18,0,3,21,7,31,14,102,116,147
10/29/2008,GLH,MS,ASO,CE,Federal Contract Tower,0,2,5,6,13,0,0,23,0,23,0,2,28,6,36,4,90,94,130
10/30/2008,GLH,MS,ASO,CE,Federal Contract Tower,0,2,5,4,11,0,0,25,0,25,0,2,30,4,36,10,54,64,100
10/31/2008,GLH,MS,ASO,CE,Federal Contract Tower,1,4,4,9,18,0,0,16,0,16,1,4,20,9,34,12,96,108,142
11/01/2008,GLH,MS,ASO,CE,Federal Contract Tower,0,3,4,0,7,0,0,6,0,6,0,3,10,0,13,0,0,0,13
11/02/2008,GLH,MS,ASO,CE,Federal Contract Tower,1,2,4,0,7,0,0,5,0,5,1,2,9,0,12,0,0,0,12
11/03/2008,GLH,MS,ASO,CE,Federal Contract Tower,0,2,10,10,22,0,0,15,2,17,0,2,25,12,39,4,62,66,105
11/04/2008,GLH,MS,ASO,CE,Federal Contract Tower,0,2,3,5,10,0,0,21,0,21,0,2,24,5,31,8,44,52,83
11/05/2008,GLH,MS,ASO,CE,Federal Contract Tower,0,4,6,8,18,0,0,14,2,16,0,4,20,10,34,6,118,124,158
11/06/2008,GLH,MS,ASO,CE,Federal Contract Tower,0,2,7,1,10,0,0,6,3,9,0,2,13,4,19,0,0,0,19
11/07/2008,GLH,MS,ASO,CE,Federal Contract Tower,0,2,8,7,17,0,0,12,1,13,0,2,20,8,30,10,80,90,120
11/08/2008,GLH,MS,ASO,CE,Federal Contract Tower,0,2,2,0,4,0,0,5,0,5,0,2,7,0,9,0,0,0,9
11/09/2008,GLH,MS,ASO,CE,Federal Contract Tower,0,2,3,0,5,0,0,9,0,9,0,2,12,0,14,2,0,2,16
11/10/2008,GLH,MS,ASO,CE,Federal Contract Tower,0,2,6,5,13,0,0,17,0,17,0,2,23,5,30,8,60,68,98
11/11/2008,GLH,MS,ASO,CE,Federal Contract Tower,0,2,4,0,6,0,1,1,0,2,0,3,5,0,8,0,0,0,8
11/12/2008,GLH,MS,ASO,CE,Federal Contract Tower,0,2,6,0,8,0,0,2,0,2,0,2,8,0,10,0,0,0,10
11/13/2008,GLH,MS,ASO,CE,Federal Contract Tower,0,3,9,0,12,0,0,3,0,3,0,3,12,0,15,8,0,8,23
11/14/2008,GLH,MS,ASO,CE,Federal Contract Tower,0,4,4,0,8,0,0,4,0,4,0,4,8,0,12,0,0,0,12
11/15/2008,GLH,MS,ASO,CE,Federal Contract Tower,0,2,6,0,8,0,0,2,0,2,0,2,8,0,10,0,0,0,10
11/16/2008,GLH,MS,ASO,CE,Federal Contract Tower,1,2,6,0,9,0,0,15,5,20,1,2,21,5,29,8,4,12,41
11/17/2008,GLH,MS,ASO,CE,Federal Contract Tower,0,4,7,14,25,0,0,23,3,26,0,4,30,17,51,16,116,132,183
11/18/2008,GLH,MS,ASO,CE,Federal Contract Tower,0,4,2,10,16,0,0,12,0,12,0,4,14,10,28,10,88,98,126
11/19/2008,GLH,MS,ASO,CE,Federal Contract Tower,0,2,5,3,10,0,0,22,0,22,0,2,27,3,32,8,34,42,74
11/20/2008,GLH,MS,ASO,CE,Federal Contract Tower,0,5,10,11,26,0,1,22,5,28,0,6,32,16,54,8,86,94,148
11/21/2008,GLH,MS,ASO,CE,Federal Contract Tower,1,4,5,12,22,0,0,17,2,19,1,4,22,14,41,12,120,132,173
11/22/2008,GLH,MS,ASO,CE,Federal Contract Tower,0,2,3,0,5,0,0,0,4,4,0,2,3,4,9,0,0,0,9
11/23/2008,GLH,MS,ASO,CE,Federal Contract Tower,0,2,5,0,7,0,0,9,0,9,0,2,14,0,16,0,0,0,16
11/24/2008,GLH,MS,ASO,CE,Federal Contract Tower,0,2,3,0,5,0,0,2,0,2,0,2,5,0,7,2,0,2,9
11/25/2008,GLH,MS,ASO,CE,Federal Contract Tower,0,3,6,4,13,0,0,26,0,26,0,3,32,4,39,16,40,56,95
11/26/2008,GLH,MS,ASO,CE,Federal Contract Tower,1,3,5,5,14,0,0,4,0,4,1,3,9,5,18,0,50,50,68
11/27/2008,GLH,MS,ASO,CE,Federal Contract Tower,0,1,0,0,1,0,0,7,0,7,0,1,7,0,8,0,0,0,8
11/28/2008,GLH,MS,ASO,CE,Federal Contract Tower,0,3,12,0,15,0,0,1,0,1,0,3,13,0,16,0,0,0,16
11/29/2008,GLH,MS,ASO,CE,Federal Contract Tower,1,3,13,0,17,0,0,1,0,1,1,3,14,0,18,0,0,0,18
11/30/2008,GLH,MS,ASO,CE,Federal Contract Tower,0,2,7,0,9,0,0,2,0,2,0,2,9,0,11,0,0,0,11
12/01/2008,GLH,MS,ASO,CE,Federal Contract Tower,1,3,9,3,16,0,0,11,2,13,1,3,20,5,29,6,28,34,63
12/02/2008,GLH,MS,ASO,CE,Federal Contract Tower,0,3,9,6,18,0,0,13,0,13,0,3,22,6,31,6,118,124,155
12/03/2008,GLH,MS,ASO,CE,Federal Contract Tower,0,4,3,11,18,0,2,17,0,19,0,6,20,11,37,14,62,76,113
12/04/2008,GLH,MS,ASO,CE,Federal Contract Tower,0,3,5,5,13,0,0,10,1,11,0,3,15,6,24,2,76,78,102
12/05/2008,GLH,MS,ASO,CE,Federal Contract Tower,0,3,4,5,12,0,0,29,4,33,0,3,33,9,45,34,66,100,145
12/06/2008,GLH,MS,ASO,CE,Federal Contract Tower,0,2,0,3,5,0,0,3,0,3,0,2,3,3,8,4,26,30,38
12/07/2008,GLH,MS,ASO,CE,Federal Contract Tower,1,2,2,0,5,0,0,2,0,2,1,2,4,0,7,10,0,10,17
12/08/2008,GLH,MS,ASO,CE,Federal Contract Tower,0,0,0,3,3,0,0,18,0,18,0,0,18,3,21,4,42,46,67
12/09/2008,GLH,MS,ASO,CE,Federal Contract Tower,0,6,2,0,8,0,0,0,0,0,0,6,2,0,8,0,0,0,8
12/10/2008,GLH,MS,ASO,CE,Federal Contract Tower,0,2,2,0,4,0,0,0,0,0,0,2,2,0,4,0,0,0,4
12/11/2008,GLH,MS,ASO,CE,Federal Contract Tower,0,3,0,0,3,0,0,2,0,2,0,3,2,0,5,2,0,2,7
12/12/2008,GLH,MS,ASO,CE,Federal Contract Tower,1,1,5,4,11,0,0,28,6,34,1,1,33,10,45,14,100,114,159
12/13/2008,GLH,MS,ASO,CE,Federal Contract Tower,0,3,4,0,7,0,0,9,2,11,0,3,13,2,18,4,0,4,22
12/14/2008,GLH,MS,ASO,CE,Federal Contract Tower,0,2,6,0,8,0,0,0,0,0,0,2,6,0,8,0,0,0,8
12/15/2008,GLH,MS,ASO,CE,Federal Contract Tower,0,5,2,0,7,0,0,0,0,0,0,5,2,0,7,0,0,0,7
12/16/2008,GLH,MS,ASO,CE,Federal Contract Tower,0,4,5,0,9,0,0,0,0,0,0,4,5,0,9,0,0,0,9
12/17/2008,GLH,MS,ASO,CE,Federal Contract Tower,1,6,9,0,16,0,0,2,0,2,1,6,11,0,18,0,0,0,18
12/18/2008,GLH,MS,ASO,CE,Federal Contract Tower,0,3,1,0,4,0,0,0,0,0,0,3,1,0,4,0,0,0,4
12/19/2008,GLH,MS,ASO,CE,Federal Contract Tower,0,3,5,0,8,0,0,7,0,7,0,3,12,0,15,0,0,0,15
12/20/2008,GLH,MS,ASO,CE,Federal Contract Tower,1,3,3,0,7,0,0,3,0,3,1,3,6,0,10,0,0,0,10
12/21/2008,GLH,MS,ASO,CE,Federal Contract Tower,0,2,4,0,6,0,0,2,0,2,0,2,6,0,8,0,0,0,8
12/22/2008,GLH,MS,ASO,CE,Federal Contract Tower,0,3,4,5,12,0,0,23,0,23,0,3,27,5,35,10,58,68,103
12/23/2008,GLH,MS,ASO,CE,Federal Contract Tower,0,1,2,4,7,0,0,2,0,2,0,1,4,4,9,0,16,16,25
12/24/2008,GLH,MS,ASO,CE,Federal Contract Tower,0,4,5,0,9,0,0,2,0,2,0,4,7,0,11,0,0,0,11
12/25/2008,GLH,MS,ASO,CE,Federal Contract Tower,0,3,5,0,8,0,0,1,0,1,0,3,6,0,9,0,0,0,9
12/26/2008,GLH,MS,ASO,CE,Federal Contract Tower,0,3,8,0,11,0,0,2,0,2,0,3,10,0,13,0,0,0,13
12/27/2008,GLH,MS,ASO,CE,Federal Contract Tower,0,2,3,0,5,0,0,1,0,1,0,2,4,0,6,0,0,0,6
12/28/2008,GLH,MS,ASO,CE,Federal Contract Tower,0,2,5,0,7,0,0,8,0,8,0,2,13,0,15,2,0,2,17
12/29/2008,GLH,MS,ASO,CE,Federal Contract Tower,2,2,4,2,10,0,0,12,0,12,2,2,16,2,22,32,10,42,64
12/30/2008,GLH,MS,ASO,CE,Federal Contract Tower,0,3,0,0,3,0,0,4,0,4,0,3,4,0,7,18,0,18,25
12/31/2008,GLH,MS,ASO,CE,Federal Contract Tower,0,4,3,0,7,0,0,7,0,7,0,4,10,0,14,2,0,2,16
01/01/2009,GLH,MS,ASO,CE,Federal Contract Tower,0,2,2,0,4,0,0,2,0,2,0,2,4,0,6,0,0,0,6
01/02/2009,GLH,MS,ASO,CE,Federal Contract Tower,0,3,2,0,5,0,0,0,0,0,0,3,2,0,5,0,0,0,5
01/03/2009,GLH,MS,ASO,CE,Federal Contract Tower,0,0,4,0,4,0,0,0,0,0,0,0,4,0,4,0,0,0,4
01/04/2009,GLH,MS,ASO,CE,Federal Contract Tower,0,0,3,0,3,0,0,0,0,0,0,0,3,0,3,0,0,0,3
01/05/2009,GLH,MS,ASO,CE,Federal Contract Tower,1,2,0,0,3,0,0,0,0,0,1,2,0,0,3,0,0,0,3
01/06/2009,GLH,MS,ASO,CE,Federal Contract Tower,0,5,1,0,6,0,0,0,0,0,0,5,1,0,6,0,0,0,6
01/07/2009,GLH,MS,ASO,CE,Federal Contract Tower,1,3,1,6,11,0,0,17,4,21,1,3,18,10,32,4,126,130,162
01/08/2009,GLH,MS,ASO,CE,Federal Contract Tower,1,2,5,11,19,0,1,18,0,19,1,3,23,11,38,10,164,174,212
01/09/2009,GLH,MS,ASO,CE,Federal Contract Tower,0,2,1,13,16,0,0,16,1,17,0,2,17,14,33,14,86,100,133
01/10/2009,GLH,MS,ASO,CE,Federal Contract Tower,0,2,5,0,7,0,0,0,0,0,0,2,5,0,7,0,0,0,7
01/11/2009,GLH,MS,ASO,CE,Federal Contract Tower,0,2,4,6,12,0,0,13,2,15,0,2,17,8,27,2,6,8,35
01/12/2009,GLH,MS,ASO,CE,Federal Contract Tower,0,2,3,4,9,0,0,6,0,6,0,2,9,4,15,12,66,78,93
01/13/2009,GLH,MS,ASO,CE,Federal Contract Tower,1,3,5,8,17,0,0,14,2,16,1,3,19,10,33,4,88,92,125
01/14/2009,GLH,MS,ASO,CE,Federal Contract Tower,2,4,7,5,18,0,0,11,0,11,2,4,18,5,29,12,56,68,97
01/15/2009,GLH,MS,ASO,CE,Federal Contract Tower,0,3,1,4,8,0,0,12,5,17,0,3,13,9,25,0,86,86,111
01/16/2009,GLH,MS,ASO,CE,Federal Contract Tower,0,5,11,16,32,0,1,9,2,12,0,6,20,18,44,6,126,132,176
01/17/2009,GLH,MS,ASO,CE,Federal Contract Tower,0,4,0,0,4,0,0,0,0,0,0,4,0,0,4,0,0,0,4
01/18/2009,GLH,MS,ASO,CE,Federal Contract Tower,0,4,1,0,5,0,0,7,0,7,0,4,8,0,12,0,0,0,12
01/19/2009,GLH,MS,ASO,CE,Federal Contract Tower,0,2,11,0,13,0,0,3,0,3,0,2,14,0,16,0,0,0,16
01/20/2009,GLH,MS,ASO,CE,Federal Contract Tower,0,3,0,10,13,0,0,15,4,19,0,3,15,14,32,8,124,132,164
01/21/2009,GLH,MS,ASO,CE,Federal Contract Tower,0,2,2,4,8,0,1,20,1,22,0,3,22,5,30,10,66,76,106
01/22/2009,GLH,MS,ASO,CE,Federal Contract Tower,2,2,2,20,26,0,0,19,1,20,2,2,21,21,46,0,124,124,170
01/23/2009,GLH,MS,ASO,CE,Federal Contract Tower,0,2,1,8,11,0,0,12,0,12,0,2,13,8,23,14,22,36,59
01/24/2009,GLH,MS,ASO,CE,Federal Contract Tower,0,4,0,0,4,0,0,0,0,0,0,4,0,0,4,0,0,0,4
01/25/2009,GLH,MS,ASO,CE,Federal Contract Tower,0,2,6,0,8,0,0,0,0,0,0,2,6,0,8,0,0,0,8
01/26/2009,GLH,MS,ASO,CE,Federal Contract Tower,2,2,5,12,21,0,0,9,0,9,2,2,14,12,30,6,100,106,136
01/27/2009,GLH,MS,ASO,CE,Federal Contract Tower,2,3,7,2,14,0,0,0,0,0,2,3,7,2,14,0,0,0,14
01/28/2009,GLH,MS,ASO,CE,Federal Contract Tower,4,2,6,8,20,0,0,0,0,0,4,2,6,8,20,0,12,12,32
01/29/2009,GLH,MS,ASO,CE,Federal Contract Tower,0,3,7,21,31,0,0,26,0,26,0,3,33,21,57,44,142,186,243
01/30/2009,GLH,MS,ASO,CE,Federal Contract Tower,0,4,4,18,26,0,0,30,0,30,0,4,34,18,56,22,116,138,194
01/31/2009,GLH,MS,ASO,CE,Federal Contract Tower,2,2,0,0,4,0,0,10,2,12,2,2,10,2,16,0,0,0,16
02/01/2009,GLH,MS,ASO,CE,Federal Contract Tower,2,2,3,6,13,0,0,2,0,2,2,2,5,6,15,0,4,4,19
02/02/2009,GLH,MS,ASO,CE,Federal Contract Tower,0,2,3,6,11,0,0,16,2,18,0,2,19,8,29,12,122,134,163
02/03/2009,GLH,MS,ASO,CE,Federal Contract Tower,0,2,4,4,10,0,0,15,0,15,0,2,19,4,25,24,58,82,107
02/04/2009,GLH,MS,ASO,CE,Federal Contract Tower,1,2,3,3,9,0,0,19,1,20,1,2,22,4,29,22,38,60,89
02/05/2009,GLH,MS,ASO,CE,Federal Contract Tower,1,3,5,4,13,0,0,18,0,18,1,3,23,4,31,20,96,116,147
02/06/2009,GLH,MS,ASO,CE,Federal Contract Tower,0,4,5,7,16,0,0,20,1,21,0,4,25,8,37,18,18,36,73
02/07/2009,GLH,MS,ASO,CE,Federal Contract Tower,0,2,2,7,11,0,0,5,0,5,0,2,7,7,16,8,66,74,90
02/08/2009,GLH,MS,ASO,CE,Federal Contract Tower,1,2,6,4,13,0,0,7,1,8,1,2,13,5,21,4,8,12,33
02/09/2009,GLH,MS,ASO,CE,Federal Contract Tower,0,2,0,8,10,0,0,12,0,12,0,2,12,8,22,6,98,104,126
02/10/2009,GLH,MS,ASO,CE,Federal Contract Tower,0,3,7,0,10,0,0,0,0,0,0,3,7,0,10,1,0,1,11
02/11/2009,GLH,MS,ASO,CE,Federal Contract Tower,0,5,3,0,8,0,0,5,0,5,0,5,8,0,13,2,0,2,15
02/12/2009,GLH,MS,ASO,CE,Federal Contract Tower,0,3,1,7,11,0,0,56,0,56,0,3,57,7,67,12,96,108,175
02/13/2009,GLH,MS,ASO,CE,Federal Contract Tower,0,6,8,2,16,0,0,55,0,55,0,6,63,2,71,44,38,82,153
02/14/2009,GLH,MS,ASO,CE,Federal Contract Tower,0,4,7,0,11,0,0,15,0,15,0,4,22,0,26,0,0,0,26
02/15/2009,GLH,MS,ASO,CE,Federal Contract Tower,0,3,4,2,9,0,0,12,0,12,0,3,16,2,21,6,4,10,31
02/16/2009,GLH,MS,ASO,CE,Federal Contract Tower,0,2,6,0,8,0,0,36,0,36,0,2,42,0,44,0,0,0,44
02/17/2009,GLH,MS,ASO,CE,Federal Contract Tower,0,4,2,0,6,0,0,6,0,6,0,4,8,0,12,4,0,4,16
02/18/2009,GLH,MS,ASO,CE,Federal Contract Tower,0,3,1,0,4,0,0,1,6,7,0,3,2,6,11,0,0,0,11
02/19/2009,GLH,MS,ASO,CE,Federal Contract Tower,0,3,2,3,8,0,0,37,1,38,0,3,39,4,46,24,38,62,108
02/20/2009,GLH,MS,ASO,CE,Federal Contract Tower,0,2,5,7,14,0,0,53,0,53,0,2,58,7,67,48,84,132,199
02/21/2009,GLH,MS,ASO,CE,Federal Contract Tower,0,2,0,0,2,0,0,1,0,1,0,2,1,0,3,0,0,0,3
02/22/2009,GLH,MS,ASO,CE,Federal Contract Tower,0,2,4,0,6,0,0,15,0,15,0,2,19,0,21,0,0,0,21
02/23/2009,GLH,MS,ASO,CE,Federal Contract Tower,0,2,2,12,16,0,0,22,0,22,0,2,24,12,38,2,174,176,214
02/24/2009,GLH,MS,ASO,CE,Federal Contract Tower,0,3,2,11,16,0,0,18,0,18,0,3,20,11,34,10,82,92,126
02/25/2009,GLH,MS,ASO,CE,Federal Contract Tower,0,3,8,7,18,0,1,9,4,14,0,4,17,11,32,6,70,76,108
02/26/2009,GLH,MS,ASO,CE,Federal Contract Tower,2,4,3,19,28,0,0,12,0,12,2,4,15,19,40,8,166,174,214
02/27/2009,GLH,MS,ASO,CE,Federal Contract Tower,0,3,2,0,5,0,0,3,0,3,0,3,5,0,8,0,0,0,8
02/28/2009,GLH,MS,ASO,CE,Federal Contract Tower,2,3,3,0,8,0,0,2,0,2,2,3,5,0,10,0,0,0,10
03/01/2009,GLH,MS,ASO,CE,Federal Contract Tower,0,3,0,0,3,0,0,11,0,11,0,3,11,0,14,0,0,0,14
03/02/2009,GLH,MS,ASO,CE,Federal Contract Tower,0,2,5,3,10,0,0,11,0,11,0,2,16,3,21,16,38,54,75
03/03/2009,GLH,MS,ASO,CE,Federal Contract Tower,0,3,3,9,15,0,0,35,0,35,0,3,38,9,50,56,112,168,218
03/04/2009,GLH,MS,ASO,CE,Federal Contract Tower,0,3,0,6,9,0,0,24,0,24,0,3,24,6,33,22,68,90,123
03/05/2009,GLH,MS,ASO,CE,Federal Contract Tower,0,3,5,8,16,0,0,19,0,19,0,3,24,8,35,14,32,46,81
03/06/2009,GLH,MS,ASO,CE,Federal Contract Tower,0,2,2,4,8,0,1,5,0,6,0,3,7,4,14,8,50,58,72
03/07/2009,GLH,MS,ASO,CE,Federal Contract Tower,2,3,0,0,5,0,0,3,0,3,2,3,3,0,8,0,0,0,8
03/08/2009,GLH,MS,ASO,CE,Federal Contract Tower,0,3,2,1,6,0,0,2,0,2,0,3,4,1,8,0,0,0,8
03/09/2009,GLH,MS,ASO,CE,Federal Contract Tower,0,4,7,3,14,0,0,13,1,14,0,4,20,4,28,12,0,12,40
03/10/2009,GLH,MS,ASO,CE,Federal Contract Tower,0,3,3,6,12,0,0,16,0,16,0,3,19,6,28,10,64,74,102
03/11/2009,GLH,MS,ASO,CE,Federal Contract Tower,0,3,13,2,18,0,0,0,0,0,0,3,13,2,18,0,8,8,26
03/12/2009,GLH,MS,ASO,CE,Federal Contract Tower,0,4,2,0,6,0,0,0,0,0,0,4,2,0,6,0,0,0,6
03/13/2009,GLH,MS,ASO,CE,Federal Contract Tower,0,1,2,0,3,0,0,0,0,0,0,1,2,0,3,0,0,0,3
03/14/2009,GLH,MS,ASO,CE,Federal Contract Tower,0,4,4,0,8,0,0,0,0,0,0,4,4,0,8,0,0,0,8
03/15/2009,GLH,MS,ASO,CE,Federal Contract Tower,2,4,8,0,14,0,0,2,0,2,2,4,10,0,16,0,0,0,16
03/16/2009,GLH,MS,ASO,CE,Federal Contract Tower,0,2,5,4,11,0,0,3,2,5,0,2,8,6,16,0,14,14,30
03/17/2009,GLH,MS,ASO,CE,Federal Contract Tower,0,6,3,10,19,0,0,17,0,17,0,6,20,10,36,12,74,86,122
03/18/2009,GLH,MS,ASO,CE,Federal Contract Tower,0,2,1,5,8,0,0,22,0,22,0,2,23,5,30,12,64,76,106
03/19/2009,GLH,MS,ASO,CE,Federal Contract Tower,1,3,0,0,4,0,0,7,0,7,1,3,7,0,11,4,0,4,15
03/20/2009,GLH,MS,ASO,CE,Federal Contract Tower,0,3,3,4,10,0,0,16,1,17,0,3,19,5,27,2,30,32,59
03/21/2009,GLH,MS,ASO,CE,Federal Contract Tower,0,2,5,0,7,0,0,20,0,20,0,2,25,0,27,2,0,2,29
03/22/2009,GLH,MS,ASO,CE,Federal Contract Tower,0,2,4,1,7,0,0,11,1,12,0,2,15,2,19,4,6,10,29
03/23/2009,GLH,MS,ASO,CE,Federal Contract Tower,0,2,3,4,9,0,0,24,0,24,0,2,27,4,33,24,48,72,105
03/24/2009,GLH,MS,ASO,CE,Federal Contract Tower,1,3,1,3,8,0,0,12,0,12,1,3,13,3,20,2,28,30,50
03/25/2009,GLH,MS,ASO,CE,Federal Contract Tower,0,3,10,7,20,0,0,20,1,21,0,3,30,8,41,24,56,80,121
03/26/2009,GLH,MS,ASO,CE,Federal Contract Tower,0,4,11,0,15,0,0,24,2,26,0,4,35,2,41,12,0,12,53
03/27/2009,GLH,MS,ASO,CE,Federal Contract Tower,0,4,1,11,16,0,0,11,1,12,0,4,12,12,28,4,20,24,52
03/28/2009,GLH,MS,ASO,CE,Federal Contract Tower,1,2,1,0,4,0,0,2,0,2,1,2,3,0,6,0,0,0,6
03/29/2009,GLH,MS,ASO,CE,Federal Contract Tower,1,2,3,2,8,0,0,17,0,17,1,2,20,2,25,2,0,2,27
03/30/2009,GLH,MS,ASO,CE,Federal Contract Tower,0,2,2,19,23,0,0,27,2,29,0,2,29,21,52,26,118,144,196
03/31/2009,GLH,MS,ASO,CE,Federal Contract Tower,0,3,5,0,8,0,0,8,0,8,0,3,13,0,16,12,0,12,28
04/01/2009,GLH,MS,ASO,CE,Federal Contract Tower,0,3,2,13,18,0,0,57,2,59,0,3,59,15,77,46,82,128,205
04/02/2009,GLH,MS,ASO,CE,Federal Contract Tower,1,2,7,0,10,0,0,9,0,9,1,2,16,0,19,2,0,2,21
04/03/2009,GLH,MS,ASO,CE,Federal Contract Tower,0,4,2,7,13,0,0,21,3,24,0,4,23,10,37,46,63,109,146
04/04/2009,GLH,MS,ASO,CE,Federal Contract Tower,0,2,2,0,4,0,0,8,0,8,0,2,10,0,12,0,0,0,12
04/05/2009,GLH,MS,ASO,CE,Federal Contract Tower,0,3,3,1,7,0,0,2,1,3,0,3,5,2,10,0,0,0,10
04/06/2009,GLH,MS,ASO,CE,Federal Contract Tower,0,2,3,9,14,0,0,4,8,12,0,2,7,17,26,0,38,38,64
04/07/2009,GLH,MS,ASO,CE,Federal Contract Tower,3,2,5,9,19,0,0,24,0,24,3,2,29,9,43,30,148,178,221
04/08/2009,GLH,MS,ASO,CE,Federal Contract Tower,1,2,6,5,14,0,0,31,0,31,1,2,37,5,45,12,58,70,115
04/09/2009,GLH,MS,ASO,CE,Federal Contract Tower,0,3,8,7,18,0,0,12,0,12,0,3,20,7,30,10,52,62,92
04/10/2009,GLH,MS,ASO,CE,Federal Contract Tower,0,3,6,2,11,0,0,3,0,3,0,3,9,2,14,0,4,4,18
04/11/2009,GLH,MS,ASO,CE,Federal Contract Tower,3,3,3,0,9,0,0,17,0,17,3,3,20,0,26,40,0,40,66
04/12/2009,GLH,MS,ASO,CE,Federal Contract Tower,0,2,1,0,3,0,0,0,0,0,0,2,1,0,3,0,0,0,3
04/13/2009,GLH,MS,ASO,CE,Federal Contract Tower,0,2,6,1,9,0,0,3,0,3,0,2,9,1,12,0,0,0,12
04/14/2009,GLH,MS,ASO,CE,Federal Contract Tower,0,5,3,9,17,0,0,42,0,42,0,5,45,9,59,34,78,112,171
04/15/2009,GLH,MS,ASO,CE,Federal Contract Tower,0,4,4,9,17,0,0,29,0,29,0,4,33,9,46,16,88,104,150
04/16/2009,GLH,MS,ASO,CE,Federal Contract Tower,0,3,4,8,15,0,0,8,0,8,0,3,12,8,23,2,110,112,135
04/17/2009,GLH,MS,ASO,CE,Federal Contract Tower,0,5,3,6,14,0,0,15,0,15,0,5,18,6,29,4,102,106,135
04/18/2009,GLH,MS,ASO,CE,Federal Contract Tower,1,2,0,0,3,0,0,0,0,0,1,2,0,0,3,0,0,0,3
04/19/2009,GLH,MS,ASO,CE,Federal Contract Tower,0,7,2,0,9,0,0,0,0,0,0,7,2,0,9,0,0,0,9
04/20/2009,GLH,MS,ASO,CE,Federal Contract Tower,1,2,3,9,15,0,0,27,0,27,1,2,30,9,42,14,144,158,200
04/21/2009,GLH,MS,ASO,CE,Federal Contract Tower,0,3,6,4,13,0,0,17,0,17,0,3,23,4,30,6,56,62,92
04/22/2009,GLH,MS,ASO,CE,Federal Contract Tower,0,3,4,8,15,0,0,30,0,30,0,3,34,8,45,20,130,150,195
04/23/2009,GLH,MS,ASO,CE,Federal Contract Tower,0,3,16,6,25,0,0,36,4,40,0,3,52,10,65,10,68,78,143
04/24/2009,GLH,MS,ASO,CE,Federal Contract Tower,0,5,6,6,17,0,0,20,0,20,0,5,26,6,37,12,98,110,147
04/25/2009,GLH,MS,ASO,CE,Federal Contract Tower,0,2,4,0,6,0,0,6,0,6,0,2,10,0,12,0,0,0,12
04/26/2009,GLH,MS,ASO,CE,Federal Contract Tower,0,2,5,3,10,0,0,6,0,6,0,2,11,3,16,0,2,2,18
04/27/2009,GLH,MS,ASO,CE,Federal Contract Tower,1,3,3,2,9,0,0,16,0,16,1,3,19,2,25,2,16,18,43
04/28/2009,GLH,MS,ASO,CE,Federal Contract Tower,4,5,3,2,14,0,0,12,10,22,4,5,15,12,36,2,0,2,38
04/29/2009,GLH,MS,ASO,CE,Federal Contract Tower,0,3,2,6,11,0,0,11,0,11,0,3,13,6,22,10,56,66,88
04/30/2009,GLH,MS,ASO,CE,Federal Contract Tower,3,4,0,6,13,0,0,15,0,15,3,4,15,6,28,6,70,76,104
05/01/2009,GLH,MS,ASO,CE,Federal Contract Tower,1,3,4,4,12,0,0,8,0,8,1,3,12,4,20,12,68,80,100
05/02/2009,GLH,MS,ASO,CE,Federal Contract Tower,1,2,2,0,5,0,0,0,0,0,1,2,2,0,5,0,0,0,5
05/03/2009,GLH,MS,ASO,CE,Federal Contract Tower,1,2,1,0,4,0,0,0,0,0,1,2,1,0,4,0,0,0,4
05/04/2009,GLH,MS,ASO,CE,Federal Contract Tower,1,2,7,2,12,0,0,1,0,1,1,2,8,2,13,0,12,12,25
05/05/2009,GLH,MS,ASO,CE,Federal Contract Tower,0,4,0,10,14,0,0,8,0,8,0,4,8,10,22,0,104,104,126
05/06/2009,GLH,MS,ASO,CE,Federal Contract Tower,0,3,4,5,12,0,0,2,0,2,0,3,6,5,14,8,42,50,64
05/07/2009,GLH,MS,ASO,CE,Federal Contract Tower,0,5,7,0,12,0,0,5,0,5,0,5,12,0,17,4,0,4,21
05/08/2009,GLH,MS,ASO,CE,Federal Contract Tower,0,2,11,6,19,0,0,13,0,13,0,2,24,6,32,4,132,136,168
05/09/2009,GLH,MS,ASO,CE,Federal Contract Tower,2,3,3,0,8,0,0,2,0,2,2,3,5,0,10,0,0,0,10
05/10/2009,GLH,MS,ASO,CE,Federal Contract Tower,0,2,0,0,2,0,0,0,0,0,0,2,0,0,2,0,0,0,2
05/11/2009,GLH,MS,ASO,CE,Federal Contract Tower,0,3,2,0,5,0,0,0,0,0,0,3,2,0,5,0,0,0,5
05/12/2009,GLH,MS,ASO,CE,Federal Contract Tower,1,0,2,4,7,0,0,10,0,10,1,0,12,4,17,2,34,36,53
05/13/2009,GLH,MS,ASO,CE,Federal Contract Tower,1,4,7,6,18,0,0,22,2,24,1,4,29,8,42,22,84,106,148
05/14/2009,GLH,MS,ASO,CE,Federal Contract Tower,1,0,4,2,7,0,0,31,0,31,1,0,35,2,38,16,24,40,78
05/15/2009,GLH,MS,ASO,CE,Federal Contract Tower,1,2,2,2,7,0,0,37,0,37,1,2,39,2,44,36,28,64,108
05/16/2009,GLH,MS,ASO,CE,Federal Contract Tower,0,2,0,1,3,0,0,7,1,8,0,2,7,2,11,0,4,4,15
05/17/2009,GLH,MS,ASO,CE,Federal Contract Tower,0,2,5,0,7,0,0,3,0,3,0,2,8,0,10,0,0,0,10
05/18/2009,GLH,MS,ASO,CE,Federal Contract Tower,1,2,9,9,21,0,0,30,0,30,1,2,39,9,51,22,68,90,141
05/19/2009,GLH,MS,ASO,CE,Federal Contract Tower,0,2,1,12,15,0,0,39,1,40,0,2,40,13,55,44,124,168,223
05/20/2009,GLH,MS,ASO,CE,Federal Contract Tower,0,3,4,6,13,0,0,33,0,33,0,3,37,6,46,18,116,134,180
05/21/2009,GLH,MS,ASO,CE,Federal Contract Tower,0,2,2,6,10,0,0,21,1,22,0,2,23,7,32,12,106,118,150
05/22/2009,GLH,MS,ASO,CE,Federal Contract Tower,3,2,10,0,15,0,0,3,0,3,3,2,13,0,18,2,0,2,20
05/23/2009,GLH,MS,ASO,CE,Federal Contract Tower,0,2,1,0,3,0,0,0,0,0,0,2,1,0,3,0,0,0,3
05/24/2009,GLH,MS,ASO,CE,Federal Contract Tower,0,2,5,0,7,0,0,1,0,1,0,2,6,0,8,0,0,0,8
05/25/2009,GLH,MS,ASO,CE,Federal Contract Tower,0,2,2,0,4,0,0,2,0,2,0,2,4,0,6,0,0,0,6
05/26/2009,GLH,MS,ASO,CE,Federal Contract Tower,0,2,0,10,12,0,0,23,0,23,0,2,23,10,35,8,32,40,75
05/27/2009,GLH,MS,ASO,CE,Federal Contract Tower,0,2,5,5,12,0,0,20,2,22,0,2,25,7,34,4,54,58,92
05/28/2009,GLH,MS,ASO,CE,Federal Contract Tower,0,3,2,0,5,0,0,5,0,5,0,3,7,0,10,28,114,142,152
05/29/2009,GLH,MS,ASO,CE,Federal Contract Tower,1,2,7,10,20,0,0,30,2,32,1,2,37,12,52,10,102,112,164
05/30/2009,GLH,MS,ASO,CE,Federal Contract Tower,4,3,9,6,22,0,0,23,0,23,4,3,32,6,45,18,6,24,69
05/31/2009,GLH,MS,ASO,CE,Federal Contract Tower,0,2,5,2,9,0,0,23,0,23,0,2,28,2,32,4,4,8,40
06/01/2009,GLH,MS,ASO,CE,Federal Contract Tower,1,2,6,4,13,0,0,26,0,26,1,2,32,4,39,8,34,42,81
06/02/2009,GLH,MS,ASO,CE,Federal Contract Tower,0,2,5,13,20,0,0,48,2,50,0,2,53,15,70,98,130,228,298
06/03/2009,GLH,MS,ASO,CE,Federal Contract Tower,0,3,10,4,17,0,0,26,2,28,0,3,36,6,45,2,44,46,91
06/04/2009,GLH,MS,ASO,CE,Federal Contract Tower,0,0,7,7,14,0,0,4,0,4,0,0,11,7,18,0,76,76,94
06/05/2009,GLH,MS,ASO,CE,Federal Contract Tower,2,4,3,8,17,0,0,17,0,17,2,4,20,8,34,14,160,174,208
06/06/2009,GLH,MS,ASO,CE,Federal Contract Tower,4,2,4,0,10,0,0,9,0,9,4,2,13,0,19,2,0,2,21
06/07/2009,GLH,MS,ASO,CE,Federal Contract Tower,0,2,3,0,5,0,0,19,0,19,0,2,22,0,24,4,0,4,28
06/08/2009,GLH,MS,ASO,CE,Federal Contract Tower,0,2,6,9,17,0,0,12,2,14,0,2,18,11,31,8,74,82,113
06/09/2009,GLH,MS,ASO,CE,Federal Contract Tower,0,2,5,5,12,0,0,24,0,24,0,2,29,5,36,20,54,74,110
06/10/2009,GLH,MS,ASO,CE,Federal Contract Tower,1,2,7,8,18,0,0,17,2,19,1,2,24,10,37,8,120,128,165
06/11/2009,GLH,MS,ASO,CE,Federal Contract Tower,0,2,3,0,5,0,0,15,0,15,0,2,18,0,20,6,0,6,26
06/12/2009,GLH,MS,ASO,CE,Federal Contract Tower,0,2,6,0,8,0,0,15,2,17,0,2,21,2,25,16,0,16,41
06/13/2009,GLH,MS,ASO,CE,Federal Contract Tower,2,2,6,0,10,0,0,6,0,6,2,2,12,0,16,20,0,20,36
06/14/2009,GLH,MS,ASO,CE,Federal Contract Tower,2,3,4,2,11,0,0,10,0,10,2,3,14,2,21,0,4,4,25
06/15/2009,GLH,MS,ASO,CE,Federal Contract Tower,0,2,3,16,21,0,0,11,0,11,0,2,14,16,32,12,138,150,182
06/16/2009,GLH,MS,ASO,CE,Federal Contract Tower,0,2,4,13,19,0,0,21,0,21,0,2,25,13,40,10,160,170,210
06/17/2009,GLH,MS,ASO,CE,Federal Contract Tower,1,2,6,10,19,0,0,17,1,18,1,2,23,11,37,24,92,116,153
06/18/2009,GLH,MS,ASO,CE,Federal Contract Tower,1,2,0,13,16,0,0,14,0,14,1,2,14,13,30,22,184,206,236
06/19/2009,GLH,MS,ASO,CE,Federal Contract Tower,0,2,5,9,16,0,0,13,2,15,0,2,18,11,31,14,118,132,163
06/20/2009,GLH,MS,ASO,CE,Federal Contract Tower,1,2,2,0,5,0,0,16,0,16,1,2,18,0,21,2,0,2,23
06/21/2009,GLH,MS,ASO,CE,Federal Contract Tower,1,2,4,0,7,0,0,14,0,14,1,2,18,0,21,6,0,6,27
06/22/2009,GLH,MS,ASO,CE,Federal Contract Tower,0,2,4,8,14,0,0,20,2,22,0,2,24,10,36,10,106,116,152
06/23/2009,GLH,MS,ASO,CE,Federal Contract Tower,2,2,4,5,13,0,0,11,0,11,2,2,15,5,24,4,80,84,108
06/24/2009,GLH,MS,ASO,CE,Federal Contract Tower,0,2,2,6,10,0,0,16,2,18,0,2,18,8,28,8,80,88,116
06/25/2009,GLH,MS,ASO,CE,Federal Contract Tower,0,2,4,8,14,0,0,19,2,21,0,2,23,10,35,28,97,125,160
06/26/2009,GLH,MS,ASO,CE,Federal Contract Tower,0,3,2,8,13,0,0,13,0,13,0,3,15,8,26,10,28,38,64
06/27/2009,GLH,MS,ASO,CE,Federal Contract Tower,0,3,5,2,10,0,0,8,0,8,0,3,13,2,18,0,0,0,18
06/28/2009,GLH,MS,ASO,CE,Federal Contract Tower,1,2,2,0,5,0,0,0,0,0,1,2,2,0,5,0,0,0,5
06/29/2009,GLH,MS,ASO,CE,Federal Contract Tower,1,2,0,15,18,0,0,37,2,39,1,2,37,17,57,60,148,208,265
06/30/2009,GLH,MS,ASO,CE,Federal Contract Tower,0,3,1,6,10,0,0,19,0,19,0,3,20,6,29,16,16,32,61
07/01/2009,GLH,MS,ASO,CE,Federal Contract Tower,0,2,3,12,17,0,0,51,1,52,0,2,54,13,69,34,106,140,209
07/02/2009,GLH,MS,ASO,CE,Federal Contract Tower,3,2,8,12,25,0,0,9,2,11,3,2,17,14,36,2,102,104,140
07/03/2009,GLH,MS,ASO,CE,Federal Contract Tower,0,2,2,0,4,0,0,7,0,7,0,2,9,0,11,0,0,0,11
07/04/2009,GLH,MS,ASO,CE,Federal Contract Tower,1,1,5,0,7,0,0,6,0,6,1,1,11,0,13,0,0,0,13
07/05/2009,GLH,MS,ASO,CE,Federal Contract Tower,1,2,4,0,7,0,0,4,0,4,1,2,8,0,11,0,0,0,11
07/06/2009,GLH,MS,ASO,CE,Federal Contract Tower,0,2,11,0,13,0,0,3,0,3,0,2,14,0,16,0,0,0,16
07/07/2009,GLH,MS,ASO,CE,Federal Contract Tower,0,3,6,8,17,0,0,14,0,14,0,3,20,8,31,8,88,96,127
07/08/2009,GLH,MS,ASO,CE,Federal Contract Tower,3,4,0,4,11,0,0,23,34,57,3,4,23,38,68,8,42,50,118
07/09/2009,GLH,MS,ASO,CE,Federal Contract Tower,1,2,1,3,7,0,0,33,3,36,1,2,34,6,43,2,32,34,77
07/10/2009,GLH,MS,ASO,CE,Federal Contract Tower,1,2,4,4,11,0,0,15,2,17,1,2,19,6,28,4,56,60,88
07/11/2009,GLH,MS,ASO,CE,Federal Contract Tower,0,2,6,10,18,0,0,11,0,11,0,2,17,10,29,24,18,42,71
07/12/2009,GLH,MS,ASO,CE,Federal Contract Tower,0,2,5,4,11,0,0,4,0,4,0,2,9,4,15,0,0,0,15
07/13/2009,GLH,MS,ASO,CE,Federal Contract Tower,2,3,6,5,16,0,0,10,0,10,2,3,16,5,26,2,24,26,52
07/14/2009,GLH,MS,ASO,CE,Federal Contract Tower,2,3,5,4,14,0,0,20,2,22,2,3,25,6,36,8,24,32,68
07/15/2009,GLH,MS,ASO,CE,Federal Contract Tower,0,2,7,6,15,0,0,16,0,16,0,2,23,6,31,20,50,70,101
07/16/2009,GLH,MS,ASO,CE,Federal Contract Tower,0,3,10,9,22,0,0,10,0,10,0,3,20,9,32,0,88,88,120
07/17/2009,GLH,MS,ASO,CE,Federal Contract Tower,0,2,4,11,17,0,0,5,0,5,0,2,9,11,22,4,46,50,72
07/18/2009,GLH,MS,ASO,CE,Federal Contract Tower,1,2,2,0,5,0,0,20,0,20,1,2,22,0,25,0,0,0,25
07/19/2009,GLH,MS,ASO,CE,Federal Contract Tower,0,3,7,0,10,0,0,7,0,7,0,3,14,0,17,2,0,2,19
07/20/2009,GLH,MS,ASO,CE,Federal Contract Tower,1,2,2,2,7,0,0,6,0,6,1,2,8,2,13,12,0,12,25
07/21/2009,GLH,MS,ASO,CE,Federal Contract Tower,0,2,5,4,11,0,0,7,0,7,0,2,12,4,18,10,88,98,116
07/22/2009,GLH,MS,ASO,CE,Federal Contract Tower,0,2,7,8,17,0,0,10,5,15,0,2,17,13,32,4,104,108,140
07/23/2009,GLH,MS,ASO,CE,Federal Contract Tower,0,3,6,2,11,0,0,42,14,56,0,3,48,16,67,22,32,54,121
07/24/2009,GLH,MS,ASO,CE,Federal Contract Tower,1,2,4,11,18,0,0,23,2,25,1,2,27,13,43,18,46,64,107
07/25/2009,GLH,MS,ASO,CE,Federal Contract Tower,0,3,4,0,7,0,0,6,0,6,0,3,10,0,13,16,0,16,29
07/26/2009,GLH,MS,ASO,CE,Federal Contract Tower,0,3,6,0,9,0,0,4,2,6,0,3,10,2,15,0,0,0,15
07/27/2009,GLH,MS,ASO,CE,Federal Contract Tower,0,2,5,2,9,0,0,14,0,14,0,2,19,2,23,2,28,30,53
07/28/2009,GLH,MS,ASO,CE,Federal Contract Tower,0,2,4,3,9,0,0,0,0,0,0,2,4,3,9,2,4,6,15
07/29/2009,GLH,MS,ASO,CE,Federal Contract Tower,2,2,0,0,4,0,0,2,0,2,2,2,2,0,6,0,0,0,6
07/30/2009,GLH,MS,ASO,CE,Federal Contract Tower,1,2,7,3,13,0,0,5,4,9,1,2,12,7,22,0,0,0,22
07/31/2009,GLH,MS,ASO,CE,Federal Contract Tower,0,3,4,16,23,0,0,14,2,16,0,3,18,18,39,28,82,110,149
08/01/2009,GLH,MS,ASO,CE,Federal Contract Tower,2,2,3,0,7,0,0,15,0,15,2,2,18,0,22,0,0,0,22
08/02/2009,GLH,MS,ASO,CE,Federal Contract Tower,0,2,6,0,8,0,0,4,0,4,0,2,10,0,12,0,0,0,12
08/03/2009,GLH,MS,ASO,CE,Federal Contract Tower,0,2,2,10,14,0,0,18,0,18,0,2,20,10,32,12,78,90,122
08/04/2009,GLH,MS,ASO,CE,Federal Contract Tower,1,2,9,4,16,0,0,28,0,28,1,2,37,4,44,12,42,54,98
08/05/2009,GLH,MS,ASO,CE,Federal Contract Tower,0,3,1,0,4,0,0,2,0,2,0,3,3,0,6,2,0,2,8
08/06/2009,GLH,MS,ASO,CE,Federal Contract Tower,0,3,6,7,16,0,0,17,1,18,0,3,23,8,34,10,50,60,94
08/07/2009,GLH,MS,ASO,CE,Federal Contract Tower,0,2,3,2,7,0,0,28,2,30,0,2,31,4,37,40,10,50,87
08/08/2009,GLH,MS,ASO,CE,Federal Contract Tower,0,3,2,4,9,0,0,10,0,10,0,3,12,4,19,48,20,68,87
08/09/2009,GLH,MS,ASO,CE,Federal Contract Tower,0,2,5,2,9,0,0,3,0,3,0,2,8,2,12,0,0,0,12
08/10/2009,GLH,MS,ASO,CE,Federal Contract Tower,1,4,0,6,11,0,0,5,4,9,1,4,5,10,20,16,56,72,92
08/11/2009,GLH,MS,ASO,CE,Federal Contract Tower,4,2,9,2,17,0,0,19,0,19,4,2,28,2,36,20,0,20,56
08/12/2009,GLH,MS,ASO,CE,Federal Contract Tower,2,2,3,8,15,0,0,15,0,15,2,2,18,8,30,30,76,106,136
08/13/2009,GLH,MS,ASO,CE,Federal Contract Tower,1,2,2,7,12,0,0,44,2,46,1,2,46,9,58,10,54,64,122
08/14/2009,GLH,MS,ASO,CE,Federal Contract Tower,2,4,8,3,17,0,0,14,4,18,2,4,22,7,35,4,20,24,59
08/15/2009,GLH,MS,ASO,CE,Federal Contract Tower,1,2,7,0,10,0,0,17,0,17,1,2,24,0,27,2,0,2,29
08/16/2009,GLH,MS,ASO,CE,Federal Contract Tower,0,2,3,2,7,0,0,7,0,7,0,2,10,2,14,2,0,2,16
08/17/2009,GLH,MS,ASO,CE,Federal Contract Tower,0,2,4,9,15,0,0,11,0,11,0,2,15,9,26,14,88,102,128
08/18/2009,GLH,MS,ASO,CE,Federal Contract Tower,0,3,10,12,25,0,0,11,0,11,0,3,21,12,36,0,88,88,124
08/19/2009,GLH,MS,ASO,CE,Federal Contract Tower,0,2,2,11,15,0,0,16,2,18,0,2,18,13,33,6,8,14,47
08/20/2009,GLH,MS,ASO,CE,Federal Contract Tower,1,4,6,16,27,0,0,6,2,8,1,4,12,18,35,0,70,70,105
08/21/2009,GLH,MS,ASO,CE,Federal Contract Tower,2,3,3,4,12,0,0,2,0,2,2,3,5,4,14,2,16,18,32
08/22/2009,GLH,MS,ASO,CE,Federal Contract Tower,1,2,1,0,4,0,0,9,0,9,1,2,10,0,13,2,0,2,15
08/23/2009,GLH,MS,ASO,CE,Federal Contract Tower,0,2,5,0,7,0,0,9,0,9,0,2,14,0,16,6,0,6,22
08/24/2009,GLH,MS,ASO,CE,Federal Contract Tower,1,2,4,16,23,0,0,20,10,30,1,2,24,26,53,0,134,134,187
08/25/2009,GLH,MS,ASO,CE,Federal Contract Tower,1,2,11,0,14,0,0,25,0,25,1,2,36,0,39,12,0,12,51
08/26/2009,GLH,MS,ASO,CE,Federal Contract Tower,0,3,4,7,14,0,0,36,0,36,0,3,40,7,50,16,70,86,136
08/27/2009,GLH,MS,ASO,CE,Federal Contract Tower,0,3,8,15,26,0,0,27,2,29,0,3,35,17,55,20,46,66,121
08/28/2009,GLH,MS,ASO,CE,Federal Contract Tower,1,2,9,4,16,0,0,14,3,17,1,2,23,7,33,4,30,34,67
08/29/2009,GLH,MS,ASO,CE,Federal Contract Tower,1,2,3,0,6,0,0,4,0,4,1,2,7,0,10,14,0,14,24
08/30/2009,GLH,MS,ASO,CE,Federal Contract Tower,0,2,9,0,11,0,0,3,0,3,0,2,12,0,14,2,0,2,16
08/31/2009,GLH,MS,ASO,CE,Federal Contract Tower,1,2,6,0,9,0,0,14,0,14,1,2,20,0,23,4,0,4,27
09/01/2009,GLH,MS,ASO,CE,Federal Contract Tower,0,2,9,0,11,0,0,30,0,30,0,2,39,0,41,16,0,16,57
09/02/2009,GLH,MS,ASO,CE,Federal Contract Tower,0,3,1,0,4,0,0,16,7,23,0,3,17,7,27,4,0,4,31
09/03/2009,GLH,MS,ASO,CE,Federal Contract Tower,1,5,3,0,9,0,0,15,3,18,1,5,18,3,27,0,0,0,27
09/04/2009,GLH,MS,ASO,CE,Federal Contract Tower,1,2,7,4,14,0,0,18,0,18,1,2,25,4,32,2,8,10,42
09/05/2009,GLH,MS,ASO,CE,Federal Contract Tower,0,2,5,0,7,0,0,14,0,14,0,2,19,0,21,8,0,8,29
09/06/2009,GLH,MS,ASO,CE,Federal Contract Tower,1,2,3,0,6,0,0,1,0,1,1,2,4,0,7,0,0,0,7
09/07/2009,GLH,MS,ASO,CE,Federal Contract Tower,0,2,1,0,3,0,0,3,0,3,0,2,4,0,6,0,0,0,6
09/08/2009,GLH,MS,ASO,CE,Federal Contract Tower,0,2,1,3,6,0,0,10,0,10,0,2,11,3,16,6,4,10,26
09/09/2009,GLH,MS,ASO,CE,Federal Contract Tower,2,3,3,0,8,0,0,13,41,54,2,3,16,41,62,8,0,8,70
09/10/2009,GLH,MS,ASO,CE,Federal Contract Tower,0,2,5,3,10,0,0,15,4,19,0,2,20,7,29,4,12,16,45
09/11/2009,GLH,MS,ASO,CE,Federal Contract Tower,2,2,2,2,8,0,0,4,0,4,2,2,6,2,12,0,2,2,14
09/12/2009,GLH,MS,ASO,CE,Federal Contract Tower,1,2,2,0,5,0,0,0,0,0,1,2,2,0,5,0,0,0,5
09/13/2009,GLH,MS,ASO,CE,Federal Contract Tower,0,2,1,0,3,0,0,1,0,1,0,2,2,0,4,0,0,0,4
09/14/2009,GLH,MS,ASO,CE,Federal Contract Tower,1,2,4,0,7,0,0,0,0,0,1,2,4,0,7,0,0,0,7
09/15/2009,GLH,MS,ASO,CE,Federal Contract Tower,2,3,5,0,10,0,0,1,0,1,2,3,6,0,11,0,0,0,11
09/16/2009,GLH,MS,ASO,CE,Federal Contract Tower,1,2,4,2,9,0,0,12,0,12,1,2,16,2,21,0,24,24,45
09/17/2009,GLH,MS,ASO,CE,Federal Contract Tower,0,2,4,0,6,0,0,4,0,4,0,2,8,0,10,0,0,0,10
09/18/2009,GLH,MS,ASO,CE,Federal Contract Tower,0,2,4,0,6,0,0,4,0,4,0,2,8,0,10,0,0,0,10
09/19/2009,GLH,MS,ASO,CE,Federal Contract Tower,0,2,2,0,4,0,0,0,0,0,0,2,2,0,4,0,0,0,4
09/20/2009,GLH,MS,ASO,CE,Federal Contract Tower,0,2,10,1,13,0,0,6,0,6,0,2,16,1,19,8,0,8,27
09/21/2009,GLH,MS,ASO,CE,Federal Contract Tower,0,3,3,2,8,0,0,4,2,6,0,3,7,4,14,0,0,0,14
09/22/2009,GLH,MS,ASO,CE,Federal Contract Tower,2,2,5,2,11,0,0,9,5,14,2,2,14,7,25,0,0,0,25
09/23/2009,GLH,MS,ASO,CE,Federal Contract Tower,0,4,6,0,10,0,0,5,0,5,0,4,11,0,15,0,0,0,15
09/24/2009,GLH,MS,ASO,CE,Federal Contract Tower,0,2,5,2,9,0,0,3,2,5,0,2,8,4,14,0,0,0,14
09/25/2009,GLH,MS,ASO,CE,Federal Contract Tower,5,2,3,0,10,0,0,1,0,1,5,2,4,0,11,10,0,10,21
09/26/2009,GLH,MS,ASO,CE,Federal Contract Tower,1,2,1,0,4,0,0,2,0,2,1,2,3,0,6,0,0,0,6
09/27/2009,GLH,MS,ASO,CE,Federal Contract Tower,0,2,3,1,6,0,0,8,0,8,0,2,11,1,14,0,0,0,14
09/28/2009,GLH,MS,ASO,CE,Federal Contract Tower,0,1,4,5,10,0,0,18,0,18,0,1,22,5,28,0,16,16,44
09/29/2009,GLH,MS,ASO,CE,Federal Contract Tower,0,2,2,2,6,0,0,17,0,17,0,2,19,2,23,0,0,0,23
09/30/2009,GLH,MS,ASO,CE,Federal Contract Tower,3,2,2,1,8,0,0,23,49,72,3,2,25,50,80,36,0,36,116
10/01/2009,GLH,MS,ASO,CE,Federal Contract Tower,1,3,5,0,9,0,0,6,2,8,1,3,11,2,17,6,4,10,27
10/02/2009,GLH,MS,ASO,CE,Federal Contract Tower,1,2,7,1,11,0,0,17,1,18,1,2,24,2,29,18,2,20,49
10/03/2009,GLH,MS,ASO,CE,Federal Contract Tower,0,5,0,0,5,0,0,10,0,10,0,5,10,0,15,0,0,0,15
10/04/2009,GLH,MS,ASO,CE,Federal Contract Tower,2,2,6,0,10,0,0,1,0,1,2,2,7,0,11,0,0,0,11
10/05/2009,GLH,MS,ASO,CE,Federal Contract Tower,0,2,3,0,5,0,0,0,0,0,0,2,3,0,5,2,0,2,7
10/06/2009,GLH,MS,ASO,CE,Federal Contract Tower,0,2,9,0,11,0,0,0,0,0,0,2,9,0,11,0,0,0,11
10/07/2009,GLH,MS,ASO,CE,Federal Contract Tower,1,2,5,4,12,0,0,16,0,16,1,2,21,4,28,0,40,40,68
10/08/2009,GLH,MS,ASO,CE,Federal Contract Tower,0,2,20,2,24,0,0,6,0,6,0,2,26,2,30,2,2,4,34
10/09/2009,GLH,MS,ASO,CE,Federal Contract Tower,0,3,6,0,9,0,0,5,0,5,0,3,11,0,14,0,0,0,14
10/10/2009,GLH,MS,ASO,CE,Federal Contract Tower,2,2,1,0,5,0,0,0,2,2,2,2,1,2,7,0,0,0,7
10/11/2009,GLH,MS,ASO,CE,Federal Contract Tower,2,2,4,0,8,0,0,6,0,6,2,2,10,0,14,0,0,0,14
10/12/2009,GLH,MS,ASO,CE,Federal Contract Tower,0,2,3,0,5,0,0,0,0,0,0,2,3,0,5,0,0,0,5
10/13/2009,GLH,MS,ASO,CE,Federal Contract Tower,1,0,4,0,5,0,0,0,0,0,1,0,4,0,5,0,0,0,5
10/14/2009,GLH,MS,ASO,CE,Federal Contract Tower,1,2,8,2,13,0,0,2,0,2,1,2,10,2,15,0,4,4,19
10/15/2009,GLH,MS,ASO,CE,Federal Contract Tower,0,3,4,0,7,0,0,0,0,0,0,3,4,0,7,0,0,0,7
10/16/2009,GLH,MS,ASO,CE,Federal Contract Tower,2,3,5,6,16,0,0,16,0,16,2,3,21,6,32,0,60,60,92
10/17/2009,GLH,MS,ASO,CE,Federal Contract Tower,1,2,3,0,6,0,0,6,0,6,1,2,9,0,12,6,0,6,18
10/18/2009,GLH,MS,ASO,CE,Federal Contract Tower,1,2,3,0,6,0,0,8,0,8,1,2,11,0,14,0,0,0,14
10/19/2009,GLH,MS,ASO,CE,Federal Contract Tower,1,2,3,2,8,0,0,28,0,28,1,2,31,2,36,6,10,16,52
10/20/2009,GLH,MS,ASO,CE,Federal Contract Tower,0,3,7,0,10,0,0,28,0,28,0,3,35,0,38,14,0,14,52
10/21/2009,GLH,MS,ASO,CE,Federal Contract Tower,0,3,3,6,12,0,0,22,0,22,0,3,25,6,34,8,74,82,116
10/22/2009,GLH,MS,ASO,CE,Federal Contract Tower,0,3,0,0,3,0,0,0,0,0,0,3,0,0,3,0,0,0,3
10/23/2009,GLH,MS,ASO,CE,Federal Contract Tower,0,5,11,6,22,0,0,2,2,4,0,5,13,8,26,0,104,104,130
10/24/2009,GLH,MS,ASO,CE,Federal Contract Tower,0,2,4,0,6,0,0,8,0,8,0,2,12,0,14,8,0,8,22
10/25/2009,GLH,MS,ASO,CE,Federal Contract Tower,3,2,11,0,16,0,0,6,0,6,3,2,17,0,22,0,0,0,22
10/26/2009,GLH,MS,ASO,CE,Federal Contract Tower,0,2,0,4,6,0,0,12,6,18,0,2,12,10,24,8,48,56,80
10/27/2009,GLH,MS,ASO,CE,Federal Contract Tower,3,2,9,0,14,0,0,2,0,2,3,2,11,0,16,0,0,0,16
10/28/2009,GLH,MS,ASO,CE,Federal Contract Tower,1,3,2,0,6,0,0,24,0,24,1,3,26,0,30,0,0,0,30
10/29/2009,GLH,MS,ASO,CE,Federal Contract Tower,0,3,1,0,4,0,0,3,0,3,0,3,4,0,7,16,0,16,23
10/30/2009,GLH,MS,ASO,CE,Federal Contract Tower,1,2,6,0,9,0,0,0,0,0,1,2,6,0,9,0,0,0,9
10/31/2009,GLH,MS,ASO,CE,Federal Contract Tower,0,4,5,0,9,0,0,20,0,20,0,4,25,0,29,6,0,6,35
11/01/2009,GLH,MS,ASO,CE,Federal Contract Tower,0,2,6,0,8,0,0,6,0,6,0,2,12,0,14,6,0,6,20
11/02/2009,GLH,MS,ASO,CE,Federal Contract Tower,0,3,0,4,7,0,0,26,2,28,0,3,26,6,35,14,56,70,105
11/03/2009,GLH,MS,ASO,CE,Federal Contract Tower,0,2,0,6,8,0,0,13,0,13,0,2,13,6,21,0,78,78,99
11/04/2009,GLH,MS,ASO,CE,Federal Contract Tower,0,2,6,5,13,0,0,26,0,26,0,2,32,5,39,16,100,116,155
11/05/2009,GLH,MS,ASO,CE,Federal Contract Tower,2,3,11,3,19,0,0,20,3,23,2,3,31,6,42,4,26,30,72
11/06/2009,GLH,MS,ASO,CE,Federal Contract Tower,2,4,4,4,14,0,0,27,0,27,2,4,31,4,41,4,74,78,119
11/07/2009,GLH,MS,ASO,CE,Federal Contract Tower,0,3,5,0,8,0,0,14,0,14,0,3,19,0,22,30,0,30,52
11/08/2009,GLH,MS,ASO,CE,Federal Contract Tower,1,2,6,0,9,0,0,6,0,6,1,2,12,0,15,46,0,46,61
11/09/2009,GLH,MS,ASO,CE,Federal Contract Tower,1,2,2,6,11,0,0,12,0,12,1,2,14,6,23,0,68,68,91
11/10/2009,GLH,MS,ASO,CE,Federal Contract Tower,0,2,4,2,8,0,0,15,0,15,0,2,19,2,23,2,14,16,39
11/11/2009,GLH,MS,ASO,CE,Federal Contract Tower,0,2,3,0,5,0,0,10,0,10,0,2,13,0,15,0,0,0,15
11/12/2009,GLH,MS,ASO,CE,Federal Contract Tower,0,3,4,4,11,0,0,15,1,16,0,3,19,5,27,0,66,66,93
11/13/2009,GLH,MS,ASO,CE,Federal Contract Tower,2,3,3,2,10,0,0,22,0,22,2,3,25,2,32,8,42,50,82
11/14/2009,GLH,MS,ASO,CE,Federal Contract Tower,1,3,1,6,11,0,0,1,0,1,1,3,2,6,12,0,8,8,20
11/15/2009,GLH,MS,ASO,CE,Federal Contract Tower,0,2,1,2,5,0,0,6,0,6,0,2,7,2,11,0,0,0,11
11/16/2009,GLH,MS,ASO,CE,Federal Contract Tower,0,3,6,0,9,0,0,0,0,0,0,3,6,0,9,0,0,0,9
11/17/2009,GLH,MS,ASO,CE,Federal Contract Tower,0,3,0,2,5,0,0,8,0,8,0,3,8,2,13,0,44,44,57
11/18/2009,GLH,MS,ASO,CE,Federal Contract Tower,1,2,2,2,7,0,0,18,0,18,1,2,20,2,25,0,40,40,65
11/19/2009,GLH,MS,ASO,CE,Federal Contract Tower,0,3,4,4,11,0,0,48,0,48,0,3,52,4,59,12,66,78,137
11/20/2009,GLH,MS,ASO,CE,Federal Contract Tower,0,2,2,4,8,0,0,29,0,29,0,2,31,4,37,0,56,56,93
11/21/2009,GLH,MS,ASO,CE,Federal Contract Tower,0,2,7,0,9,0,0,6,4,10,0,2,13,4,19,0,0,0,19
11/22/2009,GLH,MS,ASO,CE,Federal Contract Tower,1,2,5,0,8,0,0,1,0,1,1,2,6,0,9,0,0,0,9
11/23/2009,GLH,MS,ASO,CE,Federal Contract Tower,0,2,2,7,11,0,0,12,0,12,0,2,14,7,23,12,48,60,83
11/24/2009,GLH,MS,ASO,CE,Federal Contract Tower,0,2,1,0,3,0,0,8,0,8,0,2,9,0,11,2,0,2,13
11/25/2009,GLH,MS,ASO,CE,Federal Contract Tower,2,2,6,2,12,0,0,15,0,15,2,2,21,2,27,4,8,12,39
11/26/2009,GLH,MS,ASO,CE,Federal Contract Tower,1,2,1,0,4,0,0,1,0,1,1,2,2,0,5,0,0,0,5
11/27/2009,GLH,MS,ASO,CE,Federal Contract Tower,0,1,0,0,1,0,0,5,0,5,0,1,5,0,6,2,0,2,8
11/28/2009,GLH,MS,ASO,CE,Federal Contract Tower,0,2,2,0,4,0,0,6,0,6,0,2,8,0,10,0,0,0,10
11/29/2009,GLH,MS,ASO,CE,Federal Contract Tower,0,1,10,0,11,0,0,0,0,0,0,1,10,0,11,0,0,0,11
11/30/2009,GLH,MS,ASO,CE,Federal Contract Tower,2,2,2,6,12,0,0,4,0,4,2,2,6,6,16,0,78,78,94
12/01/2009,GLH,MS,ASO,CE,Federal Contract Tower,0,2,6,8,16,0,0,19,0,19,0,2,25,8,35,6,66,72,107
12/02/2009,GLH,MS,ASO,CE,Federal Contract Tower,0,2,7,0,9,0,0,0,0,0,0,2,7,0,9,0,0,0,9
12/03/2009,GLH,MS,ASO,CE,Federal Contract Tower,0,3,1,10,14,0,0,18,0,18,0,3,19,10,32,4,128,132,164
12/04/2009,GLH,MS,ASO,CE,Federal Contract Tower,0,2,9,6,17,0,0,11,0,11,0,2,20,6,28,8,90,98,126
12/05/2009,GLH,MS,ASO,CE,Federal Contract Tower,3,2,1,0,6,0,0,20,0,20,3,2,21,0,26,14,0,14,40
12/06/2009,GLH,MS,ASO,CE,Federal Contract Tower,1,2,4,0,7,0,0,7,0,7,1,2,11,0,14,2,0,2,16
12/07/2009,GLH,MS,ASO,CE,Federal Contract Tower,0,2,5,0,7,0,0,0,0,0,0,2,5,0,7,0,0,0,7
12/08/2009,GLH,MS,ASO,CE,Federal Contract Tower,0,3,6,0,9,0,0,0,0,0,0,3,6,0,9,0,0,0,9
12/09/2009,GLH,MS,ASO,CE,Federal Contract Tower,0,3,3,8,14,0,0,13,2,15,0,3,16,10,29,18,80,98,127
12/10/2009,GLH,MS,ASO,CE,Federal Contract Tower,3,2,5,4,14,0,0,34,0,34,3,2,39,4,48,12,12,24,72
12/11/2009,GLH,MS,ASO,CE,Federal Contract Tower,0,2,4,3,9,0,0,29,2,31,0,2,33,5,40,24,54,78,118
12/12/2009,GLH,MS,ASO,CE,Federal Contract Tower,0,3,6,0,9,0,0,0,0,0,0,3,6,0,9,0,0,0,9
12/13/2009,GLH,MS,ASO,CE,Federal Contract Tower,0,3,3,0,6,0,0,0,0,0,0,3,3,0,6,0,0,0,6
12/14/2009,GLH,MS,ASO,CE,Federal Contract Tower,3,3,13,2,21,0,0,2,0,2,3,3,15,2,23,0,10,10,33
12/15/2009,GLH,MS,ASO,CE,Federal Contract Tower,2,2,13,2,19,0,0,0,0,0,2,2,13,2,19,2,2,4,23
12/16/2009,GLH,MS,ASO,CE,Federal Contract Tower,1,2,6,7,16,0,0,22,1,23,1,2,28,8,39,24,58,82,121
12/17/2009,GLH,MS,ASO,CE,Federal Contract Tower,2,2,7,6,17,0,0,14,2,16,2,2,21,8,33,14,52,66,99
12/18/2009,GLH,MS,ASO,CE,Federal Contract Tower,0,2,6,7,15,0,0,19,3,22,0,2,25,10,37,8,60,68,105
12/19/2009,GLH,MS,ASO,CE,Federal Contract Tower,0,2,5,0,7,0,0,4,0,4,0,2,9,0,11,0,0,0,11
12/20/2009,GLH,MS,ASO,CE,Federal Contract Tower,1,2,3,1,7,0,0,7,1,8,1,2,10,2,15,10,0,10,25
12/21/2009,GLH,MS,ASO,CE,Federal Contract Tower,1,2,3,11,17,0,0,19,2,21,1,2,22,13,38,6,114,120,158
12/22/2009,GLH,MS,ASO,CE,Federal Contract Tower,2,2,6,6,16,0,0,13,0,13,2,2,19,6,29,2,100,102,131
12/23/2009,GLH,MS,ASO,CE,Federal Contract Tower,0,2,2,0,4,0,0,0,0,0,0,2,2,0,4,0,0,0,4
12/24/2009,GLH,MS,ASO,CE,Federal Contract Tower,0,2,0,0,2,0,0,2,0,2,0,2,2,0,4,0,0,0,4
12/25/2009,GLH,MS,ASO,CE,Federal Contract Tower,0,2,0,0,2,0,0,4,0,4,0,2,4,0,6,0,0,0,6
12/26/2009,GLH,MS,ASO,CE,Federal Contract Tower,0,2,6,0,8,0,0,4,0,4,0,2,10,0,12,0,0,0,12
12/27/2009,GLH,MS,ASO,CE,Federal Contract Tower,3,2,2,0,7,0,0,9,0,9,3,2,11,0,16,8,0,8,24
12/28/2009,GLH,MS,ASO,CE,Federal Contract Tower,2,3,2,0,7,0,0,12,0,12,2,3,14,0,19,2,0,2,21
12/29/2009,GLH,MS,ASO,CE,Federal Contract Tower,0,2,7,0,9,0,0,7,0,7,0,2,14,0,16,2,0,2,18
12/30/2009,GLH,MS,ASO,CE,Federal Contract Tower,0,2,2,0,4,0,0,0,0,0,0,2,2,0,4,0,0,0,4
12/31/2009,GLH,MS,ASO,CE,Federal Contract Tower,2,3,5,0,10,0,0,2,0,2,2,3,7,0,12,0,0,0,12
01/01/2010,GLH,MS,ASO,CE,Federal Contract Tower,0,2,3,0,5,0,0,6,0,6,0,2,9,0,11,0,0,0,11
01/02/2010,GLH,MS,ASO,CE,Federal Contract Tower,1,3,5,0,9,0,0,3,0,3,1,3,8,0,12,0,2,2,14
01/03/2010,GLH,MS,ASO,CE,Federal Contract Tower,0,2,0,0,2,0,0,10,0,10,0,2,10,0,12,0,0,0,12
01/04/2010,GLH,MS,ASO,CE,Federal Contract Tower,0,3,1,0,4,0,0,6,2,8,0,3,7,2,12,0,0,0,12
01/05/2010,GLH,MS,ASO,CE,Federal Contract Tower,4,2,0,3,9,0,0,7,0,7,4,2,7,3,16,2,50,52,68
01/06/2010,GLH,MS,ASO,CE,Federal Contract Tower,1,3,4,9,17,0,0,7,2,9,1,3,11,11,26,2,74,76,102
01/07/2010,GLH,MS,ASO,CE,Federal Contract Tower,2,2,0,0,4,0,0,0,0,0,2,2,0,0,4,0,0,0,4
01/08/2010,GLH,MS,ASO,CE,Federal Contract Tower,0,3,1,0,4,0,0,0,0,0,0,3,1,0,4,0,0,0,4
01/09/2010,GLH,MS,ASO,CE,Federal Contract Tower,0,2,3,2,7,0,0,4,2,6,0,2,7,4,13,2,36,38,51
01/10/2010,GLH,MS,ASO,CE,Federal Contract Tower,1,2,1,0,4,0,0,6,0,6,1,2,7,0,10,4,0,4,14
01/11/2010,GLH,MS,ASO,CE,Federal Contract Tower,0,2,1,4,7,0,0,13,0,13,0,2,14,4,20,2,12,14,34
01/12/2010,GLH,MS,ASO,CE,Federal Contract Tower,0,2,0,4,6,0,0,15,6,21,0,2,15,10,27,2,70,72,99
01/13/2010,GLH,MS,ASO,CE,Federal Contract Tower,0,2,4,7,13,0,0,8,3,11,0,2,12,10,24,16,82,98,122
01/14/2010,GLH,MS,ASO,CE,Federal Contract Tower,2,2,1,9,14,0,0,11,0,11,2,2,12,9,25,4,60,64,89
01/15/2010,GLH,MS,ASO,CE,Federal Contract Tower,1,2,6,9,18,0,0,14,0,14,1,2,20,9,32,20,100,120,152
01/16/2010,GLH,MS,ASO,CE,Federal Contract Tower,3,2,7,0,12,0,0,1,0,1,3,2,8,0,13,0,0,0,13
01/17/2010,GLH,MS,ASO,CE,Federal Contract Tower,0,2,3,0,5,0,0,3,0,3,0,2,6,0,8,0,0,0,8
01/18/2010,GLH,MS,ASO,CE,Federal Contract Tower,3,2,7,0,12,0,0,24,0,24,3,2,31,0,36,30,0,30,66
01/19/2010,GLH,MS,ASO,CE,Federal Contract Tower,1,2,9,2,14,0,0,3,0,3,1,2,12,2,17,0,40,40,57
01/20/2010,GLH,MS,ASO,CE,Federal Contract Tower,1,2,8,0,11,0,0,2,0,2,1,2,10,0,13,0,0,0,13
01/21/2010,GLH,MS,ASO,CE,Federal Contract Tower,0,2,4,9,15,0,0,7,0,7,0,2,11,9,22,6,90,96,118
01/22/2010,GLH,MS,ASO,CE,Federal Contract Tower,1,2,4,0,7,0,0,7,0,7,1,2,11,0,14,2,0,2,16
01/23/2010,GLH,MS,ASO,CE,Federal Contract Tower,0,2,8,9,19,0,0,9,1,10,0,2,17,10,29,10,134,144,173
01/24/2010,GLH,MS,ASO,CE,Federal Contract Tower,0,2,0,0,2,0,0,6,0,6,0,2,6,0,8,6,0,6,14
01/25/2010,GLH,MS,ASO,CE,Federal Contract Tower,2,2,9,0,13,0,0,13,0,13,2,2,22,0,26,4,0,4,30
01/26/2010,GLH,MS,ASO,CE,Federal Contract Tower,2,2,12,7,23,0,0,27,0,27,2,2,39,7,50,28,64,92,142
01/27/2010,GLH,MS,ASO,CE,Federal Contract Tower,1,3,6,7,17,0,0,20,0,20,1,3,26,7,37,24,56,80,117
01/28/2010,GLH,MS,ASO,CE,Federal Contract Tower,2,2,4,2,10,0,0,14,0,14,2,2,18,2,24,22,32,54,78
01/29/2010,GLH,MS,ASO,CE,Federal Contract Tower,0,0,2,0,2,0,0,0,0,0,0,0,2,0,2,0,0,0,2
01/30/2010,GLH,MS,ASO,CE,Federal Contract Tower,2,3,3,0,8,0,0,0,0,0,2,3,3,0,8,0,0,0,8
01/31/2010,GLH,MS,ASO,CE,Federal Contract Tower,2,2,3,0,7,0,0,2,1,3,2,2,5,1,10,2,2,4,14
02/01/2010,GLH,MS,ASO,CE,Federal Contract Tower,2,2,2,6,12,0,0,15,0,15,2,2,17,6,27,14,56,70,97
02/02/2010,GLH,MS,ASO,CE,Federal Contract Tower,0,2,3,8,13,0,0,13,5,18,0,2,16,13,31,4,82,86,117
02/03/2010,GLH,MS,ASO,CE,Federal Contract Tower,0,2,5,5,12,0,0,16,7,23,0,2,21,12,35,44,36,80,115
02/04/2010,GLH,MS,ASO,CE,Federal Contract Tower,3,2,4,0,9,0,0,0,0,0,3,2,4,0,9,0,0,0,9
02/05/2010,GLH,MS,ASO,CE,Federal Contract Tower,2,2,3,4,11,0,0,2,0,2,2,2,5,4,13,0,0,0,13
02/06/2010,GLH,MS,ASO,CE,Federal Contract Tower,2,3,0,0,5,0,0,1,0,1,2,3,1,0,6,0,0,0,6
02/07/2010,GLH,MS,ASO,CE,Federal Contract Tower,2,2,3,4,11,0,0,1,0,1,2,2,4,4,12,0,10,10,22
02/08/2010,GLH,MS,ASO,CE,Federal Contract Tower,0,1,6,4,11,0,0,1,0,1,0,1,7,4,12,0,58,58,70
02/09/2010,GLH,MS,ASO,CE,Federal Contract Tower,3,2,4,11,20,0,0,4,2,6,3,2,8,13,26,0,98,98,124
02/10/2010,GLH,MS,ASO,CE,Federal Contract Tower,3,2,16,3,24,0,0,48,2,50,3,2,64,5,74,42,70,112,186
02/11/2010,GLH,MS,ASO,CE,Federal Contract Tower,3,2,3,2,10,0,0,33,0,33,3,2,36,2,43,52,48,100,143
02/12/2010,GLH,MS,ASO,CE,Federal Contract Tower,0,2,1,2,5,0,0,7,1,8,0,2,8,3,13,2,14,16,29
02/13/2010,GLH,MS,ASO,CE,Federal Contract Tower,0,2,12,0,14,0,0,19,4,23,0,2,31,4,37,20,0,20,57
02/14/2010,GLH,MS,ASO,CE,Federal Contract Tower,2,2,4,0,8,0,0,10,0,10,2,2,14,0,18,12,0,12,30
02/15/2010,GLH,MS,ASO,CE,Federal Contract Tower,2,2,5,0,9,0,0,6,0,6,2,2,11,0,15,0,0,0,15
02/16/2010,GLH,MS,ASO,CE,Federal Contract Tower,1,2,0,8,11,0,0,20,0,20,1,2,20,8,31,30,82,112,143
02/17/2010,GLH,MS,ASO,CE,Federal Contract Tower,0,2,5,10,17,0,0,34,0,34,0,2,39,10,51,42,110,152,203
02/18/2010,GLH,MS,ASO,CE,Federal Contract Tower,0,2,1,10,13,0,0,57,0,57,0,2,58,10,70,92,127,219,289
02/19/2010,GLH,MS,ASO,CE,Federal Contract Tower,1,2,2,4,9,0,0,48,0,48,1,2,50,4,57,114,44,158,215
02/20/2010,GLH,MS,ASO,CE,Federal Contract Tower,1,2,5,6,14,0,0,22,0,22,1,2,27,6,36,6,22,28,64
02/21/2010,GLH,MS,ASO,CE,Federal Contract Tower,0,2,1,0,3,0,0,4,0,4,0,2,5,0,7,0,0,0,7
02/22/2010,GLH,MS,ASO,CE,Federal Contract Tower,0,2,4,0,6,0,0,4,0,4,0,2,8,0,10,0,0,0,10
02/23/2010,GLH,MS,ASO,CE,Federal Contract Tower,1,2,8,8,19,0,0,19,0,19,1,2,27,8,38,18,100,118,156
02/24/2010,GLH,MS,ASO,CE,Federal Contract Tower,2,2,2,5,11,0,0,14,1,15,2,2,16,6,26,24,22,46,72
02/25/2010,GLH,MS,ASO,CE,Federal Contract Tower,1,2,8,7,18,0,0,26,1,27,1,2,34,8,45,48,104,152,197
02/26/2010,GLH,MS,ASO,CE,Federal Contract Tower,4,2,0,0,6,0,0,34,0,34,4,2,34,0,40,48,0,48,88
02/27/2010,GLH,MS,ASO,CE,Federal Contract Tower,0,2,5,0,7,0,0,10,0,10,0,2,15,0,17,18,0,18,35
02/28/2010,GLH,MS,ASO,CE,Federal Contract Tower,0,2,2,4,8,0,0,3,0,3,0,2,5,4,11,0,4,4,15
03/01/2010,GLH,MS,ASO,CE,Federal Contract Tower,0,2,6,2,10,0,0,12,0,12,0,2,18,2,22,4,54,58,80
03/02/2010,GLH,MS,ASO,CE,Federal Contract Tower,0,2,0,2,4,0,0,22,0,22,0,2,22,2,26,0,26,26,52
03/03/2010,GLH,MS,ASO,CE,Federal Contract Tower,0,2,1,10,13,0,0,25,0,25,0,2,26,10,38,30,144,174,212
03/04/2010,GLH,MS,ASO,CE,Federal Contract Tower,2,2,8,2,14,0,0,36,0,36,2,2,44,2,50,44,38,82,132
03/05/2010,GLH,MS,ASO,CE,Federal Contract Tower,0,2,5,2,9,0,0,40,5,45,0,2,45,7,54,58,18,76,130
03/06/2010,GLH,MS,ASO,CE,Federal Contract Tower,2,2,6,0,10,0,0,27,0,27,2,2,33,0,37,26,0,26,63
03/07/2010,GLH,MS,ASO,CE,Federal Contract Tower,5,2,5,0,12,0,0,6,0,6,5,2,11,0,18,0,0,0,18
03/08/2010,GLH,MS,ASO,CE,Federal Contract Tower,1,2,7,4,14,0,0,15,0,15,1,2,22,4,29,44,94,138,167
03/09/2010,GLH,MS,ASO,CE,Federal Contract Tower,0,2,13,0,15,0,0,4,0,4,0,2,17,0,19,12,0,12,31
03/10/2010,GLH,MS,ASO,CE,Federal Contract Tower,0,2,2,5,9,0,0,5,16,21,0,2,7,21,30,44,24,68,98
03/11/2010,GLH,MS,ASO,CE,Federal Contract Tower,0,3,4,14,21,0,0,40,5,45,0,3,44,19,66,34,108,142,208
03/12/2010,GLH,MS,ASO,CE,Federal Contract Tower,2,2,7,4,15,0,0,15,0,15,2,2,22,4,30,4,24,28,58
03/13/2010,GLH,MS,ASO,CE,Federal Contract Tower,0,2,0,0,2,0,0,1,0,1,0,2,1,0,3,0,0,0,3
03/14/2010,GLH,MS,ASO,CE,Federal Contract Tower,5,2,8,1,16,0,0,8,1,9,5,2,16,2,25,12,20,32,57
03/15/2010,GLH,MS,ASO,CE,Federal Contract Tower,2,2,0,5,9,0,0,16,0,16,2,2,16,5,25,8,38,46,71
03/16/2010,GLH,MS,ASO,CE,Federal Contract Tower,0,2,7,8,17,0,0,9,0,9,0,2,16,8,26,6,80,86,112
03/17/2010,GLH,MS,ASO,CE,Federal Contract Tower,1,2,3,2,8,0,0,21,0,21,1,2,24,2,29,0,26,26,55
03/18/2010,GLH,MS,ASO,CE,Federal Contract Tower,0,2,8,7,17,0,0,26,0,26,0,2,34,7,43,20,74,94,137
03/19/2010,GLH,MS,ASO,CE,Federal Contract Tower,2,2,8,2,14,0,0,23,0,23,2,2,31,2,37,14,20,34,71
03/20/2010,GLH,MS,ASO,CE,Federal Contract Tower,0,2,0,0,2,0,0,0,0,0,0,2,0,0,2,0,0,0,2
03/21/2010,GLH,MS,ASO,CE,Federal Contract Tower,2,3,5,0,10,0,0,2,0,2,2,3,7,0,12,0,0,0,12
03/22/2010,GLH,MS,ASO,CE,Federal Contract Tower,3,3,5,6,17,0,0,9,0,9,3,3,14,6,26,6,70,76,102
03/23/2010,GLH,MS,ASO,CE,Federal Contract Tower,0,2,4,4,10,0,0,26,0,26,0,2,30,4,36,10,26,36,72
03/24/2010,GLH,MS,ASO,CE,Federal Contract Tower,0,2,8,4,14,0,0,30,2,32,0,2,38,6,46,20,80,100,146
03/25/2010,GLH,MS,ASO,CE,Federal Contract Tower,0,2,2,0,4,0,0,3,0,3,0,2,5,0,7,0,0,0,7
03/26/2010,GLH,MS,ASO,CE,Federal Contract Tower,2,2,1,4,9,0,0,24,0,24,2,2,25,4,33,8,54,62,95
03/27/2010,GLH,MS,ASO,CE,Federal Contract Tower,0,2,0,0,2,0,0,10,0,10,0,2,10,0,12,6,0,6,18
03/28/2010,GLH,MS,ASO,CE,Federal Contract Tower,3,2,0,0,5,0,0,2,0,2,3,2,2,0,7,0,0,0,7
03/29/2010,GLH,MS,ASO,CE,Federal Contract Tower,0,2,0,3,5,0,0,13,1,14,0,2,13,4,19,10,50,60,79
03/30/2010,GLH,MS,ASO,CE,Federal Contract Tower,4,2,1,7,14,0,0,23,0,23,4,2,24,7,37,22,66,88,125
03/31/2010,GLH,MS,ASO,CE,Federal Contract Tower,0,2,5,4,11,0,0,6,0,6,0,2,11,4,17,39,26,65,82
04/01/2010,GLH,MS,ASO,CE,Federal Contract Tower,0,2,5,4,11,0,0,24,0,24,0,2,29,4,35,14,70,84,119
04/02/2010,GLH,MS,ASO,CE,Federal Contract Tower,3,2,3,8,16,0,0,17,0,17,3,2,20,8,33,10,18,28,61
04/03/2010,GLH,MS,ASO,CE,Federal Contract Tower,2,2,3,0,7,0,0,4,0,4,2,2,7,0,11,8,0,8,19
04/04/2010,GLH,MS,ASO,CE,Federal Contract Tower,0,2,4,0,6,0,0,5,0,5,0,2,9,0,11,2,0,2,13
04/05/2010,GLH,MS,ASO,CE,Federal Contract Tower,2,0,4,2,8,0,0,13,0,13,2,0,17,2,21,18,28,46,67
04/06/2010,GLH,MS,ASO,CE,Federal Contract Tower,3,2,1,2,8,0,0,5,0,5,3,2,6,2,13,4,60,64,77
04/07/2010,GLH,MS,ASO,CE,Federal Contract Tower,0,2,0,6,8,0,0,7,0,7,0,2,7,6,15,2,76,78,93
04/08/2010,GLH,MS,ASO,CE,Federal Contract Tower,0,3,8,6,17,0,0,21,2,23,0,3,29,8,40,32,36,68,108
04/09/2010,GLH,MS,ASO,CE,Federal Contract Tower,2,3,7,4,16,0,0,35,0,35,2,3,42,4,51,68,28,96,147
04/10/2010,GLH,MS,ASO,CE,Federal Contract Tower,1,5,1,0,7,0,0,21,0,21,1,5,22,0,28,14,0,14,42
04/11/2010,GLH,MS,ASO,CE,Federal Contract Tower,2,2,3,2,9,0,0,22,0,22,2,2,25,2,31,0,0,0,31
04/12/2010,GLH,MS,ASO,CE,Federal Contract Tower,0,2,2,9,13,0,0,17,1,18,0,2,19,10,31,20,102,122,153
04/13/2010,GLH,MS,ASO,CE,Federal Contract Tower,2,1,2,13,18,0,0,14,0,14,2,1,16,13,32,52,140,192,224
04/14/2010,GLH,MS,ASO,CE,Federal Contract Tower,0,3,6,6,15,0,0,22,0,22,0,3,28,6,37,34,46,80,117
04/15/2010,GLH,MS,ASO,CE,Federal Contract Tower,1,2,7,7,17,0,0,21,0,21,1,2,28,7,38,52,74,126,164
04/16/2010,GLH,MS,ASO,CE,Federal Contract Tower,4,3,3,6,16,0,0,11,0,11,4,3,14,6,27,14,46,60,87
04/17/2010,GLH,MS,ASO,CE,Federal Contract Tower,0,2,5,0,7,0,0,8,0,8,0,2,13,0,15,20,0,20,35
04/18/2010,GLH,MS,ASO,CE,Federal Contract Tower,1,2,5,2,10,0,0,5,0,5,1,2,10,2,15,0,8,8,23
04/19/2010,GLH,MS,ASO,CE,Federal Contract Tower,4,0,0,1,5,0,0,9,2,11,4,0,9,3,16,14,6,20,36
04/20/2010,GLH,MS,ASO,CE,Federal Contract Tower,0,2,2,10,14,0,0,19,0,19,0,2,21,10,33,26,106,132,165
04/21/2010,GLH,MS,ASO,CE,Federal Contract Tower,3,2,1,2,8,0,0,18,0,18,3,2,19,2,26,36,10,46,72
04/22/2010,GLH,MS,ASO,CE,Federal Contract Tower,1,2,7,11,21,0,0,20,2,22,1,2,27,13,43,40,148,188,231
04/23/2010,GLH,MS,ASO,CE,Federal Contract Tower,2,0,0,2,4,0,0,4,0,4,2,0,4,2,8,6,20,26,34
04/24/2010,GLH,MS,ASO,CE,Federal Contract Tower,0,3,2,0,5,0,0,0,0,0,0,3,2,0,5,0,0,0,5
04/25/2010,GLH,MS,ASO,CE,Federal Contract Tower,0,2,0,8,10,0,0,3,0,3,0,2,3,8,13,4,72,76,89
04/26/2010,GLH,MS,ASO,CE,Federal Contract Tower,4,0,2,6,12,0,0,29,0,29,4,0,31,6,41,68,92,160,201
04/27/2010,GLH,MS,ASO,CE,Federal Contract Tower,0,2,2,8,12,0,0,13,1,14,0,2,15,9,26,20,94,114,140
04/28/2010,GLH,MS,ASO,CE,Federal Contract Tower,1,2,3,5,11,0,0,29,1,30,1,2,32,6,41,28,42,70,111
04/29/2010,GLH,MS,ASO,CE,Federal Contract Tower,4,2,7,10,23,0,0,29,0,29,4,2,36,10,52,34,104,138,190
04/30/2010,GLH,MS,ASO,CE,Federal Contract Tower,1,2,12,0,15,0,0,4,0,4,1,2,16,0,19,8,0,8,27
05/01/2010,GLH,MS,ASO,CE,Federal Contract Tower,1,3,2,0,6,0,0,0,0,0,1,3,2,0,6,0,0,0,6
05/02/2010,GLH,MS,ASO,CE,Federal Contract Tower,0,1,2,0,3,0,0,0,0,0,0,1,2,0,3,0,0,0,3
05/03/2010,GLH,MS,ASO,CE,Federal Contract Tower,1,2,1,9,13,0,0,17,2,19,1,2,18,11,32,36,90,126,158
05/04/2010,GLH,MS,ASO,CE,Federal Contract Tower,0,2,4,4,10,0,0,19,0,19,0,2,23,4,29,36,74,110,139
05/05/2010,GLH,MS,ASO,CE,Federal Contract Tower,2,2,1,12,17,0,0,22,0,22,2,2,23,12,39,10,152,162,201
05/06/2010,GLH,MS,ASO,CE,Federal Contract Tower,1,4,8,10,23,0,0,25,2,27,1,4,33,12,50,28,138,166,216
05/07/2010,GLH,MS,ASO,CE,Federal Contract Tower,1,3,4,10,18,0,0,21,0,21,1,3,25,10,39,18,90,108,147
05/08/2010,GLH,MS,ASO,CE,Federal Contract Tower,0,2,2,0,4,0,0,2,0,2,0,2,4,0,6,0,0,0,6
05/09/2010,GLH,MS,ASO,CE,Federal Contract Tower,1,2,5,0,8,0,0,1,0,1,1,2,6,0,9,0,0,0,9
05/10/2010,GLH,MS,ASO,CE,Federal Contract Tower,2,0,8,8,18,0,0,19,0,19,2,0,27,8,37,34,58,92,129
05/11/2010,GLH,MS,ASO,CE,Federal Contract Tower,1,2,9,6,18,0,0,15,0,15,1,2,24,6,33,44,56,100,133
05/12/2010,GLH,MS,ASO,CE,Federal Contract Tower,0,2,4,10,16,0,0,9,0,9,0,2,13,10,25,8,132,140,165
05/13/2010,GLH,MS,ASO,CE,Federal Contract Tower,3,2,5,2,12,0,0,34,0,34,3,2,39,2,46,20,22,42,88
05/14/2010,GLH,MS,ASO,CE,Federal Contract Tower,1,1,2,0,4,0,0,12,0,12,1,1,14,0,16,4,0,4,20
05/15/2010,GLH,MS,ASO,CE,Federal Contract Tower,3,3,1,0,7,0,0,2,0,2,3,3,3,0,9,0,0,0,9
05/16/2010,GLH,MS,ASO,CE,Federal Contract Tower,1,2,11,0,14,0,0,4,0,4,1,2,15,0,18,2,0,2,20
05/17/2010,GLH,MS,ASO,CE,Federal Contract Tower,3,0,7,8,18,0,0,15,0,15,3,0,22,8,33,30,40,70,103
05/18/2010,GLH,MS,ASO,CE,Federal Contract Tower,0,2,10,6,18,0,0,14,2,16,0,2,24,8,34,96,62,158,192
05/19/2010,GLH,MS,ASO,CE,Federal Contract Tower,1,2,6,4,13,0,0,19,0,19,1,2,25,4,32,20,60,80,112
05/20/2010,GLH,MS,ASO,CE,Federal Contract Tower,2,2,4,0,8,0,2,2,0,4,2,4,6,0,12,4,0,4,16
05/21/2010,GLH,MS,ASO,CE,Federal Contract Tower,1,2,0,6,9,0,0,6,0,6,1,2,6,6,15,12,24,36,51
05/22/2010,GLH,MS,ASO,CE,Federal Contract Tower,1,2,0,0,3,0,0,11,0,11,1,2,11,0,14,16,0,16,30
05/23/2010,GLH,MS,ASO,CE,Federal Contract Tower,0,2,3,0,5,0,0,3,0,3,0,2,6,0,8,0,0,0,8
05/24/2010,GLH,MS,ASO,CE,Federal Contract Tower,3,0,4,6,13,0,0,23,0,23,3,0,27,6,36,50,54,104,140
05/25/2010,GLH,MS,ASO,CE,Federal Contract Tower,0,2,6,0,8,0,0,21,6,27,0,2,27,6,35,64,2,66,101
05/26/2010,GLH,MS,ASO,CE,Federal Contract Tower,1,2,1,9,13,0,0,19,2,21,1,2,20,11,34,12,118,130,164
05/27/2010,GLH,MS,ASO,CE,Federal Contract Tower,0,2,11,2,15,0,0,60,0,60,0,2,71,2,75,46,24,70,145
05/28/2010,GLH,MS,ASO,CE,Federal Contract Tower,1,2,3,8,14,0,0,96,0,96,1,2,99,8,110,18,78,96,206
05/29/2010,GLH,MS,ASO,CE,Federal Contract Tower,0,2,4,0,6,0,0,33,0,33,0,2,37,0,39,8,0,8,47
05/30/2010,GLH,MS,ASO,CE,Federal Contract Tower,1,2,1,0,4,0,0,8,0,8,1,2,9,0,12,0,0,0,12
05/31/2010,GLH,MS,ASO,CE,Federal Contract Tower,0,2,2,0,4,0,0,6,0,6,0,2,8,0,10,0,0,0,10
06/01/2010,GLH,MS,ASO,CE,Federal Contract Tower,2,0,1,9,12,0,0,34,0,34,2,0,35,9,46,26,56,82,128
06/02/2010,GLH,MS,ASO,CE,Federal Contract Tower,0,3,5,13,21,0,0,38,0,38,0,3,43,13,59,22,102,124,183
06/03/2010,GLH,MS,ASO,CE,Federal Contract Tower,1,2,4,6,13,0,0,5,0,5,1,2,9,6,18,16,14,30,48
06/04/2010,GLH,MS,ASO,CE,Federal Contract Tower,0,2,4,2,8,0,0,6,2,8,0,2,10,4,16,4,8,12,28
06/05/2010,GLH,MS,ASO,CE,Federal Contract Tower,0,2,2,0,4,0,0,12,0,12,0,2,14,0,16,0,0,0,16
06/06/2010,GLH,MS,ASO,CE,Federal Contract Tower,0,2,2,6,10,0,0,10,2,12,0,2,12,8,22,2,8,10,32
06/07/2010,GLH,MS,ASO,CE,Federal Contract Tower,2,0,3,6,11,0,0,25,0,25,2,0,28,6,36,14,98,112,148
06/08/2010,GLH,MS,ASO,CE,Federal Contract Tower,0,2,6,4,12,0,0,25,0,25,0,2,31,4,37,40,58,98,135
06/09/2010,GLH,MS,ASO,CE,Federal Contract Tower,0,2,4,2,8,0,0,20,0,20,0,2,24,2,28,20,16,36,64
06/10/2010,GLH,MS,ASO,CE,Federal Contract Tower,2,4,5,4,15,0,0,26,0,26,2,4,31,4,41,22,50,72,113
06/11/2010,GLH,MS,ASO,CE,Federal Contract Tower,0,3,4,10,17,0,0,10,0,10,0,3,14,10,27,2,100,102,129
06/12/2010,GLH,MS,ASO,CE,Federal Contract Tower,0,2,4,0,6,0,0,22,0,22,0,2,26,0,28,4,0,4,32
06/13/2010,GLH,MS,ASO,CE,Federal Contract Tower,0,2,5,0,7,0,0,6,2,8,0,2,11,2,15,0,0,0,15
06/14/2010,GLH,MS,ASO,CE,Federal Contract Tower,2,0,9,6,17,0,0,8,0,8,2,0,17,6,25,12,44,56,81
06/15/2010,GLH,MS,ASO,CE,Federal Contract Tower,0,2,7,4,13,0,0,17,0,17,0,2,24,4,30,42,76,118,148
06/16/2010,GLH,MS,ASO,CE,Federal Contract Tower,0,2,6,2,10,0,0,47,0,47,0,2,53,2,57,0,52,52,109
06/17/2010,GLH,MS,ASO,CE,Federal Contract Tower,2,0,8,9,19,0,0,58,0,58,2,0,66,9,77,94,66,160,237
06/18/2010,GLH,MS,ASO,CE,Federal Contract Tower,0,2,1,8,11,0,0,34,0,34,0,2,35,8,45,32,86,118,163
06/19/2010,GLH,MS,ASO,CE,Federal Contract Tower,0,2,5,0,7,0,0,0,0,0,0,2,5,0,7,0,0,0,7
06/20/2010,GLH,MS,ASO,CE,Federal Contract Tower,0,1,4,0,5,0,0,2,0,2,0,1,6,0,7,4,0,4,11
06/21/2010,GLH,MS,ASO,CE,Federal Contract Tower,2,0,7,10,19,0,0,23,1,24,2,0,30,11,43,40,98,138,181
06/22/2010,GLH,MS,ASO,CE,Federal Contract Tower,0,3,2,2,7,0,0,42,0,42,0,3,44,2,49,28,38,66,115
06/23/2010,GLH,MS,ASO,CE,Federal Contract Tower,0,2,7,5,14,0,0,12,0,12,0,2,19,5,26,0,70,70,96
06/24/2010,GLH,MS,ASO,CE,Federal Contract Tower,6,5,7,11,29,0,0,23,0,23,6,5,30,11,52,22,142,164,216
06/25/2010,GLH,MS,ASO,CE,Federal Contract Tower,4,2,7,11,24,0,0,33,0,33,4,2,40,11,57,40,74,114,171
06/26/2010,GLH,MS,ASO,CE,Federal Contract Tower,1,2,5,0,8,0,0,15,0,15,1,2,20,0,23,0,0,0,23
06/27/2010,GLH,MS,ASO,CE,Federal Contract Tower,0,2,6,0,8,0,0,5,0,5,0,2,11,0,13,0,0,0,13
06/28/2010,GLH,MS,ASO,CE,Federal Contract Tower,2,0,2,13,17,0,0,9,0,9,2,0,11,13,26,12,114,126,152
06/29/2010,GLH,MS,ASO,CE,Federal Contract Tower,1,2,3,5,11,0,0,5,0,5,1,2,8,5,16,2,38,40,56
06/30/2010,GLH,MS,ASO,CE,Federal Contract Tower,3,2,4,7,16,0,0,10,0,10,3,2,14,7,26,14,24,38,64
07/01/2010,GLH,MS,ASO,CE,Federal Contract Tower,2,0,9,9,20,0,0,20,0,20,2,0,29,9,40,34,100,134,174
07/02/2010,GLH,MS,ASO,CE,Federal Contract Tower,0,2,3,0,5,0,0,14,0,14,0,2,17,0,19,18,0,18,37
07/03/2010,GLH,MS,ASO,CE,Federal Contract Tower,0,2,3,0,5,0,0,12,0,12,0,2,15,0,17,6,0,6,23
07/04/2010,GLH,MS,ASO,CE,Federal Contract Tower,0,2,0,0,2,0,0,3,0,3,0,2,3,0,5,0,0,0,5
07/05/2010,GLH,MS,ASO,CE,Federal Contract Tower,2,0,7,0,9,0,0,8,0,8,2,0,15,0,17,20,0,20,37
07/06/2010,GLH,MS,ASO,CE,Federal Contract Tower,1,2,0,7,10,0,0,4,0,4,1,2,4,7,14,4,50,54,68
07/07/2010,GLH,MS,ASO,CE,Federal Contract Tower,0,2,4,14,20,0,0,5,0,5,0,2,9,14,25,0,100,100,125
07/08/2010,GLH,MS,ASO,CE,Federal Contract Tower,1,0,3,7,11,0,0,41,20,61,1,0,44,27,72,24,110,134,206
07/09/2010,GLH,MS,ASO,CE,Federal Contract Tower,0,2,0,6,8,0,0,10,0,10,0,2,10,6,18,4,52,56,74
07/10/2010,GLH,MS,ASO,CE,Federal Contract Tower,0,3,3,0,6,0,0,3,2,5,0,3,6,2,11,0,0,0,11
07/11/2010,GLH,MS,ASO,CE,Federal Contract Tower,1,2,0,0,3,0,0,4,6,10,1,2,4,6,13,0,0,0,13
07/12/2010,GLH,MS,ASO,CE,Federal Contract Tower,2,1,4,9,16,0,0,5,0,5,2,1,9,9,21,6,132,138,159
07/13/2010,GLH,MS,ASO,CE,Federal Contract Tower,3,0,4,2,9,0,0,8,0,8,3,0,12,2,17,12,38,50,67
07/14/2010,GLH,MS,ASO,CE,Federal Contract Tower,0,2,6,6,14,0,0,37,0,37,0,2,43,6,51,44,66,110,161
07/15/2010,GLH,MS,ASO,CE,Federal Contract Tower,2,0,3,11,16,0,0,27,0,27,2,0,30,11,43,40,126,166,209
07/16/2010,GLH,MS,ASO,CE,Federal Contract Tower,0,2,3,0,5,0,0,63,0,63,0,2,66,0,68,52,0,52,120
07/17/2010,GLH,MS,ASO,CE,Federal Contract Tower,0,2,0,0,2,0,0,12,0,12,0,2,12,0,14,0,0,0,14
07/18/2010,GLH,MS,ASO,CE,Federal Contract Tower,0,2,2,1,5,0,0,7,1,8,0,2,9,2,13,4,0,4,17
07/19/2010,GLH,MS,ASO,CE,Federal Contract Tower,2,0,2,9,13,0,0,3,0,3,2,0,5,9,16,10,16,26,42
07/20/2010,GLH,MS,ASO,CE,Federal Contract Tower,0,2,8,7,17,0,0,17,1,18,0,2,25,8,35,46,60,106,141
07/21/2010,GLH,MS,ASO,CE,Federal Contract Tower,0,2,4,2,8,0,0,14,4,18,0,2,18,6,26,4,42,46,72
07/22/2010,GLH,MS,ASO,CE,Federal Contract Tower,2,1,7,5,15,0,0,10,1,11,2,1,17,6,26,16,26,42,68
07/23/2010,GLH,MS,ASO,CE,Federal Contract Tower,2,2,1,0,5,0,0,23,0,23,2,2,24,0,28,24,0,24,52
07/24/2010,GLH,MS,ASO,CE,Federal Contract Tower,0,2,0,0,2,0,0,26,0,26,0,2,26,0,28,14,0,14,42
07/25/2010,GLH,MS,ASO,CE,Federal Contract Tower,0,2,2,0,4,0,0,2,0,2,0,2,4,0,6,0,0,0,6
07/26/2010,GLH,MS,ASO,CE,Federal Contract Tower,2,0,4,6,12,0,0,13,2,15,2,0,17,8,27,12,22,34,61
07/27/2010,GLH,MS,ASO,CE,Federal Contract Tower,0,2,3,2,7,0,0,3,0,3,0,2,6,2,10,2,10,12,22
07/28/2010,GLH,MS,ASO,CE,Federal Contract Tower,0,2,6,0,8,0,0,11,5,16,0,2,17,5,24,0,0,0,24
07/29/2010,GLH,MS,ASO,CE,Federal Contract Tower,2,0,2,1,5,0,0,21,0,21,2,0,23,1,26,52,6,58,84
07/30/2010,GLH,MS,ASO,CE,Federal Contract Tower,2,2,5,6,15,0,0,25,0,25,2,2,30,6,40,28,4,32,72
07/31/2010,GLH,MS,ASO,CE,Federal Contract Tower,0,2,7,0,9,0,0,13,0,13,0,2,20,0,22,4,0,4,26
08/01/2010,GLH,MS,ASO,CE,Federal Contract Tower,0,2,3,0,5,0,0,2,0,2,0,2,5,0,7,0,0,0,7
08/02/2010,GLH,MS,ASO,CE,Federal Contract Tower,2,0,5,3,10,0,0,13,0,13,2,0,18,3,23,28,20,48,71
08/03/2010,GLH,MS,ASO,CE,Federal Contract Tower,0,2,2,6,10,0,0,21,2,23,0,2,23,8,33,6,64,70,103
08/04/2010,GLH,MS,ASO,CE,Federal Contract Tower,0,2,10,5,17,0,0,32,0,32,0,2,42,5,49,30,10,40,89
08/05/2010,GLH,MS,ASO,CE,Federal Contract Tower,3,0,4,0,7,0,0,22,0,22,3,0,26,0,29,28,0,28,57
08/06/2010,GLH,MS,ASO,CE,Federal Contract Tower,0,3,6,0,9,0,0,16,0,16,0,3,22,0,25,10,0,10,35
08/07/2010,GLH,MS,ASO,CE,Federal Contract Tower,0,2,2,0,4,0,0,9,0,9,0,2,11,0,13,0,0,0,13
08/08/2010,GLH,MS,ASO,CE,Federal Contract Tower,0,2,4,1,7,0,0,1,0,1,0,2,5,1,8,0,0,0,8
08/09/2010,GLH,MS,ASO,CE,Federal Contract Tower,2,0,7,2,11,0,0,7,1,8,2,0,14,3,19,16,50,66,85
08/10/2010,GLH,MS,ASO,CE,Federal Contract Tower,1,2,3,2,8,0,0,19,0,19,1,2,22,2,27,30,12,42,69
08/11/2010,GLH,MS,ASO,CE,Federal Contract Tower,2,0,6,2,10,0,0,18,2,20,2,0,24,4,30,8,24,32,62
08/12/2010,GLH,MS,ASO,CE,Federal Contract Tower,3,0,0,7,10,0,0,33,3,36,3,0,33,10,46,24,76,100,146
08/13/2010,GLH,MS,ASO,CE,Federal Contract Tower,2,3,3,8,16,0,0,20,0,20,2,3,23,8,36,44,62,106,142
08/14/2010,GLH,MS,ASO,CE,Federal Contract Tower,0,2,5,0,7,0,0,19,0,19,0,2,24,0,26,14,0,14,40
08/15/2010,GLH,MS,ASO,CE,Federal Contract Tower,0,2,4,0,6,0,0,3,0,3,0,2,7,0,9,2,0,2,11
08/16/2010,GLH,MS,ASO,CE,Federal Contract Tower,2,2,0,10,14,0,0,20,3,23,2,2,20,13,37,26,76,102,139
08/17/2010,GLH,MS,ASO,CE,Federal Contract Tower,1,2,2,10,15,0,0,16,0,16,1,2,18,10,31,20,104,124,155
08/18/2010,GLH,MS,ASO,CE,Federal Contract Tower,2,0,2,6,10,0,0,5,0,5,2,0,7,6,15,4,62,66,81
08/19/2010,GLH,MS,ASO,CE,Federal Contract Tower,2,0,3,14,19,0,0,19,1,20,2,0,22,15,39,36,96,132,171
08/20/2010,GLH,MS,ASO,CE,Federal Contract Tower,0,0,4,5,9,0,0,11,0,11,0,0,15,5,20,20,0,20,40
08/21/2010,GLH,MS,ASO,CE,Federal Contract Tower,0,2,2,0,4,0,0,1,1,2,0,2,3,1,6,0,0,0,6
08/22/2010,GLH,MS,ASO,CE,Federal Contract Tower,0,2,1,0,3,0,0,3,1,4,0,2,4,1,7,0,0,0,7
08/23/2010,GLH,MS,ASO,CE,Federal Contract Tower,2,0,5,3,10,0,0,5,1,6,2,0,10,4,16,14,66,80,96
08/24/2010,GLH,MS,ASO,CE,Federal Contract Tower,2,2,4,0,8,0,0,15,0,15,2,2,19,0,23,48,0,48,71
08/25/2010,GLH,MS,ASO,CE,Federal Contract Tower,4,0,2,0,6,0,0,11,2,13,4,0,13,2,19,18,0,18,37
08/26/2010,GLH,MS,ASO,CE,Federal Contract Tower,3,0,4,0,7,0,0,10,1,11,3,0,14,1,18,40,2,42,60
08/27/2010,GLH,MS,ASO,CE,Federal Contract Tower,4,0,3,0,7,0,0,4,1,5,4,0,7,1,12,16,2,18,30
08/28/2010,GLH,MS,ASO,CE,Federal Contract Tower,0,1,5,0,6,0,2,2,0,4,0,3,7,0,10,0,0,0,10
08/29/2010,GLH,MS,ASO,CE,Federal Contract Tower,2,2,10,0,14,0,0,0,0,0,2,2,10,0,14,0,0,0,14
08/30/2010,GLH,MS,ASO,CE,Federal Contract Tower,2,0,2,2,6,0,0,5,1,6,2,0,7,3,12,16,6,22,34
08/31/2010,GLH,MS,ASO,CE,Federal Contract Tower,1,2,2,0,5,0,0,11,3,14,1,2,13,3,19,14,2,16,35
09/01/2010,GLH,MS,ASO,CE,Federal Contract Tower,2,0,1,0,3,0,0,13,2,15,2,0,14,2,18,18,0,18,36
09/02/2010,GLH,MS,ASO,CE,Federal Contract Tower,2,0,6,0,8,0,0,6,0,6,2,0,12,0,14,16,0,16,30
09/03/2010,GLH,MS,ASO,CE,Federal Contract Tower,3,0,10,0,13,0,0,13,0,13,3,0,23,0,26,12,0,12,38
09/04/2010,GLH,MS,ASO,CE,Federal Contract Tower,0,2,7,0,9,0,0,1,0,1,0,2,8,0,10,2,0,2,12
09/05/2010,GLH,MS,ASO,CE,Federal Contract Tower,0,2,3,0,5,0,0,2,0,2,0,2,5,0,7,0,0,0,7
09/06/2010,GLH,MS,ASO,CE,Federal Contract Tower,0,2,5,0,7,0,0,11,0,11,0,2,16,0,18,24,0,24,42
09/07/2010,GLH,MS,ASO,CE,Federal Contract Tower,0,2,0,6,8,0,0,10,3,13,0,2,10,9,21,0,98,98,119
09/08/2010,GLH,MS,ASO,CE,Federal Contract Tower,7,0,3,2,12,0,0,10,4,14,7,0,13,6,26,8,24,32,58
09/09/2010,GLH,MS,ASO,CE,Federal Contract Tower,4,0,1,5,10,0,0,14,6,20,4,0,15,11,30,18,82,100,130
09/10/2010,GLH,MS,ASO,CE,Federal Contract Tower,3,1,6,5,15,0,0,25,2,27,3,1,31,7,42,12,94,106,148
09/11/2010,GLH,MS,ASO,CE,Federal Contract Tower,5,0,0,0,5,0,0,3,0,3,5,0,3,0,8,6,0,6,14
09/12/2010,GLH,MS,ASO,CE,Federal Contract Tower,3,0,2,0,5,0,0,3,0,3,3,0,5,0,8,0,0,0,8
09/13/2010,GLH,MS,ASO,CE,Federal Contract Tower,2,1,3,5,11,0,0,18,5,23,2,1,21,10,34,20,78,98,132
09/14/2010,GLH,MS,ASO,CE,Federal Contract Tower,1,2,4,0,7,0,0,12,0,12,1,2,16,0,19,10,0,10,29
09/15/2010,GLH,MS,ASO,CE,Federal Contract Tower,4,0,1,8,13,0,0,18,0,18,4,0,19,8,31,14,56,70,101
09/16/2010,GLH,MS,ASO,CE,Federal Contract Tower,2,1,12,9,24,0,0,28,0,28,2,1,40,9,52,18,54,72,124
09/17/2010,GLH,MS,ASO,CE,Federal Contract Tower,6,1,9,5,21,0,0,18,0,18,6,1,27,5,39,8,14,22,61
09/18/2010,GLH,MS,ASO,CE,Federal Contract Tower,5,0,2,0,7,0,0,11,0,11,5,0,13,0,18,0,0,0,18
09/19/2010,GLH,MS,ASO,CE,Federal Contract Tower,3,0,11,2,16,0,0,11,0,11,3,0,22,2,27,0,20,20,47
09/20/2010,GLH,MS,ASO,CE,Federal Contract Tower,1,2,5,0,8,0,0,12,4,16,1,2,17,4,24,12,0,12,36
09/21/2010,GLH,MS,ASO,CE,Federal Contract Tower,4,2,0,2,8,0,0,26,0,26,4,2,26,2,34,24,36,60,94
09/22/2010,GLH,MS,ASO,CE,Federal Contract Tower,0,3,1,4,8,0,0,41,0,41,0,3,42,4,49,34,54,88,137
09/23/2010,GLH,MS,ASO,CE,Federal Contract Tower,2,1,0,2,5,0,0,13,0,13,2,1,13,2,18,10,62,72,90
09/24/2010,GLH,MS,ASO,CE,Federal Contract Tower,0,3,2,5,10,0,0,15,7,22,0,3,17,12,32,10,90,100,132
09/25/2010,GLH,MS,ASO,CE,Federal Contract Tower,3,0,0,0,3,0,0,10,0,10,3,0,10,0,13,16,0,16,29
09/26/2010,GLH,MS,ASO,CE,Federal Contract Tower,4,0,5,0,9,0,0,5,2,7,4,0,10,2,16,0,0,0,16
09/27/2010,GLH,MS,ASO,CE,Federal Contract Tower,3,0,1,10,14,0,0,11,0,11,3,0,12,10,25,24,162,186,211
09/28/2010,GLH,MS,ASO,CE,Federal Contract Tower,6,0,4,3,13,0,0,20,0,20,6,0,24,3,33,40,74,114,147
09/29/2010,GLH,MS,ASO,CE,Federal Contract Tower,5,0,7,4,16,0,0,22,0,22,5,0,29,4,38,22,50,72,110
09/30/2010,GLH,MS,ASO,CE,Federal Contract Tower,7,0,2,1,10,0,0,15,0,15,7,0,17,1,25,0,0,0,25
10/01/2010,GLH,MS,ASO,CE,Federal Contract Tower,5,0,4,4,13,0,0,10,0,10,5,0,14,4,23,0,44,44,67
10/02/2010,GLH,MS,ASO,CE,Federal Contract Tower,3,0,0,0,3,0,0,5,0,5,3,0,5,0,8,0,0,0,8
10/03/2010,GLH,MS,ASO,CE,Federal Contract Tower,3,0,4,0,7,0,0,6,0,6,3,0,10,0,13,0,0,0,13
10/04/2010,GLH,MS,ASO,CE,Federal Contract Tower,7,0,4,2,13,0,0,17,2,19,7,0,21,4,32,14,16,30,62
10/05/2010,GLH,MS,ASO,CE,Federal Contract Tower,3,0,2,6,11,0,0,21,1,22,3,0,23,7,33,4,96,100,133
10/06/2010,GLH,MS,ASO,CE,Federal Contract Tower,5,4,0,1,10,0,0,16,3,19,5,4,16,4,29,10,12,22,51
10/07/2010,GLH,MS,ASO,CE,Federal Contract Tower,5,0,3,4,12,0,0,8,0,8,5,0,11,4,20,10,74,84,104
10/08/2010,GLH,MS,ASO,CE,Federal Contract Tower,3,0,3,6,12,0,0,18,4,22,3,0,21,10,34,10,50,60,94
10/09/2010,GLH,MS,ASO,CE,Federal Contract Tower,5,0,2,0,7,0,0,17,0,17,5,0,19,0,24,0,0,0,24
10/10/2010,GLH,MS,ASO,CE,Federal Contract Tower,7,0,5,0,12,0,0,6,0,6,7,0,11,0,18,2,0,2,20
10/11/2010,GLH,MS,ASO,CE,Federal Contract Tower,3,0,4,0,7,0,0,20,2,22,3,0,24,2,29,20,2,22,51
10/12/2010,GLH,MS,ASO,CE,Federal Contract Tower,3,0,2,4,9,0,0,11,0,11,3,0,13,4,20,2,72,74,94
10/13/2010,GLH,MS,ASO,CE,Federal Contract Tower,3,0,2,10,15,0,0,14,0,14,3,0,16,10,29,12,112,124,153
10/14/2010,GLH,MS,ASO,CE,Federal Contract Tower,4,0,8,9,21,0,0,26,1,27,4,0,34,10,48,32,88,120,168
10/15/2010,GLH,MS,ASO,CE,Federal Contract Tower,3,0,9,4,16,0,0,18,0,18,3,0,27,4,34,8,84,92,126
10/16/2010,GLH,MS,ASO,CE,Federal Contract Tower,5,0,0,0,5,0,0,6,0,6,5,0,6,0,11,0,0,0,11
10/17/2010,GLH,MS,ASO,CE,Federal Contract Tower,3,0,6,4,13,0,0,1,1,2,3,0,7,5,15,0,8,8,23
10/18/2010,GLH,MS,ASO,CE,Federal Contract Tower,7,0,6,12,25,0,0,18,1,19,7,0,24,13,44,10,52,62,106
10/19/2010,GLH,MS,ASO,CE,Federal Contract Tower,4,0,7,3,14,0,0,11,1,12,4,0,18,4,26,12,70,82,108
10/20/2010,GLH,MS,ASO,CE,Federal Contract Tower,6,0,2,7,15,0,0,9,1,10,6,0,11,8,25,12,102,114,139
10/21/2010,GLH,MS,ASO,CE,Federal Contract Tower,3,0,6,2,11,0,0,1,8,9,3,0,7,10,20,0,26,26,46
10/22/2010,GLH,MS,ASO,CE,Federal Contract Tower,3,0,5,9,17,0,0,12,0,12,3,0,17,9,29,4,60,64,93
10/23/2010,GLH,MS,ASO,CE,Federal Contract Tower,4,0,4,3,11,0,0,3,3,6,4,0,7,6,17,0,28,28,45
10/24/2010,GLH,MS,ASO,CE,Federal Contract Tower,3,0,2,0,5,0,0,0,0,0,3,0,2,0,5,0,0,0,5
10/25/2010,GLH,MS,ASO,CE,Federal Contract Tower,5,0,4,10,19,0,0,6,0,6,5,0,10,10,25,0,84,84,109
10/26/2010,GLH,MS,ASO,CE,Federal Contract Tower,3,0,5,0,8,0,0,13,0,13,3,0,18,0,21,0,0,0,21
10/27/2010,GLH,MS,ASO,CE,Federal Contract Tower,6,0,4,12,22,0,0,15,2,17,6,0,19,14,39,14,68,82,121
10/28/2010,GLH,MS,ASO,CE,Federal Contract Tower,4,0,3,9,16,0,0,16,2,18,4,0,19,11,34,0,40,40,74
10/29/2010,GLH,MS,ASO,CE,Federal Contract Tower,4,0,4,6,14,0,0,25,0,25,4,0,29,6,39,10,28,38,77
10/30/2010,GLH,MS,ASO,CE,Federal Contract Tower,3,0,4,0,7,0,0,8,0,8,3,0,12,0,15,0,0,0,15
10/31/2010,GLH,MS,ASO,CE,Federal Contract Tower,3,0,0,0,3,0,0,5,0,5,3,0,5,0,8,4,0,4,12
11/01/2010,GLH,MS,ASO,CE,Federal Contract Tower,5,0,3,0,8,0,0,25,0,25,5,0,28,0,33,12,0,12,45
11/02/2010,GLH,MS,ASO,CE,Federal Contract Tower,4,0,5,0,9,0,0,0,0,0,4,0,5,0,9,0,0,0,9
11/03/2010,GLH,MS,ASO,CE,Federal Contract Tower,2,2,5,5,14,0,0,0,0,0,2,2,5,5,14,0,6,6,20
11/04/2010,GLH,MS,ASO,CE,Federal Contract Tower,3,0,1,5,9,0,0,13,2,15,3,0,14,7,24,14,56,70,94
11/05/2010,GLH,MS,ASO,CE,Federal Contract Tower,4,0,2,2,8,0,0,19,0,19,4,0,21,2,27,18,20,38,65
11/06/2010,GLH,MS,ASO,CE,Federal Contract Tower,5,0,0,0,5,0,0,3,0,3,5,0,3,0,8,4,0,4,12
11/07/2010,GLH,MS,ASO,CE,Federal Contract Tower,3,0,3,0,6,0,0,6,0,6,3,0,9,0,12,4,0,4,16
11/08/2010,GLH,MS,ASO,CE,Federal Contract Tower,6,0,1,6,13,0,0,33,0,33,6,0,34,6,46,22,104,126,172
11/09/2010,GLH,MS,ASO,CE,Federal Contract Tower,3,0,4,8,15,0,0,24,0,24,3,0,28,8,39,6,84,90,129
11/10/2010,GLH,MS,ASO,CE,Federal Contract Tower,3,0,4,3,10,0,0,20,2,22,3,0,24,5,32,14,44,58,90
11/11/2010,GLH,MS,ASO,CE,Federal Contract Tower,5,0,7,0,12,0,0,12,0,12,5,0,19,0,24,0,0,0,24
11/12/2010,GLH,MS,ASO,CE,Federal Contract Tower,3,0,3,6,12,0,0,30,0,30,3,0,33,6,42,10,54,64,106
11/13/2010,GLH,MS,ASO,CE,Federal Contract Tower,3,0,3,0,6,0,0,1,0,1,3,0,4,0,7,0,0,0,7
11/14/2010,GLH,MS,ASO,CE,Federal Contract Tower,4,0,5,0,9,0,0,3,0,3,4,0,8,0,12,8,0,8,20
11/15/2010,GLH,MS,ASO,CE,Federal Contract Tower,3,0,2,2,7,0,0,0,0,0,3,0,2,2,7,0,0,0,7
11/16/2010,GLH,MS,ASO,CE,Federal Contract Tower,3,0,0,2,5,0,0,4,0,4,3,0,4,2,9,0,0,0,9
11/17/2010,GLH,MS,ASO,CE,Federal Contract Tower,3,0,7,15,25,0,0,19,0,19,3,0,26,15,44,24,98,122,166
11/18/2010,GLH,MS,ASO,CE,Federal Contract Tower,5,0,2,0,7,0,0,4,0,4,5,0,6,0,11,2,0,2,13
11/19/2010,GLH,MS,ASO,CE,Federal Contract Tower,7,0,8,5,20,0,0,0,3,3,7,0,8,8,23,4,30,34,57
11/20/2010,GLH,MS,ASO,CE,Federal Contract Tower,6,0,5,0,11,0,0,4,0,4,6,0,9,0,15,0,0,0,15
11/21/2010,GLH,MS,ASO,CE,Federal Contract Tower,2,0,6,1,9,0,0,1,2,3,2,0,7,3,12,0,0,0,12
11/22/2010,GLH,MS,ASO,CE,Federal Contract Tower,3,0,2,14,19,0,0,18,0,18,3,0,20,14,37,8,128,136,173
11/23/2010,GLH,MS,ASO,CE,Federal Contract Tower,5,0,1,10,16,0,0,6,0,6,5,0,7,10,22,8,126,134,156
11/24/2010,GLH,MS,ASO,CE,Federal Contract Tower,3,0,4,11,18,0,0,6,1,7,3,0,10,12,25,0,34,34,59
11/25/2010,GLH,MS,ASO,CE,Federal Contract Tower,3,0,5,0,8,0,0,0,0,0,3,0,5,0,8,0,0,0,8
11/26/2010,GLH,MS,ASO,CE,Federal Contract Tower,2,0,0,0,2,0,0,1,0,1,2,0,1,0,3,0,0,0,3
11/27/2010,GLH,MS,ASO,CE,Federal Contract Tower,3,0,4,0,7,0,0,10,0,10,3,0,14,0,17,4,0,4,21
11/28/2010,GLH,MS,ASO,CE,Federal Contract Tower,3,0,4,0,7,0,0,7,0,7,3,0,11,0,14,2,0,2,16
11/29/2010,GLH,MS,ASO,CE,Federal Contract Tower,4,0,1,4,9,0,0,2,0,2,4,0,3,4,11,2,92,94,105
11/30/2010,GLH,MS,ASO,CE,Federal Contract Tower,5,0,7,11,23,0,0,7,0,7,5,0,14,11,30,0,140,140,170
12/01/2010,GLH,MS,ASO,CE,Federal Contract Tower,3,0,6,7,16,0,0,17,0,17,3,0,23,7,33,62,56,118,151
12/02/2010,GLH,MS,ASO,CE,Federal Contract Tower,6,0,5,6,17,0,0,7,0,7,6,0,12,6,24,10,88,98,122
12/03/2010,GLH,MS,ASO,CE,Federal Contract Tower,7,0,8,11,26,0,0,16,0,16,7,0,24,11,42,8,118,126,168
12/04/2010,GLH,MS,ASO,CE,Federal Contract Tower,3,0,5,3,11,0,0,6,0,6,3,0,11,3,17,4,10,14,31
12/05/2010,GLH,MS,ASO,CE,Federal Contract Tower,3,0,3,0,6,0,0,4,0,4,3,0,7,0,10,14,0,14,24
12/06/2010,GLH,MS,ASO,CE,Federal Contract Tower,3,0,1,6,10,0,0,14,0,14,3,0,15,6,24,6,76,82,106
12/07/2010,GLH,MS,ASO,CE,Federal Contract Tower,4,0,2,7,13,0,0,16,2,18,4,0,18,9,31,10,114,124,155
12/08/2010,GLH,MS,ASO,CE,Federal Contract Tower,5,0,7,4,16,0,0,9,2,11,5,0,16,6,27,21,91,112,139
12/09/2010,GLH,MS,ASO,CE,Federal Contract Tower,6,0,10,10,26,0,0,24,2,26,6,0,34,12,52,4,78,82,134
12/10/2010,GLH,MS,ASO,CE,Federal Contract Tower,4,0,0,10,14,0,0,13,0,13,4,0,13,10,27,6,82,88,115
12/11/2010,GLH,MS,ASO,CE,Federal Contract Tower,4,0,11,4,19,0,0,1,0,1,4,0,12,4,20,4,20,24,44
12/12/2010,GLH,MS,ASO,CE,Federal Contract Tower,3,0,2,0,5,0,0,0,0,0,3,0,2,0,5,0,0,0,5
12/13/2010,GLH,MS,ASO,CE,Federal Contract Tower,4,0,4,11,19,0,0,14,0,14,4,0,18,11,33,4,130,134,167
12/14/2010,GLH,MS,ASO,CE,Federal Contract Tower,3,0,1,9,13,0,0,15,4,19,3,0,16,13,32,22,98,120,152
12/15/2010,GLH,MS,ASO,CE,Federal Contract Tower,0,0,2,6,8,0,0,6,0,6,0,0,8,6,14,0,54,54,68
12/16/2010,GLH,MS,ASO,CE,Federal Contract Tower,3,0,4,2,9,0,0,2,0,2,3,0,6,2,11,4,0,4,15
12/17/2010,GLH,MS,ASO,CE,Federal Contract Tower,3,0,8,14,25,0,0,11,0,11,3,0,19,14,36,8,110,118,154
12/18/2010,GLH,MS,ASO,CE,Federal Contract Tower,4,0,2,0,6,0,0,6,0,6,4,0,8,0,12,2,0,2,14
12/19/2010,GLH,MS,ASO,CE,Federal Contract Tower,3,0,8,0,11,0,0,8,0,8,3,0,16,0,19,6,0,6,25
12/20/2010,GLH,MS,ASO,CE,Federal Contract Tower,3,0,0,6,9,0,0,13,1,14,3,0,13,7,23,16,72,88,111
12/21/2010,GLH,MS,ASO,CE,Federal Contract Tower,3,0,3,4,10,0,0,3,0,3,3,0,6,4,13,6,8,14,27
12/22/2010,GLH,MS,ASO,CE,Federal Contract Tower,3,0,2,6,11,0,0,6,0,6,3,0,8,6,17,6,30,36,53
12/23/2010,GLH,MS,ASO,CE,Federal Contract Tower,6,0,3,0,9,0,0,13,0,13,6,0,16,0,22,2,0,2,24
12/24/2010,GLH,MS,ASO,CE,Federal Contract Tower,3,0,0,0,3,0,0,8,0,8,3,0,8,0,11,2,0,2,13
12/25/2010,GLH,MS,ASO,CE,Federal Contract Tower,2,0,0,0,2,0,0,0,0,0,2,0,0,0,2,0,0,0,2
12/26/2010,GLH,MS,ASO,CE,Federal Contract Tower,4,0,2,0,6,0,0,6,0,6,4,0,8,0,12,0,0,0,12
12/27/2010,GLH,MS,ASO,CE,Federal Contract Tower,3,0,5,0,8,0,0,16,0,16,3,0,21,0,24,8,0,8,32
12/28/2010,GLH,MS,ASO,CE,Federal Contract Tower,4,0,9,0,13,0,0,14,0,14,4,0,23,0,27,0,0,0,27
12/29/2010,GLH,MS,ASO,CE,Federal Contract Tower,3,0,5,0,8,0,0,3,4,7,3,0,8,4,15,0,0,0,15
12/30/2010,GLH,MS,ASO,CE,Federal Contract Tower,4,0,12,0,16,0,0,2,0,2,4,0,14,0,18,2,0,2,20
12/31/2010,GLH,MS,ASO,CE,Federal Contract Tower,4,0,4,0,8,0,0,0,0,0,4,0,4,0,8,0,0,0,8
01/01/2011,GLH,MS,ASO,CE,Federal Contract Tower,3,0,6,0,9,0,0,4,0,4,3,0,10,0,13,4,0,4,17
01/02/2011,GLH,MS,ASO,CE,Federal Contract Tower,3,0,1,0,4,0,0,6,0,6,3,0,7,0,10,2,0,2,12
01/03/2011,GLH,MS,ASO,CE,Federal Contract Tower,7,0,2,0,9,0,0,14,0,14,7,0,16,0,23,12,0,12,35
01/04/2011,GLH,MS,ASO,CE,Federal Contract Tower,5,0,2,10,17,0,0,4,0,4,5,0,6,10,21,0,48,48,69
01/05/2011,GLH,MS,ASO,CE,Federal Contract Tower,3,0,6,0,9,0,0,0,0,0,3,0,6,0,9,0,0,0,9
01/06/2011,GLH,MS,ASO,CE,Federal Contract Tower,5,0,2,12,19,0,0,6,0,6,5,0,8,12,25,6,112,118,143
01/07/2011,GLH,MS,ASO,CE,Federal Contract Tower,3,0,0,6,9,0,0,3,0,3,3,0,3,6,12,0,74,74,86
01/08/2011,GLH,MS,ASO,CE,Federal Contract Tower,3,0,1,0,4,0,0,16,0,16,3,0,17,0,20,16,0,16,36
01/09/2011,GLH,MS,ASO,CE,Federal Contract Tower,3,0,1,0,4,0,0,0,0,0,3,0,1,0,4,0,0,0,4
01/10/2011,GLH,MS,ASO,CE,Federal Contract Tower,0,0,2,0,2,0,0,0,0,0,0,0,2,0,2,0,0,0,2
01/11/2011,GLH,MS,ASO,CE,Federal Contract Tower,4,0,1,5,10,0,0,0,0,0,4,0,1,5,10,0,58,58,68
01/12/2011,GLH,MS,ASO,CE,Federal Contract Tower,3,0,4,10,17,0,0,6,1,7,3,0,10,11,24,2,102,104,128
01/13/2011,GLH,MS,ASO,CE,Federal Contract Tower,4,0,2,10,16,0,0,6,0,6,4,0,8,10,22,6,56,62,84
01/14/2011,GLH,MS,ASO,CE,Federal Contract Tower,6,0,8,0,14,0,0,12,0,12,6,0,20,0,26,0,0,0,26
01/15/2011,GLH,MS,ASO,CE,Federal Contract Tower,4,0,0,0,4,0,0,18,0,18,4,0,18,0,22,0,0,0,22
01/16/2011,GLH,MS,ASO,CE,Federal Contract Tower,4,0,5,0,9,0,0,0,0,0,4,0,5,0,9,0,0,0,9
01/17/2011,GLH,MS,ASO,CE,Federal Contract Tower,5,0,10,0,15,0,0,5,0,5,5,0,15,0,20,0,0,0,20
01/18/2011,GLH,MS,ASO,CE,Federal Contract Tower,3,0,3,0,6,0,0,0,0,0,3,0,3,0,6,0,0,0,6
01/19/2011,GLH,MS,ASO,CE,Federal Contract Tower,3,0,3,5,11,0,0,4,3,7,3,0,7,8,18,8,42,50,68
01/20/2011,GLH,MS,ASO,CE,Federal Contract Tower,3,0,5,2,10,0,0,0,0,0,3,0,5,2,10,0,0,0,10
01/21/2011,GLH,MS,ASO,CE,Federal Contract Tower,5,0,3,13,21,0,0,6,0,6,5,0,9,13,27,0,86,86,113
01/22/2011,GLH,MS,ASO,CE,Federal Contract Tower,4,0,4,0,8,0,0,25,0,25,4,0,29,0,33,28,0,28,61
01/23/2011,GLH,MS,ASO,CE,Federal Contract Tower,5,0,3,0,8,0,0,1,0,1,5,0,4,0,9,0,0,0,9
01/24/2011,GLH,MS,ASO,CE,Federal Contract Tower,3,0,6,0,9,0,0,2,0,2,3,0,8,0,11,0,0,0,11
01/25/2011,GLH,MS,ASO,CE,Federal Contract Tower,3,0,4,0,7,0,0,0,0,0,3,0,4,0,7,0,0,0,7
01/26/2011,GLH,MS,ASO,CE,Federal Contract Tower,8,0,2,11,21,0,0,15,0,15,8,0,17,11,36,26,74,100,136
01/27/2011,GLH,MS,ASO,CE,Federal Contract Tower,3,0,6,9,18,0,0,21,0,21,3,0,27,9,39,14,72,86,125
01/28/2011,GLH,MS,ASO,CE,Federal Contract Tower,3,0,9,8,20,0,0,26,2,28,3,0,35,10,48,30,52,82,130
01/29/2011,GLH,MS,ASO,CE,Federal Contract Tower,3,0,2,9,14,0,0,14,1,15,3,0,16,10,29,10,98,108,137
01/30/2011,GLH,MS,ASO,CE,Federal Contract Tower,3,0,6,0,9,0,0,0,0,0,3,0,6,0,9,0,0,0,9
01/31/2011,GLH,MS,ASO,CE,Federal Contract Tower,1,0,4,13,18,0,0,2,0,2,1,0,6,13,20,0,118,118,138
02/01/2011,GLH,MS,ASO,CE,Federal Contract Tower,1,0,3,0,4,0,0,0,0,0,1,0,3,0,4,0,0,0,4
02/02/2011,GLH,MS,ASO,CE,Federal Contract Tower,4,0,8,3,15,0,0,19,0,19,4,0,27,3,34,38,28,66,100
02/03/2011,GLH,MS,ASO,CE,Federal Contract Tower,3,0,12,4,19,0,0,17,2,19,3,0,29,6,38,10,36,46,84
02/04/2011,GLH,MS,ASO,CE,Federal Contract Tower,2,0,3,0,5,0,0,0,0,0,2,0,3,0,5,0,0,0,5
02/05/2011,GLH,MS,ASO,CE,Federal Contract Tower,5,0,2,2,9,0,0,11,0,11,5,0,13,2,20,6,58,64,84
02/06/2011,GLH,MS,ASO,CE,Federal Contract Tower,3,0,4,1,8,0,0,4,0,4,3,0,8,1,12,8,20,28,40
02/07/2011,GLH,MS,ASO,CE,Federal Contract Tower,1,0,6,0,7,0,0,4,0,4,1,0,10,0,11,0,0,0,11
02/08/2011,GLH,MS,ASO,CE,Federal Contract Tower,6,0,2,8,16,0,0,23,0,23,6,0,25,8,39,20,94,114,153
02/09/2011,GLH,MS,ASO,CE,Federal Contract Tower,3,0,0,2,5,0,0,6,0,6,3,0,6,2,11,16,32,48,59
02/10/2011,GLH,MS,ASO,CE,Federal Contract Tower,0,0,2,1,3,0,0,0,1,1,0,0,2,2,4,0,20,20,24
02/11/2011,GLH,MS,ASO,CE,Federal Contract Tower,3,0,7,10,20,0,0,8,0,8,3,0,15,10,28,26,76,102,130
02/12/2011,GLH,MS,ASO,CE,Federal Contract Tower,3,0,1,2,6,0,0,21,0,21,3,0,22,2,27,10,44,54,81
02/13/2011,GLH,MS,ASO,CE,Federal Contract Tower,3,0,3,0,6,0,0,9,0,9,3,0,12,0,15,6,0,6,21
02/14/2011,GLH,MS,ASO,CE,Federal Contract Tower,4,0,3,4,11,0,0,25,0,25,4,0,28,4,36,26,98,124,160
02/15/2011,GLH,MS,ASO,CE,Federal Contract Tower,3,0,2,0,5,0,0,20,2,22,3,0,22,2,27,22,0,22,49
02/16/2011,GLH,MS,ASO,CE,Federal Contract Tower,3,0,6,5,14,0,0,42,0,42,3,0,48,5,56,30,8,38,94
02/17/2011,GLH,MS,ASO,CE,Federal Contract Tower,4,0,9,4,17,0,0,14,1,15,4,0,23,5,32,2,22,24,56
02/18/2011,GLH,MS,ASO,CE,Federal Contract Tower,3,0,11,14,28,0,0,17,0,17,3,0,28,14,45,20,126,146,191
02/19/2011,GLH,MS,ASO,CE,Federal Contract Tower,3,0,4,0,7,0,0,13,0,13,3,0,17,0,20,0,0,0,20
02/20/2011,GLH,MS,ASO,CE,Federal Contract Tower,3,0,4,0,7,0,0,3,0,3,3,0,7,0,10,2,0,2,12
02/21/2011,GLH,MS,ASO,CE,Federal Contract Tower,2,0,12,2,16,0,0,29,0,29,2,0,41,2,45,12,4,16,61
02/22/2011,GLH,MS,ASO,CE,Federal Contract Tower,2,0,7,8,17,0,0,40,0,40,2,0,47,8,57,96,136,232,289
02/23/2011,GLH,MS,ASO,CE,Federal Contract Tower,3,0,1,8,12,0,0,69,0,69,3,0,70,8,81,10,90,100,181
02/24/2011,GLH,MS,ASO,CE,Federal Contract Tower,3,0,8,2,13,0,0,23,0,23,3,0,31,2,36,0,30,30,66
02/25/2011,GLH,MS,ASO,CE,Federal Contract Tower,2,0,7,11,20,0,0,10,0,10,2,0,17,11,30,14,124,138,168
02/26/2011,GLH,MS,ASO,CE,Federal Contract Tower,3,0,4,0,7,0,0,18,4,22,3,0,22,4,29,2,0,2,31
02/27/2011,GLH,MS,ASO,CE,Federal Contract Tower,3,0,5,0,8,0,0,5,0,5,3,0,10,0,13,0,0,0,13
02/28/2011,GLH,MS,ASO,CE,Federal Contract Tower,3,0,4,2,9,0,0,4,0,4,3,0,8,2,13,0,32,32,45
03/01/2011,GLH,MS,ASO,CE,Federal Contract Tower,2,0,0,6,8,0,0,69,2,71,2,0,69,8,79,66,66,132,211
03/02/2011,GLH,MS,ASO,CE,Federal Contract Tower,3,0,2,2,7,0,0,44,0,44,3,0,46,2,51,28,4,32,83
03/03/2011,GLH,MS,ASO,CE,Federal Contract Tower,3,0,0,6,9,0,0,25,0,25,3,0,25,6,34,34,22,56,90
03/04/2011,GLH,MS,ASO,CE,Federal Contract Tower,3,0,1,2,6,0,0,17,2,19,3,0,18,4,25,2,4,6,31
03/05/2011,GLH,MS,ASO,CE,Federal Contract Tower,4,0,0,0,4,0,0,0,0,0,4,0,0,0,4,0,0,0,4
03/06/2011,GLH,MS,ASO,CE,Federal Contract Tower,5,0,2,0,7,0,0,14,0,14,5,0,16,0,21,2,0,2,23
03/07/2011,GLH,MS,ASO,CE,Federal Contract Tower,3,0,0,6,9,0,0,45,0,45,3,0,45,6,54,6,138,144,198
03/08/2011,GLH,MS,ASO,CE,Federal Contract Tower,3,0,1,0,4,0,0,0,0,0,3,0,1,0,4,0,0,0,4
03/09/2011,GLH,MS,ASO,CE,Federal Contract Tower,3,0,8,4,15,0,0,2,2,4,3,0,10,6,19,6,26,32,51
03/10/2011,GLH,MS,ASO,CE,Federal Contract Tower,3,0,8,2,13,0,0,72,0,72,3,0,80,2,85,58,30,88,173
03/11/2011,GLH,MS,ASO,CE,Federal Contract Tower,3,0,4,4,11,0,0,58,6,64,3,0,62,10,75,32,64,96,171
03/12/2011,GLH,MS,ASO,CE,Federal Contract Tower,2,0,2,0,4,0,0,15,0,15,2,0,17,0,19,0,0,0,19
03/13/2011,GLH,MS,ASO,CE,Federal Contract Tower,3,0,1,0,4,0,0,13,0,13,3,0,14,0,17,4,0,4,21
03/14/2011,GLH,MS,ASO,CE,Federal Contract Tower,5,0,5,1,11,0,0,0,0,0,5,0,5,1,11,6,0,6,17
03/15/2011,GLH,MS,ASO,CE,Federal Contract Tower,3,0,3,6,12,0,0,16,7,23,3,0,19,13,35,18,54,72,107
03/16/2011,GLH,MS,ASO,CE,Federal Contract Tower,5,0,0,13,18,0,0,23,0,23,5,0,23,13,41,2,84,86,127
03/17/2011,GLH,MS,ASO,CE,Federal Contract Tower,3,0,4,11,18,0,0,20,2,22,3,0,24,13,40,4,92,96,136
03/18/2011,GLH,MS,ASO,CE,Federal Contract Tower,4,0,9,9,22,0,0,8,0,8,4,0,17,9,30,10,52,62,92
03/19/2011,GLH,MS,ASO,CE,Federal Contract Tower,3,0,3,0,6,0,0,26,0,26,3,0,29,0,32,6,0,6,38
03/20/2011,GLH,MS,ASO,CE,Federal Contract Tower,3,0,2,0,5,0,0,3,3,6,3,0,5,3,11,0,4,4,15
03/21/2011,GLH,MS,ASO,CE,Federal Contract Tower,3,0,0,18,21,0,0,45,0,45,3,0,45,18,66,12,164,176,242
03/22/2011,GLH,MS,ASO,CE,Federal Contract Tower,3,0,4,2,9,0,0,48,0,48,3,0,52,2,57,8,36,44,101
03/23/2011,GLH,MS,ASO,CE,Federal Contract Tower,4,0,2,5,11,0,0,47,0,47,4,0,49,5,58,8,16,24,82
03/24/2011,GLH,MS,ASO,CE,Federal Contract Tower,4,0,2,6,12,0,0,30,0,30,4,0,32,6,42,16,68,84,126
03/25/2011,GLH,MS,ASO,CE,Federal Contract Tower,3,0,13,4,20,0,0,18,0,18,3,0,31,4,38,12,22,34,72
03/26/2011,GLH,MS,ASO,CE,Federal Contract Tower,3,0,5,0,8,0,0,2,0,2,3,0,7,0,10,0,0,0,10
03/27/2011,GLH,MS,ASO,CE,Federal Contract Tower,7,0,5,0,12,0,0,2,0,2,7,0,7,0,14,0,0,0,14
03/28/2011,GLH,MS,ASO,CE,Federal Contract Tower,3,0,8,2,13,0,0,3,0,3,3,0,11,2,16,0,16,16,32
03/29/2011,GLH,MS,ASO,CE,Federal Contract Tower,3,0,2,14,19,0,0,17,0,17,3,0,19,14,36,0,26,26,62
03/30/2011,GLH,MS,ASO,CE,Federal Contract Tower,1,0,3,0,4,0,0,0,0,0,1,0,3,0,4,0,0,0,4
03/31/2011,GLH,MS,ASO,CE,Federal Contract Tower,3,0,4,14,21,0,0,19,0,19,3,0,23,14,40,44,122,166,206
04/01/2011,GLH,MS,ASO,CE,Federal Contract Tower,4,0,6,12,22,0,0,12,0,12,4,0,18,12,34,12,162,174,208
04/02/2011,GLH,MS,ASO,CE,Federal Contract Tower,3,0,4,3,10,0,0,1,0,1,3,0,5,3,11,4,16,20,31
04/03/2011,GLH,MS,ASO,CE,Federal Contract Tower,6,0,1,0,7,0,0,5,0,5,6,0,6,0,12,0,0,0,12
04/04/2011,GLH,MS,ASO,CE,Federal Contract Tower,3,0,4,0,7,0,0,0,0,0,3,0,4,0,7,0,0,0,7
04/05/2011,GLH,MS,ASO,CE,Federal Contract Tower,4,0,6,7,17,2,0,11,0,13,6,0,17,7,30,20,76,96,126
04/06/2011,GLH,MS,ASO,CE,Federal Contract Tower,3,0,3,5,11,0,0,9,0,9,3,0,12,5,20,16,66,82,102
04/07/2011,GLH,MS,ASO,CE,Federal Contract Tower,6,0,6,6,18,0,0,17,0,17,6,0,23,6,35,18,68,86,121
04/08/2011,GLH,MS,ASO,CE,Federal Contract Tower,3,0,5,2,10,0,0,18,0,18,3,0,23,2,28,18,26,44,72
04/09/2011,GLH,MS,ASO,CE,Federal Contract Tower,5,0,0,0,5,0,0,3,0,3,5,0,3,0,8,0,0,0,8
04/10/2011,GLH,MS,ASO,CE,Federal Contract Tower,3,0,2,2,7,0,0,4,0,4,3,0,6,2,11,0,0,0,11
04/11/2011,GLH,MS,ASO,CE,Federal Contract Tower,5,0,4,3,12,0,0,3,2,5,5,0,7,5,17,0,50,50,67
04/12/2011,GLH,MS,ASO,CE,Federal Contract Tower,3,0,6,6,15,0,0,41,1,42,3,0,47,7,57,12,94,106,163
04/13/2011,GLH,MS,ASO,CE,Federal Contract Tower,3,0,1,8,12,0,0,32,0,32,3,0,33,8,44,16,100,116,160
04/14/2011,GLH,MS,ASO,CE,Federal Contract Tower,3,0,5,10,18,0,0,17,0,17,3,0,22,10,35,10,108,118,153
04/15/2011,GLH,MS,ASO,CE,Federal Contract Tower,7,0,1,0,8,0,0,7,0,7,7,0,8,0,15,2,0,2,17
04/16/2011,GLH,MS,ASO,CE,Federal Contract Tower,3,0,8,0,11,0,0,6,0,6,3,0,14,0,17,0,0,0,17
04/17/2011,GLH,MS,ASO,CE,Federal Contract Tower,3,0,4,0,7,0,0,5,0,5,3,0,9,0,12,0,0,0,12
04/18/2011,GLH,MS,ASO,CE,Federal Contract Tower,3,0,4,7,14,0,0,13,0,13,3,0,17,7,27,12,76,88,115
04/19/2011,GLH,MS,ASO,CE,Federal Contract Tower,3,0,5,11,19,0,0,4,0,4,3,0,9,11,23,0,100,100,123
04/20/2011,GLH,MS,ASO,CE,Federal Contract Tower,3,0,2,0,5,0,0,3,0,3,3,0,5,0,8,0,0,0,8
04/21/2011,GLH,MS,ASO,CE,Federal Contract Tower,2,0,4,0,6,0,0,1,0,1,2,0,5,0,7,0,0,0,7
04/22/2011,GLH,MS,ASO,CE,Federal Contract Tower,3,0,7,11,21,0,0,8,0,8,3,0,15,11,29,8,90,98,127
04/23/2011,GLH,MS,ASO,CE,Federal Contract Tower,5,0,3,0,8,0,0,2,0,2,5,0,5,0,10,0,0,0,10
04/24/2011,GLH,MS,ASO,CE,Federal Contract Tower,3,0,7,0,10,0,0,5,0,5,3,0,12,0,15,0,0,0,15
04/25/2011,GLH,MS,ASO,CE,Federal Contract Tower,3,0,6,15,24,0,0,14,0,14,3,0,20,15,38,28,116,144,182
04/26/2011,GLH,MS,ASO,CE,Federal Contract Tower,3,0,3,4,10,0,0,19,0,19,3,0,22,4,29,22,44,66,95
04/27/2011,GLH,MS,ASO,CE,Federal Contract Tower,3,0,2,0,5,0,0,6,0,6,3,0,8,0,11,0,0,0,11
04/28/2011,GLH,MS,ASO,CE,Federal Contract Tower,3,0,5,17,25,0,1,38,0,39,3,1,43,17,64,12,82,94,158
04/29/2011,GLH,MS,ASO,CE,Federal Contract Tower,3,0,5,4,12,0,0,21,0,21,3,0,26,4,33,14,12,26,59
04/30/2011,GLH,MS,ASO,CE,Federal Contract Tower,3,0,1,2,6,0,0,11,0,11,3,0,12,2,17,2,8,10,27
05/01/2011,GLH,MS,ASO,CE,Federal Contract Tower,3,0,4,0,7,0,0,4,0,4,3,0,8,0,11,0,0,0,11
05/02/2011,GLH,MS,ASO,CE,Federal Contract Tower,3,0,4,4,11,0,0,1,0,1,3,0,5,4,12,0,52,52,64
05/03/2011,GLH,MS,ASO,CE,Federal Contract Tower,2,0,6,10,18,0,0,15,0,15,2,0,21,10,33,2,94,96,129
05/04/2011,GLH,MS,ASO,CE,Federal Contract Tower,5,0,2,10,17,0,0,45,0,45,5,0,47,10,62,14,88,102,164
05/05/2011,GLH,MS,ASO,CE,Federal Contract Tower,3,0,4,12,19,0,0,36,2,38,3,0,40,14,57,14,136,150,207
05/06/2011,GLH,MS,ASO,CE,Federal Contract Tower,5,0,2,7,14,0,0,27,0,27,5,0,29,7,41,2,80,82,123
05/07/2011,GLH,MS,ASO,CE,Federal Contract Tower,3,0,3,0,6,0,0,10,0,10,3,0,13,0,16,0,0,0,16
05/08/2011,GLH,MS,ASO,CE,Federal Contract Tower,3,0,4,0,7,0,0,13,0,13,3,0,17,0,20,6,0,6,26
05/09/2011,GLH,MS,ASO,CE,Federal Contract Tower,3,0,7,18,28,0,0,56,3,59,3,0,63,21,87,16,86,102,189
05/10/2011,GLH,MS,ASO,CE,Federal Contract Tower,3,0,2,11,16,0,0,26,4,30,3,0,28,15,46,0,108,108,154
05/11/2011,GLH,MS,ASO,CE,Federal Contract Tower,2,0,2,12,16,0,0,44,0,44,2,0,46,12,60,0,140,140,200
05/12/2011,GLH,MS,ASO,CE,Federal Contract Tower,4,0,10,17,31,0,0,32,0,32,4,0,42,17,63,16,58,74,137
05/13/2011,GLH,MS,ASO,CE,Federal Contract Tower,6,0,1,0,7,0,0,14,4,18,6,0,15,4,25,0,0,0,25
05/14/2011,GLH,MS,ASO,CE,Federal Contract Tower,5,0,11,1,17,0,0,23,0,23,5,0,34,1,40,30,0,30,70
05/15/2011,GLH,MS,ASO,CE,Federal Contract Tower,3,0,2,0,5,0,0,25,0,25,3,0,27,0,30,0,0,0,30
05/16/2011,GLH,MS,ASO,CE,Federal Contract Tower,3,0,7,7,17,0,0,14,3,17,3,0,21,10,34,4,144,148,182
05/17/2011,GLH,MS,ASO,CE,Federal Contract Tower,3,0,3,9,15,0,0,49,4,53,3,0,52,13,68,4,102,106,174
05/18/2011,GLH,MS,ASO,CE,Federal Contract Tower,6,0,2,12,20,0,0,30,10,40,6,0,32,22,60,0,142,142,202
05/19/2011,GLH,MS,ASO,CE,Federal Contract Tower,4,0,7,11,22,0,0,31,2,33,4,0,38,13,55,0,104,104,159
05/20/2011,GLH,MS,ASO,CE,Federal Contract Tower,5,0,1,1,7,0,0,24,8,32,5,0,25,9,39,0,0,0,39
05/21/2011,GLH,MS,ASO,CE,Federal Contract Tower,2,0,1,0,3,0,0,5,0,5,2,0,6,0,8,2,0,2,10
05/22/2011,GLH,MS,ASO,CE,Federal Contract Tower,3,0,5,0,8,0,0,4,0,4,3,0,9,0,12,0,0,0,12
05/23/2011,GLH,MS,ASO,CE,Federal Contract Tower,4,0,4,7,15,0,0,27,2,29,4,0,31,9,44,0,76,76,120
05/24/2011,GLH,MS,ASO,CE,Federal Contract Tower,4,0,2,16,22,0,0,16,7,23,4,0,18,23,45,0,126,126,171
05/25/2011,GLH,MS,ASO,CE,Federal Contract Tower,3,0,8,5,16,0,0,4,0,4,3,0,12,5,20,0,52,52,72
05/26/2011,GLH,MS,ASO,CE,Federal Contract Tower,3,0,7,20,30,0,0,15,1,16,3,0,22,21,46,4,158,162,208
05/27/2011,GLH,MS,ASO,CE,Federal Contract Tower,4,0,8,5,17,0,0,24,4,28,4,0,32,9,45,10,4,14,59
05/28/2011,GLH,MS,ASO,CE,Federal Contract Tower,3,0,2,0,5,0,0,4,0,4,3,0,6,0,9,0,0,0,9
05/29/2011,GLH,MS,ASO,CE,Federal Contract Tower,3,0,2,0,5,0,0,2,0,2,3,0,4,0,7,0,0,0,7
05/30/2011,GLH,MS,ASO,CE,Federal Contract Tower,3,0,5,0,8,0,0,2,0,2,3,0,7,0,10,0,0,0,10
05/31/2011,GLH,MS,ASO,CE,Federal Contract Tower,3,0,8,8,19,0,0,43,0,43,3,0,51,8,62,10,106,116,178
06/01/2011,GLH,MS,ASO,CE,Federal Contract Tower,3,0,5,4,12,0,0,27,3,30,3,0,32,7,42,2,38,40,82
06/02/2011,GLH,MS,ASO,CE,Federal Contract Tower,3,0,4,13,20,0,0,15,3,18,3,0,19,16,38,2,82,84,122
06/03/2011,GLH,MS,ASO,CE,Federal Contract Tower,3,0,5,5,13,0,0,16,3,19,3,0,21,8,32,6,62,68,100
06/04/2011,GLH,MS,ASO,CE,Federal Contract Tower,3,0,3,5,11,0,0,12,0,12,3,0,15,5,23,6,36,42,65
06/05/2011,GLH,MS,ASO,CE,Federal Contract Tower,3,0,4,0,7,0,0,7,0,7,3,0,11,0,14,0,0,0,14
06/06/2011,GLH,MS,ASO,CE,Federal Contract Tower,3,0,7,9,19,0,0,18,0,18,3,0,25,9,37,0,82,82,119
06/07/2011,GLH,MS,ASO,CE,Federal Contract Tower,3,0,4,8,15,0,0,22,0,22,3,0,26,8,37,18,86,104,141
06/08/2011,GLH,MS,ASO,CE,Federal Contract Tower,3,0,6,9,18,0,0,18,0,18,3,0,24,9,36,6,70,76,112
06/09/2011,GLH,MS,ASO,CE,Federal Contract Tower,3,0,6,9,18,0,0,12,0,12,3,0,18,9,30,8,30,38,68
06/10/2011,GLH,MS,ASO,CE,Federal Contract Tower,3,0,3,5,11,0,0,4,0,4,3,0,7,5,15,2,42,44,59
06/11/2011,GLH,MS,ASO,CE,Federal Contract Tower,3,0,4,0,7,0,0,14,0,14,3,0,18,0,21,2,0,2,23
06/12/2011,GLH,MS,ASO,CE,Federal Contract Tower,4,0,2,0,6,0,0,0,2,2,4,0,2,2,8,0,0,0,8
06/13/2011,GLH,MS,ASO,CE,Federal Contract Tower,3,0,2,5,10,0,0,5,0,5,3,0,7,5,15,0,0,0,15
06/14/2011,GLH,MS,ASO,CE,Federal Contract Tower,3,0,7,10,20,0,0,33,0,33,3,0,40,10,53,10,124,134,187
06/15/2011,GLH,MS,ASO,CE,Federal Contract Tower,3,0,2,9,14,0,0,20,0,20,3,0,22,9,34,6,50,56,90
06/16/2011,GLH,MS,ASO,CE,Federal Contract Tower,4,0,6,14,24,0,0,9,4,13,4,0,15,18,37,12,106,118,155
06/17/2011,GLH,MS,ASO,CE,Federal Contract Tower,4,0,7,5,16,0,0,60,0,60,4,0,67,5,76,2,18,20,96
06/18/2011,GLH,MS,ASO,CE,Federal Contract Tower,3,0,2,0,5,0,0,4,0,4,3,0,6,0,9,0,0,0,9
06/19/2011,GLH,MS,ASO,CE,Federal Contract Tower,3,0,1,2,6,0,0,7,1,8,3,0,8,3,14,0,2,2,16
06/20/2011,GLH,MS,ASO,CE,Federal Contract Tower,3,0,6,10,19,0,0,15,2,17,3,0,21,12,36,20,134,154,190
06/21/2011,GLH,MS,ASO,CE,Federal Contract Tower,3,0,5,0,8,0,0,8,4,12,3,0,13,4,20,2,0,2,22
06/22/2011,GLH,MS,ASO,CE,Federal Contract Tower,3,0,6,0,9,0,0,8,0,8,3,0,14,0,17,0,0,0,17
06/23/2011,GLH,MS,ASO,CE,Federal Contract Tower,3,0,6,7,16,0,0,14,0,14,3,0,20,7,30,30,76,106,136
06/24/2011,GLH,MS,ASO,CE,Federal Contract Tower,4,0,3,9,16,0,0,15,0,15,4,0,18,9,31,8,110,118,149
06/25/2011,GLH,MS,ASO,CE,Federal Contract Tower,3,0,3,0,6,0,0,7,0,7,3,0,10,0,13,2,0,2,15
06/26/2011,GLH,MS,ASO,CE,Federal Contract Tower,3,0,5,0,8,0,0,9,0,9,3,0,14,0,17,0,0,0,17
06/27/2011,GLH,MS,ASO,CE,Federal Contract Tower,4,0,8,15,27,0,0,26,0,26,4,0,34,15,53,38,164,202,255
06/28/2011,GLH,MS,ASO,CE,Federal Contract Tower,4,0,2,2,8,0,0,6,0,6,4,0,8,2,14,14,18,32,46
06/29/2011,GLH,MS,ASO,CE,Federal Contract Tower,3,0,8,8,19,0,0,48,0,48,3,0,56,8,67,8,66,74,141
06/30/2011,GLH,MS,ASO,CE,Federal Contract Tower,3,0,8,15,26,0,0,37,0,37,3,0,45,15,63,12,132,144,207
07/01/2011,GLH,MS,ASO,CE,Federal Contract Tower,3,0,1,0,4,0,0,6,0,6,3,0,7,0,10,0,0,0,10
07/02/2011,GLH,MS,ASO,CE,Federal Contract Tower,3,0,3,0,6,0,0,4,0,4,3,0,7,0,10,0,0,0,10
07/03/2011,GLH,MS,ASO,CE,Federal Contract Tower,3,0,1,0,4,0,0,7,0,7,3,0,8,0,11,0,0,0,11
07/04/2011,GLH,MS,ASO,CE,Federal Contract Tower,3,0,0,0,3,0,0,7,0,7,3,0,7,0,10,0,0,0,10
07/05/2011,GLH,MS,ASO,CE,Federal Contract Tower,3,0,3,10,16,0,0,12,0,12,3,0,15,10,28,4,94,98,126
07/06/2011,GLH,MS,ASO,CE,Federal Contract Tower,3,0,4,14,21,0,0,71,0,71,3,0,75,14,92,16,120,136,228
07/07/2011,GLH,MS,ASO,CE,Federal Contract Tower,3,0,8,5,16,0,0,17,0,17,3,0,25,5,33,0,40,40,73
07/08/2011,GLH,MS,ASO,CE,Federal Contract Tower,3,0,2,10,15,0,0,16,1,17,3,0,18,11,32,2,68,70,102
07/09/2011,GLH,MS,ASO,CE,Federal Contract Tower,3,0,4,0,7,0,0,22,0,22,3,0,26,0,29,6,0,6,35
07/10/2011,GLH,MS,ASO,CE,Federal Contract Tower,3,0,6,0,9,0,0,1,0,1,3,0,7,0,10,0,0,0,10
07/11/2011,GLH,MS,ASO,CE,Federal Contract Tower,3,0,1,12,16,0,0,14,0,14,3,0,15,12,30,32,108,140,170
07/12/2011,GLH,MS,ASO,CE,Federal Contract Tower,2,0,3,5,10,0,0,19,0,19,2,0,22,5,29,4,60,64,93
07/13/2011,GLH,MS,ASO,CE,Federal Contract Tower,3,0,5,13,21,0,0,14,3,17,3,0,19,16,38,10,114,124,162
07/14/2011,GLH,MS,ASO,CE,Federal Contract Tower,4,0,6,3,13,0,0,16,0,16,4,0,22,3,29,18,36,54,83
07/15/2011,GLH,MS,ASO,CE,Federal Contract Tower,3,0,4,10,17,0,0,33,0,33,3,0,37,10,50,2,108,110,160
07/16/2011,GLH,MS,ASO,CE,Federal Contract Tower,3,0,9,0,12,0,0,4,0,4,3,0,13,0,16,0,0,0,16
07/17/2011,GLH,MS,ASO,CE,Federal Contract Tower,3,0,6,0,9,0,0,2,0,2,3,0,8,0,11,0,0,0,11
07/18/2011,GLH,MS,ASO,CE,Federal Contract Tower,3,0,3,5,11,0,0,10,0,10,3,0,13,5,21,4,76,80,101
07/19/2011,GLH,MS,ASO,CE,Federal Contract Tower,3,0,0,8,11,0,0,41,0,41,3,0,41,8,52,2,88,90,142
07/20/2011,GLH,MS,ASO,CE,Federal Contract Tower,3,0,4,6,13,0,0,22,0,22,3,0,26,6,35,18,50,68,103
07/21/2011,GLH,MS,ASO,CE,Federal Contract Tower,3,0,9,0,12,0,0,30,0,30,3,0,39,0,42,8,0,8,50
07/22/2011,GLH,MS,ASO,CE,Federal Contract Tower,3,0,5,6,14,0,0,13,0,13,3,0,18,6,27,0,0,0,27
07/23/2011,GLH,MS,ASO,CE,Federal Contract Tower,3,0,2,0,5,0,0,4,0,4,3,0,6,0,9,0,0,0,9
07/24/2011,GLH,MS,ASO,CE,Federal Contract Tower,3,0,4,2,9,0,0,2,0,2,3,0,6,2,11,0,0,0,11
07/25/2011,GLH,MS,ASO,CE,Federal Contract Tower,3,0,2,11,16,0,0,6,0,6,3,0,8,11,22,16,112,128,150
07/26/2011,GLH,MS,ASO,CE,Federal Contract Tower,3,0,4,4,11,0,0,26,0,26,3,0,30,4,37,24,40,64,101
07/27/2011,GLH,MS,ASO,CE,Federal Contract Tower,5,0,5,5,15,0,0,9,0,9,5,0,14,5,24,16,86,102,126
07/28/2011,GLH,MS,ASO,CE,Federal Contract Tower,3,0,8,10,21,0,0,29,4,33,3,0,37,14,54,0,60,60,114
07/29/2011,GLH,MS,ASO,CE,Federal Contract Tower,3,0,8,2,13,0,0,12,0,12,3,0,20,2,25,0,0,0,25
07/30/2011,GLH,MS,ASO,CE,Federal Contract Tower,2,0,1,1,4,0,0,10,1,11,2,0,11,2,15,2,0,2,17
07/31/2011,GLH,MS,ASO,CE,Federal Contract Tower,3,0,2,0,5,0,0,6,0,6,3,0,8,0,11,0,0,0,11
08/01/2011,GLH,MS,ASO,CE,Federal Contract Tower,3,0,0,6,9,0,0,17,0,17,3,0,17,6,26,6,96,102,128
08/02/2011,GLH,MS,ASO,CE,Federal Contract Tower,3,0,5,9,17,0,0,28,0,28,3,0,33,9,45,2,114,116,161
08/03/2011,GLH,MS,ASO,CE,Federal Contract Tower,3,0,2,7,12,0,0,16,1,17,3,0,18,8,29,2,46,48,77
08/04/2011,GLH,MS,ASO,CE,Federal Contract Tower,3,0,2,15,20,0,0,15,0,15,3,0,17,15,35,18,130,148,183
08/05/2011,GLH,MS,ASO,CE,Federal Contract Tower,3,0,5,15,23,0,0,18,0,18,3,0,23,15,41,8,92,100,141
08/06/2011,GLH,MS,ASO,CE,Federal Contract Tower,3,0,5,0,8,0,0,3,0,3,3,0,8,0,11,0,0,0,11
08/07/2011,GLH,MS,ASO,CE,Federal Contract Tower,3,0,2,0,5,0,0,4,0,4,3,0,6,0,9,0,0,0,9
08/08/2011,GLH,MS,ASO,CE,Federal Contract Tower,3,0,3,8,14,0,0,14,0,14,3,0,17,8,28,4,130,134,162
08/09/2011,GLH,MS,ASO,CE,Federal Contract Tower,3,0,6,13,22,0,0,22,0,22,3,0,28,13,44,14,102,116,160
08/10/2011,GLH,MS,ASO,CE,Federal Contract Tower,3,0,3,9,15,0,0,16,0,16,3,0,19,9,31,12,108,120,151
08/11/2011,GLH,MS,ASO,CE,Federal Contract Tower,3,0,4,0,7,0,0,7,0,7,3,0,11,0,14,2,0,2,16
08/12/2011,GLH,MS,ASO,CE,Federal Contract Tower,3,0,7,3,13,0,0,23,0,23,3,0,30,3,36,8,18,26,62
08/13/2011,GLH,MS,ASO,CE,Federal Contract Tower,3,0,2,0,5,0,0,0,0,0,3,0,2,0,5,0,0,0,5
08/14/2011,GLH,MS,ASO,CE,Federal Contract Tower,2,0,1,1,4,0,0,9,1,10,2,0,10,2,14,0,0,0,14
08/15/2011,GLH,MS,ASO,CE,Federal Contract Tower,3,0,2,8,13,0,0,32,0,32,3,0,34,8,45,2,98,100,145
08/16/2011,GLH,MS,ASO,CE,Federal Contract Tower,5,0,4,8,17,0,0,58,0,58,5,0,62,8,75,6,24,30,105
08/17/2011,GLH,MS,ASO,CE,Federal Contract Tower,5,0,4,2,11,0,0,6,0,6,5,0,10,2,17,0,26,26,43
08/18/2011,GLH,MS,ASO,CE,Federal Contract Tower,3,0,5,0,8,0,0,23,0,23,3,0,28,0,31,6,0,6,37
08/19/2011,GLH,MS,ASO,CE,Federal Contract Tower,3,0,3,2,8,0,0,22,0,22,3,0,25,2,30,8,52,60,90
08/20/2011,GLH,MS,ASO,CE,Federal Contract Tower,3,0,1,0,4,0,0,10,0,10,3,0,11,0,14,0,0,0,14
08/21/2011,GLH,MS,ASO,CE,Federal Contract Tower,3,0,1,1,5,0,0,2,0,2,3,0,3,1,7,0,0,0,7
08/22/2011,GLH,MS,ASO,CE,Federal Contract Tower,3,0,3,8,14,0,0,29,0,29,3,0,32,8,43,4,82,86,129
08/23/2011,GLH,MS,ASO,CE,Federal Contract Tower,5,0,5,2,12,0,0,37,2,39,5,0,42,4,51,18,34,52,103
08/24/2011,GLH,MS,ASO,CE,Federal Contract Tower,3,0,9,4,16,0,0,12,0,12,3,0,21,4,28,4,64,68,96
08/25/2011,GLH,MS,ASO,CE,Federal Contract Tower,3,0,2,2,7,0,0,16,2,18,3,0,18,4,25,6,26,32,57
08/26/2011,GLH,MS,ASO,CE,Federal Contract Tower,3,0,3,7,13,0,0,8,0,8,3,0,11,7,21,8,84,92,113
08/27/2011,GLH,MS,ASO,CE,Federal Contract Tower,3,0,2,0,5,0,0,11,2,13,3,0,13,2,18,0,0,0,18
08/28/2011,GLH,MS,ASO,CE,Federal Contract Tower,3,0,0,0,3,0,0,2,0,2,3,0,2,0,5,0,0,0,5
08/29/2011,GLH,MS,ASO,CE,Federal Contract Tower,4,0,2,6,12,0,0,14,0,14,4,0,16,6,26,12,72,84,110
08/30/2011,GLH,MS,ASO,CE,Federal Contract Tower,3,0,4,10,17,0,0,27,6,33,3,0,31,16,50,10,144,154,204
08/31/2011,GLH,MS,ASO,CE,Federal Contract Tower,3,0,1,11,15,0,0,17,0,17,3,0,18,11,32,8,116,124,156
09/01/2011,GLH,MS,ASO,CE,Federal Contract Tower,5,0,9,5,19,0,0,17,0,17,5,0,26,5,36,22,48,70,106
09/02/2011,GLH,MS,ASO,CE,Federal Contract Tower,3,0,8,4,15,0,0,12,0,12,3,0,20,4,27,4,42,46,73
09/03/2011,GLH,MS,ASO,CE,Federal Contract Tower,5,0,2,1,8,0,0,5,0,5,5,0,7,1,13,0,0,0,13
09/04/2011,GLH,MS,ASO,CE,Federal Contract Tower,5,0,2,0,7,0,0,0,0,0,5,0,2,0,7,0,0,0,7
09/05/2011,GLH,MS,ASO,CE,Federal Contract Tower,3,0,0,0,3,0,0,0,0,0,3,0,0,0,3,0,0,0,3
09/06/2011,GLH,MS,ASO,CE,Federal Contract Tower,3,0,3,10,16,0,0,31,0,31,3,0,34,10,47,4,112,116,163
09/07/2011,GLH,MS,ASO,CE,Federal Contract Tower,3,0,7,9,19,0,0,35,0,35,3,0,42,9,54,12,120,132,186
09/08/2011,GLH,MS,ASO,CE,Federal Contract Tower,3,0,3,7,13,0,0,29,2,31,3,0,32,9,44,10,62,72,116
09/09/2011,GLH,MS,ASO,CE,Federal Contract Tower,4,0,7,9,20,0,0,22,3,25,4,0,29,12,45,0,44,44,89
09/10/2011,GLH,MS,ASO,CE,Federal Contract Tower,4,0,3,0,7,0,0,15,0,15,4,0,18,0,22,12,0,12,34
09/11/2011,GLH,MS,ASO,CE,Federal Contract Tower,4,0,2,0,6,0,0,11,0,11,4,0,13,0,17,4,0,4,21
09/12/2011,GLH,MS,ASO,CE,Federal Contract Tower,3,0,3,14,20,0,0,43,0,43,3,0,46,14,63,22,144,166,229
09/13/2011,GLH,MS,ASO,CE,Federal Contract Tower,3,0,3,4,10,0,0,40,0,40,3,0,43,4,50,8,54,62,112
09/14/2011,GLH,MS,ASO,CE,Federal Contract Tower,3,0,3,0,6,0,0,7,0,7,3,0,10,0,13,32,0,32,45
09/15/2011,GLH,MS,ASO,CE,Federal Contract Tower,3,0,10,4,17,0,0,3,0,3,3,0,13,4,20,0,48,48,68
09/16/2011,GLH,MS,ASO,CE,Federal Contract Tower,5,0,1,6,12,0,0,6,0,6,5,0,7,6,18,2,74,76,94
09/17/2011,GLH,MS,ASO,CE,Federal Contract Tower,4,0,5,0,9,0,0,6,0,6,4,0,11,0,15,0,0,0,15
09/18/2011,GLH,MS,ASO,CE,Federal Contract Tower,4,0,2,0,6,0,0,3,0,3,4,0,5,0,9,0,0,0,9
09/19/2011,GLH,MS,ASO,CE,Federal Contract Tower,2,0,4,2,8,0,0,2,2,4,2,0,6,4,12,0,20,20,32
09/20/2011,GLH,MS,ASO,CE,Federal Contract Tower,3,0,11,4,18,0,0,11,0,11,3,0,22,4,29,12,60,72,101
09/21/2011,GLH,MS,ASO,CE,Federal Contract Tower,3,0,2,6,11,0,0,22,0,22,3,0,24,6,33,8,82,90,123
09/22/2011,GLH,MS,ASO,CE,Federal Contract Tower,3,0,0,7,10,0,0,19,1,20,3,0,19,8,30,20,98,118,148
09/23/2011,GLH,MS,ASO,CE,Federal Contract Tower,3,0,4,17,24,0,0,24,1,25,3,0,28,18,49,20,116,136,185
09/24/2011,GLH,MS,ASO,CE,Federal Contract Tower,4,0,1,0,5,0,0,6,0,6,4,0,7,0,11,0,0,0,11
09/25/2011,GLH,MS,ASO,CE,Federal Contract Tower,4,0,7,0,11,0,0,2,0,2,4,0,9,0,13,0,0,0,13
09/26/2011,GLH,MS,ASO,CE,Federal Contract Tower,5,0,6,10,21,0,0,18,0,18,5,0,24,10,39,2,108,110,149
09/27/2011,GLH,MS,ASO,CE,Federal Contract Tower,3,0,2,4,9,0,0,12,0,12,3,0,14,4,21,16,60,76,97
09/28/2011,GLH,MS,ASO,CE,Federal Contract Tower,3,0,6,7,16,0,0,23,0,23,3,0,29,7,39,24,94,118,157
09/29/2011,GLH,MS,ASO,CE,Federal Contract Tower,3,0,7,5,15,0,0,22,3,25,3,0,29,8,40,20,88,108,148
09/30/2011,GLH,MS,ASO,CE,Federal Contract Tower,3,0,3,8,14,0,0,13,0,13,3,0,16,8,27,12,62,74,101
10/01/2011,GLH,MS,ASO,CE,Federal Contract Tower,5,0,1,0,6,0,0,16,0,16,5,0,17,0,22,8,0,8,30
10/02/2011,GLH,MS,ASO,CE,Federal Contract Tower,3,0,7,0,10,0,0,6,0,6,3,0,13,0,16,2,0,2,18
10/03/2011,GLH,MS,ASO,CE,Federal Contract Tower,3,0,1,10,14,0,0,20,0,20,3,0,21,10,34,14,128,142,176
10/04/2011,GLH,MS,ASO,CE,Federal Contract Tower,3,0,9,4,16,0,0,29,0,29,3,0,38,4,45,14,66,80,125
10/05/2011,GLH,MS,ASO,CE,Federal Contract Tower,7,0,7,3,17,0,0,19,0,19,7,0,26,3,36,22,8,30,66
10/06/2011,GLH,MS,ASO,CE,Federal Contract Tower,3,0,5,6,14,0,0,15,0,15,3,0,20,6,29,16,72,88,117
10/07/2011,GLH,MS,ASO,CE,Federal Contract Tower,3,0,8,12,23,0,0,17,0,17,3,0,25,12,40,6,90,96,136
10/08/2011,GLH,MS,ASO,CE,Federal Contract Tower,4,0,1,0,5,0,0,5,0,5,4,0,6,0,10,2,0,2,12
10/09/2011,GLH,MS,ASO,CE,Federal Contract Tower,3,0,2,0,5,0,0,5,0,5,3,0,7,0,10,0,0,0,10
10/10/2011,GLH,MS,ASO,CE,Federal Contract Tower,3,0,1,0,4,0,0,6,0,6,3,0,7,0,10,4,0,4,14
10/11/2011,GLH,MS,ASO,CE,Federal Contract Tower,3,0,3,10,16,0,0,24,0,24,3,0,27,10,40,2,132,134,174
10/12/2011,GLH,MS,ASO,CE,Federal Contract Tower,3,0,7,7,17,0,0,11,0,11,3,0,18,7,28,8,92,100,128
10/13/2011,GLH,MS,ASO,CE,Federal Contract Tower,3,0,12,6,21,0,0,6,0,6,3,0,18,6,27,0,60,60,87
10/14/2011,GLH,MS,ASO,CE,Federal Contract Tower,3,0,2,6,11,0,0,16,0,16,3,0,18,6,27,14,54,68,95
10/15/2011,GLH,MS,ASO,CE,Federal Contract Tower,4,0,1,2,7,0,0,3,0,3,4,0,4,2,10,0,2,2,12
10/16/2011,GLH,MS,ASO,CE,Federal Contract Tower,3,0,2,0,5,0,0,7,0,7,3,0,9,0,12,0,0,0,12
10/17/2011,GLH,MS,ASO,CE,Federal Contract Tower,3,0,2,12,17,0,0,26,0,26,3,0,28,12,43,18,104,122,165
10/18/2011,GLH,MS,ASO,CE,Federal Contract Tower,3,0,5,0,8,0,0,4,0,4,3,0,9,0,12,0,0,0,12
10/19/2011,GLH,MS,ASO,CE,Federal Contract Tower,3,0,3,9,15,0,0,17,0,17,3,0,20,9,32,4,108,112,144
10/20/2011,GLH,MS,ASO,CE,Federal Contract Tower,3,0,6,0,9,0,0,24,0,24,3,0,30,0,33,12,0,12,45
10/21/2011,GLH,MS,ASO,CE,Federal Contract Tower,3,0,2,5,10,0,0,19,0,19,3,0,21,5,29,2,30,32,61
10/22/2011,GLH,MS,ASO,CE,Federal Contract Tower,6,0,4,0,10,0,0,12,0,12,6,0,16,0,22,4,0,4,26
10/23/2011,GLH,MS,ASO,CE,Federal Contract Tower,5,0,4,0,9,0,0,2,0,2,5,0,6,0,11,0,0,0,11
10/24/2011,GLH,MS,ASO,CE,Federal Contract Tower,3,0,4,6,13,0,0,17,0,17,3,0,21,6,30,8,24,32,62
10/25/2011,GLH,MS,ASO,CE,Federal Contract Tower,3,0,5,9,17,0,0,27,0,27,3,0,32,9,44,4,128,132,176
10/26/2011,GLH,MS,ASO,CE,Federal Contract Tower,3,0,7,13,23,0,0,12,2,14,3,0,19,15,37,8,174,182,219
10/27/2011,GLH,MS,ASO,CE,Federal Contract Tower,4,0,5,9,18,0,0,2,0,2,4,0,7,9,20,0,36,36,56
10/28/2011,GLH,MS,ASO,CE,Federal Contract Tower,1,0,4,0,5,0,0,7,0,7,1,0,11,0,12,6,0,6,18
10/29/2011,GLH,MS,ASO,CE,Federal Contract Tower,5,0,2,0,7,0,0,3,2,5,5,0,5,2,12,10,0,10,22
10/30/2011,GLH,MS,ASO,CE,Federal Contract Tower,5,0,2,0,7,0,0,7,0,7,5,0,9,0,14,0,0,0,14
10/31/2011,GLH,MS,ASO,CE,Federal Contract Tower,3,0,2,11,16,0,0,26,0,26,3,0,28,11,42,22,110,132,174
11/01/2011,GLH,MS,ASO,CE,Federal Contract Tower,3,0,1,13,17,0,0,12,0,12,3,0,13,13,29,16,108,124,153
11/02/2011,GLH,MS,ASO,CE,Federal Contract Tower,3,0,3,4,10,0,0,15,0,15,3,0,18,4,25,6,60,66,91
11/03/2011,GLH,MS,ASO,CE,Federal Contract Tower,3,0,4,8,15,0,0,4,0,4,3,0,8,8,19,0,80,80,99
11/04/2011,GLH,MS,ASO,CE,Federal Contract Tower,3,0,4,4,11,0,0,2,0,2,3,0,6,4,13,4,38,42,55
11/05/2011,GLH,MS,ASO,CE,Federal Contract Tower,4,0,1,0,5,0,0,2,0,2,4,0,3,0,7,0,0,0,7
11/06/2011,GLH,MS,ASO,CE,Federal Contract Tower,3,0,5,0,8,0,0,5,0,5,3,0,10,0,13,0,0,0,13
11/07/2011,GLH,MS,ASO,CE,Federal Contract Tower,5,0,0,12,17,0,0,21,0,21,5,0,21,12,38,18,104,122,160
11/08/2011,GLH,MS,ASO,CE,Federal Contract Tower,3,0,9,4,16,0,0,12,0,12,3,0,21,4,28,0,96,96,124
11/09/2011,GLH,MS,ASO,CE,Federal Contract Tower,5,0,9,1,15,0,0,11,1,12,5,0,20,2,27,4,6,10,37
11/10/2011,GLH,MS,ASO,CE,Federal Contract Tower,4,0,0,7,11,0,0,7,0,7,4,0,7,7,18,6,64,70,88
11/11/2011,GLH,MS,ASO,CE,Federal Contract Tower,2,0,6,0,8,0,0,10,2,12,2,0,16,2,20,18,0,18,38
11/12/2011,GLH,MS,ASO,CE,Federal Contract Tower,4,0,0,0,4,0,0,2,0,2,4,0,2,0,6,0,0,0,6
11/13/2011,GLH,MS,ASO,CE,Federal Contract Tower,3,0,4,0,7,0,0,2,0,2,3,0,6,0,9,2,0,2,11
11/14/2011,GLH,MS,ASO,CE,Federal Contract Tower,3,0,7,11,21,0,0,8,12,20,3,0,15,23,41,0,126,126,167
11/15/2011,GLH,MS,ASO,CE,Federal Contract Tower,4,0,2,12,18,0,0,8,0,8,4,0,10,12,26,2,102,104,130
11/16/2011,GLH,MS,ASO,CE,Federal Contract Tower,3,0,3,2,8,0,0,5,0,5,3,0,8,2,13,0,28,28,41
11/17/2011,GLH,MS,ASO,CE,Federal Contract Tower,3,0,2,6,11,0,0,26,0,26,3,0,28,6,37,18,62,80,117
11/18/2011,GLH,MS,ASO,CE,Federal Contract Tower,3,0,4,15,22,0,0,3,2,5,3,0,7,17,27,6,86,92,119
11/19/2011,GLH,MS,ASO,CE,Federal Contract Tower,4,0,7,0,11,0,0,3,0,3,4,0,10,0,14,0,0,0,14
11/20/2011,GLH,MS,ASO,CE,Federal Contract Tower,3,0,1,0,4,0,0,0,0,0,3,0,1,0,4,0,0,0,4
11/21/2011,GLH,MS,ASO,CE,Federal Contract Tower,3,0,3,4,10,0,0,0,2,2,3,0,3,6,12,0,38,38,50
11/22/2011,GLH,MS,ASO,CE,Federal Contract Tower,3,0,1,0,4,0,0,0,0,0,3,0,1,0,4,0,0,0,4
11/23/2011,GLH,MS,ASO,CE,Federal Contract Tower,3,0,12,6,21,0,0,8,8,16,3,0,20,14,37,0,62,62,99
11/24/2011,GLH,MS,ASO,CE,Federal Contract Tower,3,0,0,0,3,0,0,1,0,1,3,0,1,0,4,0,0,0,4
11/25/2011,GLH,MS,ASO,CE,Federal Contract Tower,3,0,1,0,4,0,0,22,0,22,3,0,23,0,26,4,0,4,30
11/26/2011,GLH,MS,ASO,CE,Federal Contract Tower,3,0,3,0,6,0,0,4,0,4,3,0,7,0,10,0,0,0,10
11/27/2011,GLH,MS,ASO,CE,Federal Contract Tower,3,0,5,0,8,0,0,1,0,1,3,0,6,0,9,0,0,0,9
11/28/2011,GLH,MS,ASO,CE,Federal Contract Tower,3,0,4,4,11,0,0,9,0,9,3,0,13,4,20,4,74,78,98
11/29/2011,GLH,MS,ASO,CE,Federal Contract Tower,3,0,10,8,21,0,0,19,0,19,3,0,29,8,40,4,156,160,200
11/30/2011,GLH,MS,ASO,CE,Federal Contract Tower,3,0,3,5,11,0,0,26,0,26,3,0,29,5,37,88,74,162,199
12/01/2011,GLH,MS,ASO,CE,Federal Contract Tower,4,0,1,6,11,0,0,11,0,11,4,0,12,6,22,4,82,86,108
12/02/2011,GLH,MS,ASO,CE,Federal Contract Tower,5,0,8,10,23,0,0,13,0,13,5,0,21,10,36,8,84,92,128
12/03/2011,GLH,MS,ASO,CE,Federal Contract Tower,8,0,8,0,16,0,0,3,0,3,8,0,11,0,19,2,0,2,21
12/04/2011,GLH,MS,ASO,CE,Federal Contract Tower,3,0,2,0,5,0,0,0,0,0,3,0,2,0,5,0,0,0,5
12/05/2011,GLH,MS,ASO,CE,Federal Contract Tower,4,0,2,0,6,0,0,0,0,0,4,0,2,0,6,0,0,0,6
12/06/2011,GLH,MS,ASO,CE,Federal Contract Tower,4,0,2,11,17,0,0,0,1,1,4,0,2,12,18,0,26,26,44
12/07/2011,GLH,MS,ASO,CE,Federal Contract Tower,3,0,1,14,18,0,0,2,1,3,3,0,3,15,21,0,130,130,151
12/08/2011,GLH,MS,ASO,CE,Federal Contract Tower,11,7,0,0,18,0,0,0,0,0,11,7,0,0,18,20,76,96,114
12/09/2011,GLH,MS,ASO,CE,Federal Contract Tower,3,0,6,2,11,0,0,24,0,24,3,0,30,2,35,18,18,36,71
12/10/2011,GLH,MS,ASO,CE,Federal Contract Tower,5,0,0,0,5,0,0,6,0,6,5,0,6,0,11,0,0,0,11
12/11/2011,GLH,MS,ASO,CE,Federal Contract Tower,7,0,3,0,10,0,0,7,0,7,7,0,10,0,17,0,0,0,17
12/12/2011,GLH,MS,ASO,CE,Federal Contract Tower,3,0,2,12,17,0,0,31,0,31,3,0,33,12,48,4,154,158,206
12/13/2011,GLH,MS,ASO,CE,Federal Contract Tower,3,0,2,0,5,0,0,0,0,0,3,0,2,0,5,0,0,0,5
12/14/2011,GLH,MS,ASO,CE,Federal Contract Tower,3,0,1,0,4,0,0,2,0,2,3,0,3,0,6,0,0,0,6
12/15/2011,GLH,MS,ASO,CE,Federal Contract Tower,3,0,1,2,6,0,0,1,0,1,3,0,2,2,7,0,0,0,7
12/16/2011,GLH,MS,ASO,CE,Federal Contract Tower,3,0,2,5,10,0,0,1,0,1,3,0,3,5,11,0,12,12,23
12/17/2011,GLH,MS,ASO,CE,Federal Contract Tower,4,0,5,0,9,0,0,18,0,18,4,0,23,0,27,0,0,0,27
12/18/2011,GLH,MS,ASO,CE,Federal Contract Tower,3,0,3,0,6,0,0,5,0,5,3,0,8,0,11,10,0,10,21
12/19/2011,GLH,MS,ASO,CE,Federal Contract Tower,5,0,7,6,18,0,0,25,0,25,5,0,32,6,43,18,106,124,167
12/20/2011,GLH,MS,ASO,CE,Federal Contract Tower,6,0,5,0,11,0,0,2,0,2,6,0,7,0,13,0,0,0,13
12/21/2011,GLH,MS,ASO,CE,Federal Contract Tower,4,0,0,10,14,0,0,9,4,13,4,0,9,14,27,0,106,106,133
12/22/2011,GLH,MS,ASO,CE,Federal Contract Tower,3,0,3,0,6,0,0,0,0,0,3,0,3,0,6,0,0,0,6
12/23/2011,GLH,MS,ASO,CE,Federal Contract Tower,3,0,3,0,6,0,0,1,0,1,3,0,4,0,7,0,0,0,7
12/24/2011,GLH,MS,ASO,CE,Federal Contract Tower,4,0,4,0,8,0,0,0,0,0,4,0,4,0,8,0,0,0,8
12/25/2011,GLH,MS,ASO,CE,Federal Contract Tower,3,0,1,0,4,0,0,0,0,0,3,0,1,0,4,0,0,0,4
12/26/2011,GLH,MS,ASO,CE,Federal Contract Tower,3,0,5,0,8,0,0,0,0,0,3,0,5,0,8,0,0,0,8
12/27/2011,GLH,MS,ASO,CE,Federal Contract Tower,3,0,4,3,10,0,0,13,0,13,3,0,17,3,23,0,12,12,35
12/28/2011,GLH,MS,ASO,CE,Federal Contract Tower,3,0,3,3,9,0,0,15,0,15,3,0,18,3,24,8,32,40,64
12/29/2011,GLH,MS,ASO,CE,Federal Contract Tower,4,0,8,0,12,0,0,16,0,16,4,0,24,0,28,10,0,10,38
12/30/2011,GLH,MS,ASO,CE,Federal Contract Tower,3,0,4,0,7,0,0,14,0,14,3,0,18,0,21,2,0,2,23
12/31/2011,GLH,MS,ASO,CE,Federal Contract Tower,5,0,5,0,10,0,0,14,0,14,5,0,19,0,24,2,0,2,26
01/01/2012,GLH,MS,ASO,CE,Federal Contract Tower,3,0,2,0,5,0,0,4,0,4,3,0,6,0,9,0,0,0,9
01/02/2012,GLH,MS,ASO,CE,Federal Contract Tower,3,0,4,0,7,0,0,10,0,10,3,0,14,0,17,8,0,8,25
01/03/2012,GLH,MS,ASO,CE,Federal Contract Tower,2,0,0,4,6,0,0,20,0,20,2,0,20,4,26,16,58,74,100
01/04/2012,GLH,MS,ASO,CE,Federal Contract Tower,5,0,4,12,21,0,0,14,0,14,5,0,18,12,35,6,108,114,149
01/05/2012,GLH,MS,ASO,CE,Federal Contract Tower,4,0,2,8,14,0,0,15,23,38,4,0,17,31,52,42,64,106,158
01/06/2012,GLH,MS,ASO,CE,Federal Contract Tower,3,0,4,6,13,0,0,11,4,15,3,0,15,10,28,2,70,72,100
01/07/2012,GLH,MS,ASO,CE,Federal Contract Tower,2,0,4,0,6,0,0,0,0,0,2,0,4,0,6,0,0,0,6
01/08/2012,GLH,MS,ASO,CE,Federal Contract Tower,3,0,2,0,5,0,0,0,0,0,3,0,2,0,5,0,0,0,5
01/09/2012,GLH,MS,ASO,CE,Federal Contract Tower,3,0,2,0,5,0,0,0,0,0,3,0,2,0,5,0,0,0,5
01/10/2012,GLH,MS,ASO,CE,Federal Contract Tower,3,0,2,0,5,0,0,0,0,0,3,0,2,0,5,0,0,0,5
01/11/2012,GLH,MS,ASO,CE,Federal Contract Tower,3,0,9,2,14,0,0,5,0,5,3,0,14,2,19,0,2,2,21
01/12/2012,GLH,MS,ASO,CE,Federal Contract Tower,3,0,5,0,8,0,0,7,0,7,3,0,12,0,15,2,0,2,17
01/13/2012,GLH,MS,ASO,CE,Federal Contract Tower,5,0,5,7,17,0,0,25,0,25,5,0,30,7,42,6,86,92,134
01/14/2012,GLH,MS,ASO,CE,Federal Contract Tower,4,0,1,3,8,0,0,10,0,10,4,0,11,3,18,0,4,4,22
01/15/2012,GLH,MS,ASO,CE,Federal Contract Tower,2,0,5,0,7,0,0,10,0,10,2,0,15,0,17,2,0,2,19
01/16/2012,GLH,MS,ASO,CE,Federal Contract Tower,3,0,5,0,8,0,0,8,0,8,3,0,13,0,16,0,0,0,16
01/17/2012,GLH,MS,ASO,CE,Federal Contract Tower,5,0,4,2,11,0,0,6,0,6,5,0,10,2,17,0,8,8,25
01/18/2012,GLH,MS,ASO,CE,Federal Contract Tower,3,0,13,11,27,0,0,21,3,24,3,0,34,14,51,10,176,186,237
01/19/2012,GLH,MS,ASO,CE,Federal Contract Tower,3,0,7,2,12,0,0,12,0,12,3,0,19,2,24,0,26,26,50
01/20/2012,GLH,MS,ASO,CE,Federal Contract Tower,3,0,4,8,15,0,0,4,1,5,3,0,8,9,20,0,50,50,70
01/21/2012,GLH,MS,ASO,CE,Federal Contract Tower,4,0,2,6,12,0,0,1,0,1,4,0,3,6,13,0,12,12,25
01/22/2012,GLH,MS,ASO,CE,Federal Contract Tower,1,0,1,0,2,0,0,6,0,6,1,0,7,0,8,0,0,0,8
01/23/2012,GLH,MS,ASO,CE,Federal Contract Tower,3,0,1,17,21,0,0,33,1,34,3,0,34,18,55,70,190,260,315
01/24/2012,GLH,MS,ASO,CE,Federal Contract Tower,3,0,4,8,15,0,0,28,0,28,3,0,32,8,43,8,84,92,135
01/25/2012,GLH,MS,ASO,CE,Federal Contract Tower,7,0,0,0,7,0,0,8,0,8,7,0,8,0,15,0,0,0,15
01/26/2012,GLH,MS,ASO,CE,Federal Contract Tower,6,0,5,2,13,0,0,0,0,0,6,0,5,2,13,0,2,2,15
01/27/2012,GLH,MS,ASO,CE,Federal Contract Tower,3,0,7,6,16,0,0,28,0,28,3,0,35,6,44,18,114,132,176
01/28/2012,GLH,MS,ASO,CE,Federal Contract Tower,4,0,1,2,7,0,0,20,0,20,4,0,21,2,27,2,0,2,29
01/29/2012,GLH,MS,ASO,CE,Federal Contract Tower,3,0,2,0,5,0,0,14,12,26,3,0,16,12,31,0,0,0,31
01/30/2012,GLH,MS,ASO,CE,Federal Contract Tower,3,0,3,6,12,0,0,30,0,30,3,0,33,6,42,6,96,102,144
01/31/2012,GLH,MS,ASO,CE,Federal Contract Tower,3,0,5,7,15,0,0,15,0,15,3,0,20,7,30,0,112,112,142
02/01/2012,GLH,MS,ASO,CE,Federal Contract Tower,3,0,5,15,23,0,0,2,2,4,3,0,7,17,27,4,162,166,193
02/02/2012,GLH,MS,ASO,CE,Federal Contract Tower,3,0,5,3,11,0,0,8,0,8,3,0,13,3,19,4,36,40,59
02/03/2012,GLH,MS,ASO,CE,Federal Contract Tower,6,0,0,0,6,0,0,0,0,0,6,0,0,0,6,0,0,0,6
02/04/2012,GLH,MS,ASO,CE,Federal Contract Tower,3,0,2,0,5,0,0,0,0,0,3,0,2,0,5,0,0,0,5
02/05/2012,GLH,MS,ASO,CE,Federal Contract Tower,3,0,2,0,5,0,0,7,0,7,3,0,9,0,12,0,0,0,12
02/06/2012,GLH,MS,ASO,CE,Federal Contract Tower,3,0,9,6,18,0,0,78,0,78,3,0,87,6,96,54,106,160,256
02/07/2012,GLH,MS,ASO,CE,Federal Contract Tower,7,0,4,18,29,0,0,50,0,50,7,0,54,18,79,28,140,168,247
02/08/2012,GLH,MS,ASO,CE,Federal Contract Tower,3,0,1,10,14,0,0,27,0,27,3,0,28,10,41,6,156,162,203
02/09/2012,GLH,MS,ASO,CE,Federal Contract Tower,3,0,6,8,17,0,0,11,0,11,3,0,17,8,28,10,78,88,116
02/10/2012,GLH,MS,ASO,CE,Federal Contract Tower,3,0,6,6,15,0,0,4,0,4,3,0,10,6,19,8,32,40,59
02/11/2012,GLH,MS,ASO,CE,Federal Contract Tower,2,0,3,0,5,0,0,7,0,7,2,0,10,0,12,0,0,0,12
02/12/2012,GLH,MS,ASO,CE,Federal Contract Tower,3,0,1,0,4,0,0,7,0,7,3,0,8,0,11,6,0,6,17
02/13/2012,GLH,MS,ASO,CE,Federal Contract Tower,1,0,7,2,10,0,0,0,0,0,1,0,7,2,10,6,0,6,16
02/14/2012,GLH,MS,ASO,CE,Federal Contract Tower,4,0,2,4,10,0,0,1,0,1,4,0,3,4,11,0,8,8,19
02/15/2012,GLH,MS,ASO,CE,Federal Contract Tower,3,0,7,4,14,0,0,4,0,4,3,0,11,4,18,0,12,12,30
02/16/2012,GLH,MS,ASO,CE,Federal Contract Tower,3,0,5,8,16,0,0,5,1,6,3,0,10,9,22,18,70,88,110
02/17/2012,GLH,MS,ASO,CE,Federal Contract Tower,3,0,1,2,6,0,0,32,0,32,3,0,33,2,38,44,14,58,96
02/18/2012,GLH,MS,ASO,CE,Federal Contract Tower,2,0,0,0,2,0,0,0,0,0,2,0,0,0,2,0,0,0,2
02/19/2012,GLH,MS,ASO,CE,Federal Contract Tower,1,0,5,0,6,0,0,9,0,9,1,0,14,0,15,0,0,0,15
02/20/2012,GLH,MS,ASO,CE,Federal Contract Tower,3,0,7,0,10,0,0,33,0,33,3,0,40,0,43,22,0,22,65
02/21/2012,GLH,MS,ASO,CE,Federal Contract Tower,5,0,4,3,12,0,0,45,0,45,5,0,49,3,57,18,38,56,113
02/22/2012,GLH,MS,ASO,CE,Federal Contract Tower,4,0,19,10,33,0,0,16,0,16,4,0,35,10,49,2,140,142,191
02/23/2012,GLH,MS,ASO,CE,Federal Contract Tower,3,0,0,7,10,0,0,0,2,2,3,0,0,9,12,0,92,92,104
02/24/2012,GLH,MS,ASO,CE,Federal Contract Tower,3,0,3,7,13,0,0,18,0,18,3,0,21,7,31,8,56,64,95
02/25/2012,GLH,MS,ASO,CE,Federal Contract Tower,3,0,3,0,6,0,0,13,0,13,3,0,16,0,19,4,0,4,23
02/26/2012,GLH,MS,ASO,CE,Federal Contract Tower,1,0,10,0,11,0,0,27,0,27,1,0,37,0,38,0,0,0,38
02/27/2012,GLH,MS,ASO,CE,Federal Contract Tower,3,0,8,21,32,0,0,86,0,86,3,0,94,21,118,6,232,238,356
02/28/2012,GLH,MS,ASO,CE,Federal Contract Tower,3,0,6,9,18,0,0,130,0,130,3,0,136,9,148,0,12,12,160
02/29/2012,GLH,MS,ASO,CE,Federal Contract Tower,1,0,0,2,3,0,0,33,0,33,1,0,33,2,36,0,8,8,44
03/01/2012,GLH,MS,ASO,CE,Federal Contract Tower,3,0,5,10,18,0,0,55,0,55,3,0,60,10,73,8,130,138,211
03/02/2012,GLH,MS,ASO,CE,Federal Contract Tower,3,0,0,0,3,0,0,4,0,4,3,0,4,0,7,0,0,0,7
03/03/2012,GLH,MS,ASO,CE,Federal Contract Tower,2,0,0,0,2,0,0,6,0,6,2,0,6,0,8,0,0,0,8
03/04/2012,GLH,MS,ASO,CE,Federal Contract Tower,1,0,2,0,3,0,0,9,0,9,1,0,11,0,12,10,0,10,22
03/05/2012,GLH,MS,ASO,CE,Federal Contract Tower,3,0,2,6,11,0,0,33,0,33,3,0,35,6,44,12,110,122,166
03/06/2012,GLH,MS,ASO,CE,Federal Contract Tower,2,0,4,6,12,0,0,54,0,54,2,0,58,6,66,12,58,70,136
03/07/2012,GLH,MS,ASO,CE,Federal Contract Tower,3,0,1,13,17,0,0,51,4,55,3,0,52,17,72,2,132,134,206
03/08/2012,GLH,MS,ASO,CE,Federal Contract Tower,5,0,4,8,17,0,0,0,0,0,5,0,4,8,17,0,74,74,91
03/09/2012,GLH,MS,ASO,CE,Federal Contract Tower,2,0,11,4,17,0,0,2,0,2,2,0,13,4,19,6,38,44,63
03/10/2012,GLH,MS,ASO,CE,Federal Contract Tower,3,0,5,0,8,0,0,18,0,18,3,0,23,0,26,26,0,26,52
03/11/2012,GLH,MS,ASO,CE,Federal Contract Tower,1,0,1,0,2,0,0,6,0,6,1,0,7,0,8,0,0,0,8
03/12/2012,GLH,MS,ASO,CE,Federal Contract Tower,3,0,8,1,12,0,0,18,0,18,3,0,26,1,30,6,4,10,40
03/13/2012,GLH,MS,ASO,CE,Federal Contract Tower,3,0,2,4,9,0,0,12,0,12,3,0,14,4,21,0,34,34,55
03/14/2012,GLH,MS,ASO,CE,Federal Contract Tower,5,0,8,1,14,0,0,8,2,10,5,0,16,3,24,0,6,6,30
03/15/2012,GLH,MS,ASO,CE,Federal Contract Tower,3,0,1,4,8,0,0,21,0,21,3,0,22,4,29,0,26,26,55
03/16/2012,GLH,MS,ASO,CE,Federal Contract Tower,1,0,9,2,12,0,0,11,0,11,1,0,20,2,23,0,20,20,43
03/17/2012,GLH,MS,ASO,CE,Federal Contract Tower,2,0,2,0,4,0,0,48,0,48,2,0,50,0,52,0,0,0,52
03/18/2012,GLH,MS,ASO,CE,Federal Contract Tower,1,0,0,0,1,0,0,45,0,45,1,0,45,0,46,0,0,0,46
03/19/2012,GLH,MS,ASO,CE,Federal Contract Tower,3,0,4,1,8,0,0,62,0,62,3,0,66,1,70,2,2,4,74
03/20/2012,GLH,MS,ASO,CE,Federal Contract Tower,3,0,6,2,11,0,0,47,0,47,3,0,53,2,58,0,0,0,58
03/21/2012,GLH,MS,ASO,CE,Federal Contract Tower,3,0,0,2,5,0,0,2,0,2,3,0,2,2,7,2,0,2,9
03/22/2012,GLH,MS,ASO,CE,Federal Contract Tower,3,0,4,6,13,0,0,28,0,28,3,0,32,6,41,16,36,52,93
03/23/2012,GLH,MS,ASO,CE,Federal Contract Tower,4,0,1,10,15,0,0,38,0,38,4,0,39,10,53,36,110,146,199
03/24/2012,GLH,MS,ASO,CE,Federal Contract Tower,3,0,3,3,9,0,0,2,0,2,3,0,5,3,11,0,10,10,21
03/25/2012,GLH,MS,ASO,CE,Federal Contract Tower,1,0,1,2,4,0,0,14,0,14,1,0,15,2,18,14,0,14,32
03/26/2012,GLH,MS,ASO,CE,Federal Contract Tower,5,0,2,14,21,0,0,34,4,38,5,0,36,18,59,18,250,268,327
03/27/2012,GLH,MS,ASO,CE,Federal Contract Tower,5,0,6,11,22,0,0,29,0,29,5,0,35,11,51,22,136,158,209
03/28/2012,GLH,MS,ASO,CE,Federal Contract Tower,5,0,7,8,20,0,0,22,0,22,5,0,29,8,42,38,80,118,160
03/29/2012,GLH,MS,ASO,CE,Federal Contract Tower,5,0,9,7,21,0,0,19,0,19,5,0,28,7,40,2,74,76,116
03/30/2012,GLH,MS,ASO,CE,Federal Contract Tower,5,0,3,11,19,0,0,16,0,16,5,0,19,11,35,0,64,64,99
03/31/2012,GLH,MS,ASO,CE,Federal Contract Tower,4,0,4,0,8,0,0,10,0,10,4,0,14,0,18,0,0,0,18
04/01/2012,GLH,MS,ASO,CE,Federal Contract Tower,1,0,2,0,3,0,0,11,0,11,1,0,13,0,14,0,0,0,14
04/02/2012,GLH,MS,ASO,CE,Federal Contract Tower,5,0,4,7,16,0,0,12,0,12,5,0,16,7,28,8,56,64,92
04/03/2012,GLH,MS,ASO,CE,Federal Contract Tower,1,0,5,0,6,0,0,3,0,3,1,0,8,0,9,0,0,0,9
04/04/2012,GLH,MS,ASO,CE,Federal Contract Tower,5,0,5,0,10,0,0,7,0,7,5,0,12,0,17,6,0,6,23
04/05/2012,GLH,MS,ASO,CE,Federal Contract Tower,5,0,0,7,12,0,0,8,2,10,5,0,8,9,22,8,32,40,62
04/06/2012,GLH,MS,ASO,CE,Federal Contract Tower,5,0,2,3,10,0,0,16,0,16,5,0,18,3,26,4,24,28,54
04/07/2012,GLH,MS,ASO,CE,Federal Contract Tower,4,0,2,0,6,0,0,9,0,9,4,0,11,0,15,0,0,0,15
04/08/2012,GLH,MS,ASO,CE,Federal Contract Tower,4,0,4,0,8,0,0,4,0,4,4,0,8,0,12,0,0,0,12
04/09/2012,GLH,MS,ASO,CE,Federal Contract Tower,6,0,2,4,12,0,0,37,0,37,6,0,39,4,49,22,70,92,141
04/10/2012,GLH,MS,ASO,CE,Federal Contract Tower,5,0,0,8,13,0,0,34,0,34,5,0,34,8,47,4,114,118,165
04/11/2012,GLH,MS,ASO,CE,Federal Contract Tower,7,0,3,0,10,0,0,8,0,8,7,0,11,0,18,4,6,10,28
04/12/2012,GLH,MS,ASO,CE,Federal Contract Tower,5,0,2,11,18,0,0,11,0,11,5,0,13,11,29,2,116,118,147
04/13/2012,GLH,MS,ASO,CE,Federal Contract Tower,6,0,14,5,25,0,0,16,0,16,6,0,30,5,41,16,36,52,93
04/14/2012,GLH,MS,ASO,CE,Federal Contract Tower,4,0,1,0,5,0,0,5,0,5,4,0,6,0,10,16,0,16,26
04/15/2012,GLH,MS,ASO,CE,Federal Contract Tower,3,0,1,0,4,0,0,2,0,2,3,0,3,0,6,0,0,0,6
04/16/2012,GLH,MS,ASO,CE,Federal Contract Tower,5,0,5,0,10,0,0,6,0,6,5,0,11,0,16,0,0,0,16
04/17/2012,GLH,MS,ASO,CE,Federal Contract Tower,5,0,4,2,11,0,0,6,0,6,5,0,10,2,17,0,6,6,23
04/18/2012,GLH,MS,ASO,CE,Federal Contract Tower,5,0,2,5,12,0,0,42,48,90,5,0,44,53,102,34,34,68,170
04/19/2012,GLH,MS,ASO,CE,Federal Contract Tower,7,0,8,13,28,0,0,14,0,14,7,0,22,13,42,2,108,110,152
04/20/2012,GLH,MS,ASO,CE,Federal Contract Tower,5,0,5,10,20,0,0,23,0,23,5,0,28,10,43,20,80,100,143
04/21/2012,GLH,MS,ASO,CE,Federal Contract Tower,4,0,8,0,12,0,0,5,0,5,4,0,13,0,17,0,0,0,17
04/22/2012,GLH,MS,ASO,CE,Federal Contract Tower,5,0,2,0,7,0,0,14,0,14,5,0,16,0,21,16,0,16,37
04/23/2012,GLH,MS,ASO,CE,Federal Contract Tower,5,0,5,6,16,0,0,22,0,22,5,0,27,6,38,2,60,62,100
04/24/2012,GLH,MS,ASO,CE,Federal Contract Tower,5,0,4,16,25,0,0,25,0,25,5,0,29,16,50,0,198,198,248
04/25/2012,GLH,MS,ASO,CE,Federal Contract Tower,5,0,9,11,25,0,0,18,0,18,5,0,27,11,43,6,58,64,107
04/26/2012,GLH,MS,ASO,CE,Federal Contract Tower,7,0,4,3,14,0,0,10,0,10,7,0,14,3,24,6,4,10,34
04/27/2012,GLH,MS,ASO,CE,Federal Contract Tower,5,0,9,0,14,0,0,7,0,7,5,0,16,0,21,4,0,4,25
04/28/2012,GLH,MS,ASO,CE,Federal Contract Tower,4,0,1,0,5,0,0,7,0,7,4,0,8,0,12,0,0,0,12
04/29/2012,GLH,MS,ASO,CE,Federal Contract Tower,2,0,3,0,5,0,0,4,0,4,2,0,7,0,9,0,0,0,9
04/30/2012,GLH,MS,ASO,CE,Federal Contract Tower,6,0,3,2,11,0,0,18,0,18,6,0,21,2,29,20,42,62,91
05/01/2012,GLH,MS,ASO,CE,Federal Contract Tower,5,0,8,8,21,0,0,19,1,20,5,0,27,9,41,20,76,96,137
05/02/2012,GLH,MS,ASO,CE,Federal Contract Tower,5,0,4,9,18,0,0,27,0,27,5,0,31,9,45,8,96,104,149
05/03/2012,GLH,MS,ASO,CE,Federal Contract Tower,6,0,4,8,18,0,0,5,1,6,6,0,9,9,24,6,50,56,80
05/04/2012,GLH,MS,ASO,CE,Federal Contract Tower,5,0,11,6,22,0,0,7,0,7,5,0,18,6,29,0,64,64,93
05/05/2012,GLH,MS,ASO,CE,Federal Contract Tower,5,0,7,2,14,0,0,10,0,10,5,0,17,2,24,4,0,4,28
05/06/2012,GLH,MS,ASO,CE,Federal Contract Tower,3,0,1,0,4,0,0,2,0,2,3,0,3,0,6,0,0,0,6
05/07/2012,GLH,MS,ASO,CE,Federal Contract Tower,2,0,2,10,14,0,0,6,0,6,2,0,8,10,20,0,174,174,194
05/08/2012,GLH,MS,ASO,CE,Federal Contract Tower,4,0,2,2,8,0,0,25,0,25,4,0,27,2,33,0,52,52,85
05/09/2012,GLH,MS,ASO,CE,Federal Contract Tower,5,0,1,13,19,0,0,18,0,18,5,0,19,13,37,6,162,168,205
05/10/2012,GLH,MS,ASO,CE,Federal Contract Tower,5,0,4,3,12,0,0,21,2,23,5,0,25,5,35,4,40,44,79
05/11/2012,GLH,MS,ASO,CE,Federal Contract Tower,5,0,1,5,11,0,0,19,0,19,5,0,20,5,30,26,54,80,110
05/12/2012,GLH,MS,ASO,CE,Federal Contract Tower,4,0,5,0,9,0,0,2,43,45,4,0,7,43,54,0,0,0,54
05/13/2012,GLH,MS,ASO,CE,Federal Contract Tower,1,0,6,0,7,0,0,2,0,2,1,0,8,0,9,0,0,0,9
05/14/2012,GLH,MS,ASO,CE,Federal Contract Tower,7,0,2,12,21,0,0,19,0,19,7,0,21,12,40,6,168,174,214
05/15/2012,GLH,MS,ASO,CE,Federal Contract Tower,5,0,7,12,24,0,0,32,4,36,5,0,39,16,60,8,112,120,180
05/16/2012,GLH,MS,ASO,CE,Federal Contract Tower,5,0,6,11,22,0,0,19,0,19,5,0,25,11,41,14,82,96,137
05/17/2012,GLH,MS,ASO,CE,Federal Contract Tower,5,0,4,4,13,0,0,34,0,34,5,0,38,4,47,42,20,62,109
05/18/2012,GLH,MS,ASO,CE,Federal Contract Tower,5,0,1,6,12,0,0,21,0,21,5,0,22,6,33,10,60,70,103
05/19/2012,GLH,MS,ASO,CE,Federal Contract Tower,3,0,0,0,3,0,0,8,0,8,3,0,8,0,11,2,0,2,13
05/20/2012,GLH,MS,ASO,CE,Federal Contract Tower,1,0,4,0,5,0,0,5,0,5,1,0,9,0,10,0,0,0,10
05/21/2012,GLH,MS,ASO,CE,Federal Contract Tower,5,0,6,13,24,0,0,22,0,22,5,0,28,13,46,4,118,122,168
05/22/2012,GLH,MS,ASO,CE,Federal Contract Tower,5,0,3,7,15,0,0,15,0,15,5,0,18,7,30,14,98,112,142
05/23/2012,GLH,MS,ASO,CE,Federal Contract Tower,5,0,6,6,17,0,0,26,0,26,5,0,32,6,43,22,104,126,169
05/24/2012,GLH,MS,ASO,CE,Federal Contract Tower,7,0,4,14,25,0,0,9,1,10,7,0,13,15,35,2,60,62,97
05/25/2012,GLH,MS,ASO,CE,Federal Contract Tower,5,0,9,0,14,0,0,7,0,7,5,0,16,0,21,8,0,8,29
05/26/2012,GLH,MS,ASO,CE,Federal Contract Tower,3,0,3,0,6,0,0,3,0,3,3,0,6,0,9,4,0,4,13
05/27/2012,GLH,MS,ASO,CE,Federal Contract Tower,3,0,4,0,7,0,0,6,0,6,3,0,10,0,13,14,0,14,27
05/28/2012,GLH,MS,ASO,CE,Federal Contract Tower,5,0,4,0,9,0,0,14,0,14,5,0,18,0,23,2,0,2,25
05/29/2012,GLH,MS,ASO,CE,Federal Contract Tower,5,0,1,12,18,0,0,19,0,19,5,0,20,12,37,8,164,172,209
05/30/2012,GLH,MS,ASO,CE,Federal Contract Tower,4,0,3,7,14,0,0,13,0,13,4,0,16,7,27,12,72,84,111
05/31/2012,GLH,MS,ASO,CE,Federal Contract Tower,5,0,4,6,15,0,0,2,0,2,5,0,6,6,17,6,74,80,97
06/01/2012,GLH,MS,ASO,CE,Federal Contract Tower,4,0,6,15,25,0,0,8,0,8,4,0,14,15,33,6,134,140,173
06/02/2012,GLH,MS,ASO,CE,Federal Contract Tower,1,0,2,0,3,0,0,10,0,10,1,0,12,0,13,4,0,4,17
06/03/2012,GLH,MS,ASO,CE,Federal Contract Tower,1,0,1,0,2,0,0,3,0,3,1,0,4,0,5,0,0,0,5
06/04/2012,GLH,MS,ASO,CE,Federal Contract Tower,3,0,3,7,13,0,0,9,0,9,3,0,12,7,22,4,72,76,98
06/05/2012,GLH,MS,ASO,CE,Federal Contract Tower,2,0,6,2,10,0,0,15,0,15,2,0,21,2,25,4,80,84,109
06/06/2012,GLH,MS,ASO,CE,Federal Contract Tower,3,0,4,8,15,0,0,20,0,20,3,0,24,8,35,8,102,110,145
06/07/2012,GLH,MS,ASO,CE,Federal Contract Tower,3,0,5,18,26,0,0,19,4,23,3,0,24,22,49,6,168,174,223
06/08/2012,GLH,MS,ASO,CE,Federal Contract Tower,3,0,6,12,21,0,0,15,2,17,3,0,21,14,38,2,126,128,166
06/09/2012,GLH,MS,ASO,CE,Federal Contract Tower,2,0,3,0,5,0,0,7,0,7,2,0,10,0,12,0,0,0,12
06/10/2012,GLH,MS,ASO,CE,Federal Contract Tower,4,0,14,0,18,0,0,7,0,7,4,0,21,0,25,8,0,8,33
06/11/2012,GLH,MS,ASO,CE,Federal Contract Tower,2,0,1,5,8,0,0,18,0,18,2,0,19,5,26,0,8,8,34
06/12/2012,GLH,MS,ASO,CE,Federal Contract Tower,4,0,3,6,13,0,0,2,0,2,4,0,5,6,15,0,58,58,73
06/13/2012,GLH,MS,ASO,CE,Federal Contract Tower,4,0,8,12,24,0,0,22,0,22,4,0,30,12,46,10,180,190,236
06/14/2012,GLH,MS,ASO,CE,Federal Contract Tower,2,0,0,16,18,0,0,8,2,10,2,0,8,18,28,0,146,146,174
06/15/2012,GLH,MS,ASO,CE,Federal Contract Tower,2,0,6,18,26,0,0,20,0,20,2,0,26,18,46,6,112,118,164
06/16/2012,GLH,MS,ASO,CE,Federal Contract Tower,3,0,4,2,9,0,0,4,0,4,3,0,8,2,13,0,4,4,17
06/17/2012,GLH,MS,ASO,CE,Federal Contract Tower,2,0,2,4,8,0,0,10,0,10,2,0,12,4,18,0,4,4,22
06/18/2012,GLH,MS,ASO,CE,Federal Contract Tower,2,0,3,19,24,0,0,23,0,23,2,0,26,19,47,8,192,200,247
06/19/2012,GLH,MS,ASO,CE,Federal Contract Tower,1,0,5,10,16,0,0,32,0,32,1,0,37,10,48,14,110,124,172
06/20/2012,GLH,MS,ASO,CE,Federal Contract Tower,3,0,10,6,19,0,0,34,0,34,3,0,44,6,53,12,68,80,133
06/21/2012,GLH,MS,ASO,CE,Federal Contract Tower,3,0,1,13,17,0,0,14,2,16,3,0,15,15,33,4,120,124,157
06/22/2012,GLH,MS,ASO,CE,Federal Contract Tower,3,0,3,11,17,0,0,19,0,19,3,0,22,11,36,10,84,94,130
06/23/2012,GLH,MS,ASO,CE,Federal Contract Tower,2,0,2,0,4,0,0,15,0,15,2,0,17,0,19,2,0,2,21
06/24/2012,GLH,MS,ASO,CE,Federal Contract Tower,4,0,1,8,13,0,0,14,0,14,4,0,15,8,27,0,120,120,147
06/25/2012,GLH,MS,ASO,CE,Federal Contract Tower,3,0,2,8,13,0,0,26,0,26,3,0,28,8,39,8,98,106,145
06/26/2012,GLH,MS,ASO,CE,Federal Contract Tower,1,0,1,9,11,0,0,34,0,34,1,0,35,9,45,8,116,124,169
06/27/2012,GLH,MS,ASO,CE,Federal Contract Tower,3,0,0,13,16,0,0,18,0,18,3,0,18,13,34,2,56,58,92
06/28/2012,GLH,MS,ASO,CE,Federal Contract Tower,3,0,4,7,14,0,0,16,4,20,3,0,20,11,34,4,40,44,78
06/29/2012,GLH,MS,ASO,CE,Federal Contract Tower,2,0,2,10,14,0,0,28,0,28,2,0,30,10,42,4,90,94,136
06/30/2012,GLH,MS,ASO,CE,Federal Contract Tower,2,0,0,0,2,0,0,5,0,5,2,0,5,0,7,0,0,0,7
07/01/2012,GLH,MS,ASO,CE,Federal Contract Tower,3,0,1,2,6,0,0,13,0,13,3,0,14,2,19,0,42,42,61
07/02/2012,GLH,MS,ASO,CE,Federal Contract Tower,4,0,1,13,18,0,0,30,1,31,4,0,31,14,49,0,186,186,235
07/03/2012,GLH,MS,ASO,CE,Federal Contract Tower,4,0,6,9,19,0,0,30,0,30,4,0,36,9,49,6,138,144,193
07/04/2012,GLH,MS,ASO,CE,Federal Contract Tower,3,0,0,0,3,0,0,10,0,10,3,0,10,0,13,8,0,8,21
07/05/2012,GLH,MS,ASO,CE,Federal Contract Tower,4,0,3,0,7,0,0,38,0,38,4,0,41,0,45,8,0,8,53
07/06/2012,GLH,MS,ASO,CE,Federal Contract Tower,4,0,0,4,8,0,0,18,0,18,4,0,18,4,26,4,6,10,36
07/07/2012,GLH,MS,ASO,CE,Federal Contract Tower,2,0,2,0,4,0,0,3,0,3,2,0,5,0,7,2,0,2,9
07/08/2012,GLH,MS,ASO,CE,Federal Contract Tower,3,0,1,0,4,0,0,2,0,2,3,0,3,0,6,0,0,0,6
07/09/2012,GLH,MS,ASO,CE,Federal Contract Tower,3,0,4,3,10,0,0,6,0,6,3,0,10,3,16,0,4,4,20
07/10/2012,GLH,MS,ASO,CE,Federal Contract Tower,1,0,3,4,8,0,0,11,0,11,1,0,14,4,19,0,28,28,47
07/11/2012,GLH,MS,ASO,CE,Federal Contract Tower,0,0,9,2,11,0,0,0,0,0,0,0,9,2,11,6,0,6,17
07/12/2012,GLH,MS,ASO,CE,Federal Contract Tower,3,0,5,0,8,0,0,2,0,2,3,0,7,0,10,0,0,0,10
07/13/2012,GLH,MS,ASO,CE,Federal Contract Tower,3,0,1,6,10,0,0,5,1,6,3,0,6,7,16,16,40,56,72
07/14/2012,GLH,MS,ASO,CE,Federal Contract Tower,1,0,3,0,4,0,0,2,0,2,1,0,5,0,6,3,0,3,9
07/15/2012,GLH,MS,ASO,CE,Federal Contract Tower,3,0,2,2,7,0,0,2,0,2,3,0,4,2,9,6,0,6,15
07/16/2012,GLH,MS,ASO,CE,Federal Contract Tower,3,0,1,2,6,0,0,0,0,0,3,0,1,2,6,0,28,28,34
07/17/2012,GLH,MS,ASO,CE,Federal Contract Tower,3,0,5,6,14,0,0,27,0,27,3,0,32,6,41,2,64,66,107
07/18/2012,GLH,MS,ASO,CE,Federal Contract Tower,1,0,2,4,7,0,0,24,0,24,1,0,26,4,31,16,60,76,107
07/19/2012,GLH,MS,ASO,CE,Federal Contract Tower,3,0,2,13,18,0,0,14,0,14,3,0,16,13,32,0,78,78,110
07/20/2012,GLH,MS,ASO,CE,Federal Contract Tower,1,0,2,13,16,0,0,18,0,18,1,0,20,13,34,6,114,120,154
07/21/2012,GLH,MS,ASO,CE,Federal Contract Tower,2,0,3,0,5,0,0,0,20,20,2,0,3,20,25,0,0,0,25
07/22/2012,GLH,MS,ASO,CE,Federal Contract Tower,3,0,4,0,7,0,0,4,0,4,3,0,8,0,11,4,0,4,15
07/23/2012,GLH,MS,ASO,CE,Federal Contract Tower,1,0,0,12,13,0,0,19,0,19,1,0,19,12,32,2,202,204,236
07/24/2012,GLH,MS,ASO,CE,Federal Contract Tower,1,0,4,9,14,0,0,18,2,20,1,0,22,11,34,16,148,164,198
07/25/2012,GLH,MS,ASO,CE,Federal Contract Tower,3,0,5,17,25,0,0,21,0,21,3,0,26,17,46,22,188,210,256
07/26/2012,GLH,MS,ASO,CE,Federal Contract Tower,3,0,2,10,15,0,0,15,1,16,3,0,17,11,31,8,108,116,147
07/27/2012,GLH,MS,ASO,CE,Federal Contract Tower,3,0,5,2,10,0,0,38,0,38,3,0,43,2,48,6,14,20,68
07/28/2012,GLH,MS,ASO,CE,Federal Contract Tower,2,0,0,0,2,0,0,5,0,5,2,0,5,0,7,0,0,0,7
07/29/2012,GLH,MS,ASO,CE,Federal Contract Tower,1,0,3,0,4,0,0,10,0,10,1,0,13,0,14,6,0,6,20
07/30/2012,GLH,MS,ASO,CE,Federal Contract Tower,3,0,8,18,29,0,0,17,0,17,3,0,25,18,46,0,188,188,234
07/31/2012,GLH,MS,ASO,CE,Federal Contract Tower,3,0,7,10,20,0,0,40,0,40,3,0,47,10,60,8,132,140,200
08/01/2012,GLH,MS,ASO,CE,Federal Contract Tower,2,0,0,6,8,0,0,31,0,31,2,0,31,6,39,8,56,64,103
08/02/2012,GLH,MS,ASO,CE,Federal Contract Tower,3,0,3,2,8,0,0,25,0,25,3,0,28,2,33,4,8,12,45
08/03/2012,GLH,MS,ASO,CE,Federal Contract Tower,3,0,6,4,13,0,0,17,3,20,3,0,23,7,33,2,76,78,111
08/04/2012,GLH,MS,ASO,CE,Federal Contract Tower,2,0,3,4,9,0,0,10,0,10,2,0,13,4,19,2,10,12,31
08/05/2012,GLH,MS,ASO,CE,Federal Contract Tower,3,0,6,0,9,0,0,9,0,9,3,0,15,0,18,0,0,0,18
08/06/2012,GLH,MS,ASO,CE,Federal Contract Tower,3,0,4,10,17,0,0,9,0,9,3,0,13,10,26,14,150,164,190
08/07/2012,GLH,MS,ASO,CE,Federal Contract Tower,3,0,5,10,18,0,0,18,10,28,3,0,23,20,46,14,140,154,200
08/08/2012,GLH,MS,ASO,CE,Federal Contract Tower,3,0,8,10,21,0,0,10,0,10,3,0,18,10,31,0,90,90,121
08/09/2012,GLH,MS,ASO,CE,Federal Contract Tower,2,0,8,7,17,0,0,16,5,21,2,0,24,12,38,8,34,42,80
08/10/2012,GLH,MS,ASO,CE,Federal Contract Tower,3,0,5,11,19,0,0,24,0,24,3,0,29,11,43,14,64,78,121
08/11/2012,GLH,MS,ASO,CE,Federal Contract Tower,2,0,2,0,4,0,0,8,2,10,2,0,10,2,14,0,2,2,16
08/12/2012,GLH,MS,ASO,CE,Federal Contract Tower,3,0,5,2,10,0,0,2,2,4,3,0,7,4,14,0,70,70,84
08/13/2012,GLH,MS,ASO,CE,Federal Contract Tower,5,0,4,4,13,0,0,11,0,11,5,0,15,4,24,2,60,62,86
08/14/2012,GLH,MS,ASO,CE,Federal Contract Tower,3,0,6,5,14,0,0,22,6,28,3,0,28,11,42,2,102,104,146
08/15/2012,GLH,MS,ASO,CE,Federal Contract Tower,3,0,3,0,6,0,0,11,0,11,3,0,14,0,17,8,0,8,25
08/16/2012,GLH,MS,ASO,CE,Federal Contract Tower,1,0,6,8,15,0,0,16,0,16,1,0,22,8,31,2,46,48,79
08/17/2012,GLH,MS,ASO,CE,Federal Contract Tower,3,0,4,14,21,0,0,3,2,5,3,0,7,16,26,6,188,194,220
08/18/2012,GLH,MS,ASO,CE,Federal Contract Tower,2,0,1,0,3,0,0,0,0,0,2,0,1,0,3,0,0,0,3
08/19/2012,GLH,MS,ASO,CE,Federal Contract Tower,3,0,7,0,10,0,0,10,0,10,3,0,17,0,20,4,0,4,24
08/20/2012,GLH,MS,ASO,CE,Federal Contract Tower,3,0,1,15,19,0,0,24,0,24,3,0,25,15,43,0,158,158,201
08/21/2012,GLH,MS,ASO,CE,Federal Contract Tower,3,0,0,7,10,0,0,18,0,18,3,0,18,7,28,2,136,138,166
08/22/2012,GLH,MS,ASO,CE,Federal Contract Tower,3,0,4,10,17,0,0,25,0,25,3,0,29,10,42,6,116,122,164
08/23/2012,GLH,MS,ASO,CE,Federal Contract Tower,3,0,6,5,14,0,0,24,0,24,3,0,30,5,38,14,68,82,120
08/24/2012,GLH,MS,ASO,CE,Federal Contract Tower,3,0,0,22,25,0,0,18,3,21,3,0,18,25,46,2,134,136,182
08/25/2012,GLH,MS,ASO,CE,Federal Contract Tower,2,0,0,0,2,0,0,5,0,5,2,0,5,0,7,0,0,0,7
08/26/2012,GLH,MS,ASO,CE,Federal Contract Tower,3,0,3,0,6,0,0,13,0,13,3,0,16,0,19,2,0,2,21
08/27/2012,GLH,MS,ASO,CE,Federal Contract Tower,3,0,1,13,17,0,0,8,7,15,3,0,9,20,32,4,78,82,114
08/28/2012,GLH,MS,ASO,CE,Federal Contract Tower,4,0,2,6,12,0,0,13,1,14,4,0,15,7,26,6,68,74,100
08/29/2012,GLH,MS,ASO,CE,Federal Contract Tower,3,0,0,1,4,0,0,2,0,2,3,0,2,1,6,0,2,2,8
08/30/2012,GLH,MS,ASO,CE,Federal Contract Tower,1,0,1,0,2,0,0,0,0,0,1,0,1,0,2,0,0,0,2
08/31/2012,GLH,MS,ASO,CE,Federal Contract Tower,3,0,4,0,7,0,0,0,0,0,3,0,4,0,7,2,0,2,9
09/01/2012,GLH,MS,ASO,CE,Federal Contract Tower,2,0,5,0,7,0,0,11,0,11,2,0,16,0,18,0,0,0,18
09/02/2012,GLH,MS,ASO,CE,Federal Contract Tower,2,0,2,0,4,0,0,3,0,3,2,0,5,0,7,0,0,0,7
09/03/2012,GLH,MS,ASO,CE,Federal Contract Tower,3,0,1,0,4,0,0,11,0,11,3,0,12,0,15,0,0,0,15
09/04/2012,GLH,MS,ASO,CE,Federal Contract Tower,4,0,4,10,18,0,0,8,0,8,4,0,12,10,26,6,146,152,178
09/05/2012,GLH,MS,ASO,CE,Federal Contract Tower,4,0,6,16,26,0,0,9,5,14,4,0,15,21,40,2,148,150,190
09/06/2012,GLH,MS,ASO,CE,Federal Contract Tower,1,0,5,15,21,0,0,15,0,15,1,0,20,15,36,4,114,118,154
09/07/2012,GLH,MS,ASO,CE,Federal Contract Tower,2,0,1,7,10,0,0,21,0,21,2,0,22,7,31,2,80,82,113
09/08/2012,GLH,MS,ASO,CE,Federal Contract Tower,0,0,4,0,4,0,0,10,0,10,0,0,14,0,14,4,0,4,18
09/09/2012,GLH,MS,ASO,CE,Federal Contract Tower,3,0,3,4,10,0,0,15,0,15,3,0,18,4,25,10,28,38,63
09/10/2012,GLH,MS,ASO,CE,Federal Contract Tower,3,0,0,23,26,0,0,20,0,20,3,0,20,23,46,12,156,168,214
09/11/2012,GLH,MS,ASO,CE,Federal Contract Tower,3,0,5,9,17,0,0,21,0,21,3,0,26,9,38,2,98,100,138
09/12/2012,GLH,MS,ASO,CE,Federal Contract Tower,3,0,5,5,13,0,0,22,0,22,3,0,27,5,35,10,38,48,83
09/13/2012,GLH,MS,ASO,CE,Federal Contract Tower,5,0,5,1,11,0,0,13,2,15,5,0,18,3,26,6,8,14,40
09/14/2012,GLH,MS,ASO,CE,Federal Contract Tower,4,0,5,6,15,0,0,6,0,6,4,0,11,6,21,4,70,74,95
09/15/2012,GLH,MS,ASO,CE,Federal Contract Tower,0,0,1,0,1,0,0,7,0,7,0,0,8,0,8,2,0,2,10
09/16/2012,GLH,MS,ASO,CE,Federal Contract Tower,3,0,10,0,13,0,0,7,0,7,3,0,17,0,20,4,0,4,24
09/17/2012,GLH,MS,ASO,CE,Federal Contract Tower,3,0,3,0,6,0,0,1,0,1,3,0,4,0,7,0,0,0,7
09/18/2012,GLH,MS,ASO,CE,Federal Contract Tower,4,0,6,4,14,0,0,18,6,24,4,0,24,10,38,2,30,32,70
09/19/2012,GLH,MS,ASO,CE,Federal Contract Tower,3,0,5,7,15,0,0,23,1,24,3,0,28,8,39,14,96,110,149
09/20/2012,GLH,MS,ASO,CE,Federal Contract Tower,3,0,5,5,13,0,0,17,7,24,3,0,22,12,37,6,26,32,69
09/21/2012,GLH,MS,ASO,CE,Federal Contract Tower,3,0,3,2,8,0,0,17,0,17,3,0,20,2,25,14,28,42,67
09/22/2012,GLH,MS,ASO,CE,Federal Contract Tower,1,0,1,2,4,0,0,11,0,11,1,0,12,2,15,14,0,14,29
09/23/2012,GLH,MS,ASO,CE,Federal Contract Tower,3,0,3,0,6,0,0,9,5,14,3,0,12,5,20,0,4,4,24
09/24/2012,GLH,MS,ASO,CE,Federal Contract Tower,4,0,4,3,11,0,0,13,0,13,4,0,17,3,24,22,32,54,78
09/25/2012,GLH,MS,ASO,CE,Federal Contract Tower,3,0,4,10,17,0,0,16,0,16,3,0,20,10,33,0,128,128,161
09/26/2012,GLH,MS,ASO,CE,Federal Contract Tower,3,0,2,2,7,0,0,16,2,18,3,0,18,4,25,8,32,40,65
09/27/2012,GLH,MS,ASO,CE,Federal Contract Tower,3,0,8,6,17,0,0,21,0,21,3,0,29,6,38,26,94,120,158
09/28/2012,GLH,MS,ASO,CE,Federal Contract Tower,2,0,2,7,11,0,0,12,0,12,2,0,14,7,23,8,46,54,77
09/29/2012,GLH,MS,ASO,CE,Federal Contract Tower,0,0,1,0,1,0,0,10,0,10,0,0,11,0,11,0,0,0,11
09/30/2012,GLH,MS,ASO,CE,Federal Contract Tower,1,0,2,0,3,0,0,0,0,0,1,0,2,0,3,0,0,0,3
10/01/2012,GLH,MS,ASO,CE,Federal Contract Tower,2,0,2,0,4,0,0,4,0,4,2,0,6,0,8,0,0,0,8
10/02/2012,GLH,MS,ASO,CE,Federal Contract Tower,4,0,3,20,27,0,0,12,7,19,4,0,15,27,46,10,118,128,174
10/03/2012,GLH,MS,ASO,CE,Federal Contract Tower,5,0,3,10,18,0,0,13,19,32,5,0,16,29,50,8,144,152,202
10/04/2012,GLH,MS,ASO,CE,Federal Contract Tower,4,0,6,16,26,0,0,14,2,16,4,0,20,18,42,8,142,150,192
10/05/2012,GLH,MS,ASO,CE,Federal Contract Tower,6,0,7,15,28,0,0,20,4,24,6,0,27,19,52,4,168,172,224
10/06/2012,GLH,MS,ASO,CE,Federal Contract Tower,1,0,4,0,5,0,0,0,0,0,1,0,4,0,5,0,0,0,5
10/07/2012,GLH,MS,ASO,CE,Federal Contract Tower,3,0,9,0,12,0,0,6,1,7,3,0,15,1,19,0,34,34,53
10/08/2012,GLH,MS,ASO,CE,Federal Contract Tower,3,0,1,0,4,0,0,4,0,4,3,0,5,0,8,0,0,0,8
10/09/2012,GLH,MS,ASO,CE,Federal Contract Tower,4,0,2,14,20,0,0,15,0,15,4,0,17,14,35,4,130,134,169
10/10/2012,GLH,MS,ASO,CE,Federal Contract Tower,5,0,10,9,24,0,0,13,0,13,5,0,23,9,37,6,160,166,203
10/11/2012,GLH,MS,ASO,CE,Federal Contract Tower,4,0,10,7,21,0,0,4,0,4,4,0,14,7,25,0,66,66,91
10/12/2012,GLH,MS,ASO,CE,Federal Contract Tower,5,0,4,11,20,0,0,20,0,20,5,0,24,11,40,18,88,106,146
10/13/2012,GLH,MS,ASO,CE,Federal Contract Tower,1,0,5,0,6,0,0,2,0,2,1,0,7,0,8,0,0,0,8
10/14/2012,GLH,MS,ASO,CE,Federal Contract Tower,3,0,1,0,4,0,0,2,0,2,3,0,3,0,6,10,0,10,16
10/15/2012,GLH,MS,ASO,CE,Federal Contract Tower,5,0,6,4,15,0,0,20,2,22,5,0,26,6,37,16,66,82,119
10/16/2012,GLH,MS,ASO,CE,Federal Contract Tower,4,0,5,10,19,0,0,19,0,19,4,0,24,10,38,6,90,96,134
10/17/2012,GLH,MS,ASO,CE,Federal Contract Tower,4,0,5,9,18,0,0,9,0,9,4,0,14,9,27,0,136,136,163
10/18/2012,GLH,MS,ASO,CE,Federal Contract Tower,6,0,6,4,16,0,0,10,0,10,6,0,16,4,26,0,24,24,50
10/19/2012,GLH,MS,ASO,CE,Federal Contract Tower,5,0,7,4,16,0,0,6,0,6,5,0,13,4,22,0,66,66,88
10/20/2012,GLH,MS,ASO,CE,Federal Contract Tower,3,0,0,4,7,0,0,11,0,11,3,0,11,4,18,0,8,8,26
10/21/2012,GLH,MS,ASO,CE,Federal Contract Tower,3,0,0,5,8,0,0,6,0,6,3,0,6,5,14,2,46,48,62
10/22/2012,GLH,MS,ASO,CE,Federal Contract Tower,4,0,5,5,14,0,0,19,0,19,4,0,24,5,33,14,84,98,131
10/23/2012,GLH,MS,ASO,CE,Federal Contract Tower,4,0,11,14,29,0,0,25,4,29,4,0,36,18,58,22,178,200,258
10/24/2012,GLH,MS,ASO,CE,Federal Contract Tower,5,0,0,3,8,0,0,20,0,20,5,0,20,3,28,0,22,22,50
10/25/2012,GLH,MS,ASO,CE,Federal Contract Tower,4,0,7,8,19,0,0,16,1,17,4,0,23,9,36,14,108,122,158
10/26/2012,GLH,MS,ASO,CE,Federal Contract Tower,4,0,4,0,8,0,0,0,0,0,4,0,4,0,8,0,0,0,8
10/27/2012,GLH,MS,ASO,CE,Federal Contract Tower,5,0,5,2,12,0,0,7,19,26,5,0,12,21,38,6,10,16,54
10/28/2012,GLH,MS,ASO,CE,Federal Contract Tower,3,0,5,2,10,0,0,6,6,12,3,0,11,8,22,4,12,16,38
10/29/2012,GLH,MS,ASO,CE,Federal Contract Tower,4,0,2,7,13,0,0,8,1,9,4,0,10,8,22,6,88,94,116
10/30/2012,GLH,MS,ASO,CE,Federal Contract Tower,5,0,9,8,22,0,0,45,0,45,5,0,54,8,67,14,126,140,207
10/31/2012,GLH,MS,ASO,CE,Federal Contract Tower,4,0,2,9,15,0,0,38,0,38,4,0,40,9,53,22,58,80,133
11/01/2012,GLH,MS,ASO,CE,Federal Contract Tower,4,0,6,7,17,0,0,7,2,9,4,0,13,9,26,4,20,24,50
11/02/2012,GLH,MS,ASO,CE,Federal Contract Tower,4,0,6,5,15,0,0,14,0,14,4,0,20,5,29,16,38,54,83
11/03/2012,GLH,MS,ASO,CE,Federal Contract Tower,2,0,2,0,4,0,0,6,0,6,2,0,8,0,10,0,0,0,10
11/04/2012,GLH,MS,ASO,CE,Federal Contract Tower,5,0,2,0,7,0,0,2,0,2,5,0,4,0,9,2,0,2,11
11/05/2012,GLH,MS,ASO,CE,Federal Contract Tower,5,0,3,4,12,0,0,10,0,10,5,0,13,4,22,0,62,62,84
11/06/2012,GLH,MS,ASO,CE,Federal Contract Tower,4,0,3,16,23,0,0,10,1,11,4,0,13,17,34,0,162,162,196
11/07/2012,GLH,MS,ASO,CE,Federal Contract Tower,4,0,3,0,7,0,0,15,0,15,4,0,18,0,22,6,0,6,28
11/08/2012,GLH,MS,ASO,CE,Federal Contract Tower,4,0,1,8,13,0,0,24,0,24,4,0,25,8,37,10,66,76,113
11/09/2012,GLH,MS,ASO,CE,Federal Contract Tower,4,0,2,7,13,0,0,10,0,10,4,0,12,7,23,4,58,62,85
11/10/2012,GLH,MS,ASO,CE,Federal Contract Tower,1,0,2,0,3,0,0,2,0,2,1,0,4,0,5,0,0,0,5
11/11/2012,GLH,MS,ASO,CE,Federal Contract Tower,3,0,6,0,9,0,0,7,0,7,3,0,13,0,16,0,0,0,16
11/12/2012,GLH,MS,ASO,CE,Federal Contract Tower,6,0,0,0,6,0,0,4,0,4,6,0,4,0,10,2,0,2,12
11/13/2012,GLH,MS,ASO,CE,Federal Contract Tower,3,0,5,8,16,0,0,23,1,24,3,0,28,9,40,4,122,126,166
11/14/2012,GLH,MS,ASO,CE,Federal Contract Tower,4,0,5,4,13,0,0,27,0,27,4,0,32,4,40,26,60,86,126
11/15/2012,GLH,MS,ASO,CE,Federal Contract Tower,4,0,0,6,10,0,0,8,0,8,4,0,8,6,18,6,90,96,114
11/16/2012,GLH,MS,ASO,CE,Federal Contract Tower,4,0,5,5,14,0,0,6,2,8,4,0,11,7,22,4,36,40,62
11/17/2012,GLH,MS,ASO,CE,Federal Contract Tower,2,0,0,0,2,0,0,8,0,8,2,0,8,0,10,0,0,0,10
11/18/2012,GLH,MS,ASO,CE,Federal Contract Tower,3,0,2,0,5,0,0,2,0,2,3,0,4,0,7,2,0,2,9
11/19/2012,GLH,MS,ASO,CE,Federal Contract Tower,5,0,0,6,11,0,0,14,20,34,5,0,14,26,45,0,58,58,103
11/20/2012,GLH,MS,ASO,CE,Federal Contract Tower,4,0,3,4,11,0,0,14,0,14,4,0,17,4,25,10,74,84,109
11/21/2012,GLH,MS,ASO,CE,Federal Contract Tower,5,0,6,6,17,0,0,9,2,11,5,0,15,8,28,6,70,76,104
11/22/2012,GLH,MS,ASO,CE,Federal Contract Tower,4,0,3,0,7,0,0,3,0,3,4,0,6,0,10,0,0,0,10
11/23/2012,GLH,MS,ASO,CE,Federal Contract Tower,4,0,3,0,7,0,0,2,0,2,4,0,5,0,9,0,0,0,9
11/24/2012,GLH,MS,ASO,CE,Federal Contract Tower,1,0,5,0,6,0,0,14,0,14,1,0,19,0,20,10,0,10,30
11/25/2012,GLH,MS,ASO,CE,Federal Contract Tower,3,0,6,0,9,0,0,15,0,15,3,0,21,0,24,2,0,2,26
11/26/2012,GLH,MS,ASO,CE,Federal Contract Tower,5,0,6,3,14,0,0,2,0,2,5,0,8,3,16,0,0,0,16
11/27/2012,GLH,MS,ASO,CE,Federal Contract Tower,11,0,3,13,27,0,0,10,0,10,11,0,13,13,37,4,58,62,99
11/28/2012,GLH,MS,ASO,CE,Federal Contract Tower,4,0,9,5,18,0,0,13,0,13,4,0,22,5,31,32,16,48,79
11/29/2012,GLH,MS,ASO,CE,Federal Contract Tower,5,0,4,5,14,0,0,15,3,18,5,0,19,8,32,8,40,48,80
11/30/2012,GLH,MS,ASO,CE,Federal Contract Tower,4,0,4,9,17,0,0,17,0,17,4,0,21,9,34,20,68,88,122
12/01/2012,GLH,MS,ASO,CE,Federal Contract Tower,1,0,1,0,2,0,0,10,0,10,1,0,11,0,12,10,0,10,22
12/02/2012,GLH,MS,ASO,CE,Federal Contract Tower,3,0,7,0,10,0,0,0,0,0,3,0,7,0,10,0,0,0,10
12/03/2012,GLH,MS,ASO,CE,Federal Contract Tower,4,0,3,14,21,0,0,13,0,13,4,0,16,14,34,10,200,210,244
12/04/2012,GLH,MS,ASO,CE,Federal Contract Tower,4,0,8,1,13,0,0,4,0,4,4,0,12,1,17,0,0,0,17
12/05/2012,GLH,MS,ASO,CE,Federal Contract Tower,2,0,4,0,6,0,0,2,0,2,2,0,6,0,8,0,0,0,8
12/06/2012,GLH,MS,ASO,CE,Federal Contract Tower,4,0,13,2,19,0,0,2,0,2,4,0,15,2,21,4,0,4,25
12/07/2012,GLH,MS,ASO,CE,Federal Contract Tower,4,0,11,5,20,0,0,6,0,6,4,0,17,5,26,2,38,40,66
12/08/2012,GLH,MS,ASO,CE,Federal Contract Tower,1,0,3,0,4,0,0,0,0,0,1,0,3,0,4,0,0,0,4
12/09/2012,GLH,MS,ASO,CE,Federal Contract Tower,4,0,8,0,12,0,0,2,0,2,4,0,10,0,14,0,18,18,32
12/10/2012,GLH,MS,ASO,CE,Federal Contract Tower,3,0,5,0,8,0,0,4,0,4,3,0,9,0,12,0,0,0,12
12/11/2012,GLH,MS,ASO,CE,Federal Contract Tower,4,0,3,10,17,0,0,16,0,16,4,0,19,10,33,4,80,84,117
12/12/2012,GLH,MS,ASO,CE,Federal Contract Tower,5,0,3,0,8,0,0,26,2,28,5,0,29,2,36,46,0,46,82
12/13/2012,GLH,MS,ASO,CE,Federal Contract Tower,4,0,6,9,19,0,0,16,0,16,4,0,22,9,35,24,112,136,171
12/14/2012,GLH,MS,ASO,CE,Federal Contract Tower,4,0,2,5,11,0,0,8,0,8,4,0,10,5,19,16,24,40,59
12/15/2012,GLH,MS,ASO,CE,Federal Contract Tower,1,0,0,0,1,0,0,5,0,5,1,0,5,0,6,0,0,0,6
12/16/2012,GLH,MS,ASO,CE,Federal Contract Tower,4,0,4,0,8,0,0,0,0,0,4,0,4,0,8,0,0,0,8
12/17/2012,GLH,MS,ASO,CE,Federal Contract Tower,4,0,2,3,9,0,0,8,3,11,4,0,10,6,20,2,60,62,82
12/18/2012,GLH,MS,ASO,CE,Federal Contract Tower,5,0,2,6,13,0,0,6,0,6,5,0,8,6,19,8,88,96,115
12/19/2012,GLH,MS,ASO,CE,Federal Contract Tower,4,0,3,6,13,0,0,19,0,19,4,0,22,6,32,2,146,148,180
12/20/2012,GLH,MS,ASO,CE,Federal Contract Tower,2,0,1,0,3,0,0,1,2,3,2,0,2,2,6,0,0,0,6
12/21/2012,GLH,MS,ASO,CE,Federal Contract Tower,4,0,6,0,10,0,0,2,0,2,4,0,8,0,12,0,34,34,46
12/22/2012,GLH,MS,ASO,CE,Federal Contract Tower,1,0,0,0,1,0,0,7,0,7,1,0,7,0,8,0,0,0,8
12/23/2012,GLH,MS,ASO,CE,Federal Contract Tower,3,0,7,0,10,0,0,2,0,2,3,0,9,0,12,0,0,0,12
12/24/2012,GLH,MS,ASO,CE,Federal Contract Tower,4,0,1,0,5,0,0,4,0,4,4,0,5,0,9,0,0,0,9
12/25/2012,GLH,MS,ASO,CE,Federal Contract Tower,0,0,0,0,0,0,0,0,0,0,0,0,0,0,0,0,0,0,0
12/26/2012,GLH,MS,ASO,CE,Federal Contract Tower,2,0,6,0,8,0,0,0,0,0,2,0,6,0,8,0,0,0,8
12/27/2012,GLH,MS,ASO,CE,Federal Contract Tower,4,0,2,0,6,0,0,13,0,13,4,0,15,0,19,2,0,2,21
12/28/2012,GLH,MS,ASO,CE,Federal Contract Tower,4,0,3,0,7,0,0,0,0,0,4,0,3,0,7,0,0,0,7
12/29/2012,GLH,MS,ASO,CE,Federal Contract Tower,1,0,4,0,5,0,0,10,0,10,1,0,14,0,15,4,0,4,19
12/30/2012,GLH,MS,ASO,CE,Federal Contract Tower,3,0,3,0,6,0,0,9,0,9,3,0,12,0,15,4,0,4,19
12/31/2012,GLH,MS,ASO,CE,Federal Contract Tower,4,0,4,0,8,0,0,0,0,0,4,0,4,0,8,0,0,0,8
01/01/2013,GLH,MS,ASO,CE,Federal Contract Tower,0,0,0,0,0,0,0,0,0,0,0,0,0,0,0,0,0,0,0
01/02/2013,GLH,MS,ASO,CE,Federal Contract Tower,4,0,0,7,11,0,0,1,0,1,4,0,1,7,12,0,42,42,54
01/03/2013,GLH,MS,ASO,CE,Federal Contract Tower,3,0,3,11,17,0,0,10,0,10,3,0,13,11,27,2,118,120,147
01/04/2013,GLH,MS,ASO,CE,Federal Contract Tower,4,0,4,8,16,0,0,11,0,11,4,0,15,8,27,8,78,86,113
01/05/2013,GLH,MS,ASO,CE,Federal Contract Tower,1,0,3,0,4,0,0,1,0,1,1,0,4,0,5,0,0,0,5
01/06/2013,GLH,MS,ASO,CE,Federal Contract Tower,2,0,4,0,6,0,0,5,0,5,2,0,9,0,11,4,0,4,15
01/07/2013,GLH,MS,ASO,CE,Federal Contract Tower,7,0,3,7,17,0,0,24,0,24,7,0,27,7,41,4,56,60,101
01/08/2013,GLH,MS,ASO,CE,Federal Contract Tower,4,0,5,2,11,0,0,45,0,45,4,0,50,2,56,32,26,58,114
01/09/2013,GLH,MS,ASO,CE,Federal Contract Tower,4,0,3,0,7,0,0,0,0,0,4,0,3,0,7,0,0,0,7
01/10/2013,GLH,MS,ASO,CE,Federal Contract Tower,3,0,0,0,3,0,0,0,0,0,3,0,0,0,3,0,0,0,3
01/11/2013,GLH,MS,ASO,CE,Federal Contract Tower,4,0,8,12,24,0,0,10,16,26,4,0,18,28,50,10,126,136,186
01/12/2013,GLH,MS,ASO,CE,Federal Contract Tower,2,0,0,0,2,0,0,2,0,2,2,0,2,0,4,4,0,4,8
01/13/2013,GLH,MS,ASO,CE,Federal Contract Tower,3,0,2,0,5,0,0,0,0,0,3,0,2,0,5,0,0,0,5
01/14/2013,GLH,MS,ASO,CE,Federal Contract Tower,0,0,0,0,0,0,0,0,0,0,0,0,0,0,0,0,0,0,0
01/15/2013,GLH,MS,ASO,CE,Federal Contract Tower,0,0,2,0,2,0,0,0,0,0,0,0,2,0,2,0,0,0,2
01/16/2013,GLH,MS,ASO,CE,Federal Contract Tower,6,0,2,0,8,0,0,0,0,0,6,0,2,0,8,0,0,0,8
01/17/2013,GLH,MS,ASO,CE,Federal Contract Tower,5,0,5,8,18,0,0,5,0,5,5,0,10,8,23,4,76,80,103
01/18/2013,GLH,MS,ASO,CE,Federal Contract Tower,4,0,5,6,15,0,0,19,1,20,4,0,24,7,35,2,56,58,93
01/19/2013,GLH,MS,ASO,CE,Federal Contract Tower,3,0,1,0,4,0,0,7,1,8,3,0,8,1,12,10,0,10,22
01/20/2013,GLH,MS,ASO,CE,Federal Contract Tower,3,0,0,0,3,0,0,14,0,14,3,0,14,0,17,10,0,10,27
01/21/2013,GLH,MS,ASO,CE,Federal Contract Tower,5,0,1,0,6,0,0,18,0,18,5,0,19,0,24,4,0,4,28
01/22/2013,GLH,MS,ASO,CE,Federal Contract Tower,4,0,3,4,11,0,0,10,0,10,4,0,13,4,21,10,70,80,101
01/23/2013,GLH,MS,ASO,CE,Federal Contract Tower,4,0,3,10,17,0,0,24,0,24,4,0,27,10,41,32,88,120,161
01/24/2013,GLH,MS,ASO,CE,Federal Contract Tower,3,0,6,18,27,0,0,4,0,4,3,0,10,18,31,10,70,80,111
01/25/2013,GLH,MS,ASO,CE,Federal Contract Tower,2,0,7,1,10,0,0,0,0,0,2,0,7,1,10,0,2,2,12
01/26/2013,GLH,MS,ASO,CE,Federal Contract Tower,0,0,7,0,7,0,0,4,0,4,0,0,11,0,11,0,0,0,11
01/27/2013,GLH,MS,ASO,CE,Federal Contract Tower,4,0,1,2,7,0,0,4,0,4,4,0,5,2,11,0,50,50,61
01/28/2013,GLH,MS,ASO,CE,Federal Contract Tower,5,0,2,14,21,0,0,3,4,7,5,0,5,18,28,0,210,210,238
01/29/2013,GLH,MS,ASO,CE,Federal Contract Tower,5,0,2,15,22,0,0,0,0,0,5,0,2,15,22,0,72,72,94
01/30/2013,GLH,MS,ASO,CE,Federal Contract Tower,3,0,0,2,5,0,0,0,6,6,3,0,0,8,11,0,16,16,27
01/31/2013,GLH,MS,ASO,CE,Federal Contract Tower,5,0,3,9,17,0,0,14,0,14,5,0,17,9,31,16,98,114,145
02/01/2013,GLH,MS,ASO,CE,Federal Contract Tower,4,0,2,8,14,0,0,16,0,16,4,0,18,8,30,8,96,104,134
02/02/2013,GLH,MS,ASO,CE,Federal Contract Tower,2,0,2,7,11,0,0,27,0,27,2,0,29,7,38,8,100,108,146
02/03/2013,GLH,MS,ASO,CE,Federal Contract Tower,3,0,3,0,6,0,0,16,0,16,3,0,19,0,22,0,0,0,22
02/04/2013,GLH,MS,ASO,CE,Federal Contract Tower,4,0,2,9,15,0,0,16,0,16,4,0,18,9,31,4,146,150,181
02/05/2013,GLH,MS,ASO,CE,Federal Contract Tower,4,0,7,6,17,0,0,29,2,31,4,0,36,8,48,0,80,80,128
02/06/2013,GLH,MS,ASO,CE,Federal Contract Tower,4,0,3,6,13,0,0,13,0,13,4,0,16,6,26,2,30,32,58
02/07/2013,GLH,MS,ASO,CE,Federal Contract Tower,2,0,1,13,16,0,0,2,0,2,2,0,3,13,18,4,70,74,92
02/08/2013,GLH,MS,ASO,CE,Federal Contract Tower,5,0,2,11,18,0,0,0,0,0,5,0,2,11,18,0,70,70,88
02/09/2013,GLH,MS,ASO,CE,Federal Contract Tower,1,0,3,0,4,0,0,5,0,5,1,0,8,0,9,4,0,4,13
02/10/2013,GLH,MS,ASO,CE,Federal Contract Tower,1,0,2,0,3,0,0,0,0,0,1,0,2,0,3,0,0,0,3
02/11/2013,GLH,MS,ASO,CE,Federal Contract Tower,4,0,0,3,7,0,0,9,0,9,4,0,9,3,16,8,66,74,90
02/12/2013,GLH,MS,ASO,CE,Federal Contract Tower,4,0,3,0,7,0,0,4,0,4,4,0,7,0,11,0,0,0,11
02/13/2013,GLH,MS,ASO,CE,Federal Contract Tower,4,0,5,3,12,0,0,5,0,5,4,0,10,3,17,6,30,36,53
02/14/2013,GLH,MS,ASO,CE,Federal Contract Tower,2,0,2,6,10,0,0,28,0,28,2,0,30,6,38,26,54,80,118
02/15/2013,GLH,MS,ASO,CE,Federal Contract Tower,5,0,8,4,17,0,0,14,0,14,5,0,22,4,31,6,84,90,121
02/16/2013,GLH,MS,ASO,CE,Federal Contract Tower,1,0,2,0,3,0,0,2,0,2,1,0,4,0,5,2,0,2,7
02/17/2013,GLH,MS,ASO,CE,Federal Contract Tower,3,0,11,0,14,0,0,10,0,10,3,0,21,0,24,2,0,2,26
02/18/2013,GLH,MS,ASO,CE,Federal Contract Tower,2,0,4,0,6,0,0,2,0,2,2,0,6,0,8,0,0,0,8
02/19/2013,GLH,MS,ASO,CE,Federal Contract Tower,4,0,5,6,15,0,0,8,0,8,4,0,13,6,23,2,90,92,115
02/20/2013,GLH,MS,ASO,CE,Federal Contract Tower,4,0,8,4,16,0,0,8,0,8,4,0,16,4,24,2,22,24,48
02/21/2013,GLH,MS,ASO,CE,Federal Contract Tower,4,0,0,0,4,0,0,0,0,0,4,0,0,0,4,0,0,0,4
02/22/2013,GLH,MS,ASO,CE,Federal Contract Tower,4,0,9,6,19,0,0,1,0,1,4,0,10,6,20,0,52,52,72
02/23/2013,GLH,MS,ASO,CE,Federal Contract Tower,1,0,1,5,7,0,0,5,0,5,1,0,6,5,12,10,76,86,98
02/24/2013,GLH,MS,ASO,CE,Federal Contract Tower,3,0,1,0,4,0,0,8,0,8,3,0,9,0,12,6,0,6,18
02/25/2013,GLH,MS,ASO,CE,Federal Contract Tower,4,0,9,0,13,0,0,4,0,4,4,0,13,0,17,0,0,0,17
02/26/2013,GLH,MS,ASO,CE,Federal Contract Tower,4,0,4,0,8,0,0,0,0,0,4,0,4,0,8,0,0,0,8
02/27/2013,GLH,MS,ASO,CE,Federal Contract Tower,8,0,8,6,22,0,0,12,0,12,8,0,20,6,34,18,54,72,106
02/28/2013,GLH,MS,ASO,CE,Federal Contract Tower,4,0,1,4,9,0,0,17,0,17,4,0,18,4,26,20,42,62,88
03/01/2013,GLH,MS,ASO,CE,Federal Contract Tower,3,0,2,7,12,0,0,18,0,18,3,0,20,7,30,0,66,66,96
03/02/2013,GLH,MS,ASO,CE,Federal Contract Tower,1,0,3,0,4,0,0,5,0,5,1,0,8,0,9,2,0,2,11
03/03/2013,GLH,MS,ASO,CE,Federal Contract Tower,3,0,2,0,5,0,0,6,0,6,3,0,8,0,11,0,0,0,11
03/04/2013,GLH,MS,ASO,CE,Federal Contract Tower,4,0,0,6,10,0,0,13,0,13,4,0,13,6,23,0,64,64,87
03/05/2013,GLH,MS,ASO,CE,Federal Contract Tower,4,0,0,6,10,0,0,13,0,13,4,0,13,6,23,4,98,102,125
03/06/2013,GLH,MS,ASO,CE,Federal Contract Tower,6,0,3,3,12,0,0,44,0,44,6,0,47,3,56,24,10,34,90
03/07/2013,GLH,MS,ASO,CE,Federal Contract Tower,4,0,3,10,17,0,0,33,0,33,4,0,36,10,50,26,126,152,202
03/08/2013,GLH,MS,ASO,CE,Federal Contract Tower,4,0,3,10,17,0,0,47,0,47,4,0,50,10,64,26,46,72,136
03/09/2013,GLH,MS,ASO,CE,Federal Contract Tower,1,0,2,5,8,0,0,14,0,14,1,0,16,5,22,8,62,70,92
03/10/2013,GLH,MS,ASO,CE,Federal Contract Tower,3,0,2,0,5,0,0,2,0,2,3,0,4,0,7,0,0,0,7
03/11/2013,GLH,MS,ASO,CE,Federal Contract Tower,2,0,4,11,17,0,0,16,0,16,2,0,20,11,33,0,168,168,201
03/12/2013,GLH,MS,ASO,CE,Federal Contract Tower,4,0,3,4,11,0,0,52,0,52,4,0,55,4,63,6,38,44,107
03/13/2013,GLH,MS,ASO,CE,Federal Contract Tower,4,0,7,8,19,0,0,16,0,16,4,0,23,8,35,4,96,100,135
03/14/2013,GLH,MS,ASO,CE,Federal Contract Tower,5,0,10,5,20,0,0,24,3,27,5,0,34,8,47,0,50,50,97
03/15/2013,GLH,MS,ASO,CE,Federal Contract Tower,4,0,4,9,17,0,0,17,0,17,4,0,21,9,34,0,92,92,126
03/16/2013,GLH,MS,ASO,CE,Federal Contract Tower,1,0,0,0,1,0,0,6,0,6,1,0,6,0,7,2,0,2,9
03/17/2013,GLH,MS,ASO,CE,Federal Contract Tower,3,0,4,0,7,0,0,6,0,6,3,0,10,0,13,16,0,16,29
03/18/2013,GLH,MS,ASO,CE,Federal Contract Tower,4,0,2,0,6,0,0,24,0,24,4,0,26,0,30,2,0,2,32
03/19/2013,GLH,MS,ASO,CE,Federal Contract Tower,4,0,6,8,18,0,0,54,4,58,4,0,60,12,76,8,110,118,194
03/20/2013,GLH,MS,ASO,CE,Federal Contract Tower,4,0,6,11,21,0,0,31,0,31,4,0,37,11,52,4,132,136,188
03/21/2013,GLH,MS,ASO,CE,Federal Contract Tower,4,0,6,10,20,0,0,25,0,25,4,0,31,10,45,18,86,104,149
03/22/2013,GLH,MS,ASO,CE,Federal Contract Tower,4,0,2,0,6,0,0,0,0,0,4,0,2,0,6,0,0,0,6
03/23/2013,GLH,MS,ASO,CE,Federal Contract Tower,1,0,2,0,3,0,0,0,0,0,1,0,2,0,3,0,0,0,3
03/24/2013,GLH,MS,ASO,CE,Federal Contract Tower,3,0,2,0,5,0,0,1,0,1,3,0,3,0,6,6,0,6,12
03/25/2013,GLH,MS,ASO,CE,Federal Contract Tower,2,0,7,8,17,0,0,22,0,22,2,0,29,8,39,10,92,102,141
03/26/2013,GLH,MS,ASO,CE,Federal Contract Tower,4,0,1,7,12,0,0,35,0,35,4,0,36,7,47,20,52,72,119
03/27/2013,GLH,MS,ASO,CE,Federal Contract Tower,4,0,3,5,12,0,0,66,0,66,4,0,69,5,78,48,80,128,206
03/28/2013,GLH,MS,ASO,CE,Federal Contract Tower,4,0,4,2,10,0,0,27,0,27,4,0,31,2,37,112,22,134,171
03/29/2013,GLH,MS,ASO,CE,Federal Contract Tower,5,0,5,6,16,0,0,14,0,14,5,0,19,6,30,24,72,96,126
03/30/2013,GLH,MS,ASO,CE,Federal Contract Tower,1,0,2,0,3,0,0,1,0,1,1,0,3,0,4,0,0,0,4
03/31/2013,GLH,MS,ASO,CE,Federal Contract Tower,3,0,0,0,3,0,0,2,0,2,3,0,2,0,5,0,0,0,5
04/01/2013,GLH,MS,ASO,CE,Federal Contract Tower,5,0,5,8,18,0,0,19,2,21,5,0,24,10,39,36,54,90,129
04/02/2013,GLH,MS,ASO,CE,Federal Contract Tower,4,0,0,11,15,0,0,21,0,21,4,0,21,11,36,16,98,114,150
04/03/2013,GLH,MS,ASO,CE,Federal Contract Tower,2,0,4,3,9,0,0,2,0,2,2,0,6,3,11,6,6,12,23
04/04/2013,GLH,MS,ASO,CE,Federal Contract Tower,4,0,6,1,11,0,0,1,0,1,4,0,7,1,12,0,4,4,16
04/05/2013,GLH,MS,ASO,CE,Federal Contract Tower,4,0,4,18,26,0,0,20,0,20,4,0,24,18,46,16,86,102,148
04/06/2013,GLH,MS,ASO,CE,Federal Contract Tower,1,0,1,0,2,0,0,12,0,12,1,0,13,0,14,16,0,16,30
04/07/2013,GLH,MS,ASO,CE,Federal Contract Tower,3,0,7,2,12,0,0,9,0,9,3,0,16,2,21,2,0,2,23
04/08/2013,GLH,MS,ASO,CE,Federal Contract Tower,4,0,6,8,18,0,0,30,0,30,4,0,36,8,48,28,114,142,190
04/09/2013,GLH,MS,ASO,CE,Federal Contract Tower,4,0,4,3,11,0,0,14,2,16,4,0,18,5,27,12,24,36,63
04/10/2013,GLH,MS,ASO,CE,Federal Contract Tower,4,0,5,6,15,0,0,10,0,10,4,0,15,6,25,0,44,44,69
04/11/2013,GLH,MS,ASO,CE,Federal Contract Tower,1,0,0,0,1,0,0,1,0,1,1,0,1,0,2,0,0,0,2
04/12/2013,GLH,MS,ASO,CE,Federal Contract Tower,4,0,4,10,18,0,0,15,0,15,4,0,19,10,33,16,64,80,113
04/13/2013,GLH,MS,ASO,CE,Federal Contract Tower,1,0,2,0,3,0,0,6,0,6,1,0,8,0,9,0,0,0,9
04/14/2013,GLH,MS,ASO,CE,Federal Contract Tower,3,0,1,0,4,0,0,6,0,6,3,0,7,0,10,0,0,0,10
04/15/2013,GLH,MS,ASO,CE,Federal Contract Tower,4,0,3,9,16,0,0,36,0,36,4,0,39,9,52,26,74,100,152
04/16/2013,GLH,MS,ASO,CE,Federal Contract Tower,4,0,8,5,17,0,0,27,0,27,4,0,35,5,44,24,26,50,94
04/17/2013,GLH,MS,ASO,CE,Federal Contract Tower,4,0,1,18,23,0,0,14,0,14,4,0,15,18,37,16,110,126,163
04/18/2013,GLH,MS,ASO,CE,Federal Contract Tower,5,0,3,11,19,0,0,3,0,3,5,0,6,11,22,0,28,28,50
04/19/2013,GLH,MS,ASO,CE,Federal Contract Tower,4,0,2,2,8,0,0,11,14,25,4,0,13,16,33,16,34,50,83
04/20/2013,GLH,MS,ASO,CE,Federal Contract Tower,3,0,2,0,5,0,0,6,0,6,3,0,8,0,11,2,0,2,13
04/21/2013,GLH,MS,ASO,CE,Federal Contract Tower,3,0,2,1,6,0,0,7,1,8,3,0,9,2,14,4,0,4,18
04/22/2013,GLH,MS,ASO,CE,Federal Contract Tower,4,0,1,6,11,0,0,36,0,36,4,0,37,6,47,14,84,98,145
04/23/2013,GLH,MS,ASO,CE,Federal Contract Tower,4,0,6,6,16,0,0,7,0,7,4,0,13,6,23,8,60,68,91
04/24/2013,GLH,MS,ASO,CE,Federal Contract Tower,4,0,2,6,12,0,0,12,0,12,4,0,14,6,24,2,26,28,52
04/25/2013,GLH,MS,ASO,CE,Federal Contract Tower,4,0,5,10,19,0,0,10,0,10,4,0,15,10,29,18,78,96,125
04/26/2013,GLH,MS,ASO,CE,Federal Contract Tower,4,0,1,6,11,0,0,16,0,16,4,0,17,6,27,36,78,114,141
04/27/2013,GLH,MS,ASO,CE,Federal Contract Tower,1,0,2,0,3,0,0,9,0,9,1,0,11,0,12,16,0,16,28
04/28/2013,GLH,MS,ASO,CE,Federal Contract Tower,3,0,1,0,4,0,0,2,0,2,3,0,3,0,6,0,0,0,6
04/29/2013,GLH,MS,ASO,CE,Federal Contract Tower,4,0,1,10,15,0,0,13,0,13,4,0,14,10,28,6,54,60,88
04/30/2013,GLH,MS,ASO,CE,Federal Contract Tower,4,0,8,16,28,0,0,47,1,48,4,0,55,17,76,22,146,168,244
05/01/2013,GLH,MS,ASO,CE,Federal Contract Tower,4,0,1,2,7,0,0,2,0,2,4,0,3,2,9,0,8,8,17
05/02/2013,GLH,MS,ASO,CE,Federal Contract Tower,4,0,4,2,10,0,0,0,0,0,4,0,4,2,10,0,0,0,10
05/03/2013,GLH,MS,ASO,CE,Federal Contract Tower,5,0,2,0,7,0,0,1,0,1,5,0,3,0,8,0,0,0,8
05/04/2013,GLH,MS,ASO,CE,Federal Contract Tower,0,0,4,0,4,0,0,3,0,3,0,0,7,0,7,4,0,4,11
05/05/2013,GLH,MS,ASO,CE,Federal Contract Tower,1,0,2,0,3,0,0,2,0,2,1,0,4,0,5,0,0,0,5
05/06/2013,GLH,MS,ASO,CE,Federal Contract Tower,4,0,4,13,21,0,0,6,0,6,4,0,10,13,27,10,132,142,169
05/07/2013,GLH,MS,ASO,CE,Federal Contract Tower,5,0,4,8,17,0,0,24,0,24,5,0,28,8,41,14,110,124,165
05/08/2013,GLH,MS,ASO,CE,Federal Contract Tower,4,0,0,2,6,0,0,28,2,30,4,0,28,4,36,22,44,66,102
05/09/2013,GLH,MS,ASO,CE,Federal Contract Tower,5,0,2,13,20,0,0,17,0,17,5,0,19,13,37,24,64,88,125
05/10/2013,GLH,MS,ASO,CE,Federal Contract Tower,2,0,6,10,18,0,0,22,0,22,2,0,28,10,40,0,36,36,76
05/11/2013,GLH,MS,ASO,CE,Federal Contract Tower,1,0,3,0,4,0,0,9,0,9,1,0,12,0,13,0,0,0,13
05/12/2013,GLH,MS,ASO,CE,Federal Contract Tower,3,0,2,0,5,0,0,15,0,15,3,0,17,0,20,0,0,0,20
05/13/2013,GLH,MS,ASO,CE,Federal Contract Tower,4,0,0,2,6,0,0,21,0,21,4,0,21,2,27,14,48,62,89
05/14/2013,GLH,MS,ASO,CE,Federal Contract Tower,4,0,1,7,12,0,0,6,0,6,4,0,7,7,18,3,88,91,109
05/15/2013,GLH,MS,ASO,CE,Federal Contract Tower,4,0,3,10,17,0,0,71,0,71,4,0,74,10,88,4,138,142,230
05/16/2013,GLH,MS,ASO,CE,Federal Contract Tower,4,0,11,6,21,0,0,13,0,13,4,0,24,6,34,2,56,58,92
05/17/2013,GLH,MS,ASO,CE,Federal Contract Tower,4,0,2,4,10,0,0,4,0,4,4,0,6,4,14,0,20,20,34
05/18/2013,GLH,MS,ASO,CE,Federal Contract Tower,1,0,2,0,3,0,0,10,0,10,1,0,12,0,13,0,0,0,13
05/19/2013,GLH,MS,ASO,CE,Federal Contract Tower,3,0,2,0,5,0,0,8,0,8,3,0,10,0,13,0,0,0,13
05/20/2013,GLH,MS,ASO,CE,Federal Contract Tower,4,0,2,12,18,0,0,9,0,9,4,0,11,12,27,0,118,118,145
05/21/2013,GLH,MS,ASO,CE,Federal Contract Tower,4,0,3,2,9,0,0,37,5,42,4,0,40,7,51,0,38,38,89
05/22/2013,GLH,MS,ASO,CE,Federal Contract Tower,6,0,6,13,25,0,0,35,1,36,6,0,41,14,61,0,164,164,225
05/23/2013,GLH,MS,ASO,CE,Federal Contract Tower,4,0,2,20,26,0,0,15,0,15,4,0,17,20,41,6,200,206,247
05/24/2013,GLH,MS,ASO,CE,Federal Contract Tower,4,0,3,0,7,0,0,39,0,39,4,0,42,0,46,8,0,8,54
05/25/2013,GLH,MS,ASO,CE,Federal Contract Tower,1,0,0,0,1,0,0,11,0,11,1,0,11,0,12,0,0,0,12
05/26/2013,GLH,MS,ASO,CE,Federal Contract Tower,3,0,0,0,3,0,0,14,30,44,3,0,14,30,47,0,0,0,47
05/27/2013,GLH,MS,ASO,CE,Federal Contract Tower,4,0,4,0,8,0,0,8,0,8,4,0,12,0,16,0,0,0,16
05/28/2013,GLH,MS,ASO,CE,Federal Contract Tower,4,0,3,11,18,0,0,21,1,22,4,0,24,12,40,20,150,170,210
05/29/2013,GLH,MS,ASO,CE,Federal Contract Tower,4,0,1,6,11,0,0,50,0,50,4,0,51,6,61,0,68,68,129
05/30/2013,GLH,MS,ASO,CE,Federal Contract Tower,4,0,5,3,12,0,0,43,0,43,4,0,48,3,55,0,20,20,75
05/31/2013,GLH,MS,ASO,CE,Federal Contract Tower,4,0,5,2,11,0,0,49,0,49,4,0,54,2,60,0,24,24,84
06/01/2013,GLH,MS,ASO,CE,Federal Contract Tower,1,0,0,0,1,0,0,3,0,3,1,0,3,0,4,0,0,0,4
06/02/2013,GLH,MS,ASO,CE,Federal Contract Tower,3,0,10,0,13,0,0,2,0,2,3,0,12,0,15,4,0,4,19
06/03/2013,GLH,MS,ASO,CE,Federal Contract Tower,4,0,0,6,10,0,0,22,2,24,4,0,22,8,34,20,120,140,174
06/04/2013,GLH,MS,ASO,CE,Federal Contract Tower,5,0,10,10,25,0,0,13,1,14,5,0,23,11,39,4,98,102,141
06/05/2013,GLH,MS,ASO,CE,Federal Contract Tower,3,0,3,4,10,0,0,28,0,28,3,0,31,4,38,0,92,92,130
06/06/2013,GLH,MS,ASO,CE,Federal Contract Tower,5,0,7,0,12,0,0,9,0,9,5,0,16,0,21,0,0,0,21
06/07/2013,GLH,MS,ASO,CE,Federal Contract Tower,5,0,7,15,27,0,0,19,7,26,5,0,26,22,53,0,214,214,267
06/08/2013,GLH,MS,ASO,CE,Federal Contract Tower,1,0,0,0,1,0,0,15,0,15,1,0,15,0,16,6,0,6,22
06/09/2013,GLH,MS,ASO,CE,Federal Contract Tower,3,0,6,4,13,0,0,6,2,8,3,0,12,6,21,0,40,40,61
06/10/2013,GLH,MS,ASO,CE,Federal Contract Tower,4,0,5,8,17,0,0,13,0,13,4,0,18,8,30,12,140,152,182
06/11/2013,GLH,MS,ASO,CE,Federal Contract Tower,4,0,2,6,12,0,0,23,0,23,4,0,25,6,35,20,86,106,141
06/12/2013,GLH,MS,ASO,CE,Federal Contract Tower,4,0,4,6,14,0,0,63,7,70,4,0,67,13,84,6,74,80,164
06/13/2013,GLH,MS,ASO,CE,Federal Contract Tower,3,1,2,4,10,0,0,7,0,7,3,1,9,4,17,6,58,64,81
06/14/2013,GLH,MS,ASO,CE,Federal Contract Tower,3,0,9,11,23,0,0,13,0,13,3,0,22,11,36,4,112,116,152
06/15/2013,GLH,MS,ASO,CE,Federal Contract Tower,1,0,0,0,1,0,0,6,0,6,1,0,6,0,7,0,0,0,7
06/16/2013,GLH,MS,ASO,CE,Federal Contract Tower,3,0,3,3,9,0,0,3,1,4,3,0,6,4,13,0,0,0,13
06/17/2013,GLH,MS,ASO,CE,Federal Contract Tower,4,0,3,2,9,0,0,12,3,15,4,0,15,5,24,2,4,6,30
06/18/2013,GLH,MS,ASO,CE,Federal Contract Tower,6,0,5,11,22,0,0,8,5,13,6,0,13,16,35,0,120,120,155
06/19/2013,GLH,MS,ASO,CE,Federal Contract Tower,7,0,2,8,17,0,0,17,2,19,7,0,19,10,36,8,122,130,166
06/20/2013,GLH,MS,ASO,CE,Federal Contract Tower,4,0,4,10,18,0,0,29,4,33,4,0,33,14,51,6,120,126,177
06/21/2013,GLH,MS,ASO,CE,Federal Contract Tower,4,0,6,10,20,0,0,15,0,15,4,0,21,10,35,16,102,118,153
06/22/2013,GLH,MS,ASO,CE,Federal Contract Tower,1,0,3,0,4,0,0,36,0,36,1,0,39,0,40,12,0,12,52
06/23/2013,GLH,MS,ASO,CE,Federal Contract Tower,1,0,6,0,7,0,0,7,0,7,1,0,13,0,14,0,0,0,14
06/24/2013,GLH,MS,ASO,CE,Federal Contract Tower,5,0,4,16,25,0,0,61,0,61,5,0,65,16,86,4,198,202,288
06/25/2013,GLH,MS,ASO,CE,Federal Contract Tower,4,0,5,19,28,0,0,12,0,12,4,0,17,19,40,2,168,170,210
06/26/2013,GLH,MS,ASO,CE,Federal Contract Tower,2,0,6,17,25,0,0,12,0,12,2,0,18,17,37,0,178,178,215
06/27/2013,GLH,MS,ASO,CE,Federal Contract Tower,4,0,4,11,19,0,0,3,0,3,4,0,7,11,22,6,164,170,192
06/28/2013,GLH,MS,ASO,CE,Federal Contract Tower,4,0,10,10,24,0,0,6,0,6,4,0,16,10,30,6,114,120,150
06/29/2013,GLH,MS,ASO,CE,Federal Contract Tower,1,0,0,0,1,0,0,6,0,6,1,0,6,0,7,0,0,0,7
06/30/2013,GLH,MS,ASO,CE,Federal Contract Tower,2,0,2,3,7,0,0,8,0,8,2,0,10,3,15,2,30,32,47
07/01/2013,GLH,MS,ASO,CE,Federal Contract Tower,7,0,3,8,18,0,0,13,0,13,7,0,16,8,31,4,108,112,143
07/02/2013,GLH,MS,ASO,CE,Federal Contract Tower,3,0,4,9,16,0,0,13,0,13,3,0,17,9,29,20,46,66,95
07/03/2013,GLH,MS,ASO,CE,Federal Contract Tower,4,0,12,6,22,0,0,22,0,22,4,0,34,6,44,4,100,104,148
07/04/2013,GLH,MS,ASO,CE,Federal Contract Tower,4,0,2,0,6,0,0,6,0,6,4,0,8,0,12,0,0,0,12
07/05/2013,GLH,MS,ASO,CE,Federal Contract Tower,4,0,3,0,7,0,0,10,0,10,4,0,13,0,17,0,0,0,17
07/06/2013,GLH,MS,ASO,CE,Federal Contract Tower,2,0,0,0,2,0,0,0,0,0,2,0,0,0,2,0,0,0,2
07/07/2013,GLH,MS,ASO,CE,Federal Contract Tower,2,0,3,0,5,0,0,8,0,8,2,0,11,0,13,0,0,0,13
07/08/2013,GLH,MS,ASO,CE,Federal Contract Tower,2,0,6,13,21,0,0,9,0,9,2,0,15,13,30,8,154,162,192
07/09/2013,GLH,MS,ASO,CE,Federal Contract Tower,4,0,3,11,18,0,0,13,0,13,4,0,16,11,31,0,126,126,157
07/10/2013,GLH,MS,ASO,CE,Federal Contract Tower,4,0,3,9,16,0,0,15,0,15,4,0,18,9,31,6,150,156,187
07/11/2013,GLH,MS,ASO,CE,Federal Contract Tower,4,0,2,7,13,0,0,28,0,28,4,0,30,7,41,0,122,122,163
07/12/2013,GLH,MS,ASO,CE,Federal Contract Tower,4,0,0,8,12,0,0,13,0,13,4,0,13,8,25,8,116,124,149
07/13/2013,GLH,MS,ASO,CE,Federal Contract Tower,2,0,0,0,2,0,0,11,0,11,2,0,11,0,13,0,0,0,13
07/14/2013,GLH,MS,ASO,CE,Federal Contract Tower,2,0,0,4,6,0,0,3,0,3,2,0,3,4,9,8,42,50,59
07/15/2013,GLH,MS,ASO,CE,Federal Contract Tower,4,0,10,6,20,0,0,14,0,14,4,0,24,6,34,8,106,114,148
07/16/2013,GLH,MS,ASO,CE,Federal Contract Tower,4,0,4,2,10,0,0,15,0,15,4,0,19,2,25,12,38,50,75
07/17/2013,GLH,MS,ASO,CE,Federal Contract Tower,4,0,6,8,18,0,0,22,0,22,4,0,28,8,40,10,188,198,238
07/18/2013,GLH,MS,ASO,CE,Federal Contract Tower,2,0,6,4,12,0,0,6,0,6,2,0,12,4,18,4,108,112,130
07/19/2013,GLH,MS,ASO,CE,Federal Contract Tower,4,0,1,5,10,0,0,25,3,28,4,0,26,8,38,0,12,12,50
07/20/2013,GLH,MS,ASO,CE,Federal Contract Tower,2,0,0,2,4,0,0,13,0,13,2,0,13,2,17,2,46,48,65
07/21/2013,GLH,MS,ASO,CE,Federal Contract Tower,2,0,1,8,11,0,0,6,0,6,2,0,7,8,17,0,86,86,103
07/22/2013,GLH,MS,ASO,CE,Federal Contract Tower,4,0,0,9,13,0,0,6,4,10,4,0,6,13,23,0,38,38,61
07/23/2013,GLH,MS,ASO,CE,Federal Contract Tower,4,0,4,7,15,0,0,16,0,16,4,0,20,7,31,0,60,60,91
07/24/2013,GLH,MS,ASO,CE,Federal Contract Tower,4,0,3,4,11,0,0,6,0,6,4,0,9,4,17,2,20,22,39
07/25/2013,GLH,MS,ASO,CE,Federal Contract Tower,4,0,4,6,14,0,0,19,0,19,4,0,23,6,33,2,120,122,155
07/26/2013,GLH,MS,ASO,CE,Federal Contract Tower,4,0,2,4,10,0,0,9,0,9,4,0,11,4,19,12,12,24,43
07/27/2013,GLH,MS,ASO,CE,Federal Contract Tower,2,0,0,0,2,0,0,4,0,4,2,0,4,0,6,0,0,0,6
07/28/2013,GLH,MS,ASO,CE,Federal Contract Tower,2,0,6,2,10,0,0,11,0,11,2,0,17,2,21,2,22,24,45
07/29/2013,GLH,MS,ASO,CE,Federal Contract Tower,4,0,1,8,13,0,0,22,0,22,4,0,23,8,35,0,120,120,155
07/30/2013,GLH,MS,ASO,CE,Federal Contract Tower,4,0,3,10,17,0,0,13,0,13,4,0,16,10,30,2,84,86,116
07/31/2013,GLH,MS,ASO,CE,Federal Contract Tower,4,0,0,6,10,0,0,5,1,6,4,0,5,7,16,0,44,44,60
08/01/2013,GLH,MS,ASO,CE,Federal Contract Tower,4,0,7,6,17,0,0,9,1,10,4,0,16,7,27,0,88,88,115
08/02/2013,GLH,MS,ASO,CE,Federal Contract Tower,4,0,10,8,22,0,0,3,0,3,4,0,13,8,25,2,90,92,117
08/03/2013,GLH,MS,ASO,CE,Federal Contract Tower,2,0,3,0,5,0,0,15,0,15,2,0,18,0,20,0,0,0,20
08/04/2013,GLH,MS,ASO,CE,Federal Contract Tower,2,0,3,0,5,0,0,7,0,7,2,0,10,0,12,4,0,4,16
08/05/2013,GLH,MS,ASO,CE,Federal Contract Tower,4,0,2,5,11,0,0,15,0,15,4,0,17,5,26,0,70,70,96
08/06/2013,GLH,MS,ASO,CE,Federal Contract Tower,4,0,2,8,14,0,0,14,7,21,4,0,16,15,35,6,94,100,135
08/07/2013,GLH,MS,ASO,CE,Federal Contract Tower,2,0,5,8,15,0,0,41,0,41,2,0,46,8,56,0,84,84,140
08/08/2013,GLH,MS,ASO,CE,Federal Contract Tower,4,0,4,8,16,0,0,38,0,38,4,0,42,8,54,8,126,134,188
08/09/2013,GLH,MS,ASO,CE,Federal Contract Tower,4,0,6,4,14,0,0,1,0,1,4,0,7,4,15,0,76,76,91
08/10/2013,GLH,MS,ASO,CE,Federal Contract Tower,2,0,0,0,2,0,0,4,0,4,2,0,4,0,6,0,0,0,6
08/11/2013,GLH,MS,ASO,CE,Federal Contract Tower,2,0,4,0,6,0,0,0,0,0,2,0,4,0,6,0,0,0,6
08/12/2013,GLH,MS,ASO,CE,Federal Contract Tower,4,0,1,8,13,0,0,8,0,8,4,0,9,8,21,8,154,162,183
08/13/2013,GLH,MS,ASO,CE,Federal Contract Tower,4,0,8,0,12,0,0,3,0,3,4,0,11,0,15,2,0,2,17
08/14/2013,GLH,MS,ASO,CE,Federal Contract Tower,4,0,3,10,17,0,0,6,0,6,4,0,9,10,23,0,100,100,123
08/15/2013,GLH,MS,ASO,CE,Federal Contract Tower,4,0,1,10,15,0,0,51,0,51,4,0,52,10,66,2,110,112,178
08/16/2013,GLH,MS,ASO,CE,Federal Contract Tower,4,0,4,12,20,0,0,17,0,17,4,0,21,12,37,0,138,138,175
08/17/2013,GLH,MS,ASO,CE,Federal Contract Tower,2,0,0,0,2,0,0,6,0,6,2,0,6,0,8,0,0,0,8
08/18/2013,GLH,MS,ASO,CE,Federal Contract Tower,2,0,1,2,5,0,0,7,0,7,2,0,8,2,12,0,0,0,12
08/19/2013,GLH,MS,ASO,CE,Federal Contract Tower,4,0,6,8,18,0,0,14,0,14,4,0,20,8,32,2,68,70,102
08/20/2013,GLH,MS,ASO,CE,Federal Contract Tower,4,0,5,13,22,0,0,21,0,21,4,0,26,13,43,2,126,128,171
08/21/2013,GLH,MS,ASO,CE,Federal Contract Tower,4,0,8,14,26,0,0,7,0,7,4,0,15,14,33,2,112,114,147
08/22/2013,GLH,MS,ASO,CE,Federal Contract Tower,4,0,2,10,16,0,0,6,0,6,4,0,8,10,22,2,130,132,154
08/23/2013,GLH,MS,ASO,CE,Federal Contract Tower,4,0,4,12,20,0,0,12,0,12,4,0,16,12,32,0,54,54,86
08/24/2013,GLH,MS,ASO,CE,Federal Contract Tower,3,0,2,0,5,0,0,7,0,7,3,0,9,0,12,0,0,0,12
08/25/2013,GLH,MS,ASO,CE,Federal Contract Tower,2,0,4,0,6,0,0,3,0,3,2,0,7,0,9,0,0,0,9
08/26/2013,GLH,MS,ASO,CE,Federal Contract Tower,4,0,1,3,8,0,0,20,0,20,4,0,21,3,28,0,34,34,62
08/27/2013,GLH,MS,ASO,CE,Federal Contract Tower,4,0,2,9,15,0,0,27,2,29,4,0,29,11,44,4,170,174,218
08/28/2013,GLH,MS,ASO,CE,Federal Contract Tower,4,0,4,12,20,0,0,29,0,29,4,0,33,12,49,16,148,164,213
08/29/2013,GLH,MS,ASO,CE,Federal Contract Tower,4,0,2,18,24,0,0,16,0,16,4,0,18,18,40,2,214,216,256
08/30/2013,GLH,MS,ASO,CE,Federal Contract Tower,4,0,7,8,19,0,0,4,1,5,4,0,11,9,24,0,54,54,78
08/31/2013,GLH,MS,ASO,CE,Federal Contract Tower,3,0,2,0,5,0,0,1,0,1,3,0,3,0,6,0,0,0,6
09/01/2013,GLH,MS,ASO,CE,Federal Contract Tower,2,0,3,0,5,0,0,7,0,7,2,0,10,0,12,0,0,0,12
09/02/2013,GLH,MS,ASO,CE,Federal Contract Tower,3,0,5,0,8,0,0,8,0,8,3,0,13,0,16,0,0,0,16
09/03/2013,GLH,MS,ASO,CE,Federal Contract Tower,4,0,2,6,12,0,0,15,0,15,4,0,17,6,27,2,66,68,95
09/04/2013,GLH,MS,ASO,CE,Federal Contract Tower,6,0,1,10,17,0,0,45,0,45,6,0,46,10,62,8,112,120,182
09/05/2013,GLH,MS,ASO,CE,Federal Contract Tower,4,0,2,0,6,0,0,5,0,5,4,0,7,0,11,2,0,2,13
09/06/2013,GLH,MS,ASO,CE,Federal Contract Tower,4,0,5,14,23,0,0,18,0,18,4,0,23,14,41,0,184,184,225
09/07/2013,GLH,MS,ASO,CE,Federal Contract Tower,2,0,0,3,5,0,0,15,0,15,2,0,15,3,20,8,28,36,56
09/08/2013,GLH,MS,ASO,CE,Federal Contract Tower,2,0,2,4,8,0,0,2,0,2,2,0,4,4,10,0,2,2,12
09/09/2013,GLH,MS,ASO,CE,Federal Contract Tower,4,0,1,14,19,0,0,20,0,20,4,0,21,14,39,2,162,164,203
09/10/2013,GLH,MS,ASO,CE,Federal Contract Tower,4,0,5,11,20,0,0,16,0,16,4,0,21,11,36,12,164,176,212
09/11/2013,GLH,MS,ASO,CE,Federal Contract Tower,4,0,6,6,16,0,0,39,0,39,4,0,45,6,55,2,100,102,157
09/12/2013,GLH,MS,ASO,CE,Federal Contract Tower,4,0,4,4,12,0,0,58,0,58,4,0,62,4,70,8,80,88,158
09/13/2013,GLH,MS,ASO,CE,Federal Contract Tower,4,0,2,12,18,0,0,20,1,21,4,0,22,13,39,4,188,192,231
09/14/2013,GLH,MS,ASO,CE,Federal Contract Tower,2,0,1,0,3,0,0,31,0,31,2,0,32,0,34,0,0,0,34
09/15/2013,GLH,MS,ASO,CE,Federal Contract Tower,2,0,4,6,12,0,0,2,0,2,2,0,6,6,14,2,2,4,18
09/16/2013,GLH,MS,ASO,CE,Federal Contract Tower,5,0,2,2,9,0,0,24,0,24,5,0,26,2,33,0,24,24,57
09/17/2013,GLH,MS,ASO,CE,Federal Contract Tower,4,0,0,6,10,0,0,18,26,44,4,0,18,32,54,8,82,90,144
09/18/2013,GLH,MS,ASO,CE,Federal Contract Tower,4,0,9,13,26,0,0,11,3,14,4,0,20,16,40,6,172,178,218
09/19/2013,GLH,MS,ASO,CE,Federal Contract Tower,4,0,6,2,12,0,0,4,0,4,4,0,10,2,16,10,48,58,74
09/20/2013,GLH,MS,ASO,CE,Federal Contract Tower,2,0,3,0,5,0,0,2,0,2,2,0,5,0,7,0,0,0,7
09/21/2013,GLH,MS,ASO,CE,Federal Contract Tower,3,0,3,0,6,0,0,1,0,1,3,0,4,0,7,0,0,0,7
09/22/2013,GLH,MS,ASO,CE,Federal Contract Tower,3,0,0,0,3,0,0,9,0,9,3,0,9,0,12,0,0,0,12
09/23/2013,GLH,MS,ASO,CE,Federal Contract Tower,4,0,7,7,18,0,0,5,0,5,4,0,12,7,23,0,150,150,173
09/24/2013,GLH,MS,ASO,CE,Federal Contract Tower,4,0,8,1,13,0,0,12,0,12,4,0,20,1,25,0,2,2,27
09/25/2013,GLH,MS,ASO,CE,Federal Contract Tower,4,0,1,17,22,0,0,15,2,17,4,0,16,19,39,0,230,230,269
09/26/2013,GLH,MS,ASO,CE,Federal Contract Tower,5,0,4,10,19,0,0,20,0,20,5,0,24,10,39,10,156,166,205
09/27/2013,GLH,MS,ASO,CE,Federal Contract Tower,4,0,3,6,13,0,0,7,0,7,4,0,10,6,20,6,82,88,108
09/28/2013,GLH,MS,ASO,CE,Federal Contract Tower,2,0,2,0,4,0,0,6,2,8,2,0,8,2,12,0,8,8,20
09/29/2013,GLH,MS,ASO,CE,Federal Contract Tower,2,0,2,0,4,0,0,0,0,0,2,0,2,0,4,0,0,0,4
09/30/2013,GLH,MS,ASO,CE,Federal Contract Tower,5,0,2,2,9,0,0,9,1,10,5,0,11,3,19,2,0,2,21
10/01/2013,GLH,MS,ASO,CE,Federal Contract Tower,4,0,9,2,15,0,0,13,0,13,4,0,22,2,28,0,32,32,60
10/02/2013,GLH,MS,ASO,CE,Federal Contract Tower,4,0,0,11,15,0,0,13,22,35,4,0,13,33,50,14,50,64,114
10/03/2013,GLH,MS,ASO,CE,Federal Contract Tower,5,0,3,1,9,0,0,5,0,5,5,0,8,1,14,2,8,10,24
10/04/2013,GLH,MS,ASO,CE,Federal Contract Tower,4,0,2,7,13,0,0,2,0,2,4,0,4,7,15,0,10,10,25
10/05/2013,GLH,MS,ASO,CE,Federal Contract Tower,2,0,4,0,6,0,0,1,0,1,2,0,5,0,7,0,0,0,7
10/06/2013,GLH,MS,ASO,CE,Federal Contract Tower,2,0,2,0,4,0,0,0,0,0,2,0,2,0,4,0,20,20,24
10/07/2013,GLH,MS,ASO,CE,Federal Contract Tower,5,0,3,12,20,0,0,35,0,35,5,0,38,12,55,10,156,166,221
10/08/2013,GLH,MS,ASO,CE,Federal Contract Tower,4,0,2,4,10,0,0,21,0,21,4,0,23,4,31,6,50,56,87
10/09/2013,GLH,MS,ASO,CE,Federal Contract Tower,4,0,5,10,19,0,0,20,0,20,4,0,25,10,39,4,140,144,183
10/10/2013,GLH,MS,ASO,CE,Federal Contract Tower,6,0,3,4,13,0,0,1,0,1,6,0,4,4,14,0,90,90,104
10/11/2013,GLH,MS,ASO,CE,Federal Contract Tower,5,0,6,0,11,0,0,22,0,22,5,0,28,0,33,16,0,16,49
10/12/2013,GLH,MS,ASO,CE,Federal Contract Tower,2,0,0,0,2,0,0,0,0,0,2,0,0,0,2,0,0,0,2
10/13/2013,GLH,MS,ASO,CE,Federal Contract Tower,2,0,2,0,4,0,0,3,0,3,2,0,5,0,7,0,0,0,7
10/14/2013,GLH,MS,ASO,CE,Federal Contract Tower,3,0,1,0,4,0,0,18,0,18,3,0,19,0,22,8,0,8,30
10/15/2013,GLH,MS,ASO,CE,Federal Contract Tower,4,0,5,5,14,0,0,10,0,10,4,0,15,5,24,8,40,48,72
10/16/2013,GLH,MS,ASO,CE,Federal Contract Tower,5,0,10,0,15,0,0,0,0,0,5,0,10,0,15,2,0,2,17
10/17/2013,GLH,MS,ASO,CE,Federal Contract Tower,4,0,8,7,19,0,0,11,0,11,4,0,19,7,30,6,108,114,144
10/18/2013,GLH,MS,ASO,CE,Federal Contract Tower,6,0,2,5,13,0,0,17,0,17,6,0,19,5,30,10,58,68,98
10/19/2013,GLH,MS,ASO,CE,Federal Contract Tower,2,0,10,4,16,0,0,0,0,0,2,0,10,4,16,0,30,30,46
10/20/2013,GLH,MS,ASO,CE,Federal Contract Tower,2,0,2,0,4,0,0,8,4,12,2,0,10,4,16,4,16,20,36
10/21/2013,GLH,MS,ASO,CE,Federal Contract Tower,3,0,5,8,16,0,0,20,0,20,3,0,25,8,36,2,112,114,150
10/22/2013,GLH,MS,ASO,CE,Federal Contract Tower,3,2,7,4,16,0,0,11,0,11,3,2,18,4,27,8,38,46,73
10/23/2013,GLH,MS,ASO,CE,Federal Contract Tower,4,0,0,3,7,0,0,17,0,17,4,0,17,3,24,12,62,74,98
10/24/2013,GLH,MS,ASO,CE,Federal Contract Tower,4,0,2,4,10,0,0,14,0,14,4,0,16,4,24,12,108,120,144
10/25/2013,GLH,MS,ASO,CE,Federal Contract Tower,4,0,5,0,9,0,0,13,0,13,4,0,18,0,22,20,6,26,48
10/26/2013,GLH,MS,ASO,CE,Federal Contract Tower,2,0,0,0,2,0,0,10,0,10,2,0,10,0,12,8,0,8,20
10/27/2013,GLH,MS,ASO,CE,Federal Contract Tower,3,0,5,0,8,0,0,4,0,4,3,0,9,0,12,0,0,0,12
10/28/2013,GLH,MS,ASO,CE,Federal Contract Tower,3,0,1,2,6,0,0,39,0,39,3,0,40,2,45,2,32,34,79
10/29/2013,GLH,MS,ASO,CE,Federal Contract Tower,5,0,3,6,14,0,0,19,0,19,5,0,22,6,33,6,66,72,105
10/30/2013,GLH,MS,ASO,CE,Federal Contract Tower,4,0,4,11,19,0,0,12,0,12,4,0,16,11,31,8,86,94,125
10/31/2013,GLH,MS,ASO,CE,Federal Contract Tower,4,0,1,0,5,0,0,0,0,0,4,0,1,0,5,0,0,0,5
11/01/2013,GLH,MS,ASO,CE,Federal Contract Tower,4,0,0,9,13,0,0,11,2,13,4,0,11,11,26,26,122,148,174
11/02/2013,GLH,MS,ASO,CE,Federal Contract Tower,3,0,4,0,7,0,0,8,0,8,3,0,12,0,15,4,0,4,19
11/03/2013,GLH,MS,ASO,CE,Federal Contract Tower,2,0,2,0,4,0,0,1,0,1,2,0,3,0,5,4,0,4,9
11/04/2013,GLH,MS,ASO,CE,Federal Contract Tower,4,0,4,8,16,0,0,24,4,28,4,0,28,12,44,6,96,102,146
11/05/2013,GLH,MS,ASO,CE,Federal Contract Tower,4,0,2,15,21,0,0,16,0,16,4,0,18,15,37,0,94,94,131
11/06/2013,GLH,MS,ASO,CE,Federal Contract Tower,4,0,4,4,12,0,0,6,3,9,4,0,10,7,21,0,100,100,121
11/07/2013,GLH,MS,ASO,CE,Federal Contract Tower,3,0,3,6,12,0,0,22,0,22,3,0,25,6,34,64,108,172,206
11/08/2013,GLH,MS,ASO,CE,Federal Contract Tower,4,0,3,4,11,0,0,30,0,30,4,0,33,4,41,26,88,114,155
11/09/2013,GLH,MS,ASO,CE,Federal Contract Tower,2,0,1,0,3,0,0,2,0,2,2,0,3,0,5,0,0,0,5
11/10/2013,GLH,MS,ASO,CE,Federal Contract Tower,2,0,4,0,6,0,0,6,0,6,2,0,10,0,12,4,0,4,16
11/11/2013,GLH,MS,ASO,CE,Federal Contract Tower,4,0,4,0,8,0,0,8,0,8,4,0,12,0,16,0,0,0,16
11/12/2013,GLH,MS,ASO,CE,Federal Contract Tower,4,0,2,9,15,0,0,5,2,7,4,0,7,11,22,0,96,96,118
11/13/2013,GLH,MS,ASO,CE,Federal Contract Tower,4,0,6,8,18,0,0,13,0,13,4,0,19,8,31,6,156,162,193
11/14/2013,GLH,MS,ASO,CE,Federal Contract Tower,4,0,3,8,15,0,0,16,2,18,4,0,19,10,33,30,142,172,205
11/15/2013,GLH,MS,ASO,CE,Federal Contract Tower,4,0,8,4,16,0,0,3,0,3,4,0,11,4,19,8,66,74,93
11/16/2013,GLH,MS,ASO,CE,Federal Contract Tower,2,0,2,0,4,0,0,0,0,0,2,0,2,0,4,0,0,0,4
11/17/2013,GLH,MS,ASO,CE,Federal Contract Tower,2,0,5,0,7,0,0,0,0,0,2,0,5,0,7,0,0,0,7
11/18/2013,GLH,MS,ASO,CE,Federal Contract Tower,4,0,6,16,26,0,0,19,0,19,4,0,25,16,45,0,104,104,149
11/19/2013,GLH,MS,ASO,CE,Federal Contract Tower,4,0,1,8,13,0,0,22,0,22,4,0,23,8,35,8,78,86,121
11/20/2013,GLH,MS,ASO,CE,Federal Contract Tower,4,0,6,7,17,0,0,17,0,17,4,0,23,7,34,34,52,86,120
11/21/2013,GLH,MS,ASO,CE,Federal Contract Tower,4,0,4,2,10,0,0,28,0,28,4,0,32,2,38,26,8,34,72
11/22/2013,GLH,MS,ASO,CE,Federal Contract Tower,0,0,5,0,5,0,0,0,0,0,0,0,5,0,5,0,0,0,5
11/23/2013,GLH,MS,ASO,CE,Federal Contract Tower,2,0,1,0,3,0,0,0,0,0,2,0,1,0,3,0,0,0,3
11/24/2013,GLH,MS,ASO,CE,Federal Contract Tower,2,0,5,0,7,0,0,2,0,2,2,0,7,0,9,0,0,0,9
11/25/2013,GLH,MS,ASO,CE,Federal Contract Tower,4,0,4,2,10,0,0,0,0,0,4,0,4,2,10,2,6,8,18
11/26/2013,GLH,MS,ASO,CE,Federal Contract Tower,2,0,2,3,7,0,0,2,1,3,2,0,4,4,10,0,34,34,44
11/27/2013,GLH,MS,ASO,CE,Federal Contract Tower,0,0,6,0,6,0,0,15,1,16,0,0,21,1,22,0,0,0,22
11/28/2013,GLH,MS,ASO,CE,Federal Contract Tower,4,0,1,0,5,0,0,2,0,2,4,0,3,0,7,0,0,0,7
11/29/2013,GLH,MS,ASO,CE,Federal Contract Tower,2,0,3,0,5,0,0,13,4,17,2,0,16,4,22,16,0,16,38
11/30/2013,GLH,MS,ASO,CE,Federal Contract Tower,2,0,4,0,6,0,0,15,0,15,2,0,19,0,21,20,0,20,41
12/01/2013,GLH,MS,ASO,CE,Federal Contract Tower,2,0,12,0,14,0,0,8,0,8,2,0,20,0,22,0,0,0,22
12/02/2013,GLH,MS,ASO,CE,Federal Contract Tower,2,0,1,6,9,0,0,6,0,6,2,0,7,6,15,0,62,62,77
12/03/2013,GLH,MS,ASO,CE,Federal Contract Tower,6,0,1,1,8,0,0,27,2,29,6,0,28,3,37,0,2,2,39
12/04/2013,GLH,MS,ASO,CE,Federal Contract Tower,4,0,6,1,11,0,0,7,0,7,4,0,13,1,18,8,16,24,42
12/05/2013,GLH,MS,ASO,CE,Federal Contract Tower,0,0,6,4,10,0,0,4,0,4,0,0,10,4,14,0,0,0,14
12/06/2013,GLH,MS,ASO,CE,Federal Contract Tower,0,0,1,0,1,0,0,0,0,0,0,0,1,0,1,0,0,0,1
12/07/2013,GLH,MS,ASO,CE,Federal Contract Tower,2,0,1,0,3,0,0,0,0,0,2,0,1,0,3,0,0,0,3
12/08/2013,GLH,MS,ASO,CE,Federal Contract Tower,2,0,4,0,6,0,0,0,0,0,2,0,4,0,6,0,0,0,6
12/09/2013,GLH,MS,ASO,CE,Federal Contract Tower,2,0,2,0,4,0,0,0,0,0,2,0,2,0,4,0,0,0,4
12/10/2013,GLH,MS,ASO,CE,Federal Contract Tower,6,0,0,13,19,0,0,15,2,17,6,0,15,15,36,30,152,182,218
12/11/2013,GLH,MS,ASO,CE,Federal Contract Tower,4,0,1,6,11,0,0,13,0,13,4,0,14,6,24,0,68,68,92
12/12/2013,GLH,MS,ASO,CE,Federal Contract Tower,4,0,6,5,15,0,0,11,2,13,4,0,17,7,28,6,48,54,82
12/13/2013,GLH,MS,ASO,CE,Federal Contract Tower,4,0,1,10,15,0,0,8,0,8,4,0,9,10,23,2,94,96,119
12/14/2013,GLH,MS,ASO,CE,Federal Contract Tower,0,0,2,2,4,0,0,2,0,2,0,0,4,2,6,0,0,0,6
12/15/2013,GLH,MS,ASO,CE,Federal Contract Tower,2,0,2,0,4,0,0,4,0,4,2,0,6,0,8,0,0,0,8
12/16/2013,GLH,MS,ASO,CE,Federal Contract Tower,4,0,4,6,14,0,0,28,0,28,4,0,32,6,42,14,58,72,114
12/17/2013,GLH,MS,ASO,CE,Federal Contract Tower,4,0,7,6,17,0,0,60,0,60,4,0,67,6,77,34,132,166,243
12/18/2013,GLH,MS,ASO,CE,Federal Contract Tower,4,0,4,12,20,0,0,26,0,26,4,0,30,12,46,30,112,142,188
12/19/2013,GLH,MS,ASO,CE,Federal Contract Tower,4,0,6,6,16,0,0,1,0,1,4,0,7,6,17,0,60,60,77
12/20/2013,GLH,MS,ASO,CE,Federal Contract Tower,5,0,3,2,10,0,0,2,0,2,5,0,5,2,12,2,22,24,36
12/21/2013,GLH,MS,ASO,CE,Federal Contract Tower,3,0,6,0,9,0,0,0,0,0,3,0,6,0,9,0,0,0,9
12/22/2013,GLH,MS,ASO,CE,Federal Contract Tower,2,0,2,0,4,0,0,2,0,2,2,0,4,0,6,0,0,0,6
12/23/2013,GLH,MS,ASO,CE,Federal Contract Tower,4,0,4,0,8,0,0,4,0,4,4,0,8,0,12,0,0,0,12
12/24/2013,GLH,MS,ASO,CE,Federal Contract Tower,2,0,1,0,3,0,0,5,0,5,2,0,6,0,8,10,0,10,18
12/25/2013,GLH,MS,ASO,CE,Federal Contract Tower,2,0,2,0,4,0,0,0,0,0,2,0,2,0,4,0,0,0,4
12/26/2013,GLH,MS,ASO,CE,Federal Contract Tower,4,0,4,0,8,0,0,10,0,10,4,0,14,0,18,2,0,2,20
12/27/2013,GLH,MS,ASO,CE,Federal Contract Tower,5,0,4,0,9,0,0,12,0,12,5,0,16,0,21,0,0,0,21
12/28/2013,GLH,MS,ASO,CE,Federal Contract Tower,4,0,3,0,7,0,0,8,0,8,4,0,11,0,15,0,0,0,15
12/29/2013,GLH,MS,ASO,CE,Federal Contract Tower,0,4,5,0,9,0,0,0,0,0,0,4,5,0,9,0,0,0,9
12/30/2013,GLH,MS,ASO,CE,Federal Contract Tower,4,0,1,0,5,0,0,1,0,1,4,0,2,0,6,0,0,0,6
12/31/2013,GLH,MS,ASO,CE,Federal Contract Tower,3,0,1,0,4,0,0,7,0,7,3,0,8,0,11,4,0,4,15
01/01/2014,GLH,MS,ASO,CE,Federal Contract Tower,0,2,1,0,3,0,0,5,0,5,0,2,6,0,8,6,0,6,14
01/02/2014,GLH,MS,ASO,CE,Federal Contract Tower,4,0,0,0,4,0,0,0,0,0,4,0,0,0,4,0,0,0,4
01/03/2014,GLH,MS,ASO,CE,Federal Contract Tower,0,3,0,2,5,0,0,5,0,5,0,3,5,2,10,0,26,26,36
01/04/2014,GLH,MS,ASO,CE,Federal Contract Tower,4,0,2,0,6,0,0,8,0,8,4,0,10,0,14,4,0,4,18
01/05/2014,GLH,MS,ASO,CE,Federal Contract Tower,2,0,0,0,2,0,0,0,0,0,2,0,0,0,2,0,0,0,2
01/06/2014,GLH,MS,ASO,CE,Federal Contract Tower,0,2,4,4,10,0,0,7,0,7,0,2,11,4,17,0,48,48,65
01/07/2014,GLH,MS,ASO,CE,Federal Contract Tower,0,4,3,6,13,0,0,15,0,15,0,4,18,6,28,0,96,96,124
01/08/2014,GLH,MS,ASO,CE,Federal Contract Tower,0,3,3,6,12,0,0,6,0,6,0,3,9,6,18,2,114,116,134
01/09/2014,GLH,MS,ASO,CE,Federal Contract Tower,2,0,2,2,6,0,0,5,0,5,2,0,7,2,11,0,24,24,35
01/10/2014,GLH,MS,ASO,CE,Federal Contract Tower,2,1,3,10,16,0,0,1,0,1,2,1,4,10,17,0,90,90,107
01/11/2014,GLH,MS,ASO,CE,Federal Contract Tower,2,0,4,2,8,0,0,11,1,12,2,0,15,3,20,8,0,8,28
01/12/2014,GLH,MS,ASO,CE,Federal Contract Tower,0,2,3,0,5,0,0,10,0,10,0,2,13,0,15,0,0,0,15
01/13/2014,GLH,MS,ASO,CE,Federal Contract Tower,0,4,0,6,10,0,0,0,0,0,0,4,0,6,10,0,18,18,28
01/14/2014,GLH,MS,ASO,CE,Federal Contract Tower,0,4,2,5,11,0,0,18,2,20,0,4,20,7,31,4,56,60,91
01/15/2014,GLH,MS,ASO,CE,Federal Contract Tower,0,4,9,4,17,0,0,5,0,5,0,4,14,4,22,16,78,94,116
01/16/2014,GLH,MS,ASO,CE,Federal Contract Tower,0,4,3,7,14,0,0,14,0,14,0,4,17,7,28,16,78,94,122
01/17/2014,GLH,MS,ASO,CE,Federal Contract Tower,0,4,12,7,23,0,0,8,2,10,0,4,20,9,33,4,102,106,139
01/18/2014,GLH,MS,ASO,CE,Federal Contract Tower,0,3,2,0,5,0,1,6,0,7,0,4,8,0,12,10,0,10,22
01/19/2014,GLH,MS,ASO,CE,Federal Contract Tower,0,4,2,0,6,0,0,15,0,15,0,4,17,0,21,0,0,0,21
01/20/2014,GLH,MS,ASO,CE,Federal Contract Tower,0,4,6,0,10,0,0,11,0,11,0,4,17,0,21,0,0,0,21
01/21/2014,GLH,MS,ASO,CE,Federal Contract Tower,0,4,2,8,14,0,0,5,0,5,0,4,7,8,19,6,126,132,151
01/22/2014,GLH,MS,ASO,CE,Federal Contract Tower,0,4,1,9,14,0,0,16,1,17,0,4,17,10,31,16,94,110,141
01/23/2014,GLH,MS,ASO,CE,Federal Contract Tower,0,3,2,8,13,0,0,2,2,4,0,3,4,10,17,4,60,64,81
01/24/2014,GLH,MS,ASO,CE,Federal Contract Tower,0,4,1,19,24,0,0,11,0,11,0,4,12,19,35,18,156,174,209
01/25/2014,GLH,MS,ASO,CE,Federal Contract Tower,0,2,1,1,4,0,0,5,2,7,0,2,6,3,11,4,8,12,23
01/26/2014,GLH,MS,ASO,CE,Federal Contract Tower,0,2,0,3,5,0,0,6,0,6,0,2,6,3,11,6,28,34,45
01/27/2014,GLH,MS,ASO,CE,Federal Contract Tower,0,4,2,5,11,0,0,0,0,0,0,4,2,5,11,0,46,46,57
01/28/2014,GLH,MS,ASO,CE,Federal Contract Tower,0,1,3,15,19,0,0,9,2,11,0,1,12,17,30,10,158,168,198
01/29/2014,GLH,MS,ASO,CE,Federal Contract Tower,0,0,3,19,22,0,0,13,0,13,0,0,16,19,35,18,208,226,261
01/30/2014,GLH,MS,ASO,CE,Federal Contract Tower,0,3,3,4,10,0,0,15,0,15,0,3,18,4,25,0,60,60,85
01/31/2014,GLH,MS,ASO,CE,Federal Contract Tower,0,1,2,7,10,0,0,23,0,23,0,1,25,7,33,0,72,72,105
02/01/2014,GLH,MS,ASO,CE,Federal Contract Tower,0,3,0,0,3,0,0,4,0,4,0,3,4,0,7,8,0,8,15
02/02/2014,GLH,MS,ASO,CE,Federal Contract Tower,0,0,2,0,2,0,0,0,0,0,0,0,2,0,2,0,0,0,2
02/03/2014,GLH,MS,ASO,CE,Federal Contract Tower,0,2,2,0,4,0,0,0,0,0,0,2,2,0,4,0,0,0,4
02/04/2014,GLH,MS,ASO,CE,Federal Contract Tower,0,5,1,0,6,0,0,0,0,0,0,5,1,0,6,0,0,0,6
02/05/2014,GLH,MS,ASO,CE,Federal Contract Tower,0,2,4,4,10,0,0,3,0,3,0,2,7,4,13,0,46,46,59
02/06/2014,GLH,MS,ASO,CE,Federal Contract Tower,0,4,3,11,18,0,0,3,0,3,0,4,6,11,21,0,82,82,103
02/07/2014,GLH,MS,ASO,CE,Federal Contract Tower,0,5,2,0,7,0,0,1,0,1,0,5,3,0,8,0,0,0,8
02/08/2014,GLH,MS,ASO,CE,Federal Contract Tower,0,2,2,0,4,0,0,0,0,0,0,2,2,0,4,0,0,0,4
02/09/2014,GLH,MS,ASO,CE,Federal Contract Tower,0,2,4,4,10,0,0,0,0,0,0,2,4,4,10,0,8,8,18
02/10/2014,GLH,MS,ASO,CE,Federal Contract Tower,0,2,5,2,9,0,0,0,2,2,0,2,5,4,11,0,8,8,19
02/11/2014,GLH,MS,ASO,CE,Federal Contract Tower,0,0,0,0,0,0,0,0,0,0,0,0,0,0,0,0,0,0,0
02/12/2014,GLH,MS,ASO,CE,Federal Contract Tower,0,0,0,0,0,0,0,0,0,0,0,0,0,0,0,0,0,0,0
02/13/2014,GLH,MS,ASO,CE,Federal Contract Tower,0,1,1,13,15,0,0,9,0,9,0,1,10,13,24,0,106,106,130
02/14/2014,GLH,MS,ASO,CE,Federal Contract Tower,0,2,2,3,7,0,0,7,0,7,0,2,9,3,14,2,20,22,36
02/15/2014,GLH,MS,ASO,CE,Federal Contract Tower,0,2,8,0,10,0,0,13,0,13,0,2,21,0,23,40,0,40,63
02/16/2014,GLH,MS,ASO,CE,Federal Contract Tower,0,2,1,0,3,0,0,0,0,0,0,2,1,0,3,0,0,0,3
02/17/2014,GLH,MS,ASO,CE,Federal Contract Tower,0,4,0,0,4,0,0,13,0,13,0,4,13,0,17,14,0,14,31
02/18/2014,GLH,MS,ASO,CE,Federal Contract Tower,0,3,4,10,17,0,0,14,0,14,0,3,18,10,31,2,128,130,161
02/19/2014,GLH,MS,ASO,CE,Federal Contract Tower,0,4,3,8,15,0,0,9,0,9,0,4,12,8,24,4,64,68,92
02/20/2014,GLH,MS,ASO,CE,Federal Contract Tower,0,2,1,6,9,0,0,3,0,3,0,2,4,6,12,0,54,54,66
02/21/2014,GLH,MS,ASO,CE,Federal Contract Tower,0,2,5,17,24,0,0,32,4,36,0,2,37,21,60,52,114,166,226
02/22/2014,GLH,MS,ASO,CE,Federal Contract Tower,0,2,5,0,7,0,0,18,0,18,0,2,23,0,25,20,0,20,45
02/23/2014,GLH,MS,ASO,CE,Federal Contract Tower,0,2,2,2,6,0,0,6,0,6,0,2,8,2,12,0,32,32,44
02/24/2014,GLH,MS,ASO,CE,Federal Contract Tower,0,4,5,2,11,0,0,23,0,23,0,4,28,2,34,18,22,40,74
02/25/2014,GLH,MS,ASO,CE,Federal Contract Tower,0,4,2,7,13,0,0,25,0,25,0,4,27,7,38,20,78,98,136
02/26/2014,GLH,MS,ASO,CE,Federal Contract Tower,0,4,6,9,19,0,0,3,2,5,0,4,9,11,24,0,58,58,82
02/27/2014,GLH,MS,ASO,CE,Federal Contract Tower,0,2,6,2,10,0,0,36,0,36,0,2,42,2,46,30,46,76,122
02/28/2014,GLH,MS,ASO,CE,Federal Contract Tower,0,4,0,5,9,0,0,11,1,12,0,4,11,6,21,0,48,48,69
03/01/2014,GLH,MS,ASO,CE,Federal Contract Tower,0,3,3,4,10,0,0,4,0,4,0,3,7,4,14,0,32,32,46
03/02/2014,GLH,MS,ASO,CE,Federal Contract Tower,0,0,1,0,1,0,0,1,0,1,0,0,2,0,2,4,0,4,6
03/03/2014,GLH,MS,ASO,CE,Federal Contract Tower,0,3,2,0,5,0,0,0,0,0,0,3,2,0,5,0,0,0,5
03/04/2014,GLH,MS,ASO,CE,Federal Contract Tower,0,2,1,10,13,0,0,0,0,0,0,2,1,10,13,0,52,52,65
03/05/2014,GLH,MS,ASO,CE,Federal Contract Tower,0,3,0,0,3,0,0,11,4,15,0,3,11,4,18,0,0,0,18
03/06/2014,GLH,MS,ASO,CE,Federal Contract Tower,0,3,8,0,11,0,0,0,0,0,0,3,8,0,11,0,0,0,11
03/07/2014,GLH,MS,ASO,CE,Federal Contract Tower,0,1,3,7,11,0,0,8,12,20,0,1,11,19,31,0,44,44,75
03/08/2014,GLH,MS,ASO,CE,Federal Contract Tower,0,1,3,0,4,0,0,1,0,1,0,1,4,0,5,0,0,0,5
03/09/2014,GLH,MS,ASO,CE,Federal Contract Tower,0,3,5,0,8,0,0,0,0,0,0,3,5,0,8,0,0,0,8
03/10/2014,GLH,MS,ASO,CE,Federal Contract Tower,0,2,0,3,5,0,0,46,0,46,0,2,46,3,51,0,36,36,87
03/11/2014,GLH,MS,ASO,CE,Federal Contract Tower,0,4,3,8,15,0,0,11,0,11,0,4,14,8,26,8,130,138,164
03/12/2014,GLH,MS,ASO,CE,Federal Contract Tower,0,1,0,2,3,0,0,2,2,4,0,1,2,4,7,0,26,26,33
03/13/2014,GLH,MS,ASO,CE,Federal Contract Tower,0,2,2,10,14,0,0,18,2,20,0,2,20,12,34,2,76,78,112
03/14/2014,GLH,MS,ASO,CE,Federal Contract Tower,0,3,1,10,14,0,0,9,0,9,0,3,10,10,23,2,88,90,113
03/15/2014,GLH,MS,ASO,CE,Federal Contract Tower,0,1,1,0,2,0,0,17,0,17,0,1,18,0,19,0,0,0,19
03/16/2014,GLH,MS,ASO,CE,Federal Contract Tower,0,1,6,2,9,0,0,0,0,0,0,1,6,2,9,0,0,0,9
03/17/2014,GLH,MS,ASO,CE,Federal Contract Tower,0,2,2,15,19,0,0,6,0,6,0,2,8,15,25,8,202,210,235
03/18/2014,GLH,MS,ASO,CE,Federal Contract Tower,0,1,5,11,17,0,0,16,0,16,0,1,21,11,33,6,144,150,183
03/19/2014,GLH,MS,ASO,CE,Federal Contract Tower,0,3,2,11,16,0,0,10,0,10,0,3,12,11,26,4,96,100,126
03/20/2014,GLH,MS,ASO,CE,Federal Contract Tower,0,4,2,8,14,0,0,21,2,23,0,4,23,10,37,2,130,132,169
03/21/2014,GLH,MS,ASO,CE,Federal Contract Tower,0,0,0,3,3,0,0,21,1,22,0,0,21,4,25,0,28,28,53
03/22/2014,GLH,MS,ASO,CE,Federal Contract Tower,0,0,4,0,4,0,0,0,0,0,0,0,4,0,4,0,0,0,4
03/23/2014,GLH,MS,ASO,CE,Federal Contract Tower,0,1,1,0,2,0,0,3,1,4,0,1,4,1,6,0,12,12,18
03/24/2014,GLH,MS,ASO,CE,Federal Contract Tower,0,2,2,4,8,0,0,24,0,24,0,2,26,4,32,10,72,82,114
03/25/2014,GLH,MS,ASO,CE,Federal Contract Tower,0,3,0,15,18,0,0,8,0,8,0,3,8,15,26,2,226,228,254
03/26/2014,GLH,MS,ASO,CE,Federal Contract Tower,0,2,4,20,26,0,0,15,11,26,0,2,19,31,52,18,139,157,209
03/27/2014,GLH,MS,ASO,CE,Federal Contract Tower,0,1,2,14,17,0,0,2,0,2,0,1,4,14,19,0,90,90,109
03/28/2014,GLH,MS,ASO,CE,Federal Contract Tower,0,3,3,12,18,0,0,4,0,4,0,3,7,12,22,0,62,62,84
03/29/2014,GLH,MS,ASO,CE,Federal Contract Tower,0,0,0,0,0,0,0,0,0,0,0,0,0,0,0,0,0,0,0
03/30/2014,GLH,MS,ASO,CE,Federal Contract Tower,0,1,3,0,4,0,0,5,0,5,0,1,8,0,9,0,0,0,9
03/31/2014,GLH,MS,ASO,CE,Federal Contract Tower,0,3,4,4,11,0,0,5,0,5,0,3,9,4,16,0,52,52,68
04/01/2014,GLH,MS,ASO,CE,Federal Contract Tower,0,3,3,5,11,0,0,12,0,12,0,3,15,5,23,8,60,68,91
04/02/2014,GLH,MS,ASO,CE,Federal Contract Tower,0,3,1,4,8,0,0,3,0,3,0,3,4,4,11,6,16,22,33
04/03/2014,GLH,MS,ASO,CE,Federal Contract Tower,0,2,3,3,8,0,0,2,0,2,0,2,5,3,10,0,6,6,16
04/04/2014,GLH,MS,ASO,CE,Federal Contract Tower,0,2,1,2,5,0,0,4,4,8,0,2,5,6,13,8,24,32,45
04/05/2014,GLH,MS,ASO,CE,Federal Contract Tower,0,2,2,0,4,0,0,17,0,17,0,2,19,0,21,4,0,4,25
04/06/2014,GLH,MS,ASO,CE,Federal Contract Tower,0,1,2,0,3,0,0,0,0,0,0,1,2,0,3,0,0,0,3
04/07/2014,GLH,MS,ASO,CE,Federal Contract Tower,0,2,1,4,7,0,0,0,0,0,0,2,1,4,7,0,8,8,15
04/08/2014,GLH,MS,ASO,CE,Federal Contract Tower,0,3,1,0,4,0,0,2,0,2,0,3,3,0,6,0,0,0,6
04/09/2014,GLH,MS,ASO,CE,Federal Contract Tower,0,2,4,9,15,0,0,36,5,41,0,2,40,14,56,8,60,68,124
04/10/2014,GLH,MS,ASO,CE,Federal Contract Tower,0,4,2,6,12,0,0,10,4,14,0,4,12,10,26,2,74,76,102
04/11/2014,GLH,MS,ASO,CE,Federal Contract Tower,0,3,10,12,25,0,0,7,0,7,0,3,17,12,32,0,102,102,134
04/12/2014,GLH,MS,ASO,CE,Federal Contract Tower,0,1,2,0,3,0,0,6,0,6,0,1,8,0,9,0,0,0,9
04/13/2014,GLH,MS,ASO,CE,Federal Contract Tower,0,2,3,0,5,0,0,0,0,0,0,2,3,0,5,0,0,0,5
04/14/2014,GLH,MS,ASO,CE,Federal Contract Tower,0,2,0,0,2,0,0,0,0,0,0,2,0,0,2,0,0,0,2
04/15/2014,GLH,MS,ASO,CE,Federal Contract Tower,0,3,5,6,14,0,0,14,2,16,0,3,19,8,30,10,74,84,114
04/16/2014,GLH,MS,ASO,CE,Federal Contract Tower,0,3,3,13,19,0,0,13,0,13,0,3,16,13,32,22,136,158,190
04/17/2014,GLH,MS,ASO,CE,Federal Contract Tower,0,3,7,12,22,0,0,24,4,28,0,3,31,16,50,6,98,104,154
04/18/2014,GLH,MS,ASO,CE,Federal Contract Tower,0,3,3,5,11,0,0,6,1,7,0,3,9,6,18,6,90,96,114
04/19/2014,GLH,MS,ASO,CE,Federal Contract Tower,0,2,3,0,5,0,0,4,0,4,0,2,7,0,9,4,0,4,13
04/20/2014,GLH,MS,ASO,CE,Federal Contract Tower,0,2,3,0,5,0,0,6,0,6,0,2,9,0,11,22,0,22,33
04/21/2014,GLH,MS,ASO,CE,Federal Contract Tower,0,3,11,4,18,0,0,11,2,13,0,3,22,6,31,10,48,58,89
04/22/2014,GLH,MS,ASO,CE,Federal Contract Tower,0,3,9,8,20,0,0,14,0,14,0,3,23,8,34,10,52,62,96
04/23/2014,GLH,MS,ASO,CE,Federal Contract Tower,0,3,0,16,19,0,0,19,0,19,0,3,19,16,38,0,112,112,150
04/24/2014,GLH,MS,ASO,CE,Federal Contract Tower,0,2,0,0,2,0,0,6,0,6,0,2,6,0,8,12,0,12,20
04/25/2014,GLH,MS,ASO,CE,Federal Contract Tower,0,3,8,10,21,0,0,15,0,15,0,3,23,10,36,2,76,78,114
04/26/2014,GLH,MS,ASO,CE,Federal Contract Tower,0,2,3,0,5,0,0,13,0,13,0,2,16,0,18,18,0,18,36
04/27/2014,GLH,MS,ASO,CE,Federal Contract Tower,0,2,4,0,6,0,0,0,0,0,0,2,4,0,6,0,0,0,6
04/28/2014,GLH,MS,ASO,CE,Federal Contract Tower,0,0,0,0,0,0,0,2,0,2,0,0,2,0,2,0,0,0,2
04/29/2014,GLH,MS,ASO,CE,Federal Contract Tower,0,4,0,0,4,0,0,2,0,2,0,4,2,0,6,8,0,8,14
04/30/2014,GLH,MS,ASO,CE,Federal Contract Tower,0,2,3,5,10,0,0,9,0,9,0,2,12,5,19,2,68,70,89
05/01/2014,GLH,MS,ASO,CE,Federal Contract Tower,0,4,4,7,15,0,0,8,0,8,0,4,12,7,23,10,120,130,153
05/02/2014,GLH,MS,ASO,CE,Federal Contract Tower,0,3,1,10,14,0,0,16,0,16,0,3,17,10,30,14,66,80,110
05/03/2014,GLH,MS,ASO,CE,Federal Contract Tower,0,0,2,0,2,0,0,5,0,5,0,0,7,0,7,0,0,0,7
05/04/2014,GLH,MS,ASO,CE,Federal Contract Tower,0,2,5,0,7,0,0,3,4,7,0,2,8,4,14,0,4,4,18
05/05/2014,GLH,MS,ASO,CE,Federal Contract Tower,0,3,0,7,10,0,0,11,0,11,0,3,11,7,21,8,72,80,101
05/06/2014,GLH,MS,ASO,CE,Federal Contract Tower,0,3,0,8,11,0,0,7,2,9,0,3,7,10,20,0,44,44,64
05/07/2014,GLH,MS,ASO,CE,Federal Contract Tower,0,2,6,8,16,0,0,7,0,7,0,2,13,8,23,0,118,118,141
05/08/2014,GLH,MS,ASO,CE,Federal Contract Tower,0,4,5,10,19,0,0,6,0,6,0,4,11,10,25,0,54,54,79
05/09/2014,GLH,MS,ASO,CE,Federal Contract Tower,0,2,4,5,11,0,0,3,0,3,0,2,7,5,14,4,60,64,78
05/10/2014,GLH,MS,ASO,CE,Federal Contract Tower,0,1,1,2,4,0,0,3,0,3,0,1,4,2,7,0,50,50,57
05/11/2014,GLH,MS,ASO,CE,Federal Contract Tower,0,3,2,2,7,0,0,1,0,1,0,3,3,2,8,0,26,26,34
05/12/2014,GLH,MS,ASO,CE,Federal Contract Tower,0,3,6,3,12,0,0,13,1,14,0,3,19,4,26,0,76,76,102
05/13/2014,GLH,MS,ASO,CE,Federal Contract Tower,0,3,1,0,4,0,0,6,0,6,0,3,7,0,10,4,0,4,14
05/14/2014,GLH,MS,ASO,CE,Federal Contract Tower,0,1,1,0,2,0,0,0,0,0,0,1,1,0,2,0,0,0,2
05/15/2014,GLH,MS,ASO,CE,Federal Contract Tower,0,3,3,10,16,0,0,11,0,11,0,3,14,10,27,10,114,124,151
05/16/2014,GLH,MS,ASO,CE,Federal Contract Tower,0,0,7,4,11,0,0,14,0,14,0,0,21,4,25,8,66,74,99
05/17/2014,GLH,MS,ASO,CE,Federal Contract Tower,0,0,0,0,0,0,0,0,0,0,0,0,0,0,0,0,0,0,0
05/18/2014,GLH,MS,ASO,CE,Federal Contract Tower,0,2,9,4,15,0,0,3,4,7,0,2,12,8,22,0,0,0,22
05/19/2014,GLH,MS,ASO,CE,Federal Contract Tower,0,3,4,6,13,0,0,11,0,11,0,3,15,6,24,2,108,110,134
05/20/2014,GLH,MS,ASO,CE,Federal Contract Tower,0,3,0,22,25,0,0,15,0,15,0,3,15,22,40,4,136,140,180
05/21/2014,GLH,MS,ASO,CE,Federal Contract Tower,0,3,2,8,13,0,0,14,2,16,0,3,16,10,29,0,42,42,71
05/22/2014,GLH,MS,ASO,CE,Federal Contract Tower,0,3,6,6,15,0,0,11,5,16,0,3,17,11,31,6,82,88,119
05/23/2014,GLH,MS,ASO,CE,Federal Contract Tower,0,2,3,2,7,0,0,10,0,10,0,2,13,2,17,2,0,2,19
05/24/2014,GLH,MS,ASO,CE,Federal Contract Tower,0,0,3,0,3,0,0,8,0,8,0,0,11,0,11,0,0,0,11
05/25/2014,GLH,MS,ASO,CE,Federal Contract Tower,0,3,4,0,7,0,0,8,0,8,0,3,12,0,15,4,0,4,19
05/26/2014,GLH,MS,ASO,CE,Federal Contract Tower,0,3,3,0,6,0,0,10,0,10,0,3,13,0,16,10,0,10,26
05/27/2014,GLH,MS,ASO,CE,Federal Contract Tower,0,2,0,10,12,0,0,8,0,8,0,2,8,10,20,2,128,130,150
05/28/2014,GLH,MS,ASO,CE,Federal Contract Tower,0,4,0,4,8,0,0,0,0,0,0,4,0,4,8,12,0,12,20
05/29/2014,GLH,MS,ASO,CE,Federal Contract Tower,0,2,1,0,3,0,0,0,0,0,0,2,1,0,3,0,0,0,3
05/30/2014,GLH,MS,ASO,CE,Federal Contract Tower,0,4,2,0,6,0,0,1,0,1,0,4,3,0,7,0,0,0,7
05/31/2014,GLH,MS,ASO,CE,Federal Contract Tower,0,0,2,0,2,0,0,1,0,1,0,0,3,0,3,0,0,0,3
06/01/2014,GLH,MS,ASO,CE,Federal Contract Tower,0,3,4,0,7,0,0,5,0,5,0,3,9,0,12,14,0,14,26
06/02/2014,GLH,MS,ASO,CE,Federal Contract Tower,0,3,2,5,10,0,0,2,8,10,0,3,4,13,20,0,62,62,82
06/03/2014,GLH,MS,ASO,CE,Federal Contract Tower,0,3,7,9,19,0,0,45,0,45,0,3,52,9,64,8,126,134,198
06/04/2014,GLH,MS,ASO,CE,Federal Contract Tower,0,2,4,6,12,0,0,5,0,5,0,2,9,6,17,0,68,68,85
06/05/2014,GLH,MS,ASO,CE,Federal Contract Tower,0,4,6,7,17,0,0,19,0,19,0,4,25,7,36,4,58,62,98
06/06/2014,GLH,MS,ASO,CE,Federal Contract Tower,0,2,3,2,7,0,0,11,0,11,0,2,14,2,18,0,10,10,28
06/07/2014,GLH,MS,ASO,CE,Federal Contract Tower,0,2,3,0,5,0,0,13,0,13,0,2,16,0,18,0,0,0,18
06/08/2014,GLH,MS,ASO,CE,Federal Contract Tower,0,3,5,0,8,0,0,4,0,4,0,3,9,0,12,0,0,0,12
06/09/2014,GLH,MS,ASO,CE,Federal Contract Tower,0,3,7,2,12,0,0,4,0,4,0,3,11,2,16,0,4,4,20
06/10/2014,GLH,MS,ASO,CE,Federal Contract Tower,0,2,0,7,9,0,0,6,0,6,0,2,6,7,15,0,34,34,49
06/11/2014,GLH,MS,ASO,CE,Federal Contract Tower,0,4,1,21,26,0,0,1,0,1,0,4,2,21,27,0,194,194,221
06/12/2014,GLH,MS,ASO,CE,Federal Contract Tower,0,3,6,8,17,0,0,10,0,10,0,3,16,8,27,4,50,54,81
06/13/2014,GLH,MS,ASO,CE,Federal Contract Tower,0,2,2,11,15,0,0,6,6,12,0,2,8,17,27,0,126,126,153
06/14/2014,GLH,MS,ASO,CE,Federal Contract Tower,0,0,4,0,4,0,0,14,0,14,0,0,18,0,18,0,0,0,18
06/15/2014,GLH,MS,ASO,CE,Federal Contract Tower,0,3,3,0,6,0,0,7,0,7,0,3,10,0,13,16,0,16,29
06/16/2014,GLH,MS,ASO,CE,Federal Contract Tower,0,3,4,9,16,0,0,16,2,18,0,3,20,11,34,0,72,72,106
06/17/2014,GLH,MS,ASO,CE,Federal Contract Tower,0,3,1,12,16,0,0,11,1,12,0,3,12,13,28,4,86,90,118
06/18/2014,GLH,MS,ASO,CE,Federal Contract Tower,0,3,4,8,15,0,0,4,0,4,0,3,8,8,19,8,66,74,93
06/19/2014,GLH,MS,ASO,CE,Federal Contract Tower,0,2,7,13,22,0,0,6,0,6,0,2,13,13,28,0,112,112,140
06/20/2014,GLH,MS,ASO,CE,Federal Contract Tower,0,3,2,14,19,0,0,10,0,10,0,3,12,14,29,14,72,86,115
06/21/2014,GLH,MS,ASO,CE,Federal Contract Tower,0,0,2,0,2,0,0,6,0,6,0,0,8,0,8,0,0,0,8
06/22/2014,GLH,MS,ASO,CE,Federal Contract Tower,0,2,6,0,8,0,0,1,0,1,0,2,7,0,9,0,0,0,9
06/23/2014,GLH,MS,ASO,CE,Federal Contract Tower,0,3,2,11,16,0,0,11,1,12,0,3,13,12,28,2,92,94,122
06/24/2014,GLH,MS,ASO,CE,Federal Contract Tower,0,3,5,17,25,0,0,12,0,12,0,3,17,17,37,4,224,228,265
06/25/2014,GLH,MS,ASO,CE,Federal Contract Tower,0,2,5,8,15,0,0,6,0,6,0,2,11,8,21,2,108,110,131
06/26/2014,GLH,MS,ASO,CE,Federal Contract Tower,0,3,5,12,20,0,0,0,0,0,0,3,5,12,20,0,84,84,104
06/27/2014,GLH,MS,ASO,CE,Federal Contract Tower,0,3,2,2,7,0,0,5,0,5,0,3,7,2,12,2,10,12,24
06/28/2014,GLH,MS,ASO,CE,Federal Contract Tower,0,0,1,0,1,0,0,6,0,6,0,0,7,0,7,12,0,12,19
06/29/2014,GLH,MS,ASO,CE,Federal Contract Tower,0,3,8,1,12,0,0,2,1,3,0,3,10,2,15,0,4,4,19
06/30/2014,GLH,MS,ASO,CE,Federal Contract Tower,0,3,1,15,19,0,0,16,0,16,0,3,17,15,35,4,130,134,169
07/01/2014,GLH,MS,ASO,CE,Federal Contract Tower,0,2,2,12,16,0,0,23,0,23,0,2,25,12,39,8,96,104,143
07/02/2014,GLH,MS,ASO,CE,Federal Contract Tower,0,5,0,9,14,0,0,5,0,5,0,5,5,9,19,2,54,56,75
07/03/2014,GLH,MS,ASO,CE,Federal Contract Tower,0,3,5,3,11,0,0,18,1,19,0,3,23,4,30,4,24,28,58
07/04/2014,GLH,MS,ASO,CE,Federal Contract Tower,0,3,4,0,7,0,0,4,0,4,0,3,8,0,11,0,0,0,11
07/05/2014,GLH,MS,ASO,CE,Federal Contract Tower,0,0,2,0,2,0,0,5,0,5,0,0,7,0,7,0,0,0,7
07/06/2014,GLH,MS,ASO,CE,Federal Contract Tower,0,3,2,0,5,0,0,0,0,0,0,3,2,0,5,0,0,0,5
07/07/2014,GLH,MS,ASO,CE,Federal Contract Tower,0,3,2,0,5,0,0,9,0,9,0,3,11,0,14,16,0,16,30
07/08/2014,GLH,MS,ASO,CE,Federal Contract Tower,0,2,10,14,26,0,0,4,0,4,0,2,14,14,30,0,196,196,226
07/09/2014,GLH,MS,ASO,CE,Federal Contract Tower,0,3,6,5,14,0,0,8,0,8,0,3,14,5,22,12,70,82,104
07/10/2014,GLH,MS,ASO,CE,Federal Contract Tower,0,3,0,10,13,0,0,54,2,56,0,3,54,12,69,0,150,150,219
07/11/2014,GLH,MS,ASO,CE,Federal Contract Tower,0,3,5,6,14,0,0,29,0,29,0,3,34,6,43,2,44,46,89
07/12/2014,GLH,MS,ASO,CE,Federal Contract Tower,0,0,0,2,2,0,0,41,16,57,0,0,41,18,59,0,0,0,59
07/13/2014,GLH,MS,ASO,CE,Federal Contract Tower,0,3,0,0,3,0,0,5,0,5,0,3,5,0,8,0,0,0,8
07/14/2014,GLH,MS,ASO,CE,Federal Contract Tower,0,2,5,8,15,0,0,4,10,14,0,2,9,18,29,4,154,158,187
07/15/2014,GLH,MS,ASO,CE,Federal Contract Tower,0,2,0,6,8,0,0,7,0,7,0,2,7,6,15,0,72,72,87
07/16/2014,GLH,MS,ASO,CE,Federal Contract Tower,0,4,5,15,24,0,0,28,14,42,0,4,33,29,66,0,116,116,182
07/17/2014,GLH,MS,ASO,CE,Federal Contract Tower,0,3,4,8,15,0,0,24,1,25,0,3,28,9,40,0,76,76,116
07/18/2014,GLH,MS,ASO,CE,Federal Contract Tower,0,2,0,1,3,0,0,0,0,0,0,2,0,1,3,0,0,0,3
07/19/2014,GLH,MS,ASO,CE,Federal Contract Tower,0,0,0,2,2,0,0,2,0,2,0,0,2,2,4,0,10,10,14
07/20/2014,GLH,MS,ASO,CE,Federal Contract Tower,0,3,0,2,5,0,0,18,0,18,0,3,18,2,23,0,6,6,29
07/21/2014,GLH,MS,ASO,CE,Federal Contract Tower,0,2,0,4,6,0,0,14,0,14,0,2,14,4,20,0,74,74,94
07/22/2014,GLH,MS,ASO,CE,Federal Contract Tower,0,3,4,17,24,0,0,7,0,7,0,3,11,17,31,0,230,230,261
07/23/2014,GLH,MS,ASO,CE,Federal Contract Tower,0,2,3,4,9,0,0,13,2,15,0,2,16,6,24,14,46,60,84
07/24/2014,GLH,MS,ASO,CE,Federal Contract Tower,0,2,8,26,36,0,0,36,0,36,0,2,44,26,72,2,40,42,114
07/25/2014,GLH,MS,ASO,CE,Federal Contract Tower,0,4,0,8,12,0,0,53,0,53,0,4,53,8,65,2,148,150,215
07/26/2014,GLH,MS,ASO,CE,Federal Contract Tower,0,0,0,0,0,0,0,17,0,17,0,0,17,0,17,0,0,0,17
07/27/2014,GLH,MS,ASO,CE,Federal Contract Tower,0,2,1,0,3,0,0,3,0,3,0,2,4,0,6,2,0,2,8
07/28/2014,GLH,MS,ASO,CE,Federal Contract Tower,0,3,3,6,12,0,0,8,0,8,0,3,11,6,20,16,76,92,112
07/29/2014,GLH,MS,ASO,CE,Federal Contract Tower,0,3,2,6,11,0,0,41,0,41,0,3,43,6,52,0,102,102,154
07/30/2014,GLH,MS,ASO,CE,Federal Contract Tower,0,3,5,3,11,0,0,2,1,3,0,3,7,4,14,0,42,42,56
07/31/2014,GLH,MS,ASO,CE,Federal Contract Tower,0,3,3,4,10,0,0,2,0,2,0,3,5,4,12,2,22,24,36
08/01/2014,GLH,MS,ASO,CE,Federal Contract Tower,0,3,1,1,5,0,0,0,0,0,0,3,1,1,5,0,4,4,9
08/02/2014,GLH,MS,ASO,CE,Federal Contract Tower,0,0,0,0,0,0,0,6,0,6,0,0,6,0,6,12,0,12,18
08/03/2014,GLH,MS,ASO,CE,Federal Contract Tower,0,3,2,0,5,0,0,8,0,8,0,3,10,0,13,0,0,0,13
08/04/2014,GLH,MS,ASO,CE,Federal Contract Tower,0,3,2,7,12,0,0,7,0,7,0,3,9,7,19,8,86,94,113
08/05/2014,GLH,MS,ASO,CE,Federal Contract Tower,0,3,6,6,15,0,0,9,0,9,0,3,15,6,24,6,70,76,100
08/06/2014,GLH,MS,ASO,CE,Federal Contract Tower,0,3,7,13,23,0,0,26,1,27,0,3,33,14,50,20,134,154,204
08/07/2014,GLH,MS,ASO,CE,Federal Contract Tower,0,2,2,6,10,0,0,4,0,4,0,2,6,6,14,14,52,66,80
08/08/2014,GLH,MS,ASO,CE,Federal Contract Tower,0,2,0,3,5,0,0,6,1,7,0,2,6,4,12,2,32,34,46
08/09/2014,GLH,MS,ASO,CE,Federal Contract Tower,0,0,0,2,2,0,0,5,8,13,0,0,5,10,15,0,0,0,15
08/10/2014,GLH,MS,ASO,CE,Federal Contract Tower,0,3,2,4,9,0,0,2,12,14,0,3,4,16,23,0,8,8,31
08/11/2014,GLH,MS,ASO,CE,Federal Contract Tower,0,2,0,0,2,0,0,0,0,0,0,2,0,0,2,0,0,0,2
08/12/2014,GLH,MS,ASO,CE,Federal Contract Tower,0,3,3,10,16,0,0,10,0,10,0,3,13,10,26,4,156,160,186
08/13/2014,GLH,MS,ASO,CE,Federal Contract Tower,0,2,4,6,12,0,0,36,2,38,0,2,40,8,50,0,58,58,108
08/14/2014,GLH,MS,ASO,CE,Federal Contract Tower,0,3,0,5,8,0,0,12,0,12,0,3,12,5,20,0,40,40,60
08/15/2014,GLH,MS,ASO,CE,Federal Contract Tower,0,2,5,9,16,0,0,12,0,12,0,2,17,9,28,0,78,78,106
08/16/2014,GLH,MS,ASO,CE,Federal Contract Tower,0,0,1,1,2,0,0,5,1,6,0,0,6,2,8,4,0,4,12
08/17/2014,GLH,MS,ASO,CE,Federal Contract Tower,0,2,5,5,12,0,0,2,0,2,0,2,7,5,14,0,8,8,22
08/18/2014,GLH,MS,ASO,CE,Federal Contract Tower,0,2,5,5,12,0,0,0,0,0,0,2,5,5,12,0,42,42,54
08/19/2014,GLH,MS,ASO,CE,Federal Contract Tower,0,3,1,8,12,0,0,12,0,12,0,3,13,8,24,8,104,112,136
08/20/2014,GLH,MS,ASO,CE,Federal Contract Tower,0,3,2,8,13,0,0,18,1,19,0,3,20,9,32,4,62,66,98
08/21/2014,GLH,MS,ASO,CE,Federal Contract Tower,0,3,8,7,18,0,0,17,0,17,0,3,25,7,35,4,90,94,129
08/22/2014,GLH,MS,ASO,CE,Federal Contract Tower,0,2,4,7,13,0,0,35,3,38,0,2,39,10,51,4,74,78,129
08/23/2014,GLH,MS,ASO,CE,Federal Contract Tower,0,0,2,0,2,0,0,24,0,24,0,0,26,0,26,0,0,0,26
08/24/2014,GLH,MS,ASO,CE,Federal Contract Tower,0,3,3,0,6,0,0,4,8,12,0,3,7,8,18,0,0,0,18
08/25/2014,GLH,MS,ASO,CE,Federal Contract Tower,0,3,2,11,16,0,0,4,5,9,0,3,6,16,25,4,84,88,113
08/26/2014,GLH,MS,ASO,CE,Federal Contract Tower,0,3,0,8,11,0,0,9,0,9,0,3,9,8,20,4,88,92,112
08/27/2014,GLH,MS,ASO,CE,Federal Contract Tower,0,3,2,9,14,0,0,12,1,13,0,3,14,10,27,0,92,92,119
08/28/2014,GLH,MS,ASO,CE,Federal Contract Tower,0,3,6,10,19,0,0,19,0,19,0,3,25,10,38,8,122,130,168
08/29/2014,GLH,MS,ASO,CE,Federal Contract Tower,0,3,4,2,9,0,0,10,2,12,0,3,14,4,21,12,0,12,33
08/30/2014,GLH,MS,ASO,CE,Federal Contract Tower,0,0,0,0,0,0,0,0,0,0,0,0,0,0,0,0,0,0,0
08/31/2014,GLH,MS,ASO,CE,Federal Contract Tower,0,3,4,6,13,0,0,4,0,4,0,3,8,6,17,6,0,6,23
09/01/2014,GLH,MS,ASO,CE,Federal Contract Tower,0,3,2,0,5,0,0,5,0,5,0,3,7,0,10,0,0,0,10
09/02/2014,GLH,MS,ASO,CE,Federal Contract Tower,0,2,4,8,14,0,0,5,0,5,0,2,9,8,19,0,62,62,81
09/03/2014,GLH,MS,ASO,CE,Federal Contract Tower,0,4,2,6,12,0,0,63,6,69,0,4,65,12,81,0,70,70,151
09/04/2014,GLH,MS,ASO,CE,Federal Contract Tower,0,2,3,13,18,0,0,39,0,39,0,2,42,13,57,6,126,132,189
09/05/2014,GLH,MS,ASO,CE,Federal Contract Tower,0,4,5,8,17,0,0,30,0,30,0,4,35,8,47,4,74,78,125
09/06/2014,GLH,MS,ASO,CE,Federal Contract Tower,0,0,5,0,5,0,0,18,0,18,0,0,23,0,23,10,0,10,33
09/07/2014,GLH,MS,ASO,CE,Federal Contract Tower,0,2,9,0,11,0,0,2,0,2,0,2,11,0,13,0,0,0,13
09/08/2014,GLH,MS,ASO,CE,Federal Contract Tower,0,4,2,6,12,0,0,32,2,34,0,4,34,8,46,4,102,106,152
09/09/2014,GLH,MS,ASO,CE,Federal Contract Tower,0,3,4,9,16,0,0,8,0,8,0,3,12,9,24,0,88,88,112
09/10/2014,GLH,MS,ASO,CE,Federal Contract Tower,0,3,8,6,17,0,0,7,3,10,0,3,15,9,27,4,78,82,109
09/11/2014,GLH,MS,ASO,CE,Federal Contract Tower,0,2,6,2,10,0,0,21,2,23,0,2,27,4,33,0,8,8,41
09/12/2014,GLH,MS,ASO,CE,Federal Contract Tower,0,4,6,2,12,0,0,0,0,0,0,4,6,2,12,0,0,0,12
09/13/2014,GLH,MS,ASO,CE,Federal Contract Tower,0,0,9,0,9,0,0,0,0,0,0,0,9,0,9,0,0,0,9
09/14/2014,GLH,MS,ASO,CE,Federal Contract Tower,0,3,1,0,4,0,0,5,0,5,0,3,6,0,9,0,0,0,9
09/15/2014,GLH,MS,ASO,CE,Federal Contract Tower,0,3,0,9,12,0,0,5,5,10,0,3,5,14,22,0,154,154,176
09/16/2014,GLH,MS,ASO,CE,Federal Contract Tower,0,3,1,5,9,0,0,17,0,17,0,3,18,5,26,0,74,74,100
09/17/2014,GLH,MS,ASO,CE,Federal Contract Tower,0,3,3,5,11,0,0,14,2,16,0,3,17,7,27,0,36,36,63
09/18/2014,GLH,MS,ASO,CE,Federal Contract Tower,0,3,2,4,9,0,0,9,0,9,0,3,11,4,18,2,26,28,46
09/19/2014,GLH,MS,ASO,CE,Federal Contract Tower,0,3,1,5,9,0,0,24,1,25,0,3,25,6,34,0,66,66,100
09/20/2014,GLH,MS,ASO,CE,Federal Contract Tower,0,0,4,0,4,0,0,4,0,4,0,0,8,0,8,4,0,4,12
09/21/2014,GLH,MS,ASO,CE,Federal Contract Tower,0,3,2,4,9,0,0,0,0,0,0,3,2,4,9,0,22,22,31
09/22/2014,GLH,MS,ASO,CE,Federal Contract Tower,0,3,0,4,7,0,0,4,0,4,0,3,4,4,11,4,58,62,73
09/23/2014,GLH,MS,ASO,CE,Federal Contract Tower,0,3,8,3,14,0,0,11,0,11,0,3,19,3,25,4,76,80,105
09/24/2014,GLH,MS,ASO,CE,Federal Contract Tower,0,3,1,2,6,0,0,20,2,22,0,3,21,4,28,2,12,14,42
09/25/2014,GLH,MS,ASO,CE,Federal Contract Tower,0,2,5,2,9,0,0,17,0,17,0,2,22,2,26,4,40,44,70
09/26/2014,GLH,MS,ASO,CE,Federal Contract Tower,0,4,2,10,16,0,0,20,1,21,0,4,22,11,37,10,78,88,125
09/27/2014,GLH,MS,ASO,CE,Federal Contract Tower,0,0,0,0,0,0,0,6,1,7,0,0,6,1,7,0,0,0,7
09/28/2014,GLH,MS,ASO,CE,Federal Contract Tower,0,2,4,7,13,0,0,0,2,2,0,2,4,9,15,0,8,8,23
09/29/2014,GLH,MS,ASO,CE,Federal Contract Tower,0,2,4,0,6,0,0,5,0,5,0,2,9,0,11,4,0,4,15
09/30/2014,GLH,MS,ASO,CE,Federal Contract Tower,0,3,0,0,3,0,0,14,0,14,0,3,14,0,17,0,0,0,17
10/01/2014,GLH,MS,ASO,CE,Federal Contract Tower,0,1,6,6,13,0,0,8,0,8,0,1,14,6,21,2,150,152,173
10/02/2014,GLH,MS,ASO,CE,Federal Contract Tower,1,0,3,0,4,0,0,2,0,2,1,0,5,0,6,0,0,0,6
10/03/2014,GLH,MS,ASO,CE,Federal Contract Tower,0,0,5,13,18,0,0,7,1,8,0,0,12,14,26,0,112,112,138
10/04/2014,GLH,MS,ASO,CE,Federal Contract Tower,0,0,1,0,1,0,0,10,0,10,0,0,11,0,11,0,0,0,11
10/05/2014,GLH,MS,ASO,CE,Federal Contract Tower,0,0,2,0,2,0,0,2,6,8,0,0,4,6,10,0,0,0,10
10/06/2014,GLH,MS,ASO,CE,Federal Contract Tower,0,0,7,2,9,0,0,7,0,7,0,0,14,2,16,0,26,26,42
10/07/2014,GLH,MS,ASO,CE,Federal Contract Tower,0,0,3,11,14,0,0,13,0,13,0,0,16,11,27,8,182,190,217
10/08/2014,GLH,MS,ASO,CE,Federal Contract Tower,0,0,10,12,22,0,0,9,1,10,0,0,19,13,32,0,148,148,180
10/09/2014,GLH,MS,ASO,CE,Federal Contract Tower,0,0,0,7,7,0,0,8,2,10,0,0,8,9,17,8,142,150,167
10/10/2014,GLH,MS,ASO,CE,Federal Contract Tower,0,0,8,9,17,0,0,11,0,11,0,0,19,9,28,2,66,68,96
10/11/2014,GLH,MS,ASO,CE,Federal Contract Tower,0,0,1,0,1,0,0,4,0,4,0,0,5,0,5,10,0,10,15
10/12/2014,GLH,MS,ASO,CE,Federal Contract Tower,0,0,3,0,3,0,0,0,0,0,0,0,3,0,3,0,0,0,3
10/13/2014,GLH,MS,ASO,CE,Federal Contract Tower,0,0,1,0,1,0,0,0,0,0,0,0,1,0,1,0,0,0,1
10/14/2014,GLH,MS,ASO,CE,Federal Contract Tower,0,0,5,12,17,0,0,2,1,3,0,0,7,13,20,0,146,146,166
10/15/2014,GLH,MS,ASO,CE,Federal Contract Tower,0,0,3,5,8,0,0,7,1,8,0,0,10,6,16,14,24,38,54
10/16/2014,GLH,MS,ASO,CE,Federal Contract Tower,0,0,7,4,11,0,0,18,0,18,0,0,25,4,29,80,102,182,211
10/17/2014,GLH,MS,ASO,CE,Federal Contract Tower,0,2,9,8,19,0,0,7,4,11,0,2,16,12,30,0,146,146,176
10/18/2014,GLH,MS,ASO,CE,Federal Contract Tower,0,0,5,0,5,0,0,6,0,6,0,0,11,0,11,6,0,6,17
10/19/2014,GLH,MS,ASO,CE,Federal Contract Tower,0,0,3,0,3,0,0,6,0,6,0,0,9,0,9,2,0,2,11
10/20/2014,GLH,MS,ASO,CE,Federal Contract Tower,0,0,3,8,11,0,0,6,0,6,0,0,9,8,17,2,136,138,155
10/21/2014,GLH,MS,ASO,CE,Federal Contract Tower,0,0,9,6,15,0,0,12,2,14,0,0,21,8,29,4,80,84,113
10/22/2014,GLH,MS,ASO,CE,Federal Contract Tower,0,0,4,4,8,0,0,4,0,4,0,0,8,4,12,0,56,56,68
10/23/2014,GLH,MS,ASO,CE,Federal Contract Tower,0,0,2,4,6,0,0,8,0,8,0,0,10,4,14,4,62,66,80
10/24/2014,GLH,MS,ASO,CE,Federal Contract Tower,0,0,2,7,9,0,0,12,0,12,0,0,14,7,21,8,22,30,51
10/25/2014,GLH,MS,ASO,CE,Federal Contract Tower,0,0,1,0,1,0,0,2,0,2,0,0,3,0,3,0,0,0,3
10/26/2014,GLH,MS,ASO,CE,Federal Contract Tower,0,0,4,0,4,0,0,5,0,5,0,0,9,0,9,0,0,0,9
10/27/2014,GLH,MS,ASO,CE,Federal Contract Tower,0,0,2,7,9,0,0,8,0,8,0,0,10,7,17,0,74,74,91
10/28/2014,GLH,MS,ASO,CE,Federal Contract Tower,0,0,1,2,3,0,0,2,0,2,0,0,3,2,5,0,38,38,43
10/29/2014,GLH,MS,ASO,CE,Federal Contract Tower,0,0,1,8,9,0,0,13,1,14,0,0,14,9,23,4,104,108,131
10/30/2014,GLH,MS,ASO,CE,Federal Contract Tower,0,0,6,7,13,0,0,20,3,23,0,0,26,10,36,0,94,94,130
10/31/2014,GLH,MS,ASO,CE,Federal Contract Tower,0,0,5,7,12,0,0,17,0,17,0,0,22,7,29,2,48,50,79
11/01/2014,GLH,MS,ASO,CE,Federal Contract Tower,0,0,0,5,5,0,0,3,1,4,0,0,3,6,9,8,22,30,39
11/02/2014,GLH,MS,ASO,CE,Federal Contract Tower,0,0,2,2,4,0,0,7,2,9,0,0,9,4,13,0,12,12,25
11/03/2014,GLH,MS,ASO,CE,Federal Contract Tower,0,0,3,13,16,0,0,14,6,20,0,0,17,19,36,4,42,46,82
11/04/2014,GLH,MS,ASO,CE,Federal Contract Tower,0,0,5,11,16,0,0,6,0,6,0,0,11,11,22,4,82,86,108
11/05/2014,GLH,MS,ASO,CE,Federal Contract Tower,0,0,8,0,8,0,0,0,0,0,0,0,8,0,8,0,0,0,8
11/06/2014,GLH,MS,ASO,CE,Federal Contract Tower,0,0,1,5,6,0,0,16,0,16,0,0,17,5,22,12,56,68,90
11/07/2014,GLH,MS,ASO,CE,Federal Contract Tower,0,0,0,9,9,0,0,14,0,14,0,0,14,9,23,12,46,58,81
11/08/2014,GLH,MS,ASO,CE,Federal Contract Tower,0,0,0,0,0,0,0,10,0,10,0,0,10,0,10,0,0,0,10
11/09/2014,GLH,MS,ASO,CE,Federal Contract Tower,0,0,3,3,6,0,0,3,0,3,0,0,6,3,9,0,38,38,47
11/10/2014,GLH,MS,ASO,CE,Federal Contract Tower,0,0,0,1,1,0,0,13,0,13,0,0,13,1,14,8,4,12,26
11/11/2014,GLH,MS,ASO,CE,Federal Contract Tower,0,0,1,0,1,0,0,10,0,10,0,0,11,0,11,2,0,2,13
11/12/2014,GLH,MS,ASO,CE,Federal Contract Tower,0,0,0,8,8,0,0,0,2,2,0,0,0,10,10,0,42,42,52
11/13/2014,GLH,MS,ASO,CE,Federal Contract Tower,0,0,6,12,18,0,0,16,2,18,0,0,22,14,36,18,80,98,134
11/14/2014,GLH,MS,ASO,CE,Federal Contract Tower,0,0,1,9,10,0,0,10,0,10,0,0,11,9,20,36,78,114,134
11/15/2014,GLH,MS,ASO,CE,Federal Contract Tower,0,0,1,0,1,0,0,8,0,8,0,0,9,0,9,10,0,10,19
11/16/2014,GLH,MS,ASO,CE,Federal Contract Tower,0,0,3,0,3,0,0,0,0,0,0,0,3,0,3,0,0,0,3
11/17/2014,GLH,MS,ASO,CE,Federal Contract Tower,0,0,3,6,9,0,0,11,0,11,0,0,14,6,20,4,116,120,140
11/18/2014,GLH,MS,ASO,CE,Federal Contract Tower,0,0,3,5,8,0,0,12,0,12,0,0,15,5,20,8,92,100,120
11/19/2014,GLH,MS,ASO,CE,Federal Contract Tower,0,0,1,8,9,0,0,5,22,27,0,0,6,30,36,2,102,104,140
11/20/2014,GLH,MS,ASO,CE,Federal Contract Tower,0,0,3,5,8,0,0,4,0,4,0,0,7,5,12,0,70,70,82
11/21/2014,GLH,MS,ASO,CE,Federal Contract Tower,0,0,4,7,11,0,0,12,1,13,0,0,16,8,24,12,90,102,126
11/22/2014,GLH,MS,ASO,CE,Federal Contract Tower,0,0,0,0,0,0,0,0,2,2,0,0,0,2,2,0,4,4,6
11/23/2014,GLH,MS,ASO,CE,Federal Contract Tower,0,0,2,0,2,0,0,0,0,0,0,0,2,0,2,0,0,0,2
11/24/2014,GLH,MS,ASO,CE,Federal Contract Tower,0,0,6,2,8,0,0,7,0,7,0,0,13,2,15,2,32,34,49
11/25/2014,GLH,MS,ASO,CE,Federal Contract Tower,0,0,5,4,9,0,0,14,0,14,0,0,19,4,23,4,62,66,89
11/26/2014,GLH,MS,ASO,CE,Federal Contract Tower,0,0,3,0,3,0,0,4,0,4,0,0,7,0,7,6,0,6,13
11/27/2014,GLH,MS,ASO,CE,Federal Contract Tower,0,0,3,0,3,0,0,2,0,2,0,0,5,0,5,0,0,0,5
11/28/2014,GLH,MS,ASO,CE,Federal Contract Tower,0,0,7,0,7,0,0,16,0,16,0,0,23,0,23,0,0,0,23
11/29/2014,GLH,MS,ASO,CE,Federal Contract Tower,0,0,4,0,4,0,0,4,0,4,0,0,8,0,8,8,0,8,16
11/30/2014,GLH,MS,ASO,CE,Federal Contract Tower,0,0,2,0,2,0,0,3,0,3,0,0,5,0,5,0,0,0,5
12/01/2014,GLH,MS,ASO,CE,Federal Contract Tower,0,0,0,0,0,0,0,2,0,2,0,0,2,0,2,2,0,2,4
12/02/2014,GLH,MS,ASO,CE,Federal Contract Tower,0,0,0,0,0,0,0,0,0,0,0,0,0,0,0,0,0,0,0
12/03/2014,GLH,MS,ASO,CE,Federal Contract Tower,0,0,7,0,7,0,0,0,0,0,0,0,7,0,7,0,14,14,21
12/04/2014,GLH,MS,ASO,CE,Federal Contract Tower,0,0,4,2,6,0,0,6,2,8,0,0,10,4,14,0,46,46,60
12/05/2014,GLH,MS,ASO,CE,Federal Contract Tower,0,0,8,0,8,0,0,0,0,0,0,0,8,0,8,0,0,0,8
12/06/2014,GLH,MS,ASO,CE,Federal Contract Tower,0,0,0,0,0,0,0,4,0,4,0,0,4,0,4,0,0,0,4
12/07/2014,GLH,MS,ASO,CE,Federal Contract Tower,0,0,2,0,2,0,0,5,0,5,0,0,7,0,7,0,0,0,7
12/08/2014,GLH,MS,ASO,CE,Federal Contract Tower,0,0,3,4,7,0,0,25,0,25,0,0,28,4,32,34,48,82,114
12/09/2014,GLH,MS,ASO,CE,Federal Contract Tower,0,0,3,6,9,0,0,9,0,9,0,0,12,6,18,6,86,92,110
12/10/2014,GLH,MS,ASO,CE,Federal Contract Tower,0,0,2,10,12,0,0,16,0,16,0,0,18,10,28,6,68,74,102
12/11/2014,GLH,MS,ASO,CE,Federal Contract Tower,0,0,1,6,7,0,0,8,0,8,0,0,9,6,15,14,104,118,133
12/12/2014,GLH,MS,ASO,CE,Federal Contract Tower,0,0,4,0,4,0,0,11,0,11,0,0,15,0,15,26,0,26,41
12/13/2014,GLH,MS,ASO,CE,Federal Contract Tower,0,0,5,0,5,0,0,9,0,9,0,0,14,0,14,8,0,8,22
12/14/2014,GLH,MS,ASO,CE,Federal Contract Tower,0,0,0,0,0,0,0,1,0,1,0,0,1,0,1,0,0,0,1
12/15/2014,GLH,MS,ASO,CE,Federal Contract Tower,0,0,0,0,0,0,0,2,0,2,0,0,2,0,2,0,0,0,2
12/16/2014,GLH,MS,ASO,CE,Federal Contract Tower,0,0,0,6,6,0,0,12,0,12,0,0,12,6,18,8,54,62,80
12/17/2014,GLH,MS,ASO,CE,Federal Contract Tower,0,0,4,8,12,0,0,12,0,12,0,0,16,8,24,8,88,96,120
12/18/2014,GLH,MS,ASO,CE,Federal Contract Tower,0,0,10,11,21,0,0,4,4,8,0,0,14,15,29,16,84,100,129
12/19/2014,GLH,MS,ASO,CE,Federal Contract Tower,0,0,5,2,7,0,0,0,0,0,0,0,5,2,7,0,0,0,7
12/20/2014,GLH,MS,ASO,CE,Federal Contract Tower,0,0,3,0,3,0,0,3,1,4,0,0,6,1,7,0,0,0,7
12/21/2014,GLH,MS,ASO,CE,Federal Contract Tower,0,0,4,2,6,0,0,4,4,8,0,0,8,6,14,0,30,30,44
12/22/2014,GLH,MS,ASO,CE,Federal Contract Tower,0,0,4,0,4,0,0,2,0,2,0,0,6,0,6,0,0,0,6
12/23/2014,GLH,MS,ASO,CE,Federal Contract Tower,0,0,2,6,8,0,0,0,0,0,0,0,2,6,8,0,24,24,32
12/24/2014,GLH,MS,ASO,CE,Federal Contract Tower,0,0,0,0,0,0,0,0,0,0,0,0,0,0,0,0,0,0,0
12/25/2014,GLH,MS,ASO,CE,Federal Contract Tower,0,0,3,0,3,0,0,4,0,4,0,0,7,0,7,6,0,6,13
12/26/2014,GLH,MS,ASO,CE,Federal Contract Tower,0,0,7,0,7,0,0,3,0,3,0,0,10,0,10,0,0,0,10
12/27/2014,GLH,MS,ASO,CE,Federal Contract Tower,0,0,1,0,1,0,0,0,0,0,0,0,1,0,1,0,0,0,1
12/28/2014,GLH,MS,ASO,CE,Federal Contract Tower,0,0,3,0,3,0,0,0,0,0,0,0,3,0,3,0,0,0,3
12/29/2014,GLH,MS,ASO,CE,Federal Contract Tower,0,0,3,0,3,0,0,5,0,5,0,0,8,0,8,0,0,0,8
12/30/2014,GLH,MS,ASO,CE,Federal Contract Tower,0,2,3,0,5,0,0,10,0,10,0,2,13,0,15,0,0,0,15
12/31/2014,GLH,MS,ASO,CE,Federal Contract Tower,0,0,5,0,5,0,0,10,0,10,0,0,15,0,15,32,0,32,47
01/01/2015,GLH,MS,ASO,CE,Federal Contract Tower,0,0,0,0,0,0,0,0,0,0,0,0,0,0,0,0,0,0,0
01/02/2015,GLH,MS,ASO,CE,Federal Contract Tower,0,0,2,0,2,0,0,0,0,0,0,0,2,0,2,0,0,0,2
01/03/2015,GLH,MS,ASO,CE,Federal Contract Tower,0,0,0,0,0,0,0,0,0,0,0,0,0,0,0,0,0,0,0
01/04/2015,GLH,MS,ASO,CE,Federal Contract Tower,0,0,1,0,1,0,0,1,0,1,0,0,2,0,2,0,0,0,2
01/05/2015,GLH,MS,ASO,CE,Federal Contract Tower,0,0,4,0,4,0,0,8,4,12,0,0,12,4,16,2,52,54,70
01/06/2015,GLH,MS,ASO,CE,Federal Contract Tower,0,0,2,12,14,0,0,13,0,13,0,0,15,12,27,8,116,124,151
01/07/2015,GLH,MS,ASO,CE,Federal Contract Tower,0,0,2,2,4,0,0,2,2,4,0,0,4,4,8,0,22,22,30
01/08/2015,GLH,MS,ASO,CE,Federal Contract Tower,0,0,4,2,6,0,0,4,2,6,0,0,8,4,12,0,40,40,52
01/09/2015,GLH,MS,ASO,CE,Federal Contract Tower,0,0,4,16,20,0,0,22,0,22,0,0,26,16,42,10,120,130,172
01/10/2015,GLH,MS,ASO,CE,Federal Contract Tower,0,0,4,0,4,0,0,6,0,6,0,0,10,0,10,8,0,8,18
01/11/2015,GLH,MS,ASO,CE,Federal Contract Tower,0,0,1,0,1,0,0,2,0,2,0,0,3,0,3,0,0,0,3
01/12/2015,GLH,MS,ASO,CE,Federal Contract Tower,0,0,0,0,0,0,0,0,0,0,0,0,0,0,0,0,0,0,0
01/13/2015,GLH,MS,ASO,CE,Federal Contract Tower,0,2,0,0,2,0,0,3,0,3,0,2,3,0,5,0,0,0,5
01/14/2015,GLH,MS,ASO,CE,Federal Contract Tower,0,0,2,8,10,0,0,3,0,3,0,0,5,8,13,0,54,54,67
01/15/2015,GLH,MS,ASO,CE,Federal Contract Tower,0,0,3,4,7,0,0,11,2,13,0,0,14,6,20,4,30,34,54
01/16/2015,GLH,MS,ASO,CE,Federal Contract Tower,0,0,3,8,11,0,0,11,0,11,0,0,14,8,22,8,90,98,120
01/17/2015,GLH,MS,ASO,CE,Federal Contract Tower,0,0,2,4,6,0,0,2,0,2,0,0,4,4,8,0,86,86,94
01/18/2015,GLH,MS,ASO,CE,Federal Contract Tower,0,0,2,2,4,0,0,1,0,1,0,0,3,2,5,0,36,36,41
01/19/2015,GLH,MS,ASO,CE,Federal Contract Tower,0,0,4,0,4,0,0,23,0,23,0,0,27,0,27,24,0,24,51
01/20/2015,GLH,MS,ASO,CE,Federal Contract Tower,0,0,2,7,9,0,0,41,1,42,0,0,43,8,51,0,94,94,145
01/21/2015,GLH,MS,ASO,CE,Federal Contract Tower,0,0,3,9,12,0,0,8,0,8,0,0,11,9,20,10,98,108,128
01/22/2015,GLH,MS,ASO,CE,Federal Contract Tower,0,0,2,0,2,0,0,5,0,5,0,0,7,0,7,2,0,2,9
01/23/2015,GLH,MS,ASO,CE,Federal Contract Tower,0,0,4,0,4,0,0,0,0,0,0,0,4,0,4,0,0,0,4
01/24/2015,GLH,MS,ASO,CE,Federal Contract Tower,0,0,8,2,10,0,0,6,0,6,0,0,14,2,16,4,34,38,54
01/25/2015,GLH,MS,ASO,CE,Federal Contract Tower,0,0,4,1,5,0,0,3,1,4,0,0,7,2,9,0,0,0,9
01/26/2015,GLH,MS,ASO,CE,Federal Contract Tower,0,0,0,11,11,0,0,14,4,18,0,0,14,15,29,8,152,160,189
01/27/2015,GLH,MS,ASO,CE,Federal Contract Tower,0,0,5,2,7,0,0,24,12,36,0,0,29,14,43,0,30,30,73
01/28/2015,GLH,MS,ASO,CE,Federal Contract Tower,0,0,1,5,6,0,0,11,12,23,0,0,12,17,29,14,54,68,97
01/29/2015,GLH,MS,ASO,CE,Federal Contract Tower,0,0,4,10,14,0,0,9,24,33,0,0,13,34,47,2,84,86,133
01/30/2015,GLH,MS,ASO,CE,Federal Contract Tower,0,0,1,13,14,0,0,9,12,21,0,0,10,25,35,6,178,184,219
01/31/2015,GLH,MS,ASO,CE,Federal Contract Tower,0,0,0,2,2,0,0,4,5,9,0,0,4,7,11,2,34,36,47
02/01/2015,GLH,MS,ASO,CE,Federal Contract Tower,0,0,1,0,1,0,0,1,0,1,0,0,2,0,2,0,0,0,2
02/03/2015,GLH,MS,ASO,CE,Federal Contract Tower,0,0,4,11,15,0,0,20,0,20,0,0,24,11,35,16,104,120,155
02/04/2015,GLH,MS,ASO,CE,Federal Contract Tower,0,0,7,8,15,0,0,18,2,20,0,0,25,10,35,20,124,144,179
02/05/2015,GLH,MS,ASO,CE,Federal Contract Tower,0,0,1,6,7,0,0,6,1,7,0,0,7,7,14,18,116,134,148
02/06/2015,GLH,MS,ASO,CE,Federal Contract Tower,0,0,4,4,8,0,0,25,2,27,0,0,29,6,35,22,40,62,97
02/07/2015,GLH,MS,ASO,CE,Federal Contract Tower,0,0,1,0,1,0,0,3,0,3,0,0,4,0,4,0,0,0,4
02/08/2015,GLH,MS,ASO,CE,Federal Contract Tower,0,0,3,2,5,0,0,1,1,2,0,0,4,3,7,0,6,6,13
02/09/2015,GLH,MS,ASO,CE,Federal Contract Tower,0,0,4,6,10,0,0,20,2,22,0,0,24,8,32,6,110,116,148
02/10/2015,GLH,MS,ASO,CE,Federal Contract Tower,0,0,4,8,12,0,0,50,0,50,0,0,54,8,62,4,146,150,212
02/11/2015,GLH,MS,ASO,CE,Federal Contract Tower,0,0,2,2,4,0,0,19,0,19,0,0,21,2,23,12,24,36,59
02/12/2015,GLH,MS,ASO,CE,Federal Contract Tower,0,0,2,6,8,0,0,23,0,23,0,0,25,6,31,10,28,38,69
02/13/2015,GLH,MS,ASO,CE,Federal Contract Tower,0,0,2,11,13,0,0,10,2,12,0,0,12,13,25,2,134,136,161
02/14/2015,GLH,MS,ASO,CE,Federal Contract Tower,0,0,0,0,0,0,0,5,0,5,0,0,5,0,5,0,0,0,5
02/15/2015,GLH,MS,ASO,CE,Federal Contract Tower,0,0,3,0,3,0,0,1,0,1,0,0,4,0,4,0,0,0,4
02/16/2015,GLH,MS,ASO,CE,Federal Contract Tower,0,0,0,0,0,0,0,0,0,0,0,0,0,0,0,0,0,0,0
02/17/2015,GLH,MS,ASO,CE,Federal Contract Tower,0,0,2,5,7,0,0,2,2,4,0,0,4,7,11,0,40,40,51
02/18/2015,GLH,MS,ASO,CE,Federal Contract Tower,0,0,10,8,18,0,0,13,0,13,0,0,23,8,31,16,84,100,131
02/19/2015,GLH,MS,ASO,CE,Federal Contract Tower,0,0,4,9,13,0,0,15,0,15,0,0,19,9,28,16,136,152,180
02/20/2015,GLH,MS,ASO,CE,Federal Contract Tower,0,0,2,0,2,0,0,0,0,0,0,0,2,0,2,0,0,0,2
02/21/2015,GLH,MS,ASO,CE,Federal Contract Tower,0,0,1,0,1,0,0,0,0,0,0,0,1,0,1,0,0,0,1
02/22/2015,GLH,MS,ASO,CE,Federal Contract Tower,0,0,0,0,0,0,0,0,0,0,0,0,0,0,0,0,0,0,0
02/23/2015,GLH,MS,ASO,CE,Federal Contract Tower,0,0,1,0,1,0,0,0,0,0,0,0,1,0,1,0,0,0,1
02/24/2015,GLH,MS,ASO,CE,Federal Contract Tower,0,0,2,2,4,0,0,1,0,1,0,0,3,2,5,0,60,60,65
02/25/2015,GLH,MS,ASO,CE,Federal Contract Tower,0,0,0,0,0,0,0,0,0,0,0,0,0,0,0,0,0,0,0
02/26/2015,GLH,MS,ASO,CE,Federal Contract Tower,0,0,4,0,4,0,0,1,8,9,0,0,5,8,13,0,0,0,13
02/27/2015,GLH,MS,ASO,CE,Federal Contract Tower,0,0,0,4,4,0,0,8,23,31,0,0,8,27,35,6,36,42,77
02/28/2015,GLH,MS,ASO,CE,Federal Contract Tower,0,0,0,2,2,0,0,5,0,5,0,0,5,2,7,6,30,36,43
03/01/2015,GLH,MS,ASO,CE,Federal Contract Tower,0,0,3,0,3,0,0,0,0,0,0,0,3,0,3,0,0,0,3
03/02/2015,GLH,MS,ASO,CE,Federal Contract Tower,0,0,3,0,3,0,0,0,0,0,0,0,3,0,3,0,0,0,3
03/03/2015,GLH,MS,ASO,CE,Federal Contract Tower,0,0,4,0,4,0,0,0,0,0,0,0,4,0,4,0,0,0,4
03/04/2015,GLH,MS,ASO,CE,Federal Contract Tower,0,0,9,0,9,0,0,0,0,0,0,0,9,0,9,0,0,0,9
03/05/2015,GLH,MS,ASO,CE,Federal Contract Tower,0,0,1,0,1,0,0,0,0,0,0,0,1,0,1,0,0,0,1
03/06/2015,GLH,MS,ASO,CE,Federal Contract Tower,0,0,3,0,3,0,0,0,0,0,0,0,3,0,3,0,0,0,3
03/07/2015,GLH,MS,ASO,CE,Federal Contract Tower,0,0,5,0,5,0,0,7,0,7,0,0,12,0,12,8,0,8,20
03/08/2015,GLH,MS,ASO,CE,Federal Contract Tower,0,0,0,0,0,0,0,0,0,0,0,0,0,0,0,0,0,0,0
03/09/2015,GLH,MS,ASO,CE,Federal Contract Tower,0,0,6,2,8,0,0,0,0,0,0,0,6,2,8,0,2,2,10
03/10/2015,GLH,MS,ASO,CE,Federal Contract Tower,0,0,6,0,6,0,0,0,0,0,0,0,6,0,6,0,0,0,6
03/11/2015,GLH,MS,ASO,CE,Federal Contract Tower,0,0,1,3,4,0,0,4,1,5,0,0,5,4,9,0,2,2,11
03/12/2015,GLH,MS,ASO,CE,Federal Contract Tower,0,0,2,0,2,0,0,0,0,0,0,0,2,0,2,0,0,0,2
03/13/2015,GLH,MS,ASO,CE,Federal Contract Tower,0,0,8,0,8,0,0,1,0,1,0,0,9,0,9,0,0,0,9
03/14/2015,GLH,MS,ASO,CE,Federal Contract Tower,0,0,1,0,1,0,0,3,0,3,0,0,4,0,4,0,0,0,4
03/15/2015,GLH,MS,ASO,CE,Federal Contract Tower,0,0,0,0,0,0,0,6,0,6,0,0,6,0,6,4,0,4,10
03/16/2015,GLH,MS,ASO,CE,Federal Contract Tower,0,4,0,11,15,0,0,42,2,44,0,4,42,13,59,2,90,92,151
03/17/2015,GLH,MS,ASO,CE,Federal Contract Tower,0,4,5,7,16,0,0,49,0,49,0,4,54,7,65,20,68,88,153
03/18/2015,GLH,MS,ASO,CE,Federal Contract Tower,0,4,2,0,6,0,0,5,0,5,0,4,7,0,11,4,0,4,15
03/19/2015,GLH,MS,ASO,CE,Federal Contract Tower,0,4,3,4,11,0,0,0,0,0,0,4,3,4,11,0,8,8,19
03/20/2015,GLH,MS,ASO,CE,Federal Contract Tower,0,3,4,2,9,0,0,0,0,0,0,3,4,2,9,0,0,0,9
03/21/2015,GLH,MS,ASO,CE,Federal Contract Tower,0,1,0,0,1,0,0,1,0,1,0,1,1,0,2,0,0,0,2
03/22/2015,GLH,MS,ASO,CE,Federal Contract Tower,0,2,6,0,8,0,0,0,0,0,0,2,6,0,8,8,0,8,16
03/23/2015,GLH,MS,ASO,CE,Federal Contract Tower,0,0,1,11,12,0,0,8,1,9,0,0,9,12,21,6,178,184,205
03/24/2015,GLH,MS,ASO,CE,Federal Contract Tower,0,0,2,13,15,0,0,32,2,34,0,0,34,15,49,16,158,174,223
03/25/2015,GLH,MS,ASO,CE,Federal Contract Tower,0,3,8,2,13,0,0,12,6,18,0,3,20,8,31,6,20,26,57
03/26/2015,GLH,MS,ASO,CE,Federal Contract Tower,0,2,0,0,2,0,0,18,0,18,0,2,18,0,20,0,0,0,20
03/27/2015,GLH,MS,ASO,CE,Federal Contract Tower,0,3,1,10,14,0,2,24,0,26,0,5,25,10,40,26,74,100,140
03/28/2015,GLH,MS,ASO,CE,Federal Contract Tower,0,1,4,0,5,0,0,11,0,11,0,1,15,0,16,6,0,6,22
03/29/2015,GLH,MS,ASO,CE,Federal Contract Tower,0,3,3,3,9,0,0,2,0,2,0,3,5,3,11,4,8,12,23
03/30/2015,GLH,MS,ASO,CE,Federal Contract Tower,0,3,3,8,14,0,0,38,0,38,0,3,41,8,52,2,116,118,170
03/31/2015,GLH,MS,ASO,CE,Federal Contract Tower,0,2,2,0,4,0,2,21,0,23,0,4,23,0,27,30,0,30,57
04/01/2015,GLH,MS,ASO,CE,Federal Contract Tower,0,3,0,3,6,0,1,5,0,6,0,4,5,3,12,0,6,6,18
04/02/2015,GLH,MS,ASO,CE,Federal Contract Tower,0,5,4,0,9,0,0,3,2,5,0,5,7,2,14,4,0,4,18
04/03/2015,GLH,MS,ASO,CE,Federal Contract Tower,0,3,0,2,5,0,0,2,0,2,0,3,2,2,7,0,4,4,11
04/04/2015,GLH,MS,ASO,CE,Federal Contract Tower,0,1,1,0,2,0,0,2,0,2,0,1,3,0,4,0,0,0,4
04/05/2015,GLH,MS,ASO,CE,Federal Contract Tower,0,3,1,0,4,0,0,2,0,2,0,3,3,0,6,0,0,0,6
04/06/2015,GLH,MS,ASO,CE,Federal Contract Tower,0,2,2,0,4,0,0,18,0,18,0,2,20,0,22,0,0,0,22
04/07/2015,GLH,MS,ASO,CE,Federal Contract Tower,0,5,0,0,5,0,0,16,0,16,0,5,16,0,21,0,0,0,21
04/08/2015,GLH,MS,ASO,CE,Federal Contract Tower,0,5,4,1,10,0,0,19,0,19,0,5,23,1,29,2,4,6,35
04/09/2015,GLH,MS,ASO,CE,Federal Contract Tower,0,4,6,3,13,0,0,7,0,7,0,4,13,3,20,4,44,48,68
04/10/2015,GLH,MS,ASO,CE,Federal Contract Tower,0,4,2,2,8,0,0,11,0,11,0,4,13,2,19,4,6,10,29
04/11/2015,GLH,MS,ASO,CE,Federal Contract Tower,0,1,0,0,1,0,0,19,0,19,0,1,19,0,20,6,0,6,26
04/12/2015,GLH,MS,ASO,CE,Federal Contract Tower,0,3,4,0,7,0,0,0,0,0,0,3,4,0,7,0,0,0,7
04/13/2015,GLH,MS,ASO,CE,Federal Contract Tower,0,2,3,0,5,0,0,5,0,5,0,2,8,0,10,0,0,0,10
04/14/2015,GLH,MS,ASO,CE,Federal Contract Tower,0,4,1,0,5,0,0,0,0,0,0,4,1,0,5,0,0,0,5
04/15/2015,GLH,MS,ASO,CE,Federal Contract Tower,0,4,4,0,8,0,0,4,0,4,0,4,8,0,12,10,0,10,22
04/16/2015,GLH,MS,ASO,CE,Federal Contract Tower,0,3,6,5,14,0,1,17,2,20,0,4,23,7,34,16,74,90,124
04/17/2015,GLH,MS,ASO,CE,Federal Contract Tower,0,4,2,2,8,0,0,6,0,6,0,4,8,2,14,0,34,34,48
04/18/2015,GLH,MS,ASO,CE,Federal Contract Tower,0,0,2,0,2,0,0,0,0,0,0,0,2,0,2,0,0,0,2
04/19/2015,GLH,MS,ASO,CE,Federal Contract Tower,0,2,4,0,6,0,0,1,0,1,0,2,5,0,7,0,0,0,7
04/20/2015,GLH,MS,ASO,CE,Federal Contract Tower,0,6,6,3,15,0,0,16,0,16,0,6,22,3,31,0,8,8,39
04/21/2015,GLH,MS,ASO,CE,Federal Contract Tower,0,5,6,0,11,0,0,26,0,26,0,5,32,0,37,0,2,2,39
04/22/2015,GLH,MS,ASO,CE,Federal Contract Tower,0,4,3,0,7,0,0,39,0,39,0,4,42,0,46,12,0,12,58
04/23/2015,GLH,MS,ASO,CE,Federal Contract Tower,0,4,0,0,4,0,0,0,0,0,0,4,0,0,4,0,0,0,4
04/24/2015,GLH,MS,ASO,CE,Federal Contract Tower,0,2,2,0,4,0,0,7,0,7,0,2,9,0,11,0,0,0,11
04/25/2015,GLH,MS,ASO,CE,Federal Contract Tower,0,0,5,0,5,0,0,1,0,1,0,0,6,0,6,0,0,0,6
04/26/2015,GLH,MS,ASO,CE,Federal Contract Tower,0,3,3,2,8,0,0,6,0,6,0,3,9,2,14,0,34,34,48
04/27/2015,GLH,MS,ASO,CE,Federal Contract Tower,0,2,2,2,6,0,0,7,0,7,0,2,9,2,13,0,0,0,13
04/28/2015,GLH,MS,ASO,CE,Federal Contract Tower,0,4,2,0,6,0,0,8,2,10,0,4,10,2,16,0,0,0,16
04/29/2015,GLH,MS,ASO,CE,Federal Contract Tower,0,2,2,0,4,0,0,21,0,21,0,2,23,0,25,8,0,8,33
04/30/2015,GLH,MS,ASO,CE,Federal Contract Tower,0,2,3,0,5,0,2,30,0,32,0,4,33,0,37,2,0,2,39
05/01/2015,GLH,MS,ASO,CE,Federal Contract Tower,0,0,3,3,6,0,0,17,0,17,0,0,20,3,23,0,16,16,39
05/02/2015,GLH,MS,ASO,CE,Federal Contract Tower,0,0,2,0,2,0,0,2,0,2,0,0,4,0,4,0,0,0,4
05/03/2015,GLH,MS,ASO,CE,Federal Contract Tower,0,0,3,0,3,0,0,4,0,4,0,0,7,0,7,0,0,0,7
05/04/2015,GLH,MS,ASO,CE,Federal Contract Tower,0,4,9,6,19,0,0,28,0,28,0,4,37,6,47,40,16,56,103
05/05/2015,GLH,MS,ASO,CE,Federal Contract Tower,0,4,7,0,11,0,0,15,0,15,0,4,22,0,26,0,0,0,26
05/06/2015,GLH,MS,ASO,CE,Federal Contract Tower,0,4,2,4,10,0,0,9,0,9,0,4,11,4,19,0,10,10,29
05/07/2015,GLH,MS,ASO,CE,Federal Contract Tower,0,2,1,0,3,0,0,21,8,29,0,2,22,8,32,68,0,68,100
05/08/2015,GLH,MS,ASO,CE,Federal Contract Tower,0,3,5,2,10,0,0,0,0,0,0,3,5,2,10,8,0,8,18
05/09/2015,GLH,MS,ASO,CE,Federal Contract Tower,0,0,2,0,2,0,0,6,0,6,0,0,8,0,8,14,0,14,22
05/10/2015,GLH,MS,ASO,CE,Federal Contract Tower,0,0,2,0,2,0,0,10,0,10,0,0,12,0,12,0,0,0,12
05/11/2015,GLH,MS,ASO,CE,Federal Contract Tower,0,3,6,2,11,0,0,18,0,18,0,3,24,2,29,0,20,20,49
05/12/2015,GLH,MS,ASO,CE,Federal Contract Tower,0,4,10,0,14,0,0,12,2,14,0,4,22,2,28,0,0,0,28
05/13/2015,GLH,MS,ASO,CE,Federal Contract Tower,0,5,2,4,11,0,0,11,0,11,0,5,13,4,22,14,36,50,72
05/14/2015,GLH,MS,ASO,CE,Federal Contract Tower,0,3,3,5,11,0,0,17,0,17,0,3,20,5,28,6,42,48,76
05/15/2015,GLH,MS,ASO,CE,Federal Contract Tower,0,4,6,3,13,0,0,10,0,10,0,4,16,3,23,0,52,52,75
05/16/2015,GLH,MS,ASO,CE,Federal Contract Tower,0,0,2,0,2,0,0,4,2,6,0,0,6,2,8,0,0,0,8
05/17/2015,GLH,MS,ASO,CE,Federal Contract Tower,0,0,5,0,5,0,0,2,0,2,0,0,7,0,7,0,0,0,7
05/18/2015,GLH,MS,ASO,CE,Federal Contract Tower,0,2,3,0,5,0,0,4,0,4,0,2,7,0,9,0,0,0,9
05/19/2015,GLH,MS,ASO,CE,Federal Contract Tower,0,2,3,1,6,0,0,15,1,16,0,2,18,2,22,0,0,0,22
05/20/2015,GLH,MS,ASO,CE,Federal Contract Tower,0,2,7,0,9,0,0,11,0,11,0,2,18,0,20,0,0,0,20
05/21/2015,GLH,MS,ASO,CE,Federal Contract Tower,0,2,2,2,6,0,0,4,0,4,0,2,6,2,10,0,8,8,18
05/22/2015,GLH,MS,ASO,CE,Federal Contract Tower,0,2,5,0,7,0,0,16,4,20,0,2,21,4,27,0,0,0,27
05/23/2015,GLH,MS,ASO,CE,Federal Contract Tower,0,2,4,0,6,0,0,11,0,11,0,2,15,0,17,16,0,16,33
05/24/2015,GLH,MS,ASO,CE,Federal Contract Tower,0,0,4,0,4,0,0,2,0,2,0,0,6,0,6,0,0,0,6
05/25/2015,GLH,MS,ASO,CE,Federal Contract Tower,0,2,1,0,3,0,0,6,0,6,0,2,7,0,9,0,0,0,9
05/26/2015,GLH,MS,ASO,CE,Federal Contract Tower,0,2,0,2,4,0,0,4,0,4,0,2,4,2,8,0,0,0,8
05/27/2015,GLH,MS,ASO,CE,Federal Contract Tower,0,2,0,0,2,0,0,5,0,5,0,2,5,0,7,0,0,0,7
05/28/2015,GLH,MS,ASO,CE,Federal Contract Tower,0,2,5,2,9,0,0,16,0,16,0,2,21,2,25,0,40,40,65
05/29/2015,GLH,MS,ASO,CE,Federal Contract Tower,0,0,3,4,7,0,0,14,1,15,0,0,17,5,22,0,44,44,66
05/30/2015,GLH,MS,ASO,CE,Federal Contract Tower,0,0,1,0,1,0,0,0,0,0,0,0,1,0,1,0,0,0,1
05/31/2015,GLH,MS,ASO,CE,Federal Contract Tower,0,0,4,0,4,0,0,2,0,2,0,0,6,0,6,0,0,0,6
06/01/2015,GLH,MS,ASO,CE,Federal Contract Tower,0,2,5,3,10,0,0,26,0,26,0,2,31,3,36,0,8,8,44
06/02/2015,GLH,MS,ASO,CE,Federal Contract Tower,0,2,2,2,6,0,0,12,0,12,0,2,14,2,18,38,50,88,106
06/03/2015,GLH,MS,ASO,CE,Federal Contract Tower,0,2,1,0,3,0,0,26,0,26,0,2,27,0,29,68,0,68,97
06/04/2015,GLH,MS,ASO,CE,Federal Contract Tower,0,2,3,2,7,0,0,22,0,22,0,2,25,2,29,24,26,50,79
06/05/2015,GLH,MS,ASO,CE,Federal Contract Tower,0,2,2,0,4,0,0,17,0,17,0,2,19,0,21,0,0,0,21
06/06/2015,GLH,MS,ASO,CE,Federal Contract Tower,0,0,0,2,2,0,0,11,0,11,0,0,11,2,13,20,12,32,45
06/07/2015,GLH,MS,ASO,CE,Federal Contract Tower,0,0,3,0,3,0,0,19,2,21,0,0,22,2,24,4,0,4,28
06/08/2015,GLH,MS,ASO,CE,Federal Contract Tower,0,2,3,2,7,0,0,16,0,16,0,2,19,2,23,2,20,22,45
06/09/2015,GLH,MS,ASO,CE,Federal Contract Tower,0,2,6,2,10,0,0,7,0,7,0,2,13,2,17,0,22,22,39
06/10/2015,GLH,MS,ASO,CE,Federal Contract Tower,0,2,4,4,10,0,0,6,0,6,0,2,10,4,16,12,68,80,96
06/11/2015,GLH,MS,ASO,CE,Federal Contract Tower,0,2,4,2,8,0,0,12,0,12,0,2,16,2,20,4,46,50,70
06/12/2015,GLH,MS,ASO,CE,Federal Contract Tower,0,2,4,2,8,0,0,12,0,12,0,2,16,2,20,0,46,46,66
06/13/2015,GLH,MS,ASO,CE,Federal Contract Tower,0,0,0,0,0,0,0,5,0,5,0,0,5,0,5,0,0,0,5
06/14/2015,GLH,MS,ASO,CE,Federal Contract Tower,0,0,0,0,0,0,0,1,0,1,0,0,1,0,1,4,0,4,5
06/15/2015,GLH,MS,ASO,CE,Federal Contract Tower,0,2,1,0,3,0,0,10,0,10,0,2,11,0,13,8,0,8,21
06/16/2015,GLH,MS,ASO,CE,Federal Contract Tower,0,2,6,0,8,0,0,12,2,14,0,2,18,2,22,12,0,12,34
06/17/2015,GLH,MS,ASO,CE,Federal Contract Tower,0,2,4,0,6,0,0,17,0,17,0,2,21,0,23,12,0,12,35
06/18/2015,GLH,MS,ASO,CE,Federal Contract Tower,0,0,2,0,2,0,0,12,2,14,0,0,14,2,16,0,0,0,16
06/19/2015,GLH,MS,ASO,CE,Federal Contract Tower,0,2,4,0,6,0,0,9,0,9,0,2,13,0,15,6,0,6,21
06/20/2015,GLH,MS,ASO,CE,Federal Contract Tower,0,0,0,0,0,0,0,10,0,10,0,0,10,0,10,16,0,16,26
06/21/2015,GLH,MS,ASO,CE,Federal Contract Tower,0,0,3,0,3,0,0,16,0,16,0,0,19,0,19,26,0,26,45
06/22/2015,GLH,MS,ASO,CE,Federal Contract Tower,0,0,3,0,3,0,0,25,0,25,0,0,28,0,28,48,0,48,76
06/23/2015,GLH,MS,ASO,CE,Federal Contract Tower,0,2,3,2,7,0,0,32,0,32,0,2,35,2,39,50,8,58,97
06/24/2015,GLH,MS,ASO,CE,Federal Contract Tower,0,2,0,0,2,0,0,18,0,18,0,2,18,0,20,18,0,18,38
06/25/2015,GLH,MS,ASO,CE,Federal Contract Tower,0,0,0,2,2,0,0,37,0,37,0,0,37,2,39,38,34,72,111
06/26/2015,GLH,MS,ASO,CE,Federal Contract Tower,0,2,3,0,5,0,0,10,0,10,0,2,13,0,15,10,0,10,25
06/27/2015,GLH,MS,ASO,CE,Federal Contract Tower,0,2,0,0,2,0,0,8,0,8,0,2,8,0,10,4,0,4,14
06/28/2015,GLH,MS,ASO,CE,Federal Contract Tower,0,0,6,0,6,0,0,11,5,16,0,0,17,5,22,4,10,14,36
06/29/2015,GLH,MS,ASO,CE,Federal Contract Tower,0,2,2,0,4,0,0,19,0,19,0,2,21,0,23,14,0,14,37
06/30/2015,GLH,MS,ASO,CE,Federal Contract Tower,0,2,2,0,4,0,0,8,0,8,0,2,10,0,12,4,0,4,16
07/01/2015,GLH,MS,ASO,CE,Federal Contract Tower,0,2,13,0,15,0,0,10,0,10,0,2,23,0,25,12,0,12,37
07/02/2015,GLH,MS,ASO,CE,Federal Contract Tower,0,0,4,0,4,0,2,13,0,15,0,2,17,0,19,6,0,6,25
07/03/2015,GLH,MS,ASO,CE,Federal Contract Tower,0,0,1,0,1,0,0,8,0,8,0,0,9,0,9,36,0,36,45
07/04/2015,GLH,MS,ASO,CE,Federal Contract Tower,0,0,0,0,0,0,0,3,0,3,0,0,3,0,3,4,0,4,7
07/05/2015,GLH,MS,ASO,CE,Federal Contract Tower,0,0,2,0,2,0,0,3,0,3,0,0,5,0,5,0,0,0,5
07/06/2015,GLH,MS,ASO,CE,Federal Contract Tower,0,2,7,0,9,0,0,28,0,28,0,2,35,0,37,32,0,32,69
07/07/2015,GLH,MS,ASO,CE,Federal Contract Tower,0,2,3,2,7,0,0,19,8,27,0,2,22,10,34,36,14,50,84
07/08/2015,GLH,MS,ASO,CE,Federal Contract Tower,0,2,0,0,2,0,0,35,0,35,0,2,35,0,37,62,0,62,99
07/09/2015,GLH,MS,ASO,CE,Federal Contract Tower,0,0,6,0,6,0,0,21,0,21,0,0,27,0,27,0,0,0,27
07/10/2015,GLH,MS,ASO,CE,Federal Contract Tower,0,2,1,2,5,0,0,8,2,10,0,2,9,4,15,6,0,6,21
07/11/2015,GLH,MS,ASO,CE,Federal Contract Tower,0,2,3,0,5,0,0,14,0,14,0,2,17,0,19,8,0,8,27
07/12/2015,GLH,MS,ASO,CE,Federal Contract Tower,0,0,1,0,1,0,0,13,0,13,0,0,14,0,14,4,0,4,18
07/13/2015,GLH,MS,ASO,CE,Federal Contract Tower,0,2,4,0,6,0,0,20,0,20,0,2,24,0,26,34,0,34,60
07/14/2015,GLH,MS,ASO,CE,Federal Contract Tower,0,2,2,0,4,0,0,19,0,19,0,2,21,0,23,30,0,30,53
07/15/2015,GLH,MS,ASO,CE,Federal Contract Tower,0,0,0,0,0,0,0,32,0,32,0,0,32,0,32,0,0,0,32
07/16/2015,GLH,MS,ASO,CE,Federal Contract Tower,0,0,7,0,7,0,2,19,3,24,0,2,26,3,31,8,0,8,39
07/17/2015,GLH,MS,ASO,CE,Federal Contract Tower,0,2,3,3,8,0,0,10,2,12,0,2,13,5,20,0,22,22,42
07/18/2015,GLH,MS,ASO,CE,Federal Contract Tower,0,0,2,0,2,0,0,10,2,12,0,0,12,2,14,0,6,6,20
07/19/2015,GLH,MS,ASO,CE,Federal Contract Tower,0,0,1,0,1,0,0,7,0,7,0,0,8,0,8,0,0,0,8
07/20/2015,GLH,MS,ASO,CE,Federal Contract Tower,0,2,2,0,4,0,0,18,0,18,0,2,20,0,22,14,0,14,36
07/21/2015,GLH,MS,ASO,CE,Federal Contract Tower,0,0,1,0,1,0,2,24,2,28,0,2,25,2,29,24,0,24,53
07/22/2015,GLH,MS,ASO,CE,Federal Contract Tower,0,2,3,3,8,0,0,22,0,22,0,2,25,3,30,28,0,28,58
07/23/2015,GLH,MS,ASO,CE,Federal Contract Tower,0,0,3,0,3,0,0,10,0,10,0,0,13,0,13,2,0,2,15
07/24/2015,GLH,MS,ASO,CE,Federal Contract Tower,0,0,0,0,0,0,0,22,0,22,0,0,22,0,22,44,0,44,66
07/25/2015,GLH,MS,ASO,CE,Federal Contract Tower,0,0,0,0,0,0,0,10,0,10,0,0,10,0,10,26,0,26,36
07/26/2015,GLH,MS,ASO,CE,Federal Contract Tower,0,2,6,0,8,0,0,3,2,5,0,2,9,2,13,0,14,14,27
07/27/2015,GLH,MS,ASO,CE,Federal Contract Tower,0,0,4,3,7,0,0,18,0,18,0,0,22,3,25,8,8,16,41
07/28/2015,GLH,MS,ASO,CE,Federal Contract Tower,0,2,2,3,7,0,0,26,0,26,0,2,28,3,33,0,8,8,41
07/29/2015,GLH,MS,ASO,CE,Federal Contract Tower,0,0,4,0,4,0,0,9,2,11,0,0,13,2,15,8,0,8,23
07/30/2015,GLH,MS,ASO,CE,Federal Contract Tower,0,0,9,2,11,0,0,8,2,10,0,0,17,4,21,16,18,34,55
07/31/2015,GLH,MS,ASO,CE,Federal Contract Tower,0,0,7,0,7,0,0,7,0,7,0,0,14,0,14,0,0,0,14
08/01/2015,GLH,MS,ASO,CE,Federal Contract Tower,0,0,1,0,1,0,0,16,0,16,0,0,17,0,17,14,0,14,31
08/02/2015,GLH,MS,ASO,CE,Federal Contract Tower,0,0,4,0,4,0,0,6,0,6,0,0,10,0,10,0,0,0,10
08/03/2015,GLH,MS,ASO,CE,Federal Contract Tower,0,0,6,0,6,0,0,21,6,27,0,0,27,6,33,6,0,6,39
08/04/2015,GLH,MS,ASO,CE,Federal Contract Tower,0,0,29,0,29,0,0,17,6,23,0,0,46,6,52,6,0,6,58
08/05/2015,GLH,MS,ASO,CE,Federal Contract Tower,0,2,2,0,4,0,0,17,2,19,0,2,19,2,23,6,0,6,29
08/06/2015,GLH,MS,ASO,CE,Federal Contract Tower,0,0,5,2,7,0,0,15,0,15,0,0,20,2,22,0,10,10,32
08/07/2015,GLH,MS,ASO,CE,Federal Contract Tower,0,2,2,2,6,0,0,21,0,21,0,2,23,2,27,0,34,34,61
08/08/2015,GLH,MS,ASO,CE,Federal Contract Tower,0,0,0,2,2,0,0,15,0,15,0,0,15,2,17,0,0,0,17
08/09/2015,GLH,MS,ASO,CE,Federal Contract Tower,0,2,7,0,9,0,0,1,0,1,0,2,8,0,10,0,0,0,10
08/10/2015,GLH,MS,ASO,CE,Federal Contract Tower,0,2,2,2,6,0,0,14,11,25,0,2,16,13,31,8,56,64,95
08/11/2015,GLH,MS,ASO,CE,Federal Contract Tower,0,2,1,3,6,0,0,15,0,15,0,2,16,3,21,10,12,22,43
08/12/2015,GLH,MS,ASO,CE,Federal Contract Tower,0,0,6,1,7,0,0,23,0,23,0,0,29,1,30,30,0,30,60
08/13/2015,GLH,MS,ASO,CE,Federal Contract Tower,0,0,5,7,12,0,2,16,1,19,0,2,21,8,31,0,18,18,49
08/14/2015,GLH,MS,ASO,CE,Federal Contract Tower,0,2,1,4,7,0,0,10,0,10,0,2,11,4,17,4,12,16,33
08/15/2015,GLH,MS,ASO,CE,Federal Contract Tower,0,0,1,0,1,0,0,6,0,6,0,0,7,0,7,2,0,2,9
08/16/2015,GLH,MS,ASO,CE,Federal Contract Tower,0,2,5,2,9,0,0,5,0,5,0,2,10,2,14,0,0,0,14
08/17/2015,GLH,MS,ASO,CE,Federal Contract Tower,0,0,0,2,2,0,0,11,0,11,0,0,11,2,13,0,12,12,25
08/18/2015,GLH,MS,ASO,CE,Federal Contract Tower,0,2,5,2,9,0,0,16,0,16,0,2,21,2,25,2,22,24,49
08/19/2015,GLH,MS,ASO,CE,Federal Contract Tower,0,0,4,0,4,0,0,9,2,11,0,0,13,2,15,0,0,0,15
08/20/2015,GLH,MS,ASO,CE,Federal Contract Tower,0,0,6,0,6,0,0,5,0,5,0,0,11,0,11,0,0,0,11
08/21/2015,GLH,MS,ASO,CE,Federal Contract Tower,0,2,2,2,6,0,0,12,0,12,0,2,14,2,18,34,0,34,52
08/22/2015,GLH,MS,ASO,CE,Federal Contract Tower,0,0,3,0,3,0,0,11,0,11,0,0,14,0,14,26,0,26,40
08/23/2015,GLH,MS,ASO,CE,Federal Contract Tower,0,0,0,0,0,0,0,7,0,7,0,0,7,0,7,16,0,16,23
08/24/2015,GLH,MS,ASO,CE,Federal Contract Tower,0,2,0,3,5,0,0,12,0,12,0,2,12,3,17,14,12,26,43
08/25/2015,GLH,MS,ASO,CE,Federal Contract Tower,0,2,1,0,3,0,0,24,0,24,0,2,25,0,27,14,0,14,41
08/26/2015,GLH,MS,ASO,CE,Federal Contract Tower,0,0,0,0,0,0,0,11,0,11,0,0,11,0,11,0,0,0,11
08/27/2015,GLH,MS,ASO,CE,Federal Contract Tower,0,0,6,0,6,0,0,28,0,28,0,0,34,0,34,2,0,2,36
08/28/2015,GLH,MS,ASO,CE,Federal Contract Tower,0,2,2,2,6,0,0,22,0,22,0,2,24,2,28,20,12,32,60
08/29/2015,GLH,MS,ASO,CE,Federal Contract Tower,0,0,3,0,3,0,0,17,0,17,0,0,20,0,20,20,0,20,40
08/30/2015,GLH,MS,ASO,CE,Federal Contract Tower,0,0,4,0,4,0,0,12,0,12,0,0,16,0,16,6,0,6,22
08/31/2015,GLH,MS,ASO,CE,Federal Contract Tower,0,2,3,0,5,0,0,20,0,20,0,2,23,0,25,20,0,20,45
09/01/2015,GLH,MS,ASO,CE,Federal Contract Tower,0,2,5,2,9,0,0,25,0,25,0,2,30,2,34,36,38,74,108
09/02/2015,GLH,MS,ASO,CE,Federal Contract Tower,0,2,0,0,2,0,0,25,0,25,0,2,25,0,27,6,0,6,33
09/03/2015,GLH,MS,ASO,CE,Federal Contract Tower,0,2,2,0,4,0,0,10,0,10,0,2,12,0,14,12,0,12,26
09/04/2015,GLH,MS,ASO,CE,Federal Contract Tower,2,0,2,0,4,0,0,11,0,11,2,0,13,0,15,22,0,22,37
09/05/2015,GLH,MS,ASO,CE,Federal Contract Tower,0,0,1,0,1,0,0,9,0,9,0,0,10,0,10,10,0,10,20
09/06/2015,GLH,MS,ASO,CE,Federal Contract Tower,2,0,3,0,5,0,0,5,0,5,2,0,8,0,10,0,0,0,10
09/07/2015,GLH,MS,ASO,CE,Federal Contract Tower,0,0,0,0,0,0,0,11,0,11,0,0,11,0,11,26,0,26,37
09/08/2015,GLH,MS,ASO,CE,Federal Contract Tower,0,2,4,2,8,0,0,14,0,14,0,2,18,2,22,18,40,58,80
09/09/2015,GLH,MS,ASO,CE,Federal Contract Tower,0,0,4,2,6,0,0,10,4,14,0,0,14,6,20,12,0,12,32
09/10/2015,GLH,MS,ASO,CE,Federal Contract Tower,0,2,6,0,8,0,0,5,0,5,0,2,11,0,13,4,0,4,17
09/11/2015,GLH,MS,ASO,CE,Federal Contract Tower,0,0,2,0,2,0,0,9,10,19,0,0,11,10,21,24,32,56,77
09/12/2015,GLH,MS,ASO,CE,Federal Contract Tower,0,0,1,0,1,0,0,10,4,14,0,0,11,4,15,8,0,8,23
09/13/2015,GLH,MS,ASO,CE,Federal Contract Tower,0,0,1,0,1,0,0,11,0,11,0,0,12,0,12,8,0,8,20
09/14/2015,GLH,MS,ASO,CE,Federal Contract Tower,0,0,7,0,7,0,0,13,0,13,0,0,20,0,20,6,0,6,26
09/15/2015,GLH,MS,ASO,CE,Federal Contract Tower,0,0,1,0,1,0,0,13,0,13,0,0,14,0,14,38,0,38,52
09/16/2015,GLH,MS,ASO,CE,Federal Contract Tower,0,2,8,0,10,0,0,10,0,10,0,2,18,0,20,0,0,0,20
09/17/2015,GLH,MS,ASO,CE,Federal Contract Tower,0,0,3,0,3,0,0,9,0,9,0,0,12,0,12,0,0,0,12
09/18/2015,GLH,MS,ASO,CE,Federal Contract Tower,0,0,8,0,8,0,0,14,0,14,0,0,22,0,22,44,0,44,66
09/19/2015,GLH,MS,ASO,CE,Federal Contract Tower,0,0,8,0,8,0,0,19,0,19,0,0,27,0,27,30,0,30,57
09/20/2015,GLH,MS,ASO,CE,Federal Contract Tower,0,0,4,2,6,0,0,4,0,4,0,0,8,2,10,2,2,4,14
09/21/2015,GLH,MS,ASO,CE,Federal Contract Tower,0,0,1,2,3,0,0,22,20,42,0,0,23,22,45,34,28,62,107
09/22/2015,GLH,MS,ASO,CE,Federal Contract Tower,0,2,3,2,7,0,0,14,0,14,0,2,17,2,21,8,4,12,33
09/23/2015,GLH,MS,ASO,CE,Federal Contract Tower,0,0,3,3,6,0,0,5,4,9,0,0,8,7,15,0,68,68,83
09/24/2015,GLH,MS,ASO,CE,Federal Contract Tower,0,0,3,2,5,0,0,17,2,19,0,0,20,4,24,16,46,62,86
09/25/2015,GLH,MS,ASO,CE,Federal Contract Tower,0,0,1,6,7,0,0,10,0,10,0,0,11,6,17,16,104,120,137
09/26/2015,GLH,MS,ASO,CE,Federal Contract Tower,0,0,2,0,2,0,0,9,0,9,0,0,11,0,11,2,0,2,13
09/27/2015,GLH,MS,ASO,CE,Federal Contract Tower,0,0,0,2,2,0,0,9,0,9,0,0,9,2,11,4,8,12,23
09/28/2015,GLH,MS,ASO,CE,Federal Contract Tower,0,0,0,10,10,0,0,12,2,14,0,0,12,12,24,6,158,164,188
09/29/2015,GLH,MS,ASO,CE,Federal Contract Tower,0,0,2,3,5,0,0,8,0,8,0,0,10,3,13,0,10,10,23
09/30/2015,GLH,MS,ASO,CE,Federal Contract Tower,2,0,2,0,4,0,0,9,0,9,2,0,11,0,13,0,0,0,13
10/01/2015,GLH,MS,ASO,CE,Federal Contract Tower,0,0,6,13,19,0,0,16,1,17,0,0,22,14,36,0,220,220,256
10/02/2015,GLH,MS,ASO,CE,Federal Contract Tower,0,0,4,6,10,0,0,4,0,4,0,0,8,6,14,8,100,108,122
10/03/2015,GLH,MS,ASO,CE,Federal Contract Tower,0,0,10,0,10,0,0,7,0,7,0,0,17,0,17,12,0,12,29
10/04/2015,GLH,MS,ASO,CE,Federal Contract Tower,0,0,6,0,6,0,0,6,0,6,0,0,12,0,12,8,0,8,20
10/05/2015,GLH,MS,ASO,CE,Federal Contract Tower,0,0,1,8,9,0,0,18,0,18,0,0,19,8,27,24,108,132,159
10/06/2015,GLH,MS,ASO,CE,Federal Contract Tower,0,0,3,6,9,0,0,12,2,14,0,0,15,8,23,12,40,52,75
10/07/2015,GLH,MS,ASO,CE,Federal Contract Tower,0,0,6,9,15,0,0,16,0,16,0,0,22,9,31,20,64,84,115
10/08/2015,GLH,MS,ASO,CE,Federal Contract Tower,0,0,4,2,6,0,0,22,0,22,0,0,26,2,28,10,26,36,64
10/09/2015,GLH,MS,ASO,CE,Federal Contract Tower,0,0,6,6,12,0,0,5,2,7,0,0,11,8,19,12,4,16,35
10/10/2015,GLH,MS,ASO,CE,Federal Contract Tower,0,0,4,2,6,0,0,7,0,7,0,0,11,2,13,8,0,8,21
10/11/2015,GLH,MS,ASO,CE,Federal Contract Tower,0,0,3,2,5,0,0,4,0,4,0,0,7,2,9,8,20,28,37
10/12/2015,GLH,MS,ASO,CE,Federal Contract Tower,0,0,6,0,6,0,0,23,0,23,0,0,29,0,29,36,0,36,65
10/13/2015,GLH,MS,ASO,CE,Federal Contract Tower,0,0,1,6,7,0,0,10,0,10,0,0,11,6,17,4,58,62,79
10/14/2015,GLH,MS,ASO,CE,Federal Contract Tower,0,0,4,2,6,0,0,20,0,20,0,0,24,2,26,10,28,38,64
10/15/2015,GLH,MS,ASO,CE,Federal Contract Tower,0,0,3,4,7,0,0,21,0,21,0,0,24,4,28,4,80,84,112
10/16/2015,GLH,MS,ASO,CE,Federal Contract Tower,0,0,3,0,3,0,0,5,18,23,0,0,8,18,26,8,0,8,34
10/17/2015,GLH,MS,ASO,CE,Federal Contract Tower,0,0,5,1,6,0,0,6,1,7,0,0,11,2,13,16,8,24,37
10/18/2015,GLH,MS,ASO,CE,Federal Contract Tower,0,0,3,0,3,0,0,8,0,8,0,0,11,0,11,10,0,10,21
10/19/2015,GLH,MS,ASO,CE,Federal Contract Tower,0,0,2,4,6,0,0,11,0,11,0,0,13,4,17,8,52,60,77
10/20/2015,GLH,MS,ASO,CE,Federal Contract Tower,0,0,2,4,6,0,0,14,0,14,0,0,16,4,20,32,98,130,150
10/21/2015,GLH,MS,ASO,CE,Federal Contract Tower,0,0,11,6,17,0,0,19,1,20,0,0,30,7,37,6,56,62,99
10/22/2015,GLH,MS,ASO,CE,Federal Contract Tower,0,0,6,4,10,0,0,19,0,19,0,0,25,4,29,22,74,96,125
10/23/2015,GLH,MS,ASO,CE,Federal Contract Tower,0,0,11,4,15,0,0,11,0,11,0,0,22,4,26,12,26,38,64
10/24/2015,GLH,MS,ASO,CE,Federal Contract Tower,0,0,6,0,6,0,0,3,0,3,0,0,9,0,9,0,0,0,9
10/25/2015,GLH,MS,ASO,CE,Federal Contract Tower,0,0,2,0,2,0,0,0,0,0,0,0,2,0,2,0,0,0,2
10/26/2015,GLH,MS,ASO,CE,Federal Contract Tower,0,0,0,0,0,0,0,0,0,0,0,0,0,0,0,0,0,0,0
10/27/2015,GLH,MS,ASO,CE,Federal Contract Tower,0,0,7,0,7,0,0,0,0,0,0,0,7,0,7,2,0,2,9
10/28/2015,GLH,MS,ASO,CE,Federal Contract Tower,0,0,3,4,7,0,0,6,6,12,0,0,9,10,19,0,40,40,59
10/29/2015,GLH,MS,ASO,CE,Federal Contract Tower,0,0,2,8,10,0,0,16,0,16,0,0,18,8,26,8,66,74,100
10/30/2015,GLH,MS,ASO,CE,Federal Contract Tower,0,0,2,10,12,0,0,10,0,10,0,0,12,10,22,8,60,68,90
10/31/2015,GLH,MS,ASO,CE,Federal Contract Tower,0,0,3,0,3,0,0,0,0,0,0,0,3,0,3,0,0,0,3
11/01/2015,GLH,MS,ASO,CE,Federal Contract Tower,0,0,7,0,7,0,0,0,0,0,0,0,7,0,7,0,0,0,7
11/02/2015,GLH,MS,ASO,CE,Federal Contract Tower,0,0,6,0,6,0,0,2,2,4,0,0,8,2,10,0,0,0,10
11/03/2015,GLH,MS,ASO,CE,Federal Contract Tower,0,0,2,6,8,0,0,0,0,0,0,0,2,6,8,0,16,16,24
11/04/2015,GLH,MS,ASO,CE,Federal Contract Tower,0,0,1,6,7,0,0,10,0,10,0,0,11,6,17,16,70,86,103
11/05/2015,GLH,MS,ASO,CE,Federal Contract Tower,0,0,2,16,18,0,0,18,0,18,0,0,20,16,36,8,158,166,202
11/06/2015,GLH,MS,ASO,CE,Federal Contract Tower,0,0,6,0,6,0,0,0,0,0,0,0,6,0,6,0,0,0,6
11/07/2015,GLH,MS,ASO,CE,Federal Contract Tower,0,0,0,0,0,0,0,3,0,3,0,0,3,0,3,0,0,0,3
11/08/2015,GLH,MS,ASO,CE,Federal Contract Tower,0,0,0,3,3,0,0,2,1,3,0,0,2,4,6,8,2,10,16
11/09/2015,GLH,MS,ASO,CE,Federal Contract Tower,0,0,1,8,9,0,0,11,0,11,0,0,12,8,20,6,88,94,114
11/10/2015,GLH,MS,ASO,CE,Federal Contract Tower,0,4,6,7,17,0,0,10,0,10,0,4,16,7,27,4,58,62,89
11/11/2015,GLH,MS,ASO,CE,Federal Contract Tower,0,4,4,0,8,0,0,3,0,3,0,4,7,0,11,8,0,8,19
11/12/2015,GLH,MS,ASO,CE,Federal Contract Tower,0,3,9,4,16,0,1,18,4,23,0,4,27,8,39,20,54,74,113
11/13/2015,GLH,MS,ASO,CE,Federal Contract Tower,0,4,10,6,20,0,0,9,0,9,0,4,19,6,29,16,134,150,179
11/14/2015,GLH,MS,ASO,CE,Federal Contract Tower,0,2,7,0,9,0,0,2,0,2,0,2,9,0,11,8,0,8,19
11/15/2015,GLH,MS,ASO,CE,Federal Contract Tower,0,2,13,0,15,0,0,0,0,0,0,2,13,0,15,0,0,0,15
11/16/2015,GLH,MS,ASO,CE,Federal Contract Tower,0,4,3,2,9,0,0,5,0,5,0,4,8,2,14,8,12,20,34
11/17/2015,GLH,MS,ASO,CE,Federal Contract Tower,0,1,0,1,2,0,0,2,0,2,0,1,2,1,4,4,4,8,12
11/18/2015,GLH,MS,ASO,CE,Federal Contract Tower,0,5,1,7,13,0,0,23,3,26,0,5,24,10,39,8,140,148,187
11/19/2015,GLH,MS,ASO,CE,Federal Contract Tower,0,4,3,4,11,0,1,15,2,18,0,5,18,6,29,2,62,64,93
11/20/2015,GLH,MS,ASO,CE,Federal Contract Tower,0,2,14,0,16,0,1,23,0,24,0,3,37,0,40,12,0,12,52
11/21/2015,GLH,MS,ASO,CE,Federal Contract Tower,0,2,2,0,4,0,0,8,0,8,0,2,10,0,12,0,0,0,12
11/22/2015,GLH,MS,ASO,CE,Federal Contract Tower,0,2,4,0,6,0,0,2,0,2,0,2,6,0,8,4,0,4,12
11/23/2015,GLH,MS,ASO,CE,Federal Contract Tower,0,4,2,2,8,0,0,14,0,14,0,4,16,2,22,4,30,34,56
11/24/2015,GLH,MS,ASO,CE,Federal Contract Tower,0,4,8,0,12,0,0,12,0,12,0,4,20,0,24,2,0,2,26
11/25/2015,GLH,MS,ASO,CE,Federal Contract Tower,0,4,3,0,7,0,0,7,0,7,0,4,10,0,14,4,0,4,18
11/26/2015,GLH,MS,ASO,CE,Federal Contract Tower,0,4,1,0,5,0,0,7,0,7,0,4,8,0,12,0,0,0,12
11/27/2015,GLH,MS,ASO,CE,Federal Contract Tower,0,4,2,0,6,0,0,10,0,10,0,4,12,0,16,6,0,6,22
11/28/2015,GLH,MS,ASO,CE,Federal Contract Tower,0,2,2,0,4,0,0,0,0,0,0,2,2,0,4,0,0,0,4
11/29/2015,GLH,MS,ASO,CE,Federal Contract Tower,0,2,6,0,8,0,0,0,0,0,0,2,6,0,8,0,0,0,8
11/30/2015,GLH,MS,ASO,CE,Federal Contract Tower,0,4,4,0,8,0,0,0,0,0,0,4,4,0,8,0,0,0,8
12/01/2015,GLH,MS,ASO,CE,Federal Contract Tower,0,4,4,0,8,0,0,0,0,0,0,4,4,0,8,0,0,0,8
12/02/2015,GLH,MS,ASO,CE,Federal Contract Tower,0,4,0,5,9,0,0,23,1,24,0,4,23,6,33,14,94,108,141
12/03/2015,GLH,MS,ASO,CE,Federal Contract Tower,0,4,10,0,14,0,0,16,0,16,0,4,26,0,30,0,0,0,30
12/04/2015,GLH,MS,ASO,CE,Federal Contract Tower,0,4,6,0,10,0,0,9,0,9,0,4,15,0,19,16,0,16,35
12/05/2015,GLH,MS,ASO,CE,Federal Contract Tower,0,2,2,0,4,0,0,7,0,7,0,2,9,0,11,28,0,28,39
12/06/2015,GLH,MS,ASO,CE,Federal Contract Tower,0,2,4,0,6,0,0,0,0,0,0,2,4,0,6,0,0,0,6
12/07/2015,GLH,MS,ASO,CE,Federal Contract Tower,0,4,1,1,6,0,0,10,1,11,0,4,11,2,17,20,10,30,47
12/08/2015,GLH,MS,ASO,CE,Federal Contract Tower,0,4,0,2,6,0,0,24,0,24,0,4,24,2,30,20,20,40,70
12/09/2015,GLH,MS,ASO,CE,Federal Contract Tower,0,4,4,6,14,0,0,4,0,4,0,4,8,6,18,0,32,32,50
12/10/2015,GLH,MS,ASO,CE,Federal Contract Tower,0,5,5,2,12,0,0,3,0,3,0,5,8,2,15,0,12,12,27
12/11/2015,GLH,MS,ASO,CE,Federal Contract Tower,0,4,6,4,14,0,0,8,1,9,0,4,14,5,23,4,30,34,57
12/12/2015,GLH,MS,ASO,CE,Federal Contract Tower,0,2,1,0,3,0,0,0,0,0,0,2,1,0,3,0,0,0,3
12/13/2015,GLH,MS,ASO,CE,Federal Contract Tower,0,2,4,0,6,0,0,2,0,2,0,2,6,0,8,0,0,0,8
12/14/2015,GLH,MS,ASO,CE,Federal Contract Tower,0,4,1,6,11,0,0,9,0,9,0,4,10,6,20,0,76,76,96
12/15/2015,GLH,MS,ASO,CE,Federal Contract Tower,0,4,6,8,18,0,0,22,0,22,0,4,28,8,40,14,120,134,174
12/16/2015,GLH,MS,ASO,CE,Federal Contract Tower,0,4,7,0,11,0,0,3,0,3,0,4,10,0,14,0,0,0,14
12/17/2015,GLH,MS,ASO,CE,Federal Contract Tower,0,4,3,14,21,0,0,20,3,23,0,4,23,17,44,24,78,102,146
12/18/2015,GLH,MS,ASO,CE,Federal Contract Tower,0,3,2,4,9,0,1,15,0,16,0,4,17,4,25,6,76,82,107
12/19/2015,GLH,MS,ASO,CE,Federal Contract Tower,0,2,3,0,5,0,0,15,0,15,0,2,18,0,20,8,0,8,28
12/20/2015,GLH,MS,ASO,CE,Federal Contract Tower,0,2,0,2,4,0,0,1,0,1,0,2,1,2,5,0,8,8,13
12/21/2015,GLH,MS,ASO,CE,Federal Contract Tower,0,4,3,2,9,0,0,0,0,0,0,4,3,2,9,0,8,8,17
12/22/2015,GLH,MS,ASO,CE,Federal Contract Tower,0,4,7,0,11,0,0,2,0,2,0,4,9,0,13,2,0,2,15
12/23/2015,GLH,MS,ASO,CE,Federal Contract Tower,0,4,1,0,5,0,0,0,0,0,0,4,1,0,5,0,0,0,5
12/24/2015,GLH,MS,ASO,CE,Federal Contract Tower,0,4,0,0,4,0,0,3,0,3,0,4,3,0,7,4,0,4,11
12/25/2015,GLH,MS,ASO,CE,Federal Contract Tower,0,2,3,0,5,0,0,0,0,0,0,2,3,0,5,0,0,0,5
12/26/2015,GLH,MS,ASO,CE,Federal Contract Tower,0,2,1,0,3,0,0,0,0,0,0,2,1,0,3,0,0,0,3
12/27/2015,GLH,MS,ASO,CE,Federal Contract Tower,0,0,3,0,3,0,0,0,0,0,0,0,3,0,3,0,0,0,3
12/28/2015,GLH,MS,ASO,CE,Federal Contract Tower,0,5,2,0,7,0,0,2,0,2,0,5,4,0,9,0,0,0,9
12/29/2015,GLH,MS,ASO,CE,Federal Contract Tower,0,4,27,0,31,0,0,3,0,3,0,4,30,0,34,0,0,0,34
12/30/2015,GLH,MS,ASO,CE,Federal Contract Tower,0,4,5,2,11,0,0,7,0,7,0,4,12,2,18,0,0,0,18
12/31/2015,GLH,MS,ASO,CE,Federal Contract Tower,0,4,2,3,9,0,0,5,0,5,0,4,7,3,14,4,0,4,18
01/01/2016,GLH,MS,ASO,CE,Federal Contract Tower,0,4,6,0,10,0,0,3,0,3,0,4,9,0,13,0,0,0,13
01/02/2016,GLH,MS,ASO,CE,Federal Contract Tower,0,2,1,0,3,0,0,6,0,6,0,2,7,0,9,4,0,4,13
01/03/2016,GLH,MS,ASO,CE,Federal Contract Tower,0,2,1,0,3,0,0,5,0,5,0,2,6,0,8,2,0,2,10
01/04/2016,GLH,MS,ASO,CE,Federal Contract Tower,0,4,2,5,11,0,0,9,0,9,0,4,11,5,20,14,42,56,76
01/05/2016,GLH,MS,ASO,CE,Federal Contract Tower,0,4,6,7,17,0,0,18,1,19,0,4,24,8,36,40,130,170,206
01/06/2016,GLH,MS,ASO,CE,Federal Contract Tower,0,4,3,2,9,0,0,11,4,15,0,4,14,6,24,10,32,42,66
01/07/2016,GLH,MS,ASO,CE,Federal Contract Tower,0,4,3,0,7,0,0,0,0,0,0,4,3,0,7,0,0,0,7
01/08/2016,GLH,MS,ASO,CE,Federal Contract Tower,0,5,0,0,5,0,0,0,0,0,0,5,0,0,5,0,0,0,5
01/09/2016,GLH,MS,ASO,CE,Federal Contract Tower,0,2,1,0,3,0,0,0,0,0,0,2,1,0,3,0,0,0,3
01/10/2016,GLH,MS,ASO,CE,Federal Contract Tower,0,2,12,0,14,0,0,7,6,13,0,2,19,6,27,12,16,28,55
01/11/2016,GLH,MS,ASO,CE,Federal Contract Tower,0,4,0,2,6,0,0,15,0,15,0,4,15,2,21,0,32,32,53
01/12/2016,GLH,MS,ASO,CE,Federal Contract Tower,0,4,5,8,17,0,0,9,0,9,0,4,14,8,26,0,124,124,150
01/13/2016,GLH,MS,ASO,CE,Federal Contract Tower,0,4,3,6,13,0,0,21,0,21,0,4,24,6,34,2,72,74,108
01/14/2016,GLH,MS,ASO,CE,Federal Contract Tower,0,4,3,4,11,0,0,11,0,11,0,4,14,4,22,0,80,80,102
01/15/2016,GLH,MS,ASO,CE,Federal Contract Tower,0,4,2,13,19,0,0,8,1,9,0,4,10,14,28,10,100,110,138
01/16/2016,GLH,MS,ASO,CE,Federal Contract Tower,0,2,10,2,14,0,0,4,2,6,0,2,14,4,20,0,0,0,20
01/17/2016,GLH,MS,ASO,CE,Federal Contract Tower,0,2,1,0,3,0,0,6,0,6,0,2,7,0,9,0,0,0,9
01/18/2016,GLH,MS,ASO,CE,Federal Contract Tower,0,4,2,0,6,0,0,12,0,12,0,4,14,0,18,8,0,8,26
01/19/2016,GLH,MS,ASO,CE,Federal Contract Tower,0,4,0,2,6,0,0,11,0,11,0,4,11,2,17,0,36,36,53
01/20/2016,GLH,MS,ASO,CE,Federal Contract Tower,0,5,7,0,12,0,0,0,0,0,0,5,7,0,12,0,0,0,12
01/21/2016,GLH,MS,ASO,CE,Federal Contract Tower,0,2,2,0,4,0,0,0,0,0,0,2,2,0,4,0,0,0,4
01/22/2016,GLH,MS,ASO,CE,Federal Contract Tower,0,3,2,0,5,0,0,1,0,1,0,3,3,0,6,0,0,0,6
01/23/2016,GLH,MS,ASO,CE,Federal Contract Tower,0,1,0,2,3,0,0,0,0,0,0,1,0,2,3,0,36,36,39
01/24/2016,GLH,MS,ASO,CE,Federal Contract Tower,0,2,1,0,3,0,0,9,0,9,0,2,10,0,12,4,0,4,16
01/25/2016,GLH,MS,ASO,CE,Federal Contract Tower,0,4,6,0,10,0,0,15,0,15,0,4,21,0,25,2,0,2,27
01/26/2016,GLH,MS,ASO,CE,Federal Contract Tower,0,4,0,6,10,0,0,10,0,10,0,4,10,6,20,2,90,92,112
01/27/2016,GLH,MS,ASO,CE,Federal Contract Tower,0,2,3,2,7,0,0,13,5,18,0,2,16,7,25,10,12,22,47
01/28/2016,GLH,MS,ASO,CE,Federal Contract Tower,0,4,1,7,12,0,0,26,3,29,0,4,27,10,41,12,90,102,143
01/29/2016,GLH,MS,ASO,CE,Federal Contract Tower,0,4,2,9,15,0,0,18,0,18,0,4,20,9,33,48,66,114,147
01/30/2016,GLH,MS,ASO,CE,Federal Contract Tower,0,2,0,2,4,0,0,2,0,2,0,2,2,2,6,0,14,14,20
01/31/2016,GLH,MS,ASO,CE,Federal Contract Tower,0,2,4,0,6,0,0,0,0,0,0,2,4,0,6,0,0,0,6
02/01/2016,GLH,MS,ASO,CE,Federal Contract Tower,0,4,4,0,8,0,0,0,0,0,0,4,4,0,8,0,0,0,8
02/02/2016,GLH,MS,ASO,CE,Federal Contract Tower,0,4,5,0,9,0,0,0,0,0,0,4,5,0,9,0,0,0,9
02/03/2016,GLH,MS,ASO,CE,Federal Contract Tower,0,4,5,4,13,0,0,17,0,17,0,4,22,4,30,14,38,52,82
02/04/2016,GLH,MS,ASO,CE,Federal Contract Tower,0,4,3,0,7,0,0,29,0,29,0,4,32,0,36,78,0,78,114
02/05/2016,GLH,MS,ASO,CE,Federal Contract Tower,1,4,9,2,16,0,0,27,0,27,1,4,36,2,43,66,22,88,131
02/06/2016,GLH,MS,ASO,CE,Federal Contract Tower,0,2,1,0,3,0,0,12,0,12,0,2,13,0,15,48,0,48,63
02/07/2016,GLH,MS,ASO,CE,Federal Contract Tower,0,2,2,0,4,0,0,3,0,3,0,2,5,0,7,0,0,0,7
02/08/2016,GLH,MS,ASO,CE,Federal Contract Tower,0,4,1,2,7,0,0,9,0,9,0,4,10,2,16,2,40,42,58
02/09/2016,GLH,MS,ASO,CE,Federal Contract Tower,0,4,1,2,7,0,0,14,0,14,0,4,15,2,21,10,0,10,31
02/10/2016,GLH,MS,ASO,CE,Federal Contract Tower,0,4,2,2,8,0,0,33,0,33,0,4,35,2,41,66,34,100,141
02/11/2016,GLH,MS,ASO,CE,Federal Contract Tower,0,4,4,8,16,0,0,18,0,18,0,4,22,8,34,22,84,106,140
02/12/2016,GLH,MS,ASO,CE,Federal Contract Tower,0,4,2,2,8,0,0,26,0,26,0,4,28,2,34,24,12,36,70
02/13/2016,GLH,MS,ASO,CE,Federal Contract Tower,0,2,0,0,2,0,0,13,0,13,0,2,13,0,15,18,0,18,33
02/14/2016,GLH,MS,ASO,CE,Federal Contract Tower,0,2,2,0,4,0,0,4,0,4,0,2,6,0,8,0,0,0,8
02/15/2016,GLH,MS,ASO,CE,Federal Contract Tower,0,4,0,0,4,0,0,0,0,0,0,4,0,0,4,0,0,0,4
02/16/2016,GLH,MS,ASO,CE,Federal Contract Tower,0,4,1,6,11,0,0,5,0,5,0,4,6,6,16,0,20,20,36
02/17/2016,GLH,MS,ASO,CE,Federal Contract Tower,0,4,0,5,9,0,0,37,0,37,0,4,37,5,46,92,84,176,222
02/18/2016,GLH,MS,ASO,CE,Federal Contract Tower,0,5,2,1,8,0,0,5,1,6,0,5,7,2,14,12,28,40,54
02/19/2016,GLH,MS,ASO,CE,Federal Contract Tower,0,4,9,4,17,0,0,4,0,4,0,4,13,4,21,8,110,118,139
02/20/2016,GLH,MS,ASO,CE,Federal Contract Tower,0,2,3,0,5,0,0,4,0,4,0,2,7,0,9,0,0,0,9
02/21/2016,GLH,MS,ASO,CE,Federal Contract Tower,0,2,6,0,8,0,0,4,0,4,0,2,10,0,12,0,0,0,12
02/22/2016,GLH,MS,ASO,CE,Federal Contract Tower,0,4,3,0,7,0,0,0,0,0,0,4,3,0,7,8,0,8,15
02/23/2016,GLH,MS,ASO,CE,Federal Contract Tower,0,4,0,0,4,0,0,0,0,0,0,4,0,0,4,0,0,0,4
02/24/2016,GLH,MS,ASO,CE,Federal Contract Tower,0,4,0,4,8,0,0,2,0,2,0,4,2,4,10,0,6,6,16
02/25/2016,GLH,MS,ASO,CE,Federal Contract Tower,0,4,0,2,6,0,0,12,0,12,0,4,12,2,18,14,38,52,70
02/26/2016,GLH,MS,ASO,CE,Federal Contract Tower,0,4,5,2,11,0,0,22,0,22,0,4,27,2,33,16,36,52,85
02/27/2016,GLH,MS,ASO,CE,Federal Contract Tower,0,2,0,0,2,0,0,4,0,4,0,2,4,0,6,0,0,0,6
02/28/2016,GLH,MS,ASO,CE,Federal Contract Tower,0,2,6,0,8,0,0,3,0,3,0,2,9,0,11,0,0,0,11
02/29/2016,GLH,MS,ASO,CE,Federal Contract Tower,0,4,1,6,11,0,0,9,0,9,0,4,10,6,20,4,70,74,94
03/01/2016,GLH,MS,ASO,CE,Federal Contract Tower,0,4,2,0,6,0,0,0,0,0,0,4,2,0,6,0,0,0,6
03/02/2016,GLH,MS,ASO,CE,Federal Contract Tower,0,4,3,4,11,0,0,6,0,6,0,4,9,4,17,2,28,30,47
03/03/2016,GLH,MS,ASO,CE,Federal Contract Tower,0,4,3,2,9,0,0,2,0,2,0,4,5,2,11,0,2,2,13
03/04/2016,GLH,MS,ASO,CE,Federal Contract Tower,0,4,8,2,14,0,0,10,0,10,0,4,18,2,24,4,36,40,64
03/05/2016,GLH,MS,ASO,CE,Federal Contract Tower,0,2,0,0,2,0,0,14,10,24,0,2,14,10,26,24,4,28,54
03/06/2016,GLH,MS,ASO,CE,Federal Contract Tower,0,2,2,0,4,0,0,8,0,8,0,2,10,0,12,8,0,8,20
03/07/2016,GLH,MS,ASO,CE,Federal Contract Tower,0,4,4,1,9,0,0,10,1,11,0,4,14,2,20,10,26,36,56
03/08/2016,GLH,MS,ASO,CE,Federal Contract Tower,0,2,0,2,4,0,0,9,0,9,0,2,9,2,13,8,38,46,59
03/09/2016,GLH,MS,ASO,CE,Federal Contract Tower,0,0,1,0,1,0,0,0,0,0,0,0,1,0,1,0,0,0,1
03/10/2016,GLH,MS,ASO,CE,Federal Contract Tower,0,0,1,0,1,0,0,0,0,0,0,0,1,0,1,0,0,0,1
03/11/2016,GLH,MS,ASO,CE,Federal Contract Tower,0,2,1,0,3,0,0,0,0,0,0,2,1,0,3,0,0,0,3
03/12/2016,GLH,MS,ASO,CE,Federal Contract Tower,0,2,0,0,2,0,0,0,0,0,0,2,0,0,2,0,0,0,2
03/13/2016,GLH,MS,ASO,CE,Federal Contract Tower,0,2,1,1,4,0,0,5,9,14,0,2,6,10,18,0,0,0,18
03/14/2016,GLH,MS,ASO,CE,Federal Contract Tower,0,2,1,6,9,0,0,12,0,12,0,2,13,6,21,16,44,60,81
03/15/2016,GLH,MS,ASO,CE,Federal Contract Tower,0,6,7,9,22,0,0,3,1,4,0,6,10,10,26,4,42,46,72
03/16/2016,GLH,MS,ASO,CE,Federal Contract Tower,0,4,2,2,8,0,0,6,0,6,0,4,8,2,14,4,56,60,74
03/17/2016,GLH,MS,ASO,CE,Federal Contract Tower,0,4,0,7,11,0,0,4,0,4,0,4,4,7,15,4,26,30,45
03/18/2016,GLH,MS,ASO,CE,Federal Contract Tower,0,4,4,0,8,0,0,4,0,4,0,4,8,0,12,0,0,0,12
03/19/2016,GLH,MS,ASO,CE,Federal Contract Tower,0,2,2,0,4,0,0,2,0,2,0,2,4,0,6,4,0,4,10
03/20/2016,GLH,MS,ASO,CE,Federal Contract Tower,0,0,0,0,0,0,0,0,0,0,0,0,0,0,0,0,0,0,0
03/21/2016,GLH,MS,ASO,CE,Federal Contract Tower,0,0,0,4,4,0,0,19,0,19,0,0,19,4,23,26,62,88,111
03/22/2016,GLH,MS,ASO,CE,Federal Contract Tower,0,4,5,10,19,0,0,29,3,32,0,4,34,13,51,16,76,92,143
03/23/2016,GLH,MS,ASO,CE,Federal Contract Tower,0,4,1,0,5,0,0,5,1,6,0,4,6,1,11,0,0,0,11
03/24/2016,GLH,MS,ASO,CE,Federal Contract Tower,0,4,2,0,6,0,0,2,0,2,0,4,4,0,8,4,0,4,12
03/25/2016,GLH,MS,ASO,CE,Federal Contract Tower,0,4,2,5,11,0,0,8,1,9,0,4,10,6,20,14,42,56,76
03/26/2016,GLH,MS,ASO,CE,Federal Contract Tower,0,2,1,1,4,0,0,13,1,14,0,2,14,2,18,2,30,32,50
03/27/2016,GLH,MS,ASO,CE,Federal Contract Tower,0,2,0,0,2,0,0,2,0,2,0,2,2,0,4,0,0,0,4
03/28/2016,GLH,MS,ASO,CE,Federal Contract Tower,0,5,4,9,18,0,0,20,6,26,0,5,24,15,44,18,162,180,224
03/29/2016,GLH,MS,ASO,CE,Federal Contract Tower,0,4,7,5,16,0,0,36,1,37,0,4,43,6,53,40,100,140,193
03/30/2016,GLH,MS,ASO,CE,Federal Contract Tower,0,4,6,0,10,0,0,15,0,15,0,4,21,0,25,0,0,0,25
03/31/2016,GLH,MS,ASO,CE,Federal Contract Tower,0,5,3,0,8,0,0,0,1,1,0,5,3,1,9,0,0,0,9
04/01/2016,GLH,MS,ASO,CE,Federal Contract Tower,0,2,7,7,16,0,0,2,0,2,0,2,9,7,18,0,44,44,62
04/02/2016,GLH,MS,ASO,CE,Federal Contract Tower,0,5,2,0,7,0,0,11,0,11,0,5,13,0,18,0,0,0,18
04/03/2016,GLH,MS,ASO,CE,Federal Contract Tower,0,2,3,0,5,0,0,10,0,10,0,2,13,0,15,8,0,8,23
04/04/2016,GLH,MS,ASO,CE,Federal Contract Tower,0,4,4,11,19,0,0,12,1,13,0,4,16,12,32,14,100,114,146
04/05/2016,GLH,MS,ASO,CE,Federal Contract Tower,0,4,1,5,10,0,0,4,7,11,0,4,5,12,21,10,64,74,95
04/06/2016,GLH,MS,ASO,CE,Federal Contract Tower,0,4,4,0,8,0,0,6,0,6,0,4,10,0,14,0,0,0,14
04/07/2016,GLH,MS,ASO,CE,Federal Contract Tower,0,4,0,6,10,0,0,5,0,5,0,4,5,6,15,4,80,84,99
04/08/2016,GLH,MS,ASO,CE,Federal Contract Tower,0,4,6,7,17,0,0,7,0,7,0,4,13,7,24,8,16,24,48
04/09/2016,GLH,MS,ASO,CE,Federal Contract Tower,0,2,2,0,4,0,0,5,2,7,0,2,7,2,11,6,12,18,29
04/10/2016,GLH,MS,ASO,CE,Federal Contract Tower,0,2,0,2,4,0,0,2,0,2,0,2,2,2,6,0,0,0,6
04/11/2016,GLH,MS,ASO,CE,Federal Contract Tower,0,4,2,0,6,0,0,0,0,0,0,4,2,0,6,0,0,0,6
04/12/2016,GLH,MS,ASO,CE,Federal Contract Tower,0,4,0,4,8,0,0,11,0,11,0,4,11,4,19,16,66,82,101
04/13/2016,GLH,MS,ASO,CE,Federal Contract Tower,0,4,6,4,14,0,0,10,0,10,0,4,16,4,24,10,44,54,78
04/14/2016,GLH,MS,ASO,CE,Federal Contract Tower,0,4,5,0,9,0,0,3,0,3,0,4,8,0,12,0,0,0,12
04/15/2016,GLH,MS,ASO,CE,Federal Contract Tower,0,4,6,0,10,0,0,11,0,11,0,4,17,0,21,4,0,4,25
04/16/2016,GLH,MS,ASO,CE,Federal Contract Tower,0,2,0,0,2,0,0,6,0,6,0,2,6,0,8,0,0,0,8
04/17/2016,GLH,MS,ASO,CE,Federal Contract Tower,0,2,2,0,4,0,0,2,0,2,0,2,4,0,6,0,0,0,6
04/18/2016,GLH,MS,ASO,CE,Federal Contract Tower,0,4,3,6,13,0,0,9,0,9,0,4,12,6,22,12,48,60,82
04/19/2016,GLH,MS,ASO,CE,Federal Contract Tower,0,4,2,1,7,0,0,8,0,8,0,4,10,1,15,10,4,14,29
04/20/2016,GLH,MS,ASO,CE,Federal Contract Tower,0,4,2,0,6,0,0,0,0,0,0,4,2,0,6,0,0,0,6
04/21/2016,GLH,MS,ASO,CE,Federal Contract Tower,0,4,0,0,4,0,0,5,0,5,0,4,5,0,9,2,0,2,11
04/22/2016,GLH,MS,ASO,CE,Federal Contract Tower,0,4,4,19,27,0,0,12,2,14,0,4,16,21,41,14,222,236,277
04/23/2016,GLH,MS,ASO,CE,Federal Contract Tower,0,2,5,0,7,0,0,11,0,11,0,2,16,0,18,8,0,8,26
04/24/2016,GLH,MS,ASO,CE,Federal Contract Tower,0,2,1,0,3,0,0,4,2,6,0,2,5,2,9,0,0,0,9
04/25/2016,GLH,MS,ASO,CE,Federal Contract Tower,0,4,2,2,8,0,0,17,0,17,0,4,19,2,25,18,38,56,81
04/26/2016,GLH,MS,ASO,CE,Federal Contract Tower,0,4,2,7,13,0,0,15,0,15,0,4,17,7,28,36,94,130,158
04/27/2016,GLH,MS,ASO,CE,Federal Contract Tower,0,4,2,0,6,0,0,10,0,10,0,4,12,0,16,24,0,24,40
04/28/2016,GLH,MS,ASO,CE,Federal Contract Tower,0,4,4,6,14,0,0,25,2,27,0,4,29,8,41,28,92,120,161
04/29/2016,GLH,MS,ASO,CE,Federal Contract Tower,0,2,6,0,8,0,0,8,0,8,0,2,14,0,16,8,0,8,24
04/30/2016,GLH,MS,ASO,CE,Federal Contract Tower,0,0,2,0,2,0,0,5,0,5,0,0,7,0,7,0,0,0,7
05/01/2016,GLH,MS,ASO,CE,Federal Contract Tower,0,2,2,0,4,0,0,1,0,1,0,2,3,0,5,0,0,0,5
05/02/2016,GLH,MS,ASO,CE,Federal Contract Tower,0,4,1,0,5,0,0,0,0,0,0,4,1,0,5,0,0,0,5
05/03/2016,GLH,MS,ASO,CE,Federal Contract Tower,0,4,1,7,12,0,0,19,5,24,0,4,20,12,36,26,90,116,152
05/04/2016,GLH,MS,ASO,CE,Federal Contract Tower,0,4,2,5,11,0,0,10,2,12,0,4,12,7,23,0,42,42,65
05/05/2016,GLH,MS,ASO,CE,Federal Contract Tower,0,4,0,5,9,0,0,8,1,9,0,4,8,6,18,2,60,62,80
05/06/2016,GLH,MS,ASO,CE,Federal Contract Tower,0,4,3,8,15,0,0,15,2,17,0,4,18,10,32,0,66,66,98
05/07/2016,GLH,MS,ASO,CE,Federal Contract Tower,0,2,0,0,2,0,0,5,0,5,0,2,5,0,7,0,0,0,7
05/08/2016,GLH,MS,ASO,CE,Federal Contract Tower,0,2,0,0,2,0,0,2,0,2,0,2,2,0,4,0,0,0,4
05/09/2016,GLH,MS,ASO,CE,Federal Contract Tower,0,5,2,8,15,0,0,1,1,2,0,5,3,9,17,0,78,78,95
05/10/2016,GLH,MS,ASO,CE,Federal Contract Tower,0,5,5,7,17,0,0,4,0,4,0,5,9,7,21,0,84,84,105
05/11/2016,GLH,MS,ASO,CE,Federal Contract Tower,0,4,0,7,11,0,0,5,3,8,0,4,5,10,19,0,82,82,101
05/12/2016,GLH,MS,ASO,CE,Federal Contract Tower,0,4,6,5,15,0,0,10,3,13,0,4,16,8,28,4,126,130,158
05/13/2016,GLH,MS,ASO,CE,Federal Contract Tower,0,4,6,2,12,0,0,19,2,21,0,4,25,4,33,18,2,20,53
05/14/2016,GLH,MS,ASO,CE,Federal Contract Tower,0,2,0,0,2,0,0,14,0,14,0,2,14,0,16,18,0,18,34
05/15/2016,GLH,MS,ASO,CE,Federal Contract Tower,0,2,4,0,6,0,0,6,0,6,0,2,10,0,12,0,0,0,12
05/16/2016,GLH,MS,ASO,CE,Federal Contract Tower,0,4,1,3,8,0,0,8,2,10,0,4,9,5,18,0,42,42,60
05/17/2016,GLH,MS,ASO,CE,Federal Contract Tower,0,4,0,2,6,0,0,8,0,8,0,4,8,2,14,0,30,30,44
05/18/2016,GLH,MS,ASO,CE,Federal Contract Tower,0,4,4,11,19,0,0,5,1,6,0,4,9,12,25,0,122,122,147
05/19/2016,GLH,MS,ASO,CE,Federal Contract Tower,0,4,3,6,13,0,0,8,2,10,0,4,11,8,23,10,90,100,123
05/20/2016,GLH,MS,ASO,CE,Federal Contract Tower,0,4,4,11,19,0,0,11,2,13,0,4,15,13,32,10,138,148,180
05/21/2016,GLH,MS,ASO,CE,Federal Contract Tower,0,2,0,0,2,0,0,8,0,8,0,2,8,0,10,6,0,6,16
05/22/2016,GLH,MS,ASO,CE,Federal Contract Tower,0,2,1,0,3,0,0,8,0,8,0,2,9,0,11,0,0,0,11
05/23/2016,GLH,MS,ASO,CE,Federal Contract Tower,0,4,2,6,12,0,0,17,1,18,0,4,19,7,30,24,106,130,160
05/24/2016,GLH,MS,ASO,CE,Federal Contract Tower,0,3,6,2,11,0,0,21,0,21,0,3,27,2,32,16,38,54,86
05/25/2016,GLH,MS,ASO,CE,Federal Contract Tower,0,4,2,4,10,0,0,4,2,6,0,4,6,6,16,4,72,76,92
05/26/2016,GLH,MS,ASO,CE,Federal Contract Tower,0,4,3,0,7,0,0,5,0,5,0,4,8,0,12,0,0,0,12
05/27/2016,GLH,MS,ASO,CE,Federal Contract Tower,0,4,6,0,10,0,0,3,0,3,0,4,9,0,13,0,0,0,13
05/28/2016,GLH,MS,ASO,CE,Federal Contract Tower,0,2,8,0,10,0,0,4,0,4,0,2,12,0,14,2,0,2,16
05/29/2016,GLH,MS,ASO,CE,Federal Contract Tower,0,2,6,0,8,0,0,2,0,2,0,2,8,0,10,0,0,0,10
05/30/2016,GLH,MS,ASO,CE,Federal Contract Tower,0,5,1,4,10,0,0,7,0,7,0,5,8,4,17,0,8,8,25
05/31/2016,GLH,MS,ASO,CE,Federal Contract Tower,0,4,4,0,8,0,0,12,0,12,0,4,16,0,20,0,0,0,20
06/02/2016,GLH,MS,ASO,CE,Federal Contract Tower,0,4,4,2,10,0,0,8,0,8,0,4,12,2,18,4,6,10,28
06/03/2016,GLH,MS,ASO,CE,Federal Contract Tower,0,4,2,0,6,0,0,12,0,12,0,4,14,0,18,38,0,38,56
06/04/2016,GLH,MS,ASO,CE,Federal Contract Tower,0,2,7,0,9,0,0,1,12,13,0,2,8,12,22,0,0,0,22
06/05/2016,GLH,MS,ASO,CE,Federal Contract Tower,0,2,6,0,8,0,0,1,0,1,0,2,7,0,9,0,0,0,9
06/06/2016,GLH,MS,ASO,CE,Federal Contract Tower,0,0,0,12,12,0,4,18,0,22,0,4,18,12,34,16,118,134,168
06/07/2016,GLH,MS,ASO,CE,Federal Contract Tower,0,2,2,7,11,0,1,4,1,6,0,3,6,8,17,0,102,102,119
06/08/2016,GLH,MS,ASO,CE,Federal Contract Tower,0,4,4,10,18,0,0,6,1,7,0,4,10,11,25,0,102,102,127
06/09/2016,GLH,MS,ASO,CE,Federal Contract Tower,0,4,8,9,21,0,0,10,0,10,0,4,18,9,31,8,112,120,151
06/10/2016,GLH,MS,ASO,CE,Federal Contract Tower,0,4,5,6,15,0,0,52,0,52,0,4,57,6,67,4,66,70,137
06/11/2016,GLH,MS,ASO,CE,Federal Contract Tower,0,2,4,1,7,0,0,6,4,10,0,2,10,5,17,0,10,10,27
06/12/2016,GLH,MS,ASO,CE,Federal Contract Tower,0,2,6,0,8,0,0,2,0,2,0,2,8,0,10,0,0,0,10
06/13/2016,GLH,MS,ASO,CE,Federal Contract Tower,0,4,1,3,8,0,0,10,0,10,0,4,11,3,18,2,32,34,52
06/14/2016,GLH,MS,ASO,CE,Federal Contract Tower,0,4,0,5,9,0,0,1,0,1,0,4,1,5,10,0,52,52,62
06/15/2016,GLH,MS,ASO,CE,Federal Contract Tower,0,4,2,4,10,0,0,3,0,3,0,4,5,4,13,2,68,70,83
06/16/2016,GLH,MS,ASO,CE,Federal Contract Tower,0,4,3,8,15,0,0,4,2,6,0,4,7,10,21,2,90,92,113
06/17/2016,GLH,MS,ASO,CE,Federal Contract Tower,0,4,3,12,19,0,0,10,0,10,0,4,13,12,29,14,46,60,89
06/18/2016,GLH,MS,ASO,CE,Federal Contract Tower,0,2,0,0,2,0,1,3,0,4,0,3,3,0,6,0,0,0,6
06/19/2016,GLH,MS,ASO,CE,Federal Contract Tower,0,2,2,0,4,0,0,3,0,3,0,2,5,0,7,0,0,0,7
06/20/2016,GLH,MS,ASO,CE,Federal Contract Tower,0,5,0,8,13,0,0,18,0,18,0,5,18,8,31,14,62,76,107
06/21/2016,GLH,MS,ASO,CE,Federal Contract Tower,0,4,6,2,12,0,0,19,0,19,0,4,25,2,31,10,8,18,49
06/22/2016,GLH,MS,ASO,CE,Federal Contract Tower,0,4,2,2,8,0,0,16,0,16,0,4,18,2,24,0,12,12,36
06/23/2016,GLH,MS,ASO,CE,Federal Contract Tower,0,4,2,1,7,0,0,3,3,6,0,4,5,4,13,6,10,16,29
06/25/2016,GLH,MS,ASO,CE,Federal Contract Tower,0,2,2,0,4,0,0,4,0,4,0,2,6,0,8,2,0,2,10
06/26/2016,GLH,MS,ASO,CE,Federal Contract Tower,0,2,0,0,2,0,0,5,0,5,0,2,5,0,7,0,0,0,7
06/27/2016,GLH,MS,ASO,CE,Federal Contract Tower,0,3,0,10,13,0,1,7,4,12,0,4,7,14,25,0,102,102,127
06/28/2016,GLH,MS,ASO,CE,Federal Contract Tower,0,1,0,10,11,0,1,3,0,4,0,2,3,10,15,0,126,126,141
06/29/2016,GLH,MS,ASO,CE,Federal Contract Tower,0,4,3,10,17,0,0,7,0,7,0,4,10,10,24,2,114,116,140
06/30/2016,GLH,MS,ASO,CE,Federal Contract Tower,0,4,3,6,13,0,0,18,0,18,0,4,21,6,31,44,132,176,207
07/01/2016,GLH,MS,ASO,CE,Federal Contract Tower,0,4,2,2,8,0,0,18,0,18,0,4,20,2,26,26,16,42,68
07/02/2016,GLH,MS,ASO,CE,Federal Contract Tower,0,2,2,0,4,0,0,14,0,14,0,2,16,0,18,6,0,6,24
07/03/2016,GLH,MS,ASO,CE,Federal Contract Tower,0,2,2,0,4,0,0,9,0,9,0,2,11,0,13,0,0,0,13
07/04/2016,GLH,MS,ASO,CE,Federal Contract Tower,0,4,2,0,6,0,0,2,0,2,0,4,4,0,8,4,0,4,12
07/05/2016,GLH,MS,ASO,CE,Federal Contract Tower,0,5,6,0,11,0,0,2,0,2,0,5,8,0,13,0,0,0,13
07/06/2016,GLH,MS,ASO,CE,Federal Contract Tower,0,4,2,7,13,0,0,14,0,14,0,4,16,7,27,0,26,26,53
07/07/2016,GLH,MS,ASO,CE,Federal Contract Tower,0,4,0,10,14,0,0,12,2,14,0,4,12,12,28,24,144,168,196
07/08/2016,GLH,MS,ASO,CE,Federal Contract Tower,0,4,0,4,8,0,0,16,0,16,0,4,16,4,24,6,16,22,46
07/09/2016,GLH,MS,ASO,CE,Federal Contract Tower,0,2,2,0,4,0,0,5,0,5,0,2,7,0,9,0,0,0,9
07/10/2016,GLH,MS,ASO,CE,Federal Contract Tower,0,2,0,0,2,0,0,6,0,6,0,2,6,0,8,0,0,0,8
07/11/2016,GLH,MS,ASO,CE,Federal Contract Tower,0,5,8,2,15,0,0,14,6,20,0,5,22,8,35,4,14,18,53
07/12/2016,GLH,MS,ASO,CE,Federal Contract Tower,0,4,3,1,8,0,0,12,3,15,0,4,15,4,23,4,14,18,41
07/13/2016,GLH,MS,ASO,CE,Federal Contract Tower,0,4,2,6,12,0,0,8,0,8,0,4,10,6,20,2,56,58,78
07/14/2016,GLH,MS,ASO,CE,Federal Contract Tower,0,4,2,0,6,0,0,7,0,7,0,4,9,0,13,0,0,0,13
07/15/2016,GLH,MS,ASO,CE,Federal Contract Tower,0,6,1,9,16,0,0,11,2,13,0,6,12,11,29,0,44,44,73
07/16/2016,GLH,MS,ASO,CE,Federal Contract Tower,0,2,4,0,6,0,0,11,0,11,0,2,15,0,17,0,0,0,17
07/17/2016,GLH,MS,ASO,CE,Federal Contract Tower,0,2,0,0,2,0,0,2,0,2,0,2,2,0,4,0,0,0,4
07/18/2016,GLH,MS,ASO,CE,Federal Contract Tower,0,4,3,4,11,0,0,8,1,9,0,4,11,5,20,8,48,56,76
07/19/2016,GLH,MS,ASO,CE,Federal Contract Tower,0,3,1,6,10,0,0,6,4,10,0,3,7,10,20,0,30,30,50
07/20/2016,GLH,MS,ASO,CE,Federal Contract Tower,0,4,18,10,32,0,0,8,12,20,0,4,26,22,52,0,102,102,154
07/21/2016,GLH,MS,ASO,CE,Federal Contract Tower,0,4,16,10,30,0,0,16,0,16,0,4,32,10,46,10,104,114,160
07/22/2016,GLH,MS,ASO,CE,Federal Contract Tower,0,4,12,6,22,0,0,13,2,15,0,4,25,8,37,4,122,126,163
07/23/2016,GLH,MS,ASO,CE,Federal Contract Tower,0,2,2,0,4,0,0,7,0,7,0,2,9,0,11,4,0,4,15
07/24/2016,GLH,MS,ASO,CE,Federal Contract Tower,0,2,2,0,4,0,0,2,0,2,0,2,4,0,6,0,0,0,6
07/25/2016,GLH,MS,ASO,CE,Federal Contract Tower,0,4,8,4,16,0,0,20,0,20,0,4,28,4,36,8,100,108,144
07/26/2016,GLH,MS,ASO,CE,Federal Contract Tower,0,3,3,3,9,0,1,33,2,36,0,4,36,5,45,2,62,64,109
07/27/2016,GLH,MS,ASO,CE,Federal Contract Tower,0,4,4,1,9,0,0,0,7,7,0,4,4,8,16,0,0,0,16
07/28/2016,GLH,MS,ASO,CE,Federal Contract Tower,0,4,1,0,5,0,0,3,0,3,0,4,4,0,8,0,0,0,8
07/29/2016,GLH,MS,ASO,CE,Federal Contract Tower,0,4,5,2,11,0,0,12,0,12,0,4,17,2,23,4,20,24,47
07/30/2016,GLH,MS,ASO,CE,Federal Contract Tower,0,2,4,0,6,0,0,6,6,12,0,2,10,6,18,0,0,0,18
07/31/2016,GLH,MS,ASO,CE,Federal Contract Tower,0,2,1,0,3,0,0,3,0,3,0,2,4,0,6,0,0,0,6
08/01/2016,GLH,MS,ASO,CE,Federal Contract Tower,0,4,1,5,10,0,0,21,2,23,0,4,22,7,33,6,82,88,121
08/02/2016,GLH,MS,ASO,CE,Federal Contract Tower,0,4,4,10,18,0,0,27,2,29,0,4,31,12,47,8,118,126,173
08/03/2016,GLH,MS,ASO,CE,Federal Contract Tower,0,4,4,5,13,0,0,11,2,13,0,4,15,7,26,22,16,38,64
08/04/2016,GLH,MS,ASO,CE,Federal Contract Tower,0,4,2,10,16,0,0,17,0,17,0,4,19,10,33,10,134,144,177
08/05/2016,GLH,MS,ASO,CE,Federal Contract Tower,0,4,3,5,12,0,0,26,0,26,0,4,29,5,38,10,16,26,64
08/06/2016,GLH,MS,ASO,CE,Federal Contract Tower,0,2,3,0,5,0,0,7,0,7,0,2,10,0,12,0,0,0,12
08/07/2016,GLH,MS,ASO,CE,Federal Contract Tower,0,2,8,2,12,0,0,2,0,2,0,2,10,2,14,0,0,0,14
08/08/2016,GLH,MS,ASO,CE,Federal Contract Tower,0,4,0,2,6,0,0,15,0,15,0,4,15,2,21,0,8,8,29
08/09/2016,GLH,MS,ASO,CE,Federal Contract Tower,0,6,3,5,14,0,0,29,3,32,0,6,32,8,46,4,72,76,122
08/10/2016,GLH,MS,ASO,CE,Federal Contract Tower,0,4,0,6,10,0,0,8,6,14,0,4,8,12,24,6,48,54,78
08/11/2016,GLH,MS,ASO,CE,Federal Contract Tower,0,4,8,2,14,0,0,13,0,13,0,4,21,2,27,6,48,54,81
08/12/2016,GLH,MS,ASO,CE,Federal Contract Tower,0,6,0,0,6,0,0,9,4,13,0,6,9,4,19,0,0,0,19
08/13/2016,GLH,MS,ASO,CE,Federal Contract Tower,0,2,6,0,8,0,0,0,0,0,0,2,6,0,8,0,0,0,8
08/14/2016,GLH,MS,ASO,CE,Federal Contract Tower,0,2,1,2,5,0,0,0,0,0,0,2,1,2,5,0,0,0,5
08/15/2016,GLH,MS,ASO,CE,Federal Contract Tower,0,4,2,6,12,0,0,1,0,1,0,4,3,6,13,0,6,6,19
08/16/2016,GLH,MS,ASO,CE,Federal Contract Tower,0,4,2,0,6,0,0,2,0,2,0,4,4,0,8,0,0,0,8
08/17/2016,GLH,MS,ASO,CE,Federal Contract Tower,0,4,2,0,6,0,1,0,0,1,0,5,2,0,7,0,0,0,7
08/18/2016,GLH,MS,ASO,CE,Federal Contract Tower,0,4,2,6,12,0,0,8,0,8,0,4,10,6,20,0,36,36,56
08/19/2016,GLH,MS,ASO,CE,Federal Contract Tower,0,4,1,5,10,0,0,8,1,9,0,4,9,6,19,0,30,30,49
08/20/2016,GLH,MS,ASO,CE,Federal Contract Tower,0,2,3,0,5,0,0,0,2,2,0,2,3,2,7,0,0,0,7
08/21/2016,GLH,MS,ASO,CE,Federal Contract Tower,0,2,6,0,8,0,0,2,1,3,0,2,8,1,11,0,0,0,11
08/22/2016,GLH,MS,ASO,CE,Federal Contract Tower,0,4,0,0,4,0,0,8,2,10,0,4,8,2,14,8,0,8,22
08/23/2016,GLH,MS,ASO,CE,Federal Contract Tower,0,4,1,10,15,0,0,22,0,22,0,4,23,10,37,2,70,72,109
08/24/2016,GLH,MS,ASO,CE,Federal Contract Tower,0,4,4,6,14,0,0,21,0,21,0,4,25,6,35,26,114,140,175
08/25/2016,GLH,MS,ASO,CE,Federal Contract Tower,0,4,0,2,6,0,0,15,0,15,0,4,15,2,21,4,50,54,75
08/26/2016,GLH,MS,ASO,CE,Federal Contract Tower,0,5,4,8,17,0,0,21,0,21,0,5,25,8,38,0,62,62,100
08/27/2016,GLH,MS,ASO,CE,Federal Contract Tower,0,3,1,0,4,0,0,21,0,21,0,3,22,0,25,10,0,10,35
08/28/2016,GLH,MS,ASO,CE,Federal Contract Tower,0,2,3,2,7,0,0,6,0,6,0,2,9,2,13,0,0,0,13
08/29/2016,GLH,MS,ASO,CE,Federal Contract Tower,0,4,1,5,10,0,0,20,0,20,0,4,21,5,30,8,48,56,86
08/30/2016,GLH,MS,ASO,CE,Federal Contract Tower,0,2,1,5,8,0,0,39,1,40,0,2,40,6,48,16,16,32,80
08/31/2016,GLH,MS,ASO,CE,Federal Contract Tower,0,5,5,3,13,0,0,12,1,13,0,5,17,4,26,0,68,68,94
09/01/2016,GLH,MS,ASO,CE,Federal Contract Tower,0,4,6,6,16,0,0,21,1,22,0,4,27,7,38,2,102,104,142
09/02/2016,GLH,MS,ASO,CE,Federal Contract Tower,4,4,4,0,12,0,0,17,0,17,4,4,21,0,29,4,0,4,33
09/03/2016,GLH,MS,ASO,CE,Federal Contract Tower,0,2,0,2,4,0,0,4,2,6,0,2,4,4,10,12,0,12,22
09/04/2016,GLH,MS,ASO,CE,Federal Contract Tower,0,2,3,0,5,0,0,9,0,9,0,2,12,0,14,6,0,6,20
09/05/2016,GLH,MS,ASO,CE,Federal Contract Tower,0,3,3,0,6,0,0,15,0,15,0,3,18,0,21,12,0,12,33
09/06/2016,GLH,MS,ASO,CE,Federal Contract Tower,0,4,6,2,12,0,0,24,10,34,0,4,30,12,46,0,42,42,88
09/07/2016,GLH,MS,ASO,CE,Federal Contract Tower,0,4,2,0,6,0,0,12,0,12,0,4,14,0,18,16,0,16,34
09/08/2016,GLH,MS,ASO,CE,Federal Contract Tower,0,4,1,2,7,0,0,14,0,14,0,4,15,2,21,12,30,42,63
09/09/2016,GLH,MS,ASO,CE,Federal Contract Tower,0,4,5,7,16,0,0,23,0,23,0,4,28,7,39,4,64,68,107
09/10/2016,GLH,MS,ASO,CE,Federal Contract Tower,0,2,0,0,2,0,0,5,0,5,0,2,5,0,7,4,0,4,11
09/11/2016,GLH,MS,ASO,CE,Federal Contract Tower,0,2,3,0,5,0,0,13,0,13,0,2,16,0,18,0,0,0,18
09/12/2016,GLH,MS,ASO,CE,Federal Contract Tower,0,6,0,5,11,0,0,10,2,12,0,6,10,7,23,12,42,54,77
09/13/2016,GLH,MS,ASO,CE,Federal Contract Tower,0,4,0,4,8,0,0,14,0,14,0,4,14,4,22,0,74,74,96
09/14/2016,GLH,MS,ASO,CE,Federal Contract Tower,0,4,0,6,10,0,0,11,0,11,0,4,11,6,21,0,70,70,91
09/15/2016,GLH,MS,ASO,CE,Federal Contract Tower,0,4,2,1,7,0,0,18,1,19,0,4,20,2,26,10,12,22,48
09/16/2016,GLH,MS,ASO,CE,Federal Contract Tower,0,3,9,5,17,0,0,13,0,13,0,3,22,5,30,4,70,74,104
09/17/2016,GLH,MS,ASO,CE,Federal Contract Tower,0,2,1,0,3,0,0,3,0,3,0,2,4,0,6,0,0,0,6
09/18/2016,GLH,MS,ASO,CE,Federal Contract Tower,0,1,3,0,4,0,0,5,0,5,0,1,8,0,9,0,0,0,9
09/19/2016,GLH,MS,ASO,CE,Federal Contract Tower,0,4,8,5,17,0,0,22,2,24,0,4,30,7,41,14,36,50,91
09/20/2016,GLH,MS,ASO,CE,Federal Contract Tower,0,4,6,4,14,0,0,10,2,12,0,4,16,6,26,0,64,64,90
09/21/2016,GLH,MS,ASO,CE,Federal Contract Tower,0,4,0,4,8,0,0,11,2,13,0,4,11,6,21,0,26,26,47
09/22/2016,GLH,MS,ASO,CE,Federal Contract Tower,0,4,0,3,7,0,0,18,1,19,0,4,18,4,26,0,36,36,62
09/23/2016,GLH,MS,ASO,CE,Federal Contract Tower,0,8,2,2,12,0,0,6,0,6,0,8,8,2,18,8,0,8,26
09/24/2016,GLH,MS,ASO,CE,Federal Contract Tower,0,2,2,0,4,0,0,5,6,11,0,2,7,6,15,6,0,6,21
09/25/2016,GLH,MS,ASO,CE,Federal Contract Tower,0,2,4,0,6,0,0,4,0,4,0,2,8,0,10,0,0,0,10
09/26/2016,GLH,MS,ASO,CE,Federal Contract Tower,0,4,0,4,8,0,0,9,0,9,0,4,9,4,17,0,52,52,69
09/27/2016,GLH,MS,ASO,CE,Federal Contract Tower,0,4,0,2,6,0,0,4,0,4,0,4,4,2,10,0,4,4,14
09/28/2016,GLH,MS,ASO,CE,Federal Contract Tower,0,5,0,4,9,0,0,6,2,8,0,5,6,6,17,6,38,44,61
09/29/2016,GLH,MS,ASO,CE,Federal Contract Tower,0,4,2,5,11,0,0,11,0,11,0,4,13,5,22,4,32,36,58
09/30/2016,GLH,MS,ASO,CE,Federal Contract Tower,0,4,5,2,11,0,0,6,0,6,0,4,11,2,17,12,10,22,39
10/01/2016,GLH,MS,ASO,CE,Federal Contract Tower,0,2,0,2,4,0,0,4,0,4,0,2,4,2,8,0,12,12,20
10/02/2016,GLH,MS,ASO,CE,Federal Contract Tower,0,2,2,0,4,0,0,10,0,10,0,2,12,0,14,16,0,16,30
10/03/2016,GLH,MS,ASO,CE,Federal Contract Tower,0,6,4,10,20,0,0,4,0,4,0,6,8,10,24,0,42,42,66
10/04/2016,GLH,MS,ASO,CE,Federal Contract Tower,0,4,3,8,15,0,0,8,2,10,0,4,11,10,25,2,100,102,127
10/05/2016,GLH,MS,ASO,CE,Federal Contract Tower,0,4,5,9,18,0,0,7,2,9,0,4,12,11,27,4,112,116,143
10/06/2016,GLH,MS,ASO,CE,Federal Contract Tower,0,2,6,9,17,0,0,3,4,7,0,2,9,13,24,0,50,50,74
10/07/2016,GLH,MS,ASO,CE,Federal Contract Tower,0,4,0,2,6,0,0,9,0,9,0,4,9,2,15,14,30,44,59
10/08/2016,GLH,MS,ASO,CE,Federal Contract Tower,0,2,2,0,4,0,0,1,0,1,0,2,3,0,5,4,0,4,9
10/09/2016,GLH,MS,ASO,CE,Federal Contract Tower,0,1,4,0,5,0,1,0,0,1,0,2,4,0,6,0,0,0,6
10/10/2016,GLH,MS,ASO,CE,Federal Contract Tower,0,1,2,0,3,0,3,16,0,19,0,4,18,0,22,16,0,16,38
10/11/2016,GLH,MS,ASO,CE,Federal Contract Tower,0,0,3,8,11,0,4,16,0,20,0,4,19,8,31,6,56,62,93
10/12/2016,GLH,MS,ASO,CE,Federal Contract Tower,0,0,7,2,9,0,4,15,0,19,0,4,22,2,28,20,32,52,80
10/13/2016,GLH,MS,ASO,CE,Federal Contract Tower,0,4,4,5,13,0,0,16,0,16,0,4,20,5,29,8,68,76,105
10/14/2016,GLH,MS,ASO,CE,Federal Contract Tower,0,5,3,14,22,0,0,11,0,11,0,5,14,14,33,0,4,4,37
10/15/2016,GLH,MS,ASO,CE,Federal Contract Tower,0,2,1,0,3,0,0,9,5,14,0,2,10,5,17,2,6,8,25
10/16/2016,GLH,MS,ASO,CE,Federal Contract Tower,0,2,5,0,7,0,0,6,0,6,0,2,11,0,13,0,0,0,13
10/17/2016,GLH,MS,ASO,CE,Federal Contract Tower,0,4,3,2,9,0,0,32,0,32,0,4,35,2,41,8,44,52,93
10/18/2016,GLH,MS,ASO,CE,Federal Contract Tower,0,4,4,1,9,0,0,20,2,22,0,4,24,3,31,0,4,4,35
10/19/2016,GLH,MS,ASO,CE,Federal Contract Tower,0,2,8,6,16,0,2,7,0,9,0,4,15,6,25,8,84,92,117
10/20/2016,GLH,MS,ASO,CE,Federal Contract Tower,0,5,0,5,10,0,0,0,0,0,0,5,0,5,10,0,18,18,28
10/21/2016,GLH,MS,ASO,CE,Federal Contract Tower,0,4,8,5,17,0,0,17,0,17,0,4,25,5,34,8,52,60,94
10/22/2016,GLH,MS,ASO,CE,Federal Contract Tower,0,2,0,0,2,0,0,11,2,13,0,2,11,2,15,22,4,26,41
10/23/2016,GLH,MS,ASO,CE,Federal Contract Tower,0,2,3,0,5,0,0,4,0,4,0,2,7,0,9,2,0,2,11
10/24/2016,GLH,MS,ASO,CE,Federal Contract Tower,0,4,2,11,17,0,0,12,6,18,0,4,14,17,35,0,124,124,159
10/25/2016,GLH,MS,ASO,CE,Federal Contract Tower,0,5,13,8,26,0,0,21,4,25,0,5,34,12,51,6,86,92,143
10/26/2016,GLH,MS,ASO,CE,Federal Contract Tower,0,4,4,7,15,0,0,4,2,6,0,4,8,9,21,8,46,54,75
10/27/2016,GLH,MS,ASO,CE,Federal Contract Tower,0,4,1,11,16,0,0,22,0,22,0,4,23,11,38,14,162,176,214
10/28/2016,GLH,MS,ASO,CE,Federal Contract Tower,0,4,7,0,11,0,0,30,0,30,0,4,37,0,41,8,0,8,49
10/29/2016,GLH,MS,ASO,CE,Federal Contract Tower,0,2,4,0,6,0,0,2,0,2,0,2,6,0,8,0,0,0,8
10/30/2016,GLH,MS,ASO,CE,Federal Contract Tower,0,5,0,0,5,0,0,2,2,4,0,5,2,2,9,0,8,8,17
10/31/2016,GLH,MS,ASO,CE,Federal Contract Tower,0,4,2,4,10,0,0,12,0,12,0,4,14,4,22,0,96,96,118
11/01/2016,GLH,MS,ASO,CE,Federal Contract Tower,0,4,0,7,11,0,0,9,1,10,0,4,9,8,21,0,78,78,99
11/02/2016,GLH,MS,ASO,CE,Federal Contract Tower,0,3,4,9,16,0,1,7,0,8,0,4,11,9,24,4,114,118,142
11/03/2016,GLH,MS,ASO,CE,Federal Contract Tower,0,4,1,6,11,0,0,11,0,11,0,4,12,6,22,4,110,114,136
11/04/2016,GLH,MS,ASO,CE,Federal Contract Tower,0,4,4,2,10,0,0,9,0,9,0,4,13,2,19,22,38,60,79
11/05/2016,GLH,MS,ASO,CE,Federal Contract Tower,0,2,1,0,3,0,0,12,0,12,0,2,13,0,15,16,0,16,31
11/06/2016,GLH,MS,ASO,CE,Federal Contract Tower,0,2,1,0,3,0,0,4,0,4,0,2,5,0,7,8,0,8,15
11/07/2016,GLH,MS,ASO,CE,Federal Contract Tower,0,4,0,7,11,0,2,0,0,2,0,6,0,7,13,0,48,48,61
11/08/2016,GLH,MS,ASO,CE,Federal Contract Tower,0,4,1,8,13,0,0,3,0,3,0,4,4,8,16,0,140,140,156
11/09/2016,GLH,MS,ASO,CE,Federal Contract Tower,0,4,1,8,13,0,0,7,0,7,0,4,8,8,20,8,134,142,162
11/10/2016,GLH,MS,ASO,CE,Federal Contract Tower,0,0,2,1,3,0,4,11,0,15,0,4,13,1,18,2,0,2,20
11/11/2016,GLH,MS,ASO,CE,Federal Contract Tower,0,3,3,0,6,0,2,14,0,16,0,5,17,0,22,16,0,16,38
11/12/2016,GLH,MS,ASO,CE,Federal Contract Tower,0,2,2,0,4,0,0,9,0,9,0,2,11,0,13,4,0,4,17
11/13/2016,GLH,MS,ASO,CE,Federal Contract Tower,0,2,3,0,5,0,0,2,0,2,0,2,5,0,7,2,0,2,9
11/14/2016,GLH,MS,ASO,CE,Federal Contract Tower,0,3,1,4,8,0,2,4,2,8,0,5,5,6,16,20,32,52,68
11/15/2016,GLH,MS,ASO,CE,Federal Contract Tower,0,6,1,2,9,0,0,19,2,21,0,6,20,4,30,36,34,70,100
11/16/2016,GLH,MS,ASO,CE,Federal Contract Tower,0,4,6,9,19,0,0,7,3,10,0,4,13,12,29,8,118,126,155
11/17/2016,GLH,MS,ASO,CE,Federal Contract Tower,0,3,3,7,13,0,0,15,2,17,0,3,18,9,30,4,74,78,108
11/18/2016,GLH,MS,ASO,CE,Federal Contract Tower,0,4,4,0,8,0,0,6,0,6,0,4,10,0,14,2,0,2,16
11/19/2016,GLH,MS,ASO,CE,Federal Contract Tower,0,4,4,0,8,0,0,5,0,5,0,4,9,0,13,8,0,8,21
11/20/2016,GLH,MS,ASO,CE,Federal Contract Tower,0,2,1,0,3,0,0,1,0,1,0,2,2,0,4,0,0,0,4
11/21/2016,GLH,MS,ASO,CE,Federal Contract Tower,0,3,3,4,10,0,0,5,4,9,0,3,8,8,19,8,88,96,115
11/22/2016,GLH,MS,ASO,CE,Federal Contract Tower,0,4,4,10,18,0,0,12,0,12,0,4,16,10,30,6,134,140,170
11/23/2016,GLH,MS,ASO,CE,Federal Contract Tower,0,4,0,5,9,0,0,0,0,0,0,4,0,5,9,0,24,24,33
11/24/2016,GLH,MS,ASO,CE,Federal Contract Tower,0,4,5,0,9,0,0,6,0,6,0,4,11,0,15,0,0,0,15
11/25/2016,GLH,MS,ASO,CE,Federal Contract Tower,0,5,2,0,7,0,0,7,0,7,0,5,9,0,14,4,0,4,18
11/26/2016,GLH,MS,ASO,CE,Federal Contract Tower,0,2,7,0,9,0,0,3,0,3,0,2,10,0,12,4,0,4,16
11/27/2016,GLH,MS,ASO,CE,Federal Contract Tower,0,2,7,0,9,0,0,3,6,9,0,2,10,6,18,0,0,0,18
11/28/2016,GLH,MS,ASO,CE,Federal Contract Tower,0,4,0,0,4,0,0,0,0,0,0,4,0,0,4,0,0,0,4
11/29/2016,GLH,MS,ASO,CE,Federal Contract Tower,0,5,0,4,9,0,0,4,8,12,0,5,4,12,21,2,60,62,83
11/30/2016,GLH,MS,ASO,CE,Federal Contract Tower,0,5,4,0,9,0,0,4,0,4,0,5,8,0,13,2,0,2,15
12/01/2016,GLH,MS,ASO,CE,Federal Contract Tower,0,5,3,4,12,0,0,18,0,18,0,5,21,4,30,16,38,54,84
12/02/2016,GLH,MS,ASO,CE,Federal Contract Tower,0,4,0,6,10,0,0,16,0,16,0,4,16,6,26,10,74,84,110
12/03/2016,GLH,MS,ASO,CE,Federal Contract Tower,0,2,2,0,4,0,0,0,0,0,0,2,2,0,4,0,0,0,4
12/04/2016,GLH,MS,ASO,CE,Federal Contract Tower,0,2,3,0,5,0,0,0,0,0,0,2,3,0,5,0,0,0,5
12/05/2016,GLH,MS,ASO,CE,Federal Contract Tower,0,4,3,0,7,0,0,0,0,0,0,4,3,0,7,0,0,0,7
12/06/2016,GLH,MS,ASO,CE,Federal Contract Tower,0,4,6,0,10,0,0,4,0,4,0,4,10,0,14,2,0,2,16
12/07/2016,GLH,MS,ASO,CE,Federal Contract Tower,0,4,4,2,10,0,0,3,0,3,0,4,7,2,13,0,0,0,13
12/08/2016,GLH,MS,ASO,CE,Federal Contract Tower,0,4,1,6,11,0,0,9,0,9,0,4,10,6,20,16,54,70,90
12/09/2016,GLH,MS,ASO,CE,Federal Contract Tower,0,3,3,2,8,0,0,13,0,13,0,3,16,2,21,8,24,32,53
12/10/2016,GLH,MS,ASO,CE,Federal Contract Tower,0,2,3,0,5,0,0,4,0,4,0,2,7,0,9,0,0,0,9
12/11/2016,GLH,MS,ASO,CE,Federal Contract Tower,0,2,3,0,5,0,0,2,0,2,0,2,5,0,7,0,0,0,7
12/12/2016,GLH,MS,ASO,CE,Federal Contract Tower,0,4,6,0,10,0,0,0,0,0,0,4,6,0,10,2,0,2,12
12/13/2016,GLH,MS,ASO,CE,Federal Contract Tower,0,5,2,0,7,0,0,0,0,0,0,5,2,0,7,0,0,0,7
12/14/2016,GLH,MS,ASO,CE,Federal Contract Tower,0,4,0,2,6,0,0,0,0,0,0,4,0,2,6,0,2,2,8
12/15/2016,GLH,MS,ASO,CE,Federal Contract Tower,0,4,6,8,18,0,0,7,4,11,0,4,13,12,29,6,136,142,171
12/16/2016,GLH,MS,ASO,CE,Federal Contract Tower,0,4,2,8,14,0,0,7,0,7,0,4,9,8,21,4,66,70,91
12/17/2016,GLH,MS,ASO,CE,Federal Contract Tower,0,2,4,0,6,0,0,0,0,0,0,2,4,0,6,0,0,0,6
12/18/2016,GLH,MS,ASO,CE,Federal Contract Tower,0,2,8,0,10,0,0,1,0,1,0,2,9,0,11,6,0,6,17
12/19/2016,GLH,MS,ASO,CE,Federal Contract Tower,0,5,3,7,15,0,0,3,3,6,0,5,6,10,21,10,54,64,85
12/20/2016,GLH,MS,ASO,CE,Federal Contract Tower,0,4,1,8,13,0,0,12,0,12,0,4,13,8,25,22,140,162,187
12/21/2016,GLH,MS,ASO,CE,Federal Contract Tower,0,4,0,0,4,0,0,7,0,7,0,4,7,0,11,0,0,0,11
12/22/2016,GLH,MS,ASO,CE,Federal Contract Tower,0,4,2,5,11,0,0,6,0,6,0,4,8,5,17,0,48,48,65
12/23/2016,GLH,MS,ASO,CE,Federal Contract Tower,0,4,2,0,6,0,0,2,0,2,0,4,4,0,8,2,0,2,10
12/24/2016,GLH,MS,ASO,CE,Federal Contract Tower,0,2,2,0,4,0,0,0,0,0,0,2,2,0,4,0,0,0,4
12/25/2016,GLH,MS,ASO,CE,Federal Contract Tower,0,0,1,0,1,0,0,0,0,0,0,0,1,0,1,0,0,0,1
12/26/2016,GLH,MS,ASO,CE,Federal Contract Tower,0,3,7,0,10,0,0,0,0,0,0,3,7,0,10,0,0,0,10
12/27/2016,GLH,MS,ASO,CE,Federal Contract Tower,0,6,1,0,7,0,0,4,0,4,0,6,5,0,11,0,0,0,11
12/28/2016,GLH,MS,ASO,CE,Federal Contract Tower,0,4,4,0,8,0,0,0,0,0,0,4,4,0,8,0,0,0,8
12/29/2016,GLH,MS,ASO,CE,Federal Contract Tower,0,5,5,0,10,0,0,7,0,7,0,5,12,0,17,0,0,0,17
12/30/2016,GLH,MS,ASO,CE,Federal Contract Tower,0,4,6,0,10,0,0,21,0,21,0,4,27,0,31,12,0,12,43
12/31/2016,GLH,MS,ASO,CE,Federal Contract Tower,0,2,0,0,2,0,0,0,0,0,0,2,0,0,2,0,0,0,2
01/01/2017,GLH,MS,ASO,CE,Federal Contract Tower,0,2,0,0,2,0,0,0,0,0,0,2,0,0,2,0,0,0,2
01/02/2017,GLH,MS,ASO,CE,Federal Contract Tower,0,4,0,0,4,0,0,0,0,0,0,4,0,0,4,0,0,0,4
01/03/2017,GLH,MS,ASO,CE,Federal Contract Tower,0,5,5,2,12,0,0,4,0,4,0,5,9,2,16,0,8,8,24
01/04/2017,GLH,MS,ASO,CE,Federal Contract Tower,0,5,3,4,12,0,0,4,0,4,0,5,7,4,16,12,34,46,62
01/05/2017,GLH,MS,ASO,CE,Federal Contract Tower,0,4,0,6,10,0,0,9,1,10,0,4,9,7,20,0,92,92,112
01/06/2017,GLH,MS,ASO,CE,Federal Contract Tower,0,5,2,0,7,0,0,0,0,0,0,5,2,0,7,0,0,0,7
01/07/2017,GLH,MS,ASO,CE,Federal Contract Tower,0,3,0,0,3,0,0,6,0,6,0,3,6,0,9,0,0,0,9
01/08/2017,GLH,MS,ASO,CE,Federal Contract Tower,0,2,0,0,2,0,0,6,0,6,0,2,6,0,8,6,0,6,14
01/09/2017,GLH,MS,ASO,CE,Federal Contract Tower,0,5,3,14,22,0,2,6,0,8,0,7,9,14,30,6,70,76,106
01/10/2017,GLH,MS,ASO,CE,Federal Contract Tower,0,4,2,6,12,0,0,1,0,1,0,4,3,6,13,0,10,10,23
01/11/2017,GLH,MS,ASO,CE,Federal Contract Tower,0,4,1,7,12,0,0,2,0,2,0,4,3,7,14,4,94,98,112
01/12/2017,GLH,MS,ASO,CE,Federal Contract Tower,0,5,2,3,10,0,0,2,6,8,0,5,4,9,18,2,32,34,52
01/13/2017,GLH,MS,ASO,CE,Federal Contract Tower,0,4,7,0,11,0,0,1,0,1,0,4,8,0,12,4,0,4,16
01/14/2017,GLH,MS,ASO,CE,Federal Contract Tower,0,3,0,0,3,0,0,2,0,2,0,3,2,0,5,0,0,0,5
01/15/2017,GLH,MS,ASO,CE,Federal Contract Tower,0,2,2,0,4,0,0,0,0,0,0,2,2,0,4,0,0,0,4
01/16/2017,GLH,MS,ASO,CE,Federal Contract Tower,0,5,0,0,5,0,0,2,0,2,0,5,2,0,7,0,0,0,7
01/17/2017,GLH,MS,ASO,CE,Federal Contract Tower,0,4,1,0,5,0,0,0,0,0,0,4,1,0,5,0,0,0,5
01/18/2017,GLH,MS,ASO,CE,Federal Contract Tower,0,4,0,0,4,0,0,0,0,0,0,4,0,0,4,0,0,0,4
01/19/2017,GLH,MS,ASO,CE,Federal Contract Tower,0,5,0,0,5,0,0,0,0,0,0,5,0,0,5,0,0,0,5
01/20/2017,GLH,MS,ASO,CE,Federal Contract Tower,0,4,12,6,22,0,0,5,0,5,0,4,17,6,27,12,46,58,85
01/21/2017,GLH,MS,ASO,CE,Federal Contract Tower,0,2,1,0,3,0,0,3,0,3,0,2,4,0,6,0,0,0,6
01/22/2017,GLH,MS,ASO,CE,Federal Contract Tower,0,2,3,0,5,0,0,0,0,0,0,2,3,0,5,0,0,0,5
01/23/2017,GLH,MS,ASO,CE,Federal Contract Tower,0,4,9,4,17,0,0,15,4,19,0,4,24,8,36,10,86,96,132
01/24/2017,GLH,MS,ASO,CE,Federal Contract Tower,0,4,0,2,6,0,0,21,2,23,0,4,21,4,29,6,18,24,53
01/25/2017,GLH,MS,ASO,CE,Federal Contract Tower,0,4,3,0,7,0,0,6,0,6,0,4,9,0,13,12,0,12,25
01/26/2017,GLH,MS,ASO,CE,Federal Contract Tower,0,4,5,2,11,0,0,17,0,17,0,4,22,2,28,26,32,58,86
01/27/2017,GLH,MS,ASO,CE,Federal Contract Tower,0,4,4,0,8,0,0,45,0,45,0,4,49,0,53,8,0,8,61
01/28/2017,GLH,MS,ASO,CE,Federal Contract Tower,0,2,5,0,7,0,0,11,0,11,0,2,16,0,18,0,0,0,18
01/29/2017,GLH,MS,ASO,CE,Federal Contract Tower,0,1,0,0,1,0,1,0,0,1,0,2,0,0,2,0,0,0,2
01/30/2017,GLH,MS,ASO,CE,Federal Contract Tower,0,4,2,6,12,0,0,34,2,36,0,4,36,8,48,14,46,60,108
01/31/2017,GLH,MS,ASO,CE,Federal Contract Tower,0,4,1,0,5,0,0,16,0,16,0,4,17,0,21,18,0,18,39
02/01/2017,GLH,MS,ASO,CE,Federal Contract Tower,0,4,3,2,9,0,0,12,4,16,0,4,15,6,25,10,30,40,65
02/02/2017,GLH,MS,ASO,CE,Federal Contract Tower,0,4,4,0,8,0,0,0,0,0,0,4,4,0,8,0,0,0,8
02/03/2017,GLH,MS,ASO,CE,Federal Contract Tower,0,4,0,9,13,0,0,5,0,5,0,4,5,9,18,4,126,130,148
02/04/2017,GLH,MS,ASO,CE,Federal Contract Tower,0,2,1,0,3,0,0,8,0,8,0,2,9,0,11,8,0,8,19
02/05/2017,GLH,MS,ASO,CE,Federal Contract Tower,0,2,0,0,2,0,0,0,0,0,0,2,0,0,2,0,0,0,2
02/06/2017,GLH,MS,ASO,CE,Federal Contract Tower,3,3,4,2,12,0,1,5,0,6,3,4,9,2,18,2,6,8,26
02/07/2017,GLH,MS,ASO,CE,Federal Contract Tower,0,4,3,0,7,0,0,12,0,12,0,4,15,0,19,8,0,8,27
02/08/2017,GLH,MS,ASO,CE,Federal Contract Tower,0,4,2,16,22,0,0,4,0,4,0,4,6,16,26,0,200,200,226
02/09/2017,GLH,MS,ASO,CE,Federal Contract Tower,0,4,6,8,18,0,0,13,2,15,0,4,19,10,33,4,82,86,119
02/10/2017,GLH,MS,ASO,CE,Federal Contract Tower,0,4,5,4,13,0,0,16,0,16,0,4,21,4,29,8,74,82,111
02/11/2017,GLH,MS,ASO,CE,Federal Contract Tower,0,3,7,0,10,0,0,0,0,0,0,3,7,0,10,0,0,0,10
02/12/2017,GLH,MS,ASO,CE,Federal Contract Tower,0,2,2,0,4,0,0,0,0,0,0,2,2,0,4,0,0,0,4
02/13/2017,GLH,MS,ASO,CE,Federal Contract Tower,2,3,0,0,5,0,1,14,0,15,2,4,14,0,20,10,0,10,30
02/14/2017,GLH,MS,ASO,CE,Federal Contract Tower,0,4,3,0,7,0,0,11,0,11,0,4,14,0,18,6,0,6,24
02/15/2017,GLH,MS,ASO,CE,Federal Contract Tower,0,3,5,8,16,0,1,6,0,7,0,4,11,8,23,8,136,144,167
02/16/2017,GLH,MS,ASO,CE,Federal Contract Tower,0,4,3,5,12,0,0,55,1,56,0,4,58,6,68,28,84,112,180
02/17/2017,GLH,MS,ASO,CE,Federal Contract Tower,0,4,3,2,9,0,0,23,0,23,0,4,26,2,32,32,26,58,90
02/18/2017,GLH,MS,ASO,CE,Federal Contract Tower,0,2,3,0,5,0,0,15,0,15,0,2,18,0,20,0,0,0,20
02/19/2017,GLH,MS,ASO,CE,Federal Contract Tower,0,2,3,0,5,0,0,19,0,19,0,2,22,0,24,8,0,8,32
02/20/2017,GLH,MS,ASO,CE,Federal Contract Tower,0,4,3,0,7,0,0,12,0,12,0,4,15,0,19,12,0,12,31
02/21/2017,GLH,MS,ASO,CE,Federal Contract Tower,0,4,2,0,6,0,0,7,0,7,0,4,9,0,13,0,0,0,13
02/22/2017,GLH,MS,ASO,CE,Federal Contract Tower,0,5,6,4,15,0,0,8,0,8,0,5,14,4,23,0,58,58,81
02/23/2017,GLH,MS,ASO,CE,Federal Contract Tower,0,4,0,6,10,0,0,24,0,24,0,4,24,6,34,20,48,68,102
02/24/2017,GLH,MS,ASO,CE,Federal Contract Tower,0,4,4,11,19,0,0,5,0,5,0,4,9,11,24,0,136,136,160
02/25/2017,GLH,MS,ASO,CE,Federal Contract Tower,0,2,3,0,5,0,0,4,0,4,0,2,7,0,9,6,0,6,15
02/26/2017,GLH,MS,ASO,CE,Federal Contract Tower,0,2,1,0,3,0,0,7,0,7,0,2,8,0,10,0,0,0,10
02/27/2017,GLH,MS,ASO,CE,Federal Contract Tower,0,4,1,0,5,0,0,0,0,0,0,4,1,0,5,0,0,0,5
02/28/2017,GLH,MS,ASO,CE,Federal Contract Tower,0,3,1,0,4,0,1,7,0,8,0,4,8,0,12,0,0,0,12
03/01/2017,GLH,MS,ASO,CE,Federal Contract Tower,0,5,4,4,13,0,0,3,4,7,0,5,7,8,20,0,28,28,48
03/02/2017,GLH,MS,ASO,CE,Federal Contract Tower,0,5,3,7,15,0,0,32,2,34,0,5,35,9,49,18,88,106,155
03/03/2017,GLH,MS,ASO,CE,Federal Contract Tower,0,4,5,6,15,0,0,18,0,18,0,4,23,6,33,46,96,142,175
03/04/2017,GLH,MS,ASO,CE,Federal Contract Tower,0,2,3,2,7,0,0,1,0,1,0,2,4,2,8,0,30,30,38
03/05/2017,GLH,MS,ASO,CE,Federal Contract Tower,0,2,6,0,8,0,0,8,0,8,0,2,14,0,16,0,0,0,16
03/06/2017,GLH,MS,ASO,CE,Federal Contract Tower,0,4,2,0,6,0,0,4,0,4,0,4,6,0,10,0,0,0,10
03/07/2017,GLH,MS,ASO,CE,Federal Contract Tower,0,4,0,0,4,0,0,10,0,10,0,4,10,0,14,4,0,4,18
03/08/2017,GLH,MS,ASO,CE,Federal Contract Tower,0,4,4,5,13,0,0,14,0,14,0,4,18,5,27,4,42,46,73
03/09/2017,GLH,MS,ASO,CE,Federal Contract Tower,0,4,2,0,6,0,0,49,0,49,0,4,51,0,55,10,0,10,65
03/10/2017,GLH,MS,ASO,CE,Federal Contract Tower,0,4,3,7,14,0,0,8,0,8,0,4,11,7,22,0,164,164,186
03/11/2017,GLH,MS,ASO,CE,Federal Contract Tower,0,2,2,0,4,0,0,3,0,3,0,2,5,0,7,0,0,0,7
03/12/2017,GLH,MS,ASO,CE,Federal Contract Tower,0,2,2,0,4,0,0,2,0,2,0,2,4,0,6,0,0,0,6
03/13/2017,GLH,MS,ASO,CE,Federal Contract Tower,0,4,4,2,10,0,0,2,0,2,0,4,6,2,12,2,0,2,14
03/14/2017,GLH,MS,ASO,CE,Federal Contract Tower,0,4,2,12,18,0,0,6,0,6,0,4,8,12,24,0,176,176,200
03/15/2017,GLH,MS,ASO,CE,Federal Contract Tower,0,2,3,5,10,0,2,14,3,19,0,4,17,8,29,22,84,106,135
03/16/2017,GLH,MS,ASO,CE,Federal Contract Tower,0,4,6,6,16,0,0,15,1,16,0,4,21,7,32,30,122,152,184
03/17/2017,GLH,MS,ASO,CE,Federal Contract Tower,0,4,2,8,14,0,0,16,0,16,0,4,18,8,30,10,126,136,166
03/18/2017,GLH,MS,ASO,CE,Federal Contract Tower,0,2,8,1,11,0,0,2,1,3,0,2,10,2,14,0,12,12,26
03/19/2017,GLH,MS,ASO,CE,Federal Contract Tower,0,2,5,0,7,0,0,3,0,3,0,2,8,0,10,2,0,2,12
03/20/2017,GLH,MS,ASO,CE,Federal Contract Tower,0,4,2,6,12,0,0,17,1,18,0,4,19,7,30,6,84,90,120
03/21/2017,GLH,MS,ASO,CE,Federal Contract Tower,0,3,0,11,14,0,1,22,0,23,0,4,22,11,37,4,94,98,135
03/22/2017,GLH,MS,ASO,CE,Federal Contract Tower,0,3,4,5,12,0,0,12,1,13,0,3,16,6,25,20,84,104,129
03/23/2017,GLH,MS,ASO,CE,Federal Contract Tower,0,4,3,6,13,0,0,14,4,18,0,4,17,10,31,6,78,84,115
03/24/2017,GLH,MS,ASO,CE,Federal Contract Tower,0,4,1,14,19,0,0,0,0,0,0,4,1,14,19,0,106,106,125
03/25/2017,GLH,MS,ASO,CE,Federal Contract Tower,0,1,1,2,4,0,0,2,0,2,0,1,3,2,6,0,8,8,14
03/26/2017,GLH,MS,ASO,CE,Federal Contract Tower,0,2,0,0,2,0,0,4,0,4,0,2,4,0,6,0,0,0,6
03/27/2017,GLH,MS,ASO,CE,Federal Contract Tower,0,4,3,2,9,0,0,9,0,9,0,4,12,2,18,0,30,30,48
03/28/2017,GLH,MS,ASO,CE,Federal Contract Tower,0,4,3,6,13,0,0,8,0,8,0,4,11,6,21,6,46,52,73
03/29/2017,GLH,MS,ASO,CE,Federal Contract Tower,0,2,5,6,13,0,0,4,0,4,0,2,9,6,17,4,84,88,105
03/30/2017,GLH,MS,ASO,CE,Federal Contract Tower,0,3,0,5,8,0,1,14,2,17,0,4,14,7,25,8,28,36,61
03/31/2017,GLH,MS,ASO,CE,Federal Contract Tower,0,3,10,6,19,0,1,8,18,27,0,4,18,24,46,12,130,142,188
04/01/2017,GLH,MS,ASO,CE,Federal Contract Tower,0,1,2,2,5,0,0,3,2,5,0,1,5,4,10,0,0,0,10
04/02/2017,GLH,MS,ASO,CE,Federal Contract Tower,0,0,4,0,4,0,0,1,0,1,0,0,5,0,5,0,0,0,5
04/03/2017,GLH,MS,ASO,CE,Federal Contract Tower,0,5,2,4,11,0,0,4,0,4,0,5,6,4,15,0,30,30,45
04/04/2017,GLH,MS,ASO,CE,Federal Contract Tower,0,4,3,8,15,0,0,15,0,15,0,4,18,8,30,0,92,92,122
04/05/2017,GLH,MS,ASO,CE,Federal Contract Tower,0,4,1,9,14,0,0,3,0,3,0,4,4,9,17,0,98,98,115
04/06/2017,GLH,MS,ASO,CE,Federal Contract Tower,0,4,2,5,11,0,0,2,1,3,0,4,4,6,14,0,76,76,90
04/07/2017,GLH,MS,ASO,CE,Federal Contract Tower,0,4,3,6,13,0,0,14,2,16,0,4,17,8,29,0,44,44,73
04/08/2017,GLH,MS,ASO,CE,Federal Contract Tower,0,2,0,0,2,0,0,12,0,12,0,2,12,0,14,0,0,0,14
04/09/2017,GLH,MS,ASO,CE,Federal Contract Tower,0,2,1,0,3,0,0,4,0,4,0,2,5,0,7,0,0,0,7
04/10/2017,GLH,MS,ASO,CE,Federal Contract Tower,0,4,3,6,13,0,0,35,0,35,0,4,38,6,48,16,60,76,124
04/11/2017,GLH,MS,ASO,CE,Federal Contract Tower,0,4,1,0,5,0,0,1,0,1,0,4,2,0,6,0,0,0,6
04/12/2017,GLH,MS,ASO,CE,Federal Contract Tower,0,4,3,0,7,0,0,9,0,9,0,4,12,0,16,20,0,20,36
04/13/2017,GLH,MS,ASO,CE,Federal Contract Tower,0,4,6,7,17,0,0,21,0,21,0,4,27,7,38,18,56,74,112
04/14/2017,GLH,MS,ASO,CE,Federal Contract Tower,0,4,5,4,13,0,0,20,0,20,0,4,25,4,33,2,70,72,105
04/15/2017,GLH,MS,ASO,CE,Federal Contract Tower,0,2,2,0,4,0,0,10,0,10,0,2,12,0,14,0,0,0,14
04/16/2017,GLH,MS,ASO,CE,Federal Contract Tower,0,2,1,0,3,0,0,2,0,2,0,2,3,0,5,2,0,2,7
04/17/2017,GLH,MS,ASO,CE,Federal Contract Tower,0,4,2,0,6,0,0,7,0,7,0,4,9,0,13,0,0,0,13
04/18/2017,GLH,MS,ASO,CE,Federal Contract Tower,0,5,0,2,7,0,0,1,0,1,0,5,1,2,8,0,10,10,18
04/19/2017,GLH,MS,ASO,CE,Federal Contract Tower,0,6,6,8,20,0,0,6,0,6,0,6,12,8,26,8,110,118,144
04/20/2017,GLH,MS,ASO,CE,Federal Contract Tower,0,4,3,2,9,0,0,12,0,12,0,4,15,2,21,10,36,46,67
04/21/2017,GLH,MS,ASO,CE,Federal Contract Tower,0,4,5,4,13,0,0,12,0,12,0,4,17,4,25,4,46,50,75
04/22/2017,GLH,MS,ASO,CE,Federal Contract Tower,0,2,0,0,2,0,0,0,0,0,0,2,0,0,2,0,0,0,2
04/23/2017,GLH,MS,ASO,CE,Federal Contract Tower,0,1,3,0,4,0,1,0,0,1,0,2,3,0,5,0,0,0,5
04/24/2017,GLH,MS,ASO,CE,Federal Contract Tower,0,4,4,8,16,0,0,21,4,25,0,4,25,12,41,12,136,148,189
04/25/2017,GLH,MS,ASO,CE,Federal Contract Tower,0,4,2,5,11,0,0,34,1,35,0,4,36,6,46,4,74,78,124
04/26/2017,GLH,MS,ASO,CE,Federal Contract Tower,0,4,6,4,14,0,0,5,0,5,0,4,11,4,19,0,52,52,71
04/27/2017,GLH,MS,ASO,CE,Federal Contract Tower,0,5,1,6,12,0,0,21,2,23,0,5,22,8,35,10,92,102,137
04/28/2017,GLH,MS,ASO,CE,Federal Contract Tower,0,5,4,10,19,0,0,3,0,3,0,5,7,10,22,0,106,106,128
04/29/2017,GLH,MS,ASO,CE,Federal Contract Tower,0,2,0,0,2,0,0,0,0,0,0,2,0,0,2,0,0,0,2
04/30/2017,GLH,MS,ASO,CE,Federal Contract Tower,0,2,2,0,4,0,0,0,0,0,0,2,2,0,4,0,0,0,4
05/01/2017,GLH,MS,ASO,CE,Federal Contract Tower,0,4,1,3,8,0,2,14,0,16,0,6,15,3,24,22,6,28,52
05/02/2017,GLH,MS,ASO,CE,Federal Contract Tower,0,4,0,4,8,0,0,17,2,19,0,4,17,6,27,14,58,72,99
05/03/2017,GLH,MS,ASO,CE,Federal Contract Tower,0,4,0,4,8,0,0,1,0,1,0,4,1,4,9,0,24,24,33
05/04/2017,GLH,MS,ASO,CE,Federal Contract Tower,0,7,7,2,16,0,0,3,0,3,0,7,10,2,19,2,14,16,35
05/05/2017,GLH,MS,ASO,CE,Federal Contract Tower,0,4,3,6,13,0,0,4,0,4,0,4,7,6,17,0,94,94,111
05/06/2017,GLH,MS,ASO,CE,Federal Contract Tower,0,2,3,0,5,0,0,9,0,9,0,2,12,0,14,0,0,0,14
05/07/2017,GLH,MS,ASO,CE,Federal Contract Tower,0,2,4,0,6,0,0,6,0,6,0,2,10,0,12,20,0,20,32
05/08/2017,GLH,MS,ASO,CE,Federal Contract Tower,0,4,0,8,12,0,0,13,0,13,0,4,13,8,25,4,86,90,115
05/09/2017,GLH,MS,ASO,CE,Federal Contract Tower,0,4,9,7,20,0,0,13,0,13,0,4,22,7,33,20,94,114,147
05/10/2017,GLH,MS,ASO,CE,Federal Contract Tower,0,4,3,9,16,0,0,14,1,15,0,4,17,10,31,4,98,102,133
05/11/2017,GLH,MS,ASO,CE,Federal Contract Tower,0,4,3,0,7,0,0,5,2,7,0,4,8,2,14,0,0,0,14
05/12/2017,GLH,MS,ASO,CE,Federal Contract Tower,0,4,6,2,12,0,0,2,0,2,0,4,8,2,14,0,0,0,14
05/13/2017,GLH,MS,ASO,CE,Federal Contract Tower,0,2,2,2,6,0,0,11,0,11,0,2,13,2,17,8,4,12,29
05/14/2017,GLH,MS,ASO,CE,Federal Contract Tower,0,2,1,0,3,0,0,1,0,1,0,2,2,0,4,0,0,0,4
05/15/2017,GLH,MS,ASO,CE,Federal Contract Tower,2,4,0,13,19,0,0,21,0,21,2,4,21,13,40,14,68,82,122
05/16/2017,GLH,MS,ASO,CE,Federal Contract Tower,0,4,8,9,21,0,0,15,4,19,0,4,23,13,40,0,84,84,124
05/17/2017,GLH,MS,ASO,CE,Federal Contract Tower,0,4,3,4,11,0,0,5,0,5,0,4,8,4,16,0,64,64,80
05/18/2017,GLH,MS,ASO,CE,Federal Contract Tower,0,4,9,9,22,0,0,3,0,3,0,4,12,9,25,0,108,108,133
05/19/2017,GLH,MS,ASO,CE,Federal Contract Tower,0,4,5,0,9,0,0,9,0,9,0,4,14,0,18,0,0,0,18
05/20/2017,GLH,MS,ASO,CE,Federal Contract Tower,0,2,3,0,5,0,0,1,0,1,0,2,4,0,6,0,0,0,6
05/21/2017,GLH,MS,ASO,CE,Federal Contract Tower,2,2,4,0,8,0,0,0,0,0,2,2,4,0,8,0,0,0,8
05/22/2017,GLH,MS,ASO,CE,Federal Contract Tower,0,5,2,3,10,0,0,2,1,3,0,5,4,4,13,4,72,76,89
05/23/2017,GLH,MS,ASO,CE,Federal Contract Tower,0,5,0,7,12,0,0,4,1,5,0,5,4,8,17,2,102,104,121
05/24/2017,GLH,MS,ASO,CE,Federal Contract Tower,0,4,0,0,4,0,0,16,0,16,0,4,16,0,20,10,6,16,36
05/25/2017,GLH,MS,ASO,CE,Federal Contract Tower,0,4,4,3,11,0,0,13,2,15,0,4,17,5,26,18,18,36,62
05/26/2017,GLH,MS,ASO,CE,Federal Contract Tower,0,4,3,0,7,0,0,8,0,8,0,4,11,0,15,4,0,4,19
05/27/2017,GLH,MS,ASO,CE,Federal Contract Tower,0,2,7,0,9,0,0,2,0,2,0,2,9,0,11,0,0,0,11
05/28/2017,GLH,MS,ASO,CE,Federal Contract Tower,0,2,2,0,4,0,0,1,0,1,0,2,3,0,5,0,0,0,5
05/29/2017,GLH,MS,ASO,CE,Federal Contract Tower,0,5,7,0,12,0,0,3,0,3,0,5,10,0,15,0,0,0,15
05/30/2017,GLH,MS,ASO,CE,Federal Contract Tower,0,4,1,5,10,0,0,8,1,9,0,4,9,6,19,0,60,60,79
05/31/2017,GLH,MS,ASO,CE,Federal Contract Tower,0,5,7,8,20,0,0,6,0,6,0,5,13,8,26,0,114,114,140
06/01/2017,GLH,MS,ASO,CE,Federal Contract Tower,0,2,7,2,11,0,0,15,0,15,0,2,22,2,26,4,10,14,40
06/02/2017,GLH,MS,ASO,CE,Federal Contract Tower,0,4,4,1,9,0,0,8,0,8,0,4,12,1,17,0,0,0,17
06/03/2017,GLH,MS,ASO,CE,Federal Contract Tower,0,2,4,1,7,0,0,3,0,3,0,2,7,1,10,0,0,0,10
06/04/2017,GLH,MS,ASO,CE,Federal Contract Tower,0,2,4,0,6,0,0,7,0,7,0,2,11,0,13,0,0,0,13
06/05/2017,GLH,MS,ASO,CE,Federal Contract Tower,0,4,3,4,11,0,0,4,0,4,0,4,7,4,15,0,46,46,61
06/06/2017,GLH,MS,ASO,CE,Federal Contract Tower,0,5,2,2,9,0,0,4,0,4,0,5,6,2,13,4,40,44,57
06/07/2017,GLH,MS,ASO,CE,Federal Contract Tower,0,4,8,4,16,0,0,15,1,16,0,4,23,5,32,28,60,88,120
06/08/2017,GLH,MS,ASO,CE,Federal Contract Tower,3,4,9,3,19,0,0,19,2,21,3,4,28,5,40,10,36,46,86
06/09/2017,GLH,MS,ASO,CE,Federal Contract Tower,1,4,5,7,17,0,0,17,0,17,1,4,22,7,34,20,60,80,114
06/10/2017,GLH,MS,ASO,CE,Federal Contract Tower,0,2,0,0,2,0,0,9,0,9,0,2,9,0,11,0,0,0,11
06/11/2017,GLH,MS,ASO,CE,Federal Contract Tower,0,2,8,0,10,0,0,6,0,6,0,2,14,0,16,2,0,2,18
06/12/2017,GLH,MS,ASO,CE,Federal Contract Tower,0,4,2,2,8,0,0,0,4,4,0,4,2,6,12,0,14,14,26
06/13/2017,GLH,MS,ASO,CE,Federal Contract Tower,0,4,3,4,11,0,0,4,0,4,0,4,7,4,15,0,4,4,19
06/14/2017,GLH,MS,ASO,CE,Federal Contract Tower,0,4,6,11,21,0,0,8,3,11,0,4,14,14,32,0,120,120,152
06/15/2017,GLH,MS,ASO,CE,Federal Contract Tower,0,3,3,8,14,0,1,8,2,11,0,4,11,10,25,0,94,94,119
06/16/2017,GLH,MS,ASO,CE,Federal Contract Tower,0,3,2,9,14,0,1,8,3,12,0,4,10,12,26,2,176,178,204
06/17/2017,GLH,MS,ASO,CE,Federal Contract Tower,0,2,4,0,6,0,0,2,0,2,0,2,6,0,8,0,0,0,8
06/18/2017,GLH,MS,ASO,CE,Federal Contract Tower,0,2,6,0,8,0,0,4,0,4,0,2,10,0,12,0,0,0,12
06/19/2017,GLH,MS,ASO,CE,Federal Contract Tower,0,4,5,2,11,0,0,10,0,10,0,4,15,2,21,20,26,46,67
06/20/2017,GLH,MS,ASO,CE,Federal Contract Tower,0,4,2,10,16,0,0,16,2,18,0,4,18,12,34,0,238,238,272
06/21/2017,GLH,MS,ASO,CE,Federal Contract Tower,0,4,4,4,12,0,0,2,2,4,0,4,6,6,16,4,66,70,86
06/22/2017,GLH,MS,ASO,CE,Federal Contract Tower,0,4,2,4,10,0,0,5,0,5,0,4,7,4,15,0,22,22,37
06/23/2017,GLH,MS,ASO,CE,Federal Contract Tower,0,4,4,0,8,0,0,0,0,0,0,4,4,0,8,0,0,0,8
06/24/2017,GLH,MS,ASO,CE,Federal Contract Tower,0,4,4,0,8,0,0,3,0,3,0,4,7,0,11,0,0,0,11
06/25/2017,GLH,MS,ASO,CE,Federal Contract Tower,0,0,2,0,2,0,0,5,0,5,0,0,7,0,7,0,0,0,7
06/26/2017,GLH,MS,ASO,CE,Federal Contract Tower,0,4,7,0,11,0,0,21,0,21,0,4,28,0,32,18,0,18,50
06/27/2017,GLH,MS,ASO,CE,Federal Contract Tower,0,5,1,0,6,0,0,15,0,15,0,5,16,0,21,6,8,14,35
06/28/2017,GLH,MS,ASO,CE,Federal Contract Tower,0,4,5,12,21,0,0,7,2,9,0,4,12,14,30,6,104,110,140
06/29/2017,GLH,MS,ASO,CE,Federal Contract Tower,0,4,5,18,27,0,0,4,2,6,0,4,9,20,33,0,158,158,191
06/30/2017,GLH,MS,ASO,CE,Federal Contract Tower,2,4,4,2,12,0,0,3,0,3,2,4,7,2,15,0,20,20,35
07/01/2017,GLH,MS,ASO,CE,Federal Contract Tower,0,2,0,0,2,0,0,4,0,4,0,2,4,0,6,0,0,0,6
07/02/2017,GLH,MS,ASO,CE,Federal Contract Tower,0,2,0,0,2,0,0,0,0,0,0,2,0,0,2,0,0,0,2
07/03/2017,GLH,MS,ASO,CE,Federal Contract Tower,0,4,22,0,26,0,0,10,0,10,0,4,32,0,36,0,0,0,36
07/04/2017,GLH,MS,ASO,CE,Federal Contract Tower,0,4,0,0,4,0,0,4,0,4,0,4,4,0,8,0,0,0,8
07/05/2017,GLH,MS,ASO,CE,Federal Contract Tower,0,4,2,2,8,0,0,4,0,4,0,4,6,2,12,4,18,22,34
07/06/2017,GLH,MS,ASO,CE,Federal Contract Tower,0,4,0,4,8,0,0,12,2,14,0,4,12,6,22,0,38,38,60
07/07/2017,GLH,MS,ASO,CE,Federal Contract Tower,0,2,7,17,26,0,0,30,0,30,0,2,37,17,56,4,54,58,114
07/08/2017,GLH,MS,ASO,CE,Federal Contract Tower,0,3,0,0,3,0,0,0,0,0,0,3,0,0,3,0,0,0,3
07/09/2017,GLH,MS,ASO,CE,Federal Contract Tower,0,2,6,0,8,0,0,1,0,1,0,2,7,0,9,2,0,2,11
07/10/2017,GLH,MS,ASO,CE,Federal Contract Tower,0,4,2,16,22,0,0,10,0,10,0,4,12,16,32,10,96,106,138
07/11/2017,GLH,MS,ASO,CE,Federal Contract Tower,0,4,0,9,13,0,0,8,0,8,0,4,8,9,21,0,64,64,85
07/12/2017,GLH,MS,ASO,CE,Federal Contract Tower,0,4,0,6,10,0,0,4,0,4,0,4,4,6,14,2,8,10,24
07/13/2017,GLH,MS,ASO,CE,Federal Contract Tower,0,4,3,4,11,0,0,17,1,18,0,4,20,5,29,12,48,60,89
07/14/2017,GLH,MS,ASO,CE,Federal Contract Tower,0,4,0,4,8,0,0,19,1,20,0,4,19,5,28,2,6,8,36
07/15/2017,GLH,MS,ASO,CE,Federal Contract Tower,0,2,1,1,4,0,0,0,1,1,0,2,1,2,5,0,28,28,33
07/16/2017,GLH,MS,ASO,CE,Federal Contract Tower,0,2,0,0,2,0,0,3,0,3,0,2,3,0,5,0,0,0,5
07/17/2017,GLH,MS,ASO,CE,Federal Contract Tower,0,4,4,5,13,0,0,16,4,20,0,4,20,9,33,6,62,68,101
07/18/2017,GLH,MS,ASO,CE,Federal Contract Tower,0,4,0,7,11,0,0,27,0,27,0,4,27,7,38,0,58,58,96
07/19/2017,GLH,MS,ASO,CE,Federal Contract Tower,0,4,4,3,11,0,0,4,1,5,0,4,8,4,16,0,16,16,32
07/20/2017,GLH,MS,ASO,CE,Federal Contract Tower,0,4,1,14,19,0,0,58,0,58,0,4,59,14,77,6,126,132,209
07/21/2017,GLH,MS,ASO,CE,Federal Contract Tower,0,4,5,12,21,0,0,25,0,25,0,4,30,12,46,0,86,86,132
07/22/2017,GLH,MS,ASO,CE,Federal Contract Tower,0,2,0,0,2,0,0,5,0,5,0,2,5,0,7,0,0,0,7
07/24/2017,GLH,MS,ASO,CE,Federal Contract Tower,0,4,7,4,15,0,0,5,0,5,0,4,12,4,20,0,58,58,78
07/25/2017,GLH,MS,ASO,CE,Federal Contract Tower,0,4,2,7,13,0,0,17,1,18,0,4,19,8,31,2,76,78,109
07/26/2017,GLH,MS,ASO,CE,Federal Contract Tower,0,5,2,9,16,0,0,13,3,16,0,5,15,12,32,2,30,32,64
07/27/2017,GLH,MS,ASO,CE,Federal Contract Tower,0,4,0,4,8,0,0,33,2,35,0,4,33,6,43,2,26,28,71
07/28/2017,GLH,MS,ASO,CE,Federal Contract Tower,0,4,3,6,13,0,0,10,0,10,0,4,13,6,23,2,62,64,87
07/29/2017,GLH,MS,ASO,CE,Federal Contract Tower,0,2,2,0,4,0,0,3,0,3,0,2,5,0,7,14,0,14,21
07/30/2017,GLH,MS,ASO,CE,Federal Contract Tower,0,2,4,0,6,0,0,6,0,6,0,2,10,0,12,4,0,4,16
07/31/2017,GLH,MS,ASO,CE,Federal Contract Tower,0,4,2,9,15,0,0,12,0,12,0,4,14,9,27,6,80,86,113
08/01/2017,GLH,MS,ASO,CE,Federal Contract Tower,0,4,0,4,8,0,0,17,0,17,0,4,17,4,25,0,36,36,61
08/02/2017,GLH,MS,ASO,CE,Federal Contract Tower,0,3,4,4,11,0,1,3,0,4,0,4,7,4,15,2,30,32,47
08/03/2017,GLH,MS,ASO,CE,Federal Contract Tower,0,4,2,2,8,0,0,14,0,14,0,4,16,2,22,6,0,6,28
08/04/2017,GLH,MS,ASO,CE,Federal Contract Tower,0,4,3,0,7,0,0,10,0,10,0,4,13,0,17,0,0,0,17
08/05/2017,GLH,MS,ASO,CE,Federal Contract Tower,0,2,10,5,17,0,0,7,0,7,0,2,17,5,24,4,0,4,28
08/06/2017,GLH,MS,ASO,CE,Federal Contract Tower,0,2,5,0,7,0,0,0,2,2,0,2,5,2,9,0,0,0,9
08/07/2017,GLH,MS,ASO,CE,Federal Contract Tower,0,4,7,0,11,0,0,2,0,2,0,4,9,0,13,0,0,0,13
08/08/2017,GLH,MS,ASO,CE,Federal Contract Tower,2,4,0,0,6,0,0,4,0,4,2,4,4,0,10,0,0,0,10
08/09/2017,GLH,MS,ASO,CE,Federal Contract Tower,0,4,4,0,8,0,0,2,0,2,0,4,6,0,10,0,0,0,10
08/10/2017,GLH,MS,ASO,CE,Federal Contract Tower,0,4,2,2,8,0,0,5,0,5,0,4,7,2,13,0,6,6,19
08/11/2017,GLH,MS,ASO,CE,Federal Contract Tower,0,4,2,2,8,0,0,5,0,5,0,4,7,2,13,0,0,0,13
08/12/2017,GLH,MS,ASO,CE,Federal Contract Tower,0,2,4,0,6,0,0,4,0,4,0,2,8,0,10,2,0,2,12
08/13/2017,GLH,MS,ASO,CE,Federal Contract Tower,0,0,4,4,8,0,0,1,0,1,0,0,5,4,9,0,0,0,9
08/14/2017,GLH,MS,ASO,CE,Federal Contract Tower,0,3,2,0,5,0,0,8,0,8,0,3,10,0,13,4,0,4,17
08/15/2017,GLH,MS,ASO,CE,Federal Contract Tower,0,4,5,0,9,0,0,22,0,22,0,4,27,0,31,4,0,4,35
08/16/2017,GLH,MS,ASO,CE,Federal Contract Tower,0,3,4,1,8,0,1,3,1,5,0,4,7,2,13,2,0,2,15
08/17/2017,GLH,MS,ASO,CE,Federal Contract Tower,0,4,0,2,6,0,0,9,0,9,0,4,9,2,15,0,0,0,15
08/18/2017,GLH,MS,ASO,CE,Federal Contract Tower,0,5,0,6,11,0,0,28,0,28,0,5,28,6,39,2,46,48,87
08/19/2017,GLH,MS,ASO,CE,Federal Contract Tower,0,2,2,0,4,0,0,3,0,3,0,2,5,0,7,0,0,0,7
08/20/2017,GLH,MS,ASO,CE,Federal Contract Tower,0,2,2,0,4,0,0,2,0,2,0,2,4,0,6,2,0,2,8
08/21/2017,GLH,MS,ASO,CE,Federal Contract Tower,0,4,5,4,13,0,0,26,0,26,0,4,31,4,39,0,66,66,105
08/22/2017,GLH,MS,ASO,CE,Federal Contract Tower,0,4,2,12,18,0,0,37,4,41,0,4,39,16,59,2,122,124,183
08/23/2017,GLH,MS,ASO,CE,Federal Contract Tower,0,4,4,2,10,0,0,2,0,2,0,4,6,2,12,0,12,12,24
08/24/2017,GLH,MS,ASO,CE,Federal Contract Tower,0,4,0,4,8,0,0,104,0,104,0,4,104,4,112,0,66,66,178
08/25/2017,GLH,MS,ASO,CE,Federal Contract Tower,0,4,0,5,9,0,0,38,1,39,0,4,38,6,48,2,40,42,90
08/27/2017,GLH,MS,ASO,CE,Federal Contract Tower,0,1,0,0,1,0,0,8,0,8,0,1,8,0,9,0,0,0,9
08/28/2017,GLH,MS,ASO,CE,Federal Contract Tower,0,5,7,3,15,0,0,8,0,8,0,5,15,3,23,4,6,10,33
08/29/2017,GLH,MS,ASO,CE,Federal Contract Tower,0,4,2,7,13,0,0,48,2,50,0,4,50,9,63,0,86,86,149
08/30/2017,GLH,MS,ASO,CE,Federal Contract Tower,0,4,0,0,4,0,0,0,0,0,0,4,0,0,4,0,0,0,4
08/31/2017,GLH,MS,ASO,CE,Federal Contract Tower,2,4,0,0,6,0,0,0,0,0,2,4,0,0,6,0,0,0,6
09/01/2017,GLH,MS,ASO,CE,Federal Contract Tower,0,4,3,0,7,0,0,17,1,18,0,4,20,1,25,6,0,6,31
09/02/2017,GLH,MS,ASO,CE,Federal Contract Tower,0,2,1,0,3,0,0,10,0,10,0,2,11,0,13,0,0,0,13
09/04/2017,GLH,MS,ASO,CE,Federal Contract Tower,0,5,3,0,8,0,0,2,0,2,0,5,5,0,10,0,0,0,10
09/05/2017,GLH,MS,ASO,CE,Federal Contract Tower,0,4,1,4,9,0,0,5,0,5,0,4,6,4,14,2,68,70,84
09/06/2017,GLH,MS,ASO,CE,Federal Contract Tower,2,4,3,3,12,0,0,13,0,13,2,4,16,3,25,10,30,40,65
09/07/2017,GLH,MS,ASO,CE,Federal Contract Tower,0,4,1,7,12,0,0,28,1,29,0,4,29,8,41,0,124,124,165
09/08/2017,GLH,MS,ASO,CE,Federal Contract Tower,0,4,2,10,16,0,0,8,6,14,0,4,10,16,30,2,124,126,156
09/09/2017,GLH,MS,ASO,CE,Federal Contract Tower,0,2,2,0,4,0,0,0,0,0,0,2,2,0,4,0,0,0,4
09/10/2017,GLH,MS,ASO,CE,Federal Contract Tower,0,0,0,3,3,0,0,70,7,77,0,0,70,10,80,0,0,0,80
09/11/2017,GLH,MS,ASO,CE,Federal Contract Tower,0,5,0,6,11,0,0,11,0,11,0,5,11,6,22,0,82,82,104
09/12/2017,GLH,MS,ASO,CE,Federal Contract Tower,0,4,0,0,4,0,0,0,0,0,0,4,0,0,4,0,0,0,4
09/13/2017,GLH,MS,ASO,CE,Federal Contract Tower,0,3,2,1,6,0,0,71,1,72,0,3,73,2,78,2,36,38,116
09/14/2017,GLH,MS,ASO,CE,Federal Contract Tower,0,5,4,8,17,0,0,41,0,41,0,5,45,8,58,2,174,176,234
09/15/2017,GLH,MS,ASO,CE,Federal Contract Tower,0,4,1,2,7,0,0,29,0,29,0,4,30,2,36,0,46,46,82
09/16/2017,GLH,MS,ASO,CE,Federal Contract Tower,0,2,1,0,3,0,0,9,4,13,0,2,10,4,16,8,4,12,28
09/17/2017,GLH,MS,ASO,CE,Federal Contract Tower,0,2,8,4,14,0,0,3,2,5,0,2,11,6,19,0,4,4,23
09/18/2017,GLH,MS,ASO,CE,Federal Contract Tower,0,4,3,9,16,0,0,14,0,14,0,4,17,9,30,2,80,82,112
09/19/2017,GLH,MS,ASO,CE,Federal Contract Tower,0,4,6,5,15,0,0,24,0,24,0,4,30,5,39,6,98,104,143
09/20/2017,GLH,MS,ASO,CE,Federal Contract Tower,0,4,1,10,15,1,0,13,0,14,1,4,14,10,29,4,100,104,133
09/21/2017,GLH,MS,ASO,CE,Federal Contract Tower,0,4,3,6,13,0,0,27,0,27,0,4,30,6,40,10,82,92,132
09/22/2017,GLH,MS,ASO,CE,Federal Contract Tower,2,2,3,2,9,0,0,7,0,7,2,2,10,2,16,0,30,30,46
09/23/2017,GLH,MS,ASO,CE,Federal Contract Tower,0,2,0,0,2,0,0,2,0,2,0,2,2,0,4,0,0,0,4
09/24/2017,GLH,MS,ASO,CE,Federal Contract Tower,0,2,2,2,6,0,0,3,0,3,0,2,5,2,9,0,2,2,11
09/26/2017,GLH,MS,ASO,CE,Federal Contract Tower,0,4,1,1,6,0,0,25,1,26,0,4,26,2,32,6,24,30,62
09/27/2017,GLH,MS,ASO,CE,Federal Contract Tower,2,4,6,6,18,0,0,8,9,17,2,4,14,15,35,8,56,64,99
09/28/2017,GLH,MS,ASO,CE,Federal Contract Tower,0,2,4,8,14,0,0,20,0,20,0,2,24,8,34,10,126,136,170
09/29/2017,GLH,MS,ASO,CE,Federal Contract Tower,0,4,4,2,10,0,1,19,1,21,0,5,23,3,31,2,74,76,107
09/30/2017,GLH,MS,ASO,CE,Federal Contract Tower,0,2,4,0,6,0,0,4,4,8,0,2,8,4,14,0,0,0,14
10/01/2017,GLH,MS,ASO,CE,Federal Contract Tower,0,2,1,0,3,0,0,5,0,5,0,2,6,0,8,0,0,0,8
10/02/2017,GLH,MS,ASO,CE,Federal Contract Tower,0,4,5,3,12,0,0,3,2,5,0,4,8,5,17,0,38,38,55
10/03/2017,GLH,MS,ASO,CE,Federal Contract Tower,0,3,5,7,15,0,0,17,0,17,0,3,22,7,32,4,94,98,130
10/04/2017,GLH,MS,ASO,CE,Federal Contract Tower,0,0,1,6,7,0,0,25,2,27,0,0,26,8,34,12,88,100,134
10/05/2017,GLH,MS,ASO,CE,Federal Contract Tower,0,4,0,6,10,0,0,34,0,34,0,4,34,6,44,14,52,66,110
10/06/2017,GLH,MS,ASO,CE,Federal Contract Tower,0,4,5,2,11,0,0,10,0,10,0,4,15,2,21,10,38,48,69
10/07/2017,GLH,MS,ASO,CE,Federal Contract Tower,0,2,0,3,5,0,0,0,0,0,0,2,0,3,5,0,0,0,5
10/08/2017,GLH,MS,ASO,CE,Federal Contract Tower,0,2,1,0,3,0,0,2,0,2,0,2,3,0,5,0,0,0,5
10/09/2017,GLH,MS,ASO,CE,Federal Contract Tower,0,4,1,0,5,0,0,2,0,2,0,4,3,0,7,2,0,2,9
10/10/2017,GLH,MS,ASO,CE,Federal Contract Tower,0,4,2,9,15,0,0,8,0,8,0,4,10,9,23,6,86,92,115
10/11/2017,GLH,MS,ASO,CE,Federal Contract Tower,0,5,2,5,12,0,0,8,0,8,0,5,10,5,20,6,74,80,100
10/12/2017,GLH,MS,ASO,CE,Federal Contract Tower,0,3,2,7,12,0,0,11,0,11,0,3,13,7,23,2,64,66,89
10/13/2017,GLH,MS,ASO,CE,Federal Contract Tower,0,4,6,6,16,0,0,23,0,23,0,4,29,6,39,4,64,68,107
10/14/2017,GLH,MS,ASO,CE,Federal Contract Tower,0,2,5,3,10,0,0,3,1,4,0,2,8,4,14,2,6,8,22
10/15/2017,GLH,MS,ASO,CE,Federal Contract Tower,0,0,8,0,8,0,0,2,0,2,0,0,10,0,10,0,0,0,10
10/17/2017,GLH,MS,ASO,CE,Federal Contract Tower,0,4,2,11,17,0,0,7,56,63,0,4,9,67,80,0,64,64,144
10/18/2017,GLH,MS,ASO,CE,Federal Contract Tower,0,4,1,4,9,0,0,3,0,3,0,4,4,4,12,0,38,38,50
10/19/2017,GLH,MS,ASO,CE,Federal Contract Tower,0,4,4,10,18,0,0,27,0,27,0,4,31,10,45,24,112,136,181
10/20/2017,GLH,MS,ASO,CE,Federal Contract Tower,0,4,1,7,12,0,0,3,1,4,0,4,4,8,16,0,52,52,68
10/21/2017,GLH,MS,ASO,CE,Federal Contract Tower,0,2,6,0,8,0,0,0,0,0,0,2,6,0,8,0,0,0,8
10/22/2017,GLH,MS,ASO,CE,Federal Contract Tower,0,2,0,0,2,0,0,0,0,0,0,2,0,0,2,0,0,0,2
10/23/2017,GLH,MS,ASO,CE,Federal Contract Tower,0,5,0,9,14,0,0,2,0,2,0,5,2,9,16,0,136,136,152
10/24/2017,GLH,MS,ASO,CE,Federal Contract Tower,0,4,2,4,10,0,0,0,0,0,0,4,2,4,10,0,12,12,22
10/25/2017,GLH,MS,ASO,CE,Federal Contract Tower,0,4,4,7,15,0,0,3,0,3,0,4,7,7,18,2,28,30,48
10/26/2017,GLH,MS,ASO,CE,Federal Contract Tower,0,4,1,7,12,0,0,21,0,21,0,4,22,7,33,14,84,98,131
10/27/2017,GLH,MS,ASO,CE,Federal Contract Tower,0,4,2,0,6,0,0,2,0,2,0,4,4,0,8,8,0,8,16
10/28/2017,GLH,MS,ASO,CE,Federal Contract Tower,0,2,0,0,2,0,0,2,0,2,0,2,2,0,4,0,0,0,4
10/29/2017,GLH,MS,ASO,CE,Federal Contract Tower,0,2,7,1,10,0,0,0,3,3,0,2,7,4,13,0,50,50,63
10/30/2017,GLH,MS,ASO,CE,Federal Contract Tower,0,4,0,12,16,0,0,11,0,11,0,4,11,12,27,12,164,176,203
10/31/2017,GLH,MS,ASO,CE,Federal Contract Tower,0,6,2,0,8,0,0,35,0,35,0,6,37,0,43,22,0,22,65
11/01/2017,GLH,MS,ASO,CE,Federal Contract Tower,0,5,7,0,12,0,0,0,0,0,0,5,7,0,12,0,0,0,12
11/02/2017,GLH,MS,ASO,CE,Federal Contract Tower,0,4,0,0,4,0,0,4,0,4,0,4,4,0,8,0,0,0,8
11/03/2017,GLH,MS,ASO,CE,Federal Contract Tower,0,4,3,4,11,0,0,3,0,3,0,4,6,4,14,0,22,22,36
11/04/2017,GLH,MS,ASO,CE,Federal Contract Tower,0,2,4,0,6,0,0,1,0,1,0,2,5,0,7,0,0,0,7
11/05/2017,GLH,MS,ASO,CE,Federal Contract Tower,0,2,0,2,4,0,0,0,0,0,0,2,0,2,4,0,4,4,8
11/06/2017,GLH,MS,ASO,CE,Federal Contract Tower,0,4,0,2,6,0,0,4,0,4,0,4,4,2,10,6,4,10,20
11/07/2017,GLH,MS,ASO,CE,Federal Contract Tower,0,4,6,4,14,0,0,2,0,2,0,4,8,4,16,0,0,0,16
11/08/2017,GLH,MS,ASO,CE,Federal Contract Tower,0,4,1,0,5,0,0,0,0,0,0,4,1,0,5,0,0,0,5
11/09/2017,GLH,MS,ASO,CE,Federal Contract Tower,0,4,6,8,18,0,0,33,0,33,0,4,39,8,51,2,120,122,173
11/10/2017,GLH,MS,ASO,CE,Federal Contract Tower,0,4,7,0,11,0,0,21,0,21,0,4,28,0,32,26,0,26,58
11/11/2017,GLH,MS,ASO,CE,Federal Contract Tower,0,2,1,2,5,0,0,4,4,8,0,2,5,6,13,2,8,10,23
11/12/2017,GLH,MS,ASO,CE,Federal Contract Tower,0,2,2,0,4,0,0,2,0,2,0,2,4,0,6,0,0,0,6
11/13/2017,GLH,MS,ASO,CE,Federal Contract Tower,0,4,1,3,8,0,0,14,0,14,0,4,15,3,22,12,2,14,36
11/14/2017,GLH,MS,ASO,CE,Federal Contract Tower,0,3,2,0,5,0,1,14,0,15,0,4,16,0,20,6,0,6,26
11/15/2017,GLH,MS,ASO,CE,Federal Contract Tower,0,4,5,0,9,0,0,11,0,11,0,4,16,0,20,4,0,4,24
11/16/2017,GLH,MS,ASO,CE,Federal Contract Tower,0,3,3,0,6,0,0,6,2,8,0,3,9,2,14,2,0,2,16
11/17/2017,GLH,MS,ASO,CE,Federal Contract Tower,0,6,11,0,17,0,0,14,0,14,0,6,25,0,31,6,0,6,37
11/18/2017,GLH,MS,ASO,CE,Federal Contract Tower,0,2,4,0,6,0,0,0,0,0,0,2,4,0,6,0,0,0,6
11/19/2017,GLH,MS,ASO,CE,Federal Contract Tower,3,2,3,0,8,0,0,0,0,0,3,2,3,0,8,0,0,0,8
11/20/2017,GLH,MS,ASO,CE,Federal Contract Tower,0,4,5,0,9,0,0,6,0,6,0,4,11,0,15,8,0,8,23
11/21/2017,GLH,MS,ASO,CE,Federal Contract Tower,0,4,1,2,7,0,0,9,0,9,0,4,10,2,16,12,2,14,30
11/22/2017,GLH,MS,ASO,CE,Federal Contract Tower,0,4,3,0,7,0,0,2,0,2,0,4,5,0,9,0,0,0,9
11/23/2017,GLH,MS,ASO,CE,Federal Contract Tower,0,4,0,0,4,0,0,3,0,3,0,4,3,0,7,0,0,0,7
11/24/2017,GLH,MS,ASO,CE,Federal Contract Tower,0,4,1,1,6,0,0,3,1,4,0,4,4,2,10,2,0,2,12
11/25/2017,GLH,MS,ASO,CE,Federal Contract Tower,0,2,3,0,5,0,0,0,0,0,0,2,3,0,5,2,0,2,7
11/26/2017,GLH,MS,ASO,CE,Federal Contract Tower,0,0,2,0,2,0,0,0,0,0,0,0,2,0,2,0,0,0,2
11/27/2017,GLH,MS,ASO,CE,Federal Contract Tower,0,4,3,0,7,0,0,12,0,12,0,4,15,0,19,8,0,8,27
11/28/2017,GLH,MS,ASO,CE,Federal Contract Tower,0,4,2,0,6,0,0,11,0,11,0,4,13,0,17,8,0,8,25
11/29/2017,GLH,MS,ASO,CE,Federal Contract Tower,0,4,5,0,9,0,0,11,0,11,0,4,16,0,20,6,0,6,26
11/30/2017,GLH,MS,ASO,CE,Federal Contract Tower,0,4,3,6,13,0,0,21,0,21,0,4,24,6,34,14,92,106,140
12/01/2017,GLH,MS,ASO,CE,Federal Contract Tower,0,4,0,10,14,0,0,18,2,20,0,4,18,12,34,22,154,176,210
12/02/2017,GLH,MS,ASO,CE,Federal Contract Tower,0,2,2,0,4,0,0,3,0,3,0,2,5,0,7,0,0,0,7
12/03/2017,GLH,MS,ASO,CE,Federal Contract Tower,0,2,0,0,2,0,0,1,2,3,0,2,1,2,5,0,54,54,59
12/04/2017,GLH,MS,ASO,CE,Federal Contract Tower,0,4,0,5,9,0,0,0,1,1,0,4,0,6,10,0,96,96,106
12/05/2017,GLH,MS,ASO,CE,Federal Contract Tower,0,4,4,2,10,0,0,0,0,0,0,4,4,2,10,0,2,2,12
12/06/2017,GLH,MS,ASO,CE,Federal Contract Tower,0,4,2,2,8,0,0,4,6,10,0,4,6,8,18,6,26,32,50
12/07/2017,GLH,MS,ASO,CE,Federal Contract Tower,0,4,7,6,17,0,0,13,0,13,0,4,20,6,30,8,100,108,138
12/08/2017,GLH,MS,ASO,CE,Federal Contract Tower,0,4,3,6,13,0,0,8,0,8,0,4,11,6,21,0,96,96,117
12/09/2017,GLH,MS,ASO,CE,Federal Contract Tower,0,2,3,0,5,0,0,0,4,4,0,2,3,4,9,0,0,0,9
12/10/2017,GLH,MS,ASO,CE,Federal Contract Tower,0,2,2,0,4,0,0,3,0,3,0,2,5,0,7,0,0,0,7
12/11/2017,GLH,MS,ASO,CE,Federal Contract Tower,0,5,1,5,11,0,0,8,1,9,0,5,9,6,20,2,52,54,74
12/12/2017,GLH,MS,ASO,CE,Federal Contract Tower,0,4,0,0,4,0,0,10,0,10,0,4,10,0,14,0,0,0,14
12/13/2017,GLH,MS,ASO,CE,Federal Contract Tower,0,3,0,4,7,0,0,2,0,2,0,3,2,4,9,0,36,36,45
12/14/2017,GLH,MS,ASO,CE,Federal Contract Tower,0,4,0,2,6,0,0,7,0,7,0,4,7,2,13,0,28,28,41
12/15/2017,GLH,MS,ASO,CE,Federal Contract Tower,1,4,3,2,10,0,0,24,0,24,1,4,27,2,34,10,36,46,80
12/16/2017,GLH,MS,ASO,CE,Federal Contract Tower,0,2,0,2,4,0,0,3,0,3,0,2,3,2,7,0,2,2,9
12/17/2017,GLH,MS,ASO,CE,Federal Contract Tower,0,2,2,0,4,0,0,0,0,0,0,2,2,0,4,0,0,0,4
12/18/2017,GLH,MS,ASO,CE,Federal Contract Tower,0,3,4,1,8,0,0,0,0,0,0,3,4,1,8,0,2,2,10
12/19/2017,GLH,MS,ASO,CE,Federal Contract Tower,0,0,2,0,2,0,0,0,0,0,0,0,2,0,2,0,0,0,2
12/20/2017,GLH,MS,ASO,CE,Federal Contract Tower,0,6,0,0,6,0,0,3,0,3,0,6,3,0,9,0,0,0,9
12/21/2017,GLH,MS,ASO,CE,Federal Contract Tower,0,4,2,0,6,0,0,0,0,0,0,4,2,0,6,0,0,0,6
12/22/2017,GLH,MS,ASO,CE,Federal Contract Tower,0,5,4,4,13,0,0,4,0,4,0,5,8,4,17,0,28,28,45
12/23/2017,GLH,MS,ASO,CE,Federal Contract Tower,0,2,2,0,4,0,0,0,0,0,0,2,2,0,4,0,0,0,4
12/24/2017,GLH,MS,ASO,CE,Federal Contract Tower,0,2,2,0,4,0,0,0,0,0,0,2,2,0,4,0,0,0,4
12/25/2017,GLH,MS,ASO,CE,Federal Contract Tower,0,4,2,0,6,0,0,4,0,4,0,4,6,0,10,0,0,0,10
12/26/2017,GLH,MS,ASO,CE,Federal Contract Tower,0,5,5,0,10,0,0,5,0,5,0,5,10,0,15,0,0,0,15
12/27/2017,GLH,MS,ASO,CE,Federal Contract Tower,0,4,7,2,13,0,0,2,0,2,0,4,9,2,15,0,12,12,27
12/28/2017,GLH,MS,ASO,CE,Federal Contract Tower,0,4,2,0,6,0,0,4,0,4,0,4,6,0,10,2,0,2,12
12/29/2017,GLH,MS,ASO,CE,Federal Contract Tower,0,5,0,0,5,0,0,4,0,4,0,5,4,0,9,4,0,4,13
12/30/2017,GLH,MS,ASO,CE,Federal Contract Tower,0,2,4,0,6,0,0,4,0,4,0,2,8,0,10,0,0,0,10
12/31/2017,GLH,MS,ASO,CE,Federal Contract Tower,0,2,4,0,6,0,0,2,0,2,0,2,6,0,8,0,0,0,8
01/01/2018,GLH,MS,ASO,CE,Federal Contract Tower,0,5,0,0,5,0,0,0,0,0,0,5,0,0,5,0,0,0,5
01/02/2018,GLH,MS,ASO,CE,Federal Contract Tower,0,5,1,0,6,0,0,1,0,1,0,5,2,0,7,0,0,0,7
01/03/2018,GLH,MS,ASO,CE,Federal Contract Tower,0,2,4,3,9,0,0,3,1,4,0,2,7,4,13,0,12,12,25
01/04/2018,GLH,MS,ASO,CE,Federal Contract Tower,0,0,2,0,2,0,2,4,2,8,0,2,6,2,10,0,0,0,10
01/05/2018,GLH,MS,ASO,CE,Federal Contract Tower,1,6,3,0,10,0,0,5,0,5,1,6,8,0,15,0,0,0,15
01/06/2018,GLH,MS,ASO,CE,Federal Contract Tower,2,2,1,0,5,0,0,5,0,5,2,2,6,0,10,2,0,2,12
01/07/2018,GLH,MS,ASO,CE,Federal Contract Tower,0,2,0,0,2,0,0,0,8,8,0,2,0,8,10,0,0,0,10
01/08/2018,GLH,MS,ASO,CE,Federal Contract Tower,0,4,3,0,7,0,0,0,0,0,0,4,3,0,7,0,0,0,7
01/09/2018,GLH,MS,ASO,CE,Federal Contract Tower,0,4,1,0,5,0,0,0,0,0,0,4,1,0,5,0,0,0,5
01/10/2018,GLH,MS,ASO,CE,Federal Contract Tower,0,4,6,0,10,0,0,2,0,2,0,4,8,0,12,0,0,0,12
01/11/2018,GLH,MS,ASO,CE,Federal Contract Tower,0,4,2,0,6,0,0,0,0,0,0,4,2,0,6,0,0,0,6
01/12/2018,GLH,MS,ASO,CE,Federal Contract Tower,0,2,1,0,3,0,0,4,0,4,0,2,5,0,7,0,0,0,7
01/13/2018,GLH,MS,ASO,CE,Federal Contract Tower,0,0,2,0,2,0,0,5,0,5,0,0,7,0,7,2,0,2,9
01/14/2018,GLH,MS,ASO,CE,Federal Contract Tower,0,2,4,0,6,0,0,10,0,10,0,2,14,0,16,2,0,2,18
01/15/2018,GLH,MS,ASO,CE,Federal Contract Tower,0,5,2,0,7,0,0,6,0,6,0,5,8,0,13,4,0,4,17
01/16/2018,GLH,MS,ASO,CE,Federal Contract Tower,0,5,0,0,5,0,0,0,0,0,0,5,0,0,5,0,0,0,5
01/17/2018,GLH,MS,ASO,CE,Federal Contract Tower,0,5,6,0,11,0,1,4,0,5,0,6,10,0,16,0,0,0,16
01/18/2018,GLH,MS,ASO,CE,Federal Contract Tower,0,4,3,0,7,0,4,8,2,14,0,8,11,2,21,2,0,2,23
01/19/2018,GLH,MS,ASO,CE,Federal Contract Tower,0,4,2,5,11,0,0,9,0,9,0,4,11,5,20,0,18,18,38
01/20/2018,GLH,MS,ASO,CE,Federal Contract Tower,0,2,1,2,5,0,0,6,0,6,0,2,7,2,11,10,8,18,29
01/21/2018,GLH,MS,ASO,CE,Federal Contract Tower,0,0,5,0,5,0,0,0,0,0,0,0,5,0,5,0,0,0,5
01/23/2018,GLH,MS,ASO,CE,Federal Contract Tower,0,4,3,2,9,0,0,6,2,8,0,4,9,4,17,2,8,10,27
01/24/2018,GLH,MS,ASO,CE,Federal Contract Tower,0,4,6,6,16,0,1,6,4,11,0,5,12,10,27,0,0,0,27
01/25/2018,GLH,MS,ASO,CE,Federal Contract Tower,0,4,6,4,14,0,0,13,0,13,0,4,19,4,27,26,56,82,109
01/26/2018,GLH,MS,ASO,CE,Federal Contract Tower,0,4,0,9,13,0,0,15,8,23,0,4,15,17,36,10,88,98,134
01/27/2018,GLH,MS,ASO,CE,Federal Contract Tower,0,2,0,0,2,0,0,0,0,0,0,2,0,0,2,0,0,0,2
01/28/2018,GLH,MS,ASO,CE,Federal Contract Tower,0,2,2,0,4,0,0,12,0,12,0,2,14,0,16,2,0,2,18
01/29/2018,GLH,MS,ASO,CE,Federal Contract Tower,0,4,1,4,9,0,0,13,0,13,0,4,14,4,22,18,62,80,102
01/30/2018,GLH,MS,ASO,CE,Federal Contract Tower,0,4,4,8,16,0,0,13,2,15,0,4,17,10,31,6,104,110,141
01/31/2018,GLH,MS,ASO,CE,Federal Contract Tower,0,4,4,4,12,0,0,17,2,19,0,4,21,6,31,0,64,64,95
02/01/2018,GLH,MS,ASO,CE,Federal Contract Tower,0,4,3,0,7,0,0,13,0,13,0,4,16,0,20,0,0,0,20
02/02/2018,GLH,MS,ASO,CE,Federal Contract Tower,0,6,2,5,13,0,0,12,0,12,0,6,14,5,25,2,50,52,77
02/03/2018,GLH,MS,ASO,CE,Federal Contract Tower,0,2,1,2,5,0,0,6,0,6,0,2,7,2,11,2,16,18,29
02/04/2018,GLH,MS,ASO,CE,Federal Contract Tower,0,2,0,5,7,0,0,2,1,3,0,2,2,6,10,0,74,74,84
02/05/2018,GLH,MS,ASO,CE,Federal Contract Tower,0,3,8,10,21,0,0,7,0,7,0,3,15,10,28,6,66,72,100
02/06/2018,GLH,MS,ASO,CE,Federal Contract Tower,0,5,0,0,5,0,0,0,0,0,0,5,0,0,5,0,0,0,5
02/07/2018,GLH,MS,ASO,CE,Federal Contract Tower,0,4,2,3,9,0,0,2,1,3,0,4,4,4,12,0,22,22,34
02/08/2018,GLH,MS,ASO,CE,Federal Contract Tower,0,2,1,2,5,0,0,19,2,21,0,2,20,4,26,2,28,30,56
02/09/2018,GLH,MS,ASO,CE,Federal Contract Tower,0,2,0,4,6,0,0,18,0,18,0,2,18,4,24,0,52,52,76
02/10/2018,GLH,MS,ASO,CE,Federal Contract Tower,0,2,8,0,10,0,0,0,0,0,0,2,8,0,10,0,0,0,10
02/11/2018,GLH,MS,ASO,CE,Federal Contract Tower,0,2,4,0,6,0,0,0,0,0,0,2,4,0,6,0,0,0,6
02/12/2018,GLH,MS,ASO,CE,Federal Contract Tower,0,6,2,4,12,0,0,5,0,5,0,6,7,4,17,0,10,10,27
02/13/2018,GLH,MS,ASO,CE,Federal Contract Tower,0,7,1,0,8,0,0,2,0,2,0,7,3,0,10,0,0,0,10
02/14/2018,GLH,MS,ASO,CE,Federal Contract Tower,0,5,0,2,7,0,0,0,0,0,0,5,0,2,7,0,0,0,7
02/15/2018,GLH,MS,ASO,CE,Federal Contract Tower,0,4,7,0,11,0,0,4,0,4,0,4,11,0,15,0,0,0,15
02/16/2018,GLH,MS,ASO,CE,Federal Contract Tower,0,2,6,0,8,0,0,8,0,8,0,2,14,0,16,0,0,0,16
02/17/2018,GLH,MS,ASO,CE,Federal Contract Tower,0,2,4,0,6,0,0,0,0,0,0,2,4,0,6,0,0,0,6
02/18/2018,GLH,MS,ASO,CE,Federal Contract Tower,0,2,4,0,6,0,0,6,0,6,0,2,10,0,12,0,0,0,12
02/19/2018,GLH,MS,ASO,CE,Federal Contract Tower,0,4,0,0,4,0,0,10,0,10,0,4,10,0,14,12,0,12,26
02/20/2018,GLH,MS,ASO,CE,Federal Contract Tower,0,2,2,8,12,0,0,5,2,7,0,2,7,10,19,102,0,102,121
02/21/2018,GLH,MS,ASO,CE,Federal Contract Tower,0,3,0,0,3,0,0,0,0,0,0,3,0,0,3,0,0,0,3
02/22/2018,GLH,MS,ASO,CE,Federal Contract Tower,0,5,0,0,5,0,0,2,0,2,0,5,2,0,7,0,0,0,7
02/23/2018,GLH,MS,ASO,CE,Federal Contract Tower,0,3,4,0,7,0,0,6,0,6,0,3,10,0,13,0,0,0,13
02/24/2018,GLH,MS,ASO,CE,Federal Contract Tower,0,4,0,1,5,0,0,0,0,0,0,4,0,1,5,0,0,0,5
02/25/2018,GLH,MS,ASO,CE,Federal Contract Tower,0,2,1,2,5,0,0,1,0,1,0,2,2,2,6,0,0,0,6
02/26/2018,GLH,MS,ASO,CE,Federal Contract Tower,0,4,9,8,21,0,0,12,1,13,0,4,21,9,34,10,46,56,90
02/27/2018,GLH,MS,ASO,CE,Federal Contract Tower,0,4,2,2,8,0,0,39,0,39,0,4,41,2,47,0,4,4,51
02/28/2018,GLH,MS,ASO,CE,Federal Contract Tower,0,4,2,0,6,0,0,2,0,2,0,4,4,0,8,0,0,0,8
03/01/2018,GLH,MS,ASO,CE,Federal Contract Tower,0,5,6,2,13,0,0,5,0,5,0,5,11,2,18,0,34,34,52
03/02/2018,GLH,MS,ASO,CE,Federal Contract Tower,0,6,2,10,18,0,0,42,0,42,0,6,44,10,60,28,156,184,244
03/03/2018,GLH,MS,ASO,CE,Federal Contract Tower,0,4,0,0,4,0,0,105,0,105,0,4,105,0,109,2,0,2,111
03/05/2018,GLH,MS,ASO,CE,Federal Contract Tower,0,4,6,2,12,0,0,7,0,7,0,4,13,2,19,0,28,28,47
03/06/2018,GLH,MS,ASO,CE,Federal Contract Tower,0,5,2,4,11,0,0,13,0,13,0,5,15,4,24,0,62,62,86
03/07/2018,GLH,MS,ASO,CE,Federal Contract Tower,0,4,2,8,14,0,0,17,1,18,0,4,19,9,32,0,140,140,172
03/08/2018,GLH,MS,ASO,CE,Federal Contract Tower,0,6,7,9,22,0,0,53,2,55,0,6,60,11,77,4,120,124,201
03/09/2018,GLH,MS,ASO,CE,Federal Contract Tower,0,5,8,7,20,0,4,22,2,28,0,9,30,9,48,2,124,126,174
03/10/2018,GLH,MS,ASO,CE,Federal Contract Tower,0,3,2,0,5,0,0,2,2,4,0,3,4,2,9,0,0,0,9
03/11/2018,GLH,MS,ASO,CE,Federal Contract Tower,0,2,0,0,2,0,0,0,0,0,0,2,0,0,2,0,0,0,2
03/12/2018,GLH,MS,ASO,CE,Federal Contract Tower,0,5,0,7,12,0,0,6,8,14,0,5,6,15,26,0,110,110,136
03/13/2018,GLH,MS,ASO,CE,Federal Contract Tower,0,4,5,4,13,0,0,87,0,87,0,4,92,4,100,8,84,92,192
03/14/2018,GLH,MS,ASO,CE,Federal Contract Tower,0,4,5,4,13,0,0,8,0,8,0,4,13,4,21,6,62,68,89
03/15/2018,GLH,MS,ASO,CE,Federal Contract Tower,0,6,3,6,15,0,0,22,0,22,0,6,25,6,37,0,96,96,133
03/16/2018,GLH,MS,ASO,CE,Federal Contract Tower,0,4,0,0,4,0,0,0,0,0,0,4,0,0,4,0,0,0,4
03/17/2018,GLH,MS,ASO,CE,Federal Contract Tower,0,2,4,0,6,0,0,13,0,13,0,2,17,0,19,2,0,2,21
03/18/2018,GLH,MS,ASO,CE,Federal Contract Tower,0,2,1,7,10,0,0,0,0,0,0,2,1,7,10,0,0,0,10
03/19/2018,GLH,MS,ASO,CE,Federal Contract Tower,0,4,0,0,4,0,0,0,0,0,0,4,0,0,4,0,0,0,4
03/20/2018,GLH,MS,ASO,CE,Federal Contract Tower,0,4,9,4,17,0,0,0,0,0,0,4,9,4,17,0,44,44,61
03/21/2018,GLH,MS,ASO,CE,Federal Contract Tower,0,4,2,2,8,0,2,47,0,49,0,6,49,2,57,0,40,40,97
03/22/2018,GLH,MS,ASO,CE,Federal Contract Tower,0,0,3,6,9,0,0,99,0,99,0,0,102,6,108,26,68,94,202
03/23/2018,GLH,MS,ASO,CE,Federal Contract Tower,0,4,4,7,15,0,0,23,2,25,0,4,27,9,40,8,44,52,92
03/24/2018,GLH,MS,ASO,CE,Federal Contract Tower,0,3,1,0,4,0,0,6,0,6,0,3,7,0,10,0,0,0,10
03/26/2018,GLH,MS,ASO,CE,Federal Contract Tower,0,4,3,10,17,0,0,37,0,37,0,4,40,10,54,0,124,124,178
03/27/2018,GLH,MS,ASO,CE,Federal Contract Tower,0,4,5,18,27,0,0,14,1,15,0,4,19,19,42,16,156,172,214
03/28/2018,GLH,MS,ASO,CE,Federal Contract Tower,0,2,1,2,5,0,1,4,2,7,0,3,5,4,12,0,24,24,36
03/29/2018,GLH,MS,ASO,CE,Federal Contract Tower,0,4,0,6,10,0,0,6,0,6,0,4,6,6,16,2,72,74,90
03/30/2018,GLH,MS,ASO,CE,Federal Contract Tower,0,4,9,5,18,0,0,12,1,13,0,4,21,6,31,2,128,130,161
03/31/2018,GLH,MS,ASO,CE,Federal Contract Tower,0,2,3,0,5,0,0,10,0,10,0,2,13,0,15,10,0,10,25
04/01/2018,GLH,MS,ASO,CE,Federal Contract Tower,0,2,1,0,3,0,0,2,0,2,0,2,3,0,5,0,0,0,5
04/02/2018,GLH,MS,ASO,CE,Federal Contract Tower,0,4,7,0,11,0,1,85,0,86,0,5,92,0,97,0,0,0,97
04/03/2018,GLH,MS,ASO,CE,Federal Contract Tower,0,6,5,3,14,0,0,4,6,10,0,6,9,9,24,0,18,18,42
04/04/2018,GLH,MS,ASO,CE,Federal Contract Tower,0,3,7,4,14,0,1,96,0,97,0,4,103,4,111,6,36,42,153
04/05/2018,GLH,MS,ASO,CE,Federal Contract Tower,0,3,8,3,14,0,0,56,2,58,0,3,64,5,72,2,70,72,144
04/06/2018,GLH,MS,ASO,CE,Federal Contract Tower,0,3,0,0,3,0,0,0,0,0,0,3,0,0,3,0,0,0,3
04/07/2018,GLH,MS,ASO,CE,Federal Contract Tower,0,2,4,0,6,0,0,0,0,0,0,2,4,0,6,0,0,0,6
04/08/2018,GLH,MS,ASO,CE,Federal Contract Tower,0,2,2,2,6,0,0,1,0,1,0,2,3,2,7,0,34,34,41
04/09/2018,GLH,MS,ASO,CE,Federal Contract Tower,0,4,4,3,11,0,0,18,0,18,0,4,22,3,29,0,36,36,65
04/10/2018,GLH,MS,ASO,CE,Federal Contract Tower,0,4,2,6,12,0,0,27,1,28,0,4,29,7,40,0,78,78,118
04/11/2018,GLH,MS,ASO,CE,Federal Contract Tower,0,2,7,2,11,0,0,133,0,133,0,2,140,2,144,4,42,46,190
04/12/2018,GLH,MS,ASO,CE,Federal Contract Tower,0,4,6,5,15,0,0,62,0,62,0,4,68,5,77,14,80,94,171
04/13/2018,GLH,MS,ASO,CE,Federal Contract Tower,0,4,1,0,5,0,0,0,0,0,0,4,1,0,5,0,0,0,5
04/14/2018,GLH,MS,ASO,CE,Federal Contract Tower,0,3,0,0,3,0,0,0,0,0,0,3,0,0,3,0,0,0,3
04/15/2018,GLH,MS,ASO,CE,Federal Contract Tower,0,2,4,2,8,0,0,0,10,10,0,2,4,12,18,0,0,0,18
04/16/2018,GLH,MS,ASO,CE,Federal Contract Tower,0,4,0,5,9,0,0,9,0,9,0,4,9,5,18,14,72,86,104
04/17/2018,GLH,MS,ASO,CE,Federal Contract Tower,0,4,3,10,17,0,0,14,0,14,0,4,17,10,31,10,24,34,65
04/18/2018,GLH,MS,ASO,CE,Federal Contract Tower,0,5,2,6,13,0,0,22,0,22,0,5,24,6,35,0,90,90,125
04/19/2018,GLH,MS,ASO,CE,Federal Contract Tower,0,4,4,4,12,0,0,8,0,8,0,4,12,4,20,14,12,26,46
04/20/2018,GLH,MS,ASO,CE,Federal Contract Tower,0,4,3,2,9,0,0,12,0,12,0,4,15,2,21,0,0,0,21
04/21/2018,GLH,MS,ASO,CE,Federal Contract Tower,0,2,0,0,2,0,0,2,4,6,0,2,2,4,8,0,8,8,16
04/22/2018,GLH,MS,ASO,CE,Federal Contract Tower,0,2,5,0,7,0,0,0,0,0,0,2,5,0,7,0,0,0,7
04/23/2018,GLH,MS,ASO,CE,Federal Contract Tower,0,4,4,3,11,0,0,1,0,1,0,4,5,3,12,0,0,0,12
04/24/2018,GLH,MS,ASO,CE,Federal Contract Tower,0,4,0,0,4,0,0,13,18,31,0,4,13,18,35,0,0,0,35
04/25/2018,GLH,MS,ASO,CE,Federal Contract Tower,0,3,3,12,18,0,1,37,18,56,0,4,40,30,74,0,104,104,178
04/26/2018,GLH,MS,ASO,CE,Federal Contract Tower,0,5,3,0,8,0,0,6,0,6,0,5,9,0,14,0,0,0,14
04/27/2018,GLH,MS,ASO,CE,Federal Contract Tower,0,4,5,4,13,0,0,16,2,18,0,4,21,6,31,20,82,102,133
04/28/2018,GLH,MS,ASO,CE,Federal Contract Tower,0,2,2,1,5,0,0,11,6,17,0,2,13,7,22,4,2,6,28
04/30/2018,GLH,MS,ASO,CE,Federal Contract Tower,0,4,6,5,15,0,0,8,2,10,0,4,14,7,25,10,58,68,93
05/01/2018,GLH,MS,ASO,CE,Federal Contract Tower,0,4,0,2,6,0,2,17,2,21,0,6,17,4,27,0,16,16,43
05/02/2018,GLH,MS,ASO,CE,Federal Contract Tower,0,4,7,3,14,0,0,32,1,33,0,4,39,4,47,2,26,28,75
05/03/2018,GLH,MS,ASO,CE,Federal Contract Tower,0,4,7,5,16,0,0,22,0,22,0,4,29,5,38,2,44,46,84
05/04/2018,GLH,MS,ASO,CE,Federal Contract Tower,0,4,2,2,8,0,0,6,0,6,0,4,8,2,14,0,0,0,14
05/05/2018,GLH,MS,ASO,CE,Federal Contract Tower,0,3,5,0,8,0,0,2,0,2,0,3,7,0,10,0,0,0,10
05/06/2018,GLH,MS,ASO,CE,Federal Contract Tower,0,2,9,0,11,0,0,2,2,4,0,2,11,2,15,0,0,0,15
05/07/2018,GLH,MS,ASO,CE,Federal Contract Tower,0,2,1,2,5,0,0,8,0,8,0,2,9,2,13,0,26,26,39
05/08/2018,GLH,MS,ASO,CE,Federal Contract Tower,0,4,0,2,6,0,2,7,0,9,0,6,7,2,15,12,8,20,35
05/09/2018,GLH,MS,ASO,CE,Federal Contract Tower,0,4,0,3,7,0,0,8,0,8,0,4,8,3,15,18,6,24,39
05/10/2018,GLH,MS,ASO,CE,Federal Contract Tower,0,4,6,0,10,0,0,32,0,32,0,4,38,0,42,4,18,22,64
05/11/2018,GLH,MS,ASO,CE,Federal Contract Tower,0,3,7,4,14,0,0,17,0,17,0,3,24,4,31,8,2,10,41
05/12/2018,GLH,MS,ASO,CE,Federal Contract Tower,0,2,2,0,4,0,1,15,0,16,0,3,17,0,20,2,0,2,22
05/13/2018,GLH,MS,ASO,CE,Federal Contract Tower,0,2,2,0,4,0,0,0,0,0,0,2,2,0,4,0,0,0,4
05/14/2018,GLH,MS,ASO,CE,Federal Contract Tower,0,4,0,0,4,0,0,38,0,38,0,4,38,0,42,6,0,6,48
05/15/2018,GLH,MS,ASO,CE,Federal Contract Tower,0,4,7,5,16,0,0,96,0,96,0,4,103,5,112,4,70,74,186
05/16/2018,GLH,MS,ASO,CE,Federal Contract Tower,0,3,0,3,6,0,1,4,3,8,0,4,4,6,14,0,24,24,38
05/17/2018,GLH,MS,ASO,CE,Federal Contract Tower,0,4,2,0,6,0,0,14,0,14,0,4,16,0,20,0,0,0,20
05/18/2018,GLH,MS,ASO,CE,Federal Contract Tower,0,4,6,2,12,0,0,23,0,23,0,4,29,2,35,2,0,2,37
05/19/2018,GLH,MS,ASO,CE,Federal Contract Tower,0,2,0,0,2,0,0,10,2,12,0,2,10,2,14,2,0,2,16
05/20/2018,GLH,MS,ASO,CE,Federal Contract Tower,0,1,4,2,7,0,0,7,0,7,0,1,11,2,14,0,6,6,20
05/21/2018,GLH,MS,ASO,CE,Federal Contract Tower,0,4,0,5,9,0,0,6,1,7,0,4,6,6,16,0,6,6,22
05/22/2018,GLH,MS,ASO,CE,Federal Contract Tower,0,4,3,2,9,0,0,14,0,14,0,4,17,2,23,8,44,52,75
05/23/2018,GLH,MS,ASO,CE,Federal Contract Tower,0,5,7,2,14,0,0,13,0,13,0,5,20,2,27,0,26,26,53
05/24/2018,GLH,MS,ASO,CE,Federal Contract Tower,0,4,3,0,7,0,0,20,0,20,0,4,23,0,27,20,0,20,47
05/25/2018,GLH,MS,ASO,CE,Federal Contract Tower,0,4,9,0,13,0,0,25,0,25,0,4,34,0,38,8,0,8,46
05/26/2018,GLH,MS,ASO,CE,Federal Contract Tower,0,3,2,0,5,0,0,5,0,5,0,3,7,0,10,0,0,0,10
05/27/2018,GLH,MS,ASO,CE,Federal Contract Tower,0,2,1,0,3,0,0,4,0,4,0,2,5,0,7,0,0,0,7
05/28/2018,GLH,MS,ASO,CE,Federal Contract Tower,0,4,0,0,4,0,0,17,0,17,0,4,17,0,21,6,0,6,27
05/29/2018,GLH,MS,ASO,CE,Federal Contract Tower,0,4,0,12,16,0,0,55,2,57,0,4,55,14,73,2,99,101,174
05/30/2018,GLH,MS,ASO,CE,Federal Contract Tower,0,4,5,4,13,0,1,150,0,151,0,5,155,4,164,6,32,38,202
05/31/2018,GLH,MS,ASO,CE,Federal Contract Tower,0,4,5,13,22,0,0,207,3,210,0,4,212,16,232,0,108,108,340
06/01/2018,GLH,MS,ASO,CE,Federal Contract Tower,0,4,5,5,14,0,0,89,0,89,0,4,94,5,103,0,46,46,149
06/02/2018,GLH,MS,ASO,CE,Federal Contract Tower,0,2,0,0,2,0,0,8,2,10,0,2,8,2,12,0,0,0,12
06/04/2018,GLH,MS,ASO,CE,Federal Contract Tower,0,5,7,0,12,0,0,8,0,8,0,5,15,0,20,0,0,0,20
06/05/2018,GLH,MS,ASO,CE,Federal Contract Tower,0,4,3,0,7,0,0,41,0,41,0,4,44,0,48,0,0,0,48
06/06/2018,GLH,MS,ASO,CE,Federal Contract Tower,0,4,5,0,9,0,0,6,0,6,0,4,11,0,15,2,0,2,17
06/07/2018,GLH,MS,ASO,CE,Federal Contract Tower,0,4,7,3,14,0,0,31,1,32,0,4,38,4,46,22,8,30,76
06/08/2018,GLH,MS,ASO,CE,Federal Contract Tower,0,3,3,7,13,0,1,20,0,21,0,4,23,7,34,0,34,34,68
06/09/2018,GLH,MS,ASO,CE,Federal Contract Tower,0,2,5,0,7,0,0,7,0,7,0,2,12,0,14,0,0,0,14
06/10/2018,GLH,MS,ASO,CE,Federal Contract Tower,0,2,5,0,7,0,0,13,0,13,0,2,18,0,20,2,0,2,22
06/11/2018,GLH,MS,ASO,CE,Federal Contract Tower,0,4,3,4,11,0,0,34,0,34,0,4,37,4,45,0,62,62,107
06/12/2018,GLH,MS,ASO,CE,Federal Contract Tower,0,4,3,5,12,0,0,8,4,12,0,4,11,9,24,0,30,30,54
06/13/2018,GLH,MS,ASO,CE,Federal Contract Tower,0,4,2,0,6,0,0,15,0,15,0,4,17,0,21,6,0,6,27
06/14/2018,GLH,MS,ASO,CE,Federal Contract Tower,0,4,6,4,14,0,0,18,2,20,0,4,24,6,34,20,72,92,126
06/16/2018,GLH,MS,ASO,CE,Federal Contract Tower,0,2,3,0,5,0,0,11,6,17,0,2,14,6,22,0,0,0,22
06/17/2018,GLH,MS,ASO,CE,Federal Contract Tower,0,2,4,0,6,0,0,3,0,3,0,2,7,0,9,0,0,0,9
06/18/2018,GLH,MS,ASO,CE,Federal Contract Tower,0,2,6,6,14,0,1,10,0,11,0,3,16,6,25,0,0,0,25
06/19/2018,GLH,MS,ASO,CE,Federal Contract Tower,0,5,1,0,6,0,0,1,0,1,0,5,2,0,7,0,0,0,7
06/20/2018,GLH,MS,ASO,CE,Federal Contract Tower,0,4,4,0,8,0,0,9,0,9,0,4,13,0,17,0,0,0,17
06/21/2018,GLH,MS,ASO,CE,Federal Contract Tower,0,4,2,0,6,0,0,7,0,7,0,4,9,0,13,0,0,0,13
06/22/2018,GLH,MS,ASO,CE,Federal Contract Tower,0,4,4,0,8,0,0,3,6,9,0,4,7,6,17,0,0,0,17
06/23/2018,GLH,MS,ASO,CE,Federal Contract Tower,0,2,3,0,5,0,0,1,0,1,0,2,4,0,6,0,0,0,6
06/24/2018,GLH,MS,ASO,CE,Federal Contract Tower,0,3,5,0,8,0,0,2,0,2,0,3,7,0,10,0,0,0,10
06/25/2018,GLH,MS,ASO,CE,Federal Contract Tower,0,4,6,2,12,0,0,29,0,29,0,4,35,2,41,0,64,64,105
06/26/2018,GLH,MS,ASO,CE,Federal Contract Tower,0,3,2,2,7,0,0,25,0,25,0,3,27,2,32,4,36,40,72
06/27/2018,GLH,MS,ASO,CE,Federal Contract Tower,0,3,1,4,8,0,0,24,0,24,0,3,25,4,32,32,58,90,122
06/28/2018,GLH,MS,ASO,CE,Federal Contract Tower,0,4,0,7,11,0,0,19,0,19,0,4,19,7,30,8,106,114,144
06/29/2018,GLH,MS,ASO,CE,Federal Contract Tower,0,3,1,4,8,0,1,55,0,56,0,4,56,4,64,0,82,82,146
06/30/2018,GLH,MS,ASO,CE,Federal Contract Tower,0,1,1,0,2,0,1,15,6,22,0,2,16,6,24,3,0,3,27
07/01/2018,GLH,MS,ASO,CE,Federal Contract Tower,0,2,2,0,4,0,0,7,0,7,0,2,9,0,11,0,0,0,11
07/02/2018,GLH,MS,ASO,CE,Federal Contract Tower,0,4,3,2,9,0,0,13,0,13,0,4,16,2,22,0,6,6,28
07/03/2018,GLH,MS,ASO,CE,Federal Contract Tower,0,4,4,4,12,0,0,29,0,29,0,4,33,4,41,0,10,10,51
07/04/2018,GLH,MS,ASO,CE,Federal Contract Tower,0,4,0,0,4,0,0,2,0,2,0,4,2,0,6,0,0,0,6
07/05/2018,GLH,MS,ASO,CE,Federal Contract Tower,0,4,0,0,4,0,0,3,0,3,0,4,3,0,7,0,0,0,7
07/06/2018,GLH,MS,ASO,CE,Federal Contract Tower,0,5,0,2,7,0,0,10,1,11,0,5,10,3,18,2,20,22,40
07/07/2018,GLH,MS,ASO,CE,Federal Contract Tower,0,4,5,0,9,0,0,4,0,4,0,4,9,0,13,0,0,0,13
07/08/2018,GLH,MS,ASO,CE,Federal Contract Tower,0,2,0,0,2,0,0,0,0,0,0,2,0,0,2,0,0,0,2
07/10/2018,GLH,MS,ASO,CE,Federal Contract Tower,0,4,1,0,5,0,0,58,0,58,0,4,59,0,63,0,0,0,63
07/11/2018,GLH,MS,ASO,CE,Federal Contract Tower,0,4,1,2,7,0,0,34,5,39,0,4,35,7,46,0,4,4,50
07/12/2018,GLH,MS,ASO,CE,Federal Contract Tower,0,4,2,3,9,0,0,26,0,26,0,4,28,3,35,0,0,0,35
07/13/2018,GLH,MS,ASO,CE,Federal Contract Tower,0,4,5,2,11,0,0,9,0,9,0,4,14,2,20,0,2,2,22
07/14/2018,GLH,MS,ASO,CE,Federal Contract Tower,0,2,2,0,4,0,0,6,0,6,0,2,8,0,10,6,0,6,16
07/15/2018,GLH,MS,ASO,CE,Federal Contract Tower,0,2,2,0,4,0,0,2,0,2,0,2,4,0,6,6,0,6,12
07/16/2018,GLH,MS,ASO,CE,Federal Contract Tower,0,3,0,1,4,0,0,6,0,6,0,3,6,1,10,0,0,0,10
07/18/2018,GLH,MS,ASO,CE,Federal Contract Tower,0,2,5,1,8,0,0,16,0,16,0,2,21,1,24,0,0,0,24
07/19/2018,GLH,MS,ASO,CE,Federal Contract Tower,0,6,0,4,10,0,1,45,0,46,0,7,45,4,56,10,54,64,120
07/20/2018,GLH,MS,ASO,CE,Federal Contract Tower,0,5,0,2,7,0,0,7,2,9,0,5,7,4,16,0,26,26,42
07/21/2018,GLH,MS,ASO,CE,Federal Contract Tower,0,1,2,0,3,0,1,17,0,18,0,2,19,0,21,0,0,0,21
07/22/2018,GLH,MS,ASO,CE,Federal Contract Tower,0,2,1,2,5,0,0,5,7,12,0,2,6,9,17,2,8,10,27
07/23/2018,GLH,MS,ASO,CE,Federal Contract Tower,0,4,1,2,7,0,0,21,0,21,0,4,22,2,28,10,12,22,50
07/24/2018,GLH,MS,ASO,CE,Federal Contract Tower,0,5,0,0,5,0,0,7,0,7,0,5,7,0,12,0,0,0,12
07/25/2018,GLH,MS,ASO,CE,Federal Contract Tower,0,4,0,0,4,0,0,98,0,98,0,4,98,0,102,6,0,6,108
07/26/2018,GLH,MS,ASO,CE,Federal Contract Tower,0,4,2,5,11,0,0,57,0,57,0,4,59,5,68,18,20,38,106
07/27/2018,GLH,MS,ASO,CE,Federal Contract Tower,0,4,1,0,5,0,0,21,4,25,0,4,22,4,30,4,0,4,34
07/28/2018,GLH,MS,ASO,CE,Federal Contract Tower,0,2,0,0,2,0,0,5,0,5,0,2,5,0,7,0,0,0,7
07/29/2018,GLH,MS,ASO,CE,Federal Contract Tower,0,2,1,3,6,0,0,6,1,7,0,2,7,4,13,4,4,8,21
07/30/2018,GLH,MS,ASO,CE,Federal Contract Tower,0,5,2,3,10,0,0,2,2,4,0,5,4,5,14,8,12,20,34
07/31/2018,GLH,MS,ASO,CE,Federal Contract Tower,0,4,0,2,6,0,0,3,0,3,0,4,3,2,9,0,6,6,15
08/01/2018,GLH,MS,ASO,CE,Federal Contract Tower,0,4,7,2,13,0,0,14,0,14,0,4,21,2,27,4,8,12,39
08/02/2018,GLH,MS,ASO,CE,Federal Contract Tower,0,4,2,4,10,0,0,20,2,22,0,4,22,6,32,2,80,82,114
08/03/2018,GLH,MS,ASO,CE,Federal Contract Tower,0,6,2,0,8,0,0,17,0,17,0,6,19,0,25,2,0,2,27
08/04/2018,GLH,MS,ASO,CE,Federal Contract Tower,0,2,0,0,2,0,0,7,0,7,0,2,7,0,9,0,0,0,9
08/05/2018,GLH,MS,ASO,CE,Federal Contract Tower,0,2,2,0,4,0,0,3,0,3,0,2,5,0,7,8,0,8,15
08/06/2018,GLH,MS,ASO,CE,Federal Contract Tower,0,5,3,0,8,0,0,16,0,16,0,5,19,0,24,6,0,6,30
08/07/2018,GLH,MS,ASO,CE,Federal Contract Tower,0,4,4,0,8,0,0,21,2,23,0,4,25,2,31,4,0,4,35
08/08/2018,GLH,MS,ASO,CE,Federal Contract Tower,0,4,3,0,7,0,0,15,0,15,0,4,18,0,22,6,0,6,28
08/09/2018,GLH,MS,ASO,CE,Federal Contract Tower,0,4,6,2,12,0,0,1,0,1,0,4,7,2,13,0,0,0,13
08/10/2018,GLH,MS,ASO,CE,Federal Contract Tower,0,3,7,2,12,0,1,32,0,33,0,4,39,2,45,0,56,56,101
08/11/2018,GLH,MS,ASO,CE,Federal Contract Tower,0,2,2,0,4,0,0,10,0,10,0,2,12,0,14,6,0,6,20
08/12/2018,GLH,MS,ASO,CE,Federal Contract Tower,0,2,5,0,7,0,0,7,0,7,0,2,12,0,14,0,0,0,14
08/13/2018,GLH,MS,ASO,CE,Federal Contract Tower,0,3,0,4,7,0,0,3,0,3,0,3,3,4,10,0,46,46,56
08/14/2018,GLH,MS,ASO,CE,Federal Contract Tower,0,5,2,3,10,0,0,11,3,14,0,5,13,6,24,0,0,0,24
08/15/2018,GLH,MS,ASO,CE,Federal Contract Tower,0,4,0,4,8,0,0,34,0,34,0,4,34,4,42,0,30,30,72
08/16/2018,GLH,MS,ASO,CE,Federal Contract Tower,0,5,3,3,11,0,0,15,7,22,0,5,18,10,33,10,40,50,83
08/17/2018,GLH,MS,ASO,CE,Federal Contract Tower,0,3,0,0,3,0,1,0,0,1,0,4,0,0,4,0,0,0,4
08/18/2018,GLH,MS,ASO,CE,Federal Contract Tower,0,3,2,0,5,0,0,0,0,0,0,3,2,0,5,0,0,0,5
08/19/2018,GLH,MS,ASO,CE,Federal Contract Tower,0,2,2,2,6,0,0,0,0,0,0,2,2,2,6,0,0,0,6
08/20/2018,GLH,MS,ASO,CE,Federal Contract Tower,0,4,0,0,4,0,0,6,2,8,0,4,6,2,12,0,4,4,16
08/21/2018,GLH,MS,ASO,CE,Federal Contract Tower,0,4,1,7,12,0,0,19,0,19,0,4,20,7,31,0,62,62,93
08/22/2018,GLH,MS,ASO,CE,Federal Contract Tower,0,4,0,0,4,0,0,15,0,15,0,4,15,0,19,0,0,0,19
08/23/2018,GLH,MS,ASO,CE,Federal Contract Tower,0,6,3,2,11,0,0,40,18,58,0,6,43,20,69,0,14,14,83
08/24/2018,GLH,MS,ASO,CE,Federal Contract Tower,0,5,1,2,8,0,1,51,2,54,0,6,52,4,62,0,0,0,62
08/25/2018,GLH,MS,ASO,CE,Federal Contract Tower,0,2,2,0,4,0,0,18,0,18,0,2,20,0,22,0,0,0,22
08/26/2018,GLH,MS,ASO,CE,Federal Contract Tower,0,2,6,0,8,0,0,18,0,18,0,2,24,0,26,2,0,2,28
08/27/2018,GLH,MS,ASO,CE,Federal Contract Tower,0,4,2,2,8,0,0,30,0,30,0,4,32,2,38,2,24,26,64
08/28/2018,GLH,MS,ASO,CE,Federal Contract Tower,0,4,2,4,10,0,0,28,0,28,0,4,30,4,38,0,56,56,94
08/29/2018,GLH,MS,ASO,CE,Federal Contract Tower,0,4,6,3,13,0,0,17,2,19,0,4,23,5,32,0,64,64,96
08/30/2018,GLH,MS,ASO,CE,Federal Contract Tower,0,6,0,4,10,0,0,41,0,41,0,6,41,4,51,0,26,26,77
08/31/2018,GLH,MS,ASO,CE,Federal Contract Tower,0,4,4,0,8,0,0,22,0,22,0,4,26,0,30,2,0,2,32
09/01/2018,GLH,MS,ASO,CE,Federal Contract Tower,0,3,0,0,3,0,0,7,0,7,0,3,7,0,10,0,0,0,10
09/02/2018,GLH,MS,ASO,CE,Federal Contract Tower,0,2,10,0,12,0,0,6,2,8,0,2,16,2,20,0,0,0,20
09/03/2018,GLH,MS,ASO,CE,Federal Contract Tower,0,2,1,0,3,0,0,24,0,24,0,2,25,0,27,2,0,2,29
09/04/2018,GLH,MS,ASO,CE,Federal Contract Tower,0,2,0,2,4,0,0,21,0,21,0,2,21,2,25,2,30,32,57
09/05/2018,GLH,MS,ASO,CE,Federal Contract Tower,0,4,4,0,8,0,0,0,0,0,0,4,4,0,8,0,0,0,8
09/06/2018,GLH,MS,ASO,CE,Federal Contract Tower,0,4,2,0,6,0,0,3,0,3,0,4,5,0,9,0,0,0,9
09/07/2018,GLH,MS,ASO,CE,Federal Contract Tower,1,4,1,0,6,0,0,0,0,0,1,4,1,0,6,0,0,0,6
09/08/2018,GLH,MS,ASO,CE,Federal Contract Tower,0,2,2,0,4,0,0,16,0,16,0,2,18,0,20,0,0,0,20
09/09/2018,GLH,MS,ASO,CE,Federal Contract Tower,0,2,3,0,5,0,0,0,0,0,0,2,3,0,5,0,0,0,5
09/10/2018,GLH,MS,ASO,CE,Federal Contract Tower,0,4,6,6,16,0,0,52,0,52,0,4,58,6,68,0,86,86,154
09/11/2018,GLH,MS,ASO,CE,Federal Contract Tower,0,4,4,8,16,0,0,59,0,59,0,4,63,8,75,4,140,144,219
09/12/2018,GLH,MS,ASO,CE,Federal Contract Tower,0,4,3,2,9,0,0,22,0,22,0,4,25,2,31,2,0,2,33
09/13/2018,GLH,MS,ASO,CE,Federal Contract Tower,0,5,1,2,8,0,0,43,0,43,0,5,44,2,51,8,10,18,69
09/14/2018,GLH,MS,ASO,CE,Federal Contract Tower,0,3,2,0,5,0,1,63,0,64,0,4,65,0,69,2,0,2,71
09/15/2018,GLH,MS,ASO,CE,Federal Contract Tower,1,2,3,0,6,0,0,23,0,23,1,2,26,0,29,0,0,0,29
09/16/2018,GLH,MS,ASO,CE,Federal Contract Tower,0,2,3,0,5,0,0,8,0,8,0,2,11,0,13,0,0,0,13
09/17/2018,GLH,MS,ASO,CE,Federal Contract Tower,0,4,0,0,4,0,0,154,0,154,0,4,154,0,158,10,0,10,168
09/18/2018,GLH,MS,ASO,CE,Federal Contract Tower,0,4,4,0,8,0,0,58,0,58,0,4,62,0,66,28,0,28,94
09/19/2018,GLH,MS,ASO,CE,Federal Contract Tower,0,8,2,0,10,0,0,76,0,76,0,8,78,0,86,16,0,16,102
09/20/2018,GLH,MS,ASO,CE,Federal Contract Tower,0,2,1,0,3,0,0,47,0,47,0,2,48,0,50,8,0,8,58
09/21/2018,GLH,MS,ASO,CE,Federal Contract Tower,0,4,5,1,10,0,1,47,2,50,0,5,52,3,60,6,18,24,84
09/22/2018,GLH,MS,ASO,CE,Federal Contract Tower,0,3,4,0,7,0,0,2,2,4,0,3,6,2,11,2,2,4,15
09/23/2018,GLH,MS,ASO,CE,Federal Contract Tower,0,1,4,3,8,0,0,0,0,0,0,1,4,3,8,0,0,0,8
09/24/2018,GLH,MS,ASO,CE,Federal Contract Tower,0,3,3,0,6,0,0,14,0,14,0,3,17,0,20,0,0,0,20
09/25/2018,GLH,MS,ASO,CE,Federal Contract Tower,0,4,11,0,15,0,0,24,0,24,0,4,35,0,39,24,0,24,63
09/26/2018,GLH,MS,ASO,CE,Federal Contract Tower,0,4,3,0,7,0,0,3,0,3,0,4,6,0,10,2,0,2,12
09/27/2018,GLH,MS,ASO,CE,Federal Contract Tower,0,2,8,0,10,0,0,9,0,9,0,2,17,0,19,2,0,2,21
09/28/2018,GLH,MS,ASO,CE,Federal Contract Tower,0,6,1,4,11,0,0,46,0,46,0,6,47,4,57,0,42,42,99
09/29/2018,GLH,MS,ASO,CE,Federal Contract Tower,0,3,1,0,4,0,0,22,0,22,0,3,23,0,26,2,0,2,28
09/30/2018,GLH,MS,ASO,CE,Federal Contract Tower,0,1,1,0,2,0,1,36,0,37,0,2,37,0,39,0,0,0,39
10/01/2018,GLH,MS,ASO,CE,Federal Contract Tower,0,4,4,2,10,0,0,26,0,26,0,4,30,2,36,0,0,0,36
10/02/2018,GLH,MS,ASO,CE,Federal Contract Tower,0,6,3,2,11,0,0,11,0,11,0,6,14,2,22,0,30,30,52
10/03/2018,GLH,MS,ASO,CE,Federal Contract Tower,0,4,6,4,14,0,0,30,0,30,0,4,36,4,44,2,60,62,106
10/04/2018,GLH,MS,ASO,CE,Federal Contract Tower,0,4,3,0,7,0,0,36,0,36,0,4,39,0,43,4,0,4,47
10/05/2018,GLH,MS,ASO,CE,Federal Contract Tower,0,4,2,0,6,0,0,25,0,25,0,4,27,0,31,14,0,14,45
10/06/2018,GLH,MS,ASO,CE,Federal Contract Tower,0,4,5,0,9,0,0,10,0,10,0,4,15,0,19,8,0,8,27
10/07/2018,GLH,MS,ASO,CE,Federal Contract Tower,0,2,3,0,5,0,0,12,0,12,0,2,15,0,17,6,0,6,23
10/08/2018,GLH,MS,ASO,CE,Federal Contract Tower,0,4,2,0,6,0,0,14,0,14,0,4,16,0,20,6,0,6,26
10/09/2018,GLH,MS,ASO,CE,Federal Contract Tower,0,2,9,0,11,0,0,0,0,0,0,2,9,0,11,0,0,0,11
10/10/2018,GLH,MS,ASO,CE,Federal Contract Tower,0,5,3,2,10,0,0,16,0,16,0,5,19,2,26,0,4,4,30
10/11/2018,GLH,MS,ASO,CE,Federal Contract Tower,0,2,0,0,2,0,0,22,0,22,0,2,22,0,24,0,0,0,24
10/12/2018,GLH,MS,ASO,CE,Federal Contract Tower,0,3,8,0,11,0,0,38,0,38,0,3,46,0,49,2,0,2,51
10/13/2018,GLH,MS,ASO,CE,Federal Contract Tower,0,2,6,0,8,0,0,26,0,26,0,2,32,0,34,2,0,2,36
10/14/2018,GLH,MS,ASO,CE,Federal Contract Tower,0,2,9,0,11,0,0,10,2,12,0,2,19,2,23,0,44,44,67
10/15/2018,GLH,MS,ASO,CE,Federal Contract Tower,0,4,5,0,9,0,0,10,0,10,0,4,15,0,19,0,0,0,19
10/16/2018,GLH,MS,ASO,CE,Federal Contract Tower,0,4,0,0,4,0,0,0,0,0,0,4,0,0,4,0,0,0,4
10/17/2018,GLH,MS,ASO,CE,Federal Contract Tower,0,4,7,4,15,0,0,21,0,21,0,4,28,4,36,4,14,18,54
10/18/2018,GLH,MS,ASO,CE,Federal Contract Tower,0,4,4,0,8,0,0,57,0,57,0,4,61,0,65,14,0,14,79
10/19/2018,GLH,MS,ASO,CE,Federal Contract Tower,0,4,4,0,8,0,0,22,0,22,0,4,26,0,30,2,0,2,32
10/20/2018,GLH,MS,ASO,CE,Federal Contract Tower,0,3,3,0,6,0,0,23,0,23,0,3,26,0,29,2,0,2,31
10/21/2018,GLH,MS,ASO,CE,Federal Contract Tower,0,2,1,0,3,0,0,0,0,0,0,2,1,0,3,6,0,6,9
10/22/2018,GLH,MS,ASO,CE,Federal Contract Tower,0,4,0,7,11,0,0,25,0,25,0,4,25,7,36,16,78,94,130
10/23/2018,GLH,MS,ASO,CE,Federal Contract Tower,0,4,2,4,10,0,0,29,0,29,0,4,31,4,39,8,68,76,115
10/24/2018,GLH,MS,ASO,CE,Federal Contract Tower,0,4,5,0,9,0,0,29,0,29,0,4,34,0,38,2,12,14,52
10/25/2018,GLH,MS,ASO,CE,Federal Contract Tower,0,5,6,0,11,0,0,0,0,0,0,5,6,0,11,0,0,0,11
10/26/2018,GLH,MS,ASO,CE,Federal Contract Tower,0,5,3,0,8,0,1,10,0,11,0,6,13,0,19,0,0,0,19
10/27/2018,GLH,MS,ASO,CE,Federal Contract Tower,0,3,2,0,5,0,0,44,0,44,0,3,46,0,49,0,0,0,49
10/28/2018,GLH,MS,ASO,CE,Federal Contract Tower,0,2,1,0,3,0,0,9,0,9,0,2,10,0,12,2,0,2,14
10/29/2018,GLH,MS,ASO,CE,Federal Contract Tower,0,3,6,0,9,0,0,34,0,34,0,3,40,0,43,22,0,22,65
10/30/2018,GLH,MS,ASO,CE,Federal Contract Tower,0,4,5,0,9,0,0,31,0,31,0,4,36,0,40,0,0,0,40
10/31/2018,GLH,MS,ASO,CE,Federal Contract Tower,0,2,2,0,4,0,0,12,0,12,0,2,14,0,16,0,2,2,18
11/01/2018,GLH,MS,ASO,CE,Federal Contract Tower,0,3,1,2,6,0,0,0,0,0,0,3,1,2,6,0,0,0,6
11/02/2018,GLH,MS,ASO,CE,Federal Contract Tower,0,4,4,8,16,0,1,21,0,22,0,5,25,8,38,4,128,132,170
11/03/2018,GLH,MS,ASO,CE,Federal Contract Tower,0,1,4,2,7,0,1,18,0,19,0,2,22,2,26,0,0,0,26
11/04/2018,GLH,MS,ASO,CE,Federal Contract Tower,0,0,4,0,4,0,0,0,0,0,0,0,4,0,4,0,0,0,4
11/05/2018,GLH,MS,ASO,CE,Federal Contract Tower,0,4,2,0,6,0,0,0,0,0,0,4,2,0,6,0,0,0,6
11/06/2018,GLH,MS,ASO,CE,Federal Contract Tower,0,4,2,2,8,0,0,14,4,18,0,4,16,6,26,18,26,44,70
11/07/2018,GLH,MS,ASO,CE,Federal Contract Tower,0,2,4,4,10,0,0,19,0,19,0,2,23,4,29,0,72,72,101
11/08/2018,GLH,MS,ASO,CE,Federal Contract Tower,0,4,6,2,12,0,0,20,2,22,0,4,26,4,34,8,28,36,70
11/09/2018,GLH,MS,ASO,CE,Federal Contract Tower,2,6,4,7,19,0,0,22,1,23,2,6,26,8,42,2,4,6,48
11/10/2018,GLH,MS,ASO,CE,Federal Contract Tower,2,2,2,0,6,0,0,31,0,31,2,2,33,0,37,0,0,0,37
11/11/2018,GLH,MS,ASO,CE,Federal Contract Tower,0,2,8,0,10,0,0,9,0,9,0,2,17,0,19,8,0,8,27
11/12/2018,GLH,MS,ASO,CE,Federal Contract Tower,0,5,0,0,5,0,0,0,0,0,0,5,0,0,5,0,0,0,5
11/13/2018,GLH,MS,ASO,CE,Federal Contract Tower,0,3,4,1,8,0,0,4,0,4,0,3,8,1,12,0,0,0,12
11/14/2018,GLH,MS,ASO,CE,Federal Contract Tower,0,4,2,0,6,0,0,0,0,0,0,4,2,0,6,0,0,0,6
11/15/2018,GLH,MS,ASO,CE,Federal Contract Tower,0,5,8,8,21,0,0,55,18,73,0,5,63,26,94,0,14,14,108
11/16/2018,GLH,MS,ASO,CE,Federal Contract Tower,0,5,4,6,15,0,0,68,0,68,0,5,72,6,83,18,92,110,193
11/17/2018,GLH,MS,ASO,CE,Federal Contract Tower,0,2,5,0,7,0,1,36,2,39,0,3,41,2,46,8,0,8,54
11/18/2018,GLH,MS,ASO,CE,Federal Contract Tower,0,2,5,0,7,0,0,14,0,14,0,2,19,0,21,0,0,0,21
11/19/2018,GLH,MS,ASO,CE,Federal Contract Tower,0,2,6,0,8,0,0,0,0,0,0,2,6,0,8,0,0,0,8
11/20/2018,GLH,MS,ASO,CE,Federal Contract Tower,0,4,2,6,12,0,0,23,1,24,0,4,25,7,36,0,68,68,104
11/21/2018,GLH,MS,ASO,CE,Federal Contract Tower,0,4,3,4,11,0,0,16,0,16,0,4,19,4,27,2,60,62,89
11/22/2018,GLH,MS,ASO,CE,Federal Contract Tower,0,5,0,0,5,0,0,4,0,4,0,5,4,0,9,0,0,0,9
11/23/2018,GLH,MS,ASO,CE,Federal Contract Tower,0,4,3,0,7,0,0,0,0,0,0,4,3,0,7,0,0,0,7
11/24/2018,GLH,MS,ASO,CE,Federal Contract Tower,0,3,7,0,10,0,0,14,0,14,0,3,21,0,24,0,0,0,24
11/25/2018,GLH,MS,ASO,CE,Federal Contract Tower,0,4,2,2,8,0,0,4,0,4,0,4,6,2,12,0,0,0,12
11/26/2018,GLH,MS,ASO,CE,Federal Contract Tower,0,6,1,0,7,0,0,21,0,21,0,6,22,0,28,0,0,0,28
11/27/2018,GLH,MS,ASO,CE,Federal Contract Tower,0,4,5,3,12,0,1,60,0,61,0,5,65,3,73,20,78,98,171
11/28/2018,GLH,MS,ASO,CE,Federal Contract Tower,0,4,2,3,9,0,0,17,0,17,0,4,19,3,26,4,34,38,64
11/29/2018,GLH,MS,ASO,CE,Federal Contract Tower,0,3,3,1,7,0,0,22,2,24,0,3,25,3,31,0,0,0,31
11/30/2018,GLH,MS,ASO,CE,Federal Contract Tower,0,4,2,0,6,0,0,0,0,0,0,4,2,0,6,0,0,0,6
12/01/2018,GLH,MS,ASO,CE,Federal Contract Tower,0,2,0,0,2,0,0,0,0,0,0,2,0,0,2,0,0,0,2
12/02/2018,GLH,MS,ASO,CE,Federal Contract Tower,0,2,0,0,2,0,0,2,0,2,0,2,2,0,4,2,0,2,6
12/03/2018,GLH,MS,ASO,CE,Federal Contract Tower,0,4,2,8,14,0,2,24,8,34,0,6,26,16,48,2,76,78,126
12/04/2018,GLH,MS,ASO,CE,Federal Contract Tower,0,4,0,4,8,0,0,27,0,27,0,4,27,4,35,6,50,56,91
12/05/2018,GLH,MS,ASO,CE,Federal Contract Tower,0,3,5,0,8,0,1,29,6,36,0,4,34,6,44,4,0,4,48
12/06/2018,GLH,MS,ASO,CE,Federal Contract Tower,0,4,7,4,15,0,0,24,0,24,0,4,31,4,39,0,50,50,89
12/07/2018,GLH,MS,ASO,CE,Federal Contract Tower,0,5,2,0,7,0,0,0,0,0,0,5,2,0,7,0,0,0,7
12/08/2018,GLH,MS,ASO,CE,Federal Contract Tower,0,2,0,0,2,0,0,0,0,0,0,2,0,0,2,0,0,0,2
12/09/2018,GLH,MS,ASO,CE,Federal Contract Tower,0,2,2,0,4,0,0,0,0,0,0,2,2,0,4,0,0,0,4
12/10/2018,GLH,MS,ASO,CE,Federal Contract Tower,0,4,4,9,17,0,0,17,3,20,0,4,21,12,37,0,82,82,119
12/11/2018,GLH,MS,ASO,CE,Federal Contract Tower,0,4,3,3,10,0,0,43,0,43,0,4,46,3,53,2,40,42,95
12/12/2018,GLH,MS,ASO,CE,Federal Contract Tower,0,2,3,4,9,0,0,23,3,26,0,2,26,7,35,6,58,64,99
12/13/2018,GLH,MS,ASO,CE,Federal Contract Tower,0,4,0,0,4,0,0,0,0,0,0,4,0,0,4,0,0,0,4
12/14/2018,GLH,MS,ASO,CE,Federal Contract Tower,0,4,2,1,7,0,0,0,2,2,0,4,2,3,9,0,6,6,15
12/15/2018,GLH,MS,ASO,CE,Federal Contract Tower,0,0,2,0,2,0,0,0,0,0,0,0,2,0,2,0,0,0,2
12/16/2018,GLH,MS,ASO,CE,Federal Contract Tower,0,2,3,0,5,0,0,4,0,4,0,2,7,0,9,2,0,2,11
12/17/2018,GLH,MS,ASO,CE,Federal Contract Tower,0,6,0,4,10,0,0,14,0,14,0,6,14,4,24,6,36,42,66
12/18/2018,GLH,MS,ASO,CE,Federal Contract Tower,0,5,8,5,18,0,0,21,0,21,0,5,29,5,39,2,42,44,83
12/19/2018,GLH,MS,ASO,CE,Federal Contract Tower,0,4,2,2,8,0,1,3,0,4,0,5,5,2,12,0,2,2,14
12/20/2018,GLH,MS,ASO,CE,Federal Contract Tower,0,3,3,0,6,0,0,0,0,0,0,3,3,0,6,0,0,0,6
12/21/2018,GLH,MS,ASO,CE,Federal Contract Tower,0,6,13,10,29,0,0,8,1,9,0,6,21,11,38,0,194,194,232
12/22/2018,GLH,MS,ASO,CE,Federal Contract Tower,0,2,6,0,8,0,1,15,0,16,0,3,21,0,24,2,0,2,26
12/23/2018,GLH,MS,ASO,CE,Federal Contract Tower,0,2,2,0,4,0,0,9,0,9,0,2,11,0,13,4,0,4,17
12/24/2018,GLH,MS,ASO,CE,Federal Contract Tower,0,4,2,0,6,0,0,4,0,4,0,4,6,0,10,0,0,0,10
12/25/2018,GLH,MS,ASO,CE,Federal Contract Tower,0,4,0,0,4,0,0,0,0,0,0,4,0,0,4,0,0,0,4
12/26/2018,GLH,MS,ASO,CE,Federal Contract Tower,0,4,2,0,6,0,0,12,0,12,0,4,14,0,18,0,0,0,18
12/27/2018,GLH,MS,ASO,CE,Federal Contract Tower,0,3,4,0,7,0,0,2,0,2,0,3,6,0,9,0,0,0,9
12/28/2018,GLH,MS,ASO,CE,Federal Contract Tower,0,3,2,0,5,0,1,15,0,16,0,4,17,0,21,6,0,6,27
12/29/2018,GLH,MS,ASO,CE,Federal Contract Tower,0,3,7,0,10,0,0,1,0,1,0,3,8,0,11,0,0,0,11
12/30/2018,GLH,MS,ASO,CE,Federal Contract Tower,0,2,4,0,6,0,0,0,0,0,0,2,4,0,6,0,0,0,6
12/31/2018,GLH,MS,ASO,CE,Federal Contract Tower,0,5,2,0,7,0,0,8,0,8,0,5,10,0,15,0,0,0,15
01/01/2019,GLH,MS,ASO,CE,Federal Contract Tower,0,2,0,0,2,0,0,0,0,0,0,2,0,0,2,0,0,0,2
01/02/2019,GLH,MS,ASO,CE,Federal Contract Tower,0,4,6,3,13,0,0,0,0,0,0,4,6,3,13,0,0,0,13
01/03/2019,GLH,MS,ASO,CE,Federal Contract Tower,0,2,5,0,7,0,0,0,0,0,0,2,5,0,7,0,0,0,7
01/04/2019,GLH,MS,ASO,CE,Federal Contract Tower,0,2,6,0,8,0,0,2,0,2,0,2,8,0,10,0,0,0,10
01/05/2019,GLH,MS,ASO,CE,Federal Contract Tower,0,2,1,0,3,0,0,28,0,28,0,2,29,0,31,0,0,0,31
01/06/2019,GLH,MS,ASO,CE,Federal Contract Tower,0,2,1,0,3,0,0,4,0,4,0,2,5,0,7,4,0,4,11
01/07/2019,GLH,MS,ASO,CE,Federal Contract Tower,0,4,0,4,8,0,0,10,0,10,0,4,10,4,18,0,56,56,74
01/08/2019,GLH,MS,ASO,CE,Federal Contract Tower,0,4,1,0,5,0,0,24,0,24,0,4,25,0,29,0,0,0,29
01/09/2019,GLH,MS,ASO,CE,Federal Contract Tower,0,5,9,0,14,0,0,40,0,40,0,5,49,0,54,0,0,0,54
01/10/2019,GLH,MS,ASO,CE,Federal Contract Tower,0,4,1,2,7,0,0,28,0,28,0,4,29,2,35,0,2,2,37
01/11/2019,GLH,MS,ASO,CE,Federal Contract Tower,0,4,1,5,10,0,0,16,1,17,0,4,17,6,27,4,74,78,105
01/12/2019,GLH,MS,ASO,CE,Federal Contract Tower,0,2,5,0,7,0,0,0,0,0,0,2,5,0,7,0,0,0,7
01/13/2019,GLH,MS,ASO,CE,Federal Contract Tower,0,2,4,0,6,0,0,8,0,8,0,2,12,0,14,0,0,0,14
01/14/2019,GLH,MS,ASO,CE,Federal Contract Tower,0,4,6,0,10,0,0,2,0,2,0,4,8,0,12,0,0,0,12
01/15/2019,GLH,MS,ASO,CE,Federal Contract Tower,0,4,8,2,14,0,0,32,2,34,0,4,40,4,48,0,0,0,48
01/16/2019,GLH,MS,ASO,CE,Federal Contract Tower,0,4,3,0,7,0,0,14,4,18,0,4,17,4,25,0,0,0,25
01/17/2019,GLH,MS,ASO,CE,Federal Contract Tower,0,4,2,0,6,0,0,0,0,0,0,4,2,0,6,0,0,0,6
01/18/2019,GLH,MS,ASO,CE,Federal Contract Tower,0,4,2,0,6,0,0,0,6,6,0,4,2,6,12,0,0,0,12
01/19/2019,GLH,MS,ASO,CE,Federal Contract Tower,0,1,0,0,1,0,0,0,0,0,0,1,0,0,1,0,0,0,1
01/20/2019,GLH,MS,ASO,CE,Federal Contract Tower,0,2,4,0,6,0,0,22,0,22,0,2,26,0,28,12,0,12,40
01/21/2019,GLH,MS,ASO,CE,Federal Contract Tower,0,4,6,0,10,0,0,21,0,21,0,4,27,0,31,0,0,0,31
01/22/2019,GLH,MS,ASO,CE,Federal Contract Tower,0,4,5,2,11,0,0,23,0,23,0,4,28,2,34,0,38,38,72
01/23/2019,GLH,MS,ASO,CE,Federal Contract Tower,0,2,6,0,8,0,0,0,0,0,0,2,6,0,8,0,0,0,8
01/24/2019,GLH,MS,ASO,CE,Federal Contract Tower,0,5,7,0,12,0,0,26,2,28,0,5,33,2,40,4,2,6,46
01/25/2019,GLH,MS,ASO,CE,Federal Contract Tower,0,4,4,2,10,0,0,37,0,37,0,4,41,2,47,4,40,44,91
01/26/2019,GLH,MS,ASO,CE,Federal Contract Tower,0,2,2,0,4,0,0,30,2,32,0,2,32,2,36,0,0,0,36
01/27/2019,GLH,MS,ASO,CE,Federal Contract Tower,0,2,0,0,2,0,0,42,0,42,0,2,42,0,44,2,0,2,46
01/28/2019,GLH,MS,ASO,CE,Federal Contract Tower,0,4,0,2,6,0,0,8,3,11,0,4,8,5,17,6,42,48,65
01/29/2019,GLH,MS,ASO,CE,Federal Contract Tower,0,4,0,0,4,0,0,17,0,17,0,4,17,0,21,0,0,0,21
01/30/2019,GLH,MS,ASO,CE,Federal Contract Tower,0,3,2,2,7,0,1,30,0,31,0,4,32,2,38,4,32,36,74
01/31/2019,GLH,MS,ASO,CE,Federal Contract Tower,0,1,0,2,3,0,0,30,0,30,0,1,30,2,33,4,0,4,37
02/01/2019,GLH,MS,ASO,CE,Federal Contract Tower,0,3,3,2,8,0,4,25,0,29,0,7,28,2,37,0,16,16,53
02/02/2019,GLH,MS,ASO,CE,Federal Contract Tower,0,3,2,0,5,0,0,62,0,62,0,3,64,0,67,2,0,2,69
02/03/2019,GLH,MS,ASO,CE,Federal Contract Tower,0,2,4,0,6,0,0,4,0,4,0,2,8,0,10,2,0,2,12
02/04/2019,GLH,MS,ASO,CE,Federal Contract Tower,0,2,4,2,8,0,0,2,0,2,0,2,6,2,10,0,8,8,18
02/05/2019,GLH,MS,ASO,CE,Federal Contract Tower,0,5,3,0,8,0,0,3,0,3,0,5,6,0,11,0,0,0,11
02/06/2019,GLH,MS,ASO,CE,Federal Contract Tower,0,5,6,0,11,0,0,0,0,0,0,5,6,0,11,0,0,0,11
02/07/2019,GLH,MS,ASO,CE,Federal Contract Tower,0,4,7,3,14,0,0,8,5,13,0,4,15,8,27,0,28,28,55
02/08/2019,GLH,MS,ASO,CE,Federal Contract Tower,0,4,0,4,8,0,0,39,0,39,0,4,39,4,47,12,56,68,115
02/09/2019,GLH,MS,ASO,CE,Federal Contract Tower,0,2,4,2,8,0,0,19,4,23,0,2,23,6,31,4,20,24,55
02/10/2019,GLH,MS,ASO,CE,Federal Contract Tower,0,0,1,0,1,0,0,98,0,98,0,0,99,0,99,2,0,2,101
02/11/2019,GLH,MS,ASO,CE,Federal Contract Tower,0,4,11,0,15,0,0,0,0,0,0,4,11,0,15,0,0,0,15
02/12/2019,GLH,MS,ASO,CE,Federal Contract Tower,0,2,0,6,8,0,0,10,0,10,0,2,10,6,18,0,140,140,158
02/13/2019,GLH,MS,ASO,CE,Federal Contract Tower,0,4,4,1,9,0,0,126,0,126,0,4,130,1,135,6,34,40,175
02/14/2019,GLH,MS,ASO,CE,Federal Contract Tower,0,5,3,2,10,0,0,14,0,14,0,5,17,2,24,2,34,36,60
02/15/2019,GLH,MS,ASO,CE,Federal Contract Tower,0,0,0,0,0,0,0,0,0,0,0,0,0,0,0,0,0,0,0
02/16/2019,GLH,MS,ASO,CE,Federal Contract Tower,0,2,3,0,5,0,0,2,0,2,0,2,5,0,7,0,0,0,7
02/17/2019,GLH,MS,ASO,CE,Federal Contract Tower,0,2,2,0,4,0,0,0,0,0,0,2,2,0,4,0,0,0,4
02/18/2019,GLH,MS,ASO,CE,Federal Contract Tower,0,4,2,0,6,0,0,26,0,26,0,4,28,0,32,8,0,8,40
02/19/2019,GLH,MS,ASO,CE,Federal Contract Tower,0,0,2,0,2,0,0,0,0,0,0,0,2,0,2,0,0,0,2
02/20/2019,GLH,MS,ASO,CE,Federal Contract Tower,0,6,2,4,12,0,0,6,0,6,0,6,8,4,18,2,0,2,20
02/21/2019,GLH,MS,ASO,CE,Federal Contract Tower,0,4,0,0,4,0,0,0,0,0,0,4,0,0,4,0,0,0,4
02/22/2019,GLH,MS,ASO,CE,Federal Contract Tower,0,2,6,0,8,0,0,0,0,0,0,2,6,0,8,0,0,0,8
02/23/2019,GLH,MS,ASO,CE,Federal Contract Tower,0,1,0,0,1,0,0,4,0,4,0,1,4,0,5,0,0,0,5
02/24/2019,GLH,MS,ASO,CE,Federal Contract Tower,0,2,2,0,4,0,0,11,0,11,0,2,13,0,15,2,0,2,17
02/25/2019,GLH,MS,ASO,CE,Federal Contract Tower,0,4,2,12,18,0,0,58,0,58,0,4,60,12,76,0,156,156,232
02/26/2019,GLH,MS,ASO,CE,Federal Contract Tower,0,4,0,4,8,0,0,53,0,53,0,4,53,4,61,114,52,166,227
02/27/2019,GLH,MS,ASO,CE,Federal Contract Tower,0,2,2,6,10,0,0,40,0,40,0,2,42,6,50,68,156,224,274
02/28/2019,GLH,MS,ASO,CE,Federal Contract Tower,0,2,6,2,10,0,0,8,0,8,0,2,14,2,18,2,0,2,20
03/01/2019,GLH,MS,ASO,CE,Federal Contract Tower,0,4,1,0,5,0,0,50,0,50,0,4,51,0,55,70,0,70,125
03/02/2019,GLH,MS,ASO,CE,Federal Contract Tower,0,2,3,2,7,0,0,48,0,48,0,2,51,2,55,0,0,0,55
03/03/2019,GLH,MS,ASO,CE,Federal Contract Tower,0,2,2,0,4,0,0,0,0,0,0,2,2,0,4,0,0,0,4
03/04/2019,GLH,MS,ASO,CE,Federal Contract Tower,0,4,7,4,15,0,0,0,0,0,0,4,7,4,15,12,68,80,95
03/05/2019,GLH,MS,ASO,CE,Federal Contract Tower,0,4,2,5,11,0,0,28,0,28,0,4,30,5,39,48,88,136,175
03/06/2019,GLH,MS,ASO,CE,Federal Contract Tower,0,4,3,4,11,0,0,114,0,114,0,4,117,4,125,2,44,46,171
03/07/2019,GLH,MS,ASO,CE,Federal Contract Tower,0,4,3,2,9,0,0,150,4,154,0,4,153,6,163,4,44,48,211
03/08/2019,GLH,MS,ASO,CE,Federal Contract Tower,0,3,6,1,10,0,0,2,1,3,0,3,8,2,13,0,0,0,13
03/09/2019,GLH,MS,ASO,CE,Federal Contract Tower,0,1,0,0,1,0,0,0,0,0,0,1,0,0,1,0,0,0,1
03/10/2019,GLH,MS,ASO,CE,Federal Contract Tower,0,2,3,2,7,0,0,23,0,23,0,2,26,2,30,2,2,4,34
03/11/2019,GLH,MS,ASO,CE,Federal Contract Tower,0,4,2,0,6,0,0,0,0,0,0,4,2,0,6,0,0,0,6
03/12/2019,GLH,MS,ASO,CE,Federal Contract Tower,0,4,5,7,16,0,0,60,1,61,0,4,65,8,77,4,88,92,169
03/13/2019,GLH,MS,ASO,CE,Federal Contract Tower,0,5,2,0,7,0,0,3,0,3,0,5,5,0,10,0,0,0,10
03/14/2019,GLH,MS,ASO,CE,Federal Contract Tower,0,4,2,0,6,0,0,2,0,2,0,4,4,0,8,2,0,2,10
03/15/2019,GLH,MS,ASO,CE,Federal Contract Tower,0,4,1,0,5,0,0,37,0,37,0,4,38,0,42,0,0,0,42
03/16/2019,GLH,MS,ASO,CE,Federal Contract Tower,0,2,4,0,6,0,0,46,0,46,0,2,50,0,52,6,0,6,58
03/17/2019,GLH,MS,ASO,CE,Federal Contract Tower,0,2,4,0,6,0,0,8,0,8,0,2,12,0,14,0,0,0,14
03/18/2019,GLH,MS,ASO,CE,Federal Contract Tower,0,4,4,0,8,0,0,46,0,46,0,4,50,0,54,8,0,8,62
03/19/2019,GLH,MS,ASO,CE,Federal Contract Tower,0,4,5,3,12,0,0,355,0,355,0,4,360,3,367,12,0,12,379
03/20/2019,GLH,MS,ASO,CE,Federal Contract Tower,0,2,7,0,9,0,0,60,0,60,0,2,67,0,69,8,0,8,77
03/21/2019,GLH,MS,ASO,CE,Federal Contract Tower,0,4,2,0,6,0,2,89,0,91,0,6,91,0,97,16,0,16,113
03/22/2019,GLH,MS,ASO,CE,Federal Contract Tower,0,4,0,0,4,0,0,122,0,122,0,4,122,0,126,24,0,24,150
03/23/2019,GLH,MS,ASO,CE,Federal Contract Tower,0,2,2,2,6,0,0,66,0,66,0,2,68,2,72,4,2,6,78
03/24/2019,GLH,MS,ASO,CE,Federal Contract Tower,0,0,1,0,1,0,0,2,0,2,0,0,3,0,3,0,0,0,3
03/25/2019,GLH,MS,ASO,CE,Federal Contract Tower,0,7,3,6,16,0,0,14,0,14,0,7,17,6,30,0,96,96,126
03/26/2019,GLH,MS,ASO,CE,Federal Contract Tower,0,5,2,9,16,0,0,20,0,20,0,5,22,9,36,0,144,144,180
03/27/2019,GLH,MS,ASO,CE,Federal Contract Tower,0,4,5,0,9,0,0,227,0,227,0,4,232,0,236,0,76,76,312
03/28/2019,GLH,MS,ASO,CE,Federal Contract Tower,0,4,3,2,9,0,0,123,0,123,0,4,126,2,132,0,18,18,150
03/29/2019,GLH,MS,ASO,CE,Federal Contract Tower,0,4,2,0,6,0,0,54,0,54,0,4,56,0,60,0,0,0,60
03/30/2019,GLH,MS,ASO,CE,Federal Contract Tower,0,2,2,1,5,0,0,2,1,3,0,2,4,2,8,0,0,0,8
03/31/2019,GLH,MS,ASO,CE,Federal Contract Tower,0,2,0,0,2,0,0,14,0,14,0,2,14,0,16,0,0,0,16
04/01/2019,GLH,MS,ASO,CE,Federal Contract Tower,0,4,5,2,11,0,0,3,1,4,0,4,8,3,15,0,2,2,17
04/02/2019,GLH,MS,ASO,CE,Federal Contract Tower,0,4,4,0,8,0,0,48,0,48,0,4,52,0,56,8,0,8,64
04/03/2019,GLH,MS,ASO,CE,Federal Contract Tower,0,4,3,0,7,0,0,25,0,25,0,4,28,0,32,0,0,0,32
04/04/2019,GLH,MS,ASO,CE,Federal Contract Tower,0,3,1,0,4,0,0,0,0,0,0,3,1,0,4,0,0,0,4
04/05/2019,GLH,MS,ASO,CE,Federal Contract Tower,0,5,7,0,12,0,0,18,0,18,0,5,25,0,30,0,0,0,30
04/06/2019,GLH,MS,ASO,CE,Federal Contract Tower,0,0,0,0,0,0,0,0,0,0,0,0,0,0,0,0,0,0,0
04/07/2019,GLH,MS,ASO,CE,Federal Contract Tower,0,0,6,2,8,0,0,0,0,0,0,0,6,2,8,0,0,0,8
04/08/2019,GLH,MS,ASO,CE,Federal Contract Tower,0,2,3,0,5,0,0,2,0,2,0,2,5,0,7,0,0,0,7
04/09/2019,GLH,MS,ASO,CE,Federal Contract Tower,0,4,3,3,10,0,0,31,4,35,0,4,34,7,45,4,80,84,129
04/10/2019,GLH,MS,ASO,CE,Federal Contract Tower,0,4,7,5,16,0,0,34,1,35,0,4,41,6,51,0,36,36,87
04/11/2019,GLH,MS,ASO,CE,Federal Contract Tower,0,4,3,2,9,0,0,6,0,6,0,4,9,2,15,0,40,40,55
04/12/2019,GLH,MS,ASO,CE,Federal Contract Tower,0,4,1,3,8,0,0,171,0,171,0,4,172,3,179,2,44,46,225
04/13/2019,GLH,MS,ASO,CE,Federal Contract Tower,0,1,1,0,2,0,0,0,0,0,0,1,1,0,2,0,0,0,2
04/14/2019,GLH,MS,ASO,CE,Federal Contract Tower,0,4,2,0,6,0,0,0,0,0,0,4,2,0,6,0,0,0,6
04/15/2019,GLH,MS,ASO,CE,Federal Contract Tower,0,4,0,0,4,0,0,24,0,24,0,4,24,0,28,0,0,0,28
04/16/2019,GLH,MS,ASO,CE,Federal Contract Tower,0,4,3,10,17,0,0,50,0,50,0,4,53,10,67,14,110,124,191
04/17/2019,GLH,MS,ASO,CE,Federal Contract Tower,0,3,3,6,12,0,0,10,0,10,0,3,13,6,22,0,64,64,86
04/18/2019,GLH,MS,ASO,CE,Federal Contract Tower,0,1,0,0,1,0,0,0,0,0,0,1,0,0,1,0,0,0,1
04/19/2019,GLH,MS,ASO,CE,Federal Contract Tower,0,4,5,0,9,0,0,5,0,5,0,4,10,0,14,0,0,0,14
04/20/2019,GLH,MS,ASO,CE,Federal Contract Tower,0,0,2,0,2,0,0,0,2,2,0,0,2,2,4,0,0,0,4
04/21/2019,GLH,MS,ASO,CE,Federal Contract Tower,0,4,7,0,11,0,0,0,0,0,0,4,7,0,11,0,0,0,11
04/22/2019,GLH,MS,ASO,CE,Federal Contract Tower,0,4,1,4,9,0,0,66,0,66,0,4,67,4,75,2,0,2,77
04/23/2019,GLH,MS,ASO,CE,Federal Contract Tower,0,5,4,5,14,0,0,196,0,196,0,5,200,5,210,0,68,68,278
04/24/2019,GLH,MS,ASO,CE,Federal Contract Tower,0,5,0,4,9,0,0,166,0,166,0,5,166,4,175,0,50,50,225
04/25/2019,GLH,MS,ASO,CE,Federal Contract Tower,0,3,1,1,5,0,1,2,1,4,0,4,3,2,9,0,28,28,37
04/26/2019,GLH,MS,ASO,CE,Federal Contract Tower,0,5,5,0,10,0,0,22,0,22,0,5,27,0,32,0,0,0,32
04/27/2019,GLH,MS,ASO,CE,Federal Contract Tower,0,1,4,0,5,0,0,129,0,129,0,1,133,0,134,2,0,2,136
04/28/2019,GLH,MS,ASO,CE,Federal Contract Tower,0,4,1,0,5,0,0,196,0,196,0,4,197,0,201,0,0,0,201
04/29/2019,GLH,MS,ASO,CE,Federal Contract Tower,0,4,2,0,6,0,0,74,0,74,0,4,76,0,80,2,0,2,82
04/30/2019,GLH,MS,ASO,CE,Federal Contract Tower,0,4,1,0,5,0,0,97,0,97,0,4,98,0,102,2,0,2,104
05/01/2019,GLH,MS,ASO,CE,Federal Contract Tower,0,4,3,0,7,0,0,160,0,160,0,4,163,0,167,0,0,0,167
05/02/2019,GLH,MS,ASO,CE,Federal Contract Tower,0,4,3,0,7,0,0,148,0,148,0,4,151,0,155,14,0,14,169
05/03/2019,GLH,MS,ASO,CE,Federal Contract Tower,4,0,0,0,4,0,0,55,0,55,4,0,55,0,59,0,0,0,59
05/04/2019,GLH,MS,ASO,CE,Federal Contract Tower,0,1,3,0,4,0,0,0,0,0,0,1,3,0,4,0,0,0,4
05/05/2019,GLH,MS,ASO,CE,Federal Contract Tower,0,2,8,1,11,0,0,50,0,50,0,2,58,1,61,0,2,2,63
05/06/2019,GLH,MS,ASO,CE,Federal Contract Tower,0,3,7,0,10,0,0,79,0,79,0,3,86,0,89,8,0,8,97
05/07/2019,GLH,MS,ASO,CE,Federal Contract Tower,0,4,0,2,6,0,0,44,0,44,0,4,44,2,50,14,18,32,82
05/08/2019,GLH,MS,ASO,CE,Federal Contract Tower,0,0,0,0,0,0,0,114,0,114,0,0,114,0,114,4,0,4,118
05/09/2019,GLH,MS,ASO,CE,Federal Contract Tower,0,4,3,0,7,0,0,2,0,2,0,4,5,0,9,0,0,0,9
05/10/2019,GLH,MS,ASO,CE,Federal Contract Tower,0,4,0,0,4,0,0,0,0,0,0,4,0,0,4,0,0,0,4
05/11/2019,GLH,MS,ASO,CE,Federal Contract Tower,0,1,0,0,1,0,0,0,0,0,0,1,0,0,1,0,0,0,1
05/12/2019,GLH,MS,ASO,CE,Federal Contract Tower,0,2,5,0,7,0,0,2,0,2,0,2,7,0,9,0,0,0,9
05/13/2019,GLH,MS,ASO,CE,Federal Contract Tower,0,4,0,2,6,0,0,28,0,28,0,4,28,2,34,0,8,8,42
05/14/2019,GLH,MS,ASO,CE,Federal Contract Tower,0,6,7,0,13,0,0,58,0,58,0,6,65,0,71,6,0,6,77
05/15/2019,GLH,MS,ASO,CE,Federal Contract Tower,0,4,3,1,8,0,0,104,2,106,0,4,107,3,114,8,4,12,126
05/16/2019,GLH,MS,ASO,CE,Federal Contract Tower,0,4,4,0,8,0,0,167,0,167,0,4,171,0,175,2,0,2,177
05/17/2019,GLH,MS,ASO,CE,Federal Contract Tower,0,4,2,4,10,0,0,119,4,123,0,4,121,8,133,0,4,4,137
05/18/2019,GLH,MS,ASO,CE,Federal Contract Tower,0,1,4,5,10,0,0,160,0,160,0,1,164,5,170,6,8,14,184
05/19/2019,GLH,MS,ASO,CE,Federal Contract Tower,0,2,3,2,7,0,2,19,0,21,0,4,22,2,28,0,0,0,28
05/20/2019,GLH,MS,ASO,CE,Federal Contract Tower,0,4,5,0,9,0,0,18,0,18,0,4,23,0,27,6,0,6,33
05/21/2019,GLH,MS,ASO,CE,Federal Contract Tower,0,4,0,0,4,0,0,10,0,10,0,4,10,0,14,0,0,0,14
05/22/2019,GLH,MS,ASO,CE,Federal Contract Tower,0,4,3,2,9,0,0,52,0,52,0,4,55,2,61,0,46,46,107
05/23/2019,GLH,MS,ASO,CE,Federal Contract Tower,0,4,4,0,8,0,0,175,0,175,0,4,179,0,183,2,0,2,185
05/24/2019,GLH,MS,ASO,CE,Federal Contract Tower,0,4,4,0,8,0,1,157,0,158,0,5,161,0,166,2,0,2,168
05/25/2019,GLH,MS,ASO,CE,Federal Contract Tower,0,0,4,0,4,0,0,70,2,72,0,0,74,2,76,0,4,4,80
05/26/2019,GLH,MS,ASO,CE,Federal Contract Tower,0,4,1,0,5,0,0,17,0,17,0,4,18,0,22,0,0,0,22
05/27/2019,GLH,MS,ASO,CE,Federal Contract Tower,0,4,3,0,7,0,0,54,0,54,0,4,57,0,61,14,0,14,75
05/28/2019,GLH,MS,ASO,CE,Federal Contract Tower,0,5,0,2,7,0,0,73,0,73,0,5,73,2,80,0,50,50,130
05/29/2019,GLH,MS,ASO,CE,Federal Contract Tower,0,3,0,0,3,0,0,82,0,82,0,3,82,0,85,6,0,6,91
05/30/2019,GLH,MS,ASO,CE,Federal Contract Tower,0,3,1,4,8,0,4,115,0,119,0,7,116,4,127,0,57,57,184
05/31/2019,GLH,MS,ASO,CE,Federal Contract Tower,0,4,8,4,16,0,0,92,0,92,0,4,100,4,108,2,124,126,234
06/01/2019,GLH,MS,ASO,CE,Federal Contract Tower,0,1,4,0,5,0,0,36,0,36,0,1,40,0,41,0,0,0,41
06/02/2019,GLH,MS,ASO,CE,Federal Contract Tower,0,4,4,2,10,0,0,14,2,16,0,4,18,4,26,0,4,4,30
06/03/2019,GLH,MS,ASO,CE,Federal Contract Tower,0,4,3,0,7,0,0,155,0,155,0,4,158,0,162,0,0,0,162
06/04/2019,GLH,MS,ASO,CE,Federal Contract Tower,0,5,0,2,7,0,0,610,0,610,0,5,610,2,617,6,52,58,675
06/05/2019,GLH,MS,ASO,CE,Federal Contract Tower,0,5,1,1,7,0,0,54,1,55,0,5,55,2,62,0,0,0,62
06/06/2019,GLH,MS,ASO,CE,Federal Contract Tower,0,5,7,5,17,0,0,0,0,0,0,5,7,5,17,0,10,10,27
06/07/2019,GLH,MS,ASO,CE,Federal Contract Tower,0,3,8,0,11,0,0,23,0,23,0,3,31,0,34,0,0,0,34
06/08/2019,GLH,MS,ASO,CE,Federal Contract Tower,0,1,1,0,2,0,0,35,0,35,0,1,36,0,37,0,0,0,37
06/09/2019,GLH,MS,ASO,CE,Federal Contract Tower,0,3,7,0,10,0,0,13,0,13,0,3,20,0,23,6,0,6,29
06/10/2019,GLH,MS,ASO,CE,Federal Contract Tower,0,5,0,0,5,0,0,16,0,16,0,5,16,0,21,6,0,6,27
06/11/2019,GLH,MS,ASO,CE,Federal Contract Tower,0,5,4,4,13,0,22,16,6,44,0,27,20,10,57,4,22,26,83
06/12/2019,GLH,MS,ASO,CE,Federal Contract Tower,0,3,4,5,12,0,4,62,0,66,0,7,66,5,78,16,56,72,150
06/13/2019,GLH,MS,ASO,CE,Federal Contract Tower,0,4,2,2,8,0,1,78,0,79,0,5,80,2,87,2,26,28,115
06/14/2019,GLH,MS,ASO,CE,Federal Contract Tower,0,4,0,4,8,0,0,39,0,39,0,4,39,4,47,2,8,10,57
06/15/2019,GLH,MS,ASO,CE,Federal Contract Tower,0,1,2,0,3,0,0,22,0,22,0,1,24,0,25,0,0,0,25
06/16/2019,GLH,MS,ASO,CE,Federal Contract Tower,0,4,5,3,12,0,0,12,0,12,0,4,17,3,24,0,4,4,28
06/17/2019,GLH,MS,ASO,CE,Federal Contract Tower,0,3,2,0,5,0,0,13,0,13,0,3,15,0,18,6,0,6,24
06/18/2019,GLH,MS,ASO,CE,Federal Contract Tower,0,3,5,0,8,0,0,28,1,29,0,3,33,1,37,8,0,8,45
06/19/2019,GLH,MS,ASO,CE,Federal Contract Tower,0,4,4,0,8,0,0,58,0,58,0,4,62,0,66,4,0,4,70
06/20/2019,GLH,MS,ASO,CE,Federal Contract Tower,0,0,0,0,0,0,4,7,0,11,0,4,7,0,11,0,0,0,11
06/21/2019,GLH,MS,ASO,CE,Federal Contract Tower,0,2,1,0,3,0,2,4,0,6,0,4,5,0,9,0,0,0,9
06/22/2019,GLH,MS,ASO,CE,Federal Contract Tower,0,1,0,0,1,0,0,120,0,120,0,1,120,0,121,0,0,0,121
06/23/2019,GLH,MS,ASO,CE,Federal Contract Tower,0,0,9,0,9,0,0,20,0,20,0,0,29,0,29,0,0,0,29
06/24/2019,GLH,MS,ASO,CE,Federal Contract Tower,0,6,1,4,11,0,0,24,4,28,0,6,25,8,39,8,92,100,139
06/25/2019,GLH,MS,ASO,CE,Federal Contract Tower,0,4,3,2,9,0,0,45,0,45,0,4,48,2,54,6,14,20,74
06/26/2019,GLH,MS,ASO,CE,Federal Contract Tower,0,3,6,6,15,0,0,58,0,58,0,3,64,6,73,2,28,30,103
06/27/2019,GLH,MS,ASO,CE,Federal Contract Tower,0,4,5,0,9,0,1,31,10,42,0,5,36,10,51,4,0,4,55
06/28/2019,GLH,MS,ASO,CE,Federal Contract Tower,0,3,2,0,5,0,0,22,0,22,0,3,24,0,27,0,0,0,27
06/29/2019,GLH,MS,ASO,CE,Federal Contract Tower,0,1,2,0,3,0,0,56,0,56,0,1,58,0,59,0,0,0,59
06/30/2019,GLH,MS,ASO,CE,Federal Contract Tower,0,0,1,0,1,0,0,8,4,12,0,0,9,4,13,0,16,16,29
07/01/2019,GLH,MS,ASO,CE,Federal Contract Tower,0,2,3,2,7,0,0,24,0,24,0,2,27,2,31,0,30,30,61
07/02/2019,GLH,MS,ASO,CE,Federal Contract Tower,0,4,0,0,4,0,1,28,0,29,0,5,28,0,33,0,0,0,33
07/03/2019,GLH,MS,ASO,CE,Federal Contract Tower,0,5,1,0,6,0,0,40,1,41,0,5,41,1,47,2,30,32,79
07/04/2019,GLH,MS,ASO,CE,Federal Contract Tower,0,4,2,0,6,0,0,8,0,8,0,4,10,0,14,0,0,0,14
07/05/2019,GLH,MS,ASO,CE,Federal Contract Tower,0,2,1,0,3,0,2,10,0,12,0,4,11,0,15,0,0,0,15
07/06/2019,GLH,MS,ASO,CE,Federal Contract Tower,0,1,4,0,5,0,0,4,0,4,0,1,8,0,9,0,0,0,9
07/07/2019,GLH,MS,ASO,CE,Federal Contract Tower,0,4,5,0,9,0,0,16,0,16,0,4,21,0,25,0,0,0,25
07/08/2019,GLH,MS,ASO,CE,Federal Contract Tower,0,7,5,4,16,0,0,35,0,35,0,7,40,4,51,0,48,48,99
07/09/2019,GLH,MS,ASO,CE,Federal Contract Tower,0,5,4,1,10,0,0,43,0,43,0,5,47,1,53,0,8,8,61
07/10/2019,GLH,MS,ASO,CE,Federal Contract Tower,0,5,0,0,5,0,0,53,0,53,0,5,53,0,58,0,0,0,58
07/11/2019,GLH,MS,ASO,CE,Federal Contract Tower,0,4,10,2,16,0,0,34,0,34,0,4,44,2,50,14,38,52,102
07/12/2019,GLH,MS,ASO,CE,Federal Contract Tower,0,5,5,6,16,0,0,41,1,42,0,5,46,7,58,0,80,80,138
07/13/2019,GLH,MS,ASO,CE,Federal Contract Tower,0,2,3,0,5,0,0,20,0,20,0,2,23,0,25,0,0,0,25
07/14/2019,GLH,MS,ASO,CE,Federal Contract Tower,0,0,0,0,0,0,0,0,0,0,0,0,0,0,0,0,0,0,0
07/15/2019,GLH,MS,ASO,CE,Federal Contract Tower,0,3,2,0,5,0,0,0,0,0,0,3,2,0,5,0,0,0,5
07/16/2019,GLH,MS,ASO,CE,Federal Contract Tower,0,3,2,0,5,0,0,12,0,12,0,3,14,0,17,0,0,0,17
07/17/2019,GLH,MS,ASO,CE,Federal Contract Tower,0,4,4,2,10,0,1,16,2,19,0,5,20,4,29,0,24,24,53
07/18/2019,GLH,MS,ASO,CE,Federal Contract Tower,0,4,2,5,11,0,1,49,1,51,0,5,51,6,62,6,42,48,110
07/19/2019,GLH,MS,ASO,CE,Federal Contract Tower,0,3,3,5,11,0,0,77,1,78,0,3,80,6,89,8,6,14,103
07/20/2019,GLH,MS,ASO,CE,Federal Contract Tower,0,1,2,0,3,0,0,138,0,138,0,1,140,0,141,8,0,8,149
07/21/2019,GLH,MS,ASO,CE,Federal Contract Tower,0,4,2,2,8,0,0,6,0,6,0,4,8,2,14,0,0,0,14
07/22/2019,GLH,MS,ASO,CE,Federal Contract Tower,0,5,0,1,6,0,2,13,0,15,0,7,13,1,21,0,2,2,23
07/23/2019,GLH,MS,ASO,CE,Federal Contract Tower,0,5,1,1,7,0,0,21,0,21,0,5,22,1,28,0,2,2,30
07/24/2019,GLH,MS,ASO,CE,Federal Contract Tower,0,5,3,5,13,0,0,172,0,172,0,5,175,5,185,18,24,42,227
07/25/2019,GLH,MS,ASO,CE,Federal Contract Tower,0,5,5,0,10,0,0,89,0,89,0,5,94,0,99,14,0,14,113
07/26/2019,GLH,MS,ASO,CE,Federal Contract Tower,0,5,7,5,17,0,0,34,0,34,0,5,41,5,51,4,14,18,69
07/27/2019,GLH,MS,ASO,CE,Federal Contract Tower,0,1,2,0,3,0,0,30,0,30,0,1,32,0,33,0,0,0,33
07/28/2019,GLH,MS,ASO,CE,Federal Contract Tower,0,4,3,0,7,0,0,20,0,20,0,4,23,0,27,0,0,0,27
07/29/2019,GLH,MS,ASO,CE,Federal Contract Tower,0,5,4,0,9,0,0,10,0,10,0,5,14,0,19,0,0,0,19
07/30/2019,GLH,MS,ASO,CE,Federal Contract Tower,0,4,3,2,9,0,0,16,0,16,0,4,19,2,25,0,16,16,41
07/31/2019,GLH,MS,ASO,CE,Federal Contract Tower,0,3,0,0,3,0,0,19,0,19,0,3,19,0,22,0,0,0,22
08/01/2019,GLH,MS,ASO,CE,Federal Contract Tower,0,5,2,6,13,0,0,94,0,94,0,5,96,6,107,10,42,52,159
08/02/2019,GLH,MS,ASO,CE,Federal Contract Tower,0,5,5,2,12,0,0,103,0,103,0,5,108,2,115,6,2,8,123
08/03/2019,GLH,MS,ASO,CE,Federal Contract Tower,0,3,1,2,6,0,1,70,0,71,0,4,71,2,77,0,12,12,89
08/05/2019,GLH,MS,ASO,CE,Federal Contract Tower,0,2,0,2,4,0,0,20,0,20,0,2,20,2,24,4,40,44,68
08/06/2019,GLH,MS,ASO,CE,Federal Contract Tower,0,5,0,0,5,0,0,56,0,56,0,5,56,0,61,0,0,0,61
08/07/2019,GLH,MS,ASO,CE,Federal Contract Tower,0,5,2,0,7,0,0,58,0,58,0,5,60,0,65,6,0,6,71
08/08/2019,GLH,MS,ASO,CE,Federal Contract Tower,0,2,0,2,4,0,0,49,0,49,0,2,49,2,53,0,4,4,57
08/09/2019,GLH,MS,ASO,CE,Federal Contract Tower,0,5,9,0,14,0,0,16,0,16,0,5,25,0,30,0,0,0,30
08/10/2019,GLH,MS,ASO,CE,Federal Contract Tower,0,5,3,0,8,0,0,1,0,1,0,5,4,0,9,0,0,0,9
08/11/2019,GLH,MS,ASO,CE,Federal Contract Tower,0,4,2,0,6,0,1,18,0,19,0,5,20,0,25,2,0,2,27
08/12/2019,GLH,MS,ASO,CE,Federal Contract Tower,0,5,2,0,7,0,0,9,0,9,0,5,11,0,16,0,0,0,16
08/13/2019,GLH,MS,ASO,CE,Federal Contract Tower,0,5,2,0,7,0,0,32,0,32,0,5,34,0,39,20,0,20,59
08/14/2019,GLH,MS,ASO,CE,Federal Contract Tower,0,3,6,3,12,0,1,40,0,41,0,4,46,3,53,8,40,48,101
08/15/2019,GLH,MS,ASO,CE,Federal Contract Tower,0,6,5,11,22,0,0,30,1,31,0,6,35,12,53,6,60,66,119
08/16/2019,GLH,MS,ASO,CE,Federal Contract Tower,0,5,2,2,9,0,0,26,0,26,0,5,28,2,35,0,40,40,75
08/17/2019,GLH,MS,ASO,CE,Federal Contract Tower,0,5,1,0,6,0,0,18,0,18,0,5,19,0,24,0,0,0,24
08/18/2019,GLH,MS,ASO,CE,Federal Contract Tower,0,5,1,0,6,0,0,7,0,7,0,5,8,0,13,0,0,0,13
08/19/2019,GLH,MS,ASO,CE,Federal Contract Tower,0,6,8,0,14,0,0,24,16,40,0,6,32,16,54,14,0,14,68
08/20/2019,GLH,MS,ASO,CE,Federal Contract Tower,0,5,0,6,11,0,0,28,0,28,0,5,28,6,39,24,168,192,231
08/21/2019,GLH,MS,ASO,CE,Federal Contract Tower,0,1,3,12,16,0,0,26,1,27,0,1,29,13,43,0,222,222,265
08/22/2019,GLH,MS,ASO,CE,Federal Contract Tower,0,3,1,0,4,0,1,8,0,9,0,4,9,0,13,0,0,0,13
08/23/2019,GLH,MS,ASO,CE,Federal Contract Tower,0,3,3,3,9,0,0,16,0,16,0,3,19,3,25,4,6,10,35
08/24/2019,GLH,MS,ASO,CE,Federal Contract Tower,0,4,1,1,6,0,0,3,1,4,0,4,4,2,10,0,0,0,10
08/25/2019,GLH,MS,ASO,CE,Federal Contract Tower,0,4,3,0,7,0,0,18,0,18,0,4,21,0,25,0,0,0,25
08/26/2019,GLH,MS,ASO,CE,Federal Contract Tower,0,2,0,3,5,0,0,1,0,1,0,2,1,3,6,0,92,92,98
08/27/2019,GLH,MS,ASO,CE,Federal Contract Tower,0,3,4,8,15,0,2,14,0,16,0,5,18,8,31,0,72,72,103
08/28/2019,GLH,MS,ASO,CE,Federal Contract Tower,0,5,6,0,11,0,4,24,0,28,0,9,30,0,39,0,0,0,39
08/29/2019,GLH,MS,ASO,CE,Federal Contract Tower,0,5,0,3,8,0,0,38,3,41,0,5,38,6,49,0,52,52,101
08/30/2019,GLH,MS,ASO,CE,Federal Contract Tower,0,4,5,0,9,0,0,26,0,26,0,4,31,0,35,4,0,4,39
08/31/2019,GLH,MS,ASO,CE,Federal Contract Tower,0,4,3,1,8,0,1,36,0,37,0,5,39,1,45,0,0,0,45
09/01/2019,GLH,MS,ASO,CE,Federal Contract Tower,0,1,0,0,1,0,0,6,0,6,0,1,6,0,7,0,0,0,7
09/02/2019,GLH,MS,ASO,CE,Federal Contract Tower,0,6,6,0,12,0,0,36,0,36,0,6,42,0,48,10,0,10,58
09/03/2019,GLH,MS,ASO,CE,Federal Contract Tower,0,5,2,0,7,0,0,20,0,20,0,5,22,0,27,0,28,28,55
09/04/2019,GLH,MS,ASO,CE,Federal Contract Tower,0,6,0,0,6,0,0,111,0,111,0,6,111,0,117,8,0,8,125
09/05/2019,GLH,MS,ASO,CE,Federal Contract Tower,0,5,1,4,10,0,0,45,0,45,0,5,46,4,55,4,60,64,119
09/06/2019,GLH,MS,ASO,CE,Federal Contract Tower,0,5,3,2,10,0,0,58,0,58,0,5,61,2,68,12,26,38,106
09/07/2019,GLH,MS,ASO,CE,Federal Contract Tower,0,4,2,0,6,0,1,38,0,39,0,5,40,0,45,2,0,2,47
09/08/2019,GLH,MS,ASO,CE,Federal Contract Tower,0,5,6,0,11,0,0,21,0,21,0,5,27,0,32,2,0,2,34
09/09/2019,GLH,MS,ASO,CE,Federal Contract Tower,0,0,5,0,5,0,0,26,0,26,0,0,31,0,31,16,0,16,47
09/10/2019,GLH,MS,ASO,CE,Federal Contract Tower,0,2,3,0,5,0,0,28,0,28,0,2,31,0,33,0,16,16,49
09/11/2019,GLH,MS,ASO,CE,Federal Contract Tower,0,1,6,5,12,0,1,42,0,43,0,2,48,5,55,0,28,28,83
09/12/2019,GLH,MS,ASO,CE,Federal Contract Tower,0,4,4,5,13,0,1,37,0,38,0,5,41,5,51,0,64,64,115
09/13/2019,GLH,MS,ASO,CE,Federal Contract Tower,0,1,7,2,10,0,0,30,0,30,0,1,37,2,40,0,2,2,42
09/14/2019,GLH,MS,ASO,CE,Federal Contract Tower,0,0,0,0,0,0,0,0,0,0,0,0,0,0,0,2,0,2,2
09/15/2019,GLH,MS,ASO,CE,Federal Contract Tower,0,1,0,0,1,0,0,26,0,26,0,1,26,0,27,0,0,0,27
09/16/2019,GLH,MS,ASO,CE,Federal Contract Tower,0,4,3,0,7,0,0,32,0,32,0,4,35,0,39,8,0,8,47
09/17/2019,GLH,MS,ASO,CE,Federal Contract Tower,0,6,2,2,10,0,0,32,0,32,0,6,34,2,42,0,0,0,42
09/18/2019,GLH,MS,ASO,CE,Federal Contract Tower,0,0,1,0,1,0,0,17,0,17,0,0,18,0,18,4,0,4,22
09/19/2019,GLH,MS,ASO,CE,Federal Contract Tower,0,3,0,1,4,0,0,37,2,39,0,3,37,3,43,10,4,14,57
09/20/2019,GLH,MS,ASO,CE,Federal Contract Tower,0,5,3,0,8,0,0,23,0,23,0,5,26,0,31,4,0,4,35
09/21/2019,GLH,MS,ASO,CE,Federal Contract Tower,2,5,2,0,9,0,0,153,0,153,2,5,155,0,162,0,0,0,162
09/22/2019,GLH,MS,ASO,CE,Federal Contract Tower,0,4,5,0,9,0,0,18,0,18,0,4,23,0,27,2,0,2,29
09/23/2019,GLH,MS,ASO,CE,Federal Contract Tower,0,4,3,0,7,0,0,31,0,31,0,4,34,0,38,6,0,6,44
09/24/2019,GLH,MS,ASO,CE,Federal Contract Tower,0,5,0,0,5,0,0,20,0,20,0,5,20,0,25,2,0,2,27
09/25/2019,GLH,MS,ASO,CE,Federal Contract Tower,0,7,7,4,18,0,0,113,0,113,0,7,120,4,131,0,0,0,131
09/26/2019,GLH,MS,ASO,CE,Federal Contract Tower,0,5,5,7,17,0,0,39,0,39,0,5,44,7,56,0,50,50,106
09/27/2019,GLH,MS,ASO,CE,Federal Contract Tower,0,5,3,0,8,0,0,76,0,76,0,5,79,0,84,40,0,40,124
09/28/2019,GLH,MS,ASO,CE,Federal Contract Tower,0,5,3,0,8,0,0,105,0,105,0,5,108,0,113,44,0,44,157
09/29/2019,GLH,MS,ASO,CE,Federal Contract Tower,0,5,4,0,9,0,0,12,0,12,0,5,16,0,21,0,0,0,21
09/30/2019,GLH,MS,ASO,CE,Federal Contract Tower,0,5,1,0,6,0,0,111,0,111,0,5,112,0,117,6,0,6,123
10/01/2019,GLH,MS,ASO,CE,Federal Contract Tower,0,4,5,5,14,0,0,44,0,44,0,4,49,5,58,26,48,74,132
10/02/2019,GLH,MS,ASO,CE,Federal Contract Tower,0,6,1,0,7,0,0,17,0,17,0,6,18,0,24,22,0,22,46
10/03/2019,GLH,MS,ASO,CE,Federal Contract Tower,0,6,0,0,6,0,1,9,0,10,0,7,9,0,16,0,0,0,16
10/04/2019,GLH,MS,ASO,CE,Federal Contract Tower,0,2,7,4,13,0,0,42,0,42,0,2,49,4,55,4,66,70,125
10/05/2019,GLH,MS,ASO,CE,Federal Contract Tower,0,5,3,0,8,0,0,72,0,72,0,5,75,0,80,10,0,10,90
10/06/2019,GLH,MS,ASO,CE,Federal Contract Tower,0,4,8,0,12,0,0,92,0,92,0,4,100,0,104,6,0,6,110
10/07/2019,GLH,MS,ASO,CE,Federal Contract Tower,0,6,5,3,14,0,0,5,0,5,0,6,10,3,19,12,0,12,31
10/08/2019,GLH,MS,ASO,CE,Federal Contract Tower,0,5,6,0,11,0,0,22,0,22,0,5,28,0,33,0,0,0,33
10/09/2019,GLH,MS,ASO,CE,Federal Contract Tower,0,5,5,9,19,0,0,92,0,92,0,5,97,9,111,4,38,42,153
10/10/2019,GLH,MS,ASO,CE,Federal Contract Tower,0,0,5,3,8,0,0,36,1,37,0,0,41,4,45,4,52,56,101
10/11/2019,GLH,MS,ASO,CE,Federal Contract Tower,0,2,7,0,9,0,0,6,0,6,0,2,13,0,15,0,0,0,15
10/12/2019,GLH,MS,ASO,CE,Federal Contract Tower,0,4,1,0,5,0,1,12,0,13,0,5,13,0,18,2,0,2,20
10/13/2019,GLH,MS,ASO,CE,Federal Contract Tower,0,3,2,0,5,0,0,9,0,9,0,3,11,0,14,0,0,0,14
10/14/2019,GLH,MS,ASO,CE,Federal Contract Tower,0,3,2,0,5,0,0,22,0,22,0,3,24,0,27,4,0,4,31
10/15/2019,GLH,MS,ASO,CE,Federal Contract Tower,0,2,2,0,4,0,0,0,0,0,0,2,2,0,4,0,0,0,4
10/16/2019,GLH,MS,ASO,CE,Federal Contract Tower,0,4,3,4,11,0,1,30,2,33,0,5,33,6,44,4,10,14,58
10/17/2019,GLH,MS,ASO,CE,Federal Contract Tower,0,5,6,0,11,0,0,29,0,29,0,5,35,0,40,4,0,4,44
10/18/2019,GLH,MS,ASO,CE,Federal Contract Tower,0,6,10,1,17,0,0,22,5,27,0,6,32,6,44,16,2,18,62
10/19/2019,GLH,MS,ASO,CE,Federal Contract Tower,0,3,5,4,12,0,0,58,0,58,0,3,63,4,70,14,8,22,92
10/20/2019,GLH,MS,ASO,CE,Federal Contract Tower,0,4,3,2,9,0,0,10,0,10,0,4,13,2,19,2,2,4,23
10/21/2019,GLH,MS,ASO,CE,Federal Contract Tower,0,3,3,0,6,0,0,0,0,0,0,3,3,0,6,0,0,0,6
10/22/2019,GLH,MS,ASO,CE,Federal Contract Tower,0,5,0,2,7,0,0,4,0,4,0,5,4,2,11,46,0,46,57
10/23/2019,GLH,MS,ASO,CE,Federal Contract Tower,0,5,6,4,15,0,0,43,1,44,0,5,49,5,59,0,28,28,87
10/24/2019,GLH,MS,ASO,CE,Federal Contract Tower,0,4,1,7,12,0,0,36,0,36,0,4,37,7,48,4,60,64,112
10/25/2019,GLH,MS,ASO,CE,Federal Contract Tower,0,3,3,0,6,0,0,0,0,0,0,3,3,0,6,0,0,0,6
10/26/2019,GLH,MS,ASO,CE,Federal Contract Tower,0,2,2,0,4,0,0,0,0,0,0,2,2,0,4,0,0,0,4
10/27/2019,GLH,MS,ASO,CE,Federal Contract Tower,0,5,1,0,6,0,0,15,0,15,0,5,16,0,21,0,0,0,21
10/28/2019,GLH,MS,ASO,CE,Federal Contract Tower,0,4,3,0,7,0,0,12,0,12,0,4,15,0,19,0,0,0,19
10/29/2019,GLH,MS,ASO,CE,Federal Contract Tower,0,3,4,0,7,0,0,14,0,14,0,3,18,0,21,2,0,2,23
10/30/2019,GLH,MS,ASO,CE,Federal Contract Tower,0,0,0,0,0,0,0,0,0,0,0,0,0,0,0,0,0,0,0
10/31/2019,GLH,MS,ASO,CE,Federal Contract Tower,0,3,2,0,5,0,0,6,2,8,0,3,8,2,13,4,16,20,33
11/01/2019,GLH,MS,ASO,CE,Federal Contract Tower,0,4,1,1,6,0,0,9,6,15,0,4,10,7,21,0,0,0,21
11/02/2019,GLH,MS,ASO,CE,Federal Contract Tower,0,5,1,0,6,0,0,20,0,20,0,5,21,0,26,2,0,2,28
11/03/2019,GLH,MS,ASO,CE,Federal Contract Tower,0,4,1,3,8,0,0,16,1,17,0,4,17,4,25,14,6,20,45
11/04/2019,GLH,MS,ASO,CE,Federal Contract Tower,0,5,2,4,11,0,26,0,0,26,0,31,2,4,37,2,52,54,91
11/05/2019,GLH,MS,ASO,CE,Federal Contract Tower,0,5,0,6,11,0,0,19,0,19,0,5,19,6,30,2,118,120,150
11/06/2019,GLH,MS,ASO,CE,Federal Contract Tower,0,4,3,2,9,0,0,19,0,19,0,4,22,2,28,6,56,62,90
11/07/2019,GLH,MS,ASO,CE,Federal Contract Tower,0,5,2,0,7,0,0,2,0,2,0,5,4,0,9,0,0,0,9
11/08/2019,GLH,MS,ASO,CE,Federal Contract Tower,0,4,7,1,12,0,0,15,2,17,0,4,22,3,29,2,2,4,33
11/09/2019,GLH,MS,ASO,CE,Federal Contract Tower,0,4,8,0,12,0,1,15,2,18,0,5,23,2,30,0,0,0,30
11/10/2019,GLH,MS,ASO,CE,Federal Contract Tower,0,5,3,0,8,0,0,18,0,18,0,5,21,0,26,12,0,12,38
11/11/2019,GLH,MS,ASO,CE,Federal Contract Tower,0,5,2,0,7,0,0,5,0,5,0,5,7,0,12,0,0,0,12
11/12/2019,GLH,MS,ASO,CE,Federal Contract Tower,0,4,1,0,5,0,0,13,0,13,0,4,14,0,18,0,0,0,18
11/13/2019,GLH,MS,ASO,CE,Federal Contract Tower,0,6,5,0,11,0,0,20,0,20,0,6,25,0,31,0,0,0,31
11/14/2019,GLH,MS,ASO,CE,Federal Contract Tower,0,5,3,0,8,0,0,13,6,19,0,5,16,6,27,12,16,28,55
11/15/2019,GLH,MS,ASO,CE,Federal Contract Tower,0,5,2,0,7,0,0,14,2,16,0,5,16,2,23,2,4,6,29
11/16/2019,GLH,MS,ASO,CE,Federal Contract Tower,0,4,1,0,5,0,0,13,0,13,0,4,14,0,18,0,0,0,18
11/17/2019,GLH,MS,ASO,CE,Federal Contract Tower,0,5,4,0,9,0,0,26,0,26,0,5,30,0,35,2,0,2,37
11/18/2019,GLH,MS,ASO,CE,Federal Contract Tower,0,5,0,0,5,0,0,21,0,21,0,5,21,0,26,0,10,10,36
11/19/2019,GLH,MS,ASO,CE,Federal Contract Tower,0,6,4,0,10,0,0,32,0,32,0,6,36,0,42,0,18,18,60
11/20/2019,GLH,MS,ASO,CE,Federal Contract Tower,0,5,3,2,10,0,0,46,0,46,0,5,49,2,56,0,0,0,56
11/21/2019,GLH,MS,ASO,CE,Federal Contract Tower,0,5,2,0,7,0,0,6,0,6,0,5,8,0,13,0,0,0,13
11/22/2019,GLH,MS,ASO,CE,Federal Contract Tower,0,3,3,0,6,0,0,0,0,0,0,3,3,0,6,0,0,0,6
11/23/2019,GLH,MS,ASO,CE,Federal Contract Tower,0,4,4,2,10,0,0,9,2,11,0,4,13,4,21,0,0,0,21
11/24/2019,GLH,MS,ASO,CE,Federal Contract Tower,0,5,1,0,6,0,0,4,0,4,0,5,5,0,10,0,0,0,10
11/25/2019,GLH,MS,ASO,CE,Federal Contract Tower,0,5,4,2,11,0,0,19,0,19,0,5,23,2,30,2,46,48,78
11/26/2019,GLH,MS,ASO,CE,Federal Contract Tower,0,1,2,0,3,0,0,4,0,4,0,1,6,0,7,0,0,0,7
11/27/2019,GLH,MS,ASO,CE,Federal Contract Tower,0,4,5,2,11,0,0,15,0,15,0,4,20,2,26,0,44,44,70
11/28/2019,GLH,MS,ASO,CE,Federal Contract Tower,0,3,3,0,6,0,0,8,0,8,0,3,11,0,14,0,0,0,14
11/29/2019,GLH,MS,ASO,CE,Federal Contract Tower,0,5,5,0,10,0,0,10,0,10,0,5,15,0,20,0,0,0,20
11/30/2019,GLH,MS,ASO,CE,Federal Contract Tower,0,3,4,0,7,0,0,0,0,0,0,3,4,0,7,0,0,0,7
12/01/2019,GLH,MS,ASO,CE,Federal Contract Tower,0,4,6,0,10,0,0,6,0,6,0,4,12,0,16,0,0,0,16
12/02/2019,GLH,MS,ASO,CE,Federal Contract Tower,0,6,9,0,15,0,0,31,2,33,0,6,40,2,48,4,26,30,78
12/03/2019,GLH,MS,ASO,CE,Federal Contract Tower,0,5,1,0,6,0,0,18,0,18,0,5,19,0,24,2,0,2,26
12/04/2019,GLH,MS,ASO,CE,Federal Contract Tower,0,5,0,2,7,0,0,24,0,24,0,5,24,2,31,8,36,44,75
12/05/2019,GLH,MS,ASO,CE,Federal Contract Tower,0,5,0,0,5,0,0,0,0,0,0,5,0,0,5,0,0,0,5
12/06/2019,GLH,MS,ASO,CE,Federal Contract Tower,0,5,3,7,15,0,0,6,10,16,0,5,9,17,31,0,0,0,31
12/07/2019,GLH,MS,ASO,CE,Federal Contract Tower,0,5,4,0,9,0,0,0,0,0,0,5,4,0,9,0,0,0,9
12/08/2019,GLH,MS,ASO,CE,Federal Contract Tower,0,4,4,0,8,0,0,8,0,8,0,4,12,0,16,0,0,0,16
12/09/2019,GLH,MS,ASO,CE,Federal Contract Tower,2,2,7,0,11,0,0,13,0,13,2,2,20,0,24,0,0,0,24
12/10/2019,GLH,MS,ASO,CE,Federal Contract Tower,0,5,5,0,10,0,0,0,0,0,0,5,5,0,10,0,0,0,10
12/11/2019,GLH,MS,ASO,CE,Federal Contract Tower,0,5,2,2,9,0,0,53,2,55,0,5,55,4,64,8,34,42,106
12/12/2019,GLH,MS,ASO,CE,Federal Contract Tower,0,5,8,3,16,0,0,52,3,55,0,5,60,6,71,12,50,62,133
12/13/2019,GLH,MS,ASO,CE,Federal Contract Tower,0,3,3,2,8,0,1,26,0,27,0,4,29,2,35,8,20,28,63
12/14/2019,GLH,MS,ASO,CE,Federal Contract Tower,0,5,2,0,7,0,0,18,0,18,0,5,20,0,25,0,0,0,25
12/15/2019,GLH,MS,ASO,CE,Federal Contract Tower,0,5,0,0,5,0,0,2,0,2,0,5,2,0,7,0,0,0,7
12/16/2019,GLH,MS,ASO,CE,Federal Contract Tower,0,2,2,0,4,0,0,0,0,0,0,2,2,0,4,0,0,0,4
12/17/2019,GLH,MS,ASO,CE,Federal Contract Tower,0,1,0,0,1,0,0,4,0,4,0,1,4,0,5,4,0,4,9
12/18/2019,GLH,MS,ASO,CE,Federal Contract Tower,0,5,0,0,5,0,0,59,0,59,0,5,59,0,64,16,0,16,80
12/19/2019,GLH,MS,ASO,CE,Federal Contract Tower,0,4,4,4,12,0,1,37,2,40,0,5,41,6,52,8,68,76,128
12/20/2019,GLH,MS,ASO,CE,Federal Contract Tower,0,5,1,0,6,0,0,22,0,22,0,5,23,0,28,6,0,6,34
12/21/2019,GLH,MS,ASO,CE,Federal Contract Tower,0,4,1,0,5,0,0,10,0,10,0,4,11,0,15,4,0,4,19
12/22/2019,GLH,MS,ASO,CE,Federal Contract Tower,0,2,0,0,2,0,0,0,0,0,0,2,0,0,2,0,0,0,2
12/23/2019,GLH,MS,ASO,CE,Federal Contract Tower,0,3,0,0,3,0,0,0,0,0,0,3,0,0,3,0,0,0,3
12/24/2019,GLH,MS,ASO,CE,Federal Contract Tower,0,3,0,0,3,0,2,10,0,12,0,5,10,0,15,0,0,0,15
12/25/2019,GLH,MS,ASO,CE,Federal Contract Tower,0,1,3,0,4,0,0,0,0,0,0,1,3,0,4,0,0,0,4
12/26/2019,GLH,MS,ASO,CE,Federal Contract Tower,0,2,0,0,2,0,0,6,0,6,0,2,6,0,8,0,0,0,8
12/27/2019,GLH,MS,ASO,CE,Federal Contract Tower,0,4,6,0,10,0,1,4,0,5,0,5,10,0,15,6,0,6,21
12/28/2019,GLH,MS,ASO,CE,Federal Contract Tower,0,3,3,0,6,0,0,0,0,0,0,3,3,0,6,0,0,0,6
12/29/2019,GLH,MS,ASO,CE,Federal Contract Tower,0,2,6,0,8,0,0,0,0,0,0,2,6,0,8,0,0,0,8
12/30/2019,GLH,MS,ASO,CE,Federal Contract Tower,0,5,1,0,6,0,0,4,0,4,0,5,5,0,10,0,0,0,10
12/31/2019,GLH,MS,ASO,CE,Federal Contract Tower,0,4,0,0,4,0,0,7,0,7,0,4,7,0,11,0,0,0,11
01/01/2020,GLH,MS,ASO,CE,Federal Contract Tower,0,5,2,0,7,0,0,12,0,12,0,5,14,0,19,2,0,2,21
01/02/2020,GLH,MS,ASO,CE,Federal Contract Tower,0,5,1,0,6,0,0,0,0,0,0,5,1,0,6,0,0,0,6
01/03/2020,GLH,MS,ASO,CE,Federal Contract Tower,0,3,6,0,9,0,0,0,0,0,0,3,6,0,9,0,0,0,9
01/04/2020,GLH,MS,ASO,CE,Federal Contract Tower,0,2,0,0,2,0,0,4,0,4,0,2,4,0,6,0,0,0,6
01/05/2020,GLH,MS,ASO,CE,Federal Contract Tower,0,4,4,0,8,0,0,2,0,2,0,4,6,0,10,0,0,0,10
01/06/2020,GLH,MS,ASO,CE,Federal Contract Tower,0,5,5,0,10,0,0,12,0,12,0,5,17,0,22,4,18,22,44
01/07/2020,GLH,MS,ASO,CE,Federal Contract Tower,0,2,0,0,2,0,0,34,0,34,0,2,34,0,36,0,0,0,36
01/08/2020,GLH,MS,ASO,CE,Federal Contract Tower,0,4,0,2,6,0,0,40,0,40,0,4,40,2,46,4,26,30,76
01/09/2020,GLH,MS,ASO,CE,Federal Contract Tower,0,5,0,6,11,0,0,0,0,0,0,5,0,6,11,0,94,94,105
01/10/2020,GLH,MS,ASO,CE,Federal Contract Tower,0,4,0,0,4,0,0,2,0,2,0,4,2,0,6,0,0,0,6
01/14/2020,GLH,MS,ASO,CE,Federal Contract Tower,0,4,0,0,4,0,0,0,0,0,0,4,0,0,4,0,0,0,4
01/15/2020,GLH,MS,ASO,CE,Federal Contract Tower,0,4,2,0,6,0,0,0,0,0,0,4,2,0,6,0,0,0,6
01/16/2020,GLH,MS,ASO,CE,Federal Contract Tower,0,7,0,0,7,0,0,2,0,2,0,7,2,0,9,0,0,0,9
01/17/2020,GLH,MS,ASO,CE,Federal Contract Tower,0,3,4,0,7,0,0,20,0,20,0,3,24,0,27,10,0,10,37
01/18/2020,GLH,MS,ASO,CE,Federal Contract Tower,0,0,4,2,6,0,0,0,1,1,0,0,4,3,7,0,4,4,11
01/19/2020,GLH,MS,ASO,CE,Federal Contract Tower,0,5,4,0,9,0,0,26,0,26,0,5,30,0,35,4,0,4,39
01/20/2020,GLH,MS,ASO,CE,Federal Contract Tower,0,7,0,0,7,0,0,58,0,58,0,7,58,0,65,4,0,4,69
01/21/2020,GLH,MS,ASO,CE,Federal Contract Tower,0,5,1,2,8,0,0,15,0,15,0,5,16,2,23,2,36,38,61
01/22/2020,GLH,MS,ASO,CE,Federal Contract Tower,0,5,1,4,10,0,0,30,0,30,0,5,31,4,40,4,64,68,108
01/23/2020,GLH,MS,ASO,CE,Federal Contract Tower,0,3,3,0,6,0,0,0,0,0,0,3,3,0,6,0,0,0,6
01/24/2020,GLH,MS,ASO,CE,Federal Contract Tower,0,5,0,4,9,0,0,21,0,21,0,5,21,4,30,18,72,90,120
01/25/2020,GLH,MS,ASO,CE,Federal Contract Tower,0,2,1,0,3,0,0,118,0,118,0,2,119,0,121,2,0,2,123
01/26/2020,GLH,MS,ASO,CE,Federal Contract Tower,0,5,4,0,9,0,0,1,0,1,0,5,5,0,10,0,0,0,10
01/27/2020,GLH,MS,ASO,CE,Federal Contract Tower,0,2,1,2,5,0,0,36,0,36,0,2,37,2,41,14,30,44,85
01/28/2020,GLH,MS,ASO,CE,Federal Contract Tower,0,3,1,2,6,0,0,8,1,9,0,3,9,3,15,0,32,32,47
01/29/2020,GLH,MS,ASO,CE,Federal Contract Tower,0,6,1,5,12,0,0,2,0,2,0,6,3,5,14,0,32,32,46
01/30/2020,GLH,MS,ASO,CE,Federal Contract Tower,0,7,1,0,8,0,0,16,0,16,0,7,17,0,24,0,0,0,24
01/31/2020,GLH,MS,ASO,CE,Federal Contract Tower,0,5,5,0,10,0,0,9,0,9,0,5,14,0,19,0,0,0,19
02/01/2020,GLH,MS,ASO,ES,Federal Contract Tower,0,5,0,0,5,0,0,66,4,70,0,5,66,4,75,8,30,38,113
02/02/2020,GLH,MS,ASO,ES,Federal Contract Tower,0,0,0,0,0,0,0,64,2,66,0,0,64,2,66,8,4,12,78
02/03/2020,GLH,MS,ASO,ES,Federal Contract Tower,0,6,8,4,18,0,0,26,0,26,0,6,34,4,44,14,64,78,122
02/04/2020,GLH,MS,ASO,ES,Federal Contract Tower,0,5,2,0,7,0,0,0,0,0,0,5,2,0,7,0,0,0,7
02/05/2020,GLH,MS,ASO,ES,Federal Contract Tower,0,4,1,0,5,0,0,0,0,0,0,4,1,0,5,0,0,0,5
02/06/2020,GLH,MS,ASO,ES,Federal Contract Tower,0,4,0,0,4,0,0,0,0,0,0,4,0,0,4,0,0,0,4
02/07/2020,GLH,MS,ASO,ES,Federal Contract Tower,0,4,3,0,7,0,0,113,0,113,0,4,116,0,120,16,0,16,136
02/08/2020,GLH,MS,ASO,ES,Federal Contract Tower,0,5,0,0,5,0,0,188,0,188,0,5,188,0,193,6,0,6,199
02/09/2020,GLH,MS,ASO,ES,Federal Contract Tower,0,4,2,0,6,0,0,4,0,4,0,4,6,0,10,2,0,2,12
02/10/2020,GLH,MS,ASO,ES,Federal Contract Tower,0,0,2,0,2,0,0,0,0,0,0,0,2,0,2,0,0,0,2
02/11/2020,GLH,MS,ASO,ES,Federal Contract Tower,0,2,4,0,6,0,0,4,0,4,0,2,8,0,10,0,0,0,10
02/12/2020,GLH,MS,ASO,ES,Federal Contract Tower,0,1,0,0,1,0,0,0,0,0,0,1,0,0,1,0,0,0,1
02/13/2020,GLH,MS,ASO,ES,Federal Contract Tower,0,7,0,6,13,0,0,13,0,13,0,7,13,6,26,0,92,92,118
02/14/2020,GLH,MS,ASO,ES,Federal Contract Tower,0,3,3,4,10,0,1,60,0,61,0,4,63,4,71,14,78,92,163
02/15/2020,GLH,MS,ASO,ES,Federal Contract Tower,0,3,0,0,3,0,1,222,0,223,0,4,222,0,226,8,0,8,234
02/16/2020,GLH,MS,ASO,ES,Federal Contract Tower,0,3,2,0,5,0,0,0,0,0,0,3,2,0,5,0,0,0,5
02/17/2020,GLH,MS,ASO,ES,Federal Contract Tower,0,4,7,0,11,0,0,4,0,4,0,4,11,0,15,8,0,8,23
02/18/2020,GLH,MS,ASO,ES,Federal Contract Tower,2,0,6,0,8,0,0,0,0,0,2,0,6,0,8,0,0,0,8
02/19/2020,GLH,MS,ASO,ES,Federal Contract Tower,0,5,1,1,7,0,0,20,0,20,0,5,21,1,27,6,0,6,33
02/20/2020,GLH,MS,ASO,ES,Federal Contract Tower,0,5,0,0,5,0,0,0,0,0,0,5,0,0,5,0,0,0,5
02/21/2020,GLH,MS,ASO,ES,Federal Contract Tower,0,5,2,2,9,0,0,46,0,46,0,5,48,2,55,14,34,48,103
02/22/2020,GLH,MS,ASO,ES,Federal Contract Tower,0,4,0,0,4,0,0,179,0,179,0,4,179,0,183,18,0,18,201
02/23/2020,GLH,MS,ASO,ES,Federal Contract Tower,0,5,2,2,9,0,0,3,0,3,0,5,5,2,12,0,2,2,14
02/24/2020,GLH,MS,ASO,ES,Federal Contract Tower,0,5,8,0,13,0,0,4,0,4,0,5,12,0,17,6,0,6,23
02/25/2020,GLH,MS,ASO,ES,Federal Contract Tower,0,5,2,0,7,0,0,113,0,113,0,5,115,0,120,8,0,8,128
02/26/2020,GLH,MS,ASO,ES,Federal Contract Tower,0,4,0,3,7,0,0,16,0,16,0,4,16,3,23,0,42,42,65
02/27/2020,GLH,MS,ASO,ES,Federal Contract Tower,0,5,8,0,13,0,0,170,2,172,0,5,178,2,185,0,4,4,189
02/28/2020,GLH,MS,ASO,ES,Federal Contract Tower,0,3,2,0,5,0,2,94,0,96,0,5,96,0,101,4,0,4,105
02/29/2020,GLH,MS,ASO,ES,Federal Contract Tower,0,3,2,0,5,0,1,123,0,124,0,4,125,0,129,6,0,6,135
03/01/2020,GLH,MS,ASO,ES,Federal Contract Tower,0,5,1,0,6,0,0,5,0,5,0,5,6,0,11,0,0,0,11
03/02/2020,GLH,MS,ASO,ES,Federal Contract Tower,0,5,0,0,5,0,0,1,0,1,0,5,1,0,6,0,0,0,6
03/03/2020,GLH,MS,ASO,ES,Federal Contract Tower,0,3,3,0,6,0,0,8,0,8,0,3,11,0,14,2,0,2,16
03/04/2020,GLH,MS,ASO,ES,Federal Contract Tower,0,0,4,0,4,0,0,0,0,0,0,0,4,0,4,0,0,0,4
03/05/2020,GLH,MS,ASO,ES,Federal Contract Tower,0,6,2,1,9,0,0,14,0,14,0,6,16,1,23,2,2,4,27
03/06/2020,GLH,MS,ASO,ES,Federal Contract Tower,0,5,3,4,12,0,0,49,4,53,0,5,52,8,65,28,68,96,161
03/07/2020,GLH,MS,ASO,ES,Federal Contract Tower,0,2,0,0,2,0,2,192,2,196,0,4,192,2,198,4,8,12,210
03/08/2020,GLH,MS,ASO,ES,Federal Contract Tower,0,5,2,1,8,0,0,43,1,44,0,5,45,2,52,0,63,63,115
03/09/2020,GLH,MS,ASO,ES,Federal Contract Tower,0,5,3,0,8,0,0,0,0,0,0,5,3,0,8,0,0,0,8
03/10/2020,GLH,MS,ASO,ES,Federal Contract Tower,0,5,0,3,8,0,0,3,1,4,0,5,3,4,12,0,70,70,82
03/11/2020,GLH,MS,ASO,ES,Federal Contract Tower,0,5,4,0,9,0,0,11,0,11,0,5,15,0,20,0,0,0,20
03/12/2020,GLH,MS,ASO,ES,Federal Contract Tower,0,5,4,3,12,0,0,5,2,7,0,5,9,5,19,0,42,42,61
03/13/2020,GLH,MS,ASO,ES,Federal Contract Tower,0,5,0,0,5,0,0,4,0,4,0,5,4,0,9,0,0,0,9
03/14/2020,GLH,MS,ASO,ES,Federal Contract Tower,0,5,1,0,6,0,0,2,0,2,0,5,3,0,8,0,0,0,8
03/15/2020,GLH,MS,ASO,ES,Federal Contract Tower,0,3,1,0,4,0,0,0,0,0,0,3,1,0,4,0,0,0,4
03/16/2020,GLH,MS,ASO,ES,Federal Contract Tower,0,5,3,0,8,0,0,50,0,50,0,5,53,0,58,12,0,12,70
03/17/2020,GLH,MS,ASO,ES,Federal Contract Tower,0,5,1,0,6,0,0,64,0,64,0,5,65,0,70,2,0,2,72
03/18/2020,GLH,MS,ASO,ES,Federal Contract Tower,0,2,1,0,3,0,0,70,0,70,0,2,71,0,73,2,0,2,75
03/19/2020,GLH,MS,ASO,ES,Federal Contract Tower,0,4,1,4,9,0,0,9,0,9,0,4,10,4,18,0,40,40,58
03/20/2020,GLH,MS,ASO,ES,Federal Contract Tower,0,3,0,0,3,0,0,0,0,0,0,3,0,0,3,0,0,0,3
03/21/2020,GLH,MS,ASO,ES,Federal Contract Tower,0,5,3,0,8,0,0,6,0,6,0,5,9,0,14,4,0,4,18
03/22/2020,GLH,MS,ASO,ES,Federal Contract Tower,0,1,0,0,1,0,0,0,0,0,0,1,0,0,1,0,0,0,1
03/23/2020,GLH,MS,ASO,ES,Federal Contract Tower,0,4,0,0,4,0,0,0,0,0,0,4,0,0,4,0,0,0,4
03/24/2020,GLH,MS,ASO,ES,Federal Contract Tower,0,5,0,0,5,0,0,2,0,2,0,5,2,0,7,2,0,2,9
03/25/2020,GLH,MS,ASO,ES,Federal Contract Tower,0,4,1,0,5,0,0,12,0,12,0,4,13,0,17,2,0,2,19
03/26/2020,GLH,MS,ASO,ES,Federal Contract Tower,0,5,7,0,12,0,0,170,2,172,0,5,177,2,184,0,110,110,294
03/27/2020,GLH,MS,ASO,ES,Federal Contract Tower,0,5,1,5,11,0,3,122,2,127,0,8,123,7,138,0,128,128,266
03/28/2020,GLH,MS,ASO,ES,Federal Contract Tower,0,5,0,8,13,0,0,0,1,1,0,5,0,9,14,0,112,112,126
03/29/2020,GLH,MS,ASO,ES,Federal Contract Tower,0,3,2,0,5,0,0,6,0,6,0,3,8,0,11,2,0,2,13
03/30/2020,GLH,MS,ASO,ES,Federal Contract Tower,0,4,5,2,11,0,0,6,0,6,0,4,11,2,17,0,30,30,47
03/31/2020,GLH,MS,ASO,ES,Federal Contract Tower,0,3,2,0,5,0,0,0,0,0,0,3,2,0,5,0,0,0,5
04/01/2020,GLH,MS,ASO,ES,Federal Contract Tower,0,3,0,3,6,0,2,41,0,43,0,5,41,3,49,0,56,56,105
04/02/2020,GLH,MS,ASO,ES,Federal Contract Tower,0,6,0,8,14,0,0,10,2,12,0,6,10,10,26,2,176,178,204
04/03/2020,GLH,MS,ASO,ES,Federal Contract Tower,0,5,0,5,10,0,0,5,0,5,0,5,5,5,15,8,8,16,31
04/04/2020,GLH,MS,ASO,ES,Federal Contract Tower,0,1,0,0,1,0,0,0,0,0,0,1,0,0,1,0,0,0,1
04/05/2020,GLH,MS,ASO,ES,Federal Contract Tower,0,5,0,0,5,0,0,4,0,4,0,5,4,0,9,2,0,2,11
04/06/2020,GLH,MS,ASO,ES,Federal Contract Tower,0,5,4,4,13,0,0,0,0,0,0,5,4,4,13,0,60,60,73
04/07/2020,GLH,MS,ASO,ES,Federal Contract Tower,0,5,0,0,5,0,0,0,0,0,0,5,0,0,5,0,0,0,5
04/08/2020,GLH,MS,ASO,ES,Federal Contract Tower,0,5,2,0,7,0,0,0,0,0,0,5,2,0,7,0,0,0,7
04/09/2020,GLH,MS,ASO,ES,Federal Contract Tower,0,5,0,0,5,0,0,15,0,15,0,5,15,0,20,0,0,0,20
04/10/2020,GLH,MS,ASO,ES,Federal Contract Tower,0,4,0,4,8,0,0,77,0,77,0,4,77,4,85,8,56,64,149
04/11/2020,GLH,MS,ASO,ES,Federal Contract Tower,0,1,0,8,9,0,0,14,0,14,0,1,14,8,23,2,132,134,157
04/12/2020,GLH,MS,ASO,ES,Federal Contract Tower,0,1,0,0,1,0,0,0,0,0,0,1,0,0,1,0,0,0,1
04/13/2020,GLH,MS,ASO,ES,Federal Contract Tower,0,5,0,6,11,0,0,10,0,10,0,5,10,6,21,0,122,122,143
04/14/2020,GLH,MS,ASO,ES,Federal Contract Tower,0,5,1,6,12,0,0,0,0,0,0,5,1,6,12,0,126,126,138
04/15/2020,GLH,MS,ASO,ES,Federal Contract Tower,0,4,2,4,10,0,0,19,0,19,0,4,21,4,29,0,66,66,95
04/16/2020,GLH,MS,ASO,ES,Federal Contract Tower,0,4,0,0,4,0,0,2,13,15,0,4,2,13,19,0,0,0,19
04/17/2020,GLH,MS,ASO,ES,Federal Contract Tower,0,4,6,2,12,0,0,104,0,104,0,4,110,2,116,0,36,36,152
04/18/2020,GLH,MS,ASO,ES,Federal Contract Tower,1,0,2,0,3,0,0,6,0,6,1,0,8,0,9,0,30,30,39
04/19/2020,GLH,MS,ASO,ES,Federal Contract Tower,0,3,0,0,3,0,0,0,0,0,0,3,0,0,3,0,0,0,3
04/20/2020,GLH,MS,ASO,ES,Federal Contract Tower,0,5,0,4,9,0,0,16,0,16,0,5,16,4,25,0,86,86,111
04/21/2020,GLH,MS,ASO,ES,Federal Contract Tower,0,4,2,0,6,0,0,17,0,17,0,4,19,0,23,2,0,2,25
04/22/2020,GLH,MS,ASO,ES,Federal Contract Tower,0,3,0,0,3,0,2,0,0,2,0,5,0,0,5,0,0,0,5
04/23/2020,GLH,MS,ASO,ES,Federal Contract Tower,0,4,2,5,11,0,0,3,0,3,0,4,5,5,14,0,20,20,34
04/24/2020,GLH,MS,ASO,ES,Federal Contract Tower,0,5,0,4,9,0,0,13,0,13,0,5,13,4,22,6,80,86,108
04/25/2020,GLH,MS,ASO,ES,Federal Contract Tower,0,1,0,7,8,0,0,0,0,0,0,1,0,7,8,0,20,20,28
04/26/2020,GLH,MS,ASO,ES,Federal Contract Tower,0,5,2,0,7,0,0,10,2,12,0,5,12,2,19,0,0,0,19
04/27/2020,GLH,MS,ASO,ES,Federal Contract Tower,0,3,2,7,12,0,0,58,0,58,0,3,60,7,70,2,114,116,186
04/28/2020,GLH,MS,ASO,ES,Federal Contract Tower,0,5,0,0,5,0,0,10,0,10,0,5,10,0,15,0,0,0,15
04/29/2020,GLH,MS,ASO,ES,Federal Contract Tower,0,2,0,6,8,0,0,14,0,14,0,2,14,6,22,0,38,38,60
04/30/2020,GLH,MS,ASO,ES,Federal Contract Tower,0,5,0,0,5,0,0,7,0,7,0,5,7,0,12,0,0,0,12
05/01/2020,GLH,MS,ASO,ES,Federal Contract Tower,0,5,1,2,8,0,0,9,0,9,0,5,10,2,17,4,28,32,49
05/02/2020,GLH,MS,ASO,ES,Federal Contract Tower,0,2,0,0,2,0,1,11,0,12,0,3,11,0,14,0,0,0,14
05/03/2020,GLH,MS,ASO,ES,Federal Contract Tower,0,4,1,0,5,0,1,5,0,6,0,5,6,0,11,0,0,0,11
05/04/2020,GLH,MS,ASO,ES,Federal Contract Tower,0,4,0,5,9,0,0,0,3,3,0,4,0,8,12,0,84,84,96
05/05/2020,GLH,MS,ASO,ES,Federal Contract Tower,0,5,3,0,8,0,0,1,0,1,0,5,4,0,9,0,0,0,9
05/06/2020,GLH,MS,ASO,ES,Federal Contract Tower,0,3,0,2,5,0,1,5,0,6,0,4,5,2,11,2,28,30,41
05/07/2020,GLH,MS,ASO,ES,Federal Contract Tower,0,3,0,0,3,0,1,13,0,14,0,4,13,0,17,12,0,12,29
05/08/2020,GLH,MS,ASO,ES,Federal Contract Tower,0,4,1,3,8,0,0,0,0,0,0,4,1,3,8,0,20,20,28
05/09/2020,GLH,MS,ASO,ES,Federal Contract Tower,0,0,1,0,1,0,0,5,0,5,0,0,6,0,6,0,0,0,6
05/10/2020,GLH,MS,ASO,ES,Federal Contract Tower,0,4,1,0,5,0,8,0,0,8,0,12,1,0,13,2,0,2,15
05/11/2020,GLH,MS,ASO,ES,Federal Contract Tower,0,4,4,0,8,0,0,46,0,46,0,4,50,0,54,16,62,78,132
05/12/2020,GLH,MS,ASO,ES,Federal Contract Tower,0,7,4,5,16,0,0,14,0,14,0,7,18,5,30,6,78,84,114
05/13/2020,GLH,MS,ASO,ES,Federal Contract Tower,0,3,2,4,9,0,1,14,0,15,0,4,16,4,24,10,34,44,68
05/14/2020,GLH,MS,ASO,ES,Federal Contract Tower,0,5,5,1,11,0,0,14,0,14,0,5,19,1,25,0,2,2,27
05/15/2020,GLH,MS,ASO,ES,Federal Contract Tower,0,5,0,1,6,0,0,4,1,5,0,5,4,2,11,0,28,28,39
05/16/2020,GLH,MS,ASO,ES,Federal Contract Tower,0,0,2,0,2,0,0,2,0,2,0,0,4,0,4,0,0,0,4
05/17/2020,GLH,MS,ASO,ES,Federal Contract Tower,0,5,7,0,12,0,0,2,0,2,0,5,9,0,14,0,0,0,14
05/18/2020,GLH,MS,ASO,ES,Federal Contract Tower,0,5,3,16,24,0,0,18,0,18,0,5,21,16,42,164,0,164,206
05/19/2020,GLH,MS,ASO,ES,Federal Contract Tower,0,5,4,2,11,0,0,13,2,15,0,5,17,4,26,10,2,12,38
05/20/2020,GLH,MS,ASO,ES,Federal Contract Tower,0,4,0,4,8,0,0,40,0,40,0,4,40,4,48,4,68,72,120
05/21/2020,GLH,MS,ASO,ES,Federal Contract Tower,0,4,5,1,10,0,0,19,1,20,0,4,24,2,30,4,0,4,34
05/22/2020,GLH,MS,ASO,ES,Federal Contract Tower,0,5,4,0,9,0,0,20,0,20,0,5,24,0,29,2,0,2,31
05/23/2020,GLH,MS,ASO,ES,Federal Contract Tower,0,1,2,0,3,0,0,0,0,0,0,1,2,0,3,0,0,0,3
05/24/2020,GLH,MS,ASO,ES,Federal Contract Tower,0,4,0,0,4,0,0,0,0,0,0,4,0,0,4,0,0,0,4
05/25/2020,GLH,MS,ASO,ES,Federal Contract Tower,0,5,4,0,9,0,0,0,0,0,0,5,4,0,9,0,0,0,9
05/26/2020,GLH,MS,ASO,ES,Federal Contract Tower,0,5,2,0,7,0,0,2,0,2,0,5,4,0,9,2,0,2,11
05/27/2020,GLH,MS,ASO,ES,Federal Contract Tower,0,5,3,4,12,0,0,3,0,3,0,5,6,4,15,0,80,80,95
05/28/2020,GLH,MS,ASO,ES,Federal Contract Tower,0,4,3,7,14,0,0,4,0,4,0,4,7,7,18,0,50,50,68
05/29/2020,GLH,MS,ASO,ES,Federal Contract Tower,0,5,0,6,11,0,0,42,0,42,0,5,42,6,53,2,112,114,167
05/30/2020,GLH,MS,ASO,ES,Federal Contract Tower,0,0,0,0,0,0,0,15,0,15,0,0,15,0,15,2,0,2,17
05/31/2020,GLH,MS,ASO,ES,Federal Contract Tower,0,3,0,0,3,0,1,5,0,6,0,4,5,0,9,0,0,0,9
06/01/2020,GLH,MS,ASO,ES,Federal Contract Tower,0,5,0,4,9,0,0,62,0,62,0,5,62,4,71,2,52,54,125
06/02/2020,GLH,MS,ASO,ES,Federal Contract Tower,0,5,4,2,11,0,0,47,0,47,0,5,51,2,58,4,26,30,88
06/03/2020,GLH,MS,ASO,ES,Federal Contract Tower,0,5,1,5,11,0,0,35,1,36,0,5,36,6,47,4,96,100,147
06/04/2020,GLH,MS,ASO,ES,Federal Contract Tower,0,3,1,8,12,0,1,95,0,96,0,4,96,8,108,2,124,126,234
06/05/2020,GLH,MS,ASO,ES,Federal Contract Tower,0,5,3,4,12,0,0,56,0,56,0,5,59,4,68,2,58,60,128
06/06/2020,GLH,MS,ASO,ES,Federal Contract Tower,0,1,2,0,3,0,0,105,0,105,0,1,107,0,108,4,0,4,112
06/07/2020,GLH,MS,ASO,ES,Federal Contract Tower,0,5,5,0,10,0,0,4,0,4,0,5,9,0,14,2,0,2,16
06/08/2020,GLH,MS,ASO,ES,Federal Contract Tower,0,3,0,0,3,0,0,0,0,0,0,3,0,0,3,0,0,0,3
06/09/2020,GLH,MS,ASO,ES,Federal Contract Tower,0,5,0,4,9,0,0,4,0,4,0,5,4,4,13,0,74,74,87
06/10/2020,GLH,MS,ASO,ES,Federal Contract Tower,0,5,0,8,13,0,0,24,1,25,0,5,24,9,38,4,56,60,98
06/11/2020,GLH,MS,ASO,ES,Federal Contract Tower,0,5,0,3,8,0,0,27,3,30,0,5,27,6,38,14,58,72,110
06/12/2020,GLH,MS,ASO,ES,Federal Contract Tower,0,4,0,8,12,0,0,24,0,24,0,4,24,8,36,2,110,112,148
06/13/2020,GLH,MS,ASO,ES,Federal Contract Tower,0,5,0,0,5,0,0,20,2,22,0,5,20,2,27,0,2,2,29
06/14/2020,GLH,MS,ASO,ES,Federal Contract Tower,0,5,5,0,10,0,0,19,0,19,0,5,24,0,29,4,0,4,33
06/15/2020,GLH,MS,ASO,ES,Federal Contract Tower,0,5,3,3,11,0,0,85,1,86,0,5,88,4,97,6,38,44,141
06/16/2020,GLH,MS,ASO,ES,Federal Contract Tower,0,5,2,6,13,0,0,63,0,63,0,5,65,6,76,0,96,96,172
06/17/2020,GLH,MS,ASO,ES,Federal Contract Tower,0,3,4,2,9,0,0,11,1,12,0,3,15,3,21,6,32,38,59
06/18/2020,GLH,MS,ASO,ES,Federal Contract Tower,0,5,1,4,10,0,0,22,0,22,0,5,23,4,32,4,38,42,74
06/19/2020,GLH,MS,ASO,ES,Federal Contract Tower,0,4,0,2,6,0,1,12,0,13,0,5,12,2,19,6,42,48,67
06/20/2020,GLH,MS,ASO,ES,Federal Contract Tower,0,0,0,0,0,0,0,44,0,44,0,0,44,0,44,0,0,0,44
06/21/2020,GLH,MS,ASO,ES,Federal Contract Tower,0,2,0,0,2,0,0,0,0,0,0,2,0,0,2,0,0,0,2
06/22/2020,GLH,MS,ASO,ES,Federal Contract Tower,0,7,1,0,8,0,0,0,0,0,0,7,1,0,8,0,0,0,8
06/23/2020,GLH,MS,ASO,ES,Federal Contract Tower,0,3,1,0,4,0,1,1,2,4,0,4,2,2,8,0,2,2,10
06/24/2020,GLH,MS,ASO,ES,Federal Contract Tower,0,3,0,0,3,0,0,32,0,32,0,3,32,0,35,0,0,0,35
06/25/2020,GLH,MS,ASO,ES,Federal Contract Tower,0,5,0,3,8,0,0,0,0,0,0,5,0,3,8,0,10,10,18
06/26/2020,GLH,MS,ASO,ES,Federal Contract Tower,0,4,3,0,7,0,0,3,0,3,0,4,6,0,10,0,0,0,10
06/27/2020,GLH,MS,ASO,ES,Federal Contract Tower,0,0,0,1,1,0,0,112,0,112,0,0,112,1,113,6,2,8,121
06/28/2020,GLH,MS,ASO,ES,Federal Contract Tower,0,5,0,0,5,0,0,0,0,0,0,5,0,0,5,2,0,2,7
06/29/2020,GLH,MS,ASO,ES,Federal Contract Tower,0,5,0,4,9,0,0,20,0,20,0,5,20,4,29,0,64,64,93
06/30/2020,GLH,MS,ASO,ES,Federal Contract Tower,0,6,2,6,14,0,0,20,0,20,0,6,22,6,34,0,84,84,118
07/01/2020,GLH,MS,ASO,ES,Federal Contract Tower,0,3,4,10,17,0,0,10,0,10,0,3,14,10,27,12,32,44,71
07/02/2020,GLH,MS,ASO,ES,Federal Contract Tower,0,3,5,2,10,0,0,5,0,5,0,3,10,2,15,0,18,18,33
07/03/2020,GLH,MS,ASO,ES,Federal Contract Tower,0,4,0,0,4,0,0,0,0,0,0,4,0,0,4,6,0,6,10
07/04/2020,GLH,MS,ASO,ES,Federal Contract Tower,0,1,0,0,1,0,0,28,17,45,0,1,28,17,46,6,2,8,54
07/05/2020,GLH,MS,ASO,ES,Federal Contract Tower,0,4,0,0,4,0,0,10,0,10,0,4,10,0,14,0,0,0,14
07/06/2020,GLH,MS,ASO,ES,Federal Contract Tower,0,3,3,4,10,0,0,23,0,23,0,3,26,4,33,0,0,0,33
07/07/2020,GLH,MS,ASO,ES,Federal Contract Tower,0,6,2,2,10,0,0,2,1,3,0,6,4,3,13,0,16,16,29
07/08/2020,GLH,MS,ASO,ES,Federal Contract Tower,0,4,1,0,5,0,0,4,0,4,0,4,5,0,9,0,0,0,9
07/09/2020,GLH,MS,ASO,ES,Federal Contract Tower,0,4,2,0,6,0,0,8,0,8,0,4,10,0,14,0,0,0,14
07/10/2020,GLH,MS,ASO,ES,Federal Contract Tower,0,5,3,6,14,0,0,7,0,7,0,5,10,6,21,0,38,38,59
07/11/2020,GLH,MS,ASO,ES,Federal Contract Tower,0,1,1,0,2,0,0,232,0,232,0,1,233,0,234,2,0,2,236
07/12/2020,GLH,MS,ASO,ES,Federal Contract Tower,0,3,0,0,3,0,1,2,0,3,0,4,2,0,6,2,0,2,8
07/13/2020,GLH,MS,ASO,ES,Federal Contract Tower,0,3,1,6,10,0,0,96,0,96,0,3,97,6,106,0,6,6,112
07/14/2020,GLH,MS,ASO,ES,Federal Contract Tower,0,4,2,0,6,0,0,48,0,48,0,4,50,0,54,0,0,0,54
07/15/2020,GLH,MS,ASO,ES,Federal Contract Tower,0,3,3,0,6,0,0,35,0,35,0,3,38,0,41,14,0,14,55
07/16/2020,GLH,MS,ASO,ES,Federal Contract Tower,0,4,1,5,10,0,0,54,0,54,0,4,55,5,64,14,24,38,102
07/17/2020,GLH,MS,ASO,ES,Federal Contract Tower,0,0,5,0,5,0,0,14,0,14,0,0,19,0,19,2,0,2,21
07/18/2020,GLH,MS,ASO,ES,Federal Contract Tower,0,3,1,0,4,0,1,11,0,12,0,4,12,0,16,2,0,2,18
07/19/2020,GLH,MS,ASO,ES,Federal Contract Tower,0,5,1,0,6,0,0,6,0,6,0,5,7,0,12,0,0,0,12
07/20/2020,GLH,MS,ASO,ES,Federal Contract Tower,0,5,2,2,9,0,0,51,0,51,0,5,53,2,60,4,2,6,66
07/21/2020,GLH,MS,ASO,ES,Federal Contract Tower,0,3,2,5,10,0,0,27,0,27,0,3,29,5,37,8,18,26,63
07/22/2020,GLH,MS,ASO,ES,Federal Contract Tower,0,4,2,2,8,0,1,89,0,90,0,5,91,2,98,6,2,8,106
07/23/2020,GLH,MS,ASO,ES,Federal Contract Tower,0,5,0,4,9,0,0,30,0,30,0,5,30,4,39,12,6,18,57
07/24/2020,GLH,MS,ASO,ES,Federal Contract Tower,0,5,2,6,13,0,0,39,0,39,0,5,41,6,52,44,10,54,106
07/25/2020,GLH,MS,ASO,ES,Federal Contract Tower,0,2,2,0,4,0,0,8,0,8,0,2,10,0,12,2,0,2,14
07/26/2020,GLH,MS,ASO,ES,Federal Contract Tower,0,5,3,0,8,0,0,20,0,20,0,5,23,0,28,0,0,0,28
07/27/2020,GLH,MS,ASO,ES,Federal Contract Tower,0,5,4,3,12,0,0,77,0,77,0,5,81,3,89,0,4,4,93
07/28/2020,GLH,MS,ASO,ES,Federal Contract Tower,0,4,0,3,7,0,0,60,0,60,0,4,60,3,67,4,4,8,75
07/29/2020,GLH,MS,ASO,ES,Federal Contract Tower,0,2,4,3,9,0,0,120,1,121,0,2,124,4,130,2,22,24,154
07/30/2020,GLH,MS,ASO,ES,Federal Contract Tower,0,4,2,0,6,0,0,46,0,46,0,4,48,0,52,2,0,2,54
07/31/2020,GLH,MS,ASO,ES,Federal Contract Tower,0,2,0,0,2,0,0,2,0,2,0,2,2,0,4,0,0,0,4
08/01/2020,GLH,MS,ASO,ES,Federal Contract Tower,0,2,4,0,6,0,1,8,0,9,0,3,12,0,15,0,0,0,15
08/02/2020,GLH,MS,ASO,ES,Federal Contract Tower,0,0,0,0,0,0,0,8,0,8,0,0,8,0,8,0,0,0,8
08/03/2020,GLH,MS,ASO,ES,Federal Contract Tower,0,3,2,0,5,0,0,16,0,16,0,3,18,0,21,6,0,6,27
08/04/2020,GLH,MS,ASO,ES,Federal Contract Tower,0,2,1,0,3,0,0,60,0,60,0,2,61,0,63,10,0,10,73
08/05/2020,GLH,MS,ASO,ES,Federal Contract Tower,0,4,0,2,6,0,0,67,0,67,0,4,67,2,73,4,14,18,91
08/06/2020,GLH,MS,ASO,ES,Federal Contract Tower,0,5,1,0,6,0,0,36,0,36,0,5,37,0,42,12,0,12,54
08/07/2020,GLH,MS,ASO,ES,Federal Contract Tower,0,4,3,3,10,0,0,18,2,20,0,4,21,5,30,4,14,18,48
08/08/2020,GLH,MS,ASO,ES,Federal Contract Tower,0,0,0,0,0,0,0,8,0,8,0,0,8,0,8,0,0,0,8
08/09/2020,GLH,MS,ASO,ES,Federal Contract Tower,0,4,2,0,6,0,2,22,0,24,0,6,24,0,30,10,0,10,40
08/10/2020,GLH,MS,ASO,ES,Federal Contract Tower,0,6,1,1,8,0,2,18,2,22,0,8,19,3,30,12,0,12,42
08/11/2020,GLH,MS,ASO,ES,Federal Contract Tower,0,4,2,4,10,0,4,27,0,31,0,8,29,4,41,22,2,24,65
08/12/2020,GLH,MS,ASO,ES,Federal Contract Tower,0,4,5,0,9,0,0,13,0,13,0,4,18,0,22,0,0,0,22
08/13/2020,GLH,MS,ASO,ES,Federal Contract Tower,0,5,1,0,6,0,0,16,0,16,0,5,17,0,22,8,0,8,30
08/14/2020,GLH,MS,ASO,ES,Federal Contract Tower,0,5,1,0,6,0,0,5,0,5,0,5,6,0,11,0,0,0,11
08/15/2020,GLH,MS,ASO,ES,Federal Contract Tower,0,1,3,0,4,0,0,7,0,7,0,1,10,0,11,4,0,4,15
08/16/2020,GLH,MS,ASO,ES,Federal Contract Tower,0,5,1,0,6,0,0,6,0,6,0,5,7,0,12,0,0,0,12
08/17/2020,GLH,MS,ASO,ES,Federal Contract Tower,0,6,0,0,6,0,4,11,0,15,0,10,11,0,21,10,0,10,31
08/18/2020,GLH,MS,ASO,ES,Federal Contract Tower,0,4,0,2,6,0,2,32,2,36,0,6,32,4,42,16,2,18,60
08/20/2020,GLH,MS,ASO,ES,Federal Contract Tower,0,5,4,0,9,0,0,22,0,22,0,5,26,0,31,10,0,10,41
08/21/2020,GLH,MS,ASO,ES,Federal Contract Tower,0,5,0,0,5,0,0,2,0,2,0,5,2,0,7,0,0,0,7
08/22/2020,GLH,MS,ASO,ES,Federal Contract Tower,0,0,2,1,3,0,0,24,1,25,0,0,26,2,28,8,8,16,44
08/23/2020,GLH,MS,ASO,ES,Federal Contract Tower,0,5,3,0,8,0,2,14,0,16,0,7,17,0,24,0,0,0,24
08/24/2020,GLH,MS,ASO,ES,Federal Contract Tower,0,4,0,2,6,0,0,35,2,37,0,4,35,4,43,8,16,24,67
08/25/2020,GLH,MS,ASO,ES,Federal Contract Tower,0,4,1,2,7,0,0,11,18,29,0,4,12,20,36,0,0,0,36
08/26/2020,GLH,MS,ASO,ES,Federal Contract Tower,0,4,0,4,8,0,0,29,1,30,0,4,29,5,38,0,68,68,106
08/27/2020,GLH,MS,ASO,ES,Federal Contract Tower,0,0,0,0,0,0,0,0,0,0,0,0,0,0,0,0,0,0,0
08/28/2020,GLH,MS,ASO,ES,Federal Contract Tower,0,5,4,0,9,0,0,4,0,4,0,5,8,0,13,12,0,12,25
08/29/2020,GLH,MS,ASO,ES,Federal Contract Tower,0,1,0,0,1,0,0,8,0,8,0,1,8,0,9,8,0,8,17
08/30/2020,GLH,MS,ASO,ES,Federal Contract Tower,0,5,2,0,7,0,0,4,2,6,0,5,6,2,13,2,0,2,15
08/31/2020,GLH,MS,ASO,ES,Federal Contract Tower,0,5,0,0,5,0,8,6,6,20,0,13,6,6,25,4,0,4,29
09/01/2020,GLH,MS,ASO,ES,Federal Contract Tower,0,2,3,2,7,0,0,13,0,13,0,2,16,2,20,4,14,18,38
09/02/2020,GLH,MS,ASO,ES,Federal Contract Tower,0,5,4,0,9,0,0,38,0,38,0,5,42,0,47,22,0,22,69
09/03/2020,GLH,MS,ASO,ES,Federal Contract Tower,0,4,0,2,6,0,0,50,0,50,0,4,50,2,56,16,0,16,72
09/04/2020,GLH,MS,ASO,ES,Federal Contract Tower,0,5,4,0,9,0,0,39,0,39,0,5,43,0,48,40,0,40,88
09/05/2020,GLH,MS,ASO,ES,Federal Contract Tower,0,0,1,0,1,0,0,20,0,20,0,0,21,0,21,4,0,4,25
09/06/2020,GLH,MS,ASO,ES,Federal Contract Tower,0,3,2,0,5,0,0,11,0,11,0,3,13,0,16,8,0,8,24
09/07/2020,GLH,MS,ASO,ES,Federal Contract Tower,0,5,2,0,7,0,0,18,0,18,0,5,20,0,25,0,0,0,25
09/08/2020,GLH,MS,ASO,ES,Federal Contract Tower,0,4,0,2,6,0,0,32,0,32,0,4,32,2,38,2,6,8,46
09/09/2020,GLH,MS,ASO,ES,Federal Contract Tower,0,2,4,4,10,0,0,28,2,30,0,2,32,6,40,24,2,26,66
09/10/2020,GLH,MS,ASO,ES,Federal Contract Tower,0,5,5,0,10,0,0,39,0,39,0,5,44,0,49,8,0,8,57
09/11/2020,GLH,MS,ASO,ES,Federal Contract Tower,0,5,4,8,17,0,0,19,4,23,0,5,23,12,40,10,10,20,60
09/12/2020,GLH,MS,ASO,ES,Federal Contract Tower,0,0,3,0,3,0,0,5,0,5,0,0,8,0,8,0,0,0,8
09/13/2020,GLH,MS,ASO,ES,Federal Contract Tower,0,5,4,0,9,0,0,12,0,12,0,5,16,0,21,0,0,0,21
09/14/2020,GLH,MS,ASO,ES,Federal Contract Tower,0,5,5,0,10,0,0,23,0,23,0,5,28,0,33,10,0,10,43
09/15/2020,GLH,MS,ASO,ES,Federal Contract Tower,0,4,0,5,9,0,0,65,2,67,0,4,65,7,76,18,36,54,130
09/16/2020,GLH,MS,ASO,ES,Federal Contract Tower,0,5,0,0,5,0,0,56,0,56,0,5,56,0,61,0,0,0,61
09/17/2020,GLH,MS,ASO,ES,Federal Contract Tower,0,5,0,3,8,0,0,34,0,34,0,5,34,3,42,6,12,18,60
09/18/2020,GLH,MS,ASO,ES,Federal Contract Tower,0,4,2,5,11,0,1,60,2,63,0,5,62,7,74,62,8,70,144
09/19/2020,GLH,MS,ASO,ES,Federal Contract Tower,0,1,3,0,4,0,0,8,0,8,0,1,11,0,12,2,0,2,14
09/20/2020,GLH,MS,ASO,ES,Federal Contract Tower,0,5,0,0,5,0,2,14,0,16,0,7,14,0,21,0,0,0,21
09/21/2020,GLH,MS,ASO,ES,Federal Contract Tower,0,5,3,2,10,0,0,44,0,44,0,5,47,2,54,0,0,0,54
09/22/2020,GLH,MS,ASO,ES,Federal Contract Tower,0,4,0,2,6,0,2,8,0,10,0,6,8,2,16,0,30,30,46
09/23/2020,GLH,MS,ASO,ES,Federal Contract Tower,0,5,4,0,9,0,0,0,0,0,0,5,4,0,9,0,0,0,9
09/24/2020,GLH,MS,ASO,ES,Federal Contract Tower,0,5,1,0,6,0,0,0,0,0,0,5,1,0,6,2,0,2,8
09/25/2020,GLH,MS,ASO,ES,Federal Contract Tower,0,5,5,5,15,0,0,24,0,24,0,5,29,5,39,32,6,38,77
09/26/2020,GLH,MS,ASO,ES,Federal Contract Tower,0,1,4,0,5,0,0,122,0,122,0,1,126,0,127,6,0,6,133
09/27/2020,GLH,MS,ASO,ES,Federal Contract Tower,0,4,0,2,6,0,2,14,4,20,0,6,14,6,26,0,0,0,26
09/28/2020,GLH,MS,ASO,ES,Federal Contract Tower,0,4,0,4,8,0,0,18,0,18,0,4,18,4,26,0,54,54,80
09/29/2020,GLH,MS,ASO,ES,Federal Contract Tower,0,4,2,0,6,0,0,39,0,39,0,4,41,0,45,14,12,26,71
09/30/2020,GLH,MS,ASO,ES,Federal Contract Tower,0,5,3,0,8,0,0,44,0,44,0,5,47,0,52,2,12,14,66
10/01/2020,GLH,MS,ASO,ES,Federal Contract Tower,0,4,2,3,9,0,0,44,1,45,0,4,46,4,54,20,34,54,108
10/02/2020,GLH,MS,ASO,ES,Federal Contract Tower,0,3,4,2,9,0,0,1,60,61,0,3,5,62,70,16,0,16,86
10/03/2020,GLH,MS,ASO,ES,Federal Contract Tower,0,0,0,0,0,0,0,12,0,12,0,0,12,0,12,2,0,2,14
10/04/2020,GLH,MS,ASO,ES,Federal Contract Tower,0,5,0,0,5,0,2,8,0,10,0,7,8,0,15,0,0,0,15
10/05/2020,GLH,MS,ASO,ES,Federal Contract Tower,0,4,2,8,14,0,0,34,0,34,0,4,36,8,48,12,88,100,148
10/06/2020,GLH,MS,ASO,ES,Federal Contract Tower,0,4,2,4,10,0,0,30,0,30,0,4,32,4,40,22,74,96,136
10/07/2020,GLH,MS,ASO,ES,Federal Contract Tower,0,5,5,6,16,0,2,24,3,29,0,7,29,9,45,8,112,120,165
10/08/2020,GLH,MS,ASO,ES,Federal Contract Tower,0,5,0,0,5,0,0,17,0,17,0,5,17,0,22,10,0,10,32
10/09/2020,GLH,MS,ASO,ES,Federal Contract Tower,0,0,4,0,4,0,0,0,0,0,0,0,4,0,4,0,0,0,4
10/10/2020,GLH,MS,ASO,ES,Federal Contract Tower,0,1,0,0,1,0,0,0,0,0,0,1,0,0,1,0,0,0,1
10/11/2020,GLH,MS,ASO,ES,Federal Contract Tower,0,4,0,0,4,0,0,2,0,2,0,4,2,0,6,0,0,0,6
10/12/2020,GLH,MS,ASO,ES,Federal Contract Tower,0,5,3,0,8,0,0,11,0,11,0,5,14,0,19,0,0,0,19
10/13/2020,GLH,MS,ASO,ES,Federal Contract Tower,0,4,2,3,9,0,0,30,1,31,0,4,32,4,40,16,36,52,92
10/14/2020,GLH,MS,ASO,ES,Federal Contract Tower,0,5,8,1,14,0,0,27,3,30,0,5,35,4,44,18,12,30,74
10/15/2020,GLH,MS,ASO,ES,Federal Contract Tower,0,5,3,4,12,0,0,10,0,10,0,5,13,4,22,10,68,78,100
10/16/2020,GLH,MS,ASO,ES,Federal Contract Tower,0,5,0,8,13,0,0,10,0,10,0,5,10,8,23,12,70,82,105
10/17/2020,GLH,MS,ASO,ES,Federal Contract Tower,0,0,1,0,1,0,0,9,0,9,0,0,10,0,10,0,0,0,10
10/18/2020,GLH,MS,ASO,ES,Federal Contract Tower,0,5,1,0,6,0,0,8,0,8,0,5,9,0,14,0,0,0,14
10/19/2020,GLH,MS,ASO,ES,Federal Contract Tower,0,5,1,3,9,0,0,28,0,28,0,5,29,3,37,0,34,34,71
10/20/2020,GLH,MS,ASO,ES,Federal Contract Tower,0,4,1,9,14,0,0,18,0,18,0,4,19,9,32,12,92,104,136
10/21/2020,GLH,MS,ASO,ES,Federal Contract Tower,0,4,5,2,11,0,4,7,0,11,0,8,12,2,22,4,32,36,58
10/22/2020,GLH,MS,ASO,ES,Federal Contract Tower,0,5,2,7,14,0,2,16,0,18,0,7,18,7,32,20,62,82,114
10/23/2020,GLH,MS,ASO,ES,Federal Contract Tower,0,4,4,4,12,0,0,2,0,2,0,4,6,4,14,0,38,38,52
10/24/2020,GLH,MS,ASO,ES,Federal Contract Tower,0,0,0,0,0,0,0,0,0,0,0,0,0,0,0,0,0,0,0
10/25/2020,GLH,MS,ASO,ES,Federal Contract Tower,0,5,2,0,7,0,0,3,0,3,0,5,5,0,10,0,0,0,10
10/26/2020,GLH,MS,ASO,ES,Federal Contract Tower,0,1,1,4,6,0,2,10,0,12,0,3,11,4,18,0,40,40,58
10/27/2020,GLH,MS,ASO,ES,Federal Contract Tower,0,4,4,0,8,0,0,0,0,0,0,4,4,0,8,0,0,0,8
10/28/2020,GLH,MS,ASO,ES,Federal Contract Tower,0,5,0,0,5,0,0,0,0,0,0,5,0,0,5,0,0,0,5
10/29/2020,GLH,MS,ASO,ES,Federal Contract Tower,0,5,2,6,13,0,0,6,0,6,0,5,8,6,19,22,0,22,41
10/30/2020,GLH,MS,ASO,ES,Federal Contract Tower,0,5,5,10,20,0,0,25,0,25,0,5,30,10,45,22,60,82,127
10/31/2020,GLH,MS,ASO,ES,Federal Contract Tower,0,4,4,0,8,0,0,13,0,13,0,4,17,0,21,6,0,6,27
11/01/2020,GLH,MS,ASO,ES,Federal Contract Tower,0,6,1,0,7,0,0,10,0,10,0,6,11,0,17,0,0,0,17
11/02/2020,GLH,MS,ASO,ES,Federal Contract Tower,0,3,0,10,13,0,2,16,3,21,0,5,16,13,34,6,118,124,158
11/03/2020,GLH,MS,ASO,ES,Federal Contract Tower,0,4,0,2,6,0,0,26,4,30,0,4,26,6,36,24,38,62,98
11/04/2020,GLH,MS,ASO,ES,Federal Contract Tower,0,4,4,7,15,0,0,21,9,30,0,4,25,16,45,33,96,129,174
11/05/2020,GLH,MS,ASO,ES,Federal Contract Tower,0,4,6,5,15,0,0,25,0,25,0,4,31,5,40,22,66,88,128
11/06/2020,GLH,MS,ASO,ES,Federal Contract Tower,0,5,1,0,6,0,0,25,0,25,0,5,26,0,31,18,0,18,49
11/07/2020,GLH,MS,ASO,ES,Federal Contract Tower,0,1,2,0,3,0,0,15,0,15,0,1,17,0,18,6,0,6,24
11/08/2020,GLH,MS,ASO,ES,Federal Contract Tower,0,5,0,4,9,0,0,14,0,14,0,5,14,4,23,0,0,0,23
11/09/2020,GLH,MS,ASO,ES,Federal Contract Tower,0,5,0,0,5,0,0,0,0,0,0,5,0,0,5,0,0,0,5
11/10/2020,GLH,MS,ASO,ES,Federal Contract Tower,0,4,8,11,23,0,0,32,1,33,0,4,40,12,56,20,112,132,188
11/11/2020,GLH,MS,ASO,ES,Federal Contract Tower,0,3,2,2,7,0,0,37,2,39,0,3,39,4,46,38,26,64,110
11/12/2020,GLH,MS,ASO,ES,Federal Contract Tower,0,5,4,4,13,0,0,14,0,14,0,5,18,4,27,12,46,58,85
11/13/2020,GLH,MS,ASO,ES,Federal Contract Tower,0,3,7,8,18,0,1,11,2,14,0,4,18,10,32,10,110,120,152
11/14/2020,GLH,MS,ASO,ES,Federal Contract Tower,0,0,2,0,2,0,0,5,0,5,0,0,7,0,7,0,0,0,7
11/15/2020,GLH,MS,ASO,ES,Federal Contract Tower,0,5,1,0,6,0,0,11,0,11,0,5,12,0,17,0,0,0,17
11/16/2020,GLH,MS,ASO,ES,Federal Contract Tower,0,4,0,7,11,0,0,12,0,12,0,4,12,7,23,17,50,67,90
11/17/2020,GLH,MS,ASO,ES,Federal Contract Tower,0,4,2,3,9,0,0,12,1,13,0,4,14,4,22,2,8,10,32
11/18/2020,GLH,MS,ASO,ES,Federal Contract Tower,0,5,1,2,8,0,0,28,0,28,0,5,29,2,36,22,38,60,96
11/19/2020,GLH,MS,ASO,ES,Federal Contract Tower,0,5,6,1,12,0,2,7,1,10,0,7,13,2,22,10,34,44,66
11/20/2020,GLH,MS,ASO,ES,Federal Contract Tower,0,4,4,5,13,0,1,8,4,13,0,5,12,9,26,2,92,94,120
11/21/2020,GLH,MS,ASO,ES,Federal Contract Tower,0,1,0,2,3,0,0,19,0,19,0,1,19,2,22,16,70,86,108
11/22/2020,GLH,MS,ASO,ES,Federal Contract Tower,0,5,2,2,9,0,0,6,0,6,0,5,8,2,15,0,18,18,33
11/23/2020,GLH,MS,ASO,ES,Federal Contract Tower,0,5,3,2,10,0,0,26,0,26,0,5,29,2,36,16,50,66,102
11/24/2020,GLH,MS,ASO,ES,Federal Contract Tower,0,5,4,2,11,0,0,25,0,25,0,5,29,2,36,22,46,68,104
11/25/2020,GLH,MS,ASO,ES,Federal Contract Tower,0,1,3,0,4,0,0,8,0,8,0,1,11,0,12,8,0,8,20
11/26/2020,GLH,MS,ASO,ES,Federal Contract Tower,0,0,0,0,0,0,2,1,0,3,0,2,1,0,3,0,0,0,3
11/27/2020,GLH,MS,ASO,ES,Federal Contract Tower,0,4,2,0,6,0,0,4,0,4,0,4,6,0,10,0,0,0,10
11/28/2020,GLH,MS,ASO,ES,Federal Contract Tower,0,5,1,0,6,0,0,6,0,6,0,5,7,0,12,0,0,0,12
11/29/2020,GLH,MS,ASO,ES,Federal Contract Tower,0,4,2,0,6,0,0,0,0,0,0,4,2,0,6,0,0,0,6
11/30/2020,GLH,MS,ASO,ES,Federal Contract Tower,0,2,1,1,4,0,0,8,4,12,0,2,9,5,16,0,6,6,22
12/01/2020,GLH,MS,ASO,ES,Federal Contract Tower,0,4,2,3,9,0,4,43,1,48,0,8,45,4,57,6,32,38,95
12/02/2020,GLH,MS,ASO,ES,Federal Contract Tower,0,5,0,2,7,0,0,10,0,10,0,5,10,2,17,2,8,10,27
12/03/2020,GLH,MS,ASO,ES,Federal Contract Tower,0,5,2,0,7,0,0,0,0,0,0,5,2,0,7,0,0,0,7
12/04/2020,GLH,MS,ASO,ES,Federal Contract Tower,0,5,0,2,7,0,0,16,0,16,0,5,16,2,23,10,4,14,37
12/05/2020,GLH,MS,ASO,ES,Federal Contract Tower,0,1,1,1,3,0,0,23,1,24,0,1,24,2,27,20,44,64,91
12/06/2020,GLH,MS,ASO,ES,Federal Contract Tower,0,5,0,0,5,0,0,60,14,74,0,5,60,14,79,0,0,0,79
12/07/2020,GLH,MS,ASO,ES,Federal Contract Tower,0,2,0,4,6,0,0,27,2,29,0,2,27,6,35,26,86,112,147
12/08/2020,GLH,MS,ASO,ES,Federal Contract Tower,0,4,0,2,6,0,2,18,2,22,0,6,18,4,28,2,48,50,78
12/09/2020,GLH,MS,ASO,ES,Federal Contract Tower,0,5,2,5,12,0,0,64,1,65,0,5,66,6,77,16,90,106,183
12/10/2020,GLH,MS,ASO,ES,Federal Contract Tower,0,4,3,5,12,0,0,37,0,37,0,4,40,5,49,46,58,104,153
12/11/2020,GLH,MS,ASO,ES,Federal Contract Tower,0,4,2,6,12,0,0,12,0,12,0,4,14,6,24,6,66,72,96
12/12/2020,GLH,MS,ASO,ES,Federal Contract Tower,0,1,2,0,3,0,0,13,0,13,0,1,15,0,16,2,0,2,18
12/13/2020,GLH,MS,ASO,ES,Federal Contract Tower,0,5,1,0,6,0,0,0,0,0,0,5,1,0,6,0,0,0,6
12/14/2020,GLH,MS,ASO,ES,Federal Contract Tower,0,5,6,9,20,0,0,2,0,2,0,5,8,9,22,2,64,66,88
12/15/2020,GLH,MS,ASO,ES,Federal Contract Tower,0,4,6,0,10,0,0,13,0,13,0,4,19,0,23,0,0,0,23
12/16/2020,GLH,MS,ASO,ES,Federal Contract Tower,0,6,1,15,22,0,2,8,2,12,0,8,9,17,34,0,150,150,184
12/17/2020,GLH,MS,ASO,ES,Federal Contract Tower,0,5,2,2,9,0,0,8,4,12,0,5,10,6,21,2,22,24,45
12/18/2020,GLH,MS,ASO,ES,Federal Contract Tower,0,5,2,2,9,0,0,12,0,12,0,5,14,2,21,2,10,12,33
12/19/2020,GLH,MS,ASO,ES,Federal Contract Tower,1,0,0,0,1,0,0,0,0,0,1,0,0,0,1,0,0,0,1
12/20/2020,GLH,MS,ASO,ES,Federal Contract Tower,0,5,1,0,6,0,0,4,0,4,0,5,5,0,10,0,0,0,10
12/21/2020,GLH,MS,ASO,ES,Federal Contract Tower,0,4,1,7,12,0,1,14,0,15,0,5,15,7,27,0,74,74,101
12/22/2020,GLH,MS,ASO,ES,Federal Contract Tower,0,5,1,5,11,0,0,3,0,3,0,5,4,5,14,0,70,70,84
12/23/2020,GLH,MS,ASO,ES,Federal Contract Tower,0,5,0,2,7,0,0,7,0,7,0,5,7,2,14,0,2,2,16
12/24/2020,GLH,MS,ASO,ES,Federal Contract Tower,0,4,1,0,5,0,1,0,0,1,0,5,1,0,6,0,0,0,6
12/25/2020,GLH,MS,ASO,ES,Federal Contract Tower,0,0,0,0,0,0,0,1,0,1,0,0,1,0,1,0,0,0,1
12/26/2020,GLH,MS,ASO,ES,Federal Contract Tower,0,3,3,0,6,0,0,11,0,11,0,3,14,0,17,0,0,0,17
12/27/2020,GLH,MS,ASO,ES,Federal Contract Tower,0,5,0,0,5,0,0,4,0,4,0,5,4,0,9,0,0,0,9
12/28/2020,GLH,MS,ASO,ES,Federal Contract Tower,0,7,1,0,8,0,1,7,0,8,0,8,8,0,16,0,0,0,16
12/29/2020,GLH,MS,ASO,ES,Federal Contract Tower,0,5,4,0,9,0,0,8,0,8,0,5,12,0,17,0,0,0,17
12/30/2020,GLH,MS,ASO,ES,Federal Contract Tower,0,5,3,0,8,0,0,4,0,4,0,5,7,0,12,0,0,0,12
12/31/2020,GLH,MS,ASO,ES,Federal Contract Tower,0,5,0,0,5,0,0,0,0,0,0,5,0,0,5,0,0,0,5
01/01/2021,GLH,MS,ASO,ES,Federal Contract Tower,0,0,2,0,2,0,0,2,0,2,0,0,4,0,4,0,0,0,4
01/03/2021,GLH,MS,ASO,ES,Federal Contract Tower,0,4,2,0,6,0,1,22,0,23,0,5,24,0,29,0,0,0,29
01/04/2021,GLH,MS,ASO,ES,Federal Contract Tower,0,5,2,0,7,0,0,10,0,10,0,5,12,0,17,2,0,2,19
01/05/2021,GLH,MS,ASO,ES,Federal Contract Tower,0,4,0,0,4,0,0,6,2,8,0,4,6,2,12,0,26,26,38
01/07/2021,GLH,MS,ASO,ES,Federal Contract Tower,0,5,0,0,5,0,0,0,0,0,0,5,0,0,5,0,0,0,5
01/08/2021,GLH,MS,ASO,ES,Federal Contract Tower,0,5,5,9,19,0,0,12,0,12,0,5,17,9,31,4,54,58,89
01/09/2021,GLH,MS,ASO,ES,Federal Contract Tower,0,0,0,0,0,0,0,6,2,8,0,0,6,2,8,4,0,4,12
01/10/2021,GLH,MS,ASO,ES,Federal Contract Tower,0,5,3,0,8,0,0,4,0,4,0,5,7,0,12,0,0,0,12
01/11/2021,GLH,MS,ASO,ES,Federal Contract Tower,0,5,0,0,5,0,0,2,0,2,0,5,2,0,7,0,0,0,7
01/12/2021,GLH,MS,ASO,ES,Federal Contract Tower,0,7,1,3,11,0,0,8,5,13,0,7,9,8,24,0,46,46,70
01/13/2021,GLH,MS,ASO,ES,Federal Contract Tower,0,6,1,1,8,0,0,30,0,30,0,6,31,1,38,4,14,18,56
01/14/2021,GLH,MS,ASO,ES,Federal Contract Tower,0,4,4,4,12,0,2,6,2,10,0,6,10,6,22,2,48,50,72
01/15/2021,GLH,MS,ASO,ES,Federal Contract Tower,0,5,3,6,14,0,0,2,0,2,0,5,5,6,16,0,44,44,60
01/16/2021,GLH,MS,ASO,ES,Federal Contract Tower,0,0,0,0,0,0,0,0,0,0,0,0,0,0,0,0,0,0,0
01/17/2021,GLH,MS,ASO,ES,Federal Contract Tower,0,7,0,0,7,0,4,28,0,32,0,11,28,0,39,0,0,0,39
01/18/2021,GLH,MS,ASO,ES,Federal Contract Tower,0,5,5,0,10,0,0,11,0,11,0,5,16,0,21,8,0,8,29
01/19/2021,GLH,MS,ASO,ES,Federal Contract Tower,0,4,4,0,8,0,0,6,0,6,0,4,10,0,14,0,0,0,14
01/20/2021,GLH,MS,ASO,ES,Federal Contract Tower,0,5,2,5,12,0,0,18,1,19,0,5,20,6,31,24,32,56,87
01/21/2021,GLH,MS,ASO,ES,Federal Contract Tower,0,4,0,2,6,0,0,0,0,0,0,4,0,2,6,0,4,4,10
01/22/2021,GLH,MS,ASO,ES,Federal Contract Tower,0,5,6,0,11,0,0,11,0,11,0,5,17,0,22,4,0,4,26
01/23/2021,GLH,MS,ASO,ES,Federal Contract Tower,0,1,1,6,8,0,0,8,0,8,0,1,9,6,16,0,0,0,16
01/24/2021,GLH,MS,ASO,ES,Federal Contract Tower,0,6,3,2,11,0,0,0,0,0,0,6,3,2,11,0,0,0,11
01/25/2021,GLH,MS,ASO,ES,Federal Contract Tower,0,4,0,4,8,0,0,2,0,2,0,4,2,4,10,0,48,48,58
01/26/2021,GLH,MS,ASO,ES,Federal Contract Tower,0,4,4,7,15,0,0,39,1,40,0,4,43,8,55,30,126,156,211
01/27/2021,GLH,MS,ASO,ES,Federal Contract Tower,0,4,2,8,14,0,1,17,2,20,0,5,19,10,34,0,44,44,78
01/28/2021,GLH,MS,ASO,ES,Federal Contract Tower,0,7,4,2,13,0,0,14,0,14,0,7,18,2,27,4,28,32,59
01/29/2021,GLH,MS,ASO,ES,Federal Contract Tower,0,5,1,2,8,0,0,53,6,59,0,5,54,8,67,12,32,44,111
01/30/2021,GLH,MS,ASO,ES,Federal Contract Tower,0,0,0,0,0,0,0,9,10,19,0,0,9,10,19,10,0,10,29
01/31/2021,GLH,MS,ASO,ES,Federal Contract Tower,0,4,2,0,6,0,2,4,0,6,0,6,6,0,12,0,0,0,12
02/01/2021,GLH,MS,ASO,ES,Federal Contract Tower,0,4,0,13,17,0,0,12,2,14,0,4,12,15,31,0,184,184,215
02/02/2021,GLH,MS,ASO,ES,Federal Contract Tower,0,4,0,4,8,0,2,13,0,15,0,6,13,4,23,0,18,18,41
02/03/2021,GLH,MS,ASO,ES,Federal Contract Tower,0,5,2,7,14,0,0,44,3,47,0,5,46,10,61,10,74,84,145
02/04/2021,GLH,MS,ASO,ES,Federal Contract Tower,0,5,1,2,8,0,0,1,0,1,0,5,2,2,9,0,20,20,29
02/05/2021,GLH,MS,ASO,ES,Federal Contract Tower,0,4,2,2,8,0,0,38,0,38,0,4,40,2,46,22,4,26,72
02/06/2021,GLH,MS,ASO,ES,Federal Contract Tower,0,1,0,1,2,0,0,16,0,16,0,1,16,1,18,4,2,6,24
02/07/2021,GLH,MS,ASO,ES,Federal Contract Tower,0,3,2,0,5,0,0,6,0,6,0,3,8,0,11,0,0,0,11
02/08/2021,GLH,MS,ASO,ES,Federal Contract Tower,0,6,1,10,17,0,4,32,1,37,0,10,33,11,54,40,106,146,200
02/09/2021,GLH,MS,ASO,ES,Federal Contract Tower,0,2,7,7,16,0,0,87,0,87,0,2,94,7,103,10,4,14,117
02/10/2021,GLH,MS,ASO,ES,Federal Contract Tower,0,5,4,0,9,0,0,1,0,1,0,5,5,0,10,0,0,0,10
02/11/2021,GLH,MS,ASO,ES,Federal Contract Tower,0,4,1,0,5,0,0,0,0,0,0,4,1,0,5,0,0,0,5
02/12/2021,GLH,MS,ASO,ES,Federal Contract Tower,0,5,0,0,5,0,0,2,0,2,0,5,2,0,7,0,0,0,7
02/13/2021,GLH,MS,ASO,ES,Federal Contract Tower,0,0,2,0,2,0,0,0,0,0,0,0,2,0,2,0,0,0,2
02/14/2021,GLH,MS,ASO,ES,Federal Contract Tower,0,0,0,0,0,0,0,0,0,0,0,0,0,0,0,0,0,0,0
02/15/2021,GLH,MS,ASO,ES,Federal Contract Tower,0,0,0,0,0,0,0,0,0,0,0,0,0,0,0,0,0,0,0
02/16/2021,GLH,MS,ASO,ES,Federal Contract Tower,0,0,0,0,0,0,0,0,0,0,0,0,0,0,0,0,0,0,0
02/17/2021,GLH,MS,ASO,ES,Federal Contract Tower,0,0,0,0,0,0,0,0,0,0,0,0,0,0,0,0,0,0,0
02/18/2021,GLH,MS,ASO,ES,Federal Contract Tower,0,0,0,0,0,0,0,0,0,0,0,0,0,0,0,0,0,0,0
02/19/2021,GLH,MS,ASO,ES,Federal Contract Tower,0,0,0,0,0,0,0,0,0,0,0,0,0,0,0,0,0,0,0
02/20/2021,GLH,MS,ASO,ES,Federal Contract Tower,0,0,0,0,0,0,0,12,0,12,0,0,12,0,12,0,0,0,12
02/21/2021,GLH,MS,ASO,ES,Federal Contract Tower,0,0,0,0,0,0,0,0,0,0,0,0,0,0,0,0,0,0,0
02/23/2021,GLH,MS,ASO,ES,Federal Contract Tower,0,5,3,0,8,0,2,30,0,32,0,7,33,0,40,4,0,4,44
02/24/2021,GLH,MS,ASO,ES,Federal Contract Tower,0,3,8,0,11,0,1,12,0,13,0,4,20,0,24,2,0,2,26
02/25/2021,GLH,MS,ASO,ES,Federal Contract Tower,0,5,5,7,17,0,0,26,4,30,0,5,31,11,47,24,32,56,103
02/26/2021,GLH,MS,ASO,ES,Federal Contract Tower,0,5,4,0,9,0,0,0,0,0,0,5,4,0,9,4,0,4,13
02/27/2021,GLH,MS,ASO,ES,Federal Contract Tower,0,0,0,0,0,0,0,2,0,2,0,0,2,0,2,0,0,0,2
02/28/2021,GLH,MS,ASO,ES,Federal Contract Tower,0,5,0,4,9,0,0,12,0,12,0,5,12,4,21,0,0,0,21
03/01/2021,GLH,MS,ASO,ES,Federal Contract Tower,0,4,0,0,4,0,0,4,0,4,0,4,4,0,8,0,0,0,8
03/02/2021,GLH,MS,ASO,ES,Federal Contract Tower,0,4,2,6,12,0,0,2,0,2,0,4,4,6,14,0,86,86,100
03/03/2021,GLH,MS,ASO,ES,Federal Contract Tower,0,0,5,10,15,0,0,26,0,26,0,0,31,10,41,12,122,134,175
03/04/2021,GLH,MS,ASO,ES,Federal Contract Tower,0,4,4,2,10,0,1,47,0,48,0,5,51,2,58,18,16,34,92
03/05/2021,GLH,MS,ASO,ES,Federal Contract Tower,0,5,6,0,11,0,0,27,0,27,0,5,33,0,38,8,0,8,46
03/06/2021,GLH,MS,ASO,ES,Federal Contract Tower,0,4,0,0,4,0,1,12,0,13,0,5,12,0,17,2,0,2,19
03/07/2021,GLH,MS,ASO,ES,Federal Contract Tower,0,5,0,0,5,0,0,72,0,72,0,5,72,0,77,16,0,16,93
03/08/2021,GLH,MS,ASO,ES,Federal Contract Tower,0,5,3,5,13,0,4,64,0,68,0,9,67,5,81,16,78,94,175
03/09/2021,GLH,MS,ASO,ES,Federal Contract Tower,0,4,2,0,6,0,4,121,0,125,0,8,123,0,131,10,0,10,141
03/10/2021,GLH,MS,ASO,ES,Federal Contract Tower,0,4,8,2,14,0,0,8,0,8,0,4,16,2,22,0,46,46,68
03/11/2021,GLH,MS,ASO,ES,Federal Contract Tower,0,4,5,5,14,0,0,74,1,75,0,4,79,6,89,26,74,100,189
03/12/2021,GLH,MS,ASO,ES,Federal Contract Tower,0,5,2,12,19,0,0,57,2,59,0,5,59,14,78,6,68,74,152
03/13/2021,GLH,MS,ASO,ES,Federal Contract Tower,0,1,6,6,13,0,0,10,0,10,0,1,16,6,23,4,78,82,105
03/14/2021,GLH,MS,ASO,ES,Federal Contract Tower,0,4,3,4,11,0,0,12,0,12,0,4,15,4,23,0,32,32,55
03/15/2021,GLH,MS,ASO,ES,Federal Contract Tower,0,6,6,2,14,0,0,62,0,62,0,6,68,2,76,14,26,40,116
03/16/2021,GLH,MS,ASO,ES,Federal Contract Tower,0,3,2,16,21,0,1,28,0,29,0,4,30,16,50,20,0,20,70
03/17/2021,GLH,MS,ASO,ES,Federal Contract Tower,0,1,2,0,3,0,0,0,0,0,0,1,2,0,3,0,0,0,3
03/18/2021,GLH,MS,ASO,ES,Federal Contract Tower,0,4,3,0,7,0,1,1,0,2,0,5,4,0,9,8,0,8,17
03/19/2021,GLH,MS,ASO,ES,Federal Contract Tower,0,5,1,33,39,0,0,7,2,9,0,5,8,35,48,2,0,2,50
03/20/2021,GLH,MS,ASO,ES,Federal Contract Tower,0,1,5,2,8,0,0,13,0,13,0,1,18,2,21,8,0,8,29
03/21/2021,GLH,MS,ASO,ES,Federal Contract Tower,0,5,0,0,5,0,0,74,0,74,0,5,74,0,79,10,0,10,89
03/22/2021,GLH,MS,ASO,ES,Federal Contract Tower,0,4,0,7,11,0,2,68,5,75,0,6,68,12,86,2,90,92,178
03/23/2021,GLH,MS,ASO,ES,Federal Contract Tower,0,2,2,0,4,0,0,20,0,20,0,2,22,0,24,6,10,16,40
03/24/2021,GLH,MS,ASO,ES,Federal Contract Tower,0,3,0,0,3,0,2,100,0,102,0,5,100,0,105,10,0,10,115
03/25/2021,GLH,MS,ASO,ES,Federal Contract Tower,0,4,2,0,6,0,1,0,0,1,0,5,2,0,7,0,0,0,7
03/26/2021,GLH,MS,ASO,ES,Federal Contract Tower,0,4,3,3,10,0,1,87,3,91,0,5,90,6,101,42,26,68,169
03/27/2021,GLH,MS,ASO,ES,Federal Contract Tower,0,1,2,0,3,0,0,2,0,2,0,1,4,0,5,0,0,0,5
03/28/2021,GLH,MS,ASO,ES,Federal Contract Tower,0,5,4,0,9,0,0,10,0,10,0,5,14,0,19,0,0,0,19
03/29/2021,GLH,MS,ASO,ES,Federal Contract Tower,0,6,1,12,19,0,0,27,0,27,0,6,28,12,46,9,96,105,151
03/30/2021,GLH,MS,ASO,ES,Federal Contract Tower,0,4,7,4,15,0,0,9,0,9,0,4,16,4,24,2,70,72,96
03/31/2021,GLH,MS,ASO,ES,Federal Contract Tower,0,4,0,6,10,0,1,4,0,5,0,5,4,6,15,0,112,112,127
04/01/2021,GLH,MS,ASO,ES,Federal Contract Tower,0,5,3,5,13,0,2,8,18,28,0,7,11,23,41,0,108,108,149
04/02/2021,GLH,MS,ASO,ES,Federal Contract Tower,0,5,1,2,8,0,0,8,0,8,0,5,9,2,16,0,20,20,36
04/03/2021,GLH,MS,ASO,ES,Federal Contract Tower,0,0,1,0,1,0,0,6,0,6,0,0,7,0,7,0,0,0,7
04/04/2021,GLH,MS,ASO,ES,Federal Contract Tower,0,5,2,0,7,0,0,10,0,10,0,5,12,0,17,0,0,0,17
04/05/2021,GLH,MS,ASO,ES,Federal Contract Tower,0,6,1,11,18,0,2,84,1,87,0,8,85,12,105,40,182,222,327
04/06/2021,GLH,MS,ASO,ES,Federal Contract Tower,0,4,11,7,22,0,0,96,0,96,0,4,107,7,118,28,66,94,212
04/07/2021,GLH,MS,ASO,ES,Federal Contract Tower,0,5,2,0,7,0,0,16,0,16,0,5,18,0,23,0,0,0,23
04/08/2021,GLH,MS,ASO,ES,Federal Contract Tower,0,5,3,24,32,0,2,5,3,10,0,7,8,27,42,0,210,210,252
04/09/2021,GLH,MS,ASO,ES,Federal Contract Tower,0,4,5,1,10,0,1,8,0,9,0,5,13,1,19,0,2,2,21
04/10/2021,GLH,MS,ASO,ES,Federal Contract Tower,0,0,3,0,3,0,0,6,0,6,0,0,9,0,9,0,0,0,9
04/11/2021,GLH,MS,ASO,ES,Federal Contract Tower,0,5,1,0,6,0,0,8,0,8,0,5,9,0,14,0,0,0,14
04/12/2021,GLH,MS,ASO,ES,Federal Contract Tower,0,5,0,6,11,0,2,41,0,43,0,7,41,6,54,16,82,98,152
04/13/2021,GLH,MS,ASO,ES,Federal Contract Tower,0,4,1,4,9,0,2,125,11,138,0,6,126,15,147,30,88,118,265
04/14/2021,GLH,MS,ASO,ES,Federal Contract Tower,0,4,2,2,8,0,0,4,0,4,0,4,6,2,12,2,2,4,16
04/15/2021,GLH,MS,ASO,ES,Federal Contract Tower,0,4,2,5,11,0,0,29,3,32,0,4,31,8,43,10,120,130,173
04/16/2021,GLH,MS,ASO,ES,Federal Contract Tower,0,1,1,12,14,0,5,12,0,17,0,6,13,12,31,2,82,84,115
04/17/2021,GLH,MS,ASO,ES,Federal Contract Tower,0,1,4,0,5,0,0,3,0,3,0,1,7,0,8,0,0,0,8
04/18/2021,GLH,MS,ASO,ES,Federal Contract Tower,0,5,0,0,5,0,0,8,0,8,0,5,8,0,13,4,0,4,17
04/19/2021,GLH,MS,ASO,ES,Federal Contract Tower,0,5,2,4,11,0,2,92,1,95,0,7,94,5,106,22,22,44,150
04/20/2021,GLH,MS,ASO,ES,Federal Contract Tower,0,3,0,8,11,0,2,89,3,94,0,5,89,11,105,26,140,166,271
04/21/2021,GLH,MS,ASO,ES,Federal Contract Tower,0,5,2,8,15,0,0,12,8,20,0,5,14,16,35,4,24,28,63
04/22/2021,GLH,MS,ASO,ES,Federal Contract Tower,0,6,7,8,21,0,4,22,0,26,0,10,29,8,47,12,94,106,153
04/23/2021,GLH,MS,ASO,ES,Federal Contract Tower,0,5,2,10,17,0,0,3,1,4,0,5,5,11,21,2,112,114,135
04/24/2021,GLH,MS,ASO,ES,Federal Contract Tower,0,0,0,6,6,0,0,2,0,2,0,0,2,6,8,0,4,4,12
04/25/2021,GLH,MS,ASO,ES,Federal Contract Tower,0,5,4,1,10,0,0,13,15,28,0,5,17,16,38,2,4,6,44
04/26/2021,GLH,MS,ASO,ES,Federal Contract Tower,0,3,4,6,13,0,2,22,15,39,0,5,26,21,52,10,94,104,156
04/27/2021,GLH,MS,ASO,ES,Federal Contract Tower,0,5,2,5,12,0,2,64,0,66,0,7,66,5,78,8,76,84,162
04/28/2021,GLH,MS,ASO,ES,Federal Contract Tower,0,5,4,8,17,0,4,201,0,205,0,9,205,8,222,2,62,64,286
04/29/2021,GLH,MS,ASO,ES,Federal Contract Tower,0,5,2,6,13,0,4,6,0,10,0,9,8,6,23,2,46,48,71
04/30/2021,GLH,MS,ASO,ES,Federal Contract Tower,0,5,1,6,12,0,2,22,1,25,0,7,23,7,37,22,52,74,111
05/01/2021,GLH,MS,ASO,ES,Federal Contract Tower,0,1,0,0,1,0,0,10,0,10,0,1,10,0,11,0,0,0,11
05/02/2021,GLH,MS,ASO,ES,Federal Contract Tower,0,5,1,0,6,0,0,2,0,2,0,5,3,0,8,0,0,0,8
05/03/2021,GLH,MS,ASO,ES,Federal Contract Tower,0,5,4,7,16,0,0,10,5,15,0,5,14,12,31,0,52,52,83
05/04/2021,GLH,MS,ASO,ES,Federal Contract Tower,0,4,1,0,5,0,0,0,0,0,0,4,1,0,5,0,0,0,5
05/05/2021,GLH,MS,ASO,ES,Federal Contract Tower,0,5,1,1,7,0,6,17,4,27,0,11,18,5,34,12,6,18,52
05/06/2021,GLH,MS,ASO,ES,Federal Contract Tower,0,4,1,3,8,0,2,24,0,26,0,6,25,3,34,20,4,24,58
05/07/2021,GLH,MS,ASO,ES,Federal Contract Tower,0,5,0,8,13,0,0,8,1,9,0,5,8,9,22,10,70,80,102
05/08/2021,GLH,MS,ASO,ES,Federal Contract Tower,0,1,4,0,5,0,0,7,0,7,0,1,11,0,12,2,0,2,14
05/09/2021,GLH,MS,ASO,ES,Federal Contract Tower,0,3,0,0,3,0,0,2,0,2,0,3,2,0,5,0,0,0,5
05/10/2021,GLH,MS,ASO,ES,Federal Contract Tower,0,5,3,11,19,0,0,8,1,9,0,5,11,12,28,0,20,20,48
05/11/2021,GLH,MS,ASO,ES,Federal Contract Tower,0,3,0,0,3,0,0,4,0,4,0,3,4,0,7,0,0,0,7
05/12/2021,GLH,MS,ASO,ES,Federal Contract Tower,0,5,2,4,11,0,0,2,0,2,0,5,4,4,13,0,56,56,69
05/13/2021,GLH,MS,ASO,ES,Federal Contract Tower,0,7,4,4,15,0,0,22,0,22,0,7,26,4,37,22,80,102,139
05/14/2021,GLH,MS,ASO,ES,Federal Contract Tower,0,7,3,3,13,0,4,76,1,81,0,11,79,4,94,12,24,36,130
05/15/2021,GLH,MS,ASO,ES,Federal Contract Tower,0,0,3,3,6,0,0,77,3,80,0,0,80,6,86,2,16,18,104
05/16/2021,GLH,MS,ASO,ES,Federal Contract Tower,0,0,4,0,4,0,0,10,0,10,0,0,14,0,14,0,0,0,14
05/17/2021,GLH,MS,ASO,ES,Federal Contract Tower,0,0,0,10,10,0,0,12,1,13,0,0,12,11,23,0,100,100,123
05/18/2021,GLH,MS,ASO,ES,Federal Contract Tower,0,3,0,6,9,0,0,6,0,6,0,3,6,6,15,0,58,58,73
05/19/2021,GLH,MS,ASO,ES,Federal Contract Tower,0,5,0,3,8,0,0,2,0,2,0,5,2,3,10,0,16,16,26
05/20/2021,GLH,MS,ASO,ES,Federal Contract Tower,0,4,11,0,15,0,2,6,0,8,0,6,17,0,23,0,0,0,23
05/21/2021,GLH,MS,ASO,ES,Federal Contract Tower,0,5,6,4,15,0,4,4,0,8,0,9,10,4,23,4,56,60,83
05/22/2021,GLH,MS,ASO,ES,Federal Contract Tower,0,0,0,0,0,0,0,52,0,52,0,0,52,0,52,2,0,2,54
05/23/2021,GLH,MS,ASO,ES,Federal Contract Tower,0,5,0,0,5,0,0,14,0,14,0,5,14,0,19,10,0,10,29
05/24/2021,GLH,MS,ASO,ES,Federal Contract Tower,0,7,1,3,11,0,7,126,1,134,0,14,127,4,145,16,60,76,221
05/25/2021,GLH,MS,ASO,ES,Federal Contract Tower,0,5,5,2,12,0,2,94,0,96,0,7,99,2,108,20,30,50,158
05/26/2021,GLH,MS,ASO,ES,Federal Contract Tower,0,5,1,0,6,0,0,44,0,44,0,5,45,0,50,14,0,14,64
05/27/2021,GLH,MS,ASO,ES,Federal Contract Tower,0,6,1,7,14,0,0,134,0,134,0,6,135,7,148,22,128,150,298
05/28/2021,GLH,MS,ASO,ES,Federal Contract Tower,0,5,3,0,8,0,0,11,0,11,0,5,14,0,19,12,0,12,31
05/29/2021,GLH,MS,ASO,ES,Federal Contract Tower,0,4,0,0,4,0,0,3,0,3,0,4,3,0,7,0,0,0,7
05/30/2021,GLH,MS,ASO,ES,Federal Contract Tower,0,7,0,0,7,0,0,2,0,2,0,7,2,0,9,0,0,0,9
05/31/2021,GLH,MS,ASO,ES,Federal Contract Tower,0,3,1,0,4,0,0,2,0,2,0,3,3,0,6,2,0,2,8
06/01/2021,GLH,MS,ASO,ES,Federal Contract Tower,0,4,4,0,8,0,0,31,0,31,0,4,35,0,39,6,0,6,45
06/02/2021,GLH,MS,ASO,ES,Federal Contract Tower,0,5,1,6,12,0,0,6,1,7,0,5,7,7,19,10,42,52,71
06/03/2021,GLH,MS,ASO,ES,Federal Contract Tower,0,4,3,14,21,0,4,39,1,44,0,8,42,15,65,6,144,150,215
06/04/2021,GLH,MS,ASO,ES,Federal Contract Tower,0,5,3,1,9,0,2,68,1,71,0,7,71,2,80,2,10,12,92
06/05/2021,GLH,MS,ASO,ES,Federal Contract Tower,0,1,1,0,2,0,0,18,0,18,0,1,19,0,20,0,0,0,20
06/06/2021,GLH,MS,ASO,ES,Federal Contract Tower,0,5,5,0,10,0,0,0,0,0,0,5,5,0,10,0,0,0,10
06/07/2021,GLH,MS,ASO,ES,Federal Contract Tower,0,2,4,0,6,0,0,2,0,2,0,2,6,0,8,0,0,0,8
06/08/2021,GLH,MS,ASO,ES,Federal Contract Tower,0,4,4,0,8,0,0,2,0,2,0,4,6,0,10,0,0,0,10
06/09/2021,GLH,MS,ASO,ES,Federal Contract Tower,0,3,4,4,11,0,0,0,0,0,0,3,4,4,11,0,6,6,17
06/10/2021,GLH,MS,ASO,ES,Federal Contract Tower,0,4,5,4,13,0,0,1,0,1,0,4,6,4,14,0,60,60,74
06/11/2021,GLH,MS,ASO,ES,Federal Contract Tower,0,6,1,0,7,0,0,4,2,6,0,6,5,2,13,2,0,2,15
06/12/2021,GLH,MS,ASO,ES,Federal Contract Tower,0,0,0,7,7,0,0,18,0,18,0,0,18,7,25,4,16,20,45
06/13/2021,GLH,MS,ASO,ES,Federal Contract Tower,0,6,0,0,6,0,0,6,0,6,0,6,6,0,12,0,0,0,12
06/14/2021,GLH,MS,ASO,ES,Federal Contract Tower,0,3,3,6,12,0,1,18,0,19,0,4,21,6,31,20,74,94,125
06/15/2021,GLH,MS,ASO,ES,Federal Contract Tower,0,4,2,7,13,0,2,15,1,18,0,6,17,8,31,0,56,56,87
06/16/2021,GLH,MS,ASO,ES,Federal Contract Tower,0,5,0,4,9,0,4,18,0,22,0,9,18,4,31,10,50,60,91
06/17/2021,GLH,MS,ASO,ES,Federal Contract Tower,0,4,2,0,6,0,2,47,0,49,0,6,49,0,55,16,0,16,71
06/18/2021,GLH,MS,ASO,ES,Federal Contract Tower,0,3,4,0,7,0,4,17,0,21,0,7,21,0,28,12,0,12,40
06/19/2021,GLH,MS,ASO,ES,Federal Contract Tower,0,1,3,0,4,0,0,34,0,34,0,1,37,0,38,0,0,0,38
06/20/2021,GLH,MS,ASO,ES,Federal Contract Tower,0,4,0,0,4,0,0,22,0,22,0,4,22,0,26,0,0,0,26
06/21/2021,GLH,MS,ASO,ES,Federal Contract Tower,0,4,2,4,10,0,0,2,0,2,0,4,4,4,12,0,64,64,76
06/22/2021,GLH,MS,ASO,ES,Federal Contract Tower,0,4,7,10,21,0,0,35,0,35,0,4,42,10,56,26,104,130,186
06/23/2021,GLH,MS,ASO,ES,Federal Contract Tower,0,2,4,8,14,0,1,24,4,29,0,3,28,12,43,24,114,138,181
06/24/2021,GLH,MS,ASO,ES,Federal Contract Tower,0,4,2,13,19,0,0,20,2,22,0,4,22,15,41,46,104,150,191
06/25/2021,GLH,MS,ASO,ES,Federal Contract Tower,0,6,5,6,17,0,0,6,0,6,0,6,11,6,23,2,110,112,135
06/26/2021,GLH,MS,ASO,ES,Federal Contract Tower,0,2,0,0,2,0,0,14,0,14,0,2,14,0,16,0,0,0,16
06/27/2021,GLH,MS,ASO,ES,Federal Contract Tower,0,3,0,0,3,0,0,12,0,12,0,3,12,0,15,0,0,0,15
06/28/2021,GLH,MS,ASO,ES,Federal Contract Tower,0,3,3,5,11,0,0,12,0,12,0,3,15,5,23,12,52,64,87
06/29/2021,GLH,MS,ASO,ES,Federal Contract Tower,0,2,2,10,14,0,0,34,2,36,0,2,36,12,50,24,102,126,176
06/30/2021,GLH,MS,ASO,ES,Federal Contract Tower,0,4,2,11,17,0,0,58,2,60,0,4,60,13,77,6,120,126,203
07/01/2021,GLH,MS,ASO,ES,Federal Contract Tower,0,5,8,5,18,0,0,25,5,30,0,5,33,10,48,14,88,102,150
07/02/2021,GLH,MS,ASO,ES,Federal Contract Tower,0,1,1,0,2,0,2,8,0,10,0,3,9,0,12,2,0,2,14
07/03/2021,GLH,MS,ASO,ES,Federal Contract Tower,0,0,2,0,2,0,0,14,0,14,0,0,16,0,16,2,0,2,18
07/04/2021,GLH,MS,ASO,ES,Federal Contract Tower,0,3,0,0,3,0,1,14,0,15,0,4,14,0,18,0,0,0,18
07/05/2021,GLH,MS,ASO,ES,Federal Contract Tower,0,2,0,0,2,0,32,0,0,32,0,34,0,0,34,66,0,66,100
07/06/2021,GLH,MS,ASO,ES,Federal Contract Tower,0,0,5,11,16,0,0,50,0,50,0,0,55,11,66,36,160,196,262
07/07/2021,GLH,MS,ASO,ES,Federal Contract Tower,0,4,6,11,21,0,0,24,2,26,0,4,30,13,47,0,138,138,185
07/08/2021,GLH,MS,ASO,ES,Federal Contract Tower,0,5,5,12,22,0,0,65,2,67,0,5,70,14,89,18,72,90,179
07/09/2021,GLH,MS,ASO,ES,Federal Contract Tower,0,4,2,5,11,0,0,53,1,54,0,4,55,6,65,4,38,42,107
07/10/2021,GLH,MS,ASO,ES,Federal Contract Tower,0,1,0,1,2,0,0,2,1,3,0,1,2,2,5,0,2,2,7
07/11/2021,GLH,MS,ASO,ES,Federal Contract Tower,0,4,2,0,6,0,0,0,0,0,0,4,2,0,6,0,0,0,6
07/12/2021,GLH,MS,ASO,ES,Federal Contract Tower,0,4,2,12,18,0,0,2,1,3,0,4,4,13,21,0,108,108,129
07/13/2021,GLH,MS,ASO,ES,Federal Contract Tower,0,4,1,14,19,0,0,26,16,42,0,4,27,30,61,2,118,120,181
07/14/2021,GLH,MS,ASO,ES,Federal Contract Tower,0,0,4,7,11,0,0,0,0,0,0,0,4,7,11,6,8,14,25
07/15/2021,GLH,MS,ASO,ES,Federal Contract Tower,0,4,5,6,15,0,0,15,1,16,0,4,20,7,31,4,38,42,73
07/16/2021,GLH,MS,ASO,ES,Federal Contract Tower,0,5,5,0,10,0,0,10,0,10,0,5,15,0,20,4,0,4,24
07/17/2021,GLH,MS,ASO,ES,Federal Contract Tower,0,0,2,0,2,0,0,1,0,1,0,0,3,0,3,0,0,0,3
07/18/2021,GLH,MS,ASO,ES,Federal Contract Tower,0,5,2,0,7,0,0,0,0,0,0,5,2,0,7,0,0,0,7
07/19/2021,GLH,MS,ASO,ES,Federal Contract Tower,0,4,3,3,10,0,0,1,0,1,0,4,4,3,11,0,0,0,11
07/20/2021,GLH,MS,ASO,ES,Federal Contract Tower,0,3,4,0,7,0,0,6,2,8,0,3,10,2,15,2,0,2,17
07/21/2021,GLH,MS,ASO,ES,Federal Contract Tower,0,5,2,0,7,0,0,10,0,10,0,5,12,0,17,2,0,2,19
07/22/2021,GLH,MS,ASO,ES,Federal Contract Tower,0,4,4,0,8,0,1,70,0,71,0,5,74,0,79,12,0,12,91
07/23/2021,GLH,MS,ASO,ES,Federal Contract Tower,0,5,4,0,9,0,0,78,0,78,0,5,82,0,87,12,0,12,99
07/24/2021,GLH,MS,ASO,ES,Federal Contract Tower,0,0,4,0,4,0,0,15,0,15,0,0,19,0,19,6,0,6,25
07/25/2021,GLH,MS,ASO,ES,Federal Contract Tower,0,6,3,0,9,0,0,12,0,12,0,6,15,0,21,14,0,14,35
07/26/2021,GLH,MS,ASO,ES,Federal Contract Tower,0,4,4,1,9,0,4,28,1,33,0,8,32,2,42,12,0,12,54
07/27/2021,GLH,MS,ASO,ES,Federal Contract Tower,0,4,4,0,8,0,2,23,0,25,0,6,27,0,33,10,0,10,43
07/28/2021,GLH,MS,ASO,ES,Federal Contract Tower,0,4,3,0,7,0,19,2,0,21,0,23,5,0,28,24,0,24,52
07/29/2021,GLH,MS,ASO,ES,Federal Contract Tower,0,5,3,0,8,0,0,12,0,12,0,5,15,0,20,0,0,0,20
07/30/2021,GLH,MS,ASO,ES,Federal Contract Tower,0,5,9,2,16,0,0,44,2,46,0,5,53,4,62,8,2,10,72
07/31/2021,GLH,MS,ASO,ES,Federal Contract Tower,0,1,6,0,7,0,0,47,0,47,0,1,53,0,54,4,0,4,58
08/01/2021,GLH,MS,ASO,ES,Federal Contract Tower,0,2,1,0,3,0,4,4,0,8,0,6,5,0,11,0,0,0,11
08/02/2021,GLH,MS,ASO,ES,Federal Contract Tower,0,5,7,0,12,0,2,0,0,2,0,7,7,0,14,0,0,0,14
08/03/2021,GLH,MS,ASO,ES,Federal Contract Tower,0,4,1,8,13,0,0,23,0,23,0,4,24,8,36,6,42,48,84
08/04/2021,GLH,MS,ASO,ES,Federal Contract Tower,0,5,1,1,7,0,0,18,0,18,0,5,19,1,25,8,2,10,35
08/05/2021,GLH,MS,ASO,ES,Federal Contract Tower,0,4,0,5,9,0,0,12,0,12,0,4,12,5,21,28,4,32,53
08/06/2021,GLH,MS,ASO,ES,Federal Contract Tower,0,5,4,0,9,0,0,17,0,17,0,5,21,0,26,6,0,6,32
08/07/2021,GLH,MS,ASO,ES,Federal Contract Tower,0,1,4,0,5,0,0,24,0,24,0,1,28,0,29,2,0,2,31
08/08/2021,GLH,MS,ASO,ES,Federal Contract Tower,0,4,2,1,7,0,2,8,0,10,0,6,10,1,17,0,2,2,19
08/09/2021,GLH,MS,ASO,ES,Federal Contract Tower,0,3,2,3,8,0,1,17,0,18,0,4,19,3,26,8,6,14,40
08/10/2021,GLH,MS,ASO,ES,Federal Contract Tower,0,6,0,4,10,0,2,28,0,30,0,8,28,4,40,6,8,14,54
08/11/2021,GLH,MS,ASO,ES,Federal Contract Tower,0,5,4,0,9,0,2,6,0,8,0,7,10,0,17,2,0,2,19
08/12/2021,GLH,MS,ASO,ES,Federal Contract Tower,0,5,1,0,6,0,0,10,0,10,0,5,11,0,16,2,0,2,18
08/13/2021,GLH,MS,ASO,ES,Federal Contract Tower,0,4,0,0,4,0,1,8,0,9,0,5,8,0,13,8,0,8,21
08/14/2021,GLH,MS,ASO,ES,Federal Contract Tower,0,1,2,0,3,0,0,8,2,10,0,1,10,2,13,0,10,10,23
08/15/2021,GLH,MS,ASO,ES,Federal Contract Tower,0,1,4,0,5,0,0,2,0,2,0,1,6,0,7,0,0,0,7
08/16/2021,GLH,MS,ASO,ES,Federal Contract Tower,0,4,2,0,6,0,4,0,0,4,0,8,2,0,10,2,0,2,12
08/17/2021,GLH,MS,ASO,ES,Federal Contract Tower,0,3,3,5,11,0,4,34,0,38,0,7,37,5,49,10,10,20,69
08/18/2021,GLH,MS,ASO,ES,Federal Contract Tower,0,3,4,6,13,0,0,8,4,12,0,3,12,10,25,4,52,56,81
08/19/2021,GLH,MS,ASO,ES,Federal Contract Tower,0,3,2,0,5,0,1,1,0,2,0,4,3,0,7,0,0,0,7
08/20/2021,GLH,MS,ASO,ES,Federal Contract Tower,0,5,5,5,15,0,0,18,1,19,0,5,23,6,34,0,40,40,74
08/21/2021,GLH,MS,ASO,ES,Federal Contract Tower,0,0,3,0,3,0,0,6,0,6,0,0,9,0,9,0,0,0,9
08/22/2021,GLH,MS,ASO,ES,Federal Contract Tower,0,5,3,0,8,0,0,9,0,9,0,5,12,0,17,0,0,0,17
08/23/2021,GLH,MS,ASO,ES,Federal Contract Tower,0,4,0,4,8,0,0,12,0,12,0,4,12,4,20,6,46,52,72
08/24/2021,GLH,MS,ASO,ES,Federal Contract Tower,0,4,1,2,7,0,0,14,2,16,0,4,15,4,23,12,42,54,77
08/25/2021,GLH,MS,ASO,ES,Federal Contract Tower,0,1,0,5,6,0,0,21,4,25,0,1,21,9,31,2,50,52,83
08/26/2021,GLH,MS,ASO,ES,Federal Contract Tower,0,5,3,5,13,0,0,30,0,30,0,5,33,5,43,10,66,76,119
08/27/2021,GLH,MS,ASO,ES,Federal Contract Tower,0,4,0,4,8,0,0,20,0,20,0,4,20,4,28,12,26,38,66
08/28/2021,GLH,MS,ASO,ES,Federal Contract Tower,0,1,5,0,6,0,0,7,0,7,0,1,12,0,13,4,0,4,17
08/29/2021,GLH,MS,ASO,ES,Federal Contract Tower,0,0,3,0,3,0,4,1,0,5,0,4,4,0,8,0,0,0,8
08/30/2021,GLH,MS,ASO,ES,Federal Contract Tower,0,0,0,0,0,0,0,0,0,0,0,0,0,0,0,0,0,0,0
08/31/2021,GLH,MS,ASO,ES,Federal Contract Tower,0,3,0,3,6,0,3,5,0,8,0,6,5,3,14,2,14,16,30
09/01/2021,GLH,MS,ASO,ES,Federal Contract Tower,0,4,0,3,7,0,0,38,1,39,0,4,38,4,46,10,78,88,134
09/02/2021,GLH,MS,ASO,ES,Federal Contract Tower,0,4,2,5,11,0,0,33,1,34,0,4,35,6,45,2,64,66,111
09/03/2021,GLH,MS,ASO,ES,Federal Contract Tower,0,5,0,0,5,0,0,58,0,58,0,5,58,0,63,8,0,8,71
09/04/2021,GLH,MS,ASO,ES,Federal Contract Tower,0,0,1,1,2,0,0,99,5,104,0,0,100,6,106,6,0,6,112
09/05/2021,GLH,MS,ASO,ES,Federal Contract Tower,0,4,2,0,6,0,5,33,0,38,0,9,35,0,44,0,0,0,44
09/06/2021,GLH,MS,ASO,ES,Federal Contract Tower,0,3,1,0,4,0,4,16,0,20,0,7,17,0,24,0,0,0,24
09/07/2021,GLH,MS,ASO,ES,Federal Contract Tower,0,3,0,11,14,0,1,62,1,64,0,4,62,12,78,10,106,116,194
09/08/2021,GLH,MS,ASO,ES,Federal Contract Tower,0,1,0,8,9,0,3,54,4,61,0,4,54,12,70,2,60,62,132
09/09/2021,GLH,MS,ASO,ES,Federal Contract Tower,0,0,0,0,0,0,5,36,18,59,0,5,36,18,59,0,0,0,59
09/10/2021,GLH,MS,ASO,ES,Federal Contract Tower,0,1,5,3,9,0,4,34,2,40,0,5,39,5,49,0,14,14,63
09/11/2021,GLH,MS,ASO,ES,Federal Contract Tower,0,0,0,0,0,0,1,6,0,7,0,1,6,0,7,0,0,0,7
09/12/2021,GLH,MS,ASO,ES,Federal Contract Tower,0,5,2,6,13,0,0,7,0,7,0,5,9,6,20,0,12,12,32
09/13/2021,GLH,MS,ASO,ES,Federal Contract Tower,0,4,5,8,17,0,3,23,1,27,0,7,28,9,44,4,124,128,172
09/14/2021,GLH,MS,ASO,ES,Federal Contract Tower,0,4,4,6,14,0,2,12,0,14,0,6,16,6,28,0,30,30,58
09/15/2021,GLH,MS,ASO,ES,Federal Contract Tower,0,4,6,8,18,0,0,2,4,6,0,4,8,12,24,4,70,74,98
09/16/2021,GLH,MS,ASO,ES,Federal Contract Tower,0,4,0,4,8,0,1,20,0,21,0,5,20,4,29,0,2,2,31
09/17/2021,GLH,MS,ASO,ES,Federal Contract Tower,0,5,2,2,9,0,0,1,0,1,0,5,3,2,10,0,2,2,12
09/18/2021,GLH,MS,ASO,ES,Federal Contract Tower,0,0,4,0,4,0,0,0,0,0,0,0,4,0,4,0,0,0,4
09/19/2021,GLH,MS,ASO,ES,Federal Contract Tower,0,1,0,2,3,0,2,3,0,5,0,3,3,2,8,0,0,0,8
09/20/2021,GLH,MS,ASO,ES,Federal Contract Tower,0,1,1,9,11,0,4,8,0,12,0,5,9,9,23,2,50,52,75
09/21/2021,GLH,MS,ASO,ES,Federal Contract Tower,0,5,2,4,11,0,0,19,0,19,0,5,21,4,30,2,88,90,120
09/22/2021,GLH,MS,ASO,ES,Federal Contract Tower,0,2,0,8,10,0,3,8,0,11,0,5,8,8,21,6,88,94,115
09/23/2021,GLH,MS,ASO,ES,Federal Contract Tower,0,0,1,2,3,0,0,45,4,49,0,0,46,6,52,28,64,92,144
09/24/2021,GLH,MS,ASO,ES,Federal Contract Tower,0,0,3,6,9,0,0,28,4,32,0,0,31,10,41,20,48,68,109
09/25/2021,GLH,MS,ASO,ES,Federal Contract Tower,0,1,0,0,1,0,0,18,2,20,0,1,18,2,21,2,10,12,33
09/26/2021,GLH,MS,ASO,ES,Federal Contract Tower,0,1,2,0,3,0,4,5,0,9,0,5,7,0,12,0,0,0,12
09/27/2021,GLH,MS,ASO,ES,Federal Contract Tower,0,0,2,5,7,0,9,32,1,42,0,9,34,6,49,26,36,62,111
09/28/2021,GLH,MS,ASO,ES,Federal Contract Tower,0,4,6,2,12,0,1,9,0,10,0,5,15,2,22,0,8,8,30
09/29/2021,GLH,MS,ASO,ES,Federal Contract Tower,0,3,2,0,5,0,8,13,0,21,0,11,15,0,26,0,0,0,26
09/30/2021,GLH,MS,ASO,ES,Federal Contract Tower,0,2,2,0,4,0,0,4,0,4,0,2,6,0,8,2,0,2,10
10/01/2021,GLH,MS,ASO,ES,Federal Contract Tower,0,2,5,0,7,0,0,15,0,15,0,2,20,0,22,6,0,6,28
10/02/2021,GLH,MS,ASO,ES,Federal Contract Tower,0,2,0,0,2,0,0,2,0,2,0,2,2,0,4,0,0,0,4
10/03/2021,GLH,MS,ASO,ES,Federal Contract Tower,0,4,4,0,8,0,0,0,0,0,0,4,4,0,8,0,0,0,8
10/04/2021,GLH,MS,ASO,ES,Federal Contract Tower,0,4,0,4,8,0,0,23,45,68,0,4,23,49,76,8,124,132,208
10/05/2021,GLH,MS,ASO,ES,Federal Contract Tower,0,2,0,5,7,0,0,8,5,13,0,2,8,10,20,0,80,80,100
10/06/2021,GLH,MS,ASO,ES,Federal Contract Tower,0,4,2,8,14,0,0,5,2,7,0,4,7,10,21,0,20,20,41
10/07/2021,GLH,MS,ASO,ES,Federal Contract Tower,0,4,0,9,13,0,0,14,2,16,0,4,14,11,29,4,138,142,171
10/08/2021,GLH,MS,ASO,ES,Federal Contract Tower,0,4,4,11,19,0,0,13,0,13,0,4,17,11,32,6,62,68,100
10/09/2021,GLH,MS,ASO,ES,Federal Contract Tower,0,1,4,2,7,0,0,9,0,9,0,1,13,2,16,4,4,8,24
10/10/2021,GLH,MS,ASO,ES,Federal Contract Tower,0,4,5,0,9,0,0,6,0,6,0,4,11,0,15,6,0,6,21
10/11/2021,GLH,MS,ASO,ES,Federal Contract Tower,0,4,9,0,13,0,0,2,0,2,0,4,11,0,15,2,0,2,17
10/12/2021,GLH,MS,ASO,ES,Federal Contract Tower,0,2,2,2,6,0,0,7,2,9,0,2,9,4,15,2,38,40,55
10/13/2021,GLH,MS,ASO,ES,Federal Contract Tower,0,3,1,5,9,0,0,18,3,21,0,3,19,8,30,10,34,44,74
10/14/2021,GLH,MS,ASO,ES,Federal Contract Tower,0,4,4,4,12,0,0,6,2,8,0,4,10,6,20,20,8,28,48
10/15/2021,GLH,MS,ASO,ES,Federal Contract Tower,0,4,4,0,8,0,0,7,0,7,0,4,11,0,15,0,0,0,15
10/16/2021,GLH,MS,ASO,ES,Federal Contract Tower,0,2,1,0,3,0,0,12,0,12,0,2,13,0,15,2,0,2,17
10/17/2021,GLH,MS,ASO,ES,Federal Contract Tower,0,3,0,2,5,0,0,14,2,16,0,3,14,4,21,2,4,6,27
10/18/2021,GLH,MS,ASO,ES,Federal Contract Tower,0,4,3,12,19,0,0,11,0,11,0,4,14,12,30,6,124,130,160
10/19/2021,GLH,MS,ASO,ES,Federal Contract Tower,0,2,2,2,6,0,0,23,0,23,0,2,25,2,29,20,32,52,81
10/20/2021,GLH,MS,ASO,ES,Federal Contract Tower,0,3,2,9,14,0,0,6,1,7,0,3,8,10,21,8,104,112,133
10/21/2021,GLH,MS,ASO,ES,Federal Contract Tower,0,3,9,8,20,0,0,12,0,12,0,3,21,8,32,14,36,50,82
10/22/2021,GLH,MS,ASO,ES,Federal Contract Tower,0,4,1,0,5,0,0,30,0,30,0,4,31,0,35,10,0,10,45
10/23/2021,GLH,MS,ASO,ES,Federal Contract Tower,0,4,0,0,4,0,0,6,0,6,0,4,6,0,10,0,0,0,10
10/24/2021,GLH,MS,ASO,ES,Federal Contract Tower,0,4,0,0,4,0,0,4,0,4,0,4,4,0,8,0,0,0,8
10/25/2021,GLH,MS,ASO,ES,Federal Contract Tower,0,4,0,0,4,0,0,4,0,4,0,4,4,0,8,2,0,2,10
10/26/2021,GLH,MS,ASO,ES,Federal Contract Tower,0,4,2,6,12,0,0,16,3,19,0,4,18,9,31,8,72,80,111
10/27/2021,GLH,MS,ASO,ES,Federal Contract Tower,0,4,0,4,8,0,0,8,0,8,0,4,8,4,16,12,68,80,96
10/28/2021,GLH,MS,ASO,ES,Federal Contract Tower,0,4,0,5,9,0,0,6,0,6,0,4,6,5,15,2,8,10,25
10/29/2021,GLH,MS,ASO,ES,Federal Contract Tower,0,4,3,6,13,0,0,4,2,6,0,4,7,8,19,2,38,40,59
10/30/2021,GLH,MS,ASO,ES,Federal Contract Tower,0,2,2,0,4,0,0,2,0,2,0,2,4,0,6,2,0,2,8
10/31/2021,GLH,MS,ASO,ES,Federal Contract Tower,0,4,2,0,6,0,0,7,0,7,0,4,9,0,13,2,0,2,15
11/01/2021,GLH,MS,ASO,ES,Federal Contract Tower,0,4,3,5,12,0,0,24,0,24,0,4,27,5,36,10,110,120,156
11/02/2021,GLH,MS,ASO,ES,Federal Contract Tower,0,4,3,6,13,0,0,11,0,11,0,4,14,6,24,14,98,112,136
11/03/2021,GLH,MS,ASO,ES,Federal Contract Tower,0,3,3,0,6,0,0,5,0,5,0,3,8,0,11,2,0,2,13
11/04/2021,GLH,MS,ASO,ES,Federal Contract Tower,0,3,3,7,13,0,1,14,3,18,0,4,17,10,31,2,148,150,181
11/05/2021,GLH,MS,ASO,ES,Federal Contract Tower,0,4,1,4,9,0,0,2,0,2,0,4,3,4,11,0,6,6,17
11/06/2021,GLH,MS,ASO,ES,Federal Contract Tower,0,2,1,1,4,0,0,15,1,16,0,2,16,2,20,0,2,2,22
11/07/2021,GLH,MS,ASO,ES,Federal Contract Tower,0,4,2,0,6,0,0,8,0,8,0,4,10,0,14,0,0,0,14
11/08/2021,GLH,MS,ASO,ES,Federal Contract Tower,0,4,0,3,7,0,0,20,7,27,0,4,20,10,34,10,24,34,68
11/09/2021,GLH,MS,ASO,ES,Federal Contract Tower,0,2,3,5,10,0,0,33,1,34,0,2,36,6,44,14,74,88,132
11/10/2021,GLH,MS,ASO,ES,Federal Contract Tower,0,4,0,6,10,0,0,14,2,16,0,4,14,8,26,10,92,102,128
11/11/2021,GLH,MS,ASO,ES,Federal Contract Tower,0,3,2,0,5,0,0,10,0,10,0,3,12,0,15,6,0,6,21
11/12/2021,GLH,MS,ASO,ES,Federal Contract Tower,0,3,1,0,4,0,0,18,0,18,0,3,19,0,22,30,0,30,52
11/13/2021,GLH,MS,ASO,ES,Federal Contract Tower,0,2,0,0,2,0,0,6,0,6,0,2,6,0,8,0,0,0,8
11/14/2021,GLH,MS,ASO,ES,Federal Contract Tower,0,4,2,0,6,0,0,4,0,4,0,4,6,0,10,0,0,0,10
11/15/2021,GLH,MS,ASO,ES,Federal Contract Tower,0,4,3,1,8,0,0,56,3,59,0,4,59,4,67,10,4,14,81
11/16/2021,GLH,MS,ASO,ES,Federal Contract Tower,0,2,5,5,12,0,0,32,0,32,0,2,37,5,44,6,44,50,94
11/17/2021,GLH,MS,ASO,ES,Federal Contract Tower,0,3,0,7,10,0,0,19,1,20,0,3,19,8,30,2,82,84,114
11/18/2021,GLH,MS,ASO,ES,Federal Contract Tower,0,3,3,1,7,0,0,4,5,9,0,3,7,6,16,0,8,8,24
11/19/2021,GLH,MS,ASO,ES,Federal Contract Tower,0,4,0,6,10,0,0,35,0,35,0,4,35,6,45,16,70,86,131
11/20/2021,GLH,MS,ASO,ES,Federal Contract Tower,0,2,4,2,8,0,0,20,0,20,0,2,24,2,28,4,2,6,34
11/21/2021,GLH,MS,ASO,ES,Federal Contract Tower,0,3,4,0,7,0,0,1,0,1,0,3,5,0,8,0,0,0,8
11/22/2021,GLH,MS,ASO,ES,Federal Contract Tower,0,3,6,2,11,0,0,11,0,11,0,3,17,2,22,2,24,26,48
11/23/2021,GLH,MS,ASO,ES,Federal Contract Tower,0,6,1,1,8,0,0,33,0,33,0,6,34,1,41,6,2,8,49
11/24/2021,GLH,MS,ASO,ES,Federal Contract Tower,0,3,3,7,13,0,0,14,0,14,0,3,17,7,27,2,34,36,63
11/25/2021,GLH,MS,ASO,ES,Federal Contract Tower,0,0,2,0,2,0,0,0,0,0,0,0,2,0,2,0,0,0,2
11/26/2021,GLH,MS,ASO,ES,Federal Contract Tower,0,3,0,0,3,0,0,2,0,2,0,3,2,0,5,0,0,0,5
11/27/2021,GLH,MS,ASO,ES,Federal Contract Tower,0,3,4,0,7,0,0,3,0,3,0,3,7,0,10,0,0,0,10
11/28/2021,GLH,MS,ASO,ES,Federal Contract Tower,0,4,5,0,9,0,0,2,0,2,0,4,7,0,11,0,0,0,11
11/29/2021,GLH,MS,ASO,ES,Federal Contract Tower,0,3,2,0,5,0,0,15,0,15,0,3,17,0,20,10,0,10,30
11/30/2021,GLH,MS,ASO,ES,Federal Contract Tower,0,2,1,11,14,0,0,21,0,21,0,2,22,11,35,18,74,92,127
12/01/2021,GLH,MS,ASO,ES,Federal Contract Tower,0,4,7,13,24,0,0,18,0,18,0,4,25,13,42,0,142,142,184
12/02/2021,GLH,MS,ASO,ES,Federal Contract Tower,0,4,2,8,14,0,0,44,0,44,0,4,46,8,58,16,100,116,174
12/03/2021,GLH,MS,ASO,ES,Federal Contract Tower,0,3,4,6,13,0,0,17,0,17,0,3,21,6,30,4,44,48,78
12/04/2021,GLH,MS,ASO,ES,Federal Contract Tower,0,2,5,0,7,0,0,16,0,16,0,2,21,0,23,2,0,2,25
12/05/2021,GLH,MS,ASO,ES,Federal Contract Tower,0,5,6,0,11,0,0,0,0,0,0,5,6,0,11,2,0,2,13
12/06/2021,GLH,MS,ASO,ES,Federal Contract Tower,0,4,1,6,11,0,0,1,0,1,0,4,2,6,12,0,48,48,60
12/07/2021,GLH,MS,ASO,ES,Federal Contract Tower,0,2,0,13,15,0,0,12,0,12,0,2,12,13,27,4,154,158,185
12/08/2021,GLH,MS,ASO,ES,Federal Contract Tower,0,3,2,4,9,0,0,16,4,20,0,3,18,8,29,4,50,54,83
12/09/2021,GLH,MS,ASO,ES,Federal Contract Tower,0,3,6,2,11,0,0,9,0,9,0,3,15,2,20,0,30,30,50
12/10/2021,GLH,MS,ASO,ES,Federal Contract Tower,0,4,4,10,18,0,0,3,0,3,0,4,7,10,21,0,72,72,93
12/11/2021,GLH,MS,ASO,ES,Federal Contract Tower,0,2,3,0,5,0,0,1,0,1,0,2,4,0,6,2,0,2,8
12/12/2021,GLH,MS,ASO,ES,Federal Contract Tower,0,4,7,0,11,0,0,13,0,13,0,4,20,0,24,4,0,4,28
12/13/2021,GLH,MS,ASO,ES,Federal Contract Tower,0,3,3,6,12,0,0,13,0,13,0,3,16,6,25,12,60,72,97
12/14/2021,GLH,MS,ASO,ES,Federal Contract Tower,0,2,6,6,14,0,0,12,0,12,0,2,18,6,26,14,44,58,84
12/15/2021,GLH,MS,ASO,ES,Federal Contract Tower,0,3,9,2,14,0,0,6,2,8,0,3,15,4,22,4,28,32,54
12/16/2021,GLH,MS,ASO,ES,Federal Contract Tower,0,3,11,12,26,0,0,2,0,2,0,3,13,12,28,2,10,12,40
12/17/2021,GLH,MS,ASO,ES,Federal Contract Tower,0,4,11,7,22,0,0,3,0,3,0,4,14,7,25,2,14,16,41
12/18/2021,GLH,MS,ASO,ES,Federal Contract Tower,0,2,2,0,4,0,0,0,0,0,0,2,2,0,4,0,0,0,4
12/19/2021,GLH,MS,ASO,ES,Federal Contract Tower,0,3,5,0,8,0,0,4,0,4,0,3,9,0,12,2,0,2,14
12/20/2021,GLH,MS,ASO,ES,Federal Contract Tower,0,4,2,4,10,0,0,8,0,8,0,4,10,4,18,0,42,42,60
12/21/2021,GLH,MS,ASO,ES,Federal Contract Tower,0,3,9,4,16,0,0,38,1,39,0,3,47,5,55,2,34,36,91
12/22/2021,GLH,MS,ASO,ES,Federal Contract Tower,0,3,4,2,9,0,0,15,0,15,0,3,19,2,24,0,36,36,60
12/23/2021,GLH,MS,ASO,ES,Federal Contract Tower,0,4,6,0,10,0,0,12,0,12,0,4,18,0,22,0,0,0,22
12/24/2021,GLH,MS,ASO,ES,Federal Contract Tower,0,0,0,0,0,0,0,0,0,0,0,0,0,0,0,0,0,0,0
12/25/2021,GLH,MS,ASO,ES,Federal Contract Tower,0,0,0,0,0,0,0,1,0,1,0,0,1,0,1,0,0,0,1
12/26/2021,GLH,MS,ASO,ES,Federal Contract Tower,0,0,2,0,2,0,0,10,0,10,0,0,12,0,12,0,0,0,12
12/27/2021,GLH,MS,ASO,ES,Federal Contract Tower,0,3,1,0,4,0,0,0,0,0,0,3,1,0,4,2,0,2,6
12/28/2021,GLH,MS,ASO,ES,Federal Contract Tower,0,2,6,0,8,0,0,4,0,4,0,2,10,0,12,0,0,0,12
12/29/2021,GLH,MS,ASO,ES,Federal Contract Tower,0,4,3,0,7,0,0,2,0,2,0,4,5,0,9,0,0,0,9
12/30/2021,GLH,MS,ASO,ES,Federal Contract Tower,0,5,14,2,21,0,0,4,0,4,0,5,18,2,25,4,0,4,29
12/31/2021,GLH,MS,ASO,ES,Federal Contract Tower,0,2,4,0,6,0,0,1,0,1,0,2,5,0,7,0,0,0,7
01/01/2022,GLH,MS,ASO,ES,Federal Contract Tower,0,1,1,0,2,0,0,2,0,2,0,1,3,0,4,0,0,0,4
01/02/2022,GLH,MS,ASO,ES,Federal Contract Tower,0,3,4,0,7,0,0,0,0,0,0,3,4,0,7,0,0,0,7
01/03/2022,GLH,MS,ASO,ES,Federal Contract Tower,0,3,0,0,3,0,0,4,0,4,0,3,4,0,7,2,0,2,9
01/04/2022,GLH,MS,ASO,ES,Federal Contract Tower,0,2,6,1,9,0,0,7,2,9,0,2,13,3,18,2,8,10,28
01/05/2022,GLH,MS,ASO,ES,Federal Contract Tower,0,3,5,4,12,0,0,17,0,17,0,3,22,4,29,14,42,56,85
01/06/2022,GLH,MS,ASO,ES,Federal Contract Tower,0,3,2,0,5,0,0,0,0,0,0,3,2,0,5,0,0,0,5
01/07/2022,GLH,MS,ASO,ES,Federal Contract Tower,0,3,2,2,7,0,13,4,0,17,0,16,6,2,24,4,6,10,34
01/08/2022,GLH,MS,ASO,ES,Federal Contract Tower,0,2,2,0,4,0,0,0,0,0,0,2,2,0,4,0,0,0,4
01/09/2022,GLH,MS,ASO,ES,Federal Contract Tower,0,3,2,0,5,0,0,0,0,0,0,3,2,0,5,0,0,0,5
01/10/2022,GLH,MS,ASO,ES,Federal Contract Tower,0,6,1,2,9,0,0,13,1,14,0,6,14,3,23,8,4,12,35
01/11/2022,GLH,MS,ASO,ES,Federal Contract Tower,0,2,0,3,5,0,0,31,1,32,0,2,31,4,37,10,70,80,117
01/12/2022,GLH,MS,ASO,ES,Federal Contract Tower,0,3,3,11,17,0,0,7,5,12,0,3,10,16,29,0,102,102,131
01/13/2022,GLH,MS,ASO,ES,Federal Contract Tower,0,3,2,0,5,0,0,10,1,11,0,3,12,1,16,8,42,50,66
01/14/2022,GLH,MS,ASO,ES,Federal Contract Tower,0,2,5,6,13,0,0,29,3,32,0,2,34,9,45,6,22,28,73
01/15/2022,GLH,MS,ASO,ES,Federal Contract Tower,0,2,0,0,2,0,0,0,0,0,0,2,0,0,2,0,0,0,2
01/16/2022,GLH,MS,ASO,ES,Federal Contract Tower,0,3,0,0,3,0,0,2,0,2,0,3,2,0,5,0,0,0,5
01/17/2022,GLH,MS,ASO,ES,Federal Contract Tower,0,4,2,0,6,0,0,4,8,12,0,4,6,8,18,2,0,2,20
01/18/2022,GLH,MS,ASO,ES,Federal Contract Tower,0,4,1,2,7,0,0,25,2,27,0,4,26,4,34,14,4,18,52
01/19/2022,GLH,MS,ASO,ES,Federal Contract Tower,0,3,2,0,5,0,0,2,0,2,0,3,4,0,7,0,0,0,7
01/20/2022,GLH,MS,ASO,ES,Federal Contract Tower,0,3,2,10,15,0,0,0,4,4,0,3,2,14,19,0,200,200,219
01/21/2022,GLH,MS,ASO,ES,Federal Contract Tower,0,3,1,4,8,0,0,8,5,13,0,3,9,9,21,8,30,38,59
01/22/2022,GLH,MS,ASO,ES,Federal Contract Tower,0,6,0,0,6,0,0,10,0,10,0,6,10,0,16,8,0,8,24
01/23/2022,GLH,MS,ASO,ES,Federal Contract Tower,0,4,0,0,4,0,0,17,0,17,0,4,17,0,21,4,0,4,25
01/24/2022,GLH,MS,ASO,ES,Federal Contract Tower,0,3,4,9,16,0,0,18,6,24,0,3,22,15,40,4,130,134,174
01/25/2022,GLH,MS,ASO,ES,Federal Contract Tower,0,2,2,7,11,0,0,6,1,7,0,2,8,8,18,0,76,76,94
01/26/2022,GLH,MS,ASO,ES,Federal Contract Tower,0,3,1,3,7,0,0,12,0,12,0,3,13,3,19,6,40,46,65
01/27/2022,GLH,MS,ASO,ES,Federal Contract Tower,0,4,3,6,13,0,0,7,1,8,0,4,10,7,21,12,94,106,127
01/28/2022,GLH,MS,ASO,ES,Federal Contract Tower,0,3,3,2,8,0,0,17,2,19,0,3,20,4,27,8,28,36,63
01/29/2022,GLH,MS,ASO,ES,Federal Contract Tower,0,2,1,0,3,0,0,3,12,15,0,2,4,12,18,2,0,2,20
01/30/2022,GLH,MS,ASO,ES,Federal Contract Tower,0,4,0,2,6,0,0,5,16,21,0,4,5,18,27,0,4,4,31
01/31/2022,GLH,MS,ASO,ES,Federal Contract Tower,0,3,1,2,6,0,0,16,2,18,0,3,17,4,24,12,20,32,56
02/01/2022,GLH,MS,ASO,ES,Federal Contract Tower,0,2,0,5,7,0,0,4,0,4,0,2,4,5,11,0,30,30,41
02/02/2022,GLH,MS,ASO,ES,Federal Contract Tower,0,3,1,0,4,0,0,1,0,1,0,3,2,0,5,0,0,0,5
02/03/2022,GLH,MS,ASO,ES,Federal Contract Tower,0,0,0,0,0,0,0,0,0,0,0,0,0,0,0,0,0,0,0
02/04/2022,GLH,MS,ASO,ES,Federal Contract Tower,0,3,1,0,4,0,0,1,0,1,0,3,2,0,5,0,0,0,5
02/05/2022,GLH,MS,ASO,ES,Federal Contract Tower,0,2,0,0,2,0,0,10,0,10,0,2,10,0,12,0,0,0,12
02/06/2022,GLH,MS,ASO,ES,Federal Contract Tower,0,4,3,1,8,0,0,29,1,30,0,4,32,2,38,6,2,8,46
02/07/2022,GLH,MS,ASO,ES,Federal Contract Tower,0,3,5,0,8,0,0,7,6,13,0,3,12,6,21,10,0,10,31
02/08/2022,GLH,MS,ASO,ES,Federal Contract Tower,0,4,4,4,12,0,0,20,0,20,0,4,24,4,32,12,46,58,90
02/09/2022,GLH,MS,ASO,ES,Federal Contract Tower,0,3,4,5,12,0,0,40,2,42,0,3,44,7,54,28,34,62,116
02/10/2022,GLH,MS,ASO,ES,Federal Contract Tower,0,3,5,4,12,0,0,12,0,12,0,3,17,4,24,24,54,78,102
02/11/2022,GLH,MS,ASO,ES,Federal Contract Tower,0,3,0,3,6,0,0,6,13,19,0,3,6,16,25,6,14,20,45
02/12/2022,GLH,MS,ASO,ES,Federal Contract Tower,0,4,1,0,5,0,0,0,0,0,0,4,1,0,5,0,0,0,5
02/13/2022,GLH,MS,ASO,ES,Federal Contract Tower,0,4,3,1,8,0,0,10,0,10,0,4,13,1,18,0,2,2,20
02/14/2022,GLH,MS,ASO,ES,Federal Contract Tower,0,3,3,5,11,0,0,17,3,20,0,3,20,8,31,18,64,82,113
02/15/2022,GLH,MS,ASO,ES,Federal Contract Tower,0,2,1,1,4,0,0,13,2,15,0,2,14,3,19,12,2,14,33
02/16/2022,GLH,MS,ASO,ES,Federal Contract Tower,0,3,2,2,7,0,0,4,4,8,0,3,6,6,15,0,6,6,21
02/17/2022,GLH,MS,ASO,ES,Federal Contract Tower,0,3,2,0,5,0,0,0,0,0,0,3,2,0,5,0,0,0,5
02/18/2022,GLH,MS,ASO,ES,Federal Contract Tower,0,3,1,7,11,0,0,20,0,20,0,3,21,7,31,14,70,84,115
02/19/2022,GLH,MS,ASO,ES,Federal Contract Tower,0,2,2,0,4,0,13,2,0,15,0,15,4,0,19,8,0,8,27
02/20/2022,GLH,MS,ASO,ES,Federal Contract Tower,0,4,6,0,10,0,0,17,0,17,0,4,23,0,27,6,0,6,33
02/21/2022,GLH,MS,ASO,ES,Federal Contract Tower,0,2,4,0,6,0,0,0,0,0,0,2,4,0,6,0,0,0,6
02/22/2022,GLH,MS,ASO,ES,Federal Contract Tower,0,2,2,8,12,0,0,4,1,5,0,2,6,9,17,0,74,74,91
02/23/2022,GLH,MS,ASO,ES,Federal Contract Tower,0,1,8,5,14,0,0,0,0,0,0,1,8,5,14,2,16,18,32
02/24/2022,GLH,MS,ASO,ES,Federal Contract Tower,0,1,5,0,6,0,0,0,0,0,0,1,5,0,6,0,0,0,6
02/25/2022,GLH,MS,ASO,ES,Federal Contract Tower,0,4,4,13,21,0,0,11,4,15,0,4,15,17,36,0,108,108,144
02/26/2022,GLH,MS,ASO,ES,Federal Contract Tower,0,2,0,0,2,0,0,0,0,0,0,2,0,0,2,0,0,0,2
02/27/2022,GLH,MS,ASO,ES,Federal Contract Tower,0,4,0,0,4,0,0,1,0,1,0,4,1,0,5,0,0,0,5
02/28/2022,GLH,MS,ASO,ES,Federal Contract Tower,0,3,2,4,9,0,0,23,0,23,0,3,25,4,32,12,36,48,80
03/01/2022,GLH,MS,ASO,ES,Federal Contract Tower,0,4,5,3,12,0,0,24,1,25,0,4,29,4,37,28,14,42,79
03/02/2022,GLH,MS,ASO,ES,Federal Contract Tower,0,3,2,5,10,0,0,16,18,34,0,3,18,23,44,16,44,60,104
03/03/2022,GLH,MS,ASO,ES,Federal Contract Tower,0,3,1,4,8,0,0,38,6,44,0,3,39,10,52,20,38,58,110
03/04/2022,GLH,MS,ASO,ES,Federal Contract Tower,0,3,0,6,9,0,0,31,0,31,0,3,31,6,40,12,72,84,124
03/05/2022,GLH,MS,ASO,ES,Federal Contract Tower,0,2,0,3,5,0,0,4,0,4,0,2,4,3,9,6,8,14,23
03/06/2022,GLH,MS,ASO,ES,Federal Contract Tower,0,4,0,0,4,0,0,0,0,0,0,4,0,0,4,0,0,0,4
03/07/2022,GLH,MS,ASO,ES,Federal Contract Tower,0,3,6,2,11,0,0,3,0,3,0,3,9,2,14,0,4,4,18
03/08/2022,GLH,MS,ASO,ES,Federal Contract Tower,0,2,7,0,9,0,0,6,0,6,0,2,13,0,15,0,0,0,15
03/09/2022,GLH,MS,ASO,ES,Federal Contract Tower,0,3,5,5,13,0,0,2,2,4,0,3,7,7,17,0,12,12,29
03/10/2022,GLH,MS,ASO,ES,Federal Contract Tower,0,3,5,4,12,0,0,88,2,90,0,3,93,6,102,20,10,30,132
03/11/2022,GLH,MS,ASO,ES,Federal Contract Tower,0,4,1,2,7,0,0,59,4,63,0,4,60,6,70,4,30,34,104
03/12/2022,GLH,MS,ASO,ES,Federal Contract Tower,0,2,0,0,2,0,0,3,0,3,0,2,3,0,5,8,0,8,13
03/13/2022,GLH,MS,ASO,ES,Federal Contract Tower,0,4,2,2,8,0,0,12,0,12,0,4,14,2,20,2,38,40,60
03/14/2022,GLH,MS,ASO,ES,Federal Contract Tower,0,2,0,2,4,0,0,12,0,12,0,2,12,2,16,8,32,40,56
03/15/2022,GLH,MS,ASO,ES,Federal Contract Tower,0,2,2,0,4,0,0,0,0,0,0,2,2,0,4,0,0,0,4
03/16/2022,GLH,MS,ASO,ES,Federal Contract Tower,0,4,2,6,12,0,0,50,0,50,0,4,52,6,62,4,12,16,78
03/17/2022,GLH,MS,ASO,ES,Federal Contract Tower,0,0,4,6,10,0,0,22,0,22,0,0,26,6,32,8,24,32,64
03/18/2022,GLH,MS,ASO,ES,Federal Contract Tower,0,4,0,5,9,0,0,2,1,3,0,4,2,6,12,2,42,44,56
03/19/2022,GLH,MS,ASO,ES,Federal Contract Tower,0,4,2,0,6,0,0,59,0,59,0,4,61,0,65,12,0,12,77
03/20/2022,GLH,MS,ASO,ES,Federal Contract Tower,0,4,3,1,8,0,0,49,2,51,0,4,52,3,59,2,0,2,61
03/21/2022,GLH,MS,ASO,ES,Federal Contract Tower,0,2,1,8,11,0,0,7,4,11,0,2,8,12,22,2,106,108,130
03/22/2022,GLH,MS,ASO,ES,Federal Contract Tower,0,2,0,0,2,0,0,0,0,0,0,2,0,0,2,0,0,0,2
03/23/2022,GLH,MS,ASO,ES,Federal Contract Tower,0,3,0,6,9,0,0,10,0,10,0,3,10,6,19,4,14,18,37
03/24/2022,GLH,MS,ASO,ES,Federal Contract Tower,0,3,5,3,11,0,0,21,0,21,0,3,26,3,32,8,12,20,52
03/25/2022,GLH,MS,ASO,ES,Federal Contract Tower,0,3,3,0,6,0,0,32,0,32,0,3,35,0,38,6,0,6,44
03/26/2022,GLH,MS,ASO,ES,Federal Contract Tower,0,2,1,0,3,0,0,9,0,9,0,2,10,0,12,2,0,2,14
03/27/2022,GLH,MS,ASO,ES,Federal Contract Tower,0,4,1,0,5,0,0,14,0,14,0,4,15,0,19,2,0,2,21
03/28/2022,GLH,MS,ASO,ES,Federal Contract Tower,0,3,1,9,13,0,0,17,2,19,0,3,18,11,32,8,38,46,78
03/29/2022,GLH,MS,ASO,ES,Federal Contract Tower,0,2,1,3,6,0,0,1,1,2,0,2,2,4,8,0,70,70,78
03/30/2022,GLH,MS,ASO,ES,Federal Contract Tower,0,2,0,0,2,0,0,0,0,0,0,2,0,0,2,0,0,0,2
03/31/2022,GLH,MS,ASO,ES,Federal Contract Tower,0,4,2,4,10,0,0,15,4,19,0,4,17,8,29,12,16,28,57
04/01/2022,GLH,MS,ASO,ES,Federal Contract Tower,0,4,2,4,10,0,0,6,4,10,0,4,8,8,20,0,0,0,20
04/02/2022,GLH,MS,ASO,ES,Federal Contract Tower,0,3,2,0,5,0,0,128,0,128,0,3,130,0,133,12,0,12,145
04/03/2022,GLH,MS,ASO,ES,Federal Contract Tower,0,4,3,0,7,0,0,29,0,29,0,4,32,0,36,2,0,2,38
04/04/2022,GLH,MS,ASO,ES,Federal Contract Tower,0,3,4,9,16,0,0,32,7,39,0,3,36,16,55,10,140,150,205
04/05/2022,GLH,MS,ASO,ES,Federal Contract Tower,0,2,0,10,12,0,0,2,0,2,0,2,2,10,14,2,74,76,90
04/06/2022,GLH,MS,ASO,ES,Federal Contract Tower,0,4,3,6,13,0,0,6,2,8,0,4,9,8,21,2,126,128,149
04/07/2022,GLH,MS,ASO,ES,Federal Contract Tower,0,3,3,6,12,0,0,7,2,9,0,3,10,8,21,2,20,22,43
04/08/2022,GLH,MS,ASO,ES,Federal Contract Tower,0,3,2,3,8,0,0,1,2,3,0,3,3,5,11,2,10,12,23
04/09/2022,GLH,MS,ASO,ES,Federal Contract Tower,0,2,1,0,3,0,0,8,0,8,0,2,9,0,11,6,0,6,17
04/10/2022,GLH,MS,ASO,ES,Federal Contract Tower,0,4,0,0,4,0,0,7,0,7,0,4,7,0,11,2,0,2,13
04/11/2022,GLH,MS,ASO,ES,Federal Contract Tower,0,3,2,12,17,0,0,7,0,7,0,3,9,12,24,2,56,58,82
04/12/2022,GLH,MS,ASO,ES,Federal Contract Tower,0,2,11,11,24,0,0,0,1,1,0,2,11,12,25,4,126,130,155
04/13/2022,GLH,MS,ASO,ES,Federal Contract Tower,0,5,0,5,10,0,0,0,1,1,0,5,0,6,11,0,70,70,81
04/14/2022,GLH,MS,ASO,ES,Federal Contract Tower,0,5,6,2,13,0,0,23,2,25,0,5,29,4,38,28,6,34,72
04/15/2022,GLH,MS,ASO,ES,Federal Contract Tower,0,2,6,9,17,0,0,17,0,17,0,2,23,9,34,4,90,94,128
04/16/2022,GLH,MS,ASO,ES,Federal Contract Tower,0,2,2,0,4,0,0,0,0,0,0,2,2,0,4,0,0,0,4
04/17/2022,GLH,MS,ASO,ES,Federal Contract Tower,0,3,2,0,5,0,0,0,0,0,0,3,2,0,5,0,0,0,5
04/18/2022,GLH,MS,ASO,ES,Federal Contract Tower,0,4,8,11,23,0,0,14,3,17,0,4,22,14,40,6,118,124,164
04/19/2022,GLH,MS,ASO,ES,Federal Contract Tower,0,2,0,2,4,0,0,34,1,35,0,2,34,3,39,22,4,26,65
04/20/2022,GLH,MS,ASO,ES,Federal Contract Tower,0,2,9,4,15,0,0,15,0,15,0,2,24,4,30,4,56,60,90
04/21/2022,GLH,MS,ASO,ES,Federal Contract Tower,0,4,4,4,12,0,0,15,2,17,0,4,19,6,29,18,36,54,83
04/22/2022,GLH,MS,ASO,ES,Federal Contract Tower,0,4,2,10,16,0,0,11,0,11,0,4,13,10,27,2,134,136,163
04/23/2022,GLH,MS,ASO,ES,Federal Contract Tower,0,2,3,0,5,0,0,7,0,7,0,2,10,0,12,0,0,0,12
04/24/2022,GLH,MS,ASO,ES,Federal Contract Tower,0,3,4,0,7,0,0,4,0,4,0,3,8,0,11,4,0,4,15
04/25/2022,GLH,MS,ASO,ES,Federal Contract Tower,0,3,2,4,9,0,0,1,0,1,0,3,3,4,10,0,0,0,10
04/26/2022,GLH,MS,ASO,ES,Federal Contract Tower,0,2,2,5,9,0,0,20,2,22,0,2,22,7,31,10,32,42,73
04/27/2022,GLH,MS,ASO,ES,Federal Contract Tower,0,3,2,5,10,0,0,21,6,27,0,3,23,11,37,14,48,62,99
04/28/2022,GLH,MS,ASO,ES,Federal Contract Tower,0,3,5,6,14,0,0,46,4,50,0,3,51,10,64,26,80,106,170
04/29/2022,GLH,MS,ASO,ES,Federal Contract Tower,0,3,0,6,9,0,0,38,2,40,0,3,38,8,49,8,84,92,141
04/30/2022,GLH,MS,ASO,ES,Federal Contract Tower,0,2,2,1,5,0,0,0,0,0,0,2,2,1,5,0,2,2,7
05/01/2022,GLH,MS,ASO,ES,Federal Contract Tower,0,3,0,0,3,0,0,16,0,16,0,3,16,0,19,4,0,4,23
05/02/2022,GLH,MS,ASO,ES,Federal Contract Tower,0,3,0,4,7,0,0,23,0,23,0,3,23,4,30,2,112,114,144
05/03/2022,GLH,MS,ASO,ES,Federal Contract Tower,0,4,0,2,6,0,0,2,0,2,0,4,2,2,8,4,28,32,40
05/04/2022,GLH,MS,ASO,ES,Federal Contract Tower,0,5,3,4,12,0,0,17,2,19,0,5,20,6,31,8,48,56,87
05/05/2022,GLH,MS,ASO,ES,Federal Contract Tower,0,3,2,5,10,0,0,21,0,21,0,3,23,5,31,2,48,50,81
05/06/2022,GLH,MS,ASO,ES,Federal Contract Tower,0,5,1,0,6,0,0,10,2,12,0,5,11,2,18,0,0,0,18
05/07/2022,GLH,MS,ASO,ES,Federal Contract Tower,0,2,0,0,2,0,0,70,0,70,0,2,70,0,72,6,0,6,78
05/08/2022,GLH,MS,ASO,ES,Federal Contract Tower,0,3,0,0,3,0,0,9,0,9,0,3,9,0,12,0,0,0,12
05/09/2022,GLH,MS,ASO,ES,Federal Contract Tower,0,2,2,7,11,0,0,7,8,15,0,2,9,15,26,2,68,70,96
05/10/2022,GLH,MS,ASO,ES,Federal Contract Tower,0,4,2,8,14,0,0,19,0,19,0,4,21,8,33,4,108,112,145
05/11/2022,GLH,MS,ASO,ES,Federal Contract Tower,0,4,0,14,18,0,0,18,0,18,0,4,18,14,36,18,211,229,265
05/12/2022,GLH,MS,ASO,ES,Federal Contract Tower,0,4,1,4,9,0,0,19,0,19,0,4,20,4,28,24,46,70,98
05/13/2022,GLH,MS,ASO,ES,Federal Contract Tower,0,3,0,2,5,0,0,8,0,8,0,3,8,2,13,4,30,34,47
05/14/2022,GLH,MS,ASO,ES,Federal Contract Tower,0,2,0,0,2,0,0,1,0,1,0,2,1,0,3,0,0,0,3
05/15/2022,GLH,MS,ASO,ES,Federal Contract Tower,0,4,3,2,9,0,0,21,0,21,0,4,24,2,30,10,50,60,90
05/16/2022,GLH,MS,ASO,ES,Federal Contract Tower,0,3,0,5,8,0,0,25,2,27,0,3,25,7,35,18,58,76,111
05/17/2022,GLH,MS,ASO,ES,Federal Contract Tower,0,2,3,5,10,0,0,12,1,13,0,2,15,6,23,6,64,70,93
05/18/2022,GLH,MS,ASO,ES,Federal Contract Tower,0,3,2,4,9,0,0,11,10,21,0,3,13,14,30,6,36,42,72
05/19/2022,GLH,MS,ASO,ES,Federal Contract Tower,0,3,3,6,12,0,0,12,2,14,0,3,15,8,26,4,58,62,88
05/20/2022,GLH,MS,ASO,ES,Federal Contract Tower,0,3,0,5,8,0,0,13,1,14,0,3,13,6,22,2,20,22,44
05/21/2022,GLH,MS,ASO,ES,Federal Contract Tower,0,2,8,3,13,0,0,6,0,6,0,2,14,3,19,10,4,14,33
05/22/2022,GLH,MS,ASO,ES,Federal Contract Tower,0,3,1,0,4,0,0,1,0,1,0,3,2,0,5,0,0,0,5
05/23/2022,GLH,MS,ASO,ES,Federal Contract Tower,0,3,3,7,13,0,0,2,0,2,0,3,5,7,15,2,12,14,29
05/24/2022,GLH,MS,ASO,ES,Federal Contract Tower,0,2,0,2,4,0,0,4,0,4,0,2,4,2,8,0,6,6,14
05/25/2022,GLH,MS,ASO,ES,Federal Contract Tower,0,3,0,0,3,0,0,6,0,6,0,3,6,0,9,4,0,4,13
05/26/2022,GLH,MS,ASO,ES,Federal Contract Tower,0,2,2,4,8,0,0,10,0,10,0,2,12,4,18,6,22,28,46
05/27/2022,GLH,MS,ASO,ES,Federal Contract Tower,0,3,2,0,5,0,0,21,0,21,0,3,23,0,26,4,0,4,30
05/28/2022,GLH,MS,ASO,ES,Federal Contract Tower,0,2,0,0,2,0,0,30,0,30,0,2,30,0,32,18,0,18,50
05/29/2022,GLH,MS,ASO,ES,Federal Contract Tower,0,3,0,0,3,0,0,11,0,11,0,3,11,0,14,6,0,6,20
05/30/2022,GLH,MS,ASO,ES,Federal Contract Tower,0,3,3,0,6,0,0,21,0,21,0,3,24,0,27,2,0,2,29
05/31/2022,GLH,MS,ASO,ES,Federal Contract Tower,0,2,3,7,12,0,0,24,1,25,0,2,27,8,37,18,26,44,81
06/01/2022,GLH,MS,ASO,ES,Federal Contract Tower,0,2,2,5,9,0,0,40,2,42,0,2,42,7,51,8,82,90,141
06/02/2022,GLH,MS,ASO,ES,Federal Contract Tower,0,3,2,0,5,0,0,12,0,12,0,3,14,0,17,2,0,2,19
06/03/2022,GLH,MS,ASO,ES,Federal Contract Tower,0,3,2,5,10,0,0,35,0,35,0,3,37,5,45,6,10,16,61
06/04/2022,GLH,MS,ASO,ES,Federal Contract Tower,0,2,0,0,2,0,0,4,0,4,0,2,4,0,6,0,0,0,6
06/05/2022,GLH,MS,ASO,ES,Federal Contract Tower,0,3,1,0,4,0,0,4,0,4,0,3,5,0,8,2,0,2,10
06/06/2022,GLH,MS,ASO,ES,Federal Contract Tower,0,3,0,10,13,0,0,79,0,79,0,3,79,10,92,4,104,108,200
06/07/2022,GLH,MS,ASO,ES,Federal Contract Tower,0,2,3,10,15,0,0,57,2,59,0,2,60,12,74,12,144,156,230
06/08/2022,GLH,MS,ASO,ES,Federal Contract Tower,0,3,2,9,14,0,0,2,0,2,0,3,4,9,16,0,86,86,102
06/09/2022,GLH,MS,ASO,ES,Federal Contract Tower,0,6,7,9,22,0,1,12,1,14,0,7,19,10,36,6,34,40,76
06/10/2022,GLH,MS,ASO,ES,Federal Contract Tower,0,4,1,2,7,0,0,0,0,0,0,4,1,2,7,0,4,4,11
06/11/2022,GLH,MS,ASO,ES,Federal Contract Tower,0,2,2,0,4,0,0,11,0,11,0,2,13,0,15,2,0,2,17
06/12/2022,GLH,MS,ASO,ES,Federal Contract Tower,0,6,5,0,11,0,0,9,0,9,0,6,14,0,20,0,0,0,20
06/13/2022,GLH,MS,ASO,ES,Federal Contract Tower,0,3,2,7,12,0,0,75,3,78,0,3,77,10,90,2,84,86,176
06/14/2022,GLH,MS,ASO,ES,Federal Contract Tower,0,2,3,0,5,0,0,79,0,79,0,2,82,0,84,20,0,20,104
06/15/2022,GLH,MS,ASO,ES,Federal Contract Tower,0,3,0,9,12,0,0,83,2,85,0,3,83,11,97,6,72,78,175
06/16/2022,GLH,MS,ASO,ES,Federal Contract Tower,0,3,6,5,14,0,0,61,0,61,0,3,67,5,75,18,74,92,167
06/17/2022,GLH,MS,ASO,ES,Federal Contract Tower,0,3,6,8,17,0,0,28,1,29,0,3,34,9,46,10,72,82,128
06/18/2022,GLH,MS,ASO,ES,Federal Contract Tower,0,2,2,0,4,0,0,22,0,22,0,2,24,0,26,2,0,2,28
06/19/2022,GLH,MS,ASO,ES,Federal Contract Tower,0,4,1,0,5,0,0,12,0,12,0,4,13,0,17,20,0,20,37
06/20/2022,GLH,MS,ASO,ES,Federal Contract Tower,0,3,0,0,3,0,0,40,0,40,0,3,40,0,43,6,0,6,49
06/21/2022,GLH,MS,ASO,ES,Federal Contract Tower,0,2,4,0,6,0,0,61,0,61,0,2,65,0,67,10,0,10,77
06/22/2022,GLH,MS,ASO,ES,Federal Contract Tower,0,3,0,6,9,0,0,62,0,62,0,3,62,6,71,8,96,104,175
06/23/2022,GLH,MS,ASO,ES,Federal Contract Tower,0,3,2,7,12,0,0,61,3,64,0,3,63,10,76,20,104,124,200
06/24/2022,GLH,MS,ASO,ES,Federal Contract Tower,0,4,3,5,12,0,0,31,0,31,0,4,34,5,43,6,42,48,91
06/25/2022,GLH,MS,ASO,ES,Federal Contract Tower,0,2,0,0,2,0,0,33,0,33,0,2,33,0,35,10,0,10,45
06/26/2022,GLH,MS,ASO,ES,Federal Contract Tower,0,3,4,0,7,0,0,7,0,7,0,3,11,0,14,0,0,0,14
06/27/2022,GLH,MS,ASO,ES,Federal Contract Tower,0,4,7,11,22,0,0,4,0,4,0,4,11,11,26,6,118,124,150
06/28/2022,GLH,MS,ASO,ES,Federal Contract Tower,0,2,0,6,8,0,0,9,2,11,0,2,9,8,19,2,70,72,91
06/29/2022,GLH,MS,ASO,ES,Federal Contract Tower,0,3,3,11,17,0,0,17,9,26,0,3,20,20,43,12,88,100,143
06/30/2022,GLH,MS,ASO,ES,Federal Contract Tower,0,3,3,1,7,0,0,6,0,6,0,3,9,1,13,0,2,2,15
07/01/2022,GLH,MS,ASO,ES,Federal Contract Tower,0,3,6,0,9,0,0,4,0,4,0,3,10,0,13,2,0,2,15
07/02/2022,GLH,MS,ASO,ES,Federal Contract Tower,0,2,0,0,2,0,0,5,0,5,0,2,5,0,7,0,0,0,7
07/03/2022,GLH,MS,ASO,ES,Federal Contract Tower,0,3,3,0,6,0,0,2,0,2,0,3,5,0,8,0,0,0,8
07/04/2022,GLH,MS,ASO,ES,Federal Contract Tower,0,3,1,0,4,0,0,19,0,19,0,3,20,0,23,2,0,2,25
07/05/2022,GLH,MS,ASO,ES,Federal Contract Tower,0,2,4,5,11,0,0,63,5,68,0,2,67,10,79,8,56,64,143
07/06/2022,GLH,MS,ASO,ES,Federal Contract Tower,0,3,4,16,23,0,0,63,0,63,0,3,67,16,86,12,62,74,160
07/07/2022,GLH,MS,ASO,ES,Federal Contract Tower,0,3,1,7,11,0,0,97,2,99,0,3,98,9,110,10,40,50,160
07/08/2022,GLH,MS,ASO,ES,Federal Contract Tower,0,3,1,14,18,0,0,35,6,41,0,3,36,20,59,16,62,78,137
07/09/2022,GLH,MS,ASO,ES,Federal Contract Tower,0,2,0,0,2,0,0,9,0,9,0,2,9,0,11,2,0,2,13
07/10/2022,GLH,MS,ASO,ES,Federal Contract Tower,0,3,0,5,8,0,0,0,0,0,0,3,0,5,8,0,6,6,14
07/11/2022,GLH,MS,ASO,ES,Federal Contract Tower,0,4,1,11,16,0,0,25,3,28,0,4,26,14,44,0,46,46,90
07/12/2022,GLH,MS,ASO,ES,Federal Contract Tower,0,2,3,5,10,0,0,52,4,56,0,2,55,9,66,4,16,20,86
07/13/2022,GLH,MS,ASO,ES,Federal Contract Tower,0,3,3,10,16,0,0,13,13,26,0,3,16,23,42,4,18,22,64
07/14/2022,GLH,MS,ASO,ES,Federal Contract Tower,0,3,4,9,16,0,0,14,3,17,0,3,18,12,33,8,34,42,75
07/15/2022,GLH,MS,ASO,ES,Federal Contract Tower,0,3,1,2,6,0,0,13,6,19,0,3,14,8,25,8,20,28,53
07/16/2022,GLH,MS,ASO,ES,Federal Contract Tower,0,2,0,0,2,0,0,26,0,26,0,2,26,0,28,0,0,0,28
07/17/2022,GLH,MS,ASO,ES,Federal Contract Tower,0,3,2,0,5,0,0,3,2,5,0,3,5,2,10,0,0,0,10
07/18/2022,GLH,MS,ASO,ES,Federal Contract Tower,0,4,4,5,13,0,0,9,1,10,0,4,13,6,23,4,40,44,67
07/19/2022,GLH,MS,ASO,ES,Federal Contract Tower,0,2,4,4,10,0,0,49,0,49,0,2,53,4,59,8,42,50,109
07/20/2022,GLH,MS,ASO,ES,Federal Contract Tower,0,3,0,4,7,0,0,11,2,13,0,3,11,6,20,0,38,38,58
07/21/2022,GLH,MS,ASO,ES,Federal Contract Tower,0,3,3,7,13,0,0,60,5,65,0,3,63,12,78,6,20,26,104
07/22/2022,GLH,MS,ASO,ES,Federal Contract Tower,0,3,0,11,14,0,0,37,2,39,0,3,37,13,53,4,10,14,67
07/23/2022,GLH,MS,ASO,ES,Federal Contract Tower,0,4,0,0,4,0,0,86,0,86,0,4,86,0,90,12,0,12,102
07/24/2022,GLH,MS,ASO,ES,Federal Contract Tower,0,3,4,1,8,0,0,39,0,39,0,3,43,1,47,2,2,4,51
07/25/2022,GLH,MS,ASO,ES,Federal Contract Tower,0,3,2,4,9,0,0,42,4,46,0,3,44,8,55,4,10,14,69
07/26/2022,GLH,MS,ASO,ES,Federal Contract Tower,0,2,3,5,10,0,0,26,2,28,0,2,29,7,38,2,40,42,80
07/27/2022,GLH,MS,ASO,ES,Federal Contract Tower,0,4,1,2,7,0,0,30,4,34,0,4,31,6,41,4,6,10,51
07/28/2022,GLH,MS,ASO,ES,Federal Contract Tower,0,3,1,0,4,0,0,48,0,48,0,3,49,0,52,10,0,10,62
07/29/2022,GLH,MS,ASO,ES,Federal Contract Tower,0,2,2,0,4,0,0,18,0,18,0,2,20,0,22,0,0,0,22
07/30/2022,GLH,MS,ASO,ES,Federal Contract Tower,0,2,0,0,2,0,0,2,0,2,0,2,2,0,4,0,0,0,4
07/31/2022,GLH,MS,ASO,ES,Federal Contract Tower,0,3,4,0,7,0,4,0,0,4,0,7,4,0,11,0,0,0,11
08/01/2022,GLH,MS,ASO,ES,Federal Contract Tower,0,3,0,11,14,0,0,11,1,12,0,3,11,12,26,6,44,50,76
08/02/2022,GLH,MS,ASO,ES,Federal Contract Tower,0,2,4,2,8,0,0,7,4,11,0,2,11,6,19,2,4,6,25
08/03/2022,GLH,MS,ASO,ES,Federal Contract Tower,0,3,8,3,14,0,0,7,2,9,0,3,15,5,23,0,12,12,35
08/04/2022,GLH,MS,ASO,ES,Federal Contract Tower,0,3,5,7,15,0,0,12,0,12,0,3,17,7,27,0,56,56,83
08/05/2022,GLH,MS,ASO,ES,Federal Contract Tower,0,3,2,6,11,0,0,14,3,17,0,3,16,9,28,0,50,50,78
08/06/2022,GLH,MS,ASO,ES,Federal Contract Tower,0,2,4,0,6,0,0,9,10,19,0,2,13,10,25,0,0,0,25
08/07/2022,GLH,MS,ASO,ES,Federal Contract Tower,0,3,5,2,10,0,0,4,0,4,0,3,9,2,14,0,4,4,18
08/08/2022,GLH,MS,ASO,ES,Federal Contract Tower,0,3,1,10,14,0,0,20,2,22,0,3,21,12,36,4,82,86,122
08/09/2022,GLH,MS,ASO,ES,Federal Contract Tower,0,2,0,0,2,0,0,8,0,8,0,2,8,0,10,4,0,4,14
08/11/2022,GLH,MS,ASO,ES,Federal Contract Tower,0,4,2,6,12,0,0,9,2,11,0,4,11,8,23,4,8,12,35
08/12/2022,GLH,MS,ASO,ES,Federal Contract Tower,0,4,0,2,6,0,0,16,6,22,0,4,16,8,28,0,24,24,52
08/13/2022,GLH,MS,ASO,ES,Federal Contract Tower,0,2,3,0,5,0,0,11,0,11,0,2,14,0,16,8,0,8,24
08/14/2022,GLH,MS,ASO,ES,Federal Contract Tower,0,3,0,0,3,0,0,4,2,6,0,3,4,2,9,4,0,4,13
08/15/2022,GLH,MS,ASO,ES,Federal Contract Tower,0,3,2,1,6,0,0,44,1,45,0,3,46,2,51,10,2,12,63
08/16/2022,GLH,MS,ASO,ES,Federal Contract Tower,0,2,2,3,7,0,0,19,7,26,0,2,21,10,33,6,30,36,69
08/17/2022,GLH,MS,ASO,ES,Federal Contract Tower,0,3,10,4,17,0,0,5,0,5,0,3,15,4,22,0,0,0,22
08/18/2022,GLH,MS,ASO,ES,Federal Contract Tower,0,3,3,3,9,0,0,11,1,12,0,3,14,4,21,2,32,34,55
08/19/2022,GLH,MS,ASO,ES,Federal Contract Tower,0,3,1,13,17,0,0,6,3,9,0,3,7,16,26,2,80,82,108
08/20/2022,GLH,MS,ASO,ES,Federal Contract Tower,0,2,5,0,7,0,0,4,0,4,0,2,9,0,11,6,0,6,17
08/21/2022,GLH,MS,ASO,ES,Federal Contract Tower,0,3,3,0,6,0,0,1,0,1,0,3,4,0,7,0,0,0,7
08/22/2022,GLH,MS,ASO,ES,Federal Contract Tower,0,3,1,0,4,0,0,0,0,0,0,3,1,0,4,0,0,0,4
08/23/2022,GLH,MS,ASO,ES,Federal Contract Tower,0,2,2,0,4,0,0,2,0,2,0,2,4,0,6,2,0,2,8
08/24/2022,GLH,MS,ASO,ES,Federal Contract Tower,0,3,2,3,8,0,0,0,0,0,0,3,2,3,8,0,8,8,16
08/25/2022,GLH,MS,ASO,ES,Federal Contract Tower,0,4,4,4,12,0,0,1,3,4,0,4,5,7,16,4,4,8,24
08/26/2022,GLH,MS,ASO,ES,Federal Contract Tower,0,2,3,5,10,0,0,4,1,5,0,2,7,6,15,4,88,92,107
08/27/2022,GLH,MS,ASO,ES,Federal Contract Tower,0,2,0,0,2,0,0,28,8,36,0,2,28,8,38,6,0,6,44
08/28/2022,GLH,MS,ASO,ES,Federal Contract Tower,0,3,3,0,6,0,0,5,0,5,0,3,8,0,11,0,0,0,11
08/29/2022,GLH,MS,ASO,ES,Federal Contract Tower,0,2,1,4,7,0,0,8,0,8,0,2,9,4,15,4,38,42,57
08/30/2022,GLH,MS,ASO,ES,Federal Contract Tower,0,4,0,3,7,0,0,38,8,46,0,4,38,11,53,22,12,34,87
08/31/2022,GLH,MS,ASO,ES,Federal Contract Tower,0,2,0,3,5,0,0,24,2,26,0,2,24,5,31,8,6,14,45
09/01/2022,GLH,MS,ASO,ES,Federal Contract Tower,0,3,3,2,8,0,0,21,0,21,0,3,24,2,29,2,6,8,37
09/02/2022,GLH,MS,ASO,ES,Federal Contract Tower,0,4,0,0,4,0,0,36,4,40,0,4,36,4,44,4,0,4,48
09/03/2022,GLH,MS,ASO,ES,Federal Contract Tower,0,2,0,0,2,0,0,0,0,0,0,2,0,0,2,0,0,0,2
09/04/2022,GLH,MS,ASO,ES,Federal Contract Tower,0,3,0,0,3,0,0,26,0,26,0,3,26,0,29,0,0,0,29
09/05/2022,GLH,MS,ASO,ES,Federal Contract Tower,0,3,4,0,7,0,0,21,0,21,0,3,25,0,28,2,0,2,30
09/06/2022,GLH,MS,ASO,ES,Federal Contract Tower,0,2,5,7,14,0,0,16,1,17,0,2,21,8,31,0,32,32,63
09/07/2022,GLH,MS,ASO,ES,Federal Contract Tower,0,3,2,8,13,0,0,25,3,28,0,3,27,11,41,4,72,76,117
09/08/2022,GLH,MS,ASO,ES,Federal Contract Tower,0,3,8,8,19,0,0,26,4,30,0,3,34,12,49,14,74,88,137
09/09/2022,GLH,MS,ASO,ES,Federal Contract Tower,0,3,1,7,11,0,0,9,1,10,0,3,10,8,21,16,74,90,111
09/10/2022,GLH,MS,ASO,ES,Federal Contract Tower,0,2,0,2,4,0,0,12,1,13,0,2,12,3,17,2,2,4,21
09/11/2022,GLH,MS,ASO,ES,Federal Contract Tower,0,3,7,0,10,0,0,0,0,0,0,3,7,0,10,2,0,2,12
09/12/2022,GLH,MS,ASO,ES,Federal Contract Tower,0,3,1,4,8,0,0,34,3,37,0,3,35,7,45,26,20,46,91
09/13/2022,GLH,MS,ASO,ES,Federal Contract Tower,0,2,4,2,8,0,0,80,1,81,0,2,84,3,89,18,16,34,123
09/14/2022,GLH,MS,ASO,ES,Federal Contract Tower,0,3,7,1,11,0,0,28,0,28,0,3,35,1,39,14,2,16,55
09/15/2022,GLH,MS,ASO,ES,Federal Contract Tower,0,2,1,3,6,0,0,70,1,71,0,2,71,4,77,22,86,108,185
09/16/2022,GLH,MS,ASO,ES,Federal Contract Tower,0,3,3,2,8,0,0,16,1,17,0,3,19,3,25,22,4,26,51
09/17/2022,GLH,MS,ASO,ES,Federal Contract Tower,0,2,1,0,3,0,0,18,0,18,0,2,19,0,21,4,0,4,25
09/18/2022,GLH,MS,ASO,ES,Federal Contract Tower,0,3,2,0,5,0,0,20,4,24,0,3,22,4,29,20,0,20,49
09/19/2022,GLH,MS,ASO,ES,Federal Contract Tower,0,3,0,3,6,0,0,25,1,26,0,3,25,4,32,38,36,74,106
09/20/2022,GLH,MS,ASO,ES,Federal Contract Tower,0,2,3,6,11,0,0,46,5,51,0,2,49,11,62,26,12,38,100
09/21/2022,GLH,MS,ASO,ES,Federal Contract Tower,0,4,1,3,8,0,0,51,0,51,0,4,52,3,59,10,16,26,85
09/22/2022,GLH,MS,ASO,ES,Federal Contract Tower,0,3,5,3,11,0,0,34,1,35,0,3,39,4,46,10,12,22,68
09/23/2022,GLH,MS,ASO,ES,Federal Contract Tower,0,3,0,2,5,0,0,15,4,19,0,3,15,6,24,18,4,22,46
09/24/2022,GLH,MS,ASO,ES,Federal Contract Tower,0,4,4,0,8,0,0,14,0,14,0,4,18,0,22,6,0,6,28
09/25/2022,GLH,MS,ASO,ES,Federal Contract Tower,0,4,1,8,13,0,0,0,9,9,0,4,1,17,22,0,0,0,22
09/26/2022,GLH,MS,ASO,ES,Federal Contract Tower,0,3,4,6,13,0,0,12,0,12,0,3,16,6,25,2,4,6,31
09/27/2022,GLH,MS,ASO,ES,Federal Contract Tower,0,2,0,1,3,0,0,14,1,15,0,2,14,2,18,4,10,14,32
09/28/2022,GLH,MS,ASO,ES,Federal Contract Tower,0,3,0,6,9,0,0,13,3,16,0,3,13,9,25,2,48,50,75
09/29/2022,GLH,MS,ASO,ES,Federal Contract Tower,0,3,0,1,4,0,0,9,3,12,0,3,9,4,16,2,10,12,28
09/30/2022,GLH,MS,ASO,ES,Federal Contract Tower,0,3,0,4,7,0,0,5,0,5,0,3,5,4,12,4,26,30,42
10/01/2022,GLH,MS,ASO,ES,Federal Contract Tower,0,2,1,0,3,0,0,3,0,3,0,2,4,0,6,0,0,0,6
10/02/2022,GLH,MS,ASO,ES,Federal Contract Tower,0,4,4,0,8,0,0,23,0,23,0,4,27,0,31,0,0,0,31
10/03/2022,GLH,MS,ASO,ES,Federal Contract Tower,0,3,2,7,12,0,0,12,1,13,0,3,14,8,25,12,28,40,65
10/04/2022,GLH,MS,ASO,ES,Federal Contract Tower,0,2,1,4,7,0,0,23,1,24,0,2,24,5,31,22,54,76,107
10/05/2022,GLH,MS,ASO,ES,Federal Contract Tower,0,3,4,3,10,0,0,10,5,15,0,3,14,8,25,0,20,20,45
10/06/2022,GLH,MS,ASO,ES,Federal Contract Tower,0,3,1,2,6,0,0,12,0,12,0,3,13,2,18,2,8,10,28
10/07/2022,GLH,MS,ASO,ES,Federal Contract Tower,0,3,2,6,11,0,0,21,2,23,0,3,23,8,34,2,64,66,100
10/08/2022,GLH,MS,ASO,ES,Federal Contract Tower,0,2,2,0,4,0,0,13,0,13,0,2,15,0,17,2,0,2,19
10/09/2022,GLH,MS,ASO,ES,Federal Contract Tower,0,3,5,0,8,0,0,9,0,9,0,3,14,0,17,8,0,8,25
10/10/2022,GLH,MS,ASO,ES,Federal Contract Tower,0,3,5,0,8,0,0,6,0,6,0,3,11,0,14,2,0,2,16
10/11/2022,GLH,MS,ASO,ES,Federal Contract Tower,0,2,0,7,9,0,0,9,2,11,0,2,9,9,20,0,90,90,110
10/12/2022,GLH,MS,ASO,ES,Federal Contract Tower,0,3,0,18,21,0,0,5,3,8,0,3,5,21,29,4,94,98,127
10/13/2022,GLH,MS,ASO,ES,Federal Contract Tower,0,3,0,10,13,0,0,20,3,23,0,3,20,13,36,10,62,72,108
10/14/2022,GLH,MS,ASO,ES,Federal Contract Tower,0,3,0,11,14,0,0,12,3,15,0,3,12,14,29,6,78,84,113
10/15/2022,GLH,MS,ASO,ES,Federal Contract Tower,0,2,0,0,2,0,0,14,0,14,0,2,14,0,16,2,0,2,18
10/16/2022,GLH,MS,ASO,ES,Federal Contract Tower,0,3,2,0,5,0,0,8,0,8,0,3,10,0,13,6,0,6,19
10/17/2022,GLH,MS,ASO,ES,Federal Contract Tower,0,3,5,2,10,0,0,9,1,10,0,3,14,3,20,4,14,18,38
10/18/2022,GLH,MS,ASO,ES,Federal Contract Tower,0,3,1,1,5,0,0,23,5,28,0,3,24,6,33,10,24,34,67
10/19/2022,GLH,MS,ASO,ES,Federal Contract Tower,0,2,2,1,5,0,0,34,3,37,0,2,36,4,42,16,2,18,60
10/20/2022,GLH,MS,ASO,ES,Federal Contract Tower,0,1,7,3,11,0,0,32,7,39,0,1,39,10,50,10,30,40,90
10/21/2022,GLH,MS,ASO,ES,Federal Contract Tower,0,3,3,2,8,0,0,16,2,18,0,3,19,4,26,18,6,24,50
10/22/2022,GLH,MS,ASO,ES,Federal Contract Tower,0,2,1,0,3,0,0,13,0,13,0,2,14,0,16,2,0,2,18
10/23/2022,GLH,MS,ASO,ES,Federal Contract Tower,0,3,3,4,10,0,0,6,1,7,0,3,9,5,17,2,10,12,29
10/24/2022,GLH,MS,ASO,ES,Federal Contract Tower,0,3,0,4,7,0,0,14,4,18,0,3,14,8,25,4,70,74,99
10/25/2022,GLH,MS,ASO,ES,Federal Contract Tower,0,1,0,0,1,0,0,1,0,1,0,1,1,0,2,0,0,0,2
10/26/2022,GLH,MS,ASO,ES,Federal Contract Tower,0,2,0,2,4,0,0,35,2,37,0,2,35,4,41,8,4,12,53
10/27/2022,GLH,MS,ASO,ES,Federal Contract Tower,0,1,0,0,1,0,0,23,2,25,0,1,23,2,26,10,2,12,38
10/28/2022,GLH,MS,ASO,ES,Federal Contract Tower,0,3,1,5,9,0,0,17,8,25,0,3,18,13,34,12,8,20,54
10/29/2022,GLH,MS,ASO,ES,Federal Contract Tower,0,2,0,0,2,0,0,0,0,0,0,2,0,0,2,0,0,0,2
10/30/2022,GLH,MS,ASO,ES,Federal Contract Tower,0,3,4,0,7,0,0,4,0,4,0,3,8,0,11,2,0,2,13
10/31/2022,GLH,MS,ASO,ES,Federal Contract Tower,0,3,8,3,14,0,0,14,3,17,0,3,22,6,31,6,8,14,45
11/01/2022,GLH,MS,ASO,ES,Federal Contract Tower,0,3,2,4,9,0,0,24,0,24,0,3,26,4,33,8,14,22,55
11/02/2022,GLH,MS,ASO,ES,Federal Contract Tower,0,4,5,1,10,0,0,21,1,22,0,4,26,2,32,24,2,26,58
11/03/2022,GLH,MS,ASO,ES,Federal Contract Tower,0,3,3,7,13,0,0,68,3,71,0,3,71,10,84,10,10,20,104
11/04/2022,GLH,MS,ASO,ES,Federal Contract Tower,0,1,1,4,6,0,0,30,0,30,0,1,31,4,36,8,4,12,48
11/05/2022,GLH,MS,ASO,ES,Federal Contract Tower,0,2,0,2,4,0,0,4,0,4,0,2,4,2,8,0,0,0,8
11/06/2022,GLH,MS,ASO,ES,Federal Contract Tower,0,3,2,0,5,0,0,0,0,0,0,3,2,0,5,0,0,0,5
11/07/2022,GLH,MS,ASO,ES,Federal Contract Tower,0,3,4,0,7,0,0,3,0,3,0,3,7,0,10,0,0,0,10
11/08/2022,GLH,MS,ASO,ES,Federal Contract Tower,0,3,9,0,12,0,0,10,0,10,0,3,19,0,22,4,0,4,26
11/09/2022,GLH,MS,ASO,ES,Federal Contract Tower,0,2,1,12,15,0,0,31,2,33,0,2,32,14,48,8,18,26,74
11/10/2022,GLH,MS,ASO,ES,Federal Contract Tower,0,3,6,2,11,0,0,31,2,33,0,3,37,4,44,10,4,14,58
11/11/2022,GLH,MS,ASO,ES,Federal Contract Tower,0,3,4,0,7,0,0,26,0,26,0,3,30,0,33,6,0,6,39
11/12/2022,GLH,MS,ASO,ES,Federal Contract Tower,0,2,0,0,2,0,0,5,0,5,0,2,5,0,7,0,0,0,7
11/13/2022,GLH,MS,ASO,ES,Federal Contract Tower,0,3,3,2,8,0,0,19,0,19,0,3,22,2,27,2,0,2,29
11/14/2022,GLH,MS,ASO,ES,Federal Contract Tower,0,3,3,3,9,0,0,14,2,16,0,3,17,5,25,2,14,16,41
11/15/2022,GLH,MS,ASO,ES,Federal Contract Tower,0,3,4,2,9,0,0,2,0,2,0,3,6,2,11,2,2,4,15
11/16/2022,GLH,MS,ASO,ES,Federal Contract Tower,0,2,3,4,9,0,0,52,3,55,0,2,55,7,64,30,20,50,114
11/17/2022,GLH,MS,ASO,ES,Federal Contract Tower,0,3,4,1,8,0,0,21,1,22,0,3,25,2,30,20,6,26,56
11/18/2022,GLH,MS,ASO,ES,Federal Contract Tower,0,3,2,1,6,0,0,31,3,34,0,3,33,4,40,32,4,36,76
11/19/2022,GLH,MS,ASO,ES,Federal Contract Tower,0,1,6,0,7,0,0,14,0,14,0,1,20,0,21,0,0,0,21
11/20/2022,GLH,MS,ASO,ES,Federal Contract Tower,0,3,5,0,8,0,0,14,0,14,0,3,19,0,22,2,0,2,24
11/21/2022,GLH,MS,ASO,ES,Federal Contract Tower,0,3,3,0,6,0,0,43,0,43,0,3,46,0,49,22,0,22,71
11/22/2022,GLH,MS,ASO,ES,Federal Contract Tower,0,0,0,0,0,0,0,11,0,11,0,0,11,0,11,2,0,2,13
11/23/2022,GLH,MS,ASO,ES,Federal Contract Tower,0,3,4,3,10,0,0,39,1,40,0,3,43,4,50,0,4,4,54
11/24/2022,GLH,MS,ASO,ES,Federal Contract Tower,0,1,3,0,4,0,0,4,0,4,0,1,7,0,8,0,0,0,8
11/25/2022,GLH,MS,ASO,ES,Federal Contract Tower,0,2,2,0,4,0,0,2,0,2,0,2,4,0,6,0,0,0,6
11/26/2022,GLH,MS,ASO,ES,Federal Contract Tower,0,1,6,0,7,0,0,0,0,0,0,1,6,0,7,0,0,0,7
11/27/2022,GLH,MS,ASO,ES,Federal Contract Tower,0,3,2,0,5,0,0,7,0,7,0,3,9,0,12,0,0,0,12
11/28/2022,GLH,MS,ASO,ES,Federal Contract Tower,0,0,5,0,5,0,0,32,0,32,0,0,37,0,37,6,0,6,43
11/29/2022,GLH,MS,ASO,ES,Federal Contract Tower,0,3,0,0,3,0,0,0,0,0,0,3,0,0,3,0,0,0,3
11/30/2022,GLH,MS,ASO,ES,Federal Contract Tower,0,2,5,4,11,0,0,11,2,13,0,2,16,6,24,6,14,20,44
12/01/2022,GLH,MS,ASO,ES,Federal Contract Tower,0,3,3,0,6,0,0,30,0,30,0,3,33,0,36,6,0,6,42
12/02/2022,GLH,MS,ASO,ES,Federal Contract Tower,0,2,2,0,4,0,0,35,0,35,0,2,37,0,39,11,0,11,50
12/03/2022,GLH,MS,ASO,ES,Federal Contract Tower,0,2,2,0,4,0,0,2,0,2,0,2,4,0,6,0,0,0,6
12/04/2022,GLH,MS,ASO,ES,Federal Contract Tower,0,3,4,0,7,0,0,8,0,8,0,3,12,0,15,2,0,2,17
12/05/2022,GLH,MS,ASO,ES,Federal Contract Tower,0,3,0,0,3,0,0,0,0,0,0,3,0,0,3,0,0,0,3
12/06/2022,GLH,MS,ASO,ES,Federal Contract Tower,0,1,10,2,13,0,0,11,0,11,0,1,21,2,24,2,2,4,28
12/07/2022,GLH,MS,ASO,ES,Federal Contract Tower,0,2,1,0,3,0,0,7,0,7,0,2,8,0,10,0,0,0,10
12/08/2022,GLH,MS,ASO,ES,Federal Contract Tower,0,2,5,0,7,0,0,5,0,5,0,2,10,0,12,0,0,0,12
12/09/2022,GLH,MS,ASO,ES,Federal Contract Tower,0,1,3,0,4,0,0,0,0,0,0,1,3,0,4,0,0,0,4
12/10/2022,GLH,MS,ASO,ES,Federal Contract Tower,0,1,0,0,1,0,0,0,0,0,0,1,0,0,1,0,0,0,1
12/11/2022,GLH,MS,ASO,ES,Federal Contract Tower,0,3,5,6,14,0,0,0,0,0,0,3,5,6,14,0,0,0,14
12/12/2022,GLH,MS,ASO,ES,Federal Contract Tower,0,4,3,0,7,0,0,0,0,0,0,4,3,0,7,0,0,0,7
12/13/2022,GLH,MS,ASO,ES,Federal Contract Tower,0,3,10,0,13,0,0,0,0,0,0,3,10,0,13,0,0,0,13
12/14/2022,GLH,MS,ASO,ES,Federal Contract Tower,0,3,4,0,7,0,0,0,0,0,0,3,4,0,7,0,0,0,7
12/15/2022,GLH,MS,ASO,ES,Federal Contract Tower,0,3,3,1,7,0,0,20,5,25,0,3,23,6,32,22,10,32,64
12/16/2022,GLH,MS,ASO,ES,Federal Contract Tower,0,3,7,0,10,0,0,34,2,36,0,3,41,2,46,6,2,8,54
12/17/2022,GLH,MS,ASO,ES,Federal Contract Tower,0,2,5,0,7,0,0,18,0,18,0,2,23,0,25,4,0,4,29
12/18/2022,GLH,MS,ASO,ES,Federal Contract Tower,0,3,3,0,6,0,0,19,0,19,0,3,22,0,25,4,0,4,29
12/19/2022,GLH,MS,ASO,ES,Federal Contract Tower,0,3,0,0,3,0,0,2,0,2,0,3,2,0,5,0,0,0,5
12/20/2022,GLH,MS,ASO,ES,Federal Contract Tower,0,2,2,1,5,0,0,4,1,5,0,2,6,2,10,2,4,6,16
12/21/2022,GLH,MS,ASO,ES,Federal Contract Tower,0,1,1,4,6,0,0,0,0,0,0,1,1,4,6,0,0,0,6
12/22/2022,GLH,MS,ASO,ES,Federal Contract Tower,0,4,1,0,5,0,0,0,0,0,0,4,1,0,5,0,0,0,5
12/23/2022,GLH,MS,ASO,ES,Federal Contract Tower,0,0,0,0,0,0,0,8,0,8,0,0,8,0,8,0,0,0,8
12/24/2022,GLH,MS,ASO,ES,Federal Contract Tower,0,2,0,0,2,0,0,10,0,10,0,2,10,0,12,0,0,0,12
12/25/2022,GLH,MS,ASO,ES,Federal Contract Tower,0,0,0,0,0,0,0,2,0,2,0,0,2,0,2,0,0,0,2
12/26/2022,GLH,MS,ASO,ES,Federal Contract Tower,0,2,3,0,5,0,0,4,0,4,0,2,7,0,9,0,0,0,9
12/27/2022,GLH,MS,ASO,ES,Federal Contract Tower,0,2,4,0,6,0,0,13,0,13,0,2,17,0,19,4,0,4,23
12/28/2022,GLH,MS,ASO,ES,Federal Contract Tower,0,3,2,0,5,0,0,17,0,17,0,3,19,0,22,0,0,0,22
12/29/2022,GLH,MS,ASO,ES,Federal Contract Tower,0,2,6,0,8,0,0,0,0,0,0,2,6,0,8,0,0,0,8
12/30/2022,GLH,MS,ASO,ES,Federal Contract Tower,0,3,7,0,10,0,0,2,0,2,0,3,9,0,12,0,0,0,12
12/31/2022,GLH,MS,ASO,ES,Federal Contract Tower,0,2,2,0,4,0,0,2,0,2,0,2,4,0,6,0,0,0,6
01/01/2023,GLH,MS,ASO,ES,Federal Contract Tower,0,1,1,0,2,0,0,18,0,18,0,1,19,0,20,0,0,0,20
01/02/2023,GLH,MS,ASO,ES,Federal Contract Tower,0,2,0,0,2,0,0,0,0,0,0,2,0,0,2,0,0,0,2
01/03/2023,GLH,MS,ASO,ES,Federal Contract Tower,0,1,1,1,3,0,0,5,1,6,0,1,6,2,9,0,16,16,25
01/04/2023,GLH,MS,ASO,ES,Federal Contract Tower,0,2,5,0,7,0,0,8,0,8,0,2,13,0,15,6,0,6,21
01/05/2023,GLH,MS,ASO,ES,Federal Contract Tower,0,3,3,1,7,0,0,23,1,24,0,3,26,2,31,2,2,4,35
01/06/2023,GLH,MS,ASO,ES,Federal Contract Tower,0,3,3,7,13,0,0,24,1,25,0,3,27,8,38,2,6,8,46
01/07/2023,GLH,MS,ASO,ES,Federal Contract Tower,0,1,0,0,1,0,0,6,0,6,0,1,6,0,7,6,0,6,13
01/08/2023,GLH,MS,ASO,ES,Federal Contract Tower,0,2,8,0,10,0,0,2,0,2,0,2,10,0,12,4,0,4,16
01/09/2023,GLH,MS,ASO,ES,Federal Contract Tower,0,3,1,0,4,0,0,18,0,18,0,3,19,0,22,2,0,2,24
01/10/2023,GLH,MS,ASO,ES,Federal Contract Tower,0,3,10,0,13,0,0,15,2,17,0,3,25,2,30,0,0,0,30
01/11/2023,GLH,MS,ASO,ES,Federal Contract Tower,0,2,0,0,2,0,0,11,0,11,0,2,11,0,13,0,0,0,13
01/12/2023,GLH,MS,ASO,ES,Federal Contract Tower,0,3,4,2,9,0,0,0,0,0,0,3,4,2,9,0,4,4,13
01/13/2023,GLH,MS,ASO,ES,Federal Contract Tower,0,3,4,2,9,0,0,6,0,6,0,3,10,2,15,8,2,10,25
01/14/2023,GLH,MS,ASO,ES,Federal Contract Tower,0,2,0,0,2,0,0,90,0,90,0,2,90,0,92,16,0,16,108
01/15/2023,GLH,MS,ASO,ES,Federal Contract Tower,0,3,4,0,7,0,0,46,0,46,0,3,50,0,53,2,0,2,55
01/16/2023,GLH,MS,ASO,ES,Federal Contract Tower,0,3,0,0,3,0,0,6,0,6,0,3,6,0,9,0,0,0,9
01/17/2023,GLH,MS,ASO,ES,Federal Contract Tower,0,3,4,1,8,0,0,19,1,20,0,3,23,2,28,4,2,6,34
01/18/2023,GLH,MS,ASO,ES,Federal Contract Tower,0,2,1,0,3,0,0,0,0,0,0,2,1,0,3,0,0,0,3
01/19/2023,GLH,MS,ASO,ES,Federal Contract Tower,0,3,0,0,3,0,0,6,2,8,0,3,6,2,11,2,2,4,15
01/20/2023,GLH,MS,ASO,ES,Federal Contract Tower,0,3,1,2,6,0,0,17,2,19,0,3,18,4,25,12,2,14,39
01/21/2023,GLH,MS,ASO,ES,Federal Contract Tower,0,2,2,0,4,0,0,14,0,14,0,2,16,0,18,10,0,10,28
01/22/2023,GLH,MS,ASO,ES,Federal Contract Tower,0,3,1,0,4,0,0,2,0,2,0,3,3,0,6,0,0,0,6
01/23/2023,GLH,MS,ASO,ES,Federal Contract Tower,0,1,3,0,4,0,0,51,2,53,0,1,54,2,57,30,2,32,89
01/24/2023,GLH,MS,ASO,ES,Federal Contract Tower,0,2,0,0,2,0,0,0,0,0,0,2,0,0,2,0,0,0,2
01/25/2023,GLH,MS,ASO,ES,Federal Contract Tower,0,2,0,0,2,0,0,2,0,2,0,2,2,0,4,0,0,0,4
01/26/2023,GLH,MS,ASO,ES,Federal Contract Tower,0,3,5,0,8,0,0,12,0,12,0,3,17,0,20,6,0,6,26
01/27/2023,GLH,MS,ASO,ES,Federal Contract Tower,0,3,1,0,4,0,0,16,6,22,0,3,17,6,26,8,6,14,40
01/28/2023,GLH,MS,ASO,ES,Federal Contract Tower,0,2,3,0,5,0,0,6,0,6,0,2,9,0,11,6,0,6,17
01/29/2023,GLH,MS,ASO,ES,Federal Contract Tower,0,3,0,0,3,0,0,0,0,0,0,3,0,0,3,0,0,0,3
01/30/2023,GLH,MS,ASO,ES,Federal Contract Tower,0,4,0,0,4,0,0,0,0,0,0,4,0,0,4,0,0,0,4
01/31/2023,GLH,MS,ASO,ES,Federal Contract Tower,0,0,0,0,0,0,0,0,0,0,0,0,0,0,0,0,0,0,0
02/01/2023,GLH,MS,ASO,ES,Federal Contract Tower,0,0,0,0,0,0,0,0,0,0,0,0,0,0,0,0,0,0,0
02/02/2023,GLH,MS,ASO,ES,Federal Contract Tower,0,2,2,0,4,0,0,0,0,0,0,2,2,0,4,0,0,0,4
02/03/2023,GLH,MS,ASO,ES,Federal Contract Tower,0,3,1,0,4,0,0,20,0,20,0,3,21,0,24,4,0,4,28
02/04/2023,GLH,MS,ASO,ES,Federal Contract Tower,0,2,2,0,4,0,0,25,2,27,0,2,27,2,31,2,0,2,33
02/05/2023,GLH,MS,ASO,ES,Federal Contract Tower,0,3,2,0,5,0,0,27,0,27,0,3,29,0,32,2,0,2,34
02/06/2023,GLH,MS,ASO,ES,Federal Contract Tower,0,3,0,0,3,0,0,12,0,12,0,3,12,0,15,18,0,18,33
02/07/2023,GLH,MS,ASO,ES,Federal Contract Tower,0,3,3,2,8,0,0,22,0,22,0,3,25,2,30,4,4,8,38
02/08/2023,GLH,MS,ASO,ES,Federal Contract Tower,0,2,0,0,2,0,0,0,0,0,0,2,0,0,2,0,0,0,2
02/09/2023,GLH,MS,ASO,ES,Federal Contract Tower,0,3,3,1,7,0,0,10,1,11,0,3,13,2,18,6,4,10,28
02/10/2023,GLH,MS,ASO,ES,Federal Contract Tower,0,3,0,2,5,0,0,10,2,12,0,3,10,4,17,0,4,4,21
02/11/2023,GLH,MS,ASO,ES,Federal Contract Tower,0,2,0,0,2,0,0,4,0,4,0,2,4,0,6,0,0,0,6
02/12/2023,GLH,MS,ASO,ES,Federal Contract Tower,0,3,2,0,5,0,0,12,0,12,0,3,14,0,17,2,0,2,19
02/13/2023,GLH,MS,ASO,ES,Federal Contract Tower,0,3,3,8,14,0,0,4,2,6,0,3,7,10,20,2,16,18,38
02/14/2023,GLH,MS,ASO,ES,Federal Contract Tower,0,3,0,0,3,0,0,0,0,0,0,3,0,0,3,0,0,0,3
02/15/2023,GLH,MS,ASO,ES,Federal Contract Tower,0,2,4,4,10,0,0,4,2,6,0,2,8,6,16,0,4,4,20
02/16/2023,GLH,MS,ASO,ES,Federal Contract Tower,0,3,4,0,7,0,0,2,0,2,0,3,6,0,9,2,0,2,11
02/17/2023,GLH,MS,ASO,ES,Federal Contract Tower,0,3,2,2,7,0,0,10,0,10,0,3,12,2,17,4,10,14,31
02/18/2023,GLH,MS,ASO,ES,Federal Contract Tower,0,2,0,0,2,0,0,53,0,53,0,2,53,0,55,8,0,8,63
02/19/2023,GLH,MS,ASO,ES,Federal Contract Tower,0,3,4,4,11,0,0,5,0,5,0,3,9,4,16,4,4,8,24
02/20/2023,GLH,MS,ASO,ES,Federal Contract Tower,0,3,2,0,5,0,0,7,0,7,0,3,9,0,12,2,0,2,14
02/21/2023,GLH,MS,ASO,ES,Federal Contract Tower,0,3,5,4,12,0,0,1,4,5,0,3,6,8,17,0,34,34,51
02/22/2023,GLH,MS,ASO,ES,Federal Contract Tower,0,2,4,2,8,0,0,0,0,0,0,2,4,2,8,0,2,2,10
02/23/2023,GLH,MS,ASO,ES,Federal Contract Tower,0,3,2,0,5,0,0,15,0,15,0,3,17,0,20,4,0,4,24
02/24/2023,GLH,MS,ASO,ES,Federal Contract Tower,0,3,0,0,3,0,0,2,0,2,0,3,2,0,5,0,0,0,5
02/25/2023,GLH,MS,ASO,ES,Federal Contract Tower,0,2,1,0,3,0,0,0,0,0,0,2,1,0,3,0,0,0,3
02/26/2023,GLH,MS,ASO,ES,Federal Contract Tower,0,3,3,0,6,0,0,5,0,5,0,3,8,0,11,16,0,16,27
02/27/2023,GLH,MS,ASO,ES,Federal Contract Tower,0,3,0,11,14,0,0,3,3,6,0,3,3,14,20,0,12,12,32
02/28/2023,GLH,MS,ASO,ES,Federal Contract Tower,0,3,0,4,7,0,0,188,2,190,0,3,188,6,197,14,24,38,235
03/01/2023,GLH,MS,ASO,ES,Federal Contract Tower,0,2,2,0,4,0,0,2,0,2,0,2,4,0,6,0,0,0,6
03/02/2023,GLH,MS,ASO,ES,Federal Contract Tower,0,2,3,0,5,0,0,2,0,2,0,2,5,0,7,0,0,0,7
03/03/2023,GLH,MS,ASO,ES,Federal Contract Tower,0,2,0,3,5,0,0,0,5,5,0,2,0,8,10,0,6,6,16
03/04/2023,GLH,MS,ASO,ES,Federal Contract Tower,0,2,6,0,8,0,0,35,0,35,0,2,41,0,43,8,0,8,51
03/05/2023,GLH,MS,ASO,ES,Federal Contract Tower,0,3,0,0,3,0,0,49,0,49,0,3,49,0,52,8,0,8,60
03/06/2023,GLH,MS,ASO,ES,Federal Contract Tower,0,3,0,7,10,0,0,9,8,17,0,3,9,15,27,14,26,40,67
03/07/2023,GLH,MS,ASO,ES,Federal Contract Tower,0,3,2,2,7,0,0,17,0,17,0,3,19,2,24,22,26,48,72
03/08/2023,GLH,MS,ASO,ES,Federal Contract Tower,0,2,2,0,4,0,0,0,0,0,0,2,2,0,4,0,0,0,4
03/09/2023,GLH,MS,ASO,ES,Federal Contract Tower,0,1,2,0,3,0,0,6,0,6,0,1,8,0,9,8,0,8,17
03/10/2023,GLH,MS,ASO,ES,Federal Contract Tower,0,3,2,11,16,0,0,12,0,12,0,3,14,11,28,10,52,62,90
03/11/2023,GLH,MS,ASO,ES,Federal Contract Tower,0,2,2,0,4,0,0,10,0,10,0,2,12,0,14,0,0,0,14
03/12/2023,GLH,MS,ASO,ES,Federal Contract Tower,0,3,2,0,5,0,0,0,0,0,0,3,2,0,5,0,0,0,5
03/13/2023,GLH,MS,ASO,ES,Federal Contract Tower,0,3,0,5,8,0,0,61,3,64,0,3,61,8,72,0,38,38,110
03/14/2023,GLH,MS,ASO,ES,Federal Contract Tower,0,3,1,2,6,0,0,13,0,13,0,3,14,2,19,6,2,8,27
03/15/2023,GLH,MS,ASO,ES,Federal Contract Tower,0,2,5,0,7,0,0,165,4,169,0,2,170,4,176,16,0,16,192
03/16/2023,GLH,MS,ASO,ES,Federal Contract Tower,0,3,1,0,4,0,0,5,0,5,0,3,6,0,9,6,0,6,15
03/17/2023,GLH,MS,ASO,ES,Federal Contract Tower,0,4,2,0,6,0,0,0,0,0,0,4,2,0,6,0,0,0,6
03/18/2023,GLH,MS,ASO,ES,Federal Contract Tower,0,2,1,0,3,0,0,6,0,6,0,2,7,0,9,2,0,2,11
03/19/2023,GLH,MS,ASO,ES,Federal Contract Tower,0,1,0,2,3,0,0,5,6,11,0,1,5,8,14,0,4,4,18
03/20/2023,GLH,MS,ASO,ES,Federal Contract Tower,0,3,7,5,15,0,0,112,3,115,0,3,119,8,130,4,34,38,168
03/21/2023,GLH,MS,ASO,ES,Federal Contract Tower,1,0,5,0,6,0,0,5,0,5,1,0,10,0,11,8,0,8,19
03/22/2023,GLH,MS,ASO,ES,Federal Contract Tower,0,2,3,2,7,0,0,49,0,49,0,2,52,2,56,0,0,0,56
03/23/2023,GLH,MS,ASO,ES,Federal Contract Tower,0,3,5,2,10,0,0,14,0,14,0,3,19,2,24,0,4,4,28
03/24/2023,GLH,MS,ASO,ES,Federal Contract Tower,0,3,4,0,7,0,0,11,0,11,0,3,15,0,18,6,0,6,24
03/25/2023,GLH,MS,ASO,ES,Federal Contract Tower,0,1,1,0,2,0,0,16,0,16,0,1,17,0,18,2,0,2,20
03/26/2023,GLH,MS,ASO,ES,Federal Contract Tower,0,1,1,0,2,0,0,30,0,30,0,1,31,0,32,6,0,6,38
03/27/2023,GLH,MS,ASO,ES,Federal Contract Tower,0,3,1,4,8,0,0,10,2,12,0,3,11,6,20,8,16,24,44
03/28/2023,GLH,MS,ASO,ES,Federal Contract Tower,0,3,5,1,9,0,0,9,1,10,0,3,14,2,19,4,6,10,29
03/30/2023,GLH,MS,ASO,ES,Federal Contract Tower,0,3,1,3,7,0,0,6,1,7,0,3,7,4,14,2,14,16,30
03/31/2023,GLH,MS,ASO,ES,Federal Contract Tower,0,3,2,0,5,0,0,2,0,2,0,3,4,0,7,0,0,0,7
04/01/2023,GLH,MS,ASO,ES,Federal Contract Tower,0,1,2,0,3,0,0,48,0,48,0,1,50,0,51,2,0,2,53
04/02/2023,GLH,MS,ASO,ES,Federal Contract Tower,0,3,0,0,3,0,0,11,0,11,0,3,11,0,14,2,0,2,16
04/03/2023,GLH,MS,ASO,ES,Federal Contract Tower,0,2,0,0,2,0,0,1,0,1,0,2,1,0,3,0,0,0,3
04/04/2023,GLH,MS,ASO,ES,Federal Contract Tower,0,3,4,0,7,0,0,7,0,7,0,3,11,0,14,2,0,2,16
04/05/2023,GLH,MS,ASO,ES,Federal Contract Tower,0,2,0,0,2,0,0,0,0,0,0,2,0,0,2,0,0,0,2
04/06/2023,GLH,MS,ASO,ES,Federal Contract Tower,0,3,3,0,6,0,0,0,0,0,0,3,3,0,6,0,0,0,6
04/07/2023,GLH,MS,ASO,ES,Federal Contract Tower,0,3,4,2,9,0,0,0,0,0,0,3,4,2,9,0,2,2,11
04/08/2023,GLH,MS,ASO,ES,Federal Contract Tower,0,2,1,0,3,0,0,1,0,1,0,2,2,0,4,0,0,0,4
04/09/2023,GLH,MS,ASO,ES,Federal Contract Tower,0,3,2,0,5,0,0,10,0,10,0,3,12,0,15,2,0,2,17
04/10/2023,GLH,MS,ASO,ES,Federal Contract Tower,0,3,0,2,5,0,0,25,0,25,0,3,25,2,30,2,52,54,84
04/11/2023,GLH,MS,ASO,ES,Federal Contract Tower,0,3,3,5,11,0,0,133,2,135,0,3,136,7,146,18,38,56,202
04/12/2023,GLH,MS,ASO,ES,Federal Contract Tower,0,2,2,5,9,0,0,52,0,52,0,2,54,5,61,8,78,86,147
04/13/2023,GLH,MS,ASO,ES,Federal Contract Tower,0,2,3,2,7,0,0,95,0,95,0,2,98,2,102,2,8,10,112
04/14/2023,GLH,MS,ASO,ES,Federal Contract Tower,0,3,6,2,11,0,0,211,0,211,0,3,217,2,222,24,62,86,308
04/15/2023,GLH,MS,ASO,ES,Federal Contract Tower,0,1,1,0,2,0,0,6,6,12,0,1,7,6,14,4,0,4,18
04/16/2023,GLH,MS,ASO,ES,Federal Contract Tower,0,3,2,0,5,0,0,9,0,9,0,3,11,0,14,0,0,0,14
04/17/2023,GLH,MS,ASO,ES,Federal Contract Tower,0,3,2,0,5,0,0,14,0,14,0,3,16,0,19,8,0,8,27
04/18/2023,GLH,MS,ASO,ES,Federal Contract Tower,0,3,1,2,6,0,0,33,2,35,0,3,34,4,41,10,10,20,61
04/19/2023,GLH,MS,ASO,ES,Federal Contract Tower,0,2,2,2,6,0,0,5,0,5,0,2,7,2,11,0,24,24,35
04/20/2023,GLH,MS,ASO,ES,Federal Contract Tower,0,3,4,5,12,0,0,10,2,12,0,3,14,7,24,6,28,34,58
04/21/2023,GLH,MS,ASO,ES,Federal Contract Tower,0,1,0,0,1,0,0,0,0,0,0,1,0,0,1,0,0,0,1
04/22/2023,GLH,MS,ASO,ES,Federal Contract Tower,0,2,3,0,5,0,0,6,0,6,0,2,9,0,11,0,0,0,11
04/23/2023,GLH,MS,ASO,ES,Federal Contract Tower,0,4,4,4,12,0,0,6,0,6,0,4,10,4,18,4,4,8,26
04/24/2023,GLH,MS,ASO,ES,Federal Contract Tower,0,1,2,1,4,0,0,41,1,42,0,1,43,2,46,2,2,4,50
04/25/2023,GLH,MS,ASO,ES,Federal Contract Tower,0,3,2,2,7,0,0,3,0,3,0,3,5,2,10,0,8,8,18
04/26/2023,GLH,MS,ASO,ES,Federal Contract Tower,0,3,3,0,6,0,0,10,0,10,0,3,13,0,16,0,0,0,16
04/27/2023,GLH,MS,ASO,ES,Federal Contract Tower,0,1,2,0,3,0,0,4,0,4,0,1,6,0,7,6,0,6,13
04/28/2023,GLH,MS,ASO,ES,Federal Contract Tower,0,3,3,0,6,0,0,9,0,9,0,3,12,0,15,2,0,2,17
04/29/2023,GLH,MS,ASO,ES,Federal Contract Tower,0,1,2,0,3,0,0,0,0,0,0,1,2,0,3,0,0,0,3
04/30/2023,GLH,MS,ASO,ES,Federal Contract Tower,0,3,0,4,7,0,0,10,2,12,0,3,10,6,19,2,6,8,27
05/01/2023,GLH,MS,ASO,ES,Federal Contract Tower,0,3,2,2,7,0,0,50,2,52,0,3,52,4,59,2,4,6,65
05/02/2023,GLH,MS,ASO,ES,Federal Contract Tower,0,3,1,4,8,0,0,60,6,66,0,3,61,10,74,0,80,80,154
05/03/2023,GLH,MS,ASO,ES,Federal Contract Tower,0,2,0,1,3,0,0,41,1,42,0,2,41,2,45,20,2,22,67
05/04/2023,GLH,MS,ASO,ES,Federal Contract Tower,0,3,0,6,9,0,0,7,0,7,0,3,7,6,16,12,8,20,36
05/05/2023,GLH,MS,ASO,ES,Federal Contract Tower,0,3,0,2,5,0,0,16,0,16,0,3,16,2,21,8,8,16,37
05/06/2023,GLH,MS,ASO,ES,Federal Contract Tower,0,2,4,0,6,0,0,8,0,8,0,2,12,0,14,0,0,0,14
05/07/2023,GLH,MS,ASO,ES,Federal Contract Tower,0,1,2,0,3,0,0,5,4,9,0,1,7,4,12,0,0,0,12
05/08/2023,GLH,MS,ASO,ES,Federal Contract Tower,0,4,1,4,9,0,0,158,0,158,0,4,159,4,167,2,20,22,189
05/09/2023,GLH,MS,ASO,ES,Federal Contract Tower,0,3,0,15,18,0,0,77,3,80,0,3,77,18,98,16,50,66,164
05/10/2023,GLH,MS,ASO,ES,Federal Contract Tower,0,2,0,2,4,0,0,0,0,0,0,2,0,2,4,0,4,4,8
05/11/2023,GLH,MS,ASO,ES,Federal Contract Tower,0,1,2,0,3,0,0,0,0,0,0,1,2,0,3,0,0,0,3
05/12/2023,GLH,MS,ASO,ES,Federal Contract Tower,0,3,8,0,11,0,0,2,0,2,0,3,10,0,13,6,0,6,19
05/13/2023,GLH,MS,ASO,ES,Federal Contract Tower,0,2,2,0,4,0,0,12,0,12,0,2,14,0,16,46,0,46,62
05/14/2023,GLH,MS,ASO,ES,Federal Contract Tower,0,3,0,0,3,0,0,4,0,4,0,3,4,0,7,28,0,28,35
05/15/2023,GLH,MS,ASO,ES,Federal Contract Tower,0,3,3,4,10,0,0,93,2,95,0,3,96,6,105,50,24,74,179
05/16/2023,GLH,MS,ASO,ES,Federal Contract Tower,0,3,9,5,17,0,0,25,4,29,0,3,34,9,46,76,42,118,164
05/17/2023,GLH,MS,ASO,ES,Federal Contract Tower,0,1,1,2,4,0,0,8,0,8,0,1,9,2,12,60,2,62,74
05/18/2023,GLH,MS,ASO,ES,Federal Contract Tower,0,1,3,6,10,0,0,37,1,38,0,1,40,7,48,46,96,142,190
05/19/2023,GLH,MS,ASO,ES,Federal Contract Tower,0,4,0,4,8,0,0,30,5,35,0,4,30,9,43,14,124,138,181
05/20/2023,GLH,MS,ASO,ES,Federal Contract Tower,0,1,0,0,1,0,0,0,0,0,0,1,0,0,1,0,0,0,1
05/21/2023,GLH,MS,ASO,ES,Federal Contract Tower,0,3,2,0,5,0,0,9,0,9,0,3,11,0,14,16,0,16,30
05/22/2023,GLH,MS,ASO,ES,Federal Contract Tower,0,3,3,8,14,0,0,15,2,17,0,3,18,10,31,30,60,90,121
05/23/2023,GLH,MS,ASO,ES,Federal Contract Tower,0,3,4,2,9,0,0,275,2,277,0,3,279,4,286,6,4,10,296
05/24/2023,GLH,MS,ASO,ES,Federal Contract Tower,0,1,2,3,6,0,1,102,8,111,0,2,104,11,117,16,16,32,149
05/25/2023,GLH,MS,ASO,ES,Federal Contract Tower,0,3,3,2,8,0,0,78,2,80,0,3,81,4,88,6,10,16,104
05/26/2023,GLH,MS,ASO,ES,Federal Contract Tower,0,3,3,0,6,0,0,28,0,28,0,3,31,0,34,14,0,14,48
05/27/2023,GLH,MS,ASO,ES,Federal Contract Tower,0,2,3,0,5,0,0,3,0,3,0,2,6,0,8,0,0,0,8
05/28/2023,GLH,MS,ASO,ES,Federal Contract Tower,0,3,0,0,3,0,0,66,0,66,0,3,66,0,69,0,0,0,69
05/29/2023,GLH,MS,ASO,ES,Federal Contract Tower,0,3,1,0,4,0,0,87,0,87,0,3,88,0,91,4,0,4,95
05/30/2023,GLH,MS,ASO,ES,Federal Contract Tower,0,1,0,4,5,0,0,22,0,22,0,1,22,4,27,6,4,10,37
05/31/2023,GLH,MS,ASO,ES,Federal Contract Tower,0,2,5,0,7,0,0,45,0,45,0,2,50,0,52,2,0,2,54
06/01/2023,GLH,MS,ASO,ES,Federal Contract Tower,0,1,4,0,5,0,0,65,0,65,0,1,69,0,70,4,0,4,74
06/02/2023,GLH,MS,ASO,ES,Federal Contract Tower,0,1,4,2,7,0,0,15,3,18,0,1,19,5,25,8,6,14,39
06/03/2023,GLH,MS,ASO,ES,Federal Contract Tower,0,2,0,1,3,0,0,2,3,5,0,2,2,4,8,2,6,8,16
06/04/2023,GLH,MS,ASO,ES,Federal Contract Tower,0,1,1,0,2,0,0,3,0,3,0,1,4,0,5,0,0,0,5
06/05/2023,GLH,MS,ASO,ES,Federal Contract Tower,0,1,1,0,2,0,0,2,0,2,0,1,3,0,4,0,2,2,6
06/06/2023,GLH,MS,ASO,ES,Federal Contract Tower,0,1,1,0,2,0,0,7,2,9,0,1,8,2,11,2,26,28,39
06/07/2023,GLH,MS,ASO,ES,Federal Contract Tower,0,1,0,2,3,0,0,14,0,14,0,1,14,2,17,8,32,40,57
06/08/2023,GLH,MS,ASO,ES,Federal Contract Tower,0,2,5,9,16,0,0,41,3,44,0,2,46,12,60,0,142,142,202
06/09/2023,GLH,MS,ASO,ES,Federal Contract Tower,0,1,2,4,7,0,0,56,2,58,0,1,58,6,65,8,8,16,81
06/10/2023,GLH,MS,ASO,ES,Federal Contract Tower,0,1,2,0,3,0,0,37,0,37,0,1,39,0,40,0,0,0,40
06/11/2023,GLH,MS,ASO,ES,Federal Contract Tower,0,1,5,0,6,0,0,33,2,35,0,1,38,2,41,0,0,0,41
06/12/2023,GLH,MS,ASO,ES,Federal Contract Tower,0,1,1,2,4,0,0,11,0,11,0,1,12,2,15,4,4,8,23
06/13/2023,GLH,MS,ASO,ES,Federal Contract Tower,0,3,0,2,5,0,0,6,0,6,0,3,6,2,11,2,4,6,17
06/14/2023,GLH,MS,ASO,ES,Federal Contract Tower,0,2,0,5,7,0,0,1,0,1,0,2,1,5,8,0,50,50,58
06/15/2023,GLH,MS,ASO,ES,Federal Contract Tower,0,1,0,9,10,0,0,14,1,15,0,1,14,10,25,2,60,62,87
06/16/2023,GLH,MS,ASO,ES,Federal Contract Tower,0,1,1,4,6,0,0,21,2,23,0,1,22,6,29,16,22,38,67
06/17/2023,GLH,MS,ASO,ES,Federal Contract Tower,0,2,1,0,3,0,0,13,0,13,0,2,14,0,16,4,0,4,20
06/18/2023,GLH,MS,ASO,ES,Federal Contract Tower,0,1,2,0,3,0,0,0,0,0,0,1,2,0,3,0,0,0,3
06/19/2023,GLH,MS,ASO,ES,Federal Contract Tower,0,1,1,0,2,0,0,28,0,28,0,1,29,0,30,18,0,18,48
06/21/2023,GLH,MS,ASO,ES,Federal Contract Tower,0,2,4,2,8,0,0,18,2,20,0,2,22,4,28,0,12,12,40
06/22/2023,GLH,MS,ASO,ES,Federal Contract Tower,0,1,0,9,10,0,0,19,1,20,0,1,19,10,30,66,14,80,110
06/23/2023,GLH,MS,ASO,ES,Federal Contract Tower,0,1,2,4,7,0,0,20,4,24,0,1,22,8,31,14,22,36,67
06/24/2023,GLH,MS,ASO,ES,Federal Contract Tower,0,2,0,0,2,0,0,6,0,6,0,2,6,0,8,0,0,0,8
06/25/2023,GLH,MS,ASO,ES,Federal Contract Tower,0,1,6,4,11,0,0,7,4,11,0,1,13,8,22,0,10,10,32
06/26/2023,GLH,MS,ASO,ES,Federal Contract Tower,0,2,1,4,7,0,0,22,12,34,0,2,23,16,41,6,26,32,73
06/27/2023,GLH,MS,ASO,ES,Federal Contract Tower,0,1,6,0,7,0,0,8,0,8,0,1,14,0,15,4,0,4,19
06/28/2023,GLH,MS,ASO,ES,Federal Contract Tower,0,2,2,4,8,0,0,27,1,28,0,2,29,5,36,16,24,40,76
06/29/2023,GLH,MS,ASO,ES,Federal Contract Tower,0,1,10,0,11,0,0,24,0,24,0,1,34,0,35,22,0,22,57
06/30/2023,GLH,MS,ASO,ES,Federal Contract Tower,0,2,2,2,6,0,0,42,2,44,0,2,44,4,50,4,28,32,82
07/01/2023,GLH,MS,ASO,ES,Federal Contract Tower,0,2,0,0,2,0,0,64,0,64,0,2,64,0,66,0,0,0,66
07/02/2023,GLH,MS,ASO,ES,Federal Contract Tower,0,0,3,0,3,0,0,12,0,12,0,0,15,0,15,2,0,2,17
07/03/2023,GLH,MS,ASO,ES,Federal Contract Tower,0,1,1,0,2,0,0,13,0,13,0,1,14,0,15,0,0,0,15
07/04/2023,GLH,MS,ASO,ES,Federal Contract Tower,0,1,0,0,1,0,0,8,0,8,0,1,8,0,9,12,0,12,21
07/05/2023,GLH,MS,ASO,ES,Federal Contract Tower,0,2,2,7,11,0,0,32,0,32,0,2,34,7,43,0,32,32,75
07/06/2023,GLH,MS,ASO,ES,Federal Contract Tower,0,1,2,0,3,0,0,35,0,35,0,1,37,0,38,20,0,20,58
07/07/2023,GLH,MS,ASO,ES,Federal Contract Tower,0,1,0,0,1,0,0,54,0,54,0,1,54,0,55,26,0,26,81
07/08/2023,GLH,MS,ASO,ES,Federal Contract Tower,0,2,3,0,5,0,0,51,0,51,0,2,54,0,56,16,0,16,72
07/09/2023,GLH,MS,ASO,ES,Federal Contract Tower,0,1,0,0,1,0,0,5,0,5,0,1,5,0,6,4,0,4,10
07/10/2023,GLH,MS,ASO,ES,Federal Contract Tower,0,1,4,5,10,0,0,52,1,53,0,1,56,6,63,0,34,34,97
07/11/2023,GLH,MS,ASO,ES,Federal Contract Tower,0,1,0,0,1,0,0,14,0,14,0,1,14,0,15,6,0,6,21
07/12/2023,GLH,MS,ASO,ES,Federal Contract Tower,0,2,2,0,4,0,0,4,0,4,0,2,6,0,8,0,0,0,8
07/13/2023,GLH,MS,ASO,ES,Federal Contract Tower,0,1,4,0,5,0,0,16,4,20,0,1,20,4,25,8,0,8,33
07/14/2023,GLH,MS,ASO,ES,Federal Contract Tower,0,1,2,11,14,0,0,10,0,10,0,1,12,11,24,2,16,18,42
07/15/2023,GLH,MS,ASO,ES,Federal Contract Tower,0,2,0,0,2,0,0,13,0,13,0,2,13,0,15,0,0,0,15
07/16/2023,GLH,MS,ASO,ES,Federal Contract Tower,0,1,0,12,13,0,0,17,0,17,0,1,17,12,30,6,12,18,48
07/17/2023,GLH,MS,ASO,ES,Federal Contract Tower,0,1,5,6,12,0,0,30,3,33,0,1,35,9,45,4,44,48,93
07/18/2023,GLH,MS,ASO,ES,Federal Contract Tower,0,0,2,3,5,0,0,32,3,35,0,0,34,6,40,10,10,20,60
07/19/2023,GLH,MS,ASO,ES,Federal Contract Tower,0,2,4,4,10,0,0,40,2,42,0,2,44,6,52,10,24,34,86
07/20/2023,GLH,MS,ASO,ES,Federal Contract Tower,0,1,2,3,6,0,0,38,4,42,0,1,40,7,48,30,20,50,98
07/21/2023,GLH,MS,ASO,ES,Federal Contract Tower,0,1,0,1,2,0,0,23,2,25,0,1,23,3,27,10,10,20,47
07/22/2023,GLH,MS,ASO,ES,Federal Contract Tower,0,2,0,0,2,0,0,8,0,8,0,2,8,0,10,0,0,0,10
07/23/2023,GLH,MS,ASO,ES,Federal Contract Tower,0,3,2,0,5,0,0,19,0,19,0,3,21,0,24,4,0,4,28
07/24/2023,GLH,MS,ASO,ES,Federal Contract Tower,0,1,3,4,8,0,0,11,1,12,0,1,14,5,20,12,12,24,44
07/25/2023,GLH,MS,ASO,ES,Federal Contract Tower,0,1,3,1,5,0,0,23,1,24,0,1,26,2,29,8,16,24,53
07/26/2023,GLH,MS,ASO,ES,Federal Contract Tower,0,2,0,0,2,0,0,25,0,25,0,2,25,0,27,6,0,6,33
07/27/2023,GLH,MS,ASO,ES,Federal Contract Tower,0,1,2,2,5,0,0,4,12,16,0,1,6,14,21,2,6,8,29
07/28/2023,GLH,MS,ASO,ES,Federal Contract Tower,0,1,2,1,4,0,0,73,1,74,0,1,75,2,78,14,10,24,102
07/29/2023,GLH,MS,ASO,ES,Federal Contract Tower,0,2,1,0,3,0,0,9,0,9,0,2,10,0,12,0,0,0,12
07/30/2023,GLH,MS,ASO,ES,Federal Contract Tower,0,1,2,0,3,0,0,3,0,3,0,1,5,0,6,0,0,0,6
07/31/2023,GLH,MS,ASO,ES,Federal Contract Tower,0,1,0,1,2,0,0,4,1,5,0,1,4,2,7,4,2,6,13
08/01/2023,GLH,MS,ASO,ES,Federal Contract Tower,0,2,4,0,6,0,0,17,0,17,0,2,21,0,23,12,0,12,35
08/02/2023,GLH,MS,ASO,ES,Federal Contract Tower,0,1,2,0,3,0,0,8,0,8,0,1,10,0,11,0,0,0,11
08/03/2023,GLH,MS,ASO,ES,Federal Contract Tower,0,2,3,2,7,0,0,11,0,11,0,2,14,2,18,6,4,10,28
08/04/2023,GLH,MS,ASO,ES,Federal Contract Tower,0,2,4,3,9,0,0,10,2,12,0,2,14,5,21,0,16,16,37
08/05/2023,GLH,MS,ASO,ES,Federal Contract Tower,0,2,2,0,4,0,0,9,0,9,0,2,11,0,13,0,0,0,13
08/06/2023,GLH,MS,ASO,ES,Federal Contract Tower,0,2,2,0,4,0,0,16,0,16,0,2,18,0,20,4,0,4,24
08/07/2023,GLH,MS,ASO,ES,Federal Contract Tower,0,2,2,2,6,0,0,13,0,13,0,2,15,2,19,6,4,10,29
08/08/2023,GLH,MS,ASO,ES,Federal Contract Tower,0,1,4,0,5,0,0,3,0,3,0,1,7,0,8,6,0,6,14
08/09/2023,GLH,MS,ASO,ES,Federal Contract Tower,0,2,6,0,8,0,0,8,0,8,0,2,14,0,16,10,0,10,26
08/10/2023,GLH,MS,ASO,ES,Federal Contract Tower,0,2,2,0,4,0,0,16,2,18,0,2,18,2,22,10,0,10,32
08/11/2023,GLH,MS,ASO,ES,Federal Contract Tower,0,2,3,4,9,0,0,17,0,17,0,2,20,4,26,6,8,14,40
08/12/2023,GLH,MS,ASO,ES,Federal Contract Tower,0,2,4,0,6,0,0,24,0,24,0,2,28,0,30,4,0,4,34
08/13/2023,GLH,MS,ASO,ES,Federal Contract Tower,0,2,1,0,3,0,0,8,0,8,0,2,9,0,11,0,0,0,11
08/14/2023,GLH,MS,ASO,ES,Federal Contract Tower,0,2,1,0,3,0,0,5,1,6,0,2,6,1,9,4,10,14,23
08/15/2023,GLH,MS,ASO,ES,Federal Contract Tower,2,0,0,0,2,0,0,21,0,21,2,0,21,0,23,8,0,8,31
08/16/2023,GLH,MS,ASO,ES,Federal Contract Tower,0,1,3,0,4,0,0,27,0,27,0,1,30,0,31,2,0,2,33
08/17/2023,GLH,MS,ASO,ES,Federal Contract Tower,0,3,0,1,4,0,0,26,1,27,0,3,26,2,31,18,4,22,53
08/18/2023,GLH,MS,ASO,ES,Federal Contract Tower,0,2,2,0,4,0,0,26,2,28,0,2,28,2,32,14,0,14,46
08/19/2023,GLH,MS,ASO,ES,Federal Contract Tower,0,2,1,0,3,0,0,4,0,4,0,2,5,0,7,0,0,0,7
08/20/2023,GLH,MS,ASO,ES,Federal Contract Tower,0,1,4,0,5,0,1,4,0,5,0,2,8,0,10,0,0,0,10
08/21/2023,GLH,MS,ASO,ES,Federal Contract Tower,0,2,0,2,4,0,0,21,2,23,0,2,21,4,27,18,16,34,61
08/22/2023,GLH,MS,ASO,ES,Federal Contract Tower,0,2,2,1,5,0,0,25,0,25,0,2,27,1,30,16,2,18,48
08/23/2023,GLH,MS,ASO,ES,Federal Contract Tower,0,1,0,0,1,0,0,10,0,10,0,1,10,0,11,8,0,8,19
08/24/2023,GLH,MS,ASO,ES,Federal Contract Tower,0,3,4,0,7,0,0,20,0,20,0,3,24,0,27,10,0,10,37
08/25/2023,GLH,MS,ASO,ES,Federal Contract Tower,0,2,1,0,3,0,0,12,0,12,0,2,13,0,15,8,0,8,23
08/26/2023,GLH,MS,ASO,ES,Federal Contract Tower,0,1,0,2,3,0,0,4,0,4,0,1,4,2,7,0,0,0,7
08/27/2023,GLH,MS,ASO,ES,Federal Contract Tower,0,1,3,0,4,0,0,4,0,4,0,1,7,0,8,0,0,0,8
08/28/2023,GLH,MS,ASO,ES,Federal Contract Tower,0,2,3,2,7,0,0,11,4,15,0,2,14,6,22,6,4,10,32
08/29/2023,GLH,MS,ASO,ES,Federal Contract Tower,0,2,6,6,14,0,0,44,5,49,0,2,50,11,63,22,26,48,111
08/30/2023,GLH,MS,ASO,ES,Federal Contract Tower,0,2,4,1,7,0,0,22,1,23,0,2,26,2,30,16,2,18,48
08/31/2023,GLH,MS,ASO,ES,Federal Contract Tower,0,2,2,2,6,0,0,20,6,26,0,2,22,8,32,22,44,66,98
