11/01/2005,GLS,TX,ASW,CE,Federal Contract Tower,0,2,11,0,13,0,219,18,0,237,0,221,29,0,250,14,12,26,276
11/02/2005,GLS,TX,ASW,CE,Federal Contract Tower,0,0,7,0,7,0,210,45,0,255,0,210,52,0,262,56,0,56,318
11/03/2005,GLS,TX,ASW,CE,Federal Contract Tower,0,1,4,0,5,0,171,66,0,237,0,172,70,0,242,46,4,50,292
11/04/2005,GLS,TX,ASW,CE,Federal Contract Tower,0,1,9,0,10,0,169,69,0,238,0,170,78,0,248,44,4,48,296
11/05/2005,GLS,TX,ASW,CE,Federal Contract Tower,0,1,3,0,4,0,111,78,0,189,0,112,81,0,193,60,0,60,253
11/06/2005,GLS,TX,ASW,CE,Federal Contract Tower,0,0,6,0,6,0,93,66,0,159,0,93,72,0,165,62,10,72,237
11/07/2005,GLS,TX,ASW,CE,Federal Contract Tower,0,6,26,0,32,0,38,3,0,41,0,44,29,0,73,16,0,16,89
11/08/2005,GLS,TX,ASW,CE,Federal Contract Tower,0,1,5,4,10,0,201,37,0,238,0,202,42,4,248,64,20,84,332
11/09/2005,GLS,TX,ASW,CE,Federal Contract Tower,0,0,14,0,14,0,211,31,0,242,0,211,45,0,256,40,0,40,296
11/10/2005,GLS,TX,ASW,CE,Federal Contract Tower,0,0,10,0,10,0,199,15,0,214,0,199,25,0,224,24,12,36,260
11/11/2005,GLS,TX,ASW,CE,Federal Contract Tower,0,0,18,0,18,0,137,56,0,193,0,137,74,0,211,24,0,24,235
11/12/2005,GLS,TX,ASW,CE,Federal Contract Tower,0,0,5,0,5,0,103,47,0,150,0,103,52,0,155,28,0,28,183
11/13/2005,GLS,TX,ASW,CE,Federal Contract Tower,0,0,17,0,17,0,144,109,0,253,0,144,126,0,270,166,0,166,436
11/14/2005,GLS,TX,ASW,CE,Federal Contract Tower,0,1,29,1,31,0,87,27,0,114,0,88,56,1,145,66,0,66,211
11/15/2005,GLS,TX,ASW,CE,Federal Contract Tower,0,0,10,0,10,0,170,9,0,179,0,170,19,0,189,20,0,20,209
11/16/2005,GLS,TX,ASW,CE,Federal Contract Tower,0,0,4,0,4,0,154,31,0,185,0,154,35,0,189,28,0,28,217
11/17/2005,GLS,TX,ASW,CE,Federal Contract Tower,0,0,11,0,11,0,202,47,2,251,0,202,58,2,262,30,0,30,292
11/18/2005,GLS,TX,ASW,CE,Federal Contract Tower,0,2,5,0,7,0,144,41,2,187,0,146,46,2,194,56,4,60,254
11/19/2005,GLS,TX,ASW,CE,Federal Contract Tower,0,0,3,0,3,0,98,77,0,175,0,98,80,0,178,68,0,68,246
11/20/2005,GLS,TX,ASW,CE,Federal Contract Tower,0,0,17,0,17,0,63,23,0,86,0,63,40,0,103,50,0,50,153
11/21/2005,GLS,TX,ASW,CE,Federal Contract Tower,0,0,8,0,8,0,130,49,0,179,0,130,57,0,187,74,6,80,267
11/22/2005,GLS,TX,ASW,CE,Federal Contract Tower,0,0,5,2,7,0,167,56,0,223,0,167,61,2,230,32,2,34,264
11/23/2005,GLS,TX,ASW,CE,Federal Contract Tower,0,0,8,0,8,0,196,59,2,257,0,196,67,2,265,38,2,40,305
11/24/2005,GLS,TX,ASW,CE,Federal Contract Tower,0,0,4,0,4,0,162,36,0,198,0,162,40,0,202,10,0,10,212
11/25/2005,GLS,TX,ASW,CE,Federal Contract Tower,0,0,18,0,18,0,98,16,0,114,0,98,34,0,132,2,0,2,134
11/26/2005,GLS,TX,ASW,CE,Federal Contract Tower,0,0,1,0,1,0,24,0,0,24,0,24,1,0,25,0,0,0,25
11/27/2005,GLS,TX,ASW,CE,Federal Contract Tower,0,0,12,0,12,0,110,38,0,148,0,110,50,0,160,20,0,20,180
11/28/2005,GLS,TX,ASW,CE,Federal Contract Tower,0,0,5,0,5,0,138,44,0,182,0,138,49,0,187,24,2,26,213
11/29/2005,GLS,TX,ASW,CE,Federal Contract Tower,0,2,6,0,8,0,151,61,1,213,0,153,67,1,221,54,0,54,275
11/30/2005,GLS,TX,ASW,CE,Federal Contract Tower,0,0,9,0,9,0,202,56,0,258,0,202,65,0,267,60,4,64,331
12/01/2005,GLS,TX,ASW,CE,Federal Contract Tower,0,0,7,0,7,0,178,37,0,215,0,178,44,0,222,28,0,28,250
12/02/2005,GLS,TX,ASW,CE,Federal Contract Tower,0,0,25,2,27,0,56,24,0,80,0,56,49,2,107,14,0,14,121
12/03/2005,GLS,TX,ASW,CE,Federal Contract Tower,0,1,42,0,43,0,68,48,0,116,0,69,90,0,159,54,0,54,213
12/04/2005,GLS,TX,ASW,CE,Federal Contract Tower,0,0,22,0,22,0,91,30,0,121,0,91,52,0,143,62,0,62,205
12/05/2005,GLS,TX,ASW,CE,Federal Contract Tower,0,0,6,2,8,0,92,38,0,130,0,92,44,2,138,30,0,30,168
12/06/2005,GLS,TX,ASW,CE,Federal Contract Tower,0,0,14,2,16,0,150,27,2,179,0,150,41,4,195,24,0,24,219
12/07/2005,GLS,TX,ASW,CE,Federal Contract Tower,0,1,25,0,26,0,146,8,0,154,0,147,33,0,180,34,0,34,214
12/08/2005,GLS,TX,ASW,CE,Federal Contract Tower,0,27,13,0,40,0,102,4,0,106,0,129,17,0,146,0,0,0,146
12/09/2005,GLS,TX,ASW,CE,Federal Contract Tower,0,3,3,0,6,0,164,27,4,195,0,167,30,4,201,16,0,16,217
12/10/2005,GLS,TX,ASW,CE,Federal Contract Tower,0,1,19,0,20,0,96,62,0,158,0,97,81,0,178,88,0,88,266
12/11/2005,GLS,TX,ASW,CE,Federal Contract Tower,0,0,10,0,10,0,75,61,0,136,0,75,71,0,146,52,0,52,198
12/12/2005,GLS,TX,ASW,CE,Federal Contract Tower,0,0,4,0,4,0,128,28,0,156,0,128,32,0,160,72,0,72,232
12/13/2005,GLS,TX,ASW,CE,Federal Contract Tower,0,0,7,0,7,0,150,38,0,188,0,150,45,0,195,56,0,56,251
12/14/2005,GLS,TX,ASW,CE,Federal Contract Tower,0,3,7,0,10,0,110,7,0,117,0,113,14,0,127,4,0,4,131
12/15/2005,GLS,TX,ASW,CE,Federal Contract Tower,0,0,4,0,4,0,164,23,4,191,0,164,27,4,195,26,0,26,221
12/16/2005,GLS,TX,ASW,CE,Federal Contract Tower,0,0,7,0,7,0,95,29,0,124,0,95,36,0,131,38,2,40,171
12/17/2005,GLS,TX,ASW,CE,Federal Contract Tower,0,0,8,0,8,0,9,0,0,9,0,9,8,0,17,10,0,10,27
12/18/2005,GLS,TX,ASW,CE,Federal Contract Tower,0,0,11,0,11,0,100,46,0,146,0,100,57,0,157,56,0,56,213
12/19/2005,GLS,TX,ASW,CE,Federal Contract Tower,0,0,22,0,22,0,122,25,0,147,0,122,47,0,169,58,0,58,227
12/20/2005,GLS,TX,ASW,CE,Federal Contract Tower,0,0,25,0,25,0,177,24,0,201,0,177,49,0,226,22,2,24,250
12/21/2005,GLS,TX,ASW,CE,Federal Contract Tower,0,1,13,0,14,0,168,54,0,222,0,169,67,0,236,64,0,64,300
12/22/2005,GLS,TX,ASW,CE,Federal Contract Tower,0,1,7,0,8,0,129,69,0,198,0,130,76,0,206,20,2,22,228
12/23/2005,GLS,TX,ASW,CE,Federal Contract Tower,0,0,6,0,6,0,82,65,2,149,0,82,71,2,155,36,0,36,191
12/24/2005,GLS,TX,ASW,CE,Federal Contract Tower,0,3,10,0,13,0,40,50,0,90,0,43,60,0,103,34,0,34,137
12/25/2005,GLS,TX,ASW,CE,Federal Contract Tower,0,0,3,0,3,0,47,32,0,79,0,47,35,0,82,10,0,10,92
12/26/2005,GLS,TX,ASW,CE,Federal Contract Tower,0,0,5,0,5,0,79,66,0,145,0,79,71,0,150,78,0,78,228
12/27/2005,GLS,TX,ASW,CE,Federal Contract Tower,0,0,8,0,8,0,126,51,0,177,0,126,59,0,185,26,0,26,211
12/28/2005,GLS,TX,ASW,CE,Federal Contract Tower,0,0,14,0,14,0,143,64,0,207,0,143,78,0,221,14,0,14,235
12/29/2005,GLS,TX,ASW,CE,Federal Contract Tower,0,1,4,0,5,0,127,92,6,225,0,128,96,6,230,36,0,36,266
12/30/2005,GLS,TX,ASW,CE,Federal Contract Tower,0,0,13,0,13,0,81,65,0,146,0,81,78,0,159,16,0,16,175
12/31/2005,GLS,TX,ASW,CE,Federal Contract Tower,0,0,33,0,33,0,63,46,0,109,0,63,79,0,142,44,0,44,186
01/01/2006,GLS,TX,ASW,CE,Federal Contract Tower,0,1,18,0,19,0,0,0,0,0,0,1,18,0,19,0,0,0,19
01/02/2006,GLS,TX,ASW,CE,Federal Contract Tower,0,1,13,0,14,0,42,57,0,99,0,43,70,0,113,34,0,34,147
01/03/2006,GLS,TX,ASW,CE,Federal Contract Tower,0,1,4,0,5,0,113,77,0,190,0,114,81,0,195,24,2,26,221
01/04/2006,GLS,TX,ASW,CE,Federal Contract Tower,0,0,11,2,13,0,85,27,2,114,0,85,38,4,127,6,0,6,133
01/05/2006,GLS,TX,ASW,CE,Federal Contract Tower,0,1,4,0,5,0,152,38,4,194,0,153,42,4,199,24,0,24,223
01/06/2006,GLS,TX,ASW,CE,Federal Contract Tower,0,1,6,0,7,0,91,89,2,182,0,92,95,2,189,54,0,54,243
01/07/2006,GLS,TX,ASW,CE,Federal Contract Tower,0,2,14,0,16,0,88,139,4,231,0,90,153,4,247,60,0,60,307
01/08/2006,GLS,TX,ASW,CE,Federal Contract Tower,0,0,6,0,6,0,66,80,0,146,0,66,86,0,152,48,0,48,200
01/09/2006,GLS,TX,ASW,CE,Federal Contract Tower,0,0,3,0,3,0,72,31,0,103,0,72,34,0,106,22,0,22,128
01/10/2006,GLS,TX,ASW,CE,Federal Contract Tower,0,0,18,0,18,0,105,47,3,155,0,105,65,3,173,40,2,42,215
01/11/2006,GLS,TX,ASW,CE,Federal Contract Tower,0,0,9,0,9,0,129,68,0,197,0,129,77,0,206,86,2,88,294
01/12/2006,GLS,TX,ASW,CE,Federal Contract Tower,0,1,5,0,6,0,119,43,0,162,0,120,48,0,168,26,0,26,194
01/13/2006,GLS,TX,ASW,CE,Federal Contract Tower,0,0,8,0,8,0,154,50,5,209,0,154,58,5,217,64,0,64,281
01/14/2006,GLS,TX,ASW,CE,Federal Contract Tower,0,0,8,0,8,0,107,101,0,208,0,107,109,0,216,104,0,104,320
01/15/2006,GLS,TX,ASW,CE,Federal Contract Tower,0,4,11,0,15,0,114,87,0,201,0,118,98,0,216,106,0,106,322
01/16/2006,GLS,TX,ASW,CE,Federal Contract Tower,0,3,22,1,26,0,131,8,0,139,0,134,30,1,165,22,0,22,187
01/17/2006,GLS,TX,ASW,CE,Federal Contract Tower,0,0,13,0,13,0,118,10,0,128,0,118,23,0,141,18,0,18,159
01/18/2006,GLS,TX,ASW,CE,Federal Contract Tower,0,0,14,0,14,0,120,71,0,191,0,120,85,0,205,20,0,20,225
01/19/2006,GLS,TX,ASW,CE,Federal Contract Tower,0,0,10,0,10,0,146,45,0,191,0,146,55,0,201,24,0,24,225
01/20/2006,GLS,TX,ASW,CE,Federal Contract Tower,0,0,14,0,14,0,112,71,0,183,0,112,85,0,197,90,2,92,289
01/21/2006,GLS,TX,ASW,CE,Federal Contract Tower,0,0,7,1,8,0,72,39,1,112,0,72,46,2,120,34,0,34,154
01/22/2006,GLS,TX,ASW,CE,Federal Contract Tower,0,3,5,0,8,0,0,0,0,0,0,3,5,0,8,0,0,0,8
01/23/2006,GLS,TX,ASW,CE,Federal Contract Tower,0,2,24,0,26,0,107,9,0,116,0,109,33,0,142,30,0,30,172
01/24/2006,GLS,TX,ASW,CE,Federal Contract Tower,0,2,29,0,31,0,123,48,0,171,0,125,77,0,202,24,2,26,228
01/25/2006,GLS,TX,ASW,CE,Federal Contract Tower,0,2,8,0,10,0,143,96,1,240,0,145,104,1,250,44,4,48,298
01/26/2006,GLS,TX,ASW,CE,Federal Contract Tower,0,0,3,0,3,0,187,62,10,259,0,187,65,10,262,20,0,20,282
01/27/2006,GLS,TX,ASW,CE,Federal Contract Tower,0,1,14,2,17,0,170,79,3,252,0,171,93,5,269,34,2,36,305
01/28/2006,GLS,TX,ASW,CE,Federal Contract Tower,0,5,9,2,16,0,86,10,0,96,0,91,19,2,112,14,0,14,126
01/29/2006,GLS,TX,ASW,CE,Federal Contract Tower,0,1,3,0,4,0,60,119,0,179,0,61,122,0,183,88,0,88,271
01/30/2006,GLS,TX,ASW,CE,Federal Contract Tower,0,3,4,0,7,0,98,53,0,151,0,101,57,0,158,42,0,42,200
01/31/2006,GLS,TX,ASW,CE,Federal Contract Tower,0,2,4,0,6,0,147,39,0,186,0,149,43,0,192,32,0,32,224
02/01/2006,GLS,TX,ASW,CE,Federal Contract Tower,0,1,10,0,11,0,155,36,2,193,0,156,46,2,204,4,0,4,208
02/02/2006,GLS,TX,ASW,CE,Federal Contract Tower,0,0,10,0,10,0,171,68,0,239,0,171,78,0,249,18,0,18,267
02/03/2006,GLS,TX,ASW,CE,Federal Contract Tower,0,2,1,4,7,0,109,46,0,155,0,111,47,4,162,28,0,28,190
02/04/2006,GLS,TX,ASW,CE,Federal Contract Tower,0,0,2,0,2,0,97,124,0,221,0,97,126,0,223,50,0,50,273
02/05/2006,GLS,TX,ASW,CE,Federal Contract Tower,0,0,4,0,4,0,111,106,0,217,0,111,110,0,221,42,0,42,263
02/06/2006,GLS,TX,ASW,CE,Federal Contract Tower,0,0,4,4,8,0,73,59,3,135,0,73,63,7,143,40,4,44,187
02/07/2006,GLS,TX,ASW,CE,Federal Contract Tower,0,1,7,2,10,0,125,58,1,184,0,126,65,3,194,30,0,30,224
02/08/2006,GLS,TX,ASW,CE,Federal Contract Tower,0,0,6,0,6,0,133,60,0,193,0,133,66,0,199,16,0,16,215
02/09/2006,GLS,TX,ASW,CE,Federal Contract Tower,0,0,6,0,6,0,167,93,2,262,0,167,99,2,268,66,2,68,336
02/10/2006,GLS,TX,ASW,CE,Federal Contract Tower,0,0,6,2,8,0,120,33,5,158,0,120,39,7,166,18,0,18,184
02/11/2006,GLS,TX,ASW,CE,Federal Contract Tower,0,0,11,0,11,0,65,59,0,124,0,65,70,0,135,10,0,10,145
02/12/2006,GLS,TX,ASW,CE,Federal Contract Tower,0,0,14,0,14,0,111,113,2,226,0,111,127,2,240,58,2,60,300
02/13/2006,GLS,TX,ASW,CE,Federal Contract Tower,0,1,8,0,9,0,95,64,0,159,0,96,72,0,168,90,0,90,258
02/14/2006,GLS,TX,ASW,CE,Federal Contract Tower,0,1,13,0,14,0,146,51,0,197,0,147,64,0,211,34,0,34,245
02/15/2006,GLS,TX,ASW,CE,Federal Contract Tower,0,3,16,0,19,0,115,43,0,158,0,118,59,0,177,4,0,4,181
02/16/2006,GLS,TX,ASW,CE,Federal Contract Tower,0,0,8,0,8,0,139,71,0,210,0,139,79,0,218,60,0,60,278
02/17/2006,GLS,TX,ASW,CE,Federal Contract Tower,0,4,20,0,24,0,55,22,0,77,0,59,42,0,101,2,0,2,103
02/18/2006,GLS,TX,ASW,CE,Federal Contract Tower,0,4,4,0,8,0,34,9,8,51,0,38,13,8,59,4,0,4,63
02/19/2006,GLS,TX,ASW,CE,Federal Contract Tower,0,11,4,0,15,0,14,0,0,14,0,25,4,0,29,2,0,2,31
02/20/2006,GLS,TX,ASW,CE,Federal Contract Tower,0,12,17,0,29,0,0,0,0,0,0,12,17,0,29,14,0,14,43
02/21/2006,GLS,TX,ASW,CE,Federal Contract Tower,0,3,3,0,6,0,0,0,0,0,0,3,3,0,6,0,0,0,6
02/22/2006,GLS,TX,ASW,CE,Federal Contract Tower,0,2,11,0,13,0,95,13,0,108,0,97,24,0,121,4,0,4,125
02/23/2006,GLS,TX,ASW,CE,Federal Contract Tower,0,2,24,1,27,0,168,45,1,214,0,170,69,2,241,14,2,16,257
02/24/2006,GLS,TX,ASW,CE,Federal Contract Tower,0,0,9,0,9,0,97,24,0,121,0,97,33,0,130,8,0,8,138
02/25/2006,GLS,TX,ASW,CE,Federal Contract Tower,0,1,2,2,5,0,9,0,0,9,0,10,2,2,14,0,0,0,14
02/26/2006,GLS,TX,ASW,CE,Federal Contract Tower,0,0,13,0,13,0,115,130,0,245,0,115,143,0,258,46,0,46,304
02/27/2006,GLS,TX,ASW,CE,Federal Contract Tower,0,2,6,0,8,0,104,78,0,182,0,106,84,0,190,80,0,80,270
02/28/2006,GLS,TX,ASW,CE,Federal Contract Tower,0,3,10,0,13,0,234,109,0,343,0,237,119,0,356,94,0,94,450
03/01/2006,GLS,TX,ASW,CE,Federal Contract Tower,0,2,19,1,22,0,164,70,2,236,0,166,89,3,258,38,18,56,314
03/02/2006,GLS,TX,ASW,CE,Federal Contract Tower,0,0,5,0,5,0,175,89,1,265,0,175,94,1,270,92,0,92,362
03/03/2006,GLS,TX,ASW,CE,Federal Contract Tower,0,1,8,2,11,0,144,109,0,253,0,145,117,2,264,8,4,12,276
03/04/2006,GLS,TX,ASW,CE,Federal Contract Tower,0,0,6,0,6,0,100,133,0,233,0,100,139,0,239,52,2,54,293
03/05/2006,GLS,TX,ASW,CE,Federal Contract Tower,0,0,7,0,7,0,131,103,0,234,0,131,110,0,241,54,0,54,295
03/06/2006,GLS,TX,ASW,CE,Federal Contract Tower,0,2,11,0,13,0,33,15,0,48,0,35,26,0,61,0,0,0,61
03/07/2006,GLS,TX,ASW,CE,Federal Contract Tower,0,10,10,0,20,0,0,8,0,8,0,10,18,0,28,0,0,0,28
03/08/2006,GLS,TX,ASW,CE,Federal Contract Tower,0,1,5,0,6,0,190,22,4,216,0,191,27,4,222,26,0,26,248
03/09/2006,GLS,TX,ASW,CE,Federal Contract Tower,0,0,5,2,7,0,136,37,0,173,0,136,42,2,180,22,0,22,202
03/10/2006,GLS,TX,ASW,CE,Federal Contract Tower,0,11,11,0,22,0,12,7,0,19,0,23,18,0,41,0,0,0,41
03/11/2006,GLS,TX,ASW,CE,Federal Contract Tower,0,6,16,0,22,0,53,24,0,77,0,59,40,0,99,2,0,2,101
03/12/2006,GLS,TX,ASW,CE,Federal Contract Tower,0,4,19,0,23,0,68,67,8,143,0,72,86,8,166,28,14,42,208
03/13/2006,GLS,TX,ASW,CE,Federal Contract Tower,0,5,25,0,30,0,86,36,0,122,0,91,61,0,152,16,4,20,172
03/14/2006,GLS,TX,ASW,CE,Federal Contract Tower,0,2,12,0,14,0,154,79,0,233,0,156,91,0,247,62,6,68,315
03/15/2006,GLS,TX,ASW,CE,Federal Contract Tower,0,1,12,1,14,0,156,65,1,222,0,157,77,2,236,48,0,48,284
03/16/2006,GLS,TX,ASW,CE,Federal Contract Tower,0,2,16,0,18,0,212,29,2,243,0,214,45,2,261,28,0,28,289
03/17/2006,GLS,TX,ASW,CE,Federal Contract Tower,0,8,12,5,25,0,48,32,1,81,0,56,44,6,106,32,0,32,138
03/18/2006,GLS,TX,ASW,CE,Federal Contract Tower,0,1,20,0,21,0,107,52,4,163,0,108,72,4,184,52,4,56,240
03/19/2006,GLS,TX,ASW,CE,Federal Contract Tower,0,0,19,0,19,0,98,54,0,152,0,98,73,0,171,24,0,24,195
03/20/2006,GLS,TX,ASW,CE,Federal Contract Tower,0,1,9,0,10,0,106,22,0,128,0,107,31,0,138,22,0,22,160
03/21/2006,GLS,TX,ASW,CE,Federal Contract Tower,0,0,11,0,11,0,155,86,0,241,0,155,97,0,252,92,0,92,344
03/22/2006,GLS,TX,ASW,CE,Federal Contract Tower,0,2,15,0,17,0,182,55,0,237,0,184,70,0,254,60,0,60,314
03/23/2006,GLS,TX,ASW,CE,Federal Contract Tower,0,0,8,0,8,0,199,99,12,310,0,199,107,12,318,110,0,110,428
03/24/2006,GLS,TX,ASW,CE,Federal Contract Tower,0,0,6,0,6,0,133,101,0,234,0,133,107,0,240,110,4,114,354
03/25/2006,GLS,TX,ASW,CE,Federal Contract Tower,0,0,7,0,7,0,86,122,0,208,0,86,129,0,215,72,0,72,287
03/26/2006,GLS,TX,ASW,CE,Federal Contract Tower,0,0,3,0,3,0,114,100,0,214,0,114,103,0,217,108,0,108,325
03/27/2006,GLS,TX,ASW,CE,Federal Contract Tower,0,0,7,0,7,0,138,47,0,185,0,138,54,0,192,46,4,50,242
03/28/2006,GLS,TX,ASW,CE,Federal Contract Tower,0,8,6,0,14,0,74,14,0,88,0,82,20,0,102,2,0,2,104
03/29/2006,GLS,TX,ASW,CE,Federal Contract Tower,0,7,5,0,12,0,144,8,0,152,0,151,13,0,164,4,0,4,168
03/30/2006,GLS,TX,ASW,CE,Federal Contract Tower,0,3,18,0,21,0,174,42,2,218,0,177,60,2,239,48,0,48,287
03/31/2006,GLS,TX,ASW,CE,Federal Contract Tower,0,8,20,1,29,0,114,48,2,164,0,122,68,3,193,56,4,60,253
04/01/2006,GLS,TX,ASW,CE,Federal Contract Tower,0,0,13,0,13,0,95,56,4,155,0,95,69,4,168,10,0,10,178
04/02/2006,GLS,TX,ASW,CE,Federal Contract Tower,0,1,7,0,8,0,83,77,4,164,0,84,84,4,172,46,2,48,220
04/03/2006,GLS,TX,ASW,CE,Federal Contract Tower,0,9,10,0,19,0,81,26,0,107,0,90,36,0,126,12,0,12,138
04/04/2006,GLS,TX,ASW,CE,Federal Contract Tower,0,4,10,2,16,0,99,34,0,133,0,103,44,2,149,26,2,28,177
04/05/2006,GLS,TX,ASW,CE,Federal Contract Tower,0,2,18,0,20,0,159,65,4,228,0,161,83,4,248,18,0,18,266
04/06/2006,GLS,TX,ASW,CE,Federal Contract Tower,0,2,16,0,18,0,180,37,0,217,0,182,53,0,235,50,0,50,285
04/07/2006,GLS,TX,ASW,CE,Federal Contract Tower,0,18,20,3,41,0,80,61,5,146,0,98,81,8,187,6,0,6,193
04/08/2006,GLS,TX,ASW,CE,Federal Contract Tower,0,6,5,0,11,0,90,58,0,148,0,96,63,0,159,32,0,32,191
04/09/2006,GLS,TX,ASW,CE,Federal Contract Tower,0,0,25,0,25,0,139,100,0,239,0,139,125,0,264,106,0,106,370
04/10/2006,GLS,TX,ASW,CE,Federal Contract Tower,0,1,12,0,13,0,177,52,0,229,0,178,64,0,242,70,0,70,312
04/11/2006,GLS,TX,ASW,CE,Federal Contract Tower,0,6,11,2,19,0,136,41,0,177,0,142,52,2,196,36,0,36,232
04/12/2006,GLS,TX,ASW,CE,Federal Contract Tower,0,1,8,0,9,0,178,38,0,216,0,179,46,0,225,32,0,32,257
04/13/2006,GLS,TX,ASW,CE,Federal Contract Tower,0,1,20,0,21,0,193,58,0,251,0,194,78,0,272,76,0,76,348
04/14/2006,GLS,TX,ASW,CE,Federal Contract Tower,0,3,16,0,19,0,148,81,0,229,0,151,97,0,248,76,0,76,324
04/15/2006,GLS,TX,ASW,CE,Federal Contract Tower,0,0,8,0,8,0,85,55,6,146,0,85,63,6,154,52,0,52,206
04/16/2006,GLS,TX,ASW,CE,Federal Contract Tower,0,15,12,0,27,0,81,67,2,150,0,96,79,2,177,70,0,70,247
04/17/2006,GLS,TX,ASW,CE,Federal Contract Tower,0,7,17,0,24,0,106,35,0,141,0,113,52,0,165,18,0,18,183
04/18/2006,GLS,TX,ASW,CE,Federal Contract Tower,0,39,29,0,68,0,79,3,0,82,0,118,32,0,150,24,2,26,176
04/19/2006,GLS,TX,ASW,CE,Federal Contract Tower,0,4,11,0,15,0,140,28,0,168,0,144,39,0,183,36,0,36,219
04/20/2006,GLS,TX,ASW,CE,Federal Contract Tower,0,5,18,0,23,0,191,43,0,234,0,196,61,0,257,44,2,46,303
04/21/2006,GLS,TX,ASW,CE,Federal Contract Tower,0,1,7,3,11,0,107,41,2,150,0,108,48,5,161,20,0,20,181
04/22/2006,GLS,TX,ASW,CE,Federal Contract Tower,0,0,15,0,15,0,128,61,1,190,0,128,76,1,205,56,0,56,261
04/23/2006,GLS,TX,ASW,CE,Federal Contract Tower,0,0,8,0,8,0,96,61,0,157,0,96,69,0,165,48,0,48,213
04/24/2006,GLS,TX,ASW,CE,Federal Contract Tower,0,4,19,0,23,0,123,8,0,131,0,127,27,0,154,44,0,44,198
04/25/2006,GLS,TX,ASW,CE,Federal Contract Tower,0,4,29,0,33,0,111,30,0,141,0,115,59,0,174,28,2,30,204
04/26/2006,GLS,TX,ASW,CE,Federal Contract Tower,0,36,17,0,53,0,69,20,0,89,0,105,37,0,142,14,8,22,164
04/27/2006,GLS,TX,ASW,CE,Federal Contract Tower,0,1,12,4,17,0,120,76,15,211,0,121,88,19,228,32,14,46,274
04/28/2006,GLS,TX,ASW,CE,Federal Contract Tower,0,2,21,6,29,0,87,45,5,137,0,89,66,11,166,38,30,68,234
04/29/2006,GLS,TX,ASW,CE,Federal Contract Tower,0,0,2,0,2,0,14,1,0,15,0,14,3,0,17,2,0,2,19
04/30/2006,GLS,TX,ASW,CE,Federal Contract Tower,0,1,11,1,13,0,62,146,2,210,0,63,157,3,223,4,0,4,227
05/01/2006,GLS,TX,ASW,CE,Federal Contract Tower,0,11,15,3,29,0,76,55,2,133,0,87,70,5,162,10,0,10,172
05/02/2006,GLS,TX,ASW,CE,Federal Contract Tower,0,0,19,0,19,0,131,35,2,168,0,131,54,2,187,54,2,56,243
05/03/2006,GLS,TX,ASW,CE,Federal Contract Tower,0,1,24,3,28,0,105,61,11,177,0,106,85,14,205,78,2,80,285
05/04/2006,GLS,TX,ASW,CE,Federal Contract Tower,0,1,20,0,21,0,139,42,0,181,0,140,62,0,202,54,0,54,256
05/05/2006,GLS,TX,ASW,CE,Federal Contract Tower,0,1,5,0,6,0,91,75,13,179,0,92,80,13,185,54,0,54,239
05/06/2006,GLS,TX,ASW,CE,Federal Contract Tower,0,2,4,0,6,0,51,21,0,72,0,53,25,0,78,8,0,8,86
05/07/2006,GLS,TX,ASW,CE,Federal Contract Tower,0,1,21,0,22,0,86,49,0,135,0,87,70,0,157,6,0,6,163
05/08/2006,GLS,TX,ASW,CE,Federal Contract Tower,0,3,9,0,12,0,110,39,5,154,0,113,48,5,166,30,4,34,200
05/09/2006,GLS,TX,ASW,CE,Federal Contract Tower,0,0,18,0,18,0,132,24,0,156,0,132,42,0,174,6,2,8,182
05/10/2006,GLS,TX,ASW,CE,Federal Contract Tower,0,14,18,0,32,0,90,10,0,100,0,104,28,0,132,0,0,0,132
05/11/2006,GLS,TX,ASW,CE,Federal Contract Tower,0,1,6,0,7,0,175,80,2,257,0,176,86,2,264,22,0,22,286
05/12/2006,GLS,TX,ASW,CE,Federal Contract Tower,0,0,9,0,9,0,109,93,12,214,0,109,102,12,223,52,2,54,277
05/13/2006,GLS,TX,ASW,CE,Federal Contract Tower,0,0,6,0,6,0,99,92,4,195,0,99,98,4,201,114,0,114,315
05/14/2006,GLS,TX,ASW,CE,Federal Contract Tower,0,0,3,0,3,0,58,19,0,77,0,58,22,0,80,10,0,10,90
05/15/2006,GLS,TX,ASW,CE,Federal Contract Tower,0,0,4,0,4,0,92,50,0,142,0,92,54,0,146,18,2,20,166
05/16/2006,GLS,TX,ASW,CE,Federal Contract Tower,0,0,20,0,20,0,105,39,0,144,0,105,59,0,164,20,0,20,184
05/17/2006,GLS,TX,ASW,CE,Federal Contract Tower,0,0,19,1,20,0,115,49,1,165,0,115,68,2,185,10,0,10,195
05/18/2006,GLS,TX,ASW,CE,Federal Contract Tower,0,0,6,0,6,0,161,101,4,266,0,161,107,4,272,44,2,46,318
05/19/2006,GLS,TX,ASW,CE,Federal Contract Tower,0,1,5,0,6,0,78,43,0,121,0,79,48,0,127,26,2,28,155
05/20/2006,GLS,TX,ASW,CE,Federal Contract Tower,0,0,5,0,5,0,101,84,0,185,0,101,89,0,190,64,2,66,256
05/21/2006,GLS,TX,ASW,CE,Federal Contract Tower,0,0,17,0,17,0,120,88,0,208,0,120,105,0,225,88,0,88,313
05/22/2006,GLS,TX,ASW,CE,Federal Contract Tower,0,0,10,0,10,0,62,33,0,95,0,62,43,0,105,38,2,40,145
05/23/2006,GLS,TX,ASW,CE,Federal Contract Tower,0,0,13,2,15,0,93,36,0,129,0,93,49,2,144,58,0,58,202
05/24/2006,GLS,TX,ASW,CE,Federal Contract Tower,0,0,3,0,3,0,125,48,0,173,0,125,51,0,176,74,0,74,250
05/25/2006,GLS,TX,ASW,CE,Federal Contract Tower,0,0,10,0,10,0,148,58,0,206,0,148,68,0,216,20,2,22,238
05/26/2006,GLS,TX,ASW,CE,Federal Contract Tower,0,0,13,1,14,0,81,41,1,123,0,81,54,2,137,42,18,60,197
05/27/2006,GLS,TX,ASW,CE,Federal Contract Tower,0,0,17,0,17,0,78,69,1,148,0,78,86,1,165,20,0,20,185
05/28/2006,GLS,TX,ASW,CE,Federal Contract Tower,0,0,7,0,7,0,85,57,0,142,0,85,64,0,149,8,0,8,157
05/29/2006,GLS,TX,ASW,CE,Federal Contract Tower,0,0,13,0,13,0,93,29,0,122,0,93,42,0,135,24,0,24,159
05/30/2006,GLS,TX,ASW,CE,Federal Contract Tower,0,1,6,0,7,0,154,14,0,168,0,155,20,0,175,4,0,4,179
05/31/2006,GLS,TX,ASW,CE,Federal Contract Tower,0,0,3,0,3,0,34,4,0,38,0,34,7,0,41,2,0,2,43
06/01/2006,GLS,TX,ASW,CE,Federal Contract Tower,0,0,9,0,9,0,143,13,0,156,0,143,22,0,165,22,14,36,201
06/02/2006,GLS,TX,ASW,CE,Federal Contract Tower,0,2,13,2,17,0,112,56,0,168,0,114,69,2,185,30,2,32,217
06/03/2006,GLS,TX,ASW,CE,Federal Contract Tower,0,2,13,0,15,0,107,116,0,223,0,109,129,0,238,100,0,100,338
06/04/2006,GLS,TX,ASW,CE,Federal Contract Tower,0,0,16,0,16,0,54,99,2,155,0,54,115,2,171,36,2,38,209
06/05/2006,GLS,TX,ASW,CE,Federal Contract Tower,0,0,22,0,22,0,91,41,0,132,0,91,63,0,154,42,0,42,196
06/06/2006,GLS,TX,ASW,CE,Federal Contract Tower,0,0,6,0,6,0,139,37,0,176,0,139,43,0,182,22,0,22,204
06/07/2006,GLS,TX,ASW,CE,Federal Contract Tower,0,0,10,1,11,0,139,44,1,184,0,139,54,2,195,36,0,36,231
06/08/2006,GLS,TX,ASW,CE,Federal Contract Tower,0,2,16,0,18,0,140,101,2,243,0,142,117,2,261,40,0,40,301
06/09/2006,GLS,TX,ASW,CE,Federal Contract Tower,0,0,11,0,11,0,91,53,0,144,0,91,64,0,155,8,0,8,163
06/10/2006,GLS,TX,ASW,CE,Federal Contract Tower,0,0,7,0,7,0,92,85,0,177,0,92,92,0,184,48,2,50,234
06/11/2006,GLS,TX,ASW,CE,Federal Contract Tower,0,1,7,0,8,0,104,71,0,175,0,105,78,0,183,54,0,54,237
06/12/2006,GLS,TX,ASW,CE,Federal Contract Tower,0,0,4,0,4,0,95,43,0,138,0,95,47,0,142,8,0,8,150
06/13/2006,GLS,TX,ASW,CE,Federal Contract Tower,0,0,17,0,17,0,159,68,0,227,0,159,85,0,244,32,0,32,276
06/14/2006,GLS,TX,ASW,CE,Federal Contract Tower,0,0,13,1,14,0,127,79,3,209,0,127,92,4,223,14,0,14,237
06/15/2006,GLS,TX,ASW,CE,Federal Contract Tower,0,0,1,0,1,0,129,51,0,180,0,129,52,0,181,16,0,16,197
06/16/2006,GLS,TX,ASW,CE,Federal Contract Tower,0,0,4,0,4,0,42,19,0,61,0,42,23,0,65,0,0,0,65
06/17/2006,GLS,TX,ASW,CE,Federal Contract Tower,0,0,4,0,4,0,59,35,0,94,0,59,39,0,98,14,0,14,112
06/18/2006,GLS,TX,ASW,CE,Federal Contract Tower,0,0,15,0,15,0,43,30,0,73,0,43,45,0,88,8,0,8,96
06/19/2006,GLS,TX,ASW,CE,Federal Contract Tower,0,0,2,0,2,0,5,1,0,6,0,5,3,0,8,0,0,0,8
06/20/2006,GLS,TX,ASW,CE,Federal Contract Tower,0,1,4,0,5,0,83,8,0,91,0,84,12,0,96,6,4,10,106
06/21/2006,GLS,TX,ASW,CE,Federal Contract Tower,0,0,7,0,7,0,125,32,0,157,0,125,39,0,164,14,0,14,178
06/22/2006,GLS,TX,ASW,CE,Federal Contract Tower,0,0,25,0,25,0,112,40,0,152,0,112,65,0,177,26,2,28,205
06/23/2006,GLS,TX,ASW,CE,Federal Contract Tower,0,0,7,0,7,0,83,80,0,163,0,83,87,0,170,38,2,40,210
06/24/2006,GLS,TX,ASW,CE,Federal Contract Tower,0,0,4,0,4,0,59,103,2,164,0,59,107,2,168,62,0,62,230
06/25/2006,GLS,TX,ASW,CE,Federal Contract Tower,0,0,3,0,3,0,64,97,0,161,0,64,100,0,164,38,0,38,202
06/26/2006,GLS,TX,ASW,CE,Federal Contract Tower,0,0,14,2,16,0,120,40,5,165,0,120,54,7,181,70,0,70,251
06/27/2006,GLS,TX,ASW,CE,Federal Contract Tower,0,0,13,0,13,0,95,46,1,142,0,95,59,1,155,34,4,38,193
06/28/2006,GLS,TX,ASW,CE,Federal Contract Tower,0,1,12,0,13,0,76,85,0,161,0,77,97,0,174,68,0,68,242
06/29/2006,GLS,TX,ASW,CE,Federal Contract Tower,0,0,3,2,5,0,101,67,0,168,0,101,70,2,173,38,0,38,211
06/30/2006,GLS,TX,ASW,CE,Federal Contract Tower,0,0,8,0,8,0,123,67,0,190,0,123,75,0,198,18,4,22,220
07/01/2006,GLS,TX,ASW,CE,Federal Contract Tower,0,0,5,0,5,0,51,18,0,69,0,51,23,0,74,4,0,4,78
07/02/2006,GLS,TX,ASW,CE,Federal Contract Tower,0,0,11,0,11,0,55,18,0,73,0,55,29,0,84,2,0,2,86
07/03/2006,GLS,TX,ASW,CE,Federal Contract Tower,0,0,3,0,3,0,15,0,0,15,0,15,3,0,18,0,0,0,18
07/04/2006,GLS,TX,ASW,CE,Federal Contract Tower,0,1,9,0,10,0,78,15,0,93,0,79,24,0,103,4,0,4,107
07/05/2006,GLS,TX,ASW,CE,Federal Contract Tower,0,3,3,0,6,0,63,2,0,65,0,66,5,0,71,0,0,0,71
07/06/2006,GLS,TX,ASW,CE,Federal Contract Tower,0,0,5,0,5,0,112,29,0,141,0,112,34,0,146,10,0,10,156
07/07/2006,GLS,TX,ASW,CE,Federal Contract Tower,0,0,11,0,11,0,103,42,0,145,0,103,53,0,156,4,2,6,162
07/08/2006,GLS,TX,ASW,CE,Federal Contract Tower,0,0,9,0,9,0,67,63,0,130,0,67,72,0,139,38,4,42,181
07/09/2006,GLS,TX,ASW,CE,Federal Contract Tower,0,1,11,0,12,0,50,31,0,81,0,51,42,0,93,16,0,16,109
07/10/2006,GLS,TX,ASW,CE,Federal Contract Tower,0,0,14,3,17,0,112,31,5,148,0,112,45,8,165,8,0,8,173
07/11/2006,GLS,TX,ASW,CE,Federal Contract Tower,0,0,12,0,12,0,138,56,6,200,0,138,68,6,212,42,2,44,256
07/12/2006,GLS,TX,ASW,CE,Federal Contract Tower,0,0,13,0,13,0,124,66,0,190,0,124,79,0,203,30,0,30,233
07/13/2006,GLS,TX,ASW,CE,Federal Contract Tower,0,0,5,0,5,0,168,64,7,239,0,168,69,7,244,8,2,10,254
07/14/2006,GLS,TX,ASW,CE,Federal Contract Tower,0,0,3,0,3,0,67,25,2,94,0,67,28,2,97,2,0,2,99
07/15/2006,GLS,TX,ASW,CE,Federal Contract Tower,0,0,4,0,4,0,75,85,6,166,0,75,89,6,170,20,0,20,190
07/16/2006,GLS,TX,ASW,CE,Federal Contract Tower,0,1,6,0,7,0,88,92,0,180,0,89,98,0,187,26,0,26,213
07/17/2006,GLS,TX,ASW,CE,Federal Contract Tower,0,0,4,0,4,0,107,33,2,142,0,107,37,2,146,14,0,14,160
07/18/2006,GLS,TX,ASW,CE,Federal Contract Tower,0,0,2,1,3,0,97,21,3,121,0,97,23,4,124,2,0,2,126
07/19/2006,GLS,TX,ASW,CE,Federal Contract Tower,0,0,4,1,5,0,159,38,9,206,0,159,42,10,211,2,0,2,213
07/20/2006,GLS,TX,ASW,CE,Federal Contract Tower,0,0,5,1,6,0,104,36,1,141,0,104,41,2,147,40,6,46,193
07/21/2006,GLS,TX,ASW,CE,Federal Contract Tower,0,0,8,2,10,0,89,90,2,181,0,89,98,4,191,74,4,78,269
07/22/2006,GLS,TX,ASW,CE,Federal Contract Tower,0,0,2,1,3,0,57,85,5,147,0,57,87,6,150,32,0,32,182
07/23/2006,GLS,TX,ASW,CE,Federal Contract Tower,0,0,11,0,11,0,59,59,0,118,0,59,70,0,129,18,0,18,147
07/24/2006,GLS,TX,ASW,CE,Federal Contract Tower,0,0,10,0,10,0,65,16,4,85,0,65,26,4,95,16,6,22,117
07/25/2006,GLS,TX,ASW,CE,Federal Contract Tower,0,0,5,0,5,0,39,13,0,52,0,39,18,0,57,2,0,2,59
07/26/2006,GLS,TX,ASW,CE,Federal Contract Tower,0,0,6,0,6,0,24,3,0,27,0,24,9,0,33,0,0,0,33
07/27/2006,GLS,TX,ASW,CE,Federal Contract Tower,0,1,7,0,8,0,151,33,0,184,0,152,40,0,192,16,0,16,208
07/28/2006,GLS,TX,ASW,CE,Federal Contract Tower,0,0,1,0,1,0,88,73,0,161,0,88,74,0,162,22,6,28,190
07/29/2006,GLS,TX,ASW,CE,Federal Contract Tower,0,1,6,0,7,0,106,108,0,214,0,107,114,0,221,50,0,50,271
07/30/2006,GLS,TX,ASW,CE,Federal Contract Tower,0,0,7,0,7,0,42,102,0,144,0,42,109,0,151,82,0,82,233
07/31/2006,GLS,TX,ASW,CE,Federal Contract Tower,0,2,4,0,6,0,82,48,0,130,0,84,52,0,136,42,0,42,178
08/01/2006,GLS,TX,ASW,CE,Federal Contract Tower,0,2,13,2,17,0,125,59,0,184,0,127,72,2,201,16,6,22,223
08/02/2006,GLS,TX,ASW,CE,Federal Contract Tower,0,4,17,5,26,0,166,55,9,230,0,170,72,14,256,12,0,12,268
08/03/2006,GLS,TX,ASW,CE,Federal Contract Tower,0,2,6,6,14,0,106,71,4,181,0,108,77,10,195,30,4,34,229
08/04/2006,GLS,TX,ASW,CE,Federal Contract Tower,0,0,15,2,17,0,126,74,10,210,0,126,89,12,227,14,0,14,241
08/05/2006,GLS,TX,ASW,CE,Federal Contract Tower,0,0,4,0,4,0,95,125,2,222,0,95,129,2,226,34,2,36,262
08/06/2006,GLS,TX,ASW,CE,Federal Contract Tower,0,0,8,0,8,0,47,38,0,85,0,47,46,0,93,28,0,28,121
08/07/2006,GLS,TX,ASW,CE,Federal Contract Tower,0,0,4,0,4,0,89,26,4,119,0,89,30,4,123,6,0,6,129
08/08/2006,GLS,TX,ASW,CE,Federal Contract Tower,0,0,3,2,5,0,95,27,4,126,0,95,30,6,131,12,0,12,143
08/09/2006,GLS,TX,ASW,CE,Federal Contract Tower,0,0,11,2,13,0,112,56,4,172,0,112,67,6,185,32,0,32,217
08/10/2006,GLS,TX,ASW,CE,Federal Contract Tower,0,0,15,0,15,0,90,25,0,115,0,90,40,0,130,18,0,18,148
08/11/2006,GLS,TX,ASW,CE,Federal Contract Tower,0,2,7,2,11,0,100,32,8,140,0,102,39,10,151,16,4,20,171
08/12/2006,GLS,TX,ASW,CE,Federal Contract Tower,0,0,8,0,8,0,97,90,8,195,0,97,98,8,203,82,0,82,285
08/13/2006,GLS,TX,ASW,CE,Federal Contract Tower,0,1,6,2,9,0,76,72,0,148,0,77,78,2,157,34,0,34,191
08/14/2006,GLS,TX,ASW,CE,Federal Contract Tower,0,0,6,2,8,0,72,39,2,113,0,72,45,4,121,26,0,26,147
08/15/2006,GLS,TX,ASW,CE,Federal Contract Tower,0,1,8,0,9,0,104,75,0,179,0,105,83,0,188,36,0,36,224
08/16/2006,GLS,TX,ASW,CE,Federal Contract Tower,0,0,6,1,7,0,117,49,6,172,0,117,55,7,179,53,0,53,232
08/17/2006,GLS,TX,ASW,CE,Federal Contract Tower,0,0,7,1,8,0,109,59,3,171,0,109,66,4,179,58,0,58,237
08/18/2006,GLS,TX,ASW,CE,Federal Contract Tower,0,1,9,4,14,0,79,68,13,160,0,80,77,17,174,20,0,20,194
08/19/2006,GLS,TX,ASW,CE,Federal Contract Tower,0,0,2,0,2,0,50,16,0,66,0,50,18,0,68,8,0,8,76
08/20/2006,GLS,TX,ASW,CE,Federal Contract Tower,0,0,4,0,4,0,40,68,4,112,0,40,72,4,116,44,0,44,160
08/21/2006,GLS,TX,ASW,CE,Federal Contract Tower,0,1,8,0,9,0,90,30,4,124,0,91,38,4,133,41,0,41,174
08/22/2006,GLS,TX,ASW,CE,Federal Contract Tower,0,5,6,2,13,0,111,45,0,156,0,116,51,2,169,26,2,28,197
08/23/2006,GLS,TX,ASW,CE,Federal Contract Tower,0,2,8,0,10,0,121,22,8,151,0,123,30,8,161,18,4,22,183
08/24/2006,GLS,TX,ASW,CE,Federal Contract Tower,0,1,5,0,6,0,128,43,13,184,0,129,48,13,190,36,2,38,228
08/25/2006,GLS,TX,ASW,CE,Federal Contract Tower,0,0,18,0,18,0,75,34,0,109,0,75,52,0,127,48,0,48,175
08/26/2006,GLS,TX,ASW,CE,Federal Contract Tower,0,0,7,0,7,0,47,27,0,74,0,47,34,0,81,16,0,16,97
08/27/2006,GLS,TX,ASW,CE,Federal Contract Tower,0,0,6,8,14,0,80,46,0,126,0,80,52,8,140,28,6,34,174
08/28/2006,GLS,TX,ASW,CE,Federal Contract Tower,0,0,6,0,6,0,65,30,0,95,0,65,36,0,101,12,0,12,113
08/29/2006,GLS,TX,ASW,CE,Federal Contract Tower,0,2,8,2,12,0,108,36,0,144,0,110,44,2,156,26,0,26,182
08/30/2006,GLS,TX,ASW,CE,Federal Contract Tower,0,0,11,2,13,0,138,67,9,214,0,138,78,11,227,34,0,34,261
08/31/2006,GLS,TX,ASW,CE,Federal Contract Tower,0,0,5,2,7,0,105,47,4,156,0,105,52,6,163,41,0,41,204
09/01/2006,GLS,TX,ASW,CE,Federal Contract Tower,0,0,8,0,8,0,105,71,2,178,0,105,79,2,186,10,0,10,196
09/02/2006,GLS,TX,ASW,CE,Federal Contract Tower,0,0,4,0,4,0,100,81,2,183,0,100,85,2,187,72,0,72,259
09/03/2006,GLS,TX,ASW,CE,Federal Contract Tower,0,1,14,0,15,0,53,86,0,139,0,54,100,0,154,47,0,47,201
09/04/2006,GLS,TX,ASW,CE,Federal Contract Tower,0,8,21,0,29,0,51,50,2,103,0,59,71,2,132,52,8,60,192
09/05/2006,GLS,TX,ASW,CE,Federal Contract Tower,0,2,13,0,15,0,101,22,0,123,0,103,35,0,138,8,2,10,148
09/06/2006,GLS,TX,ASW,CE,Federal Contract Tower,0,2,9,1,12,0,106,40,23,169,0,108,49,24,181,46,0,46,227
09/07/2006,GLS,TX,ASW,CE,Federal Contract Tower,0,0,5,1,6,0,107,37,7,151,0,107,42,8,157,16,0,16,173
09/08/2006,GLS,TX,ASW,CE,Federal Contract Tower,0,0,10,13,23,0,100,77,35,212,0,100,87,48,235,48,29,77,312
09/09/2006,GLS,TX,ASW,CE,Federal Contract Tower,0,0,7,8,15,0,40,36,8,84,0,40,43,16,99,2,0,2,101
09/10/2006,GLS,TX,ASW,CE,Federal Contract Tower,0,1,8,0,9,0,48,28,4,80,0,49,36,4,89,26,10,36,125
09/11/2006,GLS,TX,ASW,CE,Federal Contract Tower,0,0,5,4,9,0,80,14,2,96,0,80,19,6,105,30,2,32,137
09/12/2006,GLS,TX,ASW,CE,Federal Contract Tower,0,0,20,2,22,0,110,50,0,160,0,110,70,2,182,32,2,34,216
09/13/2006,GLS,TX,ASW,CE,Federal Contract Tower,0,0,2,2,4,0,84,52,3,139,0,84,54,5,143,33,4,37,180
09/14/2006,GLS,TX,ASW,CE,Federal Contract Tower,0,1,13,0,14,0,113,72,4,189,0,114,85,4,203,64,0,64,267
09/15/2006,GLS,TX,ASW,CE,Federal Contract Tower,0,0,6,4,10,0,109,57,2,168,0,109,63,6,178,18,2,20,198
09/16/2006,GLS,TX,ASW,CE,Federal Contract Tower,0,1,3,4,8,0,53,47,2,102,0,54,50,6,110,78,0,78,188
09/17/2006,GLS,TX,ASW,CE,Federal Contract Tower,0,1,16,2,19,0,62,14,2,78,0,63,30,4,97,36,2,38,135
09/18/2006,GLS,TX,ASW,CE,Federal Contract Tower,0,0,13,3,16,0,53,16,5,74,0,53,29,8,90,30,8,38,128
09/19/2006,GLS,TX,ASW,CE,Federal Contract Tower,0,1,21,2,24,0,86,43,4,133,0,87,64,6,157,26,17,43,200
09/20/2006,GLS,TX,ASW,CE,Federal Contract Tower,0,2,7,0,9,0,114,72,4,190,0,116,79,4,199,38,0,38,237
09/21/2006,GLS,TX,ASW,CE,Federal Contract Tower,0,0,17,4,21,0,114,43,6,163,0,114,60,10,184,16,2,18,202
09/22/2006,GLS,TX,ASW,CE,Federal Contract Tower,0,6,17,3,26,0,97,56,3,156,0,103,73,6,182,28,0,28,210
09/23/2006,GLS,TX,ASW,CE,Federal Contract Tower,0,0,10,0,10,0,47,35,4,86,0,47,45,4,96,36,4,40,136
09/24/2006,GLS,TX,ASW,CE,Federal Contract Tower,0,0,46,0,46,0,37,30,0,67,0,37,76,0,113,22,0,22,135
09/25/2006,GLS,TX,ASW,CE,Federal Contract Tower,0,0,14,0,14,0,83,41,0,124,0,83,55,0,138,36,4,40,178
09/26/2006,GLS,TX,ASW,CE,Federal Contract Tower,0,2,5,0,7,0,103,57,4,164,0,105,62,4,171,0,0,0,171
09/27/2006,GLS,TX,ASW,CE,Federal Contract Tower,0,0,7,4,11,0,123,54,6,183,0,123,61,10,194,2,0,2,196
09/28/2006,GLS,TX,ASW,CE,Federal Contract Tower,0,2,3,1,6,0,141,54,10,205,0,143,57,11,211,8,0,8,219
09/29/2006,GLS,TX,ASW,CE,Federal Contract Tower,0,2,7,8,17,0,109,75,4,188,0,111,82,12,205,40,0,40,245
09/30/2006,GLS,TX,ASW,CE,Federal Contract Tower,0,0,7,0,7,0,86,81,0,167,0,86,88,0,174,68,0,68,242
10/01/2006,GLS,TX,ASW,CE,Federal Contract Tower,0,0,15,0,15,0,91,34,4,129,0,91,49,4,144,30,0,30,174
10/02/2006,GLS,TX,ASW,CE,Federal Contract Tower,0,1,1,0,2,0,97,45,0,142,0,98,46,0,144,32,2,34,178
10/03/2006,GLS,TX,ASW,CE,Federal Contract Tower,0,1,6,4,11,0,127,27,6,160,0,128,33,10,171,0,0,0,171
10/04/2006,GLS,TX,ASW,CE,Federal Contract Tower,0,1,12,0,13,0,103,23,0,126,0,104,35,0,139,0,0,0,139
10/05/2006,GLS,TX,ASW,CE,Federal Contract Tower,0,1,2,2,5,0,112,53,2,167,0,113,55,4,172,14,2,16,188
10/06/2006,GLS,TX,ASW,CE,Federal Contract Tower,0,0,0,0,0,0,142,60,6,208,0,142,60,6,208,8,2,10,218
10/07/2006,GLS,TX,ASW,CE,Federal Contract Tower,0,0,12,0,12,0,77,93,6,176,0,77,105,6,188,10,0,10,198
10/08/2006,GLS,TX,ASW,CE,Federal Contract Tower,0,2,5,0,7,0,67,82,4,153,0,69,87,4,160,12,4,16,176
10/09/2006,GLS,TX,ASW,CE,Federal Contract Tower,0,0,15,0,15,0,88,27,0,115,0,88,42,0,130,2,0,2,132
10/10/2006,GLS,TX,ASW,CE,Federal Contract Tower,0,1,3,0,4,0,97,16,0,113,0,98,19,0,117,0,0,0,117
10/11/2006,GLS,TX,ASW,CE,Federal Contract Tower,0,33,12,2,47,0,113,33,6,152,0,146,45,8,199,8,0,8,207
10/12/2006,GLS,TX,ASW,CE,Federal Contract Tower,0,3,11,0,14,0,117,27,6,150,0,120,38,6,164,2,0,2,166
10/13/2006,GLS,TX,ASW,CE,Federal Contract Tower,0,0,23,1,24,0,116,23,5,144,0,116,46,6,168,27,0,27,195
10/14/2006,GLS,TX,ASW,CE,Federal Contract Tower,0,0,15,0,15,0,72,35,0,107,0,72,50,0,122,37,0,37,159
10/15/2006,GLS,TX,ASW,CE,Federal Contract Tower,0,2,14,0,16,0,17,0,0,17,0,19,14,0,33,6,0,6,39
10/16/2006,GLS,TX,ASW,CE,Federal Contract Tower,0,3,2,0,5,0,26,0,0,26,0,29,2,0,31,0,0,0,31
10/17/2006,GLS,TX,ASW,CE,Federal Contract Tower,0,18,20,0,38,0,120,11,0,131,0,138,31,0,169,2,0,2,171
10/18/2006,GLS,TX,ASW,CE,Federal Contract Tower,0,11,8,4,23,0,75,0,0,75,0,86,8,4,98,4,0,4,102
10/19/2006,GLS,TX,ASW,CE,Federal Contract Tower,0,9,8,0,17,0,115,21,6,142,0,124,29,6,159,7,0,7,166
10/20/2006,GLS,TX,ASW,CE,Federal Contract Tower,0,1,7,0,8,0,113,39,2,154,0,114,46,2,162,27,0,27,189
10/21/2006,GLS,TX,ASW,CE,Federal Contract Tower,0,2,4,0,6,0,78,16,0,94,0,80,20,0,100,4,0,4,104
10/22/2006,GLS,TX,ASW,CE,Federal Contract Tower,0,0,7,0,7,0,37,40,0,77,0,37,47,0,84,9,0,9,93
10/23/2006,GLS,TX,ASW,CE,Federal Contract Tower,0,1,6,0,7,0,89,29,4,122,0,90,35,4,129,34,4,38,167
10/24/2006,GLS,TX,ASW,CE,Federal Contract Tower,0,15,13,0,28,0,140,33,0,173,0,155,46,0,201,22,22,44,245
10/25/2006,GLS,TX,ASW,CE,Federal Contract Tower,0,2,4,2,8,0,128,13,0,141,0,130,17,2,149,37,0,37,186
10/26/2006,GLS,TX,ASW,CE,Federal Contract Tower,0,3,5,0,8,0,149,6,4,159,0,152,11,4,167,14,0,14,181
10/27/2006,GLS,TX,ASW,CE,Federal Contract Tower,0,1,8,2,11,0,145,61,8,214,0,146,69,10,225,40,0,40,265
10/28/2006,GLS,TX,ASW,CE,Federal Contract Tower,0,1,9,0,10,0,66,80,0,146,0,67,89,0,156,84,0,84,240
10/29/2006,GLS,TX,ASW,CE,Federal Contract Tower,0,0,15,0,15,0,93,79,4,176,0,93,94,4,191,64,0,64,255
10/30/2006,GLS,TX,ASW,CE,Federal Contract Tower,0,1,22,4,27,0,96,39,0,135,0,97,61,4,162,22,2,24,186
10/31/2006,GLS,TX,ASW,CE,Federal Contract Tower,0,1,10,0,11,0,151,50,2,203,0,152,60,2,214,58,0,58,272
11/01/2006,GLS,TX,ASW,CE,Federal Contract Tower,0,0,13,0,13,0,138,32,0,170,0,138,45,0,183,38,0,38,221
11/02/2006,GLS,TX,ASW,CE,Federal Contract Tower,0,0,3,0,3,0,157,20,0,177,0,157,23,0,180,15,0,15,195
11/03/2006,GLS,TX,ASW,CE,Federal Contract Tower,0,2,5,2,9,0,125,78,0,203,0,127,83,2,212,10,0,10,222
11/04/2006,GLS,TX,ASW,CE,Federal Contract Tower,0,2,5,0,7,0,85,66,6,157,0,87,71,6,164,62,0,62,226
11/05/2006,GLS,TX,ASW,CE,Federal Contract Tower,0,2,22,0,24,0,77,18,2,97,0,79,40,2,121,22,0,22,143
11/06/2006,GLS,TX,ASW,CE,Federal Contract Tower,0,5,2,0,7,0,61,17,0,78,0,66,19,0,85,2,0,2,87
11/07/2006,GLS,TX,ASW,CE,Federal Contract Tower,0,1,24,4,29,0,118,72,0,190,0,119,96,4,219,22,0,22,241
11/08/2006,GLS,TX,ASW,CE,Federal Contract Tower,0,0,10,0,10,0,135,92,0,227,0,135,102,0,237,64,6,70,307
11/09/2006,GLS,TX,ASW,CE,Federal Contract Tower,0,2,26,0,28,0,150,35,2,187,0,152,61,2,215,16,6,22,237
11/10/2006,GLS,TX,ASW,CE,Federal Contract Tower,0,1,10,0,11,0,101,23,0,124,0,102,33,0,135,15,0,15,150
11/11/2006,GLS,TX,ASW,CE,Federal Contract Tower,0,3,2,0,5,0,72,109,0,181,0,75,111,0,186,62,0,62,248
11/12/2006,GLS,TX,ASW,CE,Federal Contract Tower,0,0,3,1,4,0,67,189,6,262,0,67,192,7,266,128,2,130,396
11/13/2006,GLS,TX,ASW,CE,Federal Contract Tower,0,54,18,0,72,0,30,0,0,30,0,84,18,0,102,2,0,2,104
11/14/2006,GLS,TX,ASW,CE,Federal Contract Tower,0,1,13,0,14,0,156,16,4,176,0,157,29,4,190,28,0,28,218
11/15/2006,GLS,TX,ASW,CE,Federal Contract Tower,0,9,4,0,13,0,87,9,0,96,0,96,13,0,109,6,0,6,115
11/16/2006,GLS,TX,ASW,CE,Federal Contract Tower,0,1,5,2,8,0,151,42,0,193,0,152,47,2,201,29,0,29,230
11/17/2006,GLS,TX,ASW,CE,Federal Contract Tower,0,0,3,2,5,0,115,89,3,207,0,115,92,5,212,58,2,60,272
11/18/2006,GLS,TX,ASW,CE,Federal Contract Tower,0,0,7,0,7,0,87,89,0,176,0,87,96,0,183,158,2,160,343
11/19/2006,GLS,TX,ASW,CE,Federal Contract Tower,0,0,17,4,21,0,74,47,0,121,0,74,64,4,142,86,4,90,232
11/20/2006,GLS,TX,ASW,CE,Federal Contract Tower,0,0,16,0,16,0,128,47,1,176,0,128,63,1,192,42,0,42,234
11/21/2006,GLS,TX,ASW,CE,Federal Contract Tower,0,5,13,1,19,0,141,43,1,185,0,146,56,2,204,44,0,44,248
11/22/2006,GLS,TX,ASW,CE,Federal Contract Tower,0,8,14,0,22,0,151,91,8,250,0,159,105,8,272,26,0,26,298
11/23/2006,GLS,TX,ASW,CE,Federal Contract Tower,0,1,2,0,3,0,87,25,0,112,0,88,27,0,115,18,0,18,133
11/24/2006,GLS,TX,ASW,CE,Federal Contract Tower,0,2,6,0,8,0,99,75,2,176,0,101,81,2,184,40,0,40,224
11/25/2006,GLS,TX,ASW,CE,Federal Contract Tower,0,0,10,0,10,0,59,65,0,124,0,59,75,0,134,89,2,91,225
11/26/2006,GLS,TX,ASW,CE,Federal Contract Tower,0,0,9,0,9,0,54,57,0,111,0,54,66,0,120,84,0,84,204
11/27/2006,GLS,TX,ASW,CE,Federal Contract Tower,0,5,16,0,21,0,75,21,0,96,0,80,37,0,117,36,0,36,153
11/28/2006,GLS,TX,ASW,CE,Federal Contract Tower,0,0,13,2,15,0,128,28,2,158,0,128,41,4,173,10,2,12,185
11/29/2006,GLS,TX,ASW,CE,Federal Contract Tower,0,2,18,0,20,0,94,45,4,143,0,96,63,4,163,58,0,58,221
11/30/2006,GLS,TX,ASW,CE,Federal Contract Tower,0,10,13,2,25,0,54,2,2,58,0,64,15,4,83,4,0,4,87
12/01/2006,GLS,TX,ASW,CE,Federal Contract Tower,0,0,8,0,8,0,92,40,4,136,0,92,48,4,144,6,2,8,152
12/02/2006,GLS,TX,ASW,CE,Federal Contract Tower,0,0,6,0,6,0,70,82,0,152,0,70,88,0,158,68,2,70,228
12/03/2006,GLS,TX,ASW,CE,Federal Contract Tower,0,1,6,0,7,0,56,18,4,78,0,57,24,4,85,38,0,38,123
12/04/2006,GLS,TX,ASW,CE,Federal Contract Tower,0,0,10,0,10,0,88,29,2,119,0,88,39,2,129,12,4,16,145
12/05/2006,GLS,TX,ASW,CE,Federal Contract Tower,0,0,18,6,24,0,136,45,0,181,0,136,63,6,205,24,0,24,229
12/06/2006,GLS,TX,ASW,CE,Federal Contract Tower,0,1,18,3,22,0,112,56,12,180,0,113,74,15,202,18,0,18,220
12/07/2006,GLS,TX,ASW,CE,Federal Contract Tower,0,3,4,1,8,0,96,27,1,124,0,99,31,2,132,38,0,38,170
12/08/2006,GLS,TX,ASW,CE,Federal Contract Tower,0,0,8,0,8,0,82,18,0,100,0,82,26,0,108,32,0,32,140
12/09/2006,GLS,TX,ASW,CE,Federal Contract Tower,0,0,5,0,5,0,92,54,0,146,0,92,59,0,151,38,0,38,189
12/10/2006,GLS,TX,ASW,CE,Federal Contract Tower,0,1,20,3,24,0,59,22,1,82,0,60,42,4,106,54,0,54,160
12/11/2006,GLS,TX,ASW,CE,Federal Contract Tower,0,3,10,0,13,0,42,1,0,43,0,45,11,0,56,8,0,8,64
12/12/2006,GLS,TX,ASW,CE,Federal Contract Tower,0,8,10,0,18,0,111,32,2,145,0,119,42,2,163,2,0,2,165
12/13/2006,GLS,TX,ASW,CE,Federal Contract Tower,0,0,9,6,15,0,98,58,9,165,0,98,67,15,180,28,2,30,210
12/14/2006,GLS,TX,ASW,CE,Federal Contract Tower,0,12,5,1,18,0,8,4,2,14,0,20,9,3,32,6,0,6,38
12/15/2006,GLS,TX,ASW,CE,Federal Contract Tower,0,9,8,1,18,0,34,0,1,35,0,43,8,2,53,8,2,10,63
12/16/2006,GLS,TX,ASW,CE,Federal Contract Tower,0,9,4,0,13,0,53,35,0,88,0,62,39,0,101,78,0,78,179
12/17/2006,GLS,TX,ASW,CE,Federal Contract Tower,0,5,25,5,35,0,44,15,2,61,0,49,40,7,96,18,0,18,114
12/18/2006,GLS,TX,ASW,CE,Federal Contract Tower,0,17,6,0,23,0,0,0,0,0,0,17,6,0,23,0,0,0,23
12/19/2006,GLS,TX,ASW,CE,Federal Contract Tower,0,11,4,0,15,0,1,1,0,2,0,12,5,0,17,0,0,0,17
12/20/2006,GLS,TX,ASW,CE,Federal Contract Tower,0,16,13,1,30,0,54,6,1,61,0,70,19,2,91,6,0,6,97
12/21/2006,GLS,TX,ASW,CE,Federal Contract Tower,0,17,6,0,23,0,87,9,0,96,0,104,15,0,119,28,8,36,155
12/22/2006,GLS,TX,ASW,CE,Federal Contract Tower,0,0,6,0,6,0,99,37,0,136,0,99,43,0,142,44,8,52,194
12/23/2006,GLS,TX,ASW,CE,Federal Contract Tower,0,1,8,0,9,0,99,53,0,152,0,100,61,0,161,96,0,96,257
12/24/2006,GLS,TX,ASW,CE,Federal Contract Tower,0,5,9,0,14,0,24,12,0,36,0,29,21,0,50,0,2,2,52
12/25/2006,GLS,TX,ASW,CE,Federal Contract Tower,0,0,3,0,3,0,56,9,2,67,0,56,12,2,70,12,0,12,82
12/26/2006,GLS,TX,ASW,CE,Federal Contract Tower,0,2,17,0,19,0,109,65,2,176,0,111,82,2,195,40,0,40,235
12/27/2006,GLS,TX,ASW,CE,Federal Contract Tower,0,0,4,0,4,0,140,84,4,228,0,140,88,4,232,57,0,57,289
12/28/2006,GLS,TX,ASW,CE,Federal Contract Tower,0,0,10,0,10,0,121,36,0,157,0,121,46,0,167,29,0,29,196
12/29/2006,GLS,TX,ASW,CE,Federal Contract Tower,0,11,8,0,19,0,18,1,0,19,0,29,9,0,38,2,0,2,40
12/30/2006,GLS,TX,ASW,CE,Federal Contract Tower,0,1,7,0,8,0,92,35,0,127,0,93,42,0,135,66,0,66,201
12/31/2006,GLS,TX,ASW,CE,Federal Contract Tower,0,0,12,0,12,0,78,53,2,133,0,78,65,2,145,82,0,82,227
01/01/2007,GLS,TX,ASW,CE,Federal Contract Tower,0,0,2,0,2,0,68,52,0,120,0,68,54,0,122,54,0,54,176
01/02/2007,GLS,TX,ASW,CE,Federal Contract Tower,0,1,5,0,6,0,118,45,0,163,0,119,50,0,169,32,2,34,203
01/03/2007,GLS,TX,ASW,CE,Federal Contract Tower,0,9,2,0,11,0,87,12,4,103,0,96,14,4,114,16,0,16,130
01/04/2007,GLS,TX,ASW,CE,Federal Contract Tower,0,9,4,0,13,0,34,0,0,34,0,43,4,0,47,12,0,12,59
01/05/2007,GLS,TX,ASW,CE,Federal Contract Tower,0,13,17,0,30,0,69,24,4,97,0,82,41,4,127,40,0,40,167
01/06/2007,GLS,TX,ASW,CE,Federal Contract Tower,0,6,10,0,16,0,16,16,0,32,0,22,26,0,48,8,0,8,56
01/07/2007,GLS,TX,ASW,CE,Federal Contract Tower,0,3,6,0,9,0,105,45,0,150,0,108,51,0,159,106,0,106,265
01/08/2007,GLS,TX,ASW,CE,Federal Contract Tower,0,0,6,0,6,0,102,33,2,137,0,102,39,2,143,78,10,88,231
01/09/2007,GLS,TX,ASW,CE,Federal Contract Tower,0,2,12,2,16,0,128,42,0,170,0,130,54,2,186,54,0,54,240
01/10/2007,GLS,TX,ASW,CE,Federal Contract Tower,0,1,7,2,10,0,150,44,2,196,0,151,51,4,206,56,2,58,264
01/11/2007,GLS,TX,ASW,CE,Federal Contract Tower,0,0,5,1,6,0,125,21,2,148,0,125,26,3,154,26,0,26,180
01/12/2007,GLS,TX,ASW,CE,Federal Contract Tower,0,4,19,0,23,0,86,12,2,100,0,90,31,2,123,5,2,7,130
01/13/2007,GLS,TX,ASW,CE,Federal Contract Tower,0,13,6,0,19,0,3,5,0,8,0,16,11,0,27,8,0,8,35
01/14/2007,GLS,TX,ASW,CE,Federal Contract Tower,0,11,10,0,21,0,2,1,0,3,0,13,11,0,24,0,0,0,24
01/15/2007,GLS,TX,ASW,CE,Federal Contract Tower,0,22,6,0,28,0,0,0,0,0,0,22,6,0,28,2,0,2,30
01/16/2007,GLS,TX,ASW,CE,Federal Contract Tower,0,0,2,0,2,0,68,6,0,74,0,68,8,0,76,0,0,0,76
01/17/2007,GLS,TX,ASW,CE,Federal Contract Tower,0,0,0,0,0,0,150,2,4,156,0,150,2,4,156,16,0,16,172
01/18/2007,GLS,TX,ASW,CE,Federal Contract Tower,0,20,3,4,27,0,12,2,0,14,0,32,5,4,41,2,0,2,43
01/19/2007,GLS,TX,ASW,CE,Federal Contract Tower,0,42,17,2,61,0,42,8,0,50,0,84,25,2,111,0,0,0,111
01/20/2007,GLS,TX,ASW,CE,Federal Contract Tower,0,10,10,0,20,0,65,5,0,70,0,75,15,0,90,16,0,16,106
01/21/2007,GLS,TX,ASW,CE,Federal Contract Tower,0,3,20,0,23,0,70,21,0,91,0,73,41,0,114,46,6,52,166
01/22/2007,GLS,TX,ASW,CE,Federal Contract Tower,0,4,10,0,14,0,106,23,2,131,0,110,33,2,145,46,0,46,191
01/23/2007,GLS,TX,ASW,CE,Federal Contract Tower,0,3,10,2,15,0,157,19,2,178,0,160,29,4,193,0,6,6,199
01/24/2007,GLS,TX,ASW,CE,Federal Contract Tower,0,12,9,0,21,0,36,3,0,39,0,48,12,0,60,0,0,0,60
01/25/2007,GLS,TX,ASW,CE,Federal Contract Tower,0,1,6,9,16,0,175,28,0,203,0,176,34,9,219,47,2,49,268
01/26/2007,GLS,TX,ASW,CE,Federal Contract Tower,0,0,6,1,7,0,115,45,3,163,0,115,51,4,170,56,4,60,230
01/27/2007,GLS,TX,ASW,CE,Federal Contract Tower,0,16,14,0,30,0,23,7,0,30,0,39,21,0,60,22,2,24,84
01/28/2007,GLS,TX,ASW,CE,Federal Contract Tower,0,8,6,0,14,0,98,80,2,180,0,106,86,2,194,149,0,149,343
01/29/2007,GLS,TX,ASW,CE,Federal Contract Tower,0,0,5,0,5,0,140,46,0,186,0,140,51,0,191,66,0,66,257
01/30/2007,GLS,TX,ASW,CE,Federal Contract Tower,0,28,23,0,51,0,80,6,0,86,0,108,29,0,137,2,0,2,139
01/31/2007,GLS,TX,ASW,CE,Federal Contract Tower,0,12,11,0,23,0,126,14,2,142,0,138,25,2,165,4,0,4,169
02/01/2007,GLS,TX,ASW,CE,Federal Contract Tower,0,32,9,4,45,0,28,14,2,44,0,60,23,6,89,10,8,18,107
02/02/2007,GLS,TX,ASW,CE,Federal Contract Tower,0,2,15,1,18,0,122,19,4,145,0,124,34,5,163,40,2,42,205
02/03/2007,GLS,TX,ASW,CE,Federal Contract Tower,0,0,4,0,4,0,86,58,0,144,0,86,62,0,148,76,0,76,224
02/04/2007,GLS,TX,ASW,CE,Federal Contract Tower,0,0,5,0,5,0,80,59,2,141,0,80,64,2,146,72,0,72,218
02/05/2007,GLS,TX,ASW,CE,Federal Contract Tower,0,0,3,0,3,0,100,40,0,140,0,100,43,0,143,64,0,64,207
02/06/2007,GLS,TX,ASW,CE,Federal Contract Tower,0,0,13,0,13,0,104,54,0,158,0,104,67,0,171,39,0,39,210
02/07/2007,GLS,TX,ASW,CE,Federal Contract Tower,0,1,8,0,9,0,105,29,0,134,0,106,37,0,143,49,0,49,192
02/08/2007,GLS,TX,ASW,CE,Federal Contract Tower,0,2,11,0,13,0,118,28,0,146,0,120,39,0,159,36,2,38,197
02/09/2007,GLS,TX,ASW,CE,Federal Contract Tower,0,11,9,0,20,0,7,8,0,15,0,18,17,0,35,0,0,0,35
02/10/2007,GLS,TX,ASW,CE,Federal Contract Tower,0,2,3,0,5,0,79,28,0,107,0,81,31,0,112,54,0,54,166
02/11/2007,GLS,TX,ASW,CE,Federal Contract Tower,0,6,14,3,23,0,82,35,3,120,0,88,49,6,143,70,2,72,215
02/12/2007,GLS,TX,ASW,CE,Federal Contract Tower,0,7,4,0,11,0,60,6,2,68,0,67,10,2,79,14,0,14,93
02/13/2007,GLS,TX,ASW,CE,Federal Contract Tower,0,1,9,0,10,0,170,40,0,210,0,171,49,0,220,46,0,46,266
02/14/2007,GLS,TX,ASW,CE,Federal Contract Tower,0,0,9,2,11,0,150,33,0,183,0,150,42,2,194,18,0,18,212
02/15/2007,GLS,TX,ASW,CE,Federal Contract Tower,0,0,8,4,12,0,115,29,6,150,0,115,37,10,162,16,0,16,178
02/16/2007,GLS,TX,ASW,CE,Federal Contract Tower,0,0,7,0,7,0,84,29,10,123,0,84,36,10,130,36,10,46,176
02/17/2007,GLS,TX,ASW,CE,Federal Contract Tower,0,0,3,0,3,0,94,57,0,151,0,94,60,0,154,120,2,122,276
02/18/2007,GLS,TX,ASW,CE,Federal Contract Tower,0,1,9,0,10,0,75,74,6,155,0,76,83,6,165,79,8,87,252
02/19/2007,GLS,TX,ASW,CE,Federal Contract Tower,0,1,12,2,15,0,92,35,0,127,0,93,47,2,142,66,0,66,208
02/20/2007,GLS,TX,ASW,CE,Federal Contract Tower,0,5,6,6,17,0,115,14,2,131,0,120,20,8,148,16,2,18,166
02/21/2007,GLS,TX,ASW,CE,Federal Contract Tower,0,3,16,4,23,0,134,36,6,176,0,137,52,10,199,62,0,62,261
02/22/2007,GLS,TX,ASW,CE,Federal Contract Tower,0,17,23,0,40,0,1,1,0,2,0,18,24,0,42,6,0,6,48
02/23/2007,GLS,TX,ASW,CE,Federal Contract Tower,0,19,12,0,31,0,7,2,0,9,0,26,14,0,40,2,0,2,42
02/24/2007,GLS,TX,ASW,CE,Federal Contract Tower,0,6,5,0,11,0,28,1,0,29,0,34,6,0,40,8,0,8,48
02/25/2007,GLS,TX,ASW,CE,Federal Contract Tower,0,0,4,0,4,0,81,67,0,148,0,81,71,0,152,95,0,95,247
02/26/2007,GLS,TX,ASW,CE,Federal Contract Tower,0,3,0,0,3,0,95,49,0,144,0,98,49,0,147,124,2,126,273
02/27/2007,GLS,TX,ASW,CE,Federal Contract Tower,0,5,9,3,17,0,80,51,1,132,0,85,60,4,149,0,0,0,149
02/28/2007,GLS,TX,ASW,CE,Federal Contract Tower,0,12,20,2,34,0,2,0,0,2,0,14,20,2,36,0,0,0,36
03/01/2007,GLS,TX,ASW,CE,Federal Contract Tower,0,19,23,0,42,0,75,13,2,90,0,94,36,2,132,18,0,18,150
03/02/2007,GLS,TX,ASW,CE,Federal Contract Tower,0,0,10,0,10,0,109,73,2,184,0,109,83,2,194,58,0,58,252
03/03/2007,GLS,TX,ASW,CE,Federal Contract Tower,0,0,0,0,0,0,105,84,0,189,0,105,84,0,189,118,2,120,309
03/04/2007,GLS,TX,ASW,CE,Federal Contract Tower,0,0,9,0,9,0,105,110,4,219,0,105,119,4,228,124,2,126,354
03/05/2007,GLS,TX,ASW,CE,Federal Contract Tower,0,1,11,0,12,0,118,76,22,216,0,119,87,22,228,112,2,114,342
03/06/2007,GLS,TX,ASW,CE,Federal Contract Tower,0,3,4,0,7,0,182,59,4,245,0,185,63,4,252,46,0,46,298
03/07/2007,GLS,TX,ASW,CE,Federal Contract Tower,0,0,12,2,14,0,122,80,0,202,0,122,92,2,216,22,0,22,238
03/08/2007,GLS,TX,ASW,CE,Federal Contract Tower,0,1,11,4,16,0,123,54,3,180,0,124,65,7,196,74,0,74,270
03/09/2007,GLS,TX,ASW,CE,Federal Contract Tower,0,0,14,1,15,0,77,55,0,132,0,77,69,1,147,71,4,75,222
03/10/2007,GLS,TX,ASW,CE,Federal Contract Tower,0,0,3,0,3,0,109,88,1,198,0,109,91,1,201,132,0,132,333
03/11/2007,GLS,TX,ASW,CE,Federal Contract Tower,0,2,22,0,24,0,78,47,4,129,0,80,69,4,153,102,0,102,255
03/12/2007,GLS,TX,ASW,CE,Federal Contract Tower,0,2,8,2,12,0,31,8,3,42,0,33,16,5,54,4,0,4,58
03/13/2007,GLS,TX,ASW,CE,Federal Contract Tower,0,5,8,4,17,0,77,14,2,93,0,82,22,6,110,46,0,46,156
03/14/2007,GLS,TX,ASW,CE,Federal Contract Tower,0,0,11,3,14,0,104,4,1,109,0,104,15,4,123,2,2,4,127
03/15/2007,GLS,TX,ASW,CE,Federal Contract Tower,0,25,16,0,41,0,73,28,0,101,0,98,44,0,142,14,0,14,156
03/16/2007,GLS,TX,ASW,CE,Federal Contract Tower,0,1,6,0,7,0,110,41,0,151,0,111,47,0,158,48,4,52,210
03/17/2007,GLS,TX,ASW,CE,Federal Contract Tower,0,0,8,0,8,0,81,109,0,190,0,81,117,0,198,150,4,154,352
03/18/2007,GLS,TX,ASW,CE,Federal Contract Tower,0,0,21,0,21,0,73,60,0,133,0,73,81,0,154,138,0,138,292
03/19/2007,GLS,TX,ASW,CE,Federal Contract Tower,0,2,5,4,11,0,107,64,2,173,0,109,69,6,184,73,4,77,261
03/20/2007,GLS,TX,ASW,CE,Federal Contract Tower,0,3,11,0,14,0,136,26,16,178,0,139,37,16,192,24,0,24,216
03/21/2007,GLS,TX,ASW,CE,Federal Contract Tower,0,25,17,0,42,0,112,53,0,165,0,137,70,0,207,42,0,42,249
03/22/2007,GLS,TX,ASW,CE,Federal Contract Tower,0,13,18,0,31,0,108,11,0,119,0,121,29,0,150,18,0,18,168
03/23/2007,GLS,TX,ASW,CE,Federal Contract Tower,0,7,13,0,20,0,74,20,2,96,0,81,33,2,116,46,0,46,162
03/24/2007,GLS,TX,ASW,CE,Federal Contract Tower,0,10,14,0,24,0,81,40,0,121,0,91,54,0,145,88,0,88,233
03/25/2007,GLS,TX,ASW,CE,Federal Contract Tower,0,2,36,0,38,0,34,20,0,54,0,36,56,0,92,36,0,36,128
03/26/2007,GLS,TX,ASW,CE,Federal Contract Tower,0,2,17,14,33,0,91,32,6,129,0,93,49,20,162,60,6,66,228
03/27/2007,GLS,TX,ASW,CE,Federal Contract Tower,0,7,2,6,15,0,110,21,2,133,0,117,23,8,148,14,0,14,162
03/28/2007,GLS,TX,ASW,CE,Federal Contract Tower,0,22,20,3,45,0,119,36,1,156,0,141,56,4,201,0,0,0,201
03/29/2007,GLS,TX,ASW,CE,Federal Contract Tower,0,14,10,0,24,0,107,21,4,132,0,121,31,4,156,25,0,25,181
03/30/2007,GLS,TX,ASW,CE,Federal Contract Tower,0,3,16,4,23,0,96,22,0,118,0,99,38,4,141,6,0,6,147
03/31/2007,GLS,TX,ASW,CE,Federal Contract Tower,0,4,5,0,9,0,2,2,0,4,0,6,7,0,13,0,0,0,13
04/01/2007,GLS,TX,ASW,CE,Federal Contract Tower,0,1,17,0,18,0,54,4,0,58,0,55,21,0,76,6,0,6,82
04/02/2007,GLS,TX,ASW,CE,Federal Contract Tower,0,19,22,4,45,0,27,15,0,42,0,46,37,4,87,0,0,0,87
04/03/2007,GLS,TX,ASW,CE,Federal Contract Tower,0,23,12,2,37,0,37,4,0,41,0,60,16,2,78,2,0,2,80
04/04/2007,GLS,TX,ASW,CE,Federal Contract Tower,0,8,5,0,13,0,23,2,0,25,0,31,7,0,38,0,0,0,38
04/05/2007,GLS,TX,ASW,CE,Federal Contract Tower,0,4,4,2,10,0,142,27,0,169,0,146,31,2,179,22,0,22,201
04/06/2007,GLS,TX,ASW,CE,Federal Contract Tower,0,3,6,0,9,0,70,80,0,150,0,73,86,0,159,62,0,62,221
04/07/2007,GLS,TX,ASW,CE,Federal Contract Tower,0,0,8,0,8,0,87,27,0,114,0,87,35,0,122,4,0,4,126
04/08/2007,GLS,TX,ASW,CE,Federal Contract Tower,0,0,19,0,19,0,32,11,0,43,0,32,30,0,62,15,0,15,77
04/09/2007,GLS,TX,ASW,CE,Federal Contract Tower,0,7,12,2,21,0,96,19,2,117,0,103,31,4,138,8,4,12,150
04/10/2007,GLS,TX,ASW,CE,Federal Contract Tower,0,18,1,2,21,0,86,9,0,95,0,104,10,2,116,10,0,10,126
04/11/2007,GLS,TX,ASW,CE,Federal Contract Tower,0,8,18,0,26,0,111,35,2,148,0,119,53,2,174,40,0,40,214
04/12/2007,GLS,TX,ASW,CE,Federal Contract Tower,0,0,8,0,8,0,121,59,4,184,0,121,67,4,192,50,44,94,286
04/13/2007,GLS,TX,ASW,CE,Federal Contract Tower,0,15,5,2,22,0,45,0,0,45,0,60,5,2,67,0,0,0,67
04/14/2007,GLS,TX,ASW,CE,Federal Contract Tower,0,2,4,0,6,0,90,38,2,130,0,92,42,2,136,116,6,122,258
04/15/2007,GLS,TX,ASW,CE,Federal Contract Tower,0,8,12,0,20,0,95,84,8,187,0,103,96,8,207,114,0,114,321
04/16/2007,GLS,TX,ASW,CE,Federal Contract Tower,0,3,5,0,8,0,100,53,0,153,0,103,58,0,161,74,0,74,235
04/17/2007,GLS,TX,ASW,CE,Federal Contract Tower,0,1,7,3,11,0,115,10,4,129,0,116,17,7,140,12,4,16,156
04/18/2007,GLS,TX,ASW,CE,Federal Contract Tower,0,0,6,3,9,0,145,25,6,176,0,145,31,9,185,38,2,40,225
04/19/2007,GLS,TX,ASW,CE,Federal Contract Tower,0,1,5,0,6,0,111,38,0,149,0,112,43,0,155,34,16,50,205
04/20/2007,GLS,TX,ASW,CE,Federal Contract Tower,0,0,28,4,32,0,111,56,0,167,0,111,84,4,199,16,4,20,219
04/21/2007,GLS,TX,ASW,CE,Federal Contract Tower,0,1,24,0,25,0,86,62,0,148,0,87,86,0,173,128,0,128,301
04/22/2007,GLS,TX,ASW,CE,Federal Contract Tower,0,0,14,2,16,0,68,35,4,107,0,68,49,6,123,52,16,68,191
04/23/2007,GLS,TX,ASW,CE,Federal Contract Tower,0,8,12,2,22,0,77,26,0,103,0,85,38,2,125,32,0,32,157
04/24/2007,GLS,TX,ASW,CE,Federal Contract Tower,0,2,15,4,21,0,110,29,6,145,0,112,44,10,166,18,8,26,192
04/25/2007,GLS,TX,ASW,CE,Federal Contract Tower,0,2,1,2,5,0,67,9,0,76,0,69,10,2,81,0,0,0,81
04/26/2007,GLS,TX,ASW,CE,Federal Contract Tower,0,3,10,0,13,0,112,59,8,179,0,115,69,8,192,41,8,49,241
04/27/2007,GLS,TX,ASW,CE,Federal Contract Tower,0,1,17,1,19,0,69,41,1,111,0,70,58,2,130,36,4,40,170
04/28/2007,GLS,TX,ASW,CE,Federal Contract Tower,0,0,5,0,5,0,54,188,8,250,0,54,193,8,255,242,40,282,537
04/29/2007,GLS,TX,ASW,CE,Federal Contract Tower,0,3,4,1,8,0,41,120,8,169,0,44,124,9,177,198,74,272,449
04/30/2007,GLS,TX,ASW,CE,Federal Contract Tower,0,27,13,5,45,0,97,36,1,134,0,124,49,6,179,110,0,110,289
05/01/2007,GLS,TX,ASW,CE,Federal Contract Tower,0,6,21,1,28,0,139,28,1,168,0,145,49,2,196,14,6,20,216
05/02/2007,GLS,TX,ASW,CE,Federal Contract Tower,0,0,5,0,5,0,118,25,0,143,0,118,30,0,148,28,0,28,176
05/03/2007,GLS,TX,ASW,CE,Federal Contract Tower,0,1,7,0,8,0,113,20,4,137,0,114,27,4,145,10,10,20,165
05/04/2007,GLS,TX,ASW,CE,Federal Contract Tower,0,20,7,0,27,0,61,14,0,75,0,81,21,0,102,2,2,4,106
05/05/2007,GLS,TX,ASW,CE,Federal Contract Tower,0,5,9,2,16,0,105,38,0,143,0,110,47,2,159,62,0,62,221
05/06/2007,GLS,TX,ASW,CE,Federal Contract Tower,0,0,18,0,18,0,76,35,0,111,0,76,53,0,129,34,0,34,163
05/07/2007,GLS,TX,ASW,CE,Federal Contract Tower,0,1,7,2,10,0,86,25,0,111,0,87,32,2,121,18,2,20,141
05/08/2007,GLS,TX,ASW,CE,Federal Contract Tower,0,1,12,0,13,0,151,47,2,200,0,152,59,2,213,96,4,100,313
05/09/2007,GLS,TX,ASW,CE,Federal Contract Tower,0,0,22,1,23,0,109,17,5,131,0,109,39,6,154,42,0,42,196
05/10/2007,GLS,TX,ASW,CE,Federal Contract Tower,0,0,16,0,16,0,123,12,2,137,0,123,28,2,153,37,0,37,190
05/11/2007,GLS,TX,ASW,CE,Federal Contract Tower,0,0,9,0,9,0,88,9,0,97,0,88,18,0,106,22,10,32,138
05/12/2007,GLS,TX,ASW,CE,Federal Contract Tower,0,0,7,0,7,0,117,78,0,195,0,117,85,0,202,123,0,123,325
05/13/2007,GLS,TX,ASW,CE,Federal Contract Tower,0,1,9,0,10,0,84,48,0,132,0,85,57,0,142,72,0,72,214
05/14/2007,GLS,TX,ASW,CE,Federal Contract Tower,0,2,2,0,4,0,92,56,2,150,0,94,58,2,154,88,12,100,254
05/15/2007,GLS,TX,ASW,CE,Federal Contract Tower,0,1,7,2,10,0,130,35,2,167,0,131,42,4,177,4,2,6,183
05/16/2007,GLS,TX,ASW,CE,Federal Contract Tower,0,2,5,1,8,0,138,36,2,176,0,140,41,3,184,38,2,40,224
05/17/2007,GLS,TX,ASW,CE,Federal Contract Tower,0,0,29,4,33,0,114,35,0,149,0,114,64,4,182,56,2,58,240
05/18/2007,GLS,TX,ASW,CE,Federal Contract Tower,0,0,2,7,9,0,119,48,3,170,0,119,50,10,179,32,2,34,213
05/19/2007,GLS,TX,ASW,CE,Federal Contract Tower,0,0,0,0,0,0,81,105,4,190,0,81,105,4,190,88,2,90,280
05/20/2007,GLS,TX,ASW,CE,Federal Contract Tower,0,0,3,0,3,0,70,88,3,161,0,70,91,3,164,80,0,80,244
05/21/2007,GLS,TX,ASW,CE,Federal Contract Tower,0,0,12,0,12,0,110,28,1,139,0,110,40,1,151,38,0,38,189
05/22/2007,GLS,TX,ASW,CE,Federal Contract Tower,0,1,8,0,9,0,137,28,5,170,0,138,36,5,179,22,0,22,201
05/23/2007,GLS,TX,ASW,CE,Federal Contract Tower,0,0,6,1,7,0,103,0,3,106,0,103,6,4,113,26,0,26,139
05/24/2007,GLS,TX,ASW,CE,Federal Contract Tower,0,2,18,0,20,0,120,19,0,139,0,122,37,0,159,28,0,28,187
05/25/2007,GLS,TX,ASW,CE,Federal Contract Tower,0,2,20,0,22,0,99,26,0,125,0,101,46,0,147,16,0,16,163
05/26/2007,GLS,TX,ASW,CE,Federal Contract Tower,0,0,16,0,16,0,73,34,2,109,0,73,50,2,125,16,0,16,141
05/27/2007,GLS,TX,ASW,CE,Federal Contract Tower,0,7,10,0,17,0,71,61,0,132,0,78,71,0,149,84,0,84,233
05/28/2007,GLS,TX,ASW,CE,Federal Contract Tower,0,2,4,0,6,0,65,18,0,83,0,67,22,0,89,34,0,34,123
05/29/2007,GLS,TX,ASW,CE,Federal Contract Tower,0,4,27,4,35,0,141,42,0,183,0,145,69,4,218,16,0,16,234
05/30/2007,GLS,TX,ASW,CE,Federal Contract Tower,0,2,27,0,29,0,115,25,0,140,0,117,52,0,169,22,0,22,191
05/31/2007,GLS,TX,ASW,CE,Federal Contract Tower,0,1,9,0,10,0,119,50,0,169,0,120,59,0,179,78,2,80,259
06/01/2007,GLS,TX,ASW,CE,Federal Contract Tower,0,0,8,0,8,0,72,58,2,132,0,72,66,2,140,24,0,24,164
06/02/2007,GLS,TX,ASW,CE,Federal Contract Tower,0,0,19,0,19,0,110,61,2,173,0,110,80,2,192,78,0,78,270
06/03/2007,GLS,TX,ASW,CE,Federal Contract Tower,0,4,29,0,33,0,95,74,8,177,0,99,103,8,210,132,0,132,342
06/04/2007,GLS,TX,ASW,CE,Federal Contract Tower,0,1,5,0,6,0,118,40,6,164,0,119,45,6,170,66,6,72,242
06/05/2007,GLS,TX,ASW,CE,Federal Contract Tower,0,3,6,1,10,0,134,19,0,153,0,137,25,1,163,2,0,2,165
06/06/2007,GLS,TX,ASW,CE,Federal Contract Tower,0,1,1,0,2,0,122,46,6,174,0,123,47,6,176,12,0,12,188
06/07/2007,GLS,TX,ASW,CE,Federal Contract Tower,0,3,10,2,15,0,127,15,10,152,0,130,25,12,167,0,0,0,167
06/08/2007,GLS,TX,ASW,CE,Federal Contract Tower,0,4,11,0,15,0,82,28,1,111,0,86,39,1,126,0,0,0,126
06/09/2007,GLS,TX,ASW,CE,Federal Contract Tower,0,5,7,0,12,0,97,47,0,144,0,102,54,0,156,58,2,60,216
06/10/2007,GLS,TX,ASW,CE,Federal Contract Tower,0,1,2,2,5,0,72,62,2,136,0,73,64,4,141,56,0,56,197
06/11/2007,GLS,TX,ASW,CE,Federal Contract Tower,0,1,5,0,6,0,93,45,0,138,0,94,50,0,144,10,8,18,162
06/12/2007,GLS,TX,ASW,CE,Federal Contract Tower,0,3,17,0,20,0,116,46,4,166,0,119,63,4,186,0,4,4,190
06/13/2007,GLS,TX,ASW,CE,Federal Contract Tower,0,0,6,2,8,0,149,52,2,203,0,149,58,4,211,0,2,2,213
06/14/2007,GLS,TX,ASW,CE,Federal Contract Tower,0,1,6,2,9,0,153,45,2,200,0,154,51,4,209,5,0,5,214
06/15/2007,GLS,TX,ASW,CE,Federal Contract Tower,0,0,3,0,3,0,103,29,0,132,0,103,32,0,135,2,0,2,137
06/16/2007,GLS,TX,ASW,CE,Federal Contract Tower,0,0,4,0,4,0,93,38,0,131,0,93,42,0,135,28,0,28,163
06/17/2007,GLS,TX,ASW,CE,Federal Contract Tower,0,5,3,0,8,0,68,9,0,77,0,73,12,0,85,0,0,0,85
06/18/2007,GLS,TX,ASW,CE,Federal Contract Tower,0,1,2,4,7,0,108,30,2,140,0,109,32,6,147,6,0,6,153
06/19/2007,GLS,TX,ASW,CE,Federal Contract Tower,0,1,9,0,10,0,140,28,4,172,0,141,37,4,182,2,0,2,184
06/20/2007,GLS,TX,ASW,CE,Federal Contract Tower,0,3,6,0,9,0,120,25,4,149,0,123,31,4,158,8,0,8,166
06/21/2007,GLS,TX,ASW,CE,Federal Contract Tower,0,3,10,0,13,0,129,32,18,179,0,132,42,18,192,22,0,22,214
06/22/2007,GLS,TX,ASW,CE,Federal Contract Tower,0,2,0,2,4,0,100,20,0,120,0,102,20,2,124,4,0,4,128
06/23/2007,GLS,TX,ASW,CE,Federal Contract Tower,0,2,7,0,9,0,98,66,0,164,0,100,73,0,173,50,0,50,223
06/24/2007,GLS,TX,ASW,CE,Federal Contract Tower,0,1,7,0,8,0,89,62,0,151,0,90,69,0,159,52,0,52,211
06/25/2007,GLS,TX,ASW,CE,Federal Contract Tower,0,2,9,0,11,0,85,19,2,106,0,87,28,2,117,2,0,2,119
06/26/2007,GLS,TX,ASW,CE,Federal Contract Tower,0,2,5,0,7,0,166,21,0,187,0,168,26,0,194,2,4,6,200
06/27/2007,GLS,TX,ASW,CE,Federal Contract Tower,0,2,4,0,6,0,127,39,0,166,0,129,43,0,172,14,6,20,192
06/28/2007,GLS,TX,ASW,CE,Federal Contract Tower,0,0,11,0,11,0,114,70,0,184,0,114,81,0,195,0,0,0,195
06/29/2007,GLS,TX,ASW,CE,Federal Contract Tower,0,2,6,0,8,0,109,49,4,162,0,111,55,4,170,6,0,6,176
06/30/2007,GLS,TX,ASW,CE,Federal Contract Tower,0,1,5,0,6,0,103,82,0,185,0,104,87,0,191,54,0,54,245
07/01/2007,GLS,TX,ASW,CE,Federal Contract Tower,0,2,4,0,6,0,75,19,0,94,0,77,23,0,100,8,0,8,108
07/02/2007,GLS,TX,ASW,CE,Federal Contract Tower,0,1,0,0,1,0,81,2,0,83,0,82,2,0,84,0,0,0,84
07/03/2007,GLS,TX,ASW,CE,Federal Contract Tower,0,2,4,2,8,0,154,34,2,190,0,156,38,4,198,11,0,11,209
07/04/2007,GLS,TX,ASW,CE,Federal Contract Tower,0,3,0,0,3,0,46,0,0,46,0,49,0,0,49,0,0,0,49
07/05/2007,GLS,TX,ASW,CE,Federal Contract Tower,0,4,2,0,6,0,140,15,0,155,0,144,17,0,161,6,0,6,167
07/06/2007,GLS,TX,ASW,CE,Federal Contract Tower,0,4,0,0,4,0,75,12,1,88,0,79,12,1,92,0,0,0,92
07/07/2007,GLS,TX,ASW,CE,Federal Contract Tower,0,11,5,0,16,0,88,51,4,143,0,99,56,4,159,44,0,44,203
07/08/2007,GLS,TX,ASW,CE,Federal Contract Tower,0,2,8,0,10,0,104,45,0,149,0,106,53,0,159,50,0,50,209
07/09/2007,GLS,TX,ASW,CE,Federal Contract Tower,0,2,4,0,6,0,122,44,0,166,0,124,48,0,172,0,4,4,176
07/10/2007,GLS,TX,ASW,CE,Federal Contract Tower,0,1,4,0,5,0,176,36,10,222,0,177,40,10,227,2,2,4,231
07/11/2007,GLS,TX,ASW,CE,Federal Contract Tower,0,5,1,0,6,0,152,23,0,175,0,157,24,0,181,4,2,6,187
07/12/2007,GLS,TX,ASW,CE,Federal Contract Tower,0,2,2,0,4,0,146,41,5,192,0,148,43,5,196,0,4,4,200
07/13/2007,GLS,TX,ASW,CE,Federal Contract Tower,0,2,2,1,5,0,106,38,7,151,0,108,40,8,156,2,2,4,160
07/14/2007,GLS,TX,ASW,CE,Federal Contract Tower,0,1,3,0,4,0,98,61,0,159,0,99,64,0,163,0,0,0,163
07/15/2007,GLS,TX,ASW,CE,Federal Contract Tower,0,5,3,0,8,0,43,20,0,63,0,48,23,0,71,4,0,4,75
07/16/2007,GLS,TX,ASW,CE,Federal Contract Tower,0,2,5,0,7,0,103,37,0,140,0,105,42,0,147,42,0,42,189
07/17/2007,GLS,TX,ASW,CE,Federal Contract Tower,0,4,9,0,13,0,162,39,8,209,0,166,48,8,222,0,0,0,222
07/18/2007,GLS,TX,ASW,CE,Federal Contract Tower,0,4,2,0,6,0,117,23,2,142,0,121,25,2,148,2,0,2,150
07/19/2007,GLS,TX,ASW,CE,Federal Contract Tower,0,7,5,1,13,0,115,19,3,137,0,122,24,4,150,0,0,0,150
07/20/2007,GLS,TX,ASW,CE,Federal Contract Tower,0,3,1,0,4,0,94,12,0,106,0,97,13,0,110,0,0,0,110
07/21/2007,GLS,TX,ASW,CE,Federal Contract Tower,0,1,3,0,4,0,108,59,2,169,0,109,62,2,173,28,4,32,205
07/22/2007,GLS,TX,ASW,CE,Federal Contract Tower,0,1,5,0,6,0,98,48,2,148,0,99,53,2,154,40,0,40,194
07/23/2007,GLS,TX,ASW,CE,Federal Contract Tower,0,9,3,0,12,0,110,38,2,150,0,119,41,2,162,40,2,42,204
07/24/2007,GLS,TX,ASW,CE,Federal Contract Tower,0,9,9,0,18,0,153,39,2,194,0,162,48,2,212,4,0,4,216
07/25/2007,GLS,TX,ASW,CE,Federal Contract Tower,0,4,3,0,7,0,117,47,4,168,0,121,50,4,175,4,0,4,179
07/26/2007,GLS,TX,ASW,CE,Federal Contract Tower,0,4,12,0,16,0,130,14,0,144,0,134,26,0,160,8,9,17,177
07/27/2007,GLS,TX,ASW,CE,Federal Contract Tower,0,11,6,0,17,0,86,5,0,91,0,97,11,0,108,6,2,8,116
07/28/2007,GLS,TX,ASW,CE,Federal Contract Tower,0,2,5,0,7,0,107,42,0,149,0,109,47,0,156,75,0,75,231
07/29/2007,GLS,TX,ASW,CE,Federal Contract Tower,0,4,7,0,11,0,97,38,0,135,0,101,45,0,146,40,0,40,186
07/30/2007,GLS,TX,ASW,CE,Federal Contract Tower,0,0,9,0,9,0,127,32,0,159,0,127,41,0,168,42,6,48,216
07/31/2007,GLS,TX,ASW,CE,Federal Contract Tower,0,6,20,0,26,0,138,25,0,163,0,144,45,0,189,24,0,24,213
08/01/2007,GLS,TX,ASW,CE,Federal Contract Tower,0,4,3,0,7,0,99,34,4,137,0,103,37,4,144,8,0,8,152
08/02/2007,GLS,TX,ASW,CE,Federal Contract Tower,0,8,1,2,11,0,140,20,1,161,0,148,21,3,172,6,0,6,178
08/03/2007,GLS,TX,ASW,CE,Federal Contract Tower,0,4,8,0,12,0,123,50,2,175,0,127,58,2,187,2,0,2,189
08/04/2007,GLS,TX,ASW,CE,Federal Contract Tower,0,2,8,0,10,0,105,40,0,145,0,107,48,0,155,64,0,64,219
08/05/2007,GLS,TX,ASW,CE,Federal Contract Tower,0,3,7,0,10,0,80,81,0,161,0,83,88,0,171,82,0,82,253
08/06/2007,GLS,TX,ASW,CE,Federal Contract Tower,0,4,3,0,7,0,113,23,0,136,0,117,26,0,143,16,2,18,161
08/07/2007,GLS,TX,ASW,CE,Federal Contract Tower,0,3,4,0,7,0,112,52,6,170,0,115,56,6,177,32,4,36,213
08/08/2007,GLS,TX,ASW,CE,Federal Contract Tower,0,4,0,0,4,0,138,65,8,211,0,142,65,8,215,30,0,30,245
08/09/2007,GLS,TX,ASW,CE,Federal Contract Tower,0,4,14,2,20,0,132,40,4,176,0,136,54,6,196,15,0,15,211
08/10/2007,GLS,TX,ASW,CE,Federal Contract Tower,0,6,5,0,11,0,94,43,0,137,0,100,48,0,148,14,4,18,166
08/11/2007,GLS,TX,ASW,CE,Federal Contract Tower,0,2,1,0,3,0,101,72,8,181,0,103,73,8,184,86,2,88,272
08/12/2007,GLS,TX,ASW,CE,Federal Contract Tower,0,1,9,0,10,0,82,62,9,153,0,83,71,9,163,78,0,78,241
08/13/2007,GLS,TX,ASW,CE,Federal Contract Tower,0,4,0,0,4,0,126,48,0,174,0,130,48,0,178,64,0,64,242
08/14/2007,GLS,TX,ASW,CE,Federal Contract Tower,0,11,2,0,13,0,166,46,6,218,0,177,48,6,231,2,0,2,233
08/15/2007,GLS,TX,ASW,CE,Federal Contract Tower,0,3,2,2,7,0,123,11,0,134,0,126,13,2,141,6,2,8,149
08/16/2007,GLS,TX,ASW,CE,Federal Contract Tower,0,6,6,0,12,0,77,1,0,78,0,83,7,0,90,0,0,0,90
08/17/2007,GLS,TX,ASW,CE,Federal Contract Tower,0,3,8,0,11,0,84,11,6,101,0,87,19,6,112,16,0,16,128
08/18/2007,GLS,TX,ASW,CE,Federal Contract Tower,0,3,5,0,8,0,108,52,0,160,0,111,57,0,168,16,2,18,186
08/19/2007,GLS,TX,ASW,CE,Federal Contract Tower,0,1,12,1,14,0,112,50,2,164,0,113,62,3,178,38,0,38,216
08/20/2007,GLS,TX,ASW,CE,Federal Contract Tower,0,2,7,0,9,0,83,27,0,110,0,85,34,0,119,14,0,14,133
08/21/2007,GLS,TX,ASW,CE,Federal Contract Tower,0,3,5,0,8,0,123,10,6,139,0,126,15,6,147,8,0,8,155
08/22/2007,GLS,TX,ASW,CE,Federal Contract Tower,0,5,2,0,7,0,132,26,2,160,0,137,28,2,167,8,0,8,175
08/23/2007,GLS,TX,ASW,CE,Federal Contract Tower,0,2,0,0,2,0,128,21,4,153,0,130,21,4,155,2,6,8,163
08/24/2007,GLS,TX,ASW,CE,Federal Contract Tower,0,6,1,0,7,0,116,32,0,148,0,122,33,0,155,15,0,15,170
08/25/2007,GLS,TX,ASW,CE,Federal Contract Tower,0,2,4,0,6,0,93,70,3,166,0,95,74,3,172,36,2,38,210
08/26/2007,GLS,TX,ASW,CE,Federal Contract Tower,0,2,3,0,5,0,79,47,4,130,0,81,50,4,135,68,8,76,211
08/27/2007,GLS,TX,ASW,CE,Federal Contract Tower,0,2,8,0,10,0,101,41,2,144,0,103,49,2,154,56,2,58,212
08/28/2007,GLS,TX,ASW,CE,Federal Contract Tower,0,5,4,2,11,0,132,10,4,146,0,137,14,6,157,10,0,10,167
08/29/2007,GLS,TX,ASW,CE,Federal Contract Tower,0,5,10,0,15,0,101,6,3,110,0,106,16,3,125,10,6,16,141
08/30/2007,GLS,TX,ASW,CE,Federal Contract Tower,0,6,6,0,12,0,111,10,0,121,0,117,16,0,133,0,0,0,133
08/31/2007,GLS,TX,ASW,CE,Federal Contract Tower,0,2,6,0,8,0,81,17,4,102,0,83,23,4,110,11,5,16,126
09/01/2007,GLS,TX,ASW,CE,Federal Contract Tower,0,0,2,0,2,0,71,43,4,118,0,71,45,4,120,38,0,38,158
09/02/2007,GLS,TX,ASW,CE,Federal Contract Tower,0,1,5,0,6,0,71,13,0,84,0,72,18,0,90,24,0,24,114
09/03/2007,GLS,TX,ASW,CE,Federal Contract Tower,0,7,6,0,13,0,66,14,0,80,0,73,20,0,93,22,0,22,115
09/04/2007,GLS,TX,ASW,CE,Federal Contract Tower,0,7,9,0,16,0,108,13,0,121,0,115,22,0,137,28,0,28,165
09/05/2007,GLS,TX,ASW,CE,Federal Contract Tower,0,4,0,0,4,0,113,45,6,164,0,117,45,6,168,16,0,16,184
09/06/2007,GLS,TX,ASW,CE,Federal Contract Tower,0,4,1,0,5,0,108,22,2,132,0,112,23,2,137,19,0,19,156
09/07/2007,GLS,TX,ASW,CE,Federal Contract Tower,0,4,10,2,16,0,121,42,5,168,0,125,52,7,184,24,10,34,218
09/08/2007,GLS,TX,ASW,CE,Federal Contract Tower,0,0,10,0,10,0,79,55,0,134,0,79,65,0,144,60,0,60,204
09/09/2007,GLS,TX,ASW,CE,Federal Contract Tower,0,2,10,0,12,0,74,54,4,132,0,76,64,4,144,40,0,40,184
09/10/2007,GLS,TX,ASW,CE,Federal Contract Tower,0,2,4,4,10,0,94,29,0,123,0,96,33,4,133,68,0,68,201
09/11/2007,GLS,TX,ASW,CE,Federal Contract Tower,0,5,1,2,8,0,106,10,2,118,0,111,11,4,126,6,0,6,132
09/12/2007,GLS,TX,ASW,CE,Federal Contract Tower,0,0,4,1,5,0,49,0,1,50,0,49,4,2,55,2,8,10,65
09/13/2007,GLS,TX,ASW,CE,Federal Contract Tower,0,7,4,0,11,0,117,9,3,129,0,124,13,3,140,16,0,16,156
09/14/2007,GLS,TX,ASW,CE,Federal Contract Tower,0,5,15,2,22,0,95,38,4,137,0,100,53,6,159,14,8,22,181
09/15/2007,GLS,TX,ASW,CE,Federal Contract Tower,0,2,6,0,8,0,111,60,1,172,0,113,66,1,180,62,2,64,244
09/16/2007,GLS,TX,ASW,CE,Federal Contract Tower,0,0,5,0,5,0,93,60,2,155,0,93,65,2,160,44,0,44,204
09/17/2007,GLS,TX,ASW,CE,Federal Contract Tower,0,1,3,0,4,0,99,56,2,157,0,100,59,2,161,54,6,60,221
09/18/2007,GLS,TX,ASW,CE,Federal Contract Tower,0,9,8,6,23,0,137,61,2,200,0,146,69,8,223,16,0,16,239
09/19/2007,GLS,TX,ASW,CE,Federal Contract Tower,0,5,11,0,16,0,98,38,0,136,0,103,49,0,152,18,4,22,174
09/20/2007,GLS,TX,ASW,CE,Federal Contract Tower,0,8,17,1,26,0,103,27,5,135,0,111,44,6,161,44,2,46,207
09/21/2007,GLS,TX,ASW,CE,Federal Contract Tower,0,6,5,2,13,0,94,44,0,138,0,100,49,2,151,14,0,14,165
09/22/2007,GLS,TX,ASW,CE,Federal Contract Tower,0,20,10,2,32,0,76,47,2,125,0,96,57,4,157,36,4,40,197
09/23/2007,GLS,TX,ASW,CE,Federal Contract Tower,0,1,10,0,11,0,86,45,2,133,0,87,55,2,144,66,0,66,210
09/24/2007,GLS,TX,ASW,CE,Federal Contract Tower,0,3,6,0,9,0,109,68,2,179,0,112,74,2,188,70,2,72,260
09/25/2007,GLS,TX,ASW,CE,Federal Contract Tower,0,7,4,0,11,0,130,32,4,166,0,137,36,4,177,10,2,12,189
09/26/2007,GLS,TX,ASW,CE,Federal Contract Tower,0,3,14,0,17,0,102,27,0,129,0,105,41,0,146,26,0,26,172
09/27/2007,GLS,TX,ASW,CE,Federal Contract Tower,0,4,8,0,12,0,91,21,4,116,0,95,29,4,128,8,0,8,136
09/28/2007,GLS,TX,ASW,CE,Federal Contract Tower,0,3,7,0,10,0,84,40,0,124,0,87,47,0,134,28,0,28,162
09/29/2007,GLS,TX,ASW,CE,Federal Contract Tower,0,0,8,0,8,0,84,38,0,122,0,84,46,0,130,40,0,40,170
09/30/2007,GLS,TX,ASW,CE,Federal Contract Tower,0,2,6,0,8,0,72,28,6,106,0,74,34,6,114,44,0,44,158
10/01/2007,GLS,TX,ASW,CE,Federal Contract Tower,0,3,1,0,4,0,96,40,0,136,0,99,41,0,140,40,0,40,180
10/02/2007,GLS,TX,ASW,CE,Federal Contract Tower,0,2,16,0,18,0,92,46,0,138,0,94,62,0,156,34,4,38,194
10/03/2007,GLS,TX,ASW,CE,Federal Contract Tower,0,2,10,0,12,0,115,38,6,159,0,117,48,6,171,54,0,54,225
10/04/2007,GLS,TX,ASW,CE,Federal Contract Tower,0,2,9,0,11,0,89,23,0,112,0,91,32,0,123,16,2,18,141
10/05/2007,GLS,TX,ASW,CE,Federal Contract Tower,0,1,4,2,7,0,98,22,0,120,0,99,26,2,127,0,10,10,137
10/06/2007,GLS,TX,ASW,CE,Federal Contract Tower,0,1,7,0,8,0,102,40,0,142,0,103,47,0,150,48,0,48,198
10/07/2007,GLS,TX,ASW,CE,Federal Contract Tower,0,8,3,0,11,0,92,43,0,135,0,100,46,0,146,12,0,12,158
10/08/2007,GLS,TX,ASW,CE,Federal Contract Tower,0,0,8,0,8,0,101,26,2,129,0,101,34,2,137,6,0,6,143
10/09/2007,GLS,TX,ASW,CE,Federal Contract Tower,0,3,15,6,24,0,137,24,0,161,0,140,39,6,185,24,0,24,209
10/10/2007,GLS,TX,ASW,CE,Federal Contract Tower,0,2,14,0,16,0,101,34,2,137,0,103,48,2,153,22,0,22,175
10/11/2007,GLS,TX,ASW,CE,Federal Contract Tower,0,1,8,0,9,0,95,32,0,127,0,96,40,0,136,10,0,10,146
10/12/2007,GLS,TX,ASW,CE,Federal Contract Tower,0,0,8,0,8,0,77,34,2,113,0,77,42,2,121,54,0,54,175
10/13/2007,GLS,TX,ASW,CE,Federal Contract Tower,0,0,3,0,3,0,95,84,0,179,0,95,87,0,182,62,0,62,244
10/14/2007,GLS,TX,ASW,CE,Federal Contract Tower,0,0,5,0,5,0,78,39,0,117,0,78,44,0,122,62,2,64,186
10/15/2007,GLS,TX,ASW,CE,Federal Contract Tower,0,1,6,0,7,0,96,38,0,134,0,97,44,0,141,28,0,28,169
10/16/2007,GLS,TX,ASW,CE,Federal Contract Tower,0,49,19,0,68,0,42,5,0,47,0,91,24,0,115,22,0,22,137
10/17/2007,GLS,TX,ASW,CE,Federal Contract Tower,0,2,10,1,13,0,96,18,9,123,0,98,28,10,136,4,2,6,142
10/18/2007,GLS,TX,ASW,CE,Federal Contract Tower,0,2,5,2,9,0,100,18,0,118,0,102,23,2,127,8,0,8,135
10/19/2007,GLS,TX,ASW,CE,Federal Contract Tower,0,1,6,1,8,0,93,41,3,137,0,94,47,4,145,14,4,18,163
10/20/2007,GLS,TX,ASW,CE,Federal Contract Tower,0,0,3,0,3,0,97,77,4,178,0,97,80,4,181,110,0,110,291
10/21/2007,GLS,TX,ASW,CE,Federal Contract Tower,0,1,3,0,4,0,81,60,0,141,0,82,63,0,145,70,0,70,215
10/22/2007,GLS,TX,ASW,CE,Federal Contract Tower,0,2,4,2,8,0,65,9,0,74,0,67,13,2,82,0,4,4,86
10/23/2007,GLS,TX,ASW,CE,Federal Contract Tower,0,0,6,0,6,0,96,31,2,129,0,96,37,2,135,18,2,20,155
10/24/2007,GLS,TX,ASW,CE,Federal Contract Tower,0,0,3,0,3,0,106,23,2,131,0,106,26,2,134,18,0,18,152
10/25/2007,GLS,TX,ASW,CE,Federal Contract Tower,0,1,9,2,12,0,101,49,5,155,0,102,58,7,167,10,0,10,177
10/26/2007,GLS,TX,ASW,CE,Federal Contract Tower,0,1,13,1,15,0,87,37,3,127,0,88,50,4,142,38,2,40,182
10/27/2007,GLS,TX,ASW,CE,Federal Contract Tower,0,0,3,0,3,0,75,70,0,145,0,75,73,0,148,80,0,80,228
10/28/2007,GLS,TX,ASW,CE,Federal Contract Tower,0,0,12,0,12,0,65,51,6,122,0,65,63,6,134,80,2,82,216
10/29/2007,GLS,TX,ASW,CE,Federal Contract Tower,0,3,2,4,9,0,99,46,0,145,0,102,48,4,154,74,4,78,232
10/30/2007,GLS,TX,ASW,CE,Federal Contract Tower,0,1,13,0,14,0,101,54,2,157,0,102,67,2,171,10,4,14,185
10/31/2007,GLS,TX,ASW,CE,Federal Contract Tower,0,2,8,3,13,0,80,49,1,130,0,82,57,4,143,54,4,58,201
11/01/2007,GLS,TX,ASW,CE,Federal Contract Tower,0,3,10,2,15,0,105,36,0,141,0,108,46,2,156,26,0,26,182
11/02/2007,GLS,TX,ASW,CE,Federal Contract Tower,0,3,6,0,9,0,112,60,0,172,0,115,66,0,181,38,0,38,219
11/03/2007,GLS,TX,ASW,CE,Federal Contract Tower,0,0,7,0,7,0,85,61,0,146,0,85,68,0,153,96,0,96,249
11/04/2007,GLS,TX,ASW,CE,Federal Contract Tower,0,0,3,2,5,0,77,64,7,148,0,77,67,9,153,86,0,86,239
11/05/2007,GLS,TX,ASW,CE,Federal Contract Tower,0,3,3,0,6,0,96,36,2,134,0,99,39,2,140,46,4,50,190
11/06/2007,GLS,TX,ASW,CE,Federal Contract Tower,0,6,16,0,22,0,102,40,10,152,0,108,56,10,174,38,0,38,212
11/07/2007,GLS,TX,ASW,CE,Federal Contract Tower,0,2,15,1,18,0,100,47,1,148,0,102,62,2,166,50,0,50,216
11/08/2007,GLS,TX,ASW,CE,Federal Contract Tower,0,3,3,0,6,0,118,31,0,149,0,121,34,0,155,0,0,0,155
11/09/2007,GLS,TX,ASW,CE,Federal Contract Tower,0,3,18,0,21,0,84,59,0,143,0,87,77,0,164,73,2,75,239
11/10/2007,GLS,TX,ASW,CE,Federal Contract Tower,0,4,2,0,6,0,103,97,0,200,0,107,99,0,206,116,0,116,322
11/11/2007,GLS,TX,ASW,CE,Federal Contract Tower,0,1,9,0,10,0,62,146,2,210,0,63,155,2,220,240,0,240,460
11/12/2007,GLS,TX,ASW,CE,Federal Contract Tower,0,0,9,0,9,0,100,34,0,134,0,100,43,0,143,63,0,63,206
11/13/2007,GLS,TX,ASW,CE,Federal Contract Tower,0,2,7,6,15,0,125,30,0,155,0,127,37,6,170,28,0,28,198
11/14/2007,GLS,TX,ASW,CE,Federal Contract Tower,0,3,3,0,6,0,106,2,6,114,0,109,5,6,120,0,0,0,120
11/15/2007,GLS,TX,ASW,CE,Federal Contract Tower,0,3,5,0,8,0,113,17,0,130,0,116,22,0,138,12,4,16,154
11/16/2007,GLS,TX,ASW,CE,Federal Contract Tower,0,1,12,2,15,0,88,76,7,171,0,89,88,9,186,36,0,36,222
11/17/2007,GLS,TX,ASW,CE,Federal Contract Tower,0,0,9,0,9,0,118,55,2,175,0,118,64,2,184,122,0,122,306
11/18/2007,GLS,TX,ASW,CE,Federal Contract Tower,0,2,26,0,28,0,77,17,2,96,0,79,43,2,124,96,0,96,220
11/19/2007,GLS,TX,ASW,CE,Federal Contract Tower,0,10,14,1,25,0,0,0,0,0,0,10,14,1,25,0,0,0,25
11/20/2007,GLS,TX,ASW,CE,Federal Contract Tower,0,4,25,8,37,0,125,43,6,174,0,129,68,14,211,18,10,28,239
11/21/2007,GLS,TX,ASW,CE,Federal Contract Tower,0,3,5,1,9,0,112,35,10,157,0,115,40,11,166,8,0,8,174
11/22/2007,GLS,TX,ASW,CE,Federal Contract Tower,0,5,10,0,15,0,91,0,0,91,0,96,10,0,106,14,0,14,120
11/23/2007,GLS,TX,ASW,CE,Federal Contract Tower,0,8,22,0,30,0,89,37,6,132,0,97,59,6,162,2,2,4,166
11/24/2007,GLS,TX,ASW,CE,Federal Contract Tower,0,4,2,0,6,0,6,1,0,7,0,10,3,0,13,0,0,0,13
11/25/2007,GLS,TX,ASW,CE,Federal Contract Tower,0,10,36,0,46,0,6,0,2,8,0,16,36,2,54,8,0,8,62
11/26/2007,GLS,TX,ASW,CE,Federal Contract Tower,0,2,10,0,12,0,95,26,2,123,0,97,36,2,135,24,4,28,163
11/27/2007,GLS,TX,ASW,CE,Federal Contract Tower,0,5,14,3,22,0,110,49,6,165,0,115,63,9,187,10,2,12,199
11/28/2007,GLS,TX,ASW,CE,Federal Contract Tower,0,0,5,3,8,0,115,33,5,153,0,115,38,8,161,6,0,6,167
11/29/2007,GLS,TX,ASW,CE,Federal Contract Tower,0,36,12,8,56,0,116,26,0,142,0,152,38,8,198,8,2,10,208
11/30/2007,GLS,TX,ASW,CE,Federal Contract Tower,0,13,38,0,51,0,68,21,4,93,0,81,59,4,144,0,8,8,152
12/01/2007,GLS,TX,ASW,CE,Federal Contract Tower,0,4,36,0,40,0,73,16,4,93,0,77,52,4,133,40,16,56,189
12/02/2007,GLS,TX,ASW,CE,Federal Contract Tower,0,1,13,0,14,0,66,26,0,92,0,67,39,0,106,40,0,40,146
12/03/2007,GLS,TX,ASW,CE,Federal Contract Tower,0,0,11,2,13,0,80,34,4,118,0,80,45,6,131,50,16,66,197
12/04/2007,GLS,TX,ASW,CE,Federal Contract Tower,0,1,8,0,9,0,121,28,4,153,0,122,36,4,162,30,0,30,192
12/05/2007,GLS,TX,ASW,CE,Federal Contract Tower,0,1,9,1,11,0,107,86,1,194,0,108,95,2,205,32,0,32,237
12/06/2007,GLS,TX,ASW,CE,Federal Contract Tower,0,2,29,4,35,0,114,30,4,148,0,116,59,8,183,16,0,16,199
12/07/2007,GLS,TX,ASW,CE,Federal Contract Tower,0,5,8,3,16,0,72,30,4,106,0,77,38,7,122,10,0,10,132
12/08/2007,GLS,TX,ASW,CE,Federal Contract Tower,0,2,22,0,24,0,40,45,0,85,0,42,67,0,109,68,0,68,177
12/09/2007,GLS,TX,ASW,CE,Federal Contract Tower,0,6,11,0,17,0,34,5,0,39,0,40,16,0,56,22,0,22,78
12/10/2007,GLS,TX,ASW,CE,Federal Contract Tower,0,15,2,0,17,0,0,0,0,0,0,15,2,0,17,2,0,2,19
12/11/2007,GLS,TX,ASW,CE,Federal Contract Tower,0,3,23,5,31,0,102,6,8,116,0,105,29,13,147,34,0,34,181
12/12/2007,GLS,TX,ASW,CE,Federal Contract Tower,0,2,12,0,14,0,102,25,0,127,0,104,37,0,141,20,0,20,161
12/13/2007,GLS,TX,ASW,CE,Federal Contract Tower,0,56,0,2,58,0,24,8,6,38,0,80,8,8,96,4,0,4,100
12/14/2007,GLS,TX,ASW,CE,Federal Contract Tower,0,28,4,0,32,0,0,0,0,0,0,28,4,0,32,0,0,0,32
12/15/2007,GLS,TX,ASW,CE,Federal Contract Tower,0,3,4,0,7,0,47,15,0,62,0,50,19,0,69,40,0,40,109
12/16/2007,GLS,TX,ASW,CE,Federal Contract Tower,0,0,28,0,28,0,92,50,2,144,0,92,78,2,172,114,0,114,286
12/17/2007,GLS,TX,ASW,CE,Federal Contract Tower,0,0,9,0,9,0,115,46,8,169,0,115,55,8,178,76,0,76,254
12/18/2007,GLS,TX,ASW,CE,Federal Contract Tower,0,3,21,1,25,0,118,54,10,182,0,121,75,11,207,48,0,48,255
12/19/2007,GLS,TX,ASW,CE,Federal Contract Tower,0,6,11,2,19,0,124,30,2,156,0,130,41,4,175,6,0,6,181
12/20/2007,GLS,TX,ASW,CE,Federal Contract Tower,0,3,5,0,8,0,117,22,6,145,0,120,27,6,153,24,0,24,177
12/21/2007,GLS,TX,ASW,CE,Federal Contract Tower,0,0,2,3,5,0,88,78,9,175,0,88,80,12,180,18,0,18,198
12/22/2007,GLS,TX,ASW,CE,Federal Contract Tower,0,2,4,0,6,0,94,27,0,121,0,96,31,0,127,0,0,0,127
12/23/2007,GLS,TX,ASW,CE,Federal Contract Tower,0,0,15,0,15,0,53,60,0,113,0,53,75,0,128,66,0,66,194
12/24/2007,GLS,TX,ASW,CE,Federal Contract Tower,0,1,0,0,1,0,76,44,0,120,0,77,44,0,121,44,0,44,165
12/25/2007,GLS,TX,ASW,CE,Federal Contract Tower,0,1,0,0,1,0,54,20,0,74,0,55,20,0,75,6,0,6,81
12/26/2007,GLS,TX,ASW,CE,Federal Contract Tower,0,1,9,0,10,0,76,5,0,81,0,77,14,0,91,2,0,2,93
12/27/2007,GLS,TX,ASW,CE,Federal Contract Tower,0,2,8,0,10,0,94,18,0,112,0,96,26,0,122,6,0,6,128
12/28/2007,GLS,TX,ASW,CE,Federal Contract Tower,0,4,20,0,24,0,57,37,0,94,0,61,57,0,118,36,8,44,162
12/29/2007,GLS,TX,ASW,CE,Federal Contract Tower,0,0,2,0,2,0,75,42,0,117,0,75,44,0,119,44,0,44,163
12/30/2007,GLS,TX,ASW,CE,Federal Contract Tower,0,0,15,2,17,0,74,47,2,123,0,74,62,4,140,54,0,54,194
12/31/2007,GLS,TX,ASW,CE,Federal Contract Tower,0,1,6,0,7,0,77,44,2,123,0,78,50,2,130,36,0,36,166
01/01/2008,GLS,TX,ASW,CE,Federal Contract Tower,0,1,1,0,2,0,62,19,4,85,0,63,20,4,87,2,0,2,89
01/02/2008,GLS,TX,ASW,CE,Federal Contract Tower,0,0,2,0,2,0,75,20,0,95,0,75,22,0,97,18,0,18,115
01/03/2008,GLS,TX,ASW,CE,Federal Contract Tower,0,4,1,0,5,0,135,29,0,164,0,139,30,0,169,12,0,12,181
01/04/2008,GLS,TX,ASW,CE,Federal Contract Tower,0,0,16,0,16,0,96,15,2,113,0,96,31,2,129,8,0,8,137
01/05/2008,GLS,TX,ASW,CE,Federal Contract Tower,0,0,8,0,8,0,102,73,2,177,0,102,81,2,185,66,1,67,252
01/06/2008,GLS,TX,ASW,CE,Federal Contract Tower,0,12,14,0,26,0,71,36,0,107,0,83,50,0,133,76,0,76,209
01/07/2008,GLS,TX,ASW,CE,Federal Contract Tower,0,0,7,0,7,0,99,38,0,137,0,99,45,0,144,58,0,58,202
01/08/2008,GLS,TX,ASW,CE,Federal Contract Tower,0,15,6,0,21,0,37,2,0,39,0,52,8,0,60,0,0,0,60
01/09/2008,GLS,TX,ASW,CE,Federal Contract Tower,0,3,8,0,11,0,119,21,4,144,0,122,29,4,155,24,2,26,181
01/10/2008,GLS,TX,ASW,CE,Federal Contract Tower,0,11,9,4,24,0,42,8,4,54,0,53,17,8,78,12,0,12,90
01/11/2008,GLS,TX,ASW,CE,Federal Contract Tower,0,0,18,9,27,0,87,28,7,122,0,87,46,16,149,18,0,18,167
01/12/2008,GLS,TX,ASW,CE,Federal Contract Tower,0,4,13,0,17,0,109,81,0,190,0,113,94,0,207,104,0,104,311
01/13/2008,GLS,TX,ASW,CE,Federal Contract Tower,0,0,5,0,5,0,105,58,0,163,0,105,63,0,168,86,0,86,254
01/14/2008,GLS,TX,ASW,CE,Federal Contract Tower,0,5,15,0,20,0,81,38,6,125,0,86,53,6,145,80,0,80,225
01/15/2008,GLS,TX,ASW,CE,Federal Contract Tower,0,9,10,0,19,0,108,19,0,127,0,117,29,0,146,8,0,8,154
01/16/2008,GLS,TX,ASW,CE,Federal Contract Tower,0,10,5,0,15,0,52,10,0,62,0,62,15,0,77,0,0,0,77
01/17/2008,GLS,TX,ASW,CE,Federal Contract Tower,0,2,16,0,18,0,133,18,2,153,0,135,34,2,171,0,0,0,171
01/18/2008,GLS,TX,ASW,CE,Federal Contract Tower,0,6,10,1,17,0,100,11,3,114,0,106,21,4,131,0,0,0,131
01/19/2008,GLS,TX,ASW,CE,Federal Contract Tower,0,0,7,0,7,0,80,41,0,121,0,80,48,0,128,76,0,76,204
01/20/2008,GLS,TX,ASW,CE,Federal Contract Tower,0,4,11,0,15,0,91,39,2,132,0,95,50,2,147,92,0,92,239
01/21/2008,GLS,TX,ASW,CE,Federal Contract Tower,0,3,7,0,10,0,76,5,0,81,0,79,12,0,91,4,0,4,95
01/22/2008,GLS,TX,ASW,CE,Federal Contract Tower,0,9,4,0,13,0,70,2,4,76,0,79,6,4,89,18,0,18,107
01/23/2008,GLS,TX,ASW,CE,Federal Contract Tower,0,29,9,2,40,0,22,1,0,23,0,51,10,2,63,0,0,0,63
01/24/2008,GLS,TX,ASW,CE,Federal Contract Tower,0,9,0,0,9,0,105,2,0,107,0,114,2,0,116,2,0,2,118
01/25/2008,GLS,TX,ASW,CE,Federal Contract Tower,0,12,5,2,19,0,47,0,0,47,0,59,5,2,66,4,0,4,70
01/26/2008,GLS,TX,ASW,CE,Federal Contract Tower,0,23,7,0,30,0,84,27,2,113,0,107,34,2,143,64,0,64,207
01/27/2008,GLS,TX,ASW,CE,Federal Contract Tower,0,10,27,2,39,0,18,0,0,18,0,28,27,2,57,22,0,22,79
01/28/2008,GLS,TX,ASW,CE,Federal Contract Tower,0,3,10,2,15,0,100,32,2,134,0,103,42,4,149,96,8,104,253
01/29/2008,GLS,TX,ASW,CE,Federal Contract Tower,0,6,18,0,24,0,59,11,10,80,0,65,29,10,104,6,0,6,110
01/30/2008,GLS,TX,ASW,CE,Federal Contract Tower,0,2,4,0,6,0,108,32,2,142,0,110,36,2,148,2,0,2,150
01/31/2008,GLS,TX,ASW,CE,Federal Contract Tower,0,10,5,0,15,0,52,0,0,52,0,62,5,0,67,0,0,0,67
02/01/2008,GLS,TX,ASW,CE,Federal Contract Tower,0,4,4,4,12,0,105,47,13,165,0,109,51,17,177,54,0,54,231
02/02/2008,GLS,TX,ASW,CE,Federal Contract Tower,0,13,1,4,18,0,120,70,2,192,0,133,71,6,210,60,0,60,270
02/03/2008,GLS,TX,ASW,CE,Federal Contract Tower,0,10,15,2,27,0,37,16,0,53,0,47,31,2,80,30,0,30,110
02/04/2008,GLS,TX,ASW,CE,Federal Contract Tower,0,7,5,0,12,0,16,6,0,22,0,23,11,0,34,16,0,16,50
02/05/2008,GLS,TX,ASW,CE,Federal Contract Tower,0,17,9,2,28,0,0,0,0,0,0,17,9,2,28,4,0,4,32
02/06/2008,GLS,TX,ASW,CE,Federal Contract Tower,0,2,7,0,9,0,131,46,2,179,0,133,53,2,188,66,0,66,254
02/07/2008,GLS,TX,ASW,CE,Federal Contract Tower,0,2,6,0,8,0,117,47,0,164,0,119,53,0,172,84,12,96,268
02/08/2008,GLS,TX,ASW,CE,Federal Contract Tower,0,3,6,1,10,0,89,31,3,123,0,92,37,4,133,60,0,60,193
02/09/2008,GLS,TX,ASW,CE,Federal Contract Tower,0,0,19,0,19,0,85,57,0,142,0,85,76,0,161,68,0,68,229
02/10/2008,GLS,TX,ASW,CE,Federal Contract Tower,0,1,14,0,15,0,54,27,0,81,0,55,41,0,96,43,0,43,139
02/11/2008,GLS,TX,ASW,CE,Federal Contract Tower,0,3,4,6,13,0,79,22,2,103,0,82,26,8,116,38,0,38,154
02/12/2008,GLS,TX,ASW,CE,Federal Contract Tower,0,3,5,0,8,0,88,13,0,101,0,91,18,0,109,20,4,24,133
02/13/2008,GLS,TX,ASW,CE,Federal Contract Tower,0,0,10,0,10,0,94,34,0,128,0,94,44,0,138,76,0,76,214
02/14/2008,GLS,TX,ASW,CE,Federal Contract Tower,0,0,18,2,20,0,110,20,0,130,0,110,38,2,150,30,16,46,196
02/15/2008,GLS,TX,ASW,CE,Federal Contract Tower,0,0,31,2,33,0,61,11,2,74,0,61,42,4,107,12,0,12,119
02/16/2008,GLS,TX,ASW,CE,Federal Contract Tower,0,14,5,0,19,0,0,0,0,0,0,14,5,0,19,0,0,0,19
02/17/2008,GLS,TX,ASW,CE,Federal Contract Tower,0,1,6,0,7,0,76,73,0,149,0,77,79,0,156,112,4,116,272
02/18/2008,GLS,TX,ASW,CE,Federal Contract Tower,0,7,18,0,25,0,101,27,0,128,0,108,45,0,153,64,0,64,217
02/19/2008,GLS,TX,ASW,CE,Federal Contract Tower,0,9,19,4,32,0,115,24,0,139,0,124,43,4,171,24,0,24,195
02/20/2008,GLS,TX,ASW,CE,Federal Contract Tower,0,16,15,0,31,0,99,6,0,105,0,115,21,0,136,20,6,26,162
02/21/2008,GLS,TX,ASW,CE,Federal Contract Tower,0,10,0,0,10,0,2,0,0,2,0,12,0,0,12,0,0,0,12
02/22/2008,GLS,TX,ASW,CE,Federal Contract Tower,0,42,12,5,59,0,45,12,3,60,0,87,24,8,119,6,0,6,125
02/23/2008,GLS,TX,ASW,CE,Federal Contract Tower,0,4,18,1,23,0,75,48,9,132,0,79,66,10,155,80,0,80,235
02/24/2008,GLS,TX,ASW,CE,Federal Contract Tower,0,15,30,2,47,0,45,38,4,87,0,60,68,6,134,68,0,68,202
02/25/2008,GLS,TX,ASW,CE,Federal Contract Tower,0,7,5,0,12,0,22,4,0,26,0,29,9,0,38,6,0,6,44
02/26/2008,GLS,TX,ASW,CE,Federal Contract Tower,0,3,2,0,5,0,104,24,2,130,0,107,26,2,135,72,0,72,207
02/27/2008,GLS,TX,ASW,CE,Federal Contract Tower,0,3,3,2,8,0,122,52,4,178,0,125,55,6,186,70,0,70,256
02/28/2008,GLS,TX,ASW,CE,Federal Contract Tower,0,6,13,0,19,0,92,18,0,110,0,98,31,0,129,22,0,22,151
02/29/2008,GLS,TX,ASW,CE,Federal Contract Tower,0,0,12,0,12,0,90,48,2,140,0,90,60,2,152,9,2,11,163
03/01/2008,GLS,TX,ASW,CE,Federal Contract Tower,0,2,29,0,31,0,43,51,4,98,0,45,80,4,129,86,6,92,221
03/02/2008,GLS,TX,ASW,CE,Federal Contract Tower,0,0,21,0,21,0,64,28,2,94,0,64,49,2,115,54,0,54,169
03/03/2008,GLS,TX,ASW,CE,Federal Contract Tower,0,2,5,0,7,0,56,5,0,61,0,58,10,0,68,4,0,4,72
03/04/2008,GLS,TX,ASW,CE,Federal Contract Tower,0,0,5,1,6,0,118,18,3,139,0,118,23,4,145,26,0,26,171
03/05/2008,GLS,TX,ASW,CE,Federal Contract Tower,0,3,17,0,20,0,99,50,0,149,0,102,67,0,169,44,0,44,213
03/06/2008,GLS,TX,ASW,CE,Federal Contract Tower,0,3,6,0,9,0,107,16,2,125,0,110,22,2,134,10,0,10,144
03/07/2008,GLS,TX,ASW,CE,Federal Contract Tower,0,3,9,1,13,0,42,1,7,50,0,45,10,8,63,0,0,0,63
03/08/2008,GLS,TX,ASW,CE,Federal Contract Tower,0,0,18,0,18,0,107,110,0,217,0,107,128,0,235,104,0,104,339
03/09/2008,GLS,TX,ASW,CE,Federal Contract Tower,0,0,11,0,11,0,65,34,7,106,0,65,45,7,117,66,0,66,183
03/10/2008,GLS,TX,ASW,CE,Federal Contract Tower,0,1,2,0,3,0,58,6,0,64,0,59,8,0,67,16,0,16,83
03/11/2008,GLS,TX,ASW,CE,Federal Contract Tower,0,12,46,0,58,0,97,17,0,114,0,109,63,0,172,34,0,34,206
03/12/2008,GLS,TX,ASW,CE,Federal Contract Tower,0,5,4,2,11,0,80,57,0,137,0,85,61,2,148,30,6,36,184
03/13/2008,GLS,TX,ASW,CE,Federal Contract Tower,0,5,21,2,28,0,99,16,6,121,0,104,37,8,149,24,0,24,173
03/14/2008,GLS,TX,ASW,CE,Federal Contract Tower,0,17,20,4,41,0,3,2,0,5,0,20,22,4,46,14,0,14,60
03/15/2008,GLS,TX,ASW,CE,Federal Contract Tower,0,3,29,0,32,0,86,40,2,128,0,89,69,2,160,98,0,98,258
03/16/2008,GLS,TX,ASW,CE,Federal Contract Tower,0,3,17,0,20,0,66,24,2,92,0,69,41,2,112,60,2,62,174
03/17/2008,GLS,TX,ASW,CE,Federal Contract Tower,0,5,9,3,17,0,76,29,1,106,0,81,38,4,123,12,2,14,137
03/18/2008,GLS,TX,ASW,CE,Federal Contract Tower,0,35,2,0,37,0,0,0,0,0,0,35,2,0,37,4,0,4,41
03/19/2008,GLS,TX,ASW,CE,Federal Contract Tower,0,1,0,0,1,0,119,21,3,143,0,120,21,3,144,26,0,26,170
03/20/2008,GLS,TX,ASW,CE,Federal Contract Tower,0,4,18,0,22,0,111,48,0,159,0,115,66,0,181,34,0,34,215
03/21/2008,GLS,TX,ASW,CE,Federal Contract Tower,0,1,6,0,7,0,70,57,10,137,0,71,63,10,144,34,2,36,180
03/22/2008,GLS,TX,ASW,CE,Federal Contract Tower,0,1,13,0,14,0,77,69,2,148,0,78,82,2,162,64,0,64,226
03/23/2008,GLS,TX,ASW,CE,Federal Contract Tower,0,0,11,0,11,0,56,31,6,93,0,56,42,6,104,12,0,12,116
03/24/2008,GLS,TX,ASW,CE,Federal Contract Tower,0,0,6,4,10,0,88,27,4,119,0,88,33,8,129,32,0,32,161
03/25/2008,GLS,TX,ASW,CE,Federal Contract Tower,0,4,9,0,13,0,92,31,4,127,0,96,40,4,140,14,0,14,154
03/26/2008,GLS,TX,ASW,CE,Federal Contract Tower,0,2,8,0,10,0,78,17,5,100,0,80,25,5,110,22,2,24,134
03/27/2008,GLS,TX,ASW,CE,Federal Contract Tower,0,1,11,0,12,0,109,36,4,149,0,110,47,4,161,12,0,12,173
03/28/2008,GLS,TX,ASW,CE,Federal Contract Tower,0,11,17,3,31,0,102,13,3,118,0,113,30,6,149,10,0,10,159
03/29/2008,GLS,TX,ASW,CE,Federal Contract Tower,0,13,23,0,36,0,51,45,0,96,0,64,68,0,132,94,0,94,226
03/30/2008,GLS,TX,ASW,CE,Federal Contract Tower,0,27,30,0,57,0,26,16,0,42,0,53,46,0,99,102,0,102,201
03/31/2008,GLS,TX,ASW,CE,Federal Contract Tower,0,33,5,0,38,0,32,5,2,39,0,65,10,2,77,10,0,10,87
04/01/2008,GLS,TX,ASW,CE,Federal Contract Tower,0,6,18,0,24,0,89,16,0,105,0,95,34,0,129,20,0,20,149
04/02/2008,GLS,TX,ASW,CE,Federal Contract Tower,0,40,21,0,61,0,4,4,0,8,0,44,25,0,69,10,0,10,79
04/03/2008,GLS,TX,ASW,CE,Federal Contract Tower,0,10,13,0,23,0,107,23,2,132,0,117,36,2,155,6,0,6,161
04/04/2008,GLS,TX,ASW,CE,Federal Contract Tower,0,11,6,0,17,0,72,7,0,79,0,83,13,0,96,5,0,5,101
04/05/2008,GLS,TX,ASW,CE,Federal Contract Tower,0,6,24,0,30,0,67,52,8,127,0,73,76,8,157,92,0,92,249
04/06/2008,GLS,TX,ASW,CE,Federal Contract Tower,0,10,16,0,26,0,68,59,2,129,0,78,75,2,155,128,0,128,283
04/07/2008,GLS,TX,ASW,CE,Federal Contract Tower,0,9,4,0,13,0,75,15,6,96,0,84,19,6,109,42,0,42,151
04/08/2008,GLS,TX,ASW,CE,Federal Contract Tower,0,7,12,2,21,0,135,13,0,148,0,142,25,2,169,34,0,34,203
04/09/2008,GLS,TX,ASW,CE,Federal Contract Tower,0,30,7,0,37,0,60,5,0,65,0,90,12,0,102,12,0,12,114
04/10/2008,GLS,TX,ASW,CE,Federal Contract Tower,0,6,9,0,15,0,68,12,0,80,0,74,21,0,95,10,2,12,107
04/11/2008,GLS,TX,ASW,CE,Federal Contract Tower,0,19,20,2,41,0,83,36,4,123,0,102,56,6,164,12,4,16,180
04/12/2008,GLS,TX,ASW,CE,Federal Contract Tower,0,1,5,0,6,0,79,65,7,151,0,80,70,7,157,78,0,78,235
04/13/2008,GLS,TX,ASW,CE,Federal Contract Tower,0,3,6,0,9,0,59,64,6,129,0,62,70,6,138,124,4,128,266
04/14/2008,GLS,TX,ASW,CE,Federal Contract Tower,0,0,3,0,3,0,94,31,6,131,0,94,34,6,134,24,0,24,158
04/15/2008,GLS,TX,ASW,CE,Federal Contract Tower,0,2,22,0,24,0,88,24,4,116,0,90,46,4,140,16,0,16,156
04/16/2008,GLS,TX,ASW,CE,Federal Contract Tower,0,0,14,0,14,0,100,36,6,142,0,100,50,6,156,20,0,20,176
04/17/2008,GLS,TX,ASW,CE,Federal Contract Tower,0,3,4,2,9,0,112,16,2,130,0,115,20,4,139,4,0,4,143
04/18/2008,GLS,TX,ASW,CE,Federal Contract Tower,0,12,1,0,13,0,28,57,0,85,0,40,58,0,98,0,0,0,98
04/19/2008,GLS,TX,ASW,CE,Federal Contract Tower,0,0,7,0,7,0,70,54,0,124,0,70,61,0,131,96,0,96,227
04/20/2008,GLS,TX,ASW,CE,Federal Contract Tower,0,2,16,0,18,0,70,44,0,114,0,72,60,0,132,56,0,56,188
04/21/2008,GLS,TX,ASW,CE,Federal Contract Tower,0,12,19,0,31,0,55,12,0,67,0,67,31,0,98,18,0,18,116
04/22/2008,GLS,TX,ASW,CE,Federal Contract Tower,0,13,22,0,35,0,98,16,6,120,0,111,38,6,155,28,4,32,187
04/23/2008,GLS,TX,ASW,CE,Federal Contract Tower,0,7,8,0,15,0,85,61,4,150,0,92,69,4,165,34,0,34,199
04/24/2008,GLS,TX,ASW,CE,Federal Contract Tower,0,3,22,1,26,0,108,78,2,188,0,111,100,3,214,72,6,78,292
04/25/2008,GLS,TX,ASW,CE,Federal Contract Tower,0,1,9,0,10,0,91,80,30,201,0,92,89,30,211,106,56,162,373
04/26/2008,GLS,TX,ASW,CE,Federal Contract Tower,0,0,6,0,6,0,50,102,4,156,0,50,108,4,162,161,10,171,333
04/27/2008,GLS,TX,ASW,CE,Federal Contract Tower,0,0,9,0,9,0,50,13,6,69,0,50,22,6,78,34,20,54,132
04/28/2008,GLS,TX,ASW,CE,Federal Contract Tower,0,0,7,3,10,0,94,38,3,135,0,94,45,6,145,14,0,14,159
04/29/2008,GLS,TX,ASW,CE,Federal Contract Tower,0,3,2,0,5,0,92,39,1,132,0,95,41,1,137,46,0,46,183
04/30/2008,GLS,TX,ASW,CE,Federal Contract Tower,0,6,9,0,15,0,106,31,2,139,0,112,40,2,154,12,0,12,166
05/01/2008,GLS,TX,ASW,CE,Federal Contract Tower,0,2,9,0,11,0,108,21,0,129,0,110,30,0,140,6,0,6,146
05/02/2008,GLS,TX,ASW,CE,Federal Contract Tower,0,5,8,0,13,0,58,7,2,67,0,63,15,2,80,0,0,0,80
05/03/2008,GLS,TX,ASW,CE,Federal Contract Tower,0,3,13,0,16,0,64,35,0,99,0,67,48,0,115,26,0,26,141
05/04/2008,GLS,TX,ASW,CE,Federal Contract Tower,0,0,6,0,6,0,52,43,2,97,0,52,49,2,103,38,0,38,141
05/05/2008,GLS,TX,ASW,CE,Federal Contract Tower,0,6,9,0,15,0,67,3,4,74,0,73,12,4,89,2,0,2,91
05/06/2008,GLS,TX,ASW,CE,Federal Contract Tower,0,2,10,0,12,0,112,11,0,123,0,114,21,0,135,30,0,30,165
05/07/2008,GLS,TX,ASW,CE,Federal Contract Tower,0,2,5,0,7,0,128,28,0,156,0,130,33,0,163,8,2,10,173
05/08/2008,GLS,TX,ASW,CE,Federal Contract Tower,0,3,10,0,13,0,122,28,2,152,0,125,38,2,165,0,0,0,165
05/09/2008,GLS,TX,ASW,CE,Federal Contract Tower,0,4,14,2,20,0,113,24,2,139,0,117,38,4,159,2,0,2,161
05/10/2008,GLS,TX,ASW,CE,Federal Contract Tower,0,0,30,0,30,0,69,22,4,95,0,69,52,4,125,12,0,12,137
05/11/2008,GLS,TX,ASW,CE,Federal Contract Tower,0,0,8,0,8,0,64,40,0,104,0,64,48,0,112,36,0,36,148
05/12/2008,GLS,TX,ASW,CE,Federal Contract Tower,0,0,1,0,1,0,87,26,2,115,0,87,27,2,116,74,0,74,190
05/13/2008,GLS,TX,ASW,CE,Federal Contract Tower,0,36,17,2,55,0,69,3,0,72,0,105,20,2,127,10,0,10,137
05/14/2008,GLS,TX,ASW,CE,Federal Contract Tower,0,5,2,0,7,0,102,6,0,108,0,107,8,0,115,0,0,0,115
05/15/2008,GLS,TX,ASW,CE,Federal Contract Tower,0,4,7,2,13,0,109,20,0,129,0,113,27,2,142,8,6,14,156
05/16/2008,GLS,TX,ASW,CE,Federal Contract Tower,0,3,13,2,18,0,65,24,4,93,0,68,37,6,111,8,0,8,119
05/17/2008,GLS,TX,ASW,CE,Federal Contract Tower,0,4,11,1,16,0,63,54,6,123,0,67,65,7,139,42,0,42,181
05/18/2008,GLS,TX,ASW,CE,Federal Contract Tower,0,1,6,0,7,0,65,55,0,120,0,66,61,0,127,96,0,96,223
05/19/2008,GLS,TX,ASW,CE,Federal Contract Tower,0,1,13,2,16,0,88,36,8,132,0,89,49,10,148,66,8,74,222
05/20/2008,GLS,TX,ASW,CE,Federal Contract Tower,0,4,8,1,13,0,124,38,5,167,0,128,46,6,180,6,6,12,192
05/21/2008,GLS,TX,ASW,CE,Federal Contract Tower,0,2,5,0,7,0,116,34,2,152,0,118,39,2,159,36,0,36,195
05/22/2008,GLS,TX,ASW,CE,Federal Contract Tower,0,2,12,2,16,0,98,9,0,107,0,100,21,2,123,22,0,22,145
05/23/2008,GLS,TX,ASW,CE,Federal Contract Tower,0,1,27,2,30,0,88,28,2,118,0,89,55,4,148,20,6,26,174
05/24/2008,GLS,TX,ASW,CE,Federal Contract Tower,0,0,5,0,5,0,80,44,4,128,0,80,49,4,133,54,0,54,187
05/25/2008,GLS,TX,ASW,CE,Federal Contract Tower,0,5,7,0,12,0,53,28,0,81,0,58,35,0,93,56,0,56,149
05/26/2008,GLS,TX,ASW,CE,Federal Contract Tower,0,0,19,0,19,0,82,38,2,122,0,82,57,2,141,24,0,24,165
05/27/2008,GLS,TX,ASW,CE,Federal Contract Tower,0,2,5,1,8,0,78,17,1,96,0,80,22,2,104,0,0,0,104
05/28/2008,GLS,TX,ASW,CE,Federal Contract Tower,0,5,10,2,17,0,108,37,8,153,0,113,47,10,170,2,0,2,172
05/29/2008,GLS,TX,ASW,CE,Federal Contract Tower,0,3,8,0,11,0,133,27,4,164,0,136,35,4,175,2,2,4,179
05/30/2008,GLS,TX,ASW,CE,Federal Contract Tower,0,3,15,0,18,0,83,36,6,125,0,86,51,6,143,6,16,22,165
05/31/2008,GLS,TX,ASW,CE,Federal Contract Tower,0,1,7,0,8,0,89,60,2,151,0,90,67,2,159,78,0,78,237
06/01/2008,GLS,TX,ASW,CE,Federal Contract Tower,0,2,6,2,10,0,68,52,0,120,0,70,58,2,130,70,0,70,200
06/02/2008,GLS,TX,ASW,CE,Federal Contract Tower,0,1,1,1,3,0,87,37,4,128,0,88,38,5,131,50,0,50,181
06/03/2008,GLS,TX,ASW,CE,Federal Contract Tower,0,1,4,0,5,0,106,45,2,153,0,107,49,2,158,12,0,12,170
06/04/2008,GLS,TX,ASW,CE,Federal Contract Tower,0,2,1,2,5,0,118,39,0,157,0,120,40,2,162,20,0,20,182
06/05/2008,GLS,TX,ASW,CE,Federal Contract Tower,0,3,7,0,10,0,106,17,0,123,0,109,24,0,133,10,0,10,143
06/06/2008,GLS,TX,ASW,CE,Federal Contract Tower,0,16,1,0,17,0,81,48,2,131,0,97,49,2,148,0,0,0,148
06/07/2008,GLS,TX,ASW,CE,Federal Contract Tower,0,2,10,0,12,0,75,47,0,122,0,77,57,0,134,70,0,70,204
06/08/2008,GLS,TX,ASW,CE,Federal Contract Tower,0,4,7,0,11,0,64,37,3,104,0,68,44,3,115,80,0,80,195
06/09/2008,GLS,TX,ASW,CE,Federal Contract Tower,0,4,20,0,24,0,64,17,0,81,0,68,37,0,105,22,0,22,127
06/10/2008,GLS,TX,ASW,CE,Federal Contract Tower,0,7,17,2,26,0,117,10,4,131,0,124,27,6,157,4,0,4,161
06/11/2008,GLS,TX,ASW,CE,Federal Contract Tower,0,1,8,0,9,0,98,16,0,114,0,99,24,0,123,0,0,0,123
06/12/2008,GLS,TX,ASW,CE,Federal Contract Tower,0,4,18,0,22,0,94,14,4,112,0,98,32,4,134,20,0,20,154
06/13/2008,GLS,TX,ASW,CE,Federal Contract Tower,0,1,19,1,21,0,130,14,3,147,0,131,33,4,168,14,0,14,182
06/14/2008,GLS,TX,ASW,CE,Federal Contract Tower,0,11,13,0,24,0,74,73,8,155,0,85,86,8,179,103,2,105,284
06/15/2008,GLS,TX,ASW,CE,Federal Contract Tower,0,6,7,3,16,0,55,46,1,102,0,61,53,4,118,56,0,56,174
06/16/2008,GLS,TX,ASW,CE,Federal Contract Tower,0,9,26,0,35,0,76,27,0,103,0,85,53,0,138,14,0,14,152
06/17/2008,GLS,TX,ASW,CE,Federal Contract Tower,0,4,16,0,20,0,123,14,2,139,0,127,30,2,159,22,0,22,181
06/18/2008,GLS,TX,ASW,CE,Federal Contract Tower,0,2,9,1,12,0,112,35,7,154,0,114,44,8,166,22,2,24,190
06/19/2008,GLS,TX,ASW,CE,Federal Contract Tower,0,3,8,0,11,0,103,34,0,137,0,106,42,0,148,12,0,12,160
06/20/2008,GLS,TX,ASW,CE,Federal Contract Tower,0,2,16,0,18,0,93,31,0,124,0,95,47,0,142,0,0,0,142
06/21/2008,GLS,TX,ASW,CE,Federal Contract Tower,0,1,10,0,11,0,68,46,0,114,0,69,56,0,125,34,0,34,159
06/22/2008,GLS,TX,ASW,CE,Federal Contract Tower,0,5,15,0,20,0,63,47,2,112,0,68,62,2,132,40,0,40,172
06/23/2008,GLS,TX,ASW,CE,Federal Contract Tower,0,0,11,0,11,0,97,28,4,129,0,97,39,4,140,34,0,34,174
06/24/2008,GLS,TX,ASW,CE,Federal Contract Tower,0,0,9,0,9,0,83,12,0,95,0,83,21,0,104,4,0,4,108
06/25/2008,GLS,TX,ASW,CE,Federal Contract Tower,0,2,2,0,4,0,120,41,0,161,0,122,43,0,165,74,0,74,239
06/26/2008,GLS,TX,ASW,CE,Federal Contract Tower,0,2,2,0,4,0,98,39,0,137,0,100,41,0,141,8,0,8,149
06/27/2008,GLS,TX,ASW,CE,Federal Contract Tower,0,0,10,0,10,0,87,45,2,134,0,87,55,2,144,42,0,42,186
06/28/2008,GLS,TX,ASW,CE,Federal Contract Tower,0,0,4,0,4,0,79,56,0,135,0,79,60,0,139,42,4,46,185
06/29/2008,GLS,TX,ASW,CE,Federal Contract Tower,0,0,16,0,16,0,50,16,0,66,0,50,32,0,82,18,2,20,102
06/30/2008,GLS,TX,ASW,CE,Federal Contract Tower,0,10,24,0,34,0,66,8,0,74,0,76,32,0,108,28,0,28,136
07/01/2008,GLS,TX,ASW,CE,Federal Contract Tower,0,9,5,0,14,0,94,8,0,102,0,103,13,0,116,14,0,14,130
07/02/2008,GLS,TX,ASW,CE,Federal Contract Tower,0,2,2,2,6,0,111,46,0,157,0,113,48,2,163,60,0,60,223
07/03/2008,GLS,TX,ASW,CE,Federal Contract Tower,0,7,6,0,13,0,99,41,0,140,0,106,47,0,153,50,0,50,203
07/04/2008,GLS,TX,ASW,CE,Federal Contract Tower,0,2,10,0,12,0,78,26,0,104,0,80,36,0,116,34,0,34,150
07/05/2008,GLS,TX,ASW,CE,Federal Contract Tower,0,5,8,0,13,0,83,81,0,164,0,88,89,0,177,56,6,62,239
07/06/2008,GLS,TX,ASW,CE,Federal Contract Tower,0,0,9,0,9,0,57,39,0,96,0,57,48,0,105,24,0,24,129
07/07/2008,GLS,TX,ASW,CE,Federal Contract Tower,0,0,4,2,6,0,91,15,0,106,0,91,19,2,112,6,0,6,118
07/08/2008,GLS,TX,ASW,CE,Federal Contract Tower,0,5,17,3,25,0,82,15,1,98,0,87,32,4,123,26,0,26,149
07/09/2008,GLS,TX,ASW,CE,Federal Contract Tower,0,1,6,0,7,0,97,36,2,135,0,98,42,2,142,12,0,12,154
07/10/2008,GLS,TX,ASW,CE,Federal Contract Tower,0,3,10,0,13,0,93,32,0,125,0,96,42,0,138,44,0,44,182
07/11/2008,GLS,TX,ASW,CE,Federal Contract Tower,0,0,0,0,0,0,103,58,0,161,0,103,58,0,161,46,0,46,207
07/12/2008,GLS,TX,ASW,CE,Federal Contract Tower,0,0,0,0,0,0,91,85,6,182,0,91,85,6,182,42,8,50,232
07/13/2008,GLS,TX,ASW,CE,Federal Contract Tower,0,0,11,0,11,0,59,48,4,111,0,59,59,4,122,56,2,58,180
07/14/2008,GLS,TX,ASW,CE,Federal Contract Tower,0,1,17,0,18,0,86,22,0,108,0,87,39,0,126,12,0,12,138
07/15/2008,GLS,TX,ASW,CE,Federal Contract Tower,0,2,10,0,12,0,100,10,2,112,0,102,20,2,124,12,0,12,136
07/16/2008,GLS,TX,ASW,CE,Federal Contract Tower,0,1,21,0,22,0,99,27,0,126,0,100,48,0,148,2,0,2,150
07/17/2008,GLS,TX,ASW,CE,Federal Contract Tower,0,2,18,0,20,0,99,53,0,152,0,101,71,0,172,30,0,30,202
07/18/2008,GLS,TX,ASW,CE,Federal Contract Tower,0,2,14,1,17,0,64,51,1,116,0,66,65,2,133,12,0,12,145
07/19/2008,GLS,TX,ASW,CE,Federal Contract Tower,0,3,9,2,14,0,60,42,8,110,0,63,51,10,124,56,0,56,180
07/20/2008,GLS,TX,ASW,CE,Federal Contract Tower,0,9,11,0,20,0,46,42,0,88,0,55,53,0,108,44,0,44,152
07/21/2008,GLS,TX,ASW,CE,Federal Contract Tower,0,4,2,3,9,0,104,40,4,148,0,108,42,7,157,36,0,36,193
07/22/2008,GLS,TX,ASW,CE,Federal Contract Tower,0,3,3,0,6,0,49,6,0,55,0,52,9,0,61,8,0,8,69
07/23/2008,GLS,TX,ASW,CE,Federal Contract Tower,0,2,3,0,5,0,36,14,0,50,0,38,17,0,55,0,0,0,55
07/24/2008,GLS,TX,ASW,CE,Federal Contract Tower,0,0,0,0,0,0,101,24,0,125,0,101,24,0,125,6,0,6,131
07/25/2008,GLS,TX,ASW,CE,Federal Contract Tower,0,0,0,0,0,0,115,49,2,166,0,115,49,2,166,78,2,80,246
07/26/2008,GLS,TX,ASW,CE,Federal Contract Tower,0,0,0,0,0,0,87,83,4,174,0,87,83,4,174,13,2,15,189
07/27/2008,GLS,TX,ASW,CE,Federal Contract Tower,0,4,13,4,21,0,58,46,0,104,0,62,59,4,125,48,0,48,173
07/28/2008,GLS,TX,ASW,CE,Federal Contract Tower,0,2,16,0,18,0,76,22,2,100,0,78,38,2,118,12,0,12,130
07/29/2008,GLS,TX,ASW,CE,Federal Contract Tower,0,2,2,6,10,0,87,23,2,112,0,89,25,8,122,18,0,18,140
07/30/2008,GLS,TX,ASW,CE,Federal Contract Tower,0,1,12,2,15,0,110,45,0,155,0,111,57,2,170,56,0,56,226
07/31/2008,GLS,TX,ASW,CE,Federal Contract Tower,0,0,0,0,0,0,100,50,2,152,0,100,50,2,152,62,0,62,214
08/01/2008,GLS,TX,ASW,CE,Federal Contract Tower,0,0,0,0,0,0,83,51,6,140,0,83,51,6,140,56,0,56,196
08/02/2008,GLS,TX,ASW,CE,Federal Contract Tower,0,0,0,0,0,0,61,53,10,124,0,61,53,10,124,16,14,30,154
08/03/2008,GLS,TX,ASW,CE,Federal Contract Tower,0,0,9,11,20,0,47,38,0,85,0,47,47,11,105,44,6,50,155
08/04/2008,GLS,TX,ASW,CE,Federal Contract Tower,0,2,8,0,10,0,146,40,0,186,0,148,48,0,196,8,0,8,204
08/05/2008,GLS,TX,ASW,CE,Federal Contract Tower,0,0,0,0,0,0,4,0,0,4,0,4,0,0,4,0,0,0,4
08/06/2008,GLS,TX,ASW,CE,Federal Contract Tower,0,2,0,0,2,0,137,29,0,166,0,139,29,0,168,42,0,42,210
08/07/2008,GLS,TX,ASW,CE,Federal Contract Tower,0,0,2,0,2,0,99,37,4,140,0,99,39,4,142,0,10,10,152
08/08/2008,GLS,TX,ASW,CE,Federal Contract Tower,0,3,25,0,28,0,91,51,0,142,0,94,76,0,170,60,0,60,230
08/09/2008,GLS,TX,ASW,CE,Federal Contract Tower,0,0,9,0,9,0,76,61,2,139,0,76,70,2,148,24,0,24,172
08/10/2008,GLS,TX,ASW,CE,Federal Contract Tower,0,1,6,0,7,0,66,77,0,143,0,67,83,0,150,26,0,26,176
08/11/2008,GLS,TX,ASW,CE,Federal Contract Tower,0,2,11,12,25,0,73,13,0,86,0,75,24,12,111,6,0,6,117
08/12/2008,GLS,TX,ASW,CE,Federal Contract Tower,0,0,14,2,16,0,110,23,1,134,0,110,37,3,150,0,0,0,150
08/13/2008,GLS,TX,ASW,CE,Federal Contract Tower,0,4,6,0,10,0,54,2,0,56,0,58,8,0,66,8,0,8,74
08/14/2008,GLS,TX,ASW,CE,Federal Contract Tower,0,2,4,0,6,0,104,45,0,149,0,106,49,0,155,54,0,54,209
08/15/2008,GLS,TX,ASW,CE,Federal Contract Tower,0,1,18,6,25,0,82,37,0,119,0,83,55,6,144,50,0,50,194
08/16/2008,GLS,TX,ASW,CE,Federal Contract Tower,0,2,5,0,7,0,53,14,0,67,0,55,19,0,74,4,0,4,78
08/17/2008,GLS,TX,ASW,CE,Federal Contract Tower,0,0,4,0,4,0,70,33,0,103,0,70,37,0,107,26,0,26,133
08/18/2008,GLS,TX,ASW,CE,Federal Contract Tower,0,0,5,0,5,0,81,19,0,100,0,81,24,0,105,8,0,8,113
08/19/2008,GLS,TX,ASW,CE,Federal Contract Tower,0,3,7,0,10,0,44,2,0,46,0,47,9,0,56,0,0,0,56
08/20/2008,GLS,TX,ASW,CE,Federal Contract Tower,0,5,1,0,6,0,76,7,0,83,0,81,8,0,89,6,0,6,95
08/21/2008,GLS,TX,ASW,CE,Federal Contract Tower,0,4,15,2,21,0,80,17,0,97,0,84,32,2,118,10,0,10,128
08/22/2008,GLS,TX,ASW,CE,Federal Contract Tower,0,1,6,1,8,0,100,40,0,140,0,101,46,1,148,36,0,36,184
08/23/2008,GLS,TX,ASW,CE,Federal Contract Tower,0,0,10,0,10,0,81,75,0,156,0,81,85,0,166,54,0,54,220
08/24/2008,GLS,TX,ASW,CE,Federal Contract Tower,0,0,9,4,13,0,63,48,0,111,0,63,57,4,124,64,0,64,188
08/25/2008,GLS,TX,ASW,CE,Federal Contract Tower,0,0,3,4,7,0,93,17,0,110,0,93,20,4,117,0,0,0,117
08/26/2008,GLS,TX,ASW,CE,Federal Contract Tower,0,1,9,1,11,0,105,36,9,150,0,106,45,10,161,28,0,28,189
08/27/2008,GLS,TX,ASW,CE,Federal Contract Tower,0,7,8,0,15,0,86,36,4,126,0,93,44,4,141,58,4,62,203
08/28/2008,GLS,TX,ASW,CE,Federal Contract Tower,0,1,7,0,8,0,81,37,0,118,0,82,44,0,126,82,0,82,208
08/29/2008,GLS,TX,ASW,CE,Federal Contract Tower,0,2,7,2,11,0,102,46,2,150,0,104,53,4,161,72,0,72,233
08/30/2008,GLS,TX,ASW,CE,Federal Contract Tower,0,0,4,0,4,0,94,83,0,177,0,94,87,0,181,90,0,90,271
08/31/2008,GLS,TX,ASW,CE,Federal Contract Tower,0,6,5,0,11,0,138,40,0,178,0,144,45,0,189,50,0,50,239
09/01/2008,GLS,TX,ASW,CE,Federal Contract Tower,0,0,4,0,4,0,61,20,0,81,0,61,24,0,85,20,0,20,105
09/02/2008,GLS,TX,ASW,CE,Federal Contract Tower,0,3,1,2,6,0,97,4,0,101,0,100,5,2,107,10,0,10,117
09/03/2008,GLS,TX,ASW,CE,Federal Contract Tower,0,5,5,7,17,0,173,51,0,224,0,178,56,7,241,94,2,96,337
09/04/2008,GLS,TX,ASW,CE,Federal Contract Tower,0,4,3,0,7,0,103,27,0,130,0,107,30,0,137,8,0,8,145
09/05/2008,GLS,TX,ASW,CE,Federal Contract Tower,0,3,9,1,13,0,110,49,2,161,0,113,58,3,174,66,2,68,242
09/06/2008,GLS,TX,ASW,CE,Federal Contract Tower,0,0,11,0,11,0,87,46,0,133,0,87,57,0,144,68,0,68,212
09/07/2008,GLS,TX,ASW,CE,Federal Contract Tower,0,2,12,0,14,0,56,52,2,110,0,58,64,2,124,20,0,20,144
09/08/2008,GLS,TX,ASW,CE,Federal Contract Tower,0,5,6,8,19,0,109,28,0,137,0,114,34,8,156,6,0,6,162
09/09/2008,GLS,TX,ASW,CE,Federal Contract Tower,0,6,8,0,14,0,111,17,0,128,0,117,25,0,142,35,0,35,177
09/10/2008,GLS,TX,ASW,CE,Federal Contract Tower,0,5,3,0,8,0,94,50,0,144,0,99,53,0,152,18,0,18,170
09/11/2008,GLS,TX,ASW,CE,Federal Contract Tower,0,39,17,1,57,0,82,79,0,161,0,121,96,1,218,28,0,28,246
09/12/2008,GLS,TX,ASW,CE,Federal Contract Tower,0,0,0,0,0,0,0,4,0,4,0,0,4,0,4,0,0,0,4
09/13/2008,GLS,TX,ASW,CE,Federal Contract Tower,0,0,0,0,0,0,0,0,0,0,0,0,0,0,0,0,0,0,0
09/14/2008,GLS,TX,ASW,CE,Federal Contract Tower,0,0,0,0,0,0,0,0,0,0,0,0,0,0,0,0,0,0,0
09/15/2008,GLS,TX,ASW,CE,Federal Contract Tower,0,0,0,0,0,0,0,0,0,0,0,0,0,0,0,0,0,0,0
09/16/2008,GLS,TX,ASW,CE,Federal Contract Tower,0,0,0,0,0,0,0,0,0,0,0,0,0,0,0,0,0,0,0
09/17/2008,GLS,TX,ASW,CE,Federal Contract Tower,0,0,0,0,0,0,0,0,0,0,0,0,0,0,0,0,0,0,0
09/18/2008,GLS,TX,ASW,CE,Federal Contract Tower,0,0,0,0,0,0,0,0,0,0,0,0,0,0,0,0,0,0,0
09/19/2008,GLS,TX,ASW,CE,Federal Contract Tower,0,0,0,0,0,0,0,0,0,0,0,0,0,0,0,0,0,0,0
09/20/2008,GLS,TX,ASW,CE,Federal Contract Tower,0,0,0,0,0,0,0,0,0,0,0,0,0,0,0,0,0,0,0
09/21/2008,GLS,TX,ASW,CE,Federal Contract Tower,0,0,0,0,0,0,7,58,63,128,0,7,58,63,128,36,30,66,194
09/22/2008,GLS,TX,ASW,CE,Federal Contract Tower,0,0,2,0,2,0,21,66,47,134,0,21,68,47,136,0,6,6,142
09/23/2008,GLS,TX,ASW,CE,Federal Contract Tower,0,0,1,0,1,0,28,35,13,76,0,28,36,13,77,0,0,0,77
09/24/2008,GLS,TX,ASW,CE,Federal Contract Tower,0,0,3,0,3,0,49,67,5,121,0,49,70,5,124,114,0,114,238
09/25/2008,GLS,TX,ASW,CE,Federal Contract Tower,0,0,0,0,0,0,39,45,6,90,0,39,45,6,90,112,8,120,210
09/26/2008,GLS,TX,ASW,CE,Federal Contract Tower,0,0,4,0,4,0,25,45,4,74,0,25,49,4,78,68,0,68,146
09/27/2008,GLS,TX,ASW,CE,Federal Contract Tower,0,0,4,0,4,0,26,47,2,75,0,26,51,2,79,32,4,36,115
09/28/2008,GLS,TX,ASW,CE,Federal Contract Tower,0,0,2,0,2,0,5,27,0,32,0,5,29,0,34,2,0,2,36
09/29/2008,GLS,TX,ASW,CE,Federal Contract Tower,0,0,1,0,1,0,16,15,0,31,0,16,16,0,32,4,0,4,36
09/30/2008,GLS,TX,ASW,CE,Federal Contract Tower,0,0,0,0,0,0,16,14,2,32,0,16,14,2,32,4,0,4,36
10/01/2008,GLS,TX,ASW,CE,Federal Contract Tower,0,0,3,0,3,0,27,43,0,70,0,27,46,0,73,12,0,12,85
10/02/2008,GLS,TX,ASW,CE,Federal Contract Tower,0,0,1,0,1,0,48,33,10,91,0,48,34,10,92,0,0,0,92
10/03/2008,GLS,TX,ASW,CE,Federal Contract Tower,0,0,0,0,0,0,19,13,4,36,0,19,13,4,36,0,2,2,38
10/04/2008,GLS,TX,ASW,CE,Federal Contract Tower,0,0,0,0,0,0,27,43,5,75,0,27,43,5,75,26,0,26,101
10/05/2008,GLS,TX,ASW,CE,Federal Contract Tower,0,0,1,0,1,0,8,33,0,41,0,8,34,0,42,4,0,4,46
10/06/2008,GLS,TX,ASW,CE,Federal Contract Tower,0,0,5,0,5,0,12,12,1,25,0,12,17,1,30,8,0,8,38
10/07/2008,GLS,TX,ASW,CE,Federal Contract Tower,0,0,2,0,2,0,16,5,0,21,0,16,7,0,23,4,2,6,29
10/08/2008,GLS,TX,ASW,CE,Federal Contract Tower,0,0,2,0,2,0,30,33,5,68,0,30,35,5,70,0,0,0,70
10/09/2008,GLS,TX,ASW,CE,Federal Contract Tower,0,0,1,0,1,0,28,23,2,53,0,28,24,2,54,22,0,22,76
10/10/2008,GLS,TX,ASW,CE,Federal Contract Tower,0,0,0,0,0,0,9,33,0,42,0,9,33,0,42,20,4,24,66
10/11/2008,GLS,TX,ASW,CE,Federal Contract Tower,0,0,0,0,0,0,16,58,0,74,0,16,58,0,74,0,0,0,74
10/12/2008,GLS,TX,ASW,CE,Federal Contract Tower,0,0,5,0,5,0,12,23,0,35,0,12,28,0,40,12,0,12,52
10/13/2008,GLS,TX,ASW,CE,Federal Contract Tower,0,0,0,0,0,0,8,3,2,13,0,8,3,2,13,0,0,0,13
10/14/2008,GLS,TX,ASW,CE,Federal Contract Tower,0,2,8,0,10,0,30,7,2,39,0,32,15,2,49,2,0,2,51
10/15/2008,GLS,TX,ASW,CE,Federal Contract Tower,0,0,3,0,3,0,30,28,0,58,0,30,31,0,61,22,0,22,83
10/16/2008,GLS,TX,ASW,CE,Federal Contract Tower,0,2,7,2,11,0,16,16,0,32,0,18,23,2,43,0,0,0,43
10/17/2008,GLS,TX,ASW,CE,Federal Contract Tower,0,10,5,0,15,0,6,0,0,6,0,16,5,0,21,0,0,0,21
10/18/2008,GLS,TX,ASW,CE,Federal Contract Tower,0,0,1,0,1,0,20,20,0,40,0,20,21,0,41,32,32,64,105
10/19/2008,GLS,TX,ASW,CE,Federal Contract Tower,0,0,4,0,4,0,12,44,2,58,0,12,48,2,62,18,0,18,80
10/20/2008,GLS,TX,ASW,CE,Federal Contract Tower,0,0,1,0,1,0,22,16,2,40,0,22,17,2,41,0,0,0,41
10/21/2008,GLS,TX,ASW,CE,Federal Contract Tower,0,0,3,0,3,0,18,23,0,41,0,18,26,0,44,18,0,18,62
10/22/2008,GLS,TX,ASW,CE,Federal Contract Tower,0,0,0,0,0,0,42,17,0,59,0,42,17,0,59,28,2,30,89
10/23/2008,GLS,TX,ASW,CE,Federal Contract Tower,0,0,0,0,0,0,11,25,0,36,0,11,25,0,36,12,0,12,48
10/24/2008,GLS,TX,ASW,CE,Federal Contract Tower,0,0,0,0,0,0,30,39,2,71,0,30,39,2,71,42,14,56,127
10/25/2008,GLS,TX,ASW,CE,Federal Contract Tower,0,0,1,0,1,0,16,18,1,35,0,16,19,1,36,10,0,10,46
10/26/2008,GLS,TX,ASW,CE,Federal Contract Tower,0,1,0,0,1,0,19,24,0,43,0,20,24,0,44,6,0,6,50
10/27/2008,GLS,TX,ASW,CE,Federal Contract Tower,0,0,0,0,0,0,14,4,2,20,0,14,4,2,20,0,0,0,20
10/28/2008,GLS,TX,ASW,CE,Federal Contract Tower,0,0,1,0,1,0,31,23,2,56,0,31,24,2,57,10,0,10,67
10/29/2008,GLS,TX,ASW,CE,Federal Contract Tower,0,0,3,0,3,0,30,29,0,59,0,30,32,0,62,20,0,20,82
10/30/2008,GLS,TX,ASW,CE,Federal Contract Tower,0,0,0,0,0,0,25,20,0,45,0,25,20,0,45,10,0,10,55
10/31/2008,GLS,TX,ASW,CE,Federal Contract Tower,0,0,1,0,1,0,35,26,0,61,0,35,27,0,62,44,0,44,106
11/01/2008,GLS,TX,ASW,CE,Federal Contract Tower,0,0,1,0,1,0,9,27,4,40,0,9,28,4,41,2,0,2,43
11/02/2008,GLS,TX,ASW,CE,Federal Contract Tower,0,2,0,0,2,0,31,38,6,75,0,33,38,6,77,20,0,20,97
11/03/2008,GLS,TX,ASW,CE,Federal Contract Tower,0,0,1,0,1,0,27,16,3,46,0,27,17,3,47,0,0,0,47
11/04/2008,GLS,TX,ASW,CE,Federal Contract Tower,0,0,1,0,1,0,22,10,0,32,0,22,11,0,33,2,0,2,35
11/05/2008,GLS,TX,ASW,CE,Federal Contract Tower,0,0,3,0,3,0,23,6,0,29,0,23,9,0,32,14,0,14,46
11/06/2008,GLS,TX,ASW,CE,Federal Contract Tower,0,0,2,2,4,0,32,18,2,52,0,32,20,4,56,6,0,6,62
11/07/2008,GLS,TX,ASW,CE,Federal Contract Tower,0,4,0,0,4,0,29,19,2,50,0,33,19,2,54,14,2,16,70
11/08/2008,GLS,TX,ASW,CE,Federal Contract Tower,0,3,0,0,3,0,24,20,0,44,0,27,20,0,47,18,0,18,65
11/09/2008,GLS,TX,ASW,CE,Federal Contract Tower,0,23,35,0,58,0,0,0,0,0,0,23,35,0,58,4,0,4,62
11/10/2008,GLS,TX,ASW,CE,Federal Contract Tower,0,0,3,0,3,0,20,2,0,22,0,20,5,0,25,0,0,0,25
11/11/2008,GLS,TX,ASW,CE,Federal Contract Tower,0,1,2,0,3,0,20,2,0,22,0,21,4,0,25,0,0,0,25
11/12/2008,GLS,TX,ASW,CE,Federal Contract Tower,0,4,1,0,5,0,11,0,0,11,0,15,1,0,16,0,0,0,16
11/13/2008,GLS,TX,ASW,CE,Federal Contract Tower,0,8,10,2,20,0,17,2,1,20,0,25,12,3,40,0,0,0,40
11/14/2008,GLS,TX,ASW,CE,Federal Contract Tower,0,4,2,0,6,0,33,20,0,53,0,37,22,0,59,4,0,4,63
11/15/2008,GLS,TX,ASW,CE,Federal Contract Tower,0,0,1,0,1,0,12,7,0,19,0,12,8,0,20,6,0,6,26
11/16/2008,GLS,TX,ASW,CE,Federal Contract Tower,0,0,0,0,0,0,28,30,0,58,0,28,30,0,58,6,0,6,64
11/17/2008,GLS,TX,ASW,CE,Federal Contract Tower,0,0,5,0,5,0,20,12,4,36,0,20,17,4,41,18,0,18,59
11/18/2008,GLS,TX,ASW,CE,Federal Contract Tower,0,2,0,0,2,0,33,8,0,41,0,35,8,0,43,6,0,6,49
11/19/2008,GLS,TX,ASW,CE,Federal Contract Tower,0,0,0,0,0,0,44,13,0,57,0,44,13,0,57,10,0,10,67
11/20/2008,GLS,TX,ASW,CE,Federal Contract Tower,0,0,4,0,4,0,37,22,0,59,0,37,26,0,63,30,0,30,93
11/21/2008,GLS,TX,ASW,CE,Federal Contract Tower,0,0,3,0,3,0,31,15,0,46,0,31,18,0,49,16,0,16,65
11/22/2008,GLS,TX,ASW,CE,Federal Contract Tower,0,0,0,0,0,0,25,25,0,50,0,25,25,0,50,10,0,10,60
11/23/2008,GLS,TX,ASW,CE,Federal Contract Tower,0,0,8,0,8,0,30,19,0,49,0,30,27,0,57,20,0,20,77
11/24/2008,GLS,TX,ASW,CE,Federal Contract Tower,0,0,1,0,1,0,28,5,0,33,0,28,6,0,34,2,0,2,36
11/25/2008,GLS,TX,ASW,CE,Federal Contract Tower,0,2,4,0,6,0,28,26,0,54,0,30,30,0,60,14,0,14,74
11/26/2008,GLS,TX,ASW,CE,Federal Contract Tower,0,0,4,0,4,0,45,8,0,53,0,45,12,0,57,6,0,6,63
11/27/2008,GLS,TX,ASW,CE,Federal Contract Tower,0,1,1,0,2,0,13,5,0,18,0,14,6,0,20,4,0,4,24
11/28/2008,GLS,TX,ASW,CE,Federal Contract Tower,0,0,4,0,4,0,18,4,0,22,0,18,8,0,26,0,0,0,26
11/29/2008,GLS,TX,ASW,CE,Federal Contract Tower,0,10,1,0,11,0,7,4,0,11,0,17,5,0,22,0,0,0,22
11/30/2008,GLS,TX,ASW,CE,Federal Contract Tower,0,0,3,0,3,0,24,31,0,55,0,24,34,0,58,10,0,10,68
12/01/2008,GLS,TX,ASW,CE,Federal Contract Tower,0,0,9,0,9,0,20,3,4,27,0,20,12,4,36,4,0,4,40
12/02/2008,GLS,TX,ASW,CE,Federal Contract Tower,0,0,5,0,5,0,25,12,0,37,0,25,17,0,42,28,0,28,70
12/03/2008,GLS,TX,ASW,CE,Federal Contract Tower,0,2,3,0,5,43,19,0,0,62,43,21,3,0,67,0,0,0,67
12/04/2008,GLS,TX,ASW,CE,Federal Contract Tower,0,0,10,0,10,0,50,21,0,71,0,50,31,0,81,14,0,14,95
12/05/2008,GLS,TX,ASW,CE,Federal Contract Tower,0,0,4,0,4,0,33,10,0,43,0,33,14,0,47,8,0,8,55
12/06/2008,GLS,TX,ASW,CE,Federal Contract Tower,0,0,5,0,5,0,30,41,2,73,0,30,46,2,78,44,4,48,126
12/07/2008,GLS,TX,ASW,CE,Federal Contract Tower,0,0,3,1,4,0,27,29,0,56,0,27,32,1,60,22,0,22,82
12/08/2008,GLS,TX,ASW,CE,Federal Contract Tower,0,0,2,1,3,0,23,2,2,27,0,23,4,3,30,0,0,0,30
12/09/2008,GLS,TX,ASW,CE,Federal Contract Tower,0,3,0,0,3,0,23,0,0,23,0,26,0,0,26,2,0,2,28
12/10/2008,GLS,TX,ASW,CE,Federal Contract Tower,0,0,0,0,0,0,16,0,0,16,0,16,0,0,16,8,0,8,24
12/11/2008,GLS,TX,ASW,CE,Federal Contract Tower,0,0,0,0,0,0,46,17,0,63,0,46,17,0,63,36,0,36,99
12/12/2008,GLS,TX,ASW,CE,Federal Contract Tower,0,0,1,2,3,0,48,37,0,85,0,48,38,2,88,44,2,46,134
12/13/2008,GLS,TX,ASW,CE,Federal Contract Tower,0,0,3,0,3,0,40,70,3,113,0,40,73,3,116,34,0,34,150
12/14/2008,GLS,TX,ASW,CE,Federal Contract Tower,0,0,10,2,12,0,28,18,2,48,0,28,28,4,60,12,6,18,78
12/15/2008,GLS,TX,ASW,CE,Federal Contract Tower,0,2,4,0,6,0,8,1,0,9,0,10,5,0,15,0,0,0,15
12/16/2008,GLS,TX,ASW,CE,Federal Contract Tower,0,2,4,0,6,0,0,0,0,0,0,2,4,0,6,0,0,0,6
12/17/2008,GLS,TX,ASW,CE,Federal Contract Tower,0,2,2,0,4,0,0,0,0,0,0,2,2,0,4,0,0,0,4
12/18/2008,GLS,TX,ASW,CE,Federal Contract Tower,0,1,4,0,5,0,0,0,0,0,0,1,4,0,5,0,0,0,5
12/19/2008,GLS,TX,ASW,CE,Federal Contract Tower,0,0,6,0,6,0,8,0,0,8,0,8,6,0,14,2,2,4,18
12/20/2008,GLS,TX,ASW,CE,Federal Contract Tower,0,0,5,0,5,0,13,6,0,19,0,13,11,0,24,2,0,2,26
12/21/2008,GLS,TX,ASW,CE,Federal Contract Tower,0,0,1,0,1,0,3,7,0,10,0,3,8,0,11,6,0,6,17
12/22/2008,GLS,TX,ASW,CE,Federal Contract Tower,0,0,6,0,6,0,10,12,0,22,0,10,18,0,28,0,0,0,28
12/23/2008,GLS,TX,ASW,CE,Federal Contract Tower,0,2,0,0,2,0,27,4,0,31,0,29,4,0,33,10,0,10,43
12/24/2008,GLS,TX,ASW,CE,Federal Contract Tower,0,2,3,0,5,0,16,2,0,18,0,18,5,0,23,0,0,0,23
12/25/2008,GLS,TX,ASW,CE,Federal Contract Tower,0,0,0,0,0,0,0,0,0,0,0,0,0,0,0,0,0,0,0
12/26/2008,GLS,TX,ASW,CE,Federal Contract Tower,0,1,0,0,1,0,26,12,0,38,0,27,12,0,39,8,0,8,47
12/27/2008,GLS,TX,ASW,CE,Federal Contract Tower,0,3,9,0,12,0,12,4,0,16,0,15,13,0,28,10,0,10,38
12/28/2008,GLS,TX,ASW,CE,Federal Contract Tower,0,2,3,0,5,0,19,9,0,28,0,21,12,0,33,2,0,2,35
12/29/2008,GLS,TX,ASW,CE,Federal Contract Tower,0,1,3,0,4,0,30,28,0,58,0,31,31,0,62,24,0,24,86
12/30/2008,GLS,TX,ASW,CE,Federal Contract Tower,0,0,0,0,0,0,36,35,0,71,0,36,35,0,71,16,0,16,87
12/31/2008,GLS,TX,ASW,CE,Federal Contract Tower,0,0,3,2,5,0,34,26,2,62,0,34,29,4,67,26,0,26,93
01/01/2009,GLS,TX,ASW,CE,Federal Contract Tower,0,0,3,0,3,0,52,18,0,70,0,52,21,0,73,26,0,26,99
01/02/2009,GLS,TX,ASW,CE,Federal Contract Tower,0,2,0,0,2,0,15,13,2,30,0,17,13,2,32,18,0,18,50
01/03/2009,GLS,TX,ASW,CE,Federal Contract Tower,0,0,0,0,0,0,27,11,0,38,0,27,11,0,38,30,0,30,68
01/04/2009,GLS,TX,ASW,CE,Federal Contract Tower,0,3,6,0,9,0,4,5,0,9,0,7,11,0,18,0,0,0,18
01/05/2009,GLS,TX,ASW,CE,Federal Contract Tower,0,8,4,0,12,0,4,0,0,4,0,12,4,0,16,0,0,0,16
01/06/2009,GLS,TX,ASW,CE,Federal Contract Tower,0,9,2,2,13,0,9,2,0,11,0,18,4,2,24,2,0,2,26
01/07/2009,GLS,TX,ASW,CE,Federal Contract Tower,0,0,19,0,19,0,69,24,2,95,0,69,43,2,114,22,0,22,136
01/08/2009,GLS,TX,ASW,CE,Federal Contract Tower,0,0,5,2,7,0,62,22,0,84,0,62,27,2,91,30,0,30,121
01/09/2009,GLS,TX,ASW,CE,Federal Contract Tower,0,1,2,1,4,0,50,20,0,70,0,51,22,1,74,14,0,14,88
01/10/2009,GLS,TX,ASW,CE,Federal Contract Tower,0,4,5,0,9,0,9,2,0,11,0,13,7,0,20,0,0,0,20
01/11/2009,GLS,TX,ASW,CE,Federal Contract Tower,0,0,10,0,10,0,33,31,0,64,0,33,41,0,74,12,14,26,100
01/12/2009,GLS,TX,ASW,CE,Federal Contract Tower,0,0,0,0,0,0,28,15,0,43,0,28,15,0,43,16,0,16,59
01/13/2009,GLS,TX,ASW,CE,Federal Contract Tower,0,0,4,0,4,0,48,20,5,73,0,48,24,5,77,0,0,0,77
01/14/2009,GLS,TX,ASW,CE,Federal Contract Tower,0,4,0,0,4,0,60,21,0,81,0,64,21,0,85,10,0,10,95
01/15/2009,GLS,TX,ASW,CE,Federal Contract Tower,0,0,1,0,1,0,71,28,1,100,0,71,29,1,101,36,0,36,137
01/16/2009,GLS,TX,ASW,CE,Federal Contract Tower,0,0,2,0,2,0,42,20,0,62,0,42,22,0,64,6,0,6,70
01/17/2009,GLS,TX,ASW,CE,Federal Contract Tower,0,0,1,0,1,0,46,34,0,80,0,46,35,0,81,44,0,44,125
01/18/2009,GLS,TX,ASW,CE,Federal Contract Tower,0,0,1,1,2,0,24,36,0,60,0,24,37,1,62,20,0,20,82
01/19/2009,GLS,TX,ASW,CE,Federal Contract Tower,0,0,0,0,0,0,34,10,0,44,0,34,10,0,44,4,0,4,48
01/20/2009,GLS,TX,ASW,CE,Federal Contract Tower,0,0,0,0,0,0,42,5,0,47,0,42,5,0,47,20,0,20,67
01/21/2009,GLS,TX,ASW,CE,Federal Contract Tower,0,4,3,0,7,0,50,34,0,84,0,54,37,0,91,44,0,44,135
01/22/2009,GLS,TX,ASW,CE,Federal Contract Tower,0,0,1,0,1,0,76,29,0,105,0,76,30,0,106,30,0,30,136
01/23/2009,GLS,TX,ASW,CE,Federal Contract Tower,0,1,4,0,5,0,48,24,0,72,0,49,28,0,77,18,0,18,95
01/24/2009,GLS,TX,ASW,CE,Federal Contract Tower,0,1,13,0,14,0,42,10,0,52,0,43,23,0,66,42,0,42,108
01/25/2009,GLS,TX,ASW,CE,Federal Contract Tower,0,14,12,0,26,0,12,0,0,12,0,26,12,0,38,24,0,24,62
01/26/2009,GLS,TX,ASW,CE,Federal Contract Tower,0,6,5,2,13,0,28,4,0,32,0,34,9,2,45,0,0,0,45
01/27/2009,GLS,TX,ASW,CE,Federal Contract Tower,0,1,5,0,6,0,40,7,0,47,0,41,12,0,53,2,0,2,55
01/28/2009,GLS,TX,ASW,CE,Federal Contract Tower,0,4,0,0,4,0,44,16,0,60,0,48,16,0,64,40,0,40,104
01/29/2009,GLS,TX,ASW,CE,Federal Contract Tower,0,0,9,0,9,0,51,29,1,81,0,51,38,1,90,73,0,73,163
01/30/2009,GLS,TX,ASW,CE,Federal Contract Tower,0,0,10,1,11,0,48,46,0,94,0,48,56,1,105,64,0,64,169
01/31/2009,GLS,TX,ASW,CE,Federal Contract Tower,0,0,2,0,2,0,28,56,0,84,0,28,58,0,86,66,0,66,152
02/01/2009,GLS,TX,ASW,CE,Federal Contract Tower,0,1,4,1,6,0,33,10,4,47,0,34,14,5,53,4,0,4,57
02/02/2009,GLS,TX,ASW,CE,Federal Contract Tower,0,2,2,5,9,0,26,13,3,42,0,28,15,8,51,18,0,18,69
02/03/2009,GLS,TX,ASW,CE,Federal Contract Tower,0,0,3,2,5,0,58,27,2,87,0,58,30,4,92,32,2,34,126
02/04/2009,GLS,TX,ASW,CE,Federal Contract Tower,0,0,5,0,5,0,55,29,0,84,0,55,34,0,89,30,0,30,119
02/05/2009,GLS,TX,ASW,CE,Federal Contract Tower,0,0,1,1,2,0,56,28,0,84,0,56,29,1,86,84,0,84,170
02/06/2009,GLS,TX,ASW,CE,Federal Contract Tower,0,0,3,5,8,0,38,26,0,64,0,38,29,5,72,60,0,60,132
02/07/2009,GLS,TX,ASW,CE,Federal Contract Tower,0,0,3,0,3,0,28,20,0,48,0,28,23,0,51,20,0,20,71
02/08/2009,GLS,TX,ASW,CE,Federal Contract Tower,0,2,0,0,2,0,29,20,0,49,0,31,20,0,51,12,0,12,63
02/09/2009,GLS,TX,ASW,CE,Federal Contract Tower,0,0,0,0,0,0,35,6,0,41,0,35,6,0,41,24,0,24,65
02/10/2009,GLS,TX,ASW,CE,Federal Contract Tower,0,0,2,0,2,0,40,6,0,46,0,40,8,0,48,4,0,4,52
02/11/2009,GLS,TX,ASW,CE,Federal Contract Tower,0,2,3,0,5,0,38,18,2,58,0,40,21,2,63,14,2,16,79
02/12/2009,GLS,TX,ASW,CE,Federal Contract Tower,0,0,2,3,5,0,51,23,0,74,0,51,25,3,79,40,0,40,119
02/13/2009,GLS,TX,ASW,CE,Federal Contract Tower,0,0,2,0,2,0,11,7,0,18,0,11,9,0,20,0,0,0,20
02/14/2009,GLS,TX,ASW,CE,Federal Contract Tower,0,7,12,0,19,0,3,1,0,4,0,10,13,0,23,0,0,0,23
02/15/2009,GLS,TX,ASW,CE,Federal Contract Tower,0,5,11,0,16,0,7,17,0,24,0,12,28,0,40,16,0,16,56
02/16/2009,GLS,TX,ASW,CE,Federal Contract Tower,0,0,9,0,9,0,36,7,0,43,0,36,16,0,52,0,0,0,52
02/17/2009,GLS,TX,ASW,CE,Federal Contract Tower,0,3,3,0,6,0,39,5,0,44,0,42,8,0,50,0,0,0,50
02/18/2009,GLS,TX,ASW,CE,Federal Contract Tower,0,10,10,0,20,0,3,0,0,3,0,13,10,0,23,0,0,0,23
02/19/2009,GLS,TX,ASW,CE,Federal Contract Tower,0,1,5,0,6,0,64,21,0,85,0,65,26,0,91,32,0,32,123
02/20/2009,GLS,TX,ASW,CE,Federal Contract Tower,0,0,4,0,4,0,61,36,0,97,0,61,40,0,101,46,0,46,147
02/21/2009,GLS,TX,ASW,CE,Federal Contract Tower,0,2,6,0,8,0,34,23,0,57,0,36,29,0,65,14,0,14,79
02/22/2009,GLS,TX,ASW,CE,Federal Contract Tower,0,0,5,0,5,0,45,59,0,104,0,45,64,0,109,30,0,30,139
02/23/2009,GLS,TX,ASW,CE,Federal Contract Tower,0,0,3,4,7,0,46,35,2,83,0,46,38,6,90,28,2,30,120
02/24/2009,GLS,TX,ASW,CE,Federal Contract Tower,0,0,0,0,0,0,57,13,0,70,0,57,13,0,70,48,0,48,118
02/25/2009,GLS,TX,ASW,CE,Federal Contract Tower,0,0,2,0,2,0,72,18,0,90,0,72,20,0,92,60,0,60,152
02/26/2009,GLS,TX,ASW,CE,Federal Contract Tower,0,0,3,3,6,0,70,24,0,94,0,70,27,3,100,50,4,54,154
02/27/2009,GLS,TX,ASW,CE,Federal Contract Tower,0,4,13,0,17,0,15,10,0,25,0,19,23,0,42,36,0,36,78
02/28/2009,GLS,TX,ASW,CE,Federal Contract Tower,0,3,3,0,6,0,26,4,0,30,0,29,7,0,36,6,0,6,42
03/01/2009,GLS,TX,ASW,CE,Federal Contract Tower,0,0,5,0,5,0,36,47,0,83,0,36,52,0,88,22,0,22,110
03/02/2009,GLS,TX,ASW,CE,Federal Contract Tower,0,3,0,2,5,0,38,17,0,55,0,41,17,2,60,28,0,28,88
03/03/2009,GLS,TX,ASW,CE,Federal Contract Tower,0,0,10,0,10,0,72,9,2,83,0,72,19,2,93,2,0,2,95
03/04/2009,GLS,TX,ASW,CE,Federal Contract Tower,0,0,8,1,9,0,73,21,0,94,0,73,29,1,103,16,0,16,119
03/05/2009,GLS,TX,ASW,CE,Federal Contract Tower,0,0,2,0,2,0,61,12,2,75,0,61,14,2,77,12,0,12,89
03/06/2009,GLS,TX,ASW,CE,Federal Contract Tower,0,1,5,0,6,0,59,36,0,95,0,60,41,0,101,48,0,48,149
03/07/2009,GLS,TX,ASW,CE,Federal Contract Tower,0,0,3,0,3,0,41,27,0,68,0,41,30,0,71,26,0,26,97
03/08/2009,GLS,TX,ASW,CE,Federal Contract Tower,0,0,12,0,12,0,27,30,0,57,0,27,42,0,69,32,0,32,101
03/09/2009,GLS,TX,ASW,CE,Federal Contract Tower,0,2,4,0,6,0,25,8,0,33,0,27,12,0,39,10,0,10,49
03/10/2009,GLS,TX,ASW,CE,Federal Contract Tower,0,1,3,0,4,0,49,16,0,65,0,50,19,0,69,38,0,38,107
03/11/2009,GLS,TX,ASW,CE,Federal Contract Tower,0,0,2,0,2,0,55,12,0,67,0,55,14,0,69,12,0,12,81
03/12/2009,GLS,TX,ASW,CE,Federal Contract Tower,0,7,5,0,12,0,25,2,0,27,0,32,7,0,39,0,0,0,39
03/13/2009,GLS,TX,ASW,CE,Federal Contract Tower,0,8,1,0,9,0,0,0,0,0,0,8,1,0,9,0,0,0,9
03/14/2009,GLS,TX,ASW,CE,Federal Contract Tower,0,11,6,0,17,0,8,0,0,8,0,19,6,0,25,0,0,0,25
03/15/2009,GLS,TX,ASW,CE,Federal Contract Tower,0,2,7,0,9,0,24,2,0,26,0,26,9,0,35,0,0,0,35
03/16/2009,GLS,TX,ASW,CE,Federal Contract Tower,0,4,5,0,9,0,36,12,0,48,0,40,17,0,57,14,0,14,71
03/17/2009,GLS,TX,ASW,CE,Federal Contract Tower,0,4,5,0,9,0,42,3,0,45,0,46,8,0,54,2,0,2,56
03/18/2009,GLS,TX,ASW,CE,Federal Contract Tower,0,2,1,0,3,0,53,23,0,76,0,55,24,0,79,40,0,40,119
03/19/2009,GLS,TX,ASW,CE,Federal Contract Tower,0,8,4,0,12,0,47,30,0,77,0,55,34,0,89,2,0,2,91
03/20/2009,GLS,TX,ASW,CE,Federal Contract Tower,0,1,7,0,8,0,54,24,1,79,0,55,31,1,87,36,0,36,123
03/21/2009,GLS,TX,ASW,CE,Federal Contract Tower,0,2,5,0,7,0,37,37,0,74,0,39,42,0,81,58,0,58,139
03/22/2009,GLS,TX,ASW,CE,Federal Contract Tower,0,6,5,0,11,0,16,6,8,30,0,22,11,8,41,54,0,54,95
03/23/2009,GLS,TX,ASW,CE,Federal Contract Tower,0,1,2,0,3,0,50,7,0,57,0,51,9,0,60,6,0,6,66
03/24/2009,GLS,TX,ASW,CE,Federal Contract Tower,1,0,2,1,4,0,94,2,4,100,1,94,4,5,104,2,0,2,106
03/25/2009,GLS,TX,ASW,CE,Federal Contract Tower,0,2,2,0,4,0,40,6,0,46,0,42,8,0,50,0,0,0,50
03/26/2009,GLS,TX,ASW,CE,Federal Contract Tower,0,19,4,0,23,0,22,0,0,22,0,41,4,0,45,0,0,0,45
03/27/2009,GLS,TX,ASW,CE,Federal Contract Tower,0,14,5,0,19,0,16,3,0,19,0,30,8,0,38,0,0,0,38
03/28/2009,GLS,TX,ASW,CE,Federal Contract Tower,0,1,3,0,4,0,35,10,0,45,0,36,13,0,49,0,0,0,49
03/29/2009,GLS,TX,ASW,CE,Federal Contract Tower,0,2,6,0,8,0,32,71,2,105,0,34,77,2,113,68,0,68,181
03/30/2009,GLS,TX,ASW,CE,Federal Contract Tower,0,0,2,0,2,0,51,14,0,65,0,51,16,0,67,12,0,12,79
03/31/2009,GLS,TX,ASW,CE,Federal Contract Tower,0,3,0,0,3,0,44,9,0,53,0,47,9,0,56,8,4,12,68
04/01/2009,GLS,TX,ASW,CE,Federal Contract Tower,0,0,0,0,0,0,51,14,0,65,0,51,14,0,65,52,0,52,117
04/02/2009,GLS,TX,ASW,CE,Federal Contract Tower,0,2,10,0,12,0,45,11,0,56,0,47,21,0,68,0,0,0,68
04/03/2009,GLS,TX,ASW,CE,Federal Contract Tower,0,0,1,4,5,0,43,30,2,75,0,43,31,6,80,18,0,18,98
04/04/2009,GLS,TX,ASW,CE,Federal Contract Tower,0,3,12,0,15,0,54,29,0,83,0,57,41,0,98,28,0,28,126
04/05/2009,GLS,TX,ASW,CE,Federal Contract Tower,0,1,10,0,11,0,27,28,0,55,0,28,38,0,66,38,0,38,104
04/06/2009,GLS,TX,ASW,CE,Federal Contract Tower,0,0,1,0,1,0,26,17,0,43,0,26,18,0,44,20,0,20,64
04/07/2009,GLS,TX,ASW,CE,Federal Contract Tower,0,0,5,2,7,0,56,20,0,76,0,56,25,2,83,14,0,14,97
04/08/2009,GLS,TX,ASW,CE,Federal Contract Tower,0,0,3,0,3,0,60,20,0,80,0,60,23,0,83,56,0,56,139
04/09/2009,GLS,TX,ASW,CE,Federal Contract Tower,0,0,4,0,4,0,60,10,0,70,0,60,14,0,74,4,0,4,78
04/10/2009,GLS,TX,ASW,CE,Federal Contract Tower,0,8,13,0,21,0,28,28,0,56,0,36,41,0,77,6,0,6,83
04/11/2009,GLS,TX,ASW,CE,Federal Contract Tower,0,6,2,0,8,0,27,28,0,55,0,33,30,0,63,0,0,0,63
04/12/2009,GLS,TX,ASW,CE,Federal Contract Tower,0,4,2,0,6,0,5,7,0,12,0,9,9,0,18,0,0,0,18
04/13/2009,GLS,TX,ASW,CE,Federal Contract Tower,0,1,5,1,7,0,21,17,0,38,0,22,22,1,45,2,2,4,49
04/14/2009,GLS,TX,ASW,CE,Federal Contract Tower,0,1,1,4,6,0,53,33,0,86,0,54,34,4,92,32,0,32,124
04/15/2009,GLS,TX,ASW,CE,Federal Contract Tower,0,0,0,2,2,0,56,15,0,71,0,56,15,2,73,20,0,20,93
04/16/2009,GLS,TX,ASW,CE,Federal Contract Tower,0,1,5,0,6,0,71,6,2,79,0,72,11,2,85,0,0,0,85
04/17/2009,GLS,TX,ASW,CE,Federal Contract Tower,0,2,10,0,12,0,32,1,0,33,0,34,11,0,45,0,0,0,45
04/18/2009,GLS,TX,ASW,CE,Federal Contract Tower,0,4,0,0,4,0,0,0,0,0,0,4,0,0,4,0,0,0,4
04/19/2009,GLS,TX,ASW,CE,Federal Contract Tower,0,6,8,0,14,0,25,27,0,52,0,31,35,0,66,6,0,6,72
04/20/2009,GLS,TX,ASW,CE,Federal Contract Tower,0,0,0,0,0,0,66,12,0,78,0,66,12,0,78,12,0,12,90
04/21/2009,GLS,TX,ASW,CE,Federal Contract Tower,0,0,8,2,10,0,74,20,0,94,0,74,28,2,104,0,0,0,104
04/22/2009,GLS,TX,ASW,CE,Federal Contract Tower,0,2,1,0,3,0,64,40,0,104,0,66,41,0,107,58,0,58,165
04/23/2009,GLS,TX,ASW,CE,Federal Contract Tower,0,0,1,0,1,0,70,32,0,102,0,70,33,0,103,40,0,40,143
04/24/2009,GLS,TX,ASW,CE,Federal Contract Tower,0,4,7,2,13,0,68,30,0,98,0,72,37,2,111,50,0,50,161
04/25/2009,GLS,TX,ASW,CE,Federal Contract Tower,0,4,7,0,11,0,43,34,0,77,0,47,41,0,88,8,0,8,96
04/26/2009,GLS,TX,ASW,CE,Federal Contract Tower,0,4,13,0,17,0,28,21,0,49,0,32,34,0,66,6,0,6,72
04/27/2009,GLS,TX,ASW,CE,Federal Contract Tower,0,0,3,0,3,0,50,3,0,53,0,50,6,0,56,8,0,8,64
04/28/2009,GLS,TX,ASW,CE,Federal Contract Tower,0,8,3,0,11,0,33,7,0,40,0,41,10,0,51,10,0,10,61
04/29/2009,GLS,TX,ASW,CE,Federal Contract Tower,0,1,2,0,3,0,64,5,0,69,0,65,7,0,72,2,0,2,74
04/30/2009,GLS,TX,ASW,CE,Federal Contract Tower,0,0,10,2,12,0,59,5,0,64,0,59,15,2,76,22,0,22,98
05/01/2009,GLS,TX,ASW,CE,Federal Contract Tower,0,4,8,0,12,0,42,10,0,52,0,46,18,0,64,12,0,12,76
05/02/2009,GLS,TX,ASW,CE,Federal Contract Tower,0,4,6,0,10,0,43,7,0,50,0,47,13,0,60,2,0,2,62
05/03/2009,GLS,TX,ASW,CE,Federal Contract Tower,0,4,4,0,8,0,38,13,0,51,0,42,17,0,59,4,0,4,63
05/04/2009,GLS,TX,ASW,CE,Federal Contract Tower,0,6,3,0,9,0,46,13,4,63,0,52,16,4,72,4,0,4,76
05/05/2009,GLS,TX,ASW,CE,Federal Contract Tower,0,6,2,0,8,0,51,10,2,63,0,57,12,2,71,2,0,2,73
05/06/2009,GLS,TX,ASW,CE,Federal Contract Tower,0,4,2,1,7,0,49,8,1,58,0,53,10,2,65,6,0,6,71
05/07/2009,GLS,TX,ASW,CE,Federal Contract Tower,0,8,1,0,9,0,52,3,0,55,0,60,4,0,64,2,0,2,66
05/08/2009,GLS,TX,ASW,CE,Federal Contract Tower,0,9,2,2,13,0,60,16,0,76,0,69,18,2,89,20,0,20,109
05/09/2009,GLS,TX,ASW,CE,Federal Contract Tower,0,3,5,0,8,0,41,37,0,78,0,44,42,0,86,12,0,12,98
05/10/2009,GLS,TX,ASW,CE,Federal Contract Tower,0,2,0,0,2,0,35,14,0,49,0,37,14,0,51,0,0,0,51
05/11/2009,GLS,TX,ASW,CE,Federal Contract Tower,0,5,2,0,7,0,43,14,2,59,0,48,16,2,66,30,0,30,96
05/12/2009,GLS,TX,ASW,CE,Federal Contract Tower,0,4,4,2,10,0,52,21,2,75,0,56,25,4,85,12,0,12,97
05/13/2009,GLS,TX,ASW,CE,Federal Contract Tower,0,6,9,0,15,0,57,18,0,75,0,63,27,0,90,20,0,20,110
05/14/2009,GLS,TX,ASW,CE,Federal Contract Tower,0,3,4,0,7,0,62,12,0,74,0,65,16,0,81,30,0,30,111
05/15/2009,GLS,TX,ASW,CE,Federal Contract Tower,0,3,6,0,9,1,45,27,2,75,1,48,33,2,84,10,0,10,94
05/16/2009,GLS,TX,ASW,CE,Federal Contract Tower,0,3,10,0,13,0,32,29,0,61,0,35,39,0,74,8,0,8,82
05/17/2009,GLS,TX,ASW,CE,Federal Contract Tower,0,6,4,0,10,0,22,2,0,24,0,28,6,0,34,2,0,2,36
05/18/2009,GLS,TX,ASW,CE,Federal Contract Tower,0,3,5,0,8,0,56,15,2,73,0,59,20,2,81,20,0,20,101
05/19/2009,GLS,TX,ASW,CE,Federal Contract Tower,0,2,1,0,3,0,71,24,2,97,0,73,25,2,100,32,0,32,132
05/20/2009,GLS,TX,ASW,CE,Federal Contract Tower,0,2,8,2,12,0,71,45,0,116,0,73,53,2,128,12,0,12,140
05/21/2009,GLS,TX,ASW,CE,Federal Contract Tower,0,2,3,2,7,0,57,24,0,81,0,59,27,2,88,40,0,40,128
05/22/2009,GLS,TX,ASW,CE,Federal Contract Tower,0,4,5,0,9,0,43,28,0,71,0,47,33,0,80,56,0,56,136
05/23/2009,GLS,TX,ASW,CE,Federal Contract Tower,0,2,2,0,4,0,39,28,0,67,0,41,30,0,71,6,0,6,77
05/24/2009,GLS,TX,ASW,CE,Federal Contract Tower,0,1,0,0,1,0,27,8,0,35,0,28,8,0,36,4,0,4,40
05/25/2009,GLS,TX,ASW,CE,Federal Contract Tower,0,4,4,0,8,0,38,39,0,77,0,42,43,0,85,12,0,12,97
05/26/2009,GLS,TX,ASW,CE,Federal Contract Tower,0,5,10,0,15,0,46,16,0,62,0,51,26,0,77,20,0,20,97
05/27/2009,GLS,TX,ASW,CE,Federal Contract Tower,0,2,6,0,8,0,41,0,0,41,0,43,6,0,49,0,0,0,49
05/28/2009,GLS,TX,ASW,CE,Federal Contract Tower,0,0,6,2,8,0,58,20,0,78,0,58,26,2,86,36,0,36,122
05/29/2009,GLS,TX,ASW,CE,Federal Contract Tower,0,1,3,0,4,0,53,42,2,97,0,54,45,2,101,56,0,56,157
05/30/2009,GLS,TX,ASW,CE,Federal Contract Tower,0,0,5,0,5,0,46,37,5,88,0,46,42,5,93,52,0,52,145
05/31/2009,GLS,TX,ASW,CE,Federal Contract Tower,0,1,7,0,8,0,45,63,0,108,0,46,70,0,116,12,0,12,128
06/01/2009,GLS,TX,ASW,CE,Federal Contract Tower,0,0,0,0,0,0,54,27,0,81,0,54,27,0,81,36,0,36,117
06/02/2009,GLS,TX,ASW,CE,Federal Contract Tower,0,2,4,0,6,0,61,16,0,77,0,63,20,0,83,14,0,14,97
06/03/2009,GLS,TX,ASW,CE,Federal Contract Tower,0,5,5,0,10,0,77,5,2,84,0,82,10,2,94,0,0,0,94
06/04/2009,GLS,TX,ASW,CE,Federal Contract Tower,0,2,1,0,3,0,55,11,0,66,0,57,12,0,69,26,0,26,95
06/05/2009,GLS,TX,ASW,CE,Federal Contract Tower,0,4,2,0,6,0,60,48,2,110,0,64,50,2,116,34,0,34,150
06/06/2009,GLS,TX,ASW,CE,Federal Contract Tower,0,0,4,0,4,2,47,35,0,84,2,47,39,0,88,62,0,62,150
06/07/2009,GLS,TX,ASW,CE,Federal Contract Tower,0,1,4,0,5,0,30,38,0,68,0,31,42,0,73,40,0,40,113
06/08/2009,GLS,TX,ASW,CE,Federal Contract Tower,0,4,0,4,8,0,65,14,0,79,0,69,14,4,87,22,0,22,109
06/09/2009,GLS,TX,ASW,CE,Federal Contract Tower,0,2,2,0,4,0,52,24,0,76,0,54,26,0,80,20,0,20,100
06/10/2009,GLS,TX,ASW,CE,Federal Contract Tower,0,2,4,0,6,0,62,11,0,73,0,64,15,0,79,4,0,4,83
06/11/2009,GLS,TX,ASW,CE,Federal Contract Tower,0,1,5,1,7,0,46,13,0,59,0,47,18,1,66,30,4,34,100
06/12/2009,GLS,TX,ASW,CE,Federal Contract Tower,0,0,2,2,4,0,37,27,1,65,0,37,29,3,69,24,0,24,93
06/13/2009,GLS,TX,ASW,CE,Federal Contract Tower,0,3,5,0,8,0,42,27,0,69,0,45,32,0,77,36,0,36,113
06/14/2009,GLS,TX,ASW,CE,Federal Contract Tower,0,2,7,2,11,0,33,39,0,72,0,35,46,2,83,8,0,8,91
06/15/2009,GLS,TX,ASW,CE,Federal Contract Tower,0,4,5,2,11,0,62,18,0,80,0,66,23,2,91,14,0,14,105
06/16/2009,GLS,TX,ASW,CE,Federal Contract Tower,0,5,1,0,6,0,53,13,0,66,0,58,14,0,72,6,0,6,78
06/17/2009,GLS,TX,ASW,CE,Federal Contract Tower,0,4,5,0,9,0,77,16,0,93,0,81,21,0,102,2,0,2,104
06/18/2009,GLS,TX,ASW,CE,Federal Contract Tower,0,6,2,0,8,0,74,25,0,99,0,80,27,0,107,28,0,28,135
06/19/2009,GLS,TX,ASW,CE,Federal Contract Tower,0,5,6,0,11,0,59,42,0,101,0,64,48,0,112,44,0,44,156
06/20/2009,GLS,TX,ASW,CE,Federal Contract Tower,0,5,2,0,7,0,50,62,0,112,0,55,64,0,119,44,0,44,163
06/21/2009,GLS,TX,ASW,CE,Federal Contract Tower,0,5,10,0,15,0,30,40,2,72,0,35,50,2,87,18,0,18,105
06/22/2009,GLS,TX,ASW,CE,Federal Contract Tower,0,6,4,0,10,0,48,33,0,81,0,54,37,0,91,10,0,10,101
06/23/2009,GLS,TX,ASW,CE,Federal Contract Tower,0,6,2,0,8,0,47,13,0,60,0,53,15,0,68,2,0,2,70
06/24/2009,GLS,TX,ASW,CE,Federal Contract Tower,0,7,3,0,10,0,81,15,0,96,0,88,18,0,106,34,0,34,140
06/25/2009,GLS,TX,ASW,CE,Federal Contract Tower,0,8,6,0,14,0,50,18,2,70,0,58,24,2,84,12,0,12,96
06/26/2009,GLS,TX,ASW,CE,Federal Contract Tower,0,2,11,0,13,0,44,23,0,67,0,46,34,0,80,20,0,20,100
06/27/2009,GLS,TX,ASW,CE,Federal Contract Tower,0,4,3,0,7,0,34,51,0,85,0,38,54,0,92,26,0,26,118
06/28/2009,GLS,TX,ASW,CE,Federal Contract Tower,0,5,5,0,10,0,34,22,0,56,0,39,27,0,66,0,0,0,66
06/29/2009,GLS,TX,ASW,CE,Federal Contract Tower,0,8,5,2,15,0,51,14,7,72,0,59,19,9,87,0,0,0,87
06/30/2009,GLS,TX,ASW,CE,Federal Contract Tower,0,2,6,0,8,0,68,8,0,76,0,70,14,0,84,8,0,8,92
07/01/2009,GLS,TX,ASW,CE,Federal Contract Tower,0,6,1,0,7,0,75,14,0,89,0,81,15,0,96,2,0,2,98
07/02/2009,GLS,TX,ASW,CE,Federal Contract Tower,0,6,9,0,15,0,47,27,0,74,0,53,36,0,89,36,0,36,125
07/03/2009,GLS,TX,ASW,CE,Federal Contract Tower,0,5,4,0,9,0,35,43,0,78,0,40,47,0,87,34,0,34,121
07/04/2009,GLS,TX,ASW,CE,Federal Contract Tower,0,4,7,0,11,0,48,51,0,99,0,52,58,0,110,20,0,20,130
07/05/2009,GLS,TX,ASW,CE,Federal Contract Tower,0,4,5,0,9,0,16,19,0,35,0,20,24,0,44,14,0,14,58
07/06/2009,GLS,TX,ASW,CE,Federal Contract Tower,0,6,6,2,14,0,29,13,0,42,0,35,19,2,56,4,0,4,60
07/07/2009,GLS,TX,ASW,CE,Federal Contract Tower,0,6,5,0,11,0,32,4,0,36,0,38,9,0,47,18,0,18,65
07/08/2009,GLS,TX,ASW,CE,Federal Contract Tower,0,8,1,0,9,0,51,13,0,64,0,59,14,0,73,28,0,28,101
07/09/2009,GLS,TX,ASW,CE,Federal Contract Tower,0,6,5,0,11,0,36,10,0,46,0,42,15,0,57,26,0,26,83
07/10/2009,GLS,TX,ASW,CE,Federal Contract Tower,0,2,8,0,10,0,40,24,0,64,0,42,32,0,74,20,0,20,94
07/11/2009,GLS,TX,ASW,CE,Federal Contract Tower,0,1,3,0,4,0,24,22,0,46,0,25,25,0,50,14,0,14,64
07/12/2009,GLS,TX,ASW,CE,Federal Contract Tower,0,6,4,0,10,0,33,37,0,70,0,39,41,0,80,14,0,14,94
07/13/2009,GLS,TX,ASW,CE,Federal Contract Tower,0,3,3,0,6,0,30,15,1,46,0,33,18,1,52,34,0,34,86
07/14/2009,GLS,TX,ASW,CE,Federal Contract Tower,0,4,3,2,9,0,34,13,0,47,0,38,16,2,56,22,0,22,78
07/15/2009,GLS,TX,ASW,CE,Federal Contract Tower,0,4,4,0,8,0,50,19,0,69,0,54,23,0,77,17,0,17,94
07/16/2009,GLS,TX,ASW,CE,Federal Contract Tower,0,7,3,0,10,0,37,8,0,45,0,44,11,0,55,0,0,0,55
07/17/2009,GLS,TX,ASW,CE,Federal Contract Tower,0,4,4,0,8,0,27,15,0,42,0,31,19,0,50,6,2,8,58
07/18/2009,GLS,TX,ASW,CE,Federal Contract Tower,0,2,1,0,3,0,21,11,0,32,0,23,12,0,35,8,0,8,43
07/19/2009,GLS,TX,ASW,CE,Federal Contract Tower,0,8,3,0,11,0,17,9,0,26,0,25,12,0,37,18,0,18,55
07/20/2009,GLS,TX,ASW,CE,Federal Contract Tower,0,6,5,0,11,0,24,5,0,29,0,30,10,0,40,0,0,0,40
07/21/2009,GLS,TX,ASW,CE,Federal Contract Tower,0,7,0,0,7,0,38,4,2,44,0,45,4,2,51,2,0,2,53
07/22/2009,GLS,TX,ASW,CE,Federal Contract Tower,0,8,3,4,15,0,44,12,0,56,0,52,15,4,71,0,0,0,71
07/23/2009,GLS,TX,ASW,CE,Federal Contract Tower,0,8,4,0,12,0,27,13,0,40,0,35,17,0,52,24,0,24,76
07/24/2009,GLS,TX,ASW,CE,Federal Contract Tower,0,5,1,0,6,0,26,22,0,48,0,31,23,0,54,38,0,38,92
07/25/2009,GLS,TX,ASW,CE,Federal Contract Tower,0,0,1,0,1,0,31,37,0,68,0,31,38,0,69,6,0,6,75
07/26/2009,GLS,TX,ASW,CE,Federal Contract Tower,0,4,3,0,7,0,30,27,0,57,0,34,30,0,64,14,0,14,78
07/27/2009,GLS,TX,ASW,CE,Federal Contract Tower,0,5,2,0,7,0,45,12,0,57,0,50,14,0,64,0,0,0,64
07/28/2009,GLS,TX,ASW,CE,Federal Contract Tower,0,5,5,2,12,0,48,12,0,60,0,53,17,2,72,28,0,28,100
07/29/2009,GLS,TX,ASW,CE,Federal Contract Tower,0,5,0,0,5,0,50,9,0,59,0,55,9,0,64,8,0,8,72
07/30/2009,GLS,TX,ASW,CE,Federal Contract Tower,0,8,6,2,16,0,52,19,2,73,0,60,25,4,89,12,0,12,101
07/31/2009,GLS,TX,ASW,CE,Federal Contract Tower,0,4,4,0,8,0,33,13,0,46,0,37,17,0,54,0,0,0,54
08/01/2009,GLS,TX,ASW,CE,Federal Contract Tower,0,2,5,0,7,0,37,40,0,77,0,39,45,0,84,34,0,34,118
08/02/2009,GLS,TX,ASW,CE,Federal Contract Tower,0,3,3,0,6,0,28,18,0,46,0,31,21,0,52,18,0,18,70
08/03/2009,GLS,TX,ASW,CE,Federal Contract Tower,0,2,1,0,3,0,48,15,0,63,0,50,16,0,66,40,0,40,106
08/04/2009,GLS,TX,ASW,CE,Federal Contract Tower,0,0,0,0,0,0,44,19,0,63,0,44,19,0,63,14,0,14,77
08/05/2009,GLS,TX,ASW,CE,Federal Contract Tower,0,0,3,0,3,0,48,35,2,85,0,48,38,2,88,28,0,28,116
08/06/2009,GLS,TX,ASW,CE,Federal Contract Tower,0,3,0,0,3,0,38,9,0,47,0,41,9,0,50,54,0,54,104
08/07/2009,GLS,TX,ASW,CE,Federal Contract Tower,0,6,4,0,10,0,45,46,0,91,0,51,50,0,101,24,0,24,125
08/08/2009,GLS,TX,ASW,CE,Federal Contract Tower,0,2,1,0,3,0,32,22,0,54,0,34,23,0,57,4,0,4,61
08/09/2009,GLS,TX,ASW,CE,Federal Contract Tower,0,3,6,0,9,0,26,23,0,49,0,29,29,0,58,0,0,0,58
08/10/2009,GLS,TX,ASW,CE,Federal Contract Tower,0,6,4,0,10,0,40,7,2,49,0,46,11,2,59,16,0,16,75
08/11/2009,GLS,TX,ASW,CE,Federal Contract Tower,0,4,4,0,8,0,53,15,0,68,0,57,19,0,76,56,0,56,132
08/12/2009,GLS,TX,ASW,CE,Federal Contract Tower,0,4,5,0,9,0,53,7,0,60,0,57,12,0,69,10,0,10,79
08/13/2009,GLS,TX,ASW,CE,Federal Contract Tower,0,0,7,2,9,0,50,14,2,66,0,50,21,4,75,10,0,10,85
08/14/2009,GLS,TX,ASW,CE,Federal Contract Tower,0,3,3,0,6,0,72,19,0,91,0,75,22,0,97,18,0,18,115
08/15/2009,GLS,TX,ASW,CE,Federal Contract Tower,0,1,4,0,5,0,33,68,4,105,0,34,72,4,110,14,2,16,126
08/16/2009,GLS,TX,ASW,CE,Federal Contract Tower,0,1,9,0,10,0,26,32,0,58,0,27,41,0,68,16,0,16,84
08/17/2009,GLS,TX,ASW,CE,Federal Contract Tower,0,2,4,0,6,0,44,8,0,52,0,46,12,0,58,34,0,34,92
08/18/2009,GLS,TX,ASW,CE,Federal Contract Tower,0,3,5,0,8,0,35,4,0,39,0,38,9,0,47,8,0,8,55
08/19/2009,GLS,TX,ASW,CE,Federal Contract Tower,0,1,3,7,11,0,67,14,0,81,0,68,17,7,92,2,0,2,94
08/20/2009,GLS,TX,ASW,CE,Federal Contract Tower,0,0,8,0,8,0,71,19,0,90,0,71,27,0,98,28,0,28,126
08/21/2009,GLS,TX,ASW,CE,Federal Contract Tower,0,2,0,0,2,0,46,17,0,63,0,48,17,0,65,14,0,14,79
08/22/2009,GLS,TX,ASW,CE,Federal Contract Tower,0,0,2,0,2,0,44,27,2,73,0,44,29,2,75,0,0,0,75
08/23/2009,GLS,TX,ASW,CE,Federal Contract Tower,0,2,3,0,5,0,32,19,0,51,0,34,22,0,56,16,0,16,72
08/24/2009,GLS,TX,ASW,CE,Federal Contract Tower,0,2,4,0,6,0,40,12,0,52,0,42,16,0,58,8,0,8,66
08/25/2009,GLS,TX,ASW,CE,Federal Contract Tower,0,2,2,2,6,0,37,14,0,51,0,39,16,2,57,18,0,18,75
08/26/2009,GLS,TX,ASW,CE,Federal Contract Tower,0,0,1,0,1,0,82,14,0,96,0,82,15,0,97,26,0,26,123
08/27/2009,GLS,TX,ASW,CE,Federal Contract Tower,0,1,4,2,7,0,50,11,0,61,0,51,15,2,68,18,0,18,86
08/28/2009,GLS,TX,ASW,CE,Federal Contract Tower,0,4,8,0,12,0,59,16,0,75,0,63,24,0,87,4,0,4,91
08/29/2009,GLS,TX,ASW,CE,Federal Contract Tower,0,2,4,0,6,0,32,26,0,58,0,34,30,0,64,24,0,24,88
08/30/2009,GLS,TX,ASW,CE,Federal Contract Tower,0,2,12,0,14,0,30,35,0,65,0,32,47,0,79,22,0,22,101
08/31/2009,GLS,TX,ASW,CE,Federal Contract Tower,0,1,9,0,10,0,41,20,0,61,0,42,29,0,71,16,0,16,87
09/01/2009,GLS,TX,ASW,CE,Federal Contract Tower,0,4,2,0,6,0,53,13,0,66,0,57,15,0,72,0,0,0,72
09/02/2009,GLS,TX,ASW,CE,Federal Contract Tower,0,2,8,0,10,0,64,10,0,74,0,66,18,0,84,22,0,22,106
09/03/2009,GLS,TX,ASW,CE,Federal Contract Tower,0,3,2,0,5,0,43,31,0,74,0,46,33,0,79,14,0,14,93
09/04/2009,GLS,TX,ASW,CE,Federal Contract Tower,0,4,4,0,8,0,44,22,0,66,0,48,26,0,74,48,0,48,122
09/05/2009,GLS,TX,ASW,CE,Federal Contract Tower,0,5,4,0,9,0,29,28,0,57,0,34,32,0,66,8,0,8,74
09/06/2009,GLS,TX,ASW,CE,Federal Contract Tower,0,0,3,0,3,0,18,19,0,37,0,18,22,0,40,12,0,12,52
09/07/2009,GLS,TX,ASW,CE,Federal Contract Tower,0,0,5,2,7,0,46,31,0,77,0,46,36,2,84,40,0,40,124
09/08/2009,GLS,TX,ASW,CE,Federal Contract Tower,0,2,0,2,4,0,56,12,0,68,0,58,12,2,72,12,0,12,84
09/09/2009,GLS,TX,ASW,CE,Federal Contract Tower,0,1,4,0,5,0,37,0,0,37,0,38,4,0,42,4,0,4,46
09/10/2009,GLS,TX,ASW,CE,Federal Contract Tower,0,2,0,0,2,0,56,10,0,66,0,58,10,0,68,0,0,0,68
09/11/2009,GLS,TX,ASW,CE,Federal Contract Tower,0,11,0,0,11,0,25,0,0,25,0,36,0,0,36,0,0,0,36
09/12/2009,GLS,TX,ASW,CE,Federal Contract Tower,0,4,1,0,5,0,25,0,0,25,0,29,1,0,30,10,0,10,40
09/13/2009,GLS,TX,ASW,CE,Federal Contract Tower,0,6,1,0,7,0,41,6,0,47,0,47,7,0,54,26,0,26,80
09/14/2009,GLS,TX,ASW,CE,Federal Contract Tower,0,6,1,0,7,0,40,24,0,64,0,46,25,0,71,24,0,24,95
09/15/2009,GLS,TX,ASW,CE,Federal Contract Tower,0,6,2,2,10,0,58,4,1,63,0,64,6,3,73,36,0,36,109
09/16/2009,GLS,TX,ASW,CE,Federal Contract Tower,0,7,2,0,9,0,55,27,2,84,0,62,29,2,93,34,2,36,129
09/17/2009,GLS,TX,ASW,CE,Federal Contract Tower,0,4,3,0,7,0,50,13,0,63,0,54,16,0,70,20,2,22,92
09/18/2009,GLS,TX,ASW,CE,Federal Contract Tower,0,7,2,1,10,0,44,16,0,60,0,51,18,1,70,26,0,26,96
09/19/2009,GLS,TX,ASW,CE,Federal Contract Tower,0,6,13,0,19,0,25,25,0,50,0,31,38,0,69,28,0,28,97
09/20/2009,GLS,TX,ASW,CE,Federal Contract Tower,0,5,3,0,8,0,28,20,0,48,0,33,23,0,56,14,0,14,70
09/21/2009,GLS,TX,ASW,CE,Federal Contract Tower,0,4,4,0,8,0,48,16,0,64,0,52,20,0,72,18,0,18,90
09/22/2009,GLS,TX,ASW,CE,Federal Contract Tower,0,6,0,1,7,0,32,0,1,33,0,38,0,2,40,0,0,0,40
09/23/2009,GLS,TX,ASW,CE,Federal Contract Tower,0,9,6,0,15,0,57,14,1,72,0,66,20,1,87,10,0,10,97
09/24/2009,GLS,TX,ASW,CE,Federal Contract Tower,0,9,5,0,14,0,45,0,0,45,0,54,5,0,59,2,0,2,61
09/25/2009,GLS,TX,ASW,CE,Federal Contract Tower,0,47,11,0,58,0,3,1,0,4,0,50,12,0,62,0,0,0,62
09/26/2009,GLS,TX,ASW,CE,Federal Contract Tower,0,13,1,0,14,0,13,31,0,44,0,26,32,0,58,14,0,14,72
09/27/2009,GLS,TX,ASW,CE,Federal Contract Tower,0,10,4,0,14,0,22,30,0,52,0,32,34,0,66,32,0,32,98
09/28/2009,GLS,TX,ASW,CE,Federal Contract Tower,0,4,3,0,7,0,32,6,0,38,0,36,9,0,45,6,0,6,51
09/29/2009,GLS,TX,ASW,CE,Federal Contract Tower,0,5,6,0,11,0,41,18,2,61,0,46,24,2,72,48,0,48,120
09/30/2009,GLS,TX,ASW,CE,Federal Contract Tower,0,3,4,0,7,0,70,10,0,80,0,73,14,0,87,8,0,8,95
10/01/2009,GLS,TX,ASW,CE,Federal Contract Tower,0,4,6,0,10,0,50,16,0,66,0,54,22,0,76,22,0,22,98
10/02/2009,GLS,TX,ASW,CE,Federal Contract Tower,0,3,2,0,5,0,43,16,0,59,0,46,18,0,64,32,0,32,96
10/03/2009,GLS,TX,ASW,CE,Federal Contract Tower,0,2,3,0,5,0,32,18,0,50,0,34,21,0,55,8,0,8,63
10/04/2009,GLS,TX,ASW,CE,Federal Contract Tower,0,6,1,0,7,0,21,5,0,26,0,27,6,0,33,0,0,0,33
10/05/2009,GLS,TX,ASW,CE,Federal Contract Tower,0,6,9,0,15,0,42,4,0,46,0,48,13,0,61,8,0,8,69
10/06/2009,GLS,TX,ASW,CE,Federal Contract Tower,0,1,3,0,4,0,62,26,0,88,0,63,29,0,92,30,0,30,122
10/07/2009,GLS,TX,ASW,CE,Federal Contract Tower,0,3,7,0,10,0,53,8,0,61,0,56,15,0,71,18,0,18,89
10/08/2009,GLS,TX,ASW,CE,Federal Contract Tower,0,2,11,0,13,0,42,12,0,54,0,44,23,0,67,38,0,38,105
10/09/2009,GLS,TX,ASW,CE,Federal Contract Tower,0,3,0,0,3,0,18,0,0,18,0,21,0,0,21,12,0,12,33
10/10/2009,GLS,TX,ASW,CE,Federal Contract Tower,0,32,15,0,47,0,6,6,0,12,0,38,21,0,59,2,0,2,61
10/11/2009,GLS,TX,ASW,CE,Federal Contract Tower,0,12,3,0,15,0,0,0,0,0,0,12,3,0,15,0,0,0,15
10/12/2009,GLS,TX,ASW,CE,Federal Contract Tower,0,6,3,0,9,0,40,11,0,51,0,46,14,0,60,38,0,38,98
10/13/2009,GLS,TX,ASW,CE,Federal Contract Tower,0,8,0,0,8,0,53,4,0,57,0,61,4,0,65,52,0,52,117
10/14/2009,GLS,TX,ASW,CE,Federal Contract Tower,0,6,2,2,10,0,56,9,0,65,0,62,11,2,75,42,0,42,117
10/15/2009,GLS,TX,ASW,CE,Federal Contract Tower,0,3,2,0,5,0,60,15,0,75,0,63,17,0,80,26,0,26,106
10/16/2009,GLS,TX,ASW,CE,Federal Contract Tower,0,3,1,0,4,0,42,19,0,61,0,45,20,0,65,28,0,28,93
10/17/2009,GLS,TX,ASW,CE,Federal Contract Tower,0,0,17,0,17,0,34,70,0,104,0,34,87,0,121,20,0,20,141
10/18/2009,GLS,TX,ASW,CE,Federal Contract Tower,0,1,4,0,5,0,49,42,0,91,0,50,46,0,96,28,0,28,124
10/19/2009,GLS,TX,ASW,CE,Federal Contract Tower,0,3,0,0,3,0,53,33,0,86,0,56,33,0,89,50,0,50,139
10/20/2009,GLS,TX,ASW,CE,Federal Contract Tower,0,3,3,0,6,0,59,21,0,80,0,62,24,0,86,14,0,14,100
10/21/2009,GLS,TX,ASW,CE,Federal Contract Tower,0,7,12,0,19,0,68,9,0,77,0,75,21,0,96,0,0,0,96
10/22/2009,GLS,TX,ASW,CE,Federal Contract Tower,0,5,1,0,6,0,32,16,0,48,0,37,17,0,54,0,0,0,54
10/23/2009,GLS,TX,ASW,CE,Federal Contract Tower,0,0,8,0,8,0,59,26,0,85,0,59,34,0,93,16,0,16,109
10/24/2009,GLS,TX,ASW,CE,Federal Contract Tower,0,3,3,0,6,0,42,57,0,99,0,45,60,0,105,66,0,66,171
10/25/2009,GLS,TX,ASW,CE,Federal Contract Tower,0,0,9,0,9,0,29,42,2,73,0,29,51,2,82,10,0,10,92
10/26/2009,GLS,TX,ASW,CE,Federal Contract Tower,0,2,9,0,11,0,8,0,0,8,0,10,9,0,19,2,0,2,21
10/27/2009,GLS,TX,ASW,CE,Federal Contract Tower,0,44,7,0,51,0,43,12,0,55,0,87,19,0,106,18,0,18,124
10/28/2009,GLS,TX,ASW,CE,Federal Contract Tower,0,1,5,0,6,0,83,27,0,110,0,84,32,0,116,26,0,26,142
10/29/2009,GLS,TX,ASW,CE,Federal Contract Tower,0,3,2,0,5,0,44,5,0,49,0,47,7,0,54,4,0,4,58
10/30/2009,GLS,TX,ASW,CE,Federal Contract Tower,0,3,7,0,10,0,19,21,0,40,0,22,28,0,50,24,0,24,74
10/31/2009,GLS,TX,ASW,CE,Federal Contract Tower,0,4,2,0,6,0,44,93,0,137,0,48,95,0,143,12,2,14,157
11/01/2009,GLS,TX,ASW,CE,Federal Contract Tower,0,2,2,0,4,0,42,40,0,82,0,44,42,0,86,20,0,20,106
11/02/2009,GLS,TX,ASW,CE,Federal Contract Tower,0,2,2,0,4,0,41,30,0,71,0,43,32,0,75,40,0,40,115
11/03/2009,GLS,TX,ASW,CE,Federal Contract Tower,0,2,7,0,9,0,57,34,0,91,0,59,41,0,100,14,0,14,114
11/04/2009,GLS,TX,ASW,CE,Federal Contract Tower,0,7,2,2,11,0,64,16,6,86,0,71,18,8,97,16,0,16,113
11/05/2009,GLS,TX,ASW,CE,Federal Contract Tower,0,4,8,0,12,0,53,33,0,86,0,57,41,0,98,16,0,16,114
11/06/2009,GLS,TX,ASW,CE,Federal Contract Tower,0,10,6,0,16,0,52,39,2,93,0,62,45,2,109,54,0,54,163
11/07/2009,GLS,TX,ASW,CE,Federal Contract Tower,0,4,1,0,5,0,32,34,2,68,0,36,35,2,73,14,0,14,87
11/08/2009,GLS,TX,ASW,CE,Federal Contract Tower,0,2,10,0,12,0,42,1,0,43,0,44,11,0,55,0,0,0,55
11/09/2009,GLS,TX,ASW,CE,Federal Contract Tower,0,4,10,0,14,0,33,18,0,51,0,37,28,0,65,24,0,24,89
11/10/2009,GLS,TX,ASW,CE,Federal Contract Tower,0,4,2,0,6,0,46,23,0,69,0,50,25,0,75,28,4,32,107
11/11/2009,GLS,TX,ASW,CE,Federal Contract Tower,0,5,4,0,9,0,77,29,3,109,0,82,33,3,118,32,2,34,152
11/12/2009,GLS,TX,ASW,CE,Federal Contract Tower,0,7,8,0,15,0,74,27,0,101,0,81,35,0,116,30,0,30,146
11/13/2009,GLS,TX,ASW,CE,Federal Contract Tower,0,1,9,0,10,0,68,30,0,98,0,69,39,0,108,46,0,46,154
11/14/2009,GLS,TX,ASW,CE,Federal Contract Tower,0,1,6,2,9,0,32,69,0,101,0,33,75,2,110,36,0,36,146
11/15/2009,GLS,TX,ASW,CE,Federal Contract Tower,0,0,3,0,3,0,29,22,2,53,0,29,25,2,56,18,0,18,74
11/16/2009,GLS,TX,ASW,CE,Federal Contract Tower,0,7,2,0,9,0,39,10,0,49,0,46,12,0,58,24,0,24,82
11/17/2009,GLS,TX,ASW,CE,Federal Contract Tower,0,0,0,2,2,0,69,15,0,84,0,69,15,2,86,12,0,12,98
11/18/2009,GLS,TX,ASW,CE,Federal Contract Tower,0,0,3,0,3,0,77,15,0,92,0,77,18,0,95,10,0,10,105
11/19/2009,GLS,TX,ASW,CE,Federal Contract Tower,0,3,11,0,14,0,57,18,0,75,0,60,29,0,89,8,0,8,97
11/20/2009,GLS,TX,ASW,CE,Federal Contract Tower,0,2,0,0,2,0,8,4,0,12,0,10,4,0,14,6,0,6,20
11/21/2009,GLS,TX,ASW,CE,Federal Contract Tower,0,10,6,0,16,0,28,1,0,29,0,38,7,0,45,0,0,0,45
11/22/2009,GLS,TX,ASW,CE,Federal Contract Tower,0,5,11,0,16,0,34,42,0,76,0,39,53,0,92,30,0,30,122
11/23/2009,GLS,TX,ASW,CE,Federal Contract Tower,0,2,3,0,5,0,57,22,0,79,0,59,25,0,84,30,0,30,114
11/24/2009,GLS,TX,ASW,CE,Federal Contract Tower,0,4,7,0,11,0,7,0,0,7,0,11,7,0,18,14,0,14,32
11/25/2009,GLS,TX,ASW,CE,Federal Contract Tower,0,1,7,0,8,0,94,27,0,121,0,95,34,0,129,44,0,44,173
11/26/2009,GLS,TX,ASW,CE,Federal Contract Tower,0,0,4,0,4,0,29,19,0,48,0,29,23,0,52,16,0,16,68
11/27/2009,GLS,TX,ASW,CE,Federal Contract Tower,0,1,7,1,9,0,41,36,9,86,0,42,43,10,95,14,0,14,109
11/28/2009,GLS,TX,ASW,CE,Federal Contract Tower,0,3,4,0,7,0,37,35,0,72,0,40,39,0,79,20,0,20,99
11/29/2009,GLS,TX,ASW,CE,Federal Contract Tower,0,3,7,0,10,0,47,5,0,52,0,50,12,0,62,4,0,4,66
11/30/2009,GLS,TX,ASW,CE,Federal Contract Tower,0,11,12,0,23,0,17,0,1,18,0,28,12,1,41,0,0,0,41
12/01/2009,GLS,TX,ASW,CE,Federal Contract Tower,0,18,6,1,25,0,0,0,0,0,0,18,6,1,25,0,0,0,25
12/02/2009,GLS,TX,ASW,CE,Federal Contract Tower,0,7,2,2,11,0,68,5,0,73,0,75,7,2,84,12,6,18,102
12/03/2009,GLS,TX,ASW,CE,Federal Contract Tower,0,1,1,0,2,0,69,17,2,88,0,70,18,2,90,32,0,32,122
12/04/2009,GLS,TX,ASW,CE,Federal Contract Tower,0,2,2,0,4,0,1,0,0,1,0,3,2,0,5,0,0,0,5
12/05/2009,GLS,TX,ASW,CE,Federal Contract Tower,0,0,7,0,7,0,46,27,2,75,0,46,34,2,82,32,0,32,114
12/06/2009,GLS,TX,ASW,CE,Federal Contract Tower,0,2,10,0,12,0,37,0,0,37,0,39,10,0,49,2,0,2,51
12/07/2009,GLS,TX,ASW,CE,Federal Contract Tower,0,0,4,0,4,0,0,0,0,0,0,0,4,0,4,0,0,0,4
12/08/2009,GLS,TX,ASW,CE,Federal Contract Tower,0,3,4,0,7,0,0,0,0,0,0,3,4,0,7,0,0,0,7
12/09/2009,GLS,TX,ASW,CE,Federal Contract Tower,0,7,8,2,17,0,87,9,0,96,0,94,17,2,113,18,0,18,131
12/10/2009,GLS,TX,ASW,CE,Federal Contract Tower,0,1,5,0,6,0,30,14,0,44,0,31,19,0,50,22,0,22,72
12/11/2009,GLS,TX,ASW,CE,Federal Contract Tower,0,3,10,0,13,0,40,8,0,48,0,43,18,0,61,0,0,0,61
12/12/2009,GLS,TX,ASW,CE,Federal Contract Tower,0,0,4,0,4,0,0,0,0,0,0,0,4,0,4,0,0,0,4
12/13/2009,GLS,TX,ASW,CE,Federal Contract Tower,0,0,7,0,7,0,0,0,0,0,0,0,7,0,7,0,0,0,7
12/14/2009,GLS,TX,ASW,CE,Federal Contract Tower,0,0,0,0,0,0,0,0,0,0,0,0,0,0,0,0,0,0,0
12/15/2009,GLS,TX,ASW,CE,Federal Contract Tower,0,3,7,0,10,0,5,0,0,5,0,8,7,0,15,0,0,0,15
12/16/2009,GLS,TX,ASW,CE,Federal Contract Tower,0,8,3,0,11,0,95,5,0,100,0,103,8,0,111,38,0,38,149
12/17/2009,GLS,TX,ASW,CE,Federal Contract Tower,0,7,9,0,16,0,13,0,0,13,0,20,9,0,29,0,0,0,29
12/18/2009,GLS,TX,ASW,CE,Federal Contract Tower,0,1,2,2,5,0,58,24,2,84,0,59,26,4,89,66,0,66,155
12/19/2009,GLS,TX,ASW,CE,Federal Contract Tower,0,0,8,0,8,0,64,33,0,97,0,64,41,0,105,14,0,14,119
12/20/2009,GLS,TX,ASW,CE,Federal Contract Tower,0,12,0,0,12,0,34,43,0,77,0,46,43,0,89,24,0,24,113
12/21/2009,GLS,TX,ASW,CE,Federal Contract Tower,0,2,4,0,6,0,53,31,2,86,0,55,35,2,92,16,0,16,108
12/22/2009,GLS,TX,ASW,CE,Federal Contract Tower,0,3,14,1,18,0,65,10,0,75,0,68,24,1,93,2,0,2,95
12/23/2009,GLS,TX,ASW,CE,Federal Contract Tower,0,2,2,0,4,0,65,9,0,74,0,67,11,0,78,4,0,4,82
12/24/2009,GLS,TX,ASW,CE,Federal Contract Tower,0,1,4,0,5,0,18,2,0,20,0,19,6,0,25,0,0,0,25
12/25/2009,GLS,TX,ASW,CE,Federal Contract Tower,0,0,2,0,2,0,16,13,0,29,0,16,15,0,31,6,0,6,37
12/26/2009,GLS,TX,ASW,CE,Federal Contract Tower,0,4,3,0,7,0,27,8,0,35,0,31,11,0,42,0,0,0,42
12/27/2009,GLS,TX,ASW,CE,Federal Contract Tower,0,4,9,0,13,0,40,49,0,89,0,44,58,0,102,6,0,6,108
12/28/2009,GLS,TX,ASW,CE,Federal Contract Tower,0,0,3,0,3,0,48,27,0,75,0,48,30,0,78,16,0,16,94
12/29/2009,GLS,TX,ASW,CE,Federal Contract Tower,0,2,3,2,7,0,57,6,0,63,0,59,9,2,70,32,0,32,102
12/30/2009,GLS,TX,ASW,CE,Federal Contract Tower,0,13,12,0,25,0,3,0,0,3,0,16,12,0,28,0,0,0,28
12/31/2009,GLS,TX,ASW,CE,Federal Contract Tower,0,8,10,0,18,0,0,0,0,0,0,8,10,0,18,0,0,0,18
01/01/2010,GLS,TX,ASW,CE,Federal Contract Tower,0,1,5,0,6,0,59,19,0,78,0,60,24,0,84,8,0,8,92
01/02/2010,GLS,TX,ASW,CE,Federal Contract Tower,0,2,4,0,6,0,28,21,0,49,0,30,25,0,55,0,0,0,55
01/03/2010,GLS,TX,ASW,CE,Federal Contract Tower,0,3,11,0,14,0,36,14,0,50,0,39,25,0,64,20,0,20,84
01/04/2010,GLS,TX,ASW,CE,Federal Contract Tower,0,2,15,0,17,0,52,10,0,62,0,54,25,0,79,18,0,18,97
01/05/2010,GLS,TX,ASW,CE,Federal Contract Tower,0,3,6,0,9,0,64,22,0,86,0,67,28,0,95,48,0,48,143
01/06/2010,GLS,TX,ASW,CE,Federal Contract Tower,0,0,5,0,5,0,71,17,0,88,0,71,22,0,93,46,0,46,139
01/07/2010,GLS,TX,ASW,CE,Federal Contract Tower,0,5,7,0,12,0,15,0,0,15,0,20,7,0,27,6,0,6,33
01/08/2010,GLS,TX,ASW,CE,Federal Contract Tower,0,0,2,0,2,0,61,11,0,72,0,61,13,0,74,4,0,4,78
01/09/2010,GLS,TX,ASW,CE,Federal Contract Tower,0,0,2,0,2,0,33,26,0,59,0,33,28,0,61,26,0,26,87
01/10/2010,GLS,TX,ASW,CE,Federal Contract Tower,0,0,4,0,4,0,34,28,0,62,0,34,32,0,66,20,0,20,86
01/11/2010,GLS,TX,ASW,CE,Federal Contract Tower,0,1,5,0,6,0,76,19,1,96,0,77,24,1,102,28,0,28,130
01/12/2010,GLS,TX,ASW,CE,Federal Contract Tower,0,1,4,0,5,0,78,22,4,104,0,79,26,4,109,22,0,22,131
01/13/2010,GLS,TX,ASW,CE,Federal Contract Tower,0,0,3,0,3,0,61,11,0,72,0,61,14,0,75,56,0,56,131
01/14/2010,GLS,TX,ASW,CE,Federal Contract Tower,0,2,8,0,10,0,32,0,1,33,0,34,8,1,43,0,0,0,43
01/15/2010,GLS,TX,ASW,CE,Federal Contract Tower,0,0,2,0,2,0,15,0,0,15,0,15,2,0,17,0,0,0,17
01/16/2010,GLS,TX,ASW,CE,Federal Contract Tower,0,20,3,0,23,0,10,1,0,11,0,30,4,0,34,0,0,0,34
01/17/2010,GLS,TX,ASW,CE,Federal Contract Tower,0,0,0,0,0,0,46,39,4,89,0,46,39,4,89,10,0,10,99
01/18/2010,GLS,TX,ASW,CE,Federal Contract Tower,0,1,7,0,8,0,58,16,4,78,0,59,23,4,86,40,0,40,126
01/19/2010,GLS,TX,ASW,CE,Federal Contract Tower,0,2,3,2,7,0,59,2,0,61,0,61,5,2,68,8,0,8,76
01/20/2010,GLS,TX,ASW,CE,Federal Contract Tower,0,2,1,2,5,0,0,0,0,0,0,2,1,2,5,0,0,0,5
01/21/2010,GLS,TX,ASW,CE,Federal Contract Tower,0,0,11,0,11,0,47,35,0,82,0,47,46,0,93,54,0,54,147
01/22/2010,GLS,TX,ASW,CE,Federal Contract Tower,0,3,8,0,11,0,44,35,0,79,0,47,43,0,90,56,0,56,146
01/23/2010,GLS,TX,ASW,CE,Federal Contract Tower,0,4,16,0,20,0,12,2,0,14,0,16,18,0,34,0,0,0,34
01/24/2010,GLS,TX,ASW,CE,Federal Contract Tower,0,0,2,0,2,0,55,16,0,71,0,55,18,0,73,20,0,20,93
01/25/2010,GLS,TX,ASW,CE,Federal Contract Tower,0,2,5,2,9,0,53,22,0,75,0,55,27,2,84,58,0,58,142
01/26/2010,GLS,TX,ASW,CE,Federal Contract Tower,0,2,0,0,2,0,75,19,0,94,0,77,19,0,96,62,0,62,158
01/27/2010,GLS,TX,ASW,CE,Federal Contract Tower,0,2,0,2,4,0,59,13,2,74,0,61,13,4,78,8,0,8,86
01/28/2010,GLS,TX,ASW,CE,Federal Contract Tower,0,2,2,3,7,0,32,4,2,38,0,34,6,5,45,16,0,16,61
01/29/2010,GLS,TX,ASW,CE,Federal Contract Tower,0,0,1,0,1,0,14,0,0,14,0,14,1,0,15,0,0,0,15
01/30/2010,GLS,TX,ASW,CE,Federal Contract Tower,0,0,7,2,9,0,38,22,0,60,0,38,29,2,69,36,0,36,105
01/31/2010,GLS,TX,ASW,CE,Federal Contract Tower,0,0,7,0,7,0,36,10,0,46,0,36,17,0,53,2,0,2,55
02/01/2010,GLS,TX,ASW,CE,Federal Contract Tower,0,6,5,0,11,0,30,2,0,32,0,36,7,0,43,0,0,0,43
02/02/2010,GLS,TX,ASW,CE,Federal Contract Tower,0,18,6,0,24,0,19,3,0,22,0,37,9,0,46,12,0,12,58
02/03/2010,GLS,TX,ASW,CE,Federal Contract Tower,0,9,4,0,13,0,33,0,0,33,0,42,4,0,46,4,0,4,50
02/04/2010,GLS,TX,ASW,CE,Federal Contract Tower,0,10,0,1,11,0,3,0,0,3,0,13,0,1,14,0,0,0,14
02/05/2010,GLS,TX,ASW,CE,Federal Contract Tower,0,17,3,0,20,0,36,21,0,57,0,53,24,0,77,8,0,8,85
02/06/2010,GLS,TX,ASW,CE,Federal Contract Tower,0,3,3,0,6,0,46,45,0,91,0,49,48,0,97,36,0,36,133
02/07/2010,GLS,TX,ASW,CE,Federal Contract Tower,0,2,4,0,6,0,24,20,0,44,0,26,24,0,50,16,0,16,66
02/08/2010,GLS,TX,ASW,CE,Federal Contract Tower,0,0,0,0,0,0,45,0,0,45,0,45,0,0,45,14,0,14,59
02/09/2010,GLS,TX,ASW,CE,Federal Contract Tower,0,2,0,0,2,0,36,4,0,40,0,38,4,0,42,2,0,2,44
02/10/2010,GLS,TX,ASW,CE,Federal Contract Tower,0,2,1,2,5,0,53,20,0,73,0,55,21,2,78,4,0,4,82
02/11/2010,GLS,TX,ASW,CE,Federal Contract Tower,0,6,2,0,8,0,11,2,0,13,0,17,4,0,21,6,0,6,27
02/12/2010,GLS,TX,ASW,CE,Federal Contract Tower,0,0,1,0,1,0,33,2,0,35,0,33,3,0,36,2,0,2,38
02/13/2010,GLS,TX,ASW,CE,Federal Contract Tower,0,2,11,0,13,0,27,8,0,35,0,29,19,0,48,6,0,6,54
02/14/2010,GLS,TX,ASW,CE,Federal Contract Tower,0,0,1,0,1,0,24,18,0,42,0,24,19,0,43,28,0,28,71
02/15/2010,GLS,TX,ASW,CE,Federal Contract Tower,0,1,1,1,3,0,31,18,0,49,0,32,19,1,52,24,0,24,76
02/16/2010,GLS,TX,ASW,CE,Federal Contract Tower,0,1,2,0,3,0,58,25,0,83,0,59,27,0,86,26,0,26,112
02/17/2010,GLS,TX,ASW,CE,Federal Contract Tower,0,0,1,0,1,0,50,14,0,64,0,50,15,0,65,24,0,24,89
02/18/2010,GLS,TX,ASW,CE,Federal Contract Tower,0,0,1,0,1,0,52,8,0,60,0,52,9,0,61,2,0,2,63
02/19/2010,GLS,TX,ASW,CE,Federal Contract Tower,0,4,3,0,7,0,23,10,0,33,0,27,13,0,40,14,0,14,54
02/20/2010,GLS,TX,ASW,CE,Federal Contract Tower,0,2,7,0,9,0,26,21,0,47,0,28,28,0,56,22,0,22,78
02/21/2010,GLS,TX,ASW,CE,Federal Contract Tower,0,10,9,0,19,0,6,0,0,6,0,16,9,0,25,2,0,2,27
02/22/2010,GLS,TX,ASW,CE,Federal Contract Tower,0,8,11,2,21,0,41,15,0,56,0,49,26,2,77,10,0,10,87
02/23/2010,GLS,TX,ASW,CE,Federal Contract Tower,0,8,0,0,8,0,48,4,0,52,0,56,4,0,60,0,0,0,60
02/24/2010,GLS,TX,ASW,CE,Federal Contract Tower,0,0,4,0,4,0,67,15,0,82,0,67,19,0,86,18,0,18,104
02/25/2010,GLS,TX,ASW,CE,Federal Contract Tower,0,1,3,1,5,0,82,26,2,110,0,83,29,3,115,14,0,14,129
02/26/2010,GLS,TX,ASW,CE,Federal Contract Tower,0,2,2,0,4,0,47,1,0,48,0,49,3,0,52,8,0,8,60
02/27/2010,GLS,TX,ASW,CE,Federal Contract Tower,0,0,4,1,5,0,39,39,3,81,0,39,43,4,86,14,0,14,100
02/28/2010,GLS,TX,ASW,CE,Federal Contract Tower,0,4,8,0,12,0,39,38,0,77,0,43,46,0,89,16,0,16,105
03/01/2010,GLS,TX,ASW,CE,Federal Contract Tower,0,16,7,0,23,0,16,0,0,16,0,32,7,0,39,0,0,0,39
03/02/2010,GLS,TX,ASW,CE,Federal Contract Tower,0,1,9,0,10,0,53,22,3,78,0,54,31,3,88,4,0,4,92
03/03/2010,GLS,TX,ASW,CE,Federal Contract Tower,0,0,9,0,9,0,76,20,1,97,0,76,29,1,106,26,0,26,132
03/04/2010,GLS,TX,ASW,CE,Federal Contract Tower,0,0,5,0,5,0,44,23,2,69,0,44,28,2,74,24,0,24,98
03/05/2010,GLS,TX,ASW,CE,Federal Contract Tower,0,1,2,0,3,0,46,17,0,63,0,47,19,0,66,2,0,2,68
03/06/2010,GLS,TX,ASW,CE,Federal Contract Tower,0,0,6,0,6,0,38,41,0,79,0,38,47,0,85,22,0,22,107
03/07/2010,GLS,TX,ASW,CE,Federal Contract Tower,0,2,9,0,11,0,32,22,0,54,0,34,31,0,65,0,0,0,65
03/08/2010,GLS,TX,ASW,CE,Federal Contract Tower,0,8,0,0,8,0,32,1,0,33,0,40,1,0,41,0,0,0,41
03/09/2010,GLS,TX,ASW,CE,Federal Contract Tower,0,12,5,1,18,0,24,3,1,28,0,36,8,2,46,6,0,6,52
03/10/2010,GLS,TX,ASW,CE,Federal Contract Tower,0,10,7,0,17,0,0,0,0,0,0,10,7,0,17,0,0,0,17
03/11/2010,GLS,TX,ASW,CE,Federal Contract Tower,0,4,6,2,12,0,0,0,0,0,0,4,6,2,12,0,0,0,12
03/12/2010,GLS,TX,ASW,CE,Federal Contract Tower,0,0,9,0,9,0,55,32,2,89,0,55,41,2,98,14,0,14,112
03/13/2010,GLS,TX,ASW,CE,Federal Contract Tower,0,6,7,2,15,0,46,40,0,86,0,52,47,2,101,14,0,14,115
03/14/2010,GLS,TX,ASW,CE,Federal Contract Tower,0,1,8,0,9,0,38,39,2,79,0,39,47,2,88,46,0,46,134
03/15/2010,GLS,TX,ASW,CE,Federal Contract Tower,0,7,12,8,27,0,39,10,2,51,0,46,22,10,78,30,0,30,108
03/16/2010,GLS,TX,ASW,CE,Federal Contract Tower,0,8,8,0,16,0,54,10,0,64,0,62,18,0,80,4,0,4,84
03/17/2010,GLS,TX,ASW,CE,Federal Contract Tower,0,3,6,0,9,0,57,19,12,88,0,60,25,12,97,50,0,50,147
03/18/2010,GLS,TX,ASW,CE,Federal Contract Tower,0,0,3,0,3,0,37,38,0,75,0,37,41,0,78,42,0,42,120
03/19/2010,GLS,TX,ASW,CE,Federal Contract Tower,0,0,5,4,9,0,38,32,1,71,0,38,37,5,80,40,0,40,120
03/20/2010,GLS,TX,ASW,CE,Federal Contract Tower,0,1,3,0,4,0,18,4,0,22,0,19,7,0,26,0,0,0,26
03/21/2010,GLS,TX,ASW,CE,Federal Contract Tower,0,0,8,0,8,0,22,11,0,33,0,22,19,0,41,0,0,0,41
03/22/2010,GLS,TX,ASW,CE,Federal Contract Tower,0,1,2,0,3,0,45,17,0,62,0,46,19,0,65,14,0,14,79
03/23/2010,GLS,TX,ASW,CE,Federal Contract Tower,0,5,1,0,6,0,61,18,0,79,0,66,19,0,85,56,0,56,141
03/24/2010,GLS,TX,ASW,CE,Federal Contract Tower,0,5,13,0,18,0,59,3,0,62,0,64,16,0,80,0,0,0,80
03/25/2010,GLS,TX,ASW,CE,Federal Contract Tower,0,2,4,0,6,0,29,14,2,45,0,31,18,2,51,26,0,26,77
03/26/2010,GLS,TX,ASW,CE,Federal Contract Tower,0,1,10,2,13,0,36,36,0,72,0,37,46,2,85,50,0,50,135
03/27/2010,GLS,TX,ASW,CE,Federal Contract Tower,0,0,15,0,15,0,24,24,2,50,0,24,39,2,65,32,10,42,107
03/28/2010,GLS,TX,ASW,CE,Federal Contract Tower,0,3,4,0,7,0,29,46,0,75,0,32,50,0,82,20,0,20,102
03/29/2010,GLS,TX,ASW,CE,Federal Contract Tower,0,0,4,0,4,0,35,23,0,58,0,35,27,0,62,20,0,20,82
03/30/2010,GLS,TX,ASW,CE,Federal Contract Tower,0,0,3,2,5,0,60,17,0,77,0,60,20,2,82,4,0,4,86
03/31/2010,GLS,TX,ASW,CE,Federal Contract Tower,0,2,4,0,6,0,83,15,0,98,0,85,19,0,104,14,0,14,118
04/01/2010,GLS,TX,ASW,CE,Federal Contract Tower,0,1,12,1,14,0,46,15,2,63,0,47,27,3,77,16,0,16,93
04/02/2010,GLS,TX,ASW,CE,Federal Contract Tower,0,11,10,0,21,0,21,2,0,23,0,32,12,0,44,14,0,14,58
04/03/2010,GLS,TX,ASW,CE,Federal Contract Tower,0,8,14,0,22,0,21,30,0,51,0,29,44,0,73,42,0,42,115
04/04/2010,GLS,TX,ASW,CE,Federal Contract Tower,0,6,17,0,23,0,0,3,0,3,0,6,20,0,26,2,0,2,28
04/05/2010,GLS,TX,ASW,CE,Federal Contract Tower,0,8,10,1,19,0,28,10,0,38,0,36,20,1,57,16,0,16,73
04/06/2010,GLS,TX,ASW,CE,Federal Contract Tower,0,16,9,0,25,0,29,4,0,33,0,45,13,0,58,2,0,2,60
04/07/2010,GLS,TX,ASW,CE,Federal Contract Tower,0,22,5,0,27,0,31,3,0,34,0,53,8,0,61,18,0,18,79
04/08/2010,GLS,TX,ASW,CE,Federal Contract Tower,0,1,5,2,8,0,46,18,0,64,0,47,23,2,72,20,0,20,92
04/09/2010,GLS,TX,ASW,CE,Federal Contract Tower,0,1,4,0,5,0,49,26,0,75,0,50,30,0,80,24,0,24,104
04/10/2010,GLS,TX,ASW,CE,Federal Contract Tower,0,2,6,0,8,0,38,33,0,71,0,40,39,0,79,4,0,4,83
04/11/2010,GLS,TX,ASW,CE,Federal Contract Tower,0,0,11,0,11,0,33,34,2,69,0,33,45,2,80,20,0,20,100
04/12/2010,GLS,TX,ASW,CE,Federal Contract Tower,0,1,5,2,8,0,36,13,2,51,0,37,18,4,59,24,0,24,83
04/13/2010,GLS,TX,ASW,CE,Federal Contract Tower,0,1,4,0,5,0,45,31,0,76,0,46,35,0,81,8,0,8,89
04/14/2010,GLS,TX,ASW,CE,Federal Contract Tower,0,3,2,0,5,0,50,6,0,56,0,53,8,0,61,2,0,2,63
04/15/2010,GLS,TX,ASW,CE,Federal Contract Tower,0,10,3,2,15,0,29,14,0,43,0,39,17,2,58,4,0,4,62
04/16/2010,GLS,TX,ASW,CE,Federal Contract Tower,0,6,7,0,13,0,25,12,0,37,0,31,19,0,50,2,0,2,52
04/17/2010,GLS,TX,ASW,CE,Federal Contract Tower,0,6,9,0,15,0,32,53,0,85,0,38,62,0,100,12,0,12,112
04/18/2010,GLS,TX,ASW,CE,Federal Contract Tower,0,3,4,0,7,0,15,7,0,22,0,18,11,0,29,0,0,0,29
04/19/2010,GLS,TX,ASW,CE,Federal Contract Tower,0,9,3,0,12,0,55,6,0,61,0,64,9,0,73,0,0,0,73
04/20/2010,GLS,TX,ASW,CE,Federal Contract Tower,0,2,0,0,2,0,46,20,0,66,0,48,20,0,68,54,0,54,122
04/21/2010,GLS,TX,ASW,CE,Federal Contract Tower,0,2,1,2,5,0,61,50,2,113,0,63,51,4,118,120,0,120,238
04/22/2010,GLS,TX,ASW,CE,Federal Contract Tower,0,12,9,2,23,0,46,31,0,77,0,58,40,2,100,32,0,32,132
04/23/2010,GLS,TX,ASW,CE,Federal Contract Tower,0,12,10,0,22,0,0,0,0,0,0,12,10,0,22,0,0,0,22
04/24/2010,GLS,TX,ASW,CE,Federal Contract Tower,0,3,7,0,10,0,36,60,0,96,0,39,67,0,106,24,0,24,130
04/25/2010,GLS,TX,ASW,CE,Federal Contract Tower,0,2,11,0,13,0,38,28,2,68,0,40,39,2,81,0,6,6,87
04/26/2010,GLS,TX,ASW,CE,Federal Contract Tower,0,1,6,0,7,0,41,42,0,83,0,42,48,0,90,68,0,68,158
04/27/2010,GLS,TX,ASW,CE,Federal Contract Tower,0,1,4,0,5,0,61,46,0,107,0,62,50,0,112,126,0,126,238
04/28/2010,GLS,TX,ASW,CE,Federal Contract Tower,0,2,4,1,7,0,61,49,5,115,0,63,53,6,122,124,0,124,246
04/29/2010,GLS,TX,ASW,CE,Federal Contract Tower,0,2,13,4,19,0,61,40,0,101,0,63,53,4,120,148,0,148,268
04/30/2010,GLS,TX,ASW,CE,Federal Contract Tower,0,0,2,0,2,0,0,0,0,0,0,0,2,0,2,0,0,0,2
05/01/2010,GLS,TX,ASW,CE,Federal Contract Tower,0,9,6,0,15,0,18,2,0,20,0,27,8,0,35,6,0,6,41
05/02/2010,GLS,TX,ASW,CE,Federal Contract Tower,0,3,4,0,7,0,20,29,1,50,0,23,33,1,57,20,0,20,77
05/03/2010,GLS,TX,ASW,CE,Federal Contract Tower,0,0,5,0,5,0,44,22,0,66,0,44,27,0,71,12,0,12,83
05/04/2010,GLS,TX,ASW,CE,Federal Contract Tower,0,2,5,0,7,0,61,26,0,87,0,63,31,0,94,14,0,14,108
05/05/2010,GLS,TX,ASW,CE,Federal Contract Tower,0,2,1,0,3,0,65,11,0,76,0,67,12,0,79,6,0,6,85
05/06/2010,GLS,TX,ASW,CE,Federal Contract Tower,0,4,5,0,9,0,53,14,0,67,0,57,19,0,76,26,0,26,102
05/07/2010,GLS,TX,ASW,CE,Federal Contract Tower,0,3,9,0,12,0,29,13,0,42,0,32,22,0,54,8,0,8,62
05/08/2010,GLS,TX,ASW,CE,Federal Contract Tower,0,3,18,0,21,0,26,30,0,56,0,29,48,0,77,14,0,14,91
05/09/2010,GLS,TX,ASW,CE,Federal Contract Tower,0,1,5,0,6,0,27,11,0,38,0,28,16,0,44,2,0,2,46
05/10/2010,GLS,TX,ASW,CE,Federal Contract Tower,0,4,8,0,12,0,43,9,2,54,0,47,17,2,66,2,0,2,68
05/11/2010,GLS,TX,ASW,CE,Federal Contract Tower,0,8,3,0,11,0,48,10,0,58,0,56,13,0,69,0,0,0,69
05/12/2010,GLS,TX,ASW,CE,Federal Contract Tower,0,8,4,0,12,0,59,7,1,67,0,67,11,1,79,8,0,8,87
05/13/2010,GLS,TX,ASW,CE,Federal Contract Tower,0,3,3,0,6,0,42,3,2,47,0,45,6,2,53,6,0,6,59
05/14/2010,GLS,TX,ASW,CE,Federal Contract Tower,0,7,6,0,13,0,30,4,0,34,0,37,10,0,47,2,0,2,49
05/15/2010,GLS,TX,ASW,CE,Federal Contract Tower,0,0,3,0,3,0,15,3,0,18,0,15,6,0,21,0,0,0,21
05/16/2010,GLS,TX,ASW,CE,Federal Contract Tower,0,1,1,0,2,0,38,11,0,49,0,39,12,0,51,6,0,6,57
05/17/2010,GLS,TX,ASW,CE,Federal Contract Tower,0,4,1,0,5,0,45,18,2,65,0,49,19,2,70,20,0,20,90
05/18/2010,GLS,TX,ASW,CE,Federal Contract Tower,0,2,9,0,11,0,55,2,0,57,0,57,11,0,68,30,0,30,98
05/19/2010,GLS,TX,ASW,CE,Federal Contract Tower,0,2,2,0,4,0,49,18,0,67,0,51,20,0,71,28,0,28,99
05/20/2010,GLS,TX,ASW,CE,Federal Contract Tower,0,3,1,0,4,0,41,22,0,63,0,44,23,0,67,28,0,28,95
05/21/2010,GLS,TX,ASW,CE,Federal Contract Tower,0,3,10,0,13,0,28,27,0,55,0,31,37,0,68,34,8,42,110
05/22/2010,GLS,TX,ASW,CE,Federal Contract Tower,0,1,3,0,4,0,29,81,0,110,0,30,84,0,114,40,0,40,154
05/23/2010,GLS,TX,ASW,CE,Federal Contract Tower,0,0,7,0,7,0,36,30,2,68,0,36,37,2,75,54,0,54,129
05/24/2010,GLS,TX,ASW,CE,Federal Contract Tower,0,1,3,0,4,0,46,24,0,70,0,47,27,0,74,56,0,56,130
05/25/2010,GLS,TX,ASW,CE,Federal Contract Tower,0,0,4,1,5,0,57,21,1,79,0,57,25,2,84,16,0,16,100
05/26/2010,GLS,TX,ASW,CE,Federal Contract Tower,0,1,0,0,1,0,62,22,0,84,0,63,22,0,85,12,0,12,97
05/27/2010,GLS,TX,ASW,CE,Federal Contract Tower,0,0,2,0,2,0,62,28,0,90,0,62,30,0,92,22,0,22,114
05/28/2010,GLS,TX,ASW,CE,Federal Contract Tower,0,1,5,0,6,0,50,35,0,85,0,51,40,0,91,10,6,16,107
05/29/2010,GLS,TX,ASW,CE,Federal Contract Tower,0,0,6,0,6,0,42,131,0,173,0,42,137,0,179,20,0,20,199
05/30/2010,GLS,TX,ASW,CE,Federal Contract Tower,0,1,5,0,6,0,31,36,0,67,0,32,41,0,73,50,0,50,123
05/31/2010,GLS,TX,ASW,CE,Federal Contract Tower,0,6,6,0,12,0,54,36,0,90,0,60,42,0,102,36,0,36,138
06/01/2010,GLS,TX,ASW,CE,Federal Contract Tower,0,5,3,0,8,0,74,17,0,91,0,79,20,0,99,0,0,0,99
06/02/2010,GLS,TX,ASW,CE,Federal Contract Tower,0,5,3,2,10,0,62,15,0,77,0,67,18,2,87,26,0,26,113
06/03/2010,GLS,TX,ASW,CE,Federal Contract Tower,0,14,8,0,22,0,32,10,0,42,0,46,18,0,64,28,0,28,92
06/04/2010,GLS,TX,ASW,CE,Federal Contract Tower,0,3,12,2,17,0,37,25,0,62,0,40,37,2,79,16,2,18,97
06/05/2010,GLS,TX,ASW,CE,Federal Contract Tower,0,0,6,0,6,0,39,97,0,136,0,39,103,0,142,18,0,18,160
06/06/2010,GLS,TX,ASW,CE,Federal Contract Tower,0,6,12,0,18,0,27,28,0,55,0,33,40,0,73,4,0,4,77
06/07/2010,GLS,TX,ASW,CE,Federal Contract Tower,0,3,4,0,7,0,52,16,0,68,0,55,20,0,75,40,0,40,115
06/08/2010,GLS,TX,ASW,CE,Federal Contract Tower,0,6,7,0,13,0,63,4,0,67,0,69,11,0,80,42,0,42,122
06/09/2010,GLS,TX,ASW,CE,Federal Contract Tower,0,5,10,0,15,0,63,20,0,83,0,68,30,0,98,8,0,8,106
06/10/2010,GLS,TX,ASW,CE,Federal Contract Tower,0,1,7,0,8,0,41,18,0,59,0,42,25,0,67,40,0,40,107
06/11/2010,GLS,TX,ASW,CE,Federal Contract Tower,0,3,5,0,8,0,50,33,0,83,0,53,38,0,91,10,0,10,101
06/12/2010,GLS,TX,ASW,CE,Federal Contract Tower,0,0,13,0,13,0,29,55,2,86,0,29,68,2,99,34,0,34,133
06/13/2010,GLS,TX,ASW,CE,Federal Contract Tower,0,0,8,0,8,0,28,12,0,40,0,28,20,0,48,4,0,4,52
06/14/2010,GLS,TX,ASW,CE,Federal Contract Tower,0,3,4,2,9,0,62,12,0,74,0,65,16,2,83,40,0,40,123
06/15/2010,GLS,TX,ASW,CE,Federal Contract Tower,0,4,4,0,8,0,52,16,0,68,0,56,20,0,76,18,0,18,94
06/16/2010,GLS,TX,ASW,CE,Federal Contract Tower,0,2,6,0,8,0,73,24,0,97,0,75,30,0,105,30,0,30,135
06/17/2010,GLS,TX,ASW,CE,Federal Contract Tower,0,1,8,0,9,0,52,17,0,69,0,53,25,0,78,14,0,14,92
06/18/2010,GLS,TX,ASW,CE,Federal Contract Tower,0,3,4,0,7,0,56,20,0,76,0,59,24,0,83,32,0,32,115
06/19/2010,GLS,TX,ASW,CE,Federal Contract Tower,0,1,6,0,7,0,40,88,0,128,0,41,94,0,135,20,0,20,155
06/20/2010,GLS,TX,ASW,CE,Federal Contract Tower,0,1,12,0,13,0,29,40,0,69,0,30,52,0,82,14,0,14,96
06/21/2010,GLS,TX,ASW,CE,Federal Contract Tower,0,3,2,0,5,0,57,13,0,70,0,60,15,0,75,22,0,22,97
06/22/2010,GLS,TX,ASW,CE,Federal Contract Tower,0,6,2,0,8,0,50,10,0,60,0,56,12,0,68,20,0,20,88
06/23/2010,GLS,TX,ASW,CE,Federal Contract Tower,0,2,4,0,6,0,56,3,0,59,0,58,7,0,65,2,0,2,67
06/24/2010,GLS,TX,ASW,CE,Federal Contract Tower,0,0,3,0,3,0,58,6,0,64,0,58,9,0,67,24,0,24,91
06/25/2010,GLS,TX,ASW,CE,Federal Contract Tower,0,4,5,0,9,0,41,29,0,70,0,45,34,0,79,0,0,0,79
06/26/2010,GLS,TX,ASW,CE,Federal Contract Tower,0,3,4,0,7,0,40,48,0,88,0,43,52,0,95,20,0,20,115
06/27/2010,GLS,TX,ASW,CE,Federal Contract Tower,0,4,4,0,8,0,30,48,0,78,0,34,52,0,86,20,0,20,106
06/28/2010,GLS,TX,ASW,CE,Federal Contract Tower,0,7,3,0,10,0,63,8,0,71,0,70,11,0,81,0,0,0,81
06/29/2010,GLS,TX,ASW,CE,Federal Contract Tower,0,3,2,0,5,0,52,14,0,66,0,55,16,0,71,0,0,0,71
06/30/2010,GLS,TX,ASW,CE,Federal Contract Tower,0,0,9,0,9,0,13,0,0,13,0,13,9,0,22,0,0,0,22
07/01/2010,GLS,TX,ASW,CE,Federal Contract Tower,0,10,2,0,12,0,21,3,0,24,0,31,5,0,36,0,0,0,36
07/02/2010,GLS,TX,ASW,CE,Federal Contract Tower,0,9,6,2,17,0,62,7,0,69,0,71,13,2,86,0,0,0,86
07/03/2010,GLS,TX,ASW,CE,Federal Contract Tower,0,3,6,0,9,0,39,18,0,57,0,42,24,0,66,0,0,0,66
07/04/2010,GLS,TX,ASW,CE,Federal Contract Tower,0,0,8,0,8,0,33,16,0,49,0,33,24,0,57,18,0,18,75
07/05/2010,GLS,TX,ASW,CE,Federal Contract Tower,0,5,10,2,17,0,48,26,0,74,0,53,36,2,91,20,0,20,111
07/06/2010,GLS,TX,ASW,CE,Federal Contract Tower,0,7,2,8,17,0,41,11,0,52,0,48,13,8,69,32,0,32,101
07/07/2010,GLS,TX,ASW,CE,Federal Contract Tower,0,9,0,0,9,0,36,0,0,36,0,45,0,0,45,0,0,0,45
07/08/2010,GLS,TX,ASW,CE,Federal Contract Tower,0,0,2,2,4,0,32,4,0,36,0,32,6,2,40,0,0,0,40
07/09/2010,GLS,TX,ASW,CE,Federal Contract Tower,0,0,4,0,4,0,59,31,0,90,0,59,35,0,94,4,0,4,98
07/10/2010,GLS,TX,ASW,CE,Federal Contract Tower,0,0,7,0,7,0,47,66,0,113,0,47,73,0,120,12,0,12,132
07/11/2010,GLS,TX,ASW,CE,Federal Contract Tower,0,1,16,2,19,0,38,25,0,63,0,39,41,2,82,0,0,0,82
07/12/2010,GLS,TX,ASW,CE,Federal Contract Tower,0,0,8,0,8,0,47,25,0,72,0,47,33,0,80,30,0,30,110
07/13/2010,GLS,TX,ASW,CE,Federal Contract Tower,0,0,2,0,2,0,47,7,0,54,0,47,9,0,56,8,0,8,64
07/14/2010,GLS,TX,ASW,CE,Federal Contract Tower,0,0,4,0,4,0,111,27,0,138,0,111,31,0,142,30,0,30,172
07/15/2010,GLS,TX,ASW,CE,Federal Contract Tower,0,0,5,0,5,0,58,18,0,76,0,58,23,0,81,44,0,44,125
07/16/2010,GLS,TX,ASW,CE,Federal Contract Tower,0,3,5,2,10,0,48,18,0,66,0,51,23,2,76,4,0,4,80
07/17/2010,GLS,TX,ASW,CE,Federal Contract Tower,0,0,5,0,5,0,41,64,0,105,0,41,69,0,110,8,0,8,118
07/18/2010,GLS,TX,ASW,CE,Federal Contract Tower,0,0,6,0,6,0,21,18,0,39,0,21,24,0,45,2,0,2,47
07/19/2010,GLS,TX,ASW,CE,Federal Contract Tower,0,0,1,0,1,0,41,1,0,42,0,41,2,0,43,10,0,10,53
07/20/2010,GLS,TX,ASW,CE,Federal Contract Tower,0,0,1,0,1,0,57,3,0,60,0,57,4,0,61,0,0,0,61
07/21/2010,GLS,TX,ASW,CE,Federal Contract Tower,0,0,3,0,3,0,62,6,0,68,0,62,9,0,71,0,0,0,71
07/22/2010,GLS,TX,ASW,CE,Federal Contract Tower,0,0,6,0,6,0,55,5,0,60,0,55,11,0,66,40,0,40,106
07/23/2010,GLS,TX,ASW,CE,Federal Contract Tower,0,0,4,0,4,0,52,20,0,72,0,52,24,0,76,14,0,14,90
07/24/2010,GLS,TX,ASW,CE,Federal Contract Tower,0,1,8,0,9,0,26,64,0,90,0,27,72,0,99,52,0,52,151
07/25/2010,GLS,TX,ASW,CE,Federal Contract Tower,0,0,1,0,1,0,18,18,0,36,0,18,19,0,37,14,0,14,51
07/26/2010,GLS,TX,ASW,CE,Federal Contract Tower,0,3,4,0,7,0,33,6,0,39,0,36,10,0,46,0,0,0,46
07/27/2010,GLS,TX,ASW,CE,Federal Contract Tower,0,4,6,0,10,0,41,5,0,46,0,45,11,0,56,0,0,0,56
07/28/2010,GLS,TX,ASW,CE,Federal Contract Tower,0,4,5,0,9,0,50,10,3,63,0,54,15,3,72,4,0,4,76
07/29/2010,GLS,TX,ASW,CE,Federal Contract Tower,0,4,8,0,12,0,42,39,0,81,0,46,47,0,93,36,0,36,129
07/30/2010,GLS,TX,ASW,CE,Federal Contract Tower,0,2,4,0,6,0,45,28,0,73,0,47,32,0,79,38,0,38,117
07/31/2010,GLS,TX,ASW,CE,Federal Contract Tower,0,0,5,4,9,0,28,31,0,59,0,28,36,4,68,12,0,12,80
08/01/2010,GLS,TX,ASW,CE,Federal Contract Tower,0,3,7,0,10,0,34,21,0,55,0,37,28,0,65,12,0,12,77
08/02/2010,GLS,TX,ASW,CE,Federal Contract Tower,0,1,8,0,9,0,41,25,0,66,0,42,33,0,75,28,0,28,103
08/03/2010,GLS,TX,ASW,CE,Federal Contract Tower,0,2,2,0,4,0,58,19,0,77,0,60,21,0,81,36,0,36,117
08/04/2010,GLS,TX,ASW,CE,Federal Contract Tower,0,2,2,0,4,0,48,22,0,70,0,50,24,0,74,40,0,40,114
08/05/2010,GLS,TX,ASW,CE,Federal Contract Tower,0,4,4,0,8,0,33,18,0,51,0,37,22,0,59,46,0,46,105
08/06/2010,GLS,TX,ASW,CE,Federal Contract Tower,0,0,7,4,11,0,40,28,0,68,0,40,35,4,79,26,0,26,105
08/07/2010,GLS,TX,ASW,CE,Federal Contract Tower,0,1,4,0,5,0,16,35,2,53,0,17,39,2,58,18,4,22,80
08/08/2010,GLS,TX,ASW,CE,Federal Contract Tower,0,4,0,0,4,0,13,41,0,54,0,17,41,0,58,16,0,16,74
08/09/2010,GLS,TX,ASW,CE,Federal Contract Tower,0,7,6,0,13,0,27,9,0,36,0,34,15,0,49,8,0,8,57
08/10/2010,GLS,TX,ASW,CE,Federal Contract Tower,0,6,3,0,9,0,46,17,0,63,0,52,20,0,72,32,0,32,104
08/11/2010,GLS,TX,ASW,CE,Federal Contract Tower,0,5,8,2,15,0,44,21,0,65,0,49,29,2,80,12,0,12,92
08/12/2010,GLS,TX,ASW,CE,Federal Contract Tower,0,7,3,0,10,0,46,5,0,51,0,53,8,0,61,6,0,6,67
08/13/2010,GLS,TX,ASW,CE,Federal Contract Tower,0,1,5,0,6,0,46,30,0,76,0,47,35,0,82,22,0,22,104
08/14/2010,GLS,TX,ASW,CE,Federal Contract Tower,0,1,1,0,2,0,23,64,0,87,0,24,65,0,89,26,0,26,115
08/15/2010,GLS,TX,ASW,CE,Federal Contract Tower,0,2,4,0,6,0,19,42,0,61,0,21,46,0,67,38,0,38,105
08/16/2010,GLS,TX,ASW,CE,Federal Contract Tower,0,1,2,2,5,0,36,14,0,50,0,37,16,2,55,28,0,28,83
08/17/2010,GLS,TX,ASW,CE,Federal Contract Tower,0,2,3,2,7,0,57,12,0,69,0,59,15,2,76,2,0,2,78
08/18/2010,GLS,TX,ASW,CE,Federal Contract Tower,0,1,9,0,10,0,51,13,0,64,0,52,22,0,74,14,0,14,88
08/19/2010,GLS,TX,ASW,CE,Federal Contract Tower,0,0,2,0,2,0,36,18,0,54,0,36,20,0,56,6,0,6,62
08/20/2010,GLS,TX,ASW,CE,Federal Contract Tower,0,3,5,0,8,0,31,24,0,55,0,34,29,0,63,18,0,18,81
08/21/2010,GLS,TX,ASW,CE,Federal Contract Tower,0,5,0,2,7,0,39,55,0,94,0,44,55,2,101,16,0,16,117
08/22/2010,GLS,TX,ASW,CE,Federal Contract Tower,0,2,2,0,4,0,28,26,0,54,0,30,28,0,58,12,0,12,70
08/23/2010,GLS,TX,ASW,CE,Federal Contract Tower,0,9,2,0,11,0,43,15,0,58,0,52,17,0,69,6,0,6,75
08/24/2010,GLS,TX,ASW,CE,Federal Contract Tower,0,7,4,0,11,0,41,15,2,58,0,48,19,2,69,46,0,46,115
08/25/2010,GLS,TX,ASW,CE,Federal Contract Tower,0,6,7,0,13,0,59,30,0,89,0,65,37,0,102,116,0,116,218
08/26/2010,GLS,TX,ASW,CE,Federal Contract Tower,0,4,6,0,10,0,54,26,0,80,0,58,32,0,90,38,0,38,128
08/27/2010,GLS,TX,ASW,CE,Federal Contract Tower,0,10,4,1,15,0,51,34,0,85,0,61,38,1,100,26,2,28,128
08/28/2010,GLS,TX,ASW,CE,Federal Contract Tower,0,2,6,0,8,0,34,39,0,73,0,36,45,0,81,26,0,26,107
08/29/2010,GLS,TX,ASW,CE,Federal Contract Tower,0,2,4,0,6,0,24,34,0,58,0,26,38,0,64,4,0,4,68
08/30/2010,GLS,TX,ASW,CE,Federal Contract Tower,0,6,1,0,7,0,31,17,0,48,0,37,18,0,55,22,0,22,77
08/31/2010,GLS,TX,ASW,CE,Federal Contract Tower,0,5,3,0,8,0,39,9,0,48,0,44,12,0,56,52,0,52,108
09/01/2010,GLS,TX,ASW,CE,Federal Contract Tower,0,7,9,0,16,0,45,9,0,54,0,52,18,0,70,18,0,18,88
09/02/2010,GLS,TX,ASW,CE,Federal Contract Tower,0,5,3,0,8,0,34,9,0,43,0,39,12,0,51,20,0,20,71
09/03/2010,GLS,TX,ASW,CE,Federal Contract Tower,0,3,4,0,7,0,29,10,0,39,0,32,14,0,46,4,0,4,50
09/04/2010,GLS,TX,ASW,CE,Federal Contract Tower,0,9,2,0,11,0,45,34,0,79,0,54,36,0,90,18,0,18,108
09/05/2010,GLS,TX,ASW,CE,Federal Contract Tower,0,1,2,0,3,0,27,17,0,44,0,28,19,0,47,0,0,0,47
09/06/2010,GLS,TX,ASW,CE,Federal Contract Tower,0,5,4,0,9,0,22,10,0,32,0,27,14,0,41,0,0,0,41
09/07/2010,GLS,TX,ASW,CE,Federal Contract Tower,0,0,0,0,0,0,4,0,0,4,0,4,0,0,4,0,0,0,4
09/08/2010,GLS,TX,ASW,CE,Federal Contract Tower,0,8,5,0,13,0,65,6,0,71,0,73,11,0,84,10,0,10,94
09/09/2010,GLS,TX,ASW,CE,Federal Contract Tower,0,5,3,0,8,0,40,20,0,60,0,45,23,0,68,24,0,24,92
09/10/2010,GLS,TX,ASW,CE,Federal Contract Tower,0,4,8,2,14,0,39,15,0,54,0,43,23,2,68,12,0,12,80
09/11/2010,GLS,TX,ASW,CE,Federal Contract Tower,0,5,11,0,16,0,25,40,0,65,0,30,51,0,81,28,0,28,109
09/12/2010,GLS,TX,ASW,CE,Federal Contract Tower,0,2,10,0,12,0,19,19,0,38,0,21,29,0,50,14,0,14,64
09/13/2010,GLS,TX,ASW,CE,Federal Contract Tower,0,2,2,0,4,0,34,16,0,50,0,36,18,0,54,32,0,32,86
09/14/2010,GLS,TX,ASW,CE,Federal Contract Tower,0,4,5,2,11,0,50,10,0,60,0,54,15,2,71,8,0,8,79
09/15/2010,GLS,TX,ASW,CE,Federal Contract Tower,0,3,2,0,5,0,54,15,0,69,0,57,17,0,74,22,0,22,96
09/16/2010,GLS,TX,ASW,CE,Federal Contract Tower,0,3,0,0,3,0,40,9,1,50,0,43,9,1,53,22,0,22,75
09/17/2010,GLS,TX,ASW,CE,Federal Contract Tower,0,5,3,0,8,0,15,9,0,24,0,20,12,0,32,0,0,0,32
09/18/2010,GLS,TX,ASW,CE,Federal Contract Tower,0,3,1,0,4,0,6,5,0,11,0,9,6,0,15,2,0,2,17
09/19/2010,GLS,TX,ASW,CE,Federal Contract Tower,0,0,2,0,2,0,14,15,0,29,0,14,17,0,31,8,0,8,39
09/20/2010,GLS,TX,ASW,CE,Federal Contract Tower,0,4,9,0,13,0,34,12,0,46,0,38,21,0,59,20,0,20,79
09/21/2010,GLS,TX,ASW,CE,Federal Contract Tower,0,3,0,0,3,0,38,4,0,42,0,41,4,0,45,10,0,10,55
09/22/2010,GLS,TX,ASW,CE,Federal Contract Tower,0,8,3,0,11,0,59,9,0,68,0,67,12,0,79,22,0,22,101
09/23/2010,GLS,TX,ASW,CE,Federal Contract Tower,0,4,6,0,10,0,46,21,0,67,0,50,27,0,77,24,0,24,101
09/24/2010,GLS,TX,ASW,CE,Federal Contract Tower,0,2,6,0,8,0,36,14,2,52,0,38,20,2,60,6,0,6,66
09/25/2010,GLS,TX,ASW,CE,Federal Contract Tower,0,0,5,0,5,0,35,57,0,92,0,35,62,0,97,8,0,8,105
09/26/2010,GLS,TX,ASW,CE,Federal Contract Tower,0,6,3,0,9,0,30,22,0,52,0,36,25,0,61,18,0,18,79
09/27/2010,GLS,TX,ASW,CE,Federal Contract Tower,0,7,3,2,12,0,37,5,0,42,0,44,8,2,54,2,0,2,56
09/28/2010,GLS,TX,ASW,CE,Federal Contract Tower,0,3,3,0,6,0,23,23,0,46,0,26,26,0,52,22,0,22,74
09/29/2010,GLS,TX,ASW,CE,Federal Contract Tower,0,3,0,0,3,0,55,22,0,77,0,58,22,0,80,38,0,38,118
09/30/2010,GLS,TX,ASW,CE,Federal Contract Tower,0,2,3,0,5,0,47,14,0,61,0,49,17,0,66,42,0,42,108
10/01/2010,GLS,TX,ASW,CE,Federal Contract Tower,0,4,2,0,6,0,41,37,0,78,0,45,39,0,84,24,0,24,108
10/02/2010,GLS,TX,ASW,CE,Federal Contract Tower,0,1,1,0,2,0,34,54,0,88,0,35,55,0,90,30,0,30,120
10/03/2010,GLS,TX,ASW,CE,Federal Contract Tower,0,1,8,0,9,0,22,41,0,63,0,23,49,0,72,8,0,8,80
10/04/2010,GLS,TX,ASW,CE,Federal Contract Tower,0,4,7,0,11,0,40,22,0,62,0,44,29,0,73,40,0,40,113
10/05/2010,GLS,TX,ASW,CE,Federal Contract Tower,0,2,6,0,8,0,48,8,0,56,0,50,14,0,64,8,0,8,72
10/06/2010,GLS,TX,ASW,CE,Federal Contract Tower,0,2,5,0,7,0,77,29,0,106,0,79,34,0,113,32,0,32,145
10/07/2010,GLS,TX,ASW,CE,Federal Contract Tower,0,2,3,2,7,0,40,22,0,62,0,42,25,2,69,34,0,34,103
10/08/2010,GLS,TX,ASW,CE,Federal Contract Tower,0,2,10,2,14,0,40,31,0,71,0,42,41,2,85,34,0,34,119
10/09/2010,GLS,TX,ASW,CE,Federal Contract Tower,0,0,6,0,6,0,15,47,0,62,0,15,53,0,68,6,0,6,74
10/10/2010,GLS,TX,ASW,CE,Federal Contract Tower,0,2,5,0,7,0,16,38,0,54,0,18,43,0,61,12,0,12,73
10/11/2010,GLS,TX,ASW,CE,Federal Contract Tower,0,4,9,0,13,0,34,14,0,48,0,38,23,0,61,12,0,12,73
10/12/2010,GLS,TX,ASW,CE,Federal Contract Tower,0,3,5,4,12,0,25,9,0,34,0,28,14,4,46,20,0,20,66
10/13/2010,GLS,TX,ASW,CE,Federal Contract Tower,0,0,8,0,8,0,66,9,0,75,0,66,17,0,83,10,0,10,93
10/14/2010,GLS,TX,ASW,CE,Federal Contract Tower,0,0,0,4,4,0,50,18,0,68,0,50,18,4,72,24,0,24,96
10/15/2010,GLS,TX,ASW,CE,Federal Contract Tower,0,0,5,0,5,0,33,38,4,75,0,33,43,4,80,6,2,8,88
10/16/2010,GLS,TX,ASW,CE,Federal Contract Tower,0,2,8,0,10,0,29,79,0,108,0,31,87,0,118,20,0,20,138
10/17/2010,GLS,TX,ASW,CE,Federal Contract Tower,0,1,9,0,10,0,14,35,0,49,0,15,44,0,59,14,0,14,73
10/18/2010,GLS,TX,ASW,CE,Federal Contract Tower,0,2,6,0,8,0,25,3,0,28,0,27,9,0,36,28,0,28,64
10/19/2010,GLS,TX,ASW,CE,Federal Contract Tower,0,5,4,0,9,0,42,13,0,55,0,47,17,0,64,20,0,20,84
10/20/2010,GLS,TX,ASW,CE,Federal Contract Tower,0,2,5,0,7,0,57,36,0,93,0,59,41,0,100,44,0,44,144
10/21/2010,GLS,TX,ASW,CE,Federal Contract Tower,0,1,6,0,7,0,44,43,0,87,0,45,49,0,94,68,2,70,164
10/22/2010,GLS,TX,ASW,CE,Federal Contract Tower,0,4,6,0,10,0,32,24,0,56,0,36,30,0,66,20,0,20,86
10/23/2010,GLS,TX,ASW,CE,Federal Contract Tower,0,5,7,0,12,0,23,26,0,49,0,28,33,0,61,12,0,12,73
10/24/2010,GLS,TX,ASW,CE,Federal Contract Tower,0,2,12,0,14,0,21,26,2,49,0,23,38,2,63,8,0,8,71
10/25/2010,GLS,TX,ASW,CE,Federal Contract Tower,0,4,10,0,14,0,20,9,0,29,0,24,19,0,43,6,0,6,49
10/26/2010,GLS,TX,ASW,CE,Federal Contract Tower,0,7,3,0,10,0,36,16,0,52,0,43,19,0,62,0,0,0,62
10/27/2010,GLS,TX,ASW,CE,Federal Contract Tower,0,10,19,2,31,0,34,13,0,47,0,44,32,2,78,18,0,18,96
10/28/2010,GLS,TX,ASW,CE,Federal Contract Tower,0,4,6,0,10,0,28,8,0,36,0,32,14,0,46,2,0,2,48
10/29/2010,GLS,TX,ASW,CE,Federal Contract Tower,0,2,3,0,5,0,43,24,0,67,0,45,27,0,72,44,0,44,116
10/30/2010,GLS,TX,ASW,CE,Federal Contract Tower,0,0,6,0,6,0,36,96,0,132,0,36,102,0,138,32,0,32,170
10/31/2010,GLS,TX,ASW,CE,Federal Contract Tower,0,0,2,0,2,0,20,20,0,40,0,20,22,0,42,24,0,24,66
11/01/2010,GLS,TX,ASW,CE,Federal Contract Tower,0,3,0,0,3,0,20,2,0,22,0,23,2,0,25,2,0,2,27
11/02/2010,GLS,TX,ASW,CE,Federal Contract Tower,0,3,6,0,9,0,22,1,0,23,0,25,7,0,32,42,0,42,74
11/03/2010,GLS,TX,ASW,CE,Federal Contract Tower,0,23,2,0,25,0,28,0,0,28,0,51,2,0,53,4,0,4,57
11/04/2010,GLS,TX,ASW,CE,Federal Contract Tower,0,1,4,0,5,0,40,7,0,47,0,41,11,0,52,28,0,28,80
11/05/2010,GLS,TX,ASW,CE,Federal Contract Tower,0,2,3,0,5,0,34,40,0,74,0,36,43,0,79,6,0,6,85
11/06/2010,GLS,TX,ASW,CE,Federal Contract Tower,0,0,7,0,7,0,34,57,0,91,0,34,64,0,98,4,0,4,102
11/07/2010,GLS,TX,ASW,CE,Federal Contract Tower,0,0,5,0,5,0,24,47,0,71,0,24,52,0,76,4,0,4,80
11/08/2010,GLS,TX,ASW,CE,Federal Contract Tower,0,2,1,0,3,0,35,24,0,59,0,37,25,0,62,2,0,2,64
11/09/2010,GLS,TX,ASW,CE,Federal Contract Tower,0,0,4,0,4,0,30,22,0,52,0,30,26,0,56,34,0,34,90
11/10/2010,GLS,TX,ASW,CE,Federal Contract Tower,0,7,7,2,16,0,51,20,2,73,0,58,27,4,89,38,0,38,127
11/11/2010,GLS,TX,ASW,CE,Federal Contract Tower,0,3,10,0,13,0,42,12,0,54,0,45,22,0,67,0,0,0,67
11/12/2010,GLS,TX,ASW,CE,Federal Contract Tower,0,3,5,0,8,0,37,15,0,52,0,40,20,0,60,24,0,24,84
11/13/2010,GLS,TX,ASW,CE,Federal Contract Tower,0,5,10,0,15,0,13,14,0,27,0,18,24,0,42,0,0,0,42
11/14/2010,GLS,TX,ASW,CE,Federal Contract Tower,0,2,3,0,5,0,26,14,0,40,0,28,17,0,45,0,0,0,45
11/15/2010,GLS,TX,ASW,CE,Federal Contract Tower,0,17,16,0,33,0,24,7,0,31,0,41,23,0,64,2,0,2,66
11/16/2010,GLS,TX,ASW,CE,Federal Contract Tower,0,6,0,2,8,0,43,34,0,77,0,49,34,2,85,14,0,14,99
11/17/2010,GLS,TX,ASW,CE,Federal Contract Tower,0,6,1,2,9,0,55,31,0,86,0,61,32,2,95,2,2,4,99
11/18/2010,GLS,TX,ASW,CE,Federal Contract Tower,0,5,5,0,10,0,60,27,0,87,0,65,32,0,97,12,0,12,109
11/19/2010,GLS,TX,ASW,CE,Federal Contract Tower,0,3,9,0,12,0,30,39,2,71,0,33,48,2,83,6,0,6,89
11/20/2010,GLS,TX,ASW,CE,Federal Contract Tower,0,3,7,0,10,0,37,54,0,91,0,40,61,0,101,14,0,14,115
11/21/2010,GLS,TX,ASW,CE,Federal Contract Tower,0,2,5,0,7,0,26,14,0,40,0,28,19,0,47,12,0,12,59
11/22/2010,GLS,TX,ASW,CE,Federal Contract Tower,0,8,6,0,14,0,28,15,2,45,0,36,21,2,59,8,0,8,67
11/23/2010,GLS,TX,ASW,CE,Federal Contract Tower,0,6,4,0,10,0,49,17,0,66,0,55,21,0,76,12,0,12,88
11/24/2010,GLS,TX,ASW,CE,Federal Contract Tower,0,5,9,0,14,0,50,22,0,72,0,55,31,0,86,10,0,10,96
11/25/2010,GLS,TX,ASW,CE,Federal Contract Tower,0,5,0,0,5,0,38,1,0,39,0,43,1,0,44,2,0,2,46
11/26/2010,GLS,TX,ASW,CE,Federal Contract Tower,0,5,0,0,5,0,19,9,0,28,0,24,9,0,33,12,0,12,45
11/27/2010,GLS,TX,ASW,CE,Federal Contract Tower,0,1,11,0,12,0,16,26,0,42,0,17,37,0,54,30,0,30,84
11/28/2010,GLS,TX,ASW,CE,Federal Contract Tower,0,4,2,1,7,0,23,27,0,50,0,27,29,1,57,6,0,6,63
11/29/2010,GLS,TX,ASW,CE,Federal Contract Tower,0,6,1,0,7,0,25,1,0,26,0,31,2,0,33,6,0,6,39
11/30/2010,GLS,TX,ASW,CE,Federal Contract Tower,0,7,2,0,9,0,23,4,0,27,0,30,6,0,36,0,0,0,36
12/01/2010,GLS,TX,ASW,CE,Federal Contract Tower,0,2,2,0,4,0,58,24,0,82,0,60,26,0,86,2,0,2,88
12/02/2010,GLS,TX,ASW,CE,Federal Contract Tower,0,2,3,0,5,0,40,22,2,64,0,42,25,2,69,14,0,14,83
12/03/2010,GLS,TX,ASW,CE,Federal Contract Tower,0,4,5,0,9,0,41,22,0,63,0,45,27,0,72,64,0,64,136
12/04/2010,GLS,TX,ASW,CE,Federal Contract Tower,0,1,1,2,4,0,27,29,6,62,0,28,30,8,66,24,2,26,92
12/05/2010,GLS,TX,ASW,CE,Federal Contract Tower,0,1,7,0,8,0,22,17,3,42,0,23,24,3,50,6,0,6,56
12/06/2010,GLS,TX,ASW,CE,Federal Contract Tower,0,5,3,0,8,0,28,21,0,49,0,33,24,0,57,54,0,54,111
12/07/2010,GLS,TX,ASW,CE,Federal Contract Tower,0,5,3,0,8,0,40,14,0,54,0,45,17,0,62,4,0,4,66
12/08/2010,GLS,TX,ASW,CE,Federal Contract Tower,0,6,5,0,11,0,57,4,0,61,0,63,9,0,72,12,0,12,84
12/09/2010,GLS,TX,ASW,CE,Federal Contract Tower,0,1,7,0,8,0,41,14,0,55,0,42,21,0,63,36,0,36,99
12/10/2010,GLS,TX,ASW,CE,Federal Contract Tower,0,1,4,2,7,0,39,32,0,71,0,40,36,2,78,14,0,14,92
12/11/2010,GLS,TX,ASW,CE,Federal Contract Tower,0,5,5,0,10,0,22,21,0,43,0,27,26,0,53,12,0,12,65
12/12/2010,GLS,TX,ASW,CE,Federal Contract Tower,0,1,6,0,7,0,9,37,0,46,0,10,43,0,53,18,0,18,71
12/13/2010,GLS,TX,ASW,CE,Federal Contract Tower,0,6,5,0,11,0,28,13,0,41,0,34,18,0,52,12,0,12,64
12/14/2010,GLS,TX,ASW,CE,Federal Contract Tower,0,2,2,2,6,0,29,17,0,46,0,31,19,2,52,4,0,4,56
12/15/2010,GLS,TX,ASW,CE,Federal Contract Tower,0,8,2,0,10,0,48,13,0,61,0,56,15,0,71,22,0,22,93
12/16/2010,GLS,TX,ASW,CE,Federal Contract Tower,0,8,3,0,11,0,36,13,0,49,0,44,16,0,60,20,0,20,80
12/17/2010,GLS,TX,ASW,CE,Federal Contract Tower,0,8,2,0,10,0,27,3,0,30,0,35,5,0,40,4,0,4,44
12/18/2010,GLS,TX,ASW,CE,Federal Contract Tower,0,3,3,0,6,0,27,35,0,62,0,30,38,0,68,44,0,44,112
12/19/2010,GLS,TX,ASW,CE,Federal Contract Tower,0,0,4,0,4,0,19,45,0,64,0,19,49,0,68,14,0,14,82
12/20/2010,GLS,TX,ASW,CE,Federal Contract Tower,0,4,3,0,7,0,26,4,2,32,0,30,7,2,39,12,0,12,51
12/21/2010,GLS,TX,ASW,CE,Federal Contract Tower,0,9,2,2,13,0,25,9,0,34,0,34,11,2,47,12,0,12,59
12/22/2010,GLS,TX,ASW,CE,Federal Contract Tower,0,12,5,0,17,0,6,9,0,15,0,18,14,0,32,6,0,6,38
12/23/2010,GLS,TX,ASW,CE,Federal Contract Tower,0,13,0,0,13,0,26,8,0,34,0,39,8,0,47,8,0,8,55
12/24/2010,GLS,TX,ASW,CE,Federal Contract Tower,0,2,5,0,7,0,31,10,0,41,0,33,15,0,48,2,0,2,50
12/25/2010,GLS,TX,ASW,CE,Federal Contract Tower,0,0,3,0,3,0,6,1,0,7,0,6,4,0,10,0,0,0,10
12/26/2010,GLS,TX,ASW,CE,Federal Contract Tower,0,1,6,0,7,0,11,38,0,49,0,12,44,0,56,40,0,40,96
12/27/2010,GLS,TX,ASW,CE,Federal Contract Tower,0,1,2,0,3,0,34,11,0,45,0,35,13,0,48,18,0,18,66
12/28/2010,GLS,TX,ASW,CE,Federal Contract Tower,0,1,3,0,4,0,41,10,0,51,0,42,13,0,55,22,0,22,77
12/29/2010,GLS,TX,ASW,CE,Federal Contract Tower,0,11,0,0,11,0,29,1,0,30,0,40,1,0,41,4,0,4,45
12/30/2010,GLS,TX,ASW,CE,Federal Contract Tower,0,10,1,0,11,0,29,3,0,32,0,39,4,0,43,2,0,2,45
12/31/2010,GLS,TX,ASW,CE,Federal Contract Tower,0,4,1,0,5,0,4,0,0,4,0,8,1,0,9,2,0,2,11
01/01/2011,GLS,TX,ASW,CE,Federal Contract Tower,0,2,4,0,6,0,28,9,0,37,0,30,13,0,43,0,0,0,43
01/02/2011,GLS,TX,ASW,CE,Federal Contract Tower,0,2,21,0,23,0,17,33,0,50,0,19,54,0,73,22,0,22,95
01/03/2011,GLS,TX,ASW,CE,Federal Contract Tower,0,2,3,0,5,0,30,15,0,45,0,32,18,0,50,8,0,8,58
01/04/2011,GLS,TX,ASW,CE,Federal Contract Tower,0,8,0,0,8,0,42,4,0,46,0,50,4,0,54,2,0,2,56
01/05/2011,GLS,TX,ASW,CE,Federal Contract Tower,0,13,0,0,13,0,30,13,0,43,0,43,13,0,56,8,0,8,64
01/06/2011,GLS,TX,ASW,CE,Federal Contract Tower,0,4,0,0,4,0,56,25,0,81,0,60,25,0,85,30,2,32,117
01/07/2011,GLS,TX,ASW,CE,Federal Contract Tower,0,2,1,0,3,0,42,43,0,85,0,44,44,0,88,60,0,60,148
01/08/2011,GLS,TX,ASW,CE,Federal Contract Tower,0,1,4,0,5,0,19,32,0,51,0,20,36,0,56,6,0,6,62
01/09/2011,GLS,TX,ASW,CE,Federal Contract Tower,0,0,1,0,1,0,1,1,0,2,0,1,2,0,3,0,0,0,3
01/10/2011,GLS,TX,ASW,CE,Federal Contract Tower,0,21,3,0,24,0,17,0,0,17,0,38,3,0,41,0,0,0,41
01/11/2011,GLS,TX,ASW,CE,Federal Contract Tower,0,0,3,0,3,0,31,2,0,33,0,31,5,0,36,40,0,40,76
01/12/2011,GLS,TX,ASW,CE,Federal Contract Tower,0,2,2,0,4,0,36,4,0,40,0,38,6,0,44,0,0,0,44
01/13/2011,GLS,TX,ASW,CE,Federal Contract Tower,0,3,7,0,10,0,52,30,2,84,0,55,37,2,94,40,0,40,134
01/14/2011,GLS,TX,ASW,CE,Federal Contract Tower,0,6,6,0,12,0,40,15,0,55,0,46,21,0,67,2,0,2,69
01/15/2011,GLS,TX,ASW,CE,Federal Contract Tower,0,2,8,0,10,0,22,19,0,41,0,24,27,0,51,8,0,8,59
01/16/2011,GLS,TX,ASW,CE,Federal Contract Tower,0,5,1,0,6,0,3,0,0,3,0,8,1,0,9,0,0,0,9
01/17/2011,GLS,TX,ASW,CE,Federal Contract Tower,0,11,8,0,19,0,7,4,0,11,0,18,12,0,30,10,0,10,40
01/18/2011,GLS,TX,ASW,CE,Federal Contract Tower,0,15,5,2,22,0,7,0,0,7,0,22,5,2,29,0,0,0,29
01/19/2011,GLS,TX,ASW,CE,Federal Contract Tower,0,3,6,0,9,0,53,30,0,83,0,56,36,0,92,58,0,58,150
01/20/2011,GLS,TX,ASW,CE,Federal Contract Tower,0,5,11,0,16,0,22,2,0,24,0,27,13,0,40,2,0,2,42
01/21/2011,GLS,TX,ASW,CE,Federal Contract Tower,0,2,8,0,10,0,36,15,0,51,0,38,23,0,61,26,0,26,87
01/22/2011,GLS,TX,ASW,CE,Federal Contract Tower,0,0,13,2,15,0,31,84,0,115,0,31,97,2,130,34,0,34,164
01/23/2011,GLS,TX,ASW,CE,Federal Contract Tower,0,1,6,0,7,0,18,20,0,38,0,19,26,0,45,12,0,12,57
01/24/2011,GLS,TX,ASW,CE,Federal Contract Tower,0,17,1,0,18,0,0,0,0,0,0,17,1,0,18,0,0,0,18
01/25/2011,GLS,TX,ASW,CE,Federal Contract Tower,0,15,2,2,19,0,31,8,0,39,0,46,10,2,58,20,0,20,78
01/26/2011,GLS,TX,ASW,CE,Federal Contract Tower,0,1,2,0,3,0,52,28,0,80,0,53,30,0,83,34,0,34,117
01/27/2011,GLS,TX,ASW,CE,Federal Contract Tower,0,0,1,0,1,0,49,20,0,69,0,49,21,0,70,22,0,22,92
01/28/2011,GLS,TX,ASW,CE,Federal Contract Tower,0,0,9,4,13,0,28,21,0,49,0,28,30,4,62,18,0,18,80
01/29/2011,GLS,TX,ASW,CE,Federal Contract Tower,0,0,12,0,12,0,28,17,0,45,0,28,29,0,57,10,0,10,67
01/30/2011,GLS,TX,ASW,CE,Federal Contract Tower,0,0,4,0,4,0,15,2,0,17,0,15,6,0,21,8,0,8,29
01/31/2011,GLS,TX,ASW,CE,Federal Contract Tower,0,6,4,0,10,0,6,2,0,8,0,12,6,0,18,0,0,0,18
02/01/2011,GLS,TX,ASW,CE,Federal Contract Tower,0,3,1,0,4,0,13,0,0,13,0,16,1,0,17,0,0,0,17
02/02/2011,GLS,TX,ASW,CE,Federal Contract Tower,0,0,0,0,0,0,27,3,0,30,0,27,3,0,30,14,0,14,44
02/03/2011,GLS,TX,ASW,CE,Federal Contract Tower,0,1,1,0,2,0,4,2,2,8,0,5,3,2,10,0,0,0,10
02/04/2011,GLS,TX,ASW,CE,Federal Contract Tower,0,1,2,0,3,0,2,0,0,2,0,3,2,0,5,0,0,0,5
02/05/2011,GLS,TX,ASW,CE,Federal Contract Tower,0,0,2,0,2,0,37,31,0,68,0,37,33,0,70,10,0,10,80
02/06/2011,GLS,TX,ASW,CE,Federal Contract Tower,0,1,8,0,9,0,41,32,0,73,0,42,40,0,82,4,0,4,86
02/07/2011,GLS,TX,ASW,CE,Federal Contract Tower,0,4,2,2,8,0,24,12,0,36,0,28,14,2,44,20,0,20,64
02/08/2011,GLS,TX,ASW,CE,Federal Contract Tower,0,1,6,0,7,0,39,8,0,47,0,40,14,0,54,18,0,18,72
02/09/2011,GLS,TX,ASW,CE,Federal Contract Tower,0,9,2,0,11,0,7,0,0,7,0,16,2,0,18,0,0,0,18
02/10/2011,GLS,TX,ASW,CE,Federal Contract Tower,0,3,5,0,8,0,42,15,0,57,0,45,20,0,65,82,0,82,147
02/11/2011,GLS,TX,ASW,CE,Federal Contract Tower,0,1,0,0,1,0,28,32,0,60,0,29,32,0,61,18,0,18,79
02/12/2011,GLS,TX,ASW,CE,Federal Contract Tower,0,0,2,0,2,0,21,54,0,75,0,21,56,0,77,4,4,8,85
02/13/2011,GLS,TX,ASW,CE,Federal Contract Tower,0,2,3,2,7,0,25,38,0,63,0,27,41,2,70,10,0,10,80
02/14/2011,GLS,TX,ASW,CE,Federal Contract Tower,0,0,3,0,3,0,33,5,0,38,0,33,8,0,41,2,0,2,43
02/15/2011,GLS,TX,ASW,CE,Federal Contract Tower,0,2,8,2,12,0,41,5,0,46,0,43,13,2,58,12,0,12,70
02/16/2011,GLS,TX,ASW,CE,Federal Contract Tower,0,3,3,1,7,0,54,9,0,63,0,57,12,1,70,0,0,0,70
02/17/2011,GLS,TX,ASW,CE,Federal Contract Tower,0,2,4,0,6,0,44,6,0,50,0,46,10,0,56,2,0,2,58
02/18/2011,GLS,TX,ASW,CE,Federal Contract Tower,0,7,7,0,14,0,17,8,0,25,0,24,15,0,39,8,0,8,47
02/19/2011,GLS,TX,ASW,CE,Federal Contract Tower,0,2,7,0,9,0,0,0,0,0,0,2,7,0,9,0,0,0,9
02/20/2011,GLS,TX,ASW,CE,Federal Contract Tower,0,3,2,0,5,0,19,19,0,38,0,22,21,0,43,0,0,0,43
02/21/2011,GLS,TX,ASW,CE,Federal Contract Tower,0,5,10,0,15,0,24,2,0,26,0,29,12,0,41,4,0,4,45
02/22/2011,GLS,TX,ASW,CE,Federal Contract Tower,0,9,5,0,14,0,3,4,0,7,0,12,9,0,21,0,0,0,21
02/23/2011,GLS,TX,ASW,CE,Federal Contract Tower,0,13,6,0,19,0,0,0,0,0,0,13,6,0,19,0,0,0,19
02/24/2011,GLS,TX,ASW,CE,Federal Contract Tower,0,6,2,0,8,0,0,0,0,0,0,6,2,0,8,0,0,0,8
02/25/2011,GLS,TX,ASW,CE,Federal Contract Tower,0,2,6,0,8,0,35,34,0,69,0,37,40,0,77,18,0,18,95
02/26/2011,GLS,TX,ASW,CE,Federal Contract Tower,0,11,7,0,18,0,2,4,0,6,0,13,11,0,24,0,0,0,24
02/27/2011,GLS,TX,ASW,CE,Federal Contract Tower,0,1,12,0,13,0,10,5,0,15,0,11,17,0,28,0,0,0,28
02/28/2011,GLS,TX,ASW,CE,Federal Contract Tower,0,6,3,0,9,0,30,11,0,41,0,36,14,0,50,0,0,0,50
03/01/2011,GLS,TX,ASW,CE,Federal Contract Tower,0,1,6,0,7,0,23,18,0,41,0,24,24,0,48,32,0,32,80
03/02/2011,GLS,TX,ASW,CE,Federal Contract Tower,0,2,1,0,3,0,41,32,0,73,0,43,33,0,76,28,0,28,104
03/03/2011,GLS,TX,ASW,CE,Federal Contract Tower,0,12,10,0,22,0,17,2,0,19,0,29,12,0,41,6,0,6,47
03/04/2011,GLS,TX,ASW,CE,Federal Contract Tower,0,6,7,0,13,0,1,7,0,8,0,7,14,0,21,0,0,0,21
03/05/2011,GLS,TX,ASW,CE,Federal Contract Tower,0,6,2,0,8,0,13,1,0,14,0,19,3,0,22,0,0,0,22
03/06/2011,GLS,TX,ASW,CE,Federal Contract Tower,0,4,8,0,12,0,21,50,0,71,0,25,58,0,83,22,0,22,105
03/07/2011,GLS,TX,ASW,CE,Federal Contract Tower,0,6,3,0,9,0,42,4,0,46,0,48,7,0,55,16,2,18,73
03/08/2011,GLS,TX,ASW,CE,Federal Contract Tower,0,4,4,0,8,0,9,0,0,9,0,13,4,0,17,0,0,0,17
03/09/2011,GLS,TX,ASW,CE,Federal Contract Tower,0,6,3,2,11,0,56,14,0,70,0,62,17,2,81,0,0,0,81
03/10/2011,GLS,TX,ASW,CE,Federal Contract Tower,0,4,3,0,7,0,42,27,0,69,0,46,30,0,76,24,0,24,100
03/11/2011,GLS,TX,ASW,CE,Federal Contract Tower,0,2,1,0,3,0,30,22,0,52,0,32,23,0,55,14,0,14,69
03/12/2011,GLS,TX,ASW,CE,Federal Contract Tower,0,2,8,0,10,0,16,97,0,113,0,18,105,0,123,46,0,46,169
03/13/2011,GLS,TX,ASW,CE,Federal Contract Tower,0,1,8,0,9,0,14,9,0,23,0,15,17,0,32,2,0,2,34
03/14/2011,GLS,TX,ASW,CE,Federal Contract Tower,0,8,4,0,12,0,18,5,0,23,0,26,9,0,35,0,0,0,35
03/15/2011,GLS,TX,ASW,CE,Federal Contract Tower,0,2,4,0,6,0,37,22,2,61,0,39,26,2,67,8,0,8,75
03/16/2011,GLS,TX,ASW,CE,Federal Contract Tower,0,12,9,0,21,0,23,6,0,29,0,35,15,0,50,0,0,0,50
03/17/2011,GLS,TX,ASW,CE,Federal Contract Tower,0,5,5,0,10,0,24,20,0,44,0,29,25,0,54,64,0,64,118
03/18/2011,GLS,TX,ASW,CE,Federal Contract Tower,0,6,11,0,17,0,30,31,0,61,0,36,42,0,78,54,0,54,132
03/19/2011,GLS,TX,ASW,CE,Federal Contract Tower,0,1,6,0,7,0,12,24,0,36,0,13,30,0,43,8,0,8,51
03/20/2011,GLS,TX,ASW,CE,Federal Contract Tower,0,0,14,0,14,0,19,32,0,51,0,19,46,0,65,26,0,26,91
03/21/2011,GLS,TX,ASW,CE,Federal Contract Tower,0,4,2,0,6,0,28,8,0,36,0,32,10,0,42,38,0,38,80
03/22/2011,GLS,TX,ASW,CE,Federal Contract Tower,0,4,4,0,8,0,28,11,0,39,0,32,15,0,47,0,0,0,47
03/23/2011,GLS,TX,ASW,CE,Federal Contract Tower,0,20,9,0,29,0,15,21,0,36,0,35,30,0,65,8,0,8,73
03/24/2011,GLS,TX,ASW,CE,Federal Contract Tower,0,8,1,0,9,0,18,22,0,40,0,26,23,0,49,40,0,40,89
03/25/2011,GLS,TX,ASW,CE,Federal Contract Tower,0,2,8,0,10,0,39,25,0,64,0,41,33,0,74,2,0,2,76
03/26/2011,GLS,TX,ASW,CE,Federal Contract Tower,0,1,14,0,15,0,22,22,0,44,0,23,36,0,59,10,0,10,69
03/27/2011,GLS,TX,ASW,CE,Federal Contract Tower,0,2,8,0,10,0,17,13,0,30,0,19,21,0,40,0,0,0,40
03/28/2011,GLS,TX,ASW,CE,Federal Contract Tower,0,9,8,0,17,0,25,8,0,33,0,34,16,0,50,0,0,0,50
03/29/2011,GLS,TX,ASW,CE,Federal Contract Tower,0,9,6,0,15,0,2,0,0,2,0,11,6,0,17,0,0,0,17
03/30/2011,GLS,TX,ASW,CE,Federal Contract Tower,0,2,5,0,7,0,42,11,0,53,0,44,16,0,60,0,0,0,60
03/31/2011,GLS,TX,ASW,CE,Federal Contract Tower,0,2,1,0,3,0,27,16,0,43,0,29,17,0,46,24,0,24,70
04/01/2011,GLS,TX,ASW,CE,Federal Contract Tower,0,2,5,0,7,0,34,41,2,77,0,36,46,2,84,10,0,10,94
04/02/2011,GLS,TX,ASW,CE,Federal Contract Tower,0,1,8,0,9,0,26,40,0,66,0,27,48,0,75,6,0,6,81
04/03/2011,GLS,TX,ASW,CE,Federal Contract Tower,0,3,19,0,22,0,17,10,0,27,0,20,29,0,49,2,0,2,51
04/04/2011,GLS,TX,ASW,CE,Federal Contract Tower,0,10,3,0,13,0,11,1,0,12,0,21,4,0,25,4,0,4,29
04/05/2011,GLS,TX,ASW,CE,Federal Contract Tower,0,4,3,0,7,0,20,23,0,43,0,24,26,0,50,76,0,76,126
04/06/2011,GLS,TX,ASW,CE,Federal Contract Tower,0,1,5,0,6,0,39,22,0,61,0,40,27,0,67,20,0,20,87
04/07/2011,GLS,TX,ASW,CE,Federal Contract Tower,0,4,5,0,9,0,17,15,1,33,0,21,20,1,42,32,0,32,74
04/08/2011,GLS,TX,ASW,CE,Federal Contract Tower,0,6,6,2,14,0,13,14,0,27,0,19,20,2,41,14,0,14,55
04/09/2011,GLS,TX,ASW,CE,Federal Contract Tower,0,5,19,2,26,0,14,9,0,23,0,19,28,2,49,14,0,14,63
04/10/2011,GLS,TX,ASW,CE,Federal Contract Tower,0,7,18,0,25,0,11,8,0,19,0,18,26,0,44,12,0,12,56
04/11/2011,GLS,TX,ASW,CE,Federal Contract Tower,0,5,2,0,7,0,27,12,0,39,0,32,14,0,46,8,0,8,54
04/12/2011,GLS,TX,ASW,CE,Federal Contract Tower,0,2,5,0,7,0,30,28,0,58,0,32,33,0,65,8,0,8,73
04/13/2011,GLS,TX,ASW,CE,Federal Contract Tower,0,2,3,0,5,0,42,27,0,69,0,44,30,0,74,38,0,38,112
04/14/2011,GLS,TX,ASW,CE,Federal Contract Tower,0,10,5,0,15,0,15,10,0,25,0,25,15,0,40,0,0,0,40
04/15/2011,GLS,TX,ASW,CE,Federal Contract Tower,0,4,10,0,14,0,24,24,0,48,0,28,34,0,62,20,0,20,82
04/16/2011,GLS,TX,ASW,CE,Federal Contract Tower,0,2,5,0,7,0,22,82,0,104,0,24,87,0,111,12,0,12,123
04/17/2011,GLS,TX,ASW,CE,Federal Contract Tower,0,0,8,0,8,0,33,19,0,52,0,33,27,0,60,10,0,10,70
04/18/2011,GLS,TX,ASW,CE,Federal Contract Tower,0,17,11,0,28,0,7,10,0,17,0,24,21,0,45,116,0,116,161
04/19/2011,GLS,TX,ASW,CE,Federal Contract Tower,0,8,14,0,22,0,11,29,0,40,0,19,43,0,62,44,0,44,106
04/20/2011,GLS,TX,ASW,CE,Federal Contract Tower,0,11,14,0,25,0,30,17,0,47,0,41,31,0,72,70,0,70,142
04/21/2011,GLS,TX,ASW,CE,Federal Contract Tower,0,3,10,0,13,0,22,28,0,50,0,25,38,0,63,100,0,100,163
04/22/2011,GLS,TX,ASW,CE,Federal Contract Tower,0,1,10,0,11,0,21,22,2,45,0,22,32,2,56,66,0,66,122
04/23/2011,GLS,TX,ASW,CE,Federal Contract Tower,0,1,2,0,3,0,19,33,0,52,0,20,35,0,55,4,0,4,59
04/24/2011,GLS,TX,ASW,CE,Federal Contract Tower,0,1,16,0,17,0,14,8,0,22,0,15,24,0,39,0,0,0,39
04/25/2011,GLS,TX,ASW,CE,Federal Contract Tower,0,3,11,0,14,0,24,8,0,32,0,27,19,0,46,0,0,0,46
04/26/2011,GLS,TX,ASW,CE,Federal Contract Tower,0,6,3,0,9,0,27,12,0,39,0,33,15,0,48,2,0,2,50
04/27/2011,GLS,TX,ASW,CE,Federal Contract Tower,0,5,5,2,12,0,37,15,1,53,0,42,20,3,65,8,0,8,73
04/28/2011,GLS,TX,ASW,CE,Federal Contract Tower,0,0,5,0,5,0,33,38,0,71,0,33,43,0,76,52,0,52,128
04/29/2011,GLS,TX,ASW,CE,Federal Contract Tower,0,4,4,0,8,0,30,37,2,69,0,34,41,2,77,42,0,42,119
04/30/2011,GLS,TX,ASW,CE,Federal Contract Tower,0,2,17,0,19,0,22,36,2,60,0,24,53,2,79,8,0,8,87
05/01/2011,GLS,TX,ASW,CE,Federal Contract Tower,0,2,10,0,12,0,21,20,0,41,0,23,30,0,53,4,0,4,57
05/02/2011,GLS,TX,ASW,CE,Federal Contract Tower,0,3,4,0,7,0,27,7,0,34,0,30,11,0,41,28,0,28,69
05/03/2011,GLS,TX,ASW,CE,Federal Contract Tower,0,3,4,0,7,0,28,9,0,37,0,31,13,0,44,10,0,10,54
05/04/2011,GLS,TX,ASW,CE,Federal Contract Tower,0,2,5,0,7,0,38,25,0,63,0,40,30,0,70,44,0,44,114
05/05/2011,GLS,TX,ASW,CE,Federal Contract Tower,0,4,4,0,8,0,33,26,0,59,0,37,30,0,67,34,0,34,101
05/06/2011,GLS,TX,ASW,CE,Federal Contract Tower,0,1,2,0,3,0,28,45,0,73,0,29,47,0,76,50,0,50,126
05/07/2011,GLS,TX,ASW,CE,Federal Contract Tower,0,1,4,0,5,0,23,37,0,60,0,24,41,0,65,34,0,34,99
05/08/2011,GLS,TX,ASW,CE,Federal Contract Tower,0,3,7,0,10,0,22,24,0,46,0,25,31,0,56,28,0,28,84
05/09/2011,GLS,TX,ASW,CE,Federal Contract Tower,0,10,7,0,17,0,25,8,0,33,0,35,15,0,50,36,0,36,86
05/10/2011,GLS,TX,ASW,CE,Federal Contract Tower,0,6,1,0,7,0,22,10,1,33,0,28,11,1,40,6,0,6,46
05/11/2011,GLS,TX,ASW,CE,Federal Contract Tower,0,5,1,0,6,0,39,13,0,52,0,44,14,0,58,14,0,14,72
05/12/2011,GLS,TX,ASW,CE,Federal Contract Tower,0,3,2,0,5,0,27,3,0,30,0,30,5,0,35,14,0,14,49
05/13/2011,GLS,TX,ASW,CE,Federal Contract Tower,0,4,4,0,8,0,27,35,0,62,0,31,39,0,70,16,0,16,86
05/14/2011,GLS,TX,ASW,CE,Federal Contract Tower,0,2,4,0,6,0,22,152,0,174,0,24,156,0,180,14,0,14,194
05/15/2011,GLS,TX,ASW,CE,Federal Contract Tower,0,1,6,0,7,0,22,42,0,64,0,23,48,0,71,2,0,2,73
05/16/2011,GLS,TX,ASW,CE,Federal Contract Tower,0,5,5,0,10,0,31,25,0,56,0,36,30,0,66,36,0,36,102
05/17/2011,GLS,TX,ASW,CE,Federal Contract Tower,0,3,2,0,5,0,22,20,0,42,0,25,22,0,47,32,0,32,79
05/18/2011,GLS,TX,ASW,CE,Federal Contract Tower,0,6,4,0,10,0,35,15,0,50,0,41,19,0,60,14,0,14,74
05/19/2011,GLS,TX,ASW,CE,Federal Contract Tower,0,6,12,0,18,0,25,17,4,46,0,31,29,4,64,2,0,2,66
05/20/2011,GLS,TX,ASW,CE,Federal Contract Tower,0,16,7,0,23,0,12,2,0,14,0,28,9,0,37,0,0,0,37
05/21/2011,GLS,TX,ASW,CE,Federal Contract Tower,0,4,3,0,7,0,18,15,0,33,0,22,18,0,40,8,0,8,48
05/22/2011,GLS,TX,ASW,CE,Federal Contract Tower,0,2,9,0,11,0,19,19,0,38,0,21,28,0,49,6,0,6,55
05/23/2011,GLS,TX,ASW,CE,Federal Contract Tower,0,3,3,0,6,0,39,1,0,40,0,42,4,0,46,2,0,2,48
05/24/2011,GLS,TX,ASW,CE,Federal Contract Tower,0,10,4,0,14,0,44,8,0,52,0,54,12,0,66,8,0,8,74
05/25/2011,GLS,TX,ASW,CE,Federal Contract Tower,0,6,4,0,10,0,38,13,0,51,0,44,17,0,61,8,0,8,69
05/26/2011,GLS,TX,ASW,CE,Federal Contract Tower,0,1,7,1,9,0,34,44,0,78,0,35,51,1,87,20,0,20,107
05/27/2011,GLS,TX,ASW,CE,Federal Contract Tower,0,5,7,0,12,0,27,31,0,58,0,32,38,0,70,20,0,20,90
05/28/2011,GLS,TX,ASW,CE,Federal Contract Tower,0,1,2,0,3,0,24,46,0,70,0,25,48,0,73,32,0,32,105
05/29/2011,GLS,TX,ASW,CE,Federal Contract Tower,0,2,3,0,5,0,21,20,0,41,0,23,23,0,46,0,0,0,46
05/30/2011,GLS,TX,ASW,CE,Federal Contract Tower,0,7,10,0,17,0,19,33,0,52,0,26,43,0,69,18,0,18,87
05/31/2011,GLS,TX,ASW,CE,Federal Contract Tower,0,6,3,0,9,0,34,12,0,46,0,40,15,0,55,4,0,4,59
06/01/2011,GLS,TX,ASW,CE,Federal Contract Tower,0,3,6,0,9,0,44,21,1,66,0,47,27,1,75,36,0,36,111
06/02/2011,GLS,TX,ASW,CE,Federal Contract Tower,0,6,2,0,8,0,32,21,0,53,0,38,23,0,61,14,0,14,75
06/03/2011,GLS,TX,ASW,CE,Federal Contract Tower,0,1,1,0,2,0,24,36,0,60,0,25,37,0,62,26,0,26,88
06/04/2011,GLS,TX,ASW,CE,Federal Contract Tower,0,5,6,0,11,0,14,78,0,92,0,19,84,0,103,38,0,38,141
06/05/2011,GLS,TX,ASW,CE,Federal Contract Tower,0,2,6,0,8,0,21,33,0,54,0,23,39,0,62,22,0,22,84
06/06/2011,GLS,TX,ASW,CE,Federal Contract Tower,0,2,3,0,5,0,21,17,0,38,0,23,20,0,43,14,0,14,57
06/07/2011,GLS,TX,ASW,CE,Federal Contract Tower,0,7,6,0,13,0,27,5,0,32,0,34,11,0,45,6,0,6,51
06/08/2011,GLS,TX,ASW,CE,Federal Contract Tower,0,5,4,1,10,0,38,18,1,57,0,43,22,2,67,6,0,6,73
06/09/2011,GLS,TX,ASW,CE,Federal Contract Tower,0,4,8,2,14,0,29,20,0,49,0,33,28,2,63,8,0,8,71
06/10/2011,GLS,TX,ASW,CE,Federal Contract Tower,0,2,12,0,14,0,31,21,0,52,0,33,33,0,66,62,0,62,128
06/11/2011,GLS,TX,ASW,CE,Federal Contract Tower,0,4,8,0,12,0,22,51,0,73,0,26,59,0,85,32,0,32,117
06/12/2011,GLS,TX,ASW,CE,Federal Contract Tower,0,2,7,0,9,0,13,32,0,45,0,15,39,0,54,22,0,22,76
06/13/2011,GLS,TX,ASW,CE,Federal Contract Tower,0,5,1,0,6,0,18,15,0,33,0,23,16,0,39,0,0,0,39
06/14/2011,GLS,TX,ASW,CE,Federal Contract Tower,0,7,7,0,14,0,28,25,2,55,0,35,32,2,69,14,0,14,83
06/15/2011,GLS,TX,ASW,CE,Federal Contract Tower,0,8,3,0,11,0,31,19,0,50,0,39,22,0,61,2,0,2,63
06/16/2011,GLS,TX,ASW,CE,Federal Contract Tower,0,6,7,0,13,0,39,33,0,72,0,45,40,0,85,26,0,26,111
06/17/2011,GLS,TX,ASW,CE,Federal Contract Tower,0,3,3,2,8,0,31,19,0,50,0,34,22,2,58,16,0,16,74
06/18/2011,GLS,TX,ASW,CE,Federal Contract Tower,0,2,2,0,4,0,32,73,0,105,0,34,75,0,109,28,0,28,137
06/19/2011,GLS,TX,ASW,CE,Federal Contract Tower,0,0,4,0,4,0,21,30,0,51,0,21,34,0,55,0,0,0,55
06/20/2011,GLS,TX,ASW,CE,Federal Contract Tower,0,5,3,0,8,0,21,23,0,44,0,26,26,0,52,16,0,16,68
06/21/2011,GLS,TX,ASW,CE,Federal Contract Tower,0,5,5,0,10,0,24,12,0,36,0,29,17,0,46,16,0,16,62
06/22/2011,GLS,TX,ASW,CE,Federal Contract Tower,0,0,3,0,3,0,23,3,0,26,0,23,6,0,29,2,0,2,31
06/23/2011,GLS,TX,ASW,CE,Federal Contract Tower,0,4,1,0,5,0,35,6,0,41,0,39,7,0,46,28,0,28,74
06/24/2011,GLS,TX,ASW,CE,Federal Contract Tower,0,6,10,0,16,0,27,34,0,61,0,33,44,0,77,4,0,4,81
06/25/2011,GLS,TX,ASW,CE,Federal Contract Tower,0,3,3,0,6,0,28,66,0,94,0,31,69,0,100,32,0,32,132
06/26/2011,GLS,TX,ASW,CE,Federal Contract Tower,0,2,10,0,12,0,20,34,0,54,0,22,44,0,66,4,0,4,70
06/27/2011,GLS,TX,ASW,CE,Federal Contract Tower,0,4,7,0,11,0,30,11,0,41,0,34,18,0,52,6,0,6,58
06/28/2011,GLS,TX,ASW,CE,Federal Contract Tower,0,8,10,0,18,0,26,53,0,79,0,34,63,0,97,22,0,22,119
06/29/2011,GLS,TX,ASW,CE,Federal Contract Tower,0,7,4,0,11,0,32,20,0,52,0,39,24,0,63,12,0,12,75
06/30/2011,GLS,TX,ASW,CE,Federal Contract Tower,0,5,6,2,13,0,35,33,0,68,0,40,39,2,81,32,0,32,113
07/01/2011,GLS,TX,ASW,CE,Federal Contract Tower,0,3,6,0,9,0,24,26,0,50,0,27,32,0,59,24,0,24,83
07/02/2011,GLS,TX,ASW,CE,Federal Contract Tower,0,5,4,0,9,0,28,65,0,93,0,33,69,0,102,18,0,18,120
07/03/2011,GLS,TX,ASW,CE,Federal Contract Tower,0,3,7,0,10,0,32,32,0,64,0,35,39,0,74,6,0,6,80
07/04/2011,GLS,TX,ASW,CE,Federal Contract Tower,0,2,0,0,2,0,20,29,0,49,0,22,29,0,51,0,0,0,51
07/05/2011,GLS,TX,ASW,CE,Federal Contract Tower,0,5,6,0,11,0,21,11,0,32,0,26,17,0,43,16,0,16,59
07/06/2011,GLS,TX,ASW,CE,Federal Contract Tower,0,0,0,0,0,7,13,16,0,36,7,13,16,0,36,0,0,0,36
07/07/2011,GLS,TX,ASW,CE,Federal Contract Tower,0,4,9,0,13,0,24,25,0,49,0,28,34,0,62,70,0,70,132
07/08/2011,GLS,TX,ASW,CE,Federal Contract Tower,0,4,5,0,9,0,32,24,1,57,0,36,29,1,66,26,0,26,92
07/09/2011,GLS,TX,ASW,CE,Federal Contract Tower,0,3,6,0,9,0,17,37,1,55,0,20,43,1,64,22,0,22,86
07/10/2011,GLS,TX,ASW,CE,Federal Contract Tower,0,1,9,0,10,0,28,26,2,56,0,29,35,2,66,4,0,4,70
07/11/2011,GLS,TX,ASW,CE,Federal Contract Tower,0,3,4,0,7,0,34,11,0,45,0,37,15,0,52,8,0,8,60
07/12/2011,GLS,TX,ASW,CE,Federal Contract Tower,0,4,2,2,8,0,31,9,0,40,0,35,11,2,48,54,0,54,102
07/13/2011,GLS,TX,ASW,CE,Federal Contract Tower,0,4,4,0,8,0,47,27,0,74,0,51,31,0,82,50,0,50,132
07/14/2011,GLS,TX,ASW,CE,Federal Contract Tower,0,3,6,0,9,0,30,32,0,62,0,33,38,0,71,4,0,4,75
07/15/2011,GLS,TX,ASW,CE,Federal Contract Tower,0,4,5,0,9,0,19,9,2,30,0,23,14,2,39,2,0,2,41
07/16/2011,GLS,TX,ASW,CE,Federal Contract Tower,0,5,5,0,10,0,34,19,0,53,0,39,24,0,63,16,0,16,79
07/17/2011,GLS,TX,ASW,CE,Federal Contract Tower,0,0,8,0,8,0,22,29,0,51,0,22,37,0,59,2,0,2,61
07/18/2011,GLS,TX,ASW,CE,Federal Contract Tower,0,8,1,0,9,0,20,8,2,30,0,28,9,2,39,12,0,12,51
07/19/2011,GLS,TX,ASW,CE,Federal Contract Tower,0,6,3,0,9,0,24,17,0,41,0,30,20,0,50,10,0,10,60
07/20/2011,GLS,TX,ASW,CE,Federal Contract Tower,0,6,9,0,15,0,43,6,0,49,0,49,15,0,64,32,0,32,96
07/21/2011,GLS,TX,ASW,CE,Federal Contract Tower,0,2,3,2,7,0,38,15,0,53,0,40,18,2,60,36,0,36,96
07/22/2011,GLS,TX,ASW,CE,Federal Contract Tower,0,3,2,0,5,0,23,55,0,78,0,26,57,0,83,62,0,62,145
07/23/2011,GLS,TX,ASW,CE,Federal Contract Tower,0,2,6,0,8,0,15,61,0,76,0,17,67,0,84,12,0,12,96
07/24/2011,GLS,TX,ASW,CE,Federal Contract Tower,0,3,8,0,11,0,19,33,0,52,0,22,41,0,63,8,0,8,71
07/25/2011,GLS,TX,ASW,CE,Federal Contract Tower,0,2,2,0,4,0,28,19,2,49,0,30,21,2,53,28,0,28,81
07/26/2011,GLS,TX,ASW,CE,Federal Contract Tower,0,9,2,0,11,0,26,7,0,33,0,35,9,0,44,0,0,0,44
07/27/2011,GLS,TX,ASW,CE,Federal Contract Tower,0,10,2,0,12,0,33,12,2,47,0,43,14,2,59,18,0,18,77
07/28/2011,GLS,TX,ASW,CE,Federal Contract Tower,0,3,3,0,6,0,45,15,0,60,0,48,18,0,66,6,0,6,72
07/29/2011,GLS,TX,ASW,CE,Federal Contract Tower,0,0,5,1,6,0,5,20,2,27,0,5,25,3,33,0,0,0,33
07/30/2011,GLS,TX,ASW,CE,Federal Contract Tower,0,6,4,0,10,0,51,55,0,106,0,57,59,0,116,14,0,14,130
07/31/2011,GLS,TX,ASW,CE,Federal Contract Tower,0,8,14,0,22,0,21,42,0,63,0,29,56,0,85,10,0,10,95
08/01/2011,GLS,TX,ASW,CE,Federal Contract Tower,0,6,7,0,13,0,26,12,0,38,0,32,19,0,51,22,0,22,73
08/02/2011,GLS,TX,ASW,CE,Federal Contract Tower,0,4,0,0,4,0,22,14,0,36,0,26,14,0,40,10,0,10,50
08/03/2011,GLS,TX,ASW,CE,Federal Contract Tower,0,4,2,0,6,0,40,25,0,65,0,44,27,0,71,16,0,16,87
08/04/2011,GLS,TX,ASW,CE,Federal Contract Tower,0,3,1,0,4,0,33,19,2,54,0,36,20,2,58,40,0,40,98
08/05/2011,GLS,TX,ASW,CE,Federal Contract Tower,0,2,8,0,10,0,27,22,2,51,0,29,30,2,61,12,0,12,73
08/06/2011,GLS,TX,ASW,CE,Federal Contract Tower,0,0,8,0,8,0,20,81,0,101,0,20,89,0,109,44,0,44,153
08/07/2011,GLS,TX,ASW,CE,Federal Contract Tower,0,0,7,0,7,0,24,28,0,52,0,24,35,0,59,0,0,0,59
08/08/2011,GLS,TX,ASW,CE,Federal Contract Tower,0,4,6,0,10,0,24,17,0,41,0,28,23,0,51,0,0,0,51
08/09/2011,GLS,TX,ASW,CE,Federal Contract Tower,0,4,9,0,13,0,36,7,0,43,0,40,16,0,56,4,0,4,60
08/10/2011,GLS,TX,ASW,CE,Federal Contract Tower,0,6,3,0,9,0,36,13,0,49,0,42,16,0,58,4,0,4,62
08/11/2011,GLS,TX,ASW,CE,Federal Contract Tower,0,6,20,2,28,0,35,28,0,63,0,41,48,2,91,4,0,4,95
08/12/2011,GLS,TX,ASW,CE,Federal Contract Tower,0,5,11,0,16,0,35,35,0,70,0,40,46,0,86,54,0,54,140
08/13/2011,GLS,TX,ASW,CE,Federal Contract Tower,0,3,3,0,6,0,43,27,0,70,0,46,30,0,76,20,0,20,96
08/14/2011,GLS,TX,ASW,CE,Federal Contract Tower,0,6,4,0,10,0,18,21,0,39,0,24,25,0,49,18,0,18,67
08/15/2011,GLS,TX,ASW,CE,Federal Contract Tower,0,8,3,0,11,0,34,17,0,51,0,42,20,0,62,52,0,52,114
08/16/2011,GLS,TX,ASW,CE,Federal Contract Tower,0,1,1,0,2,0,43,5,0,48,0,44,6,0,50,36,0,36,86
08/17/2011,GLS,TX,ASW,CE,Federal Contract Tower,0,4,5,0,9,0,50,21,0,71,0,54,26,0,80,42,0,42,122
08/18/2011,GLS,TX,ASW,CE,Federal Contract Tower,0,6,8,0,14,0,37,26,0,63,0,43,34,0,77,22,0,22,99
08/19/2011,GLS,TX,ASW,CE,Federal Contract Tower,0,2,6,0,8,0,35,30,0,65,0,37,36,0,73,18,0,18,91
08/20/2011,GLS,TX,ASW,CE,Federal Contract Tower,0,2,3,4,9,0,29,78,0,107,0,31,81,4,116,32,0,32,148
08/21/2011,GLS,TX,ASW,CE,Federal Contract Tower,0,5,2,0,7,0,23,25,0,48,0,28,27,0,55,6,0,6,61
08/22/2011,GLS,TX,ASW,CE,Federal Contract Tower,0,1,1,0,2,0,27,13,0,40,0,28,14,0,42,16,0,16,58
08/23/2011,GLS,TX,ASW,CE,Federal Contract Tower,0,5,0,0,5,0,45,14,2,61,0,50,14,2,66,12,0,12,78
08/24/2011,GLS,TX,ASW,CE,Federal Contract Tower,0,4,3,0,7,0,48,36,0,84,0,52,39,0,91,2,0,2,93
08/25/2011,GLS,TX,ASW,CE,Federal Contract Tower,0,4,5,0,9,0,39,28,0,67,0,43,33,0,76,20,0,20,96
08/26/2011,GLS,TX,ASW,CE,Federal Contract Tower,2,7,0,0,9,0,40,9,0,49,2,47,9,0,58,16,0,16,74
08/27/2011,GLS,TX,ASW,CE,Federal Contract Tower,0,7,7,0,14,0,18,82,0,100,0,25,89,0,114,14,0,14,128
08/28/2011,GLS,TX,ASW,CE,Federal Contract Tower,0,1,11,0,12,0,33,20,0,53,0,34,31,0,65,18,0,18,83
08/29/2011,GLS,TX,ASW,CE,Federal Contract Tower,0,5,4,6,15,0,23,15,0,38,0,28,19,6,53,2,0,2,55
08/30/2011,GLS,TX,ASW,CE,Federal Contract Tower,0,5,8,0,13,0,46,17,0,63,0,51,25,0,76,6,0,6,82
08/31/2011,GLS,TX,ASW,CE,Federal Contract Tower,0,9,19,0,28,0,32,12,0,44,0,41,31,0,72,6,0,6,78
09/01/2011,GLS,TX,ASW,CE,Federal Contract Tower,0,7,1,0,8,0,63,16,0,79,0,70,17,0,87,20,0,20,107
09/02/2011,GLS,TX,ASW,CE,Federal Contract Tower,0,1,9,0,10,0,35,14,0,49,0,36,23,0,59,0,0,0,59
09/03/2011,GLS,TX,ASW,CE,Federal Contract Tower,0,4,6,0,10,0,36,14,0,50,0,40,20,0,60,12,0,12,72
09/04/2011,GLS,TX,ASW,CE,Federal Contract Tower,0,6,5,0,11,0,30,1,2,33,0,36,6,2,44,2,0,2,46
09/05/2011,GLS,TX,ASW,CE,Federal Contract Tower,0,7,3,0,10,0,35,20,0,55,0,42,23,0,65,14,0,14,79
09/06/2011,GLS,TX,ASW,CE,Federal Contract Tower,0,2,4,0,6,0,38,9,0,47,0,40,13,0,53,18,0,18,71
09/07/2011,GLS,TX,ASW,CE,Federal Contract Tower,0,5,7,0,12,0,72,22,0,94,0,77,29,0,106,10,0,10,116
09/08/2011,GLS,TX,ASW,CE,Federal Contract Tower,0,1,4,2,7,0,39,17,0,56,0,40,21,2,63,14,0,14,77
09/09/2011,GLS,TX,ASW,CE,Federal Contract Tower,0,1,2,0,3,0,36,16,0,52,0,37,18,0,55,6,0,6,61
09/10/2011,GLS,TX,ASW,CE,Federal Contract Tower,0,4,2,0,6,0,21,18,4,43,0,25,20,4,49,8,0,8,57
09/11/2011,GLS,TX,ASW,CE,Federal Contract Tower,0,5,7,0,12,0,32,33,6,71,0,37,40,6,83,20,0,20,103
09/12/2011,GLS,TX,ASW,CE,Federal Contract Tower,0,6,2,0,8,0,22,17,0,39,0,28,19,0,47,30,0,30,77
09/13/2011,GLS,TX,ASW,CE,Federal Contract Tower,0,1,9,6,16,0,40,18,0,58,0,41,27,6,74,28,0,28,102
09/14/2011,GLS,TX,ASW,CE,Federal Contract Tower,0,4,1,0,5,0,51,21,1,73,0,55,22,1,78,16,0,16,94
09/15/2011,GLS,TX,ASW,CE,Federal Contract Tower,0,4,8,0,12,0,37,23,0,60,0,41,31,0,72,24,0,24,96
09/16/2011,GLS,TX,ASW,CE,Federal Contract Tower,0,6,7,0,13,0,29,10,0,39,0,35,17,0,52,28,0,28,80
09/17/2011,GLS,TX,ASW,CE,Federal Contract Tower,0,3,1,0,4,0,47,55,2,104,0,50,56,2,108,8,0,8,116
09/18/2011,GLS,TX,ASW,CE,Federal Contract Tower,0,4,3,0,7,0,29,4,0,33,0,33,7,0,40,12,0,12,52
09/19/2011,GLS,TX,ASW,CE,Federal Contract Tower,0,4,5,0,9,0,36,9,0,45,0,40,14,0,54,16,0,16,70
09/20/2011,GLS,TX,ASW,CE,Federal Contract Tower,0,5,6,2,13,0,42,15,0,57,0,47,21,2,70,14,0,14,84
09/21/2011,GLS,TX,ASW,CE,Federal Contract Tower,0,4,3,0,7,0,59,8,0,67,0,63,11,0,74,0,0,0,74
09/22/2011,GLS,TX,ASW,CE,Federal Contract Tower,0,2,10,0,12,0,33,13,0,46,0,35,23,0,58,8,0,8,66
09/23/2011,GLS,TX,ASW,CE,Federal Contract Tower,0,6,8,0,14,0,35,20,0,55,0,41,28,0,69,12,0,12,81
09/24/2011,GLS,TX,ASW,CE,Federal Contract Tower,0,1,8,2,11,0,22,48,0,70,0,23,56,2,81,16,0,16,97
09/25/2011,GLS,TX,ASW,CE,Federal Contract Tower,0,3,0,0,3,0,37,31,0,68,0,40,31,0,71,14,0,14,85
09/26/2011,GLS,TX,ASW,CE,Federal Contract Tower,0,9,11,0,20,0,22,12,0,34,0,31,23,0,54,34,32,66,120
09/27/2011,GLS,TX,ASW,CE,Federal Contract Tower,0,6,0,0,6,0,30,24,0,54,0,36,24,0,60,14,0,14,74
09/28/2011,GLS,TX,ASW,CE,Federal Contract Tower,0,5,6,0,11,0,45,11,2,58,0,50,17,2,69,2,0,2,71
09/29/2011,GLS,TX,ASW,CE,Federal Contract Tower,0,3,1,0,4,0,38,12,0,50,0,41,13,0,54,18,0,18,72
09/30/2011,GLS,TX,ASW,CE,Federal Contract Tower,0,0,2,0,2,0,38,14,0,52,0,38,16,0,54,8,0,8,62
10/01/2011,GLS,TX,ASW,CE,Federal Contract Tower,0,0,6,0,6,0,37,38,0,75,0,37,44,0,81,8,0,8,89
10/02/2011,GLS,TX,ASW,CE,Federal Contract Tower,0,9,4,2,15,0,25,32,0,57,0,34,36,2,72,10,0,10,82
10/03/2011,GLS,TX,ASW,CE,Federal Contract Tower,0,8,7,0,15,0,33,9,0,42,0,41,16,0,57,12,0,12,69
10/04/2011,GLS,TX,ASW,CE,Federal Contract Tower,0,5,2,0,7,0,47,16,0,63,0,52,18,0,70,18,0,18,88
10/05/2011,GLS,TX,ASW,CE,Federal Contract Tower,0,4,5,0,9,0,45,6,0,51,0,49,11,0,60,4,0,4,64
10/06/2011,GLS,TX,ASW,CE,Federal Contract Tower,0,2,3,0,5,0,42,13,0,55,0,44,16,0,60,0,0,0,60
10/07/2011,GLS,TX,ASW,CE,Federal Contract Tower,0,2,6,0,8,0,24,19,0,43,0,26,25,0,51,32,0,32,83
10/08/2011,GLS,TX,ASW,CE,Federal Contract Tower,0,3,11,0,14,0,21,21,0,42,0,24,32,0,56,10,0,10,66
10/09/2011,GLS,TX,ASW,CE,Federal Contract Tower,0,2,1,0,3,0,17,8,0,25,0,19,9,0,28,0,0,0,28
10/10/2011,GLS,TX,ASW,CE,Federal Contract Tower,0,10,6,0,16,0,24,12,0,36,0,34,18,0,52,10,0,10,62
10/11/2011,GLS,TX,ASW,CE,Federal Contract Tower,0,5,1,1,7,0,41,10,0,51,0,46,11,1,58,8,0,8,66
10/12/2011,GLS,TX,ASW,CE,Federal Contract Tower,0,8,3,0,11,0,44,27,0,71,0,52,30,0,82,16,0,16,98
10/13/2011,GLS,TX,ASW,CE,Federal Contract Tower,0,4,6,0,10,0,49,41,0,90,0,53,47,0,100,16,0,16,116
10/14/2011,GLS,TX,ASW,CE,Federal Contract Tower,0,2,8,0,10,0,30,26,0,56,0,32,34,0,66,4,0,4,70
10/15/2011,GLS,TX,ASW,CE,Federal Contract Tower,0,7,4,0,11,0,29,35,0,64,0,36,39,0,75,22,0,22,97
10/16/2011,GLS,TX,ASW,CE,Federal Contract Tower,0,2,2,0,4,0,30,37,0,67,0,32,39,0,71,0,0,0,71
10/17/2011,GLS,TX,ASW,CE,Federal Contract Tower,0,4,9,4,17,0,22,13,2,37,0,26,22,6,54,6,0,6,60
10/18/2011,GLS,TX,ASW,CE,Federal Contract Tower,0,3,5,0,8,0,32,4,0,36,0,35,9,0,44,6,0,6,50
10/19/2011,GLS,TX,ASW,CE,Federal Contract Tower,0,5,3,2,10,0,37,16,0,53,0,42,19,2,63,6,0,6,69
10/20/2011,GLS,TX,ASW,CE,Federal Contract Tower,0,4,7,0,11,0,40,26,0,66,0,44,33,0,77,30,0,30,107
10/21/2011,GLS,TX,ASW,CE,Federal Contract Tower,0,6,2,0,8,0,36,24,0,60,0,42,26,0,68,10,0,10,78
10/22/2011,GLS,TX,ASW,CE,Federal Contract Tower,0,2,8,0,10,0,14,85,4,103,0,16,93,4,113,26,4,30,143
10/23/2011,GLS,TX,ASW,CE,Federal Contract Tower,0,3,10,4,17,0,15,20,0,35,0,18,30,4,52,2,0,2,54
10/24/2011,GLS,TX,ASW,CE,Federal Contract Tower,0,5,4,0,9,0,24,19,4,47,0,29,23,4,56,14,0,14,70
10/25/2011,GLS,TX,ASW,CE,Federal Contract Tower,0,1,7,2,10,0,23,15,0,38,0,24,22,2,48,18,0,18,66
10/26/2011,GLS,TX,ASW,CE,Federal Contract Tower,0,5,5,0,10,0,40,14,2,56,0,45,19,2,66,8,0,8,74
10/27/2011,GLS,TX,ASW,CE,Federal Contract Tower,0,3,5,0,8,0,42,5,0,47,0,45,10,0,55,0,0,0,55
10/28/2011,GLS,TX,ASW,CE,Federal Contract Tower,0,3,5,0,8,0,11,6,0,17,0,14,11,0,25,0,0,0,25
10/29/2011,GLS,TX,ASW,CE,Federal Contract Tower,0,3,8,0,11,0,20,30,0,50,0,23,38,0,61,22,0,22,83
10/30/2011,GLS,TX,ASW,CE,Federal Contract Tower,0,4,7,0,11,0,13,41,1,55,0,17,48,1,66,4,0,4,70
10/31/2011,GLS,TX,ASW,CE,Federal Contract Tower,0,2,5,0,7,0,30,26,1,57,0,32,31,1,64,12,0,12,76
11/01/2011,GLS,TX,ASW,CE,Federal Contract Tower,0,3,6,0,9,0,31,14,0,45,0,34,20,0,54,0,2,2,56
11/02/2011,GLS,TX,ASW,CE,Federal Contract Tower,0,4,1,0,5,0,32,17,0,49,0,36,18,0,54,16,0,16,70
11/03/2011,GLS,TX,ASW,CE,Federal Contract Tower,0,5,5,0,10,0,29,7,0,36,0,34,12,0,46,0,0,0,46
11/04/2011,GLS,TX,ASW,CE,Federal Contract Tower,0,2,0,0,2,0,26,19,0,45,0,28,19,0,47,10,0,10,57
11/05/2011,GLS,TX,ASW,CE,Federal Contract Tower,0,2,4,0,6,0,31,54,0,85,0,33,58,0,91,8,0,8,99
11/06/2011,GLS,TX,ASW,CE,Federal Contract Tower,0,2,7,0,9,0,19,24,0,43,0,21,31,0,52,4,0,4,56
11/07/2011,GLS,TX,ASW,CE,Federal Contract Tower,0,3,3,2,8,0,19,8,0,27,0,22,11,2,35,0,0,0,35
11/08/2011,GLS,TX,ASW,CE,Federal Contract Tower,0,1,10,0,11,0,25,2,0,27,0,26,12,0,38,10,0,10,48
11/09/2011,GLS,TX,ASW,CE,Federal Contract Tower,0,3,5,0,8,0,53,14,0,67,0,56,19,0,75,4,0,4,79
11/10/2011,GLS,TX,ASW,CE,Federal Contract Tower,0,0,4,0,4,0,50,15,0,65,0,50,19,0,69,24,0,24,93
11/11/2011,GLS,TX,ASW,CE,Federal Contract Tower,0,2,11,0,13,0,34,41,0,75,0,36,52,0,88,24,0,24,112
11/12/2011,GLS,TX,ASW,CE,Federal Contract Tower,0,2,8,0,10,0,33,71,0,104,0,35,79,0,114,26,0,26,140
11/13/2011,GLS,TX,ASW,CE,Federal Contract Tower,0,4,20,0,24,0,21,30,0,51,0,25,50,0,75,12,0,12,87
11/14/2011,GLS,TX,ASW,CE,Federal Contract Tower,0,2,11,0,13,0,31,12,4,47,0,33,23,4,60,6,0,6,66
11/15/2011,GLS,TX,ASW,CE,Federal Contract Tower,0,7,5,0,12,0,35,1,0,36,0,42,6,0,48,2,0,2,50
11/16/2011,GLS,TX,ASW,CE,Federal Contract Tower,0,3,7,0,10,0,43,8,0,51,0,46,15,0,61,14,0,14,75
11/17/2011,GLS,TX,ASW,CE,Federal Contract Tower,0,0,2,0,2,0,43,11,0,54,0,43,13,0,56,20,0,20,76
11/18/2011,GLS,TX,ASW,CE,Federal Contract Tower,0,4,4,0,8,0,16,38,0,54,0,20,42,0,62,10,26,36,98
11/19/2011,GLS,TX,ASW,CE,Federal Contract Tower,0,5,5,0,10,0,30,49,0,79,0,35,54,0,89,4,0,4,93
11/20/2011,GLS,TX,ASW,CE,Federal Contract Tower,0,3,6,0,9,0,11,5,0,16,0,14,11,0,25,4,0,4,29
11/21/2011,GLS,TX,ASW,CE,Federal Contract Tower,0,5,8,0,13,0,27,0,0,27,0,32,8,0,40,0,0,0,40
11/22/2011,GLS,TX,ASW,CE,Federal Contract Tower,0,4,7,0,11,0,15,4,0,19,0,19,11,0,30,0,0,0,30
11/23/2011,GLS,TX,ASW,CE,Federal Contract Tower,0,5,1,0,6,0,31,13,0,44,0,36,14,0,50,10,0,10,60
11/24/2011,GLS,TX,ASW,CE,Federal Contract Tower,0,3,4,0,7,0,32,17,0,49,0,35,21,0,56,4,0,4,60
11/25/2011,GLS,TX,ASW,CE,Federal Contract Tower,0,5,5,0,10,0,27,24,0,51,0,32,29,0,61,20,0,20,81
11/26/2011,GLS,TX,ASW,CE,Federal Contract Tower,0,2,0,0,2,0,9,2,0,11,0,11,2,0,13,0,0,0,13
11/27/2011,GLS,TX,ASW,CE,Federal Contract Tower,0,1,7,0,8,0,14,5,0,19,0,15,12,0,27,0,0,0,27
11/28/2011,GLS,TX,ASW,CE,Federal Contract Tower,0,3,1,4,8,0,23,19,0,42,0,26,20,4,50,2,0,2,52
11/29/2011,GLS,TX,ASW,CE,Federal Contract Tower,0,2,8,4,14,0,48,26,0,74,0,50,34,4,88,22,0,22,110
11/30/2011,GLS,TX,ASW,CE,Federal Contract Tower,0,5,3,0,8,0,41,15,0,56,0,46,18,0,64,11,0,11,75
12/01/2011,GLS,TX,ASW,CE,Federal Contract Tower,0,1,2,0,3,0,42,16,0,58,0,43,18,0,61,26,0,26,87
12/02/2011,GLS,TX,ASW,CE,Federal Contract Tower,0,4,8,0,12,0,26,19,2,47,0,30,27,2,59,0,0,0,59
12/03/2011,GLS,TX,ASW,CE,Federal Contract Tower,0,1,4,0,5,0,22,36,0,58,0,23,40,0,63,12,0,12,75
12/04/2011,GLS,TX,ASW,CE,Federal Contract Tower,0,6,7,0,13,0,11,1,0,12,0,17,8,0,25,0,0,0,25
12/05/2011,GLS,TX,ASW,CE,Federal Contract Tower,0,20,6,1,27,0,13,0,0,13,0,33,6,1,40,0,0,0,40
12/06/2011,GLS,TX,ASW,CE,Federal Contract Tower,0,3,4,0,7,0,31,0,1,32,0,34,4,1,39,0,0,0,39
12/07/2011,GLS,TX,ASW,CE,Federal Contract Tower,0,3,2,0,5,0,49,14,0,63,0,52,16,0,68,14,0,14,82
12/08/2011,GLS,TX,ASW,CE,Federal Contract Tower,0,3,2,0,5,0,43,19,0,62,0,46,21,0,67,42,0,42,109
12/09/2011,GLS,TX,ASW,CE,Federal Contract Tower,0,4,6,0,10,0,48,12,0,60,0,52,18,0,70,12,0,12,82
12/10/2011,GLS,TX,ASW,CE,Federal Contract Tower,0,2,6,0,8,0,36,35,0,71,0,38,41,0,79,0,0,0,79
12/11/2011,GLS,TX,ASW,CE,Federal Contract Tower,0,3,1,0,4,0,18,23,0,41,0,21,24,0,45,24,0,24,69
12/12/2011,GLS,TX,ASW,CE,Federal Contract Tower,0,7,6,2,15,0,41,11,0,52,0,48,17,2,67,24,0,24,91
12/13/2011,GLS,TX,ASW,CE,Federal Contract Tower,0,5,1,0,6,0,4,0,0,4,0,9,1,0,10,0,0,0,10
12/14/2011,GLS,TX,ASW,CE,Federal Contract Tower,0,10,1,0,11,0,32,4,0,36,0,42,5,0,47,8,0,8,55
12/15/2011,GLS,TX,ASW,CE,Federal Contract Tower,0,7,10,0,17,0,1,2,0,3,0,8,12,0,20,0,0,0,20
12/16/2011,GLS,TX,ASW,CE,Federal Contract Tower,0,12,0,0,12,0,12,1,0,13,0,24,1,0,25,0,0,0,25
12/17/2011,GLS,TX,ASW,CE,Federal Contract Tower,0,5,0,0,5,0,15,38,0,53,0,20,38,0,58,22,0,22,80
12/18/2011,GLS,TX,ASW,CE,Federal Contract Tower,0,6,8,0,14,0,34,48,0,82,0,40,56,0,96,32,0,32,128
12/19/2011,GLS,TX,ASW,CE,Federal Contract Tower,0,6,1,0,7,0,32,5,0,37,0,38,6,0,44,0,0,0,44
12/20/2011,GLS,TX,ASW,CE,Federal Contract Tower,0,7,1,0,8,0,11,4,0,15,0,18,5,0,23,26,0,26,49
12/21/2011,GLS,TX,ASW,CE,Federal Contract Tower,0,3,5,0,8,0,61,14,0,75,0,64,19,0,83,16,2,18,101
12/22/2011,GLS,TX,ASW,CE,Federal Contract Tower,0,7,1,2,10,0,53,2,0,55,0,60,3,2,65,0,0,0,65
12/23/2011,GLS,TX,ASW,CE,Federal Contract Tower,0,12,6,0,18,0,27,3,0,30,0,39,9,0,48,0,0,0,48
12/24/2011,GLS,TX,ASW,CE,Federal Contract Tower,0,5,3,0,8,0,12,1,0,13,0,17,4,0,21,0,0,0,21
12/25/2011,GLS,TX,ASW,CE,Federal Contract Tower,0,8,1,0,9,0,2,0,0,2,0,10,1,0,11,0,0,0,11
12/26/2011,GLS,TX,ASW,CE,Federal Contract Tower,0,8,13,0,21,0,15,1,0,16,0,23,14,0,37,18,0,18,55
12/27/2011,GLS,TX,ASW,CE,Federal Contract Tower,0,2,2,0,4,0,34,29,0,63,0,36,31,0,67,30,0,30,97
12/28/2011,GLS,TX,ASW,CE,Federal Contract Tower,0,4,1,0,5,0,51,24,0,75,0,55,25,0,80,36,0,36,116
12/29/2011,GLS,TX,ASW,CE,Federal Contract Tower,0,1,2,0,3,0,38,36,0,74,0,39,38,0,77,46,0,46,123
12/30/2011,GLS,TX,ASW,CE,Federal Contract Tower,0,1,11,2,14,0,32,33,0,65,0,33,44,2,79,36,0,36,115
12/31/2011,GLS,TX,ASW,CE,Federal Contract Tower,0,0,8,0,8,0,0,3,0,3,0,0,11,0,11,0,0,0,11
01/01/2012,GLS,TX,ASW,CE,Federal Contract Tower,0,2,9,0,11,0,26,19,0,45,0,28,28,0,56,10,0,10,66
01/02/2012,GLS,TX,ASW,CE,Federal Contract Tower,0,2,3,0,5,0,20,35,0,55,0,22,38,0,60,30,0,30,90
01/03/2012,GLS,TX,ASW,CE,Federal Contract Tower,0,1,2,0,3,0,42,11,0,53,0,43,13,0,56,6,0,6,62
01/04/2012,GLS,TX,ASW,CE,Federal Contract Tower,0,2,3,0,5,0,48,20,0,68,0,50,23,0,73,22,0,22,95
01/05/2012,GLS,TX,ASW,CE,Federal Contract Tower,0,1,3,0,4,0,42,14,0,56,0,43,17,0,60,12,0,12,72
01/06/2012,GLS,TX,ASW,CE,Federal Contract Tower,0,6,7,0,13,0,31,14,0,45,0,37,21,0,58,24,0,24,82
01/07/2012,GLS,TX,ASW,CE,Federal Contract Tower,0,2,4,0,6,0,33,20,0,53,0,35,24,0,59,20,0,20,79
01/08/2012,GLS,TX,ASW,CE,Federal Contract Tower,0,3,12,0,15,0,12,10,0,22,0,15,22,0,37,12,0,12,49
01/09/2012,GLS,TX,ASW,CE,Federal Contract Tower,0,13,5,0,18,0,8,0,0,8,0,21,5,0,26,2,0,2,28
01/10/2012,GLS,TX,ASW,CE,Federal Contract Tower,0,8,2,2,12,0,40,3,2,45,0,48,5,4,57,6,4,10,67
01/11/2012,GLS,TX,ASW,CE,Federal Contract Tower,0,3,4,0,7,0,43,20,0,63,0,46,24,0,70,6,0,6,76
01/12/2012,GLS,TX,ASW,CE,Federal Contract Tower,0,7,3,0,10,0,36,16,0,52,0,43,19,0,62,4,0,4,66
01/13/2012,GLS,TX,ASW,CE,Federal Contract Tower,0,3,12,1,16,0,45,16,0,61,0,48,28,1,77,4,2,6,83
01/14/2012,GLS,TX,ASW,CE,Federal Contract Tower,0,1,2,0,3,0,33,45,0,78,0,34,47,0,81,16,0,16,97
01/15/2012,GLS,TX,ASW,CE,Federal Contract Tower,0,3,1,0,4,0,23,28,0,51,0,26,29,0,55,10,0,10,65
01/16/2012,GLS,TX,ASW,CE,Federal Contract Tower,0,4,3,0,7,0,30,13,0,43,0,34,16,0,50,0,0,0,50
01/17/2012,GLS,TX,ASW,CE,Federal Contract Tower,0,13,7,2,22,0,0,0,0,0,0,13,7,2,22,0,0,0,22
01/18/2012,GLS,TX,ASW,CE,Federal Contract Tower,0,1,2,0,3,0,55,19,0,74,0,56,21,0,77,8,0,8,85
01/19/2012,GLS,TX,ASW,CE,Federal Contract Tower,0,5,7,0,12,0,55,17,0,72,0,60,24,0,84,6,0,6,90
01/20/2012,GLS,TX,ASW,CE,Federal Contract Tower,0,5,23,0,28,0,1,4,0,5,0,6,27,0,33,0,0,0,33
01/21/2012,GLS,TX,ASW,CE,Federal Contract Tower,0,4,9,0,13,0,0,2,0,2,0,4,11,0,15,0,0,0,15
01/22/2012,GLS,TX,ASW,CE,Federal Contract Tower,0,2,4,0,6,0,0,0,0,0,0,2,4,0,6,0,0,0,6
01/23/2012,GLS,TX,ASW,CE,Federal Contract Tower,0,11,1,0,12,0,31,31,0,62,0,42,32,0,74,38,0,38,112
01/24/2012,GLS,TX,ASW,CE,Federal Contract Tower,0,15,2,2,19,0,18,0,0,18,0,33,2,2,37,0,0,0,37
01/25/2012,GLS,TX,ASW,CE,Federal Contract Tower,0,0,2,0,2,0,13,0,0,13,0,13,2,0,15,0,0,0,15
01/26/2012,GLS,TX,ASW,CE,Federal Contract Tower,0,7,5,0,12,0,69,7,0,76,0,76,12,0,88,2,0,2,90
01/27/2012,GLS,TX,ASW,CE,Federal Contract Tower,0,0,8,0,8,0,44,24,2,70,0,44,32,2,78,36,0,36,114
01/28/2012,GLS,TX,ASW,CE,Federal Contract Tower,0,0,10,0,10,0,37,70,0,107,0,37,80,0,117,34,0,34,151
01/29/2012,GLS,TX,ASW,CE,Federal Contract Tower,0,4,2,0,6,0,18,40,0,58,0,22,42,0,64,6,0,6,70
01/30/2012,GLS,TX,ASW,CE,Federal Contract Tower,0,5,3,0,8,0,33,13,0,46,0,38,16,0,54,26,0,26,80
01/31/2012,GLS,TX,ASW,CE,Federal Contract Tower,0,5,1,0,6,0,29,6,0,35,0,34,7,0,41,10,0,10,51
02/01/2012,GLS,TX,ASW,CE,Federal Contract Tower,0,0,6,0,6,0,9,3,0,12,0,9,9,0,18,2,0,2,20
02/02/2012,GLS,TX,ASW,CE,Federal Contract Tower,0,10,3,0,13,0,1,0,0,1,0,11,3,0,14,0,0,0,14
02/03/2012,GLS,TX,ASW,CE,Federal Contract Tower,0,7,12,2,21,0,6,1,0,7,0,13,13,2,28,0,0,0,28
02/04/2012,GLS,TX,ASW,CE,Federal Contract Tower,0,11,7,0,18,0,0,3,0,3,0,11,10,0,21,0,0,0,21
02/05/2012,GLS,TX,ASW,CE,Federal Contract Tower,0,5,5,0,10,0,20,12,0,32,0,25,17,0,42,6,0,6,48
02/06/2012,GLS,TX,ASW,CE,Federal Contract Tower,0,4,2,0,6,0,21,13,0,34,0,25,15,0,40,12,0,12,52
02/07/2012,GLS,TX,ASW,CE,Federal Contract Tower,0,2,0,0,2,0,63,24,0,87,0,65,24,0,89,0,0,0,89
02/08/2012,GLS,TX,ASW,CE,Federal Contract Tower,0,1,4,0,5,0,58,19,0,77,0,59,23,0,82,24,0,24,106
02/09/2012,GLS,TX,ASW,CE,Federal Contract Tower,0,5,4,0,9,0,54,38,0,92,0,59,42,0,101,34,0,34,135
02/10/2012,GLS,TX,ASW,CE,Federal Contract Tower,0,7,3,0,10,0,3,8,0,11,0,10,11,0,21,18,0,18,39
02/11/2012,GLS,TX,ASW,CE,Federal Contract Tower,0,4,7,0,11,0,23,50,0,73,0,27,57,0,84,38,0,38,122
02/12/2012,GLS,TX,ASW,CE,Federal Contract Tower,0,3,10,0,13,0,26,23,0,49,0,29,33,0,62,40,0,40,102
02/13/2012,GLS,TX,ASW,CE,Federal Contract Tower,0,4,5,0,9,0,21,1,0,22,0,25,6,0,31,0,0,0,31
02/14/2012,GLS,TX,ASW,CE,Federal Contract Tower,0,11,12,0,23,0,31,15,0,46,0,42,27,0,69,4,0,4,73
02/15/2012,GLS,TX,ASW,CE,Federal Contract Tower,0,9,1,0,10,0,0,0,0,0,0,9,1,0,10,0,0,0,10
02/16/2012,GLS,TX,ASW,CE,Federal Contract Tower,0,3,1,0,4,0,21,8,0,29,0,24,9,0,33,12,0,12,45
02/17/2012,GLS,TX,ASW,CE,Federal Contract Tower,0,18,13,0,31,0,17,7,0,24,0,35,20,0,55,0,0,0,55
02/18/2012,GLS,TX,ASW,CE,Federal Contract Tower,0,8,2,0,10,0,4,0,0,4,0,12,2,0,14,0,0,0,14
02/19/2012,GLS,TX,ASW,CE,Federal Contract Tower,0,3,9,0,12,0,22,48,1,71,0,25,57,1,83,16,0,16,99
02/20/2012,GLS,TX,ASW,CE,Federal Contract Tower,0,3,6,0,9,0,32,9,0,41,0,35,15,0,50,28,0,28,78
02/21/2012,GLS,TX,ASW,CE,Federal Contract Tower,0,8,2,0,10,0,7,6,0,13,0,15,8,0,23,4,0,4,27
02/22/2012,GLS,TX,ASW,CE,Federal Contract Tower,0,17,4,0,21,0,17,2,0,19,0,34,6,0,40,2,0,2,42
02/23/2012,GLS,TX,ASW,CE,Federal Contract Tower,0,15,16,0,31,0,4,4,0,8,0,19,20,0,39,8,0,8,47
02/24/2012,GLS,TX,ASW,CE,Federal Contract Tower,0,3,5,0,8,0,27,11,2,40,0,30,16,2,48,0,0,0,48
02/25/2012,GLS,TX,ASW,CE,Federal Contract Tower,0,1,11,0,12,0,34,37,0,71,0,35,48,0,83,38,0,38,121
02/26/2012,GLS,TX,ASW,CE,Federal Contract Tower,0,1,7,0,8,0,32,30,0,62,0,33,37,0,70,32,0,32,102
02/27/2012,GLS,TX,ASW,CE,Federal Contract Tower,0,8,0,0,8,0,2,0,0,2,0,10,0,0,10,2,0,2,12
02/28/2012,GLS,TX,ASW,CE,Federal Contract Tower,0,1,5,0,6,0,0,0,0,0,0,1,5,0,6,0,0,0,6
02/29/2012,GLS,TX,ASW,CE,Federal Contract Tower,0,11,15,0,26,0,13,14,0,27,0,24,29,0,53,2,0,2,55
03/01/2012,GLS,TX,ASW,CE,Federal Contract Tower,0,8,5,2,15,0,24,11,0,35,0,32,16,2,50,12,8,20,70
03/02/2012,GLS,TX,ASW,CE,Federal Contract Tower,0,9,4,0,13,0,22,7,0,29,0,31,11,0,42,6,0,6,48
03/03/2012,GLS,TX,ASW,CE,Federal Contract Tower,0,51,9,0,60,0,24,11,1,36,0,75,20,1,96,11,0,11,107
03/04/2012,GLS,TX,ASW,CE,Federal Contract Tower,0,1,7,2,10,0,23,52,0,75,0,24,59,2,85,40,0,40,125
03/05/2012,GLS,TX,ASW,CE,Federal Contract Tower,0,1,0,0,1,0,39,23,2,64,0,40,23,2,65,36,0,36,101
03/06/2012,GLS,TX,ASW,CE,Federal Contract Tower,0,1,3,0,4,0,34,15,2,51,0,35,18,2,55,22,0,22,77
03/07/2012,GLS,TX,ASW,CE,Federal Contract Tower,0,2,7,0,9,0,39,13,0,52,0,41,20,0,61,0,0,0,61
03/08/2012,GLS,TX,ASW,CE,Federal Contract Tower,0,13,4,0,17,0,20,6,0,26,0,33,10,0,43,4,0,4,47
03/09/2012,GLS,TX,ASW,CE,Federal Contract Tower,0,11,3,0,14,0,9,0,0,9,0,20,3,0,23,0,0,0,23
03/10/2012,GLS,TX,ASW,CE,Federal Contract Tower,0,12,9,0,21,0,7,1,0,8,0,19,10,0,29,0,0,0,29
03/11/2012,GLS,TX,ASW,CE,Federal Contract Tower,0,9,3,0,12,0,0,0,0,0,0,9,3,0,12,0,0,0,12
03/12/2012,GLS,TX,ASW,CE,Federal Contract Tower,0,17,10,0,27,0,1,0,0,1,0,18,10,0,28,2,0,2,30
03/13/2012,GLS,TX,ASW,CE,Federal Contract Tower,0,9,0,0,9,0,6,3,0,9,0,15,3,0,18,0,0,0,18
03/14/2012,GLS,TX,ASW,CE,Federal Contract Tower,0,8,8,0,16,0,30,10,0,40,0,38,18,0,56,4,0,4,60
03/15/2012,GLS,TX,ASW,CE,Federal Contract Tower,0,7,6,0,13,0,29,11,0,40,0,36,17,0,53,8,0,8,61
03/16/2012,GLS,TX,ASW,CE,Federal Contract Tower,0,8,3,0,11,0,27,18,0,45,0,35,21,0,56,8,0,8,64
03/17/2012,GLS,TX,ASW,CE,Federal Contract Tower,0,5,16,0,21,0,29,21,0,50,0,34,37,0,71,8,0,8,79
03/18/2012,GLS,TX,ASW,CE,Federal Contract Tower,0,10,20,0,30,0,32,9,0,41,0,42,29,0,71,2,0,2,73
03/19/2012,GLS,TX,ASW,CE,Federal Contract Tower,0,5,2,2,9,0,29,2,0,31,0,34,4,2,40,10,0,10,50
03/20/2012,GLS,TX,ASW,CE,Federal Contract Tower,0,1,0,0,1,0,9,0,0,9,0,10,0,0,10,0,0,0,10
03/21/2012,GLS,TX,ASW,CE,Federal Contract Tower,0,4,3,1,8,0,60,6,0,66,0,64,9,1,74,2,0,2,76
03/22/2012,GLS,TX,ASW,CE,Federal Contract Tower,0,0,11,0,11,0,51,31,0,82,0,51,42,0,93,42,0,42,135
03/23/2012,GLS,TX,ASW,CE,Federal Contract Tower,0,3,4,0,7,0,40,58,0,98,0,43,62,0,105,34,0,34,139
03/24/2012,GLS,TX,ASW,CE,Federal Contract Tower,0,7,22,0,29,0,16,40,0,56,0,23,62,0,85,32,0,32,117
03/25/2012,GLS,TX,ASW,CE,Federal Contract Tower,0,7,6,0,13,0,15,49,0,64,0,22,55,0,77,26,0,26,103
03/26/2012,GLS,TX,ASW,CE,Federal Contract Tower,0,1,5,0,6,0,38,13,0,51,0,39,18,0,57,24,0,24,81
03/27/2012,GLS,TX,ASW,CE,Federal Contract Tower,0,0,8,0,8,0,47,15,0,62,0,47,23,0,70,28,0,28,98
03/28/2012,GLS,TX,ASW,CE,Federal Contract Tower,0,2,16,0,18,0,48,33,0,81,0,50,49,0,99,18,0,18,117
03/29/2012,GLS,TX,ASW,CE,Federal Contract Tower,0,2,12,4,18,0,34,10,0,44,0,36,22,4,62,6,0,6,68
03/30/2012,GLS,TX,ASW,CE,Federal Contract Tower,0,8,5,0,13,0,22,17,0,39,0,30,22,0,52,11,0,11,63
03/31/2012,GLS,TX,ASW,CE,Federal Contract Tower,0,4,7,0,11,0,40,61,0,101,0,44,68,0,112,28,0,28,140
04/01/2012,GLS,TX,ASW,CE,Federal Contract Tower,0,5,12,0,17,0,18,20,0,38,0,23,32,0,55,2,0,2,57
04/02/2012,GLS,TX,ASW,CE,Federal Contract Tower,0,4,9,3,16,0,16,8,0,24,0,20,17,3,40,18,0,18,58
04/03/2012,GLS,TX,ASW,CE,Federal Contract Tower,0,23,9,0,32,0,21,0,0,21,0,44,9,0,53,0,0,0,53
04/04/2012,GLS,TX,ASW,CE,Federal Contract Tower,0,19,4,0,23,0,20,4,0,24,0,39,8,0,47,0,0,0,47
04/05/2012,GLS,TX,ASW,CE,Federal Contract Tower,0,10,24,0,34,0,40,23,0,63,0,50,47,0,97,0,0,0,97
04/06/2012,GLS,TX,ASW,CE,Federal Contract Tower,0,8,3,0,11,0,28,27,0,55,0,36,30,0,66,24,0,24,90
04/07/2012,GLS,TX,ASW,CE,Federal Contract Tower,0,4,6,0,10,0,22,30,0,52,0,26,36,0,62,8,0,8,70
04/08/2012,GLS,TX,ASW,CE,Federal Contract Tower,0,5,7,0,12,0,14,20,0,34,0,19,27,0,46,18,0,18,64
04/09/2012,GLS,TX,ASW,CE,Federal Contract Tower,0,8,4,0,12,0,29,24,0,53,0,37,28,0,65,8,0,8,73
04/10/2012,GLS,TX,ASW,CE,Federal Contract Tower,0,8,2,0,10,0,39,18,0,57,0,47,20,0,67,8,6,14,81
04/11/2012,GLS,TX,ASW,CE,Federal Contract Tower,0,5,3,0,8,0,39,23,0,62,0,44,26,0,70,8,0,8,78
04/12/2012,GLS,TX,ASW,CE,Federal Contract Tower,0,2,1,0,3,0,44,18,0,62,0,46,19,0,65,32,0,32,97
04/13/2012,GLS,TX,ASW,CE,Federal Contract Tower,0,6,3,0,9,0,28,13,0,41,0,34,16,0,50,14,0,14,64
04/14/2012,GLS,TX,ASW,CE,Federal Contract Tower,0,3,8,0,11,0,19,31,0,50,0,22,39,0,61,0,0,0,61
04/15/2012,GLS,TX,ASW,CE,Federal Contract Tower,0,0,4,0,4,0,27,10,0,37,0,27,14,0,41,0,0,0,41
04/16/2012,GLS,TX,ASW,CE,Federal Contract Tower,0,2,2,0,4,0,20,2,0,22,0,22,4,0,26,2,0,2,28
04/17/2012,GLS,TX,ASW,CE,Federal Contract Tower,0,31,5,0,36,0,18,5,0,23,0,49,10,0,59,2,0,2,61
04/18/2012,GLS,TX,ASW,CE,Federal Contract Tower,0,2,8,0,10,0,51,24,0,75,0,53,32,0,85,4,0,4,89
04/19/2012,GLS,TX,ASW,CE,Federal Contract Tower,0,1,3,0,4,0,47,48,0,95,0,48,51,0,99,26,0,26,125
04/20/2012,GLS,TX,ASW,CE,Federal Contract Tower,0,3,9,0,12,0,26,20,2,48,0,29,29,2,60,18,0,18,78
04/21/2012,GLS,TX,ASW,CE,Federal Contract Tower,0,4,9,0,13,0,24,37,0,61,0,28,46,0,74,13,0,13,87
04/22/2012,GLS,TX,ASW,CE,Federal Contract Tower,0,0,14,0,14,0,16,50,0,66,0,16,64,0,80,16,0,16,96
04/23/2012,GLS,TX,ASW,CE,Federal Contract Tower,0,0,0,0,0,0,29,29,0,58,0,29,29,0,58,28,0,28,86
04/24/2012,GLS,TX,ASW,CE,Federal Contract Tower,0,1,2,0,3,0,34,29,0,63,0,35,31,0,66,50,0,50,116
04/25/2012,GLS,TX,ASW,CE,Federal Contract Tower,0,3,1,0,4,0,51,38,4,93,0,54,39,4,97,34,0,34,131
04/26/2012,GLS,TX,ASW,CE,Federal Contract Tower,0,4,9,2,15,0,40,46,0,86,0,44,55,2,101,54,0,54,155
04/27/2012,GLS,TX,ASW,CE,Federal Contract Tower,0,2,8,4,14,0,28,37,0,65,0,30,45,4,79,20,0,20,99
04/28/2012,GLS,TX,ASW,CE,Federal Contract Tower,0,1,9,0,10,0,26,74,0,100,0,27,83,0,110,18,0,18,128
04/29/2012,GLS,TX,ASW,CE,Federal Contract Tower,0,3,12,0,15,0,18,21,0,39,0,21,33,0,54,6,0,6,60
04/30/2012,GLS,TX,ASW,CE,Federal Contract Tower,0,4,13,0,17,0,29,14,0,43,0,33,27,0,60,6,0,6,66
05/01/2012,GLS,TX,ASW,CE,Federal Contract Tower,0,2,4,0,6,0,35,8,0,43,0,37,12,0,49,6,0,6,55
05/02/2012,GLS,TX,ASW,CE,Federal Contract Tower,0,5,5,0,10,0,47,20,0,67,0,52,25,0,77,30,0,30,107
05/03/2012,GLS,TX,ASW,CE,Federal Contract Tower,0,2,3,1,6,0,36,27,2,65,0,38,30,3,71,16,0,16,87
05/04/2012,GLS,TX,ASW,CE,Federal Contract Tower,0,4,12,0,16,0,30,23,0,53,0,34,35,0,69,10,0,10,79
05/05/2012,GLS,TX,ASW,CE,Federal Contract Tower,0,1,4,2,7,0,20,19,0,39,0,21,23,2,46,0,0,0,46
05/06/2012,GLS,TX,ASW,CE,Federal Contract Tower,0,5,5,0,10,0,16,22,0,38,0,21,27,0,48,6,0,6,54
05/07/2012,GLS,TX,ASW,CE,Federal Contract Tower,0,5,8,0,13,0,32,8,0,40,0,37,16,0,53,10,0,10,63
05/08/2012,GLS,TX,ASW,CE,Federal Contract Tower,0,6,0,0,6,0,35,9,0,44,0,41,9,0,50,8,0,8,58
05/09/2012,GLS,TX,ASW,CE,Federal Contract Tower,0,7,4,0,11,0,40,7,0,47,0,47,11,0,58,6,0,6,64
05/10/2012,GLS,TX,ASW,CE,Federal Contract Tower,0,5,1,0,6,0,49,8,0,57,0,54,9,0,63,0,0,0,63
05/11/2012,GLS,TX,ASW,CE,Federal Contract Tower,0,0,3,0,3,0,23,9,0,32,0,23,12,0,35,8,0,8,43
05/12/2012,GLS,TX,ASW,CE,Federal Contract Tower,0,4,4,0,8,0,20,18,0,38,0,24,22,0,46,8,0,8,54
05/13/2012,GLS,TX,ASW,CE,Federal Contract Tower,0,5,7,0,12,0,30,35,0,65,0,35,42,0,77,34,0,34,111
05/14/2012,GLS,TX,ASW,CE,Federal Contract Tower,0,2,6,0,8,0,33,18,0,51,0,35,24,0,59,26,0,26,85
05/15/2012,GLS,TX,ASW,CE,Federal Contract Tower,0,4,1,0,5,0,32,5,0,37,0,36,6,0,42,16,0,16,58
05/16/2012,GLS,TX,ASW,CE,Federal Contract Tower,0,2,3,2,7,0,34,14,0,48,0,36,17,2,55,8,0,8,63
05/17/2012,GLS,TX,ASW,CE,Federal Contract Tower,0,2,12,0,14,0,33,13,0,46,0,35,25,0,60,12,0,12,72
05/18/2012,GLS,TX,ASW,CE,Federal Contract Tower,0,0,6,0,6,0,43,22,2,67,0,43,28,2,73,10,0,10,83
05/19/2012,GLS,TX,ASW,CE,Federal Contract Tower,0,1,5,0,6,0,23,69,0,92,0,24,74,0,98,0,0,0,98
05/20/2012,GLS,TX,ASW,CE,Federal Contract Tower,0,2,13,0,15,0,12,51,2,65,0,14,64,2,80,8,0,8,88
05/21/2012,GLS,TX,ASW,CE,Federal Contract Tower,0,1,7,1,9,0,39,25,0,64,0,40,32,1,73,8,0,8,81
05/22/2012,GLS,TX,ASW,CE,Federal Contract Tower,0,1,1,0,2,0,39,25,0,64,0,40,26,0,66,0,0,0,66
05/23/2012,GLS,TX,ASW,CE,Federal Contract Tower,0,3,2,0,5,0,36,27,0,63,0,39,29,0,68,2,0,2,70
05/24/2012,GLS,TX,ASW,CE,Federal Contract Tower,0,3,5,0,8,0,38,14,0,52,0,41,19,0,60,0,0,0,60
05/25/2012,GLS,TX,ASW,CE,Federal Contract Tower,0,5,6,0,11,0,37,18,0,55,0,42,24,0,66,0,0,0,66
05/26/2012,GLS,TX,ASW,CE,Federal Contract Tower,0,2,4,0,6,0,35,58,0,93,0,37,62,0,99,0,0,0,99
05/27/2012,GLS,TX,ASW,CE,Federal Contract Tower,0,4,8,0,12,0,16,23,0,39,0,20,31,0,51,0,0,0,51
05/28/2012,GLS,TX,ASW,CE,Federal Contract Tower,0,6,8,0,14,0,25,29,0,54,0,31,37,0,68,14,0,14,82
05/29/2012,GLS,TX,ASW,CE,Federal Contract Tower,0,3,6,0,9,0,35,4,0,39,0,38,10,0,48,26,0,26,74
05/30/2012,GLS,TX,ASW,CE,Federal Contract Tower,0,8,8,0,16,0,35,14,1,50,0,43,22,1,66,0,0,0,66
05/31/2012,GLS,TX,ASW,CE,Federal Contract Tower,0,7,7,0,14,0,22,14,0,36,0,29,21,0,50,8,0,8,58
06/01/2012,GLS,TX,ASW,CE,Federal Contract Tower,0,7,1,0,8,0,29,35,0,64,0,36,36,0,72,10,0,10,82
06/02/2012,GLS,TX,ASW,CE,Federal Contract Tower,0,6,4,0,10,0,25,70,0,95,0,31,74,0,105,32,0,32,137
06/03/2012,GLS,TX,ASW,CE,Federal Contract Tower,0,2,1,0,3,0,12,21,0,33,0,14,22,0,36,6,0,6,42
06/04/2012,GLS,TX,ASW,CE,Federal Contract Tower,0,6,10,0,16,0,23,3,0,26,0,29,13,0,42,2,0,2,44
06/05/2012,GLS,TX,ASW,CE,Federal Contract Tower,0,5,7,3,15,0,28,6,1,35,0,33,13,4,50,2,0,2,52
06/06/2012,GLS,TX,ASW,CE,Federal Contract Tower,0,7,19,0,26,0,35,15,0,50,0,42,34,0,76,20,0,20,96
06/07/2012,GLS,TX,ASW,CE,Federal Contract Tower,0,4,2,0,6,0,41,16,0,57,0,45,18,0,63,10,0,10,73
06/08/2012,GLS,TX,ASW,CE,Federal Contract Tower,0,6,2,0,8,0,36,20,0,56,0,42,22,0,64,8,0,8,72
06/09/2012,GLS,TX,ASW,CE,Federal Contract Tower,0,2,3,0,5,0,15,28,0,43,0,17,31,0,48,8,0,8,56
06/10/2012,GLS,TX,ASW,CE,Federal Contract Tower,0,2,5,0,7,0,17,30,2,49,0,19,35,2,56,12,0,12,68
06/11/2012,GLS,TX,ASW,CE,Federal Contract Tower,0,8,4,2,14,0,25,8,0,33,0,33,12,2,47,14,0,14,61
06/12/2012,GLS,TX,ASW,CE,Federal Contract Tower,0,8,6,0,14,0,28,10,0,38,0,36,16,0,52,24,0,24,76
06/13/2012,GLS,TX,ASW,CE,Federal Contract Tower,0,6,5,0,11,0,34,5,0,39,0,40,10,0,50,0,0,0,50
06/14/2012,GLS,TX,ASW,CE,Federal Contract Tower,0,4,3,0,7,0,30,15,3,48,0,34,18,3,55,12,0,12,67
06/15/2012,GLS,TX,ASW,CE,Federal Contract Tower,0,2,9,0,11,0,38,34,0,72,0,40,43,0,83,40,0,40,123
06/16/2012,GLS,TX,ASW,CE,Federal Contract Tower,0,1,2,0,3,0,31,50,0,81,0,32,52,0,84,48,0,48,132
06/17/2012,GLS,TX,ASW,CE,Federal Contract Tower,0,0,8,0,8,0,25,34,0,59,0,25,42,0,67,26,0,26,93
06/18/2012,GLS,TX,ASW,CE,Federal Contract Tower,0,1,9,2,12,0,24,12,2,38,0,25,21,4,50,18,0,18,68
06/19/2012,GLS,TX,ASW,CE,Federal Contract Tower,0,1,6,0,7,0,34,6,0,40,0,35,12,0,47,0,0,0,47
06/20/2012,GLS,TX,ASW,CE,Federal Contract Tower,0,2,6,4,12,0,41,19,0,60,0,43,25,4,72,8,0,8,80
06/21/2012,GLS,TX,ASW,CE,Federal Contract Tower,0,5,2,0,7,0,30,20,1,51,0,35,22,1,58,4,0,4,62
06/22/2012,GLS,TX,ASW,CE,Federal Contract Tower,0,1,9,0,10,0,36,19,5,60,0,37,28,5,70,10,8,18,88
06/23/2012,GLS,TX,ASW,CE,Federal Contract Tower,0,3,9,0,12,0,34,98,0,132,0,37,107,0,144,14,0,14,158
06/24/2012,GLS,TX,ASW,CE,Federal Contract Tower,0,2,6,0,8,0,26,39,0,65,0,28,45,0,73,24,0,24,97
06/25/2012,GLS,TX,ASW,CE,Federal Contract Tower,0,0,5,0,5,0,33,11,2,46,0,33,16,2,51,8,0,8,59
06/26/2012,GLS,TX,ASW,CE,Federal Contract Tower,0,2,6,0,8,0,49,24,0,73,0,51,30,0,81,22,2,24,105
06/27/2012,GLS,TX,ASW,CE,Federal Contract Tower,0,1,6,0,7,0,49,17,0,66,0,50,23,0,73,0,0,0,73
06/28/2012,GLS,TX,ASW,CE,Federal Contract Tower,0,3,3,2,8,0,35,12,0,47,0,38,15,2,55,2,0,2,57
06/29/2012,GLS,TX,ASW,CE,Federal Contract Tower,0,4,4,0,8,0,23,22,0,45,0,27,26,0,53,4,0,4,57
06/30/2012,GLS,TX,ASW,CE,Federal Contract Tower,0,0,8,0,8,0,13,31,0,44,0,13,39,0,52,38,0,38,90
07/01/2012,GLS,TX,ASW,CE,Federal Contract Tower,0,2,5,0,7,0,18,24,0,42,0,20,29,0,49,11,0,11,60
07/02/2012,GLS,TX,ASW,CE,Federal Contract Tower,0,5,7,0,12,0,19,13,0,32,0,24,20,0,44,2,0,2,46
07/03/2012,GLS,TX,ASW,CE,Federal Contract Tower,0,5,4,2,11,0,34,16,0,50,0,39,20,2,61,8,0,8,69
07/04/2012,GLS,TX,ASW,CE,Federal Contract Tower,0,2,6,0,8,0,24,105,0,129,0,26,111,0,137,54,0,54,191
07/05/2012,GLS,TX,ASW,CE,Federal Contract Tower,0,3,11,2,16,0,29,5,0,34,0,32,16,2,50,14,0,14,64
07/06/2012,GLS,TX,ASW,CE,Federal Contract Tower,0,1,3,0,4,0,31,46,0,77,0,32,49,0,81,40,0,40,121
07/07/2012,GLS,TX,ASW,CE,Federal Contract Tower,0,1,7,0,8,0,16,77,5,98,0,17,84,5,106,18,0,18,124
07/08/2012,GLS,TX,ASW,CE,Federal Contract Tower,0,1,9,0,10,0,23,9,0,32,0,24,18,0,42,0,0,0,42
07/09/2012,GLS,TX,ASW,CE,Federal Contract Tower,0,3,1,0,4,0,37,2,0,39,0,40,3,0,43,2,0,2,45
07/10/2012,GLS,TX,ASW,CE,Federal Contract Tower,0,1,5,0,6,0,17,7,0,24,0,18,12,0,30,2,0,2,32
07/11/2012,GLS,TX,ASW,CE,Federal Contract Tower,0,3,8,0,11,0,24,4,2,30,0,27,12,2,41,2,0,2,43
07/12/2012,GLS,TX,ASW,CE,Federal Contract Tower,0,4,7,1,12,0,33,15,1,49,0,37,22,2,61,8,0,8,69
07/13/2012,GLS,TX,ASW,CE,Federal Contract Tower,0,6,3,2,11,0,29,8,1,38,0,35,11,3,49,8,0,8,57
07/14/2012,GLS,TX,ASW,CE,Federal Contract Tower,0,3,4,2,9,0,20,38,0,58,0,23,42,2,67,4,0,4,71
07/15/2012,GLS,TX,ASW,CE,Federal Contract Tower,0,3,4,0,7,0,10,10,0,20,0,13,14,0,27,0,0,0,27
07/16/2012,GLS,TX,ASW,CE,Federal Contract Tower,0,3,8,0,11,0,26,9,0,35,0,29,17,0,46,0,0,0,46
07/17/2012,GLS,TX,ASW,CE,Federal Contract Tower,0,1,6,0,7,0,32,11,4,47,0,33,17,4,54,22,0,22,76
07/18/2012,GLS,TX,ASW,CE,Federal Contract Tower,0,1,3,0,4,0,42,24,10,76,0,43,27,10,80,2,0,2,82
07/19/2012,GLS,TX,ASW,CE,Federal Contract Tower,0,3,11,0,14,0,38,17,0,55,0,41,28,0,69,10,0,10,79
07/20/2012,GLS,TX,ASW,CE,Federal Contract Tower,0,0,3,0,3,0,31,31,0,62,0,31,34,0,65,20,4,24,89
07/21/2012,GLS,TX,ASW,CE,Federal Contract Tower,0,4,9,0,13,0,23,29,4,56,0,27,38,4,69,14,0,14,83
07/22/2012,GLS,TX,ASW,CE,Federal Contract Tower,0,3,5,0,8,0,16,24,0,40,0,19,29,0,48,14,0,14,62
07/23/2012,GLS,TX,ASW,CE,Federal Contract Tower,0,3,7,0,10,0,26,6,4,36,0,29,13,4,46,0,0,0,46
07/24/2012,GLS,TX,ASW,CE,Federal Contract Tower,0,2,9,0,11,0,31,16,2,49,0,33,25,2,60,18,0,18,78
07/25/2012,GLS,TX,ASW,CE,Federal Contract Tower,0,4,5,0,9,0,31,8,0,39,0,35,13,0,48,2,0,2,50
07/26/2012,GLS,TX,ASW,CE,Federal Contract Tower,0,7,8,0,15,0,34,17,0,51,0,41,25,0,66,6,0,6,72
07/27/2012,GLS,TX,ASW,CE,Federal Contract Tower,0,7,9,0,16,0,16,23,5,44,0,23,32,5,60,9,0,9,69
07/28/2012,GLS,TX,ASW,CE,Federal Contract Tower,0,4,3,0,7,0,11,59,0,70,0,15,62,0,77,28,0,28,105
07/29/2012,GLS,TX,ASW,CE,Federal Contract Tower,0,3,4,0,7,0,16,25,1,42,0,19,29,1,49,2,0,2,51
07/30/2012,GLS,TX,ASW,CE,Federal Contract Tower,0,14,3,0,17,0,18,19,5,42,0,32,22,5,59,2,0,2,61
07/31/2012,GLS,TX,ASW,CE,Federal Contract Tower,0,2,4,0,6,0,24,19,2,45,0,26,23,2,51,2,0,2,53
08/01/2012,GLS,TX,ASW,CE,Federal Contract Tower,0,5,3,2,10,0,21,19,0,40,0,26,22,2,50,8,0,8,58
08/02/2012,GLS,TX,ASW,CE,Federal Contract Tower,0,5,7,0,12,0,31,18,2,51,0,36,25,2,63,18,0,18,81
08/03/2012,GLS,TX,ASW,CE,Federal Contract Tower,0,4,4,0,8,0,11,18,4,33,0,15,22,4,41,0,0,0,41
08/04/2012,GLS,TX,ASW,CE,Federal Contract Tower,0,5,7,0,12,0,16,65,0,81,0,21,72,0,93,32,0,32,125
08/05/2012,GLS,TX,ASW,CE,Federal Contract Tower,0,2,18,0,20,0,19,15,0,34,0,21,33,0,54,0,0,0,54
08/06/2012,GLS,TX,ASW,CE,Federal Contract Tower,0,3,10,0,13,0,39,23,4,66,0,42,33,4,79,10,0,10,89
08/07/2012,GLS,TX,ASW,CE,Federal Contract Tower,0,3,8,0,11,0,41,20,0,61,0,44,28,0,72,14,0,14,86
08/08/2012,GLS,TX,ASW,CE,Federal Contract Tower,0,1,5,0,6,0,34,21,0,55,0,35,26,0,61,0,0,0,61
08/09/2012,GLS,TX,ASW,CE,Federal Contract Tower,0,1,7,0,8,0,38,18,0,56,0,39,25,0,64,0,0,0,64
08/10/2012,GLS,TX,ASW,CE,Federal Contract Tower,0,0,6,2,8,0,22,30,2,54,0,22,36,4,62,46,0,46,108
08/11/2012,GLS,TX,ASW,CE,Federal Contract Tower,0,3,4,0,7,0,9,72,0,81,0,12,76,0,88,22,0,22,110
08/12/2012,GLS,TX,ASW,CE,Federal Contract Tower,0,6,11,0,17,0,18,32,0,50,0,24,43,0,67,10,0,10,77
08/13/2012,GLS,TX,ASW,CE,Federal Contract Tower,0,3,3,0,6,0,26,23,2,51,0,29,26,2,57,0,4,4,61
08/14/2012,GLS,TX,ASW,CE,Federal Contract Tower,0,3,0,0,3,0,23,27,2,52,0,26,27,2,55,10,2,12,67
08/15/2012,GLS,TX,ASW,CE,Federal Contract Tower,0,3,1,0,4,0,35,14,4,53,0,38,15,4,57,0,0,0,57
08/16/2012,GLS,TX,ASW,CE,Federal Contract Tower,0,3,3,0,6,0,17,20,4,41,0,20,23,4,47,16,0,16,63
08/17/2012,GLS,TX,ASW,CE,Federal Contract Tower,0,3,7,0,10,0,23,22,0,45,0,26,29,0,55,12,0,12,67
08/18/2012,GLS,TX,ASW,CE,Federal Contract Tower,0,5,3,0,8,0,14,31,0,45,0,19,34,0,53,16,0,16,69
08/19/2012,GLS,TX,ASW,CE,Federal Contract Tower,0,0,4,0,4,0,16,10,0,26,0,16,14,0,30,4,0,4,34
08/20/2012,GLS,TX,ASW,CE,Federal Contract Tower,0,3,4,0,7,0,35,14,0,49,0,38,18,0,56,2,0,2,58
08/21/2012,GLS,TX,ASW,CE,Federal Contract Tower,0,2,3,2,7,0,31,19,0,50,0,33,22,2,57,10,0,10,67
08/22/2012,GLS,TX,ASW,CE,Federal Contract Tower,0,5,10,0,15,0,54,18,0,72,0,59,28,0,87,0,0,0,87
08/23/2012,GLS,TX,ASW,CE,Federal Contract Tower,0,3,7,0,10,0,25,12,0,37,0,28,19,0,47,8,0,8,55
08/24/2012,GLS,TX,ASW,CE,Federal Contract Tower,0,4,10,0,14,0,13,9,0,22,0,17,19,0,36,0,0,0,36
08/25/2012,GLS,TX,ASW,CE,Federal Contract Tower,0,1,1,0,2,0,8,22,0,30,0,9,23,0,32,4,0,4,36
08/26/2012,GLS,TX,ASW,CE,Federal Contract Tower,0,5,2,0,7,0,19,26,0,45,0,24,28,0,52,4,0,4,56
08/27/2012,GLS,TX,ASW,CE,Federal Contract Tower,0,20,4,0,24,0,34,20,0,54,0,54,24,0,78,2,0,2,80
08/28/2012,GLS,TX,ASW,CE,Federal Contract Tower,0,4,1,0,5,0,33,14,0,47,0,37,15,0,52,12,0,12,64
08/29/2012,GLS,TX,ASW,CE,Federal Contract Tower,0,9,2,0,11,0,36,18,0,54,0,45,20,0,65,12,0,12,77
08/30/2012,GLS,TX,ASW,CE,Federal Contract Tower,0,12,1,0,13,0,90,6,0,96,0,102,7,0,109,0,0,0,109
08/31/2012,GLS,TX,ASW,CE,Federal Contract Tower,0,2,1,0,3,0,30,31,8,69,0,32,32,8,72,10,0,10,82
09/01/2012,GLS,TX,ASW,CE,Federal Contract Tower,0,4,6,0,10,0,11,33,0,44,0,15,39,0,54,12,0,12,66
09/02/2012,GLS,TX,ASW,CE,Federal Contract Tower,0,3,5,0,8,0,32,28,0,60,0,35,33,0,68,18,0,18,86
09/03/2012,GLS,TX,ASW,CE,Federal Contract Tower,0,4,8,0,12,0,33,39,4,76,0,37,47,4,88,0,0,0,88
09/04/2012,GLS,TX,ASW,CE,Federal Contract Tower,0,1,1,6,8,0,29,17,0,46,0,30,18,6,54,12,0,12,66
09/05/2012,GLS,TX,ASW,CE,Federal Contract Tower,0,2,7,0,9,0,26,20,1,47,0,28,27,1,56,0,0,0,56
09/06/2012,GLS,TX,ASW,CE,Federal Contract Tower,0,4,5,1,10,0,32,26,0,58,0,36,31,1,68,14,0,14,82
09/07/2012,GLS,TX,ASW,CE,Federal Contract Tower,0,4,4,0,8,0,55,11,0,66,0,59,15,0,74,17,0,17,91
09/08/2012,GLS,TX,ASW,CE,Federal Contract Tower,0,5,3,0,8,0,9,29,0,38,0,14,32,0,46,10,0,10,56
09/09/2012,GLS,TX,ASW,CE,Federal Contract Tower,0,2,3,0,5,0,20,44,2,66,0,22,47,2,71,8,0,8,79
09/10/2012,GLS,TX,ASW,CE,Federal Contract Tower,0,6,0,2,8,0,27,12,0,39,0,33,12,2,47,2,0,2,49
09/11/2012,GLS,TX,ASW,CE,Federal Contract Tower,0,3,1,0,4,0,22,18,2,42,0,25,19,2,46,12,0,12,58
09/12/2012,GLS,TX,ASW,CE,Federal Contract Tower,0,3,9,0,12,0,39,14,0,53,0,42,23,0,65,16,0,16,81
09/13/2012,GLS,TX,ASW,CE,Federal Contract Tower,0,4,10,0,14,0,37,2,0,39,0,41,12,0,53,0,0,0,53
09/14/2012,GLS,TX,ASW,CE,Federal Contract Tower,0,0,5,2,7,0,34,5,0,39,0,34,10,2,46,0,0,0,46
09/15/2012,GLS,TX,ASW,CE,Federal Contract Tower,0,1,0,0,1,0,31,8,0,39,0,32,8,0,40,28,0,28,68
09/16/2012,GLS,TX,ASW,CE,Federal Contract Tower,0,0,4,0,4,0,15,13,0,28,0,15,17,0,32,13,0,13,45
09/17/2012,GLS,TX,ASW,CE,Federal Contract Tower,0,2,7,0,9,0,28,14,1,43,0,30,21,1,52,8,0,8,60
09/18/2012,GLS,TX,ASW,CE,Federal Contract Tower,0,2,2,6,10,0,30,18,0,48,0,32,20,6,58,10,0,10,68
09/19/2012,GLS,TX,ASW,CE,Federal Contract Tower,0,3,4,0,7,0,38,17,0,55,0,41,21,0,62,16,0,16,78
09/20/2012,GLS,TX,ASW,CE,Federal Contract Tower,0,2,3,0,5,0,33,23,0,56,0,35,26,0,61,38,0,38,99
09/21/2012,GLS,TX,ASW,CE,Federal Contract Tower,0,5,6,0,11,0,1,2,0,3,0,6,8,0,14,12,0,12,26
09/22/2012,GLS,TX,ASW,CE,Federal Contract Tower,0,5,14,2,21,0,22,102,0,124,0,27,116,2,145,5,0,5,150
09/23/2012,GLS,TX,ASW,CE,Federal Contract Tower,0,1,9,0,10,0,16,40,0,56,0,17,49,0,66,50,0,50,116
09/24/2012,GLS,TX,ASW,CE,Federal Contract Tower,0,3,4,0,7,0,26,21,0,47,0,29,25,0,54,2,0,2,56
09/25/2012,GLS,TX,ASW,CE,Federal Contract Tower,0,5,0,0,5,0,28,25,0,53,0,33,25,0,58,36,0,36,94
09/26/2012,GLS,TX,ASW,CE,Federal Contract Tower,0,3,10,2,15,0,19,10,1,30,0,22,20,3,45,0,0,0,45
09/27/2012,GLS,TX,ASW,CE,Federal Contract Tower,0,4,9,0,13,0,35,17,0,52,0,39,26,0,65,8,0,8,73
09/28/2012,GLS,TX,ASW,CE,Federal Contract Tower,0,5,4,1,10,0,24,12,2,38,0,29,16,3,48,7,0,7,55
09/29/2012,GLS,TX,ASW,CE,Federal Contract Tower,0,0,3,0,3,0,4,3,0,7,0,4,6,0,10,5,0,5,15
09/30/2012,GLS,TX,ASW,CE,Federal Contract Tower,0,2,4,0,6,0,4,5,0,9,0,6,9,0,15,0,0,0,15
10/01/2012,GLS,TX,ASW,CE,Federal Contract Tower,0,1,0,0,1,0,25,10,1,36,0,26,10,1,37,12,0,12,49
10/02/2012,GLS,TX,ASW,CE,Federal Contract Tower,0,2,2,1,5,0,39,22,0,61,0,41,24,1,66,14,0,14,80
10/03/2012,GLS,TX,ASW,CE,Federal Contract Tower,0,2,4,0,6,0,45,18,0,63,0,47,22,0,69,10,0,10,79
10/04/2012,GLS,TX,ASW,CE,Federal Contract Tower,0,4,10,1,15,0,26,25,0,51,0,30,35,1,66,20,0,20,86
10/05/2012,GLS,TX,ASW,CE,Federal Contract Tower,0,5,6,0,11,0,25,22,0,47,0,30,28,0,58,6,0,6,64
10/06/2012,GLS,TX,ASW,CE,Federal Contract Tower,0,1,6,0,7,0,18,104,1,123,0,19,110,1,130,38,4,42,172
10/07/2012,GLS,TX,ASW,CE,Federal Contract Tower,0,4,9,0,13,0,28,9,0,37,0,32,18,0,50,9,0,9,59
10/08/2012,GLS,TX,ASW,CE,Federal Contract Tower,0,3,10,0,13,0,26,22,0,48,0,29,32,0,61,20,0,20,81
10/09/2012,GLS,TX,ASW,CE,Federal Contract Tower,0,6,3,0,9,0,31,39,0,70,0,37,42,0,79,6,0,6,85
10/10/2012,GLS,TX,ASW,CE,Federal Contract Tower,0,3,7,0,10,0,40,20,0,60,0,43,27,0,70,24,0,24,94
10/11/2012,GLS,TX,ASW,CE,Federal Contract Tower,0,1,7,0,8,0,33,22,0,55,0,34,29,0,63,0,0,0,63
10/12/2012,GLS,TX,ASW,CE,Federal Contract Tower,0,2,4,0,6,0,16,17,0,33,0,18,21,0,39,22,0,22,61
10/13/2012,GLS,TX,ASW,CE,Federal Contract Tower,0,1,3,2,6,0,10,39,0,49,0,11,42,2,55,28,0,28,83
10/14/2012,GLS,TX,ASW,CE,Federal Contract Tower,0,2,6,0,8,0,8,21,0,29,0,10,27,0,37,22,0,22,59
10/15/2012,GLS,TX,ASW,CE,Federal Contract Tower,0,1,4,0,5,0,37,29,0,66,0,38,33,0,71,24,0,24,95
10/16/2012,GLS,TX,ASW,CE,Federal Contract Tower,0,6,1,0,7,0,42,15,0,57,0,48,16,0,64,28,0,28,92
10/17/2012,GLS,TX,ASW,CE,Federal Contract Tower,0,4,5,0,9,0,40,27,0,67,0,44,32,0,76,18,0,18,94
10/18/2012,GLS,TX,ASW,CE,Federal Contract Tower,0,8,5,4,17,0,32,21,0,53,0,40,26,4,70,0,0,0,70
10/19/2012,GLS,TX,ASW,CE,Federal Contract Tower,0,2,3,1,6,0,35,31,1,67,0,37,34,2,73,14,0,14,87
10/20/2012,GLS,TX,ASW,CE,Federal Contract Tower,0,0,8,0,8,0,12,81,2,95,0,12,89,2,103,18,0,18,121
10/21/2012,GLS,TX,ASW,CE,Federal Contract Tower,0,1,0,0,1,0,18,22,0,40,0,19,22,0,41,18,0,18,59
10/22/2012,GLS,TX,ASW,CE,Federal Contract Tower,0,3,3,1,7,0,31,29,0,60,0,34,32,1,67,4,0,4,71
10/23/2012,GLS,TX,ASW,CE,Federal Contract Tower,0,3,6,2,11,0,39,25,0,64,0,42,31,2,75,4,0,4,79
10/24/2012,GLS,TX,ASW,CE,Federal Contract Tower,0,2,6,0,8,0,40,26,8,74,0,42,32,8,82,20,0,20,102
10/25/2012,GLS,TX,ASW,CE,Federal Contract Tower,0,2,10,0,12,0,29,80,0,109,0,31,90,0,121,60,0,60,181
10/26/2012,GLS,TX,ASW,CE,Federal Contract Tower,0,6,7,0,13,0,31,15,0,46,0,37,22,0,59,0,0,0,59
10/27/2012,GLS,TX,ASW,CE,Federal Contract Tower,0,3,7,0,10,0,11,48,0,59,0,14,55,0,69,4,0,4,73
10/28/2012,GLS,TX,ASW,CE,Federal Contract Tower,0,3,9,0,12,0,15,43,0,58,0,18,52,0,70,2,0,2,72
10/29/2012,GLS,TX,ASW,CE,Federal Contract Tower,0,2,3,0,5,0,28,30,0,58,0,30,33,0,63,16,0,16,79
10/30/2012,GLS,TX,ASW,CE,Federal Contract Tower,0,3,2,0,5,0,36,18,0,54,0,39,20,0,59,30,0,30,89
10/31/2012,GLS,TX,ASW,CE,Federal Contract Tower,0,1,4,0,5,0,33,15,0,48,0,34,19,0,53,12,0,12,65
11/01/2012,GLS,TX,ASW,CE,Federal Contract Tower,0,3,9,0,12,0,27,28,0,55,0,30,37,0,67,42,0,42,109
11/02/2012,GLS,TX,ASW,CE,Federal Contract Tower,0,8,4,0,12,0,36,32,1,69,0,44,36,1,81,37,1,38,119
11/03/2012,GLS,TX,ASW,CE,Federal Contract Tower,0,1,5,0,6,0,32,68,0,100,0,33,73,0,106,48,0,48,154
11/04/2012,GLS,TX,ASW,CE,Federal Contract Tower,0,1,8,0,9,0,12,14,0,26,0,13,22,0,35,16,0,16,51
11/05/2012,GLS,TX,ASW,CE,Federal Contract Tower,0,5,0,0,5,0,26,22,0,48,0,31,22,0,53,14,0,14,67
11/06/2012,GLS,TX,ASW,CE,Federal Contract Tower,0,1,4,0,5,0,45,16,0,61,0,46,20,0,66,36,0,36,102
11/07/2012,GLS,TX,ASW,CE,Federal Contract Tower,0,3,7,0,10,0,45,43,0,88,0,48,50,0,98,48,0,48,146
11/08/2012,GLS,TX,ASW,CE,Federal Contract Tower,0,1,4,6,11,0,34,24,2,60,0,35,28,8,71,0,0,0,71
11/09/2012,GLS,TX,ASW,CE,Federal Contract Tower,0,0,8,2,10,0,35,27,0,62,0,35,35,2,72,22,0,22,94
11/10/2012,GLS,TX,ASW,CE,Federal Contract Tower,0,4,5,0,9,0,27,61,0,88,0,31,66,0,97,28,0,28,125
11/11/2012,GLS,TX,ASW,CE,Federal Contract Tower,0,2,8,0,10,0,4,20,0,24,0,6,28,0,34,8,0,8,42
11/12/2012,GLS,TX,ASW,CE,Federal Contract Tower,0,2,2,0,4,0,27,10,0,37,0,29,12,0,41,0,0,0,41
11/13/2012,GLS,TX,ASW,CE,Federal Contract Tower,0,2,0,3,5,0,38,22,8,68,0,40,22,11,73,14,0,14,87
11/14/2012,GLS,TX,ASW,CE,Federal Contract Tower,0,1,4,2,7,0,0,0,0,0,0,1,4,2,7,10,0,10,17
11/15/2012,GLS,TX,ASW,CE,Federal Contract Tower,0,0,3,0,3,0,46,16,0,62,0,46,19,0,65,12,0,12,77
11/16/2012,GLS,TX,ASW,CE,Federal Contract Tower,0,3,3,0,6,0,28,30,2,60,0,31,33,2,66,32,0,32,98
11/17/2012,GLS,TX,ASW,CE,Federal Contract Tower,0,3,1,0,4,0,24,68,0,92,0,27,69,0,96,36,0,36,132
11/18/2012,GLS,TX,ASW,CE,Federal Contract Tower,0,2,4,0,6,0,7,57,0,64,0,9,61,0,70,44,0,44,114
11/19/2012,GLS,TX,ASW,CE,Federal Contract Tower,0,2,6,0,8,0,43,16,0,59,0,45,22,0,67,0,0,0,67
11/20/2012,GLS,TX,ASW,CE,Federal Contract Tower,0,5,4,0,9,0,39,22,1,62,0,44,26,1,71,18,0,18,89
11/21/2012,GLS,TX,ASW,CE,Federal Contract Tower,0,2,7,0,9,0,30,21,0,51,0,32,28,0,60,0,0,0,60
11/22/2012,GLS,TX,ASW,CE,Federal Contract Tower,0,2,4,0,6,0,7,11,0,18,0,9,15,0,24,0,0,0,24
11/23/2012,GLS,TX,ASW,CE,Federal Contract Tower,0,3,5,0,8,0,13,20,0,33,0,16,25,0,41,14,0,14,55
11/24/2012,GLS,TX,ASW,CE,Federal Contract Tower,0,7,3,0,10,0,16,45,0,61,0,23,48,0,71,10,0,10,81
11/25/2012,GLS,TX,ASW,CE,Federal Contract Tower,0,3,4,0,7,0,8,35,0,43,0,11,39,0,50,12,0,12,62
11/26/2012,GLS,TX,ASW,CE,Federal Contract Tower,0,3,4,0,7,0,23,11,0,34,0,26,15,0,41,24,0,24,65
11/27/2012,GLS,TX,ASW,CE,Federal Contract Tower,0,6,7,2,15,0,41,3,0,44,0,47,10,2,59,0,0,0,59
11/28/2012,GLS,TX,ASW,CE,Federal Contract Tower,0,3,2,2,7,0,41,21,0,62,0,44,23,2,69,22,0,22,91
11/29/2012,GLS,TX,ASW,CE,Federal Contract Tower,0,3,6,0,9,0,33,20,0,53,0,36,26,0,62,6,0,6,68
11/30/2012,GLS,TX,ASW,CE,Federal Contract Tower,0,1,4,1,6,0,23,18,1,42,0,24,22,2,48,4,0,4,52
12/01/2012,GLS,TX,ASW,CE,Federal Contract Tower,0,0,3,0,3,0,28,48,0,76,0,28,51,0,79,48,0,48,127
12/02/2012,GLS,TX,ASW,CE,Federal Contract Tower,0,1,4,0,5,0,13,31,0,44,0,14,35,0,49,20,0,20,69
12/03/2012,GLS,TX,ASW,CE,Federal Contract Tower,0,6,7,0,13,0,26,15,0,41,0,32,22,0,54,16,0,16,70
12/04/2012,GLS,TX,ASW,CE,Federal Contract Tower,0,3,9,0,12,0,29,3,0,32,0,32,12,0,44,0,0,0,44
12/05/2012,GLS,TX,ASW,CE,Federal Contract Tower,0,32,2,4,38,0,14,2,0,16,0,46,4,4,54,0,0,0,54
12/06/2012,GLS,TX,ASW,CE,Federal Contract Tower,0,4,2,0,6,0,36,13,0,49,0,40,15,0,55,18,0,18,73
12/07/2012,GLS,TX,ASW,CE,Federal Contract Tower,0,3,3,3,9,0,37,23,0,60,0,40,26,3,69,22,0,22,91
12/08/2012,GLS,TX,ASW,CE,Federal Contract Tower,0,2,4,0,6,0,16,36,0,52,0,18,40,0,58,22,0,22,80
12/09/2012,GLS,TX,ASW,CE,Federal Contract Tower,0,3,3,0,6,0,20,23,2,45,0,23,26,2,51,24,0,24,75
12/10/2012,GLS,TX,ASW,CE,Federal Contract Tower,0,3,2,2,7,0,26,18,0,44,0,29,20,2,51,6,0,6,57
12/11/2012,GLS,TX,ASW,CE,Federal Contract Tower,0,3,1,0,4,0,49,37,0,86,0,52,38,0,90,46,0,46,136
12/12/2012,GLS,TX,ASW,CE,Federal Contract Tower,0,3,2,0,5,0,34,10,0,44,0,37,12,0,49,32,0,32,81
12/13/2012,GLS,TX,ASW,CE,Federal Contract Tower,0,4,0,0,4,0,32,39,0,71,0,36,39,0,75,70,0,70,145
12/14/2012,GLS,TX,ASW,CE,Federal Contract Tower,0,6,3,0,9,0,31,21,0,52,0,37,24,0,61,4,0,4,65
12/15/2012,GLS,TX,ASW,CE,Federal Contract Tower,0,3,4,0,7,0,22,23,0,45,0,25,27,0,52,55,0,55,107
12/16/2012,GLS,TX,ASW,CE,Federal Contract Tower,0,3,4,0,7,0,22,6,0,28,0,25,10,0,35,0,0,0,35
12/17/2012,GLS,TX,ASW,CE,Federal Contract Tower,0,3,4,0,7,0,38,23,0,61,0,41,27,0,68,36,0,36,104
12/18/2012,GLS,TX,ASW,CE,Federal Contract Tower,0,1,1,0,2,0,43,47,0,90,0,44,48,0,92,26,0,26,118
12/19/2012,GLS,TX,ASW,CE,Federal Contract Tower,0,4,3,0,7,0,37,12,2,51,0,41,15,2,58,0,0,0,58
12/20/2012,GLS,TX,ASW,CE,Federal Contract Tower,0,2,0,2,4,0,6,2,0,8,0,8,2,2,12,0,0,0,12
12/21/2012,GLS,TX,ASW,CE,Federal Contract Tower,0,2,8,2,12,0,50,40,0,90,0,52,48,2,102,32,0,32,134
12/22/2012,GLS,TX,ASW,CE,Federal Contract Tower,0,6,6,0,12,0,20,53,0,73,0,26,59,0,85,2,0,2,87
12/23/2012,GLS,TX,ASW,CE,Federal Contract Tower,0,3,6,0,9,0,23,18,0,41,0,26,24,0,50,6,0,6,56
12/24/2012,GLS,TX,ASW,CE,Federal Contract Tower,0,1,6,0,7,0,24,9,0,33,0,25,15,0,40,0,0,0,40
12/25/2012,GLS,TX,ASW,CE,Federal Contract Tower,0,2,1,0,3,0,18,0,0,18,0,20,1,0,21,0,0,0,21
12/26/2012,GLS,TX,ASW,CE,Federal Contract Tower,0,2,12,0,14,0,30,27,0,57,0,32,39,0,71,22,2,24,95
12/27/2012,GLS,TX,ASW,CE,Federal Contract Tower,0,8,7,0,15,0,22,2,0,24,0,30,9,0,39,0,0,0,39
12/28/2012,GLS,TX,ASW,CE,Federal Contract Tower,0,4,6,0,10,0,22,13,0,35,0,26,19,0,45,0,0,0,45
12/29/2012,GLS,TX,ASW,CE,Federal Contract Tower,0,3,12,0,15,0,15,20,0,35,0,18,32,0,50,24,0,24,74
12/30/2012,GLS,TX,ASW,CE,Federal Contract Tower,0,4,5,0,9,0,25,26,0,51,0,29,31,0,60,8,0,8,68
12/31/2012,GLS,TX,ASW,CE,Federal Contract Tower,0,6,1,0,7,0,11,8,0,19,0,17,9,0,26,0,0,0,26
01/01/2013,GLS,TX,ASW,CE,Federal Contract Tower,0,0,2,0,2,0,2,0,0,2,0,2,2,0,4,0,0,0,4
01/02/2013,GLS,TX,ASW,CE,Federal Contract Tower,0,6,6,0,12,0,34,1,0,35,0,40,7,0,47,0,0,0,47
01/03/2013,GLS,TX,ASW,CE,Federal Contract Tower,0,7,5,0,12,0,34,5,0,39,0,41,10,0,51,26,0,26,77
01/04/2013,GLS,TX,ASW,CE,Federal Contract Tower,0,2,7,0,9,0,31,10,0,41,0,33,17,0,50,48,0,48,98
01/05/2013,GLS,TX,ASW,CE,Federal Contract Tower,0,5,6,0,11,0,10,2,0,12,0,15,8,0,23,6,0,6,29
01/06/2013,GLS,TX,ASW,CE,Federal Contract Tower,0,6,14,0,20,0,18,16,0,34,0,24,30,0,54,14,0,14,68
01/07/2013,GLS,TX,ASW,CE,Federal Contract Tower,0,2,10,0,12,0,34,18,0,52,0,36,28,0,64,6,0,6,70
01/08/2013,GLS,TX,ASW,CE,Federal Contract Tower,0,5,0,0,5,0,0,0,0,0,0,5,0,0,5,2,0,2,7
01/09/2013,GLS,TX,ASW,CE,Federal Contract Tower,0,12,1,0,13,0,8,0,0,8,0,20,1,0,21,0,0,0,21
01/10/2013,GLS,TX,ASW,CE,Federal Contract Tower,0,4,6,0,10,0,67,25,0,92,0,71,31,0,102,42,0,42,144
01/11/2013,GLS,TX,ASW,CE,Federal Contract Tower,0,10,7,0,17,0,23,17,0,40,0,33,24,0,57,10,0,10,67
01/12/2013,GLS,TX,ASW,CE,Federal Contract Tower,0,2,6,0,8,0,0,0,0,0,0,2,6,0,8,0,0,0,8
01/13/2013,GLS,TX,ASW,CE,Federal Contract Tower,0,7,9,0,16,0,10,2,0,12,0,17,11,0,28,0,0,0,28
01/14/2013,GLS,TX,ASW,CE,Federal Contract Tower,0,10,3,0,13,0,21,7,0,28,0,31,10,0,41,0,0,0,41
01/15/2013,GLS,TX,ASW,CE,Federal Contract Tower,0,13,7,0,20,0,15,4,0,19,0,28,11,0,39,0,0,0,39
01/16/2013,GLS,TX,ASW,CE,Federal Contract Tower,0,2,9,4,15,0,42,6,0,48,0,44,15,4,63,2,0,2,65
01/17/2013,GLS,TX,ASW,CE,Federal Contract Tower,0,1,13,0,14,0,33,18,0,51,0,34,31,0,65,24,0,24,89
01/18/2013,GLS,TX,ASW,CE,Federal Contract Tower,0,6,7,0,13,0,36,39,0,75,0,42,46,0,88,57,0,57,145
01/19/2013,GLS,TX,ASW,CE,Federal Contract Tower,0,1,2,0,3,0,19,51,0,70,0,20,53,0,73,26,0,26,99
01/20/2013,GLS,TX,ASW,CE,Federal Contract Tower,0,4,5,0,9,0,36,58,0,94,0,40,63,0,103,18,0,18,121
01/21/2013,GLS,TX,ASW,CE,Federal Contract Tower,0,3,1,0,4,0,28,35,2,65,0,31,36,2,69,10,0,10,79
01/22/2013,GLS,TX,ASW,CE,Federal Contract Tower,0,1,5,0,6,0,27,42,0,69,0,28,47,0,75,6,0,6,81
01/23/2013,GLS,TX,ASW,CE,Federal Contract Tower,0,3,11,0,14,0,36,24,0,60,0,39,35,0,74,8,0,8,82
01/24/2013,GLS,TX,ASW,CE,Federal Contract Tower,0,2,14,0,16,0,30,21,0,51,0,32,35,0,67,14,0,14,81
01/25/2013,GLS,TX,ASW,CE,Federal Contract Tower,0,1,8,0,9,0,40,34,0,74,0,41,42,0,83,52,0,52,135
01/26/2013,GLS,TX,ASW,CE,Federal Contract Tower,0,1,9,0,10,0,17,52,1,70,0,18,61,1,80,40,0,40,120
01/27/2013,GLS,TX,ASW,CE,Federal Contract Tower,0,4,7,0,11,0,12,45,0,57,0,16,52,0,68,44,0,44,112
01/28/2013,GLS,TX,ASW,CE,Federal Contract Tower,0,5,4,0,9,1,25,15,0,41,1,30,19,0,50,7,0,7,57
01/29/2013,GLS,TX,ASW,CE,Federal Contract Tower,0,13,2,0,15,0,6,0,0,6,0,19,2,0,21,0,0,0,21
01/30/2013,GLS,TX,ASW,CE,Federal Contract Tower,0,1,3,0,4,0,34,3,0,37,0,35,6,0,41,0,0,0,41
01/31/2013,GLS,TX,ASW,CE,Federal Contract Tower,0,1,2,2,5,0,44,38,1,83,0,45,40,3,88,30,0,30,118
02/01/2013,GLS,TX,ASW,CE,Federal Contract Tower,0,2,11,0,13,0,17,36,0,53,0,19,47,0,66,16,4,20,86
02/02/2013,GLS,TX,ASW,CE,Federal Contract Tower,0,0,17,0,17,0,24,73,0,97,0,24,90,0,114,52,2,54,168
02/03/2013,GLS,TX,ASW,CE,Federal Contract Tower,0,0,10,0,10,0,25,50,2,77,0,25,60,2,87,40,0,40,127
02/04/2013,GLS,TX,ASW,CE,Federal Contract Tower,0,5,2,0,7,0,37,16,0,53,0,42,18,0,60,4,0,4,64
02/05/2013,GLS,TX,ASW,CE,Federal Contract Tower,0,15,14,2,31,0,8,8,0,16,0,23,22,2,47,2,0,2,49
02/06/2013,GLS,TX,ASW,CE,Federal Contract Tower,0,22,7,0,29,0,3,0,0,3,0,25,7,0,32,0,0,0,32
02/07/2013,GLS,TX,ASW,CE,Federal Contract Tower,0,24,15,2,41,0,15,6,0,21,0,39,21,2,62,2,0,2,64
02/08/2013,GLS,TX,ASW,CE,Federal Contract Tower,0,10,10,0,20,0,51,35,0,86,0,61,45,0,106,32,0,32,138
02/09/2013,GLS,TX,ASW,CE,Federal Contract Tower,0,13,16,0,29,0,12,19,0,31,0,25,35,0,60,14,0,14,74
02/10/2013,GLS,TX,ASW,CE,Federal Contract Tower,0,3,18,0,21,0,8,4,0,12,0,11,22,0,33,10,0,10,43
02/11/2013,GLS,TX,ASW,CE,Federal Contract Tower,0,12,6,0,18,10,6,0,0,16,10,18,6,0,34,0,0,0,34
02/12/2013,GLS,TX,ASW,CE,Federal Contract Tower,0,13,13,0,26,0,1,0,1,2,0,14,13,1,28,0,0,0,28
02/13/2013,GLS,TX,ASW,CE,Federal Contract Tower,0,4,2,0,6,0,36,18,0,54,0,40,20,0,60,38,0,38,98
02/14/2013,GLS,TX,ASW,CE,Federal Contract Tower,0,1,3,0,4,0,33,28,0,61,0,34,31,0,65,22,0,22,87
02/15/2013,GLS,TX,ASW,CE,Federal Contract Tower,0,2,7,2,11,0,29,39,0,68,0,31,46,2,79,44,0,44,123
02/16/2013,GLS,TX,ASW,CE,Federal Contract Tower,0,4,5,0,9,0,18,64,0,82,0,22,69,0,91,44,0,44,135
02/17/2013,GLS,TX,ASW,CE,Federal Contract Tower,0,2,4,0,6,0,18,40,0,58,0,20,44,0,64,28,0,28,92
02/18/2013,GLS,TX,ASW,CE,Federal Contract Tower,0,3,10,0,13,0,28,14,0,42,0,31,24,0,55,4,0,4,59
02/19/2013,GLS,TX,ASW,CE,Federal Contract Tower,0,2,6,0,8,0,53,17,0,70,0,55,23,0,78,4,0,4,82
02/20/2013,GLS,TX,ASW,CE,Federal Contract Tower,0,6,10,3,19,0,38,5,1,44,0,44,15,4,63,0,0,0,63
02/21/2013,GLS,TX,ASW,CE,Federal Contract Tower,0,16,9,0,25,0,1,0,0,1,0,17,9,0,26,0,0,0,26
02/22/2013,GLS,TX,ASW,CE,Federal Contract Tower,0,8,12,8,28,0,32,31,0,63,0,40,43,8,91,36,0,36,127
02/23/2013,GLS,TX,ASW,CE,Federal Contract Tower,0,6,13,0,19,0,32,49,0,81,0,38,62,0,100,26,0,26,126
02/24/2013,GLS,TX,ASW,CE,Federal Contract Tower,0,9,17,0,26,0,35,50,0,85,0,44,67,0,111,24,4,28,139
02/25/2013,GLS,TX,ASW,CE,Federal Contract Tower,0,8,4,0,12,0,9,7,0,16,0,17,11,0,28,0,0,0,28
02/26/2013,GLS,TX,ASW,CE,Federal Contract Tower,0,3,6,0,9,0,31,65,0,96,0,34,71,0,105,30,2,32,137
02/27/2013,GLS,TX,ASW,CE,Federal Contract Tower,0,0,4,0,4,0,38,27,2,67,0,38,31,2,71,16,0,16,87
02/28/2013,GLS,TX,ASW,CE,Federal Contract Tower,0,0,7,0,7,0,38,27,0,65,0,38,34,0,72,36,0,36,108
03/01/2013,GLS,TX,ASW,CE,Federal Contract Tower,0,2,8,0,10,0,38,35,0,73,0,40,43,0,83,46,0,46,129
03/02/2013,GLS,TX,ASW,CE,Federal Contract Tower,0,1,1,0,2,0,18,47,0,65,0,19,48,0,67,48,0,48,115
03/03/2013,GLS,TX,ASW,CE,Federal Contract Tower,0,2,11,0,13,0,14,60,0,74,0,16,71,0,87,18,0,18,105
03/04/2013,GLS,TX,ASW,CE,Federal Contract Tower,0,5,2,0,7,0,45,42,2,89,0,50,44,2,96,20,0,20,116
03/05/2013,GLS,TX,ASW,CE,Federal Contract Tower,0,4,6,0,10,0,43,18,0,61,0,47,24,0,71,36,4,40,111
03/06/2013,GLS,TX,ASW,CE,Federal Contract Tower,0,6,16,4,26,0,59,32,2,93,0,65,48,6,119,32,0,32,151
03/07/2013,GLS,TX,ASW,CE,Federal Contract Tower,0,4,12,0,16,0,45,37,0,82,0,49,49,0,98,58,0,58,156
03/08/2013,GLS,TX,ASW,CE,Federal Contract Tower,0,1,22,0,23,0,60,38,0,98,0,61,60,0,121,26,0,26,147
03/09/2013,GLS,TX,ASW,CE,Federal Contract Tower,0,0,13,0,13,0,64,44,7,115,0,64,57,7,128,50,0,50,178
03/10/2013,GLS,TX,ASW,CE,Federal Contract Tower,0,3,6,0,9,0,19,11,0,30,0,22,17,0,39,0,0,0,39
03/11/2013,GLS,TX,ASW,CE,Federal Contract Tower,0,4,6,0,10,0,50,35,0,85,0,54,41,0,95,24,0,24,119
03/12/2013,GLS,TX,ASW,CE,Federal Contract Tower,0,7,8,0,15,0,31,22,0,53,0,38,30,0,68,14,1,15,83
03/13/2013,GLS,TX,ASW,CE,Federal Contract Tower,0,9,4,0,13,0,48,55,0,103,0,57,59,0,116,50,0,50,166
03/14/2013,GLS,TX,ASW,CE,Federal Contract Tower,0,4,11,2,17,0,39,43,0,82,0,43,54,2,99,40,0,40,139
03/15/2013,GLS,TX,ASW,CE,Federal Contract Tower,0,2,4,1,7,0,62,55,4,121,0,64,59,5,128,60,9,69,197
03/16/2013,GLS,TX,ASW,CE,Federal Contract Tower,0,4,4,0,8,0,29,61,9,99,0,33,65,9,107,58,2,60,167
03/17/2013,GLS,TX,ASW,CE,Federal Contract Tower,0,2,12,0,14,0,7,17,0,24,0,9,29,0,38,4,0,4,42
03/18/2013,GLS,TX,ASW,CE,Federal Contract Tower,0,8,8,2,18,0,25,24,0,49,0,33,32,2,67,22,0,22,89
03/19/2013,GLS,TX,ASW,CE,Federal Contract Tower,0,6,12,0,18,0,29,37,0,66,0,35,49,0,84,18,0,18,102
03/20/2013,GLS,TX,ASW,CE,Federal Contract Tower,0,12,8,0,20,0,39,14,2,55,0,51,22,2,75,2,0,2,77
03/21/2013,GLS,TX,ASW,CE,Federal Contract Tower,0,2,9,0,11,0,30,7,0,37,0,32,16,0,48,4,0,4,52
03/22/2013,GLS,TX,ASW,CE,Federal Contract Tower,0,11,12,0,23,0,17,15,0,32,0,28,27,0,55,8,0,8,63
03/23/2013,GLS,TX,ASW,CE,Federal Contract Tower,0,6,11,1,18,0,4,9,0,13,0,10,20,1,31,15,0,15,46
03/24/2013,GLS,TX,ASW,CE,Federal Contract Tower,0,2,8,0,10,0,34,9,0,43,0,36,17,0,53,6,0,6,59
03/25/2013,GLS,TX,ASW,CE,Federal Contract Tower,0,2,3,0,5,0,32,29,0,61,0,34,32,0,66,44,0,44,110
03/26/2013,GLS,TX,ASW,CE,Federal Contract Tower,0,0,8,0,8,0,45,25,2,72,0,45,33,2,80,22,4,26,106
03/27/2013,GLS,TX,ASW,CE,Federal Contract Tower,0,0,12,0,12,0,33,31,0,64,0,33,43,0,76,21,0,21,97
03/28/2013,GLS,TX,ASW,CE,Federal Contract Tower,0,3,14,2,19,0,7,3,0,10,0,10,17,2,29,18,0,18,47
03/29/2013,GLS,TX,ASW,CE,Federal Contract Tower,0,3,9,0,12,0,28,54,0,82,0,31,63,0,94,46,2,48,142
03/30/2013,GLS,TX,ASW,CE,Federal Contract Tower,0,4,2,0,6,0,33,53,0,86,0,37,55,0,92,56,0,56,148
03/31/2013,GLS,TX,ASW,CE,Federal Contract Tower,0,6,13,0,19,0,22,19,0,41,0,28,32,0,60,6,0,6,66
04/01/2013,GLS,TX,ASW,CE,Federal Contract Tower,0,13,5,0,18,0,22,10,0,32,0,35,15,0,50,0,0,0,50
04/02/2013,GLS,TX,ASW,CE,Federal Contract Tower,0,17,0,0,17,0,16,1,0,17,0,33,1,0,34,0,0,0,34
04/03/2013,GLS,TX,ASW,CE,Federal Contract Tower,0,18,4,0,22,0,23,1,0,24,0,41,5,0,46,0,0,0,46
04/04/2013,GLS,TX,ASW,CE,Federal Contract Tower,0,12,4,0,16,0,28,10,0,38,0,40,14,0,54,22,0,22,76
04/05/2013,GLS,TX,ASW,CE,Federal Contract Tower,0,10,5,0,15,0,44,42,4,90,0,54,47,4,105,54,0,54,159
04/06/2013,GLS,TX,ASW,CE,Federal Contract Tower,0,8,16,0,24,0,12,48,0,60,0,20,64,0,84,32,0,32,116
04/07/2013,GLS,TX,ASW,CE,Federal Contract Tower,0,7,7,1,15,0,18,24,1,43,0,25,31,2,58,8,0,8,66
04/08/2013,GLS,TX,ASW,CE,Federal Contract Tower,0,7,4,0,11,0,33,23,0,56,0,40,27,0,67,16,0,16,83
04/09/2013,GLS,TX,ASW,CE,Federal Contract Tower,0,9,9,2,20,0,29,11,0,40,0,38,20,2,60,0,0,0,60
04/10/2013,GLS,TX,ASW,CE,Federal Contract Tower,0,10,5,0,15,0,27,6,0,33,0,37,11,0,48,0,0,0,48
04/11/2013,GLS,TX,ASW,CE,Federal Contract Tower,0,11,10,0,21,0,28,17,0,45,0,39,27,0,66,26,0,26,92
04/12/2013,GLS,TX,ASW,CE,Federal Contract Tower,0,2,9,2,13,0,43,58,4,105,0,45,67,6,118,42,0,42,160
04/13/2013,GLS,TX,ASW,CE,Federal Contract Tower,0,1,9,0,10,0,15,52,0,67,0,16,61,0,77,32,2,34,111
04/14/2013,GLS,TX,ASW,CE,Federal Contract Tower,0,2,14,0,16,0,12,26,0,38,0,14,40,0,54,24,0,24,78
04/15/2013,GLS,TX,ASW,CE,Federal Contract Tower,0,15,7,0,22,0,11,13,0,24,0,26,20,0,46,22,0,22,68
04/16/2013,GLS,TX,ASW,CE,Federal Contract Tower,0,22,13,0,35,0,2,4,0,6,0,24,17,0,41,0,0,0,41
04/17/2013,GLS,TX,ASW,CE,Federal Contract Tower,0,22,12,2,36,0,6,2,0,8,0,28,14,2,44,0,0,0,44
04/18/2013,GLS,TX,ASW,CE,Federal Contract Tower,0,18,2,0,20,0,9,3,0,12,0,27,5,0,32,0,0,0,32
04/19/2013,GLS,TX,ASW,CE,Federal Contract Tower,0,14,6,1,21,0,40,39,2,81,0,54,45,3,102,46,0,46,148
04/20/2013,GLS,TX,ASW,CE,Federal Contract Tower,0,2,5,0,7,0,36,93,2,131,0,38,98,2,138,62,0,62,200
04/21/2013,GLS,TX,ASW,CE,Federal Contract Tower,0,4,8,0,12,0,19,44,0,63,0,23,52,0,75,20,2,22,97
04/22/2013,GLS,TX,ASW,CE,Federal Contract Tower,0,6,1,3,10,0,52,68,0,120,0,58,69,3,130,76,0,76,206
04/23/2013,GLS,TX,ASW,CE,Federal Contract Tower,0,7,14,0,21,0,46,78,0,124,0,53,92,0,145,132,2,134,279
04/24/2013,GLS,TX,ASW,CE,Federal Contract Tower,0,20,10,0,30,0,18,17,0,35,0,38,27,0,65,18,0,18,83
04/25/2013,GLS,TX,ASW,CE,Federal Contract Tower,0,11,9,0,20,0,29,8,6,43,0,40,17,6,63,0,0,0,63
04/26/2013,GLS,TX,ASW,CE,Federal Contract Tower,0,12,9,0,21,0,34,37,0,71,0,46,46,0,92,20,4,24,116
04/27/2013,GLS,TX,ASW,CE,Federal Contract Tower,0,17,12,1,30,0,19,40,1,60,0,36,52,2,90,50,0,50,140
04/28/2013,GLS,TX,ASW,CE,Federal Contract Tower,0,5,4,0,9,0,17,26,0,43,0,22,30,0,52,28,0,28,80
04/29/2013,GLS,TX,ASW,CE,Federal Contract Tower,0,17,10,0,27,0,45,26,0,71,0,62,36,0,98,8,0,8,106
04/30/2013,GLS,TX,ASW,CE,Federal Contract Tower,0,12,9,0,21,0,41,21,0,62,0,53,30,0,83,8,0,8,91
05/01/2013,GLS,TX,ASW,CE,Federal Contract Tower,0,13,6,0,19,0,36,18,0,54,0,49,24,0,73,19,0,19,92
05/02/2013,GLS,TX,ASW,CE,Federal Contract Tower,0,13,6,0,19,0,25,8,0,33,0,38,14,0,52,6,0,6,58
05/03/2013,GLS,TX,ASW,CE,Federal Contract Tower,0,13,2,4,19,0,14,32,2,48,0,27,34,6,67,34,0,34,101
05/04/2013,GLS,TX,ASW,CE,Federal Contract Tower,0,4,3,0,7,0,12,72,0,84,0,16,75,0,91,30,0,30,121
05/05/2013,GLS,TX,ASW,CE,Federal Contract Tower,0,6,12,0,18,0,13,62,0,75,0,19,74,0,93,32,0,32,125
05/06/2013,GLS,TX,ASW,CE,Federal Contract Tower,0,7,0,2,9,0,57,58,0,115,0,64,58,2,124,72,0,72,196
05/07/2013,GLS,TX,ASW,CE,Federal Contract Tower,0,5,10,3,18,0,31,39,1,71,0,36,49,4,89,18,0,18,107
05/08/2013,GLS,TX,ASW,CE,Federal Contract Tower,0,12,4,0,16,0,34,17,0,51,0,46,21,0,67,22,0,22,89
05/09/2013,GLS,TX,ASW,CE,Federal Contract Tower,0,11,14,0,25,0,37,24,0,61,0,48,38,0,86,16,0,16,102
05/10/2013,GLS,TX,ASW,CE,Federal Contract Tower,0,10,6,0,16,0,16,17,0,33,0,26,23,0,49,4,0,4,53
05/11/2013,GLS,TX,ASW,CE,Federal Contract Tower,0,3,6,1,10,0,14,40,0,54,0,17,46,1,64,32,0,32,96
05/12/2013,GLS,TX,ASW,CE,Federal Contract Tower,0,4,8,0,12,0,15,65,4,84,0,19,73,4,96,16,0,16,112
05/13/2013,GLS,TX,ASW,CE,Federal Contract Tower,0,7,5,0,12,0,38,62,0,100,0,45,67,0,112,64,0,64,176
05/14/2013,GLS,TX,ASW,CE,Federal Contract Tower,0,8,8,3,19,0,30,35,1,66,0,38,43,4,85,22,0,22,107
05/15/2013,GLS,TX,ASW,CE,Federal Contract Tower,0,5,7,0,12,0,38,8,0,46,0,43,15,0,58,10,0,10,68
05/16/2013,GLS,TX,ASW,CE,Federal Contract Tower,0,10,10,0,20,0,24,19,0,43,0,34,29,0,63,2,0,2,65
05/17/2013,GLS,TX,ASW,CE,Federal Contract Tower,0,17,7,0,24,0,22,33,0,55,0,39,40,0,79,34,0,34,113
05/18/2013,GLS,TX,ASW,CE,Federal Contract Tower,0,8,12,1,21,0,26,85,0,111,0,34,97,1,132,40,0,40,172
05/19/2013,GLS,TX,ASW,CE,Federal Contract Tower,0,2,8,0,10,0,17,27,0,44,0,19,35,0,54,24,2,26,80
05/20/2013,GLS,TX,ASW,CE,Federal Contract Tower,0,4,3,2,9,0,37,19,0,56,0,41,22,2,65,14,0,14,79
05/21/2013,GLS,TX,ASW,CE,Federal Contract Tower,0,8,8,0,16,0,41,20,0,61,0,49,28,0,77,2,0,2,79
05/22/2013,GLS,TX,ASW,CE,Federal Contract Tower,0,20,8,0,28,0,21,10,0,31,0,41,18,0,59,0,0,0,59
05/23/2013,GLS,TX,ASW,CE,Federal Contract Tower,0,7,11,2,20,0,27,13,0,40,0,34,24,2,60,20,0,20,80
05/24/2013,GLS,TX,ASW,CE,Federal Contract Tower,0,18,17,0,35,0,19,29,0,48,0,37,46,0,83,16,0,16,99
05/25/2013,GLS,TX,ASW,CE,Federal Contract Tower,0,4,19,0,23,0,24,16,0,40,0,28,35,0,63,27,0,27,90
05/26/2013,GLS,TX,ASW,CE,Federal Contract Tower,0,3,12,0,15,0,24,29,18,71,0,27,41,18,86,8,0,8,94
05/27/2013,GLS,TX,ASW,CE,Federal Contract Tower,0,6,11,2,19,0,42,42,7,91,0,48,53,9,110,16,7,23,133
05/28/2013,GLS,TX,ASW,CE,Federal Contract Tower,0,7,12,4,23,0,30,16,0,46,0,37,28,4,69,14,0,14,83
05/29/2013,GLS,TX,ASW,CE,Federal Contract Tower,0,8,5,0,13,0,40,6,8,54,0,48,11,8,67,0,0,0,67
05/30/2013,GLS,TX,ASW,CE,Federal Contract Tower,0,6,10,0,16,0,23,13,2,38,0,29,23,2,54,0,0,0,54
05/31/2013,GLS,TX,ASW,CE,Federal Contract Tower,0,11,8,2,21,0,26,37,3,66,0,37,45,5,87,12,0,12,99
06/01/2013,GLS,TX,ASW,CE,Federal Contract Tower,0,8,8,0,16,0,25,124,5,154,0,33,132,5,170,78,0,78,248
06/02/2013,GLS,TX,ASW,CE,Federal Contract Tower,0,0,6,0,6,0,18,41,15,74,0,18,47,15,80,26,0,26,106
06/03/2013,GLS,TX,ASW,CE,Federal Contract Tower,0,7,2,0,9,0,40,23,0,63,0,47,25,0,72,16,0,16,88
06/04/2013,GLS,TX,ASW,CE,Federal Contract Tower,0,2,2,0,4,0,38,19,2,59,0,40,21,2,63,14,0,14,77
06/05/2013,GLS,TX,ASW,CE,Federal Contract Tower,0,4,13,0,17,0,43,54,2,99,0,47,67,2,116,44,0,44,160
06/06/2013,GLS,TX,ASW,CE,Federal Contract Tower,0,4,4,0,8,0,29,17,0,46,0,33,21,0,54,6,0,6,60
06/07/2013,GLS,TX,ASW,CE,Federal Contract Tower,0,5,11,2,18,0,29,63,4,96,0,34,74,6,114,72,2,74,188
06/08/2013,GLS,TX,ASW,CE,Federal Contract Tower,0,3,7,0,10,0,21,67,0,88,0,24,74,0,98,62,0,62,160
06/09/2013,GLS,TX,ASW,CE,Federal Contract Tower,0,1,6,0,7,0,13,14,0,27,0,14,20,0,34,6,0,6,40
06/10/2013,GLS,TX,ASW,CE,Federal Contract Tower,0,4,8,0,12,0,36,24,2,62,0,40,32,2,74,18,0,18,92
06/11/2013,GLS,TX,ASW,CE,Federal Contract Tower,0,12,3,2,17,0,45,21,0,66,0,57,24,2,83,16,0,16,99
06/12/2013,GLS,TX,ASW,CE,Federal Contract Tower,0,15,6,0,21,0,42,29,0,71,0,57,35,0,92,12,0,12,104
06/13/2013,GLS,TX,ASW,CE,Federal Contract Tower,0,5,4,0,9,0,39,18,0,57,0,44,22,0,66,0,0,0,66
06/14/2013,GLS,TX,ASW,CE,Federal Contract Tower,0,1,3,0,4,0,40,50,0,90,0,41,53,0,94,27,0,27,121
06/15/2013,GLS,TX,ASW,CE,Federal Contract Tower,0,6,1,0,7,0,36,107,0,143,0,42,108,0,150,74,2,76,226
06/16/2013,GLS,TX,ASW,CE,Federal Contract Tower,0,1,1,0,2,0,14,25,0,39,0,15,26,0,41,10,0,10,51
06/17/2013,GLS,TX,ASW,CE,Federal Contract Tower,0,1,4,0,5,0,40,36,0,76,0,41,40,0,81,20,0,20,101
06/18/2013,GLS,TX,ASW,CE,Federal Contract Tower,0,2,13,0,15,0,29,38,0,67,0,31,51,0,82,46,0,46,128
06/19/2013,GLS,TX,ASW,CE,Federal Contract Tower,0,0,2,2,4,0,53,19,0,72,0,53,21,2,76,4,0,4,80
06/20/2013,GLS,TX,ASW,CE,Federal Contract Tower,0,2,6,0,8,0,41,30,0,71,0,43,36,0,79,22,6,28,107
06/21/2013,GLS,TX,ASW,CE,Federal Contract Tower,0,3,3,0,6,0,37,28,0,65,0,40,31,0,71,9,0,9,80
06/22/2013,GLS,TX,ASW,CE,Federal Contract Tower,0,7,4,0,11,0,31,140,4,175,0,38,144,4,186,46,0,46,232
06/23/2013,GLS,TX,ASW,CE,Federal Contract Tower,0,2,7,0,9,0,41,46,2,89,0,43,53,2,98,22,2,24,122
06/24/2013,GLS,TX,ASW,CE,Federal Contract Tower,0,6,9,4,19,0,42,21,3,66,0,48,30,7,85,22,0,22,107
06/25/2013,GLS,TX,ASW,CE,Federal Contract Tower,0,7,7,0,14,0,49,16,0,65,0,56,23,0,79,4,0,4,83
06/26/2013,GLS,TX,ASW,CE,Federal Contract Tower,0,1,4,0,5,0,61,17,0,78,0,62,21,0,83,2,0,2,85
06/27/2013,GLS,TX,ASW,CE,Federal Contract Tower,0,1,7,0,8,0,41,23,0,64,0,42,30,0,72,12,0,12,84
06/28/2013,GLS,TX,ASW,CE,Federal Contract Tower,0,3,10,0,13,0,38,42,4,84,0,41,52,4,97,21,0,21,118
06/29/2013,GLS,TX,ASW,CE,Federal Contract Tower,0,0,2,2,4,0,29,80,0,109,0,29,82,2,113,32,0,32,145
06/30/2013,GLS,TX,ASW,CE,Federal Contract Tower,0,0,9,0,9,0,27,89,0,116,0,27,98,0,125,56,0,56,181
07/01/2013,GLS,TX,ASW,CE,Federal Contract Tower,0,0,2,0,2,0,36,24,0,60,0,36,26,0,62,18,0,18,80
07/02/2013,GLS,TX,ASW,CE,Federal Contract Tower,0,3,7,2,12,0,26,31,0,57,0,29,38,2,69,12,0,12,81
07/03/2013,GLS,TX,ASW,CE,Federal Contract Tower,0,6,2,0,8,0,36,55,0,91,0,42,57,0,99,26,2,28,127
07/04/2013,GLS,TX,ASW,CE,Federal Contract Tower,0,0,5,0,5,0,25,24,0,49,0,25,29,0,54,6,0,6,60
07/05/2013,GLS,TX,ASW,CE,Federal Contract Tower,0,15,1,0,16,0,37,48,0,85,0,52,49,0,101,44,0,44,145
07/06/2013,GLS,TX,ASW,CE,Federal Contract Tower,0,4,3,2,9,0,15,59,0,74,0,19,62,2,83,48,0,48,131
07/07/2013,GLS,TX,ASW,CE,Federal Contract Tower,0,3,6,4,13,0,11,26,0,37,0,14,32,4,50,18,0,18,68
07/08/2013,GLS,TX,ASW,CE,Federal Contract Tower,0,1,2,2,5,0,52,16,0,68,0,53,18,2,73,8,0,8,81
07/09/2013,GLS,TX,ASW,CE,Federal Contract Tower,0,1,7,8,16,0,46,29,0,75,0,47,36,8,91,24,0,24,115
07/10/2013,GLS,TX,ASW,CE,Federal Contract Tower,0,0,1,2,3,0,66,18,0,84,0,66,19,2,87,16,0,16,103
07/11/2013,GLS,TX,ASW,CE,Federal Contract Tower,0,2,13,2,17,0,35,36,0,71,0,37,49,2,88,36,0,36,124
07/12/2013,GLS,TX,ASW,CE,Federal Contract Tower,0,2,10,0,12,0,46,55,0,101,0,48,65,0,113,36,0,36,149
07/13/2013,GLS,TX,ASW,CE,Federal Contract Tower,0,2,5,0,7,0,27,45,0,72,0,29,50,0,79,64,2,66,145
07/14/2013,GLS,TX,ASW,CE,Federal Contract Tower,0,5,15,0,20,0,27,29,0,56,0,32,44,0,76,30,0,30,106
07/15/2013,GLS,TX,ASW,CE,Federal Contract Tower,0,0,2,0,2,0,44,12,0,56,0,44,14,0,58,22,0,22,80
07/16/2013,GLS,TX,ASW,CE,Federal Contract Tower,0,2,0,2,4,0,42,6,0,48,0,44,6,2,52,0,0,0,52
07/17/2013,GLS,TX,ASW,CE,Federal Contract Tower,0,3,11,0,14,0,39,3,0,42,0,42,14,0,56,0,0,0,56
07/18/2013,GLS,TX,ASW,CE,Federal Contract Tower,0,0,5,0,5,0,56,36,0,92,0,56,41,0,97,28,0,28,125
07/19/2013,GLS,TX,ASW,CE,Federal Contract Tower,0,2,6,0,8,0,32,19,0,51,0,34,25,0,59,12,0,12,71
07/20/2013,GLS,TX,ASW,CE,Federal Contract Tower,0,3,11,0,14,0,12,60,0,72,0,15,71,0,86,84,0,84,170
07/21/2013,GLS,TX,ASW,CE,Federal Contract Tower,0,0,8,0,8,0,2,2,0,4,0,2,10,0,12,0,0,0,12
07/22/2013,GLS,TX,ASW,CE,Federal Contract Tower,0,2,11,0,13,0,38,7,0,45,0,40,18,0,58,22,0,22,80
07/23/2013,GLS,TX,ASW,CE,Federal Contract Tower,0,4,0,0,4,0,36,20,0,56,0,40,20,0,60,0,0,0,60
07/24/2013,GLS,TX,ASW,CE,Federal Contract Tower,0,8,5,0,13,0,48,28,0,76,0,56,33,0,89,0,3,3,92
07/25/2013,GLS,TX,ASW,CE,Federal Contract Tower,0,4,2,0,6,0,30,24,0,54,0,34,26,0,60,8,0,8,68
07/26/2013,GLS,TX,ASW,CE,Federal Contract Tower,0,4,19,2,25,0,39,36,0,75,0,43,55,2,100,20,0,20,120
07/27/2013,GLS,TX,ASW,CE,Federal Contract Tower,0,3,7,0,10,0,19,35,0,54,0,22,42,0,64,46,0,46,110
07/28/2013,GLS,TX,ASW,CE,Federal Contract Tower,0,1,9,0,10,0,18,37,1,56,0,19,46,1,66,36,0,36,102
07/29/2013,GLS,TX,ASW,CE,Federal Contract Tower,0,7,2,0,9,0,31,25,0,56,0,38,27,0,65,13,0,13,78
07/30/2013,GLS,TX,ASW,CE,Federal Contract Tower,0,5,4,1,10,0,27,20,0,47,0,32,24,1,57,25,2,27,84
07/31/2013,GLS,TX,ASW,CE,Federal Contract Tower,0,2,5,0,7,0,56,32,4,92,0,58,37,4,99,38,0,38,137
08/01/2013,GLS,TX,ASW,CE,Federal Contract Tower,0,2,9,0,11,0,52,30,0,82,0,54,39,0,93,9,0,9,102
08/02/2013,GLS,TX,ASW,CE,Federal Contract Tower,0,0,11,0,11,0,36,56,0,92,0,36,67,0,103,40,0,40,143
08/03/2013,GLS,TX,ASW,CE,Federal Contract Tower,0,0,5,0,5,0,27,68,0,95,0,27,73,0,100,66,0,66,166
08/04/2013,GLS,TX,ASW,CE,Federal Contract Tower,0,0,6,0,6,0,27,50,0,77,0,27,56,0,83,30,0,30,113
08/05/2013,GLS,TX,ASW,CE,Federal Contract Tower,0,2,3,0,5,0,42,23,0,65,0,44,26,0,70,46,0,46,116
08/06/2013,GLS,TX,ASW,CE,Federal Contract Tower,0,0,4,5,9,0,37,21,3,61,0,37,25,8,70,16,11,27,97
08/07/2013,GLS,TX,ASW,CE,Federal Contract Tower,0,2,14,0,16,0,51,21,0,72,0,53,35,0,88,20,0,20,108
08/08/2013,GLS,TX,ASW,CE,Federal Contract Tower,0,3,9,2,14,0,35,22,0,57,0,38,31,2,71,18,0,18,89
08/09/2013,GLS,TX,ASW,CE,Federal Contract Tower,0,2,11,0,13,0,35,45,0,80,0,37,56,0,93,40,0,40,133
08/10/2013,GLS,TX,ASW,CE,Federal Contract Tower,0,3,7,4,14,0,22,38,0,60,0,25,45,4,74,34,0,34,108
08/11/2013,GLS,TX,ASW,CE,Federal Contract Tower,0,2,8,0,10,0,34,36,0,70,0,36,44,0,80,18,0,18,98
08/12/2013,GLS,TX,ASW,CE,Federal Contract Tower,0,0,5,0,5,0,49,11,0,60,0,49,16,0,65,2,0,2,67
08/13/2013,GLS,TX,ASW,CE,Federal Contract Tower,0,1,6,0,7,0,38,18,2,58,0,39,24,2,65,4,0,4,69
08/14/2013,GLS,TX,ASW,CE,Federal Contract Tower,0,0,6,0,6,0,37,12,0,49,0,37,18,0,55,16,0,16,71
08/15/2013,GLS,TX,ASW,CE,Federal Contract Tower,0,4,5,1,10,0,18,6,0,24,0,22,11,1,34,10,0,10,44
08/16/2013,GLS,TX,ASW,CE,Federal Contract Tower,0,2,13,4,19,0,32,35,0,67,0,34,48,4,86,20,0,20,106
08/17/2013,GLS,TX,ASW,CE,Federal Contract Tower,0,1,13,0,14,0,22,105,0,127,0,23,118,0,141,54,0,54,195
08/18/2013,GLS,TX,ASW,CE,Federal Contract Tower,0,3,6,0,9,0,15,32,0,47,0,18,38,0,56,12,0,12,68
08/19/2013,GLS,TX,ASW,CE,Federal Contract Tower,0,2,4,0,6,0,37,19,0,56,0,39,23,0,62,26,0,26,88
08/20/2013,GLS,TX,ASW,CE,Federal Contract Tower,0,4,4,0,8,0,30,6,0,36,0,34,10,0,44,0,0,0,44
08/21/2013,GLS,TX,ASW,CE,Federal Contract Tower,0,2,6,0,8,0,41,24,0,65,0,43,30,0,73,42,0,42,115
08/22/2013,GLS,TX,ASW,CE,Federal Contract Tower,0,4,3,0,7,0,29,23,0,52,0,33,26,0,59,6,0,6,65
08/23/2013,GLS,TX,ASW,CE,Federal Contract Tower,0,3,2,0,5,0,39,38,0,77,0,42,40,0,82,26,0,26,108
08/24/2013,GLS,TX,ASW,CE,Federal Contract Tower,0,2,7,2,11,0,11,42,10,63,0,13,49,12,74,38,6,44,118
08/25/2013,GLS,TX,ASW,CE,Federal Contract Tower,0,2,7,0,9,0,0,0,0,0,0,2,7,0,9,2,0,2,11
08/26/2013,GLS,TX,ASW,CE,Federal Contract Tower,0,6,1,0,7,0,2,1,0,3,0,8,2,0,10,1,0,1,11
08/27/2013,GLS,TX,ASW,CE,Federal Contract Tower,0,3,11,4,18,0,29,31,0,60,0,32,42,4,78,14,0,14,92
08/28/2013,GLS,TX,ASW,CE,Federal Contract Tower,0,3,5,0,8,0,52,42,3,97,0,55,47,3,105,18,0,18,123
08/29/2013,GLS,TX,ASW,CE,Federal Contract Tower,0,4,6,0,10,0,31,21,0,52,0,35,27,0,62,22,0,22,84
08/30/2013,GLS,TX,ASW,CE,Federal Contract Tower,0,0,7,6,13,0,35,41,0,76,0,35,48,6,89,36,0,36,125
08/31/2013,GLS,TX,ASW,CE,Federal Contract Tower,0,0,6,0,6,0,28,78,0,106,0,28,84,0,112,66,0,66,178
09/01/2013,GLS,TX,ASW,CE,Federal Contract Tower,0,0,9,0,9,1,65,37,0,103,1,65,46,0,112,18,0,18,130
09/02/2013,GLS,TX,ASW,CE,Federal Contract Tower,0,0,14,0,14,0,38,65,4,107,0,38,79,4,121,6,0,6,127
09/03/2013,GLS,TX,ASW,CE,Federal Contract Tower,0,2,6,2,10,0,34,25,0,59,0,36,31,2,69,22,0,22,91
09/04/2013,GLS,TX,ASW,CE,Federal Contract Tower,0,1,12,0,13,0,48,14,0,62,0,49,26,0,75,9,0,9,84
09/05/2013,GLS,TX,ASW,CE,Federal Contract Tower,0,4,4,0,8,0,30,21,2,53,0,34,25,2,61,0,0,0,61
09/06/2013,GLS,TX,ASW,CE,Federal Contract Tower,0,0,5,0,5,0,38,20,0,58,0,38,25,0,63,7,1,8,71
09/07/2013,GLS,TX,ASW,CE,Federal Contract Tower,0,0,5,0,5,0,24,51,0,75,0,24,56,0,80,16,0,16,96
09/08/2013,GLS,TX,ASW,CE,Federal Contract Tower,0,0,11,0,11,0,14,8,0,22,0,14,19,0,33,6,0,6,39
09/09/2013,GLS,TX,ASW,CE,Federal Contract Tower,0,2,5,2,9,0,35,6,0,41,0,37,11,2,50,9,0,9,59
09/10/2013,GLS,TX,ASW,CE,Federal Contract Tower,0,0,13,0,13,0,34,27,0,61,0,34,40,0,74,16,0,16,90
09/11/2013,GLS,TX,ASW,CE,Federal Contract Tower,0,2,12,0,14,0,42,26,0,68,0,44,38,0,82,20,0,20,102
09/12/2013,GLS,TX,ASW,CE,Federal Contract Tower,0,5,12,0,17,0,28,26,0,54,0,33,38,0,71,16,0,16,87
09/13/2013,GLS,TX,ASW,CE,Federal Contract Tower,0,1,3,0,4,0,34,36,0,70,0,35,39,0,74,50,0,50,124
09/14/2013,GLS,TX,ASW,CE,Federal Contract Tower,0,0,17,0,17,0,24,28,0,52,0,24,45,0,69,22,0,22,91
09/15/2013,GLS,TX,ASW,CE,Federal Contract Tower,0,16,1,2,19,0,13,31,0,44,0,29,32,2,63,10,0,10,73
09/16/2013,GLS,TX,ASW,CE,Federal Contract Tower,0,6,4,0,10,0,43,11,0,54,0,49,15,0,64,2,0,2,66
09/17/2013,GLS,TX,ASW,CE,Federal Contract Tower,0,4,16,0,20,0,25,21,0,46,0,29,37,0,66,8,0,8,74
09/18/2013,GLS,TX,ASW,CE,Federal Contract Tower,0,5,25,2,32,0,48,17,0,65,0,53,42,2,97,4,0,4,101
09/19/2013,GLS,TX,ASW,CE,Federal Contract Tower,0,2,11,0,13,0,50,13,0,63,0,52,24,0,76,20,0,20,96
09/20/2013,GLS,TX,ASW,CE,Federal Contract Tower,0,2,3,0,5,0,14,10,0,24,0,16,13,0,29,0,0,0,29
09/21/2013,GLS,TX,ASW,CE,Federal Contract Tower,0,0,3,0,3,0,4,1,0,5,0,4,4,0,8,6,0,6,14
09/22/2013,GLS,TX,ASW,CE,Federal Contract Tower,0,3,9,4,16,0,23,37,0,60,0,26,46,4,76,20,2,22,98
09/23/2013,GLS,TX,ASW,CE,Federal Contract Tower,0,11,12,3,26,0,41,12,3,56,0,52,24,6,82,6,0,6,88
09/24/2013,GLS,TX,ASW,CE,Federal Contract Tower,0,7,11,0,18,0,24,20,2,46,0,31,31,2,64,6,0,6,70
09/25/2013,GLS,TX,ASW,CE,Federal Contract Tower,0,4,9,2,15,0,41,33,0,74,0,45,42,2,89,16,2,18,107
09/26/2013,GLS,TX,ASW,CE,Federal Contract Tower,0,5,10,0,15,0,42,24,2,68,0,47,34,2,83,2,0,2,85
09/27/2013,GLS,TX,ASW,CE,Federal Contract Tower,0,5,13,0,18,0,33,35,6,74,0,38,48,6,92,22,2,24,116
09/28/2013,GLS,TX,ASW,CE,Federal Contract Tower,0,14,6,0,20,0,25,68,0,93,0,39,74,0,113,67,2,69,182
09/29/2013,GLS,TX,ASW,CE,Federal Contract Tower,0,0,6,0,6,0,19,14,0,33,0,19,20,0,39,4,0,4,43
09/30/2013,GLS,TX,ASW,CE,Federal Contract Tower,0,9,6,0,15,0,25,11,0,36,0,34,17,0,51,8,0,8,59
10/01/2013,GLS,TX,ASW,CE,Federal Contract Tower,0,5,3,0,8,0,17,2,0,19,0,22,5,0,27,8,0,8,35
10/02/2013,GLS,TX,ASW,CE,Federal Contract Tower,0,5,4,0,9,0,48,21,0,69,0,53,25,0,78,6,0,6,84
10/03/2013,GLS,TX,ASW,CE,Federal Contract Tower,0,3,4,0,7,0,44,23,0,67,0,47,27,0,74,10,0,10,84
10/04/2013,GLS,TX,ASW,CE,Federal Contract Tower,0,0,15,0,15,0,39,50,0,89,0,39,65,0,104,52,0,52,156
10/05/2013,GLS,TX,ASW,CE,Federal Contract Tower,0,0,14,0,14,0,37,71,0,108,0,37,85,0,122,42,0,42,164
10/06/2013,GLS,TX,ASW,CE,Federal Contract Tower,0,0,3,0,3,0,26,17,0,43,0,26,20,0,46,6,0,6,52
10/07/2013,GLS,TX,ASW,CE,Federal Contract Tower,0,0,4,0,4,0,73,36,0,109,0,73,40,0,113,20,0,20,133
10/08/2013,GLS,TX,ASW,CE,Federal Contract Tower,0,2,4,0,6,0,45,30,0,75,0,47,34,0,81,20,6,26,107
10/09/2013,GLS,TX,ASW,CE,Federal Contract Tower,0,0,3,0,3,0,54,32,0,86,0,54,35,0,89,38,0,38,127
10/10/2013,GLS,TX,ASW,CE,Federal Contract Tower,0,1,4,0,5,0,44,33,0,77,0,45,37,0,82,26,0,26,108
10/11/2013,GLS,TX,ASW,CE,Federal Contract Tower,0,0,17,0,17,0,40,33,2,75,0,40,50,2,92,22,2,24,116
10/12/2013,GLS,TX,ASW,CE,Federal Contract Tower,0,3,11,0,14,0,30,52,0,82,0,33,63,0,96,4,0,4,100
10/13/2013,GLS,TX,ASW,CE,Federal Contract Tower,0,0,9,0,9,0,16,1,0,17,0,16,10,0,26,2,0,2,28
10/14/2013,GLS,TX,ASW,CE,Federal Contract Tower,0,7,8,0,15,0,49,32,0,81,0,56,40,0,96,28,0,28,124
10/15/2013,GLS,TX,ASW,CE,Federal Contract Tower,0,6,13,0,19,0,28,6,0,34,0,34,19,0,53,6,0,6,59
10/16/2013,GLS,TX,ASW,CE,Federal Contract Tower,0,7,8,0,15,0,34,0,0,34,0,41,8,0,49,0,0,0,49
10/17/2013,GLS,TX,ASW,CE,Federal Contract Tower,0,17,14,1,32,0,17,12,1,30,0,34,26,2,62,16,0,16,78
10/18/2013,GLS,TX,ASW,CE,Federal Contract Tower,0,5,14,0,19,0,31,44,0,75,0,36,58,0,94,40,0,40,134
10/19/2013,GLS,TX,ASW,CE,Federal Contract Tower,0,5,6,2,13,0,11,32,0,43,0,16,38,2,56,38,0,38,94
10/20/2013,GLS,TX,ASW,CE,Federal Contract Tower,0,1,6,1,8,0,46,64,0,110,0,47,70,1,118,59,0,59,177
10/21/2013,GLS,TX,ASW,CE,Federal Contract Tower,0,4,2,0,6,0,22,9,0,31,0,26,11,0,37,0,0,0,37
10/22/2013,GLS,TX,ASW,CE,Federal Contract Tower,0,19,3,0,22,0,23,11,0,34,0,42,14,0,56,18,0,18,74
10/23/2013,GLS,TX,ASW,CE,Federal Contract Tower,0,0,7,0,7,0,40,41,0,81,0,40,48,0,88,18,0,18,106
10/24/2013,GLS,TX,ASW,CE,Federal Contract Tower,0,2,10,0,12,0,54,40,0,94,0,56,50,0,106,16,0,16,122
10/25/2013,GLS,TX,ASW,CE,Federal Contract Tower,0,3,7,2,12,0,49,49,0,98,0,52,56,2,110,37,0,37,147
10/26/2013,GLS,TX,ASW,CE,Federal Contract Tower,0,1,3,0,4,0,19,41,1,61,0,20,44,1,65,28,0,28,93
10/27/2013,GLS,TX,ASW,CE,Federal Contract Tower,0,5,9,0,14,0,13,10,0,23,0,18,19,0,37,16,6,22,59
10/28/2013,GLS,TX,ASW,CE,Federal Contract Tower,0,6,3,2,11,0,43,27,0,70,0,49,30,2,81,20,0,20,101
10/29/2013,GLS,TX,ASW,CE,Federal Contract Tower,0,2,10,4,16,0,29,17,2,48,0,31,27,6,64,24,0,24,88
10/30/2013,GLS,TX,ASW,CE,Federal Contract Tower,0,8,3,8,19,0,38,1,0,39,0,46,4,8,58,10,0,10,68
10/31/2013,GLS,TX,ASW,CE,Federal Contract Tower,0,5,1,0,6,0,7,2,0,9,0,12,3,0,15,0,0,0,15
11/01/2013,GLS,TX,ASW,CE,Federal Contract Tower,0,2,6,0,8,0,63,35,0,98,0,65,41,0,106,14,0,14,120
11/02/2013,GLS,TX,ASW,CE,Federal Contract Tower,0,0,1,0,1,0,19,37,0,56,0,19,38,0,57,56,0,56,113
11/03/2013,GLS,TX,ASW,CE,Federal Contract Tower,0,12,1,0,13,0,33,40,0,73,0,45,41,0,86,36,0,36,122
11/04/2013,GLS,TX,ASW,CE,Federal Contract Tower,0,2,9,0,11,0,41,18,0,59,0,43,27,0,70,14,0,14,84
11/05/2013,GLS,TX,ASW,CE,Federal Contract Tower,0,0,7,3,10,0,51,24,1,76,0,51,31,4,86,42,0,42,128
11/06/2013,GLS,TX,ASW,CE,Federal Contract Tower,0,2,9,4,15,0,35,3,0,38,0,37,12,4,53,10,0,10,63
11/07/2013,GLS,TX,ASW,CE,Federal Contract Tower,0,0,9,5,14,0,32,17,1,50,0,32,26,6,64,26,0,26,90
11/08/2013,GLS,TX,ASW,CE,Federal Contract Tower,0,2,7,0,9,0,50,52,0,102,0,52,59,0,111,38,0,38,149
11/09/2013,GLS,TX,ASW,CE,Federal Contract Tower,0,1,7,0,8,0,29,61,0,90,0,30,68,0,98,68,0,68,166
11/10/2013,GLS,TX,ASW,CE,Federal Contract Tower,0,5,8,0,13,0,14,89,2,105,0,19,97,2,118,66,0,66,184
11/11/2013,GLS,TX,ASW,CE,Federal Contract Tower,0,1,2,0,3,0,31,31,0,62,0,32,33,0,65,20,0,20,85
11/12/2013,GLS,TX,ASW,CE,Federal Contract Tower,0,2,0,0,2,0,24,5,0,29,0,26,5,0,31,10,0,10,41
11/13/2013,GLS,TX,ASW,CE,Federal Contract Tower,0,4,10,2,16,0,50,35,0,85,0,54,45,2,101,74,0,74,175
11/14/2013,GLS,TX,ASW,CE,Federal Contract Tower,0,3,3,0,6,0,36,42,0,78,0,39,45,0,84,52,0,52,136
11/15/2013,GLS,TX,ASW,CE,Federal Contract Tower,0,8,10,0,18,0,40,53,0,93,0,48,63,0,111,56,4,60,171
11/16/2013,GLS,TX,ASW,CE,Federal Contract Tower,0,5,5,0,10,0,24,33,0,57,0,29,38,0,67,22,0,22,89
11/17/2013,GLS,TX,ASW,CE,Federal Contract Tower,0,4,8,0,12,0,16,20,0,36,0,20,28,0,48,0,2,2,50
11/18/2013,GLS,TX,ASW,CE,Federal Contract Tower,0,2,0,4,6,0,17,6,0,23,0,19,6,4,29,0,0,0,29
11/19/2013,GLS,TX,ASW,CE,Federal Contract Tower,0,12,16,0,28,0,52,33,0,85,0,64,49,0,113,4,0,4,117
11/20/2013,GLS,TX,ASW,CE,Federal Contract Tower,0,3,8,6,17,0,47,15,0,62,0,50,23,6,79,4,0,4,83
11/21/2013,GLS,TX,ASW,CE,Federal Contract Tower,0,13,11,0,24,0,37,16,0,53,0,50,27,0,77,14,0,14,91
11/22/2013,GLS,TX,ASW,CE,Federal Contract Tower,0,1,0,0,1,0,4,0,0,4,0,5,0,0,5,4,0,4,9
11/23/2013,GLS,TX,ASW,CE,Federal Contract Tower,0,6,3,0,9,0,0,0,0,0,0,6,3,0,9,0,0,0,9
11/24/2013,GLS,TX,ASW,CE,Federal Contract Tower,0,3,4,0,7,0,25,7,0,32,0,28,11,0,39,0,0,0,39
11/25/2013,GLS,TX,ASW,CE,Federal Contract Tower,0,11,1,0,12,0,7,0,0,7,0,18,1,0,19,0,0,0,19
11/26/2013,GLS,TX,ASW,CE,Federal Contract Tower,0,9,6,0,15,0,13,2,0,15,0,22,8,0,30,6,0,6,36
11/27/2013,GLS,TX,ASW,CE,Federal Contract Tower,0,2,7,0,9,0,51,25,0,76,0,53,32,0,85,4,0,4,89
11/28/2013,GLS,TX,ASW,CE,Federal Contract Tower,0,0,4,0,4,0,25,8,0,33,0,25,12,0,37,0,0,0,37
11/29/2013,GLS,TX,ASW,CE,Federal Contract Tower,0,0,6,0,6,0,45,53,0,98,0,45,59,0,104,78,0,78,182
11/30/2013,GLS,TX,ASW,CE,Federal Contract Tower,0,2,10,0,12,0,31,80,0,111,0,33,90,0,123,84,0,84,207
12/01/2013,GLS,TX,ASW,CE,Federal Contract Tower,0,2,11,0,13,0,38,52,0,90,0,40,63,0,103,124,0,124,227
12/02/2013,GLS,TX,ASW,CE,Federal Contract Tower,0,1,2,0,3,0,56,21,0,77,0,57,23,0,80,16,0,16,96
12/03/2013,GLS,TX,ASW,CE,Federal Contract Tower,0,7,10,2,19,0,36,21,0,57,0,43,31,2,76,6,0,6,82
12/04/2013,GLS,TX,ASW,CE,Federal Contract Tower,0,11,6,2,19,0,0,0,0,0,0,11,6,2,19,0,0,0,19
12/05/2013,GLS,TX,ASW,CE,Federal Contract Tower,0,2,8,2,12,0,0,0,0,0,0,2,8,2,12,0,0,0,12
12/06/2013,GLS,TX,ASW,CE,Federal Contract Tower,0,13,0,1,14,0,0,3,0,3,0,13,3,1,17,4,0,4,21
12/07/2013,GLS,TX,ASW,CE,Federal Contract Tower,0,6,2,0,8,0,15,13,2,30,0,21,15,2,38,0,0,0,38
12/08/2013,GLS,TX,ASW,CE,Federal Contract Tower,0,3,8,0,11,0,6,6,0,12,0,9,14,0,23,10,0,10,33
12/09/2013,GLS,TX,ASW,CE,Federal Contract Tower,0,12,7,0,19,0,3,0,0,3,0,15,7,0,22,0,0,0,22
12/10/2013,GLS,TX,ASW,CE,Federal Contract Tower,0,8,9,0,17,0,49,13,0,62,0,57,22,0,79,4,0,4,83
12/11/2013,GLS,TX,ASW,CE,Federal Contract Tower,0,12,18,4,34,0,30,12,0,42,0,42,30,4,76,30,4,34,110
12/12/2013,GLS,TX,ASW,CE,Federal Contract Tower,0,5,4,0,9,0,28,26,0,54,0,33,30,0,63,26,0,26,89
12/13/2013,GLS,TX,ASW,CE,Federal Contract Tower,0,9,2,0,11,0,31,29,2,62,0,40,31,2,73,24,0,24,97
12/14/2013,GLS,TX,ASW,CE,Federal Contract Tower,0,3,9,0,12,0,14,15,0,29,0,17,24,0,41,4,0,4,45
12/15/2013,GLS,TX,ASW,CE,Federal Contract Tower,0,4,4,0,8,0,36,63,0,99,0,40,67,0,107,50,0,50,157
12/16/2013,GLS,TX,ASW,CE,Federal Contract Tower,0,4,4,1,9,0,65,30,0,95,0,69,34,1,104,34,2,36,140
12/17/2013,GLS,TX,ASW,CE,Federal Contract Tower,0,1,1,4,6,0,50,36,0,86,0,51,37,4,92,40,0,40,132
12/18/2013,GLS,TX,ASW,CE,Federal Contract Tower,0,3,7,1,11,0,38,12,0,50,0,41,19,1,61,18,10,28,89
12/19/2013,GLS,TX,ASW,CE,Federal Contract Tower,0,6,8,2,16,0,16,17,0,33,0,22,25,2,49,28,0,28,77
12/20/2013,GLS,TX,ASW,CE,Federal Contract Tower,0,4,17,4,25,0,2,0,0,2,0,6,17,4,27,4,0,4,31
12/21/2013,GLS,TX,ASW,CE,Federal Contract Tower,0,5,6,0,11,0,3,17,0,20,0,8,23,0,31,8,0,8,39
12/22/2013,GLS,TX,ASW,CE,Federal Contract Tower,0,4,9,0,13,0,33,36,0,69,0,37,45,0,82,40,0,40,122
12/23/2013,GLS,TX,ASW,CE,Federal Contract Tower,0,5,4,0,9,0,29,31,0,60,0,34,35,0,69,50,0,50,119
12/24/2013,GLS,TX,ASW,CE,Federal Contract Tower,0,4,5,0,9,0,38,27,0,65,0,42,32,0,74,18,0,18,92
12/25/2013,GLS,TX,ASW,CE,Federal Contract Tower,0,2,0,0,2,0,31,10,0,41,0,33,10,0,43,0,0,0,43
12/26/2013,GLS,TX,ASW,CE,Federal Contract Tower,0,4,11,0,15,0,24,33,0,57,0,28,44,0,72,20,0,20,92
12/27/2013,GLS,TX,ASW,CE,Federal Contract Tower,0,3,7,0,10,0,22,42,0,64,0,25,49,0,74,38,0,38,112
12/28/2013,GLS,TX,ASW,CE,Federal Contract Tower,0,1,14,0,15,0,25,29,0,54,0,26,43,0,69,36,0,36,105
12/29/2013,GLS,TX,ASW,CE,Federal Contract Tower,0,0,6,0,6,0,15,36,0,51,0,15,42,0,57,38,0,38,95
12/30/2013,GLS,TX,ASW,CE,Federal Contract Tower,0,5,10,2,17,0,31,19,0,50,0,36,29,2,67,26,0,26,93
12/31/2013,GLS,TX,ASW,CE,Federal Contract Tower,0,5,20,0,25,0,13,25,0,38,0,18,45,0,63,4,0,4,67
01/01/2014,GLS,TX,ASW,CE,Federal Contract Tower,0,9,7,0,16,0,13,8,0,21,0,22,15,0,37,20,0,20,57
01/02/2014,GLS,TX,ASW,CE,Federal Contract Tower,0,3,1,2,6,0,22,2,0,24,0,25,3,2,30,0,2,2,32
01/03/2014,GLS,TX,ASW,CE,Federal Contract Tower,0,1,2,5,8,0,20,34,0,54,0,21,36,5,62,18,4,22,84
01/04/2014,GLS,TX,ASW,CE,Federal Contract Tower,0,1,6,0,7,0,15,30,0,45,0,16,36,0,52,20,0,20,72
01/05/2014,GLS,TX,ASW,CE,Federal Contract Tower,0,5,7,0,12,0,6,5,0,11,0,11,12,0,23,16,0,16,39
01/06/2014,GLS,TX,ASW,CE,Federal Contract Tower,0,3,2,0,5,0,44,10,2,56,0,47,12,2,61,0,0,0,61
01/07/2014,GLS,TX,ASW,CE,Federal Contract Tower,0,1,4,0,5,0,36,26,0,62,0,37,30,0,67,22,0,22,89
01/08/2014,GLS,TX,ASW,CE,Federal Contract Tower,0,3,5,0,8,0,35,9,2,46,0,38,14,2,54,10,0,10,64
01/09/2014,GLS,TX,ASW,CE,Federal Contract Tower,0,7,2,2,11,0,26,0,0,26,0,33,2,2,37,0,8,8,45
01/10/2014,GLS,TX,ASW,CE,Federal Contract Tower,0,2,3,3,8,0,26,2,0,28,0,28,5,3,36,0,4,4,40
01/11/2014,GLS,TX,ASW,CE,Federal Contract Tower,0,3,8,0,11,0,16,67,0,83,0,19,75,0,94,78,0,78,172
01/12/2014,GLS,TX,ASW,CE,Federal Contract Tower,0,1,6,0,7,0,26,68,0,94,0,27,74,0,101,30,0,30,131
01/13/2014,GLS,TX,ASW,CE,Federal Contract Tower,0,7,0,0,7,0,19,5,0,24,0,26,5,0,31,0,0,0,31
01/14/2014,GLS,TX,ASW,CE,Federal Contract Tower,0,2,6,0,8,0,37,35,0,72,0,39,41,0,80,14,0,14,94
01/15/2014,GLS,TX,ASW,CE,Federal Contract Tower,0,3,2,0,5,0,37,23,0,60,0,40,25,0,65,6,0,6,71
01/16/2014,GLS,TX,ASW,CE,Federal Contract Tower,0,4,7,1,12,0,24,24,0,48,0,28,31,1,60,2,2,4,64
01/17/2014,GLS,TX,ASW,CE,Federal Contract Tower,0,12,18,0,30,0,22,44,0,66,0,34,62,0,96,32,2,34,130
01/18/2014,GLS,TX,ASW,CE,Federal Contract Tower,0,3,2,0,5,0,20,57,0,77,0,23,59,0,82,64,0,64,146
01/19/2014,GLS,TX,ASW,CE,Federal Contract Tower,0,5,5,0,10,0,28,42,0,70,0,33,47,0,80,22,0,22,102
01/20/2014,GLS,TX,ASW,CE,Federal Contract Tower,0,4,6,0,10,0,65,40,0,105,0,69,46,0,115,42,0,42,157
01/21/2014,GLS,TX,ASW,CE,Federal Contract Tower,0,6,3,2,11,0,23,28,0,51,0,29,31,2,62,18,0,18,80
01/22/2014,GLS,TX,ASW,CE,Federal Contract Tower,0,5,3,1,9,0,37,27,0,64,0,42,30,1,73,44,2,46,119
01/23/2014,GLS,TX,ASW,CE,Federal Contract Tower,0,10,5,4,19,0,16,2,0,18,0,26,7,4,37,0,4,4,41
01/24/2014,GLS,TX,ASW,CE,Federal Contract Tower,0,0,2,0,2,0,2,0,0,2,0,2,2,0,4,0,0,0,4
01/25/2014,GLS,TX,ASW,CE,Federal Contract Tower,0,14,6,0,20,0,31,53,2,86,0,45,59,2,106,50,8,58,164
01/26/2014,GLS,TX,ASW,CE,Federal Contract Tower,0,4,7,0,11,0,19,46,1,66,0,23,53,1,77,54,0,54,131
01/27/2014,GLS,TX,ASW,CE,Federal Contract Tower,0,8,6,0,14,0,22,13,0,35,0,30,19,0,49,30,0,30,79
01/28/2014,GLS,TX,ASW,CE,Federal Contract Tower,0,0,3,0,3,0,0,0,0,0,0,0,3,0,3,0,0,0,3
01/29/2014,GLS,TX,ASW,CE,Federal Contract Tower,0,3,9,2,14,0,18,12,0,30,0,21,21,2,44,12,2,14,58
01/30/2014,GLS,TX,ASW,CE,Federal Contract Tower,0,7,3,1,11,0,36,17,2,55,0,43,20,3,66,18,6,24,90
01/31/2014,GLS,TX,ASW,CE,Federal Contract Tower,0,8,7,1,16,0,31,10,0,41,0,39,17,1,57,24,4,28,85
02/01/2014,GLS,TX,ASW,CE,Federal Contract Tower,0,4,1,0,5,0,17,4,0,21,0,21,5,0,26,22,0,22,48
02/02/2014,GLS,TX,ASW,CE,Federal Contract Tower,0,5,4,0,9,0,0,0,0,0,0,5,4,0,9,0,0,0,9
02/03/2014,GLS,TX,ASW,CE,Federal Contract Tower,0,23,3,0,26,0,17,1,0,18,0,40,4,0,44,0,0,0,44
02/04/2014,GLS,TX,ASW,CE,Federal Contract Tower,0,8,8,0,16,0,2,1,0,3,0,10,9,0,19,0,0,0,19
02/05/2014,GLS,TX,ASW,CE,Federal Contract Tower,0,10,6,0,16,0,40,23,0,63,0,50,29,0,79,14,0,14,93
02/06/2014,GLS,TX,ASW,CE,Federal Contract Tower,0,5,3,0,8,0,23,6,0,29,0,28,9,0,37,0,0,0,37
02/07/2014,GLS,TX,ASW,CE,Federal Contract Tower,0,2,2,1,5,0,7,3,2,12,0,9,5,3,17,14,2,16,33
02/08/2014,GLS,TX,ASW,CE,Federal Contract Tower,0,12,18,0,30,0,18,15,0,33,0,30,33,0,63,10,0,10,73
02/09/2014,GLS,TX,ASW,CE,Federal Contract Tower,0,0,6,0,6,0,0,0,0,0,0,0,6,0,6,0,0,0,6
02/10/2014,GLS,TX,ASW,CE,Federal Contract Tower,0,5,4,0,9,0,0,0,0,0,0,5,4,0,9,0,0,0,9
02/11/2014,GLS,TX,ASW,CE,Federal Contract Tower,0,3,6,0,9,0,6,0,0,6,0,9,6,0,15,0,0,0,15
02/12/2014,GLS,TX,ASW,CE,Federal Contract Tower,0,4,4,0,8,0,44,12,0,56,0,48,16,0,64,22,0,22,86
02/13/2014,GLS,TX,ASW,CE,Federal Contract Tower,0,3,10,0,13,0,56,29,0,85,0,59,39,0,98,20,0,20,118
02/14/2014,GLS,TX,ASW,CE,Federal Contract Tower,0,3,7,0,10,0,21,22,0,43,0,24,29,0,53,14,0,14,67
02/15/2014,GLS,TX,ASW,CE,Federal Contract Tower,0,3,9,1,13,0,16,98,2,116,0,19,107,3,129,50,2,52,181
02/16/2014,GLS,TX,ASW,CE,Federal Contract Tower,0,4,18,0,22,0,8,48,0,56,0,12,66,0,78,14,0,14,92
02/17/2014,GLS,TX,ASW,CE,Federal Contract Tower,0,0,7,0,7,0,0,0,0,0,0,0,7,0,7,0,0,0,7
02/18/2014,GLS,TX,ASW,CE,Federal Contract Tower,0,3,6,0,9,0,4,4,4,12,0,7,10,4,21,0,2,2,23
02/19/2014,GLS,TX,ASW,CE,Federal Contract Tower,0,11,11,0,22,0,1,0,0,1,0,12,11,0,23,6,0,6,29
02/20/2014,GLS,TX,ASW,CE,Federal Contract Tower,0,13,4,0,17,0,6,7,0,13,0,19,11,0,30,44,0,44,74
02/21/2014,GLS,TX,ASW,CE,Federal Contract Tower,0,5,9,0,14,0,52,40,0,92,0,57,49,0,106,52,0,52,158
02/22/2014,GLS,TX,ASW,CE,Federal Contract Tower,0,1,7,0,8,0,29,43,2,74,0,30,50,2,82,22,60,82,164
02/23/2014,GLS,TX,ASW,CE,Federal Contract Tower,0,5,16,10,31,0,0,2,0,2,0,5,18,10,33,0,0,0,33
02/24/2014,GLS,TX,ASW,CE,Federal Contract Tower,0,3,2,0,5,0,0,0,0,0,0,3,2,0,5,0,0,0,5
02/25/2014,GLS,TX,ASW,CE,Federal Contract Tower,0,4,9,0,13,0,0,2,0,2,0,4,11,0,15,0,0,0,15
02/26/2014,GLS,TX,ASW,CE,Federal Contract Tower,0,9,8,0,17,0,18,5,0,23,0,27,13,0,40,0,0,0,40
02/27/2014,GLS,TX,ASW,CE,Federal Contract Tower,0,2,7,0,9,0,38,25,0,63,0,40,32,0,72,22,0,22,94
02/28/2014,GLS,TX,ASW,CE,Federal Contract Tower,0,7,11,0,18,0,15,28,0,43,0,22,39,0,61,58,0,58,119
03/01/2014,GLS,TX,ASW,CE,Federal Contract Tower,0,5,2,1,8,0,6,23,1,30,0,11,25,2,38,50,0,50,88
03/02/2014,GLS,TX,ASW,CE,Federal Contract Tower,0,5,15,0,20,0,10,6,2,18,0,15,21,2,38,4,0,4,42
03/03/2014,GLS,TX,ASW,CE,Federal Contract Tower,0,2,5,2,9,0,26,6,0,32,0,28,11,2,41,12,0,12,53
03/04/2014,GLS,TX,ASW,CE,Federal Contract Tower,0,1,1,0,2,0,3,3,0,6,0,4,4,0,8,0,0,0,8
03/05/2014,GLS,TX,ASW,CE,Federal Contract Tower,0,23,7,1,31,0,12,2,0,14,0,35,9,1,45,10,2,12,57
03/06/2014,GLS,TX,ASW,CE,Federal Contract Tower,0,10,11,2,23,0,48,8,0,56,0,58,19,2,79,2,2,4,83
03/07/2014,GLS,TX,ASW,CE,Federal Contract Tower,0,0,7,0,7,0,36,38,0,74,0,36,45,0,81,54,0,54,135
03/08/2014,GLS,TX,ASW,CE,Federal Contract Tower,0,1,16,0,17,0,17,47,1,65,0,18,63,1,82,80,0,80,162
03/09/2014,GLS,TX,ASW,CE,Federal Contract Tower,0,3,3,0,6,0,1,0,0,1,0,4,3,0,7,0,0,0,7
03/10/2014,GLS,TX,ASW,CE,Federal Contract Tower,0,8,14,0,22,0,0,2,0,2,0,8,16,0,24,0,0,0,24
03/11/2014,GLS,TX,ASW,CE,Federal Contract Tower,0,10,7,0,17,0,9,18,2,29,0,19,25,2,46,22,0,22,68
03/12/2014,GLS,TX,ASW,CE,Federal Contract Tower,0,7,3,0,10,0,20,8,1,29,0,27,11,1,39,14,0,14,53
03/13/2014,GLS,TX,ASW,CE,Federal Contract Tower,0,0,15,0,15,0,38,30,1,69,0,38,45,1,84,26,0,26,110
03/14/2014,GLS,TX,ASW,CE,Federal Contract Tower,0,4,11,1,16,0,31,53,3,87,0,35,64,4,103,60,2,62,165
03/15/2014,GLS,TX,ASW,CE,Federal Contract Tower,0,5,21,0,26,0,2,8,0,10,0,7,29,0,36,14,0,14,50
03/16/2014,GLS,TX,ASW,CE,Federal Contract Tower,0,2,17,1,20,0,12,16,0,28,0,14,33,1,48,18,0,18,66
03/17/2014,GLS,TX,ASW,CE,Federal Contract Tower,0,2,5,0,7,0,56,36,1,93,0,58,41,1,100,19,0,19,119
03/18/2014,GLS,TX,ASW,CE,Federal Contract Tower,0,7,7,0,14,0,30,37,0,67,0,37,44,0,81,56,0,56,137
03/19/2014,GLS,TX,ASW,CE,Federal Contract Tower,0,13,7,0,20,0,35,20,0,55,0,48,27,0,75,20,0,20,95
03/20/2014,GLS,TX,ASW,CE,Federal Contract Tower,0,8,13,0,21,0,26,38,2,66,0,34,51,2,87,38,10,48,135
03/21/2014,GLS,TX,ASW,CE,Federal Contract Tower,0,11,14,0,25,0,13,72,0,85,0,24,86,0,110,56,0,56,166
03/22/2014,GLS,TX,ASW,CE,Federal Contract Tower,0,4,13,0,17,0,0,0,0,0,0,4,13,0,17,0,0,0,17
03/23/2014,GLS,TX,ASW,CE,Federal Contract Tower,0,2,12,0,14,0,0,0,0,0,0,2,12,0,14,0,0,0,14
03/24/2014,GLS,TX,ASW,CE,Federal Contract Tower,0,22,3,2,27,0,22,22,0,44,0,44,25,2,71,0,32,32,103
03/25/2014,GLS,TX,ASW,CE,Federal Contract Tower,0,2,8,0,10,0,46,85,0,131,0,48,93,0,141,70,0,70,211
03/26/2014,GLS,TX,ASW,CE,Federal Contract Tower,0,8,13,0,21,0,26,16,0,42,0,34,29,0,63,0,0,0,63
03/27/2014,GLS,TX,ASW,CE,Federal Contract Tower,0,12,2,0,14,0,27,5,0,32,0,39,7,0,46,20,0,20,66
03/28/2014,GLS,TX,ASW,CE,Federal Contract Tower,0,7,6,3,16,0,0,0,0,0,0,7,6,3,16,0,0,0,16
03/29/2014,GLS,TX,ASW,CE,Federal Contract Tower,0,40,12,0,52,0,27,33,0,60,0,67,45,0,112,68,0,68,180
03/30/2014,GLS,TX,ASW,CE,Federal Contract Tower,0,2,14,0,16,0,31,45,0,76,0,33,59,0,92,44,0,44,136
03/31/2014,GLS,TX,ASW,CE,Federal Contract Tower,0,8,5,2,15,0,52,31,0,83,0,60,36,2,98,48,0,48,146
04/01/2014,GLS,TX,ASW,CE,Federal Contract Tower,0,11,16,0,27,0,21,10,0,31,0,32,26,0,58,36,0,36,94
04/02/2014,GLS,TX,ASW,CE,Federal Contract Tower,0,14,10,0,24,0,3,0,0,3,0,17,10,0,27,0,0,0,27
04/03/2014,GLS,TX,ASW,CE,Federal Contract Tower,0,10,5,2,17,0,5,3,0,8,0,15,8,2,25,24,0,24,49
04/04/2014,GLS,TX,ASW,CE,Federal Contract Tower,0,12,12,0,24,0,40,30,0,70,0,52,42,0,94,30,0,30,124
04/05/2014,GLS,TX,ASW,CE,Federal Contract Tower,0,5,9,0,14,0,14,10,0,24,0,19,19,0,38,20,0,20,58
04/06/2014,GLS,TX,ASW,CE,Federal Contract Tower,0,5,12,0,17,0,2,2,0,4,0,7,14,0,21,20,0,20,41
04/07/2014,GLS,TX,ASW,CE,Federal Contract Tower,0,6,13,0,19,0,35,22,0,57,0,41,35,0,76,20,0,20,96
04/08/2014,GLS,TX,ASW,CE,Federal Contract Tower,0,3,17,0,20,0,32,9,3,44,0,35,26,3,64,10,0,10,74
04/09/2014,GLS,TX,ASW,CE,Federal Contract Tower,0,0,17,1,18,0,42,25,3,70,0,42,42,4,88,16,2,18,106
04/10/2014,GLS,TX,ASW,CE,Federal Contract Tower,0,0,16,0,16,0,34,12,0,46,0,34,28,0,62,24,0,24,86
04/11/2014,GLS,TX,ASW,CE,Federal Contract Tower,0,7,9,0,16,0,34,47,2,83,0,41,56,2,99,40,0,40,139
04/12/2014,GLS,TX,ASW,CE,Federal Contract Tower,0,7,12,0,19,0,24,58,0,82,0,31,70,0,101,50,0,50,151
04/13/2014,GLS,TX,ASW,CE,Federal Contract Tower,0,4,19,0,23,0,5,9,0,14,0,9,28,0,37,4,2,6,43
04/14/2014,GLS,TX,ASW,CE,Federal Contract Tower,0,6,2,0,8,0,4,0,0,4,0,10,2,0,12,0,0,0,12
04/15/2014,GLS,TX,ASW,CE,Federal Contract Tower,0,6,7,2,15,0,29,21,0,50,0,35,28,2,65,12,0,12,77
04/16/2014,GLS,TX,ASW,CE,Federal Contract Tower,0,3,27,0,30,0,50,29,2,81,0,53,56,2,111,48,0,48,159
04/17/2014,GLS,TX,ASW,CE,Federal Contract Tower,0,9,19,1,29,0,28,10,4,42,0,37,29,5,71,49,2,51,122
04/18/2014,GLS,TX,ASW,CE,Federal Contract Tower,0,6,10,0,16,0,19,51,0,70,0,25,61,0,86,44,2,46,132
04/19/2014,GLS,TX,ASW,CE,Federal Contract Tower,0,6,4,0,10,0,13,45,2,60,0,19,49,2,70,66,0,66,136
04/20/2014,GLS,TX,ASW,CE,Federal Contract Tower,0,5,14,0,19,0,26,39,0,65,0,31,53,0,84,12,0,12,96
04/21/2014,GLS,TX,ASW,CE,Federal Contract Tower,0,9,10,0,19,0,29,10,1,40,0,38,20,1,59,0,0,0,59
04/22/2014,GLS,TX,ASW,CE,Federal Contract Tower,0,21,23,2,46,0,24,16,6,46,0,45,39,8,92,8,0,8,100
04/23/2014,GLS,TX,ASW,CE,Federal Contract Tower,0,16,13,4,33,0,24,15,0,39,0,40,28,4,72,4,0,4,76
04/24/2014,GLS,TX,ASW,CE,Federal Contract Tower,0,13,4,0,17,0,25,9,0,34,0,38,13,0,51,14,6,20,71
04/25/2014,GLS,TX,ASW,CE,Federal Contract Tower,0,20,19,4,43,0,18,35,0,53,0,38,54,4,96,64,6,70,166
04/26/2014,GLS,TX,ASW,CE,Federal Contract Tower,0,9,9,0,18,0,12,11,1,24,0,21,20,1,42,4,0,4,46
04/27/2014,GLS,TX,ASW,CE,Federal Contract Tower,0,5,11,0,16,0,7,7,0,14,0,12,18,0,30,0,6,6,36
04/28/2014,GLS,TX,ASW,CE,Federal Contract Tower,0,8,4,2,14,0,13,28,0,41,0,21,32,2,55,10,0,10,65
04/29/2014,GLS,TX,ASW,CE,Federal Contract Tower,0,13,11,0,24,0,1,32,0,33,0,14,43,0,57,30,0,30,87
04/30/2014,GLS,TX,ASW,CE,Federal Contract Tower,0,6,12,2,20,0,41,36,0,77,0,47,48,2,97,52,0,52,149
05/01/2014,GLS,TX,ASW,CE,Federal Contract Tower,0,1,1,0,2,0,20,31,0,51,0,21,32,0,53,28,0,28,81
05/02/2014,GLS,TX,ASW,CE,Federal Contract Tower,0,4,10,0,14,0,16,44,0,60,0,20,54,0,74,54,0,54,128
05/03/2014,GLS,TX,ASW,CE,Federal Contract Tower,0,1,6,0,7,0,12,57,1,70,0,13,63,1,77,40,0,40,117
05/04/2014,GLS,TX,ASW,CE,Federal Contract Tower,0,1,9,0,10,0,13,66,1,80,0,14,75,1,90,72,0,72,162
05/05/2014,GLS,TX,ASW,CE,Federal Contract Tower,0,3,7,0,10,0,44,20,0,64,0,47,27,0,74,54,0,54,128
05/06/2014,GLS,TX,ASW,CE,Federal Contract Tower,0,4,7,0,11,0,35,11,0,46,0,39,18,0,57,4,0,4,61
05/07/2014,GLS,TX,ASW,CE,Federal Contract Tower,0,6,2,2,10,0,28,5,0,33,0,34,7,2,43,2,0,2,45
05/08/2014,GLS,TX,ASW,CE,Federal Contract Tower,0,19,6,6,31,0,4,0,0,4,0,23,6,6,35,0,0,0,35
05/09/2014,GLS,TX,ASW,CE,Federal Contract Tower,0,21,20,7,48,0,0,0,0,0,0,21,20,7,48,0,0,0,48
05/10/2014,GLS,TX,ASW,CE,Federal Contract Tower,0,6,28,0,34,0,4,31,0,35,0,10,59,0,69,46,0,46,115
05/11/2014,GLS,TX,ASW,CE,Federal Contract Tower,0,4,13,1,18,0,3,1,0,4,0,7,14,1,22,6,0,6,28
05/12/2014,GLS,TX,ASW,CE,Federal Contract Tower,0,7,11,0,18,0,23,0,0,23,0,30,11,0,41,0,0,0,41
05/13/2014,GLS,TX,ASW,CE,Federal Contract Tower,0,4,8,0,12,0,9,1,0,10,0,13,9,0,22,0,0,0,22
05/14/2014,GLS,TX,ASW,CE,Federal Contract Tower,0,17,5,2,24,0,34,8,2,44,0,51,13,4,68,0,0,0,68
05/15/2014,GLS,TX,ASW,CE,Federal Contract Tower,0,4,12,1,17,0,29,53,0,82,0,33,65,1,99,44,0,44,143
05/16/2014,GLS,TX,ASW,CE,Federal Contract Tower,0,6,21,0,27,0,36,48,0,84,0,42,69,0,111,46,0,46,157
05/17/2014,GLS,TX,ASW,CE,Federal Contract Tower,0,1,13,0,14,0,21,49,2,72,0,22,62,2,86,52,0,52,138
05/18/2014,GLS,TX,ASW,CE,Federal Contract Tower,0,2,12,0,14,0,28,49,1,78,0,30,61,1,92,34,0,34,126
05/19/2014,GLS,TX,ASW,CE,Federal Contract Tower,0,3,9,0,12,0,34,29,2,65,0,37,38,2,77,42,0,42,119
05/20/2014,GLS,TX,ASW,CE,Federal Contract Tower,0,6,19,4,29,0,40,18,8,66,0,46,37,12,95,8,2,10,105
05/21/2014,GLS,TX,ASW,CE,Federal Contract Tower,0,8,12,0,20,0,40,30,2,72,0,48,42,2,92,24,0,24,116
05/22/2014,GLS,TX,ASW,CE,Federal Contract Tower,0,9,12,0,21,0,30,28,0,58,0,39,40,0,79,34,0,34,113
05/23/2014,GLS,TX,ASW,CE,Federal Contract Tower,0,9,19,1,29,0,21,26,2,49,0,30,45,3,78,70,0,70,148
05/24/2014,GLS,TX,ASW,CE,Federal Contract Tower,0,0,13,0,13,0,24,62,0,86,0,24,75,0,99,64,0,64,163
05/25/2014,GLS,TX,ASW,CE,Federal Contract Tower,0,5,18,0,23,0,35,63,0,98,0,40,81,0,121,106,0,106,227
05/26/2014,GLS,TX,ASW,CE,Federal Contract Tower,0,6,17,0,23,0,41,48,4,93,0,47,65,4,116,36,0,36,152
05/27/2014,GLS,TX,ASW,CE,Federal Contract Tower,0,3,6,0,9,0,8,3,0,11,0,11,9,0,20,0,0,0,20
05/28/2014,GLS,TX,ASW,CE,Federal Contract Tower,0,3,15,0,18,0,24,3,0,27,0,27,18,0,45,0,0,0,45
05/29/2014,GLS,TX,ASW,CE,Federal Contract Tower,0,7,21,2,30,0,35,14,0,49,0,42,35,2,79,12,0,12,91
05/30/2014,GLS,TX,ASW,CE,Federal Contract Tower,0,3,11,0,14,0,27,18,0,45,0,30,29,0,59,12,0,12,71
05/31/2014,GLS,TX,ASW,CE,Federal Contract Tower,0,5,6,0,11,0,22,16,0,38,0,27,22,0,49,0,0,0,49
06/01/2014,GLS,TX,ASW,CE,Federal Contract Tower,0,4,17,0,21,0,9,32,0,41,0,13,49,0,62,10,0,10,72
06/02/2014,GLS,TX,ASW,CE,Federal Contract Tower,0,8,15,6,29,0,19,7,2,28,0,27,22,8,57,0,0,0,57
06/03/2014,GLS,TX,ASW,CE,Federal Contract Tower,0,4,7,0,11,0,27,9,4,40,0,31,16,4,51,6,0,6,57
06/04/2014,GLS,TX,ASW,CE,Federal Contract Tower,0,8,23,2,33,0,44,16,0,60,0,52,39,2,93,8,0,8,101
06/05/2014,GLS,TX,ASW,CE,Federal Contract Tower,0,6,11,0,17,0,24,34,2,60,0,30,45,2,77,34,0,34,111
06/06/2014,GLS,TX,ASW,CE,Federal Contract Tower,0,7,24,0,31,0,24,48,0,72,0,31,72,0,103,68,0,68,171
06/07/2014,GLS,TX,ASW,CE,Federal Contract Tower,0,4,6,0,10,0,18,81,0,99,0,22,87,0,109,98,0,98,207
06/08/2014,GLS,TX,ASW,CE,Federal Contract Tower,0,4,23,0,27,0,8,52,1,61,0,12,75,1,88,42,2,44,132
06/09/2014,GLS,TX,ASW,CE,Federal Contract Tower,0,7,1,1,9,0,39,18,11,68,0,46,19,12,77,12,2,14,91
06/10/2014,GLS,TX,ASW,CE,Federal Contract Tower,0,9,10,2,21,0,13,17,5,35,0,22,27,7,56,2,0,2,58
06/11/2014,GLS,TX,ASW,CE,Federal Contract Tower,0,16,12,0,28,0,39,18,4,61,0,55,30,4,89,14,0,14,103
06/12/2014,GLS,TX,ASW,CE,Federal Contract Tower,0,6,7,2,15,0,31,12,2,45,0,37,19,4,60,16,0,16,76
06/13/2014,GLS,TX,ASW,CE,Federal Contract Tower,0,9,6,0,15,0,19,26,0,45,0,28,32,0,60,26,0,26,86
06/14/2014,GLS,TX,ASW,CE,Federal Contract Tower,0,4,9,0,13,0,16,80,0,96,0,20,89,0,109,92,0,92,201
06/15/2014,GLS,TX,ASW,CE,Federal Contract Tower,0,3,16,0,19,0,14,53,0,67,0,17,69,0,86,66,0,66,152
06/16/2014,GLS,TX,ASW,CE,Federal Contract Tower,0,8,15,2,25,0,27,32,4,63,0,35,47,6,88,18,0,18,106
06/17/2014,GLS,TX,ASW,CE,Federal Contract Tower,0,11,7,2,20,0,21,45,4,70,0,32,52,6,90,32,0,32,122
06/18/2014,GLS,TX,ASW,CE,Federal Contract Tower,0,7,14,0,21,0,23,28,0,51,0,30,42,0,72,6,0,6,78
06/19/2014,GLS,TX,ASW,CE,Federal Contract Tower,0,5,21,0,26,0,29,27,2,58,0,34,48,2,84,12,0,12,96
06/20/2014,GLS,TX,ASW,CE,Federal Contract Tower,0,5,10,0,15,0,19,26,1,46,0,24,36,1,61,38,0,38,99
06/21/2014,GLS,TX,ASW,CE,Federal Contract Tower,0,1,18,0,19,0,26,48,3,77,0,27,66,3,96,68,0,68,164
06/22/2014,GLS,TX,ASW,CE,Federal Contract Tower,0,1,23,0,24,0,29,60,0,89,0,30,83,0,113,68,0,68,181
06/23/2014,GLS,TX,ASW,CE,Federal Contract Tower,0,9,12,0,21,0,32,38,1,71,0,41,50,1,92,48,2,50,142
06/24/2014,GLS,TX,ASW,CE,Federal Contract Tower,0,17,2,0,19,0,27,17,2,46,0,44,19,2,65,6,0,6,71
06/25/2014,GLS,TX,ASW,CE,Federal Contract Tower,0,0,0,0,0,0,27,1,0,28,0,27,1,0,28,0,0,0,28
06/26/2014,GLS,TX,ASW,CE,Federal Contract Tower,0,1,1,0,2,0,22,0,0,22,0,23,1,0,24,0,0,0,24
06/27/2014,GLS,TX,ASW,CE,Federal Contract Tower,0,5,12,2,19,0,32,23,2,57,0,37,35,4,76,26,2,28,104
06/28/2014,GLS,TX,ASW,CE,Federal Contract Tower,0,1,12,0,13,0,13,45,0,58,0,14,57,0,71,24,0,24,95
06/29/2014,GLS,TX,ASW,CE,Federal Contract Tower,0,1,7,0,8,0,26,36,0,62,0,27,43,0,70,38,0,38,108
06/30/2014,GLS,TX,ASW,CE,Federal Contract Tower,0,4,21,0,25,0,48,35,0,83,0,52,56,0,108,16,4,20,128
07/01/2014,GLS,TX,ASW,CE,Federal Contract Tower,0,6,8,2,16,0,37,33,3,73,0,43,41,5,89,38,0,38,127
07/02/2014,GLS,TX,ASW,CE,Federal Contract Tower,0,5,21,2,28,0,35,24,0,59,0,40,45,2,87,2,0,2,89
07/03/2014,GLS,TX,ASW,CE,Federal Contract Tower,0,4,36,0,40,0,31,23,0,54,0,35,59,0,94,50,0,50,144
07/04/2014,GLS,TX,ASW,CE,Federal Contract Tower,0,6,7,0,13,0,24,29,0,53,0,30,36,0,66,46,0,46,112
07/05/2014,GLS,TX,ASW,CE,Federal Contract Tower,0,2,6,0,8,0,20,66,0,86,0,22,72,0,94,70,0,70,164
07/06/2014,GLS,TX,ASW,CE,Federal Contract Tower,0,4,8,0,12,0,14,68,1,83,0,18,76,1,95,72,0,72,167
07/07/2014,GLS,TX,ASW,CE,Federal Contract Tower,0,7,8,0,15,0,23,20,2,45,0,30,28,2,60,8,0,8,68
07/08/2014,GLS,TX,ASW,CE,Federal Contract Tower,0,13,3,0,16,0,33,24,8,65,0,46,27,8,81,38,2,40,121
07/09/2014,GLS,TX,ASW,CE,Federal Contract Tower,0,7,13,1,21,0,41,36,3,80,0,48,49,4,101,30,0,30,131
07/10/2014,GLS,TX,ASW,CE,Federal Contract Tower,0,4,10,0,14,0,32,13,2,47,0,36,23,2,61,6,0,6,67
07/11/2014,GLS,TX,ASW,CE,Federal Contract Tower,0,3,7,0,10,0,22,40,1,63,0,25,47,1,73,52,6,58,131
07/12/2014,GLS,TX,ASW,CE,Federal Contract Tower,0,7,13,0,20,0,26,76,0,102,0,33,89,0,122,84,0,84,206
07/13/2014,GLS,TX,ASW,CE,Federal Contract Tower,0,3,12,1,16,0,21,51,4,76,0,24,63,5,92,18,0,18,110
07/14/2014,GLS,TX,ASW,CE,Federal Contract Tower,0,4,13,0,17,0,49,18,0,67,0,53,31,0,84,28,0,28,112
07/15/2014,GLS,TX,ASW,CE,Federal Contract Tower,0,11,2,0,13,0,17,30,0,47,0,28,32,0,60,12,0,12,72
07/16/2014,GLS,TX,ASW,CE,Federal Contract Tower,0,19,5,0,24,0,18,31,0,49,0,37,36,0,73,16,0,16,89
07/17/2014,GLS,TX,ASW,CE,Federal Contract Tower,0,11,5,2,18,0,19,5,6,30,0,30,10,8,48,14,0,14,62
07/18/2014,GLS,TX,ASW,CE,Federal Contract Tower,0,1,4,0,5,0,7,16,0,23,0,8,20,0,28,0,0,0,28
07/19/2014,GLS,TX,ASW,CE,Federal Contract Tower,0,17,9,0,26,0,11,20,0,31,0,28,29,0,57,38,0,38,95
07/20/2014,GLS,TX,ASW,CE,Federal Contract Tower,0,5,12,0,17,0,13,40,3,56,0,18,52,3,73,68,0,68,141
07/21/2014,GLS,TX,ASW,CE,Federal Contract Tower,0,4,7,0,11,0,46,31,0,77,0,50,38,0,88,38,0,38,126
07/22/2014,GLS,TX,ASW,CE,Federal Contract Tower,0,3,23,1,27,0,35,41,0,76,0,38,64,1,103,52,0,52,155
07/23/2014,GLS,TX,ASW,CE,Federal Contract Tower,0,5,5,0,10,0,39,17,0,56,0,44,22,0,66,28,0,28,94
07/24/2014,GLS,TX,ASW,CE,Federal Contract Tower,0,4,13,2,19,0,28,12,1,41,0,32,25,3,60,0,0,0,60
07/25/2014,GLS,TX,ASW,CE,Federal Contract Tower,0,5,9,0,14,0,24,14,2,40,0,29,23,2,54,26,2,28,82
07/26/2014,GLS,TX,ASW,CE,Federal Contract Tower,0,2,9,0,11,0,21,55,0,76,0,23,64,0,87,34,0,34,121
07/27/2014,GLS,TX,ASW,CE,Federal Contract Tower,0,1,13,0,14,0,17,37,0,54,0,18,50,0,68,36,0,36,104
07/28/2014,GLS,TX,ASW,CE,Federal Contract Tower,0,3,10,0,13,0,41,19,0,60,0,44,29,0,73,18,0,18,91
07/29/2014,GLS,TX,ASW,CE,Federal Contract Tower,0,15,9,0,24,0,34,24,2,60,0,49,33,2,84,28,0,28,112
07/30/2014,GLS,TX,ASW,CE,Federal Contract Tower,0,6,11,0,17,0,22,23,0,45,0,28,34,0,62,16,0,16,78
07/31/2014,GLS,TX,ASW,CE,Federal Contract Tower,0,6,8,0,14,0,20,20,0,40,0,26,28,0,54,22,2,24,78
08/01/2014,GLS,TX,ASW,CE,Federal Contract Tower,0,7,13,0,20,0,14,21,0,35,0,21,34,0,55,24,0,24,79
08/02/2014,GLS,TX,ASW,CE,Federal Contract Tower,0,5,15,0,20,0,15,45,0,60,0,20,60,0,80,52,0,52,132
08/03/2014,GLS,TX,ASW,CE,Federal Contract Tower,0,4,20,0,24,0,7,37,0,44,0,11,57,0,68,52,0,52,120
08/04/2014,GLS,TX,ASW,CE,Federal Contract Tower,0,5,5,0,10,0,30,37,0,67,0,35,42,0,77,26,0,26,103
08/05/2014,GLS,TX,ASW,CE,Federal Contract Tower,0,6,6,0,12,0,25,39,3,67,0,31,45,3,79,30,2,32,111
08/06/2014,GLS,TX,ASW,CE,Federal Contract Tower,0,11,5,0,16,0,46,19,0,65,0,57,24,0,81,22,0,22,103
08/07/2014,GLS,TX,ASW,CE,Federal Contract Tower,0,3,8,0,11,0,29,20,0,49,0,32,28,0,60,28,2,30,90
08/08/2014,GLS,TX,ASW,CE,Federal Contract Tower,0,4,16,0,20,0,29,34,2,65,0,33,50,2,85,82,0,82,167
08/09/2014,GLS,TX,ASW,CE,Federal Contract Tower,0,1,5,2,8,0,17,53,0,70,0,18,58,2,78,56,22,78,156
08/10/2014,GLS,TX,ASW,CE,Federal Contract Tower,0,2,11,0,13,0,9,22,0,31,0,11,33,0,44,16,0,16,60
08/11/2014,GLS,TX,ASW,CE,Federal Contract Tower,0,4,2,0,6,0,45,20,4,69,0,49,22,4,75,20,0,20,95
08/12/2014,GLS,TX,ASW,CE,Federal Contract Tower,0,10,27,0,37,0,15,26,0,41,0,25,53,0,78,18,0,18,96
08/13/2014,GLS,TX,ASW,CE,Federal Contract Tower,0,5,17,0,22,0,40,16,0,56,0,45,33,0,78,4,0,4,82
08/14/2014,GLS,TX,ASW,CE,Federal Contract Tower,0,9,14,0,23,0,22,18,0,40,0,31,32,0,63,24,0,24,87
08/15/2014,GLS,TX,ASW,CE,Federal Contract Tower,0,5,14,2,21,0,32,43,0,75,0,37,57,2,96,52,0,52,148
08/16/2014,GLS,TX,ASW,CE,Federal Contract Tower,0,3,6,0,9,0,14,66,0,80,0,17,72,0,89,52,0,52,141
08/17/2014,GLS,TX,ASW,CE,Federal Contract Tower,0,4,10,0,14,0,23,41,0,64,0,27,51,0,78,18,0,18,96
08/18/2014,GLS,TX,ASW,CE,Federal Contract Tower,0,5,10,0,15,0,28,24,2,54,0,33,34,2,69,8,0,8,77
08/19/2014,GLS,TX,ASW,CE,Federal Contract Tower,0,8,17,6,31,0,28,28,4,60,0,36,45,10,91,24,4,28,119
08/20/2014,GLS,TX,ASW,CE,Federal Contract Tower,0,14,35,4,53,0,35,25,2,62,0,49,60,6,115,26,6,32,147
08/21/2014,GLS,TX,ASW,CE,Federal Contract Tower,0,4,12,8,24,0,33,19,2,54,0,37,31,10,78,26,26,52,130
08/22/2014,GLS,TX,ASW,CE,Federal Contract Tower,0,4,12,2,18,0,28,55,0,83,0,32,67,2,101,70,0,70,171
08/23/2014,GLS,TX,ASW,CE,Federal Contract Tower,0,1,18,6,25,0,9,42,2,53,0,10,60,8,78,58,0,58,136
08/24/2014,GLS,TX,ASW,CE,Federal Contract Tower,0,3,3,4,10,0,15,62,3,80,0,18,65,7,90,40,0,40,130
08/25/2014,GLS,TX,ASW,CE,Federal Contract Tower,0,2,5,4,11,0,52,30,8,90,0,54,35,12,101,30,2,32,133
08/26/2014,GLS,TX,ASW,CE,Federal Contract Tower,0,6,10,0,16,0,23,14,0,37,0,29,24,0,53,8,0,8,61
08/27/2014,GLS,TX,ASW,CE,Federal Contract Tower,0,5,2,0,7,0,32,7,2,41,0,37,9,2,48,0,0,0,48
08/28/2014,GLS,TX,ASW,CE,Federal Contract Tower,0,0,4,0,4,0,8,3,0,11,0,8,7,0,15,0,0,0,15
08/29/2014,GLS,TX,ASW,CE,Federal Contract Tower,0,0,1,0,1,0,15,11,0,26,0,15,12,0,27,0,0,0,27
08/30/2014,GLS,TX,ASW,CE,Federal Contract Tower,0,1,4,0,5,0,9,24,0,33,0,10,28,0,38,2,0,2,40
08/31/2014,GLS,TX,ASW,CE,Federal Contract Tower,0,6,11,0,17,0,27,28,0,55,0,33,39,0,72,16,0,16,88
09/01/2014,GLS,TX,ASW,CE,Federal Contract Tower,0,4,5,0,9,0,32,58,1,91,0,36,63,1,100,54,0,54,154
09/02/2014,GLS,TX,ASW,CE,Federal Contract Tower,0,7,11,4,22,0,38,24,4,66,0,45,35,8,88,10,4,14,102
09/03/2014,GLS,TX,ASW,CE,Federal Contract Tower,0,15,4,0,19,0,56,35,4,95,0,71,39,4,114,10,10,20,134
09/04/2014,GLS,TX,ASW,CE,Federal Contract Tower,0,5,17,0,22,0,35,32,6,73,0,40,49,6,95,44,0,44,139
09/05/2014,GLS,TX,ASW,CE,Federal Contract Tower,0,4,3,0,7,0,30,50,4,84,0,34,53,4,91,66,0,66,157
09/06/2014,GLS,TX,ASW,CE,Federal Contract Tower,0,2,5,0,7,0,42,58,2,102,0,44,63,2,109,112,0,112,221
09/07/2014,GLS,TX,ASW,CE,Federal Contract Tower,0,2,2,0,4,0,33,32,6,71,0,35,34,6,75,42,0,42,117
09/08/2014,GLS,TX,ASW,CE,Federal Contract Tower,0,5,18,2,25,0,44,40,0,84,0,49,58,2,109,16,4,20,129
09/09/2014,GLS,TX,ASW,CE,Federal Contract Tower,0,5,18,0,23,0,22,51,4,77,0,27,69,4,100,38,0,38,138
09/10/2014,GLS,TX,ASW,CE,Federal Contract Tower,0,6,18,0,24,0,35,35,3,73,0,41,53,3,97,8,10,18,115
09/11/2014,GLS,TX,ASW,CE,Federal Contract Tower,0,7,11,0,18,0,41,20,0,61,0,48,31,0,79,16,0,16,95
09/12/2014,GLS,TX,ASW,CE,Federal Contract Tower,0,7,4,0,11,0,24,39,0,63,0,31,43,0,74,38,0,38,112
09/13/2014,GLS,TX,ASW,CE,Federal Contract Tower,0,10,5,0,15,0,7,8,2,17,0,17,13,2,32,22,0,22,54
09/14/2014,GLS,TX,ASW,CE,Federal Contract Tower,0,7,11,0,18,0,12,10,0,22,0,19,21,0,40,10,0,10,50
09/15/2014,GLS,TX,ASW,CE,Federal Contract Tower,0,13,3,0,16,0,25,23,0,48,0,38,26,0,64,10,0,10,74
09/16/2014,GLS,TX,ASW,CE,Federal Contract Tower,0,11,4,0,15,0,13,2,2,17,0,24,6,2,32,4,0,4,36
09/17/2014,GLS,TX,ASW,CE,Federal Contract Tower,0,4,5,2,11,0,33,5,0,38,0,37,10,2,49,14,0,14,63
09/18/2014,GLS,TX,ASW,CE,Federal Contract Tower,0,9,5,0,14,0,8,0,0,8,0,17,5,0,22,0,0,0,22
09/19/2014,GLS,TX,ASW,CE,Federal Contract Tower,0,5,11,0,16,0,13,13,0,26,0,18,24,0,42,2,0,2,44
09/20/2014,GLS,TX,ASW,CE,Federal Contract Tower,0,5,9,0,14,0,16,35,0,51,0,21,44,0,65,16,0,16,81
09/21/2014,GLS,TX,ASW,CE,Federal Contract Tower,0,2,8,0,10,0,23,68,0,91,0,25,76,0,101,52,0,52,153
09/22/2014,GLS,TX,ASW,CE,Federal Contract Tower,0,5,5,0,10,0,55,35,0,90,0,60,40,0,100,42,0,42,142
09/23/2014,GLS,TX,ASW,CE,Federal Contract Tower,0,4,14,0,18,0,24,18,0,42,0,28,32,0,60,8,0,8,68
09/24/2014,GLS,TX,ASW,CE,Federal Contract Tower,0,2,10,0,12,0,27,14,0,41,0,29,24,0,53,8,0,8,61
09/25/2014,GLS,TX,ASW,CE,Federal Contract Tower,0,0,3,0,3,0,8,7,0,15,0,8,10,0,18,6,0,6,24
09/26/2014,GLS,TX,ASW,CE,Federal Contract Tower,0,7,4,0,11,0,26,37,0,63,0,33,41,0,74,64,0,64,138
09/27/2014,GLS,TX,ASW,CE,Federal Contract Tower,0,6,2,0,8,0,19,48,2,69,0,25,50,2,77,28,0,28,105
09/28/2014,GLS,TX,ASW,CE,Federal Contract Tower,0,3,11,0,14,0,16,18,0,34,0,19,29,0,48,10,0,10,58
09/29/2014,GLS,TX,ASW,CE,Federal Contract Tower,0,7,9,0,16,0,42,18,0,60,0,49,27,0,76,8,0,8,84
09/30/2014,GLS,TX,ASW,CE,Federal Contract Tower,0,7,5,2,14,0,34,15,2,51,0,41,20,4,65,8,0,8,73
10/01/2014,GLS,TX,ASW,CE,Federal Contract Tower,0,8,8,0,16,0,45,19,0,64,0,53,27,0,80,8,0,8,88
10/02/2014,GLS,TX,ASW,CE,Federal Contract Tower,0,11,13,4,28,0,21,19,0,40,0,32,32,4,68,8,0,8,76
10/03/2014,GLS,TX,ASW,CE,Federal Contract Tower,0,5,5,2,12,0,29,25,0,54,0,34,30,2,66,34,6,40,106
10/04/2014,GLS,TX,ASW,CE,Federal Contract Tower,0,0,27,0,27,0,25,53,0,78,0,25,80,0,105,10,0,10,115
10/05/2014,GLS,TX,ASW,CE,Federal Contract Tower,0,4,12,0,16,0,12,54,0,66,0,16,66,0,82,84,0,84,166
10/06/2014,GLS,TX,ASW,CE,Federal Contract Tower,0,4,7,0,11,0,42,6,0,48,0,46,13,0,59,0,0,0,59
10/07/2014,GLS,TX,ASW,CE,Federal Contract Tower,0,5,10,0,15,0,28,17,0,45,0,33,27,0,60,12,0,12,72
10/08/2014,GLS,TX,ASW,CE,Federal Contract Tower,0,7,10,4,21,0,33,20,0,53,0,40,30,4,74,8,0,8,82
10/09/2014,GLS,TX,ASW,CE,Federal Contract Tower,0,6,10,2,18,0,23,14,0,37,0,29,24,2,55,14,0,14,69
10/10/2014,GLS,TX,ASW,CE,Federal Contract Tower,0,6,6,2,14,0,21,37,0,58,0,27,43,2,72,38,0,38,110
10/11/2014,GLS,TX,ASW,CE,Federal Contract Tower,0,1,1,0,2,0,15,28,2,45,0,16,29,2,47,18,0,18,65
10/12/2014,GLS,TX,ASW,CE,Federal Contract Tower,0,5,20,4,29,0,24,11,0,35,0,29,31,4,64,36,0,36,100
10/13/2014,GLS,TX,ASW,CE,Federal Contract Tower,0,3,4,0,7,0,32,4,4,40,0,35,8,4,47,4,0,4,51
10/14/2014,GLS,TX,ASW,CE,Federal Contract Tower,0,5,6,2,13,0,23,17,0,40,0,28,23,2,53,18,0,18,71
10/15/2014,GLS,TX,ASW,CE,Federal Contract Tower,0,8,9,2,19,0,52,27,0,79,0,60,36,2,98,34,0,34,132
10/16/2014,GLS,TX,ASW,CE,Federal Contract Tower,0,2,6,2,10,0,39,30,0,69,0,41,36,2,79,14,0,14,93
10/17/2014,GLS,TX,ASW,CE,Federal Contract Tower,0,0,3,0,3,0,25,49,0,74,0,25,52,0,77,34,0,34,111
10/18/2014,GLS,TX,ASW,CE,Federal Contract Tower,0,0,3,0,3,0,41,69,0,110,0,41,72,0,113,82,0,82,195
10/19/2014,GLS,TX,ASW,CE,Federal Contract Tower,0,0,22,0,22,0,33,58,2,93,0,33,80,2,115,12,0,12,127
10/20/2014,GLS,TX,ASW,CE,Federal Contract Tower,0,0,4,4,8,0,32,40,0,72,0,32,44,4,80,6,2,8,88
10/21/2014,GLS,TX,ASW,CE,Federal Contract Tower,0,3,30,4,37,0,24,38,2,64,0,27,68,6,101,8,8,16,117
10/22/2014,GLS,TX,ASW,CE,Federal Contract Tower,0,2,6,0,8,0,52,35,0,87,0,54,41,0,95,0,0,0,95
10/23/2014,GLS,TX,ASW,CE,Federal Contract Tower,0,4,10,0,14,0,31,52,2,85,0,35,62,2,99,28,6,34,133
10/24/2014,GLS,TX,ASW,CE,Federal Contract Tower,0,3,8,0,11,0,43,73,0,116,0,46,81,0,127,52,0,52,179
10/25/2014,GLS,TX,ASW,CE,Federal Contract Tower,0,3,4,0,7,0,38,91,0,129,0,41,95,0,136,84,0,84,220
10/26/2014,GLS,TX,ASW,CE,Federal Contract Tower,0,2,20,0,22,0,24,66,0,90,0,26,86,0,112,56,0,56,168
10/27/2014,GLS,TX,ASW,CE,Federal Contract Tower,0,2,7,0,9,0,28,34,0,62,0,30,41,0,71,42,0,42,113
10/28/2014,GLS,TX,ASW,CE,Federal Contract Tower,0,4,18,2,24,0,24,27,0,51,0,28,45,2,75,8,0,8,83
10/29/2014,GLS,TX,ASW,CE,Federal Contract Tower,0,3,9,1,13,0,44,48,7,99,0,47,57,8,112,36,0,36,148
10/30/2014,GLS,TX,ASW,CE,Federal Contract Tower,0,5,3,0,8,0,29,38,0,67,0,34,41,0,75,50,0,50,125
10/31/2014,GLS,TX,ASW,CE,Federal Contract Tower,0,6,8,0,14,0,22,50,2,74,0,28,58,2,88,28,2,30,118
11/01/2014,GLS,TX,ASW,CE,Federal Contract Tower,0,0,12,0,12,0,21,47,0,68,0,21,59,0,80,24,0,24,104
11/02/2014,GLS,TX,ASW,CE,Federal Contract Tower,0,0,14,0,14,0,19,43,0,62,0,19,57,0,76,26,0,26,102
11/03/2014,GLS,TX,ASW,CE,Federal Contract Tower,0,7,7,0,14,0,40,34,1,75,0,47,41,1,89,24,0,24,113
11/04/2014,GLS,TX,ASW,CE,Federal Contract Tower,0,2,2,0,4,0,35,19,2,56,0,37,21,2,60,4,0,4,64
11/05/2014,GLS,TX,ASW,CE,Federal Contract Tower,0,4,4,0,8,0,23,11,0,34,0,27,15,0,42,6,0,6,48
11/06/2014,GLS,TX,ASW,CE,Federal Contract Tower,0,12,10,2,24,0,0,4,0,4,0,12,14,2,28,0,0,0,28
11/07/2014,GLS,TX,ASW,CE,Federal Contract Tower,0,2,6,12,20,0,43,57,1,101,0,45,63,13,121,56,10,66,187
11/08/2014,GLS,TX,ASW,CE,Federal Contract Tower,0,0,11,0,11,0,25,124,0,149,0,25,135,0,160,36,0,36,196
11/09/2014,GLS,TX,ASW,CE,Federal Contract Tower,0,1,3,0,4,0,16,63,8,87,0,17,66,8,91,62,10,72,163
11/10/2014,GLS,TX,ASW,CE,Federal Contract Tower,0,1,6,4,11,0,47,14,4,65,0,48,20,8,76,38,2,40,116
11/11/2014,GLS,TX,ASW,CE,Federal Contract Tower,0,5,10,0,15,0,32,2,0,34,0,37,12,0,49,0,0,0,49
11/12/2014,GLS,TX,ASW,CE,Federal Contract Tower,0,7,3,0,10,0,41,8,0,49,0,48,11,0,59,2,0,2,61
11/13/2014,GLS,TX,ASW,CE,Federal Contract Tower,0,0,8,5,13,0,18,2,2,22,0,18,10,7,35,0,0,0,35
11/14/2014,GLS,TX,ASW,CE,Federal Contract Tower,0,2,9,1,12,0,32,31,0,63,0,34,40,1,75,32,4,36,111
11/15/2014,GLS,TX,ASW,CE,Federal Contract Tower,0,5,8,0,13,0,11,2,0,13,0,16,10,0,26,0,0,0,26
11/16/2014,GLS,TX,ASW,CE,Federal Contract Tower,0,2,6,2,10,0,5,0,0,5,0,7,6,2,15,0,0,0,15
11/17/2014,GLS,TX,ASW,CE,Federal Contract Tower,0,5,7,0,12,0,23,3,0,26,0,28,10,0,38,0,0,0,38
11/18/2014,GLS,TX,ASW,CE,Federal Contract Tower,0,1,14,2,17,0,34,25,0,59,0,35,39,2,76,8,2,10,86
11/19/2014,GLS,TX,ASW,CE,Federal Contract Tower,0,1,7,2,10,0,53,25,0,78,0,54,32,2,88,14,0,14,102
11/20/2014,GLS,TX,ASW,CE,Federal Contract Tower,0,0,14,0,14,0,37,13,0,50,0,37,27,0,64,4,0,4,68
11/21/2014,GLS,TX,ASW,CE,Federal Contract Tower,0,6,1,0,7,0,20,7,0,27,0,26,8,0,34,0,0,0,34
11/22/2014,GLS,TX,ASW,CE,Federal Contract Tower,0,3,10,0,13,0,3,1,0,4,0,6,11,0,17,12,0,12,29
11/23/2014,GLS,TX,ASW,CE,Federal Contract Tower,0,0,4,0,4,0,17,36,2,55,0,17,40,2,59,36,0,36,95
11/24/2014,GLS,TX,ASW,CE,Federal Contract Tower,0,4,10,0,14,0,42,26,0,68,0,46,36,0,82,28,0,28,110
11/25/2014,GLS,TX,ASW,CE,Federal Contract Tower,0,4,9,0,13,0,44,18,0,62,0,48,27,0,75,10,0,10,85
11/26/2014,GLS,TX,ASW,CE,Federal Contract Tower,0,4,11,0,15,0,27,20,0,47,0,31,31,0,62,6,0,6,68
11/27/2014,GLS,TX,ASW,CE,Federal Contract Tower,0,8,0,0,8,0,9,19,0,28,0,17,19,0,36,0,0,0,36
11/28/2014,GLS,TX,ASW,CE,Federal Contract Tower,0,2,5,0,7,0,32,46,0,78,0,34,51,0,85,28,8,36,121
11/29/2014,GLS,TX,ASW,CE,Federal Contract Tower,0,6,11,0,17,0,32,38,0,70,0,38,49,0,87,20,0,20,107
11/30/2014,GLS,TX,ASW,CE,Federal Contract Tower,0,1,26,0,27,0,22,40,0,62,0,23,66,0,89,22,0,22,111
12/01/2014,GLS,TX,ASW,CE,Federal Contract Tower,0,5,12,0,17,0,18,2,0,20,0,23,14,0,37,0,0,0,37
12/02/2014,GLS,TX,ASW,CE,Federal Contract Tower,0,38,9,8,55,0,0,0,0,0,0,38,9,8,55,0,0,0,55
12/03/2014,GLS,TX,ASW,CE,Federal Contract Tower,0,20,13,0,33,0,13,8,0,21,0,33,21,0,54,12,0,12,66
12/04/2014,GLS,TX,ASW,CE,Federal Contract Tower,0,13,11,0,24,0,0,0,0,0,0,13,11,0,24,0,0,0,24
12/05/2014,GLS,TX,ASW,CE,Federal Contract Tower,0,15,11,0,26,0,26,11,0,37,0,41,22,0,63,10,0,10,73
12/06/2014,GLS,TX,ASW,CE,Federal Contract Tower,0,5,14,4,23,0,19,10,0,29,0,24,24,4,52,0,0,0,52
12/07/2014,GLS,TX,ASW,CE,Federal Contract Tower,0,7,14,0,21,0,21,5,3,29,0,28,19,3,50,6,0,6,56
12/08/2014,GLS,TX,ASW,CE,Federal Contract Tower,0,4,6,0,10,0,58,23,0,81,0,62,29,0,91,18,0,18,109
12/09/2014,GLS,TX,ASW,CE,Federal Contract Tower,0,1,7,0,8,0,26,27,0,53,0,27,34,0,61,46,0,46,107
12/10/2014,GLS,TX,ASW,CE,Federal Contract Tower,0,2,22,0,24,0,50,17,3,70,0,52,39,3,94,8,0,8,102
12/11/2014,GLS,TX,ASW,CE,Federal Contract Tower,0,5,9,2,16,0,46,24,2,72,0,51,33,4,88,18,0,18,106
12/12/2014,GLS,TX,ASW,CE,Federal Contract Tower,0,0,11,0,11,0,33,46,3,82,0,33,57,3,93,22,32,54,147
12/13/2014,GLS,TX,ASW,CE,Federal Contract Tower,0,1,12,0,13,0,19,37,0,56,0,20,49,0,69,18,0,18,87
12/14/2014,GLS,TX,ASW,CE,Federal Contract Tower,0,3,16,0,19,0,11,12,2,25,0,14,28,2,44,4,0,4,48
12/15/2014,GLS,TX,ASW,CE,Federal Contract Tower,0,5,4,6,15,0,36,15,1,52,0,41,19,7,67,4,0,4,71
12/16/2014,GLS,TX,ASW,CE,Federal Contract Tower,0,3,14,0,17,0,37,34,0,71,0,40,48,0,88,10,0,10,98
12/17/2014,GLS,TX,ASW,CE,Federal Contract Tower,0,3,10,0,13,0,32,13,0,45,0,35,23,0,58,14,0,14,72
12/18/2014,GLS,TX,ASW,CE,Federal Contract Tower,0,10,4,2,16,0,5,0,0,5,0,15,4,2,21,0,0,0,21
12/19/2014,GLS,TX,ASW,CE,Federal Contract Tower,0,11,6,0,17,0,0,0,0,0,0,11,6,0,17,0,0,0,17
12/20/2014,GLS,TX,ASW,CE,Federal Contract Tower,0,17,11,0,28,0,7,3,0,10,0,24,14,0,38,0,0,0,38
12/21/2014,GLS,TX,ASW,CE,Federal Contract Tower,0,5,11,4,20,0,17,14,0,31,0,22,25,4,51,18,0,18,69
12/22/2014,GLS,TX,ASW,CE,Federal Contract Tower,0,4,16,4,24,0,29,13,0,42,0,33,29,4,66,18,0,18,84
12/23/2014,GLS,TX,ASW,CE,Federal Contract Tower,0,4,6,0,10,0,5,1,0,6,0,9,7,0,16,0,0,0,16
12/24/2014,GLS,TX,ASW,CE,Federal Contract Tower,0,3,5,0,8,0,36,28,0,64,0,39,33,0,72,10,0,10,82
12/25/2014,GLS,TX,ASW,CE,Federal Contract Tower,0,2,0,0,2,0,4,8,0,12,0,6,8,0,14,4,0,4,18
12/26/2014,GLS,TX,ASW,CE,Federal Contract Tower,0,8,8,0,16,0,32,18,0,50,0,40,26,0,66,6,0,6,72
12/27/2014,GLS,TX,ASW,CE,Federal Contract Tower,0,1,5,0,6,0,4,0,1,5,0,5,5,1,11,0,0,0,11
12/28/2014,GLS,TX,ASW,CE,Federal Contract Tower,0,0,5,4,9,0,0,0,0,0,0,0,5,4,9,0,0,0,9
12/29/2014,GLS,TX,ASW,CE,Federal Contract Tower,0,14,6,0,20,0,0,0,0,0,0,14,6,0,20,0,0,0,20
12/30/2014,GLS,TX,ASW,CE,Federal Contract Tower,0,6,12,1,19,0,32,10,4,46,0,38,22,5,65,0,0,0,65
12/31/2014,GLS,TX,ASW,CE,Federal Contract Tower,0,8,3,0,11,0,15,5,0,20,0,23,8,0,31,0,0,0,31
01/01/2015,GLS,TX,ASW,CE,Federal Contract Tower,0,5,3,0,8,0,5,0,0,5,0,10,3,0,13,0,0,0,13
01/02/2015,GLS,TX,ASW,CE,Federal Contract Tower,0,0,0,2,2,0,0,0,0,0,0,0,0,2,2,0,0,0,2
01/03/2015,GLS,TX,ASW,CE,Federal Contract Tower,0,12,2,4,18,0,14,8,0,22,0,26,10,4,40,14,0,14,54
01/04/2015,GLS,TX,ASW,CE,Federal Contract Tower,0,4,8,0,12,0,18,29,0,47,0,22,37,0,59,6,0,6,65
01/05/2015,GLS,TX,ASW,CE,Federal Contract Tower,0,4,2,0,6,0,32,23,0,55,0,36,25,0,61,42,0,42,103
01/06/2015,GLS,TX,ASW,CE,Federal Contract Tower,0,2,11,2,15,0,25,34,0,59,0,27,45,2,74,28,2,30,104
01/07/2015,GLS,TX,ASW,CE,Federal Contract Tower,0,1,7,0,8,0,49,13,0,62,0,50,20,0,70,4,0,4,74
01/08/2015,GLS,TX,ASW,CE,Federal Contract Tower,0,0,7,0,7,0,23,24,2,49,0,23,31,2,56,20,0,20,76
01/09/2015,GLS,TX,ASW,CE,Federal Contract Tower,0,7,5,2,14,0,14,1,0,15,0,21,6,2,29,0,0,0,29
01/10/2015,GLS,TX,ASW,CE,Federal Contract Tower,0,2,5,0,7,0,16,19,0,35,0,18,24,0,42,8,0,8,50
01/11/2015,GLS,TX,ASW,CE,Federal Contract Tower,0,4,3,1,8,0,0,0,0,0,0,4,3,1,8,0,0,0,8
01/12/2015,GLS,TX,ASW,CE,Federal Contract Tower,0,23,1,3,27,0,1,0,0,1,0,24,1,3,28,0,0,0,28
01/13/2015,GLS,TX,ASW,CE,Federal Contract Tower,0,8,8,2,18,0,27,2,0,29,0,35,10,2,47,0,0,0,47
01/14/2015,GLS,TX,ASW,CE,Federal Contract Tower,0,7,9,4,20,0,27,3,0,30,0,34,12,4,50,0,4,4,54
01/15/2015,GLS,TX,ASW,CE,Federal Contract Tower,0,6,11,0,17,0,22,22,2,46,0,28,33,2,63,14,2,16,79
01/16/2015,GLS,TX,ASW,CE,Federal Contract Tower,0,4,7,0,11,0,37,48,0,85,0,41,55,0,96,50,0,50,146
01/17/2015,GLS,TX,ASW,CE,Federal Contract Tower,0,3,8,0,11,0,29,76,0,105,0,32,84,0,116,64,0,64,180
01/18/2015,GLS,TX,ASW,CE,Federal Contract Tower,0,1,11,1,13,0,22,70,1,93,0,23,81,2,106,92,2,94,200
01/19/2015,GLS,TX,ASW,CE,Federal Contract Tower,0,1,1,0,2,0,46,50,8,104,0,47,51,8,106,30,2,32,138
01/20/2015,GLS,TX,ASW,CE,Federal Contract Tower,0,7,12,5,24,0,24,20,2,46,0,31,32,7,70,6,0,6,76
01/21/2015,GLS,TX,ASW,CE,Federal Contract Tower,0,13,7,0,20,0,3,3,0,6,0,16,10,0,26,0,0,0,26
01/22/2015,GLS,TX,ASW,CE,Federal Contract Tower,0,9,8,1,18,0,10,0,0,10,0,19,8,1,28,0,0,0,28
01/23/2015,GLS,TX,ASW,CE,Federal Contract Tower,0,10,12,4,26,0,36,9,2,47,0,46,21,6,73,6,0,6,79
01/24/2015,GLS,TX,ASW,CE,Federal Contract Tower,0,5,10,6,21,0,25,64,0,89,0,30,74,6,110,60,0,60,170
01/25/2015,GLS,TX,ASW,CE,Federal Contract Tower,0,1,8,0,9,0,28,58,0,86,0,29,66,0,95,34,0,34,129
01/26/2015,GLS,TX,ASW,CE,Federal Contract Tower,0,2,9,0,11,0,47,11,1,59,0,49,20,1,70,10,0,10,80
01/27/2015,GLS,TX,ASW,CE,Federal Contract Tower,0,10,5,4,19,0,38,39,2,79,0,48,44,6,98,24,2,26,124
01/28/2015,GLS,TX,ASW,CE,Federal Contract Tower,0,7,7,0,14,0,36,36,0,72,0,43,43,0,86,22,0,22,108
01/29/2015,GLS,TX,ASW,CE,Federal Contract Tower,0,4,3,12,19,0,28,22,0,50,0,32,25,12,69,10,0,10,79
01/30/2015,GLS,TX,ASW,CE,Federal Contract Tower,0,5,3,6,14,0,47,43,0,90,0,52,46,6,104,50,0,50,154
01/31/2015,GLS,TX,ASW,CE,Federal Contract Tower,0,1,7,2,10,0,24,10,6,40,0,25,17,8,50,0,0,0,50
02/01/2015,GLS,TX,ASW,CE,Federal Contract Tower,0,1,4,0,5,0,11,18,0,29,0,12,22,0,34,24,0,24,58
02/02/2015,GLS,TX,ASW,CE,Federal Contract Tower,0,3,4,0,7,0,29,8,0,37,0,32,12,0,44,18,0,18,62
02/03/2015,GLS,TX,ASW,CE,Federal Contract Tower,0,11,9,8,28,0,18,4,2,24,0,29,13,10,52,0,0,0,52
02/04/2015,GLS,TX,ASW,CE,Federal Contract Tower,0,24,6,0,30,0,19,3,0,22,0,43,9,0,52,0,0,0,52
02/05/2015,GLS,TX,ASW,CE,Federal Contract Tower,0,15,10,2,27,0,10,10,0,20,0,25,20,2,47,0,0,0,47
02/06/2015,GLS,TX,ASW,CE,Federal Contract Tower,0,8,16,4,28,0,23,18,2,43,0,31,34,6,71,48,8,56,127
02/07/2015,GLS,TX,ASW,CE,Federal Contract Tower,0,5,12,4,21,0,16,59,2,77,0,21,71,6,98,28,0,28,126
02/08/2015,GLS,TX,ASW,CE,Federal Contract Tower,0,6,21,0,27,0,27,62,0,89,0,33,83,0,116,26,0,26,142
02/09/2015,GLS,TX,ASW,CE,Federal Contract Tower,0,11,9,0,20,0,22,21,0,43,0,33,30,0,63,2,0,2,65
02/10/2015,GLS,TX,ASW,CE,Federal Contract Tower,0,1,6,0,7,0,32,37,4,73,0,33,43,4,80,8,0,8,88
02/11/2015,GLS,TX,ASW,CE,Federal Contract Tower,0,0,5,2,7,0,37,21,0,58,0,37,26,2,65,26,2,28,93
02/12/2015,GLS,TX,ASW,CE,Federal Contract Tower,0,3,7,1,11,0,23,17,3,43,0,26,24,4,54,14,6,20,74
02/13/2015,GLS,TX,ASW,CE,Federal Contract Tower,0,1,11,2,14,0,27,48,0,75,0,28,59,2,89,66,0,66,155
02/14/2015,GLS,TX,ASW,CE,Federal Contract Tower,0,6,36,0,42,0,19,99,0,118,0,25,135,0,160,82,0,82,242
02/15/2015,GLS,TX,ASW,CE,Federal Contract Tower,0,3,22,2,27,0,16,32,2,50,0,19,54,4,77,16,0,16,93
02/16/2015,GLS,TX,ASW,CE,Federal Contract Tower,0,13,9,5,27,0,16,1,0,17,0,29,10,5,44,0,0,0,44
02/17/2015,GLS,TX,ASW,CE,Federal Contract Tower,0,1,6,0,7,0,24,12,4,40,0,25,18,4,47,12,30,42,89
02/18/2015,GLS,TX,ASW,CE,Federal Contract Tower,0,1,10,2,13,0,43,28,2,73,0,44,38,4,86,34,0,34,120
02/19/2015,GLS,TX,ASW,CE,Federal Contract Tower,0,0,13,0,13,0,31,29,6,66,0,31,42,6,79,30,0,30,109
02/20/2015,GLS,TX,ASW,CE,Federal Contract Tower,0,2,11,6,19,0,10,12,43,65,0,12,23,49,84,14,96,110,194
02/21/2015,GLS,TX,ASW,CE,Federal Contract Tower,0,3,6,0,9,0,13,8,3,24,0,16,14,3,33,10,8,18,51
02/22/2015,GLS,TX,ASW,CE,Federal Contract Tower,0,2,4,1,7,0,12,15,7,34,0,14,19,8,41,8,2,10,51
02/23/2015,GLS,TX,ASW,CE,Federal Contract Tower,0,10,1,4,15,0,4,0,0,4,0,14,1,4,19,2,0,2,21
02/24/2015,GLS,TX,ASW,CE,Federal Contract Tower,0,1,2,0,3,0,25,1,1,27,0,26,3,1,30,0,0,0,30
02/25/2015,GLS,TX,ASW,CE,Federal Contract Tower,0,12,4,0,16,0,7,5,0,12,0,19,9,0,28,0,0,0,28
02/26/2015,GLS,TX,ASW,CE,Federal Contract Tower,0,2,7,4,13,0,30,13,0,43,0,32,20,4,56,20,0,20,76
02/27/2015,GLS,TX,ASW,CE,Federal Contract Tower,0,0,3,0,3,0,28,8,11,47,0,28,11,11,50,8,22,30,80
02/28/2015,GLS,TX,ASW,CE,Federal Contract Tower,0,4,6,2,12,0,23,19,6,48,0,27,25,8,60,8,6,14,74
03/01/2015,GLS,TX,ASW,CE,Federal Contract Tower,0,1,4,0,5,0,0,0,0,0,0,1,4,0,5,0,0,0,5
03/02/2015,GLS,TX,ASW,CE,Federal Contract Tower,0,2,3,5,10,0,0,0,0,0,0,2,3,5,10,0,0,0,10
03/03/2015,GLS,TX,ASW,CE,Federal Contract Tower,0,17,7,2,26,0,5,4,0,9,0,22,11,2,35,4,0,4,39
03/04/2015,GLS,TX,ASW,CE,Federal Contract Tower,0,13,4,2,19,0,14,0,0,14,0,27,4,2,33,0,0,0,33
03/05/2015,GLS,TX,ASW,CE,Federal Contract Tower,0,0,1,0,1,0,12,1,0,13,0,12,2,0,14,0,0,0,14
03/06/2015,GLS,TX,ASW,CE,Federal Contract Tower,0,0,3,0,3,0,32,21,0,53,0,32,24,0,56,20,0,20,76
03/07/2015,GLS,TX,ASW,CE,Federal Contract Tower,0,0,9,0,9,0,23,42,4,69,0,23,51,4,78,44,0,44,122
03/08/2015,GLS,TX,ASW,CE,Federal Contract Tower,0,5,3,0,8,0,16,1,0,17,0,21,4,0,25,0,0,0,25
03/09/2015,GLS,TX,ASW,CE,Federal Contract Tower,0,9,0,0,9,0,0,0,0,0,0,9,0,0,9,0,0,0,9
03/10/2015,GLS,TX,ASW,CE,Federal Contract Tower,0,16,18,2,36,0,9,0,0,9,0,25,18,2,45,0,0,0,45
03/11/2015,GLS,TX,ASW,CE,Federal Contract Tower,0,19,14,0,33,0,3,0,0,3,0,22,14,0,36,0,0,0,36
03/12/2015,GLS,TX,ASW,CE,Federal Contract Tower,0,14,3,0,17,0,0,0,4,4,0,14,3,4,21,0,0,0,21
03/13/2015,GLS,TX,ASW,CE,Federal Contract Tower,0,17,10,14,41,0,6,0,0,6,0,23,10,14,47,0,0,0,47
03/14/2015,GLS,TX,ASW,CE,Federal Contract Tower,0,1,21,0,22,0,15,33,0,48,0,16,54,0,70,46,0,46,116
03/15/2015,GLS,TX,ASW,CE,Federal Contract Tower,0,2,30,0,32,0,24,49,2,75,0,26,79,2,107,56,0,56,163
03/16/2015,GLS,TX,ASW,CE,Federal Contract Tower,0,9,9,2,20,0,20,19,0,39,0,29,28,2,59,2,0,2,61
03/17/2015,GLS,TX,ASW,CE,Federal Contract Tower,0,12,10,0,22,0,9,0,0,9,0,21,10,0,31,0,0,0,31
03/18/2015,GLS,TX,ASW,CE,Federal Contract Tower,0,13,6,0,19,0,9,4,0,13,0,22,10,0,32,6,0,6,38
03/19/2015,GLS,TX,ASW,CE,Federal Contract Tower,0,12,11,0,23,0,0,0,0,0,0,12,11,0,23,0,0,0,23
03/20/2015,GLS,TX,ASW,CE,Federal Contract Tower,0,6,10,2,18,0,11,13,0,24,0,17,23,2,42,10,0,10,52
03/21/2015,GLS,TX,ASW,CE,Federal Contract Tower,0,3,3,0,6,0,2,5,0,7,0,5,8,0,13,0,0,0,13
03/22/2015,GLS,TX,ASW,CE,Federal Contract Tower,0,8,19,0,27,0,18,33,2,53,0,26,52,2,80,44,0,44,124
03/23/2015,GLS,TX,ASW,CE,Federal Contract Tower,0,3,18,0,21,0,33,69,4,106,0,36,87,4,127,56,0,56,183
03/24/2015,GLS,TX,ASW,CE,Federal Contract Tower,0,6,18,0,24,0,23,37,7,67,0,29,55,7,91,32,2,34,125
03/25/2015,GLS,TX,ASW,CE,Federal Contract Tower,0,2,18,2,22,0,43,52,7,102,0,45,70,9,124,54,4,58,182
03/26/2015,GLS,TX,ASW,CE,Federal Contract Tower,0,3,5,0,8,0,15,10,0,25,0,18,15,0,33,0,0,0,33
03/27/2015,GLS,TX,ASW,CE,Federal Contract Tower,0,1,6,2,9,0,40,36,0,76,0,41,42,2,85,48,0,48,133
03/28/2015,GLS,TX,ASW,CE,Federal Contract Tower,0,0,4,0,4,0,16,97,1,114,0,16,101,1,118,78,2,80,198
03/29/2015,GLS,TX,ASW,CE,Federal Contract Tower,0,1,24,0,25,0,14,58,1,73,0,15,82,1,98,58,0,58,156
03/30/2015,GLS,TX,ASW,CE,Federal Contract Tower,0,2,7,0,9,0,35,13,1,49,0,37,20,1,58,28,0,28,86
03/31/2015,GLS,TX,ASW,CE,Federal Contract Tower,0,6,17,8,31,0,35,30,5,70,0,41,47,13,101,38,0,38,139
04/01/2015,GLS,TX,ASW,CE,Federal Contract Tower,0,7,7,0,14,0,40,3,0,43,0,47,10,0,57,0,0,0,57
04/02/2015,GLS,TX,ASW,CE,Federal Contract Tower,0,2,27,2,31,0,24,11,2,37,0,26,38,4,68,10,8,18,86
04/03/2015,GLS,TX,ASW,CE,Federal Contract Tower,0,5,27,0,32,0,28,46,0,74,0,33,73,0,106,50,0,50,156
04/04/2015,GLS,TX,ASW,CE,Federal Contract Tower,0,3,12,0,15,0,11,50,0,61,0,14,62,0,76,66,0,66,142
04/05/2015,GLS,TX,ASW,CE,Federal Contract Tower,0,2,8,3,13,0,4,3,2,9,0,6,11,5,22,0,0,0,22
04/06/2015,GLS,TX,ASW,CE,Federal Contract Tower,0,8,11,0,19,0,37,21,0,58,0,45,32,0,77,0,0,0,77
04/07/2015,GLS,TX,ASW,CE,Federal Contract Tower,0,13,20,2,35,0,11,12,4,27,0,24,32,6,62,18,6,24,86
04/08/2015,GLS,TX,ASW,CE,Federal Contract Tower,0,9,31,2,42,0,12,24,0,36,0,21,55,2,78,6,0,6,84
04/09/2015,GLS,TX,ASW,CE,Federal Contract Tower,0,9,12,3,24,0,11,11,1,23,0,20,23,4,47,0,0,0,47
04/10/2015,GLS,TX,ASW,CE,Federal Contract Tower,0,10,12,0,22,0,1,0,0,1,0,11,12,0,23,0,0,0,23
04/11/2015,GLS,TX,ASW,CE,Federal Contract Tower,0,16,11,0,27,0,0,0,0,0,0,16,11,0,27,20,0,20,47
04/12/2015,GLS,TX,ASW,CE,Federal Contract Tower,0,6,2,0,8,0,5,0,0,5,0,11,2,0,13,0,0,0,13
04/13/2015,GLS,TX,ASW,CE,Federal Contract Tower,0,8,7,0,15,0,43,16,0,59,0,51,23,0,74,44,0,44,118
04/14/2015,GLS,TX,ASW,CE,Federal Contract Tower,0,3,9,0,12,0,10,0,0,10,0,13,9,0,22,0,0,0,22
04/15/2015,GLS,TX,ASW,CE,Federal Contract Tower,0,11,7,0,18,0,36,18,3,57,0,47,25,3,75,18,0,18,93
04/16/2015,GLS,TX,ASW,CE,Federal Contract Tower,0,10,8,0,18,0,20,8,0,28,0,30,16,0,46,12,0,12,58
04/17/2015,GLS,TX,ASW,CE,Federal Contract Tower,0,7,25,4,36,0,29,36,0,65,0,36,61,4,101,26,0,26,127
04/18/2015,GLS,TX,ASW,CE,Federal Contract Tower,0,7,12,0,19,0,0,3,0,3,0,7,15,0,22,6,0,6,28
04/19/2015,GLS,TX,ASW,CE,Federal Contract Tower,0,0,10,0,10,0,15,53,0,68,0,15,63,0,78,26,0,26,104
04/20/2015,GLS,TX,ASW,CE,Federal Contract Tower,0,6,15,0,21,0,38,24,4,66,0,44,39,4,87,4,0,4,91
04/21/2015,GLS,TX,ASW,CE,Federal Contract Tower,0,4,12,0,16,0,30,19,6,55,0,34,31,6,71,22,0,22,93
04/22/2015,GLS,TX,ASW,CE,Federal Contract Tower,0,6,6,2,14,0,22,14,1,37,0,28,20,3,51,20,0,20,71
04/23/2015,GLS,TX,ASW,CE,Federal Contract Tower,0,12,12,1,25,0,14,12,2,28,0,26,24,3,53,0,0,0,53
04/24/2015,GLS,TX,ASW,CE,Federal Contract Tower,0,17,27,0,44,0,7,8,0,15,0,24,35,0,59,10,0,10,69
04/25/2015,GLS,TX,ASW,CE,Federal Contract Tower,0,9,5,0,14,0,16,19,0,35,0,25,24,0,49,18,0,18,67
04/26/2015,GLS,TX,ASW,CE,Federal Contract Tower,0,10,20,0,30,0,3,11,8,22,0,13,31,8,52,8,8,16,68
04/27/2015,GLS,TX,ASW,CE,Federal Contract Tower,0,14,4,0,18,0,8,14,0,22,0,22,18,0,40,10,0,10,50
04/28/2015,GLS,TX,ASW,CE,Federal Contract Tower,0,8,9,0,17,0,15,8,0,23,0,23,17,0,40,0,0,0,40
04/29/2015,GLS,TX,ASW,CE,Federal Contract Tower,0,4,14,4,22,0,53,41,0,94,0,57,55,4,116,26,0,26,142
04/30/2015,GLS,TX,ASW,CE,Federal Contract Tower,0,1,12,4,17,0,28,49,2,79,0,29,61,6,96,42,0,42,138
05/01/2015,GLS,TX,ASW,CE,Federal Contract Tower,0,16,4,0,20,0,28,45,0,73,0,44,49,0,93,41,0,41,134
05/02/2015,GLS,TX,ASW,CE,Federal Contract Tower,0,3,7,5,15,0,24,98,9,131,0,27,105,14,146,30,8,38,184
05/03/2015,GLS,TX,ASW,CE,Federal Contract Tower,0,8,21,0,29,0,6,73,0,79,0,14,94,0,108,52,0,52,160
05/04/2015,GLS,TX,ASW,CE,Federal Contract Tower,0,0,17,0,17,0,46,40,1,87,0,46,57,1,104,32,0,32,136
05/05/2015,GLS,TX,ASW,CE,Federal Contract Tower,0,3,4,0,7,0,26,18,2,46,0,29,22,2,53,4,0,4,57
05/06/2015,GLS,TX,ASW,CE,Federal Contract Tower,0,4,19,2,25,0,33,10,6,49,0,37,29,8,74,4,45,49,123
05/07/2015,GLS,TX,ASW,CE,Federal Contract Tower,0,12,13,4,29,0,2,0,0,2,0,14,13,4,31,0,0,0,31
05/08/2015,GLS,TX,ASW,CE,Federal Contract Tower,0,17,21,4,42,0,15,8,0,23,0,32,29,4,65,0,0,0,65
05/09/2015,GLS,TX,ASW,CE,Federal Contract Tower,0,11,25,0,36,0,15,28,0,43,0,26,53,0,79,26,0,26,105
05/10/2015,GLS,TX,ASW,CE,Federal Contract Tower,0,5,22,0,27,0,2,7,6,15,0,7,29,6,42,0,0,0,42
05/11/2015,GLS,TX,ASW,CE,Federal Contract Tower,0,11,5,0,16,0,23,8,4,35,0,34,13,4,51,2,0,2,53
05/12/2015,GLS,TX,ASW,CE,Federal Contract Tower,0,8,7,0,15,0,4,0,2,6,0,12,7,2,21,2,2,4,25
05/13/2015,GLS,TX,ASW,CE,Federal Contract Tower,0,10,9,4,23,0,23,1,0,24,0,33,10,4,47,0,0,0,47
05/14/2015,GLS,TX,ASW,CE,Federal Contract Tower,0,11,12,2,25,0,14,19,5,38,0,25,31,7,63,2,0,2,65
05/15/2015,GLS,TX,ASW,CE,Federal Contract Tower,0,6,10,2,18,0,19,3,0,22,0,25,13,2,40,4,0,4,44
05/16/2015,GLS,TX,ASW,CE,Federal Contract Tower,0,7,20,0,27,0,13,55,0,68,0,20,75,0,95,34,0,34,129
05/17/2015,GLS,TX,ASW,CE,Federal Contract Tower,0,5,10,0,15,0,27,9,0,36,0,32,19,0,51,0,0,0,51
05/18/2015,GLS,TX,ASW,CE,Federal Contract Tower,0,8,5,0,13,0,19,33,0,52,0,27,38,0,65,4,0,4,69
05/19/2015,GLS,TX,ASW,CE,Federal Contract Tower,0,10,8,3,21,0,19,50,11,80,0,29,58,14,101,24,0,24,125
05/20/2015,GLS,TX,ASW,CE,Federal Contract Tower,0,9,14,0,23,0,37,22,0,59,0,46,36,0,82,16,0,16,98
05/21/2015,GLS,TX,ASW,CE,Federal Contract Tower,0,6,9,0,15,0,23,24,0,47,0,29,33,0,62,0,0,0,62
05/22/2015,GLS,TX,ASW,CE,Federal Contract Tower,0,16,24,3,43,0,12,14,0,26,0,28,38,3,69,16,0,16,85
05/23/2015,GLS,TX,ASW,CE,Federal Contract Tower,0,2,14,0,16,0,15,45,3,63,0,17,59,3,79,44,0,44,123
05/24/2015,GLS,TX,ASW,CE,Federal Contract Tower,0,4,12,0,16,0,9,7,0,16,0,13,19,0,32,14,0,14,46
05/25/2015,GLS,TX,ASW,CE,Federal Contract Tower,0,7,28,2,37,0,24,24,0,48,0,31,52,2,85,58,0,58,143
05/26/2015,GLS,TX,ASW,CE,Federal Contract Tower,0,11,15,13,39,0,12,10,0,22,0,23,25,13,61,6,0,6,67
05/27/2015,GLS,TX,ASW,CE,Federal Contract Tower,0,11,4,0,15,0,41,15,0,56,0,52,19,0,71,16,0,16,87
05/28/2015,GLS,TX,ASW,CE,Federal Contract Tower,0,6,22,15,43,0,21,18,2,41,0,27,40,17,84,10,2,12,96
05/29/2015,GLS,TX,ASW,CE,Federal Contract Tower,0,6,17,4,27,0,14,37,1,52,0,20,54,5,79,46,0,46,125
05/30/2015,GLS,TX,ASW,CE,Federal Contract Tower,0,2,11,0,13,0,23,50,0,73,0,25,61,0,86,88,0,88,174
05/31/2015,GLS,TX,ASW,CE,Federal Contract Tower,0,2,8,0,10,0,17,36,0,53,0,19,44,0,63,18,0,18,81
06/01/2015,GLS,TX,ASW,CE,Federal Contract Tower,0,3,5,2,10,0,41,43,2,86,0,44,48,4,96,18,0,18,114
06/02/2015,GLS,TX,ASW,CE,Federal Contract Tower,0,0,16,2,18,0,21,34,2,57,0,21,50,4,75,6,0,6,81
06/03/2015,GLS,TX,ASW,CE,Federal Contract Tower,0,1,16,2,19,0,39,47,0,86,0,40,63,2,105,28,0,28,133
06/04/2015,GLS,TX,ASW,CE,Federal Contract Tower,0,0,30,3,33,0,28,26,3,57,0,28,56,6,90,20,0,20,110
06/05/2015,GLS,TX,ASW,CE,Federal Contract Tower,0,13,0,0,13,0,33,56,2,91,0,46,56,2,104,18,0,18,122
06/06/2015,GLS,TX,ASW,CE,Federal Contract Tower,0,0,21,0,21,0,12,71,0,83,0,12,92,0,104,18,0,18,122
06/07/2015,GLS,TX,ASW,CE,Federal Contract Tower,0,1,15,2,18,0,26,78,2,106,0,27,93,4,124,20,0,20,144
06/08/2015,GLS,TX,ASW,CE,Federal Contract Tower,0,8,26,0,34,0,28,20,0,48,0,36,46,0,82,10,0,10,92
06/09/2015,GLS,TX,ASW,CE,Federal Contract Tower,0,0,10,0,10,0,43,32,2,77,0,43,42,2,87,22,14,36,123
06/10/2015,GLS,TX,ASW,CE,Federal Contract Tower,0,2,7,6,15,0,39,28,0,67,0,41,35,6,82,20,0,20,102
06/11/2015,GLS,TX,ASW,CE,Federal Contract Tower,0,1,3,2,6,0,22,22,0,44,0,23,25,2,50,10,0,10,60
06/12/2015,GLS,TX,ASW,CE,Federal Contract Tower,0,7,16,4,27,0,31,37,0,68,0,38,53,4,95,58,0,58,153
06/13/2015,GLS,TX,ASW,CE,Federal Contract Tower,0,5,7,0,12,0,7,4,0,11,0,12,11,0,23,0,0,0,23
06/14/2015,GLS,TX,ASW,CE,Federal Contract Tower,0,6,7,0,13,0,46,30,4,80,0,52,37,4,93,20,0,20,113
06/15/2015,GLS,TX,ASW,CE,Federal Contract Tower,0,10,3,0,13,0,28,16,2,46,0,38,19,2,59,8,0,8,67
06/16/2015,GLS,TX,ASW,CE,Federal Contract Tower,0,0,0,0,0,0,0,0,0,0,0,0,0,0,0,0,0,0,0
06/17/2015,GLS,TX,ASW,CE,Federal Contract Tower,0,2,3,1,6,0,10,1,0,11,0,12,4,1,17,0,0,0,17
06/18/2015,GLS,TX,ASW,CE,Federal Contract Tower,0,19,9,6,34,0,27,19,2,48,0,46,28,8,82,6,0,6,88
06/19/2015,GLS,TX,ASW,CE,Federal Contract Tower,0,9,13,2,24,0,14,24,0,38,0,23,37,2,62,18,0,18,80
06/20/2015,GLS,TX,ASW,CE,Federal Contract Tower,0,2,13,0,15,0,13,85,0,98,0,15,98,0,113,89,0,89,202
06/21/2015,GLS,TX,ASW,CE,Federal Contract Tower,0,3,18,0,21,0,9,34,0,43,0,12,52,0,64,20,0,20,84
06/22/2015,GLS,TX,ASW,CE,Federal Contract Tower,0,9,22,0,31,0,31,31,2,64,0,40,53,2,95,48,0,48,143
06/23/2015,GLS,TX,ASW,CE,Federal Contract Tower,0,7,21,2,30,0,30,31,2,63,0,37,52,4,93,24,12,36,129
06/24/2015,GLS,TX,ASW,CE,Federal Contract Tower,0,5,10,0,15,0,41,20,0,61,0,46,30,0,76,6,0,6,82
06/25/2015,GLS,TX,ASW,CE,Federal Contract Tower,0,3,24,0,27,0,20,23,0,43,0,23,47,0,70,12,0,12,82
06/26/2015,GLS,TX,ASW,CE,Federal Contract Tower,0,7,7,0,14,0,38,34,3,75,0,45,41,3,89,46,14,60,149
06/27/2015,GLS,TX,ASW,CE,Federal Contract Tower,0,2,20,0,22,0,23,66,2,91,0,25,86,2,113,69,0,69,182
06/28/2015,GLS,TX,ASW,CE,Federal Contract Tower,0,2,11,0,13,0,22,26,0,48,0,24,37,0,61,0,0,0,61
06/29/2015,GLS,TX,ASW,CE,Federal Contract Tower,0,6,7,0,13,0,34,26,2,62,0,40,33,2,75,18,0,18,93
06/30/2015,GLS,TX,ASW,CE,Federal Contract Tower,0,4,12,0,16,0,21,12,0,33,0,25,24,0,49,8,0,8,57
07/01/2015,GLS,TX,ASW,CE,Federal Contract Tower,0,8,5,0,13,0,35,8,0,43,0,43,13,0,56,0,6,6,62
07/02/2015,GLS,TX,ASW,CE,Federal Contract Tower,0,0,22,0,22,0,25,31,2,58,0,25,53,2,80,12,4,16,96
07/03/2015,GLS,TX,ASW,CE,Federal Contract Tower,0,3,14,0,17,0,28,55,2,85,0,31,69,2,102,64,0,64,166
07/04/2015,GLS,TX,ASW,CE,Federal Contract Tower,0,2,10,0,12,0,20,44,4,68,0,22,54,4,80,56,0,56,136
07/05/2015,GLS,TX,ASW,CE,Federal Contract Tower,0,1,14,0,15,0,15,83,4,102,0,16,97,4,117,58,0,58,175
07/06/2015,GLS,TX,ASW,CE,Federal Contract Tower,0,2,8,0,10,0,35,26,2,63,0,37,34,2,73,12,0,12,85
07/07/2015,GLS,TX,ASW,CE,Federal Contract Tower,0,5,3,4,12,0,41,18,4,63,0,46,21,8,75,6,66,72,147
07/08/2015,GLS,TX,ASW,CE,Federal Contract Tower,0,3,14,6,23,0,48,24,0,72,0,51,38,6,95,16,0,16,111
07/09/2015,GLS,TX,ASW,CE,Federal Contract Tower,0,1,7,0,8,0,36,23,0,59,0,37,30,0,67,18,0,18,85
07/10/2015,GLS,TX,ASW,CE,Federal Contract Tower,0,6,0,2,8,0,30,52,0,82,0,36,52,2,90,60,0,60,150
07/11/2015,GLS,TX,ASW,CE,Federal Contract Tower,0,3,16,0,19,0,28,101,0,129,0,31,117,0,148,108,0,108,256
07/12/2015,GLS,TX,ASW,CE,Federal Contract Tower,0,0,14,0,14,0,7,74,0,81,0,7,88,0,95,58,0,58,153
07/13/2015,GLS,TX,ASW,CE,Federal Contract Tower,0,8,6,0,14,0,25,9,2,36,0,33,15,2,50,8,0,8,58
07/14/2015,GLS,TX,ASW,CE,Federal Contract Tower,0,5,9,2,16,0,29,12,0,41,0,34,21,2,57,12,0,12,69
07/15/2015,GLS,TX,ASW,CE,Federal Contract Tower,0,9,24,0,33,0,43,39,8,90,0,52,63,8,123,32,0,32,155
07/16/2015,GLS,TX,ASW,CE,Federal Contract Tower,0,3,14,4,21,0,19,38,10,67,0,22,52,14,88,10,0,10,98
07/17/2015,GLS,TX,ASW,CE,Federal Contract Tower,0,7,16,2,25,0,32,31,0,63,0,39,47,2,88,24,2,26,114
07/18/2015,GLS,TX,ASW,CE,Federal Contract Tower,0,5,11,0,16,0,25,97,0,122,0,30,108,0,138,65,0,65,203
07/19/2015,GLS,TX,ASW,CE,Federal Contract Tower,0,2,8,0,10,0,4,49,0,53,0,6,57,0,63,42,0,42,105
07/20/2015,GLS,TX,ASW,CE,Federal Contract Tower,0,4,10,1,15,0,34,28,2,64,0,38,38,3,79,14,0,14,93
07/21/2015,GLS,TX,ASW,CE,Federal Contract Tower,0,5,2,4,11,0,37,9,0,46,0,42,11,4,57,2,0,2,59
07/22/2015,GLS,TX,ASW,CE,Federal Contract Tower,0,2,11,2,15,0,52,21,2,75,0,54,32,4,90,28,8,36,126
07/23/2015,GLS,TX,ASW,CE,Federal Contract Tower,0,3,14,6,23,0,26,18,0,44,0,29,32,6,67,6,0,6,73
07/24/2015,GLS,TX,ASW,CE,Federal Contract Tower,0,2,14,6,22,0,23,54,0,77,0,25,68,6,99,62,0,62,161
07/25/2015,GLS,TX,ASW,CE,Federal Contract Tower,0,5,9,0,14,0,23,111,6,140,0,28,120,6,154,80,0,80,234
07/26/2015,GLS,TX,ASW,CE,Federal Contract Tower,0,7,5,0,12,0,8,76,0,84,0,15,81,0,96,40,2,42,138
07/27/2015,GLS,TX,ASW,CE,Federal Contract Tower,0,1,13,0,14,0,32,11,0,43,0,33,24,0,57,10,0,10,67
07/28/2015,GLS,TX,ASW,CE,Federal Contract Tower,0,4,5,0,9,0,24,23,2,49,0,28,28,2,58,14,0,14,72
07/29/2015,GLS,TX,ASW,CE,Federal Contract Tower,0,7,8,2,17,0,47,32,0,79,0,54,40,2,96,8,0,8,104
07/30/2015,GLS,TX,ASW,CE,Federal Contract Tower,0,4,20,4,28,0,36,52,4,92,0,40,72,8,120,16,0,16,136
07/31/2015,GLS,TX,ASW,CE,Federal Contract Tower,0,2,6,0,8,0,37,34,0,71,0,39,40,0,79,20,0,20,99
08/01/2015,GLS,TX,ASW,CE,Federal Contract Tower,0,4,12,0,16,0,16,89,0,105,0,20,101,0,121,100,0,100,221
08/02/2015,GLS,TX,ASW,CE,Federal Contract Tower,0,0,8,0,8,0,24,102,0,126,0,24,110,0,134,82,0,82,216
08/03/2015,GLS,TX,ASW,CE,Federal Contract Tower,0,4,5,0,9,0,37,16,0,53,0,41,21,0,62,14,0,14,76
08/04/2015,GLS,TX,ASW,CE,Federal Contract Tower,0,5,6,0,11,0,29,25,0,54,0,34,31,0,65,10,0,10,75
08/05/2015,GLS,TX,ASW,CE,Federal Contract Tower,0,4,15,0,19,0,66,28,0,94,0,70,43,0,113,24,0,24,137
08/06/2015,GLS,TX,ASW,CE,Federal Contract Tower,0,2,4,3,9,0,22,40,1,63,0,24,44,4,72,34,0,34,106
08/07/2015,GLS,TX,ASW,CE,Federal Contract Tower,0,7,17,0,24,0,25,29,0,54,0,32,46,0,78,16,0,16,94
08/08/2015,GLS,TX,ASW,CE,Federal Contract Tower,0,7,14,0,21,0,33,94,0,127,0,40,108,0,148,70,0,70,218
08/10/2015,GLS,TX,ASW,CE,Federal Contract Tower,0,8,12,0,20,0,28,24,0,52,0,36,36,0,72,14,0,14,86
08/11/2015,GLS,TX,ASW,CE,Federal Contract Tower,0,5,7,0,12,0,22,15,0,37,0,27,22,0,49,4,0,4,53
08/12/2015,GLS,TX,ASW,CE,Federal Contract Tower,0,11,4,0,15,0,31,29,0,60,0,42,33,0,75,8,0,8,83
08/13/2015,GLS,TX,ASW,CE,Federal Contract Tower,0,4,10,4,18,0,16,36,0,52,0,20,46,4,70,24,0,24,94
08/14/2015,GLS,TX,ASW,CE,Federal Contract Tower,0,2,16,0,18,0,36,31,0,67,0,38,47,0,85,16,0,16,101
08/15/2015,GLS,TX,ASW,CE,Federal Contract Tower,0,2,3,0,5,0,8,124,0,132,0,10,127,0,137,18,0,18,155
08/16/2015,GLS,TX,ASW,CE,Federal Contract Tower,0,4,6,1,11,0,19,34,0,53,0,23,40,1,64,12,0,12,76
08/17/2015,GLS,TX,ASW,CE,Federal Contract Tower,0,5,16,2,23,0,21,14,0,35,0,26,30,2,58,42,0,42,100
08/18/2015,GLS,TX,ASW,CE,Federal Contract Tower,0,1,14,0,15,0,19,12,0,31,0,20,26,0,46,4,0,4,50
08/19/2015,GLS,TX,ASW,CE,Federal Contract Tower,0,4,1,2,7,0,37,10,0,47,0,41,11,2,54,0,0,0,54
08/20/2015,GLS,TX,ASW,CE,Federal Contract Tower,0,0,1,0,1,0,6,0,0,6,0,6,1,0,7,0,0,0,7
08/21/2015,GLS,TX,ASW,CE,Federal Contract Tower,0,2,10,0,12,0,32,17,0,49,0,34,27,0,61,14,0,14,75
08/22/2015,GLS,TX,ASW,CE,Federal Contract Tower,0,3,7,0,10,0,20,31,0,51,0,23,38,0,61,18,0,18,79
08/23/2015,GLS,TX,ASW,CE,Federal Contract Tower,0,1,21,4,26,0,28,47,0,75,0,29,68,4,101,38,0,38,139
08/24/2015,GLS,TX,ASW,CE,Federal Contract Tower,0,2,5,8,15,0,68,29,0,97,0,70,34,8,112,28,0,28,140
08/25/2015,GLS,TX,ASW,CE,Federal Contract Tower,0,4,2,0,6,0,32,16,0,48,0,36,18,0,54,4,0,4,58
08/26/2015,GLS,TX,ASW,CE,Federal Contract Tower,0,1,12,1,14,0,75,24,3,102,0,76,36,4,116,30,0,30,146
08/27/2015,GLS,TX,ASW,CE,Federal Contract Tower,0,0,12,3,15,0,35,37,2,74,0,35,49,5,89,46,2,48,137
08/28/2015,GLS,TX,ASW,CE,Federal Contract Tower,0,2,12,2,16,0,70,40,2,112,0,72,52,4,128,40,0,40,168
08/29/2015,GLS,TX,ASW,CE,Federal Contract Tower,0,0,18,2,20,0,39,95,0,134,0,39,113,2,154,112,0,112,266
08/30/2015,GLS,TX,ASW,CE,Federal Contract Tower,0,0,15,0,15,0,21,75,0,96,0,21,90,0,111,80,0,80,191
08/31/2015,GLS,TX,ASW,CE,Federal Contract Tower,0,2,6,2,10,0,25,15,0,40,0,27,21,2,50,20,0,20,70
09/01/2015,GLS,TX,ASW,CE,Federal Contract Tower,0,1,3,0,4,0,6,0,0,6,0,7,3,0,10,0,0,0,10
09/02/2015,GLS,TX,ASW,CE,Federal Contract Tower,0,6,10,0,16,0,27,8,0,35,0,33,18,0,51,22,0,22,73
09/03/2015,GLS,TX,ASW,CE,Federal Contract Tower,0,8,10,1,19,0,27,30,2,59,0,35,40,3,78,36,0,36,114
09/04/2015,GLS,TX,ASW,CE,Federal Contract Tower,0,6,18,0,24,0,30,26,1,57,0,36,44,1,81,16,0,16,97
09/05/2015,GLS,TX,ASW,CE,Federal Contract Tower,0,0,7,0,7,0,13,38,0,51,0,13,45,0,58,36,0,36,94
09/06/2015,GLS,TX,ASW,CE,Federal Contract Tower,0,0,5,0,5,0,26,88,0,114,0,26,93,0,119,66,0,66,185
09/07/2015,GLS,TX,ASW,CE,Federal Contract Tower,0,13,15,0,28,0,28,37,0,65,0,41,52,0,93,34,0,34,127
09/08/2015,GLS,TX,ASW,CE,Federal Contract Tower,0,4,6,0,10,0,29,22,0,51,0,33,28,0,61,0,0,0,61
09/09/2015,GLS,TX,ASW,CE,Federal Contract Tower,0,8,19,0,27,0,26,9,0,35,0,34,28,0,62,2,0,2,64
09/10/2015,GLS,TX,ASW,CE,Federal Contract Tower,0,7,3,0,10,0,9,7,0,16,0,16,10,0,26,0,0,0,26
09/11/2015,GLS,TX,ASW,CE,Federal Contract Tower,0,0,3,0,3,0,0,0,0,0,0,0,3,0,3,0,0,0,3
09/12/2015,GLS,TX,ASW,CE,Federal Contract Tower,0,5,2,0,7,0,16,72,2,90,0,21,74,2,97,26,0,26,123
09/13/2015,GLS,TX,ASW,CE,Federal Contract Tower,0,1,13,0,14,0,26,53,0,79,0,27,66,0,93,26,0,26,119
09/14/2015,GLS,TX,ASW,CE,Federal Contract Tower,0,5,0,0,5,0,32,15,0,47,0,37,15,0,52,12,0,12,64
09/15/2015,GLS,TX,ASW,CE,Federal Contract Tower,0,4,5,4,13,0,28,4,7,39,0,32,9,11,52,2,2,4,56
09/16/2015,GLS,TX,ASW,CE,Federal Contract Tower,0,8,10,0,18,0,44,35,0,79,0,52,45,0,97,21,0,21,118
09/17/2015,GLS,TX,ASW,CE,Federal Contract Tower,0,5,19,4,28,0,21,26,0,47,0,26,45,4,75,2,0,2,77
09/18/2015,GLS,TX,ASW,CE,Federal Contract Tower,0,0,15,10,25,0,24,20,0,44,0,24,35,10,69,18,0,18,87
09/19/2015,GLS,TX,ASW,CE,Federal Contract Tower,0,0,8,0,8,0,32,92,0,124,0,32,100,0,132,70,0,70,202
09/20/2015,GLS,TX,ASW,CE,Federal Contract Tower,0,3,12,6,21,0,19,86,2,107,0,22,98,8,128,46,0,46,174
09/21/2015,GLS,TX,ASW,CE,Federal Contract Tower,0,5,9,4,18,0,41,19,0,60,0,46,28,4,78,6,0,6,84
09/22/2015,GLS,TX,ASW,CE,Federal Contract Tower,0,3,9,12,24,0,30,16,8,54,0,33,25,20,78,12,0,12,90
09/23/2015,GLS,TX,ASW,CE,Federal Contract Tower,0,3,17,0,20,0,50,46,0,96,0,53,63,0,116,22,0,22,138
09/24/2015,GLS,TX,ASW,CE,Federal Contract Tower,0,1,5,0,6,0,26,37,0,63,0,27,42,0,69,0,0,0,69
09/25/2015,GLS,TX,ASW,CE,Federal Contract Tower,0,5,6,4,15,0,30,52,0,82,0,35,58,4,97,34,0,34,131
09/26/2015,GLS,TX,ASW,CE,Federal Contract Tower,0,3,14,0,17,0,25,75,0,100,0,28,89,0,117,56,0,56,173
09/27/2015,GLS,TX,ASW,CE,Federal Contract Tower,0,3,7,0,10,0,10,12,0,22,0,13,19,0,32,4,0,4,36
09/28/2015,GLS,TX,ASW,CE,Federal Contract Tower,0,10,3,4,17,0,18,1,0,19,0,28,4,4,36,0,0,0,36
09/29/2015,GLS,TX,ASW,CE,Federal Contract Tower,0,15,6,0,21,0,17,14,0,31,0,32,20,0,52,10,0,10,62
09/30/2015,GLS,TX,ASW,CE,Federal Contract Tower,0,2,22,2,26,0,50,27,0,77,0,52,49,2,103,18,0,18,121
10/01/2015,GLS,TX,ASW,CE,Federal Contract Tower,0,1,3,2,6,0,30,29,3,62,0,31,32,5,68,16,0,16,84
10/02/2015,GLS,TX,ASW,CE,Federal Contract Tower,0,1,16,5,22,0,28,40,7,75,0,29,56,12,97,26,0,26,123
10/03/2015,GLS,TX,ASW,CE,Federal Contract Tower,0,0,9,0,9,0,17,60,0,77,0,17,69,0,86,46,0,46,132
10/04/2015,GLS,TX,ASW,CE,Federal Contract Tower,0,1,6,0,7,0,13,54,0,67,0,14,60,0,74,12,0,12,86
10/05/2015,GLS,TX,ASW,CE,Federal Contract Tower,0,9,5,0,14,0,23,9,0,32,0,32,14,0,46,8,0,8,54
10/06/2015,GLS,TX,ASW,CE,Federal Contract Tower,0,8,8,4,20,0,21,19,2,42,0,29,27,6,62,12,22,34,96
10/07/2015,GLS,TX,ASW,CE,Federal Contract Tower,0,2,5,0,7,0,32,39,0,71,0,34,44,0,78,50,0,50,128
10/08/2015,GLS,TX,ASW,CE,Federal Contract Tower,0,6,16,1,23,0,20,25,3,48,0,26,41,4,71,28,0,28,99
10/09/2015,GLS,TX,ASW,CE,Federal Contract Tower,0,11,9,2,22,0,29,26,0,55,0,40,35,2,77,8,0,8,85
10/10/2015,GLS,TX,ASW,CE,Federal Contract Tower,0,1,6,2,9,0,21,124,0,145,0,22,130,2,154,34,0,34,188
10/11/2015,GLS,TX,ASW,CE,Federal Contract Tower,0,2,18,0,20,0,9,88,0,97,0,11,106,0,117,82,0,82,199
10/12/2015,GLS,TX,ASW,CE,Federal Contract Tower,0,7,7,0,14,0,24,36,0,60,0,31,43,0,74,28,0,28,102
10/13/2015,GLS,TX,ASW,CE,Federal Contract Tower,0,10,12,0,22,0,30,16,0,46,0,40,28,0,68,34,0,34,102
10/14/2015,GLS,TX,ASW,CE,Federal Contract Tower,0,8,5,0,13,0,36,31,0,67,0,44,36,0,80,24,0,24,104
10/15/2015,GLS,TX,ASW,CE,Federal Contract Tower,0,2,17,4,23,0,25,56,0,81,0,27,73,4,104,68,0,68,172
10/16/2015,GLS,TX,ASW,CE,Federal Contract Tower,0,1,9,0,10,0,34,41,0,75,0,35,50,0,85,24,0,24,109
10/17/2015,GLS,TX,ASW,CE,Federal Contract Tower,0,0,3,4,7,0,24,31,0,55,0,24,34,4,62,18,0,18,80
10/18/2015,GLS,TX,ASW,CE,Federal Contract Tower,0,1,15,0,16,0,19,58,0,77,0,20,73,0,93,18,0,18,111
10/19/2015,GLS,TX,ASW,CE,Federal Contract Tower,0,1,13,0,14,0,30,39,2,71,0,31,52,2,85,10,0,10,95
10/20/2015,GLS,TX,ASW,CE,Federal Contract Tower,0,9,10,0,19,0,17,2,0,19,0,26,12,0,38,0,0,0,38
10/21/2015,GLS,TX,ASW,CE,Federal Contract Tower,0,5,8,27,40,0,28,8,1,37,0,33,16,28,77,0,12,12,89
10/22/2015,GLS,TX,ASW,CE,Federal Contract Tower,0,2,5,0,7,0,8,6,0,14,0,10,11,0,21,0,0,0,21
10/23/2015,GLS,TX,ASW,CE,Federal Contract Tower,0,7,11,0,18,0,26,19,0,45,0,33,30,0,63,20,0,20,83
10/24/2015,GLS,TX,ASW,CE,Federal Contract Tower,0,6,2,0,8,0,2,2,0,4,0,8,4,0,12,8,0,8,20
10/25/2015,GLS,TX,ASW,CE,Federal Contract Tower,0,0,2,0,2,0,0,0,0,0,0,0,2,0,2,0,0,0,2
10/26/2015,GLS,TX,ASW,CE,Federal Contract Tower,0,8,5,2,15,0,29,1,0,30,0,37,6,2,45,0,0,0,45
10/27/2015,GLS,TX,ASW,CE,Federal Contract Tower,0,5,12,0,17,0,32,25,0,57,0,37,37,0,74,10,0,10,84
10/28/2015,GLS,TX,ASW,CE,Federal Contract Tower,0,3,12,0,15,0,54,30,0,84,0,57,42,0,99,14,0,14,113
10/29/2015,GLS,TX,ASW,CE,Federal Contract Tower,0,3,11,2,16,0,23,35,2,60,0,26,46,4,76,20,0,20,96
10/30/2015,GLS,TX,ASW,CE,Federal Contract Tower,0,10,11,0,21,0,13,0,0,13,0,23,11,0,34,6,0,6,40
10/31/2015,GLS,TX,ASW,CE,Federal Contract Tower,0,2,7,0,9,0,0,0,0,0,0,2,7,0,9,0,0,0,9
11/01/2015,GLS,TX,ASW,CE,Federal Contract Tower,0,2,8,0,10,0,1,3,0,4,0,3,11,0,14,0,0,0,14
11/02/2015,GLS,TX,ASW,CE,Federal Contract Tower,0,10,7,10,27,0,25,19,0,44,0,35,26,10,71,10,0,10,81
11/03/2015,GLS,TX,ASW,CE,Federal Contract Tower,0,8,2,3,13,0,30,17,1,48,0,38,19,4,61,26,0,26,87
11/04/2015,GLS,TX,ASW,CE,Federal Contract Tower,0,14,17,0,31,0,43,22,0,65,0,57,39,0,96,6,0,6,102
11/05/2015,GLS,TX,ASW,CE,Federal Contract Tower,0,10,18,1,29,0,54,63,11,128,0,64,81,12,157,20,6,26,183
11/06/2015,GLS,TX,ASW,CE,Federal Contract Tower,0,13,14,1,28,0,7,5,0,12,0,20,19,1,40,0,0,0,40
11/07/2015,GLS,TX,ASW,CE,Federal Contract Tower,0,5,6,0,11,0,2,0,0,2,0,7,6,0,13,0,0,0,13
11/08/2015,GLS,TX,ASW,CE,Federal Contract Tower,0,8,6,0,14,0,16,42,0,58,0,24,48,0,72,24,0,24,96
11/09/2015,GLS,TX,ASW,CE,Federal Contract Tower,0,6,21,0,27,0,19,31,0,50,0,25,52,0,77,50,0,50,127
11/10/2015,GLS,TX,ASW,CE,Federal Contract Tower,0,6,13,0,19,0,40,33,0,73,0,46,46,0,92,34,2,36,128
11/11/2015,GLS,TX,ASW,CE,Federal Contract Tower,0,4,13,4,21,0,38,6,0,44,0,42,19,4,65,0,0,0,65
11/12/2015,GLS,TX,ASW,CE,Federal Contract Tower,0,7,15,0,22,0,18,26,0,44,0,25,41,0,66,26,0,26,92
11/13/2015,GLS,TX,ASW,CE,Federal Contract Tower,0,7,23,4,34,0,23,29,0,52,0,30,52,4,86,10,0,10,96
11/14/2015,GLS,TX,ASW,CE,Federal Contract Tower,0,4,10,0,14,0,28,33,0,61,0,32,43,0,75,50,0,50,125
11/15/2015,GLS,TX,ASW,CE,Federal Contract Tower,0,0,16,0,16,0,16,47,0,63,0,16,63,0,79,14,0,14,93
11/16/2015,GLS,TX,ASW,CE,Federal Contract Tower,0,9,2,2,13,0,23,2,0,25,0,32,4,2,38,8,0,8,46
11/17/2015,GLS,TX,ASW,CE,Federal Contract Tower,0,13,3,1,17,0,6,0,0,6,0,19,3,1,23,0,0,0,23
11/18/2015,GLS,TX,ASW,CE,Federal Contract Tower,0,4,4,4,12,0,40,26,2,68,0,44,30,6,80,26,0,26,106
11/19/2015,GLS,TX,ASW,CE,Federal Contract Tower,0,3,4,4,11,0,28,37,0,65,0,31,41,4,76,0,0,0,76
11/20/2015,GLS,TX,ASW,CE,Federal Contract Tower,0,0,3,5,8,0,37,28,5,70,0,37,31,10,78,14,22,36,114
11/21/2015,GLS,TX,ASW,CE,Federal Contract Tower,0,7,4,0,11,0,5,1,0,6,0,12,5,0,17,0,0,0,17
11/22/2015,GLS,TX,ASW,CE,Federal Contract Tower,0,0,16,0,16,0,24,51,0,75,0,24,67,0,91,16,0,16,107
11/23/2015,GLS,TX,ASW,CE,Federal Contract Tower,0,4,19,0,23,0,44,46,0,90,0,48,65,0,113,40,0,40,153
11/24/2015,GLS,TX,ASW,CE,Federal Contract Tower,0,2,14,0,16,0,54,33,5,92,0,56,47,5,108,14,0,14,122
11/25/2015,GLS,TX,ASW,CE,Federal Contract Tower,0,7,9,0,16,0,36,15,2,53,0,43,24,2,69,34,0,34,103
11/26/2015,GLS,TX,ASW,CE,Federal Contract Tower,0,3,2,0,5,0,19,4,0,23,0,22,6,0,28,2,0,2,30
11/27/2015,GLS,TX,ASW,CE,Federal Contract Tower,0,5,5,0,10,0,24,28,0,52,0,29,33,0,62,10,0,10,72
11/28/2015,GLS,TX,ASW,CE,Federal Contract Tower,0,11,8,10,29,0,2,0,0,2,0,13,8,10,31,0,0,0,31
11/29/2015,GLS,TX,ASW,CE,Federal Contract Tower,0,2,8,1,11,0,0,0,0,0,0,2,8,1,11,0,0,0,11
11/30/2015,GLS,TX,ASW,CE,Federal Contract Tower,0,15,6,2,23,0,11,0,6,17,0,26,6,8,40,0,0,0,40
12/01/2015,GLS,TX,ASW,CE,Federal Contract Tower,0,25,12,8,45,0,0,0,0,0,0,25,12,8,45,0,0,0,45
12/02/2015,GLS,TX,ASW,CE,Federal Contract Tower,0,11,9,1,21,0,30,10,3,43,0,41,19,4,64,0,0,0,64
12/03/2015,GLS,TX,ASW,CE,Federal Contract Tower,0,2,11,4,17,0,28,33,7,68,0,30,44,11,85,2,8,10,95
12/04/2015,GLS,TX,ASW,CE,Federal Contract Tower,0,3,13,0,16,0,42,73,0,115,0,45,86,0,131,22,0,22,153
12/05/2015,GLS,TX,ASW,CE,Federal Contract Tower,0,1,8,0,9,0,37,120,0,157,0,38,128,0,166,94,0,94,260
12/06/2015,GLS,TX,ASW,CE,Federal Contract Tower,0,2,22,4,28,0,24,96,0,120,0,26,118,4,148,32,0,32,180
12/07/2015,GLS,TX,ASW,CE,Federal Contract Tower,0,7,6,2,15,0,39,37,0,76,0,46,43,2,91,50,0,50,141
12/08/2015,GLS,TX,ASW,CE,Federal Contract Tower,0,4,14,4,22,0,38,31,2,71,0,42,45,6,93,14,0,14,107
12/09/2015,GLS,TX,ASW,CE,Federal Contract Tower,0,3,15,5,23,0,31,35,1,67,0,34,50,6,90,8,6,14,104
12/10/2015,GLS,TX,ASW,CE,Federal Contract Tower,0,0,10,4,14,0,25,20,2,47,0,25,30,6,61,18,0,18,79
12/11/2015,GLS,TX,ASW,CE,Federal Contract Tower,0,2,12,3,17,0,21,34,1,56,0,23,46,4,73,20,0,20,93
12/12/2015,GLS,TX,ASW,CE,Federal Contract Tower,0,5,8,0,13,0,11,4,0,15,0,16,12,0,28,0,0,0,28
12/13/2015,GLS,TX,ASW,CE,Federal Contract Tower,0,3,5,0,8,0,0,0,0,0,0,3,5,0,8,0,0,0,8
12/14/2015,GLS,TX,ASW,CE,Federal Contract Tower,0,4,25,1,30,0,39,41,0,80,0,43,66,1,110,33,0,33,143
12/15/2015,GLS,TX,ASW,CE,Federal Contract Tower,0,2,9,1,12,0,38,25,6,69,0,40,34,7,81,10,39,49,130
12/16/2015,GLS,TX,ASW,CE,Federal Contract Tower,0,8,2,4,14,0,11,14,0,25,0,19,16,4,39,26,0,26,65
12/17/2015,GLS,TX,ASW,CE,Federal Contract Tower,0,3,8,0,11,0,33,24,0,57,0,36,32,0,68,8,0,8,76
12/18/2015,GLS,TX,ASW,CE,Federal Contract Tower,0,6,3,0,9,0,24,66,0,90,0,30,69,0,99,42,0,42,141
12/19/2015,GLS,TX,ASW,CE,Federal Contract Tower,0,3,19,2,24,0,27,70,6,103,0,30,89,8,127,42,0,42,169
12/20/2015,GLS,TX,ASW,CE,Federal Contract Tower,0,1,10,0,11,0,22,28,0,50,0,23,38,0,61,14,0,14,75
12/21/2015,GLS,TX,ASW,CE,Federal Contract Tower,0,9,10,1,20,0,13,0,0,13,0,22,10,1,33,2,0,2,35
12/22/2015,GLS,TX,ASW,CE,Federal Contract Tower,0,13,10,0,23,0,3,0,0,3,0,16,10,0,26,2,0,2,28
12/23/2015,GLS,TX,ASW,CE,Federal Contract Tower,0,20,9,0,29,0,18,28,0,46,0,38,37,0,75,14,0,14,89
12/24/2015,GLS,TX,ASW,CE,Federal Contract Tower,0,8,9,0,17,0,0,0,0,0,0,8,9,0,17,0,0,0,17
12/25/2015,GLS,TX,ASW,CE,Federal Contract Tower,0,12,4,0,16,0,0,0,0,0,0,12,4,0,16,0,0,0,16
12/26/2015,GLS,TX,ASW,CE,Federal Contract Tower,0,4,12,0,16,0,6,3,0,9,0,10,15,0,25,0,0,0,25
12/27/2015,GLS,TX,ASW,CE,Federal Contract Tower,0,0,6,0,6,0,0,0,0,0,0,0,6,0,6,0,0,0,6
12/28/2015,GLS,TX,ASW,CE,Federal Contract Tower,0,9,7,0,16,0,21,18,0,39,0,30,25,0,55,0,0,0,55
12/29/2015,GLS,TX,ASW,CE,Federal Contract Tower,0,9,5,0,14,0,25,27,2,54,0,34,32,2,68,10,4,14,82
12/30/2015,GLS,TX,ASW,CE,Federal Contract Tower,0,11,11,0,22,0,24,4,0,28,0,35,15,0,50,6,0,6,56
12/31/2015,GLS,TX,ASW,CE,Federal Contract Tower,0,8,2,0,10,0,4,28,0,32,0,12,30,0,42,8,0,8,50
01/01/2016,GLS,TX,ASW,CE,Federal Contract Tower,0,5,6,0,11,0,17,4,0,21,0,22,10,0,32,4,0,4,36
01/02/2016,GLS,TX,ASW,CE,Federal Contract Tower,0,6,11,0,17,0,11,10,8,29,0,17,21,8,46,8,14,22,68
01/03/2016,GLS,TX,ASW,CE,Federal Contract Tower,0,4,17,0,21,0,13,62,0,75,0,17,79,0,96,38,0,38,134
01/04/2016,GLS,TX,ASW,CE,Federal Contract Tower,0,6,8,0,14,0,26,34,0,60,0,32,42,0,74,20,0,20,94
01/05/2016,GLS,TX,ASW,CE,Federal Contract Tower,0,13,3,0,16,0,17,14,2,33,0,30,17,2,49,8,4,12,61
01/06/2016,GLS,TX,ASW,CE,Federal Contract Tower,0,12,3,0,15,0,31,6,0,37,0,43,9,0,52,18,0,18,70
01/07/2016,GLS,TX,ASW,CE,Federal Contract Tower,0,13,12,2,27,0,22,13,2,37,0,35,25,4,64,8,0,8,72
01/08/2016,GLS,TX,ASW,CE,Federal Contract Tower,0,5,18,4,27,0,15,0,2,17,0,20,18,6,44,0,10,10,54
01/09/2016,GLS,TX,ASW,CE,Federal Contract Tower,0,4,2,0,6,0,11,9,6,26,0,15,11,6,32,0,30,30,62
01/10/2016,GLS,TX,ASW,CE,Federal Contract Tower,0,0,10,6,16,0,8,63,0,71,0,8,73,6,87,28,0,28,115
01/11/2016,GLS,TX,ASW,CE,Federal Contract Tower,0,6,9,0,15,0,40,23,0,63,0,46,32,0,78,30,0,30,108
01/12/2016,GLS,TX,ASW,CE,Federal Contract Tower,0,4,11,0,15,0,26,17,2,45,0,30,28,2,60,8,0,8,68
01/13/2016,GLS,TX,ASW,CE,Federal Contract Tower,0,6,3,0,9,0,26,26,2,54,0,32,29,2,63,4,0,4,67
01/14/2016,GLS,TX,ASW,CE,Federal Contract Tower,0,4,13,0,17,0,7,1,0,8,0,11,14,0,25,0,0,0,25
01/15/2016,GLS,TX,ASW,CE,Federal Contract Tower,0,3,13,0,16,0,29,17,0,46,0,32,30,0,62,30,0,30,92
01/16/2016,GLS,TX,ASW,CE,Federal Contract Tower,0,1,18,8,27,0,5,11,1,17,0,6,29,9,44,16,0,16,60
01/17/2016,GLS,TX,ASW,CE,Federal Contract Tower,0,3,19,0,22,0,13,46,0,59,0,16,65,0,81,58,0,58,139
01/18/2016,GLS,TX,ASW,CE,Federal Contract Tower,0,1,11,0,12,0,17,26,0,43,0,18,37,0,55,26,0,26,81
01/19/2016,GLS,TX,ASW,CE,Federal Contract Tower,0,1,9,6,16,0,25,22,3,50,0,26,31,9,66,16,10,26,92
01/20/2016,GLS,TX,ASW,CE,Federal Contract Tower,0,15,7,0,22,0,26,0,0,26,0,41,7,0,48,0,0,0,48
01/21/2016,GLS,TX,ASW,CE,Federal Contract Tower,0,7,2,0,9,0,13,5,0,18,0,20,7,0,27,10,0,10,37
01/22/2016,GLS,TX,ASW,CE,Federal Contract Tower,0,1,3,0,4,0,19,11,0,30,0,20,14,0,34,6,0,6,40
01/23/2016,GLS,TX,ASW,CE,Federal Contract Tower,0,2,16,0,18,0,19,70,0,89,0,21,86,0,107,44,0,44,151
01/24/2016,GLS,TX,ASW,CE,Federal Contract Tower,0,4,21,0,25,0,21,53,0,74,0,25,74,0,99,8,0,8,107
01/25/2016,GLS,TX,ASW,CE,Federal Contract Tower,0,7,3,0,10,0,18,15,2,35,0,25,18,2,45,18,0,18,63
01/26/2016,GLS,TX,ASW,CE,Federal Contract Tower,0,13,1,0,14,0,3,6,0,9,0,16,7,0,23,4,0,4,27
01/27/2016,GLS,TX,ASW,CE,Federal Contract Tower,0,13,0,2,15,0,18,15,2,35,0,31,15,4,50,10,0,10,60
01/28/2016,GLS,TX,ASW,CE,Federal Contract Tower,0,6,15,0,21,0,15,26,0,41,0,21,41,0,62,10,0,10,72
01/29/2016,GLS,TX,ASW,CE,Federal Contract Tower,0,4,11,2,17,0,17,41,0,58,0,21,52,2,75,20,2,22,97
01/30/2016,GLS,TX,ASW,CE,Federal Contract Tower,0,4,16,0,20,0,8,39,4,51,0,12,55,4,71,18,0,18,89
01/31/2016,GLS,TX,ASW,CE,Federal Contract Tower,0,2,10,0,12,0,18,23,0,41,0,20,33,0,53,0,0,0,53
02/01/2016,GLS,TX,ASW,CE,Federal Contract Tower,0,10,1,8,19,0,0,0,0,0,0,10,1,8,19,0,0,0,19
02/02/2016,GLS,TX,ASW,CE,Federal Contract Tower,0,18,10,0,28,0,24,13,4,41,0,42,23,4,69,10,0,10,79
02/03/2016,GLS,TX,ASW,CE,Federal Contract Tower,0,10,18,1,29,0,19,21,2,42,0,29,39,3,71,20,0,20,91
02/04/2016,GLS,TX,ASW,CE,Federal Contract Tower,0,3,14,2,19,0,23,19,0,42,0,26,33,2,61,22,0,22,83
02/05/2016,GLS,TX,ASW,CE,Federal Contract Tower,0,5,22,1,28,0,37,63,1,101,0,42,85,2,129,44,0,44,173
02/06/2016,GLS,TX,ASW,CE,Federal Contract Tower,0,1,16,0,17,0,12,41,2,55,0,13,57,2,72,22,0,22,94
02/07/2016,GLS,TX,ASW,CE,Federal Contract Tower,0,1,21,0,22,0,28,49,1,78,0,29,70,1,100,20,0,20,120
02/08/2016,GLS,TX,ASW,CE,Federal Contract Tower,0,4,2,0,6,0,23,15,0,38,0,27,17,0,44,10,0,10,54
02/09/2016,GLS,TX,ASW,CE,Federal Contract Tower,0,1,9,0,10,0,30,13,0,43,0,31,22,0,53,10,2,12,65
02/10/2016,GLS,TX,ASW,CE,Federal Contract Tower,0,3,13,2,18,0,29,35,2,66,0,32,48,4,84,20,0,20,104
02/11/2016,GLS,TX,ASW,CE,Federal Contract Tower,0,0,17,2,19,0,25,10,0,35,0,25,27,2,54,4,0,4,58
02/12/2016,GLS,TX,ASW,CE,Federal Contract Tower,0,1,24,2,27,0,22,33,1,56,0,23,57,3,83,30,4,34,117
02/13/2016,GLS,TX,ASW,CE,Federal Contract Tower,0,4,29,0,33,0,19,48,0,67,0,23,77,0,100,32,0,32,132
02/14/2016,GLS,TX,ASW,CE,Federal Contract Tower,0,0,10,0,10,0,27,24,0,51,0,27,34,0,61,14,0,14,75
02/15/2016,GLS,TX,ASW,CE,Federal Contract Tower,0,9,17,6,32,0,21,17,3,41,0,30,34,9,73,12,0,12,85
02/16/2016,GLS,TX,ASW,CE,Federal Contract Tower,0,5,14,4,23,0,20,25,0,45,0,25,39,4,68,56,0,56,124
02/17/2016,GLS,TX,ASW,CE,Federal Contract Tower,0,6,13,0,19,0,22,22,2,46,0,28,35,2,65,26,0,26,91
02/18/2016,GLS,TX,ASW,CE,Federal Contract Tower,0,1,20,0,21,0,29,35,2,66,0,30,55,2,87,22,4,26,113
02/19/2016,GLS,TX,ASW,CE,Federal Contract Tower,0,6,22,4,32,0,20,25,0,45,0,26,47,4,77,34,0,34,111
02/20/2016,GLS,TX,ASW,CE,Federal Contract Tower,0,4,10,0,14,0,5,40,0,45,0,9,50,0,59,28,0,28,87
02/21/2016,GLS,TX,ASW,CE,Federal Contract Tower,0,2,18,4,24,0,14,10,4,28,0,16,28,8,52,0,0,0,52
02/22/2016,GLS,TX,ASW,CE,Federal Contract Tower,0,11,3,0,14,0,2,5,0,7,0,13,8,0,21,4,0,4,25
02/23/2016,GLS,TX,ASW,CE,Federal Contract Tower,0,5,3,0,8,0,7,2,0,9,0,12,5,0,17,0,0,0,17
02/24/2016,GLS,TX,ASW,CE,Federal Contract Tower,0,5,2,0,7,0,34,8,0,42,0,39,10,0,49,0,0,0,49
02/25/2016,GLS,TX,ASW,CE,Federal Contract Tower,0,3,18,0,21,0,26,29,0,55,0,29,47,0,76,14,0,14,90
02/26/2016,GLS,TX,ASW,CE,Federal Contract Tower,0,7,15,0,22,0,22,31,0,53,0,29,46,0,75,6,4,10,85
02/27/2016,GLS,TX,ASW,CE,Federal Contract Tower,0,3,22,1,26,0,9,93,0,102,0,12,115,1,128,142,0,142,270
02/28/2016,GLS,TX,ASW,CE,Federal Contract Tower,0,1,15,1,17,0,8,37,1,46,0,9,52,2,63,20,0,20,83
02/29/2016,GLS,TX,ASW,CE,Federal Contract Tower,0,4,3,2,9,0,19,26,2,47,0,23,29,4,56,16,0,16,72
03/01/2016,GLS,TX,ASW,CE,Federal Contract Tower,0,5,12,0,17,0,20,6,4,30,0,25,18,4,47,0,4,4,51
03/02/2016,GLS,TX,ASW,CE,Federal Contract Tower,0,8,8,1,17,0,31,15,3,49,0,39,23,4,66,16,6,22,88
03/03/2016,GLS,TX,ASW,CE,Federal Contract Tower,0,10,17,6,33,0,11,7,0,18,0,21,24,6,51,0,0,0,51
03/04/2016,GLS,TX,ASW,CE,Federal Contract Tower,0,2,16,0,18,0,29,45,0,74,0,31,61,0,92,32,0,32,124
03/05/2016,GLS,TX,ASW,CE,Federal Contract Tower,0,4,6,0,10,0,23,116,2,141,0,27,122,2,151,50,0,50,201
03/06/2016,GLS,TX,ASW,CE,Federal Contract Tower,0,3,25,0,28,0,18,50,0,68,0,21,75,0,96,12,0,12,108
03/07/2016,GLS,TX,ASW,CE,Federal Contract Tower,0,7,13,2,22,0,28,5,0,33,0,35,18,2,55,10,0,10,65
03/08/2016,GLS,TX,ASW,CE,Federal Contract Tower,0,10,1,0,11,0,5,0,0,5,0,15,1,0,16,0,0,0,16
03/09/2016,GLS,TX,ASW,CE,Federal Contract Tower,0,1,1,0,2,0,2,0,0,2,0,3,1,0,4,0,0,0,4
03/10/2016,GLS,TX,ASW,CE,Federal Contract Tower,0,13,10,0,23,0,2,0,0,2,0,15,10,0,25,0,0,0,25
03/11/2016,GLS,TX,ASW,CE,Federal Contract Tower,0,5,4,1,10,0,53,37,0,90,0,58,41,1,100,18,0,18,118
03/12/2016,GLS,TX,ASW,CE,Federal Contract Tower,0,2,17,2,21,0,31,72,0,103,0,33,89,2,124,36,0,36,160
03/13/2016,GLS,TX,ASW,CE,Federal Contract Tower,0,6,12,0,18,0,17,31,0,48,0,23,43,0,66,2,0,2,68
03/14/2016,GLS,TX,ASW,CE,Federal Contract Tower,0,14,31,0,45,0,7,13,4,24,0,21,44,4,69,0,2,2,71
03/15/2016,GLS,TX,ASW,CE,Federal Contract Tower,0,7,7,0,14,0,10,12,0,22,0,17,19,0,36,0,0,0,36
03/16/2016,GLS,TX,ASW,CE,Federal Contract Tower,0,10,17,1,28,0,20,12,11,43,0,30,29,12,71,8,28,36,107
03/17/2016,GLS,TX,ASW,CE,Federal Contract Tower,0,9,16,0,25,0,6,2,3,11,0,15,18,3,36,0,4,4,40
03/18/2016,GLS,TX,ASW,CE,Federal Contract Tower,0,11,12,9,32,0,13,38,0,51,0,24,50,9,83,34,2,36,119
03/19/2016,GLS,TX,ASW,CE,Federal Contract Tower,0,3,5,0,8,0,7,17,0,24,0,10,22,0,32,8,0,8,40
03/20/2016,GLS,TX,ASW,CE,Federal Contract Tower,0,2,10,0,12,0,11,70,0,81,0,13,80,0,93,20,0,20,113
03/21/2016,GLS,TX,ASW,CE,Federal Contract Tower,0,7,5,9,21,0,21,34,5,60,0,28,39,14,81,34,8,42,123
03/22/2016,GLS,TX,ASW,CE,Federal Contract Tower,0,6,22,0,28,0,25,6,0,31,0,31,28,0,59,6,0,6,65
03/23/2016,GLS,TX,ASW,CE,Federal Contract Tower,0,6,8,2,16,0,26,2,3,31,0,32,10,5,47,0,0,0,47
03/24/2016,GLS,TX,ASW,CE,Federal Contract Tower,0,8,25,0,33,0,9,16,0,25,0,17,41,0,58,20,0,20,78
03/25/2016,GLS,TX,ASW,CE,Federal Contract Tower,0,2,11,4,17,0,8,48,0,56,0,10,59,4,73,32,2,34,107
03/26/2016,GLS,TX,ASW,CE,Federal Contract Tower,0,3,19,0,22,0,13,55,0,68,0,16,74,0,90,20,0,20,110
03/27/2016,GLS,TX,ASW,CE,Federal Contract Tower,0,5,9,0,14,0,4,21,0,25,0,9,30,0,39,2,0,2,41
03/28/2016,GLS,TX,ASW,CE,Federal Contract Tower,0,8,21,2,31,0,21,34,1,56,0,29,55,3,87,16,0,16,103
03/29/2016,GLS,TX,ASW,CE,Federal Contract Tower,0,12,11,8,31,0,0,0,0,0,0,12,11,8,31,0,0,0,31
03/30/2016,GLS,TX,ASW,CE,Federal Contract Tower,0,17,6,0,23,0,0,0,0,0,0,17,6,0,23,0,0,0,23
03/31/2016,GLS,TX,ASW,CE,Federal Contract Tower,0,26,17,0,43,0,3,0,0,3,0,29,17,0,46,0,0,0,46
04/01/2016,GLS,TX,ASW,CE,Federal Contract Tower,0,8,8,1,17,0,22,2,1,25,0,30,10,2,42,2,0,2,44
04/02/2016,GLS,TX,ASW,CE,Federal Contract Tower,0,2,11,0,13,0,24,56,0,80,0,26,67,0,93,30,0,30,123
04/03/2016,GLS,TX,ASW,CE,Federal Contract Tower,0,4,28,0,32,0,59,98,5,162,0,63,126,5,194,34,8,42,236
04/04/2016,GLS,TX,ASW,CE,Federal Contract Tower,0,8,2,2,12,0,34,39,2,75,0,42,41,4,87,38,0,38,125
04/05/2016,GLS,TX,ASW,CE,Federal Contract Tower,0,2,12,8,22,0,37,32,3,72,0,39,44,11,94,26,12,38,132
04/06/2016,GLS,TX,ASW,CE,Federal Contract Tower,0,6,9,2,17,0,43,31,1,75,0,49,40,3,92,4,0,4,96
04/07/2016,GLS,TX,ASW,CE,Federal Contract Tower,0,5,4,6,15,0,30,44,2,76,0,35,48,8,91,40,0,40,131
04/08/2016,GLS,TX,ASW,CE,Federal Contract Tower,0,8,13,5,26,0,19,55,2,76,0,27,68,7,102,16,0,16,118
04/09/2016,GLS,TX,ASW,CE,Federal Contract Tower,0,5,6,2,13,0,30,70,0,100,0,35,76,2,113,24,0,24,137
04/10/2016,GLS,TX,ASW,CE,Federal Contract Tower,0,4,12,1,17,0,21,64,0,85,0,25,76,1,102,38,0,38,140
04/11/2016,GLS,TX,ASW,CE,Federal Contract Tower,0,15,15,1,31,0,6,12,0,18,0,21,27,1,49,0,0,0,49
04/12/2016,GLS,TX,ASW,CE,Federal Contract Tower,0,10,10,2,22,0,5,2,0,7,0,15,12,2,29,16,0,16,45
04/13/2016,GLS,TX,ASW,CE,Federal Contract Tower,0,2,16,0,18,0,5,4,0,9,0,7,20,0,27,0,0,0,27
04/14/2016,GLS,TX,ASW,CE,Federal Contract Tower,0,18,9,13,40,0,16,17,0,33,0,34,26,13,73,8,0,8,81
04/15/2016,GLS,TX,ASW,CE,Federal Contract Tower,0,5,6,5,16,0,21,28,0,49,0,26,34,5,65,32,0,32,97
04/16/2016,GLS,TX,ASW,CE,Federal Contract Tower,0,3,23,0,26,0,28,7,1,36,0,31,30,1,62,0,0,0,62
04/17/2016,GLS,TX,ASW,CE,Federal Contract Tower,0,7,14,0,21,0,2,0,0,2,0,9,14,0,23,0,0,0,23
04/18/2016,GLS,TX,ASW,CE,Federal Contract Tower,0,4,2,0,6,0,5,0,0,5,0,9,2,0,11,0,0,0,11
04/19/2016,GLS,TX,ASW,CE,Federal Contract Tower,0,9,0,0,9,0,13,0,0,13,0,22,0,0,22,2,0,2,24
04/20/2016,GLS,TX,ASW,CE,Federal Contract Tower,0,14,1,0,15,0,18,5,0,23,0,32,6,0,38,0,0,0,38
04/21/2016,GLS,TX,ASW,CE,Federal Contract Tower,0,9,3,0,12,0,6,6,2,14,0,15,9,2,26,4,2,6,32
04/22/2016,GLS,TX,ASW,CE,Federal Contract Tower,0,10,2,8,20,0,26,41,0,67,0,36,43,8,87,36,0,36,123
04/23/2016,GLS,TX,ASW,CE,Federal Contract Tower,0,3,6,0,9,0,30,150,0,180,0,33,156,0,189,156,0,156,345
04/24/2016,GLS,TX,ASW,CE,Federal Contract Tower,0,3,11,0,14,0,11,33,0,44,0,14,44,0,58,8,2,10,68
04/25/2016,GLS,TX,ASW,CE,Federal Contract Tower,0,8,20,4,32,0,15,22,0,37,0,23,42,4,69,12,0,12,81
04/26/2016,GLS,TX,ASW,CE,Federal Contract Tower,0,11,14,0,25,0,16,7,0,23,0,27,21,0,48,10,0,10,58
04/27/2016,GLS,TX,ASW,CE,Federal Contract Tower,0,15,12,0,27,0,12,13,0,25,0,27,25,0,52,4,0,4,56
04/28/2016,GLS,TX,ASW,CE,Federal Contract Tower,0,15,18,10,43,0,4,2,6,12,0,19,20,16,55,0,0,0,55
04/29/2016,GLS,TX,ASW,CE,Federal Contract Tower,0,13,8,4,25,0,19,6,0,25,0,32,14,4,50,0,0,0,50
04/30/2016,GLS,TX,ASW,CE,Federal Contract Tower,0,3,11,0,14,0,17,24,2,43,0,20,35,2,57,24,0,24,81
05/01/2016,GLS,TX,ASW,CE,Federal Contract Tower,0,4,15,0,19,0,0,0,0,0,0,4,15,0,19,0,0,0,19
05/02/2016,GLS,TX,ASW,CE,Federal Contract Tower,0,6,1,0,7,0,11,3,0,14,0,17,4,0,21,0,0,0,21
05/03/2016,GLS,TX,ASW,CE,Federal Contract Tower,0,11,2,0,13,0,21,20,2,43,0,32,22,2,56,0,4,4,60
05/04/2016,GLS,TX,ASW,CE,Federal Contract Tower,0,1,13,0,14,0,32,43,0,75,0,33,56,0,89,14,0,14,103
05/05/2016,GLS,TX,ASW,CE,Federal Contract Tower,0,0,18,2,20,0,14,58,1,73,0,14,76,3,93,16,0,16,109
05/06/2016,GLS,TX,ASW,CE,Federal Contract Tower,0,2,16,0,18,0,31,49,0,80,0,33,65,0,98,42,0,42,140
05/07/2016,GLS,TX,ASW,CE,Federal Contract Tower,0,3,28,6,37,0,22,68,4,94,0,25,96,10,131,34,0,34,165
05/08/2016,GLS,TX,ASW,CE,Federal Contract Tower,0,2,22,4,28,0,9,40,0,49,0,11,62,4,77,0,0,0,77
05/09/2016,GLS,TX,ASW,CE,Federal Contract Tower,0,8,12,0,20,0,13,3,2,18,0,21,15,2,38,0,0,0,38
05/10/2016,GLS,TX,ASW,CE,Federal Contract Tower,0,9,17,2,28,0,20,11,0,31,0,29,28,2,59,10,0,10,69
05/11/2016,GLS,TX,ASW,CE,Federal Contract Tower,0,9,11,1,21,0,16,14,0,30,0,25,25,1,51,0,0,0,51
05/12/2016,GLS,TX,ASW,CE,Federal Contract Tower,0,8,19,0,27,0,19,21,2,42,0,27,40,2,69,6,0,6,75
05/13/2016,GLS,TX,ASW,CE,Federal Contract Tower,0,6,4,3,13,0,26,19,1,46,0,32,23,4,59,14,0,14,73
05/14/2016,GLS,TX,ASW,CE,Federal Contract Tower,1,2,15,1,19,0,20,73,0,93,1,22,88,1,112,18,0,18,130
05/15/2016,GLS,TX,ASW,CE,Federal Contract Tower,0,3,7,0,10,0,4,21,0,25,0,7,28,0,35,0,0,0,35
05/16/2016,GLS,TX,ASW,CE,Federal Contract Tower,0,5,7,1,13,0,9,0,0,9,0,14,7,1,22,0,0,0,22
05/17/2016,GLS,TX,ASW,CE,Federal Contract Tower,0,11,5,4,20,0,21,10,1,32,0,32,15,5,52,2,0,2,54
05/18/2016,GLS,TX,ASW,CE,Federal Contract Tower,0,8,3,1,12,0,23,4,0,27,0,31,7,1,39,10,0,10,49
05/19/2016,GLS,TX,ASW,CE,Federal Contract Tower,0,6,8,0,14,0,8,4,0,12,0,14,12,0,26,0,0,0,26
05/20/2016,GLS,TX,ASW,CE,Federal Contract Tower,0,6,16,2,24,0,8,38,2,48,0,14,54,4,72,22,10,32,104
05/21/2016,GLS,TX,ASW,CE,Federal Contract Tower,0,7,15,0,22,0,6,10,2,18,0,13,25,2,40,8,0,8,48
05/22/2016,GLS,TX,ASW,CE,Federal Contract Tower,0,4,15,0,19,0,1,39,0,40,0,5,54,0,59,16,0,16,75
05/23/2016,GLS,TX,ASW,CE,Federal Contract Tower,0,9,8,0,17,0,19,11,0,30,0,28,19,0,47,4,0,4,51
05/24/2016,GLS,TX,ASW,CE,Federal Contract Tower,0,6,14,0,20,0,17,14,0,31,0,23,28,0,51,8,0,8,59
05/25/2016,GLS,TX,ASW,CE,Federal Contract Tower,0,6,16,6,28,0,21,15,4,40,0,27,31,10,68,6,18,24,92
05/26/2016,GLS,TX,ASW,CE,Federal Contract Tower,0,6,12,0,18,0,17,16,0,33,0,23,28,0,51,0,0,0,51
05/27/2016,GLS,TX,ASW,CE,Federal Contract Tower,0,8,10,2,20,0,13,12,0,25,0,21,22,2,45,0,0,0,45
05/28/2016,GLS,TX,ASW,CE,Federal Contract Tower,0,2,31,0,33,0,22,43,0,65,0,24,74,0,98,38,0,38,136
05/29/2016,GLS,TX,ASW,CE,Federal Contract Tower,0,0,9,0,9,0,23,89,0,112,0,23,98,0,121,28,0,28,149
05/30/2016,GLS,TX,ASW,CE,Federal Contract Tower,0,16,14,0,30,0,19,97,0,116,0,35,111,0,146,34,0,34,180
05/31/2016,GLS,TX,ASW,CE,Federal Contract Tower,0,1,11,2,14,0,20,26,4,50,0,21,37,6,64,6,0,6,70
06/01/2016,GLS,TX,ASW,CE,Federal Contract Tower,0,4,0,0,4,0,26,3,2,31,0,30,3,2,35,0,0,0,35
06/02/2016,GLS,TX,ASW,CE,Federal Contract Tower,0,2,3,0,5,0,6,4,0,10,0,8,7,0,15,8,0,8,23
06/03/2016,GLS,TX,ASW,CE,Federal Contract Tower,0,7,10,0,17,0,17,8,0,25,0,24,18,0,42,4,0,4,46
06/04/2016,GLS,TX,ASW,CE,Federal Contract Tower,0,3,7,2,12,0,4,0,0,4,0,7,7,2,16,0,0,0,16
06/05/2016,GLS,TX,ASW,CE,Federal Contract Tower,0,1,11,0,12,0,14,21,0,35,0,15,32,0,47,20,0,20,67
06/06/2016,GLS,TX,ASW,CE,Federal Contract Tower,0,8,10,0,18,0,13,33,0,46,0,21,43,0,64,4,0,4,68
06/07/2016,GLS,TX,ASW,CE,Federal Contract Tower,0,4,2,0,6,0,22,49,0,71,0,26,51,0,77,16,0,16,93
06/08/2016,GLS,TX,ASW,CE,Federal Contract Tower,0,6,11,0,17,0,24,24,0,48,0,30,35,0,65,0,0,0,65
06/09/2016,GLS,TX,ASW,CE,Federal Contract Tower,0,5,8,0,13,0,15,31,4,50,0,20,39,4,63,18,0,18,81
06/10/2016,GLS,TX,ASW,CE,Federal Contract Tower,0,6,18,0,24,0,25,16,1,42,0,31,34,1,66,6,0,6,72
06/11/2016,GLS,TX,ASW,CE,Federal Contract Tower,0,1,12,8,21,0,19,72,0,91,0,20,84,8,112,22,0,22,134
06/12/2016,GLS,TX,ASW,CE,Federal Contract Tower,0,1,17,0,18,0,22,42,0,64,0,23,59,0,82,14,0,14,96
06/13/2016,GLS,TX,ASW,CE,Federal Contract Tower,0,6,9,2,17,0,39,34,4,77,0,45,43,6,94,0,0,0,94
06/14/2016,GLS,TX,ASW,CE,Federal Contract Tower,0,5,10,0,15,0,23,22,0,45,0,28,32,0,60,0,0,0,60
06/15/2016,GLS,TX,ASW,CE,Federal Contract Tower,0,2,14,6,22,0,36,45,0,81,0,38,59,6,103,26,0,26,129
06/16/2016,GLS,TX,ASW,CE,Federal Contract Tower,0,5,27,0,32,0,22,41,2,65,0,27,68,2,97,6,0,6,103
06/17/2016,GLS,TX,ASW,CE,Federal Contract Tower,0,2,22,0,24,0,27,35,0,62,0,29,57,0,86,4,0,4,90
06/18/2016,GLS,TX,ASW,CE,Federal Contract Tower,0,2,19,0,21,0,8,93,2,103,0,10,112,2,124,30,8,38,162
06/19/2016,GLS,TX,ASW,CE,Federal Contract Tower,0,2,16,0,18,0,14,63,0,77,0,16,79,0,95,20,0,20,115
06/20/2016,GLS,TX,ASW,CE,Federal Contract Tower,0,0,16,2,18,0,32,37,12,81,0,32,53,14,99,0,22,22,121
06/21/2016,GLS,TX,ASW,CE,Federal Contract Tower,0,0,24,0,24,0,22,9,0,31,0,22,33,0,55,0,0,0,55
06/22/2016,GLS,TX,ASW,CE,Federal Contract Tower,0,1,12,0,13,0,19,20,0,39,0,20,32,0,52,0,0,0,52
06/23/2016,GLS,TX,ASW,CE,Federal Contract Tower,0,7,18,0,25,0,19,29,5,53,0,26,47,5,78,4,0,4,82
06/24/2016,GLS,TX,ASW,CE,Federal Contract Tower,0,2,19,3,24,0,17,49,1,67,0,19,68,4,91,36,2,38,129
06/25/2016,GLS,TX,ASW,CE,Federal Contract Tower,0,12,10,0,22,0,23,74,0,97,0,35,84,0,119,48,0,48,167
06/26/2016,GLS,TX,ASW,CE,Federal Contract Tower,0,3,12,0,15,0,14,60,0,74,0,17,72,0,89,24,0,24,113
06/27/2016,GLS,TX,ASW,CE,Federal Contract Tower,0,10,26,0,36,0,33,36,0,69,0,43,62,0,105,12,0,12,117
06/28/2016,GLS,TX,ASW,CE,Federal Contract Tower,0,4,12,0,16,0,22,26,0,48,0,26,38,0,64,0,0,0,64
06/29/2016,GLS,TX,ASW,CE,Federal Contract Tower,0,0,15,3,18,0,32,19,0,51,0,32,34,3,69,6,0,6,75
06/30/2016,GLS,TX,ASW,CE,Federal Contract Tower,0,0,8,3,11,0,31,33,2,66,0,31,41,5,77,13,0,13,90
07/01/2016,GLS,TX,ASW,CE,Federal Contract Tower,0,6,13,0,19,0,33,38,0,71,0,39,51,0,90,22,0,22,112
07/02/2016,GLS,TX,ASW,CE,Federal Contract Tower,0,2,18,0,20,0,17,85,2,104,0,19,103,2,124,10,0,10,134
07/03/2016,GLS,TX,ASW,CE,Federal Contract Tower,0,0,9,0,9,0,4,73,0,77,0,4,82,0,86,52,0,52,138
07/04/2016,GLS,TX,ASW,CE,Federal Contract Tower,0,2,7,0,9,0,13,71,0,84,0,15,78,0,93,22,8,30,123
07/05/2016,GLS,TX,ASW,CE,Federal Contract Tower,0,5,13,0,18,0,22,23,2,47,0,27,36,2,65,24,12,36,101
07/06/2016,GLS,TX,ASW,CE,Federal Contract Tower,0,7,18,6,31,0,24,36,6,66,0,31,54,12,97,8,10,18,115
07/07/2016,GLS,TX,ASW,CE,Federal Contract Tower,0,5,5,0,10,0,16,59,0,75,0,21,64,0,85,32,0,32,117
07/08/2016,GLS,TX,ASW,CE,Federal Contract Tower,0,5,6,0,11,0,13,62,4,79,0,18,68,4,90,26,0,26,116
07/09/2016,GLS,TX,ASW,CE,Federal Contract Tower,0,2,14,2,18,0,6,123,0,129,0,8,137,2,147,22,0,22,169
07/10/2016,GLS,TX,ASW,CE,Federal Contract Tower,0,3,9,2,14,0,17,72,0,89,0,20,81,2,103,6,0,6,109
07/11/2016,GLS,TX,ASW,CE,Federal Contract Tower,0,4,10,4,18,0,26,45,0,71,0,30,55,4,89,8,0,8,97
07/12/2016,GLS,TX,ASW,CE,Federal Contract Tower,0,4,13,0,17,0,19,27,4,50,0,23,40,4,67,4,0,4,71
07/13/2016,GLS,TX,ASW,CE,Federal Contract Tower,0,4,3,0,7,0,37,48,2,87,0,41,51,2,94,6,0,6,100
07/14/2016,GLS,TX,ASW,CE,Federal Contract Tower,0,2,11,0,13,0,16,24,0,40,0,18,35,0,53,6,0,6,59
07/15/2016,GLS,TX,ASW,CE,Federal Contract Tower,0,5,7,0,12,0,13,52,0,65,0,18,59,0,77,48,0,48,125
07/16/2016,GLS,TX,ASW,CE,Federal Contract Tower,0,3,7,0,10,0,20,141,0,161,0,23,148,0,171,50,0,50,221
07/17/2016,GLS,TX,ASW,CE,Federal Contract Tower,0,0,9,4,13,0,14,54,0,68,0,14,63,4,81,2,0,2,83
07/18/2016,GLS,TX,ASW,CE,Federal Contract Tower,0,5,17,0,22,0,18,35,0,53,0,23,52,0,75,10,0,10,85
07/19/2016,GLS,TX,ASW,CE,Federal Contract Tower,0,3,11,0,14,0,50,36,0,86,0,53,47,0,100,0,0,0,100
07/20/2016,GLS,TX,ASW,CE,Federal Contract Tower,0,0,3,0,3,0,29,56,4,89,0,29,59,4,92,8,0,8,100
07/21/2016,GLS,TX,ASW,CE,Federal Contract Tower,0,0,8,2,10,0,12,42,3,57,0,12,50,5,67,16,0,16,83
07/22/2016,GLS,TX,ASW,CE,Federal Contract Tower,0,2,8,4,14,0,23,50,2,75,0,25,58,6,89,14,0,14,103
07/23/2016,GLS,TX,ASW,CE,Federal Contract Tower,0,2,12,4,18,0,16,111,0,127,0,18,123,4,145,6,0,6,151
07/24/2016,GLS,TX,ASW,CE,Federal Contract Tower,0,3,11,0,14,0,9,63,0,72,0,12,74,0,86,24,0,24,110
07/25/2016,GLS,TX,ASW,CE,Federal Contract Tower,0,2,2,0,4,2,6,17,0,25,2,8,19,0,29,4,0,4,33
07/26/2016,GLS,TX,ASW,CE,Federal Contract Tower,0,0,5,0,5,0,6,0,0,6,0,6,5,0,11,0,0,0,11
07/27/2016,GLS,TX,ASW,CE,Federal Contract Tower,0,7,9,0,16,0,17,4,1,22,0,24,13,1,38,8,0,8,46
07/28/2016,GLS,TX,ASW,CE,Federal Contract Tower,0,3,12,0,15,0,16,30,3,49,0,19,42,3,64,6,0,6,70
07/29/2016,GLS,TX,ASW,CE,Federal Contract Tower,0,4,27,6,37,0,13,44,0,57,0,17,71,6,94,16,0,16,110
07/30/2016,GLS,TX,ASW,CE,Federal Contract Tower,0,2,11,0,13,0,10,86,0,96,0,12,97,0,109,22,0,22,131
07/31/2016,GLS,TX,ASW,CE,Federal Contract Tower,0,2,21,0,23,0,11,56,0,67,0,13,77,0,90,10,0,10,100
08/01/2016,GLS,TX,ASW,CE,Federal Contract Tower,0,4,17,0,21,0,32,41,3,76,0,36,58,3,97,34,6,40,137
08/02/2016,GLS,TX,ASW,CE,Federal Contract Tower,0,4,7,0,11,0,24,31,2,57,0,28,38,2,68,4,0,4,72
08/03/2016,GLS,TX,ASW,CE,Federal Contract Tower,0,3,13,0,16,0,31,49,0,80,0,34,62,0,96,26,0,26,122
08/04/2016,GLS,TX,ASW,CE,Federal Contract Tower,0,6,15,0,21,0,31,53,0,84,0,37,68,0,105,14,0,14,119
08/05/2016,GLS,TX,ASW,CE,Federal Contract Tower,0,3,13,1,17,0,12,46,5,63,0,15,59,6,80,4,2,6,86
08/06/2016,GLS,TX,ASW,CE,Federal Contract Tower,0,3,15,0,18,0,26,78,7,111,0,29,93,7,129,16,2,18,147
08/07/2016,GLS,TX,ASW,CE,Federal Contract Tower,0,0,14,0,14,0,5,44,2,51,0,5,58,2,65,8,0,8,73
08/08/2016,GLS,TX,ASW,CE,Federal Contract Tower,0,5,2,0,7,0,25,57,2,84,0,30,59,2,91,0,8,8,99
08/09/2016,GLS,TX,ASW,CE,Federal Contract Tower,0,4,4,0,8,0,29,47,0,76,0,33,51,0,84,24,0,24,108
08/10/2016,GLS,TX,ASW,CE,Federal Contract Tower,0,5,6,2,13,0,30,44,2,76,0,35,50,4,89,10,6,16,105
08/11/2016,GLS,TX,ASW,CE,Federal Contract Tower,0,4,12,0,16,0,21,42,0,63,0,25,54,0,79,12,0,12,91
08/12/2016,GLS,TX,ASW,CE,Federal Contract Tower,0,6,10,0,16,0,26,100,0,126,0,32,110,0,142,18,0,18,160
08/13/2016,GLS,TX,ASW,CE,Federal Contract Tower,0,2,6,1,9,0,7,40,0,47,0,9,46,1,56,24,0,24,80
08/14/2016,GLS,TX,ASW,CE,Federal Contract Tower,0,2,6,1,9,0,12,38,0,50,0,14,44,1,59,4,0,4,63
08/15/2016,GLS,TX,ASW,CE,Federal Contract Tower,0,7,3,2,12,0,25,22,0,47,0,32,25,2,59,6,0,6,65
08/16/2016,GLS,TX,ASW,CE,Federal Contract Tower,0,11,7,0,18,0,19,1,0,20,0,30,8,0,38,0,0,0,38
08/17/2016,GLS,TX,ASW,CE,Federal Contract Tower,0,5,8,2,15,0,16,1,0,17,0,21,9,2,32,0,0,0,32
08/18/2016,GLS,TX,ASW,CE,Federal Contract Tower,0,6,9,0,15,0,31,21,8,60,0,37,30,8,75,14,0,14,89
08/19/2016,GLS,TX,ASW,CE,Federal Contract Tower,0,4,11,5,20,0,26,39,1,66,0,30,50,6,86,2,2,4,90
08/20/2016,GLS,TX,ASW,CE,Federal Contract Tower,0,5,39,2,46,0,29,115,0,144,0,34,154,2,190,28,2,30,220
08/21/2016,GLS,TX,ASW,CE,Federal Contract Tower,0,2,5,0,7,0,15,0,0,15,0,17,5,0,22,0,0,0,22
08/22/2016,GLS,TX,ASW,CE,Federal Contract Tower,0,2,7,0,9,0,21,8,0,29,0,23,15,0,38,4,0,4,42
08/23/2016,GLS,TX,ASW,CE,Federal Contract Tower,0,1,14,8,23,0,29,25,0,54,0,30,39,8,77,12,0,12,89
08/24/2016,GLS,TX,ASW,CE,Federal Contract Tower,0,4,4,0,8,0,28,26,2,56,0,32,30,2,64,14,0,14,78
08/25/2016,GLS,TX,ASW,CE,Federal Contract Tower,0,0,11,0,11,0,13,29,0,42,0,13,40,0,53,20,0,20,73
08/26/2016,GLS,TX,ASW,CE,Federal Contract Tower,0,5,12,1,18,0,28,20,3,51,0,33,32,4,69,18,0,18,87
08/27/2016,GLS,TX,ASW,CE,Federal Contract Tower,0,0,3,0,3,0,2,78,3,83,0,2,81,3,86,34,16,50,136
08/28/2016,GLS,TX,ASW,CE,Federal Contract Tower,0,2,6,0,8,0,13,6,0,19,0,15,12,0,27,0,0,0,27
08/29/2016,GLS,TX,ASW,CE,Federal Contract Tower,0,4,0,0,4,0,4,2,0,6,0,8,2,0,10,2,0,2,12
08/30/2016,GLS,TX,ASW,CE,Federal Contract Tower,0,9,10,0,19,0,16,17,0,33,0,25,27,0,52,20,0,20,72
08/31/2016,GLS,TX,ASW,CE,Federal Contract Tower,0,4,15,0,19,0,22,32,2,56,0,26,47,2,75,18,0,18,93
09/01/2016,GLS,TX,ASW,CE,Federal Contract Tower,0,4,15,2,21,0,19,53,0,72,0,23,68,2,93,106,0,106,199
09/02/2016,GLS,TX,ASW,CE,Federal Contract Tower,0,3,12,0,15,0,22,41,0,63,0,25,53,0,78,0,0,0,78
09/03/2016,GLS,TX,ASW,CE,Federal Contract Tower,0,2,10,0,12,0,4,95,0,99,0,6,105,0,111,20,0,20,131
09/04/2016,GLS,TX,ASW,CE,Federal Contract Tower,0,1,3,0,4,0,8,81,0,89,0,9,84,0,93,12,0,12,105
09/05/2016,GLS,TX,ASW,CE,Federal Contract Tower,0,2,15,0,17,0,12,71,0,83,0,14,86,0,100,0,0,0,100
09/06/2016,GLS,TX,ASW,CE,Federal Contract Tower,0,4,4,0,8,0,17,27,1,45,0,21,31,1,53,14,0,14,67
09/07/2016,GLS,TX,ASW,CE,Federal Contract Tower,0,4,16,4,24,0,27,9,6,42,0,31,25,10,66,0,0,0,66
09/08/2016,GLS,TX,ASW,CE,Federal Contract Tower,0,8,14,0,22,0,14,32,2,48,0,22,46,2,70,10,0,10,80
09/09/2016,GLS,TX,ASW,CE,Federal Contract Tower,0,5,12,2,19,0,16,29,2,47,0,21,41,4,66,8,2,10,76
09/10/2016,GLS,TX,ASW,CE,Federal Contract Tower,0,3,11,0,14,0,14,32,2,48,0,17,43,2,62,20,60,80,142
09/11/2016,GLS,TX,ASW,CE,Federal Contract Tower,0,3,5,4,12,0,24,105,3,132,0,27,110,7,144,26,8,34,178
09/12/2016,GLS,TX,ASW,CE,Federal Contract Tower,0,2,7,0,9,0,19,55,0,74,0,21,62,0,83,16,0,16,99
09/13/2016,GLS,TX,ASW,CE,Federal Contract Tower,0,8,7,0,15,0,36,2,0,38,0,44,9,0,53,0,0,0,53
09/14/2016,GLS,TX,ASW,CE,Federal Contract Tower,0,8,0,2,10,0,17,18,0,35,0,25,18,2,45,0,0,0,45
09/15/2016,GLS,TX,ASW,CE,Federal Contract Tower,0,4,3,0,7,0,19,30,0,49,0,23,33,0,56,8,0,8,64
09/16/2016,GLS,TX,ASW,CE,Federal Contract Tower,0,3,5,0,8,0,10,26,0,36,0,13,31,0,44,2,0,2,46
09/17/2016,GLS,TX,ASW,CE,Federal Contract Tower,0,0,6,10,16,0,14,85,0,99,0,14,91,10,115,34,0,34,149
09/18/2016,GLS,TX,ASW,CE,Federal Contract Tower,0,1,15,0,16,0,20,80,4,104,0,21,95,4,120,12,14,26,146
09/19/2016,GLS,TX,ASW,CE,Federal Contract Tower,0,2,5,8,15,0,30,51,0,81,0,32,56,8,96,2,0,2,98
09/20/2016,GLS,TX,ASW,CE,Federal Contract Tower,0,2,19,0,21,0,24,11,1,36,0,26,30,1,57,2,0,2,59
09/21/2016,GLS,TX,ASW,CE,Federal Contract Tower,0,4,9,2,15,0,26,60,0,86,0,30,69,2,101,26,0,26,127
09/22/2016,GLS,TX,ASW,CE,Federal Contract Tower,0,2,6,0,8,0,19,27,0,46,0,21,33,0,54,6,0,6,60
09/23/2016,GLS,TX,ASW,CE,Federal Contract Tower,0,7,14,0,21,0,17,52,4,73,0,24,66,4,94,26,0,26,120
09/24/2016,GLS,TX,ASW,CE,Federal Contract Tower,0,3,13,0,16,0,14,30,0,44,0,17,43,0,60,0,0,0,60
09/25/2016,GLS,TX,ASW,CE,Federal Contract Tower,0,3,8,0,11,0,3,3,0,6,0,6,11,0,17,0,0,0,17
09/26/2016,GLS,TX,ASW,CE,Federal Contract Tower,0,2,5,1,8,0,37,21,0,58,0,39,26,1,66,0,0,0,66
09/27/2016,GLS,TX,ASW,CE,Federal Contract Tower,0,2,5,0,7,0,21,19,0,40,0,23,24,0,47,0,0,0,47
09/28/2016,GLS,TX,ASW,CE,Federal Contract Tower,0,5,10,2,17,0,26,31,0,57,0,31,41,2,74,36,0,36,110
09/29/2016,GLS,TX,ASW,CE,Federal Contract Tower,0,6,15,2,23,0,10,24,0,34,0,16,39,2,57,0,0,0,57
09/30/2016,GLS,TX,ASW,CE,Federal Contract Tower,0,7,13,2,22,0,19,43,0,62,0,26,56,2,84,16,0,16,100
10/01/2016,GLS,TX,ASW,CE,Federal Contract Tower,0,3,20,0,23,0,18,113,2,133,0,21,133,2,156,42,0,42,198
10/02/2016,GLS,TX,ASW,CE,Federal Contract Tower,0,3,7,6,16,0,26,89,0,115,0,29,96,6,131,14,0,14,145
10/03/2016,GLS,TX,ASW,CE,Federal Contract Tower,0,2,5,2,9,0,30,50,4,84,0,32,55,6,93,32,0,32,125
10/04/2016,GLS,TX,ASW,CE,Federal Contract Tower,0,4,9,4,17,0,26,16,2,44,0,30,25,6,61,10,0,10,71
10/05/2016,GLS,TX,ASW,CE,Federal Contract Tower,0,7,7,0,14,0,34,9,0,43,0,41,16,0,57,6,0,6,63
10/06/2016,GLS,TX,ASW,CE,Federal Contract Tower,0,7,3,2,12,0,14,35,2,51,0,21,38,4,63,2,8,10,73
10/07/2016,GLS,TX,ASW,CE,Federal Contract Tower,0,4,8,0,12,0,21,76,0,97,0,25,84,0,109,18,0,18,127
10/08/2016,GLS,TX,ASW,CE,Federal Contract Tower,0,0,21,0,21,0,9,146,0,155,0,9,167,0,176,38,0,38,214
10/09/2016,GLS,TX,ASW,CE,Federal Contract Tower,0,2,13,0,15,0,9,97,0,106,0,11,110,0,121,4,0,4,125
10/10/2016,GLS,TX,ASW,CE,Federal Contract Tower,0,2,23,0,25,0,22,39,0,61,0,24,62,0,86,26,0,26,112
10/11/2016,GLS,TX,ASW,CE,Federal Contract Tower,0,1,5,2,8,0,30,8,0,38,0,31,13,2,46,0,0,0,46
10/12/2016,GLS,TX,ASW,CE,Federal Contract Tower,0,2,7,0,9,0,18,10,7,35,0,20,17,7,44,14,12,26,70
10/13/2016,GLS,TX,ASW,CE,Federal Contract Tower,0,0,18,1,19,0,19,26,0,45,0,19,44,1,64,34,0,34,98
10/14/2016,GLS,TX,ASW,CE,Federal Contract Tower,0,3,12,9,24,0,26,31,0,57,0,29,43,9,81,0,0,0,81
10/15/2016,GLS,TX,ASW,CE,Federal Contract Tower,0,1,14,11,26,0,12,82,0,94,0,13,96,11,120,6,0,6,126
10/16/2016,GLS,TX,ASW,CE,Federal Contract Tower,0,1,18,0,19,0,12,75,0,87,0,13,93,0,106,4,0,4,110
10/17/2016,GLS,TX,ASW,CE,Federal Contract Tower,0,2,8,0,10,0,20,46,0,66,0,22,54,0,76,14,0,14,90
10/18/2016,GLS,TX,ASW,CE,Federal Contract Tower,0,2,9,0,11,0,20,9,2,31,0,22,18,2,42,0,8,8,50
10/19/2016,GLS,TX,ASW,CE,Federal Contract Tower,0,0,4,2,6,0,25,37,0,62,0,25,41,2,68,6,4,10,78
10/20/2016,GLS,TX,ASW,CE,Federal Contract Tower,0,0,5,0,5,0,7,17,0,24,0,7,22,0,29,4,0,4,33
10/21/2016,GLS,TX,ASW,CE,Federal Contract Tower,0,7,3,0,10,0,26,43,0,69,0,33,46,0,79,6,0,6,85
10/22/2016,GLS,TX,ASW,CE,Federal Contract Tower,0,0,9,0,9,0,6,75,0,81,0,6,84,0,90,14,0,14,104
10/23/2016,GLS,TX,ASW,CE,Federal Contract Tower,0,2,8,0,10,0,6,65,0,71,0,8,73,0,81,4,0,4,85
10/24/2016,GLS,TX,ASW,CE,Federal Contract Tower,0,2,9,0,11,0,25,29,2,56,0,27,38,2,67,70,0,70,137
10/25/2016,GLS,TX,ASW,CE,Federal Contract Tower,0,4,13,2,19,0,25,63,2,90,0,29,76,4,109,36,2,38,147
10/26/2016,GLS,TX,ASW,CE,Federal Contract Tower,0,4,5,2,11,0,18,51,0,69,0,22,56,2,80,78,0,78,158
10/27/2016,GLS,TX,ASW,CE,Federal Contract Tower,0,4,13,0,17,0,10,36,2,48,0,14,49,2,65,28,14,42,107
10/28/2016,GLS,TX,ASW,CE,Federal Contract Tower,0,3,4,0,7,0,24,77,4,105,0,27,81,4,112,34,2,36,148
10/29/2016,GLS,TX,ASW,CE,Federal Contract Tower,0,2,6,0,8,0,15,74,0,89,0,17,80,0,97,22,0,22,119
10/30/2016,GLS,TX,ASW,CE,Federal Contract Tower,0,6,17,6,29,0,17,122,2,141,0,23,139,8,170,22,0,22,192
10/31/2016,GLS,TX,ASW,CE,Federal Contract Tower,0,5,9,0,14,0,26,35,2,63,0,31,44,2,77,16,0,16,93
11/01/2016,GLS,TX,ASW,CE,Federal Contract Tower,0,4,1,4,9,0,17,17,0,34,0,21,18,4,43,22,0,22,65
11/02/2016,GLS,TX,ASW,CE,Federal Contract Tower,0,5,9,0,14,0,36,35,0,71,0,41,44,0,85,48,0,48,133
11/03/2016,GLS,TX,ASW,CE,Federal Contract Tower,0,2,7,0,9,0,17,20,2,39,0,19,27,2,48,38,0,38,86
11/04/2016,GLS,TX,ASW,CE,Federal Contract Tower,0,6,1,0,7,0,21,59,4,84,0,27,60,4,91,20,0,20,111
11/05/2016,GLS,TX,ASW,CE,Federal Contract Tower,0,3,2,0,5,0,18,173,0,191,0,21,175,0,196,46,4,50,246
11/06/2016,GLS,TX,ASW,CE,Federal Contract Tower,0,2,6,0,8,0,3,28,0,31,0,5,34,0,39,10,0,10,49
11/07/2016,GLS,TX,ASW,CE,Federal Contract Tower,0,6,5,0,11,0,13,20,0,33,0,19,25,0,44,0,0,0,44
11/08/2016,GLS,TX,ASW,CE,Federal Contract Tower,0,7,2,0,9,0,12,0,0,12,0,19,2,0,21,0,0,0,21
11/09/2016,GLS,TX,ASW,CE,Federal Contract Tower,0,6,10,0,16,0,19,8,0,27,0,25,18,0,43,0,0,0,43
11/10/2016,GLS,TX,ASW,CE,Federal Contract Tower,0,7,4,0,11,0,16,29,0,45,0,23,33,0,56,4,0,4,60
11/11/2016,GLS,TX,ASW,CE,Federal Contract Tower,0,3,8,0,11,0,15,34,0,49,0,18,42,0,60,30,0,30,90
11/12/2016,GLS,TX,ASW,CE,Federal Contract Tower,0,0,10,0,10,0,15,114,0,129,0,15,124,0,139,26,0,26,165
11/13/2016,GLS,TX,ASW,CE,Federal Contract Tower,0,1,11,5,17,0,6,79,3,88,0,7,90,8,105,16,0,16,121
11/14/2016,GLS,TX,ASW,CE,Federal Contract Tower,0,1,15,2,18,0,28,53,0,81,0,29,68,2,99,16,0,16,115
11/15/2016,GLS,TX,ASW,CE,Federal Contract Tower,0,0,17,1,18,0,32,24,0,56,0,32,41,1,74,4,0,4,78
11/16/2016,GLS,TX,ASW,CE,Federal Contract Tower,0,0,14,0,14,0,33,39,3,75,0,33,53,3,89,26,4,30,119
11/17/2016,GLS,TX,ASW,CE,Federal Contract Tower,0,5,5,0,10,0,11,51,0,62,0,16,56,0,72,6,0,6,78
11/18/2016,GLS,TX,ASW,CE,Federal Contract Tower,0,8,7,2,17,0,6,5,0,11,0,14,12,2,28,2,0,2,30
11/19/2016,GLS,TX,ASW,CE,Federal Contract Tower,0,3,9,6,18,0,11,60,2,73,0,14,69,8,91,36,0,36,127
11/20/2016,GLS,TX,ASW,CE,Federal Contract Tower,0,3,9,0,12,0,10,79,0,89,0,13,88,0,101,32,0,32,133
11/21/2016,GLS,TX,ASW,CE,Federal Contract Tower,0,4,9,0,13,0,17,57,2,76,0,21,66,2,89,38,2,40,129
11/22/2016,GLS,TX,ASW,CE,Federal Contract Tower,0,5,7,0,12,0,17,17,2,36,0,22,24,2,48,14,0,14,62
11/23/2016,GLS,TX,ASW,CE,Federal Contract Tower,0,4,5,0,9,0,17,18,2,37,0,21,23,2,46,0,0,0,46
11/24/2016,GLS,TX,ASW,CE,Federal Contract Tower,0,6,3,0,9,0,20,15,0,35,0,26,18,0,44,0,0,0,44
11/25/2016,GLS,TX,ASW,CE,Federal Contract Tower,0,10,7,0,17,0,9,72,0,81,0,19,79,0,98,12,0,12,110
11/26/2016,GLS,TX,ASW,CE,Federal Contract Tower,0,2,22,0,24,0,11,89,0,100,0,13,111,0,124,34,0,34,158
11/27/2016,GLS,TX,ASW,CE,Federal Contract Tower,0,6,14,0,20,0,13,47,0,60,0,19,61,0,80,8,0,8,88
11/28/2016,GLS,TX,ASW,CE,Federal Contract Tower,0,3,15,0,18,0,8,0,0,8,0,11,15,0,26,0,0,0,26
11/29/2016,GLS,TX,ASW,CE,Federal Contract Tower,0,7,16,0,23,0,16,9,0,25,0,23,25,0,48,8,0,8,56
11/30/2016,GLS,TX,ASW,CE,Federal Contract Tower,0,6,9,0,15,0,13,12,4,29,0,19,21,4,44,10,0,10,54
12/01/2016,GLS,TX,ASW,CE,Federal Contract Tower,0,4,18,2,24,0,4,23,0,27,0,8,41,2,51,2,0,2,53
12/02/2016,GLS,TX,ASW,CE,Federal Contract Tower,0,3,4,0,7,0,19,14,0,33,0,22,18,0,40,0,0,0,40
12/03/2016,GLS,TX,ASW,CE,Federal Contract Tower,0,2,0,0,2,0,0,0,0,0,0,2,0,0,2,0,0,0,2
12/04/2016,GLS,TX,ASW,CE,Federal Contract Tower,0,2,5,0,7,0,0,0,0,0,0,2,5,0,7,0,0,0,7
12/05/2016,GLS,TX,ASW,CE,Federal Contract Tower,0,4,0,4,8,0,4,0,0,4,0,8,0,4,12,0,0,0,12
12/06/2016,GLS,TX,ASW,CE,Federal Contract Tower,0,5,6,0,11,0,31,23,0,54,0,36,29,0,65,14,0,14,79
12/07/2016,GLS,TX,ASW,CE,Federal Contract Tower,0,5,9,2,16,0,18,2,0,20,0,23,11,2,36,0,0,0,36
12/08/2016,GLS,TX,ASW,CE,Federal Contract Tower,0,7,3,0,10,0,5,7,4,16,0,12,10,4,26,0,0,0,26
12/09/2016,GLS,TX,ASW,CE,Federal Contract Tower,0,7,9,4,20,0,26,32,6,64,0,33,41,10,84,10,60,70,154
12/10/2016,GLS,TX,ASW,CE,Federal Contract Tower,0,0,16,7,23,0,12,48,3,63,0,12,64,10,86,14,0,14,100
12/11/2016,GLS,TX,ASW,CE,Federal Contract Tower,0,1,21,0,22,0,9,28,0,37,0,10,49,0,59,16,0,16,75
12/12/2016,GLS,TX,ASW,CE,Federal Contract Tower,0,8,12,4,24,0,6,2,0,8,0,14,14,4,32,0,0,0,32
12/13/2016,GLS,TX,ASW,CE,Federal Contract Tower,0,6,5,0,11,0,34,13,0,47,0,40,18,0,58,0,0,0,58
12/14/2016,GLS,TX,ASW,CE,Federal Contract Tower,0,11,3,2,16,0,6,0,0,6,0,17,3,2,22,0,0,0,22
12/15/2016,GLS,TX,ASW,CE,Federal Contract Tower,0,4,5,0,9,0,27,33,3,63,0,31,38,3,72,10,0,10,82
12/16/2016,GLS,TX,ASW,CE,Federal Contract Tower,0,6,9,0,15,0,6,2,0,8,0,12,11,0,23,0,0,0,23
12/17/2016,GLS,TX,ASW,CE,Federal Contract Tower,0,4,8,0,12,0,11,1,0,12,0,15,9,0,24,0,0,0,24
12/18/2016,GLS,TX,ASW,CE,Federal Contract Tower,0,1,10,0,11,0,3,13,0,16,0,4,23,0,27,10,0,10,37
12/19/2016,GLS,TX,ASW,CE,Federal Contract Tower,0,2,4,0,6,0,7,18,0,25,0,9,22,0,31,0,0,0,31
12/20/2016,GLS,TX,ASW,CE,Federal Contract Tower,0,2,11,0,13,0,21,25,0,46,0,23,36,0,59,20,0,20,79
12/21/2016,GLS,TX,ASW,CE,Federal Contract Tower,0,8,22,2,32,0,30,42,4,76,0,38,64,6,108,6,2,8,116
12/22/2016,GLS,TX,ASW,CE,Federal Contract Tower,0,5,14,8,27,0,0,0,0,0,0,5,14,8,27,0,0,0,27
12/23/2016,GLS,TX,ASW,CE,Federal Contract Tower,0,6,14,0,20,0,20,23,4,47,0,26,37,4,67,8,2,10,77
12/24/2016,GLS,TX,ASW,CE,Federal Contract Tower,0,2,4,0,6,0,0,12,0,12,0,2,16,0,18,6,0,6,24
12/25/2016,GLS,TX,ASW,CE,Federal Contract Tower,0,0,4,0,4,0,2,3,0,5,0,2,7,0,9,0,0,0,9
12/26/2016,GLS,TX,ASW,CE,Federal Contract Tower,0,5,7,0,12,0,0,0,0,0,0,5,7,0,12,0,0,0,12
12/27/2016,GLS,TX,ASW,CE,Federal Contract Tower,0,2,9,4,15,0,0,0,0,0,0,2,9,4,15,0,0,0,15
12/28/2016,GLS,TX,ASW,CE,Federal Contract Tower,0,8,10,0,18,0,1,2,0,3,0,9,12,0,21,0,0,0,21
12/29/2016,GLS,TX,ASW,CE,Federal Contract Tower,0,5,7,0,12,0,14,11,0,25,0,19,18,0,37,0,0,0,37
12/30/2016,GLS,TX,ASW,CE,Federal Contract Tower,0,1,16,0,17,0,8,28,0,36,0,9,44,0,53,12,0,12,65
12/31/2016,GLS,TX,ASW,CE,Federal Contract Tower,0,4,3,0,7,0,3,4,0,7,0,7,7,0,14,0,0,0,14
01/01/2017,GLS,TX,ASW,CE,Federal Contract Tower,0,2,9,0,11,0,5,6,0,11,0,7,15,0,22,0,0,0,22
01/02/2017,GLS,TX,ASW,CE,Federal Contract Tower,0,8,6,0,14,0,11,15,0,26,0,19,21,0,40,4,0,4,44
01/03/2017,GLS,TX,ASW,CE,Federal Contract Tower,0,2,12,0,14,0,25,11,0,36,0,27,23,0,50,10,0,10,60
01/04/2017,GLS,TX,ASW,CE,Federal Contract Tower,0,4,11,0,15,0,21,9,0,30,0,25,20,0,45,2,0,2,47
01/05/2017,GLS,TX,ASW,CE,Federal Contract Tower,0,7,7,2,16,0,19,2,0,21,0,26,9,2,37,0,0,0,37
01/06/2017,GLS,TX,ASW,CE,Federal Contract Tower,0,2,2,0,4,0,0,0,4,4,0,2,2,4,8,0,6,6,14
01/07/2017,GLS,TX,ASW,CE,Federal Contract Tower,0,1,2,0,3,0,21,28,0,49,0,22,30,0,52,6,4,10,62
01/08/2017,GLS,TX,ASW,CE,Federal Contract Tower,0,3,8,0,11,0,23,30,10,63,0,26,38,10,74,6,10,16,90
01/09/2017,GLS,TX,ASW,CE,Federal Contract Tower,0,4,10,2,16,0,29,19,0,48,0,33,29,2,64,10,0,10,74
01/10/2017,GLS,TX,ASW,CE,Federal Contract Tower,0,1,5,0,6,0,22,11,0,33,0,23,16,0,39,10,0,10,49
01/11/2017,GLS,TX,ASW,CE,Federal Contract Tower,0,9,0,2,11,0,28,12,0,40,0,37,12,2,51,0,0,0,51
01/12/2017,GLS,TX,ASW,CE,Federal Contract Tower,0,5,22,2,29,0,19,40,8,67,0,24,62,10,96,6,0,6,102
01/13/2017,GLS,TX,ASW,CE,Federal Contract Tower,0,5,4,2,11,0,0,0,0,0,0,5,4,2,11,0,0,0,11
01/14/2017,GLS,TX,ASW,CE,Federal Contract Tower,0,2,8,0,10,0,0,0,0,0,0,2,8,0,10,0,0,0,10
01/15/2017,GLS,TX,ASW,CE,Federal Contract Tower,0,1,11,3,15,0,17,22,0,39,0,18,33,3,54,18,2,20,74
01/16/2017,GLS,TX,ASW,CE,Federal Contract Tower,0,2,8,0,10,0,20,21,0,41,0,22,29,0,51,8,0,8,59
01/17/2017,GLS,TX,ASW,CE,Federal Contract Tower,0,6,3,0,9,0,18,3,0,21,0,24,6,0,30,2,0,2,32
01/18/2017,GLS,TX,ASW,CE,Federal Contract Tower,0,5,14,0,19,0,15,4,0,19,0,20,18,0,38,0,0,0,38
01/19/2017,GLS,TX,ASW,CE,Federal Contract Tower,0,2,15,0,17,0,12,0,0,12,0,14,15,0,29,0,0,0,29
01/20/2017,GLS,TX,ASW,CE,Federal Contract Tower,0,9,22,6,37,0,39,35,0,74,0,48,57,6,111,12,0,12,123
01/21/2017,GLS,TX,ASW,CE,Federal Contract Tower,0,3,6,1,10,0,26,24,1,51,0,29,30,2,61,2,0,2,63
01/22/2017,GLS,TX,ASW,CE,Federal Contract Tower,0,5,2,0,7,0,1,3,1,5,0,6,5,1,12,0,0,0,12
01/23/2017,GLS,TX,ASW,CE,Federal Contract Tower,0,1,3,0,4,0,25,56,2,83,0,26,59,2,87,8,0,8,95
01/24/2017,GLS,TX,ASW,CE,Federal Contract Tower,0,4,3,0,7,0,30,6,0,36,0,34,9,0,43,2,0,2,45
01/25/2017,GLS,TX,ASW,CE,Federal Contract Tower,0,7,3,0,10,0,8,8,0,16,0,15,11,0,26,0,0,0,26
01/26/2017,GLS,TX,ASW,CE,Federal Contract Tower,0,4,7,4,15,0,3,29,4,36,0,7,36,8,51,12,0,12,63
01/27/2017,GLS,TX,ASW,CE,Federal Contract Tower,0,8,11,1,20,0,23,55,5,83,0,31,66,6,103,26,77,103,206
01/28/2017,GLS,TX,ASW,CE,Federal Contract Tower,0,2,8,0,10,0,32,71,0,103,0,34,79,0,113,32,0,32,145
01/29/2017,GLS,TX,ASW,CE,Federal Contract Tower,0,0,3,0,3,0,26,70,0,96,0,26,73,0,99,28,0,28,127
01/30/2017,GLS,TX,ASW,CE,Federal Contract Tower,0,1,9,0,10,0,27,40,0,67,0,28,49,0,77,32,0,32,109
01/31/2017,GLS,TX,ASW,CE,Federal Contract Tower,0,5,7,0,12,0,19,25,0,44,0,24,32,0,56,14,0,14,70
02/01/2017,GLS,TX,ASW,CE,Federal Contract Tower,0,4,11,0,15,0,26,29,0,55,0,30,40,0,70,54,0,54,124
02/02/2017,GLS,TX,ASW,CE,Federal Contract Tower,0,4,1,0,5,0,20,8,2,30,0,24,9,2,35,12,44,56,91
02/03/2017,GLS,TX,ASW,CE,Federal Contract Tower,0,8,4,2,14,0,15,23,8,46,0,23,27,10,60,4,30,34,94
02/04/2017,GLS,TX,ASW,CE,Federal Contract Tower,0,3,11,6,20,0,14,8,3,25,0,17,19,9,45,0,0,0,45
02/05/2017,GLS,TX,ASW,CE,Federal Contract Tower,0,4,9,0,13,0,15,9,1,25,0,19,18,1,38,6,0,6,44
02/06/2017,GLS,TX,ASW,CE,Federal Contract Tower,0,9,7,0,16,0,22,11,0,33,0,31,18,0,49,4,0,4,53
02/07/2017,GLS,TX,ASW,CE,Federal Contract Tower,0,9,8,5,22,0,6,12,9,27,0,15,20,14,49,0,0,0,49
02/08/2017,GLS,TX,ASW,CE,Federal Contract Tower,0,9,8,2,19,0,9,5,2,16,0,18,13,4,35,0,0,0,35
02/09/2017,GLS,TX,ASW,CE,Federal Contract Tower,0,3,11,0,14,0,15,23,0,38,0,18,34,0,52,0,0,0,52
02/10/2017,GLS,TX,ASW,CE,Federal Contract Tower,0,6,16,6,28,0,25,18,15,58,0,31,34,21,86,0,4,4,90
02/11/2017,GLS,TX,ASW,CE,Federal Contract Tower,0,7,13,0,20,0,0,0,0,0,0,7,13,0,20,0,0,0,20
02/12/2017,GLS,TX,ASW,CE,Federal Contract Tower,0,8,14,2,24,0,36,28,0,64,0,44,42,2,88,34,0,34,122
02/13/2017,GLS,TX,ASW,CE,Federal Contract Tower,0,12,4,0,16,0,2,0,0,2,0,14,4,0,18,0,0,0,18
02/14/2017,GLS,TX,ASW,CE,Federal Contract Tower,0,2,1,0,3,0,8,0,0,8,0,10,1,0,11,0,0,0,11
02/15/2017,GLS,TX,ASW,CE,Federal Contract Tower,0,12,12,2,26,0,19,16,2,37,0,31,28,4,63,4,0,4,67
02/16/2017,GLS,TX,ASW,CE,Federal Contract Tower,0,10,8,0,18,0,28,30,0,58,0,38,38,0,76,10,0,10,86
02/17/2017,GLS,TX,ASW,CE,Federal Contract Tower,0,7,10,0,17,0,14,8,0,22,0,21,18,0,39,0,0,0,39
02/18/2017,GLS,TX,ASW,CE,Federal Contract Tower,0,9,24,2,35,0,27,15,0,42,0,36,39,2,77,4,0,4,81
02/19/2017,GLS,TX,ASW,CE,Federal Contract Tower,0,4,6,0,10,0,7,14,0,21,0,11,20,0,31,0,0,0,31
02/20/2017,GLS,TX,ASW,CE,Federal Contract Tower,0,2,2,0,4,0,5,0,0,5,0,7,2,0,9,0,0,0,9
02/21/2017,GLS,TX,ASW,CE,Federal Contract Tower,0,6,19,0,25,0,21,31,2,54,0,27,50,2,79,10,2,12,91
02/22/2017,GLS,TX,ASW,CE,Federal Contract Tower,0,4,11,0,15,0,24,42,0,66,0,28,53,0,81,34,0,34,115
02/23/2017,GLS,TX,ASW,CE,Federal Contract Tower,0,3,21,2,26,0,22,53,0,75,0,25,74,2,101,24,0,24,125
02/24/2017,GLS,TX,ASW,CE,Federal Contract Tower,0,6,33,4,43,0,27,58,0,85,0,33,91,4,128,22,0,22,150
02/25/2017,GLS,TX,ASW,CE,Federal Contract Tower,0,4,10,2,16,0,34,100,2,136,0,38,110,4,152,130,0,130,282
02/26/2017,GLS,TX,ASW,CE,Federal Contract Tower,0,1,18,2,21,0,27,28,6,61,0,28,46,8,82,6,6,12,94
02/27/2017,GLS,TX,ASW,CE,Federal Contract Tower,0,4,22,8,34,0,31,20,6,57,0,35,42,14,91,12,0,12,103
02/28/2017,GLS,TX,ASW,CE,Federal Contract Tower,0,5,5,2,12,0,4,3,0,7,0,9,8,2,19,0,0,0,19
03/01/2017,GLS,TX,ASW,CE,Federal Contract Tower,0,6,17,2,25,0,11,4,0,15,0,17,21,2,40,12,0,12,52
03/02/2017,GLS,TX,ASW,CE,Federal Contract Tower,0,6,8,1,15,0,25,23,4,52,0,31,31,5,67,4,0,4,71
03/03/2017,GLS,TX,ASW,CE,Federal Contract Tower,0,1,3,0,4,0,13,22,11,46,0,14,25,11,50,2,6,8,58
03/04/2017,GLS,TX,ASW,CE,Federal Contract Tower,0,2,2,13,17,0,35,32,0,67,0,37,34,13,84,8,0,8,92
03/05/2017,GLS,TX,ASW,CE,Federal Contract Tower,0,3,8,0,11,0,5,5,2,12,0,8,13,2,23,0,0,0,23
03/06/2017,GLS,TX,ASW,CE,Federal Contract Tower,0,3,1,0,4,0,9,0,0,9,0,12,1,0,13,0,0,0,13
03/07/2017,GLS,TX,ASW,CE,Federal Contract Tower,0,8,4,0,12,0,10,4,0,14,0,18,8,0,26,6,0,6,32
03/08/2017,GLS,TX,ASW,CE,Federal Contract Tower,0,8,9,7,24,0,16,4,0,20,0,24,13,7,44,0,0,0,44
03/09/2017,GLS,TX,ASW,CE,Federal Contract Tower,0,4,2,4,10,0,3,0,0,3,0,7,2,4,13,6,0,6,19
03/10/2017,GLS,TX,ASW,CE,Federal Contract Tower,0,2,13,6,21,0,8,9,0,17,0,10,22,6,38,0,0,0,38
03/11/2017,GLS,TX,ASW,CE,Federal Contract Tower,0,8,9,2,19,0,1,1,0,2,0,9,10,2,21,0,0,0,21
03/12/2017,GLS,TX,ASW,CE,Federal Contract Tower,0,8,10,0,18,0,21,4,0,25,0,29,14,0,43,0,0,0,43
03/13/2017,GLS,TX,ASW,CE,Federal Contract Tower,0,3,4,2,9,0,36,26,0,62,0,39,30,2,71,32,0,32,103
03/14/2017,GLS,TX,ASW,CE,Federal Contract Tower,0,3,6,0,9,0,41,70,0,111,0,44,76,0,120,18,0,18,138
03/15/2017,GLS,TX,ASW,CE,Federal Contract Tower,0,4,18,2,24,0,34,14,0,48,0,38,32,2,72,6,0,6,78
03/16/2017,GLS,TX,ASW,CE,Federal Contract Tower,0,6,7,2,15,0,20,32,2,54,0,26,39,4,69,0,2,2,71
03/17/2017,GLS,TX,ASW,CE,Federal Contract Tower,0,1,10,0,11,0,18,68,2,88,0,19,78,2,99,36,2,38,137
03/18/2017,GLS,TX,ASW,CE,Federal Contract Tower,0,3,15,0,18,0,17,67,0,84,0,20,82,0,102,18,0,18,120
03/19/2017,GLS,TX,ASW,CE,Federal Contract Tower,0,7,15,1,23,0,2,71,0,73,0,9,86,1,96,56,0,56,152
03/20/2017,GLS,TX,ASW,CE,Federal Contract Tower,0,2,10,0,12,0,20,24,1,45,0,22,34,1,57,6,0,6,63
03/21/2017,GLS,TX,ASW,CE,Federal Contract Tower,0,2,11,0,13,0,29,31,0,60,0,31,42,0,73,32,0,32,105
03/22/2017,GLS,TX,ASW,CE,Federal Contract Tower,0,7,9,0,16,0,27,36,1,64,0,34,45,1,80,10,0,10,90
03/23/2017,GLS,TX,ASW,CE,Federal Contract Tower,0,7,16,0,23,0,18,35,2,55,0,25,51,2,78,22,8,30,108
03/24/2017,GLS,TX,ASW,CE,Federal Contract Tower,0,9,2,2,13,0,7,42,2,51,0,16,44,4,64,14,0,14,78
03/25/2017,GLS,TX,ASW,CE,Federal Contract Tower,0,7,16,0,23,0,14,60,0,74,0,21,76,0,97,4,0,4,101
03/26/2017,GLS,TX,ASW,CE,Federal Contract Tower,0,4,17,3,24,0,6,50,0,56,0,10,67,3,80,32,0,32,112
03/27/2017,GLS,TX,ASW,CE,Federal Contract Tower,0,15,14,4,33,0,18,43,0,61,0,33,57,4,94,68,0,68,162
03/28/2017,GLS,TX,ASW,CE,Federal Contract Tower,0,10,8,2,20,0,15,4,2,21,0,25,12,4,41,0,0,0,41
03/29/2017,GLS,TX,ASW,CE,Federal Contract Tower,0,4,1,0,5,0,8,0,0,8,0,12,1,0,13,0,0,0,13
03/30/2017,GLS,TX,ASW,CE,Federal Contract Tower,0,2,18,0,20,0,30,62,0,92,0,32,80,0,112,66,0,66,178
04/01/2017,GLS,TX,ASW,CE,Federal Contract Tower,0,4,8,0,12,0,8,77,0,85,0,12,85,0,97,6,0,6,103
04/02/2017,GLS,TX,ASW,CE,Federal Contract Tower,0,3,3,0,6,0,5,4,0,9,0,8,7,0,15,0,0,0,15
04/03/2017,GLS,TX,ASW,CE,Federal Contract Tower,0,3,10,2,15,0,28,33,1,62,0,31,43,3,77,8,0,8,85
04/04/2017,GLS,TX,ASW,CE,Federal Contract Tower,0,0,18,0,18,0,27,27,2,56,0,27,45,2,74,16,0,16,90
04/05/2017,GLS,TX,ASW,CE,Federal Contract Tower,0,6,3,2,11,0,24,13,0,37,0,30,16,2,48,0,0,0,48
04/06/2017,GLS,TX,ASW,CE,Federal Contract Tower,0,2,9,0,11,0,29,87,2,118,0,31,96,2,129,60,4,64,193
04/07/2017,GLS,TX,ASW,CE,Federal Contract Tower,0,6,9,0,15,0,10,84,4,98,0,16,93,4,113,48,0,48,161
04/08/2017,GLS,TX,ASW,CE,Federal Contract Tower,0,3,17,1,21,0,28,87,2,117,0,31,104,3,138,40,0,40,178
04/09/2017,GLS,TX,ASW,CE,Federal Contract Tower,0,2,12,0,14,0,34,78,0,112,0,36,90,0,126,70,0,70,196
04/10/2017,GLS,TX,ASW,CE,Federal Contract Tower,0,7,8,0,15,0,21,12,5,38,0,28,20,5,53,0,0,0,53
04/11/2017,GLS,TX,ASW,CE,Federal Contract Tower,0,4,16,0,20,0,17,10,2,29,0,21,26,2,49,6,2,8,57
04/12/2017,GLS,TX,ASW,CE,Federal Contract Tower,0,17,25,0,42,0,10,15,0,25,0,27,40,0,67,4,0,4,71
04/13/2017,GLS,TX,ASW,CE,Federal Contract Tower,0,5,38,2,45,0,16,92,0,108,0,21,130,2,153,52,0,52,205
04/14/2017,GLS,TX,ASW,CE,Federal Contract Tower,0,4,28,0,32,0,13,88,0,101,0,17,116,0,133,70,0,70,203
04/15/2017,GLS,TX,ASW,CE,Federal Contract Tower,0,4,17,0,21,0,12,84,0,96,0,16,101,0,117,34,0,34,151
04/16/2017,GLS,TX,ASW,CE,Federal Contract Tower,0,1,11,0,12,0,12,78,0,90,0,13,89,0,102,30,0,30,132
04/17/2017,GLS,TX,ASW,CE,Federal Contract Tower,0,6,16,0,22,0,24,52,0,76,0,30,68,0,98,16,0,16,114
04/18/2017,GLS,TX,ASW,CE,Federal Contract Tower,0,3,0,0,3,0,4,1,0,5,0,7,1,0,8,0,0,0,8
04/19/2017,GLS,TX,ASW,CE,Federal Contract Tower,0,14,2,2,18,0,24,13,4,41,0,38,15,6,59,12,0,12,71
04/20/2017,GLS,TX,ASW,CE,Federal Contract Tower,0,3,10,3,16,0,9,37,1,47,0,12,47,4,63,24,0,24,87
04/21/2017,GLS,TX,ASW,CE,Federal Contract Tower,0,5,21,2,28,0,27,72,0,99,0,32,93,2,127,12,0,12,139
04/22/2017,GLS,TX,ASW,CE,Federal Contract Tower,0,6,9,0,15,0,10,86,0,96,0,16,95,0,111,28,0,28,139
04/23/2017,GLS,TX,ASW,CE,Federal Contract Tower,0,4,15,0,19,0,9,61,0,70,0,13,76,0,89,12,0,12,101
04/24/2017,GLS,TX,ASW,CE,Federal Contract Tower,0,4,6,2,12,0,13,35,0,48,0,17,41,2,60,6,0,6,66
04/25/2017,GLS,TX,ASW,CE,Federal Contract Tower,0,5,9,0,14,0,23,33,0,56,0,28,42,0,70,14,0,14,84
04/26/2017,GLS,TX,ASW,CE,Federal Contract Tower,0,10,8,0,18,0,23,0,1,24,0,33,8,1,42,0,0,0,42
04/27/2017,GLS,TX,ASW,CE,Federal Contract Tower,0,2,14,0,16,0,13,36,1,50,0,15,50,1,66,0,16,16,82
04/28/2017,GLS,TX,ASW,CE,Federal Contract Tower,0,7,11,0,18,0,7,15,0,22,0,14,26,0,40,0,0,0,40
04/29/2017,GLS,TX,ASW,CE,Federal Contract Tower,0,2,4,0,6,0,0,0,0,0,0,2,4,0,6,0,0,0,6
04/30/2017,GLS,TX,ASW,CE,Federal Contract Tower,0,4,6,0,10,0,11,60,0,71,0,15,66,0,81,26,0,26,107
05/01/2017,GLS,TX,ASW,CE,Federal Contract Tower,0,10,1,0,11,0,22,84,5,111,0,32,85,5,122,52,0,52,174
05/02/2017,GLS,TX,ASW,CE,Federal Contract Tower,0,0,26,0,26,0,22,42,2,66,0,22,68,2,92,4,0,4,96
05/03/2017,GLS,TX,ASW,CE,Federal Contract Tower,0,11,3,1,15,0,13,3,1,17,0,24,6,2,32,0,4,4,36
05/04/2017,GLS,TX,ASW,CE,Federal Contract Tower,0,4,5,1,10,0,21,8,2,31,0,25,13,3,41,8,14,22,63
05/05/2017,GLS,TX,ASW,CE,Federal Contract Tower,0,3,9,0,12,0,14,49,0,63,0,17,58,0,75,2,0,2,77
05/06/2017,GLS,TX,ASW,CE,Federal Contract Tower,0,5,16,0,21,0,27,151,0,178,0,32,167,0,199,18,0,18,217
05/07/2017,GLS,TX,ASW,CE,Federal Contract Tower,0,6,14,0,20,0,15,79,0,94,0,21,93,0,114,88,0,88,202
05/08/2017,GLS,TX,ASW,CE,Federal Contract Tower,0,4,11,0,15,0,16,45,0,61,0,20,56,0,76,26,0,26,102
05/09/2017,GLS,TX,ASW,CE,Federal Contract Tower,0,7,6,5,18,0,26,26,3,55,0,33,32,8,73,4,0,4,77
05/10/2017,GLS,TX,ASW,CE,Federal Contract Tower,0,7,37,0,44,0,24,16,0,40,0,31,53,0,84,14,0,14,98
05/11/2017,GLS,TX,ASW,CE,Federal Contract Tower,0,6,14,0,20,0,15,20,0,35,0,21,34,0,55,22,0,22,77
05/12/2017,GLS,TX,ASW,CE,Federal Contract Tower,0,14,13,0,27,0,16,31,4,51,0,30,44,4,78,20,0,20,98
05/13/2017,GLS,TX,ASW,CE,Federal Contract Tower,0,5,28,0,33,0,5,101,6,112,0,10,129,6,145,6,0,6,151
05/14/2017,GLS,TX,ASW,CE,Federal Contract Tower,0,4,23,0,27,0,9,34,0,43,0,13,57,0,70,20,0,20,90
05/15/2017,GLS,TX,ASW,CE,Federal Contract Tower,0,4,18,1,23,0,23,34,4,61,0,27,52,5,84,16,0,16,100
05/16/2017,GLS,TX,ASW,CE,Federal Contract Tower,0,9,12,2,23,0,12,9,2,23,0,21,21,4,46,0,0,0,46
05/17/2017,GLS,TX,ASW,CE,Federal Contract Tower,0,4,9,4,17,0,17,13,3,33,0,21,22,7,50,10,0,10,60
05/18/2017,GLS,TX,ASW,CE,Federal Contract Tower,0,2,15,0,17,0,10,36,2,48,0,12,51,2,65,32,0,32,97
05/19/2017,GLS,TX,ASW,CE,Federal Contract Tower,0,5,5,3,13,0,9,23,10,42,0,14,28,13,55,6,0,6,61
05/20/2017,GLS,TX,ASW,CE,Federal Contract Tower,0,1,7,4,12,0,17,29,0,46,0,18,36,4,58,2,0,2,60
05/21/2017,GLS,TX,ASW,CE,Federal Contract Tower,0,2,7,0,9,0,2,0,0,2,0,4,7,0,11,0,0,0,11
05/22/2017,GLS,TX,ASW,CE,Federal Contract Tower,0,2,6,0,8,0,1,14,0,15,0,3,20,0,23,0,0,0,23
05/23/2017,GLS,TX,ASW,CE,Federal Contract Tower,0,7,13,1,21,0,28,25,2,55,0,35,38,3,76,8,16,24,100
05/24/2017,GLS,TX,ASW,CE,Federal Contract Tower,0,4,9,0,13,0,31,41,2,74,0,35,50,2,87,16,0,16,103
05/25/2017,GLS,TX,ASW,CE,Federal Contract Tower,0,2,13,0,15,0,31,41,4,76,0,33,54,4,91,12,4,16,107
05/26/2017,GLS,TX,ASW,CE,Federal Contract Tower,0,6,10,0,16,0,11,26,0,37,0,17,36,0,53,0,0,0,53
05/27/2017,GLS,TX,ASW,CE,Federal Contract Tower,0,6,8,0,14,0,12,49,0,61,0,18,57,0,75,8,0,8,83
05/28/2017,GLS,TX,ASW,CE,Federal Contract Tower,0,4,12,0,16,0,14,69,0,83,0,18,81,0,99,8,0,8,107
05/29/2017,GLS,TX,ASW,CE,Federal Contract Tower,0,7,9,0,16,0,16,58,0,74,0,23,67,0,90,0,0,0,90
05/30/2017,GLS,TX,ASW,CE,Federal Contract Tower,0,5,7,4,16,0,9,37,4,50,0,14,44,8,66,14,0,14,80
05/31/2017,GLS,TX,ASW,CE,Federal Contract Tower,0,2,4,0,6,0,35,39,2,76,0,37,43,2,82,0,0,0,82
06/01/2017,GLS,TX,ASW,CE,Federal Contract Tower,0,3,11,0,14,0,5,18,0,23,0,8,29,0,37,0,0,0,37
06/02/2017,GLS,TX,ASW,CE,Federal Contract Tower,0,9,5,2,16,0,21,33,10,64,0,30,38,12,80,4,8,12,92
06/03/2017,GLS,TX,ASW,CE,Federal Contract Tower,0,5,9,2,16,0,12,90,0,102,0,17,99,2,118,14,0,14,132
06/04/2017,GLS,TX,ASW,CE,Federal Contract Tower,0,2,3,0,5,0,10,6,0,16,0,12,9,0,21,6,0,6,27
06/05/2017,GLS,TX,ASW,CE,Federal Contract Tower,0,2,3,1,6,0,14,24,5,43,0,16,27,6,49,0,0,0,49
06/06/2017,GLS,TX,ASW,CE,Federal Contract Tower,0,7,11,0,18,0,28,25,2,55,0,35,36,2,73,16,0,16,89
06/07/2017,GLS,TX,ASW,CE,Federal Contract Tower,0,8,11,0,19,0,30,43,2,75,0,38,54,2,94,4,0,4,98
06/08/2017,GLS,TX,ASW,CE,Federal Contract Tower,0,4,10,0,14,0,22,33,0,55,0,26,43,0,69,8,0,8,77
06/09/2017,GLS,TX,ASW,CE,Federal Contract Tower,0,7,30,4,41,0,11,53,4,68,0,18,83,8,109,16,4,20,129
06/10/2017,GLS,TX,ASW,CE,Federal Contract Tower,0,6,25,4,35,0,25,115,7,147,0,31,140,11,182,21,1,22,204
06/11/2017,GLS,TX,ASW,CE,Federal Contract Tower,0,3,11,0,14,0,3,46,0,49,0,6,57,0,63,18,0,18,81
06/12/2017,GLS,TX,ASW,CE,Federal Contract Tower,0,4,14,0,18,0,19,12,4,35,0,23,26,4,53,2,2,4,57
06/13/2017,GLS,TX,ASW,CE,Federal Contract Tower,0,6,7,2,15,0,10,5,0,15,0,16,12,2,30,12,0,12,42
06/14/2017,GLS,TX,ASW,CE,Federal Contract Tower,0,4,23,0,27,0,25,39,0,64,0,29,62,0,91,20,0,20,111
06/15/2017,GLS,TX,ASW,CE,Federal Contract Tower,0,2,10,2,14,0,12,43,2,57,0,14,53,4,71,32,0,32,103
06/16/2017,GLS,TX,ASW,CE,Federal Contract Tower,0,4,27,2,33,0,12,60,9,81,0,16,87,11,114,42,0,42,156
06/17/2017,GLS,TX,ASW,CE,Federal Contract Tower,0,5,29,12,46,0,14,109,4,127,0,19,138,16,173,4,0,4,177
06/18/2017,GLS,TX,ASW,CE,Federal Contract Tower,0,3,13,0,16,0,7,57,3,67,0,10,70,3,83,0,0,0,83
06/19/2017,GLS,TX,ASW,CE,Federal Contract Tower,0,3,7,2,12,0,21,48,3,72,0,24,55,5,84,32,0,32,116
06/20/2017,GLS,TX,ASW,CE,Federal Contract Tower,0,2,17,0,19,0,23,25,0,48,0,25,42,0,67,28,0,28,95
06/21/2017,GLS,TX,ASW,CE,Federal Contract Tower,0,1,2,0,3,0,14,2,0,16,0,15,4,0,19,0,0,0,19
06/22/2017,GLS,TX,ASW,CE,Federal Contract Tower,0,3,2,0,5,0,16,1,4,21,0,19,3,4,26,0,0,0,26
06/23/2017,GLS,TX,ASW,CE,Federal Contract Tower,0,11,10,3,24,0,12,30,3,45,0,23,40,6,69,20,0,20,89
06/24/2017,GLS,TX,ASW,CE,Federal Contract Tower,0,10,3,0,13,0,22,39,1,62,0,32,42,1,75,18,0,18,93
06/25/2017,GLS,TX,ASW,CE,Federal Contract Tower,0,1,5,0,6,0,6,10,0,16,0,7,15,0,22,0,0,0,22
06/26/2017,GLS,TX,ASW,CE,Federal Contract Tower,0,5,2,0,7,0,17,19,7,43,0,22,21,7,50,2,22,24,74
06/27/2017,GLS,TX,ASW,CE,Federal Contract Tower,0,2,9,0,11,0,11,6,0,17,0,13,15,0,28,8,0,8,36
06/28/2017,GLS,TX,ASW,CE,Federal Contract Tower,0,0,4,2,6,0,7,17,0,24,0,7,21,2,30,2,0,2,32
06/29/2017,GLS,TX,ASW,CE,Federal Contract Tower,0,5,3,0,8,0,9,8,0,17,0,14,11,0,25,0,0,0,25
06/30/2017,GLS,TX,ASW,CE,Federal Contract Tower,0,7,12,4,23,0,16,24,3,43,0,23,36,7,66,14,8,22,88
07/01/2017,GLS,TX,ASW,CE,Federal Contract Tower,0,4,28,0,32,0,6,84,0,90,0,10,112,0,122,0,0,0,122
07/02/2017,GLS,TX,ASW,CE,Federal Contract Tower,0,3,19,0,22,0,11,76,0,87,0,14,95,0,109,8,0,8,117
07/03/2017,GLS,TX,ASW,CE,Federal Contract Tower,0,2,11,1,14,0,10,57,5,72,0,12,68,6,86,16,0,16,102
07/04/2017,GLS,TX,ASW,CE,Federal Contract Tower,0,2,9,0,11,0,13,42,0,55,0,15,51,0,66,48,0,48,114
07/05/2017,GLS,TX,ASW,CE,Federal Contract Tower,0,6,13,0,19,0,28,42,0,70,0,34,55,0,89,70,0,70,159
07/06/2017,GLS,TX,ASW,CE,Federal Contract Tower,0,4,8,0,12,0,42,36,2,80,0,46,44,2,92,72,0,72,164
07/07/2017,GLS,TX,ASW,CE,Federal Contract Tower,0,4,14,0,18,0,6,63,2,71,0,10,77,2,89,42,0,42,131
07/08/2017,GLS,TX,ASW,CE,Federal Contract Tower,0,2,22,0,24,0,10,108,0,118,0,12,130,0,142,94,0,94,236
07/09/2017,GLS,TX,ASW,CE,Federal Contract Tower,0,2,12,0,14,0,6,53,0,59,0,8,65,0,73,12,0,12,85
07/10/2017,GLS,TX,ASW,CE,Federal Contract Tower,0,6,5,0,11,0,25,41,0,66,0,31,46,0,77,22,0,22,99
07/11/2017,GLS,TX,ASW,CE,Federal Contract Tower,0,2,22,0,24,0,18,27,3,48,0,20,49,3,72,32,6,38,110
07/12/2017,GLS,TX,ASW,CE,Federal Contract Tower,0,4,3,0,7,0,28,25,2,55,0,32,28,2,62,22,0,22,84
07/13/2017,GLS,TX,ASW,CE,Federal Contract Tower,0,5,2,0,7,0,30,39,0,69,0,35,41,0,76,60,0,60,136
07/14/2017,GLS,TX,ASW,CE,Federal Contract Tower,0,3,10,2,15,0,17,38,0,55,0,20,48,2,70,4,6,10,80
07/15/2017,GLS,TX,ASW,CE,Federal Contract Tower,0,2,7,0,9,0,16,77,0,93,0,18,84,0,102,30,0,30,132
07/16/2017,GLS,TX,ASW,CE,Federal Contract Tower,0,2,11,0,13,0,7,37,0,44,0,9,48,0,57,0,0,0,57
07/17/2017,GLS,TX,ASW,CE,Federal Contract Tower,0,2,26,0,28,0,32,17,0,49,0,34,43,0,77,44,0,44,121
07/18/2017,GLS,TX,ASW,CE,Federal Contract Tower,0,4,5,0,9,0,20,9,2,31,0,24,14,2,40,36,0,36,76
07/19/2017,GLS,TX,ASW,CE,Federal Contract Tower,0,4,9,0,13,0,20,42,0,62,0,24,51,0,75,104,0,104,179
07/20/2017,GLS,TX,ASW,CE,Federal Contract Tower,0,2,11,0,13,0,15,41,0,56,0,17,52,0,69,52,0,52,121
07/21/2017,GLS,TX,ASW,CE,Federal Contract Tower,0,3,6,0,9,0,6,24,0,30,0,9,30,0,39,16,0,16,55
07/22/2017,GLS,TX,ASW,CE,Federal Contract Tower,0,2,9,0,11,0,7,80,0,87,0,9,89,0,98,36,0,36,134
07/23/2017,GLS,TX,ASW,CE,Federal Contract Tower,0,1,7,0,8,0,7,40,0,47,0,8,47,0,55,26,0,26,81
07/24/2017,GLS,TX,ASW,CE,Federal Contract Tower,0,2,16,0,18,0,18,5,0,23,0,20,21,0,41,2,0,2,43
07/25/2017,GLS,TX,ASW,CE,Federal Contract Tower,0,6,6,0,12,0,19,23,0,42,0,25,29,0,54,22,0,22,76
07/26/2017,GLS,TX,ASW,CE,Federal Contract Tower,0,5,11,0,16,0,22,26,0,48,0,27,37,0,64,16,0,16,80
07/27/2017,GLS,TX,ASW,CE,Federal Contract Tower,0,4,2,2,8,0,12,30,0,42,0,16,32,2,50,32,0,32,82
07/28/2017,GLS,TX,ASW,CE,Federal Contract Tower,0,5,13,2,20,0,25,48,0,73,0,30,61,2,93,42,0,42,135
07/29/2017,GLS,TX,ASW,CE,Federal Contract Tower,0,3,11,0,14,0,17,82,0,99,0,20,93,0,113,44,0,44,157
07/30/2017,GLS,TX,ASW,CE,Federal Contract Tower,0,0,15,0,15,0,9,80,0,89,0,9,95,0,104,38,0,38,142
07/31/2017,GLS,TX,ASW,CE,Federal Contract Tower,0,2,11,0,13,0,14,49,6,69,0,16,60,6,82,18,4,22,104
08/01/2017,GLS,TX,ASW,CE,Federal Contract Tower,0,4,13,2,19,0,27,19,0,46,0,31,32,2,65,44,0,44,109
08/02/2017,GLS,TX,ASW,CE,Federal Contract Tower,0,6,3,0,9,0,32,6,0,38,0,38,9,0,47,10,0,10,57
08/03/2017,GLS,TX,ASW,CE,Federal Contract Tower,0,3,8,0,11,0,7,15,0,22,0,10,23,0,33,28,0,28,61
08/04/2017,GLS,TX,ASW,CE,Federal Contract Tower,0,11,16,6,33,0,11,44,0,55,0,22,60,6,88,15,0,15,103
08/05/2017,GLS,TX,ASW,CE,Federal Contract Tower,0,2,9,0,11,0,14,14,0,28,0,16,23,0,39,22,0,22,61
08/06/2017,GLS,TX,ASW,CE,Federal Contract Tower,0,2,11,0,13,0,12,27,0,39,0,14,38,0,52,6,0,6,58
08/07/2017,GLS,TX,ASW,CE,Federal Contract Tower,0,9,5,0,14,0,18,20,0,38,0,27,25,0,52,0,0,0,52
08/08/2017,GLS,TX,ASW,CE,Federal Contract Tower,0,3,12,0,15,0,14,15,2,31,0,17,27,2,46,30,6,36,82
08/09/2017,GLS,TX,ASW,CE,Federal Contract Tower,0,4,16,4,24,0,19,17,0,36,0,23,33,4,60,26,0,26,86
08/10/2017,GLS,TX,ASW,CE,Federal Contract Tower,0,4,5,0,9,0,23,30,4,57,0,27,35,4,66,20,0,20,86
08/11/2017,GLS,TX,ASW,CE,Federal Contract Tower,0,4,15,14,33,0,21,57,0,78,0,25,72,14,111,18,0,18,129
08/12/2017,GLS,TX,ASW,CE,Federal Contract Tower,0,2,17,0,19,0,12,101,0,113,0,14,118,0,132,32,0,32,164
08/13/2017,GLS,TX,ASW,CE,Federal Contract Tower,0,2,22,0,24,0,6,54,0,60,0,8,76,0,84,48,0,48,132
08/14/2017,GLS,TX,ASW,CE,Federal Contract Tower,0,3,15,0,18,0,32,58,8,98,0,35,73,8,116,26,2,28,144
08/15/2017,GLS,TX,ASW,CE,Federal Contract Tower,0,7,4,5,16,0,22,30,1,53,0,29,34,6,69,44,0,44,113
08/16/2017,GLS,TX,ASW,CE,Federal Contract Tower,0,1,10,0,11,0,37,13,2,52,0,38,23,2,63,14,0,14,77
08/17/2017,GLS,TX,ASW,CE,Federal Contract Tower,0,3,6,0,9,0,20,22,2,44,0,23,28,2,53,4,0,4,57
08/18/2017,GLS,TX,ASW,CE,Federal Contract Tower,0,3,13,2,18,0,7,44,0,51,0,10,57,2,69,32,4,36,105
08/19/2017,GLS,TX,ASW,CE,Federal Contract Tower,0,2,12,2,16,0,8,53,0,61,0,10,65,2,77,6,0,6,83
08/20/2017,GLS,TX,ASW,CE,Federal Contract Tower,0,3,11,0,14,0,1,41,4,46,0,4,52,4,60,0,0,0,60
08/21/2017,GLS,TX,ASW,CE,Federal Contract Tower,0,2,8,0,10,0,7,18,2,27,0,9,26,2,37,4,0,4,41
08/22/2017,GLS,TX,ASW,CE,Federal Contract Tower,0,3,5,0,8,0,24,13,0,37,0,27,18,0,45,0,0,0,45
08/23/2017,GLS,TX,ASW,CE,Federal Contract Tower,0,8,9,0,17,0,44,22,0,66,0,52,31,0,83,0,0,0,83
08/24/2017,GLS,TX,ASW,CE,Federal Contract Tower,0,10,3,0,13,0,24,18,0,42,0,34,21,0,55,10,0,10,65
08/25/2017,GLS,TX,ASW,CE,Federal Contract Tower,0,0,1,0,1,0,0,7,0,7,0,0,8,0,8,0,0,0,8
08/26/2017,GLS,TX,ASW,CE,Federal Contract Tower,0,0,0,0,0,0,0,0,0,0,0,0,0,0,0,0,0,0,0
08/27/2017,GLS,TX,ASW,CE,Federal Contract Tower,0,0,0,0,0,0,0,0,0,0,0,0,0,0,0,0,0,0,0
08/28/2017,GLS,TX,ASW,CE,Federal Contract Tower,0,1,0,11,12,0,0,2,3,5,0,1,2,14,17,0,0,0,17
08/30/2017,GLS,TX,ASW,CE,Federal Contract Tower,0,1,3,3,7,0,6,15,6,27,0,7,18,9,34,2,2,4,38
08/31/2017,GLS,TX,ASW,CE,Federal Contract Tower,0,4,12,2,18,0,33,22,0,55,0,37,34,2,73,0,0,0,73
09/01/2017,GLS,TX,ASW,CE,Federal Contract Tower,0,18,11,0,29,0,43,15,0,58,0,61,26,0,87,0,0,0,87
09/02/2017,GLS,TX,ASW,CE,Federal Contract Tower,1,0,4,0,5,0,18,17,0,35,1,18,21,0,40,2,0,2,42
09/03/2017,GLS,TX,ASW,CE,Federal Contract Tower,0,2,11,2,15,0,14,13,0,27,0,16,24,2,42,0,0,0,42
09/04/2017,GLS,TX,ASW,CE,Federal Contract Tower,0,3,8,0,11,0,8,12,0,20,0,11,20,0,31,6,0,6,37
09/05/2017,GLS,TX,ASW,CE,Federal Contract Tower,0,4,5,0,9,0,19,17,2,38,0,23,22,2,47,2,0,2,49
09/06/2017,GLS,TX,ASW,CE,Federal Contract Tower,0,4,6,0,10,0,23,14,1,38,0,27,20,1,48,0,0,0,48
09/07/2017,GLS,TX,ASW,CE,Federal Contract Tower,0,3,9,0,12,0,9,24,4,37,0,12,33,4,49,26,0,26,75
09/08/2017,GLS,TX,ASW,CE,Federal Contract Tower,0,4,21,0,25,0,12,24,2,38,0,16,45,2,63,18,0,18,81
09/09/2017,GLS,TX,ASW,CE,Federal Contract Tower,0,1,19,0,20,0,10,58,0,68,0,11,77,0,88,48,0,48,136
09/10/2017,GLS,TX,ASW,CE,Federal Contract Tower,0,0,11,0,11,0,10,64,2,76,0,10,75,2,87,18,0,18,105
09/11/2017,GLS,TX,ASW,CE,Federal Contract Tower,0,4,7,0,11,0,18,14,0,32,0,22,21,0,43,26,0,26,69
09/12/2017,GLS,TX,ASW,CE,Federal Contract Tower,0,0,17,0,17,0,30,27,4,61,0,30,44,4,78,4,0,4,82
09/13/2017,GLS,TX,ASW,CE,Federal Contract Tower,0,6,11,0,17,0,35,16,9,60,0,41,27,9,77,6,5,11,88
09/14/2017,GLS,TX,ASW,CE,Federal Contract Tower,0,3,2,0,5,0,20,37,0,57,0,23,39,0,62,10,0,10,72
09/15/2017,GLS,TX,ASW,CE,Federal Contract Tower,0,1,20,0,21,0,15,45,2,62,0,16,65,2,83,30,16,46,129
09/16/2017,GLS,TX,ASW,CE,Federal Contract Tower,0,2,14,8,24,0,9,60,0,69,0,11,74,8,93,14,0,14,107
09/17/2017,GLS,TX,ASW,CE,Federal Contract Tower,0,0,19,0,19,0,15,38,0,53,0,15,57,0,72,24,0,24,96
09/18/2017,GLS,TX,ASW,CE,Federal Contract Tower,0,5,5,0,10,0,19,24,0,43,0,24,29,0,53,20,0,20,73
09/19/2017,GLS,TX,ASW,CE,Federal Contract Tower,0,3,6,2,11,0,22,18,2,42,0,25,24,4,53,14,0,14,67
09/20/2017,GLS,TX,ASW,CE,Federal Contract Tower,0,4,6,0,10,0,23,14,0,37,0,27,20,0,47,22,0,22,69
09/21/2017,GLS,TX,ASW,CE,Federal Contract Tower,0,4,7,0,11,0,18,19,0,37,0,22,26,0,48,8,0,8,56
09/22/2017,GLS,TX,ASW,CE,Federal Contract Tower,0,3,13,0,16,0,11,57,4,72,0,14,70,4,88,50,0,50,138
09/23/2017,GLS,TX,ASW,CE,Federal Contract Tower,0,0,20,0,20,0,14,42,0,56,0,14,62,0,76,52,0,52,128
09/24/2017,GLS,TX,ASW,CE,Federal Contract Tower,0,0,11,0,11,0,14,40,0,54,0,14,51,0,65,20,0,20,85
09/25/2017,GLS,TX,ASW,CE,Federal Contract Tower,0,2,14,10,26,0,16,16,0,32,0,18,30,10,58,4,0,4,62
09/26/2017,GLS,TX,ASW,CE,Federal Contract Tower,0,4,7,0,11,0,22,13,0,35,0,26,20,0,46,8,0,8,54
09/27/2017,GLS,TX,ASW,CE,Federal Contract Tower,0,4,13,0,17,0,27,20,0,47,0,31,33,0,64,12,0,12,76
09/28/2017,GLS,TX,ASW,CE,Federal Contract Tower,0,4,7,2,13,0,7,10,0,17,0,11,17,2,30,8,0,8,38
09/29/2017,GLS,TX,ASW,CE,Federal Contract Tower,0,4,17,0,21,0,15,37,2,54,0,19,54,2,75,20,2,22,97
09/30/2017,GLS,TX,ASW,CE,Federal Contract Tower,0,6,19,0,25,0,16,137,12,165,0,22,156,12,190,28,0,28,218
10/01/2017,GLS,TX,ASW,CE,Federal Contract Tower,0,5,22,1,28,0,22,89,2,113,0,27,111,3,141,48,4,52,193
10/02/2017,GLS,TX,ASW,CE,Federal Contract Tower,0,7,2,2,11,0,18,20,0,38,0,25,22,2,49,14,0,14,63
10/03/2017,GLS,TX,ASW,CE,Federal Contract Tower,0,5,6,1,12,0,20,3,1,24,0,25,9,2,36,12,0,12,48
10/04/2017,GLS,TX,ASW,CE,Federal Contract Tower,0,4,10,0,14,0,30,17,2,49,0,34,27,2,63,4,0,4,67
10/05/2017,GLS,TX,ASW,CE,Federal Contract Tower,0,4,11,4,19,0,12,24,0,36,0,16,35,4,55,30,0,30,85
10/06/2017,GLS,TX,ASW,CE,Federal Contract Tower,0,3,9,2,14,0,14,50,0,64,0,17,59,2,78,46,2,48,126
10/07/2017,GLS,TX,ASW,CE,Federal Contract Tower,0,7,9,4,20,0,14,36,3,53,0,21,45,7,73,4,0,4,77
10/08/2017,GLS,TX,ASW,CE,Federal Contract Tower,0,6,2,0,8,0,24,45,0,69,0,30,47,0,77,22,0,22,99
10/09/2017,GLS,TX,ASW,CE,Federal Contract Tower,0,4,12,2,18,0,14,31,7,52,0,18,43,9,70,64,0,64,134
10/10/2017,GLS,TX,ASW,CE,Federal Contract Tower,0,6,8,0,14,0,29,4,2,35,0,35,12,2,49,6,2,8,57
10/11/2017,GLS,TX,ASW,CE,Federal Contract Tower,0,4,15,0,19,0,32,20,0,52,0,36,35,0,71,30,0,30,101
10/12/2017,GLS,TX,ASW,CE,Federal Contract Tower,0,6,6,2,14,0,20,21,0,41,0,26,27,2,55,24,0,24,79
10/13/2017,GLS,TX,ASW,CE,Federal Contract Tower,0,6,14,0,20,0,3,24,0,27,0,9,38,0,47,6,0,6,53
10/14/2017,GLS,TX,ASW,CE,Federal Contract Tower,0,2,11,4,17,0,5,57,0,62,0,7,68,4,79,16,0,16,95
10/15/2017,GLS,TX,ASW,CE,Federal Contract Tower,0,4,15,0,19,0,16,72,2,90,0,20,87,2,109,26,0,26,135
10/16/2017,GLS,TX,ASW,CE,Federal Contract Tower,0,4,1,2,7,0,17,13,0,30,0,21,14,2,37,6,0,6,43
10/17/2017,GLS,TX,ASW,CE,Federal Contract Tower,0,3,11,0,14,0,20,27,0,47,0,23,38,0,61,26,0,26,87
10/18/2017,GLS,TX,ASW,CE,Federal Contract Tower,0,9,8,0,17,0,33,22,0,55,0,42,30,0,72,26,0,26,98
10/19/2017,GLS,TX,ASW,CE,Federal Contract Tower,0,2,5,0,7,0,9,39,0,48,0,11,44,0,55,24,0,24,79
10/20/2017,GLS,TX,ASW,CE,Federal Contract Tower,0,4,5,0,9,0,1,4,0,5,0,5,9,0,14,2,0,2,16
10/21/2017,GLS,TX,ASW,CE,Federal Contract Tower,0,4,21,0,25,0,19,45,0,64,0,23,66,0,89,12,0,12,101
10/22/2017,GLS,TX,ASW,CE,Federal Contract Tower,0,6,6,0,12,0,4,7,0,11,0,10,13,0,23,0,0,0,23
10/23/2017,GLS,TX,ASW,CE,Federal Contract Tower,0,4,10,0,14,0,6,27,2,35,0,10,37,2,49,18,0,18,67
10/24/2017,GLS,TX,ASW,CE,Federal Contract Tower,0,4,9,0,13,0,14,11,0,25,0,18,20,0,38,10,0,10,48
10/25/2017,GLS,TX,ASW,CE,Federal Contract Tower,0,5,17,0,22,0,29,32,2,63,0,34,49,2,85,28,12,40,125
10/26/2017,GLS,TX,ASW,CE,Federal Contract Tower,0,6,12,0,18,0,15,40,0,55,0,21,52,0,73,20,0,20,93
10/27/2017,GLS,TX,ASW,CE,Federal Contract Tower,0,6,9,2,17,0,7,8,0,15,0,13,17,2,32,16,0,16,48
10/28/2017,GLS,TX,ASW,CE,Federal Contract Tower,0,4,8,2,14,0,15,26,6,47,0,19,34,8,61,8,22,30,91
10/29/2017,GLS,TX,ASW,CE,Federal Contract Tower,0,5,18,0,23,0,8,93,0,101,0,13,111,0,124,14,0,14,138
10/30/2017,GLS,TX,ASW,CE,Federal Contract Tower,0,5,13,2,20,0,9,52,2,63,0,14,65,4,83,18,0,18,101
10/31/2017,GLS,TX,ASW,CE,Federal Contract Tower,0,6,1,5,12,0,11,8,1,20,0,17,9,6,32,0,0,0,32
11/01/2017,GLS,TX,ASW,CE,Federal Contract Tower,0,5,8,0,13,0,16,0,2,18,0,21,8,2,31,4,2,6,37
11/02/2017,GLS,TX,ASW,CE,Federal Contract Tower,0,5,13,1,19,0,11,16,1,28,0,16,29,2,47,22,0,22,69
11/03/2017,GLS,TX,ASW,CE,Federal Contract Tower,0,8,10,7,25,0,21,19,5,45,0,29,29,12,70,14,36,50,120
11/04/2017,GLS,TX,ASW,CE,Federal Contract Tower,0,2,13,0,15,0,28,55,2,85,0,30,68,2,100,20,0,20,120
11/05/2017,GLS,TX,ASW,CE,Federal Contract Tower,0,3,16,0,19,0,13,49,0,62,0,16,65,0,81,26,0,26,107
11/06/2017,GLS,TX,ASW,CE,Federal Contract Tower,0,3,9,0,12,0,9,25,0,34,0,12,34,0,46,6,0,6,52
11/07/2017,GLS,TX,ASW,CE,Federal Contract Tower,0,5,15,0,20,0,16,25,0,41,0,21,40,0,61,4,0,4,65
11/08/2017,GLS,TX,ASW,CE,Federal Contract Tower,0,13,4,4,21,0,31,1,0,32,0,44,5,4,53,0,0,0,53
11/09/2017,GLS,TX,ASW,CE,Federal Contract Tower,0,7,11,6,24,0,13,17,3,33,0,20,28,9,57,20,10,30,87
11/10/2017,GLS,TX,ASW,CE,Federal Contract Tower,0,7,13,0,20,0,8,22,1,31,0,15,35,1,51,32,0,32,83
11/11/2017,GLS,TX,ASW,CE,Federal Contract Tower,0,4,22,0,26,0,14,66,3,83,0,18,88,3,109,32,22,54,163
11/12/2017,GLS,TX,ASW,CE,Federal Contract Tower,0,4,7,0,11,0,5,56,0,61,0,9,63,0,72,2,0,2,74
11/13/2017,GLS,TX,ASW,CE,Federal Contract Tower,0,7,8,0,15,0,9,31,4,44,0,16,39,4,59,4,0,4,63
11/14/2017,GLS,TX,ASW,CE,Federal Contract Tower,0,6,12,8,26,0,21,26,4,51,0,27,38,12,77,14,22,36,113
11/15/2017,GLS,TX,ASW,CE,Federal Contract Tower,0,5,7,0,12,0,23,24,2,49,0,28,31,2,61,42,0,42,103
11/16/2017,GLS,TX,ASW,CE,Federal Contract Tower,0,3,7,0,10,0,10,31,0,41,0,13,38,0,51,26,4,30,81
11/17/2017,GLS,TX,ASW,CE,Federal Contract Tower,0,10,15,0,25,0,4,39,4,47,0,14,54,4,72,42,12,54,126
11/18/2017,GLS,TX,ASW,CE,Federal Contract Tower,0,3,9,0,12,0,9,15,0,24,0,12,24,0,36,20,0,20,56
11/19/2017,GLS,TX,ASW,CE,Federal Contract Tower,0,3,10,1,14,0,9,32,0,41,0,12,42,1,55,4,0,4,59
11/20/2017,GLS,TX,ASW,CE,Federal Contract Tower,0,7,3,0,10,0,11,58,0,69,0,18,61,0,79,22,0,22,101
11/21/2017,GLS,TX,ASW,CE,Federal Contract Tower,0,7,13,0,20,0,13,30,0,43,0,20,43,0,63,34,0,34,97
11/22/2017,GLS,TX,ASW,CE,Federal Contract Tower,0,7,10,1,18,0,33,36,0,69,0,40,46,1,87,6,0,6,93
11/23/2017,GLS,TX,ASW,CE,Federal Contract Tower,0,8,7,0,15,0,21,18,2,41,0,29,25,2,56,6,2,8,64
11/24/2017,GLS,TX,ASW,CE,Federal Contract Tower,0,4,12,0,16,0,27,54,0,81,0,31,66,0,97,18,0,18,115
11/25/2017,GLS,TX,ASW,CE,Federal Contract Tower,0,1,18,0,19,0,20,80,0,100,0,21,98,0,119,16,0,16,135
11/26/2017,GLS,TX,ASW,CE,Federal Contract Tower,0,1,17,0,18,0,11,68,0,79,0,12,85,0,97,10,0,10,107
11/27/2017,GLS,TX,ASW,CE,Federal Contract Tower,0,2,9,0,11,0,22,29,6,57,0,24,38,6,68,0,0,0,68
11/28/2017,GLS,TX,ASW,CE,Federal Contract Tower,0,2,14,4,20,0,36,23,0,59,0,38,37,4,79,6,0,6,85
11/29/2017,GLS,TX,ASW,CE,Federal Contract Tower,0,6,2,12,20,0,9,1,0,10,0,15,3,12,30,16,0,16,46
12/01/2017,GLS,TX,ASW,CE,Federal Contract Tower,0,5,16,0,21,0,31,41,0,72,0,36,57,0,93,28,0,28,121
12/02/2017,GLS,TX,ASW,CE,Federal Contract Tower,0,3,19,0,22,0,15,74,1,90,0,18,93,1,112,34,0,34,146
12/03/2017,GLS,TX,ASW,CE,Federal Contract Tower,0,7,7,0,14,0,0,0,0,0,0,7,7,0,14,0,0,0,14
12/04/2017,GLS,TX,ASW,CE,Federal Contract Tower,0,6,12,0,18,0,18,8,0,26,0,24,20,0,44,2,0,2,46
12/05/2017,GLS,TX,ASW,CE,Federal Contract Tower,0,6,4,0,10,0,15,3,0,18,0,21,7,0,28,16,0,16,44
12/06/2017,GLS,TX,ASW,CE,Federal Contract Tower,0,10,2,0,12,0,15,0,0,15,0,25,2,0,27,0,0,0,27
12/07/2017,GLS,TX,ASW,CE,Federal Contract Tower,0,5,14,0,19,0,7,1,0,8,0,12,15,0,27,0,0,0,27
12/08/2017,GLS,TX,ASW,CE,Federal Contract Tower,0,0,9,0,9,0,9,5,0,14,0,9,14,0,23,2,0,2,25
12/09/2017,GLS,TX,ASW,CE,Federal Contract Tower,0,4,15,2,21,0,39,31,2,72,0,43,46,4,93,22,0,22,115
12/10/2017,GLS,TX,ASW,CE,Federal Contract Tower,0,0,13,0,13,0,22,39,0,61,0,22,52,0,74,16,0,16,90
12/11/2017,GLS,TX,ASW,CE,Federal Contract Tower,0,5,10,0,15,0,28,32,2,62,0,33,42,2,77,8,0,8,85
12/12/2017,GLS,TX,ASW,CE,Federal Contract Tower,0,3,2,0,5,0,12,18,0,30,0,15,20,0,35,32,0,32,67
12/13/2017,GLS,TX,ASW,CE,Federal Contract Tower,0,3,16,1,20,0,28,29,3,60,0,31,45,4,80,8,2,10,90
12/14/2017,GLS,TX,ASW,CE,Federal Contract Tower,0,0,11,3,14,0,16,26,0,42,0,16,37,3,56,12,0,12,68
12/15/2017,GLS,TX,ASW,CE,Federal Contract Tower,0,6,7,0,13,0,6,21,8,35,0,12,28,8,48,14,6,20,68
12/16/2017,GLS,TX,ASW,CE,Federal Contract Tower,0,3,11,0,14,0,8,32,0,40,0,11,43,0,54,16,0,16,70
12/17/2017,GLS,TX,ASW,CE,Federal Contract Tower,0,3,13,0,16,0,5,12,0,17,0,8,25,0,33,2,0,2,35
12/18/2017,GLS,TX,ASW,CE,Federal Contract Tower,0,10,5,0,15,0,3,1,0,4,0,13,6,0,19,2,0,2,21
12/19/2017,GLS,TX,ASW,CE,Federal Contract Tower,0,5,8,4,17,0,0,0,0,0,0,5,8,4,17,0,0,0,17
12/20/2017,GLS,TX,ASW,CE,Federal Contract Tower,0,5,7,4,16,0,40,35,2,77,0,45,42,6,93,24,0,24,117
12/21/2017,GLS,TX,ASW,CE,Federal Contract Tower,0,11,15,2,28,0,5,0,0,5,0,16,15,2,33,0,0,0,33
12/22/2017,GLS,TX,ASW,CE,Federal Contract Tower,0,6,12,0,18,0,12,7,2,21,0,18,19,2,39,0,0,0,39
12/23/2017,GLS,TX,ASW,CE,Federal Contract Tower,0,3,14,0,17,0,6,47,0,53,0,9,61,0,70,10,0,10,80
12/24/2017,GLS,TX,ASW,CE,Federal Contract Tower,0,2,7,0,9,0,5,38,0,43,0,7,45,0,52,20,0,20,72
12/25/2017,GLS,TX,ASW,CE,Federal Contract Tower,0,4,1,0,5,0,9,11,2,22,0,13,12,2,27,0,0,0,27
12/26/2017,GLS,TX,ASW,CE,Federal Contract Tower,0,10,2,0,12,0,0,0,0,0,0,10,2,0,12,0,0,0,12
12/27/2017,GLS,TX,ASW,CE,Federal Contract Tower,0,14,6,0,20,0,0,0,0,0,0,14,6,0,20,0,0,0,20
12/28/2017,GLS,TX,ASW,CE,Federal Contract Tower,0,11,5,2,18,0,4,1,0,5,0,15,6,2,23,0,0,0,23
12/29/2017,GLS,TX,ASW,CE,Federal Contract Tower,0,11,14,0,25,0,12,30,0,42,0,23,44,0,67,6,0,6,73
12/30/2017,GLS,TX,ASW,CE,Federal Contract Tower,0,4,8,0,12,0,5,2,0,7,0,9,10,0,19,6,0,6,25
12/31/2017,GLS,TX,ASW,CE,Federal Contract Tower,0,8,5,0,13,0,1,1,0,2,0,9,6,0,15,0,0,0,15
01/01/2018,GLS,TX,ASW,CE,Federal Contract Tower,0,0,3,0,3,0,6,15,0,21,0,6,18,0,24,2,0,2,26
01/02/2018,GLS,TX,ASW,CE,Federal Contract Tower,0,2,1,0,3,0,16,6,2,24,0,18,7,2,27,0,8,8,35
01/03/2018,GLS,TX,ASW,CE,Federal Contract Tower,0,0,6,0,6,0,25,13,2,40,0,25,19,2,46,0,0,0,46
01/04/2018,GLS,TX,ASW,CE,Federal Contract Tower,0,4,13,0,17,0,29,27,2,58,0,33,40,2,75,10,12,22,97
01/05/2018,GLS,TX,ASW,CE,Federal Contract Tower,0,1,17,0,18,0,18,18,0,36,0,19,35,0,54,38,0,38,92
01/06/2018,GLS,TX,ASW,CE,Federal Contract Tower,0,2,12,16,30,0,10,38,0,48,0,12,50,16,78,48,0,48,126
01/07/2018,GLS,TX,ASW,CE,Federal Contract Tower,0,6,5,1,12,0,11,12,0,23,0,17,17,1,35,8,0,8,43
01/08/2018,GLS,TX,ASW,CE,Federal Contract Tower,0,3,6,0,9,0,10,24,0,34,0,13,30,0,43,12,0,12,55
01/09/2018,GLS,TX,ASW,CE,Federal Contract Tower,0,10,8,5,23,0,18,1,1,20,0,28,9,6,43,6,12,18,61
01/10/2018,GLS,TX,ASW,CE,Federal Contract Tower,0,10,27,1,38,0,15,0,1,16,0,25,27,2,54,2,0,2,56
01/11/2018,GLS,TX,ASW,CE,Federal Contract Tower,0,9,18,0,27,0,10,0,3,13,0,19,18,3,40,0,0,0,40
01/12/2018,GLS,TX,ASW,CE,Federal Contract Tower,0,1,10,0,11,0,6,18,5,29,0,7,28,5,40,28,0,28,68
01/13/2018,GLS,TX,ASW,CE,Federal Contract Tower,0,6,12,7,25,0,6,33,5,44,0,12,45,12,69,12,0,12,81
01/14/2018,GLS,TX,ASW,CE,Federal Contract Tower,0,2,8,1,11,0,11,33,1,45,0,13,41,2,56,32,0,32,88
01/15/2018,GLS,TX,ASW,CE,Federal Contract Tower,0,2,11,14,27,0,8,21,0,29,0,10,32,14,56,30,6,36,92
01/16/2018,GLS,TX,ASW,CE,Federal Contract Tower,0,1,1,0,2,0,0,0,0,0,0,1,1,0,2,0,0,0,2
01/17/2018,GLS,TX,ASW,CE,Federal Contract Tower,0,0,5,4,9,0,20,9,0,29,0,20,14,4,38,10,0,10,48
01/18/2018,GLS,TX,ASW,CE,Federal Contract Tower,0,2,15,0,17,0,44,8,2,54,0,46,23,2,71,0,4,4,75
01/19/2018,GLS,TX,ASW,CE,Federal Contract Tower,0,8,7,0,15,0,17,3,0,20,0,25,10,0,35,0,0,0,35
01/20/2018,GLS,TX,ASW,CE,Federal Contract Tower,0,10,5,2,17,0,4,5,0,9,0,14,10,2,26,0,0,0,26
01/21/2018,GLS,TX,ASW,CE,Federal Contract Tower,0,4,18,8,30,0,0,0,0,0,0,4,18,8,30,0,0,0,30
01/22/2018,GLS,TX,ASW,CE,Federal Contract Tower,0,6,7,0,13,0,28,14,0,42,0,34,21,0,55,6,0,6,61
01/23/2018,GLS,TX,ASW,CE,Federal Contract Tower,0,5,27,2,34,0,15,13,0,28,0,20,40,2,62,0,0,0,62
01/24/2018,GLS,TX,ASW,CE,Federal Contract Tower,0,6,4,2,12,0,37,23,0,60,0,43,27,2,72,0,0,0,72
01/25/2018,GLS,TX,ASW,CE,Federal Contract Tower,0,8,8,0,16,0,18,23,0,41,0,26,31,0,57,18,0,18,75
01/26/2018,GLS,TX,ASW,CE,Federal Contract Tower,0,8,19,4,31,0,8,9,0,17,0,16,28,4,48,0,0,0,48
01/27/2018,GLS,TX,ASW,CE,Federal Contract Tower,0,1,4,0,5,0,1,0,0,1,0,2,4,0,6,0,0,0,6
01/28/2018,GLS,TX,ASW,CE,Federal Contract Tower,0,4,11,2,17,0,4,16,0,20,0,8,27,2,37,30,0,30,67
01/29/2018,GLS,TX,ASW,CE,Federal Contract Tower,0,1,13,0,14,0,20,25,4,49,0,21,38,4,63,24,0,24,87
01/30/2018,GLS,TX,ASW,CE,Federal Contract Tower,0,2,4,1,7,0,21,19,2,42,0,23,23,3,49,12,0,12,61
01/31/2018,GLS,TX,ASW,CE,Federal Contract Tower,0,0,16,0,16,0,41,29,0,70,0,41,45,0,86,42,0,42,128
02/01/2018,GLS,TX,ASW,CE,Federal Contract Tower,0,5,14,0,19,0,16,9,0,25,0,21,23,0,44,0,0,0,44
02/02/2018,GLS,TX,ASW,CE,Federal Contract Tower,0,6,7,0,13,0,12,18,0,30,0,18,25,0,43,24,0,24,67
02/03/2018,GLS,TX,ASW,CE,Federal Contract Tower,0,1,10,2,13,0,17,8,1,26,0,18,18,3,39,4,0,4,43
02/04/2018,GLS,TX,ASW,CE,Federal Contract Tower,0,10,9,0,19,0,0,0,0,0,0,10,9,0,19,0,0,0,19
02/05/2018,GLS,TX,ASW,CE,Federal Contract Tower,0,5,6,0,11,0,25,1,0,26,0,30,7,0,37,0,0,0,37
02/06/2018,GLS,TX,ASW,CE,Federal Contract Tower,0,2,0,8,10,0,0,0,0,0,0,2,0,8,10,0,0,0,10
02/07/2018,GLS,TX,ASW,CE,Federal Contract Tower,0,32,6,0,38,0,2,0,0,2,0,34,6,0,40,0,0,0,40
02/08/2018,GLS,TX,ASW,CE,Federal Contract Tower,0,7,9,0,16,0,19,7,1,27,0,26,16,1,43,0,0,0,43
02/09/2018,GLS,TX,ASW,CE,Federal Contract Tower,0,8,18,1,27,0,1,4,1,6,0,9,22,2,33,0,2,2,35
02/10/2018,GLS,TX,ASW,CE,Federal Contract Tower,0,2,7,0,9,0,0,0,0,0,0,2,7,0,9,0,0,0,9
02/11/2018,GLS,TX,ASW,CE,Federal Contract Tower,0,2,4,1,7,0,6,2,1,9,0,8,6,2,16,0,0,0,16
02/12/2018,GLS,TX,ASW,CE,Federal Contract Tower,0,21,10,0,31,0,8,2,0,10,0,29,12,0,41,4,0,4,45
02/13/2018,GLS,TX,ASW,CE,Federal Contract Tower,0,16,9,0,25,0,0,0,0,0,0,16,9,0,25,0,0,0,25
02/14/2018,GLS,TX,ASW,CE,Federal Contract Tower,0,4,9,4,17,0,2,1,0,3,0,6,10,4,20,0,0,0,20
02/15/2018,GLS,TX,ASW,CE,Federal Contract Tower,0,5,9,0,14,0,3,5,0,8,0,8,14,0,22,6,0,6,28
02/16/2018,GLS,TX,ASW,CE,Federal Contract Tower,0,15,9,4,28,0,10,2,0,12,0,25,11,4,40,0,0,0,40
02/17/2018,GLS,TX,ASW,CE,Federal Contract Tower,0,10,12,0,22,0,1,6,0,7,0,11,18,0,29,0,0,0,29
02/18/2018,GLS,TX,ASW,CE,Federal Contract Tower,0,4,13,1,18,0,0,0,0,0,0,4,13,1,18,0,0,0,18
02/19/2018,GLS,TX,ASW,CE,Federal Contract Tower,0,4,19,0,23,0,12,20,0,32,0,16,39,0,55,8,0,8,63
02/20/2018,GLS,TX,ASW,CE,Federal Contract Tower,0,13,3,0,16,0,9,0,0,9,0,22,3,0,25,2,2,4,29
02/21/2018,GLS,TX,ASW,CE,Federal Contract Tower,0,22,2,0,24,0,0,0,0,0,0,22,2,0,24,0,0,0,24
02/22/2018,GLS,TX,ASW,CE,Federal Contract Tower,0,8,3,2,13,0,0,2,0,2,0,8,5,2,15,0,0,0,15
02/23/2018,GLS,TX,ASW,CE,Federal Contract Tower,0,3,5,12,20,0,0,0,0,0,0,3,5,12,20,0,0,0,20
02/24/2018,GLS,TX,ASW,CE,Federal Contract Tower,0,5,6,4,15,0,15,15,7,37,0,20,21,11,52,2,4,6,58
02/25/2018,GLS,TX,ASW,CE,Federal Contract Tower,0,5,2,12,19,0,4,8,0,12,0,9,10,12,31,8,0,8,39
02/26/2018,GLS,TX,ASW,CE,Federal Contract Tower,0,6,9,0,15,0,8,29,5,42,0,14,38,5,57,26,0,26,83
02/27/2018,GLS,TX,ASW,CE,Federal Contract Tower,0,15,1,0,16,0,10,0,0,10,0,25,1,0,26,0,0,0,26
02/28/2018,GLS,TX,ASW,CE,Federal Contract Tower,0,5,10,3,18,0,29,5,1,35,0,34,15,4,53,26,0,26,79
03/01/2018,GLS,TX,ASW,CE,Federal Contract Tower,0,5,6,0,11,0,12,26,2,40,0,17,32,2,51,4,0,4,55
03/02/2018,GLS,TX,ASW,CE,Federal Contract Tower,0,3,18,0,21,0,11,43,1,55,0,14,61,1,76,34,0,34,110
03/03/2018,GLS,TX,ASW,CE,Federal Contract Tower,0,2,17,0,19,0,9,49,0,58,0,11,66,0,77,12,0,12,89
03/04/2018,GLS,TX,ASW,CE,Federal Contract Tower,0,0,4,0,4,0,9,33,0,42,0,9,37,0,46,12,0,12,58
03/05/2018,GLS,TX,ASW,CE,Federal Contract Tower,0,4,11,2,17,0,18,21,0,39,0,22,32,2,56,2,0,2,58
03/06/2018,GLS,TX,ASW,CE,Federal Contract Tower,0,3,15,0,18,0,13,10,2,25,0,16,25,2,43,6,0,6,49
03/07/2018,GLS,TX,ASW,CE,Federal Contract Tower,0,3,4,0,7,0,30,15,2,47,0,33,19,2,54,8,2,10,64
03/08/2018,GLS,TX,ASW,CE,Federal Contract Tower,0,3,5,0,8,0,11,33,0,44,0,14,38,0,52,18,2,20,72
03/09/2018,GLS,TX,ASW,CE,Federal Contract Tower,0,7,11,0,18,0,5,28,0,33,0,12,39,0,51,24,0,24,75
03/10/2018,GLS,TX,ASW,CE,Federal Contract Tower,0,7,15,2,24,0,6,25,0,31,0,13,40,2,55,8,0,8,63
03/11/2018,GLS,TX,ASW,CE,Federal Contract Tower,0,5,9,2,16,0,0,22,0,22,0,5,31,2,38,0,0,0,38
03/12/2018,GLS,TX,ASW,CE,Federal Contract Tower,0,3,6,1,10,0,9,30,11,50,0,12,36,12,60,6,10,16,76
03/13/2018,GLS,TX,ASW,CE,Federal Contract Tower,0,4,19,0,23,0,15,46,0,61,0,19,65,0,84,28,0,28,112
03/14/2018,GLS,TX,ASW,CE,Federal Contract Tower,0,8,3,0,11,0,32,29,0,61,0,40,32,0,72,2,0,2,74
03/15/2018,GLS,TX,ASW,CE,Federal Contract Tower,0,4,17,0,21,0,13,53,2,68,0,17,70,2,89,78,0,78,167
03/16/2018,GLS,TX,ASW,CE,Federal Contract Tower,0,6,3,0,9,0,12,13,0,25,0,18,16,0,34,8,0,8,42
03/17/2018,GLS,TX,ASW,CE,Federal Contract Tower,0,2,14,0,16,0,5,5,0,10,0,7,19,0,26,10,0,10,36
03/18/2018,GLS,TX,ASW,CE,Federal Contract Tower,0,12,10,15,37,0,7,41,1,49,0,19,51,16,86,24,2,26,112
03/19/2018,GLS,TX,ASW,CE,Federal Contract Tower,0,4,9,4,17,0,9,65,1,75,0,13,74,5,92,6,0,6,98
03/20/2018,GLS,TX,ASW,CE,Federal Contract Tower,0,6,10,0,16,0,13,22,4,39,0,19,32,4,55,12,0,12,67
03/21/2018,GLS,TX,ASW,CE,Federal Contract Tower,0,4,14,0,18,0,26,39,0,65,0,30,53,0,83,26,0,26,109
03/22/2018,GLS,TX,ASW,CE,Federal Contract Tower,0,4,15,0,19,0,22,47,0,69,0,26,62,0,88,46,0,46,134
03/23/2018,GLS,TX,ASW,CE,Federal Contract Tower,0,7,19,6,32,0,10,65,3,78,0,17,84,9,110,22,12,34,144
03/24/2018,GLS,TX,ASW,CE,Federal Contract Tower,0,3,7,0,10,0,9,28,0,37,0,12,35,0,47,54,0,54,101
03/25/2018,GLS,TX,ASW,CE,Federal Contract Tower,0,6,10,0,16,0,3,66,1,70,0,9,76,1,86,48,0,48,134
03/26/2018,GLS,TX,ASW,CE,Federal Contract Tower,0,4,8,2,14,0,12,10,5,27,0,16,18,7,41,2,0,2,43
03/27/2018,GLS,TX,ASW,CE,Federal Contract Tower,0,8,23,0,31,0,8,2,0,10,0,16,25,0,41,0,0,0,41
03/28/2018,GLS,TX,ASW,CE,Federal Contract Tower,0,10,13,0,23,0,29,7,0,36,0,39,20,0,59,10,0,10,69
03/29/2018,GLS,TX,ASW,CE,Federal Contract Tower,0,7,11,0,18,0,11,27,0,38,0,18,38,0,56,22,0,22,78
03/30/2018,GLS,TX,ASW,CE,Federal Contract Tower,0,2,23,5,30,0,19,79,1,99,0,21,102,6,129,40,6,46,175
03/31/2018,GLS,TX,ASW,CE,Federal Contract Tower,0,2,24,0,26,0,13,128,0,141,0,15,152,0,167,42,0,42,209
04/01/2018,GLS,TX,ASW,CE,Federal Contract Tower,0,2,12,0,14,0,17,56,0,73,0,19,68,0,87,0,6,6,93
04/02/2018,GLS,TX,ASW,CE,Federal Contract Tower,0,2,19,0,21,0,16,55,0,71,0,18,74,0,92,12,0,12,104
04/03/2018,GLS,TX,ASW,CE,Federal Contract Tower,0,8,16,8,32,0,11,3,2,16,0,19,19,10,48,14,0,14,62
04/04/2018,GLS,TX,ASW,CE,Federal Contract Tower,0,4,8,0,12,0,19,17,0,36,0,23,25,0,48,12,0,12,60
04/05/2018,GLS,TX,ASW,CE,Federal Contract Tower,0,2,7,4,13,0,20,32,2,54,0,22,39,6,67,32,0,32,99
04/06/2018,GLS,TX,ASW,CE,Federal Contract Tower,0,7,10,6,23,0,15,23,0,38,0,22,33,6,61,2,0,2,63
04/07/2018,GLS,TX,ASW,CE,Federal Contract Tower,0,6,16,3,25,0,2,0,1,3,0,8,16,4,28,0,0,0,28
04/08/2018,GLS,TX,ASW,CE,Federal Contract Tower,0,3,26,0,29,0,1,5,4,10,0,4,31,4,39,0,10,10,49
04/09/2018,GLS,TX,ASW,CE,Federal Contract Tower,0,9,12,2,23,0,0,0,0,0,0,9,12,2,23,0,0,0,23
04/10/2018,GLS,TX,ASW,CE,Federal Contract Tower,0,4,8,6,18,0,29,38,6,73,0,33,46,12,91,10,0,10,101
04/11/2018,GLS,TX,ASW,CE,Federal Contract Tower,0,4,29,4,37,0,27,48,0,75,0,31,77,4,112,24,0,24,136
04/12/2018,GLS,TX,ASW,CE,Federal Contract Tower,0,4,13,0,17,0,9,31,0,40,0,13,44,0,57,28,0,28,85
04/13/2018,GLS,TX,ASW,CE,Federal Contract Tower,0,6,1,1,8,0,3,4,1,8,0,9,5,2,16,0,0,0,16
04/14/2018,GLS,TX,ASW,CE,Federal Contract Tower,0,3,9,0,12,0,7,14,2,23,0,10,23,2,35,20,0,20,55
04/15/2018,GLS,TX,ASW,CE,Federal Contract Tower,0,0,4,0,4,0,8,41,0,49,0,8,45,0,53,38,0,38,91
04/16/2018,GLS,TX,ASW,CE,Federal Contract Tower,0,2,9,6,17,0,22,57,13,92,0,24,66,19,109,32,10,42,151
04/17/2018,GLS,TX,ASW,CE,Federal Contract Tower,0,4,10,0,14,0,18,28,0,46,0,22,38,0,60,18,0,18,78
04/18/2018,GLS,TX,ASW,CE,Federal Contract Tower,0,4,13,0,17,0,22,35,3,60,0,26,48,3,77,30,8,38,115
04/19/2018,GLS,TX,ASW,CE,Federal Contract Tower,0,7,8,0,15,0,6,27,5,38,0,13,35,5,53,94,18,112,165
04/20/2018,GLS,TX,ASW,CE,Federal Contract Tower,0,4,16,4,24,0,8,36,2,46,0,12,52,6,70,26,0,26,96
04/21/2018,GLS,TX,ASW,CE,Federal Contract Tower,0,3,7,0,10,0,18,15,0,33,0,21,22,0,43,8,0,8,51
04/22/2018,GLS,TX,ASW,CE,Federal Contract Tower,0,2,7,0,9,0,11,33,0,44,0,13,40,0,53,14,0,14,67
04/23/2018,GLS,TX,ASW,CE,Federal Contract Tower,0,2,11,6,19,0,16,30,2,48,0,18,41,8,67,26,0,26,93
04/24/2018,GLS,TX,ASW,CE,Federal Contract Tower,0,3,15,0,18,0,14,24,2,40,0,17,39,2,58,14,0,14,72
04/25/2018,GLS,TX,ASW,CE,Federal Contract Tower,0,3,4,2,9,0,24,29,2,55,0,27,33,4,64,20,0,20,84
04/26/2018,GLS,TX,ASW,CE,Federal Contract Tower,0,4,18,0,22,0,17,42,0,59,0,21,60,0,81,20,0,20,101
04/27/2018,GLS,TX,ASW,CE,Federal Contract Tower,0,5,9,0,14,0,11,57,0,68,0,16,66,0,82,48,0,48,130
04/28/2018,GLS,TX,ASW,CE,Federal Contract Tower,0,1,25,0,26,0,15,119,0,134,0,16,144,0,160,52,0,52,212
04/29/2018,GLS,TX,ASW,CE,Federal Contract Tower,0,3,23,0,26,0,4,96,0,100,0,7,119,0,126,80,0,80,206
04/30/2018,GLS,TX,ASW,CE,Federal Contract Tower,0,4,1,0,5,0,21,36,3,60,0,25,37,3,65,48,2,50,115
05/01/2018,GLS,TX,ASW,CE,Federal Contract Tower,0,4,12,0,16,0,18,8,0,26,0,22,20,0,42,4,0,4,46
05/02/2018,GLS,TX,ASW,CE,Federal Contract Tower,0,7,7,0,14,0,14,6,0,20,0,21,13,0,34,18,0,18,52
05/03/2018,GLS,TX,ASW,CE,Federal Contract Tower,0,10,15,1,26,0,7,10,2,19,0,17,25,3,45,40,0,40,85
05/04/2018,GLS,TX,ASW,CE,Federal Contract Tower,0,9,6,2,17,0,4,42,0,46,0,13,48,2,63,22,0,22,85
05/05/2018,GLS,TX,ASW,CE,Federal Contract Tower,0,3,9,0,12,0,5,90,0,95,0,8,99,0,107,56,0,56,163
05/06/2018,GLS,TX,ASW,CE,Federal Contract Tower,0,0,20,0,20,0,3,101,2,106,0,3,121,2,126,24,0,24,150
05/07/2018,GLS,TX,ASW,CE,Federal Contract Tower,0,4,14,2,20,0,7,30,4,41,0,11,44,6,61,16,0,16,77
05/08/2018,GLS,TX,ASW,CE,Federal Contract Tower,0,4,16,0,20,0,14,35,2,51,0,18,51,2,71,20,2,22,93
05/09/2018,GLS,TX,ASW,CE,Federal Contract Tower,0,4,12,4,20,0,22,37,0,59,0,26,49,4,79,16,0,16,95
05/10/2018,GLS,TX,ASW,CE,Federal Contract Tower,0,6,9,4,19,0,15,30,0,45,0,21,39,4,64,14,0,14,78
05/11/2018,GLS,TX,ASW,CE,Federal Contract Tower,0,8,24,0,32,0,4,49,2,55,0,12,73,2,87,66,0,66,153
05/12/2018,GLS,TX,ASW,CE,Federal Contract Tower,0,0,25,0,25,0,4,69,4,77,0,4,94,4,102,54,6,60,162
05/13/2018,GLS,TX,ASW,CE,Federal Contract Tower,0,4,17,0,21,0,7,55,6,68,0,11,72,6,89,82,0,82,171
05/14/2018,GLS,TX,ASW,CE,Federal Contract Tower,0,8,14,0,22,0,13,31,2,46,0,21,45,2,68,16,12,28,96
05/15/2018,GLS,TX,ASW,CE,Federal Contract Tower,0,4,4,0,8,0,14,24,1,39,0,18,28,1,47,24,0,24,71
05/16/2018,GLS,TX,ASW,CE,Federal Contract Tower,0,8,8,0,16,0,18,29,3,50,0,26,37,3,66,26,0,26,92
05/17/2018,GLS,TX,ASW,CE,Federal Contract Tower,0,3,7,0,10,0,12,39,2,53,0,15,46,2,63,38,0,38,101
05/18/2018,GLS,TX,ASW,CE,Federal Contract Tower,0,2,18,0,20,0,16,61,0,77,0,18,79,0,97,26,0,26,123
05/19/2018,GLS,TX,ASW,CE,Federal Contract Tower,0,2,12,2,16,0,11,130,1,142,0,13,142,3,158,60,4,64,222
05/20/2018,GLS,TX,ASW,CE,Federal Contract Tower,0,5,22,3,30,0,10,70,2,82,0,15,92,5,112,16,6,22,134
05/21/2018,GLS,TX,ASW,CE,Federal Contract Tower,0,7,8,0,15,0,13,21,0,34,0,20,29,0,49,4,0,4,53
05/22/2018,GLS,TX,ASW,CE,Federal Contract Tower,0,2,5,2,9,0,20,22,5,47,0,22,27,7,56,54,0,54,110
05/23/2018,GLS,TX,ASW,CE,Federal Contract Tower,0,12,6,0,18,0,20,5,0,25,0,32,11,0,43,4,0,4,47
05/24/2018,GLS,TX,ASW,CE,Federal Contract Tower,0,5,17,0,22,0,16,44,2,62,0,21,61,2,84,40,0,40,124
05/25/2018,GLS,TX,ASW,CE,Federal Contract Tower,0,5,17,2,24,0,10,66,0,76,0,15,83,2,100,52,0,52,152
05/26/2018,GLS,TX,ASW,CE,Federal Contract Tower,0,1,6,0,7,0,18,109,0,127,0,19,115,0,134,34,0,34,168
05/27/2018,GLS,TX,ASW,CE,Federal Contract Tower,0,2,18,0,20,0,12,112,0,124,0,14,130,0,144,10,0,10,154
05/28/2018,GLS,TX,ASW,CE,Federal Contract Tower,0,7,29,0,36,0,11,160,0,171,0,18,189,0,207,38,0,38,245
05/29/2018,GLS,TX,ASW,CE,Federal Contract Tower,0,9,10,1,20,0,8,35,1,44,0,17,45,2,64,28,0,28,92
05/30/2018,GLS,TX,ASW,CE,Federal Contract Tower,0,4,30,2,36,0,26,44,0,70,0,30,74,2,106,16,0,16,122
05/31/2018,GLS,TX,ASW,CE,Federal Contract Tower,0,5,9,0,14,0,6,19,0,25,0,11,28,0,39,56,0,56,95
06/01/2018,GLS,TX,ASW,CE,Federal Contract Tower,0,10,26,0,36,0,7,64,0,71,0,17,90,0,107,38,0,38,145
06/02/2018,GLS,TX,ASW,CE,Federal Contract Tower,0,5,15,0,20,0,4,113,0,117,0,9,128,0,137,50,0,50,187
06/03/2018,GLS,TX,ASW,CE,Federal Contract Tower,0,4,18,0,22,0,8,112,0,120,0,12,130,0,142,34,0,34,176
06/04/2018,GLS,TX,ASW,CE,Federal Contract Tower,0,11,19,4,34,0,8,48,2,58,0,19,67,6,92,20,12,32,124
06/05/2018,GLS,TX,ASW,CE,Federal Contract Tower,0,6,5,0,11,0,19,24,0,43,0,25,29,0,54,40,0,40,94
06/06/2018,GLS,TX,ASW,CE,Federal Contract Tower,0,4,10,1,15,0,35,18,3,56,0,39,28,4,71,6,2,8,79
06/07/2018,GLS,TX,ASW,CE,Federal Contract Tower,0,5,14,2,21,0,8,43,0,51,0,13,57,2,72,42,0,42,114
06/08/2018,GLS,TX,ASW,CE,Federal Contract Tower,0,4,18,0,22,0,2,80,0,82,0,6,98,0,104,28,0,28,132
06/09/2018,GLS,TX,ASW,CE,Federal Contract Tower,0,2,10,0,12,0,8,94,4,106,0,10,104,4,118,48,0,48,166
06/10/2018,GLS,TX,ASW,CE,Federal Contract Tower,0,5,20,4,29,0,1,69,0,70,0,6,89,4,99,2,0,2,101
06/11/2018,GLS,TX,ASW,CE,Federal Contract Tower,0,8,5,0,13,0,18,51,2,71,0,26,56,2,84,6,12,18,102
06/12/2018,GLS,TX,ASW,CE,Federal Contract Tower,0,4,17,0,21,0,12,27,0,39,0,16,44,0,60,38,0,38,98
06/13/2018,GLS,TX,ASW,CE,Federal Contract Tower,0,4,19,1,24,0,26,36,2,64,0,30,55,3,88,14,15,29,117
06/14/2018,GLS,TX,ASW,CE,Federal Contract Tower,0,6,13,0,19,0,12,22,0,34,0,18,35,0,53,0,0,0,53
06/15/2018,GLS,TX,ASW,CE,Federal Contract Tower,0,3,9,0,12,0,7,14,0,21,0,10,23,0,33,0,0,0,33
06/16/2018,GLS,TX,ASW,CE,Federal Contract Tower,0,3,3,0,6,0,9,28,0,37,0,12,31,0,43,10,0,10,53
06/17/2018,GLS,TX,ASW,CE,Federal Contract Tower,0,2,5,0,7,0,7,7,0,14,0,9,12,0,21,8,0,8,29
06/18/2018,GLS,TX,ASW,CE,Federal Contract Tower,0,2,2,0,4,0,10,2,0,12,0,12,4,0,16,8,0,8,24
06/19/2018,GLS,TX,ASW,CE,Federal Contract Tower,0,2,0,0,2,0,2,0,2,4,0,4,0,2,6,0,0,0,6
06/20/2018,GLS,TX,ASW,CE,Federal Contract Tower,0,13,2,0,15,0,27,5,0,32,0,40,7,0,47,0,0,0,47
06/21/2018,GLS,TX,ASW,CE,Federal Contract Tower,0,10,4,0,14,0,17,27,0,44,0,27,31,0,58,0,0,0,58
06/22/2018,GLS,TX,ASW,CE,Federal Contract Tower,0,8,17,5,30,0,9,60,2,71,0,17,77,7,101,12,0,12,113
06/23/2018,GLS,TX,ASW,CE,Federal Contract Tower,0,6,16,5,27,0,10,66,2,78,0,16,82,7,105,14,2,16,121
06/24/2018,GLS,TX,ASW,CE,Federal Contract Tower,0,3,9,0,12,0,15,61,1,77,0,18,70,1,89,16,0,16,105
06/25/2018,GLS,TX,ASW,CE,Federal Contract Tower,0,6,19,4,29,0,24,36,11,71,0,30,55,15,100,18,20,38,138
06/26/2018,GLS,TX,ASW,CE,Federal Contract Tower,0,1,19,0,20,0,28,42,1,71,0,29,61,1,91,8,0,8,99
06/27/2018,GLS,TX,ASW,CE,Federal Contract Tower,0,5,9,0,14,0,30,57,4,91,0,35,66,4,105,30,2,32,137
06/28/2018,GLS,TX,ASW,CE,Federal Contract Tower,0,4,6,0,10,0,9,18,2,29,0,13,24,2,39,26,0,26,65
06/29/2018,GLS,TX,ASW,CE,Federal Contract Tower,0,5,18,2,25,0,6,52,6,64,0,11,70,8,89,20,10,30,119
06/30/2018,GLS,TX,ASW,CE,Federal Contract Tower,0,3,13,0,16,0,2,93,0,95,0,5,106,0,111,22,0,22,133
07/01/2018,GLS,TX,ASW,CE,Federal Contract Tower,0,2,21,0,23,0,14,88,7,109,0,16,109,7,132,32,4,36,168
07/02/2018,GLS,TX,ASW,CE,Federal Contract Tower,0,5,7,4,16,0,11,61,3,75,0,16,68,7,91,6,0,6,97
07/03/2018,GLS,TX,ASW,CE,Federal Contract Tower,0,5,13,0,18,0,27,51,5,83,0,32,64,5,101,42,0,42,143
07/04/2018,GLS,TX,ASW,CE,Federal Contract Tower,0,2,0,0,2,0,13,0,0,13,0,15,0,0,15,0,0,0,15
07/05/2018,GLS,TX,ASW,CE,Federal Contract Tower,0,10,3,0,13,0,27,41,0,68,0,37,44,0,81,26,0,26,107
07/06/2018,GLS,TX,ASW,CE,Federal Contract Tower,0,8,13,2,23,0,8,73,2,83,0,16,86,4,106,34,0,34,140
07/07/2018,GLS,TX,ASW,CE,Federal Contract Tower,0,2,11,6,19,0,16,83,0,99,0,18,94,6,118,18,0,18,136
07/08/2018,GLS,TX,ASW,CE,Federal Contract Tower,0,2,9,0,11,0,12,7,0,19,0,14,16,0,30,60,0,60,90
07/09/2018,GLS,TX,ASW,CE,Federal Contract Tower,0,4,2,0,6,0,15,26,8,49,0,19,28,8,55,6,4,10,65
07/10/2018,GLS,TX,ASW,CE,Federal Contract Tower,0,6,4,5,15,0,20,11,2,33,0,26,15,7,48,2,0,2,50
07/11/2018,GLS,TX,ASW,CE,Federal Contract Tower,0,5,5,0,10,0,15,12,4,31,0,20,17,4,41,12,0,12,53
07/12/2018,GLS,TX,ASW,CE,Federal Contract Tower,0,6,7,2,15,0,9,38,0,47,0,15,45,2,62,6,0,6,68
07/13/2018,GLS,TX,ASW,CE,Federal Contract Tower,0,1,13,0,14,0,11,55,7,73,0,12,68,7,87,12,6,18,105
07/14/2018,GLS,TX,ASW,CE,Federal Contract Tower,0,0,3,0,3,0,11,83,0,94,0,11,86,0,97,38,0,38,135
07/15/2018,GLS,TX,ASW,CE,Federal Contract Tower,0,5,17,0,22,0,25,113,0,138,0,30,130,0,160,22,0,22,182
07/16/2018,GLS,TX,ASW,CE,Federal Contract Tower,0,6,11,4,21,0,24,42,2,68,0,30,53,6,89,34,14,48,137
07/17/2018,GLS,TX,ASW,CE,Federal Contract Tower,0,3,8,0,11,0,19,30,0,49,0,22,38,0,60,18,0,18,78
07/18/2018,GLS,TX,ASW,CE,Federal Contract Tower,0,9,9,8,26,0,23,21,2,46,0,32,30,10,72,4,6,10,82
07/19/2018,GLS,TX,ASW,CE,Federal Contract Tower,0,4,7,4,15,0,10,27,0,37,0,14,34,4,52,36,0,36,88
07/20/2018,GLS,TX,ASW,CE,Federal Contract Tower,0,4,26,2,32,0,10,58,0,68,0,14,84,2,100,30,0,30,130
07/21/2018,GLS,TX,ASW,CE,Federal Contract Tower,0,0,17,0,17,0,5,85,0,90,0,5,102,0,107,52,0,52,159
07/22/2018,GLS,TX,ASW,CE,Federal Contract Tower,0,1,19,0,20,0,16,102,0,118,0,17,121,0,138,4,0,4,142
07/23/2018,GLS,TX,ASW,CE,Federal Contract Tower,0,2,4,0,6,0,35,66,0,101,0,37,70,0,107,8,0,8,115
07/24/2018,GLS,TX,ASW,CE,Federal Contract Tower,0,11,10,0,21,0,16,29,8,53,0,27,39,8,74,28,0,28,102
07/25/2018,GLS,TX,ASW,CE,Federal Contract Tower,0,4,8,4,16,0,40,42,0,82,0,44,50,4,98,68,0,68,166
07/26/2018,GLS,TX,ASW,CE,Federal Contract Tower,0,3,10,0,13,0,11,19,0,30,0,14,29,0,43,56,0,56,99
07/27/2018,GLS,TX,ASW,CE,Federal Contract Tower,0,2,11,0,13,0,14,68,2,84,0,16,79,2,97,38,6,44,141
07/28/2018,GLS,TX,ASW,CE,Federal Contract Tower,0,2,17,0,19,0,7,74,0,81,0,9,91,0,100,34,0,34,134
07/29/2018,GLS,TX,ASW,CE,Federal Contract Tower,0,2,14,0,16,0,8,102,0,110,0,10,116,0,126,20,0,20,146
07/30/2018,GLS,TX,ASW,CE,Federal Contract Tower,0,6,14,4,24,0,13,31,2,46,0,19,45,6,70,18,0,18,88
07/31/2018,GLS,TX,ASW,CE,Federal Contract Tower,0,6,8,0,14,0,13,7,0,20,0,19,15,0,34,8,0,8,42
08/01/2018,GLS,TX,ASW,CE,Federal Contract Tower,0,4,10,2,16,0,13,13,0,26,0,17,23,2,42,0,0,0,42
08/02/2018,GLS,TX,ASW,CE,Federal Contract Tower,0,7,13,0,20,0,21,19,0,40,0,28,32,0,60,0,0,0,60
08/03/2018,GLS,TX,ASW,CE,Federal Contract Tower,0,4,9,4,17,0,3,40,0,43,0,7,49,4,60,34,0,34,94
08/04/2018,GLS,TX,ASW,CE,Federal Contract Tower,0,2,4,8,14,0,6,77,0,83,0,8,81,8,97,34,0,34,131
08/05/2018,GLS,TX,ASW,CE,Federal Contract Tower,0,1,20,4,25,0,8,56,2,66,0,9,76,6,91,56,0,56,147
08/06/2018,GLS,TX,ASW,CE,Federal Contract Tower,0,3,11,0,14,0,14,79,0,93,0,17,90,0,107,22,0,22,129
08/07/2018,GLS,TX,ASW,CE,Federal Contract Tower,0,6,12,0,18,0,16,25,2,43,0,22,37,2,61,40,0,40,101
08/08/2018,GLS,TX,ASW,CE,Federal Contract Tower,0,7,4,0,11,0,34,23,0,57,0,41,27,0,68,36,0,36,104
08/09/2018,GLS,TX,ASW,CE,Federal Contract Tower,0,4,1,0,5,0,1,16,2,19,0,5,17,2,24,40,12,52,76
08/10/2018,GLS,TX,ASW,CE,Federal Contract Tower,0,2,5,2,9,0,12,60,0,72,0,14,65,2,81,6,0,6,87
08/11/2018,GLS,TX,ASW,CE,Federal Contract Tower,0,4,4,0,8,0,12,49,0,61,0,16,53,0,69,8,0,8,77
08/12/2018,GLS,TX,ASW,CE,Federal Contract Tower,0,1,15,0,16,0,10,101,0,111,0,11,116,0,127,8,0,8,135
08/13/2018,GLS,TX,ASW,CE,Federal Contract Tower,0,5,16,0,21,0,15,64,0,79,0,20,80,0,100,46,0,46,146
08/14/2018,GLS,TX,ASW,CE,Federal Contract Tower,0,4,17,0,21,0,18,14,2,34,0,22,31,2,55,62,0,62,117
08/15/2018,GLS,TX,ASW,CE,Federal Contract Tower,0,8,11,1,20,0,23,37,2,62,0,31,48,3,82,30,0,30,112
08/16/2018,GLS,TX,ASW,CE,Federal Contract Tower,0,6,4,2,12,0,13,33,2,48,0,19,37,4,60,50,2,52,112
08/17/2018,GLS,TX,ASW,CE,Federal Contract Tower,0,5,17,14,36,0,7,72,6,85,0,12,89,20,121,24,0,24,145
08/18/2018,GLS,TX,ASW,CE,Federal Contract Tower,0,2,19,0,21,0,10,88,0,98,0,12,107,0,119,64,0,64,183
08/19/2018,GLS,TX,ASW,CE,Federal Contract Tower,0,2,8,0,10,0,5,64,5,74,0,7,72,5,84,2,22,24,108
08/20/2018,GLS,TX,ASW,CE,Federal Contract Tower,0,5,10,0,15,0,14,36,3,53,0,19,46,3,68,0,0,0,68
08/21/2018,GLS,TX,ASW,CE,Federal Contract Tower,0,5,10,3,18,0,22,27,1,50,0,27,37,4,68,48,28,76,144
08/22/2018,GLS,TX,ASW,CE,Federal Contract Tower,0,3,13,0,16,0,23,35,2,60,0,26,48,2,76,14,0,14,90
08/23/2018,GLS,TX,ASW,CE,Federal Contract Tower,0,3,5,0,8,0,18,19,0,37,0,21,24,0,45,26,0,26,71
08/24/2018,GLS,TX,ASW,CE,Federal Contract Tower,0,5,2,0,7,0,5,29,2,36,0,10,31,2,43,26,0,26,69
08/25/2018,GLS,TX,ASW,CE,Federal Contract Tower,0,2,7,0,9,0,8,49,0,57,0,10,56,0,66,20,0,20,86
08/26/2018,GLS,TX,ASW,CE,Federal Contract Tower,0,3,9,0,12,0,3,25,2,30,0,6,34,2,42,44,0,44,86
08/27/2018,GLS,TX,ASW,CE,Federal Contract Tower,0,8,9,0,17,0,10,9,6,25,0,18,18,6,42,0,20,20,62
08/28/2018,GLS,TX,ASW,CE,Federal Contract Tower,0,6,5,0,11,0,18,4,2,24,0,24,9,2,35,12,0,12,47
08/29/2018,GLS,TX,ASW,CE,Federal Contract Tower,0,4,5,0,9,0,8,1,0,9,0,12,6,0,18,0,0,0,18
08/30/2018,GLS,TX,ASW,CE,Federal Contract Tower,0,6,5,2,13,0,11,16,0,27,0,17,21,2,40,0,0,0,40
08/31/2018,GLS,TX,ASW,CE,Federal Contract Tower,0,4,10,0,14,0,2,39,2,43,0,6,49,2,57,26,0,26,83
09/01/2018,GLS,TX,ASW,CE,Federal Contract Tower,0,6,10,0,16,0,8,71,2,81,0,14,81,2,97,24,0,24,121
09/02/2018,GLS,TX,ASW,CE,Federal Contract Tower,0,0,3,0,3,0,0,7,0,7,0,0,10,0,10,28,0,28,38
09/03/2018,GLS,TX,ASW,CE,Federal Contract Tower,0,0,5,0,5,0,0,3,0,3,0,0,8,0,8,0,0,0,8
09/04/2018,GLS,TX,ASW,CE,Federal Contract Tower,0,9,4,0,13,0,5,2,0,7,0,14,6,0,20,0,0,0,20
09/05/2018,GLS,TX,ASW,CE,Federal Contract Tower,0,8,3,0,11,0,13,5,6,24,0,21,8,6,35,6,0,6,41
09/06/2018,GLS,TX,ASW,CE,Federal Contract Tower,0,5,4,0,9,0,3,4,0,7,0,8,8,0,16,0,0,0,16
09/07/2018,GLS,TX,ASW,CE,Federal Contract Tower,0,8,3,0,11,0,13,19,0,32,0,21,22,0,43,6,0,6,49
09/08/2018,GLS,TX,ASW,CE,Federal Contract Tower,0,2,16,4,22,0,6,28,2,36,0,8,44,6,58,12,0,12,70
09/09/2018,GLS,TX,ASW,CE,Federal Contract Tower,0,2,5,4,11,0,2,13,1,16,0,4,18,5,27,22,2,24,51
09/10/2018,GLS,TX,ASW,CE,Federal Contract Tower,0,8,1,4,13,0,10,2,0,12,0,18,3,4,25,0,0,0,25
09/11/2018,GLS,TX,ASW,CE,Federal Contract Tower,0,11,0,8,19,0,2,2,0,4,0,13,2,8,23,0,0,0,23
09/12/2018,GLS,TX,ASW,CE,Federal Contract Tower,0,6,1,0,7,0,4,1,0,5,0,10,2,0,12,0,0,0,12
09/13/2018,GLS,TX,ASW,CE,Federal Contract Tower,0,4,1,0,5,0,2,2,0,4,0,6,3,0,9,2,0,2,11
09/14/2018,GLS,TX,ASW,CE,Federal Contract Tower,0,0,2,0,2,0,0,0,0,0,0,0,2,0,2,0,0,0,2
09/15/2018,GLS,TX,ASW,CE,Federal Contract Tower,0,6,8,0,14,0,3,21,0,24,0,9,29,0,38,14,0,14,52
09/16/2018,GLS,TX,ASW,CE,Federal Contract Tower,0,2,10,0,12,0,3,53,0,56,0,5,63,0,68,54,0,54,122
09/17/2018,GLS,TX,ASW,CE,Federal Contract Tower,0,4,11,0,15,0,22,57,0,79,0,26,68,0,94,30,0,30,124
09/18/2018,GLS,TX,ASW,CE,Federal Contract Tower,0,6,4,0,10,0,15,28,2,45,0,21,32,2,55,16,16,32,87
09/19/2018,GLS,TX,ASW,CE,Federal Contract Tower,0,8,9,0,17,0,17,30,6,53,0,25,39,6,70,16,2,18,88
09/20/2018,GLS,TX,ASW,CE,Federal Contract Tower,0,10,22,0,32,0,7,38,2,47,0,17,60,2,79,22,10,32,111
09/21/2018,GLS,TX,ASW,CE,Federal Contract Tower,0,4,9,0,13,0,2,23,0,25,0,6,32,0,38,14,0,14,52
09/22/2018,GLS,TX,ASW,CE,Federal Contract Tower,0,2,2,0,4,0,0,19,0,19,0,2,21,0,23,4,0,4,27
09/23/2018,GLS,TX,ASW,CE,Federal Contract Tower,0,2,8,0,10,0,0,27,0,27,0,2,35,0,37,4,0,4,41
09/24/2018,GLS,TX,ASW,CE,Federal Contract Tower,0,5,10,0,15,0,13,32,0,45,0,18,42,0,60,10,0,10,70
09/25/2018,GLS,TX,ASW,CE,Federal Contract Tower,0,6,6,0,12,0,5,10,2,17,0,11,16,2,29,14,0,14,43
09/26/2018,GLS,TX,ASW,CE,Federal Contract Tower,0,9,5,0,14,0,10,22,0,32,0,19,27,0,46,20,0,20,66
09/27/2018,GLS,TX,ASW,CE,Federal Contract Tower,0,4,5,2,11,0,38,9,2,49,0,42,14,4,60,8,2,10,70
09/28/2018,GLS,TX,ASW,CE,Federal Contract Tower,0,11,12,0,23,0,2,2,0,4,0,13,14,0,27,4,0,4,31
09/29/2018,GLS,TX,ASW,CE,Federal Contract Tower,0,2,0,4,6,0,3,12,0,15,0,5,12,4,21,0,0,0,21
09/30/2018,GLS,TX,ASW,CE,Federal Contract Tower,0,6,4,7,17,0,11,20,1,32,0,17,24,8,49,44,0,44,93
10/01/2018,GLS,TX,ASW,CE,Federal Contract Tower,0,2,0,0,2,0,2,4,0,6,0,4,4,0,8,10,0,10,18
10/02/2018,GLS,TX,ASW,CE,Federal Contract Tower,0,5,18,0,23,0,15,30,0,45,0,20,48,0,68,44,0,44,112
10/03/2018,GLS,TX,ASW,CE,Federal Contract Tower,0,4,18,4,26,0,17,28,0,45,0,21,46,4,71,18,0,18,89
10/04/2018,GLS,TX,ASW,CE,Federal Contract Tower,0,4,15,2,21,0,7,29,0,36,0,11,44,2,57,20,0,20,77
10/05/2018,GLS,TX,ASW,CE,Federal Contract Tower,0,3,18,0,21,0,5,24,0,29,0,8,42,0,50,24,0,24,74
10/06/2018,GLS,TX,ASW,CE,Federal Contract Tower,0,0,17,0,17,0,4,80,2,86,0,4,97,2,103,22,0,22,125
10/08/2018,GLS,TX,ASW,CE,Federal Contract Tower,0,5,7,0,12,0,7,20,3,30,0,12,27,3,42,22,2,24,66
10/09/2018,GLS,TX,ASW,CE,Federal Contract Tower,0,6,19,1,26,0,9,14,3,26,0,15,33,4,52,10,0,10,62
10/10/2018,GLS,TX,ASW,CE,Federal Contract Tower,0,6,9,0,15,0,12,26,4,42,0,18,35,4,57,12,0,12,69
10/11/2018,GLS,TX,ASW,CE,Federal Contract Tower,0,3,11,2,16,0,15,43,10,68,0,18,54,12,84,24,0,24,108
10/12/2018,GLS,TX,ASW,CE,Federal Contract Tower,0,0,18,0,18,0,12,66,6,84,0,12,84,6,102,62,12,74,176
10/13/2018,GLS,TX,ASW,CE,Federal Contract Tower,0,5,4,0,9,0,7,117,0,124,0,12,121,0,133,20,0,20,153
10/14/2018,GLS,TX,ASW,CE,Federal Contract Tower,0,0,7,0,7,0,8,72,0,80,0,8,79,0,87,48,0,48,135
10/15/2018,GLS,TX,ASW,CE,Federal Contract Tower,0,4,5,0,9,0,7,6,0,13,0,11,11,0,22,0,0,0,22
10/16/2018,GLS,TX,ASW,CE,Federal Contract Tower,0,9,6,4,19,0,1,0,0,1,0,10,6,4,20,0,0,0,20
10/17/2018,GLS,TX,ASW,CE,Federal Contract Tower,0,11,5,8,24,0,0,0,0,0,0,11,5,8,24,0,0,0,24
10/18/2018,GLS,TX,ASW,CE,Federal Contract Tower,0,10,5,1,16,0,4,9,0,13,0,14,14,1,29,14,53,67,96
10/19/2018,GLS,TX,ASW,CE,Federal Contract Tower,0,6,12,2,20,0,2,19,5,26,0,8,31,7,46,6,0,6,52
10/20/2018,GLS,TX,ASW,CE,Federal Contract Tower,0,5,18,0,23,0,5,10,0,15,0,10,28,0,38,8,0,8,46
10/21/2018,GLS,TX,ASW,CE,Federal Contract Tower,0,3,11,0,14,0,6,71,0,77,0,9,82,0,91,24,0,24,115
10/22/2018,GLS,TX,ASW,CE,Federal Contract Tower,0,4,19,0,23,0,8,16,6,30,0,12,35,6,53,12,8,20,73
10/23/2018,GLS,TX,ASW,CE,Federal Contract Tower,0,11,4,4,19,0,5,0,1,6,0,16,4,5,25,6,26,32,57
10/24/2018,GLS,TX,ASW,CE,Federal Contract Tower,0,10,6,2,18,0,3,0,0,3,0,13,6,2,21,0,0,0,21
10/25/2018,GLS,TX,ASW,CE,Federal Contract Tower,0,4,7,0,11,0,3,11,0,14,0,7,18,0,25,8,0,8,33
10/26/2018,GLS,TX,ASW,CE,Federal Contract Tower,0,4,15,2,21,0,8,56,4,68,0,12,71,6,89,42,14,56,145
10/27/2018,GLS,TX,ASW,CE,Federal Contract Tower,0,1,37,2,40,0,6,69,0,75,0,7,106,2,115,26,0,26,141
10/28/2018,GLS,TX,ASW,CE,Federal Contract Tower,0,1,32,0,33,0,9,65,4,78,0,10,97,4,111,64,6,70,181
10/29/2018,GLS,TX,ASW,CE,Federal Contract Tower,0,4,19,0,23,0,15,50,0,65,0,19,69,0,88,14,0,14,102
10/30/2018,GLS,TX,ASW,CE,Federal Contract Tower,0,3,18,1,22,0,7,36,6,49,0,10,54,7,71,6,28,34,105
10/31/2018,GLS,TX,ASW,CE,Federal Contract Tower,0,6,5,0,11,0,8,8,0,16,0,14,13,0,27,10,0,10,37
11/01/2018,GLS,TX,ASW,CE,Federal Contract Tower,0,5,14,0,19,0,1,29,0,30,0,6,43,0,49,12,0,12,61
11/02/2018,GLS,TX,ASW,CE,Federal Contract Tower,0,3,9,0,12,0,4,38,0,42,0,7,47,0,54,32,0,32,86
11/03/2018,GLS,TX,ASW,CE,Federal Contract Tower,0,0,14,0,14,0,6,56,0,62,0,6,70,0,76,26,0,26,102
11/04/2018,GLS,TX,ASW,CE,Federal Contract Tower,0,2,10,0,12,0,2,30,0,32,0,4,40,0,44,14,0,14,58
11/05/2018,GLS,TX,ASW,CE,Federal Contract Tower,0,1,11,0,12,0,7,14,2,23,0,8,25,2,35,34,2,36,71
11/06/2018,GLS,TX,ASW,CE,Federal Contract Tower,0,1,7,0,8,0,6,15,0,21,0,7,22,0,29,4,0,4,33
11/07/2018,GLS,TX,ASW,CE,Federal Contract Tower,0,15,6,1,22,0,7,2,1,10,0,22,8,2,32,0,0,0,32
11/08/2018,GLS,TX,ASW,CE,Federal Contract Tower,0,5,5,0,10,0,0,2,0,2,0,5,7,0,12,0,0,0,12
11/09/2018,GLS,TX,ASW,CE,Federal Contract Tower,0,4,4,1,9,0,2,0,1,3,0,6,4,2,12,0,0,0,12
11/10/2018,GLS,TX,ASW,CE,Federal Contract Tower,0,3,14,0,17,0,6,36,0,42,0,9,50,0,59,40,0,40,99
11/11/2018,GLS,TX,ASW,CE,Federal Contract Tower,0,2,19,0,21,0,0,0,0,0,0,2,19,0,21,0,0,0,21
11/13/2018,GLS,TX,ASW,CE,Federal Contract Tower,0,0,8,0,8,0,7,1,5,13,0,7,9,5,21,0,18,18,39
11/14/2018,GLS,TX,ASW,CE,Federal Contract Tower,0,5,9,3,17,0,19,28,1,48,0,24,37,4,65,16,0,16,81
11/15/2018,GLS,TX,ASW,CE,Federal Contract Tower,0,2,6,2,10,0,2,34,0,36,0,4,40,2,46,48,0,48,94
11/16/2018,GLS,TX,ASW,CE,Federal Contract Tower,0,3,14,3,20,0,9,69,1,79,0,12,83,4,99,90,0,90,189
11/17/2018,GLS,TX,ASW,CE,Federal Contract Tower,0,2,16,4,22,0,11,78,0,89,0,13,94,4,111,62,0,62,173
11/18/2018,GLS,TX,ASW,CE,Federal Contract Tower,0,2,14,0,16,0,11,27,0,38,0,13,41,0,54,24,0,24,78
11/19/2018,GLS,TX,ASW,CE,Federal Contract Tower,0,9,1,0,10,0,0,0,0,0,0,9,1,0,10,0,0,0,10
11/20/2018,GLS,TX,ASW,CE,Federal Contract Tower,0,2,15,0,17,0,14,24,0,38,0,16,39,0,55,18,0,18,73
11/21/2018,GLS,TX,ASW,CE,Federal Contract Tower,0,4,10,0,14,0,5,12,0,17,0,9,22,0,31,0,0,0,31
11/22/2018,GLS,TX,ASW,CE,Federal Contract Tower,0,2,4,2,8,0,1,2,0,3,0,3,6,2,11,0,0,0,11
11/23/2018,GLS,TX,ASW,CE,Federal Contract Tower,0,2,16,0,18,0,0,24,0,24,0,2,40,0,42,16,0,16,58
11/24/2018,GLS,TX,ASW,CE,Federal Contract Tower,0,3,15,0,18,0,9,91,0,100,0,12,106,0,118,54,0,54,172
11/25/2018,GLS,TX,ASW,CE,Federal Contract Tower,0,4,7,4,15,0,4,34,0,38,0,8,41,4,53,10,0,10,63
11/26/2018,GLS,TX,ASW,CE,Federal Contract Tower,0,3,8,0,11,0,18,20,2,40,0,21,28,2,51,20,14,34,85
11/28/2018,GLS,TX,ASW,CE,Federal Contract Tower,0,5,19,0,24,0,9,26,0,35,0,14,45,0,59,22,0,22,81
11/29/2018,GLS,TX,ASW,CE,Federal Contract Tower,0,7,5,0,12,0,8,17,0,25,0,15,22,0,37,36,0,36,73
11/30/2018,GLS,TX,ASW,CE,Federal Contract Tower,0,6,7,4,17,0,8,7,8,23,0,14,14,12,40,6,0,6,46
12/01/2018,GLS,TX,ASW,CE,Federal Contract Tower,0,2,6,2,10,0,3,62,7,72,0,5,68,9,82,48,4,52,134
12/02/2018,GLS,TX,ASW,CE,Federal Contract Tower,0,3,12,0,15,0,5,60,0,65,0,8,72,0,80,44,0,44,124
12/03/2018,GLS,TX,ASW,CE,Federal Contract Tower,0,2,18,0,20,0,6,18,7,31,0,8,36,7,51,14,0,14,65
12/04/2018,GLS,TX,ASW,CE,Federal Contract Tower,0,8,18,0,26,0,15,28,2,45,0,23,46,2,71,54,4,58,129
12/05/2018,GLS,TX,ASW,CE,Federal Contract Tower,0,6,9,2,17,0,18,29,0,47,0,24,38,2,64,16,0,16,80
12/06/2018,GLS,TX,ASW,CE,Federal Contract Tower,0,7,12,0,19,0,12,13,0,25,0,19,25,0,44,10,0,10,54
12/07/2018,GLS,TX,ASW,CE,Federal Contract Tower,0,7,8,0,15,0,2,9,0,11,0,9,17,0,26,10,0,10,36
12/08/2018,GLS,TX,ASW,CE,Federal Contract Tower,0,4,4,0,8,0,0,2,2,4,0,4,6,2,12,10,12,22,34
12/09/2018,GLS,TX,ASW,CE,Federal Contract Tower,0,4,17,0,21,0,3,20,4,27,0,7,37,4,48,20,0,20,68
12/10/2018,GLS,TX,ASW,CE,Federal Contract Tower,0,1,20,0,21,0,15,64,0,79,0,16,84,0,100,92,0,92,192
12/11/2018,GLS,TX,ASW,CE,Federal Contract Tower,0,3,10,0,13,0,13,32,2,47,0,16,42,2,60,38,0,38,98
12/12/2018,GLS,TX,ASW,CE,Federal Contract Tower,0,6,10,0,16,0,16,17,0,33,0,22,27,0,49,6,0,6,55
12/13/2018,GLS,TX,ASW,CE,Federal Contract Tower,0,2,0,0,2,0,6,13,0,19,0,8,13,0,21,8,0,8,29
12/14/2018,GLS,TX,ASW,CE,Federal Contract Tower,0,3,3,2,8,0,2,5,0,7,0,5,8,2,15,0,0,0,15
12/15/2018,GLS,TX,ASW,CE,Federal Contract Tower,0,5,16,4,25,0,1,59,0,60,0,6,75,4,85,62,0,62,147
12/16/2018,GLS,TX,ASW,CE,Federal Contract Tower,0,0,21,0,21,0,2,43,0,45,0,2,64,0,66,24,0,24,90
12/17/2018,GLS,TX,ASW,CE,Federal Contract Tower,0,3,13,0,16,0,11,23,0,34,0,14,36,0,50,8,0,8,58
12/18/2018,GLS,TX,ASW,CE,Federal Contract Tower,0,6,13,1,20,0,12,9,1,22,0,18,22,2,42,2,0,2,44
12/19/2018,GLS,TX,ASW,CE,Federal Contract Tower,0,11,4,0,15,0,2,2,0,4,0,13,6,0,19,4,0,4,23
12/20/2018,GLS,TX,ASW,CE,Federal Contract Tower,0,7,5,4,16,0,4,11,2,17,0,11,16,6,33,0,6,6,39
12/21/2018,GLS,TX,ASW,CE,Federal Contract Tower,0,4,9,0,13,0,8,50,0,58,0,12,59,0,71,66,0,66,137
12/22/2018,GLS,TX,ASW,CE,Federal Contract Tower,0,4,11,0,15,0,2,43,0,45,0,6,54,0,60,50,0,50,110
12/23/2018,GLS,TX,ASW,CE,Federal Contract Tower,0,2,10,0,12,0,0,22,0,22,0,2,32,0,34,14,0,14,48
12/24/2018,GLS,TX,ASW,CE,Federal Contract Tower,0,2,15,0,17,0,3,23,0,26,0,5,38,0,43,20,0,20,63
12/25/2018,GLS,TX,ASW,CE,Federal Contract Tower,0,2,4,0,6,0,4,3,0,7,0,6,7,0,13,0,0,0,13
12/26/2018,GLS,TX,ASW,CE,Federal Contract Tower,0,6,1,0,7,0,5,0,0,5,0,11,1,0,12,0,0,0,12
12/27/2018,GLS,TX,ASW,CE,Federal Contract Tower,0,1,5,0,6,0,7,16,0,23,0,8,21,0,29,4,0,4,33
12/28/2018,GLS,TX,ASW,CE,Federal Contract Tower,0,11,16,0,27,0,10,27,0,37,0,21,43,0,64,18,0,18,82
12/29/2018,GLS,TX,ASW,CE,Federal Contract Tower,0,2,15,0,17,0,0,4,0,4,0,2,19,0,21,0,0,0,21
12/30/2018,GLS,TX,ASW,CE,Federal Contract Tower,0,2,3,0,5,0,0,0,0,0,0,2,3,0,5,0,0,0,5
12/31/2018,GLS,TX,ASW,CE,Federal Contract Tower,0,7,5,0,12,0,2,13,0,15,0,9,18,0,27,12,0,12,39
01/01/2019,GLS,TX,ASW,CE,Federal Contract Tower,0,4,14,0,18,0,6,37,2,45,0,10,51,2,63,0,2,2,65
01/02/2019,GLS,TX,ASW,CE,Federal Contract Tower,0,10,1,0,11,0,0,0,0,0,0,10,1,0,11,0,0,0,11
01/03/2019,GLS,TX,ASW,CE,Federal Contract Tower,0,8,9,2,19,0,0,0,0,0,0,8,9,2,19,0,0,0,19
01/04/2019,GLS,TX,ASW,CE,Federal Contract Tower,0,4,14,0,18,0,4,32,0,36,0,8,46,0,54,24,0,24,78
01/05/2019,GLS,TX,ASW,CE,Federal Contract Tower,0,1,21,0,22,0,13,48,0,61,0,14,69,0,83,74,0,74,157
01/06/2019,GLS,TX,ASW,CE,Federal Contract Tower,0,1,38,2,41,0,3,52,2,57,0,4,90,4,98,38,16,54,152
01/07/2019,GLS,TX,ASW,CE,Federal Contract Tower,0,2,12,0,14,0,19,19,0,38,0,21,31,0,52,46,0,46,98
01/08/2019,GLS,TX,ASW,CE,Federal Contract Tower,0,5,22,0,27,0,9,19,5,33,0,14,41,5,60,26,28,54,114
01/09/2019,GLS,TX,ASW,CE,Federal Contract Tower,0,2,21,2,25,0,10,25,0,35,0,12,46,2,60,6,0,6,66
01/10/2019,GLS,TX,ASW,CE,Federal Contract Tower,0,2,0,0,2,0,2,20,1,23,0,4,20,1,25,0,0,0,25
01/11/2019,GLS,TX,ASW,CE,Federal Contract Tower,0,6,14,8,28,0,17,30,14,61,0,23,44,22,89,32,2,34,123
01/12/2019,GLS,TX,ASW,CE,Federal Contract Tower,0,6,2,2,10,0,0,35,2,37,0,6,37,4,47,26,2,28,75
01/13/2019,GLS,TX,ASW,CE,Federal Contract Tower,0,8,30,6,44,0,4,66,0,70,0,12,96,6,114,34,2,36,150
01/14/2019,GLS,TX,ASW,CE,Federal Contract Tower,0,3,13,6,22,0,6,12,3,21,0,9,25,9,43,4,2,6,49
01/15/2019,GLS,TX,ASW,CE,Federal Contract Tower,13,10,0,0,23,0,17,14,2,33,13,27,14,2,56,20,0,20,76
01/16/2019,GLS,TX,ASW,CE,Federal Contract Tower,0,7,6,2,15,0,10,2,0,12,0,17,8,2,27,0,40,40,67
01/17/2019,GLS,TX,ASW,CE,Federal Contract Tower,0,8,13,0,21,0,2,10,0,12,0,10,23,0,33,0,0,0,33
01/18/2019,GLS,TX,ASW,CE,Federal Contract Tower,0,4,10,0,14,0,0,0,0,0,0,4,10,0,14,0,0,0,14
01/19/2019,GLS,TX,ASW,CE,Federal Contract Tower,0,2,3,7,12,0,6,6,1,13,0,8,9,8,25,0,0,0,25
01/20/2019,GLS,TX,ASW,CE,Federal Contract Tower,0,3,22,0,25,0,6,36,0,42,0,9,58,0,67,6,0,6,73
01/21/2019,GLS,TX,ASW,CE,Federal Contract Tower,0,9,28,0,37,0,3,30,0,33,0,12,58,0,70,40,0,40,110
01/22/2019,GLS,TX,ASW,CE,Federal Contract Tower,0,5,5,0,10,0,11,13,0,24,0,16,18,0,34,2,0,2,36
01/23/2019,GLS,TX,ASW,CE,Federal Contract Tower,0,0,4,0,4,0,8,4,0,12,0,8,8,0,16,12,0,12,28
01/24/2019,GLS,TX,ASW,CE,Federal Contract Tower,0,8,13,0,21,0,8,37,0,45,0,16,50,0,66,34,0,34,100
01/25/2019,GLS,TX,ASW,CE,Federal Contract Tower,0,2,29,7,38,0,12,45,1,58,0,14,74,8,96,12,4,16,112
01/27/2019,GLS,TX,ASW,CE,Federal Contract Tower,0,0,17,0,17,0,9,66,6,81,0,9,83,6,98,20,0,20,118
01/28/2019,GLS,TX,ASW,CE,Federal Contract Tower,0,3,8,0,11,0,8,22,6,36,0,11,30,6,47,34,28,62,109
01/29/2019,GLS,TX,ASW,CE,Federal Contract Tower,0,2,6,0,8,0,4,13,0,17,0,6,19,0,25,2,0,2,27
01/30/2019,GLS,TX,ASW,CE,Federal Contract Tower,0,5,17,2,24,0,7,16,5,28,0,12,33,7,52,10,0,10,62
01/31/2019,GLS,TX,ASW,CE,Federal Contract Tower,0,6,6,2,14,0,2,7,2,11,0,8,13,4,25,30,0,30,55
02/01/2019,GLS,TX,ASW,CE,Federal Contract Tower,0,3,1,0,4,0,0,0,0,0,0,3,1,0,4,0,0,0,4
02/02/2019,GLS,TX,ASW,CE,Federal Contract Tower,0,2,8,0,10,0,0,0,0,0,0,2,8,0,10,0,0,0,10
02/03/2019,GLS,TX,ASW,CE,Federal Contract Tower,0,0,4,0,4,0,0,0,0,0,0,0,4,0,4,6,0,6,10
02/04/2019,GLS,TX,ASW,CE,Federal Contract Tower,0,1,1,2,4,0,0,0,0,0,0,1,1,2,4,0,0,0,4
02/05/2019,GLS,TX,ASW,CE,Federal Contract Tower,0,1,3,0,4,0,0,0,0,0,0,1,3,0,4,0,0,0,4
02/06/2019,GLS,TX,ASW,CE,Federal Contract Tower,0,9,8,4,21,0,2,2,0,4,0,11,10,4,25,0,0,0,25
02/07/2019,GLS,TX,ASW,CE,Federal Contract Tower,0,7,12,2,21,0,5,0,0,5,0,12,12,2,26,0,0,0,26
02/08/2019,GLS,TX,ASW,CE,Federal Contract Tower,0,4,7,6,17,0,21,11,0,32,0,25,18,6,49,12,0,12,61
02/09/2019,GLS,TX,ASW,CE,Federal Contract Tower,0,2,4,0,6,0,8,38,0,46,0,10,42,0,52,18,0,18,70
02/10/2019,GLS,TX,ASW,CE,Federal Contract Tower,0,4,13,0,17,0,3,4,0,7,0,7,17,0,24,0,0,0,24
02/11/2019,GLS,TX,ASW,CE,Federal Contract Tower,0,8,4,18,30,0,1,0,0,1,0,9,4,18,31,0,0,0,31
02/12/2019,GLS,TX,ASW,CE,Federal Contract Tower,0,9,9,0,18,0,5,28,0,33,0,14,37,0,51,22,0,22,73
02/13/2019,GLS,TX,ASW,CE,Federal Contract Tower,0,6,18,0,24,0,14,34,2,50,0,20,52,2,74,20,0,20,94
02/14/2019,GLS,TX,ASW,CE,Federal Contract Tower,0,5,18,2,25,0,8,21,2,31,0,13,39,4,56,40,0,40,96
02/15/2019,GLS,TX,ASW,CE,Federal Contract Tower,0,5,23,0,28,0,0,5,0,5,0,5,28,0,33,4,0,4,37
02/16/2019,GLS,TX,ASW,CE,Federal Contract Tower,0,4,12,0,16,0,0,0,0,0,0,4,12,0,16,0,0,0,16
02/17/2019,GLS,TX,ASW,CE,Federal Contract Tower,0,4,8,0,12,0,5,2,0,7,0,9,10,0,19,0,0,0,19
02/18/2019,GLS,TX,ASW,CE,Federal Contract Tower,0,6,7,2,15,0,8,8,0,16,0,14,15,2,31,6,0,6,37
02/19/2019,GLS,TX,ASW,CE,Federal Contract Tower,0,12,0,0,12,0,0,0,0,0,0,12,0,0,12,0,0,0,12
02/20/2019,GLS,TX,ASW,CE,Federal Contract Tower,0,20,11,4,35,0,7,17,0,24,0,27,28,4,59,8,0,8,67
02/21/2019,GLS,TX,ASW,CE,Federal Contract Tower,0,14,4,0,18,0,0,0,0,0,0,14,4,0,18,0,0,0,18
02/22/2019,GLS,TX,ASW,CE,Federal Contract Tower,0,6,3,0,9,0,0,0,0,0,0,6,3,0,9,0,0,0,9
02/23/2019,GLS,TX,ASW,CE,Federal Contract Tower,0,6,5,2,13,0,0,20,0,20,0,6,25,2,33,28,0,28,61
02/25/2019,GLS,TX,ASW,CE,Federal Contract Tower,0,11,20,0,31,0,12,9,0,21,0,23,29,0,52,2,0,2,54
02/26/2019,GLS,TX,ASW,CE,Federal Contract Tower,0,11,4,0,15,0,0,0,0,0,0,11,4,0,15,0,0,0,15
02/27/2019,GLS,TX,ASW,CE,Federal Contract Tower,0,7,3,0,10,0,0,0,0,0,0,7,3,0,10,0,0,0,10
02/28/2019,GLS,TX,ASW,CE,Federal Contract Tower,0,9,1,0,10,0,0,0,0,0,0,9,1,0,10,0,0,0,10
03/01/2019,GLS,TX,ASW,CE,Federal Contract Tower,0,26,11,2,39,0,2,0,0,2,0,28,11,2,41,0,0,0,41
03/02/2019,GLS,TX,ASW,CE,Federal Contract Tower,0,12,7,0,19,0,0,0,0,0,0,12,7,0,19,0,0,0,19
03/03/2019,GLS,TX,ASW,CE,Federal Contract Tower,0,6,4,0,10,0,5,0,0,5,0,11,4,0,15,0,0,0,15
03/04/2019,GLS,TX,ASW,CE,Federal Contract Tower,0,6,2,0,8,0,9,8,0,17,0,15,10,0,25,2,0,2,27
03/05/2019,GLS,TX,ASW,CE,Federal Contract Tower,0,3,16,0,19,0,14,16,0,30,0,17,32,0,49,10,0,10,59
03/06/2019,GLS,TX,ASW,CE,Federal Contract Tower,0,4,18,0,22,0,14,39,0,53,0,18,57,0,75,46,0,46,121
03/07/2019,GLS,TX,ASW,CE,Federal Contract Tower,0,9,12,0,21,0,0,0,0,0,0,9,12,0,21,0,0,0,21
03/08/2019,GLS,TX,ASW,CE,Federal Contract Tower,0,12,22,16,50,0,2,0,0,2,0,14,22,16,52,0,0,0,52
03/09/2019,GLS,TX,ASW,CE,Federal Contract Tower,0,6,16,0,22,0,4,2,0,6,0,10,18,0,28,0,0,0,28
03/10/2019,GLS,TX,ASW,CE,Federal Contract Tower,0,6,9,1,16,0,5,2,1,8,0,11,11,2,24,4,0,4,28
03/11/2019,GLS,TX,ASW,CE,Federal Contract Tower,0,8,15,0,23,0,7,17,0,24,0,15,32,0,47,6,0,6,53
03/12/2019,GLS,TX,ASW,CE,Federal Contract Tower,0,12,0,0,12,0,0,0,0,0,0,12,0,0,12,0,0,0,12
03/13/2019,GLS,TX,ASW,CE,Federal Contract Tower,0,13,7,0,20,0,9,1,2,12,0,22,8,2,32,0,0,0,32
03/14/2019,GLS,TX,ASW,CE,Federal Contract Tower,0,10,2,0,12,0,4,28,0,32,0,14,30,0,44,30,0,30,74
03/15/2019,GLS,TX,ASW,CE,Federal Contract Tower,0,7,9,0,16,0,8,28,7,43,0,15,37,7,59,14,12,26,85
03/16/2019,GLS,TX,ASW,CE,Federal Contract Tower,0,3,7,0,10,0,16,97,0,113,0,19,104,0,123,28,0,28,151
03/17/2019,GLS,TX,ASW,CE,Federal Contract Tower,0,3,13,7,23,0,8,107,3,118,0,11,120,10,141,6,4,10,151
03/19/2019,GLS,TX,ASW,CE,Federal Contract Tower,0,6,9,0,15,0,22,30,10,62,0,28,39,10,77,14,12,26,103
03/20/2019,GLS,TX,ASW,CE,Federal Contract Tower,0,8,19,4,31,0,33,45,2,80,0,41,64,6,111,26,0,26,137
03/21/2019,GLS,TX,ASW,CE,Federal Contract Tower,0,5,14,4,23,0,17,80,1,98,0,22,94,5,121,72,0,72,193
03/22/2019,GLS,TX,ASW,CE,Federal Contract Tower,0,3,33,1,37,0,17,85,8,110,0,20,118,9,147,28,10,38,185
03/23/2019,GLS,TX,ASW,CE,Federal Contract Tower,0,2,19,0,21,0,14,103,2,119,0,16,122,2,140,52,0,52,192
03/24/2019,GLS,TX,ASW,CE,Federal Contract Tower,0,1,20,5,26,0,6,109,2,117,0,7,129,7,143,22,22,44,187
03/25/2019,GLS,TX,ASW,CE,Federal Contract Tower,0,14,11,2,27,0,8,29,0,37,0,22,40,2,64,12,0,12,76
03/26/2019,GLS,TX,ASW,CE,Federal Contract Tower,0,9,12,0,21,0,15,33,2,50,0,24,45,2,71,44,4,48,119
03/27/2019,GLS,TX,ASW,CE,Federal Contract Tower,0,5,19,0,24,0,16,17,2,35,0,21,36,2,59,20,8,28,87
03/28/2019,GLS,TX,ASW,CE,Federal Contract Tower,0,8,21,2,31,0,16,29,18,63,0,24,50,20,94,54,20,74,168
03/29/2019,GLS,TX,ASW,CE,Federal Contract Tower,0,8,12,0,20,0,16,35,4,55,0,24,47,4,75,2,4,6,81
03/30/2019,GLS,TX,ASW,CE,Federal Contract Tower,0,3,7,0,10,0,4,46,0,50,0,7,53,0,60,38,0,38,98
03/31/2019,GLS,TX,ASW,CE,Federal Contract Tower,0,1,4,0,5,0,4,6,0,10,0,5,10,0,15,2,0,2,17
04/01/2019,GLS,TX,ASW,CE,Federal Contract Tower,0,7,11,0,18,0,13,39,2,54,0,20,50,2,72,28,6,34,106
04/02/2019,GLS,TX,ASW,CE,Federal Contract Tower,0,5,10,0,15,0,21,31,4,56,0,26,41,4,71,22,18,40,111
04/03/2019,GLS,TX,ASW,CE,Federal Contract Tower,0,9,8,0,17,0,24,15,2,41,0,33,23,2,58,16,0,16,74
04/04/2019,GLS,TX,ASW,CE,Federal Contract Tower,0,11,11,2,24,0,2,0,0,2,0,13,11,2,26,0,0,0,26
04/05/2019,GLS,TX,ASW,CE,Federal Contract Tower,0,8,9,4,21,0,0,0,0,0,0,8,9,4,21,0,0,0,21
04/06/2019,GLS,TX,ASW,CE,Federal Contract Tower,0,6,7,8,21,0,13,2,0,15,0,19,9,8,36,6,0,6,42
04/07/2019,GLS,TX,ASW,CE,Federal Contract Tower,0,4,5,0,9,0,6,0,0,6,0,10,5,0,15,0,0,0,15
04/08/2019,GLS,TX,ASW,CE,Federal Contract Tower,0,8,6,0,14,0,13,8,3,24,0,21,14,3,38,4,12,16,54
04/09/2019,GLS,TX,ASW,CE,Federal Contract Tower,0,11,7,0,18,0,34,35,0,69,0,45,42,0,87,14,0,14,101
04/10/2019,GLS,TX,ASW,CE,Federal Contract Tower,0,7,2,0,9,0,23,18,0,41,0,30,20,0,50,40,0,40,90
04/11/2019,GLS,TX,ASW,CE,Federal Contract Tower,0,7,12,5,24,0,14,22,3,39,0,21,34,8,63,20,16,36,99
04/12/2019,GLS,TX,ASW,CE,Federal Contract Tower,0,8,13,2,23,0,15,17,2,34,0,23,30,4,57,10,2,12,69
04/13/2019,GLS,TX,ASW,CE,Federal Contract Tower,0,4,2,0,6,0,4,0,0,4,0,8,2,0,10,2,0,2,12
04/14/2019,GLS,TX,ASW,CE,Federal Contract Tower,0,4,1,2,7,0,21,86,5,112,0,25,87,7,119,18,14,32,151
04/15/2019,GLS,TX,ASW,CE,Federal Contract Tower,0,7,12,0,19,0,16,57,4,77,0,23,69,4,96,30,0,30,126
04/16/2019,GLS,TX,ASW,CE,Federal Contract Tower,0,6,13,0,19,0,15,14,0,29,0,21,27,0,48,6,0,6,54
04/17/2019,GLS,TX,ASW,CE,Federal Contract Tower,0,17,16,4,37,0,33,6,2,41,0,50,22,6,78,0,0,0,78
04/18/2019,GLS,TX,ASW,CE,Federal Contract Tower,0,6,13,0,19,0,12,14,0,26,0,18,27,0,45,8,0,8,53
04/19/2019,GLS,TX,ASW,CE,Federal Contract Tower,0,2,8,4,14,0,16,26,2,44,0,18,34,6,58,32,8,40,98
04/20/2019,GLS,TX,ASW,CE,Federal Contract Tower,0,1,32,0,33,0,17,173,0,190,0,18,205,0,223,74,0,74,297
04/21/2019,GLS,TX,ASW,CE,Federal Contract Tower,0,1,5,8,14,0,21,121,0,142,0,22,126,8,156,20,0,20,176
04/23/2019,GLS,TX,ASW,CE,Federal Contract Tower,0,10,14,6,30,0,13,13,2,28,0,23,27,8,58,6,0,6,64
04/24/2019,GLS,TX,ASW,CE,Federal Contract Tower,0,6,7,0,13,0,17,2,0,19,0,23,9,0,32,0,0,0,32
04/25/2019,GLS,TX,ASW,CE,Federal Contract Tower,0,8,12,0,20,0,15,36,0,51,0,23,48,0,71,36,0,36,107
04/26/2019,GLS,TX,ASW,CE,Federal Contract Tower,0,1,23,4,28,0,15,68,2,85,0,16,91,6,113,40,4,44,157
04/27/2019,GLS,TX,ASW,CE,Federal Contract Tower,0,3,18,14,35,0,16,114,12,142,0,19,132,26,177,48,38,86,263
04/28/2019,GLS,TX,ASW,CE,Federal Contract Tower,0,1,17,0,18,0,15,152,2,169,0,16,169,2,187,30,0,30,217
04/29/2019,GLS,TX,ASW,CE,Federal Contract Tower,0,7,6,0,13,0,33,33,0,66,0,40,39,0,79,26,0,26,105
04/30/2019,GLS,TX,ASW,CE,Federal Contract Tower,0,5,13,2,20,0,17,7,0,24,0,22,20,2,44,2,0,2,46
05/01/2019,GLS,TX,ASW,CE,Federal Contract Tower,0,15,8,4,27,0,28,5,0,33,0,43,13,4,60,28,0,28,88
05/02/2019,GLS,TX,ASW,CE,Federal Contract Tower,0,3,5,4,12,0,22,19,0,41,0,25,24,4,53,12,0,12,65
05/03/2019,GLS,TX,ASW,CE,Federal Contract Tower,0,5,5,0,10,0,25,7,0,32,0,30,12,0,42,14,0,14,56
05/04/2019,GLS,TX,ASW,CE,Federal Contract Tower,0,4,4,0,8,0,18,84,0,102,0,22,88,0,110,60,0,60,170
05/05/2019,GLS,TX,ASW,CE,Federal Contract Tower,0,3,16,0,19,0,22,110,0,132,0,25,126,0,151,54,0,54,205
05/06/2019,GLS,TX,ASW,CE,Federal Contract Tower,0,7,24,0,31,0,24,47,0,71,0,31,71,0,102,44,0,44,146
05/07/2019,GLS,TX,ASW,CE,Federal Contract Tower,0,7,6,0,13,0,7,4,0,11,0,14,10,0,24,0,0,0,24
05/08/2019,GLS,TX,ASW,CE,Federal Contract Tower,0,9,6,2,17,0,11,4,0,15,0,20,10,2,32,0,0,0,32
05/09/2019,GLS,TX,ASW,CE,Federal Contract Tower,0,5,13,0,18,0,11,12,0,23,0,16,25,0,41,18,0,18,59
05/10/2019,GLS,TX,ASW,CE,Federal Contract Tower,0,1,10,0,11,0,17,2,0,19,0,18,12,0,30,12,0,12,42
05/11/2019,GLS,TX,ASW,CE,Federal Contract Tower,0,2,0,0,2,0,3,0,0,3,0,5,0,0,5,0,0,0,5
05/12/2019,GLS,TX,ASW,CE,Federal Contract Tower,0,5,16,0,21,0,12,62,0,74,0,17,78,0,95,66,0,66,161
05/13/2019,GLS,TX,ASW,CE,Federal Contract Tower,0,1,13,0,14,0,17,35,3,55,0,18,48,3,69,30,22,52,121
05/14/2019,GLS,TX,ASW,CE,Federal Contract Tower,0,6,6,0,12,0,14,15,2,31,0,20,21,2,43,6,0,6,49
05/15/2019,GLS,TX,ASW,CE,Federal Contract Tower,0,8,12,1,21,0,32,46,0,78,0,40,58,1,99,40,0,40,139
05/16/2019,GLS,TX,ASW,CE,Federal Contract Tower,0,5,15,0,20,0,29,36,0,65,0,34,51,0,85,58,0,58,143
05/17/2019,GLS,TX,ASW,CE,Federal Contract Tower,0,5,14,0,19,0,15,25,0,40,0,20,39,0,59,24,0,24,83
05/18/2019,GLS,TX,ASW,CE,Federal Contract Tower,0,2,5,0,7,0,9,8,2,19,0,11,13,2,26,12,0,12,38
05/19/2019,GLS,TX,ASW,CE,Federal Contract Tower,0,3,17,8,28,0,6,79,0,85,0,9,96,8,113,42,0,42,155
05/20/2019,GLS,TX,ASW,CE,Federal Contract Tower,0,3,19,0,22,0,23,29,2,54,0,26,48,2,76,21,0,21,97
05/21/2019,GLS,TX,ASW,CE,Federal Contract Tower,0,4,6,0,10,0,13,8,0,21,0,17,14,0,31,2,0,2,33
05/22/2019,GLS,TX,ASW,CE,Federal Contract Tower,0,5,10,0,15,0,28,7,2,37,0,33,17,2,52,4,0,4,56
05/23/2019,GLS,TX,ASW,CE,Federal Contract Tower,0,10,2,0,12,0,15,16,6,37,0,25,18,6,49,6,0,6,55
05/24/2019,GLS,TX,ASW,CE,Federal Contract Tower,0,6,16,0,22,0,25,47,0,72,0,31,63,0,94,18,0,18,112
05/25/2019,GLS,TX,ASW,CE,Federal Contract Tower,0,2,13,0,15,0,23,48,0,71,0,25,61,0,86,30,0,30,116
05/26/2019,GLS,TX,ASW,CE,Federal Contract Tower,0,2,5,0,7,0,10,91,0,101,0,12,96,0,108,24,0,24,132
05/27/2019,GLS,TX,ASW,CE,Federal Contract Tower,0,2,12,0,14,0,18,58,0,76,0,20,70,0,90,6,0,6,96
05/28/2019,GLS,TX,ASW,CE,Federal Contract Tower,0,5,19,2,26,0,12,18,0,30,0,17,37,2,56,22,0,22,78
05/29/2019,GLS,TX,ASW,CE,Federal Contract Tower,0,5,16,0,21,0,28,24,0,52,0,33,40,0,73,8,0,8,81
05/30/2019,GLS,TX,ASW,CE,Federal Contract Tower,0,7,8,0,15,0,17,9,0,26,0,24,17,0,41,16,0,16,57
05/31/2019,GLS,TX,ASW,CE,Federal Contract Tower,0,5,7,0,12,0,7,32,2,41,0,12,39,2,53,40,0,40,93
06/01/2019,GLS,TX,ASW,CE,Federal Contract Tower,0,5,5,0,10,0,7,70,1,78,0,12,75,1,88,52,0,52,140
06/02/2019,GLS,TX,ASW,CE,Federal Contract Tower,0,6,8,0,14,0,17,94,3,114,0,23,102,3,128,30,0,30,158
06/03/2019,GLS,TX,ASW,CE,Federal Contract Tower,0,4,9,0,13,0,15,72,0,87,0,19,81,0,100,25,0,25,125
06/04/2019,GLS,TX,ASW,CE,Federal Contract Tower,0,7,17,0,24,0,12,12,2,26,0,19,29,2,50,0,0,0,50
06/05/2019,GLS,TX,ASW,CE,Federal Contract Tower,0,5,0,0,5,0,4,0,0,4,0,9,0,0,9,0,0,0,9
06/06/2019,GLS,TX,ASW,CE,Federal Contract Tower,0,21,10,0,31,0,8,28,0,36,0,29,38,0,67,36,0,36,103
06/07/2019,GLS,TX,ASW,CE,Federal Contract Tower,0,2,3,0,5,0,13,61,0,74,0,15,64,0,79,34,0,34,113
06/08/2019,GLS,TX,ASW,CE,Federal Contract Tower,0,6,7,1,14,0,20,102,0,122,0,26,109,1,136,58,0,58,194
06/09/2019,GLS,TX,ASW,CE,Federal Contract Tower,0,5,15,0,20,0,8,99,0,107,0,13,114,0,127,68,0,68,195
06/10/2019,GLS,TX,ASW,CE,Federal Contract Tower,0,7,7,1,15,0,11,44,9,64,0,18,51,10,79,32,0,32,111
06/11/2019,GLS,TX,ASW,CE,Federal Contract Tower,0,8,15,0,23,0,20,17,3,40,0,28,32,3,63,6,0,6,69
06/12/2019,GLS,TX,ASW,CE,Federal Contract Tower,0,10,13,5,28,0,28,68,152,248,0,38,81,157,276,32,6,38,314
06/13/2019,GLS,TX,ASW,CE,Federal Contract Tower,0,8,18,3,29,0,23,51,10,84,0,31,69,13,113,34,0,34,147
06/14/2019,GLS,TX,ASW,CE,Federal Contract Tower,0,5,14,0,19,0,9,37,0,46,0,14,51,0,65,24,0,24,89
06/15/2019,GLS,TX,ASW,CE,Federal Contract Tower,0,4,11,2,17,0,14,28,0,42,0,18,39,2,59,61,0,61,120
06/16/2019,GLS,TX,ASW,CE,Federal Contract Tower,0,2,12,0,14,0,13,50,2,65,0,15,62,2,79,18,0,18,97
06/17/2019,GLS,TX,ASW,CE,Federal Contract Tower,0,3,3,0,6,0,27,42,0,69,0,30,45,0,75,4,0,4,79
06/18/2019,GLS,TX,ASW,CE,Federal Contract Tower,0,4,13,0,17,0,12,36,0,48,0,16,49,0,65,50,0,50,115
06/19/2019,GLS,TX,ASW,CE,Federal Contract Tower,0,10,18,0,28,0,31,22,0,53,0,41,40,0,81,36,0,36,117
06/20/2019,GLS,TX,ASW,CE,Federal Contract Tower,0,5,20,0,25,0,28,32,0,60,0,33,52,0,85,52,0,52,137
06/21/2019,GLS,TX,ASW,CE,Federal Contract Tower,0,3,26,2,31,0,15,16,0,31,0,18,42,2,62,54,14,68,130
06/22/2019,GLS,TX,ASW,CE,Federal Contract Tower,0,2,5,0,7,0,22,85,2,109,0,24,90,2,116,32,4,36,152
06/23/2019,GLS,TX,ASW,CE,Federal Contract Tower,0,2,6,0,8,0,19,64,0,83,0,21,70,0,91,20,0,20,111
06/24/2019,GLS,TX,ASW,CE,Federal Contract Tower,0,1,3,0,4,0,7,9,0,16,0,8,12,0,20,6,0,6,26
06/25/2019,GLS,TX,ASW,CE,Federal Contract Tower,0,6,4,0,10,0,8,0,0,8,0,14,4,0,18,0,0,0,18
06/26/2019,GLS,TX,ASW,CE,Federal Contract Tower,0,5,6,0,11,0,38,22,0,60,0,43,28,0,71,41,0,41,112
06/27/2019,GLS,TX,ASW,CE,Federal Contract Tower,0,3,27,0,30,0,34,12,4,50,0,37,39,4,80,42,0,42,122
06/28/2019,GLS,TX,ASW,CE,Federal Contract Tower,0,3,4,0,7,0,26,16,0,42,0,29,20,0,49,24,0,24,73
06/29/2019,GLS,TX,ASW,CE,Federal Contract Tower,0,3,2,0,5,0,20,20,0,40,0,23,22,0,45,26,0,26,71
06/30/2019,GLS,TX,ASW,CE,Federal Contract Tower,0,2,5,0,7,0,19,38,0,57,0,21,43,0,64,60,0,60,124
07/01/2019,GLS,TX,ASW,CE,Federal Contract Tower,0,4,17,0,21,0,19,19,0,38,0,23,36,0,59,58,0,58,117
07/02/2019,GLS,TX,ASW,CE,Federal Contract Tower,0,2,10,0,12,0,11,8,0,19,0,13,18,0,31,16,0,16,47
07/03/2019,GLS,TX,ASW,CE,Federal Contract Tower,0,2,4,2,8,0,13,5,0,18,0,15,9,2,26,38,0,38,64
07/04/2019,GLS,TX,ASW,CE,Federal Contract Tower,0,1,12,0,13,0,16,16,2,34,0,17,28,2,47,62,0,62,109
07/05/2019,GLS,TX,ASW,CE,Federal Contract Tower,0,4,10,0,14,0,9,21,2,32,0,13,31,2,46,106,0,106,152
07/06/2019,GLS,TX,ASW,CE,Federal Contract Tower,0,5,15,0,20,4,3,57,2,66,4,8,72,2,86,69,0,69,155
07/07/2019,GLS,TX,ASW,CE,Federal Contract Tower,0,3,14,0,17,0,9,62,0,71,0,12,76,0,88,90,0,90,178
07/08/2019,GLS,TX,ASW,CE,Federal Contract Tower,0,6,12,0,18,0,6,26,1,33,0,12,38,1,51,26,0,26,77
07/09/2019,GLS,TX,ASW,CE,Federal Contract Tower,0,2,15,0,17,0,27,15,0,42,0,29,30,0,59,24,0,24,83
07/10/2019,GLS,TX,ASW,CE,Federal Contract Tower,0,6,16,0,22,0,28,20,4,52,0,34,36,4,74,66,10,76,150
07/11/2019,GLS,TX,ASW,CE,Federal Contract Tower,0,3,8,0,11,0,24,17,2,43,0,27,25,2,54,44,2,46,100
07/12/2019,GLS,TX,ASW,CE,Federal Contract Tower,0,2,10,2,14,0,14,18,0,32,0,16,28,2,46,20,0,20,66
07/13/2019,GLS,TX,ASW,CE,Federal Contract Tower,0,1,4,0,5,0,3,7,0,10,0,4,11,0,15,0,0,0,15
07/14/2019,GLS,TX,ASW,CE,Federal Contract Tower,0,0,8,0,8,0,3,10,0,13,0,3,18,0,21,28,0,28,49
07/15/2019,GLS,TX,ASW,CE,Federal Contract Tower,0,1,2,0,3,0,9,2,0,11,0,10,4,0,14,12,0,12,26
07/16/2019,GLS,TX,ASW,CE,Federal Contract Tower,0,5,13,4,22,0,17,23,0,40,0,22,36,4,62,50,0,50,112
07/17/2019,GLS,TX,ASW,CE,Federal Contract Tower,0,6,13,6,25,0,17,13,2,32,0,23,26,8,57,54,0,54,111
07/18/2019,GLS,TX,ASW,CE,Federal Contract Tower,0,5,15,6,26,0,10,22,2,34,0,15,37,8,60,28,0,28,88
07/19/2019,GLS,TX,ASW,CE,Federal Contract Tower,0,5,9,0,14,0,13,26,0,39,0,18,35,0,53,62,0,62,115
07/20/2019,GLS,TX,ASW,CE,Federal Contract Tower,0,4,0,0,4,2,9,57,0,68,2,13,57,0,72,66,0,66,138
07/21/2019,GLS,TX,ASW,CE,Federal Contract Tower,0,0,2,1,3,0,6,26,1,33,0,6,28,2,36,68,0,68,104
07/22/2019,GLS,TX,ASW,CE,Federal Contract Tower,0,5,4,0,9,1,3,0,0,4,1,8,4,0,13,6,0,6,19
07/23/2019,GLS,TX,ASW,CE,Federal Contract Tower,0,4,6,0,10,0,12,2,0,14,0,16,8,0,24,30,0,30,54
07/24/2019,GLS,TX,ASW,CE,Federal Contract Tower,0,3,14,0,17,0,26,20,0,46,0,29,34,0,63,16,8,24,87
07/25/2019,GLS,TX,ASW,CE,Federal Contract Tower,0,2,14,0,16,0,32,18,2,52,0,34,32,2,68,48,0,48,116
07/26/2019,GLS,TX,ASW,CE,Federal Contract Tower,0,4,4,0,8,0,13,15,0,28,0,17,19,0,36,62,0,62,98
07/27/2019,GLS,TX,ASW,CE,Federal Contract Tower,0,2,2,0,4,0,9,44,0,53,0,11,46,0,57,74,0,74,131
07/28/2019,GLS,TX,ASW,CE,Federal Contract Tower,0,4,13,2,19,0,7,23,0,30,0,11,36,2,49,51,0,51,100
07/29/2019,GLS,TX,ASW,CE,Federal Contract Tower,0,2,11,0,13,0,11,30,0,41,0,13,41,0,54,47,0,47,101
07/30/2019,GLS,TX,ASW,CE,Federal Contract Tower,0,8,22,0,30,0,9,13,0,22,0,17,35,0,52,52,0,52,104
07/31/2019,GLS,TX,ASW,CE,Federal Contract Tower,0,4,8,0,12,0,17,11,0,28,0,21,19,0,40,26,0,26,66
08/01/2019,GLS,TX,ASW,CE,Federal Contract Tower,0,5,13,2,20,0,20,31,2,53,0,25,44,4,73,26,6,32,105
08/02/2019,GLS,TX,ASW,CE,Federal Contract Tower,0,2,4,0,6,0,3,39,0,42,0,5,43,0,48,50,0,50,98
08/03/2019,GLS,TX,ASW,CE,Federal Contract Tower,0,6,9,2,17,0,8,44,2,54,0,14,53,4,71,80,16,96,167
08/04/2019,GLS,TX,ASW,CE,Federal Contract Tower,0,3,15,0,18,0,11,28,0,39,0,14,43,0,57,56,0,56,113
08/05/2019,GLS,TX,ASW,CE,Federal Contract Tower,0,3,7,0,10,0,11,18,0,29,0,14,25,0,39,36,0,36,75
08/06/2019,GLS,TX,ASW,CE,Federal Contract Tower,0,6,4,4,14,0,17,19,5,41,0,23,23,9,55,66,0,66,121
08/07/2019,GLS,TX,ASW,CE,Federal Contract Tower,0,5,12,3,20,0,17,17,2,36,0,22,29,5,56,42,0,42,98
08/08/2019,GLS,TX,ASW,CE,Federal Contract Tower,0,8,13,0,21,0,26,20,0,46,0,34,33,0,67,50,0,50,117
08/09/2019,GLS,TX,ASW,CE,Federal Contract Tower,0,5,12,0,17,0,32,11,0,43,0,37,23,0,60,74,0,74,134
08/10/2019,GLS,TX,ASW,CE,Federal Contract Tower,0,2,14,0,16,0,11,63,10,84,0,13,77,10,100,66,0,66,166
08/11/2019,GLS,TX,ASW,CE,Federal Contract Tower,0,0,8,0,8,0,5,37,0,42,0,5,45,0,50,60,0,60,110
08/12/2019,GLS,TX,ASW,CE,Federal Contract Tower,0,3,3,0,6,0,12,27,0,39,0,15,30,0,45,16,0,16,61
08/13/2019,GLS,TX,ASW,CE,Federal Contract Tower,0,6,8,0,14,0,14,20,2,36,0,20,28,2,50,16,0,16,66
08/14/2019,GLS,TX,ASW,CE,Federal Contract Tower,0,7,12,0,19,0,17,13,0,30,0,24,25,0,49,2,0,2,51
08/15/2019,GLS,TX,ASW,CE,Federal Contract Tower,0,7,10,0,17,0,18,23,0,41,0,25,33,0,58,18,0,18,76
08/16/2019,GLS,TX,ASW,CE,Federal Contract Tower,0,2,3,0,5,0,16,16,0,32,0,18,19,0,37,50,0,50,87
08/17/2019,GLS,TX,ASW,CE,Federal Contract Tower,0,1,8,0,9,0,5,44,0,49,0,6,52,0,58,48,4,52,110
08/18/2019,GLS,TX,ASW,CE,Federal Contract Tower,0,3,11,0,14,0,8,22,0,30,0,11,33,0,44,69,0,69,113
08/19/2019,GLS,TX,ASW,CE,Federal Contract Tower,0,3,4,0,7,0,16,4,2,22,0,19,8,2,29,32,10,42,71
08/20/2019,GLS,TX,ASW,CE,Federal Contract Tower,0,6,3,0,9,0,15,9,0,24,0,21,12,0,33,0,0,0,33
08/21/2019,GLS,TX,ASW,CE,Federal Contract Tower,0,5,7,0,12,0,23,12,3,38,0,28,19,3,50,2,8,10,60
08/22/2019,GLS,TX,ASW,CE,Federal Contract Tower,0,3,4,0,7,0,23,18,0,41,0,26,22,0,48,16,0,16,64
08/23/2019,GLS,TX,ASW,CE,Federal Contract Tower,0,5,8,0,13,0,12,7,0,19,0,17,15,0,32,2,0,2,34
08/24/2019,GLS,TX,ASW,CE,Federal Contract Tower,0,0,2,0,2,0,4,15,0,19,0,4,17,0,21,8,0,8,29
08/25/2019,GLS,TX,ASW,CE,Federal Contract Tower,0,6,8,0,14,0,10,12,0,22,0,16,20,0,36,20,0,20,56
08/26/2019,GLS,TX,ASW,CE,Federal Contract Tower,0,3,7,0,10,0,20,29,0,49,0,23,36,0,59,54,0,54,113
08/27/2019,GLS,TX,ASW,CE,Federal Contract Tower,0,3,4,0,7,0,17,26,0,43,0,20,30,0,50,12,0,12,62
08/28/2019,GLS,TX,ASW,CE,Federal Contract Tower,0,4,8,0,12,0,11,19,2,32,0,15,27,2,44,8,0,8,52
08/29/2019,GLS,TX,ASW,CE,Federal Contract Tower,0,4,5,0,9,0,9,26,4,39,0,13,31,4,48,18,0,18,66
08/30/2019,GLS,TX,ASW,CE,Federal Contract Tower,0,3,15,0,18,0,9,38,2,49,0,12,53,2,67,29,2,31,98
08/31/2019,GLS,TX,ASW,CE,Federal Contract Tower,0,3,20,0,23,0,7,40,0,47,0,10,60,0,70,40,0,40,110
09/01/2019,GLS,TX,ASW,CE,Federal Contract Tower,0,0,17,0,17,7,61,0,0,68,7,61,17,0,85,94,0,94,179
09/02/2019,GLS,TX,ASW,CE,Federal Contract Tower,0,4,9,0,13,3,8,28,0,39,3,12,37,0,52,60,0,60,112
09/03/2019,GLS,TX,ASW,CE,Federal Contract Tower,0,2,10,0,12,0,12,17,0,29,0,14,27,0,41,10,0,10,51
09/04/2019,GLS,TX,ASW,CE,Federal Contract Tower,0,6,18,0,24,0,17,15,3,35,0,23,33,3,59,6,0,6,65
09/05/2019,GLS,TX,ASW,CE,Federal Contract Tower,0,2,9,0,11,0,16,18,2,36,0,18,27,2,47,22,4,26,73
09/06/2019,GLS,TX,ASW,CE,Federal Contract Tower,0,3,5,0,8,0,6,45,4,55,0,9,50,4,63,44,0,44,107
09/07/2019,GLS,TX,ASW,CE,Federal Contract Tower,0,0,3,0,3,0,7,57,0,64,0,7,60,0,67,58,0,58,125
09/08/2019,GLS,TX,ASW,CE,Federal Contract Tower,0,0,8,4,12,0,11,32,0,43,0,11,40,4,55,70,0,70,125
09/09/2019,GLS,TX,ASW,CE,Federal Contract Tower,0,4,7,0,11,0,15,26,1,42,0,19,33,1,53,44,0,44,97
09/10/2019,GLS,TX,ASW,CE,Federal Contract Tower,0,2,6,0,8,0,12,5,1,18,0,14,11,1,26,0,0,0,26
09/11/2019,GLS,TX,ASW,CE,Federal Contract Tower,0,3,9,0,12,0,7,14,0,21,0,10,23,0,33,20,0,20,53
09/12/2019,GLS,TX,ASW,CE,Federal Contract Tower,0,5,14,4,23,0,16,15,0,31,0,21,29,4,54,14,0,14,68
09/13/2019,GLS,TX,ASW,CE,Federal Contract Tower,0,3,8,0,11,0,12,19,0,31,0,15,27,0,42,48,0,48,90
09/14/2019,GLS,TX,ASW,CE,Federal Contract Tower,0,0,9,0,9,0,19,46,6,71,0,19,55,6,80,67,0,67,147
09/15/2019,GLS,TX,ASW,CE,Federal Contract Tower,0,2,8,0,10,0,5,39,0,44,0,7,47,0,54,58,0,58,112
09/16/2019,GLS,TX,ASW,CE,Federal Contract Tower,0,4,1,0,5,0,8,4,0,12,0,12,5,0,17,0,0,0,17
09/17/2019,GLS,TX,ASW,CE,Federal Contract Tower,0,3,0,0,3,0,0,0,0,0,0,3,0,0,3,0,0,0,3
09/18/2019,GLS,TX,ASW,CE,Federal Contract Tower,0,2,0,0,2,0,7,0,0,7,0,9,0,0,9,0,0,0,9
09/19/2019,GLS,TX,ASW,CE,Federal Contract Tower,0,7,0,0,7,0,7,0,0,7,0,14,0,0,14,0,0,0,14
09/20/2019,GLS,TX,ASW,CE,Federal Contract Tower,0,11,10,0,21,0,19,7,0,26,0,30,17,0,47,4,0,4,51
09/21/2019,GLS,TX,ASW,CE,Federal Contract Tower,0,3,9,0,12,0,19,23,3,45,0,22,32,3,57,80,0,80,137
09/22/2019,GLS,TX,ASW,CE,Federal Contract Tower,0,2,8,0,10,0,11,2,0,13,0,13,10,0,23,0,0,0,23
09/23/2019,GLS,TX,ASW,CE,Federal Contract Tower,0,1,5,0,6,0,21,4,0,25,0,22,9,0,31,8,0,8,39
09/24/2019,GLS,TX,ASW,CE,Federal Contract Tower,0,6,14,0,20,0,20,16,0,36,0,26,30,0,56,12,0,12,68
09/25/2019,GLS,TX,ASW,CE,Federal Contract Tower,0,4,16,0,20,0,11,28,0,39,0,15,44,0,59,10,0,10,69
09/26/2019,GLS,TX,ASW,CE,Federal Contract Tower,0,4,9,0,13,0,16,24,0,40,0,20,33,0,53,32,0,32,85
09/27/2019,GLS,TX,ASW,CE,Federal Contract Tower,0,2,7,0,9,0,7,21,0,28,0,9,28,0,37,26,0,26,63
09/28/2019,GLS,TX,ASW,CE,Federal Contract Tower,0,2,5,0,7,0,1,33,0,34,0,3,38,0,41,56,0,56,97
09/29/2019,GLS,TX,ASW,CE,Federal Contract Tower,0,2,8,0,10,0,5,55,0,60,0,7,63,0,70,54,0,54,124
10/01/2019,GLS,TX,ASW,CE,Federal Contract Tower,0,9,10,0,19,0,24,30,0,54,0,33,40,0,73,20,8,28,101
10/02/2019,GLS,TX,ASW,CE,Federal Contract Tower,0,5,26,0,31,0,29,32,0,61,0,34,58,0,92,46,0,46,138
10/03/2019,GLS,TX,ASW,CE,Federal Contract Tower,0,7,8,0,15,0,28,18,2,48,0,35,26,2,63,4,14,18,81
10/04/2019,GLS,TX,ASW,CE,Federal Contract Tower,0,6,22,4,32,0,28,29,0,57,0,34,51,4,89,36,7,43,132
10/05/2019,GLS,TX,ASW,CE,Federal Contract Tower,0,1,11,0,12,0,11,68,1,80,0,12,79,1,92,20,0,20,112
10/06/2019,GLS,TX,ASW,CE,Federal Contract Tower,0,0,12,0,12,0,23,86,0,109,0,23,98,0,121,12,0,12,133
10/07/2019,GLS,TX,ASW,CE,Federal Contract Tower,0,6,18,0,24,0,15,13,2,30,0,21,31,2,54,12,0,12,66
10/08/2019,GLS,TX,ASW,CE,Federal Contract Tower,0,6,8,2,16,0,22,34,0,56,0,28,42,2,72,14,0,14,86
10/09/2019,GLS,TX,ASW,CE,Federal Contract Tower,0,8,7,4,19,0,21,16,3,40,0,29,23,7,59,0,22,22,81
10/10/2019,GLS,TX,ASW,CE,Federal Contract Tower,0,5,8,0,13,0,7,30,1,38,0,12,38,1,51,20,0,20,71
10/11/2019,GLS,TX,ASW,CE,Federal Contract Tower,0,6,4,0,10,0,8,2,0,10,0,14,6,0,20,0,0,0,20
10/12/2019,GLS,TX,ASW,CE,Federal Contract Tower,0,6,3,0,9,0,5,27,0,32,0,11,30,0,41,26,0,26,67
10/13/2019,GLS,TX,ASW,CE,Federal Contract Tower,0,2,15,0,17,0,3,39,2,44,0,5,54,2,61,54,12,66,127
10/16/2019,GLS,TX,ASW,CE,Federal Contract Tower,0,4,8,0,12,0,6,0,3,9,0,10,8,3,21,0,0,0,21
10/17/2019,GLS,TX,ASW,CE,Federal Contract Tower,0,5,5,0,10,0,28,26,0,54,0,33,31,0,64,41,0,41,105
10/18/2019,GLS,TX,ASW,CE,Federal Contract Tower,0,4,7,1,12,0,23,39,0,62,0,27,46,1,74,56,0,56,130
10/19/2019,GLS,TX,ASW,CE,Federal Contract Tower,0,4,4,0,8,0,45,42,1,88,0,49,46,1,96,68,0,68,164
10/20/2019,GLS,TX,ASW,CE,Federal Contract Tower,0,1,6,0,7,0,13,26,0,39,0,14,32,0,46,34,0,34,80
10/21/2019,GLS,TX,ASW,CE,Federal Contract Tower,0,1,5,0,6,0,4,6,0,10,0,5,11,0,16,18,0,18,34
10/22/2019,GLS,TX,ASW,CE,Federal Contract Tower,0,3,0,2,5,0,32,40,5,77,0,35,40,7,82,30,2,32,114
10/23/2019,GLS,TX,ASW,CE,Federal Contract Tower,0,4,17,1,22,0,18,20,10,48,0,22,37,11,70,4,0,4,74
10/24/2019,GLS,TX,ASW,CE,Federal Contract Tower,0,8,1,4,13,0,16,16,5,37,0,24,17,9,50,10,0,10,60
10/26/2019,GLS,TX,ASW,CE,Federal Contract Tower,0,7,7,2,16,0,17,19,2,38,0,24,26,4,54,30,0,30,84
10/27/2019,GLS,TX,ASW,CE,Federal Contract Tower,0,2,7,0,9,0,12,85,7,104,0,14,92,7,113,52,0,52,165
10/28/2019,GLS,TX,ASW,CE,Federal Contract Tower,0,11,5,0,16,0,10,17,0,27,0,21,22,0,43,0,0,0,43
10/29/2019,GLS,TX,ASW,CE,Federal Contract Tower,0,19,4,2,25,0,0,0,0,0,0,19,4,2,25,0,0,0,25
10/30/2019,GLS,TX,ASW,CE,Federal Contract Tower,0,13,4,0,17,0,18,3,0,21,0,31,7,0,38,0,0,0,38
10/31/2019,GLS,TX,ASW,CE,Federal Contract Tower,0,5,4,0,9,0,19,20,0,39,0,24,24,0,48,4,0,4,52
11/01/2019,GLS,TX,ASW,CE,Federal Contract Tower,0,6,5,0,11,0,12,43,0,55,0,18,48,0,66,34,0,34,100
11/03/2019,GLS,TX,ASW,CE,Federal Contract Tower,0,3,6,0,9,0,13,52,0,65,0,16,58,0,74,40,0,40,114
11/04/2019,GLS,TX,ASW,CE,Federal Contract Tower,0,3,3,6,12,0,27,17,6,50,0,30,20,12,62,18,24,42,104
11/05/2019,GLS,TX,ASW,CE,Federal Contract Tower,0,6,8,0,14,0,11,6,2,19,0,17,14,2,33,0,0,0,33
11/06/2019,GLS,TX,ASW,CE,Federal Contract Tower,0,6,10,2,18,0,16,24,2,42,0,22,34,4,60,24,0,24,84
11/07/2019,GLS,TX,ASW,CE,Federal Contract Tower,0,9,5,0,14,0,8,5,2,15,0,17,10,2,29,4,0,4,33
11/08/2019,GLS,TX,ASW,CE,Federal Contract Tower,0,5,6,0,11,0,7,7,2,16,0,12,13,2,27,2,0,2,29
11/09/2019,GLS,TX,ASW,CE,Federal Contract Tower,0,2,8,0,10,0,3,44,0,47,0,5,52,0,57,24,0,24,81
11/10/2019,GLS,TX,ASW,CE,Federal Contract Tower,0,2,11,0,13,0,7,69,0,76,0,9,80,0,89,58,0,58,147
11/11/2019,GLS,TX,ASW,CE,Federal Contract Tower,0,5,2,0,7,0,23,16,0,39,0,28,18,0,46,22,0,22,68
11/12/2019,GLS,TX,ASW,CE,Federal Contract Tower,0,2,1,2,5,0,18,3,0,21,0,20,4,2,26,4,0,4,30
11/13/2019,GLS,TX,ASW,CE,Federal Contract Tower,0,5,3,0,8,0,35,17,2,54,0,40,20,2,62,14,0,14,76
11/14/2019,GLS,TX,ASW,CE,Federal Contract Tower,0,12,2,2,16,0,22,0,0,22,0,34,2,2,38,0,0,0,38
11/15/2019,GLS,TX,ASW,CE,Federal Contract Tower,0,4,0,0,4,0,52,32,2,86,0,56,32,2,90,14,0,14,104
11/16/2019,GLS,TX,ASW,CE,Federal Contract Tower,0,3,7,1,11,0,22,68,1,91,0,25,75,2,102,24,0,24,126
11/17/2019,GLS,TX,ASW,CE,Federal Contract Tower,0,2,4,2,8,0,14,52,0,66,0,16,56,2,74,36,0,36,110
11/18/2019,GLS,TX,ASW,CE,Federal Contract Tower,0,5,3,5,13,0,29,49,5,83,0,34,52,10,96,30,0,30,126
11/19/2019,GLS,TX,ASW,CE,Federal Contract Tower,0,5,3,1,9,0,21,31,0,52,0,26,34,1,61,20,0,20,81
11/20/2019,GLS,TX,ASW,CE,Federal Contract Tower,0,4,9,2,15,0,17,10,0,27,0,21,19,2,42,2,0,2,44
11/21/2019,GLS,TX,ASW,CE,Federal Contract Tower,0,7,16,0,23,0,20,13,0,33,0,27,29,0,56,8,0,8,64
11/22/2019,GLS,TX,ASW,CE,Federal Contract Tower,0,8,11,0,19,0,2,1,0,3,0,10,12,0,22,0,0,0,22
11/23/2019,GLS,TX,ASW,CE,Federal Contract Tower,0,3,13,3,19,0,12,55,0,67,0,15,68,3,86,54,0,54,140
11/24/2019,GLS,TX,ASW,CE,Federal Contract Tower,0,1,2,2,5,0,22,56,0,78,0,23,58,2,83,68,0,68,151
11/25/2019,GLS,TX,ASW,CE,Federal Contract Tower,0,7,5,0,12,0,18,31,0,49,0,25,36,0,61,12,0,12,73
11/26/2019,GLS,TX,ASW,CE,Federal Contract Tower,0,11,7,4,22,0,16,2,2,20,0,27,9,6,42,0,16,16,58
11/27/2019,GLS,TX,ASW,CE,Federal Contract Tower,0,7,9,0,16,0,45,18,0,63,0,52,27,0,79,4,0,4,83
11/28/2019,GLS,TX,ASW,CE,Federal Contract Tower,0,10,6,0,16,0,15,1,0,16,0,25,7,0,32,0,0,0,32
11/29/2019,GLS,TX,ASW,CE,Federal Contract Tower,0,0,5,2,7,0,11,0,2,13,0,11,5,4,20,0,4,4,24
11/30/2019,GLS,TX,ASW,CE,Federal Contract Tower,0,5,9,0,14,0,20,10,0,30,0,25,19,0,44,18,0,18,62
12/01/2019,GLS,TX,ASW,CE,Federal Contract Tower,0,2,9,0,11,0,6,59,2,67,0,8,68,2,78,46,0,46,124
12/02/2019,GLS,TX,ASW,CE,Federal Contract Tower,0,9,0,0,9,0,22,36,0,58,0,31,36,0,67,38,0,38,105
12/03/2019,GLS,TX,ASW,CE,Federal Contract Tower,0,4,20,0,24,0,14,25,0,39,0,18,45,0,63,20,0,20,83
12/04/2019,GLS,TX,ASW,CE,Federal Contract Tower,0,6,5,0,11,0,21,28,4,53,0,27,33,4,64,30,0,30,94
12/05/2019,GLS,TX,ASW,CE,Federal Contract Tower,0,8,12,2,22,0,16,30,1,47,0,24,42,3,69,18,0,18,87
12/07/2019,GLS,TX,ASW,CE,Federal Contract Tower,0,2,6,1,9,0,9,92,1,102,0,11,98,2,111,34,0,34,145
12/08/2019,GLS,TX,ASW,CE,Federal Contract Tower,0,4,12,0,16,0,9,38,3,50,0,13,50,3,66,42,0,42,108
12/09/2019,GLS,TX,ASW,CE,Federal Contract Tower,0,6,17,0,23,0,18,11,0,29,0,24,28,0,52,16,0,16,68
12/10/2019,GLS,TX,ASW,CE,Federal Contract Tower,0,17,2,0,19,0,3,0,0,3,0,20,2,0,22,0,0,0,22
12/11/2019,GLS,TX,ASW,CE,Federal Contract Tower,0,10,5,0,15,0,16,13,0,29,0,26,18,0,44,0,0,0,44
12/12/2019,GLS,TX,ASW,CE,Federal Contract Tower,0,4,13,0,17,0,23,31,0,54,0,27,44,0,71,28,0,28,99
12/13/2019,GLS,TX,ASW,CE,Federal Contract Tower,0,3,1,0,4,0,9,13,2,24,0,12,14,2,28,6,0,6,34
12/14/2019,GLS,TX,ASW,CE,Federal Contract Tower,0,3,4,0,7,0,24,67,0,91,0,27,71,0,98,50,0,50,148
12/15/2019,GLS,TX,ASW,CE,Federal Contract Tower,0,2,22,0,24,0,16,20,0,36,0,18,42,0,60,50,0,50,110
12/16/2019,GLS,TX,ASW,CE,Federal Contract Tower,0,4,0,0,4,0,21,8,0,29,0,25,8,0,33,0,0,0,33
12/17/2019,GLS,TX,ASW,CE,Federal Contract Tower,0,3,2,2,7,0,31,9,2,42,0,34,11,4,49,4,0,4,53
12/19/2019,GLS,TX,ASW,CE,Federal Contract Tower,0,1,2,2,5,0,9,23,0,32,0,10,25,2,37,26,0,26,63
12/20/2019,GLS,TX,ASW,CE,Federal Contract Tower,0,4,3,0,7,0,10,12,0,22,0,14,15,0,29,10,0,10,39
12/21/2019,GLS,TX,ASW,CE,Federal Contract Tower,0,2,6,0,8,0,14,16,0,30,0,16,22,0,38,24,0,24,62
12/23/2019,GLS,TX,ASW,CE,Federal Contract Tower,0,4,6,0,10,0,18,39,0,57,0,22,45,0,67,37,0,37,104
12/24/2019,GLS,TX,ASW,CE,Federal Contract Tower,0,2,3,0,5,0,21,42,0,63,0,23,45,0,68,4,0,4,72
12/25/2019,GLS,TX,ASW,CE,Federal Contract Tower,0,2,1,0,3,0,14,5,0,19,0,16,6,0,22,0,0,0,22
12/26/2019,GLS,TX,ASW,CE,Federal Contract Tower,0,4,11,0,15,0,9,12,0,21,0,13,23,0,36,42,0,42,78
12/27/2019,GLS,TX,ASW,CE,Federal Contract Tower,0,3,11,4,18,0,0,0,0,0,0,3,11,4,18,0,0,0,18
12/28/2019,GLS,TX,ASW,CE,Federal Contract Tower,0,4,4,0,8,0,0,4,0,4,0,4,8,0,12,6,0,6,18
12/29/2019,GLS,TX,ASW,CE,Federal Contract Tower,0,2,7,0,9,0,5,5,0,10,0,7,12,0,19,14,0,14,33
12/30/2019,GLS,TX,ASW,CE,Federal Contract Tower,0,5,16,0,21,0,18,22,0,40,0,23,38,0,61,52,0,52,113
12/31/2019,GLS,TX,ASW,CE,Federal Contract Tower,0,7,1,0,8,0,17,23,0,40,0,24,24,0,48,6,0,6,54
01/01/2020,GLS,TX,ASW,CE,Federal Contract Tower,0,4,15,0,19,0,10,4,0,14,0,14,19,0,33,0,0,0,33
01/02/2020,GLS,TX,ASW,CE,Federal Contract Tower,0,5,2,0,7,0,0,0,0,0,0,5,2,0,7,0,0,0,7
01/03/2020,GLS,TX,ASW,CE,Federal Contract Tower,0,6,1,0,7,0,23,26,0,49,0,29,27,0,56,14,0,14,70
01/04/2020,GLS,TX,ASW,CE,Federal Contract Tower,0,0,8,0,8,0,10,65,0,75,0,10,73,0,83,64,0,64,147
01/05/2020,GLS,TX,ASW,CE,Federal Contract Tower,0,1,16,0,17,0,13,64,0,77,0,14,80,0,94,50,0,50,144
01/06/2020,GLS,TX,ASW,CE,Federal Contract Tower,0,5,11,0,16,0,16,33,0,49,0,21,44,0,65,10,0,10,75
01/07/2020,GLS,TX,ASW,CE,Federal Contract Tower,0,4,5,4,13,0,20,29,2,51,0,24,34,6,64,14,4,18,82
01/08/2020,GLS,TX,ASW,CE,Federal Contract Tower,0,10,14,0,24,0,18,18,0,36,0,28,32,0,60,10,2,12,72
01/09/2020,GLS,TX,ASW,CE,Federal Contract Tower,0,4,16,0,20,0,21,13,2,36,0,25,29,2,56,12,0,12,68
01/10/2020,GLS,TX,ASW,CE,Federal Contract Tower,0,8,7,10,25,0,7,0,0,7,0,15,7,10,32,0,0,0,32
01/13/2020,GLS,TX,ASW,CE,Federal Contract Tower,0,4,1,0,5,0,0,0,0,0,0,4,1,0,5,0,0,0,5
01/14/2020,GLS,TX,ASW,CE,Federal Contract Tower,0,17,5,6,28,0,0,1,0,1,0,17,6,6,29,0,0,0,29
01/15/2020,GLS,TX,ASW,CE,Federal Contract Tower,0,9,15,0,24,0,9,0,0,9,0,18,15,0,33,0,0,0,33
01/16/2020,GLS,TX,ASW,CE,Federal Contract Tower,0,7,5,0,12,0,0,0,0,0,0,7,5,0,12,0,0,0,12
01/17/2020,GLS,TX,ASW,CE,Federal Contract Tower,0,4,5,6,15,0,0,0,0,0,0,4,5,6,15,0,0,0,15
01/18/2020,GLS,TX,ASW,CE,Federal Contract Tower,0,7,2,6,15,0,0,0,0,0,0,7,2,6,15,0,0,0,15
01/19/2020,GLS,TX,ASW,CE,Federal Contract Tower,0,1,2,0,3,0,10,28,4,42,0,11,30,4,45,8,0,8,53
01/20/2020,GLS,TX,ASW,CE,Federal Contract Tower,0,6,7,4,17,0,19,19,0,38,0,25,26,4,55,26,0,26,81
01/21/2020,GLS,TX,ASW,CE,Federal Contract Tower,0,7,9,3,19,0,30,26,0,56,0,37,35,3,75,24,0,24,99
01/22/2020,GLS,TX,ASW,CE,Federal Contract Tower,0,5,4,0,9,0,9,0,0,9,0,14,4,0,18,0,0,0,18
01/23/2020,GLS,TX,ASW,CE,Federal Contract Tower,0,7,10,2,19,0,21,10,0,31,0,28,20,2,50,8,0,8,58
01/24/2020,GLS,TX,ASW,CE,Federal Contract Tower,0,10,14,8,32,0,11,58,3,72,0,21,72,11,104,20,0,20,124
01/25/2020,GLS,TX,ASW,CE,Federal Contract Tower,0,3,17,0,20,0,9,41,0,50,0,12,58,0,70,34,0,34,104
01/26/2020,GLS,TX,ASW,CE,Federal Contract Tower,0,4,14,0,18,0,6,29,0,35,0,10,43,0,53,40,0,40,93
01/27/2020,GLS,TX,ASW,CE,Federal Contract Tower,0,4,6,7,17,0,8,7,3,18,0,12,13,10,35,20,0,20,55
01/28/2020,GLS,TX,ASW,CE,Federal Contract Tower,0,7,2,4,13,0,13,2,0,15,0,20,4,4,28,0,0,0,28
01/29/2020,GLS,TX,ASW,CE,Federal Contract Tower,0,5,5,0,10,0,18,20,0,38,0,23,25,0,48,2,0,2,50
01/30/2020,GLS,TX,ASW,CE,Federal Contract Tower,0,9,14,0,23,0,2,6,0,8,0,11,20,0,31,4,0,4,35
01/31/2020,GLS,TX,ASW,CE,Federal Contract Tower,0,4,7,3,14,0,20,24,3,47,0,24,31,6,61,16,18,34,95
02/01/2020,GLS,TX,ASW,CE,Federal Contract Tower,0,2,14,0,16,0,5,103,4,112,0,7,117,4,128,47,0,47,175
02/02/2020,GLS,TX,ASW,CE,Federal Contract Tower,0,1,6,4,11,0,26,36,0,62,0,27,42,4,73,20,0,20,93
02/03/2020,GLS,TX,ASW,CE,Federal Contract Tower,0,6,8,0,14,0,21,10,0,31,0,27,18,0,45,4,0,4,49
02/04/2020,GLS,TX,ASW,CE,Federal Contract Tower,0,9,4,0,13,0,3,2,0,5,0,12,6,0,18,2,0,2,20
02/05/2020,GLS,TX,ASW,CE,Federal Contract Tower,0,2,8,0,10,0,0,0,0,0,0,2,8,0,10,0,0,0,10
02/06/2020,GLS,TX,ASW,CE,Federal Contract Tower,0,9,5,0,14,0,20,9,0,29,0,29,14,0,43,0,0,0,43
02/07/2020,GLS,TX,ASW,CE,Federal Contract Tower,0,10,8,0,18,0,11,31,0,42,0,21,39,0,60,10,0,10,70
02/08/2020,GLS,TX,ASW,CE,Federal Contract Tower,0,4,18,2,24,0,5,77,0,82,0,9,95,2,106,61,0,61,167
02/09/2020,GLS,TX,ASW,CE,Federal Contract Tower,0,6,18,2,26,0,9,1,0,10,0,15,19,2,36,4,0,4,40
02/10/2020,GLS,TX,ASW,CE,Federal Contract Tower,0,4,3,0,7,0,0,0,0,0,0,4,3,0,7,0,0,0,7
02/11/2020,GLS,TX,ASW,CE,Federal Contract Tower,0,11,0,0,11,0,0,0,0,0,0,11,0,0,11,0,0,0,11
02/13/2020,GLS,TX,ASW,CE,Federal Contract Tower,0,7,14,0,21,0,8,45,2,55,0,15,59,2,76,20,0,20,96
02/14/2020,GLS,TX,ASW,CE,Federal Contract Tower,0,4,5,4,13,0,13,18,7,38,0,17,23,11,51,2,6,8,59
02/15/2020,GLS,TX,ASW,CE,Federal Contract Tower,0,1,13,0,14,0,7,52,0,59,0,8,65,0,73,18,0,18,91
02/16/2020,GLS,TX,ASW,CE,Federal Contract Tower,0,7,8,0,15,0,2,5,0,7,0,9,13,0,22,0,0,0,22
02/17/2020,GLS,TX,ASW,CE,Federal Contract Tower,0,4,10,0,14,0,0,0,0,0,0,4,10,0,14,0,0,0,14
02/18/2020,GLS,TX,ASW,CE,Federal Contract Tower,0,14,8,4,26,0,0,0,0,0,0,14,8,4,26,0,0,0,26
02/19/2020,GLS,TX,ASW,CE,Federal Contract Tower,0,8,7,2,17,0,1,0,0,1,0,9,7,2,18,2,0,2,20
02/20/2020,GLS,TX,ASW,CE,Federal Contract Tower,0,13,2,0,15,0,2,2,0,4,0,15,4,0,19,0,0,0,19
02/21/2020,GLS,TX,ASW,CE,Federal Contract Tower,0,9,19,0,28,0,38,40,4,82,0,47,59,4,110,4,10,14,124
02/22/2020,GLS,TX,ASW,CE,Federal Contract Tower,0,5,11,0,16,0,11,88,0,99,0,16,99,0,115,42,0,42,157
02/24/2020,GLS,TX,ASW,CE,Federal Contract Tower,0,5,3,0,8,0,6,3,0,9,0,11,6,0,17,0,0,0,17
02/25/2020,GLS,TX,ASW,CE,Federal Contract Tower,0,4,4,0,8,0,20,37,0,57,0,24,41,0,65,20,0,20,85
02/26/2020,GLS,TX,ASW,CE,Federal Contract Tower,0,2,5,0,7,0,9,0,2,11,0,11,5,2,18,0,6,6,24
02/27/2020,GLS,TX,ASW,CE,Federal Contract Tower,0,12,13,0,25,0,20,48,2,70,0,32,61,2,95,93,0,93,188
02/28/2020,GLS,TX,ASW,CE,Federal Contract Tower,0,5,7,1,13,0,13,57,3,73,0,18,64,4,86,61,3,64,150
02/29/2020,GLS,TX,ASW,CE,Federal Contract Tower,0,3,10,4,17,0,15,65,2,82,0,18,75,6,99,76,6,82,181
03/01/2020,GLS,TX,ASW,CE,Federal Contract Tower,0,3,13,0,16,0,12,24,0,36,0,15,37,0,52,32,0,32,84
03/02/2020,GLS,TX,ASW,CE,Federal Contract Tower,0,8,6,0,14,0,11,14,0,25,0,19,20,0,39,10,0,10,49
03/03/2020,GLS,TX,ASW,CE,Federal Contract Tower,0,7,14,0,21,0,0,3,0,3,0,7,17,0,24,0,0,0,24
03/04/2020,GLS,TX,ASW,CE,Federal Contract Tower,0,13,8,4,25,0,1,0,0,1,0,14,8,4,26,0,0,0,26
03/05/2020,GLS,TX,ASW,CE,Federal Contract Tower,0,5,20,1,26,0,34,18,0,52,0,39,38,1,78,32,0,32,110
03/06/2020,GLS,TX,ASW,CE,Federal Contract Tower,0,2,8,0,10,0,17,42,2,61,0,19,50,2,71,54,0,54,125
03/07/2020,GLS,TX,ASW,CE,Federal Contract Tower,0,3,16,8,27,0,7,51,4,62,0,10,67,12,89,30,0,30,119
03/08/2020,GLS,TX,ASW,CE,Federal Contract Tower,0,2,20,0,22,0,8,30,0,38,0,10,50,0,60,18,0,18,78
03/09/2020,GLS,TX,ASW,CE,Federal Contract Tower,0,4,25,2,31,0,22,8,0,30,0,26,33,2,61,0,0,0,61
03/10/2020,GLS,TX,ASW,CE,Federal Contract Tower,0,11,4,0,15,0,0,1,0,1,0,11,5,0,16,0,0,0,16
03/11/2020,GLS,TX,ASW,CE,Federal Contract Tower,0,7,4,4,15,0,0,0,0,0,0,7,4,4,15,0,0,0,15
03/12/2020,GLS,TX,ASW,CE,Federal Contract Tower,0,8,10,4,22,0,11,13,2,26,0,19,23,6,48,18,0,18,66
03/13/2020,GLS,TX,ASW,CE,Federal Contract Tower,0,9,19,0,28,0,0,2,0,2,0,9,21,0,30,0,0,0,30
03/14/2020,GLS,TX,ASW,CE,Federal Contract Tower,0,7,26,0,33,0,3,10,0,13,0,10,36,0,46,18,0,18,64
03/15/2020,GLS,TX,ASW,CE,Federal Contract Tower,0,2,18,0,20,0,2,0,0,2,0,4,18,0,22,0,0,0,22
03/16/2020,GLS,TX,ASW,CE,Federal Contract Tower,0,4,9,0,13,0,5,5,0,10,0,9,14,0,23,12,0,12,35
03/17/2020,GLS,TX,ASW,CE,Federal Contract Tower,0,9,2,0,11,0,0,0,0,0,0,9,2,0,11,0,0,0,11
03/18/2020,GLS,TX,ASW,CE,Federal Contract Tower,0,5,10,0,15,0,0,0,0,0,0,5,10,0,15,0,0,0,15
03/19/2020,GLS,TX,ASW,CE,Federal Contract Tower,0,3,7,3,13,0,22,9,1,32,0,25,16,4,45,18,0,18,63
03/20/2020,GLS,TX,ASW,CE,Federal Contract Tower,0,8,1,0,9,0,4,0,0,4,0,12,1,0,13,0,0,0,13
03/21/2020,GLS,TX,ASW,CE,Federal Contract Tower,0,17,2,0,19,0,0,0,0,0,0,17,2,0,19,0,0,0,19
03/22/2020,GLS,TX,ASW,CE,Federal Contract Tower,0,4,1,0,5,0,0,0,0,0,0,4,1,0,5,0,0,0,5
03/23/2020,GLS,TX,ASW,CE,Federal Contract Tower,0,6,4,0,10,0,9,9,0,18,0,15,13,0,28,24,0,24,52
03/24/2020,GLS,TX,ASW,CE,Federal Contract Tower,0,6,2,0,8,0,11,0,2,13,0,17,2,2,21,0,0,0,21
03/25/2020,GLS,TX,ASW,CE,Federal Contract Tower,0,14,6,6,26,0,4,2,0,6,0,18,8,6,32,0,0,0,32
03/26/2020,GLS,TX,ASW,CE,Federal Contract Tower,0,9,10,0,19,0,15,10,0,25,0,24,20,0,44,0,0,0,44
03/27/2020,GLS,TX,ASW,CE,Federal Contract Tower,0,1,9,0,10,0,6,36,6,48,0,7,45,6,58,8,8,16,74
03/28/2020,GLS,TX,ASW,CE,Federal Contract Tower,0,11,14,6,31,0,3,2,0,5,0,14,16,6,36,0,0,0,36
03/29/2020,GLS,TX,ASW,CE,Federal Contract Tower,0,4,4,0,8,0,14,31,0,45,0,18,35,0,53,0,0,0,53
03/30/2020,GLS,TX,ASW,CE,Federal Contract Tower,0,3,0,0,3,0,18,7,0,25,0,21,7,0,28,0,0,0,28
03/31/2020,GLS,TX,ASW,CE,Federal Contract Tower,0,0,6,0,6,0,19,21,0,40,0,19,27,0,46,12,0,12,58
04/01/2020,GLS,TX,ASW,CE,Federal Contract Tower,0,0,4,4,8,0,19,23,0,42,0,19,27,4,50,24,0,24,74
04/02/2020,GLS,TX,ASW,CE,Federal Contract Tower,0,0,4,0,4,0,31,6,2,39,0,31,10,2,43,0,0,0,43
04/03/2020,GLS,TX,ASW,CE,Federal Contract Tower,0,3,0,2,5,0,7,7,2,16,0,10,7,4,21,20,0,20,41
04/04/2020,GLS,TX,ASW,CE,Federal Contract Tower,0,10,8,0,18,0,0,0,0,0,0,10,8,0,18,0,0,0,18
04/05/2020,GLS,TX,ASW,CE,Federal Contract Tower,0,8,4,0,12,0,8,11,0,19,0,16,15,0,31,6,0,6,37
04/06/2020,GLS,TX,ASW,CE,Federal Contract Tower,0,0,0,4,4,0,2,0,0,2,0,2,0,4,6,0,0,0,6
04/07/2020,GLS,TX,ASW,CE,Federal Contract Tower,0,3,4,10,17,0,2,3,0,5,0,5,7,10,22,0,0,0,22
04/08/2020,GLS,TX,ASW,CE,Federal Contract Tower,0,12,6,0,18,0,11,19,0,30,0,23,25,0,48,40,0,40,88
04/09/2020,GLS,TX,ASW,CE,Federal Contract Tower,0,8,1,1,10,0,5,6,1,12,0,13,7,2,22,8,0,8,30
04/10/2020,GLS,TX,ASW,CE,Federal Contract Tower,0,4,9,0,13,0,11,6,0,17,0,15,15,0,30,0,0,0,30
04/11/2020,GLS,TX,ASW,CE,Federal Contract Tower,0,0,0,2,2,0,11,14,0,25,0,11,14,2,27,22,0,22,49
04/12/2020,GLS,TX,ASW,CE,Federal Contract Tower,0,7,5,0,12,0,0,0,0,0,0,7,5,0,12,0,0,0,12
04/13/2020,GLS,TX,ASW,CE,Federal Contract Tower,0,0,1,0,1,0,20,23,4,47,0,20,24,4,48,8,0,8,56
04/14/2020,GLS,TX,ASW,CE,Federal Contract Tower,0,6,0,4,10,0,18,22,0,40,0,24,22,4,50,34,0,34,84
04/15/2020,GLS,TX,ASW,CE,Federal Contract Tower,0,0,8,2,10,0,15,35,0,50,0,15,43,2,60,30,0,30,90
04/16/2020,GLS,TX,ASW,CE,Federal Contract Tower,0,0,4,0,4,0,10,35,0,45,0,10,39,0,49,18,0,18,67
04/17/2020,GLS,TX,ASW,CE,Federal Contract Tower,0,0,11,6,17,0,8,17,0,25,0,8,28,6,42,4,0,4,46
04/18/2020,GLS,TX,ASW,CE,Federal Contract Tower,0,2,6,0,8,0,0,0,0,0,0,2,6,0,8,0,0,0,8
04/19/2020,GLS,TX,ASW,CE,Federal Contract Tower,0,2,4,0,6,0,0,2,0,2,0,2,6,0,8,0,0,0,8
04/20/2020,GLS,TX,ASW,CE,Federal Contract Tower,0,0,12,0,12,0,6,8,0,14,0,6,20,0,26,4,0,4,30
04/21/2020,GLS,TX,ASW,CE,Federal Contract Tower,0,1,13,0,14,0,13,37,2,52,0,14,50,2,66,18,0,18,84
04/22/2020,GLS,TX,ASW,CE,Federal Contract Tower,0,0,9,8,17,0,7,1,0,8,0,7,10,8,25,0,0,0,25
04/23/2020,GLS,TX,ASW,CE,Federal Contract Tower,0,0,9,0,9,0,5,13,2,20,0,5,22,2,29,8,0,8,37
04/24/2020,GLS,TX,ASW,CE,Federal Contract Tower,0,0,14,0,14,0,0,4,45,49,0,0,18,45,63,24,0,24,87
04/25/2020,GLS,TX,ASW,CE,Federal Contract Tower,0,0,4,0,4,0,14,67,0,81,0,14,71,0,85,10,0,10,95
04/26/2020,GLS,TX,ASW,CE,Federal Contract Tower,0,1,11,0,12,0,11,66,0,77,0,12,77,0,89,32,0,32,121
04/27/2020,GLS,TX,ASW,CE,Federal Contract Tower,0,8,10,0,18,0,16,24,0,40,0,24,34,0,58,48,0,48,106
04/28/2020,GLS,TX,ASW,CE,Federal Contract Tower,0,12,3,0,15,0,4,1,0,5,0,16,4,0,20,0,0,0,20
04/29/2020,GLS,TX,ASW,CE,Federal Contract Tower,0,2,0,2,4,0,5,12,0,17,0,7,12,2,21,12,0,12,33
04/30/2020,GLS,TX,ASW,CE,Federal Contract Tower,0,1,12,0,13,0,12,47,0,59,0,13,59,0,72,28,0,28,100
05/01/2020,GLS,TX,ASW,CE,Federal Contract Tower,0,0,8,0,8,0,6,51,0,57,0,6,59,0,65,32,0,32,97
05/02/2020,GLS,TX,ASW,CE,Federal Contract Tower,0,2,13,0,15,0,8,34,2,44,0,10,47,2,59,52,10,62,121
05/03/2020,GLS,TX,ASW,CE,Federal Contract Tower,0,0,2,2,4,0,10,55,1,66,0,10,57,3,70,96,0,96,166
05/04/2020,GLS,TX,ASW,CE,Federal Contract Tower,0,0,11,0,11,0,14,24,0,38,0,14,35,0,49,44,0,44,93
05/05/2020,GLS,TX,ASW,CE,Federal Contract Tower,0,0,14,2,16,0,15,7,6,28,0,15,21,8,44,8,0,8,52
05/06/2020,GLS,TX,ASW,CE,Federal Contract Tower,0,3,3,0,6,0,10,17,2,29,0,13,20,2,35,10,0,10,45
05/07/2020,GLS,TX,ASW,CE,Federal Contract Tower,0,1,15,0,16,0,13,17,0,30,0,14,32,0,46,40,0,40,86
05/08/2020,GLS,TX,ASW,CE,Federal Contract Tower,0,0,6,0,6,0,5,4,0,9,0,5,10,0,15,0,0,0,15
05/09/2020,GLS,TX,ASW,CE,Federal Contract Tower,0,0,4,0,4,0,4,24,0,28,0,4,28,0,32,40,0,40,72
05/10/2020,GLS,TX,ASW,CE,Federal Contract Tower,0,0,9,0,9,0,10,44,2,56,0,10,53,2,65,42,10,52,117
05/11/2020,GLS,TX,ASW,CE,Federal Contract Tower,0,3,20,0,23,0,8,40,0,48,0,11,60,0,71,60,0,60,131
05/12/2020,GLS,TX,ASW,CE,Federal Contract Tower,0,2,23,0,25,0,8,24,0,32,0,10,47,0,57,12,0,12,69
05/13/2020,GLS,TX,ASW,CE,Federal Contract Tower,0,0,7,0,7,0,13,19,2,34,0,13,26,2,41,2,0,2,43
05/14/2020,GLS,TX,ASW,CE,Federal Contract Tower,0,4,6,0,10,0,15,7,0,22,0,19,13,0,32,16,0,16,48
05/15/2020,GLS,TX,ASW,CE,Federal Contract Tower,0,1,3,0,4,0,25,3,0,28,0,26,6,0,32,10,0,10,42
05/16/2020,GLS,TX,ASW,CE,Federal Contract Tower,0,1,4,0,5,0,19,7,2,28,0,20,11,2,33,16,0,16,49
05/17/2020,GLS,TX,ASW,CE,Federal Contract Tower,0,7,6,0,13,0,12,35,0,47,0,19,41,0,60,88,0,88,148
05/18/2020,GLS,TX,ASW,CE,Federal Contract Tower,0,4,13,2,19,0,10,42,0,52,0,14,55,2,71,32,0,32,103
05/19/2020,GLS,TX,ASW,CE,Federal Contract Tower,0,4,19,0,23,0,29,26,0,55,0,33,45,0,78,12,0,12,90
05/20/2020,GLS,TX,ASW,CE,Federal Contract Tower,0,7,19,0,26,0,15,44,0,59,0,22,63,0,85,40,0,40,125
05/21/2020,GLS,TX,ASW,CE,Federal Contract Tower,0,6,18,0,24,0,8,28,0,36,0,14,46,0,60,50,0,50,110
05/22/2020,GLS,TX,ASW,CE,Federal Contract Tower,0,0,18,0,18,0,6,30,2,38,0,6,48,2,56,46,4,50,106
05/23/2020,GLS,TX,ASW,CE,Federal Contract Tower,0,2,6,0,8,0,14,33,0,47,0,16,39,0,55,86,0,86,141
05/24/2020,GLS,TX,ASW,CE,Federal Contract Tower,0,8,7,0,15,0,11,31,0,42,0,19,38,0,57,40,0,40,97
05/25/2020,GLS,TX,ASW,CE,Federal Contract Tower,0,6,9,0,15,0,9,26,0,35,0,15,35,0,50,66,0,66,116
05/26/2020,GLS,TX,ASW,CE,Federal Contract Tower,0,5,7,0,12,0,10,33,0,43,0,15,40,0,55,69,0,69,124
05/27/2020,GLS,TX,ASW,CE,Federal Contract Tower,0,9,10,0,19,0,23,29,0,52,0,32,39,0,71,12,0,12,83
05/28/2020,GLS,TX,ASW,CE,Federal Contract Tower,0,5,12,0,17,0,12,10,2,24,0,17,22,2,41,16,14,30,71
05/29/2020,GLS,TX,ASW,CE,Federal Contract Tower,0,1,16,0,17,0,5,36,0,41,0,6,52,0,58,68,0,68,126
05/30/2020,GLS,TX,ASW,CE,Federal Contract Tower,0,2,22,0,24,0,7,62,0,69,0,9,84,0,93,72,0,72,165
05/31/2020,GLS,TX,ASW,CE,Federal Contract Tower,0,2,6,0,8,0,4,13,0,17,0,6,19,0,25,0,0,0,25
06/01/2020,GLS,TX,ASW,CE,Federal Contract Tower,0,0,3,0,3,0,15,26,0,41,0,15,29,0,44,36,0,36,80
06/02/2020,GLS,TX,ASW,CE,Federal Contract Tower,0,4,19,0,23,0,20,31,0,51,0,24,50,0,74,68,0,68,142
06/03/2020,GLS,TX,ASW,CE,Federal Contract Tower,0,3,7,2,12,0,16,13,0,29,0,19,20,2,41,2,0,2,43
06/04/2020,GLS,TX,ASW,CE,Federal Contract Tower,0,0,6,2,8,0,14,28,0,42,0,14,34,2,50,64,0,64,114
06/05/2020,GLS,TX,ASW,CE,Federal Contract Tower,0,10,23,0,33,0,14,45,0,59,0,24,68,0,92,66,0,66,158
06/06/2020,GLS,TX,ASW,CE,Federal Contract Tower,0,10,12,2,24,0,9,53,6,68,0,19,65,8,92,28,6,34,126
06/07/2020,GLS,TX,ASW,CE,Federal Contract Tower,0,0,10,0,10,0,14,65,0,79,0,14,75,0,89,8,0,8,97
06/08/2020,GLS,TX,ASW,CE,Federal Contract Tower,0,13,8,0,21,0,8,10,0,18,0,21,18,0,39,0,0,0,39
06/09/2020,GLS,TX,ASW,CE,Federal Contract Tower,0,9,15,0,24,0,12,19,2,33,0,21,34,2,57,24,0,24,81
06/10/2020,GLS,TX,ASW,CE,Federal Contract Tower,0,9,7,0,16,0,10,29,2,41,0,19,36,2,57,16,0,16,73
06/11/2020,GLS,TX,ASW,CE,Federal Contract Tower,0,2,12,2,16,0,13,55,4,72,0,15,67,6,88,46,14,60,148
06/12/2020,GLS,TX,ASW,CE,Federal Contract Tower,0,2,23,6,31,0,15,42,0,57,0,17,65,6,88,110,0,110,198
06/13/2020,GLS,TX,ASW,CE,Federal Contract Tower,0,4,7,6,17,0,10,58,0,68,0,14,65,6,85,110,4,114,199
06/14/2020,GLS,TX,ASW,CE,Federal Contract Tower,0,6,21,0,27,0,7,49,0,56,0,13,70,0,83,85,0,85,168
06/15/2020,GLS,TX,ASW,CE,Federal Contract Tower,0,0,8,0,8,0,23,19,0,42,0,23,27,0,50,42,0,42,92
06/16/2020,GLS,TX,ASW,CE,Federal Contract Tower,0,0,14,0,14,0,20,33,2,55,0,20,47,2,69,30,0,30,99
06/17/2020,GLS,TX,ASW,CE,Federal Contract Tower,0,4,11,0,15,0,9,35,0,44,0,13,46,0,59,56,0,56,115
06/18/2020,GLS,TX,ASW,CE,Federal Contract Tower,0,2,18,2,22,0,7,41,4,52,0,9,59,6,74,79,0,79,153
06/19/2020,GLS,TX,ASW,CE,Federal Contract Tower,0,2,14,0,16,0,14,61,2,77,0,16,75,2,93,82,0,82,175
06/20/2020,GLS,TX,ASW,CE,Federal Contract Tower,0,1,7,6,14,0,14,35,0,49,0,15,42,6,63,16,0,16,79
06/21/2020,GLS,TX,ASW,CE,Federal Contract Tower,0,1,6,0,7,0,12,25,0,37,0,13,31,0,44,34,0,34,78
06/22/2020,GLS,TX,ASW,CE,Federal Contract Tower,0,1,5,0,6,0,8,11,0,19,0,9,16,0,25,12,0,12,37
06/23/2020,GLS,TX,ASW,CE,Federal Contract Tower,0,2,9,0,11,0,15,10,0,25,0,17,19,0,36,10,0,10,46
06/24/2020,GLS,TX,ASW,CE,Federal Contract Tower,0,6,6,0,12,0,14,10,0,24,0,20,16,0,36,2,0,2,38
06/25/2020,GLS,TX,ASW,CE,Federal Contract Tower,0,2,6,0,8,0,17,2,0,19,0,19,8,0,27,6,0,6,33
06/26/2020,GLS,TX,ASW,CE,Federal Contract Tower,0,0,17,2,19,0,4,2,0,6,0,4,19,2,25,8,0,8,33
06/27/2020,GLS,TX,ASW,CE,Federal Contract Tower,0,3,4,0,7,0,13,21,2,36,0,16,25,2,43,98,0,98,141
06/28/2020,GLS,TX,ASW,CE,Federal Contract Tower,0,2,9,0,11,0,12,24,0,36,0,14,33,0,47,74,0,74,121
06/29/2020,GLS,TX,ASW,CE,Federal Contract Tower,0,6,15,1,22,0,17,16,3,36,0,23,31,4,58,36,6,42,100
06/30/2020,GLS,TX,ASW,CE,Federal Contract Tower,0,9,29,0,38,0,25,17,0,42,0,34,46,0,80,42,0,42,122
07/01/2020,GLS,TX,ASW,CE,Federal Contract Tower,0,8,13,12,33,0,17,16,0,33,0,25,29,12,66,18,0,18,84
07/02/2020,GLS,TX,ASW,CE,Federal Contract Tower,0,7,9,0,16,0,11,18,4,33,0,18,27,4,49,60,0,60,109
07/03/2020,GLS,TX,ASW,CE,Federal Contract Tower,0,8,10,2,20,0,14,31,0,45,0,22,41,2,65,40,0,40,105
07/04/2020,GLS,TX,ASW,CE,Federal Contract Tower,0,5,7,0,12,0,7,34,0,41,0,12,41,0,53,52,0,52,105
07/05/2020,GLS,TX,ASW,CE,Federal Contract Tower,0,1,13,4,18,0,13,31,1,45,0,14,44,5,63,54,0,54,117
07/06/2020,GLS,TX,ASW,CE,Federal Contract Tower,0,6,1,0,7,0,16,12,0,28,0,22,13,0,35,36,0,36,71
07/07/2020,GLS,TX,ASW,CE,Federal Contract Tower,0,9,10,6,25,0,16,37,0,53,0,25,47,6,78,20,0,20,98
07/08/2020,GLS,TX,ASW,CE,Federal Contract Tower,0,14,10,0,24,0,26,39,0,65,0,40,49,0,89,32,0,32,121
07/09/2020,GLS,TX,ASW,CE,Federal Contract Tower,0,12,10,2,24,0,7,29,2,38,0,19,39,4,62,44,0,44,106
07/10/2020,GLS,TX,ASW,CE,Federal Contract Tower,0,5,8,0,13,0,11,27,0,38,0,16,35,0,51,52,0,52,103
07/11/2020,GLS,TX,ASW,CE,Federal Contract Tower,0,2,13,4,19,0,17,76,0,93,0,19,89,4,112,84,4,88,200
07/12/2020,GLS,TX,ASW,CE,Federal Contract Tower,0,0,14,0,14,0,12,30,0,42,0,12,44,0,56,16,0,16,72
07/13/2020,GLS,TX,ASW,CE,Federal Contract Tower,0,0,11,3,14,0,28,20,2,50,0,28,31,5,64,34,0,34,98
07/14/2020,GLS,TX,ASW,CE,Federal Contract Tower,0,2,12,0,14,0,38,25,0,63,0,40,37,0,77,32,0,32,109
07/15/2020,GLS,TX,ASW,CE,Federal Contract Tower,0,2,11,1,14,0,29,33,6,68,0,31,44,7,82,20,12,32,114
07/16/2020,GLS,TX,ASW,CE,Federal Contract Tower,0,2,18,2,22,0,13,20,0,33,0,15,38,2,55,0,0,0,55
07/17/2020,GLS,TX,ASW,CE,Federal Contract Tower,0,7,4,0,11,0,12,19,0,31,0,19,23,0,42,60,0,60,102
07/18/2020,GLS,TX,ASW,CE,Federal Contract Tower,0,6,7,0,13,0,24,26,0,50,0,30,33,0,63,6,0,6,69
07/19/2020,GLS,TX,ASW,CE,Federal Contract Tower,0,17,12,2,31,0,14,31,0,45,0,31,43,2,76,18,0,18,94
07/20/2020,GLS,TX,ASW,CE,Federal Contract Tower,0,13,3,0,16,0,18,11,0,29,0,31,14,0,45,8,0,8,53
07/21/2020,GLS,TX,ASW,CE,Federal Contract Tower,0,15,2,4,21,0,18,10,8,36,0,33,12,12,57,2,10,12,69
07/22/2020,GLS,TX,ASW,CE,Federal Contract Tower,0,6,15,0,21,0,16,23,0,39,0,22,38,0,60,40,0,40,100
07/23/2020,GLS,TX,ASW,CE,Federal Contract Tower,0,3,3,0,6,0,19,47,2,68,0,22,50,2,74,14,0,14,88
07/24/2020,GLS,TX,ASW,CE,Federal Contract Tower,0,1,6,3,10,0,0,4,1,5,0,1,10,4,15,0,14,14,29
07/25/2020,GLS,TX,ASW,CE,Federal Contract Tower,0,0,0,0,0,0,0,0,0,0,0,0,0,0,0,0,0,0,0
07/26/2020,GLS,TX,ASW,CE,Federal Contract Tower,0,14,10,0,24,0,14,14,0,28,0,28,24,0,52,8,0,8,60
07/27/2020,GLS,TX,ASW,CE,Federal Contract Tower,0,15,4,0,19,0,15,10,2,27,0,30,14,2,46,24,0,24,70
07/28/2020,GLS,TX,ASW,CE,Federal Contract Tower,0,5,2,0,7,0,12,2,1,15,0,17,4,1,22,9,0,9,31
07/29/2020,GLS,TX,ASW,CE,Federal Contract Tower,0,10,8,0,18,0,18,6,0,24,0,28,14,0,42,10,0,10,52
07/30/2020,GLS,TX,ASW,CE,Federal Contract Tower,0,11,15,2,28,0,26,29,0,55,0,37,44,2,83,60,0,60,143
07/31/2020,GLS,TX,ASW,CE,Federal Contract Tower,0,5,11,2,18,0,13,25,2,40,0,18,36,4,58,92,0,92,150
08/01/2020,GLS,TX,ASW,CE,Federal Contract Tower,0,7,4,0,11,0,8,15,0,23,0,15,19,0,34,42,0,42,76
08/02/2020,GLS,TX,ASW,CE,Federal Contract Tower,0,2,7,0,9,0,19,57,2,78,0,21,64,2,87,110,0,110,197
08/03/2020,GLS,TX,ASW,CE,Federal Contract Tower,0,4,12,0,16,0,23,17,0,40,0,27,29,0,56,32,0,32,88
08/04/2020,GLS,TX,ASW,CE,Federal Contract Tower,0,2,13,0,15,0,22,37,2,61,0,24,50,2,76,104,0,104,180
08/05/2020,GLS,TX,ASW,CE,Federal Contract Tower,0,8,19,2,29,0,14,19,0,33,0,22,38,2,62,52,0,52,114
08/06/2020,GLS,TX,ASW,CE,Federal Contract Tower,0,8,10,2,20,0,18,22,2,42,0,26,32,4,62,50,0,50,112
08/07/2020,GLS,TX,ASW,CE,Federal Contract Tower,0,1,6,0,7,0,10,38,0,48,0,11,44,0,55,66,0,66,121
08/08/2020,GLS,TX,ASW,CE,Federal Contract Tower,0,7,14,0,21,0,10,47,0,57,0,17,61,0,78,62,0,62,140
08/09/2020,GLS,TX,ASW,CE,Federal Contract Tower,0,3,18,0,21,0,14,30,1,45,0,17,48,1,66,55,2,57,123
08/10/2020,GLS,TX,ASW,CE,Federal Contract Tower,0,9,17,0,26,0,14,34,0,48,0,23,51,0,74,62,0,62,136
08/11/2020,GLS,TX,ASW,CE,Federal Contract Tower,0,9,11,0,20,0,15,25,2,42,0,24,36,2,62,82,2,84,146
08/12/2020,GLS,TX,ASW,CE,Federal Contract Tower,0,13,6,6,25,0,14,27,2,43,0,27,33,8,68,44,0,44,112
08/13/2020,GLS,TX,ASW,CE,Federal Contract Tower,0,11,13,3,27,0,9,29,1,39,0,20,42,4,66,42,10,52,118
08/14/2020,GLS,TX,ASW,CE,Federal Contract Tower,0,6,18,2,26,0,11,42,0,53,0,17,60,2,79,6,0,6,85
08/15/2020,GLS,TX,ASW,CE,Federal Contract Tower,0,4,8,0,12,0,13,52,2,67,0,17,60,2,79,24,6,30,109
08/16/2020,GLS,TX,ASW,CE,Federal Contract Tower,0,4,17,0,21,0,12,51,0,63,0,16,68,0,84,20,0,20,104
08/17/2020,GLS,TX,ASW,CE,Federal Contract Tower,0,1,6,7,14,0,15,31,1,47,0,16,37,8,61,22,0,22,83
08/18/2020,GLS,TX,ASW,CE,Federal Contract Tower,0,8,17,0,25,0,17,36,0,53,0,25,53,0,78,28,0,28,106
08/19/2020,GLS,TX,ASW,CE,Federal Contract Tower,0,6,6,0,12,0,20,32,0,52,0,26,38,0,64,16,0,16,80
08/20/2020,GLS,TX,ASW,CE,Federal Contract Tower,0,0,5,2,7,0,11,29,0,40,0,11,34,2,47,40,0,40,87
08/21/2020,GLS,TX,ASW,CE,Federal Contract Tower,0,4,20,2,26,0,13,10,0,23,0,17,30,2,49,52,10,62,111
08/22/2020,GLS,TX,ASW,CE,Federal Contract Tower,0,2,4,0,6,0,20,38,4,62,0,22,42,4,68,60,0,60,128
08/23/2020,GLS,TX,ASW,CE,Federal Contract Tower,0,6,11,0,17,0,14,41,0,55,0,20,52,0,72,56,0,56,128
08/24/2020,GLS,TX,ASW,CE,Federal Contract Tower,0,1,4,0,5,0,5,22,0,27,0,6,26,0,32,36,0,36,68
08/25/2020,GLS,TX,ASW,CE,Federal Contract Tower,0,10,5,0,15,0,23,42,0,65,0,33,47,0,80,8,0,8,88
08/26/2020,GLS,TX,ASW,CE,Federal Contract Tower,0,0,1,0,1,0,0,2,0,2,0,0,3,0,3,0,0,0,3
08/27/2020,GLS,TX,ASW,CE,Federal Contract Tower,0,0,3,0,3,0,6,25,0,31,0,6,28,0,34,20,0,20,54
08/28/2020,GLS,TX,ASW,CE,Federal Contract Tower,0,5,5,0,10,0,24,20,0,44,0,29,25,0,54,10,0,10,64
08/29/2020,GLS,TX,ASW,CE,Federal Contract Tower,0,1,6,0,7,0,19,32,0,51,0,20,38,0,58,58,0,58,116
08/30/2020,GLS,TX,ASW,CE,Federal Contract Tower,0,2,8,0,10,0,21,20,0,41,0,23,28,0,51,10,0,10,61
08/31/2020,GLS,TX,ASW,CE,Federal Contract Tower,0,6,9,0,15,0,25,21,0,46,0,31,30,0,61,16,4,20,81
09/01/2020,GLS,TX,ASW,CE,Federal Contract Tower,0,10,5,0,15,0,19,4,6,29,0,29,9,6,44,0,0,0,44
09/02/2020,GLS,TX,ASW,CE,Federal Contract Tower,0,8,12,2,22,0,29,16,0,45,0,37,28,2,67,6,0,6,73
09/03/2020,GLS,TX,ASW,CE,Federal Contract Tower,0,9,8,4,21,0,18,29,2,49,0,27,37,6,70,40,0,40,110
09/04/2020,GLS,TX,ASW,CE,Federal Contract Tower,0,4,9,0,13,0,18,26,0,44,0,22,35,0,57,40,0,40,97
09/05/2020,GLS,TX,ASW,CE,Federal Contract Tower,0,0,3,0,3,0,27,43,0,70,0,27,46,0,73,56,0,56,129
09/06/2020,GLS,TX,ASW,CE,Federal Contract Tower,0,2,3,0,5,0,8,43,2,53,0,10,46,2,58,68,0,68,126
09/07/2020,GLS,TX,ASW,CE,Federal Contract Tower,0,1,15,1,17,0,13,41,1,55,0,14,56,2,72,86,0,86,158
09/08/2020,GLS,TX,ASW,CE,Federal Contract Tower,0,4,10,0,14,0,19,4,0,23,0,23,14,0,37,0,0,0,37
09/09/2020,GLS,TX,ASW,CE,Federal Contract Tower,0,10,26,0,36,0,34,14,0,48,0,44,40,0,84,24,0,24,108
09/10/2020,GLS,TX,ASW,CE,Federal Contract Tower,0,10,10,0,20,0,15,14,0,29,0,25,24,0,49,48,0,48,97
09/11/2020,GLS,TX,ASW,CE,Federal Contract Tower,0,14,16,2,32,0,27,30,4,61,0,41,46,6,93,54,0,54,147
09/12/2020,GLS,TX,ASW,CE,Federal Contract Tower,0,1,12,0,13,0,15,66,0,81,0,16,78,0,94,70,0,70,164
09/13/2020,GLS,TX,ASW,CE,Federal Contract Tower,0,4,9,0,13,0,15,29,0,44,0,19,38,0,57,38,0,38,95
09/14/2020,GLS,TX,ASW,CE,Federal Contract Tower,0,2,13,0,15,0,16,11,0,27,0,18,24,0,42,46,0,46,88
09/15/2020,GLS,TX,ASW,CE,Federal Contract Tower,0,10,10,0,20,0,43,9,0,52,0,53,19,0,72,16,0,16,88
09/16/2020,GLS,TX,ASW,CE,Federal Contract Tower,0,4,0,0,4,0,33,26,0,59,0,37,26,0,63,18,0,18,81
09/17/2020,GLS,TX,ASW,CE,Federal Contract Tower,0,8,1,0,9,0,23,21,2,46,0,31,22,2,55,54,0,54,109
09/18/2020,GLS,TX,ASW,CE,Federal Contract Tower,0,23,12,4,39,0,27,26,0,53,0,50,38,4,92,42,0,42,134
09/19/2020,GLS,TX,ASW,CE,Federal Contract Tower,0,8,6,0,14,0,2,25,0,27,0,10,31,0,41,4,0,4,45
09/20/2020,GLS,TX,ASW,CE,Federal Contract Tower,0,7,4,0,11,0,3,2,0,5,0,10,6,0,16,0,0,0,16
09/21/2020,GLS,TX,ASW,CE,Federal Contract Tower,0,0,0,0,0,0,0,0,0,0,0,0,0,0,0,0,0,0,0
09/22/2020,GLS,TX,ASW,CE,Federal Contract Tower,0,0,0,0,0,0,2,0,0,2,0,2,0,0,2,0,0,0,2
09/23/2020,GLS,TX,ASW,CE,Federal Contract Tower,0,11,4,1,16,0,12,2,1,15,0,23,6,2,31,0,0,0,31
09/24/2020,GLS,TX,ASW,CE,Federal Contract Tower,0,15,19,0,34,0,54,13,0,67,0,69,32,0,101,12,0,12,113
09/25/2020,GLS,TX,ASW,CE,Federal Contract Tower,0,8,10,4,22,0,23,54,2,79,0,31,64,6,101,54,0,54,155
09/26/2020,GLS,TX,ASW,CE,Federal Contract Tower,0,3,15,0,18,0,24,86,2,112,0,27,101,2,130,112,0,112,242
09/27/2020,GLS,TX,ASW,CE,Federal Contract Tower,0,3,17,4,24,0,40,84,2,126,0,43,101,6,150,70,0,70,220
09/28/2020,GLS,TX,ASW,CE,Federal Contract Tower,0,11,5,0,16,0,22,11,0,33,0,33,16,0,49,8,0,8,57
09/29/2020,GLS,TX,ASW,CE,Federal Contract Tower,0,4,9,2,15,0,32,18,0,50,0,36,27,2,65,13,0,13,78
09/30/2020,GLS,TX,ASW,CE,Federal Contract Tower,0,9,14,5,28,0,28,50,3,81,0,37,64,8,109,6,9,15,124
10/01/2020,GLS,TX,ASW,CE,Federal Contract Tower,0,6,11,0,17,0,26,41,0,67,0,32,52,0,84,23,0,23,107
10/02/2020,GLS,TX,ASW,CE,Federal Contract Tower,0,4,21,0,25,0,18,37,0,55,0,22,58,0,80,64,0,64,144
10/03/2020,GLS,TX,ASW,CE,Federal Contract Tower,0,0,2,2,4,0,8,52,0,60,0,8,54,2,64,82,0,82,146
10/04/2020,GLS,TX,ASW,CE,Federal Contract Tower,0,3,8,0,11,0,10,38,0,48,0,13,46,0,59,42,0,42,101
10/05/2020,GLS,TX,ASW,CE,Federal Contract Tower,0,2,4,0,6,0,24,27,0,51,0,26,31,0,57,52,0,52,109
10/06/2020,GLS,TX,ASW,CE,Federal Contract Tower,0,4,21,0,25,0,49,28,0,77,0,53,49,0,102,20,14,34,136
10/07/2020,GLS,TX,ASW,CE,Federal Contract Tower,0,15,22,0,37,0,27,21,0,48,0,42,43,0,85,14,0,14,99
10/08/2020,GLS,TX,ASW,CE,Federal Contract Tower,0,13,10,1,24,0,15,17,2,34,0,28,27,3,58,0,0,0,58
10/09/2020,GLS,TX,ASW,CE,Federal Contract Tower,0,0,0,0,0,0,0,0,0,0,0,0,0,0,0,0,0,0,0
10/10/2020,GLS,TX,ASW,CE,Federal Contract Tower,0,10,13,1,24,0,23,54,1,78,0,33,67,2,102,20,0,20,122
10/11/2020,GLS,TX,ASW,CE,Federal Contract Tower,0,18,27,0,45,0,16,28,0,44,0,34,55,0,89,44,0,44,133
10/12/2020,GLS,TX,ASW,CE,Federal Contract Tower,0,3,7,5,15,0,34,9,1,44,0,37,16,6,59,32,6,38,97
10/13/2020,GLS,TX,ASW,CE,Federal Contract Tower,0,5,12,0,17,0,32,19,0,51,0,37,31,0,68,4,0,4,72
10/14/2020,GLS,TX,ASW,CE,Federal Contract Tower,0,8,8,1,17,0,18,36,0,54,0,26,44,1,71,10,0,10,81
10/15/2020,GLS,TX,ASW,CE,Federal Contract Tower,0,8,15,2,25,0,33,25,0,58,0,41,40,2,83,50,0,50,133
10/16/2020,GLS,TX,ASW,CE,Federal Contract Tower,0,14,18,0,32,0,10,6,0,16,0,24,24,0,48,0,0,0,48
10/17/2020,GLS,TX,ASW,CE,Federal Contract Tower,0,4,13,0,17,0,10,35,3,48,0,14,48,3,65,84,0,84,149
10/18/2020,GLS,TX,ASW,CE,Federal Contract Tower,0,1,25,0,26,0,14,49,0,63,0,15,74,0,89,40,0,40,129
10/19/2020,GLS,TX,ASW,CE,Federal Contract Tower,0,6,4,4,14,0,21,7,2,30,0,27,11,6,44,6,0,6,50
10/20/2020,GLS,TX,ASW,CE,Federal Contract Tower,0,9,18,7,34,0,20,24,1,45,0,29,42,8,79,16,6,22,101
10/21/2020,GLS,TX,ASW,CE,Federal Contract Tower,0,5,22,0,27,0,24,14,0,38,0,29,36,0,65,4,0,4,69
10/22/2020,GLS,TX,ASW,CE,Federal Contract Tower,0,7,6,2,15,0,22,21,2,45,0,29,27,4,60,10,0,10,70
10/23/2020,GLS,TX,ASW,CE,Federal Contract Tower,0,2,16,2,20,0,24,18,0,42,0,26,34,2,62,14,0,14,76
10/24/2020,GLS,TX,ASW,CE,Federal Contract Tower,0,5,13,3,21,0,10,87,0,97,0,15,100,3,118,66,0,66,184
10/25/2020,GLS,TX,ASW,CE,Federal Contract Tower,0,5,13,0,18,0,9,106,0,115,0,14,119,0,133,26,0,26,159
10/26/2020,GLS,TX,ASW,CE,Federal Contract Tower,0,7,17,0,24,0,16,17,0,33,0,23,34,0,57,22,0,22,79
10/27/2020,GLS,TX,ASW,CE,Federal Contract Tower,0,22,8,4,34,0,12,0,0,12,0,34,8,4,46,0,0,0,46
10/28/2020,GLS,TX,ASW,CE,Federal Contract Tower,0,13,8,2,23,0,2,0,0,2,0,15,8,2,25,0,0,0,25
10/29/2020,GLS,TX,ASW,CE,Federal Contract Tower,0,16,5,5,26,0,38,23,1,62,0,54,28,6,88,8,0,8,96
10/30/2020,GLS,TX,ASW,CE,Federal Contract Tower,0,3,21,0,24,0,15,27,0,42,0,18,48,0,66,14,0,14,80
10/31/2020,GLS,TX,ASW,CE,Federal Contract Tower,0,4,8,0,12,0,25,62,0,87,0,29,70,0,99,46,0,46,145
11/01/2020,GLS,TX,ASW,CE,Federal Contract Tower,0,0,15,8,23,0,19,52,0,71,0,19,67,8,94,52,0,52,146
11/02/2020,GLS,TX,ASW,CE,Federal Contract Tower,0,0,4,0,4,0,16,19,0,35,0,16,23,0,39,20,0,20,59
11/03/2020,GLS,TX,ASW,CE,Federal Contract Tower,0,2,15,0,17,0,20,41,2,63,0,22,56,2,80,16,0,16,96
11/04/2020,GLS,TX,ASW,CE,Federal Contract Tower,0,10,20,0,30,0,40,27,0,67,0,50,47,0,97,32,0,32,129
11/05/2020,GLS,TX,ASW,CE,Federal Contract Tower,0,13,16,1,30,0,23,37,1,61,0,36,53,2,91,26,0,26,117
11/06/2020,GLS,TX,ASW,CE,Federal Contract Tower,0,4,16,2,22,0,17,37,0,54,0,21,53,2,76,26,0,26,102
11/07/2020,GLS,TX,ASW,CE,Federal Contract Tower,0,3,11,2,16,0,11,45,5,61,0,14,56,7,77,22,16,38,115
11/08/2020,GLS,TX,ASW,CE,Federal Contract Tower,0,6,14,0,20,0,11,17,0,28,0,17,31,0,48,4,0,4,52
11/09/2020,GLS,TX,ASW,CE,Federal Contract Tower,0,6,21,0,27,0,8,8,0,16,0,14,29,0,43,0,0,0,43
11/10/2020,GLS,TX,ASW,CE,Federal Contract Tower,0,9,14,0,23,0,18,23,2,43,0,27,37,2,66,8,10,18,84
11/11/2020,GLS,TX,ASW,CE,Federal Contract Tower,0,14,12,0,26,0,25,33,0,58,0,39,45,0,84,12,0,12,96
11/12/2020,GLS,TX,ASW,CE,Federal Contract Tower,0,5,10,0,15,0,30,31,0,61,0,35,41,0,76,40,0,40,116
11/13/2020,GLS,TX,ASW,CE,Federal Contract Tower,0,7,28,0,35,0,9,12,0,21,0,16,40,0,56,24,0,24,80
11/14/2020,GLS,TX,ASW,CE,Federal Contract Tower,0,7,29,17,53,0,13,39,3,55,0,20,68,20,108,42,20,62,170
11/15/2020,GLS,TX,ASW,CE,Federal Contract Tower,0,8,3,2,13,0,6,32,0,38,0,14,35,2,51,4,0,4,55
11/16/2020,GLS,TX,ASW,CE,Federal Contract Tower,0,2,8,0,10,0,13,34,2,49,0,15,42,2,59,28,32,60,119
11/17/2020,GLS,TX,ASW,CE,Federal Contract Tower,0,6,17,0,23,0,12,23,0,35,0,18,40,0,58,8,0,8,66
11/18/2020,GLS,TX,ASW,CE,Federal Contract Tower,0,6,11,1,18,0,19,28,1,48,0,25,39,2,66,16,0,16,82
11/19/2020,GLS,TX,ASW,CE,Federal Contract Tower,0,7,14,2,23,0,10,23,0,33,0,17,37,2,56,24,0,24,80
11/20/2020,GLS,TX,ASW,CE,Federal Contract Tower,0,6,18,4,28,0,14,19,5,38,0,20,37,9,66,12,13,25,91
11/21/2020,GLS,TX,ASW,CE,Federal Contract Tower,0,3,21,2,26,0,8,70,0,78,0,11,91,2,104,60,0,60,164
11/22/2020,GLS,TX,ASW,CE,Federal Contract Tower,0,2,15,4,21,0,16,76,0,92,0,18,91,4,113,60,0,60,173
11/23/2020,GLS,TX,ASW,CE,Federal Contract Tower,0,8,32,0,40,0,23,25,2,50,0,31,57,2,90,14,0,14,104
11/24/2020,GLS,TX,ASW,CE,Federal Contract Tower,0,8,15,0,23,0,30,18,0,48,0,38,33,0,71,6,0,6,77
11/25/2020,GLS,TX,ASW,CE,Federal Contract Tower,0,12,14,0,26,0,23,38,4,65,0,35,52,4,91,12,0,12,103
11/26/2020,GLS,TX,ASW,CE,Federal Contract Tower,0,9,2,0,11,0,5,12,0,17,0,14,14,0,28,0,0,0,28
11/27/2020,GLS,TX,ASW,CE,Federal Contract Tower,0,7,5,0,12,0,12,6,0,18,0,19,11,0,30,4,0,4,34
11/28/2020,GLS,TX,ASW,CE,Federal Contract Tower,0,5,7,0,12,0,4,1,0,5,0,9,8,0,17,0,0,0,17
11/29/2020,GLS,TX,ASW,CE,Federal Contract Tower,0,6,20,0,26,0,13,13,0,26,0,19,33,0,52,10,0,10,62
11/30/2020,GLS,TX,ASW,CE,Federal Contract Tower,0,5,10,0,15,0,7,16,0,23,0,12,26,0,38,6,14,20,58
12/01/2020,GLS,TX,ASW,CE,Federal Contract Tower,0,6,17,0,23,0,21,28,0,49,0,27,45,0,72,24,0,24,96
12/02/2020,GLS,TX,ASW,CE,Federal Contract Tower,0,3,2,0,5,0,6,0,0,6,0,9,2,0,11,0,0,0,11
12/03/2020,GLS,TX,ASW,CE,Federal Contract Tower,0,23,20,0,43,0,26,15,4,45,0,49,35,4,88,18,0,18,106
12/04/2020,GLS,TX,ASW,CE,Federal Contract Tower,0,13,11,0,24,0,23,41,3,67,0,36,52,3,91,12,0,12,103
12/05/2020,GLS,TX,ASW,CE,Federal Contract Tower,0,5,6,1,12,0,1,48,0,49,0,6,54,1,61,36,0,36,97
12/06/2020,GLS,TX,ASW,CE,Federal Contract Tower,0,7,3,0,10,0,25,63,0,88,0,32,66,0,98,38,0,38,136
12/07/2020,GLS,TX,ASW,CE,Federal Contract Tower,0,2,13,0,15,0,18,32,2,52,0,20,45,2,67,32,0,32,99
12/08/2020,GLS,TX,ASW,CE,Federal Contract Tower,0,4,24,1,29,0,29,57,1,87,0,33,81,2,116,34,0,34,150
12/09/2020,GLS,TX,ASW,CE,Federal Contract Tower,0,5,14,1,20,0,24,34,6,64,0,29,48,7,84,36,0,36,120
12/10/2020,GLS,TX,ASW,CE,Federal Contract Tower,0,7,31,1,39,0,10,39,1,50,0,17,70,2,89,41,2,43,132
12/11/2020,GLS,TX,ASW,CE,Federal Contract Tower,0,4,14,0,18,0,16,16,0,32,0,20,30,0,50,6,0,6,56
12/12/2020,GLS,TX,ASW,CE,Federal Contract Tower,0,8,23,0,31,0,8,43,0,51,0,16,66,0,82,30,0,30,112
12/13/2020,GLS,TX,ASW,CE,Federal Contract Tower,0,7,0,0,7,0,3,2,0,5,0,10,2,0,12,0,0,0,12
12/14/2020,GLS,TX,ASW,CE,Federal Contract Tower,0,0,7,2,9,0,16,10,0,26,0,16,17,2,35,18,0,18,53
12/15/2020,GLS,TX,ASW,CE,Federal Contract Tower,0,9,3,4,16,0,5,0,0,5,0,14,3,4,21,0,0,0,21
12/16/2020,GLS,TX,ASW,CE,Federal Contract Tower,0,7,10,0,17,0,20,15,2,37,0,27,25,2,54,6,0,6,60
12/17/2020,GLS,TX,ASW,CE,Federal Contract Tower,0,9,18,0,27,0,12,52,2,66,0,21,70,2,93,20,0,20,113
12/18/2020,GLS,TX,ASW,CE,Federal Contract Tower,0,2,10,1,13,0,8,28,1,37,0,10,38,2,50,24,0,24,74
12/19/2020,GLS,TX,ASW,CE,Federal Contract Tower,0,3,1,1,5,0,5,10,1,16,0,8,11,2,21,12,0,12,33
12/20/2020,GLS,TX,ASW,CE,Federal Contract Tower,0,7,8,0,15,0,8,85,0,93,0,15,93,0,108,70,0,70,178
12/21/2020,GLS,TX,ASW,CE,Federal Contract Tower,0,4,11,9,24,0,21,62,0,83,0,25,73,9,107,62,2,64,171
12/22/2020,GLS,TX,ASW,CE,Federal Contract Tower,0,8,10,2,20,0,14,35,4,53,0,22,45,6,73,10,0,10,83
12/23/2020,GLS,TX,ASW,CE,Federal Contract Tower,0,14,15,4,33,0,12,4,0,16,0,26,19,4,49,6,0,6,55
12/24/2020,GLS,TX,ASW,CE,Federal Contract Tower,0,4,1,0,5,0,1,6,0,7,0,5,7,0,12,0,0,0,12
12/25/2020,GLS,TX,ASW,CE,Federal Contract Tower,0,1,2,0,3,0,5,18,0,23,0,6,20,0,26,10,0,10,36
12/26/2020,GLS,TX,ASW,CE,Federal Contract Tower,0,2,11,0,13,0,13,49,4,66,0,15,60,4,79,72,0,72,151
12/27/2020,GLS,TX,ASW,CE,Federal Contract Tower,0,0,8,0,8,0,7,42,0,49,0,7,50,0,57,22,0,22,79
12/28/2020,GLS,TX,ASW,CE,Federal Contract Tower,0,2,9,0,11,0,10,26,4,40,0,12,35,4,51,42,14,56,107
12/29/2020,GLS,TX,ASW,CE,Federal Contract Tower,0,7,23,0,30,0,16,9,0,25,0,23,32,0,55,6,0,6,61
12/30/2020,GLS,TX,ASW,CE,Federal Contract Tower,0,9,16,0,25,0,8,4,0,12,0,17,20,0,37,6,0,6,43
12/31/2020,GLS,TX,ASW,CE,Federal Contract Tower,0,5,1,0,6,0,0,0,0,0,0,5,1,0,6,0,0,0,6
01/01/2021,GLS,TX,ASW,CE,Federal Contract Tower,0,8,1,0,9,0,13,36,0,49,0,21,37,0,58,36,0,36,94
01/02/2021,GLS,TX,ASW,CE,Federal Contract Tower,0,4,7,0,11,0,23,56,0,79,0,27,63,0,90,76,0,76,166
01/03/2021,GLS,TX,ASW,CE,Federal Contract Tower,0,3,9,0,12,0,7,47,0,54,0,10,56,0,66,64,0,64,130
01/04/2021,GLS,TX,ASW,CE,Federal Contract Tower,0,2,3,0,5,0,16,14,0,30,0,18,17,0,35,28,0,28,63
01/05/2021,GLS,TX,ASW,CE,Federal Contract Tower,0,2,9,0,11,0,15,36,0,51,0,17,45,0,62,28,0,28,90
01/06/2021,GLS,TX,ASW,CE,Federal Contract Tower,0,4,10,4,18,0,19,10,0,29,0,23,20,4,47,4,0,4,51
01/07/2021,GLS,TX,ASW,CE,Federal Contract Tower,0,5,7,2,14,0,14,20,2,36,0,19,27,4,50,38,0,38,88
01/08/2021,GLS,TX,ASW,CE,Federal Contract Tower,0,3,15,0,18,0,19,11,4,34,0,22,26,4,52,12,12,24,76
01/09/2021,GLS,TX,ASW,CE,Federal Contract Tower,0,5,8,3,16,0,12,60,3,75,0,17,68,6,91,86,0,86,177
01/10/2021,GLS,TX,ASW,CE,Federal Contract Tower,0,1,0,0,1,0,2,0,0,2,0,3,0,0,3,0,0,0,3
01/11/2021,GLS,TX,ASW,CE,Federal Contract Tower,0,1,5,5,11,0,12,2,0,14,0,13,7,5,25,0,0,0,25
01/12/2021,GLS,TX,ASW,CE,Federal Contract Tower,0,4,14,0,18,0,21,27,0,48,0,25,41,0,66,4,0,4,70
01/13/2021,GLS,TX,ASW,CE,Federal Contract Tower,0,2,21,5,28,0,20,39,6,65,0,22,60,11,93,4,8,12,105
01/14/2021,GLS,TX,ASW,CE,Federal Contract Tower,0,8,13,0,21,0,12,23,0,35,0,20,36,0,56,16,0,16,72
01/15/2021,GLS,TX,ASW,CE,Federal Contract Tower,0,3,13,2,18,0,7,19,0,26,0,10,32,2,44,16,0,16,60
01/16/2021,GLS,TX,ASW,CE,Federal Contract Tower,0,10,20,7,37,0,16,67,1,84,0,26,87,8,121,34,0,34,155
01/17/2021,GLS,TX,ASW,CE,Federal Contract Tower,0,5,7,0,12,0,14,68,0,82,0,19,75,0,94,48,0,48,142
01/18/2021,GLS,TX,ASW,CE,Federal Contract Tower,0,4,15,0,19,0,11,44,0,55,0,15,59,0,74,22,0,22,96
01/19/2021,GLS,TX,ASW,CE,Federal Contract Tower,0,3,12,1,16,0,12,24,1,37,0,15,36,2,53,14,0,14,67
01/20/2021,GLS,TX,ASW,CE,Federal Contract Tower,0,4,4,0,8,0,0,0,0,0,0,4,4,0,8,0,0,0,8
01/21/2021,GLS,TX,ASW,CE,Federal Contract Tower,0,4,4,0,8,0,0,0,0,0,0,4,4,0,8,0,0,0,8
01/22/2021,GLS,TX,ASW,CE,Federal Contract Tower,0,4,25,3,32,0,0,0,1,1,0,4,25,4,33,0,0,0,33
01/23/2021,GLS,TX,ASW,CE,Federal Contract Tower,0,7,4,0,11,0,0,0,0,0,0,7,4,0,11,0,0,0,11
01/24/2021,GLS,TX,ASW,CE,Federal Contract Tower,0,0,10,0,10,0,4,2,0,6,0,4,12,0,16,0,0,0,16
01/25/2021,GLS,TX,ASW,CE,Federal Contract Tower,0,2,25,4,31,0,0,0,0,0,0,2,25,4,31,0,0,0,31
01/26/2021,GLS,TX,ASW,CE,Federal Contract Tower,0,10,9,0,19,0,15,40,0,55,0,25,49,0,74,18,0,18,92
01/27/2021,GLS,TX,ASW,CE,Federal Contract Tower,0,12,5,4,21,0,18,21,0,39,0,30,26,4,60,2,4,6,66
01/28/2021,GLS,TX,ASW,CE,Federal Contract Tower,0,7,30,2,39,0,11,47,0,58,0,18,77,2,97,34,0,34,131
01/29/2021,GLS,TX,ASW,CE,Federal Contract Tower,0,1,10,0,11,0,15,47,0,62,0,16,57,0,73,18,0,18,91
01/30/2021,GLS,TX,ASW,CE,Federal Contract Tower,0,5,4,6,15,0,9,8,0,17,0,14,12,6,32,36,0,36,68
01/31/2021,GLS,TX,ASW,CE,Federal Contract Tower,0,2,9,0,11,0,11,65,0,76,0,13,74,0,87,36,8,44,131
02/01/2021,GLS,TX,ASW,CE,Federal Contract Tower,0,2,4,0,6,0,20,48,0,68,0,22,52,0,74,48,0,48,122
02/02/2021,GLS,TX,ASW,CE,Federal Contract Tower,0,1,28,1,30,0,26,51,6,83,0,27,79,7,113,38,0,38,151
02/03/2021,GLS,TX,ASW,CE,Federal Contract Tower,0,1,25,2,28,0,20,82,9,111,0,21,107,11,139,26,0,26,165
02/04/2021,GLS,TX,ASW,CE,Federal Contract Tower,0,7,20,0,27,0,9,20,0,29,0,16,40,0,56,14,0,14,70
02/05/2021,GLS,TX,ASW,CE,Federal Contract Tower,0,2,7,0,9,0,13,13,0,26,0,15,20,0,35,6,0,6,41
02/06/2021,GLS,TX,ASW,CE,Federal Contract Tower,0,6,16,4,26,0,2,6,1,9,0,8,22,5,35,0,0,0,35
02/07/2021,GLS,TX,ASW,CE,Federal Contract Tower,0,6,6,0,12,0,20,49,5,74,0,26,55,5,86,50,0,50,136
02/08/2021,GLS,TX,ASW,CE,Federal Contract Tower,0,3,16,0,19,0,33,19,2,54,0,36,35,2,73,34,0,34,107
02/09/2021,GLS,TX,ASW,CE,Federal Contract Tower,0,4,10,2,16,0,0,0,0,0,0,4,10,2,16,0,0,0,16
02/10/2021,GLS,TX,ASW,CE,Federal Contract Tower,0,8,5,0,13,0,2,7,0,9,0,10,12,0,22,14,0,14,36
02/11/2021,GLS,TX,ASW,CE,Federal Contract Tower,0,6,2,4,12,0,0,0,0,0,0,6,2,4,12,0,0,0,12
02/12/2021,GLS,TX,ASW,CE,Federal Contract Tower,0,3,2,0,5,0,2,0,2,4,0,5,2,2,9,0,14,14,23
02/13/2021,GLS,TX,ASW,CE,Federal Contract Tower,0,0,3,0,3,0,14,25,0,39,0,14,28,0,42,2,0,2,44
02/14/2021,GLS,TX,ASW,CE,Federal Contract Tower,0,1,3,0,4,0,0,0,0,0,0,1,3,0,4,0,0,0,4
02/15/2021,GLS,TX,ASW,CE,Federal Contract Tower,0,0,0,0,0,0,0,0,0,0,0,0,0,0,0,0,0,0,0
02/16/2021,GLS,TX,ASW,CE,Federal Contract Tower,0,2,0,0,2,0,22,6,0,28,0,24,6,0,30,0,0,0,30
02/17/2021,GLS,TX,ASW,CE,Federal Contract Tower,0,1,0,0,1,0,3,0,0,3,0,4,0,0,4,0,0,0,4
02/18/2021,GLS,TX,ASW,CE,Federal Contract Tower,0,2,1,0,3,0,2,2,2,6,0,4,3,2,9,0,8,8,17
02/19/2021,GLS,TX,ASW,CE,Federal Contract Tower,0,0,14,8,22,0,12,22,2,36,0,12,36,10,58,26,16,42,100
02/20/2021,GLS,TX,ASW,CE,Federal Contract Tower,0,9,16,0,25,0,23,44,2,69,0,32,60,2,94,52,0,52,146
02/21/2021,GLS,TX,ASW,CE,Federal Contract Tower,0,5,4,0,9,0,13,24,2,39,0,18,28,2,48,40,0,40,88
02/22/2021,GLS,TX,ASW,CE,Federal Contract Tower,0,0,13,3,16,0,9,38,3,50,0,9,51,6,66,24,0,24,90
02/23/2021,GLS,TX,ASW,CE,Federal Contract Tower,0,2,19,2,23,0,12,47,2,61,0,14,66,4,84,32,0,32,116
02/24/2021,GLS,TX,ASW,CE,Federal Contract Tower,0,3,10,0,13,0,11,0,0,11,0,14,10,0,24,0,0,0,24
02/25/2021,GLS,TX,ASW,CE,Federal Contract Tower,0,7,11,0,18,0,0,0,0,0,0,7,11,0,18,0,0,0,18
02/26/2021,GLS,TX,ASW,CE,Federal Contract Tower,0,1,3,0,4,0,2,0,0,2,0,3,3,0,6,0,0,0,6
02/27/2021,GLS,TX,ASW,CE,Federal Contract Tower,0,1,16,1,18,0,0,0,0,0,0,1,16,1,18,0,0,0,18
02/28/2021,GLS,TX,ASW,CE,Federal Contract Tower,0,0,9,9,18,0,0,0,0,0,0,0,9,9,18,0,0,0,18
03/01/2021,GLS,TX,ASW,CE,Federal Contract Tower,0,8,4,0,12,0,2,0,0,2,0,10,4,0,14,0,0,0,14
03/02/2021,GLS,TX,ASW,CE,Federal Contract Tower,0,2,19,0,21,0,10,20,0,30,0,12,39,0,51,26,0,26,77
03/03/2021,GLS,TX,ASW,CE,Federal Contract Tower,0,4,14,0,18,0,21,32,0,53,0,25,46,0,71,36,0,36,107
03/04/2021,GLS,TX,ASW,CE,Federal Contract Tower,0,5,37,1,43,0,10,37,1,48,0,15,74,2,91,28,0,28,119
03/05/2021,GLS,TX,ASW,CE,Federal Contract Tower,0,2,28,9,39,0,10,15,2,27,0,12,43,11,66,30,14,44,110
03/06/2021,GLS,TX,ASW,CE,Federal Contract Tower,0,4,8,0,12,0,25,55,0,80,0,29,63,0,92,58,0,58,150
03/07/2021,GLS,TX,ASW,CE,Federal Contract Tower,0,1,11,0,12,0,14,67,0,81,0,15,78,0,93,72,0,72,165
03/08/2021,GLS,TX,ASW,CE,Federal Contract Tower,0,4,14,0,18,0,23,27,1,51,0,27,41,1,69,54,0,54,123
03/09/2021,GLS,TX,ASW,CE,Federal Contract Tower,0,4,14,0,18,0,26,28,2,56,0,30,42,2,74,18,0,18,92
03/10/2021,GLS,TX,ASW,CE,Federal Contract Tower,0,13,12,0,25,0,35,11,0,46,0,48,23,0,71,0,0,0,71
03/11/2021,GLS,TX,ASW,CE,Federal Contract Tower,0,10,26,0,36,0,9,2,2,13,0,19,28,2,49,0,0,0,49
03/12/2021,GLS,TX,ASW,CE,Federal Contract Tower,0,1,21,4,26,0,17,22,0,39,0,18,43,4,65,18,0,18,83
03/13/2021,GLS,TX,ASW,CE,Federal Contract Tower,0,4,11,0,15,0,2,19,0,21,0,6,30,0,36,0,0,0,36
03/14/2021,GLS,TX,ASW,CE,Federal Contract Tower,0,2,13,0,15,0,14,3,1,18,0,16,16,1,33,0,0,0,33
03/15/2021,GLS,TX,ASW,CE,Federal Contract Tower,0,4,7,1,12,0,4,2,0,6,0,8,9,1,18,0,0,0,18
03/16/2021,GLS,TX,ASW,CE,Federal Contract Tower,0,4,9,7,20,0,10,0,1,11,0,14,9,8,31,0,0,0,31
03/17/2021,GLS,TX,ASW,CE,Federal Contract Tower,0,4,6,0,10,0,6,7,0,13,0,10,13,0,23,4,0,4,27
03/18/2021,GLS,TX,ASW,CE,Federal Contract Tower,0,4,7,2,13,0,28,30,2,60,0,32,37,4,73,46,0,46,119
03/19/2021,GLS,TX,ASW,CE,Federal Contract Tower,0,0,14,5,19,0,18,32,2,52,0,18,46,7,71,66,0,66,137
03/20/2021,GLS,TX,ASW,CE,Federal Contract Tower,0,6,12,3,21,0,17,68,2,87,0,23,80,5,108,72,0,72,180
03/21/2021,GLS,TX,ASW,CE,Federal Contract Tower,0,0,27,0,27,0,10,52,0,62,0,10,79,0,89,80,0,80,169
03/22/2021,GLS,TX,ASW,CE,Federal Contract Tower,0,2,5,0,7,0,9,9,2,20,0,11,14,2,27,86,12,98,125
03/23/2021,GLS,TX,ASW,CE,Federal Contract Tower,0,6,14,0,20,0,5,24,0,29,0,11,38,0,49,22,0,22,71
03/24/2021,GLS,TX,ASW,CE,Federal Contract Tower,0,13,7,8,28,0,0,0,0,0,0,13,7,8,28,0,0,0,28
03/25/2021,GLS,TX,ASW,CE,Federal Contract Tower,0,8,24,0,32,0,7,19,0,26,0,15,43,0,58,44,0,44,102
03/26/2021,GLS,TX,ASW,CE,Federal Contract Tower,0,0,16,4,20,0,25,47,0,72,0,25,63,4,92,16,0,16,108
03/27/2021,GLS,TX,ASW,CE,Federal Contract Tower,0,4,10,0,14,0,2,2,0,4,0,6,12,0,18,4,0,4,22
03/28/2021,GLS,TX,ASW,CE,Federal Contract Tower,0,4,8,0,12,0,7,10,0,17,0,11,18,0,29,8,0,8,37
03/29/2021,GLS,TX,ASW,CE,Federal Contract Tower,0,4,3,0,7,0,37,62,2,101,0,41,65,2,108,60,0,60,168
03/30/2021,GLS,TX,ASW,CE,Federal Contract Tower,0,6,9,0,15,0,8,5,0,13,0,14,14,0,28,14,0,14,42
04/01/2021,GLS,TX,ASW,CE,Federal Contract Tower,0,5,16,0,21,0,8,36,0,44,0,13,52,0,65,22,0,22,87
04/02/2021,GLS,TX,ASW,CE,Federal Contract Tower,0,2,14,0,16,0,29,48,0,77,0,31,62,0,93,58,2,60,153
04/03/2021,GLS,TX,ASW,CE,Federal Contract Tower,0,3,18,0,21,0,9,39,0,48,0,12,57,0,69,44,0,44,113
04/04/2021,GLS,TX,ASW,CE,Federal Contract Tower,0,6,23,0,29,0,10,42,0,52,0,16,65,0,81,52,0,52,133
04/05/2021,GLS,TX,ASW,CE,Federal Contract Tower,0,1,27,0,28,0,17,16,0,33,0,18,43,0,61,76,0,76,137
04/06/2021,GLS,TX,ASW,CE,Federal Contract Tower,0,7,20,0,27,0,16,1,0,17,0,23,21,0,44,8,0,8,52
04/07/2021,GLS,TX,ASW,CE,Federal Contract Tower,0,1,23,0,24,0,7,4,0,11,0,8,27,0,35,0,0,0,35
04/08/2021,GLS,TX,ASW,CE,Federal Contract Tower,0,7,28,0,35,0,13,31,0,44,0,20,59,0,79,46,0,46,125
04/09/2021,GLS,TX,ASW,CE,Federal Contract Tower,0,1,24,0,25,0,0,1,0,1,0,1,25,0,26,0,0,0,26
04/10/2021,GLS,TX,ASW,CE,Federal Contract Tower,0,3,17,0,20,0,4,22,0,26,0,7,39,0,46,40,0,40,86
04/11/2021,GLS,TX,ASW,CE,Federal Contract Tower,0,4,10,0,14,0,0,10,93,103,0,4,20,93,117,12,0,12,129
04/12/2021,GLS,TX,ASW,CE,Federal Contract Tower,0,6,20,3,29,0,26,20,1,47,0,32,40,4,76,40,0,40,116
04/13/2021,GLS,TX,ASW,CE,Federal Contract Tower,0,8,4,1,13,0,0,0,0,0,0,8,4,1,13,0,0,0,13
04/14/2021,GLS,TX,ASW,CE,Federal Contract Tower,0,8,4,2,14,0,2,0,0,2,0,10,4,2,16,0,0,0,16
04/15/2021,GLS,TX,ASW,CE,Federal Contract Tower,0,4,5,0,9,0,2,3,0,5,0,6,8,0,14,8,0,8,22
04/16/2021,GLS,TX,ASW,CE,Federal Contract Tower,0,8,12,0,20,0,0,0,0,0,0,8,12,0,20,0,0,0,20
04/17/2021,GLS,TX,ASW,CE,Federal Contract Tower,0,14,1,0,15,0,17,3,0,20,0,31,4,0,35,10,0,10,45
04/18/2021,GLS,TX,ASW,CE,Federal Contract Tower,0,1,7,0,8,0,19,41,0,60,0,20,48,0,68,20,0,20,88
04/19/2021,GLS,TX,ASW,CE,Federal Contract Tower,0,8,9,1,18,0,19,44,0,63,0,27,53,1,81,58,8,66,147
04/20/2021,GLS,TX,ASW,CE,Federal Contract Tower,0,3,10,0,13,0,7,35,0,42,0,10,45,0,55,16,0,16,71
04/21/2021,GLS,TX,ASW,CE,Federal Contract Tower,0,10,14,2,26,0,18,26,0,44,0,28,40,2,70,30,0,30,100
04/22/2021,GLS,TX,ASW,CE,Federal Contract Tower,0,8,16,0,24,0,10,19,4,33,0,18,35,4,57,8,0,8,65
04/23/2021,GLS,TX,ASW,CE,Federal Contract Tower,0,7,6,0,13,0,7,0,0,7,0,14,6,0,20,2,0,2,22
04/24/2021,GLS,TX,ASW,CE,Federal Contract Tower,0,3,9,2,14,0,4,45,2,51,0,7,54,4,65,4,0,4,69
04/25/2021,GLS,TX,ASW,CE,Federal Contract Tower,0,2,14,4,20,0,24,60,0,84,0,26,74,4,104,34,0,34,138
04/26/2021,GLS,TX,ASW,CE,Federal Contract Tower,0,2,8,0,10,0,9,27,0,36,0,11,35,0,46,16,0,16,62
04/27/2021,GLS,TX,ASW,CE,Federal Contract Tower,0,3,15,4,22,0,3,5,0,8,0,6,20,4,30,8,0,8,38
04/28/2021,GLS,TX,ASW,CE,Federal Contract Tower,0,4,16,0,20,0,5,3,2,10,0,9,19,2,30,2,0,2,32
04/29/2021,GLS,TX,ASW,CE,Federal Contract Tower,0,16,12,0,28,0,6,3,2,11,0,22,15,2,39,14,0,14,53
04/30/2021,GLS,TX,ASW,CE,Federal Contract Tower,0,10,2,4,16,0,0,0,0,0,0,10,2,4,16,0,2,2,18
05/01/2021,GLS,TX,ASW,CE,Federal Contract Tower,0,5,2,0,7,0,0,0,0,0,0,5,2,0,7,0,0,0,7
05/02/2021,GLS,TX,ASW,CE,Federal Contract Tower,0,4,6,0,10,0,16,21,0,37,0,20,27,0,47,66,0,66,113
05/03/2021,GLS,TX,ASW,CE,Federal Contract Tower,0,5,28,0,33,0,3,3,0,6,0,8,31,0,39,4,2,6,45
05/04/2021,GLS,TX,ASW,CE,Federal Contract Tower,0,12,9,0,21,0,0,4,0,4,0,12,13,0,25,2,0,2,27
05/05/2021,GLS,TX,ASW,CE,Federal Contract Tower,0,2,12,0,14,0,19,46,0,65,0,21,58,0,79,62,0,62,141
05/06/2021,GLS,TX,ASW,CE,Federal Contract Tower,0,5,11,1,17,0,14,35,0,49,0,19,46,1,66,58,0,58,124
05/07/2021,GLS,TX,ASW,CE,Federal Contract Tower,0,2,14,10,26,0,11,63,2,76,0,13,77,12,102,56,0,56,158
05/08/2021,GLS,TX,ASW,CE,Federal Contract Tower,0,2,21,2,25,0,14,35,0,49,0,16,56,2,74,70,0,70,144
05/09/2021,GLS,TX,ASW,CE,Federal Contract Tower,0,2,26,0,28,0,16,29,0,45,0,18,55,0,73,64,0,64,137
05/10/2021,GLS,TX,ASW,CE,Federal Contract Tower,0,5,18,0,23,0,9,18,0,27,0,14,36,0,50,40,0,40,90
05/11/2021,GLS,TX,ASW,CE,Federal Contract Tower,0,6,11,2,19,0,24,7,0,31,0,30,18,2,50,2,0,2,52
05/12/2021,GLS,TX,ASW,CE,Federal Contract Tower,0,17,5,0,22,0,7,0,0,7,0,24,5,0,29,0,0,0,29
05/13/2021,GLS,TX,ASW,CE,Federal Contract Tower,0,9,9,0,18,0,15,27,0,42,0,24,36,0,60,56,0,56,116
05/14/2021,GLS,TX,ASW,CE,Federal Contract Tower,0,2,12,0,14,0,11,32,4,47,0,13,44,4,61,64,12,76,137
05/15/2021,GLS,TX,ASW,CE,Federal Contract Tower,0,7,15,0,22,0,16,67,0,83,0,23,82,0,105,68,0,68,173
05/16/2021,GLS,TX,ASW,CE,Federal Contract Tower,0,0,9,0,9,0,5,4,0,9,0,5,13,0,18,0,0,0,18
05/17/2021,GLS,TX,ASW,CE,Federal Contract Tower,0,2,11,0,13,0,5,2,0,7,0,7,13,0,20,10,0,10,30
05/18/2021,GLS,TX,ASW,CE,Federal Contract Tower,0,6,2,0,8,0,7,6,0,13,0,13,8,0,21,8,0,8,29
05/19/2021,GLS,TX,ASW,CE,Federal Contract Tower,0,0,0,0,0,0,2,2,0,4,0,2,2,0,4,0,0,0,4
05/20/2021,GLS,TX,ASW,CE,Federal Contract Tower,0,7,13,0,20,0,12,10,0,22,0,19,23,0,42,20,0,20,62
05/21/2021,GLS,TX,ASW,CE,Federal Contract Tower,0,6,6,0,12,0,5,16,0,21,0,11,22,0,33,0,0,0,33
05/22/2021,GLS,TX,ASW,CE,Federal Contract Tower,0,5,5,0,10,0,6,2,0,8,0,11,7,0,18,2,0,2,20
05/23/2021,GLS,TX,ASW,CE,Federal Contract Tower,0,1,2,0,3,0,12,2,0,14,0,13,4,0,17,18,0,18,35
05/24/2021,GLS,TX,ASW,CE,Federal Contract Tower,0,4,7,2,13,0,16,9,3,28,0,20,16,5,41,28,8,36,77
05/25/2021,GLS,TX,ASW,CE,Federal Contract Tower,0,3,12,2,17,0,20,3,2,25,0,23,15,4,42,0,0,0,42
05/26/2021,GLS,TX,ASW,CE,Federal Contract Tower,0,5,16,0,21,0,31,13,2,46,0,36,29,2,67,12,0,12,79
05/27/2021,GLS,TX,ASW,CE,Federal Contract Tower,0,4,25,0,29,0,12,23,4,39,0,16,48,4,68,44,2,46,114
05/28/2021,GLS,TX,ASW,CE,Federal Contract Tower,0,2,13,0,15,0,13,15,0,28,0,15,28,0,43,58,0,58,101
05/29/2021,GLS,TX,ASW,CE,Federal Contract Tower,0,4,12,0,16,0,16,42,0,58,0,20,54,0,74,80,0,80,154
05/30/2021,GLS,TX,ASW,CE,Federal Contract Tower,0,0,2,0,2,0,15,26,0,41,0,15,28,0,43,84,0,84,127
05/31/2021,GLS,TX,ASW,CE,Federal Contract Tower,0,1,19,0,20,0,17,35,0,52,0,18,54,0,72,68,0,68,140
06/01/2021,GLS,TX,ASW,CE,Federal Contract Tower,0,4,10,0,14,0,11,13,0,24,0,15,23,0,38,32,0,32,70
06/02/2021,GLS,TX,ASW,CE,Federal Contract Tower,0,8,6,0,14,0,19,29,2,50,0,27,35,2,64,16,0,16,80
06/03/2021,GLS,TX,ASW,CE,Federal Contract Tower,0,9,9,0,18,0,10,18,0,28,0,19,27,0,46,30,0,30,76
06/04/2021,GLS,TX,ASW,CE,Federal Contract Tower,0,7,4,0,11,0,5,1,0,6,0,12,5,0,17,8,0,8,25
06/05/2021,GLS,TX,ASW,CE,Federal Contract Tower,0,4,4,2,10,0,18,16,0,34,0,22,20,2,44,54,0,54,98
06/06/2021,GLS,TX,ASW,CE,Federal Contract Tower,0,2,10,0,12,0,17,64,0,81,0,19,74,0,93,66,0,66,159
06/07/2021,GLS,TX,ASW,CE,Federal Contract Tower,0,9,13,0,22,0,19,17,0,36,0,28,30,0,58,48,0,48,106
06/08/2021,GLS,TX,ASW,CE,Federal Contract Tower,0,7,7,0,14,0,16,21,2,39,0,23,28,2,53,56,0,56,109
06/09/2021,GLS,TX,ASW,CE,Federal Contract Tower,0,0,14,0,14,0,16,31,0,47,0,16,45,0,61,64,2,66,127
06/10/2021,GLS,TX,ASW,CE,Federal Contract Tower,0,3,23,2,28,0,13,22,2,37,0,16,45,4,65,62,4,66,131
06/11/2021,GLS,TX,ASW,CE,Federal Contract Tower,0,1,16,2,19,0,13,29,0,42,0,14,45,2,61,116,0,116,177
06/12/2021,GLS,TX,ASW,CE,Federal Contract Tower,0,3,14,0,17,0,11,79,0,90,0,14,93,0,107,166,0,166,273
06/13/2021,GLS,TX,ASW,CE,Federal Contract Tower,0,3,11,0,14,0,9,59,0,68,0,12,70,0,82,96,0,96,178
06/14/2021,GLS,TX,ASW,CE,Federal Contract Tower,0,4,3,0,7,0,7,23,0,30,0,11,26,0,37,66,0,66,103
06/15/2021,GLS,TX,ASW,CE,Federal Contract Tower,0,1,6,1,8,0,13,23,0,36,0,14,29,1,44,108,0,108,152
06/16/2021,GLS,TX,ASW,CE,Federal Contract Tower,0,4,7,0,11,0,21,23,6,50,0,25,30,6,61,64,2,66,127
06/17/2021,GLS,TX,ASW,CE,Federal Contract Tower,0,4,11,0,15,0,11,41,2,54,0,15,52,2,69,54,6,60,129
06/18/2021,GLS,TX,ASW,CE,Federal Contract Tower,0,3,19,0,22,0,2,36,0,38,0,5,55,0,60,82,0,82,142
06/19/2021,GLS,TX,ASW,CE,Federal Contract Tower,0,2,13,0,15,0,20,76,0,96,0,22,89,0,111,110,0,110,221
06/20/2021,GLS,TX,ASW,CE,Federal Contract Tower,0,8,11,0,19,0,17,17,0,34,0,25,28,0,53,80,0,80,133
06/21/2021,GLS,TX,ASW,CE,Federal Contract Tower,0,8,10,7,25,0,11,7,1,19,0,19,17,8,44,50,0,50,94
06/22/2021,GLS,TX,ASW,CE,Federal Contract Tower,0,6,7,0,13,0,13,8,0,21,0,19,15,0,34,68,0,68,102
06/23/2021,GLS,TX,ASW,CE,Federal Contract Tower,0,10,13,0,23,0,25,16,0,41,0,35,29,0,64,82,0,82,146
06/24/2021,GLS,TX,ASW,CE,Federal Contract Tower,0,8,10,0,18,0,10,46,0,56,0,18,56,0,74,182,0,182,256
06/25/2021,GLS,TX,ASW,CE,Federal Contract Tower,0,3,10,1,14,0,9,27,1,37,0,12,37,2,51,96,0,96,147
06/26/2021,GLS,TX,ASW,CE,Federal Contract Tower,0,4,12,0,16,0,22,30,0,52,0,26,42,0,68,114,0,114,182
06/27/2021,GLS,TX,ASW,CE,Federal Contract Tower,0,1,12,4,17,0,12,22,0,34,0,13,34,4,51,88,2,90,141
06/28/2021,GLS,TX,ASW,CE,Federal Contract Tower,0,2,2,0,4,0,16,0,0,16,0,18,2,0,20,0,0,0,20
06/29/2021,GLS,TX,ASW,CE,Federal Contract Tower,0,5,9,1,15,0,18,12,3,33,0,23,21,4,48,24,0,24,72
06/30/2021,GLS,TX,ASW,CE,Federal Contract Tower,0,2,7,0,9,0,14,11,2,27,0,16,18,2,36,10,0,10,46
07/01/2021,GLS,TX,ASW,CE,Federal Contract Tower,0,12,13,0,25,0,15,35,0,50,0,27,48,0,75,38,0,38,113
07/02/2021,GLS,TX,ASW,CE,Federal Contract Tower,0,4,13,0,17,0,23,36,0,59,0,27,49,0,76,62,0,62,138
07/03/2021,GLS,TX,ASW,CE,Federal Contract Tower,0,2,6,0,8,0,7,11,0,18,0,9,17,0,26,130,0,130,156
07/04/2021,GLS,TX,ASW,CE,Federal Contract Tower,0,4,3,0,7,0,6,11,0,17,0,10,14,0,24,138,0,138,162
07/05/2021,GLS,TX,ASW,CE,Federal Contract Tower,0,10,3,3,16,0,12,8,1,21,0,22,11,4,37,88,0,88,125
07/06/2021,GLS,TX,ASW,CE,Federal Contract Tower,0,5,0,0,5,0,2,9,0,11,0,7,9,0,16,20,0,20,36
07/07/2021,GLS,TX,ASW,CE,Federal Contract Tower,0,6,3,0,9,0,14,13,0,27,0,20,16,0,36,26,8,34,70
07/08/2021,GLS,TX,ASW,CE,Federal Contract Tower,0,6,0,0,6,0,9,9,0,18,0,15,9,0,24,60,0,60,84
07/09/2021,GLS,TX,ASW,CE,Federal Contract Tower,0,6,2,0,8,0,7,1,0,8,0,13,3,0,16,34,0,34,50
07/10/2021,GLS,TX,ASW,CE,Federal Contract Tower,0,9,15,3,27,0,11,29,1,41,0,20,44,4,68,110,6,116,184
07/11/2021,GLS,TX,ASW,CE,Federal Contract Tower,0,3,11,6,20,0,8,29,0,37,0,11,40,6,57,114,0,114,171
07/12/2021,GLS,TX,ASW,CE,Federal Contract Tower,0,2,15,1,18,0,22,28,0,50,0,24,43,1,68,88,0,88,156
07/13/2021,GLS,TX,ASW,CE,Federal Contract Tower,0,8,9,0,17,0,18,16,0,34,0,26,25,0,51,78,0,78,129
07/14/2021,GLS,TX,ASW,CE,Federal Contract Tower,0,12,8,0,20,0,16,22,0,38,0,28,30,0,58,70,0,70,128
07/15/2021,GLS,TX,ASW,CE,Federal Contract Tower,0,12,13,0,25,0,15,22,0,37,0,27,35,0,62,86,0,86,148
07/16/2021,GLS,TX,ASW,CE,Federal Contract Tower,0,0,23,0,23,0,18,24,2,44,0,18,47,2,67,90,0,90,157
07/17/2021,GLS,TX,ASW,CE,Federal Contract Tower,0,4,26,0,30,0,23,66,0,89,0,27,92,0,119,112,0,112,231
07/18/2021,GLS,TX,ASW,CE,Federal Contract Tower,0,4,8,0,12,0,17,35,0,52,0,21,43,0,64,144,0,144,208
07/19/2021,GLS,TX,ASW,CE,Federal Contract Tower,0,10,9,0,19,0,14,5,0,19,0,24,14,0,38,82,0,82,120
07/20/2021,GLS,TX,ASW,CE,Federal Contract Tower,0,5,9,0,14,0,11,11,0,22,0,16,20,0,36,64,0,64,100
07/21/2021,GLS,TX,ASW,CE,Federal Contract Tower,0,8,6,0,14,0,19,13,2,34,0,27,19,2,48,66,0,66,114
07/22/2021,GLS,TX,ASW,CE,Federal Contract Tower,0,10,17,0,27,0,19,19,0,38,0,29,36,0,65,90,0,90,155
07/23/2021,GLS,TX,ASW,CE,Federal Contract Tower,0,5,17,8,30,0,20,43,0,63,0,25,60,8,93,108,0,108,201
07/24/2021,GLS,TX,ASW,CE,Federal Contract Tower,0,6,11,0,17,0,22,57,2,81,0,28,68,2,98,156,2,158,256
07/25/2021,GLS,TX,ASW,CE,Federal Contract Tower,0,3,15,3,21,0,14,52,3,69,0,17,67,6,90,114,2,116,206
07/26/2021,GLS,TX,ASW,CE,Federal Contract Tower,0,4,8,0,12,0,9,25,0,34,0,13,33,0,46,76,0,76,122
07/27/2021,GLS,TX,ASW,CE,Federal Contract Tower,0,6,6,0,12,0,15,19,0,34,0,21,25,0,46,56,0,56,102
07/28/2021,GLS,TX,ASW,CE,Federal Contract Tower,0,4,21,3,28,0,18,20,1,39,0,22,41,4,67,96,12,108,175
07/29/2021,GLS,TX,ASW,CE,Federal Contract Tower,0,5,18,0,23,0,18,52,4,74,0,23,70,4,97,72,0,72,169
07/30/2021,GLS,TX,ASW,CE,Federal Contract Tower,0,3,12,0,15,0,6,28,0,34,0,9,40,0,49,78,0,78,127
07/31/2021,GLS,TX,ASW,CE,Federal Contract Tower,0,6,4,0,10,0,8,33,2,43,0,14,37,2,53,85,4,89,142
08/01/2021,GLS,TX,ASW,CE,Federal Contract Tower,0,2,13,0,15,0,15,46,0,61,0,17,59,0,76,86,0,86,162
08/02/2021,GLS,TX,ASW,CE,Federal Contract Tower,0,9,10,0,19,0,15,11,0,26,0,24,21,0,45,72,0,72,117
08/03/2021,GLS,TX,ASW,CE,Federal Contract Tower,0,9,4,0,13,0,6,10,2,18,0,15,14,2,31,40,6,46,77
08/04/2021,GLS,TX,ASW,CE,Federal Contract Tower,0,8,32,0,40,0,12,8,0,20,0,20,40,0,60,36,0,36,96
08/05/2021,GLS,TX,ASW,CE,Federal Contract Tower,0,9,15,5,29,0,7,21,1,29,0,16,36,6,58,88,0,88,146
08/06/2021,GLS,TX,ASW,CE,Federal Contract Tower,0,18,18,0,36,0,18,31,0,49,0,36,49,0,85,88,0,88,173
08/07/2021,GLS,TX,ASW,CE,Federal Contract Tower,0,8,17,4,29,0,15,51,0,66,0,23,68,4,95,134,0,134,229
08/08/2021,GLS,TX,ASW,CE,Federal Contract Tower,0,6,22,0,28,0,10,37,0,47,0,16,59,0,75,162,0,162,237
08/09/2021,GLS,TX,ASW,CE,Federal Contract Tower,0,3,15,4,22,0,26,13,0,39,0,29,28,4,61,72,6,78,139
08/10/2021,GLS,TX,ASW,CE,Federal Contract Tower,0,5,17,0,22,0,13,17,0,30,0,18,34,0,52,84,0,84,136
08/11/2021,GLS,TX,ASW,CE,Federal Contract Tower,0,8,17,8,33,0,20,29,0,49,0,28,46,8,82,70,0,70,152
08/12/2021,GLS,TX,ASW,CE,Federal Contract Tower,0,10,13,2,25,0,12,25,2,39,0,22,38,4,64,76,0,76,140
08/13/2021,GLS,TX,ASW,CE,Federal Contract Tower,0,4,13,0,17,0,11,34,2,47,0,15,47,2,64,84,0,84,148
08/14/2021,GLS,TX,ASW,CE,Federal Contract Tower,0,5,24,0,29,0,7,51,0,58,0,12,75,0,87,108,0,108,195
08/15/2021,GLS,TX,ASW,CE,Federal Contract Tower,0,6,25,0,31,0,7,38,0,45,0,13,63,0,76,90,0,90,166
08/16/2021,GLS,TX,ASW,CE,Federal Contract Tower,0,6,22,0,28,0,13,10,0,23,0,19,32,0,51,82,0,82,133
08/17/2021,GLS,TX,ASW,CE,Federal Contract Tower,0,9,8,3,20,0,14,21,3,38,0,23,29,6,58,68,10,78,136
08/18/2021,GLS,TX,ASW,CE,Federal Contract Tower,0,2,9,0,11,0,18,5,0,23,0,20,14,0,34,40,0,40,74
08/19/2021,GLS,TX,ASW,CE,Federal Contract Tower,0,7,14,2,23,0,12,13,0,25,0,19,27,2,48,40,0,40,88
08/20/2021,GLS,TX,ASW,CE,Federal Contract Tower,0,9,16,0,25,0,5,40,5,50,0,14,56,5,75,58,0,58,133
08/21/2021,GLS,TX,ASW,CE,Federal Contract Tower,0,11,20,0,31,0,11,49,2,62,0,22,69,2,93,76,0,76,169
08/22/2021,GLS,TX,ASW,CE,Federal Contract Tower,0,4,19,0,23,0,14,49,2,65,0,18,68,2,88,110,4,114,202
08/23/2021,GLS,TX,ASW,CE,Federal Contract Tower,0,5,17,0,22,0,18,18,0,36,0,23,35,0,58,22,0,22,80
08/24/2021,GLS,TX,ASW,CE,Federal Contract Tower,0,4,14,0,18,0,12,13,0,25,0,16,27,0,43,28,0,28,71
08/25/2021,GLS,TX,ASW,CE,Federal Contract Tower,0,10,6,0,16,0,16,35,0,51,0,26,41,0,67,52,0,52,119
08/26/2021,GLS,TX,ASW,CE,Federal Contract Tower,0,9,2,2,13,0,14,10,0,24,0,23,12,2,37,24,0,24,61
08/27/2021,GLS,TX,ASW,CE,Federal Contract Tower,0,8,15,5,28,0,11,6,3,20,0,19,21,8,48,36,34,70,118
08/28/2021,GLS,TX,ASW,CE,Federal Contract Tower,0,28,7,0,35,0,40,23,0,63,0,68,30,0,98,72,0,72,170
08/29/2021,GLS,TX,ASW,CE,Federal Contract Tower,0,1,12,6,19,0,8,40,2,50,0,9,52,8,69,76,4,80,149
08/30/2021,GLS,TX,ASW,CE,Federal Contract Tower,0,5,12,2,19,0,30,37,0,67,0,35,49,2,86,40,0,40,126
08/31/2021,GLS,TX,ASW,CE,Federal Contract Tower,0,15,10,2,27,0,43,45,0,88,0,58,55,2,115,28,0,28,143
09/01/2021,GLS,TX,ASW,CE,Federal Contract Tower,0,4,15,0,19,0,21,26,2,49,0,25,41,2,68,30,0,30,98
09/02/2021,GLS,TX,ASW,CE,Federal Contract Tower,0,2,4,0,6,0,10,24,0,34,0,12,28,0,40,28,0,28,68
09/03/2021,GLS,TX,ASW,CE,Federal Contract Tower,0,9,16,0,25,0,15,28,0,43,0,24,44,0,68,46,0,46,114
09/04/2021,GLS,TX,ASW,CE,Federal Contract Tower,0,6,16,0,22,0,17,67,4,88,0,23,83,4,110,96,2,98,208
09/05/2021,GLS,TX,ASW,CE,Federal Contract Tower,0,9,17,0,26,0,21,63,0,84,0,30,80,0,110,136,0,136,246
09/06/2021,GLS,TX,ASW,CE,Federal Contract Tower,0,4,18,0,22,0,12,27,8,47,0,16,45,8,69,98,0,98,167
09/07/2021,GLS,TX,ASW,CE,Federal Contract Tower,0,8,16,0,24,0,9,21,0,30,0,17,37,0,54,36,0,36,90
09/08/2021,GLS,TX,ASW,CE,Federal Contract Tower,0,10,14,0,24,0,17,20,0,37,0,27,34,0,61,24,0,24,85
09/09/2021,GLS,TX,ASW,CE,Federal Contract Tower,0,15,7,2,24,0,6,47,0,53,0,21,54,2,77,44,0,44,121
09/10/2021,GLS,TX,ASW,CE,Federal Contract Tower,0,10,13,5,28,0,16,59,3,78,0,26,72,8,106,74,8,82,188
09/11/2021,GLS,TX,ASW,CE,Federal Contract Tower,0,12,9,0,21,0,22,60,4,86,0,34,69,4,107,76,0,76,183
09/12/2021,GLS,TX,ASW,CE,Federal Contract Tower,0,7,6,4,17,0,39,31,5,75,0,46,37,9,92,92,6,98,190
09/13/2021,GLS,TX,ASW,CE,Federal Contract Tower,0,0,2,0,2,0,2,1,0,3,0,2,3,0,5,0,0,0,5
09/14/2021,GLS,TX,ASW,CE,Federal Contract Tower,0,0,2,0,2,0,0,0,0,0,0,0,2,0,2,0,0,0,2
09/15/2021,GLS,TX,ASW,CE,Federal Contract Tower,0,11,6,1,18,0,2,9,1,12,0,13,15,2,30,4,0,4,34
09/16/2021,GLS,TX,ASW,CE,Federal Contract Tower,0,20,17,5,42,0,11,10,3,24,0,31,27,8,66,8,0,8,74
09/17/2021,GLS,TX,ASW,CE,Federal Contract Tower,0,18,12,2,32,0,19,29,0,48,0,37,41,2,80,42,0,42,122
09/18/2021,GLS,TX,ASW,CE,Federal Contract Tower,0,5,7,0,12,0,8,26,0,34,0,13,33,0,46,54,0,54,100
09/19/2021,GLS,TX,ASW,CE,Federal Contract Tower,0,7,4,5,16,0,15,21,1,37,0,22,25,6,53,70,0,70,123
09/21/2021,GLS,TX,ASW,CE,Federal Contract Tower,0,6,8,0,14,0,15,18,0,33,0,21,26,0,47,56,0,56,103
09/22/2021,GLS,TX,ASW,CE,Federal Contract Tower,0,10,11,2,23,0,32,14,0,46,0,42,25,2,69,10,0,10,79
09/23/2021,GLS,TX,ASW,CE,Federal Contract Tower,0,9,6,0,15,0,12,39,2,53,0,21,45,2,68,34,0,34,102
09/24/2021,GLS,TX,ASW,CE,Federal Contract Tower,0,8,14,8,30,0,14,55,0,69,0,22,69,8,99,72,0,72,171
09/25/2021,GLS,TX,ASW,CE,Federal Contract Tower,0,2,11,0,13,0,12,79,0,91,0,14,90,0,104,88,0,88,192
09/26/2021,GLS,TX,ASW,CE,Federal Contract Tower,0,5,13,0,18,0,8,80,0,88,0,13,93,0,106,82,0,82,188
09/27/2021,GLS,TX,ASW,CE,Federal Contract Tower,0,2,6,0,8,0,12,19,0,31,0,14,25,0,39,44,0,44,83
09/28/2021,GLS,TX,ASW,CE,Federal Contract Tower,0,13,0,0,13,0,2,5,0,7,0,15,5,0,20,16,0,16,36
09/29/2021,GLS,TX,ASW,CE,Federal Contract Tower,0,13,3,0,16,0,13,8,2,23,0,26,11,2,39,28,0,28,67
09/30/2021,GLS,TX,ASW,CE,Federal Contract Tower,0,17,5,0,22,0,12,9,0,21,0,29,14,0,43,22,0,22,65
10/01/2021,GLS,TX,ASW,CE,Federal Contract Tower,0,8,5,0,13,0,13,1,0,14,0,21,6,0,27,8,0,8,35
10/02/2021,GLS,TX,ASW,CE,Federal Contract Tower,0,10,4,2,16,0,13,6,0,19,0,23,10,2,35,24,0,24,59
10/03/2021,GLS,TX,ASW,CE,Federal Contract Tower,0,8,12,0,20,0,4,25,0,29,0,12,37,0,49,58,0,58,107
10/04/2021,GLS,TX,ASW,CE,Federal Contract Tower,0,8,16,2,26,0,12,26,0,38,0,20,42,2,64,90,0,90,154
10/05/2021,GLS,TX,ASW,CE,Federal Contract Tower,0,14,21,2,37,0,7,38,0,45,0,21,59,2,82,46,0,46,128
10/06/2021,GLS,TX,ASW,CE,Federal Contract Tower,0,11,20,0,31,0,21,27,2,50,0,32,47,2,81,26,18,44,125
10/07/2021,GLS,TX,ASW,CE,Federal Contract Tower,0,6,17,1,24,0,14,41,1,56,0,20,58,2,80,66,0,66,146
10/08/2021,GLS,TX,ASW,CE,Federal Contract Tower,0,10,20,2,32,0,17,67,0,84,0,27,87,2,116,48,0,48,164
10/09/2021,GLS,TX,ASW,CE,Federal Contract Tower,0,5,13,0,18,0,29,70,0,99,0,34,83,0,117,112,0,112,229
10/10/2021,GLS,TX,ASW,CE,Federal Contract Tower,0,5,10,0,15,0,15,22,0,37,0,20,32,0,52,8,0,8,60
10/11/2021,GLS,TX,ASW,CE,Federal Contract Tower,0,2,21,0,23,0,8,14,1,23,0,10,35,1,46,48,0,48,94
10/12/2021,GLS,TX,ASW,CE,Federal Contract Tower,0,15,15,2,32,0,17,11,2,30,0,32,26,4,62,22,2,24,86
10/13/2021,GLS,TX,ASW,CE,Federal Contract Tower,0,13,22,2,37,0,18,17,2,37,0,31,39,4,74,44,0,44,118
10/14/2021,GLS,TX,ASW,CE,Federal Contract Tower,0,10,15,0,25,0,28,2,0,30,0,38,17,0,55,14,0,14,69
10/15/2021,GLS,TX,ASW,CE,Federal Contract Tower,0,13,15,0,28,0,22,26,0,48,0,35,41,0,76,40,0,40,116
10/16/2021,GLS,TX,ASW,CE,Federal Contract Tower,0,3,3,0,6,0,10,18,2,30,0,13,21,2,36,50,10,60,96
10/17/2021,GLS,TX,ASW,CE,Federal Contract Tower,0,6,4,0,10,0,14,48,0,62,0,20,52,0,72,82,0,82,154
10/18/2021,GLS,TX,ASW,CE,Federal Contract Tower,0,6,9,0,15,0,23,31,0,54,0,29,40,0,69,42,0,42,111
10/19/2021,GLS,TX,ASW,CE,Federal Contract Tower,0,10,26,0,36,0,20,16,17,53,0,30,42,17,89,16,0,16,105
10/20/2021,GLS,TX,ASW,CE,Federal Contract Tower,0,9,19,0,28,0,16,19,8,43,0,25,38,8,71,48,6,54,125
10/21/2021,GLS,TX,ASW,CE,Federal Contract Tower,0,16,10,0,26,0,20,32,12,64,0,36,42,12,90,34,0,34,124
10/22/2021,GLS,TX,ASW,CE,Federal Contract Tower,0,15,7,0,22,0,14,32,2,48,0,29,39,2,70,30,4,34,104
10/23/2021,GLS,TX,ASW,CE,Federal Contract Tower,0,10,6,0,16,0,7,36,2,45,0,17,42,2,61,52,13,65,126
10/24/2021,GLS,TX,ASW,CE,Federal Contract Tower,0,16,14,0,30,0,19,40,0,59,0,35,54,0,89,72,0,72,161
10/25/2021,GLS,TX,ASW,CE,Federal Contract Tower,0,7,14,2,23,0,15,12,1,28,0,22,26,3,51,20,18,38,89
10/26/2021,GLS,TX,ASW,CE,Federal Contract Tower,0,7,25,0,32,0,16,13,0,29,0,23,38,0,61,40,0,40,101
10/27/2021,GLS,TX,ASW,CE,Federal Contract Tower,0,5,5,0,10,0,6,6,0,12,0,11,11,0,22,12,0,12,34
10/28/2021,GLS,TX,ASW,CE,Federal Contract Tower,0,12,9,0,21,0,8,5,0,13,0,20,14,0,34,0,0,0,34
10/29/2021,GLS,TX,ASW,CE,Federal Contract Tower,0,3,12,4,19,0,11,10,0,21,0,14,22,4,40,4,0,4,44
10/30/2021,GLS,TX,ASW,CE,Federal Contract Tower,0,4,22,0,26,0,7,58,0,65,0,11,80,0,91,108,0,108,199
10/31/2021,GLS,TX,ASW,CE,Federal Contract Tower,0,0,20,0,20,0,7,49,0,56,0,7,69,0,76,94,0,94,170
11/01/2021,GLS,TX,ASW,CE,Federal Contract Tower,0,10,19,0,29,0,5,57,0,62,0,15,76,0,91,38,0,38,129
11/02/2021,GLS,TX,ASW,CE,Federal Contract Tower,0,8,13,0,21,0,13,23,0,36,0,21,36,0,57,30,0,30,87
11/03/2021,GLS,TX,ASW,CE,Federal Contract Tower,0,10,8,1,19,0,23,4,3,30,0,33,12,4,49,18,0,18,67
11/04/2021,GLS,TX,ASW,CE,Federal Contract Tower,0,29,10,2,41,0,2,5,0,7,0,31,15,2,48,16,0,16,64
11/05/2021,GLS,TX,ASW,CE,Federal Contract Tower,0,15,8,4,27,0,16,51,0,67,0,31,59,4,94,46,0,46,140
11/06/2021,GLS,TX,ASW,CE,Federal Contract Tower,0,5,15,0,20,0,13,50,0,63,0,18,65,0,83,112,0,112,195
11/07/2021,GLS,TX,ASW,CE,Federal Contract Tower,0,5,2,0,7,0,18,45,2,65,0,23,47,2,72,72,0,72,144
11/08/2021,GLS,TX,ASW,CE,Federal Contract Tower,0,1,9,0,10,0,7,33,0,40,0,8,42,0,50,82,0,82,132
11/09/2021,GLS,TX,ASW,CE,Federal Contract Tower,0,13,22,0,35,0,23,19,0,42,0,36,41,0,77,28,0,28,105
11/10/2021,GLS,TX,ASW,CE,Federal Contract Tower,0,7,20,0,27,0,19,9,0,28,0,26,29,0,55,34,0,34,89
11/11/2021,GLS,TX,ASW,CE,Federal Contract Tower,0,14,13,0,27,0,10,20,0,30,0,24,33,0,57,22,0,22,79
11/12/2021,GLS,TX,ASW,CE,Federal Contract Tower,0,10,12,0,22,0,17,50,0,67,0,27,62,0,89,150,0,150,239
11/13/2021,GLS,TX,ASW,CE,Federal Contract Tower,0,3,9,0,12,0,12,49,0,61,0,15,58,0,73,68,0,68,141
11/14/2021,GLS,TX,ASW,CE,Federal Contract Tower,0,4,11,0,15,0,5,56,0,61,0,9,67,0,76,64,0,64,140
11/15/2021,GLS,TX,ASW,CE,Federal Contract Tower,0,2,6,1,9,0,15,28,2,45,0,17,34,3,54,50,18,68,122
11/16/2021,GLS,TX,ASW,CE,Federal Contract Tower,0,3,25,3,31,0,19,65,1,85,0,22,90,4,116,36,0,36,152
11/17/2021,GLS,TX,ASW,CE,Federal Contract Tower,0,7,21,0,28,0,15,24,0,39,0,22,45,0,67,84,0,84,151
11/18/2021,GLS,TX,ASW,CE,Federal Contract Tower,0,8,9,0,17,0,13,16,0,29,0,21,25,0,46,18,0,18,64
11/19/2021,GLS,TX,ASW,CE,Federal Contract Tower,0,4,9,0,13,0,18,42,2,62,0,22,51,2,75,80,0,80,155
11/20/2021,GLS,TX,ASW,CE,Federal Contract Tower,0,2,15,0,17,0,6,58,0,64,0,8,73,0,81,66,0,66,147
11/21/2021,GLS,TX,ASW,CE,Federal Contract Tower,0,5,12,0,17,0,8,12,0,20,0,13,24,0,37,50,0,50,87
11/22/2021,GLS,TX,ASW,CE,Federal Contract Tower,0,2,9,2,13,0,12,45,0,57,0,14,54,2,70,74,0,74,144
11/23/2021,GLS,TX,ASW,CE,Federal Contract Tower,0,5,19,8,32,0,15,42,2,59,0,20,61,10,91,42,2,44,135
11/24/2021,GLS,TX,ASW,CE,Federal Contract Tower,0,6,17,3,26,0,16,30,1,47,0,22,47,4,73,58,0,58,131
11/25/2021,GLS,TX,ASW,CE,Federal Contract Tower,0,6,0,0,6,0,2,2,0,4,0,8,2,0,10,0,0,0,10
11/26/2021,GLS,TX,ASW,CE,Federal Contract Tower,0,4,14,0,18,0,6,51,0,57,0,10,65,0,75,94,0,94,169
11/27/2021,GLS,TX,ASW,CE,Federal Contract Tower,0,6,7,4,17,0,6,10,4,20,0,12,17,8,37,48,0,48,85
11/28/2021,GLS,TX,ASW,CE,Federal Contract Tower,0,3,26,0,29,0,4,8,0,12,0,7,34,0,41,22,0,22,63
11/29/2021,GLS,TX,ASW,CE,Federal Contract Tower,0,4,13,3,20,0,20,29,1,50,0,24,42,4,70,78,0,78,148
11/30/2021,GLS,TX,ASW,CE,Federal Contract Tower,0,5,10,0,15,0,12,44,0,56,0,17,54,0,71,34,0,34,105
12/01/2021,GLS,TX,ASW,CE,Federal Contract Tower,0,12,10,2,24,0,28,37,2,67,0,40,47,4,91,32,0,32,123
12/02/2021,GLS,TX,ASW,CE,Federal Contract Tower,0,9,29,0,38,0,10,26,2,38,0,19,55,2,76,54,6,60,136
12/03/2021,GLS,TX,ASW,CE,Federal Contract Tower,0,3,24,0,27,0,22,30,0,52,0,25,54,0,79,80,0,80,159
12/04/2021,GLS,TX,ASW,CE,Federal Contract Tower,0,6,8,0,14,0,14,24,0,38,0,20,32,0,52,66,0,66,118
12/05/2021,GLS,TX,ASW,CE,Federal Contract Tower,0,0,14,4,18,0,13,25,3,41,0,13,39,7,59,36,0,36,95
12/06/2021,GLS,TX,ASW,CE,Federal Contract Tower,0,5,8,0,13,0,6,2,0,8,0,11,10,0,21,2,0,2,23
12/07/2021,GLS,TX,ASW,CE,Federal Contract Tower,0,9,15,0,24,0,5,5,0,10,0,14,20,0,34,12,0,12,46
12/08/2021,GLS,TX,ASW,CE,Federal Contract Tower,0,9,10,0,19,0,0,0,0,0,0,9,10,0,19,0,0,0,19
12/09/2021,GLS,TX,ASW,CE,Federal Contract Tower,0,5,11,0,16,0,7,1,0,8,0,12,12,0,24,0,0,0,24
12/10/2021,GLS,TX,ASW,CE,Federal Contract Tower,0,3,19,6,28,0,10,3,0,13,0,13,22,6,41,2,0,2,43
12/11/2021,GLS,TX,ASW,CE,Federal Contract Tower,0,4,4,2,10,0,4,10,0,14,0,8,14,2,24,4,0,4,28
12/12/2021,GLS,TX,ASW,CE,Federal Contract Tower,0,2,15,0,17,0,10,55,0,65,0,12,70,0,82,40,0,40,122
12/13/2021,GLS,TX,ASW,CE,Federal Contract Tower,0,2,16,2,20,0,4,1,0,5,0,6,17,2,25,0,0,0,25
12/14/2021,GLS,TX,ASW,CE,Federal Contract Tower,0,6,5,4,15,0,0,3,0,3,0,6,8,4,18,0,0,0,18
12/15/2021,GLS,TX,ASW,CE,Federal Contract Tower,0,5,11,2,18,0,15,8,0,23,0,20,19,2,41,10,0,10,51
12/16/2021,GLS,TX,ASW,CE,Federal Contract Tower,0,11,27,6,44,0,8,31,0,39,0,19,58,6,83,36,0,36,119
12/17/2021,GLS,TX,ASW,CE,Federal Contract Tower,0,3,22,0,25,0,4,39,0,43,0,7,61,0,68,42,0,42,110
12/18/2021,GLS,TX,ASW,CE,Federal Contract Tower,0,2,9,6,17,0,1,0,0,1,0,3,9,6,18,14,0,14,32
12/19/2021,GLS,TX,ASW,CE,Federal Contract Tower,0,12,0,0,12,0,10,35,0,45,0,22,35,0,57,54,0,54,111
12/20/2021,GLS,TX,ASW,CE,Federal Contract Tower,0,3,9,0,12,0,14,39,0,53,0,17,48,0,65,84,0,84,149
12/21/2021,GLS,TX,ASW,CE,Federal Contract Tower,0,6,11,0,17,0,14,55,2,71,0,20,66,2,88,46,0,46,134
12/22/2021,GLS,TX,ASW,CE,Federal Contract Tower,0,12,11,0,23,0,28,72,0,100,0,40,83,0,123,70,0,70,193
12/23/2021,GLS,TX,ASW,CE,Federal Contract Tower,0,8,11,0,19,0,5,46,0,51,0,13,57,0,70,70,0,70,140
12/24/2021,GLS,TX,ASW,CE,Federal Contract Tower,0,3,2,0,5,0,4,49,0,53,0,7,51,0,58,60,0,60,118
12/25/2021,GLS,TX,ASW,CE,Federal Contract Tower,0,2,2,0,4,0,6,11,0,17,0,8,13,0,21,0,0,0,21
12/26/2021,GLS,TX,ASW,CE,Federal Contract Tower,0,2,20,0,22,0,4,15,0,19,0,6,35,0,41,64,0,64,105
12/27/2021,GLS,TX,ASW,CE,Federal Contract Tower,0,6,17,0,23,0,3,37,0,40,0,9,54,0,63,54,0,54,117
12/28/2021,GLS,TX,ASW,CE,Federal Contract Tower,0,13,9,0,22,0,13,16,0,29,0,26,25,0,51,92,0,92,143
12/29/2021,GLS,TX,ASW,CE,Federal Contract Tower,0,8,12,1,21,0,13,13,1,27,0,21,25,2,48,54,0,54,102
12/30/2021,GLS,TX,ASW,CE,Federal Contract Tower,0,6,1,0,7,0,0,1,0,1,0,6,2,0,8,4,0,4,12
12/31/2021,GLS,TX,ASW,CE,Federal Contract Tower,0,5,10,0,15,0,4,13,0,17,0,9,23,0,32,8,0,8,40
01/01/2022,GLS,TX,ASW,CE,Federal Contract Tower,0,2,4,0,6,0,2,7,0,9,0,4,11,0,15,16,0,16,31
01/02/2022,GLS,TX,ASW,CE,Federal Contract Tower,0,1,7,0,8,0,2,1,0,3,0,3,8,0,11,2,0,2,13
01/03/2022,GLS,TX,ASW,CE,Federal Contract Tower,0,3,10,2,15,0,3,62,0,65,0,6,72,2,80,46,0,46,126
01/04/2022,GLS,TX,ASW,CE,Federal Contract Tower,0,0,9,2,11,0,23,75,0,98,0,23,84,2,109,34,0,34,143
01/05/2022,GLS,TX,ASW,CE,Federal Contract Tower,0,1,10,3,14,0,23,55,1,79,0,24,65,4,93,50,2,52,145
01/06/2022,GLS,TX,ASW,CE,Federal Contract Tower,0,4,4,0,8,0,3,13,0,16,0,7,17,0,24,8,0,8,32
01/07/2022,GLS,TX,ASW,CE,Federal Contract Tower,0,7,13,0,20,0,5,1,0,6,0,12,14,0,26,0,0,0,26
01/08/2022,GLS,TX,ASW,CE,Federal Contract Tower,0,8,0,0,8,0,0,1,0,1,0,8,1,0,9,0,0,0,9
01/09/2022,GLS,TX,ASW,CE,Federal Contract Tower,0,1,1,0,2,0,6,2,0,8,0,7,3,0,10,16,0,16,26
01/10/2022,GLS,TX,ASW,CE,Federal Contract Tower,0,1,0,0,1,0,6,21,0,27,0,7,21,0,28,28,0,28,56
01/11/2022,GLS,TX,ASW,CE,Federal Contract Tower,0,7,15,2,24,0,8,47,0,55,0,15,62,2,79,42,0,42,121
01/12/2022,GLS,TX,ASW,CE,Federal Contract Tower,0,5,3,2,10,0,7,74,0,81,0,12,77,2,91,80,0,80,171
01/13/2022,GLS,TX,ASW,CE,Federal Contract Tower,0,7,12,0,19,0,10,47,0,57,0,17,59,0,76,62,0,62,138
01/14/2022,GLS,TX,ASW,CE,Federal Contract Tower,0,1,17,4,22,0,11,73,2,86,0,12,90,6,108,66,0,66,174
01/15/2022,GLS,TX,ASW,CE,Federal Contract Tower,0,5,0,0,5,0,0,4,0,4,0,5,4,0,9,4,0,4,13
01/16/2022,GLS,TX,ASW,CE,Federal Contract Tower,0,4,12,0,16,8,44,0,0,52,8,48,12,0,68,46,0,46,114
01/17/2022,GLS,TX,ASW,CE,Federal Contract Tower,0,2,6,4,12,0,12,90,0,102,0,14,96,4,114,69,0,69,183
01/18/2022,GLS,TX,ASW,CE,Federal Contract Tower,0,10,5,0,15,0,22,38,4,64,0,32,43,4,79,38,0,38,117
01/19/2022,GLS,TX,ASW,CE,Federal Contract Tower,0,7,7,0,14,0,12,5,4,21,0,19,12,4,35,20,0,20,55
01/20/2022,GLS,TX,ASW,CE,Federal Contract Tower,0,5,9,0,14,0,0,0,0,0,0,5,9,0,14,0,0,0,14
01/21/2022,GLS,TX,ASW,CE,Federal Contract Tower,0,0,11,0,11,0,12,33,0,45,0,12,44,0,56,38,0,38,94
01/22/2022,GLS,TX,ASW,CE,Federal Contract Tower,0,15,9,2,26,0,4,63,0,67,0,19,72,2,93,82,6,88,181
01/23/2022,GLS,TX,ASW,CE,Federal Contract Tower,0,3,16,4,23,0,11,66,0,77,0,14,82,4,100,80,0,80,180
01/24/2022,GLS,TX,ASW,CE,Federal Contract Tower,0,3,1,0,4,0,5,0,0,5,0,8,1,0,9,0,0,0,9
01/25/2022,GLS,TX,ASW,CE,Federal Contract Tower,0,8,9,4,21,0,6,1,0,7,0,14,10,4,28,0,0,0,28
01/26/2022,GLS,TX,ASW,CE,Federal Contract Tower,0,1,17,1,19,0,17,38,1,56,0,18,55,2,75,50,0,50,125
01/27/2022,GLS,TX,ASW,CE,Federal Contract Tower,0,3,8,0,11,0,7,76,4,87,0,10,84,4,98,72,0,72,170
01/28/2022,GLS,TX,ASW,CE,Federal Contract Tower,0,3,12,0,15,0,10,35,4,49,0,13,47,4,64,44,0,44,108
01/29/2022,GLS,TX,ASW,CE,Federal Contract Tower,0,3,8,0,11,0,7,76,4,87,0,10,84,4,98,72,0,72,170
01/30/2022,GLS,TX,ASW,CE,Federal Contract Tower,0,2,14,0,16,0,16,60,0,76,0,18,74,0,92,52,0,52,144
01/31/2022,GLS,TX,ASW,CE,Federal Contract Tower,0,1,1,0,2,0,8,9,0,17,0,9,10,0,19,4,0,4,23
02/01/2022,GLS,TX,ASW,CE,Federal Contract Tower,0,5,11,2,18,0,7,2,0,9,0,12,13,2,27,0,0,0,27
02/02/2022,GLS,TX,ASW,CE,Federal Contract Tower,0,9,13,2,24,0,0,0,0,0,0,9,13,2,24,0,0,0,24
02/03/2022,GLS,TX,ASW,CE,Federal Contract Tower,0,2,9,0,11,0,12,58,0,70,0,14,67,0,81,56,0,56,137
02/04/2022,GLS,TX,ASW,CE,Federal Contract Tower,0,0,0,0,0,0,0,3,0,3,0,0,3,0,3,2,0,2,5
02/05/2022,GLS,TX,ASW,CE,Federal Contract Tower,0,2,9,0,11,0,12,58,0,70,0,14,67,0,81,56,0,56,137
02/06/2022,GLS,TX,ASW,CE,Federal Contract Tower,0,0,13,0,13,0,5,58,0,63,0,5,71,0,76,86,0,86,162
02/07/2022,GLS,TX,ASW,CE,Federal Contract Tower,0,1,10,2,13,0,10,49,0,59,0,11,59,2,72,54,0,54,126
02/08/2022,GLS,TX,ASW,CE,Federal Contract Tower,0,2,17,1,20,0,20,43,0,63,0,22,60,1,83,28,0,28,111
02/09/2022,GLS,TX,ASW,CE,Federal Contract Tower,0,6,9,0,15,0,20,32,4,56,0,26,41,4,71,54,0,54,125
02/10/2022,GLS,TX,ASW,CE,Federal Contract Tower,0,2,4,0,6,0,2,1,0,3,0,4,5,0,9,30,0,30,39
02/11/2022,GLS,TX,ASW,CE,Federal Contract Tower,0,0,6,4,10,0,14,59,0,73,0,14,65,4,83,44,0,44,127
02/12/2022,GLS,TX,ASW,CE,Federal Contract Tower,0,2,4,0,6,0,2,1,0,3,0,4,5,0,9,30,0,30,39
02/13/2022,GLS,TX,ASW,CE,Federal Contract Tower,0,6,8,0,14,0,16,77,0,93,0,22,85,0,107,100,0,100,207
02/14/2022,GLS,TX,ASW,CE,Federal Contract Tower,0,2,17,0,19,0,17,42,0,59,0,19,59,0,78,70,0,70,148
02/15/2022,GLS,TX,ASW,CE,Federal Contract Tower,0,3,14,8,25,0,19,52,2,73,0,22,66,10,98,54,0,54,152
02/16/2022,GLS,TX,ASW,CE,Federal Contract Tower,0,7,8,0,15,0,15,24,0,39,0,22,32,0,54,28,0,28,82
02/17/2022,GLS,TX,ASW,CE,Federal Contract Tower,0,2,15,0,17,0,20,61,0,81,0,22,76,0,98,42,10,52,150
02/18/2022,GLS,TX,ASW,CE,Federal Contract Tower,0,3,6,0,9,0,11,35,0,46,0,14,41,0,55,40,0,40,95
02/19/2022,GLS,TX,ASW,CE,Federal Contract Tower,0,2,15,0,17,0,20,61,0,81,0,22,76,0,98,42,10,52,150
02/20/2022,GLS,TX,ASW,CE,Federal Contract Tower,0,3,23,0,26,0,15,35,0,50,0,18,58,0,76,66,0,66,142
02/21/2022,GLS,TX,ASW,CE,Federal Contract Tower,0,3,9,0,12,0,2,0,0,2,0,5,9,0,14,0,0,0,14
02/22/2022,GLS,TX,ASW,CE,Federal Contract Tower,0,8,8,4,20,0,0,9,0,9,0,8,17,4,29,0,0,0,29
02/23/2022,GLS,TX,ASW,CE,Federal Contract Tower,0,8,4,2,14,0,0,0,0,0,0,8,4,2,14,0,0,0,14
02/24/2022,GLS,TX,ASW,CE,Federal Contract Tower,0,3,7,2,12,0,0,0,0,0,0,3,7,2,12,0,0,0,12
02/25/2022,GLS,TX,ASW,CE,Federal Contract Tower,0,3,13,0,16,0,21,8,2,31,0,24,21,2,47,6,8,14,61
02/26/2022,GLS,TX,ASW,CE,Federal Contract Tower,0,3,7,2,12,0,0,0,0,0,0,3,7,2,12,0,0,0,12
02/27/2022,GLS,TX,ASW,CE,Federal Contract Tower,0,2,16,0,18,0,13,35,0,48,0,15,51,0,66,62,0,62,128
02/28/2022,GLS,TX,ASW,CE,Federal Contract Tower,0,4,5,2,11,0,21,62,1,84,0,25,67,3,95,30,0,30,125
03/01/2022,GLS,TX,ASW,CE,Federal Contract Tower,0,2,8,0,10,0,26,41,2,69,0,28,49,2,79,20,0,20,99
03/02/2022,GLS,TX,ASW,CE,Federal Contract Tower,0,7,10,0,17,0,16,56,2,74,0,23,66,2,91,58,0,58,149
03/03/2022,GLS,TX,ASW,CE,Federal Contract Tower,0,5,21,0,26,0,27,29,6,62,0,32,50,6,88,24,24,48,136
03/04/2022,GLS,TX,ASW,CE,Federal Contract Tower,0,5,21,0,26,0,27,29,6,62,0,32,50,6,88,24,24,48,136
03/05/2022,GLS,TX,ASW,CE,Federal Contract Tower,0,1,14,2,17,0,11,40,4,55,0,12,54,6,72,74,0,74,146
03/06/2022,GLS,TX,ASW,CE,Federal Contract Tower,0,3,10,6,19,0,2,4,0,6,0,5,14,6,25,4,0,4,29
03/07/2022,GLS,TX,ASW,CE,Federal Contract Tower,0,1,6,6,13,0,5,12,2,19,0,6,18,8,32,0,4,4,36
03/08/2022,GLS,TX,ASW,CE,Federal Contract Tower,0,7,2,2,11,0,3,1,0,4,0,10,3,2,15,0,0,0,15
03/09/2022,GLS,TX,ASW,CE,Federal Contract Tower,0,1,8,0,9,0,23,6,2,31,0,24,14,2,40,6,2,8,48
03/10/2022,GLS,TX,ASW,CE,Federal Contract Tower,0,13,2,0,15,0,0,0,0,0,0,13,2,0,15,0,0,0,15
03/11/2022,GLS,TX,ASW,CE,Federal Contract Tower,0,13,2,0,15,0,0,0,0,0,0,13,2,0,15,0,0,0,15
03/12/2022,GLS,TX,ASW,CE,Federal Contract Tower,0,10,17,1,28,0,30,61,0,91,0,40,78,1,119,52,0,52,171
03/13/2022,GLS,TX,ASW,CE,Federal Contract Tower,0,2,20,0,22,0,21,77,1,99,0,23,97,1,121,56,0,56,177
03/14/2022,GLS,TX,ASW,CE,Federal Contract Tower,0,3,14,2,19,0,21,33,0,54,0,24,47,2,73,36,0,36,109
03/15/2022,GLS,TX,ASW,CE,Federal Contract Tower,0,2,17,0,19,0,23,52,0,75,0,25,69,0,94,102,0,102,196
03/16/2022,GLS,TX,ASW,CE,Federal Contract Tower,0,5,19,2,26,0,16,52,2,70,0,21,71,4,96,92,4,96,192
03/17/2022,GLS,TX,ASW,CE,Federal Contract Tower,0,4,16,2,22,0,10,23,0,33,0,14,39,2,55,62,0,62,117
03/18/2022,GLS,TX,ASW,CE,Federal Contract Tower,0,9,15,0,24,0,2,18,0,20,0,11,33,0,44,84,0,84,128
03/19/2022,GLS,TX,ASW,CE,Federal Contract Tower,0,5,16,2,23,0,5,72,2,79,0,10,88,4,102,116,2,118,220
03/20/2022,GLS,TX,ASW,CE,Federal Contract Tower,0,2,6,0,8,0,21,50,0,71,0,23,56,0,79,72,0,72,151
03/21/2022,GLS,TX,ASW,CE,Federal Contract Tower,0,4,2,0,6,0,0,0,0,0,0,4,2,0,6,0,0,0,6
03/22/2022,GLS,TX,ASW,CE,Federal Contract Tower,0,7,12,0,19,0,5,12,0,17,0,12,24,0,36,12,0,12,48
03/23/2022,GLS,TX,ASW,CE,Federal Contract Tower,0,9,10,3,22,0,21,23,8,52,0,30,33,11,74,14,6,20,94
03/24/2022,GLS,TX,ASW,CE,Federal Contract Tower,0,7,24,0,31,0,6,19,2,27,0,13,43,2,58,4,0,4,62
03/25/2022,GLS,TX,ASW,CE,Federal Contract Tower,0,6,8,1,15,0,20,71,1,92,0,26,79,2,107,48,6,54,161
03/26/2022,GLS,TX,ASW,CE,Federal Contract Tower,0,11,30,0,41,0,16,61,2,79,0,27,91,2,120,44,12,56,176
03/27/2022,GLS,TX,ASW,CE,Federal Contract Tower,0,7,24,0,31,0,13,62,0,75,0,20,86,0,106,40,0,40,146
03/28/2022,GLS,TX,ASW,CE,Federal Contract Tower,0,1,26,2,29,0,19,40,0,59,0,20,66,2,88,34,0,34,122
03/29/2022,GLS,TX,ASW,CE,Federal Contract Tower,0,4,14,0,18,0,11,13,1,25,0,15,27,1,43,18,22,40,83
03/30/2022,GLS,TX,ASW,CE,Federal Contract Tower,0,0,4,0,4,0,4,2,0,6,0,4,6,0,10,2,0,2,12
03/31/2022,GLS,TX,ASW,CE,Federal Contract Tower,0,4,18,0,22,0,25,47,0,72,0,29,65,0,94,44,0,44,138
04/01/2022,GLS,TX,ASW,CE,Federal Contract Tower,0,6,17,2,25,0,20,45,0,65,0,26,62,2,90,38,0,38,128
04/02/2022,GLS,TX,ASW,CE,Federal Contract Tower,0,9,22,3,34,0,37,55,0,92,0,46,77,3,126,62,0,62,188
04/03/2022,GLS,TX,ASW,CE,Federal Contract Tower,0,10,22,0,32,0,23,82,3,108,0,33,104,3,140,12,22,34,174
04/04/2022,GLS,TX,ASW,CE,Federal Contract Tower,0,1,5,4,10,0,9,14,0,23,0,10,19,4,33,6,0,6,39
04/05/2022,GLS,TX,ASW,CE,Federal Contract Tower,0,14,14,6,34,0,0,3,0,3,0,14,17,6,37,0,0,0,37
04/06/2022,GLS,TX,ASW,CE,Federal Contract Tower,0,6,15,0,21,0,4,14,0,18,0,10,29,0,39,20,0,20,59
04/07/2022,GLS,TX,ASW,CE,Federal Contract Tower,0,6,15,2,23,0,15,23,0,38,0,21,38,2,61,32,0,32,93
04/08/2022,GLS,TX,ASW,CE,Federal Contract Tower,0,0,8,2,10,0,24,26,8,58,0,24,34,10,68,22,26,48,116
04/09/2022,GLS,TX,ASW,CE,Federal Contract Tower,0,4,11,0,15,0,44,98,0,142,0,48,109,0,157,88,0,88,245
04/10/2022,GLS,TX,ASW,CE,Federal Contract Tower,0,3,10,0,13,0,6,30,0,36,0,9,40,0,49,22,0,22,71
04/11/2022,GLS,TX,ASW,CE,Federal Contract Tower,0,3,18,0,21,0,18,36,2,56,0,21,54,2,77,14,20,34,111
04/12/2022,GLS,TX,ASW,CE,Federal Contract Tower,0,6,7,0,13,0,4,0,0,4,0,10,7,0,17,0,0,0,17
04/13/2022,GLS,TX,ASW,CE,Federal Contract Tower,0,14,8,0,22,0,6,0,0,6,0,20,8,0,28,0,0,0,28
04/14/2022,GLS,TX,ASW,CE,Federal Contract Tower,0,2,15,0,17,0,20,29,0,49,0,22,44,0,66,28,0,28,94
04/15/2022,GLS,TX,ASW,CE,Federal Contract Tower,0,4,16,0,20,0,0,2,0,2,0,4,18,0,22,0,0,0,22
04/16/2022,GLS,TX,ASW,CE,Federal Contract Tower,0,5,10,0,15,0,14,78,0,92,0,19,88,0,107,94,0,94,201
04/17/2022,GLS,TX,ASW,CE,Federal Contract Tower,0,1,16,0,17,0,4,17,0,21,0,5,33,0,38,2,0,2,40
04/18/2022,GLS,TX,ASW,CE,Federal Contract Tower,0,2,14,3,19,0,14,58,0,72,0,16,72,3,91,98,0,98,189
04/19/2022,GLS,TX,ASW,CE,Federal Contract Tower,0,4,8,0,12,0,20,27,0,47,0,24,35,0,59,20,0,20,79
04/20/2022,GLS,TX,ASW,CE,Federal Contract Tower,0,3,13,0,16,0,16,16,2,34,0,19,29,2,50,20,0,20,70
04/21/2022,GLS,TX,ASW,CE,Federal Contract Tower,0,11,20,2,33,0,5,10,0,15,0,16,30,2,48,10,0,10,58
04/22/2022,GLS,TX,ASW,CE,Federal Contract Tower,0,8,15,2,25,0,8,32,0,40,0,16,47,2,65,38,0,38,103
04/23/2022,GLS,TX,ASW,CE,Federal Contract Tower,0,4,8,2,14,0,11,36,0,47,0,15,44,2,61,28,0,28,89
04/24/2022,GLS,TX,ASW,CE,Federal Contract Tower,0,4,19,0,23,0,6,16,2,24,0,10,35,2,47,6,8,14,61
04/25/2022,GLS,TX,ASW,CE,Federal Contract Tower,0,9,15,8,32,0,8,6,0,14,0,17,21,8,46,44,0,44,90
04/26/2022,GLS,TX,ASW,CE,Federal Contract Tower,0,4,8,0,12,0,18,15,0,33,0,22,23,0,45,18,0,18,63
04/27/2022,GLS,TX,ASW,CE,Federal Contract Tower,0,6,22,0,28,0,14,26,2,42,0,20,48,2,70,26,2,28,98
04/28/2022,GLS,TX,ASW,CE,Federal Contract Tower,0,5,19,0,24,0,0,51,0,51,0,5,70,0,75,92,0,92,167
04/29/2022,GLS,TX,ASW,CE,Federal Contract Tower,0,5,30,0,35,0,16,42,0,58,0,21,72,0,93,46,0,46,139
04/30/2022,GLS,TX,ASW,CE,Federal Contract Tower,0,4,15,0,19,0,11,68,0,79,0,15,83,0,98,36,0,36,134
05/01/2022,GLS,TX,ASW,CE,Federal Contract Tower,0,4,24,0,28,0,17,61,0,78,0,21,85,0,106,34,0,34,140
05/02/2022,GLS,TX,ASW,CE,Federal Contract Tower,0,2,15,0,17,0,21,34,1,56,0,23,49,1,73,34,0,34,107
05/03/2022,GLS,TX,ASW,CE,Federal Contract Tower,0,5,21,0,26,0,28,33,1,62,0,33,54,1,88,46,0,46,134
05/04/2022,GLS,TX,ASW,CE,Federal Contract Tower,0,5,25,2,32,0,10,20,2,32,0,15,45,4,64,44,0,44,108
05/05/2022,GLS,TX,ASW,CE,Federal Contract Tower,0,3,9,0,12,0,18,6,5,29,0,21,15,5,41,4,0,4,45
05/06/2022,GLS,TX,ASW,CE,Federal Contract Tower,0,8,30,0,38,0,7,33,3,43,0,15,63,3,81,50,0,50,131
05/07/2022,GLS,TX,ASW,CE,Federal Contract Tower,0,5,18,0,23,0,10,35,0,45,0,15,53,0,68,48,0,48,116
05/08/2022,GLS,TX,ASW,CE,Federal Contract Tower,0,2,10,0,12,0,10,39,0,49,0,12,49,0,61,36,0,36,97
05/09/2022,GLS,TX,ASW,CE,Federal Contract Tower,0,3,17,3,23,0,14,38,8,60,0,17,55,11,83,16,26,42,125
05/10/2022,GLS,TX,ASW,CE,Federal Contract Tower,0,6,6,0,12,0,29,43,0,72,0,35,49,0,84,48,0,48,132
05/11/2022,GLS,TX,ASW,CE,Federal Contract Tower,0,4,21,0,25,0,19,39,3,61,0,23,60,3,86,24,6,30,116
05/12/2022,GLS,TX,ASW,CE,Federal Contract Tower,0,6,14,2,22,0,10,38,4,52,0,16,52,6,74,30,0,30,104
05/13/2022,GLS,TX,ASW,CE,Federal Contract Tower,0,3,15,4,22,0,9,57,0,66,0,12,72,4,88,46,6,52,140
05/14/2022,GLS,TX,ASW,CE,Federal Contract Tower,0,3,10,0,13,0,7,85,0,92,0,10,95,0,105,48,0,48,153
05/15/2022,GLS,TX,ASW,CE,Federal Contract Tower,0,2,12,0,14,0,5,62,2,69,0,7,74,2,83,30,8,38,121
05/16/2022,GLS,TX,ASW,CE,Federal Contract Tower,0,0,6,0,6,0,21,50,3,74,0,21,56,3,80,54,14,68,148
05/17/2022,GLS,TX,ASW,CE,Federal Contract Tower,0,4,11,3,18,0,15,40,1,56,0,19,51,4,74,10,0,10,84
05/18/2022,GLS,TX,ASW,CE,Federal Contract Tower,0,1,31,2,34,0,19,39,1,59,0,20,70,3,93,66,0,66,159
05/19/2022,GLS,TX,ASW,CE,Federal Contract Tower,0,6,13,0,19,0,4,33,1,38,0,10,46,1,57,72,0,72,129
05/20/2022,GLS,TX,ASW,CE,Federal Contract Tower,0,4,8,2,14,0,17,29,2,48,0,21,37,4,62,16,10,26,88
05/21/2022,GLS,TX,ASW,CE,Federal Contract Tower,0,4,12,0,16,0,13,55,0,68,0,17,67,0,84,22,0,22,106
05/22/2022,GLS,TX,ASW,CE,Federal Contract Tower,0,1,17,0,18,0,5,30,0,35,0,6,47,0,53,20,0,20,73
05/23/2022,GLS,TX,ASW,CE,Federal Contract Tower,0,2,21,0,23,0,21,32,0,53,0,23,53,0,76,44,0,44,120
05/24/2022,GLS,TX,ASW,CE,Federal Contract Tower,0,4,2,0,6,0,4,6,0,10,0,8,8,0,16,8,0,8,24
05/25/2022,GLS,TX,ASW,CE,Federal Contract Tower,0,6,0,0,6,0,17,12,0,29,0,23,12,0,35,28,4,32,67
05/26/2022,GLS,TX,ASW,CE,Federal Contract Tower,0,6,15,0,21,0,9,40,0,49,0,15,55,0,70,58,4,62,132
05/27/2022,GLS,TX,ASW,CE,Federal Contract Tower,0,1,4,2,7,0,17,59,0,76,0,18,63,2,83,38,0,38,121
05/28/2022,GLS,TX,ASW,CE,Federal Contract Tower,0,5,8,0,13,0,10,61,0,71,0,15,69,0,84,118,0,118,202
05/29/2022,GLS,TX,ASW,CE,Federal Contract Tower,0,3,15,0,18,0,11,41,0,52,0,14,56,0,70,68,0,68,138
05/30/2022,GLS,TX,ASW,CE,Federal Contract Tower,0,5,18,0,23,0,12,39,0,51,0,17,57,0,74,82,0,82,156
05/31/2022,GLS,TX,ASW,CE,Federal Contract Tower,0,6,24,0,30,0,23,37,2,62,0,29,61,2,92,68,0,68,160
06/01/2022,GLS,TX,ASW,CE,Federal Contract Tower,0,2,6,0,8,0,16,13,0,29,0,18,19,0,37,62,0,62,99
06/02/2022,GLS,TX,ASW,CE,Federal Contract Tower,0,8,20,0,28,0,10,19,0,29,0,18,39,0,57,16,0,16,73
06/03/2022,GLS,TX,ASW,CE,Federal Contract Tower,0,7,12,2,21,0,17,50,2,69,0,24,62,4,90,50,2,52,142
06/04/2022,GLS,TX,ASW,CE,Federal Contract Tower,0,0,7,0,7,0,10,60,0,70,0,10,67,0,77,74,0,74,151
06/05/2022,GLS,TX,ASW,CE,Federal Contract Tower,0,3,11,8,22,0,11,74,0,85,0,14,85,8,107,88,0,88,195
06/06/2022,GLS,TX,ASW,CE,Federal Contract Tower,0,0,2,1,3,0,20,27,0,47,0,20,29,1,50,32,0,32,82
06/07/2022,GLS,TX,ASW,CE,Federal Contract Tower,0,9,8,0,17,0,17,12,2,31,0,26,20,2,48,70,0,70,118
06/08/2022,GLS,TX,ASW,CE,Federal Contract Tower,0,0,15,0,15,0,19,38,0,57,0,19,53,0,72,64,0,64,136
06/09/2022,GLS,TX,ASW,CE,Federal Contract Tower,0,4,21,2,27,0,18,71,2,91,0,22,92,4,118,104,4,108,226
06/10/2022,GLS,TX,ASW,CE,Federal Contract Tower,0,3,8,0,11,0,16,35,0,51,0,19,43,0,62,40,0,40,102
06/11/2022,GLS,TX,ASW,CE,Federal Contract Tower,0,0,11,0,11,0,1,61,0,62,0,1,72,0,73,108,0,108,181
06/12/2022,GLS,TX,ASW,CE,Federal Contract Tower,0,10,12,2,24,0,20,71,0,91,0,30,83,2,115,64,0,64,179
06/13/2022,GLS,TX,ASW,CE,Federal Contract Tower,0,4,0,0,4,0,31,68,0,99,0,35,68,0,103,64,0,64,167
06/14/2022,GLS,TX,ASW,CE,Federal Contract Tower,0,12,10,2,24,0,17,31,0,48,0,29,41,2,72,48,0,48,120
06/15/2022,GLS,TX,ASW,CE,Federal Contract Tower,0,8,14,0,22,0,26,29,6,61,0,34,43,6,83,70,0,70,153
06/16/2022,GLS,TX,ASW,CE,Federal Contract Tower,0,9,13,0,22,0,13,36,0,49,0,22,49,0,71,68,0,68,139
06/17/2022,GLS,TX,ASW,CE,Federal Contract Tower,0,6,13,0,19,0,15,27,0,42,0,21,40,0,61,84,0,84,145
06/18/2022,GLS,TX,ASW,CE,Federal Contract Tower,0,3,20,0,23,0,14,51,0,65,0,17,71,0,88,98,0,98,186
06/19/2022,GLS,TX,ASW,CE,Federal Contract Tower,0,8,11,0,19,0,10,44,0,54,0,18,55,0,73,72,0,72,145
06/20/2022,GLS,TX,ASW,CE,Federal Contract Tower,0,2,26,6,34,0,11,30,0,41,0,13,56,6,75,56,0,56,131
06/21/2022,GLS,TX,ASW,CE,Federal Contract Tower,0,5,6,2,13,0,11,20,0,31,0,16,26,2,44,68,0,68,112
06/22/2022,GLS,TX,ASW,CE,Federal Contract Tower,0,9,6,2,17,0,16,45,0,61,0,25,51,2,78,78,0,78,156
06/23/2022,GLS,TX,ASW,CE,Federal Contract Tower,0,7,18,0,25,0,12,44,0,56,0,19,62,0,81,44,0,44,125
06/24/2022,GLS,TX,ASW,CE,Federal Contract Tower,0,4,31,3,38,0,14,49,0,63,0,18,80,3,101,104,8,112,213
06/25/2022,GLS,TX,ASW,CE,Federal Contract Tower,0,4,17,0,21,0,12,37,0,49,0,16,54,0,70,166,12,178,248
06/26/2022,GLS,TX,ASW,CE,Federal Contract Tower,0,8,6,0,14,0,18,60,2,80,0,26,66,2,94,104,0,104,198
06/27/2022,GLS,TX,ASW,CE,Federal Contract Tower,0,1,7,1,9,0,16,34,0,50,0,17,41,1,59,56,0,56,115
06/28/2022,GLS,TX,ASW,CE,Federal Contract Tower,0,2,13,0,15,0,28,39,18,85,0,30,52,18,100,38,0,38,138
06/29/2022,GLS,TX,ASW,CE,Federal Contract Tower,0,0,5,0,5,0,9,11,24,44,0,9,16,24,49,30,0,30,79
06/30/2022,GLS,TX,ASW,CE,Federal Contract Tower,0,1,8,0,9,0,2,3,0,5,0,3,11,0,14,0,0,0,14
07/01/2022,GLS,TX,ASW,CE,Federal Contract Tower,0,12,9,0,21,0,7,4,0,11,0,19,13,0,32,32,0,32,64
07/02/2022,GLS,TX,ASW,CE,Federal Contract Tower,0,7,16,0,23,0,9,15,0,24,0,16,31,0,47,74,0,74,121
07/03/2022,GLS,TX,ASW,CE,Federal Contract Tower,0,3,12,0,15,0,9,40,0,49,0,12,52,0,64,80,0,80,144
07/04/2022,GLS,TX,ASW,CE,Federal Contract Tower,0,0,4,0,4,0,22,38,0,60,0,22,42,0,64,98,0,98,162
07/05/2022,GLS,TX,ASW,CE,Federal Contract Tower,0,4,13,2,19,0,13,65,0,78,0,17,78,2,97,82,0,82,179
07/06/2022,GLS,TX,ASW,CE,Federal Contract Tower,0,4,7,0,11,0,20,28,0,48,0,24,35,0,59,60,0,60,119
07/07/2022,GLS,TX,ASW,CE,Federal Contract Tower,0,9,7,2,18,0,14,39,0,53,0,23,46,2,71,84,0,84,155
07/08/2022,GLS,TX,ASW,CE,Federal Contract Tower,0,2,5,3,10,0,8,34,1,43,0,10,39,4,53,88,0,88,141
07/09/2022,GLS,TX,ASW,CE,Federal Contract Tower,0,2,16,0,18,0,7,57,6,70,0,9,73,6,88,110,6,116,204
07/10/2022,GLS,TX,ASW,CE,Federal Contract Tower,0,8,12,2,22,0,0,12,78,90,0,8,24,80,112,46,0,46,158
07/11/2022,GLS,TX,ASW,CE,Federal Contract Tower,0,1,5,2,8,0,16,42,2,60,0,17,47,4,68,44,0,44,112
07/12/2022,GLS,TX,ASW,CE,Federal Contract Tower,0,5,11,0,16,0,21,40,0,61,0,26,51,0,77,60,0,60,137
07/13/2022,GLS,TX,ASW,CE,Federal Contract Tower,0,2,13,0,15,0,21,36,8,65,0,23,49,8,80,74,0,74,154
07/14/2022,GLS,TX,ASW,CE,Federal Contract Tower,0,8,10,0,18,0,12,22,0,34,0,20,32,0,52,48,0,48,100
07/15/2022,GLS,TX,ASW,CE,Federal Contract Tower,0,6,8,0,14,0,4,14,0,18,0,10,22,0,32,78,0,78,110
07/16/2022,GLS,TX,ASW,CE,Federal Contract Tower,0,1,11,0,12,0,14,31,2,47,0,15,42,2,59,122,6,128,187
07/17/2022,GLS,TX,ASW,CE,Federal Contract Tower,0,4,10,0,14,0,10,61,0,71,0,14,71,0,85,80,0,80,165
07/18/2022,GLS,TX,ASW,CE,Federal Contract Tower,0,5,11,2,18,0,24,44,0,68,0,29,55,2,86,78,0,78,164
07/19/2022,GLS,TX,ASW,CE,Federal Contract Tower,0,4,5,0,9,0,19,72,0,91,0,23,77,0,100,68,0,68,168
07/20/2022,GLS,TX,ASW,CE,Federal Contract Tower,0,3,5,0,8,0,16,27,0,43,0,19,32,0,51,48,0,48,99
07/21/2022,GLS,TX,ASW,CE,Federal Contract Tower,0,5,10,0,15,0,27,46,2,75,0,32,56,2,90,106,4,110,200
07/22/2022,GLS,TX,ASW,CE,Federal Contract Tower,0,4,14,0,18,0,5,28,0,33,0,9,42,0,51,86,0,86,137
07/23/2022,GLS,TX,ASW,CE,Federal Contract Tower,0,3,6,0,9,0,9,41,0,50,0,12,47,0,59,96,0,96,155
07/24/2022,GLS,TX,ASW,CE,Federal Contract Tower,0,3,14,0,17,0,14,74,7,95,0,17,88,7,112,46,16,62,174
07/25/2022,GLS,TX,ASW,CE,Federal Contract Tower,0,6,11,4,21,0,21,37,4,62,0,27,48,8,83,50,16,66,149
07/26/2022,GLS,TX,ASW,CE,Federal Contract Tower,0,5,12,0,17,0,13,16,0,29,0,18,28,0,46,106,0,106,152
07/27/2022,GLS,TX,ASW,CE,Federal Contract Tower,0,5,11,0,16,0,20,43,1,64,0,25,54,1,80,102,0,102,182
07/28/2022,GLS,TX,ASW,CE,Federal Contract Tower,0,9,2,0,11,0,19,35,1,55,0,28,37,1,66,34,0,34,100
07/29/2022,GLS,TX,ASW,CE,Federal Contract Tower,0,4,6,0,10,0,9,29,0,38,0,13,35,0,48,98,0,98,146
07/30/2022,GLS,TX,ASW,CE,Federal Contract Tower,0,0,14,0,14,0,8,48,2,58,0,8,62,2,72,80,8,88,160
07/31/2022,GLS,TX,ASW,CE,Federal Contract Tower,0,3,16,1,20,0,13,80,0,93,0,16,96,1,113,52,0,52,165
08/01/2022,GLS,TX,ASW,CE,Federal Contract Tower,0,2,5,0,7,0,9,33,0,42,0,11,38,0,49,38,0,38,87
08/02/2022,GLS,TX,ASW,CE,Federal Contract Tower,0,6,5,0,11,0,5,45,0,50,0,11,50,0,61,116,0,116,177
08/03/2022,GLS,TX,ASW,CE,Federal Contract Tower,0,1,13,0,14,0,29,37,0,66,0,30,50,0,80,92,0,92,172
08/04/2022,GLS,TX,ASW,CE,Federal Contract Tower,0,6,14,0,20,0,19,29,0,48,0,25,43,0,68,56,0,56,124
08/05/2022,GLS,TX,ASW,CE,Federal Contract Tower,0,7,5,0,12,0,12,11,0,23,0,19,16,0,35,50,0,50,85
08/06/2022,GLS,TX,ASW,CE,Federal Contract Tower,0,0,5,0,5,0,5,10,0,15,0,5,15,0,20,34,0,34,54
08/07/2022,GLS,TX,ASW,CE,Federal Contract Tower,0,5,8,0,13,0,9,41,0,50,0,14,49,0,63,34,0,34,97
08/08/2022,GLS,TX,ASW,CE,Federal Contract Tower,0,0,25,0,25,0,17,55,0,72,0,17,80,0,97,72,0,72,169
08/09/2022,GLS,TX,ASW,CE,Federal Contract Tower,0,4,15,4,23,0,13,53,0,66,0,17,68,4,89,114,2,116,205
08/10/2022,GLS,TX,ASW,CE,Federal Contract Tower,0,1,6,0,7,0,26,39,2,67,0,27,45,2,74,66,6,72,146
08/11/2022,GLS,TX,ASW,CE,Federal Contract Tower,0,9,15,0,24,0,15,33,0,48,0,24,48,0,72,56,0,56,128
08/12/2022,GLS,TX,ASW,CE,Federal Contract Tower,0,6,17,0,23,0,10,55,0,65,0,16,72,0,88,60,0,60,148
08/13/2022,GLS,TX,ASW,CE,Federal Contract Tower,0,1,10,0,11,0,14,69,1,84,0,15,79,1,95,62,0,62,157
08/14/2022,GLS,TX,ASW,CE,Federal Contract Tower,0,6,3,0,9,0,5,74,0,79,0,11,77,0,88,36,0,36,124
08/15/2022,GLS,TX,ASW,CE,Federal Contract Tower,0,1,31,0,32,0,18,58,0,76,0,19,89,0,108,50,0,50,158
08/16/2022,GLS,TX,ASW,CE,Federal Contract Tower,0,5,9,0,14,0,12,37,0,49,0,17,46,0,63,10,0,10,73
08/17/2022,GLS,TX,ASW,CE,Federal Contract Tower,0,6,18,0,24,0,29,41,0,70,0,35,59,0,94,30,0,30,124
08/18/2022,GLS,TX,ASW,CE,Federal Contract Tower,0,5,6,2,13,0,15,35,0,50,0,20,41,2,63,56,0,56,119
08/19/2022,GLS,TX,ASW,CE,Federal Contract Tower,0,5,12,0,17,0,9,11,0,20,0,14,23,0,37,14,0,14,51
08/20/2022,GLS,TX,ASW,CE,Federal Contract Tower,0,0,10,0,10,0,5,22,0,27,0,5,32,0,37,44,0,44,81
08/21/2022,GLS,TX,ASW,CE,Federal Contract Tower,0,4,6,0,10,0,5,34,0,39,0,9,40,0,49,38,0,38,87
08/22/2022,GLS,TX,ASW,CE,Federal Contract Tower,0,0,8,0,8,0,9,14,0,23,0,9,22,0,31,10,0,10,41
08/23/2022,GLS,TX,ASW,CE,Federal Contract Tower,0,3,13,0,16,0,16,31,0,47,0,19,44,0,63,56,0,56,119
08/24/2022,GLS,TX,ASW,CE,Federal Contract Tower,0,1,7,0,8,0,14,6,0,20,0,15,13,0,28,16,0,16,44
08/25/2022,GLS,TX,ASW,CE,Federal Contract Tower,0,13,9,0,22,0,18,15,0,33,0,31,24,0,55,6,0,6,61
08/26/2022,GLS,TX,ASW,CE,Federal Contract Tower,0,4,15,0,19,0,9,26,2,37,0,13,41,2,56,38,18,56,112
08/27/2022,GLS,TX,ASW,CE,Federal Contract Tower,0,6,9,0,15,0,1,25,0,26,0,7,34,0,41,76,0,76,117
08/28/2022,GLS,TX,ASW,CE,Federal Contract Tower,0,6,10,0,16,0,0,53,1,54,0,6,63,1,70,88,2,90,160
08/29/2022,GLS,TX,ASW,CE,Federal Contract Tower,0,4,4,0,8,0,4,7,0,11,0,8,11,0,19,0,0,0,19
08/30/2022,GLS,TX,ASW,CE,Federal Contract Tower,0,3,16,0,19,0,12,26,0,38,0,15,42,0,57,48,0,48,105
08/31/2022,GLS,TX,ASW,CE,Federal Contract Tower,0,1,18,0,19,0,22,33,1,56,0,23,51,1,75,40,0,40,115
09/01/2022,GLS,TX,ASW,CE,Federal Contract Tower,0,8,12,0,20,0,15,31,0,46,0,23,43,0,66,32,0,32,98
09/02/2022,GLS,TX,ASW,CE,Federal Contract Tower,0,1,18,0,19,0,6,34,0,40,0,7,52,0,59,56,0,56,115
09/03/2022,GLS,TX,ASW,CE,Federal Contract Tower,0,0,15,0,15,0,0,19,0,19,0,0,34,0,34,48,0,48,82
09/04/2022,GLS,TX,ASW,CE,Federal Contract Tower,0,5,6,0,11,0,1,19,0,20,0,6,25,0,31,40,0,40,71
09/05/2022,GLS,TX,ASW,CE,Federal Contract Tower,0,0,10,0,10,0,10,49,0,59,0,10,59,0,69,70,0,70,139
09/06/2022,GLS,TX,ASW,CE,Federal Contract Tower,0,4,3,0,7,0,12,20,0,32,0,16,23,0,39,20,0,20,59
09/07/2022,GLS,TX,ASW,CE,Federal Contract Tower,0,6,15,0,21,0,14,66,0,80,0,20,81,0,101,86,0,86,187
09/08/2022,GLS,TX,ASW,CE,Federal Contract Tower,0,9,38,0,47,0,25,36,3,64,0,34,74,3,111,48,0,48,159
09/09/2022,GLS,TX,ASW,CE,Federal Contract Tower,0,4,31,0,35,0,13,45,2,60,0,17,76,2,95,94,8,102,197
09/10/2022,GLS,TX,ASW,CE,Federal Contract Tower,0,0,16,0,16,0,6,83,0,89,0,6,99,0,105,102,0,102,207
09/11/2022,GLS,TX,ASW,CE,Federal Contract Tower,0,3,12,0,15,0,11,63,0,74,0,14,75,0,89,76,18,94,183
09/12/2022,GLS,TX,ASW,CE,Federal Contract Tower,0,0,5,0,5,0,20,54,4,78,0,20,59,4,83,74,10,84,167
09/13/2022,GLS,TX,ASW,CE,Federal Contract Tower,0,4,9,2,15,0,29,40,0,69,0,33,49,2,84,60,0,60,144
09/14/2022,GLS,TX,ASW,CE,Federal Contract Tower,0,4,7,0,11,0,18,35,0,53,0,22,42,0,64,32,0,32,96
09/15/2022,GLS,TX,ASW,CE,Federal Contract Tower,0,4,11,3,18,0,14,24,1,39,0,18,35,4,57,44,0,44,101
09/16/2022,GLS,TX,ASW,CE,Federal Contract Tower,0,3,2,0,5,0,7,19,2,28,0,10,21,2,33,24,18,42,75
09/17/2022,GLS,TX,ASW,CE,Federal Contract Tower,0,0,15,0,15,0,6,56,0,62,0,6,71,0,77,100,4,104,181
09/18/2022,GLS,TX,ASW,CE,Federal Contract Tower,0,2,7,0,9,0,2,51,2,55,0,4,58,2,64,60,4,64,128
09/19/2022,GLS,TX,ASW,CE,Federal Contract Tower,0,3,1,6,10,0,19,37,0,56,0,22,38,6,66,26,0,26,92
09/20/2022,GLS,TX,ASW,CE,Federal Contract Tower,0,6,8,0,14,0,15,26,0,41,0,21,34,0,55,84,0,84,139
09/21/2022,GLS,TX,ASW,CE,Federal Contract Tower,0,2,5,0,7,0,23,49,0,72,0,25,54,0,79,76,0,76,155
09/22/2022,GLS,TX,ASW,CE,Federal Contract Tower,0,10,16,0,26,0,5,31,0,36,0,15,47,0,62,76,0,76,138
09/23/2022,GLS,TX,ASW,CE,Federal Contract Tower,0,6,33,0,39,0,19,31,0,50,0,25,64,0,89,56,0,56,145
09/24/2022,GLS,TX,ASW,CE,Federal Contract Tower,0,2,10,0,12,0,5,60,0,65,0,7,70,0,77,100,0,100,177
09/25/2022,GLS,TX,ASW,CE,Federal Contract Tower,0,4,6,2,12,0,8,47,0,55,0,12,53,2,67,72,0,72,139
09/26/2022,GLS,TX,ASW,CE,Federal Contract Tower,0,0,16,0,16,0,10,38,0,48,0,10,54,0,64,56,0,56,120
09/27/2022,GLS,TX,ASW,CE,Federal Contract Tower,0,6,10,0,16,0,14,23,2,39,0,20,33,2,55,14,6,20,75
09/28/2022,GLS,TX,ASW,CE,Federal Contract Tower,0,5,5,2,12,0,12,34,0,46,0,17,39,2,58,22,0,22,80
09/29/2022,GLS,TX,ASW,CE,Federal Contract Tower,0,4,4,0,8,0,10,32,0,42,0,14,36,0,50,62,0,62,112
09/30/2022,GLS,TX,ASW,CE,Federal Contract Tower,0,1,4,1,6,0,12,46,1,59,0,13,50,2,65,42,0,42,107
10/01/2022,GLS,TX,ASW,CE,Federal Contract Tower,0,4,12,0,16,0,11,43,0,54,0,15,55,0,70,74,4,78,148
10/02/2022,GLS,TX,ASW,CE,Federal Contract Tower,0,2,7,0,9,0,11,51,2,64,0,13,58,2,73,52,16,68,141
10/03/2022,GLS,TX,ASW,CE,Federal Contract Tower,0,0,11,0,11,0,15,45,0,60,0,15,56,0,71,60,0,60,131
10/04/2022,GLS,TX,ASW,CE,Federal Contract Tower,0,6,9,0,15,0,10,30,0,40,0,16,39,0,55,60,0,60,115
10/05/2022,GLS,TX,ASW,CE,Federal Contract Tower,0,0,22,0,22,0,15,38,0,53,0,15,60,0,75,56,0,56,131
10/06/2022,GLS,TX,ASW,CE,Federal Contract Tower,0,5,15,2,22,0,27,55,0,82,0,32,70,2,104,80,0,80,184
10/07/2022,GLS,TX,ASW,CE,Federal Contract Tower,0,5,13,0,18,0,13,43,2,58,0,18,56,2,76,68,8,76,152
10/08/2022,GLS,TX,ASW,CE,Federal Contract Tower,0,0,11,0,11,0,6,43,0,49,0,6,54,0,60,68,0,68,128
10/09/2022,GLS,TX,ASW,CE,Federal Contract Tower,0,7,8,0,15,0,24,88,0,112,0,31,96,0,127,64,0,64,191
10/10/2022,GLS,TX,ASW,CE,Federal Contract Tower,0,0,7,0,7,0,8,37,0,45,0,8,44,0,52,48,0,48,100
10/11/2022,GLS,TX,ASW,CE,Federal Contract Tower,0,6,9,2,17,0,14,30,0,44,0,20,39,2,61,70,0,70,131
10/12/2022,GLS,TX,ASW,CE,Federal Contract Tower,0,2,8,0,10,0,29,53,6,88,0,31,61,6,98,44,12,56,154
10/13/2022,GLS,TX,ASW,CE,Federal Contract Tower,0,4,9,0,13,0,10,23,4,37,0,14,32,4,50,56,4,60,110
10/14/2022,GLS,TX,ASW,CE,Federal Contract Tower,0,2,11,3,16,0,8,33,5,46,0,10,44,8,62,58,16,74,136
10/15/2022,GLS,TX,ASW,CE,Federal Contract Tower,0,2,10,1,13,0,6,54,3,63,0,8,64,4,76,118,4,122,198
10/16/2022,GLS,TX,ASW,CE,Federal Contract Tower,0,7,8,0,15,0,11,40,0,51,0,18,48,0,66,42,0,42,108
10/17/2022,GLS,TX,ASW,CE,Federal Contract Tower,0,11,7,0,18,0,7,12,0,19,0,18,19,0,37,12,0,12,49
10/18/2022,GLS,TX,ASW,CE,Federal Contract Tower,0,7,8,0,15,0,21,15,2,38,0,28,23,2,53,2,10,12,65
10/19/2022,GLS,TX,ASW,CE,Federal Contract Tower,0,6,7,0,13,0,13,38,4,55,0,19,45,4,68,52,6,58,126
10/20/2022,GLS,TX,ASW,CE,Federal Contract Tower,0,11,15,1,27,0,13,27,1,41,0,24,42,2,68,34,0,34,102
10/21/2022,GLS,TX,ASW,CE,Federal Contract Tower,0,3,6,0,9,0,13,33,2,48,0,16,39,2,57,46,6,52,109
10/22/2022,GLS,TX,ASW,CE,Federal Contract Tower,0,2,13,0,15,0,4,43,2,49,0,6,56,2,64,78,6,84,148
10/23/2022,GLS,TX,ASW,CE,Federal Contract Tower,0,9,6,0,15,0,7,39,0,46,0,16,45,0,61,56,6,62,123
10/24/2022,GLS,TX,ASW,CE,Federal Contract Tower,0,9,6,4,19,0,12,17,2,31,0,21,23,6,50,4,10,14,64
10/25/2022,GLS,TX,ASW,CE,Federal Contract Tower,0,5,1,0,6,0,10,16,0,26,0,15,17,0,32,2,0,2,34
10/26/2022,GLS,TX,ASW,CE,Federal Contract Tower,0,2,12,0,14,0,24,40,0,64,0,26,52,0,78,46,0,46,124
10/27/2022,GLS,TX,ASW,CE,Federal Contract Tower,0,5,16,0,21,0,16,51,2,69,0,21,67,2,90,48,0,48,138
10/28/2022,GLS,TX,ASW,CE,Federal Contract Tower,0,4,3,0,7,0,2,7,0,9,0,6,10,0,16,6,0,6,22
10/29/2022,GLS,TX,ASW,CE,Federal Contract Tower,0,5,6,0,11,0,14,24,0,38,0,19,30,0,49,54,0,54,103
10/30/2022,GLS,TX,ASW,CE,Federal Contract Tower,0,4,4,0,8,0,20,52,0,72,0,24,56,0,80,38,0,38,118
10/31/2022,GLS,TX,ASW,CE,Federal Contract Tower,0,4,5,0,9,0,19,64,0,83,0,23,69,0,92,80,0,80,172
11/01/2022,GLS,TX,ASW,CE,Federal Contract Tower,0,8,4,0,12,0,5,4,0,9,0,13,8,0,21,0,0,0,21
11/02/2022,GLS,TX,ASW,CE,Federal Contract Tower,0,2,13,1,16,0,25,33,7,65,0,27,46,8,81,30,0,30,111
11/03/2022,GLS,TX,ASW,CE,Federal Contract Tower,0,12,12,0,24,0,21,38,6,65,0,33,50,6,89,72,0,72,161
11/04/2022,GLS,TX,ASW,CE,Federal Contract Tower,0,0,16,2,18,0,5,33,1,39,0,5,49,3,57,24,0,24,81
11/05/2022,GLS,TX,ASW,CE,Federal Contract Tower,0,4,14,0,18,0,9,61,11,81,0,13,75,11,99,46,0,46,145
11/06/2022,GLS,TX,ASW,CE,Federal Contract Tower,0,7,17,0,24,0,4,59,0,63,0,11,76,0,87,56,0,56,143
11/07/2022,GLS,TX,ASW,CE,Federal Contract Tower,0,8,16,2,26,0,10,14,0,24,0,18,30,2,50,4,0,4,54
11/08/2022,GLS,TX,ASW,CE,Federal Contract Tower,0,6,11,0,17,0,19,45,0,64,0,25,56,0,81,82,0,82,163
11/09/2022,GLS,TX,ASW,CE,Federal Contract Tower,0,9,14,0,23,0,21,33,0,54,0,30,47,0,77,54,0,54,131
11/10/2022,GLS,TX,ASW,CE,Federal Contract Tower,0,5,18,3,26,0,24,48,2,74,0,29,66,5,100,74,4,78,178
11/11/2022,GLS,TX,ASW,CE,Federal Contract Tower,0,2,6,0,8,0,10,27,0,37,0,12,33,0,45,62,0,62,107
11/12/2022,GLS,TX,ASW,CE,Federal Contract Tower,0,2,9,0,11,0,4,18,1,23,0,6,27,1,34,8,0,8,42
11/13/2022,GLS,TX,ASW,CE,Federal Contract Tower,0,7,16,0,23,0,15,74,3,92,0,22,90,3,115,28,0,28,143
11/14/2022,GLS,TX,ASW,CE,Federal Contract Tower,0,4,3,8,15,0,8,7,2,17,0,12,10,10,32,2,0,2,34
11/15/2022,GLS,TX,ASW,CE,Federal Contract Tower,0,12,5,0,17,0,9,15,0,24,0,21,20,0,41,32,0,32,73
11/16/2022,GLS,TX,ASW,CE,Federal Contract Tower,0,3,12,1,16,0,19,24,3,46,0,22,36,4,62,28,0,28,90
11/17/2022,GLS,TX,ASW,CE,Federal Contract Tower,0,11,14,1,26,0,18,18,1,37,0,29,32,2,63,10,0,10,73
11/18/2022,GLS,TX,ASW,CE,Federal Contract Tower,0,3,10,0,13,0,19,35,1,55,0,22,45,1,68,34,42,76,144
11/19/2022,GLS,TX,ASW,CE,Federal Contract Tower,0,3,6,0,9,0,2,2,0,4,0,5,8,0,13,0,0,0,13
11/20/2022,GLS,TX,ASW,CE,Federal Contract Tower,0,1,10,0,11,0,20,57,0,77,0,21,67,0,88,76,0,76,164
11/21/2022,GLS,TX,ASW,CE,Federal Contract Tower,0,8,10,6,24,0,11,2,3,16,0,19,12,9,40,0,20,20,60
11/22/2022,GLS,TX,ASW,CE,Federal Contract Tower,0,4,7,2,13,0,6,12,0,18,0,10,19,2,31,8,0,8,39
11/23/2022,GLS,TX,ASW,CE,Federal Contract Tower,0,5,22,5,32,0,20,53,1,74,0,25,75,6,106,64,0,64,170
11/24/2022,GLS,TX,ASW,CE,Federal Contract Tower,0,12,0,0,12,0,0,0,0,0,0,12,0,0,12,0,0,0,12
11/25/2022,GLS,TX,ASW,CE,Federal Contract Tower,0,5,2,0,7,0,1,0,0,1,0,6,2,0,8,0,0,0,8
11/26/2022,GLS,TX,ASW,CE,Federal Contract Tower,0,7,3,0,10,0,8,26,2,36,0,15,29,2,46,18,2,20,66
11/27/2022,GLS,TX,ASW,CE,Federal Contract Tower,0,6,15,2,23,0,13,75,0,88,0,19,90,2,111,64,0,64,175
11/28/2022,GLS,TX,ASW,CE,Federal Contract Tower,0,5,12,0,17,0,26,68,0,94,0,31,80,0,111,78,0,78,189
11/29/2022,GLS,TX,ASW,CE,Federal Contract Tower,0,11,10,4,25,0,0,0,0,0,0,11,10,4,25,0,0,0,25
11/30/2022,GLS,TX,ASW,CE,Federal Contract Tower,0,11,5,0,16,0,24,27,2,53,0,35,32,2,69,24,0,24,93
12/01/2022,GLS,TX,ASW,CE,Federal Contract Tower,0,15,4,4,23,0,17,28,0,45,0,32,32,4,68,31,8,39,107
12/02/2022,GLS,TX,ASW,CE,Federal Contract Tower,0,3,18,0,21,0,7,8,0,15,0,10,26,0,36,8,0,8,44
12/03/2022,GLS,TX,ASW,CE,Federal Contract Tower,0,3,8,0,11,0,4,13,0,17,0,7,21,0,28,44,0,44,72
12/04/2022,GLS,TX,ASW,CE,Federal Contract Tower,0,8,15,0,23,0,2,0,0,2,0,10,15,0,25,0,0,0,25
12/05/2022,GLS,TX,ASW,CE,Federal Contract Tower,0,7,10,6,23,0,6,36,1,43,0,13,46,7,66,28,2,30,96
12/06/2022,GLS,TX,ASW,CE,Federal Contract Tower,0,9,23,1,33,0,20,47,9,76,0,29,70,10,109,76,20,96,205
12/07/2022,GLS,TX,ASW,CE,Federal Contract Tower,0,7,11,0,18,0,1,5,0,6,0,8,16,0,24,0,0,0,24
12/08/2022,GLS,TX,ASW,CE,Federal Contract Tower,0,9,7,0,16,0,5,9,0,14,0,14,16,0,30,18,0,18,48
12/09/2022,GLS,TX,ASW,CE,Federal Contract Tower,0,5,27,1,33,0,8,34,1,43,0,13,61,2,76,32,0,32,108
12/10/2022,GLS,TX,ASW,CE,Federal Contract Tower,0,1,14,0,15,0,4,24,0,28,0,5,38,0,43,20,0,20,63
12/11/2022,GLS,TX,ASW,CE,Federal Contract Tower,0,6,18,0,24,0,13,20,0,33,0,19,38,0,57,12,0,12,69
12/12/2022,GLS,TX,ASW,CE,Federal Contract Tower,0,14,12,8,34,0,8,6,0,14,0,22,18,8,48,0,0,0,48
12/13/2022,GLS,TX,ASW,CE,Federal Contract Tower,0,10,12,0,22,0,16,17,4,37,0,26,29,4,59,14,0,14,73
12/14/2022,GLS,TX,ASW,CE,Federal Contract Tower,0,4,8,1,13,0,15,23,5,43,0,19,31,6,56,18,2,20,76
12/15/2022,GLS,TX,ASW,CE,Federal Contract Tower,0,11,9,0,20,0,22,36,0,58,0,33,45,0,78,32,0,32,110
12/16/2022,GLS,TX,ASW,CE,Federal Contract Tower,0,4,20,0,24,0,9,50,2,61,0,13,70,2,85,78,0,78,163
12/17/2022,GLS,TX,ASW,CE,Federal Contract Tower,0,2,13,2,17,0,7,38,2,47,0,9,51,4,64,12,0,12,76
12/18/2022,GLS,TX,ASW,CE,Federal Contract Tower,0,7,20,0,27,0,10,55,0,65,0,17,75,0,92,64,0,64,156
12/19/2022,GLS,TX,ASW,CE,Federal Contract Tower,0,4,5,2,11,0,13,10,0,23,0,17,15,2,34,2,0,2,36
12/20/2022,GLS,TX,ASW,CE,Federal Contract Tower,0,9,20,0,29,0,5,4,0,9,0,14,24,0,38,0,0,0,38
12/21/2022,GLS,TX,ASW,CE,Federal Contract Tower,0,10,12,8,30,0,16,16,0,32,0,26,28,8,62,20,0,20,82
12/22/2022,GLS,TX,ASW,CE,Federal Contract Tower,0,11,11,0,22,0,8,11,0,19,0,19,22,0,41,10,0,10,51
12/23/2022,GLS,TX,ASW,CE,Federal Contract Tower,0,3,9,0,12,0,0,9,0,9,0,3,18,0,21,8,0,8,29
12/24/2022,GLS,TX,ASW,CE,Federal Contract Tower,0,0,8,0,8,0,2,23,0,25,0,2,31,0,33,34,0,34,67
12/25/2022,GLS,TX,ASW,CE,Federal Contract Tower,0,0,0,0,0,0,22,9,0,31,0,22,9,0,31,6,0,6,37
12/26/2022,GLS,TX,ASW,CE,Federal Contract Tower,0,4,9,0,13,0,24,42,4,70,0,28,51,4,83,40,18,58,141
12/27/2022,GLS,TX,ASW,CE,Federal Contract Tower,0,10,11,2,23,0,13,49,0,62,0,23,60,2,85,18,0,18,103
12/28/2022,GLS,TX,ASW,CE,Federal Contract Tower,0,9,8,0,17,0,12,51,0,63,0,21,59,0,80,58,0,58,138
12/30/2022,GLS,TX,ASW,CE,Federal Contract Tower,0,10,15,0,25,0,5,49,0,54,0,15,64,0,79,20,0,20,99
12/31/2022,GLS,TX,ASW,CE,Federal Contract Tower,0,0,17,0,17,0,9,22,0,31,0,9,39,0,48,0,0,0,48
01/01/2023,GLS,TX,ASW,CE,Federal Contract Tower,0,2,1,0,3,0,0,0,0,0,0,2,1,0,3,0,0,0,3
01/02/2023,GLS,TX,ASW,CE,Federal Contract Tower,0,5,11,0,16,0,0,0,0,0,0,5,11,0,16,0,0,0,16
01/03/2023,GLS,TX,ASW,CE,Federal Contract Tower,0,13,4,0,17,0,3,10,0,13,0,16,14,0,30,2,0,2,32
01/04/2023,GLS,TX,ASW,CE,Federal Contract Tower,0,4,17,3,24,0,20,62,1,83,0,24,79,4,107,58,0,58,165
01/05/2023,GLS,TX,ASW,CE,Federal Contract Tower,0,5,21,0,26,0,16,32,2,50,0,21,53,2,76,20,0,20,96
01/06/2023,GLS,TX,ASW,CE,Federal Contract Tower,0,2,28,8,38,0,17,53,4,74,0,19,81,12,112,48,24,72,184
01/07/2023,GLS,TX,ASW,CE,Federal Contract Tower,0,3,18,0,21,0,7,37,0,44,0,10,55,0,65,46,0,46,111
01/08/2023,GLS,TX,ASW,CE,Federal Contract Tower,0,3,1,0,4,0,6,12,0,18,0,9,13,0,22,2,2,4,26
01/09/2023,GLS,TX,ASW,CE,Federal Contract Tower,0,6,12,8,26,0,15,33,0,48,0,21,45,8,74,28,0,28,102
01/10/2023,GLS,TX,ASW,CE,Federal Contract Tower,0,8,28,6,42,0,5,5,0,10,0,13,33,6,52,0,0,0,52
01/11/2023,GLS,TX,ASW,CE,Federal Contract Tower,0,4,13,0,17,0,15,20,0,35,0,19,33,0,52,26,0,26,78
01/12/2023,GLS,TX,ASW,CE,Federal Contract Tower,0,8,13,0,21,0,6,26,0,32,0,14,39,0,53,12,0,12,65
01/13/2023,GLS,TX,ASW,CE,Federal Contract Tower,0,2,20,0,22,0,15,86,2,103,0,17,106,2,125,34,6,40,165
01/14/2023,GLS,TX,ASW,CE,Federal Contract Tower,0,3,12,0,15,0,7,119,0,126,0,10,131,0,141,74,0,74,215
01/15/2023,GLS,TX,ASW,CE,Federal Contract Tower,0,3,13,0,16,0,5,32,1,38,0,8,45,1,54,40,0,40,94
01/16/2023,GLS,TX,ASW,CE,Federal Contract Tower,0,3,19,1,23,0,19,39,0,58,0,22,58,1,81,18,0,18,99
01/17/2023,GLS,TX,ASW,CE,Federal Contract Tower,0,15,10,0,25,0,0,0,0,0,0,15,10,0,25,0,0,0,25
01/18/2023,GLS,TX,ASW,CE,Federal Contract Tower,0,11,11,3,25,0,12,12,1,25,0,23,23,4,50,10,0,10,60
01/19/2023,GLS,TX,ASW,CE,Federal Contract Tower,0,11,24,0,35,0,25,72,0,97,0,36,96,0,132,90,0,90,222
01/20/2023,GLS,TX,ASW,CE,Federal Contract Tower,0,7,17,0,24,0,12,23,0,35,0,19,40,0,59,4,0,4,63
01/21/2023,GLS,TX,ASW,CE,Federal Contract Tower,0,0,4,0,4,0,2,2,0,4,0,2,6,0,8,0,0,0,8
01/22/2023,GLS,TX,ASW,CE,Federal Contract Tower,0,5,11,0,16,0,15,105,2,122,0,20,116,2,138,136,0,136,274
01/23/2023,GLS,TX,ASW,CE,Federal Contract Tower,0,5,11,2,18,0,27,46,0,73,0,32,57,2,91,6,0,6,97
01/24/2023,GLS,TX,ASW,CE,Federal Contract Tower,0,4,5,0,9,0,0,0,0,0,0,4,5,0,9,0,0,0,9
01/25/2023,GLS,TX,ASW,CE,Federal Contract Tower,0,4,12,2,18,0,17,35,0,52,0,21,47,2,70,30,0,30,100
01/26/2023,GLS,TX,ASW,CE,Federal Contract Tower,0,7,15,0,22,0,14,54,2,70,0,21,69,2,92,46,6,52,144
01/27/2023,GLS,TX,ASW,CE,Federal Contract Tower,0,2,15,0,17,0,10,59,0,69,0,12,74,0,86,94,0,94,180
01/28/2023,GLS,TX,ASW,CE,Federal Contract Tower,0,2,7,1,10,0,6,7,1,14,0,8,14,2,24,20,10,30,54
01/29/2023,GLS,TX,ASW,CE,Federal Contract Tower,0,5,5,0,10,0,4,2,0,6,0,9,7,0,16,0,0,0,16
01/30/2023,GLS,TX,ASW,CE,Federal Contract Tower,0,10,0,0,10,0,0,0,0,0,0,10,0,0,10,0,0,0,10
01/31/2023,GLS,TX,ASW,CE,Federal Contract Tower,0,10,1,0,11,0,0,0,0,0,0,10,1,0,11,0,0,0,11
02/01/2023,GLS,TX,ASW,CE,Federal Contract Tower,0,12,2,0,14,0,0,0,0,0,0,12,2,0,14,0,0,0,14
02/02/2023,GLS,TX,ASW,CE,Federal Contract Tower,0,12,4,0,16,0,0,0,0,0,0,12,4,0,16,0,0,0,16
02/03/2023,GLS,TX,ASW,CE,Federal Contract Tower,0,4,14,2,20,0,8,35,0,43,0,12,49,2,63,50,4,54,117
02/04/2023,GLS,TX,ASW,CE,Federal Contract Tower,0,2,18,0,20,0,31,121,0,152,0,33,139,0,172,122,0,122,294
02/05/2023,GLS,TX,ASW,CE,Federal Contract Tower,0,6,9,0,15,0,9,96,0,105,0,15,105,0,120,116,0,116,236
02/06/2023,GLS,TX,ASW,CE,Federal Contract Tower,0,6,15,0,21,0,11,50,0,61,0,17,65,0,82,84,0,84,166
02/07/2023,GLS,TX,ASW,CE,Federal Contract Tower,0,9,18,0,27,0,13,14,0,27,0,22,32,0,54,50,0,50,104
02/08/2023,GLS,TX,ASW,CE,Federal Contract Tower,0,8,7,0,15,0,0,0,0,0,0,8,7,0,15,0,0,0,15
02/09/2023,GLS,TX,ASW,CE,Federal Contract Tower,0,15,14,10,39,0,13,67,3,83,0,28,81,13,122,64,16,80,202
02/10/2023,GLS,TX,ASW,CE,Federal Contract Tower,0,4,12,1,17,0,15,31,3,49,0,19,43,4,66,46,4,50,116
02/11/2023,GLS,TX,ASW,CE,Federal Contract Tower,0,1,11,0,12,0,8,32,2,42,0,9,43,2,54,62,2,64,118
02/12/2023,GLS,TX,ASW,CE,Federal Contract Tower,0,5,11,0,16,0,8,135,0,143,0,13,146,0,159,162,0,162,321
02/14/2023,GLS,TX,ASW,CE,Federal Contract Tower,0,4,5,0,9,0,0,10,0,10,0,4,15,0,19,18,0,18,37
02/15/2023,GLS,TX,ASW,CE,Federal Contract Tower,0,4,22,2,28,0,4,3,0,7,0,8,25,2,35,0,0,0,35
02/16/2023,GLS,TX,ASW,CE,Federal Contract Tower,0,6,7,0,13,0,9,14,0,23,0,15,21,0,36,0,0,0,36
02/17/2023,GLS,TX,ASW,CE,Federal Contract Tower,0,4,12,0,16,0,23,32,0,55,0,27,44,0,71,8,0,8,79
02/18/2023,GLS,TX,ASW,CE,Federal Contract Tower,0,2,21,4,27,0,6,71,1,78,0,8,92,5,105,86,0,86,191
02/19/2023,GLS,TX,ASW,CE,Federal Contract Tower,0,5,30,0,35,0,24,108,0,132,0,29,138,0,167,50,0,50,217
02/20/2023,GLS,TX,ASW,CE,Federal Contract Tower,0,8,12,0,20,0,12,25,1,38,0,20,37,1,58,10,2,12,70
02/21/2023,GLS,TX,ASW,CE,Federal Contract Tower,0,7,10,0,17,0,1,4,0,5,0,8,14,0,22,10,0,10,32
02/22/2023,GLS,TX,ASW,CE,Federal Contract Tower,0,5,6,0,11,0,0,0,0,0,0,5,6,0,11,0,0,0,11
02/23/2023,GLS,TX,ASW,CE,Federal Contract Tower,0,8,13,2,23,0,0,0,0,0,0,8,13,2,23,0,0,0,23
02/26/2023,GLS,TX,ASW,CE,Federal Contract Tower,0,8,14,0,22,0,12,59,0,71,0,20,73,0,93,44,0,44,137
02/27/2023,GLS,TX,ASW,CE,Federal Contract Tower,0,5,18,5,28,0,20,55,0,75,0,25,73,5,103,64,0,64,167
02/28/2023,GLS,TX,ASW,CE,Federal Contract Tower,0,6,10,2,18,0,0,7,0,7,0,6,17,2,25,40,0,40,65
03/01/2023,GLS,TX,ASW,CE,Federal Contract Tower,0,7,11,0,18,0,4,11,0,15,0,11,22,0,33,12,0,12,45
03/02/2023,GLS,TX,ASW,CE,Federal Contract Tower,0,6,9,3,18,0,8,17,10,35,0,14,26,13,53,6,16,22,75
03/03/2023,GLS,TX,ASW,CE,Federal Contract Tower,0,3,17,0,20,0,8,45,2,55,0,11,62,2,75,46,0,46,121
03/04/2023,GLS,TX,ASW,CE,Federal Contract Tower,0,4,10,0,14,0,6,108,0,114,0,10,118,0,128,126,0,126,254
03/05/2023,GLS,TX,ASW,CE,Federal Contract Tower,0,6,20,0,26,0,11,100,0,111,0,17,120,0,137,86,0,86,223
03/06/2023,GLS,TX,ASW,CE,Federal Contract Tower,0,7,15,1,23,0,5,16,2,23,0,12,31,3,46,16,0,16,62
03/07/2023,GLS,TX,ASW,CE,Federal Contract Tower,0,4,16,0,20,0,2,25,0,27,0,6,41,0,47,20,0,20,67
03/08/2023,GLS,TX,ASW,CE,Federal Contract Tower,0,6,22,0,28,0,1,16,0,17,0,7,38,0,45,4,0,4,49
03/09/2023,GLS,TX,ASW,CE,Federal Contract Tower,0,8,23,0,31,0,2,3,2,7,0,10,26,2,38,0,0,0,38
03/10/2023,GLS,TX,ASW,CE,Federal Contract Tower,0,12,28,0,40,0,6,69,2,77,0,18,97,2,117,66,4,70,187
03/11/2023,GLS,TX,ASW,CE,Federal Contract Tower,0,2,20,2,24,0,5,50,1,56,0,7,70,3,80,38,0,38,118
03/12/2023,GLS,TX,ASW,CE,Federal Contract Tower,0,2,16,0,18,0,5,85,2,92,0,7,101,2,110,50,2,52,162
03/13/2023,GLS,TX,ASW,CE,Federal Contract Tower,0,5,3,4,12,0,13,72,0,85,0,18,75,4,97,16,10,26,123
03/14/2023,GLS,TX,ASW,CE,Federal Contract Tower,0,3,13,0,16,0,7,45,0,52,0,10,58,0,68,56,0,56,124
03/15/2023,GLS,TX,ASW,CE,Federal Contract Tower,0,4,18,3,25,0,22,66,3,91,0,26,84,6,116,72,16,88,204
03/16/2023,GLS,TX,ASW,CE,Federal Contract Tower,0,3,10,6,19,0,18,44,0,62,0,21,54,6,81,14,2,16,97
03/17/2023,GLS,TX,ASW,CE,Federal Contract Tower,0,4,7,0,11,0,4,7,0,11,0,8,14,0,22,6,0,6,28
03/18/2023,GLS,TX,ASW,CE,Federal Contract Tower,0,0,9,1,10,0,7,47,5,59,0,7,56,6,69,36,6,42,111
03/19/2023,GLS,TX,ASW,CE,Federal Contract Tower,0,4,14,0,18,0,7,73,0,80,0,11,87,0,98,38,0,38,136
03/20/2023,GLS,TX,ASW,CE,Federal Contract Tower,0,0,6,0,6,0,15,71,0,86,0,15,77,0,92,60,0,60,152
03/21/2023,GLS,TX,ASW,CE,Federal Contract Tower,0,2,9,0,11,0,17,29,3,49,0,19,38,3,60,64,0,64,124
03/22/2023,GLS,TX,ASW,CE,Federal Contract Tower,0,0,9,2,11,0,23,49,5,77,0,23,58,7,88,96,14,110,198
03/23/2023,GLS,TX,ASW,CE,Federal Contract Tower,0,8,15,2,25,0,19,37,0,56,0,27,52,2,81,56,0,56,137
03/24/2023,GLS,TX,ASW,CE,Federal Contract Tower,0,5,15,4,24,0,9,2,2,13,0,14,17,6,37,8,0,8,45
03/25/2023,GLS,TX,ASW,CE,Federal Contract Tower,0,2,14,0,16,0,9,135,2,146,0,11,149,2,162,150,0,150,312
03/26/2023,GLS,TX,ASW,CE,Federal Contract Tower,0,4,16,0,20,0,0,10,0,10,0,4,26,0,30,0,0,0,30
03/27/2023,GLS,TX,ASW,CE,Federal Contract Tower,0,10,5,2,17,0,0,0,0,0,0,10,5,2,17,0,0,0,17
03/28/2023,GLS,TX,ASW,CE,Federal Contract Tower,0,3,15,0,18,0,14,11,2,27,0,17,26,2,45,4,8,12,57
03/29/2023,GLS,TX,ASW,CE,Federal Contract Tower,0,6,5,0,11,0,15,34,0,49,0,21,39,0,60,40,0,40,100
03/30/2023,GLS,TX,ASW,CE,Federal Contract Tower,0,4,24,4,32,0,8,10,0,18,0,12,34,4,50,4,0,4,54
03/31/2023,GLS,TX,ASW,CE,Federal Contract Tower,0,11,9,4,24,0,4,2,0,6,0,15,11,4,30,0,0,0,30
04/01/2023,GLS,TX,ASW,CE,Federal Contract Tower,0,4,20,0,24,0,5,65,4,74,0,9,85,4,98,68,6,74,172
04/02/2023,GLS,TX,ASW,CE,Federal Contract Tower,0,15,19,0,34,0,0,7,0,7,0,15,26,0,41,0,0,0,41
04/03/2023,GLS,TX,ASW,CE,Federal Contract Tower,0,6,15,6,27,0,0,16,0,16,0,6,31,6,43,12,0,12,55
04/04/2023,GLS,TX,ASW,CE,Federal Contract Tower,0,11,17,4,32,0,0,0,0,0,0,11,17,4,32,0,0,0,32
04/05/2023,GLS,TX,ASW,CE,Federal Contract Tower,0,4,7,0,11,0,4,13,0,17,0,8,20,0,28,34,0,34,62
04/06/2023,GLS,TX,ASW,CE,Federal Contract Tower,0,12,4,0,16,0,0,0,0,0,0,12,4,0,16,12,0,12,28
04/07/2023,GLS,TX,ASW,CE,Federal Contract Tower,0,6,4,0,10,0,0,0,0,0,0,6,4,0,10,0,0,0,10
04/09/2023,GLS,TX,ASW,CE,Federal Contract Tower,0,5,13,0,18,0,6,68,1,75,0,11,81,1,93,50,0,50,143
04/10/2023,GLS,TX,ASW,CE,Federal Contract Tower,0,3,21,0,24,0,5,39,0,44,0,8,60,0,68,24,0,24,92
04/11/2023,GLS,TX,ASW,CE,Federal Contract Tower,0,7,3,0,10,0,14,45,2,61,0,21,48,2,71,78,8,86,157
04/12/2023,GLS,TX,ASW,CE,Federal Contract Tower,0,0,25,1,26,0,19,75,1,95,0,19,100,2,121,77,0,77,198
04/13/2023,GLS,TX,ASW,CE,Federal Contract Tower,0,2,25,0,27,0,16,78,0,94,0,18,103,0,121,112,0,112,233
04/14/2023,GLS,TX,ASW,CE,Federal Contract Tower,0,4,38,6,48,0,11,69,0,80,0,15,107,6,128,74,0,74,202
04/15/2023,GLS,TX,ASW,CE,Federal Contract Tower,0,1,18,0,19,0,0,44,0,44,0,1,62,0,63,54,0,54,117
04/16/2023,GLS,TX,ASW,CE,Federal Contract Tower,0,4,15,5,24,0,11,88,1,100,0,15,103,6,124,84,0,84,208
04/17/2023,GLS,TX,ASW,CE,Federal Contract Tower,0,13,9,0,22,0,24,68,0,92,0,37,77,0,114,74,0,74,188
04/18/2023,GLS,TX,ASW,CE,Federal Contract Tower,0,2,15,2,19,0,10,43,0,53,0,12,58,2,72,110,0,110,182
04/19/2023,GLS,TX,ASW,CE,Federal Contract Tower,0,4,19,0,23,0,16,86,0,102,0,20,105,0,125,160,0,160,285
04/20/2023,GLS,TX,ASW,CE,Federal Contract Tower,0,7,15,2,24,0,11,27,0,38,0,18,42,2,62,50,2,52,114
04/21/2023,GLS,TX,ASW,CE,Federal Contract Tower,0,2,15,0,17,0,10,30,0,40,0,12,45,0,57,66,0,66,123
04/22/2023,GLS,TX,ASW,CE,Federal Contract Tower,0,4,10,0,14,0,9,94,0,103,0,13,104,0,117,58,0,58,175
04/23/2023,GLS,TX,ASW,CE,Federal Contract Tower,0,2,9,0,11,0,7,13,0,20,0,9,22,0,31,0,0,0,31
04/24/2023,GLS,TX,ASW,CE,Federal Contract Tower,0,11,4,0,15,0,11,64,0,75,0,22,68,0,90,50,6,56,146
04/25/2023,GLS,TX,ASW,CE,Federal Contract Tower,0,11,5,0,16,0,29,44,4,77,0,40,49,4,93,48,0,48,141
04/26/2023,GLS,TX,ASW,CE,Federal Contract Tower,0,10,14,0,24,0,20,42,0,62,0,30,56,0,86,50,0,50,136
04/27/2023,GLS,TX,ASW,CE,Federal Contract Tower,0,7,11,0,18,0,4,30,0,34,0,11,41,0,52,62,0,62,114
04/28/2023,GLS,TX,ASW,CE,Federal Contract Tower,0,6,11,0,17,0,6,61,2,69,0,12,72,2,86,66,14,80,166
04/29/2023,GLS,TX,ASW,CE,Federal Contract Tower,0,8,4,0,12,0,8,7,0,15,0,16,11,0,27,4,0,4,31
04/30/2023,GLS,TX,ASW,CE,Federal Contract Tower,0,9,13,0,22,0,1,151,0,152,0,10,164,0,174,78,0,78,252
05/01/2023,GLS,TX,ASW,CE,Federal Contract Tower,0,13,6,3,22,0,13,77,0,90,0,26,83,3,112,88,0,88,200
05/02/2023,GLS,TX,ASW,CE,Federal Contract Tower,0,9,21,0,30,0,15,33,0,48,0,24,54,0,78,32,0,32,110
05/03/2023,GLS,TX,ASW,CE,Federal Contract Tower,0,7,13,2,22,0,15,33,0,48,0,22,46,2,70,56,0,56,126
05/04/2023,GLS,TX,ASW,CE,Federal Contract Tower,0,2,13,0,15,0,19,31,0,50,0,21,44,0,65,22,0,22,87
05/05/2023,GLS,TX,ASW,CE,Federal Contract Tower,0,18,23,0,41,0,5,16,0,21,0,23,39,0,62,50,0,50,112
05/06/2023,GLS,TX,ASW,CE,Federal Contract Tower,0,6,29,0,35,0,1,15,0,16,0,7,44,0,51,40,0,40,91
05/07/2023,GLS,TX,ASW,CE,Federal Contract Tower,0,9,8,0,17,0,2,13,0,15,0,11,21,0,32,0,0,0,32
05/08/2023,GLS,TX,ASW,CE,Federal Contract Tower,0,8,7,0,15,0,0,22,0,22,0,8,29,0,37,8,0,8,45
05/09/2023,GLS,TX,ASW,CE,Federal Contract Tower,0,7,1,0,8,0,2,5,2,9,0,9,6,2,17,60,0,60,77
05/10/2023,GLS,TX,ASW,CE,Federal Contract Tower,0,6,2,0,8,0,9,9,0,18,0,15,11,0,26,4,0,4,30
05/11/2023,GLS,TX,ASW,CE,Federal Contract Tower,0,5,20,0,25,0,1,19,2,22,0,6,39,2,47,36,18,54,101
05/12/2023,GLS,TX,ASW,CE,Federal Contract Tower,0,11,22,2,35,0,4,12,2,18,0,15,34,4,53,62,6,68,121
05/13/2023,GLS,TX,ASW,CE,Federal Contract Tower,0,3,2,1,6,0,2,14,0,16,0,5,16,1,22,0,0,0,22
05/14/2023,GLS,TX,ASW,CE,Federal Contract Tower,0,6,9,0,15,0,4,8,0,12,0,10,17,0,27,2,0,2,29
05/15/2023,GLS,TX,ASW,CE,Federal Contract Tower,0,6,8,2,16,0,7,29,2,38,0,13,37,4,54,44,22,66,120
05/16/2023,GLS,TX,ASW,CE,Federal Contract Tower,0,9,9,0,18,0,16,53,2,71,0,25,62,2,89,36,4,40,129
05/17/2023,GLS,TX,ASW,CE,Federal Contract Tower,0,4,14,0,18,0,12,60,0,72,0,16,74,0,90,86,0,86,176
05/18/2023,GLS,TX,ASW,CE,Federal Contract Tower,0,11,4,0,15,0,19,70,0,89,0,30,74,0,104,58,0,58,162
05/19/2023,GLS,TX,ASW,CE,Federal Contract Tower,0,11,14,1,26,0,9,60,3,72,0,20,74,4,98,22,0,22,120
05/20/2023,GLS,TX,ASW,CE,Federal Contract Tower,0,6,19,0,25,0,9,73,2,84,0,15,92,2,109,112,0,112,221
05/21/2023,GLS,TX,ASW,CE,Federal Contract Tower,0,5,9,0,14,0,13,42,0,55,0,18,51,0,69,10,0,10,79
05/22/2023,GLS,TX,ASW,CE,Federal Contract Tower,0,7,12,0,19,0,10,67,0,77,0,17,79,0,96,76,0,76,172
05/23/2023,GLS,TX,ASW,CE,Federal Contract Tower,0,4,11,4,19,0,8,52,2,62,0,12,63,6,81,62,0,62,143
05/24/2023,GLS,TX,ASW,CE,Federal Contract Tower,0,5,9,6,20,0,15,51,0,66,0,20,60,6,86,66,0,66,152
05/25/2023,GLS,TX,ASW,CE,Federal Contract Tower,0,5,19,0,24,0,12,50,0,62,0,17,69,0,86,92,0,92,178
05/26/2023,GLS,TX,ASW,CE,Federal Contract Tower,0,8,19,2,29,0,8,81,1,90,0,16,100,3,119,118,0,118,237
05/27/2023,GLS,TX,ASW,CE,Federal Contract Tower,0,1,13,0,14,0,9,48,2,59,0,10,61,2,73,83,0,83,156
05/28/2023,GLS,TX,ASW,CE,Federal Contract Tower,0,7,5,0,12,0,12,63,0,75,0,19,68,0,87,78,0,78,165
05/29/2023,GLS,TX,ASW,CE,Federal Contract Tower,0,4,13,0,17,0,6,53,4,63,0,10,66,4,80,76,0,76,156
05/30/2023,GLS,TX,ASW,CE,Federal Contract Tower,0,3,12,0,15,0,7,34,0,41,0,10,46,0,56,44,0,44,100
05/31/2023,GLS,TX,ASW,CE,Federal Contract Tower,0,4,8,2,14,0,8,36,0,44,0,12,44,2,58,64,0,64,122
06/01/2023,GLS,TX,ASW,CE,Federal Contract Tower,0,7,38,2,47,0,11,39,2,52,0,18,77,4,99,78,8,86,185
06/02/2023,GLS,TX,ASW,CE,Federal Contract Tower,0,5,21,6,32,0,7,46,2,55,0,12,67,8,87,53,2,55,142
06/03/2023,GLS,TX,ASW,CE,Federal Contract Tower,0,0,11,0,11,0,4,60,2,66,0,4,71,2,77,56,4,60,137
06/04/2023,GLS,TX,ASW,CE,Federal Contract Tower,0,6,13,0,19,0,2,33,0,35,0,8,46,0,54,82,0,82,136
06/05/2023,GLS,TX,ASW,CE,Federal Contract Tower,0,3,6,2,11,0,12,19,0,31,0,15,25,2,42,8,0,8,50
06/06/2023,GLS,TX,ASW,CE,Federal Contract Tower,0,9,6,0,15,0,12,28,2,42,0,21,34,2,57,32,0,32,89
06/07/2023,GLS,TX,ASW,CE,Federal Contract Tower,0,5,13,0,18,0,19,45,0,64,0,24,58,0,82,74,0,74,156
06/08/2023,GLS,TX,ASW,CE,Federal Contract Tower,0,4,17,0,21,0,19,57,0,76,0,23,74,0,97,62,0,62,159
06/09/2023,GLS,TX,ASW,CE,Federal Contract Tower,0,5,20,0,25,0,17,29,0,46,0,22,49,0,71,102,0,102,173
06/10/2023,GLS,TX,ASW,CE,Federal Contract Tower,0,0,12,4,16,0,16,71,0,87,0,16,83,4,103,98,22,120,223
06/11/2023,GLS,TX,ASW,CE,Federal Contract Tower,0,2,34,5,41,0,9,91,4,104,0,11,125,9,145,100,8,108,253
06/12/2023,GLS,TX,ASW,CE,Federal Contract Tower,0,3,21,0,24,0,12,40,0,52,0,15,61,0,76,58,0,58,134
06/13/2023,GLS,TX,ASW,CE,Federal Contract Tower,0,1,11,0,12,0,22,57,0,79,0,23,68,0,91,82,0,82,173
06/14/2023,GLS,TX,ASW,CE,Federal Contract Tower,0,6,9,7,22,0,15,31,3,49,0,21,40,10,71,18,0,18,89
06/15/2023,GLS,TX,ASW,CE,Federal Contract Tower,0,7,9,2,18,0,12,36,0,48,0,19,45,2,66,38,0,38,104
06/16/2023,GLS,TX,ASW,CE,Federal Contract Tower,0,11,17,0,28,0,6,37,2,45,0,17,54,2,73,82,0,82,155
06/17/2023,GLS,TX,ASW,CE,Federal Contract Tower,0,2,10,0,12,0,12,57,0,69,0,14,67,0,81,82,0,82,163
06/18/2023,GLS,TX,ASW,CE,Federal Contract Tower,0,6,24,0,30,0,12,58,0,70,0,18,82,0,100,6,0,6,106
06/19/2023,GLS,TX,ASW,CE,Federal Contract Tower,0,7,13,0,20,0,19,58,0,77,0,26,71,0,97,68,0,68,165
06/20/2023,GLS,TX,ASW,CE,Federal Contract Tower,0,5,21,0,26,0,11,41,0,52,0,16,62,0,78,100,0,100,178
06/21/2023,GLS,TX,ASW,CE,Federal Contract Tower,0,3,16,0,19,0,25,37,0,62,0,28,53,0,81,70,0,70,151
06/22/2023,GLS,TX,ASW,CE,Federal Contract Tower,0,8,9,0,17,0,11,47,0,58,0,19,56,0,75,48,0,48,123
06/23/2023,GLS,TX,ASW,CE,Federal Contract Tower,0,5,17,3,25,0,6,29,0,35,0,11,46,3,60,60,0,60,120
06/24/2023,GLS,TX,ASW,CE,Federal Contract Tower,0,1,12,0,13,0,4,43,0,47,0,5,55,0,60,120,0,120,180
06/25/2023,GLS,TX,ASW,CE,Federal Contract Tower,0,7,19,0,26,0,11,114,0,125,0,18,133,0,151,50,0,50,201
06/26/2023,GLS,TX,ASW,CE,Federal Contract Tower,0,1,13,0,14,0,10,52,2,64,0,11,65,2,78,40,6,46,124
06/27/2023,GLS,TX,ASW,CE,Federal Contract Tower,0,9,10,0,19,0,3,40,0,43,0,12,50,0,62,64,0,64,126
06/28/2023,GLS,TX,ASW,CE,Federal Contract Tower,0,6,14,2,22,0,8,61,0,69,0,14,75,2,91,86,0,86,177
06/29/2023,GLS,TX,ASW,CE,Federal Contract Tower,0,13,10,0,23,0,18,36,0,54,0,31,46,0,77,34,0,34,111
06/30/2023,GLS,TX,ASW,CE,Federal Contract Tower,0,6,25,1,32,0,9,57,1,67,0,15,82,2,99,50,0,50,149
07/01/2023,GLS,TX,ASW,CE,Federal Contract Tower,0,11,18,0,29,0,9,38,0,47,0,20,56,0,76,44,0,44,120
07/02/2023,GLS,TX,ASW,CE,Federal Contract Tower,0,5,11,1,17,0,3,69,2,74,0,8,80,3,91,89,0,89,180
07/03/2023,GLS,TX,ASW,CE,Federal Contract Tower,0,7,2,0,9,0,3,61,4,68,0,10,63,4,77,80,8,88,165
07/04/2023,GLS,TX,ASW,CE,Federal Contract Tower,0,10,8,0,18,0,10,58,0,68,0,20,66,0,86,36,0,36,122
07/05/2023,GLS,TX,ASW,CE,Federal Contract Tower,0,6,5,0,11,0,15,38,0,53,0,21,43,0,64,38,0,38,102
07/06/2023,GLS,TX,ASW,CE,Federal Contract Tower,0,10,9,0,19,0,9,18,0,27,0,19,27,0,46,6,0,6,52
07/07/2023,GLS,TX,ASW,CE,Federal Contract Tower,0,6,4,0,10,0,3,17,0,20,0,9,21,0,30,14,0,14,44
07/08/2023,GLS,TX,ASW,CE,Federal Contract Tower,0,2,11,0,13,0,5,42,0,47,0,7,53,0,60,40,0,40,100
07/09/2023,GLS,TX,ASW,CE,Federal Contract Tower,0,13,12,0,25,0,3,60,2,65,0,16,72,2,90,36,8,44,134
07/10/2023,GLS,TX,ASW,CE,Federal Contract Tower,0,9,18,6,33,0,19,50,0,69,0,28,68,6,102,42,0,42,144
07/11/2023,GLS,TX,ASW,CE,Federal Contract Tower,0,4,4,2,10,0,4,31,0,35,0,8,35,2,45,38,0,38,83
07/12/2023,GLS,TX,ASW,CE,Federal Contract Tower,0,9,10,1,20,0,12,33,0,45,0,21,43,1,65,48,0,48,113
07/13/2023,GLS,TX,ASW,CE,Federal Contract Tower,0,10,20,0,30,0,3,59,0,62,0,13,79,0,92,46,0,46,138
07/14/2023,GLS,TX,ASW,CE,Federal Contract Tower,0,10,15,3,28,0,6,28,1,35,0,16,43,4,63,34,0,34,97
07/15/2023,GLS,TX,ASW,CE,Federal Contract Tower,0,8,24,0,32,0,8,75,0,83,0,16,99,0,115,74,0,74,189
07/16/2023,GLS,TX,ASW,CE,Federal Contract Tower,0,8,16,0,24,0,3,80,0,83,0,11,96,0,107,60,0,60,167
07/17/2023,GLS,TX,ASW,CE,Federal Contract Tower,0,6,9,9,24,0,4,46,1,51,0,10,55,10,75,52,0,52,127
07/18/2023,GLS,TX,ASW,CE,Federal Contract Tower,0,10,8,0,18,0,11,32,2,45,0,21,40,2,63,34,6,40,103
07/19/2023,GLS,TX,ASW,CE,Federal Contract Tower,0,6,9,0,15,0,26,37,0,63,0,32,46,0,78,92,0,92,170
07/20/2023,GLS,TX,ASW,CE,Federal Contract Tower,0,6,7,0,13,0,18,68,0,86,0,24,75,0,99,62,0,62,161
07/21/2023,GLS,TX,ASW,CE,Federal Contract Tower,0,8,15,0,23,0,5,50,0,55,0,13,65,0,78,80,0,80,158
07/22/2023,GLS,TX,ASW,CE,Federal Contract Tower,0,6,11,0,17,0,6,53,0,59,0,12,64,0,76,86,0,86,162
07/23/2023,GLS,TX,ASW,CE,Federal Contract Tower,0,6,11,0,17,0,6,50,0,56,0,12,61,0,73,52,0,52,125
07/24/2023,GLS,TX,ASW,CE,Federal Contract Tower,0,7,6,0,13,0,9,42,0,51,0,16,48,0,64,44,0,44,108
07/25/2023,GLS,TX,ASW,CE,Federal Contract Tower,0,12,10,3,25,0,8,44,0,52,0,20,54,3,77,16,0,16,93
07/26/2023,GLS,TX,ASW,CE,Federal Contract Tower,0,1,16,0,17,0,15,54,0,69,0,16,70,0,86,46,0,46,132
07/27/2023,GLS,TX,ASW,CE,Federal Contract Tower,0,7,13,0,20,0,20,66,0,86,0,27,79,0,106,70,0,70,176
07/28/2023,GLS,TX,ASW,CE,Federal Contract Tower,0,11,25,0,36,0,15,53,0,68,0,26,78,0,104,58,0,58,162
07/29/2023,GLS,TX,ASW,CE,Federal Contract Tower,0,6,29,0,35,0,5,57,0,62,0,11,86,0,97,78,0,78,175
07/30/2023,GLS,TX,ASW,CE,Federal Contract Tower,0,4,21,2,27,0,8,87,0,95,0,12,108,2,122,78,0,78,200
07/31/2023,GLS,TX,ASW,CE,Federal Contract Tower,0,7,6,2,15,0,13,48,0,61,0,20,54,2,76,68,0,68,144
08/01/2023,GLS,TX,ASW,CE,Federal Contract Tower,0,9,7,5,21,0,11,87,0,98,0,20,94,5,119,114,0,114,233
08/02/2023,GLS,TX,ASW,CE,Federal Contract Tower,0,4,19,0,23,0,9,54,0,63,0,13,73,0,86,68,0,68,154
08/03/2023,GLS,TX,ASW,CE,Federal Contract Tower,0,7,7,0,14,0,8,40,0,48,0,15,47,0,62,34,0,34,96
08/04/2023,GLS,TX,ASW,CE,Federal Contract Tower,0,2,17,0,19,0,3,19,2,24,0,5,36,2,43,34,26,60,103
08/05/2023,GLS,TX,ASW,CE,Federal Contract Tower,0,3,23,2,28,0,3,51,1,55,0,6,74,3,83,59,0,59,142
08/06/2023,GLS,TX,ASW,CE,Federal Contract Tower,0,8,14,0,22,0,7,81,2,90,0,15,95,2,112,26,0,26,138
08/07/2023,GLS,TX,ASW,CE,Federal Contract Tower,0,4,10,2,16,0,11,46,2,59,0,15,56,4,75,58,0,58,133
08/08/2023,GLS,TX,ASW,CE,Federal Contract Tower,0,26,13,2,41,0,17,61,4,82,0,43,74,6,123,76,2,78,201
08/09/2023,GLS,TX,ASW,CE,Federal Contract Tower,0,7,3,0,10,0,12,45,0,57,0,19,48,0,67,80,6,86,153
08/10/2023,GLS,TX,ASW,CE,Federal Contract Tower,0,10,8,0,18,0,24,70,6,100,0,34,78,6,118,38,16,54,172
08/11/2023,GLS,TX,ASW,CE,Federal Contract Tower,0,16,11,2,29,0,10,69,0,79,0,26,80,2,108,75,0,75,183
08/12/2023,GLS,TX,ASW,CE,Federal Contract Tower,0,4,10,0,14,0,6,81,0,87,0,10,91,0,101,92,0,92,193
08/13/2023,GLS,TX,ASW,CE,Federal Contract Tower,0,5,9,0,14,0,0,97,2,99,0,5,106,2,113,18,0,18,131
08/14/2023,GLS,TX,ASW,CE,Federal Contract Tower,0,5,12,0,17,0,5,43,0,48,0,10,55,0,65,52,0,52,117
08/15/2023,GLS,TX,ASW,CE,Federal Contract Tower,0,7,19,1,27,0,6,42,0,48,0,13,61,1,75,77,0,77,152
08/16/2023,GLS,TX,ASW,CE,Federal Contract Tower,0,7,16,0,23,0,7,64,0,71,0,14,80,0,94,42,0,42,136
08/17/2023,GLS,TX,ASW,CE,Federal Contract Tower,0,1,9,2,12,0,15,59,0,74,0,16,68,2,86,90,0,90,176
08/18/2023,GLS,TX,ASW,CE,Federal Contract Tower,0,9,15,2,26,0,2,36,0,38,0,11,51,2,64,46,0,46,110
08/19/2023,GLS,TX,ASW,CE,Federal Contract Tower,0,4,8,0,12,0,1,46,0,47,0,5,54,0,59,68,0,68,127
08/20/2023,GLS,TX,ASW,CE,Federal Contract Tower,0,4,4,0,8,0,3,78,0,81,0,7,82,0,89,44,0,44,133
08/21/2023,GLS,TX,ASW,CE,Federal Contract Tower,0,5,2,0,7,0,3,24,0,27,0,8,26,0,34,40,0,40,74
08/22/2023,GLS,TX,ASW,CE,Federal Contract Tower,0,8,4,0,12,0,7,16,0,23,0,15,20,0,35,12,0,12,47
08/23/2023,GLS,TX,ASW,CE,Federal Contract Tower,0,5,10,0,15,0,14,40,2,56,0,19,50,2,71,50,0,50,121
08/24/2023,GLS,TX,ASW,CE,Federal Contract Tower,0,12,12,0,24,0,11,38,4,53,0,23,50,4,77,52,0,52,129
08/25/2023,GLS,TX,ASW,CE,Federal Contract Tower,0,10,17,0,27,0,6,49,0,55,0,16,66,0,82,54,0,54,136
08/26/2023,GLS,TX,ASW,CE,Federal Contract Tower,0,0,10,0,10,0,1,58,0,59,0,1,68,0,69,130,0,130,199
08/27/2023,GLS,TX,ASW,CE,Federal Contract Tower,0,10,6,0,16,0,8,93,0,101,0,18,99,0,117,76,0,76,193
08/28/2023,GLS,TX,ASW,CE,Federal Contract Tower,0,8,11,6,25,0,13,53,2,68,0,21,64,8,93,50,6,56,149
08/29/2023,GLS,TX,ASW,CE,Federal Contract Tower,0,7,9,0,16,0,11,45,0,56,0,18,54,0,72,81,0,81,153
08/30/2023,GLS,TX,ASW,CE,Federal Contract Tower,0,6,4,0,10,0,15,51,4,70,0,21,55,4,80,82,4,86,166
08/31/2023,GLS,TX,ASW,CE,Federal Contract Tower,0,8,9,0,17,0,27,68,2,97,0,35,77,2,114,148,2,150,264
