01/01/2000,GMU,SC,ASO,ES,Federal Contract Tower,0,1,6,0,7,0,0,16,0,16,0,1,22,0,23,0,0,0,23
01/02/2000,GMU,SC,ASO,ES,Federal Contract Tower,0,17,17,0,34,0,0,23,0,23,0,17,40,0,57,0,0,0,57
01/03/2000,GMU,SC,ASO,ES,Federal Contract Tower,0,18,23,0,41,0,0,42,0,42,0,18,65,0,83,24,0,24,107
01/04/2000,GMU,SC,ASO,ES,Federal Contract Tower,0,17,14,0,31,0,6,18,0,24,0,23,32,0,55,4,0,4,59
01/05/2000,GMU,SC,ASO,ES,Federal Contract Tower,0,20,24,0,44,0,0,114,2,116,0,20,138,2,160,112,0,112,272
01/06/2000,GMU,SC,ASO,ES,Federal Contract Tower,0,23,28,0,51,0,0,163,0,163,0,23,191,0,214,96,0,96,310
01/07/2000,GMU,SC,ASO,ES,Federal Contract Tower,0,20,18,1,39,0,1,77,2,80,0,21,95,3,119,82,0,82,201
01/08/2000,GMU,SC,ASO,ES,Federal Contract Tower,0,10,9,0,19,0,4,138,0,142,0,14,147,0,161,52,0,52,213
01/09/2000,GMU,SC,ASO,ES,Federal Contract Tower,0,10,12,0,22,0,0,3,0,3,0,10,15,0,25,0,0,0,25
01/10/2000,GMU,SC,ASO,ES,Federal Contract Tower,0,14,13,0,27,0,7,42,0,49,0,21,55,0,76,10,0,10,86
01/11/2000,GMU,SC,ASO,ES,Federal Contract Tower,0,23,23,0,46,0,12,85,2,99,0,35,108,2,145,50,0,50,195
01/12/2000,GMU,SC,ASO,ES,Federal Contract Tower,0,20,19,0,39,0,9,119,1,129,0,29,138,1,168,56,0,56,224
01/13/2000,GMU,SC,ASO,ES,Federal Contract Tower,0,22,27,0,49,0,0,77,4,81,0,22,104,4,130,66,0,66,196
01/14/2000,GMU,SC,ASO,ES,Federal Contract Tower,0,15,16,0,31,0,0,116,0,116,0,15,132,0,147,80,0,80,227
01/15/2000,GMU,SC,ASO,ES,Federal Contract Tower,0,5,9,0,14,0,0,125,0,125,0,5,134,0,139,60,0,60,199
01/16/2000,GMU,SC,ASO,ES,Federal Contract Tower,0,7,9,0,16,0,6,37,0,43,0,13,46,0,59,4,0,4,63
01/17/2000,GMU,SC,ASO,ES,Federal Contract Tower,0,20,21,0,41,0,7,126,0,133,0,27,147,0,174,106,0,106,280
01/18/2000,GMU,SC,ASO,ES,Federal Contract Tower,0,7,5,0,12,0,4,0,0,4,0,11,5,0,16,0,0,0,16
01/19/2000,GMU,SC,ASO,ES,Federal Contract Tower,0,30,32,0,62,0,5,102,0,107,0,35,134,0,169,172,0,172,341
01/20/2000,GMU,SC,ASO,ES,Federal Contract Tower,0,19,21,0,40,0,6,94,0,100,0,25,115,0,140,110,0,110,250
01/21/2000,GMU,SC,ASO,ES,Federal Contract Tower,0,18,20,0,38,0,0,149,0,149,0,18,169,0,187,166,0,166,353
01/22/2000,GMU,SC,ASO,ES,Federal Contract Tower,0,5,7,0,12,0,3,51,0,54,0,8,58,0,66,34,0,34,100
01/23/2000,GMU,SC,ASO,ES,Federal Contract Tower,0,1,1,0,2,0,2,0,0,2,0,3,1,0,4,0,0,0,4
01/24/2000,GMU,SC,ASO,ES,Federal Contract Tower,0,20,22,0,42,0,2,2,0,4,0,22,24,0,46,0,0,0,46
01/25/2000,GMU,SC,ASO,ES,Federal Contract Tower,0,10,12,0,22,0,5,95,0,100,0,15,107,0,122,94,0,94,216
01/26/2000,GMU,SC,ASO,ES,Federal Contract Tower,0,17,19,0,36,0,13,80,0,93,0,30,99,0,129,26,0,26,155
01/27/2000,GMU,SC,ASO,ES,Federal Contract Tower,0,18,20,0,38,0,11,145,2,158,0,29,165,2,196,102,0,102,298
01/28/2000,GMU,SC,ASO,ES,Federal Contract Tower,0,13,15,0,28,0,7,75,0,82,0,20,90,0,110,172,0,172,282
01/29/2000,GMU,SC,ASO,ES,Federal Contract Tower,0,0,0,0,0,0,7,0,0,7,0,7,0,0,7,12,0,12,19
01/30/2000,GMU,SC,ASO,ES,Federal Contract Tower,0,0,0,0,0,0,1,0,0,1,0,1,0,0,1,0,0,0,1
01/31/2000,GMU,SC,ASO,ES,Federal Contract Tower,0,17,20,0,37,0,0,102,0,102,0,17,122,0,139,136,0,136,275
02/01/2000,GMU,SC,ASO,ES,Federal Contract Tower,0,16,16,0,32,0,20,144,3,167,0,36,160,3,199,166,0,166,365
02/02/2000,GMU,SC,ASO,ES,Federal Contract Tower,0,16,16,0,32,0,15,162,0,177,0,31,178,0,209,172,0,172,381
02/03/2000,GMU,SC,ASO,ES,Federal Contract Tower,0,24,26,0,50,0,4,106,0,110,0,28,132,0,160,96,0,96,256
02/04/2000,GMU,SC,ASO,ES,Federal Contract Tower,0,16,16,0,32,0,10,120,0,130,0,26,136,0,162,92,0,92,254
02/05/2000,GMU,SC,ASO,ES,Federal Contract Tower,0,2,7,0,9,0,0,134,0,134,0,2,141,0,143,70,0,70,213
02/06/2000,GMU,SC,ASO,ES,Federal Contract Tower,0,11,11,0,22,0,0,130,2,132,0,11,141,2,154,94,0,94,248
02/07/2000,GMU,SC,ASO,ES,Federal Contract Tower,0,20,21,0,41,0,10,169,0,179,0,30,190,0,220,164,0,164,384
02/08/2000,GMU,SC,ASO,ES,Federal Contract Tower,0,24,27,0,51,0,0,132,2,134,0,24,159,2,185,144,0,144,329
02/09/2000,GMU,SC,ASO,ES,Federal Contract Tower,0,26,29,0,55,0,2,186,2,190,0,28,215,2,245,150,10,160,405
02/10/2000,GMU,SC,ASO,ES,Federal Contract Tower,0,31,34,0,65,0,0,152,2,154,0,31,186,2,219,170,2,172,391
02/11/2000,GMU,SC,ASO,ES,Federal Contract Tower,0,23,25,1,49,0,10,96,2,108,0,33,121,3,157,168,0,168,325
02/12/2000,GMU,SC,ASO,ES,Federal Contract Tower,0,11,14,0,25,0,0,3,0,3,0,11,17,0,28,0,0,0,28
02/13/2000,GMU,SC,ASO,ES,Federal Contract Tower,0,10,11,0,21,0,2,0,0,2,0,12,11,0,23,0,0,0,23
02/14/2000,GMU,SC,ASO,ES,Federal Contract Tower,0,19,23,0,42,0,3,46,0,49,0,22,69,0,91,2,0,2,93
02/15/2000,GMU,SC,ASO,ES,Federal Contract Tower,0,28,33,0,61,0,20,156,3,179,0,48,189,3,240,104,0,104,344
02/16/2000,GMU,SC,ASO,ES,Federal Contract Tower,0,27,31,0,58,0,6,168,3,177,0,33,199,3,235,86,2,88,323
02/17/2000,GMU,SC,ASO,ES,Federal Contract Tower,0,29,33,0,62,0,7,115,2,124,0,36,148,2,186,114,0,114,300
02/18/2000,GMU,SC,ASO,ES,Federal Contract Tower,0,25,39,0,64,0,0,8,0,8,0,25,47,0,72,0,0,0,72
02/19/2000,GMU,SC,ASO,ES,Federal Contract Tower,0,10,12,0,22,0,0,38,0,38,0,10,50,0,60,40,0,40,100
02/20/2000,GMU,SC,ASO,ES,Federal Contract Tower,0,13,15,0,28,0,7,156,0,163,0,20,171,0,191,138,0,138,329
02/21/2000,GMU,SC,ASO,ES,Federal Contract Tower,0,15,18,0,33,0,9,135,4,148,0,24,153,4,181,82,0,82,263
02/22/2000,GMU,SC,ASO,ES,Federal Contract Tower,0,21,25,0,46,0,12,157,0,169,0,33,182,0,215,138,0,138,353
02/23/2000,GMU,SC,ASO,ES,Federal Contract Tower,0,24,28,0,52,0,3,178,0,181,0,27,206,0,233,180,0,180,413
02/24/2000,GMU,SC,ASO,ES,Federal Contract Tower,0,30,35,0,65,0,2,90,0,92,0,32,125,0,157,102,0,102,259
02/25/2000,GMU,SC,ASO,ES,Federal Contract Tower,0,13,15,0,28,0,7,143,0,150,0,20,158,0,178,82,0,82,260
02/26/2000,GMU,SC,ASO,ES,Federal Contract Tower,0,2,14,0,16,0,0,149,1,150,0,2,163,1,166,106,0,106,272
02/27/2000,GMU,SC,ASO,ES,Federal Contract Tower,0,8,18,0,26,0,0,35,0,35,0,8,53,0,61,6,0,6,67
02/28/2000,GMU,SC,ASO,ES,Federal Contract Tower,0,20,24,0,44,0,16,130,0,146,0,36,154,0,190,90,0,90,280
02/29/2000,GMU,SC,ASO,ES,Federal Contract Tower,0,19,23,0,42,0,15,144,2,161,0,34,167,2,203,88,0,88,291
03/01/2000,GMU,SC,ASO,ES,Federal Contract Tower,0,23,25,0,48,0,8,120,0,128,0,31,145,0,176,132,0,132,308
03/02/2000,GMU,SC,ASO,ES,Federal Contract Tower,0,27,28,0,55,0,8,139,5,152,0,35,167,5,207,126,14,140,347
03/03/2000,GMU,SC,ASO,ES,Federal Contract Tower,0,21,22,0,43,0,0,151,0,151,0,21,173,0,194,166,0,166,360
03/04/2000,GMU,SC,ASO,ES,Federal Contract Tower,0,17,20,0,37,0,0,64,0,64,0,17,84,0,101,136,0,136,237
03/05/2000,GMU,SC,ASO,ES,Federal Contract Tower,0,16,17,0,33,0,0,195,4,199,0,16,212,4,232,138,0,138,370
03/06/2000,GMU,SC,ASO,ES,Federal Contract Tower,0,15,15,0,30,0,5,157,0,162,0,20,172,0,192,156,0,156,348
03/07/2000,GMU,SC,ASO,ES,Federal Contract Tower,0,15,16,0,31,0,12,150,0,162,0,27,166,0,193,102,0,102,295
03/08/2000,GMU,SC,ASO,ES,Federal Contract Tower,0,18,19,0,37,0,5,136,2,143,0,23,155,2,180,68,0,68,248
03/09/2000,GMU,SC,ASO,ES,Federal Contract Tower,0,19,20,0,39,0,4,78,0,82,0,23,98,0,121,44,0,44,165
03/10/2000,GMU,SC,ASO,ES,Federal Contract Tower,0,25,26,0,51,0,7,106,4,117,0,32,132,4,168,118,0,118,286
03/11/2000,GMU,SC,ASO,ES,Federal Contract Tower,0,3,4,0,7,0,0,4,0,4,0,3,8,0,11,0,0,0,11
03/12/2000,GMU,SC,ASO,ES,Federal Contract Tower,0,20,21,0,41,0,10,117,0,127,0,30,138,0,168,80,0,80,248
03/13/2000,GMU,SC,ASO,ES,Federal Contract Tower,0,19,19,0,38,0,8,132,0,140,0,27,151,0,178,86,0,86,264
03/14/2000,GMU,SC,ASO,ES,Federal Contract Tower,0,24,25,0,49,0,0,127,0,127,0,24,152,0,176,98,0,98,274
03/15/2000,GMU,SC,ASO,ES,Federal Contract Tower,0,29,30,0,59,0,12,135,0,147,0,41,165,0,206,48,0,48,254
03/16/2000,GMU,SC,ASO,ES,Federal Contract Tower,0,21,30,0,51,0,0,28,0,28,0,21,58,0,79,6,0,6,85
03/17/2000,GMU,SC,ASO,ES,Federal Contract Tower,0,30,34,0,64,0,2,134,0,136,0,32,168,0,200,68,0,68,268
03/18/2000,GMU,SC,ASO,ES,Federal Contract Tower,0,8,10,0,18,0,1,143,2,146,0,9,153,2,164,152,0,152,316
03/19/2000,GMU,SC,ASO,ES,Federal Contract Tower,0,12,21,0,33,0,0,42,0,42,0,12,63,0,75,0,0,0,75
03/20/2000,GMU,SC,ASO,ES,Federal Contract Tower,0,25,28,0,53,0,5,88,0,93,0,30,116,0,146,146,0,146,292
03/21/2000,GMU,SC,ASO,ES,Federal Contract Tower,0,36,41,0,77,0,5,123,0,128,0,41,164,0,205,142,0,142,347
03/22/2000,GMU,SC,ASO,ES,Federal Contract Tower,0,24,27,0,51,0,4,201,0,205,0,28,228,0,256,142,0,142,398
03/23/2000,GMU,SC,ASO,ES,Federal Contract Tower,0,30,38,0,68,0,0,142,2,144,0,30,180,2,212,132,0,132,344
03/24/2000,GMU,SC,ASO,ES,Federal Contract Tower,0,25,29,0,54,0,5,131,4,140,0,30,160,4,194,122,0,122,316
03/25/2000,GMU,SC,ASO,ES,Federal Contract Tower,0,7,12,0,19,0,0,154,0,154,0,7,166,0,173,54,0,54,227
03/26/2000,GMU,SC,ASO,ES,Federal Contract Tower,0,24,28,0,52,0,2,154,0,156,0,26,182,0,208,44,0,44,252
03/27/2000,GMU,SC,ASO,ES,Federal Contract Tower,0,27,31,0,58,0,10,74,0,84,0,37,105,0,142,132,0,132,274
03/28/2000,GMU,SC,ASO,ES,Federal Contract Tower,0,30,33,0,63,0,15,59,0,74,0,45,92,0,137,32,0,32,169
03/29/2000,GMU,SC,ASO,ES,Federal Contract Tower,0,29,33,0,62,0,5,155,0,160,0,34,188,0,222,148,0,148,370
03/30/2000,GMU,SC,ASO,ES,Federal Contract Tower,0,25,28,0,53,0,0,153,0,153,0,25,181,0,206,132,0,132,338
03/31/2000,GMU,SC,ASO,ES,Federal Contract Tower,0,28,31,0,59,0,20,130,2,152,0,48,161,2,211,110,0,110,321
04/01/2000,GMU,SC,ASO,ES,Federal Contract Tower,0,11,13,0,24,0,3,164,11,178,0,14,177,11,202,126,0,126,328
04/02/2000,GMU,SC,ASO,ES,Federal Contract Tower,0,16,23,0,39,0,0,6,0,6,0,16,29,0,45,0,0,0,45
04/03/2000,GMU,SC,ASO,ES,Federal Contract Tower,0,30,36,0,66,0,1,38,0,39,0,31,74,0,105,54,0,54,159
04/04/2000,GMU,SC,ASO,ES,Federal Contract Tower,0,17,20,0,37,0,7,43,0,50,0,24,63,0,87,14,0,14,101
04/05/2000,GMU,SC,ASO,ES,Federal Contract Tower,0,25,29,1,55,0,5,176,2,183,0,30,205,3,238,176,6,182,420
04/06/2000,GMU,SC,ASO,ES,Federal Contract Tower,0,23,27,1,51,0,5,135,6,146,0,28,162,7,197,110,6,116,313
04/07/2000,GMU,SC,ASO,ES,Federal Contract Tower,0,23,28,1,52,0,13,133,0,146,0,36,161,1,198,76,0,76,274
04/08/2000,GMU,SC,ASO,ES,Federal Contract Tower,0,11,14,0,25,0,0,19,0,19,0,11,33,0,44,2,0,2,46
04/09/2000,GMU,SC,ASO,ES,Federal Contract Tower,0,11,14,0,25,0,5,121,0,126,0,16,135,0,151,44,0,44,195
04/10/2000,GMU,SC,ASO,ES,Federal Contract Tower,0,20,23,1,44,0,15,138,1,154,0,35,161,2,198,110,0,110,308
04/11/2000,GMU,SC,ASO,ES,Federal Contract Tower,0,24,29,1,54,0,15,99,1,115,0,39,128,2,169,82,0,82,251
04/12/2000,GMU,SC,ASO,ES,Federal Contract Tower,0,26,30,1,57,0,9,95,3,107,0,35,125,4,164,96,8,104,268
04/13/2000,GMU,SC,ASO,ES,Federal Contract Tower,0,31,36,0,67,0,2,14,0,16,0,33,50,0,83,4,0,4,87
04/14/2000,GMU,SC,ASO,ES,Federal Contract Tower,0,27,36,0,63,0,0,4,0,4,0,27,40,0,67,0,0,0,67
04/15/2000,GMU,SC,ASO,ES,Federal Contract Tower,0,10,23,0,33,0,0,8,2,10,0,10,31,2,43,0,0,0,43
04/16/2000,GMU,SC,ASO,ES,Federal Contract Tower,0,17,24,0,41,0,0,128,1,129,0,17,152,1,170,106,0,106,276
04/17/2000,GMU,SC,ASO,ES,Federal Contract Tower,0,20,25,0,45,0,6,92,0,98,0,26,117,0,143,64,0,64,207
04/18/2000,GMU,SC,ASO,ES,Federal Contract Tower,0,19,24,0,43,0,9,103,0,112,0,28,127,0,155,168,0,168,323
04/19/2000,GMU,SC,ASO,ES,Federal Contract Tower,0,33,40,0,73,0,10,193,5,208,0,43,233,5,281,158,8,166,447
04/20/2000,GMU,SC,ASO,ES,Federal Contract Tower,0,26,33,0,59,0,12,160,6,178,0,38,193,6,237,116,0,116,353
04/21/2000,GMU,SC,ASO,ES,Federal Contract Tower,0,20,25,0,45,0,5,91,0,96,0,25,116,0,141,74,0,74,215
04/22/2000,GMU,SC,ASO,ES,Federal Contract Tower,0,6,12,0,18,0,0,136,0,136,0,6,148,0,154,128,0,128,282
04/23/2000,GMU,SC,ASO,ES,Federal Contract Tower,0,9,11,0,20,0,2,114,0,116,0,11,125,0,136,124,0,124,260
04/24/2000,GMU,SC,ASO,ES,Federal Contract Tower,0,18,25,0,43,0,0,72,0,72,0,18,97,0,115,40,0,40,155
04/25/2000,GMU,SC,ASO,ES,Federal Contract Tower,0,27,34,0,61,0,0,57,0,57,0,27,91,0,118,58,0,58,176
04/26/2000,GMU,SC,ASO,ES,Federal Contract Tower,0,35,44,0,79,0,0,139,1,140,0,35,183,1,219,186,16,202,421
04/27/2000,GMU,SC,ASO,ES,Federal Contract Tower,0,25,31,0,56,0,9,181,9,199,0,34,212,9,255,122,22,144,399
04/28/2000,GMU,SC,ASO,ES,Federal Contract Tower,0,26,31,0,57,0,5,73,0,78,0,31,104,0,135,84,0,84,219
04/29/2000,GMU,SC,ASO,ES,Federal Contract Tower,0,11,14,0,25,0,3,126,0,129,0,14,140,0,154,88,0,88,242
04/30/2000,GMU,SC,ASO,ES,Federal Contract Tower,0,12,15,0,27,0,3,136,4,143,0,15,151,4,170,98,0,98,268
05/01/2000,GMU,SC,ASO,ES,Federal Contract Tower,0,21,24,0,45,0,8,106,0,114,0,29,130,0,159,46,0,46,205
05/02/2000,GMU,SC,ASO,ES,Federal Contract Tower,0,21,24,0,45,0,2,83,2,87,0,23,107,2,132,72,6,78,210
05/03/2000,GMU,SC,ASO,ES,Federal Contract Tower,0,30,40,0,70,0,0,124,9,133,0,30,164,9,203,138,12,150,353
05/04/2000,GMU,SC,ASO,ES,Federal Contract Tower,0,33,36,0,69,0,0,88,0,88,0,33,124,0,157,140,0,140,297
05/05/2000,GMU,SC,ASO,ES,Federal Contract Tower,0,19,24,0,43,0,0,136,6,142,0,19,160,6,185,180,0,180,365
05/06/2000,GMU,SC,ASO,ES,Federal Contract Tower,0,7,10,0,17,0,0,121,0,121,0,7,131,0,138,134,0,134,272
05/07/2000,GMU,SC,ASO,ES,Federal Contract Tower,0,18,20,0,38,0,0,121,2,123,0,18,141,2,161,116,0,116,277
05/08/2000,GMU,SC,ASO,ES,Federal Contract Tower,0,14,15,0,29,0,11,160,4,175,0,25,175,4,204,190,0,190,394
05/09/2000,GMU,SC,ASO,ES,Federal Contract Tower,0,27,30,0,57,0,0,136,1,137,0,27,166,1,194,116,0,116,310
05/10/2000,GMU,SC,ASO,ES,Federal Contract Tower,0,35,38,0,73,0,4,143,1,148,0,39,181,1,221,96,0,96,317
05/11/2000,GMU,SC,ASO,ES,Federal Contract Tower,0,24,27,0,51,0,10,156,2,168,0,34,183,2,219,138,0,138,357
05/12/2000,GMU,SC,ASO,ES,Federal Contract Tower,0,28,32,0,60,0,5,116,11,132,0,33,148,11,192,80,0,80,272
05/13/2000,GMU,SC,ASO,ES,Federal Contract Tower,0,7,7,0,14,0,1,121,0,122,0,8,128,0,136,98,0,98,234
05/14/2000,GMU,SC,ASO,ES,Federal Contract Tower,0,13,14,0,27,0,0,81,0,81,0,13,95,0,108,24,0,24,132
05/15/2000,GMU,SC,ASO,ES,Federal Contract Tower,0,23,26,0,49,0,13,140,0,153,0,36,166,0,202,106,0,106,308
05/16/2000,GMU,SC,ASO,ES,Federal Contract Tower,0,27,30,1,58,0,9,140,1,150,0,36,170,2,208,122,2,124,332
05/17/2000,GMU,SC,ASO,ES,Federal Contract Tower,0,36,42,0,78,0,3,132,2,137,0,39,174,2,215,112,0,112,327
05/18/2000,GMU,SC,ASO,ES,Federal Contract Tower,0,33,39,0,72,0,14,100,5,119,0,47,139,5,191,54,0,54,245
05/19/2000,GMU,SC,ASO,ES,Federal Contract Tower,0,28,33,0,61,0,18,78,0,96,0,46,111,0,157,92,0,92,249
05/20/2000,GMU,SC,ASO,ES,Federal Contract Tower,0,13,17,0,30,0,8,83,0,91,0,21,100,0,121,58,0,58,179
05/21/2000,GMU,SC,ASO,ES,Federal Contract Tower,0,16,22,0,38,0,0,83,0,83,0,16,105,0,121,96,0,96,217
05/22/2000,GMU,SC,ASO,ES,Federal Contract Tower,0,25,29,0,54,0,5,96,4,105,0,30,125,4,159,62,0,62,221
05/23/2000,GMU,SC,ASO,ES,Federal Contract Tower,0,15,21,0,36,0,0,98,3,101,0,15,119,3,137,118,0,118,255
05/24/2000,GMU,SC,ASO,ES,Federal Contract Tower,0,36,42,0,78,0,0,89,3,92,0,36,131,3,170,80,0,80,250
05/25/2000,GMU,SC,ASO,ES,Federal Contract Tower,0,24,29,0,53,0,5,97,10,112,0,29,126,10,165,112,0,112,277
05/26/2000,GMU,SC,ASO,ES,Federal Contract Tower,0,21,25,0,46,0,5,115,0,120,0,26,140,0,166,92,0,92,258
05/27/2000,GMU,SC,ASO,ES,Federal Contract Tower,0,8,11,0,19,0,0,79,0,79,0,8,90,0,98,36,0,36,134
05/28/2000,GMU,SC,ASO,ES,Federal Contract Tower,0,8,10,0,18,0,0,34,0,34,0,8,44,0,52,12,0,12,64
05/29/2000,GMU,SC,ASO,ES,Federal Contract Tower,0,10,17,0,27,0,0,93,4,97,0,10,110,4,124,88,0,88,212
05/30/2000,GMU,SC,ASO,ES,Federal Contract Tower,0,20,23,0,43,0,5,156,0,161,0,25,179,0,204,158,0,158,362
05/31/2000,GMU,SC,ASO,ES,Federal Contract Tower,0,20,25,0,45,0,10,164,4,178,0,30,189,4,223,142,18,160,383
06/01/2000,GMU,SC,ASO,ES,Federal Contract Tower,0,18,18,0,36,0,11,122,8,141,0,29,140,8,177,162,0,162,339
06/02/2000,GMU,SC,ASO,ES,Federal Contract Tower,0,24,25,0,49,0,9,109,0,118,0,33,134,0,167,60,0,60,227
06/03/2000,GMU,SC,ASO,ES,Federal Contract Tower,0,8,10,0,18,0,0,91,1,92,0,8,101,1,110,90,0,90,200
06/04/2000,GMU,SC,ASO,ES,Federal Contract Tower,0,26,27,0,53,0,1,26,0,27,0,27,53,0,80,20,0,20,100
06/05/2000,GMU,SC,ASO,ES,Federal Contract Tower,0,13,17,0,30,0,0,22,0,22,0,13,39,0,52,16,0,16,68
06/06/2000,GMU,SC,ASO,ES,Federal Contract Tower,0,24,25,0,49,0,6,129,4,139,0,30,154,4,188,118,0,118,306
06/07/2000,GMU,SC,ASO,ES,Federal Contract Tower,0,15,15,0,30,0,8,183,5,196,0,23,198,5,226,124,0,124,350
06/08/2000,GMU,SC,ASO,ES,Federal Contract Tower,0,17,17,0,34,0,6,140,2,148,0,23,157,2,182,208,0,208,390
06/09/2000,GMU,SC,ASO,ES,Federal Contract Tower,0,19,20,0,39,0,14,102,0,116,0,33,122,0,155,112,0,112,267
06/10/2000,GMU,SC,ASO,ES,Federal Contract Tower,0,6,6,0,12,0,3,111,0,114,0,9,117,0,126,118,0,118,244
06/11/2000,GMU,SC,ASO,ES,Federal Contract Tower,0,13,15,0,28,0,0,115,4,119,0,13,130,4,147,130,0,130,277
06/12/2000,GMU,SC,ASO,ES,Federal Contract Tower,0,19,18,0,37,0,7,97,0,104,0,26,115,0,141,114,0,114,255
06/13/2000,GMU,SC,ASO,ES,Federal Contract Tower,0,17,17,0,34,0,11,106,0,117,0,28,123,0,151,142,0,142,293
06/14/2000,GMU,SC,ASO,ES,Federal Contract Tower,0,29,31,1,61,0,12,112,3,127,0,41,143,4,188,74,0,74,262
06/15/2000,GMU,SC,ASO,ES,Federal Contract Tower,0,24,26,1,51,0,6,98,3,107,0,30,124,4,158,88,6,94,252
06/16/2000,GMU,SC,ASO,ES,Federal Contract Tower,0,27,28,1,56,0,3,62,0,65,0,30,90,1,121,188,0,188,309
06/17/2000,GMU,SC,ASO,ES,Federal Contract Tower,0,8,13,0,21,0,0,111,1,112,0,8,124,1,133,96,0,96,229
06/18/2000,GMU,SC,ASO,ES,Federal Contract Tower,0,8,16,0,24,0,0,47,0,47,0,8,63,0,71,14,0,14,85
06/19/2000,GMU,SC,ASO,ES,Federal Contract Tower,0,24,26,0,50,0,5,79,1,85,0,29,105,1,135,122,0,122,257
06/20/2000,GMU,SC,ASO,ES,Federal Contract Tower,0,24,27,0,51,0,11,94,0,105,0,35,121,0,156,134,0,134,290
06/21/2000,GMU,SC,ASO,ES,Federal Contract Tower,0,32,35,0,67,0,1,102,0,103,0,33,137,0,170,64,0,64,234
06/22/2000,GMU,SC,ASO,ES,Federal Contract Tower,0,25,29,0,54,0,0,45,5,50,0,25,74,5,104,72,0,72,176
06/23/2000,GMU,SC,ASO,ES,Federal Contract Tower,0,19,21,0,40,0,0,121,0,121,0,19,142,0,161,92,0,92,253
06/24/2000,GMU,SC,ASO,ES,Federal Contract Tower,0,5,7,0,12,0,0,110,1,111,0,5,117,1,123,40,0,40,163
06/25/2000,GMU,SC,ASO,ES,Federal Contract Tower,0,9,11,0,20,0,6,77,0,83,0,15,88,0,103,88,0,88,191
06/26/2000,GMU,SC,ASO,ES,Federal Contract Tower,0,12,14,0,26,0,7,87,0,94,0,19,101,0,120,98,0,98,218
06/27/2000,GMU,SC,ASO,ES,Federal Contract Tower,0,34,36,0,70,0,17,93,2,112,0,51,129,2,182,86,0,86,268
06/28/2000,GMU,SC,ASO,ES,Federal Contract Tower,0,28,30,0,58,0,4,59,0,63,0,32,89,0,121,72,0,72,193
06/29/2000,GMU,SC,ASO,ES,Federal Contract Tower,0,28,30,0,58,0,0,32,0,32,0,28,62,0,90,34,0,34,124
06/30/2000,GMU,SC,ASO,ES,Federal Contract Tower,0,24,27,0,51,0,1,128,2,131,0,25,155,2,182,82,0,82,264
07/01/2000,GMU,SC,ASO,ES,Federal Contract Tower,0,12,14,0,26,0,0,81,0,81,0,12,95,0,107,38,0,38,145
07/02/2000,GMU,SC,ASO,ES,Federal Contract Tower,0,6,11,0,17,0,0,63,0,63,0,6,74,0,80,8,0,8,88
07/03/2000,GMU,SC,ASO,ES,Federal Contract Tower,0,12,11,0,23,0,0,67,0,67,0,12,78,0,90,44,0,44,134
07/04/2000,GMU,SC,ASO,ES,Federal Contract Tower,0,4,6,0,10,0,0,43,4,47,0,4,49,4,57,8,4,12,69
07/05/2000,GMU,SC,ASO,ES,Federal Contract Tower,0,20,21,0,41,0,2,102,2,106,0,22,123,2,147,60,0,60,207
07/06/2000,GMU,SC,ASO,ES,Federal Contract Tower,0,18,20,0,38,0,0,95,6,101,0,18,115,6,139,106,0,106,245
07/07/2000,GMU,SC,ASO,ES,Federal Contract Tower,0,20,21,0,41,0,8,100,3,111,0,28,121,3,152,76,0,76,228
07/08/2000,GMU,SC,ASO,ES,Federal Contract Tower,0,12,11,0,23,0,1,69,0,70,0,13,80,0,93,42,0,42,135
07/09/2000,GMU,SC,ASO,ES,Federal Contract Tower,0,19,20,0,39,0,5,76,0,81,0,24,96,0,120,98,0,98,218
07/10/2000,GMU,SC,ASO,ES,Federal Contract Tower,0,19,19,0,38,0,13,114,2,129,0,32,133,2,167,112,0,112,279
07/11/2000,GMU,SC,ASO,ES,Federal Contract Tower,0,15,15,0,30,0,7,102,0,109,0,22,117,0,139,92,0,92,231
07/12/2000,GMU,SC,ASO,ES,Federal Contract Tower,0,23,24,0,47,0,10,105,6,121,0,33,129,6,168,76,0,76,244
07/13/2000,GMU,SC,ASO,ES,Federal Contract Tower,0,23,26,0,49,0,0,30,2,32,0,23,56,2,81,20,0,20,101
07/14/2000,GMU,SC,ASO,ES,Federal Contract Tower,0,27,27,0,54,0,5,65,4,74,0,32,92,4,128,120,0,120,248
07/15/2000,GMU,SC,ASO,ES,Federal Contract Tower,0,1,2,1,4,0,5,91,1,97,0,6,93,2,101,20,0,20,121
07/16/2000,GMU,SC,ASO,ES,Federal Contract Tower,0,18,20,0,38,0,5,115,0,120,0,23,135,0,158,58,0,58,216
07/17/2000,GMU,SC,ASO,ES,Federal Contract Tower,0,20,22,0,42,0,13,122,4,139,0,33,144,4,181,98,0,98,279
07/18/2000,GMU,SC,ASO,ES,Federal Contract Tower,0,21,23,0,44,0,13,108,3,124,0,34,131,3,168,182,0,182,350
07/19/2000,GMU,SC,ASO,ES,Federal Contract Tower,0,24,28,0,52,0,0,128,4,132,0,24,156,4,184,98,2,100,284
07/20/2000,GMU,SC,ASO,ES,Federal Contract Tower,0,26,28,0,54,0,8,128,2,138,0,34,156,2,192,104,0,104,296
07/21/2000,GMU,SC,ASO,ES,Federal Contract Tower,0,23,26,0,49,0,13,99,0,112,0,36,125,0,161,108,0,108,269
07/22/2000,GMU,SC,ASO,ES,Federal Contract Tower,0,10,13,0,23,0,0,54,0,54,0,10,67,0,77,72,0,72,149
07/23/2000,GMU,SC,ASO,ES,Federal Contract Tower,0,12,16,0,28,0,0,37,0,37,0,12,53,0,65,56,0,56,121
07/24/2000,GMU,SC,ASO,ES,Federal Contract Tower,0,18,21,0,39,0,9,41,0,50,0,27,62,0,89,60,0,60,149
07/25/2000,GMU,SC,ASO,ES,Federal Contract Tower,0,34,39,0,73,0,0,31,0,31,0,34,70,0,104,80,0,80,184
07/26/2000,GMU,SC,ASO,ES,Federal Contract Tower,0,25,28,0,53,0,1,112,0,113,0,26,140,0,166,132,0,132,298
07/27/2000,GMU,SC,ASO,ES,Federal Contract Tower,0,28,31,0,59,0,3,114,0,117,0,31,145,0,176,42,0,42,218
07/28/2000,GMU,SC,ASO,ES,Federal Contract Tower,0,24,26,0,50,0,5,79,2,86,0,29,105,2,136,64,0,64,200
07/29/2000,GMU,SC,ASO,ES,Federal Contract Tower,0,15,17,0,32,0,4,84,0,88,0,19,101,0,120,38,0,38,158
07/30/2000,GMU,SC,ASO,ES,Federal Contract Tower,0,11,13,0,24,0,5,84,0,89,0,16,97,0,113,60,0,60,173
07/31/2000,GMU,SC,ASO,ES,Federal Contract Tower,0,37,40,0,77,0,4,64,0,68,0,41,104,0,145,62,0,62,207
08/01/2000,GMU,SC,ASO,ES,Federal Contract Tower,0,25,32,0,57,0,0,117,0,117,0,25,149,0,174,98,0,98,272
08/02/2000,GMU,SC,ASO,ES,Federal Contract Tower,0,28,29,0,57,0,8,60,2,70,0,36,89,2,127,44,0,44,171
08/03/2000,GMU,SC,ASO,ES,Federal Contract Tower,0,32,37,0,69,0,0,40,0,40,0,32,77,0,109,32,0,32,141
08/04/2000,GMU,SC,ASO,ES,Federal Contract Tower,0,20,20,0,40,0,6,36,0,42,0,26,56,0,82,20,0,20,102
08/05/2000,GMU,SC,ASO,ES,Federal Contract Tower,0,4,10,0,14,0,0,94,0,94,0,4,104,0,108,64,0,64,172
08/06/2000,GMU,SC,ASO,ES,Federal Contract Tower,0,19,20,0,39,0,3,77,0,80,0,22,97,0,119,28,0,28,147
08/07/2000,GMU,SC,ASO,ES,Federal Contract Tower,0,18,19,0,37,0,15,102,0,117,0,33,121,0,154,44,0,44,198
08/08/2000,GMU,SC,ASO,ES,Federal Contract Tower,0,21,22,0,43,0,11,119,2,132,0,32,141,2,175,74,0,74,249
08/09/2000,GMU,SC,ASO,ES,Federal Contract Tower,0,32,32,0,64,0,5,116,0,121,0,37,148,0,185,88,0,88,273
08/10/2000,GMU,SC,ASO,ES,Federal Contract Tower,0,18,19,0,37,0,0,109,7,116,0,18,128,7,153,100,0,100,253
08/11/2000,GMU,SC,ASO,ES,Federal Contract Tower,0,21,22,0,43,0,12,97,10,119,0,33,119,10,162,82,0,82,244
08/12/2000,GMU,SC,ASO,ES,Federal Contract Tower,0,11,12,0,23,0,3,100,0,103,0,14,112,0,126,40,0,40,166
08/13/2000,GMU,SC,ASO,ES,Federal Contract Tower,0,11,11,0,22,0,3,89,0,92,0,14,100,0,114,60,0,60,174
08/14/2000,GMU,SC,ASO,ES,Federal Contract Tower,0,16,16,0,32,0,4,105,2,111,0,20,121,2,143,90,12,102,245
08/15/2000,GMU,SC,ASO,ES,Federal Contract Tower,0,20,21,0,41,0,11,142,0,153,0,31,163,0,194,112,0,112,306
08/16/2000,GMU,SC,ASO,ES,Federal Contract Tower,0,27,27,0,54,0,11,122,0,133,0,38,149,0,187,120,0,120,307
08/17/2000,GMU,SC,ASO,ES,Federal Contract Tower,0,27,28,0,55,0,10,86,8,104,0,37,114,8,159,66,0,66,225
08/18/2000,GMU,SC,ASO,ES,Federal Contract Tower,0,25,25,0,50,0,10,41,3,54,0,35,66,3,104,16,0,16,120
08/19/2000,GMU,SC,ASO,ES,Federal Contract Tower,0,7,10,0,17,0,0,92,0,92,0,7,102,0,109,104,0,104,213
08/20/2000,GMU,SC,ASO,ES,Federal Contract Tower,0,12,11,0,23,0,4,58,0,62,0,16,69,0,85,50,0,50,135
08/21/2000,GMU,SC,ASO,ES,Federal Contract Tower,0,17,21,0,38,0,0,65,3,68,0,17,86,3,106,72,0,72,178
08/22/2000,GMU,SC,ASO,ES,Federal Contract Tower,0,30,30,0,60,0,0,127,2,129,0,30,157,2,189,138,12,150,339
08/23/2000,GMU,SC,ASO,ES,Federal Contract Tower,0,29,27,0,56,0,12,105,3,120,0,41,132,3,176,104,0,104,280
08/24/2000,GMU,SC,ASO,ES,Federal Contract Tower,0,33,32,0,65,0,2,72,4,78,0,35,104,4,143,68,0,68,211
08/25/2000,GMU,SC,ASO,ES,Federal Contract Tower,0,29,28,0,57,0,13,83,0,96,0,42,111,0,153,92,0,92,245
08/26/2000,GMU,SC,ASO,ES,Federal Contract Tower,0,12,15,0,27,0,0,104,2,106,0,12,119,2,133,36,0,36,169
08/27/2000,GMU,SC,ASO,ES,Federal Contract Tower,0,13,11,0,24,0,2,53,0,55,0,15,64,0,79,38,0,38,117
08/28/2000,GMU,SC,ASO,ES,Federal Contract Tower,0,27,25,0,52,0,4,94,0,98,0,31,119,0,150,118,0,118,268
08/29/2000,GMU,SC,ASO,ES,Federal Contract Tower,0,24,30,0,54,0,0,115,2,117,0,24,145,2,171,130,0,130,301
08/30/2000,GMU,SC,ASO,ES,Federal Contract Tower,0,21,24,0,45,0,0,91,10,101,0,21,115,10,146,104,4,108,254
08/31/2000,GMU,SC,ASO,ES,Federal Contract Tower,0,39,38,0,77,0,3,42,0,45,0,42,80,0,122,74,0,74,196
09/01/2000,GMU,SC,ASO,ES,Federal Contract Tower,0,38,37,0,75,0,0,36,0,36,0,38,73,0,111,30,0,30,141
09/02/2000,GMU,SC,ASO,ES,Federal Contract Tower,0,7,11,0,18,0,0,36,2,38,0,7,47,2,56,22,0,22,78
09/03/2000,GMU,SC,ASO,ES,Federal Contract Tower,0,7,15,0,22,0,0,28,4,32,0,7,43,4,54,36,0,36,90
09/04/2000,GMU,SC,ASO,ES,Federal Contract Tower,0,17,17,0,34,0,3,35,1,39,0,20,52,1,73,18,0,18,91
09/05/2000,GMU,SC,ASO,ES,Federal Contract Tower,0,32,32,0,64,0,4,75,3,82,0,36,107,3,146,132,0,132,278
09/06/2000,GMU,SC,ASO,ES,Federal Contract Tower,0,28,28,0,56,0,0,62,0,62,0,28,90,0,118,34,0,34,152
09/07/2000,GMU,SC,ASO,ES,Federal Contract Tower,0,39,40,0,79,0,0,66,1,67,0,39,106,1,146,88,0,88,234
09/08/2000,GMU,SC,ASO,ES,Federal Contract Tower,0,38,35,0,73,0,4,129,0,133,0,42,164,0,206,168,0,168,374
09/09/2000,GMU,SC,ASO,ES,Federal Contract Tower,0,6,9,0,15,0,0,112,0,112,0,6,121,0,127,90,0,90,217
09/10/2000,GMU,SC,ASO,ES,Federal Contract Tower,0,13,15,0,28,0,0,128,0,128,0,13,143,0,156,100,0,100,256
09/11/2000,GMU,SC,ASO,ES,Federal Contract Tower,0,28,27,1,56,0,7,153,1,161,0,35,180,2,217,162,0,162,379
09/12/2000,GMU,SC,ASO,ES,Federal Contract Tower,0,26,25,1,52,0,16,149,0,165,0,42,174,1,217,172,0,172,389
09/13/2000,GMU,SC,ASO,ES,Federal Contract Tower,0,28,26,1,55,0,6,117,2,125,0,34,143,3,180,100,0,100,280
09/14/2000,GMU,SC,ASO,ES,Federal Contract Tower,0,20,24,1,45,0,0,126,2,128,0,20,150,3,173,136,0,136,309
09/15/2000,GMU,SC,ASO,ES,Federal Contract Tower,0,31,28,0,59,0,12,125,0,137,0,43,153,0,196,64,0,64,260
09/16/2000,GMU,SC,ASO,ES,Federal Contract Tower,0,12,10,0,22,0,1,126,0,127,0,13,136,0,149,80,0,80,229
09/17/2000,GMU,SC,ASO,ES,Federal Contract Tower,0,10,9,0,19,0,7,91,0,98,0,17,100,0,117,40,0,40,157
09/18/2000,GMU,SC,ASO,ES,Federal Contract Tower,0,21,19,0,40,0,1,54,0,55,0,22,73,0,95,42,0,42,137
09/19/2000,GMU,SC,ASO,ES,Federal Contract Tower,0,23,20,0,43,0,10,118,0,128,0,33,138,0,171,112,0,112,283
09/20/2000,GMU,SC,ASO,ES,Federal Contract Tower,0,31,28,0,59,0,11,130,0,141,0,42,158,0,200,86,0,86,286
09/21/2000,GMU,SC,ASO,ES,Federal Contract Tower,0,30,27,0,57,0,7,61,0,68,0,37,88,0,125,82,0,82,207
09/22/2000,GMU,SC,ASO,ES,Federal Contract Tower,0,25,26,0,51,0,0,12,0,12,0,25,38,0,63,0,0,0,63
09/23/2000,GMU,SC,ASO,ES,Federal Contract Tower,0,11,10,0,21,0,0,87,0,87,0,11,97,0,108,28,0,28,136
09/24/2000,GMU,SC,ASO,ES,Federal Contract Tower,0,20,18,0,38,0,0,108,0,108,0,20,126,0,146,102,0,102,248
09/25/2000,GMU,SC,ASO,ES,Federal Contract Tower,0,18,16,0,34,0,6,27,0,33,0,24,43,0,67,12,0,12,79
09/26/2000,GMU,SC,ASO,ES,Federal Contract Tower,0,26,23,0,49,0,4,122,0,126,0,30,145,0,175,110,0,110,285
09/27/2000,GMU,SC,ASO,ES,Federal Contract Tower,0,32,29,0,61,0,9,152,0,161,0,41,181,0,222,88,0,88,310
09/28/2000,GMU,SC,ASO,ES,Federal Contract Tower,0,32,30,0,62,0,4,138,2,144,0,36,168,2,206,110,2,112,318
09/29/2000,GMU,SC,ASO,ES,Federal Contract Tower,0,21,19,0,40,0,7,137,0,144,0,28,156,0,184,88,0,88,272
09/30/2000,GMU,SC,ASO,ES,Federal Contract Tower,0,12,14,0,26,0,0,115,0,115,0,12,129,0,141,48,0,48,189
10/01/2000,GMU,SC,ASO,ES,Federal Contract Tower,0,14,13,0,27,0,9,104,0,113,0,23,117,0,140,70,0,70,210
10/02/2000,GMU,SC,ASO,ES,Federal Contract Tower,0,18,16,0,34,0,4,133,0,137,0,22,149,0,171,78,0,78,249
10/03/2000,GMU,SC,ASO,ES,Federal Contract Tower,0,27,24,0,51,0,12,170,2,184,0,39,194,2,235,166,2,168,403
10/04/2000,GMU,SC,ASO,ES,Federal Contract Tower,0,32,31,0,63,0,0,133,4,137,0,32,164,4,200,70,0,70,270
10/05/2000,GMU,SC,ASO,ES,Federal Contract Tower,0,18,16,0,34,0,3,130,0,133,0,21,146,0,167,136,0,136,303
10/06/2000,GMU,SC,ASO,ES,Federal Contract Tower,0,36,32,0,68,0,7,120,0,127,0,43,152,0,195,100,0,100,295
10/07/2000,GMU,SC,ASO,ES,Federal Contract Tower,0,20,19,0,39,0,5,89,4,98,0,25,108,4,137,42,0,42,179
10/08/2000,GMU,SC,ASO,ES,Federal Contract Tower,0,18,16,0,34,0,5,61,0,66,0,23,77,0,100,28,0,28,128
10/09/2000,GMU,SC,ASO,ES,Federal Contract Tower,0,22,19,0,41,0,2,138,0,140,0,24,157,0,181,68,0,68,249
10/10/2000,GMU,SC,ASO,ES,Federal Contract Tower,0,25,22,0,47,0,3,152,2,157,0,28,174,2,204,114,0,114,318
10/11/2000,GMU,SC,ASO,ES,Federal Contract Tower,0,33,30,0,63,0,4,185,3,192,0,37,215,3,255,94,0,94,349
10/12/2000,GMU,SC,ASO,ES,Federal Contract Tower,0,26,23,0,49,0,7,150,2,159,0,33,173,2,208,92,0,92,300
10/13/2000,GMU,SC,ASO,ES,Federal Contract Tower,0,26,24,0,50,0,14,163,4,181,0,40,187,4,231,86,0,86,317
10/14/2000,GMU,SC,ASO,ES,Federal Contract Tower,0,10,10,0,20,0,7,158,0,165,0,17,168,0,185,88,0,88,273
10/15/2000,GMU,SC,ASO,ES,Federal Contract Tower,0,17,19,0,36,0,0,114,0,114,0,17,133,0,150,72,0,72,222
10/16/2000,GMU,SC,ASO,ES,Federal Contract Tower,0,17,13,0,30,0,5,158,0,163,0,22,171,0,193,120,0,120,313
10/17/2000,GMU,SC,ASO,ES,Federal Contract Tower,0,36,30,0,66,0,3,165,3,171,0,39,195,3,237,120,0,120,357
10/18/2000,GMU,SC,ASO,ES,Federal Contract Tower,0,31,25,0,56,0,4,119,4,127,0,35,144,4,183,70,0,70,253
10/19/2000,GMU,SC,ASO,ES,Federal Contract Tower,0,40,34,0,74,0,1,138,0,139,0,41,172,0,213,100,0,100,313
10/20/2000,GMU,SC,ASO,ES,Federal Contract Tower,0,35,29,0,64,0,0,103,0,103,0,35,132,0,167,128,0,128,295
10/21/2000,GMU,SC,ASO,ES,Federal Contract Tower,0,16,14,0,30,0,0,135,0,135,0,16,149,0,165,94,0,94,259
10/22/2000,GMU,SC,ASO,ES,Federal Contract Tower,0,21,19,0,40,0,0,112,0,112,0,21,131,0,152,98,0,98,250
10/23/2000,GMU,SC,ASO,ES,Federal Contract Tower,0,25,21,0,46,0,6,159,4,169,0,31,180,4,215,170,0,170,385
10/24/2000,GMU,SC,ASO,ES,Federal Contract Tower,0,42,36,0,78,0,11,169,4,184,0,53,205,4,262,110,0,110,372
10/25/2000,GMU,SC,ASO,ES,Federal Contract Tower,0,43,43,0,86,0,0,135,2,137,0,43,178,2,223,138,0,138,361
10/26/2000,GMU,SC,ASO,ES,Federal Contract Tower,0,32,27,0,59,0,9,135,2,146,0,41,162,2,205,106,0,106,311
10/27/2000,GMU,SC,ASO,ES,Federal Contract Tower,0,39,33,0,72,0,14,126,2,142,0,53,159,2,214,92,0,92,306
10/28/2000,GMU,SC,ASO,ES,Federal Contract Tower,0,18,14,0,32,0,7,149,6,162,0,25,163,6,194,98,0,98,292
10/29/2000,GMU,SC,ASO,ES,Federal Contract Tower,0,12,10,0,22,0,6,91,2,99,0,18,101,2,121,10,0,10,131
10/30/2000,GMU,SC,ASO,ES,Federal Contract Tower,0,27,23,0,50,0,19,135,2,156,0,46,158,2,206,64,0,64,270
10/31/2000,GMU,SC,ASO,ES,Federal Contract Tower,0,22,18,0,40,0,0,131,2,133,0,22,149,2,173,150,8,158,331
11/01/2000,GMU,SC,ASO,ES,Federal Contract Tower,0,31,28,0,59,0,1,200,2,203,0,32,228,2,262,164,0,164,426
11/02/2000,GMU,SC,ASO,ES,Federal Contract Tower,0,31,28,0,59,0,5,158,10,173,0,36,186,10,232,144,2,146,378
11/03/2000,GMU,SC,ASO,ES,Federal Contract Tower,0,33,30,0,63,0,17,135,1,153,0,50,165,1,216,141,0,141,357
11/04/2000,GMU,SC,ASO,ES,Federal Contract Tower,0,18,19,0,37,0,0,22,5,27,0,18,41,5,64,24,0,24,88
11/05/2000,GMU,SC,ASO,ES,Federal Contract Tower,0,22,20,0,42,0,0,126,2,128,0,22,146,2,170,56,0,56,226
11/06/2000,GMU,SC,ASO,ES,Federal Contract Tower,0,30,27,0,57,0,6,120,0,126,0,36,147,0,183,148,0,148,331
11/07/2000,GMU,SC,ASO,ES,Federal Contract Tower,0,35,34,0,69,0,0,3,0,3,0,35,37,0,72,4,0,4,76
11/08/2000,GMU,SC,ASO,ES,Federal Contract Tower,0,36,34,0,70,0,0,36,0,36,0,36,70,0,106,86,4,90,196
11/09/2000,GMU,SC,ASO,ES,Federal Contract Tower,0,20,17,0,37,0,2,0,0,2,0,22,17,0,39,0,0,0,39
11/10/2000,GMU,SC,ASO,ES,Federal Contract Tower,0,28,25,0,53,0,4,151,1,156,0,32,176,1,209,140,0,140,349
11/11/2000,GMU,SC,ASO,ES,Federal Contract Tower,0,10,9,0,19,0,1,174,4,179,0,11,183,4,198,134,0,134,332
11/12/2000,GMU,SC,ASO,ES,Federal Contract Tower,0,12,12,0,24,0,8,113,2,123,0,20,125,2,147,112,0,112,259
11/13/2000,GMU,SC,ASO,ES,Federal Contract Tower,0,27,23,0,50,0,7,104,0,111,0,34,127,0,161,120,0,120,281
11/14/2000,GMU,SC,ASO,ES,Federal Contract Tower,0,31,27,0,58,0,16,122,0,138,0,47,149,0,196,158,0,158,354
11/15/2000,GMU,SC,ASO,ES,Federal Contract Tower,0,24,19,0,43,0,5,147,1,153,0,29,166,1,196,72,0,72,268
11/16/2000,GMU,SC,ASO,ES,Federal Contract Tower,0,31,25,0,56,0,4,110,6,120,0,35,135,6,176,84,6,90,266
11/17/2000,GMU,SC,ASO,ES,Federal Contract Tower,0,30,25,0,55,0,3,70,0,73,0,33,95,0,128,82,0,82,210
11/18/2000,GMU,SC,ASO,ES,Federal Contract Tower,0,13,10,0,23,0,2,126,0,128,0,15,136,0,151,64,0,64,215
11/19/2000,GMU,SC,ASO,ES,Federal Contract Tower,0,5,1,0,6,0,2,0,0,2,0,7,1,0,8,0,0,0,8
11/20/2000,GMU,SC,ASO,ES,Federal Contract Tower,0,27,24,0,51,0,0,70,0,70,0,27,94,0,121,34,0,34,155
11/21/2000,GMU,SC,ASO,ES,Federal Contract Tower,0,37,31,0,68,0,17,117,0,134,0,54,148,0,202,62,0,62,264
11/22/2000,GMU,SC,ASO,ES,Federal Contract Tower,0,25,24,0,49,0,0,175,2,177,0,25,199,2,226,154,0,154,380
11/23/2000,GMU,SC,ASO,ES,Federal Contract Tower,0,6,6,0,12,0,0,71,0,71,0,6,77,0,83,4,0,4,87
11/24/2000,GMU,SC,ASO,ES,Federal Contract Tower,0,13,14,0,27,0,0,97,0,97,0,13,111,0,124,114,0,114,238
11/25/2000,GMU,SC,ASO,ES,Federal Contract Tower,0,4,6,0,10,0,0,5,0,5,0,4,11,0,15,0,0,0,15
11/26/2000,GMU,SC,ASO,ES,Federal Contract Tower,0,28,25,0,53,0,0,75,0,75,0,28,100,0,128,36,0,36,164
11/27/2000,GMU,SC,ASO,ES,Federal Contract Tower,0,23,19,0,42,0,16,163,0,179,0,39,182,0,221,132,0,132,353
11/28/2000,GMU,SC,ASO,ES,Federal Contract Tower,0,33,27,0,60,0,7,156,1,164,0,40,183,1,224,168,0,168,392
11/29/2000,GMU,SC,ASO,ES,Federal Contract Tower,0,34,29,0,63,0,6,113,0,119,0,40,142,0,182,96,0,96,278
11/30/2000,GMU,SC,ASO,ES,Federal Contract Tower,0,21,18,0,39,0,9,132,0,141,0,30,150,0,180,130,0,130,310
12/01/2000,GMU,SC,ASO,ES,Federal Contract Tower,0,23,17,0,40,0,13,132,3,148,0,36,149,3,188,166,0,166,354
12/02/2000,GMU,SC,ASO,ES,Federal Contract Tower,0,15,12,0,27,0,3,89,0,92,0,18,101,0,119,92,0,92,211
12/03/2000,GMU,SC,ASO,ES,Federal Contract Tower,0,5,5,0,10,0,4,13,0,17,0,9,18,0,27,2,0,2,29
12/04/2000,GMU,SC,ASO,ES,Federal Contract Tower,0,14,11,0,25,0,10,121,0,131,0,24,132,0,156,162,0,162,318
12/05/2000,GMU,SC,ASO,ES,Federal Contract Tower,0,30,22,0,52,0,9,142,0,151,0,39,164,0,203,148,0,148,351
12/06/2000,GMU,SC,ASO,ES,Federal Contract Tower,0,28,21,0,49,0,9,150,9,168,0,37,171,9,217,156,0,156,373
12/07/2000,GMU,SC,ASO,ES,Federal Contract Tower,0,39,28,0,67,0,7,112,6,125,0,46,140,6,192,144,0,144,336
12/08/2000,GMU,SC,ASO,ES,Federal Contract Tower,0,22,19,0,41,0,0,126,0,126,0,22,145,0,167,92,0,92,259
12/09/2000,GMU,SC,ASO,ES,Federal Contract Tower,0,10,8,0,18,0,7,139,1,147,0,17,147,1,165,114,0,114,279
12/10/2000,GMU,SC,ASO,ES,Federal Contract Tower,0,8,8,0,16,0,0,38,0,38,0,8,46,0,54,106,0,106,160
12/11/2000,GMU,SC,ASO,ES,Federal Contract Tower,0,33,22,0,55,0,3,63,0,66,0,36,85,0,121,62,0,62,183
12/12/2000,GMU,SC,ASO,ES,Federal Contract Tower,0,30,20,0,50,0,2,92,0,94,0,32,112,0,144,48,0,48,192
12/13/2000,GMU,SC,ASO,ES,Federal Contract Tower,0,23,16,0,39,0,6,32,0,38,0,29,48,0,77,12,0,12,89
12/14/2000,GMU,SC,ASO,ES,Federal Contract Tower,0,25,16,0,41,0,8,24,0,32,0,33,40,0,73,42,0,42,115
12/15/2000,GMU,SC,ASO,ES,Federal Contract Tower,0,29,19,0,48,0,1,62,4,67,0,30,81,4,115,112,0,112,227
12/16/2000,GMU,SC,ASO,ES,Federal Contract Tower,0,11,5,0,16,0,1,0,0,1,0,12,5,0,17,0,0,0,17
12/17/2000,GMU,SC,ASO,ES,Federal Contract Tower,0,11,7,0,18,0,4,17,0,21,0,15,24,0,39,12,0,12,51
12/18/2000,GMU,SC,ASO,ES,Federal Contract Tower,0,26,17,0,43,0,16,136,1,153,0,42,153,1,196,110,0,110,306
12/19/2000,GMU,SC,ASO,ES,Federal Contract Tower,0,15,9,0,24,0,2,12,0,14,0,17,21,0,38,0,0,0,38
12/20/2000,GMU,SC,ASO,ES,Federal Contract Tower,0,27,18,0,45,0,5,131,0,136,0,32,149,0,181,72,0,72,253
12/21/2000,GMU,SC,ASO,ES,Federal Contract Tower,0,23,17,0,40,0,0,44,2,46,0,23,61,2,86,28,0,28,114
12/22/2000,GMU,SC,ASO,ES,Federal Contract Tower,0,24,16,0,40,0,0,114,0,114,0,24,130,0,154,80,0,80,234
12/23/2000,GMU,SC,ASO,ES,Federal Contract Tower,0,8,5,0,13,0,1,110,0,111,0,9,115,0,124,40,0,40,164
12/24/2000,GMU,SC,ASO,ES,Federal Contract Tower,0,4,4,0,8,0,0,36,0,36,0,4,40,0,44,28,0,28,72
12/25/2000,GMU,SC,ASO,ES,Federal Contract Tower,0,3,2,0,5,0,0,36,0,36,0,3,38,0,41,8,0,8,49
12/26/2000,GMU,SC,ASO,ES,Federal Contract Tower,0,19,13,0,32,0,5,85,0,90,0,24,98,0,122,74,0,74,196
12/27/2000,GMU,SC,ASO,ES,Federal Contract Tower,0,23,17,0,40,0,0,11,0,11,0,23,28,0,51,0,0,0,51
12/28/2000,GMU,SC,ASO,ES,Federal Contract Tower,0,13,8,0,21,0,2,46,0,48,0,15,54,0,69,30,0,30,99
12/29/2000,GMU,SC,ASO,ES,Federal Contract Tower,0,10,6,0,16,0,3,104,3,110,0,13,110,3,126,40,0,40,166
12/30/2000,GMU,SC,ASO,ES,Federal Contract Tower,0,6,3,0,9,0,0,84,0,84,0,6,87,0,93,8,0,8,101
12/31/2000,GMU,SC,ASO,ES,Federal Contract Tower,0,3,4,0,7,0,0,73,0,73,0,3,77,0,80,90,0,90,170
01/01/2001,GMU,SC,ASO,ES,Federal Contract Tower,0,10,12,0,22,0,0,58,0,58,0,10,70,0,80,22,0,22,102
01/02/2001,GMU,SC,ASO,ES,Federal Contract Tower,0,14,12,0,26,0,1,71,0,72,0,15,83,0,98,48,0,48,146
01/03/2001,GMU,SC,ASO,ES,Federal Contract Tower,0,17,14,0,31,0,11,112,1,124,0,28,126,1,155,14,2,16,171
01/04/2001,GMU,SC,ASO,ES,Federal Contract Tower,0,22,19,0,41,0,7,112,1,120,0,29,131,1,161,110,0,110,271
01/05/2001,GMU,SC,ASO,ES,Federal Contract Tower,0,16,14,0,30,0,5,107,0,112,0,21,121,0,142,6,0,6,148
01/06/2001,GMU,SC,ASO,ES,Federal Contract Tower,0,10,7,0,17,0,4,153,0,157,0,14,160,0,174,94,0,94,268
01/07/2001,GMU,SC,ASO,ES,Federal Contract Tower,0,6,8,0,14,0,0,93,0,93,0,6,101,0,107,26,0,26,133
01/08/2001,GMU,SC,ASO,ES,Federal Contract Tower,0,24,23,0,47,0,5,49,0,54,0,29,72,0,101,74,0,74,175
01/09/2001,GMU,SC,ASO,ES,Federal Contract Tower,0,11,10,0,21,0,6,77,2,85,0,17,87,2,106,12,0,12,118
01/10/2001,GMU,SC,ASO,ES,Federal Contract Tower,0,24,24,0,48,0,10,140,3,153,0,34,164,3,201,100,0,100,301
01/11/2001,GMU,SC,ASO,ES,Federal Contract Tower,0,27,26,0,53,0,4,107,5,116,0,31,133,5,169,95,0,95,264
01/12/2001,GMU,SC,ASO,ES,Federal Contract Tower,0,14,20,0,34,0,0,25,0,25,0,14,45,0,59,16,0,16,75
01/13/2001,GMU,SC,ASO,ES,Federal Contract Tower,0,14,13,0,27,0,0,134,0,134,0,14,147,0,161,54,0,54,215
01/14/2001,GMU,SC,ASO,ES,Federal Contract Tower,0,10,21,0,31,0,0,55,0,55,0,10,76,0,86,58,0,58,144
01/15/2001,GMU,SC,ASO,ES,Federal Contract Tower,0,25,26,0,51,0,0,105,4,109,0,25,131,4,160,92,0,92,252
01/16/2001,GMU,SC,ASO,ES,Federal Contract Tower,0,26,28,0,54,0,4,133,0,137,0,30,161,0,191,98,0,98,289
01/17/2001,GMU,SC,ASO,ES,Federal Contract Tower,0,21,26,0,47,0,0,70,0,70,0,21,96,0,117,96,0,96,213
01/18/2001,GMU,SC,ASO,ES,Federal Contract Tower,0,17,27,0,44,0,0,8,0,8,0,17,35,0,52,0,0,0,52
01/19/2001,GMU,SC,ASO,ES,Federal Contract Tower,0,12,9,0,21,0,4,0,0,4,0,16,9,0,25,0,0,0,25
01/20/2001,GMU,SC,ASO,ES,Federal Contract Tower,0,4,6,0,10,0,2,19,0,21,0,6,25,0,31,40,0,40,71
01/21/2001,GMU,SC,ASO,ES,Federal Contract Tower,0,7,8,0,15,0,4,112,0,116,0,11,120,0,131,76,0,76,207
01/22/2001,GMU,SC,ASO,ES,Federal Contract Tower,0,24,25,0,49,0,3,122,0,125,0,27,147,0,174,84,0,84,258
01/23/2001,GMU,SC,ASO,ES,Federal Contract Tower,0,21,23,0,44,0,6,137,2,145,0,27,160,2,189,158,0,158,347
01/24/2001,GMU,SC,ASO,ES,Federal Contract Tower,0,33,34,0,67,0,5,112,3,120,0,38,146,3,187,122,0,122,309
01/25/2001,GMU,SC,ASO,ES,Federal Contract Tower,0,25,26,0,51,0,9,100,0,109,0,34,126,0,160,60,0,60,220
01/26/2001,GMU,SC,ASO,ES,Federal Contract Tower,0,16,17,0,33,0,11,133,0,144,0,27,150,0,177,142,0,142,319
01/27/2001,GMU,SC,ASO,ES,Federal Contract Tower,0,4,6,0,10,0,1,124,0,125,0,5,130,0,135,48,0,48,183
01/28/2001,GMU,SC,ASO,ES,Federal Contract Tower,0,10,12,0,22,0,9,126,0,135,0,19,138,0,157,66,0,66,223
01/29/2001,GMU,SC,ASO,ES,Federal Contract Tower,0,18,19,0,37,0,5,85,0,90,0,23,104,0,127,150,0,150,277
01/30/2001,GMU,SC,ASO,ES,Federal Contract Tower,0,24,25,0,49,0,7,75,2,84,0,31,100,2,133,36,0,36,169
01/31/2001,GMU,SC,ASO,ES,Federal Contract Tower,0,22,23,0,45,0,10,118,2,130,0,32,141,2,175,30,0,30,205
02/01/2001,GMU,SC,ASO,ES,Federal Contract Tower,0,26,25,0,51,0,2,136,4,142,0,28,161,4,193,152,0,152,345
02/02/2001,GMU,SC,ASO,ES,Federal Contract Tower,0,26,26,0,52,0,6,98,0,104,0,32,124,0,156,54,0,54,210
02/03/2001,GMU,SC,ASO,ES,Federal Contract Tower,0,10,9,0,19,0,1,160,1,162,0,11,169,1,181,122,0,122,303
02/04/2001,GMU,SC,ASO,ES,Federal Contract Tower,0,11,10,0,21,0,0,112,1,113,0,11,122,1,134,110,0,110,244
02/05/2001,GMU,SC,ASO,ES,Federal Contract Tower,0,16,16,0,32,0,10,118,2,130,0,26,134,2,162,68,0,68,230
02/06/2001,GMU,SC,ASO,ES,Federal Contract Tower,0,22,22,0,44,0,22,136,3,161,0,44,158,3,205,84,4,88,293
02/07/2001,GMU,SC,ASO,ES,Federal Contract Tower,0,25,24,0,49,0,15,152,6,173,0,40,176,6,222,90,0,90,312
02/08/2001,GMU,SC,ASO,ES,Federal Contract Tower,0,26,25,0,51,0,7,142,4,153,0,33,167,4,204,134,0,134,338
02/09/2001,GMU,SC,ASO,ES,Federal Contract Tower,0,28,32,0,60,0,0,112,0,112,0,28,144,0,172,106,0,106,278
02/10/2001,GMU,SC,ASO,ES,Federal Contract Tower,0,3,9,0,12,0,0,137,1,138,0,3,146,1,150,152,0,152,302
02/11/2001,GMU,SC,ASO,ES,Federal Contract Tower,0,18,21,0,39,0,0,104,0,104,0,18,125,0,143,8,0,8,151
02/12/2001,GMU,SC,ASO,ES,Federal Contract Tower,0,27,28,0,55,0,2,12,0,14,0,29,40,0,69,6,0,6,75
02/13/2001,GMU,SC,ASO,ES,Federal Contract Tower,0,21,28,1,50,0,0,51,0,51,0,21,79,1,101,46,0,46,147
02/14/2001,GMU,SC,ASO,ES,Federal Contract Tower,0,31,32,0,63,0,2,5,0,7,0,33,37,0,70,2,0,2,72
02/15/2001,GMU,SC,ASO,ES,Federal Contract Tower,0,38,46,0,84,0,0,24,0,24,0,38,70,0,108,60,0,60,168
02/16/2001,GMU,SC,ASO,ES,Federal Contract Tower,0,34,36,0,70,0,4,42,0,46,0,38,78,0,116,6,0,6,122
02/17/2001,GMU,SC,ASO,ES,Federal Contract Tower,0,8,9,0,17,0,2,117,0,119,0,10,126,0,136,80,0,80,216
02/18/2001,GMU,SC,ASO,ES,Federal Contract Tower,0,14,16,0,30,0,5,153,0,158,0,19,169,0,188,74,0,74,262
02/19/2001,GMU,SC,ASO,ES,Federal Contract Tower,0,29,30,0,59,0,2,144,2,148,0,31,174,2,207,36,0,36,243
02/20/2001,GMU,SC,ASO,ES,Federal Contract Tower,0,23,25,0,48,0,11,123,9,143,0,34,148,9,191,68,0,68,259
02/21/2001,GMU,SC,ASO,ES,Federal Contract Tower,0,31,34,0,65,0,0,92,3,95,0,31,126,3,160,44,0,44,204
02/22/2001,GMU,SC,ASO,ES,Federal Contract Tower,0,22,25,0,47,0,0,1,0,1,0,22,26,0,48,0,0,0,48
02/23/2001,GMU,SC,ASO,ES,Federal Contract Tower,0,21,24,0,45,0,0,129,0,129,0,21,153,0,174,122,0,122,296
02/24/2001,GMU,SC,ASO,ES,Federal Contract Tower,0,12,13,0,25,0,2,99,0,101,0,14,112,0,126,112,0,112,238
02/25/2001,GMU,SC,ASO,ES,Federal Contract Tower,0,17,18,0,35,0,3,7,0,10,0,20,25,0,45,2,0,2,47
02/26/2001,GMU,SC,ASO,ES,Federal Contract Tower,0,20,22,0,42,0,6,195,3,204,0,26,217,3,246,130,0,130,376
02/27/2001,GMU,SC,ASO,ES,Federal Contract Tower,0,31,33,0,64,0,14,121,0,135,0,45,154,0,199,92,0,92,291
02/28/2001,GMU,SC,ASO,ES,Federal Contract Tower,0,26,27,0,53,0,10,95,0,105,0,36,122,0,158,88,0,88,246
03/01/2001,GMU,SC,ASO,ES,Federal Contract Tower,0,26,26,0,52,0,2,143,4,149,0,28,169,4,201,112,0,112,313
03/02/2001,GMU,SC,ASO,ES,Federal Contract Tower,0,19,22,0,41,0,0,94,1,95,0,19,116,1,136,12,0,12,148
03/03/2001,GMU,SC,ASO,ES,Federal Contract Tower,0,4,10,0,14,0,0,8,0,8,0,4,18,0,22,0,0,0,22
03/04/2001,GMU,SC,ASO,ES,Federal Contract Tower,0,5,6,0,11,0,0,1,0,1,0,5,7,0,12,4,0,4,16
03/05/2001,GMU,SC,ASO,ES,Federal Contract Tower,0,11,11,0,22,0,15,138,2,155,0,26,149,2,177,54,0,54,231
03/06/2001,GMU,SC,ASO,ES,Federal Contract Tower,0,17,17,0,34,0,10,62,0,72,0,27,79,0,106,10,0,10,116
03/07/2001,GMU,SC,ASO,ES,Federal Contract Tower,0,36,37,0,73,0,8,163,4,175,0,44,200,4,248,110,0,110,358
03/08/2001,GMU,SC,ASO,ES,Federal Contract Tower,0,21,21,0,42,0,2,169,5,176,0,23,190,5,218,80,0,80,298
03/09/2001,GMU,SC,ASO,ES,Federal Contract Tower,0,21,22,0,43,0,3,119,0,122,0,24,141,0,165,62,0,62,227
03/10/2001,GMU,SC,ASO,ES,Federal Contract Tower,0,9,11,0,20,0,0,186,0,186,0,9,197,0,206,146,0,146,352
03/11/2001,GMU,SC,ASO,ES,Federal Contract Tower,0,14,15,0,29,0,0,140,0,140,0,14,155,0,169,42,0,42,211
03/12/2001,GMU,SC,ASO,ES,Federal Contract Tower,0,12,15,0,27,0,0,32,0,32,0,12,47,0,59,6,0,6,65
03/13/2001,GMU,SC,ASO,ES,Federal Contract Tower,0,21,21,0,42,0,9,36,5,50,0,30,57,5,92,2,0,2,94
03/14/2001,GMU,SC,ASO,ES,Federal Contract Tower,0,23,24,0,47,0,5,167,0,172,0,28,191,0,219,104,0,104,323
03/15/2001,GMU,SC,ASO,ES,Federal Contract Tower,0,31,31,0,62,0,0,9,0,9,0,31,40,0,71,42,0,42,113
03/16/2001,GMU,SC,ASO,ES,Federal Contract Tower,0,20,21,0,41,0,0,53,0,53,0,20,74,0,94,48,0,48,142
03/17/2001,GMU,SC,ASO,ES,Federal Contract Tower,0,14,14,0,28,0,2,135,0,137,0,16,149,0,165,118,3,121,286
03/18/2001,GMU,SC,ASO,ES,Federal Contract Tower,0,14,15,0,29,0,2,109,0,111,0,16,124,0,140,66,0,66,206
03/19/2001,GMU,SC,ASO,ES,Federal Contract Tower,0,15,16,0,31,0,7,112,0,119,0,22,128,0,150,40,0,40,190
03/20/2001,GMU,SC,ASO,ES,Federal Contract Tower,0,12,7,0,19,0,7,0,0,7,0,19,7,0,26,0,0,0,26
03/21/2001,GMU,SC,ASO,ES,Federal Contract Tower,0,21,22,0,43,0,3,55,0,58,0,24,77,0,101,76,0,76,177
03/22/2001,GMU,SC,ASO,ES,Federal Contract Tower,0,31,31,0,62,0,12,91,0,103,0,43,122,0,165,66,0,66,231
03/23/2001,GMU,SC,ASO,ES,Federal Contract Tower,0,22,22,0,44,0,6,128,4,138,0,28,150,4,182,46,0,46,228
03/24/2001,GMU,SC,ASO,ES,Federal Contract Tower,0,14,13,0,27,0,5,96,0,101,0,19,109,0,128,32,0,32,160
03/25/2001,GMU,SC,ASO,ES,Federal Contract Tower,0,15,14,0,29,0,0,135,0,135,0,15,149,0,164,100,0,100,264
03/26/2001,GMU,SC,ASO,ES,Federal Contract Tower,0,20,18,0,38,0,3,137,0,140,0,23,155,0,178,128,0,128,306
03/27/2001,GMU,SC,ASO,ES,Federal Contract Tower,0,19,17,0,36,0,7,128,2,137,0,26,145,2,173,116,0,116,289
03/28/2001,GMU,SC,ASO,ES,Federal Contract Tower,0,26,24,0,50,0,6,166,4,176,0,32,190,4,226,84,0,84,310
03/29/2001,GMU,SC,ASO,ES,Federal Contract Tower,0,21,12,0,33,0,10,0,0,10,0,31,12,0,43,0,0,0,43
03/30/2001,GMU,SC,ASO,ES,Federal Contract Tower,0,38,37,0,75,0,5,24,4,33,0,43,61,4,108,34,0,34,142
03/31/2001,GMU,SC,ASO,ES,Federal Contract Tower,0,16,20,0,36,0,0,113,0,113,0,16,133,0,149,80,0,80,229
04/01/2001,GMU,SC,ASO,ES,Federal Contract Tower,0,13,11,0,24,0,3,41,0,44,0,16,52,0,68,0,0,0,68
04/02/2001,GMU,SC,ASO,ES,Federal Contract Tower,0,31,15,0,46,0,8,180,0,188,0,39,195,0,234,138,0,138,372
04/03/2001,GMU,SC,ASO,ES,Federal Contract Tower,0,32,25,0,57,0,0,28,0,28,0,32,53,0,85,0,0,0,85
04/04/2001,GMU,SC,ASO,ES,Federal Contract Tower,0,30,35,0,65,0,2,154,2,158,0,32,189,2,223,140,0,140,363
04/05/2001,GMU,SC,ASO,ES,Federal Contract Tower,0,32,43,0,75,0,0,78,0,78,0,32,121,0,153,158,0,158,311
04/06/2001,GMU,SC,ASO,ES,Federal Contract Tower,0,29,37,0,66,0,4,93,1,98,0,33,130,1,164,96,0,96,260
04/07/2001,GMU,SC,ASO,ES,Federal Contract Tower,0,15,24,0,39,0,3,150,7,160,0,18,174,7,199,60,0,60,259
04/08/2001,GMU,SC,ASO,ES,Federal Contract Tower,0,15,9,0,24,0,3,88,3,94,0,18,97,3,118,34,14,48,166
04/09/2001,GMU,SC,ASO,ES,Federal Contract Tower,0,25,13,0,38,0,12,182,4,198,0,37,195,4,236,110,2,112,348
04/10/2001,GMU,SC,ASO,ES,Federal Contract Tower,0,27,13,0,40,0,10,179,6,195,0,37,192,6,235,116,0,116,351
04/11/2001,GMU,SC,ASO,ES,Federal Contract Tower,0,34,42,0,76,0,6,143,14,163,0,40,185,14,239,185,6,191,430
04/12/2001,GMU,SC,ASO,ES,Federal Contract Tower,0,39,34,0,73,0,6,123,0,129,0,45,157,0,202,48,0,48,250
04/13/2001,GMU,SC,ASO,ES,Federal Contract Tower,0,21,23,0,44,0,1,87,0,88,0,22,110,0,132,54,0,54,186
04/14/2001,GMU,SC,ASO,ES,Federal Contract Tower,0,10,16,0,26,0,3,127,2,132,0,13,143,2,158,88,0,88,246
04/15/2001,GMU,SC,ASO,ES,Federal Contract Tower,0,15,19,0,34,0,1,18,0,19,0,16,37,0,53,2,0,2,55
04/16/2001,GMU,SC,ASO,ES,Federal Contract Tower,0,44,24,0,68,0,4,145,0,149,0,48,169,0,217,68,0,68,285
04/17/2001,GMU,SC,ASO,ES,Federal Contract Tower,0,41,14,0,55,0,2,79,2,83,0,43,93,2,138,34,0,34,172
04/18/2001,GMU,SC,ASO,ES,Federal Contract Tower,0,54,19,0,73,0,10,173,8,191,0,64,192,8,264,116,0,116,380
04/19/2001,GMU,SC,ASO,ES,Federal Contract Tower,0,47,30,0,77,0,1,154,8,163,0,48,184,8,240,156,2,158,398
04/20/2001,GMU,SC,ASO,ES,Federal Contract Tower,0,36,24,0,60,0,7,115,0,122,0,43,139,0,182,92,0,92,274
04/21/2001,GMU,SC,ASO,ES,Federal Contract Tower,0,24,12,0,36,0,5,127,2,134,0,29,139,2,170,92,0,92,262
04/22/2001,GMU,SC,ASO,ES,Federal Contract Tower,0,22,20,0,42,0,6,119,1,126,0,28,139,1,168,40,0,40,208
04/23/2001,GMU,SC,ASO,ES,Federal Contract Tower,0,32,21,0,53,0,13,142,0,155,0,45,163,0,208,128,0,128,336
04/24/2001,GMU,SC,ASO,ES,Federal Contract Tower,0,37,29,0,66,0,9,105,0,114,0,46,134,0,180,82,0,82,262
04/25/2001,GMU,SC,ASO,ES,Federal Contract Tower,0,53,45,0,98,0,2,110,2,114,0,55,155,2,212,64,0,64,276
04/26/2001,GMU,SC,ASO,ES,Federal Contract Tower,0,47,29,1,77,0,9,152,2,163,0,56,181,3,240,130,0,130,370
04/27/2001,GMU,SC,ASO,ES,Federal Contract Tower,0,34,30,0,64,0,11,119,0,130,0,45,149,0,194,106,0,106,300
04/28/2001,GMU,SC,ASO,ES,Federal Contract Tower,0,13,11,1,25,0,5,161,1,167,0,18,172,2,192,120,0,120,312
04/29/2001,GMU,SC,ASO,ES,Federal Contract Tower,0,13,19,0,32,0,5,75,2,82,0,18,94,2,114,22,0,22,136
04/30/2001,GMU,SC,ASO,ES,Federal Contract Tower,0,26,24,0,50,0,8,124,4,136,0,34,148,4,186,120,0,120,306
05/01/2001,GMU,SC,ASO,ES,Federal Contract Tower,0,40,32,0,72,0,8,134,5,147,0,48,166,5,219,224,0,224,443
05/02/2001,GMU,SC,ASO,ES,Federal Contract Tower,0,31,26,0,57,0,5,149,1,155,0,36,175,1,212,162,72,234,446
05/03/2001,GMU,SC,ASO,ES,Federal Contract Tower,0,40,24,0,64,0,7,124,2,133,0,47,148,2,197,74,71,145,342
05/04/2001,GMU,SC,ASO,ES,Federal Contract Tower,0,22,23,0,45,0,15,118,0,133,0,37,141,0,178,52,34,86,264
05/05/2001,GMU,SC,ASO,ES,Federal Contract Tower,0,10,23,0,33,0,3,138,0,141,0,13,161,0,174,62,10,72,246
05/06/2001,GMU,SC,ASO,ES,Federal Contract Tower,0,14,27,0,41,0,5,36,0,41,0,19,63,0,82,16,0,16,98
05/07/2001,GMU,SC,ASO,ES,Federal Contract Tower,0,23,24,0,47,0,8,63,0,71,0,31,87,0,118,94,0,94,212
05/08/2001,GMU,SC,ASO,ES,Federal Contract Tower,0,19,26,0,45,0,5,98,3,106,0,24,124,3,151,180,32,212,363
05/09/2001,GMU,SC,ASO,ES,Federal Contract Tower,0,34,27,0,61,0,7,119,5,131,0,41,146,5,192,114,26,140,332
05/10/2001,GMU,SC,ASO,ES,Federal Contract Tower,0,33,23,0,56,0,8,100,1,109,0,41,123,1,165,120,0,120,285
05/11/2001,GMU,SC,ASO,ES,Federal Contract Tower,0,27,32,0,59,0,6,117,2,125,0,33,149,2,184,112,0,112,296
05/12/2001,GMU,SC,ASO,ES,Federal Contract Tower,0,12,14,0,26,0,8,85,0,93,0,20,99,0,119,118,0,118,237
05/13/2001,GMU,SC,ASO,ES,Federal Contract Tower,0,3,21,0,24,0,3,108,0,111,0,6,129,0,135,24,0,24,159
05/14/2001,GMU,SC,ASO,ES,Federal Contract Tower,0,34,17,0,51,0,18,157,0,175,0,52,174,0,226,114,0,114,340
05/15/2001,GMU,SC,ASO,ES,Federal Contract Tower,0,25,18,0,43,0,11,156,0,167,0,36,174,0,210,68,0,68,278
05/16/2001,GMU,SC,ASO,ES,Federal Contract Tower,0,30,9,0,39,0,5,134,3,142,0,35,143,3,181,72,0,72,253
05/17/2001,GMU,SC,ASO,ES,Federal Contract Tower,0,21,33,0,54,0,4,96,0,100,0,25,129,0,154,88,0,88,242
05/18/2001,GMU,SC,ASO,ES,Federal Contract Tower,0,17,69,0,86,0,0,51,0,51,0,17,120,0,137,60,0,60,197
05/19/2001,GMU,SC,ASO,ES,Federal Contract Tower,0,8,15,0,23,0,1,107,12,120,0,9,122,12,143,34,0,34,177
05/20/2001,GMU,SC,ASO,ES,Federal Contract Tower,0,13,25,0,38,0,1,34,0,35,0,14,59,0,73,4,0,4,77
05/21/2001,GMU,SC,ASO,ES,Federal Contract Tower,0,17,17,0,34,0,2,32,0,34,0,19,49,0,68,10,0,10,78
05/22/2001,GMU,SC,ASO,ES,Federal Contract Tower,0,31,11,0,42,0,5,61,0,66,0,36,72,0,108,88,0,88,196
05/23/2001,GMU,SC,ASO,ES,Federal Contract Tower,0,30,23,0,53,0,11,200,4,215,0,41,223,4,268,124,10,134,402
05/24/2001,GMU,SC,ASO,ES,Federal Contract Tower,0,32,28,0,60,0,13,88,6,107,0,45,116,6,167,28,0,28,195
05/25/2001,GMU,SC,ASO,ES,Federal Contract Tower,0,27,36,0,63,0,3,54,0,57,0,30,90,0,120,24,0,24,144
05/26/2001,GMU,SC,ASO,ES,Federal Contract Tower,0,1,16,0,17,0,1,119,0,120,0,2,135,0,137,58,0,58,195
05/27/2001,GMU,SC,ASO,ES,Federal Contract Tower,0,2,11,0,13,0,4,69,0,73,0,6,80,0,86,26,0,26,112
05/28/2001,GMU,SC,ASO,ES,Federal Contract Tower,0,9,25,0,34,0,1,30,0,31,0,10,55,0,65,62,0,62,127
05/29/2001,GMU,SC,ASO,ES,Federal Contract Tower,0,35,24,0,59,0,5,119,0,124,0,40,143,0,183,120,0,120,303
05/30/2001,GMU,SC,ASO,ES,Federal Contract Tower,0,29,32,0,61,0,11,160,6,177,0,40,192,6,238,90,4,94,332
05/31/2001,GMU,SC,ASO,ES,Federal Contract Tower,0,36,25,0,61,0,4,113,2,119,0,40,138,2,180,62,0,62,242
06/01/2001,GMU,SC,ASO,ES,Federal Contract Tower,0,27,18,1,46,0,1,9,0,10,0,28,27,1,56,0,0,0,56
06/02/2001,GMU,SC,ASO,ES,Federal Contract Tower,0,12,19,0,31,0,2,90,6,98,0,14,109,6,129,34,0,34,163
06/03/2001,GMU,SC,ASO,ES,Federal Contract Tower,0,12,14,0,26,0,4,102,1,107,0,16,116,1,133,12,0,12,145
06/04/2001,GMU,SC,ASO,ES,Federal Contract Tower,0,20,18,0,38,0,5,91,2,98,0,25,109,2,136,94,8,102,238
06/05/2001,GMU,SC,ASO,ES,Federal Contract Tower,0,38,18,0,56,0,11,138,2,151,0,49,156,2,207,120,0,120,327
06/06/2001,GMU,SC,ASO,ES,Federal Contract Tower,0,43,17,0,60,0,9,90,0,99,0,52,107,0,159,76,0,76,235
06/07/2001,GMU,SC,ASO,ES,Federal Contract Tower,0,53,23,0,76,0,8,80,1,89,0,61,103,1,165,136,0,136,301
06/08/2001,GMU,SC,ASO,ES,Federal Contract Tower,0,39,40,0,79,0,3,44,4,51,0,42,84,4,130,30,0,30,160
06/09/2001,GMU,SC,ASO,ES,Federal Contract Tower,0,14,18,0,32,0,0,92,8,100,0,14,110,8,132,80,0,80,212
06/10/2001,GMU,SC,ASO,ES,Federal Contract Tower,0,19,28,0,47,0,5,84,8,97,0,24,112,8,144,54,4,58,202
06/11/2001,GMU,SC,ASO,ES,Federal Contract Tower,0,25,13,0,38,0,2,114,0,116,0,27,127,0,154,124,0,124,278
06/12/2001,GMU,SC,ASO,ES,Federal Contract Tower,0,27,18,0,45,0,13,86,0,99,0,40,104,0,144,86,0,86,230
06/13/2001,GMU,SC,ASO,ES,Federal Contract Tower,0,28,24,0,52,0,3,87,4,94,0,31,111,4,146,64,0,64,210
06/14/2001,GMU,SC,ASO,ES,Federal Contract Tower,0,36,17,0,53,0,5,66,2,73,0,41,83,2,126,40,0,40,166
06/15/2001,GMU,SC,ASO,ES,Federal Contract Tower,0,29,13,0,42,0,3,74,2,79,0,32,87,2,121,58,0,58,179
06/16/2001,GMU,SC,ASO,ES,Federal Contract Tower,0,19,20,0,39,0,2,103,0,105,0,21,123,0,144,38,0,38,182
06/17/2001,GMU,SC,ASO,ES,Federal Contract Tower,0,26,15,0,41,0,3,64,0,67,0,29,79,0,108,30,0,30,138
06/18/2001,GMU,SC,ASO,ES,Federal Contract Tower,0,25,20,0,45,0,5,104,0,109,0,30,124,0,154,62,0,62,216
06/19/2001,GMU,SC,ASO,ES,Federal Contract Tower,0,34,15,0,49,0,2,114,4,120,0,36,129,4,169,66,0,66,235
06/20/2001,GMU,SC,ASO,ES,Federal Contract Tower,0,44,13,0,57,0,7,124,9,140,0,51,137,9,197,90,0,90,287
06/21/2001,GMU,SC,ASO,ES,Federal Contract Tower,0,28,16,0,44,0,3,96,6,105,0,31,112,6,149,120,22,142,291
06/22/2001,GMU,SC,ASO,ES,Federal Contract Tower,0,46,34,0,80,0,5,30,0,35,0,51,64,0,115,10,0,10,125
06/23/2001,GMU,SC,ASO,ES,Federal Contract Tower,0,11,18,1,30,0,1,84,2,87,0,12,102,3,117,32,0,32,149
06/24/2001,GMU,SC,ASO,ES,Federal Contract Tower,0,20,11,0,31,0,6,102,2,110,0,26,113,2,141,66,0,66,207
06/25/2001,GMU,SC,ASO,ES,Federal Contract Tower,0,34,20,0,54,0,2,43,0,45,0,36,63,0,99,76,0,76,175
06/26/2001,GMU,SC,ASO,ES,Federal Contract Tower,0,32,25,0,57,0,1,37,2,40,0,33,62,2,97,74,0,74,171
06/27/2001,GMU,SC,ASO,ES,Federal Contract Tower,0,23,26,0,49,0,8,137,1,146,0,31,163,1,195,62,0,62,257
06/28/2001,GMU,SC,ASO,ES,Federal Contract Tower,0,26,21,0,47,0,0,144,5,149,0,26,165,5,196,144,0,144,340
06/29/2001,GMU,SC,ASO,ES,Federal Contract Tower,0,25,17,0,42,0,2,131,5,138,0,27,148,5,180,138,12,150,330
06/30/2001,GMU,SC,ASO,ES,Federal Contract Tower,0,13,17,0,30,0,1,95,6,102,0,14,112,6,132,78,2,80,212
07/01/2001,GMU,SC,ASO,ES,Federal Contract Tower,0,5,18,0,23,0,0,61,0,61,0,5,79,0,84,38,0,38,122
07/02/2001,GMU,SC,ASO,ES,Federal Contract Tower,0,29,18,0,47,0,4,101,0,105,0,33,119,0,152,140,0,140,292
07/03/2001,GMU,SC,ASO,ES,Federal Contract Tower,0,31,32,0,63,0,0,63,0,63,0,31,95,0,126,110,0,110,236
07/04/2001,GMU,SC,ASO,ES,Federal Contract Tower,0,5,15,0,20,0,0,62,0,62,0,5,77,0,82,40,0,40,122
07/05/2001,GMU,SC,ASO,ES,Federal Contract Tower,0,38,14,0,52,0,7,104,2,113,0,45,118,2,165,126,0,126,291
07/06/2001,GMU,SC,ASO,ES,Federal Contract Tower,0,27,10,0,37,0,9,124,2,135,0,36,134,2,172,114,0,114,286
07/07/2001,GMU,SC,ASO,ES,Federal Contract Tower,0,15,14,0,29,0,3,82,4,89,0,18,96,4,118,116,16,132,250
07/08/2001,GMU,SC,ASO,ES,Federal Contract Tower,0,16,11,1,28,0,0,58,0,58,0,16,69,1,86,46,0,46,132
07/09/2001,GMU,SC,ASO,ES,Federal Contract Tower,0,34,18,0,52,0,9,79,4,92,0,43,97,4,144,66,0,66,210
07/10/2001,GMU,SC,ASO,ES,Federal Contract Tower,0,31,21,0,52,0,26,98,4,128,0,57,119,4,180,100,4,104,284
07/11/2001,GMU,SC,ASO,ES,Federal Contract Tower,0,47,14,0,61,0,8,89,0,97,0,55,103,0,158,98,0,98,256
07/12/2001,GMU,SC,ASO,ES,Federal Contract Tower,0,30,29,1,60,0,6,149,5,160,0,36,178,6,220,92,0,92,312
07/13/2001,GMU,SC,ASO,ES,Federal Contract Tower,0,33,20,4,57,0,7,69,1,77,0,40,89,5,134,88,0,88,222
07/14/2001,GMU,SC,ASO,ES,Federal Contract Tower,0,10,8,0,18,0,7,95,2,104,0,17,103,2,122,72,0,72,194
07/15/2001,GMU,SC,ASO,ES,Federal Contract Tower,0,13,15,0,28,0,5,107,0,112,0,18,122,0,140,69,0,69,209
07/16/2001,GMU,SC,ASO,ES,Federal Contract Tower,0,24,23,2,49,0,9,120,0,129,0,33,143,2,178,106,2,108,286
07/17/2001,GMU,SC,ASO,ES,Federal Contract Tower,0,29,26,0,55,0,8,124,0,132,0,37,150,0,187,126,0,126,313
07/18/2001,GMU,SC,ASO,ES,Federal Contract Tower,0,48,28,4,80,0,2,90,2,94,0,50,118,6,174,106,0,106,280
07/19/2001,GMU,SC,ASO,ES,Federal Contract Tower,0,33,21,4,58,0,4,43,1,48,0,37,64,5,106,30,2,32,138
07/20/2001,GMU,SC,ASO,ES,Federal Contract Tower,0,32,28,0,60,0,2,16,0,18,0,34,44,0,78,8,0,8,86
07/21/2001,GMU,SC,ASO,ES,Federal Contract Tower,0,7,18,0,25,0,8,108,0,116,0,15,126,0,141,36,0,36,177
07/22/2001,GMU,SC,ASO,ES,Federal Contract Tower,0,12,17,0,29,0,0,103,0,103,0,12,120,0,132,40,0,40,172
07/23/2001,GMU,SC,ASO,ES,Federal Contract Tower,0,15,16,0,31,0,5,114,0,119,0,20,130,0,150,60,0,60,210
07/24/2001,GMU,SC,ASO,ES,Federal Contract Tower,0,34,34,0,68,0,0,24,0,24,0,34,58,0,92,34,0,34,126
07/25/2001,GMU,SC,ASO,ES,Federal Contract Tower,0,56,11,0,67,0,0,2,0,2,0,56,13,0,69,2,0,2,71
07/26/2001,GMU,SC,ASO,ES,Federal Contract Tower,0,51,29,0,80,0,4,69,1,74,0,55,98,1,154,70,0,70,224
07/27/2001,GMU,SC,ASO,ES,Federal Contract Tower,0,28,17,3,48,0,5,57,0,62,0,33,74,3,110,24,0,24,134
07/28/2001,GMU,SC,ASO,ES,Federal Contract Tower,0,11,18,5,34,0,1,37,0,38,0,12,55,5,72,86,0,86,158
07/29/2001,GMU,SC,ASO,ES,Federal Contract Tower,0,17,15,0,32,0,0,20,0,20,0,17,35,0,52,36,0,36,88
07/30/2001,GMU,SC,ASO,ES,Federal Contract Tower,0,31,5,0,36,0,2,121,2,125,0,33,126,2,161,194,0,194,355
07/31/2001,GMU,SC,ASO,ES,Federal Contract Tower,0,29,17,0,46,0,4,95,0,99,0,33,112,0,145,114,0,114,259
08/01/2001,GMU,SC,ASO,ES,Federal Contract Tower,0,36,29,0,65,0,11,137,1,149,0,47,166,1,214,96,12,108,322
08/02/2001,GMU,SC,ASO,ES,Federal Contract Tower,0,38,30,0,68,0,9,131,8,148,0,47,161,8,216,132,0,132,348
08/03/2001,GMU,SC,ASO,ES,Federal Contract Tower,0,36,22,0,58,0,8,104,2,114,0,44,126,2,172,108,0,108,280
08/04/2001,GMU,SC,ASO,ES,Federal Contract Tower,0,8,24,0,32,0,3,22,0,25,0,11,46,0,57,36,0,36,93
08/05/2001,GMU,SC,ASO,ES,Federal Contract Tower,0,16,13,2,31,0,6,80,0,86,0,22,93,2,117,116,0,116,233
08/06/2001,GMU,SC,ASO,ES,Federal Contract Tower,0,27,28,0,55,0,5,98,4,107,0,32,126,4,162,66,22,88,250
08/07/2001,GMU,SC,ASO,ES,Federal Contract Tower,0,28,17,0,45,0,4,128,2,134,0,32,145,2,179,86,0,86,265
08/08/2001,GMU,SC,ASO,ES,Federal Contract Tower,0,38,23,0,61,0,6,125,0,131,0,44,148,0,192,90,4,94,286
08/09/2001,GMU,SC,ASO,ES,Federal Contract Tower,0,30,19,0,49,0,3,110,8,121,0,33,129,8,170,94,2,96,266
08/10/2001,GMU,SC,ASO,ES,Federal Contract Tower,0,24,17,0,41,0,10,89,4,103,0,34,106,4,144,116,18,134,278
08/11/2001,GMU,SC,ASO,ES,Federal Contract Tower,0,9,17,0,26,0,5,89,2,96,0,14,106,2,122,96,4,100,222
08/12/2001,GMU,SC,ASO,ES,Federal Contract Tower,0,12,19,0,31,0,3,81,0,84,0,15,100,0,115,74,0,74,189
08/13/2001,GMU,SC,ASO,ES,Federal Contract Tower,0,31,18,0,49,0,0,36,0,36,0,31,54,0,85,34,0,34,119
08/14/2001,GMU,SC,ASO,ES,Federal Contract Tower,0,37,17,0,54,0,9,102,4,115,0,46,119,4,169,90,4,94,263
08/15/2001,GMU,SC,ASO,ES,Federal Contract Tower,0,39,36,0,75,0,4,111,8,123,0,43,147,8,198,78,2,80,278
08/16/2001,GMU,SC,ASO,ES,Federal Contract Tower,0,36,33,0,69,0,3,79,26,108,0,39,112,26,177,34,0,34,211
08/17/2001,GMU,SC,ASO,ES,Federal Contract Tower,0,41,29,0,70,0,7,59,2,68,0,48,88,2,138,16,0,16,154
08/18/2001,GMU,SC,ASO,ES,Federal Contract Tower,0,16,10,0,26,0,0,85,0,85,0,16,95,0,111,54,0,54,165
08/19/2001,GMU,SC,ASO,ES,Federal Contract Tower,0,9,12,0,21,0,0,54,2,56,0,9,66,2,77,64,0,64,141
08/20/2001,GMU,SC,ASO,ES,Federal Contract Tower,0,27,8,0,35,0,6,103,1,110,0,33,111,1,145,48,0,48,193
08/21/2001,GMU,SC,ASO,ES,Federal Contract Tower,0,32,21,0,53,0,12,110,2,124,0,44,131,2,177,56,0,56,233
08/22/2001,GMU,SC,ASO,ES,Federal Contract Tower,0,40,17,0,57,0,16,110,5,131,0,56,127,5,188,76,0,76,264
08/23/2001,GMU,SC,ASO,ES,Federal Contract Tower,0,23,15,0,38,0,8,110,9,127,0,31,125,9,165,118,0,118,283
08/24/2001,GMU,SC,ASO,ES,Federal Contract Tower,0,37,16,1,54,0,5,106,3,114,0,42,122,4,168,94,0,94,262
08/25/2001,GMU,SC,ASO,ES,Federal Contract Tower,0,8,20,0,28,0,2,138,0,140,0,10,158,0,168,112,2,114,282
08/26/2001,GMU,SC,ASO,ES,Federal Contract Tower,0,21,13,0,34,0,6,86,0,92,0,27,99,0,126,18,0,18,144
08/27/2001,GMU,SC,ASO,ES,Federal Contract Tower,0,13,26,0,39,0,7,81,0,88,0,20,107,0,127,48,0,48,175
08/28/2001,GMU,SC,ASO,ES,Federal Contract Tower,0,30,19,2,51,0,11,105,2,118,0,41,124,4,169,22,0,22,191
08/29/2001,GMU,SC,ASO,ES,Federal Contract Tower,0,42,22,0,64,0,6,97,0,103,0,48,119,0,167,66,0,66,233
08/30/2001,GMU,SC,ASO,ES,Federal Contract Tower,0,31,28,0,59,0,4,44,0,48,0,35,72,0,107,64,0,64,171
08/31/2001,GMU,SC,ASO,ES,Federal Contract Tower,0,26,38,0,64,0,4,62,3,69,0,30,100,3,133,46,0,46,179
09/01/2001,GMU,SC,ASO,ES,Federal Contract Tower,0,6,15,0,21,0,5,12,0,17,0,11,27,0,38,0,0,0,38
09/02/2001,GMU,SC,ASO,ES,Federal Contract Tower,0,14,16,0,30,0,0,5,0,5,0,14,21,0,35,0,0,0,35
09/03/2001,GMU,SC,ASO,ES,Federal Contract Tower,0,15,32,0,47,0,2,23,0,25,0,17,55,0,72,18,0,18,90
09/04/2001,GMU,SC,ASO,ES,Federal Contract Tower,0,36,30,3,69,0,5,53,0,58,0,41,83,3,127,106,0,106,233
09/05/2001,GMU,SC,ASO,ES,Federal Contract Tower,0,34,20,0,54,0,6,140,2,148,0,40,160,2,202,94,0,94,296
09/06/2001,GMU,SC,ASO,ES,Federal Contract Tower,0,19,36,0,55,0,5,84,0,89,0,24,120,0,144,84,0,84,228
09/07/2001,GMU,SC,ASO,ES,Federal Contract Tower,0,31,23,0,54,0,2,99,6,107,0,33,122,6,161,82,0,82,243
09/08/2001,GMU,SC,ASO,ES,Federal Contract Tower,0,10,13,0,23,0,1,130,2,133,0,11,143,2,156,94,0,94,250
09/09/2001,GMU,SC,ASO,ES,Federal Contract Tower,0,19,26,1,46,0,1,44,1,46,0,20,70,2,92,18,0,18,110
09/10/2001,GMU,SC,ASO,ES,Federal Contract Tower,0,26,22,0,48,0,3,59,0,62,0,29,81,0,110,60,0,60,170
09/11/2001,GMU,SC,ASO,ES,Federal Contract Tower,0,11,6,0,17,0,2,36,1,39,0,13,42,1,56,38,0,38,94
09/12/2001,GMU,SC,ASO,ES,Federal Contract Tower,0,0,0,0,0,0,0,0,0,0,0,0,0,0,0,0,0,0,0
09/13/2001,GMU,SC,ASO,ES,Federal Contract Tower,0,10,0,0,10,0,1,3,2,6,0,11,3,2,16,0,0,0,16
09/14/2001,GMU,SC,ASO,ES,Federal Contract Tower,0,19,0,0,19,0,3,2,0,5,0,22,2,0,24,0,0,0,24
09/15/2001,GMU,SC,ASO,ES,Federal Contract Tower,0,16,12,0,28,0,0,0,0,0,0,16,12,0,28,0,0,0,28
09/16/2001,GMU,SC,ASO,ES,Federal Contract Tower,0,13,24,0,37,0,0,0,0,0,0,13,24,0,37,0,0,0,37
09/17/2001,GMU,SC,ASO,ES,Federal Contract Tower,0,37,55,0,92,0,0,0,2,2,0,37,55,2,94,0,0,0,94
09/18/2001,GMU,SC,ASO,ES,Federal Contract Tower,0,52,51,0,103,0,2,11,0,13,0,54,62,0,116,0,0,0,116
09/19/2001,GMU,SC,ASO,ES,Federal Contract Tower,0,56,61,2,119,0,6,0,0,6,0,62,61,2,125,0,0,0,125
09/20/2001,GMU,SC,ASO,ES,Federal Contract Tower,0,47,42,0,89,0,1,10,0,11,0,48,52,0,100,24,0,24,124
09/21/2001,GMU,SC,ASO,ES,Federal Contract Tower,0,43,46,0,89,0,3,42,15,60,0,46,88,15,149,30,0,30,179
09/22/2001,GMU,SC,ASO,ES,Federal Contract Tower,0,9,22,0,31,0,0,109,0,109,0,9,131,0,140,38,0,38,178
09/23/2001,GMU,SC,ASO,ES,Federal Contract Tower,0,25,18,0,43,0,0,84,2,86,0,25,102,2,129,52,6,58,187
09/24/2001,GMU,SC,ASO,ES,Federal Contract Tower,0,22,17,2,41,0,1,13,0,14,0,23,30,2,55,4,0,4,59
09/25/2001,GMU,SC,ASO,ES,Federal Contract Tower,0,43,33,0,76,0,7,138,3,148,0,50,171,3,224,156,8,164,388
09/26/2001,GMU,SC,ASO,ES,Federal Contract Tower,0,39,29,0,68,0,2,154,4,160,0,41,183,4,228,78,16,94,322
09/27/2001,GMU,SC,ASO,ES,Federal Contract Tower,0,41,28,0,69,0,8,140,2,150,0,49,168,2,219,140,14,154,373
09/28/2001,GMU,SC,ASO,ES,Federal Contract Tower,0,29,29,2,60,0,8,151,0,159,0,37,180,2,219,68,0,68,287
09/29/2001,GMU,SC,ASO,ES,Federal Contract Tower,0,14,15,0,29,0,5,111,3,119,0,19,126,3,148,48,2,50,198
09/30/2001,GMU,SC,ASO,ES,Federal Contract Tower,0,16,18,1,35,0,4,127,5,136,0,20,145,6,171,66,0,66,237
10/01/2001,GMU,SC,ASO,ES,Federal Contract Tower,0,26,28,0,54,0,9,117,0,126,0,35,145,0,180,50,0,50,230
10/02/2001,GMU,SC,ASO,ES,Federal Contract Tower,0,35,35,0,70,0,6,193,0,199,0,41,228,0,269,126,10,136,405
10/03/2001,GMU,SC,ASO,ES,Federal Contract Tower,0,48,39,0,87,0,7,180,3,190,0,55,219,3,277,146,6,152,429
10/04/2001,GMU,SC,ASO,ES,Federal Contract Tower,0,44,29,2,75,0,5,116,0,121,0,49,145,2,196,126,0,126,322
10/05/2001,GMU,SC,ASO,ES,Federal Contract Tower,0,33,25,0,58,0,5,97,0,102,0,38,122,0,160,84,0,84,244
10/06/2001,GMU,SC,ASO,ES,Federal Contract Tower,0,12,17,0,29,0,0,25,0,25,0,12,42,0,54,16,0,16,70
10/07/2001,GMU,SC,ASO,ES,Federal Contract Tower,0,19,13,0,32,0,2,88,4,94,0,21,101,4,126,34,0,34,160
10/08/2001,GMU,SC,ASO,ES,Federal Contract Tower,0,30,15,0,45,0,4,131,4,139,0,34,146,4,184,86,16,102,286
10/09/2001,GMU,SC,ASO,ES,Federal Contract Tower,0,47,30,0,77,0,8,152,26,186,0,55,182,26,263,146,0,146,409
10/10/2001,GMU,SC,ASO,ES,Federal Contract Tower,0,49,35,1,85,0,5,121,5,131,0,54,156,6,216,98,20,118,334
10/11/2001,GMU,SC,ASO,ES,Federal Contract Tower,0,46,31,0,77,0,2,112,9,123,0,48,143,9,200,112,10,122,322
10/12/2001,GMU,SC,ASO,ES,Federal Contract Tower,0,30,29,0,59,0,1,33,0,34,0,31,62,0,93,56,0,56,149
10/13/2001,GMU,SC,ASO,ES,Federal Contract Tower,0,6,25,0,31,0,1,66,6,73,0,7,91,6,104,56,0,56,160
10/14/2001,GMU,SC,ASO,ES,Federal Contract Tower,0,12,5,0,17,0,1,25,0,26,0,13,30,0,43,8,0,8,51
10/15/2001,GMU,SC,ASO,ES,Federal Contract Tower,0,28,23,0,51,0,7,148,5,160,0,35,171,5,211,100,12,112,323
10/16/2001,GMU,SC,ASO,ES,Federal Contract Tower,0,48,29,0,77,0,5,116,1,122,0,53,145,1,199,62,10,72,271
10/17/2001,GMU,SC,ASO,ES,Federal Contract Tower,0,24,23,0,47,0,13,157,4,174,0,37,180,4,221,86,0,86,307
10/18/2001,GMU,SC,ASO,ES,Federal Contract Tower,0,43,21,2,66,0,11,145,1,157,0,54,166,3,223,98,0,98,321
10/19/2001,GMU,SC,ASO,ES,Federal Contract Tower,0,27,18,1,46,0,5,140,0,145,0,32,158,1,191,106,0,106,297
10/20/2001,GMU,SC,ASO,ES,Federal Contract Tower,0,7,14,0,21,0,10,139,0,149,0,17,153,0,170,38,0,38,208
10/21/2001,GMU,SC,ASO,ES,Federal Contract Tower,0,27,22,0,49,0,1,119,0,120,0,28,141,0,169,88,0,88,257
10/22/2001,GMU,SC,ASO,ES,Federal Contract Tower,0,20,32,0,52,0,2,151,1,154,0,22,183,1,206,112,0,112,318
10/23/2001,GMU,SC,ASO,ES,Federal Contract Tower,0,68,28,0,96,0,8,102,5,115,0,76,130,5,211,84,4,88,299
10/24/2001,GMU,SC,ASO,ES,Federal Contract Tower,0,54,30,0,84,0,9,138,0,147,0,63,168,0,231,130,0,130,361
10/25/2001,GMU,SC,ASO,ES,Federal Contract Tower,0,28,21,0,49,0,4,106,3,113,0,32,127,3,162,38,0,38,200
10/26/2001,GMU,SC,ASO,ES,Federal Contract Tower,0,29,18,0,47,0,7,71,2,80,0,36,89,2,127,52,0,52,179
10/27/2001,GMU,SC,ASO,ES,Federal Contract Tower,0,12,28,0,40,0,3,273,2,278,0,15,301,2,318,14,0,14,332
10/28/2001,GMU,SC,ASO,ES,Federal Contract Tower,0,14,28,0,42,0,5,208,1,214,0,19,236,1,256,36,0,36,292
10/29/2001,GMU,SC,ASO,ES,Federal Contract Tower,0,31,23,0,54,0,5,130,11,146,0,36,153,11,200,144,0,144,344
10/30/2001,GMU,SC,ASO,ES,Federal Contract Tower,0,37,9,1,47,0,13,201,12,226,0,50,210,13,273,84,0,84,357
10/31/2001,GMU,SC,ASO,ES,Federal Contract Tower,0,42,23,0,65,0,6,168,0,174,0,48,191,0,239,124,0,124,363
11/01/2001,GMU,SC,ASO,ES,Federal Contract Tower,0,37,31,0,68,0,10,151,5,166,0,47,182,5,234,142,10,152,386
11/02/2001,GMU,SC,ASO,ES,Federal Contract Tower,0,28,27,2,57,0,10,123,1,134,0,38,150,3,191,186,0,186,377
11/03/2001,GMU,SC,ASO,ES,Federal Contract Tower,0,6,10,0,16,0,6,91,0,97,0,12,101,0,113,78,0,78,191
11/04/2001,GMU,SC,ASO,ES,Federal Contract Tower,0,15,14,3,32,0,2,71,4,77,0,17,85,7,109,50,0,50,159
11/05/2001,GMU,SC,ASO,ES,Federal Contract Tower,0,20,16,0,36,0,9,121,0,130,0,29,137,0,166,164,0,164,330
11/06/2001,GMU,SC,ASO,ES,Federal Contract Tower,0,38,15,0,53,0,8,163,4,175,0,46,178,4,228,160,12,172,400
11/07/2001,GMU,SC,ASO,ES,Federal Contract Tower,0,48,19,0,67,0,15,146,6,167,0,63,165,6,234,196,0,196,430
11/08/2001,GMU,SC,ASO,ES,Federal Contract Tower,0,57,21,1,79,0,12,163,4,179,0,69,184,5,258,140,0,140,398
11/09/2001,GMU,SC,ASO,ES,Federal Contract Tower,0,22,18,0,40,0,11,117,2,130,0,33,135,2,170,100,0,100,270
11/10/2001,GMU,SC,ASO,ES,Federal Contract Tower,0,9,18,0,27,0,2,136,0,138,0,11,154,0,165,60,0,60,225
11/11/2001,GMU,SC,ASO,ES,Federal Contract Tower,0,25,19,0,44,0,2,121,3,126,0,27,140,3,170,56,5,61,231
11/12/2001,GMU,SC,ASO,ES,Federal Contract Tower,0,14,15,0,29,0,4,121,0,125,0,18,136,0,154,152,0,152,306
11/13/2001,GMU,SC,ASO,ES,Federal Contract Tower,0,44,14,0,58,0,11,128,5,144,0,55,142,5,202,90,8,98,300
11/14/2001,GMU,SC,ASO,ES,Federal Contract Tower,0,55,19,2,76,0,18,166,2,186,0,73,185,4,262,138,8,146,408
11/15/2001,GMU,SC,ASO,ES,Federal Contract Tower,0,44,22,2,68,0,10,144,1,155,0,54,166,3,223,146,4,150,373
11/16/2001,GMU,SC,ASO,ES,Federal Contract Tower,0,34,21,0,55,0,14,134,2,150,0,48,155,2,205,158,16,174,379
11/17/2001,GMU,SC,ASO,ES,Federal Contract Tower,0,17,13,2,32,0,1,110,0,111,0,18,123,2,143,64,0,64,207
11/18/2001,GMU,SC,ASO,ES,Federal Contract Tower,0,18,15,0,33,0,3,86,0,89,0,21,101,0,122,106,0,106,228
11/19/2001,GMU,SC,ASO,ES,Federal Contract Tower,0,27,13,0,40,0,7,110,0,117,0,34,123,0,157,134,0,134,291
11/20/2001,GMU,SC,ASO,ES,Federal Contract Tower,0,42,24,0,66,0,12,130,0,142,0,54,154,0,208,154,0,154,362
11/21/2001,GMU,SC,ASO,ES,Federal Contract Tower,0,39,31,1,71,0,6,156,2,164,0,45,187,3,235,214,0,214,449
11/22/2001,GMU,SC,ASO,ES,Federal Contract Tower,0,11,16,0,27,0,6,45,0,51,0,17,61,0,78,8,0,8,86
11/23/2001,GMU,SC,ASO,ES,Federal Contract Tower,0,18,18,0,36,0,0,14,0,14,0,18,32,0,50,50,0,50,100
11/24/2001,GMU,SC,ASO,ES,Federal Contract Tower,0,7,7,0,14,0,0,0,0,0,0,7,7,0,14,0,0,0,14
11/25/2001,GMU,SC,ASO,ES,Federal Contract Tower,0,24,18,0,42,0,0,52,2,54,0,24,70,2,96,10,0,10,106
11/26/2001,GMU,SC,ASO,ES,Federal Contract Tower,0,29,22,0,51,0,12,94,0,106,0,41,116,0,157,114,0,114,271
11/27/2001,GMU,SC,ASO,ES,Federal Contract Tower,0,41,26,0,67,0,7,77,3,87,0,48,103,3,154,34,10,44,198
11/28/2001,GMU,SC,ASO,ES,Federal Contract Tower,0,34,13,0,47,0,6,106,0,112,0,40,119,0,159,122,0,122,281
11/29/2001,GMU,SC,ASO,ES,Federal Contract Tower,0,50,17,0,67,0,12,58,2,72,0,62,75,2,139,42,0,42,181
11/30/2001,GMU,SC,ASO,ES,Federal Contract Tower,0,39,26,0,65,0,1,33,0,34,0,40,59,0,99,46,0,46,145
12/01/2001,GMU,SC,ASO,ES,Federal Contract Tower,0,20,14,0,34,0,3,170,9,182,0,23,184,9,216,96,0,96,312
12/02/2001,GMU,SC,ASO,ES,Federal Contract Tower,0,25,21,2,48,0,6,79,1,86,0,31,100,3,134,54,0,54,188
12/03/2001,GMU,SC,ASO,ES,Federal Contract Tower,0,29,13,0,42,0,8,125,0,133,0,37,138,0,175,72,0,72,247
12/04/2001,GMU,SC,ASO,ES,Federal Contract Tower,0,28,23,0,51,0,4,140,3,147,0,32,163,3,198,126,0,126,324
12/05/2001,GMU,SC,ASO,ES,Federal Contract Tower,0,29,19,0,48,0,15,137,0,152,0,44,156,0,200,122,0,122,322
12/06/2001,GMU,SC,ASO,ES,Federal Contract Tower,0,29,15,0,44,0,16,114,2,132,0,45,129,2,176,90,0,90,266
12/07/2001,GMU,SC,ASO,ES,Federal Contract Tower,0,22,20,0,42,0,10,114,2,126,0,32,134,2,168,188,0,188,356
12/08/2001,GMU,SC,ASO,ES,Federal Contract Tower,0,7,12,2,21,0,4,90,0,94,0,11,102,2,115,50,0,50,165
12/09/2001,GMU,SC,ASO,ES,Federal Contract Tower,0,11,16,0,27,0,6,69,0,75,0,17,85,0,102,46,0,46,148
12/10/2001,GMU,SC,ASO,ES,Federal Contract Tower,0,22,8,0,30,0,1,2,0,3,0,23,10,0,33,12,0,12,45
12/11/2001,GMU,SC,ASO,ES,Federal Contract Tower,0,37,16,0,53,0,3,112,4,119,0,40,128,4,172,78,10,88,260
12/12/2001,GMU,SC,ASO,ES,Federal Contract Tower,0,36,23,0,59,0,0,5,0,5,0,36,28,0,64,0,0,0,64
12/13/2001,GMU,SC,ASO,ES,Federal Contract Tower,0,19,11,0,30,0,3,2,0,5,0,22,13,0,35,4,0,4,39
12/14/2001,GMU,SC,ASO,ES,Federal Contract Tower,0,23,15,0,38,0,5,20,1,26,0,28,35,1,64,0,0,0,64
12/15/2001,GMU,SC,ASO,ES,Federal Contract Tower,0,16,15,0,31,0,2,112,1,115,0,18,127,1,146,48,0,48,194
12/16/2001,GMU,SC,ASO,ES,Federal Contract Tower,0,12,8,0,20,0,1,78,6,85,0,13,86,6,105,62,22,84,189
12/17/2001,GMU,SC,ASO,ES,Federal Contract Tower,0,20,22,0,42,0,2,0,0,2,0,22,22,0,44,2,0,2,46
12/18/2001,GMU,SC,ASO,ES,Federal Contract Tower,0,35,9,0,44,0,8,119,4,131,0,43,128,4,175,78,0,78,253
12/19/2001,GMU,SC,ASO,ES,Federal Contract Tower,0,36,13,0,49,0,8,177,3,188,0,44,190,3,237,82,10,92,329
12/20/2001,GMU,SC,ASO,ES,Federal Contract Tower,0,40,19,0,59,0,9,75,4,88,0,49,94,4,147,24,6,30,177
12/21/2001,GMU,SC,ASO,ES,Federal Contract Tower,0,27,20,0,47,0,2,96,4,102,0,29,116,4,149,44,22,66,215
12/22/2001,GMU,SC,ASO,ES,Federal Contract Tower,0,30,4,0,34,0,5,134,9,148,0,35,138,9,182,64,0,64,246
12/23/2001,GMU,SC,ASO,ES,Federal Contract Tower,0,11,12,0,23,0,0,9,0,9,0,11,21,0,32,10,0,10,42
12/24/2001,GMU,SC,ASO,ES,Federal Contract Tower,0,7,7,0,14,0,9,60,0,69,0,16,67,0,83,22,0,22,105
12/25/2001,GMU,SC,ASO,ES,Federal Contract Tower,0,4,6,0,10,0,0,31,0,31,0,4,37,0,41,8,0,8,49
12/26/2001,GMU,SC,ASO,ES,Federal Contract Tower,0,27,15,0,42,0,6,79,0,85,0,33,94,0,127,46,0,46,173
12/27/2001,GMU,SC,ASO,ES,Federal Contract Tower,0,16,10,0,26,0,4,86,0,90,0,20,96,0,116,40,0,40,156
12/28/2001,GMU,SC,ASO,ES,Federal Contract Tower,0,19,11,1,31,0,4,80,0,84,0,23,91,1,115,24,0,24,139
12/29/2001,GMU,SC,ASO,ES,Federal Contract Tower,0,18,9,0,27,0,3,75,0,78,0,21,84,0,105,12,0,12,117
12/30/2001,GMU,SC,ASO,ES,Federal Contract Tower,0,5,8,0,13,0,4,82,0,86,0,9,90,0,99,74,0,74,173
12/31/2001,GMU,SC,ASO,ES,Federal Contract Tower,0,5,3,0,8,0,4,74,4,82,0,9,77,4,90,110,0,110,200
01/01/2002,GMU,SC,ASO,ES,Federal Contract Tower,0,15,9,0,24,0,0,77,0,77,0,15,86,0,101,44,0,44,145
01/02/2002,GMU,SC,ASO,ES,Federal Contract Tower,0,19,7,0,26,0,4,49,0,53,0,23,56,0,79,68,0,68,147
01/03/2002,GMU,SC,ASO,ES,Federal Contract Tower,0,8,1,0,9,0,5,14,0,19,0,13,15,0,28,0,0,0,28
01/04/2002,GMU,SC,ASO,ES,Federal Contract Tower,0,23,6,0,29,0,8,88,0,96,0,31,94,0,125,68,0,68,193
01/05/2002,GMU,SC,ASO,ES,Federal Contract Tower,0,6,6,0,12,0,3,102,0,105,0,9,108,0,117,72,0,72,189
01/06/2002,GMU,SC,ASO,ES,Federal Contract Tower,0,8,6,0,14,0,0,0,0,0,0,8,6,0,14,0,0,0,14
01/07/2002,GMU,SC,ASO,ES,Federal Contract Tower,0,24,11,0,35,0,7,55,0,62,0,31,66,0,97,18,0,18,115
01/08/2002,GMU,SC,ASO,ES,Federal Contract Tower,0,18,13,0,31,0,11,92,0,103,0,29,105,0,134,36,0,36,170
01/09/2002,GMU,SC,ASO,ES,Federal Contract Tower,0,35,18,0,53,0,7,85,0,92,0,42,103,0,145,38,0,38,183
01/10/2002,GMU,SC,ASO,ES,Federal Contract Tower,0,36,13,0,49,0,11,115,3,129,0,47,128,3,178,34,12,46,224
01/11/2002,GMU,SC,ASO,ES,Federal Contract Tower,0,41,11,1,53,0,8,80,1,89,0,49,91,2,142,66,0,66,208
01/12/2002,GMU,SC,ASO,ES,Federal Contract Tower,0,23,8,0,31,0,4,108,1,113,0,27,116,1,144,60,6,66,210
01/13/2002,GMU,SC,ASO,ES,Federal Contract Tower,0,9,17,0,26,0,2,123,14,139,0,11,140,14,165,108,24,132,297
01/14/2002,GMU,SC,ASO,ES,Federal Contract Tower,0,24,13,0,37,0,2,75,0,77,0,26,88,0,114,106,0,106,220
01/15/2002,GMU,SC,ASO,ES,Federal Contract Tower,0,36,16,1,53,0,6,147,4,157,0,42,163,5,210,140,24,164,374
01/16/2002,GMU,SC,ASO,ES,Federal Contract Tower,0,22,14,0,36,0,15,124,6,145,0,37,138,6,181,132,10,142,323
01/17/2002,GMU,SC,ASO,ES,Federal Contract Tower,0,38,21,0,59,0,7,114,0,121,0,45,135,0,180,124,0,124,304
01/18/2002,GMU,SC,ASO,ES,Federal Contract Tower,0,30,23,0,53,0,12,108,2,122,0,42,131,2,175,124,18,142,317
01/19/2002,GMU,SC,ASO,ES,Federal Contract Tower,0,8,11,0,19,0,0,0,0,0,0,8,11,0,19,0,0,0,19
01/20/2002,GMU,SC,ASO,ES,Federal Contract Tower,0,15,7,0,22,0,5,97,6,108,0,20,104,6,130,108,28,136,266
01/21/2002,GMU,SC,ASO,ES,Federal Contract Tower,0,27,6,0,33,0,5,57,2,64,0,32,63,2,97,116,0,116,213
01/22/2002,GMU,SC,ASO,ES,Federal Contract Tower,0,47,18,0,65,0,10,152,4,166,0,57,170,4,231,162,22,184,415
01/23/2002,GMU,SC,ASO,ES,Federal Contract Tower,0,45,23,0,68,0,0,0,0,0,0,45,23,0,68,0,0,0,68
01/24/2002,GMU,SC,ASO,ES,Federal Contract Tower,0,34,18,0,52,0,0,0,0,0,0,34,18,0,52,2,0,2,54
01/25/2002,GMU,SC,ASO,ES,Federal Contract Tower,0,30,20,2,52,0,7,89,4,100,0,37,109,6,152,118,0,118,270
01/26/2002,GMU,SC,ASO,ES,Federal Contract Tower,0,18,9,0,27,0,2,151,2,155,0,20,160,2,182,140,0,140,322
01/27/2002,GMU,SC,ASO,ES,Federal Contract Tower,0,21,12,0,33,0,7,118,2,127,0,28,130,2,160,128,0,128,288
01/28/2002,GMU,SC,ASO,ES,Federal Contract Tower,0,36,17,2,55,0,9,99,0,108,0,45,116,2,163,140,0,140,303
01/29/2002,GMU,SC,ASO,ES,Federal Contract Tower,0,29,19,0,48,0,2,126,10,138,0,31,145,10,186,82,16,98,284
01/30/2002,GMU,SC,ASO,ES,Federal Contract Tower,0,48,17,0,65,0,7,82,0,89,0,55,99,0,154,92,0,92,246
01/31/2002,GMU,SC,ASO,ES,Federal Contract Tower,0,38,32,0,70,0,1,32,0,33,0,39,64,0,103,34,0,34,137
02/01/2002,GMU,SC,ASO,ES,Federal Contract Tower,0,34,14,0,48,0,13,27,0,40,0,47,41,0,88,34,0,34,122
02/02/2002,GMU,SC,ASO,ES,Federal Contract Tower,0,19,16,0,35,0,4,109,28,141,0,23,125,28,176,44,4,48,224
02/03/2002,GMU,SC,ASO,ES,Federal Contract Tower,0,12,14,0,26,0,2,66,6,74,0,14,80,6,100,68,18,86,186
02/04/2002,GMU,SC,ASO,ES,Federal Contract Tower,0,34,11,0,45,0,3,99,2,104,0,37,110,2,149,46,0,46,195
02/05/2002,GMU,SC,ASO,ES,Federal Contract Tower,0,40,14,0,54,0,6,123,0,129,0,46,137,0,183,134,0,134,317
02/06/2002,GMU,SC,ASO,ES,Federal Contract Tower,0,40,5,0,45,0,0,0,0,0,0,40,5,0,45,0,0,0,45
02/07/2002,GMU,SC,ASO,ES,Federal Contract Tower,0,53,16,0,69,0,0,1,0,1,0,53,17,0,70,0,0,0,70
02/08/2002,GMU,SC,ASO,ES,Federal Contract Tower,0,28,22,0,50,0,14,146,4,164,0,42,168,4,214,130,0,130,344
02/09/2002,GMU,SC,ASO,ES,Federal Contract Tower,0,13,13,0,26,0,13,197,2,212,0,26,210,2,238,44,0,44,282
02/10/2002,GMU,SC,ASO,ES,Federal Contract Tower,0,8,19,0,27,0,6,51,0,57,0,14,70,0,84,110,0,110,194
02/11/2002,GMU,SC,ASO,ES,Federal Contract Tower,0,39,9,1,49,0,7,150,2,159,0,46,159,3,208,100,0,100,308
02/12/2002,GMU,SC,ASO,ES,Federal Contract Tower,0,44,17,0,61,0,19,174,0,193,0,63,191,0,254,168,16,184,438
02/13/2002,GMU,SC,ASO,ES,Federal Contract Tower,0,44,11,1,56,0,13,148,2,163,0,57,159,3,219,202,8,210,429
02/14/2002,GMU,SC,ASO,ES,Federal Contract Tower,0,33,10,0,43,0,10,124,0,134,0,43,134,0,177,74,0,74,251
02/15/2002,GMU,SC,ASO,ES,Federal Contract Tower,0,25,16,0,41,0,13,109,6,128,0,38,125,6,169,76,14,90,259
02/16/2002,GMU,SC,ASO,ES,Federal Contract Tower,0,10,7,1,18,0,5,131,1,137,0,15,138,2,155,65,0,65,220
02/17/2002,GMU,SC,ASO,ES,Federal Contract Tower,0,21,5,0,26,0,7,66,0,73,0,28,71,0,99,22,0,22,121
02/18/2002,GMU,SC,ASO,ES,Federal Contract Tower,0,18,5,0,23,0,12,139,0,151,0,30,144,0,174,128,0,128,302
02/19/2002,GMU,SC,ASO,ES,Federal Contract Tower,0,30,14,0,44,0,13,134,3,150,0,43,148,3,194,116,40,156,350
02/20/2002,GMU,SC,ASO,ES,Federal Contract Tower,0,43,18,0,61,0,7,30,0,37,0,50,48,0,98,20,0,20,118
02/21/2002,GMU,SC,ASO,ES,Federal Contract Tower,0,27,25,0,52,0,14,112,0,126,0,41,137,0,178,64,0,64,242
02/22/2002,GMU,SC,ASO,ES,Federal Contract Tower,0,25,14,1,40,0,15,146,4,165,0,40,160,5,205,182,0,182,387
02/23/2002,GMU,SC,ASO,ES,Federal Contract Tower,0,16,16,0,32,0,8,111,7,126,0,24,127,7,158,110,0,110,268
02/24/2002,GMU,SC,ASO,ES,Federal Contract Tower,0,16,10,0,26,0,18,130,0,148,0,34,140,0,174,120,0,120,294
02/25/2002,GMU,SC,ASO,ES,Federal Contract Tower,0,24,10,0,34,0,28,148,0,176,0,52,158,0,210,174,0,174,384
02/26/2002,GMU,SC,ASO,ES,Federal Contract Tower,0,48,21,0,69,0,5,57,0,62,0,53,78,0,131,30,0,30,161
02/27/2002,GMU,SC,ASO,ES,Federal Contract Tower,0,36,16,0,52,0,18,60,0,78,0,54,76,0,130,46,0,46,176
02/28/2002,GMU,SC,ASO,ES,Federal Contract Tower,0,38,17,0,55,0,25,117,0,142,0,63,134,0,197,90,0,90,287
03/01/2002,GMU,SC,ASO,ES,Federal Contract Tower,0,19,13,0,32,0,29,143,0,172,0,48,156,0,204,144,0,144,348
03/02/2002,GMU,SC,ASO,ES,Federal Contract Tower,0,15,3,0,18,0,2,0,0,2,0,17,3,0,20,0,0,0,20
03/03/2002,GMU,SC,ASO,ES,Federal Contract Tower,0,19,13,0,32,0,7,19,2,28,0,26,32,2,60,16,2,18,78
03/04/2002,GMU,SC,ASO,ES,Federal Contract Tower,0,19,14,0,33,0,6,83,2,91,0,25,97,2,124,90,8,98,222
03/05/2002,GMU,SC,ASO,ES,Federal Contract Tower,0,27,13,0,40,0,21,151,0,172,0,48,164,0,212,90,0,90,302
03/06/2002,GMU,SC,ASO,ES,Federal Contract Tower,0,33,19,0,52,0,18,136,2,156,0,51,155,2,208,94,4,98,306
03/07/2002,GMU,SC,ASO,ES,Federal Contract Tower,0,34,18,0,52,0,12,131,4,147,0,46,149,4,199,114,0,114,313
03/08/2002,GMU,SC,ASO,ES,Federal Contract Tower,0,32,18,0,50,0,14,162,0,176,0,46,180,0,226,90,0,90,316
03/09/2002,GMU,SC,ASO,ES,Federal Contract Tower,0,9,17,0,26,0,5,7,0,12,0,14,24,0,38,8,0,8,46
03/10/2002,GMU,SC,ASO,ES,Federal Contract Tower,0,21,11,0,32,0,12,87,0,99,0,33,98,0,131,68,0,68,199
03/11/2002,GMU,SC,ASO,ES,Federal Contract Tower,0,28,6,0,34,0,16,121,0,137,0,44,127,0,171,106,0,106,277
03/12/2002,GMU,SC,ASO,ES,Federal Contract Tower,0,26,19,0,45,0,0,0,0,0,0,26,19,0,45,2,0,2,47
03/13/2002,GMU,SC,ASO,ES,Federal Contract Tower,0,47,35,0,82,0,8,53,4,65,0,55,88,4,147,96,10,106,253
03/14/2002,GMU,SC,ASO,ES,Federal Contract Tower,0,47,27,0,74,0,20,118,3,141,0,67,145,3,215,102,0,102,317
03/15/2002,GMU,SC,ASO,ES,Federal Contract Tower,0,44,23,0,67,0,18,160,2,180,0,62,183,2,247,96,0,96,343
03/16/2002,GMU,SC,ASO,ES,Federal Contract Tower,0,31,6,0,37,0,2,39,6,47,0,33,45,6,84,18,0,18,102
03/17/2002,GMU,SC,ASO,ES,Federal Contract Tower,0,22,21,0,43,0,2,17,0,19,0,24,38,0,62,40,0,40,102
03/18/2002,GMU,SC,ASO,ES,Federal Contract Tower,0,37,24,0,61,0,9,71,2,82,0,46,95,2,143,46,0,46,189
03/19/2002,GMU,SC,ASO,ES,Federal Contract Tower,0,24,27,0,51,0,8,34,2,44,0,32,61,2,95,42,0,42,137
03/20/2002,GMU,SC,ASO,ES,Federal Contract Tower,0,35,19,0,54,0,0,4,0,4,0,35,23,0,58,22,0,22,80
03/21/2002,GMU,SC,ASO,ES,Federal Contract Tower,0,47,33,0,80,0,17,78,2,97,0,64,111,2,177,160,2,162,339
03/22/2002,GMU,SC,ASO,ES,Federal Contract Tower,0,23,15,0,38,0,20,125,14,159,0,43,140,14,197,42,0,42,239
03/23/2002,GMU,SC,ASO,ES,Federal Contract Tower,0,13,11,0,24,0,14,150,1,165,0,27,161,1,189,70,0,70,259
03/24/2002,GMU,SC,ASO,ES,Federal Contract Tower,0,25,16,0,41,0,8,137,15,160,0,33,153,15,201,66,6,72,273
03/25/2002,GMU,SC,ASO,ES,Federal Contract Tower,0,38,11,0,49,0,24,108,0,132,0,62,119,0,181,56,0,56,237
03/26/2002,GMU,SC,ASO,ES,Federal Contract Tower,0,32,24,0,56,0,2,5,0,7,0,34,29,0,63,32,0,32,95
03/27/2002,GMU,SC,ASO,ES,Federal Contract Tower,0,40,13,0,53,0,18,111,2,131,0,58,124,2,184,52,0,52,236
03/28/2002,GMU,SC,ASO,ES,Federal Contract Tower,0,51,17,0,68,0,24,165,3,192,0,75,182,3,260,118,0,118,378
03/29/2002,GMU,SC,ASO,ES,Federal Contract Tower,0,17,23,0,40,0,10,112,2,124,0,27,135,2,164,66,0,66,230
03/30/2002,GMU,SC,ASO,ES,Federal Contract Tower,0,8,23,1,32,0,0,9,10,19,0,8,32,11,51,24,0,24,75
03/31/2002,GMU,SC,ASO,ES,Federal Contract Tower,0,17,12,0,29,0,0,28,0,28,0,17,40,0,57,0,0,0,57
04/01/2002,GMU,SC,ASO,ES,Federal Contract Tower,0,25,18,0,43,0,9,150,0,159,0,34,168,0,202,152,0,152,354
04/02/2002,GMU,SC,ASO,ES,Federal Contract Tower,0,27,8,0,35,0,24,160,0,184,0,51,168,0,219,152,0,152,371
04/03/2002,GMU,SC,ASO,ES,Federal Contract Tower,0,35,19,0,54,0,16,106,0,122,0,51,125,0,176,128,0,128,304
04/04/2002,GMU,SC,ASO,ES,Federal Contract Tower,0,37,20,0,57,0,25,151,2,178,0,62,171,2,235,100,0,100,335
04/05/2002,GMU,SC,ASO,ES,Federal Contract Tower,0,26,15,0,41,0,5,143,8,156,0,31,158,8,197,132,0,132,329
04/06/2002,GMU,SC,ASO,ES,Federal Contract Tower,0,18,12,0,30,0,4,142,4,150,0,22,154,4,180,52,0,52,232
04/07/2002,GMU,SC,ASO,ES,Federal Contract Tower,0,15,13,1,29,0,8,99,1,108,0,23,112,2,137,128,0,128,265
04/08/2002,GMU,SC,ASO,ES,Federal Contract Tower,0,35,36,0,71,0,10,89,0,99,0,45,125,0,170,116,0,116,286
04/09/2002,GMU,SC,ASO,ES,Federal Contract Tower,0,47,27,0,74,0,0,18,0,18,0,47,45,0,92,6,0,6,98
04/10/2002,GMU,SC,ASO,ES,Federal Contract Tower,0,30,30,2,62,0,14,66,6,86,0,44,96,8,148,110,0,110,258
04/11/2002,GMU,SC,ASO,ES,Federal Contract Tower,0,47,22,0,69,0,5,63,2,70,0,52,85,2,139,66,4,70,209
04/12/2002,GMU,SC,ASO,ES,Federal Contract Tower,0,32,48,4,84,0,0,5,0,5,0,32,53,4,89,28,0,28,117
04/13/2002,GMU,SC,ASO,ES,Federal Contract Tower,0,23,26,0,49,0,2,34,0,36,0,25,60,0,85,120,0,120,205
04/14/2002,GMU,SC,ASO,ES,Federal Contract Tower,0,27,26,1,54,0,12,48,0,60,0,39,74,1,114,60,0,60,174
04/15/2002,GMU,SC,ASO,ES,Federal Contract Tower,0,14,20,0,34,0,12,126,0,138,0,26,146,0,172,136,0,136,308
04/16/2002,GMU,SC,ASO,ES,Federal Contract Tower,0,41,20,0,61,0,13,169,0,182,0,54,189,0,243,170,0,170,413
04/17/2002,GMU,SC,ASO,ES,Federal Contract Tower,0,52,19,0,71,0,22,121,0,143,0,74,140,0,214,164,0,164,378
04/18/2002,GMU,SC,ASO,ES,Federal Contract Tower,0,30,13,0,43,0,13,148,0,161,0,43,161,0,204,174,0,174,378
04/19/2002,GMU,SC,ASO,ES,Federal Contract Tower,0,29,24,0,53,0,27,107,1,135,0,56,131,1,188,76,0,76,264
04/20/2002,GMU,SC,ASO,ES,Federal Contract Tower,0,22,12,7,41,0,15,146,11,172,0,37,158,18,213,52,4,56,269
04/21/2002,GMU,SC,ASO,ES,Federal Contract Tower,0,24,21,0,45,0,6,80,2,88,0,30,101,2,133,52,0,52,185
04/22/2002,GMU,SC,ASO,ES,Federal Contract Tower,0,27,16,0,43,0,17,117,4,138,0,44,133,4,181,70,0,70,251
04/23/2002,GMU,SC,ASO,ES,Federal Contract Tower,0,57,9,0,66,0,24,163,2,189,0,81,172,2,255,188,4,192,447
04/24/2002,GMU,SC,ASO,ES,Federal Contract Tower,0,59,12,0,71,0,16,142,3,161,0,75,154,3,232,128,0,128,360
04/25/2002,GMU,SC,ASO,ES,Federal Contract Tower,0,43,24,0,67,0,33,88,2,123,0,76,112,2,190,92,0,92,282
04/26/2002,GMU,SC,ASO,ES,Federal Contract Tower,0,37,26,0,63,0,32,98,3,133,0,69,124,3,196,106,0,106,302
04/27/2002,GMU,SC,ASO,ES,Federal Contract Tower,0,13,16,0,29,0,10,92,0,102,0,23,108,0,131,174,0,174,305
04/28/2002,GMU,SC,ASO,ES,Federal Contract Tower,0,32,26,0,58,0,2,28,0,30,0,34,54,0,88,6,0,6,94
04/29/2002,GMU,SC,ASO,ES,Federal Contract Tower,0,37,13,1,51,0,23,93,4,120,0,60,106,5,171,64,0,64,235
04/30/2002,GMU,SC,ASO,ES,Federal Contract Tower,0,31,18,0,49,0,30,154,2,186,0,61,172,2,235,216,0,216,451
05/01/2002,GMU,SC,ASO,ES,Federal Contract Tower,0,42,12,0,54,0,9,32,2,43,0,51,44,2,97,122,0,122,219
05/02/2002,GMU,SC,ASO,ES,Federal Contract Tower,0,50,22,0,72,0,21,32,6,59,0,71,54,6,131,18,0,18,149
05/03/2002,GMU,SC,ASO,ES,Federal Contract Tower,0,35,10,0,45,0,16,36,0,52,0,51,46,0,97,30,28,58,155
05/04/2002,GMU,SC,ASO,ES,Federal Contract Tower,0,21,8,0,29,0,0,3,0,3,0,21,11,0,32,0,0,0,32
05/05/2002,GMU,SC,ASO,ES,Federal Contract Tower,0,45,19,2,66,0,3,89,2,94,0,48,108,4,160,72,0,72,232
05/06/2002,GMU,SC,ASO,ES,Federal Contract Tower,0,35,12,0,47,0,20,106,2,128,0,55,118,2,175,114,0,114,289
05/07/2002,GMU,SC,ASO,ES,Federal Contract Tower,0,37,15,4,56,0,20,112,2,134,0,57,127,6,190,72,0,72,262
05/08/2002,GMU,SC,ASO,ES,Federal Contract Tower,0,55,22,0,77,0,16,106,2,124,0,71,128,2,201,104,0,104,305
05/09/2002,GMU,SC,ASO,ES,Federal Contract Tower,0,38,18,0,56,0,9,70,0,79,0,47,88,0,135,46,0,46,181
05/10/2002,GMU,SC,ASO,ES,Federal Contract Tower,0,42,26,0,68,0,13,95,0,108,0,55,121,0,176,90,0,90,266
05/11/2002,GMU,SC,ASO,ES,Federal Contract Tower,0,25,63,1,89,0,0,3,1,4,0,25,66,2,93,40,0,40,133
05/12/2002,GMU,SC,ASO,ES,Federal Contract Tower,0,26,11,0,37,0,2,53,2,57,0,28,64,2,94,62,0,62,156
05/13/2002,GMU,SC,ASO,ES,Federal Contract Tower,0,47,15,0,62,0,2,35,0,37,0,49,50,0,99,38,0,38,137
05/14/2002,GMU,SC,ASO,ES,Federal Contract Tower,0,43,11,0,54,0,18,157,4,179,0,61,168,4,233,154,2,156,389
05/15/2002,GMU,SC,ASO,ES,Federal Contract Tower,0,42,20,0,62,0,25,161,2,188,0,67,181,2,250,184,0,184,434
05/16/2002,GMU,SC,ASO,ES,Federal Contract Tower,0,45,9,0,54,0,27,110,1,138,0,72,119,1,192,100,0,100,292
05/17/2002,GMU,SC,ASO,ES,Federal Contract Tower,0,40,29,0,69,0,15,59,0,74,0,55,88,0,143,86,0,86,229
05/18/2002,GMU,SC,ASO,ES,Federal Contract Tower,0,29,16,0,45,0,6,41,0,47,0,35,57,0,92,18,0,18,110
05/19/2002,GMU,SC,ASO,ES,Federal Contract Tower,0,15,6,0,21,0,1,89,2,92,0,16,95,2,113,80,2,82,195
05/20/2002,GMU,SC,ASO,ES,Federal Contract Tower,0,20,22,1,43,0,18,120,5,143,0,38,142,6,186,156,0,156,342
05/21/2002,GMU,SC,ASO,ES,Federal Contract Tower,0,47,17,0,64,0,7,108,0,115,0,54,125,0,179,86,0,86,265
05/22/2002,GMU,SC,ASO,ES,Federal Contract Tower,0,47,23,0,70,0,20,133,0,153,0,67,156,0,223,136,0,136,359
05/23/2002,GMU,SC,ASO,ES,Federal Contract Tower,0,27,11,0,38,0,26,162,3,191,0,53,173,3,229,72,0,72,301
05/24/2002,GMU,SC,ASO,ES,Federal Contract Tower,0,35,20,0,55,0,10,65,0,75,0,45,85,0,130,18,0,18,148
05/25/2002,GMU,SC,ASO,ES,Federal Contract Tower,0,12,14,0,26,0,3,103,1,107,0,15,117,1,133,110,0,110,243
05/26/2002,GMU,SC,ASO,ES,Federal Contract Tower,0,5,17,0,22,0,2,61,2,65,0,7,78,2,87,46,0,46,133
05/27/2002,GMU,SC,ASO,ES,Federal Contract Tower,0,19,13,0,32,0,3,101,0,104,0,22,114,0,136,80,0,80,216
05/28/2002,GMU,SC,ASO,ES,Federal Contract Tower,0,31,19,0,50,0,27,87,2,116,0,58,106,2,166,50,0,50,216
05/29/2002,GMU,SC,ASO,ES,Federal Contract Tower,0,37,17,2,56,0,19,105,12,136,0,56,122,14,192,66,0,66,258
05/30/2002,GMU,SC,ASO,ES,Federal Contract Tower,0,22,28,0,50,0,10,51,0,61,0,32,79,0,111,82,0,82,193
05/31/2002,GMU,SC,ASO,ES,Federal Contract Tower,0,31,15,0,46,0,12,82,2,96,0,43,97,2,142,26,0,26,168
06/01/2002,GMU,SC,ASO,ES,Federal Contract Tower,0,10,9,0,19,0,7,106,2,115,0,17,115,2,134,64,0,64,198
06/02/2002,GMU,SC,ASO,ES,Federal Contract Tower,0,13,11,1,25,0,0,88,2,90,0,13,99,3,115,32,0,32,147
06/03/2002,GMU,SC,ASO,ES,Federal Contract Tower,0,30,20,0,50,0,18,109,0,127,0,48,129,0,177,96,0,96,273
06/04/2002,GMU,SC,ASO,ES,Federal Contract Tower,0,37,21,0,58,0,31,75,2,108,0,68,96,2,166,60,0,60,226
06/05/2002,GMU,SC,ASO,ES,Federal Contract Tower,0,50,19,2,71,0,22,122,1,145,0,72,141,3,216,106,0,106,322
06/06/2002,GMU,SC,ASO,ES,Federal Contract Tower,0,46,30,0,76,0,10,76,1,87,0,56,106,1,163,70,0,70,233
06/07/2002,GMU,SC,ASO,ES,Federal Contract Tower,0,21,25,0,46,0,12,80,0,92,0,33,105,0,138,56,0,56,194
06/08/2002,GMU,SC,ASO,ES,Federal Contract Tower,0,15,12,0,27,0,3,99,0,102,0,18,111,0,129,42,0,42,171
06/09/2002,GMU,SC,ASO,ES,Federal Contract Tower,0,17,15,2,34,0,1,97,2,100,0,18,112,4,134,73,0,73,207
06/10/2002,GMU,SC,ASO,ES,Federal Contract Tower,0,34,16,0,50,0,24,118,0,142,0,58,134,0,192,68,0,68,260
06/11/2002,GMU,SC,ASO,ES,Federal Contract Tower,0,30,15,2,47,0,16,131,12,159,0,46,146,14,206,96,0,96,302
06/12/2002,GMU,SC,ASO,ES,Federal Contract Tower,0,43,22,0,65,0,23,135,1,159,0,66,157,1,224,72,0,72,296
06/13/2002,GMU,SC,ASO,ES,Federal Contract Tower,0,36,22,0,58,0,19,97,1,117,0,55,119,1,175,28,0,28,203
06/14/2002,GMU,SC,ASO,ES,Federal Contract Tower,0,30,20,0,50,0,31,81,0,112,0,61,101,0,162,38,0,38,200
06/15/2002,GMU,SC,ASO,ES,Federal Contract Tower,0,9,8,0,17,0,6,122,2,130,0,15,130,2,147,34,4,38,185
06/16/2002,GMU,SC,ASO,ES,Federal Contract Tower,0,24,8,0,32,0,14,81,0,95,0,38,89,0,127,28,0,28,155
06/17/2002,GMU,SC,ASO,ES,Federal Contract Tower,0,36,18,0,54,0,18,85,0,103,0,54,103,0,157,66,0,66,223
06/18/2002,GMU,SC,ASO,ES,Federal Contract Tower,0,42,12,0,54,0,18,111,2,131,0,60,123,2,185,60,0,60,245
06/19/2002,GMU,SC,ASO,ES,Federal Contract Tower,0,47,27,0,74,0,33,63,0,96,0,80,90,0,170,40,0,40,210
06/20/2002,GMU,SC,ASO,ES,Federal Contract Tower,0,39,24,0,63,0,42,87,0,129,0,81,111,0,192,40,0,40,232
06/21/2002,GMU,SC,ASO,ES,Federal Contract Tower,0,39,13,0,52,0,13,52,0,65,0,52,65,0,117,24,0,24,141
06/22/2002,GMU,SC,ASO,ES,Federal Contract Tower,0,19,7,0,26,0,6,49,0,55,0,25,56,0,81,70,0,70,151
06/23/2002,GMU,SC,ASO,ES,Federal Contract Tower,0,32,12,1,45,0,4,33,1,38,0,36,45,2,83,22,0,22,105
06/24/2002,GMU,SC,ASO,ES,Federal Contract Tower,0,34,14,0,48,0,11,84,0,95,0,45,98,0,143,62,0,62,205
06/25/2002,GMU,SC,ASO,ES,Federal Contract Tower,0,48,23,0,71,0,10,91,0,101,0,58,114,0,172,80,0,80,252
06/26/2002,GMU,SC,ASO,ES,Federal Contract Tower,0,59,24,0,83,0,10,34,2,46,0,69,58,2,129,44,0,44,173
06/27/2002,GMU,SC,ASO,ES,Federal Contract Tower,0,42,31,1,74,0,17,49,0,66,0,59,80,1,140,16,0,16,156
06/28/2002,GMU,SC,ASO,ES,Federal Contract Tower,0,43,20,1,64,0,19,70,1,90,0,62,90,2,154,64,0,64,218
06/29/2002,GMU,SC,ASO,ES,Federal Contract Tower,0,15,14,0,29,0,5,113,0,118,0,20,127,0,147,160,0,160,307
06/30/2002,GMU,SC,ASO,ES,Federal Contract Tower,0,12,19,0,31,0,12,73,0,85,0,24,92,0,116,36,0,36,152
07/01/2002,GMU,SC,ASO,ES,Federal Contract Tower,0,26,12,0,38,0,12,77,0,89,0,38,89,0,127,34,0,34,161
07/02/2002,GMU,SC,ASO,ES,Federal Contract Tower,0,33,24,0,57,0,23,81,0,104,0,56,105,0,161,28,0,28,189
07/03/2002,GMU,SC,ASO,ES,Federal Contract Tower,0,31,19,0,50,0,19,125,0,144,0,50,144,0,194,118,0,118,312
07/04/2002,GMU,SC,ASO,ES,Federal Contract Tower,0,3,12,0,15,0,11,43,0,54,0,14,55,0,69,18,0,18,87
07/05/2002,GMU,SC,ASO,ES,Federal Contract Tower,0,8,7,0,15,0,14,54,0,68,0,22,61,0,83,46,0,46,129
07/06/2002,GMU,SC,ASO,ES,Federal Contract Tower,0,10,10,0,20,0,1,66,2,69,0,11,76,2,89,70,0,70,159
07/07/2002,GMU,SC,ASO,ES,Federal Contract Tower,0,18,13,0,31,0,9,64,1,74,0,27,77,1,105,30,0,30,135
07/08/2002,GMU,SC,ASO,ES,Federal Contract Tower,0,32,19,0,51,0,16,91,4,111,0,48,110,4,162,82,0,82,244
07/09/2002,GMU,SC,ASO,ES,Federal Contract Tower,0,48,19,0,67,0,21,100,0,121,0,69,119,0,188,116,0,116,304
07/10/2002,GMU,SC,ASO,ES,Federal Contract Tower,0,51,9,0,60,0,16,72,5,93,0,67,81,5,153,50,0,50,203
07/11/2002,GMU,SC,ASO,ES,Federal Contract Tower,0,57,19,0,76,0,20,40,0,60,0,77,59,0,136,4,0,4,140
07/12/2002,GMU,SC,ASO,ES,Federal Contract Tower,0,34,16,0,50,0,6,36,1,43,0,40,52,1,93,60,0,60,153
07/13/2002,GMU,SC,ASO,ES,Federal Contract Tower,0,12,34,0,46,0,7,35,0,42,0,19,69,0,88,66,0,66,154
07/14/2002,GMU,SC,ASO,ES,Federal Contract Tower,0,28,29,1,58,0,6,47,1,54,0,34,76,2,112,38,0,38,150
07/15/2002,GMU,SC,ASO,ES,Federal Contract Tower,0,44,23,2,69,0,26,57,5,88,0,70,80,7,157,32,0,32,189
07/16/2002,GMU,SC,ASO,ES,Federal Contract Tower,0,48,13,0,61,0,28,108,2,138,0,76,121,2,199,84,0,84,283
07/17/2002,GMU,SC,ASO,ES,Federal Contract Tower,0,44,23,0,67,0,18,75,2,95,0,62,98,2,162,68,6,74,236
07/18/2002,GMU,SC,ASO,ES,Federal Contract Tower,0,41,21,1,63,0,17,81,3,101,0,58,102,4,164,110,16,126,290
07/19/2002,GMU,SC,ASO,ES,Federal Contract Tower,0,23,17,1,41,0,12,91,0,103,0,35,108,1,144,54,0,54,198
07/20/2002,GMU,SC,ASO,ES,Federal Contract Tower,0,9,6,0,15,0,7,88,6,101,0,16,94,6,116,44,2,46,162
07/21/2002,GMU,SC,ASO,ES,Federal Contract Tower,0,16,10,0,26,0,9,76,0,85,0,25,86,0,111,82,0,82,193
07/22/2002,GMU,SC,ASO,ES,Federal Contract Tower,0,23,16,0,39,0,19,93,0,112,0,42,109,0,151,64,0,64,215
07/23/2002,GMU,SC,ASO,ES,Federal Contract Tower,0,21,19,0,40,0,18,54,0,72,0,39,73,0,112,82,0,82,194
07/24/2002,GMU,SC,ASO,ES,Federal Contract Tower,0,43,18,0,61,0,17,67,3,87,0,60,85,3,148,44,14,58,206
07/25/2002,GMU,SC,ASO,ES,Federal Contract Tower,0,46,27,0,73,0,11,24,5,40,0,57,51,5,113,44,2,46,159
07/26/2002,GMU,SC,ASO,ES,Federal Contract Tower,0,38,31,0,69,0,19,60,6,85,0,57,91,6,154,38,0,38,192
07/27/2002,GMU,SC,ASO,ES,Federal Contract Tower,0,6,15,2,23,0,4,55,4,63,0,10,70,6,86,30,0,30,116
07/28/2002,GMU,SC,ASO,ES,Federal Contract Tower,0,21,16,0,37,0,1,66,2,69,0,22,82,2,106,54,0,54,160
07/29/2002,GMU,SC,ASO,ES,Federal Contract Tower,0,25,15,0,40,0,12,97,2,111,0,37,112,2,151,80,0,80,231
07/30/2002,GMU,SC,ASO,ES,Federal Contract Tower,0,31,17,0,48,0,21,110,3,134,0,52,127,3,182,66,2,68,250
07/31/2002,GMU,SC,ASO,ES,Federal Contract Tower,0,40,16,0,56,0,35,110,5,150,0,75,126,5,206,72,2,74,280
08/01/2002,GMU,SC,ASO,ES,Federal Contract Tower,0,29,20,0,49,0,21,78,2,101,0,50,98,2,150,78,0,78,228
08/02/2002,GMU,SC,ASO,ES,Federal Contract Tower,0,22,16,0,38,0,14,49,2,65,0,36,65,2,103,46,0,46,149
08/03/2002,GMU,SC,ASO,ES,Federal Contract Tower,0,14,7,0,21,0,19,72,2,93,0,33,79,2,114,44,0,44,158
08/04/2002,GMU,SC,ASO,ES,Federal Contract Tower,0,17,8,1,26,0,5,57,2,64,0,22,65,3,90,18,0,18,108
08/05/2002,GMU,SC,ASO,ES,Federal Contract Tower,0,26,15,0,41,0,17,57,0,74,0,43,72,0,115,56,0,56,171
08/06/2002,GMU,SC,ASO,ES,Federal Contract Tower,0,34,7,0,41,0,27,79,2,108,0,61,86,2,149,60,0,60,209
08/07/2002,GMU,SC,ASO,ES,Federal Contract Tower,0,31,14,0,45,0,36,91,0,127,0,67,105,0,172,42,0,42,214
08/08/2002,GMU,SC,ASO,ES,Federal Contract Tower,0,43,21,0,64,0,29,124,0,153,0,72,145,0,217,66,0,66,283
08/09/2002,GMU,SC,ASO,ES,Federal Contract Tower,0,34,28,0,62,0,23,115,0,138,0,57,143,0,200,90,0,90,290
08/10/2002,GMU,SC,ASO,ES,Federal Contract Tower,0,14,20,0,34,0,4,84,0,88,0,18,104,0,122,104,0,104,226
08/11/2002,GMU,SC,ASO,ES,Federal Contract Tower,0,11,25,0,36,0,2,102,0,104,0,13,127,0,140,66,0,66,206
08/12/2002,GMU,SC,ASO,ES,Federal Contract Tower,0,24,15,0,39,0,12,89,1,102,0,36,104,1,141,66,0,66,207
08/13/2002,GMU,SC,ASO,ES,Federal Contract Tower,0,35,14,0,49,0,15,112,0,127,0,50,126,0,176,102,4,106,282
08/14/2002,GMU,SC,ASO,ES,Federal Contract Tower,0,38,19,0,57,0,13,83,2,98,0,51,102,2,155,86,0,86,241
08/15/2002,GMU,SC,ASO,ES,Federal Contract Tower,0,36,17,0,53,0,30,67,0,97,0,66,84,0,150,54,0,54,204
08/16/2002,GMU,SC,ASO,ES,Federal Contract Tower,0,47,33,0,80,0,11,39,0,50,0,58,72,0,130,40,0,40,170
08/17/2002,GMU,SC,ASO,ES,Federal Contract Tower,0,13,12,0,25,0,16,49,0,65,0,29,61,0,90,40,0,40,130
08/18/2002,GMU,SC,ASO,ES,Federal Contract Tower,0,13,15,0,28,0,0,80,0,80,0,13,95,0,108,44,4,48,156
08/19/2002,GMU,SC,ASO,ES,Federal Contract Tower,0,28,7,0,35,0,22,84,0,106,0,50,91,0,141,54,0,54,195
08/20/2002,GMU,SC,ASO,ES,Federal Contract Tower,0,36,19,0,55,0,20,94,0,114,0,56,113,0,169,82,0,82,251
08/21/2002,GMU,SC,ASO,ES,Federal Contract Tower,0,43,15,0,58,0,23,109,0,132,0,66,124,0,190,58,0,58,248
08/22/2002,GMU,SC,ASO,ES,Federal Contract Tower,0,46,22,0,68,0,22,64,2,88,0,68,86,2,156,92,0,92,248
08/23/2002,GMU,SC,ASO,ES,Federal Contract Tower,0,32,25,0,57,0,16,72,0,88,0,48,97,0,145,12,0,12,157
08/24/2002,GMU,SC,ASO,ES,Federal Contract Tower,0,8,12,0,20,0,4,78,0,82,0,12,90,0,102,52,0,52,154
08/25/2002,GMU,SC,ASO,ES,Federal Contract Tower,0,13,7,0,20,0,2,59,0,61,0,15,66,0,81,14,0,14,95
08/26/2002,GMU,SC,ASO,ES,Federal Contract Tower,0,19,21,0,40,0,3,49,0,52,0,22,70,0,92,68,2,70,162
08/27/2002,GMU,SC,ASO,ES,Federal Contract Tower,0,37,16,0,53,0,12,45,0,57,0,49,61,0,110,62,0,62,172
08/28/2002,GMU,SC,ASO,ES,Federal Contract Tower,0,51,23,0,74,0,11,36,0,47,0,62,59,0,121,30,0,30,151
08/29/2002,GMU,SC,ASO,ES,Federal Contract Tower,0,39,45,2,86,0,4,18,0,22,0,43,63,2,108,36,0,36,144
08/30/2002,GMU,SC,ASO,ES,Federal Contract Tower,0,27,44,0,71,0,0,18,0,18,0,27,62,0,89,28,0,28,117
08/31/2002,GMU,SC,ASO,ES,Federal Contract Tower,0,11,13,0,24,0,0,1,0,1,0,11,14,0,25,6,0,6,31
09/01/2002,GMU,SC,ASO,ES,Federal Contract Tower,0,6,16,0,22,0,2,26,3,31,0,8,42,3,53,30,0,30,83
09/02/2002,GMU,SC,ASO,ES,Federal Contract Tower,0,13,22,0,35,0,3,64,0,67,0,16,86,0,102,82,0,82,184
09/03/2002,GMU,SC,ASO,ES,Federal Contract Tower,0,23,24,0,47,0,14,98,0,112,0,37,122,0,159,76,0,76,235
09/04/2002,GMU,SC,ASO,ES,Federal Contract Tower,0,39,23,0,62,0,28,102,0,130,0,67,125,0,192,122,0,122,314
09/05/2002,GMU,SC,ASO,ES,Federal Contract Tower,0,37,24,1,62,0,19,148,0,167,0,56,172,1,229,122,0,122,351
09/06/2002,GMU,SC,ASO,ES,Federal Contract Tower,0,26,15,0,41,0,12,142,0,154,0,38,157,0,195,80,0,80,275
09/07/2002,GMU,SC,ASO,ES,Federal Contract Tower,0,15,16,0,31,0,7,105,10,122,0,22,121,10,153,76,0,76,229
09/08/2002,GMU,SC,ASO,ES,Federal Contract Tower,0,20,15,0,35,0,3,101,2,106,0,23,116,2,141,28,0,28,169
09/09/2002,GMU,SC,ASO,ES,Federal Contract Tower,0,14,10,0,24,0,20,107,2,129,0,34,117,2,153,108,0,108,261
09/10/2002,GMU,SC,ASO,ES,Federal Contract Tower,0,38,11,0,49,0,22,129,0,151,0,60,140,0,200,92,0,92,292
09/11/2002,GMU,SC,ASO,ES,Federal Contract Tower,0,44,20,0,64,0,38,109,0,147,0,82,129,0,211,82,0,82,293
09/12/2002,GMU,SC,ASO,ES,Federal Contract Tower,0,44,19,0,63,0,18,97,0,115,0,62,116,0,178,150,0,150,328
09/13/2002,GMU,SC,ASO,ES,Federal Contract Tower,0,43,38,0,81,0,13,32,0,45,0,56,70,0,126,42,0,42,168
09/14/2002,GMU,SC,ASO,ES,Federal Contract Tower,0,9,10,0,19,0,0,0,0,0,0,9,10,0,19,0,0,0,19
09/15/2002,GMU,SC,ASO,ES,Federal Contract Tower,0,15,11,0,26,0,0,0,0,0,0,15,11,0,26,0,0,0,26
09/16/2002,GMU,SC,ASO,ES,Federal Contract Tower,0,43,8,0,51,0,10,73,0,83,0,53,81,0,134,100,2,102,236
09/17/2002,GMU,SC,ASO,ES,Federal Contract Tower,0,35,10,0,45,0,21,51,2,74,0,56,61,2,119,94,0,94,213
09/18/2002,GMU,SC,ASO,ES,Federal Contract Tower,0,58,19,0,77,0,2,3,0,5,0,60,22,0,82,18,0,18,100
09/19/2002,GMU,SC,ASO,ES,Federal Contract Tower,0,43,15,0,58,0,6,25,4,35,0,49,40,4,93,28,0,28,121
09/20/2002,GMU,SC,ASO,ES,Federal Contract Tower,0,33,24,0,57,0,16,29,0,45,0,49,53,0,102,58,0,58,160
09/21/2002,GMU,SC,ASO,ES,Federal Contract Tower,0,12,20,2,34,0,4,0,0,4,0,16,20,2,38,0,0,0,38
09/22/2002,GMU,SC,ASO,ES,Federal Contract Tower,0,18,27,0,45,0,7,33,0,40,0,25,60,0,85,30,0,30,115
09/23/2002,GMU,SC,ASO,ES,Federal Contract Tower,0,30,19,0,49,0,19,103,1,123,0,49,122,1,172,58,0,58,230
09/24/2002,GMU,SC,ASO,ES,Federal Contract Tower,0,49,17,0,66,0,17,85,3,105,0,66,102,3,171,86,0,86,257
09/25/2002,GMU,SC,ASO,ES,Federal Contract Tower,0,44,30,0,74,0,3,8,0,11,0,47,38,0,85,0,0,0,85
09/26/2002,GMU,SC,ASO,ES,Federal Contract Tower,0,50,16,0,66,0,4,0,2,6,0,54,16,2,72,0,0,0,72
09/27/2002,GMU,SC,ASO,ES,Federal Contract Tower,0,39,30,2,71,0,7,33,0,40,0,46,63,2,111,0,0,0,111
09/28/2002,GMU,SC,ASO,ES,Federal Contract Tower,0,18,37,0,55,0,16,331,0,347,0,34,368,0,402,80,0,80,482
09/29/2002,GMU,SC,ASO,ES,Federal Contract Tower,0,26,26,0,52,0,2,198,0,200,0,28,224,0,252,100,0,100,352
09/30/2002,GMU,SC,ASO,ES,Federal Contract Tower,0,28,17,2,47,0,19,95,0,114,0,47,112,2,161,118,0,118,279
10/01/2002,GMU,SC,ASO,ES,Federal Contract Tower,0,24,25,0,49,0,15,126,3,144,0,39,151,3,193,126,0,126,319
10/02/2002,GMU,SC,ASO,ES,Federal Contract Tower,0,30,15,0,45,0,23,129,1,153,0,53,144,1,198,62,0,62,260
10/03/2002,GMU,SC,ASO,ES,Federal Contract Tower,0,29,21,0,50,0,23,139,3,165,0,52,160,3,215,136,0,136,351
10/04/2002,GMU,SC,ASO,ES,Federal Contract Tower,0,29,14,0,43,0,20,82,0,102,0,49,96,0,145,44,0,44,189
10/05/2002,GMU,SC,ASO,ES,Federal Contract Tower,0,15,16,0,31,0,5,73,4,82,0,20,89,4,113,30,0,30,143
10/06/2002,GMU,SC,ASO,ES,Federal Contract Tower,0,22,21,0,43,0,15,76,0,91,0,37,97,0,134,20,0,20,154
10/07/2002,GMU,SC,ASO,ES,Federal Contract Tower,0,19,17,0,36,0,9,90,0,99,0,28,107,0,135,66,0,66,201
10/08/2002,GMU,SC,ASO,ES,Federal Contract Tower,0,20,22,0,42,0,11,96,0,107,0,31,118,0,149,70,0,70,219
10/09/2002,GMU,SC,ASO,ES,Federal Contract Tower,0,25,22,0,47,0,13,0,4,17,0,38,22,4,64,0,0,0,64
10/10/2002,GMU,SC,ASO,ES,Federal Contract Tower,0,29,27,0,56,0,13,52,2,67,0,42,79,2,123,36,0,36,159
10/11/2002,GMU,SC,ASO,ES,Federal Contract Tower,0,24,22,0,46,0,7,65,0,72,0,31,87,0,118,48,0,48,166
10/12/2002,GMU,SC,ASO,ES,Federal Contract Tower,0,15,20,0,35,0,8,118,1,127,0,23,138,1,162,112,0,112,274
10/13/2002,GMU,SC,ASO,ES,Federal Contract Tower,0,13,16,0,29,0,8,51,0,59,0,21,67,0,88,56,0,56,144
10/14/2002,GMU,SC,ASO,ES,Federal Contract Tower,0,24,20,0,44,0,8,71,0,79,0,32,91,0,123,44,0,44,167
10/15/2002,GMU,SC,ASO,ES,Federal Contract Tower,0,20,7,0,27,0,0,0,0,0,0,20,7,0,27,0,0,0,27
10/16/2002,GMU,SC,ASO,ES,Federal Contract Tower,0,20,34,0,54,0,21,88,1,110,0,41,122,1,164,52,0,52,216
10/17/2002,GMU,SC,ASO,ES,Federal Contract Tower,0,11,20,0,31,0,31,145,0,176,0,42,165,0,207,118,0,118,325
10/18/2002,GMU,SC,ASO,ES,Federal Contract Tower,0,17,18,1,36,0,24,151,0,175,0,41,169,1,211,114,0,114,325
10/19/2002,GMU,SC,ASO,ES,Federal Contract Tower,0,14,3,1,18,0,4,85,2,91,0,18,88,3,109,72,0,72,181
10/20/2002,GMU,SC,ASO,ES,Federal Contract Tower,0,25,14,0,39,0,10,58,0,68,0,35,72,0,107,54,0,54,161
10/21/2002,GMU,SC,ASO,ES,Federal Contract Tower,0,22,9,0,31,0,13,72,0,85,0,35,81,0,116,78,0,78,194
10/22/2002,GMU,SC,ASO,ES,Federal Contract Tower,0,28,22,0,50,0,29,46,0,75,0,57,68,0,125,90,0,90,215
10/23/2002,GMU,SC,ASO,ES,Federal Contract Tower,0,20,19,0,39,0,17,56,1,74,0,37,75,1,113,90,0,90,203
10/24/2002,GMU,SC,ASO,ES,Federal Contract Tower,0,18,26,0,44,0,20,23,0,43,0,38,49,0,87,8,0,8,95
10/25/2002,GMU,SC,ASO,ES,Federal Contract Tower,0,18,16,0,34,0,1,0,0,1,0,19,16,0,35,4,0,4,39
10/26/2002,GMU,SC,ASO,ES,Federal Contract Tower,0,2,7,1,10,0,2,60,2,64,0,4,67,3,74,76,0,76,150
10/27/2002,GMU,SC,ASO,ES,Federal Contract Tower,0,17,15,0,32,0,6,8,0,14,0,23,23,0,46,4,0,4,50
10/28/2002,GMU,SC,ASO,ES,Federal Contract Tower,0,8,7,0,15,0,0,0,0,0,0,8,7,0,15,2,0,2,17
10/29/2002,GMU,SC,ASO,ES,Federal Contract Tower,0,9,8,0,17,0,0,0,0,0,0,9,8,0,17,0,0,0,17
10/30/2002,GMU,SC,ASO,ES,Federal Contract Tower,0,13,8,0,21,0,0,3,0,3,0,13,11,0,24,0,0,0,24
10/31/2002,GMU,SC,ASO,ES,Federal Contract Tower,0,14,19,0,33,0,13,157,0,170,0,27,176,0,203,74,0,74,277
11/01/2002,GMU,SC,ASO,ES,Federal Contract Tower,0,10,21,0,31,0,15,115,2,132,0,25,136,2,163,62,8,70,233
11/02/2002,GMU,SC,ASO,ES,Federal Contract Tower,0,10,13,0,23,0,3,153,0,156,0,13,166,0,179,90,4,94,273
11/03/2002,GMU,SC,ASO,ES,Federal Contract Tower,0,14,17,0,31,0,5,103,3,111,0,19,120,3,142,82,0,82,224
11/04/2002,GMU,SC,ASO,ES,Federal Contract Tower,0,25,20,0,45,0,16,51,0,67,0,41,71,0,112,78,0,78,190
11/05/2002,GMU,SC,ASO,ES,Federal Contract Tower,0,19,1,0,20,0,0,0,0,0,0,19,1,0,20,0,0,0,20
11/06/2002,GMU,SC,ASO,ES,Federal Contract Tower,0,25,24,0,49,0,15,58,0,73,0,40,82,0,122,36,0,36,158
11/07/2002,GMU,SC,ASO,ES,Federal Contract Tower,0,39,18,0,57,0,17,159,1,177,0,56,177,1,234,100,0,100,334
11/08/2002,GMU,SC,ASO,ES,Federal Contract Tower,0,22,39,0,61,0,6,148,0,154,0,28,187,0,215,106,0,106,321
11/09/2002,GMU,SC,ASO,ES,Federal Contract Tower,0,9,29,0,38,0,1,152,0,153,0,10,181,0,191,100,0,100,291
11/10/2002,GMU,SC,ASO,ES,Federal Contract Tower,0,9,16,0,25,0,0,19,0,19,0,9,35,0,44,18,0,18,62
11/11/2002,GMU,SC,ASO,ES,Federal Contract Tower,0,20,17,0,37,0,2,15,0,17,0,22,32,0,54,0,0,0,54
11/12/2002,GMU,SC,ASO,ES,Federal Contract Tower,0,19,10,0,29,0,6,0,0,6,0,25,10,0,35,0,0,0,35
11/13/2002,GMU,SC,ASO,ES,Federal Contract Tower,0,25,10,0,35,0,27,130,2,159,0,52,140,2,194,56,0,56,250
11/14/2002,GMU,SC,ASO,ES,Federal Contract Tower,0,1,3,0,4,0,6,22,0,28,0,7,25,0,32,16,0,16,48
11/15/2002,GMU,SC,ASO,ES,Federal Contract Tower,0,0,0,0,0,0,6,11,0,17,0,6,11,0,17,42,0,42,59
11/16/2002,GMU,SC,ASO,ES,Federal Contract Tower,0,0,0,0,0,0,0,0,0,0,0,0,0,0,0,0,0,0,0
11/17/2002,GMU,SC,ASO,ES,Federal Contract Tower,0,0,0,0,0,0,12,14,0,26,0,12,14,0,26,2,0,2,28
11/18/2002,GMU,SC,ASO,ES,Federal Contract Tower,0,0,0,0,0,0,12,13,0,25,0,12,13,0,25,50,0,50,75
11/19/2002,GMU,SC,ASO,ES,Federal Contract Tower,0,0,0,0,0,0,17,8,0,25,0,17,8,0,25,16,0,16,41
11/20/2002,GMU,SC,ASO,ES,Federal Contract Tower,0,0,0,0,0,0,17,7,1,25,0,17,7,1,25,16,0,16,41
11/21/2002,GMU,SC,ASO,ES,Federal Contract Tower,0,0,0,0,0,0,7,11,1,19,0,7,11,1,19,6,4,10,29
11/22/2002,GMU,SC,ASO,ES,Federal Contract Tower,0,0,0,0,0,0,11,2,0,13,0,11,2,0,13,0,0,0,13
11/23/2002,GMU,SC,ASO,ES,Federal Contract Tower,0,0,0,0,0,0,4,13,5,22,0,4,13,5,22,2,0,2,24
11/24/2002,GMU,SC,ASO,ES,Federal Contract Tower,0,0,0,0,0,0,2,3,0,5,0,2,3,0,5,0,0,0,5
11/25/2002,GMU,SC,ASO,ES,Federal Contract Tower,0,3,4,0,7,0,17,114,1,132,0,20,118,1,139,52,1,53,192
11/26/2002,GMU,SC,ASO,ES,Federal Contract Tower,0,26,9,0,35,0,24,130,2,156,0,50,139,2,191,52,4,56,247
11/27/2002,GMU,SC,ASO,ES,Federal Contract Tower,0,24,18,0,42,0,12,79,3,94,0,36,97,3,136,50,0,50,186
11/28/2002,GMU,SC,ASO,ES,Federal Contract Tower,0,5,8,0,13,0,8,35,0,43,0,13,43,0,56,24,0,24,80
11/29/2002,GMU,SC,ASO,ES,Federal Contract Tower,0,13,16,0,29,0,9,67,3,79,0,22,83,3,108,66,0,66,174
11/30/2002,GMU,SC,ASO,ES,Federal Contract Tower,0,8,9,0,17,0,4,34,0,38,0,12,43,0,55,0,0,0,55
12/01/2002,GMU,SC,ASO,ES,Federal Contract Tower,0,23,12,0,35,0,8,92,0,100,0,31,104,0,135,34,0,34,169
12/02/2002,GMU,SC,ASO,ES,Federal Contract Tower,0,11,14,0,25,0,19,104,0,123,0,30,118,0,148,56,0,56,204
12/03/2002,GMU,SC,ASO,ES,Federal Contract Tower,0,33,8,0,41,0,31,97,0,128,0,64,105,0,169,92,0,92,261
12/04/2002,GMU,SC,ASO,ES,Federal Contract Tower,0,11,3,0,14,0,4,12,0,16,0,15,15,0,30,8,0,8,38
12/05/2002,GMU,SC,ASO,ES,Federal Contract Tower,0,16,13,0,29,0,11,0,0,11,0,27,13,0,40,4,0,4,44
12/06/2002,GMU,SC,ASO,ES,Federal Contract Tower,0,20,21,0,41,0,5,61,0,66,0,25,82,0,107,58,0,58,165
12/07/2002,GMU,SC,ASO,ES,Federal Contract Tower,0,7,17,0,24,0,3,82,0,85,0,10,99,0,109,102,0,102,211
12/08/2002,GMU,SC,ASO,ES,Federal Contract Tower,0,13,15,0,28,0,3,80,1,84,0,16,95,1,112,52,0,52,164
12/09/2002,GMU,SC,ASO,ES,Federal Contract Tower,0,32,11,0,43,0,14,63,0,77,0,46,74,0,120,34,0,34,154
12/10/2002,GMU,SC,ASO,ES,Federal Contract Tower,0,51,18,0,69,0,15,27,0,42,0,66,45,0,111,26,0,26,137
12/11/2002,GMU,SC,ASO,ES,Federal Contract Tower,0,53,20,0,73,0,0,1,0,1,0,53,21,0,74,0,0,0,74
12/12/2002,GMU,SC,ASO,ES,Federal Contract Tower,0,38,44,0,82,0,6,3,0,9,0,44,47,0,91,0,0,0,91
12/13/2002,GMU,SC,ASO,ES,Federal Contract Tower,0,20,7,0,27,0,3,0,0,3,0,23,7,0,30,0,0,0,30
12/14/2002,GMU,SC,ASO,ES,Federal Contract Tower,0,20,5,0,25,0,14,84,7,105,0,34,89,7,130,28,0,28,158
12/15/2002,GMU,SC,ASO,ES,Federal Contract Tower,0,13,17,0,30,0,8,120,2,130,0,21,137,2,160,126,0,126,286
12/16/2002,GMU,SC,ASO,ES,Federal Contract Tower,0,30,12,0,42,0,12,96,2,110,0,42,108,2,152,44,0,44,196
12/17/2002,GMU,SC,ASO,ES,Federal Contract Tower,0,40,12,0,52,0,30,108,0,138,0,70,120,0,190,90,0,90,280
12/18/2002,GMU,SC,ASO,ES,Federal Contract Tower,0,42,25,0,67,0,22,58,0,80,0,64,83,0,147,70,0,70,217
12/19/2002,GMU,SC,ASO,ES,Federal Contract Tower,0,37,25,0,62,0,0,4,0,4,0,37,29,0,66,0,0,0,66
12/20/2002,GMU,SC,ASO,ES,Federal Contract Tower,0,34,12,0,46,0,17,70,0,87,0,51,82,0,133,14,0,14,147
12/21/2002,GMU,SC,ASO,ES,Federal Contract Tower,0,11,8,0,19,0,9,117,2,128,0,20,125,2,147,20,0,20,167
12/22/2002,GMU,SC,ASO,ES,Federal Contract Tower,0,22,9,0,31,0,12,42,0,54,0,34,51,0,85,10,0,10,95
12/23/2002,GMU,SC,ASO,ES,Federal Contract Tower,0,21,13,0,34,0,15,93,0,108,0,36,106,0,142,40,0,40,182
12/24/2002,GMU,SC,ASO,ES,Federal Contract Tower,0,5,1,0,6,0,0,1,0,1,0,5,2,0,7,0,0,0,7
12/25/2002,GMU,SC,ASO,ES,Federal Contract Tower,0,9,2,0,11,0,3,16,0,19,0,12,18,0,30,2,0,2,32
12/26/2002,GMU,SC,ASO,ES,Federal Contract Tower,0,17,19,0,36,0,11,78,0,89,0,28,97,0,125,26,0,26,151
12/27/2002,GMU,SC,ASO,ES,Federal Contract Tower,0,18,21,1,40,0,13,99,1,113,0,31,120,2,153,93,0,93,246
12/28/2002,GMU,SC,ASO,ES,Federal Contract Tower,0,16,7,0,23,0,9,91,0,100,0,25,98,0,123,36,0,36,159
12/29/2002,GMU,SC,ASO,ES,Federal Contract Tower,0,8,14,0,22,0,2,119,0,121,0,10,133,0,143,36,0,36,179
12/30/2002,GMU,SC,ASO,ES,Federal Contract Tower,0,13,7,0,20,0,20,94,4,118,0,33,101,4,138,124,0,124,262
12/31/2002,GMU,SC,ASO,ES,Federal Contract Tower,0,4,11,0,15,0,5,35,0,40,0,9,46,0,55,44,0,44,99
01/01/2003,GMU,SC,ASO,ES,Federal Contract Tower,0,5,9,0,14,0,0,13,0,13,0,5,22,0,27,16,0,16,43
01/02/2003,GMU,SC,ASO,ES,Federal Contract Tower,0,18,17,1,36,0,4,5,0,9,0,22,22,1,45,12,0,12,57
01/03/2003,GMU,SC,ASO,ES,Federal Contract Tower,0,27,11,0,38,0,9,38,0,47,0,36,49,0,85,2,0,2,87
01/04/2003,GMU,SC,ASO,ES,Federal Contract Tower,0,14,19,0,33,0,5,148,0,153,0,19,167,0,186,66,0,66,252
01/05/2003,GMU,SC,ASO,ES,Federal Contract Tower,0,16,6,0,22,0,10,88,1,99,0,26,94,1,121,42,0,42,163
01/06/2003,GMU,SC,ASO,ES,Federal Contract Tower,0,20,26,0,46,0,13,64,1,78,0,33,90,1,124,40,0,40,164
01/07/2003,GMU,SC,ASO,ES,Federal Contract Tower,0,23,16,0,39,0,16,89,0,105,0,39,105,0,144,20,0,20,164
01/08/2003,GMU,SC,ASO,ES,Federal Contract Tower,0,33,18,0,51,0,13,75,1,89,0,46,93,1,140,68,0,68,208
01/09/2003,GMU,SC,ASO,ES,Federal Contract Tower,0,23,25,0,48,0,17,79,0,96,0,40,104,0,144,20,0,20,164
01/10/2003,GMU,SC,ASO,ES,Federal Contract Tower,0,19,13,0,32,0,12,122,0,134,0,31,135,0,166,62,0,62,228
01/11/2003,GMU,SC,ASO,ES,Federal Contract Tower,0,5,9,0,14,0,4,123,0,127,0,9,132,0,141,62,0,62,203
01/12/2003,GMU,SC,ASO,ES,Federal Contract Tower,0,16,13,0,29,0,4,88,0,92,0,20,101,0,121,48,0,48,169
01/13/2003,GMU,SC,ASO,ES,Federal Contract Tower,0,22,11,0,33,0,8,92,0,100,0,30,103,0,133,54,0,54,187
01/14/2003,GMU,SC,ASO,ES,Federal Contract Tower,0,18,11,0,29,0,20,116,0,136,0,38,127,0,165,110,0,110,275
01/15/2003,GMU,SC,ASO,ES,Federal Contract Tower,0,42,22,0,64,0,20,120,2,142,0,62,142,2,206,112,4,116,322
01/16/2003,GMU,SC,ASO,ES,Federal Contract Tower,0,37,8,0,45,0,3,66,0,69,0,40,74,0,114,78,0,78,192
01/17/2003,GMU,SC,ASO,ES,Federal Contract Tower,0,28,18,0,46,0,12,58,0,70,0,40,76,0,116,24,0,24,140
01/18/2003,GMU,SC,ASO,ES,Federal Contract Tower,0,9,14,0,23,0,5,108,0,113,0,14,122,0,136,38,0,38,174
01/19/2003,GMU,SC,ASO,ES,Federal Contract Tower,0,11,8,0,19,0,14,74,4,92,0,25,82,4,111,30,0,30,141
01/20/2003,GMU,SC,ASO,ES,Federal Contract Tower,0,34,13,0,47,0,31,113,8,152,0,65,126,8,199,30,0,30,229
01/21/2003,GMU,SC,ASO,ES,Federal Contract Tower,0,44,26,0,70,0,14,53,0,67,0,58,79,0,137,36,0,36,173
01/22/2003,GMU,SC,ASO,ES,Federal Contract Tower,0,42,9,1,52,0,17,104,1,122,0,59,113,2,174,70,0,70,244
01/23/2003,GMU,SC,ASO,ES,Federal Contract Tower,0,20,5,0,25,0,6,19,0,25,0,26,24,0,50,0,0,0,50
01/24/2003,GMU,SC,ASO,ES,Federal Contract Tower,0,26,20,0,46,0,17,60,2,79,0,43,80,2,125,44,0,44,169
01/25/2003,GMU,SC,ASO,ES,Federal Contract Tower,0,10,8,0,18,0,7,148,0,155,0,17,156,0,173,102,0,102,275
01/26/2003,GMU,SC,ASO,ES,Federal Contract Tower,0,6,12,0,18,0,5,57,0,62,0,11,69,0,80,28,0,28,108
01/27/2003,GMU,SC,ASO,ES,Federal Contract Tower,0,20,13,0,33,0,30,99,0,129,0,50,112,0,162,20,0,20,182
01/28/2003,GMU,SC,ASO,ES,Federal Contract Tower,0,43,19,0,62,0,11,110,0,121,0,54,129,0,183,92,0,92,275
01/29/2003,GMU,SC,ASO,ES,Federal Contract Tower,0,37,25,0,62,0,1,20,0,21,0,38,45,0,83,14,0,14,97
01/30/2003,GMU,SC,ASO,ES,Federal Contract Tower,0,25,19,0,44,0,0,0,0,0,0,25,19,0,44,0,0,0,44
01/31/2003,GMU,SC,ASO,ES,Federal Contract Tower,0,37,35,0,72,0,14,13,2,29,0,51,48,2,101,62,0,62,163
02/01/2003,GMU,SC,ASO,ES,Federal Contract Tower,0,10,11,0,21,0,0,153,0,153,0,10,164,0,174,118,0,118,292
02/02/2003,GMU,SC,ASO,ES,Federal Contract Tower,0,11,26,0,37,0,12,117,2,131,0,23,143,2,168,54,0,54,222
02/03/2003,GMU,SC,ASO,ES,Federal Contract Tower,0,26,9,0,35,0,14,106,0,120,0,40,115,0,155,34,0,34,189
02/04/2003,GMU,SC,ASO,ES,Federal Contract Tower,0,23,13,0,36,0,22,82,0,104,0,45,95,0,140,48,0,48,188
02/05/2003,GMU,SC,ASO,ES,Federal Contract Tower,0,24,16,0,40,0,13,125,0,138,0,37,141,0,178,62,0,62,240
02/06/2003,GMU,SC,ASO,ES,Federal Contract Tower,0,23,12,0,35,0,0,25,0,25,0,23,37,0,60,82,0,82,142
02/07/2003,GMU,SC,ASO,ES,Federal Contract Tower,0,18,23,0,41,0,7,34,0,41,0,25,57,0,82,52,0,52,134
02/08/2003,GMU,SC,ASO,ES,Federal Contract Tower,0,11,12,1,24,0,19,162,25,206,0,30,174,26,230,90,2,92,322
02/09/2003,GMU,SC,ASO,ES,Federal Contract Tower,0,11,4,0,15,0,3,116,9,128,0,14,120,9,143,90,6,96,239
02/10/2003,GMU,SC,ASO,ES,Federal Contract Tower,0,28,16,0,44,0,7,39,0,46,0,35,55,0,90,0,0,0,90
02/11/2003,GMU,SC,ASO,ES,Federal Contract Tower,0,28,3,1,32,0,17,141,7,165,0,45,144,8,197,108,0,108,305
02/12/2003,GMU,SC,ASO,ES,Federal Contract Tower,0,30,24,0,54,0,19,95,0,114,0,49,119,0,168,40,0,40,208
02/13/2003,GMU,SC,ASO,ES,Federal Contract Tower,0,33,20,0,53,0,20,142,0,162,0,53,162,0,215,130,0,130,345
02/14/2003,GMU,SC,ASO,ES,Federal Contract Tower,0,43,20,0,63,0,4,41,0,45,0,47,61,0,108,20,0,20,128
02/15/2003,GMU,SC,ASO,ES,Federal Contract Tower,0,17,10,0,27,0,0,17,0,17,0,17,27,0,44,74,0,74,118
02/16/2003,GMU,SC,ASO,ES,Federal Contract Tower,0,5,0,0,5,0,0,0,0,0,0,5,0,0,5,0,0,0,5
02/17/2003,GMU,SC,ASO,ES,Federal Contract Tower,0,23,1,0,24,0,7,4,0,11,0,30,5,0,35,0,0,0,35
02/18/2003,GMU,SC,ASO,ES,Federal Contract Tower,0,33,11,0,44,0,15,84,0,99,0,48,95,0,143,78,0,78,221
02/19/2003,GMU,SC,ASO,ES,Federal Contract Tower,0,32,20,2,54,0,17,85,2,104,0,49,105,4,158,82,0,82,240
02/20/2003,GMU,SC,ASO,ES,Federal Contract Tower,0,38,18,0,56,0,19,79,1,99,0,57,97,1,155,68,0,68,223
02/21/2003,GMU,SC,ASO,ES,Federal Contract Tower,0,31,25,0,56,0,8,44,1,53,0,39,69,1,109,78,0,78,187
02/22/2003,GMU,SC,ASO,ES,Federal Contract Tower,0,9,13,0,22,0,0,1,0,1,0,9,14,0,23,4,0,4,27
02/23/2003,GMU,SC,ASO,ES,Federal Contract Tower,0,23,3,0,26,0,6,98,4,108,0,29,101,4,134,100,0,100,234
02/24/2003,GMU,SC,ASO,ES,Federal Contract Tower,0,50,15,0,65,0,13,96,4,113,0,63,111,4,178,48,2,50,228
02/25/2003,GMU,SC,ASO,ES,Federal Contract Tower,0,26,12,1,39,0,16,109,0,125,0,42,121,1,164,82,0,82,246
02/26/2003,GMU,SC,ASO,ES,Federal Contract Tower,0,45,21,0,66,0,1,6,0,7,0,46,27,0,73,16,0,16,89
02/27/2003,GMU,SC,ASO,ES,Federal Contract Tower,0,38,9,0,47,0,0,0,0,0,0,38,9,0,47,0,0,0,47
02/28/2003,GMU,SC,ASO,ES,Federal Contract Tower,0,28,27,1,56,0,6,22,3,31,0,34,49,4,87,96,0,96,183
03/01/2003,GMU,SC,ASO,ES,Federal Contract Tower,0,16,12,0,28,0,1,0,0,1,0,17,12,0,29,0,0,0,29
03/02/2003,GMU,SC,ASO,ES,Federal Contract Tower,0,17,13,0,30,0,5,55,0,60,0,22,68,0,90,22,2,24,114
03/03/2003,GMU,SC,ASO,ES,Federal Contract Tower,0,20,17,0,37,0,14,107,0,121,0,34,124,0,158,62,0,62,220
03/04/2003,GMU,SC,ASO,ES,Federal Contract Tower,0,19,16,0,35,0,5,104,0,109,0,24,120,0,144,70,0,70,214
03/05/2003,GMU,SC,ASO,ES,Federal Contract Tower,0,25,26,0,51,0,8,51,4,63,0,33,77,4,114,14,0,14,128
03/06/2003,GMU,SC,ASO,ES,Federal Contract Tower,0,19,15,0,34,0,1,32,0,33,0,20,47,0,67,30,0,30,97
03/07/2003,GMU,SC,ASO,ES,Federal Contract Tower,0,42,25,0,67,0,5,28,2,35,0,47,53,2,102,42,0,42,144
03/08/2003,GMU,SC,ASO,ES,Federal Contract Tower,0,19,23,0,42,0,8,195,0,203,0,27,218,0,245,132,0,132,377
03/09/2003,GMU,SC,ASO,ES,Federal Contract Tower,0,30,7,0,37,0,7,104,2,113,0,37,111,2,150,56,0,56,206
03/10/2003,GMU,SC,ASO,ES,Federal Contract Tower,0,20,15,0,35,0,33,153,5,191,0,53,168,5,226,158,0,158,384
03/11/2003,GMU,SC,ASO,ES,Federal Contract Tower,0,39,27,0,66,0,8,120,4,132,0,47,147,4,198,78,4,82,280
03/12/2003,GMU,SC,ASO,ES,Federal Contract Tower,0,28,18,1,47,0,15,127,0,142,0,43,145,1,189,68,0,68,257
03/13/2003,GMU,SC,ASO,ES,Federal Contract Tower,0,29,21,0,50,0,19,102,0,121,0,48,123,0,171,74,0,74,245
03/14/2003,GMU,SC,ASO,ES,Federal Contract Tower,0,37,29,0,66,0,7,33,2,42,0,44,62,2,108,32,0,32,140
03/15/2003,GMU,SC,ASO,ES,Federal Contract Tower,0,10,14,0,24,0,0,30,2,32,0,10,44,2,56,34,0,34,90
03/16/2003,GMU,SC,ASO,ES,Federal Contract Tower,0,10,31,0,41,0,2,12,0,14,0,12,43,0,55,4,0,4,59
03/17/2003,GMU,SC,ASO,ES,Federal Contract Tower,0,33,30,0,63,0,1,13,0,14,0,34,43,0,77,22,0,22,99
03/18/2003,GMU,SC,ASO,ES,Federal Contract Tower,0,37,14,0,51,0,0,0,0,0,0,37,14,0,51,0,0,0,51
03/19/2003,GMU,SC,ASO,ES,Federal Contract Tower,0,41,14,0,55,0,1,0,0,1,0,42,14,0,56,0,0,0,56
03/20/2003,GMU,SC,ASO,ES,Federal Contract Tower,0,45,9,0,54,0,0,0,0,0,0,45,9,0,54,0,0,0,54
03/21/2003,GMU,SC,ASO,ES,Federal Contract Tower,0,37,13,0,50,0,6,73,0,79,0,43,86,0,129,76,0,76,205
03/22/2003,GMU,SC,ASO,ES,Federal Contract Tower,0,11,14,0,25,0,11,157,2,170,0,22,171,2,195,74,0,74,269
03/23/2003,GMU,SC,ASO,ES,Federal Contract Tower,0,21,12,0,33,0,7,100,0,107,0,28,112,0,140,62,0,62,202
03/24/2003,GMU,SC,ASO,ES,Federal Contract Tower,0,23,16,0,39,0,21,143,2,166,0,44,159,2,205,80,0,80,285
03/25/2003,GMU,SC,ASO,ES,Federal Contract Tower,0,32,16,0,48,0,16,143,1,160,0,48,159,1,208,80,0,80,288
03/26/2003,GMU,SC,ASO,ES,Federal Contract Tower,0,33,21,0,54,0,16,93,0,109,0,49,114,0,163,84,0,84,247
03/27/2003,GMU,SC,ASO,ES,Federal Contract Tower,0,27,31,0,58,0,13,88,2,103,0,40,119,2,161,58,6,64,225
03/28/2003,GMU,SC,ASO,ES,Federal Contract Tower,0,36,29,1,66,0,20,62,0,82,0,56,91,1,148,62,0,62,210
03/29/2003,GMU,SC,ASO,ES,Federal Contract Tower,0,14,18,0,32,0,1,45,1,47,0,15,63,1,79,56,0,56,135
03/30/2003,GMU,SC,ASO,ES,Federal Contract Tower,0,36,16,0,52,0,5,38,0,43,0,41,54,0,95,18,0,18,113
03/31/2003,GMU,SC,ASO,ES,Federal Contract Tower,0,30,18,0,48,0,22,125,0,147,0,52,143,0,195,76,0,76,271
04/01/2003,GMU,SC,ASO,ES,Federal Contract Tower,0,38,24,0,62,0,14,99,3,116,0,52,123,3,178,96,0,96,274
04/02/2003,GMU,SC,ASO,ES,Federal Contract Tower,0,21,22,0,43,0,13,116,1,130,0,34,138,1,173,64,0,64,237
04/03/2003,GMU,SC,ASO,ES,Federal Contract Tower,0,34,12,0,46,0,16,159,0,175,0,50,171,0,221,106,0,106,327
04/04/2003,GMU,SC,ASO,ES,Federal Contract Tower,0,37,20,1,58,0,15,83,0,98,0,52,103,1,156,30,0,30,186
04/05/2003,GMU,SC,ASO,ES,Federal Contract Tower,0,10,14,0,24,0,2,40,0,42,0,12,54,0,66,26,0,26,92
04/06/2003,GMU,SC,ASO,ES,Federal Contract Tower,0,35,28,1,64,0,2,54,0,56,0,37,82,1,120,54,0,54,174
04/07/2003,GMU,SC,ASO,ES,Federal Contract Tower,0,29,10,0,39,0,0,8,0,8,0,29,18,0,47,22,0,22,69
04/08/2003,GMU,SC,ASO,ES,Federal Contract Tower,0,37,16,0,53,0,0,0,0,0,0,37,16,0,53,2,0,2,55
04/09/2003,GMU,SC,ASO,ES,Federal Contract Tower,0,48,23,0,71,0,0,0,0,0,0,48,23,0,71,2,0,2,73
04/10/2003,GMU,SC,ASO,ES,Federal Contract Tower,0,36,8,0,44,0,0,0,0,0,0,36,8,0,44,2,0,2,46
04/11/2003,GMU,SC,ASO,ES,Federal Contract Tower,0,36,33,0,69,0,9,75,1,85,0,45,108,1,154,52,0,52,206
04/12/2003,GMU,SC,ASO,ES,Federal Contract Tower,0,15,16,0,31,0,15,186,2,203,0,30,202,2,234,106,0,106,340
04/13/2003,GMU,SC,ASO,ES,Federal Contract Tower,0,24,28,0,52,0,3,175,4,182,0,27,203,4,234,98,0,98,332
04/14/2003,GMU,SC,ASO,ES,Federal Contract Tower,0,25,14,0,39,0,11,133,0,144,0,36,147,0,183,120,0,120,303
04/15/2003,GMU,SC,ASO,ES,Federal Contract Tower,0,39,6,0,45,0,22,140,4,166,0,61,146,4,211,150,0,150,361
04/16/2003,GMU,SC,ASO,ES,Federal Contract Tower,0,35,12,0,47,0,15,138,0,153,0,50,150,0,200,116,0,116,316
04/17/2003,GMU,SC,ASO,ES,Federal Contract Tower,0,25,18,0,43,0,5,69,0,74,0,30,87,0,117,98,0,98,215
04/18/2003,GMU,SC,ASO,ES,Federal Contract Tower,0,20,20,0,40,0,1,1,0,2,0,21,21,0,42,8,0,8,50
04/19/2003,GMU,SC,ASO,ES,Federal Contract Tower,0,9,21,0,30,0,2,32,0,34,0,11,53,0,64,70,0,70,134
04/20/2003,GMU,SC,ASO,ES,Federal Contract Tower,0,25,11,0,36,0,1,16,2,19,0,26,27,2,55,26,0,26,81
04/21/2003,GMU,SC,ASO,ES,Federal Contract Tower,0,46,10,0,56,0,0,0,0,0,0,46,10,0,56,0,0,0,56
04/22/2003,GMU,SC,ASO,ES,Federal Contract Tower,0,33,10,0,43,0,20,140,2,162,0,53,150,2,205,168,4,172,377
04/23/2003,GMU,SC,ASO,ES,Federal Contract Tower,0,33,20,0,53,0,18,182,0,200,0,51,202,0,253,156,2,158,411
04/24/2003,GMU,SC,ASO,ES,Federal Contract Tower,0,45,19,0,64,0,16,116,2,134,0,61,135,2,198,52,0,52,250
04/25/2003,GMU,SC,ASO,ES,Federal Contract Tower,0,37,18,1,56,0,0,0,0,0,0,37,18,1,56,0,0,0,56
04/26/2003,GMU,SC,ASO,ES,Federal Contract Tower,0,25,17,0,42,0,16,61,0,77,0,41,78,0,119,38,0,38,157
04/27/2003,GMU,SC,ASO,ES,Federal Contract Tower,0,19,13,0,32,0,8,98,2,108,0,27,111,2,140,40,0,40,180
04/28/2003,GMU,SC,ASO,ES,Federal Contract Tower,0,39,15,0,54,0,16,139,2,157,0,55,154,2,211,248,2,250,461
04/29/2003,GMU,SC,ASO,ES,Federal Contract Tower,0,47,14,0,61,0,39,99,0,138,0,86,113,0,199,162,0,162,361
04/30/2003,GMU,SC,ASO,ES,Federal Contract Tower,0,56,24,2,82,0,47,122,0,169,0,103,146,2,251,60,2,62,313
05/01/2003,GMU,SC,ASO,ES,Federal Contract Tower,0,48,25,0,73,0,22,38,2,62,0,70,63,2,135,22,0,22,157
05/02/2003,GMU,SC,ASO,ES,Federal Contract Tower,0,32,16,0,48,0,26,79,2,107,0,58,95,2,155,30,0,30,185
05/03/2003,GMU,SC,ASO,ES,Federal Contract Tower,0,32,9,0,41,0,15,97,2,114,0,47,106,2,155,52,0,52,207
05/04/2003,GMU,SC,ASO,ES,Federal Contract Tower,0,34,23,0,57,0,6,80,4,90,0,40,103,4,147,62,2,64,211
05/05/2003,GMU,SC,ASO,ES,Federal Contract Tower,0,39,3,0,42,0,0,0,0,0,0,39,3,0,42,0,0,0,42
05/06/2003,GMU,SC,ASO,ES,Federal Contract Tower,0,40,9,1,50,0,1,5,0,6,0,41,14,1,56,12,0,12,68
05/07/2003,GMU,SC,ASO,ES,Federal Contract Tower,0,46,13,0,59,0,19,56,0,75,0,65,69,0,134,70,0,70,204
05/08/2003,GMU,SC,ASO,ES,Federal Contract Tower,0,36,30,0,66,0,18,106,2,126,0,54,136,2,192,94,0,94,286
05/09/2003,GMU,SC,ASO,ES,Federal Contract Tower,0,34,26,0,60,0,13,71,0,84,0,47,97,0,144,64,0,64,208
05/10/2003,GMU,SC,ASO,ES,Federal Contract Tower,0,7,12,0,19,0,6,95,2,103,0,13,107,2,122,66,0,66,188
05/11/2003,GMU,SC,ASO,ES,Federal Contract Tower,0,16,16,0,32,0,2,6,0,8,0,18,22,0,40,0,0,0,40
05/12/2003,GMU,SC,ASO,ES,Federal Contract Tower,0,28,14,0,42,0,18,118,0,136,0,46,132,0,178,58,0,58,236
05/13/2003,GMU,SC,ASO,ES,Federal Contract Tower,0,38,10,0,48,0,31,124,0,155,0,69,134,0,203,82,2,84,287
05/14/2003,GMU,SC,ASO,ES,Federal Contract Tower,0,50,24,0,74,0,24,132,0,156,0,74,156,0,230,76,0,76,306
05/15/2003,GMU,SC,ASO,ES,Federal Contract Tower,0,37,25,0,62,0,11,25,0,36,0,48,50,0,98,6,0,6,104
05/16/2003,GMU,SC,ASO,ES,Federal Contract Tower,0,38,22,0,60,0,20,66,0,86,0,58,88,0,146,70,0,70,216
05/17/2003,GMU,SC,ASO,ES,Federal Contract Tower,0,25,9,0,34,0,0,0,0,0,0,25,9,0,34,0,0,0,34
05/18/2003,GMU,SC,ASO,ES,Federal Contract Tower,0,21,21,0,42,0,0,0,0,0,0,21,21,0,42,0,0,0,42
05/19/2003,GMU,SC,ASO,ES,Federal Contract Tower,0,42,15,0,57,0,4,7,0,11,0,46,22,0,68,20,0,20,88
05/20/2003,GMU,SC,ASO,ES,Federal Contract Tower,0,28,18,0,46,0,11,98,0,109,0,39,116,0,155,104,0,104,259
05/21/2003,GMU,SC,ASO,ES,Federal Contract Tower,0,42,22,0,64,0,7,32,0,39,0,49,54,0,103,20,0,20,123
05/22/2003,GMU,SC,ASO,ES,Federal Contract Tower,0,26,20,0,46,0,0,0,0,0,0,26,20,0,46,0,0,0,46
05/23/2003,GMU,SC,ASO,ES,Federal Contract Tower,0,47,37,0,84,0,8,38,2,48,0,55,75,2,132,16,0,16,148
05/24/2003,GMU,SC,ASO,ES,Federal Contract Tower,0,8,21,0,29,0,13,71,2,86,0,21,92,2,115,40,0,40,155
05/25/2003,GMU,SC,ASO,ES,Federal Contract Tower,0,12,6,0,18,0,1,47,0,48,0,13,53,0,66,42,0,42,108
05/26/2003,GMU,SC,ASO,ES,Federal Contract Tower,0,30,18,0,48,0,22,67,2,91,0,52,85,2,139,34,0,34,173
05/27/2003,GMU,SC,ASO,ES,Federal Contract Tower,0,42,20,0,62,0,27,105,0,132,0,69,125,0,194,40,0,40,234
05/28/2003,GMU,SC,ASO,ES,Federal Contract Tower,0,37,12,0,49,0,18,122,2,142,0,55,134,2,191,98,0,98,289
05/29/2003,GMU,SC,ASO,ES,Federal Contract Tower,0,46,20,0,66,0,11,73,4,88,0,57,93,4,154,48,0,48,202
05/30/2003,GMU,SC,ASO,ES,Federal Contract Tower,0,25,23,0,48,0,7,114,1,122,0,32,137,1,170,72,0,72,242
05/31/2003,GMU,SC,ASO,ES,Federal Contract Tower,0,15,11,0,26,0,2,25,0,27,0,17,36,0,53,10,0,10,63
06/01/2003,GMU,SC,ASO,ES,Federal Contract Tower,0,14,16,0,30,0,0,81,2,83,0,14,97,2,113,42,0,42,155
06/02/2003,GMU,SC,ASO,ES,Federal Contract Tower,0,24,15,0,39,0,19,112,4,135,0,43,127,4,174,116,0,116,290
06/03/2003,GMU,SC,ASO,ES,Federal Contract Tower,0,24,6,0,30,0,0,3,0,3,0,24,9,0,33,0,0,0,33
06/04/2003,GMU,SC,ASO,ES,Federal Contract Tower,0,49,16,0,65,0,19,50,8,77,0,68,66,8,142,98,32,130,272
06/05/2003,GMU,SC,ASO,ES,Federal Contract Tower,0,32,14,0,46,0,10,115,2,127,0,42,129,2,173,138,0,138,311
06/06/2003,GMU,SC,ASO,ES,Federal Contract Tower,0,25,16,0,41,0,8,54,0,62,0,33,70,0,103,100,0,100,203
06/07/2003,GMU,SC,ASO,ES,Federal Contract Tower,0,15,5,2,22,0,4,2,0,6,0,19,7,2,28,0,0,0,28
06/08/2003,GMU,SC,ASO,ES,Federal Contract Tower,0,23,19,2,44,0,3,50,0,53,0,26,69,2,97,74,0,74,171
06/09/2003,GMU,SC,ASO,ES,Federal Contract Tower,0,35,12,0,47,0,26,173,2,201,0,61,185,2,248,84,8,92,340
06/10/2003,GMU,SC,ASO,ES,Federal Contract Tower,0,31,20,0,51,0,24,149,2,175,0,55,169,2,226,154,0,154,380
06/11/2003,GMU,SC,ASO,ES,Federal Contract Tower,0,26,15,0,41,0,24,73,2,99,0,50,88,2,140,90,0,90,230
06/12/2003,GMU,SC,ASO,ES,Federal Contract Tower,0,32,26,0,58,0,14,43,1,58,0,46,69,1,116,30,0,30,146
06/13/2003,GMU,SC,ASO,ES,Federal Contract Tower,0,37,19,0,56,0,10,76,0,86,0,47,95,0,142,36,0,36,178
06/14/2003,GMU,SC,ASO,ES,Federal Contract Tower,0,18,17,0,35,0,1,51,0,52,0,19,68,0,87,42,0,42,129
06/15/2003,GMU,SC,ASO,ES,Federal Contract Tower,0,19,15,0,34,0,9,53,2,64,0,28,68,2,98,20,0,20,118
06/16/2003,GMU,SC,ASO,ES,Federal Contract Tower,0,25,17,0,42,0,18,78,1,97,0,43,95,1,139,110,0,110,249
06/17/2003,GMU,SC,ASO,ES,Federal Contract Tower,0,48,23,0,71,0,7,28,0,35,0,55,51,0,106,90,0,90,196
06/18/2003,GMU,SC,ASO,ES,Federal Contract Tower,0,53,23,1,77,0,2,10,0,12,0,55,33,1,89,32,0,32,121
06/19/2003,GMU,SC,ASO,ES,Federal Contract Tower,0,47,21,0,68,0,8,68,3,79,0,55,89,3,147,38,0,38,185
06/20/2003,GMU,SC,ASO,ES,Federal Contract Tower,0,27,21,0,48,0,11,70,2,83,0,38,91,2,131,78,0,78,209
06/21/2003,GMU,SC,ASO,ES,Federal Contract Tower,0,13,13,0,26,0,7,146,4,157,0,20,159,4,183,46,0,46,229
06/22/2003,GMU,SC,ASO,ES,Federal Contract Tower,0,23,19,0,42,0,7,136,0,143,0,30,155,0,185,74,0,74,259
06/23/2003,GMU,SC,ASO,ES,Federal Contract Tower,0,28,14,0,42,0,23,143,2,168,0,51,157,2,210,104,0,104,314
06/24/2003,GMU,SC,ASO,ES,Federal Contract Tower,0,44,14,0,58,0,25,104,0,129,0,69,118,0,187,96,0,96,283
06/25/2003,GMU,SC,ASO,ES,Federal Contract Tower,0,43,18,0,61,0,21,116,1,138,0,64,134,1,199,62,0,62,261
06/26/2003,GMU,SC,ASO,ES,Federal Contract Tower,0,41,29,0,70,0,10,96,0,106,0,51,125,0,176,50,0,50,226
06/27/2003,GMU,SC,ASO,ES,Federal Contract Tower,0,31,28,0,59,0,26,47,0,73,0,57,75,0,132,28,0,28,160
06/28/2003,GMU,SC,ASO,ES,Federal Contract Tower,0,16,22,0,38,0,5,38,0,43,0,21,60,0,81,32,0,32,113
06/29/2003,GMU,SC,ASO,ES,Federal Contract Tower,0,17,22,0,39,0,11,58,0,69,0,28,80,0,108,22,0,22,130
06/30/2003,GMU,SC,ASO,ES,Federal Contract Tower,0,20,21,0,41,0,6,41,0,47,0,26,62,0,88,32,0,32,120
07/01/2003,GMU,SC,ASO,ES,Federal Contract Tower,0,34,15,0,49,0,3,13,0,16,0,37,28,0,65,58,0,58,123
07/02/2003,GMU,SC,ASO,ES,Federal Contract Tower,0,35,20,0,55,0,1,22,0,23,0,36,42,0,78,56,0,56,134
07/03/2003,GMU,SC,ASO,ES,Federal Contract Tower,0,31,21,0,52,0,16,116,1,133,0,47,137,1,185,84,0,84,269
07/04/2003,GMU,SC,ASO,ES,Federal Contract Tower,0,3,6,0,9,0,2,55,0,57,0,5,61,0,66,20,0,20,86
07/05/2003,GMU,SC,ASO,ES,Federal Contract Tower,0,5,9,0,14,0,2,35,0,37,0,7,44,0,51,26,0,26,77
07/06/2003,GMU,SC,ASO,ES,Federal Contract Tower,0,16,18,0,34,0,9,53,0,62,0,25,71,0,96,40,0,40,136
07/07/2003,GMU,SC,ASO,ES,Federal Contract Tower,0,33,17,0,50,0,7,63,0,70,0,40,80,0,120,8,0,8,128
07/08/2003,GMU,SC,ASO,ES,Federal Contract Tower,0,38,12,0,50,0,23,126,0,149,0,61,138,0,199,124,0,124,323
07/09/2003,GMU,SC,ASO,ES,Federal Contract Tower,0,32,22,0,54,0,21,96,0,117,0,53,118,0,171,76,0,76,247
07/10/2003,GMU,SC,ASO,ES,Federal Contract Tower,0,28,22,0,50,0,16,70,2,88,0,44,92,2,138,24,0,24,162
07/11/2003,GMU,SC,ASO,ES,Federal Contract Tower,0,20,22,0,42,0,15,54,0,69,0,35,76,0,111,42,0,42,153
07/12/2003,GMU,SC,ASO,ES,Federal Contract Tower,0,7,22,0,29,0,8,110,2,120,0,15,132,2,149,128,0,128,277
07/13/2003,GMU,SC,ASO,ES,Federal Contract Tower,0,8,19,0,27,0,6,50,0,56,0,14,69,0,83,34,0,34,117
07/14/2003,GMU,SC,ASO,ES,Federal Contract Tower,0,31,21,0,52,0,16,76,0,92,0,47,97,0,144,78,0,78,222
07/15/2003,GMU,SC,ASO,ES,Federal Contract Tower,0,51,29,0,80,0,12,65,0,77,0,63,94,0,157,100,0,100,257
07/16/2003,GMU,SC,ASO,ES,Federal Contract Tower,0,40,17,0,57,0,21,70,0,91,0,61,87,0,148,48,0,48,196
07/17/2003,GMU,SC,ASO,ES,Federal Contract Tower,0,34,28,0,62,0,14,92,1,107,0,48,120,1,169,84,0,84,253
07/18/2003,GMU,SC,ASO,ES,Federal Contract Tower,0,38,30,0,68,0,10,33,0,43,0,48,63,0,111,26,0,26,137
07/19/2003,GMU,SC,ASO,ES,Federal Contract Tower,0,9,13,0,22,0,12,86,2,100,0,21,99,2,122,80,2,82,204
07/20/2003,GMU,SC,ASO,ES,Federal Contract Tower,0,13,17,0,30,0,8,89,3,100,0,21,106,3,130,86,0,86,216
07/21/2003,GMU,SC,ASO,ES,Federal Contract Tower,0,29,23,0,52,0,10,48,0,58,0,39,71,0,110,88,0,88,198
07/22/2003,GMU,SC,ASO,ES,Federal Contract Tower,0,26,10,0,36,0,8,59,0,67,0,34,69,0,103,26,0,26,129
07/23/2003,GMU,SC,ASO,ES,Federal Contract Tower,0,31,23,0,54,0,11,46,2,59,0,42,69,2,113,104,0,104,217
07/24/2003,GMU,SC,ASO,ES,Federal Contract Tower,0,37,12,0,49,0,14,126,2,142,0,51,138,2,191,60,0,60,251
07/25/2003,GMU,SC,ASO,ES,Federal Contract Tower,0,19,20,0,39,0,10,99,0,109,0,29,119,0,148,82,0,82,230
07/26/2003,GMU,SC,ASO,ES,Federal Contract Tower,0,13,16,0,29,0,10,85,1,96,0,23,101,1,125,132,0,132,257
07/27/2003,GMU,SC,ASO,ES,Federal Contract Tower,0,14,17,0,31,0,7,74,7,88,0,21,91,7,119,126,8,134,253
07/28/2003,GMU,SC,ASO,ES,Federal Contract Tower,0,17,18,0,35,0,15,108,4,127,0,32,126,4,162,122,0,122,284
07/29/2003,GMU,SC,ASO,ES,Federal Contract Tower,0,34,15,0,49,0,19,93,0,112,0,53,108,0,161,76,0,76,237
07/30/2003,GMU,SC,ASO,ES,Federal Contract Tower,0,48,19,0,67,0,21,77,0,98,0,69,96,0,165,230,0,230,395
07/31/2003,GMU,SC,ASO,ES,Federal Contract Tower,0,34,17,0,51,0,15,13,2,30,0,49,30,2,81,26,0,26,107
08/01/2003,GMU,SC,ASO,ES,Federal Contract Tower,0,29,26,0,55,0,11,14,3,28,0,40,40,3,83,52,0,52,135
08/02/2003,GMU,SC,ASO,ES,Federal Contract Tower,0,22,14,0,36,0,2,47,0,49,0,24,61,0,85,56,0,56,141
08/03/2003,GMU,SC,ASO,ES,Federal Contract Tower,0,16,19,2,37,0,0,24,0,24,0,16,43,2,61,66,0,66,127
08/04/2003,GMU,SC,ASO,ES,Federal Contract Tower,0,20,13,0,33,0,16,73,0,89,0,36,86,0,122,60,0,60,182
08/05/2003,GMU,SC,ASO,ES,Federal Contract Tower,0,40,14,0,54,0,22,61,2,85,0,62,75,2,139,78,2,80,219
08/06/2003,GMU,SC,ASO,ES,Federal Contract Tower,0,62,15,0,77,0,17,95,0,112,0,79,110,0,189,88,0,88,277
08/07/2003,GMU,SC,ASO,ES,Federal Contract Tower,0,34,20,0,54,0,15,53,0,68,0,49,73,0,122,32,0,32,154
08/08/2003,GMU,SC,ASO,ES,Federal Contract Tower,0,42,12,0,54,0,16,53,0,69,0,58,65,0,123,68,0,68,191
08/09/2003,GMU,SC,ASO,ES,Federal Contract Tower,0,14,17,0,31,0,4,67,4,75,0,18,84,4,106,126,2,128,234
08/10/2003,GMU,SC,ASO,ES,Federal Contract Tower,0,23,17,0,40,0,5,62,0,67,0,28,79,0,107,72,0,72,179
08/11/2003,GMU,SC,ASO,ES,Federal Contract Tower,0,13,12,0,25,0,24,105,2,131,0,37,117,2,156,184,0,184,340
08/12/2003,GMU,SC,ASO,ES,Federal Contract Tower,0,24,27,0,51,0,10,65,0,75,0,34,92,0,126,60,0,60,186
08/13/2003,GMU,SC,ASO,ES,Federal Contract Tower,0,42,33,0,75,0,19,77,0,96,0,61,110,0,171,138,0,138,309
08/14/2003,GMU,SC,ASO,ES,Federal Contract Tower,0,47,16,0,63,0,12,94,2,108,0,59,110,2,171,56,0,56,227
08/15/2003,GMU,SC,ASO,ES,Federal Contract Tower,0,33,28,0,61,0,13,65,0,78,0,46,93,0,139,64,0,64,203
08/16/2003,GMU,SC,ASO,ES,Federal Contract Tower,0,6,17,0,23,0,2,47,0,49,0,8,64,0,72,30,0,30,102
08/17/2003,GMU,SC,ASO,ES,Federal Contract Tower,0,19,17,0,36,0,21,52,0,73,0,40,69,0,109,36,0,36,145
08/18/2003,GMU,SC,ASO,ES,Federal Contract Tower,0,28,13,0,41,0,28,76,0,104,0,56,89,0,145,88,0,88,233
08/19/2003,GMU,SC,ASO,ES,Federal Contract Tower,0,26,26,0,52,0,16,43,4,63,0,42,69,4,115,24,0,24,139
08/20/2003,GMU,SC,ASO,ES,Federal Contract Tower,0,42,36,0,78,0,14,81,0,95,0,56,117,0,173,112,2,114,287
08/21/2003,GMU,SC,ASO,ES,Federal Contract Tower,0,29,19,0,48,0,16,34,0,50,0,45,53,0,98,78,0,78,176
08/22/2003,GMU,SC,ASO,ES,Federal Contract Tower,0,15,17,0,32,0,12,62,0,74,0,27,79,0,106,32,0,32,138
08/23/2003,GMU,SC,ASO,ES,Federal Contract Tower,0,1,21,2,24,0,8,60,0,68,0,9,81,2,92,34,0,34,126
08/24/2003,GMU,SC,ASO,ES,Federal Contract Tower,0,25,26,0,51,0,4,35,0,39,0,29,61,0,90,24,0,24,114
08/25/2003,GMU,SC,ASO,ES,Federal Contract Tower,0,25,10,0,35,0,24,78,0,102,0,49,88,0,137,44,0,44,181
08/26/2003,GMU,SC,ASO,ES,Federal Contract Tower,0,39,20,0,59,0,21,106,2,129,0,60,126,2,188,68,0,68,256
08/27/2003,GMU,SC,ASO,ES,Federal Contract Tower,0,36,14,0,50,0,10,80,0,90,0,46,94,0,140,60,0,60,200
08/28/2003,GMU,SC,ASO,ES,Federal Contract Tower,0,27,24,1,52,0,6,53,3,62,0,33,77,4,114,56,0,56,170
08/29/2003,GMU,SC,ASO,ES,Federal Contract Tower,0,25,16,2,43,0,15,85,0,100,0,40,101,2,143,100,0,100,243
08/30/2003,GMU,SC,ASO,ES,Federal Contract Tower,0,10,9,4,23,0,4,61,11,76,0,14,70,15,99,14,68,82,181
08/31/2003,GMU,SC,ASO,ES,Federal Contract Tower,0,13,9,0,22,0,6,31,7,44,0,19,40,7,66,12,0,12,78
09/01/2003,GMU,SC,ASO,ES,Federal Contract Tower,0,24,14,0,38,0,13,67,2,82,0,37,81,2,120,50,0,50,170
09/02/2003,GMU,SC,ASO,ES,Federal Contract Tower,0,31,20,0,51,0,10,33,0,43,0,41,53,0,94,48,0,48,142
09/03/2003,GMU,SC,ASO,ES,Federal Contract Tower,0,41,19,0,60,0,25,69,2,96,0,66,88,2,156,106,22,128,284
09/04/2003,GMU,SC,ASO,ES,Federal Contract Tower,0,30,17,0,47,0,10,40,0,50,0,40,57,0,97,68,0,68,165
09/05/2003,GMU,SC,ASO,ES,Federal Contract Tower,0,32,13,0,45,0,12,100,1,113,0,44,113,1,158,88,2,90,248
09/06/2003,GMU,SC,ASO,ES,Federal Contract Tower,0,10,11,0,21,0,5,61,2,68,0,15,72,2,89,58,0,58,147
09/07/2003,GMU,SC,ASO,ES,Federal Contract Tower,0,27,12,0,39,0,3,61,2,66,0,30,73,2,105,26,0,26,131
09/08/2003,GMU,SC,ASO,ES,Federal Contract Tower,0,26,13,0,39,0,20,94,2,116,0,46,107,2,155,132,0,132,287
09/09/2003,GMU,SC,ASO,ES,Federal Contract Tower,0,39,24,0,63,0,32,114,0,146,0,71,138,0,209,154,0,154,363
09/10/2003,GMU,SC,ASO,ES,Federal Contract Tower,0,63,18,0,81,0,28,126,3,157,0,91,144,3,238,70,0,70,308
09/11/2003,GMU,SC,ASO,ES,Federal Contract Tower,0,43,24,1,68,0,7,144,1,152,0,50,168,2,220,70,0,70,290
09/12/2003,GMU,SC,ASO,ES,Federal Contract Tower,0,45,30,0,75,0,12,96,0,108,0,57,126,0,183,110,0,110,293
09/13/2003,GMU,SC,ASO,ES,Federal Contract Tower,0,18,17,0,35,0,16,110,0,126,0,34,127,0,161,56,0,56,217
09/14/2003,GMU,SC,ASO,ES,Federal Contract Tower,0,16,14,0,30,0,8,77,0,85,0,24,91,0,115,92,0,92,207
09/15/2003,GMU,SC,ASO,ES,Federal Contract Tower,0,42,13,0,55,0,26,110,9,145,0,68,123,9,200,114,0,114,314
09/16/2003,GMU,SC,ASO,ES,Federal Contract Tower,0,50,8,0,58,0,31,122,1,154,0,81,130,1,212,156,0,156,368
09/17/2003,GMU,SC,ASO,ES,Federal Contract Tower,0,41,19,0,60,0,19,81,3,103,0,60,100,3,163,94,0,94,257
09/18/2003,GMU,SC,ASO,ES,Federal Contract Tower,0,31,12,0,43,0,8,96,1,105,0,39,108,1,148,24,0,24,172
09/19/2003,GMU,SC,ASO,ES,Federal Contract Tower,0,37,16,0,53,0,20,201,1,222,0,57,217,1,275,58,0,58,333
09/20/2003,GMU,SC,ASO,ES,Federal Contract Tower,0,11,12,0,23,0,3,104,1,108,0,14,116,1,131,34,0,34,165
09/21/2003,GMU,SC,ASO,ES,Federal Contract Tower,0,17,12,0,29,0,10,92,5,107,0,27,104,5,136,60,0,60,196
09/22/2003,GMU,SC,ASO,ES,Federal Contract Tower,0,39,16,0,55,0,9,17,0,26,0,48,33,0,81,36,0,36,117
09/23/2003,GMU,SC,ASO,ES,Federal Contract Tower,0,51,8,0,59,0,35,123,0,158,0,86,131,0,217,138,0,138,355
09/24/2003,GMU,SC,ASO,ES,Federal Contract Tower,0,28,23,0,51,0,41,136,1,178,0,69,159,1,229,94,0,94,323
09/25/2003,GMU,SC,ASO,ES,Federal Contract Tower,0,30,22,0,52,0,21,137,2,160,0,51,159,2,212,102,0,102,314
09/26/2003,GMU,SC,ASO,ES,Federal Contract Tower,0,40,25,0,65,0,22,97,0,119,0,62,122,0,184,54,0,54,238
09/27/2003,GMU,SC,ASO,ES,Federal Contract Tower,0,6,18,0,24,0,6,52,0,58,0,12,70,0,82,104,0,104,186
09/28/2003,GMU,SC,ASO,ES,Federal Contract Tower,0,24,28,0,52,0,8,107,1,116,0,32,135,1,168,40,0,40,208
09/29/2003,GMU,SC,ASO,ES,Federal Contract Tower,0,28,16,0,44,0,19,111,0,130,0,47,127,0,174,50,0,50,224
09/30/2003,GMU,SC,ASO,ES,Federal Contract Tower,0,47,21,0,68,0,41,154,3,198,0,88,175,3,266,120,0,120,386
10/01/2003,GMU,SC,ASO,ES,Federal Contract Tower,0,34,23,0,57,0,31,103,0,134,0,65,126,0,191,128,0,128,319
10/02/2003,GMU,SC,ASO,ES,Federal Contract Tower,0,38,25,0,63,0,21,110,3,134,0,59,135,3,197,70,0,70,267
10/03/2003,GMU,SC,ASO,ES,Federal Contract Tower,0,32,21,0,53,0,32,121,1,154,0,64,142,1,207,34,0,34,241
10/04/2003,GMU,SC,ASO,ES,Federal Contract Tower,0,21,14,1,36,0,1,105,7,113,0,22,119,8,149,18,0,18,167
10/05/2003,GMU,SC,ASO,ES,Federal Contract Tower,0,21,14,1,36,0,8,88,4,100,0,29,102,5,136,6,0,6,142
10/06/2003,GMU,SC,ASO,ES,Federal Contract Tower,0,34,22,1,57,0,16,85,3,104,0,50,107,4,161,114,0,114,275
10/07/2003,GMU,SC,ASO,ES,Federal Contract Tower,0,38,25,0,63,0,17,19,0,36,0,55,44,0,99,66,0,66,165
10/08/2003,GMU,SC,ASO,ES,Federal Contract Tower,0,40,25,0,65,0,3,0,0,3,0,43,25,0,68,0,0,0,68
10/09/2003,GMU,SC,ASO,ES,Federal Contract Tower,0,41,26,0,67,0,4,12,0,16,0,45,38,0,83,10,0,10,93
10/10/2003,GMU,SC,ASO,ES,Federal Contract Tower,0,36,25,0,61,0,0,61,0,61,0,36,86,0,122,18,0,18,140
10/11/2003,GMU,SC,ASO,ES,Federal Contract Tower,0,11,11,0,22,0,0,47,0,47,0,11,58,0,69,29,0,29,98
10/12/2003,GMU,SC,ASO,ES,Federal Contract Tower,0,29,18,1,48,0,3,106,2,111,0,32,124,3,159,98,0,98,257
10/13/2003,GMU,SC,ASO,ES,Federal Contract Tower,0,30,19,0,49,0,33,152,0,185,0,63,171,0,234,50,0,50,284
10/14/2003,GMU,SC,ASO,ES,Federal Contract Tower,0,38,24,0,62,0,9,21,0,30,0,47,45,0,92,34,0,34,126
10/15/2003,GMU,SC,ASO,ES,Federal Contract Tower,0,32,19,0,51,0,5,152,0,157,0,37,171,0,208,62,0,62,270
10/16/2003,GMU,SC,ASO,ES,Federal Contract Tower,0,30,18,0,48,0,21,145,2,168,0,51,163,2,216,118,0,118,334
10/17/2003,GMU,SC,ASO,ES,Federal Contract Tower,0,41,25,0,66,0,2,87,0,89,0,43,112,0,155,24,0,24,179
10/18/2003,GMU,SC,ASO,ES,Federal Contract Tower,0,17,18,0,35,0,0,132,34,166,0,17,150,34,201,42,0,42,243
10/19/2003,GMU,SC,ASO,ES,Federal Contract Tower,0,17,12,0,29,0,0,106,0,106,0,17,118,0,135,58,0,58,193
10/20/2003,GMU,SC,ASO,ES,Federal Contract Tower,0,19,12,0,31,0,20,124,0,144,0,39,136,0,175,76,0,76,251
10/21/2003,GMU,SC,ASO,ES,Federal Contract Tower,0,35,22,0,57,0,41,104,1,146,0,76,126,1,203,98,0,98,301
10/22/2003,GMU,SC,ASO,ES,Federal Contract Tower,0,41,25,0,66,0,39,79,2,120,0,80,104,2,186,86,0,86,272
10/23/2003,GMU,SC,ASO,ES,Federal Contract Tower,0,22,14,0,36,0,25,103,2,130,0,47,117,2,166,70,0,70,236
10/24/2003,GMU,SC,ASO,ES,Federal Contract Tower,0,28,18,0,46,0,17,85,1,103,0,45,103,1,149,64,0,64,213
10/25/2003,GMU,SC,ASO,ES,Federal Contract Tower,0,9,8,0,17,0,0,180,0,180,0,9,188,0,197,106,0,106,303
10/26/2003,GMU,SC,ASO,ES,Federal Contract Tower,0,28,19,0,47,0,0,2,0,2,0,28,21,0,49,0,0,0,49
10/27/2003,GMU,SC,ASO,ES,Federal Contract Tower,0,35,22,0,57,0,23,45,0,68,0,58,67,0,125,42,0,42,167
10/28/2003,GMU,SC,ASO,ES,Federal Contract Tower,0,43,27,0,70,0,12,57,0,69,0,55,84,0,139,140,0,140,279
10/29/2003,GMU,SC,ASO,ES,Federal Contract Tower,0,42,27,0,69,0,16,122,0,138,0,58,149,0,207,88,2,90,297
10/30/2003,GMU,SC,ASO,ES,Federal Contract Tower,0,25,16,0,41,0,36,164,0,200,0,61,180,0,241,138,0,138,379
10/31/2003,GMU,SC,ASO,ES,Federal Contract Tower,0,33,20,0,53,0,17,106,0,123,0,50,126,0,176,54,0,54,230
11/01/2003,GMU,SC,ASO,ES,Federal Contract Tower,0,16,12,0,28,0,16,184,0,200,0,32,196,0,228,83,0,83,311
11/02/2003,GMU,SC,ASO,ES,Federal Contract Tower,0,18,13,0,31,0,11,84,0,95,0,29,97,0,126,24,0,24,150
11/03/2003,GMU,SC,ASO,ES,Federal Contract Tower,0,26,17,0,43,0,29,119,0,148,0,55,136,0,191,86,0,86,277
11/04/2003,GMU,SC,ASO,ES,Federal Contract Tower,0,44,29,0,73,0,15,53,0,68,0,59,82,0,141,146,0,146,287
11/05/2003,GMU,SC,ASO,ES,Federal Contract Tower,0,56,37,1,94,0,13,50,3,66,0,69,87,4,160,30,0,30,190
11/06/2003,GMU,SC,ASO,ES,Federal Contract Tower,0,34,22,1,57,0,20,68,1,89,0,54,90,2,146,86,0,86,232
11/07/2003,GMU,SC,ASO,ES,Federal Contract Tower,0,33,22,1,56,0,24,117,2,143,0,57,139,3,199,54,0,54,253
11/08/2003,GMU,SC,ASO,ES,Federal Contract Tower,0,24,16,0,40,0,5,84,0,89,0,29,100,0,129,62,0,62,191
11/09/2003,GMU,SC,ASO,ES,Federal Contract Tower,0,21,14,0,35,0,1,84,0,85,0,22,98,0,120,18,0,18,138
11/10/2003,GMU,SC,ASO,ES,Federal Contract Tower,0,38,24,1,63,0,28,74,5,107,0,66,98,6,170,60,22,82,252
11/11/2003,GMU,SC,ASO,ES,Federal Contract Tower,0,36,24,1,61,0,27,137,7,171,0,63,161,8,232,208,0,208,440
11/12/2003,GMU,SC,ASO,ES,Federal Contract Tower,0,44,27,0,71,0,44,94,0,138,0,88,121,0,209,4,0,4,213
11/13/2003,GMU,SC,ASO,ES,Federal Contract Tower,0,37,23,0,60,0,28,67,0,95,0,65,90,0,155,188,0,188,343
11/14/2003,GMU,SC,ASO,ES,Federal Contract Tower,0,38,24,0,62,0,13,141,1,155,0,51,165,1,217,40,0,40,257
11/15/2003,GMU,SC,ASO,ES,Federal Contract Tower,0,15,9,0,24,0,5,124,4,133,0,20,133,4,157,76,0,76,233
11/16/2003,GMU,SC,ASO,ES,Federal Contract Tower,0,21,12,0,33,0,5,56,0,61,0,26,68,0,94,48,0,48,142
11/17/2003,GMU,SC,ASO,ES,Federal Contract Tower,0,45,29,0,74,0,5,26,0,31,0,50,55,0,105,10,0,10,115
11/18/2003,GMU,SC,ASO,ES,Federal Contract Tower,0,34,21,0,55,0,13,29,0,42,0,47,50,0,97,100,0,100,197
11/19/2003,GMU,SC,ASO,ES,Federal Contract Tower,0,45,29,0,74,0,28,21,0,49,0,73,50,0,123,22,0,22,145
11/20/2003,GMU,SC,ASO,ES,Federal Contract Tower,0,30,19,0,49,0,32,129,4,165,0,62,148,4,214,190,2,192,406
11/21/2003,GMU,SC,ASO,ES,Federal Contract Tower,0,41,26,0,67,0,0,155,0,155,0,41,181,0,222,68,2,70,292
11/22/2003,GMU,SC,ASO,ES,Federal Contract Tower,0,13,9,0,22,0,0,174,0,174,0,13,183,0,196,120,0,120,316
11/23/2003,GMU,SC,ASO,ES,Federal Contract Tower,0,16,10,0,26,0,16,94,2,112,0,32,104,2,138,64,0,64,202
11/24/2003,GMU,SC,ASO,ES,Federal Contract Tower,0,35,22,0,57,0,13,12,0,25,0,48,34,0,82,12,0,12,94
11/25/2003,GMU,SC,ASO,ES,Federal Contract Tower,0,26,16,0,42,0,29,163,0,192,0,55,179,0,234,274,0,274,508
11/26/2003,GMU,SC,ASO,ES,Federal Contract Tower,0,26,16,0,42,0,16,115,0,131,0,42,131,0,173,110,0,110,283
11/27/2003,GMU,SC,ASO,ES,Federal Contract Tower,0,6,9,0,15,0,0,13,0,13,0,6,22,0,28,4,0,4,32
11/28/2003,GMU,SC,ASO,ES,Federal Contract Tower,0,11,7,0,18,0,4,11,0,15,0,15,18,0,33,12,0,12,45
11/29/2003,GMU,SC,ASO,ES,Federal Contract Tower,0,12,9,0,21,0,0,103,2,105,0,12,112,2,126,26,0,26,152
11/30/2003,GMU,SC,ASO,ES,Federal Contract Tower,0,29,18,0,47,0,10,101,2,113,0,39,119,2,160,20,0,20,180
12/01/2003,GMU,SC,ASO,ES,Federal Contract Tower,0,31,18,0,49,0,15,103,0,118,0,46,121,0,167,92,0,92,259
12/02/2003,GMU,SC,ASO,ES,Federal Contract Tower,0,27,16,0,43,0,21,143,0,164,0,48,159,0,207,151,0,151,358
12/03/2003,GMU,SC,ASO,ES,Federal Contract Tower,0,48,26,0,74,0,18,94,0,112,0,66,120,0,186,46,0,46,232
12/04/2003,GMU,SC,ASO,ES,Federal Contract Tower,0,20,14,0,34,0,0,4,0,4,0,20,18,0,38,0,0,0,38
12/05/2003,GMU,SC,ASO,ES,Federal Contract Tower,0,33,13,0,46,0,7,0,0,7,0,40,13,0,53,0,0,0,53
12/06/2003,GMU,SC,ASO,ES,Federal Contract Tower,0,22,13,0,35,0,2,78,2,82,0,24,91,2,117,28,0,28,145
12/07/2003,GMU,SC,ASO,ES,Federal Contract Tower,0,22,13,0,35,0,15,86,1,102,0,37,99,1,137,14,0,14,151
12/08/2003,GMU,SC,ASO,ES,Federal Contract Tower,0,34,19,0,53,0,13,83,4,100,0,47,102,4,153,76,0,76,229
12/09/2003,GMU,SC,ASO,ES,Federal Contract Tower,0,33,18,0,51,0,31,139,0,170,0,64,157,0,221,212,2,214,435
12/10/2003,GMU,SC,ASO,ES,Federal Contract Tower,0,36,9,0,45,0,17,0,0,17,0,53,9,0,62,0,0,0,62
12/11/2003,GMU,SC,ASO,ES,Federal Contract Tower,0,33,18,0,51,0,13,116,0,129,0,46,134,0,180,154,0,154,334
12/12/2003,GMU,SC,ASO,ES,Federal Contract Tower,0,38,20,0,58,0,16,107,0,123,0,54,127,0,181,40,0,40,221
12/13/2003,GMU,SC,ASO,ES,Federal Contract Tower,0,14,8,0,22,0,10,79,0,89,0,24,87,0,111,42,0,42,153
12/14/2003,GMU,SC,ASO,ES,Federal Contract Tower,0,7,3,0,10,0,0,0,0,0,0,7,3,0,10,0,0,0,10
12/15/2003,GMU,SC,ASO,ES,Federal Contract Tower,0,34,17,0,51,0,18,101,4,123,0,52,118,4,174,92,0,92,266
12/16/2003,GMU,SC,ASO,ES,Federal Contract Tower,0,43,23,0,66,0,21,91,0,112,0,64,114,0,178,86,0,86,264
12/17/2003,GMU,SC,ASO,ES,Federal Contract Tower,0,41,22,0,63,0,25,49,2,76,0,66,71,2,139,52,2,54,193
12/18/2003,GMU,SC,ASO,ES,Federal Contract Tower,0,40,21,0,61,0,33,69,0,102,0,73,90,0,163,14,0,14,177
12/19/2003,GMU,SC,ASO,ES,Federal Contract Tower,0,49,26,0,75,0,27,53,0,80,0,76,79,0,155,12,0,12,167
12/20/2003,GMU,SC,ASO,ES,Federal Contract Tower,0,21,10,0,31,0,6,134,0,140,0,27,144,0,171,118,0,118,289
12/21/2003,GMU,SC,ASO,ES,Federal Contract Tower,0,13,6,0,19,0,6,88,0,94,0,19,94,0,113,44,0,44,157
12/22/2003,GMU,SC,ASO,ES,Federal Contract Tower,0,22,11,0,33,0,15,119,2,136,0,37,130,2,169,112,0,112,281
12/23/2003,GMU,SC,ASO,ES,Federal Contract Tower,0,33,17,0,50,0,23,75,0,98,0,56,92,0,148,104,0,104,252
12/24/2003,GMU,SC,ASO,ES,Federal Contract Tower,0,17,9,0,26,0,8,35,0,43,0,25,44,0,69,52,0,52,121
12/25/2003,GMU,SC,ASO,ES,Federal Contract Tower,0,8,4,0,12,0,0,26,0,26,0,8,30,0,38,4,0,4,42
12/26/2003,GMU,SC,ASO,ES,Federal Contract Tower,0,15,9,0,24,0,0,94,0,94,0,15,103,0,118,42,0,42,160
12/27/2003,GMU,SC,ASO,ES,Federal Contract Tower,0,18,9,0,27,0,0,100,0,100,0,18,109,0,127,72,0,72,199
12/28/2003,GMU,SC,ASO,ES,Federal Contract Tower,0,20,10,0,30,0,22,68,1,91,0,42,78,1,121,12,0,12,133
12/29/2003,GMU,SC,ASO,ES,Federal Contract Tower,0,17,9,0,26,0,18,61,0,79,0,35,70,0,105,36,0,36,141
12/30/2003,GMU,SC,ASO,ES,Federal Contract Tower,0,25,12,0,37,0,21,97,0,118,0,46,109,0,155,32,0,32,187
12/31/2003,GMU,SC,ASO,ES,Federal Contract Tower,0,16,8,0,24,0,5,94,0,99,0,21,102,0,123,44,0,44,167
01/01/2004,GMU,SC,ASO,ES,Federal Contract Tower,0,10,6,0,16,0,1,64,0,65,0,11,70,0,81,30,0,30,111
01/02/2004,GMU,SC,ASO,ES,Federal Contract Tower,0,4,4,0,8,0,17,62,0,79,0,21,66,0,87,50,0,50,137
01/03/2004,GMU,SC,ASO,ES,Federal Contract Tower,0,11,7,0,18,0,7,76,0,83,0,18,83,0,101,62,0,62,163
01/04/2004,GMU,SC,ASO,ES,Federal Contract Tower,0,16,10,0,26,0,6,44,0,50,0,22,54,0,76,10,0,10,86
01/05/2004,GMU,SC,ASO,ES,Federal Contract Tower,0,25,15,0,40,0,21,3,0,24,0,46,18,0,64,4,0,4,68
01/06/2004,GMU,SC,ASO,ES,Federal Contract Tower,0,30,17,0,47,0,24,121,11,156,0,54,138,11,203,54,0,54,257
01/07/2004,GMU,SC,ASO,ES,Federal Contract Tower,0,35,19,0,54,0,28,115,0,143,0,63,134,0,197,96,0,96,293
01/08/2004,GMU,SC,ASO,ES,Federal Contract Tower,0,29,16,1,46,0,23,60,11,94,0,52,76,12,140,92,0,92,232
01/09/2004,GMU,SC,ASO,ES,Federal Contract Tower,0,16,7,0,23,0,10,5,0,15,0,26,12,0,38,10,0,10,48
01/10/2004,GMU,SC,ASO,ES,Federal Contract Tower,0,21,10,1,32,0,10,67,8,85,0,31,77,9,117,96,0,96,213
01/11/2004,GMU,SC,ASO,ES,Federal Contract Tower,0,13,6,1,20,0,8,76,0,84,0,21,82,1,104,22,0,22,126
01/12/2004,GMU,SC,ASO,ES,Federal Contract Tower,0,17,8,0,25,0,12,69,3,84,0,29,77,3,109,66,0,66,175
01/13/2004,GMU,SC,ASO,ES,Federal Contract Tower,0,37,17,0,54,0,17,110,1,128,0,54,127,1,182,30,0,30,212
01/14/2004,GMU,SC,ASO,ES,Federal Contract Tower,0,29,14,0,43,0,19,67,8,94,0,48,81,8,137,38,0,38,175
01/15/2004,GMU,SC,ASO,ES,Federal Contract Tower,0,34,16,0,50,0,14,89,2,105,0,48,105,2,155,86,0,86,241
01/16/2004,GMU,SC,ASO,ES,Federal Contract Tower,0,33,16,0,49,0,11,103,0,114,0,44,119,0,163,90,0,90,253
01/17/2004,GMU,SC,ASO,ES,Federal Contract Tower,0,15,7,0,22,0,4,90,0,94,0,19,97,0,116,84,0,84,200
01/18/2004,GMU,SC,ASO,ES,Federal Contract Tower,0,14,6,0,20,0,2,7,2,11,0,16,13,2,31,0,0,0,31
01/19/2004,GMU,SC,ASO,ES,Federal Contract Tower,0,33,15,0,48,0,16,113,1,130,0,49,128,1,178,116,0,116,294
01/20/2004,GMU,SC,ASO,ES,Federal Contract Tower,0,24,11,0,35,0,15,92,1,108,0,39,103,1,143,126,0,126,269
01/21/2004,GMU,SC,ASO,ES,Federal Contract Tower,0,33,16,0,49,0,24,110,0,134,0,57,126,0,183,68,0,68,251
01/22/2004,GMU,SC,ASO,ES,Federal Contract Tower,0,46,22,0,68,0,15,95,0,110,0,61,117,0,178,76,0,76,254
01/23/2004,GMU,SC,ASO,ES,Federal Contract Tower,0,29,14,0,43,0,7,114,0,121,0,36,128,0,164,52,0,52,216
01/24/2004,GMU,SC,ASO,ES,Federal Contract Tower,0,15,9,0,24,0,0,98,2,100,0,15,107,2,124,46,0,46,170
01/25/2004,GMU,SC,ASO,ES,Federal Contract Tower,0,4,1,0,5,0,0,0,0,0,0,4,1,0,5,0,0,0,5
01/26/2004,GMU,SC,ASO,ES,Federal Contract Tower,0,1,0,0,1,0,0,0,0,0,0,1,0,0,1,0,0,0,1
01/27/2004,GMU,SC,ASO,ES,Federal Contract Tower,0,2,0,0,2,0,0,3,0,3,0,2,3,0,5,0,0,0,5
01/28/2004,GMU,SC,ASO,ES,Federal Contract Tower,0,23,11,0,34,0,18,121,1,140,0,41,132,1,174,106,0,106,280
01/29/2004,GMU,SC,ASO,ES,Federal Contract Tower,0,43,21,0,64,0,22,91,0,113,0,65,112,0,177,114,0,114,291
01/30/2004,GMU,SC,ASO,ES,Federal Contract Tower,0,29,13,0,42,0,4,83,2,89,0,33,96,2,131,66,0,66,197
01/31/2004,GMU,SC,ASO,ES,Federal Contract Tower,0,15,8,0,23,0,0,127,0,127,0,15,135,0,150,94,0,94,244
02/01/2004,GMU,SC,ASO,ES,Federal Contract Tower,0,13,8,0,21,0,7,57,3,67,0,20,65,3,88,34,8,42,130
02/02/2004,GMU,SC,ASO,ES,Federal Contract Tower,0,24,16,0,40,0,21,0,0,21,0,45,16,0,61,0,0,0,61
02/03/2004,GMU,SC,ASO,ES,Federal Contract Tower,0,37,24,0,61,0,23,37,0,60,0,60,61,0,121,66,0,66,187
02/04/2004,GMU,SC,ASO,ES,Federal Contract Tower,0,37,23,0,60,0,31,114,0,145,0,68,137,0,205,100,0,100,305
02/05/2004,GMU,SC,ASO,ES,Federal Contract Tower,0,34,21,0,55,0,0,10,0,10,0,34,31,0,65,8,0,8,73
02/06/2004,GMU,SC,ASO,ES,Federal Contract Tower,0,21,12,0,33,0,6,0,0,6,0,27,12,0,39,0,0,0,39
02/07/2004,GMU,SC,ASO,ES,Federal Contract Tower,0,16,10,0,26,0,0,66,0,66,0,16,76,0,92,30,0,30,122
02/08/2004,GMU,SC,ASO,ES,Federal Contract Tower,0,15,9,0,24,0,6,113,4,123,0,21,122,4,147,54,0,54,201
02/09/2004,GMU,SC,ASO,ES,Federal Contract Tower,0,46,28,0,74,0,12,72,0,84,0,58,100,0,158,80,0,80,238
02/10/2004,GMU,SC,ASO,ES,Federal Contract Tower,0,26,16,0,42,0,10,84,0,94,0,36,100,0,136,42,0,42,178
02/11/2004,GMU,SC,ASO,ES,Federal Contract Tower,0,46,27,0,73,0,33,128,0,161,0,79,155,0,234,130,0,130,364
02/12/2004,GMU,SC,ASO,ES,Federal Contract Tower,0,28,14,0,42,0,13,0,0,13,0,41,14,0,55,6,0,6,61
02/13/2004,GMU,SC,ASO,ES,Federal Contract Tower,0,45,27,0,72,0,5,112,0,117,0,50,139,0,189,104,0,104,293
02/14/2004,GMU,SC,ASO,ES,Federal Contract Tower,0,13,13,0,26,0,0,16,0,16,0,13,29,0,42,36,0,36,78
02/15/2004,GMU,SC,ASO,ES,Federal Contract Tower,0,11,6,0,17,0,0,2,0,2,0,11,8,0,19,4,0,4,23
02/16/2004,GMU,SC,ASO,ES,Federal Contract Tower,0,35,19,0,54,0,12,67,0,79,0,47,86,0,133,134,0,134,267
02/17/2004,GMU,SC,ASO,ES,Federal Contract Tower,0,35,19,0,54,0,25,82,0,107,0,60,101,0,161,116,0,116,277
02/18/2004,GMU,SC,ASO,ES,Federal Contract Tower,0,44,25,0,69,0,25,130,0,155,0,69,155,0,224,90,0,90,314
02/19/2004,GMU,SC,ASO,ES,Federal Contract Tower,0,37,20,0,57,0,21,140,0,161,0,58,160,0,218,100,0,100,318
02/20/2004,GMU,SC,ASO,ES,Federal Contract Tower,0,23,13,0,36,0,13,57,0,70,0,36,70,0,106,18,0,18,124
02/21/2004,GMU,SC,ASO,ES,Federal Contract Tower,0,13,7,0,20,0,6,122,0,128,0,19,129,0,148,32,0,32,180
02/22/2004,GMU,SC,ASO,ES,Federal Contract Tower,0,15,8,0,23,0,5,228,0,233,0,20,236,0,256,52,0,52,308
02/23/2004,GMU,SC,ASO,ES,Federal Contract Tower,0,30,16,0,46,0,34,91,0,125,0,64,107,0,171,106,0,106,277
02/24/2004,GMU,SC,ASO,ES,Federal Contract Tower,0,19,11,0,30,0,21,94,0,115,0,40,105,0,145,18,0,18,163
02/25/2004,GMU,SC,ASO,ES,Federal Contract Tower,0,33,19,0,52,0,21,52,0,73,0,54,71,0,125,0,0,0,125
02/26/2004,GMU,SC,ASO,ES,Federal Contract Tower,0,9,4,0,13,0,18,10,0,28,0,27,14,0,41,0,0,0,41
02/27/2004,GMU,SC,ASO,ES,Federal Contract Tower,0,33,18,0,51,0,9,42,0,51,0,42,60,0,102,30,0,30,132
02/28/2004,GMU,SC,ASO,ES,Federal Contract Tower,0,23,13,0,36,0,7,149,0,156,0,30,162,0,192,128,0,128,320
02/29/2004,GMU,SC,ASO,ES,Federal Contract Tower,0,24,13,0,37,0,26,110,0,136,0,50,123,0,173,84,0,84,257
03/01/2004,GMU,SC,ASO,ES,Federal Contract Tower,0,40,24,0,64,0,15,82,2,99,0,55,106,2,163,80,0,80,243
03/02/2004,GMU,SC,ASO,ES,Federal Contract Tower,0,26,16,0,42,0,12,55,1,68,0,38,71,1,110,92,0,92,202
03/03/2004,GMU,SC,ASO,ES,Federal Contract Tower,0,35,22,0,57,0,18,120,4,142,0,53,142,4,199,170,2,172,371
03/04/2004,GMU,SC,ASO,ES,Federal Contract Tower,0,41,25,0,66,0,32,92,1,125,0,73,117,1,191,106,0,106,297
03/05/2004,GMU,SC,ASO,ES,Federal Contract Tower,0,33,20,0,53,0,13,58,0,71,0,46,78,0,124,160,0,160,284
03/06/2004,GMU,SC,ASO,ES,Federal Contract Tower,0,17,11,0,28,0,12,30,0,42,0,29,41,0,70,22,0,22,92
03/07/2004,GMU,SC,ASO,ES,Federal Contract Tower,0,17,11,0,28,0,13,84,0,97,0,30,95,0,125,58,0,58,183
03/08/2004,GMU,SC,ASO,ES,Federal Contract Tower,0,39,24,0,63,0,30,98,0,128,0,69,122,0,191,152,0,152,343
03/09/2004,GMU,SC,ASO,ES,Federal Contract Tower,0,30,19,0,49,0,25,82,0,107,0,55,101,0,156,56,0,56,212
03/10/2004,GMU,SC,ASO,ES,Federal Contract Tower,0,50,30,0,80,0,28,114,0,142,0,78,144,0,222,120,0,120,342
03/11/2004,GMU,SC,ASO,ES,Federal Contract Tower,0,45,28,0,73,0,15,92,0,107,0,60,120,0,180,44,0,44,224
03/12/2004,GMU,SC,ASO,ES,Federal Contract Tower,0,36,23,0,59,0,25,129,0,154,0,61,152,0,213,150,0,150,363
03/13/2004,GMU,SC,ASO,ES,Federal Contract Tower,0,21,13,0,34,0,1,245,0,246,0,22,258,0,280,60,0,60,340
03/14/2004,GMU,SC,ASO,ES,Federal Contract Tower,0,20,11,0,31,0,18,74,0,92,0,38,85,0,123,52,0,52,175
03/15/2004,GMU,SC,ASO,ES,Federal Contract Tower,0,38,22,0,60,0,12,73,0,85,0,50,95,0,145,100,0,100,245
03/16/2004,GMU,SC,ASO,ES,Federal Contract Tower,0,31,18,0,49,0,17,45,0,62,0,48,63,0,111,22,0,22,133
03/17/2004,GMU,SC,ASO,ES,Federal Contract Tower,0,38,23,0,61,0,18,130,0,148,0,56,153,0,209,118,0,118,327
03/18/2004,GMU,SC,ASO,ES,Federal Contract Tower,0,51,29,0,80,0,5,66,0,71,0,56,95,0,151,120,0,120,271
03/19/2004,GMU,SC,ASO,ES,Federal Contract Tower,0,28,16,0,44,0,17,125,0,142,0,45,141,0,186,104,0,104,290
03/20/2004,GMU,SC,ASO,ES,Federal Contract Tower,0,17,9,0,26,0,4,69,0,73,0,21,78,0,99,66,0,66,165
03/21/2004,GMU,SC,ASO,ES,Federal Contract Tower,0,23,13,0,36,0,7,52,0,59,0,30,65,0,95,46,0,46,141
03/22/2004,GMU,SC,ASO,ES,Federal Contract Tower,0,33,19,0,52,0,35,77,0,112,0,68,96,0,164,34,0,34,198
03/23/2004,GMU,SC,ASO,ES,Federal Contract Tower,0,36,21,0,57,0,21,126,0,147,0,57,147,0,204,70,0,70,274
03/24/2004,GMU,SC,ASO,ES,Federal Contract Tower,0,31,18,0,49,0,27,119,0,146,0,58,137,0,195,84,0,84,279
03/25/2004,GMU,SC,ASO,ES,Federal Contract Tower,0,32,19,0,51,0,12,76,5,93,0,44,95,5,144,116,0,116,260
03/26/2004,GMU,SC,ASO,ES,Federal Contract Tower,0,28,16,0,44,0,0,102,1,103,0,28,118,1,147,98,0,98,245
03/27/2004,GMU,SC,ASO,ES,Federal Contract Tower,0,20,11,0,31,0,18,99,0,117,0,38,110,0,148,46,0,46,194
03/28/2004,GMU,SC,ASO,ES,Federal Contract Tower,0,21,16,0,37,0,0,118,0,118,0,21,134,0,155,34,0,34,189
03/29/2004,GMU,SC,ASO,ES,Federal Contract Tower,0,34,19,0,53,0,10,96,0,106,0,44,115,0,159,92,0,92,251
03/30/2004,GMU,SC,ASO,ES,Federal Contract Tower,0,52,27,0,79,0,3,0,0,3,0,55,27,0,82,0,0,0,82
03/31/2004,GMU,SC,ASO,ES,Federal Contract Tower,0,40,23,0,63,0,13,50,0,63,0,53,73,0,126,34,0,34,160
04/01/2004,GMU,SC,ASO,ES,Federal Contract Tower,0,42,25,0,67,0,30,102,0,132,0,72,127,0,199,56,0,56,255
04/02/2004,GMU,SC,ASO,ES,Federal Contract Tower,0,35,22,0,57,0,14,73,0,87,0,49,95,0,144,106,0,106,250
04/03/2004,GMU,SC,ASO,ES,Federal Contract Tower,0,16,10,0,26,0,7,113,1,121,0,23,123,1,147,70,4,74,221
04/04/2004,GMU,SC,ASO,ES,Federal Contract Tower,0,14,9,0,23,0,4,60,0,64,0,18,69,0,87,34,0,34,121
04/05/2004,GMU,SC,ASO,ES,Federal Contract Tower,0,23,14,0,37,0,33,108,0,141,0,56,122,0,178,128,0,128,306
04/06/2004,GMU,SC,ASO,ES,Federal Contract Tower,0,27,16,0,43,0,16,134,0,150,0,43,150,0,193,82,0,82,275
04/07/2004,GMU,SC,ASO,ES,Federal Contract Tower,0,35,20,0,55,0,32,137,0,169,0,67,157,0,224,124,0,124,348
04/08/2004,GMU,SC,ASO,ES,Federal Contract Tower,0,47,28,0,75,0,21,78,0,99,0,68,106,0,174,92,0,92,266
04/09/2004,GMU,SC,ASO,ES,Federal Contract Tower,0,40,23,1,64,0,7,126,4,137,0,47,149,5,201,50,0,50,251
04/10/2004,GMU,SC,ASO,ES,Federal Contract Tower,0,22,13,1,36,0,5,123,1,129,0,27,136,2,165,66,0,66,231
04/11/2004,GMU,SC,ASO,ES,Federal Contract Tower,0,15,12,0,27,0,0,31,0,31,0,15,43,0,58,2,0,2,60
04/12/2004,GMU,SC,ASO,ES,Federal Contract Tower,0,31,18,0,49,0,0,2,0,2,0,31,20,0,51,0,0,0,51
04/13/2004,GMU,SC,ASO,ES,Federal Contract Tower,0,28,17,0,45,0,9,8,0,17,0,37,25,0,62,0,0,0,62
04/14/2004,GMU,SC,ASO,ES,Federal Contract Tower,0,50,29,1,80,0,22,85,1,108,0,72,114,2,188,66,2,68,256
04/15/2004,GMU,SC,ASO,ES,Federal Contract Tower,0,47,28,1,76,0,22,136,1,159,0,69,164,2,235,50,0,50,285
04/16/2004,GMU,SC,ASO,ES,Federal Contract Tower,0,55,31,0,86,0,30,104,0,134,0,85,135,0,220,86,0,86,306
04/17/2004,GMU,SC,ASO,ES,Federal Contract Tower,0,17,10,0,27,0,4,119,0,123,0,21,129,0,150,66,0,66,216
04/18/2004,GMU,SC,ASO,ES,Federal Contract Tower,0,27,15,0,42,0,2,98,0,100,0,29,113,0,142,58,0,58,200
04/19/2004,GMU,SC,ASO,ES,Federal Contract Tower,0,31,18,0,49,0,28,129,2,159,0,59,147,2,208,46,0,46,254
04/20/2004,GMU,SC,ASO,ES,Federal Contract Tower,0,45,25,0,70,0,33,131,0,164,0,78,156,0,234,86,0,86,320
04/21/2004,GMU,SC,ASO,ES,Federal Contract Tower,0,36,21,0,57,0,29,78,2,109,0,65,99,2,166,58,0,58,224
04/22/2004,GMU,SC,ASO,ES,Federal Contract Tower,0,26,15,0,41,0,29,91,3,123,0,55,106,3,164,38,0,38,202
04/23/2004,GMU,SC,ASO,ES,Federal Contract Tower,0,33,19,0,52,0,21,125,2,148,0,54,144,2,200,22,0,22,222
04/24/2004,GMU,SC,ASO,ES,Federal Contract Tower,0,21,12,0,33,0,13,136,0,149,0,34,148,0,182,50,0,50,232
04/25/2004,GMU,SC,ASO,ES,Federal Contract Tower,0,29,17,0,46,0,6,79,4,89,0,35,96,4,135,54,0,54,189
04/26/2004,GMU,SC,ASO,ES,Federal Contract Tower,0,37,21,0,58,0,13,1,1,15,0,50,22,1,73,18,0,18,91
04/27/2004,GMU,SC,ASO,ES,Federal Contract Tower,0,47,27,0,74,0,41,93,2,136,0,88,120,2,210,68,0,68,278
04/28/2004,GMU,SC,ASO,ES,Federal Contract Tower,0,41,23,0,64,0,27,144,1,172,0,68,167,1,236,156,0,156,392
04/29/2004,GMU,SC,ASO,ES,Federal Contract Tower,0,46,26,0,72,0,44,140,0,184,0,90,166,0,256,202,2,204,460
04/30/2004,GMU,SC,ASO,ES,Federal Contract Tower,0,69,40,0,109,0,6,83,1,90,0,75,123,1,199,106,0,106,305
05/01/2004,GMU,SC,ASO,ES,Federal Contract Tower,0,34,45,0,79,0,0,57,0,57,0,34,102,0,136,30,0,30,166
05/02/2004,GMU,SC,ASO,ES,Federal Contract Tower,0,39,43,0,82,0,0,36,0,36,0,39,79,0,118,22,0,22,140
05/03/2004,GMU,SC,ASO,ES,Federal Contract Tower,0,32,24,0,56,0,30,113,0,143,0,62,137,0,199,78,0,78,277
05/04/2004,GMU,SC,ASO,ES,Federal Contract Tower,0,27,20,0,47,0,25,145,2,172,0,52,165,2,219,128,0,128,347
05/05/2004,GMU,SC,ASO,ES,Federal Contract Tower,0,37,27,0,64,0,35,130,4,169,0,72,157,4,233,96,0,96,329
05/06/2004,GMU,SC,ASO,ES,Federal Contract Tower,0,39,29,0,68,0,21,124,3,148,0,60,153,3,216,108,0,108,324
05/07/2004,GMU,SC,ASO,ES,Federal Contract Tower,0,37,28,0,65,0,11,112,0,123,0,48,140,0,188,48,0,48,236
05/08/2004,GMU,SC,ASO,ES,Federal Contract Tower,0,21,16,0,37,0,16,111,2,129,0,37,127,2,166,40,0,40,206
05/09/2004,GMU,SC,ASO,ES,Federal Contract Tower,0,25,19,0,44,0,5,61,0,66,0,30,80,0,110,8,0,8,118
05/10/2004,GMU,SC,ASO,ES,Federal Contract Tower,0,27,20,0,47,0,35,112,3,150,0,62,132,3,197,92,2,94,291
05/11/2004,GMU,SC,ASO,ES,Federal Contract Tower,0,29,21,0,50,0,20,115,0,135,0,49,136,0,185,78,0,78,263
05/12/2004,GMU,SC,ASO,ES,Federal Contract Tower,0,43,31,0,74,0,27,36,0,63,0,70,67,0,137,92,0,92,229
05/13/2004,GMU,SC,ASO,ES,Federal Contract Tower,0,51,37,0,88,0,5,45,0,50,0,56,82,0,138,88,0,88,226
05/14/2004,GMU,SC,ASO,ES,Federal Contract Tower,0,40,30,0,70,0,26,59,0,85,0,66,89,0,155,58,0,58,213
05/15/2004,GMU,SC,ASO,ES,Federal Contract Tower,0,20,15,0,35,0,6,80,23,109,0,26,95,23,144,72,0,72,216
05/16/2004,GMU,SC,ASO,ES,Federal Contract Tower,0,19,14,0,33,0,5,56,0,61,0,24,70,0,94,24,0,24,118
05/17/2004,GMU,SC,ASO,ES,Federal Contract Tower,0,36,26,0,62,0,28,94,0,122,0,64,120,0,184,140,0,140,324
05/18/2004,GMU,SC,ASO,ES,Federal Contract Tower,0,45,32,0,77,0,17,27,0,44,0,62,59,0,121,44,0,44,165
05/19/2004,GMU,SC,ASO,ES,Federal Contract Tower,0,45,31,0,76,0,32,66,1,99,0,77,97,1,175,60,0,60,235
05/20/2004,GMU,SC,ASO,ES,Federal Contract Tower,0,42,29,0,71,0,17,85,2,104,0,59,114,2,175,64,0,64,239
05/21/2004,GMU,SC,ASO,ES,Federal Contract Tower,0,41,28,0,69,0,23,115,0,138,0,64,143,0,207,82,0,82,289
05/22/2004,GMU,SC,ASO,ES,Federal Contract Tower,0,13,11,0,24,0,0,177,0,177,0,13,188,0,201,36,0,36,237
05/23/2004,GMU,SC,ASO,ES,Federal Contract Tower,0,23,16,0,39,0,1,63,0,64,0,24,79,0,103,44,0,44,147
05/24/2004,GMU,SC,ASO,ES,Federal Contract Tower,0,35,24,0,59,0,34,82,0,116,0,69,106,0,175,66,0,66,241
05/25/2004,GMU,SC,ASO,ES,Federal Contract Tower,0,22,15,0,37,0,32,86,0,118,0,54,101,0,155,72,0,72,227
05/26/2004,GMU,SC,ASO,ES,Federal Contract Tower,0,41,28,0,69,0,40,84,0,124,0,81,112,0,193,34,0,34,227
05/27/2004,GMU,SC,ASO,ES,Federal Contract Tower,0,29,20,0,49,0,22,98,0,120,0,51,118,0,169,70,0,70,239
05/28/2004,GMU,SC,ASO,ES,Federal Contract Tower,0,34,23,0,57,0,14,89,0,103,0,48,112,0,160,32,0,32,192
05/29/2004,GMU,SC,ASO,ES,Federal Contract Tower,0,14,10,0,24,0,3,85,0,88,0,17,95,0,112,72,0,72,184
05/30/2004,GMU,SC,ASO,ES,Federal Contract Tower,0,14,9,0,23,0,7,18,2,27,0,21,27,2,50,18,0,18,68
05/31/2004,GMU,SC,ASO,ES,Federal Contract Tower,0,17,12,0,29,0,0,43,0,43,0,17,55,0,72,30,0,30,102
06/01/2004,GMU,SC,ASO,ES,Federal Contract Tower,0,40,24,0,64,0,27,121,3,151,0,67,145,3,215,140,0,140,355
06/02/2004,GMU,SC,ASO,ES,Federal Contract Tower,0,27,17,0,44,0,35,137,0,172,0,62,154,0,216,86,0,86,302
06/03/2004,GMU,SC,ASO,ES,Federal Contract Tower,0,44,27,0,71,0,19,118,0,137,0,63,145,0,208,84,0,84,292
06/04/2004,GMU,SC,ASO,ES,Federal Contract Tower,0,30,18,0,48,0,9,65,0,74,0,39,83,0,122,38,0,38,160
06/05/2004,GMU,SC,ASO,ES,Federal Contract Tower,0,16,13,0,29,0,0,91,1,92,0,16,104,1,121,26,0,26,147
06/06/2004,GMU,SC,ASO,ES,Federal Contract Tower,0,24,15,0,39,0,7,80,0,87,0,31,95,0,126,68,0,68,194
06/07/2004,GMU,SC,ASO,ES,Federal Contract Tower,0,30,18,0,48,0,21,65,0,86,0,51,83,0,134,48,0,48,182
06/08/2004,GMU,SC,ASO,ES,Federal Contract Tower,0,40,24,0,64,0,7,1,0,8,0,47,25,0,72,10,0,10,82
06/09/2004,GMU,SC,ASO,ES,Federal Contract Tower,0,39,23,0,62,0,26,46,5,77,0,65,69,5,139,48,0,48,187
06/10/2004,GMU,SC,ASO,ES,Federal Contract Tower,0,39,23,0,62,0,12,111,0,123,0,51,134,0,185,102,0,102,287
06/11/2004,GMU,SC,ASO,ES,Federal Contract Tower,0,25,16,0,41,0,20,99,2,121,0,45,115,2,162,18,0,18,180
06/12/2004,GMU,SC,ASO,ES,Federal Contract Tower,0,11,7,0,18,0,0,78,0,78,0,11,85,0,96,38,0,38,134
06/13/2004,GMU,SC,ASO,ES,Federal Contract Tower,0,18,17,0,35,0,0,9,0,9,0,18,26,0,44,4,0,4,48
06/14/2004,GMU,SC,ASO,ES,Federal Contract Tower,0,38,23,0,61,0,8,13,0,21,0,46,36,0,82,64,0,64,146
06/15/2004,GMU,SC,ASO,ES,Federal Contract Tower,0,37,22,0,59,0,19,36,0,55,0,56,58,0,114,80,0,80,194
06/16/2004,GMU,SC,ASO,ES,Federal Contract Tower,0,45,27,0,72,0,15,103,1,119,0,60,130,1,191,94,0,94,285
06/17/2004,GMU,SC,ASO,ES,Federal Contract Tower,0,44,25,0,69,0,17,106,4,127,0,61,131,4,196,92,2,94,290
06/18/2004,GMU,SC,ASO,ES,Federal Contract Tower,0,34,19,0,53,0,21,76,1,98,0,55,95,1,151,72,0,72,223
06/19/2004,GMU,SC,ASO,ES,Federal Contract Tower,0,21,12,0,33,0,8,109,0,117,0,29,121,0,150,75,0,75,225
06/20/2004,GMU,SC,ASO,ES,Federal Contract Tower,0,23,15,0,38,0,0,76,0,76,0,23,91,0,114,30,0,30,144
06/21/2004,GMU,SC,ASO,ES,Federal Contract Tower,0,35,19,0,54,0,17,23,0,40,0,52,42,0,94,58,4,62,156
06/22/2004,GMU,SC,ASO,ES,Federal Contract Tower,0,47,27,0,74,0,14,87,0,101,0,61,114,0,175,104,0,104,279
06/23/2004,GMU,SC,ASO,ES,Federal Contract Tower,0,38,21,0,59,0,33,56,0,89,0,71,77,0,148,42,4,46,194
06/24/2004,GMU,SC,ASO,ES,Federal Contract Tower,0,51,29,0,80,0,6,75,0,81,0,57,104,0,161,84,2,86,247
06/25/2004,GMU,SC,ASO,ES,Federal Contract Tower,0,29,17,0,46,0,14,39,0,53,0,43,56,0,99,22,0,22,121
06/26/2004,GMU,SC,ASO,ES,Federal Contract Tower,0,30,17,0,47,0,2,142,0,144,0,32,159,0,191,104,0,104,295
06/27/2004,GMU,SC,ASO,ES,Federal Contract Tower,0,30,17,0,47,0,3,50,0,53,0,33,67,0,100,78,0,78,178
06/28/2004,GMU,SC,ASO,ES,Federal Contract Tower,0,36,21,0,57,0,17,36,0,53,0,53,57,0,110,100,0,100,210
06/29/2004,GMU,SC,ASO,ES,Federal Contract Tower,0,41,23,0,64,0,22,108,1,131,0,63,131,1,195,110,0,110,305
06/30/2004,GMU,SC,ASO,ES,Federal Contract Tower,0,36,21,0,57,0,12,34,0,46,0,48,55,0,103,40,0,40,143
07/01/2004,GMU,SC,ASO,ES,Federal Contract Tower,0,33,24,0,57,0,17,54,5,76,0,50,78,5,133,80,0,80,213
07/02/2004,GMU,SC,ASO,ES,Federal Contract Tower,0,36,26,0,62,0,5,46,0,51,0,41,72,0,113,66,0,66,179
07/03/2004,GMU,SC,ASO,ES,Federal Contract Tower,0,8,16,0,24,0,0,42,2,44,0,8,58,2,68,20,0,20,88
07/04/2004,GMU,SC,ASO,ES,Federal Contract Tower,0,6,6,0,12,0,0,14,3,17,0,6,20,3,29,2,2,4,33
07/05/2004,GMU,SC,ASO,ES,Federal Contract Tower,0,23,16,0,39,0,9,118,2,129,0,32,134,2,168,88,2,90,258
07/06/2004,GMU,SC,ASO,ES,Federal Contract Tower,0,17,13,0,30,0,20,119,0,139,0,37,132,0,169,104,0,104,273
07/07/2004,GMU,SC,ASO,ES,Federal Contract Tower,0,22,16,0,38,0,26,100,0,126,0,48,116,0,164,116,0,116,280
07/08/2004,GMU,SC,ASO,ES,Federal Contract Tower,0,27,20,0,47,0,16,87,2,105,0,43,107,2,152,76,4,80,232
07/09/2004,GMU,SC,ASO,ES,Federal Contract Tower,0,25,18,0,43,0,18,94,0,112,0,43,112,0,155,46,0,46,201
07/10/2004,GMU,SC,ASO,ES,Federal Contract Tower,0,12,11,1,24,0,0,106,1,107,0,12,117,2,131,70,4,74,205
07/11/2004,GMU,SC,ASO,ES,Federal Contract Tower,0,23,16,0,39,0,0,63,0,63,0,23,79,0,102,38,0,38,140
07/12/2004,GMU,SC,ASO,ES,Federal Contract Tower,0,25,17,0,42,0,9,57,0,66,0,34,74,0,108,50,0,50,158
07/13/2004,GMU,SC,ASO,ES,Federal Contract Tower,0,25,18,1,44,0,13,74,3,90,0,38,92,4,134,38,0,38,172
07/14/2004,GMU,SC,ASO,ES,Federal Contract Tower,0,32,22,0,54,0,27,71,0,98,0,59,93,0,152,50,0,50,202
07/15/2004,GMU,SC,ASO,ES,Federal Contract Tower,0,38,26,1,65,0,22,94,9,125,0,60,120,10,190,60,6,66,256
07/16/2004,GMU,SC,ASO,ES,Federal Contract Tower,0,33,22,1,56,0,21,72,1,94,0,54,94,2,150,96,0,96,246
07/17/2004,GMU,SC,ASO,ES,Federal Contract Tower,0,17,13,0,30,0,0,64,0,64,0,17,77,0,94,52,0,52,146
07/18/2004,GMU,SC,ASO,ES,Federal Contract Tower,0,23,16,0,39,0,0,58,4,62,0,23,74,4,101,52,0,52,153
07/19/2004,GMU,SC,ASO,ES,Federal Contract Tower,0,31,21,0,52,0,24,88,0,112,0,55,109,0,164,66,0,66,230
07/20/2004,GMU,SC,ASO,ES,Federal Contract Tower,0,29,20,0,49,0,18,135,4,157,0,47,155,4,206,152,0,152,358
07/21/2004,GMU,SC,ASO,ES,Federal Contract Tower,0,38,25,0,63,0,23,110,0,133,0,61,135,0,196,120,0,120,316
07/22/2004,GMU,SC,ASO,ES,Federal Contract Tower,0,30,20,0,50,0,12,103,2,117,0,42,123,2,167,132,2,134,301
07/23/2004,GMU,SC,ASO,ES,Federal Contract Tower,0,35,23,0,58,0,11,97,6,114,0,46,120,6,172,74,0,74,246
07/24/2004,GMU,SC,ASO,ES,Federal Contract Tower,0,10,6,0,16,0,1,60,4,65,0,11,66,4,81,26,0,26,107
07/25/2004,GMU,SC,ASO,ES,Federal Contract Tower,0,25,17,0,42,0,2,85,2,89,0,27,102,2,131,52,0,52,183
07/26/2004,GMU,SC,ASO,ES,Federal Contract Tower,0,31,20,0,51,0,31,51,0,82,0,62,71,0,133,118,0,118,251
07/27/2004,GMU,SC,ASO,ES,Federal Contract Tower,0,46,31,0,77,0,19,20,0,39,0,65,51,0,116,18,0,18,134
07/28/2004,GMU,SC,ASO,ES,Federal Contract Tower,0,41,28,0,69,0,25,84,0,109,0,66,112,0,178,146,0,146,324
07/29/2004,GMU,SC,ASO,ES,Federal Contract Tower,0,40,27,0,67,0,17,12,0,29,0,57,39,0,96,46,0,46,142
07/30/2004,GMU,SC,ASO,ES,Federal Contract Tower,0,29,19,0,48,0,4,28,1,33,0,33,47,1,81,64,0,64,145
07/31/2004,GMU,SC,ASO,ES,Federal Contract Tower,0,16,10,0,26,0,4,94,0,98,0,20,104,0,124,42,0,42,166
08/01/2004,GMU,SC,ASO,ES,Federal Contract Tower,0,14,12,0,26,0,0,64,0,64,0,14,76,0,90,86,0,86,176
08/02/2004,GMU,SC,ASO,ES,Federal Contract Tower,0,22,15,0,37,0,3,46,0,49,0,25,61,0,86,28,0,28,114
08/03/2004,GMU,SC,ASO,ES,Federal Contract Tower,0,31,21,0,52,0,24,116,1,141,0,55,137,1,193,48,0,48,241
08/04/2004,GMU,SC,ASO,ES,Federal Contract Tower,0,37,25,0,62,0,27,97,0,124,0,64,122,0,186,58,0,58,244
08/05/2004,GMU,SC,ASO,ES,Federal Contract Tower,0,49,33,0,82,0,10,44,2,56,0,59,77,2,138,62,0,62,200
08/06/2004,GMU,SC,ASO,ES,Federal Contract Tower,0,33,23,0,56,0,4,110,2,116,0,37,133,2,172,48,0,48,220
08/07/2004,GMU,SC,ASO,ES,Federal Contract Tower,0,16,12,0,28,0,8,104,6,118,0,24,116,6,146,32,6,38,184
08/08/2004,GMU,SC,ASO,ES,Federal Contract Tower,0,23,17,1,41,0,0,97,1,98,0,23,114,2,139,76,0,76,215
08/09/2004,GMU,SC,ASO,ES,Federal Contract Tower,0,21,14,1,36,0,16,93,1,110,0,37,107,2,146,84,0,84,230
08/10/2004,GMU,SC,ASO,ES,Federal Contract Tower,0,36,24,1,61,0,18,111,1,130,0,54,135,2,191,86,0,86,277
08/11/2004,GMU,SC,ASO,ES,Federal Contract Tower,0,31,21,1,53,0,25,113,0,138,0,56,134,1,191,78,0,78,269
08/12/2004,GMU,SC,ASO,ES,Federal Contract Tower,0,21,10,1,32,0,10,0,0,10,0,31,10,1,42,0,0,0,42
08/13/2004,GMU,SC,ASO,ES,Federal Contract Tower,0,33,22,1,56,0,19,55,2,76,0,52,77,3,132,36,0,36,168
08/14/2004,GMU,SC,ASO,ES,Federal Contract Tower,0,9,6,0,15,0,2,43,0,45,0,11,49,0,60,50,0,50,110
08/15/2004,GMU,SC,ASO,ES,Federal Contract Tower,0,28,21,0,49,0,0,45,0,45,0,28,66,0,94,70,0,70,164
08/16/2004,GMU,SC,ASO,ES,Federal Contract Tower,0,39,25,0,64,0,28,72,1,101,0,67,97,1,165,84,0,84,249
08/17/2004,GMU,SC,ASO,ES,Federal Contract Tower,0,30,19,0,49,0,21,77,2,100,0,51,96,2,149,74,2,76,225
08/18/2004,GMU,SC,ASO,ES,Federal Contract Tower,0,44,28,0,72,0,11,68,0,79,0,55,96,0,151,92,0,92,243
08/19/2004,GMU,SC,ASO,ES,Federal Contract Tower,0,35,23,0,58,0,22,84,4,110,0,57,107,4,168,54,0,54,222
08/20/2004,GMU,SC,ASO,ES,Federal Contract Tower,0,35,22,0,57,0,23,55,0,78,0,58,77,0,135,30,0,30,165
08/21/2004,GMU,SC,ASO,ES,Federal Contract Tower,0,18,11,0,29,0,4,47,0,51,0,22,58,0,80,6,0,6,86
08/22/2004,GMU,SC,ASO,ES,Federal Contract Tower,0,31,22,0,53,0,0,48,0,48,0,31,70,0,101,0,0,0,101
08/23/2004,GMU,SC,ASO,ES,Federal Contract Tower,0,32,21,0,53,0,25,63,0,88,0,57,84,0,141,78,0,78,219
08/24/2004,GMU,SC,ASO,ES,Federal Contract Tower,0,29,19,0,48,0,10,55,0,65,0,39,74,0,113,70,0,70,183
08/25/2004,GMU,SC,ASO,ES,Federal Contract Tower,0,38,25,0,63,0,21,70,0,91,0,59,95,0,154,76,0,76,230
08/26/2004,GMU,SC,ASO,ES,Federal Contract Tower,0,36,23,0,59,0,30,79,7,116,0,66,102,7,175,14,0,14,189
08/27/2004,GMU,SC,ASO,ES,Federal Contract Tower,0,33,21,0,54,0,18,84,4,106,0,51,105,4,160,26,0,26,186
08/28/2004,GMU,SC,ASO,ES,Federal Contract Tower,0,12,8,0,20,0,4,125,0,129,0,16,133,0,149,58,0,58,207
08/29/2004,GMU,SC,ASO,ES,Federal Contract Tower,0,36,23,0,59,0,14,56,0,70,0,50,79,0,129,32,0,32,161
08/30/2004,GMU,SC,ASO,ES,Federal Contract Tower,0,33,21,0,54,0,30,78,0,108,0,63,99,0,162,34,0,34,196
08/31/2004,GMU,SC,ASO,ES,Federal Contract Tower,0,30,19,0,49,0,37,88,0,125,0,67,107,0,174,108,0,108,282
09/01/2004,GMU,SC,ASO,ES,Federal Contract Tower,0,31,19,0,50,0,18,37,0,55,0,49,56,0,105,40,0,40,145
09/02/2004,GMU,SC,ASO,ES,Federal Contract Tower,0,48,30,0,78,0,0,22,0,22,0,48,52,0,100,32,0,32,132
09/03/2004,GMU,SC,ASO,ES,Federal Contract Tower,0,40,24,0,64,0,17,119,1,137,0,57,143,1,201,84,0,84,285
09/04/2004,GMU,SC,ASO,ES,Federal Contract Tower,0,15,10,0,25,0,6,79,0,85,0,21,89,0,110,6,0,6,116
09/05/2004,GMU,SC,ASO,ES,Federal Contract Tower,0,17,10,0,27,0,12,38,0,50,0,29,48,0,77,44,0,44,121
09/06/2004,GMU,SC,ASO,ES,Federal Contract Tower,0,10,6,0,16,0,8,13,0,21,0,18,19,0,37,20,0,20,57
09/07/2004,GMU,SC,ASO,ES,Federal Contract Tower,0,8,3,0,11,0,2,0,0,2,0,10,3,0,13,2,0,2,15
09/08/2004,GMU,SC,ASO,ES,Federal Contract Tower,0,29,8,0,37,0,11,0,0,11,0,40,8,0,48,0,0,0,48
09/09/2004,GMU,SC,ASO,ES,Federal Contract Tower,0,36,22,0,58,0,23,121,0,144,0,59,143,0,202,70,0,70,272
09/10/2004,GMU,SC,ASO,ES,Federal Contract Tower,0,39,22,0,61,0,21,136,0,157,0,60,158,0,218,178,0,178,396
09/11/2004,GMU,SC,ASO,ES,Federal Contract Tower,0,22,12,1,35,0,1,148,2,151,0,23,160,3,186,46,0,46,232
09/12/2004,GMU,SC,ASO,ES,Federal Contract Tower,0,25,14,1,40,0,14,72,1,87,0,39,86,2,127,28,0,28,155
09/13/2004,GMU,SC,ASO,ES,Federal Contract Tower,0,47,28,1,76,0,28,94,1,123,0,75,122,2,199,164,0,164,363
09/14/2004,GMU,SC,ASO,ES,Federal Contract Tower,0,45,27,0,72,0,15,150,0,165,0,60,177,0,237,174,0,174,411
09/15/2004,GMU,SC,ASO,ES,Federal Contract Tower,0,40,24,0,64,0,15,63,0,78,0,55,87,0,142,106,0,106,248
09/16/2004,GMU,SC,ASO,ES,Federal Contract Tower,0,15,10,1,26,0,0,2,1,3,0,15,12,2,29,0,0,0,29
09/17/2004,GMU,SC,ASO,ES,Federal Contract Tower,0,8,4,0,12,0,13,12,0,25,0,21,16,0,37,14,0,14,51
09/18/2004,GMU,SC,ASO,ES,Federal Contract Tower,0,11,6,0,17,0,11,104,0,115,0,22,110,0,132,26,0,26,158
09/19/2004,GMU,SC,ASO,ES,Federal Contract Tower,0,23,12,0,35,0,14,83,0,97,0,37,95,0,132,32,0,32,164
09/20/2004,GMU,SC,ASO,ES,Federal Contract Tower,0,38,21,0,59,0,24,92,2,118,0,62,113,2,177,68,0,68,245
09/21/2004,GMU,SC,ASO,ES,Federal Contract Tower,0,24,14,0,38,0,12,175,0,187,0,36,189,0,225,208,0,208,433
09/22/2004,GMU,SC,ASO,ES,Federal Contract Tower,0,31,17,0,48,0,19,171,1,191,0,50,188,1,239,124,0,124,363
09/23/2004,GMU,SC,ASO,ES,Federal Contract Tower,0,50,28,0,78,0,25,167,2,194,0,75,195,2,272,168,0,168,440
09/24/2004,GMU,SC,ASO,ES,Federal Contract Tower,0,35,19,0,54,0,23,115,3,141,0,58,134,3,195,86,0,86,281
09/25/2004,GMU,SC,ASO,ES,Federal Contract Tower,0,26,15,0,41,0,9,115,0,124,0,35,130,0,165,32,0,32,197
09/26/2004,GMU,SC,ASO,ES,Federal Contract Tower,0,29,16,0,45,0,1,55,6,62,0,30,71,6,107,24,0,24,131
09/27/2004,GMU,SC,ASO,ES,Federal Contract Tower,0,9,2,0,11,0,3,0,0,3,0,12,2,0,14,0,0,0,14
09/28/2004,GMU,SC,ASO,ES,Federal Contract Tower,0,24,14,0,38,0,24,88,0,112,0,48,102,0,150,162,0,162,312
09/29/2004,GMU,SC,ASO,ES,Federal Contract Tower,0,42,24,0,66,0,31,104,3,138,0,73,128,3,204,124,2,126,330
09/30/2004,GMU,SC,ASO,ES,Federal Contract Tower,0,46,26,0,72,0,30,104,0,134,0,76,130,0,206,168,12,180,386
10/01/2004,GMU,SC,ASO,ES,Federal Contract Tower,0,51,21,1,73,0,10,67,1,78,0,61,88,2,151,74,0,74,225
10/02/2004,GMU,SC,ASO,ES,Federal Contract Tower,0,19,29,0,48,0,5,40,1,46,0,24,69,1,94,52,0,52,146
10/03/2004,GMU,SC,ASO,ES,Federal Contract Tower,0,21,20,0,41,0,7,38,2,47,0,28,58,2,88,56,0,56,144
10/04/2004,GMU,SC,ASO,ES,Federal Contract Tower,0,38,8,0,46,0,13,130,0,143,0,51,138,0,189,80,2,82,271
10/05/2004,GMU,SC,ASO,ES,Federal Contract Tower,0,32,15,0,47,0,16,136,0,152,0,48,151,0,199,134,10,144,343
10/06/2004,GMU,SC,ASO,ES,Federal Contract Tower,0,44,33,0,77,0,18,62,6,86,0,62,95,6,163,66,9,75,238
10/07/2004,GMU,SC,ASO,ES,Federal Contract Tower,0,40,33,0,73,0,17,131,2,150,0,57,164,2,223,98,0,98,321
10/08/2004,GMU,SC,ASO,ES,Federal Contract Tower,0,28,18,0,46,0,8,131,0,139,0,36,149,0,185,68,0,68,253
10/09/2004,GMU,SC,ASO,ES,Federal Contract Tower,0,13,23,1,37,0,7,97,9,113,0,20,120,10,150,54,0,54,204
10/10/2004,GMU,SC,ASO,ES,Federal Contract Tower,0,24,18,0,42,0,6,72,0,78,0,30,90,0,120,18,0,18,138
10/11/2004,GMU,SC,ASO,ES,Federal Contract Tower,0,35,25,0,60,0,29,129,1,159,0,64,154,1,219,142,0,142,361
10/12/2004,GMU,SC,ASO,ES,Federal Contract Tower,0,54,29,3,86,0,17,85,0,102,0,71,114,3,188,204,0,204,392
10/13/2004,GMU,SC,ASO,ES,Federal Contract Tower,0,49,14,0,63,0,7,63,0,70,0,56,77,0,133,78,0,78,211
10/14/2004,GMU,SC,ASO,ES,Federal Contract Tower,0,46,23,1,70,0,19,107,3,129,0,65,130,4,199,174,4,178,377
10/15/2004,GMU,SC,ASO,ES,Federal Contract Tower,0,32,21,0,53,0,10,56,0,66,0,42,77,0,119,40,0,40,159
10/16/2004,GMU,SC,ASO,ES,Federal Contract Tower,0,21,10,0,31,0,8,79,0,87,0,29,89,0,118,44,0,44,162
10/17/2004,GMU,SC,ASO,ES,Federal Contract Tower,0,38,16,0,54,0,8,123,8,139,0,46,139,8,193,32,2,34,227
10/18/2004,GMU,SC,ASO,ES,Federal Contract Tower,0,40,13,0,53,0,16,85,0,101,0,56,98,0,154,138,0,138,292
10/19/2004,GMU,SC,ASO,ES,Federal Contract Tower,0,37,15,0,52,0,3,6,0,9,0,40,21,0,61,14,0,14,75
10/20/2004,GMU,SC,ASO,ES,Federal Contract Tower,0,38,32,0,70,0,7,46,0,53,0,45,78,0,123,50,2,52,175
10/21/2004,GMU,SC,ASO,ES,Federal Contract Tower,0,38,17,0,55,0,0,1,0,1,0,38,18,0,56,0,0,0,56
10/22/2004,GMU,SC,ASO,ES,Federal Contract Tower,0,40,35,0,75,0,3,11,1,15,0,43,46,1,90,38,0,38,128
10/23/2004,GMU,SC,ASO,ES,Federal Contract Tower,0,16,22,0,38,0,6,39,0,45,0,22,61,0,83,84,0,84,167
10/24/2004,GMU,SC,ASO,ES,Federal Contract Tower,0,30,27,0,57,0,0,0,0,0,0,30,27,0,57,0,0,0,57
10/25/2004,GMU,SC,ASO,ES,Federal Contract Tower,0,33,24,0,57,0,11,101,2,114,0,44,125,2,171,108,0,108,279
10/26/2004,GMU,SC,ASO,ES,Federal Contract Tower,0,45,37,0,82,0,8,24,0,32,0,53,61,0,114,106,0,106,220
10/27/2004,GMU,SC,ASO,ES,Federal Contract Tower,0,47,43,0,90,0,3,22,0,25,0,50,65,0,115,20,0,20,135
10/28/2004,GMU,SC,ASO,ES,Federal Contract Tower,0,31,44,0,75,0,3,12,0,15,0,34,56,0,90,80,3,83,173
10/29/2004,GMU,SC,ASO,ES,Federal Contract Tower,0,24,23,0,47,0,0,4,0,4,0,24,27,0,51,0,0,0,51
10/30/2004,GMU,SC,ASO,ES,Federal Contract Tower,0,7,23,0,30,0,5,43,0,48,0,12,66,0,78,36,0,36,114
10/31/2004,GMU,SC,ASO,ES,Federal Contract Tower,0,7,25,0,32,0,6,60,0,66,0,13,85,0,98,74,0,74,172
11/01/2004,GMU,SC,ASO,ES,Federal Contract Tower,0,31,18,0,49,0,12,96,2,110,0,43,114,2,159,182,0,182,341
11/02/2004,GMU,SC,ASO,ES,Federal Contract Tower,0,42,28,0,70,0,7,8,0,15,0,49,36,0,85,34,0,34,119
11/03/2004,GMU,SC,ASO,ES,Federal Contract Tower,0,37,22,0,59,0,4,31,0,35,0,41,53,0,94,84,0,84,178
11/04/2004,GMU,SC,ASO,ES,Federal Contract Tower,0,21,26,0,47,0,5,24,0,29,0,26,50,0,76,56,0,56,132
11/05/2004,GMU,SC,ASO,ES,Federal Contract Tower,0,42,29,0,71,0,14,113,0,127,0,56,142,0,198,176,2,178,376
11/06/2004,GMU,SC,ASO,ES,Federal Contract Tower,0,15,19,1,35,0,3,166,1,170,0,18,185,2,205,84,0,84,289
11/07/2004,GMU,SC,ASO,ES,Federal Contract Tower,0,27,14,0,41,0,8,100,0,108,0,35,114,0,149,78,0,78,227
11/08/2004,GMU,SC,ASO,ES,Federal Contract Tower,0,21,11,0,32,0,9,125,0,134,0,30,136,0,166,184,0,184,350
11/09/2004,GMU,SC,ASO,ES,Federal Contract Tower,0,26,24,0,50,0,32,131,0,163,0,58,155,0,213,198,2,200,413
11/10/2004,GMU,SC,ASO,ES,Federal Contract Tower,0,26,19,0,45,0,23,111,0,134,0,49,130,0,179,160,0,160,339
11/11/2004,GMU,SC,ASO,ES,Federal Contract Tower,0,44,22,0,66,0,3,42,0,45,0,47,64,0,111,100,0,100,211
11/12/2004,GMU,SC,ASO,ES,Federal Contract Tower,0,33,16,0,49,0,0,0,0,0,0,33,16,0,49,0,0,0,49
11/13/2004,GMU,SC,ASO,ES,Federal Contract Tower,0,9,21,0,30,0,6,85,0,91,0,15,106,0,121,18,0,18,139
11/14/2004,GMU,SC,ASO,ES,Federal Contract Tower,0,24,9,0,33,0,10,80,0,90,0,34,89,0,123,26,0,26,149
11/15/2004,GMU,SC,ASO,ES,Federal Contract Tower,0,29,29,0,58,0,19,110,0,129,0,48,139,0,187,60,2,62,249
11/16/2004,GMU,SC,ASO,ES,Federal Contract Tower,0,40,33,0,73,0,19,134,0,153,0,59,167,0,226,134,2,136,362
11/17/2004,GMU,SC,ASO,ES,Federal Contract Tower,0,44,20,0,64,0,26,137,0,163,0,70,157,0,227,182,0,182,409
11/18/2004,GMU,SC,ASO,ES,Federal Contract Tower,0,58,12,2,72,0,25,135,6,166,0,83,147,8,238,196,0,196,434
11/19/2004,GMU,SC,ASO,ES,Federal Contract Tower,0,49,24,0,73,0,10,128,0,138,0,59,152,0,211,100,0,100,311
11/20/2004,GMU,SC,ASO,ES,Federal Contract Tower,0,7,28,0,35,0,6,46,0,52,0,13,74,0,87,68,0,68,155
11/21/2004,GMU,SC,ASO,ES,Federal Contract Tower,0,13,21,0,34,0,4,58,0,62,0,17,79,0,96,56,0,56,152
11/22/2004,GMU,SC,ASO,ES,Federal Contract Tower,0,26,27,0,53,0,4,44,0,48,0,30,71,0,101,102,0,102,203
11/23/2004,GMU,SC,ASO,ES,Federal Contract Tower,0,37,22,0,59,0,0,0,0,0,0,37,22,0,59,0,0,0,59
11/24/2004,GMU,SC,ASO,ES,Federal Contract Tower,0,0,0,0,0,0,0,0,0,0,0,0,0,0,0,0,0,0,0
11/25/2004,GMU,SC,ASO,ES,Federal Contract Tower,0,8,12,0,20,0,4,22,1,27,0,12,34,1,47,16,2,18,65
11/26/2004,GMU,SC,ASO,ES,Federal Contract Tower,0,6,8,0,14,0,22,115,0,137,0,28,123,0,151,58,0,58,209
11/27/2004,GMU,SC,ASO,ES,Federal Contract Tower,0,10,13,0,23,0,6,53,3,62,0,16,66,3,85,88,1,89,174
11/28/2004,GMU,SC,ASO,ES,Federal Contract Tower,0,38,19,0,57,0,25,119,2,146,0,63,138,2,203,74,0,74,277
11/29/2004,GMU,SC,ASO,ES,Federal Contract Tower,0,34,22,0,56,0,17,102,1,120,0,51,124,1,176,164,0,164,340
11/30/2004,GMU,SC,ASO,ES,Federal Contract Tower,0,29,37,0,66,0,16,74,0,90,0,45,111,0,156,112,0,112,268
12/01/2004,GMU,SC,ASO,ES,Federal Contract Tower,0,37,15,0,52,0,21,94,0,115,0,58,109,0,167,96,2,98,265
12/02/2004,GMU,SC,ASO,ES,Federal Contract Tower,0,35,27,0,62,0,18,88,0,106,0,53,115,0,168,96,0,96,264
12/03/2004,GMU,SC,ASO,ES,Federal Contract Tower,0,35,18,0,53,0,21,96,15,132,0,56,114,15,185,138,0,138,323
12/04/2004,GMU,SC,ASO,ES,Federal Contract Tower,0,17,8,0,25,0,7,208,0,215,0,24,216,0,240,78,0,78,318
12/05/2004,GMU,SC,ASO,ES,Federal Contract Tower,0,20,9,0,29,0,4,105,0,109,0,24,114,0,138,86,0,86,224
12/06/2004,GMU,SC,ASO,ES,Federal Contract Tower,0,31,10,0,41,0,2,0,0,2,0,33,10,0,43,24,0,24,67
12/07/2004,GMU,SC,ASO,ES,Federal Contract Tower,0,20,14,0,34,0,8,0,0,8,0,28,14,0,42,2,0,2,44
12/08/2004,GMU,SC,ASO,ES,Federal Contract Tower,0,49,18,0,67,0,30,130,1,161,0,79,148,1,228,128,4,132,360
12/09/2004,GMU,SC,ASO,ES,Federal Contract Tower,0,28,6,0,34,0,0,2,0,2,0,28,8,0,36,8,0,8,44
12/10/2004,GMU,SC,ASO,ES,Federal Contract Tower,0,19,19,0,38,0,8,30,4,42,0,27,49,4,80,18,0,18,98
12/11/2004,GMU,SC,ASO,ES,Federal Contract Tower,0,15,12,1,28,0,11,91,4,106,0,26,103,5,134,68,0,68,202
12/12/2004,GMU,SC,ASO,ES,Federal Contract Tower,0,13,16,0,29,0,6,120,0,126,0,19,136,0,155,72,6,78,233
12/13/2004,GMU,SC,ASO,ES,Federal Contract Tower,0,25,6,0,31,0,25,75,7,107,0,50,81,7,138,97,0,97,235
12/14/2004,GMU,SC,ASO,ES,Federal Contract Tower,0,43,18,0,61,0,17,82,1,100,0,60,100,1,161,82,2,84,245
12/15/2004,GMU,SC,ASO,ES,Federal Contract Tower,0,39,17,1,57,0,28,105,1,134,0,67,122,2,191,180,0,180,371
12/16/2004,GMU,SC,ASO,ES,Federal Contract Tower,0,38,25,0,63,0,29,99,1,129,0,67,124,1,192,50,0,50,242
12/17/2004,GMU,SC,ASO,ES,Federal Contract Tower,0,33,26,0,59,0,18,110,2,130,0,51,136,2,189,74,2,76,265
12/18/2004,GMU,SC,ASO,ES,Federal Contract Tower,0,7,14,0,21,0,5,138,0,143,0,12,152,0,164,104,0,104,268
12/19/2004,GMU,SC,ASO,ES,Federal Contract Tower,0,25,0,0,25,34,21,0,0,55,34,46,0,0,80,28,0,28,108
12/20/2004,GMU,SC,ASO,ES,Federal Contract Tower,0,20,14,0,34,0,14,77,0,91,0,34,91,0,125,94,0,94,219
12/21/2004,GMU,SC,ASO,ES,Federal Contract Tower,0,32,16,0,48,0,19,83,0,102,0,51,99,0,150,42,0,42,192
12/22/2004,GMU,SC,ASO,ES,Federal Contract Tower,0,31,16,0,47,0,14,66,0,80,0,45,82,0,127,30,2,32,159
12/23/2004,GMU,SC,ASO,ES,Federal Contract Tower,0,27,8,0,35,0,22,33,2,57,0,49,41,2,92,56,2,58,150
12/24/2004,GMU,SC,ASO,ES,Federal Contract Tower,0,10,9,0,19,0,11,52,0,63,0,21,61,0,82,14,0,14,96
12/25/2004,GMU,SC,ASO,ES,Federal Contract Tower,0,5,5,0,10,0,4,22,0,26,0,9,27,0,36,2,0,2,38
12/26/2004,GMU,SC,ASO,ES,Federal Contract Tower,0,17,12,0,29,0,2,62,0,64,0,19,74,0,93,54,0,54,147
12/27/2004,GMU,SC,ASO,ES,Federal Contract Tower,0,21,16,0,37,0,14,89,0,103,0,35,105,0,140,72,0,72,212
12/28/2004,GMU,SC,ASO,ES,Federal Contract Tower,0,29,10,0,39,0,26,75,4,105,0,55,85,4,144,58,4,62,206
12/29/2004,GMU,SC,ASO,ES,Federal Contract Tower,0,14,14,0,28,0,21,98,2,121,0,35,112,2,149,76,0,76,225
12/30/2004,GMU,SC,ASO,ES,Federal Contract Tower,0,15,10,0,25,0,16,77,0,93,0,31,87,0,118,12,0,12,130
12/31/2004,GMU,SC,ASO,ES,Federal Contract Tower,0,13,12,0,25,0,9,73,0,82,0,22,85,0,107,14,0,14,121
01/01/2005,GMU,SC,ASO,ES,Federal Contract Tower,0,8,7,0,15,0,8,53,0,61,0,16,60,0,76,38,0,38,114
01/02/2005,GMU,SC,ASO,ES,Federal Contract Tower,0,15,25,0,40,0,7,78,0,85,0,22,103,0,125,40,0,40,165
01/03/2005,GMU,SC,ASO,ES,Federal Contract Tower,0,21,18,2,41,0,22,62,0,84,0,43,80,2,125,54,0,54,179
01/04/2005,GMU,SC,ASO,ES,Federal Contract Tower,0,29,15,0,44,0,17,88,0,105,0,46,103,0,149,52,0,52,201
01/05/2005,GMU,SC,ASO,ES,Federal Contract Tower,0,36,17,0,53,0,25,68,2,95,0,61,85,2,148,50,0,50,198
01/06/2005,GMU,SC,ASO,ES,Federal Contract Tower,0,36,20,0,56,0,6,9,0,15,0,42,29,0,71,4,0,4,75
01/07/2005,GMU,SC,ASO,ES,Federal Contract Tower,0,30,27,1,58,0,6,61,1,68,0,36,88,2,126,40,0,40,166
01/08/2005,GMU,SC,ASO,ES,Federal Contract Tower,0,6,18,0,24,0,2,25,3,30,0,8,43,3,54,36,6,42,96
01/09/2005,GMU,SC,ASO,ES,Federal Contract Tower,0,14,14,0,28,0,11,113,2,126,0,25,127,2,154,58,0,58,212
01/10/2005,GMU,SC,ASO,ES,Federal Contract Tower,0,30,15,0,45,0,21,94,0,115,0,51,109,0,160,87,2,89,249
01/11/2005,GMU,SC,ASO,ES,Federal Contract Tower,0,41,24,0,65,0,23,81,2,106,0,64,105,2,171,98,0,98,269
01/12/2005,GMU,SC,ASO,ES,Federal Contract Tower,0,51,26,0,77,0,14,38,0,52,0,65,64,0,129,20,0,20,149
01/13/2005,GMU,SC,ASO,ES,Federal Contract Tower,0,32,9,0,41,0,15,22,0,37,0,47,31,0,78,66,6,72,150
01/14/2005,GMU,SC,ASO,ES,Federal Contract Tower,0,44,12,0,56,0,19,59,0,78,0,63,71,0,134,64,0,64,198
01/15/2005,GMU,SC,ASO,ES,Federal Contract Tower,0,20,14,0,34,0,5,99,4,108,0,25,113,4,142,44,4,48,190
01/16/2005,GMU,SC,ASO,ES,Federal Contract Tower,0,15,11,0,26,0,11,119,1,131,0,26,130,1,157,90,0,90,247
01/17/2005,GMU,SC,ASO,ES,Federal Contract Tower,0,41,13,0,54,0,24,82,0,106,0,65,95,0,160,60,0,60,220
01/18/2005,GMU,SC,ASO,ES,Federal Contract Tower,0,39,15,0,54,0,17,106,1,124,0,56,121,1,178,98,2,100,278
01/19/2005,GMU,SC,ASO,ES,Federal Contract Tower,0,29,16,0,45,0,16,58,0,74,0,45,74,0,119,74,2,76,195
01/20/2005,GMU,SC,ASO,ES,Federal Contract Tower,0,40,15,0,55,0,20,99,0,119,0,60,114,0,174,114,0,114,288
01/21/2005,GMU,SC,ASO,ES,Federal Contract Tower,0,35,26,0,61,0,16,82,1,99,0,51,108,1,160,56,2,58,218
01/22/2005,GMU,SC,ASO,ES,Federal Contract Tower,0,8,2,0,10,0,0,0,0,0,0,8,2,0,10,0,0,0,10
01/23/2005,GMU,SC,ASO,ES,Federal Contract Tower,0,9,5,0,14,0,6,44,0,50,0,15,49,0,64,22,0,22,86
01/24/2005,GMU,SC,ASO,ES,Federal Contract Tower,0,36,9,0,45,0,26,70,2,98,0,62,79,2,143,96,2,98,241
01/25/2005,GMU,SC,ASO,ES,Federal Contract Tower,0,35,17,0,52,0,11,113,0,124,0,46,130,0,176,98,4,102,278
01/26/2005,GMU,SC,ASO,ES,Federal Contract Tower,0,44,20,0,64,0,16,74,0,90,0,60,94,0,154,78,0,78,232
01/27/2005,GMU,SC,ASO,ES,Federal Contract Tower,0,29,21,0,50,0,24,78,2,104,0,53,99,2,154,56,0,56,210
01/28/2005,GMU,SC,ASO,ES,Federal Contract Tower,0,43,14,9,66,0,9,51,3,63,0,52,65,12,129,46,0,46,175
01/29/2005,GMU,SC,ASO,ES,Federal Contract Tower,0,1,0,0,1,0,0,0,0,0,0,1,0,0,1,0,0,0,1
01/30/2005,GMU,SC,ASO,ES,Federal Contract Tower,0,12,14,0,26,0,0,9,0,9,0,12,23,0,35,20,0,20,55
01/31/2005,GMU,SC,ASO,ES,Federal Contract Tower,0,39,17,0,56,0,22,104,0,126,0,61,121,0,182,148,0,148,330
02/01/2005,GMU,SC,ASO,ES,Federal Contract Tower,0,40,17,0,57,0,32,104,3,139,0,72,121,3,196,146,0,146,342
02/02/2005,GMU,SC,ASO,ES,Federal Contract Tower,0,28,10,0,38,0,12,36,0,48,0,40,46,0,86,60,0,60,146
02/03/2005,GMU,SC,ASO,ES,Federal Contract Tower,0,33,4,0,37,0,11,9,2,22,0,44,13,2,59,24,0,24,83
02/04/2005,GMU,SC,ASO,ES,Federal Contract Tower,0,39,25,0,64,0,14,101,0,115,0,53,126,0,179,92,0,92,271
02/05/2005,GMU,SC,ASO,ES,Federal Contract Tower,0,13,14,0,27,0,16,120,0,136,0,29,134,0,163,118,0,118,281
02/06/2005,GMU,SC,ASO,ES,Federal Contract Tower,0,19,16,0,35,0,10,80,0,90,0,29,96,0,125,82,2,84,209
02/07/2005,GMU,SC,ASO,ES,Federal Contract Tower,0,28,15,0,43,0,15,92,0,107,0,43,107,0,150,126,0,126,276
02/08/2005,GMU,SC,ASO,ES,Federal Contract Tower,0,33,20,0,53,0,29,79,0,108,0,62,99,0,161,86,0,86,247
02/09/2005,GMU,SC,ASO,ES,Federal Contract Tower,0,44,10,0,54,0,0,0,0,0,0,44,10,0,54,0,0,0,54
02/10/2005,GMU,SC,ASO,ES,Federal Contract Tower,0,40,33,0,73,0,21,57,0,78,0,61,90,0,151,54,2,56,207
02/11/2005,GMU,SC,ASO,ES,Federal Contract Tower,0,39,18,0,57,0,27,75,0,102,0,66,93,0,159,76,0,76,235
02/12/2005,GMU,SC,ASO,ES,Federal Contract Tower,0,5,10,1,16,0,2,139,1,142,0,7,149,2,158,74,0,74,232
02/13/2005,GMU,SC,ASO,ES,Federal Contract Tower,0,21,18,0,39,0,4,85,0,89,0,25,103,0,128,98,0,98,226
02/14/2005,GMU,SC,ASO,ES,Federal Contract Tower,0,25,15,0,40,0,11,7,0,18,0,36,22,0,58,34,0,34,92
02/15/2005,GMU,SC,ASO,ES,Federal Contract Tower,0,38,42,0,80,0,8,36,0,44,0,46,78,0,124,124,0,124,248
02/16/2005,GMU,SC,ASO,ES,Federal Contract Tower,0,39,19,0,58,0,20,41,1,62,0,59,60,1,120,72,0,72,192
02/17/2005,GMU,SC,ASO,ES,Federal Contract Tower,0,48,18,0,66,0,29,68,1,98,0,77,86,1,164,100,2,102,266
02/18/2005,GMU,SC,ASO,ES,Federal Contract Tower,0,30,24,0,54,0,21,110,0,131,0,51,134,0,185,68,0,68,253
02/19/2005,GMU,SC,ASO,ES,Federal Contract Tower,0,16,27,0,43,0,12,119,0,131,0,28,146,0,174,86,0,86,260
02/20/2005,GMU,SC,ASO,ES,Federal Contract Tower,0,14,19,0,33,0,1,18,1,20,0,15,37,1,53,20,0,20,73
02/21/2005,GMU,SC,ASO,ES,Federal Contract Tower,0,33,10,0,43,0,11,10,0,21,0,44,20,0,64,8,0,8,72
02/22/2005,GMU,SC,ASO,ES,Federal Contract Tower,0,37,26,0,63,0,28,104,0,132,0,65,130,0,195,176,0,176,371
02/23/2005,GMU,SC,ASO,ES,Federal Contract Tower,0,28,12,0,40,0,18,110,0,128,0,46,122,0,168,122,0,122,290
02/24/2005,GMU,SC,ASO,ES,Federal Contract Tower,0,23,27,0,50,0,12,19,0,31,0,35,46,0,81,60,0,60,141
02/25/2005,GMU,SC,ASO,ES,Federal Contract Tower,0,28,26,0,54,0,16,108,1,125,0,44,134,1,179,106,0,106,285
02/26/2005,GMU,SC,ASO,ES,Federal Contract Tower,0,7,15,0,22,0,9,183,0,192,0,16,198,0,214,146,0,146,360
02/27/2005,GMU,SC,ASO,ES,Federal Contract Tower,0,19,19,0,38,0,7,25,0,32,0,26,44,0,70,16,0,16,86
02/28/2005,GMU,SC,ASO,ES,Federal Contract Tower,0,23,13,0,36,0,5,3,0,8,0,28,16,0,44,10,0,10,54
03/01/2005,GMU,SC,ASO,ES,Federal Contract Tower,0,33,9,0,42,0,12,40,0,52,0,45,49,0,94,44,0,44,138
03/02/2005,GMU,SC,ASO,ES,Federal Contract Tower,0,56,22,0,78,0,19,98,0,117,0,75,120,0,195,170,0,170,365
03/03/2005,GMU,SC,ASO,ES,Federal Contract Tower,0,42,27,0,69,0,15,106,3,124,0,57,133,3,193,130,6,136,329
03/04/2005,GMU,SC,ASO,ES,Federal Contract Tower,0,45,19,0,64,0,31,105,0,136,0,76,124,0,200,56,0,56,256
03/05/2005,GMU,SC,ASO,ES,Federal Contract Tower,0,15,22,0,37,0,5,38,0,43,0,20,60,0,80,22,0,22,102
03/06/2005,GMU,SC,ASO,ES,Federal Contract Tower,0,28,17,0,45,0,9,117,1,127,0,37,134,1,172,44,2,46,218
03/07/2005,GMU,SC,ASO,ES,Federal Contract Tower,0,18,14,0,32,0,20,62,0,82,0,38,76,0,114,30,0,30,144
03/08/2005,GMU,SC,ASO,ES,Federal Contract Tower,0,54,9,0,63,0,15,25,0,40,0,69,34,0,103,18,0,18,121
03/09/2005,GMU,SC,ASO,ES,Federal Contract Tower,0,57,25,0,82,0,24,118,1,143,0,81,143,1,225,158,0,158,383
03/10/2005,GMU,SC,ASO,ES,Federal Contract Tower,0,36,15,0,51,0,22,117,2,141,0,58,132,2,192,160,4,164,356
03/11/2005,GMU,SC,ASO,ES,Federal Contract Tower,0,27,11,2,40,0,10,31,0,41,0,37,42,2,81,10,0,10,91
03/12/2005,GMU,SC,ASO,ES,Federal Contract Tower,0,14,7,0,21,0,10,46,0,56,0,24,53,0,77,10,0,10,87
03/13/2005,GMU,SC,ASO,ES,Federal Contract Tower,0,28,12,0,40,0,10,77,2,89,0,38,89,2,129,50,0,50,179
03/14/2005,GMU,SC,ASO,ES,Federal Contract Tower,0,38,30,1,69,0,15,59,3,77,0,53,89,4,146,138,12,150,296
03/15/2005,GMU,SC,ASO,ES,Federal Contract Tower,0,36,21,0,57,0,29,127,0,156,0,65,148,0,213,206,0,206,419
03/16/2005,GMU,SC,ASO,ES,Federal Contract Tower,0,34,14,0,48,0,1,2,0,3,0,35,16,0,51,8,2,10,61
03/17/2005,GMU,SC,ASO,ES,Federal Contract Tower,0,28,7,0,35,0,6,12,0,18,0,34,19,0,53,32,0,32,85
03/18/2005,GMU,SC,ASO,ES,Federal Contract Tower,0,36,19,0,55,0,26,136,1,163,0,62,155,1,218,164,2,166,384
03/19/2005,GMU,SC,ASO,ES,Federal Contract Tower,0,12,12,2,26,0,10,145,4,159,0,22,157,6,185,122,10,132,317
03/20/2005,GMU,SC,ASO,ES,Federal Contract Tower,0,16,14,0,30,0,4,89,0,93,0,20,103,0,123,56,0,56,179
03/21/2005,GMU,SC,ASO,ES,Federal Contract Tower,0,31,16,0,47,0,20,87,0,107,0,51,103,0,154,174,0,174,328
03/22/2005,GMU,SC,ASO,ES,Federal Contract Tower,0,24,21,0,45,0,7,14,0,21,0,31,35,0,66,26,0,26,92
03/23/2005,GMU,SC,ASO,ES,Federal Contract Tower,0,43,18,0,61,0,18,39,0,57,0,61,57,0,118,36,6,42,160
03/24/2005,GMU,SC,ASO,ES,Federal Contract Tower,0,46,34,0,80,0,22,150,0,172,0,68,184,0,252,152,2,154,406
03/25/2005,GMU,SC,ASO,ES,Federal Contract Tower,0,26,26,0,52,0,10,98,0,108,0,36,124,0,160,168,8,176,336
03/26/2005,GMU,SC,ASO,ES,Federal Contract Tower,0,16,16,0,32,0,4,76,0,80,0,20,92,0,112,144,0,144,256
03/27/2005,GMU,SC,ASO,ES,Federal Contract Tower,0,8,3,0,11,0,0,0,0,0,0,8,3,0,11,0,0,0,11
03/28/2005,GMU,SC,ASO,ES,Federal Contract Tower,0,35,19,0,54,0,17,46,0,63,0,52,65,0,117,30,0,30,147
03/29/2005,GMU,SC,ASO,ES,Federal Contract Tower,0,32,30,0,62,0,24,128,0,152,0,56,158,0,214,124,2,126,340
03/30/2005,GMU,SC,ASO,ES,Federal Contract Tower,0,39,24,0,63,0,17,139,8,164,0,56,163,8,227,124,16,140,367
03/31/2005,GMU,SC,ASO,ES,Federal Contract Tower,0,0,19,2,21,0,23,28,0,51,0,23,47,2,72,0,50,50,122
04/01/2005,GMU,SC,ASO,ES,Federal Contract Tower,0,26,10,0,36,0,1,0,0,1,0,27,10,0,37,0,0,0,37
04/02/2005,GMU,SC,ASO,ES,Federal Contract Tower,0,12,7,0,19,0,3,18,0,21,0,15,25,0,40,8,0,8,48
04/03/2005,GMU,SC,ASO,ES,Federal Contract Tower,0,21,11,0,32,0,9,86,0,95,0,30,97,0,127,58,0,58,185
04/04/2005,GMU,SC,ASO,ES,Federal Contract Tower,0,22,21,0,43,0,19,115,2,136,0,41,136,2,179,116,9,125,304
04/05/2005,GMU,SC,ASO,ES,Federal Contract Tower,0,32,24,0,56,0,38,140,2,180,0,70,164,2,236,238,2,240,476
04/06/2005,GMU,SC,ASO,ES,Federal Contract Tower,0,39,18,0,57,0,16,110,0,126,0,55,128,0,183,100,6,106,289
04/07/2005,GMU,SC,ASO,ES,Federal Contract Tower,0,29,19,0,48,0,4,5,1,10,0,33,24,1,58,10,2,12,70
04/08/2005,GMU,SC,ASO,ES,Federal Contract Tower,0,43,25,0,68,0,3,8,0,11,0,46,33,0,79,26,0,26,105
04/09/2005,GMU,SC,ASO,ES,Federal Contract Tower,0,11,26,0,37,0,7,93,1,101,0,18,119,1,138,80,2,82,220
04/10/2005,GMU,SC,ASO,ES,Federal Contract Tower,0,21,19,0,40,0,4,132,1,137,0,25,151,1,177,72,0,72,249
04/11/2005,GMU,SC,ASO,ES,Federal Contract Tower,0,22,18,0,40,0,19,118,0,137,0,41,136,0,177,194,0,194,371
04/12/2005,GMU,SC,ASO,ES,Federal Contract Tower,0,46,23,0,69,0,13,50,0,63,0,59,73,0,132,110,2,112,244
04/13/2005,GMU,SC,ASO,ES,Federal Contract Tower,0,41,25,0,66,0,7,17,0,24,0,48,42,0,90,28,0,28,118
04/14/2005,GMU,SC,ASO,ES,Federal Contract Tower,0,41,16,0,57,0,31,105,1,137,0,72,121,1,194,168,6,174,368
04/15/2005,GMU,SC,ASO,ES,Federal Contract Tower,0,45,29,0,74,0,23,95,3,121,0,68,124,3,195,84,4,88,283
04/16/2005,GMU,SC,ASO,ES,Federal Contract Tower,0,5,4,0,9,0,4,88,4,96,0,9,92,4,105,40,2,42,147
04/17/2005,GMU,SC,ASO,ES,Federal Contract Tower,0,32,12,0,44,0,4,108,1,113,0,36,120,1,157,124,2,126,283
04/18/2005,GMU,SC,ASO,ES,Federal Contract Tower,0,30,14,0,44,0,13,115,0,128,0,43,129,0,172,86,2,88,260
04/19/2005,GMU,SC,ASO,ES,Federal Contract Tower,0,35,26,0,61,0,18,114,3,135,0,53,140,3,196,132,0,132,328
04/20/2005,GMU,SC,ASO,ES,Federal Contract Tower,0,33,26,0,59,0,22,115,4,141,0,55,141,4,200,144,4,148,348
04/21/2005,GMU,SC,ASO,ES,Federal Contract Tower,0,40,25,0,65,0,26,93,4,123,0,66,118,4,188,80,2,82,270
04/22/2005,GMU,SC,ASO,ES,Federal Contract Tower,0,44,16,0,60,0,15,48,2,65,0,59,64,2,125,14,2,16,141
04/23/2005,GMU,SC,ASO,ES,Federal Contract Tower,0,13,11,0,24,0,6,28,1,35,0,19,39,1,59,32,0,32,91
04/24/2005,GMU,SC,ASO,ES,Federal Contract Tower,0,30,12,0,42,0,13,42,0,55,0,43,54,0,97,44,0,44,141
04/25/2005,GMU,SC,ASO,ES,Federal Contract Tower,0,29,26,0,55,0,18,103,0,121,0,47,129,0,176,110,0,110,286
04/26/2005,GMU,SC,ASO,ES,Federal Contract Tower,0,40,22,0,62,0,8,60,0,68,0,48,82,0,130,118,2,120,250
04/27/2005,GMU,SC,ASO,ES,Federal Contract Tower,0,54,28,2,84,0,17,73,0,90,0,71,101,2,174,58,4,62,236
04/28/2005,GMU,SC,ASO,ES,Federal Contract Tower,0,44,25,2,71,0,24,147,2,173,0,68,172,4,244,126,4,130,374
04/29/2005,GMU,SC,ASO,ES,Federal Contract Tower,0,39,30,0,69,0,24,101,0,125,0,63,131,0,194,36,0,36,230
04/30/2005,GMU,SC,ASO,ES,Federal Contract Tower,0,20,7,0,27,0,14,41,1,56,0,34,48,1,83,92,0,92,175
05/01/2005,GMU,SC,ASO,ES,Federal Contract Tower,0,35,18,1,54,0,23,112,5,140,0,58,130,6,194,80,10,90,284
05/02/2005,GMU,SC,ASO,ES,Federal Contract Tower,0,32,12,0,44,0,21,102,1,124,0,53,114,1,168,84,6,90,258
05/03/2005,GMU,SC,ASO,ES,Federal Contract Tower,0,31,22,0,53,0,33,110,10,153,0,64,132,10,206,156,16,172,378
05/04/2005,GMU,SC,ASO,ES,Federal Contract Tower,0,51,21,0,72,0,21,105,0,126,0,72,126,0,198,120,74,194,392
05/05/2005,GMU,SC,ASO,ES,Federal Contract Tower,0,46,17,0,63,0,11,31,9,51,0,57,48,9,114,52,12,64,178
05/06/2005,GMU,SC,ASO,ES,Federal Contract Tower,0,28,25,1,54,0,14,81,10,105,0,42,106,11,159,50,54,104,263
05/07/2005,GMU,SC,ASO,ES,Federal Contract Tower,0,17,24,0,41,0,13,99,8,120,0,30,123,8,161,58,6,64,225
05/08/2005,GMU,SC,ASO,ES,Federal Contract Tower,0,16,18,0,34,0,7,84,3,94,0,23,102,3,128,74,0,74,202
05/09/2005,GMU,SC,ASO,ES,Federal Contract Tower,0,32,14,0,46,0,29,108,1,138,0,61,122,1,184,168,4,172,356
05/10/2005,GMU,SC,ASO,ES,Federal Contract Tower,0,34,23,0,57,0,14,85,3,102,0,48,108,3,159,34,6,40,199
05/11/2005,GMU,SC,ASO,ES,Federal Contract Tower,0,36,21,0,57,0,19,102,0,121,0,55,123,0,178,168,0,168,346
05/12/2005,GMU,SC,ASO,ES,Federal Contract Tower,0,51,11,1,63,0,42,135,4,181,0,93,146,5,244,104,10,114,358
05/13/2005,GMU,SC,ASO,ES,Federal Contract Tower,0,35,45,0,80,0,13,41,2,56,0,48,86,2,136,58,4,62,198
05/14/2005,GMU,SC,ASO,ES,Federal Contract Tower,0,10,13,0,23,0,10,70,0,80,0,20,83,0,103,60,0,60,163
05/15/2005,GMU,SC,ASO,ES,Federal Contract Tower,0,18,10,0,28,0,2,13,0,15,0,20,23,0,43,20,0,20,63
05/16/2005,GMU,SC,ASO,ES,Federal Contract Tower,0,30,26,0,56,0,26,112,0,138,0,56,138,0,194,86,0,86,280
05/17/2005,GMU,SC,ASO,ES,Federal Contract Tower,0,30,33,0,63,0,43,76,0,119,0,73,109,0,182,180,2,182,364
05/18/2005,GMU,SC,ASO,ES,Federal Contract Tower,0,49,28,0,77,0,25,83,4,112,0,74,111,4,189,90,22,112,301
05/19/2005,GMU,SC,ASO,ES,Federal Contract Tower,0,30,37,0,67,0,19,47,1,67,0,49,84,1,134,66,2,68,202
05/20/2005,GMU,SC,ASO,ES,Federal Contract Tower,0,21,11,0,32,0,9,23,0,32,0,30,34,0,64,30,0,30,94
05/21/2005,GMU,SC,ASO,ES,Federal Contract Tower,0,8,16,0,24,0,8,95,2,105,0,16,111,2,129,44,8,52,181
05/22/2005,GMU,SC,ASO,ES,Federal Contract Tower,0,16,17,0,33,0,11,69,0,80,0,27,86,0,113,112,0,112,225
05/23/2005,GMU,SC,ASO,ES,Federal Contract Tower,0,39,29,0,68,0,21,64,3,88,0,60,93,3,156,82,2,84,240
05/24/2005,GMU,SC,ASO,ES,Federal Contract Tower,0,38,23,1,62,0,16,77,5,98,0,54,100,6,160,24,0,24,184
05/25/2005,GMU,SC,ASO,ES,Federal Contract Tower,0,43,30,0,73,0,20,131,4,155,0,63,161,4,228,102,2,104,332
05/26/2005,GMU,SC,ASO,ES,Federal Contract Tower,0,52,24,0,76,0,26,115,7,148,0,78,139,7,224,66,0,66,290
05/27/2005,GMU,SC,ASO,ES,Federal Contract Tower,0,30,22,0,52,0,22,120,0,142,0,52,142,0,194,0,58,58,252
05/28/2005,GMU,SC,ASO,ES,Federal Contract Tower,0,5,10,0,15,0,4,72,0,76,0,9,82,0,91,0,94,94,185
05/29/2005,GMU,SC,ASO,ES,Federal Contract Tower,0,12,15,0,27,0,12,73,0,85,0,24,88,0,112,0,76,76,188
05/30/2005,GMU,SC,ASO,ES,Federal Contract Tower,0,19,36,0,55,0,18,15,0,33,0,37,51,0,88,64,0,64,152
05/31/2005,GMU,SC,ASO,ES,Federal Contract Tower,0,29,22,0,51,0,11,33,0,44,0,40,55,0,95,36,0,36,131
06/01/2005,GMU,SC,ASO,ES,Federal Contract Tower,0,31,11,0,42,0,0,0,0,0,0,31,11,0,42,0,0,0,42
06/02/2005,GMU,SC,ASO,ES,Federal Contract Tower,0,42,23,0,65,0,5,4,0,9,0,47,27,0,74,4,0,4,78
06/03/2005,GMU,SC,ASO,ES,Federal Contract Tower,0,41,27,0,68,0,0,2,0,2,0,41,29,0,70,0,0,0,70
06/04/2005,GMU,SC,ASO,ES,Federal Contract Tower,0,21,23,0,44,0,8,92,0,100,0,29,115,0,144,100,0,100,244
06/05/2005,GMU,SC,ASO,ES,Federal Contract Tower,0,24,18,0,42,0,5,86,2,93,0,29,104,2,135,72,0,72,207
06/06/2005,GMU,SC,ASO,ES,Federal Contract Tower,0,38,21,0,59,0,12,82,0,94,0,50,103,0,153,140,0,140,293
06/07/2005,GMU,SC,ASO,ES,Federal Contract Tower,0,48,34,0,82,0,25,86,0,111,0,73,120,0,193,158,6,164,357
06/08/2005,GMU,SC,ASO,ES,Federal Contract Tower,0,53,26,0,79,0,21,39,0,60,0,74,65,0,139,72,0,72,211
06/09/2005,GMU,SC,ASO,ES,Federal Contract Tower,0,35,32,0,67,0,9,30,0,39,0,44,62,0,106,80,9,89,195
06/10/2005,GMU,SC,ASO,ES,Federal Contract Tower,0,44,32,0,76,0,3,38,0,41,0,47,70,0,117,44,0,44,161
06/11/2005,GMU,SC,ASO,ES,Federal Contract Tower,0,16,22,0,38,0,3,33,2,38,0,19,55,2,76,84,0,84,160
06/12/2005,GMU,SC,ASO,ES,Federal Contract Tower,0,14,0,0,14,0,7,31,0,38,0,21,31,0,52,34,0,34,86
06/13/2005,GMU,SC,ASO,ES,Federal Contract Tower,0,22,36,0,58,0,15,94,0,109,0,37,130,0,167,90,0,90,257
06/14/2005,GMU,SC,ASO,ES,Federal Contract Tower,0,43,28,0,71,0,26,106,0,132,0,69,134,0,203,90,0,90,293
06/15/2005,GMU,SC,ASO,ES,Federal Contract Tower,0,41,20,0,61,0,19,117,2,138,0,60,137,2,199,76,0,76,275
06/16/2005,GMU,SC,ASO,ES,Federal Contract Tower,0,57,35,0,92,0,25,119,3,147,0,82,154,3,239,44,32,76,315
06/17/2005,GMU,SC,ASO,ES,Federal Contract Tower,0,30,21,0,51,0,21,107,3,131,0,51,128,3,182,76,2,78,260
06/18/2005,GMU,SC,ASO,ES,Federal Contract Tower,0,13,17,0,30,0,6,65,0,71,0,19,82,0,101,32,0,32,133
06/19/2005,GMU,SC,ASO,ES,Federal Contract Tower,0,23,19,0,42,0,6,38,0,44,0,29,57,0,86,34,0,34,120
06/20/2005,GMU,SC,ASO,ES,Federal Contract Tower,0,42,34,0,76,0,11,58,0,69,0,53,92,0,145,48,0,48,193
06/21/2005,GMU,SC,ASO,ES,Federal Contract Tower,0,62,25,2,89,0,15,82,3,100,0,77,107,5,189,74,0,74,263
06/22/2005,GMU,SC,ASO,ES,Federal Contract Tower,0,47,52,0,99,0,22,102,0,124,0,69,154,0,223,90,2,92,315
06/23/2005,GMU,SC,ASO,ES,Federal Contract Tower,0,40,41,0,81,0,14,94,4,112,0,54,135,4,193,72,0,72,265
06/24/2005,GMU,SC,ASO,ES,Federal Contract Tower,0,35,18,0,53,0,13,109,0,122,0,48,127,0,175,88,0,88,263
06/25/2005,GMU,SC,ASO,ES,Federal Contract Tower,0,17,28,0,45,0,5,95,2,102,0,22,123,2,147,38,0,38,185
06/26/2005,GMU,SC,ASO,ES,Federal Contract Tower,0,22,29,0,51,0,4,33,0,37,0,26,62,0,88,68,0,68,156
06/27/2005,GMU,SC,ASO,ES,Federal Contract Tower,0,37,13,0,50,0,7,56,0,63,0,44,69,0,113,108,0,108,221
06/28/2005,GMU,SC,ASO,ES,Federal Contract Tower,0,56,15,0,71,0,14,36,0,50,0,70,51,0,121,68,0,68,189
06/29/2005,GMU,SC,ASO,ES,Federal Contract Tower,0,59,25,6,90,0,34,52,0,86,0,93,77,6,176,124,0,124,300
06/30/2005,GMU,SC,ASO,ES,Federal Contract Tower,0,51,29,0,80,0,18,95,0,113,0,69,124,0,193,54,2,56,249
07/01/2005,GMU,SC,ASO,ES,Federal Contract Tower,0,29,29,3,61,0,14,63,0,77,0,43,92,3,138,24,4,28,166
07/02/2005,GMU,SC,ASO,ES,Federal Contract Tower,0,20,27,0,47,0,3,73,0,76,0,23,100,0,123,20,0,20,143
07/03/2005,GMU,SC,ASO,ES,Federal Contract Tower,0,9,9,0,18,0,0,7,0,7,0,9,16,0,25,14,0,14,39
07/04/2005,GMU,SC,ASO,ES,Federal Contract Tower,0,11,20,0,31,0,11,34,0,45,0,22,54,0,76,112,0,112,188
07/05/2005,GMU,SC,ASO,ES,Federal Contract Tower,0,32,31,0,63,0,15,68,1,84,0,47,99,1,147,72,2,74,221
07/06/2005,GMU,SC,ASO,ES,Federal Contract Tower,0,29,23,0,52,0,18,91,1,110,0,47,114,1,162,178,2,180,342
07/07/2005,GMU,SC,ASO,ES,Federal Contract Tower,0,51,15,0,66,0,13,11,0,24,0,64,26,0,90,20,2,22,112
07/08/2005,GMU,SC,ASO,ES,Federal Contract Tower,0,49,15,0,64,0,30,106,0,136,0,79,121,0,200,48,0,48,248
07/09/2005,GMU,SC,ASO,ES,Federal Contract Tower,0,14,14,0,28,0,7,99,0,106,0,21,113,0,134,42,0,42,176
07/10/2005,GMU,SC,ASO,ES,Federal Contract Tower,0,13,11,0,24,0,9,43,0,52,0,22,54,0,76,24,0,24,100
07/11/2005,GMU,SC,ASO,ES,Federal Contract Tower,0,19,9,0,28,0,5,25,0,30,0,24,34,0,58,10,14,24,82
07/12/2005,GMU,SC,ASO,ES,Federal Contract Tower,0,44,15,0,59,0,16,54,0,70,0,60,69,0,129,38,0,38,167
07/13/2005,GMU,SC,ASO,ES,Federal Contract Tower,0,29,15,0,44,0,19,89,0,108,0,48,104,0,152,90,2,92,244
07/14/2005,GMU,SC,ASO,ES,Federal Contract Tower,0,38,27,0,65,0,23,32,2,57,0,61,59,2,122,24,0,24,146
07/15/2005,GMU,SC,ASO,ES,Federal Contract Tower,0,50,21,0,71,0,12,38,0,50,0,62,59,0,121,48,0,48,169
07/16/2005,GMU,SC,ASO,ES,Federal Contract Tower,0,21,24,0,45,0,5,48,0,53,0,26,72,0,98,10,0,10,108
07/17/2005,GMU,SC,ASO,ES,Federal Contract Tower,0,22,20,0,42,0,13,67,0,80,0,35,87,0,122,58,0,58,180
07/18/2005,GMU,SC,ASO,ES,Federal Contract Tower,0,52,16,1,69,0,24,100,1,125,0,76,116,2,194,98,0,98,292
07/19/2005,GMU,SC,ASO,ES,Federal Contract Tower,0,41,25,0,66,0,24,84,0,108,0,65,109,0,174,42,2,44,218
07/20/2005,GMU,SC,ASO,ES,Federal Contract Tower,0,59,10,0,69,0,13,88,0,101,0,72,98,0,170,54,2,56,226
07/21/2005,GMU,SC,ASO,ES,Federal Contract Tower,0,52,22,0,74,0,22,102,0,124,0,74,124,0,198,80,0,80,278
07/22/2005,GMU,SC,ASO,ES,Federal Contract Tower,0,35,24,1,60,0,18,64,1,83,0,53,88,2,143,50,0,50,193
07/23/2005,GMU,SC,ASO,ES,Federal Contract Tower,0,11,19,0,30,0,11,97,0,108,0,22,116,0,138,50,0,50,188
07/24/2005,GMU,SC,ASO,ES,Federal Contract Tower,0,27,17,0,44,0,4,84,0,88,0,31,101,0,132,60,0,60,192
07/25/2005,GMU,SC,ASO,ES,Federal Contract Tower,0,35,18,0,53,0,17,87,2,106,0,52,105,2,159,44,0,44,203
07/26/2005,GMU,SC,ASO,ES,Federal Contract Tower,0,40,21,0,61,0,14,95,0,109,0,54,116,0,170,56,0,56,226
07/27/2005,GMU,SC,ASO,ES,Federal Contract Tower,0,41,13,0,54,0,18,73,0,91,0,59,86,0,145,44,0,44,189
07/28/2005,GMU,SC,ASO,ES,Federal Contract Tower,0,30,24,0,54,0,30,64,1,95,0,60,88,1,149,46,0,46,195
07/29/2005,GMU,SC,ASO,ES,Federal Contract Tower,0,33,18,0,51,0,0,2,0,2,0,33,20,0,53,0,0,0,53
07/30/2005,GMU,SC,ASO,ES,Federal Contract Tower,0,14,19,0,33,0,5,6,0,11,0,19,25,0,44,48,0,48,92
07/31/2005,GMU,SC,ASO,ES,Federal Contract Tower,0,10,12,0,22,0,10,12,0,22,0,20,24,0,44,4,0,4,48
08/01/2005,GMU,SC,ASO,ES,Federal Contract Tower,0,37,12,0,49,0,32,96,2,130,0,69,108,2,179,122,0,122,301
08/02/2005,GMU,SC,ASO,ES,Federal Contract Tower,0,40,23,0,63,0,14,121,2,137,0,54,144,2,200,62,0,62,262
08/03/2005,GMU,SC,ASO,ES,Federal Contract Tower,0,44,18,0,62,0,27,116,0,143,0,71,134,0,205,76,0,76,281
08/04/2005,GMU,SC,ASO,ES,Federal Contract Tower,0,56,21,0,77,0,27,94,4,125,0,83,115,4,202,54,2,56,258
08/05/2005,GMU,SC,ASO,ES,Federal Contract Tower,0,29,34,0,63,0,22,63,2,87,0,51,97,2,150,0,60,60,210
08/06/2005,GMU,SC,ASO,ES,Federal Contract Tower,0,11,14,1,26,0,4,48,11,63,0,15,62,12,89,64,0,64,153
08/07/2005,GMU,SC,ASO,ES,Federal Contract Tower,0,27,9,0,36,0,3,11,0,14,0,30,20,0,50,26,0,26,76
08/08/2005,GMU,SC,ASO,ES,Federal Contract Tower,0,27,11,1,39,0,4,26,0,30,0,31,37,1,69,100,2,102,171
08/09/2005,GMU,SC,ASO,ES,Federal Contract Tower,0,36,17,0,53,0,9,27,2,38,0,45,44,2,91,40,0,40,131
08/10/2005,GMU,SC,ASO,ES,Federal Contract Tower,0,57,34,0,91,0,15,63,0,78,0,72,97,0,169,28,0,28,197
08/11/2005,GMU,SC,ASO,ES,Federal Contract Tower,0,41,24,0,65,0,14,69,0,83,0,55,93,0,148,64,0,64,212
08/12/2005,GMU,SC,ASO,ES,Federal Contract Tower,0,45,26,0,71,0,10,81,4,95,0,55,107,4,166,86,0,86,252
08/13/2005,GMU,SC,ASO,ES,Federal Contract Tower,0,16,0,0,16,0,0,80,4,84,0,16,80,4,100,38,0,38,138
08/14/2005,GMU,SC,ASO,ES,Federal Contract Tower,0,21,12,0,33,0,5,64,0,69,0,26,76,0,102,18,0,18,120
08/15/2005,GMU,SC,ASO,ES,Federal Contract Tower,0,34,19,0,53,0,19,90,2,111,0,53,109,2,164,94,0,94,258
08/16/2005,GMU,SC,ASO,ES,Federal Contract Tower,0,47,17,0,64,0,11,77,2,90,0,58,94,2,154,84,0,84,238
08/17/2005,GMU,SC,ASO,ES,Federal Contract Tower,0,50,21,0,71,0,28,74,0,102,0,78,95,0,173,54,0,54,227
08/18/2005,GMU,SC,ASO,ES,Federal Contract Tower,0,44,26,0,70,0,20,29,5,54,0,64,55,5,124,52,0,52,176
08/19/2005,GMU,SC,ASO,ES,Federal Contract Tower,0,35,24,1,60,0,13,80,1,94,0,48,104,2,154,120,0,120,274
08/20/2005,GMU,SC,ASO,ES,Federal Contract Tower,0,13,10,0,23,0,6,89,0,95,0,19,99,0,118,24,0,24,142
08/21/2005,GMU,SC,ASO,ES,Federal Contract Tower,0,24,15,0,39,0,14,76,1,91,0,38,91,1,130,48,0,48,178
08/22/2005,GMU,SC,ASO,ES,Federal Contract Tower,0,42,16,0,58,0,15,67,0,82,0,57,83,0,140,80,0,80,220
08/23/2005,GMU,SC,ASO,ES,Federal Contract Tower,0,45,27,1,73,0,10,14,1,25,0,55,41,2,98,34,0,34,132
08/24/2005,GMU,SC,ASO,ES,Federal Contract Tower,0,56,22,0,78,0,14,35,2,51,0,70,57,2,129,54,0,54,183
08/25/2005,GMU,SC,ASO,ES,Federal Contract Tower,0,53,19,0,72,0,30,85,5,120,0,83,104,5,192,38,2,40,232
08/26/2005,GMU,SC,ASO,ES,Federal Contract Tower,0,34,16,0,50,0,16,75,1,92,0,50,91,1,142,50,0,50,192
08/27/2005,GMU,SC,ASO,ES,Federal Contract Tower,0,13,13,0,26,0,4,70,0,74,0,17,83,0,100,46,0,46,146
08/28/2005,GMU,SC,ASO,ES,Federal Contract Tower,0,16,10,0,26,0,7,69,2,78,0,23,79,2,104,28,0,28,132
08/29/2005,GMU,SC,ASO,ES,Federal Contract Tower,0,29,13,0,42,0,4,41,2,47,0,33,54,2,89,22,0,22,111
08/30/2005,GMU,SC,ASO,ES,Federal Contract Tower,0,31,4,0,35,0,10,13,0,23,0,41,17,0,58,8,0,8,66
08/31/2005,GMU,SC,ASO,ES,Federal Contract Tower,0,25,14,0,39,0,21,79,4,104,0,46,93,4,143,88,0,88,231
09/01/2005,GMU,SC,ASO,ES,Federal Contract Tower,0,39,26,0,65,0,30,125,3,158,0,69,151,3,223,96,0,96,319
09/02/2005,GMU,SC,ASO,ES,Federal Contract Tower,0,29,27,0,56,0,11,104,2,117,0,40,131,2,173,50,0,50,223
09/03/2005,GMU,SC,ASO,ES,Federal Contract Tower,0,12,10,2,24,0,20,54,4,78,0,32,64,6,102,58,0,58,160
09/04/2005,GMU,SC,ASO,ES,Federal Contract Tower,0,18,14,0,32,0,18,55,1,74,0,36,69,1,106,24,0,24,130
09/05/2005,GMU,SC,ASO,ES,Federal Contract Tower,0,28,16,0,44,0,27,98,6,131,0,55,114,6,175,38,0,38,213
09/06/2005,GMU,SC,ASO,ES,Federal Contract Tower,0,49,22,0,71,0,20,76,0,96,0,69,98,0,167,72,0,72,239
09/07/2005,GMU,SC,ASO,ES,Federal Contract Tower,0,45,15,0,60,0,24,102,2,128,0,69,117,2,188,62,0,62,250
09/08/2005,GMU,SC,ASO,ES,Federal Contract Tower,0,55,28,0,83,0,17,115,9,141,0,72,143,9,224,36,0,36,260
09/09/2005,GMU,SC,ASO,ES,Federal Contract Tower,0,40,18,0,58,0,11,119,3,133,0,51,137,3,191,76,0,76,267
09/10/2005,GMU,SC,ASO,ES,Federal Contract Tower,0,17,10,0,27,0,16,84,0,100,0,33,94,0,127,42,0,42,169
09/11/2005,GMU,SC,ASO,ES,Federal Contract Tower,0,20,5,0,25,0,6,61,3,70,0,26,66,3,95,28,0,28,123
09/12/2005,GMU,SC,ASO,ES,Federal Contract Tower,0,36,13,2,51,0,24,100,2,126,0,60,113,4,177,112,0,112,289
09/13/2005,GMU,SC,ASO,ES,Federal Contract Tower,0,58,19,2,79,0,13,92,6,111,0,71,111,8,190,102,2,104,294
09/14/2005,GMU,SC,ASO,ES,Federal Contract Tower,0,61,14,0,75,0,19,90,0,109,0,80,104,0,184,86,0,86,270
09/15/2005,GMU,SC,ASO,ES,Federal Contract Tower,0,29,20,0,49,0,24,88,1,113,0,53,108,1,162,138,8,146,308
09/16/2005,GMU,SC,ASO,ES,Federal Contract Tower,0,48,12,0,60,0,15,96,5,116,0,63,108,5,176,76,0,76,252
09/17/2005,GMU,SC,ASO,ES,Federal Contract Tower,0,13,14,0,27,0,10,103,2,115,0,23,117,2,142,102,0,102,244
09/18/2005,GMU,SC,ASO,ES,Federal Contract Tower,0,21,16,0,37,0,10,101,0,111,0,31,117,0,148,80,0,80,228
09/19/2005,GMU,SC,ASO,ES,Federal Contract Tower,0,33,19,0,52,0,12,94,0,106,0,45,113,0,158,132,0,132,290
09/20/2005,GMU,SC,ASO,ES,Federal Contract Tower,0,28,19,0,47,0,23,84,8,115,0,51,103,8,162,98,0,98,260
09/21/2005,GMU,SC,ASO,ES,Federal Contract Tower,0,53,21,0,74,0,49,100,1,150,0,102,121,1,224,136,0,136,360
09/22/2005,GMU,SC,ASO,ES,Federal Contract Tower,0,48,25,0,73,0,16,101,16,133,0,64,126,16,206,179,4,183,389
09/23/2005,GMU,SC,ASO,ES,Federal Contract Tower,0,32,24,0,56,0,19,124,4,147,0,51,148,4,203,132,0,132,335
09/24/2005,GMU,SC,ASO,ES,Federal Contract Tower,0,14,12,0,26,0,13,102,7,122,0,27,114,7,148,100,0,100,248
09/25/2005,GMU,SC,ASO,ES,Federal Contract Tower,0,19,28,6,53,0,9,46,4,59,0,28,74,10,112,42,0,42,154
09/26/2005,GMU,SC,ASO,ES,Federal Contract Tower,0,36,20,0,56,0,9,17,0,26,0,45,37,0,82,14,0,14,96
09/27/2005,GMU,SC,ASO,ES,Federal Contract Tower,0,28,22,0,50,0,18,107,0,125,0,46,129,0,175,62,2,64,239
09/28/2005,GMU,SC,ASO,ES,Federal Contract Tower,0,42,35,4,81,0,22,79,2,103,0,64,114,6,184,72,0,72,256
09/29/2005,GMU,SC,ASO,ES,Federal Contract Tower,0,44,29,4,77,0,20,41,0,61,0,64,70,4,138,48,0,48,186
09/30/2005,GMU,SC,ASO,ES,Federal Contract Tower,0,26,24,0,50,0,25,108,4,137,0,51,132,4,187,80,2,82,269
10/01/2005,GMU,SC,ASO,ES,Federal Contract Tower,0,9,14,0,23,0,19,110,0,129,0,28,124,0,152,132,0,132,284
10/02/2005,GMU,SC,ASO,ES,Federal Contract Tower,0,19,25,0,44,0,4,53,1,58,0,23,78,1,102,58,0,58,160
10/03/2005,GMU,SC,ASO,ES,Federal Contract Tower,0,43,19,0,62,0,14,76,7,97,0,57,95,7,159,80,2,82,241
10/04/2005,GMU,SC,ASO,ES,Federal Contract Tower,0,37,17,0,54,0,21,113,0,134,0,58,130,0,188,90,0,90,278
10/05/2005,GMU,SC,ASO,ES,Federal Contract Tower,0,47,39,0,86,0,8,35,0,43,0,55,74,0,129,110,2,112,241
10/06/2005,GMU,SC,ASO,ES,Federal Contract Tower,0,41,19,0,60,0,0,0,0,0,0,41,19,0,60,0,0,0,60
10/07/2005,GMU,SC,ASO,ES,Federal Contract Tower,0,56,14,0,70,0,0,0,0,0,0,56,14,0,70,0,2,2,72
10/08/2005,GMU,SC,ASO,ES,Federal Contract Tower,0,13,20,4,37,0,5,98,2,105,0,18,118,6,142,96,0,96,238
10/09/2005,GMU,SC,ASO,ES,Federal Contract Tower,0,25,25,2,52,0,4,58,0,62,0,29,83,2,114,920,0,920,1034
10/10/2005,GMU,SC,ASO,ES,Federal Contract Tower,0,30,0,0,30,0,14,48,0,62,0,44,48,0,92,22,0,22,114
10/11/2005,GMU,SC,ASO,ES,Federal Contract Tower,0,58,28,0,86,0,14,74,0,88,0,72,102,0,174,62,0,62,236
10/12/2005,GMU,SC,ASO,ES,Federal Contract Tower,0,74,31,0,105,0,21,96,0,117,0,95,127,0,222,140,0,140,362
10/13/2005,GMU,SC,ASO,ES,Federal Contract Tower,0,62,51,0,113,0,9,51,5,65,0,71,102,5,178,124,0,124,302
10/14/2005,GMU,SC,ASO,ES,Federal Contract Tower,0,53,20,2,75,0,25,106,7,138,0,78,126,9,213,170,0,170,383
10/15/2005,GMU,SC,ASO,ES,Federal Contract Tower,0,13,9,2,24,0,35,111,0,146,0,48,120,2,170,154,0,154,324
10/16/2005,GMU,SC,ASO,ES,Federal Contract Tower,0,29,18,0,47,0,29,112,3,144,0,58,130,3,191,66,0,66,257
10/17/2005,GMU,SC,ASO,ES,Federal Contract Tower,0,45,16,0,61,0,20,101,0,121,0,65,117,0,182,210,0,210,392
10/18/2005,GMU,SC,ASO,ES,Federal Contract Tower,0,45,19,0,64,0,26,108,0,134,0,71,127,0,198,80,0,80,278
10/19/2005,GMU,SC,ASO,ES,Federal Contract Tower,0,69,25,0,94,0,30,119,2,151,0,99,144,2,245,178,0,178,423
10/20/2005,GMU,SC,ASO,ES,Federal Contract Tower,0,62,19,0,81,0,15,110,0,125,0,77,129,0,206,102,0,102,308
10/21/2005,GMU,SC,ASO,ES,Federal Contract Tower,0,42,18,0,60,0,12,110,2,124,0,54,128,2,184,216,0,216,400
10/22/2005,GMU,SC,ASO,ES,Federal Contract Tower,0,23,15,0,38,0,19,81,0,100,0,42,96,0,138,54,0,54,192
10/23/2005,GMU,SC,ASO,ES,Federal Contract Tower,0,21,18,0,39,0,8,62,0,70,0,29,80,0,109,30,0,30,139
10/24/2005,GMU,SC,ASO,ES,Federal Contract Tower,0,38,8,0,46,0,11,64,0,75,0,49,72,0,121,122,2,124,245
10/25/2005,GMU,SC,ASO,ES,Federal Contract Tower,0,45,20,2,67,0,27,84,6,117,0,72,104,8,184,76,0,76,260
10/26/2005,GMU,SC,ASO,ES,Federal Contract Tower,0,55,23,0,78,0,20,102,0,122,0,75,125,0,200,260,0,260,460
10/27/2005,GMU,SC,ASO,ES,Federal Contract Tower,0,56,18,6,80,0,26,102,2,130,0,82,120,8,210,121,0,121,331
10/28/2005,GMU,SC,ASO,ES,Federal Contract Tower,0,40,13,2,55,0,25,89,0,114,0,65,102,2,169,190,0,190,359
10/29/2005,GMU,SC,ASO,ES,Federal Contract Tower,0,21,11,0,32,0,18,127,3,148,0,39,138,3,180,70,0,70,250
10/30/2005,GMU,SC,ASO,ES,Federal Contract Tower,0,19,11,0,30,0,7,75,0,82,0,26,86,0,112,18,0,18,130
10/31/2005,GMU,SC,ASO,ES,Federal Contract Tower,0,31,5,0,36,0,28,82,0,110,0,59,87,0,146,104,0,104,250
11/01/2005,GMU,SC,ASO,ES,Federal Contract Tower,0,58,15,0,73,0,31,115,4,150,0,89,130,4,223,136,0,136,359
11/02/2005,GMU,SC,ASO,ES,Federal Contract Tower,0,65,15,0,80,0,33,110,1,144,0,98,125,1,224,134,0,134,358
11/03/2005,GMU,SC,ASO,ES,Federal Contract Tower,0,61,30,0,91,0,29,112,4,145,0,90,142,4,236,132,0,132,368
11/04/2005,GMU,SC,ASO,ES,Federal Contract Tower,0,33,18,0,51,0,28,89,8,125,0,61,107,8,176,144,0,144,320
11/05/2005,GMU,SC,ASO,ES,Federal Contract Tower,0,14,12,0,26,0,16,165,0,181,0,30,177,0,207,96,0,96,303
11/06/2005,GMU,SC,ASO,ES,Federal Contract Tower,0,23,14,0,37,0,10,58,2,70,0,33,72,2,107,78,0,78,185
11/07/2005,GMU,SC,ASO,ES,Federal Contract Tower,0,33,16,0,49,0,15,86,12,113,0,48,102,12,162,188,0,188,350
11/08/2005,GMU,SC,ASO,ES,Federal Contract Tower,0,34,33,0,67,0,33,96,7,136,0,67,129,7,203,138,0,138,341
11/09/2005,GMU,SC,ASO,ES,Federal Contract Tower,0,45,32,0,77,0,20,100,4,124,0,65,132,4,201,44,0,44,245
11/10/2005,GMU,SC,ASO,ES,Federal Contract Tower,0,37,22,0,59,0,25,73,2,100,0,62,95,2,159,60,0,60,219
11/11/2005,GMU,SC,ASO,ES,Federal Contract Tower,0,43,24,2,69,0,18,108,12,138,0,61,132,14,207,0,0,0,207
11/12/2005,GMU,SC,ASO,ES,Federal Contract Tower,0,16,15,0,31,0,20,87,0,107,0,36,102,0,138,104,0,104,242
11/13/2005,GMU,SC,ASO,ES,Federal Contract Tower,0,32,19,0,51,0,9,62,0,71,0,41,81,0,122,18,0,18,140
11/14/2005,GMU,SC,ASO,ES,Federal Contract Tower,0,35,16,0,51,0,23,82,0,105,0,58,98,0,156,136,0,136,292
11/15/2005,GMU,SC,ASO,ES,Federal Contract Tower,0,54,28,0,82,0,11,25,0,36,0,65,53,0,118,42,0,42,160
11/16/2005,GMU,SC,ASO,ES,Federal Contract Tower,0,44,20,0,64,0,17,26,0,43,0,61,46,0,107,14,0,14,121
11/17/2005,GMU,SC,ASO,ES,Federal Contract Tower,0,47,25,1,73,0,22,77,1,100,0,69,102,2,173,40,0,40,213
11/18/2005,GMU,SC,ASO,ES,Federal Contract Tower,0,44,15,0,59,0,18,133,0,151,0,62,148,0,210,192,0,192,402
11/19/2005,GMU,SC,ASO,ES,Federal Contract Tower,0,11,8,0,19,0,15,117,6,138,0,26,125,6,157,88,0,88,245
11/20/2005,GMU,SC,ASO,ES,Federal Contract Tower,0,25,14,0,39,0,4,24,0,28,0,29,38,0,67,16,0,16,83
11/21/2005,GMU,SC,ASO,ES,Federal Contract Tower,0,34,16,0,50,0,0,0,0,0,0,34,16,0,50,0,0,0,50
11/22/2005,GMU,SC,ASO,ES,Federal Contract Tower,0,73,21,0,94,0,21,76,2,99,0,94,97,2,193,110,2,112,305
11/23/2005,GMU,SC,ASO,ES,Federal Contract Tower,0,34,38,0,72,0,38,86,0,124,0,72,124,0,196,24,0,24,220
11/24/2005,GMU,SC,ASO,ES,Federal Contract Tower,0,3,4,0,7,0,0,28,0,28,0,3,32,0,35,4,0,4,39
11/25/2005,GMU,SC,ASO,ES,Federal Contract Tower,0,17,10,0,27,0,26,98,0,124,0,43,108,0,151,72,0,72,223
11/26/2005,GMU,SC,ASO,ES,Federal Contract Tower,0,11,13,0,24,0,5,86,0,91,0,16,99,0,115,36,0,36,151
11/27/2005,GMU,SC,ASO,ES,Federal Contract Tower,0,35,41,0,76,0,2,12,0,14,0,37,53,0,90,22,0,22,112
11/28/2005,GMU,SC,ASO,ES,Federal Contract Tower,0,29,1,0,30,0,0,0,0,0,0,29,1,0,30,0,0,0,30
11/29/2005,GMU,SC,ASO,ES,Federal Contract Tower,0,59,13,1,73,0,18,32,5,55,0,77,45,6,128,18,4,22,150
11/30/2005,GMU,SC,ASO,ES,Federal Contract Tower,0,52,24,2,78,0,49,115,4,168,0,101,139,6,246,218,0,218,464
12/01/2005,GMU,SC,ASO,ES,Federal Contract Tower,0,35,18,0,53,0,38,95,4,137,0,73,113,4,190,96,0,96,286
12/02/2005,GMU,SC,ASO,ES,Federal Contract Tower,0,46,16,1,63,0,25,109,0,134,0,71,125,1,197,170,0,170,367
12/03/2005,GMU,SC,ASO,ES,Federal Contract Tower,0,25,8,0,33,0,4,60,2,66,0,29,68,2,99,62,0,62,161
12/04/2005,GMU,SC,ASO,ES,Federal Contract Tower,0,21,13,0,34,0,9,21,0,30,0,30,34,0,64,16,0,16,80
12/05/2005,GMU,SC,ASO,ES,Federal Contract Tower,0,48,11,0,59,0,0,0,0,0,0,48,11,0,59,0,0,0,59
12/06/2005,GMU,SC,ASO,ES,Federal Contract Tower,0,42,17,0,59,0,17,106,0,123,0,59,123,0,182,144,0,144,326
12/07/2005,GMU,SC,ASO,ES,Federal Contract Tower,0,39,26,0,65,0,21,107,0,128,0,60,133,0,193,124,0,124,317
12/08/2005,GMU,SC,ASO,ES,Federal Contract Tower,0,30,12,0,42,0,6,42,2,50,0,36,54,2,92,42,0,42,134
12/09/2005,GMU,SC,ASO,ES,Federal Contract Tower,0,45,19,0,64,0,21,87,2,110,0,66,106,2,174,100,4,104,278
12/10/2005,GMU,SC,ASO,ES,Federal Contract Tower,0,18,8,0,26,0,14,126,0,140,0,32,134,0,166,98,0,98,264
12/11/2005,GMU,SC,ASO,ES,Federal Contract Tower,0,17,7,0,24,0,8,58,0,66,0,25,65,0,90,18,0,18,108
12/12/2005,GMU,SC,ASO,ES,Federal Contract Tower,0,35,17,0,52,0,17,65,0,82,0,52,82,0,134,80,0,80,214
12/13/2005,GMU,SC,ASO,ES,Federal Contract Tower,0,61,16,0,77,0,24,112,0,136,0,85,128,0,213,72,0,72,285
12/14/2005,GMU,SC,ASO,ES,Federal Contract Tower,0,62,28,0,90,0,14,60,2,76,0,76,88,2,166,68,0,68,234
12/15/2005,GMU,SC,ASO,ES,Federal Contract Tower,0,11,0,0,11,0,0,0,0,0,0,11,0,0,11,0,0,0,11
12/16/2005,GMU,SC,ASO,ES,Federal Contract Tower,0,46,42,0,88,0,22,31,0,53,0,68,73,0,141,18,0,18,159
12/17/2005,GMU,SC,ASO,ES,Federal Contract Tower,0,13,10,0,23,0,9,45,0,54,0,22,55,0,77,36,0,36,113
12/18/2005,GMU,SC,ASO,ES,Federal Contract Tower,0,13,11,0,24,0,6,29,0,35,0,19,40,0,59,16,0,16,75
12/19/2005,GMU,SC,ASO,ES,Federal Contract Tower,0,50,3,0,53,0,13,68,0,81,0,63,71,0,134,42,0,42,176
12/20/2005,GMU,SC,ASO,ES,Federal Contract Tower,0,46,20,0,66,0,18,107,0,125,0,64,127,0,191,68,0,68,259
12/21/2005,GMU,SC,ASO,ES,Federal Contract Tower,0,40,10,0,50,0,31,89,0,120,0,71,99,0,170,38,2,40,210
12/22/2005,GMU,SC,ASO,ES,Federal Contract Tower,0,46,11,0,57,0,31,106,3,140,0,77,117,3,197,82,0,82,279
12/23/2005,GMU,SC,ASO,ES,Federal Contract Tower,0,28,14,0,42,0,15,93,0,108,0,43,107,0,150,54,0,54,204
12/24/2005,GMU,SC,ASO,ES,Federal Contract Tower,0,12,9,0,21,0,21,69,0,90,0,33,78,0,111,38,0,38,149
12/25/2005,GMU,SC,ASO,ES,Federal Contract Tower,0,5,5,0,10,0,0,3,0,3,0,5,8,0,13,0,0,0,13
12/26/2005,GMU,SC,ASO,ES,Federal Contract Tower,0,26,8,0,34,0,14,61,0,75,0,40,69,0,109,30,0,30,139
12/27/2005,GMU,SC,ASO,ES,Federal Contract Tower,0,25,11,0,36,0,11,92,0,103,0,36,103,0,139,68,0,68,207
12/28/2005,GMU,SC,ASO,ES,Federal Contract Tower,0,26,14,0,40,0,2,10,0,12,0,28,24,0,52,26,0,26,78
12/29/2005,GMU,SC,ASO,ES,Federal Contract Tower,0,22,13,0,35,0,23,71,2,96,0,45,84,2,131,34,0,34,165
12/30/2005,GMU,SC,ASO,ES,Federal Contract Tower,0,16,16,0,32,0,12,141,5,158,0,28,157,5,190,38,4,42,232
12/31/2005,GMU,SC,ASO,ES,Federal Contract Tower,0,9,11,0,20,0,3,32,0,35,0,12,43,0,55,6,0,6,61
01/01/2006,GMU,SC,ASO,ES,Federal Contract Tower,0,8,13,0,21,0,5,39,0,44,0,13,52,0,65,30,0,30,95
01/02/2006,GMU,SC,ASO,ES,Federal Contract Tower,0,18,5,0,23,0,0,0,0,0,0,18,5,0,23,0,0,0,23
01/03/2006,GMU,SC,ASO,ES,Federal Contract Tower,0,46,25,0,71,0,42,81,0,123,0,88,106,0,194,10,2,12,206
01/04/2006,GMU,SC,ASO,ES,Federal Contract Tower,0,22,18,1,41,0,12,104,2,118,0,34,122,3,159,4,0,4,163
01/05/2006,GMU,SC,ASO,ES,Federal Contract Tower,0,19,16,0,35,0,36,66,0,102,0,55,82,0,137,68,0,68,205
01/06/2006,GMU,SC,ASO,ES,Federal Contract Tower,0,36,10,3,49,0,19,54,6,79,0,55,64,9,128,32,4,36,164
01/07/2006,GMU,SC,ASO,ES,Federal Contract Tower,0,13,10,0,23,0,5,84,2,91,0,18,94,2,114,38,0,38,152
01/08/2006,GMU,SC,ASO,ES,Federal Contract Tower,0,19,16,0,35,0,17,65,6,88,0,36,81,6,123,10,0,10,133
01/09/2006,GMU,SC,ASO,ES,Federal Contract Tower,0,38,13,0,51,0,17,62,0,79,0,55,75,0,130,36,0,36,166
01/10/2006,GMU,SC,ASO,ES,Federal Contract Tower,0,35,23,0,58,0,20,52,0,72,0,55,75,0,130,80,10,90,220
01/11/2006,GMU,SC,ASO,ES,Federal Contract Tower,0,36,11,0,47,0,6,27,0,33,0,42,38,0,80,36,0,36,116
01/12/2006,GMU,SC,ASO,ES,Federal Contract Tower,0,47,17,0,64,0,33,83,6,122,0,80,100,6,186,82,0,82,268
01/13/2006,GMU,SC,ASO,ES,Federal Contract Tower,0,26,13,0,39,0,0,5,0,5,0,26,18,0,44,2,0,2,46
01/14/2006,GMU,SC,ASO,ES,Federal Contract Tower,0,18,9,0,27,0,6,28,0,34,0,24,37,0,61,8,0,8,69
01/15/2006,GMU,SC,ASO,ES,Federal Contract Tower,0,20,19,0,39,0,6,76,0,82,0,26,95,0,121,34,0,34,155
01/16/2006,GMU,SC,ASO,ES,Federal Contract Tower,0,38,18,0,56,0,21,96,0,117,0,59,114,0,173,98,0,98,271
01/17/2006,GMU,SC,ASO,ES,Federal Contract Tower,0,42,18,0,60,0,15,54,0,69,0,57,72,0,129,76,0,76,205
01/18/2006,GMU,SC,ASO,ES,Federal Contract Tower,0,47,11,0,58,0,19,51,0,70,0,66,62,0,128,0,0,0,128
01/19/2006,GMU,SC,ASO,ES,Federal Contract Tower,0,39,14,2,55,0,16,125,0,141,0,55,139,2,196,100,0,100,296
01/20/2006,GMU,SC,ASO,ES,Federal Contract Tower,0,38,12,0,50,0,19,142,6,167,0,57,154,6,217,96,0,96,313
01/21/2006,GMU,SC,ASO,ES,Federal Contract Tower,0,10,12,0,22,0,0,0,0,0,0,10,12,0,22,2,0,2,24
01/22/2006,GMU,SC,ASO,ES,Federal Contract Tower,0,25,13,0,38,0,1,3,0,4,0,26,16,0,42,12,0,12,54
01/23/2006,GMU,SC,ASO,ES,Federal Contract Tower,0,30,17,0,47,0,0,0,0,0,0,30,17,0,47,0,0,0,47
01/24/2006,GMU,SC,ASO,ES,Federal Contract Tower,0,46,14,0,60,0,19,69,0,88,0,65,83,0,148,66,0,66,214
01/25/2006,GMU,SC,ASO,ES,Federal Contract Tower,0,41,19,0,60,0,17,114,0,131,0,58,133,0,191,92,0,92,283
01/26/2006,GMU,SC,ASO,ES,Federal Contract Tower,0,45,22,0,67,0,36,102,2,140,0,81,124,2,207,100,0,100,307
01/27/2006,GMU,SC,ASO,ES,Federal Contract Tower,0,44,21,0,65,0,27,140,1,168,0,71,161,1,233,162,1,163,396
01/28/2006,GMU,SC,ASO,ES,Federal Contract Tower,0,14,13,6,33,0,16,127,0,143,0,30,140,6,176,112,0,112,288
01/29/2006,GMU,SC,ASO,ES,Federal Contract Tower,0,19,19,0,38,0,2,5,0,7,0,21,24,0,45,2,0,2,47
01/30/2006,GMU,SC,ASO,ES,Federal Contract Tower,0,18,30,0,48,0,17,73,0,90,0,35,103,0,138,36,2,38,176
01/31/2006,GMU,SC,ASO,ES,Federal Contract Tower,0,34,12,0,46,0,11,122,0,133,0,45,134,0,179,96,0,96,275
02/01/2006,GMU,SC,ASO,ES,Federal Contract Tower,0,36,19,0,55,0,32,99,1,132,0,68,118,1,187,60,6,66,253
02/02/2006,GMU,SC,ASO,ES,Federal Contract Tower,0,44,26,0,70,0,11,43,2,56,0,55,69,2,126,52,0,52,178
02/03/2006,GMU,SC,ASO,ES,Federal Contract Tower,0,37,23,2,62,0,31,90,1,122,0,68,113,3,184,92,0,92,276
02/04/2006,GMU,SC,ASO,ES,Federal Contract Tower,0,4,11,0,15,0,0,13,0,13,0,4,24,0,28,2,0,2,30
02/05/2006,GMU,SC,ASO,ES,Federal Contract Tower,0,13,16,0,29,0,5,67,1,73,0,18,83,1,102,22,2,24,126
02/06/2006,GMU,SC,ASO,ES,Federal Contract Tower,0,51,13,0,64,0,20,21,0,41,0,71,34,0,105,32,0,32,137
02/07/2006,GMU,SC,ASO,ES,Federal Contract Tower,0,47,11,1,59,0,19,84,4,107,0,66,95,5,166,84,0,84,250
02/08/2006,GMU,SC,ASO,ES,Federal Contract Tower,0,43,21,0,64,0,21,108,2,131,0,64,129,2,195,64,0,64,259
02/09/2006,GMU,SC,ASO,ES,Federal Contract Tower,0,36,23,0,59,0,27,87,8,122,0,63,110,8,181,144,10,154,335
02/10/2006,GMU,SC,ASO,ES,Federal Contract Tower,0,37,16,0,53,0,26,115,6,147,0,63,131,6,200,30,0,30,230
02/11/2006,GMU,SC,ASO,ES,Federal Contract Tower,0,13,2,0,15,0,0,0,0,0,0,13,2,0,15,0,0,0,15
02/12/2006,GMU,SC,ASO,ES,Federal Contract Tower,0,12,12,0,24,0,7,33,0,40,0,19,45,0,64,30,0,30,94
02/13/2006,GMU,SC,ASO,ES,Federal Contract Tower,0,31,19,0,50,0,15,99,1,115,0,46,118,1,165,40,10,50,215
02/14/2006,GMU,SC,ASO,ES,Federal Contract Tower,0,40,21,0,61,0,43,120,0,163,0,83,141,0,224,80,0,80,304
02/15/2006,GMU,SC,ASO,ES,Federal Contract Tower,0,52,22,0,74,0,46,103,0,149,0,98,125,0,223,78,6,84,307
02/16/2006,GMU,SC,ASO,ES,Federal Contract Tower,0,37,23,0,60,0,46,123,4,173,0,83,146,4,233,132,2,134,367
02/17/2006,GMU,SC,ASO,ES,Federal Contract Tower,0,35,23,0,58,0,38,112,3,153,0,73,135,3,211,90,0,90,301
02/18/2006,GMU,SC,ASO,ES,Federal Contract Tower,0,17,4,0,21,0,3,19,0,22,0,20,23,0,43,32,0,32,75
02/19/2006,GMU,SC,ASO,ES,Federal Contract Tower,0,7,9,0,16,0,5,46,0,51,0,12,55,0,67,6,0,6,73
02/20/2006,GMU,SC,ASO,ES,Federal Contract Tower,0,33,15,0,48,0,9,20,0,29,0,42,35,0,77,30,0,30,107
02/21/2006,GMU,SC,ASO,ES,Federal Contract Tower,0,66,10,0,76,0,18,95,2,115,0,84,105,2,191,64,0,64,255
02/22/2006,GMU,SC,ASO,ES,Federal Contract Tower,0,65,22,0,87,0,9,14,6,29,0,74,36,6,116,10,0,10,126
02/23/2006,GMU,SC,ASO,ES,Federal Contract Tower,0,39,16,0,55,0,24,47,2,73,0,63,63,2,128,72,0,72,200
02/24/2006,GMU,SC,ASO,ES,Federal Contract Tower,0,43,27,4,74,0,27,104,3,134,0,70,131,7,208,120,2,122,330
02/25/2006,GMU,SC,ASO,ES,Federal Contract Tower,0,16,17,3,36,0,12,52,0,64,0,28,69,3,100,100,0,100,200
02/26/2006,GMU,SC,ASO,ES,Federal Contract Tower,0,12,16,0,28,0,4,45,0,49,0,16,61,0,77,14,0,14,91
02/27/2006,GMU,SC,ASO,ES,Federal Contract Tower,0,24,18,0,42,0,42,68,0,110,0,66,86,0,152,62,0,62,214
02/28/2006,GMU,SC,ASO,ES,Federal Contract Tower,0,47,21,0,68,0,45,108,2,155,0,92,129,2,223,45,0,45,268
03/01/2006,GMU,SC,ASO,ES,Federal Contract Tower,0,33,16,0,49,0,30,107,3,140,0,63,123,3,189,26,0,26,215
03/02/2006,GMU,SC,ASO,ES,Federal Contract Tower,0,41,20,1,62,0,21,51,9,81,0,62,71,10,143,62,0,62,205
03/03/2006,GMU,SC,ASO,ES,Federal Contract Tower,0,38,21,0,59,0,40,108,2,150,0,78,129,2,209,48,0,48,257
03/04/2006,GMU,SC,ASO,ES,Federal Contract Tower,0,20,8,0,28,0,5,126,0,131,0,25,134,0,159,64,0,64,223
03/05/2006,GMU,SC,ASO,ES,Federal Contract Tower,0,23,14,0,37,0,7,93,2,102,0,30,107,2,139,44,0,44,183
03/06/2006,GMU,SC,ASO,ES,Federal Contract Tower,0,39,17,0,56,0,27,66,4,97,0,66,83,4,153,74,30,104,257
03/07/2006,GMU,SC,ASO,ES,Federal Contract Tower,0,42,19,0,61,0,20,96,0,116,0,62,115,0,177,76,0,76,253
03/08/2006,GMU,SC,ASO,ES,Federal Contract Tower,0,34,19,0,53,0,53,93,0,146,0,87,112,0,199,22,0,22,221
03/09/2006,GMU,SC,ASO,ES,Federal Contract Tower,0,31,21,0,52,0,28,96,12,136,0,59,117,12,188,56,0,56,244
03/10/2006,GMU,SC,ASO,ES,Federal Contract Tower,0,31,25,0,56,0,28,83,0,111,0,59,108,0,167,58,2,60,227
03/11/2006,GMU,SC,ASO,ES,Federal Contract Tower,0,23,22,0,45,0,7,39,0,46,0,30,61,0,91,24,0,24,115
03/12/2006,GMU,SC,ASO,ES,Federal Contract Tower,0,27,19,0,46,0,3,73,0,76,0,30,92,0,122,60,0,60,182
03/13/2006,GMU,SC,ASO,ES,Federal Contract Tower,0,39,15,0,54,0,4,51,4,59,0,43,66,4,113,30,2,32,145
03/14/2006,GMU,SC,ASO,ES,Federal Contract Tower,0,36,11,0,47,0,37,58,0,95,0,73,69,0,142,38,8,46,188
03/15/2006,GMU,SC,ASO,ES,Federal Contract Tower,0,38,25,0,63,0,50,133,0,183,0,88,158,0,246,174,0,174,420
03/16/2006,GMU,SC,ASO,ES,Federal Contract Tower,0,58,22,1,81,0,37,113,3,153,0,95,135,4,234,126,0,126,360
03/17/2006,GMU,SC,ASO,ES,Federal Contract Tower,0,33,21,6,60,0,33,108,10,151,0,66,129,16,211,106,0,106,317
03/18/2006,GMU,SC,ASO,ES,Federal Contract Tower,0,12,9,0,21,0,21,182,16,219,0,33,191,16,240,94,24,118,358
03/19/2006,GMU,SC,ASO,ES,Federal Contract Tower,0,28,8,0,36,0,17,53,2,72,0,45,61,2,108,28,0,28,136
03/20/2006,GMU,SC,ASO,ES,Federal Contract Tower,0,50,15,0,65,0,15,12,0,27,0,65,27,0,92,10,0,10,102
03/21/2006,GMU,SC,ASO,ES,Federal Contract Tower,0,44,18,0,62,0,0,9,0,9,0,44,27,0,71,2,0,2,73
03/22/2006,GMU,SC,ASO,ES,Federal Contract Tower,0,35,16,0,51,0,28,100,0,128,0,63,116,0,179,38,0,38,217
03/23/2006,GMU,SC,ASO,ES,Federal Contract Tower,0,32,17,0,49,0,26,71,4,101,0,58,88,4,150,110,8,118,268
03/24/2006,GMU,SC,ASO,ES,Federal Contract Tower,0,65,18,0,83,0,16,25,2,43,0,81,43,2,126,26,0,26,152
03/25/2006,GMU,SC,ASO,ES,Federal Contract Tower,0,12,16,0,28,0,17,82,0,99,0,29,98,0,127,74,0,74,201
03/26/2006,GMU,SC,ASO,ES,Federal Contract Tower,0,18,19,0,37,0,10,67,2,79,0,28,86,2,116,28,0,28,144
03/27/2006,GMU,SC,ASO,ES,Federal Contract Tower,0,43,22,3,68,0,20,75,13,108,0,63,97,16,176,82,0,82,258
03/28/2006,GMU,SC,ASO,ES,Federal Contract Tower,0,56,29,4,89,0,8,39,6,53,0,64,68,10,142,40,2,42,184
03/29/2006,GMU,SC,ASO,ES,Federal Contract Tower,0,72,23,2,97,0,38,85,18,141,0,110,108,20,238,92,0,92,330
03/30/2006,GMU,SC,ASO,ES,Federal Contract Tower,0,80,18,0,98,0,26,89,1,116,0,106,107,1,214,154,0,154,368
03/31/2006,GMU,SC,ASO,ES,Federal Contract Tower,0,53,17,0,70,0,22,56,0,78,0,75,73,0,148,70,0,70,218
04/01/2006,GMU,SC,ASO,ES,Federal Contract Tower,0,23,12,0,35,0,16,45,3,64,0,39,57,3,99,26,0,26,125
04/02/2006,GMU,SC,ASO,ES,Federal Contract Tower,0,35,15,0,50,0,7,84,2,93,0,42,99,2,143,26,0,26,169
04/03/2006,GMU,SC,ASO,ES,Federal Contract Tower,0,38,14,0,52,0,9,18,1,28,0,47,32,1,80,6,0,6,86
04/04/2006,GMU,SC,ASO,ES,Federal Contract Tower,0,67,21,0,88,0,30,107,6,143,0,97,128,6,231,110,0,110,341
04/05/2006,GMU,SC,ASO,ES,Federal Contract Tower,0,61,17,0,78,0,34,72,0,106,0,95,89,0,184,42,10,52,236
04/06/2006,GMU,SC,ASO,ES,Federal Contract Tower,0,56,26,0,82,0,36,117,1,154,0,92,143,1,236,128,0,128,364
04/07/2006,GMU,SC,ASO,ES,Federal Contract Tower,0,43,18,0,61,0,20,60,8,88,0,63,78,8,149,36,0,36,185
04/08/2006,GMU,SC,ASO,ES,Federal Contract Tower,0,21,10,0,31,0,4,13,0,17,0,25,23,0,48,62,0,62,110
04/09/2006,GMU,SC,ASO,ES,Federal Contract Tower,0,32,19,0,51,0,20,93,6,119,0,52,112,6,170,38,4,42,212
04/10/2006,GMU,SC,ASO,ES,Federal Contract Tower,0,32,19,0,51,0,30,99,0,129,0,62,118,0,180,70,0,70,250
04/11/2006,GMU,SC,ASO,ES,Federal Contract Tower,0,45,33,0,78,0,21,106,7,134,0,66,139,7,212,66,0,66,278
04/12/2006,GMU,SC,ASO,ES,Federal Contract Tower,0,57,21,2,80,0,18,86,7,111,0,75,107,9,191,80,0,80,271
04/13/2006,GMU,SC,ASO,ES,Federal Contract Tower,0,52,30,1,83,0,23,83,4,110,0,75,113,5,193,76,4,80,273
04/14/2006,GMU,SC,ASO,ES,Federal Contract Tower,0,32,24,0,56,0,16,81,2,99,0,48,105,2,155,32,2,34,189
04/15/2006,GMU,SC,ASO,ES,Federal Contract Tower,0,10,17,0,27,0,8,46,5,59,0,18,63,5,86,50,10,60,146
04/16/2006,GMU,SC,ASO,ES,Federal Contract Tower,0,22,15,0,37,0,10,23,2,35,0,32,38,2,72,0,0,0,72
04/17/2006,GMU,SC,ASO,ES,Federal Contract Tower,0,44,23,0,67,0,25,56,15,96,0,69,79,15,163,46,0,46,209
04/18/2006,GMU,SC,ASO,ES,Federal Contract Tower,0,63,29,0,92,0,18,78,0,96,0,81,107,0,188,72,0,72,260
04/19/2006,GMU,SC,ASO,ES,Federal Contract Tower,0,49,12,0,61,0,16,32,2,50,0,65,44,2,111,16,0,16,127
04/20/2006,GMU,SC,ASO,ES,Federal Contract Tower,0,50,25,0,75,0,27,93,6,126,0,77,118,6,201,132,0,132,333
04/21/2006,GMU,SC,ASO,ES,Federal Contract Tower,0,53,20,1,74,0,26,59,3,88,0,79,79,4,162,74,4,78,240
04/22/2006,GMU,SC,ASO,ES,Federal Contract Tower,0,21,10,0,31,0,4,18,0,22,0,25,28,0,53,10,0,10,63
04/23/2006,GMU,SC,ASO,ES,Federal Contract Tower,0,24,23,0,47,0,19,63,2,84,0,43,86,2,131,28,0,28,159
04/24/2006,GMU,SC,ASO,ES,Federal Contract Tower,0,43,21,0,64,0,32,74,0,106,0,75,95,0,170,100,2,102,272
04/25/2006,GMU,SC,ASO,ES,Federal Contract Tower,0,46,18,0,64,0,30,86,0,116,0,76,104,0,180,80,2,82,262
04/26/2006,GMU,SC,ASO,ES,Federal Contract Tower,0,56,21,0,77,0,13,25,0,38,0,69,46,0,115,52,0,52,167
04/27/2006,GMU,SC,ASO,ES,Federal Contract Tower,0,51,28,0,79,0,40,80,4,124,0,91,108,4,203,68,2,70,273
04/28/2006,GMU,SC,ASO,ES,Federal Contract Tower,0,47,28,0,75,0,69,137,22,228,0,116,165,22,303,80,2,82,385
04/29/2006,GMU,SC,ASO,ES,Federal Contract Tower,0,18,17,0,35,0,34,64,3,101,0,52,81,3,136,44,0,44,180
04/30/2006,GMU,SC,ASO,ES,Federal Contract Tower,0,36,17,0,53,0,8,37,0,45,0,44,54,0,98,10,0,10,108
05/01/2006,GMU,SC,ASO,ES,Federal Contract Tower,0,35,18,0,53,0,23,85,3,111,0,58,103,3,164,68,0,68,232
05/02/2006,GMU,SC,ASO,ES,Federal Contract Tower,0,47,15,0,62,0,39,74,2,115,0,86,89,2,177,38,0,38,215
05/03/2006,GMU,SC,ASO,ES,Federal Contract Tower,0,57,30,0,87,0,49,78,15,142,0,106,108,15,229,94,2,96,325
05/04/2006,GMU,SC,ASO,ES,Federal Contract Tower,0,57,33,0,90,0,34,69,2,105,0,91,102,2,195,86,0,86,281
05/05/2006,GMU,SC,ASO,ES,Federal Contract Tower,0,47,13,0,60,0,15,64,4,83,0,62,77,4,143,36,0,36,179
05/06/2006,GMU,SC,ASO,ES,Federal Contract Tower,0,20,22,0,42,0,9,77,2,88,0,29,99,2,130,34,0,34,164
05/07/2006,GMU,SC,ASO,ES,Federal Contract Tower,0,34,18,0,52,0,3,12,0,15,0,37,30,0,67,10,0,10,77
05/08/2006,GMU,SC,ASO,ES,Federal Contract Tower,0,70,35,0,105,0,14,38,0,52,0,84,73,0,157,76,0,76,233
05/09/2006,GMU,SC,ASO,ES,Federal Contract Tower,0,58,43,0,101,0,35,50,14,99,0,93,93,14,200,24,0,24,224
05/10/2006,GMU,SC,ASO,ES,Federal Contract Tower,0,47,32,0,79,0,8,27,4,39,0,55,59,4,118,52,0,52,170
05/11/2006,GMU,SC,ASO,ES,Federal Contract Tower,0,60,18,0,78,0,21,23,8,52,0,81,41,8,130,8,0,8,138
05/12/2006,GMU,SC,ASO,ES,Federal Contract Tower,0,51,25,0,76,0,38,90,4,132,0,89,115,4,208,72,0,72,280
05/13/2006,GMU,SC,ASO,ES,Federal Contract Tower,0,20,6,0,26,0,17,78,6,101,0,37,84,6,127,18,16,34,161
05/14/2006,GMU,SC,ASO,ES,Federal Contract Tower,0,19,31,0,50,0,8,29,0,37,0,27,60,0,87,10,0,10,97
05/15/2006,GMU,SC,ASO,ES,Federal Contract Tower,0,48,19,1,68,0,31,91,11,133,0,79,110,12,201,32,0,32,233
05/16/2006,GMU,SC,ASO,ES,Federal Contract Tower,0,53,20,0,73,0,24,120,9,153,0,77,140,9,226,52,0,52,278
05/17/2006,GMU,SC,ASO,ES,Federal Contract Tower,0,60,32,0,92,0,55,107,5,167,0,115,139,5,259,28,0,28,287
05/18/2006,GMU,SC,ASO,ES,Federal Contract Tower,0,54,20,0,74,0,23,49,16,88,0,77,69,16,162,6,0,6,168
05/19/2006,GMU,SC,ASO,ES,Federal Contract Tower,0,38,19,0,57,0,40,89,6,135,0,78,108,6,192,88,0,88,280
05/20/2006,GMU,SC,ASO,ES,Federal Contract Tower,0,21,7,0,28,0,9,83,4,96,0,30,90,4,124,38,0,38,162
05/21/2006,GMU,SC,ASO,ES,Federal Contract Tower,0,32,10,0,42,0,14,52,0,66,0,46,62,0,108,22,0,22,130
05/22/2006,GMU,SC,ASO,ES,Federal Contract Tower,0,32,15,0,47,0,37,55,10,102,0,69,70,10,149,48,0,48,197
05/23/2006,GMU,SC,ASO,ES,Federal Contract Tower,0,44,19,0,63,0,48,114,10,172,0,92,133,10,235,104,0,104,339
05/24/2006,GMU,SC,ASO,ES,Federal Contract Tower,0,56,21,0,77,0,32,89,18,139,0,88,110,18,216,52,0,52,268
05/25/2006,GMU,SC,ASO,ES,Federal Contract Tower,0,40,16,0,56,0,34,34,3,71,0,74,50,3,127,16,2,18,145
05/26/2006,GMU,SC,ASO,ES,Federal Contract Tower,0,34,17,0,51,0,29,65,6,100,0,63,82,6,151,18,0,18,169
05/27/2006,GMU,SC,ASO,ES,Federal Contract Tower,0,10,15,0,25,0,10,78,1,89,0,20,93,1,114,34,0,34,148
05/28/2006,GMU,SC,ASO,ES,Federal Contract Tower,0,15,13,0,28,0,18,43,0,61,0,33,56,0,89,34,0,34,123
05/29/2006,GMU,SC,ASO,ES,Federal Contract Tower,0,26,18,0,44,0,15,70,4,89,0,41,88,4,133,34,0,34,167
05/30/2006,GMU,SC,ASO,ES,Federal Contract Tower,0,46,10,0,56,0,37,77,4,118,0,83,87,4,174,42,0,42,216
05/31/2006,GMU,SC,ASO,ES,Federal Contract Tower,0,53,16,0,69,0,38,75,7,120,0,91,91,7,189,96,0,96,285
06/01/2006,GMU,SC,ASO,ES,Federal Contract Tower,0,48,19,0,67,0,40,48,13,101,0,88,67,13,168,42,0,42,210
06/02/2006,GMU,SC,ASO,ES,Federal Contract Tower,0,48,21,0,69,0,22,45,9,76,0,70,66,9,145,48,0,48,193
06/03/2006,GMU,SC,ASO,ES,Federal Contract Tower,0,22,14,0,36,0,27,95,2,124,0,49,109,2,160,98,0,98,258
06/04/2006,GMU,SC,ASO,ES,Federal Contract Tower,0,33,13,0,46,0,11,59,4,74,0,44,72,4,120,14,0,14,134
06/05/2006,GMU,SC,ASO,ES,Federal Contract Tower,0,39,15,0,54,0,23,64,6,93,0,62,79,6,147,108,0,108,255
06/06/2006,GMU,SC,ASO,ES,Federal Contract Tower,0,48,17,0,65,0,55,105,9,169,0,103,122,9,234,96,0,96,330
06/07/2006,GMU,SC,ASO,ES,Federal Contract Tower,0,57,27,0,84,0,44,112,4,160,0,101,139,4,244,42,0,42,286
06/08/2006,GMU,SC,ASO,ES,Federal Contract Tower,0,40,19,0,59,0,29,62,9,100,0,69,81,9,159,64,0,64,223
06/09/2006,GMU,SC,ASO,ES,Federal Contract Tower,0,63,15,0,78,0,35,108,6,149,0,98,123,6,227,118,0,118,345
06/10/2006,GMU,SC,ASO,ES,Federal Contract Tower,0,30,13,0,43,0,21,66,7,94,0,51,79,7,137,26,0,26,163
06/11/2006,GMU,SC,ASO,ES,Federal Contract Tower,0,32,19,0,51,0,16,63,1,80,0,48,82,1,131,26,0,26,157
06/12/2006,GMU,SC,ASO,ES,Federal Contract Tower,0,51,19,0,70,0,30,45,8,83,0,81,64,8,153,42,0,42,195
06/13/2006,GMU,SC,ASO,ES,Federal Contract Tower,0,44,27,0,71,0,23,7,4,34,0,67,34,4,105,2,0,2,107
06/14/2006,GMU,SC,ASO,ES,Federal Contract Tower,0,51,16,0,67,0,27,63,10,100,0,78,79,10,167,84,0,84,251
06/15/2006,GMU,SC,ASO,ES,Federal Contract Tower,0,53,22,0,75,0,37,105,5,147,0,90,127,5,222,48,0,48,270
06/16/2006,GMU,SC,ASO,ES,Federal Contract Tower,0,38,23,0,61,0,22,94,2,118,0,60,117,2,179,58,0,58,237
06/17/2006,GMU,SC,ASO,ES,Federal Contract Tower,0,25,10,0,35,0,20,77,0,97,0,45,87,0,132,20,0,20,152
06/18/2006,GMU,SC,ASO,ES,Federal Contract Tower,0,23,8,0,31,0,7,56,0,63,0,30,64,0,94,10,0,10,104
06/19/2006,GMU,SC,ASO,ES,Federal Contract Tower,0,30,18,0,48,0,14,63,1,78,0,44,81,1,126,42,0,42,168
06/20/2006,GMU,SC,ASO,ES,Federal Contract Tower,0,31,27,0,58,0,27,74,8,109,0,58,101,8,167,38,0,38,205
06/21/2006,GMU,SC,ASO,ES,Federal Contract Tower,0,44,20,0,64,0,34,86,8,128,0,78,106,8,192,58,0,58,250
06/22/2006,GMU,SC,ASO,ES,Federal Contract Tower,0,48,20,0,68,0,37,73,9,119,0,85,93,9,187,28,0,28,215
06/23/2006,GMU,SC,ASO,ES,Federal Contract Tower,0,46,20,0,66,0,35,59,8,102,0,81,79,8,168,82,0,82,250
06/24/2006,GMU,SC,ASO,ES,Federal Contract Tower,0,22,10,0,32,0,9,60,2,71,0,31,70,2,103,116,0,116,219
06/25/2006,GMU,SC,ASO,ES,Federal Contract Tower,0,15,11,0,26,0,13,12,1,26,0,28,23,1,52,12,0,12,64
06/26/2006,GMU,SC,ASO,ES,Federal Contract Tower,0,35,7,0,42,0,4,6,0,10,0,39,13,0,52,0,0,0,52
06/27/2006,GMU,SC,ASO,ES,Federal Contract Tower,0,52,28,0,80,0,19,49,4,72,0,71,77,4,152,108,0,108,260
06/28/2006,GMU,SC,ASO,ES,Federal Contract Tower,0,24,32,0,56,0,46,93,10,149,0,70,125,10,205,56,6,62,267
06/29/2006,GMU,SC,ASO,ES,Federal Contract Tower,0,39,30,0,69,0,38,104,16,158,0,77,134,16,227,108,0,108,335
06/30/2006,GMU,SC,ASO,ES,Federal Contract Tower,0,64,17,0,81,0,50,100,8,158,0,114,117,8,239,130,0,130,369
07/01/2006,GMU,SC,ASO,ES,Federal Contract Tower,0,13,10,0,23,0,26,57,17,100,0,39,67,17,123,54,0,54,177
07/02/2006,GMU,SC,ASO,ES,Federal Contract Tower,0,18,15,0,33,0,14,31,0,45,0,32,46,0,78,42,0,42,120
07/03/2006,GMU,SC,ASO,ES,Federal Contract Tower,0,10,10,0,20,0,27,65,7,99,0,37,75,7,119,60,0,60,179
07/04/2006,GMU,SC,ASO,ES,Federal Contract Tower,0,15,10,0,25,0,54,68,0,122,0,69,78,0,147,40,0,40,187
07/05/2006,GMU,SC,ASO,ES,Federal Contract Tower,0,34,17,0,51,0,13,49,12,74,0,47,66,12,125,56,0,56,181
07/06/2006,GMU,SC,ASO,ES,Federal Contract Tower,0,43,28,0,71,0,29,34,7,70,0,72,62,7,141,78,0,78,219
07/07/2006,GMU,SC,ASO,ES,Federal Contract Tower,0,36,21,0,57,0,43,80,0,123,0,79,101,0,180,36,10,46,226
07/08/2006,GMU,SC,ASO,ES,Federal Contract Tower,0,11,9,0,20,0,13,50,0,63,0,24,59,0,83,56,0,56,139
07/09/2006,GMU,SC,ASO,ES,Federal Contract Tower,0,17,17,0,34,0,11,54,0,65,0,28,71,0,99,64,0,64,163
07/10/2006,GMU,SC,ASO,ES,Federal Contract Tower,0,33,14,0,47,0,34,56,6,96,0,67,70,6,143,26,0,26,169
07/11/2006,GMU,SC,ASO,ES,Federal Contract Tower,0,43,19,0,62,0,30,82,15,127,0,73,101,15,189,94,0,94,283
07/12/2006,GMU,SC,ASO,ES,Federal Contract Tower,0,36,12,0,48,0,24,105,16,145,0,60,117,16,193,34,0,34,227
07/13/2006,GMU,SC,ASO,ES,Federal Contract Tower,0,44,21,0,65,0,35,70,10,115,0,79,91,10,180,106,0,106,286
07/14/2006,GMU,SC,ASO,ES,Federal Contract Tower,0,50,24,0,74,0,49,64,11,124,0,99,88,11,198,94,0,94,292
07/15/2006,GMU,SC,ASO,ES,Federal Contract Tower,0,7,9,0,16,0,33,60,5,98,0,40,69,5,114,22,0,22,136
07/16/2006,GMU,SC,ASO,ES,Federal Contract Tower,0,9,16,0,25,0,10,42,6,58,0,19,58,6,83,52,0,52,135
07/17/2006,GMU,SC,ASO,ES,Federal Contract Tower,0,26,11,0,37,0,29,35,2,66,0,55,46,2,103,34,0,34,137
07/18/2006,GMU,SC,ASO,ES,Federal Contract Tower,0,48,25,0,73,0,55,67,17,139,0,103,92,17,212,70,0,70,282
07/19/2006,GMU,SC,ASO,ES,Federal Contract Tower,0,58,15,0,73,0,45,70,14,129,0,103,85,14,202,70,0,70,272
07/20/2006,GMU,SC,ASO,ES,Federal Contract Tower,0,57,30,0,87,0,20,66,13,99,0,77,96,13,186,96,0,96,282
07/21/2006,GMU,SC,ASO,ES,Federal Contract Tower,0,40,30,0,70,0,38,72,2,112,0,78,102,2,182,84,0,84,266
07/22/2006,GMU,SC,ASO,ES,Federal Contract Tower,0,9,5,0,14,0,12,44,0,56,0,21,49,0,70,86,0,86,156
07/23/2006,GMU,SC,ASO,ES,Federal Contract Tower,0,24,20,0,44,0,10,41,1,52,0,34,61,1,96,48,0,48,144
07/24/2006,GMU,SC,ASO,ES,Federal Contract Tower,0,34,21,0,55,0,22,29,2,53,0,56,50,2,108,52,0,52,160
07/25/2006,GMU,SC,ASO,ES,Federal Contract Tower,0,46,30,0,76,0,28,37,6,71,0,74,67,6,147,58,0,58,205
07/26/2006,GMU,SC,ASO,ES,Federal Contract Tower,0,42,16,1,59,0,41,83,4,128,0,83,99,5,187,86,0,86,273
07/27/2006,GMU,SC,ASO,ES,Federal Contract Tower,0,36,23,0,59,0,30,73,9,112,0,66,96,9,171,88,0,88,259
07/28/2006,GMU,SC,ASO,ES,Federal Contract Tower,0,35,20,0,55,0,35,69,11,115,0,70,89,11,170,42,0,42,212
07/29/2006,GMU,SC,ASO,ES,Federal Contract Tower,0,21,16,0,37,0,11,55,0,66,0,32,71,0,103,36,0,36,139
07/30/2006,GMU,SC,ASO,ES,Federal Contract Tower,0,21,23,0,44,0,9,24,9,42,0,30,47,9,86,18,0,18,104
07/31/2006,GMU,SC,ASO,ES,Federal Contract Tower,0,36,31,0,67,0,33,63,6,102,0,69,94,6,169,68,0,68,237
08/01/2006,GMU,SC,ASO,ES,Federal Contract Tower,0,49,17,0,66,0,14,68,14,96,0,63,85,14,162,46,0,46,208
08/02/2006,GMU,SC,ASO,ES,Federal Contract Tower,0,43,16,0,59,0,31,40,2,73,0,74,56,2,132,78,0,78,210
08/03/2006,GMU,SC,ASO,ES,Federal Contract Tower,0,47,11,1,59,0,31,55,9,95,0,78,66,10,154,48,0,48,202
08/04/2006,GMU,SC,ASO,ES,Federal Contract Tower,0,40,18,0,58,0,29,51,3,83,0,69,69,3,141,60,0,60,201
08/05/2006,GMU,SC,ASO,ES,Federal Contract Tower,0,14,15,0,29,0,11,46,1,58,0,25,61,1,87,50,0,50,137
08/06/2006,GMU,SC,ASO,ES,Federal Contract Tower,0,29,11,0,40,0,32,29,2,63,0,61,40,2,103,58,0,58,161
08/07/2006,GMU,SC,ASO,ES,Federal Contract Tower,0,37,17,0,54,0,28,61,16,105,0,65,78,16,159,78,0,78,237
08/08/2006,GMU,SC,ASO,ES,Federal Contract Tower,0,37,22,0,59,0,30,52,7,89,0,67,74,7,148,46,0,46,194
08/09/2006,GMU,SC,ASO,ES,Federal Contract Tower,0,48,20,1,69,0,24,65,28,117,0,72,85,29,186,54,0,54,240
08/10/2006,GMU,SC,ASO,ES,Federal Contract Tower,0,62,26,0,88,0,20,40,11,71,0,82,66,11,159,34,0,34,193
08/11/2006,GMU,SC,ASO,ES,Federal Contract Tower,0,51,27,0,78,0,41,66,14,121,0,92,93,14,199,70,0,70,269
08/12/2006,GMU,SC,ASO,ES,Federal Contract Tower,0,17,10,0,27,0,4,2,2,8,0,21,12,2,35,2,0,2,37
08/13/2006,GMU,SC,ASO,ES,Federal Contract Tower,0,21,18,0,39,0,7,59,3,69,0,28,77,3,108,66,0,66,174
08/14/2006,GMU,SC,ASO,ES,Federal Contract Tower,0,38,18,0,56,0,40,73,10,123,0,78,91,10,179,72,0,72,251
08/15/2006,GMU,SC,ASO,ES,Federal Contract Tower,0,39,19,0,58,0,28,53,38,119,0,67,72,38,177,12,0,12,189
08/16/2006,GMU,SC,ASO,ES,Federal Contract Tower,0,46,28,0,74,0,28,37,10,75,0,74,65,10,149,40,0,40,189
08/17/2006,GMU,SC,ASO,ES,Federal Contract Tower,0,61,20,0,81,0,24,81,3,108,0,85,101,3,189,57,0,57,246
08/18/2006,GMU,SC,ASO,ES,Federal Contract Tower,0,43,23,0,66,0,33,75,0,108,0,76,98,0,174,58,0,58,232
08/19/2006,GMU,SC,ASO,ES,Federal Contract Tower,0,12,9,0,21,0,30,65,2,97,0,42,74,2,118,52,0,52,170
08/20/2006,GMU,SC,ASO,ES,Federal Contract Tower,0,18,12,0,30,0,10,35,3,48,0,28,47,3,78,8,0,8,86
08/21/2006,GMU,SC,ASO,ES,Federal Contract Tower,0,24,24,0,48,0,21,58,11,90,0,45,82,11,138,74,0,74,212
08/22/2006,GMU,SC,ASO,ES,Federal Contract Tower,0,47,28,0,75,0,26,64,10,100,0,73,92,10,175,40,0,40,215
08/23/2006,GMU,SC,ASO,ES,Federal Contract Tower,0,58,32,0,90,0,35,65,4,104,0,93,97,4,194,24,0,24,218
08/24/2006,GMU,SC,ASO,ES,Federal Contract Tower,0,50,23,0,73,0,19,33,11,63,0,69,56,11,136,70,0,70,206
08/25/2006,GMU,SC,ASO,ES,Federal Contract Tower,0,42,37,0,79,0,24,78,7,109,0,66,115,7,188,66,0,66,254
08/26/2006,GMU,SC,ASO,ES,Federal Contract Tower,0,12,27,0,39,0,10,78,6,94,0,22,105,6,133,18,0,18,151
08/27/2006,GMU,SC,ASO,ES,Federal Contract Tower,0,18,15,0,33,0,12,68,2,82,0,30,83,2,115,12,0,12,127
08/28/2006,GMU,SC,ASO,ES,Federal Contract Tower,0,23,15,0,38,0,22,67,14,103,0,45,82,14,141,62,0,62,203
08/29/2006,GMU,SC,ASO,ES,Federal Contract Tower,0,40,10,0,50,0,22,66,36,124,0,62,76,36,174,30,0,30,204
08/30/2006,GMU,SC,ASO,ES,Federal Contract Tower,0,52,15,0,67,0,19,35,10,64,0,71,50,10,131,24,0,24,155
08/31/2006,GMU,SC,ASO,ES,Federal Contract Tower,0,58,8,0,66,0,13,16,0,29,0,71,24,0,95,20,0,20,115
09/01/2006,GMU,SC,ASO,ES,Federal Contract Tower,0,58,24,0,82,0,35,57,3,95,0,93,81,3,177,48,0,48,225
09/02/2006,GMU,SC,ASO,ES,Federal Contract Tower,0,19,12,0,31,0,14,71,2,87,0,33,83,2,118,26,8,34,152
09/03/2006,GMU,SC,ASO,ES,Federal Contract Tower,0,24,14,0,38,0,12,32,0,44,0,36,46,0,82,46,0,46,128
09/04/2006,GMU,SC,ASO,ES,Federal Contract Tower,0,28,18,0,46,0,6,29,0,35,0,34,47,0,81,34,0,34,115
09/05/2006,GMU,SC,ASO,ES,Federal Contract Tower,0,48,23,0,71,0,6,17,4,27,0,54,40,4,98,72,0,72,170
09/06/2006,GMU,SC,ASO,ES,Federal Contract Tower,0,61,15,1,77,0,20,85,3,108,0,81,100,4,185,70,0,70,255
09/07/2006,GMU,SC,ASO,ES,Federal Contract Tower,0,57,31,1,89,0,10,63,1,74,0,67,94,2,163,54,2,56,219
09/08/2006,GMU,SC,ASO,ES,Federal Contract Tower,0,43,20,0,63,0,28,101,5,134,0,71,121,5,197,112,0,112,309
09/09/2006,GMU,SC,ASO,ES,Federal Contract Tower,0,22,11,0,33,0,15,80,2,97,0,37,91,2,130,80,0,80,210
09/10/2006,GMU,SC,ASO,ES,Federal Contract Tower,0,18,18,0,36,0,7,60,0,67,0,25,78,0,103,6,0,6,109
09/11/2006,GMU,SC,ASO,ES,Federal Contract Tower,0,44,19,0,63,0,18,77,10,105,0,62,96,10,168,112,0,112,280
09/12/2006,GMU,SC,ASO,ES,Federal Contract Tower,0,49,32,0,81,0,17,71,16,104,0,66,103,16,185,120,0,120,305
09/13/2006,GMU,SC,ASO,ES,Federal Contract Tower,0,51,11,0,62,0,0,0,0,0,0,51,11,0,62,0,0,0,62
09/14/2006,GMU,SC,ASO,ES,Federal Contract Tower,0,59,31,0,90,0,31,102,20,153,0,90,133,20,243,142,0,142,385
09/15/2006,GMU,SC,ASO,ES,Federal Contract Tower,0,51,28,0,79,0,30,113,9,152,0,81,141,9,231,138,0,138,369
09/16/2006,GMU,SC,ASO,ES,Federal Contract Tower,0,20,14,0,34,0,15,92,10,117,0,35,106,10,151,72,0,72,223
09/17/2006,GMU,SC,ASO,ES,Federal Contract Tower,0,21,16,0,37,0,9,61,1,71,0,30,77,1,108,44,0,44,152
09/18/2006,GMU,SC,ASO,ES,Federal Contract Tower,0,50,17,0,67,0,20,68,16,104,0,70,85,16,171,72,0,72,243
09/19/2006,GMU,SC,ASO,ES,Federal Contract Tower,0,52,27,0,79,0,7,26,6,39,0,59,53,6,118,28,0,28,146
09/20/2006,GMU,SC,ASO,ES,Federal Contract Tower,0,55,20,0,75,0,49,108,8,165,0,104,128,8,240,72,0,72,312
09/21/2006,GMU,SC,ASO,ES,Federal Contract Tower,0,45,16,0,61,0,43,110,15,168,0,88,126,15,229,84,12,96,325
09/22/2006,GMU,SC,ASO,ES,Federal Contract Tower,0,60,32,0,92,0,12,71,22,105,0,72,103,22,197,100,0,100,297
09/23/2006,GMU,SC,ASO,ES,Federal Contract Tower,0,26,14,0,40,0,9,38,8,55,0,35,52,8,95,6,0,6,101
09/24/2006,GMU,SC,ASO,ES,Federal Contract Tower,0,35,10,0,45,0,15,14,0,29,0,50,24,0,74,0,0,0,74
09/25/2006,GMU,SC,ASO,ES,Federal Contract Tower,0,45,17,0,62,0,35,65,2,102,0,80,82,2,164,72,0,72,236
09/26/2006,GMU,SC,ASO,ES,Federal Contract Tower,0,49,26,0,75,0,31,102,10,143,0,80,128,10,218,94,6,100,318
09/27/2006,GMU,SC,ASO,ES,Federal Contract Tower,0,73,20,0,93,0,25,95,50,170,0,98,115,50,263,82,0,82,345
09/28/2006,GMU,SC,ASO,ES,Federal Contract Tower,0,57,32,0,89,0,41,65,7,113,0,98,97,7,202,94,0,94,296
09/29/2006,GMU,SC,ASO,ES,Federal Contract Tower,0,45,26,0,71,0,54,129,5,188,0,99,155,5,259,138,0,138,397
09/30/2006,GMU,SC,ASO,ES,Federal Contract Tower,0,10,11,0,21,0,21,127,4,152,0,31,138,4,173,42,0,42,215
10/01/2006,GMU,SC,ASO,ES,Federal Contract Tower,0,15,17,0,32,0,10,68,0,78,0,25,85,0,110,28,0,28,138
10/02/2006,GMU,SC,ASO,ES,Federal Contract Tower,0,50,16,0,66,0,28,85,2,115,0,78,101,2,181,104,0,104,285
10/03/2006,GMU,SC,ASO,ES,Federal Contract Tower,0,52,22,0,74,0,30,105,6,141,0,82,127,6,215,108,0,108,323
10/04/2006,GMU,SC,ASO,ES,Federal Contract Tower,0,48,20,0,68,0,42,116,8,166,0,90,136,8,234,70,0,70,304
10/05/2006,GMU,SC,ASO,ES,Federal Contract Tower,0,72,30,0,102,0,51,86,0,137,0,123,116,0,239,152,0,152,391
10/06/2006,GMU,SC,ASO,ES,Federal Contract Tower,0,57,26,0,83,0,36,107,4,147,0,93,133,4,230,160,0,160,390
10/07/2006,GMU,SC,ASO,ES,Federal Contract Tower,0,38,14,0,52,0,18,59,4,81,0,56,73,4,133,50,0,50,183
10/08/2006,GMU,SC,ASO,ES,Federal Contract Tower,0,24,16,0,40,0,14,13,0,27,0,38,29,0,67,4,0,4,71
10/09/2006,GMU,SC,ASO,ES,Federal Contract Tower,0,40,23,0,63,0,25,71,0,96,0,65,94,0,159,72,0,72,231
10/10/2006,GMU,SC,ASO,ES,Federal Contract Tower,0,59,27,1,87,0,47,93,7,147,0,106,120,8,234,80,0,80,314
10/11/2006,GMU,SC,ASO,ES,Federal Contract Tower,0,60,21,0,81,0,22,50,10,82,0,82,71,10,163,54,0,54,217
10/12/2006,GMU,SC,ASO,ES,Federal Contract Tower,0,69,28,0,97,0,43,87,8,138,0,112,115,8,235,108,0,108,343
10/13/2006,GMU,SC,ASO,ES,Federal Contract Tower,0,55,16,0,71,0,46,135,2,183,0,101,151,2,254,162,0,162,416
10/14/2006,GMU,SC,ASO,ES,Federal Contract Tower,0,20,12,0,32,0,38,62,7,107,0,58,74,7,139,64,0,64,203
10/15/2006,GMU,SC,ASO,ES,Federal Contract Tower,0,30,17,0,47,0,18,92,0,110,0,48,109,0,157,44,0,44,201
10/16/2006,GMU,SC,ASO,ES,Federal Contract Tower,0,38,21,0,59,0,24,55,6,85,0,62,76,6,144,106,0,106,250
10/17/2006,GMU,SC,ASO,ES,Federal Contract Tower,0,36,13,0,49,0,0,2,2,4,0,36,15,2,53,0,0,0,53
10/18/2006,GMU,SC,ASO,ES,Federal Contract Tower,0,54,28,0,82,0,23,54,2,79,0,77,82,2,161,44,0,44,205
10/19/2006,GMU,SC,ASO,ES,Federal Contract Tower,0,52,29,0,81,0,6,12,0,18,0,58,41,0,99,6,0,6,105
10/20/2006,GMU,SC,ASO,ES,Federal Contract Tower,0,50,21,0,71,0,47,82,24,153,0,97,103,24,224,122,0,122,346
10/21/2006,GMU,SC,ASO,ES,Federal Contract Tower,0,20,15,0,35,0,28,91,0,119,0,48,106,0,154,50,0,50,204
10/22/2006,GMU,SC,ASO,ES,Federal Contract Tower,0,38,21,0,59,0,8,48,7,63,0,46,69,7,122,36,0,36,158
10/23/2006,GMU,SC,ASO,ES,Federal Contract Tower,0,50,20,0,70,0,21,74,10,105,0,71,94,10,175,114,0,114,289
10/24/2006,GMU,SC,ASO,ES,Federal Contract Tower,0,57,21,0,78,0,42,98,11,151,0,99,119,11,229,86,0,86,315
10/25/2006,GMU,SC,ASO,ES,Federal Contract Tower,0,50,17,0,67,0,24,91,10,125,0,74,108,10,192,124,0,124,316
10/26/2006,GMU,SC,ASO,ES,Federal Contract Tower,0,75,14,0,89,0,26,97,12,135,0,101,111,12,224,98,0,98,322
10/27/2006,GMU,SC,ASO,ES,Federal Contract Tower,0,52,22,0,74,0,9,7,0,16,0,61,29,0,90,14,0,14,104
10/28/2006,GMU,SC,ASO,ES,Federal Contract Tower,0,34,16,0,50,0,17,45,0,62,0,51,61,0,112,22,0,22,134
10/29/2006,GMU,SC,ASO,ES,Federal Contract Tower,0,30,22,0,52,0,40,88,2,130,0,70,110,2,182,30,0,30,212
10/30/2006,GMU,SC,ASO,ES,Federal Contract Tower,0,49,13,0,62,0,23,93,23,139,0,72,106,23,201,100,0,100,301
10/31/2006,GMU,SC,ASO,ES,Federal Contract Tower,0,61,14,0,75,0,31,69,2,102,0,92,83,2,177,34,0,34,211
11/01/2006,GMU,SC,ASO,ES,Federal Contract Tower,0,59,22,0,81,0,45,103,6,154,0,104,125,6,235,152,0,152,387
11/02/2006,GMU,SC,ASO,ES,Federal Contract Tower,0,69,22,0,91,0,28,53,6,87,0,97,75,6,178,30,0,30,208
11/03/2006,GMU,SC,ASO,ES,Federal Contract Tower,0,62,20,0,82,0,38,92,2,132,0,100,112,2,214,128,0,128,342
11/04/2006,GMU,SC,ASO,ES,Federal Contract Tower,0,26,12,0,38,0,15,91,0,106,0,41,103,0,144,48,0,48,192
11/05/2006,GMU,SC,ASO,ES,Federal Contract Tower,0,22,20,0,42,0,14,68,2,84,0,36,88,2,126,68,0,68,194
11/06/2006,GMU,SC,ASO,ES,Federal Contract Tower,0,41,14,0,55,0,32,69,10,111,0,73,83,10,166,122,0,122,288
11/07/2006,GMU,SC,ASO,ES,Federal Contract Tower,0,56,19,0,75,0,0,2,0,2,0,56,21,0,77,0,0,0,77
11/08/2006,GMU,SC,ASO,ES,Federal Contract Tower,0,62,26,0,88,0,51,31,7,89,0,113,57,7,177,8,0,8,185
11/09/2006,GMU,SC,ASO,ES,Federal Contract Tower,0,55,27,0,82,0,46,94,15,155,0,101,121,15,237,174,10,184,421
11/10/2006,GMU,SC,ASO,ES,Federal Contract Tower,0,63,19,0,82,0,57,105,6,168,0,120,124,6,250,140,10,150,400
11/11/2006,GMU,SC,ASO,ES,Federal Contract Tower,0,25,15,0,40,0,6,60,0,66,0,31,75,0,106,76,0,76,182
11/12/2006,GMU,SC,ASO,ES,Federal Contract Tower,0,19,19,0,38,0,18,30,2,50,0,37,49,2,88,4,0,4,92
11/13/2006,GMU,SC,ASO,ES,Federal Contract Tower,0,33,17,0,50,0,39,82,8,129,0,72,99,8,179,120,2,122,301
11/14/2006,GMU,SC,ASO,ES,Federal Contract Tower,0,63,19,0,82,0,25,103,18,146,0,88,122,18,228,102,0,102,330
11/15/2006,GMU,SC,ASO,ES,Federal Contract Tower,0,53,29,0,82,0,18,18,0,36,0,71,47,0,118,22,0,22,140
11/16/2006,GMU,SC,ASO,ES,Federal Contract Tower,0,57,12,0,69,0,19,17,8,44,0,76,29,8,113,50,8,58,171
11/17/2006,GMU,SC,ASO,ES,Federal Contract Tower,0,49,23,0,72,0,57,108,5,170,0,106,131,5,242,148,0,148,390
11/18/2006,GMU,SC,ASO,ES,Federal Contract Tower,0,11,12,4,27,0,9,123,0,132,0,20,135,4,159,136,0,136,295
11/19/2006,GMU,SC,ASO,ES,Federal Contract Tower,0,24,15,0,39,0,13,42,0,55,0,37,57,0,94,10,0,10,104
11/20/2006,GMU,SC,ASO,ES,Federal Contract Tower,0,45,25,0,70,0,22,44,0,66,0,67,69,0,136,96,0,96,232
11/21/2006,GMU,SC,ASO,ES,Federal Contract Tower,0,50,25,2,77,0,45,80,5,130,0,95,105,7,207,10,0,10,217
11/22/2006,GMU,SC,ASO,ES,Federal Contract Tower,0,56,21,0,77,0,46,25,0,71,0,102,46,0,148,6,0,6,154
11/23/2006,GMU,SC,ASO,ES,Federal Contract Tower,0,13,9,0,22,0,15,41,0,56,0,28,50,0,78,10,0,10,88
11/24/2006,GMU,SC,ASO,ES,Federal Contract Tower,0,23,13,0,36,0,51,84,0,135,0,74,97,0,171,86,0,86,257
11/25/2006,GMU,SC,ASO,ES,Federal Contract Tower,0,15,19,0,34,0,14,66,0,80,0,29,85,0,114,72,0,72,186
11/26/2006,GMU,SC,ASO,ES,Federal Contract Tower,0,26,16,0,42,0,22,100,0,122,0,48,116,0,164,46,0,46,210
11/27/2006,GMU,SC,ASO,ES,Federal Contract Tower,0,40,2,0,42,0,34,67,17,118,0,74,69,17,160,34,0,34,194
11/28/2006,GMU,SC,ASO,ES,Federal Contract Tower,0,59,27,0,86,0,43,75,15,133,0,102,102,15,219,90,0,90,309
11/29/2006,GMU,SC,ASO,ES,Federal Contract Tower,0,54,26,1,81,0,14,40,21,75,0,68,66,22,156,54,0,54,210
11/30/2006,GMU,SC,ASO,ES,Federal Contract Tower,0,62,37,0,99,0,15,14,8,37,0,77,51,8,136,0,0,0,136
12/01/2006,GMU,SC,ASO,ES,Federal Contract Tower,0,37,7,0,44,0,23,14,10,47,0,60,21,10,91,10,0,10,101
12/02/2006,GMU,SC,ASO,ES,Federal Contract Tower,0,28,18,0,46,0,21,83,2,106,0,49,101,2,152,44,0,44,196
12/03/2006,GMU,SC,ASO,ES,Federal Contract Tower,0,24,11,0,35,0,17,46,0,63,0,41,57,0,98,32,0,32,130
12/04/2006,GMU,SC,ASO,ES,Federal Contract Tower,0,26,17,0,43,0,28,80,16,124,0,54,97,16,167,28,6,34,201
12/05/2006,GMU,SC,ASO,ES,Federal Contract Tower,0,40,18,0,58,0,28,107,10,145,0,68,125,10,203,102,0,102,305
12/06/2006,GMU,SC,ASO,ES,Federal Contract Tower,0,59,17,0,76,0,46,84,12,142,0,105,101,12,218,66,0,66,284
12/07/2006,GMU,SC,ASO,ES,Federal Contract Tower,0,63,22,0,85,0,42,59,11,112,0,105,81,11,197,102,14,116,313
12/08/2006,GMU,SC,ASO,ES,Federal Contract Tower,0,52,18,0,70,0,36,85,0,121,0,88,103,0,191,96,16,112,303
12/09/2006,GMU,SC,ASO,ES,Federal Contract Tower,0,23,8,0,31,0,8,78,2,88,0,31,86,2,119,16,0,16,135
12/10/2006,GMU,SC,ASO,ES,Federal Contract Tower,0,25,17,0,42,0,16,62,0,78,0,41,79,0,120,52,0,52,172
12/11/2006,GMU,SC,ASO,ES,Federal Contract Tower,0,45,22,0,67,0,48,57,2,107,0,93,79,2,174,62,22,84,258
12/12/2006,GMU,SC,ASO,ES,Federal Contract Tower,0,63,20,0,83,0,39,91,19,149,0,102,111,19,232,54,36,90,322
12/13/2006,GMU,SC,ASO,ES,Federal Contract Tower,0,49,19,0,68,0,23,59,4,86,0,72,78,4,154,62,0,62,216
12/14/2006,GMU,SC,ASO,ES,Federal Contract Tower,0,70,15,2,87,0,25,63,6,94,0,95,78,8,181,64,0,64,245
12/15/2006,GMU,SC,ASO,ES,Federal Contract Tower,0,53,16,0,69,0,42,83,18,143,0,95,99,18,212,88,0,88,300
12/16/2006,GMU,SC,ASO,ES,Federal Contract Tower,0,20,16,0,36,0,43,98,4,145,0,63,114,4,181,82,0,82,263
12/17/2006,GMU,SC,ASO,ES,Federal Contract Tower,0,18,17,0,35,0,3,59,0,62,0,21,76,0,97,82,0,82,179
12/18/2006,GMU,SC,ASO,ES,Federal Contract Tower,0,49,18,0,67,0,28,62,22,112,0,77,80,22,179,54,0,54,233
12/19/2006,GMU,SC,ASO,ES,Federal Contract Tower,0,71,17,0,88,0,27,95,12,134,0,98,112,12,222,98,0,98,320
12/20/2006,GMU,SC,ASO,ES,Federal Contract Tower,0,67,20,0,87,0,48,44,8,100,0,115,64,8,187,32,2,34,221
12/21/2006,GMU,SC,ASO,ES,Federal Contract Tower,0,59,23,0,82,0,22,6,12,40,0,81,29,12,122,0,0,0,122
12/22/2006,GMU,SC,ASO,ES,Federal Contract Tower,0,38,4,0,42,0,0,0,0,0,0,38,4,0,42,0,0,0,42
12/23/2006,GMU,SC,ASO,ES,Federal Contract Tower,0,25,12,0,37,0,23,68,0,91,0,48,80,0,128,14,0,14,142
12/24/2006,GMU,SC,ASO,ES,Federal Contract Tower,0,24,11,0,35,0,13,36,0,49,0,37,47,0,84,12,2,14,98
12/25/2006,GMU,SC,ASO,ES,Federal Contract Tower,0,8,1,0,9,0,0,0,0,0,0,8,1,0,9,0,0,0,9
12/26/2006,GMU,SC,ASO,ES,Federal Contract Tower,0,30,12,0,42,0,31,26,4,61,0,61,38,4,103,0,0,0,103
12/27/2006,GMU,SC,ASO,ES,Federal Contract Tower,0,35,17,0,52,0,21,78,2,101,0,56,95,2,153,54,0,54,207
12/28/2006,GMU,SC,ASO,ES,Federal Contract Tower,0,33,16,0,49,0,38,75,4,117,0,71,91,4,166,38,0,38,204
12/29/2006,GMU,SC,ASO,ES,Federal Contract Tower,0,34,23,2,59,0,22,73,6,101,0,56,96,8,160,110,16,126,286
12/30/2006,GMU,SC,ASO,ES,Federal Contract Tower,0,25,21,0,46,0,2,2,0,4,0,27,23,0,50,0,0,0,50
12/31/2006,GMU,SC,ASO,ES,Federal Contract Tower,0,5,3,0,8,0,0,0,0,0,0,5,3,0,8,0,0,0,8
01/01/2007,GMU,SC,ASO,ES,Federal Contract Tower,0,11,11,0,22,0,8,11,4,23,0,19,22,4,45,0,20,20,65
01/02/2007,GMU,SC,ASO,ES,Federal Contract Tower,0,33,7,0,40,0,27,73,2,102,0,60,80,2,142,8,16,24,166
01/03/2007,GMU,SC,ASO,ES,Federal Contract Tower,0,42,17,0,59,0,33,79,0,112,0,75,96,0,171,10,0,10,181
01/04/2007,GMU,SC,ASO,ES,Federal Contract Tower,0,62,23,0,85,0,28,28,30,86,0,90,51,30,171,44,36,80,251
01/05/2007,GMU,SC,ASO,ES,Federal Contract Tower,0,35,5,0,40,0,8,4,0,12,0,43,9,0,52,4,0,4,56
01/06/2007,GMU,SC,ASO,ES,Federal Contract Tower,0,5,9,0,14,0,29,72,8,109,0,34,81,8,123,6,0,6,129
01/07/2007,GMU,SC,ASO,ES,Federal Contract Tower,0,15,8,0,23,0,0,0,0,0,0,15,8,0,23,0,0,0,23
01/08/2007,GMU,SC,ASO,ES,Federal Contract Tower,0,31,13,0,44,0,39,29,12,80,0,70,42,12,124,30,0,30,154
01/09/2007,GMU,SC,ASO,ES,Federal Contract Tower,0,47,8,0,55,0,17,49,8,74,0,64,57,8,129,14,0,14,143
01/10/2007,GMU,SC,ASO,ES,Federal Contract Tower,0,53,21,0,74,0,26,68,20,114,0,79,89,20,188,36,0,36,224
01/11/2007,GMU,SC,ASO,ES,Federal Contract Tower,0,43,11,2,56,0,22,78,14,114,0,65,89,16,170,53,0,53,223
01/12/2007,GMU,SC,ASO,ES,Federal Contract Tower,0,56,25,0,81,0,28,66,10,104,0,84,91,10,185,80,0,80,265
01/13/2007,GMU,SC,ASO,ES,Federal Contract Tower,0,10,23,0,33,0,14,74,4,92,0,24,97,4,125,50,0,50,175
01/14/2007,GMU,SC,ASO,ES,Federal Contract Tower,0,13,7,0,20,0,13,44,2,59,0,26,51,2,79,24,0,24,103
01/15/2007,GMU,SC,ASO,ES,Federal Contract Tower,0,37,17,1,55,0,6,37,0,43,0,43,54,1,98,70,0,70,168
01/16/2007,GMU,SC,ASO,ES,Federal Contract Tower,0,42,19,0,61,0,24,57,14,95,0,66,76,14,156,54,0,54,210
01/17/2007,GMU,SC,ASO,ES,Federal Contract Tower,0,58,25,0,83,0,33,101,12,146,0,91,126,12,229,18,0,18,247
01/18/2007,GMU,SC,ASO,ES,Federal Contract Tower,0,27,0,0,27,0,0,0,0,0,0,27,0,0,27,0,0,0,27
01/19/2007,GMU,SC,ASO,ES,Federal Contract Tower,0,55,21,0,76,0,35,95,4,134,0,90,116,4,210,148,0,148,358
01/20/2007,GMU,SC,ASO,ES,Federal Contract Tower,0,18,21,0,39,0,22,100,14,136,0,40,121,14,175,84,0,84,259
01/21/2007,GMU,SC,ASO,ES,Federal Contract Tower,0,19,3,0,22,0,6,4,0,10,0,25,7,0,32,6,0,6,38
01/22/2007,GMU,SC,ASO,ES,Federal Contract Tower,0,35,6,0,41,0,6,1,0,7,0,41,7,0,48,0,0,0,48
01/23/2007,GMU,SC,ASO,ES,Federal Contract Tower,0,61,15,0,76,0,32,83,6,121,0,93,98,6,197,88,0,88,285
01/24/2007,GMU,SC,ASO,ES,Federal Contract Tower,0,72,22,0,94,0,42,74,22,138,0,114,96,22,232,78,0,78,310
01/25/2007,GMU,SC,ASO,ES,Federal Contract Tower,0,40,16,0,56,0,43,47,4,94,0,83,63,4,150,72,0,72,222
01/26/2007,GMU,SC,ASO,ES,Federal Contract Tower,0,47,11,0,58,0,32,83,6,121,0,79,94,6,179,72,0,72,251
01/27/2007,GMU,SC,ASO,ES,Federal Contract Tower,0,6,10,0,16,0,8,109,2,119,0,14,119,2,135,38,0,38,173
01/28/2007,GMU,SC,ASO,ES,Federal Contract Tower,0,15,9,0,24,0,25,47,0,72,0,40,56,0,96,20,0,20,116
01/29/2007,GMU,SC,ASO,ES,Federal Contract Tower,0,54,9,6,69,0,38,63,4,105,0,92,72,10,174,134,0,134,308
01/30/2007,GMU,SC,ASO,ES,Federal Contract Tower,0,40,11,0,51,0,26,82,10,118,0,66,93,10,169,8,0,8,177
01/31/2007,GMU,SC,ASO,ES,Federal Contract Tower,0,48,10,0,58,0,46,71,10,127,0,94,81,10,185,82,0,82,267
02/01/2007,GMU,SC,ASO,ES,Federal Contract Tower,0,19,0,0,19,0,2,0,0,2,0,21,0,0,21,0,0,0,21
02/02/2007,GMU,SC,ASO,ES,Federal Contract Tower,0,36,7,0,43,0,27,20,10,57,0,63,27,10,100,4,0,4,104
02/03/2007,GMU,SC,ASO,ES,Federal Contract Tower,0,17,14,0,31,0,21,66,13,100,0,38,80,13,131,52,0,52,183
02/04/2007,GMU,SC,ASO,ES,Federal Contract Tower,0,13,6,0,19,0,23,20,0,43,0,36,26,0,62,18,0,18,80
02/05/2007,GMU,SC,ASO,ES,Federal Contract Tower,0,43,20,0,63,0,27,62,2,91,0,70,82,2,154,64,0,64,218
02/06/2007,GMU,SC,ASO,ES,Federal Contract Tower,0,64,20,0,84,0,23,81,12,116,0,87,101,12,200,62,0,62,262
02/07/2007,GMU,SC,ASO,ES,Federal Contract Tower,0,56,13,0,69,0,49,60,8,117,0,105,73,8,186,44,0,44,230
02/08/2007,GMU,SC,ASO,ES,Federal Contract Tower,0,69,9,0,78,0,38,75,20,133,0,107,84,20,211,113,0,113,324
02/09/2007,GMU,SC,ASO,ES,Federal Contract Tower,0,54,15,0,69,0,38,88,4,130,0,92,103,4,199,102,0,102,301
02/10/2007,GMU,SC,ASO,ES,Federal Contract Tower,0,14,12,0,26,0,16,148,0,164,0,30,160,0,190,138,0,138,328
02/11/2007,GMU,SC,ASO,ES,Federal Contract Tower,0,11,13,0,24,0,13,56,2,71,0,24,69,2,95,32,0,32,127
02/12/2007,GMU,SC,ASO,ES,Federal Contract Tower,0,43,15,0,58,0,31,97,0,128,0,74,112,0,186,64,0,64,250
02/13/2007,GMU,SC,ASO,ES,Federal Contract Tower,0,58,11,0,69,0,7,11,0,18,0,65,22,0,87,20,0,20,107
02/14/2007,GMU,SC,ASO,ES,Federal Contract Tower,0,56,10,0,66,0,21,45,2,68,0,77,55,2,134,22,0,22,156
02/15/2007,GMU,SC,ASO,ES,Federal Contract Tower,0,48,18,0,66,0,37,110,16,163,0,85,128,16,229,54,0,54,283
02/16/2007,GMU,SC,ASO,ES,Federal Contract Tower,0,49,10,0,59,0,39,85,1,125,0,88,95,1,184,102,5,107,291
02/17/2007,GMU,SC,ASO,ES,Federal Contract Tower,0,19,9,0,28,0,14,44,16,74,0,33,53,16,102,42,0,42,144
02/18/2007,GMU,SC,ASO,ES,Federal Contract Tower,0,22,7,0,29,0,14,41,0,55,0,36,48,0,84,18,0,18,102
02/19/2007,GMU,SC,ASO,ES,Federal Contract Tower,0,39,12,0,51,0,35,75,0,110,0,74,87,0,161,36,0,36,197
02/20/2007,GMU,SC,ASO,ES,Federal Contract Tower,0,68,25,0,93,0,37,48,12,97,0,105,73,12,190,70,0,70,260
02/21/2007,GMU,SC,ASO,ES,Federal Contract Tower,0,68,20,0,88,0,36,51,6,93,0,104,71,6,181,24,0,24,205
02/22/2007,GMU,SC,ASO,ES,Federal Contract Tower,0,68,8,0,76,0,47,61,26,134,0,115,69,26,210,24,0,24,234
02/23/2007,GMU,SC,ASO,ES,Federal Contract Tower,0,41,19,0,60,0,41,105,2,148,0,82,124,2,208,86,0,86,294
02/24/2007,GMU,SC,ASO,ES,Federal Contract Tower,0,11,8,0,19,0,28,125,6,159,0,39,133,6,178,50,0,50,228
02/25/2007,GMU,SC,ASO,ES,Federal Contract Tower,0,20,7,0,27,0,2,0,0,2,0,22,7,0,29,0,0,0,29
02/26/2007,GMU,SC,ASO,ES,Federal Contract Tower,0,36,19,0,55,0,45,70,16,131,0,81,89,16,186,52,0,52,238
02/27/2007,GMU,SC,ASO,ES,Federal Contract Tower,0,57,15,0,72,0,37,109,10,156,0,94,124,10,228,88,0,88,316
02/28/2007,GMU,SC,ASO,ES,Federal Contract Tower,0,51,11,0,62,0,45,97,12,154,0,96,108,12,216,88,0,88,304
03/01/2007,GMU,SC,ASO,ES,Federal Contract Tower,0,37,8,0,45,0,0,0,0,0,0,37,8,0,45,0,0,0,45
03/02/2007,GMU,SC,ASO,ES,Federal Contract Tower,0,44,12,0,56,0,61,62,16,139,0,105,74,16,195,36,0,36,231
03/03/2007,GMU,SC,ASO,ES,Federal Contract Tower,0,19,7,0,26,0,10,56,0,66,0,29,63,0,92,20,0,20,112
03/04/2007,GMU,SC,ASO,ES,Federal Contract Tower,0,15,16,0,31,0,10,83,0,93,0,25,99,0,124,46,0,46,170
03/05/2007,GMU,SC,ASO,ES,Federal Contract Tower,0,34,10,0,44,0,25,71,0,96,0,59,81,0,140,62,0,62,202
03/06/2007,GMU,SC,ASO,ES,Federal Contract Tower,0,57,17,0,74,0,29,103,2,134,0,86,120,2,208,48,4,52,260
03/07/2007,GMU,SC,ASO,ES,Federal Contract Tower,0,54,20,0,74,0,40,70,18,128,0,94,90,18,202,14,0,14,216
03/08/2007,GMU,SC,ASO,ES,Federal Contract Tower,0,46,7,0,53,0,31,93,0,124,0,77,100,0,177,88,0,88,265
03/09/2007,GMU,SC,ASO,ES,Federal Contract Tower,0,51,25,0,76,0,27,95,2,124,0,78,120,2,200,82,0,82,282
03/10/2007,GMU,SC,ASO,ES,Federal Contract Tower,0,25,15,0,40,0,31,72,0,103,0,56,87,0,143,54,0,54,197
03/11/2007,GMU,SC,ASO,ES,Federal Contract Tower,0,33,10,0,43,0,20,42,0,62,0,53,52,0,105,28,0,28,133
03/12/2007,GMU,SC,ASO,ES,Federal Contract Tower,0,41,15,0,56,0,23,54,2,79,0,64,69,2,135,106,0,106,241
03/13/2007,GMU,SC,ASO,ES,Federal Contract Tower,0,41,26,0,67,0,35,120,8,163,0,76,146,8,230,26,0,26,256
03/14/2007,GMU,SC,ASO,ES,Federal Contract Tower,0,69,12,0,81,0,32,74,11,117,0,101,86,11,198,44,0,44,242
03/15/2007,GMU,SC,ASO,ES,Federal Contract Tower,0,58,17,0,75,0,56,83,8,147,0,114,100,8,222,92,0,92,314
03/16/2007,GMU,SC,ASO,ES,Federal Contract Tower,0,63,17,1,81,0,6,23,3,32,0,69,40,4,113,22,0,22,135
03/17/2007,GMU,SC,ASO,ES,Federal Contract Tower,0,15,17,0,32,0,19,60,2,81,0,34,77,2,113,40,0,40,153
03/18/2007,GMU,SC,ASO,ES,Federal Contract Tower,0,20,16,0,36,0,16,93,0,109,0,36,109,0,145,6,0,6,151
03/19/2007,GMU,SC,ASO,ES,Federal Contract Tower,0,46,8,0,54,0,41,54,18,113,0,87,62,18,167,34,0,34,201
03/20/2007,GMU,SC,ASO,ES,Federal Contract Tower,0,64,8,0,72,0,28,98,25,151,0,92,106,25,223,12,8,20,243
03/21/2007,GMU,SC,ASO,ES,Federal Contract Tower,0,54,16,0,70,0,52,62,6,120,0,106,78,6,190,14,0,14,204
03/22/2007,GMU,SC,ASO,ES,Federal Contract Tower,0,51,12,0,63,0,41,71,12,124,0,92,83,12,187,118,0,118,305
03/23/2007,GMU,SC,ASO,ES,Federal Contract Tower,0,37,17,0,54,0,55,102,17,174,0,92,119,17,228,66,0,66,294
03/24/2007,GMU,SC,ASO,ES,Federal Contract Tower,0,22,4,0,26,0,30,85,8,123,0,52,89,8,149,12,0,12,161
03/25/2007,GMU,SC,ASO,ES,Federal Contract Tower,0,32,17,0,49,0,17,54,0,71,0,49,71,0,120,50,0,50,170
03/26/2007,GMU,SC,ASO,ES,Federal Contract Tower,0,33,20,0,53,0,19,61,0,80,0,52,81,0,133,84,0,84,217
03/27/2007,GMU,SC,ASO,ES,Federal Contract Tower,0,52,18,0,70,0,19,76,35,130,0,71,94,35,200,42,4,46,246
03/28/2007,GMU,SC,ASO,ES,Federal Contract Tower,0,57,14,0,71,0,32,73,7,112,0,89,87,7,183,82,0,82,265
03/29/2007,GMU,SC,ASO,ES,Federal Contract Tower,0,77,25,0,102,0,17,18,8,43,0,94,43,8,145,8,0,8,153
03/30/2007,GMU,SC,ASO,ES,Federal Contract Tower,0,43,27,0,70,0,31,93,0,124,0,74,120,0,194,112,0,112,306
03/31/2007,GMU,SC,ASO,ES,Federal Contract Tower,0,15,20,0,35,0,26,104,6,136,0,41,124,6,171,86,0,86,257
04/01/2007,GMU,SC,ASO,ES,Federal Contract Tower,0,40,21,0,61,0,4,9,4,17,0,44,30,4,78,2,0,2,80
04/02/2007,GMU,SC,ASO,ES,Federal Contract Tower,0,39,13,0,52,0,12,49,0,61,0,51,62,0,113,40,0,40,153
04/03/2007,GMU,SC,ASO,ES,Federal Contract Tower,0,43,14,0,57,0,16,72,10,98,0,59,86,10,155,36,0,36,191
04/04/2007,GMU,SC,ASO,ES,Federal Contract Tower,0,51,10,0,61,0,30,56,4,90,0,81,66,4,151,64,0,64,215
04/05/2007,GMU,SC,ASO,ES,Federal Contract Tower,0,67,20,0,87,0,51,89,4,144,0,118,109,4,231,168,0,168,399
04/06/2007,GMU,SC,ASO,ES,Federal Contract Tower,0,41,24,0,65,0,38,131,8,177,0,79,155,8,242,70,0,70,312
04/07/2007,GMU,SC,ASO,ES,Federal Contract Tower,0,29,9,0,38,0,36,54,0,90,0,65,63,0,128,46,0,46,174
04/08/2007,GMU,SC,ASO,ES,Federal Contract Tower,0,15,8,0,23,0,11,44,0,55,0,26,52,0,78,4,0,4,82
04/09/2007,GMU,SC,ASO,ES,Federal Contract Tower,0,52,21,0,73,0,21,66,6,93,0,73,87,6,166,106,0,106,272
04/10/2007,GMU,SC,ASO,ES,Federal Contract Tower,0,39,21,0,60,0,54,108,6,168,0,93,129,6,228,82,0,82,310
04/11/2007,GMU,SC,ASO,ES,Federal Contract Tower,0,60,10,0,70,0,3,2,0,5,0,63,12,0,75,0,0,0,75
04/12/2007,GMU,SC,ASO,ES,Federal Contract Tower,0,75,18,0,93,0,35,47,12,94,0,110,65,12,187,18,0,18,205
04/13/2007,GMU,SC,ASO,ES,Federal Contract Tower,0,67,17,0,84,0,58,170,4,232,0,125,187,4,316,140,0,140,456
04/14/2007,GMU,SC,ASO,ES,Federal Contract Tower,0,16,8,0,24,0,5,56,15,76,0,21,64,15,100,22,0,22,122
04/15/2007,GMU,SC,ASO,ES,Federal Contract Tower,0,27,4,0,31,0,2,2,0,4,0,29,6,0,35,0,0,0,35
04/16/2007,GMU,SC,ASO,ES,Federal Contract Tower,0,25,8,0,33,0,15,39,0,54,0,40,47,0,87,8,0,8,95
04/17/2007,GMU,SC,ASO,ES,Federal Contract Tower,0,48,16,0,64,0,36,133,8,177,0,84,149,8,241,74,0,74,315
04/18/2007,GMU,SC,ASO,ES,Federal Contract Tower,0,72,27,0,99,0,41,86,10,137,0,113,113,10,236,72,0,72,308
04/19/2007,GMU,SC,ASO,ES,Federal Contract Tower,0,64,19,0,83,0,26,78,4,108,0,90,97,4,191,52,0,52,243
04/20/2007,GMU,SC,ASO,ES,Federal Contract Tower,0,45,23,0,68,0,34,107,0,141,0,79,130,0,209,120,0,120,329
04/21/2007,GMU,SC,ASO,ES,Federal Contract Tower,0,12,6,0,18,0,16,97,0,113,0,28,103,0,131,36,0,36,167
04/22/2007,GMU,SC,ASO,ES,Federal Contract Tower,0,27,26,0,53,0,17,96,0,113,0,44,122,0,166,42,0,42,208
04/23/2007,GMU,SC,ASO,ES,Federal Contract Tower,0,52,12,0,64,0,31,76,10,117,0,83,88,10,181,62,0,62,243
04/24/2007,GMU,SC,ASO,ES,Federal Contract Tower,0,69,10,0,79,0,36,80,9,125,0,105,90,9,204,10,0,10,214
04/25/2007,GMU,SC,ASO,ES,Federal Contract Tower,0,60,10,0,70,0,18,91,8,117,0,78,101,8,187,46,0,46,233
04/26/2007,GMU,SC,ASO,ES,Federal Contract Tower,0,59,20,0,79,0,41,54,0,95,0,100,74,0,174,46,0,46,220
04/27/2007,GMU,SC,ASO,ES,Federal Contract Tower,0,59,14,0,73,0,51,70,0,121,0,110,84,0,194,22,0,22,216
04/28/2007,GMU,SC,ASO,ES,Federal Contract Tower,0,27,12,0,39,0,16,83,2,101,0,43,95,2,140,98,0,98,238
04/29/2007,GMU,SC,ASO,ES,Federal Contract Tower,0,30,13,0,43,0,27,59,2,88,0,57,72,2,131,46,0,46,177
04/30/2007,GMU,SC,ASO,ES,Federal Contract Tower,0,49,15,0,64,0,40,90,22,152,0,89,105,22,216,88,0,88,304
05/01/2007,GMU,SC,ASO,ES,Federal Contract Tower,0,42,11,0,53,0,27,95,2,124,0,69,106,2,177,84,0,84,261
05/02/2007,GMU,SC,ASO,ES,Federal Contract Tower,0,59,30,0,89,0,52,88,3,143,0,111,118,3,232,34,6,40,272
05/03/2007,GMU,SC,ASO,ES,Federal Contract Tower,0,47,29,0,76,0,51,60,6,117,0,98,89,6,193,22,0,22,215
05/04/2007,GMU,SC,ASO,ES,Federal Contract Tower,0,59,32,0,91,0,16,17,2,35,0,75,49,2,126,4,0,4,130
05/05/2007,GMU,SC,ASO,ES,Federal Contract Tower,0,24,14,0,38,0,0,2,0,2,0,24,16,0,40,2,0,2,42
05/06/2007,GMU,SC,ASO,ES,Federal Contract Tower,0,36,16,0,52,0,28,19,2,49,0,64,35,2,101,6,0,6,107
05/07/2007,GMU,SC,ASO,ES,Federal Contract Tower,0,34,14,0,48,0,52,59,4,115,0,86,73,4,163,48,0,48,211
05/08/2007,GMU,SC,ASO,ES,Federal Contract Tower,0,58,12,0,70,0,31,74,18,123,0,89,86,18,193,30,0,30,223
05/09/2007,GMU,SC,ASO,ES,Federal Contract Tower,0,48,15,0,63,0,44,75,12,131,0,92,90,12,194,46,0,46,240
05/10/2007,GMU,SC,ASO,ES,Federal Contract Tower,0,63,13,0,76,0,36,102,4,142,0,99,115,4,218,90,0,90,308
05/11/2007,GMU,SC,ASO,ES,Federal Contract Tower,0,56,13,0,69,0,35,86,5,126,0,91,99,5,195,80,0,80,275
05/12/2007,GMU,SC,ASO,ES,Federal Contract Tower,0,21,18,0,39,0,15,42,0,57,0,36,60,0,96,30,0,30,126
05/13/2007,GMU,SC,ASO,ES,Federal Contract Tower,0,23,15,0,38,0,29,43,0,72,0,52,58,0,110,16,0,16,126
05/14/2007,GMU,SC,ASO,ES,Federal Contract Tower,0,44,8,0,52,0,33,75,2,110,0,77,83,2,162,96,0,96,258
05/15/2007,GMU,SC,ASO,ES,Federal Contract Tower,0,53,29,0,82,0,55,94,12,161,0,108,123,12,243,68,0,68,311
05/16/2007,GMU,SC,ASO,ES,Federal Contract Tower,0,67,18,0,85,0,26,38,10,74,0,93,56,10,159,28,0,28,187
05/17/2007,GMU,SC,ASO,ES,Federal Contract Tower,0,64,22,0,86,0,61,63,7,131,0,125,85,7,217,84,0,84,301
05/18/2007,GMU,SC,ASO,ES,Federal Contract Tower,0,59,24,0,83,0,49,64,27,140,0,108,88,27,223,74,0,74,297
05/19/2007,GMU,SC,ASO,ES,Federal Contract Tower,0,25,14,0,39,0,28,93,1,122,0,53,107,1,161,36,0,36,197
05/20/2007,GMU,SC,ASO,ES,Federal Contract Tower,0,24,12,0,36,0,27,59,0,86,0,51,71,0,122,36,0,36,158
05/21/2007,GMU,SC,ASO,ES,Federal Contract Tower,0,35,19,0,54,0,31,88,14,133,0,66,107,14,187,70,0,70,257
05/22/2007,GMU,SC,ASO,ES,Federal Contract Tower,0,57,19,0,76,0,24,72,6,102,0,81,91,6,178,132,0,132,310
05/23/2007,GMU,SC,ASO,ES,Federal Contract Tower,0,55,28,0,83,0,59,82,3,144,0,114,110,3,227,42,0,42,269
05/24/2007,GMU,SC,ASO,ES,Federal Contract Tower,0,54,17,0,71,0,39,95,7,141,0,93,112,7,212,120,0,120,332
05/25/2007,GMU,SC,ASO,ES,Federal Contract Tower,0,54,19,0,73,0,33,106,21,160,0,87,125,21,233,104,12,116,349
05/26/2007,GMU,SC,ASO,ES,Federal Contract Tower,0,21,15,0,36,0,31,74,0,105,0,52,89,0,141,44,0,44,185
05/27/2007,GMU,SC,ASO,ES,Federal Contract Tower,0,20,12,0,32,0,17,38,0,55,0,37,50,0,87,2,0,2,89
05/28/2007,GMU,SC,ASO,ES,Federal Contract Tower,0,26,16,0,42,0,32,65,0,97,0,58,81,0,139,32,0,32,171
05/29/2007,GMU,SC,ASO,ES,Federal Contract Tower,0,49,11,0,60,0,38,77,14,129,0,87,88,14,189,24,2,26,215
05/30/2007,GMU,SC,ASO,ES,Federal Contract Tower,0,35,19,0,54,0,13,80,13,106,0,48,99,13,160,84,0,84,244
05/31/2007,GMU,SC,ASO,ES,Federal Contract Tower,0,58,21,0,79,0,24,71,2,97,0,82,92,2,176,106,0,106,282
06/01/2007,GMU,SC,ASO,ES,Federal Contract Tower,0,39,20,0,59,0,38,86,4,128,0,77,106,4,187,92,0,92,279
06/02/2007,GMU,SC,ASO,ES,Federal Contract Tower,0,20,23,1,44,0,22,59,11,92,0,42,82,12,136,38,0,38,174
06/03/2007,GMU,SC,ASO,ES,Federal Contract Tower,0,15,20,0,35,0,14,26,0,40,0,29,46,0,75,18,0,18,93
06/04/2007,GMU,SC,ASO,ES,Federal Contract Tower,0,42,12,0,54,0,20,33,6,59,0,62,45,6,113,2,0,2,115
06/05/2007,GMU,SC,ASO,ES,Federal Contract Tower,0,58,16,0,74,0,31,53,15,99,0,89,69,15,173,22,10,32,205
06/06/2007,GMU,SC,ASO,ES,Federal Contract Tower,0,69,26,0,95,0,47,95,22,164,0,116,121,22,259,66,0,66,325
06/07/2007,GMU,SC,ASO,ES,Federal Contract Tower,0,54,23,0,77,0,61,92,14,167,0,115,115,14,244,84,18,102,346
06/08/2007,GMU,SC,ASO,ES,Federal Contract Tower,0,62,15,0,77,0,61,69,7,137,0,123,84,7,214,22,10,32,246
06/09/2007,GMU,SC,ASO,ES,Federal Contract Tower,0,26,14,0,40,0,26,41,2,69,0,52,55,2,109,18,0,18,127
06/10/2007,GMU,SC,ASO,ES,Federal Contract Tower,0,35,11,0,46,0,24,53,2,79,0,59,64,2,125,14,0,14,139
06/11/2007,GMU,SC,ASO,ES,Federal Contract Tower,0,31,18,0,49,0,15,10,11,36,0,46,28,11,85,4,28,32,117
06/12/2007,GMU,SC,ASO,ES,Federal Contract Tower,0,53,18,0,71,0,24,32,17,73,0,77,50,17,144,24,0,24,168
06/13/2007,GMU,SC,ASO,ES,Federal Contract Tower,0,56,20,0,76,0,24,45,8,77,0,80,65,8,153,0,0,0,153
06/14/2007,GMU,SC,ASO,ES,Federal Contract Tower,0,65,18,0,83,0,33,58,7,98,0,98,76,7,181,52,26,78,259
06/15/2007,GMU,SC,ASO,ES,Federal Contract Tower,0,64,27,0,91,0,9,5,8,22,0,73,32,8,113,4,0,4,117
06/16/2007,GMU,SC,ASO,ES,Federal Contract Tower,0,19,14,0,33,0,17,28,0,45,0,36,42,0,78,26,0,26,104
06/17/2007,GMU,SC,ASO,ES,Federal Contract Tower,0,17,18,0,35,0,6,67,0,73,0,23,85,0,108,18,0,18,126
06/18/2007,GMU,SC,ASO,ES,Federal Contract Tower,0,55,11,0,66,0,35,63,6,104,0,90,74,6,170,82,0,82,252
06/19/2007,GMU,SC,ASO,ES,Federal Contract Tower,0,45,11,0,56,0,39,82,16,137,0,84,93,16,193,34,0,34,227
06/20/2007,GMU,SC,ASO,ES,Federal Contract Tower,0,50,23,0,73,0,40,59,10,109,0,90,82,10,182,40,8,48,230
06/21/2007,GMU,SC,ASO,ES,Federal Contract Tower,0,53,9,0,62,0,40,64,3,107,0,93,73,3,169,52,0,52,221
06/22/2007,GMU,SC,ASO,ES,Federal Contract Tower,0,50,11,0,61,0,45,84,11,140,0,95,95,11,201,40,0,40,241
06/23/2007,GMU,SC,ASO,ES,Federal Contract Tower,0,26,10,0,36,0,21,112,0,133,0,47,122,0,169,56,0,56,225
06/24/2007,GMU,SC,ASO,ES,Federal Contract Tower,0,23,23,0,46,0,37,42,0,79,0,60,65,0,125,18,0,18,143
06/25/2007,GMU,SC,ASO,ES,Federal Contract Tower,0,56,18,0,74,0,21,30,4,55,0,77,48,4,129,28,2,30,159
06/26/2007,GMU,SC,ASO,ES,Federal Contract Tower,0,40,9,2,51,0,15,56,20,91,0,55,65,22,142,14,2,16,158
06/27/2007,GMU,SC,ASO,ES,Federal Contract Tower,0,51,24,2,77,0,35,54,7,96,0,86,78,9,173,32,0,32,205
06/28/2007,GMU,SC,ASO,ES,Federal Contract Tower,0,39,27,0,66,0,23,51,12,86,0,62,78,12,152,30,4,34,186
06/29/2007,GMU,SC,ASO,ES,Federal Contract Tower,0,40,17,0,57,0,26,67,10,103,0,66,84,10,160,52,0,52,212
06/30/2007,GMU,SC,ASO,ES,Federal Contract Tower,0,29,12,0,41,0,26,72,0,98,0,55,84,0,139,48,0,48,187
07/01/2007,GMU,SC,ASO,ES,Federal Contract Tower,0,21,22,0,43,0,8,47,0,55,0,29,69,0,98,38,0,38,136
07/02/2007,GMU,SC,ASO,ES,Federal Contract Tower,0,37,23,0,60,0,19,20,4,43,0,56,43,4,103,0,2,2,105
07/03/2007,GMU,SC,ASO,ES,Federal Contract Tower,0,35,9,0,44,0,28,74,14,116,0,63,83,14,160,24,56,80,240
07/04/2007,GMU,SC,ASO,ES,Federal Contract Tower,0,12,18,0,30,0,8,68,0,76,0,20,86,0,106,6,0,6,112
07/05/2007,GMU,SC,ASO,ES,Federal Contract Tower,0,32,23,0,55,0,35,57,10,102,0,67,80,10,157,44,0,44,201
07/06/2007,GMU,SC,ASO,ES,Federal Contract Tower,0,26,20,0,46,0,23,52,11,86,0,49,72,11,132,46,0,46,178
07/07/2007,GMU,SC,ASO,ES,Federal Contract Tower,0,17,14,0,31,0,21,49,0,70,0,38,63,0,101,34,0,34,135
07/08/2007,GMU,SC,ASO,ES,Federal Contract Tower,0,39,26,0,65,0,21,31,0,52,0,60,57,0,117,20,0,20,137
07/09/2007,GMU,SC,ASO,ES,Federal Contract Tower,0,44,9,0,53,0,20,38,7,65,0,64,47,7,118,46,0,46,164
07/10/2007,GMU,SC,ASO,ES,Federal Contract Tower,0,51,25,0,76,0,52,53,8,113,0,103,78,8,189,14,2,16,205
07/11/2007,GMU,SC,ASO,ES,Federal Contract Tower,0,47,14,0,61,0,56,51,4,111,0,103,65,4,172,36,4,40,212
07/12/2007,GMU,SC,ASO,ES,Federal Contract Tower,0,65,13,0,78,0,31,83,11,125,0,96,96,11,203,46,2,48,251
07/13/2007,GMU,SC,ASO,ES,Federal Contract Tower,0,50,24,0,74,0,35,71,12,118,0,85,95,12,192,50,0,50,242
07/14/2007,GMU,SC,ASO,ES,Federal Contract Tower,0,18,11,0,29,0,11,71,2,84,0,29,82,2,113,28,0,28,141
07/15/2007,GMU,SC,ASO,ES,Federal Contract Tower,0,32,14,0,46,0,14,27,0,41,0,46,41,0,87,4,0,4,91
07/16/2007,GMU,SC,ASO,ES,Federal Contract Tower,0,56,20,0,76,0,27,31,10,68,0,83,51,10,144,46,0,46,190
07/17/2007,GMU,SC,ASO,ES,Federal Contract Tower,0,59,19,0,78,0,34,69,10,113,0,93,88,10,191,34,0,34,225
07/18/2007,GMU,SC,ASO,ES,Federal Contract Tower,0,56,12,0,68,0,58,62,24,144,0,114,74,24,212,32,2,34,246
07/19/2007,GMU,SC,ASO,ES,Federal Contract Tower,0,42,30,0,72,0,32,75,10,117,0,74,105,10,189,74,14,88,277
07/20/2007,GMU,SC,ASO,ES,Federal Contract Tower,0,56,13,0,69,0,42,59,26,127,0,98,72,26,196,16,0,16,212
07/21/2007,GMU,SC,ASO,ES,Federal Contract Tower,0,20,4,0,24,0,26,74,0,100,0,46,78,0,124,28,0,28,152
07/22/2007,GMU,SC,ASO,ES,Federal Contract Tower,0,29,16,0,45,0,36,68,2,106,0,65,84,2,151,22,0,22,173
07/23/2007,GMU,SC,ASO,ES,Federal Contract Tower,0,54,12,0,66,0,33,66,20,119,0,87,78,20,185,34,0,34,219
07/24/2007,GMU,SC,ASO,ES,Federal Contract Tower,0,31,14,0,45,0,43,65,13,121,0,74,79,13,166,68,0,68,234
07/25/2007,GMU,SC,ASO,ES,Federal Contract Tower,0,48,18,0,66,0,36,51,18,105,0,84,69,18,171,34,0,34,205
07/26/2007,GMU,SC,ASO,ES,Federal Contract Tower,0,58,16,0,74,0,31,72,8,111,0,89,88,8,185,72,0,72,257
07/27/2007,GMU,SC,ASO,ES,Federal Contract Tower,0,51,22,1,74,0,40,57,5,102,0,91,79,6,176,28,0,28,204
07/28/2007,GMU,SC,ASO,ES,Federal Contract Tower,0,27,21,0,48,0,1,10,0,11,0,28,31,0,59,8,0,8,67
07/29/2007,GMU,SC,ASO,ES,Federal Contract Tower,0,21,24,3,48,0,3,14,1,18,0,24,38,4,66,28,0,28,94
07/30/2007,GMU,SC,ASO,ES,Federal Contract Tower,0,53,17,0,70,0,14,15,34,63,0,67,32,34,133,16,0,16,149
07/31/2007,GMU,SC,ASO,ES,Federal Contract Tower,0,52,33,0,85,0,30,62,15,107,0,82,95,15,192,34,4,38,230
08/01/2007,GMU,SC,ASO,ES,Federal Contract Tower,0,48,16,0,64,0,37,56,10,103,0,85,72,10,167,48,8,56,223
08/02/2007,GMU,SC,ASO,ES,Federal Contract Tower,0,57,16,0,73,0,43,76,13,132,0,100,92,13,205,48,0,48,253
08/03/2007,GMU,SC,ASO,ES,Federal Contract Tower,0,45,14,0,59,0,32,82,8,122,0,77,96,8,181,60,0,60,241
08/04/2007,GMU,SC,ASO,ES,Federal Contract Tower,0,31,15,0,46,0,37,103,0,140,0,68,118,0,186,70,0,70,256
08/05/2007,GMU,SC,ASO,ES,Federal Contract Tower,0,41,10,1,52,0,19,48,0,67,0,60,58,1,119,36,0,36,155
08/06/2007,GMU,SC,ASO,ES,Federal Contract Tower,0,56,22,0,78,0,28,51,8,87,0,84,73,8,165,116,0,116,281
08/07/2007,GMU,SC,ASO,ES,Federal Contract Tower,0,40,17,0,57,0,38,71,16,125,0,78,88,16,182,74,0,74,256
08/08/2007,GMU,SC,ASO,ES,Federal Contract Tower,0,54,18,0,72,0,53,65,26,144,0,107,83,26,216,40,0,40,256
08/09/2007,GMU,SC,ASO,ES,Federal Contract Tower,0,56,10,0,66,0,35,38,10,83,0,91,48,10,149,72,0,72,221
08/10/2007,GMU,SC,ASO,ES,Federal Contract Tower,0,40,18,0,58,0,64,66,7,137,0,104,84,7,195,98,0,98,293
08/11/2007,GMU,SC,ASO,ES,Federal Contract Tower,0,26,8,0,34,0,19,79,0,98,0,45,87,0,132,74,0,74,206
08/12/2007,GMU,SC,ASO,ES,Federal Contract Tower,0,31,15,0,46,0,20,21,0,41,0,51,36,0,87,48,0,48,135
08/13/2007,GMU,SC,ASO,ES,Federal Contract Tower,0,46,15,0,61,0,50,39,8,97,0,96,54,8,158,72,0,72,230
08/14/2007,GMU,SC,ASO,ES,Federal Contract Tower,0,51,13,0,64,0,41,80,2,123,0,92,93,2,187,70,0,70,257
08/15/2007,GMU,SC,ASO,ES,Federal Contract Tower,0,65,21,0,86,0,42,60,4,106,0,107,81,4,192,48,0,48,240
08/16/2007,GMU,SC,ASO,ES,Federal Contract Tower,0,44,15,0,59,0,43,52,0,95,0,87,67,0,154,36,6,42,196
08/17/2007,GMU,SC,ASO,ES,Federal Contract Tower,0,58,25,1,84,0,34,62,0,96,0,92,87,1,180,84,0,84,264
08/18/2007,GMU,SC,ASO,ES,Federal Contract Tower,0,13,10,1,24,0,18,85,0,103,0,31,95,1,127,36,0,36,163
08/19/2007,GMU,SC,ASO,ES,Federal Contract Tower,0,18,15,0,33,0,24,47,2,73,0,42,62,2,106,12,0,12,118
08/20/2007,GMU,SC,ASO,ES,Federal Contract Tower,0,28,7,0,35,0,33,56,4,93,0,61,63,4,128,62,0,62,190
08/21/2007,GMU,SC,ASO,ES,Federal Contract Tower,0,33,12,0,45,0,42,64,14,120,0,75,76,14,165,76,0,76,241
08/22/2007,GMU,SC,ASO,ES,Federal Contract Tower,0,48,10,0,58,0,31,74,6,111,0,79,84,6,169,68,4,72,241
08/23/2007,GMU,SC,ASO,ES,Federal Contract Tower,0,66,11,0,77,0,28,60,4,92,0,94,71,4,169,88,0,88,257
08/24/2007,GMU,SC,ASO,ES,Federal Contract Tower,0,43,30,0,73,0,25,63,11,99,0,68,93,11,172,60,0,60,232
08/25/2007,GMU,SC,ASO,ES,Federal Contract Tower,0,23,16,0,39,0,16,53,0,69,0,39,69,0,108,68,0,68,176
08/26/2007,GMU,SC,ASO,ES,Federal Contract Tower,0,28,18,0,46,0,15,37,2,54,0,43,55,2,100,38,0,38,138
08/27/2007,GMU,SC,ASO,ES,Federal Contract Tower,0,56,17,0,73,0,37,43,9,89,0,93,60,9,162,62,6,68,230
08/28/2007,GMU,SC,ASO,ES,Federal Contract Tower,0,60,16,0,76,0,40,46,2,88,0,100,62,2,164,38,0,38,202
08/29/2007,GMU,SC,ASO,ES,Federal Contract Tower,0,88,12,0,100,0,36,47,6,89,0,124,59,6,189,68,0,68,257
08/30/2007,GMU,SC,ASO,ES,Federal Contract Tower,0,62,14,0,76,0,16,57,24,97,0,78,71,24,173,48,0,48,221
08/31/2007,GMU,SC,ASO,ES,Federal Contract Tower,0,54,32,0,86,0,30,92,9,131,0,84,124,9,217,74,0,74,291
09/01/2007,GMU,SC,ASO,ES,Federal Contract Tower,0,11,17,0,28,0,46,37,2,85,0,57,54,2,113,28,0,28,141
09/02/2007,GMU,SC,ASO,ES,Federal Contract Tower,0,12,15,0,27,0,31,37,2,70,0,43,52,2,97,24,0,24,121
09/03/2007,GMU,SC,ASO,ES,Federal Contract Tower,0,31,18,0,49,0,43,74,0,117,0,74,92,0,166,48,0,48,214
09/04/2007,GMU,SC,ASO,ES,Federal Contract Tower,0,53,15,0,68,0,17,77,5,99,0,70,92,5,167,56,0,56,223
09/05/2007,GMU,SC,ASO,ES,Federal Contract Tower,0,43,21,0,64,0,18,57,8,83,0,61,78,8,147,18,0,18,165
09/06/2007,GMU,SC,ASO,ES,Federal Contract Tower,0,51,30,0,81,0,31,71,14,116,0,82,101,14,197,86,4,90,287
09/07/2007,GMU,SC,ASO,ES,Federal Contract Tower,0,37,23,0,60,0,20,87,14,121,0,57,110,14,181,80,4,84,265
09/08/2007,GMU,SC,ASO,ES,Federal Contract Tower,0,25,15,0,40,0,22,52,2,76,0,47,67,2,116,68,0,68,184
09/09/2007,GMU,SC,ASO,ES,Federal Contract Tower,0,23,18,0,41,0,14,37,0,51,0,37,55,0,92,12,0,12,104
09/10/2007,GMU,SC,ASO,ES,Federal Contract Tower,0,24,16,0,40,0,35,62,8,105,0,59,78,8,145,52,0,52,197
09/11/2007,GMU,SC,ASO,ES,Federal Contract Tower,0,44,14,0,58,0,27,46,16,89,0,71,60,16,147,20,0,20,167
09/12/2007,GMU,SC,ASO,ES,Federal Contract Tower,0,75,21,0,96,0,32,50,23,105,0,107,71,23,201,30,2,32,233
09/13/2007,GMU,SC,ASO,ES,Federal Contract Tower,0,63,31,0,94,0,0,2,0,2,0,63,33,0,96,0,0,0,96
09/14/2007,GMU,SC,ASO,ES,Federal Contract Tower,0,49,17,0,66,0,12,10,0,22,0,61,27,0,88,0,0,0,88
09/15/2007,GMU,SC,ASO,ES,Federal Contract Tower,0,16,14,0,30,0,17,77,0,94,0,33,91,0,124,90,0,90,214
09/16/2007,GMU,SC,ASO,ES,Federal Contract Tower,0,31,11,0,42,0,27,53,4,84,0,58,64,4,126,34,0,34,160
09/17/2007,GMU,SC,ASO,ES,Federal Contract Tower,0,41,11,0,52,0,33,89,6,128,0,74,100,6,180,80,0,80,260
09/18/2007,GMU,SC,ASO,ES,Federal Contract Tower,0,48,15,0,63,0,44,112,34,190,0,92,127,34,253,70,0,70,323
09/19/2007,GMU,SC,ASO,ES,Federal Contract Tower,0,49,12,0,61,0,43,57,14,114,0,92,69,14,175,60,0,60,235
09/20/2007,GMU,SC,ASO,ES,Federal Contract Tower,0,42,33,0,75,0,51,56,19,126,0,93,89,19,201,80,0,80,281
09/21/2007,GMU,SC,ASO,ES,Federal Contract Tower,0,27,28,0,55,0,35,51,6,92,0,62,79,6,147,58,0,58,205
09/22/2007,GMU,SC,ASO,ES,Federal Contract Tower,0,17,23,0,40,0,8,48,2,58,0,25,71,2,98,62,0,62,160
09/23/2007,GMU,SC,ASO,ES,Federal Contract Tower,0,34,13,0,47,0,23,50,0,73,0,57,63,0,120,62,0,62,182
09/24/2007,GMU,SC,ASO,ES,Federal Contract Tower,0,51,20,0,71,0,31,66,22,119,0,82,86,22,190,104,0,104,294
09/25/2007,GMU,SC,ASO,ES,Federal Contract Tower,0,53,25,0,78,0,32,77,12,121,0,85,102,12,199,76,0,76,275
09/26/2007,GMU,SC,ASO,ES,Federal Contract Tower,0,56,20,0,76,0,41,64,14,119,0,97,84,14,195,66,0,66,261
09/27/2007,GMU,SC,ASO,ES,Federal Contract Tower,0,47,19,0,66,0,43,64,18,125,0,90,83,18,191,102,0,102,293
09/28/2007,GMU,SC,ASO,ES,Federal Contract Tower,0,46,11,0,57,0,25,86,10,121,0,71,97,10,178,68,0,68,246
09/29/2007,GMU,SC,ASO,ES,Federal Contract Tower,0,22,11,0,33,0,16,84,6,106,0,38,95,6,139,48,0,48,187
09/30/2007,GMU,SC,ASO,ES,Federal Contract Tower,0,30,19,0,49,0,65,69,0,134,0,95,88,0,183,36,0,36,219
10/01/2007,GMU,SC,ASO,ES,Federal Contract Tower,0,50,9,0,59,0,33,98,11,142,0,83,107,11,201,98,6,104,305
10/02/2007,GMU,SC,ASO,ES,Federal Contract Tower,0,46,24,0,70,0,74,75,13,162,0,120,99,13,232,38,0,38,270
10/03/2007,GMU,SC,ASO,ES,Federal Contract Tower,0,62,18,1,81,0,31,57,41,129,0,93,75,42,210,102,2,104,314
10/04/2007,GMU,SC,ASO,ES,Federal Contract Tower,0,65,22,0,87,0,19,23,10,52,0,84,45,10,139,0,0,0,139
10/05/2007,GMU,SC,ASO,ES,Federal Contract Tower,0,60,16,0,76,0,24,41,6,71,0,84,57,6,147,22,0,22,169
10/06/2007,GMU,SC,ASO,ES,Federal Contract Tower,0,37,17,0,54,0,17,52,10,79,0,54,69,10,133,30,0,30,163
10/07/2007,GMU,SC,ASO,ES,Federal Contract Tower,0,29,17,0,46,0,20,90,4,114,0,49,107,4,160,10,0,10,170
10/08/2007,GMU,SC,ASO,ES,Federal Contract Tower,0,46,15,0,61,0,24,85,4,113,0,70,100,4,174,148,0,148,322
10/09/2007,GMU,SC,ASO,ES,Federal Contract Tower,0,52,12,0,64,0,54,111,9,174,0,106,123,9,238,94,0,94,332
10/10/2007,GMU,SC,ASO,ES,Federal Contract Tower,0,60,28,0,88,0,38,72,7,117,0,98,100,7,205,80,6,86,291
10/11/2007,GMU,SC,ASO,ES,Federal Contract Tower,0,41,33,0,74,0,40,80,6,126,0,81,113,6,200,68,0,68,268
10/12/2007,GMU,SC,ASO,ES,Federal Contract Tower,0,40,18,0,58,0,52,79,10,141,0,92,97,10,199,96,8,104,303
10/13/2007,GMU,SC,ASO,ES,Federal Contract Tower,0,18,8,0,26,0,5,66,2,73,0,23,74,2,99,84,0,84,183
10/14/2007,GMU,SC,ASO,ES,Federal Contract Tower,0,34,18,0,52,0,28,51,0,79,0,62,69,0,131,6,0,6,137
10/15/2007,GMU,SC,ASO,ES,Federal Contract Tower,0,39,10,0,49,0,37,68,7,112,0,76,78,7,161,72,0,72,233
10/16/2007,GMU,SC,ASO,ES,Federal Contract Tower,0,52,26,0,78,0,24,67,2,93,0,76,93,2,171,74,0,74,245
10/17/2007,GMU,SC,ASO,ES,Federal Contract Tower,0,58,35,0,93,0,32,38,0,70,0,90,73,0,163,50,0,50,213
10/18/2007,GMU,SC,ASO,ES,Federal Contract Tower,0,53,22,3,78,0,26,31,6,63,0,79,53,9,141,62,0,62,203
10/19/2007,GMU,SC,ASO,ES,Federal Contract Tower,0,43,26,0,69,0,23,39,0,62,0,66,65,0,131,24,0,24,155
10/20/2007,GMU,SC,ASO,ES,Federal Contract Tower,0,23,6,4,33,0,38,90,2,130,0,61,96,6,163,48,0,48,211
10/21/2007,GMU,SC,ASO,ES,Federal Contract Tower,0,36,17,0,53,0,46,82,2,130,0,82,99,2,183,24,0,24,207
10/22/2007,GMU,SC,ASO,ES,Federal Contract Tower,0,50,18,0,68,0,16,6,0,22,0,66,24,0,90,20,0,20,110
10/23/2007,GMU,SC,ASO,ES,Federal Contract Tower,0,37,32,0,69,0,13,25,6,44,0,50,57,6,113,18,0,18,131
10/24/2007,GMU,SC,ASO,ES,Federal Contract Tower,0,53,25,0,78,0,13,19,10,42,0,66,44,10,120,34,4,38,158
10/25/2007,GMU,SC,ASO,ES,Federal Contract Tower,0,62,12,0,74,0,39,77,21,137,0,101,89,21,211,138,0,138,349
10/26/2007,GMU,SC,ASO,ES,Federal Contract Tower,0,47,16,0,63,0,20,50,5,75,0,67,66,5,138,74,0,74,212
10/27/2007,GMU,SC,ASO,ES,Federal Contract Tower,0,19,27,0,46,0,26,61,2,89,0,45,88,2,135,58,2,60,195
10/28/2007,GMU,SC,ASO,ES,Federal Contract Tower,0,23,12,0,35,0,34,46,0,80,0,57,58,0,115,18,0,18,133
10/29/2007,GMU,SC,ASO,ES,Federal Contract Tower,0,51,12,0,63,0,42,68,5,115,0,93,80,5,178,82,0,82,260
10/30/2007,GMU,SC,ASO,ES,Federal Contract Tower,0,39,21,0,60,0,13,91,10,114,0,52,112,10,174,78,0,78,252
10/31/2007,GMU,SC,ASO,ES,Federal Contract Tower,0,30,16,0,46,0,34,82,6,122,0,64,98,6,168,126,0,126,294
11/01/2007,GMU,SC,ASO,ES,Federal Contract Tower,0,48,26,0,74,0,23,71,13,107,0,71,97,13,181,104,0,104,285
11/02/2007,GMU,SC,ASO,ES,Federal Contract Tower,0,43,16,0,59,0,34,53,11,98,0,77,69,11,157,116,0,116,273
11/03/2007,GMU,SC,ASO,ES,Federal Contract Tower,0,16,14,0,30,0,15,77,0,92,0,31,91,0,122,48,0,48,170
11/04/2007,GMU,SC,ASO,ES,Federal Contract Tower,0,30,18,2,50,0,8,58,10,76,0,38,76,12,126,42,0,42,168
11/05/2007,GMU,SC,ASO,ES,Federal Contract Tower,0,42,10,1,53,0,27,67,10,104,0,69,77,11,157,144,0,144,301
11/06/2007,GMU,SC,ASO,ES,Federal Contract Tower,0,56,20,0,76,0,45,83,8,136,0,101,103,8,212,156,0,156,368
11/07/2007,GMU,SC,ASO,ES,Federal Contract Tower,0,39,17,0,56,0,34,80,7,121,0,73,97,7,177,136,0,136,313
11/08/2007,GMU,SC,ASO,ES,Federal Contract Tower,0,36,21,0,57,0,42,96,23,161,0,78,117,23,218,160,0,160,378
11/09/2007,GMU,SC,ASO,ES,Federal Contract Tower,0,46,24,0,70,0,44,83,6,133,0,90,107,6,203,108,2,110,313
11/10/2007,GMU,SC,ASO,ES,Federal Contract Tower,0,22,12,1,35,0,12,66,0,78,0,34,78,1,113,64,0,64,177
11/11/2007,GMU,SC,ASO,ES,Federal Contract Tower,0,39,7,0,46,0,14,63,0,77,0,53,70,0,123,24,0,24,147
11/12/2007,GMU,SC,ASO,ES,Federal Contract Tower,0,46,26,2,74,0,38,70,34,142,0,84,96,36,216,86,0,86,302
11/13/2007,GMU,SC,ASO,ES,Federal Contract Tower,0,58,38,0,96,0,46,83,14,143,0,104,121,14,239,42,0,42,281
11/14/2007,GMU,SC,ASO,ES,Federal Contract Tower,0,55,38,0,93,0,52,66,5,123,0,107,104,5,216,86,0,86,302
11/15/2007,GMU,SC,ASO,ES,Federal Contract Tower,0,62,17,2,81,0,37,35,4,76,0,99,52,6,157,22,0,22,179
11/16/2007,GMU,SC,ASO,ES,Federal Contract Tower,0,63,20,0,83,0,43,94,0,137,0,106,114,0,220,76,0,76,296
11/17/2007,GMU,SC,ASO,ES,Federal Contract Tower,0,16,8,0,24,0,8,80,0,88,0,24,88,0,112,66,0,66,178
11/18/2007,GMU,SC,ASO,ES,Federal Contract Tower,0,29,7,0,36,0,20,79,0,99,0,49,86,0,135,30,0,30,165
11/19/2007,GMU,SC,ASO,ES,Federal Contract Tower,0,56,16,0,72,0,26,86,19,131,0,82,102,19,203,66,0,66,269
11/20/2007,GMU,SC,ASO,ES,Federal Contract Tower,0,53,16,0,69,0,49,90,0,139,0,102,106,0,208,98,0,98,306
11/21/2007,GMU,SC,ASO,ES,Federal Contract Tower,0,47,20,0,67,0,63,90,3,156,0,110,110,3,223,48,0,48,271
11/22/2007,GMU,SC,ASO,ES,Federal Contract Tower,0,11,8,0,19,0,8,14,0,22,0,19,22,0,41,4,0,4,45
11/23/2007,GMU,SC,ASO,ES,Federal Contract Tower,0,14,14,0,28,0,26,61,0,87,0,40,75,0,115,26,0,26,141
11/24/2007,GMU,SC,ASO,ES,Federal Contract Tower,0,17,12,0,29,0,29,61,0,90,0,46,73,0,119,44,0,44,163
11/25/2007,GMU,SC,ASO,ES,Federal Contract Tower,0,53,24,0,77,0,14,15,0,29,0,67,39,0,106,10,0,10,116
11/26/2007,GMU,SC,ASO,ES,Federal Contract Tower,0,21,6,0,27,0,0,0,0,0,0,21,6,0,27,0,0,0,27
11/27/2007,GMU,SC,ASO,ES,Federal Contract Tower,0,68,20,1,89,0,61,79,23,163,0,129,99,24,252,90,0,90,342
11/28/2007,GMU,SC,ASO,ES,Federal Contract Tower,0,50,19,0,69,0,50,92,19,161,0,100,111,19,230,36,0,36,266
11/29/2007,GMU,SC,ASO,ES,Federal Contract Tower,0,49,17,0,66,0,37,97,16,150,0,86,114,16,216,102,0,102,318
11/30/2007,GMU,SC,ASO,ES,Federal Contract Tower,0,63,13,0,76,0,37,105,15,157,0,100,118,15,233,44,0,44,277
12/01/2007,GMU,SC,ASO,ES,Federal Contract Tower,0,13,18,0,31,0,16,92,0,108,0,29,110,0,139,48,0,48,187
12/02/2007,GMU,SC,ASO,ES,Federal Contract Tower,0,32,22,0,54,0,11,30,0,41,0,43,52,0,95,16,0,16,111
12/03/2007,GMU,SC,ASO,ES,Federal Contract Tower,0,49,9,0,58,0,30,46,10,86,0,79,55,10,144,26,0,26,170
12/04/2007,GMU,SC,ASO,ES,Federal Contract Tower,0,52,12,0,64,0,49,59,17,125,0,101,71,17,189,74,0,74,263
12/05/2007,GMU,SC,ASO,ES,Federal Contract Tower,0,59,18,0,77,0,38,57,2,97,0,97,75,2,174,16,0,16,190
12/06/2007,GMU,SC,ASO,ES,Federal Contract Tower,0,51,23,0,74,0,37,62,24,123,0,88,85,24,197,118,0,118,315
12/07/2007,GMU,SC,ASO,ES,Federal Contract Tower,0,48,18,0,66,0,16,35,4,55,0,64,53,4,121,30,0,30,151
12/08/2007,GMU,SC,ASO,ES,Federal Contract Tower,0,27,10,0,37,0,7,66,2,75,0,34,76,2,112,16,0,16,128
12/09/2007,GMU,SC,ASO,ES,Federal Contract Tower,0,34,18,0,52,0,6,25,4,35,0,40,43,4,87,18,0,18,105
12/10/2007,GMU,SC,ASO,ES,Federal Contract Tower,0,37,11,0,48,0,19,45,13,77,0,56,56,13,125,18,0,18,143
12/11/2007,GMU,SC,ASO,ES,Federal Contract Tower,0,61,17,1,79,0,34,44,22,100,0,95,61,23,179,26,0,26,205
12/12/2007,GMU,SC,ASO,ES,Federal Contract Tower,0,71,17,0,88,0,34,46,18,98,0,105,63,18,186,22,0,22,208
12/13/2007,GMU,SC,ASO,ES,Federal Contract Tower,0,67,17,0,84,0,21,48,8,77,0,88,65,8,161,8,0,8,169
12/14/2007,GMU,SC,ASO,ES,Federal Contract Tower,0,56,24,0,80,0,32,50,4,86,0,88,74,4,166,26,0,26,192
12/15/2007,GMU,SC,ASO,ES,Federal Contract Tower,0,19,14,1,34,0,0,5,3,8,0,19,19,4,42,0,0,0,42
12/16/2007,GMU,SC,ASO,ES,Federal Contract Tower,0,17,4,0,21,0,8,37,0,45,0,25,41,0,66,0,0,0,66
12/17/2007,GMU,SC,ASO,ES,Federal Contract Tower,0,59,16,1,76,0,32,55,16,103,0,91,71,17,179,22,0,22,201
12/18/2007,GMU,SC,ASO,ES,Federal Contract Tower,0,68,18,1,87,0,22,71,11,104,0,90,89,12,191,18,0,18,209
12/19/2007,GMU,SC,ASO,ES,Federal Contract Tower,0,72,19,1,92,0,39,40,16,95,0,111,59,17,187,28,0,28,215
12/20/2007,GMU,SC,ASO,ES,Federal Contract Tower,0,49,11,0,60,0,31,20,10,61,0,80,31,10,121,0,0,0,121
12/21/2007,GMU,SC,ASO,ES,Federal Contract Tower,0,46,9,0,55,0,10,9,0,19,0,56,18,0,74,4,0,4,78
12/22/2007,GMU,SC,ASO,ES,Federal Contract Tower,0,35,8,0,43,0,13,46,0,59,0,48,54,0,102,36,0,36,138
12/23/2007,GMU,SC,ASO,ES,Federal Contract Tower,0,29,6,0,35,0,13,9,0,22,0,42,15,0,57,0,0,0,57
12/24/2007,GMU,SC,ASO,ES,Federal Contract Tower,0,10,13,0,23,0,11,55,0,66,0,21,68,0,89,16,0,16,105
12/25/2007,GMU,SC,ASO,ES,Federal Contract Tower,0,8,4,0,12,0,12,14,0,26,0,20,18,0,38,4,0,4,42
12/26/2007,GMU,SC,ASO,ES,Federal Contract Tower,0,39,26,0,65,0,10,32,6,48,0,49,58,6,113,40,10,50,163
12/27/2007,GMU,SC,ASO,ES,Federal Contract Tower,0,40,23,0,63,0,17,36,3,56,0,57,59,3,119,100,0,100,219
12/28/2007,GMU,SC,ASO,ES,Federal Contract Tower,0,32,12,0,44,0,2,2,0,4,0,34,14,0,48,0,0,0,48
12/29/2007,GMU,SC,ASO,ES,Federal Contract Tower,0,19,16,0,35,0,5,29,0,34,0,24,45,0,69,2,0,2,71
12/30/2007,GMU,SC,ASO,ES,Federal Contract Tower,0,3,1,0,4,0,4,0,0,4,0,7,1,0,8,0,0,0,8
12/31/2007,GMU,SC,ASO,ES,Federal Contract Tower,0,17,13,0,30,0,18,58,0,76,0,35,71,0,106,30,0,30,136
01/01/2008,GMU,SC,ASO,ES,Federal Contract Tower,0,13,4,0,17,0,3,16,0,19,0,16,20,0,36,0,0,0,36
01/02/2008,GMU,SC,ASO,ES,Federal Contract Tower,0,51,1,0,52,0,41,24,0,65,0,92,25,0,117,20,0,20,137
01/03/2008,GMU,SC,ASO,ES,Federal Contract Tower,0,39,5,0,44,0,18,36,6,60,0,57,41,6,104,32,0,32,136
01/04/2008,GMU,SC,ASO,ES,Federal Contract Tower,0,34,6,0,40,0,27,73,10,110,0,61,79,10,150,52,0,52,202
01/05/2008,GMU,SC,ASO,ES,Federal Contract Tower,0,17,7,0,24,0,14,60,0,74,0,31,67,0,98,24,0,24,122
01/06/2008,GMU,SC,ASO,ES,Federal Contract Tower,0,9,6,0,15,0,21,63,0,84,0,30,69,0,99,30,0,30,129
01/07/2008,GMU,SC,ASO,ES,Federal Contract Tower,0,27,18,0,45,0,17,57,12,86,0,44,75,12,131,76,0,76,207
01/08/2008,GMU,SC,ASO,ES,Federal Contract Tower,0,41,5,2,48,0,29,22,14,65,0,70,27,16,113,20,0,20,133
01/09/2008,GMU,SC,ASO,ES,Federal Contract Tower,0,53,7,0,60,0,28,33,14,75,0,81,40,14,135,6,0,6,141
01/10/2008,GMU,SC,ASO,ES,Federal Contract Tower,0,43,12,0,55,0,6,10,4,20,0,49,22,4,75,42,0,42,117
01/11/2008,GMU,SC,ASO,ES,Federal Contract Tower,0,42,12,0,54,0,37,70,21,128,0,79,82,21,182,32,0,32,214
01/12/2008,GMU,SC,ASO,ES,Federal Contract Tower,0,11,16,0,27,0,5,79,6,90,0,16,95,6,117,18,0,18,135
01/13/2008,GMU,SC,ASO,ES,Federal Contract Tower,0,29,17,0,46,0,2,17,6,25,0,31,34,6,71,18,0,18,89
01/14/2008,GMU,SC,ASO,ES,Federal Contract Tower,0,33,20,0,53,0,40,75,18,133,0,73,95,18,186,60,0,60,246
01/15/2008,GMU,SC,ASO,ES,Federal Contract Tower,0,45,6,2,53,0,45,71,8,124,0,90,77,10,177,76,0,76,253
01/16/2008,GMU,SC,ASO,ES,Federal Contract Tower,0,51,22,0,73,0,55,60,22,137,0,106,82,22,210,74,0,74,284
01/17/2008,GMU,SC,ASO,ES,Federal Contract Tower,0,25,0,0,25,0,10,0,0,10,0,35,0,0,35,0,0,0,35
01/18/2008,GMU,SC,ASO,ES,Federal Contract Tower,0,34,13,0,47,0,14,35,2,51,0,48,48,2,98,52,0,52,150
01/19/2008,GMU,SC,ASO,ES,Federal Contract Tower,0,12,0,0,12,0,0,0,0,0,0,12,0,0,12,0,0,0,12
01/20/2008,GMU,SC,ASO,ES,Federal Contract Tower,0,17,6,0,23,0,12,49,0,61,0,29,55,0,84,60,0,60,144
01/21/2008,GMU,SC,ASO,ES,Federal Contract Tower,0,34,25,0,59,0,29,82,2,113,0,63,107,2,172,86,0,86,258
01/22/2008,GMU,SC,ASO,ES,Federal Contract Tower,0,40,7,0,47,0,6,4,0,10,0,46,11,0,57,14,0,14,71
01/23/2008,GMU,SC,ASO,ES,Federal Contract Tower,0,51,20,0,71,0,10,12,2,24,0,61,32,2,95,6,0,6,101
01/24/2008,GMU,SC,ASO,ES,Federal Contract Tower,0,46,13,0,59,0,24,60,42,126,0,70,73,42,185,14,0,14,199
01/25/2008,GMU,SC,ASO,ES,Federal Contract Tower,0,43,30,0,73,0,32,59,21,112,0,75,89,21,185,80,0,80,265
01/26/2008,GMU,SC,ASO,ES,Federal Contract Tower,0,27,4,0,31,0,17,64,3,84,0,44,68,3,115,44,0,44,159
01/27/2008,GMU,SC,ASO,ES,Federal Contract Tower,0,23,10,0,33,0,14,82,0,96,0,37,92,0,129,36,0,36,165
01/28/2008,GMU,SC,ASO,ES,Federal Contract Tower,0,28,15,0,43,0,40,63,6,109,0,68,78,6,152,84,0,84,236
01/29/2008,GMU,SC,ASO,ES,Federal Contract Tower,0,33,12,0,45,0,46,51,4,101,0,79,63,4,146,12,0,12,158
01/30/2008,GMU,SC,ASO,ES,Federal Contract Tower,0,37,8,0,45,0,28,81,0,109,0,65,89,0,154,52,0,52,206
01/31/2008,GMU,SC,ASO,ES,Federal Contract Tower,0,47,6,0,53,0,37,47,0,84,0,84,53,0,137,56,0,56,193
02/01/2008,GMU,SC,ASO,ES,Federal Contract Tower,0,33,7,0,40,0,25,17,0,42,0,58,24,0,82,6,0,6,88
02/02/2008,GMU,SC,ASO,ES,Federal Contract Tower,0,12,12,0,24,0,57,53,0,110,0,69,65,0,134,72,0,72,206
02/03/2008,GMU,SC,ASO,ES,Federal Contract Tower,0,26,10,0,36,0,27,55,0,82,0,53,65,0,118,48,0,48,166
02/04/2008,GMU,SC,ASO,ES,Federal Contract Tower,0,28,13,0,41,0,22,63,10,95,0,50,76,10,136,82,0,82,218
02/05/2008,GMU,SC,ASO,ES,Federal Contract Tower,0,47,10,0,57,0,33,55,2,90,0,80,65,2,147,48,0,48,195
02/06/2008,GMU,SC,ASO,ES,Federal Contract Tower,0,45,8,0,53,0,11,11,0,22,0,56,19,0,75,12,0,12,87
02/07/2008,GMU,SC,ASO,ES,Federal Contract Tower,0,40,12,0,52,0,35,102,31,168,0,75,114,31,220,102,0,102,322
02/08/2008,GMU,SC,ASO,ES,Federal Contract Tower,0,46,18,0,64,0,30,94,15,139,0,76,112,15,203,44,4,48,251
02/09/2008,GMU,SC,ASO,ES,Federal Contract Tower,0,11,9,0,20,0,20,66,0,86,0,31,75,0,106,16,0,16,122
02/10/2008,GMU,SC,ASO,ES,Federal Contract Tower,0,21,8,0,29,0,12,24,4,40,0,33,32,4,69,4,0,4,73
02/11/2008,GMU,SC,ASO,ES,Federal Contract Tower,0,31,11,1,43,0,38,101,13,152,0,69,112,14,195,100,0,100,295
02/12/2008,GMU,SC,ASO,ES,Federal Contract Tower,0,31,11,0,42,0,52,71,2,125,0,83,82,2,167,80,0,80,247
02/13/2008,GMU,SC,ASO,ES,Federal Contract Tower,0,40,10,0,50,0,44,7,4,55,0,84,17,4,105,0,0,0,105
02/14/2008,GMU,SC,ASO,ES,Federal Contract Tower,0,46,18,0,64,0,50,106,18,174,0,96,124,18,238,106,0,106,344
02/15/2008,GMU,SC,ASO,ES,Federal Contract Tower,0,39,17,0,56,0,58,86,9,153,0,97,103,9,209,62,0,62,271
02/16/2008,GMU,SC,ASO,ES,Federal Contract Tower,0,10,5,0,15,0,17,102,0,119,0,27,107,0,134,46,0,46,180
02/17/2008,GMU,SC,ASO,ES,Federal Contract Tower,0,13,9,0,22,0,0,0,0,0,0,13,9,0,22,0,0,0,22
02/18/2008,GMU,SC,ASO,ES,Federal Contract Tower,0,51,2,2,55,0,47,44,9,100,0,98,46,11,155,68,0,68,223
02/19/2008,GMU,SC,ASO,ES,Federal Contract Tower,0,49,10,1,60,0,37,59,12,108,0,86,69,13,168,34,0,34,202
02/20/2008,GMU,SC,ASO,ES,Federal Contract Tower,0,63,21,0,84,0,29,51,21,101,0,92,72,21,185,70,0,70,255
02/21/2008,GMU,SC,ASO,ES,Federal Contract Tower,0,61,19,1,81,0,11,44,11,66,0,72,63,12,147,10,0,10,157
02/22/2008,GMU,SC,ASO,ES,Federal Contract Tower,0,42,7,0,49,0,0,0,0,0,0,42,7,0,49,2,0,2,51
02/23/2008,GMU,SC,ASO,ES,Federal Contract Tower,0,27,4,0,31,0,5,113,0,118,0,32,117,0,149,6,0,6,155
02/24/2008,GMU,SC,ASO,ES,Federal Contract Tower,0,27,13,0,40,0,38,69,2,109,0,65,82,2,149,66,0,66,215
02/25/2008,GMU,SC,ASO,ES,Federal Contract Tower,0,28,17,0,45,0,22,96,6,124,0,50,113,6,169,76,0,76,245
02/26/2008,GMU,SC,ASO,ES,Federal Contract Tower,0,7,0,0,7,0,53,9,6,68,0,60,9,6,75,0,0,0,75
02/27/2008,GMU,SC,ASO,ES,Federal Contract Tower,0,46,16,4,66,0,42,59,17,118,0,88,75,21,184,30,0,30,214
02/28/2008,GMU,SC,ASO,ES,Federal Contract Tower,0,49,21,0,70,0,16,82,8,106,0,65,103,8,176,112,2,114,290
02/29/2008,GMU,SC,ASO,ES,Federal Contract Tower,0,39,11,0,50,0,36,74,7,117,0,75,85,7,167,66,0,66,233
03/01/2008,GMU,SC,ASO,ES,Federal Contract Tower,0,12,3,3,18,0,22,95,6,123,0,34,98,9,141,36,9,45,186
03/02/2008,GMU,SC,ASO,ES,Federal Contract Tower,0,25,16,0,41,0,8,76,0,84,0,33,92,0,125,46,0,46,171
03/03/2008,GMU,SC,ASO,ES,Federal Contract Tower,0,31,8,0,39,0,21,60,10,91,0,52,68,10,130,54,0,54,184
03/04/2008,GMU,SC,ASO,ES,Federal Contract Tower,0,35,1,0,36,0,4,3,0,7,0,39,4,0,43,2,0,2,45
03/05/2008,GMU,SC,ASO,ES,Federal Contract Tower,0,58,19,0,77,0,45,69,12,126,0,103,88,12,203,38,0,38,241
03/06/2008,GMU,SC,ASO,ES,Federal Contract Tower,0,25,17,0,42,0,25,79,16,120,0,50,96,16,162,82,4,86,248
03/07/2008,GMU,SC,ASO,ES,Federal Contract Tower,0,25,2,0,27,0,0,0,0,0,0,25,2,0,27,0,0,0,27
03/08/2008,GMU,SC,ASO,ES,Federal Contract Tower,0,23,8,0,31,0,5,7,2,14,0,28,15,2,45,4,0,4,49
03/09/2008,GMU,SC,ASO,ES,Federal Contract Tower,0,19,15,0,34,0,10,85,0,95,0,29,100,0,129,68,0,68,197
03/10/2008,GMU,SC,ASO,ES,Federal Contract Tower,0,39,14,1,54,0,36,94,7,137,0,75,108,8,191,56,0,56,247
03/11/2008,GMU,SC,ASO,ES,Federal Contract Tower,0,40,17,0,57,0,13,96,12,121,0,53,113,12,178,62,0,62,240
03/12/2008,GMU,SC,ASO,ES,Federal Contract Tower,0,36,8,0,44,0,42,77,8,127,0,78,85,8,171,136,0,136,307
03/13/2008,GMU,SC,ASO,ES,Federal Contract Tower,0,51,16,0,67,0,18,92,7,117,0,69,108,7,184,124,0,124,308
03/14/2008,GMU,SC,ASO,ES,Federal Contract Tower,0,6,18,4,28,0,48,50,4,102,0,54,68,8,130,46,0,46,176
03/15/2008,GMU,SC,ASO,ES,Federal Contract Tower,0,10,10,0,20,0,2,17,0,19,0,12,27,0,39,4,0,4,43
03/16/2008,GMU,SC,ASO,ES,Federal Contract Tower,0,27,8,0,35,0,17,80,2,99,0,44,88,2,134,56,0,56,190
03/17/2008,GMU,SC,ASO,ES,Federal Contract Tower,0,41,23,0,64,0,32,60,4,96,0,73,83,4,160,36,0,36,196
03/18/2008,GMU,SC,ASO,ES,Federal Contract Tower,0,40,10,0,50,0,42,69,6,117,0,82,79,6,167,106,0,106,273
03/19/2008,GMU,SC,ASO,ES,Federal Contract Tower,0,35,11,0,46,0,3,1,0,4,0,38,12,0,50,0,0,0,50
03/20/2008,GMU,SC,ASO,ES,Federal Contract Tower,0,55,23,0,78,0,57,68,16,141,0,112,91,16,219,84,0,84,303
03/21/2008,GMU,SC,ASO,ES,Federal Contract Tower,0,37,20,0,57,0,31,104,14,149,0,68,124,14,206,76,0,76,282
03/22/2008,GMU,SC,ASO,ES,Federal Contract Tower,0,17,20,7,44,0,18,83,32,133,0,35,103,39,177,24,0,24,201
03/23/2008,GMU,SC,ASO,ES,Federal Contract Tower,0,13,16,0,29,0,4,43,0,47,0,17,59,0,76,4,0,4,80
03/24/2008,GMU,SC,ASO,ES,Federal Contract Tower,0,37,14,0,51,0,42,66,4,112,0,79,80,4,163,90,0,90,253
03/25/2008,GMU,SC,ASO,ES,Federal Contract Tower,0,34,20,0,54,0,40,88,2,130,0,74,108,2,184,22,0,22,206
03/26/2008,GMU,SC,ASO,ES,Federal Contract Tower,0,37,17,0,54,0,20,84,4,108,0,57,101,4,162,42,0,42,204
03/27/2008,GMU,SC,ASO,ES,Federal Contract Tower,0,44,26,0,70,0,32,75,12,119,0,76,101,12,189,124,0,124,313
03/28/2008,GMU,SC,ASO,ES,Federal Contract Tower,0,39,18,6,63,0,23,56,12,91,0,62,74,18,154,80,0,80,234
03/29/2008,GMU,SC,ASO,ES,Federal Contract Tower,0,14,14,0,28,0,4,8,2,14,0,18,22,2,42,0,0,0,42
03/30/2008,GMU,SC,ASO,ES,Federal Contract Tower,0,27,12,0,39,0,13,31,0,44,0,40,43,0,83,30,0,30,113
03/31/2008,GMU,SC,ASO,ES,Federal Contract Tower,0,42,16,0,58,0,26,13,7,46,0,68,29,7,104,34,0,34,138
04/01/2008,GMU,SC,ASO,ES,Federal Contract Tower,0,28,10,0,38,0,14,19,0,33,0,42,29,0,71,0,0,0,71
04/02/2008,GMU,SC,ASO,ES,Federal Contract Tower,0,33,11,0,44,0,19,69,8,96,0,52,80,8,140,82,0,82,222
04/03/2008,GMU,SC,ASO,ES,Federal Contract Tower,0,44,18,0,62,0,18,12,2,32,0,62,30,2,94,32,0,32,126
04/04/2008,GMU,SC,ASO,ES,Federal Contract Tower,0,24,11,0,35,0,0,0,0,0,0,24,11,0,35,0,0,0,35
04/05/2008,GMU,SC,ASO,ES,Federal Contract Tower,0,15,8,2,25,0,0,0,0,0,0,15,8,2,25,0,2,2,27
04/06/2008,GMU,SC,ASO,ES,Federal Contract Tower,0,28,20,0,48,0,14,48,2,64,0,42,68,2,112,6,0,6,118
04/07/2008,GMU,SC,ASO,ES,Federal Contract Tower,0,56,11,0,67,0,21,56,8,85,0,77,67,8,152,86,4,90,242
04/08/2008,GMU,SC,ASO,ES,Federal Contract Tower,0,49,28,0,77,0,27,86,9,122,0,76,114,9,199,206,0,206,405
04/09/2008,GMU,SC,ASO,ES,Federal Contract Tower,0,44,23,0,67,0,22,60,8,90,0,66,83,8,157,68,0,68,225
04/10/2008,GMU,SC,ASO,ES,Federal Contract Tower,0,50,14,0,64,0,15,99,4,118,0,65,113,4,182,142,0,142,324
04/11/2008,GMU,SC,ASO,ES,Federal Contract Tower,0,43,23,0,66,0,39,64,14,117,0,82,87,14,183,122,0,122,305
04/12/2008,GMU,SC,ASO,ES,Federal Contract Tower,0,25,12,0,37,0,2,20,2,24,0,27,32,2,61,12,0,12,73
04/13/2008,GMU,SC,ASO,ES,Federal Contract Tower,0,26,8,0,34,0,17,38,0,55,0,43,46,0,89,4,0,4,93
04/14/2008,GMU,SC,ASO,ES,Federal Contract Tower,0,54,15,0,69,0,17,40,0,57,0,71,55,0,126,64,0,64,190
04/15/2008,GMU,SC,ASO,ES,Federal Contract Tower,0,30,11,0,41,0,11,81,14,106,0,41,92,14,147,108,0,108,255
04/16/2008,GMU,SC,ASO,ES,Federal Contract Tower,0,52,30,0,82,0,26,79,3,108,0,78,109,3,190,96,0,96,286
04/17/2008,GMU,SC,ASO,ES,Federal Contract Tower,0,54,14,0,68,0,28,111,10,149,0,82,125,10,217,128,0,128,345
04/18/2008,GMU,SC,ASO,ES,Federal Contract Tower,0,45,26,0,71,0,27,89,19,135,0,72,115,19,206,106,0,106,312
04/19/2008,GMU,SC,ASO,ES,Federal Contract Tower,0,23,14,0,37,0,8,24,0,32,0,31,38,0,69,46,0,46,115
04/20/2008,GMU,SC,ASO,ES,Federal Contract Tower,0,22,15,1,38,0,7,54,2,63,0,29,69,3,101,64,0,64,165
04/21/2008,GMU,SC,ASO,ES,Federal Contract Tower,0,35,17,0,52,0,28,72,24,124,0,63,89,24,176,124,4,128,304
04/22/2008,GMU,SC,ASO,ES,Federal Contract Tower,0,45,22,0,67,0,29,53,13,95,0,74,75,13,162,66,0,66,228
04/23/2008,GMU,SC,ASO,ES,Federal Contract Tower,0,50,14,0,64,0,38,74,5,117,0,88,88,5,181,100,0,100,281
04/24/2008,GMU,SC,ASO,ES,Federal Contract Tower,0,48,19,0,67,0,27,78,6,111,0,75,97,6,178,144,0,144,322
04/25/2008,GMU,SC,ASO,ES,Federal Contract Tower,0,55,12,0,67,0,39,74,31,144,0,94,86,31,211,110,8,118,329
04/26/2008,GMU,SC,ASO,ES,Federal Contract Tower,0,24,4,0,28,0,13,59,0,72,0,37,63,0,100,86,0,86,186
04/27/2008,GMU,SC,ASO,ES,Federal Contract Tower,0,33,17,0,50,0,10,19,0,29,0,43,36,0,79,66,0,66,145
04/28/2008,GMU,SC,ASO,ES,Federal Contract Tower,0,23,9,0,32,0,24,22,8,54,0,47,31,8,86,22,0,22,108
04/29/2008,GMU,SC,ASO,ES,Federal Contract Tower,0,35,14,2,51,0,26,89,12,127,0,61,103,14,178,74,2,76,254
04/30/2008,GMU,SC,ASO,ES,Federal Contract Tower,0,39,14,0,53,0,28,79,11,118,0,67,93,11,171,138,0,138,309
05/01/2008,GMU,SC,ASO,ES,Federal Contract Tower,0,51,18,1,70,0,37,87,19,143,0,88,105,20,213,98,0,98,311
05/02/2008,GMU,SC,ASO,ES,Federal Contract Tower,0,49,20,0,69,0,44,60,13,117,0,93,80,13,186,100,0,100,286
05/03/2008,GMU,SC,ASO,ES,Federal Contract Tower,0,24,10,0,34,0,10,30,6,46,0,34,40,6,80,10,0,10,90
05/04/2008,GMU,SC,ASO,ES,Federal Contract Tower,0,37,17,0,54,0,3,56,0,59,0,40,73,0,113,44,0,44,157
05/05/2008,GMU,SC,ASO,ES,Federal Contract Tower,0,63,10,0,73,0,33,52,3,88,0,96,62,3,161,82,0,82,243
05/06/2008,GMU,SC,ASO,ES,Federal Contract Tower,0,38,22,0,60,0,11,70,13,94,0,49,92,13,154,52,0,52,206
05/07/2008,GMU,SC,ASO,ES,Federal Contract Tower,0,47,24,2,73,0,34,84,10,128,0,81,108,12,201,52,0,52,253
05/08/2008,GMU,SC,ASO,ES,Federal Contract Tower,0,57,11,0,68,0,42,50,8,100,0,99,61,8,168,46,0,46,214
05/09/2008,GMU,SC,ASO,ES,Federal Contract Tower,0,45,18,0,63,0,37,58,8,103,0,82,76,8,166,54,0,54,220
05/10/2008,GMU,SC,ASO,ES,Federal Contract Tower,0,18,20,0,38,0,14,64,2,80,0,32,84,2,118,58,0,58,176
05/11/2008,GMU,SC,ASO,ES,Federal Contract Tower,0,28,14,0,42,0,10,2,2,14,0,38,16,2,56,0,0,0,56
05/12/2008,GMU,SC,ASO,ES,Federal Contract Tower,0,46,4,0,50,0,17,27,4,48,0,63,31,4,98,24,2,26,124
05/13/2008,GMU,SC,ASO,ES,Federal Contract Tower,0,46,17,0,63,0,32,85,8,125,0,78,102,8,188,76,0,76,264
05/14/2008,GMU,SC,ASO,ES,Federal Contract Tower,0,40,13,0,53,0,38,52,4,94,0,78,65,4,147,56,0,56,203
05/15/2008,GMU,SC,ASO,ES,Federal Contract Tower,0,42,10,0,52,0,34,21,6,61,0,76,31,6,113,60,0,60,173
05/16/2008,GMU,SC,ASO,ES,Federal Contract Tower,0,46,17,0,63,0,36,40,2,78,0,82,57,2,141,42,0,42,183
05/17/2008,GMU,SC,ASO,ES,Federal Contract Tower,0,25,10,0,35,0,32,83,0,115,0,57,93,0,150,50,0,50,200
05/18/2008,GMU,SC,ASO,ES,Federal Contract Tower,0,35,19,0,54,0,19,48,0,67,0,54,67,0,121,82,0,82,203
05/19/2008,GMU,SC,ASO,ES,Federal Contract Tower,0,42,11,0,53,0,34,68,10,112,0,76,79,10,165,12,0,12,177
05/20/2008,GMU,SC,ASO,ES,Federal Contract Tower,0,46,12,0,58,0,21,18,4,43,0,67,30,4,101,0,0,0,101
05/21/2008,GMU,SC,ASO,ES,Federal Contract Tower,0,34,13,0,47,0,40,64,6,110,0,74,77,6,157,44,0,44,201
05/22/2008,GMU,SC,ASO,ES,Federal Contract Tower,0,57,14,0,71,0,42,101,18,161,0,99,115,18,232,158,0,158,390
05/23/2008,GMU,SC,ASO,ES,Federal Contract Tower,0,36,17,0,53,0,42,86,6,134,0,78,103,6,187,114,0,114,301
05/24/2008,GMU,SC,ASO,ES,Federal Contract Tower,0,25,10,0,35,0,10,83,2,95,0,35,93,2,130,84,0,84,214
05/25/2008,GMU,SC,ASO,ES,Federal Contract Tower,0,14,10,0,24,0,25,32,0,57,0,39,42,0,81,10,0,10,91
05/26/2008,GMU,SC,ASO,ES,Federal Contract Tower,0,43,8,0,51,0,5,64,0,69,0,48,72,0,120,0,0,0,120
05/27/2008,GMU,SC,ASO,ES,Federal Contract Tower,0,39,9,0,48,0,29,73,4,106,0,68,82,4,154,76,0,76,230
05/28/2008,GMU,SC,ASO,ES,Federal Contract Tower,0,62,18,3,83,0,34,32,6,72,0,96,50,9,155,52,0,52,207
05/29/2008,GMU,SC,ASO,ES,Federal Contract Tower,0,60,23,0,83,0,29,65,6,100,0,89,88,6,183,140,0,140,323
05/30/2008,GMU,SC,ASO,ES,Federal Contract Tower,0,40,30,0,70,0,23,55,4,82,0,63,85,4,152,122,0,122,274
05/31/2008,GMU,SC,ASO,ES,Federal Contract Tower,0,23,13,0,36,0,20,35,7,62,0,43,48,7,98,58,0,58,156
06/01/2008,GMU,SC,ASO,ES,Federal Contract Tower,0,31,10,2,43,0,15,25,6,46,0,46,35,8,89,16,0,16,105
06/02/2008,GMU,SC,ASO,ES,Federal Contract Tower,0,32,18,0,50,0,45,70,0,115,0,77,88,0,165,72,0,72,237
06/03/2008,GMU,SC,ASO,ES,Federal Contract Tower,0,32,6,0,38,0,29,58,7,94,0,61,64,7,132,30,0,30,162
06/04/2008,GMU,SC,ASO,ES,Federal Contract Tower,0,49,15,0,64,0,40,58,4,102,0,89,73,4,166,66,0,66,232
06/05/2008,GMU,SC,ASO,ES,Federal Contract Tower,0,39,14,0,53,0,17,76,6,99,0,56,90,6,152,86,0,86,238
06/06/2008,GMU,SC,ASO,ES,Federal Contract Tower,0,48,17,0,65,0,22,72,4,98,0,70,89,4,163,72,0,72,235
06/07/2008,GMU,SC,ASO,ES,Federal Contract Tower,0,17,7,0,24,0,24,88,4,116,0,41,95,4,140,132,0,132,272
06/08/2008,GMU,SC,ASO,ES,Federal Contract Tower,0,27,12,0,39,0,19,44,0,63,0,46,56,0,102,42,0,42,144
06/09/2008,GMU,SC,ASO,ES,Federal Contract Tower,0,37,13,0,50,0,32,55,14,101,0,69,68,14,151,54,0,54,205
06/10/2008,GMU,SC,ASO,ES,Federal Contract Tower,0,33,16,2,51,0,29,45,14,88,0,62,61,16,139,18,0,18,157
06/11/2008,GMU,SC,ASO,ES,Federal Contract Tower,0,51,13,0,64,0,38,47,4,89,0,89,60,4,153,58,0,58,211
06/12/2008,GMU,SC,ASO,ES,Federal Contract Tower,0,47,28,0,75,0,43,61,2,106,0,90,89,2,181,94,0,94,275
06/13/2008,GMU,SC,ASO,ES,Federal Contract Tower,0,38,12,0,50,0,30,56,2,88,0,68,68,2,138,40,0,40,178
06/14/2008,GMU,SC,ASO,ES,Federal Contract Tower,0,21,10,0,31,0,26,58,0,84,0,47,68,0,115,72,0,72,187
06/15/2008,GMU,SC,ASO,ES,Federal Contract Tower,0,29,11,0,40,0,30,64,2,96,0,59,75,2,136,60,0,60,196
06/16/2008,GMU,SC,ASO,ES,Federal Contract Tower,0,30,19,0,49,0,47,42,12,101,0,77,61,12,150,20,0,20,170
06/17/2008,GMU,SC,ASO,ES,Federal Contract Tower,0,32,12,0,44,0,37,39,0,76,0,69,51,0,120,60,0,60,180
06/18/2008,GMU,SC,ASO,ES,Federal Contract Tower,0,50,18,0,68,0,32,81,2,115,0,82,99,2,183,144,0,144,327
06/19/2008,GMU,SC,ASO,ES,Federal Contract Tower,0,39,20,0,59,0,40,84,7,131,0,79,104,7,190,102,0,102,292
06/20/2008,GMU,SC,ASO,ES,Federal Contract Tower,0,44,14,0,58,0,28,69,6,103,0,72,83,6,161,50,0,50,211
06/21/2008,GMU,SC,ASO,ES,Federal Contract Tower,0,13,10,0,23,0,14,53,16,83,0,27,63,16,106,72,0,72,178
06/22/2008,GMU,SC,ASO,ES,Federal Contract Tower,0,30,4,0,34,0,21,37,4,62,0,51,41,4,96,4,0,4,100
06/23/2008,GMU,SC,ASO,ES,Federal Contract Tower,0,54,22,0,76,0,15,52,2,69,0,69,74,2,145,42,0,42,187
06/24/2008,GMU,SC,ASO,ES,Federal Contract Tower,0,27,9,0,36,0,39,68,10,117,0,66,77,10,153,80,0,80,233
06/25/2008,GMU,SC,ASO,ES,Federal Contract Tower,0,52,14,0,66,0,40,69,3,112,0,92,83,3,178,82,0,82,260
06/26/2008,GMU,SC,ASO,ES,Federal Contract Tower,0,41,10,0,51,0,25,52,4,81,0,66,62,4,132,74,0,74,206
06/27/2008,GMU,SC,ASO,ES,Federal Contract Tower,0,50,23,0,73,0,27,65,2,94,0,77,88,2,167,78,0,78,245
06/28/2008,GMU,SC,ASO,ES,Federal Contract Tower,0,10,14,0,24,0,7,58,0,65,0,17,72,0,89,88,0,88,177
06/29/2008,GMU,SC,ASO,ES,Federal Contract Tower,0,34,0,0,34,0,19,34,0,53,0,53,34,0,87,44,0,44,131
06/30/2008,GMU,SC,ASO,ES,Federal Contract Tower,0,19,17,0,36,0,20,48,4,72,0,39,65,4,108,68,0,68,176
07/01/2008,GMU,SC,ASO,ES,Federal Contract Tower,0,38,13,2,53,0,68,88,12,168,0,106,101,14,221,82,12,94,315
07/02/2008,GMU,SC,ASO,ES,Federal Contract Tower,0,41,28,0,69,0,36,71,0,107,0,77,99,0,176,42,0,42,218
07/03/2008,GMU,SC,ASO,ES,Federal Contract Tower,0,32,5,0,37,0,36,80,0,116,0,68,85,0,153,82,0,82,235
07/04/2008,GMU,SC,ASO,ES,Federal Contract Tower,0,6,7,0,13,0,41,47,0,88,0,47,54,0,101,32,0,32,133
07/05/2008,GMU,SC,ASO,ES,Federal Contract Tower,0,10,13,0,23,0,26,28,0,54,0,36,41,0,77,52,0,52,129
07/06/2008,GMU,SC,ASO,ES,Federal Contract Tower,0,25,17,0,42,7,29,0,0,36,7,54,17,0,78,24,0,24,102
07/07/2008,GMU,SC,ASO,ES,Federal Contract Tower,0,49,20,0,69,0,17,43,0,60,0,66,63,0,129,40,0,40,169
07/08/2008,GMU,SC,ASO,ES,Federal Contract Tower,0,31,19,0,50,0,8,57,0,65,0,39,76,0,115,100,0,100,215
07/09/2008,GMU,SC,ASO,ES,Federal Contract Tower,0,36,20,0,56,0,21,65,0,86,0,57,85,0,142,54,0,54,196
07/10/2008,GMU,SC,ASO,ES,Federal Contract Tower,0,43,13,0,56,0,35,48,0,83,0,78,61,0,139,68,0,68,207
07/11/2008,GMU,SC,ASO,ES,Federal Contract Tower,0,45,18,0,63,0,33,31,0,64,0,78,49,0,127,64,0,64,191
07/12/2008,GMU,SC,ASO,ES,Federal Contract Tower,0,18,4,0,22,0,14,54,0,68,0,32,58,0,90,46,0,46,136
07/13/2008,GMU,SC,ASO,ES,Federal Contract Tower,0,19,16,0,35,0,8,29,0,37,0,27,45,0,72,44,0,44,116
07/14/2008,GMU,SC,ASO,ES,Federal Contract Tower,0,27,7,2,36,0,20,39,4,63,0,47,46,6,99,24,0,24,123
07/15/2008,GMU,SC,ASO,ES,Federal Contract Tower,0,37,19,0,56,0,9,77,0,86,0,46,96,0,142,130,0,130,272
07/16/2008,GMU,SC,ASO,ES,Federal Contract Tower,0,39,14,2,55,0,28,64,0,92,0,67,78,2,147,62,0,62,209
07/17/2008,GMU,SC,ASO,ES,Federal Contract Tower,0,46,25,0,71,0,25,48,0,73,0,71,73,0,144,50,0,50,194
07/18/2008,GMU,SC,ASO,ES,Federal Contract Tower,0,32,12,0,44,0,26,60,4,90,0,58,72,4,134,62,0,62,196
07/19/2008,GMU,SC,ASO,ES,Federal Contract Tower,0,15,16,0,31,0,9,55,0,64,0,24,71,0,95,56,0,56,151
07/20/2008,GMU,SC,ASO,ES,Federal Contract Tower,0,27,14,0,41,0,12,31,0,43,0,39,45,0,84,26,0,26,110
07/21/2008,GMU,SC,ASO,ES,Federal Contract Tower,0,34,13,0,47,0,24,45,1,70,0,58,58,1,117,52,0,52,169
07/22/2008,GMU,SC,ASO,ES,Federal Contract Tower,0,33,14,2,49,0,31,48,5,84,0,64,62,7,133,26,14,40,173
07/23/2008,GMU,SC,ASO,ES,Federal Contract Tower,0,54,20,0,74,0,25,63,0,88,0,79,83,0,162,56,0,56,218
07/24/2008,GMU,SC,ASO,ES,Federal Contract Tower,0,35,20,0,55,0,34,66,0,100,0,69,86,0,155,84,0,84,239
07/25/2008,GMU,SC,ASO,ES,Federal Contract Tower,0,21,17,0,38,0,30,68,1,99,0,51,85,1,137,74,0,74,211
07/26/2008,GMU,SC,ASO,ES,Federal Contract Tower,0,9,10,0,19,0,10,16,0,26,0,19,26,0,45,22,0,22,67
07/27/2008,GMU,SC,ASO,ES,Federal Contract Tower,0,15,22,0,37,0,19,40,0,59,0,34,62,0,96,16,0,16,112
07/28/2008,GMU,SC,ASO,ES,Federal Contract Tower,0,27,13,0,40,0,20,49,0,69,0,47,62,0,109,70,0,70,179
07/29/2008,GMU,SC,ASO,ES,Federal Contract Tower,0,32,11,0,43,0,26,54,0,80,0,58,65,0,123,102,0,102,225
07/30/2008,GMU,SC,ASO,ES,Federal Contract Tower,0,36,9,0,45,0,14,37,1,52,0,50,46,1,97,48,0,48,145
07/31/2008,GMU,SC,ASO,ES,Federal Contract Tower,0,38,10,0,48,0,22,51,1,74,0,60,61,1,122,98,0,98,220
08/01/2008,GMU,SC,ASO,ES,Federal Contract Tower,0,40,16,0,56,0,18,46,0,64,0,58,62,0,120,90,0,90,210
08/02/2008,GMU,SC,ASO,ES,Federal Contract Tower,0,5,7,0,12,0,6,48,0,54,0,11,55,0,66,82,0,82,148
08/03/2008,GMU,SC,ASO,ES,Federal Contract Tower,0,22,13,0,35,0,10,40,0,50,0,32,53,0,85,10,0,10,95
08/04/2008,GMU,SC,ASO,ES,Federal Contract Tower,0,40,7,0,47,0,39,37,0,76,0,79,44,0,123,104,0,104,227
08/05/2008,GMU,SC,ASO,ES,Federal Contract Tower,0,25,15,0,40,0,21,65,0,86,0,46,80,0,126,72,0,72,198
08/06/2008,GMU,SC,ASO,ES,Federal Contract Tower,0,47,21,0,68,0,24,63,7,94,0,71,84,7,162,108,0,108,270
08/07/2008,GMU,SC,ASO,ES,Federal Contract Tower,0,37,13,0,50,0,32,45,4,81,0,69,58,4,131,40,0,40,171
08/08/2008,GMU,SC,ASO,ES,Federal Contract Tower,0,38,26,0,64,0,16,68,0,84,0,54,94,0,148,76,0,76,224
08/09/2008,GMU,SC,ASO,ES,Federal Contract Tower,0,13,10,0,23,0,17,89,0,106,0,30,99,0,129,102,0,102,231
08/10/2008,GMU,SC,ASO,ES,Federal Contract Tower,0,25,9,0,34,0,0,39,0,39,0,25,48,0,73,28,0,28,101
08/11/2008,GMU,SC,ASO,ES,Federal Contract Tower,0,39,32,0,71,0,22,51,1,74,0,61,83,1,145,112,0,112,257
08/12/2008,GMU,SC,ASO,ES,Federal Contract Tower,0,53,17,0,70,0,36,57,2,95,0,89,74,2,165,98,0,98,263
08/13/2008,GMU,SC,ASO,ES,Federal Contract Tower,0,41,15,2,58,0,11,24,6,41,0,52,39,8,99,68,0,68,167
08/14/2008,GMU,SC,ASO,ES,Federal Contract Tower,0,39,21,0,60,0,18,58,19,95,0,57,79,19,155,124,0,124,279
08/15/2008,GMU,SC,ASO,ES,Federal Contract Tower,0,29,22,0,51,0,19,54,4,77,0,48,76,4,128,74,0,74,202
08/16/2008,GMU,SC,ASO,ES,Federal Contract Tower,0,7,10,0,17,0,4,63,10,77,0,11,73,10,94,52,0,52,146
08/17/2008,GMU,SC,ASO,ES,Federal Contract Tower,0,19,12,0,31,0,4,37,0,41,0,23,49,0,72,94,0,94,166
08/18/2008,GMU,SC,ASO,ES,Federal Contract Tower,0,32,14,0,46,0,30,47,0,77,0,62,61,0,123,142,0,142,265
08/19/2008,GMU,SC,ASO,ES,Federal Contract Tower,0,32,10,0,42,0,24,55,7,86,0,56,65,7,128,66,0,66,194
08/20/2008,GMU,SC,ASO,ES,Federal Contract Tower,0,26,18,0,44,0,10,57,1,68,0,36,75,1,112,70,4,74,186
08/21/2008,GMU,SC,ASO,ES,Federal Contract Tower,0,54,6,2,62,0,21,31,2,54,0,75,37,4,116,34,0,34,150
08/22/2008,GMU,SC,ASO,ES,Federal Contract Tower,0,41,13,0,54,0,25,33,8,66,0,66,46,8,120,86,0,86,206
08/23/2008,GMU,SC,ASO,ES,Federal Contract Tower,0,19,11,0,30,0,3,41,0,44,0,22,52,0,74,32,0,32,106
08/24/2008,GMU,SC,ASO,ES,Federal Contract Tower,0,22,7,0,29,0,2,34,0,36,0,24,41,0,65,0,0,0,65
08/25/2008,GMU,SC,ASO,ES,Federal Contract Tower,0,59,10,0,69,0,1,11,0,12,0,60,21,0,81,26,0,26,107
08/26/2008,GMU,SC,ASO,ES,Federal Contract Tower,0,27,12,0,39,0,0,0,0,0,0,27,12,0,39,0,0,0,39
08/27/2008,GMU,SC,ASO,ES,Federal Contract Tower,0,65,11,0,76,0,10,15,8,33,0,75,26,8,109,116,0,116,225
08/28/2008,GMU,SC,ASO,ES,Federal Contract Tower,0,52,22,0,74,0,10,32,0,42,0,62,54,0,116,40,0,40,156
08/29/2008,GMU,SC,ASO,ES,Federal Contract Tower,0,56,21,0,77,0,41,75,4,120,0,97,96,4,197,74,0,74,271
08/30/2008,GMU,SC,ASO,ES,Federal Contract Tower,0,28,7,0,35,0,7,52,0,59,0,35,59,0,94,52,0,52,146
08/31/2008,GMU,SC,ASO,ES,Federal Contract Tower,0,21,6,0,27,0,7,40,0,47,0,28,46,0,74,62,0,62,136
09/01/2008,GMU,SC,ASO,ES,Federal Contract Tower,0,19,20,0,39,0,17,5,0,22,0,36,25,0,61,2,0,2,63
09/02/2008,GMU,SC,ASO,ES,Federal Contract Tower,0,31,11,0,42,0,12,67,3,82,0,43,78,3,124,162,0,162,286
09/03/2008,GMU,SC,ASO,ES,Federal Contract Tower,0,30,10,1,41,0,16,46,10,72,0,46,56,11,113,92,0,92,205
09/04/2008,GMU,SC,ASO,ES,Federal Contract Tower,0,31,12,0,43,0,28,59,1,88,0,59,71,1,131,116,0,116,247
09/05/2008,GMU,SC,ASO,ES,Federal Contract Tower,0,28,13,0,41,0,25,75,0,100,0,53,88,0,141,96,0,96,237
09/06/2008,GMU,SC,ASO,ES,Federal Contract Tower,0,10,2,0,12,0,5,58,0,63,0,15,60,0,75,28,0,28,103
09/07/2008,GMU,SC,ASO,ES,Federal Contract Tower,0,11,5,0,16,0,5,40,0,45,0,16,45,0,61,34,0,34,95
09/08/2008,GMU,SC,ASO,ES,Federal Contract Tower,0,45,11,0,56,0,9,68,2,79,0,54,79,2,135,88,0,88,223
09/09/2008,GMU,SC,ASO,ES,Federal Contract Tower,0,50,17,0,67,0,24,40,0,64,0,74,57,0,131,100,0,100,231
09/10/2008,GMU,SC,ASO,ES,Federal Contract Tower,0,37,23,0,60,0,21,77,0,98,0,58,100,0,158,108,0,108,266
09/11/2008,GMU,SC,ASO,ES,Federal Contract Tower,0,37,22,0,59,0,10,16,0,26,0,47,38,0,85,42,0,42,127
09/12/2008,GMU,SC,ASO,ES,Federal Contract Tower,0,20,22,0,42,0,19,28,0,47,0,39,50,0,89,58,0,58,147
09/13/2008,GMU,SC,ASO,ES,Federal Contract Tower,0,13,12,0,25,0,1,35,0,36,0,14,47,0,61,36,0,36,97
09/14/2008,GMU,SC,ASO,ES,Federal Contract Tower,0,21,9,0,30,0,1,31,0,32,0,22,40,0,62,42,0,42,104
09/15/2008,GMU,SC,ASO,ES,Federal Contract Tower,0,26,12,0,38,0,15,88,0,103,0,41,100,0,141,166,0,166,307
09/16/2008,GMU,SC,ASO,ES,Federal Contract Tower,0,27,11,0,38,0,0,2,0,2,0,27,13,0,40,0,0,0,40
09/17/2008,GMU,SC,ASO,ES,Federal Contract Tower,0,36,19,0,55,0,23,64,40,127,0,59,83,40,182,56,0,56,238
09/18/2008,GMU,SC,ASO,ES,Federal Contract Tower,0,50,14,0,64,0,30,107,0,137,0,80,121,0,201,116,0,116,317
09/19/2008,GMU,SC,ASO,ES,Federal Contract Tower,0,38,17,1,56,0,29,125,2,156,0,67,142,3,212,58,10,68,280
09/20/2008,GMU,SC,ASO,ES,Federal Contract Tower,0,15,5,0,20,0,15,58,8,81,0,30,63,8,101,48,0,48,149
09/21/2008,GMU,SC,ASO,ES,Federal Contract Tower,0,41,14,0,55,0,19,51,0,70,0,60,65,0,125,38,0,38,163
09/22/2008,GMU,SC,ASO,ES,Federal Contract Tower,0,35,15,0,50,0,21,89,0,110,0,56,104,0,160,102,0,102,262
09/23/2008,GMU,SC,ASO,ES,Federal Contract Tower,0,38,18,0,56,0,33,61,0,94,0,71,79,0,150,86,0,86,236
09/24/2008,GMU,SC,ASO,ES,Federal Contract Tower,0,37,8,0,45,0,18,48,0,66,0,55,56,0,111,36,0,36,147
09/25/2008,GMU,SC,ASO,ES,Federal Contract Tower,0,35,10,0,45,0,32,62,0,94,0,67,72,0,139,64,0,64,203
09/26/2008,GMU,SC,ASO,ES,Federal Contract Tower,0,33,10,0,43,0,2,2,0,4,0,35,12,0,47,10,0,10,57
09/27/2008,GMU,SC,ASO,ES,Federal Contract Tower,0,18,10,0,28,0,2,30,0,32,0,20,40,0,60,60,0,60,120
09/28/2008,GMU,SC,ASO,ES,Federal Contract Tower,0,25,14,0,39,0,6,45,0,51,0,31,59,0,90,38,0,38,128
09/29/2008,GMU,SC,ASO,ES,Federal Contract Tower,0,32,16,0,48,0,41,91,4,136,0,73,107,4,184,66,0,66,250
09/30/2008,GMU,SC,ASO,ES,Federal Contract Tower,0,42,17,0,59,0,10,117,4,131,0,52,134,4,190,222,8,230,420
10/01/2008,GMU,SC,ASO,ES,Federal Contract Tower,0,44,27,0,71,0,40,67,3,110,0,84,94,3,181,28,0,28,209
10/02/2008,GMU,SC,ASO,ES,Federal Contract Tower,0,46,11,0,57,0,36,85,7,128,0,82,96,7,185,122,0,122,307
10/03/2008,GMU,SC,ASO,ES,Federal Contract Tower,0,41,17,0,58,0,25,99,0,124,0,66,116,0,182,126,0,126,308
10/04/2008,GMU,SC,ASO,ES,Federal Contract Tower,0,7,12,0,19,0,14,80,0,94,0,21,92,0,113,76,0,76,189
10/05/2008,GMU,SC,ASO,ES,Federal Contract Tower,0,21,14,0,35,0,4,66,0,70,0,25,80,0,105,60,0,60,165
10/06/2008,GMU,SC,ASO,ES,Federal Contract Tower,0,40,17,0,57,0,25,86,1,112,0,65,103,1,169,82,0,82,251
10/07/2008,GMU,SC,ASO,ES,Federal Contract Tower,0,48,30,2,80,0,21,32,4,57,0,69,62,6,137,46,2,48,185
10/08/2008,GMU,SC,ASO,ES,Federal Contract Tower,0,63,15,0,78,0,2,0,0,2,0,65,15,0,80,0,0,0,80
10/09/2008,GMU,SC,ASO,ES,Federal Contract Tower,0,70,16,0,86,0,25,31,13,69,0,95,47,13,155,40,0,40,195
10/10/2008,GMU,SC,ASO,ES,Federal Contract Tower,0,40,17,1,58,0,28,57,2,87,0,68,74,3,145,82,0,82,227
10/11/2008,GMU,SC,ASO,ES,Federal Contract Tower,0,14,14,0,28,0,19,36,0,55,0,33,50,0,83,32,0,32,115
10/12/2008,GMU,SC,ASO,ES,Federal Contract Tower,0,21,12,0,33,0,8,38,0,46,0,29,50,0,79,32,0,32,111
10/13/2008,GMU,SC,ASO,ES,Federal Contract Tower,0,34,20,0,54,0,19,84,9,112,0,53,104,9,166,74,0,74,240
10/14/2008,GMU,SC,ASO,ES,Federal Contract Tower,0,32,20,0,52,0,21,91,4,116,0,53,111,4,168,130,0,130,298
10/15/2008,GMU,SC,ASO,ES,Federal Contract Tower,0,36,18,0,54,0,26,82,7,115,0,62,100,7,169,62,0,62,231
10/16/2008,GMU,SC,ASO,ES,Federal Contract Tower,0,28,17,2,47,0,22,85,17,124,0,50,102,19,171,56,2,58,229
10/17/2008,GMU,SC,ASO,ES,Federal Contract Tower,0,37,30,0,67,0,5,18,2,25,0,42,48,2,92,94,12,106,198
10/18/2008,GMU,SC,ASO,ES,Federal Contract Tower,0,16,8,0,24,0,12,47,0,59,0,28,55,0,83,98,0,98,181
10/19/2008,GMU,SC,ASO,ES,Federal Contract Tower,0,21,9,0,30,0,4,51,0,55,0,25,60,0,85,22,0,22,107
10/20/2008,GMU,SC,ASO,ES,Federal Contract Tower,0,33,7,0,40,0,23,66,8,97,0,56,73,8,137,172,0,172,309
10/21/2008,GMU,SC,ASO,ES,Federal Contract Tower,0,36,18,0,54,0,30,84,14,128,0,66,102,14,182,160,4,164,346
10/22/2008,GMU,SC,ASO,ES,Federal Contract Tower,0,31,14,0,45,0,17,64,0,81,0,48,78,0,126,130,0,130,256
10/23/2008,GMU,SC,ASO,ES,Federal Contract Tower,0,56,20,0,76,0,36,74,1,111,0,92,94,1,187,82,0,82,269
10/24/2008,GMU,SC,ASO,ES,Federal Contract Tower,0,40,24,0,64,0,7,10,0,17,0,47,34,0,81,20,0,20,101
10/25/2008,GMU,SC,ASO,ES,Federal Contract Tower,0,12,21,0,33,0,4,31,0,35,0,16,52,0,68,0,0,0,68
10/26/2008,GMU,SC,ASO,ES,Federal Contract Tower,0,33,13,0,46,0,11,84,3,98,0,44,97,3,144,32,2,34,178
10/27/2008,GMU,SC,ASO,ES,Federal Contract Tower,0,28,9,2,39,0,40,81,7,128,0,68,90,9,167,172,0,172,339
10/28/2008,GMU,SC,ASO,ES,Federal Contract Tower,0,43,11,0,54,0,21,70,4,95,0,64,81,4,149,60,0,60,209
10/29/2008,GMU,SC,ASO,ES,Federal Contract Tower,0,32,15,0,47,0,17,94,7,118,0,49,109,7,165,138,0,138,303
10/30/2008,GMU,SC,ASO,ES,Federal Contract Tower,0,32,20,2,54,0,23,100,11,134,0,55,120,13,188,130,4,134,322
10/31/2008,GMU,SC,ASO,ES,Federal Contract Tower,0,30,17,0,47,0,35,90,6,131,0,65,107,6,178,234,0,234,412
11/01/2008,GMU,SC,ASO,ES,Federal Contract Tower,0,21,8,1,30,0,4,85,4,93,0,25,93,5,123,92,0,92,215
11/02/2008,GMU,SC,ASO,ES,Federal Contract Tower,0,30,18,0,48,0,5,56,0,61,0,35,74,0,109,10,0,10,119
11/03/2008,GMU,SC,ASO,ES,Federal Contract Tower,0,36,17,0,53,0,15,80,5,100,0,51,97,5,153,146,0,146,299
11/04/2008,GMU,SC,ASO,ES,Federal Contract Tower,0,23,8,0,31,0,16,62,5,83,0,39,70,5,114,70,0,70,184
11/05/2008,GMU,SC,ASO,ES,Federal Contract Tower,0,39,19,0,58,0,26,68,11,105,0,65,87,11,163,134,0,134,297
11/06/2008,GMU,SC,ASO,ES,Federal Contract Tower,1,38,17,0,56,0,33,83,9,125,1,71,100,9,181,106,0,106,287
11/07/2008,GMU,SC,ASO,ES,Federal Contract Tower,0,30,10,0,40,0,22,75,2,99,0,52,85,2,139,70,0,70,209
11/08/2008,GMU,SC,ASO,ES,Federal Contract Tower,0,12,5,0,17,0,8,66,3,77,0,20,71,3,94,76,0,76,170
11/09/2008,GMU,SC,ASO,ES,Federal Contract Tower,0,29,8,0,37,0,16,60,5,81,0,45,68,5,118,8,0,8,126
11/10/2008,GMU,SC,ASO,ES,Federal Contract Tower,0,39,8,0,47,0,30,84,3,117,0,69,92,3,164,188,0,188,352
11/11/2008,GMU,SC,ASO,ES,Federal Contract Tower,0,40,15,0,55,0,36,64,7,107,0,76,79,7,162,164,0,164,326
11/12/2008,GMU,SC,ASO,ES,Federal Contract Tower,0,25,22,2,49,0,18,53,0,71,0,43,75,2,120,90,0,90,210
11/13/2008,GMU,SC,ASO,ES,Federal Contract Tower,0,46,16,0,62,0,0,0,0,0,0,46,16,0,62,0,0,0,62
11/14/2008,GMU,SC,ASO,ES,Federal Contract Tower,0,29,13,0,42,0,0,0,0,0,0,29,13,0,42,0,0,0,42
11/15/2008,GMU,SC,ASO,ES,Federal Contract Tower,0,18,8,0,26,0,3,28,0,31,0,21,36,0,57,28,0,28,85
11/16/2008,GMU,SC,ASO,ES,Federal Contract Tower,0,14,15,0,29,0,2,68,2,72,0,16,83,2,101,10,0,10,111
11/17/2008,GMU,SC,ASO,ES,Federal Contract Tower,0,37,10,0,47,0,32,95,0,127,0,69,105,0,174,156,0,156,330
11/18/2008,GMU,SC,ASO,ES,Federal Contract Tower,0,30,11,0,41,0,19,15,4,38,0,49,26,4,79,24,0,24,103
11/19/2008,GMU,SC,ASO,ES,Federal Contract Tower,0,36,22,0,58,0,12,84,0,96,0,48,106,0,154,140,0,140,294
11/20/2008,GMU,SC,ASO,ES,Federal Contract Tower,0,42,19,0,61,0,32,82,0,114,0,74,101,0,175,164,0,164,339
11/21/2008,GMU,SC,ASO,ES,Federal Contract Tower,0,30,19,0,49,0,22,54,2,78,0,52,73,2,127,144,0,144,271
11/22/2008,GMU,SC,ASO,ES,Federal Contract Tower,0,12,9,0,21,0,15,90,0,105,0,27,99,0,126,0,144,144,270
11/23/2008,GMU,SC,ASO,ES,Federal Contract Tower,0,16,11,0,27,0,11,47,0,58,0,27,58,0,85,48,0,48,133
11/24/2008,GMU,SC,ASO,ES,Federal Contract Tower,0,36,15,0,51,0,26,18,0,44,0,62,33,0,95,38,0,38,133
11/25/2008,GMU,SC,ASO,ES,Federal Contract Tower,0,38,21,0,59,0,27,42,2,71,0,65,63,2,130,48,0,48,178
11/26/2008,GMU,SC,ASO,ES,Federal Contract Tower,0,26,23,0,49,0,16,72,0,88,0,42,95,0,137,74,0,74,211
11/27/2008,GMU,SC,ASO,ES,Federal Contract Tower,0,0,7,0,7,0,4,24,0,28,0,4,31,0,35,0,0,0,35
11/28/2008,GMU,SC,ASO,ES,Federal Contract Tower,0,14,14,0,28,0,12,48,0,60,0,26,62,0,88,74,0,74,162
11/29/2008,GMU,SC,ASO,ES,Federal Contract Tower,0,9,14,0,23,0,3,0,0,3,0,12,14,0,26,16,0,16,42
11/30/2008,GMU,SC,ASO,ES,Federal Contract Tower,0,27,8,0,35,0,0,0,0,0,0,27,8,0,35,0,0,0,35
12/01/2008,GMU,SC,ASO,ES,Federal Contract Tower,44,4,0,0,48,0,1,13,0,14,44,5,13,0,62,16,0,16,78
12/02/2008,GMU,SC,ASO,ES,Federal Contract Tower,0,26,18,0,44,0,14,65,0,79,0,40,83,0,123,52,0,52,175
12/03/2008,GMU,SC,ASO,ES,Federal Contract Tower,0,36,15,0,51,0,16,101,0,117,0,52,116,0,168,62,0,62,230
12/04/2008,GMU,SC,ASO,ES,Federal Contract Tower,0,45,11,0,56,0,18,21,0,39,0,63,32,0,95,64,0,64,159
12/05/2008,GMU,SC,ASO,ES,Federal Contract Tower,0,24,16,0,40,0,15,100,1,116,0,39,116,1,156,142,0,142,298
12/06/2008,GMU,SC,ASO,ES,Federal Contract Tower,0,11,11,2,24,0,1,58,0,59,0,12,69,2,83,52,0,52,135
12/07/2008,GMU,SC,ASO,ES,Federal Contract Tower,0,26,5,0,31,0,12,58,0,70,0,38,63,0,101,32,0,32,133
12/08/2008,GMU,SC,ASO,ES,Federal Contract Tower,0,23,13,1,37,0,26,71,8,105,0,49,84,9,142,74,0,74,216
12/09/2008,GMU,SC,ASO,ES,Federal Contract Tower,0,36,11,0,47,0,6,27,0,33,0,42,38,0,80,82,0,82,162
12/10/2008,GMU,SC,ASO,ES,Federal Contract Tower,0,26,11,0,37,0,3,0,2,5,0,29,11,2,42,0,0,0,42
12/11/2008,GMU,SC,ASO,ES,Federal Contract Tower,0,24,9,0,33,0,11,6,0,17,0,35,15,0,50,4,0,4,54
12/12/2008,GMU,SC,ASO,ES,Federal Contract Tower,0,37,19,0,56,0,18,98,0,116,0,55,117,0,172,176,0,176,348
12/13/2008,GMU,SC,ASO,ES,Federal Contract Tower,0,12,7,0,19,0,10,69,2,81,0,22,76,2,100,86,0,86,186
12/14/2008,GMU,SC,ASO,ES,Federal Contract Tower,0,17,9,0,26,0,3,18,0,21,0,20,27,0,47,4,0,4,51
12/15/2008,GMU,SC,ASO,ES,Federal Contract Tower,0,40,19,0,59,0,1,2,0,3,0,41,21,0,62,0,0,0,62
12/16/2008,GMU,SC,ASO,ES,Federal Contract Tower,0,40,21,0,61,0,23,41,0,64,0,63,62,0,125,0,0,0,125
12/17/2008,GMU,SC,ASO,ES,Federal Contract Tower,0,34,10,0,44,0,0,0,0,0,0,34,10,0,44,0,0,0,44
12/18/2008,GMU,SC,ASO,ES,Federal Contract Tower,0,43,17,0,60,0,21,58,2,81,0,64,75,2,141,84,10,94,235
12/19/2008,GMU,SC,ASO,ES,Federal Contract Tower,0,44,15,0,59,0,5,8,0,13,0,49,23,0,72,12,0,12,84
12/20/2008,GMU,SC,ASO,ES,Federal Contract Tower,0,21,17,0,38,0,0,8,0,8,0,21,25,0,46,6,0,6,52
12/21/2008,GMU,SC,ASO,ES,Federal Contract Tower,0,26,9,0,35,0,6,17,0,23,0,32,26,0,58,18,0,18,76
12/22/2008,GMU,SC,ASO,ES,Federal Contract Tower,0,28,9,0,37,0,54,61,0,115,0,82,70,0,152,38,0,38,190
12/23/2008,GMU,SC,ASO,ES,Federal Contract Tower,0,19,11,0,30,0,18,37,0,55,0,37,48,0,85,12,0,12,97
12/24/2008,GMU,SC,ASO,ES,Federal Contract Tower,0,7,9,4,20,0,13,9,0,22,0,20,18,4,42,0,0,0,42
12/25/2008,GMU,SC,ASO,ES,Federal Contract Tower,0,4,3,0,7,0,0,12,0,12,0,4,15,0,19,18,0,18,37
12/26/2008,GMU,SC,ASO,ES,Federal Contract Tower,0,26,20,0,46,0,5,14,0,19,0,31,34,0,65,28,0,28,93
12/27/2008,GMU,SC,ASO,ES,Federal Contract Tower,0,24,8,0,32,0,0,0,0,0,0,24,8,0,32,20,0,20,52
12/28/2008,GMU,SC,ASO,ES,Federal Contract Tower,0,12,3,0,15,0,0,0,0,0,0,12,3,0,15,0,0,0,15
12/29/2008,GMU,SC,ASO,ES,Federal Contract Tower,0,8,6,0,14,0,13,67,0,80,0,21,73,0,94,98,0,98,192
12/30/2008,GMU,SC,ASO,ES,Federal Contract Tower,0,29,5,0,34,0,11,71,0,82,0,40,76,0,116,26,0,26,142
12/31/2008,GMU,SC,ASO,ES,Federal Contract Tower,0,23,4,0,27,0,21,37,0,58,0,44,41,0,85,34,0,34,119
01/01/2009,GMU,SC,ASO,ES,Federal Contract Tower,0,16,8,0,24,0,2,44,0,46,0,18,52,0,70,16,0,16,86
01/02/2009,GMU,SC,ASO,ES,Federal Contract Tower,0,12,9,0,21,0,2,1,0,3,0,14,10,0,24,0,0,0,24
01/03/2009,GMU,SC,ASO,ES,Federal Contract Tower,0,29,14,0,43,0,0,0,0,0,0,29,14,0,43,0,0,0,43
01/04/2009,GMU,SC,ASO,ES,Federal Contract Tower,0,13,20,0,33,0,0,10,0,10,0,13,30,0,43,20,0,20,63
01/05/2009,GMU,SC,ASO,ES,Federal Contract Tower,0,28,13,0,41,0,19,19,2,40,0,47,32,2,81,30,0,30,111
01/06/2009,GMU,SC,ASO,ES,Federal Contract Tower,0,27,8,0,35,0,2,0,0,2,0,29,8,0,37,0,0,0,37
01/07/2009,GMU,SC,ASO,ES,Federal Contract Tower,0,10,1,0,11,0,1,3,0,4,0,11,4,0,15,6,0,6,21
01/08/2009,GMU,SC,ASO,ES,Federal Contract Tower,0,31,9,0,40,0,26,69,0,95,0,57,78,0,135,62,0,62,197
01/09/2009,GMU,SC,ASO,ES,Federal Contract Tower,0,21,11,0,32,0,33,108,0,141,0,54,119,0,173,146,0,146,319
01/10/2009,GMU,SC,ASO,ES,Federal Contract Tower,0,7,4,0,11,0,0,44,0,44,0,7,48,0,55,72,0,72,127
01/11/2009,GMU,SC,ASO,ES,Federal Contract Tower,0,23,16,0,39,0,3,39,0,42,0,26,55,0,81,26,0,26,107
01/12/2009,GMU,SC,ASO,ES,Federal Contract Tower,0,22,8,0,30,0,20,89,0,109,0,42,97,0,139,138,0,138,277
01/13/2009,GMU,SC,ASO,ES,Federal Contract Tower,0,22,9,0,31,0,10,57,0,67,0,32,66,0,98,52,0,52,150
01/14/2009,GMU,SC,ASO,ES,Federal Contract Tower,0,35,14,0,49,0,29,63,0,92,0,64,77,0,141,30,0,30,171
01/15/2009,GMU,SC,ASO,ES,Federal Contract Tower,0,27,14,0,41,0,10,50,4,64,0,37,64,4,105,60,0,60,165
01/16/2009,GMU,SC,ASO,ES,Federal Contract Tower,0,39,13,0,52,0,23,71,2,96,0,62,84,2,148,90,0,90,238
01/17/2009,GMU,SC,ASO,ES,Federal Contract Tower,0,11,5,0,16,0,21,55,0,76,0,32,60,0,92,106,0,106,198
01/18/2009,GMU,SC,ASO,ES,Federal Contract Tower,0,23,7,0,30,0,0,19,0,19,0,23,26,0,49,18,0,18,67
01/19/2009,GMU,SC,ASO,ES,Federal Contract Tower,0,35,8,0,43,0,19,55,0,74,0,54,63,0,117,58,0,58,175
01/20/2009,GMU,SC,ASO,ES,Federal Contract Tower,0,22,4,0,26,0,17,35,6,58,0,39,39,6,84,14,0,14,98
01/21/2009,GMU,SC,ASO,ES,Federal Contract Tower,0,35,18,0,53,0,38,58,0,96,0,73,76,0,149,54,0,54,203
01/22/2009,GMU,SC,ASO,ES,Federal Contract Tower,0,26,29,0,55,0,24,82,13,119,0,50,111,13,174,84,0,84,258
01/23/2009,GMU,SC,ASO,ES,Federal Contract Tower,0,25,13,0,38,0,27,65,5,97,0,52,78,5,135,80,0,80,215
01/24/2009,GMU,SC,ASO,ES,Federal Contract Tower,0,10,10,0,20,0,10,57,0,67,0,20,67,0,87,100,0,100,187
01/25/2009,GMU,SC,ASO,ES,Federal Contract Tower,0,19,15,0,34,0,1,36,0,37,0,20,51,0,71,54,0,54,125
01/26/2009,GMU,SC,ASO,ES,Federal Contract Tower,0,33,8,0,41,0,15,47,6,68,0,48,55,6,109,80,0,80,189
01/27/2009,GMU,SC,ASO,ES,Federal Contract Tower,0,26,12,0,38,0,0,0,0,0,0,26,12,0,38,0,0,0,38
01/28/2009,GMU,SC,ASO,ES,Federal Contract Tower,0,35,9,0,44,0,2,2,0,4,0,37,11,0,48,8,0,8,56
01/29/2009,GMU,SC,ASO,ES,Federal Contract Tower,0,14,20,0,34,0,26,82,0,108,0,40,102,0,142,74,0,74,216
01/30/2009,GMU,SC,ASO,ES,Federal Contract Tower,0,38,12,0,50,0,38,72,0,110,0,76,84,0,160,68,0,68,228
01/31/2009,GMU,SC,ASO,ES,Federal Contract Tower,0,10,5,0,15,0,20,98,0,118,0,30,103,0,133,82,0,82,215
02/01/2009,GMU,SC,ASO,ES,Federal Contract Tower,0,9,5,0,14,0,11,32,5,48,0,20,37,5,62,36,0,36,98
02/02/2009,GMU,SC,ASO,ES,Federal Contract Tower,0,22,7,0,29,0,17,46,6,69,0,39,53,6,98,58,2,60,158
02/03/2009,GMU,SC,ASO,ES,Federal Contract Tower,0,32,8,0,40,0,11,34,0,45,0,43,42,0,85,34,0,34,119
02/04/2009,GMU,SC,ASO,ES,Federal Contract Tower,0,15,4,0,19,0,22,32,0,54,0,37,36,0,73,60,0,60,133
02/05/2009,GMU,SC,ASO,ES,Federal Contract Tower,0,34,10,2,46,0,26,75,4,105,0,60,85,6,151,94,0,94,245
02/06/2009,GMU,SC,ASO,ES,Federal Contract Tower,0,37,16,0,53,0,28,100,0,128,0,65,116,0,181,88,0,88,269
02/07/2009,GMU,SC,ASO,ES,Federal Contract Tower,0,12,6,0,18,0,11,92,1,104,0,23,98,1,122,98,0,98,220
02/08/2009,GMU,SC,ASO,ES,Federal Contract Tower,0,15,8,0,23,0,4,47,0,51,0,19,55,0,74,36,0,36,110
02/09/2009,GMU,SC,ASO,ES,Federal Contract Tower,0,26,13,0,39,0,29,76,5,110,0,55,89,5,149,104,0,104,253
02/10/2009,GMU,SC,ASO,ES,Federal Contract Tower,0,32,12,1,45,0,17,41,7,65,0,49,53,8,110,8,0,8,118
02/11/2009,GMU,SC,ASO,ES,Federal Contract Tower,0,29,8,0,37,0,8,11,0,19,0,37,19,0,56,8,0,8,64
02/12/2009,GMU,SC,ASO,ES,Federal Contract Tower,0,25,23,0,48,0,25,69,2,96,0,50,92,2,144,104,0,104,248
02/13/2009,GMU,SC,ASO,ES,Federal Contract Tower,0,26,18,0,44,0,22,94,4,120,0,48,112,4,164,114,0,114,278
02/14/2009,GMU,SC,ASO,ES,Federal Contract Tower,0,13,14,0,27,0,9,37,0,46,0,22,51,0,73,112,0,112,185
02/15/2009,GMU,SC,ASO,ES,Federal Contract Tower,0,24,12,0,36,0,6,57,0,63,0,30,69,0,99,48,0,48,147
02/16/2009,GMU,SC,ASO,ES,Federal Contract Tower,0,34,11,0,45,0,18,65,0,83,0,52,76,0,128,76,0,76,204
02/17/2009,GMU,SC,ASO,ES,Federal Contract Tower,0,33,9,0,42,0,27,60,8,95,0,60,69,8,137,62,0,62,199
02/18/2009,GMU,SC,ASO,ES,Federal Contract Tower,0,22,7,0,29,0,0,0,0,0,0,22,7,0,29,0,0,0,29
02/19/2009,GMU,SC,ASO,ES,Federal Contract Tower,0,37,12,0,49,0,14,47,8,69,0,51,59,8,118,80,0,80,198
02/20/2009,GMU,SC,ASO,ES,Federal Contract Tower,0,30,10,0,40,0,32,111,4,147,0,62,121,4,187,118,10,128,315
02/21/2009,GMU,SC,ASO,ES,Federal Contract Tower,0,11,6,0,17,0,11,99,0,110,0,22,105,0,127,126,0,126,253
02/22/2009,GMU,SC,ASO,ES,Federal Contract Tower,0,31,9,0,40,0,4,31,0,35,0,35,40,0,75,22,0,22,97
02/23/2009,GMU,SC,ASO,ES,Federal Contract Tower,0,22,16,0,38,0,9,81,0,90,0,31,97,0,128,98,0,98,226
02/24/2009,GMU,SC,ASO,ES,Federal Contract Tower,0,41,12,0,53,0,25,86,0,111,0,66,98,0,164,58,0,58,222
02/25/2009,GMU,SC,ASO,ES,Federal Contract Tower,0,30,8,0,38,0,32,59,0,91,0,62,67,0,129,94,0,94,223
02/26/2009,GMU,SC,ASO,ES,Federal Contract Tower,0,24,17,0,41,0,43,41,4,88,0,67,58,4,129,94,16,110,239
02/27/2009,GMU,SC,ASO,ES,Federal Contract Tower,0,26,14,0,40,0,12,6,0,18,0,38,20,0,58,10,0,10,68
02/28/2009,GMU,SC,ASO,ES,Federal Contract Tower,0,9,2,0,11,0,0,0,0,0,0,9,2,0,11,0,0,0,11
03/01/2009,GMU,SC,ASO,ES,Federal Contract Tower,0,5,1,0,6,0,0,0,0,0,0,5,1,0,6,0,0,0,6
03/02/2009,GMU,SC,ASO,ES,Federal Contract Tower,0,16,3,0,19,0,33,23,0,56,0,49,26,0,75,24,0,24,99
03/03/2009,GMU,SC,ASO,ES,Federal Contract Tower,0,23,15,0,38,35,51,0,0,86,35,74,15,0,124,84,0,84,208
03/04/2009,GMU,SC,ASO,ES,Federal Contract Tower,0,36,19,0,55,0,38,68,0,106,0,74,87,0,161,54,0,54,215
03/05/2009,GMU,SC,ASO,ES,Federal Contract Tower,0,31,25,0,56,0,40,73,0,113,0,71,98,0,169,88,0,88,257
03/06/2009,GMU,SC,ASO,ES,Federal Contract Tower,0,19,24,0,43,0,49,69,14,132,0,68,93,14,175,108,0,108,283
03/07/2009,GMU,SC,ASO,ES,Federal Contract Tower,0,19,6,0,25,0,24,82,2,108,0,43,88,2,133,54,0,54,187
03/08/2009,GMU,SC,ASO,ES,Federal Contract Tower,0,12,14,0,26,0,12,21,0,33,0,24,35,0,59,4,0,4,63
03/09/2009,GMU,SC,ASO,ES,Federal Contract Tower,0,26,7,0,33,0,21,58,4,83,0,47,65,4,116,68,0,68,184
03/10/2009,GMU,SC,ASO,ES,Federal Contract Tower,0,31,13,0,44,0,30,73,4,107,0,61,86,4,151,42,0,42,193
03/11/2009,GMU,SC,ASO,ES,Federal Contract Tower,0,29,12,0,41,0,21,71,0,92,0,50,83,0,133,20,0,20,153
03/12/2009,GMU,SC,ASO,ES,Federal Contract Tower,0,23,12,0,35,0,30,46,4,80,0,53,58,4,115,64,0,64,179
03/13/2009,GMU,SC,ASO,ES,Federal Contract Tower,0,21,14,0,35,0,13,28,0,41,0,34,42,0,76,50,0,50,126
03/14/2009,GMU,SC,ASO,ES,Federal Contract Tower,0,9,10,0,19,0,0,0,0,0,0,9,10,0,19,0,0,0,19
03/15/2009,GMU,SC,ASO,ES,Federal Contract Tower,0,19,5,0,24,0,0,0,0,0,0,19,5,0,24,0,0,0,24
03/16/2009,GMU,SC,ASO,ES,Federal Contract Tower,0,21,6,0,27,0,0,0,0,0,0,21,6,0,27,0,0,0,27
03/17/2009,GMU,SC,ASO,ES,Federal Contract Tower,0,22,18,0,40,0,34,64,1,99,0,56,82,1,139,36,0,36,175
03/18/2009,GMU,SC,ASO,ES,Federal Contract Tower,0,22,17,1,40,0,26,88,1,115,0,48,105,2,155,70,0,70,225
03/19/2009,GMU,SC,ASO,ES,Federal Contract Tower,0,31,25,0,56,0,16,67,0,83,0,47,92,0,139,72,0,72,211
03/20/2009,GMU,SC,ASO,ES,Federal Contract Tower,0,35,13,3,51,0,32,104,5,141,0,67,117,8,192,132,0,132,324
03/21/2009,GMU,SC,ASO,ES,Federal Contract Tower,0,25,17,0,42,0,15,61,0,76,0,40,78,0,118,42,0,42,160
03/22/2009,GMU,SC,ASO,ES,Federal Contract Tower,0,17,18,0,35,0,15,90,0,105,0,32,108,0,140,60,0,60,200
03/23/2009,GMU,SC,ASO,ES,Federal Contract Tower,0,26,7,0,33,0,15,57,4,76,0,41,64,4,109,102,0,102,211
03/24/2009,GMU,SC,ASO,ES,Federal Contract Tower,0,18,18,0,36,0,39,64,0,103,0,57,82,0,139,28,0,28,167
03/25/2009,GMU,SC,ASO,ES,Federal Contract Tower,0,32,7,0,39,0,0,0,0,0,0,32,7,0,39,0,0,0,39
03/26/2009,GMU,SC,ASO,ES,Federal Contract Tower,0,25,3,0,28,0,0,0,0,0,0,25,3,0,28,0,0,0,28
03/27/2009,GMU,SC,ASO,ES,Federal Contract Tower,0,45,6,0,51,0,0,0,0,0,0,45,6,0,51,0,0,0,51
03/28/2009,GMU,SC,ASO,ES,Federal Contract Tower,0,10,6,0,16,0,0,0,0,0,0,10,6,0,16,0,0,0,16
03/29/2009,GMU,SC,ASO,ES,Federal Contract Tower,0,13,4,0,17,0,4,12,0,16,0,17,16,0,33,0,0,0,33
03/30/2009,GMU,SC,ASO,ES,Federal Contract Tower,0,35,16,0,51,0,25,101,2,128,0,60,117,2,179,86,0,86,265
03/31/2009,GMU,SC,ASO,ES,Federal Contract Tower,0,37,20,0,57,0,12,51,0,63,0,49,71,0,120,76,0,76,196
04/01/2009,GMU,SC,ASO,ES,Federal Contract Tower,0,26,25,0,51,0,10,22,0,32,0,36,47,0,83,28,0,28,111
04/02/2009,GMU,SC,ASO,ES,Federal Contract Tower,0,24,20,0,44,0,19,17,0,36,0,43,37,0,80,12,0,12,92
04/03/2009,GMU,SC,ASO,ES,Federal Contract Tower,0,37,17,0,54,2,27,47,0,76,2,64,64,0,130,56,0,56,186
04/04/2009,GMU,SC,ASO,ES,Federal Contract Tower,0,21,18,0,39,0,21,106,0,127,0,42,124,0,166,104,0,104,270
04/05/2009,GMU,SC,ASO,ES,Federal Contract Tower,0,20,14,0,34,0,19,60,0,79,0,39,74,0,113,74,0,74,187
04/06/2009,GMU,SC,ASO,ES,Federal Contract Tower,0,24,8,0,32,0,12,18,0,30,0,36,26,0,62,30,0,30,92
04/07/2009,GMU,SC,ASO,ES,Federal Contract Tower,0,29,7,0,36,0,20,23,0,43,0,49,30,0,79,30,0,30,109
04/08/2009,GMU,SC,ASO,ES,Federal Contract Tower,0,28,22,0,50,0,23,55,4,82,0,51,77,4,132,22,0,22,154
04/09/2009,GMU,SC,ASO,ES,Federal Contract Tower,0,47,16,0,63,0,21,75,0,96,0,68,91,0,159,68,0,68,227
04/10/2009,GMU,SC,ASO,ES,Federal Contract Tower,0,21,6,0,27,0,2,13,0,15,0,23,19,0,42,2,0,2,44
04/11/2009,GMU,SC,ASO,ES,Federal Contract Tower,0,16,8,0,24,0,19,68,0,87,0,35,76,0,111,62,0,62,173
04/12/2009,GMU,SC,ASO,ES,Federal Contract Tower,0,16,9,0,25,0,8,37,0,45,0,24,46,0,70,50,0,50,120
04/13/2009,GMU,SC,ASO,ES,Federal Contract Tower,0,33,6,0,39,0,2,6,0,8,0,35,12,0,47,2,0,2,49
04/14/2009,GMU,SC,ASO,ES,Federal Contract Tower,0,37,10,0,47,0,5,19,0,24,0,42,29,0,71,20,0,20,91
04/15/2009,GMU,SC,ASO,ES,Federal Contract Tower,0,37,15,0,52,0,22,90,0,112,0,59,105,0,164,28,0,28,192
04/16/2009,GMU,SC,ASO,ES,Federal Contract Tower,0,25,18,0,43,0,37,99,9,145,0,62,117,9,188,54,0,54,242
04/17/2009,GMU,SC,ASO,ES,Federal Contract Tower,0,33,14,0,47,0,27,106,6,139,0,60,120,6,186,128,0,128,314
04/18/2009,GMU,SC,ASO,ES,Federal Contract Tower,0,7,5,0,12,4,80,0,0,84,4,87,5,0,96,74,0,74,170
04/19/2009,GMU,SC,ASO,ES,Federal Contract Tower,0,13,20,0,33,0,4,27,0,31,0,17,47,0,64,8,0,8,72
04/20/2009,GMU,SC,ASO,ES,Federal Contract Tower,0,31,14,0,45,0,30,17,9,56,0,61,31,9,101,10,4,14,115
04/21/2009,GMU,SC,ASO,ES,Federal Contract Tower,0,22,13,0,35,0,25,50,0,75,0,47,63,0,110,66,0,66,176
04/22/2009,GMU,SC,ASO,ES,Federal Contract Tower,0,29,16,0,45,0,52,70,8,130,0,81,86,8,175,66,0,66,241
04/23/2009,GMU,SC,ASO,ES,Federal Contract Tower,0,35,23,0,58,0,19,97,4,120,0,54,120,4,178,112,0,112,290
04/24/2009,GMU,SC,ASO,ES,Federal Contract Tower,0,37,14,0,51,0,37,74,3,114,0,74,88,3,165,100,0,100,265
04/25/2009,GMU,SC,ASO,ES,Federal Contract Tower,0,16,13,0,29,0,15,51,0,66,0,31,64,0,95,60,0,60,155
04/26/2009,GMU,SC,ASO,ES,Federal Contract Tower,0,21,15,0,36,0,3,49,0,52,0,24,64,0,88,74,0,74,162
04/27/2009,GMU,SC,ASO,ES,Federal Contract Tower,0,27,16,0,43,0,20,59,0,79,0,47,75,0,122,106,0,106,228
04/28/2009,GMU,SC,ASO,ES,Federal Contract Tower,0,26,17,0,43,0,20,55,1,76,0,46,72,1,119,76,0,76,195
04/29/2009,GMU,SC,ASO,ES,Federal Contract Tower,0,36,25,0,61,0,11,68,6,85,0,47,93,6,146,58,0,58,204
04/30/2009,GMU,SC,ASO,ES,Federal Contract Tower,0,26,18,0,44,0,16,25,0,41,0,42,43,0,85,100,0,100,185
05/01/2009,GMU,SC,ASO,ES,Federal Contract Tower,0,39,19,2,60,0,15,45,6,66,0,54,64,8,126,108,0,108,234
05/02/2009,GMU,SC,ASO,ES,Federal Contract Tower,0,13,18,0,31,0,5,42,0,47,0,18,60,0,78,68,0,68,146
05/03/2009,GMU,SC,ASO,ES,Federal Contract Tower,0,13,20,0,33,0,0,15,0,15,0,13,35,0,48,22,0,22,70
05/04/2009,GMU,SC,ASO,ES,Federal Contract Tower,0,25,10,0,35,0,15,16,2,33,0,40,26,2,68,36,0,36,104
05/05/2009,GMU,SC,ASO,ES,Federal Contract Tower,0,30,10,0,40,0,15,19,0,34,0,45,29,0,74,32,0,32,106
05/06/2009,GMU,SC,ASO,ES,Federal Contract Tower,0,29,15,0,44,0,2,5,0,7,0,31,20,0,51,12,0,12,63
05/07/2009,GMU,SC,ASO,ES,Federal Contract Tower,0,44,13,0,57,0,49,58,2,109,0,93,71,2,166,100,0,100,266
05/08/2009,GMU,SC,ASO,ES,Federal Contract Tower,0,47,18,0,65,0,13,34,0,47,0,60,52,0,112,34,0,34,146
05/09/2009,GMU,SC,ASO,ES,Federal Contract Tower,0,8,12,0,20,0,17,49,0,66,0,25,61,0,86,56,0,56,142
05/10/2009,GMU,SC,ASO,ES,Federal Contract Tower,0,22,20,0,42,0,6,56,0,62,0,28,76,0,104,58,0,58,162
05/11/2009,GMU,SC,ASO,ES,Federal Contract Tower,0,33,18,0,51,0,23,32,0,55,0,56,50,0,106,18,0,18,124
05/12/2009,GMU,SC,ASO,ES,Federal Contract Tower,0,41,23,0,64,0,19,91,18,128,0,60,114,18,192,76,0,76,268
05/13/2009,GMU,SC,ASO,ES,Federal Contract Tower,0,49,18,0,67,0,16,88,4,108,0,65,106,4,175,134,0,134,309
05/14/2009,GMU,SC,ASO,ES,Federal Contract Tower,0,49,19,0,68,0,30,54,0,84,0,79,73,0,152,68,0,68,220
05/15/2009,GMU,SC,ASO,ES,Federal Contract Tower,0,25,12,0,37,0,21,47,2,70,0,46,59,2,107,96,0,96,203
05/16/2009,GMU,SC,ASO,ES,Federal Contract Tower,0,7,15,0,22,0,0,30,12,42,0,7,45,12,64,6,6,12,76
05/17/2009,GMU,SC,ASO,ES,Federal Contract Tower,0,14,10,1,25,0,0,14,0,14,0,14,24,1,39,38,0,38,77
05/18/2009,GMU,SC,ASO,ES,Federal Contract Tower,0,26,16,0,42,0,21,46,0,67,0,47,62,0,109,56,0,56,165
05/19/2009,GMU,SC,ASO,ES,Federal Contract Tower,0,28,17,0,45,0,16,61,2,79,0,44,78,2,124,42,0,42,166
05/20/2009,GMU,SC,ASO,ES,Federal Contract Tower,0,35,14,0,49,0,6,74,0,80,0,41,88,0,129,44,0,44,173
05/21/2009,GMU,SC,ASO,ES,Federal Contract Tower,0,48,24,0,72,0,17,67,8,92,0,65,91,8,164,132,0,132,296
05/22/2009,GMU,SC,ASO,ES,Federal Contract Tower,0,38,21,0,59,0,29,78,0,107,0,67,99,0,166,100,0,100,266
05/23/2009,GMU,SC,ASO,ES,Federal Contract Tower,0,19,11,0,30,0,0,15,0,15,0,19,26,0,45,74,0,74,119
05/24/2009,GMU,SC,ASO,ES,Federal Contract Tower,0,13,8,0,21,0,0,1,0,1,0,13,9,0,22,0,0,0,22
05/25/2009,GMU,SC,ASO,ES,Federal Contract Tower,0,22,20,0,42,0,2,19,0,21,0,24,39,0,63,70,0,70,133
05/26/2009,GMU,SC,ASO,ES,Federal Contract Tower,0,33,14,0,47,0,17,30,1,48,0,50,44,1,95,76,0,76,171
05/27/2009,GMU,SC,ASO,ES,Federal Contract Tower,0,34,32,4,70,0,2,23,0,25,0,36,55,4,95,50,0,50,145
05/28/2009,GMU,SC,ASO,ES,Federal Contract Tower,0,28,21,0,49,0,11,43,14,68,0,39,64,14,117,60,0,60,177
05/29/2009,GMU,SC,ASO,ES,Federal Contract Tower,0,23,24,0,47,0,9,81,2,92,0,32,105,2,139,120,0,120,259
05/30/2009,GMU,SC,ASO,ES,Federal Contract Tower,0,12,13,0,25,0,20,107,0,127,0,32,120,0,152,114,0,114,266
05/31/2009,GMU,SC,ASO,ES,Federal Contract Tower,0,15,12,0,27,0,20,56,2,78,0,35,68,2,105,42,0,42,147
06/01/2009,GMU,SC,ASO,ES,Federal Contract Tower,0,28,9,0,37,0,20,58,2,80,0,48,67,2,117,100,0,100,217
06/02/2009,GMU,SC,ASO,ES,Federal Contract Tower,0,24,23,0,47,0,21,60,2,83,0,45,83,2,130,26,0,26,156
06/03/2009,GMU,SC,ASO,ES,Federal Contract Tower,0,42,21,0,63,0,13,75,0,88,0,55,96,0,151,48,0,48,199
06/04/2009,GMU,SC,ASO,ES,Federal Contract Tower,0,35,21,0,56,0,0,8,0,8,0,35,29,0,64,10,0,10,74
06/05/2009,GMU,SC,ASO,ES,Federal Contract Tower,0,36,16,0,52,0,17,32,0,49,0,53,48,0,101,56,0,56,157
06/06/2009,GMU,SC,ASO,ES,Federal Contract Tower,0,10,14,0,24,0,13,66,2,81,0,23,80,2,105,92,0,92,197
06/07/2009,GMU,SC,ASO,ES,Federal Contract Tower,0,26,7,0,33,0,10,38,0,48,0,36,45,0,81,68,0,68,149
06/08/2009,GMU,SC,ASO,ES,Federal Contract Tower,0,35,4,0,39,0,20,79,0,99,0,55,83,0,138,78,0,78,216
06/09/2009,GMU,SC,ASO,ES,Federal Contract Tower,0,27,14,0,41,0,23,53,2,78,0,50,67,2,119,18,0,18,137
06/10/2009,GMU,SC,ASO,ES,Federal Contract Tower,0,32,16,0,48,0,9,41,4,54,0,41,57,4,102,46,0,46,148
06/11/2009,GMU,SC,ASO,ES,Federal Contract Tower,0,35,15,0,50,0,43,51,4,98,0,78,66,4,148,60,0,60,208
06/12/2009,GMU,SC,ASO,ES,Federal Contract Tower,0,27,10,0,37,0,34,52,0,86,0,61,62,0,123,96,0,96,219
06/13/2009,GMU,SC,ASO,ES,Federal Contract Tower,0,11,8,0,19,0,17,63,0,80,0,28,71,0,99,50,0,50,149
06/14/2009,GMU,SC,ASO,ES,Federal Contract Tower,0,21,14,0,35,0,13,33,0,46,0,34,47,0,81,50,0,50,131
06/15/2009,GMU,SC,ASO,ES,Federal Contract Tower,0,29,10,0,39,0,8,32,0,40,0,37,42,0,79,22,0,22,101
06/16/2009,GMU,SC,ASO,ES,Federal Contract Tower,0,23,14,0,37,0,5,35,0,40,0,28,49,0,77,24,0,24,101
06/17/2009,GMU,SC,ASO,ES,Federal Contract Tower,0,39,19,0,58,0,11,13,0,24,0,50,32,0,82,18,0,18,100
06/18/2009,GMU,SC,ASO,ES,Federal Contract Tower,0,28,36,0,64,0,16,46,2,64,0,44,82,2,128,44,0,44,172
06/19/2009,GMU,SC,ASO,ES,Federal Contract Tower,0,25,25,0,50,0,26,93,0,119,0,51,118,0,169,96,0,96,265
06/20/2009,GMU,SC,ASO,ES,Federal Contract Tower,0,16,12,0,28,0,32,70,0,102,0,48,82,0,130,96,0,96,226
06/21/2009,GMU,SC,ASO,ES,Federal Contract Tower,0,23,10,0,33,0,6,47,0,53,0,29,57,0,86,46,0,46,132
06/22/2009,GMU,SC,ASO,ES,Federal Contract Tower,0,27,14,0,41,0,19,42,0,61,0,46,56,0,102,92,0,92,194
06/23/2009,GMU,SC,ASO,ES,Federal Contract Tower,0,32,15,0,47,0,18,68,0,86,0,50,83,0,133,54,0,54,187
06/24/2009,GMU,SC,ASO,ES,Federal Contract Tower,0,32,13,0,45,0,13,69,0,82,0,45,82,0,127,66,0,66,193
06/25/2009,GMU,SC,ASO,ES,Federal Contract Tower,0,34,17,0,51,0,24,71,0,95,0,58,88,0,146,98,0,98,244
06/26/2009,GMU,SC,ASO,ES,Federal Contract Tower,0,19,17,0,36,0,23,82,0,105,0,42,99,0,141,108,0,108,249
06/27/2009,GMU,SC,ASO,ES,Federal Contract Tower,0,13,12,0,25,0,8,44,0,52,0,21,56,0,77,40,0,40,117
06/28/2009,GMU,SC,ASO,ES,Federal Contract Tower,0,14,13,0,27,0,6,51,0,57,0,20,64,0,84,26,0,26,110
06/29/2009,GMU,SC,ASO,ES,Federal Contract Tower,0,31,17,0,48,0,13,50,2,65,0,44,67,2,113,50,0,50,163
06/30/2009,GMU,SC,ASO,ES,Federal Contract Tower,0,25,11,0,36,0,20,61,4,85,0,45,72,4,121,40,0,40,161
07/01/2009,GMU,SC,ASO,ES,Federal Contract Tower,0,23,16,0,39,0,12,54,0,66,0,35,70,0,105,26,0,26,131
07/02/2009,GMU,SC,ASO,ES,Federal Contract Tower,0,25,24,0,49,0,12,85,1,98,0,37,109,1,147,68,0,68,215
07/03/2009,GMU,SC,ASO,ES,Federal Contract Tower,0,18,11,0,29,0,10,62,0,72,0,28,73,0,101,104,0,104,205
07/04/2009,GMU,SC,ASO,ES,Federal Contract Tower,0,7,7,0,14,0,4,41,2,47,0,11,48,2,61,32,0,32,93
07/05/2009,GMU,SC,ASO,ES,Federal Contract Tower,0,23,12,0,35,0,4,32,2,38,0,27,44,2,73,24,0,24,97
07/06/2009,GMU,SC,ASO,ES,Federal Contract Tower,0,16,8,0,24,0,7,24,0,31,0,23,32,0,55,20,0,20,75
07/07/2009,GMU,SC,ASO,ES,Federal Contract Tower,0,34,23,0,57,0,9,63,8,80,0,43,86,8,137,20,0,20,157
07/08/2009,GMU,SC,ASO,ES,Federal Contract Tower,0,22,12,0,34,0,10,29,4,43,0,32,41,4,77,10,0,10,87
07/09/2009,GMU,SC,ASO,ES,Federal Contract Tower,0,33,27,0,60,0,10,44,6,60,0,43,71,6,120,76,0,76,196
07/10/2009,GMU,SC,ASO,ES,Federal Contract Tower,0,19,17,0,36,0,11,62,0,73,0,30,79,0,109,136,0,136,245
07/11/2009,GMU,SC,ASO,ES,Federal Contract Tower,0,6,7,0,13,0,6,62,0,68,0,12,69,0,81,32,0,32,113
07/12/2009,GMU,SC,ASO,ES,Federal Contract Tower,0,25,22,0,47,0,3,48,0,51,0,28,70,0,98,82,0,82,180
07/13/2009,GMU,SC,ASO,ES,Federal Contract Tower,0,25,15,0,40,0,4,41,1,46,0,29,56,1,86,58,0,58,144
07/14/2009,GMU,SC,ASO,ES,Federal Contract Tower,0,38,21,0,59,0,26,67,8,101,0,64,88,8,160,28,0,28,188
07/15/2009,GMU,SC,ASO,ES,Federal Contract Tower,0,29,18,0,47,0,20,72,0,92,0,49,90,0,139,72,0,72,211
07/16/2009,GMU,SC,ASO,ES,Federal Contract Tower,0,38,16,0,54,0,11,76,0,87,0,49,92,0,141,108,0,108,249
07/17/2009,GMU,SC,ASO,ES,Federal Contract Tower,0,21,19,0,40,0,19,53,6,78,0,40,72,6,118,84,0,84,202
07/18/2009,GMU,SC,ASO,ES,Federal Contract Tower,0,8,7,0,15,0,18,55,12,85,0,26,62,12,100,52,0,52,152
07/19/2009,GMU,SC,ASO,ES,Federal Contract Tower,0,20,12,0,32,0,9,53,0,62,0,29,65,0,94,46,0,46,140
07/20/2009,GMU,SC,ASO,ES,Federal Contract Tower,0,19,14,0,33,0,25,50,0,75,0,44,64,0,108,48,0,48,156
07/21/2009,GMU,SC,ASO,ES,Federal Contract Tower,0,22,19,0,41,0,26,31,0,57,0,48,50,0,98,0,0,0,98
07/22/2009,GMU,SC,ASO,ES,Federal Contract Tower,0,45,15,0,60,0,6,24,0,30,0,51,39,0,90,30,0,30,120
07/23/2009,GMU,SC,ASO,ES,Federal Contract Tower,0,43,15,0,58,0,30,54,0,84,0,73,69,0,142,68,0,68,210
07/24/2009,GMU,SC,ASO,ES,Federal Contract Tower,0,33,3,0,36,0,23,73,2,98,0,56,76,2,134,90,0,90,224
07/25/2009,GMU,SC,ASO,ES,Federal Contract Tower,0,12,11,0,23,0,15,78,0,93,0,27,89,0,116,70,0,70,186
07/26/2009,GMU,SC,ASO,ES,Federal Contract Tower,0,14,8,0,22,0,3,50,0,53,0,17,58,0,75,44,0,44,119
07/27/2009,GMU,SC,ASO,ES,Federal Contract Tower,0,24,11,0,35,0,11,29,0,40,0,35,40,0,75,68,0,68,143
07/28/2009,GMU,SC,ASO,ES,Federal Contract Tower,0,36,16,0,52,0,22,40,0,62,0,58,56,0,114,36,0,36,150
07/29/2009,GMU,SC,ASO,ES,Federal Contract Tower,0,37,10,0,47,0,18,44,0,62,0,55,54,0,109,36,0,36,145
07/30/2009,GMU,SC,ASO,ES,Federal Contract Tower,0,37,15,0,52,0,20,46,6,72,0,57,61,6,124,80,0,80,204
07/31/2009,GMU,SC,ASO,ES,Federal Contract Tower,0,26,12,0,38,0,12,25,0,37,0,38,37,0,75,16,0,16,91
08/01/2009,GMU,SC,ASO,ES,Federal Contract Tower,0,12,8,0,20,0,11,44,4,59,0,23,52,4,79,80,0,80,159
08/02/2009,GMU,SC,ASO,ES,Federal Contract Tower,0,24,10,0,34,0,1,7,0,8,0,25,17,0,42,6,0,6,48
08/03/2009,GMU,SC,ASO,ES,Federal Contract Tower,0,22,8,0,30,0,23,63,0,86,0,45,71,0,116,36,0,36,152
08/04/2009,GMU,SC,ASO,ES,Federal Contract Tower,0,26,13,0,39,0,20,70,0,90,0,46,83,0,129,36,0,36,165
08/05/2009,GMU,SC,ASO,ES,Federal Contract Tower,0,33,16,0,49,0,26,80,0,106,0,59,96,0,155,40,0,40,195
08/06/2009,GMU,SC,ASO,ES,Federal Contract Tower,0,41,9,0,50,0,21,51,6,78,0,62,60,6,128,44,0,44,172
08/07/2009,GMU,SC,ASO,ES,Federal Contract Tower,0,27,15,0,42,0,26,68,0,94,0,53,83,0,136,90,0,90,226
08/08/2009,GMU,SC,ASO,ES,Federal Contract Tower,0,8,15,0,23,0,20,50,0,70,0,28,65,0,93,66,0,66,159
08/09/2009,GMU,SC,ASO,ES,Federal Contract Tower,0,18,10,0,28,0,4,45,0,49,0,22,55,0,77,24,0,24,101
08/10/2009,GMU,SC,ASO,ES,Federal Contract Tower,0,36,12,0,48,0,20,40,0,60,0,56,52,0,108,50,0,50,158
08/11/2009,GMU,SC,ASO,ES,Federal Contract Tower,0,31,13,0,44,0,14,44,0,58,0,45,57,0,102,16,0,16,118
08/12/2009,GMU,SC,ASO,ES,Federal Contract Tower,0,29,18,0,47,0,5,18,2,25,0,34,36,2,72,26,0,26,98
08/13/2009,GMU,SC,ASO,ES,Federal Contract Tower,0,26,14,0,40,0,14,55,0,69,0,40,69,0,109,68,0,68,177
08/14/2009,GMU,SC,ASO,ES,Federal Contract Tower,0,20,17,0,37,0,11,58,0,69,0,31,75,0,106,66,0,66,172
08/15/2009,GMU,SC,ASO,ES,Federal Contract Tower,0,9,15,0,24,0,7,39,0,46,0,16,54,0,70,64,0,64,134
08/16/2009,GMU,SC,ASO,ES,Federal Contract Tower,0,14,13,0,27,0,3,36,0,39,0,17,49,0,66,8,0,8,74
08/17/2009,GMU,SC,ASO,ES,Federal Contract Tower,0,26,16,0,42,0,15,50,6,71,0,41,66,6,113,36,0,36,149
08/18/2009,GMU,SC,ASO,ES,Federal Contract Tower,0,40,17,0,57,0,5,54,0,59,0,45,71,0,116,58,0,58,174
08/19/2009,GMU,SC,ASO,ES,Federal Contract Tower,0,29,15,0,44,0,6,57,3,66,0,35,72,3,110,36,0,36,146
08/20/2009,GMU,SC,ASO,ES,Federal Contract Tower,0,33,19,0,52,0,28,31,2,61,0,61,50,2,113,12,0,12,125
08/21/2009,GMU,SC,ASO,ES,Federal Contract Tower,0,24,10,0,34,0,27,57,0,84,0,51,67,0,118,68,0,68,186
08/22/2009,GMU,SC,ASO,ES,Federal Contract Tower,0,10,10,0,20,0,4,74,0,78,0,14,84,0,98,8,0,8,106
08/23/2009,GMU,SC,ASO,ES,Federal Contract Tower,0,21,13,1,35,0,14,48,0,62,0,35,61,1,97,42,0,42,139
08/24/2009,GMU,SC,ASO,ES,Federal Contract Tower,0,23,16,0,39,0,12,33,2,47,0,35,49,2,86,16,0,16,102
08/25/2009,GMU,SC,ASO,ES,Federal Contract Tower,0,47,20,0,67,0,25,36,6,67,0,72,56,6,134,12,0,12,146
08/26/2009,GMU,SC,ASO,ES,Federal Contract Tower,0,37,12,0,49,0,27,54,2,83,0,64,66,2,132,32,0,32,164
08/27/2009,GMU,SC,ASO,ES,Federal Contract Tower,0,27,17,0,44,0,21,35,3,59,0,48,52,3,103,24,0,24,127
08/28/2009,GMU,SC,ASO,ES,Federal Contract Tower,0,25,12,0,37,0,15,29,7,51,0,40,41,7,88,36,0,36,124
08/29/2009,GMU,SC,ASO,ES,Federal Contract Tower,0,8,13,0,21,0,3,64,0,67,0,11,77,0,88,32,0,32,120
08/30/2009,GMU,SC,ASO,ES,Federal Contract Tower,0,10,14,0,24,0,27,42,0,69,0,37,56,0,93,38,0,38,131
08/31/2009,GMU,SC,ASO,ES,Federal Contract Tower,0,18,12,0,30,0,8,11,0,19,0,26,23,0,49,24,0,24,73
09/01/2009,GMU,SC,ASO,ES,Federal Contract Tower,0,35,19,0,54,0,19,25,4,48,0,54,44,4,102,20,0,20,122
09/02/2009,GMU,SC,ASO,ES,Federal Contract Tower,0,24,11,0,35,0,17,70,1,88,0,41,81,1,123,50,0,50,173
09/03/2009,GMU,SC,ASO,ES,Federal Contract Tower,0,31,19,0,50,0,34,67,9,110,0,65,86,9,160,98,0,98,258
09/04/2009,GMU,SC,ASO,ES,Federal Contract Tower,0,24,20,0,44,0,23,61,0,84,0,47,81,0,128,54,0,54,182
09/05/2009,GMU,SC,ASO,ES,Federal Contract Tower,0,4,7,0,11,0,1,53,2,56,0,5,60,2,67,18,0,18,85
09/06/2009,GMU,SC,ASO,ES,Federal Contract Tower,0,7,6,0,13,0,9,36,0,45,0,16,42,0,58,20,0,20,78
09/07/2009,GMU,SC,ASO,ES,Federal Contract Tower,0,20,11,0,31,0,2,69,0,71,0,22,80,0,102,26,0,26,128
09/08/2009,GMU,SC,ASO,ES,Federal Contract Tower,0,20,20,0,40,0,8,55,2,65,0,28,75,2,105,58,0,58,163
09/09/2009,GMU,SC,ASO,ES,Federal Contract Tower,0,23,15,0,38,0,18,32,4,54,0,41,47,4,92,36,0,36,128
09/10/2009,GMU,SC,ASO,ES,Federal Contract Tower,0,42,25,0,67,0,18,20,1,39,0,60,45,1,106,36,0,36,142
09/11/2009,GMU,SC,ASO,ES,Federal Contract Tower,0,33,29,0,62,0,15,77,0,92,0,48,106,0,154,106,0,106,260
09/12/2009,GMU,SC,ASO,ES,Federal Contract Tower,0,18,8,0,26,0,2,72,0,74,0,20,80,0,100,46,0,46,146
09/13/2009,GMU,SC,ASO,ES,Federal Contract Tower,0,23,10,0,33,0,13,38,8,59,0,36,48,8,92,82,0,82,174
09/14/2009,GMU,SC,ASO,ES,Federal Contract Tower,0,25,7,0,32,0,18,87,0,105,0,43,94,0,137,88,0,88,225
09/15/2009,GMU,SC,ASO,ES,Federal Contract Tower,0,22,18,0,40,0,13,76,0,89,0,35,94,0,129,74,0,74,203
09/16/2009,GMU,SC,ASO,ES,Federal Contract Tower,0,38,29,0,67,0,13,47,0,60,0,51,76,0,127,144,0,144,271
09/17/2009,GMU,SC,ASO,ES,Federal Contract Tower,0,35,26,0,61,0,2,23,0,25,0,37,49,0,86,80,0,80,166
09/18/2009,GMU,SC,ASO,ES,Federal Contract Tower,0,39,15,0,54,0,0,0,0,0,0,39,15,0,54,0,0,0,54
09/19/2009,GMU,SC,ASO,ES,Federal Contract Tower,0,23,12,0,35,0,4,2,0,6,0,27,14,0,41,0,0,0,41
09/20/2009,GMU,SC,ASO,ES,Federal Contract Tower,0,25,18,0,43,0,0,0,0,0,0,25,18,0,43,0,0,0,43
09/21/2009,GMU,SC,ASO,ES,Federal Contract Tower,0,17,16,0,33,0,6,7,0,13,0,23,23,0,46,20,0,20,66
09/22/2009,GMU,SC,ASO,ES,Federal Contract Tower,0,25,21,0,46,0,9,85,0,94,0,34,106,0,140,56,0,56,196
09/23/2009,GMU,SC,ASO,ES,Federal Contract Tower,0,35,24,2,61,0,5,36,0,41,0,40,60,2,102,78,0,78,180
09/24/2009,GMU,SC,ASO,ES,Federal Contract Tower,0,36,23,0,59,0,21,79,0,100,0,57,102,0,159,138,0,138,297
09/25/2009,GMU,SC,ASO,ES,Federal Contract Tower,0,27,9,0,36,0,27,88,2,117,0,54,97,2,153,116,0,116,269
09/26/2009,GMU,SC,ASO,ES,Federal Contract Tower,0,16,11,0,27,0,0,0,0,0,0,16,11,0,27,0,0,0,27
09/27/2009,GMU,SC,ASO,ES,Federal Contract Tower,0,31,10,0,41,0,7,50,0,57,0,38,60,0,98,50,0,50,148
09/28/2009,GMU,SC,ASO,ES,Federal Contract Tower,0,32,3,0,35,0,6,51,0,57,0,38,54,0,92,26,0,26,118
09/29/2009,GMU,SC,ASO,ES,Federal Contract Tower,0,30,20,0,50,0,20,77,0,97,0,50,97,0,147,124,0,124,271
09/30/2009,GMU,SC,ASO,ES,Federal Contract Tower,0,28,13,0,41,0,17,63,2,82,0,45,76,2,123,66,0,66,189
10/01/2009,GMU,SC,ASO,ES,Federal Contract Tower,0,35,28,0,63,0,20,88,0,108,0,55,116,0,171,146,0,146,317
10/02/2009,GMU,SC,ASO,ES,Federal Contract Tower,0,27,16,0,43,0,15,62,0,77,0,42,78,0,120,92,0,92,212
10/03/2009,GMU,SC,ASO,ES,Federal Contract Tower,0,13,4,0,17,0,26,54,0,80,0,39,58,0,97,16,0,16,113
10/04/2009,GMU,SC,ASO,ES,Federal Contract Tower,0,25,19,0,44,0,10,51,0,61,0,35,70,0,105,48,0,48,153
10/05/2009,GMU,SC,ASO,ES,Federal Contract Tower,0,20,16,0,36,0,0,0,0,0,0,20,16,0,36,0,0,0,36
10/06/2009,GMU,SC,ASO,ES,Federal Contract Tower,0,32,18,0,50,0,21,34,0,55,0,53,52,0,105,40,0,40,145
10/07/2009,GMU,SC,ASO,ES,Federal Contract Tower,0,22,15,2,39,0,32,50,3,85,0,54,65,5,124,54,0,54,178
10/08/2009,GMU,SC,ASO,ES,Federal Contract Tower,1,36,23,0,60,0,23,112,2,137,1,59,135,2,197,154,0,154,351
10/09/2009,GMU,SC,ASO,ES,Federal Contract Tower,0,29,13,0,42,0,14,35,2,51,0,43,48,2,93,70,0,70,163
10/10/2009,GMU,SC,ASO,ES,Federal Contract Tower,0,16,12,0,28,0,1,14,0,15,0,17,26,0,43,6,0,6,49
10/11/2009,GMU,SC,ASO,ES,Federal Contract Tower,0,22,8,0,30,0,7,46,0,53,0,29,54,0,83,48,0,48,131
10/12/2009,GMU,SC,ASO,ES,Federal Contract Tower,0,40,6,0,46,0,0,0,0,0,0,40,6,0,46,0,0,0,46
10/13/2009,GMU,SC,ASO,ES,Federal Contract Tower,0,29,20,0,49,0,11,82,0,93,0,40,102,0,142,100,0,100,242
10/14/2009,GMU,SC,ASO,ES,Federal Contract Tower,0,35,14,0,49,0,0,0,0,0,0,35,14,0,49,0,0,0,49
10/15/2009,GMU,SC,ASO,ES,Federal Contract Tower,0,45,13,0,58,0,2,0,0,2,0,47,13,0,60,0,0,0,60
10/16/2009,GMU,SC,ASO,ES,Federal Contract Tower,0,41,15,0,56,0,7,26,0,33,0,48,41,0,89,50,0,50,139
10/17/2009,GMU,SC,ASO,ES,Federal Contract Tower,0,14,12,0,26,0,16,39,0,55,0,30,51,0,81,26,0,26,107
10/18/2009,GMU,SC,ASO,ES,Federal Contract Tower,0,24,15,0,39,0,7,47,0,54,0,31,62,0,93,8,0,8,101
10/19/2009,GMU,SC,ASO,ES,Federal Contract Tower,0,23,12,0,35,0,25,79,0,104,0,48,91,0,139,112,0,112,251
10/20/2009,GMU,SC,ASO,ES,Federal Contract Tower,0,19,16,0,35,0,13,87,0,100,0,32,103,0,135,180,0,180,315
10/21/2009,GMU,SC,ASO,ES,Federal Contract Tower,0,32,16,0,48,0,23,68,4,95,0,55,84,4,143,140,0,140,283
10/22/2009,GMU,SC,ASO,ES,Federal Contract Tower,0,42,15,0,57,0,14,81,2,97,0,56,96,2,154,190,0,190,344
10/23/2009,GMU,SC,ASO,ES,Federal Contract Tower,0,31,20,1,52,0,10,21,1,32,0,41,41,2,84,18,0,18,102
10/24/2009,GMU,SC,ASO,ES,Federal Contract Tower,0,14,12,0,26,0,9,19,0,28,0,23,31,0,54,20,0,20,74
10/25/2009,GMU,SC,ASO,ES,Federal Contract Tower,0,23,8,0,31,0,8,59,2,69,0,31,67,2,100,34,0,34,134
10/26/2009,GMU,SC,ASO,ES,Federal Contract Tower,0,17,17,0,34,0,25,57,0,82,0,42,74,0,116,62,0,62,178
10/27/2009,GMU,SC,ASO,ES,Federal Contract Tower,0,19,14,2,35,0,0,0,0,0,0,19,14,2,35,0,0,0,35
10/28/2009,GMU,SC,ASO,ES,Federal Contract Tower,0,34,11,0,45,0,20,59,9,88,0,54,70,9,133,58,0,58,191
10/29/2009,GMU,SC,ASO,ES,Federal Contract Tower,0,36,24,0,60,0,24,81,5,110,0,60,105,5,170,114,0,114,284
10/30/2009,GMU,SC,ASO,ES,Federal Contract Tower,0,16,30,0,46,0,17,20,0,37,0,33,50,0,83,64,0,64,147
10/31/2009,GMU,SC,ASO,ES,Federal Contract Tower,0,7,11,0,18,0,0,0,0,0,0,7,11,0,18,0,0,0,18
11/01/2009,GMU,SC,ASO,ES,Federal Contract Tower,0,10,13,0,23,0,2,38,5,45,0,12,51,5,68,28,0,28,96
11/02/2009,GMU,SC,ASO,ES,Federal Contract Tower,0,15,14,0,29,0,33,90,0,123,0,48,104,0,152,48,0,48,200
11/03/2009,GMU,SC,ASO,ES,Federal Contract Tower,0,27,14,0,41,0,20,85,16,121,0,47,99,16,162,142,0,142,304
11/04/2009,GMU,SC,ASO,ES,Federal Contract Tower,0,20,11,0,31,0,24,53,0,77,0,44,64,0,108,78,0,78,186
11/05/2009,GMU,SC,ASO,ES,Federal Contract Tower,0,16,11,0,27,0,27,84,0,111,0,43,95,0,138,52,0,52,190
11/06/2009,GMU,SC,ASO,ES,Federal Contract Tower,0,21,20,0,41,0,30,85,0,115,0,51,105,0,156,90,0,90,246
11/07/2009,GMU,SC,ASO,ES,Federal Contract Tower,0,15,13,0,28,0,3,77,0,80,0,18,90,0,108,56,0,56,164
11/08/2009,GMU,SC,ASO,ES,Federal Contract Tower,0,16,20,0,36,0,0,58,4,62,0,16,78,4,98,50,0,50,148
11/09/2009,GMU,SC,ASO,ES,Federal Contract Tower,0,26,12,0,38,0,26,47,4,77,0,52,59,4,115,112,0,112,227
11/10/2009,GMU,SC,ASO,ES,Federal Contract Tower,0,19,8,0,27,0,0,0,0,0,0,19,8,0,27,0,0,0,27
11/11/2009,GMU,SC,ASO,ES,Federal Contract Tower,0,19,9,0,28,0,8,2,0,10,0,27,11,0,38,0,0,0,38
11/12/2009,GMU,SC,ASO,ES,Federal Contract Tower,0,17,15,0,32,0,19,38,2,59,0,36,53,2,91,44,0,44,135
11/13/2009,GMU,SC,ASO,ES,Federal Contract Tower,0,23,24,0,47,0,22,59,8,89,0,45,83,8,136,38,0,38,174
11/14/2009,GMU,SC,ASO,ES,Federal Contract Tower,0,7,17,0,24,0,10,93,2,105,0,17,110,2,129,92,0,92,221
11/15/2009,GMU,SC,ASO,ES,Federal Contract Tower,0,16,23,0,39,0,3,54,0,57,0,19,77,0,96,68,0,68,164
11/16/2009,GMU,SC,ASO,ES,Federal Contract Tower,0,18,28,0,46,0,14,74,0,88,0,32,102,0,134,76,0,76,210
11/17/2009,GMU,SC,ASO,ES,Federal Contract Tower,0,25,20,0,45,0,18,45,0,63,0,43,65,0,108,96,0,96,204
11/18/2009,GMU,SC,ASO,ES,Federal Contract Tower,0,29,19,0,48,0,0,0,0,0,0,29,19,0,48,0,0,0,48
11/19/2009,GMU,SC,ASO,ES,Federal Contract Tower,0,28,16,0,44,0,21,46,16,83,0,49,62,16,127,66,0,66,193
11/20/2009,GMU,SC,ASO,ES,Federal Contract Tower,0,30,21,0,51,0,22,74,2,98,0,52,95,2,149,52,0,52,201
11/21/2009,GMU,SC,ASO,ES,Federal Contract Tower,0,13,13,0,26,0,10,68,0,78,0,23,81,0,104,34,0,34,138
11/22/2009,GMU,SC,ASO,ES,Federal Contract Tower,0,11,7,0,18,0,0,4,0,4,0,11,11,0,22,4,0,4,26
11/23/2009,GMU,SC,ASO,ES,Federal Contract Tower,0,28,8,0,36,0,2,0,0,2,0,30,8,0,38,0,0,0,38
11/24/2009,GMU,SC,ASO,ES,Federal Contract Tower,0,37,36,0,73,0,15,6,0,21,0,52,42,0,94,0,0,0,94
11/25/2009,GMU,SC,ASO,ES,Federal Contract Tower,0,31,19,0,50,0,19,54,0,73,0,50,73,0,123,46,0,46,169
11/26/2009,GMU,SC,ASO,ES,Federal Contract Tower,0,1,1,0,2,0,12,25,0,37,0,13,26,0,39,4,0,4,43
11/27/2009,GMU,SC,ASO,ES,Federal Contract Tower,0,9,6,0,15,0,11,61,0,72,0,20,67,0,87,10,0,10,97
11/28/2009,GMU,SC,ASO,ES,Federal Contract Tower,0,3,10,0,13,0,3,57,0,60,0,6,67,0,73,22,0,22,95
11/29/2009,GMU,SC,ASO,ES,Federal Contract Tower,0,39,26,0,65,0,13,50,0,63,0,52,76,0,128,12,0,12,140
11/30/2009,GMU,SC,ASO,ES,Federal Contract Tower,0,26,13,0,39,0,4,2,0,6,0,30,15,0,45,0,0,0,45
12/01/2009,GMU,SC,ASO,ES,Federal Contract Tower,0,25,14,0,39,0,13,56,0,69,0,38,70,0,108,56,0,56,164
12/02/2009,GMU,SC,ASO,ES,Federal Contract Tower,0,14,2,0,16,0,2,0,0,2,0,16,2,0,18,0,0,0,18
12/03/2009,GMU,SC,ASO,ES,Federal Contract Tower,0,16,22,0,38,0,11,71,1,83,0,27,93,1,121,122,4,126,247
12/04/2009,GMU,SC,ASO,ES,Federal Contract Tower,0,20,25,0,45,0,45,54,2,101,0,65,79,2,146,74,0,74,220
12/05/2009,GMU,SC,ASO,ES,Federal Contract Tower,0,16,4,0,20,0,1,9,0,10,0,17,13,0,30,0,0,0,30
12/06/2009,GMU,SC,ASO,ES,Federal Contract Tower,0,28,19,0,47,0,4,39,2,45,0,32,58,2,92,6,0,6,98
12/07/2009,GMU,SC,ASO,ES,Federal Contract Tower,0,23,8,0,31,0,4,46,0,50,0,27,54,0,81,58,0,58,139
12/08/2009,GMU,SC,ASO,ES,Federal Contract Tower,0,24,14,0,38,0,2,3,0,5,0,26,17,0,43,0,0,0,43
12/09/2009,GMU,SC,ASO,ES,Federal Contract Tower,0,27,4,0,31,0,11,0,0,11,0,38,4,0,42,0,0,0,42
12/10/2009,GMU,SC,ASO,ES,Federal Contract Tower,0,31,11,0,42,0,11,59,4,74,0,42,70,4,116,20,0,20,136
12/11/2009,GMU,SC,ASO,ES,Federal Contract Tower,0,18,14,0,32,0,10,66,0,76,0,28,80,0,108,86,0,86,194
12/12/2009,GMU,SC,ASO,ES,Federal Contract Tower,0,12,3,0,15,0,9,35,0,44,0,21,38,0,59,46,0,46,105
12/13/2009,GMU,SC,ASO,ES,Federal Contract Tower,0,5,3,0,8,0,0,0,0,0,0,5,3,0,8,0,0,0,8
12/14/2009,GMU,SC,ASO,ES,Federal Contract Tower,0,18,7,0,25,0,0,2,0,2,0,18,9,0,27,8,0,8,35
12/15/2009,GMU,SC,ASO,ES,Federal Contract Tower,0,19,5,0,24,0,4,25,6,35,0,23,30,6,59,28,0,28,87
12/16/2009,GMU,SC,ASO,ES,Federal Contract Tower,0,29,18,0,47,0,14,45,0,59,0,43,63,0,106,40,0,40,146
12/17/2009,GMU,SC,ASO,ES,Federal Contract Tower,0,21,14,0,35,0,10,70,0,80,0,31,84,0,115,50,0,50,165
12/18/2009,GMU,SC,ASO,ES,Federal Contract Tower,0,12,0,0,12,0,0,0,0,0,0,12,0,0,12,0,0,0,12
12/19/2009,GMU,SC,ASO,ES,Federal Contract Tower,0,1,5,0,6,0,5,15,0,20,0,6,20,0,26,6,0,6,32
12/20/2009,GMU,SC,ASO,ES,Federal Contract Tower,0,10,2,0,12,0,9,43,0,52,0,19,45,0,64,22,0,22,86
12/21/2009,GMU,SC,ASO,ES,Federal Contract Tower,0,11,4,0,15,0,7,59,0,66,0,18,63,0,81,86,0,86,167
12/22/2009,GMU,SC,ASO,ES,Federal Contract Tower,0,20,12,0,32,0,25,84,0,109,0,45,96,0,141,92,0,92,233
12/23/2009,GMU,SC,ASO,ES,Federal Contract Tower,0,18,5,0,23,0,33,44,0,77,0,51,49,0,100,26,0,26,126
12/24/2009,GMU,SC,ASO,ES,Federal Contract Tower,0,10,6,0,16,0,13,28,0,41,0,23,34,0,57,32,0,32,89
12/25/2009,GMU,SC,ASO,ES,Federal Contract Tower,0,6,2,0,8,0,2,3,0,5,0,8,5,0,13,2,0,2,15
12/26/2009,GMU,SC,ASO,ES,Federal Contract Tower,0,18,12,0,30,0,9,31,0,40,0,27,43,0,70,18,0,18,88
12/27/2009,GMU,SC,ASO,ES,Federal Contract Tower,0,15,8,1,24,0,3,46,0,49,0,18,54,1,73,34,0,34,107
12/28/2009,GMU,SC,ASO,ES,Federal Contract Tower,0,7,13,1,21,0,6,33,0,39,0,13,46,1,60,38,0,38,98
12/29/2009,GMU,SC,ASO,ES,Federal Contract Tower,0,12,14,0,26,0,21,41,0,62,0,33,55,0,88,46,0,46,134
12/30/2009,GMU,SC,ASO,ES,Federal Contract Tower,0,19,3,0,22,0,8,49,0,57,0,27,52,0,79,16,0,16,95
12/31/2009,GMU,SC,ASO,ES,Federal Contract Tower,0,10,6,0,16,0,0,0,0,0,0,10,6,0,16,0,0,0,16
01/01/2010,GMU,SC,ASO,ES,Federal Contract Tower,0,7,8,0,15,0,4,25,0,29,0,11,33,0,44,88,0,88,132
01/02/2010,GMU,SC,ASO,ES,Federal Contract Tower,0,13,11,0,24,0,0,28,0,28,0,13,39,0,52,8,0,8,60
01/03/2010,GMU,SC,ASO,ES,Federal Contract Tower,0,12,11,0,23,0,2,43,2,47,0,14,54,2,70,45,0,45,115
01/04/2010,GMU,SC,ASO,ES,Federal Contract Tower,0,14,7,0,21,0,17,39,0,56,0,31,46,0,77,22,0,22,99
01/05/2010,GMU,SC,ASO,ES,Federal Contract Tower,0,29,10,0,39,0,22,23,0,45,0,51,33,0,84,48,0,48,132
01/06/2010,GMU,SC,ASO,ES,Federal Contract Tower,0,28,7,0,35,0,22,36,7,65,0,50,43,7,100,70,2,72,172
01/07/2010,GMU,SC,ASO,ES,Federal Contract Tower,0,31,7,0,38,0,17,23,29,69,0,48,30,29,107,36,0,36,143
01/08/2010,GMU,SC,ASO,ES,Federal Contract Tower,0,19,9,0,28,0,12,22,1,35,0,31,31,1,63,20,0,20,83
01/09/2010,GMU,SC,ASO,ES,Federal Contract Tower,0,13,5,0,18,0,4,34,2,40,0,17,39,2,58,22,0,22,80
01/10/2010,GMU,SC,ASO,ES,Federal Contract Tower,0,12,10,0,22,0,1,55,0,56,0,13,65,0,78,28,0,28,106
01/11/2010,GMU,SC,ASO,ES,Federal Contract Tower,0,14,12,0,26,0,7,20,0,27,0,21,32,0,53,26,0,26,79
01/12/2010,GMU,SC,ASO,ES,Federal Contract Tower,0,24,4,0,28,0,20,27,4,51,0,44,31,4,79,26,0,26,105
01/13/2010,GMU,SC,ASO,ES,Federal Contract Tower,0,35,8,0,43,0,18,26,0,44,0,53,34,0,87,58,0,58,145
01/14/2010,GMU,SC,ASO,ES,Federal Contract Tower,0,22,11,0,33,0,27,82,4,113,0,49,93,4,146,54,0,54,200
01/15/2010,GMU,SC,ASO,ES,Federal Contract Tower,0,13,11,0,24,0,18,86,6,110,0,31,97,6,134,116,0,116,250
01/16/2010,GMU,SC,ASO,ES,Federal Contract Tower,0,13,9,0,22,0,5,41,0,46,0,18,50,0,68,52,0,52,120
01/17/2010,GMU,SC,ASO,ES,Federal Contract Tower,0,18,16,0,34,0,0,0,0,0,0,18,16,0,34,0,0,0,34
01/18/2010,GMU,SC,ASO,ES,Federal Contract Tower,0,23,15,0,38,0,18,66,0,84,0,41,81,0,122,72,0,72,194
01/19/2010,GMU,SC,ASO,ES,Federal Contract Tower,0,32,8,0,40,0,17,78,30,125,0,49,86,30,165,60,0,60,225
01/20/2010,GMU,SC,ASO,ES,Federal Contract Tower,0,15,15,0,30,0,23,51,0,74,0,38,66,0,104,50,0,50,154
01/21/2010,GMU,SC,ASO,ES,Federal Contract Tower,0,22,2,0,24,0,0,0,0,0,0,22,2,0,24,0,0,0,24
01/22/2010,GMU,SC,ASO,ES,Federal Contract Tower,0,21,21,0,42,0,4,27,0,31,0,25,48,0,73,24,0,24,97
01/23/2010,GMU,SC,ASO,ES,Federal Contract Tower,0,11,11,0,22,0,4,0,0,4,0,15,11,0,26,0,0,0,26
01/24/2010,GMU,SC,ASO,ES,Federal Contract Tower,0,7,2,0,9,0,0,0,0,0,0,7,2,0,9,0,0,0,9
01/25/2010,GMU,SC,ASO,ES,Federal Contract Tower,0,29,3,0,32,0,15,11,0,26,0,44,14,0,58,4,0,4,62
01/26/2010,GMU,SC,ASO,ES,Federal Contract Tower,0,13,10,0,23,0,4,40,0,44,0,17,50,0,67,30,0,30,97
01/27/2010,GMU,SC,ASO,ES,Federal Contract Tower,0,41,23,2,66,0,19,104,0,123,0,60,127,2,189,38,0,38,227
01/28/2010,GMU,SC,ASO,ES,Federal Contract Tower,0,37,9,2,48,0,10,71,0,81,0,47,80,2,129,104,0,104,233
01/29/2010,GMU,SC,ASO,ES,Federal Contract Tower,0,22,9,0,31,0,13,48,2,63,0,35,57,2,94,48,0,48,142
01/30/2010,GMU,SC,ASO,ES,Federal Contract Tower,0,4,0,0,4,0,0,0,0,0,0,4,0,0,4,0,0,0,4
01/31/2010,GMU,SC,ASO,ES,Federal Contract Tower,0,7,11,0,18,0,0,14,0,14,0,7,25,0,32,28,0,28,60
02/01/2010,GMU,SC,ASO,ES,Federal Contract Tower,0,28,6,0,34,0,12,62,0,74,0,40,68,0,108,44,0,44,152
02/02/2010,GMU,SC,ASO,ES,Federal Contract Tower,0,17,4,2,23,0,0,1,0,1,0,17,5,2,24,0,0,0,24
02/03/2010,GMU,SC,ASO,ES,Federal Contract Tower,0,19,17,13,49,0,42,82,21,145,0,61,99,34,194,84,0,84,278
02/04/2010,GMU,SC,ASO,ES,Federal Contract Tower,0,36,12,11,59,0,9,29,6,44,0,45,41,17,103,6,0,6,109
02/05/2010,GMU,SC,ASO,ES,Federal Contract Tower,0,10,2,2,14,0,0,0,0,0,0,10,2,2,14,0,0,0,14
02/06/2010,GMU,SC,ASO,ES,Federal Contract Tower,0,8,4,1,13,0,11,14,0,25,0,19,18,1,38,0,0,0,38
02/07/2010,GMU,SC,ASO,ES,Federal Contract Tower,0,11,12,0,23,0,12,60,0,72,0,23,72,0,95,40,0,40,135
02/08/2010,GMU,SC,ASO,ES,Federal Contract Tower,0,22,14,0,36,0,37,79,2,118,0,59,93,2,154,38,0,38,192
02/09/2010,GMU,SC,ASO,ES,Federal Contract Tower,0,33,4,4,41,0,1,11,0,12,0,34,15,4,53,24,0,24,77
02/10/2010,GMU,SC,ASO,ES,Federal Contract Tower,0,27,8,4,39,0,14,18,1,33,0,41,26,5,72,0,0,0,72
02/11/2010,GMU,SC,ASO,ES,Federal Contract Tower,0,35,8,2,45,0,11,58,0,69,0,46,66,2,114,130,0,130,244
02/12/2010,GMU,SC,ASO,ES,Federal Contract Tower,0,24,9,2,35,0,6,34,2,42,0,30,43,4,77,22,0,22,99
02/13/2010,GMU,SC,ASO,ES,Federal Contract Tower,0,5,2,0,7,0,9,91,4,104,0,14,93,4,111,48,0,48,159
02/14/2010,GMU,SC,ASO,ES,Federal Contract Tower,0,26,8,0,34,0,6,49,0,55,0,32,57,0,89,24,0,24,113
02/15/2010,GMU,SC,ASO,ES,Federal Contract Tower,0,28,1,0,29,0,34,4,0,38,0,62,5,0,67,0,0,0,67
02/16/2010,GMU,SC,ASO,ES,Federal Contract Tower,0,26,12,2,40,0,21,57,0,78,0,47,69,2,118,70,0,70,188
02/17/2010,GMU,SC,ASO,ES,Federal Contract Tower,0,26,18,0,44,0,13,42,0,55,0,39,60,0,99,50,0,50,149
02/18/2010,GMU,SC,ASO,ES,Federal Contract Tower,0,34,20,0,54,0,23,78,0,101,0,57,98,0,155,98,0,98,253
02/19/2010,GMU,SC,ASO,ES,Federal Contract Tower,0,28,28,1,57,0,33,102,0,135,0,61,130,1,192,86,0,86,278
02/20/2010,GMU,SC,ASO,ES,Federal Contract Tower,0,8,9,1,18,0,9,70,0,79,0,17,79,1,97,38,0,38,135
02/21/2010,GMU,SC,ASO,ES,Federal Contract Tower,0,27,17,0,44,0,9,52,0,61,0,36,69,0,105,24,0,24,129
02/22/2010,GMU,SC,ASO,ES,Federal Contract Tower,0,26,6,12,44,0,9,2,0,11,0,35,8,12,55,0,0,0,55
02/23/2010,GMU,SC,ASO,ES,Federal Contract Tower,0,40,9,0,49,0,15,22,0,37,0,55,31,0,86,8,0,8,94
02/24/2010,GMU,SC,ASO,ES,Federal Contract Tower,0,31,5,0,36,0,15,8,10,33,0,46,13,10,69,20,0,20,89
02/25/2010,GMU,SC,ASO,ES,Federal Contract Tower,0,26,5,0,31,0,28,40,0,68,0,54,45,0,99,65,0,65,164
02/26/2010,GMU,SC,ASO,ES,Federal Contract Tower,0,18,11,0,29,0,10,78,2,90,0,28,89,2,119,68,0,68,187
02/27/2010,GMU,SC,ASO,ES,Federal Contract Tower,0,26,10,0,36,0,116,122,0,238,0,142,132,0,274,124,0,124,398
02/28/2010,GMU,SC,ASO,ES,Federal Contract Tower,0,14,10,0,24,0,151,67,0,218,0,165,77,0,242,28,0,28,270
03/01/2010,GMU,SC,ASO,ES,Federal Contract Tower,0,20,14,0,34,0,29,89,0,118,0,49,103,0,152,128,0,128,280
03/02/2010,GMU,SC,ASO,ES,Federal Contract Tower,0,10,2,0,12,0,2,0,0,2,0,12,2,0,14,0,0,0,14
03/03/2010,GMU,SC,ASO,ES,Federal Contract Tower,0,29,22,0,51,0,13,43,0,56,0,42,65,0,107,18,0,18,125
03/04/2010,GMU,SC,ASO,ES,Federal Contract Tower,0,21,14,0,35,0,19,102,2,123,0,40,116,2,158,56,0,56,214
03/05/2010,GMU,SC,ASO,ES,Federal Contract Tower,0,25,9,0,34,0,16,84,0,100,0,41,93,0,134,98,0,98,232
03/06/2010,GMU,SC,ASO,ES,Federal Contract Tower,0,7,10,0,17,0,4,103,0,107,0,11,113,0,124,42,0,42,166
03/07/2010,GMU,SC,ASO,ES,Federal Contract Tower,0,16,18,0,34,0,4,63,0,67,0,20,81,0,101,26,0,26,127
03/08/2010,GMU,SC,ASO,ES,Federal Contract Tower,0,24,8,0,32,0,17,69,0,86,0,41,77,0,118,64,0,64,182
03/09/2010,GMU,SC,ASO,ES,Federal Contract Tower,0,33,25,0,58,0,4,82,0,86,0,37,107,0,144,12,0,12,156
03/10/2010,GMU,SC,ASO,ES,Federal Contract Tower,0,33,16,0,49,0,11,17,6,34,0,44,33,6,83,58,0,58,141
03/11/2010,GMU,SC,ASO,ES,Federal Contract Tower,0,32,5,0,37,0,0,0,0,0,0,32,5,0,37,0,0,0,37
03/12/2010,GMU,SC,ASO,ES,Federal Contract Tower,0,12,4,0,16,0,0,1,0,1,0,12,5,0,17,0,0,0,17
03/13/2010,GMU,SC,ASO,ES,Federal Contract Tower,0,7,7,0,14,0,20,30,0,50,0,27,37,0,64,14,0,14,78
03/14/2010,GMU,SC,ASO,ES,Federal Contract Tower,0,11,15,0,26,0,5,31,0,36,0,16,46,0,62,18,0,18,80
03/15/2010,GMU,SC,ASO,ES,Federal Contract Tower,0,31,15,2,48,0,10,52,10,72,0,41,67,12,120,30,0,30,150
03/16/2010,GMU,SC,ASO,ES,Federal Contract Tower,0,23,34,0,57,0,15,63,0,78,0,38,97,0,135,66,0,66,201
03/17/2010,GMU,SC,ASO,ES,Federal Contract Tower,0,27,26,5,58,0,17,48,4,69,0,44,74,9,127,34,0,34,161
03/18/2010,GMU,SC,ASO,ES,Federal Contract Tower,2,47,18,4,71,0,23,57,10,90,2,70,75,14,161,50,0,50,211
03/19/2010,GMU,SC,ASO,ES,Federal Contract Tower,0,32,19,0,51,0,18,119,4,141,0,50,138,4,192,150,0,150,342
03/20/2010,GMU,SC,ASO,ES,Federal Contract Tower,0,13,9,0,22,0,16,144,0,160,0,29,153,0,182,106,0,106,288
03/21/2010,GMU,SC,ASO,ES,Federal Contract Tower,0,19,10,0,29,0,4,10,0,14,0,23,20,0,43,18,0,18,61
03/22/2010,GMU,SC,ASO,ES,Federal Contract Tower,0,23,10,0,33,0,11,26,4,41,0,34,36,4,74,26,0,26,100
03/23/2010,GMU,SC,ASO,ES,Federal Contract Tower,0,26,8,0,34,0,41,71,0,112,0,67,79,0,146,28,0,28,174
03/24/2010,GMU,SC,ASO,ES,Federal Contract Tower,0,28,14,0,42,0,34,85,29,148,0,62,99,29,190,48,0,48,238
03/25/2010,GMU,SC,ASO,ES,Federal Contract Tower,7,21,11,0,39,0,19,48,8,75,7,40,59,8,114,14,0,14,128
03/26/2010,GMU,SC,ASO,ES,Federal Contract Tower,0,34,15,0,49,0,40,47,2,89,0,74,62,2,138,68,0,68,206
03/27/2010,GMU,SC,ASO,ES,Federal Contract Tower,0,14,16,0,30,0,17,103,8,128,0,31,119,8,158,66,0,66,224
03/28/2010,GMU,SC,ASO,ES,Federal Contract Tower,6,8,9,0,23,0,0,5,0,5,6,8,14,0,28,14,0,14,42
03/29/2010,GMU,SC,ASO,ES,Federal Contract Tower,0,39,14,0,53,0,5,55,3,63,0,44,69,3,116,86,0,86,202
03/30/2010,GMU,SC,ASO,ES,Federal Contract Tower,0,26,22,0,48,0,10,75,1,86,0,36,97,1,134,88,0,88,222
03/31/2010,GMU,SC,ASO,ES,Federal Contract Tower,0,34,29,2,65,0,26,113,0,139,0,60,142,2,204,54,0,54,258
04/01/2010,GMU,SC,ASO,ES,Federal Contract Tower,0,42,12,0,54,0,6,91,0,97,0,48,103,0,151,102,0,102,253
04/02/2010,GMU,SC,ASO,ES,Federal Contract Tower,0,17,13,0,30,0,8,90,0,98,0,25,103,0,128,42,0,42,170
04/03/2010,GMU,SC,ASO,ES,Federal Contract Tower,0,22,7,0,29,0,9,59,0,68,0,31,66,0,97,96,0,96,193
04/04/2010,GMU,SC,ASO,ES,Federal Contract Tower,0,11,6,0,17,0,4,41,0,45,0,15,47,0,62,2,0,2,64
04/05/2010,GMU,SC,ASO,ES,Federal Contract Tower,0,28,10,0,38,0,25,70,0,95,0,53,80,0,133,70,0,70,203
04/06/2010,GMU,SC,ASO,ES,Federal Contract Tower,0,20,7,2,29,0,28,56,0,84,0,48,63,2,113,14,0,14,127
04/07/2010,GMU,SC,ASO,ES,Federal Contract Tower,0,35,11,0,46,0,14,87,8,109,0,49,98,8,155,52,0,52,207
04/08/2010,GMU,SC,ASO,ES,Federal Contract Tower,0,37,10,0,47,0,8,20,0,28,0,45,30,0,75,4,0,4,79
04/09/2010,GMU,SC,ASO,ES,Federal Contract Tower,0,30,14,0,44,0,15,75,5,95,0,45,89,5,139,92,0,92,231
04/10/2010,GMU,SC,ASO,ES,Federal Contract Tower,0,17,18,0,35,0,22,146,2,170,0,39,164,2,205,58,0,58,263
04/11/2010,GMU,SC,ASO,ES,Federal Contract Tower,0,16,16,2,34,0,2,63,0,65,0,18,79,2,99,16,0,16,115
04/12/2010,GMU,SC,ASO,ES,Federal Contract Tower,0,25,9,0,34,3,31,74,0,108,3,56,83,0,142,86,0,86,228
04/13/2010,GMU,SC,ASO,ES,Federal Contract Tower,0,35,21,2,58,0,22,58,3,83,0,57,79,5,141,28,0,28,169
04/14/2010,GMU,SC,ASO,ES,Federal Contract Tower,0,32,31,6,69,0,24,91,4,119,0,56,122,10,188,0,0,0,188
04/15/2010,GMU,SC,ASO,ES,Federal Contract Tower,0,37,22,0,59,0,25,51,0,76,0,62,73,0,135,74,0,74,209
04/16/2010,GMU,SC,ASO,ES,Federal Contract Tower,0,23,23,0,46,0,23,64,3,90,0,46,87,3,136,44,0,44,180
04/17/2010,GMU,SC,ASO,ES,Federal Contract Tower,0,7,9,1,17,0,13,63,6,82,0,20,72,7,99,64,0,64,163
04/18/2010,GMU,SC,ASO,ES,Federal Contract Tower,0,20,11,0,31,0,2,74,3,79,0,22,85,3,110,20,0,20,130
04/19/2010,GMU,SC,ASO,ES,Federal Contract Tower,0,17,14,1,32,0,32,79,0,111,0,49,93,1,143,78,0,78,221
04/20/2010,GMU,SC,ASO,ES,Federal Contract Tower,0,29,12,2,43,0,29,30,4,63,0,58,42,6,106,14,0,14,120
04/21/2010,GMU,SC,ASO,ES,Federal Contract Tower,0,30,24,0,54,0,15,56,6,77,0,45,80,6,131,36,0,36,167
04/22/2010,GMU,SC,ASO,ES,Federal Contract Tower,0,52,14,0,66,0,32,76,0,108,0,84,90,0,174,66,0,66,240
04/23/2010,GMU,SC,ASO,ES,Federal Contract Tower,0,15,16,0,31,0,14,72,8,94,0,29,88,8,125,70,0,70,195
04/24/2010,GMU,SC,ASO,ES,Federal Contract Tower,0,12,6,0,18,0,4,12,0,16,0,16,18,0,34,0,0,0,34
04/25/2010,GMU,SC,ASO,ES,Federal Contract Tower,0,18,12,16,46,0,25,16,5,46,0,43,28,21,92,12,0,12,104
04/26/2010,GMU,SC,ASO,ES,Federal Contract Tower,0,25,7,0,32,0,25,28,2,55,0,50,35,2,87,14,0,14,101
04/27/2010,GMU,SC,ASO,ES,Federal Contract Tower,0,36,11,0,47,0,17,24,32,73,0,53,35,32,120,16,0,16,136
04/28/2010,GMU,SC,ASO,ES,Federal Contract Tower,0,32,21,2,55,0,30,88,76,194,0,62,109,78,249,38,0,38,287
04/29/2010,GMU,SC,ASO,ES,Federal Contract Tower,0,33,18,0,51,0,20,66,29,115,0,53,84,29,166,70,0,70,236
04/30/2010,GMU,SC,ASO,ES,Federal Contract Tower,0,21,11,0,32,0,36,75,40,151,0,57,86,40,183,34,0,34,217
05/01/2010,GMU,SC,ASO,ES,Federal Contract Tower,0,12,20,1,33,0,1,42,6,49,0,13,62,7,82,58,0,58,140
05/02/2010,GMU,SC,ASO,ES,Federal Contract Tower,0,13,17,0,30,0,10,21,5,36,0,23,38,5,66,20,0,20,86
05/03/2010,GMU,SC,ASO,ES,Federal Contract Tower,0,31,6,0,37,0,0,0,0,0,0,31,6,0,37,0,0,0,37
05/04/2010,GMU,SC,ASO,ES,Federal Contract Tower,0,34,16,2,52,0,21,47,0,68,0,55,63,2,120,34,0,34,154
05/05/2010,GMU,SC,ASO,ES,Federal Contract Tower,0,41,19,2,62,0,37,68,2,107,0,78,87,4,169,16,0,16,185
05/06/2010,GMU,SC,ASO,ES,Federal Contract Tower,0,47,18,0,65,0,23,59,0,82,0,70,77,0,147,40,0,40,187
05/07/2010,GMU,SC,ASO,ES,Federal Contract Tower,0,25,21,0,46,0,33,77,12,122,0,58,98,12,168,20,0,20,188
05/08/2010,GMU,SC,ASO,ES,Federal Contract Tower,0,24,9,0,33,0,10,77,2,89,0,34,86,2,122,10,0,10,132
05/09/2010,GMU,SC,ASO,ES,Federal Contract Tower,0,15,12,0,27,0,6,54,0,60,0,21,66,0,87,46,0,46,133
05/10/2010,GMU,SC,ASO,ES,Federal Contract Tower,0,33,14,0,47,0,18,33,0,51,0,51,47,0,98,38,0,38,136
05/11/2010,GMU,SC,ASO,ES,Federal Contract Tower,0,38,18,2,58,0,22,41,2,65,0,60,59,4,123,12,0,12,135
05/12/2010,GMU,SC,ASO,ES,Federal Contract Tower,0,37,23,2,62,0,31,29,3,63,0,68,52,5,125,40,0,40,165
05/13/2010,GMU,SC,ASO,ES,Federal Contract Tower,0,30,18,2,50,0,13,74,3,90,0,43,92,5,140,96,0,96,236
05/14/2010,GMU,SC,ASO,ES,Federal Contract Tower,0,26,12,0,38,0,22,65,1,88,0,48,77,1,126,72,0,72,198
05/15/2010,GMU,SC,ASO,ES,Federal Contract Tower,0,10,6,0,16,0,19,126,9,154,0,29,132,9,170,66,0,66,236
05/16/2010,GMU,SC,ASO,ES,Federal Contract Tower,0,21,10,0,31,0,7,18,0,25,0,28,28,0,56,28,0,28,84
05/17/2010,GMU,SC,ASO,ES,Federal Contract Tower,0,20,5,0,25,0,12,24,0,36,0,32,29,0,61,14,0,14,75
05/18/2010,GMU,SC,ASO,ES,Federal Contract Tower,0,34,21,2,57,0,6,44,4,54,0,40,65,6,111,52,0,52,163
05/19/2010,GMU,SC,ASO,ES,Federal Contract Tower,0,46,20,0,66,0,13,51,17,81,0,59,71,17,147,62,0,62,209
05/20/2010,GMU,SC,ASO,ES,Federal Contract Tower,0,41,12,2,55,0,27,94,4,125,0,68,106,6,180,48,0,48,228
05/21/2010,GMU,SC,ASO,ES,Federal Contract Tower,0,26,18,0,44,0,6,31,0,37,0,32,49,0,81,22,0,22,103
05/22/2010,GMU,SC,ASO,ES,Federal Contract Tower,0,19,12,0,31,0,10,34,0,44,0,29,46,0,75,32,0,32,107
05/23/2010,GMU,SC,ASO,ES,Federal Contract Tower,0,6,13,0,19,0,15,50,0,65,0,21,63,0,84,2,0,2,86
05/24/2010,GMU,SC,ASO,ES,Federal Contract Tower,0,40,16,2,58,0,21,16,0,37,0,61,32,2,95,2,0,2,97
05/25/2010,GMU,SC,ASO,ES,Federal Contract Tower,0,30,15,2,47,0,23,24,21,68,0,53,39,23,115,8,0,8,123
05/26/2010,GMU,SC,ASO,ES,Federal Contract Tower,0,22,15,0,37,0,19,52,6,77,0,41,67,6,114,34,0,34,148
05/27/2010,GMU,SC,ASO,ES,Federal Contract Tower,0,22,23,0,45,0,27,80,8,115,0,49,103,8,160,48,0,48,208
05/28/2010,GMU,SC,ASO,ES,Federal Contract Tower,0,25,19,0,44,0,8,55,2,65,0,33,74,2,109,64,0,64,173
05/29/2010,GMU,SC,ASO,ES,Federal Contract Tower,0,15,9,0,24,0,18,28,0,46,0,33,37,0,70,20,0,20,90
05/30/2010,GMU,SC,ASO,ES,Federal Contract Tower,0,10,8,0,18,0,0,2,0,2,0,10,10,0,20,0,0,0,20
05/31/2010,GMU,SC,ASO,ES,Federal Contract Tower,0,18,3,0,21,0,2,2,0,4,0,20,5,0,25,0,0,0,25
06/01/2010,GMU,SC,ASO,ES,Federal Contract Tower,0,28,9,2,39,0,10,27,10,47,0,38,36,12,86,22,0,22,108
06/02/2010,GMU,SC,ASO,ES,Federal Contract Tower,0,23,13,2,38,0,12,25,0,37,0,35,38,2,75,6,0,6,81
06/03/2010,GMU,SC,ASO,ES,Federal Contract Tower,0,50,16,0,66,0,27,47,2,76,0,77,63,2,142,70,0,70,212
06/04/2010,GMU,SC,ASO,ES,Federal Contract Tower,0,33,20,0,53,0,17,35,6,58,0,50,55,6,111,40,0,40,151
06/05/2010,GMU,SC,ASO,ES,Federal Contract Tower,0,6,6,2,14,0,35,38,2,75,0,41,44,4,89,22,0,22,111
06/06/2010,GMU,SC,ASO,ES,Federal Contract Tower,0,28,11,0,39,0,28,21,12,61,0,56,32,12,100,2,0,2,102
06/07/2010,GMU,SC,ASO,ES,Federal Contract Tower,0,24,11,0,35,0,14,61,25,100,0,38,72,25,135,12,0,12,147
06/08/2010,GMU,SC,ASO,ES,Federal Contract Tower,0,35,13,0,48,0,28,47,20,95,0,63,60,20,143,20,0,20,163
06/09/2010,GMU,SC,ASO,ES,Federal Contract Tower,0,22,12,6,40,0,10,41,3,54,0,32,53,9,94,40,0,40,134
06/10/2010,GMU,SC,ASO,ES,Federal Contract Tower,0,28,12,2,42,0,31,48,0,79,0,59,60,2,121,34,0,34,155
06/11/2010,GMU,SC,ASO,ES,Federal Contract Tower,0,21,15,0,36,0,26,65,2,93,0,47,80,2,129,8,0,8,137
06/12/2010,GMU,SC,ASO,ES,Federal Contract Tower,0,6,10,0,16,0,26,65,4,95,0,32,75,4,111,6,0,6,117
06/13/2010,GMU,SC,ASO,ES,Federal Contract Tower,0,20,14,0,34,0,9,36,0,45,0,29,50,0,79,8,0,8,87
06/14/2010,GMU,SC,ASO,ES,Federal Contract Tower,0,37,7,0,44,0,31,53,4,88,0,68,60,4,132,66,0,66,198
06/15/2010,GMU,SC,ASO,ES,Federal Contract Tower,0,21,21,0,42,0,28,56,8,92,0,49,77,8,134,22,0,22,156
06/16/2010,GMU,SC,ASO,ES,Federal Contract Tower,0,19,17,0,36,0,13,35,1,49,0,32,52,1,85,32,0,32,117
06/17/2010,GMU,SC,ASO,ES,Federal Contract Tower,0,32,13,0,45,0,43,43,0,86,0,75,56,0,131,38,0,38,169
06/18/2010,GMU,SC,ASO,ES,Federal Contract Tower,0,24,15,0,39,0,37,74,3,114,0,61,89,3,153,36,0,36,189
06/19/2010,GMU,SC,ASO,ES,Federal Contract Tower,0,3,9,0,12,0,26,31,0,57,0,29,40,0,69,18,0,18,87
06/20/2010,GMU,SC,ASO,ES,Federal Contract Tower,0,17,11,0,28,0,9,76,0,85,0,26,87,0,113,8,0,8,121
06/21/2010,GMU,SC,ASO,ES,Federal Contract Tower,0,24,11,0,35,0,29,98,0,127,0,53,109,0,162,56,0,56,218
06/22/2010,GMU,SC,ASO,ES,Federal Contract Tower,0,21,13,0,34,0,21,38,1,60,0,42,51,1,94,8,0,8,102
06/23/2010,GMU,SC,ASO,ES,Federal Contract Tower,0,23,11,0,34,0,68,50,0,118,0,91,61,0,152,24,0,24,176
06/24/2010,GMU,SC,ASO,ES,Federal Contract Tower,0,38,12,0,50,0,39,67,6,112,0,77,79,6,162,18,0,18,180
06/25/2010,GMU,SC,ASO,ES,Federal Contract Tower,0,25,15,0,40,0,40,32,0,72,0,65,47,0,112,0,0,0,112
06/26/2010,GMU,SC,ASO,ES,Federal Contract Tower,0,17,5,0,22,0,7,38,2,47,0,24,43,2,69,8,0,8,77
06/27/2010,GMU,SC,ASO,ES,Federal Contract Tower,0,14,8,0,22,0,7,29,0,36,0,21,37,0,58,24,0,24,82
06/28/2010,GMU,SC,ASO,ES,Federal Contract Tower,0,27,10,0,37,0,13,47,5,65,0,40,57,5,102,22,2,24,126
06/29/2010,GMU,SC,ASO,ES,Federal Contract Tower,0,37,14,0,51,0,28,53,8,89,0,65,67,8,140,18,0,18,158
06/30/2010,GMU,SC,ASO,ES,Federal Contract Tower,0,40,15,0,55,0,7,42,3,52,0,47,57,3,107,16,0,16,123
07/01/2010,GMU,SC,ASO,ES,Federal Contract Tower,0,39,16,0,55,0,27,46,0,73,0,66,62,0,128,44,0,44,172
07/02/2010,GMU,SC,ASO,ES,Federal Contract Tower,0,14,21,2,37,0,12,36,2,50,0,26,57,4,87,28,0,28,115
07/03/2010,GMU,SC,ASO,ES,Federal Contract Tower,0,6,5,0,11,0,11,50,4,65,0,17,55,4,76,28,0,28,104
07/04/2010,GMU,SC,ASO,ES,Federal Contract Tower,0,19,3,0,22,0,19,28,0,47,0,38,31,0,69,20,0,20,89
07/05/2010,GMU,SC,ASO,ES,Federal Contract Tower,0,18,7,0,25,0,31,75,1,107,0,49,82,1,132,44,0,44,176
07/06/2010,GMU,SC,ASO,ES,Federal Contract Tower,0,22,12,0,34,0,34,49,10,93,0,56,61,10,127,14,0,14,141
07/07/2010,GMU,SC,ASO,ES,Federal Contract Tower,0,40,4,0,44,0,9,61,3,73,0,49,65,3,117,60,0,60,177
07/08/2010,GMU,SC,ASO,ES,Federal Contract Tower,0,17,16,0,33,0,22,60,0,82,0,39,76,0,115,36,0,36,151
07/09/2010,GMU,SC,ASO,ES,Federal Contract Tower,0,17,9,0,26,0,26,34,0,60,0,43,43,0,86,24,0,24,110
07/10/2010,GMU,SC,ASO,ES,Federal Contract Tower,0,7,7,0,14,0,12,39,4,55,0,19,46,4,69,38,0,38,107
07/11/2010,GMU,SC,ASO,ES,Federal Contract Tower,0,13,12,0,25,0,21,52,2,75,0,34,64,2,100,6,0,6,106
07/12/2010,GMU,SC,ASO,ES,Federal Contract Tower,0,18,19,1,38,0,13,19,0,32,0,31,38,1,70,46,0,46,116
07/13/2010,GMU,SC,ASO,ES,Federal Contract Tower,0,34,17,0,51,0,13,28,8,49,0,47,45,8,100,8,0,8,108
07/14/2010,GMU,SC,ASO,ES,Federal Contract Tower,0,31,19,0,50,0,28,41,0,69,0,59,60,0,119,8,0,8,127
07/15/2010,GMU,SC,ASO,ES,Federal Contract Tower,3,27,17,0,47,0,13,72,2,87,3,40,89,2,134,30,0,30,164
07/16/2010,GMU,SC,ASO,ES,Federal Contract Tower,0,26,11,0,37,0,32,49,0,81,0,58,60,0,118,46,0,46,164
07/17/2010,GMU,SC,ASO,ES,Federal Contract Tower,0,18,7,11,36,0,17,60,39,116,0,35,67,50,152,52,8,60,212
07/18/2010,GMU,SC,ASO,ES,Federal Contract Tower,0,16,17,1,34,0,4,40,0,44,0,20,57,1,78,50,0,50,128
07/19/2010,GMU,SC,ASO,ES,Federal Contract Tower,0,19,16,2,37,0,26,31,5,62,0,45,47,7,99,30,0,30,129
07/20/2010,GMU,SC,ASO,ES,Federal Contract Tower,0,16,17,0,33,0,24,61,3,88,0,40,78,3,121,26,0,26,147
07/21/2010,GMU,SC,ASO,ES,Federal Contract Tower,0,31,14,0,45,0,19,49,0,68,0,50,63,0,113,40,0,40,153
07/22/2010,GMU,SC,ASO,ES,Federal Contract Tower,0,30,11,0,41,0,22,50,4,76,0,52,61,4,117,46,0,46,163
07/23/2010,GMU,SC,ASO,ES,Federal Contract Tower,0,21,22,0,43,0,27,56,4,87,0,48,78,4,130,28,0,28,158
07/24/2010,GMU,SC,ASO,ES,Federal Contract Tower,0,12,9,0,21,0,10,61,0,71,0,22,70,0,92,22,0,22,114
07/25/2010,GMU,SC,ASO,ES,Federal Contract Tower,0,13,11,0,24,0,10,47,2,59,0,23,58,2,83,24,0,24,107
07/26/2010,GMU,SC,ASO,ES,Federal Contract Tower,0,43,11,0,54,0,36,50,0,86,0,79,61,0,140,52,0,52,192
07/27/2010,GMU,SC,ASO,ES,Federal Contract Tower,0,30,13,0,43,0,17,29,1,47,0,47,42,1,90,14,0,14,104
07/28/2010,GMU,SC,ASO,ES,Federal Contract Tower,0,22,13,0,35,0,12,40,4,56,0,34,53,4,91,18,0,18,109
07/29/2010,GMU,SC,ASO,ES,Federal Contract Tower,0,21,12,0,33,0,20,59,0,79,0,41,71,0,112,68,0,68,180
07/30/2010,GMU,SC,ASO,ES,Federal Contract Tower,0,23,9,1,33,0,14,57,4,75,0,37,66,5,108,54,0,54,162
07/31/2010,GMU,SC,ASO,ES,Federal Contract Tower,0,11,2,0,13,0,11,4,0,15,0,22,6,0,28,8,0,8,36
08/01/2010,GMU,SC,ASO,ES,Federal Contract Tower,0,19,17,0,36,0,5,6,0,11,0,24,23,0,47,0,0,0,47
08/02/2010,GMU,SC,ASO,ES,Federal Contract Tower,0,26,9,0,35,0,12,23,0,35,0,38,32,0,70,8,0,8,78
08/03/2010,GMU,SC,ASO,ES,Federal Contract Tower,0,18,24,0,42,0,17,33,28,78,0,35,57,28,120,38,0,38,158
08/04/2010,GMU,SC,ASO,ES,Federal Contract Tower,0,23,10,0,33,0,21,45,4,70,0,44,55,4,103,18,0,18,121
08/05/2010,GMU,SC,ASO,ES,Federal Contract Tower,1,17,15,0,33,0,25,64,0,89,1,42,79,0,122,86,0,86,208
08/06/2010,GMU,SC,ASO,ES,Federal Contract Tower,0,17,18,0,35,0,11,42,4,57,0,28,60,4,92,58,2,60,152
08/07/2010,GMU,SC,ASO,ES,Federal Contract Tower,0,11,11,0,22,0,23,75,3,101,0,34,86,3,123,46,0,46,169
08/08/2010,GMU,SC,ASO,ES,Federal Contract Tower,0,8,11,2,21,0,14,65,0,79,0,22,76,2,100,26,0,26,126
08/09/2010,GMU,SC,ASO,ES,Federal Contract Tower,0,39,11,0,50,0,9,82,7,98,0,48,93,7,148,56,0,56,204
08/10/2010,GMU,SC,ASO,ES,Federal Contract Tower,0,35,11,0,46,0,23,72,0,95,0,58,83,0,141,62,0,62,203
08/11/2010,GMU,SC,ASO,ES,Federal Contract Tower,0,22,13,0,35,0,13,55,6,74,0,35,68,6,109,26,0,26,135
08/12/2010,GMU,SC,ASO,ES,Federal Contract Tower,0,23,10,1,34,0,23,43,4,70,0,46,53,5,104,46,0,46,150
08/13/2010,GMU,SC,ASO,ES,Federal Contract Tower,0,20,16,1,37,0,33,62,0,95,0,53,78,1,132,88,0,88,220
08/14/2010,GMU,SC,ASO,ES,Federal Contract Tower,0,12,18,0,30,0,21,21,0,42,0,33,39,0,72,22,0,22,94
08/15/2010,GMU,SC,ASO,ES,Federal Contract Tower,0,19,10,0,29,0,12,19,0,31,0,31,29,0,60,10,0,10,70
08/16/2010,GMU,SC,ASO,ES,Federal Contract Tower,0,22,19,0,41,0,14,18,2,34,0,36,37,2,75,34,0,34,109
08/17/2010,GMU,SC,ASO,ES,Federal Contract Tower,0,17,8,0,25,0,27,39,22,88,0,44,47,22,113,60,0,60,173
08/18/2010,GMU,SC,ASO,ES,Federal Contract Tower,0,24,15,0,39,0,51,68,0,119,0,75,83,0,158,18,0,18,176
08/19/2010,GMU,SC,ASO,ES,Federal Contract Tower,0,28,20,1,49,0,7,50,0,57,0,35,70,1,106,78,0,78,184
08/20/2010,GMU,SC,ASO,ES,Federal Contract Tower,0,19,17,1,37,0,22,46,14,82,0,41,63,15,119,42,0,42,161
08/21/2010,GMU,SC,ASO,ES,Federal Contract Tower,0,9,14,0,23,0,0,21,0,21,0,9,35,0,44,20,0,20,64
08/22/2010,GMU,SC,ASO,ES,Federal Contract Tower,0,11,16,0,27,0,8,51,2,61,0,19,67,2,88,32,0,32,120
08/23/2010,GMU,SC,ASO,ES,Federal Contract Tower,0,21,22,0,43,0,26,59,6,91,0,47,81,6,134,68,0,68,202
08/24/2010,GMU,SC,ASO,ES,Federal Contract Tower,0,26,16,2,44,0,37,64,8,109,0,63,80,10,153,120,0,120,273
08/25/2010,GMU,SC,ASO,ES,Federal Contract Tower,0,26,22,0,48,0,42,70,18,130,0,68,92,18,178,68,0,68,246
08/26/2010,GMU,SC,ASO,ES,Federal Contract Tower,0,29,14,0,43,0,16,46,0,62,0,45,60,0,105,70,0,70,175
08/27/2010,GMU,SC,ASO,ES,Federal Contract Tower,0,15,15,1,31,0,24,68,1,93,0,39,83,2,124,58,0,58,182
08/28/2010,GMU,SC,ASO,ES,Federal Contract Tower,0,9,12,0,21,0,26,56,16,98,0,35,68,16,119,62,0,62,181
08/29/2010,GMU,SC,ASO,ES,Federal Contract Tower,0,18,13,0,31,0,15,42,0,57,0,33,55,0,88,28,0,28,116
08/30/2010,GMU,SC,ASO,ES,Federal Contract Tower,0,21,9,0,30,0,18,48,0,66,0,39,57,0,96,46,0,46,142
08/31/2010,GMU,SC,ASO,ES,Federal Contract Tower,0,29,7,0,36,0,25,87,3,115,0,54,94,3,151,38,0,38,189
09/01/2010,GMU,SC,ASO,ES,Federal Contract Tower,0,24,8,0,32,0,17,83,10,110,0,41,91,10,142,28,0,28,170
09/02/2010,GMU,SC,ASO,ES,Federal Contract Tower,0,31,17,0,48,0,21,76,10,107,0,52,93,10,155,102,0,102,257
09/03/2010,GMU,SC,ASO,ES,Federal Contract Tower,0,23,11,2,36,0,35,71,4,110,0,58,82,6,146,48,0,48,194
09/04/2010,GMU,SC,ASO,ES,Federal Contract Tower,0,8,11,0,19,0,48,110,2,160,0,56,121,2,179,44,0,44,223
09/05/2010,GMU,SC,ASO,ES,Federal Contract Tower,0,6,5,0,11,2,15,41,0,58,2,21,46,0,69,14,0,14,83
09/06/2010,GMU,SC,ASO,ES,Federal Contract Tower,0,25,13,0,38,0,15,80,1,96,0,40,93,1,134,66,0,66,200
09/07/2010,GMU,SC,ASO,ES,Federal Contract Tower,0,22,9,0,31,0,18,76,5,99,0,40,85,5,130,52,0,52,182
09/08/2010,GMU,SC,ASO,ES,Federal Contract Tower,0,17,7,0,24,0,20,53,1,74,0,37,60,1,98,30,0,30,128
09/09/2010,GMU,SC,ASO,ES,Federal Contract Tower,0,29,14,0,43,0,14,97,0,111,0,43,111,0,154,98,0,98,252
09/10/2010,GMU,SC,ASO,ES,Federal Contract Tower,0,25,9,0,34,0,51,96,0,147,0,76,105,0,181,68,0,68,249
09/11/2010,GMU,SC,ASO,ES,Federal Contract Tower,0,9,6,0,15,0,29,58,2,89,0,38,64,2,104,36,0,36,140
09/12/2010,GMU,SC,ASO,ES,Federal Contract Tower,0,14,10,0,24,0,6,45,0,51,0,20,55,0,75,48,0,48,123
09/13/2010,GMU,SC,ASO,ES,Federal Contract Tower,0,41,10,0,51,0,26,71,0,97,0,67,81,0,148,54,0,54,202
09/14/2010,GMU,SC,ASO,ES,Federal Contract Tower,0,21,10,0,31,0,12,63,0,75,0,33,73,0,106,22,0,22,128
09/15/2010,GMU,SC,ASO,ES,Federal Contract Tower,0,24,17,0,41,0,20,85,2,107,0,44,102,2,148,44,0,44,192
09/16/2010,GMU,SC,ASO,ES,Federal Contract Tower,0,25,13,0,38,0,20,86,2,108,0,45,99,2,146,66,0,66,212
09/17/2010,GMU,SC,ASO,ES,Federal Contract Tower,0,26,18,0,44,0,41,75,2,118,0,67,93,2,162,64,0,64,226
09/18/2010,GMU,SC,ASO,ES,Federal Contract Tower,0,7,6,0,13,0,22,51,3,76,0,29,57,3,89,24,0,24,113
09/19/2010,GMU,SC,ASO,ES,Federal Contract Tower,0,16,10,0,26,0,41,53,0,94,0,57,63,0,120,50,0,50,170
09/20/2010,GMU,SC,ASO,ES,Federal Contract Tower,0,22,15,0,37,0,30,40,0,70,0,52,55,0,107,12,0,12,119
09/21/2010,GMU,SC,ASO,ES,Federal Contract Tower,0,22,7,0,29,0,27,35,6,68,0,49,42,6,97,8,0,8,105
09/22/2010,GMU,SC,ASO,ES,Federal Contract Tower,0,26,17,0,43,0,26,76,0,102,0,52,93,0,145,80,0,80,225
09/23/2010,GMU,SC,ASO,ES,Federal Contract Tower,0,28,10,0,38,0,32,70,8,110,0,60,80,8,148,21,0,21,169
09/24/2010,GMU,SC,ASO,ES,Federal Contract Tower,0,32,15,0,47,0,50,71,0,121,0,82,86,0,168,16,0,16,184
09/25/2010,GMU,SC,ASO,ES,Federal Contract Tower,0,16,15,0,31,0,8,79,0,87,0,24,94,0,118,30,0,30,148
09/26/2010,GMU,SC,ASO,ES,Federal Contract Tower,0,21,10,0,31,0,0,0,2,2,0,21,10,2,33,0,0,0,33
09/27/2010,GMU,SC,ASO,ES,Federal Contract Tower,0,9,9,0,18,0,5,34,0,39,0,14,43,0,57,16,0,16,73
09/28/2010,GMU,SC,ASO,ES,Federal Contract Tower,0,30,11,8,49,0,22,41,0,63,0,52,52,8,112,26,0,26,138
09/29/2010,GMU,SC,ASO,ES,Federal Contract Tower,0,33,10,6,49,0,13,13,8,34,0,46,23,14,83,24,0,24,107
09/30/2010,GMU,SC,ASO,ES,Federal Contract Tower,0,25,18,0,43,0,8,58,0,66,0,33,76,0,109,74,0,74,183
10/01/2010,GMU,SC,ASO,ES,Federal Contract Tower,0,20,12,0,32,0,34,51,2,87,0,54,63,2,119,70,0,70,189
10/02/2010,GMU,SC,ASO,ES,Federal Contract Tower,0,11,10,0,21,0,34,100,0,134,0,45,110,0,155,62,0,62,217
10/03/2010,GMU,SC,ASO,ES,Federal Contract Tower,0,19,6,0,25,0,35,53,4,92,0,54,59,4,117,60,0,60,177
10/04/2010,GMU,SC,ASO,ES,Federal Contract Tower,0,25,18,2,45,0,24,38,2,64,0,49,56,4,109,72,10,82,191
10/05/2010,GMU,SC,ASO,ES,Federal Contract Tower,0,35,8,12,55,0,27,97,0,124,0,62,105,12,179,34,0,34,213
10/06/2010,GMU,SC,ASO,ES,Federal Contract Tower,0,24,11,0,35,0,12,78,0,90,0,36,89,0,125,40,0,40,165
10/07/2010,GMU,SC,ASO,ES,Federal Contract Tower,0,27,15,2,44,0,56,116,1,173,0,83,131,3,217,76,0,76,293
10/08/2010,GMU,SC,ASO,ES,Federal Contract Tower,0,20,19,0,39,0,49,80,4,133,0,69,99,4,172,76,0,76,248
10/09/2010,GMU,SC,ASO,ES,Federal Contract Tower,0,19,6,0,25,0,19,96,0,115,0,38,102,0,140,54,0,54,194
10/10/2010,GMU,SC,ASO,ES,Federal Contract Tower,0,17,15,0,32,0,7,85,11,103,0,24,100,11,135,12,0,12,147
10/11/2010,GMU,SC,ASO,ES,Federal Contract Tower,0,27,6,0,33,0,21,62,3,86,0,48,68,3,119,72,0,72,191
10/12/2010,GMU,SC,ASO,ES,Federal Contract Tower,0,28,11,0,39,0,38,75,0,113,0,66,86,0,152,44,0,44,196
10/13/2010,GMU,SC,ASO,ES,Federal Contract Tower,0,45,24,1,70,0,13,65,8,86,0,58,89,9,156,28,0,28,184
10/14/2010,GMU,SC,ASO,ES,Federal Contract Tower,0,35,19,0,54,0,47,72,2,121,0,82,91,2,175,100,0,100,275
10/15/2010,GMU,SC,ASO,ES,Federal Contract Tower,0,21,12,0,33,0,14,40,0,54,0,35,52,0,87,18,0,18,105
10/16/2010,GMU,SC,ASO,ES,Federal Contract Tower,0,5,6,0,11,0,11,73,3,87,0,16,79,3,98,42,0,42,140
10/17/2010,GMU,SC,ASO,ES,Federal Contract Tower,0,19,17,0,36,0,11,63,0,74,0,30,80,0,110,34,0,34,144
10/18/2010,GMU,SC,ASO,ES,Federal Contract Tower,0,23,12,0,35,0,22,84,6,112,0,45,96,6,147,50,0,50,197
10/19/2010,GMU,SC,ASO,ES,Federal Contract Tower,0,23,9,0,32,0,29,61,8,98,0,52,70,8,130,50,0,50,180
10/20/2010,GMU,SC,ASO,ES,Federal Contract Tower,0,29,18,4,51,0,48,62,3,113,0,77,80,7,164,36,0,36,200
10/21/2010,GMU,SC,ASO,ES,Federal Contract Tower,0,38,14,0,52,0,32,71,21,124,0,70,85,21,176,90,0,90,266
10/22/2010,GMU,SC,ASO,ES,Federal Contract Tower,0,31,16,0,47,0,29,119,22,170,0,60,135,22,217,28,0,28,245
10/23/2010,GMU,SC,ASO,ES,Federal Contract Tower,0,11,9,1,21,0,9,106,0,115,0,20,115,1,136,58,0,58,194
10/24/2010,GMU,SC,ASO,ES,Federal Contract Tower,0,18,14,0,32,0,16,50,0,66,0,34,64,0,98,28,0,28,126
10/25/2010,GMU,SC,ASO,ES,Federal Contract Tower,0,14,1,3,18,0,8,15,2,25,0,22,16,5,43,2,2,4,47
10/26/2010,GMU,SC,ASO,ES,Federal Contract Tower,0,23,11,0,34,0,9,18,0,27,0,32,29,0,61,40,0,40,101
10/27/2010,GMU,SC,ASO,ES,Federal Contract Tower,0,35,11,2,48,0,11,7,0,18,0,46,18,2,66,0,0,0,66
10/28/2010,GMU,SC,ASO,ES,Federal Contract Tower,0,49,16,0,65,0,18,64,0,82,0,67,80,0,147,70,0,70,217
10/29/2010,GMU,SC,ASO,ES,Federal Contract Tower,0,25,14,0,39,0,38,118,4,160,0,63,132,4,199,154,0,154,353
10/30/2010,GMU,SC,ASO,ES,Federal Contract Tower,0,6,12,0,18,0,26,112,2,140,0,32,124,2,158,96,0,96,254
10/31/2010,GMU,SC,ASO,ES,Federal Contract Tower,0,13,8,0,21,0,17,61,0,78,0,30,69,0,99,24,0,24,123
11/01/2010,GMU,SC,ASO,ES,Federal Contract Tower,0,16,14,0,30,0,36,59,1,96,0,52,73,1,126,78,0,78,204
11/02/2010,GMU,SC,ASO,ES,Federal Contract Tower,20,21,0,0,41,0,20,60,0,80,20,41,60,0,121,52,0,52,173
11/03/2010,GMU,SC,ASO,ES,Federal Contract Tower,0,17,24,0,41,0,17,14,3,34,0,34,38,3,75,50,0,50,125
11/04/2010,GMU,SC,ASO,ES,Federal Contract Tower,0,36,14,0,50,0,11,26,4,41,0,47,40,4,91,38,0,38,129
11/05/2010,GMU,SC,ASO,ES,Federal Contract Tower,0,31,15,0,46,0,22,50,14,86,0,53,65,14,132,94,0,94,226
11/06/2010,GMU,SC,ASO,ES,Federal Contract Tower,0,20,6,0,26,0,21,98,6,125,0,41,104,6,151,68,0,68,219
11/07/2010,GMU,SC,ASO,ES,Federal Contract Tower,0,23,9,0,32,0,23,64,3,90,0,46,73,3,122,38,0,38,160
11/08/2010,GMU,SC,ASO,ES,Federal Contract Tower,0,19,9,0,28,0,15,88,0,103,0,34,97,0,131,82,0,82,213
11/09/2010,GMU,SC,ASO,ES,Federal Contract Tower,0,33,12,0,45,0,19,74,8,101,0,52,86,8,146,50,0,50,196
11/10/2010,GMU,SC,ASO,ES,Federal Contract Tower,0,28,13,0,41,0,13,95,0,108,0,41,108,0,149,76,0,76,225
11/11/2010,GMU,SC,ASO,ES,Federal Contract Tower,0,31,18,0,49,0,12,98,6,116,0,43,116,6,165,77,0,77,242
11/12/2010,GMU,SC,ASO,ES,Federal Contract Tower,0,29,5,0,34,0,71,142,1,214,0,100,147,1,248,78,0,78,326
11/13/2010,GMU,SC,ASO,ES,Federal Contract Tower,0,11,6,0,17,0,18,106,0,124,0,29,112,0,141,54,0,54,195
11/14/2010,GMU,SC,ASO,ES,Federal Contract Tower,0,17,4,0,21,0,23,75,0,98,0,40,79,0,119,20,0,20,139
11/15/2010,GMU,SC,ASO,ES,Federal Contract Tower,1,21,15,0,37,0,12,11,2,25,1,33,26,2,62,16,0,16,78
11/16/2010,GMU,SC,ASO,ES,Federal Contract Tower,0,25,6,1,32,0,2,1,0,3,0,27,7,1,35,0,0,0,35
11/17/2010,GMU,SC,ASO,ES,Federal Contract Tower,0,29,11,0,40,0,26,56,19,101,0,55,67,19,141,72,0,72,213
11/18/2010,GMU,SC,ASO,ES,Federal Contract Tower,0,37,15,0,52,0,23,81,11,115,0,60,96,11,167,88,0,88,255
11/19/2010,GMU,SC,ASO,ES,Federal Contract Tower,0,24,7,0,31,0,33,106,2,141,0,57,113,2,172,44,0,44,216
11/20/2010,GMU,SC,ASO,ES,Federal Contract Tower,0,7,6,0,13,0,23,114,0,137,0,30,120,0,150,80,0,80,230
11/21/2010,GMU,SC,ASO,ES,Federal Contract Tower,0,17,9,0,26,0,14,79,0,93,0,31,88,0,119,22,0,22,141
11/22/2010,GMU,SC,ASO,ES,Federal Contract Tower,0,22,12,0,34,0,21,105,0,126,0,43,117,0,160,130,0,130,290
11/23/2010,GMU,SC,ASO,ES,Federal Contract Tower,0,32,21,0,53,0,14,19,0,33,0,46,40,0,86,12,0,12,98
11/24/2010,GMU,SC,ASO,ES,Federal Contract Tower,0,27,13,0,40,0,44,92,0,136,0,71,105,0,176,10,0,10,186
11/25/2010,GMU,SC,ASO,ES,Federal Contract Tower,0,9,9,0,18,0,4,13,0,17,0,13,22,0,35,0,0,0,35
11/26/2010,GMU,SC,ASO,ES,Federal Contract Tower,0,15,16,0,31,0,17,22,0,39,0,32,38,0,70,50,0,50,120
11/27/2010,GMU,SC,ASO,ES,Federal Contract Tower,0,12,8,0,20,0,21,48,0,69,0,33,56,0,89,56,0,56,145
11/28/2010,GMU,SC,ASO,ES,Federal Contract Tower,0,23,11,0,34,0,16,44,0,60,0,39,55,0,94,30,0,30,124
11/29/2010,GMU,SC,ASO,ES,Federal Contract Tower,0,30,13,0,43,0,20,36,0,56,0,50,49,0,99,26,0,26,125
11/30/2010,GMU,SC,ASO,ES,Federal Contract Tower,0,16,3,0,19,0,0,0,0,0,0,16,3,0,19,0,0,0,19
12/01/2010,GMU,SC,ASO,ES,Federal Contract Tower,0,22,5,0,27,0,26,37,0,63,0,48,42,0,90,34,0,34,124
12/02/2010,GMU,SC,ASO,ES,Federal Contract Tower,0,32,7,0,39,0,28,79,1,108,0,60,86,1,147,114,0,114,261
12/03/2010,GMU,SC,ASO,ES,Federal Contract Tower,0,19,9,0,28,0,37,99,0,136,0,56,108,0,164,68,0,68,232
12/04/2010,GMU,SC,ASO,ES,Federal Contract Tower,0,8,6,0,14,0,0,36,4,40,0,8,42,4,54,60,0,60,114
12/05/2010,GMU,SC,ASO,ES,Federal Contract Tower,0,21,7,0,28,0,4,24,0,28,0,25,31,0,56,38,0,38,94
12/06/2010,GMU,SC,ASO,ES,Federal Contract Tower,0,19,6,0,25,0,20,51,5,76,0,39,57,5,101,36,0,36,137
12/07/2010,GMU,SC,ASO,ES,Federal Contract Tower,0,32,14,0,46,0,28,64,5,97,0,60,78,5,143,108,0,108,251
12/08/2010,GMU,SC,ASO,ES,Federal Contract Tower,0,31,7,0,38,0,11,61,0,72,0,42,68,0,110,0,0,0,110
12/09/2010,GMU,SC,ASO,ES,Federal Contract Tower,0,35,5,0,40,0,36,115,4,155,0,71,120,4,195,84,2,86,281
12/10/2010,GMU,SC,ASO,ES,Federal Contract Tower,0,19,10,0,29,0,20,65,0,85,0,39,75,0,114,80,0,80,194
12/11/2010,GMU,SC,ASO,ES,Federal Contract Tower,0,9,5,0,14,0,0,90,0,90,0,9,95,0,104,80,0,80,184
12/12/2010,GMU,SC,ASO,ES,Federal Contract Tower,0,9,2,0,11,0,4,0,0,4,0,13,2,0,15,0,0,0,15
12/13/2010,GMU,SC,ASO,ES,Federal Contract Tower,0,20,4,0,24,0,18,23,8,49,0,38,27,8,73,18,10,28,101
12/14/2010,GMU,SC,ASO,ES,Federal Contract Tower,0,29,10,0,39,0,24,55,8,87,0,53,65,8,126,54,0,54,180
12/15/2010,GMU,SC,ASO,ES,Federal Contract Tower,0,27,12,2,41,0,7,55,6,68,0,34,67,8,109,26,0,26,135
12/16/2010,GMU,SC,ASO,ES,Federal Contract Tower,0,26,4,0,30,0,0,0,0,0,0,26,4,0,30,0,0,0,30
12/17/2010,GMU,SC,ASO,ES,Federal Contract Tower,0,32,13,0,45,0,42,53,0,95,0,74,66,0,140,36,0,36,176
12/18/2010,GMU,SC,ASO,ES,Federal Contract Tower,0,9,2,0,11,0,4,4,0,8,0,13,6,0,19,0,0,0,19
12/19/2010,GMU,SC,ASO,ES,Federal Contract Tower,0,10,10,0,20,0,34,50,0,84,0,44,60,0,104,16,0,16,120
12/20/2010,GMU,SC,ASO,ES,Federal Contract Tower,0,17,8,0,25,0,8,50,10,68,0,25,58,10,93,28,0,28,121
12/21/2010,GMU,SC,ASO,ES,Federal Contract Tower,0,14,7,0,21,0,19,23,0,42,0,33,30,0,63,8,0,8,71
12/22/2010,GMU,SC,ASO,ES,Federal Contract Tower,0,26,16,0,42,0,26,30,6,62,0,52,46,6,104,30,0,30,134
12/23/2010,GMU,SC,ASO,ES,Federal Contract Tower,0,13,12,0,25,2,23,38,1,64,2,36,50,1,89,16,0,16,105
12/24/2010,GMU,SC,ASO,ES,Federal Contract Tower,0,16,3,0,19,0,20,47,0,67,0,36,50,0,86,6,0,6,92
12/25/2010,GMU,SC,ASO,ES,Federal Contract Tower,0,2,0,0,2,2,4,0,0,6,2,6,0,0,8,0,0,0,8
12/26/2010,GMU,SC,ASO,ES,Federal Contract Tower,0,14,2,0,16,0,8,13,0,21,0,22,15,0,37,0,0,0,37
12/27/2010,GMU,SC,ASO,ES,Federal Contract Tower,0,17,8,0,25,0,16,11,0,27,0,33,19,0,52,6,0,6,58
12/28/2010,GMU,SC,ASO,ES,Federal Contract Tower,2,16,6,0,24,0,11,57,0,68,2,27,63,0,92,40,0,40,132
12/29/2010,GMU,SC,ASO,ES,Federal Contract Tower,0,22,7,0,29,0,13,75,4,92,0,35,82,4,121,30,2,32,153
12/30/2010,GMU,SC,ASO,ES,Federal Contract Tower,0,22,10,0,32,0,18,60,0,78,0,40,70,0,110,26,0,26,136
12/31/2010,GMU,SC,ASO,ES,Federal Contract Tower,2,13,9,0,24,0,14,43,0,57,2,27,52,0,81,64,0,64,145
01/01/2011,GMU,SC,ASO,ES,Federal Contract Tower,0,7,4,0,11,0,0,0,0,0,0,7,4,0,11,0,0,0,11
01/02/2011,GMU,SC,ASO,ES,Federal Contract Tower,0,15,22,0,37,0,4,28,0,32,0,19,50,0,69,0,0,0,69
01/03/2011,GMU,SC,ASO,ES,Federal Contract Tower,0,11,15,0,26,0,4,42,0,46,0,15,57,0,72,10,0,10,82
01/04/2011,GMU,SC,ASO,ES,Federal Contract Tower,0,16,3,0,19,0,16,67,0,83,0,32,70,0,102,24,0,24,126
01/05/2011,GMU,SC,ASO,ES,Federal Contract Tower,0,13,11,0,24,0,8,45,0,53,0,21,56,0,77,20,0,20,97
01/06/2011,GMU,SC,ASO,ES,Federal Contract Tower,0,22,7,0,29,0,9,69,4,82,0,31,76,4,111,110,0,110,221
01/07/2011,GMU,SC,ASO,ES,Federal Contract Tower,0,17,10,0,27,0,16,43,8,67,0,33,53,8,94,68,0,68,162
01/08/2011,GMU,SC,ASO,ES,Federal Contract Tower,0,7,7,0,14,0,7,32,1,40,0,14,39,1,54,18,0,18,72
01/09/2011,GMU,SC,ASO,ES,Federal Contract Tower,0,10,14,2,26,0,15,59,2,76,0,25,73,4,102,26,0,26,128
01/10/2011,GMU,SC,ASO,ES,Federal Contract Tower,0,0,0,0,0,0,0,0,0,0,0,0,0,0,0,0,0,0,0
01/11/2011,GMU,SC,ASO,ES,Federal Contract Tower,0,0,0,0,0,0,0,0,0,0,0,0,0,0,0,0,0,0,0
01/12/2011,GMU,SC,ASO,ES,Federal Contract Tower,0,5,2,0,7,0,27,17,0,44,0,32,19,0,51,0,0,0,51
01/13/2011,GMU,SC,ASO,ES,Federal Contract Tower,0,24,12,0,36,0,37,44,6,87,0,61,56,6,123,26,0,26,149
01/14/2011,GMU,SC,ASO,ES,Federal Contract Tower,0,20,10,0,30,0,31,86,2,119,0,51,96,2,149,76,0,76,225
01/15/2011,GMU,SC,ASO,ES,Federal Contract Tower,0,6,7,0,13,0,12,99,0,111,0,18,106,0,124,60,0,60,184
01/16/2011,GMU,SC,ASO,ES,Federal Contract Tower,0,5,11,0,16,0,20,52,0,72,0,25,63,0,88,6,0,6,94
01/17/2011,GMU,SC,ASO,ES,Federal Contract Tower,0,23,9,0,32,0,12,40,2,54,0,35,49,2,86,58,0,58,144
01/18/2011,GMU,SC,ASO,ES,Federal Contract Tower,0,10,20,0,30,0,0,17,0,17,0,10,37,0,47,18,0,18,65
01/19/2011,GMU,SC,ASO,ES,Federal Contract Tower,0,26,22,0,48,0,29,53,5,87,0,55,75,5,135,40,0,40,175
01/20/2011,GMU,SC,ASO,ES,Federal Contract Tower,0,30,11,0,41,0,23,78,7,108,0,53,89,7,149,90,4,94,243
01/21/2011,GMU,SC,ASO,ES,Federal Contract Tower,0,28,13,0,41,0,50,64,0,114,0,78,77,0,155,111,0,111,266
01/22/2011,GMU,SC,ASO,ES,Federal Contract Tower,0,5,11,0,16,0,24,126,2,152,0,29,137,2,168,6,0,6,174
01/23/2011,GMU,SC,ASO,ES,Federal Contract Tower,0,15,5,0,20,0,10,60,0,70,0,25,65,0,90,4,0,4,94
01/24/2011,GMU,SC,ASO,ES,Federal Contract Tower,0,18,6,0,24,0,6,49,0,55,0,24,55,0,79,44,0,44,123
01/25/2011,GMU,SC,ASO,ES,Federal Contract Tower,0,36,7,0,43,0,6,9,0,15,0,42,16,0,58,14,0,14,72
01/26/2011,GMU,SC,ASO,ES,Federal Contract Tower,0,17,3,0,20,0,10,7,0,17,0,27,10,0,37,0,0,0,37
01/27/2011,GMU,SC,ASO,ES,Federal Contract Tower,0,24,20,0,44,0,35,74,0,109,0,59,94,0,153,72,0,72,225
01/28/2011,GMU,SC,ASO,ES,Federal Contract Tower,0,16,12,0,28,0,18,81,6,105,0,34,93,6,133,94,0,94,227
01/29/2011,GMU,SC,ASO,ES,Federal Contract Tower,0,6,6,0,12,0,16,108,0,124,0,22,114,0,136,62,0,62,198
01/30/2011,GMU,SC,ASO,ES,Federal Contract Tower,0,8,10,0,18,0,12,71,0,83,0,20,81,0,101,36,0,36,137
01/31/2011,GMU,SC,ASO,ES,Federal Contract Tower,0,20,6,2,28,0,29,15,0,44,0,49,21,2,72,80,0,80,152
02/01/2011,GMU,SC,ASO,ES,Federal Contract Tower,0,11,12,0,23,0,0,0,0,0,0,11,12,0,23,0,0,0,23
02/02/2011,GMU,SC,ASO,ES,Federal Contract Tower,0,21,8,0,29,0,32,29,6,67,0,53,37,6,96,22,0,22,118
02/03/2011,GMU,SC,ASO,ES,Federal Contract Tower,0,23,10,0,33,0,15,70,2,87,0,38,80,2,120,32,0,32,152
02/04/2011,GMU,SC,ASO,ES,Federal Contract Tower,0,25,7,0,32,0,0,1,0,1,0,25,8,0,33,0,0,0,33
02/05/2011,GMU,SC,ASO,ES,Federal Contract Tower,0,4,6,0,10,0,3,10,2,15,0,7,16,2,25,6,0,6,31
02/06/2011,GMU,SC,ASO,ES,Federal Contract Tower,0,8,12,0,20,0,3,93,0,96,0,11,105,0,116,44,0,44,160
02/07/2011,GMU,SC,ASO,ES,Federal Contract Tower,0,24,14,0,38,0,28,45,0,73,0,52,59,0,111,102,0,102,213
02/08/2011,GMU,SC,ASO,ES,Federal Contract Tower,0,23,6,0,29,0,24,67,0,91,0,47,73,0,120,32,0,32,152
02/09/2011,GMU,SC,ASO,ES,Federal Contract Tower,0,20,15,0,35,0,12,78,1,91,0,32,93,1,126,44,0,44,170
02/10/2011,GMU,SC,ASO,ES,Federal Contract Tower,0,28,10,1,39,0,22,54,6,82,0,50,64,7,121,70,0,70,191
02/11/2011,GMU,SC,ASO,ES,Federal Contract Tower,0,22,17,0,39,0,24,88,2,114,0,46,105,2,153,86,0,86,239
02/12/2011,GMU,SC,ASO,ES,Federal Contract Tower,0,9,10,0,19,0,15,123,0,138,0,24,133,0,157,54,0,54,211
02/13/2011,GMU,SC,ASO,ES,Federal Contract Tower,0,6,10,0,16,0,16,93,0,109,0,22,103,0,125,12,0,12,137
02/14/2011,GMU,SC,ASO,ES,Federal Contract Tower,0,16,10,0,26,0,27,46,2,75,0,43,56,2,101,48,0,48,149
02/15/2011,GMU,SC,ASO,ES,Federal Contract Tower,0,30,13,0,43,0,36,62,0,98,0,66,75,0,141,46,0,46,187
02/16/2011,GMU,SC,ASO,ES,Federal Contract Tower,0,27,12,0,39,0,29,92,2,123,0,56,104,2,162,60,0,60,222
02/17/2011,GMU,SC,ASO,ES,Federal Contract Tower,0,30,35,0,65,0,16,41,7,64,0,46,76,7,129,68,0,68,197
02/18/2011,GMU,SC,ASO,ES,Federal Contract Tower,0,27,35,0,62,0,37,104,0,141,0,64,139,0,203,104,0,104,307
02/19/2011,GMU,SC,ASO,ES,Federal Contract Tower,0,7,13,0,20,0,26,100,0,126,0,33,113,0,146,86,0,86,232
02/20/2011,GMU,SC,ASO,ES,Federal Contract Tower,0,10,14,0,24,0,26,55,0,81,0,36,69,0,105,16,0,16,121
02/21/2011,GMU,SC,ASO,ES,Federal Contract Tower,0,23,8,0,31,0,25,40,0,65,0,48,48,0,96,18,0,18,114
02/22/2011,GMU,SC,ASO,ES,Federal Contract Tower,0,16,17,1,34,0,19,84,12,115,0,35,101,13,149,46,0,46,195
02/23/2011,GMU,SC,ASO,ES,Federal Contract Tower,0,21,14,0,35,0,21,119,2,142,0,42,133,2,177,44,0,44,221
02/24/2011,GMU,SC,ASO,ES,Federal Contract Tower,0,28,17,0,45,0,18,84,6,108,0,46,101,6,153,82,8,90,243
02/25/2011,GMU,SC,ASO,ES,Federal Contract Tower,0,35,4,0,39,0,17,24,0,41,0,52,28,0,80,20,0,20,100
02/26/2011,GMU,SC,ASO,ES,Federal Contract Tower,0,16,16,0,32,0,13,123,0,136,0,29,139,0,168,114,0,114,282
02/27/2011,GMU,SC,ASO,ES,Federal Contract Tower,0,22,12,0,34,0,0,79,12,91,0,22,91,12,125,22,0,22,147
02/28/2011,GMU,SC,ASO,ES,Federal Contract Tower,0,23,3,0,26,0,9,18,0,27,0,32,21,0,53,0,0,0,53
03/01/2011,GMU,SC,ASO,ES,Federal Contract Tower,0,19,7,0,26,0,30,72,6,108,0,49,79,6,134,42,0,42,176
03/02/2011,GMU,SC,ASO,ES,Federal Contract Tower,0,17,11,0,28,0,24,90,23,137,0,41,101,23,165,24,0,24,189
03/03/2011,GMU,SC,ASO,ES,Federal Contract Tower,0,30,7,0,37,0,49,88,16,153,0,79,95,16,190,104,0,104,294
03/04/2011,GMU,SC,ASO,ES,Federal Contract Tower,0,22,17,0,39,0,37,52,4,93,0,59,69,4,132,64,0,64,196
03/05/2011,GMU,SC,ASO,ES,Federal Contract Tower,0,10,16,0,26,0,2,0,0,2,0,12,16,0,28,0,0,0,28
03/06/2011,GMU,SC,ASO,ES,Federal Contract Tower,0,15,6,0,21,0,4,19,0,23,0,19,25,0,44,0,0,0,44
03/07/2011,GMU,SC,ASO,ES,Federal Contract Tower,0,26,11,0,37,0,10,74,0,84,0,36,85,0,121,84,0,84,205
03/08/2011,GMU,SC,ASO,ES,Federal Contract Tower,0,22,6,0,28,0,55,74,2,131,0,77,80,2,159,34,0,34,193
03/09/2011,GMU,SC,ASO,ES,Federal Contract Tower,0,24,8,0,32,0,3,1,0,4,0,27,9,0,36,0,0,0,36
03/10/2011,GMU,SC,ASO,ES,Federal Contract Tower,0,30,14,0,44,0,30,40,2,72,0,60,54,2,116,56,0,56,172
03/11/2011,GMU,SC,ASO,ES,Federal Contract Tower,0,31,12,0,43,0,36,90,8,134,0,67,102,8,177,88,0,88,265
03/12/2011,GMU,SC,ASO,ES,Federal Contract Tower,0,4,7,0,11,0,4,94,2,100,0,8,101,2,111,74,0,74,185
03/13/2011,GMU,SC,ASO,ES,Federal Contract Tower,0,17,6,0,23,0,16,108,0,124,0,33,114,0,147,52,0,52,199
03/14/2011,GMU,SC,ASO,ES,Federal Contract Tower,0,19,4,0,23,0,23,62,2,87,0,42,66,2,110,56,0,56,166
03/15/2011,GMU,SC,ASO,ES,Federal Contract Tower,0,30,21,0,51,0,0,0,0,0,0,30,21,0,51,0,0,0,51
03/16/2011,GMU,SC,ASO,ES,Federal Contract Tower,0,31,15,0,46,0,22,33,0,55,0,53,48,0,101,26,0,26,127
03/17/2011,GMU,SC,ASO,ES,Federal Contract Tower,0,21,12,0,33,0,22,70,11,103,0,43,82,11,136,114,0,114,250
03/18/2011,GMU,SC,ASO,ES,Federal Contract Tower,0,17,13,0,30,0,25,107,4,136,0,42,120,4,166,118,0,118,284
03/19/2011,GMU,SC,ASO,ES,Federal Contract Tower,0,6,11,1,18,0,27,99,4,130,0,33,110,5,148,78,0,78,226
03/20/2011,GMU,SC,ASO,ES,Federal Contract Tower,0,9,10,0,19,0,16,37,0,53,0,25,47,0,72,28,0,28,100
03/21/2011,GMU,SC,ASO,ES,Federal Contract Tower,0,15,8,0,23,0,34,40,0,74,0,49,48,0,97,64,0,64,161
03/22/2011,GMU,SC,ASO,ES,Federal Contract Tower,0,20,4,0,24,0,26,76,0,102,0,46,80,0,126,60,0,60,186
03/23/2011,GMU,SC,ASO,ES,Federal Contract Tower,0,14,6,0,20,0,20,9,4,33,0,34,15,4,53,0,0,0,53
03/24/2011,GMU,SC,ASO,ES,Federal Contract Tower,0,21,8,0,29,0,28,62,16,106,0,49,70,16,135,42,8,50,185
03/25/2011,GMU,SC,ASO,ES,Federal Contract Tower,0,21,10,0,31,0,22,84,8,114,0,43,94,8,145,134,0,134,279
03/26/2011,GMU,SC,ASO,ES,Federal Contract Tower,0,7,4,0,11,0,2,8,0,10,0,9,12,0,21,26,0,26,47
03/27/2011,GMU,SC,ASO,ES,Federal Contract Tower,0,8,8,0,16,0,2,58,0,60,0,10,66,0,76,38,0,38,114
03/28/2011,GMU,SC,ASO,ES,Federal Contract Tower,0,20,12,0,32,0,3,12,2,17,0,23,24,2,49,34,0,34,83
03/29/2011,GMU,SC,ASO,ES,Federal Contract Tower,0,20,15,0,35,0,12,48,13,73,0,32,63,13,108,154,0,154,262
03/30/2011,GMU,SC,ASO,ES,Federal Contract Tower,0,20,1,0,21,0,0,0,0,0,0,20,1,0,21,0,0,0,21
03/31/2011,GMU,SC,ASO,ES,Federal Contract Tower,0,25,13,0,38,0,0,0,0,0,0,25,13,0,38,0,0,0,38
04/01/2011,GMU,SC,ASO,ES,Federal Contract Tower,0,16,14,0,30,0,39,55,10,104,0,55,69,10,134,78,0,78,212
04/02/2011,GMU,SC,ASO,ES,Federal Contract Tower,0,7,12,0,19,0,25,40,0,65,0,32,52,0,84,18,0,18,102
04/03/2011,GMU,SC,ASO,ES,Federal Contract Tower,0,23,12,0,35,0,1,85,0,86,0,24,97,0,121,4,0,4,125
04/04/2011,GMU,SC,ASO,ES,Federal Contract Tower,0,18,7,0,25,0,19,36,0,55,0,37,43,0,80,36,0,36,116
04/05/2011,GMU,SC,ASO,ES,Federal Contract Tower,0,8,4,3,15,0,47,35,2,84,0,55,39,5,99,60,4,64,163
04/06/2011,GMU,SC,ASO,ES,Federal Contract Tower,0,27,17,0,44,0,39,99,4,142,0,66,116,4,186,28,0,28,214
04/07/2011,GMU,SC,ASO,ES,Federal Contract Tower,0,27,10,0,37,0,11,155,3,169,0,38,165,3,206,94,0,94,300
04/08/2011,GMU,SC,ASO,ES,Federal Contract Tower,0,32,19,0,51,0,42,83,4,129,0,74,102,4,180,86,0,86,266
04/09/2011,GMU,SC,ASO,ES,Federal Contract Tower,0,21,11,0,32,0,43,99,6,148,0,64,110,6,180,80,0,80,260
04/10/2011,GMU,SC,ASO,ES,Federal Contract Tower,0,25,10,0,35,0,10,60,0,70,0,35,70,0,105,48,0,48,153
04/11/2011,GMU,SC,ASO,ES,Federal Contract Tower,0,27,13,0,40,0,23,51,0,74,0,50,64,0,114,78,0,78,192
04/12/2011,GMU,SC,ASO,ES,Federal Contract Tower,0,26,27,0,53,0,23,27,4,54,0,49,54,4,107,10,0,10,117
04/13/2011,GMU,SC,ASO,ES,Federal Contract Tower,0,23,13,0,36,0,34,74,2,110,0,57,87,2,146,78,0,78,224
04/14/2011,GMU,SC,ASO,ES,Federal Contract Tower,0,29,16,0,45,0,31,87,9,127,0,60,103,9,172,82,0,82,254
04/15/2011,GMU,SC,ASO,ES,Federal Contract Tower,0,21,18,0,39,0,24,41,0,65,0,45,59,0,104,48,0,48,152
04/16/2011,GMU,SC,ASO,ES,Federal Contract Tower,0,6,4,0,10,0,9,16,0,25,0,15,20,0,35,6,0,6,41
04/17/2011,GMU,SC,ASO,ES,Federal Contract Tower,0,14,10,0,24,0,10,81,0,91,0,24,91,0,115,48,0,48,163
04/18/2011,GMU,SC,ASO,ES,Federal Contract Tower,0,19,9,1,29,0,22,79,2,103,0,41,88,3,132,70,0,70,202
04/19/2011,GMU,SC,ASO,ES,Federal Contract Tower,0,17,18,0,35,0,27,82,3,112,0,44,100,3,147,30,0,30,177
04/20/2011,GMU,SC,ASO,ES,Federal Contract Tower,0,18,10,0,28,0,26,34,0,60,0,44,44,0,88,68,0,68,156
04/21/2011,GMU,SC,ASO,ES,Federal Contract Tower,0,22,9,0,31,0,14,48,1,63,0,36,57,1,94,52,0,52,146
04/22/2011,GMU,SC,ASO,ES,Federal Contract Tower,0,27,16,0,43,0,0,0,0,0,0,27,16,0,43,0,0,0,43
04/23/2011,GMU,SC,ASO,ES,Federal Contract Tower,0,4,14,0,18,0,7,66,0,73,0,11,80,0,91,50,0,50,141
04/24/2011,GMU,SC,ASO,ES,Federal Contract Tower,0,16,11,0,27,0,20,37,0,57,0,36,48,0,84,2,0,2,86
04/25/2011,GMU,SC,ASO,ES,Federal Contract Tower,0,35,18,0,53,0,28,61,1,90,0,63,79,1,143,124,0,124,267
04/26/2011,GMU,SC,ASO,ES,Federal Contract Tower,0,32,22,0,54,0,12,44,0,56,0,44,66,0,110,56,0,56,166
04/27/2011,GMU,SC,ASO,ES,Federal Contract Tower,0,29,14,0,43,0,11,18,0,29,0,40,32,0,72,48,0,48,120
04/28/2011,GMU,SC,ASO,ES,Federal Contract Tower,0,35,8,0,43,0,33,44,1,78,0,68,52,1,121,56,0,56,177
04/29/2011,GMU,SC,ASO,ES,Federal Contract Tower,0,37,15,0,52,0,13,106,0,119,0,50,121,0,171,82,0,82,253
04/30/2011,GMU,SC,ASO,ES,Federal Contract Tower,0,16,20,0,36,0,23,128,0,151,0,39,148,0,187,72,0,72,259
05/01/2011,GMU,SC,ASO,ES,Federal Contract Tower,0,16,8,0,24,0,27,46,0,73,0,43,54,0,97,28,0,28,125
05/02/2011,GMU,SC,ASO,ES,Federal Contract Tower,0,16,6,0,22,0,32,54,2,88,0,48,60,2,110,150,0,150,260
05/03/2011,GMU,SC,ASO,ES,Federal Contract Tower,0,22,14,0,36,0,22,33,3,58,0,44,47,3,94,64,0,64,158
05/04/2011,GMU,SC,ASO,ES,Federal Contract Tower,0,29,18,0,47,0,7,55,0,62,0,36,73,0,109,84,0,84,193
05/05/2011,GMU,SC,ASO,ES,Federal Contract Tower,0,18,15,0,33,0,20,116,9,145,0,38,131,9,178,102,0,102,280
05/06/2011,GMU,SC,ASO,ES,Federal Contract Tower,0,20,12,0,32,0,24,54,8,86,0,44,66,8,118,152,0,152,270
05/07/2011,GMU,SC,ASO,ES,Federal Contract Tower,0,11,7,0,18,0,17,80,4,101,0,28,87,4,119,86,0,86,205
05/08/2011,GMU,SC,ASO,ES,Federal Contract Tower,0,22,5,0,27,0,13,52,0,65,0,35,57,0,92,24,0,24,116
05/09/2011,GMU,SC,ASO,ES,Federal Contract Tower,0,16,11,2,29,0,21,77,0,98,0,37,88,2,127,156,0,156,283
05/10/2011,GMU,SC,ASO,ES,Federal Contract Tower,0,38,7,0,45,0,15,68,4,87,0,53,75,4,132,164,4,168,300
05/11/2011,GMU,SC,ASO,ES,Federal Contract Tower,0,46,13,1,60,0,20,63,5,88,0,66,76,6,148,208,0,208,356
05/12/2011,GMU,SC,ASO,ES,Federal Contract Tower,0,32,16,0,48,0,33,46,3,82,0,65,62,3,130,144,0,144,274
05/13/2011,GMU,SC,ASO,ES,Federal Contract Tower,0,18,18,0,36,0,5,39,0,44,0,23,57,0,80,106,0,106,186
05/14/2011,GMU,SC,ASO,ES,Federal Contract Tower,0,6,9,0,15,0,24,67,0,91,0,30,76,0,106,68,0,68,174
05/15/2011,GMU,SC,ASO,ES,Federal Contract Tower,0,18,16,0,34,0,13,74,6,93,0,31,90,6,127,74,0,74,201
05/16/2011,GMU,SC,ASO,ES,Federal Contract Tower,0,30,16,0,46,0,19,62,2,83,0,49,78,2,129,134,0,134,263
05/17/2011,GMU,SC,ASO,ES,Federal Contract Tower,0,14,20,1,35,0,14,24,6,44,0,28,44,7,79,78,0,78,157
05/18/2011,GMU,SC,ASO,ES,Federal Contract Tower,0,28,17,0,45,0,21,64,4,89,0,49,81,4,134,140,0,140,274
05/19/2011,GMU,SC,ASO,ES,Federal Contract Tower,0,34,20,0,54,0,23,79,2,104,0,57,99,2,158,90,0,90,248
05/20/2011,GMU,SC,ASO,ES,Federal Contract Tower,0,17,9,0,26,0,13,67,0,80,0,30,76,0,106,88,2,90,196
05/21/2011,GMU,SC,ASO,ES,Federal Contract Tower,0,7,2,0,9,0,25,92,15,132,0,32,94,15,141,16,0,16,157
05/22/2011,GMU,SC,ASO,ES,Federal Contract Tower,0,22,9,0,31,0,4,58,2,64,0,26,67,2,95,8,0,8,103
05/23/2011,GMU,SC,ASO,ES,Federal Contract Tower,0,21,21,0,42,0,15,59,5,79,0,36,80,5,121,66,0,66,187
05/24/2011,GMU,SC,ASO,ES,Federal Contract Tower,0,20,15,0,35,0,31,63,6,100,0,51,78,6,135,72,0,72,207
05/25/2011,GMU,SC,ASO,ES,Federal Contract Tower,0,30,11,1,42,0,35,57,0,92,0,65,68,1,134,42,0,42,176
05/26/2011,GMU,SC,ASO,ES,Federal Contract Tower,0,28,11,0,39,0,19,39,9,67,0,47,50,9,106,18,0,18,124
05/27/2011,GMU,SC,ASO,ES,Federal Contract Tower,0,22,10,0,32,0,24,6,0,30,0,46,16,0,62,2,0,2,64
05/28/2011,GMU,SC,ASO,ES,Federal Contract Tower,0,13,20,0,33,0,24,69,2,95,0,37,89,2,128,20,0,20,148
05/29/2011,GMU,SC,ASO,ES,Federal Contract Tower,0,7,10,0,17,0,2,65,0,67,0,9,75,0,84,0,0,0,84
05/30/2011,GMU,SC,ASO,ES,Federal Contract Tower,0,17,9,0,26,0,37,74,0,111,0,54,83,0,137,22,0,22,159
05/31/2011,GMU,SC,ASO,ES,Federal Contract Tower,0,10,7,0,17,0,33,54,15,102,0,43,61,15,119,4,0,4,123
06/01/2011,GMU,SC,ASO,ES,Federal Contract Tower,0,18,4,0,22,0,18,66,0,84,0,36,70,0,106,72,0,72,178
06/02/2011,GMU,SC,ASO,ES,Federal Contract Tower,0,23,6,0,29,0,24,38,4,66,0,47,44,4,95,48,0,48,143
06/03/2011,GMU,SC,ASO,ES,Federal Contract Tower,0,28,18,6,52,0,21,71,12,104,0,49,89,18,156,70,0,70,226
06/04/2011,GMU,SC,ASO,ES,Federal Contract Tower,0,12,6,0,18,0,29,48,2,79,0,41,54,2,97,6,0,6,103
06/05/2011,GMU,SC,ASO,ES,Federal Contract Tower,0,12,4,0,16,0,8,28,4,40,0,20,32,4,56,2,0,2,58
06/06/2011,GMU,SC,ASO,ES,Federal Contract Tower,0,17,18,0,35,0,18,54,0,72,0,35,72,0,107,68,0,68,175
06/07/2011,GMU,SC,ASO,ES,Federal Contract Tower,0,19,6,0,25,0,18,48,4,70,0,37,54,4,95,22,0,22,117
06/08/2011,GMU,SC,ASO,ES,Federal Contract Tower,0,35,15,0,50,0,14,51,2,67,0,49,66,2,117,50,0,50,167
06/09/2011,GMU,SC,ASO,ES,Federal Contract Tower,0,21,16,0,37,0,25,49,4,78,0,46,65,4,115,34,0,34,149
06/10/2011,GMU,SC,ASO,ES,Federal Contract Tower,0,21,10,0,31,0,19,67,2,88,0,40,77,2,119,36,0,36,155
06/11/2011,GMU,SC,ASO,ES,Federal Contract Tower,0,9,11,0,20,0,7,63,2,72,0,16,74,2,92,10,0,10,102
06/12/2011,GMU,SC,ASO,ES,Federal Contract Tower,0,24,8,0,32,0,4,58,4,66,0,28,66,4,98,38,0,38,136
06/13/2011,GMU,SC,ASO,ES,Federal Contract Tower,0,27,15,0,42,0,29,56,6,91,0,56,71,6,133,88,0,88,221
06/14/2011,GMU,SC,ASO,ES,Federal Contract Tower,0,10,7,0,17,0,23,75,2,100,0,33,82,2,117,102,0,102,219
06/15/2011,GMU,SC,ASO,ES,Federal Contract Tower,0,14,13,0,27,0,17,44,8,69,0,31,57,8,96,30,0,30,126
06/16/2011,GMU,SC,ASO,ES,Federal Contract Tower,0,30,23,0,53,0,18,45,0,63,0,48,68,0,116,56,0,56,172
06/17/2011,GMU,SC,ASO,ES,Federal Contract Tower,0,27,15,0,42,0,28,44,2,74,0,55,59,2,116,40,0,40,156
06/18/2011,GMU,SC,ASO,ES,Federal Contract Tower,0,16,2,0,18,0,11,55,0,66,0,27,57,0,84,52,0,52,136
06/19/2011,GMU,SC,ASO,ES,Federal Contract Tower,0,23,11,0,34,0,9,39,2,50,0,32,50,2,84,22,0,22,106
06/20/2011,GMU,SC,ASO,ES,Federal Contract Tower,0,29,8,0,37,0,16,49,2,67,0,45,57,2,104,54,0,54,158
06/21/2011,GMU,SC,ASO,ES,Federal Contract Tower,0,18,26,0,44,0,30,58,6,94,0,48,84,6,138,24,0,24,162
06/22/2011,GMU,SC,ASO,ES,Federal Contract Tower,0,18,13,0,31,0,13,51,2,66,0,31,64,2,97,60,8,68,165
06/23/2011,GMU,SC,ASO,ES,Federal Contract Tower,0,20,15,0,35,0,10,21,2,33,0,30,36,2,68,40,0,40,108
06/24/2011,GMU,SC,ASO,ES,Federal Contract Tower,0,23,14,0,37,0,15,50,1,66,0,38,64,1,103,54,0,54,157
06/25/2011,GMU,SC,ASO,ES,Federal Contract Tower,0,20,5,1,26,0,4,75,2,81,0,24,80,3,107,20,0,20,127
06/26/2011,GMU,SC,ASO,ES,Federal Contract Tower,0,10,17,0,27,0,6,54,0,60,0,16,71,0,87,36,0,36,123
06/27/2011,GMU,SC,ASO,ES,Federal Contract Tower,0,31,19,0,50,0,11,48,2,61,0,42,67,2,111,42,0,42,153
06/28/2011,GMU,SC,ASO,ES,Federal Contract Tower,0,19,12,0,31,0,8,36,2,46,0,27,48,2,77,22,0,22,99
06/29/2011,GMU,SC,ASO,ES,Federal Contract Tower,0,19,9,0,28,0,25,58,18,101,0,44,67,18,129,28,0,28,157
06/30/2011,GMU,SC,ASO,ES,Federal Contract Tower,0,34,21,0,55,0,30,101,10,141,0,64,122,10,196,86,0,86,282
07/01/2011,GMU,SC,ASO,ES,Federal Contract Tower,0,24,10,1,35,0,36,55,2,93,0,60,65,3,128,112,0,112,240
07/02/2011,GMU,SC,ASO,ES,Federal Contract Tower,0,11,9,0,20,0,8,73,2,83,0,19,82,2,103,42,0,42,145
07/03/2011,GMU,SC,ASO,ES,Federal Contract Tower,0,12,9,0,21,0,0,40,1,41,0,12,49,1,62,0,0,0,62
07/04/2011,GMU,SC,ASO,ES,Federal Contract Tower,0,12,4,0,16,0,16,44,0,60,0,28,48,0,76,16,0,16,92
07/05/2011,GMU,SC,ASO,ES,Federal Contract Tower,0,32,10,0,42,4,16,11,0,31,4,48,21,0,73,32,0,32,105
07/06/2011,GMU,SC,ASO,ES,Federal Contract Tower,0,22,10,0,32,0,12,58,2,72,0,34,68,2,104,98,0,98,202
07/07/2011,GMU,SC,ASO,ES,Federal Contract Tower,0,20,11,0,31,0,9,49,3,61,0,29,60,3,92,38,0,38,130
07/08/2011,GMU,SC,ASO,ES,Federal Contract Tower,0,25,18,1,44,0,27,41,2,70,0,52,59,3,114,46,0,46,160
07/09/2011,GMU,SC,ASO,ES,Federal Contract Tower,0,4,1,0,5,0,19,64,2,85,0,23,65,2,90,32,0,32,122
07/10/2011,GMU,SC,ASO,ES,Federal Contract Tower,0,15,20,0,35,0,5,23,2,30,0,20,43,2,65,10,0,10,75
07/11/2011,GMU,SC,ASO,ES,Federal Contract Tower,0,14,15,0,29,0,26,56,4,86,0,40,71,4,115,38,0,38,153
07/12/2011,GMU,SC,ASO,ES,Federal Contract Tower,0,30,17,0,47,0,15,44,2,61,0,45,61,2,108,48,0,48,156
07/13/2011,GMU,SC,ASO,ES,Federal Contract Tower,0,21,6,0,27,0,40,47,10,97,0,61,53,10,124,70,0,70,194
07/14/2011,GMU,SC,ASO,ES,Federal Contract Tower,0,15,13,0,28,0,32,53,2,87,0,47,66,2,115,62,0,62,177
07/15/2011,GMU,SC,ASO,ES,Federal Contract Tower,0,15,31,1,47,0,10,9,0,19,0,25,40,1,66,8,0,8,74
07/16/2011,GMU,SC,ASO,ES,Federal Contract Tower,0,8,14,0,22,0,9,25,0,34,0,17,39,0,56,24,0,24,80
07/17/2011,GMU,SC,ASO,ES,Federal Contract Tower,0,15,14,0,29,0,12,54,0,66,0,27,68,0,95,30,0,30,125
07/18/2011,GMU,SC,ASO,ES,Federal Contract Tower,0,25,11,0,36,0,32,63,2,97,0,57,74,2,133,136,0,136,269
07/19/2011,GMU,SC,ASO,ES,Federal Contract Tower,0,19,6,0,25,0,19,43,1,63,0,38,49,1,88,52,0,52,140
07/20/2011,GMU,SC,ASO,ES,Federal Contract Tower,0,22,8,0,30,0,6,54,6,66,0,28,62,6,96,20,0,20,116
07/21/2011,GMU,SC,ASO,ES,Federal Contract Tower,0,16,4,0,20,0,18,63,2,83,0,34,67,2,103,70,0,70,173
07/22/2011,GMU,SC,ASO,ES,Federal Contract Tower,0,24,13,0,37,0,7,54,0,61,0,31,67,0,98,42,0,42,140
07/23/2011,GMU,SC,ASO,ES,Federal Contract Tower,0,9,21,0,30,0,22,91,11,124,0,31,112,11,154,56,0,56,210
07/24/2011,GMU,SC,ASO,ES,Federal Contract Tower,0,16,11,0,27,0,5,74,0,79,0,21,85,0,106,14,0,14,120
07/25/2011,GMU,SC,ASO,ES,Federal Contract Tower,0,17,12,0,29,0,20,34,0,54,0,37,46,0,83,50,0,50,133
07/26/2011,GMU,SC,ASO,ES,Federal Contract Tower,0,19,11,0,30,0,15,46,0,61,0,34,57,0,91,46,0,46,137
07/27/2011,GMU,SC,ASO,ES,Federal Contract Tower,0,28,18,0,46,0,6,38,4,48,0,34,56,4,94,46,0,46,140
07/28/2011,GMU,SC,ASO,ES,Federal Contract Tower,0,18,20,2,40,0,16,48,4,68,0,34,68,6,108,30,0,30,138
07/29/2011,GMU,SC,ASO,ES,Federal Contract Tower,0,20,13,0,33,0,9,80,14,103,0,29,93,14,136,116,0,116,252
07/30/2011,GMU,SC,ASO,ES,Federal Contract Tower,0,8,7,2,17,0,28,59,0,87,0,36,66,2,104,34,0,34,138
07/31/2011,GMU,SC,ASO,ES,Federal Contract Tower,0,7,7,0,14,0,15,45,0,60,0,22,52,0,74,36,0,36,110
08/01/2011,GMU,SC,ASO,ES,Federal Contract Tower,0,15,11,0,26,0,23,69,1,93,0,38,80,1,119,46,0,46,165
08/02/2011,GMU,SC,ASO,ES,Federal Contract Tower,0,19,9,0,28,0,32,48,6,86,0,51,57,6,114,32,0,32,146
08/03/2011,GMU,SC,ASO,ES,Federal Contract Tower,0,32,11,0,43,0,17,31,0,48,0,49,42,0,91,96,0,96,187
08/04/2011,GMU,SC,ASO,ES,Federal Contract Tower,0,16,19,0,35,0,30,45,8,83,0,46,64,8,118,110,0,110,228
08/05/2011,GMU,SC,ASO,ES,Federal Contract Tower,0,14,8,0,22,0,11,30,0,41,0,25,38,0,63,46,0,46,109
08/06/2011,GMU,SC,ASO,ES,Federal Contract Tower,0,6,13,0,19,0,13,24,0,37,0,19,37,0,56,26,0,26,82
08/07/2011,GMU,SC,ASO,ES,Federal Contract Tower,0,16,5,0,21,0,2,64,2,68,0,18,69,2,89,22,0,22,111
08/08/2011,GMU,SC,ASO,ES,Federal Contract Tower,0,20,8,0,28,0,21,43,5,69,0,41,51,5,97,36,0,36,133
08/09/2011,GMU,SC,ASO,ES,Federal Contract Tower,0,32,5,0,37,0,32,43,0,75,0,64,48,0,112,44,0,44,156
08/10/2011,GMU,SC,ASO,ES,Federal Contract Tower,0,28,13,0,41,0,39,55,1,95,0,67,68,1,136,40,0,40,176
08/11/2011,GMU,SC,ASO,ES,Federal Contract Tower,0,15,9,0,24,0,18,59,2,79,0,33,68,2,103,38,0,38,141
08/12/2011,GMU,SC,ASO,ES,Federal Contract Tower,0,23,20,0,43,0,38,53,0,91,0,61,73,0,134,72,0,72,206
08/13/2011,GMU,SC,ASO,ES,Federal Contract Tower,0,8,6,0,14,0,7,30,0,37,0,15,36,0,51,0,0,0,51
08/14/2011,GMU,SC,ASO,ES,Federal Contract Tower,0,16,13,0,29,0,0,18,0,18,0,16,31,0,47,6,0,6,53
08/15/2011,GMU,SC,ASO,ES,Federal Contract Tower,0,19,10,0,29,0,31,68,4,103,0,50,78,4,132,134,0,134,266
08/16/2011,GMU,SC,ASO,ES,Federal Contract Tower,0,23,7,0,30,0,13,79,2,94,0,36,86,2,124,100,0,100,224
08/17/2011,GMU,SC,ASO,ES,Federal Contract Tower,0,29,12,0,41,0,16,85,10,111,0,45,97,10,152,82,0,82,234
08/18/2011,GMU,SC,ASO,ES,Federal Contract Tower,0,22,13,0,35,0,7,62,5,74,0,29,75,5,109,132,0,132,241
08/19/2011,GMU,SC,ASO,ES,Federal Contract Tower,0,33,9,0,42,0,33,66,0,99,0,66,75,0,141,142,0,142,283
08/20/2011,GMU,SC,ASO,ES,Federal Contract Tower,0,6,15,0,21,0,23,81,2,106,0,29,96,2,127,76,0,76,203
08/21/2011,GMU,SC,ASO,ES,Federal Contract Tower,0,20,10,0,30,0,0,52,2,54,0,20,62,2,84,76,0,76,160
08/22/2011,GMU,SC,ASO,ES,Federal Contract Tower,0,14,5,0,19,0,15,66,0,81,0,29,71,0,100,62,0,62,162
08/23/2011,GMU,SC,ASO,ES,Federal Contract Tower,0,20,4,1,25,0,20,49,0,69,0,40,53,1,94,50,0,50,144
08/24/2011,GMU,SC,ASO,ES,Federal Contract Tower,0,27,13,0,40,0,9,37,1,47,0,36,50,1,87,70,0,70,157
08/25/2011,GMU,SC,ASO,ES,Federal Contract Tower,0,28,12,0,40,0,12,64,0,76,0,40,76,0,116,190,4,194,310
08/26/2011,GMU,SC,ASO,ES,Federal Contract Tower,0,20,12,0,32,0,23,67,6,96,0,43,79,6,128,114,0,114,242
08/27/2011,GMU,SC,ASO,ES,Federal Contract Tower,0,4,13,7,24,0,21,60,14,95,0,25,73,21,119,6,0,6,125
08/28/2011,GMU,SC,ASO,ES,Federal Contract Tower,0,24,9,0,33,0,10,56,12,78,0,34,65,12,111,56,0,56,167
08/29/2011,GMU,SC,ASO,ES,Federal Contract Tower,0,22,10,0,32,0,12,79,10,101,0,34,89,10,133,56,0,56,189
08/30/2011,GMU,SC,ASO,ES,Federal Contract Tower,0,26,14,0,40,0,14,51,3,68,0,40,65,3,108,24,0,24,132
08/31/2011,GMU,SC,ASO,ES,Federal Contract Tower,0,24,12,0,36,0,4,71,4,79,0,28,83,4,115,74,0,74,189
09/01/2011,GMU,SC,ASO,ES,Federal Contract Tower,0,36,19,0,55,0,13,70,10,93,0,49,89,10,148,72,0,72,220
09/02/2011,GMU,SC,ASO,ES,Federal Contract Tower,0,20,7,0,27,0,5,83,0,88,0,25,90,0,115,96,0,96,211
09/03/2011,GMU,SC,ASO,ES,Federal Contract Tower,0,2,2,0,4,0,10,55,0,65,0,12,57,0,69,50,0,50,119
09/04/2011,GMU,SC,ASO,ES,Federal Contract Tower,0,8,11,0,19,0,10,40,2,52,0,18,51,2,71,26,0,26,97
09/05/2011,GMU,SC,ASO,ES,Federal Contract Tower,0,15,14,0,29,0,4,1,0,5,0,19,15,0,34,0,0,0,34
09/06/2011,GMU,SC,ASO,ES,Federal Contract Tower,0,16,14,0,30,0,9,13,0,22,0,25,27,0,52,26,0,26,78
09/07/2011,GMU,SC,ASO,ES,Federal Contract Tower,0,16,15,0,31,0,15,33,6,54,0,31,48,6,85,44,0,44,129
09/08/2011,GMU,SC,ASO,ES,Federal Contract Tower,0,16,9,0,25,0,11,104,1,116,0,27,113,1,141,108,0,108,249
09/09/2011,GMU,SC,ASO,ES,Federal Contract Tower,0,32,9,0,41,0,28,96,0,124,0,60,105,0,165,28,0,28,193
09/10/2011,GMU,SC,ASO,ES,Federal Contract Tower,0,12,6,0,18,0,34,58,13,105,0,46,64,13,123,14,0,14,137
09/11/2011,GMU,SC,ASO,ES,Federal Contract Tower,0,28,19,0,47,0,19,67,1,87,0,47,86,1,134,74,0,74,208
09/12/2011,GMU,SC,ASO,ES,Federal Contract Tower,0,36,17,0,53,0,26,67,6,99,0,62,84,6,152,96,0,96,248
09/13/2011,GMU,SC,ASO,ES,Federal Contract Tower,0,17,7,0,24,0,43,83,2,128,0,60,90,2,152,82,0,82,234
09/14/2011,GMU,SC,ASO,ES,Federal Contract Tower,0,21,7,0,28,0,14,72,4,90,0,35,79,4,118,66,0,66,184
09/15/2011,GMU,SC,ASO,ES,Federal Contract Tower,0,31,20,0,51,0,11,76,9,96,0,42,96,9,147,104,0,104,251
09/16/2011,GMU,SC,ASO,ES,Federal Contract Tower,0,23,19,0,42,0,12,21,1,34,0,35,40,1,76,2,0,2,78
09/17/2011,GMU,SC,ASO,ES,Federal Contract Tower,0,13,12,0,25,0,7,29,4,40,0,20,41,4,65,44,0,44,109
09/18/2011,GMU,SC,ASO,ES,Federal Contract Tower,0,18,20,0,38,0,4,41,3,48,0,22,61,3,86,86,0,86,172
09/19/2011,GMU,SC,ASO,ES,Federal Contract Tower,0,21,14,0,35,0,17,34,0,51,0,38,48,0,86,126,0,126,212
09/20/2011,GMU,SC,ASO,ES,Federal Contract Tower,0,15,16,0,31,0,2,32,0,34,0,17,48,0,65,6,0,6,71
09/21/2011,GMU,SC,ASO,ES,Federal Contract Tower,0,16,10,0,26,0,1,3,0,4,0,17,13,0,30,0,0,0,30
09/22/2011,GMU,SC,ASO,ES,Federal Contract Tower,0,26,16,0,42,0,12,30,2,44,0,38,46,2,86,30,0,30,116
09/23/2011,GMU,SC,ASO,ES,Federal Contract Tower,0,37,18,0,55,0,23,50,0,73,0,60,68,0,128,88,0,88,216
09/24/2011,GMU,SC,ASO,ES,Federal Contract Tower,0,12,20,0,32,0,0,84,0,84,0,12,104,0,116,74,0,74,190
09/25/2011,GMU,SC,ASO,ES,Federal Contract Tower,0,26,8,0,34,0,0,33,0,33,0,26,41,0,67,42,0,42,109
09/26/2011,GMU,SC,ASO,ES,Federal Contract Tower,0,25,18,0,43,0,12,32,1,45,0,37,50,1,88,40,0,40,128
09/27/2011,GMU,SC,ASO,ES,Federal Contract Tower,0,28,18,0,46,0,3,38,6,47,0,31,56,6,93,22,0,22,115
09/28/2011,GMU,SC,ASO,ES,Federal Contract Tower,0,24,17,0,41,0,35,87,10,132,0,59,104,10,173,40,0,40,213
09/29/2011,GMU,SC,ASO,ES,Federal Contract Tower,0,39,17,0,56,0,17,82,14,113,0,56,99,14,169,134,10,144,313
09/30/2011,GMU,SC,ASO,ES,Federal Contract Tower,0,16,19,0,35,0,44,54,7,105,0,60,73,7,140,88,0,88,228
10/01/2011,GMU,SC,ASO,ES,Federal Contract Tower,0,5,7,0,12,0,12,60,2,74,0,17,67,2,86,24,0,24,110
10/02/2011,GMU,SC,ASO,ES,Federal Contract Tower,0,17,17,0,34,0,4,58,0,62,0,21,75,0,96,44,0,44,140
10/03/2011,GMU,SC,ASO,ES,Federal Contract Tower,0,25,7,0,32,0,23,66,0,89,0,48,73,0,121,144,0,144,265
10/04/2011,GMU,SC,ASO,ES,Federal Contract Tower,0,24,20,0,44,0,12,69,0,81,0,36,89,0,125,76,0,76,201
10/05/2011,GMU,SC,ASO,ES,Federal Contract Tower,0,24,6,0,30,0,30,90,0,120,0,54,96,0,150,136,0,136,286
10/06/2011,GMU,SC,ASO,ES,Federal Contract Tower,0,26,16,0,42,0,22,63,2,87,0,48,79,2,129,92,0,92,221
10/07/2011,GMU,SC,ASO,ES,Federal Contract Tower,0,22,20,0,42,0,21,89,0,110,0,43,109,0,152,142,0,142,294
10/08/2011,GMU,SC,ASO,ES,Federal Contract Tower,0,3,12,0,15,0,19,82,0,101,0,22,94,0,116,64,0,64,180
10/09/2011,GMU,SC,ASO,ES,Federal Contract Tower,0,13,15,0,28,0,16,74,0,90,0,29,89,0,118,14,0,14,132
10/10/2011,GMU,SC,ASO,ES,Federal Contract Tower,0,28,11,0,39,0,6,11,0,17,0,34,22,0,56,10,0,10,66
10/11/2011,GMU,SC,ASO,ES,Federal Contract Tower,0,28,7,0,35,0,0,0,0,0,0,28,7,0,35,0,0,0,35
10/12/2011,GMU,SC,ASO,ES,Federal Contract Tower,0,27,23,0,50,0,24,50,1,75,0,51,73,1,125,104,0,104,229
10/13/2011,GMU,SC,ASO,ES,Federal Contract Tower,0,37,19,0,56,0,24,24,0,48,0,61,43,0,104,24,0,24,128
10/14/2011,GMU,SC,ASO,ES,Federal Contract Tower,0,26,12,0,38,0,41,65,0,106,0,67,77,0,144,30,0,30,174
10/15/2011,GMU,SC,ASO,ES,Federal Contract Tower,0,8,6,0,14,0,15,99,2,116,0,23,105,2,130,56,0,56,186
10/16/2011,GMU,SC,ASO,ES,Federal Contract Tower,0,34,6,0,40,0,16,92,0,108,0,50,98,0,148,60,0,60,208
10/17/2011,GMU,SC,ASO,ES,Federal Contract Tower,0,24,14,0,38,0,7,76,2,85,0,31,90,2,123,114,0,114,237
10/18/2011,GMU,SC,ASO,ES,Federal Contract Tower,0,29,17,0,46,0,8,70,0,78,0,37,87,0,124,124,0,124,248
10/19/2011,GMU,SC,ASO,ES,Federal Contract Tower,0,26,25,0,51,0,4,6,0,10,0,30,31,0,61,18,0,18,79
10/20/2011,GMU,SC,ASO,ES,Federal Contract Tower,0,16,13,0,29,0,42,43,6,91,0,58,56,6,120,14,0,14,134
10/21/2011,GMU,SC,ASO,ES,Federal Contract Tower,0,23,20,0,43,0,29,98,0,127,0,52,118,0,170,136,0,136,306
10/22/2011,GMU,SC,ASO,ES,Federal Contract Tower,0,9,11,0,20,0,13,66,9,88,0,22,77,9,108,70,0,70,178
10/23/2011,GMU,SC,ASO,ES,Federal Contract Tower,0,20,12,0,32,0,10,63,1,74,0,30,75,1,106,38,0,38,144
10/24/2011,GMU,SC,ASO,ES,Federal Contract Tower,0,16,11,0,27,0,16,75,6,97,0,32,86,6,124,196,10,206,330
10/25/2011,GMU,SC,ASO,ES,Federal Contract Tower,0,17,14,0,31,0,17,73,0,90,0,34,87,0,121,50,0,50,171
10/26/2011,GMU,SC,ASO,ES,Federal Contract Tower,0,13,17,0,30,0,34,81,0,115,0,47,98,0,145,64,0,64,209
10/27/2011,GMU,SC,ASO,ES,Federal Contract Tower,0,24,13,0,37,0,37,53,0,90,0,61,66,0,127,64,0,64,191
10/28/2011,GMU,SC,ASO,ES,Federal Contract Tower,0,29,19,0,48,0,39,12,11,62,0,68,31,11,110,0,0,0,110
10/29/2011,GMU,SC,ASO,ES,Federal Contract Tower,0,18,15,0,33,0,19,50,0,69,0,37,65,0,102,28,0,28,130
10/30/2011,GMU,SC,ASO,ES,Federal Contract Tower,0,15,8,0,23,0,12,65,0,77,0,27,73,0,100,46,0,46,146
10/31/2011,GMU,SC,ASO,ES,Federal Contract Tower,0,26,10,0,36,0,24,57,0,81,0,50,67,0,117,116,0,116,233
11/01/2011,GMU,SC,ASO,ES,Federal Contract Tower,0,31,19,0,50,0,24,66,6,96,0,55,85,6,146,86,0,86,232
11/02/2011,GMU,SC,ASO,ES,Federal Contract Tower,0,19,11,0,30,0,19,85,0,104,0,38,96,0,134,112,0,112,246
11/03/2011,GMU,SC,ASO,ES,Federal Contract Tower,0,25,13,0,38,0,29,61,5,95,0,54,74,5,133,50,0,50,183
11/04/2011,GMU,SC,ASO,ES,Federal Contract Tower,0,27,14,0,41,0,10,17,4,31,0,37,31,4,72,34,0,34,106
11/05/2011,GMU,SC,ASO,ES,Federal Contract Tower,0,15,8,0,23,0,7,53,0,60,0,22,61,0,83,46,0,46,129
11/06/2011,GMU,SC,ASO,ES,Federal Contract Tower,0,26,8,0,34,0,33,51,3,87,0,59,59,3,121,40,0,40,161
11/07/2011,GMU,SC,ASO,ES,Federal Contract Tower,0,24,8,0,32,0,29,59,0,88,0,53,67,0,120,38,0,38,158
11/08/2011,GMU,SC,ASO,ES,Federal Contract Tower,0,25,6,0,31,0,34,66,1,101,0,59,72,1,132,58,0,58,190
11/09/2011,GMU,SC,ASO,ES,Federal Contract Tower,0,20,14,1,35,0,35,67,9,111,0,55,81,10,146,110,0,110,256
11/10/2011,GMU,SC,ASO,ES,Federal Contract Tower,0,31,18,0,49,0,26,41,5,72,0,57,59,5,121,62,0,62,183
11/11/2011,GMU,SC,ASO,ES,Federal Contract Tower,0,16,15,0,31,0,24,102,0,126,0,40,117,0,157,78,0,78,235
11/12/2011,GMU,SC,ASO,ES,Federal Contract Tower,0,10,9,0,19,0,29,81,1,111,0,39,90,1,130,46,0,46,176
11/13/2011,GMU,SC,ASO,ES,Federal Contract Tower,0,25,6,0,31,0,27,46,2,75,0,52,52,2,106,28,0,28,134
11/14/2011,GMU,SC,ASO,ES,Federal Contract Tower,0,15,8,0,23,0,12,64,0,76,0,27,72,0,99,100,0,100,199
11/15/2011,GMU,SC,ASO,ES,Federal Contract Tower,0,23,16,0,39,0,40,30,1,71,0,63,46,1,110,56,0,56,166
11/16/2011,GMU,SC,ASO,ES,Federal Contract Tower,0,24,16,0,40,0,0,2,0,2,0,24,18,0,42,0,0,0,42
11/17/2011,GMU,SC,ASO,ES,Federal Contract Tower,0,26,21,0,47,0,29,36,1,66,0,55,57,1,113,8,0,8,121
11/18/2011,GMU,SC,ASO,ES,Federal Contract Tower,0,24,16,0,40,0,35,111,2,148,0,59,127,2,188,80,0,80,268
11/19/2011,GMU,SC,ASO,ES,Federal Contract Tower,0,15,13,0,28,0,6,104,0,110,0,21,117,0,138,82,0,82,220
11/20/2011,GMU,SC,ASO,ES,Federal Contract Tower,0,8,14,0,22,0,4,3,0,7,0,12,17,0,29,10,0,10,39
11/21/2011,GMU,SC,ASO,ES,Federal Contract Tower,0,26,19,0,45,0,18,52,0,70,0,44,71,0,115,44,0,44,159
11/22/2011,GMU,SC,ASO,ES,Federal Contract Tower,0,31,11,0,42,0,22,35,0,57,0,53,46,0,99,28,0,28,127
11/23/2011,GMU,SC,ASO,ES,Federal Contract Tower,0,13,21,0,34,0,37,36,0,73,0,50,57,0,107,14,0,14,121
11/24/2011,GMU,SC,ASO,ES,Federal Contract Tower,0,5,12,0,17,0,7,30,0,37,0,12,42,0,54,0,0,0,54
11/25/2011,GMU,SC,ASO,ES,Federal Contract Tower,0,11,5,0,16,0,25,82,0,107,0,36,87,0,123,38,0,38,161
11/26/2011,GMU,SC,ASO,ES,Federal Contract Tower,0,18,11,0,29,0,12,61,2,75,0,30,72,2,104,38,0,38,142
11/27/2011,GMU,SC,ASO,ES,Federal Contract Tower,0,24,16,0,40,0,7,31,0,38,0,31,47,0,78,22,0,22,100
11/28/2011,GMU,SC,ASO,ES,Federal Contract Tower,0,5,5,0,10,0,0,0,0,0,0,5,5,0,10,0,0,0,10
11/29/2011,GMU,SC,ASO,ES,Federal Contract Tower,0,18,7,0,25,0,12,11,1,24,0,30,18,1,49,4,4,8,57
11/30/2011,GMU,SC,ASO,ES,Federal Contract Tower,0,27,19,0,46,0,25,62,2,89,0,52,81,2,135,54,4,58,193
12/01/2011,GMU,SC,ASO,ES,Federal Contract Tower,0,36,7,0,43,0,31,68,2,101,0,67,75,2,144,148,0,148,292
12/02/2011,GMU,SC,ASO,ES,Federal Contract Tower,0,18,13,0,31,0,25,72,1,98,0,43,85,1,129,54,0,54,183
12/03/2011,GMU,SC,ASO,ES,Federal Contract Tower,0,5,13,0,18,0,21,106,1,128,0,26,119,1,146,56,0,56,202
12/04/2011,GMU,SC,ASO,ES,Federal Contract Tower,0,12,14,0,26,0,1,48,0,49,0,13,62,0,75,74,0,74,149
12/05/2011,GMU,SC,ASO,ES,Federal Contract Tower,0,14,15,0,29,0,9,6,0,15,0,23,21,0,44,0,0,0,44
12/06/2011,GMU,SC,ASO,ES,Federal Contract Tower,0,26,22,0,48,0,2,1,2,5,0,28,23,2,53,0,0,0,53
12/07/2011,GMU,SC,ASO,ES,Federal Contract Tower,0,26,14,0,40,0,10,0,0,10,0,36,14,0,50,0,0,0,50
12/08/2011,GMU,SC,ASO,ES,Federal Contract Tower,0,23,18,0,41,0,10,81,0,91,0,33,99,0,132,30,0,30,162
12/09/2011,GMU,SC,ASO,ES,Federal Contract Tower,0,20,9,0,29,0,22,70,0,92,0,42,79,0,121,46,0,46,167
12/10/2011,GMU,SC,ASO,ES,Federal Contract Tower,0,10,10,2,22,0,3,94,8,105,0,13,104,10,127,68,8,76,203
12/11/2011,GMU,SC,ASO,ES,Federal Contract Tower,0,18,6,0,24,0,6,51,0,57,0,24,57,0,81,28,0,28,109
12/12/2011,GMU,SC,ASO,ES,Federal Contract Tower,0,26,9,0,35,0,23,20,0,43,0,49,29,0,78,28,0,28,106
12/13/2011,GMU,SC,ASO,ES,Federal Contract Tower,0,21,17,0,38,0,13,57,0,70,0,34,74,0,108,16,0,16,124
12/14/2011,GMU,SC,ASO,ES,Federal Contract Tower,0,33,27,0,60,0,43,67,0,110,0,76,94,0,170,22,0,22,192
12/15/2011,GMU,SC,ASO,ES,Federal Contract Tower,0,27,18,0,45,0,7,46,0,53,0,34,64,0,98,26,0,26,124
12/16/2011,GMU,SC,ASO,ES,Federal Contract Tower,0,23,15,0,38,0,16,51,0,67,0,39,66,0,105,32,0,32,137
12/17/2011,GMU,SC,ASO,ES,Federal Contract Tower,0,13,19,0,32,0,14,72,6,92,0,27,91,6,124,62,0,62,186
12/18/2011,GMU,SC,ASO,ES,Federal Contract Tower,0,14,10,0,24,0,8,101,2,111,0,22,111,2,135,64,0,64,199
12/19/2011,GMU,SC,ASO,ES,Federal Contract Tower,0,23,11,0,34,0,13,82,2,97,0,36,93,2,131,42,0,42,173
12/20/2011,GMU,SC,ASO,ES,Federal Contract Tower,0,19,6,0,25,0,7,19,0,26,0,26,25,0,51,38,0,38,89
12/21/2011,GMU,SC,ASO,ES,Federal Contract Tower,0,12,7,0,19,0,2,0,0,2,0,14,7,0,21,0,0,0,21
12/22/2011,GMU,SC,ASO,ES,Federal Contract Tower,0,15,6,0,21,0,0,0,0,0,0,15,6,0,21,0,0,0,21
12/23/2011,GMU,SC,ASO,ES,Federal Contract Tower,0,17,10,0,27,0,41,86,0,127,0,58,96,0,154,58,0,58,212
12/24/2011,GMU,SC,ASO,ES,Federal Contract Tower,0,3,7,0,10,0,6,25,0,31,0,9,32,0,41,10,0,10,51
12/25/2011,GMU,SC,ASO,ES,Federal Contract Tower,0,1,9,0,10,0,1,10,0,11,0,2,19,0,21,16,0,16,37
12/26/2011,GMU,SC,ASO,ES,Federal Contract Tower,0,22,10,2,34,0,19,62,1,82,0,41,72,3,116,30,4,34,150
12/27/2011,GMU,SC,ASO,ES,Federal Contract Tower,0,10,6,0,16,0,10,2,0,12,0,20,8,0,28,0,0,0,28
12/28/2011,GMU,SC,ASO,ES,Federal Contract Tower,0,22,22,0,44,0,21,85,2,108,0,43,107,2,152,42,0,42,194
12/29/2011,GMU,SC,ASO,ES,Federal Contract Tower,0,20,3,1,24,0,27,86,3,116,0,47,89,4,140,18,0,18,158
12/30/2011,GMU,SC,ASO,ES,Federal Contract Tower,0,8,21,0,29,0,24,56,0,80,0,32,77,0,109,64,0,64,173
12/31/2011,GMU,SC,ASO,ES,Federal Contract Tower,0,10,8,0,18,0,5,72,8,85,0,15,80,8,103,64,0,64,167
01/01/2012,GMU,SC,ASO,ES,Federal Contract Tower,0,17,4,0,21,0,6,14,0,20,0,23,18,0,41,0,0,0,41
01/02/2012,GMU,SC,ASO,ES,Federal Contract Tower,0,9,7,0,16,0,2,32,1,35,0,11,39,1,51,34,0,34,85
01/03/2012,GMU,SC,ASO,ES,Federal Contract Tower,0,26,10,0,36,0,13,36,2,51,0,39,46,2,87,46,0,46,133
01/04/2012,GMU,SC,ASO,ES,Federal Contract Tower,0,22,9,0,31,0,5,40,0,45,0,27,49,0,76,102,0,102,178
01/05/2012,GMU,SC,ASO,ES,Federal Contract Tower,0,17,6,0,23,0,16,56,9,81,0,33,62,9,104,70,0,70,174
01/06/2012,GMU,SC,ASO,ES,Federal Contract Tower,0,16,9,0,25,0,20,105,9,134,0,36,114,9,159,74,0,74,233
01/07/2012,GMU,SC,ASO,ES,Federal Contract Tower,0,10,7,0,17,0,15,81,2,98,0,25,88,2,115,60,0,60,175
01/08/2012,GMU,SC,ASO,ES,Federal Contract Tower,0,9,14,0,23,0,0,1,0,1,0,9,15,0,24,0,0,0,24
01/09/2012,GMU,SC,ASO,ES,Federal Contract Tower,0,17,6,0,23,0,0,0,0,0,0,17,6,0,23,0,0,0,23
01/10/2012,GMU,SC,ASO,ES,Federal Contract Tower,0,21,14,0,35,0,13,25,0,38,0,34,39,0,73,32,0,32,105
01/11/2012,GMU,SC,ASO,ES,Federal Contract Tower,0,22,2,0,24,0,15,0,0,15,0,37,2,0,39,0,0,0,39
01/12/2012,GMU,SC,ASO,ES,Federal Contract Tower,0,20,5,0,25,0,25,17,0,42,0,45,22,0,67,28,0,28,95
01/13/2012,GMU,SC,ASO,ES,Federal Contract Tower,0,18,9,0,27,0,16,30,6,52,0,34,39,6,79,54,0,54,133
01/14/2012,GMU,SC,ASO,ES,Federal Contract Tower,0,13,8,0,21,0,18,81,8,107,0,31,89,8,128,104,0,104,232
01/15/2012,GMU,SC,ASO,ES,Federal Contract Tower,0,13,7,0,20,0,11,76,7,94,0,24,83,7,114,90,0,90,204
01/16/2012,GMU,SC,ASO,ES,Federal Contract Tower,0,36,14,0,50,0,20,58,0,78,0,56,72,0,128,60,0,60,188
01/17/2012,GMU,SC,ASO,ES,Federal Contract Tower,0,31,7,0,38,0,6,3,0,9,0,37,10,0,47,6,0,6,53
01/18/2012,GMU,SC,ASO,ES,Federal Contract Tower,0,29,11,0,40,0,22,40,1,63,0,51,51,1,103,24,0,24,127
01/19/2012,GMU,SC,ASO,ES,Federal Contract Tower,0,24,11,0,35,0,18,55,1,74,0,42,66,1,109,42,0,42,151
01/20/2012,GMU,SC,ASO,ES,Federal Contract Tower,0,27,13,0,40,0,8,27,0,35,0,35,40,0,75,78,0,78,153
01/21/2012,GMU,SC,ASO,ES,Federal Contract Tower,0,9,1,0,10,0,0,0,0,0,0,9,1,0,10,0,0,0,10
01/22/2012,GMU,SC,ASO,ES,Federal Contract Tower,0,18,13,0,31,0,2,4,0,6,0,20,17,0,37,18,0,18,55
01/23/2012,GMU,SC,ASO,ES,Federal Contract Tower,0,24,4,0,28,0,0,0,0,0,0,24,4,0,28,0,0,0,28
01/24/2012,GMU,SC,ASO,ES,Federal Contract Tower,0,17,18,0,35,0,17,48,2,67,0,34,66,2,102,48,0,48,150
01/25/2012,GMU,SC,ASO,ES,Federal Contract Tower,0,40,21,0,61,0,17,74,1,92,0,57,95,1,153,102,0,102,255
01/26/2012,GMU,SC,ASO,ES,Federal Contract Tower,0,19,17,0,36,0,0,0,0,0,0,19,17,0,36,0,0,0,36
01/27/2012,GMU,SC,ASO,ES,Federal Contract Tower,0,14,11,0,25,0,7,38,0,45,0,21,49,0,70,144,0,144,214
01/28/2012,GMU,SC,ASO,ES,Federal Contract Tower,0,10,10,0,20,0,8,154,3,165,0,18,164,3,185,138,4,142,327
01/29/2012,GMU,SC,ASO,ES,Federal Contract Tower,0,17,8,2,27,0,6,87,0,93,0,23,95,2,120,14,0,14,134
01/30/2012,GMU,SC,ASO,ES,Federal Contract Tower,0,24,11,0,35,0,29,74,2,105,0,53,85,2,140,60,0,60,200
01/31/2012,GMU,SC,ASO,ES,Federal Contract Tower,0,34,12,0,46,0,22,76,8,106,0,56,88,8,152,40,0,40,192
02/01/2012,GMU,SC,ASO,ES,Federal Contract Tower,0,20,16,0,36,0,16,37,3,56,0,36,53,3,92,30,0,30,122
02/02/2012,GMU,SC,ASO,ES,Federal Contract Tower,0,21,10,0,31,0,19,50,7,76,0,40,60,7,107,18,0,18,125
02/03/2012,GMU,SC,ASO,ES,Federal Contract Tower,0,14,18,0,32,0,31,63,0,94,0,45,81,0,126,40,0,40,166
02/04/2012,GMU,SC,ASO,ES,Federal Contract Tower,0,6,15,0,21,0,14,41,0,55,0,20,56,0,76,54,0,54,130
02/05/2012,GMU,SC,ASO,ES,Federal Contract Tower,0,15,9,0,24,0,12,42,0,54,0,27,51,0,78,34,0,34,112
02/06/2012,GMU,SC,ASO,ES,Federal Contract Tower,0,29,10,0,39,0,27,33,2,62,0,56,43,2,101,122,0,122,223
02/07/2012,GMU,SC,ASO,ES,Federal Contract Tower,0,17,12,0,29,0,25,57,0,82,0,42,69,0,111,58,0,58,169
02/08/2012,GMU,SC,ASO,ES,Federal Contract Tower,0,31,16,0,47,0,14,55,2,71,0,45,71,2,118,78,0,78,196
02/09/2012,GMU,SC,ASO,ES,Federal Contract Tower,0,37,14,0,51,0,34,53,2,89,0,71,67,2,140,24,0,24,164
02/10/2012,GMU,SC,ASO,ES,Federal Contract Tower,0,16,4,0,20,0,19,66,0,85,0,35,70,0,105,84,0,84,189
02/11/2012,GMU,SC,ASO,ES,Federal Contract Tower,0,8,2,1,11,0,7,38,4,49,0,15,40,5,60,88,6,94,154
02/12/2012,GMU,SC,ASO,ES,Federal Contract Tower,0,10,6,0,16,0,3,74,8,85,0,13,80,8,101,28,0,28,129
02/13/2012,GMU,SC,ASO,ES,Federal Contract Tower,0,20,5,0,25,0,28,60,0,88,0,48,65,0,113,186,0,186,299
02/14/2012,GMU,SC,ASO,ES,Federal Contract Tower,0,14,5,0,19,0,15,29,0,44,0,29,34,0,63,94,0,94,157
02/15/2012,GMU,SC,ASO,ES,Federal Contract Tower,0,34,9,0,43,0,29,66,0,95,0,63,75,0,138,18,0,18,156
02/16/2012,GMU,SC,ASO,ES,Federal Contract Tower,0,28,11,0,39,0,8,0,0,8,0,36,11,0,47,0,0,0,47
02/17/2012,GMU,SC,ASO,ES,Federal Contract Tower,0,11,13,0,24,0,12,117,0,129,0,23,130,0,153,194,0,194,347
02/18/2012,GMU,SC,ASO,ES,Federal Contract Tower,0,7,12,0,19,0,15,88,8,111,0,22,100,8,130,142,0,142,272
02/19/2012,GMU,SC,ASO,ES,Federal Contract Tower,0,9,3,0,12,0,0,0,0,0,0,9,3,0,12,0,0,0,12
02/20/2012,GMU,SC,ASO,ES,Federal Contract Tower,0,14,13,0,27,0,18,56,9,83,0,32,69,9,110,60,2,62,172
02/21/2012,GMU,SC,ASO,ES,Federal Contract Tower,0,17,13,0,30,0,5,49,0,54,0,22,62,0,84,8,0,8,92
02/22/2012,GMU,SC,ASO,ES,Federal Contract Tower,0,24,12,0,36,0,9,13,0,22,0,33,25,0,58,24,0,24,82
02/23/2012,GMU,SC,ASO,ES,Federal Contract Tower,0,32,21,0,53,0,18,29,2,49,0,50,50,2,102,44,0,44,146
02/24/2012,GMU,SC,ASO,ES,Federal Contract Tower,0,24,6,0,30,0,18,13,2,33,0,42,19,2,63,44,0,44,107
02/25/2012,GMU,SC,ASO,ES,Federal Contract Tower,0,19,7,0,26,0,4,55,4,63,0,23,62,4,89,40,0,40,129
02/26/2012,GMU,SC,ASO,ES,Federal Contract Tower,0,14,16,0,30,0,23,106,1,130,0,37,122,1,160,98,0,98,258
02/27/2012,GMU,SC,ASO,ES,Federal Contract Tower,0,15,18,0,33,0,16,50,2,68,0,31,68,2,101,32,0,32,133
02/28/2012,GMU,SC,ASO,ES,Federal Contract Tower,0,21,12,0,33,0,16,80,0,96,0,37,92,0,129,114,0,114,243
02/29/2012,GMU,SC,ASO,ES,Federal Contract Tower,0,17,12,0,29,0,12,0,0,12,0,29,12,0,41,0,0,0,41
03/01/2012,GMU,SC,ASO,ES,Federal Contract Tower,0,12,12,1,25,0,20,66,0,86,0,32,78,1,111,26,0,26,137
03/02/2012,GMU,SC,ASO,ES,Federal Contract Tower,0,18,16,0,34,0,6,9,3,18,0,24,25,3,52,10,0,10,62
03/03/2012,GMU,SC,ASO,ES,Federal Contract Tower,0,6,5,1,12,0,8,36,2,46,0,14,41,3,58,20,0,20,78
03/04/2012,GMU,SC,ASO,ES,Federal Contract Tower,0,11,13,0,24,0,2,17,1,20,0,13,30,1,44,36,0,36,80
03/05/2012,GMU,SC,ASO,ES,Federal Contract Tower,0,15,9,0,24,0,18,33,0,51,0,33,42,0,75,36,0,36,111
03/06/2012,GMU,SC,ASO,ES,Federal Contract Tower,0,15,11,2,28,0,10,76,2,88,0,25,87,4,116,38,0,38,154
03/07/2012,GMU,SC,ASO,ES,Federal Contract Tower,0,15,16,0,31,0,4,30,0,34,0,19,46,0,65,54,0,54,119
03/08/2012,GMU,SC,ASO,ES,Federal Contract Tower,0,24,13,0,37,0,13,50,3,66,0,37,63,3,103,28,0,28,131
03/09/2012,GMU,SC,ASO,ES,Federal Contract Tower,0,23,17,0,40,0,26,24,0,50,0,49,41,0,90,26,0,26,116
03/10/2012,GMU,SC,ASO,ES,Federal Contract Tower,0,4,9,0,13,0,24,107,2,133,0,28,116,2,146,34,0,34,180
03/11/2012,GMU,SC,ASO,ES,Federal Contract Tower,0,17,14,0,31,0,9,70,4,83,0,26,84,4,114,28,0,28,142
03/12/2012,GMU,SC,ASO,ES,Federal Contract Tower,0,21,13,0,34,0,8,31,0,39,0,29,44,0,73,64,0,64,137
03/13/2012,GMU,SC,ASO,ES,Federal Contract Tower,0,30,16,0,46,0,9,9,0,18,0,39,25,0,64,40,0,40,104
03/14/2012,GMU,SC,ASO,ES,Federal Contract Tower,0,26,15,0,41,0,15,52,0,67,0,41,67,0,108,54,0,54,162
03/15/2012,GMU,SC,ASO,ES,Federal Contract Tower,0,30,12,0,42,0,53,49,0,102,0,83,61,0,144,20,0,20,164
03/16/2012,GMU,SC,ASO,ES,Federal Contract Tower,0,32,15,0,47,0,17,46,0,63,0,49,61,0,110,38,0,38,148
03/17/2012,GMU,SC,ASO,ES,Federal Contract Tower,0,13,4,0,17,0,3,69,0,72,0,16,73,0,89,20,0,20,109
03/18/2012,GMU,SC,ASO,ES,Federal Contract Tower,0,11,8,0,19,0,14,41,0,55,0,25,49,0,74,40,0,40,114
03/19/2012,GMU,SC,ASO,ES,Federal Contract Tower,0,20,13,0,33,0,6,48,0,54,0,26,61,0,87,50,0,50,137
03/20/2012,GMU,SC,ASO,ES,Federal Contract Tower,0,27,11,0,38,0,25,44,2,71,0,52,55,2,109,54,0,54,163
03/21/2012,GMU,SC,ASO,ES,Federal Contract Tower,0,19,19,1,39,0,8,47,4,59,0,27,66,5,98,26,0,26,124
03/22/2012,GMU,SC,ASO,ES,Federal Contract Tower,0,39,23,0,62,0,22,47,2,71,0,61,70,2,133,66,0,66,199
03/23/2012,GMU,SC,ASO,ES,Federal Contract Tower,0,17,12,0,29,0,2,17,0,19,0,19,29,0,48,40,0,40,88
03/24/2012,GMU,SC,ASO,ES,Federal Contract Tower,0,9,14,0,23,0,3,40,1,44,0,12,54,1,67,34,0,34,101
03/25/2012,GMU,SC,ASO,ES,Federal Contract Tower,0,5,15,0,20,0,10,47,0,57,0,15,62,0,77,44,0,44,121
03/26/2012,GMU,SC,ASO,ES,Federal Contract Tower,0,17,9,0,26,0,13,74,0,87,0,30,83,0,113,164,0,164,277
03/27/2012,GMU,SC,ASO,ES,Federal Contract Tower,0,24,20,0,44,0,25,65,2,92,0,49,85,2,136,122,0,122,258
03/28/2012,GMU,SC,ASO,ES,Federal Contract Tower,0,22,22,0,44,0,7,48,0,55,0,29,70,0,99,48,0,48,147
03/29/2012,GMU,SC,ASO,ES,Federal Contract Tower,0,28,27,0,55,0,14,80,0,94,0,42,107,0,149,102,0,102,251
03/30/2012,GMU,SC,ASO,ES,Federal Contract Tower,0,26,12,0,38,0,20,45,0,65,0,46,57,0,103,4,0,4,107
03/31/2012,GMU,SC,ASO,ES,Federal Contract Tower,0,11,16,0,27,0,1,48,0,49,0,12,64,0,76,28,0,28,104
04/01/2012,GMU,SC,ASO,ES,Federal Contract Tower,0,15,12,0,27,0,6,76,0,82,0,21,88,0,109,66,0,66,175
04/02/2012,GMU,SC,ASO,ES,Federal Contract Tower,0,11,17,0,28,0,20,62,0,82,0,31,79,0,110,64,0,64,174
04/03/2012,GMU,SC,ASO,ES,Federal Contract Tower,0,16,12,0,28,0,4,9,0,13,0,20,21,0,41,42,0,42,83
04/04/2012,GMU,SC,ASO,ES,Federal Contract Tower,0,24,17,0,41,0,16,60,0,76,0,40,77,0,117,129,0,129,246
04/05/2012,GMU,SC,ASO,ES,Federal Contract Tower,0,29,11,0,40,0,34,42,0,76,0,63,53,0,116,34,0,34,150
04/06/2012,GMU,SC,ASO,ES,Federal Contract Tower,0,21,9,0,30,0,10,49,2,61,0,31,58,2,91,64,0,64,155
04/07/2012,GMU,SC,ASO,ES,Federal Contract Tower,0,4,9,0,13,0,25,116,0,141,0,29,125,0,154,46,0,46,200
04/08/2012,GMU,SC,ASO,ES,Federal Contract Tower,0,16,11,0,27,0,18,38,0,56,0,34,49,0,83,26,0,26,109
04/09/2012,GMU,SC,ASO,ES,Federal Contract Tower,0,36,13,0,49,0,21,75,0,96,0,57,88,0,145,46,0,46,191
04/10/2012,GMU,SC,ASO,ES,Federal Contract Tower,0,24,6,0,30,0,18,43,2,63,0,42,49,2,93,32,0,32,125
04/11/2012,GMU,SC,ASO,ES,Federal Contract Tower,0,33,18,0,51,0,20,50,1,71,0,53,68,1,122,42,0,42,164
04/12/2012,GMU,SC,ASO,ES,Federal Contract Tower,0,22,20,1,43,0,29,98,4,131,0,51,118,5,174,66,4,70,244
04/13/2012,GMU,SC,ASO,ES,Federal Contract Tower,0,11,23,0,34,0,42,100,0,142,0,53,123,0,176,82,0,82,258
04/14/2012,GMU,SC,ASO,ES,Federal Contract Tower,0,13,10,0,23,0,4,82,2,88,0,17,92,2,111,76,0,76,187
04/15/2012,GMU,SC,ASO,ES,Federal Contract Tower,0,17,17,0,34,0,6,40,2,48,0,23,57,2,82,20,0,20,102
04/16/2012,GMU,SC,ASO,ES,Federal Contract Tower,0,13,8,0,21,0,23,59,6,88,0,36,67,6,109,46,0,46,155
04/17/2012,GMU,SC,ASO,ES,Federal Contract Tower,0,17,6,0,23,0,10,50,0,60,0,27,56,0,83,64,0,64,147
04/18/2012,GMU,SC,ASO,ES,Federal Contract Tower,0,24,21,0,45,0,2,0,0,2,0,26,21,0,47,0,0,0,47
04/19/2012,GMU,SC,ASO,ES,Federal Contract Tower,0,29,18,0,47,0,33,41,6,80,0,62,59,6,127,18,0,18,145
04/20/2012,GMU,SC,ASO,ES,Federal Contract Tower,0,29,20,0,49,0,10,51,2,63,0,39,71,2,112,80,0,80,192
04/21/2012,GMU,SC,ASO,ES,Federal Contract Tower,0,17,9,0,26,0,3,63,0,66,0,20,72,0,92,90,0,90,182
04/22/2012,GMU,SC,ASO,ES,Federal Contract Tower,0,7,11,0,18,0,1,19,0,20,0,8,30,0,38,8,0,8,46
04/23/2012,GMU,SC,ASO,ES,Federal Contract Tower,0,24,11,0,35,0,38,47,2,87,0,62,58,2,122,34,0,34,156
04/24/2012,GMU,SC,ASO,ES,Federal Contract Tower,0,30,10,2,42,0,11,43,2,56,0,41,53,4,98,10,0,10,108
04/25/2012,GMU,SC,ASO,ES,Federal Contract Tower,0,31,15,0,46,0,20,89,1,110,0,51,104,1,156,100,0,100,256
04/26/2012,GMU,SC,ASO,ES,Federal Contract Tower,0,15,9,1,25,0,31,16,0,47,0,46,25,1,72,2,0,2,74
04/27/2012,GMU,SC,ASO,ES,Federal Contract Tower,0,32,16,0,48,0,21,67,4,92,0,53,83,4,140,72,0,72,212
04/28/2012,GMU,SC,ASO,ES,Federal Contract Tower,0,16,19,0,35,0,14,108,1,123,0,30,127,1,158,96,0,96,254
04/29/2012,GMU,SC,ASO,ES,Federal Contract Tower,0,9,17,0,26,0,14,64,5,83,0,23,81,5,109,68,0,68,177
04/30/2012,GMU,SC,ASO,ES,Federal Contract Tower,0,17,10,0,27,0,30,66,1,97,0,47,76,1,124,60,0,60,184
05/01/2012,GMU,SC,ASO,ES,Federal Contract Tower,0,27,7,0,34,0,20,70,5,95,0,47,77,5,129,36,0,36,165
05/02/2012,GMU,SC,ASO,ES,Federal Contract Tower,0,38,20,0,58,0,28,79,0,107,0,66,99,0,165,40,0,40,205
05/03/2012,GMU,SC,ASO,ES,Federal Contract Tower,0,34,13,0,47,0,27,91,6,124,0,61,104,6,171,82,0,82,253
05/04/2012,GMU,SC,ASO,ES,Federal Contract Tower,0,30,17,0,47,0,30,51,3,84,0,60,68,3,131,100,0,100,231
05/05/2012,GMU,SC,ASO,ES,Federal Contract Tower,0,16,9,0,25,0,2,92,1,95,0,18,101,1,120,88,0,88,208
05/06/2012,GMU,SC,ASO,ES,Federal Contract Tower,0,26,22,0,48,0,2,59,2,63,0,28,81,2,111,44,0,44,155
05/07/2012,GMU,SC,ASO,ES,Federal Contract Tower,0,29,14,0,43,0,20,42,6,68,0,49,56,6,111,44,0,44,155
05/08/2012,GMU,SC,ASO,ES,Federal Contract Tower,0,39,20,1,60,0,10,12,0,22,0,49,32,1,82,8,0,8,90
05/09/2012,GMU,SC,ASO,ES,Federal Contract Tower,0,33,10,0,43,0,14,11,5,30,0,47,21,5,73,2,0,2,75
05/10/2012,GMU,SC,ASO,ES,Federal Contract Tower,0,25,15,0,40,0,19,93,0,112,0,44,108,0,152,54,0,54,206
05/11/2012,GMU,SC,ASO,ES,Federal Contract Tower,0,28,15,0,43,0,19,92,0,111,0,47,107,0,154,44,0,44,198
05/12/2012,GMU,SC,ASO,ES,Federal Contract Tower,0,9,13,0,22,0,36,76,0,112,0,45,89,0,134,18,0,18,152
05/13/2012,GMU,SC,ASO,ES,Federal Contract Tower,0,16,12,0,28,0,0,1,0,1,0,16,13,0,29,0,0,0,29
05/14/2012,GMU,SC,ASO,ES,Federal Contract Tower,0,22,11,0,33,0,34,18,3,55,0,56,29,3,88,58,0,58,146
05/15/2012,GMU,SC,ASO,ES,Federal Contract Tower,0,20,17,0,37,0,14,47,3,64,0,34,64,3,101,28,0,28,129
05/16/2012,GMU,SC,ASO,ES,Federal Contract Tower,0,33,17,0,50,0,20,80,2,102,0,53,97,2,152,100,0,100,252
05/17/2012,GMU,SC,ASO,ES,Federal Contract Tower,0,30,20,0,50,0,30,79,3,112,0,60,99,3,162,130,0,130,292
05/18/2012,GMU,SC,ASO,ES,Federal Contract Tower,0,30,27,1,58,0,32,75,2,109,0,62,102,3,167,62,0,62,229
05/19/2012,GMU,SC,ASO,ES,Federal Contract Tower,0,15,5,0,20,0,34,125,0,159,0,49,130,0,179,28,0,28,207
05/20/2012,GMU,SC,ASO,ES,Federal Contract Tower,0,6,12,0,18,0,29,76,0,105,0,35,88,0,123,2,0,2,125
05/21/2012,GMU,SC,ASO,ES,Federal Contract Tower,0,15,11,0,26,0,38,68,0,106,0,53,79,0,132,92,0,92,224
05/22/2012,GMU,SC,ASO,ES,Federal Contract Tower,0,23,19,0,42,0,14,38,0,52,0,37,57,0,94,40,0,40,134
05/23/2012,GMU,SC,ASO,ES,Federal Contract Tower,0,22,23,0,45,0,8,32,0,40,0,30,55,0,85,40,0,40,125
05/24/2012,GMU,SC,ASO,ES,Federal Contract Tower,0,33,13,0,46,0,33,77,0,110,0,66,90,0,156,28,0,28,184
05/25/2012,GMU,SC,ASO,ES,Federal Contract Tower,0,20,17,0,37,0,18,88,2,108,0,38,105,2,145,76,0,76,221
05/26/2012,GMU,SC,ASO,ES,Federal Contract Tower,0,5,5,0,10,0,16,107,0,123,0,21,112,0,133,34,0,34,167
05/27/2012,GMU,SC,ASO,ES,Federal Contract Tower,0,6,6,0,12,0,8,54,2,64,0,14,60,2,76,12,0,12,88
05/28/2012,GMU,SC,ASO,ES,Federal Contract Tower,0,13,17,0,30,0,14,46,5,65,0,27,63,5,95,6,0,6,101
05/29/2012,GMU,SC,ASO,ES,Federal Contract Tower,0,19,13,0,32,0,7,11,0,18,0,26,24,0,50,6,0,6,56
05/30/2012,GMU,SC,ASO,ES,Federal Contract Tower,0,20,10,0,30,0,19,64,4,87,0,39,74,4,117,40,0,40,157
05/31/2012,GMU,SC,ASO,ES,Federal Contract Tower,0,17,13,0,30,0,13,90,2,105,0,30,103,2,135,102,0,102,237
06/01/2012,GMU,SC,ASO,ES,Federal Contract Tower,0,17,20,0,37,0,6,30,0,36,0,23,50,0,73,46,0,46,119
06/02/2012,GMU,SC,ASO,ES,Federal Contract Tower,0,18,7,0,25,0,16,141,2,159,0,34,148,2,184,38,0,38,222
06/03/2012,GMU,SC,ASO,ES,Federal Contract Tower,0,13,11,0,24,0,6,69,0,75,0,19,80,0,99,14,0,14,113
06/04/2012,GMU,SC,ASO,ES,Federal Contract Tower,0,25,5,0,30,0,24,52,0,76,0,49,57,0,106,48,0,48,154
06/05/2012,GMU,SC,ASO,ES,Federal Contract Tower,0,26,14,0,40,0,14,22,0,36,0,40,36,0,76,28,0,28,104
06/06/2012,GMU,SC,ASO,ES,Federal Contract Tower,0,29,12,0,41,0,12,29,0,41,0,41,41,0,82,56,0,56,138
06/07/2012,GMU,SC,ASO,ES,Federal Contract Tower,0,30,18,0,48,0,21,81,6,108,0,51,99,6,156,58,0,58,214
06/08/2012,GMU,SC,ASO,ES,Federal Contract Tower,0,19,8,0,27,0,9,99,6,114,0,28,107,6,141,90,0,90,231
06/09/2012,GMU,SC,ASO,ES,Federal Contract Tower,0,4,8,0,12,0,15,87,0,102,0,19,95,0,114,92,0,92,206
06/10/2012,GMU,SC,ASO,ES,Federal Contract Tower,0,10,24,0,34,0,0,8,0,8,0,10,32,0,42,6,0,6,48
06/11/2012,GMU,SC,ASO,ES,Federal Contract Tower,0,25,6,0,31,0,5,12,0,17,0,30,18,0,48,24,0,24,72
06/12/2012,GMU,SC,ASO,ES,Federal Contract Tower,0,40,13,0,53,0,11,19,0,30,0,51,32,0,83,66,0,66,149
06/13/2012,GMU,SC,ASO,ES,Federal Contract Tower,0,28,15,0,43,0,11,73,7,91,0,39,88,7,134,88,0,88,222
06/14/2012,GMU,SC,ASO,ES,Federal Contract Tower,0,25,12,0,37,0,34,82,6,122,0,59,94,6,159,86,0,86,245
06/15/2012,GMU,SC,ASO,ES,Federal Contract Tower,0,27,23,0,50,0,16,107,2,125,0,43,130,2,175,94,0,94,269
06/16/2012,GMU,SC,ASO,ES,Federal Contract Tower,0,3,11,0,14,0,12,92,2,106,0,15,103,2,120,0,0,0,120
06/17/2012,GMU,SC,ASO,ES,Federal Contract Tower,0,19,13,0,32,0,7,72,0,79,0,26,85,0,111,18,0,18,129
06/18/2012,GMU,SC,ASO,ES,Federal Contract Tower,0,22,8,0,30,0,25,69,0,94,0,47,77,0,124,106,0,106,230
06/19/2012,GMU,SC,ASO,ES,Federal Contract Tower,0,21,11,0,32,0,17,89,37,143,0,38,100,37,175,130,0,130,305
06/20/2012,GMU,SC,ASO,ES,Federal Contract Tower,0,25,14,0,39,0,3,62,2,67,0,28,76,2,106,80,0,80,186
06/21/2012,GMU,SC,ASO,ES,Federal Contract Tower,0,22,19,0,41,0,27,78,2,107,0,49,97,2,148,66,0,66,214
06/22/2012,GMU,SC,ASO,ES,Federal Contract Tower,0,21,10,0,31,0,22,57,0,79,0,43,67,0,110,54,0,54,164
06/23/2012,GMU,SC,ASO,ES,Federal Contract Tower,0,10,5,0,15,0,30,104,0,134,0,40,109,0,149,44,0,44,193
06/24/2012,GMU,SC,ASO,ES,Federal Contract Tower,0,13,13,0,26,0,4,61,0,65,0,17,74,0,91,36,0,36,127
06/25/2012,GMU,SC,ASO,ES,Federal Contract Tower,0,25,19,0,44,0,8,31,0,39,0,33,50,0,83,26,0,26,109
06/26/2012,GMU,SC,ASO,ES,Federal Contract Tower,0,6,10,0,16,0,15,76,2,93,0,21,86,2,109,68,0,68,177
06/27/2012,GMU,SC,ASO,ES,Federal Contract Tower,0,31,15,0,46,0,19,72,3,94,0,50,87,3,140,94,0,94,234
06/28/2012,GMU,SC,ASO,ES,Federal Contract Tower,0,24,7,0,31,0,28,49,15,92,0,52,56,15,123,68,8,76,199
06/29/2012,GMU,SC,ASO,ES,Federal Contract Tower,0,24,10,0,34,0,16,65,4,85,0,40,75,4,119,64,0,64,183
06/30/2012,GMU,SC,ASO,ES,Federal Contract Tower,0,8,5,0,13,0,27,72,0,99,0,35,77,0,112,42,0,42,154
07/01/2012,GMU,SC,ASO,ES,Federal Contract Tower,0,5,9,0,14,0,6,31,0,37,0,11,40,0,51,6,0,6,57
07/02/2012,GMU,SC,ASO,ES,Federal Contract Tower,0,25,14,0,39,0,20,61,0,81,0,45,75,0,120,66,0,66,186
07/03/2012,GMU,SC,ASO,ES,Federal Contract Tower,0,21,11,0,32,0,11,62,0,73,0,32,73,0,105,112,0,112,217
07/04/2012,GMU,SC,ASO,ES,Federal Contract Tower,0,8,2,1,11,0,31,59,1,91,0,39,61,2,102,70,0,70,172
07/05/2012,GMU,SC,ASO,ES,Federal Contract Tower,0,14,8,0,22,0,30,35,6,71,0,44,43,6,93,52,0,52,145
07/06/2012,GMU,SC,ASO,ES,Federal Contract Tower,0,16,10,0,26,0,25,67,0,92,0,41,77,0,118,64,0,64,182
07/07/2012,GMU,SC,ASO,ES,Federal Contract Tower,0,2,13,0,15,0,3,61,12,76,0,5,74,12,91,86,0,86,177
07/08/2012,GMU,SC,ASO,ES,Federal Contract Tower,0,19,12,0,31,0,4,52,1,57,0,23,64,1,88,68,0,68,156
07/09/2012,GMU,SC,ASO,ES,Federal Contract Tower,0,13,14,0,27,0,15,40,1,56,0,28,54,1,83,34,0,34,117
07/10/2012,GMU,SC,ASO,ES,Federal Contract Tower,0,33,20,0,53,0,7,32,3,42,0,40,52,3,95,50,0,50,145
07/11/2012,GMU,SC,ASO,ES,Federal Contract Tower,0,16,20,0,36,0,11,16,0,27,0,27,36,0,63,42,0,42,105
07/12/2012,GMU,SC,ASO,ES,Federal Contract Tower,0,29,30,0,59,0,8,20,4,32,0,37,50,4,91,34,0,34,125
07/13/2012,GMU,SC,ASO,ES,Federal Contract Tower,0,16,7,0,23,0,1,8,0,9,0,17,15,0,32,0,0,0,32
07/14/2012,GMU,SC,ASO,ES,Federal Contract Tower,0,13,18,0,31,0,11,66,7,84,0,24,84,7,115,62,0,62,177
07/15/2012,GMU,SC,ASO,ES,Federal Contract Tower,0,12,6,0,18,0,3,40,2,45,0,15,46,2,63,20,0,20,83
07/16/2012,GMU,SC,ASO,ES,Federal Contract Tower,0,17,12,0,29,0,6,71,0,77,0,23,83,0,106,88,0,88,194
07/17/2012,GMU,SC,ASO,ES,Federal Contract Tower,0,13,8,0,21,0,6,69,0,75,0,19,77,0,96,36,0,36,132
07/18/2012,GMU,SC,ASO,ES,Federal Contract Tower,0,27,12,3,42,0,21,48,6,75,0,48,60,9,117,32,0,32,149
07/19/2012,GMU,SC,ASO,ES,Federal Contract Tower,0,31,22,0,53,0,6,54,2,62,0,37,76,2,115,70,0,70,185
07/20/2012,GMU,SC,ASO,ES,Federal Contract Tower,0,26,12,0,38,0,18,48,1,67,0,44,60,1,105,52,0,52,157
07/21/2012,GMU,SC,ASO,ES,Federal Contract Tower,0,11,7,4,22,0,0,19,0,19,0,11,26,4,41,6,0,6,47
07/22/2012,GMU,SC,ASO,ES,Federal Contract Tower,0,14,9,0,23,0,13,65,0,78,0,27,74,0,101,14,0,14,115
07/23/2012,GMU,SC,ASO,ES,Federal Contract Tower,0,12,6,0,18,0,26,74,1,101,0,38,80,1,119,90,0,90,209
07/24/2012,GMU,SC,ASO,ES,Federal Contract Tower,0,19,6,0,25,0,32,82,8,122,0,51,88,8,147,52,0,52,199
07/25/2012,GMU,SC,ASO,ES,Federal Contract Tower,0,20,18,0,38,0,12,54,6,72,0,32,72,6,110,78,0,78,188
07/26/2012,GMU,SC,ASO,ES,Federal Contract Tower,0,25,7,0,32,0,16,61,0,77,0,41,68,0,109,126,0,126,235
07/27/2012,GMU,SC,ASO,ES,Federal Contract Tower,0,32,10,0,42,0,13,52,3,68,0,45,62,3,110,30,0,30,140
07/28/2012,GMU,SC,ASO,ES,Federal Contract Tower,0,15,6,0,21,0,0,57,1,58,0,15,63,1,79,40,0,40,119
07/29/2012,GMU,SC,ASO,ES,Federal Contract Tower,0,14,11,0,25,0,12,56,0,68,0,26,67,0,93,6,0,6,99
07/30/2012,GMU,SC,ASO,ES,Federal Contract Tower,0,15,6,0,21,0,4,65,0,69,0,19,71,0,90,38,0,38,128
07/31/2012,GMU,SC,ASO,ES,Federal Contract Tower,0,16,11,0,27,0,3,2,0,5,0,19,13,0,32,12,0,12,44
08/01/2012,GMU,SC,ASO,ES,Federal Contract Tower,0,18,14,0,32,0,11,68,0,79,0,29,82,0,111,106,0,106,217
08/02/2012,GMU,SC,ASO,ES,Federal Contract Tower,0,22,13,0,35,0,15,70,2,87,0,37,83,2,122,48,4,52,174
08/03/2012,GMU,SC,ASO,ES,Federal Contract Tower,0,19,15,0,34,0,12,50,0,62,0,31,65,0,96,78,0,78,174
08/04/2012,GMU,SC,ASO,ES,Federal Contract Tower,0,13,7,0,20,0,13,41,0,54,0,26,48,0,74,114,0,114,188
08/05/2012,GMU,SC,ASO,ES,Federal Contract Tower,0,21,9,0,30,0,11,50,0,61,0,32,59,0,91,24,0,24,115
08/06/2012,GMU,SC,ASO,ES,Federal Contract Tower,0,17,6,0,23,0,6,21,0,27,0,23,27,0,50,38,0,38,88
08/07/2012,GMU,SC,ASO,ES,Federal Contract Tower,0,16,16,0,32,0,4,4,0,8,0,20,20,0,40,0,0,0,40
08/08/2012,GMU,SC,ASO,ES,Federal Contract Tower,0,14,16,1,31,0,12,31,1,44,0,26,47,2,75,26,0,26,101
08/09/2012,GMU,SC,ASO,ES,Federal Contract Tower,0,25,10,0,35,0,12,53,0,65,0,37,63,0,100,98,0,98,198
08/10/2012,GMU,SC,ASO,ES,Federal Contract Tower,0,14,20,0,34,0,6,39,8,53,0,20,59,8,87,28,0,28,115
08/11/2012,GMU,SC,ASO,ES,Federal Contract Tower,0,8,9,0,17,0,9,63,0,72,0,17,72,0,89,50,0,50,139
08/12/2012,GMU,SC,ASO,ES,Federal Contract Tower,0,18,16,0,34,0,21,97,0,118,0,39,113,0,152,68,0,68,220
08/13/2012,GMU,SC,ASO,ES,Federal Contract Tower,0,23,5,0,28,0,23,74,0,97,0,46,79,0,125,38,0,38,163
08/14/2012,GMU,SC,ASO,ES,Federal Contract Tower,0,20,8,0,28,0,15,48,0,63,0,35,56,0,91,26,0,26,117
08/15/2012,GMU,SC,ASO,ES,Federal Contract Tower,0,15,11,0,26,0,12,44,3,59,0,27,55,3,85,64,2,66,151
08/16/2012,GMU,SC,ASO,ES,Federal Contract Tower,0,21,4,0,25,0,26,90,12,128,0,47,94,12,153,60,0,60,213
08/17/2012,GMU,SC,ASO,ES,Federal Contract Tower,0,18,8,0,26,0,7,92,0,99,0,25,100,0,125,58,0,58,183
08/18/2012,GMU,SC,ASO,ES,Federal Contract Tower,0,24,9,1,34,0,8,57,0,65,0,32,66,1,99,56,0,56,155
08/19/2012,GMU,SC,ASO,ES,Federal Contract Tower,0,18,15,0,33,0,6,24,0,30,0,24,39,0,63,14,0,14,77
08/20/2012,GMU,SC,ASO,ES,Federal Contract Tower,0,22,15,0,37,0,20,57,0,77,0,42,72,0,114,10,0,10,124
08/21/2012,GMU,SC,ASO,ES,Federal Contract Tower,0,23,14,0,37,0,20,49,0,69,0,43,63,0,106,16,0,16,122
08/22/2012,GMU,SC,ASO,ES,Federal Contract Tower,0,20,16,0,36,0,7,46,0,53,0,27,62,0,89,10,0,10,99
08/23/2012,GMU,SC,ASO,ES,Federal Contract Tower,0,26,19,0,45,0,20,68,0,88,0,46,87,0,133,48,0,48,181
08/24/2012,GMU,SC,ASO,ES,Federal Contract Tower,0,23,10,0,33,0,39,70,0,109,0,62,80,0,142,32,0,32,174
08/25/2012,GMU,SC,ASO,ES,Federal Contract Tower,0,8,16,0,24,0,28,103,0,131,0,36,119,0,155,34,0,34,189
08/26/2012,GMU,SC,ASO,ES,Federal Contract Tower,0,6,8,0,14,0,7,44,2,53,0,13,52,2,67,52,0,52,119
08/27/2012,GMU,SC,ASO,ES,Federal Contract Tower,0,15,5,0,20,0,14,34,3,51,0,29,39,3,71,0,8,8,79
08/28/2012,GMU,SC,ASO,ES,Federal Contract Tower,0,19,22,0,41,0,15,16,0,31,0,34,38,0,72,0,0,0,72
08/29/2012,GMU,SC,ASO,ES,Federal Contract Tower,0,21,17,0,38,0,8,19,0,27,0,29,36,0,65,46,0,46,111
08/30/2012,GMU,SC,ASO,ES,Federal Contract Tower,0,32,16,0,48,0,18,27,0,45,0,50,43,0,93,14,0,14,107
08/31/2012,GMU,SC,ASO,ES,Federal Contract Tower,0,29,15,1,45,0,23,63,5,91,0,52,78,6,136,38,0,38,174
09/01/2012,GMU,SC,ASO,ES,Federal Contract Tower,0,10,4,0,14,0,7,67,9,83,0,17,71,9,97,44,0,44,141
09/02/2012,GMU,SC,ASO,ES,Federal Contract Tower,0,9,3,0,12,0,16,24,0,40,0,25,27,0,52,42,0,42,94
09/03/2012,GMU,SC,ASO,ES,Federal Contract Tower,0,31,7,0,38,0,0,10,0,10,0,31,17,0,48,0,0,0,48
09/04/2012,GMU,SC,ASO,ES,Federal Contract Tower,0,23,12,2,37,0,3,5,0,8,0,26,17,2,45,34,0,34,79
09/05/2012,GMU,SC,ASO,ES,Federal Contract Tower,0,24,17,0,41,0,28,17,7,52,0,52,34,7,93,14,0,14,107
09/06/2012,GMU,SC,ASO,ES,Federal Contract Tower,0,15,11,0,26,0,12,23,0,35,0,27,34,0,61,10,0,10,71
09/07/2012,GMU,SC,ASO,ES,Federal Contract Tower,0,16,12,0,28,0,23,81,4,108,0,39,93,4,136,42,0,42,178
09/08/2012,GMU,SC,ASO,ES,Federal Contract Tower,0,6,12,0,18,0,13,36,0,49,0,19,48,0,67,0,0,0,67
09/09/2012,GMU,SC,ASO,ES,Federal Contract Tower,0,12,16,0,28,0,6,64,0,70,0,18,80,0,98,16,0,16,114
09/10/2012,GMU,SC,ASO,ES,Federal Contract Tower,0,12,4,0,16,0,21,63,1,85,0,33,67,1,101,96,0,96,197
09/11/2012,GMU,SC,ASO,ES,Federal Contract Tower,0,20,8,0,28,0,12,53,0,65,0,32,61,0,93,24,0,24,117
09/12/2012,GMU,SC,ASO,ES,Federal Contract Tower,0,33,15,0,48,0,30,61,1,92,0,63,76,1,140,46,0,46,186
09/13/2012,GMU,SC,ASO,ES,Federal Contract Tower,0,29,12,0,41,0,41,81,0,122,0,70,93,0,163,52,0,52,215
09/14/2012,GMU,SC,ASO,ES,Federal Contract Tower,0,22,17,0,39,0,33,80,0,113,0,55,97,0,152,68,0,68,220
09/15/2012,GMU,SC,ASO,ES,Federal Contract Tower,0,17,14,0,31,0,13,111,7,131,0,30,125,7,162,30,0,30,192
09/16/2012,GMU,SC,ASO,ES,Federal Contract Tower,0,18,7,0,25,0,5,29,0,34,0,23,36,0,59,8,0,8,67
09/17/2012,GMU,SC,ASO,ES,Federal Contract Tower,0,29,15,0,44,0,5,0,2,7,0,34,15,2,51,0,0,0,51
09/18/2012,GMU,SC,ASO,ES,Federal Contract Tower,0,28,5,1,34,0,2,17,4,23,0,30,22,5,57,10,0,10,67
09/19/2012,GMU,SC,ASO,ES,Federal Contract Tower,0,37,15,0,52,0,32,80,2,114,0,69,95,2,166,98,0,98,264
09/20/2012,GMU,SC,ASO,ES,Federal Contract Tower,0,32,23,0,55,0,35,75,1,111,0,67,98,1,166,70,0,70,236
09/21/2012,GMU,SC,ASO,ES,Federal Contract Tower,0,23,19,0,42,0,15,96,2,113,0,38,115,2,155,78,0,78,233
09/22/2012,GMU,SC,ASO,ES,Federal Contract Tower,0,17,13,0,30,0,1,65,0,66,0,18,78,0,96,40,0,40,136
09/23/2012,GMU,SC,ASO,ES,Federal Contract Tower,0,17,2,0,19,0,6,101,2,109,0,23,103,2,128,12,0,12,140
09/24/2012,GMU,SC,ASO,ES,Federal Contract Tower,0,24,17,0,41,0,30,89,6,125,0,54,106,6,166,126,0,126,292
09/25/2012,GMU,SC,ASO,ES,Federal Contract Tower,0,41,17,0,58,0,22,85,0,107,0,63,102,0,165,30,0,30,195
09/26/2012,GMU,SC,ASO,ES,Federal Contract Tower,0,19,17,0,36,0,19,73,0,92,0,38,90,0,128,126,0,126,254
09/27/2012,GMU,SC,ASO,ES,Federal Contract Tower,0,22,15,0,37,0,5,77,13,95,0,27,92,13,132,48,0,48,180
09/28/2012,GMU,SC,ASO,ES,Federal Contract Tower,0,25,18,0,43,0,23,110,2,135,0,48,128,2,178,62,0,62,240
09/29/2012,GMU,SC,ASO,ES,Federal Contract Tower,0,25,23,0,48,0,4,53,2,59,0,29,76,2,107,18,0,18,125
09/30/2012,GMU,SC,ASO,ES,Federal Contract Tower,0,27,38,0,65,0,2,68,10,80,0,29,106,10,145,16,0,16,161
10/01/2012,GMU,SC,ASO,ES,Federal Contract Tower,0,16,6,0,22,0,0,0,0,0,0,16,6,0,22,0,0,0,22
10/02/2012,GMU,SC,ASO,ES,Federal Contract Tower,0,19,8,0,27,0,13,32,0,45,0,32,40,0,72,54,0,54,126
10/03/2012,GMU,SC,ASO,ES,Federal Contract Tower,0,17,19,0,36,0,27,63,1,91,0,44,82,1,127,84,0,84,211
10/04/2012,GMU,SC,ASO,ES,Federal Contract Tower,0,18,22,0,40,0,18,93,4,115,0,36,115,4,155,110,0,110,265
10/05/2012,GMU,SC,ASO,ES,Federal Contract Tower,0,19,9,0,28,0,33,107,2,142,0,52,116,2,170,120,0,120,290
10/06/2012,GMU,SC,ASO,ES,Federal Contract Tower,0,12,8,0,20,0,4,92,0,96,0,16,100,0,116,76,0,76,192
10/07/2012,GMU,SC,ASO,ES,Federal Contract Tower,0,29,18,0,47,0,1,10,0,11,0,30,28,0,58,0,0,0,58
10/08/2012,GMU,SC,ASO,ES,Federal Contract Tower,0,29,18,0,47,0,17,40,0,57,0,46,58,0,104,74,0,74,178
10/09/2012,GMU,SC,ASO,ES,Federal Contract Tower,0,24,11,0,35,0,11,34,0,45,0,35,45,0,80,126,0,126,206
10/10/2012,GMU,SC,ASO,ES,Federal Contract Tower,0,26,11,0,37,0,26,76,7,109,0,52,87,7,146,76,0,76,222
10/11/2012,GMU,SC,ASO,ES,Federal Contract Tower,0,29,17,0,46,0,24,71,10,105,0,53,88,10,151,50,0,50,201
10/12/2012,GMU,SC,ASO,ES,Federal Contract Tower,0,36,10,0,46,0,17,110,0,127,0,53,120,0,173,92,0,92,265
10/13/2012,GMU,SC,ASO,ES,Federal Contract Tower,0,8,10,0,18,0,13,106,2,121,0,21,116,2,139,52,0,52,191
10/14/2012,GMU,SC,ASO,ES,Federal Contract Tower,0,24,12,0,36,0,10,39,2,51,0,34,51,2,87,20,0,20,107
10/15/2012,GMU,SC,ASO,ES,Federal Contract Tower,0,9,14,0,23,0,11,35,0,46,0,20,49,0,69,96,0,96,165
10/16/2012,GMU,SC,ASO,ES,Federal Contract Tower,0,33,18,0,51,0,32,75,0,107,0,65,93,0,158,108,0,108,266
10/17/2012,GMU,SC,ASO,ES,Federal Contract Tower,0,40,12,0,52,0,16,90,6,112,0,56,102,6,164,130,0,130,294
10/18/2012,GMU,SC,ASO,ES,Federal Contract Tower,0,28,19,0,47,0,12,40,0,52,0,40,59,0,99,160,0,160,259
10/19/2012,GMU,SC,ASO,ES,Federal Contract Tower,0,28,13,0,41,0,21,75,6,102,0,49,88,6,143,76,0,76,219
10/20/2012,GMU,SC,ASO,ES,Federal Contract Tower,0,4,12,0,16,0,18,107,3,128,0,22,119,3,144,62,0,62,206
10/21/2012,GMU,SC,ASO,ES,Federal Contract Tower,0,13,13,0,26,0,15,109,0,124,0,28,122,0,150,64,0,64,214
10/22/2012,GMU,SC,ASO,ES,Federal Contract Tower,0,25,15,0,40,0,18,77,2,97,0,43,92,2,137,146,0,146,283
10/23/2012,GMU,SC,ASO,ES,Federal Contract Tower,0,20,12,0,32,0,11,65,0,76,0,31,77,0,108,82,0,82,190
10/24/2012,GMU,SC,ASO,ES,Federal Contract Tower,0,14,20,0,34,0,18,100,1,119,0,32,120,1,153,72,0,72,225
10/25/2012,GMU,SC,ASO,ES,Federal Contract Tower,0,32,18,0,50,0,23,92,0,115,0,55,110,0,165,96,0,96,261
10/26/2012,GMU,SC,ASO,ES,Federal Contract Tower,0,23,21,0,44,0,28,119,4,151,0,51,140,4,195,90,0,90,285
10/27/2012,GMU,SC,ASO,ES,Federal Contract Tower,0,16,3,0,19,0,2,102,0,104,0,18,105,0,123,118,0,118,241
10/28/2012,GMU,SC,ASO,ES,Federal Contract Tower,0,20,10,0,30,0,13,53,9,75,0,33,63,9,105,58,2,60,165
10/29/2012,GMU,SC,ASO,ES,Federal Contract Tower,0,19,2,0,21,0,15,17,0,32,0,34,19,0,53,26,0,26,79
10/30/2012,GMU,SC,ASO,ES,Federal Contract Tower,0,19,5,0,24,0,10,14,1,25,0,29,19,1,49,12,0,12,61
10/31/2012,GMU,SC,ASO,ES,Federal Contract Tower,0,6,15,0,21,0,20,55,0,75,0,26,70,0,96,20,0,20,116
11/01/2012,GMU,SC,ASO,ES,Federal Contract Tower,0,34,8,1,43,0,31,66,1,98,0,65,74,2,141,92,0,92,233
11/02/2012,GMU,SC,ASO,ES,Federal Contract Tower,0,28,9,0,37,0,31,92,2,125,0,59,101,2,162,44,0,44,206
11/03/2012,GMU,SC,ASO,ES,Federal Contract Tower,0,9,11,0,20,0,14,102,0,116,0,23,113,0,136,58,0,58,194
11/04/2012,GMU,SC,ASO,ES,Federal Contract Tower,0,24,8,0,32,0,5,55,0,60,0,29,63,0,92,82,0,82,174
11/05/2012,GMU,SC,ASO,ES,Federal Contract Tower,0,17,10,2,29,0,24,77,0,101,0,41,87,2,130,80,0,80,210
11/06/2012,GMU,SC,ASO,ES,Federal Contract Tower,0,15,11,0,26,0,13,18,0,31,0,28,29,0,57,2,0,2,59
11/07/2012,GMU,SC,ASO,ES,Federal Contract Tower,0,22,21,0,43,0,5,17,0,22,0,27,38,0,65,36,0,36,101
11/08/2012,GMU,SC,ASO,ES,Federal Contract Tower,0,17,14,0,31,0,21,83,0,104,0,38,97,0,135,94,0,94,229
11/09/2012,GMU,SC,ASO,ES,Federal Contract Tower,0,17,3,0,20,0,30,114,2,146,0,47,117,2,166,122,0,122,288
11/10/2012,GMU,SC,ASO,ES,Federal Contract Tower,0,3,6,0,9,0,22,115,3,140,0,25,121,3,149,54,0,54,203
11/11/2012,GMU,SC,ASO,ES,Federal Contract Tower,0,11,14,0,25,0,12,60,0,72,0,23,74,0,97,32,0,32,129
11/12/2012,GMU,SC,ASO,ES,Federal Contract Tower,0,27,11,0,38,0,4,11,0,15,0,31,22,0,53,10,0,10,63
11/13/2012,GMU,SC,ASO,ES,Federal Contract Tower,0,19,24,3,46,0,15,34,0,49,0,34,58,3,95,74,0,74,169
11/14/2012,GMU,SC,ASO,ES,Federal Contract Tower,0,37,19,0,56,0,38,50,2,90,0,75,69,2,146,46,0,46,192
11/15/2012,GMU,SC,ASO,ES,Federal Contract Tower,0,30,10,0,40,0,33,52,2,87,0,63,62,2,127,60,0,60,187
11/16/2012,GMU,SC,ASO,ES,Federal Contract Tower,0,18,12,0,30,0,39,92,0,131,0,57,104,0,161,46,0,46,207
11/17/2012,GMU,SC,ASO,ES,Federal Contract Tower,0,14,7,0,21,0,15,69,0,84,0,29,76,0,105,20,0,20,125
11/18/2012,GMU,SC,ASO,ES,Federal Contract Tower,0,12,9,0,21,0,1,37,0,38,0,13,46,0,59,40,0,40,99
11/19/2012,GMU,SC,ASO,ES,Federal Contract Tower,0,24,14,1,39,0,13,49,11,73,0,37,63,12,112,100,4,104,216
11/20/2012,GMU,SC,ASO,ES,Federal Contract Tower,0,38,12,0,50,0,22,70,0,92,0,60,82,0,142,48,0,48,190
11/21/2012,GMU,SC,ASO,ES,Federal Contract Tower,0,17,20,0,37,0,25,53,0,78,0,42,73,0,115,46,0,46,161
11/22/2012,GMU,SC,ASO,ES,Federal Contract Tower,0,1,10,2,13,0,0,22,0,22,0,1,32,2,35,0,0,0,35
11/23/2012,GMU,SC,ASO,ES,Federal Contract Tower,0,9,13,0,22,0,5,76,3,84,0,14,89,3,106,18,0,18,124
11/24/2012,GMU,SC,ASO,ES,Federal Contract Tower,0,7,10,0,17,0,5,57,6,68,0,12,67,6,85,6,0,6,91
11/25/2012,GMU,SC,ASO,ES,Federal Contract Tower,0,15,11,0,26,0,16,60,0,76,0,31,71,0,102,28,0,28,130
11/26/2012,GMU,SC,ASO,ES,Federal Contract Tower,0,18,3,0,21,0,26,69,2,97,0,44,72,2,118,28,0,28,146
11/27/2012,GMU,SC,ASO,ES,Federal Contract Tower,0,26,10,0,36,0,10,25,0,35,0,36,35,0,71,42,0,42,113
11/28/2012,GMU,SC,ASO,ES,Federal Contract Tower,0,23,12,0,35,0,16,67,6,89,0,39,79,6,124,52,10,62,186
11/29/2012,GMU,SC,ASO,ES,Federal Contract Tower,0,32,3,0,35,0,21,63,2,86,0,53,66,2,121,24,0,24,145
11/30/2012,GMU,SC,ASO,ES,Federal Contract Tower,0,17,11,0,28,0,33,82,0,115,0,50,93,0,143,48,4,52,195
12/01/2012,GMU,SC,ASO,ES,Federal Contract Tower,0,7,13,0,20,0,5,62,10,77,0,12,75,10,97,78,0,78,175
12/02/2012,GMU,SC,ASO,ES,Federal Contract Tower,0,27,7,0,34,0,20,43,0,63,0,47,50,0,97,62,0,62,159
12/03/2012,GMU,SC,ASO,ES,Federal Contract Tower,0,19,11,0,30,0,32,60,0,92,0,51,71,0,122,34,0,34,156
12/04/2012,GMU,SC,ASO,ES,Federal Contract Tower,0,16,9,0,25,0,20,66,5,91,0,36,75,5,116,84,0,84,200
12/05/2012,GMU,SC,ASO,ES,Federal Contract Tower,0,30,25,0,55,0,11,32,0,43,0,41,57,0,98,30,0,30,128
12/06/2012,GMU,SC,ASO,ES,Federal Contract Tower,0,30,10,0,40,0,25,43,0,68,0,55,53,0,108,32,0,32,140
12/07/2012,GMU,SC,ASO,ES,Federal Contract Tower,0,18,18,0,36,0,35,38,2,75,0,53,56,2,111,62,0,62,173
12/08/2012,GMU,SC,ASO,ES,Federal Contract Tower,0,8,12,0,20,0,6,67,2,75,0,14,79,2,95,42,0,42,137
12/09/2012,GMU,SC,ASO,ES,Federal Contract Tower,0,20,31,0,51,0,19,40,0,59,0,39,71,0,110,72,0,72,182
12/10/2012,GMU,SC,ASO,ES,Federal Contract Tower,0,9,3,0,12,0,0,4,0,4,0,9,7,0,16,0,0,0,16
12/11/2012,GMU,SC,ASO,ES,Federal Contract Tower,0,32,18,0,50,0,16,34,0,50,0,48,52,0,100,42,0,42,142
12/12/2012,GMU,SC,ASO,ES,Federal Contract Tower,0,21,19,0,40,0,19,43,1,63,0,40,62,1,103,30,0,30,133
12/13/2012,GMU,SC,ASO,ES,Federal Contract Tower,0,17,6,0,23,0,19,71,0,90,0,36,77,0,113,62,0,62,175
12/14/2012,GMU,SC,ASO,ES,Federal Contract Tower,0,17,9,0,26,0,5,82,10,97,0,22,91,10,123,32,0,32,155
12/15/2012,GMU,SC,ASO,ES,Federal Contract Tower,0,17,10,0,27,0,19,77,3,99,0,36,87,3,126,52,0,52,178
12/16/2012,GMU,SC,ASO,ES,Federal Contract Tower,0,11,16,0,27,0,0,0,0,0,0,11,16,0,27,0,0,0,27
12/17/2012,GMU,SC,ASO,ES,Federal Contract Tower,0,22,11,0,33,0,4,1,0,5,0,26,12,0,38,0,0,0,38
12/18/2012,GMU,SC,ASO,ES,Federal Contract Tower,0,24,16,0,40,0,2,70,9,81,0,26,86,9,121,34,0,34,155
12/19/2012,GMU,SC,ASO,ES,Federal Contract Tower,0,18,10,0,28,0,10,94,3,107,0,28,104,3,135,100,0,100,235
12/20/2012,GMU,SC,ASO,ES,Federal Contract Tower,0,23,6,0,29,0,2,11,0,13,0,25,17,0,42,30,0,30,72
12/21/2012,GMU,SC,ASO,ES,Federal Contract Tower,0,18,6,0,24,0,14,9,2,25,0,32,15,2,49,0,0,0,49
12/22/2012,GMU,SC,ASO,ES,Federal Contract Tower,0,14,10,0,24,0,14,63,0,77,0,28,73,0,101,34,0,34,135
12/23/2012,GMU,SC,ASO,ES,Federal Contract Tower,0,13,9,0,22,0,12,46,0,58,0,25,55,0,80,16,0,16,96
12/24/2012,GMU,SC,ASO,ES,Federal Contract Tower,0,8,3,0,11,0,0,0,0,0,0,8,3,0,11,0,0,0,11
12/25/2012,GMU,SC,ASO,ES,Federal Contract Tower,0,8,7,0,15,0,0,0,0,0,0,8,7,0,15,0,0,0,15
12/26/2012,GMU,SC,ASO,ES,Federal Contract Tower,0,24,3,0,27,0,3,0,0,3,0,27,3,0,30,0,0,0,30
12/27/2012,GMU,SC,ASO,ES,Federal Contract Tower,0,9,13,0,22,1,40,51,1,93,1,49,64,1,115,14,0,14,129
12/28/2012,GMU,SC,ASO,ES,Federal Contract Tower,0,15,9,0,24,0,3,75,0,78,0,18,84,0,102,36,0,36,138
12/29/2012,GMU,SC,ASO,ES,Federal Contract Tower,0,11,7,0,18,0,14,11,2,27,0,25,18,2,45,0,0,0,45
12/30/2012,GMU,SC,ASO,ES,Federal Contract Tower,0,2,2,0,4,0,10,48,2,60,0,12,50,2,64,20,0,20,84
12/31/2012,GMU,SC,ASO,ES,Federal Contract Tower,0,8,6,0,14,0,10,59,0,69,0,18,65,0,83,16,0,16,99
01/01/2013,GMU,SC,ASO,ES,Federal Contract Tower,0,11,11,0,22,0,1,0,0,1,0,12,11,0,23,0,0,0,23
01/02/2013,GMU,SC,ASO,ES,Federal Contract Tower,0,15,16,0,31,0,12,26,0,38,0,27,42,0,69,24,0,24,93
01/03/2013,GMU,SC,ASO,ES,Federal Contract Tower,0,11,3,0,14,0,3,0,0,3,0,14,3,0,17,0,0,0,17
01/04/2013,GMU,SC,ASO,ES,Federal Contract Tower,0,11,11,0,22,0,8,89,7,104,0,19,100,7,126,38,0,38,164
01/05/2013,GMU,SC,ASO,ES,Federal Contract Tower,0,16,11,0,27,0,6,99,1,106,0,22,110,1,133,68,0,68,201
01/06/2013,GMU,SC,ASO,ES,Federal Contract Tower,0,14,6,0,20,0,8,54,0,62,0,22,60,0,82,70,0,70,152
01/07/2013,GMU,SC,ASO,ES,Federal Contract Tower,0,25,13,0,38,0,8,65,0,73,0,33,78,0,111,30,0,30,141
01/08/2013,GMU,SC,ASO,ES,Federal Contract Tower,0,16,16,0,32,0,10,45,3,58,0,26,61,3,90,40,0,40,130
01/09/2013,GMU,SC,ASO,ES,Federal Contract Tower,0,20,13,0,33,0,6,54,6,66,0,26,67,6,99,28,0,28,127
01/10/2013,GMU,SC,ASO,ES,Federal Contract Tower,0,18,16,0,34,0,39,93,4,136,0,57,109,4,170,54,0,54,224
01/11/2013,GMU,SC,ASO,ES,Federal Contract Tower,0,32,17,0,49,0,0,0,0,0,0,32,17,0,49,0,0,0,49
01/12/2013,GMU,SC,ASO,ES,Federal Contract Tower,0,7,10,0,17,0,9,81,2,92,0,16,91,2,109,64,0,64,173
01/13/2013,GMU,SC,ASO,ES,Federal Contract Tower,0,9,12,0,21,0,8,12,0,20,0,17,24,0,41,30,0,30,71
01/14/2013,GMU,SC,ASO,ES,Federal Contract Tower,0,28,12,0,40,0,0,1,2,3,0,28,13,2,43,0,0,0,43
01/15/2013,GMU,SC,ASO,ES,Federal Contract Tower,0,20,7,0,27,0,0,0,0,0,0,20,7,0,27,0,0,0,27
01/16/2013,GMU,SC,ASO,ES,Federal Contract Tower,0,21,10,0,31,0,2,0,0,2,0,23,10,0,33,0,0,0,33
01/17/2013,GMU,SC,ASO,ES,Federal Contract Tower,0,19,4,0,23,0,0,0,0,0,0,19,4,0,23,0,0,0,23
01/18/2013,GMU,SC,ASO,ES,Federal Contract Tower,0,21,19,0,40,0,14,91,4,109,0,35,110,4,149,78,0,78,227
01/19/2013,GMU,SC,ASO,ES,Federal Contract Tower,0,11,8,0,19,0,8,125,2,135,0,19,133,2,154,44,0,44,198
01/20/2013,GMU,SC,ASO,ES,Federal Contract Tower,0,9,23,0,32,0,19,76,0,95,0,28,99,0,127,12,0,12,139
01/21/2013,GMU,SC,ASO,ES,Federal Contract Tower,0,18,8,0,26,0,12,85,0,97,0,30,93,0,123,68,0,68,191
01/22/2013,GMU,SC,ASO,ES,Federal Contract Tower,0,16,8,1,25,0,33,86,3,122,0,49,94,4,147,60,0,60,207
01/23/2013,GMU,SC,ASO,ES,Federal Contract Tower,0,26,13,0,39,0,11,81,7,99,0,37,94,7,138,46,2,48,186
01/24/2013,GMU,SC,ASO,ES,Federal Contract Tower,0,37,6,0,43,0,22,47,5,74,0,59,53,5,117,22,8,30,147
01/25/2013,GMU,SC,ASO,ES,Federal Contract Tower,0,6,3,0,9,0,2,0,0,2,0,8,3,0,11,0,0,0,11
01/26/2013,GMU,SC,ASO,ES,Federal Contract Tower,0,5,7,0,12,0,6,82,2,90,0,11,89,2,102,46,4,50,152
01/27/2013,GMU,SC,ASO,ES,Federal Contract Tower,0,16,6,0,22,0,18,70,0,88,0,34,76,0,110,78,0,78,188
01/28/2013,GMU,SC,ASO,ES,Federal Contract Tower,0,20,10,0,30,0,4,12,0,16,0,24,22,0,46,48,0,48,94
01/29/2013,GMU,SC,ASO,ES,Federal Contract Tower,0,14,25,0,39,0,11,45,0,56,0,25,70,0,95,144,0,144,239
01/30/2013,GMU,SC,ASO,ES,Federal Contract Tower,0,9,5,0,14,0,2,0,0,2,0,11,5,0,16,0,0,0,16
01/31/2013,GMU,SC,ASO,ES,Federal Contract Tower,0,33,8,0,41,0,19,43,18,80,0,52,51,18,121,26,0,26,147
02/01/2013,GMU,SC,ASO,ES,Federal Contract Tower,0,18,9,0,27,0,27,76,2,105,0,45,85,2,132,72,0,72,204
02/02/2013,GMU,SC,ASO,ES,Federal Contract Tower,0,8,5,0,13,0,3,79,6,88,0,11,84,6,101,72,0,72,173
02/03/2013,GMU,SC,ASO,ES,Federal Contract Tower,0,11,6,0,17,0,0,30,0,30,0,11,36,0,47,44,0,44,91
02/04/2013,GMU,SC,ASO,ES,Federal Contract Tower,0,29,6,3,38,0,11,47,0,58,0,40,53,3,96,62,8,70,166
02/05/2013,GMU,SC,ASO,ES,Federal Contract Tower,0,12,6,0,18,0,18,62,0,80,0,30,68,0,98,66,0,66,164
02/06/2013,GMU,SC,ASO,ES,Federal Contract Tower,0,21,12,0,33,0,31,108,2,141,0,52,120,2,174,78,0,78,252
02/07/2013,GMU,SC,ASO,ES,Federal Contract Tower,0,30,6,0,36,0,1,5,0,6,0,31,11,0,42,8,0,8,50
02/08/2013,GMU,SC,ASO,ES,Federal Contract Tower,0,26,13,0,39,0,38,63,0,101,0,64,76,0,140,76,0,76,216
02/09/2013,GMU,SC,ASO,ES,Federal Contract Tower,0,9,11,0,20,0,13,137,2,152,0,22,148,2,172,30,0,30,202
02/10/2013,GMU,SC,ASO,ES,Federal Contract Tower,0,23,14,0,37,0,2,56,0,58,0,25,70,0,95,24,0,24,119
02/11/2013,GMU,SC,ASO,ES,Federal Contract Tower,0,25,11,0,36,0,0,1,0,1,0,25,12,0,37,0,0,0,37
02/12/2013,GMU,SC,ASO,ES,Federal Contract Tower,0,31,12,0,43,0,9,59,1,69,0,40,71,1,112,54,0,54,166
02/13/2013,GMU,SC,ASO,ES,Federal Contract Tower,0,23,6,0,29,0,12,3,0,15,0,35,9,0,44,0,0,0,44
02/14/2013,GMU,SC,ASO,ES,Federal Contract Tower,0,30,16,0,46,0,30,73,10,113,0,60,89,10,159,80,0,80,239
02/15/2013,GMU,SC,ASO,ES,Federal Contract Tower,0,18,9,0,27,0,20,119,0,139,0,38,128,0,166,54,0,54,220
02/16/2013,GMU,SC,ASO,ES,Federal Contract Tower,0,10,3,0,13,0,0,37,0,37,0,10,40,0,50,44,0,44,94
02/17/2013,GMU,SC,ASO,ES,Federal Contract Tower,0,9,15,0,24,0,13,71,0,84,0,22,86,0,108,38,0,38,146
02/18/2013,GMU,SC,ASO,ES,Federal Contract Tower,0,23,20,0,43,0,13,79,0,92,0,36,99,0,135,54,0,54,189
02/19/2013,GMU,SC,ASO,ES,Federal Contract Tower,0,12,11,0,23,0,4,9,0,13,0,16,20,0,36,38,0,38,74
02/20/2013,GMU,SC,ASO,ES,Federal Contract Tower,0,23,7,0,30,0,26,63,0,89,0,49,70,0,119,46,0,46,165
02/21/2013,GMU,SC,ASO,ES,Federal Contract Tower,0,20,11,0,31,0,24,113,21,158,0,44,124,21,189,82,0,82,271
02/22/2013,GMU,SC,ASO,ES,Federal Contract Tower,0,21,7,0,28,0,2,0,0,2,0,23,7,0,30,0,0,0,30
02/23/2013,GMU,SC,ASO,ES,Federal Contract Tower,0,9,11,0,20,0,0,0,0,0,0,9,11,0,20,0,0,0,20
02/24/2013,GMU,SC,ASO,ES,Federal Contract Tower,0,17,13,0,30,0,2,114,2,118,0,19,127,2,148,64,0,64,212
02/25/2013,GMU,SC,ASO,ES,Federal Contract Tower,0,17,3,0,20,0,19,30,0,49,0,36,33,0,69,32,0,32,101
02/26/2013,GMU,SC,ASO,ES,Federal Contract Tower,0,16,3,0,19,0,0,0,0,0,0,16,3,0,19,0,0,0,19
02/27/2013,GMU,SC,ASO,ES,Federal Contract Tower,0,27,13,0,40,0,21,45,3,69,0,48,58,3,109,34,0,34,143
02/28/2013,GMU,SC,ASO,ES,Federal Contract Tower,0,21,8,0,29,0,16,96,4,116,0,37,104,4,145,82,0,82,227
03/01/2013,GMU,SC,ASO,ES,Federal Contract Tower,0,27,15,0,42,0,29,74,11,114,0,56,89,11,156,100,0,100,256
03/02/2013,GMU,SC,ASO,ES,Federal Contract Tower,0,7,2,0,9,0,13,7,0,20,0,20,9,0,29,0,0,0,29
03/03/2013,GMU,SC,ASO,ES,Federal Contract Tower,0,20,12,0,32,0,11,116,2,129,0,31,128,2,161,114,0,114,275
03/04/2013,GMU,SC,ASO,ES,Federal Contract Tower,0,13,3,0,16,0,16,44,0,60,0,29,47,0,76,48,0,48,124
03/05/2013,GMU,SC,ASO,ES,Federal Contract Tower,0,7,12,0,19,0,10,8,0,18,0,17,20,0,37,0,0,0,37
03/06/2013,GMU,SC,ASO,ES,Federal Contract Tower,0,15,5,0,20,0,13,36,0,49,0,28,41,0,69,28,0,28,97
03/07/2013,GMU,SC,ASO,ES,Federal Contract Tower,0,21,13,0,34,0,28,138,8,174,0,49,151,8,208,102,0,102,310
03/08/2013,GMU,SC,ASO,ES,Federal Contract Tower,0,19,14,0,33,0,22,107,0,129,0,41,121,0,162,38,0,38,200
03/09/2013,GMU,SC,ASO,ES,Federal Contract Tower,0,5,14,0,19,0,12,112,4,128,0,17,126,4,147,58,8,66,213
03/10/2013,GMU,SC,ASO,ES,Federal Contract Tower,0,17,13,1,31,0,28,111,4,143,0,45,124,5,174,92,0,92,266
03/11/2013,GMU,SC,ASO,ES,Federal Contract Tower,0,23,8,0,31,0,6,31,0,37,0,29,39,0,68,92,0,92,160
03/12/2013,GMU,SC,ASO,ES,Federal Contract Tower,0,24,6,0,30,0,9,35,1,45,0,33,41,1,75,28,0,28,103
03/13/2013,GMU,SC,ASO,ES,Federal Contract Tower,0,28,13,0,41,0,11,55,6,72,0,39,68,6,113,46,2,48,161
03/14/2013,GMU,SC,ASO,ES,Federal Contract Tower,0,22,19,0,41,0,22,57,12,91,0,44,76,12,132,30,0,30,162
03/15/2013,GMU,SC,ASO,ES,Federal Contract Tower,0,20,16,0,36,0,20,89,0,109,0,40,105,0,145,44,0,44,189
03/16/2013,GMU,SC,ASO,ES,Federal Contract Tower,0,11,9,1,21,0,13,56,0,69,0,24,65,1,90,44,0,44,134
03/17/2013,GMU,SC,ASO,ES,Federal Contract Tower,0,15,8,0,23,0,19,79,0,98,0,34,87,0,121,46,0,46,167
03/18/2013,GMU,SC,ASO,ES,Federal Contract Tower,0,21,7,0,28,0,0,0,0,0,0,21,7,0,28,0,0,0,28
03/19/2013,GMU,SC,ASO,ES,Federal Contract Tower,0,20,19,0,39,0,19,66,5,90,0,39,85,5,129,16,0,16,145
03/20/2013,GMU,SC,ASO,ES,Federal Contract Tower,0,23,19,0,42,0,18,76,1,95,0,41,95,1,137,36,0,36,173
03/21/2013,GMU,SC,ASO,ES,Federal Contract Tower,0,40,12,0,52,0,19,83,10,112,0,59,95,10,164,38,0,38,202
03/22/2013,GMU,SC,ASO,ES,Federal Contract Tower,0,18,13,0,31,0,16,49,4,69,0,34,62,4,100,66,0,66,166
03/23/2013,GMU,SC,ASO,ES,Federal Contract Tower,0,6,9,0,15,0,0,2,0,2,0,6,11,0,17,0,0,0,17
03/24/2013,GMU,SC,ASO,ES,Federal Contract Tower,0,11,3,0,14,0,0,2,0,2,0,11,5,0,16,0,0,0,16
03/25/2013,GMU,SC,ASO,ES,Federal Contract Tower,0,8,3,0,11,0,4,7,0,11,0,12,10,0,22,18,0,18,40
03/26/2013,GMU,SC,ASO,ES,Federal Contract Tower,0,16,8,0,24,0,28,58,0,86,0,44,66,0,110,22,0,22,132
03/27/2013,GMU,SC,ASO,ES,Federal Contract Tower,0,18,18,0,36,0,21,100,0,121,0,39,118,0,157,90,0,90,247
03/28/2013,GMU,SC,ASO,ES,Federal Contract Tower,0,21,11,0,32,0,12,72,17,101,0,33,83,17,133,70,0,70,203
03/29/2013,GMU,SC,ASO,ES,Federal Contract Tower,0,28,19,0,47,0,33,98,1,132,0,61,117,1,179,58,0,58,237
03/30/2013,GMU,SC,ASO,ES,Federal Contract Tower,0,12,10,0,22,0,15,84,0,99,0,27,94,0,121,50,0,50,171
03/31/2013,GMU,SC,ASO,ES,Federal Contract Tower,0,10,7,0,17,0,6,7,0,13,0,16,14,0,30,6,0,6,36
04/01/2013,GMU,SC,ASO,ES,Federal Contract Tower,0,17,10,0,27,0,21,51,1,73,0,38,61,1,100,28,0,28,128
04/02/2013,GMU,SC,ASO,ES,Federal Contract Tower,0,18,7,0,25,0,11,64,0,75,0,29,71,0,100,46,0,46,146
04/03/2013,GMU,SC,ASO,ES,Federal Contract Tower,0,24,23,0,47,0,24,63,6,93,0,48,86,6,140,32,0,32,172
04/04/2013,GMU,SC,ASO,ES,Federal Contract Tower,0,26,1,0,27,0,7,10,0,17,0,33,11,0,44,18,0,18,62
04/05/2013,GMU,SC,ASO,ES,Federal Contract Tower,0,23,21,0,44,0,13,62,2,77,0,36,83,2,121,64,0,64,185
04/06/2013,GMU,SC,ASO,ES,Federal Contract Tower,0,22,15,0,37,0,14,124,1,139,0,36,139,1,176,66,0,66,242
04/07/2013,GMU,SC,ASO,ES,Federal Contract Tower,0,16,13,0,29,0,8,71,0,79,0,24,84,0,108,38,0,38,146
04/08/2013,GMU,SC,ASO,ES,Federal Contract Tower,0,17,20,0,37,0,16,51,0,67,0,33,71,0,104,62,0,62,166
04/09/2013,GMU,SC,ASO,ES,Federal Contract Tower,0,17,17,0,34,0,17,42,0,59,0,34,59,0,93,80,0,80,173
04/10/2013,GMU,SC,ASO,ES,Federal Contract Tower,0,19,22,0,41,0,14,85,4,103,0,33,107,4,144,74,0,74,218
04/11/2013,GMU,SC,ASO,ES,Federal Contract Tower,0,21,17,0,38,0,5,15,0,20,0,26,32,0,58,26,0,26,84
04/12/2013,GMU,SC,ASO,ES,Federal Contract Tower,0,14,8,0,22,0,10,20,0,30,0,24,28,0,52,10,0,10,62
04/13/2013,GMU,SC,ASO,ES,Federal Contract Tower,0,8,21,0,29,0,20,123,2,145,0,28,144,2,174,174,0,174,348
04/14/2013,GMU,SC,ASO,ES,Federal Contract Tower,0,8,19,0,27,0,3,49,0,52,0,11,68,0,79,46,0,46,125
04/15/2013,GMU,SC,ASO,ES,Federal Contract Tower,0,28,25,0,53,0,3,12,0,15,0,31,37,0,68,34,0,34,102
04/16/2013,GMU,SC,ASO,ES,Federal Contract Tower,0,32,19,0,51,0,10,32,0,42,0,42,51,0,93,6,0,6,99
04/17/2013,GMU,SC,ASO,ES,Federal Contract Tower,0,21,11,0,32,0,15,33,4,52,0,36,44,4,84,62,0,62,146
04/18/2013,GMU,SC,ASO,ES,Federal Contract Tower,0,24,17,1,42,0,24,73,12,109,0,48,90,13,151,98,0,98,249
04/19/2013,GMU,SC,ASO,ES,Federal Contract Tower,0,16,4,0,20,0,2,0,0,2,0,18,4,0,22,0,0,0,22
04/20/2013,GMU,SC,ASO,ES,Federal Contract Tower,0,17,8,0,25,0,10,106,8,124,0,27,114,8,149,110,0,110,259
04/21/2013,GMU,SC,ASO,ES,Federal Contract Tower,0,25,7,0,32,0,3,65,1,69,0,28,72,1,101,40,0,40,141
04/22/2013,GMU,SC,ASO,ES,Federal Contract Tower,0,27,8,0,35,0,27,49,0,76,0,54,57,0,111,24,0,24,135
04/23/2013,GMU,SC,ASO,ES,Federal Contract Tower,0,30,11,0,41,0,13,104,6,123,0,43,115,6,164,90,0,90,254
04/24/2013,GMU,SC,ASO,ES,Federal Contract Tower,0,34,17,1,52,0,20,31,1,52,0,54,48,2,104,44,0,44,148
04/25/2013,GMU,SC,ASO,ES,Federal Contract Tower,0,37,21,0,58,0,22,82,2,106,0,59,103,2,164,68,0,68,232
04/26/2013,GMU,SC,ASO,ES,Federal Contract Tower,0,30,14,0,44,0,24,85,0,109,0,54,99,0,153,96,0,96,249
04/27/2013,GMU,SC,ASO,ES,Federal Contract Tower,0,10,17,0,27,0,0,7,0,7,0,10,24,0,34,2,0,2,36
04/28/2013,GMU,SC,ASO,ES,Federal Contract Tower,0,13,8,0,21,0,0,0,0,0,0,13,8,0,21,0,0,0,21
04/29/2013,GMU,SC,ASO,ES,Federal Contract Tower,0,23,10,1,34,0,8,20,1,29,0,31,30,2,63,30,0,30,93
04/30/2013,GMU,SC,ASO,ES,Federal Contract Tower,0,14,24,2,40,0,20,29,0,49,0,34,53,2,89,92,0,92,181
05/01/2013,GMU,SC,ASO,ES,Federal Contract Tower,0,27,17,0,44,0,35,24,3,62,0,62,41,3,106,24,0,24,130
05/02/2013,GMU,SC,ASO,ES,Federal Contract Tower,0,24,22,0,46,0,0,1,0,1,0,24,23,0,47,0,0,0,47
05/03/2013,GMU,SC,ASO,ES,Federal Contract Tower,0,23,7,0,30,0,15,6,0,21,0,38,13,0,51,16,0,16,67
05/04/2013,GMU,SC,ASO,ES,Federal Contract Tower,0,17,7,0,24,8,0,0,0,8,8,17,7,0,32,0,0,0,32
05/05/2013,GMU,SC,ASO,ES,Federal Contract Tower,0,20,8,0,28,0,0,0,0,0,0,20,8,0,28,0,0,0,28
05/06/2013,GMU,SC,ASO,ES,Federal Contract Tower,0,14,17,0,31,0,19,51,0,70,0,33,68,0,101,74,0,74,175
05/07/2013,GMU,SC,ASO,ES,Federal Contract Tower,0,20,14,0,34,0,13,55,2,70,0,33,69,2,104,74,0,74,178
05/08/2013,GMU,SC,ASO,ES,Federal Contract Tower,0,19,15,0,34,0,28,55,9,92,0,47,70,9,126,40,0,40,166
05/09/2013,GMU,SC,ASO,ES,Federal Contract Tower,0,22,14,0,36,0,12,71,9,92,0,34,85,9,128,54,0,54,182
05/10/2013,GMU,SC,ASO,ES,Federal Contract Tower,0,11,13,1,25,0,20,58,0,78,0,31,71,1,103,42,0,42,145
05/11/2013,GMU,SC,ASO,ES,Federal Contract Tower,0,10,5,0,15,0,4,64,0,68,0,14,69,0,83,6,0,6,89
05/12/2013,GMU,SC,ASO,ES,Federal Contract Tower,0,19,16,0,35,0,12,60,0,72,0,31,76,0,107,28,0,28,135
05/13/2013,GMU,SC,ASO,ES,Federal Contract Tower,0,13,13,0,26,0,26,89,0,115,0,39,102,0,141,92,0,92,233
05/14/2013,GMU,SC,ASO,ES,Federal Contract Tower,0,17,6,0,23,0,26,71,0,97,0,43,77,0,120,68,0,68,188
05/15/2013,GMU,SC,ASO,ES,Federal Contract Tower,0,18,15,0,33,0,22,54,8,84,0,40,69,8,117,12,0,12,129
05/16/2013,GMU,SC,ASO,ES,Federal Contract Tower,0,8,24,0,32,0,18,59,12,89,0,26,83,12,121,100,0,100,221
05/17/2013,GMU,SC,ASO,ES,Federal Contract Tower,0,19,13,0,32,0,19,62,0,81,0,38,75,0,113,18,0,18,131
05/18/2013,GMU,SC,ASO,ES,Federal Contract Tower,0,12,14,0,26,0,6,4,5,15,0,18,18,5,41,0,0,0,41
05/19/2013,GMU,SC,ASO,ES,Federal Contract Tower,0,11,12,0,23,0,8,8,0,16,0,19,20,0,39,0,0,0,39
05/20/2013,GMU,SC,ASO,ES,Federal Contract Tower,0,21,18,0,39,0,7,36,0,43,0,28,54,0,82,24,0,24,106
05/21/2013,GMU,SC,ASO,ES,Federal Contract Tower,0,24,13,2,39,0,16,47,5,68,0,40,60,7,107,22,0,22,129
05/22/2013,GMU,SC,ASO,ES,Federal Contract Tower,0,37,9,1,47,0,4,47,6,57,0,41,56,7,104,60,0,60,164
05/23/2013,GMU,SC,ASO,ES,Federal Contract Tower,0,40,26,0,66,0,10,37,7,54,0,50,63,7,120,24,0,24,144
05/24/2013,GMU,SC,ASO,ES,Federal Contract Tower,0,18,15,0,33,0,10,57,0,67,0,28,72,0,100,26,0,26,126
05/25/2013,GMU,SC,ASO,ES,Federal Contract Tower,0,12,8,0,20,0,12,78,0,90,0,24,86,0,110,56,0,56,166
05/26/2013,GMU,SC,ASO,ES,Federal Contract Tower,0,3,11,0,14,0,8,48,0,56,0,11,59,0,70,14,0,14,84
05/27/2013,GMU,SC,ASO,ES,Federal Contract Tower,0,10,13,0,23,0,12,61,0,73,0,22,74,0,96,68,0,68,164
05/28/2013,GMU,SC,ASO,ES,Federal Contract Tower,0,18,20,0,38,0,5,27,0,32,0,23,47,0,70,22,0,22,92
05/29/2013,GMU,SC,ASO,ES,Federal Contract Tower,0,19,16,2,37,0,8,58,4,70,0,27,74,6,107,28,0,28,135
05/30/2013,GMU,SC,ASO,ES,Federal Contract Tower,0,15,25,0,40,0,29,75,4,108,0,44,100,4,148,54,0,54,202
05/31/2013,GMU,SC,ASO,ES,Federal Contract Tower,0,20,26,0,46,0,9,77,5,91,0,29,103,5,137,36,0,36,173
06/01/2013,GMU,SC,ASO,ES,Federal Contract Tower,0,11,11,4,26,0,12,68,0,80,0,23,79,4,106,46,0,46,152
06/02/2013,GMU,SC,ASO,ES,Federal Contract Tower,0,15,11,0,26,0,4,6,0,10,0,19,17,0,36,22,0,22,58
06/03/2013,GMU,SC,ASO,ES,Federal Contract Tower,0,21,10,0,31,0,6,36,0,42,0,27,46,0,73,92,0,92,165
06/04/2013,GMU,SC,ASO,ES,Federal Contract Tower,0,20,20,1,41,0,13,53,2,68,0,33,73,3,109,56,0,56,165
06/05/2013,GMU,SC,ASO,ES,Federal Contract Tower,0,12,37,0,49,0,12,19,0,31,0,24,56,0,80,22,0,22,102
06/06/2013,GMU,SC,ASO,ES,Federal Contract Tower,0,21,13,0,34,0,0,0,0,0,0,21,13,0,34,0,0,0,34
06/07/2013,GMU,SC,ASO,ES,Federal Contract Tower,0,8,25,0,33,0,1,13,0,14,0,9,38,0,47,0,0,0,47
06/08/2013,GMU,SC,ASO,ES,Federal Contract Tower,0,8,31,3,42,0,1,52,0,53,0,9,83,3,95,56,0,56,151
06/09/2013,GMU,SC,ASO,ES,Federal Contract Tower,0,11,3,3,17,0,1,29,0,30,0,12,32,3,47,8,0,8,55
06/10/2013,GMU,SC,ASO,ES,Federal Contract Tower,0,9,0,0,9,0,2,17,0,19,0,11,17,0,28,24,0,24,52
06/11/2013,GMU,SC,ASO,ES,Federal Contract Tower,0,12,10,0,22,0,11,63,8,82,0,23,73,8,104,28,0,28,132
06/12/2013,GMU,SC,ASO,ES,Federal Contract Tower,0,19,15,0,34,0,14,76,5,95,0,33,91,5,129,68,0,68,197
06/13/2013,GMU,SC,ASO,ES,Federal Contract Tower,0,28,17,0,45,0,7,32,0,39,0,35,49,0,84,10,0,10,94
06/14/2013,GMU,SC,ASO,ES,Federal Contract Tower,0,20,13,0,33,0,12,69,0,81,0,32,82,0,114,28,0,28,142
06/15/2013,GMU,SC,ASO,ES,Federal Contract Tower,0,2,15,0,17,0,6,112,4,122,0,8,127,4,139,66,0,66,205
06/16/2013,GMU,SC,ASO,ES,Federal Contract Tower,0,23,11,4,38,0,20,52,6,78,0,43,63,10,116,16,2,18,134
06/17/2013,GMU,SC,ASO,ES,Federal Contract Tower,0,20,20,0,40,0,6,33,0,39,0,26,53,0,79,2,0,2,81
06/18/2013,GMU,SC,ASO,ES,Federal Contract Tower,0,31,6,0,37,0,11,6,0,17,0,42,12,0,54,18,0,18,72
06/19/2013,GMU,SC,ASO,ES,Federal Contract Tower,1,24,25,2,52,0,16,39,0,55,1,40,64,2,107,24,0,24,131
06/20/2013,GMU,SC,ASO,ES,Federal Contract Tower,0,22,18,5,45,0,21,54,4,79,0,43,72,9,124,12,0,12,136
06/21/2013,GMU,SC,ASO,ES,Federal Contract Tower,0,20,16,0,36,0,23,70,5,98,0,43,86,5,134,40,0,40,174
06/22/2013,GMU,SC,ASO,ES,Federal Contract Tower,0,13,7,0,20,0,0,69,2,71,0,13,76,2,91,84,0,84,175
06/23/2013,GMU,SC,ASO,ES,Federal Contract Tower,0,22,15,0,37,0,8,30,0,38,0,30,45,0,75,28,0,28,103
06/24/2013,GMU,SC,ASO,ES,Federal Contract Tower,0,17,14,0,31,0,6,45,0,51,0,23,59,0,82,70,0,70,152
06/25/2013,GMU,SC,ASO,ES,Federal Contract Tower,0,12,21,0,33,0,4,35,2,41,0,16,56,2,74,68,0,68,142
06/26/2013,GMU,SC,ASO,ES,Federal Contract Tower,0,15,13,0,28,0,12,35,0,47,0,27,48,0,75,50,0,50,125
06/27/2013,GMU,SC,ASO,ES,Federal Contract Tower,0,16,16,0,32,0,14,39,2,55,0,30,55,2,87,18,0,18,105
06/28/2013,GMU,SC,ASO,ES,Federal Contract Tower,0,17,10,0,27,0,19,70,2,91,0,36,80,2,118,62,0,62,180
06/29/2013,GMU,SC,ASO,ES,Federal Contract Tower,0,15,17,0,32,0,5,63,0,68,0,20,80,0,100,42,0,42,142
06/30/2013,GMU,SC,ASO,ES,Federal Contract Tower,0,16,15,0,31,0,14,14,0,28,0,30,29,0,59,32,0,32,91
07/01/2013,GMU,SC,ASO,ES,Federal Contract Tower,0,15,13,0,28,0,10,16,0,26,0,25,29,0,54,42,0,42,96
07/02/2013,GMU,SC,ASO,ES,Federal Contract Tower,0,14,8,0,22,0,30,18,2,50,0,44,26,2,72,38,0,38,110
07/03/2013,GMU,SC,ASO,ES,Federal Contract Tower,0,18,20,0,38,0,7,17,0,24,0,25,37,0,62,80,0,80,142
07/04/2013,GMU,SC,ASO,ES,Federal Contract Tower,0,7,8,0,15,0,0,0,0,0,0,7,8,0,15,0,0,0,15
07/05/2013,GMU,SC,ASO,ES,Federal Contract Tower,0,8,6,0,14,0,16,29,0,45,0,24,35,0,59,48,0,48,107
07/06/2013,GMU,SC,ASO,ES,Federal Contract Tower,0,12,14,0,26,0,5,15,0,20,0,17,29,0,46,46,0,46,92
07/07/2013,GMU,SC,ASO,ES,Federal Contract Tower,0,14,19,1,34,0,6,17,0,23,0,20,36,1,57,24,0,24,81
07/08/2013,GMU,SC,ASO,ES,Federal Contract Tower,0,20,10,1,31,0,7,40,0,47,0,27,50,1,78,20,0,20,98
07/09/2013,GMU,SC,ASO,ES,Federal Contract Tower,0,21,24,0,45,0,15,52,0,67,0,36,76,0,112,70,0,70,182
07/10/2013,GMU,SC,ASO,ES,Federal Contract Tower,0,21,22,0,43,0,17,14,3,34,0,38,36,3,77,12,0,12,89
07/11/2013,GMU,SC,ASO,ES,Federal Contract Tower,1,9,17,0,27,0,17,17,14,48,1,26,34,14,75,26,0,26,101
07/12/2013,GMU,SC,ASO,ES,Federal Contract Tower,0,19,22,0,41,0,3,50,0,53,0,22,72,0,94,70,0,70,164
07/13/2013,GMU,SC,ASO,ES,Federal Contract Tower,0,9,10,0,19,0,0,9,2,11,0,9,19,2,30,38,0,38,68
07/14/2013,GMU,SC,ASO,ES,Federal Contract Tower,0,14,6,0,20,0,0,5,2,7,0,14,11,2,27,8,0,8,35
07/15/2013,GMU,SC,ASO,ES,Federal Contract Tower,0,15,10,0,25,0,9,33,0,42,0,24,43,0,67,18,0,18,85
07/16/2013,GMU,SC,ASO,ES,Federal Contract Tower,0,13,7,0,20,0,16,56,6,78,0,29,63,6,98,58,0,58,156
07/17/2013,GMU,SC,ASO,ES,Federal Contract Tower,0,20,19,0,39,0,15,63,9,87,0,35,82,9,126,56,0,56,182
07/18/2013,GMU,SC,ASO,ES,Federal Contract Tower,0,10,18,0,28,0,39,73,8,120,0,49,91,8,148,60,0,60,208
07/19/2013,GMU,SC,ASO,ES,Federal Contract Tower,0,21,13,0,34,0,13,74,2,89,0,34,87,2,123,112,0,112,235
07/20/2013,GMU,SC,ASO,ES,Federal Contract Tower,0,11,16,0,27,0,4,30,1,35,0,15,46,1,62,80,0,80,142
07/21/2013,GMU,SC,ASO,ES,Federal Contract Tower,0,18,7,0,25,0,2,35,1,38,0,20,42,1,63,68,0,68,131
07/22/2013,GMU,SC,ASO,ES,Federal Contract Tower,0,23,17,0,40,0,3,38,0,41,0,26,55,0,81,54,0,54,135
07/23/2013,GMU,SC,ASO,ES,Federal Contract Tower,0,25,11,0,36,0,12,61,2,75,0,37,72,2,111,32,0,32,143
07/24/2013,GMU,SC,ASO,ES,Federal Contract Tower,0,18,13,0,31,0,8,60,4,72,0,26,73,4,103,68,0,68,171
07/25/2013,GMU,SC,ASO,ES,Federal Contract Tower,0,18,15,0,33,0,16,48,1,65,0,34,63,1,98,26,12,38,136
07/26/2013,GMU,SC,ASO,ES,Federal Contract Tower,0,11,23,0,34,0,14,55,0,69,0,25,78,0,103,46,0,46,149
07/27/2013,GMU,SC,ASO,ES,Federal Contract Tower,0,4,7,0,11,0,0,5,0,5,0,4,12,0,16,6,0,6,22
07/28/2013,GMU,SC,ASO,ES,Federal Contract Tower,0,17,23,0,40,0,7,24,2,33,0,24,47,2,73,26,0,26,99
07/29/2013,GMU,SC,ASO,ES,Federal Contract Tower,0,12,20,0,32,0,5,63,0,68,0,17,83,0,100,18,0,18,118
07/30/2013,GMU,SC,ASO,ES,Federal Contract Tower,0,25,10,0,35,0,11,75,2,88,0,36,85,2,123,78,8,86,209
07/31/2013,GMU,SC,ASO,ES,Federal Contract Tower,0,24,15,0,39,0,2,24,0,26,0,26,39,0,65,52,0,52,117
08/01/2013,GMU,SC,ASO,ES,Federal Contract Tower,0,13,8,0,21,0,10,38,0,48,0,23,46,0,69,44,0,44,113
08/02/2013,GMU,SC,ASO,ES,Federal Contract Tower,0,30,19,0,49,0,12,60,0,72,0,42,79,0,121,54,0,54,175
08/03/2013,GMU,SC,ASO,ES,Federal Contract Tower,0,11,5,0,16,0,15,67,3,85,0,26,72,3,101,34,0,34,135
08/04/2013,GMU,SC,ASO,ES,Federal Contract Tower,0,19,27,0,46,0,5,102,2,109,0,24,129,2,155,36,0,36,191
08/05/2013,GMU,SC,ASO,ES,Federal Contract Tower,0,18,6,0,24,0,13,46,0,59,0,31,52,0,83,56,0,56,139
08/06/2013,GMU,SC,ASO,ES,Federal Contract Tower,0,18,18,0,36,0,9,15,2,26,0,27,33,2,62,40,0,40,102
08/07/2013,GMU,SC,ASO,ES,Federal Contract Tower,0,19,22,0,41,0,0,8,0,8,0,19,30,0,49,0,0,0,49
08/08/2013,GMU,SC,ASO,ES,Federal Contract Tower,0,23,8,0,31,0,26,54,6,86,0,49,62,6,117,106,0,106,223
08/09/2013,GMU,SC,ASO,ES,Federal Contract Tower,0,16,13,1,30,0,7,34,3,44,0,23,47,4,74,58,10,68,142
08/10/2013,GMU,SC,ASO,ES,Federal Contract Tower,0,6,13,0,19,0,2,47,0,49,0,8,60,0,68,76,0,76,144
08/11/2013,GMU,SC,ASO,ES,Federal Contract Tower,0,9,8,0,17,0,5,37,1,43,0,14,45,1,60,48,0,48,108
08/12/2013,GMU,SC,ASO,ES,Federal Contract Tower,0,15,8,0,23,1,14,45,0,60,1,29,53,0,83,22,0,22,105
08/13/2013,GMU,SC,ASO,ES,Federal Contract Tower,0,13,25,0,38,0,0,51,3,54,0,13,76,3,92,30,0,30,122
08/14/2013,GMU,SC,ASO,ES,Federal Contract Tower,0,24,13,0,37,0,16,51,0,67,0,40,64,0,104,74,0,74,178
08/15/2013,GMU,SC,ASO,ES,Federal Contract Tower,0,11,17,0,28,0,8,58,0,66,0,19,75,0,94,46,0,46,140
08/16/2013,GMU,SC,ASO,ES,Federal Contract Tower,0,15,20,0,35,0,6,20,0,26,0,21,40,0,61,6,0,6,67
08/17/2013,GMU,SC,ASO,ES,Federal Contract Tower,0,8,10,0,18,0,4,12,0,16,0,12,22,0,34,32,0,32,66
08/18/2013,GMU,SC,ASO,ES,Federal Contract Tower,0,8,14,0,22,0,1,6,0,7,0,9,20,0,29,18,0,18,47
08/19/2013,GMU,SC,ASO,ES,Federal Contract Tower,0,14,11,0,25,0,2,9,0,11,0,16,20,0,36,10,0,10,46
08/20/2013,GMU,SC,ASO,ES,Federal Contract Tower,0,23,11,0,34,0,6,25,0,31,0,29,36,0,65,40,0,40,105
08/21/2013,GMU,SC,ASO,ES,Federal Contract Tower,0,13,19,0,32,0,0,17,0,17,0,13,36,0,49,4,0,4,53
08/22/2013,GMU,SC,ASO,ES,Federal Contract Tower,0,15,10,0,25,0,13,73,2,88,0,28,83,2,113,52,0,52,165
08/23/2013,GMU,SC,ASO,ES,Federal Contract Tower,0,18,13,0,31,0,29,58,4,91,0,47,71,4,122,106,0,106,228
08/24/2013,GMU,SC,ASO,ES,Federal Contract Tower,0,12,13,0,25,0,2,62,0,64,0,14,75,0,89,78,0,78,167
08/25/2013,GMU,SC,ASO,ES,Federal Contract Tower,0,17,10,0,27,0,6,84,0,90,0,23,94,0,117,30,0,30,147
08/26/2013,GMU,SC,ASO,ES,Federal Contract Tower,0,29,7,0,36,0,12,43,0,55,0,41,50,0,91,78,0,78,169
08/27/2013,GMU,SC,ASO,ES,Federal Contract Tower,0,15,13,1,29,0,22,64,6,92,0,37,77,7,121,66,0,66,187
08/28/2013,GMU,SC,ASO,ES,Federal Contract Tower,0,24,11,0,35,0,21,76,1,98,0,45,87,1,133,120,0,120,253
08/29/2013,GMU,SC,ASO,ES,Federal Contract Tower,0,18,17,0,35,0,19,54,0,73,0,37,71,0,108,34,0,34,142
08/30/2013,GMU,SC,ASO,ES,Federal Contract Tower,0,21,24,0,45,0,16,29,0,45,0,37,53,0,90,72,0,72,162
08/31/2013,GMU,SC,ASO,ES,Federal Contract Tower,0,5,18,0,23,0,8,28,0,36,0,13,46,0,59,36,0,36,95
09/01/2013,GMU,SC,ASO,ES,Federal Contract Tower,0,5,7,0,12,0,4,7,0,11,0,9,14,0,23,28,0,28,51
09/02/2013,GMU,SC,ASO,ES,Federal Contract Tower,0,11,10,0,21,0,5,46,0,51,0,16,56,0,72,22,0,22,94
09/03/2013,GMU,SC,ASO,ES,Federal Contract Tower,0,21,12,0,33,0,7,40,2,49,0,28,52,2,82,46,0,46,128
09/04/2013,GMU,SC,ASO,ES,Federal Contract Tower,0,20,10,0,30,0,6,64,6,76,0,26,74,6,106,28,0,28,134
09/05/2013,GMU,SC,ASO,ES,Federal Contract Tower,0,28,5,0,33,0,19,70,0,89,0,47,75,0,122,32,0,32,154
09/06/2013,GMU,SC,ASO,ES,Federal Contract Tower,0,25,17,0,42,0,16,78,2,96,0,41,95,2,138,54,0,54,192
09/07/2013,GMU,SC,ASO,ES,Federal Contract Tower,0,8,10,0,18,0,4,69,0,73,0,12,79,0,91,20,0,20,111
09/08/2013,GMU,SC,ASO,ES,Federal Contract Tower,0,14,7,0,21,0,0,68,2,70,0,14,75,2,91,6,0,6,97
09/09/2013,GMU,SC,ASO,ES,Federal Contract Tower,0,27,8,1,36,0,22,44,0,66,0,49,52,1,102,16,0,16,118
09/10/2013,GMU,SC,ASO,ES,Federal Contract Tower,0,21,21,0,42,0,8,67,0,75,0,29,88,0,117,48,0,48,165
09/11/2013,GMU,SC,ASO,ES,Federal Contract Tower,0,14,12,0,26,0,25,57,1,83,0,39,69,1,109,46,0,46,155
09/12/2013,GMU,SC,ASO,ES,Federal Contract Tower,0,19,16,0,35,0,19,65,0,84,0,38,81,0,119,60,0,60,179
09/13/2013,GMU,SC,ASO,ES,Federal Contract Tower,0,15,17,0,32,0,14,57,4,75,0,29,74,4,107,52,0,52,159
09/14/2013,GMU,SC,ASO,ES,Federal Contract Tower,0,9,13,0,22,0,5,65,0,70,0,14,78,0,92,38,0,38,130
09/15/2013,GMU,SC,ASO,ES,Federal Contract Tower,0,19,26,0,45,0,7,40,0,47,0,26,66,0,92,12,0,12,104
09/16/2013,GMU,SC,ASO,ES,Federal Contract Tower,0,18,13,0,31,0,21,39,0,60,0,39,52,0,91,14,0,14,105
09/17/2013,GMU,SC,ASO,ES,Federal Contract Tower,0,23,11,0,34,0,20,40,4,64,0,43,51,4,98,20,0,20,118
09/18/2013,GMU,SC,ASO,ES,Federal Contract Tower,0,14,10,1,25,0,27,55,4,86,0,41,65,5,111,78,0,78,189
09/19/2013,GMU,SC,ASO,ES,Federal Contract Tower,0,24,12,0,36,0,12,44,0,56,0,36,56,0,92,34,0,34,126
09/20/2013,GMU,SC,ASO,ES,Federal Contract Tower,0,15,13,0,28,0,8,61,11,80,0,23,74,11,108,14,0,14,122
09/21/2013,GMU,SC,ASO,ES,Federal Contract Tower,0,17,3,0,20,0,0,0,0,0,0,17,3,0,20,0,6,6,26
09/22/2013,GMU,SC,ASO,ES,Federal Contract Tower,0,19,16,0,35,0,7,81,0,88,0,26,97,0,123,42,0,42,165
09/23/2013,GMU,SC,ASO,ES,Federal Contract Tower,0,19,4,1,24,0,13,55,7,75,0,32,59,8,99,50,0,50,149
09/24/2013,GMU,SC,ASO,ES,Federal Contract Tower,0,25,16,0,41,0,6,59,12,77,0,31,75,12,118,60,0,60,178
09/25/2013,GMU,SC,ASO,ES,Federal Contract Tower,0,28,12,0,40,0,4,6,0,10,0,32,18,0,50,24,0,24,74
09/26/2013,GMU,SC,ASO,ES,Federal Contract Tower,0,22,13,0,35,0,10,67,5,82,0,32,80,5,117,38,0,38,155
09/27/2013,GMU,SC,ASO,ES,Federal Contract Tower,0,25,25,1,51,0,13,109,0,122,0,38,134,1,173,52,0,52,225
09/28/2013,GMU,SC,ASO,ES,Federal Contract Tower,0,18,17,0,35,0,9,159,2,170,0,27,176,2,205,58,0,58,263
09/29/2013,GMU,SC,ASO,ES,Federal Contract Tower,0,21,18,0,39,0,12,57,0,69,0,33,75,0,108,32,0,32,140
09/30/2013,GMU,SC,ASO,ES,Federal Contract Tower,0,20,11,0,31,0,10,43,2,55,0,30,54,2,86,2,0,2,88
10/01/2013,GMU,SC,ASO,ES,Federal Contract Tower,0,24,13,0,37,0,8,34,0,42,0,32,47,0,79,54,0,54,133
10/02/2013,GMU,SC,ASO,ES,Federal Contract Tower,0,29,25,0,54,0,16,66,4,86,0,45,91,4,140,44,2,46,186
10/03/2013,GMU,SC,ASO,ES,Federal Contract Tower,0,29,17,0,46,0,27,61,3,91,0,56,78,3,137,44,0,44,181
10/04/2013,GMU,SC,ASO,ES,Federal Contract Tower,0,22,21,0,43,0,14,63,1,78,0,36,84,1,121,32,0,32,153
10/05/2013,GMU,SC,ASO,ES,Federal Contract Tower,0,11,17,0,28,0,10,100,0,110,0,21,117,0,138,40,0,40,178
10/06/2013,GMU,SC,ASO,ES,Federal Contract Tower,0,19,26,0,45,8,57,0,0,65,8,76,26,0,110,18,0,18,128
10/07/2013,GMU,SC,ASO,ES,Federal Contract Tower,0,21,8,0,29,0,11,18,0,29,0,32,26,0,58,38,0,38,96
10/08/2013,GMU,SC,ASO,ES,Federal Contract Tower,0,24,7,0,31,0,2,31,0,33,0,26,38,0,64,52,0,52,116
10/09/2013,GMU,SC,ASO,ES,Federal Contract Tower,0,18,15,0,33,0,29,61,0,90,0,47,76,0,123,24,0,24,147
10/10/2013,GMU,SC,ASO,ES,Federal Contract Tower,0,15,15,0,30,0,26,63,4,93,0,41,78,4,123,52,2,54,177
10/11/2013,GMU,SC,ASO,ES,Federal Contract Tower,0,27,14,0,41,0,28,80,2,110,0,55,94,2,151,20,4,24,175
10/12/2013,GMU,SC,ASO,ES,Federal Contract Tower,0,6,8,0,14,0,0,53,5,58,0,6,61,5,72,36,0,36,108
10/13/2013,GMU,SC,ASO,ES,Federal Contract Tower,0,21,30,0,51,0,3,40,0,43,0,24,70,0,94,16,0,16,110
10/14/2013,GMU,SC,ASO,ES,Federal Contract Tower,0,14,10,0,24,0,6,16,0,22,0,20,26,0,46,44,0,44,90
10/15/2013,GMU,SC,ASO,ES,Federal Contract Tower,0,17,13,0,30,0,9,37,8,54,0,26,50,8,84,88,0,88,172
10/16/2013,GMU,SC,ASO,ES,Federal Contract Tower,0,21,23,0,44,0,23,64,2,89,0,44,87,2,133,30,0,30,163
10/17/2013,GMU,SC,ASO,ES,Federal Contract Tower,0,29,31,0,60,0,6,7,0,13,0,35,38,0,73,12,0,12,85
10/18/2013,GMU,SC,ASO,ES,Federal Contract Tower,0,21,29,0,50,0,24,90,0,114,0,45,119,0,164,38,0,38,202
10/19/2013,GMU,SC,ASO,ES,Federal Contract Tower,0,8,9,0,17,0,8,98,0,106,0,16,107,0,123,16,0,16,139
10/20/2013,GMU,SC,ASO,ES,Federal Contract Tower,0,31,18,0,49,0,17,171,7,195,0,48,189,7,244,74,8,82,326
10/21/2013,GMU,SC,ASO,ES,Federal Contract Tower,0,8,18,0,26,0,15,52,3,70,0,23,70,3,96,84,2,86,182
10/22/2013,GMU,SC,ASO,ES,Federal Contract Tower,0,25,17,2,44,0,8,31,0,39,0,33,48,2,83,36,0,36,119
10/23/2013,GMU,SC,ASO,ES,Federal Contract Tower,0,23,6,0,29,0,8,42,0,50,0,31,48,0,79,38,0,38,117
10/24/2013,GMU,SC,ASO,ES,Federal Contract Tower,0,17,12,0,29,0,19,72,3,94,0,36,84,3,123,68,0,68,191
10/25/2013,GMU,SC,ASO,ES,Federal Contract Tower,0,24,23,1,48,0,24,46,2,72,0,48,69,3,120,80,0,80,200
10/26/2013,GMU,SC,ASO,ES,Federal Contract Tower,0,18,19,0,37,0,18,90,0,108,0,36,109,0,145,56,0,56,201
10/27/2013,GMU,SC,ASO,ES,Federal Contract Tower,0,20,14,0,34,0,2,67,0,69,0,22,81,0,103,18,0,18,121
10/28/2013,GMU,SC,ASO,ES,Federal Contract Tower,0,26,9,0,35,0,19,35,0,54,0,45,44,0,89,32,0,32,121
10/29/2013,GMU,SC,ASO,ES,Federal Contract Tower,0,12,22,2,36,0,15,65,9,89,0,27,87,11,125,38,12,50,175
10/30/2013,GMU,SC,ASO,ES,Federal Contract Tower,0,18,11,0,29,0,12,61,2,75,0,30,72,2,104,56,0,56,160
10/31/2013,GMU,SC,ASO,ES,Federal Contract Tower,0,16,12,0,28,0,14,53,6,73,0,30,65,6,101,82,0,82,183
11/01/2013,GMU,SC,ASO,ES,Federal Contract Tower,0,20,4,0,24,0,9,10,0,19,0,29,14,0,43,0,0,0,43
11/02/2013,GMU,SC,ASO,ES,Federal Contract Tower,0,10,11,0,21,0,11,65,8,84,0,21,76,8,105,46,0,46,151
11/03/2013,GMU,SC,ASO,ES,Federal Contract Tower,0,13,14,0,27,0,9,72,6,87,0,22,86,6,114,36,8,44,158
11/04/2013,GMU,SC,ASO,ES,Federal Contract Tower,0,16,9,0,25,0,21,38,0,59,0,37,47,0,84,8,0,8,92
11/05/2013,GMU,SC,ASO,ES,Federal Contract Tower,0,23,13,0,36,0,22,76,4,102,0,45,89,4,138,82,0,82,220
11/06/2013,GMU,SC,ASO,ES,Federal Contract Tower,0,22,20,0,42,0,10,80,0,90,0,32,100,0,132,46,0,46,178
11/07/2013,GMU,SC,ASO,ES,Federal Contract Tower,0,15,17,0,32,0,8,30,0,38,0,23,47,0,70,26,0,26,96
11/08/2013,GMU,SC,ASO,ES,Federal Contract Tower,0,29,19,0,48,0,28,74,0,102,0,57,93,0,150,42,0,42,192
11/09/2013,GMU,SC,ASO,ES,Federal Contract Tower,0,20,12,0,32,0,7,67,0,74,0,27,79,0,106,26,0,26,132
11/10/2013,GMU,SC,ASO,ES,Federal Contract Tower,0,18,9,0,27,0,21,83,1,105,0,39,92,1,132,42,0,42,174
11/11/2013,GMU,SC,ASO,ES,Federal Contract Tower,0,20,10,0,30,0,21,70,1,92,0,41,80,1,122,40,0,40,162
11/12/2013,GMU,SC,ASO,ES,Federal Contract Tower,0,22,4,0,26,0,22,41,1,64,0,44,45,1,90,52,0,52,142
11/13/2013,GMU,SC,ASO,ES,Federal Contract Tower,0,30,29,0,59,0,18,50,0,68,0,48,79,0,127,44,0,44,171
11/14/2013,GMU,SC,ASO,ES,Federal Contract Tower,0,31,15,0,46,0,11,65,0,76,0,42,80,0,122,42,0,42,164
11/15/2013,GMU,SC,ASO,ES,Federal Contract Tower,0,21,22,0,43,0,16,39,0,55,0,37,61,0,98,22,0,22,120
11/16/2013,GMU,SC,ASO,ES,Federal Contract Tower,0,8,9,1,18,0,2,18,4,24,0,10,27,5,42,4,10,14,56
11/17/2013,GMU,SC,ASO,ES,Federal Contract Tower,0,21,10,0,31,0,4,0,0,4,0,25,10,0,35,0,0,0,35
11/18/2013,GMU,SC,ASO,ES,Federal Contract Tower,0,16,13,0,29,0,18,43,2,63,0,34,56,2,92,72,0,72,164
11/19/2013,GMU,SC,ASO,ES,Federal Contract Tower,0,29,8,0,37,0,15,76,0,91,0,44,84,0,128,40,0,40,168
11/20/2013,GMU,SC,ASO,ES,Federal Contract Tower,0,21,9,4,34,0,21,43,2,66,0,42,52,6,100,12,4,16,116
11/21/2013,GMU,SC,ASO,ES,Federal Contract Tower,0,26,25,0,51,0,4,10,6,20,0,30,35,6,71,26,2,28,99
11/22/2013,GMU,SC,ASO,ES,Federal Contract Tower,0,24,26,0,50,0,0,6,0,6,0,24,32,0,56,18,0,18,74
11/23/2013,GMU,SC,ASO,ES,Federal Contract Tower,0,16,8,2,26,0,13,41,0,54,0,29,49,2,80,50,0,50,130
11/24/2013,GMU,SC,ASO,ES,Federal Contract Tower,0,11,16,0,27,0,9,68,0,77,0,20,84,0,104,26,0,26,130
11/25/2013,GMU,SC,ASO,ES,Federal Contract Tower,0,20,11,0,31,0,14,61,9,84,0,34,72,9,115,40,18,58,173
11/26/2013,GMU,SC,ASO,ES,Federal Contract Tower,0,14,0,0,14,0,0,0,0,0,0,14,0,0,14,0,0,0,14
11/27/2013,GMU,SC,ASO,ES,Federal Contract Tower,0,24,9,0,33,0,6,25,0,31,0,30,34,0,64,0,0,0,64
11/28/2013,GMU,SC,ASO,ES,Federal Contract Tower,0,7,12,0,19,0,9,24,0,33,0,16,36,0,52,14,0,14,66
11/29/2013,GMU,SC,ASO,ES,Federal Contract Tower,0,16,5,0,21,0,13,72,0,85,0,29,77,0,106,4,0,4,110
11/30/2013,GMU,SC,ASO,ES,Federal Contract Tower,0,10,9,0,19,0,5,41,0,46,0,15,50,0,65,26,0,26,91
12/01/2013,GMU,SC,ASO,ES,Federal Contract Tower,0,37,18,0,55,0,0,50,0,50,0,37,68,0,105,40,0,40,145
12/02/2013,GMU,SC,ASO,ES,Federal Contract Tower,0,16,7,0,23,0,5,36,0,41,0,21,43,0,64,72,0,72,136
12/03/2013,GMU,SC,ASO,ES,Federal Contract Tower,0,25,17,0,42,0,4,6,0,10,0,29,23,0,52,20,0,20,72
12/04/2013,GMU,SC,ASO,ES,Federal Contract Tower,0,14,5,0,19,0,0,0,0,0,0,14,5,0,19,6,0,6,25
12/05/2013,GMU,SC,ASO,ES,Federal Contract Tower,0,21,2,0,23,0,0,0,0,0,0,21,2,0,23,8,0,8,31
12/06/2013,GMU,SC,ASO,ES,Federal Contract Tower,0,36,8,0,44,0,6,12,0,18,0,42,20,0,62,0,0,0,62
12/07/2013,GMU,SC,ASO,ES,Federal Contract Tower,0,11,17,0,28,0,3,23,0,26,0,14,40,0,54,16,0,16,70
12/08/2013,GMU,SC,ASO,ES,Federal Contract Tower,0,11,3,0,14,0,0,0,0,0,0,11,3,0,14,0,0,0,14
12/09/2013,GMU,SC,ASO,ES,Federal Contract Tower,0,17,5,0,22,0,0,0,0,0,0,17,5,0,22,0,0,0,22
12/10/2013,GMU,SC,ASO,ES,Federal Contract Tower,0,21,10,0,31,0,9,27,0,36,0,30,37,0,67,34,0,34,101
12/11/2013,GMU,SC,ASO,ES,Federal Contract Tower,0,25,12,6,43,0,17,77,5,99,0,42,89,11,142,66,6,72,214
12/12/2013,GMU,SC,ASO,ES,Federal Contract Tower,0,21,13,0,34,0,17,86,2,105,0,38,99,2,139,34,0,34,173
12/13/2013,GMU,SC,ASO,ES,Federal Contract Tower,0,20,8,0,28,0,20,101,2,123,0,40,109,2,151,58,6,64,215
12/14/2013,GMU,SC,ASO,ES,Federal Contract Tower,0,6,3,0,9,0,0,1,0,1,0,6,4,0,10,0,0,0,10
12/15/2013,GMU,SC,ASO,ES,Federal Contract Tower,0,19,19,0,38,0,5,63,4,72,0,24,82,4,110,36,0,36,146
12/16/2013,GMU,SC,ASO,ES,Federal Contract Tower,0,19,17,0,36,0,32,85,3,120,0,51,102,3,156,34,0,34,190
12/17/2013,GMU,SC,ASO,ES,Federal Contract Tower,0,14,9,0,23,0,17,36,6,59,0,31,45,6,82,18,8,26,108
12/18/2013,GMU,SC,ASO,ES,Federal Contract Tower,0,23,9,0,32,0,24,107,2,133,0,47,116,2,165,46,0,46,211
12/19/2013,GMU,SC,ASO,ES,Federal Contract Tower,0,31,13,0,44,0,24,95,4,123,0,55,108,4,167,66,0,66,233
12/20/2013,GMU,SC,ASO,ES,Federal Contract Tower,0,20,15,3,38,0,15,60,4,79,0,35,75,7,117,34,12,46,163
12/21/2013,GMU,SC,ASO,ES,Federal Contract Tower,0,9,27,0,36,0,4,13,0,17,0,13,40,0,53,18,0,18,71
12/22/2013,GMU,SC,ASO,ES,Federal Contract Tower,0,11,0,0,11,0,0,0,0,0,0,11,0,0,11,0,0,0,11
12/23/2013,GMU,SC,ASO,ES,Federal Contract Tower,0,25,8,0,33,0,10,7,0,17,0,35,15,0,50,16,0,16,66
12/24/2013,GMU,SC,ASO,ES,Federal Contract Tower,0,8,11,0,19,0,4,48,0,52,0,12,59,0,71,8,0,8,79
12/25/2013,GMU,SC,ASO,ES,Federal Contract Tower,0,5,3,0,8,0,4,10,0,14,0,9,13,0,22,0,0,0,22
12/26/2013,GMU,SC,ASO,ES,Federal Contract Tower,0,21,13,0,34,0,11,52,0,63,0,32,65,0,97,26,0,26,123
12/27/2013,GMU,SC,ASO,ES,Federal Contract Tower,0,10,23,0,33,0,5,62,0,67,0,15,85,0,100,30,0,30,130
12/28/2013,GMU,SC,ASO,ES,Federal Contract Tower,0,20,17,0,37,0,2,48,0,50,0,22,65,0,87,22,0,22,109
12/29/2013,GMU,SC,ASO,ES,Federal Contract Tower,0,8,8,0,16,0,1,18,0,19,0,9,26,0,35,14,0,14,49
12/30/2013,GMU,SC,ASO,ES,Federal Contract Tower,0,20,14,0,34,0,11,37,0,48,0,31,51,0,82,20,0,20,102
12/31/2013,GMU,SC,ASO,ES,Federal Contract Tower,0,8,9,0,17,0,7,48,2,57,0,15,57,2,74,44,0,44,118
01/01/2014,GMU,SC,ASO,ES,Federal Contract Tower,0,9,7,0,16,0,11,36,0,47,0,20,43,0,63,4,0,4,67
01/02/2014,GMU,SC,ASO,ES,Federal Contract Tower,0,4,8,0,12,0,0,0,0,0,0,4,8,0,12,4,0,4,16
01/03/2014,GMU,SC,ASO,ES,Federal Contract Tower,0,8,9,0,17,0,14,37,0,51,0,22,46,0,68,18,0,18,86
01/04/2014,GMU,SC,ASO,ES,Federal Contract Tower,0,17,14,0,31,0,3,26,0,29,0,20,40,0,60,46,0,46,106
01/05/2014,GMU,SC,ASO,ES,Federal Contract Tower,0,10,4,0,14,0,0,0,0,0,0,10,4,0,14,0,0,0,14
01/06/2014,GMU,SC,ASO,ES,Federal Contract Tower,0,21,3,0,24,0,11,13,0,24,0,32,16,0,48,0,0,0,48
01/07/2014,GMU,SC,ASO,ES,Federal Contract Tower,0,14,5,0,19,0,29,25,2,56,0,43,30,2,75,20,0,20,95
01/08/2014,GMU,SC,ASO,ES,Federal Contract Tower,0,17,10,0,27,0,32,56,1,89,0,49,66,1,116,42,0,42,158
01/09/2014,GMU,SC,ASO,ES,Federal Contract Tower,0,10,16,2,28,0,13,49,0,62,0,23,65,2,90,14,2,16,106
01/10/2014,GMU,SC,ASO,ES,Federal Contract Tower,0,11,1,0,12,0,0,0,0,0,0,11,1,0,12,0,0,0,12
01/11/2014,GMU,SC,ASO,ES,Federal Contract Tower,0,5,2,0,7,0,0,6,0,6,0,5,8,0,13,0,0,0,13
01/12/2014,GMU,SC,ASO,ES,Federal Contract Tower,0,9,9,0,18,0,12,89,0,101,0,21,98,0,119,74,0,74,193
01/13/2014,GMU,SC,ASO,ES,Federal Contract Tower,0,14,3,0,17,0,18,35,0,53,0,32,38,0,70,38,0,38,108
01/14/2014,GMU,SC,ASO,ES,Federal Contract Tower,0,10,7,0,17,0,8,57,0,65,0,18,64,0,82,20,0,20,102
01/15/2014,GMU,SC,ASO,ES,Federal Contract Tower,0,21,20,0,41,0,6,52,9,67,0,27,72,9,108,14,2,16,124
01/16/2014,GMU,SC,ASO,ES,Federal Contract Tower,0,24,11,2,37,0,31,58,7,96,0,55,69,9,133,38,0,38,171
01/17/2014,GMU,SC,ASO,ES,Federal Contract Tower,0,20,6,0,26,0,34,58,0,92,0,54,64,0,118,60,0,60,178
01/18/2014,GMU,SC,ASO,ES,Federal Contract Tower,0,7,10,0,17,0,6,99,0,105,0,13,109,0,122,38,0,38,160
01/19/2014,GMU,SC,ASO,ES,Federal Contract Tower,0,5,7,1,13,0,13,54,0,67,0,18,61,1,80,6,2,8,88
01/20/2014,GMU,SC,ASO,ES,Federal Contract Tower,0,17,2,0,19,0,13,52,0,65,0,30,54,0,84,20,0,20,104
01/21/2014,GMU,SC,ASO,ES,Federal Contract Tower,0,13,9,0,22,0,14,28,2,44,0,27,37,2,66,2,0,2,68
01/22/2014,GMU,SC,ASO,ES,Federal Contract Tower,0,8,12,0,20,0,16,44,3,63,0,24,56,3,83,18,0,18,101
01/23/2014,GMU,SC,ASO,ES,Federal Contract Tower,0,18,5,0,23,0,19,34,0,53,0,37,39,0,76,0,0,0,76
01/24/2014,GMU,SC,ASO,ES,Federal Contract Tower,0,22,6,0,28,0,16,35,0,51,0,38,41,0,79,40,0,40,119
01/25/2014,GMU,SC,ASO,ES,Federal Contract Tower,0,13,4,0,17,0,11,14,0,25,0,24,18,0,42,4,0,4,46
01/26/2014,GMU,SC,ASO,ES,Federal Contract Tower,0,18,10,0,28,0,12,49,0,61,0,30,59,0,89,4,0,4,93
01/27/2014,GMU,SC,ASO,ES,Federal Contract Tower,0,28,16,0,44,0,26,44,8,78,0,54,60,8,122,44,6,50,172
01/28/2014,GMU,SC,ASO,ES,Federal Contract Tower,0,18,5,0,23,0,6,4,0,10,0,24,9,0,33,0,0,0,33
01/29/2014,GMU,SC,ASO,ES,Federal Contract Tower,0,11,3,0,14,0,17,16,0,33,0,28,19,0,47,10,0,10,57
01/30/2014,GMU,SC,ASO,ES,Federal Contract Tower,0,24,7,0,31,0,10,40,2,52,0,34,47,2,83,30,0,30,113
01/31/2014,GMU,SC,ASO,ES,Federal Contract Tower,0,25,6,0,31,0,37,77,0,114,0,62,83,0,145,78,0,78,223
02/01/2014,GMU,SC,ASO,ES,Federal Contract Tower,0,5,13,0,18,0,8,69,2,79,0,13,82,2,97,146,0,146,243
02/02/2014,GMU,SC,ASO,ES,Federal Contract Tower,0,9,9,0,18,0,12,40,0,52,0,21,49,0,70,30,0,30,100
02/03/2014,GMU,SC,ASO,ES,Federal Contract Tower,0,21,9,1,31,0,19,28,9,56,0,40,37,10,87,40,4,44,131
02/04/2014,GMU,SC,ASO,ES,Federal Contract Tower,0,16,12,0,28,0,2,5,0,7,0,18,17,0,35,16,0,16,51
02/05/2014,GMU,SC,ASO,ES,Federal Contract Tower,0,21,6,0,27,0,0,6,0,6,0,21,12,0,33,8,0,8,41
02/06/2014,GMU,SC,ASO,ES,Federal Contract Tower,0,27,5,0,32,0,16,60,12,88,0,43,65,12,120,66,0,66,186
02/07/2014,GMU,SC,ASO,ES,Federal Contract Tower,0,27,17,0,44,0,18,71,0,89,0,45,88,0,133,120,0,120,253
02/08/2014,GMU,SC,ASO,ES,Federal Contract Tower,0,19,5,0,24,0,13,57,0,70,0,32,62,0,94,24,0,24,118
02/09/2014,GMU,SC,ASO,ES,Federal Contract Tower,0,12,13,0,25,0,16,39,6,61,0,28,52,6,86,8,0,8,94
02/10/2014,GMU,SC,ASO,ES,Federal Contract Tower,0,21,12,0,33,0,14,15,0,29,0,35,27,0,62,28,0,28,90
02/11/2014,GMU,SC,ASO,ES,Federal Contract Tower,0,9,3,0,12,0,0,0,0,0,0,9,3,0,12,0,0,0,12
02/12/2014,GMU,SC,ASO,ES,Federal Contract Tower,0,1,0,0,1,0,0,0,0,0,0,1,0,0,1,0,0,0,1
02/13/2014,GMU,SC,ASO,ES,Federal Contract Tower,0,0,0,0,0,0,0,0,0,0,0,0,0,0,0,0,0,0,0
02/14/2014,GMU,SC,ASO,ES,Federal Contract Tower,0,19,5,0,24,0,23,21,0,44,0,42,26,0,68,22,0,22,90
02/15/2014,GMU,SC,ASO,ES,Federal Contract Tower,0,12,0,0,12,0,5,43,1,49,0,17,43,1,61,42,0,42,103
02/16/2014,GMU,SC,ASO,ES,Federal Contract Tower,0,9,18,0,27,0,4,82,4,90,0,13,100,4,117,24,0,24,141
02/17/2014,GMU,SC,ASO,ES,Federal Contract Tower,0,18,14,2,34,0,27,34,4,65,0,45,48,6,99,38,0,38,137
02/18/2014,GMU,SC,ASO,ES,Federal Contract Tower,0,26,20,1,47,0,20,50,3,73,0,46,70,4,120,28,4,32,152
02/19/2014,GMU,SC,ASO,ES,Federal Contract Tower,0,19,21,0,40,0,21,10,0,31,0,40,31,0,71,2,0,2,73
02/20/2014,GMU,SC,ASO,ES,Federal Contract Tower,0,23,18,0,41,0,12,29,4,45,0,35,47,4,86,44,0,44,130
02/21/2014,GMU,SC,ASO,ES,Federal Contract Tower,0,27,7,0,34,0,23,25,0,48,0,50,32,0,82,20,0,20,102
02/22/2014,GMU,SC,ASO,ES,Federal Contract Tower,0,7,12,0,19,0,9,94,2,105,0,16,106,2,124,88,0,88,212
02/23/2014,GMU,SC,ASO,ES,Federal Contract Tower,0,6,11,0,17,0,11,71,0,82,0,17,82,0,99,86,0,86,185
02/24/2014,GMU,SC,ASO,ES,Federal Contract Tower,0,27,2,0,29,0,20,46,2,68,0,47,48,2,97,22,0,22,119
02/25/2014,GMU,SC,ASO,ES,Federal Contract Tower,0,23,6,0,29,0,21,61,2,84,0,44,67,2,113,32,0,32,145
02/26/2014,GMU,SC,ASO,ES,Federal Contract Tower,0,19,14,0,33,0,24,47,6,77,0,43,61,6,110,4,0,4,114
02/27/2014,GMU,SC,ASO,ES,Federal Contract Tower,0,26,18,0,44,0,14,72,0,86,0,40,90,0,130,66,0,66,196
02/28/2014,GMU,SC,ASO,ES,Federal Contract Tower,0,23,6,2,31,0,5,80,0,85,0,28,86,2,116,70,0,70,186
03/01/2014,GMU,SC,ASO,ES,Federal Contract Tower,0,8,16,0,24,0,4,65,0,69,0,12,81,0,93,80,0,80,173
03/02/2014,GMU,SC,ASO,ES,Federal Contract Tower,0,13,13,0,26,0,4,75,0,79,0,17,88,0,105,40,0,40,145
03/03/2014,GMU,SC,ASO,ES,Federal Contract Tower,0,19,3,0,22,0,6,0,0,6,0,25,3,0,28,0,0,0,28
03/04/2014,GMU,SC,ASO,ES,Federal Contract Tower,0,17,17,0,34,0,8,38,0,46,0,25,55,0,80,0,0,0,80
03/05/2014,GMU,SC,ASO,ES,Federal Contract Tower,0,12,10,0,22,0,14,55,4,73,0,26,65,4,95,56,0,56,151
03/06/2014,GMU,SC,ASO,ES,Federal Contract Tower,0,21,6,0,27,0,17,9,0,26,0,38,15,0,53,2,0,2,55
03/07/2014,GMU,SC,ASO,ES,Federal Contract Tower,0,24,5,0,29,0,6,8,1,15,0,30,13,1,44,26,4,30,74
03/08/2014,GMU,SC,ASO,ES,Federal Contract Tower,0,16,12,1,29,0,5,97,10,112,0,21,109,11,141,72,0,72,213
03/09/2014,GMU,SC,ASO,ES,Federal Contract Tower,0,13,9,0,22,0,2,94,0,96,0,15,103,0,118,84,0,84,202
03/10/2014,GMU,SC,ASO,ES,Federal Contract Tower,0,13,16,0,29,0,21,59,0,80,0,34,75,0,109,82,0,82,191
03/11/2014,GMU,SC,ASO,ES,Federal Contract Tower,0,33,11,0,44,0,21,64,8,93,0,54,75,8,137,58,4,62,199
03/12/2014,GMU,SC,ASO,ES,Federal Contract Tower,0,19,8,0,27,0,15,0,0,15,0,34,8,0,42,4,0,4,46
03/13/2014,GMU,SC,ASO,ES,Federal Contract Tower,0,23,24,0,47,0,29,75,0,104,0,52,99,0,151,92,0,92,243
03/14/2014,GMU,SC,ASO,ES,Federal Contract Tower,0,27,16,0,43,0,25,67,0,92,0,52,83,0,135,20,0,20,155
03/15/2014,GMU,SC,ASO,ES,Federal Contract Tower,0,11,8,0,19,0,11,83,0,94,0,22,91,0,113,60,0,60,173
03/16/2014,GMU,SC,ASO,ES,Federal Contract Tower,0,12,7,0,19,0,0,0,0,0,0,12,7,0,19,0,0,0,19
03/17/2014,GMU,SC,ASO,ES,Federal Contract Tower,0,21,1,0,22,0,0,0,0,0,0,21,1,0,22,0,0,0,22
03/18/2014,GMU,SC,ASO,ES,Federal Contract Tower,0,23,11,0,34,0,14,6,8,28,0,37,17,8,62,0,0,0,62
03/19/2014,GMU,SC,ASO,ES,Federal Contract Tower,0,34,17,0,51,0,14,13,2,29,0,48,30,2,80,14,0,14,94
03/20/2014,GMU,SC,ASO,ES,Federal Contract Tower,0,24,19,0,43,0,15,113,11,139,0,39,132,11,182,52,0,52,234
03/21/2014,GMU,SC,ASO,ES,Federal Contract Tower,0,20,21,0,41,0,23,153,0,176,0,43,174,0,217,74,0,74,291
03/22/2014,GMU,SC,ASO,ES,Federal Contract Tower,0,8,18,0,26,0,6,98,7,111,0,14,116,7,137,70,0,70,207
03/23/2014,GMU,SC,ASO,ES,Federal Contract Tower,0,23,14,0,37,0,2,7,0,9,0,25,21,0,46,14,0,14,60
03/24/2014,GMU,SC,ASO,ES,Federal Contract Tower,0,12,12,0,24,0,10,53,3,66,0,22,65,3,90,54,0,54,144
03/25/2014,GMU,SC,ASO,ES,Federal Contract Tower,0,19,15,0,34,0,7,10,0,17,0,26,25,0,51,4,0,4,55
03/26/2014,GMU,SC,ASO,ES,Federal Contract Tower,0,12,16,0,28,0,23,57,9,89,0,35,73,9,117,24,0,24,141
03/27/2014,GMU,SC,ASO,ES,Federal Contract Tower,0,16,25,0,41,0,13,62,1,76,0,29,87,1,117,80,2,82,199
03/28/2014,GMU,SC,ASO,ES,Federal Contract Tower,0,27,18,0,45,0,2,3,0,5,0,29,21,0,50,0,0,0,50
03/29/2014,GMU,SC,ASO,ES,Federal Contract Tower,0,16,5,0,21,0,0,1,0,1,0,16,6,0,22,0,0,0,22
03/30/2014,GMU,SC,ASO,ES,Federal Contract Tower,0,17,4,0,21,0,3,40,0,43,0,20,44,0,64,26,0,26,90
03/31/2014,GMU,SC,ASO,ES,Federal Contract Tower,0,24,14,2,40,0,48,90,3,141,0,72,104,5,181,90,2,92,273
04/01/2014,GMU,SC,ASO,ES,Federal Contract Tower,0,28,13,0,41,0,20,52,4,76,0,48,65,4,117,26,0,26,143
04/02/2014,GMU,SC,ASO,ES,Federal Contract Tower,0,29,17,2,48,0,16,64,4,84,0,45,81,6,132,10,0,10,142
04/03/2014,GMU,SC,ASO,ES,Federal Contract Tower,0,32,8,0,40,0,19,63,5,87,0,51,71,5,127,58,2,60,187
04/04/2014,GMU,SC,ASO,ES,Federal Contract Tower,0,24,6,0,30,0,6,21,2,29,0,30,27,2,59,20,0,20,79
04/05/2014,GMU,SC,ASO,ES,Federal Contract Tower,0,12,16,0,28,0,4,79,2,85,0,16,95,2,113,124,0,124,237
04/06/2014,GMU,SC,ASO,ES,Federal Contract Tower,0,21,8,2,31,0,7,31,0,38,0,28,39,2,69,4,0,4,73
04/07/2014,GMU,SC,ASO,ES,Federal Contract Tower,0,8,0,0,8,0,0,0,0,0,0,8,0,0,8,0,0,0,8
04/08/2014,GMU,SC,ASO,ES,Federal Contract Tower,0,23,21,0,44,0,15,43,12,70,0,38,64,12,114,46,0,46,160
04/09/2014,GMU,SC,ASO,ES,Federal Contract Tower,0,24,18,0,42,0,13,56,7,76,0,37,74,7,118,44,0,44,162
04/10/2014,GMU,SC,ASO,ES,Federal Contract Tower,0,22,23,0,45,0,22,73,0,95,0,44,96,0,140,28,0,28,168
04/11/2014,GMU,SC,ASO,ES,Federal Contract Tower,0,20,22,0,42,0,40,37,0,77,0,60,59,0,119,32,0,32,151
04/12/2014,GMU,SC,ASO,ES,Federal Contract Tower,0,18,14,0,32,0,18,127,2,147,0,36,141,2,179,114,0,114,293
04/13/2014,GMU,SC,ASO,ES,Federal Contract Tower,0,17,5,0,22,0,8,57,0,65,0,25,62,0,87,14,0,14,101
04/14/2014,GMU,SC,ASO,ES,Federal Contract Tower,0,23,11,0,34,0,12,5,0,17,0,35,16,0,51,12,0,12,63
04/15/2014,GMU,SC,ASO,ES,Federal Contract Tower,0,28,8,0,36,0,4,4,2,10,0,32,12,2,46,16,0,16,62
04/16/2014,GMU,SC,ASO,ES,Federal Contract Tower,0,25,22,0,47,0,16,32,2,50,0,41,54,2,97,28,0,28,125
04/17/2014,GMU,SC,ASO,ES,Federal Contract Tower,0,25,13,0,38,0,16,73,0,89,0,41,86,0,127,38,0,38,165
04/18/2014,GMU,SC,ASO,ES,Federal Contract Tower,0,14,17,0,31,0,5,33,0,38,0,19,50,0,69,72,0,72,141
04/19/2014,GMU,SC,ASO,ES,Federal Contract Tower,0,11,9,0,20,0,0,1,0,1,0,11,10,0,21,0,0,0,21
04/20/2014,GMU,SC,ASO,ES,Federal Contract Tower,0,14,11,0,25,0,3,20,0,23,0,17,31,0,48,4,0,4,52
04/21/2014,GMU,SC,ASO,ES,Federal Contract Tower,0,29,14,0,43,0,15,52,2,69,0,44,66,2,112,56,0,56,168
04/22/2014,GMU,SC,ASO,ES,Federal Contract Tower,0,26,15,0,41,0,16,30,0,46,0,42,45,0,87,74,0,74,161
04/23/2014,GMU,SC,ASO,ES,Federal Contract Tower,0,34,13,0,47,0,41,85,7,133,0,75,98,7,180,26,0,26,206
04/24/2014,GMU,SC,ASO,ES,Federal Contract Tower,0,23,13,1,37,0,13,83,5,101,0,36,96,6,138,22,4,26,164
04/25/2014,GMU,SC,ASO,ES,Federal Contract Tower,0,25,12,0,37,0,6,27,2,35,0,31,39,2,72,34,12,46,118
04/26/2014,GMU,SC,ASO,ES,Federal Contract Tower,0,23,19,0,42,0,7,133,0,140,0,30,152,0,182,62,0,62,244
04/27/2014,GMU,SC,ASO,ES,Federal Contract Tower,0,26,11,0,37,0,7,56,2,65,0,33,67,2,102,36,0,36,138
04/28/2014,GMU,SC,ASO,ES,Federal Contract Tower,0,27,13,2,42,0,26,24,2,52,0,53,37,4,94,28,0,28,122
04/29/2014,GMU,SC,ASO,ES,Federal Contract Tower,0,14,4,0,18,0,3,14,0,17,0,17,18,0,35,22,0,22,57
04/30/2014,GMU,SC,ASO,ES,Federal Contract Tower,0,7,4,0,11,0,14,8,0,22,0,21,12,0,33,0,0,0,33
05/01/2014,GMU,SC,ASO,ES,Federal Contract Tower,0,21,13,0,34,0,17,44,1,62,0,38,57,1,96,36,0,36,132
05/02/2014,GMU,SC,ASO,ES,Federal Contract Tower,0,22,14,0,36,0,8,81,3,92,0,30,95,3,128,96,0,96,224
05/03/2014,GMU,SC,ASO,ES,Federal Contract Tower,0,2,11,0,13,0,6,123,0,129,0,8,134,0,142,36,0,36,178
05/04/2014,GMU,SC,ASO,ES,Federal Contract Tower,0,21,8,0,29,0,14,78,1,93,0,35,86,1,122,26,0,26,148
05/05/2014,GMU,SC,ASO,ES,Federal Contract Tower,0,15,14,0,29,0,22,48,2,72,0,37,62,2,101,42,0,42,143
05/06/2014,GMU,SC,ASO,ES,Federal Contract Tower,0,31,17,0,48,0,29,82,5,116,0,60,99,5,164,66,0,66,230
05/07/2014,GMU,SC,ASO,ES,Federal Contract Tower,0,25,27,0,52,0,26,60,0,86,0,51,87,0,138,16,0,16,154
05/08/2014,GMU,SC,ASO,ES,Federal Contract Tower,0,23,17,0,40,0,25,67,3,95,0,48,84,3,135,24,0,24,159
05/09/2014,GMU,SC,ASO,ES,Federal Contract Tower,0,16,18,0,34,0,13,45,0,58,0,29,63,0,92,32,0,32,124
05/10/2014,GMU,SC,ASO,ES,Federal Contract Tower,0,10,4,0,14,0,11,32,0,43,0,21,36,0,57,16,0,16,73
05/11/2014,GMU,SC,ASO,ES,Federal Contract Tower,0,17,10,0,27,0,19,46,0,65,0,36,56,0,92,10,0,10,102
05/12/2014,GMU,SC,ASO,ES,Federal Contract Tower,0,28,11,0,39,0,34,57,2,93,0,62,68,2,132,54,6,60,192
05/13/2014,GMU,SC,ASO,ES,Federal Contract Tower,0,33,10,0,43,0,13,51,8,72,0,46,61,8,115,34,0,34,149
05/14/2014,GMU,SC,ASO,ES,Federal Contract Tower,0,27,16,5,48,0,38,44,9,91,0,65,60,14,139,18,12,30,169
05/15/2014,GMU,SC,ASO,ES,Federal Contract Tower,0,20,8,0,28,0,6,4,0,10,0,26,12,0,38,0,0,0,38
05/16/2014,GMU,SC,ASO,ES,Federal Contract Tower,0,38,14,0,52,0,23,60,3,86,0,61,74,3,138,8,0,8,146
05/17/2014,GMU,SC,ASO,ES,Federal Contract Tower,0,6,14,1,21,0,11,91,4,106,0,17,105,5,127,16,2,18,145
05/18/2014,GMU,SC,ASO,ES,Federal Contract Tower,0,11,13,0,24,0,0,8,0,8,0,11,21,0,32,10,0,10,42
05/19/2014,GMU,SC,ASO,ES,Federal Contract Tower,0,19,22,0,41,0,21,57,8,86,0,40,79,8,127,90,0,90,217
05/20/2014,GMU,SC,ASO,ES,Federal Contract Tower,0,5,10,0,15,0,23,53,1,77,0,28,63,1,92,12,0,12,104
05/21/2014,GMU,SC,ASO,ES,Federal Contract Tower,0,13,11,0,24,0,19,38,4,61,0,32,49,4,85,56,0,56,141
05/22/2014,GMU,SC,ASO,ES,Federal Contract Tower,0,20,17,0,37,0,9,71,8,88,0,29,88,8,125,46,0,46,171
05/23/2014,GMU,SC,ASO,ES,Federal Contract Tower,0,21,19,0,40,0,16,59,6,81,0,37,78,6,121,20,0,20,141
05/24/2014,GMU,SC,ASO,ES,Federal Contract Tower,0,4,7,0,11,0,5,83,2,90,0,9,90,2,101,8,0,8,109
05/25/2014,GMU,SC,ASO,ES,Federal Contract Tower,0,6,4,0,10,0,3,30,0,33,0,9,34,0,43,12,0,12,55
05/26/2014,GMU,SC,ASO,ES,Federal Contract Tower,0,20,12,2,34,0,4,47,4,55,0,24,59,6,89,54,0,54,143
05/27/2014,GMU,SC,ASO,ES,Federal Contract Tower,0,11,7,0,18,0,4,56,2,62,0,15,63,2,80,8,0,8,88
05/28/2014,GMU,SC,ASO,ES,Federal Contract Tower,0,10,15,0,25,0,10,48,1,59,0,20,63,1,84,42,0,42,126
05/29/2014,GMU,SC,ASO,ES,Federal Contract Tower,0,24,3,0,27,0,14,47,0,61,0,38,50,0,88,48,0,48,136
05/30/2014,GMU,SC,ASO,ES,Federal Contract Tower,0,15,16,0,31,0,4,24,0,28,0,19,40,0,59,10,0,10,69
05/31/2014,GMU,SC,ASO,ES,Federal Contract Tower,0,16,21,0,37,0,4,11,0,15,0,20,32,0,52,8,0,8,60
06/01/2014,GMU,SC,ASO,ES,Federal Contract Tower,0,23,24,0,47,0,3,36,5,44,0,26,60,5,91,12,0,12,103
06/02/2014,GMU,SC,ASO,ES,Federal Contract Tower,0,16,2,0,18,0,16,61,5,82,0,32,63,5,100,34,0,34,134
06/03/2014,GMU,SC,ASO,ES,Federal Contract Tower,0,20,13,1,34,0,14,49,1,64,0,34,62,2,98,2,0,2,100
06/04/2014,GMU,SC,ASO,ES,Federal Contract Tower,0,35,10,1,46,0,12,51,1,64,0,47,61,2,110,38,0,38,148
06/05/2014,GMU,SC,ASO,ES,Federal Contract Tower,0,24,19,0,43,0,14,43,4,61,0,38,62,4,104,26,10,36,140
06/06/2014,GMU,SC,ASO,ES,Federal Contract Tower,0,18,10,0,28,0,9,53,0,62,0,27,63,0,90,30,0,30,120
06/07/2014,GMU,SC,ASO,ES,Federal Contract Tower,0,14,23,0,37,0,16,50,0,66,0,30,73,0,103,34,0,34,137
06/08/2014,GMU,SC,ASO,ES,Federal Contract Tower,0,17,17,0,34,0,10,36,0,46,0,27,53,0,80,22,0,22,102
06/09/2014,GMU,SC,ASO,ES,Federal Contract Tower,0,8,8,0,16,0,15,51,0,66,0,23,59,0,82,66,0,66,148
06/10/2014,GMU,SC,ASO,ES,Federal Contract Tower,0,21,9,0,30,0,21,62,0,83,0,42,71,0,113,16,0,16,129
06/11/2014,GMU,SC,ASO,ES,Federal Contract Tower,0,20,8,0,28,0,16,12,0,28,0,36,20,0,56,52,0,52,108
06/12/2014,GMU,SC,ASO,ES,Federal Contract Tower,0,17,16,2,35,0,19,44,3,66,0,36,60,5,101,80,2,82,183
06/13/2014,GMU,SC,ASO,ES,Federal Contract Tower,0,24,24,0,48,0,16,75,7,98,0,40,99,7,146,78,0,78,224
06/14/2014,GMU,SC,ASO,ES,Federal Contract Tower,0,13,17,0,30,0,10,91,0,101,0,23,108,0,131,70,0,70,201
06/15/2014,GMU,SC,ASO,ES,Federal Contract Tower,0,10,12,0,22,0,8,58,0,66,0,18,70,0,88,28,0,28,116
06/16/2014,GMU,SC,ASO,ES,Federal Contract Tower,0,15,10,0,25,0,6,42,0,48,0,21,52,0,73,14,0,14,87
06/17/2014,GMU,SC,ASO,ES,Federal Contract Tower,0,18,10,0,28,0,11,56,21,88,0,29,66,21,116,64,0,64,180
06/18/2014,GMU,SC,ASO,ES,Federal Contract Tower,0,5,11,0,16,0,6,50,0,56,0,11,61,0,72,54,0,54,126
06/19/2014,GMU,SC,ASO,ES,Federal Contract Tower,0,25,6,0,31,0,4,58,1,63,0,29,64,1,94,50,0,50,144
06/20/2014,GMU,SC,ASO,ES,Federal Contract Tower,0,15,13,0,28,0,25,65,2,92,0,40,78,2,120,46,0,46,166
06/21/2014,GMU,SC,ASO,ES,Federal Contract Tower,0,13,6,0,19,0,11,78,0,89,0,24,84,0,108,74,0,74,182
06/22/2014,GMU,SC,ASO,ES,Federal Contract Tower,0,23,9,0,32,0,15,46,2,63,0,38,55,2,95,14,0,14,109
06/23/2014,GMU,SC,ASO,ES,Federal Contract Tower,0,11,19,0,30,0,17,34,0,51,0,28,53,0,81,68,0,68,149
06/24/2014,GMU,SC,ASO,ES,Federal Contract Tower,0,23,10,0,33,0,18,37,0,55,0,41,47,0,88,44,0,44,132
06/25/2014,GMU,SC,ASO,ES,Federal Contract Tower,0,18,29,2,49,0,17,44,2,63,0,35,73,4,112,18,6,24,136
06/26/2014,GMU,SC,ASO,ES,Federal Contract Tower,0,29,18,0,47,0,23,77,1,101,0,52,95,1,148,48,0,48,196
06/27/2014,GMU,SC,ASO,ES,Federal Contract Tower,0,19,22,0,41,0,23,63,0,86,0,42,85,0,127,24,0,24,151
06/28/2014,GMU,SC,ASO,ES,Federal Contract Tower,0,12,17,3,32,0,2,46,1,49,0,14,63,4,81,86,0,86,167
06/29/2014,GMU,SC,ASO,ES,Federal Contract Tower,0,10,18,0,28,0,0,29,0,29,0,10,47,0,57,24,0,24,81
06/30/2014,GMU,SC,ASO,ES,Federal Contract Tower,0,19,10,2,31,0,11,18,0,29,0,30,28,2,60,46,0,46,106
07/01/2014,GMU,SC,ASO,ES,Federal Contract Tower,0,20,8,2,30,0,19,66,0,85,0,39,74,2,115,60,0,60,175
07/02/2014,GMU,SC,ASO,ES,Federal Contract Tower,0,28,20,0,48,0,14,55,0,69,0,42,75,0,117,28,0,28,145
07/03/2014,GMU,SC,ASO,ES,Federal Contract Tower,0,15,8,0,23,0,16,71,0,87,0,31,79,0,110,46,0,46,156
07/04/2014,GMU,SC,ASO,ES,Federal Contract Tower,0,8,8,0,16,0,10,62,0,72,0,18,70,0,88,44,0,44,132
07/05/2014,GMU,SC,ASO,ES,Federal Contract Tower,0,3,7,3,13,0,22,64,2,88,0,25,71,5,101,84,0,84,185
07/06/2014,GMU,SC,ASO,ES,Federal Contract Tower,0,18,12,0,30,0,19,83,2,104,0,37,95,2,134,28,0,28,162
07/07/2014,GMU,SC,ASO,ES,Federal Contract Tower,0,16,9,0,25,0,26,60,2,88,0,42,69,2,113,68,0,68,181
07/08/2014,GMU,SC,ASO,ES,Federal Contract Tower,0,18,4,0,22,0,21,66,4,91,0,39,70,4,113,84,0,84,197
07/09/2014,GMU,SC,ASO,ES,Federal Contract Tower,0,13,12,0,25,0,20,45,1,66,0,33,57,1,91,36,6,42,133
07/10/2014,GMU,SC,ASO,ES,Federal Contract Tower,0,10,28,0,38,0,13,56,0,69,0,23,84,0,107,56,0,56,163
07/11/2014,GMU,SC,ASO,ES,Federal Contract Tower,0,21,13,0,34,0,13,69,2,84,0,34,82,2,118,94,0,94,212
07/12/2014,GMU,SC,ASO,ES,Federal Contract Tower,0,11,21,0,32,0,8,69,5,82,0,19,90,5,114,74,0,74,188
07/13/2014,GMU,SC,ASO,ES,Federal Contract Tower,0,17,18,0,35,0,15,56,0,71,0,32,74,0,106,18,0,18,124
07/14/2014,GMU,SC,ASO,ES,Federal Contract Tower,0,13,7,0,20,0,12,36,0,48,0,25,43,0,68,12,0,12,80
07/15/2014,GMU,SC,ASO,ES,Federal Contract Tower,0,21,12,2,35,0,12,49,10,71,0,33,61,12,106,0,0,0,106
07/16/2014,GMU,SC,ASO,ES,Federal Contract Tower,0,22,17,0,39,0,15,75,3,93,0,37,92,3,132,64,0,64,196
07/17/2014,GMU,SC,ASO,ES,Federal Contract Tower,0,14,23,0,37,0,14,77,2,93,0,28,100,2,130,30,0,30,160
07/18/2014,GMU,SC,ASO,ES,Federal Contract Tower,0,37,20,2,59,0,4,16,0,20,0,41,36,2,79,16,0,16,95
07/19/2014,GMU,SC,ASO,ES,Federal Contract Tower,0,7,19,0,26,0,0,0,0,0,0,7,19,0,26,0,0,0,26
07/20/2014,GMU,SC,ASO,ES,Federal Contract Tower,0,27,20,0,47,0,10,15,0,25,0,37,35,0,72,2,0,2,74
07/21/2014,GMU,SC,ASO,ES,Federal Contract Tower,0,15,21,0,36,0,7,6,0,13,0,22,27,0,49,0,0,0,49
07/22/2014,GMU,SC,ASO,ES,Federal Contract Tower,0,19,26,0,45,0,12,36,0,48,0,31,62,0,93,40,0,40,133
07/23/2014,GMU,SC,ASO,ES,Federal Contract Tower,0,27,12,0,39,0,13,79,4,96,0,40,91,4,135,134,0,134,269
07/24/2014,GMU,SC,ASO,ES,Federal Contract Tower,0,19,16,0,35,0,6,50,3,59,0,25,66,3,94,66,0,66,160
07/25/2014,GMU,SC,ASO,ES,Federal Contract Tower,0,18,13,3,34,0,18,63,2,83,0,36,76,5,117,48,2,50,167
07/26/2014,GMU,SC,ASO,ES,Federal Contract Tower,0,8,15,0,23,0,7,109,0,116,0,15,124,0,139,38,0,38,177
07/27/2014,GMU,SC,ASO,ES,Federal Contract Tower,0,17,6,0,23,0,11,36,0,47,0,28,42,0,70,2,0,2,72
07/28/2014,GMU,SC,ASO,ES,Federal Contract Tower,0,8,9,2,19,0,9,36,2,47,0,17,45,4,66,30,0,30,96
07/29/2014,GMU,SC,ASO,ES,Federal Contract Tower,0,17,14,0,31,0,22,59,11,92,0,39,73,11,123,90,0,90,213
07/30/2014,GMU,SC,ASO,ES,Federal Contract Tower,0,12,17,0,29,0,17,52,4,73,0,29,69,4,102,16,2,18,120
07/31/2014,GMU,SC,ASO,ES,Federal Contract Tower,0,13,15,0,28,0,0,2,0,2,0,13,17,0,30,0,0,0,30
08/01/2014,GMU,SC,ASO,ES,Federal Contract Tower,0,16,16,0,32,0,2,7,3,12,0,18,23,3,44,26,6,32,76
08/02/2014,GMU,SC,ASO,ES,Federal Contract Tower,0,14,9,0,23,0,6,18,0,24,0,20,27,0,47,20,0,20,67
08/03/2014,GMU,SC,ASO,ES,Federal Contract Tower,0,12,25,0,37,0,4,38,0,42,0,16,63,0,79,4,0,4,83
08/04/2014,GMU,SC,ASO,ES,Federal Contract Tower,0,14,21,0,35,0,25,41,8,74,0,39,62,8,109,46,0,46,155
08/05/2014,GMU,SC,ASO,ES,Federal Contract Tower,0,11,9,0,20,0,10,79,4,93,0,21,88,4,113,94,0,94,207
08/06/2014,GMU,SC,ASO,ES,Federal Contract Tower,0,19,19,0,38,0,19,70,13,102,0,38,89,13,140,100,0,100,240
08/07/2014,GMU,SC,ASO,ES,Federal Contract Tower,0,21,19,1,41,0,11,78,2,91,0,32,97,3,132,110,2,112,244
08/08/2014,GMU,SC,ASO,ES,Federal Contract Tower,0,8,20,0,28,0,2,6,0,8,0,10,26,0,36,6,0,6,42
08/09/2014,GMU,SC,ASO,ES,Federal Contract Tower,0,9,16,0,25,0,6,29,0,35,0,15,45,0,60,18,0,18,78
08/10/2014,GMU,SC,ASO,ES,Federal Contract Tower,0,14,15,2,31,0,0,0,0,0,0,14,15,2,31,0,0,0,31
08/11/2014,GMU,SC,ASO,ES,Federal Contract Tower,0,10,20,0,30,0,25,16,2,43,0,35,36,2,73,18,0,18,91
08/12/2014,GMU,SC,ASO,ES,Federal Contract Tower,0,28,14,0,42,0,16,43,0,59,0,44,57,0,101,96,4,100,201
08/13/2014,GMU,SC,ASO,ES,Federal Contract Tower,0,12,18,0,30,0,14,92,9,115,0,26,110,9,145,64,0,64,209
08/14/2014,GMU,SC,ASO,ES,Federal Contract Tower,0,18,13,2,33,0,30,75,2,107,0,48,88,4,140,50,6,56,196
08/15/2014,GMU,SC,ASO,ES,Federal Contract Tower,0,16,18,0,34,0,11,93,2,106,0,27,111,2,140,48,0,48,188
08/16/2014,GMU,SC,ASO,ES,Federal Contract Tower,0,12,10,1,23,0,14,102,5,121,0,26,112,6,144,62,0,62,206
08/17/2014,GMU,SC,ASO,ES,Federal Contract Tower,0,13,8,0,21,0,8,70,2,80,0,21,78,2,101,52,0,52,153
08/18/2014,GMU,SC,ASO,ES,Federal Contract Tower,0,17,15,0,32,0,22,36,2,60,0,39,51,2,92,20,0,20,112
08/19/2014,GMU,SC,ASO,ES,Federal Contract Tower,0,26,6,0,32,0,17,26,1,44,0,43,32,1,76,32,0,32,108
08/20/2014,GMU,SC,ASO,ES,Federal Contract Tower,0,10,16,0,26,0,7,58,3,68,0,17,74,3,94,98,0,98,192
08/21/2014,GMU,SC,ASO,ES,Federal Contract Tower,0,15,16,0,31,0,11,81,3,95,0,26,97,3,126,88,0,88,214
08/22/2014,GMU,SC,ASO,ES,Federal Contract Tower,0,20,20,0,40,0,3,69,0,72,0,23,89,0,112,56,0,56,168
08/23/2014,GMU,SC,ASO,ES,Federal Contract Tower,0,13,10,0,23,0,13,188,0,201,0,26,198,0,224,48,0,48,272
08/24/2014,GMU,SC,ASO,ES,Federal Contract Tower,0,16,19,0,35,0,1,15,0,16,0,17,34,0,51,0,0,0,51
08/25/2014,GMU,SC,ASO,ES,Federal Contract Tower,0,13,5,0,18,0,6,37,7,50,0,19,42,7,68,66,2,68,136
08/26/2014,GMU,SC,ASO,ES,Federal Contract Tower,0,22,16,0,38,0,6,54,2,62,0,28,70,2,100,52,0,52,152
08/27/2014,GMU,SC,ASO,ES,Federal Contract Tower,0,20,14,1,35,0,13,82,5,100,0,33,96,6,135,48,2,50,185
08/28/2014,GMU,SC,ASO,ES,Federal Contract Tower,0,37,20,0,57,0,25,74,0,99,0,62,94,0,156,36,0,36,192
08/29/2014,GMU,SC,ASO,ES,Federal Contract Tower,0,29,18,0,47,0,18,71,2,91,0,47,89,2,138,96,0,96,234
08/30/2014,GMU,SC,ASO,ES,Federal Contract Tower,0,6,4,4,14,0,12,59,1,72,0,18,63,5,86,24,2,26,112
08/31/2014,GMU,SC,ASO,ES,Federal Contract Tower,0,8,8,0,16,0,16,19,0,35,0,24,27,0,51,0,0,0,51
09/01/2014,GMU,SC,ASO,ES,Federal Contract Tower,0,12,13,1,26,0,24,67,0,91,0,36,80,1,117,16,0,16,133
09/02/2014,GMU,SC,ASO,ES,Federal Contract Tower,0,18,8,0,26,0,16,43,3,62,0,34,51,3,88,68,0,68,156
09/03/2014,GMU,SC,ASO,ES,Federal Contract Tower,0,13,12,0,25,0,4,33,0,37,0,17,45,0,62,24,0,24,86
09/04/2014,GMU,SC,ASO,ES,Federal Contract Tower,0,20,14,0,34,0,20,34,0,54,0,40,48,0,88,10,0,10,98
09/05/2014,GMU,SC,ASO,ES,Federal Contract Tower,0,27,16,0,43,0,8,59,4,71,0,35,75,4,114,38,0,38,152
09/06/2014,GMU,SC,ASO,ES,Federal Contract Tower,0,12,8,2,22,0,10,52,2,64,0,22,60,4,86,56,0,56,142
09/07/2014,GMU,SC,ASO,ES,Federal Contract Tower,0,20,20,0,40,0,4,54,0,58,0,24,74,0,98,6,0,6,104
09/08/2014,GMU,SC,ASO,ES,Federal Contract Tower,0,21,12,0,33,0,8,3,0,11,0,29,15,0,44,0,0,0,44
09/09/2014,GMU,SC,ASO,ES,Federal Contract Tower,0,19,19,0,38,0,10,31,4,45,0,29,50,4,83,92,0,92,175
09/10/2014,GMU,SC,ASO,ES,Federal Contract Tower,0,25,18,0,43,0,15,43,0,58,0,40,61,0,101,28,0,28,129
09/11/2014,GMU,SC,ASO,ES,Federal Contract Tower,0,28,17,0,45,0,18,41,6,65,0,46,58,6,110,46,10,56,166
09/12/2014,GMU,SC,ASO,ES,Federal Contract Tower,0,26,15,0,41,0,6,31,0,37,0,32,46,0,78,36,0,36,114
09/13/2014,GMU,SC,ASO,ES,Federal Contract Tower,0,8,6,4,18,0,0,12,0,12,0,8,18,4,30,4,0,4,34
09/14/2014,GMU,SC,ASO,ES,Federal Contract Tower,0,22,9,0,31,0,2,10,0,12,0,24,19,0,43,68,0,68,111
09/15/2014,GMU,SC,ASO,ES,Federal Contract Tower,0,26,17,0,43,0,10,21,0,31,0,36,38,0,74,64,0,64,138
09/16/2014,GMU,SC,ASO,ES,Federal Contract Tower,0,21,19,0,40,0,14,49,2,65,0,35,68,2,105,40,0,40,145
09/17/2014,GMU,SC,ASO,ES,Federal Contract Tower,0,26,33,0,59,0,20,45,0,65,0,46,78,0,124,2,0,2,126
09/18/2014,GMU,SC,ASO,ES,Federal Contract Tower,0,21,18,0,39,0,16,51,4,71,0,37,69,4,110,72,0,72,182
09/19/2014,GMU,SC,ASO,ES,Federal Contract Tower,0,32,22,0,54,0,9,26,0,35,0,41,48,0,89,36,0,36,125
09/20/2014,GMU,SC,ASO,ES,Federal Contract Tower,0,13,18,0,31,0,12,118,2,132,0,25,136,2,163,18,0,18,181
09/21/2014,GMU,SC,ASO,ES,Federal Contract Tower,0,29,15,0,44,0,14,66,0,80,0,43,81,0,124,58,0,58,182
09/22/2014,GMU,SC,ASO,ES,Federal Contract Tower,0,18,11,0,29,0,12,34,0,46,0,30,45,0,75,24,0,24,99
09/23/2014,GMU,SC,ASO,ES,Federal Contract Tower,0,22,18,0,40,0,14,31,0,45,0,36,49,0,85,28,0,28,113
09/24/2014,GMU,SC,ASO,ES,Federal Contract Tower,0,19,14,0,33,0,6,28,0,34,0,25,42,0,67,22,0,22,89
09/25/2014,GMU,SC,ASO,ES,Federal Contract Tower,0,24,25,0,49,0,12,29,8,49,0,36,54,8,98,44,0,44,142
09/26/2014,GMU,SC,ASO,ES,Federal Contract Tower,0,46,79,0,125,0,22,32,0,54,0,68,111,0,179,34,0,34,213
09/27/2014,GMU,SC,ASO,ES,Federal Contract Tower,0,4,66,1,71,0,5,269,8,282,0,9,335,9,353,54,0,54,407
09/28/2014,GMU,SC,ASO,ES,Federal Contract Tower,0,33,7,0,40,0,14,64,2,80,0,47,71,2,120,30,0,30,150
09/29/2014,GMU,SC,ASO,ES,Federal Contract Tower,0,14,11,0,25,0,0,6,0,6,0,14,17,0,31,28,0,28,59
09/30/2014,GMU,SC,ASO,ES,Federal Contract Tower,0,32,15,0,47,0,20,85,2,107,0,52,100,2,154,42,0,42,196
10/01/2014,GMU,SC,ASO,ES,Federal Contract Tower,0,31,11,0,42,0,9,77,0,86,0,40,88,0,128,62,0,62,190
10/02/2014,GMU,SC,ASO,ES,Federal Contract Tower,0,26,11,0,37,0,11,65,5,81,0,37,76,5,118,36,0,36,154
10/03/2014,GMU,SC,ASO,ES,Federal Contract Tower,0,33,7,0,40,0,0,4,0,4,0,33,11,0,44,0,0,0,44
10/04/2014,GMU,SC,ASO,ES,Federal Contract Tower,0,12,11,0,23,0,8,92,0,100,0,20,103,0,123,28,0,28,151
10/05/2014,GMU,SC,ASO,ES,Federal Contract Tower,0,25,12,0,37,0,4,70,2,76,0,29,82,2,113,52,2,54,167
10/06/2014,GMU,SC,ASO,ES,Federal Contract Tower,0,17,4,0,21,0,8,76,2,86,0,25,80,2,107,30,0,30,137
10/07/2014,GMU,SC,ASO,ES,Federal Contract Tower,0,18,18,0,36,0,4,46,0,50,0,22,64,0,86,36,0,36,122
10/08/2014,GMU,SC,ASO,ES,Federal Contract Tower,0,15,17,0,32,0,5,46,0,51,0,20,63,0,83,4,0,4,87
10/09/2014,GMU,SC,ASO,ES,Federal Contract Tower,0,15,16,0,31,0,4,63,4,71,0,19,79,4,102,20,0,20,122
10/10/2014,GMU,SC,ASO,ES,Federal Contract Tower,0,39,23,0,62,0,17,36,0,53,0,56,59,0,115,48,0,48,163
10/11/2014,GMU,SC,ASO,ES,Federal Contract Tower,0,12,14,0,26,0,8,53,0,61,0,20,67,0,87,22,0,22,109
10/12/2014,GMU,SC,ASO,ES,Federal Contract Tower,0,20,18,0,38,0,0,0,0,0,0,20,18,0,38,0,0,0,38
10/13/2014,GMU,SC,ASO,ES,Federal Contract Tower,0,17,19,0,36,0,0,0,0,0,0,17,19,0,36,0,0,0,36
10/14/2014,GMU,SC,ASO,ES,Federal Contract Tower,0,19,1,0,20,0,0,0,0,0,0,19,1,0,20,0,0,0,20
10/15/2014,GMU,SC,ASO,ES,Federal Contract Tower,0,33,12,0,45,0,9,41,7,57,0,42,53,7,102,30,0,30,132
10/16/2014,GMU,SC,ASO,ES,Federal Contract Tower,0,21,13,0,34,0,26,59,4,89,0,47,72,4,123,62,0,62,185
10/17/2014,GMU,SC,ASO,ES,Federal Contract Tower,0,30,16,0,46,0,38,78,0,116,0,68,94,0,162,50,0,50,212
10/18/2014,GMU,SC,ASO,ES,Federal Contract Tower,0,7,7,0,14,0,15,140,1,156,0,22,147,1,170,42,0,42,212
10/19/2014,GMU,SC,ASO,ES,Federal Contract Tower,0,20,14,1,35,0,13,117,0,130,0,33,131,1,165,38,0,38,203
10/20/2014,GMU,SC,ASO,ES,Federal Contract Tower,0,13,6,0,19,0,24,70,4,98,0,37,76,4,117,30,0,30,147
10/21/2014,GMU,SC,ASO,ES,Federal Contract Tower,0,25,7,0,32,0,19,44,0,63,0,44,51,0,95,54,0,54,149
10/22/2014,GMU,SC,ASO,ES,Federal Contract Tower,0,19,14,0,33,0,15,50,4,69,0,34,64,4,102,14,0,14,116
10/23/2014,GMU,SC,ASO,ES,Federal Contract Tower,0,19,21,0,40,0,20,90,0,110,0,39,111,0,150,72,0,72,222
10/24/2014,GMU,SC,ASO,ES,Federal Contract Tower,0,23,10,0,33,0,30,64,2,96,0,53,74,2,129,70,0,70,199
10/25/2014,GMU,SC,ASO,ES,Federal Contract Tower,0,9,4,0,13,0,9,102,0,111,0,18,106,0,124,40,0,40,164
10/26/2014,GMU,SC,ASO,ES,Federal Contract Tower,0,20,14,0,34,0,4,72,0,76,0,24,86,0,110,56,0,56,166
10/27/2014,GMU,SC,ASO,ES,Federal Contract Tower,0,16,3,0,19,0,9,39,0,48,0,25,42,0,67,32,0,32,99
10/28/2014,GMU,SC,ASO,ES,Federal Contract Tower,0,22,8,0,30,0,4,55,0,59,0,26,63,0,89,32,2,34,123
10/29/2014,GMU,SC,ASO,ES,Federal Contract Tower,0,21,16,0,37,0,15,34,4,53,0,36,50,4,90,12,0,12,102
10/30/2014,GMU,SC,ASO,ES,Federal Contract Tower,0,26,16,0,42,0,14,77,1,92,0,40,93,1,134,46,0,46,180
10/31/2014,GMU,SC,ASO,ES,Federal Contract Tower,0,6,13,0,19,0,10,46,0,56,0,16,59,0,75,26,2,28,103
11/01/2014,GMU,SC,ASO,ES,Federal Contract Tower,0,13,2,0,15,0,14,2,0,16,0,27,4,0,31,10,0,10,41
11/02/2014,GMU,SC,ASO,ES,Federal Contract Tower,0,17,13,0,30,0,0,61,0,61,0,17,74,0,91,44,0,44,135
11/03/2014,GMU,SC,ASO,ES,Federal Contract Tower,0,14,10,1,25,0,16,49,1,66,0,30,59,2,91,32,0,32,123
11/04/2014,GMU,SC,ASO,ES,Federal Contract Tower,0,22,15,0,37,0,18,41,0,59,0,40,56,0,96,8,0,8,104
11/05/2014,GMU,SC,ASO,ES,Federal Contract Tower,0,19,14,0,33,0,10,56,2,68,0,29,70,2,101,62,4,66,167
11/06/2014,GMU,SC,ASO,ES,Federal Contract Tower,0,24,10,0,34,0,12,13,3,28,0,36,23,3,62,6,0,6,68
11/07/2014,GMU,SC,ASO,ES,Federal Contract Tower,0,23,15,0,38,0,33,72,4,109,0,56,87,4,147,112,0,112,259
11/08/2014,GMU,SC,ASO,ES,Federal Contract Tower,0,2,6,0,8,0,2,75,0,77,0,4,81,0,85,68,0,68,153
11/09/2014,GMU,SC,ASO,ES,Federal Contract Tower,0,18,12,0,30,0,8,61,0,69,0,26,73,0,99,68,0,68,167
11/10/2014,GMU,SC,ASO,ES,Federal Contract Tower,0,21,11,0,32,0,22,50,0,72,0,43,61,0,104,66,0,66,170
11/11/2014,GMU,SC,ASO,ES,Federal Contract Tower,0,21,14,0,35,0,25,66,0,91,0,46,80,0,126,78,0,78,204
11/12/2014,GMU,SC,ASO,ES,Federal Contract Tower,0,18,12,0,30,0,6,66,2,74,0,24,78,2,104,48,0,48,152
11/13/2014,GMU,SC,ASO,ES,Federal Contract Tower,0,28,15,0,43,0,28,60,5,93,0,56,75,5,136,74,0,74,210
11/14/2014,GMU,SC,ASO,ES,Federal Contract Tower,0,17,20,0,37,0,21,21,0,42,0,38,41,0,79,28,0,28,107
11/15/2014,GMU,SC,ASO,ES,Federal Contract Tower,0,6,5,0,11,0,4,93,0,97,0,10,98,0,108,24,0,24,132
11/16/2014,GMU,SC,ASO,ES,Federal Contract Tower,0,11,20,0,31,0,3,37,0,40,0,14,57,0,71,34,0,34,105
11/17/2014,GMU,SC,ASO,ES,Federal Contract Tower,0,19,4,0,23,0,8,4,0,12,0,27,8,0,35,0,0,0,35
11/18/2014,GMU,SC,ASO,ES,Federal Contract Tower,0,19,11,0,30,0,17,39,4,60,0,36,50,4,90,0,0,0,90
11/19/2014,GMU,SC,ASO,ES,Federal Contract Tower,0,20,11,0,31,0,22,37,4,63,0,42,48,4,94,20,0,20,114
11/20/2014,GMU,SC,ASO,ES,Federal Contract Tower,0,20,12,0,32,0,13,44,8,65,0,33,56,8,97,30,2,32,129
11/21/2014,GMU,SC,ASO,ES,Federal Contract Tower,0,19,14,0,33,0,12,75,6,93,0,31,89,6,126,40,0,40,166
11/22/2014,GMU,SC,ASO,ES,Federal Contract Tower,0,6,15,0,21,0,7,77,0,84,0,13,92,0,105,56,0,56,161
11/23/2014,GMU,SC,ASO,ES,Federal Contract Tower,0,9,7,0,16,0,0,0,0,0,0,9,7,0,16,0,0,0,16
11/24/2014,GMU,SC,ASO,ES,Federal Contract Tower,0,19,4,3,26,0,17,9,2,28,0,36,13,5,54,4,28,32,86
11/25/2014,GMU,SC,ASO,ES,Federal Contract Tower,0,16,21,0,37,0,15,40,0,55,0,31,61,0,92,42,0,42,134
11/26/2014,GMU,SC,ASO,ES,Federal Contract Tower,0,18,30,0,48,0,9,34,0,43,0,27,64,0,91,42,0,42,133
11/27/2014,GMU,SC,ASO,ES,Federal Contract Tower,0,3,6,0,9,0,23,11,0,34,0,26,17,0,43,0,0,0,43
11/28/2014,GMU,SC,ASO,ES,Federal Contract Tower,0,8,13,0,21,0,18,78,0,96,0,26,91,0,117,32,0,32,149
11/29/2014,GMU,SC,ASO,ES,Federal Contract Tower,0,9,7,0,16,0,3,43,0,46,0,12,50,0,62,46,0,46,108
11/30/2014,GMU,SC,ASO,ES,Federal Contract Tower,0,27,19,0,46,0,4,41,0,45,0,31,60,0,91,12,0,12,103
12/01/2014,GMU,SC,ASO,ES,Federal Contract Tower,0,20,6,0,26,0,29,34,0,63,0,49,40,0,89,56,0,56,145
12/02/2014,GMU,SC,ASO,ES,Federal Contract Tower,0,18,17,0,35,0,10,25,0,35,0,28,42,0,70,50,0,50,120
12/03/2014,GMU,SC,ASO,ES,Federal Contract Tower,0,27,8,0,35,0,3,14,0,17,0,30,22,0,52,0,0,0,52
12/04/2014,GMU,SC,ASO,ES,Federal Contract Tower,0,27,18,0,45,0,13,48,3,64,0,40,66,3,109,54,2,56,165
12/05/2014,GMU,SC,ASO,ES,Federal Contract Tower,0,26,19,8,53,0,0,0,0,0,0,26,19,8,53,0,0,0,53
12/06/2014,GMU,SC,ASO,ES,Federal Contract Tower,0,9,10,0,19,0,0,0,0,0,0,9,10,0,19,0,0,0,19
12/07/2014,GMU,SC,ASO,ES,Federal Contract Tower,0,11,11,2,24,0,5,58,2,65,0,16,69,4,89,34,0,34,123
12/08/2014,GMU,SC,ASO,ES,Federal Contract Tower,0,22,13,0,35,0,8,9,0,17,0,30,22,0,52,18,0,18,70
12/09/2014,GMU,SC,ASO,ES,Federal Contract Tower,0,22,18,0,40,0,12,39,2,53,0,34,57,2,93,28,0,28,121
12/10/2014,GMU,SC,ASO,ES,Federal Contract Tower,0,24,16,0,40,0,10,43,0,53,0,34,59,0,93,30,0,30,123
12/11/2014,GMU,SC,ASO,ES,Federal Contract Tower,0,19,9,0,28,0,9,71,0,80,0,28,80,0,108,86,2,88,196
12/12/2014,GMU,SC,ASO,ES,Federal Contract Tower,0,17,8,2,27,0,29,71,2,102,0,46,79,4,129,38,0,38,167
12/13/2014,GMU,SC,ASO,ES,Federal Contract Tower,0,8,4,0,12,0,21,101,0,122,0,29,105,0,134,52,0,52,186
12/14/2014,GMU,SC,ASO,ES,Federal Contract Tower,0,5,8,0,13,0,8,89,0,97,0,13,97,0,110,30,0,30,140
12/15/2014,GMU,SC,ASO,ES,Federal Contract Tower,0,13,4,0,17,0,15,48,0,63,0,28,52,0,80,14,0,14,94
12/16/2014,GMU,SC,ASO,ES,Federal Contract Tower,0,15,19,0,34,0,8,11,0,19,0,23,30,0,53,20,0,20,73
12/17/2014,GMU,SC,ASO,ES,Federal Contract Tower,0,24,10,0,34,0,7,53,6,66,0,31,63,6,100,46,0,46,146
12/18/2014,GMU,SC,ASO,ES,Federal Contract Tower,0,19,15,0,34,0,15,54,9,78,0,34,69,9,112,24,0,24,136
12/19/2014,GMU,SC,ASO,ES,Federal Contract Tower,2,21,17,1,41,0,4,64,0,68,2,25,81,1,109,54,0,54,163
12/20/2014,GMU,SC,ASO,ES,Federal Contract Tower,0,15,4,0,19,0,0,2,0,2,0,15,6,0,21,2,0,2,23
12/21/2014,GMU,SC,ASO,ES,Federal Contract Tower,0,16,10,0,26,0,3,55,0,58,0,19,65,0,84,52,0,52,136
12/22/2014,GMU,SC,ASO,ES,Federal Contract Tower,0,19,0,0,19,0,0,0,0,0,0,19,0,0,19,0,0,0,19
12/23/2014,GMU,SC,ASO,ES,Federal Contract Tower,0,13,4,0,17,0,0,0,0,0,0,13,4,0,17,0,0,0,17
12/24/2014,GMU,SC,ASO,ES,Federal Contract Tower,0,6,0,0,6,0,0,0,0,0,0,6,0,0,6,0,0,0,6
12/25/2014,GMU,SC,ASO,ES,Federal Contract Tower,0,4,2,0,6,0,7,37,0,44,0,11,39,0,50,0,0,0,50
12/26/2014,GMU,SC,ASO,ES,Federal Contract Tower,0,19,8,0,27,0,13,84,0,97,0,32,92,0,124,46,0,46,170
12/27/2014,GMU,SC,ASO,ES,Federal Contract Tower,0,16,14,0,30,0,8,88,0,96,0,24,102,0,126,58,0,58,184
12/28/2014,GMU,SC,ASO,ES,Federal Contract Tower,0,8,0,0,8,0,0,0,0,0,0,8,0,0,8,0,0,0,8
12/29/2014,GMU,SC,ASO,ES,Federal Contract Tower,0,18,6,0,24,0,0,2,0,2,0,18,8,0,26,0,4,4,30
12/30/2014,GMU,SC,ASO,ES,Federal Contract Tower,0,10,18,1,29,0,7,15,6,28,0,17,33,7,57,42,14,56,113
12/31/2014,GMU,SC,ASO,ES,Federal Contract Tower,0,19,9,0,28,0,9,49,0,58,0,28,58,0,86,32,0,32,118
01/01/2015,GMU,SC,ASO,ES,Federal Contract Tower,0,9,7,0,16,0,6,67,0,73,0,15,74,0,89,50,0,50,139
01/02/2015,GMU,SC,ASO,ES,Federal Contract Tower,0,10,4,0,14,0,4,31,0,35,0,14,35,0,49,32,0,32,81
01/03/2015,GMU,SC,ASO,ES,Federal Contract Tower,0,13,3,0,16,0,0,0,0,0,0,13,3,0,16,0,0,0,16
01/04/2015,GMU,SC,ASO,ES,Federal Contract Tower,0,9,4,0,13,0,1,0,0,1,0,10,4,0,14,0,0,0,14
01/05/2015,GMU,SC,ASO,ES,Federal Contract Tower,0,11,8,0,19,0,16,26,0,42,0,27,34,0,61,6,0,6,67
01/06/2015,GMU,SC,ASO,ES,Federal Contract Tower,0,19,11,0,30,0,14,34,19,67,0,33,45,19,97,30,0,30,127
01/07/2015,GMU,SC,ASO,ES,Federal Contract Tower,0,18,9,0,27,0,14,26,2,42,0,32,35,2,69,20,4,24,93
01/08/2015,GMU,SC,ASO,ES,Federal Contract Tower,0,19,10,0,29,0,10,27,2,39,0,29,37,2,68,8,0,8,76
01/09/2015,GMU,SC,ASO,ES,Federal Contract Tower,0,17,3,0,20,0,28,55,2,85,0,45,58,2,105,44,0,44,149
01/10/2015,GMU,SC,ASO,ES,Federal Contract Tower,0,8,7,0,15,0,2,83,0,85,0,10,90,0,100,62,0,62,162
01/11/2015,GMU,SC,ASO,ES,Federal Contract Tower,0,9,10,0,19,0,2,27,0,29,0,11,37,0,48,22,0,22,70
01/12/2015,GMU,SC,ASO,ES,Federal Contract Tower,0,17,0,0,17,0,0,0,0,0,0,17,0,0,17,0,0,0,17
01/13/2015,GMU,SC,ASO,ES,Federal Contract Tower,0,14,4,0,18,0,0,0,0,0,0,14,4,0,18,0,0,0,18
01/14/2015,GMU,SC,ASO,ES,Federal Contract Tower,0,21,11,0,32,0,10,28,3,41,0,31,39,3,73,34,2,36,109
01/15/2015,GMU,SC,ASO,ES,Federal Contract Tower,0,23,11,0,34,0,0,21,0,21,0,23,32,0,55,34,8,42,97
01/16/2015,GMU,SC,ASO,ES,Federal Contract Tower,0,34,7,0,41,0,18,90,0,108,0,52,97,0,149,56,0,56,205
01/17/2015,GMU,SC,ASO,ES,Federal Contract Tower,0,4,6,0,10,0,18,95,0,113,0,22,101,0,123,38,0,38,161
01/18/2015,GMU,SC,ASO,ES,Federal Contract Tower,0,12,11,0,23,0,6,35,0,41,0,18,46,0,64,34,0,34,98
01/19/2015,GMU,SC,ASO,ES,Federal Contract Tower,0,25,7,0,32,0,11,56,0,67,0,36,63,0,99,34,0,34,133
01/20/2015,GMU,SC,ASO,ES,Federal Contract Tower,0,16,4,0,20,0,14,52,0,66,0,30,56,0,86,66,0,66,152
01/21/2015,GMU,SC,ASO,ES,Federal Contract Tower,0,10,21,0,31,0,20,68,23,111,0,30,89,23,142,38,0,38,180
01/22/2015,GMU,SC,ASO,ES,Federal Contract Tower,0,24,17,0,41,0,12,59,15,86,0,36,76,15,127,54,0,54,181
01/23/2015,GMU,SC,ASO,ES,Federal Contract Tower,0,15,4,0,19,0,0,0,0,0,0,15,4,0,19,0,0,0,19
01/24/2015,GMU,SC,ASO,ES,Federal Contract Tower,0,6,2,1,9,0,5,28,3,36,0,11,30,4,45,26,0,26,71
01/25/2015,GMU,SC,ASO,ES,Federal Contract Tower,0,11,6,0,17,0,1,95,10,106,0,12,101,10,123,66,0,66,189
01/26/2015,GMU,SC,ASO,ES,Federal Contract Tower,0,14,13,1,28,0,6,20,3,29,0,20,33,4,57,8,0,8,65
01/27/2015,GMU,SC,ASO,ES,Federal Contract Tower,0,13,10,0,23,0,9,20,4,33,0,22,30,4,56,86,0,86,142
01/28/2015,GMU,SC,ASO,ES,Federal Contract Tower,0,18,11,0,29,0,16,73,9,98,0,34,84,9,127,40,0,40,167
01/29/2015,GMU,SC,ASO,ES,Federal Contract Tower,0,23,12,0,35,0,18,56,0,74,0,41,68,0,109,32,0,32,141
01/30/2015,GMU,SC,ASO,ES,Federal Contract Tower,0,15,9,0,24,0,18,50,0,68,0,33,59,0,92,54,0,54,146
01/31/2015,GMU,SC,ASO,ES,Federal Contract Tower,0,4,10,0,14,0,3,125,0,128,0,7,135,0,142,104,0,104,246
02/01/2015,GMU,SC,ASO,ES,Federal Contract Tower,0,6,8,0,14,0,7,37,0,44,0,13,45,0,58,36,0,36,94
02/02/2015,GMU,SC,ASO,ES,Federal Contract Tower,0,16,2,0,18,0,13,10,0,23,0,29,12,0,41,2,0,2,43
02/03/2015,GMU,SC,ASO,ES,Federal Contract Tower,0,21,15,0,36,0,14,68,4,86,0,35,83,4,122,32,0,32,154
02/04/2015,GMU,SC,ASO,ES,Federal Contract Tower,0,15,19,0,34,0,16,47,1,64,0,31,66,1,98,36,2,38,136
02/05/2015,GMU,SC,ASO,ES,Federal Contract Tower,0,15,22,0,37,0,9,22,2,33,0,24,44,2,70,24,0,24,94
02/06/2015,GMU,SC,ASO,ES,Federal Contract Tower,0,25,8,0,33,0,4,85,5,94,0,29,93,5,127,120,4,124,251
02/07/2015,GMU,SC,ASO,ES,Federal Contract Tower,0,6,4,0,10,0,1,85,6,92,0,7,89,6,102,84,0,84,186
02/08/2015,GMU,SC,ASO,ES,Federal Contract Tower,0,17,4,0,21,0,18,33,1,52,0,35,37,1,73,16,0,16,89
02/09/2015,GMU,SC,ASO,ES,Federal Contract Tower,0,22,8,0,30,0,0,1,0,1,0,22,9,0,31,0,0,0,31
02/10/2015,GMU,SC,ASO,ES,Federal Contract Tower,0,26,8,0,34,0,18,51,3,72,0,44,59,3,106,22,12,34,140
02/11/2015,GMU,SC,ASO,ES,Federal Contract Tower,0,22,11,1,34,0,21,64,8,93,0,43,75,9,127,62,6,68,195
02/12/2015,GMU,SC,ASO,ES,Federal Contract Tower,0,36,10,0,46,0,14,34,0,48,0,50,44,0,94,26,0,26,120
02/13/2015,GMU,SC,ASO,ES,Federal Contract Tower,0,20,9,0,29,0,22,59,0,81,0,42,68,0,110,38,0,38,148
02/14/2015,GMU,SC,ASO,ES,Federal Contract Tower,0,6,5,0,11,0,4,61,0,65,0,10,66,0,76,0,0,0,76
02/15/2015,GMU,SC,ASO,ES,Federal Contract Tower,0,12,14,0,26,0,5,43,0,48,0,17,57,0,74,20,0,20,94
02/16/2015,GMU,SC,ASO,ES,Federal Contract Tower,0,13,4,0,17,0,10,17,0,27,0,23,21,0,44,12,0,12,56
02/17/2015,GMU,SC,ASO,ES,Federal Contract Tower,0,10,4,0,14,0,4,0,0,4,0,14,4,0,18,0,0,0,18
02/18/2015,GMU,SC,ASO,ES,Federal Contract Tower,0,12,8,0,20,0,17,3,0,20,0,29,11,0,40,4,0,4,44
02/19/2015,GMU,SC,ASO,ES,Federal Contract Tower,0,33,10,0,43,0,21,20,3,44,0,54,30,3,87,14,2,16,103
02/20/2015,GMU,SC,ASO,ES,Federal Contract Tower,0,25,10,0,35,0,27,31,0,58,0,52,41,0,93,14,0,14,107
02/21/2015,GMU,SC,ASO,ES,Federal Contract Tower,0,15,5,0,20,0,6,63,0,69,0,21,68,0,89,58,0,58,147
02/22/2015,GMU,SC,ASO,ES,Federal Contract Tower,0,26,12,0,38,0,0,10,2,12,0,26,22,2,50,12,0,12,62
02/23/2015,GMU,SC,ASO,ES,Federal Contract Tower,0,18,8,0,26,0,12,26,0,38,0,30,34,0,64,72,0,72,136
02/24/2015,GMU,SC,ASO,ES,Federal Contract Tower,0,19,2,0,21,0,4,0,3,7,0,23,2,3,28,0,2,2,30
02/25/2015,GMU,SC,ASO,ES,Federal Contract Tower,0,17,1,0,18,0,2,36,0,38,0,19,37,0,56,62,0,62,118
02/26/2015,GMU,SC,ASO,ES,Federal Contract Tower,0,11,2,0,13,0,10,23,0,33,0,21,25,0,46,32,0,32,78
02/27/2015,GMU,SC,ASO,ES,Federal Contract Tower,0,26,3,0,29,0,14,52,0,66,0,40,55,0,95,50,0,50,145
02/28/2015,GMU,SC,ASO,ES,Federal Contract Tower,0,14,15,0,29,0,8,56,4,68,0,22,71,4,97,54,0,54,151
03/01/2015,GMU,SC,ASO,ES,Federal Contract Tower,0,6,10,0,16,0,0,0,0,0,0,6,10,0,16,0,0,0,16
03/02/2015,GMU,SC,ASO,ES,Federal Contract Tower,0,19,8,0,27,0,15,32,0,47,0,34,40,0,74,112,0,112,186
03/03/2015,GMU,SC,ASO,ES,Federal Contract Tower,0,20,18,0,38,0,2,2,0,4,0,22,20,0,42,6,0,6,48
03/04/2015,GMU,SC,ASO,ES,Federal Contract Tower,0,16,12,0,28,0,6,10,0,16,0,22,22,0,44,10,2,12,56
03/05/2015,GMU,SC,ASO,ES,Federal Contract Tower,0,11,12,0,23,0,0,2,0,2,0,11,14,0,25,2,0,2,27
03/06/2015,GMU,SC,ASO,ES,Federal Contract Tower,0,24,20,0,44,0,12,79,2,93,0,36,99,2,137,70,0,70,207
03/07/2015,GMU,SC,ASO,ES,Federal Contract Tower,0,13,8,0,21,0,10,126,0,136,0,23,134,0,157,38,0,38,195
03/08/2015,GMU,SC,ASO,ES,Federal Contract Tower,0,13,15,0,28,0,15,79,0,94,0,28,94,0,122,22,0,22,144
03/09/2015,GMU,SC,ASO,ES,Federal Contract Tower,0,17,5,0,22,0,12,53,0,65,0,29,58,0,87,62,0,62,149
03/10/2015,GMU,SC,ASO,ES,Federal Contract Tower,0,22,22,0,44,0,11,28,4,43,0,33,50,4,87,34,0,34,121
03/11/2015,GMU,SC,ASO,ES,Federal Contract Tower,0,28,19,0,47,0,12,40,10,62,0,40,59,10,109,44,0,44,153
03/12/2015,GMU,SC,ASO,ES,Federal Contract Tower,0,24,19,0,43,11,15,30,4,60,11,39,49,4,103,24,0,24,127
03/13/2015,GMU,SC,ASO,ES,Federal Contract Tower,0,15,8,0,23,0,6,12,2,20,0,21,20,2,43,16,10,26,69
03/14/2015,GMU,SC,ASO,ES,Federal Contract Tower,0,18,10,0,28,0,0,9,0,9,0,18,19,0,37,54,0,54,91
03/15/2015,GMU,SC,ASO,ES,Federal Contract Tower,0,11,12,0,23,0,7,80,0,87,0,18,92,0,110,82,0,82,192
03/16/2015,GMU,SC,ASO,ES,Federal Contract Tower,0,25,5,0,30,0,15,67,6,88,0,40,72,6,118,54,0,54,172
03/17/2015,GMU,SC,ASO,ES,Federal Contract Tower,0,17,16,0,33,0,21,64,1,86,0,38,80,1,119,96,0,96,215
03/18/2015,GMU,SC,ASO,ES,Federal Contract Tower,0,23,10,0,33,0,23,62,4,89,0,46,72,4,122,78,4,82,204
03/19/2015,GMU,SC,ASO,ES,Federal Contract Tower,0,20,13,0,33,0,2,1,0,3,0,22,14,0,36,0,0,0,36
03/20/2015,GMU,SC,ASO,ES,Federal Contract Tower,0,24,11,0,35,0,8,10,2,20,0,32,21,2,55,42,0,42,97
03/21/2015,GMU,SC,ASO,ES,Federal Contract Tower,0,11,12,0,23,0,8,80,0,88,0,19,92,0,111,92,0,92,203
03/22/2015,GMU,SC,ASO,ES,Federal Contract Tower,0,11,13,0,24,0,0,30,0,30,0,11,43,0,54,36,0,36,90
03/23/2015,GMU,SC,ASO,ES,Federal Contract Tower,0,17,11,0,28,0,8,18,0,26,0,25,29,0,54,30,0,30,84
03/24/2015,GMU,SC,ASO,ES,Federal Contract Tower,0,23,14,0,37,0,20,63,0,83,0,43,77,0,120,46,0,46,166
03/25/2015,GMU,SC,ASO,ES,Federal Contract Tower,0,13,18,0,31,0,0,4,0,4,0,13,22,0,35,0,0,0,35
03/26/2015,GMU,SC,ASO,ES,Federal Contract Tower,0,20,11,0,31,0,4,22,0,26,0,24,33,0,57,46,0,46,103
03/27/2015,GMU,SC,ASO,ES,Federal Contract Tower,0,24,15,0,39,0,6,5,0,11,0,30,20,0,50,0,0,0,50
03/28/2015,GMU,SC,ASO,ES,Federal Contract Tower,0,13,14,1,28,0,9,99,7,115,0,22,113,8,143,78,0,78,221
03/29/2015,GMU,SC,ASO,ES,Federal Contract Tower,0,13,7,0,20,0,0,94,6,100,0,13,101,6,120,64,0,64,184
03/30/2015,GMU,SC,ASO,ES,Federal Contract Tower,0,22,7,0,29,0,20,44,6,70,0,42,51,6,99,64,0,64,163
03/31/2015,GMU,SC,ASO,ES,Federal Contract Tower,0,22,18,1,41,0,24,42,4,70,0,46,60,5,111,22,0,22,133
04/01/2015,GMU,SC,ASO,ES,Federal Contract Tower,0,22,9,0,31,0,17,85,1,103,0,39,94,1,134,68,0,68,202
04/02/2015,GMU,SC,ASO,ES,Federal Contract Tower,0,35,10,0,45,0,5,7,0,12,0,40,17,0,57,0,0,0,57
04/03/2015,GMU,SC,ASO,ES,Federal Contract Tower,0,22,24,0,46,0,12,31,2,45,0,34,55,2,91,40,0,40,131
04/04/2015,GMU,SC,ASO,ES,Federal Contract Tower,0,13,13,0,26,0,5,38,0,43,0,18,51,0,69,8,0,8,77
04/05/2015,GMU,SC,ASO,ES,Federal Contract Tower,0,15,13,0,28,0,16,53,0,69,0,31,66,0,97,52,0,52,149
04/06/2015,GMU,SC,ASO,ES,Federal Contract Tower,0,18,21,0,39,0,13,33,0,46,0,31,54,0,85,64,0,64,149
04/07/2015,GMU,SC,ASO,ES,Federal Contract Tower,0,15,7,0,22,0,4,12,0,16,0,19,19,0,38,12,0,12,50
04/08/2015,GMU,SC,ASO,ES,Federal Contract Tower,0,23,13,2,38,0,16,69,0,85,0,39,82,2,123,20,2,22,145
04/09/2015,GMU,SC,ASO,ES,Federal Contract Tower,0,27,14,0,41,0,24,41,0,65,0,51,55,0,106,38,0,38,144
04/10/2015,GMU,SC,ASO,ES,Federal Contract Tower,0,25,5,0,30,0,10,23,0,33,0,35,28,0,63,6,0,6,69
04/11/2015,GMU,SC,ASO,ES,Federal Contract Tower,0,11,11,0,22,0,4,103,4,111,0,15,114,4,133,86,0,86,219
04/12/2015,GMU,SC,ASO,ES,Federal Contract Tower,0,15,10,0,25,0,7,68,0,75,0,22,78,0,100,102,0,102,202
04/13/2015,GMU,SC,ASO,ES,Federal Contract Tower,0,26,24,0,50,0,2,3,0,5,0,28,27,0,55,12,0,12,67
04/14/2015,GMU,SC,ASO,ES,Federal Contract Tower,0,28,14,0,42,0,9,8,2,19,0,37,22,2,61,0,0,0,61
04/15/2015,GMU,SC,ASO,ES,Federal Contract Tower,0,13,10,0,23,0,0,0,0,0,0,13,10,0,23,0,0,0,23
04/16/2015,GMU,SC,ASO,ES,Federal Contract Tower,0,28,16,0,44,0,1,13,2,16,0,29,29,2,60,12,0,12,72
04/17/2015,GMU,SC,ASO,ES,Federal Contract Tower,0,26,28,6,60,0,14,38,0,52,0,40,66,6,112,72,0,72,184
04/18/2015,GMU,SC,ASO,ES,Federal Contract Tower,0,18,7,3,28,0,5,82,4,91,0,23,89,7,119,204,4,208,327
04/19/2015,GMU,SC,ASO,ES,Federal Contract Tower,0,20,3,0,23,0,0,0,0,0,0,20,3,0,23,0,0,0,23
04/20/2015,GMU,SC,ASO,ES,Federal Contract Tower,0,21,12,0,33,0,6,3,0,9,0,27,15,0,42,4,0,4,46
04/21/2015,GMU,SC,ASO,ES,Federal Contract Tower,0,20,12,2,34,0,27,71,6,104,0,47,83,8,138,58,0,58,196
04/22/2015,GMU,SC,ASO,ES,Federal Contract Tower,0,17,8,0,25,0,10,39,2,51,0,27,47,2,76,14,0,14,90
04/23/2015,GMU,SC,ASO,ES,Federal Contract Tower,0,19,24,1,44,0,23,72,12,107,0,42,96,13,151,82,0,82,233
04/24/2015,GMU,SC,ASO,ES,Federal Contract Tower,0,23,13,0,36,0,16,99,4,119,0,39,112,4,155,30,0,30,185
04/25/2015,GMU,SC,ASO,ES,Federal Contract Tower,0,6,6,0,12,0,0,0,0,0,0,6,6,0,12,0,0,0,12
04/26/2015,GMU,SC,ASO,ES,Federal Contract Tower,0,17,18,0,35,0,4,70,0,74,0,21,88,0,109,76,0,76,185
04/27/2015,GMU,SC,ASO,ES,Federal Contract Tower,0,12,12,0,24,0,28,48,16,92,0,40,60,16,116,82,0,82,198
04/28/2015,GMU,SC,ASO,ES,Federal Contract Tower,0,16,6,1,23,0,22,86,6,114,0,38,92,7,137,66,0,66,203
04/29/2015,GMU,SC,ASO,ES,Federal Contract Tower,0,21,6,0,27,0,8,10,2,20,0,29,16,2,47,26,0,26,73
04/30/2015,GMU,SC,ASO,ES,Federal Contract Tower,0,32,19,1,52,0,11,79,4,94,0,43,98,5,146,56,0,56,202
05/01/2015,GMU,SC,ASO,ES,Federal Contract Tower,0,22,15,1,38,0,14,73,3,90,0,36,88,4,128,48,2,50,178
05/02/2015,GMU,SC,ASO,ES,Federal Contract Tower,0,16,10,1,27,0,8,126,10,144,0,24,136,11,171,54,0,54,225
05/03/2015,GMU,SC,ASO,ES,Federal Contract Tower,0,23,6,0,29,0,9,69,0,78,0,32,75,0,107,60,0,60,167
05/04/2015,GMU,SC,ASO,ES,Federal Contract Tower,0,11,11,0,22,0,16,52,16,84,0,27,63,16,106,76,0,76,182
05/05/2015,GMU,SC,ASO,ES,Federal Contract Tower,0,30,9,0,39,0,17,65,22,104,0,47,74,22,143,54,4,58,201
05/06/2015,GMU,SC,ASO,ES,Federal Contract Tower,0,22,12,0,34,0,16,85,17,118,0,38,97,17,152,58,6,64,216
05/07/2015,GMU,SC,ASO,ES,Federal Contract Tower,0,24,20,0,44,0,14,68,1,83,0,38,88,1,127,40,0,40,167
05/08/2015,GMU,SC,ASO,ES,Federal Contract Tower,0,28,11,0,39,0,9,68,3,80,0,37,79,3,119,64,0,64,183
05/09/2015,GMU,SC,ASO,ES,Federal Contract Tower,0,14,6,0,20,0,2,83,0,85,0,16,89,0,105,62,0,62,167
05/10/2015,GMU,SC,ASO,ES,Federal Contract Tower,0,21,12,0,33,0,15,47,0,62,0,36,59,0,95,48,0,48,143
05/11/2015,GMU,SC,ASO,ES,Federal Contract Tower,0,24,13,0,37,0,13,46,0,59,0,37,59,0,96,12,0,12,108
05/12/2015,GMU,SC,ASO,ES,Federal Contract Tower,0,24,10,0,34,0,19,31,16,66,0,43,41,16,100,66,12,78,178
05/13/2015,GMU,SC,ASO,ES,Federal Contract Tower,0,32,9,1,42,0,30,70,1,101,0,62,79,2,143,34,0,34,177
05/14/2015,GMU,SC,ASO,ES,Federal Contract Tower,0,22,12,1,35,0,17,65,8,90,0,39,77,9,125,26,0,26,151
05/15/2015,GMU,SC,ASO,ES,Federal Contract Tower,0,13,11,0,24,0,19,42,0,61,0,32,53,0,85,80,0,80,165
05/16/2015,GMU,SC,ASO,ES,Federal Contract Tower,0,14,9,0,23,0,9,69,0,78,0,23,78,0,101,48,0,48,149
05/17/2015,GMU,SC,ASO,ES,Federal Contract Tower,0,19,8,0,27,0,9,49,0,58,0,28,57,0,85,96,0,96,181
05/18/2015,GMU,SC,ASO,ES,Federal Contract Tower,0,20,11,0,31,0,13,44,1,58,0,33,55,1,89,10,2,12,101
05/19/2015,GMU,SC,ASO,ES,Federal Contract Tower,0,28,15,0,43,0,13,36,6,55,0,41,51,6,98,34,0,34,132
05/20/2015,GMU,SC,ASO,ES,Federal Contract Tower,0,21,12,0,33,0,12,61,3,76,0,33,73,3,109,32,8,40,149
05/21/2015,GMU,SC,ASO,ES,Federal Contract Tower,0,25,16,0,41,0,34,56,6,96,0,59,72,6,137,46,0,46,183
05/22/2015,GMU,SC,ASO,ES,Federal Contract Tower,0,11,27,0,38,0,21,93,0,114,0,32,120,0,152,10,0,10,162
05/23/2015,GMU,SC,ASO,ES,Federal Contract Tower,0,5,9,0,14,0,9,131,2,142,0,14,140,2,156,22,0,22,178
05/24/2015,GMU,SC,ASO,ES,Federal Contract Tower,0,8,7,0,15,0,9,84,2,95,0,17,91,2,110,16,0,16,126
05/25/2015,GMU,SC,ASO,ES,Federal Contract Tower,0,16,21,0,37,0,12,36,0,48,0,28,57,0,85,32,0,32,117
05/26/2015,GMU,SC,ASO,ES,Federal Contract Tower,0,19,18,2,39,0,17,34,2,53,0,36,52,4,92,44,6,50,142
05/27/2015,GMU,SC,ASO,ES,Federal Contract Tower,0,31,11,0,42,0,13,17,1,31,0,44,28,1,73,74,2,76,149
05/28/2015,GMU,SC,ASO,ES,Federal Contract Tower,0,11,13,0,24,0,9,34,2,45,0,20,47,2,69,60,6,66,135
05/29/2015,GMU,SC,ASO,ES,Federal Contract Tower,0,27,9,1,37,0,23,56,1,80,0,50,65,2,117,62,0,62,179
05/30/2015,GMU,SC,ASO,ES,Federal Contract Tower,0,13,8,0,21,0,20,86,0,106,0,33,94,0,127,88,0,88,215
05/31/2015,GMU,SC,ASO,ES,Federal Contract Tower,0,18,19,0,37,0,7,39,0,46,0,25,58,0,83,32,0,32,115
06/01/2015,GMU,SC,ASO,ES,Federal Contract Tower,0,10,15,0,25,0,17,30,2,49,0,27,45,2,74,62,0,62,136
06/02/2015,GMU,SC,ASO,ES,Federal Contract Tower,0,15,12,0,27,0,0,28,3,31,0,15,40,3,58,50,0,50,108
06/03/2015,GMU,SC,ASO,ES,Federal Contract Tower,0,20,17,0,37,0,17,29,0,46,0,37,46,0,83,36,0,36,119
06/04/2015,GMU,SC,ASO,ES,Federal Contract Tower,0,19,10,0,29,0,4,36,0,40,0,23,46,0,69,72,0,72,141
06/05/2015,GMU,SC,ASO,ES,Federal Contract Tower,0,22,15,0,37,0,10,47,2,59,0,32,62,2,96,74,0,74,170
06/06/2015,GMU,SC,ASO,ES,Federal Contract Tower,0,13,12,0,25,0,12,93,0,105,0,25,105,0,130,120,0,120,250
06/07/2015,GMU,SC,ASO,ES,Federal Contract Tower,0,22,9,0,31,0,18,49,0,67,0,40,58,0,98,20,0,20,118
06/08/2015,GMU,SC,ASO,ES,Federal Contract Tower,0,18,10,0,28,0,18,45,2,65,0,36,55,2,93,154,0,154,247
06/09/2015,GMU,SC,ASO,ES,Federal Contract Tower,0,18,9,0,27,0,15,56,2,73,0,33,65,2,100,110,0,110,210
06/10/2015,GMU,SC,ASO,ES,Federal Contract Tower,0,28,22,2,52,0,13,47,3,63,0,41,69,5,115,98,2,100,215
06/11/2015,GMU,SC,ASO,ES,Federal Contract Tower,0,28,12,0,40,0,11,28,0,39,0,39,40,0,79,26,0,26,105
06/12/2015,GMU,SC,ASO,ES,Federal Contract Tower,0,17,20,0,37,0,9,43,0,52,0,26,63,0,89,72,0,72,161
06/13/2015,GMU,SC,ASO,ES,Federal Contract Tower,0,12,16,0,28,0,11,85,1,97,0,23,101,1,125,104,0,104,229
06/14/2015,GMU,SC,ASO,ES,Federal Contract Tower,0,17,10,0,27,0,7,44,2,53,0,24,54,2,80,46,0,46,126
06/15/2015,GMU,SC,ASO,ES,Federal Contract Tower,0,22,4,0,26,0,8,48,2,58,0,30,52,2,84,72,0,72,156
06/16/2015,GMU,SC,ASO,ES,Federal Contract Tower,0,11,7,0,18,0,8,52,0,60,0,19,59,0,78,20,0,20,98
06/17/2015,GMU,SC,ASO,ES,Federal Contract Tower,0,38,10,0,48,0,17,47,0,64,0,55,57,0,112,28,0,28,140
06/18/2015,GMU,SC,ASO,ES,Federal Contract Tower,25,6,1,0,32,0,14,43,2,59,25,20,44,2,91,56,0,56,147
06/19/2015,GMU,SC,ASO,ES,Federal Contract Tower,0,17,7,2,26,0,3,47,0,50,0,20,54,2,76,40,0,40,116
06/20/2015,GMU,SC,ASO,ES,Federal Contract Tower,0,5,8,0,13,0,6,62,0,68,0,11,70,0,81,50,0,50,131
06/21/2015,GMU,SC,ASO,ES,Federal Contract Tower,0,16,9,0,25,0,17,49,3,69,0,33,58,3,94,24,0,24,118
06/22/2015,GMU,SC,ASO,ES,Federal Contract Tower,0,16,5,0,21,0,13,45,2,60,0,29,50,2,81,32,0,32,113
06/23/2015,GMU,SC,ASO,ES,Federal Contract Tower,0,14,8,0,22,0,13,49,0,62,0,27,57,0,84,46,0,46,130
06/24/2015,GMU,SC,ASO,ES,Federal Contract Tower,1,29,8,0,38,0,15,54,4,73,1,44,62,4,111,46,0,46,157
06/25/2015,GMU,SC,ASO,ES,Federal Contract Tower,0,16,5,1,22,0,11,71,6,88,0,27,76,7,110,38,6,44,154
06/26/2015,GMU,SC,ASO,ES,Federal Contract Tower,0,19,8,0,27,0,16,62,0,78,0,35,70,0,105,100,0,100,205
06/27/2015,GMU,SC,ASO,ES,Federal Contract Tower,0,10,9,0,19,0,8,53,0,61,0,18,62,0,80,72,0,72,152
06/28/2015,GMU,SC,ASO,ES,Federal Contract Tower,0,5,21,0,26,0,15,88,0,103,0,20,109,0,129,60,0,60,189
06/29/2015,GMU,SC,ASO,ES,Federal Contract Tower,0,8,19,0,27,0,19,58,8,85,0,27,77,8,112,84,0,84,196
06/30/2015,GMU,SC,ASO,ES,Federal Contract Tower,0,11,9,0,20,0,3,44,2,49,0,14,53,2,69,32,0,32,101
07/01/2015,GMU,SC,ASO,ES,Federal Contract Tower,0,17,20,0,37,0,8,57,5,70,0,25,77,5,107,64,0,64,171
07/02/2015,GMU,SC,ASO,ES,Federal Contract Tower,0,7,21,0,28,0,10,35,4,49,0,17,56,4,77,32,0,32,109
07/03/2015,GMU,SC,ASO,ES,Federal Contract Tower,0,15,5,0,20,0,9,2,0,11,0,24,7,0,31,14,0,14,45
07/04/2015,GMU,SC,ASO,ES,Federal Contract Tower,0,1,1,0,2,0,4,16,0,20,0,5,17,0,22,22,0,22,44
07/05/2015,GMU,SC,ASO,ES,Federal Contract Tower,0,14,14,0,28,0,6,47,0,53,0,20,61,0,81,70,0,70,151
07/06/2015,GMU,SC,ASO,ES,Federal Contract Tower,0,21,8,0,29,0,28,53,0,81,0,49,61,0,110,76,0,76,186
07/07/2015,GMU,SC,ASO,ES,Federal Contract Tower,0,14,7,0,21,0,9,45,3,57,0,23,52,3,78,58,8,66,144
07/08/2015,GMU,SC,ASO,ES,Federal Contract Tower,0,31,22,0,53,0,21,50,0,71,0,52,72,0,124,26,0,26,150
07/09/2015,GMU,SC,ASO,ES,Federal Contract Tower,0,29,11,0,40,0,22,72,4,98,0,51,83,4,138,70,2,72,210
07/10/2015,GMU,SC,ASO,ES,Federal Contract Tower,0,23,14,0,37,0,13,88,0,101,0,36,102,0,138,80,0,80,218
07/11/2015,GMU,SC,ASO,ES,Federal Contract Tower,0,13,20,0,33,0,6,79,2,87,0,19,99,2,120,46,0,46,166
07/12/2015,GMU,SC,ASO,ES,Federal Contract Tower,0,23,15,0,38,0,13,66,0,79,0,36,81,0,117,66,0,66,183
07/13/2015,GMU,SC,ASO,ES,Federal Contract Tower,0,18,12,0,30,0,4,38,0,42,0,22,50,0,72,76,0,76,148
07/14/2015,GMU,SC,ASO,ES,Federal Contract Tower,0,9,3,0,12,0,18,26,2,46,0,27,29,2,58,60,18,78,136
07/15/2015,GMU,SC,ASO,ES,Federal Contract Tower,0,19,12,0,31,0,19,54,2,75,0,38,66,2,106,74,6,80,186
07/16/2015,GMU,SC,ASO,ES,Federal Contract Tower,0,22,14,0,36,0,32,70,1,103,0,54,84,1,139,86,6,92,231
07/17/2015,GMU,SC,ASO,ES,Federal Contract Tower,0,21,15,2,38,0,6,64,2,72,0,27,79,4,110,58,0,58,168
07/18/2015,GMU,SC,ASO,ES,Federal Contract Tower,0,8,5,0,13,0,9,63,6,78,0,17,68,6,91,20,0,20,111
07/19/2015,GMU,SC,ASO,ES,Federal Contract Tower,0,8,15,0,23,0,11,56,0,67,0,19,71,0,90,28,0,28,118
07/20/2015,GMU,SC,ASO,ES,Federal Contract Tower,0,26,10,0,36,0,19,41,0,60,0,45,51,0,96,40,0,40,136
07/21/2015,GMU,SC,ASO,ES,Federal Contract Tower,0,17,7,0,24,0,10,43,6,59,0,27,50,6,83,54,0,54,137
07/22/2015,GMU,SC,ASO,ES,Federal Contract Tower,0,19,6,0,25,0,27,53,6,86,0,46,59,6,111,40,0,40,151
07/23/2015,GMU,SC,ASO,ES,Federal Contract Tower,0,21,9,0,30,0,11,28,2,41,0,32,37,2,71,58,2,60,131
07/24/2015,GMU,SC,ASO,ES,Federal Contract Tower,0,29,13,1,43,0,15,53,8,76,0,44,66,9,119,16,0,16,135
07/25/2015,GMU,SC,ASO,ES,Federal Contract Tower,0,8,8,2,18,0,12,102,3,117,0,20,110,5,135,82,0,82,217
07/26/2015,GMU,SC,ASO,ES,Federal Contract Tower,0,26,13,0,39,0,10,73,4,87,0,36,86,4,126,80,0,80,206
07/27/2015,GMU,SC,ASO,ES,Federal Contract Tower,0,20,11,1,32,0,25,68,20,113,0,45,79,21,145,62,0,62,207
07/28/2015,GMU,SC,ASO,ES,Federal Contract Tower,0,15,13,0,28,0,12,53,13,78,0,27,66,13,106,106,0,106,212
07/29/2015,GMU,SC,ASO,ES,Federal Contract Tower,0,22,11,0,33,0,11,60,19,90,0,33,71,19,123,84,0,84,207
07/30/2015,GMU,SC,ASO,ES,Federal Contract Tower,0,26,5,0,31,0,3,65,16,84,0,29,70,16,115,86,2,88,203
07/31/2015,GMU,SC,ASO,ES,Federal Contract Tower,0,16,7,0,23,0,10,88,12,110,0,26,95,12,133,118,4,122,255
08/01/2015,GMU,SC,ASO,ES,Federal Contract Tower,0,14,6,0,20,0,9,81,6,96,0,23,87,6,116,80,0,80,196
08/02/2015,GMU,SC,ASO,ES,Federal Contract Tower,0,14,10,0,24,0,5,74,3,82,0,19,84,3,106,46,0,46,152
08/03/2015,GMU,SC,ASO,ES,Federal Contract Tower,0,21,6,0,27,0,15,53,0,68,0,36,59,0,95,34,0,34,129
08/04/2015,GMU,SC,ASO,ES,Federal Contract Tower,0,23,19,0,42,0,16,72,2,90,0,39,91,2,132,140,0,140,272
08/05/2015,GMU,SC,ASO,ES,Federal Contract Tower,0,15,15,0,30,0,7,70,0,77,0,22,85,0,107,36,0,36,143
08/06/2015,GMU,SC,ASO,ES,Federal Contract Tower,0,30,12,0,42,0,19,31,2,52,0,49,43,2,94,88,0,88,182
08/07/2015,GMU,SC,ASO,ES,Federal Contract Tower,0,13,22,0,35,0,14,53,0,67,0,27,75,0,102,94,0,94,196
08/08/2015,GMU,SC,ASO,ES,Federal Contract Tower,0,13,13,0,26,0,9,89,11,109,0,22,102,11,135,36,4,40,175
08/09/2015,GMU,SC,ASO,ES,Federal Contract Tower,0,31,11,0,42,0,7,53,0,60,0,38,64,0,102,34,0,34,136
08/10/2015,GMU,SC,ASO,ES,Federal Contract Tower,0,21,18,0,39,0,6,13,0,19,0,27,31,0,58,6,0,6,64
08/11/2015,GMU,SC,ASO,ES,Federal Contract Tower,0,21,10,0,31,0,8,29,2,39,0,29,39,2,70,56,4,60,130
08/12/2015,GMU,SC,ASO,ES,Federal Contract Tower,0,22,11,0,33,0,5,97,4,106,0,27,108,4,139,44,0,44,183
08/13/2015,GMU,SC,ASO,ES,Federal Contract Tower,0,17,14,0,31,0,10,69,9,88,0,27,83,9,119,96,0,96,215
08/14/2015,GMU,SC,ASO,ES,Federal Contract Tower,0,18,14,0,32,0,12,51,3,66,0,30,65,3,98,48,0,48,146
08/15/2015,GMU,SC,ASO,ES,Federal Contract Tower,0,7,7,0,14,0,9,85,10,104,0,16,92,10,118,56,0,56,174
08/16/2015,GMU,SC,ASO,ES,Federal Contract Tower,0,17,18,0,35,0,12,158,0,170,0,29,176,0,205,30,0,30,235
08/17/2015,GMU,SC,ASO,ES,Federal Contract Tower,0,16,6,0,22,0,10,45,0,55,0,26,51,0,77,90,0,90,167
08/18/2015,GMU,SC,ASO,ES,Federal Contract Tower,0,25,8,0,33,0,1,10,0,11,0,26,18,0,44,0,0,0,44
08/19/2015,GMU,SC,ASO,ES,Federal Contract Tower,0,20,12,0,32,0,12,28,2,42,0,32,40,2,74,40,2,42,116
08/20/2015,GMU,SC,ASO,ES,Federal Contract Tower,0,23,11,0,34,0,9,53,6,68,0,32,64,6,102,108,0,108,210
08/21/2015,GMU,SC,ASO,ES,Federal Contract Tower,0,17,9,0,26,0,33,98,0,131,0,50,107,0,157,128,0,128,285
08/22/2015,GMU,SC,ASO,ES,Federal Contract Tower,0,11,16,0,27,0,4,104,2,110,0,15,120,2,137,66,0,66,203
08/23/2015,GMU,SC,ASO,ES,Federal Contract Tower,0,12,10,0,22,0,11,42,0,53,0,23,52,0,75,92,0,92,167
08/24/2015,GMU,SC,ASO,ES,Federal Contract Tower,0,26,9,0,35,0,12,65,0,77,0,38,74,0,112,70,0,70,182
08/25/2015,GMU,SC,ASO,ES,Federal Contract Tower,0,26,9,0,35,0,18,71,0,89,0,44,80,0,124,56,0,56,180
08/26/2015,GMU,SC,ASO,ES,Federal Contract Tower,0,33,18,0,51,0,13,85,1,99,0,46,103,1,150,32,2,34,184
08/27/2015,GMU,SC,ASO,ES,Federal Contract Tower,0,13,22,0,35,0,15,60,0,75,0,28,82,0,110,92,0,92,202
08/28/2015,GMU,SC,ASO,ES,Federal Contract Tower,0,18,14,0,32,0,12,57,2,71,0,30,71,2,103,80,0,80,183
08/29/2015,GMU,SC,ASO,ES,Federal Contract Tower,0,9,13,0,22,0,9,93,0,102,0,18,106,0,124,32,0,32,156
08/30/2015,GMU,SC,ASO,ES,Federal Contract Tower,0,18,13,0,31,0,3,54,0,57,0,21,67,0,88,40,0,40,128
08/31/2015,GMU,SC,ASO,ES,Federal Contract Tower,0,10,12,0,22,0,16,59,0,75,0,26,71,0,97,86,0,86,183
09/01/2015,GMU,SC,ASO,ES,Federal Contract Tower,0,18,7,0,25,0,24,68,4,96,0,42,75,4,121,60,0,60,181
09/02/2015,GMU,SC,ASO,ES,Federal Contract Tower,0,11,4,0,15,0,14,65,0,79,0,25,69,0,94,18,0,18,112
09/03/2015,GMU,SC,ASO,ES,Federal Contract Tower,0,18,18,0,36,0,20,66,5,91,0,38,84,5,127,38,0,38,165
09/04/2015,GMU,SC,ASO,ES,Federal Contract Tower,0,26,7,0,33,0,21,75,0,96,0,47,82,0,129,64,0,64,193
09/05/2015,GMU,SC,ASO,ES,Federal Contract Tower,0,9,3,0,12,0,15,24,0,39,0,24,27,0,51,36,0,36,87
09/06/2015,GMU,SC,ASO,ES,Federal Contract Tower,0,10,8,0,18,0,1,52,5,58,0,11,60,5,76,44,0,44,120
09/07/2015,GMU,SC,ASO,ES,Federal Contract Tower,0,21,13,0,34,0,9,64,2,75,0,30,77,2,109,14,0,14,123
09/08/2015,GMU,SC,ASO,ES,Federal Contract Tower,0,24,6,0,30,0,23,38,2,63,0,47,44,2,93,30,0,30,123
09/09/2015,GMU,SC,ASO,ES,Federal Contract Tower,0,18,17,0,35,0,0,10,0,10,0,18,27,0,45,18,0,18,63
09/10/2015,GMU,SC,ASO,ES,Federal Contract Tower,0,25,8,0,33,0,8,56,0,64,0,33,64,0,97,36,0,36,133
09/11/2015,GMU,SC,ASO,ES,Federal Contract Tower,0,34,16,0,50,0,13,57,3,73,0,47,73,3,123,52,0,52,175
09/12/2015,GMU,SC,ASO,ES,Federal Contract Tower,0,14,15,0,29,0,9,81,0,90,0,23,96,0,119,46,0,46,165
09/13/2015,GMU,SC,ASO,ES,Federal Contract Tower,0,22,19,0,41,0,23,78,1,102,0,45,97,1,143,22,0,22,165
09/14/2015,GMU,SC,ASO,ES,Federal Contract Tower,0,9,15,0,24,0,24,77,2,103,0,33,92,2,127,70,0,70,197
09/15/2015,GMU,SC,ASO,ES,Federal Contract Tower,0,19,14,0,33,0,10,66,8,84,0,29,80,8,117,22,8,30,147
09/16/2015,GMU,SC,ASO,ES,Federal Contract Tower,0,28,18,0,46,0,18,69,0,87,0,46,87,0,133,52,0,52,185
09/17/2015,GMU,SC,ASO,ES,Federal Contract Tower,0,37,12,0,49,0,24,78,12,114,0,61,90,12,163,10,0,10,173
09/18/2015,GMU,SC,ASO,ES,Federal Contract Tower,0,33,12,0,45,0,23,79,9,111,0,56,91,9,156,22,0,22,178
09/19/2015,GMU,SC,ASO,ES,Federal Contract Tower,0,20,8,0,28,0,2,87,2,91,0,22,95,2,119,16,0,16,135
09/20/2015,GMU,SC,ASO,ES,Federal Contract Tower,0,19,11,0,30,0,13,57,1,71,0,32,68,1,101,4,0,4,105
09/21/2015,GMU,SC,ASO,ES,Federal Contract Tower,0,24,17,0,41,0,11,30,18,59,0,35,47,18,100,80,6,86,186
09/22/2015,GMU,SC,ASO,ES,Federal Contract Tower,0,22,14,1,37,0,11,20,1,32,0,33,34,2,69,10,0,10,79
09/23/2015,GMU,SC,ASO,ES,Federal Contract Tower,0,43,14,0,57,0,10,50,3,63,0,53,64,3,120,56,0,56,176
09/24/2015,GMU,SC,ASO,ES,Federal Contract Tower,0,33,24,0,57,0,14,34,2,50,0,47,58,2,107,42,2,44,151
09/25/2015,GMU,SC,ASO,ES,Federal Contract Tower,0,28,4,0,32,0,0,0,0,0,0,28,4,0,32,0,0,0,32
09/26/2015,GMU,SC,ASO,ES,Federal Contract Tower,0,6,11,0,17,0,0,0,0,0,0,6,11,0,17,0,0,0,17
09/27/2015,GMU,SC,ASO,ES,Federal Contract Tower,0,27,24,1,52,0,0,1,0,1,0,27,25,1,53,2,0,2,55
09/28/2015,GMU,SC,ASO,ES,Federal Contract Tower,0,18,9,0,27,0,0,0,0,0,0,18,9,0,27,0,0,0,27
09/29/2015,GMU,SC,ASO,ES,Federal Contract Tower,0,21,8,0,29,0,1,10,0,11,0,22,18,0,40,22,0,22,62
09/30/2015,GMU,SC,ASO,ES,Federal Contract Tower,0,18,20,0,38,0,10,83,2,95,0,28,103,2,133,52,0,52,185
10/01/2015,GMU,SC,ASO,ES,Federal Contract Tower,0,21,11,6,38,0,9,11,0,20,0,30,22,6,58,34,0,34,92
10/02/2015,GMU,SC,ASO,ES,Federal Contract Tower,0,28,4,0,32,0,0,1,0,1,0,28,5,0,33,0,0,0,33
10/03/2015,GMU,SC,ASO,ES,Federal Contract Tower,0,5,2,0,7,0,0,0,0,0,0,5,2,0,7,0,0,0,7
10/04/2015,GMU,SC,ASO,ES,Federal Contract Tower,0,14,1,0,15,0,6,0,2,8,0,20,1,2,23,0,0,0,23
10/05/2015,GMU,SC,ASO,ES,Federal Contract Tower,0,14,2,4,20,0,18,20,8,46,0,32,22,12,66,26,0,26,92
10/06/2015,GMU,SC,ASO,ES,Federal Contract Tower,0,19,24,1,44,0,15,86,6,107,0,34,110,7,151,68,4,72,223
10/07/2015,GMU,SC,ASO,ES,Federal Contract Tower,0,12,14,0,26,0,11,84,4,99,0,23,98,4,125,54,0,54,179
10/08/2015,GMU,SC,ASO,ES,Federal Contract Tower,0,24,11,0,35,0,24,84,10,118,0,48,95,10,153,42,2,44,197
10/09/2015,GMU,SC,ASO,ES,Federal Contract Tower,0,24,15,2,41,0,23,75,0,98,0,47,90,2,139,44,0,44,183
10/10/2015,GMU,SC,ASO,ES,Federal Contract Tower,0,8,7,0,15,0,0,0,0,0,0,8,7,0,15,2,0,2,17
10/11/2015,GMU,SC,ASO,ES,Federal Contract Tower,0,13,17,0,30,0,16,77,0,93,0,29,94,0,123,34,0,34,157
10/12/2015,GMU,SC,ASO,ES,Federal Contract Tower,0,16,11,0,27,0,13,50,2,65,0,29,61,2,92,16,0,16,108
10/13/2015,GMU,SC,ASO,ES,Federal Contract Tower,0,15,15,0,30,0,16,41,2,59,0,31,56,2,89,4,0,4,93
10/14/2015,GMU,SC,ASO,ES,Federal Contract Tower,0,20,13,0,33,0,12,66,1,79,0,32,79,1,112,60,0,60,172
10/15/2015,GMU,SC,ASO,ES,Federal Contract Tower,0,25,14,0,39,0,11,83,1,95,0,36,97,1,134,56,0,56,190
10/16/2015,GMU,SC,ASO,ES,Federal Contract Tower,0,27,19,0,46,0,14,69,2,85,0,41,88,2,131,40,0,40,171
10/17/2015,GMU,SC,ASO,ES,Federal Contract Tower,0,18,9,0,27,0,3,89,0,92,0,21,98,0,119,44,0,44,163
10/18/2015,GMU,SC,ASO,ES,Federal Contract Tower,0,14,17,0,31,0,3,89,2,94,0,17,106,2,125,34,0,34,159
10/19/2015,GMU,SC,ASO,ES,Federal Contract Tower,0,19,12,4,35,0,10,61,8,79,0,29,73,12,114,60,12,72,186
10/20/2015,GMU,SC,ASO,ES,Federal Contract Tower,0,22,8,0,30,0,37,81,7,125,0,59,89,7,155,30,0,30,185
10/21/2015,GMU,SC,ASO,ES,Federal Contract Tower,0,19,10,0,29,0,16,72,6,94,0,35,82,6,123,54,0,54,177
10/22/2015,GMU,SC,ASO,ES,Federal Contract Tower,0,16,22,2,40,0,24,62,0,86,0,40,84,2,126,38,0,38,164
10/23/2015,GMU,SC,ASO,ES,Federal Contract Tower,0,38,13,0,51,0,15,98,2,115,0,53,111,2,166,68,0,68,234
10/24/2015,GMU,SC,ASO,ES,Federal Contract Tower,0,11,30,0,41,0,11,34,1,46,0,22,64,1,87,14,0,14,101
10/25/2015,GMU,SC,ASO,ES,Federal Contract Tower,0,23,19,0,42,0,0,59,10,69,0,23,78,10,111,18,14,32,143
10/26/2015,GMU,SC,ASO,ES,Federal Contract Tower,0,28,12,0,40,0,5,5,0,10,0,33,17,0,50,16,0,16,66
10/27/2015,GMU,SC,ASO,ES,Federal Contract Tower,0,18,3,0,21,0,0,0,0,0,0,18,3,0,21,0,0,0,21
10/28/2015,GMU,SC,ASO,ES,Federal Contract Tower,0,18,9,0,27,0,5,6,2,13,0,23,15,2,40,2,0,2,42
10/29/2015,GMU,SC,ASO,ES,Federal Contract Tower,0,20,18,0,38,0,10,53,10,73,0,30,71,10,111,50,0,50,161
10/30/2015,GMU,SC,ASO,ES,Federal Contract Tower,0,26,12,0,38,0,26,97,4,127,0,52,109,4,165,118,10,128,293
10/31/2015,GMU,SC,ASO,ES,Federal Contract Tower,0,19,17,0,36,0,8,65,0,73,0,27,82,0,109,42,0,42,151
11/01/2015,GMU,SC,ASO,ES,Federal Contract Tower,0,17,4,0,21,0,0,2,0,2,0,17,6,0,23,6,0,6,29
11/02/2015,GMU,SC,ASO,ES,Federal Contract Tower,0,15,0,0,15,0,0,0,0,0,0,15,0,0,15,0,0,0,15
11/03/2015,GMU,SC,ASO,ES,Federal Contract Tower,0,23,9,0,32,0,1,0,0,1,0,24,9,0,33,0,0,0,33
11/04/2015,GMU,SC,ASO,ES,Federal Contract Tower,0,21,14,0,35,0,0,0,0,0,0,21,14,0,35,0,0,0,35
11/05/2015,GMU,SC,ASO,ES,Federal Contract Tower,0,24,28,1,53,0,0,4,1,5,0,24,32,2,58,12,2,14,72
11/06/2015,GMU,SC,ASO,ES,Federal Contract Tower,0,23,14,2,39,0,0,0,0,0,0,23,14,2,39,0,0,0,39
11/07/2015,GMU,SC,ASO,ES,Federal Contract Tower,0,8,8,0,16,0,0,20,0,20,0,8,28,0,36,4,0,4,40
11/08/2015,GMU,SC,ASO,ES,Federal Contract Tower,0,9,10,0,19,0,1,24,0,25,0,10,34,0,44,42,0,42,86
11/09/2015,GMU,SC,ASO,ES,Federal Contract Tower,0,8,3,0,11,0,0,0,0,0,0,8,3,0,11,0,0,0,11
11/10/2015,GMU,SC,ASO,ES,Federal Contract Tower,0,18,16,0,34,0,19,65,0,84,0,37,81,0,118,72,4,76,194
11/11/2015,GMU,SC,ASO,ES,Federal Contract Tower,0,11,16,0,27,0,9,123,5,137,0,20,139,5,164,18,0,18,182
11/12/2015,GMU,SC,ASO,ES,Federal Contract Tower,0,25,19,0,44,0,4,38,4,46,0,29,57,4,90,20,16,36,126
11/13/2015,GMU,SC,ASO,ES,Federal Contract Tower,0,32,8,0,40,0,12,93,0,105,0,44,101,0,145,54,0,54,199
11/14/2015,GMU,SC,ASO,ES,Federal Contract Tower,0,17,13,0,30,0,15,120,2,137,0,32,133,2,167,30,0,30,197
11/15/2015,GMU,SC,ASO,ES,Federal Contract Tower,0,30,30,0,60,0,1,73,2,76,0,31,103,2,136,28,0,28,164
11/16/2015,GMU,SC,ASO,ES,Federal Contract Tower,0,18,8,0,26,0,18,46,0,64,0,36,54,0,90,10,0,10,100
11/17/2015,GMU,SC,ASO,ES,Federal Contract Tower,0,24,24,0,48,0,12,51,3,66,0,36,75,3,114,52,4,56,170
11/18/2015,GMU,SC,ASO,ES,Federal Contract Tower,0,22,9,0,31,0,4,12,0,16,0,26,21,0,47,14,0,14,61
11/19/2015,GMU,SC,ASO,ES,Federal Contract Tower,0,22,22,0,44,0,4,45,0,49,0,26,67,0,93,26,0,26,119
11/20/2015,GMU,SC,ASO,ES,Federal Contract Tower,0,23,29,0,52,0,11,89,2,102,0,34,118,2,154,72,0,72,226
11/21/2015,GMU,SC,ASO,ES,Federal Contract Tower,0,13,15,0,28,0,5,57,10,72,0,18,72,10,100,82,0,82,182
11/22/2015,GMU,SC,ASO,ES,Federal Contract Tower,0,13,10,0,23,0,2,61,0,63,0,15,71,0,86,50,0,50,136
11/23/2015,GMU,SC,ASO,ES,Federal Contract Tower,0,17,14,0,31,0,13,67,0,80,0,30,81,0,111,80,0,80,191
11/24/2015,GMU,SC,ASO,ES,Federal Contract Tower,0,26,18,0,44,0,16,76,4,96,0,42,94,4,140,48,8,56,196
11/25/2015,GMU,SC,ASO,ES,Federal Contract Tower,0,14,20,0,34,0,14,90,2,106,0,28,110,2,140,78,0,78,218
11/26/2015,GMU,SC,ASO,ES,Federal Contract Tower,0,3,7,0,10,0,3,12,0,15,0,6,19,0,25,4,0,4,29
11/27/2015,GMU,SC,ASO,ES,Federal Contract Tower,0,9,13,0,22,0,6,83,8,97,0,15,96,8,119,36,0,36,155
11/28/2015,GMU,SC,ASO,ES,Federal Contract Tower,0,17,8,0,25,0,1,60,0,61,0,18,68,0,86,40,0,40,126
11/29/2015,GMU,SC,ASO,ES,Federal Contract Tower,0,45,12,0,57,0,2,33,0,35,0,47,45,0,92,6,0,6,98
11/30/2015,GMU,SC,ASO,ES,Federal Contract Tower,0,33,9,0,42,0,0,0,0,0,0,33,9,0,42,0,0,0,42
12/01/2015,GMU,SC,ASO,ES,Federal Contract Tower,0,18,6,6,30,0,0,0,0,0,0,18,6,6,30,0,0,0,30
12/02/2015,GMU,SC,ASO,ES,Federal Contract Tower,0,23,7,0,30,0,2,5,0,7,0,25,12,0,37,0,0,0,37
12/03/2015,GMU,SC,ASO,ES,Federal Contract Tower,0,20,15,0,35,0,12,69,6,87,0,32,84,6,122,82,10,92,214
12/04/2015,GMU,SC,ASO,ES,Federal Contract Tower,0,23,16,0,39,0,13,73,0,86,0,36,89,0,125,34,0,34,159
12/05/2015,GMU,SC,ASO,ES,Federal Contract Tower,0,17,13,0,30,0,2,97,2,101,0,19,110,2,131,20,0,20,151
12/06/2015,GMU,SC,ASO,ES,Federal Contract Tower,0,19,8,0,27,0,4,53,0,57,0,23,61,0,84,54,0,54,138
12/07/2015,GMU,SC,ASO,ES,Federal Contract Tower,0,19,5,0,24,0,1,33,0,34,0,20,38,0,58,20,0,20,78
12/08/2015,GMU,SC,ASO,ES,Federal Contract Tower,0,16,3,0,19,0,8,38,0,46,0,24,41,0,65,34,0,34,99
12/09/2015,GMU,SC,ASO,ES,Federal Contract Tower,0,19,11,0,30,0,9,53,3,65,0,28,64,3,95,32,4,36,131
12/10/2015,GMU,SC,ASO,ES,Federal Contract Tower,0,22,11,0,33,0,10,62,8,80,0,32,73,8,113,38,2,40,153
12/11/2015,GMU,SC,ASO,ES,Federal Contract Tower,0,25,19,0,44,0,7,26,0,33,0,32,45,0,77,14,0,14,91
12/12/2015,GMU,SC,ASO,ES,Federal Contract Tower,0,19,11,0,30,0,6,32,2,40,0,25,43,2,70,10,0,10,80
12/13/2015,GMU,SC,ASO,ES,Federal Contract Tower,0,11,11,0,22,0,7,90,0,97,0,18,101,0,119,36,0,36,155
12/14/2015,GMU,SC,ASO,ES,Federal Contract Tower,0,14,8,0,22,0,0,3,0,3,0,14,11,0,25,0,0,0,25
12/15/2015,GMU,SC,ASO,ES,Federal Contract Tower,0,18,17,0,35,0,9,77,4,90,0,27,94,4,125,105,6,111,236
12/16/2015,GMU,SC,ASO,ES,Federal Contract Tower,0,19,7,0,26,0,11,108,9,128,0,30,115,9,154,94,2,96,250
12/17/2015,GMU,SC,ASO,ES,Federal Contract Tower,0,18,8,0,26,0,0,0,0,0,0,18,8,0,26,0,0,0,26
12/18/2015,GMU,SC,ASO,ES,Federal Contract Tower,0,27,5,0,32,0,9,72,0,81,0,36,77,0,113,96,0,96,209
12/19/2015,GMU,SC,ASO,ES,Federal Contract Tower,0,15,8,0,23,0,5,63,0,68,0,20,71,0,91,38,0,38,129
12/20/2015,GMU,SC,ASO,ES,Federal Contract Tower,0,21,10,0,31,0,15,89,0,104,0,36,99,0,135,58,0,58,193
12/21/2015,GMU,SC,ASO,ES,Federal Contract Tower,0,24,20,0,44,0,2,24,2,28,0,26,44,2,72,136,0,136,208
12/22/2015,GMU,SC,ASO,ES,Federal Contract Tower,0,17,10,0,27,0,0,0,0,0,0,17,10,0,27,0,0,0,27
12/23/2015,GMU,SC,ASO,ES,Federal Contract Tower,0,11,4,0,15,0,0,0,0,0,0,11,4,0,15,0,0,0,15
12/24/2015,GMU,SC,ASO,ES,Federal Contract Tower,0,7,3,0,10,0,0,0,0,0,0,7,3,0,10,0,0,0,10
12/25/2015,GMU,SC,ASO,ES,Federal Contract Tower,0,6,1,0,7,0,2,0,0,2,0,8,1,0,9,0,0,0,9
12/26/2015,GMU,SC,ASO,ES,Federal Contract Tower,0,20,11,0,31,0,1,62,0,63,0,21,73,0,94,22,0,22,116
12/27/2015,GMU,SC,ASO,ES,Federal Contract Tower,0,19,12,0,31,0,0,7,0,7,0,19,19,0,38,12,0,12,50
12/28/2015,GMU,SC,ASO,ES,Federal Contract Tower,0,10,4,0,14,0,3,4,0,7,0,13,8,0,21,22,0,22,43
12/29/2015,GMU,SC,ASO,ES,Federal Contract Tower,0,19,11,0,30,0,14,32,0,46,0,33,43,0,76,96,16,112,188
12/30/2015,GMU,SC,ASO,ES,Federal Contract Tower,0,13,3,1,17,0,0,0,0,0,0,13,3,1,17,0,0,0,17
12/31/2015,GMU,SC,ASO,ES,Federal Contract Tower,0,16,10,0,26,0,0,22,0,22,0,16,32,0,48,62,0,62,110
01/01/2016,GMU,SC,ASO,ES,Federal Contract Tower,0,17,5,0,22,0,5,43,0,48,0,22,48,0,70,64,0,64,134
01/02/2016,GMU,SC,ASO,ES,Federal Contract Tower,0,19,15,0,34,0,4,89,0,93,0,23,104,0,127,64,0,64,191
01/03/2016,GMU,SC,ASO,ES,Federal Contract Tower,0,14,19,0,33,0,6,59,7,72,0,20,78,7,105,8,0,8,113
01/04/2016,GMU,SC,ASO,ES,Federal Contract Tower,0,12,13,0,25,0,1,23,0,24,0,13,36,0,49,20,0,20,69
01/05/2016,GMU,SC,ASO,ES,Federal Contract Tower,0,8,2,0,10,0,18,40,0,58,0,26,42,0,68,26,0,26,94
01/06/2016,GMU,SC,ASO,ES,Federal Contract Tower,0,13,13,0,26,0,8,39,5,52,0,21,52,5,78,58,4,62,140
01/07/2016,GMU,SC,ASO,ES,Federal Contract Tower,0,11,17,0,28,0,14,58,2,74,0,25,75,2,102,58,6,64,166
01/08/2016,GMU,SC,ASO,ES,Federal Contract Tower,0,15,19,0,34,0,0,0,0,0,0,15,19,0,34,0,0,0,34
01/09/2016,GMU,SC,ASO,ES,Federal Contract Tower,0,7,19,0,26,0,0,0,0,0,0,7,19,0,26,0,0,0,26
01/10/2016,GMU,SC,ASO,ES,Federal Contract Tower,0,11,7,0,18,0,0,45,0,45,0,11,52,0,63,30,0,30,93
01/11/2016,GMU,SC,ASO,ES,Federal Contract Tower,0,14,12,0,26,0,18,57,0,75,0,32,69,0,101,46,0,46,147
01/12/2016,GMU,SC,ASO,ES,Federal Contract Tower,0,24,14,0,38,0,11,36,0,47,0,35,50,0,85,10,0,10,95
01/14/2016,GMU,SC,ASO,ES,Federal Contract Tower,0,22,13,0,35,0,9,60,8,77,0,31,73,8,112,26,2,28,140
01/15/2016,GMU,SC,ASO,ES,Federal Contract Tower,0,27,20,0,47,0,4,1,0,5,0,31,21,0,52,4,0,4,56
01/16/2016,GMU,SC,ASO,ES,Federal Contract Tower,0,15,11,0,26,0,1,68,0,69,0,16,79,0,95,40,0,40,135
01/17/2016,GMU,SC,ASO,ES,Federal Contract Tower,0,12,4,0,16,0,3,37,0,40,0,15,41,0,56,24,0,24,80
01/18/2016,GMU,SC,ASO,ES,Federal Contract Tower,0,15,6,0,21,0,15,64,0,79,0,30,70,0,100,36,0,36,136
01/19/2016,GMU,SC,ASO,ES,Federal Contract Tower,0,20,13,0,33,0,14,59,2,75,0,34,72,2,108,76,2,78,186
01/20/2016,GMU,SC,ASO,ES,Federal Contract Tower,0,14,6,0,20,0,11,21,2,34,0,25,27,2,54,12,0,12,66
01/21/2016,GMU,SC,ASO,ES,Federal Contract Tower,0,22,7,0,29,0,15,39,4,58,0,37,46,4,87,44,2,46,133
01/22/2016,GMU,SC,ASO,ES,Federal Contract Tower,0,1,0,0,1,0,0,0,0,0,0,1,0,0,1,0,0,0,1
01/23/2016,GMU,SC,ASO,ES,Federal Contract Tower,0,2,0,0,2,0,0,1,0,1,0,2,1,0,3,32,0,32,35
01/24/2016,GMU,SC,ASO,ES,Federal Contract Tower,0,10,13,0,23,0,5,86,0,91,0,15,99,0,114,62,0,62,176
01/25/2016,GMU,SC,ASO,ES,Federal Contract Tower,0,8,8,0,16,0,13,53,2,68,0,21,61,2,84,36,0,36,120
01/26/2016,GMU,SC,ASO,ES,Federal Contract Tower,0,25,9,0,34,0,17,37,3,57,0,42,46,3,91,56,0,56,147
01/27/2016,GMU,SC,ASO,ES,Federal Contract Tower,0,29,12,2,43,0,9,26,4,39,0,38,38,6,82,18,0,18,100
01/28/2016,GMU,SC,ASO,ES,Federal Contract Tower,0,16,14,1,31,0,8,31,2,41,0,24,45,3,72,32,0,32,104
01/29/2016,GMU,SC,ASO,ES,Federal Contract Tower,0,22,17,0,39,0,9,59,1,69,0,31,76,1,108,42,0,42,150
01/30/2016,GMU,SC,ASO,ES,Federal Contract Tower,0,4,17,0,21,0,1,146,0,147,0,5,163,0,168,56,0,56,224
01/31/2016,GMU,SC,ASO,ES,Federal Contract Tower,0,17,10,0,27,0,6,63,2,71,0,23,73,2,98,42,0,42,140
02/01/2016,GMU,SC,ASO,ES,Federal Contract Tower,0,18,6,0,24,0,4,6,0,10,0,22,12,0,34,8,0,8,42
02/02/2016,GMU,SC,ASO,ES,Federal Contract Tower,1,16,3,0,20,0,0,0,0,0,1,16,3,0,20,2,0,2,22
02/03/2016,GMU,SC,ASO,ES,Federal Contract Tower,0,9,0,0,9,0,0,0,0,0,0,9,0,0,9,0,0,0,9
02/04/2016,GMU,SC,ASO,ES,Federal Contract Tower,0,19,30,0,49,0,8,67,2,77,0,27,97,2,126,68,6,74,200
02/05/2016,GMU,SC,ASO,ES,Federal Contract Tower,0,23,12,0,35,0,16,59,1,76,0,39,71,1,111,64,0,64,175
02/06/2016,GMU,SC,ASO,ES,Federal Contract Tower,0,6,8,0,14,0,15,89,2,106,0,21,97,2,120,74,6,80,200
02/07/2016,GMU,SC,ASO,ES,Federal Contract Tower,0,5,7,0,12,0,1,60,2,63,0,6,67,2,75,44,0,44,119
02/08/2016,GMU,SC,ASO,ES,Federal Contract Tower,0,28,10,0,38,0,6,17,5,28,0,34,27,5,66,34,0,34,100
02/09/2016,GMU,SC,ASO,ES,Federal Contract Tower,0,31,1,0,32,0,15,15,15,45,0,46,16,15,77,6,0,6,83
02/10/2016,GMU,SC,ASO,ES,Federal Contract Tower,0,23,7,2,32,0,5,32,2,39,0,28,39,4,71,6,0,6,77
02/11/2016,GMU,SC,ASO,ES,Federal Contract Tower,0,22,8,0,30,0,16,54,0,70,0,38,62,0,100,54,0,54,154
02/12/2016,GMU,SC,ASO,ES,Federal Contract Tower,0,20,11,0,31,0,5,30,0,35,0,25,41,0,66,74,0,74,140
02/13/2016,GMU,SC,ASO,ES,Federal Contract Tower,0,8,12,0,20,0,6,79,0,85,0,14,91,0,105,60,0,60,165
02/14/2016,GMU,SC,ASO,ES,Federal Contract Tower,0,21,7,0,28,0,5,41,0,46,0,26,48,0,74,8,0,8,82
02/15/2016,GMU,SC,ASO,ES,Federal Contract Tower,0,6,1,0,7,0,0,0,0,0,0,6,1,0,7,0,0,0,7
02/16/2016,GMU,SC,ASO,ES,Federal Contract Tower,0,16,7,0,23,0,5,51,2,58,0,21,58,2,81,60,4,64,145
02/17/2016,GMU,SC,ASO,ES,Federal Contract Tower,0,36,18,0,54,0,12,72,1,85,0,48,90,1,139,52,0,52,191
02/18/2016,GMU,SC,ASO,ES,Federal Contract Tower,0,28,23,0,51,0,9,114,2,125,0,37,137,2,176,26,0,26,202
02/19/2016,GMU,SC,ASO,ES,Federal Contract Tower,0,31,17,0,48,0,26,103,2,131,0,57,120,2,179,48,0,48,227
02/20/2016,GMU,SC,ASO,ES,Federal Contract Tower,0,22,31,0,53,0,16,88,7,111,0,38,119,7,164,98,2,100,264
02/21/2016,GMU,SC,ASO,ES,Federal Contract Tower,0,25,26,0,51,0,8,55,0,63,0,33,81,0,114,22,0,22,136
02/22/2016,GMU,SC,ASO,ES,Federal Contract Tower,0,22,8,0,30,0,0,7,0,7,0,22,15,0,37,62,0,62,99
02/23/2016,GMU,SC,ASO,ES,Federal Contract Tower,0,29,4,0,33,0,0,0,0,0,0,29,4,0,33,0,0,0,33
02/24/2016,GMU,SC,ASO,ES,Federal Contract Tower,0,15,4,1,20,0,0,4,1,5,0,15,8,2,25,0,0,0,25
02/25/2016,GMU,SC,ASO,ES,Federal Contract Tower,0,29,9,0,38,0,13,29,0,42,0,42,38,0,80,42,0,42,122
02/26/2016,GMU,SC,ASO,ES,Federal Contract Tower,0,22,13,0,35,0,20,92,2,114,0,42,105,2,149,38,0,38,187
02/27/2016,GMU,SC,ASO,ES,Federal Contract Tower,0,15,10,0,25,0,4,163,1,168,0,19,173,1,193,100,0,100,293
02/28/2016,GMU,SC,ASO,ES,Federal Contract Tower,0,17,11,0,28,0,9,93,2,104,0,26,104,2,132,56,0,56,188
02/29/2016,GMU,SC,ASO,ES,Federal Contract Tower,0,23,7,0,30,0,16,51,2,69,0,39,58,2,99,42,0,42,141
03/01/2016,GMU,SC,ASO,ES,Federal Contract Tower,0,25,2,0,27,0,7,32,2,41,0,32,34,2,68,48,0,48,116
03/02/2016,GMU,SC,ASO,ES,Federal Contract Tower,0,30,4,0,34,0,10,71,4,85,0,40,75,4,119,34,2,36,155
03/03/2016,GMU,SC,ASO,ES,Federal Contract Tower,0,28,7,0,35,0,9,36,0,45,0,37,43,0,80,26,0,26,106
03/04/2016,GMU,SC,ASO,ES,Federal Contract Tower,0,18,19,0,37,0,19,75,0,94,0,37,94,0,131,24,0,24,155
03/05/2016,GMU,SC,ASO,ES,Federal Contract Tower,0,26,8,0,34,0,6,122,0,128,0,32,130,0,162,42,0,42,204
03/06/2016,GMU,SC,ASO,ES,Federal Contract Tower,0,18,20,0,38,0,11,113,0,124,0,29,133,0,162,42,0,42,204
03/07/2016,GMU,SC,ASO,ES,Federal Contract Tower,0,11,15,0,26,0,11,79,3,93,0,22,94,3,119,58,2,60,179
03/08/2016,GMU,SC,ASO,ES,Federal Contract Tower,0,15,9,0,24,0,13,63,6,82,0,28,72,6,106,36,0,36,142
03/09/2016,GMU,SC,ASO,ES,Federal Contract Tower,0,26,11,0,37,0,29,67,1,97,0,55,78,1,134,38,0,38,172
03/10/2016,GMU,SC,ASO,ES,Federal Contract Tower,0,24,10,0,34,0,8,42,0,50,0,32,52,0,84,32,0,32,116
03/11/2016,GMU,SC,ASO,ES,Federal Contract Tower,0,17,8,0,25,0,21,78,4,103,0,38,86,4,128,120,0,120,248
03/12/2016,GMU,SC,ASO,ES,Federal Contract Tower,0,13,11,0,24,0,4,96,5,105,0,17,107,5,129,40,0,40,169
03/13/2016,GMU,SC,ASO,ES,Federal Contract Tower,0,25,6,0,31,0,0,5,0,5,0,25,11,0,36,0,0,0,36
03/14/2016,GMU,SC,ASO,ES,Federal Contract Tower,0,16,10,0,26,0,9,29,0,38,0,25,39,0,64,36,0,36,100
03/15/2016,GMU,SC,ASO,ES,Federal Contract Tower,0,16,11,0,27,0,23,46,2,71,0,39,57,2,98,34,0,34,132
03/16/2016,GMU,SC,ASO,ES,Federal Contract Tower,0,18,7,0,25,0,22,61,12,95,0,40,68,12,120,58,12,70,190
03/17/2016,GMU,SC,ASO,ES,Federal Contract Tower,0,32,7,0,39,2,4,8,12,26,2,36,15,12,65,12,2,14,79
03/18/2016,GMU,SC,ASO,ES,Federal Contract Tower,0,17,10,0,27,0,15,71,2,88,0,32,81,2,115,74,0,74,189
03/19/2016,GMU,SC,ASO,ES,Federal Contract Tower,0,11,14,0,25,0,10,57,0,67,0,21,71,0,92,26,0,26,118
03/20/2016,GMU,SC,ASO,ES,Federal Contract Tower,0,20,13,0,33,0,0,25,0,25,0,20,38,0,58,36,0,36,94
03/21/2016,GMU,SC,ASO,ES,Federal Contract Tower,0,15,10,0,25,0,12,35,0,47,0,27,45,0,72,28,0,28,100
03/22/2016,GMU,SC,ASO,ES,Federal Contract Tower,0,27,15,0,42,0,25,82,2,109,0,52,97,2,151,34,0,34,185
03/23/2016,GMU,SC,ASO,ES,Federal Contract Tower,0,22,7,0,29,0,23,53,11,87,0,45,60,11,116,18,0,18,134
03/24/2016,GMU,SC,ASO,ES,Federal Contract Tower,0,25,14,0,39,0,13,51,8,72,0,38,65,8,111,26,0,26,137
03/25/2016,GMU,SC,ASO,ES,Federal Contract Tower,0,15,12,0,27,0,12,35,0,47,0,27,47,0,74,20,0,20,94
03/26/2016,GMU,SC,ASO,ES,Federal Contract Tower,0,22,19,0,41,0,7,52,0,59,0,29,71,0,100,152,0,152,252
03/27/2016,GMU,SC,ASO,ES,Federal Contract Tower,0,20,9,0,29,0,0,0,0,0,0,20,9,0,29,0,0,0,29
03/28/2016,GMU,SC,ASO,ES,Federal Contract Tower,0,35,17,0,52,0,6,43,0,49,0,41,60,0,101,6,0,6,107
03/29/2016,GMU,SC,ASO,ES,Federal Contract Tower,0,19,10,3,32,0,14,82,3,99,0,33,92,6,131,90,0,90,221
03/30/2016,GMU,SC,ASO,ES,Federal Contract Tower,0,27,17,0,44,0,16,109,5,130,0,43,126,5,174,46,2,48,222
03/31/2016,GMU,SC,ASO,ES,Federal Contract Tower,0,14,14,0,28,0,3,13,0,16,0,17,27,0,44,4,0,4,48
04/01/2016,GMU,SC,ASO,ES,Federal Contract Tower,0,26,9,0,35,0,0,10,0,10,0,26,19,0,45,20,0,20,65
04/02/2016,GMU,SC,ASO,ES,Federal Contract Tower,0,15,13,0,28,0,10,54,0,64,0,25,67,0,92,78,0,78,170
04/03/2016,GMU,SC,ASO,ES,Federal Contract Tower,0,16,5,0,21,0,3,85,0,88,0,19,90,0,109,60,0,60,169
04/04/2016,GMU,SC,ASO,ES,Federal Contract Tower,0,19,13,0,32,0,12,55,3,70,0,31,68,3,102,70,4,74,176
04/05/2016,GMU,SC,ASO,ES,Federal Contract Tower,0,19,5,0,24,0,12,50,5,67,0,31,55,5,91,22,0,22,113
04/06/2016,GMU,SC,ASO,ES,Federal Contract Tower,0,22,10,0,32,0,13,102,0,115,0,35,112,0,147,98,0,98,245
04/07/2016,GMU,SC,ASO,ES,Federal Contract Tower,0,26,6,0,32,0,20,30,0,50,0,46,36,0,82,34,0,34,116
04/08/2016,GMU,SC,ASO,ES,Federal Contract Tower,0,15,6,0,21,0,11,42,0,53,0,26,48,0,74,40,0,40,114
04/09/2016,GMU,SC,ASO,ES,Federal Contract Tower,0,14,7,0,21,0,11,42,0,53,0,25,49,0,74,40,0,40,114
04/10/2016,GMU,SC,ASO,ES,Federal Contract Tower,0,13,15,0,28,0,7,87,0,94,0,20,102,0,122,54,0,54,176
04/11/2016,GMU,SC,ASO,ES,Federal Contract Tower,0,22,9,0,31,0,17,37,0,54,0,39,46,0,85,126,0,126,211
04/12/2016,GMU,SC,ASO,ES,Federal Contract Tower,0,20,6,0,26,0,6,16,1,23,0,26,22,1,49,12,0,12,61
04/13/2016,GMU,SC,ASO,ES,Federal Contract Tower,0,30,16,0,46,0,22,61,8,91,0,52,77,8,137,16,0,16,153
04/14/2016,GMU,SC,ASO,ES,Federal Contract Tower,0,27,14,0,41,0,13,57,9,79,0,40,71,9,120,50,0,50,170
04/15/2016,GMU,SC,ASO,ES,Federal Contract Tower,0,14,12,0,26,2,31,39,0,72,2,45,51,0,98,16,2,18,116
04/16/2016,GMU,SC,ASO,ES,Federal Contract Tower,0,13,6,0,19,0,4,72,0,76,0,17,78,0,95,34,0,34,129
04/17/2016,GMU,SC,ASO,ES,Federal Contract Tower,0,13,21,0,34,0,14,72,10,96,0,27,93,10,130,34,0,34,164
04/18/2016,GMU,SC,ASO,ES,Federal Contract Tower,0,28,15,0,43,0,5,58,2,65,0,33,73,2,108,34,0,34,142
04/19/2016,GMU,SC,ASO,ES,Federal Contract Tower,0,28,8,0,36,0,19,58,7,84,0,47,66,7,120,150,4,154,274
04/20/2016,GMU,SC,ASO,ES,Federal Contract Tower,0,17,13,0,30,0,17,51,2,70,0,34,64,2,100,26,6,32,132
04/21/2016,GMU,SC,ASO,ES,Federal Contract Tower,0,28,23,0,51,0,13,63,0,76,0,41,86,0,127,136,0,136,263
04/22/2016,GMU,SC,ASO,ES,Federal Contract Tower,0,23,14,0,37,0,4,15,0,19,0,27,29,0,56,34,0,34,90
04/23/2016,GMU,SC,ASO,ES,Federal Contract Tower,0,10,11,0,21,0,5,99,0,104,0,15,110,0,125,46,0,46,171
04/24/2016,GMU,SC,ASO,ES,Federal Contract Tower,0,25,14,0,39,0,16,60,1,77,0,41,74,1,116,22,0,22,138
04/25/2016,GMU,SC,ASO,ES,Federal Contract Tower,0,14,17,0,31,0,14,66,2,82,0,28,83,2,113,28,0,28,141
04/26/2016,GMU,SC,ASO,ES,Federal Contract Tower,0,21,8,0,29,0,24,62,6,92,0,45,70,6,121,40,0,40,161
04/27/2016,GMU,SC,ASO,ES,Federal Contract Tower,0,28,7,0,35,0,11,60,37,108,0,39,67,37,143,26,0,26,169
04/28/2016,GMU,SC,ASO,ES,Federal Contract Tower,0,29,12,0,41,0,16,46,3,65,0,45,58,3,106,18,0,18,124
04/29/2016,GMU,SC,ASO,ES,Federal Contract Tower,0,35,25,0,60,0,26,93,0,119,0,61,118,0,179,70,0,70,249
04/30/2016,GMU,SC,ASO,ES,Federal Contract Tower,0,23,12,0,35,0,4,66,0,70,0,27,78,0,105,34,0,34,139
05/01/2016,GMU,SC,ASO,ES,Federal Contract Tower,0,20,11,0,31,0,0,24,0,24,0,20,35,0,55,2,0,2,57
05/02/2016,GMU,SC,ASO,ES,Federal Contract Tower,0,34,14,0,48,0,8,24,2,34,0,42,38,2,82,20,0,20,102
05/03/2016,GMU,SC,ASO,ES,Federal Contract Tower,0,27,15,0,42,0,14,26,0,40,0,41,41,0,82,30,0,30,112
05/04/2016,GMU,SC,ASO,ES,Federal Contract Tower,0,28,13,0,41,0,26,64,2,92,0,54,77,2,133,74,0,74,207
05/05/2016,GMU,SC,ASO,ES,Federal Contract Tower,0,26,9,0,35,0,16,29,4,49,0,42,38,4,84,54,4,58,142
05/06/2016,GMU,SC,ASO,ES,Federal Contract Tower,0,22,13,0,35,0,15,59,6,80,0,37,72,6,115,22,0,22,137
05/07/2016,GMU,SC,ASO,ES,Federal Contract Tower,0,18,11,0,29,0,7,80,5,92,0,25,91,5,121,40,0,40,161
05/08/2016,GMU,SC,ASO,ES,Federal Contract Tower,0,16,13,1,30,0,10,37,2,49,0,26,50,3,79,18,0,18,97
05/09/2016,GMU,SC,ASO,ES,Federal Contract Tower,0,16,8,0,24,0,24,73,0,97,0,40,81,0,121,18,0,18,139
05/10/2016,GMU,SC,ASO,ES,Federal Contract Tower,0,18,9,1,28,0,30,59,0,89,0,48,68,1,117,6,0,6,123
05/11/2016,GMU,SC,ASO,ES,Federal Contract Tower,0,37,12,1,50,0,20,47,0,67,0,57,59,1,117,26,0,26,143
05/12/2016,GMU,SC,ASO,ES,Federal Contract Tower,0,21,23,0,44,0,23,48,1,72,0,44,71,1,116,20,0,20,136
05/13/2016,GMU,SC,ASO,ES,Federal Contract Tower,0,22,20,0,42,0,22,69,11,102,0,44,89,11,144,68,0,68,212
05/14/2016,GMU,SC,ASO,ES,Federal Contract Tower,0,7,8,1,16,0,11,58,3,72,0,18,66,4,88,22,0,22,110
05/15/2016,GMU,SC,ASO,ES,Federal Contract Tower,0,16,9,0,25,0,5,56,3,64,0,21,65,3,89,4,0,4,93
05/16/2016,GMU,SC,ASO,ES,Federal Contract Tower,0,28,7,0,35,0,22,66,2,90,0,50,73,2,125,6,0,6,131
05/17/2016,GMU,SC,ASO,ES,Federal Contract Tower,0,14,14,0,28,0,13,15,2,30,0,27,29,2,58,20,0,20,78
05/18/2016,GMU,SC,ASO,ES,Federal Contract Tower,0,19,24,0,43,0,16,42,4,62,0,35,66,4,105,34,0,34,139
05/19/2016,GMU,SC,ASO,ES,Federal Contract Tower,0,33,24,0,57,0,0,0,0,0,0,33,24,0,57,0,0,0,57
05/20/2016,GMU,SC,ASO,ES,Federal Contract Tower,0,22,14,0,36,0,0,0,0,0,0,22,14,0,36,0,0,0,36
05/21/2016,GMU,SC,ASO,ES,Federal Contract Tower,0,15,16,0,31,0,5,25,0,30,0,20,41,0,61,38,0,38,99
05/22/2016,GMU,SC,ASO,ES,Federal Contract Tower,0,16,3,0,19,0,6,59,2,67,0,22,62,2,86,18,0,18,104
05/23/2016,GMU,SC,ASO,ES,Federal Contract Tower,0,22,15,0,37,0,14,92,2,108,0,36,107,2,145,44,0,44,189
05/24/2016,GMU,SC,ASO,ES,Federal Contract Tower,0,16,8,0,24,0,24,92,4,120,0,40,100,4,144,50,2,52,196
05/25/2016,GMU,SC,ASO,ES,Federal Contract Tower,0,30,12,1,43,0,10,78,5,93,0,40,90,6,136,28,0,28,164
05/26/2016,GMU,SC,ASO,ES,Federal Contract Tower,0,28,19,0,47,0,26,71,10,107,0,54,90,10,154,90,4,94,248
05/27/2016,GMU,SC,ASO,ES,Federal Contract Tower,0,9,12,0,21,0,13,84,2,99,0,22,96,2,120,82,0,82,202
05/28/2016,GMU,SC,ASO,ES,Federal Contract Tower,0,12,9,0,21,0,13,80,0,93,0,25,89,0,114,54,0,54,168
05/29/2016,GMU,SC,ASO,ES,Federal Contract Tower,0,10,2,0,12,0,0,4,0,4,0,10,6,0,16,0,0,0,16
05/30/2016,GMU,SC,ASO,ES,Federal Contract Tower,0,14,11,0,25,0,13,64,10,87,0,27,75,10,112,8,0,8,120
05/31/2016,GMU,SC,ASO,ES,Federal Contract Tower,0,30,13,0,43,0,11,35,2,48,0,41,48,2,91,16,0,16,107
06/01/2016,GMU,SC,ASO,ES,Federal Contract Tower,0,18,8,0,26,0,9,46,4,59,0,27,54,4,85,30,0,30,115
06/02/2016,GMU,SC,ASO,ES,Federal Contract Tower,0,18,18,0,36,0,14,63,6,83,0,32,81,6,119,70,8,78,197
06/03/2016,GMU,SC,ASO,ES,Federal Contract Tower,0,17,9,0,26,0,13,66,0,79,0,30,75,0,105,60,0,60,165
06/04/2016,GMU,SC,ASO,ES,Federal Contract Tower,0,14,15,3,32,0,6,60,11,77,0,20,75,14,109,48,0,48,157
06/05/2016,GMU,SC,ASO,ES,Federal Contract Tower,0,21,18,0,39,0,1,17,2,20,0,22,35,2,59,32,0,32,91
06/06/2016,GMU,SC,ASO,ES,Federal Contract Tower,0,14,7,0,21,0,2,36,4,42,0,16,43,4,63,38,0,38,101
06/07/2016,GMU,SC,ASO,ES,Federal Contract Tower,0,34,13,0,47,0,14,36,7,57,0,48,49,7,104,48,2,50,154
06/08/2016,GMU,SC,ASO,ES,Federal Contract Tower,0,26,13,1,40,0,18,77,0,95,0,44,90,1,135,102,0,102,237
06/09/2016,GMU,SC,ASO,ES,Federal Contract Tower,0,15,16,0,31,0,33,97,2,132,0,48,113,2,163,72,0,72,235
06/10/2016,GMU,SC,ASO,ES,Federal Contract Tower,0,31,11,0,42,0,19,76,0,95,0,50,87,0,137,30,0,30,167
06/11/2016,GMU,SC,ASO,ES,Federal Contract Tower,0,8,9,0,17,0,7,65,3,75,0,15,74,3,92,24,2,26,118
06/12/2016,GMU,SC,ASO,ES,Federal Contract Tower,0,21,16,2,39,0,10,56,2,68,0,31,72,4,107,36,0,36,143
06/13/2016,GMU,SC,ASO,ES,Federal Contract Tower,0,27,6,0,33,0,11,41,2,54,0,38,47,2,87,54,0,54,141
06/14/2016,GMU,SC,ASO,ES,Federal Contract Tower,0,26,3,0,29,0,6,43,4,53,0,32,46,4,82,62,0,62,144
06/15/2016,GMU,SC,ASO,ES,Federal Contract Tower,0,21,11,0,32,0,14,66,0,80,0,35,77,0,112,38,0,38,150
06/16/2016,GMU,SC,ASO,ES,Federal Contract Tower,0,26,16,0,42,0,18,48,2,68,0,44,64,2,110,42,8,50,160
06/17/2016,GMU,SC,ASO,ES,Federal Contract Tower,0,26,5,0,31,0,15,39,0,54,0,41,44,0,85,18,0,18,103
06/18/2016,GMU,SC,ASO,ES,Federal Contract Tower,0,16,12,0,28,0,4,50,0,54,0,20,62,0,82,52,0,52,134
06/19/2016,GMU,SC,ASO,ES,Federal Contract Tower,0,19,28,0,47,0,8,60,2,70,0,27,88,2,117,82,0,82,199
06/20/2016,GMU,SC,ASO,ES,Federal Contract Tower,0,36,8,0,44,0,25,68,2,95,0,61,76,2,139,60,0,60,199
06/21/2016,GMU,SC,ASO,ES,Federal Contract Tower,0,29,14,0,43,0,18,49,3,70,0,47,63,3,113,90,0,90,203
06/22/2016,GMU,SC,ASO,ES,Federal Contract Tower,0,27,9,2,38,0,20,55,4,79,0,47,64,6,117,60,0,60,177
06/23/2016,GMU,SC,ASO,ES,Federal Contract Tower,0,25,27,1,53,0,14,53,1,68,0,39,80,2,121,24,0,24,145
06/24/2016,GMU,SC,ASO,ES,Federal Contract Tower,0,34,10,0,44,0,29,67,0,96,0,63,77,0,140,64,0,64,204
06/25/2016,GMU,SC,ASO,ES,Federal Contract Tower,0,17,6,0,23,0,5,63,6,74,0,22,69,6,97,30,0,30,127
06/26/2016,GMU,SC,ASO,ES,Federal Contract Tower,0,20,22,0,42,0,16,32,0,48,0,36,54,0,90,30,0,30,120
06/27/2016,GMU,SC,ASO,ES,Federal Contract Tower,0,27,9,0,36,0,17,34,2,53,0,44,43,2,89,56,0,56,145
06/28/2016,GMU,SC,ASO,ES,Federal Contract Tower,0,28,20,0,48,0,16,30,4,50,0,44,50,4,98,34,0,34,132
06/29/2016,GMU,SC,ASO,ES,Federal Contract Tower,0,23,9,0,32,0,10,79,8,97,0,33,88,8,129,62,0,62,191
06/30/2016,GMU,SC,ASO,ES,Federal Contract Tower,0,28,16,0,44,0,13,25,2,40,0,41,41,2,84,10,0,10,94
07/01/2016,GMU,SC,ASO,ES,Federal Contract Tower,0,22,16,0,38,0,14,46,0,60,0,36,62,0,98,54,0,54,152
07/02/2016,GMU,SC,ASO,ES,Federal Contract Tower,0,12,15,0,27,0,15,85,0,100,0,27,100,0,127,30,0,30,157
07/03/2016,GMU,SC,ASO,ES,Federal Contract Tower,0,13,8,0,21,0,4,69,0,73,0,17,77,0,94,36,0,36,130
07/04/2016,GMU,SC,ASO,ES,Federal Contract Tower,0,12,5,0,17,0,7,17,0,24,0,19,22,0,41,22,0,22,63
07/05/2016,GMU,SC,ASO,ES,Federal Contract Tower,0,20,15,0,35,0,6,27,0,33,0,26,42,0,68,12,0,12,80
07/06/2016,GMU,SC,ASO,ES,Federal Contract Tower,0,22,12,0,34,0,11,22,4,37,0,33,34,4,71,8,0,8,79
07/07/2016,GMU,SC,ASO,ES,Federal Contract Tower,0,14,10,0,24,0,11,41,2,54,0,25,51,2,78,14,14,28,106
07/08/2016,GMU,SC,ASO,ES,Federal Contract Tower,0,19,9,0,28,0,10,33,2,45,0,29,42,2,73,28,0,28,101
07/09/2016,GMU,SC,ASO,ES,Federal Contract Tower,0,17,4,0,21,0,16,64,6,86,0,33,68,6,107,36,0,36,143
07/10/2016,GMU,SC,ASO,ES,Federal Contract Tower,0,6,7,0,13,0,5,56,0,61,0,11,63,0,74,56,0,56,130
07/11/2016,GMU,SC,ASO,ES,Federal Contract Tower,0,25,10,0,35,0,10,37,0,47,0,35,47,0,82,36,0,36,118
07/12/2016,GMU,SC,ASO,ES,Federal Contract Tower,0,15,13,0,28,0,17,67,0,84,0,32,80,0,112,52,0,52,164
07/13/2016,GMU,SC,ASO,ES,Federal Contract Tower,0,28,14,0,42,0,15,71,0,86,0,43,85,0,128,36,0,36,164
07/14/2016,GMU,SC,ASO,ES,Federal Contract Tower,0,23,8,0,31,0,13,59,5,77,0,36,67,5,108,64,4,68,176
07/15/2016,GMU,SC,ASO,ES,Federal Contract Tower,0,18,18,0,36,0,22,50,0,72,0,40,68,0,108,30,0,30,138
07/16/2016,GMU,SC,ASO,ES,Federal Contract Tower,0,21,8,0,29,0,8,36,1,45,0,29,44,1,74,24,0,24,98
07/17/2016,GMU,SC,ASO,ES,Federal Contract Tower,0,10,4,0,14,0,9,37,4,50,0,19,41,4,64,2,0,2,66
07/18/2016,GMU,SC,ASO,ES,Federal Contract Tower,0,13,10,0,23,0,15,39,0,54,0,28,49,0,77,42,0,42,119
07/19/2016,GMU,SC,ASO,ES,Federal Contract Tower,0,14,7,0,21,0,21,52,0,73,0,35,59,0,94,44,2,46,140
07/20/2016,GMU,SC,ASO,ES,Federal Contract Tower,0,19,15,0,34,0,15,61,2,78,0,34,76,2,112,16,0,16,128
07/21/2016,GMU,SC,ASO,ES,Federal Contract Tower,0,15,9,0,24,0,11,79,8,98,0,26,88,8,122,60,0,60,182
07/22/2016,GMU,SC,ASO,ES,Federal Contract Tower,0,15,11,0,26,0,16,52,4,72,0,31,63,4,98,20,0,20,118
07/23/2016,GMU,SC,ASO,ES,Federal Contract Tower,0,13,8,0,21,0,3,81,6,90,0,16,89,6,111,14,0,14,125
07/24/2016,GMU,SC,ASO,ES,Federal Contract Tower,0,17,9,0,26,0,4,35,4,43,0,21,44,4,69,30,0,30,99
07/25/2016,GMU,SC,ASO,ES,Federal Contract Tower,0,22,10,0,32,0,15,56,0,71,0,37,66,0,103,28,0,28,131
07/26/2016,GMU,SC,ASO,ES,Federal Contract Tower,0,35,7,0,42,0,25,75,2,102,0,60,82,2,144,38,4,42,186
07/27/2016,GMU,SC,ASO,ES,Federal Contract Tower,0,19,9,0,28,0,22,71,4,97,0,41,80,4,125,44,0,44,169
07/28/2016,GMU,SC,ASO,ES,Federal Contract Tower,0,38,9,0,47,0,19,61,4,84,0,57,70,4,131,30,0,30,161
07/29/2016,GMU,SC,ASO,ES,Federal Contract Tower,0,21,15,0,36,0,2,56,2,60,0,23,71,2,96,0,0,0,96
07/30/2016,GMU,SC,ASO,ES,Federal Contract Tower,0,17,11,0,28,0,18,77,0,95,0,35,88,0,123,36,0,36,159
07/31/2016,GMU,SC,ASO,ES,Federal Contract Tower,0,14,11,0,25,0,14,38,0,52,0,28,49,0,77,20,0,20,97
08/01/2016,GMU,SC,ASO,ES,Federal Contract Tower,0,16,9,0,25,0,4,29,0,33,0,20,38,0,58,32,0,32,90
08/02/2016,GMU,SC,ASO,ES,Federal Contract Tower,0,18,5,0,23,0,6,34,2,42,0,24,39,2,65,74,0,74,139
08/03/2016,GMU,SC,ASO,ES,Federal Contract Tower,0,26,8,0,34,0,4,15,0,19,0,30,23,0,53,26,0,26,79
08/04/2016,GMU,SC,ASO,ES,Federal Contract Tower,0,22,19,0,41,0,7,12,0,19,0,29,31,0,60,2,0,2,62
08/05/2016,GMU,SC,ASO,ES,Federal Contract Tower,0,17,16,0,33,0,7,26,0,33,0,24,42,0,66,34,0,34,100
08/06/2016,GMU,SC,ASO,ES,Federal Contract Tower,0,9,10,0,19,0,11,93,0,104,0,20,103,0,123,76,0,76,199
08/07/2016,GMU,SC,ASO,ES,Federal Contract Tower,0,20,4,0,24,0,4,25,0,29,0,24,29,0,53,16,0,16,69
08/08/2016,GMU,SC,ASO,ES,Federal Contract Tower,0,16,8,0,24,0,11,21,2,34,0,27,29,2,58,52,0,52,110
08/09/2016,GMU,SC,ASO,ES,Federal Contract Tower,0,19,9,0,28,0,9,16,0,25,0,28,25,0,53,30,0,30,83
08/10/2016,GMU,SC,ASO,ES,Federal Contract Tower,0,13,11,0,24,0,7,18,2,27,0,20,29,2,51,14,0,14,65
08/11/2016,GMU,SC,ASO,ES,Federal Contract Tower,0,30,20,0,50,0,3,42,2,47,0,33,62,2,97,78,4,82,179
08/12/2016,GMU,SC,ASO,ES,Federal Contract Tower,0,33,21,0,54,0,3,30,0,33,0,36,51,0,87,58,0,58,145
08/13/2016,GMU,SC,ASO,ES,Federal Contract Tower,0,17,15,0,32,0,5,50,0,55,0,22,65,0,87,18,0,18,105
08/14/2016,GMU,SC,ASO,ES,Federal Contract Tower,0,12,14,0,26,0,19,69,0,88,0,31,83,0,114,48,0,48,162
08/15/2016,GMU,SC,ASO,ES,Federal Contract Tower,0,18,4,0,22,0,7,61,0,68,0,25,65,0,90,42,0,42,132
08/16/2016,GMU,SC,ASO,ES,Federal Contract Tower,0,24,7,0,31,0,9,56,0,65,0,33,63,0,96,8,0,8,104
08/17/2016,GMU,SC,ASO,ES,Federal Contract Tower,0,14,10,0,24,0,7,57,13,77,0,21,67,13,101,22,8,30,131
08/18/2016,GMU,SC,ASO,ES,Federal Contract Tower,0,40,11,0,51,0,16,55,6,77,0,56,66,6,128,18,0,18,146
08/19/2016,GMU,SC,ASO,ES,Federal Contract Tower,0,31,13,0,44,0,5,56,0,61,0,36,69,0,105,56,0,56,161
08/20/2016,GMU,SC,ASO,ES,Federal Contract Tower,0,12,8,0,20,0,5,59,0,64,0,17,67,0,84,28,0,28,112
08/21/2016,GMU,SC,ASO,ES,Federal Contract Tower,0,25,9,0,34,0,3,32,0,35,0,28,41,0,69,12,0,12,81
08/22/2016,GMU,SC,ASO,ES,Federal Contract Tower,0,20,9,0,29,0,20,42,3,65,0,40,51,3,94,60,0,60,154
08/23/2016,GMU,SC,ASO,ES,Federal Contract Tower,0,24,10,2,36,0,36,63,9,108,0,60,73,11,144,48,0,48,192
08/24/2016,GMU,SC,ASO,ES,Federal Contract Tower,0,21,14,0,35,0,4,64,0,68,0,25,78,0,103,54,0,54,157
08/25/2016,GMU,SC,ASO,ES,Federal Contract Tower,0,18,18,1,37,0,22,64,6,92,0,40,82,7,129,56,2,58,187
08/26/2016,GMU,SC,ASO,ES,Federal Contract Tower,0,22,11,0,33,0,13,56,0,69,0,35,67,0,102,32,0,32,134
08/27/2016,GMU,SC,ASO,ES,Federal Contract Tower,0,7,12,0,19,0,6,81,0,87,0,13,93,0,106,18,0,18,124
08/28/2016,GMU,SC,ASO,ES,Federal Contract Tower,0,19,17,0,36,0,6,30,0,36,0,25,47,0,72,20,0,20,92
08/29/2016,GMU,SC,ASO,ES,Federal Contract Tower,0,17,3,0,20,0,10,44,0,54,0,27,47,0,74,24,0,24,98
08/30/2016,GMU,SC,ASO,ES,Federal Contract Tower,0,19,12,0,31,0,10,41,10,61,0,29,53,10,92,30,0,30,122
08/31/2016,GMU,SC,ASO,ES,Federal Contract Tower,0,18,7,0,25,0,24,82,2,108,0,42,89,2,133,36,2,38,171
09/01/2016,GMU,SC,ASO,ES,Federal Contract Tower,0,52,14,0,66,0,10,50,5,65,0,62,64,5,131,24,0,24,155
09/02/2016,GMU,SC,ASO,ES,Federal Contract Tower,0,17,6,0,23,0,0,0,0,0,0,17,6,0,23,0,0,0,23
09/03/2016,GMU,SC,ASO,ES,Federal Contract Tower,0,18,15,0,33,0,10,103,4,117,0,28,118,4,150,78,0,78,228
09/04/2016,GMU,SC,ASO,ES,Federal Contract Tower,0,2,19,0,21,0,3,72,0,75,0,5,91,0,96,8,0,8,104
09/05/2016,GMU,SC,ASO,ES,Federal Contract Tower,0,22,7,0,29,0,16,74,0,90,0,38,81,0,119,12,0,12,131
09/06/2016,GMU,SC,ASO,ES,Federal Contract Tower,0,15,11,0,26,0,28,57,0,85,0,43,68,0,111,30,0,30,141
09/07/2016,GMU,SC,ASO,ES,Federal Contract Tower,0,25,5,0,30,0,23,72,0,95,0,48,77,0,125,22,0,22,147
09/08/2016,GMU,SC,ASO,ES,Federal Contract Tower,0,24,10,0,34,0,24,67,0,91,0,48,77,0,125,18,0,18,143
09/09/2016,GMU,SC,ASO,ES,Federal Contract Tower,0,19,10,0,29,0,15,85,2,102,0,34,95,2,131,28,0,28,159
09/10/2016,GMU,SC,ASO,ES,Federal Contract Tower,0,7,12,0,19,0,11,81,0,92,0,18,93,0,111,24,0,24,135
09/11/2016,GMU,SC,ASO,ES,Federal Contract Tower,0,14,12,0,26,0,6,55,0,61,0,20,67,0,87,24,0,24,111
09/12/2016,GMU,SC,ASO,ES,Federal Contract Tower,0,15,5,0,20,0,11,32,0,43,0,26,37,0,63,34,0,34,97
09/13/2016,GMU,SC,ASO,ES,Federal Contract Tower,0,37,11,0,48,0,13,43,4,60,0,50,54,4,108,48,0,48,156
09/14/2016,GMU,SC,ASO,ES,Federal Contract Tower,0,35,9,0,44,0,27,40,0,67,0,62,49,0,111,30,0,30,141
09/15/2016,GMU,SC,ASO,ES,Federal Contract Tower,0,33,16,0,49,0,7,62,5,74,0,40,78,5,123,60,0,60,183
09/16/2016,GMU,SC,ASO,ES,Federal Contract Tower,0,43,6,0,49,0,7,26,5,38,0,50,32,5,87,10,0,10,97
09/17/2016,GMU,SC,ASO,ES,Federal Contract Tower,0,12,11,0,23,0,6,31,2,39,0,18,42,2,62,18,0,18,80
09/18/2016,GMU,SC,ASO,ES,Federal Contract Tower,0,25,14,0,39,0,6,38,0,44,0,31,52,0,83,6,0,6,89
09/19/2016,GMU,SC,ASO,ES,Federal Contract Tower,0,20,8,0,28,0,25,37,2,64,0,45,45,2,92,12,0,12,104
09/20/2016,GMU,SC,ASO,ES,Federal Contract Tower,0,34,21,0,55,0,16,58,0,74,0,50,79,0,129,48,0,48,177
09/21/2016,GMU,SC,ASO,ES,Federal Contract Tower,0,34,15,0,49,0,6,30,9,45,0,40,45,9,94,44,2,46,140
09/22/2016,GMU,SC,ASO,ES,Federal Contract Tower,0,34,26,0,60,0,6,44,0,50,0,40,70,0,110,22,0,22,132
09/23/2016,GMU,SC,ASO,ES,Federal Contract Tower,0,38,11,0,49,0,0,53,4,57,0,38,64,4,106,18,0,18,124
09/24/2016,GMU,SC,ASO,ES,Federal Contract Tower,0,20,11,0,31,0,2,89,0,91,0,22,100,0,122,16,0,16,138
09/25/2016,GMU,SC,ASO,ES,Federal Contract Tower,0,28,24,0,52,0,7,74,0,81,0,35,98,0,133,4,0,4,137
09/26/2016,GMU,SC,ASO,ES,Federal Contract Tower,0,17,5,0,22,0,16,29,0,45,0,33,34,0,67,26,0,26,93
09/27/2016,GMU,SC,ASO,ES,Federal Contract Tower,0,30,19,0,49,0,12,40,4,56,0,42,59,4,105,42,0,42,147
09/28/2016,GMU,SC,ASO,ES,Federal Contract Tower,0,24,14,0,38,0,7,31,0,38,0,31,45,0,76,12,0,12,88
09/29/2016,GMU,SC,ASO,ES,Federal Contract Tower,0,28,7,0,35,0,4,58,2,64,0,32,65,2,99,14,0,14,113
09/30/2016,GMU,SC,ASO,ES,Federal Contract Tower,0,35,19,0,54,0,21,73,3,97,0,56,92,3,151,24,0,24,175
10/01/2016,GMU,SC,ASO,ES,Federal Contract Tower,0,23,4,0,27,0,4,86,0,90,0,27,90,0,117,26,0,26,143
10/02/2016,GMU,SC,ASO,ES,Federal Contract Tower,0,39,15,0,54,0,9,51,0,60,0,48,66,0,114,30,0,30,144
10/03/2016,GMU,SC,ASO,ES,Federal Contract Tower,0,28,15,0,43,0,13,48,0,61,0,41,63,0,104,46,0,46,150
10/04/2016,GMU,SC,ASO,ES,Federal Contract Tower,0,17,13,0,30,0,22,31,2,55,0,39,44,2,85,26,0,26,111
10/05/2016,GMU,SC,ASO,ES,Federal Contract Tower,0,30,8,0,38,0,12,52,2,66,0,42,60,2,104,30,0,30,134
10/06/2016,GMU,SC,ASO,ES,Federal Contract Tower,0,29,27,0,56,0,18,52,0,70,0,47,79,0,126,46,0,46,172
10/07/2016,GMU,SC,ASO,ES,Federal Contract Tower,0,7,16,0,23,0,0,0,0,0,0,7,16,0,23,0,0,0,23
10/08/2016,GMU,SC,ASO,ES,Federal Contract Tower,0,3,3,0,6,0,0,1,0,1,0,3,4,0,7,0,0,0,7
10/09/2016,GMU,SC,ASO,ES,Federal Contract Tower,0,18,15,0,33,0,21,43,0,64,0,39,58,0,97,16,0,16,113
10/10/2016,GMU,SC,ASO,ES,Federal Contract Tower,0,10,15,0,25,0,11,74,0,85,0,21,89,0,110,38,0,38,148
10/11/2016,GMU,SC,ASO,ES,Federal Contract Tower,0,29,8,0,37,0,18,66,2,86,0,47,74,2,123,64,0,64,187
10/12/2016,GMU,SC,ASO,ES,Federal Contract Tower,0,23,17,0,40,0,19,72,3,94,0,42,89,3,134,40,0,40,174
10/13/2016,GMU,SC,ASO,ES,Federal Contract Tower,0,22,22,0,44,0,15,71,6,92,0,37,93,6,136,34,0,34,170
10/14/2016,GMU,SC,ASO,ES,Federal Contract Tower,0,26,20,0,46,0,15,82,0,97,0,41,102,0,143,72,0,72,215
10/15/2016,GMU,SC,ASO,ES,Federal Contract Tower,0,24,24,4,52,0,14,46,0,60,0,38,70,4,112,0,6,6,118
10/16/2016,GMU,SC,ASO,ES,Federal Contract Tower,0,22,18,0,40,0,22,86,0,108,0,44,104,0,148,30,0,30,178
10/17/2016,GMU,SC,ASO,ES,Federal Contract Tower,0,18,9,2,29,0,10,65,3,78,0,28,74,5,107,22,2,24,131
10/18/2016,GMU,SC,ASO,ES,Federal Contract Tower,0,27,11,2,40,0,31,43,17,91,0,58,54,19,131,54,14,68,199
10/19/2016,GMU,SC,ASO,ES,Federal Contract Tower,0,24,9,0,33,0,12,58,0,70,0,36,67,0,103,46,0,46,149
10/20/2016,GMU,SC,ASO,ES,Federal Contract Tower,0,30,18,0,48,0,15,77,6,98,0,45,95,6,146,46,0,46,192
10/21/2016,GMU,SC,ASO,ES,Federal Contract Tower,0,38,17,0,55,0,22,32,0,54,0,60,49,0,109,12,0,12,121
10/22/2016,GMU,SC,ASO,ES,Federal Contract Tower,0,15,7,0,22,0,19,68,0,87,0,34,75,0,109,16,8,24,133
10/23/2016,GMU,SC,ASO,ES,Federal Contract Tower,0,26,23,0,49,0,36,87,20,143,0,62,110,20,192,10,0,10,202
10/24/2016,GMU,SC,ASO,ES,Federal Contract Tower,0,16,4,0,20,0,19,64,0,83,0,35,68,0,103,70,0,70,173
10/25/2016,GMU,SC,ASO,ES,Federal Contract Tower,0,25,14,0,39,0,19,66,3,88,0,44,80,3,127,8,0,8,135
10/26/2016,GMU,SC,ASO,ES,Federal Contract Tower,0,22,8,0,30,0,27,58,7,92,0,49,66,7,122,0,0,0,122
10/27/2016,GMU,SC,ASO,ES,Federal Contract Tower,0,27,7,0,34,0,6,68,2,76,0,33,75,2,110,10,0,10,120
10/28/2016,GMU,SC,ASO,ES,Federal Contract Tower,0,29,14,0,43,0,7,75,4,86,0,36,89,4,129,54,0,54,183
10/29/2016,GMU,SC,ASO,ES,Federal Contract Tower,0,22,15,0,37,0,14,97,0,111,0,36,112,0,148,18,0,18,166
10/30/2016,GMU,SC,ASO,ES,Federal Contract Tower,0,29,10,0,39,0,9,82,2,93,0,38,92,2,132,10,0,10,142
10/31/2016,GMU,SC,ASO,ES,Federal Contract Tower,0,11,4,0,15,0,7,63,0,70,0,18,67,0,85,22,0,22,107
11/01/2016,GMU,SC,ASO,ES,Federal Contract Tower,0,16,19,0,35,0,9,47,0,56,0,25,66,0,91,22,0,22,113
11/02/2016,GMU,SC,ASO,ES,Federal Contract Tower,0,45,19,0,64,0,17,43,0,60,0,62,62,0,124,98,0,98,222
11/03/2016,GMU,SC,ASO,ES,Federal Contract Tower,0,31,12,0,43,0,15,60,2,77,0,46,72,2,120,42,0,42,162
11/04/2016,GMU,SC,ASO,ES,Federal Contract Tower,0,22,14,0,36,0,8,49,6,63,0,30,63,6,99,18,0,18,117
11/05/2016,GMU,SC,ASO,ES,Federal Contract Tower,0,14,4,2,20,0,5,83,4,92,0,19,87,6,112,16,4,20,132
11/06/2016,GMU,SC,ASO,ES,Federal Contract Tower,0,21,8,0,29,0,10,70,0,80,0,31,78,0,109,46,0,46,155
11/07/2016,GMU,SC,ASO,ES,Federal Contract Tower,0,29,6,1,36,0,18,50,0,68,0,47,56,1,104,62,0,62,166
11/08/2016,GMU,SC,ASO,ES,Federal Contract Tower,0,25,8,0,33,0,15,41,0,56,0,40,49,0,89,24,0,24,113
11/09/2016,GMU,SC,ASO,ES,Federal Contract Tower,0,32,5,0,37,0,17,39,0,56,0,49,44,0,93,30,0,30,123
11/10/2016,GMU,SC,ASO,ES,Federal Contract Tower,0,23,11,0,34,0,15,53,8,76,0,38,64,8,110,48,0,48,158
11/11/2016,GMU,SC,ASO,ES,Federal Contract Tower,0,33,21,0,54,0,11,65,11,87,0,44,86,11,141,86,0,86,227
11/12/2016,GMU,SC,ASO,ES,Federal Contract Tower,0,10,2,0,12,0,8,62,4,74,0,18,64,4,86,30,0,30,116
11/13/2016,GMU,SC,ASO,ES,Federal Contract Tower,0,25,12,0,37,0,0,9,0,9,0,25,21,0,46,16,0,16,62
11/14/2016,GMU,SC,ASO,ES,Federal Contract Tower,0,28,34,2,64,0,0,0,0,0,0,28,34,2,64,0,0,0,64
11/15/2016,GMU,SC,ASO,ES,Federal Contract Tower,0,26,12,0,38,0,9,30,2,41,0,35,42,2,79,32,0,32,111
11/16/2016,GMU,SC,ASO,ES,Federal Contract Tower,0,39,23,2,64,0,8,33,4,45,0,47,56,6,109,8,0,8,117
11/17/2016,GMU,SC,ASO,ES,Federal Contract Tower,0,28,14,0,42,0,12,53,6,71,0,40,67,6,113,70,0,70,183
11/18/2016,GMU,SC,ASO,ES,Federal Contract Tower,0,32,11,0,43,0,8,83,2,93,0,40,94,2,136,54,0,54,190
11/19/2016,GMU,SC,ASO,ES,Federal Contract Tower,0,25,7,0,32,0,1,36,4,41,0,26,43,4,73,46,0,46,119
11/20/2016,GMU,SC,ASO,ES,Federal Contract Tower,0,23,12,0,35,0,11,76,0,87,0,34,88,0,122,4,0,4,126
11/21/2016,GMU,SC,ASO,ES,Federal Contract Tower,0,23,18,0,41,0,10,38,0,48,0,33,56,0,89,6,0,6,95
11/22/2016,GMU,SC,ASO,ES,Federal Contract Tower,0,34,12,0,46,0,27,51,8,86,0,61,63,8,132,38,0,38,170
11/23/2016,GMU,SC,ASO,ES,Federal Contract Tower,0,19,17,0,36,0,15,68,2,85,0,34,85,2,121,84,0,84,205
11/24/2016,GMU,SC,ASO,ES,Federal Contract Tower,0,2,11,0,13,0,3,18,0,21,0,5,29,0,34,0,0,0,34
11/25/2016,GMU,SC,ASO,ES,Federal Contract Tower,0,11,11,0,22,0,13,81,4,98,0,24,92,4,120,42,0,42,162
11/26/2016,GMU,SC,ASO,ES,Federal Contract Tower,0,12,13,0,25,0,17,94,0,111,0,29,107,0,136,100,0,100,236
11/27/2016,GMU,SC,ASO,ES,Federal Contract Tower,0,44,17,0,61,0,14,65,0,79,0,58,82,0,140,4,0,4,144
11/28/2016,GMU,SC,ASO,ES,Federal Contract Tower,0,16,11,0,27,0,8,40,1,49,0,24,51,1,76,54,0,54,130
11/29/2016,GMU,SC,ASO,ES,Federal Contract Tower,0,26,6,0,32,0,2,5,0,7,0,28,11,0,39,0,0,0,39
11/30/2016,GMU,SC,ASO,ES,Federal Contract Tower,0,16,2,1,19,0,0,1,0,1,0,16,3,1,20,0,0,0,20
12/01/2016,GMU,SC,ASO,ES,Federal Contract Tower,0,44,16,1,61,0,17,73,2,92,0,61,89,3,153,44,0,44,197
12/02/2016,GMU,SC,ASO,ES,Federal Contract Tower,0,23,17,0,40,0,5,73,2,80,0,28,90,2,120,74,0,74,194
12/03/2016,GMU,SC,ASO,ES,Federal Contract Tower,0,24,10,0,34,0,5,80,0,85,0,29,90,0,119,74,0,74,193
12/04/2016,GMU,SC,ASO,ES,Federal Contract Tower,0,28,10,0,38,0,0,0,0,0,0,28,10,0,38,0,0,0,38
12/05/2016,GMU,SC,ASO,ES,Federal Contract Tower,0,15,7,0,22,0,3,14,0,17,0,18,21,0,39,24,0,24,63
12/06/2016,GMU,SC,ASO,ES,Federal Contract Tower,0,29,4,0,33,0,0,0,0,0,0,29,4,0,33,2,0,2,35
12/07/2016,GMU,SC,ASO,ES,Federal Contract Tower,0,21,16,1,38,0,3,57,2,62,0,24,73,3,100,102,2,104,204
12/08/2016,GMU,SC,ASO,ES,Federal Contract Tower,0,31,15,0,46,0,9,47,4,60,0,40,62,4,106,68,0,68,174
12/09/2016,GMU,SC,ASO,ES,Federal Contract Tower,0,21,13,1,35,0,5,74,2,81,0,26,87,3,116,80,0,80,196
12/10/2016,GMU,SC,ASO,ES,Federal Contract Tower,0,15,3,0,18,0,1,79,0,80,0,16,82,0,98,64,0,64,162
12/11/2016,GMU,SC,ASO,ES,Federal Contract Tower,0,23,8,0,31,0,8,35,0,43,0,31,43,0,74,34,0,34,108
12/12/2016,GMU,SC,ASO,ES,Federal Contract Tower,0,31,6,0,37,0,5,22,0,27,0,36,28,0,64,18,0,18,82
12/13/2016,GMU,SC,ASO,ES,Federal Contract Tower,0,17,15,0,32,0,0,0,0,0,0,17,15,0,32,6,0,6,38
12/14/2016,GMU,SC,ASO,ES,Federal Contract Tower,0,31,15,0,46,0,10,36,0,46,0,41,51,0,92,26,0,26,118
12/15/2016,GMU,SC,ASO,ES,Federal Contract Tower,0,25,14,1,40,0,16,69,4,89,0,41,83,5,129,62,0,62,191
12/16/2016,GMU,SC,ASO,ES,Federal Contract Tower,0,24,12,0,36,0,9,43,0,52,0,33,55,0,88,46,0,46,134
12/17/2016,GMU,SC,ASO,ES,Federal Contract Tower,0,14,6,0,20,0,0,0,0,0,0,14,6,0,20,0,0,0,20
12/18/2016,GMU,SC,ASO,ES,Federal Contract Tower,0,16,4,0,20,0,0,3,0,3,0,16,7,0,23,0,0,0,23
12/19/2016,GMU,SC,ASO,ES,Federal Contract Tower,0,31,5,0,36,0,1,21,0,22,0,32,26,0,58,72,0,72,130
12/20/2016,GMU,SC,ASO,ES,Federal Contract Tower,0,21,16,0,37,0,5,54,4,63,0,26,70,4,100,92,26,118,218
12/21/2016,GMU,SC,ASO,ES,Federal Contract Tower,0,19,17,0,36,0,16,87,1,104,0,35,104,1,140,36,6,42,182
12/22/2016,GMU,SC,ASO,ES,Federal Contract Tower,0,20,11,0,31,0,5,85,1,91,0,25,96,1,122,72,0,72,194
12/23/2016,GMU,SC,ASO,ES,Federal Contract Tower,0,15,8,0,23,0,6,75,0,81,0,21,83,0,104,44,0,44,148
12/24/2016,GMU,SC,ASO,ES,Federal Contract Tower,0,6,4,0,10,0,3,19,0,22,0,9,23,0,32,26,0,26,58
12/25/2016,GMU,SC,ASO,ES,Federal Contract Tower,0,6,4,0,10,0,3,3,0,6,0,9,7,0,16,0,0,0,16
12/26/2016,GMU,SC,ASO,ES,Federal Contract Tower,0,30,9,0,39,0,1,10,0,11,0,31,19,0,50,26,0,26,76
12/27/2016,GMU,SC,ASO,ES,Federal Contract Tower,0,24,13,0,37,0,3,4,0,7,0,27,17,0,44,30,0,30,74
12/28/2016,GMU,SC,ASO,ES,Federal Contract Tower,0,20,17,0,37,0,6,94,4,104,0,26,111,4,141,36,0,36,177
12/29/2016,GMU,SC,ASO,ES,Federal Contract Tower,0,19,12,0,31,0,6,20,0,26,0,25,32,0,57,32,0,32,89
12/30/2016,GMU,SC,ASO,ES,Federal Contract Tower,0,19,12,0,31,0,7,68,0,75,0,26,80,0,106,44,0,44,150
12/31/2016,GMU,SC,ASO,ES,Federal Contract Tower,0,12,6,0,18,0,6,47,2,55,0,18,53,2,73,20,0,20,93
01/01/2017,GMU,SC,ASO,ES,Federal Contract Tower,0,14,0,0,14,0,0,0,0,0,0,14,0,0,14,0,0,0,14
01/02/2017,GMU,SC,ASO,ES,Federal Contract Tower,0,15,11,0,26,0,0,0,0,0,0,15,11,0,26,4,0,4,30
01/03/2017,GMU,SC,ASO,ES,Federal Contract Tower,0,22,3,0,25,0,2,6,0,8,0,24,9,0,33,8,0,8,41
01/05/2017,GMU,SC,ASO,ES,Federal Contract Tower,0,31,12,4,47,0,14,59,0,73,0,45,71,4,120,36,4,40,160
01/06/2017,GMU,SC,ASO,ES,Federal Contract Tower,0,21,8,0,29,0,14,22,0,36,0,35,30,0,65,28,0,28,93
01/07/2017,GMU,SC,ASO,ES,Federal Contract Tower,0,0,0,0,0,0,5,2,0,7,0,5,2,0,7,0,0,0,7
01/08/2017,GMU,SC,ASO,ES,Federal Contract Tower,0,22,13,0,35,0,17,31,0,48,0,39,44,0,83,14,0,14,97
01/09/2017,GMU,SC,ASO,ES,Federal Contract Tower,0,20,6,0,26,0,4,48,0,52,0,24,54,0,78,66,0,66,144
01/10/2017,GMU,SC,ASO,ES,Federal Contract Tower,0,31,10,0,41,0,17,59,4,80,0,48,69,4,121,72,2,74,195
01/11/2017,GMU,SC,ASO,ES,Federal Contract Tower,0,14,6,0,20,0,2,28,0,30,0,16,34,0,50,88,0,88,138
01/12/2017,GMU,SC,ASO,ES,Federal Contract Tower,0,18,9,0,27,0,11,48,2,61,0,29,57,2,88,38,2,40,128
01/13/2017,GMU,SC,ASO,ES,Federal Contract Tower,0,14,6,0,20,0,9,87,0,96,0,23,93,0,116,42,0,42,158
01/14/2017,GMU,SC,ASO,ES,Federal Contract Tower,0,10,16,0,26,0,5,17,0,22,0,15,33,0,48,50,0,50,98
01/15/2017,GMU,SC,ASO,ES,Federal Contract Tower,0,20,6,0,26,0,12,83,0,95,0,32,89,0,121,84,0,84,205
01/16/2017,GMU,SC,ASO,ES,Federal Contract Tower,0,12,17,0,29,0,0,1,0,1,0,12,18,0,30,2,0,2,32
01/17/2017,GMU,SC,ASO,ES,Federal Contract Tower,0,37,16,0,53,0,10,15,0,25,0,47,31,0,78,44,0,44,122
01/18/2017,GMU,SC,ASO,ES,Federal Contract Tower,0,15,14,0,29,0,3,52,0,55,0,18,66,0,84,68,0,68,152
01/19/2017,GMU,SC,ASO,ES,Federal Contract Tower,0,19,13,0,32,0,13,74,0,87,0,32,87,0,119,98,0,98,217
01/20/2017,GMU,SC,ASO,ES,Federal Contract Tower,0,30,23,0,53,0,2,19,0,21,0,32,42,0,74,12,0,12,86
01/21/2017,GMU,SC,ASO,ES,Federal Contract Tower,0,3,0,0,3,0,0,0,0,0,0,3,0,0,3,0,0,0,3
01/22/2017,GMU,SC,ASO,ES,Federal Contract Tower,0,13,7,0,20,0,0,0,0,0,0,13,7,0,20,0,0,0,20
01/23/2017,GMU,SC,ASO,ES,Federal Contract Tower,0,23,9,0,32,0,1,7,0,8,0,24,16,0,40,6,0,6,46
01/24/2017,GMU,SC,ASO,ES,Federal Contract Tower,0,21,20,0,41,0,7,76,14,97,0,28,96,14,138,66,0,66,204
01/25/2017,GMU,SC,ASO,ES,Federal Contract Tower,0,29,11,0,40,0,10,72,12,94,0,39,83,12,134,98,0,98,232
01/26/2017,GMU,SC,ASO,ES,Federal Contract Tower,0,21,28,0,49,0,5,53,0,58,0,26,81,0,107,28,0,28,135
01/27/2017,GMU,SC,ASO,ES,Federal Contract Tower,0,28,9,0,37,0,6,47,1,54,0,34,56,1,91,72,0,72,163
01/28/2017,GMU,SC,ASO,ES,Federal Contract Tower,0,10,8,3,21,0,4,95,5,104,0,14,103,8,125,12,12,24,149
01/29/2017,GMU,SC,ASO,ES,Federal Contract Tower,0,21,3,0,24,0,7,41,0,48,0,28,44,0,72,54,0,54,126
01/30/2017,GMU,SC,ASO,ES,Federal Contract Tower,0,17,2,0,19,0,15,40,8,63,0,32,42,8,82,32,0,32,114
01/31/2017,GMU,SC,ASO,ES,Federal Contract Tower,0,11,8,0,19,0,26,73,0,99,0,37,81,0,118,30,0,30,148
02/01/2017,GMU,SC,ASO,ES,Federal Contract Tower,0,31,17,0,48,0,5,60,0,65,0,36,77,0,113,58,0,58,171
02/02/2017,GMU,SC,ASO,ES,Federal Contract Tower,0,21,12,0,33,0,11,65,0,76,0,32,77,0,109,58,0,58,167
02/03/2017,GMU,SC,ASO,ES,Federal Contract Tower,0,17,21,0,38,0,2,22,0,24,0,19,43,0,62,50,0,50,112
02/04/2017,GMU,SC,ASO,ES,Federal Contract Tower,0,10,13,0,23,0,9,88,0,97,0,19,101,0,120,80,0,80,200
02/05/2017,GMU,SC,ASO,ES,Federal Contract Tower,0,25,4,0,29,0,19,56,0,75,0,44,60,0,104,26,0,26,130
02/06/2017,GMU,SC,ASO,ES,Federal Contract Tower,0,28,12,0,40,0,10,51,0,61,0,38,63,0,101,44,0,44,145
02/07/2017,GMU,SC,ASO,ES,Federal Contract Tower,0,12,6,0,18,0,16,17,2,35,0,28,23,2,53,64,0,64,117
02/08/2017,GMU,SC,ASO,ES,Federal Contract Tower,0,32,14,0,46,0,8,33,0,41,0,40,47,0,87,12,0,12,99
02/09/2017,GMU,SC,ASO,ES,Federal Contract Tower,0,17,9,0,26,0,18,47,2,67,0,35,56,2,93,18,0,18,111
02/10/2017,GMU,SC,ASO,ES,Federal Contract Tower,0,20,13,0,33,0,21,76,4,101,0,41,89,4,134,82,0,82,216
02/11/2017,GMU,SC,ASO,ES,Federal Contract Tower,0,15,20,0,35,0,8,55,0,63,0,23,75,0,98,8,0,8,106
02/12/2017,GMU,SC,ASO,ES,Federal Contract Tower,0,24,17,0,41,0,16,28,0,44,0,40,45,0,85,16,0,16,101
02/13/2017,GMU,SC,ASO,ES,Federal Contract Tower,0,20,13,0,33,0,11,46,0,57,0,31,59,0,90,24,0,24,114
02/14/2017,GMU,SC,ASO,ES,Federal Contract Tower,0,20,14,0,34,0,22,63,0,85,0,42,77,0,119,44,0,44,163
02/15/2017,GMU,SC,ASO,ES,Federal Contract Tower,0,26,14,0,40,0,3,51,2,56,0,29,65,2,96,56,0,56,152
02/16/2017,GMU,SC,ASO,ES,Federal Contract Tower,0,36,12,0,48,0,12,73,2,87,0,48,85,2,135,48,8,56,191
02/17/2017,GMU,SC,ASO,ES,Federal Contract Tower,0,23,14,0,37,0,26,96,7,129,0,49,110,7,166,92,4,96,262
02/18/2017,GMU,SC,ASO,ES,Federal Contract Tower,0,18,6,0,24,0,10,94,3,107,0,28,100,3,131,50,0,50,181
02/19/2017,GMU,SC,ASO,ES,Federal Contract Tower,0,19,27,0,46,0,13,187,4,204,0,32,214,4,250,44,0,44,294
02/20/2017,GMU,SC,ASO,ES,Federal Contract Tower,0,27,14,0,41,0,22,67,2,91,0,49,81,2,132,54,0,54,186
02/21/2017,GMU,SC,ASO,ES,Federal Contract Tower,0,21,22,0,43,0,15,48,2,65,0,36,70,2,108,28,0,28,136
02/22/2017,GMU,SC,ASO,ES,Federal Contract Tower,0,24,13,0,37,0,5,13,0,18,0,29,26,0,55,36,0,36,91
02/23/2017,GMU,SC,ASO,ES,Federal Contract Tower,0,22,12,0,34,0,7,72,4,83,0,29,84,4,117,52,0,52,169
02/24/2017,GMU,SC,ASO,ES,Federal Contract Tower,0,26,24,0,50,0,10,60,4,74,0,36,84,4,124,48,0,48,172
02/25/2017,GMU,SC,ASO,ES,Federal Contract Tower,0,15,12,0,27,0,8,31,2,41,0,23,43,2,68,16,0,16,84
02/26/2017,GMU,SC,ASO,ES,Federal Contract Tower,0,23,15,0,38,0,7,79,0,86,0,30,94,0,124,6,0,6,130
02/27/2017,GMU,SC,ASO,ES,Federal Contract Tower,0,24,17,0,41,0,13,56,0,69,0,37,73,0,110,16,0,16,126
02/28/2017,GMU,SC,ASO,ES,Federal Contract Tower,0,20,13,0,33,0,6,39,0,45,0,26,52,0,78,46,0,46,124
03/01/2017,GMU,SC,ASO,ES,Federal Contract Tower,0,31,5,0,36,0,5,9,5,19,0,36,14,5,55,2,0,2,57
03/02/2017,GMU,SC,ASO,ES,Federal Contract Tower,0,36,20,0,56,0,15,89,10,114,0,51,109,10,170,48,0,48,218
03/03/2017,GMU,SC,ASO,ES,Federal Contract Tower,0,35,7,0,42,0,14,73,0,87,0,49,80,0,129,40,0,40,169
03/04/2017,GMU,SC,ASO,ES,Federal Contract Tower,0,16,15,0,31,0,10,81,1,92,0,26,96,1,123,40,8,48,171
03/05/2017,GMU,SC,ASO,ES,Federal Contract Tower,0,30,15,6,51,0,3,69,6,78,0,33,84,12,129,24,0,24,153
03/06/2017,GMU,SC,ASO,ES,Federal Contract Tower,0,12,11,0,23,0,7,29,6,42,0,19,40,6,65,0,0,0,65
03/07/2017,GMU,SC,ASO,ES,Federal Contract Tower,0,29,10,0,39,0,12,22,0,34,0,41,32,0,73,6,0,6,79
03/08/2017,GMU,SC,ASO,ES,Federal Contract Tower,0,33,13,0,46,0,24,76,2,102,0,57,89,2,148,84,0,84,232
03/09/2017,GMU,SC,ASO,ES,Federal Contract Tower,0,42,9,0,51,0,18,90,4,112,0,60,99,4,163,32,8,40,203
03/10/2017,GMU,SC,ASO,ES,Federal Contract Tower,0,29,16,2,47,0,14,22,0,36,0,43,38,2,83,0,0,0,83
03/11/2017,GMU,SC,ASO,ES,Federal Contract Tower,0,11,11,0,22,0,38,70,6,114,0,49,81,6,136,80,4,84,220
03/12/2017,GMU,SC,ASO,ES,Federal Contract Tower,0,30,3,0,33,0,4,12,0,16,0,34,15,0,49,18,0,18,67
03/13/2017,GMU,SC,ASO,ES,Federal Contract Tower,0,20,5,0,25,0,6,19,0,25,0,26,24,0,50,30,0,30,80
03/14/2017,GMU,SC,ASO,ES,Federal Contract Tower,0,23,5,0,28,0,13,27,2,42,0,36,32,2,70,32,0,32,102
03/15/2017,GMU,SC,ASO,ES,Federal Contract Tower,0,33,8,0,41,0,20,55,2,77,0,53,63,2,118,68,0,68,186
03/16/2017,GMU,SC,ASO,ES,Federal Contract Tower,0,30,10,2,42,0,37,65,6,108,0,67,75,8,150,62,10,72,222
03/17/2017,GMU,SC,ASO,ES,Federal Contract Tower,0,47,14,0,61,0,10,71,4,85,0,57,85,4,146,44,0,44,190
03/18/2017,GMU,SC,ASO,ES,Federal Contract Tower,0,12,6,0,18,0,5,23,0,28,0,17,29,0,46,34,0,34,80
03/19/2017,GMU,SC,ASO,ES,Federal Contract Tower,0,41,19,0,60,0,15,64,1,80,0,56,83,1,140,52,0,52,192
03/20/2017,GMU,SC,ASO,ES,Federal Contract Tower,0,21,5,0,26,0,4,80,2,86,0,25,85,2,112,4,0,4,116
03/22/2017,GMU,SC,ASO,ES,Federal Contract Tower,0,35,8,0,43,0,19,60,3,82,0,54,68,3,125,40,0,40,165
03/23/2017,GMU,SC,ASO,ES,Federal Contract Tower,0,17,6,1,24,0,18,79,5,102,0,35,85,6,126,46,0,46,172
03/24/2017,GMU,SC,ASO,ES,Federal Contract Tower,0,19,27,0,46,0,12,75,1,88,0,31,102,1,134,110,0,110,244
03/25/2017,GMU,SC,ASO,ES,Federal Contract Tower,0,14,17,0,31,0,26,99,7,132,0,40,116,7,163,30,12,42,205
03/26/2017,GMU,SC,ASO,ES,Federal Contract Tower,0,21,13,0,34,0,2,11,0,13,0,23,24,0,47,12,0,12,59
03/27/2017,GMU,SC,ASO,ES,Federal Contract Tower,0,15,6,0,21,0,20,60,0,80,0,35,66,0,101,84,0,84,185
03/30/2017,GMU,SC,ASO,ES,Federal Contract Tower,0,35,8,0,43,0,1,0,0,1,0,36,8,0,44,0,0,0,44
03/31/2017,GMU,SC,ASO,ES,Federal Contract Tower,0,24,14,0,38,0,27,26,0,53,0,51,40,0,91,24,0,24,115
04/01/2017,GMU,SC,ASO,ES,Federal Contract Tower,0,16,6,0,22,0,39,117,0,156,0,55,123,0,178,64,0,64,242
04/02/2017,GMU,SC,ASO,ES,Federal Contract Tower,0,30,11,0,41,0,5,91,0,96,0,35,102,0,137,64,0,64,201
04/03/2017,GMU,SC,ASO,ES,Federal Contract Tower,0,23,2,0,25,0,4,0,0,4,0,27,2,0,29,0,0,0,29
04/04/2017,GMU,SC,ASO,ES,Federal Contract Tower,0,20,7,0,27,0,30,82,4,116,0,50,89,4,143,20,0,20,163
04/05/2017,GMU,SC,ASO,ES,Federal Contract Tower,0,18,7,0,25,0,3,12,0,15,0,21,19,0,40,60,0,60,100
04/06/2017,GMU,SC,ASO,ES,Federal Contract Tower,0,29,7,0,36,0,12,6,4,22,0,41,13,4,58,2,0,2,60
04/07/2017,GMU,SC,ASO,ES,Federal Contract Tower,0,21,8,0,29,0,3,28,0,31,0,24,36,0,60,56,0,56,116
04/08/2017,GMU,SC,ASO,ES,Federal Contract Tower,0,21,8,0,29,0,7,102,0,109,0,28,110,0,138,64,0,64,202
04/09/2017,GMU,SC,ASO,ES,Federal Contract Tower,0,14,9,0,23,0,2,92,0,94,0,16,101,0,117,16,0,16,133
04/10/2017,GMU,SC,ASO,ES,Federal Contract Tower,0,15,7,0,22,0,11,78,4,93,0,26,85,4,115,16,2,18,133
04/11/2017,GMU,SC,ASO,ES,Federal Contract Tower,0,13,5,0,18,0,10,75,2,87,0,23,80,2,105,78,0,78,183
04/12/2017,GMU,SC,ASO,ES,Federal Contract Tower,0,26,17,0,43,0,15,56,4,75,0,41,73,4,118,108,0,108,226
04/13/2017,GMU,SC,ASO,ES,Federal Contract Tower,0,36,12,0,48,0,21,81,2,104,0,57,93,2,152,38,0,38,190
04/14/2017,GMU,SC,ASO,ES,Federal Contract Tower,0,19,10,0,29,0,7,49,0,56,0,26,59,0,85,0,0,0,85
04/15/2017,GMU,SC,ASO,ES,Federal Contract Tower,0,13,11,0,24,0,21,51,8,80,0,34,62,8,104,18,0,18,122
04/16/2017,GMU,SC,ASO,ES,Federal Contract Tower,0,16,6,0,22,0,8,20,0,28,0,24,26,0,50,0,0,0,50
04/17/2017,GMU,SC,ASO,ES,Federal Contract Tower,0,25,14,0,39,0,5,24,0,29,0,30,38,0,68,4,0,4,72
04/18/2017,GMU,SC,ASO,ES,Federal Contract Tower,0,23,18,0,41,0,3,11,0,14,0,26,29,0,55,40,0,40,95
04/19/2017,GMU,SC,ASO,ES,Federal Contract Tower,0,26,15,0,41,0,4,2,0,6,0,30,17,0,47,0,0,0,47
04/20/2017,GMU,SC,ASO,ES,Federal Contract Tower,0,35,21,0,56,0,19,79,2,100,0,54,100,2,156,130,0,130,286
04/21/2017,GMU,SC,ASO,ES,Federal Contract Tower,0,26,18,0,44,0,14,71,0,85,0,40,89,0,129,16,0,16,145
04/22/2017,GMU,SC,ASO,ES,Federal Contract Tower,0,13,14,0,27,0,6,49,0,55,0,19,63,0,82,20,0,20,102
04/23/2017,GMU,SC,ASO,ES,Federal Contract Tower,0,14,6,0,20,0,0,0,0,0,0,14,6,0,20,0,0,0,20
04/24/2017,GMU,SC,ASO,ES,Federal Contract Tower,0,25,3,0,28,0,0,0,0,0,0,25,3,0,28,0,0,0,28
04/25/2017,GMU,SC,ASO,ES,Federal Contract Tower,0,32,22,1,55,0,14,54,2,70,0,46,76,3,125,26,0,26,151
04/26/2017,GMU,SC,ASO,ES,Federal Contract Tower,0,45,6,2,53,0,9,93,3,105,0,54,99,5,158,72,2,74,232
04/27/2017,GMU,SC,ASO,ES,Federal Contract Tower,0,29,7,0,36,0,10,12,0,22,0,39,19,0,58,54,0,54,112
04/28/2017,GMU,SC,ASO,ES,Federal Contract Tower,0,22,28,0,50,0,23,57,0,80,0,45,85,0,130,40,0,40,170
04/29/2017,GMU,SC,ASO,ES,Federal Contract Tower,0,14,19,0,33,0,26,79,0,105,0,40,98,0,138,34,0,34,172
04/30/2017,GMU,SC,ASO,ES,Federal Contract Tower,0,39,15,0,54,0,1,45,0,46,0,40,60,0,100,50,0,50,150
05/01/2017,GMU,SC,ASO,ES,Federal Contract Tower,0,23,8,0,31,0,3,5,0,8,0,26,13,0,39,38,0,38,77
05/02/2017,GMU,SC,ASO,ES,Federal Contract Tower,0,18,4,0,22,0,28,70,0,98,0,46,74,0,120,68,0,68,188
05/03/2017,GMU,SC,ASO,ES,Federal Contract Tower,0,15,11,0,26,0,32,95,6,133,0,47,106,6,159,30,0,30,189
05/04/2017,GMU,SC,ASO,ES,Federal Contract Tower,0,20,9,1,30,0,9,15,1,25,0,29,24,2,55,12,4,16,71
05/05/2017,GMU,SC,ASO,ES,Federal Contract Tower,0,25,24,0,49,0,7,27,0,34,0,32,51,0,83,26,0,26,109
05/06/2017,GMU,SC,ASO,ES,Federal Contract Tower,0,14,10,0,24,0,12,72,2,86,0,26,82,2,110,68,4,72,182
05/07/2017,GMU,SC,ASO,ES,Federal Contract Tower,0,32,22,0,54,0,12,80,0,92,0,44,102,0,146,16,10,26,172
05/08/2017,GMU,SC,ASO,ES,Federal Contract Tower,0,27,17,0,44,0,15,84,0,99,0,42,101,0,143,50,0,50,193
05/09/2017,GMU,SC,ASO,ES,Federal Contract Tower,0,30,9,1,40,0,17,51,0,68,0,47,60,1,108,100,10,110,218
05/10/2017,GMU,SC,ASO,ES,Federal Contract Tower,0,36,14,0,50,0,28,85,5,118,0,64,99,5,168,20,18,38,206
05/11/2017,GMU,SC,ASO,ES,Federal Contract Tower,0,24,22,0,46,0,19,73,1,93,0,43,95,1,139,24,0,24,163
05/12/2017,GMU,SC,ASO,ES,Federal Contract Tower,0,33,16,0,49,0,3,16,0,19,0,36,32,0,68,14,0,14,82
05/13/2017,GMU,SC,ASO,ES,Federal Contract Tower,0,11,24,0,35,0,6,5,0,11,0,17,29,0,46,4,0,4,50
05/14/2017,GMU,SC,ASO,ES,Federal Contract Tower,0,12,12,0,24,0,5,95,0,100,0,17,107,0,124,32,0,32,156
05/15/2017,GMU,SC,ASO,ES,Federal Contract Tower,0,25,15,0,40,0,20,59,0,79,0,45,74,0,119,78,0,78,197
05/16/2017,GMU,SC,ASO,ES,Federal Contract Tower,0,27,9,0,36,0,32,72,8,112,0,59,81,8,148,36,28,64,212
05/17/2017,GMU,SC,ASO,ES,Federal Contract Tower,0,36,12,0,48,0,16,93,2,111,0,52,105,2,159,48,0,48,207
05/18/2017,GMU,SC,ASO,ES,Federal Contract Tower,0,38,34,0,72,0,8,26,3,37,0,46,60,3,109,18,0,18,127
05/19/2017,GMU,SC,ASO,ES,Federal Contract Tower,0,25,5,0,30,0,23,80,18,121,0,48,85,18,151,68,0,68,219
05/20/2017,GMU,SC,ASO,ES,Federal Contract Tower,0,18,21,0,39,0,7,80,6,93,0,25,101,6,132,46,2,48,180
05/21/2017,GMU,SC,ASO,ES,Federal Contract Tower,0,19,5,0,24,0,0,0,0,0,0,19,5,0,24,0,0,0,24
05/22/2017,GMU,SC,ASO,ES,Federal Contract Tower,0,22,10,0,32,0,10,9,0,19,0,32,19,0,51,14,0,14,65
05/23/2017,GMU,SC,ASO,ES,Federal Contract Tower,0,23,15,0,38,0,0,2,0,2,0,23,17,0,40,2,0,2,42
05/24/2017,GMU,SC,ASO,ES,Federal Contract Tower,0,21,14,0,35,0,1,6,0,7,0,22,20,0,42,0,0,0,42
05/25/2017,GMU,SC,ASO,ES,Federal Contract Tower,0,43,16,0,59,0,21,68,5,94,0,64,84,5,153,18,0,18,171
05/26/2017,GMU,SC,ASO,ES,Federal Contract Tower,0,31,18,0,49,0,17,96,6,119,0,48,114,6,168,88,0,88,256
05/27/2017,GMU,SC,ASO,ES,Federal Contract Tower,0,8,7,0,15,0,7,63,2,72,0,15,70,2,87,42,2,44,131
05/28/2017,GMU,SC,ASO,ES,Federal Contract Tower,0,15,8,0,23,0,2,15,0,17,0,17,23,0,40,52,0,52,92
05/29/2017,GMU,SC,ASO,ES,Federal Contract Tower,0,19,11,0,30,0,2,67,0,69,0,21,78,0,99,74,0,74,173
05/30/2017,GMU,SC,ASO,ES,Federal Contract Tower,0,30,9,0,39,0,33,56,2,91,0,63,65,2,130,74,0,74,204
05/31/2017,GMU,SC,ASO,ES,Federal Contract Tower,0,39,14,0,53,0,8,59,2,69,0,47,73,2,122,46,0,46,168
06/01/2017,GMU,SC,ASO,ES,Federal Contract Tower,0,25,20,0,45,0,9,76,1,86,0,34,96,1,131,142,0,142,273
06/02/2017,GMU,SC,ASO,ES,Federal Contract Tower,0,28,14,0,42,0,3,99,2,104,0,31,113,2,146,32,0,32,178
06/03/2017,GMU,SC,ASO,ES,Federal Contract Tower,0,19,14,1,34,0,11,88,1,100,0,30,102,2,134,14,0,14,148
06/04/2017,GMU,SC,ASO,ES,Federal Contract Tower,0,21,10,0,31,0,3,24,0,27,0,24,34,0,58,18,0,18,76
06/05/2017,GMU,SC,ASO,ES,Federal Contract Tower,0,25,12,0,37,0,4,10,0,14,0,29,22,0,51,18,0,18,69
06/06/2017,GMU,SC,ASO,ES,Federal Contract Tower,0,21,19,0,40,0,14,49,1,64,0,35,68,1,104,64,0,64,168
06/07/2017,GMU,SC,ASO,ES,Federal Contract Tower,0,31,16,5,52,0,11,95,5,111,0,42,111,10,163,62,14,76,239
06/08/2017,GMU,SC,ASO,ES,Federal Contract Tower,0,33,12,1,46,0,16,72,3,91,0,49,84,4,137,68,0,68,205
06/09/2017,GMU,SC,ASO,ES,Federal Contract Tower,0,17,16,0,33,0,5,99,2,106,0,22,115,2,139,94,0,94,233
06/10/2017,GMU,SC,ASO,ES,Federal Contract Tower,0,16,12,0,28,0,5,113,0,118,0,21,125,0,146,28,0,28,174
06/11/2017,GMU,SC,ASO,ES,Federal Contract Tower,0,18,19,0,37,0,5,68,2,75,0,23,87,2,112,22,0,22,134
06/12/2017,GMU,SC,ASO,ES,Federal Contract Tower,0,26,13,0,39,0,12,87,2,101,0,38,100,2,140,60,0,60,200
06/13/2017,GMU,SC,ASO,ES,Federal Contract Tower,0,37,9,0,46,0,14,56,1,71,0,51,65,1,117,54,2,56,173
06/14/2017,GMU,SC,ASO,ES,Federal Contract Tower,0,23,6,0,29,0,6,82,0,88,0,29,88,0,117,88,0,88,205
06/15/2017,GMU,SC,ASO,ES,Federal Contract Tower,0,20,18,0,38,0,17,58,2,77,0,37,76,2,115,80,0,80,195
06/16/2017,GMU,SC,ASO,ES,Federal Contract Tower,0,27,13,0,40,0,15,54,2,71,0,42,67,2,111,40,0,40,151
06/17/2017,GMU,SC,ASO,ES,Federal Contract Tower,0,10,17,0,27,0,7,47,2,56,0,17,64,2,83,46,0,46,129
06/18/2017,GMU,SC,ASO,ES,Federal Contract Tower,0,16,7,0,23,0,3,33,0,36,0,19,40,0,59,28,0,28,87
06/19/2017,GMU,SC,ASO,ES,Federal Contract Tower,0,29,16,0,45,0,4,37,0,41,0,33,53,0,86,66,0,66,152
06/20/2017,GMU,SC,ASO,ES,Federal Contract Tower,0,26,19,0,45,0,8,41,2,51,0,34,60,2,96,68,0,68,164
06/21/2017,GMU,SC,ASO,ES,Federal Contract Tower,0,28,19,0,47,0,11,32,0,43,0,39,51,0,90,52,0,52,142
06/22/2017,GMU,SC,ASO,ES,Federal Contract Tower,0,32,16,0,48,0,10,16,0,26,0,42,32,0,74,26,8,34,108
06/23/2017,GMU,SC,ASO,ES,Federal Contract Tower,0,23,17,0,40,0,5,40,8,53,0,28,57,8,93,26,4,30,123
06/24/2017,GMU,SC,ASO,ES,Federal Contract Tower,0,9,19,0,28,0,0,33,0,33,0,9,52,0,61,68,0,68,129
06/25/2017,GMU,SC,ASO,ES,Federal Contract Tower,0,43,13,0,56,0,5,71,2,78,0,48,84,2,134,18,0,18,152
06/26/2017,GMU,SC,ASO,ES,Federal Contract Tower,0,15,14,0,29,0,13,83,4,100,0,28,97,4,129,100,0,100,229
06/27/2017,GMU,SC,ASO,ES,Federal Contract Tower,0,31,16,0,47,0,14,79,0,93,0,45,95,0,140,78,0,78,218
06/28/2017,GMU,SC,ASO,ES,Federal Contract Tower,0,26,18,0,44,0,38,70,3,111,0,64,88,3,155,68,0,68,223
06/29/2017,GMU,SC,ASO,ES,Federal Contract Tower,0,27,16,0,43,0,8,55,2,65,0,35,71,2,108,30,0,30,138
06/30/2017,GMU,SC,ASO,ES,Federal Contract Tower,0,17,12,0,29,0,0,0,0,0,0,17,12,0,29,0,0,0,29
07/01/2017,GMU,SC,ASO,ES,Federal Contract Tower,0,18,15,0,33,0,3,28,0,31,0,21,43,0,64,24,0,24,88
07/02/2017,GMU,SC,ASO,ES,Federal Contract Tower,0,15,8,0,23,0,2,55,0,57,0,17,63,0,80,20,0,20,100
07/03/2017,GMU,SC,ASO,ES,Federal Contract Tower,0,11,11,0,22,0,3,48,5,56,0,14,59,5,78,22,4,26,104
07/04/2017,GMU,SC,ASO,ES,Federal Contract Tower,0,3,8,0,11,0,1,29,0,30,0,4,37,0,41,38,0,38,79
07/05/2017,GMU,SC,ASO,ES,Federal Contract Tower,0,34,18,4,56,0,7,40,3,50,0,41,58,7,106,16,6,22,128
07/06/2017,GMU,SC,ASO,ES,Federal Contract Tower,0,23,12,0,35,0,16,44,1,61,0,39,56,1,96,30,0,30,126
07/07/2017,GMU,SC,ASO,ES,Federal Contract Tower,0,17,13,0,30,0,15,66,6,87,0,32,79,6,117,4,0,4,121
07/08/2017,GMU,SC,ASO,ES,Federal Contract Tower,0,12,3,0,15,0,9,52,0,61,0,21,55,0,76,30,0,30,106
07/09/2017,GMU,SC,ASO,ES,Federal Contract Tower,0,10,12,0,22,0,16,68,2,86,0,26,80,2,108,6,0,6,114
07/10/2017,GMU,SC,ASO,ES,Federal Contract Tower,0,25,13,0,38,0,12,78,0,90,0,37,91,0,128,36,0,36,164
07/11/2017,GMU,SC,ASO,ES,Federal Contract Tower,0,16,8,0,24,0,9,57,3,69,0,25,65,3,93,64,6,70,163
07/12/2017,GMU,SC,ASO,ES,Federal Contract Tower,0,25,13,0,38,0,16,72,2,90,0,41,85,2,128,18,0,18,146
07/13/2017,GMU,SC,ASO,ES,Federal Contract Tower,0,15,13,1,29,0,8,100,4,112,0,23,113,5,141,78,0,78,219
07/14/2017,GMU,SC,ASO,ES,Federal Contract Tower,0,24,13,0,37,0,6,65,0,71,0,30,78,0,108,60,0,60,168
07/15/2017,GMU,SC,ASO,ES,Federal Contract Tower,0,8,10,0,18,0,4,62,6,72,0,12,72,6,90,72,0,72,162
07/16/2017,GMU,SC,ASO,ES,Federal Contract Tower,0,24,6,0,30,0,7,28,5,40,0,31,34,5,70,52,6,58,128
07/17/2017,GMU,SC,ASO,ES,Federal Contract Tower,0,17,17,0,34,0,13,42,1,56,0,30,59,1,90,42,0,42,132
07/18/2017,GMU,SC,ASO,ES,Federal Contract Tower,0,26,21,0,47,0,24,56,7,87,0,50,77,7,134,60,0,60,194
07/19/2017,GMU,SC,ASO,ES,Federal Contract Tower,0,25,6,0,31,0,7,72,7,86,0,32,78,7,117,78,0,78,195
07/20/2017,GMU,SC,ASO,ES,Federal Contract Tower,0,30,23,0,53,0,15,80,2,97,0,45,103,2,150,58,0,58,208
07/21/2017,GMU,SC,ASO,ES,Federal Contract Tower,0,31,12,0,43,0,9,61,5,75,0,40,73,5,118,36,0,36,154
07/22/2017,GMU,SC,ASO,ES,Federal Contract Tower,0,8,13,0,21,0,2,82,0,84,0,10,95,0,105,50,0,50,155
07/23/2017,GMU,SC,ASO,ES,Federal Contract Tower,0,21,11,0,32,0,10,55,0,65,0,31,66,0,97,24,0,24,121
07/24/2017,GMU,SC,ASO,ES,Federal Contract Tower,0,20,13,0,33,0,13,69,4,86,0,33,82,4,119,78,0,78,197
07/25/2017,GMU,SC,ASO,ES,Federal Contract Tower,0,25,12,0,37,0,6,80,2,88,0,31,92,2,125,92,0,92,217
07/26/2017,GMU,SC,ASO,ES,Federal Contract Tower,0,25,20,0,45,0,13,56,2,71,0,38,76,2,116,58,0,58,174
07/27/2017,GMU,SC,ASO,ES,Federal Contract Tower,0,25,8,0,33,0,12,72,1,85,0,37,80,1,118,46,0,46,164
07/28/2017,GMU,SC,ASO,ES,Federal Contract Tower,0,26,14,1,41,0,7,58,3,68,0,33,72,4,109,66,0,66,175
07/29/2017,GMU,SC,ASO,ES,Federal Contract Tower,0,13,12,2,27,0,17,76,0,93,0,30,88,2,120,52,0,52,172
07/30/2017,GMU,SC,ASO,ES,Federal Contract Tower,0,10,13,0,23,0,4,81,0,85,0,14,94,0,108,70,0,70,178
07/31/2017,GMU,SC,ASO,ES,Federal Contract Tower,0,14,8,0,22,0,18,85,1,104,0,32,93,1,126,86,0,86,212
08/01/2017,GMU,SC,ASO,ES,Federal Contract Tower,0,24,7,0,31,0,14,83,5,102,0,38,90,5,133,56,4,60,193
08/02/2017,GMU,SC,ASO,ES,Federal Contract Tower,0,17,18,0,35,0,20,85,1,106,0,37,103,1,141,42,0,42,183
08/03/2017,GMU,SC,ASO,ES,Federal Contract Tower,0,16,17,1,34,0,11,92,1,104,0,27,109,2,138,48,0,48,186
08/04/2017,GMU,SC,ASO,ES,Federal Contract Tower,0,15,12,0,27,0,19,47,0,66,0,34,59,0,93,32,0,32,125
08/05/2017,GMU,SC,ASO,ES,Federal Contract Tower,0,9,8,0,17,0,1,88,6,95,0,10,96,6,112,60,0,60,172
08/06/2017,GMU,SC,ASO,ES,Federal Contract Tower,0,21,14,0,35,0,8,73,10,91,0,29,87,10,126,22,4,26,152
08/07/2017,GMU,SC,ASO,ES,Federal Contract Tower,0,15,4,0,19,0,6,4,0,10,0,21,8,0,29,12,0,12,41
08/08/2017,GMU,SC,ASO,ES,Federal Contract Tower,0,29,16,0,45,0,1,14,0,15,0,30,30,0,60,46,0,46,106
08/09/2017,GMU,SC,ASO,ES,Federal Contract Tower,0,16,11,0,27,0,3,43,12,58,0,19,54,12,85,36,0,36,121
08/10/2017,GMU,SC,ASO,ES,Federal Contract Tower,0,28,12,0,40,0,11,24,0,35,0,39,36,0,75,32,0,32,107
08/11/2017,GMU,SC,ASO,ES,Federal Contract Tower,0,31,13,0,44,0,0,1,0,1,0,31,14,0,45,16,0,16,61
08/12/2017,GMU,SC,ASO,ES,Federal Contract Tower,0,9,12,0,21,0,1,47,0,48,0,10,59,0,69,164,0,164,233
08/13/2017,GMU,SC,ASO,ES,Federal Contract Tower,0,28,14,2,44,0,4,50,0,54,0,32,64,2,98,40,0,40,138
08/14/2017,GMU,SC,ASO,ES,Federal Contract Tower,0,22,17,0,39,0,1,9,0,10,0,23,26,0,49,40,0,40,89
08/15/2017,GMU,SC,ASO,ES,Federal Contract Tower,0,30,21,0,51,0,7,45,4,56,0,37,66,4,107,8,8,16,123
08/16/2017,GMU,SC,ASO,ES,Federal Contract Tower,0,26,21,1,48,0,8,83,4,95,0,34,104,5,143,48,2,50,193
08/17/2017,GMU,SC,ASO,ES,Federal Contract Tower,0,28,11,2,41,0,12,67,3,82,0,40,78,5,123,24,2,26,149
08/18/2017,GMU,SC,ASO,ES,Federal Contract Tower,0,22,14,0,36,0,8,57,2,67,0,30,71,2,103,26,0,26,129
08/19/2017,GMU,SC,ASO,ES,Federal Contract Tower,0,26,20,0,46,0,25,99,4,128,0,51,119,4,174,60,0,60,234
08/20/2017,GMU,SC,ASO,ES,Federal Contract Tower,0,27,26,0,53,0,16,73,0,89,0,43,99,0,142,2,0,2,144
08/21/2017,GMU,SC,ASO,ES,Federal Contract Tower,0,24,34,2,60,0,32,105,13,150,0,56,139,15,210,8,0,8,218
08/22/2017,GMU,SC,ASO,ES,Federal Contract Tower,0,31,22,0,53,0,18,86,4,108,0,49,108,4,161,4,0,4,165
08/23/2017,GMU,SC,ASO,ES,Federal Contract Tower,0,23,8,0,31,0,15,39,4,58,0,38,47,4,89,18,0,18,107
08/24/2017,GMU,SC,ASO,ES,Federal Contract Tower,0,25,15,0,40,0,7,64,2,73,0,32,79,2,113,60,6,66,179
08/25/2017,GMU,SC,ASO,ES,Federal Contract Tower,0,17,21,0,38,0,15,80,2,97,0,32,101,2,135,28,0,28,163
08/26/2017,GMU,SC,ASO,ES,Federal Contract Tower,0,6,7,1,14,0,2,83,1,86,0,8,90,2,100,40,0,40,140
08/27/2017,GMU,SC,ASO,ES,Federal Contract Tower,0,16,11,0,27,0,6,53,0,59,0,22,64,0,86,26,0,26,112
08/28/2017,GMU,SC,ASO,ES,Federal Contract Tower,0,17,12,0,29,0,12,44,0,56,0,29,56,0,85,84,0,84,169
08/29/2017,GMU,SC,ASO,ES,Federal Contract Tower,0,29,16,0,45,0,11,51,0,62,0,40,67,0,107,126,0,126,233
08/30/2017,GMU,SC,ASO,ES,Federal Contract Tower,0,31,18,0,49,0,9,39,6,54,0,40,57,6,103,54,0,54,157
08/31/2017,GMU,SC,ASO,ES,Federal Contract Tower,0,27,11,0,38,0,0,0,0,0,0,27,11,0,38,0,0,0,38
09/01/2017,GMU,SC,ASO,ES,Federal Contract Tower,0,28,14,0,42,0,0,8,0,8,0,28,22,0,50,34,0,34,84
09/02/2017,GMU,SC,ASO,ES,Federal Contract Tower,0,12,10,0,22,0,20,95,0,115,0,32,105,0,137,38,0,38,175
09/03/2017,GMU,SC,ASO,ES,Federal Contract Tower,0,10,10,0,20,0,3,87,0,90,0,13,97,0,110,32,0,32,142
09/04/2017,GMU,SC,ASO,ES,Federal Contract Tower,0,27,15,0,42,0,5,74,0,79,0,32,89,0,121,60,0,60,181
09/05/2017,GMU,SC,ASO,ES,Federal Contract Tower,0,18,5,0,23,0,18,43,4,65,0,36,48,4,88,88,0,88,176
09/06/2017,GMU,SC,ASO,ES,Federal Contract Tower,0,21,8,0,29,0,6,25,2,33,0,27,33,2,62,4,0,4,66
09/07/2017,GMU,SC,ASO,ES,Federal Contract Tower,0,33,19,0,52,0,22,97,6,125,0,55,116,6,177,54,6,60,237
09/08/2017,GMU,SC,ASO,ES,Federal Contract Tower,0,34,17,3,54,0,37,114,0,151,0,71,131,3,205,54,0,54,259
09/09/2017,GMU,SC,ASO,ES,Federal Contract Tower,0,18,11,0,29,0,12,65,0,77,0,30,76,0,106,60,0,60,166
09/10/2017,GMU,SC,ASO,ES,Federal Contract Tower,0,16,10,0,26,0,4,25,0,29,0,20,35,0,55,22,0,22,77
09/11/2017,GMU,SC,ASO,ES,Federal Contract Tower,0,1,0,0,1,0,0,0,0,0,0,1,0,0,1,0,0,0,1
09/12/2017,GMU,SC,ASO,ES,Federal Contract Tower,0,26,8,0,34,0,10,12,2,24,0,36,20,2,58,32,0,32,90
09/14/2017,GMU,SC,ASO,ES,Federal Contract Tower,0,29,9,0,38,0,16,49,3,68,0,45,58,3,106,86,0,86,192
09/15/2017,GMU,SC,ASO,ES,Federal Contract Tower,0,18,23,0,41,0,10,105,20,135,0,28,128,20,176,118,0,118,294
09/16/2017,GMU,SC,ASO,ES,Federal Contract Tower,0,14,8,0,22,0,6,84,2,92,0,20,92,2,114,46,0,46,160
09/17/2017,GMU,SC,ASO,ES,Federal Contract Tower,0,14,20,0,34,0,4,85,3,92,0,18,105,3,126,32,0,32,158
09/18/2017,GMU,SC,ASO,ES,Federal Contract Tower,0,22,7,4,33,0,21,54,3,78,0,43,61,7,111,50,4,54,165
09/19/2017,GMU,SC,ASO,ES,Federal Contract Tower,0,31,11,0,42,0,19,87,0,106,0,50,98,0,148,66,0,66,214
09/20/2017,GMU,SC,ASO,ES,Federal Contract Tower,0,26,15,0,41,0,20,102,0,122,0,46,117,0,163,70,0,70,233
09/21/2017,GMU,SC,ASO,ES,Federal Contract Tower,0,36,16,0,52,0,13,72,3,88,0,49,88,3,140,86,0,86,226
09/22/2017,GMU,SC,ASO,ES,Federal Contract Tower,0,27,17,0,44,0,24,88,0,112,0,51,105,0,156,26,0,26,182
09/23/2017,GMU,SC,ASO,ES,Federal Contract Tower,0,11,7,0,18,0,2,75,5,82,0,13,82,5,100,24,0,24,124
09/24/2017,GMU,SC,ASO,ES,Federal Contract Tower,0,14,11,0,25,0,5,69,9,83,0,19,80,9,108,30,0,30,138
09/25/2017,GMU,SC,ASO,ES,Federal Contract Tower,0,21,15,0,36,0,17,53,6,76,0,38,68,6,112,30,0,30,142
09/26/2017,GMU,SC,ASO,ES,Federal Contract Tower,0,23,12,0,35,0,20,74,0,94,0,43,86,0,129,54,0,54,183
09/27/2017,GMU,SC,ASO,ES,Federal Contract Tower,0,39,18,0,57,0,8,80,0,88,0,47,98,0,145,94,0,94,239
09/28/2017,GMU,SC,ASO,ES,Federal Contract Tower,0,39,16,1,56,0,20,61,1,82,0,59,77,2,138,42,4,46,184
09/29/2017,GMU,SC,ASO,ES,Federal Contract Tower,0,33,14,0,47,0,18,64,2,84,0,51,78,2,131,28,0,28,159
09/30/2017,GMU,SC,ASO,ES,Federal Contract Tower,0,18,23,2,43,0,4,78,0,82,0,22,101,2,125,4,0,4,129
10/01/2017,GMU,SC,ASO,ES,Federal Contract Tower,0,23,10,0,33,0,8,49,0,57,0,31,59,0,90,4,0,4,94
10/02/2017,GMU,SC,ASO,ES,Federal Contract Tower,0,32,7,4,43,0,16,59,3,78,0,48,66,7,121,2,2,4,125
10/03/2017,GMU,SC,ASO,ES,Federal Contract Tower,0,31,13,1,45,0,13,64,5,82,0,44,77,6,127,34,6,40,167
10/04/2017,GMU,SC,ASO,ES,Federal Contract Tower,0,25,18,0,43,0,21,75,2,98,0,46,93,2,141,34,0,34,175
10/05/2017,GMU,SC,ASO,ES,Federal Contract Tower,0,34,12,0,46,0,21,120,0,141,0,55,132,0,187,16,0,16,203
10/06/2017,GMU,SC,ASO,ES,Federal Contract Tower,0,35,12,0,47,0,42,69,3,114,0,77,81,3,161,88,0,88,249
10/07/2017,GMU,SC,ASO,ES,Federal Contract Tower,0,17,13,0,30,0,1,17,0,18,0,18,30,0,48,78,0,78,126
10/08/2017,GMU,SC,ASO,ES,Federal Contract Tower,0,15,4,0,19,0,0,0,0,0,0,15,4,0,19,0,0,0,19
10/09/2017,GMU,SC,ASO,ES,Federal Contract Tower,0,29,4,0,33,0,5,5,0,10,0,34,9,0,43,10,0,10,53
10/10/2017,GMU,SC,ASO,ES,Federal Contract Tower,0,29,17,0,46,0,7,31,0,38,0,36,48,0,84,20,0,20,104
10/11/2017,GMU,SC,ASO,ES,Federal Contract Tower,0,30,12,0,42,0,12,53,0,65,0,42,65,0,107,50,0,50,157
10/12/2017,GMU,SC,ASO,ES,Federal Contract Tower,0,30,13,2,45,0,19,75,13,107,0,49,88,15,152,24,0,24,176
10/13/2017,GMU,SC,ASO,ES,Federal Contract Tower,0,29,19,0,48,0,8,5,0,13,0,37,24,0,61,20,2,22,83
10/14/2017,GMU,SC,ASO,ES,Federal Contract Tower,0,13,14,0,27,0,13,83,6,102,0,26,97,6,129,74,0,74,203
10/15/2017,GMU,SC,ASO,ES,Federal Contract Tower,0,12,19,0,31,0,0,41,7,48,0,12,60,7,79,64,0,64,143
10/16/2017,GMU,SC,ASO,ES,Federal Contract Tower,0,35,9,0,44,0,2,35,4,41,0,37,44,4,85,24,0,24,109
10/17/2017,GMU,SC,ASO,ES,Federal Contract Tower,0,39,12,0,51,0,6,88,2,96,0,45,100,2,147,20,4,24,171
10/18/2017,GMU,SC,ASO,ES,Federal Contract Tower,0,24,6,0,30,0,12,92,1,105,0,36,98,1,135,46,0,46,181
10/19/2017,GMU,SC,ASO,ES,Federal Contract Tower,0,32,17,0,49,0,14,114,3,131,0,46,131,3,180,44,6,50,230
10/20/2017,GMU,SC,ASO,ES,Federal Contract Tower,0,25,18,0,43,0,10,81,0,91,0,35,99,0,134,24,0,24,158
10/21/2017,GMU,SC,ASO,ES,Federal Contract Tower,0,16,11,0,27,0,1,88,2,91,0,17,99,2,118,30,0,30,148
10/22/2017,GMU,SC,ASO,ES,Federal Contract Tower,0,30,22,0,52,0,1,30,0,31,0,31,52,0,83,32,0,32,115
10/23/2017,GMU,SC,ASO,ES,Federal Contract Tower,0,24,2,0,26,0,4,6,0,10,0,28,8,0,36,0,0,0,36
10/24/2017,GMU,SC,ASO,ES,Federal Contract Tower,0,32,15,0,47,0,15,75,1,91,0,47,90,1,138,38,4,42,180
10/25/2017,GMU,SC,ASO,ES,Federal Contract Tower,0,33,22,0,55,0,11,97,0,108,0,44,119,0,163,56,0,56,219
10/26/2017,GMU,SC,ASO,ES,Federal Contract Tower,0,32,19,0,51,0,11,99,2,112,0,43,118,2,163,34,0,34,197
10/27/2017,GMU,SC,ASO,ES,Federal Contract Tower,0,32,16,0,48,0,18,95,0,113,0,50,111,0,161,70,6,76,237
10/28/2017,GMU,SC,ASO,ES,Federal Contract Tower,0,22,11,0,33,0,2,42,1,45,0,24,53,1,78,44,0,44,122
10/29/2017,GMU,SC,ASO,ES,Federal Contract Tower,0,19,17,0,36,0,9,40,0,49,0,28,57,0,85,30,0,30,115
10/30/2017,GMU,SC,ASO,ES,Federal Contract Tower,0,21,10,0,31,0,10,86,2,98,0,31,96,2,129,82,0,82,211
10/31/2017,GMU,SC,ASO,ES,Federal Contract Tower,0,13,15,0,28,0,11,85,2,98,0,24,100,2,126,68,0,68,194
11/01/2017,GMU,SC,ASO,ES,Federal Contract Tower,0,29,13,2,44,0,14,79,7,100,0,43,92,9,144,58,0,58,202
11/02/2017,GMU,SC,ASO,ES,Federal Contract Tower,0,23,13,0,36,0,17,82,4,103,0,40,95,4,139,60,0,60,199
11/03/2017,GMU,SC,ASO,ES,Federal Contract Tower,0,36,9,0,45,0,8,75,3,86,0,44,84,3,131,110,0,110,241
11/04/2017,GMU,SC,ASO,ES,Federal Contract Tower,0,16,20,0,36,0,0,23,0,23,0,16,43,0,59,40,2,42,101
11/05/2017,GMU,SC,ASO,ES,Federal Contract Tower,0,23,28,0,51,0,2,4,0,6,0,25,32,0,57,0,0,0,57
11/06/2017,GMU,SC,ASO,ES,Federal Contract Tower,0,31,4,0,35,0,7,36,0,43,0,38,40,0,78,24,0,24,102
11/08/2017,GMU,SC,ASO,ES,Federal Contract Tower,0,34,12,0,46,0,0,0,0,0,0,34,12,0,46,2,0,2,48
11/09/2017,GMU,SC,ASO,ES,Federal Contract Tower,0,38,10,0,48,0,4,10,0,14,0,42,20,0,62,56,0,56,118
11/10/2017,GMU,SC,ASO,ES,Federal Contract Tower,0,38,23,1,62,0,7,121,0,128,0,45,144,1,190,62,0,62,252
11/11/2017,GMU,SC,ASO,ES,Federal Contract Tower,0,22,9,0,31,0,13,65,0,78,0,35,74,0,109,22,0,22,131
11/12/2017,GMU,SC,ASO,ES,Federal Contract Tower,0,36,31,0,67,0,0,1,0,1,0,36,32,0,68,14,0,14,82
11/13/2017,GMU,SC,ASO,ES,Federal Contract Tower,0,32,14,0,46,0,17,52,0,69,0,49,66,0,115,78,0,78,193
11/14/2017,GMU,SC,ASO,ES,Federal Contract Tower,0,37,27,0,64,0,8,83,0,91,0,45,110,0,155,84,2,86,241
11/15/2017,GMU,SC,ASO,ES,Federal Contract Tower,0,28,25,1,54,0,22,76,3,101,0,50,101,4,155,48,0,48,203
11/16/2017,GMU,SC,ASO,ES,Federal Contract Tower,0,32,10,0,42,0,19,71,0,90,0,51,81,0,132,46,0,46,178
11/17/2017,GMU,SC,ASO,ES,Federal Contract Tower,0,22,19,0,41,3,3,117,0,123,3,25,136,0,164,46,0,46,210
11/18/2017,GMU,SC,ASO,ES,Federal Contract Tower,0,12,17,0,29,0,3,29,3,35,0,15,46,3,64,20,0,20,84
11/19/2017,GMU,SC,ASO,ES,Federal Contract Tower,0,24,9,0,33,0,4,64,2,70,0,28,73,2,103,14,0,14,117
11/20/2017,GMU,SC,ASO,ES,Federal Contract Tower,0,31,8,0,39,0,10,65,2,77,0,41,73,2,116,48,0,48,164
11/21/2017,GMU,SC,ASO,ES,Federal Contract Tower,0,59,5,0,64,0,23,50,2,75,0,82,55,2,139,94,0,94,233
11/22/2017,GMU,SC,ASO,ES,Federal Contract Tower,0,35,17,0,52,0,20,88,0,108,0,55,105,0,160,10,0,10,170
11/23/2017,GMU,SC,ASO,ES,Federal Contract Tower,0,0,5,0,5,0,6,33,0,39,0,6,38,0,44,6,0,6,50
11/24/2017,GMU,SC,ASO,ES,Federal Contract Tower,0,15,15,0,30,0,19,83,0,102,0,34,98,0,132,24,0,24,156
11/25/2017,GMU,SC,ASO,ES,Federal Contract Tower,0,24,14,0,38,0,4,72,2,78,0,28,86,2,116,56,0,56,172
11/26/2017,GMU,SC,ASO,ES,Federal Contract Tower,0,46,18,0,64,0,11,87,2,100,0,57,105,2,164,10,0,10,174
11/27/2017,GMU,SC,ASO,ES,Federal Contract Tower,0,32,16,0,48,0,5,50,3,58,0,37,66,3,106,74,4,78,184
11/28/2017,GMU,SC,ASO,ES,Federal Contract Tower,0,27,10,0,37,0,7,66,4,77,0,34,76,4,114,68,4,72,186
11/29/2017,GMU,SC,ASO,ES,Federal Contract Tower,0,19,12,0,31,0,9,65,6,80,0,28,77,6,111,32,0,32,143
11/30/2017,GMU,SC,ASO,ES,Federal Contract Tower,0,23,11,0,34,0,4,83,2,89,0,27,94,2,123,46,0,46,169
12/01/2017,GMU,SC,ASO,ES,Federal Contract Tower,0,22,9,0,31,0,1,81,2,84,0,23,90,2,115,62,0,62,177
12/02/2017,GMU,SC,ASO,ES,Federal Contract Tower,0,16,11,0,27,0,5,27,0,32,0,21,38,0,59,32,0,32,91
12/03/2017,GMU,SC,ASO,ES,Federal Contract Tower,0,19,11,0,30,0,6,61,0,67,0,25,72,0,97,68,0,68,165
12/04/2017,GMU,SC,ASO,ES,Federal Contract Tower,0,30,11,0,41,0,5,72,2,79,0,35,83,2,120,94,0,94,214
12/05/2017,GMU,SC,ASO,ES,Federal Contract Tower,0,24,19,0,43,0,0,2,0,2,0,24,21,0,45,6,0,6,51
12/06/2017,GMU,SC,ASO,ES,Federal Contract Tower,0,32,14,1,47,0,8,26,2,36,0,40,40,3,83,80,0,80,163
12/07/2017,GMU,SC,ASO,ES,Federal Contract Tower,0,25,19,0,44,0,19,70,2,91,0,44,89,2,135,12,14,26,161
12/08/2017,GMU,SC,ASO,ES,Federal Contract Tower,0,12,3,0,15,0,0,1,0,1,0,12,4,0,16,0,0,0,16
12/09/2017,GMU,SC,ASO,ES,Federal Contract Tower,0,4,3,0,7,0,0,9,0,9,0,4,12,0,16,0,0,0,16
12/10/2017,GMU,SC,ASO,ES,Federal Contract Tower,0,12,5,0,17,0,3,72,0,75,0,15,77,0,92,40,0,40,132
12/11/2017,GMU,SC,ASO,ES,Federal Contract Tower,0,26,22,0,48,0,24,83,0,107,0,50,105,0,155,26,0,26,181
12/12/2017,GMU,SC,ASO,ES,Federal Contract Tower,0,22,6,0,28,0,25,59,2,86,0,47,65,2,114,48,0,48,162
12/13/2017,GMU,SC,ASO,ES,Federal Contract Tower,0,27,14,2,43,0,17,54,4,75,0,44,68,6,118,26,2,28,146
12/14/2017,GMU,SC,ASO,ES,Federal Contract Tower,0,25,26,0,51,0,12,102,1,115,0,37,128,1,166,48,0,48,214
12/15/2017,GMU,SC,ASO,ES,Federal Contract Tower,0,20,21,0,41,0,5,68,3,76,0,25,89,3,117,46,0,46,163
12/16/2017,GMU,SC,ASO,ES,Federal Contract Tower,0,17,7,0,24,0,8,125,0,133,0,25,132,0,157,62,0,62,219
12/17/2017,GMU,SC,ASO,ES,Federal Contract Tower,0,14,17,0,31,0,6,43,0,49,0,20,60,0,80,50,0,50,130
12/18/2017,GMU,SC,ASO,ES,Federal Contract Tower,0,24,10,2,36,0,5,34,0,39,0,29,44,2,75,34,0,34,109
12/19/2017,GMU,SC,ASO,ES,Federal Contract Tower,0,28,8,0,36,0,9,91,4,104,0,37,99,4,140,90,0,90,230
12/20/2017,GMU,SC,ASO,ES,Federal Contract Tower,0,30,4,0,34,0,0,0,0,0,0,30,4,0,34,2,0,2,36
12/21/2017,GMU,SC,ASO,ES,Federal Contract Tower,0,19,23,0,42,0,8,65,0,73,0,27,88,0,115,44,0,44,159
12/22/2017,GMU,SC,ASO,ES,Federal Contract Tower,0,16,25,0,41,0,8,61,4,73,0,24,86,4,114,68,0,68,182
12/23/2017,GMU,SC,ASO,ES,Federal Contract Tower,0,17,4,0,21,0,0,0,0,0,0,17,4,0,21,0,0,0,21
12/24/2017,GMU,SC,ASO,ES,Federal Contract Tower,0,13,5,0,18,0,0,5,0,5,0,13,10,0,23,0,0,0,23
12/25/2017,GMU,SC,ASO,ES,Federal Contract Tower,0,9,6,0,15,0,10,12,0,22,0,19,18,0,37,0,0,0,37
12/26/2017,GMU,SC,ASO,ES,Federal Contract Tower,0,20,5,0,25,0,6,66,0,72,0,26,71,0,97,4,0,4,101
12/27/2017,GMU,SC,ASO,ES,Federal Contract Tower,0,17,11,0,28,0,11,39,0,50,0,28,50,0,78,16,0,16,94
12/28/2017,GMU,SC,ASO,ES,Federal Contract Tower,0,20,7,0,27,0,3,60,2,65,0,23,67,2,92,2,0,2,94
12/29/2017,GMU,SC,ASO,ES,Federal Contract Tower,0,23,9,0,32,0,3,73,0,76,0,26,82,0,108,38,0,38,146
12/30/2017,GMU,SC,ASO,ES,Federal Contract Tower,0,19,5,0,24,0,0,79,0,79,0,19,84,0,103,34,0,34,137
12/31/2017,GMU,SC,ASO,ES,Federal Contract Tower,0,22,3,0,25,0,5,38,2,45,0,27,41,2,70,10,0,10,80
01/01/2018,GMU,SC,ASO,ES,Federal Contract Tower,0,12,3,0,15,0,0,20,0,20,0,12,23,0,35,12,0,12,47
01/02/2018,GMU,SC,ASO,ES,Federal Contract Tower,0,42,5,0,47,0,17,46,0,63,0,59,51,0,110,18,0,18,128
01/03/2018,GMU,SC,ASO,ES,Federal Contract Tower,0,8,12,0,20,0,8,58,2,68,0,16,70,2,88,8,0,8,96
01/04/2018,GMU,SC,ASO,ES,Federal Contract Tower,0,16,2,0,18,0,8,41,0,49,0,24,43,0,67,32,0,32,99
01/05/2018,GMU,SC,ASO,ES,Federal Contract Tower,0,14,11,0,25,0,3,45,0,48,0,17,56,0,73,42,0,42,115
01/06/2018,GMU,SC,ASO,ES,Federal Contract Tower,0,10,13,0,23,0,6,56,0,62,0,16,69,0,85,20,0,20,105
01/07/2018,GMU,SC,ASO,ES,Federal Contract Tower,0,19,11,0,30,0,3,41,0,44,0,22,52,0,74,10,0,10,84
01/08/2018,GMU,SC,ASO,ES,Federal Contract Tower,0,6,3,0,9,0,4,7,0,11,0,10,10,0,20,40,0,40,60
01/09/2018,GMU,SC,ASO,ES,Federal Contract Tower,0,32,8,0,40,0,7,57,0,64,0,39,65,0,104,76,0,76,180
01/10/2018,GMU,SC,ASO,ES,Federal Contract Tower,0,25,13,0,38,0,6,50,3,59,0,31,63,3,97,58,6,64,161
01/11/2018,GMU,SC,ASO,ES,Federal Contract Tower,0,16,4,0,20,0,0,0,0,0,0,16,4,0,20,0,0,0,20
01/12/2018,GMU,SC,ASO,ES,Federal Contract Tower,0,29,8,0,37,0,0,0,0,0,0,29,8,0,37,0,0,0,37
01/13/2018,GMU,SC,ASO,ES,Federal Contract Tower,0,7,14,0,21,0,4,58,0,62,0,11,72,0,83,14,0,14,97
01/14/2018,GMU,SC,ASO,ES,Federal Contract Tower,0,10,18,0,28,0,4,54,2,60,0,14,72,2,88,30,0,30,118
01/15/2018,GMU,SC,ASO,ES,Federal Contract Tower,0,28,8,0,36,0,3,84,0,87,0,31,92,0,123,42,0,42,165
01/16/2018,GMU,SC,ASO,ES,Federal Contract Tower,0,33,9,0,42,0,13,75,2,90,0,46,84,2,132,24,0,24,156
01/17/2018,GMU,SC,ASO,ES,Federal Contract Tower,0,12,2,0,14,0,2,2,0,4,0,14,4,0,18,0,0,0,18
01/18/2018,GMU,SC,ASO,ES,Federal Contract Tower,0,21,5,1,27,0,12,70,0,82,0,33,75,1,109,58,0,58,167
01/19/2018,GMU,SC,ASO,ES,Federal Contract Tower,0,26,20,0,46,0,7,86,0,93,0,33,106,0,139,54,0,54,193
01/20/2018,GMU,SC,ASO,ES,Federal Contract Tower,0,10,13,2,25,0,8,110,0,118,0,18,123,2,143,102,0,102,245
01/21/2018,GMU,SC,ASO,ES,Federal Contract Tower,0,21,12,0,33,0,4,90,4,98,0,25,102,4,131,40,0,40,171
01/22/2018,GMU,SC,ASO,ES,Federal Contract Tower,0,22,10,0,32,0,1,44,0,45,0,23,54,0,77,44,0,44,121
01/23/2018,GMU,SC,ASO,ES,Federal Contract Tower,0,22,15,0,37,0,12,41,0,53,0,34,56,0,90,88,0,88,178
01/24/2018,GMU,SC,ASO,ES,Federal Contract Tower,0,23,12,0,35,0,10,83,0,93,0,33,95,0,128,12,0,12,140
01/25/2018,GMU,SC,ASO,ES,Federal Contract Tower,0,24,5,0,29,0,5,97,4,106,0,29,102,4,135,46,12,58,193
01/26/2018,GMU,SC,ASO,ES,Federal Contract Tower,0,14,22,0,36,0,9,108,0,117,0,23,130,0,153,50,0,50,203
01/27/2018,GMU,SC,ASO,ES,Federal Contract Tower,0,15,11,0,26,0,6,42,0,48,0,21,53,0,74,112,0,112,186
01/28/2018,GMU,SC,ASO,ES,Federal Contract Tower,0,21,2,0,23,0,0,0,0,0,0,21,2,0,23,0,0,0,23
01/29/2018,GMU,SC,ASO,ES,Federal Contract Tower,0,28,11,0,39,0,13,46,0,59,0,41,57,0,98,26,0,26,124
01/30/2018,GMU,SC,ASO,ES,Federal Contract Tower,0,23,9,0,32,0,3,70,0,73,0,26,79,0,105,90,0,90,195
01/31/2018,GMU,SC,ASO,ES,Federal Contract Tower,0,19,15,0,34,0,18,77,5,100,0,37,92,5,134,18,0,18,152
02/01/2018,GMU,SC,ASO,ES,Federal Contract Tower,0,32,25,0,57,0,10,50,0,60,0,42,75,0,117,40,0,40,157
02/02/2018,GMU,SC,ASO,ES,Federal Contract Tower,0,29,8,0,37,0,11,74,8,93,0,40,82,8,130,82,0,82,212
02/03/2018,GMU,SC,ASO,ES,Federal Contract Tower,0,8,13,0,21,0,5,105,4,114,0,13,118,4,135,44,0,44,179
02/04/2018,GMU,SC,ASO,ES,Federal Contract Tower,0,11,1,0,12,0,3,0,0,3,0,14,1,0,15,0,0,0,15
02/05/2018,GMU,SC,ASO,ES,Federal Contract Tower,0,37,12,0,49,0,15,53,6,74,0,52,65,6,123,18,0,18,141
02/06/2018,GMU,SC,ASO,ES,Federal Contract Tower,0,39,9,0,48,0,1,82,6,89,0,40,91,6,137,60,0,60,197
02/07/2018,GMU,SC,ASO,ES,Federal Contract Tower,0,22,8,0,30,0,0,0,0,0,0,22,8,0,30,4,0,4,34
02/08/2018,GMU,SC,ASO,ES,Federal Contract Tower,0,38,19,0,57,0,13,105,0,118,0,51,124,0,175,50,0,50,225
02/09/2018,GMU,SC,ASO,ES,Federal Contract Tower,0,21,13,0,34,0,8,121,0,129,0,29,134,0,163,52,0,52,215
02/10/2018,GMU,SC,ASO,ES,Federal Contract Tower,0,11,7,0,18,0,0,0,0,0,0,11,7,0,18,0,0,0,18
02/11/2018,GMU,SC,ASO,ES,Federal Contract Tower,0,8,4,0,12,0,0,0,0,0,0,8,4,0,12,0,0,0,12
02/12/2018,GMU,SC,ASO,ES,Federal Contract Tower,0,13,15,0,28,0,8,8,0,16,0,21,23,0,44,0,0,0,44
02/13/2018,GMU,SC,ASO,ES,Federal Contract Tower,0,34,15,0,49,0,13,79,0,92,0,47,94,0,141,28,0,28,169
02/14/2018,GMU,SC,ASO,ES,Federal Contract Tower,0,16,15,0,31,0,5,57,2,64,0,21,72,2,95,64,0,64,159
02/15/2018,GMU,SC,ASO,ES,Federal Contract Tower,0,32,21,1,54,0,7,40,0,47,0,39,61,1,101,8,0,8,109
02/16/2018,GMU,SC,ASO,ES,Federal Contract Tower,0,35,9,0,44,0,7,21,0,28,0,42,30,0,72,62,0,62,134
02/17/2018,GMU,SC,ASO,ES,Federal Contract Tower,0,11,13,0,24,0,0,6,0,6,0,11,19,0,30,4,0,4,34
02/18/2018,GMU,SC,ASO,ES,Federal Contract Tower,0,19,31,0,50,0,6,120,0,126,0,25,151,0,176,2,0,2,178
02/19/2018,GMU,SC,ASO,ES,Federal Contract Tower,0,24,7,0,31,0,0,0,0,0,0,24,7,0,31,0,0,0,31
02/20/2018,GMU,SC,ASO,ES,Federal Contract Tower,0,29,9,0,38,0,4,10,5,19,0,33,19,5,57,0,8,8,65
02/21/2018,GMU,SC,ASO,ES,Federal Contract Tower,0,28,23,0,51,0,8,19,0,27,0,36,42,0,78,50,0,50,128
02/22/2018,GMU,SC,ASO,ES,Federal Contract Tower,0,42,18,0,60,0,0,44,0,44,0,42,62,0,104,66,0,66,170
02/23/2018,GMU,SC,ASO,ES,Federal Contract Tower,0,34,21,0,55,0,12,69,0,81,0,46,90,0,136,88,0,88,224
02/24/2018,GMU,SC,ASO,ES,Federal Contract Tower,0,19,20,0,39,0,1,52,0,53,0,20,72,0,92,46,0,46,138
02/25/2018,GMU,SC,ASO,ES,Federal Contract Tower,0,23,12,0,35,0,5,20,0,25,0,28,32,0,60,16,0,16,76
02/26/2018,GMU,SC,ASO,ES,Federal Contract Tower,0,33,21,0,54,0,2,19,0,21,0,35,40,0,75,44,0,44,119
02/27/2018,GMU,SC,ASO,ES,Federal Contract Tower,0,18,22,0,40,0,14,94,8,116,0,32,116,8,156,74,0,74,230
02/28/2018,GMU,SC,ASO,ES,Federal Contract Tower,0,27,23,0,50,0,0,6,0,6,0,27,29,0,56,8,0,8,64
03/01/2018,GMU,SC,ASO,ES,Federal Contract Tower,0,12,10,0,22,0,0,2,4,6,0,12,12,4,28,0,16,16,44
03/02/2018,GMU,SC,ASO,ES,Federal Contract Tower,0,16,16,0,32,0,5,70,0,75,0,21,86,0,107,110,0,110,217
03/03/2018,GMU,SC,ASO,ES,Federal Contract Tower,0,19,7,0,26,0,6,86,10,102,0,25,93,10,128,86,0,86,214
03/04/2018,GMU,SC,ASO,ES,Federal Contract Tower,0,25,11,0,36,0,7,121,6,134,0,32,132,6,170,106,0,106,276
03/05/2018,GMU,SC,ASO,ES,Federal Contract Tower,0,21,14,0,35,0,6,89,2,97,0,27,103,2,132,40,0,40,172
03/06/2018,GMU,SC,ASO,ES,Federal Contract Tower,0,16,18,0,34,0,0,5,0,5,0,16,23,0,39,0,0,0,39
03/07/2018,GMU,SC,ASO,ES,Federal Contract Tower,0,29,5,0,34,0,6,79,6,91,0,35,84,6,125,54,0,54,179
03/08/2018,GMU,SC,ASO,ES,Federal Contract Tower,0,36,26,0,62,0,8,65,0,73,0,44,91,0,135,46,0,46,181
03/09/2018,GMU,SC,ASO,ES,Federal Contract Tower,0,31,22,2,55,0,18,133,0,151,0,49,155,2,206,44,0,44,250
03/10/2018,GMU,SC,ASO,ES,Federal Contract Tower,0,22,18,0,40,0,6,64,0,70,0,28,82,0,110,116,0,116,226
03/11/2018,GMU,SC,ASO,ES,Federal Contract Tower,0,19,11,0,30,0,0,0,0,0,0,19,11,0,30,4,0,4,34
03/12/2018,GMU,SC,ASO,ES,Federal Contract Tower,0,23,16,0,39,0,5,15,1,21,0,28,31,1,60,138,4,142,202
03/13/2018,GMU,SC,ASO,ES,Federal Contract Tower,0,24,20,3,47,0,9,88,2,99,0,33,108,5,146,62,4,66,212
03/14/2018,GMU,SC,ASO,ES,Federal Contract Tower,0,27,14,0,41,0,10,76,5,91,0,37,90,5,132,52,0,52,184
03/15/2018,GMU,SC,ASO,ES,Federal Contract Tower,0,26,6,0,32,0,12,55,2,69,0,38,61,2,101,26,0,26,127
03/16/2018,GMU,SC,ASO,ES,Federal Contract Tower,0,40,21,0,61,0,2,118,0,120,0,42,139,0,181,44,0,44,225
03/17/2018,GMU,SC,ASO,ES,Federal Contract Tower,0,18,8,0,26,0,0,45,0,45,0,18,53,0,71,76,0,76,147
03/18/2018,GMU,SC,ASO,ES,Federal Contract Tower,0,30,9,0,39,0,7,156,0,163,0,37,165,0,202,40,0,40,242
03/19/2018,GMU,SC,ASO,ES,Federal Contract Tower,0,10,13,2,25,0,5,21,1,27,0,15,34,3,52,54,0,54,106
03/20/2018,GMU,SC,ASO,ES,Federal Contract Tower,0,15,3,0,18,0,10,37,0,47,0,25,40,0,65,40,0,40,105
03/21/2018,GMU,SC,ASO,ES,Federal Contract Tower,0,21,14,0,35,0,16,27,4,47,0,37,41,4,82,40,0,40,122
03/22/2018,GMU,SC,ASO,ES,Federal Contract Tower,0,26,21,0,47,0,8,86,6,100,0,34,107,6,147,50,16,66,213
03/23/2018,GMU,SC,ASO,ES,Federal Contract Tower,0,23,17,0,40,0,1,76,2,79,0,24,93,2,119,16,4,20,139
03/24/2018,GMU,SC,ASO,ES,Federal Contract Tower,0,12,7,0,19,0,6,51,2,59,0,18,58,2,78,42,0,42,120
03/25/2018,GMU,SC,ASO,ES,Federal Contract Tower,0,16,6,0,22,0,0,7,0,7,0,16,13,0,29,2,0,2,31
03/26/2018,GMU,SC,ASO,ES,Federal Contract Tower,0,23,19,0,42,0,2,56,0,58,0,25,75,0,100,48,0,48,148
03/27/2018,GMU,SC,ASO,ES,Federal Contract Tower,0,46,21,0,67,0,8,33,4,45,0,54,54,4,112,74,0,74,186
03/28/2018,GMU,SC,ASO,ES,Federal Contract Tower,0,19,21,0,40,0,6,48,7,61,0,25,69,7,101,42,8,50,151
03/29/2018,GMU,SC,ASO,ES,Federal Contract Tower,0,59,15,0,74,0,11,51,4,66,0,70,66,4,140,44,0,44,184
03/30/2018,GMU,SC,ASO,ES,Federal Contract Tower,0,21,21,0,42,0,2,87,2,91,0,23,108,2,133,62,0,62,195
03/31/2018,GMU,SC,ASO,ES,Federal Contract Tower,0,15,22,0,37,0,15,107,6,128,0,30,129,6,165,46,0,46,211
04/01/2018,GMU,SC,ASO,ES,Federal Contract Tower,0,12,13,0,25,0,6,42,0,48,0,18,55,0,73,20,0,20,93
04/02/2018,GMU,SC,ASO,ES,Federal Contract Tower,0,30,9,2,41,0,17,74,0,91,0,47,83,2,132,44,0,44,176
04/03/2018,GMU,SC,ASO,ES,Federal Contract Tower,0,26,14,0,40,0,21,73,0,94,0,47,87,0,134,92,0,92,226
04/04/2018,GMU,SC,ASO,ES,Federal Contract Tower,0,22,5,0,27,0,6,35,4,45,0,28,40,4,72,14,0,14,86
04/05/2018,GMU,SC,ASO,ES,Federal Contract Tower,0,24,20,0,44,0,10,109,4,123,0,34,129,4,167,40,0,40,207
04/06/2018,GMU,SC,ASO,ES,Federal Contract Tower,0,33,20,0,53,0,15,77,4,96,0,48,97,4,149,36,0,36,185
04/07/2018,GMU,SC,ASO,ES,Federal Contract Tower,0,18,12,0,30,0,0,0,0,0,0,18,12,0,30,0,0,0,30
04/08/2018,GMU,SC,ASO,ES,Federal Contract Tower,0,13,19,0,32,0,7,55,3,65,0,20,74,3,97,70,2,72,169
04/09/2018,GMU,SC,ASO,ES,Federal Contract Tower,0,19,9,0,28,0,0,1,0,1,0,19,10,0,29,0,0,0,29
04/10/2018,GMU,SC,ASO,ES,Federal Contract Tower,0,21,14,1,36,0,15,88,8,111,0,36,102,9,147,60,0,60,207
04/11/2018,GMU,SC,ASO,ES,Federal Contract Tower,0,16,19,0,35,0,13,96,2,111,0,29,115,2,146,56,0,56,202
04/12/2018,GMU,SC,ASO,ES,Federal Contract Tower,0,24,15,0,39,0,20,99,0,119,0,44,114,0,158,26,0,26,184
04/13/2018,GMU,SC,ASO,ES,Federal Contract Tower,0,30,23,0,53,0,3,106,0,109,0,33,129,0,162,24,0,24,186
04/14/2018,GMU,SC,ASO,ES,Federal Contract Tower,0,10,14,0,24,0,6,81,3,90,0,16,95,3,114,34,8,42,156
04/15/2018,GMU,SC,ASO,ES,Federal Contract Tower,0,16,2,0,18,0,1,0,0,1,0,17,2,0,19,0,0,0,19
04/16/2018,GMU,SC,ASO,ES,Federal Contract Tower,0,26,8,0,34,0,8,22,0,30,0,34,30,0,64,24,0,24,88
04/17/2018,GMU,SC,ASO,ES,Federal Contract Tower,0,30,7,1,38,0,11,62,0,73,0,41,69,1,111,46,0,46,157
04/18/2018,GMU,SC,ASO,ES,Federal Contract Tower,0,21,10,0,31,0,8,73,8,89,0,29,83,8,120,16,4,20,140
04/19/2018,GMU,SC,ASO,ES,Federal Contract Tower,0,23,13,0,36,0,36,60,18,114,0,59,73,18,150,28,0,28,178
04/20/2018,GMU,SC,ASO,ES,Federal Contract Tower,0,21,20,0,41,0,1,143,4,148,0,22,163,4,189,56,0,56,245
04/21/2018,GMU,SC,ASO,ES,Federal Contract Tower,0,22,19,0,41,0,3,161,2,166,0,25,180,2,207,36,0,36,243
04/22/2018,GMU,SC,ASO,ES,Federal Contract Tower,0,15,3,0,18,0,3,34,4,41,0,18,37,4,59,50,0,50,109
04/23/2018,GMU,SC,ASO,ES,Federal Contract Tower,0,7,4,0,11,0,0,0,0,0,0,7,4,0,11,0,0,0,11
04/24/2018,GMU,SC,ASO,ES,Federal Contract Tower,0,47,4,0,51,0,0,9,0,9,0,47,13,0,60,42,0,42,102
04/25/2018,GMU,SC,ASO,ES,Federal Contract Tower,0,25,17,2,44,0,9,78,9,96,0,34,95,11,140,80,0,80,220
04/26/2018,GMU,SC,ASO,ES,Federal Contract Tower,0,27,14,0,41,0,7,54,2,63,0,34,68,2,104,34,0,34,138
04/27/2018,GMU,SC,ASO,ES,Federal Contract Tower,0,19,18,0,37,0,10,85,0,95,0,29,103,0,132,94,0,94,226
04/28/2018,GMU,SC,ASO,ES,Federal Contract Tower,0,10,16,0,26,0,8,100,0,108,0,18,116,0,134,24,0,24,158
04/29/2018,GMU,SC,ASO,ES,Federal Contract Tower,0,17,9,0,26,0,4,61,2,67,0,21,70,2,93,20,0,20,113
04/30/2018,GMU,SC,ASO,ES,Federal Contract Tower,0,14,18,0,32,0,15,84,3,102,0,29,102,3,134,24,0,24,158
05/01/2018,GMU,SC,ASO,ES,Federal Contract Tower,0,18,17,0,35,0,16,90,1,107,0,34,107,1,142,72,0,72,214
05/02/2018,GMU,SC,ASO,ES,Federal Contract Tower,0,29,18,0,47,0,14,110,2,126,0,43,128,2,173,150,0,150,323
05/03/2018,GMU,SC,ASO,ES,Federal Contract Tower,0,30,18,0,48,0,16,96,5,117,0,46,114,5,165,50,0,50,215
05/04/2018,GMU,SC,ASO,ES,Federal Contract Tower,0,17,16,3,36,0,11,81,2,94,0,28,97,5,130,38,0,38,168
05/05/2018,GMU,SC,ASO,ES,Federal Contract Tower,0,16,11,0,27,0,11,73,8,92,0,27,84,8,119,114,0,114,233
05/06/2018,GMU,SC,ASO,ES,Federal Contract Tower,0,28,9,0,37,0,4,68,2,74,0,32,77,2,111,8,0,8,119
05/07/2018,GMU,SC,ASO,ES,Federal Contract Tower,0,21,10,0,31,0,32,81,0,113,0,53,91,0,144,74,0,74,218
05/08/2018,GMU,SC,ASO,ES,Federal Contract Tower,0,17,14,0,31,0,13,96,0,109,0,30,110,0,140,28,0,28,168
05/09/2018,GMU,SC,ASO,ES,Federal Contract Tower,0,27,11,0,38,0,13,90,6,109,0,40,101,6,147,36,0,36,183
05/10/2018,GMU,SC,ASO,ES,Federal Contract Tower,0,13,10,0,23,0,16,78,0,94,0,29,88,0,117,62,0,62,179
05/11/2018,GMU,SC,ASO,ES,Federal Contract Tower,0,28,10,0,38,0,12,91,0,103,0,40,101,0,141,6,0,6,147
05/12/2018,GMU,SC,ASO,ES,Federal Contract Tower,0,22,18,0,40,0,13,99,0,112,0,35,117,0,152,24,0,24,176
05/13/2018,GMU,SC,ASO,ES,Federal Contract Tower,0,24,21,0,45,0,5,50,0,55,0,29,71,0,100,12,0,12,112
05/14/2018,GMU,SC,ASO,ES,Federal Contract Tower,0,34,9,2,45,0,9,82,0,91,0,43,91,2,136,30,2,32,168
05/15/2018,GMU,SC,ASO,ES,Federal Contract Tower,0,26,14,0,40,0,5,18,5,28,0,31,32,5,68,72,8,80,148
05/16/2018,GMU,SC,ASO,ES,Federal Contract Tower,0,24,7,0,31,0,0,5,0,5,0,24,12,0,36,0,0,0,36
05/17/2018,GMU,SC,ASO,ES,Federal Contract Tower,0,26,15,1,42,0,5,20,1,26,0,31,35,2,68,104,0,104,172
05/18/2018,GMU,SC,ASO,ES,Federal Contract Tower,0,15,12,0,27,0,1,18,0,19,0,16,30,0,46,86,0,86,132
05/19/2018,GMU,SC,ASO,ES,Federal Contract Tower,0,28,9,0,37,0,0,12,0,12,0,28,21,0,49,24,0,24,73
05/20/2018,GMU,SC,ASO,ES,Federal Contract Tower,0,19,6,0,25,0,3,12,0,15,0,22,18,0,40,30,0,30,70
05/21/2018,GMU,SC,ASO,ES,Federal Contract Tower,0,19,12,0,31,0,11,81,2,94,0,30,93,2,125,114,0,114,239
05/22/2018,GMU,SC,ASO,ES,Federal Contract Tower,0,23,20,0,43,0,2,25,0,27,0,25,45,0,70,116,0,116,186
05/23/2018,GMU,SC,ASO,ES,Federal Contract Tower,0,24,24,0,48,0,29,86,7,122,0,53,110,7,170,116,8,124,294
05/24/2018,GMU,SC,ASO,ES,Federal Contract Tower,0,39,19,0,58,0,12,60,2,74,0,51,79,2,132,128,0,128,260
05/25/2018,GMU,SC,ASO,ES,Federal Contract Tower,0,22,12,0,34,0,0,3,0,3,0,22,15,0,37,20,0,20,57
05/26/2018,GMU,SC,ASO,ES,Federal Contract Tower,0,13,15,0,28,0,3,28,1,32,0,16,43,1,60,70,0,70,130
05/27/2018,GMU,SC,ASO,ES,Federal Contract Tower,0,17,7,0,24,0,13,13,0,26,0,30,20,0,50,50,0,50,100
05/28/2018,GMU,SC,ASO,ES,Federal Contract Tower,0,15,9,0,24,0,0,0,0,0,0,15,9,0,24,0,0,0,24
05/29/2018,GMU,SC,ASO,ES,Federal Contract Tower,0,23,21,0,44,0,2,4,0,6,0,25,25,0,50,0,0,0,50
05/30/2018,GMU,SC,ASO,ES,Federal Contract Tower,0,25,17,0,42,0,7,31,2,40,0,32,48,2,82,66,0,66,148
05/31/2018,GMU,SC,ASO,ES,Federal Contract Tower,0,25,21,2,48,0,22,32,3,57,0,47,53,5,105,32,0,32,137
06/01/2018,GMU,SC,ASO,ES,Federal Contract Tower,0,24,22,0,46,0,12,109,0,121,0,36,131,0,167,128,0,128,295
06/02/2018,GMU,SC,ASO,ES,Federal Contract Tower,0,12,17,0,29,0,7,104,2,113,0,19,121,2,142,104,0,104,246
06/03/2018,GMU,SC,ASO,ES,Federal Contract Tower,1,26,15,0,42,0,13,75,0,88,1,39,90,0,130,86,0,86,216
06/05/2018,GMU,SC,ASO,ES,Federal Contract Tower,0,31,16,2,49,0,30,129,0,159,0,61,145,2,208,54,0,54,262
06/06/2018,GMU,SC,ASO,ES,Federal Contract Tower,0,35,7,0,42,0,11,136,2,149,0,46,143,2,191,32,0,32,223
06/07/2018,GMU,SC,ASO,ES,Federal Contract Tower,0,24,23,0,47,0,12,121,3,136,0,36,144,3,183,48,0,48,231
06/08/2018,GMU,SC,ASO,ES,Federal Contract Tower,0,18,16,0,34,0,9,95,0,104,0,27,111,0,138,54,0,54,192
06/09/2018,GMU,SC,ASO,ES,Federal Contract Tower,0,7,14,0,21,0,5,85,2,92,0,12,99,2,113,28,0,28,141
06/10/2018,GMU,SC,ASO,ES,Federal Contract Tower,0,23,11,0,34,0,0,74,1,75,0,23,85,1,109,52,0,52,161
06/11/2018,GMU,SC,ASO,ES,Federal Contract Tower,0,33,16,1,50,0,4,63,1,68,0,37,79,2,118,90,2,92,210
06/12/2018,GMU,SC,ASO,ES,Federal Contract Tower,0,32,21,0,53,0,4,18,0,22,0,36,39,0,75,76,0,76,151
06/13/2018,GMU,SC,ASO,ES,Federal Contract Tower,0,32,17,2,51,0,11,63,3,77,0,43,80,5,128,102,0,102,230
06/14/2018,GMU,SC,ASO,ES,Federal Contract Tower,0,14,11,0,25,0,9,92,2,103,0,23,103,2,128,138,0,138,266
06/15/2018,GMU,SC,ASO,ES,Federal Contract Tower,0,20,16,0,36,0,3,132,0,135,0,23,148,0,171,56,0,56,227
06/16/2018,GMU,SC,ASO,ES,Federal Contract Tower,0,4,13,0,17,0,29,114,3,146,0,33,127,3,163,32,0,32,195
06/17/2018,GMU,SC,ASO,ES,Federal Contract Tower,0,17,7,0,24,0,5,56,3,64,0,22,63,3,88,24,0,24,112
06/18/2018,GMU,SC,ASO,ES,Federal Contract Tower,0,29,13,0,42,0,2,66,2,70,0,31,79,2,112,106,4,110,222
06/19/2018,GMU,SC,ASO,ES,Federal Contract Tower,0,24,22,0,46,0,9,74,2,85,0,33,96,2,131,34,0,34,165
06/20/2018,GMU,SC,ASO,ES,Federal Contract Tower,0,36,20,2,58,0,6,89,0,95,0,42,109,2,153,52,0,52,205
06/21/2018,GMU,SC,ASO,ES,Federal Contract Tower,0,29,22,0,51,0,19,88,4,111,0,48,110,4,162,68,0,68,230
06/22/2018,GMU,SC,ASO,ES,Federal Contract Tower,0,25,23,0,48,0,9,49,0,58,0,34,72,0,106,28,0,28,134
06/23/2018,GMU,SC,ASO,ES,Federal Contract Tower,0,6,23,0,29,0,0,69,0,69,0,6,92,0,98,42,0,42,140
06/24/2018,GMU,SC,ASO,ES,Federal Contract Tower,0,14,15,0,29,0,5,56,0,61,0,19,71,0,90,60,0,60,150
06/25/2018,GMU,SC,ASO,ES,Federal Contract Tower,0,21,9,0,30,0,8,86,0,94,0,29,95,0,124,66,0,66,190
06/26/2018,GMU,SC,ASO,ES,Federal Contract Tower,0,14,19,0,33,0,13,54,0,67,0,27,73,0,100,44,0,44,144
06/27/2018,GMU,SC,ASO,ES,Federal Contract Tower,0,13,9,0,22,0,1,49,2,52,0,14,58,2,74,84,0,84,158
06/28/2018,GMU,SC,ASO,ES,Federal Contract Tower,0,23,19,0,42,0,13,56,0,69,0,36,75,0,111,104,0,104,215
06/29/2018,GMU,SC,ASO,ES,Federal Contract Tower,0,24,22,0,46,0,18,116,5,139,0,42,138,5,185,80,0,80,265
06/30/2018,GMU,SC,ASO,ES,Federal Contract Tower,0,12,25,0,37,0,9,105,0,114,0,21,130,0,151,56,0,56,207
07/01/2018,GMU,SC,ASO,ES,Federal Contract Tower,0,17,17,0,34,0,7,48,0,55,0,24,65,0,89,58,0,58,147
07/02/2018,GMU,SC,ASO,ES,Federal Contract Tower,0,10,12,0,22,0,12,54,0,66,0,22,66,0,88,132,0,132,220
07/03/2018,GMU,SC,ASO,ES,Federal Contract Tower,0,16,13,0,29,0,9,116,0,125,0,25,129,0,154,88,0,88,242
07/04/2018,GMU,SC,ASO,ES,Federal Contract Tower,0,9,9,0,18,0,1,49,0,50,0,10,58,0,68,44,0,44,112
07/05/2018,GMU,SC,ASO,ES,Federal Contract Tower,0,13,5,0,18,0,14,85,1,100,0,27,90,1,118,46,0,46,164
07/06/2018,GMU,SC,ASO,ES,Federal Contract Tower,0,12,20,0,32,0,4,73,0,77,0,16,93,0,109,66,0,66,175
07/07/2018,GMU,SC,ASO,ES,Federal Contract Tower,0,15,20,0,35,0,0,11,0,11,0,15,31,0,46,46,0,46,92
07/08/2018,GMU,SC,ASO,ES,Federal Contract Tower,0,18,25,0,43,0,11,95,2,108,0,29,120,2,151,34,0,34,185
07/09/2018,GMU,SC,ASO,ES,Federal Contract Tower,0,23,10,0,33,0,13,121,0,134,0,36,131,0,167,72,0,72,239
07/10/2018,GMU,SC,ASO,ES,Federal Contract Tower,0,28,19,0,47,0,18,124,0,142,0,46,143,0,189,132,0,132,321
07/11/2018,GMU,SC,ASO,ES,Federal Contract Tower,0,23,19,0,42,0,14,118,0,132,0,37,137,0,174,108,0,108,282
07/12/2018,GMU,SC,ASO,ES,Federal Contract Tower,0,23,23,0,46,0,10,93,2,105,0,33,116,2,151,76,0,76,227
07/13/2018,GMU,SC,ASO,ES,Federal Contract Tower,0,19,32,0,51,0,4,45,0,49,0,23,77,0,100,64,0,64,164
07/14/2018,GMU,SC,ASO,ES,Federal Contract Tower,0,12,26,0,38,0,17,72,0,89,0,29,98,0,127,108,0,108,235
07/15/2018,GMU,SC,ASO,ES,Federal Contract Tower,0,19,7,0,26,0,5,46,0,51,0,24,53,0,77,132,0,132,209
07/16/2018,GMU,SC,ASO,ES,Federal Contract Tower,0,15,17,0,32,0,6,35,2,43,0,21,52,2,75,116,0,116,191
07/17/2018,GMU,SC,ASO,ES,Federal Contract Tower,0,15,15,0,30,0,2,38,2,42,0,17,53,2,72,120,0,120,192
07/18/2018,GMU,SC,ASO,ES,Federal Contract Tower,0,24,32,0,56,0,13,146,2,161,0,37,178,2,217,120,0,120,337
07/19/2018,GMU,SC,ASO,ES,Federal Contract Tower,0,23,35,0,58,0,10,73,0,83,0,33,108,0,141,122,0,122,263
07/20/2018,GMU,SC,ASO,ES,Federal Contract Tower,0,24,28,0,52,0,7,106,0,113,0,31,134,0,165,156,0,156,321
07/21/2018,GMU,SC,ASO,ES,Federal Contract Tower,0,6,13,0,19,0,5,42,0,47,0,11,55,0,66,80,0,80,146
07/22/2018,GMU,SC,ASO,ES,Federal Contract Tower,0,21,19,0,40,0,4,45,0,49,0,25,64,0,89,90,0,90,179
07/23/2018,GMU,SC,ASO,ES,Federal Contract Tower,0,27,15,0,42,0,5,69,0,74,0,32,84,0,116,142,0,142,258
07/24/2018,GMU,SC,ASO,ES,Federal Contract Tower,0,27,17,0,44,0,6,45,0,51,0,33,62,0,95,158,0,158,253
07/25/2018,GMU,SC,ASO,ES,Federal Contract Tower,0,20,19,0,39,0,5,89,4,98,0,25,108,4,137,38,0,38,175
07/26/2018,GMU,SC,ASO,ES,Federal Contract Tower,0,25,24,0,49,0,10,133,6,149,0,35,157,6,198,126,0,126,324
07/27/2018,GMU,SC,ASO,ES,Federal Contract Tower,0,13,22,0,35,0,4,138,2,144,0,17,160,2,179,80,0,80,259
07/28/2018,GMU,SC,ASO,ES,Federal Contract Tower,0,11,15,0,26,0,4,88,4,96,0,15,103,4,122,76,0,76,198
07/29/2018,GMU,SC,ASO,ES,Federal Contract Tower,0,18,18,0,36,0,1,56,0,57,0,19,74,0,93,94,0,94,187
07/30/2018,GMU,SC,ASO,ES,Federal Contract Tower,0,14,21,0,35,0,11,55,0,66,0,25,76,0,101,52,0,52,153
07/31/2018,GMU,SC,ASO,ES,Federal Contract Tower,0,17,9,0,26,0,0,15,2,17,0,17,24,2,43,42,0,42,85
08/01/2018,GMU,SC,ASO,ES,Federal Contract Tower,0,28,17,0,45,0,0,5,4,9,0,28,22,4,54,4,0,4,58
08/02/2018,GMU,SC,ASO,ES,Federal Contract Tower,0,28,10,0,38,0,0,1,0,1,0,28,11,0,39,2,0,2,41
08/03/2018,GMU,SC,ASO,ES,Federal Contract Tower,0,25,9,0,34,0,1,17,0,18,0,26,26,0,52,64,0,64,116
08/04/2018,GMU,SC,ASO,ES,Federal Contract Tower,0,22,22,0,44,0,2,58,0,60,0,24,80,0,104,68,0,68,172
08/05/2018,GMU,SC,ASO,ES,Federal Contract Tower,0,27,18,0,45,0,3,72,2,77,0,30,90,2,122,46,0,46,168
08/06/2018,GMU,SC,ASO,ES,Federal Contract Tower,0,27,13,0,40,0,1,83,0,84,0,28,96,0,124,60,0,60,184
08/07/2018,GMU,SC,ASO,ES,Federal Contract Tower,0,32,7,0,39,0,3,101,6,110,0,35,108,6,149,72,0,72,221
08/08/2018,GMU,SC,ASO,ES,Federal Contract Tower,0,30,7,0,37,0,4,76,0,80,0,34,83,0,117,74,0,74,191
08/09/2018,GMU,SC,ASO,ES,Federal Contract Tower,0,23,28,0,51,0,7,66,1,74,0,30,94,1,125,24,0,24,149
08/10/2018,GMU,SC,ASO,ES,Federal Contract Tower,0,25,14,0,39,0,18,77,0,95,0,43,91,0,134,86,0,86,220
08/11/2018,GMU,SC,ASO,ES,Federal Contract Tower,0,18,28,0,46,0,5,51,2,58,0,23,79,2,104,134,0,134,238
08/12/2018,GMU,SC,ASO,ES,Federal Contract Tower,0,30,13,0,43,0,3,75,0,78,0,33,88,0,121,42,0,42,163
08/13/2018,GMU,SC,ASO,ES,Federal Contract Tower,0,22,22,0,44,0,7,97,0,104,0,29,119,0,148,136,0,136,284
08/14/2018,GMU,SC,ASO,ES,Federal Contract Tower,0,18,24,0,42,0,14,99,3,116,0,32,123,3,158,80,0,80,238
08/15/2018,GMU,SC,ASO,ES,Federal Contract Tower,0,33,26,0,59,0,2,115,0,117,0,35,141,0,176,154,0,154,330
08/16/2018,GMU,SC,ASO,ES,Federal Contract Tower,0,30,19,0,49,0,15,113,0,128,0,45,132,0,177,66,0,66,243
08/17/2018,GMU,SC,ASO,ES,Federal Contract Tower,0,31,31,0,62,0,10,66,0,76,0,41,97,0,138,104,0,104,242
08/18/2018,GMU,SC,ASO,ES,Federal Contract Tower,0,10,15,2,27,0,6,7,0,13,0,16,22,2,40,30,0,30,70
08/19/2018,GMU,SC,ASO,ES,Federal Contract Tower,0,22,23,0,45,0,0,16,0,16,0,22,39,0,61,46,0,46,107
08/20/2018,GMU,SC,ASO,ES,Federal Contract Tower,0,18,22,0,40,0,9,42,0,51,0,27,64,0,91,102,0,102,193
08/21/2018,GMU,SC,ASO,ES,Federal Contract Tower,0,24,11,0,35,0,16,25,0,41,0,40,36,0,76,80,0,80,156
08/22/2018,GMU,SC,ASO,ES,Federal Contract Tower,0,30,23,0,53,0,3,123,0,126,0,33,146,0,179,100,0,100,279
08/23/2018,GMU,SC,ASO,ES,Federal Contract Tower,0,26,32,0,58,0,14,119,0,133,0,40,151,0,191,86,0,86,277
08/24/2018,GMU,SC,ASO,ES,Federal Contract Tower,0,27,21,0,48,0,18,155,1,174,0,45,176,1,222,64,0,64,286
08/25/2018,GMU,SC,ASO,ES,Federal Contract Tower,0,16,16,0,32,0,16,155,0,171,0,32,171,0,203,68,0,68,271
08/26/2018,GMU,SC,ASO,ES,Federal Contract Tower,0,18,11,0,29,0,3,87,2,92,0,21,98,2,121,22,0,22,143
08/27/2018,GMU,SC,ASO,ES,Federal Contract Tower,0,13,14,0,27,0,16,100,0,116,0,29,114,0,143,100,0,100,243
08/28/2018,GMU,SC,ASO,ES,Federal Contract Tower,0,22,9,0,31,0,11,103,2,116,0,33,112,2,147,128,0,128,275
08/29/2018,GMU,SC,ASO,ES,Federal Contract Tower,0,16,11,0,27,0,10,100,2,112,0,26,111,2,139,48,0,48,187
08/30/2018,GMU,SC,ASO,ES,Federal Contract Tower,0,34,23,0,57,0,10,87,0,97,0,44,110,0,154,86,0,86,240
08/31/2018,GMU,SC,ASO,ES,Federal Contract Tower,0,33,18,0,51,0,26,130,0,156,0,59,148,0,207,94,0,94,301
09/01/2018,GMU,SC,ASO,ES,Federal Contract Tower,0,8,20,0,28,0,12,115,3,130,0,20,135,3,158,38,0,38,196
09/02/2018,GMU,SC,ASO,ES,Federal Contract Tower,0,11,16,0,27,0,9,52,0,61,0,20,68,0,88,24,0,24,112
09/03/2018,GMU,SC,ASO,ES,Federal Contract Tower,0,30,26,0,56,0,8,89,2,99,0,38,115,2,155,38,0,38,193
09/04/2018,GMU,SC,ASO,ES,Federal Contract Tower,0,15,11,0,26,0,19,64,18,101,0,34,75,18,127,76,0,76,203
09/05/2018,GMU,SC,ASO,ES,Federal Contract Tower,0,16,23,0,39,0,24,100,4,128,0,40,123,4,167,108,0,108,275
09/06/2018,GMU,SC,ASO,ES,Federal Contract Tower,0,19,25,0,44,0,17,149,2,168,0,36,174,2,212,66,0,66,278
09/07/2018,GMU,SC,ASO,ES,Federal Contract Tower,0,19,20,1,40,0,11,146,5,162,0,30,166,6,202,66,4,70,272
09/08/2018,GMU,SC,ASO,ES,Federal Contract Tower,0,8,15,0,23,0,0,126,3,129,0,8,141,3,152,84,0,84,236
09/09/2018,GMU,SC,ASO,ES,Federal Contract Tower,0,14,12,2,28,0,5,42,0,47,0,19,54,2,75,28,0,28,103
09/10/2018,GMU,SC,ASO,ES,Federal Contract Tower,0,26,21,0,47,0,6,28,2,36,0,32,49,2,83,10,0,10,93
09/11/2018,GMU,SC,ASO,ES,Federal Contract Tower,0,23,27,1,51,0,3,45,28,76,0,26,72,29,127,110,0,110,237
09/12/2018,GMU,SC,ASO,ES,Federal Contract Tower,0,28,31,0,59,0,7,79,19,105,0,35,110,19,164,74,10,84,248
09/13/2018,GMU,SC,ASO,ES,Federal Contract Tower,0,19,25,1,45,0,4,66,6,76,0,23,91,7,121,78,2,80,201
09/15/2018,GMU,SC,ASO,ES,Federal Contract Tower,0,2,4,0,6,0,0,2,0,2,0,2,6,0,8,0,0,0,8
09/16/2018,GMU,SC,ASO,ES,Federal Contract Tower,0,13,1,0,14,0,0,0,0,0,0,13,1,0,14,0,0,0,14
09/17/2018,GMU,SC,ASO,ES,Federal Contract Tower,0,19,15,1,35,0,4,41,1,46,0,23,56,2,81,16,0,16,97
09/18/2018,GMU,SC,ASO,ES,Federal Contract Tower,0,22,14,3,39,0,19,86,6,111,0,41,100,9,150,66,6,72,222
09/19/2018,GMU,SC,ASO,ES,Federal Contract Tower,0,28,18,0,46,0,18,136,18,172,0,46,154,18,218,76,0,76,294
09/20/2018,GMU,SC,ASO,ES,Federal Contract Tower,0,35,22,0,57,0,17,101,5,123,0,52,123,5,180,76,0,76,256
09/21/2018,GMU,SC,ASO,ES,Federal Contract Tower,0,22,20,0,42,0,10,113,0,123,0,32,133,0,165,76,0,76,241
09/22/2018,GMU,SC,ASO,ES,Federal Contract Tower,0,9,23,2,34,0,6,119,0,125,0,15,142,2,159,38,0,38,197
09/23/2018,GMU,SC,ASO,ES,Federal Contract Tower,0,27,22,0,49,0,1,66,2,69,0,28,88,2,118,30,0,30,148
09/24/2018,GMU,SC,ASO,ES,Federal Contract Tower,0,23,22,0,45,0,0,3,0,3,0,23,25,0,48,0,0,0,48
09/25/2018,GMU,SC,ASO,ES,Federal Contract Tower,0,29,22,2,53,0,7,22,0,29,0,36,44,2,82,28,0,28,110
09/26/2018,GMU,SC,ASO,ES,Federal Contract Tower,0,21,14,0,35,0,11,61,2,74,0,32,75,2,109,66,0,66,175
09/27/2018,GMU,SC,ASO,ES,Federal Contract Tower,0,23,17,0,40,0,8,11,0,19,0,31,28,0,59,30,0,30,89
09/28/2018,GMU,SC,ASO,ES,Federal Contract Tower,0,25,29,0,54,0,17,48,0,65,0,42,77,0,119,6,0,6,125
09/29/2018,GMU,SC,ASO,ES,Federal Contract Tower,0,12,19,1,32,0,8,85,1,94,0,20,104,2,126,36,0,36,162
09/30/2018,GMU,SC,ASO,ES,Federal Contract Tower,0,23,29,0,52,0,1,22,0,23,0,24,51,0,75,0,0,0,75
10/01/2018,GMU,SC,ASO,ES,Federal Contract Tower,0,13,12,0,25,0,10,115,2,127,0,23,127,2,152,70,0,70,222
10/02/2018,GMU,SC,ASO,ES,Federal Contract Tower,0,20,28,0,48,0,11,87,0,98,0,31,115,0,146,40,0,40,186
10/03/2018,GMU,SC,ASO,ES,Federal Contract Tower,0,32,34,0,66,0,8,124,4,136,0,40,158,4,202,58,0,58,260
10/05/2018,GMU,SC,ASO,ES,Federal Contract Tower,0,14,24,0,38,0,12,153,0,165,0,26,177,0,203,118,0,118,321
10/06/2018,GMU,SC,ASO,ES,Federal Contract Tower,0,15,31,2,48,0,1,109,0,110,0,16,140,2,158,58,10,68,226
10/07/2018,GMU,SC,ASO,ES,Federal Contract Tower,0,32,23,0,55,0,4,42,0,46,0,36,65,0,101,36,0,36,137
10/08/2018,GMU,SC,ASO,ES,Federal Contract Tower,0,21,24,0,45,0,2,33,0,35,0,23,57,0,80,74,0,74,154
10/09/2018,GMU,SC,ASO,ES,Federal Contract Tower,0,20,26,1,47,0,6,8,1,15,0,26,34,2,62,0,0,0,62
10/10/2018,GMU,SC,ASO,ES,Federal Contract Tower,0,22,5,0,27,0,4,3,0,7,0,26,8,0,34,14,0,14,48
10/11/2018,GMU,SC,ASO,ES,Federal Contract Tower,0,9,6,0,15,0,6,13,0,19,0,15,19,0,34,18,0,18,52
10/12/2018,GMU,SC,ASO,ES,Federal Contract Tower,0,33,31,0,64,0,16,133,0,149,0,49,164,0,213,62,0,62,275
10/13/2018,GMU,SC,ASO,ES,Federal Contract Tower,0,21,29,0,50,0,12,116,1,129,0,33,145,1,179,16,0,16,195
10/14/2018,GMU,SC,ASO,ES,Federal Contract Tower,0,30,21,0,51,0,2,56,0,58,0,32,77,0,109,8,0,8,117
10/15/2018,GMU,SC,ASO,ES,Federal Contract Tower,0,27,17,0,44,0,9,57,0,66,0,36,74,0,110,54,0,54,164
10/16/2018,GMU,SC,ASO,ES,Federal Contract Tower,0,25,20,0,45,0,5,63,5,73,0,30,83,5,118,52,6,58,176
10/17/2018,GMU,SC,ASO,ES,Federal Contract Tower,0,14,22,0,36,0,9,105,2,116,0,23,127,2,152,60,0,60,212
10/18/2018,GMU,SC,ASO,ES,Federal Contract Tower,0,34,25,0,59,0,4,104,3,111,0,38,129,3,170,58,0,58,228
10/19/2018,GMU,SC,ASO,ES,Federal Contract Tower,0,42,22,4,68,0,24,121,2,147,0,66,143,6,215,36,0,36,251
10/20/2018,GMU,SC,ASO,ES,Federal Contract Tower,0,16,9,0,25,0,0,37,0,37,0,16,46,0,62,62,0,62,124
10/21/2018,GMU,SC,ASO,ES,Federal Contract Tower,0,33,20,0,53,0,10,82,0,92,0,43,102,0,145,2,0,2,147
10/22/2018,GMU,SC,ASO,ES,Federal Contract Tower,0,18,16,0,34,0,7,127,0,134,0,25,143,0,168,88,0,88,256
10/23/2018,GMU,SC,ASO,ES,Federal Contract Tower,0,24,20,0,44,0,25,95,2,122,0,49,115,2,166,54,0,54,220
10/24/2018,GMU,SC,ASO,ES,Federal Contract Tower,0,33,22,1,56,0,24,116,9,149,0,57,138,10,205,52,0,52,257
10/25/2018,GMU,SC,ASO,ES,Federal Contract Tower,0,23,13,0,36,0,9,117,8,134,0,32,130,8,170,20,6,26,196
10/26/2018,GMU,SC,ASO,ES,Federal Contract Tower,0,26,9,0,35,0,0,0,0,0,0,26,9,0,35,0,0,0,35
10/27/2018,GMU,SC,ASO,ES,Federal Contract Tower,0,21,16,0,37,0,14,39,8,61,0,35,55,8,98,32,0,32,130
10/28/2018,GMU,SC,ASO,ES,Federal Contract Tower,0,19,12,0,31,0,16,95,4,115,0,35,107,4,146,28,0,28,174
10/29/2018,GMU,SC,ASO,ES,Federal Contract Tower,0,22,12,0,34,0,15,116,0,131,0,37,128,0,165,38,0,38,203
10/30/2018,GMU,SC,ASO,ES,Federal Contract Tower,0,26,19,0,45,0,13,115,8,136,0,39,134,8,181,54,2,56,237
10/31/2018,GMU,SC,ASO,ES,Federal Contract Tower,0,24,11,0,35,0,5,113,6,124,0,29,124,6,159,36,0,36,195
11/01/2018,GMU,SC,ASO,ES,Federal Contract Tower,0,28,4,0,32,0,5,19,4,28,0,33,23,4,60,12,0,12,72
11/02/2018,GMU,SC,ASO,ES,Federal Contract Tower,0,35,22,0,57,0,3,4,0,7,0,38,26,0,64,16,0,16,80
11/03/2018,GMU,SC,ASO,ES,Federal Contract Tower,0,12,20,0,32,0,34,101,2,137,0,46,121,2,169,2,0,2,171
11/04/2018,GMU,SC,ASO,ES,Federal Contract Tower,0,25,13,0,38,0,12,101,0,113,0,37,114,0,151,44,0,44,195
11/05/2018,GMU,SC,ASO,ES,Federal Contract Tower,0,27,15,0,42,0,0,2,0,2,0,27,17,0,44,2,0,2,46
11/06/2018,GMU,SC,ASO,ES,Federal Contract Tower,0,23,14,0,37,0,1,62,2,65,0,24,76,2,102,10,0,10,112
11/07/2018,GMU,SC,ASO,ES,Federal Contract Tower,0,22,28,0,50,0,2,107,9,118,0,24,135,9,168,40,0,40,208
11/08/2018,GMU,SC,ASO,ES,Federal Contract Tower,0,25,6,0,31,0,11,48,0,59,0,36,54,0,90,56,0,56,146
11/09/2018,GMU,SC,ASO,ES,Federal Contract Tower,0,27,16,0,43,0,0,0,0,0,0,27,16,0,43,0,0,0,43
11/10/2018,GMU,SC,ASO,ES,Federal Contract Tower,0,19,19,0,38,0,19,139,5,163,0,38,158,5,201,44,0,44,245
11/11/2018,GMU,SC,ASO,ES,Federal Contract Tower,0,28,14,0,42,0,6,122,7,135,0,34,136,7,177,22,8,30,207
11/12/2018,GMU,SC,ASO,ES,Federal Contract Tower,0,20,7,0,27,0,0,2,0,2,0,20,9,0,29,0,0,0,29
11/13/2018,GMU,SC,ASO,ES,Federal Contract Tower,0,27,5,0,32,0,1,0,0,1,0,28,5,0,33,0,0,0,33
11/14/2018,GMU,SC,ASO,ES,Federal Contract Tower,0,23,15,0,38,0,1,22,0,23,0,24,37,0,61,60,0,60,121
11/15/2018,GMU,SC,ASO,ES,Federal Contract Tower,0,40,13,0,53,0,0,0,2,2,0,40,13,2,55,14,0,14,69
11/16/2018,GMU,SC,ASO,ES,Federal Contract Tower,0,22,21,0,43,0,16,103,1,120,0,38,124,1,163,82,2,84,247
11/17/2018,GMU,SC,ASO,ES,Federal Contract Tower,0,6,11,2,19,0,9,71,0,80,0,15,82,2,99,26,0,26,125
11/18/2018,GMU,SC,ASO,ES,Federal Contract Tower,0,16,20,0,36,0,6,69,0,75,0,22,89,0,111,24,0,24,135
11/19/2018,GMU,SC,ASO,ES,Federal Contract Tower,0,19,15,2,36,0,1,77,6,84,0,20,92,8,120,68,6,74,194
11/20/2018,GMU,SC,ASO,ES,Federal Contract Tower,0,30,22,0,52,0,13,81,0,94,0,43,103,0,146,98,0,98,244
11/23/2018,GMU,SC,ASO,ES,Federal Contract Tower,0,11,23,0,34,0,11,27,0,38,0,22,50,0,72,8,0,8,80
11/27/2018,GMU,SC,ASO,ES,Federal Contract Tower,0,20,17,0,37,0,11,65,8,84,0,31,82,8,121,78,0,78,199
11/28/2018,GMU,SC,ASO,ES,Federal Contract Tower,0,25,9,0,34,0,11,91,10,112,0,36,100,10,146,24,0,24,170
11/29/2018,GMU,SC,ASO,ES,Federal Contract Tower,0,23,27,0,50,0,10,82,0,92,0,33,109,0,142,112,0,112,254
11/30/2018,GMU,SC,ASO,ES,Federal Contract Tower,0,17,14,0,31,0,0,15,0,15,0,17,29,0,46,40,0,40,86
12/01/2018,GMU,SC,ASO,ES,Federal Contract Tower,0,10,4,1,15,0,2,2,0,4,0,12,6,1,19,12,0,12,31
12/02/2018,GMU,SC,ASO,ES,Federal Contract Tower,0,21,6,0,27,0,0,52,0,52,0,21,58,0,79,34,0,34,113
12/03/2018,GMU,SC,ASO,ES,Federal Contract Tower,0,25,11,0,36,0,12,80,0,92,0,37,91,0,128,48,0,48,176
12/04/2018,GMU,SC,ASO,ES,Federal Contract Tower,0,18,18,0,36,0,14,93,0,107,0,32,111,0,143,100,0,100,243
12/05/2018,GMU,SC,ASO,ES,Federal Contract Tower,0,25,11,0,36,0,17,114,3,134,0,42,125,3,170,32,0,32,202
12/06/2018,GMU,SC,ASO,ES,Federal Contract Tower,0,27,15,0,42,0,18,99,0,117,0,45,114,0,159,96,0,96,255
12/07/2018,GMU,SC,ASO,ES,Federal Contract Tower,0,24,14,0,38,0,7,77,2,86,0,31,91,2,124,120,0,120,244
12/08/2018,GMU,SC,ASO,ES,Federal Contract Tower,0,13,4,0,17,0,0,0,0,0,0,13,4,0,17,0,0,0,17
12/10/2018,GMU,SC,ASO,ES,Federal Contract Tower,0,8,3,0,11,0,2,3,0,5,0,10,6,0,16,8,0,8,24
12/11/2018,GMU,SC,ASO,ES,Federal Contract Tower,0,21,10,0,31,0,14,80,4,98,0,35,90,4,129,44,0,44,173
12/12/2018,GMU,SC,ASO,ES,Federal Contract Tower,0,31,12,0,43,0,5,78,4,87,0,36,90,4,130,58,0,58,188
12/13/2018,GMU,SC,ASO,ES,Federal Contract Tower,0,38,13,0,51,0,8,72,2,82,0,46,85,2,133,50,0,50,183
12/14/2018,GMU,SC,ASO,ES,Federal Contract Tower,0,30,3,0,33,0,0,0,0,0,0,30,3,0,33,0,0,0,33
12/15/2018,GMU,SC,ASO,ES,Federal Contract Tower,0,12,6,0,18,0,0,2,0,2,0,12,8,0,20,0,0,0,20
12/16/2018,GMU,SC,ASO,ES,Federal Contract Tower,0,17,14,0,31,0,1,96,0,97,0,18,110,0,128,26,0,26,154
12/17/2018,GMU,SC,ASO,ES,Federal Contract Tower,0,15,20,0,35,0,11,103,2,116,0,26,123,2,151,36,0,36,187
12/19/2018,GMU,SC,ASO,ES,Federal Contract Tower,0,22,26,0,48,0,4,110,6,120,0,26,136,6,168,48,0,48,216
12/20/2018,GMU,SC,ASO,ES,Federal Contract Tower,0,29,7,0,36,0,0,0,0,0,0,29,7,0,36,0,0,0,36
12/21/2018,GMU,SC,ASO,ES,Federal Contract Tower,0,19,7,0,26,0,1,1,0,2,0,20,8,0,28,4,0,4,32
12/22/2018,GMU,SC,ASO,ES,Federal Contract Tower,0,17,17,0,34,0,11,120,2,133,0,28,137,2,167,48,0,48,215
12/23/2018,GMU,SC,ASO,ES,Federal Contract Tower,0,17,12,0,29,0,10,27,0,37,0,27,39,0,66,2,0,2,68
12/24/2018,GMU,SC,ASO,ES,Federal Contract Tower,0,7,12,0,19,0,12,56,0,68,0,19,68,0,87,62,0,62,149
12/25/2018,GMU,SC,ASO,ES,Federal Contract Tower,0,2,3,0,5,0,6,23,0,29,0,8,26,0,34,8,0,8,42
12/26/2018,GMU,SC,ASO,ES,Federal Contract Tower,0,15,17,1,33,0,14,102,0,116,0,29,119,1,149,10,0,10,159
12/27/2018,GMU,SC,ASO,ES,Federal Contract Tower,0,21,12,0,33,0,0,13,0,13,0,21,25,0,46,30,0,30,76
12/28/2018,GMU,SC,ASO,ES,Federal Contract Tower,0,17,2,0,19,0,0,0,0,0,0,17,2,0,19,0,0,0,19
12/29/2018,GMU,SC,ASO,ES,Federal Contract Tower,0,19,31,0,50,0,2,78,0,80,0,21,109,0,130,32,0,32,162
12/30/2018,GMU,SC,ASO,ES,Federal Contract Tower,0,12,20,0,32,0,0,1,0,1,0,12,21,0,33,2,0,2,35
12/31/2018,GMU,SC,ASO,ES,Federal Contract Tower,0,3,1,0,4,0,0,0,0,0,0,3,1,0,4,0,0,0,4
01/01/2019,GMU,SC,ASO,ES,Federal Contract Tower,0,7,15,0,22,0,17,34,0,51,0,24,49,0,73,21,0,21,94
01/02/2019,GMU,SC,ASO,ES,Federal Contract Tower,0,26,14,0,40,0,7,65,2,74,0,33,79,2,114,48,0,48,162
01/03/2019,GMU,SC,ASO,ES,Federal Contract Tower,0,15,18,0,33,0,0,11,0,11,0,15,29,0,44,42,0,42,86
01/04/2019,GMU,SC,ASO,ES,Federal Contract Tower,0,21,5,0,26,0,0,0,0,0,0,21,5,0,26,0,0,0,26
01/05/2019,GMU,SC,ASO,ES,Federal Contract Tower,0,15,22,1,38,0,5,105,1,111,0,20,127,2,149,136,0,136,285
01/06/2019,GMU,SC,ASO,ES,Federal Contract Tower,0,24,15,0,39,0,4,121,1,126,0,28,136,1,165,42,0,42,207
01/07/2019,GMU,SC,ASO,ES,Federal Contract Tower,0,6,15,0,21,0,12,83,12,107,0,18,98,12,128,82,4,86,214
01/08/2019,GMU,SC,ASO,ES,Federal Contract Tower,0,10,11,1,22,0,8,83,12,103,0,18,94,13,125,36,2,38,163
01/09/2019,GMU,SC,ASO,ES,Federal Contract Tower,0,14,10,0,24,0,15,97,6,118,0,29,107,6,142,42,0,42,184
01/10/2019,GMU,SC,ASO,ES,Federal Contract Tower,0,22,25,0,47,0,6,71,0,77,0,28,96,0,124,26,0,26,150
01/11/2019,GMU,SC,ASO,ES,Federal Contract Tower,0,14,21,0,35,0,8,130,4,142,0,22,151,4,177,112,4,116,293
01/12/2019,GMU,SC,ASO,ES,Federal Contract Tower,0,9,10,0,19,0,3,37,0,40,0,12,47,0,59,44,0,44,103
01/13/2019,GMU,SC,ASO,ES,Federal Contract Tower,0,27,2,0,29,0,1,0,0,1,0,28,2,0,30,0,0,0,30
01/14/2019,GMU,SC,ASO,ES,Federal Contract Tower,0,14,15,0,29,0,0,4,0,4,0,14,19,0,33,10,0,10,43
01/15/2019,GMU,SC,ASO,ES,Federal Contract Tower,0,20,15,0,35,0,12,76,1,89,0,32,91,1,124,72,2,74,198
01/16/2019,GMU,SC,ASO,ES,Federal Contract Tower,0,16,10,0,26,0,5,113,3,121,0,21,123,3,147,50,0,50,197
01/17/2019,GMU,SC,ASO,ES,Federal Contract Tower,0,23,18,0,41,0,10,54,8,72,0,33,72,8,113,42,6,48,161
01/18/2019,GMU,SC,ASO,ES,Federal Contract Tower,0,24,25,0,49,0,1,30,0,31,0,25,55,0,80,48,0,48,128
01/19/2019,GMU,SC,ASO,ES,Federal Contract Tower,0,8,0,0,8,0,0,0,0,0,0,8,0,0,8,0,0,0,8
01/20/2019,GMU,SC,ASO,ES,Federal Contract Tower,0,20,7,0,27,0,4,31,0,35,0,24,38,0,62,14,0,14,76
01/21/2019,GMU,SC,ASO,ES,Federal Contract Tower,0,24,8,0,32,0,6,139,0,145,0,30,147,0,177,42,0,42,219
01/22/2019,GMU,SC,ASO,ES,Federal Contract Tower,0,30,26,0,56,0,6,103,2,111,0,36,129,2,167,62,0,62,229
01/23/2019,GMU,SC,ASO,ES,Federal Contract Tower,0,16,2,0,18,0,0,0,0,0,0,16,2,0,18,0,0,0,18
01/24/2019,GMU,SC,ASO,ES,Federal Contract Tower,0,23,17,0,40,0,11,63,0,74,0,34,80,0,114,50,0,50,164
01/25/2019,GMU,SC,ASO,ES,Federal Contract Tower,0,33,15,0,48,0,19,124,0,143,0,52,139,0,191,58,0,58,249
01/26/2019,GMU,SC,ASO,ES,Federal Contract Tower,0,5,11,0,16,0,8,189,2,199,0,13,200,2,215,46,0,46,261
01/27/2019,GMU,SC,ASO,ES,Federal Contract Tower,0,17,5,0,22,0,5,88,7,100,0,22,93,7,122,76,0,76,198
01/28/2019,GMU,SC,ASO,ES,Federal Contract Tower,0,10,22,0,32,0,5,108,0,113,0,15,130,0,145,100,0,100,245
01/29/2019,GMU,SC,ASO,ES,Federal Contract Tower,0,17,3,0,20,0,9,27,0,36,0,26,30,0,56,2,0,2,58
01/30/2019,GMU,SC,ASO,ES,Federal Contract Tower,0,16,14,0,30,0,8,53,2,63,0,24,67,2,93,14,0,14,107
01/31/2019,GMU,SC,ASO,ES,Federal Contract Tower,0,16,22,0,38,0,8,91,3,102,0,24,113,3,140,38,2,40,180
02/01/2019,GMU,SC,ASO,ES,Federal Contract Tower,0,14,19,0,33,0,6,139,0,145,0,20,158,0,178,80,0,80,258
02/02/2019,GMU,SC,ASO,ES,Federal Contract Tower,0,19,28,0,47,0,5,160,3,168,0,24,188,3,215,34,0,34,249
02/03/2019,GMU,SC,ASO,ES,Federal Contract Tower,0,17,10,0,27,0,1,57,0,58,0,18,67,0,85,90,0,90,175
02/04/2019,GMU,SC,ASO,ES,Federal Contract Tower,0,22,14,0,36,0,12,79,2,93,0,34,93,2,129,42,0,42,171
02/05/2019,GMU,SC,ASO,ES,Federal Contract Tower,0,22,18,0,40,0,12,77,4,93,0,34,95,4,133,24,0,24,157
02/06/2019,GMU,SC,ASO,ES,Federal Contract Tower,0,21,23,0,44,0,6,17,6,29,0,27,40,6,73,10,2,12,85
02/07/2019,GMU,SC,ASO,ES,Federal Contract Tower,0,23,24,0,47,0,9,63,4,76,0,32,87,4,123,30,0,30,153
02/08/2019,GMU,SC,ASO,ES,Federal Contract Tower,0,22,17,0,39,0,7,98,2,107,0,29,115,2,146,64,0,64,210
02/09/2019,GMU,SC,ASO,ES,Federal Contract Tower,0,5,11,0,16,0,11,133,2,146,0,16,144,2,162,48,0,48,210
02/10/2019,GMU,SC,ASO,ES,Federal Contract Tower,0,14,10,0,24,0,3,29,0,32,0,17,39,0,56,48,0,48,104
02/11/2019,GMU,SC,ASO,ES,Federal Contract Tower,0,12,7,0,19,0,0,0,0,0,0,12,7,0,19,0,0,0,19
02/12/2019,GMU,SC,ASO,ES,Federal Contract Tower,0,19,3,0,22,0,0,0,0,0,0,19,3,0,22,0,0,0,22
02/13/2019,GMU,SC,ASO,ES,Federal Contract Tower,0,17,14,1,32,0,9,111,5,125,0,26,125,6,157,48,10,58,215
02/14/2019,GMU,SC,ASO,ES,Federal Contract Tower,0,20,19,0,39,0,19,139,0,158,0,39,158,0,197,86,0,86,283
02/15/2019,GMU,SC,ASO,ES,Federal Contract Tower,0,18,29,0,47,0,10,69,0,79,0,28,98,0,126,102,0,102,228
02/16/2019,GMU,SC,ASO,ES,Federal Contract Tower,0,10,19,0,29,0,3,19,0,22,0,13,38,0,51,18,0,18,69
02/17/2019,GMU,SC,ASO,ES,Federal Contract Tower,0,19,4,0,23,0,0,0,0,0,0,19,4,0,23,0,0,0,23
02/18/2019,GMU,SC,ASO,ES,Federal Contract Tower,0,26,17,0,43,0,5,79,9,93,0,31,96,9,136,80,0,80,216
02/20/2019,GMU,SC,ASO,ES,Federal Contract Tower,0,20,4,0,24,0,0,0,0,0,0,20,4,0,24,0,0,0,24
02/21/2019,GMU,SC,ASO,ES,Federal Contract Tower,0,28,9,0,37,0,0,12,0,12,0,28,21,0,49,2,0,2,51
02/22/2019,GMU,SC,ASO,ES,Federal Contract Tower,0,17,13,0,30,0,0,0,0,0,0,17,13,0,30,0,0,0,30
02/23/2019,GMU,SC,ASO,ES,Federal Contract Tower,0,10,3,0,13,0,0,0,0,0,0,10,3,0,13,0,0,0,13
02/24/2019,GMU,SC,ASO,ES,Federal Contract Tower,0,14,5,0,19,0,2,23,3,28,0,16,28,3,47,2,0,2,49
02/25/2019,GMU,SC,ASO,ES,Federal Contract Tower,0,19,26,0,45,0,20,133,3,156,0,39,159,3,201,90,0,90,291
02/26/2019,GMU,SC,ASO,ES,Federal Contract Tower,0,19,15,1,35,0,16,135,6,157,0,35,150,7,192,20,4,24,216
02/27/2019,GMU,SC,ASO,ES,Federal Contract Tower,0,27,28,0,55,0,2,24,6,32,0,29,52,6,87,32,0,32,119
02/28/2019,GMU,SC,ASO,ES,Federal Contract Tower,0,15,28,0,43,0,8,30,0,38,0,23,58,0,81,48,0,48,129
03/01/2019,GMU,SC,ASO,ES,Federal Contract Tower,0,20,13,0,33,0,0,0,0,0,0,20,13,0,33,0,0,0,33
03/02/2019,GMU,SC,ASO,ES,Federal Contract Tower,0,21,25,0,46,0,7,78,4,89,0,28,103,4,135,80,0,80,215
03/03/2019,GMU,SC,ASO,ES,Federal Contract Tower,0,18,13,0,31,0,0,2,0,2,0,18,15,0,33,0,0,0,33
03/04/2019,GMU,SC,ASO,ES,Federal Contract Tower,0,21,12,0,33,0,7,105,6,118,0,28,117,6,151,72,0,72,223
03/05/2019,GMU,SC,ASO,ES,Federal Contract Tower,0,26,15,0,41,0,18,82,7,107,0,44,97,7,148,14,0,14,162
03/06/2019,GMU,SC,ASO,ES,Federal Contract Tower,0,18,22,0,40,0,6,147,0,153,0,24,169,0,193,80,0,80,273
03/07/2019,GMU,SC,ASO,ES,Federal Contract Tower,0,27,11,0,38,0,5,119,6,130,0,32,130,6,168,48,6,54,222
03/08/2019,GMU,SC,ASO,ES,Federal Contract Tower,0,19,19,0,38,0,1,20,0,21,0,20,39,0,59,18,0,18,77
03/09/2019,GMU,SC,ASO,ES,Federal Contract Tower,0,8,1,0,9,0,0,0,0,0,0,8,1,0,9,0,0,0,9
03/10/2019,GMU,SC,ASO,ES,Federal Contract Tower,0,12,14,0,26,0,5,34,0,39,0,17,48,0,65,42,0,42,107
03/11/2019,GMU,SC,ASO,ES,Federal Contract Tower,0,18,17,0,35,0,10,84,2,96,0,28,101,2,131,54,0,54,185
03/12/2019,GMU,SC,ASO,ES,Federal Contract Tower,0,27,13,0,40,0,10,130,7,147,0,37,143,7,187,74,4,78,265
03/13/2019,GMU,SC,ASO,ES,Federal Contract Tower,0,12,23,0,35,0,16,130,2,148,0,28,153,2,183,2,0,2,185
03/14/2019,GMU,SC,ASO,ES,Federal Contract Tower,0,19,32,0,51,0,12,60,2,74,0,31,92,2,125,0,0,0,125
03/15/2019,GMU,SC,ASO,ES,Federal Contract Tower,0,15,9,0,24,0,4,11,0,15,0,19,20,0,39,0,0,0,39
03/16/2019,GMU,SC,ASO,ES,Federal Contract Tower,0,7,19,0,26,0,3,99,7,109,0,10,118,7,135,102,0,102,237
03/17/2019,GMU,SC,ASO,ES,Federal Contract Tower,0,15,11,0,26,0,4,121,4,129,0,19,132,4,155,72,0,72,227
03/18/2019,GMU,SC,ASO,ES,Federal Contract Tower,0,15,25,0,40,0,7,98,2,107,0,22,123,2,147,24,0,24,171
03/19/2019,GMU,SC,ASO,ES,Federal Contract Tower,0,17,13,0,30,0,15,90,6,111,0,32,103,6,141,18,0,18,159
03/20/2019,GMU,SC,ASO,ES,Federal Contract Tower,0,29,14,0,43,0,14,101,4,119,0,43,115,4,162,40,0,40,202
03/21/2019,GMU,SC,ASO,ES,Federal Contract Tower,0,23,21,0,44,0,4,77,2,83,0,27,98,2,127,50,6,56,183
03/22/2019,GMU,SC,ASO,ES,Federal Contract Tower,0,29,16,0,45,0,12,93,1,106,0,41,109,1,151,42,2,44,195
03/23/2019,GMU,SC,ASO,ES,Federal Contract Tower,0,17,20,0,37,0,11,166,0,177,0,28,186,0,214,74,0,74,288
03/24/2019,GMU,SC,ASO,ES,Federal Contract Tower,0,25,20,0,45,0,12,88,1,101,0,37,108,1,146,62,0,62,208
03/25/2019,GMU,SC,ASO,ES,Federal Contract Tower,0,11,13,0,24,0,9,39,0,48,0,20,52,0,72,70,0,70,142
03/26/2019,GMU,SC,ASO,ES,Federal Contract Tower,0,31,24,1,56,0,22,49,0,71,0,53,73,1,127,60,0,60,187
03/27/2019,GMU,SC,ASO,ES,Federal Contract Tower,0,17,18,0,35,0,16,113,2,131,0,33,131,2,166,82,0,82,248
03/28/2019,GMU,SC,ASO,ES,Federal Contract Tower,0,24,20,0,44,0,9,114,18,141,0,33,134,18,185,40,2,42,227
03/29/2019,GMU,SC,ASO,ES,Federal Contract Tower,0,22,24,0,46,0,2,143,2,147,0,24,167,2,193,18,0,18,211
03/30/2019,GMU,SC,ASO,ES,Federal Contract Tower,0,12,22,0,34,0,5,108,7,120,0,17,130,7,154,64,0,64,218
03/31/2019,GMU,SC,ASO,ES,Federal Contract Tower,0,14,24,0,38,0,7,41,3,51,0,21,65,3,89,14,0,14,103
04/01/2019,GMU,SC,ASO,ES,Federal Contract Tower,0,15,7,0,22,0,8,82,0,90,0,23,89,0,112,72,0,72,184
04/02/2019,GMU,SC,ASO,ES,Federal Contract Tower,0,18,11,0,29,0,2,72,0,74,0,20,83,0,103,58,0,58,161
04/03/2019,GMU,SC,ASO,ES,Federal Contract Tower,0,20,18,0,38,0,9,126,0,135,0,29,144,0,173,112,2,114,287
04/04/2019,GMU,SC,ASO,ES,Federal Contract Tower,0,18,16,0,34,0,5,123,7,135,0,23,139,7,169,38,0,38,207
04/05/2019,GMU,SC,ASO,ES,Federal Contract Tower,0,13,16,0,29,0,0,0,4,4,0,13,16,4,33,6,4,10,43
04/06/2019,GMU,SC,ASO,ES,Federal Contract Tower,0,5,15,0,20,0,8,87,2,97,0,13,102,2,117,68,0,68,185
04/07/2019,GMU,SC,ASO,ES,Federal Contract Tower,0,8,13,0,21,0,5,22,0,27,0,13,35,0,48,20,0,20,68
04/08/2019,GMU,SC,ASO,ES,Federal Contract Tower,0,13,5,0,18,0,1,8,0,9,0,14,13,0,27,10,0,10,37
04/09/2019,GMU,SC,ASO,ES,Federal Contract Tower,0,16,5,0,21,0,0,7,1,8,0,16,12,1,29,14,0,14,43
04/10/2019,GMU,SC,ASO,ES,Federal Contract Tower,0,23,31,0,54,0,18,156,4,178,0,41,187,4,232,42,8,50,282
04/11/2019,GMU,SC,ASO,ES,Federal Contract Tower,0,31,25,0,56,0,18,49,2,69,0,49,74,2,125,30,0,30,155
04/12/2019,GMU,SC,ASO,ES,Federal Contract Tower,0,17,19,0,36,0,11,14,0,25,0,28,33,0,61,12,0,12,73
04/13/2019,GMU,SC,ASO,ES,Federal Contract Tower,0,14,33,0,47,0,5,22,0,27,0,19,55,0,74,76,0,76,150
04/14/2019,GMU,SC,ASO,ES,Federal Contract Tower,0,13,0,0,13,0,2,0,0,2,0,15,0,0,15,0,0,0,15
04/15/2019,GMU,SC,ASO,ES,Federal Contract Tower,0,13,22,0,35,0,14,98,1,113,0,27,120,1,148,100,0,100,248
04/16/2019,GMU,SC,ASO,ES,Federal Contract Tower,0,14,12,0,26,0,7,131,2,140,0,21,143,2,166,52,0,52,218
04/17/2019,GMU,SC,ASO,ES,Federal Contract Tower,0,17,21,0,38,0,8,111,2,121,0,25,132,2,159,66,0,66,225
04/18/2019,GMU,SC,ASO,ES,Federal Contract Tower,0,19,33,1,53,0,17,56,0,73,0,36,89,1,126,102,0,102,228
04/19/2019,GMU,SC,ASO,ES,Federal Contract Tower,0,11,1,0,12,0,0,5,0,5,0,11,6,0,17,0,0,0,17
04/20/2019,GMU,SC,ASO,ES,Federal Contract Tower,0,7,8,5,20,0,7,21,0,28,0,14,29,5,48,44,2,46,94
04/21/2019,GMU,SC,ASO,ES,Federal Contract Tower,0,5,16,1,22,0,1,79,0,80,0,6,95,1,102,24,0,24,126
04/22/2019,GMU,SC,ASO,ES,Federal Contract Tower,0,29,16,0,45,0,6,121,0,127,0,35,137,0,172,68,0,68,240
04/23/2019,GMU,SC,ASO,ES,Federal Contract Tower,0,41,16,1,58,0,15,82,4,101,0,56,98,5,159,58,4,62,221
04/24/2019,GMU,SC,ASO,ES,Federal Contract Tower,0,17,13,1,31,0,10,133,0,143,0,27,146,1,174,52,0,52,226
04/25/2019,GMU,SC,ASO,ES,Federal Contract Tower,0,24,14,0,38,0,15,122,4,141,0,39,136,4,179,100,0,100,279
04/26/2019,GMU,SC,ASO,ES,Federal Contract Tower,0,19,9,0,28,0,4,10,2,16,0,23,19,2,44,6,0,6,50
04/27/2019,GMU,SC,ASO,ES,Federal Contract Tower,0,13,22,0,35,0,19,203,4,226,0,32,225,4,261,28,0,28,289
04/28/2019,GMU,SC,ASO,ES,Federal Contract Tower,0,7,20,0,27,0,8,91,2,101,0,15,111,2,128,92,0,92,220
04/29/2019,GMU,SC,ASO,ES,Federal Contract Tower,0,14,18,0,32,0,9,93,0,102,0,23,111,0,134,36,0,36,170
04/30/2019,GMU,SC,ASO,ES,Federal Contract Tower,0,17,18,0,35,0,9,93,0,102,0,26,111,0,137,60,0,60,197
05/01/2019,GMU,SC,ASO,ES,Federal Contract Tower,0,25,22,0,47,0,8,63,2,73,0,33,85,2,120,86,0,86,206
05/02/2019,GMU,SC,ASO,ES,Federal Contract Tower,0,27,26,0,53,0,19,111,0,130,0,46,137,0,183,26,0,26,209
05/03/2019,GMU,SC,ASO,ES,Federal Contract Tower,0,13,21,0,34,0,5,29,0,34,0,18,50,0,68,20,0,20,88
05/04/2019,GMU,SC,ASO,ES,Federal Contract Tower,0,9,8,0,17,0,4,52,0,56,0,13,60,0,73,10,0,10,83
05/05/2019,GMU,SC,ASO,ES,Federal Contract Tower,0,17,18,0,35,0,2,18,3,23,0,19,36,3,58,28,0,28,86
05/06/2019,GMU,SC,ASO,ES,Federal Contract Tower,0,16,22,0,38,0,5,99,1,105,0,21,121,1,143,74,0,74,217
05/07/2019,GMU,SC,ASO,ES,Federal Contract Tower,0,12,24,0,36,0,20,86,3,109,0,32,110,3,145,174,0,174,319
05/08/2019,GMU,SC,ASO,ES,Federal Contract Tower,0,30,16,0,46,0,8,85,6,99,0,38,101,6,145,148,0,148,293
05/09/2019,GMU,SC,ASO,ES,Federal Contract Tower,0,19,22,0,41,0,33,104,3,140,0,52,126,3,181,140,0,140,321
05/10/2019,GMU,SC,ASO,ES,Federal Contract Tower,0,30,20,0,50,0,4,25,0,29,0,34,45,0,79,10,0,10,89
05/11/2019,GMU,SC,ASO,ES,Federal Contract Tower,0,8,8,0,16,0,0,1,0,1,0,8,9,0,17,8,0,8,25
05/12/2019,GMU,SC,ASO,ES,Federal Contract Tower,0,13,5,0,18,0,13,12,0,25,0,26,17,0,43,30,0,30,73
05/13/2019,GMU,SC,ASO,ES,Federal Contract Tower,0,15,20,1,36,0,6,105,3,114,0,21,125,4,150,52,0,52,202
05/14/2019,GMU,SC,ASO,ES,Federal Contract Tower,0,13,19,0,32,0,13,149,2,164,0,26,168,2,196,44,0,44,240
05/15/2019,GMU,SC,ASO,ES,Federal Contract Tower,0,27,19,0,46,0,26,145,7,178,0,53,164,7,224,34,0,34,258
05/16/2019,GMU,SC,ASO,ES,Federal Contract Tower,0,27,33,2,62,0,7,102,0,109,0,34,135,2,171,62,0,62,233
05/17/2019,GMU,SC,ASO,ES,Federal Contract Tower,0,12,21,0,33,0,11,116,2,129,0,23,137,2,162,66,0,66,228
05/18/2019,GMU,SC,ASO,ES,Federal Contract Tower,0,11,19,0,30,0,25,117,2,144,0,36,136,2,174,54,0,54,228
05/19/2019,GMU,SC,ASO,ES,Federal Contract Tower,0,17,16,0,33,0,6,77,2,85,0,23,93,2,118,58,0,58,176
05/20/2019,GMU,SC,ASO,ES,Federal Contract Tower,0,7,16,0,23,0,10,72,0,82,0,17,88,0,105,94,0,94,199
05/21/2019,GMU,SC,ASO,ES,Federal Contract Tower,0,20,17,2,39,0,17,147,10,174,0,37,164,12,213,56,24,80,293
05/22/2019,GMU,SC,ASO,ES,Federal Contract Tower,0,21,25,0,46,0,14,74,2,90,0,35,99,2,136,90,0,90,226
05/23/2019,GMU,SC,ASO,ES,Federal Contract Tower,0,18,20,0,38,0,19,72,5,96,0,37,92,5,134,100,2,102,236
05/24/2019,GMU,SC,ASO,ES,Federal Contract Tower,0,18,19,0,37,0,11,121,0,132,0,29,140,0,169,40,0,40,209
05/25/2019,GMU,SC,ASO,ES,Federal Contract Tower,0,7,24,0,31,0,7,96,0,103,0,14,120,0,134,56,0,56,190
05/26/2019,GMU,SC,ASO,ES,Federal Contract Tower,0,3,9,0,12,0,3,44,0,47,0,6,53,0,59,10,0,10,69
05/27/2019,GMU,SC,ASO,ES,Federal Contract Tower,0,9,19,0,28,0,16,85,0,101,0,25,104,0,129,78,0,78,207
05/28/2019,GMU,SC,ASO,ES,Federal Contract Tower,0,16,13,0,29,0,15,97,6,118,0,31,110,6,147,4,0,4,151
05/29/2019,GMU,SC,ASO,ES,Federal Contract Tower,0,25,11,0,36,0,9,139,4,152,0,34,150,4,188,62,0,62,250
05/30/2019,GMU,SC,ASO,ES,Federal Contract Tower,0,8,17,0,25,0,16,101,2,119,0,24,118,2,144,98,2,100,244
05/31/2019,GMU,SC,ASO,ES,Federal Contract Tower,0,31,21,0,52,0,18,117,0,135,0,49,138,0,187,80,0,80,267
06/01/2019,GMU,SC,ASO,ES,Federal Contract Tower,0,5,20,2,27,0,8,146,6,160,0,13,166,8,187,44,0,44,231
06/02/2019,GMU,SC,ASO,ES,Federal Contract Tower,0,15,18,0,33,0,13,94,2,109,0,28,112,2,142,20,0,20,162
06/03/2019,GMU,SC,ASO,ES,Federal Contract Tower,0,33,17,0,50,0,3,115,2,120,0,36,132,2,170,52,2,54,224
06/04/2019,GMU,SC,ASO,ES,Federal Contract Tower,0,18,17,0,35,0,14,134,6,154,0,32,151,6,189,62,0,62,251
06/05/2019,GMU,SC,ASO,ES,Federal Contract Tower,0,23,21,0,44,0,3,53,0,56,0,26,74,0,100,168,0,168,268
06/06/2019,GMU,SC,ASO,ES,Federal Contract Tower,0,21,15,0,36,0,8,64,2,74,0,29,79,2,110,20,0,20,130
06/07/2019,GMU,SC,ASO,ES,Federal Contract Tower,0,24,6,0,30,0,0,0,0,0,0,24,6,0,30,56,0,56,86
06/08/2019,GMU,SC,ASO,ES,Federal Contract Tower,0,12,10,0,22,0,2,2,0,4,0,14,12,0,26,0,0,0,26
06/09/2019,GMU,SC,ASO,ES,Federal Contract Tower,0,23,5,0,28,0,0,0,0,0,0,23,5,0,28,0,0,0,28
06/10/2019,GMU,SC,ASO,ES,Federal Contract Tower,0,24,12,0,36,0,10,14,0,24,0,34,26,0,60,28,0,28,88
06/11/2019,GMU,SC,ASO,ES,Federal Contract Tower,0,17,9,0,26,0,6,132,2,140,0,23,141,2,166,78,0,78,244
06/12/2019,GMU,SC,ASO,ES,Federal Contract Tower,0,26,16,0,42,0,1,65,2,68,0,27,81,2,110,76,0,76,186
06/13/2019,GMU,SC,ASO,ES,Federal Contract Tower,0,20,27,0,47,0,17,72,4,93,0,37,99,4,140,72,0,72,212
06/14/2019,GMU,SC,ASO,ES,Federal Contract Tower,0,23,22,0,45,0,16,164,0,180,0,39,186,0,225,82,0,82,307
06/15/2019,GMU,SC,ASO,ES,Federal Contract Tower,0,14,22,0,36,0,2,133,0,135,0,16,155,0,171,62,0,62,233
06/16/2019,GMU,SC,ASO,ES,Federal Contract Tower,0,13,14,0,27,0,1,82,0,83,0,14,96,0,110,6,0,6,116
06/17/2019,GMU,SC,ASO,ES,Federal Contract Tower,0,19,14,0,33,0,19,96,0,115,0,38,110,0,148,28,0,28,176
06/18/2019,GMU,SC,ASO,ES,Federal Contract Tower,0,15,25,0,40,0,4,34,0,38,0,19,59,0,78,58,0,58,136
06/19/2019,GMU,SC,ASO,ES,Federal Contract Tower,0,41,23,0,64,0,9,56,0,65,0,50,79,0,129,72,0,72,201
06/20/2019,GMU,SC,ASO,ES,Federal Contract Tower,0,13,18,0,31,0,17,64,6,87,0,30,82,6,118,32,2,34,152
06/21/2019,GMU,SC,ASO,ES,Federal Contract Tower,0,8,21,0,29,0,9,139,1,149,0,17,160,1,178,128,2,130,308
06/22/2019,GMU,SC,ASO,ES,Federal Contract Tower,0,5,18,0,23,0,16,90,14,120,0,21,108,14,143,44,0,44,187
06/23/2019,GMU,SC,ASO,ES,Federal Contract Tower,0,12,25,0,37,0,3,44,0,47,0,15,69,0,84,28,0,28,112
06/24/2019,GMU,SC,ASO,ES,Federal Contract Tower,0,20,16,0,36,0,5,89,0,94,0,25,105,0,130,52,0,52,182
06/25/2019,GMU,SC,ASO,ES,Federal Contract Tower,0,17,27,0,44,0,12,133,3,148,0,29,160,3,192,80,2,82,274
06/26/2019,GMU,SC,ASO,ES,Federal Contract Tower,0,17,28,0,45,0,4,159,5,168,0,21,187,5,213,94,0,94,307
06/27/2019,GMU,SC,ASO,ES,Federal Contract Tower,0,24,18,0,42,0,13,122,3,138,0,37,140,3,180,56,0,56,236
06/28/2019,GMU,SC,ASO,ES,Federal Contract Tower,0,20,28,0,48,0,24,115,2,141,0,44,143,2,189,44,0,44,233
06/29/2019,GMU,SC,ASO,ES,Federal Contract Tower,0,16,27,0,43,0,4,78,3,85,0,20,105,3,128,40,0,40,168
06/30/2019,GMU,SC,ASO,ES,Federal Contract Tower,0,21,12,0,33,0,10,92,2,104,0,31,104,2,137,8,0,8,145
07/01/2019,GMU,SC,ASO,ES,Federal Contract Tower,0,10,18,0,28,0,11,87,0,98,0,21,105,0,126,30,0,30,156
07/02/2019,GMU,SC,ASO,ES,Federal Contract Tower,0,13,18,0,31,0,19,98,4,121,0,32,116,4,152,34,0,34,186
07/03/2019,GMU,SC,ASO,ES,Federal Contract Tower,0,17,21,0,38,0,22,95,0,117,0,39,116,0,155,66,4,70,225
07/04/2019,GMU,SC,ASO,ES,Federal Contract Tower,0,4,6,0,10,0,16,44,0,60,0,20,50,0,70,14,0,14,84
07/05/2019,GMU,SC,ASO,ES,Federal Contract Tower,0,11,21,0,32,0,8,24,0,32,0,19,45,0,64,18,0,18,82
07/06/2019,GMU,SC,ASO,ES,Federal Contract Tower,0,4,14,0,18,0,25,26,0,51,0,29,40,0,69,0,0,0,69
07/07/2019,GMU,SC,ASO,ES,Federal Contract Tower,0,9,23,1,33,0,14,61,2,77,0,23,84,3,110,14,0,14,124
07/08/2019,GMU,SC,ASO,ES,Federal Contract Tower,0,20,7,0,27,0,12,101,0,113,0,32,108,0,140,66,0,66,206
07/09/2019,GMU,SC,ASO,ES,Federal Contract Tower,0,16,20,0,36,0,16,45,2,63,0,32,65,2,99,32,0,32,131
07/10/2019,GMU,SC,ASO,ES,Federal Contract Tower,0,14,29,0,43,0,21,56,22,99,0,35,85,22,142,72,0,72,214
07/11/2019,GMU,SC,ASO,ES,Federal Contract Tower,0,25,21,0,46,0,4,84,2,90,0,29,105,2,136,96,8,104,240
07/12/2019,GMU,SC,ASO,ES,Federal Contract Tower,0,11,25,0,36,0,1,49,0,50,0,12,74,0,86,58,0,58,144
07/13/2019,GMU,SC,ASO,ES,Federal Contract Tower,0,16,7,0,23,0,5,57,1,63,0,21,64,1,86,16,0,16,102
07/14/2019,GMU,SC,ASO,ES,Federal Contract Tower,0,9,12,0,21,0,0,58,0,58,0,9,70,0,79,34,0,34,113
07/15/2019,GMU,SC,ASO,ES,Federal Contract Tower,0,11,15,0,26,0,3,131,0,134,0,14,146,0,160,52,0,52,212
07/16/2019,GMU,SC,ASO,ES,Federal Contract Tower,0,18,22,0,40,0,23,116,0,139,0,41,138,0,179,48,0,48,227
07/17/2019,GMU,SC,ASO,ES,Federal Contract Tower,0,17,14,0,31,0,5,83,1,89,0,22,97,1,120,20,0,20,140
07/18/2019,GMU,SC,ASO,ES,Federal Contract Tower,0,18,14,0,32,0,20,98,0,118,0,38,112,0,150,28,0,28,178
07/19/2019,GMU,SC,ASO,ES,Federal Contract Tower,0,22,23,0,45,0,6,111,0,117,0,28,134,0,162,54,0,54,216
07/20/2019,GMU,SC,ASO,ES,Federal Contract Tower,0,4,38,1,43,0,21,56,1,78,0,25,94,2,121,20,0,20,141
07/21/2019,GMU,SC,ASO,ES,Federal Contract Tower,0,13,18,0,31,0,2,70,3,75,0,15,88,3,106,12,0,12,118
07/22/2019,GMU,SC,ASO,ES,Federal Contract Tower,0,14,17,0,31,0,10,92,2,104,0,24,109,2,135,54,0,54,189
07/23/2019,GMU,SC,ASO,ES,Federal Contract Tower,0,26,18,0,44,0,7,30,0,37,0,33,48,0,81,2,0,2,83
07/24/2019,GMU,SC,ASO,ES,Federal Contract Tower,0,19,15,0,34,0,20,125,0,145,0,39,140,0,179,20,0,20,199
07/25/2019,GMU,SC,ASO,ES,Federal Contract Tower,0,21,32,0,53,0,20,156,0,176,0,41,188,0,229,130,0,130,359
07/26/2019,GMU,SC,ASO,ES,Federal Contract Tower,0,15,18,2,35,0,9,132,2,143,0,24,150,4,178,34,0,34,212
07/27/2019,GMU,SC,ASO,ES,Federal Contract Tower,0,3,16,4,23,0,7,135,0,142,0,10,151,4,165,44,0,44,209
07/28/2019,GMU,SC,ASO,ES,Federal Contract Tower,0,17,22,0,39,0,3,77,0,80,0,20,99,0,119,52,0,52,171
07/29/2019,GMU,SC,ASO,ES,Federal Contract Tower,0,12,11,0,23,0,17,97,5,119,0,29,108,5,142,38,0,38,180
07/30/2019,GMU,SC,ASO,ES,Federal Contract Tower,0,17,14,0,31,0,4,110,0,114,0,21,124,0,145,32,0,32,177
07/31/2019,GMU,SC,ASO,ES,Federal Contract Tower,0,16,14,0,30,0,1,96,2,99,0,17,110,2,129,44,0,44,173
08/01/2019,GMU,SC,ASO,ES,Federal Contract Tower,0,9,19,0,28,0,6,82,0,88,0,15,101,0,116,38,0,38,154
08/02/2019,GMU,SC,ASO,ES,Federal Contract Tower,0,8,14,0,22,0,4,46,12,62,0,12,60,12,84,68,4,72,156
08/03/2019,GMU,SC,ASO,ES,Federal Contract Tower,0,9,17,0,26,0,9,104,0,113,0,18,121,0,139,42,0,42,181
08/04/2019,GMU,SC,ASO,ES,Federal Contract Tower,0,4,13,0,17,0,2,48,0,50,0,6,61,0,67,20,0,20,87
08/05/2019,GMU,SC,ASO,ES,Federal Contract Tower,0,20,10,0,30,0,5,93,3,101,0,25,103,3,131,10,0,10,141
08/06/2019,GMU,SC,ASO,ES,Federal Contract Tower,0,18,10,0,28,0,17,133,5,155,0,35,143,5,183,208,0,208,391
08/07/2019,GMU,SC,ASO,ES,Federal Contract Tower,0,22,17,1,40,0,14,120,4,138,0,36,137,5,178,22,0,22,200
08/08/2019,GMU,SC,ASO,ES,Federal Contract Tower,0,21,13,0,34,0,4,124,3,131,0,25,137,3,165,12,0,12,177
08/09/2019,GMU,SC,ASO,ES,Federal Contract Tower,0,13,26,0,39,0,9,130,0,139,0,22,156,0,178,24,0,24,202
08/10/2019,GMU,SC,ASO,ES,Federal Contract Tower,0,2,17,0,19,0,14,83,0,97,0,16,100,0,116,24,0,24,140
08/11/2019,GMU,SC,ASO,ES,Federal Contract Tower,0,6,13,0,19,0,7,66,0,73,0,13,79,0,92,40,0,40,132
08/12/2019,GMU,SC,ASO,ES,Federal Contract Tower,0,8,22,0,30,0,4,52,0,56,0,12,74,0,86,66,0,66,152
08/13/2019,GMU,SC,ASO,ES,Federal Contract Tower,0,9,11,0,20,0,6,79,0,85,0,15,90,0,105,46,0,46,151
08/14/2019,GMU,SC,ASO,ES,Federal Contract Tower,0,20,19,0,39,0,18,51,0,69,0,38,70,0,108,32,0,32,140
08/15/2019,GMU,SC,ASO,ES,Federal Contract Tower,0,21,23,0,44,0,16,99,2,117,0,37,122,2,161,74,0,74,235
08/16/2019,GMU,SC,ASO,ES,Federal Contract Tower,0,20,10,0,30,0,13,96,0,109,0,33,106,0,139,62,0,62,201
08/17/2019,GMU,SC,ASO,ES,Federal Contract Tower,0,3,17,0,20,0,15,85,0,100,0,18,102,0,120,20,0,20,140
08/18/2019,GMU,SC,ASO,ES,Federal Contract Tower,0,14,12,0,26,0,14,78,0,92,0,28,90,0,118,38,0,38,156
08/19/2019,GMU,SC,ASO,ES,Federal Contract Tower,0,17,20,0,37,0,6,73,2,81,0,23,93,2,118,24,0,24,142
08/20/2019,GMU,SC,ASO,ES,Federal Contract Tower,0,16,14,1,31,0,12,41,2,55,0,28,55,3,86,42,0,42,128
08/21/2019,GMU,SC,ASO,ES,Federal Contract Tower,0,32,29,2,63,0,17,87,0,104,0,49,116,2,167,62,0,62,229
08/22/2019,GMU,SC,ASO,ES,Federal Contract Tower,0,21,25,0,46,0,26,120,0,146,0,47,145,0,192,22,0,22,214
08/23/2019,GMU,SC,ASO,ES,Federal Contract Tower,0,12,16,0,28,0,10,80,3,93,0,22,96,3,121,20,0,20,141
08/24/2019,GMU,SC,ASO,ES,Federal Contract Tower,0,9,30,0,39,0,0,1,0,1,0,9,31,0,40,2,0,2,42
08/25/2019,GMU,SC,ASO,ES,Federal Contract Tower,0,16,28,0,44,0,9,28,0,37,0,25,56,0,81,28,0,28,109
08/26/2019,GMU,SC,ASO,ES,Federal Contract Tower,0,10,19,0,29,0,6,81,0,87,0,16,100,0,116,58,0,58,174
08/27/2019,GMU,SC,ASO,ES,Federal Contract Tower,0,12,24,0,36,0,0,0,0,0,0,12,24,0,36,0,0,0,36
08/28/2019,GMU,SC,ASO,ES,Federal Contract Tower,0,26,23,1,50,0,25,113,2,140,0,51,136,3,190,80,4,84,274
08/29/2019,GMU,SC,ASO,ES,Federal Contract Tower,0,14,20,0,34,0,11,115,0,126,0,25,135,0,160,62,0,62,222
08/30/2019,GMU,SC,ASO,ES,Federal Contract Tower,0,24,19,0,43,0,3,125,0,128,0,27,144,0,171,134,2,136,307
08/31/2019,GMU,SC,ASO,ES,Federal Contract Tower,0,6,15,0,21,0,12,116,0,128,0,18,131,0,149,68,0,68,217
09/01/2019,GMU,SC,ASO,ES,Federal Contract Tower,0,7,26,0,33,0,0,71,0,71,0,7,97,0,104,42,0,42,146
09/02/2019,GMU,SC,ASO,ES,Federal Contract Tower,0,14,23,0,37,0,27,89,0,116,0,41,112,0,153,44,0,44,197
09/03/2019,GMU,SC,ASO,ES,Federal Contract Tower,0,11,14,0,25,0,12,122,2,136,0,23,136,2,161,68,0,68,229
09/04/2019,GMU,SC,ASO,ES,Federal Contract Tower,0,10,22,0,32,0,8,95,4,107,0,18,117,4,139,20,0,20,159
09/05/2019,GMU,SC,ASO,ES,Federal Contract Tower,0,11,20,0,31,0,17,88,4,109,0,28,108,4,140,122,0,122,262
09/06/2019,GMU,SC,ASO,ES,Federal Contract Tower,0,30,15,0,45,0,6,178,2,186,0,36,193,2,231,104,0,104,335
09/07/2019,GMU,SC,ASO,ES,Federal Contract Tower,0,16,20,0,36,0,4,166,0,170,0,20,186,0,206,98,0,98,304
09/08/2019,GMU,SC,ASO,ES,Federal Contract Tower,0,21,33,0,54,0,6,99,2,107,0,27,132,2,161,72,0,72,233
09/09/2019,GMU,SC,ASO,ES,Federal Contract Tower,0,11,11,0,22,0,15,112,0,127,0,26,123,0,149,92,0,92,241
09/10/2019,GMU,SC,ASO,ES,Federal Contract Tower,0,15,18,0,33,0,6,99,8,113,0,21,117,8,146,72,0,72,218
09/11/2019,GMU,SC,ASO,ES,Federal Contract Tower,0,8,17,0,25,0,6,120,22,148,0,14,137,22,173,46,2,48,221
09/12/2019,GMU,SC,ASO,ES,Federal Contract Tower,0,19,18,0,37,0,17,106,0,123,0,36,124,0,160,78,0,78,238
09/13/2019,GMU,SC,ASO,ES,Federal Contract Tower,0,20,20,0,40,0,1,80,0,81,0,21,100,0,121,36,0,36,157
09/14/2019,GMU,SC,ASO,ES,Federal Contract Tower,0,13,28,0,41,0,4,17,0,21,0,17,45,0,62,8,0,8,70
09/15/2019,GMU,SC,ASO,ES,Federal Contract Tower,0,14,34,0,48,0,18,83,0,101,0,32,117,0,149,52,0,52,201
09/16/2019,GMU,SC,ASO,ES,Federal Contract Tower,0,18,12,1,31,0,23,108,1,132,0,41,120,2,163,62,0,62,225
09/17/2019,GMU,SC,ASO,ES,Federal Contract Tower,0,18,20,1,39,0,17,117,5,139,0,35,137,6,178,36,2,38,216
09/19/2019,GMU,SC,ASO,ES,Federal Contract Tower,0,25,25,0,50,0,14,107,3,124,0,39,132,3,174,52,0,52,226
09/20/2019,GMU,SC,ASO,ES,Federal Contract Tower,0,35,22,0,57,0,10,135,0,145,0,45,157,0,202,48,0,48,250
09/21/2019,GMU,SC,ASO,ES,Federal Contract Tower,0,12,20,0,32,0,6,132,4,142,0,18,152,4,174,56,0,56,230
09/22/2019,GMU,SC,ASO,ES,Federal Contract Tower,0,16,24,0,40,0,7,85,4,96,0,23,109,4,136,6,0,6,142
09/23/2019,GMU,SC,ASO,ES,Federal Contract Tower,0,13,16,1,30,0,10,101,1,112,0,23,117,2,142,80,0,80,222
09/24/2019,GMU,SC,ASO,ES,Federal Contract Tower,0,18,18,0,36,0,14,101,1,116,0,32,119,1,152,34,0,34,186
09/25/2019,GMU,SC,ASO,ES,Federal Contract Tower,0,21,13,1,35,0,33,111,3,147,0,54,124,4,182,90,0,90,272
09/26/2019,GMU,SC,ASO,ES,Federal Contract Tower,0,18,15,0,33,0,19,91,4,114,0,37,106,4,147,110,0,110,257
09/27/2019,GMU,SC,ASO,ES,Federal Contract Tower,0,12,18,0,30,0,16,121,0,137,0,28,139,0,167,98,0,98,265
09/28/2019,GMU,SC,ASO,ES,Federal Contract Tower,0,13,17,0,30,0,6,106,2,114,0,19,123,2,144,136,0,136,280
09/29/2019,GMU,SC,ASO,ES,Federal Contract Tower,0,10,13,0,23,0,8,91,5,104,0,18,104,5,127,8,0,8,135
09/30/2019,GMU,SC,ASO,ES,Federal Contract Tower,0,15,21,2,38,0,32,95,8,135,0,47,116,10,173,42,0,42,215
10/01/2019,GMU,SC,ASO,ES,Federal Contract Tower,0,24,27,0,51,0,18,109,0,127,0,42,136,0,178,108,0,108,286
10/02/2019,GMU,SC,ASO,ES,Federal Contract Tower,0,20,19,0,39,0,7,116,2,125,0,27,135,2,164,66,0,66,230
10/03/2019,GMU,SC,ASO,ES,Federal Contract Tower,0,23,31,0,54,0,20,108,2,130,0,43,139,2,184,80,0,80,264
10/04/2019,GMU,SC,ASO,ES,Federal Contract Tower,0,21,22,0,43,0,25,99,4,128,0,46,121,4,171,100,2,102,273
10/05/2019,GMU,SC,ASO,ES,Federal Contract Tower,0,9,12,0,21,0,0,0,0,0,0,9,12,0,21,0,0,0,21
10/06/2019,GMU,SC,ASO,ES,Federal Contract Tower,0,9,33,0,42,0,3,23,0,26,0,12,56,0,68,4,0,4,72
10/07/2019,GMU,SC,ASO,ES,Federal Contract Tower,0,7,22,0,29,0,7,97,0,104,0,14,119,0,133,90,0,90,223
10/08/2019,GMU,SC,ASO,ES,Federal Contract Tower,0,17,14,0,31,0,9,50,0,59,0,26,64,0,90,94,2,96,186
10/09/2019,GMU,SC,ASO,ES,Federal Contract Tower,0,19,24,0,43,0,9,73,1,83,0,28,97,1,126,20,0,20,146
10/10/2019,GMU,SC,ASO,ES,Federal Contract Tower,0,35,22,0,57,0,12,104,4,120,0,47,126,4,177,64,0,64,241
10/11/2019,GMU,SC,ASO,ES,Federal Contract Tower,0,23,12,0,35,0,22,151,4,177,0,45,163,4,212,62,0,62,274
10/12/2019,GMU,SC,ASO,ES,Federal Contract Tower,0,15,16,0,31,0,4,113,0,117,0,19,129,0,148,48,0,48,196
10/13/2019,GMU,SC,ASO,ES,Federal Contract Tower,0,18,24,0,42,0,1,0,0,1,0,19,24,0,43,0,0,0,43
10/14/2019,GMU,SC,ASO,ES,Federal Contract Tower,0,12,19,0,31,0,19,128,0,147,0,31,147,0,178,120,0,120,298
10/15/2019,GMU,SC,ASO,ES,Federal Contract Tower,0,10,12,0,22,0,10,97,3,110,0,20,109,3,132,80,0,80,212
10/16/2019,GMU,SC,ASO,ES,Federal Contract Tower,0,22,27,0,49,0,19,53,4,76,0,41,80,4,125,32,0,32,157
10/17/2019,GMU,SC,ASO,ES,Federal Contract Tower,0,32,23,0,55,0,13,152,4,169,0,45,175,4,224,78,2,80,304
10/18/2019,GMU,SC,ASO,ES,Federal Contract Tower,0,22,33,2,57,0,9,149,0,158,0,31,182,2,215,110,2,112,327
10/19/2019,GMU,SC,ASO,ES,Federal Contract Tower,0,17,8,0,25,0,0,11,0,11,0,17,19,0,36,86,0,86,122
10/20/2019,GMU,SC,ASO,ES,Federal Contract Tower,0,23,27,0,50,0,10,94,4,108,0,33,121,4,158,70,0,70,228
10/21/2019,GMU,SC,ASO,ES,Federal Contract Tower,0,10,34,0,44,0,4,11,0,15,0,14,45,0,59,34,0,34,93
10/22/2019,GMU,SC,ASO,ES,Federal Contract Tower,0,29,11,0,40,0,11,40,0,51,0,40,51,0,91,24,0,24,115
10/23/2019,GMU,SC,ASO,ES,Federal Contract Tower,0,24,24,2,50,0,23,140,6,169,0,47,164,8,219,90,0,90,309
10/24/2019,GMU,SC,ASO,ES,Federal Contract Tower,0,29,23,0,52,0,11,152,7,170,0,40,175,7,222,92,2,94,316
10/25/2019,GMU,SC,ASO,ES,Federal Contract Tower,0,26,29,0,55,0,0,48,0,48,0,26,77,0,103,56,0,56,159
10/26/2019,GMU,SC,ASO,ES,Federal Contract Tower,0,14,27,0,41,0,5,18,0,23,0,19,45,0,64,24,0,24,88
10/27/2019,GMU,SC,ASO,ES,Federal Contract Tower,0,18,34,0,52,0,7,93,1,101,0,25,127,1,153,68,0,68,221
10/28/2019,GMU,SC,ASO,ES,Federal Contract Tower,0,20,15,0,35,0,14,117,0,131,0,34,132,0,166,38,0,38,204
10/29/2019,GMU,SC,ASO,ES,Federal Contract Tower,0,23,28,0,51,0,7,29,2,38,0,30,57,2,89,86,0,86,175
10/30/2019,GMU,SC,ASO,ES,Federal Contract Tower,0,33,16,0,49,0,0,0,0,0,0,33,16,0,49,0,0,0,49
10/31/2019,GMU,SC,ASO,ES,Federal Contract Tower,0,8,0,0,8,0,0,0,0,0,0,8,0,0,8,2,0,2,10
11/01/2019,GMU,SC,ASO,ES,Federal Contract Tower,0,25,17,2,44,0,5,127,0,132,0,30,144,2,176,36,8,44,220
11/02/2019,GMU,SC,ASO,ES,Federal Contract Tower,0,7,30,0,37,0,5,129,9,143,0,12,159,9,180,40,4,44,224
11/03/2019,GMU,SC,ASO,ES,Federal Contract Tower,0,21,11,0,32,0,4,116,0,120,0,25,127,0,152,44,0,44,196
11/04/2019,GMU,SC,ASO,ES,Federal Contract Tower,0,20,16,0,36,0,15,97,0,112,0,35,113,0,148,114,0,114,262
11/05/2019,GMU,SC,ASO,ES,Federal Contract Tower,0,35,21,2,58,0,13,90,4,107,0,48,111,6,165,76,2,78,243
11/06/2019,GMU,SC,ASO,ES,Federal Contract Tower,0,38,13,0,51,0,21,104,1,126,0,59,117,1,177,58,0,58,235
11/07/2019,GMU,SC,ASO,ES,Federal Contract Tower,0,18,23,0,41,0,6,63,2,71,0,24,86,2,112,68,2,70,182
11/08/2019,GMU,SC,ASO,ES,Federal Contract Tower,0,23,24,0,47,0,15,100,2,117,0,38,124,2,164,36,0,36,200
11/09/2019,GMU,SC,ASO,ES,Federal Contract Tower,0,8,19,0,27,0,1,129,3,133,0,9,148,3,160,68,0,68,228
11/10/2019,GMU,SC,ASO,ES,Federal Contract Tower,0,20,25,1,46,0,11,112,11,134,0,31,137,12,180,8,6,14,194
11/11/2019,GMU,SC,ASO,ES,Federal Contract Tower,0,14,17,0,31,0,19,97,0,116,0,33,114,0,147,60,0,60,207
11/12/2019,GMU,SC,ASO,ES,Federal Contract Tower,0,16,3,0,19,0,4,15,0,19,0,20,18,0,38,22,0,22,60
11/14/2019,GMU,SC,ASO,ES,Federal Contract Tower,0,15,14,0,29,0,14,24,2,40,0,29,38,2,69,112,2,114,183
11/15/2019,GMU,SC,ASO,ES,Federal Contract Tower,0,30,19,0,49,0,2,36,2,40,0,32,55,2,89,44,2,46,135
11/16/2019,GMU,SC,ASO,ES,Federal Contract Tower,0,8,7,0,15,0,6,43,0,49,0,14,50,0,64,6,0,6,70
11/17/2019,GMU,SC,ASO,ES,Federal Contract Tower,0,12,26,0,38,0,10,73,0,83,0,22,99,0,121,52,0,52,173
11/18/2019,GMU,SC,ASO,ES,Federal Contract Tower,0,15,14,0,29,0,3,27,0,30,0,18,41,0,59,0,0,0,59
11/19/2019,GMU,SC,ASO,ES,Federal Contract Tower,0,15,23,0,38,0,16,90,5,111,0,31,113,5,149,84,4,88,237
11/20/2019,GMU,SC,ASO,ES,Federal Contract Tower,0,26,17,1,44,0,10,139,4,153,0,36,156,5,197,108,0,108,305
11/21/2019,GMU,SC,ASO,ES,Federal Contract Tower,0,19,13,1,33,0,5,120,4,129,0,24,133,5,162,70,0,70,232
11/22/2019,GMU,SC,ASO,ES,Federal Contract Tower,0,15,16,0,31,0,13,104,0,117,0,28,120,0,148,44,0,44,192
11/23/2019,GMU,SC,ASO,ES,Federal Contract Tower,0,6,10,0,16,0,0,0,0,0,0,6,10,0,16,0,0,0,16
11/24/2019,GMU,SC,ASO,ES,Federal Contract Tower,0,18,17,0,35,0,13,125,0,138,0,31,142,0,173,32,0,32,205
11/25/2019,GMU,SC,ASO,ES,Federal Contract Tower,0,10,16,1,27,0,30,145,0,175,0,40,161,1,202,86,0,86,288
11/26/2019,GMU,SC,ASO,ES,Federal Contract Tower,0,28,17,1,46,0,20,110,6,136,0,48,127,7,182,48,0,48,230
11/27/2019,GMU,SC,ASO,ES,Federal Contract Tower,0,20,17,0,37,0,8,24,0,32,0,28,41,0,69,12,0,12,81
11/28/2019,GMU,SC,ASO,ES,Federal Contract Tower,0,4,5,0,9,0,2,33,0,35,0,6,38,0,44,2,0,2,46
11/29/2019,GMU,SC,ASO,ES,Federal Contract Tower,0,14,12,0,26,0,17,101,0,118,0,31,113,0,144,106,0,106,250
11/30/2019,GMU,SC,ASO,ES,Federal Contract Tower,0,27,27,0,54,0,6,48,0,54,0,33,75,0,108,38,0,38,146
12/01/2019,GMU,SC,ASO,ES,Federal Contract Tower,0,21,8,0,29,0,6,11,0,17,0,27,19,0,46,12,0,12,58
12/02/2019,GMU,SC,ASO,ES,Federal Contract Tower,0,17,8,0,25,0,15,56,0,71,0,32,64,0,96,60,0,60,156
12/03/2019,GMU,SC,ASO,ES,Federal Contract Tower,0,13,18,0,31,0,6,95,2,103,0,19,113,2,134,26,0,26,160
12/04/2019,GMU,SC,ASO,ES,Federal Contract Tower,0,21,26,0,47,0,17,100,5,122,0,38,126,5,169,26,2,28,197
12/05/2019,GMU,SC,ASO,ES,Federal Contract Tower,0,22,21,1,44,0,8,117,1,126,0,30,138,2,170,60,0,60,230
12/06/2019,GMU,SC,ASO,ES,Federal Contract Tower,0,17,18,0,35,0,14,108,0,122,0,31,126,0,157,92,0,92,249
12/07/2019,GMU,SC,ASO,ES,Federal Contract Tower,0,4,8,0,12,0,20,102,0,122,0,24,110,0,134,40,0,40,174
12/08/2019,GMU,SC,ASO,ES,Federal Contract Tower,0,9,18,0,27,0,10,89,0,99,0,19,107,0,126,38,0,38,164
12/09/2019,GMU,SC,ASO,ES,Federal Contract Tower,0,15,1,0,16,0,0,1,0,1,0,15,2,0,17,0,0,0,17
12/10/2019,GMU,SC,ASO,ES,Federal Contract Tower,0,16,6,0,22,0,0,0,0,0,0,16,6,0,22,0,0,0,22
12/11/2019,GMU,SC,ASO,ES,Federal Contract Tower,0,26,25,0,51,0,16,95,1,112,0,42,120,1,163,82,0,82,245
12/12/2019,GMU,SC,ASO,ES,Federal Contract Tower,0,26,16,0,42,0,4,82,1,87,0,30,98,1,129,60,0,60,189
12/13/2019,GMU,SC,ASO,ES,Federal Contract Tower,0,12,2,0,14,0,0,0,0,0,0,12,2,0,14,0,0,0,14
12/14/2019,GMU,SC,ASO,ES,Federal Contract Tower,0,8,18,0,26,0,2,32,0,34,0,10,50,0,60,0,0,0,60
12/15/2019,GMU,SC,ASO,ES,Federal Contract Tower,0,16,23,0,39,0,7,133,0,140,0,23,156,0,179,60,0,60,239
12/16/2019,GMU,SC,ASO,ES,Federal Contract Tower,0,24,17,0,41,0,7,73,0,80,0,31,90,0,121,18,0,18,139
12/17/2019,GMU,SC,ASO,ES,Federal Contract Tower,0,22,2,0,24,0,6,0,0,6,0,28,2,0,30,0,0,0,30
12/18/2019,GMU,SC,ASO,ES,Federal Contract Tower,0,23,21,1,45,0,5,120,2,127,0,28,141,3,172,56,2,58,230
12/19/2019,GMU,SC,ASO,ES,Federal Contract Tower,0,32,23,0,55,0,24,144,3,171,0,56,167,3,226,120,2,122,348
12/20/2019,GMU,SC,ASO,ES,Federal Contract Tower,0,32,26,0,58,0,11,97,0,108,0,43,123,0,166,30,0,30,196
12/21/2019,GMU,SC,ASO,ES,Federal Contract Tower,0,15,18,0,33,0,0,83,0,83,0,15,101,0,116,18,0,18,134
12/22/2019,GMU,SC,ASO,ES,Federal Contract Tower,0,5,8,4,17,0,3,8,0,11,0,8,16,4,28,20,0,20,48
12/23/2019,GMU,SC,ASO,ES,Federal Contract Tower,0,12,8,0,20,0,0,0,0,0,0,12,8,0,20,0,0,0,20
12/24/2019,GMU,SC,ASO,ES,Federal Contract Tower,0,4,12,1,17,0,9,62,1,72,0,13,74,2,89,16,0,16,105
12/25/2019,GMU,SC,ASO,ES,Federal Contract Tower,0,4,6,0,10,0,4,31,0,35,0,8,37,0,45,2,0,2,47
12/26/2019,GMU,SC,ASO,ES,Federal Contract Tower,0,17,11,0,28,0,16,94,0,110,0,33,105,0,138,108,0,108,246
12/27/2019,GMU,SC,ASO,ES,Federal Contract Tower,0,20,27,0,47,0,18,119,0,137,0,38,146,0,184,42,0,42,226
12/28/2019,GMU,SC,ASO,ES,Federal Contract Tower,0,10,26,0,36,0,8,73,3,84,0,18,99,3,120,44,0,44,164
12/29/2019,GMU,SC,ASO,ES,Federal Contract Tower,0,11,4,0,15,0,0,0,0,0,0,11,4,0,15,0,0,0,15
12/30/2019,GMU,SC,ASO,ES,Federal Contract Tower,0,7,11,2,20,0,17,77,0,94,0,24,88,2,114,22,6,28,142
12/31/2019,GMU,SC,ASO,ES,Federal Contract Tower,0,12,12,0,24,0,17,65,0,82,0,29,77,0,106,36,0,36,142
01/01/2020,GMU,SC,ASO,ES,Federal Contract Tower,0,8,15,0,23,0,13,86,0,99,0,21,101,0,122,28,0,28,150
01/02/2020,GMU,SC,ASO,ES,Federal Contract Tower,0,8,17,0,25,0,0,33,0,33,0,8,50,0,58,44,0,44,102
01/03/2020,GMU,SC,ASO,ES,Federal Contract Tower,0,16,6,0,22,0,0,0,0,0,0,16,6,0,22,2,0,2,24
01/04/2020,GMU,SC,ASO,ES,Federal Contract Tower,0,16,16,0,32,0,2,18,2,22,0,18,34,2,54,0,0,0,54
01/05/2020,GMU,SC,ASO,ES,Federal Contract Tower,0,9,24,0,33,0,12,149,3,164,0,21,173,3,197,76,0,76,273
01/06/2020,GMU,SC,ASO,ES,Federal Contract Tower,0,17,17,0,34,0,6,97,2,105,0,23,114,2,139,40,0,40,179
01/07/2020,GMU,SC,ASO,ES,Federal Contract Tower,0,17,9,1,27,0,13,14,3,30,0,30,23,4,57,10,6,16,73
01/08/2020,GMU,SC,ASO,ES,Federal Contract Tower,0,22,20,2,44,0,11,126,5,142,0,33,146,7,186,46,0,46,232
01/09/2020,GMU,SC,ASO,ES,Federal Contract Tower,0,18,10,0,28,2,10,2,2,16,2,28,12,2,44,29,0,29,73
01/10/2020,GMU,SC,ASO,ES,Federal Contract Tower,0,15,25,2,42,0,20,50,4,74,0,35,75,6,116,16,2,18,134
01/11/2020,GMU,SC,ASO,ES,Federal Contract Tower,0,11,11,0,22,0,0,0,0,0,0,11,11,0,22,0,0,0,22
01/12/2020,GMU,SC,ASO,ES,Federal Contract Tower,0,26,15,0,41,0,16,99,4,119,0,42,114,4,160,8,0,8,168
01/13/2020,GMU,SC,ASO,ES,Federal Contract Tower,0,19,8,0,27,0,8,5,0,13,0,27,13,0,40,0,0,0,40
01/14/2020,GMU,SC,ASO,ES,Federal Contract Tower,0,45,13,0,58,0,0,0,0,0,0,45,13,0,58,0,0,0,58
01/15/2020,GMU,SC,ASO,ES,Federal Contract Tower,0,24,15,0,39,0,7,41,4,52,0,31,56,4,91,14,0,14,105
01/16/2020,GMU,SC,ASO,ES,Federal Contract Tower,0,14,26,0,40,0,23,99,3,125,0,37,125,3,165,70,0,70,235
01/17/2020,GMU,SC,ASO,ES,Federal Contract Tower,0,22,23,0,45,0,9,122,1,132,0,31,145,1,177,58,0,58,235
01/18/2020,GMU,SC,ASO,ES,Federal Contract Tower,0,7,5,0,12,0,0,9,0,9,0,7,14,0,21,16,0,16,37
01/19/2020,GMU,SC,ASO,ES,Federal Contract Tower,0,14,20,0,34,0,5,82,0,87,0,19,102,0,121,48,0,48,169
01/20/2020,GMU,SC,ASO,ES,Federal Contract Tower,0,23,24,0,47,0,5,123,0,128,0,28,147,0,175,56,0,56,231
01/21/2020,GMU,SC,ASO,ES,Federal Contract Tower,0,17,22,0,39,0,10,103,1,114,0,27,125,1,153,50,6,56,209
01/22/2020,GMU,SC,ASO,ES,Federal Contract Tower,0,19,15,0,34,0,15,117,2,134,0,34,132,2,168,40,0,40,208
01/23/2020,GMU,SC,ASO,ES,Federal Contract Tower,0,25,19,0,44,0,6,110,0,116,0,31,129,0,160,34,0,34,194
01/24/2020,GMU,SC,ASO,ES,Federal Contract Tower,0,10,6,0,16,0,0,0,0,0,0,10,6,0,16,0,0,0,16
01/25/2020,GMU,SC,ASO,ES,Federal Contract Tower,0,13,39,0,52,0,6,96,5,107,0,19,135,5,159,18,0,18,177
01/26/2020,GMU,SC,ASO,ES,Federal Contract Tower,0,9,28,0,37,0,8,89,1,98,0,17,117,1,135,22,0,22,157
01/27/2020,GMU,SC,ASO,ES,Federal Contract Tower,0,14,12,0,26,0,9,81,0,90,0,23,93,0,116,42,0,42,158
01/28/2020,GMU,SC,ASO,ES,Federal Contract Tower,0,22,19,0,41,0,12,134,3,149,0,34,153,3,190,124,0,124,314
01/29/2020,GMU,SC,ASO,ES,Federal Contract Tower,0,32,28,0,60,0,2,86,1,89,0,34,114,1,149,18,0,18,167
01/30/2020,GMU,SC,ASO,ES,Federal Contract Tower,0,16,29,0,45,0,8,105,2,115,0,24,134,2,160,60,0,60,220
01/31/2020,GMU,SC,ASO,ES,Federal Contract Tower,0,14,10,0,24,0,0,7,0,7,0,14,17,0,31,0,0,0,31
02/01/2020,GMU,SC,ASO,ES,Federal Contract Tower,0,17,20,0,37,0,1,86,1,88,0,18,106,1,125,64,0,64,189
02/02/2020,GMU,SC,ASO,ES,Federal Contract Tower,0,17,14,0,31,0,3,60,0,63,0,20,74,0,94,54,0,54,148
02/03/2020,GMU,SC,ASO,ES,Federal Contract Tower,0,13,15,0,28,0,6,105,1,112,0,19,120,1,140,24,0,24,164
02/04/2020,GMU,SC,ASO,ES,Federal Contract Tower,0,26,16,1,43,0,1,90,10,101,0,27,106,11,144,74,4,78,222
02/05/2020,GMU,SC,ASO,ES,Federal Contract Tower,0,22,2,0,24,0,0,0,0,0,0,22,2,0,24,0,0,0,24
02/06/2020,GMU,SC,ASO,ES,Federal Contract Tower,0,6,0,0,6,0,2,0,0,2,0,8,0,0,8,0,0,0,8
02/07/2020,GMU,SC,ASO,ES,Federal Contract Tower,0,30,14,0,44,0,12,16,0,28,0,42,30,0,72,2,2,4,76
02/08/2020,GMU,SC,ASO,ES,Federal Contract Tower,0,7,10,0,17,0,2,24,0,26,0,9,34,0,43,26,0,26,69
02/09/2020,GMU,SC,ASO,ES,Federal Contract Tower,0,24,16,0,40,0,0,42,4,46,0,24,58,4,86,76,2,78,164
02/10/2020,GMU,SC,ASO,ES,Federal Contract Tower,0,25,13,0,38,0,5,18,0,23,0,30,31,0,61,44,0,44,105
02/11/2020,GMU,SC,ASO,ES,Federal Contract Tower,0,16,5,0,21,0,2,1,1,4,0,18,6,1,25,0,2,2,27
02/12/2020,GMU,SC,ASO,ES,Federal Contract Tower,0,15,33,1,49,0,4,23,6,33,0,19,56,7,82,96,4,100,182
02/13/2020,GMU,SC,ASO,ES,Federal Contract Tower,0,15,9,0,24,0,1,26,2,29,0,16,35,2,53,52,0,52,105
02/14/2020,GMU,SC,ASO,ES,Federal Contract Tower,0,15,24,0,39,0,19,182,0,201,0,34,206,0,240,34,0,34,274
02/15/2020,GMU,SC,ASO,ES,Federal Contract Tower,0,1,22,0,23,0,10,158,0,168,0,11,180,0,191,44,0,44,235
02/16/2020,GMU,SC,ASO,ES,Federal Contract Tower,0,10,10,0,20,0,8,65,0,73,0,18,75,0,93,34,0,34,127
02/17/2020,GMU,SC,ASO,ES,Federal Contract Tower,0,18,22,0,40,0,13,131,2,146,0,31,153,2,186,56,0,56,242
02/18/2020,GMU,SC,ASO,ES,Federal Contract Tower,0,3,8,0,11,0,0,0,0,0,0,3,8,0,11,0,0,0,11
02/19/2020,GMU,SC,ASO,ES,Federal Contract Tower,0,15,18,0,33,0,1,41,0,42,0,16,59,0,75,54,0,54,129
02/20/2020,GMU,SC,ASO,ES,Federal Contract Tower,0,8,2,0,10,0,0,9,1,10,0,8,11,1,20,22,2,24,44
02/21/2020,GMU,SC,ASO,ES,Federal Contract Tower,0,21,30,0,51,0,12,154,1,167,0,33,184,1,218,8,0,8,226
02/22/2020,GMU,SC,ASO,ES,Federal Contract Tower,0,16,16,1,33,0,11,134,1,146,0,27,150,2,179,10,0,10,189
02/23/2020,GMU,SC,ASO,ES,Federal Contract Tower,0,8,28,0,36,0,9,115,4,128,0,17,143,4,164,42,0,42,206
02/24/2020,GMU,SC,ASO,ES,Federal Contract Tower,0,11,15,0,26,0,2,17,0,19,0,13,32,0,45,10,0,10,55
02/25/2020,GMU,SC,ASO,ES,Federal Contract Tower,0,11,22,2,35,0,8,46,1,55,0,19,68,3,90,20,2,22,112
02/26/2020,GMU,SC,ASO,ES,Federal Contract Tower,0,23,19,1,43,0,8,59,3,70,0,31,78,4,113,32,0,32,145
02/27/2020,GMU,SC,ASO,ES,Federal Contract Tower,0,30,10,0,40,0,14,117,0,131,0,44,127,0,171,48,0,48,219
02/28/2020,GMU,SC,ASO,ES,Federal Contract Tower,0,25,13,0,38,0,7,78,0,85,0,32,91,0,123,48,0,48,171
02/29/2020,GMU,SC,ASO,ES,Federal Contract Tower,0,6,18,0,24,0,8,93,5,106,0,14,111,5,130,64,0,64,194
03/01/2020,GMU,SC,ASO,ES,Federal Contract Tower,0,13,28,0,41,0,5,157,0,162,0,18,185,0,203,44,0,44,247
03/02/2020,GMU,SC,ASO,ES,Federal Contract Tower,0,8,17,0,25,0,8,62,1,71,0,16,79,1,96,42,0,42,138
03/03/2020,GMU,SC,ASO,ES,Federal Contract Tower,0,12,9,0,21,0,7,2,1,10,0,19,11,1,31,8,0,8,39
03/04/2020,GMU,SC,ASO,ES,Federal Contract Tower,2,16,18,1,37,0,6,113,0,119,2,22,131,1,156,68,0,68,224
03/05/2020,GMU,SC,ASO,ES,Federal Contract Tower,0,25,7,0,32,0,2,8,0,10,0,27,15,0,42,0,0,0,42
03/06/2020,GMU,SC,ASO,ES,Federal Contract Tower,0,21,9,0,30,0,14,60,0,74,0,35,69,0,104,28,0,28,132
03/07/2020,GMU,SC,ASO,ES,Federal Contract Tower,0,9,21,0,30,0,16,147,2,165,0,25,168,2,195,72,10,82,277
03/08/2020,GMU,SC,ASO,ES,Federal Contract Tower,0,21,18,0,39,0,6,156,0,162,0,27,174,0,201,86,0,86,287
03/09/2020,GMU,SC,ASO,ES,Federal Contract Tower,0,13,13,0,26,0,13,168,0,181,0,26,181,0,207,62,0,62,269
03/10/2020,GMU,SC,ASO,ES,Federal Contract Tower,0,33,16,0,49,0,5,36,0,41,0,38,52,0,90,4,0,4,94
03/11/2020,GMU,SC,ASO,ES,Federal Contract Tower,0,18,14,0,32,0,6,86,2,94,0,24,100,2,126,18,0,18,144
03/12/2020,GMU,SC,ASO,ES,Federal Contract Tower,0,21,19,0,40,0,5,80,8,93,0,26,99,8,133,32,0,32,165
03/13/2020,GMU,SC,ASO,ES,Federal Contract Tower,0,23,25,1,49,0,9,87,0,96,0,32,112,1,145,64,0,64,209
03/15/2020,GMU,SC,ASO,ES,Federal Contract Tower,0,5,14,0,19,0,1,38,1,40,0,6,52,1,59,28,0,28,87
03/16/2020,GMU,SC,ASO,ES,Federal Contract Tower,0,25,25,0,50,0,12,26,0,38,0,37,51,0,88,66,0,66,154
03/17/2020,GMU,SC,ASO,ES,Federal Contract Tower,0,17,21,0,38,0,4,15,1,20,0,21,36,1,58,8,4,12,70
03/18/2020,GMU,SC,ASO,ES,Federal Contract Tower,0,11,9,0,20,0,1,0,0,1,0,12,9,0,21,0,0,0,21
03/19/2020,GMU,SC,ASO,ES,Federal Contract Tower,0,17,17,0,34,0,10,57,0,67,0,27,74,0,101,20,0,20,121
03/20/2020,GMU,SC,ASO,ES,Federal Contract Tower,0,22,10,0,32,0,16,86,1,103,0,38,96,1,135,22,0,22,157
03/21/2020,GMU,SC,ASO,ES,Federal Contract Tower,0,7,17,0,24,0,15,113,0,128,0,22,130,0,152,24,0,24,176
03/22/2020,GMU,SC,ASO,ES,Federal Contract Tower,0,5,2,0,7,0,9,17,3,29,0,14,19,3,36,66,0,66,102
03/23/2020,GMU,SC,ASO,ES,Federal Contract Tower,0,5,2,0,7,0,0,0,0,0,0,5,2,0,7,0,0,0,7
03/24/2020,GMU,SC,ASO,ES,Federal Contract Tower,0,6,3,0,9,0,0,0,0,0,0,6,3,0,9,0,0,0,9
03/25/2020,GMU,SC,ASO,ES,Federal Contract Tower,0,4,10,0,14,0,27,89,0,116,0,31,99,0,130,54,0,54,184
03/26/2020,GMU,SC,ASO,ES,Federal Contract Tower,0,1,22,4,27,0,11,92,8,111,0,12,114,12,138,98,2,100,238
03/27/2020,GMU,SC,ASO,ES,Federal Contract Tower,0,5,10,0,15,0,15,75,0,90,0,20,85,0,105,36,0,36,141
03/28/2020,GMU,SC,ASO,ES,Federal Contract Tower,0,1,12,1,14,0,8,81,0,89,0,9,93,1,103,40,0,40,143
03/29/2020,GMU,SC,ASO,ES,Federal Contract Tower,0,4,3,0,7,0,2,19,3,24,0,6,22,3,31,20,0,20,51
03/30/2020,GMU,SC,ASO,ES,Federal Contract Tower,0,4,2,0,6,0,13,104,2,119,0,17,106,2,125,86,0,86,211
03/31/2020,GMU,SC,ASO,ES,Federal Contract Tower,0,2,8,0,10,0,8,15,2,25,0,10,23,2,35,16,2,18,53
04/01/2020,GMU,SC,ASO,ES,Federal Contract Tower,0,5,13,0,18,0,17,59,10,86,0,22,72,10,104,34,0,34,138
04/02/2020,GMU,SC,ASO,ES,Federal Contract Tower,0,3,10,0,13,0,20,96,5,121,0,23,106,5,134,20,0,20,154
04/03/2020,GMU,SC,ASO,ES,Federal Contract Tower,0,2,9,0,11,0,16,122,1,139,0,18,131,1,150,28,0,28,178
04/04/2020,GMU,SC,ASO,ES,Federal Contract Tower,0,1,8,0,9,0,3,103,0,106,0,4,111,0,115,26,0,26,141
04/05/2020,GMU,SC,ASO,ES,Federal Contract Tower,0,4,4,0,8,0,0,59,0,59,0,4,63,0,67,18,0,18,85
04/06/2020,GMU,SC,ASO,ES,Federal Contract Tower,0,0,7,0,7,0,17,62,0,79,0,17,69,0,86,60,0,60,146
04/07/2020,GMU,SC,ASO,ES,Federal Contract Tower,0,0,6,2,8,0,10,62,3,75,0,10,68,5,83,46,0,46,129
04/08/2020,GMU,SC,ASO,ES,Federal Contract Tower,0,1,10,4,15,0,11,67,2,80,0,12,77,6,95,36,0,36,131
04/09/2020,GMU,SC,ASO,ES,Federal Contract Tower,0,3,7,0,10,0,20,28,4,52,0,23,35,4,62,4,0,4,66
04/10/2020,GMU,SC,ASO,ES,Federal Contract Tower,0,1,4,0,5,0,5,36,0,41,0,6,40,0,46,4,0,4,50
04/11/2020,GMU,SC,ASO,ES,Federal Contract Tower,0,5,12,0,17,0,4,129,0,133,0,9,141,0,150,76,0,76,226
04/12/2020,GMU,SC,ASO,ES,Federal Contract Tower,0,0,0,0,0,0,0,2,0,2,0,0,2,0,2,0,0,0,2
04/13/2020,GMU,SC,ASO,ES,Federal Contract Tower,0,7,4,0,11,0,23,11,0,34,0,30,15,0,45,0,0,0,45
04/14/2020,GMU,SC,ASO,ES,Federal Contract Tower,0,0,17,0,17,0,20,85,0,105,0,20,102,0,122,26,0,26,148
04/15/2020,GMU,SC,ASO,ES,Federal Contract Tower,0,4,7,0,11,0,10,67,4,81,0,14,74,4,92,20,0,20,112
04/16/2020,GMU,SC,ASO,ES,Federal Contract Tower,0,8,12,0,20,0,23,99,6,128,0,31,111,6,148,38,4,42,190
04/17/2020,GMU,SC,ASO,ES,Federal Contract Tower,0,3,13,0,16,0,30,86,2,118,0,33,99,2,134,80,0,80,214
04/18/2020,GMU,SC,ASO,ES,Federal Contract Tower,0,2,16,0,18,0,2,64,0,66,0,4,80,0,84,24,0,24,108
04/19/2020,GMU,SC,ASO,ES,Federal Contract Tower,0,0,13,0,13,0,3,28,2,33,0,3,41,2,46,18,0,18,64
04/20/2020,GMU,SC,ASO,ES,Federal Contract Tower,0,6,13,0,19,0,2,28,0,30,0,8,41,0,49,16,0,16,65
04/21/2020,GMU,SC,ASO,ES,Federal Contract Tower,0,4,17,0,21,0,24,58,3,85,0,28,75,3,106,34,8,42,148
04/22/2020,GMU,SC,ASO,ES,Federal Contract Tower,0,12,13,0,25,0,22,146,4,172,0,34,159,4,197,26,0,26,223
04/23/2020,GMU,SC,ASO,ES,Federal Contract Tower,0,3,2,0,5,0,1,0,0,1,0,4,2,0,6,0,0,0,6
04/24/2020,GMU,SC,ASO,ES,Federal Contract Tower,0,9,22,0,31,0,14,78,0,92,0,23,100,0,123,44,0,44,167
04/25/2020,GMU,SC,ASO,ES,Federal Contract Tower,0,1,10,0,11,0,12,44,0,56,0,13,54,0,67,0,0,0,67
04/26/2020,GMU,SC,ASO,ES,Federal Contract Tower,0,0,12,0,12,0,4,37,3,44,0,4,49,3,56,2,0,2,58
04/27/2020,GMU,SC,ASO,ES,Federal Contract Tower,0,3,8,0,11,0,14,127,0,141,0,17,135,0,152,40,0,40,192
04/28/2020,GMU,SC,ASO,ES,Federal Contract Tower,0,8,21,0,29,0,17,139,2,158,0,25,160,2,187,50,0,50,237
04/29/2020,GMU,SC,ASO,ES,Federal Contract Tower,0,8,8,0,16,0,9,24,2,35,0,17,32,2,51,2,0,2,53
04/30/2020,GMU,SC,ASO,ES,Federal Contract Tower,0,6,27,0,33,0,10,37,8,55,0,16,64,8,88,22,4,26,114
05/01/2020,GMU,SC,ASO,ES,Federal Contract Tower,0,10,15,0,25,0,12,107,2,121,0,22,122,2,146,44,0,44,190
05/03/2020,GMU,SC,ASO,ES,Federal Contract Tower,0,2,15,0,17,0,7,60,0,67,0,9,75,0,84,16,0,16,100
05/04/2020,GMU,SC,ASO,ES,Federal Contract Tower,0,5,18,0,23,0,19,82,2,103,0,24,100,2,126,46,0,46,172
05/05/2020,GMU,SC,ASO,ES,Federal Contract Tower,0,8,13,0,21,0,15,35,0,50,0,23,48,0,71,24,0,24,95
05/06/2020,GMU,SC,ASO,ES,Federal Contract Tower,0,12,8,0,20,0,12,52,2,66,0,24,60,2,86,16,0,16,102
05/07/2020,GMU,SC,ASO,ES,Federal Contract Tower,0,11,27,0,38,0,22,133,0,155,0,33,160,0,193,50,0,50,243
05/08/2020,GMU,SC,ASO,ES,Federal Contract Tower,0,6,13,0,19,0,24,22,1,47,0,30,35,1,66,0,0,0,66
05/09/2020,GMU,SC,ASO,ES,Federal Contract Tower,0,2,12,0,14,0,4,115,0,119,0,6,127,0,133,34,0,34,167
05/10/2020,GMU,SC,ASO,ES,Federal Contract Tower,0,6,14,0,20,0,6,54,0,60,0,12,68,0,80,4,0,4,84
05/11/2020,GMU,SC,ASO,ES,Federal Contract Tower,0,12,13,0,25,0,17,70,0,87,0,29,83,0,112,16,0,16,128
05/12/2020,GMU,SC,ASO,ES,Federal Contract Tower,0,5,15,0,20,0,11,107,8,126,0,16,122,8,146,24,0,24,170
05/13/2020,GMU,SC,ASO,ES,Federal Contract Tower,0,7,19,0,26,0,9,83,0,92,0,16,102,0,118,20,0,20,138
05/14/2020,GMU,SC,ASO,ES,Federal Contract Tower,0,15,19,0,34,0,12,68,4,84,0,27,87,4,118,46,2,48,166
05/15/2020,GMU,SC,ASO,ES,Federal Contract Tower,0,5,10,0,15,0,5,118,0,123,0,10,128,0,138,58,0,58,196
05/16/2020,GMU,SC,ASO,ES,Federal Contract Tower,0,12,10,0,22,0,3,157,0,160,0,15,167,0,182,16,0,16,198
05/17/2020,GMU,SC,ASO,ES,Federal Contract Tower,0,5,20,0,25,0,3,60,0,63,0,8,80,0,88,50,0,50,138
05/18/2020,GMU,SC,ASO,ES,Federal Contract Tower,0,10,7,0,17,0,0,3,0,3,0,10,10,0,20,14,0,14,34
05/19/2020,GMU,SC,ASO,ES,Federal Contract Tower,0,5,6,0,11,0,0,0,0,0,0,5,6,0,11,0,0,0,11
05/20/2020,GMU,SC,ASO,ES,Federal Contract Tower,0,15,0,0,15,0,0,6,0,6,0,15,6,0,21,0,0,0,21
05/21/2020,GMU,SC,ASO,ES,Federal Contract Tower,0,13,24,0,37,0,13,27,10,50,0,26,51,10,87,16,0,16,103
05/22/2020,GMU,SC,ASO,ES,Federal Contract Tower,0,11,20,0,31,0,6,84,2,92,0,17,104,2,123,56,4,60,183
05/23/2020,GMU,SC,ASO,ES,Federal Contract Tower,0,10,21,0,31,0,4,87,2,93,0,14,108,2,124,18,0,18,142
05/24/2020,GMU,SC,ASO,ES,Federal Contract Tower,0,4,12,0,16,0,2,55,2,59,0,6,67,2,75,8,0,8,83
05/25/2020,GMU,SC,ASO,ES,Federal Contract Tower,0,10,32,0,42,0,6,27,0,33,0,16,59,0,75,26,0,26,101
05/26/2020,GMU,SC,ASO,ES,Federal Contract Tower,0,18,30,0,48,0,8,19,1,28,0,26,49,1,76,18,0,18,94
05/27/2020,GMU,SC,ASO,ES,Federal Contract Tower,0,21,16,0,37,0,7,3,1,11,0,28,19,1,48,0,0,0,48
05/28/2020,GMU,SC,ASO,ES,Federal Contract Tower,0,11,10,0,21,0,6,18,0,24,0,17,28,0,45,20,0,20,65
05/29/2020,GMU,SC,ASO,ES,Federal Contract Tower,0,13,12,2,27,0,4,41,0,45,0,17,53,2,72,16,0,16,88
05/30/2020,GMU,SC,ASO,ES,Federal Contract Tower,0,11,20,0,31,0,12,145,0,157,0,23,165,0,188,26,0,26,214
05/31/2020,GMU,SC,ASO,ES,Federal Contract Tower,0,5,20,0,25,0,15,106,3,124,0,20,126,3,149,38,0,38,187
06/01/2020,GMU,SC,ASO,ES,Federal Contract Tower,0,15,21,0,36,0,10,153,2,165,0,25,174,2,201,12,0,12,213
06/02/2020,GMU,SC,ASO,ES,Federal Contract Tower,0,15,18,0,33,0,23,142,4,169,0,38,160,4,202,60,12,72,274
06/03/2020,GMU,SC,ASO,ES,Federal Contract Tower,0,17,13,1,31,0,23,116,1,140,0,40,129,2,171,18,0,18,189
06/04/2020,GMU,SC,ASO,ES,Federal Contract Tower,0,13,6,1,20,0,21,97,6,124,0,34,103,7,144,16,4,20,164
06/05/2020,GMU,SC,ASO,ES,Federal Contract Tower,0,9,16,0,25,0,10,32,0,42,0,19,48,0,67,22,0,22,89
06/06/2020,GMU,SC,ASO,ES,Federal Contract Tower,0,6,15,0,21,0,3,103,0,106,0,9,118,0,127,112,0,112,239
06/07/2020,GMU,SC,ASO,ES,Federal Contract Tower,0,3,15,0,18,0,1,59,0,60,0,4,74,0,78,38,0,38,116
06/08/2020,GMU,SC,ASO,ES,Federal Contract Tower,0,12,19,0,31,0,14,65,0,79,0,26,84,0,110,62,0,62,172
06/09/2020,GMU,SC,ASO,ES,Federal Contract Tower,0,16,16,0,32,0,17,54,2,73,0,33,70,2,105,40,6,46,151
06/10/2020,GMU,SC,ASO,ES,Federal Contract Tower,0,15,17,0,32,0,16,7,0,23,0,31,24,0,55,0,0,0,55
06/11/2020,GMU,SC,ASO,ES,Federal Contract Tower,0,18,30,0,48,0,16,93,0,109,0,34,123,0,157,54,0,54,211
06/12/2020,GMU,SC,ASO,ES,Federal Contract Tower,0,14,17,0,31,0,23,125,0,148,0,37,142,0,179,30,0,30,209
06/13/2020,GMU,SC,ASO,ES,Federal Contract Tower,0,10,10,0,20,0,12,139,2,153,0,22,149,2,173,36,0,36,209
06/14/2020,GMU,SC,ASO,ES,Federal Contract Tower,0,13,22,0,35,0,3,64,0,67,0,16,86,0,102,56,0,56,158
06/15/2020,GMU,SC,ASO,ES,Federal Contract Tower,0,5,21,0,26,0,9,55,0,64,0,14,76,0,90,86,0,86,176
06/16/2020,GMU,SC,ASO,ES,Federal Contract Tower,0,13,13,2,28,0,2,8,2,12,0,15,21,4,40,34,0,34,74
06/17/2020,GMU,SC,ASO,ES,Federal Contract Tower,0,16,31,0,47,0,4,70,4,78,0,20,101,4,125,88,6,94,219
06/18/2020,GMU,SC,ASO,ES,Federal Contract Tower,0,18,28,0,46,0,22,62,1,85,0,40,90,1,131,72,4,76,207
06/19/2020,GMU,SC,ASO,ES,Federal Contract Tower,0,18,18,0,36,0,20,95,0,115,0,38,113,0,151,46,0,46,197
06/20/2020,GMU,SC,ASO,ES,Federal Contract Tower,0,7,7,0,14,0,8,149,0,157,0,15,156,0,171,46,0,46,217
06/21/2020,GMU,SC,ASO,ES,Federal Contract Tower,0,8,13,0,21,0,2,74,0,76,0,10,87,0,97,18,0,18,115
06/22/2020,GMU,SC,ASO,ES,Federal Contract Tower,0,4,8,0,12,0,10,88,2,100,0,14,96,2,112,20,0,20,132
06/23/2020,GMU,SC,ASO,ES,Federal Contract Tower,0,15,17,0,32,0,11,13,0,24,0,26,30,0,56,22,0,22,78
06/24/2020,GMU,SC,ASO,ES,Federal Contract Tower,0,15,21,0,36,0,6,103,0,109,0,21,124,0,145,100,0,100,245
06/25/2020,GMU,SC,ASO,ES,Federal Contract Tower,0,10,23,0,33,0,24,87,4,115,0,34,110,4,148,36,0,36,184
06/26/2020,GMU,SC,ASO,ES,Federal Contract Tower,0,16,25,0,41,0,19,145,2,166,0,35,170,2,207,98,0,98,305
06/27/2020,GMU,SC,ASO,ES,Federal Contract Tower,0,4,29,0,33,0,3,94,0,97,0,7,123,0,130,112,0,112,242
06/28/2020,GMU,SC,ASO,ES,Federal Contract Tower,0,11,15,0,26,0,2,63,0,65,0,13,78,0,91,0,0,0,91
06/29/2020,GMU,SC,ASO,ES,Federal Contract Tower,0,23,18,0,41,0,18,91,0,109,0,41,109,0,150,66,0,66,216
06/30/2020,GMU,SC,ASO,ES,Federal Contract Tower,0,7,18,0,25,0,11,84,2,97,0,18,102,2,122,60,12,72,194
07/01/2020,GMU,SC,ASO,ES,Federal Contract Tower,0,26,20,0,46,0,12,95,2,109,0,38,115,2,155,42,2,44,199
07/02/2020,GMU,SC,ASO,ES,Federal Contract Tower,0,16,16,0,32,0,21,125,5,151,0,37,141,5,183,62,4,66,249
07/03/2020,GMU,SC,ASO,ES,Federal Contract Tower,0,6,14,0,20,0,6,122,0,128,0,12,136,0,148,40,0,40,188
07/04/2020,GMU,SC,ASO,ES,Federal Contract Tower,0,6,9,0,15,0,4,45,0,49,0,10,54,0,64,36,0,36,100
07/05/2020,GMU,SC,ASO,ES,Federal Contract Tower,0,14,9,0,23,0,6,41,0,47,0,20,50,0,70,24,0,24,94
07/06/2020,GMU,SC,ASO,ES,Federal Contract Tower,0,16,15,0,31,0,11,44,0,55,0,27,59,0,86,138,0,138,224
07/07/2020,GMU,SC,ASO,ES,Federal Contract Tower,0,17,15,0,32,0,5,2,0,7,0,22,17,0,39,0,0,0,39
07/08/2020,GMU,SC,ASO,ES,Federal Contract Tower,0,10,18,0,28,0,6,58,2,66,0,16,76,2,94,20,0,20,114
07/09/2020,GMU,SC,ASO,ES,Federal Contract Tower,0,20,15,0,35,0,18,106,0,124,0,38,121,0,159,78,0,78,237
07/10/2020,GMU,SC,ASO,ES,Federal Contract Tower,0,15,6,0,21,0,21,126,1,148,0,36,132,1,169,60,0,60,229
07/11/2020,GMU,SC,ASO,ES,Federal Contract Tower,0,6,12,0,18,0,6,104,0,110,0,12,116,0,128,50,0,50,178
07/12/2020,GMU,SC,ASO,ES,Federal Contract Tower,0,11,14,1,26,0,3,95,1,99,0,14,109,2,125,32,0,32,157
07/13/2020,GMU,SC,ASO,ES,Federal Contract Tower,0,10,16,0,26,0,6,109,0,115,0,16,125,0,141,20,0,20,161
07/14/2020,GMU,SC,ASO,ES,Federal Contract Tower,0,5,10,0,15,0,26,106,5,137,0,31,116,5,152,62,0,62,214
07/15/2020,GMU,SC,ASO,ES,Federal Contract Tower,0,32,14,0,46,0,26,101,0,127,0,58,115,0,173,80,0,80,253
07/16/2020,GMU,SC,ASO,ES,Federal Contract Tower,0,15,23,0,38,0,13,60,0,73,0,28,83,0,111,54,0,54,165
07/17/2020,GMU,SC,ASO,ES,Federal Contract Tower,0,25,15,1,41,0,26,95,3,124,0,51,110,4,165,72,0,72,237
07/18/2020,GMU,SC,ASO,ES,Federal Contract Tower,0,4,10,0,14,0,14,60,0,74,0,18,70,0,88,20,0,20,108
07/19/2020,GMU,SC,ASO,ES,Federal Contract Tower,0,10,16,0,26,0,5,67,0,72,0,15,83,0,98,60,0,60,158
07/20/2020,GMU,SC,ASO,ES,Federal Contract Tower,0,25,9,0,34,0,14,92,3,109,0,39,101,3,143,108,0,108,251
07/21/2020,GMU,SC,ASO,ES,Federal Contract Tower,0,25,18,1,44,0,7,78,2,87,0,32,96,3,131,72,0,72,203
07/22/2020,GMU,SC,ASO,ES,Federal Contract Tower,0,13,26,0,39,0,3,123,0,126,0,16,149,0,165,84,0,84,249
07/23/2020,GMU,SC,ASO,ES,Federal Contract Tower,0,21,9,0,30,0,16,118,2,136,0,37,127,2,166,98,2,100,266
07/24/2020,GMU,SC,ASO,ES,Federal Contract Tower,0,13,16,0,29,0,4,80,2,86,0,17,96,2,115,52,0,52,167
07/25/2020,GMU,SC,ASO,ES,Federal Contract Tower,0,3,7,0,10,0,9,83,0,92,0,12,90,0,102,72,0,72,174
07/26/2020,GMU,SC,ASO,ES,Federal Contract Tower,0,11,7,0,18,0,4,68,0,72,0,15,75,0,90,74,0,74,164
07/27/2020,GMU,SC,ASO,ES,Federal Contract Tower,0,7,11,0,18,0,8,119,0,127,0,15,130,0,145,122,0,122,267
07/28/2020,GMU,SC,ASO,ES,Federal Contract Tower,0,20,23,0,43,0,19,103,2,124,0,39,126,2,167,58,0,58,225
07/29/2020,GMU,SC,ASO,ES,Federal Contract Tower,0,15,16,1,32,0,14,83,2,99,0,29,99,3,131,88,0,88,219
07/30/2020,GMU,SC,ASO,ES,Federal Contract Tower,0,10,22,0,32,0,6,18,2,26,0,16,40,2,58,28,0,28,86
07/31/2020,GMU,SC,ASO,ES,Federal Contract Tower,0,18,16,1,35,0,16,95,2,113,0,34,111,3,148,80,0,80,228
08/01/2020,GMU,SC,ASO,ES,Federal Contract Tower,0,15,26,0,41,0,11,103,8,122,0,26,129,8,163,56,0,56,219
08/02/2020,GMU,SC,ASO,ES,Federal Contract Tower,0,2,11,0,13,0,2,70,0,72,0,4,81,0,85,42,0,42,127
08/03/2020,GMU,SC,ASO,ES,Federal Contract Tower,0,13,16,0,29,0,2,12,0,14,0,15,28,0,43,0,0,0,43
08/04/2020,GMU,SC,ASO,ES,Federal Contract Tower,0,13,23,0,36,0,15,105,2,122,0,28,128,2,158,174,0,174,332
08/06/2020,GMU,SC,ASO,ES,Federal Contract Tower,0,21,26,0,47,0,7,60,0,67,0,28,86,0,114,64,0,64,178
08/07/2020,GMU,SC,ASO,ES,Federal Contract Tower,0,18,41,0,59,0,7,57,0,64,0,25,98,0,123,100,0,100,223
08/08/2020,GMU,SC,ASO,ES,Federal Contract Tower,0,10,30,0,40,0,4,82,0,86,0,14,112,0,126,16,0,16,142
08/09/2020,GMU,SC,ASO,ES,Federal Contract Tower,0,18,21,0,39,0,3,94,0,97,0,21,115,0,136,86,0,86,222
08/10/2020,GMU,SC,ASO,ES,Federal Contract Tower,0,13,30,0,43,0,9,87,2,98,0,22,117,2,141,108,0,108,249
08/11/2020,GMU,SC,ASO,ES,Federal Contract Tower,0,18,29,0,47,0,15,95,4,114,0,33,124,4,161,82,0,82,243
08/12/2020,GMU,SC,ASO,ES,Federal Contract Tower,0,22,16,1,39,0,11,101,4,116,0,33,117,5,155,104,0,104,259
08/13/2020,GMU,SC,ASO,ES,Federal Contract Tower,0,13,20,1,34,0,14,96,3,113,0,27,116,4,147,68,0,68,215
08/14/2020,GMU,SC,ASO,ES,Federal Contract Tower,0,18,34,0,52,0,8,72,4,84,0,26,106,4,136,154,0,154,290
08/15/2020,GMU,SC,ASO,ES,Federal Contract Tower,0,4,18,0,22,0,4,20,0,24,0,8,38,0,46,46,0,46,92
08/16/2020,GMU,SC,ASO,ES,Federal Contract Tower,0,18,36,0,54,0,4,92,0,96,0,22,128,0,150,118,0,118,268
08/17/2020,GMU,SC,ASO,ES,Federal Contract Tower,0,20,16,0,36,0,7,81,0,88,0,27,97,0,124,152,0,152,276
08/18/2020,GMU,SC,ASO,ES,Federal Contract Tower,0,12,27,0,39,0,20,180,3,203,0,32,207,3,242,82,0,82,324
08/19/2020,GMU,SC,ASO,ES,Federal Contract Tower,0,23,18,0,41,0,12,93,3,108,0,35,111,3,149,98,0,98,247
08/20/2020,GMU,SC,ASO,ES,Federal Contract Tower,0,10,22,0,32,0,14,47,6,67,0,24,69,6,99,50,0,50,149
08/21/2020,GMU,SC,ASO,ES,Federal Contract Tower,0,22,14,0,36,0,8,3,0,11,0,30,17,0,47,30,0,30,77
08/22/2020,GMU,SC,ASO,ES,Federal Contract Tower,0,3,27,1,31,0,14,85,2,101,0,17,112,3,132,118,0,118,250
08/23/2020,GMU,SC,ASO,ES,Federal Contract Tower,0,7,19,1,27,0,10,41,2,53,0,17,60,3,80,108,0,108,188
08/24/2020,GMU,SC,ASO,ES,Federal Contract Tower,0,11,20,0,31,0,2,30,0,32,0,13,50,0,63,66,0,66,129
08/25/2020,GMU,SC,ASO,ES,Federal Contract Tower,0,20,17,0,37,0,6,67,0,73,0,26,84,0,110,64,4,68,178
08/26/2020,GMU,SC,ASO,ES,Federal Contract Tower,0,16,13,1,30,0,26,134,0,160,0,42,147,1,190,66,0,66,256
08/27/2020,GMU,SC,ASO,ES,Federal Contract Tower,0,21,19,0,40,0,10,122,9,141,0,31,141,9,181,48,2,50,231
08/28/2020,GMU,SC,ASO,ES,Federal Contract Tower,0,17,24,0,41,0,20,95,0,115,0,37,119,0,156,100,0,100,256
08/29/2020,GMU,SC,ASO,ES,Federal Contract Tower,0,5,12,0,17,0,4,17,0,21,0,9,29,0,38,4,0,4,42
08/30/2020,GMU,SC,ASO,ES,Federal Contract Tower,0,20,20,0,40,0,3,93,2,98,0,23,113,2,138,30,0,30,168
08/31/2020,GMU,SC,ASO,ES,Federal Contract Tower,0,15,16,3,34,0,10,32,0,42,0,25,48,3,76,24,0,24,100
09/01/2020,GMU,SC,ASO,ES,Federal Contract Tower,0,15,23,3,41,0,9,76,0,85,0,24,99,3,126,68,0,68,194
09/02/2020,GMU,SC,ASO,ES,Federal Contract Tower,0,26,25,0,51,0,23,111,0,134,0,49,136,0,185,78,0,78,263
09/03/2020,GMU,SC,ASO,ES,Federal Contract Tower,0,15,23,0,38,0,18,130,6,154,0,33,153,6,192,44,0,44,236
09/04/2020,GMU,SC,ASO,ES,Federal Contract Tower,0,16,23,0,39,0,17,128,0,145,0,33,151,0,184,108,0,108,292
09/05/2020,GMU,SC,ASO,ES,Federal Contract Tower,0,10,20,0,30,0,5,105,0,110,0,15,125,0,140,56,0,56,196
09/06/2020,GMU,SC,ASO,ES,Federal Contract Tower,0,4,21,0,25,0,11,83,0,94,0,15,104,0,119,58,0,58,177
09/07/2020,GMU,SC,ASO,ES,Federal Contract Tower,0,9,29,0,38,0,5,131,0,136,0,14,160,0,174,18,0,18,192
09/08/2020,GMU,SC,ASO,ES,Federal Contract Tower,0,16,14,0,30,0,8,99,4,111,0,24,113,4,141,54,0,54,195
09/09/2020,GMU,SC,ASO,ES,Federal Contract Tower,0,22,25,0,47,0,13,38,2,53,0,35,63,2,100,96,0,96,196
09/10/2020,GMU,SC,ASO,ES,Federal Contract Tower,0,17,19,0,36,0,7,43,2,52,0,24,62,2,88,40,0,40,128
09/11/2020,GMU,SC,ASO,ES,Federal Contract Tower,0,29,16,0,45,0,16,101,2,119,0,45,117,2,164,104,0,104,268
09/12/2020,GMU,SC,ASO,ES,Federal Contract Tower,0,18,9,0,27,0,1,4,0,5,0,19,13,0,32,0,0,0,32
09/13/2020,GMU,SC,ASO,ES,Federal Contract Tower,0,11,16,0,27,0,0,21,2,23,0,11,37,2,50,22,0,22,72
09/14/2020,GMU,SC,ASO,ES,Federal Contract Tower,0,19,14,0,33,0,26,92,2,120,0,45,106,2,153,74,0,74,227
09/15/2020,GMU,SC,ASO,ES,Federal Contract Tower,0,26,20,0,46,0,15,89,4,108,0,41,109,4,154,40,0,40,194
09/16/2020,GMU,SC,ASO,ES,Federal Contract Tower,0,27,13,0,40,0,18,77,0,95,0,45,90,0,135,116,0,116,251
09/17/2020,GMU,SC,ASO,ES,Federal Contract Tower,0,19,3,0,22,0,0,0,0,0,0,19,3,0,22,0,0,0,22
09/18/2020,GMU,SC,ASO,ES,Federal Contract Tower,0,12,12,0,24,0,14,89,0,103,0,26,101,0,127,122,0,122,249
09/19/2020,GMU,SC,ASO,ES,Federal Contract Tower,0,0,21,0,21,0,8,64,2,74,0,8,85,2,95,4,0,4,99
09/20/2020,GMU,SC,ASO,ES,Federal Contract Tower,0,23,14,0,37,0,7,49,2,58,0,30,63,2,95,30,0,30,125
09/21/2020,GMU,SC,ASO,ES,Federal Contract Tower,0,13,24,0,37,0,19,78,0,97,0,32,102,0,134,44,0,44,178
09/22/2020,GMU,SC,ASO,ES,Federal Contract Tower,0,20,22,0,42,0,19,130,1,150,0,39,152,1,192,100,0,100,292
09/23/2020,GMU,SC,ASO,ES,Federal Contract Tower,0,27,26,0,53,0,28,137,3,168,0,55,163,3,221,18,0,18,239
09/24/2020,GMU,SC,ASO,ES,Federal Contract Tower,0,22,13,0,35,0,19,56,4,79,0,41,69,4,114,76,0,76,190
09/25/2020,GMU,SC,ASO,ES,Federal Contract Tower,0,15,30,0,45,0,2,0,0,2,0,17,30,0,47,0,0,0,47
09/26/2020,GMU,SC,ASO,ES,Federal Contract Tower,0,11,30,0,41,0,14,16,0,30,0,25,46,0,71,24,0,24,95
09/27/2020,GMU,SC,ASO,ES,Federal Contract Tower,0,21,33,0,54,0,7,21,0,28,0,28,54,0,82,38,0,38,120
09/28/2020,GMU,SC,ASO,ES,Federal Contract Tower,0,19,25,0,44,0,13,51,0,64,0,32,76,0,108,84,0,84,192
09/29/2020,GMU,SC,ASO,ES,Federal Contract Tower,0,11,10,0,21,0,7,0,0,7,0,18,10,0,28,0,0,0,28
09/30/2020,GMU,SC,ASO,ES,Federal Contract Tower,0,14,20,1,35,0,15,137,1,153,0,29,157,2,188,78,10,88,276
10/01/2020,GMU,SC,ASO,ES,Federal Contract Tower,0,14,22,0,36,0,17,173,0,190,0,31,195,0,226,46,0,46,272
10/02/2020,GMU,SC,ASO,ES,Federal Contract Tower,0,23,27,0,50,0,18,158,0,176,0,41,185,0,226,98,0,98,324
10/03/2020,GMU,SC,ASO,ES,Federal Contract Tower,0,3,26,0,29,0,19,129,1,149,0,22,155,1,178,56,0,56,234
10/04/2020,GMU,SC,ASO,ES,Federal Contract Tower,0,7,31,0,38,0,4,80,0,84,0,11,111,0,122,38,0,38,160
10/05/2020,GMU,SC,ASO,ES,Federal Contract Tower,0,7,22,0,29,0,22,117,0,139,0,29,139,0,168,48,0,48,216
10/06/2020,GMU,SC,ASO,ES,Federal Contract Tower,0,12,11,0,23,0,18,143,0,161,0,30,154,0,184,40,0,40,224
10/07/2020,GMU,SC,ASO,ES,Federal Contract Tower,0,23,26,0,49,0,33,127,0,160,0,56,153,0,209,66,2,68,277
10/08/2020,GMU,SC,ASO,ES,Federal Contract Tower,0,18,24,0,42,0,23,155,4,182,0,41,179,4,224,76,0,76,300
10/09/2020,GMU,SC,ASO,ES,Federal Contract Tower,0,16,32,0,48,0,7,106,0,113,0,23,138,0,161,122,0,122,283
10/10/2020,GMU,SC,ASO,ES,Federal Contract Tower,0,7,8,0,15,0,0,0,0,0,0,7,8,0,15,0,0,0,15
10/11/2020,GMU,SC,ASO,ES,Federal Contract Tower,0,16,17,0,33,0,0,0,0,0,0,16,17,0,33,0,0,0,33
10/12/2020,GMU,SC,ASO,ES,Federal Contract Tower,0,15,37,0,52,0,8,55,0,63,0,23,92,0,115,158,0,158,273
10/13/2020,GMU,SC,ASO,ES,Federal Contract Tower,0,10,25,0,35,0,14,123,0,137,0,24,148,0,172,70,2,72,244
10/14/2020,GMU,SC,ASO,ES,Federal Contract Tower,0,23,31,0,54,0,15,142,1,158,0,38,173,1,212,82,0,82,294
10/15/2020,GMU,SC,ASO,ES,Federal Contract Tower,0,22,27,1,50,0,10,9,0,19,0,32,36,1,69,0,0,0,69
10/16/2020,GMU,SC,ASO,ES,Federal Contract Tower,0,22,36,0,58,0,14,109,2,125,0,36,145,2,183,36,16,52,235
10/17/2020,GMU,SC,ASO,ES,Federal Contract Tower,0,10,20,0,30,0,5,132,2,139,0,15,152,2,169,30,0,30,199
10/18/2020,GMU,SC,ASO,ES,Federal Contract Tower,0,26,20,0,46,0,22,98,0,120,0,48,118,0,166,64,0,64,230
10/19/2020,GMU,SC,ASO,ES,Federal Contract Tower,0,15,25,3,43,0,14,127,7,148,0,29,152,10,191,88,0,88,279
10/20/2020,GMU,SC,ASO,ES,Federal Contract Tower,0,18,30,2,50,0,14,117,0,131,0,32,147,2,181,58,0,58,239
10/21/2020,GMU,SC,ASO,ES,Federal Contract Tower,0,15,33,0,48,0,15,86,0,101,0,30,119,0,149,26,0,26,175
10/22/2020,GMU,SC,ASO,ES,Federal Contract Tower,0,22,25,0,47,0,28,98,5,131,0,50,123,5,178,84,6,90,268
10/23/2020,GMU,SC,ASO,ES,Federal Contract Tower,0,19,39,0,58,0,28,114,2,144,0,47,153,2,202,62,0,62,264
10/24/2020,GMU,SC,ASO,ES,Federal Contract Tower,0,9,19,0,28,0,5,74,6,85,0,14,93,6,113,24,0,24,137
10/25/2020,GMU,SC,ASO,ES,Federal Contract Tower,0,18,16,0,34,0,0,0,0,0,0,18,16,0,34,0,0,0,34
10/26/2020,GMU,SC,ASO,ES,Federal Contract Tower,0,19,34,0,53,0,13,26,0,39,0,32,60,0,92,58,0,58,150
10/27/2020,GMU,SC,ASO,ES,Federal Contract Tower,0,22,27,0,49,0,5,50,1,56,0,27,77,1,105,70,0,70,175
10/28/2020,GMU,SC,ASO,ES,Federal Contract Tower,0,21,20,0,41,0,0,0,0,0,0,21,20,0,41,0,0,0,41
10/29/2020,GMU,SC,ASO,ES,Federal Contract Tower,0,10,1,0,11,0,15,0,0,15,0,25,1,0,26,0,0,0,26
10/30/2020,GMU,SC,ASO,ES,Federal Contract Tower,0,14,25,0,39,0,20,96,0,116,0,34,121,0,155,66,0,66,221
10/31/2020,GMU,SC,ASO,ES,Federal Contract Tower,0,2,20,1,23,0,5,111,0,116,0,7,131,1,139,48,0,48,187
11/01/2020,GMU,SC,ASO,ES,Federal Contract Tower,0,6,19,0,25,0,1,29,0,30,0,7,48,0,55,34,0,34,89
11/02/2020,GMU,SC,ASO,ES,Federal Contract Tower,0,8,24,0,32,0,20,92,1,113,0,28,116,1,145,50,0,50,195
11/03/2020,GMU,SC,ASO,ES,Federal Contract Tower,0,13,10,0,23,0,21,99,2,122,0,34,109,2,145,138,2,140,285
11/04/2020,GMU,SC,ASO,ES,Federal Contract Tower,0,17,28,2,47,0,17,134,2,153,0,34,162,4,200,144,0,144,344
11/05/2020,GMU,SC,ASO,ES,Federal Contract Tower,0,23,27,0,50,0,17,107,2,126,0,40,134,2,176,96,0,96,272
11/06/2020,GMU,SC,ASO,ES,Federal Contract Tower,0,24,29,0,53,0,24,139,0,163,0,48,168,0,216,82,0,82,298
11/07/2020,GMU,SC,ASO,ES,Federal Contract Tower,0,9,29,0,38,0,8,56,4,68,0,17,85,4,106,106,0,106,212
11/08/2020,GMU,SC,ASO,ES,Federal Contract Tower,0,12,30,0,42,0,2,33,0,35,0,14,63,0,77,62,0,62,139
11/09/2020,GMU,SC,ASO,ES,Federal Contract Tower,0,21,21,0,42,0,28,35,0,63,0,49,56,0,105,54,0,54,159
11/10/2020,GMU,SC,ASO,ES,Federal Contract Tower,0,28,19,0,47,0,2,0,0,2,0,30,19,0,49,0,0,0,49
11/11/2020,GMU,SC,ASO,ES,Federal Contract Tower,0,25,10,0,35,0,3,4,0,7,0,28,14,0,42,22,0,22,64
11/12/2020,GMU,SC,ASO,ES,Federal Contract Tower,0,24,8,0,32,0,9,15,0,24,0,33,23,0,56,42,0,42,98
11/13/2020,GMU,SC,ASO,ES,Federal Contract Tower,0,29,26,0,55,0,24,108,0,132,0,53,134,0,187,78,0,78,265
11/14/2020,GMU,SC,ASO,ES,Federal Contract Tower,0,6,28,0,34,0,11,122,0,133,0,17,150,0,167,42,0,42,209
11/15/2020,GMU,SC,ASO,ES,Federal Contract Tower,0,9,22,0,31,0,4,6,0,10,0,13,28,0,41,0,0,0,41
11/16/2020,GMU,SC,ASO,ES,Federal Contract Tower,0,16,19,0,35,0,16,97,0,113,0,32,116,0,148,72,0,72,220
11/17/2020,GMU,SC,ASO,ES,Federal Contract Tower,0,12,18,0,30,0,18,79,2,99,0,30,97,2,129,62,0,62,191
11/18/2020,GMU,SC,ASO,ES,Federal Contract Tower,0,23,16,0,39,0,11,126,4,141,0,34,142,4,180,22,2,24,204
11/19/2020,GMU,SC,ASO,ES,Federal Contract Tower,0,26,28,0,54,0,23,112,0,135,0,49,140,0,189,56,0,56,245
11/20/2020,GMU,SC,ASO,ES,Federal Contract Tower,0,17,29,5,51,0,32,144,5,181,0,49,173,10,232,92,0,92,324
11/21/2020,GMU,SC,ASO,ES,Federal Contract Tower,0,13,30,1,44,0,11,119,1,131,0,24,149,2,175,68,0,68,243
11/22/2020,GMU,SC,ASO,ES,Federal Contract Tower,0,5,14,0,19,0,2,60,0,62,0,7,74,0,81,38,0,38,119
11/23/2020,GMU,SC,ASO,ES,Federal Contract Tower,0,17,16,0,33,0,25,69,2,96,0,42,85,2,129,26,14,40,169
11/24/2020,GMU,SC,ASO,ES,Federal Contract Tower,0,16,16,0,32,0,12,112,0,124,0,28,128,0,156,92,0,92,248
11/25/2020,GMU,SC,ASO,ES,Federal Contract Tower,0,12,25,0,37,0,5,19,0,24,0,17,44,0,61,20,0,20,81
11/26/2020,GMU,SC,ASO,ES,Federal Contract Tower,0,2,8,0,10,0,10,7,0,17,0,12,15,0,27,0,0,0,27
11/27/2020,GMU,SC,ASO,ES,Federal Contract Tower,0,5,26,0,31,0,11,92,3,106,0,16,118,3,137,78,0,78,215
11/28/2020,GMU,SC,ASO,ES,Federal Contract Tower,0,8,6,0,14,0,3,88,2,93,0,11,94,2,107,50,0,50,157
11/29/2020,GMU,SC,ASO,ES,Federal Contract Tower,0,20,14,0,34,0,5,16,0,21,0,25,30,0,55,30,0,30,85
11/30/2020,GMU,SC,ASO,ES,Federal Contract Tower,0,11,9,0,20,0,9,16,0,25,0,20,25,0,45,16,0,16,61
12/01/2020,GMU,SC,ASO,ES,Federal Contract Tower,0,19,6,0,25,0,10,82,0,92,0,29,88,0,117,32,4,36,153
12/02/2020,GMU,SC,ASO,ES,Federal Contract Tower,0,11,13,0,24,0,14,101,4,119,0,25,114,4,143,20,0,20,163
12/03/2020,GMU,SC,ASO,ES,Federal Contract Tower,0,22,7,0,29,0,9,127,2,138,0,31,134,2,167,36,0,36,203
12/04/2020,GMU,SC,ASO,ES,Federal Contract Tower,0,14,20,0,34,0,6,3,0,9,0,20,23,0,43,48,0,48,91
12/05/2020,GMU,SC,ASO,ES,Federal Contract Tower,0,4,6,0,10,0,4,95,2,101,0,8,101,2,111,70,0,70,181
12/06/2020,GMU,SC,ASO,ES,Federal Contract Tower,0,4,17,0,21,0,1,68,0,69,0,5,85,0,90,67,0,67,157
12/07/2020,GMU,SC,ASO,ES,Federal Contract Tower,0,28,15,0,43,0,14,72,0,86,0,42,87,0,129,24,0,24,153
12/08/2020,GMU,SC,ASO,ES,Federal Contract Tower,0,13,10,0,23,0,21,104,3,128,0,34,114,3,151,52,0,52,203
12/09/2020,GMU,SC,ASO,ES,Federal Contract Tower,0,21,26,0,47,0,18,105,1,124,0,39,131,1,171,26,2,28,199
12/10/2020,GMU,SC,ASO,ES,Federal Contract Tower,0,31,21,1,53,0,11,101,6,118,0,42,122,7,171,38,0,38,209
12/11/2020,GMU,SC,ASO,ES,Federal Contract Tower,0,22,24,0,46,0,18,107,2,127,0,40,131,2,173,42,0,42,215
12/12/2020,GMU,SC,ASO,ES,Federal Contract Tower,0,7,23,0,30,0,16,79,2,97,0,23,102,2,127,64,0,64,191
12/13/2020,GMU,SC,ASO,ES,Federal Contract Tower,0,10,19,0,29,0,13,54,0,67,0,23,73,0,96,38,0,38,134
12/14/2020,GMU,SC,ASO,ES,Federal Contract Tower,0,13,3,0,16,0,25,23,0,48,0,38,26,0,64,0,0,0,64
12/15/2020,GMU,SC,ASO,ES,Federal Contract Tower,0,14,20,1,35,0,25,114,1,140,0,39,134,2,175,8,0,8,183
12/16/2020,GMU,SC,ASO,ES,Federal Contract Tower,0,15,4,0,19,0,0,0,0,0,0,15,4,0,19,0,0,0,19
12/17/2020,GMU,SC,ASO,ES,Federal Contract Tower,0,23,19,0,42,0,12,43,2,57,0,35,62,2,99,64,2,66,165
12/18/2020,GMU,SC,ASO,ES,Federal Contract Tower,0,15,19,1,35,0,15,180,2,197,0,30,199,3,232,30,0,30,262
12/19/2020,GMU,SC,ASO,ES,Federal Contract Tower,0,18,26,0,44,0,27,115,0,142,0,45,141,0,186,48,0,48,234
12/20/2020,GMU,SC,ASO,ES,Federal Contract Tower,0,11,12,0,23,0,6,16,0,22,0,17,28,0,45,0,0,0,45
12/21/2020,GMU,SC,ASO,ES,Federal Contract Tower,0,13,14,0,27,0,10,58,0,68,0,23,72,0,95,44,0,44,139
12/22/2020,GMU,SC,ASO,ES,Federal Contract Tower,0,21,15,0,36,0,27,148,2,177,0,48,163,2,213,16,0,16,229
12/23/2020,GMU,SC,ASO,ES,Federal Contract Tower,0,16,26,0,42,0,16,91,0,107,0,32,117,0,149,64,0,64,213
12/24/2020,GMU,SC,ASO,ES,Federal Contract Tower,0,6,4,0,10,0,0,0,0,0,0,6,4,0,10,0,0,0,10
12/25/2020,GMU,SC,ASO,ES,Federal Contract Tower,0,0,1,0,1,0,0,2,0,2,0,0,3,0,3,0,0,0,3
12/26/2020,GMU,SC,ASO,ES,Federal Contract Tower,0,8,11,0,19,0,2,71,0,73,0,10,82,0,92,2,0,2,94
12/27/2020,GMU,SC,ASO,ES,Federal Contract Tower,0,14,21,0,35,0,10,74,0,84,0,24,95,0,119,32,0,32,151
12/28/2020,GMU,SC,ASO,ES,Federal Contract Tower,0,8,6,0,14,0,8,120,0,128,0,16,126,0,142,88,0,88,230
12/29/2020,GMU,SC,ASO,ES,Federal Contract Tower,0,12,33,0,45,0,12,90,0,102,0,24,123,0,147,50,0,50,197
12/30/2020,GMU,SC,ASO,ES,Federal Contract Tower,0,24,19,0,43,0,4,20,0,24,0,28,39,0,67,30,0,30,97
12/31/2020,GMU,SC,ASO,ES,Federal Contract Tower,0,8,3,0,11,0,0,0,0,0,0,8,3,0,11,0,0,0,11
01/01/2021,GMU,SC,ASO,ES,Federal Contract Tower,0,4,2,0,6,0,0,0,0,0,0,4,2,0,6,0,0,0,6
01/02/2021,GMU,SC,ASO,ES,Federal Contract Tower,0,5,14,0,19,0,0,30,0,30,0,5,44,0,49,36,0,36,85
01/03/2021,GMU,SC,ASO,ES,Federal Contract Tower,0,16,20,0,36,0,4,72,0,76,0,20,92,0,112,2,0,2,114
01/04/2021,GMU,SC,ASO,ES,Federal Contract Tower,0,13,11,1,25,0,19,99,11,129,0,32,110,12,154,58,0,58,212
01/05/2021,GMU,SC,ASO,ES,Federal Contract Tower,0,17,14,0,31,0,19,99,0,118,0,36,113,0,149,87,0,87,236
01/06/2021,GMU,SC,ASO,ES,Federal Contract Tower,0,17,29,0,46,0,17,100,0,117,0,34,129,0,163,82,0,82,245
01/07/2021,GMU,SC,ASO,ES,Federal Contract Tower,0,17,11,0,28,0,5,69,0,74,0,22,80,0,102,48,0,48,150
01/08/2021,GMU,SC,ASO,ES,Federal Contract Tower,0,12,0,0,12,0,0,0,0,0,0,12,0,0,12,0,0,0,12
01/09/2021,GMU,SC,ASO,ES,Federal Contract Tower,0,8,26,0,34,0,11,116,0,127,0,19,142,0,161,42,0,42,203
01/10/2021,GMU,SC,ASO,ES,Federal Contract Tower,0,12,20,0,32,0,3,81,0,84,0,15,101,0,116,24,0,24,140
01/11/2021,GMU,SC,ASO,ES,Federal Contract Tower,0,18,4,0,22,0,8,24,0,32,0,26,28,0,54,48,0,48,102
01/12/2021,GMU,SC,ASO,ES,Federal Contract Tower,0,26,16,0,42,0,15,71,0,86,0,41,87,0,128,98,0,98,226
01/13/2021,GMU,SC,ASO,ES,Federal Contract Tower,0,15,23,0,38,0,13,78,0,91,0,28,101,0,129,84,0,84,213
01/14/2021,GMU,SC,ASO,ES,Federal Contract Tower,0,21,14,0,35,0,10,91,0,101,0,31,105,0,136,48,0,48,184
01/15/2021,GMU,SC,ASO,ES,Federal Contract Tower,0,12,15,0,27,0,8,40,0,48,0,20,55,0,75,14,0,14,89
01/16/2021,GMU,SC,ASO,ES,Federal Contract Tower,0,15,7,0,22,0,6,64,2,72,0,21,71,2,94,20,0,20,114
01/17/2021,GMU,SC,ASO,ES,Federal Contract Tower,0,16,11,0,27,0,5,64,0,69,0,21,75,0,96,10,0,10,106
01/18/2021,GMU,SC,ASO,ES,Federal Contract Tower,0,13,11,0,24,0,16,73,0,89,0,29,84,0,113,74,0,74,187
01/19/2021,GMU,SC,ASO,ES,Federal Contract Tower,0,12,14,0,26,0,15,81,0,96,0,27,95,0,122,12,0,12,134
01/20/2021,GMU,SC,ASO,ES,Federal Contract Tower,0,12,15,0,27,0,26,123,0,149,0,38,138,0,176,62,0,62,238
01/21/2021,GMU,SC,ASO,ES,Federal Contract Tower,0,29,16,0,45,0,8,50,0,58,0,37,66,0,103,18,0,18,121
01/22/2021,GMU,SC,ASO,ES,Federal Contract Tower,0,11,19,0,30,0,21,135,8,164,0,32,154,8,194,100,0,100,294
01/23/2021,GMU,SC,ASO,ES,Federal Contract Tower,0,18,35,0,53,0,20,183,2,205,0,38,218,2,258,62,0,62,320
01/24/2021,GMU,SC,ASO,ES,Federal Contract Tower,0,14,12,0,26,0,6,92,2,100,0,20,104,2,126,38,0,38,164
01/25/2021,GMU,SC,ASO,ES,Federal Contract Tower,0,8,4,0,12,0,0,0,0,0,0,8,4,0,12,0,0,0,12
01/26/2021,GMU,SC,ASO,ES,Federal Contract Tower,0,8,13,0,21,0,10,35,0,45,0,18,48,0,66,102,0,102,168
01/27/2021,GMU,SC,ASO,ES,Federal Contract Tower,0,13,12,0,25,0,9,45,0,54,0,22,57,0,79,64,0,64,143
01/28/2021,GMU,SC,ASO,ES,Federal Contract Tower,0,16,14,0,30,0,12,72,4,88,0,28,86,4,118,2,2,4,122
01/29/2021,GMU,SC,ASO,ES,Federal Contract Tower,0,17,23,0,40,0,19,149,0,168,0,36,172,0,208,84,0,84,292
01/30/2021,GMU,SC,ASO,ES,Federal Contract Tower,0,13,25,0,38,0,4,120,0,124,0,17,145,0,162,50,0,50,212
01/31/2021,GMU,SC,ASO,ES,Federal Contract Tower,0,8,6,0,14,0,0,0,0,0,0,8,6,0,14,0,0,0,14
02/01/2021,GMU,SC,ASO,ES,Federal Contract Tower,0,15,7,0,22,0,16,49,8,73,0,31,56,8,95,50,0,50,145
02/02/2021,GMU,SC,ASO,ES,Federal Contract Tower,0,13,18,0,31,0,15,65,1,81,0,28,83,1,112,24,0,24,136
02/03/2021,GMU,SC,ASO,ES,Federal Contract Tower,0,37,18,0,55,0,10,106,4,120,0,47,124,4,175,94,2,96,271
02/04/2021,GMU,SC,ASO,ES,Federal Contract Tower,0,17,18,0,35,0,13,109,0,122,0,30,127,0,157,46,0,46,203
02/05/2021,GMU,SC,ASO,ES,Federal Contract Tower,0,11,16,0,27,0,7,68,0,75,0,18,84,0,102,22,0,22,124
02/06/2021,GMU,SC,ASO,ES,Federal Contract Tower,0,9,9,2,20,0,7,99,0,106,0,16,108,2,126,60,0,60,186
02/07/2021,GMU,SC,ASO,ES,Federal Contract Tower,0,9,15,0,24,0,6,37,0,43,0,15,52,0,67,12,0,12,79
02/08/2021,GMU,SC,ASO,ES,Federal Contract Tower,0,14,23,0,37,0,15,103,0,118,0,29,126,0,155,92,0,92,247
02/09/2021,GMU,SC,ASO,ES,Federal Contract Tower,0,14,16,0,30,0,14,103,0,117,0,28,119,0,147,116,2,118,265
02/10/2021,GMU,SC,ASO,ES,Federal Contract Tower,0,25,19,0,44,0,13,97,2,112,0,38,116,2,156,18,0,18,174
02/11/2021,GMU,SC,ASO,ES,Federal Contract Tower,0,27,5,0,32,0,0,0,0,0,0,27,5,0,32,0,0,0,32
02/12/2021,GMU,SC,ASO,ES,Federal Contract Tower,0,20,9,0,29,0,0,0,0,0,0,20,9,0,29,0,0,0,29
02/13/2021,GMU,SC,ASO,ES,Federal Contract Tower,0,7,0,0,7,0,0,0,0,0,0,7,0,0,7,0,0,0,7
02/14/2021,GMU,SC,ASO,ES,Federal Contract Tower,0,5,7,0,12,0,0,0,0,0,0,5,7,0,12,0,0,0,12
02/15/2021,GMU,SC,ASO,ES,Federal Contract Tower,0,14,4,0,18,0,0,0,0,0,0,14,4,0,18,0,0,0,18
02/16/2021,GMU,SC,ASO,ES,Federal Contract Tower,0,7,11,2,20,0,8,45,4,57,0,15,56,6,77,28,0,28,105
02/17/2021,GMU,SC,ASO,ES,Federal Contract Tower,0,21,34,0,55,0,21,116,0,137,0,42,150,0,192,74,0,74,266
02/18/2021,GMU,SC,ASO,ES,Federal Contract Tower,0,13,3,0,16,0,0,0,0,0,0,13,3,0,16,0,0,0,16
02/19/2021,GMU,SC,ASO,ES,Federal Contract Tower,0,20,32,0,52,0,18,110,0,128,0,38,142,0,180,200,0,200,380
02/20/2021,GMU,SC,ASO,ES,Federal Contract Tower,0,13,31,0,44,0,20,148,6,174,0,33,179,6,218,60,0,60,278
02/21/2021,GMU,SC,ASO,ES,Federal Contract Tower,0,16,22,0,38,0,6,113,0,119,0,22,135,0,157,66,0,66,223
02/22/2021,GMU,SC,ASO,ES,Federal Contract Tower,0,13,10,0,23,0,10,21,0,31,0,23,31,0,54,6,0,6,60
02/23/2021,GMU,SC,ASO,ES,Federal Contract Tower,0,11,17,2,30,0,21,103,0,124,0,32,120,2,154,57,0,57,211
02/24/2021,GMU,SC,ASO,ES,Federal Contract Tower,0,30,12,0,42,0,38,117,3,158,0,68,129,3,200,34,0,34,234
02/25/2021,GMU,SC,ASO,ES,Federal Contract Tower,0,20,22,0,42,0,17,179,3,199,0,37,201,3,241,106,0,106,347
02/26/2021,GMU,SC,ASO,ES,Federal Contract Tower,0,21,5,0,26,0,0,2,0,2,0,21,7,0,28,0,0,0,28
02/27/2021,GMU,SC,ASO,ES,Federal Contract Tower,0,19,18,0,37,0,0,26,0,26,0,19,44,0,63,18,0,18,81
02/28/2021,GMU,SC,ASO,ES,Federal Contract Tower,0,14,25,0,39,0,3,20,0,23,0,17,45,0,62,42,0,42,104
03/01/2021,GMU,SC,ASO,ES,Federal Contract Tower,0,15,9,0,24,0,9,32,0,41,0,24,41,0,65,26,0,26,91
03/02/2021,GMU,SC,ASO,ES,Federal Contract Tower,0,21,18,0,39,0,19,92,0,111,0,40,110,0,150,60,0,60,210
03/03/2021,GMU,SC,ASO,ES,Federal Contract Tower,0,33,28,2,63,0,19,94,2,115,0,52,122,4,178,104,4,108,286
03/04/2021,GMU,SC,ASO,ES,Federal Contract Tower,0,27,18,0,45,0,25,145,0,170,0,52,163,0,215,84,0,84,299
03/05/2021,GMU,SC,ASO,ES,Federal Contract Tower,0,13,27,0,40,0,15,130,1,146,0,28,157,1,186,32,0,32,218
03/06/2021,GMU,SC,ASO,ES,Federal Contract Tower,0,15,5,0,20,0,6,134,0,140,0,21,139,0,160,66,0,66,226
03/07/2021,GMU,SC,ASO,ES,Federal Contract Tower,0,18,27,0,45,0,6,93,0,99,0,24,120,0,144,12,0,12,156
03/08/2021,GMU,SC,ASO,ES,Federal Contract Tower,0,13,18,0,31,0,34,127,1,162,0,47,145,1,193,100,0,100,293
03/09/2021,GMU,SC,ASO,ES,Federal Contract Tower,0,15,25,2,42,0,14,108,4,126,0,29,133,6,168,70,0,70,238
03/11/2021,GMU,SC,ASO,ES,Federal Contract Tower,0,17,11,0,28,0,26,121,0,147,0,43,132,0,175,44,0,44,219
03/12/2021,GMU,SC,ASO,ES,Federal Contract Tower,0,15,25,1,41,0,18,137,3,158,0,33,162,4,199,68,0,68,267
03/13/2021,GMU,SC,ASO,ES,Federal Contract Tower,0,10,18,0,28,0,17,99,0,116,0,27,117,0,144,66,0,66,210
03/14/2021,GMU,SC,ASO,ES,Federal Contract Tower,0,12,32,1,45,0,6,87,2,95,0,18,119,3,140,56,4,60,200
03/15/2021,GMU,SC,ASO,ES,Federal Contract Tower,0,13,11,0,24,0,8,79,1,88,0,21,90,1,112,90,0,90,202
03/16/2021,GMU,SC,ASO,ES,Federal Contract Tower,0,23,6,0,29,0,0,0,0,0,0,23,6,0,29,0,0,0,29
03/17/2021,GMU,SC,ASO,ES,Federal Contract Tower,0,17,11,0,28,0,0,0,0,0,0,17,11,0,28,0,0,0,28
03/18/2021,GMU,SC,ASO,ES,Federal Contract Tower,0,17,7,0,24,0,12,2,0,14,0,29,9,0,38,22,0,22,60
03/19/2021,GMU,SC,ASO,ES,Federal Contract Tower,0,26,19,0,45,0,26,58,4,88,0,52,77,4,133,48,0,48,181
03/20/2021,GMU,SC,ASO,ES,Federal Contract Tower,0,13,16,0,29,0,8,80,0,88,0,21,96,0,117,44,4,48,165
03/21/2021,GMU,SC,ASO,ES,Federal Contract Tower,0,14,19,0,33,0,7,32,2,41,0,21,51,2,74,42,0,42,116
03/22/2021,GMU,SC,ASO,ES,Federal Contract Tower,0,19,27,0,46,0,4,111,0,115,0,23,138,0,161,46,0,46,207
03/23/2021,GMU,SC,ASO,ES,Federal Contract Tower,0,20,20,0,40,0,16,96,0,112,0,36,116,0,152,66,0,66,218
03/24/2021,GMU,SC,ASO,ES,Federal Contract Tower,0,21,24,2,47,0,12,29,0,41,0,33,53,2,88,94,0,94,182
03/25/2021,GMU,SC,ASO,ES,Federal Contract Tower,0,24,8,0,32,0,0,0,0,0,0,24,8,0,32,0,0,0,32
03/26/2021,GMU,SC,ASO,ES,Federal Contract Tower,0,22,22,0,44,0,16,111,0,127,0,38,133,0,171,54,0,54,225
03/27/2021,GMU,SC,ASO,ES,Federal Contract Tower,0,13,24,0,37,0,12,71,1,84,0,25,95,1,121,110,0,110,231
03/28/2021,GMU,SC,ASO,ES,Federal Contract Tower,0,11,4,0,15,0,0,7,0,7,0,11,11,0,22,32,0,32,54
03/29/2021,GMU,SC,ASO,ES,Federal Contract Tower,0,16,13,0,29,0,13,130,3,146,0,29,143,3,175,82,0,82,257
03/30/2021,GMU,SC,ASO,ES,Federal Contract Tower,0,22,19,1,42,0,27,127,1,155,0,49,146,2,197,58,4,62,259
04/01/2021,GMU,SC,ASO,ES,Federal Contract Tower,0,27,19,0,46,0,24,79,0,103,0,51,98,0,149,28,2,30,179
04/02/2021,GMU,SC,ASO,ES,Federal Contract Tower,0,10,37,1,48,0,17,136,2,155,0,27,173,3,203,82,0,82,285
04/03/2021,GMU,SC,ASO,ES,Federal Contract Tower,0,8,23,0,31,0,10,136,0,146,0,18,159,0,177,68,0,68,245
04/04/2021,GMU,SC,ASO,ES,Federal Contract Tower,0,12,10,0,22,0,10,66,0,76,0,22,76,0,98,48,0,48,146
04/05/2021,GMU,SC,ASO,ES,Federal Contract Tower,0,19,11,0,30,0,32,122,0,154,0,51,133,0,184,94,0,94,278
04/06/2021,GMU,SC,ASO,ES,Federal Contract Tower,0,12,18,0,30,0,30,163,0,193,0,42,181,0,223,66,0,66,289
04/07/2021,GMU,SC,ASO,ES,Federal Contract Tower,0,16,18,0,34,0,39,144,2,185,0,55,162,2,219,112,2,114,333
04/08/2021,GMU,SC,ASO,ES,Federal Contract Tower,0,19,24,0,43,0,49,94,0,143,0,68,118,0,186,68,0,68,254
04/09/2021,GMU,SC,ASO,ES,Federal Contract Tower,0,30,19,0,49,0,21,72,0,93,0,51,91,0,142,64,0,64,206
04/10/2021,GMU,SC,ASO,ES,Federal Contract Tower,0,13,10,0,23,0,0,9,0,9,0,13,19,0,32,8,0,8,40
04/11/2021,GMU,SC,ASO,ES,Federal Contract Tower,0,12,21,0,33,0,6,51,0,57,0,18,72,0,90,8,0,8,98
04/12/2021,GMU,SC,ASO,ES,Federal Contract Tower,0,21,10,1,32,0,23,94,0,117,0,44,104,1,149,52,0,52,201
04/13/2021,GMU,SC,ASO,ES,Federal Contract Tower,0,27,23,0,50,0,17,121,0,138,0,44,144,0,188,24,0,24,212
04/15/2021,GMU,SC,ASO,ES,Federal Contract Tower,0,27,25,0,52,0,24,88,0,112,0,51,113,0,164,70,0,70,234
04/16/2021,GMU,SC,ASO,ES,Federal Contract Tower,0,21,20,0,41,0,27,138,2,167,0,48,158,2,208,104,6,110,318
04/17/2021,GMU,SC,ASO,ES,Federal Contract Tower,0,8,15,0,23,0,13,101,1,115,0,21,116,1,138,82,0,82,220
04/18/2021,GMU,SC,ASO,ES,Federal Contract Tower,0,17,30,0,47,0,14,89,2,105,0,31,119,2,152,64,0,64,216
04/19/2021,GMU,SC,ASO,ES,Federal Contract Tower,0,13,19,0,32,0,23,121,0,144,0,36,140,0,176,46,0,46,222
04/20/2021,GMU,SC,ASO,ES,Federal Contract Tower,0,12,16,2,30,0,31,111,2,144,0,43,127,4,174,66,0,66,240
04/21/2021,GMU,SC,ASO,ES,Federal Contract Tower,0,20,8,0,28,0,25,41,1,67,0,45,49,1,95,46,0,46,141
04/22/2021,GMU,SC,ASO,ES,Federal Contract Tower,0,19,23,1,43,0,29,102,0,131,0,48,125,1,174,76,0,76,250
04/23/2021,GMU,SC,ASO,ES,Federal Contract Tower,0,14,22,2,38,0,14,132,5,151,0,28,154,7,189,104,0,104,293
04/24/2021,GMU,SC,ASO,ES,Federal Contract Tower,0,9,2,0,11,0,0,0,0,0,0,9,2,0,11,28,0,28,39
04/25/2021,GMU,SC,ASO,ES,Federal Contract Tower,0,12,17,0,29,0,8,83,2,93,0,20,100,2,122,32,0,32,154
04/26/2021,GMU,SC,ASO,ES,Federal Contract Tower,0,18,22,0,40,0,11,152,6,169,0,29,174,6,209,182,0,182,391
04/27/2021,GMU,SC,ASO,ES,Federal Contract Tower,0,15,20,1,36,0,11,115,9,135,0,26,135,10,171,84,0,84,255
04/28/2021,GMU,SC,ASO,ES,Federal Contract Tower,0,34,23,2,59,0,30,97,0,127,0,64,120,2,186,70,0,70,256
04/29/2021,GMU,SC,ASO,ES,Federal Contract Tower,0,26,18,0,44,0,19,69,0,88,0,45,87,0,132,48,0,48,180
04/30/2021,GMU,SC,ASO,ES,Federal Contract Tower,0,22,21,0,43,0,12,104,0,116,0,34,125,0,159,68,0,68,227
05/01/2021,GMU,SC,ASO,ES,Federal Contract Tower,0,17,21,2,40,0,18,173,1,192,0,35,194,3,232,150,0,150,382
05/02/2021,GMU,SC,ASO,ES,Federal Contract Tower,0,12,24,1,37,0,4,63,1,68,0,16,87,2,105,48,0,48,153
05/03/2021,GMU,SC,ASO,ES,Federal Contract Tower,0,15,10,0,25,0,3,1,0,4,0,18,11,0,29,2,0,2,31
05/04/2021,GMU,SC,ASO,ES,Federal Contract Tower,0,22,6,0,28,0,0,0,0,0,0,22,6,0,28,0,0,0,28
05/05/2021,GMU,SC,ASO,ES,Federal Contract Tower,0,31,16,0,47,0,39,100,0,139,0,70,116,0,186,98,0,98,284
05/06/2021,GMU,SC,ASO,ES,Federal Contract Tower,0,18,25,0,43,0,14,144,2,160,0,32,169,2,203,146,0,146,349
05/07/2021,GMU,SC,ASO,ES,Federal Contract Tower,0,20,23,0,43,0,30,119,0,149,0,50,142,0,192,84,0,84,276
05/08/2021,GMU,SC,ASO,ES,Federal Contract Tower,0,19,13,1,33,0,17,98,1,116,0,36,111,2,149,92,0,92,241
05/09/2021,GMU,SC,ASO,ES,Federal Contract Tower,0,35,9,0,44,0,12,54,0,66,0,47,63,0,110,72,0,72,182
05/10/2021,GMU,SC,ASO,ES,Federal Contract Tower,0,12,11,0,23,0,20,38,6,64,0,32,49,6,87,30,0,30,117
05/11/2021,GMU,SC,ASO,ES,Federal Contract Tower,0,27,29,0,56,0,31,103,0,134,0,58,132,0,190,66,0,66,256
05/12/2021,GMU,SC,ASO,ES,Federal Contract Tower,0,40,14,0,54,0,1,4,0,5,0,41,18,0,59,40,0,40,99
05/13/2021,GMU,SC,ASO,ES,Federal Contract Tower,0,29,24,0,53,0,27,120,2,149,0,56,144,2,202,88,2,90,292
05/14/2021,GMU,SC,ASO,ES,Federal Contract Tower,0,21,20,1,42,0,21,171,5,197,0,42,191,6,239,93,0,93,332
05/15/2021,GMU,SC,ASO,ES,Federal Contract Tower,0,19,22,0,41,0,18,167,0,185,0,37,189,0,226,10,0,10,236
05/16/2021,GMU,SC,ASO,ES,Federal Contract Tower,0,27,33,0,60,0,3,70,0,73,0,30,103,0,133,8,0,8,141
05/17/2021,GMU,SC,ASO,ES,Federal Contract Tower,0,14,20,1,35,0,18,125,1,144,0,32,145,2,179,112,0,112,291
05/18/2021,GMU,SC,ASO,ES,Federal Contract Tower,0,29,22,0,51,0,9,117,8,134,0,38,139,8,185,118,0,118,303
05/19/2021,GMU,SC,ASO,ES,Federal Contract Tower,0,25,23,0,48,0,20,126,4,150,0,45,149,4,198,108,0,108,306
05/20/2021,GMU,SC,ASO,ES,Federal Contract Tower,0,21,20,0,41,0,20,154,2,176,0,41,174,2,217,76,2,78,295
05/21/2021,GMU,SC,ASO,ES,Federal Contract Tower,0,11,37,0,48,0,23,136,0,159,0,34,173,0,207,140,0,140,347
05/22/2021,GMU,SC,ASO,ES,Federal Contract Tower,0,13,19,0,32,0,13,135,0,148,0,26,154,0,180,58,0,58,238
05/23/2021,GMU,SC,ASO,ES,Federal Contract Tower,0,21,26,1,48,0,17,116,2,135,0,38,142,3,183,38,0,38,221
05/24/2021,GMU,SC,ASO,ES,Federal Contract Tower,0,18,15,0,33,0,29,126,2,157,0,47,141,2,190,90,0,90,280
05/25/2021,GMU,SC,ASO,ES,Federal Contract Tower,0,14,16,0,30,0,32,139,0,171,0,46,155,0,201,80,0,80,281
05/26/2021,GMU,SC,ASO,ES,Federal Contract Tower,0,21,19,0,40,0,35,104,2,141,0,56,123,2,181,48,0,48,229
05/27/2021,GMU,SC,ASO,ES,Federal Contract Tower,0,32,31,0,63,0,29,125,7,161,0,61,156,7,224,38,2,40,264
05/28/2021,GMU,SC,ASO,ES,Federal Contract Tower,0,17,29,0,46,0,16,80,0,96,0,33,109,0,142,38,0,38,180
05/29/2021,GMU,SC,ASO,ES,Federal Contract Tower,0,6,14,2,22,0,15,50,0,65,0,21,64,2,87,18,0,18,105
05/30/2021,GMU,SC,ASO,ES,Federal Contract Tower,0,4,22,0,26,0,10,46,0,56,0,14,68,0,82,68,0,68,150
05/31/2021,GMU,SC,ASO,ES,Federal Contract Tower,0,16,26,2,44,0,8,92,0,100,0,24,118,2,144,74,0,74,218
06/01/2021,GMU,SC,ASO,ES,Federal Contract Tower,0,28,20,3,51,0,13,143,0,156,0,41,163,3,207,60,0,60,267
06/02/2021,GMU,SC,ASO,ES,Federal Contract Tower,0,35,25,0,60,0,20,91,2,113,0,55,116,2,173,110,0,110,283
06/03/2021,GMU,SC,ASO,ES,Federal Contract Tower,0,9,14,0,23,0,8,32,0,40,0,17,46,0,63,86,0,86,149
06/04/2021,GMU,SC,ASO,ES,Federal Contract Tower,0,15,46,0,61,0,15,122,12,149,0,30,168,12,210,86,0,86,296
06/05/2021,GMU,SC,ASO,ES,Federal Contract Tower,0,14,16,0,30,0,7,80,0,87,0,21,96,0,117,52,0,52,169
06/06/2021,GMU,SC,ASO,ES,Federal Contract Tower,0,29,25,0,54,0,8,22,0,30,0,37,47,0,84,58,0,58,142
06/07/2021,GMU,SC,ASO,ES,Federal Contract Tower,0,25,14,0,39,0,5,8,0,13,0,30,22,0,52,2,0,2,54
06/08/2021,GMU,SC,ASO,ES,Federal Contract Tower,0,21,27,0,48,0,5,46,0,51,0,26,73,0,99,44,0,44,143
06/09/2021,GMU,SC,ASO,ES,Federal Contract Tower,0,31,17,0,48,0,18,60,2,80,0,49,77,2,128,78,0,78,206
06/10/2021,GMU,SC,ASO,ES,Federal Contract Tower,0,35,35,0,70,0,21,63,2,86,0,56,98,2,156,100,0,100,256
06/11/2021,GMU,SC,ASO,ES,Federal Contract Tower,0,14,27,0,41,0,26,62,2,90,0,40,89,2,131,42,0,42,173
06/12/2021,GMU,SC,ASO,ES,Federal Contract Tower,0,22,17,0,39,0,9,113,0,122,0,31,130,0,161,128,0,128,289
06/13/2021,GMU,SC,ASO,ES,Federal Contract Tower,0,25,47,0,72,0,13,71,0,84,0,38,118,0,156,124,0,124,280
06/14/2021,GMU,SC,ASO,ES,Federal Contract Tower,0,20,17,2,39,0,11,76,4,91,0,31,93,6,130,54,0,54,184
06/15/2021,GMU,SC,ASO,ES,Federal Contract Tower,0,20,23,0,43,0,18,124,10,152,0,38,147,10,195,62,2,64,259
06/16/2021,GMU,SC,ASO,ES,Federal Contract Tower,0,22,29,0,51,0,36,153,1,190,0,58,182,1,241,134,0,134,375
06/17/2021,GMU,SC,ASO,ES,Federal Contract Tower,0,30,18,0,48,0,20,133,6,159,0,50,151,6,207,152,0,152,359
06/18/2021,GMU,SC,ASO,ES,Federal Contract Tower,0,25,22,0,47,0,36,151,1,188,0,61,173,1,235,60,0,60,295
06/19/2021,GMU,SC,ASO,ES,Federal Contract Tower,0,12,20,0,32,0,15,72,2,89,0,27,92,2,121,46,0,46,167
06/20/2021,GMU,SC,ASO,ES,Federal Contract Tower,0,13,8,0,21,0,2,1,0,3,0,15,9,0,24,0,0,0,24
06/21/2021,GMU,SC,ASO,ES,Federal Contract Tower,0,34,6,2,42,0,33,95,3,131,0,67,101,5,173,120,0,120,293
06/22/2021,GMU,SC,ASO,ES,Federal Contract Tower,0,21,12,0,33,0,29,38,0,67,0,50,50,0,100,62,2,64,164
06/23/2021,GMU,SC,ASO,ES,Federal Contract Tower,0,30,16,0,46,0,24,157,3,184,0,54,173,3,230,50,0,50,280
06/24/2021,GMU,SC,ASO,ES,Federal Contract Tower,0,23,31,0,54,0,18,91,0,109,0,41,122,0,163,74,0,74,237
06/25/2021,GMU,SC,ASO,ES,Federal Contract Tower,0,28,20,3,51,0,18,156,4,178,0,46,176,7,229,154,8,162,391
06/26/2021,GMU,SC,ASO,ES,Federal Contract Tower,0,14,21,0,35,0,16,51,0,67,0,30,72,0,102,16,0,16,118
06/27/2021,GMU,SC,ASO,ES,Federal Contract Tower,0,13,30,0,43,0,6,37,0,43,0,19,67,0,86,66,0,66,152
06/28/2021,GMU,SC,ASO,ES,Federal Contract Tower,0,25,18,0,43,0,19,114,4,137,0,44,132,4,180,60,0,60,240
06/29/2021,GMU,SC,ASO,ES,Federal Contract Tower,0,32,13,1,46,0,7,36,3,46,0,39,49,4,92,64,0,64,156
06/30/2021,GMU,SC,ASO,ES,Federal Contract Tower,0,27,8,0,35,0,20,130,2,152,0,47,138,2,187,140,0,140,327
07/01/2021,GMU,SC,ASO,ES,Federal Contract Tower,0,20,18,0,38,0,21,115,0,136,0,41,133,0,174,54,0,54,228
07/02/2021,GMU,SC,ASO,ES,Federal Contract Tower,0,13,17,0,30,0,14,62,0,76,0,27,79,0,106,54,0,54,160
07/03/2021,GMU,SC,ASO,ES,Federal Contract Tower,0,10,17,0,27,0,28,121,0,149,0,38,138,0,176,52,0,52,228
07/04/2021,GMU,SC,ASO,ES,Federal Contract Tower,0,2,6,0,8,0,21,67,0,88,0,23,73,0,96,60,0,60,156
07/05/2021,GMU,SC,ASO,ES,Federal Contract Tower,0,19,23,0,42,0,17,149,2,168,0,36,172,2,210,156,0,156,366
07/06/2021,GMU,SC,ASO,ES,Federal Contract Tower,0,19,21,2,42,0,32,124,5,161,0,51,145,7,203,84,0,84,287
07/07/2021,GMU,SC,ASO,ES,Federal Contract Tower,0,14,15,0,29,0,34,94,0,128,0,48,109,0,157,78,0,78,235
07/08/2021,GMU,SC,ASO,ES,Federal Contract Tower,0,12,9,0,21,0,11,49,0,60,0,23,58,0,81,64,0,64,145
07/09/2021,GMU,SC,ASO,ES,Federal Contract Tower,0,17,19,2,38,0,12,121,0,133,0,29,140,2,171,58,0,58,229
07/10/2021,GMU,SC,ASO,ES,Federal Contract Tower,0,11,23,0,34,0,4,165,2,171,0,15,188,2,205,54,0,54,259
07/11/2021,GMU,SC,ASO,ES,Federal Contract Tower,0,20,28,0,48,0,2,30,0,32,0,22,58,0,80,10,0,10,90
07/12/2021,GMU,SC,ASO,ES,Federal Contract Tower,0,17,21,0,38,0,17,74,2,93,0,34,95,2,131,76,0,76,207
07/13/2021,GMU,SC,ASO,ES,Federal Contract Tower,0,15,17,0,32,0,9,52,0,61,0,24,69,0,93,48,0,48,141
07/14/2021,GMU,SC,ASO,ES,Federal Contract Tower,0,21,18,0,39,0,8,151,0,159,0,29,169,0,198,80,0,80,278
07/15/2021,GMU,SC,ASO,ES,Federal Contract Tower,0,16,16,0,32,0,22,161,0,183,0,38,177,0,215,68,0,68,283
07/16/2021,GMU,SC,ASO,ES,Federal Contract Tower,0,20,22,2,44,0,20,146,2,168,0,40,168,4,212,118,0,118,330
07/17/2021,GMU,SC,ASO,ES,Federal Contract Tower,0,10,16,2,28,0,21,128,10,159,0,31,144,12,187,34,0,34,221
07/18/2021,GMU,SC,ASO,ES,Federal Contract Tower,0,10,23,1,34,0,7,66,4,77,0,17,89,5,111,112,0,112,223
07/19/2021,GMU,SC,ASO,ES,Federal Contract Tower,0,19,12,0,31,0,9,38,0,47,0,28,50,0,78,100,0,100,178
07/20/2021,GMU,SC,ASO,ES,Federal Contract Tower,0,28,13,0,41,0,7,33,0,40,0,35,46,0,81,96,0,96,177
07/21/2021,GMU,SC,ASO,ES,Federal Contract Tower,0,25,19,1,45,0,16,160,4,180,0,41,179,5,225,70,2,72,297
07/22/2021,GMU,SC,ASO,ES,Federal Contract Tower,0,24,22,1,47,0,18,122,6,146,0,42,144,7,193,122,0,122,315
07/23/2021,GMU,SC,ASO,ES,Federal Contract Tower,0,21,21,1,43,0,23,120,3,146,0,44,141,4,189,208,0,208,397
07/24/2021,GMU,SC,ASO,ES,Federal Contract Tower,0,13,30,0,43,0,2,19,0,21,0,15,49,0,64,10,0,10,74
07/25/2021,GMU,SC,ASO,ES,Federal Contract Tower,0,16,29,0,45,0,9,48,0,57,0,25,77,0,102,110,0,110,212
07/26/2021,GMU,SC,ASO,ES,Federal Contract Tower,0,17,21,0,38,0,36,79,0,115,0,53,100,0,153,52,0,52,205
07/27/2021,GMU,SC,ASO,ES,Federal Contract Tower,0,11,16,0,27,0,12,109,2,123,0,23,125,2,150,58,0,58,208
07/28/2021,GMU,SC,ASO,ES,Federal Contract Tower,0,27,18,0,45,0,27,132,0,159,0,54,150,0,204,58,2,60,264
07/29/2021,GMU,SC,ASO,ES,Federal Contract Tower,0,24,17,0,41,0,23,161,0,184,0,47,178,0,225,56,0,56,281
07/30/2021,GMU,SC,ASO,ES,Federal Contract Tower,0,21,22,0,43,0,17,117,2,136,0,38,139,2,179,32,0,32,211
07/31/2021,GMU,SC,ASO,ES,Federal Contract Tower,0,14,16,0,30,0,17,113,0,130,0,31,129,0,160,74,0,74,234
08/01/2021,GMU,SC,ASO,ES,Federal Contract Tower,0,15,16,0,31,0,24,60,4,88,0,39,76,4,119,16,0,16,135
08/02/2021,GMU,SC,ASO,ES,Federal Contract Tower,0,23,18,1,42,0,16,91,4,111,0,39,109,5,153,48,0,48,201
08/03/2021,GMU,SC,ASO,ES,Federal Contract Tower,0,15,20,0,35,0,7,10,0,17,0,22,30,0,52,30,0,30,82
08/04/2021,GMU,SC,ASO,ES,Federal Contract Tower,0,31,24,2,57,0,26,98,0,124,0,57,122,2,181,106,0,106,287
08/05/2021,GMU,SC,ASO,ES,Federal Contract Tower,0,24,24,1,49,0,28,117,3,148,0,52,141,4,197,82,0,82,279
08/06/2021,GMU,SC,ASO,ES,Federal Contract Tower,0,15,22,0,37,0,19,109,0,128,0,34,131,0,165,32,0,32,197
08/07/2021,GMU,SC,ASO,ES,Federal Contract Tower,0,14,17,0,31,0,10,47,1,58,0,24,64,1,89,44,0,44,133
08/08/2021,GMU,SC,ASO,ES,Federal Contract Tower,0,10,21,2,33,0,9,125,4,138,0,19,146,6,171,44,0,44,215
08/09/2021,GMU,SC,ASO,ES,Federal Contract Tower,0,16,12,0,28,0,10,125,2,137,0,26,137,2,165,94,0,94,259
08/10/2021,GMU,SC,ASO,ES,Federal Contract Tower,0,20,18,1,39,0,17,93,2,112,0,37,111,3,151,62,0,62,213
08/11/2021,GMU,SC,ASO,ES,Federal Contract Tower,0,25,11,0,36,0,14,89,2,105,0,39,100,2,141,36,0,36,177
08/12/2021,GMU,SC,ASO,ES,Federal Contract Tower,0,21,26,3,50,0,18,79,3,100,0,39,105,6,150,42,0,42,192
08/13/2021,GMU,SC,ASO,ES,Federal Contract Tower,0,9,30,0,39,0,17,129,0,146,0,26,159,0,185,102,0,102,287
08/14/2021,GMU,SC,ASO,ES,Federal Contract Tower,0,10,13,1,24,0,14,88,0,102,0,24,101,1,126,0,0,0,126
08/15/2021,GMU,SC,ASO,ES,Federal Contract Tower,0,12,20,0,32,0,12,30,0,42,0,24,50,0,74,104,0,104,178
08/16/2021,GMU,SC,ASO,ES,Federal Contract Tower,0,15,9,0,24,0,7,30,0,37,0,22,39,0,61,38,0,38,99
08/17/2021,GMU,SC,ASO,ES,Federal Contract Tower,0,11,6,0,17,0,3,0,0,3,0,14,6,0,20,0,0,0,20
08/18/2021,GMU,SC,ASO,ES,Federal Contract Tower,0,25,22,2,49,0,20,122,3,145,0,45,144,5,194,32,0,32,226
08/19/2021,GMU,SC,ASO,ES,Federal Contract Tower,0,28,19,0,47,0,23,113,5,141,0,51,132,5,188,98,0,98,286
08/20/2021,GMU,SC,ASO,ES,Federal Contract Tower,0,11,16,0,27,0,21,113,0,134,0,32,129,0,161,122,0,122,283
08/21/2021,GMU,SC,ASO,ES,Federal Contract Tower,0,5,33,0,38,0,10,115,0,125,0,15,148,0,163,24,0,24,187
08/22/2021,GMU,SC,ASO,ES,Federal Contract Tower,0,17,26,0,43,0,9,52,2,63,0,26,78,2,106,46,0,46,152
08/23/2021,GMU,SC,ASO,ES,Federal Contract Tower,0,21,17,0,38,0,21,108,0,129,0,42,125,0,167,66,0,66,233
08/24/2021,GMU,SC,ASO,ES,Federal Contract Tower,0,21,20,0,41,0,20,94,6,120,0,41,114,6,161,44,0,44,205
08/25/2021,GMU,SC,ASO,ES,Federal Contract Tower,0,22,16,0,38,0,23,78,0,101,0,45,94,0,139,14,0,14,153
08/26/2021,GMU,SC,ASO,ES,Federal Contract Tower,0,38,25,0,63,0,7,84,5,96,0,45,109,5,159,90,0,90,249
08/27/2021,GMU,SC,ASO,ES,Federal Contract Tower,0,20,22,1,43,0,25,124,6,155,0,45,146,7,198,90,0,90,288
08/28/2021,GMU,SC,ASO,ES,Federal Contract Tower,0,6,19,0,25,0,24,100,0,124,0,30,119,0,149,36,0,36,185
08/29/2021,GMU,SC,ASO,ES,Federal Contract Tower,0,19,25,0,44,0,19,71,7,97,0,38,96,7,141,64,0,64,205
08/30/2021,GMU,SC,ASO,ES,Federal Contract Tower,0,25,15,1,41,0,14,90,3,107,0,39,105,4,148,96,0,96,244
08/31/2021,GMU,SC,ASO,ES,Federal Contract Tower,0,21,9,2,32,0,13,28,2,43,0,34,37,4,75,104,0,104,179
09/01/2021,GMU,SC,ASO,ES,Federal Contract Tower,0,21,13,0,34,0,15,22,0,37,0,36,35,0,71,16,0,16,87
09/02/2021,GMU,SC,ASO,ES,Federal Contract Tower,0,28,32,0,60,0,31,149,0,180,0,59,181,0,240,40,0,40,280
09/03/2021,GMU,SC,ASO,ES,Federal Contract Tower,0,20,33,0,53,0,52,144,8,204,0,72,177,8,257,42,0,42,299
09/04/2021,GMU,SC,ASO,ES,Federal Contract Tower,0,3,31,0,34,0,11,97,0,108,0,14,128,0,142,24,0,24,166
09/05/2021,GMU,SC,ASO,ES,Federal Contract Tower,0,8,26,0,34,0,9,59,0,68,0,17,85,0,102,42,0,42,144
09/06/2021,GMU,SC,ASO,ES,Federal Contract Tower,0,18,38,0,56,0,8,74,0,82,0,26,112,0,138,62,0,62,200
09/09/2021,GMU,SC,ASO,ES,Federal Contract Tower,0,22,20,0,42,0,24,77,0,101,0,46,97,0,143,36,0,36,179
09/10/2021,GMU,SC,ASO,ES,Federal Contract Tower,0,27,30,1,58,0,21,127,1,149,0,48,157,2,207,20,2,22,229
09/11/2021,GMU,SC,ASO,ES,Federal Contract Tower,0,10,12,0,22,0,18,107,0,125,0,28,119,0,147,32,0,32,179
09/12/2021,GMU,SC,ASO,ES,Federal Contract Tower,0,17,18,0,35,0,14,107,0,121,0,31,125,0,156,50,0,50,206
09/13/2021,GMU,SC,ASO,ES,Federal Contract Tower,0,28,12,1,41,0,20,92,3,115,0,48,104,4,156,64,0,64,220
09/14/2021,GMU,SC,ASO,ES,Federal Contract Tower,0,24,26,0,50,0,24,111,6,141,0,48,137,6,191,82,0,82,273
09/15/2021,GMU,SC,ASO,ES,Federal Contract Tower,0,36,17,0,53,0,32,96,2,130,0,68,113,2,183,38,0,38,221
09/16/2021,GMU,SC,ASO,ES,Federal Contract Tower,0,41,28,0,69,0,7,2,0,9,0,48,30,0,78,2,0,2,80
09/17/2021,GMU,SC,ASO,ES,Federal Contract Tower,0,21,38,0,59,0,26,60,0,86,0,47,98,0,145,168,0,168,313
09/18/2021,GMU,SC,ASO,ES,Federal Contract Tower,0,11,42,0,53,0,21,102,0,123,0,32,144,0,176,84,0,84,260
09/19/2021,GMU,SC,ASO,ES,Federal Contract Tower,0,14,31,0,45,0,6,65,0,71,0,20,96,0,116,50,0,50,166
09/20/2021,GMU,SC,ASO,ES,Federal Contract Tower,0,24,13,0,37,0,10,0,0,10,0,34,13,0,47,0,0,0,47
09/21/2021,GMU,SC,ASO,ES,Federal Contract Tower,0,24,16,0,40,0,0,0,0,0,0,24,16,0,40,0,0,0,40
09/22/2021,GMU,SC,ASO,ES,Federal Contract Tower,0,21,11,0,32,0,9,16,2,27,0,30,27,2,59,2,0,2,61
09/23/2021,GMU,SC,ASO,ES,Federal Contract Tower,0,30,30,1,61,0,16,149,6,171,0,46,179,7,232,38,2,40,272
09/24/2021,GMU,SC,ASO,ES,Federal Contract Tower,0,21,28,0,49,0,22,186,0,208,0,43,214,0,257,178,0,178,435
09/25/2021,GMU,SC,ASO,ES,Federal Contract Tower,0,23,13,0,36,0,20,146,1,167,0,43,159,1,203,60,0,60,263
09/26/2021,GMU,SC,ASO,ES,Federal Contract Tower,0,26,36,0,62,0,11,98,3,112,0,37,134,3,174,38,0,38,212
09/27/2021,GMU,SC,ASO,ES,Federal Contract Tower,0,15,18,0,33,0,25,113,0,138,0,40,131,0,171,44,0,44,215
09/28/2021,GMU,SC,ASO,ES,Federal Contract Tower,0,27,12,0,39,0,13,125,0,138,0,40,137,0,177,96,0,96,273
09/29/2021,GMU,SC,ASO,ES,Federal Contract Tower,0,20,19,0,39,0,21,131,0,152,0,41,150,0,191,62,2,64,255
09/30/2021,GMU,SC,ASO,ES,Federal Contract Tower,0,31,19,0,50,0,33,114,1,148,0,64,133,1,198,102,0,102,300
10/01/2021,GMU,SC,ASO,ES,Federal Contract Tower,0,32,41,0,73,0,15,103,0,118,0,47,144,0,191,92,0,92,283
10/02/2021,GMU,SC,ASO,ES,Federal Contract Tower,0,5,33,1,39,0,20,79,1,100,0,25,112,2,139,82,0,82,221
10/03/2021,GMU,SC,ASO,ES,Federal Contract Tower,0,18,23,0,41,0,6,68,0,74,0,24,91,0,115,64,0,64,179
10/04/2021,GMU,SC,ASO,ES,Federal Contract Tower,0,13,19,0,32,0,6,4,0,10,0,19,23,0,42,2,0,2,44
10/05/2021,GMU,SC,ASO,ES,Federal Contract Tower,0,16,16,0,32,0,7,13,0,20,0,23,29,0,52,58,0,58,110
10/06/2021,GMU,SC,ASO,ES,Federal Contract Tower,0,20,9,0,29,0,4,11,0,15,0,24,20,0,44,38,0,38,82
10/07/2021,GMU,SC,ASO,ES,Federal Contract Tower,0,27,15,0,42,0,0,0,0,0,0,27,15,0,42,0,0,0,42
10/08/2021,GMU,SC,ASO,ES,Federal Contract Tower,0,11,22,0,33,0,10,22,0,32,0,21,44,0,65,68,0,68,133
10/09/2021,GMU,SC,ASO,ES,Federal Contract Tower,0,11,22,0,33,0,7,78,1,86,0,18,100,1,119,124,0,124,243
10/10/2021,GMU,SC,ASO,ES,Federal Contract Tower,0,21,32,3,56,0,14,116,3,133,0,35,148,6,189,66,0,66,255
10/11/2021,GMU,SC,ASO,ES,Federal Contract Tower,0,20,21,0,41,0,18,108,0,126,0,38,129,0,167,156,0,156,323
10/12/2021,GMU,SC,ASO,ES,Federal Contract Tower,0,24,28,0,52,0,22,161,0,183,0,46,189,0,235,176,0,176,411
10/13/2021,GMU,SC,ASO,ES,Federal Contract Tower,0,19,34,0,53,0,31,136,0,167,0,50,170,0,220,208,0,208,428
10/14/2021,GMU,SC,ASO,ES,Federal Contract Tower,0,35,28,0,63,0,22,165,1,188,0,57,193,1,251,98,0,98,349
10/15/2021,GMU,SC,ASO,ES,Federal Contract Tower,0,27,45,0,72,0,19,192,0,211,0,46,237,0,283,108,0,108,391
10/16/2021,GMU,SC,ASO,ES,Federal Contract Tower,0,12,9,0,21,0,20,90,4,114,0,32,99,4,135,42,0,42,177
10/17/2021,GMU,SC,ASO,ES,Federal Contract Tower,0,26,26,0,52,0,12,117,0,129,0,38,143,0,181,64,0,64,245
10/18/2021,GMU,SC,ASO,ES,Federal Contract Tower,0,19,15,0,34,0,36,160,0,196,0,55,175,0,230,158,0,158,388
10/19/2021,GMU,SC,ASO,ES,Federal Contract Tower,0,25,26,0,51,0,17,197,2,216,0,42,223,2,267,108,0,108,375
10/20/2021,GMU,SC,ASO,ES,Federal Contract Tower,0,33,28,0,61,0,25,143,6,174,0,58,171,6,235,92,0,92,327
10/21/2021,GMU,SC,ASO,ES,Federal Contract Tower,0,35,29,0,64,0,35,122,2,159,0,70,151,2,223,136,0,136,359
10/22/2021,GMU,SC,ASO,ES,Federal Contract Tower,0,40,41,0,81,0,28,143,0,171,0,68,184,0,252,92,0,92,344
10/23/2021,GMU,SC,ASO,ES,Federal Contract Tower,0,18,24,0,42,0,10,159,4,173,0,28,183,4,215,90,0,90,305
10/24/2021,GMU,SC,ASO,ES,Federal Contract Tower,0,24,35,0,59,0,23,95,0,118,0,47,130,0,177,36,0,36,213
10/25/2021,GMU,SC,ASO,ES,Federal Contract Tower,0,24,22,0,46,0,22,98,0,120,0,46,120,0,166,80,0,80,246
10/26/2021,GMU,SC,ASO,ES,Federal Contract Tower,0,10,27,0,37,0,12,152,4,168,0,22,179,4,205,46,2,48,253
10/27/2021,GMU,SC,ASO,ES,Federal Contract Tower,0,30,37,0,67,0,26,168,0,194,0,56,205,0,261,110,0,110,371
10/28/2021,GMU,SC,ASO,ES,Federal Contract Tower,0,29,10,0,39,0,11,16,0,27,0,40,26,0,66,16,0,16,82
10/29/2021,GMU,SC,ASO,ES,Federal Contract Tower,0,34,42,0,76,0,13,3,0,16,0,47,45,0,92,36,0,36,128
10/30/2021,GMU,SC,ASO,ES,Federal Contract Tower,0,14,15,0,29,0,5,39,0,44,0,19,54,0,73,30,0,30,103
10/31/2021,GMU,SC,ASO,ES,Federal Contract Tower,0,17,28,0,45,0,17,126,0,143,0,34,154,0,188,90,0,90,278
11/01/2021,GMU,SC,ASO,ES,Federal Contract Tower,0,23,24,0,47,0,13,183,0,196,0,36,207,0,243,88,0,88,331
11/02/2021,GMU,SC,ASO,ES,Federal Contract Tower,0,19,30,5,54,0,13,144,10,167,0,32,174,15,221,64,2,66,287
11/03/2021,GMU,SC,ASO,ES,Federal Contract Tower,0,34,28,0,62,0,18,111,16,145,0,52,139,16,207,94,0,94,301
11/04/2021,GMU,SC,ASO,ES,Federal Contract Tower,0,29,15,0,44,0,6,3,0,9,0,35,18,0,53,6,0,6,59
11/05/2021,GMU,SC,ASO,ES,Federal Contract Tower,0,27,39,0,66,0,26,173,3,202,0,53,212,3,268,134,0,134,402
11/06/2021,GMU,SC,ASO,ES,Federal Contract Tower,0,12,6,0,18,0,16,88,0,104,0,28,94,0,122,60,0,60,182
11/07/2021,GMU,SC,ASO,ES,Federal Contract Tower,0,17,27,1,45,0,13,122,2,137,0,30,149,3,182,80,0,80,262
11/08/2021,GMU,SC,ASO,ES,Federal Contract Tower,0,33,21,0,54,0,27,161,3,191,0,60,182,3,245,60,0,60,305
11/09/2021,GMU,SC,ASO,ES,Federal Contract Tower,0,19,22,2,43,0,34,168,14,216,0,53,190,16,259,50,0,50,309
11/10/2021,GMU,SC,ASO,ES,Federal Contract Tower,0,34,27,0,61,0,28,189,0,217,0,62,216,0,278,130,0,130,408
11/11/2021,GMU,SC,ASO,ES,Federal Contract Tower,0,33,26,0,59,0,2,16,0,18,0,35,42,0,77,42,0,42,119
11/12/2021,GMU,SC,ASO,ES,Federal Contract Tower,0,23,22,0,45,0,28,174,0,202,0,51,196,0,247,46,0,46,293
11/13/2021,GMU,SC,ASO,ES,Federal Contract Tower,0,10,21,0,31,0,21,210,0,231,0,31,231,0,262,58,0,58,320
11/14/2021,GMU,SC,ASO,ES,Federal Contract Tower,0,22,23,3,48,0,8,141,0,149,0,30,164,3,197,136,0,136,333
11/15/2021,GMU,SC,ASO,ES,Federal Contract Tower,0,19,23,0,42,0,32,151,0,183,0,51,174,0,225,84,0,84,309
11/16/2021,GMU,SC,ASO,ES,Federal Contract Tower,0,37,33,2,72,0,18,149,4,171,0,55,182,6,243,52,0,52,295
11/17/2021,GMU,SC,ASO,ES,Federal Contract Tower,0,23,24,0,47,0,40,160,2,202,0,63,184,2,249,106,0,106,355
11/18/2021,GMU,SC,ASO,ES,Federal Contract Tower,0,36,24,0,60,0,24,106,0,130,0,60,130,0,190,18,0,18,208
11/19/2021,GMU,SC,ASO,ES,Federal Contract Tower,0,27,24,0,51,0,41,117,1,159,0,68,141,1,210,62,0,62,272
11/20/2021,GMU,SC,ASO,ES,Federal Contract Tower,0,12,16,0,28,0,21,152,2,175,0,33,168,2,203,58,0,58,261
11/21/2021,GMU,SC,ASO,ES,Federal Contract Tower,0,28,27,0,55,0,4,42,0,46,0,32,69,0,101,144,0,144,245
11/22/2021,GMU,SC,ASO,ES,Federal Contract Tower,0,33,19,0,52,0,24,62,0,86,0,57,81,0,138,86,0,86,224
11/23/2021,GMU,SC,ASO,ES,Federal Contract Tower,0,36,29,0,65,0,19,153,0,172,0,55,182,0,237,100,2,102,339
11/24/2021,GMU,SC,ASO,ES,Federal Contract Tower,0,17,26,0,43,0,35,118,0,153,0,52,144,0,196,58,0,58,254
11/25/2021,GMU,SC,ASO,ES,Federal Contract Tower,0,3,7,0,10,0,8,21,0,29,0,11,28,0,39,6,0,6,45
11/26/2021,GMU,SC,ASO,ES,Federal Contract Tower,0,13,17,0,30,0,22,83,0,105,0,35,100,0,135,50,0,50,185
11/27/2021,GMU,SC,ASO,ES,Federal Contract Tower,0,15,29,0,44,0,18,116,0,134,0,33,145,0,178,110,0,110,288
11/28/2021,GMU,SC,ASO,ES,Federal Contract Tower,0,38,27,0,65,0,24,85,0,109,0,62,112,0,174,38,0,38,212
11/29/2021,GMU,SC,ASO,ES,Federal Contract Tower,0,19,26,0,45,0,24,125,0,149,0,43,151,0,194,10,0,10,204
11/30/2021,GMU,SC,ASO,ES,Federal Contract Tower,0,25,13,0,38,0,39,137,2,178,0,64,150,2,216,126,0,126,342
12/01/2021,GMU,SC,ASO,ES,Federal Contract Tower,0,15,23,0,38,0,26,137,0,163,0,41,160,0,201,66,0,66,267
12/02/2021,GMU,SC,ASO,ES,Federal Contract Tower,0,19,17,0,36,0,22,144,4,170,0,41,161,4,206,52,0,52,258
12/03/2021,GMU,SC,ASO,ES,Federal Contract Tower,0,18,24,0,42,0,29,191,1,221,0,47,215,1,263,144,0,144,407
12/04/2021,GMU,SC,ASO,ES,Federal Contract Tower,0,19,28,1,48,0,17,138,10,165,0,36,166,11,213,56,2,58,271
12/05/2021,GMU,SC,ASO,ES,Federal Contract Tower,0,28,44,0,72,0,15,37,7,59,0,43,81,7,131,36,8,44,175
12/06/2021,GMU,SC,ASO,ES,Federal Contract Tower,0,30,20,0,50,0,8,19,0,27,0,38,39,0,77,30,0,30,107
12/07/2021,GMU,SC,ASO,ES,Federal Contract Tower,0,33,23,0,56,0,9,126,2,137,0,42,149,2,193,156,0,156,349
12/08/2021,GMU,SC,ASO,ES,Federal Contract Tower,0,27,30,2,59,0,17,90,0,107,0,44,120,2,166,126,0,126,292
12/09/2021,GMU,SC,ASO,ES,Federal Contract Tower,0,35,21,0,56,0,21,102,0,123,0,56,123,0,179,178,0,178,357
12/10/2021,GMU,SC,ASO,ES,Federal Contract Tower,0,25,22,0,47,0,0,0,0,0,0,25,22,0,47,0,0,0,47
12/11/2021,GMU,SC,ASO,ES,Federal Contract Tower,0,7,5,0,12,0,0,0,0,0,0,7,5,0,12,0,0,0,12
12/12/2021,GMU,SC,ASO,ES,Federal Contract Tower,0,22,14,0,36,0,19,110,4,133,0,41,124,4,169,28,0,28,197
12/13/2021,GMU,SC,ASO,ES,Federal Contract Tower,0,19,17,0,36,0,26,143,6,175,0,45,160,6,211,88,0,88,299
12/14/2021,GMU,SC,ASO,ES,Federal Contract Tower,0,18,25,0,43,0,34,163,10,207,0,52,188,10,250,92,4,96,346
12/15/2021,GMU,SC,ASO,ES,Federal Contract Tower,0,41,29,0,70,0,25,139,4,168,0,66,168,4,238,140,4,144,382
12/16/2021,GMU,SC,ASO,ES,Federal Contract Tower,0,40,50,0,90,0,27,112,3,142,0,67,162,3,232,100,0,100,332
12/17/2021,GMU,SC,ASO,ES,Federal Contract Tower,0,25,41,1,67,0,15,15,0,30,0,40,56,1,97,54,0,54,151
12/18/2021,GMU,SC,ASO,ES,Federal Contract Tower,0,18,10,0,28,0,0,0,0,0,0,18,10,0,28,0,0,0,28
12/19/2021,GMU,SC,ASO,ES,Federal Contract Tower,0,20,28,0,48,0,17,31,0,48,0,37,59,0,96,54,0,54,150
12/20/2021,GMU,SC,ASO,ES,Federal Contract Tower,0,32,21,1,54,0,13,132,0,145,0,45,153,1,199,30,0,30,229
12/21/2021,GMU,SC,ASO,ES,Federal Contract Tower,0,25,9,3,37,0,8,67,3,78,0,33,76,6,115,66,6,72,187
12/22/2021,GMU,SC,ASO,ES,Federal Contract Tower,0,30,22,2,54,0,8,139,0,147,0,38,161,2,201,62,0,62,263
12/23/2021,GMU,SC,ASO,ES,Federal Contract Tower,0,8,33,0,41,0,22,169,2,193,0,30,202,2,234,28,0,28,262
12/24/2021,GMU,SC,ASO,ES,Federal Contract Tower,0,6,10,0,16,0,10,30,0,40,0,16,40,0,56,14,0,14,70
12/25/2021,GMU,SC,ASO,ES,Federal Contract Tower,0,4,6,0,10,0,4,2,0,6,0,8,8,0,16,0,0,0,16
12/26/2021,GMU,SC,ASO,ES,Federal Contract Tower,0,10,12,0,22,0,16,75,0,91,0,26,87,0,113,22,0,22,135
12/27/2021,GMU,SC,ASO,ES,Federal Contract Tower,0,15,18,0,33,0,14,19,0,33,0,29,37,0,66,4,0,4,70
12/28/2021,GMU,SC,ASO,ES,Federal Contract Tower,0,22,28,0,50,0,31,21,0,52,0,53,49,0,102,32,0,32,134
12/29/2021,GMU,SC,ASO,ES,Federal Contract Tower,0,18,30,2,50,0,0,0,0,0,0,18,30,2,50,0,0,0,50
12/30/2021,GMU,SC,ASO,ES,Federal Contract Tower,0,8,13,0,21,0,0,0,0,0,0,8,13,0,21,0,0,0,21
12/31/2021,GMU,SC,ASO,ES,Federal Contract Tower,0,16,27,0,43,0,9,58,0,67,0,25,85,0,110,96,0,96,206
01/01/2022,GMU,SC,ASO,ES,Federal Contract Tower,0,12,2,0,14,0,6,5,4,15,0,18,7,4,29,0,0,0,29
01/02/2022,GMU,SC,ASO,ES,Federal Contract Tower,0,14,12,0,26,0,0,0,0,0,0,14,12,0,26,2,0,2,28
01/03/2022,GMU,SC,ASO,ES,Federal Contract Tower,0,14,7,0,21,0,22,58,0,80,0,36,65,0,101,60,0,60,161
01/04/2022,GMU,SC,ASO,ES,Federal Contract Tower,0,17,13,0,30,0,35,119,0,154,0,52,132,0,184,52,2,54,238
01/05/2022,GMU,SC,ASO,ES,Federal Contract Tower,0,29,24,0,53,0,15,101,4,120,0,44,125,4,173,116,0,116,289
01/06/2022,GMU,SC,ASO,ES,Federal Contract Tower,0,18,14,0,32,0,15,79,0,94,0,33,93,0,126,112,4,116,242
01/07/2022,GMU,SC,ASO,ES,Federal Contract Tower,0,16,20,0,36,0,24,131,0,155,0,40,151,0,191,78,0,78,269
01/08/2022,GMU,SC,ASO,ES,Federal Contract Tower,0,8,35,0,43,0,14,161,1,176,0,22,196,1,219,12,0,12,231
01/09/2022,GMU,SC,ASO,ES,Federal Contract Tower,0,17,18,0,35,0,0,0,0,0,0,17,18,0,35,0,0,0,35
01/10/2022,GMU,SC,ASO,ES,Federal Contract Tower,0,15,24,0,39,0,16,94,6,116,0,31,118,6,155,56,0,56,211
01/11/2022,GMU,SC,ASO,ES,Federal Contract Tower,0,18,14,1,33,0,41,135,7,183,0,59,149,8,216,34,0,34,250
01/12/2022,GMU,SC,ASO,ES,Federal Contract Tower,0,22,20,2,44,0,25,117,2,144,0,47,137,4,188,52,0,52,240
01/13/2022,GMU,SC,ASO,ES,Federal Contract Tower,0,25,18,0,43,0,30,104,9,143,0,55,122,9,186,70,10,80,266
01/14/2022,GMU,SC,ASO,ES,Federal Contract Tower,0,17,18,0,35,0,11,150,1,162,0,28,168,1,197,128,0,128,325
01/15/2022,GMU,SC,ASO,ES,Federal Contract Tower,0,13,10,1,24,0,14,87,0,101,0,27,97,1,125,74,0,74,199
01/16/2022,GMU,SC,ASO,ES,Federal Contract Tower,0,0,0,0,0,0,0,0,0,0,0,0,0,0,0,0,0,0,0
01/17/2022,GMU,SC,ASO,ES,Federal Contract Tower,0,5,0,0,5,0,9,0,0,9,0,14,0,0,14,0,0,0,14
01/18/2022,GMU,SC,ASO,ES,Federal Contract Tower,0,16,8,0,24,0,23,29,1,53,0,39,37,1,77,2,2,4,81
01/19/2022,GMU,SC,ASO,ES,Federal Contract Tower,0,17,16,0,33,0,25,108,5,138,0,42,124,5,171,116,0,116,287
01/20/2022,GMU,SC,ASO,ES,Federal Contract Tower,0,25,8,0,33,0,0,2,1,3,0,25,10,1,36,18,4,22,58
01/21/2022,GMU,SC,ASO,ES,Federal Contract Tower,0,14,1,0,15,0,6,25,0,31,0,20,26,0,46,68,0,68,114
01/22/2022,GMU,SC,ASO,ES,Federal Contract Tower,0,5,26,0,31,0,17,164,0,181,0,22,190,0,212,42,0,42,254
01/23/2022,GMU,SC,ASO,ES,Federal Contract Tower,0,18,17,1,36,0,18,138,8,164,0,36,155,9,200,64,0,64,264
01/24/2022,GMU,SC,ASO,ES,Federal Contract Tower,0,15,14,0,29,0,35,119,2,156,0,50,133,2,185,90,0,90,275
01/25/2022,GMU,SC,ASO,ES,Federal Contract Tower,0,27,11,1,39,0,19,110,1,130,0,46,121,2,169,70,0,70,239
01/26/2022,GMU,SC,ASO,ES,Federal Contract Tower,0,23,21,0,44,0,26,146,0,172,0,49,167,0,216,64,0,64,280
01/27/2022,GMU,SC,ASO,ES,Federal Contract Tower,0,24,25,0,49,0,18,141,2,161,0,42,166,2,210,100,0,100,310
01/28/2022,GMU,SC,ASO,ES,Federal Contract Tower,0,12,19,2,33,0,17,117,2,136,0,29,136,4,169,104,0,104,273
01/29/2022,GMU,SC,ASO,ES,Federal Contract Tower,0,11,12,0,23,0,22,60,0,82,0,33,72,0,105,22,0,22,127
01/30/2022,GMU,SC,ASO,ES,Federal Contract Tower,0,10,20,0,30,0,9,101,0,110,0,19,121,0,140,46,0,46,186
01/31/2022,GMU,SC,ASO,ES,Federal Contract Tower,0,20,17,0,37,0,32,119,6,157,0,52,136,6,194,102,0,102,296
02/01/2022,GMU,SC,ASO,ES,Federal Contract Tower,0,25,9,0,34,0,28,117,2,147,0,53,126,2,181,90,0,90,271
02/02/2022,GMU,SC,ASO,ES,Federal Contract Tower,0,30,18,0,48,0,34,123,0,157,0,64,141,0,205,72,0,72,277
02/03/2022,GMU,SC,ASO,ES,Federal Contract Tower,0,25,10,0,35,0,0,0,0,0,0,25,10,0,35,0,0,0,35
02/04/2022,GMU,SC,ASO,ES,Federal Contract Tower,0,17,25,0,42,0,7,26,0,33,0,24,51,0,75,46,0,46,121
02/05/2022,GMU,SC,ASO,ES,Federal Contract Tower,0,17,20,1,38,0,14,182,7,203,0,31,202,8,241,66,6,72,313
02/06/2022,GMU,SC,ASO,ES,Federal Contract Tower,0,15,32,0,47,0,4,109,9,122,0,19,141,9,169,44,0,44,213
02/07/2022,GMU,SC,ASO,ES,Federal Contract Tower,0,19,16,0,35,0,8,86,0,94,0,27,102,0,129,100,0,100,229
02/08/2022,GMU,SC,ASO,ES,Federal Contract Tower,0,30,18,0,48,0,15,159,2,176,0,45,177,2,224,112,0,112,336
02/09/2022,GMU,SC,ASO,ES,Federal Contract Tower,0,29,23,0,52,0,31,149,0,180,0,60,172,0,232,74,0,74,306
02/10/2022,GMU,SC,ASO,ES,Federal Contract Tower,0,25,24,0,49,0,24,107,4,135,0,49,131,4,184,12,4,16,200
02/11/2022,GMU,SC,ASO,ES,Federal Contract Tower,0,24,24,0,48,0,13,131,0,144,0,37,155,0,192,44,0,44,236
02/12/2022,GMU,SC,ASO,ES,Federal Contract Tower,0,16,23,0,39,0,15,190,0,205,0,31,213,0,244,34,0,34,278
02/13/2022,GMU,SC,ASO,ES,Federal Contract Tower,0,24,23,1,48,0,6,53,2,61,0,30,76,3,109,88,0,88,197
02/14/2022,GMU,SC,ASO,ES,Federal Contract Tower,0,14,14,0,28,0,25,122,0,147,0,39,136,0,175,8,0,8,183
02/15/2022,GMU,SC,ASO,ES,Federal Contract Tower,0,29,26,0,55,0,14,147,2,163,0,43,173,2,218,72,0,72,290
02/16/2022,GMU,SC,ASO,ES,Federal Contract Tower,0,36,38,0,74,0,25,141,0,166,0,61,179,0,240,44,0,44,284
02/17/2022,GMU,SC,ASO,ES,Federal Contract Tower,0,32,10,0,42,0,3,1,0,4,0,35,11,0,46,4,0,4,50
02/18/2022,GMU,SC,ASO,ES,Federal Contract Tower,0,32,21,0,53,0,33,155,0,188,0,65,176,0,241,162,0,162,403
02/19/2022,GMU,SC,ASO,ES,Federal Contract Tower,0,14,18,0,32,0,16,186,5,207,0,30,204,5,239,78,0,78,317
02/20/2022,GMU,SC,ASO,ES,Federal Contract Tower,0,14,29,0,43,0,6,134,0,140,0,20,163,0,183,84,0,84,267
02/21/2022,GMU,SC,ASO,ES,Federal Contract Tower,0,28,37,0,65,0,29,119,0,148,0,57,156,0,213,194,0,194,407
02/22/2022,GMU,SC,ASO,ES,Federal Contract Tower,0,29,16,0,45,0,8,5,2,15,0,37,21,2,60,28,4,32,92
02/23/2022,GMU,SC,ASO,ES,Federal Contract Tower,0,23,11,0,34,0,6,43,3,52,0,29,54,3,86,84,0,84,170
02/24/2022,GMU,SC,ASO,ES,Federal Contract Tower,0,36,21,0,57,0,3,28,0,31,0,39,49,0,88,76,0,76,164
02/25/2022,GMU,SC,ASO,ES,Federal Contract Tower,0,20,16,0,36,0,18,72,5,95,0,38,88,5,131,56,0,56,187
02/26/2022,GMU,SC,ASO,ES,Federal Contract Tower,0,19,28,0,47,0,27,193,5,225,0,46,221,5,272,88,0,88,360
02/27/2022,GMU,SC,ASO,ES,Federal Contract Tower,0,19,16,0,35,0,0,0,0,0,0,19,16,0,35,0,0,0,35
02/28/2022,GMU,SC,ASO,ES,Federal Contract Tower,0,11,27,2,40,0,12,191,0,203,0,23,218,2,243,140,0,140,383
03/01/2022,GMU,SC,ASO,ES,Federal Contract Tower,0,22,19,2,43,0,13,219,5,237,0,35,238,7,280,168,0,168,448
03/02/2022,GMU,SC,ASO,ES,Federal Contract Tower,0,25,20,0,45,0,27,165,3,195,0,52,185,3,240,74,4,78,318
03/03/2022,GMU,SC,ASO,ES,Federal Contract Tower,0,24,31,1,56,0,17,179,4,200,0,41,210,5,256,132,0,132,388
03/04/2022,GMU,SC,ASO,ES,Federal Contract Tower,0,27,27,0,54,0,19,164,0,183,0,46,191,0,237,134,0,134,371
03/05/2022,GMU,SC,ASO,ES,Federal Contract Tower,0,18,31,0,49,0,38,121,0,159,0,56,152,0,208,86,4,90,298
03/06/2022,GMU,SC,ASO,ES,Federal Contract Tower,0,25,26,0,51,0,7,60,12,79,0,32,86,12,130,60,0,60,190
03/07/2022,GMU,SC,ASO,ES,Federal Contract Tower,0,15,10,0,25,0,21,29,0,50,0,36,39,0,75,34,0,34,109
03/08/2022,GMU,SC,ASO,ES,Federal Contract Tower,0,25,21,0,46,0,16,116,0,132,0,41,137,0,178,96,0,96,274
03/09/2022,GMU,SC,ASO,ES,Federal Contract Tower,0,25,13,0,38,0,3,13,0,16,0,28,26,0,54,40,0,40,94
03/10/2022,GMU,SC,ASO,ES,Federal Contract Tower,0,17,22,0,39,0,5,1,0,6,0,22,23,0,45,0,0,0,45
03/11/2022,GMU,SC,ASO,ES,Federal Contract Tower,0,34,31,0,65,0,24,44,0,68,0,58,75,0,133,154,0,154,287
03/12/2022,GMU,SC,ASO,ES,Federal Contract Tower,0,3,5,0,8,0,2,46,4,52,0,5,51,4,60,22,0,22,82
03/13/2022,GMU,SC,ASO,ES,Federal Contract Tower,0,21,57,0,78,0,19,166,4,189,0,40,223,4,267,72,0,72,339
03/14/2022,GMU,SC,ASO,ES,Federal Contract Tower,0,28,21,0,49,0,33,158,5,196,0,61,179,5,245,62,0,62,307
03/15/2022,GMU,SC,ASO,ES,Federal Contract Tower,0,19,28,1,48,0,36,162,1,199,0,55,190,2,247,78,0,78,325
03/16/2022,GMU,SC,ASO,ES,Federal Contract Tower,0,24,13,0,37,0,0,3,0,3,0,24,16,0,40,24,0,24,64
03/17/2022,GMU,SC,ASO,ES,Federal Contract Tower,0,31,34,2,67,0,12,143,0,155,0,43,177,2,222,98,0,98,320
03/18/2022,GMU,SC,ASO,ES,Federal Contract Tower,0,39,26,0,65,0,9,95,1,105,0,48,121,1,170,147,0,147,317
03/19/2022,GMU,SC,ASO,ES,Federal Contract Tower,0,18,14,0,32,0,8,7,0,15,0,26,21,0,47,0,0,0,47
03/20/2022,GMU,SC,ASO,ES,Federal Contract Tower,0,41,12,0,53,0,23,119,0,142,0,64,131,0,195,52,0,52,247
03/21/2022,GMU,SC,ASO,ES,Federal Contract Tower,0,17,20,0,37,0,21,146,2,169,0,38,166,2,206,90,0,90,296
03/22/2022,GMU,SC,ASO,ES,Federal Contract Tower,0,34,21,0,55,0,33,134,0,167,0,67,155,0,222,26,0,26,248
03/23/2022,GMU,SC,ASO,ES,Federal Contract Tower,0,13,6,0,19,0,7,0,0,7,0,20,6,0,26,0,0,0,26
03/24/2022,GMU,SC,ASO,ES,Federal Contract Tower,0,25,23,0,48,0,27,115,2,144,0,52,138,2,192,66,0,66,258
03/25/2022,GMU,SC,ASO,ES,Federal Contract Tower,0,17,15,0,32,0,7,122,0,129,0,24,137,0,161,84,0,84,245
03/26/2022,GMU,SC,ASO,ES,Federal Contract Tower,0,8,7,0,15,0,14,27,10,51,0,22,34,10,66,38,0,38,104
03/27/2022,GMU,SC,ASO,ES,Federal Contract Tower,0,35,23,0,58,0,12,80,8,100,0,47,103,8,158,82,0,82,240
03/28/2022,GMU,SC,ASO,ES,Federal Contract Tower,0,25,17,0,42,0,29,152,4,185,0,54,169,4,227,168,0,168,395
03/29/2022,GMU,SC,ASO,ES,Federal Contract Tower,0,25,24,0,49,0,29,180,6,215,0,54,204,6,264,100,4,104,368
03/30/2022,GMU,SC,ASO,ES,Federal Contract Tower,0,28,33,0,61,0,14,53,2,69,0,42,86,2,130,62,0,62,192
03/31/2022,GMU,SC,ASO,ES,Federal Contract Tower,0,19,2,0,21,0,20,5,2,27,0,39,7,2,48,2,0,2,50
04/01/2022,GMU,SC,ASO,ES,Federal Contract Tower,0,18,25,2,45,0,22,150,0,172,0,40,175,2,217,110,0,110,327
04/02/2022,GMU,SC,ASO,ES,Federal Contract Tower,0,19,15,0,34,0,5,144,0,149,0,24,159,0,183,54,0,54,237
04/03/2022,GMU,SC,ASO,ES,Federal Contract Tower,0,21,21,2,44,0,8,96,2,106,0,29,117,4,150,54,0,54,204
04/04/2022,GMU,SC,ASO,ES,Federal Contract Tower,0,33,22,0,55,0,22,152,0,174,0,55,174,0,229,72,0,72,301
04/05/2022,GMU,SC,ASO,ES,Federal Contract Tower,0,24,18,0,42,0,6,25,0,31,0,30,43,0,73,6,0,6,79
04/06/2022,GMU,SC,ASO,ES,Federal Contract Tower,0,27,25,0,52,0,15,61,0,76,0,42,86,0,128,118,0,118,246
04/07/2022,GMU,SC,ASO,ES,Federal Contract Tower,0,31,24,0,55,0,17,66,5,88,0,48,90,5,143,24,0,24,167
04/08/2022,GMU,SC,ASO,ES,Federal Contract Tower,0,32,14,0,46,0,14,55,0,69,0,46,69,0,115,16,0,16,131
04/09/2022,GMU,SC,ASO,ES,Federal Contract Tower,0,18,27,0,45,0,8,104,0,112,0,26,131,0,157,60,0,60,217
04/10/2022,GMU,SC,ASO,ES,Federal Contract Tower,0,27,22,0,49,0,14,137,5,156,0,41,159,5,205,72,0,72,277
04/11/2022,GMU,SC,ASO,ES,Federal Contract Tower,0,18,21,0,39,0,32,135,30,197,0,50,156,30,236,50,0,50,286
04/12/2022,GMU,SC,ASO,ES,Federal Contract Tower,0,22,10,0,32,0,13,137,0,150,0,35,147,0,182,56,0,56,238
04/13/2022,GMU,SC,ASO,ES,Federal Contract Tower,0,26,22,0,48,0,25,120,4,149,0,51,142,4,197,80,4,84,281
04/14/2022,GMU,SC,ASO,ES,Federal Contract Tower,0,31,31,0,62,0,14,53,0,67,0,45,84,0,129,86,0,86,215
04/15/2022,GMU,SC,ASO,ES,Federal Contract Tower,0,28,25,1,54,0,19,220,3,242,0,47,245,4,296,100,0,100,396
04/16/2022,GMU,SC,ASO,ES,Federal Contract Tower,0,11,12,0,23,0,7,39,0,46,0,18,51,0,69,110,0,110,179
04/17/2022,GMU,SC,ASO,ES,Federal Contract Tower,0,18,15,0,33,0,0,63,0,63,0,18,78,0,96,38,0,38,134
04/18/2022,GMU,SC,ASO,ES,Federal Contract Tower,0,20,16,0,36,0,9,66,0,75,0,29,82,0,111,56,0,56,167
04/19/2022,GMU,SC,ASO,ES,Federal Contract Tower,0,26,9,0,35,0,16,165,2,183,0,42,174,2,218,68,0,68,286
04/20/2022,GMU,SC,ASO,ES,Federal Contract Tower,0,31,34,1,66,0,11,160,5,176,0,42,194,6,242,26,0,26,268
04/21/2022,GMU,SC,ASO,ES,Federal Contract Tower,0,23,24,0,47,0,26,135,2,163,0,49,159,2,210,28,0,28,238
04/22/2022,GMU,SC,ASO,ES,Federal Contract Tower,0,19,43,1,63,0,14,211,6,231,0,33,254,7,294,40,0,40,334
04/23/2022,GMU,SC,ASO,ES,Federal Contract Tower,0,10,25,0,35,0,30,198,16,244,0,40,223,16,279,88,0,88,367
04/24/2022,GMU,SC,ASO,ES,Federal Contract Tower,0,15,34,0,49,0,11,120,1,132,0,26,154,1,181,36,0,36,217
04/25/2022,GMU,SC,ASO,ES,Federal Contract Tower,0,25,22,0,47,0,22,133,0,155,0,47,155,0,202,12,0,12,214
04/26/2022,GMU,SC,ASO,ES,Federal Contract Tower,0,15,13,0,28,0,13,73,0,86,0,28,86,0,114,4,2,6,120
04/27/2022,GMU,SC,ASO,ES,Federal Contract Tower,0,29,31,0,60,0,14,132,5,151,0,43,163,5,211,22,0,22,233
04/28/2022,GMU,SC,ASO,ES,Federal Contract Tower,0,19,24,0,43,0,18,172,16,206,0,37,196,16,249,46,0,46,295
04/29/2022,GMU,SC,ASO,ES,Federal Contract Tower,0,14,25,1,40,0,28,137,4,169,0,42,162,5,209,52,0,52,261
04/30/2022,GMU,SC,ASO,ES,Federal Contract Tower,0,9,19,0,28,0,23,146,0,169,0,32,165,0,197,82,0,82,279
05/01/2022,GMU,SC,ASO,ES,Federal Contract Tower,0,14,20,0,34,0,6,33,0,39,0,20,53,0,73,124,0,124,197
05/02/2022,GMU,SC,ASO,ES,Federal Contract Tower,0,29,27,0,56,0,22,107,17,146,0,51,134,17,202,34,0,34,236
05/03/2022,GMU,SC,ASO,ES,Federal Contract Tower,0,30,14,0,44,0,32,127,0,159,0,62,141,0,203,36,0,36,239
05/04/2022,GMU,SC,ASO,ES,Federal Contract Tower,0,33,22,0,55,0,32,107,0,139,0,65,129,0,194,58,0,58,252
05/05/2022,GMU,SC,ASO,ES,Federal Contract Tower,0,23,19,0,42,0,20,144,0,164,0,43,163,0,206,36,0,36,242
05/06/2022,GMU,SC,ASO,ES,Federal Contract Tower,0,17,21,0,38,0,10,12,0,22,0,27,33,0,60,2,0,2,62
05/07/2022,GMU,SC,ASO,ES,Federal Contract Tower,0,14,24,0,38,0,25,128,1,154,0,39,152,1,192,82,0,82,274
05/08/2022,GMU,SC,ASO,ES,Federal Contract Tower,0,25,27,2,54,0,6,51,1,58,0,31,78,3,112,18,0,18,130
05/09/2022,GMU,SC,ASO,ES,Federal Contract Tower,0,24,25,0,49,0,28,132,9,169,0,52,157,9,218,46,0,46,264
05/10/2022,GMU,SC,ASO,ES,Federal Contract Tower,0,20,19,1,40,0,22,139,11,172,0,42,158,12,212,36,0,36,248
05/11/2022,GMU,SC,ASO,ES,Federal Contract Tower,0,19,33,0,52,0,13,133,6,152,0,32,166,6,204,34,0,34,238
05/12/2022,GMU,SC,ASO,ES,Federal Contract Tower,0,24,26,0,50,0,25,74,17,116,0,49,100,17,166,42,0,42,208
05/13/2022,GMU,SC,ASO,ES,Federal Contract Tower,0,18,36,3,57,0,21,29,4,54,0,39,65,7,111,30,0,30,141
05/14/2022,GMU,SC,ASO,ES,Federal Contract Tower,0,13,37,0,50,0,14,100,2,116,0,27,137,2,166,102,0,102,268
05/15/2022,GMU,SC,ASO,ES,Federal Contract Tower,0,24,24,0,48,0,26,91,3,120,0,50,115,3,168,80,0,80,248
05/16/2022,GMU,SC,ASO,ES,Federal Contract Tower,0,14,16,0,30,0,42,132,0,174,0,56,148,0,204,26,0,26,230
05/17/2022,GMU,SC,ASO,ES,Federal Contract Tower,0,29,20,0,49,0,38,173,8,219,0,67,193,8,268,88,2,90,358
05/18/2022,GMU,SC,ASO,ES,Federal Contract Tower,0,43,23,0,66,0,21,191,0,212,0,64,214,0,278,94,0,94,372
05/19/2022,GMU,SC,ASO,ES,Federal Contract Tower,0,22,33,1,56,0,27,124,3,154,0,49,157,4,210,50,0,50,260
05/20/2022,GMU,SC,ASO,ES,Federal Contract Tower,0,16,26,0,42,0,15,138,0,153,0,31,164,0,195,32,0,32,227
05/21/2022,GMU,SC,ASO,ES,Federal Contract Tower,0,18,25,0,43,0,19,117,0,136,0,37,142,0,179,88,0,88,267
05/22/2022,GMU,SC,ASO,ES,Federal Contract Tower,0,19,27,1,47,0,2,102,0,104,0,21,129,1,151,38,0,38,189
05/23/2022,GMU,SC,ASO,ES,Federal Contract Tower,0,37,21,0,58,0,7,12,0,19,0,44,33,0,77,56,0,56,133
05/24/2022,GMU,SC,ASO,ES,Federal Contract Tower,0,26,33,0,59,0,10,91,0,101,0,36,124,0,160,104,0,104,264
05/25/2022,GMU,SC,ASO,ES,Federal Contract Tower,0,18,32,2,52,0,11,0,0,11,0,29,32,2,63,44,0,44,107
05/26/2022,GMU,SC,ASO,ES,Federal Contract Tower,0,21,7,0,28,0,0,0,0,0,0,21,7,0,28,0,0,0,28
05/27/2022,GMU,SC,ASO,ES,Federal Contract Tower,0,27,31,0,58,0,27,123,3,153,0,54,154,3,211,90,0,90,301
05/28/2022,GMU,SC,ASO,ES,Federal Contract Tower,0,12,20,0,32,0,27,144,0,171,0,39,164,0,203,20,0,20,223
05/29/2022,GMU,SC,ASO,ES,Federal Contract Tower,0,9,16,1,26,0,14,84,0,98,0,23,100,1,124,98,0,98,222
05/30/2022,GMU,SC,ASO,ES,Federal Contract Tower,0,9,25,0,34,0,22,147,8,177,0,31,172,8,211,132,0,132,343
05/31/2022,GMU,SC,ASO,ES,Federal Contract Tower,0,24,10,0,34,0,21,143,0,164,0,45,153,0,198,38,0,38,236
06/01/2022,GMU,SC,ASO,ES,Federal Contract Tower,0,28,27,0,55,0,24,185,2,211,0,52,212,2,266,64,0,64,330
06/02/2022,GMU,SC,ASO,ES,Federal Contract Tower,0,28,15,0,43,0,13,125,0,138,0,41,140,0,181,36,0,36,217
06/03/2022,GMU,SC,ASO,ES,Federal Contract Tower,0,9,27,0,36,0,14,71,0,85,0,23,98,0,121,24,0,24,145
06/04/2022,GMU,SC,ASO,ES,Federal Contract Tower,0,5,24,2,31,0,23,129,0,152,0,28,153,2,183,62,0,62,245
06/05/2022,GMU,SC,ASO,ES,Federal Contract Tower,0,12,18,0,30,0,14,98,0,112,0,26,116,0,142,74,0,74,216
06/06/2022,GMU,SC,ASO,ES,Federal Contract Tower,0,24,26,0,50,0,23,159,2,184,0,47,185,2,234,114,0,114,348
06/07/2022,GMU,SC,ASO,ES,Federal Contract Tower,0,23,32,1,56,0,23,68,4,95,0,46,100,5,151,138,0,138,289
06/08/2022,GMU,SC,ASO,ES,Federal Contract Tower,0,38,12,0,50,0,28,85,2,115,0,66,97,2,165,20,0,20,185
06/09/2022,GMU,SC,ASO,ES,Federal Contract Tower,0,40,27,0,67,0,30,123,4,157,0,70,150,4,224,84,0,84,308
06/10/2022,GMU,SC,ASO,ES,Federal Contract Tower,0,21,26,0,47,0,27,180,3,210,0,48,206,3,257,92,0,92,349
06/11/2022,GMU,SC,ASO,ES,Federal Contract Tower,0,20,15,0,35,0,42,127,0,169,0,62,142,0,204,50,0,50,254
06/12/2022,GMU,SC,ASO,ES,Federal Contract Tower,0,22,41,0,63,0,10,97,0,107,0,32,138,0,170,30,0,30,200
06/13/2022,GMU,SC,ASO,ES,Federal Contract Tower,0,14,24,1,39,0,22,150,3,175,0,36,174,4,214,64,0,64,278
06/14/2022,GMU,SC,ASO,ES,Federal Contract Tower,0,19,22,0,41,0,27,93,0,120,0,46,115,0,161,94,2,96,257
06/15/2022,GMU,SC,ASO,ES,Federal Contract Tower,0,16,12,0,28,0,19,127,2,148,0,35,139,2,176,106,0,106,282
06/16/2022,GMU,SC,ASO,ES,Federal Contract Tower,0,21,24,2,47,0,27,97,6,130,0,48,121,8,177,64,0,64,241
06/17/2022,GMU,SC,ASO,ES,Federal Contract Tower,0,15,20,0,35,0,27,102,0,129,0,42,122,0,164,26,0,26,190
06/18/2022,GMU,SC,ASO,ES,Federal Contract Tower,0,16,14,0,30,0,23,122,0,145,0,39,136,0,175,54,0,54,229
06/19/2022,GMU,SC,ASO,ES,Federal Contract Tower,0,17,16,0,33,0,5,106,0,111,0,22,122,0,144,0,0,0,144
06/20/2022,GMU,SC,ASO,ES,Federal Contract Tower,0,22,19,2,43,0,36,162,0,198,0,58,181,2,241,86,0,86,327
06/21/2022,GMU,SC,ASO,ES,Federal Contract Tower,0,28,11,0,39,0,27,144,4,175,0,55,155,4,214,58,0,58,272
06/22/2022,GMU,SC,ASO,ES,Federal Contract Tower,0,32,15,0,47,0,34,158,4,196,0,66,173,4,243,46,0,46,289
06/23/2022,GMU,SC,ASO,ES,Federal Contract Tower,0,27,20,0,47,0,35,107,0,142,0,62,127,0,189,96,2,98,287
06/24/2022,GMU,SC,ASO,ES,Federal Contract Tower,0,22,46,0,68,0,49,73,0,122,0,71,119,0,190,164,0,164,354
06/25/2022,GMU,SC,ASO,ES,Federal Contract Tower,0,11,24,0,35,0,23,108,0,131,0,34,132,0,166,80,0,80,246
06/26/2022,GMU,SC,ASO,ES,Federal Contract Tower,0,27,15,0,42,0,6,105,1,112,0,33,120,1,154,20,0,20,174
06/27/2022,GMU,SC,ASO,ES,Federal Contract Tower,0,12,8,0,20,0,18,92,0,110,0,30,100,0,130,126,0,126,256
06/28/2022,GMU,SC,ASO,ES,Federal Contract Tower,0,16,21,0,37,0,22,108,0,130,0,38,129,0,167,48,0,48,215
06/29/2022,GMU,SC,ASO,ES,Federal Contract Tower,0,35,23,0,58,0,7,64,0,71,0,42,87,0,129,182,0,182,311
06/30/2022,GMU,SC,ASO,ES,Federal Contract Tower,0,34,35,0,69,0,17,105,0,122,0,51,140,0,191,204,0,204,395
07/01/2022,GMU,SC,ASO,ES,Federal Contract Tower,0,17,38,0,55,0,22,77,0,99,0,39,115,0,154,122,0,122,276
07/02/2022,GMU,SC,ASO,ES,Federal Contract Tower,0,19,18,0,37,0,5,41,0,46,0,24,59,0,83,40,0,40,123
07/03/2022,GMU,SC,ASO,ES,Federal Contract Tower,0,8,18,0,26,0,10,82,0,92,0,18,100,0,118,48,0,48,166
07/04/2022,GMU,SC,ASO,ES,Federal Contract Tower,0,4,18,0,22,0,25,59,0,84,0,29,77,0,106,58,0,58,164
07/05/2022,GMU,SC,ASO,ES,Federal Contract Tower,0,18,30,0,48,0,10,108,0,118,0,28,138,0,166,86,0,86,252
07/08/2022,GMU,SC,ASO,ES,Federal Contract Tower,0,18,31,0,49,0,23,114,0,137,0,41,145,0,186,118,0,118,304
07/09/2022,GMU,SC,ASO,ES,Federal Contract Tower,0,15,35,0,50,0,10,94,0,104,0,25,129,0,154,58,0,58,212
07/10/2022,GMU,SC,ASO,ES,Federal Contract Tower,0,19,16,0,35,0,0,6,0,6,0,19,22,0,41,4,0,4,45
07/11/2022,GMU,SC,ASO,ES,Federal Contract Tower,0,28,30,0,58,0,32,60,0,92,0,60,90,0,150,98,0,98,248
07/12/2022,GMU,SC,ASO,ES,Federal Contract Tower,0,14,13,0,27,0,34,166,2,202,0,48,179,2,229,38,0,38,267
07/13/2022,GMU,SC,ASO,ES,Federal Contract Tower,0,26,21,0,47,0,14,107,0,121,0,40,128,0,168,54,0,54,222
07/14/2022,GMU,SC,ASO,ES,Federal Contract Tower,0,24,15,0,39,0,22,134,3,159,0,46,149,3,198,112,0,112,310
07/15/2022,GMU,SC,ASO,ES,Federal Contract Tower,0,9,26,3,38,0,29,180,0,209,0,38,206,3,247,150,0,150,397
07/16/2022,GMU,SC,ASO,ES,Federal Contract Tower,0,15,29,0,44,0,12,118,7,137,0,27,147,7,181,52,4,56,237
07/17/2022,GMU,SC,ASO,ES,Federal Contract Tower,0,7,20,0,27,0,25,92,2,119,0,32,112,2,146,58,0,58,204
07/18/2022,GMU,SC,ASO,ES,Federal Contract Tower,0,18,7,0,25,0,26,103,0,129,0,44,110,0,154,106,0,106,260
07/19/2022,GMU,SC,ASO,ES,Federal Contract Tower,0,24,25,0,49,0,23,93,0,116,0,47,118,0,165,32,0,32,197
07/20/2022,GMU,SC,ASO,ES,Federal Contract Tower,0,29,30,1,60,0,22,65,2,89,0,51,95,3,149,62,0,62,211
07/21/2022,GMU,SC,ASO,ES,Federal Contract Tower,0,24,25,0,49,0,16,41,0,57,0,40,66,0,106,30,0,30,136
07/22/2022,GMU,SC,ASO,ES,Federal Contract Tower,0,17,32,0,49,0,21,185,0,206,0,38,217,0,255,42,0,42,297
07/23/2022,GMU,SC,ASO,ES,Federal Contract Tower,0,8,25,0,33,0,27,125,0,152,0,35,150,0,185,88,0,88,273
07/24/2022,GMU,SC,ASO,ES,Federal Contract Tower,0,16,17,0,33,0,20,74,0,94,0,36,91,0,127,32,0,32,159
07/25/2022,GMU,SC,ASO,ES,Federal Contract Tower,0,21,15,0,36,0,25,94,0,119,0,46,109,0,155,86,0,86,241
07/26/2022,GMU,SC,ASO,ES,Federal Contract Tower,0,19,25,0,44,0,39,94,0,133,0,58,119,0,177,54,0,54,231
07/27/2022,GMU,SC,ASO,ES,Federal Contract Tower,0,19,19,0,38,0,27,142,0,169,0,46,161,0,207,112,0,112,319
07/28/2022,GMU,SC,ASO,ES,Federal Contract Tower,0,30,23,0,53,0,35,124,0,159,0,65,147,0,212,14,0,14,226
07/29/2022,GMU,SC,ASO,ES,Federal Contract Tower,0,19,23,0,42,0,21,99,0,120,0,40,122,0,162,36,0,36,198
07/30/2022,GMU,SC,ASO,ES,Federal Contract Tower,0,10,30,0,40,0,8,78,0,86,0,18,108,0,126,46,0,46,172
07/31/2022,GMU,SC,ASO,ES,Federal Contract Tower,0,31,26,0,57,0,14,37,2,53,0,45,63,2,110,12,0,12,122
08/01/2022,GMU,SC,ASO,ES,Federal Contract Tower,0,11,20,0,31,0,11,57,2,70,0,22,77,2,101,32,0,32,133
08/02/2022,GMU,SC,ASO,ES,Federal Contract Tower,0,14,9,1,24,0,30,138,3,171,0,44,147,4,195,54,0,54,249
08/03/2022,GMU,SC,ASO,ES,Federal Contract Tower,0,25,31,0,56,0,34,124,2,160,0,59,155,2,216,22,0,22,238
08/04/2022,GMU,SC,ASO,ES,Federal Contract Tower,0,18,21,0,39,0,36,106,0,142,0,54,127,0,181,116,0,116,297
08/05/2022,GMU,SC,ASO,ES,Federal Contract Tower,0,16,26,0,42,0,25,126,0,151,0,41,152,0,193,230,0,230,423
08/06/2022,GMU,SC,ASO,ES,Federal Contract Tower,0,8,27,0,35,0,10,65,0,75,0,18,92,0,110,152,0,152,262
08/07/2022,GMU,SC,ASO,ES,Federal Contract Tower,0,9,26,0,35,0,16,95,2,113,0,25,121,2,148,112,0,112,260
08/08/2022,GMU,SC,ASO,ES,Federal Contract Tower,0,23,21,1,45,0,25,91,4,120,0,48,112,5,165,56,0,56,221
08/09/2022,GMU,SC,ASO,ES,Federal Contract Tower,0,16,33,0,49,0,16,120,4,140,0,32,153,4,189,104,0,104,293
08/10/2022,GMU,SC,ASO,ES,Federal Contract Tower,0,11,31,3,45,0,47,89,1,137,0,58,120,4,182,62,0,62,244
08/11/2022,GMU,SC,ASO,ES,Federal Contract Tower,0,23,19,2,44,0,25,99,2,126,0,48,118,4,170,72,0,72,242
08/12/2022,GMU,SC,ASO,ES,Federal Contract Tower,0,13,33,3,49,0,33,162,0,195,0,46,195,3,244,142,0,142,386
08/13/2022,GMU,SC,ASO,ES,Federal Contract Tower,0,13,35,0,48,0,33,184,0,217,0,46,219,0,265,68,0,68,333
08/14/2022,GMU,SC,ASO,ES,Federal Contract Tower,0,14,28,0,42,0,4,119,0,123,0,18,147,0,165,54,0,54,219
08/15/2022,GMU,SC,ASO,ES,Federal Contract Tower,0,15,26,0,41,0,16,109,0,125,0,31,135,0,166,78,0,78,244
08/16/2022,GMU,SC,ASO,ES,Federal Contract Tower,0,26,28,0,54,0,17,29,0,46,0,43,57,0,100,78,0,78,178
08/17/2022,GMU,SC,ASO,ES,Federal Contract Tower,0,36,23,0,59,0,28,101,2,131,0,64,124,2,190,106,0,106,296
08/18/2022,GMU,SC,ASO,ES,Federal Contract Tower,0,21,19,0,40,0,37,139,0,176,0,58,158,0,216,36,2,38,254
08/19/2022,GMU,SC,ASO,ES,Federal Contract Tower,0,29,33,2,64,0,20,53,0,73,0,49,86,2,137,164,0,164,301
08/20/2022,GMU,SC,ASO,ES,Federal Contract Tower,0,6,16,1,23,0,11,83,0,94,0,17,99,1,117,156,0,156,273
08/21/2022,GMU,SC,ASO,ES,Federal Contract Tower,0,15,24,1,40,0,2,42,0,44,0,17,66,1,84,84,0,84,168
08/22/2022,GMU,SC,ASO,ES,Federal Contract Tower,0,18,26,0,44,0,32,102,0,134,0,50,128,0,178,74,0,74,252
08/23/2022,GMU,SC,ASO,ES,Federal Contract Tower,0,29,24,0,53,0,48,147,1,196,0,77,171,1,249,24,0,24,273
08/24/2022,GMU,SC,ASO,ES,Federal Contract Tower,0,20,16,0,36,0,20,149,6,175,0,40,165,6,211,38,0,38,249
08/25/2022,GMU,SC,ASO,ES,Federal Contract Tower,0,18,16,0,34,0,38,103,0,141,0,56,119,0,175,60,0,60,235
08/26/2022,GMU,SC,ASO,ES,Federal Contract Tower,0,23,26,0,49,0,15,127,0,142,0,38,153,0,191,54,0,54,245
08/27/2022,GMU,SC,ASO,ES,Federal Contract Tower,0,16,20,0,36,0,14,137,0,151,0,30,157,0,187,68,0,68,255
08/28/2022,GMU,SC,ASO,ES,Federal Contract Tower,0,26,33,0,59,0,14,88,0,102,0,40,121,0,161,20,0,20,181
08/29/2022,GMU,SC,ASO,ES,Federal Contract Tower,0,9,21,0,30,0,21,144,0,165,0,30,165,0,195,80,0,80,275
08/30/2022,GMU,SC,ASO,ES,Federal Contract Tower,0,23,16,0,39,0,19,84,0,103,0,42,100,0,142,48,0,48,190
08/31/2022,GMU,SC,ASO,ES,Federal Contract Tower,0,20,24,0,44,0,14,167,2,183,0,34,191,2,227,64,0,64,291
09/01/2022,GMU,SC,ASO,ES,Federal Contract Tower,0,27,19,0,46,0,39,140,0,179,0,66,159,0,225,60,0,60,285
09/02/2022,GMU,SC,ASO,ES,Federal Contract Tower,0,27,14,0,41,0,22,132,0,154,0,49,146,0,195,78,0,78,273
09/03/2022,GMU,SC,ASO,ES,Federal Contract Tower,0,9,26,0,35,0,3,76,0,79,0,12,102,0,114,112,0,112,226
09/04/2022,GMU,SC,ASO,ES,Federal Contract Tower,0,10,12,0,22,0,0,8,0,8,0,10,20,0,30,6,0,6,36
09/05/2022,GMU,SC,ASO,ES,Federal Contract Tower,0,18,19,0,37,0,0,8,0,8,0,18,27,0,45,46,0,46,91
09/06/2022,GMU,SC,ASO,ES,Federal Contract Tower,0,24,29,0,53,0,49,126,0,175,0,73,155,0,228,54,0,54,282
09/07/2022,GMU,SC,ASO,ES,Federal Contract Tower,0,33,19,0,52,0,121,27,0,148,0,154,46,0,200,52,0,52,252
09/08/2022,GMU,SC,ASO,ES,Federal Contract Tower,0,38,25,0,63,0,15,120,0,135,0,53,145,0,198,64,0,64,262
09/09/2022,GMU,SC,ASO,ES,Federal Contract Tower,0,23,36,0,59,0,22,97,10,129,0,45,133,10,188,40,8,48,236
09/10/2022,GMU,SC,ASO,ES,Federal Contract Tower,0,6,15,0,21,0,0,0,0,0,0,6,15,0,21,0,0,0,21
09/11/2022,GMU,SC,ASO,ES,Federal Contract Tower,0,15,21,0,36,0,17,37,0,54,0,32,58,0,90,30,0,30,120
09/12/2022,GMU,SC,ASO,ES,Federal Contract Tower,0,28,24,0,52,0,15,103,0,118,0,43,127,0,170,20,0,20,190
09/13/2022,GMU,SC,ASO,ES,Federal Contract Tower,0,41,24,0,65,0,25,155,4,184,0,66,179,4,249,88,0,88,337
09/14/2022,GMU,SC,ASO,ES,Federal Contract Tower,0,31,20,0,51,0,20,157,2,179,0,51,177,2,230,94,0,94,324
09/15/2022,GMU,SC,ASO,ES,Federal Contract Tower,0,26,16,0,42,0,26,127,2,155,0,52,143,2,197,42,0,42,239
09/16/2022,GMU,SC,ASO,ES,Federal Contract Tower,0,29,35,0,64,0,31,171,0,202,0,60,206,0,266,82,0,82,348
09/17/2022,GMU,SC,ASO,ES,Federal Contract Tower,0,9,17,0,26,0,5,108,0,113,0,14,125,0,139,42,0,42,181
09/18/2022,GMU,SC,ASO,ES,Federal Contract Tower,0,22,45,0,67,0,1,94,0,95,0,23,139,0,162,20,2,22,184
09/19/2022,GMU,SC,ASO,ES,Federal Contract Tower,0,26,26,2,54,0,36,126,2,164,0,62,152,4,218,114,0,114,332
09/20/2022,GMU,SC,ASO,ES,Federal Contract Tower,0,32,16,1,49,0,20,134,2,156,0,52,150,3,205,78,0,78,283
09/21/2022,GMU,SC,ASO,ES,Federal Contract Tower,0,25,29,0,54,0,27,176,0,203,0,52,205,0,257,108,0,108,365
09/22/2022,GMU,SC,ASO,ES,Federal Contract Tower,0,30,26,1,57,0,27,102,3,132,0,57,128,4,189,28,0,28,217
09/23/2022,GMU,SC,ASO,ES,Federal Contract Tower,0,25,32,0,57,0,33,144,0,177,0,58,176,0,234,30,0,30,264
09/24/2022,GMU,SC,ASO,ES,Federal Contract Tower,0,10,25,0,35,0,24,158,0,182,0,34,183,0,217,20,0,20,237
09/25/2022,GMU,SC,ASO,ES,Federal Contract Tower,0,33,38,0,71,0,8,74,0,82,0,41,112,0,153,68,0,68,221
09/26/2022,GMU,SC,ASO,ES,Federal Contract Tower,0,22,23,0,45,0,28,163,0,191,0,50,186,0,236,86,0,86,322
09/27/2022,GMU,SC,ASO,ES,Federal Contract Tower,0,33,15,0,48,0,15,192,0,207,0,48,207,0,255,124,0,124,379
09/28/2022,GMU,SC,ASO,ES,Federal Contract Tower,0,38,22,0,60,0,26,184,0,210,0,64,206,0,270,88,0,88,358
09/29/2022,GMU,SC,ASO,ES,Federal Contract Tower,0,20,9,0,29,0,9,13,0,22,0,29,22,0,51,4,0,4,55
09/30/2022,GMU,SC,ASO,ES,Federal Contract Tower,0,10,2,0,12,0,2,0,0,2,0,12,2,0,14,0,0,0,14
10/01/2022,GMU,SC,ASO,ES,Federal Contract Tower,0,16,14,0,30,0,6,68,2,76,0,22,82,2,106,108,0,108,214
10/02/2022,GMU,SC,ASO,ES,Federal Contract Tower,0,23,18,0,41,0,4,94,0,98,0,27,112,0,139,94,0,94,233
10/03/2022,GMU,SC,ASO,ES,Federal Contract Tower,0,27,24,4,55,0,18,138,2,158,0,45,162,6,213,114,0,114,327
10/04/2022,GMU,SC,ASO,ES,Federal Contract Tower,0,30,10,0,40,0,16,155,0,171,0,46,165,0,211,60,0,60,271
10/05/2022,GMU,SC,ASO,ES,Federal Contract Tower,0,19,26,1,46,0,27,217,4,248,0,46,243,5,294,124,0,124,418
10/06/2022,GMU,SC,ASO,ES,Federal Contract Tower,0,30,28,0,58,0,25,188,7,220,0,55,216,7,278,92,0,92,370
10/07/2022,GMU,SC,ASO,ES,Federal Contract Tower,0,21,35,1,57,0,34,175,0,209,0,55,210,1,266,192,0,192,458
10/08/2022,GMU,SC,ASO,ES,Federal Contract Tower,0,13,18,2,33,0,13,136,0,149,0,26,154,2,182,122,0,122,304
10/09/2022,GMU,SC,ASO,ES,Federal Contract Tower,0,26,45,0,71,0,16,81,2,99,0,42,126,2,170,116,0,116,286
10/10/2022,GMU,SC,ASO,ES,Federal Contract Tower,0,18,26,0,44,0,34,183,7,224,0,52,209,7,268,52,4,56,324
10/11/2022,GMU,SC,ASO,ES,Federal Contract Tower,0,27,15,0,42,0,29,160,5,194,0,56,175,5,236,54,0,54,290
10/12/2022,GMU,SC,ASO,ES,Federal Contract Tower,0,51,29,0,80,0,10,0,0,10,0,61,29,0,90,0,0,0,90
10/13/2022,GMU,SC,ASO,ES,Federal Contract Tower,0,51,26,0,77,0,21,96,0,117,0,72,122,0,194,16,0,16,210
10/14/2022,GMU,SC,ASO,ES,Federal Contract Tower,0,33,43,0,76,0,37,230,0,267,0,70,273,0,343,112,0,112,455
10/15/2022,GMU,SC,ASO,ES,Federal Contract Tower,0,15,16,0,31,0,25,160,0,185,0,40,176,0,216,78,0,78,294
10/16/2022,GMU,SC,ASO,ES,Federal Contract Tower,0,31,37,0,68,0,25,94,2,121,0,56,131,2,189,102,0,102,291
10/17/2022,GMU,SC,ASO,ES,Federal Contract Tower,0,33,20,0,53,0,17,96,0,113,0,50,116,0,166,48,0,48,214
10/18/2022,GMU,SC,ASO,ES,Federal Contract Tower,0,32,13,1,46,0,15,117,4,136,0,47,130,5,182,28,0,28,210
10/19/2022,GMU,SC,ASO,ES,Federal Contract Tower,0,32,27,0,59,0,26,159,2,187,0,58,186,2,246,90,6,96,342
10/20/2022,GMU,SC,ASO,ES,Federal Contract Tower,0,30,37,1,68,0,35,141,0,176,0,65,178,1,244,68,0,68,312
10/21/2022,GMU,SC,ASO,ES,Federal Contract Tower,0,38,26,0,64,0,26,143,2,171,0,64,169,2,235,2,0,2,237
10/22/2022,GMU,SC,ASO,ES,Federal Contract Tower,0,14,13,0,27,0,16,126,0,142,0,30,139,0,169,164,0,164,333
10/23/2022,GMU,SC,ASO,ES,Federal Contract Tower,0,31,36,0,67,0,6,88,0,94,0,37,124,0,161,16,0,16,177
10/24/2022,GMU,SC,ASO,ES,Federal Contract Tower,0,16,22,1,39,0,11,128,18,157,0,27,150,19,196,198,0,198,394
10/25/2022,GMU,SC,ASO,ES,Federal Contract Tower,0,19,19,0,38,0,11,110,0,121,0,30,129,0,159,82,0,82,241
10/26/2022,GMU,SC,ASO,ES,Federal Contract Tower,0,27,48,0,75,0,11,52,1,64,0,38,100,1,139,42,0,42,181
10/27/2022,GMU,SC,ASO,ES,Federal Contract Tower,0,31,33,0,64,0,38,134,6,178,0,69,167,6,242,64,0,64,306
10/28/2022,GMU,SC,ASO,ES,Federal Contract Tower,0,15,30,0,45,0,28,147,7,182,0,43,177,7,227,78,0,78,305
10/29/2022,GMU,SC,ASO,ES,Federal Contract Tower,0,13,41,0,54,0,16,94,4,114,0,29,135,4,168,86,12,98,266
10/30/2022,GMU,SC,ASO,ES,Federal Contract Tower,0,18,33,1,52,0,0,0,0,0,0,18,33,1,52,0,0,0,52
10/31/2022,GMU,SC,ASO,ES,Federal Contract Tower,0,25,16,0,41,0,0,0,0,0,0,25,16,0,41,0,0,0,41
11/01/2022,GMU,SC,ASO,ES,Federal Contract Tower,0,33,15,0,48,0,52,130,1,183,0,85,145,1,231,94,4,98,329
11/02/2022,GMU,SC,ASO,ES,Federal Contract Tower,0,34,25,0,59,0,17,182,2,201,0,51,207,2,260,136,0,136,396
11/03/2022,GMU,SC,ASO,ES,Federal Contract Tower,0,28,22,0,50,0,30,221,2,253,0,58,243,2,303,110,0,110,413
11/04/2022,GMU,SC,ASO,ES,Federal Contract Tower,0,36,44,0,80,0,30,129,1,160,0,66,173,1,240,126,0,126,366
11/05/2022,GMU,SC,ASO,ES,Federal Contract Tower,0,26,9,0,35,0,0,4,0,4,0,26,13,0,39,6,0,6,45
11/06/2022,GMU,SC,ASO,ES,Federal Contract Tower,0,35,33,0,68,0,3,57,6,66,0,38,90,6,134,60,0,60,194
11/07/2022,GMU,SC,ASO,ES,Federal Contract Tower,0,25,16,0,41,0,17,75,1,93,0,42,91,1,134,46,0,46,180
11/08/2022,GMU,SC,ASO,ES,Federal Contract Tower,0,29,10,0,39,0,38,119,2,159,0,67,129,2,198,50,0,50,248
11/09/2022,GMU,SC,ASO,ES,Federal Contract Tower,0,24,15,0,39,0,20,75,2,97,0,44,90,2,136,38,0,38,174
11/10/2022,GMU,SC,ASO,ES,Federal Contract Tower,0,27,9,0,36,0,2,2,0,4,0,29,11,0,40,22,0,22,62
11/11/2022,GMU,SC,ASO,ES,Federal Contract Tower,0,15,6,0,21,0,0,0,0,0,0,15,6,0,21,0,0,0,21
11/12/2022,GMU,SC,ASO,ES,Federal Contract Tower,0,16,27,0,43,0,13,93,0,106,0,29,120,0,149,96,0,96,245
11/13/2022,GMU,SC,ASO,ES,Federal Contract Tower,0,20,20,0,40,0,20,159,0,179,0,40,179,0,219,76,0,76,295
11/14/2022,GMU,SC,ASO,ES,Federal Contract Tower,0,26,30,1,57,0,26,150,2,178,0,52,180,3,235,126,0,126,361
11/15/2022,GMU,SC,ASO,ES,Federal Contract Tower,0,46,6,0,52,0,0,0,0,0,0,46,6,0,52,0,0,0,52
11/16/2022,GMU,SC,ASO,ES,Federal Contract Tower,0,35,25,1,61,0,31,97,2,130,0,66,122,3,191,224,0,224,415
11/17/2022,GMU,SC,ASO,ES,Federal Contract Tower,0,35,26,0,61,0,21,149,4,174,0,56,175,4,235,176,0,176,411
11/18/2022,GMU,SC,ASO,ES,Federal Contract Tower,0,32,22,0,54,0,28,194,0,222,0,60,216,0,276,76,0,76,352
11/19/2022,GMU,SC,ASO,ES,Federal Contract Tower,0,15,12,0,27,0,17,115,0,132,0,32,127,0,159,98,0,98,257
11/20/2022,GMU,SC,ASO,ES,Federal Contract Tower,0,25,31,0,56,0,7,90,2,99,0,32,121,2,155,50,0,50,205
11/21/2022,GMU,SC,ASO,ES,Federal Contract Tower,0,30,19,2,51,0,24,128,5,157,0,54,147,7,208,88,0,88,296
11/22/2022,GMU,SC,ASO,ES,Federal Contract Tower,0,42,16,0,58,0,28,153,0,181,0,70,169,0,239,110,0,110,349
11/23/2022,GMU,SC,ASO,ES,Federal Contract Tower,0,41,23,0,64,0,21,162,4,187,0,62,185,4,251,52,0,52,303
11/24/2022,GMU,SC,ASO,ES,Federal Contract Tower,0,10,6,0,16,0,7,29,0,36,0,17,35,0,52,34,0,34,86
11/25/2022,GMU,SC,ASO,ES,Federal Contract Tower,0,15,20,0,35,0,28,29,0,57,0,43,49,0,92,92,0,92,184
11/26/2022,GMU,SC,ASO,ES,Federal Contract Tower,0,26,20,0,46,0,38,103,0,141,0,64,123,0,187,52,0,52,239
11/27/2022,GMU,SC,ASO,ES,Federal Contract Tower,0,47,25,0,72,0,7,18,0,25,0,54,43,0,97,0,0,0,97
11/28/2022,GMU,SC,ASO,ES,Federal Contract Tower,0,27,30,0,57,0,22,126,0,148,0,49,156,0,205,96,0,96,301
11/29/2022,GMU,SC,ASO,ES,Federal Contract Tower,0,36,11,2,49,0,36,158,4,198,0,72,169,6,247,76,0,76,323
11/30/2022,GMU,SC,ASO,ES,Federal Contract Tower,0,30,17,0,47,0,9,36,0,45,0,39,53,0,92,16,0,16,108
12/01/2022,GMU,SC,ASO,ES,Federal Contract Tower,0,34,26,0,60,0,26,127,0,153,0,60,153,0,213,68,0,68,281
12/02/2022,GMU,SC,ASO,ES,Federal Contract Tower,0,30,31,0,61,0,19,134,0,153,0,49,165,0,214,90,0,90,304
12/03/2022,GMU,SC,ASO,ES,Federal Contract Tower,0,21,25,0,46,0,0,2,0,2,0,21,27,0,48,12,0,12,60
12/04/2022,GMU,SC,ASO,ES,Federal Contract Tower,0,22,34,0,56,0,7,110,5,122,0,29,144,5,178,132,0,132,310
12/05/2022,GMU,SC,ASO,ES,Federal Contract Tower,0,26,22,0,48,0,4,27,0,31,0,30,49,0,79,96,0,96,175
12/06/2022,GMU,SC,ASO,ES,Federal Contract Tower,0,35,7,0,42,0,0,0,0,0,0,35,7,0,42,0,0,0,42
12/07/2022,GMU,SC,ASO,ES,Federal Contract Tower,0,33,3,0,36,0,0,0,0,0,0,33,3,0,36,0,0,0,36
12/08/2022,GMU,SC,ASO,ES,Federal Contract Tower,0,37,29,0,66,0,3,47,4,54,0,40,76,4,120,86,0,86,206
12/09/2022,GMU,SC,ASO,ES,Federal Contract Tower,0,15,14,0,29,0,0,0,0,0,0,15,14,0,29,0,0,0,29
12/10/2022,GMU,SC,ASO,ES,Federal Contract Tower,0,5,29,0,34,0,0,0,0,0,0,5,29,0,34,0,0,0,34
12/11/2022,GMU,SC,ASO,ES,Federal Contract Tower,0,9,25,0,34,0,2,15,0,17,0,11,40,0,51,66,0,66,117
12/12/2022,GMU,SC,ASO,ES,Federal Contract Tower,0,25,38,0,63,0,37,91,0,128,0,62,129,0,191,78,0,78,269
12/13/2022,GMU,SC,ASO,ES,Federal Contract Tower,0,27,41,0,68,0,27,188,2,217,0,54,229,2,285,150,0,150,435
12/14/2022,GMU,SC,ASO,ES,Federal Contract Tower,0,27,19,0,46,0,7,13,0,20,0,34,32,0,66,76,0,76,142
12/15/2022,GMU,SC,ASO,ES,Federal Contract Tower,0,44,31,0,75,0,3,4,0,7,0,47,35,0,82,2,0,2,84
12/16/2022,GMU,SC,ASO,ES,Federal Contract Tower,0,18,35,0,53,0,27,190,0,217,0,45,225,0,270,100,0,100,370
12/17/2022,GMU,SC,ASO,ES,Federal Contract Tower,0,19,18,0,37,0,14,113,2,129,0,33,131,2,166,70,0,70,236
12/18/2022,GMU,SC,ASO,ES,Federal Contract Tower,0,16,16,0,32,0,11,173,0,184,0,27,189,0,216,120,0,120,336
12/19/2022,GMU,SC,ASO,ES,Federal Contract Tower,0,19,16,0,35,0,36,162,0,198,0,55,178,0,233,86,0,86,319
12/20/2022,GMU,SC,ASO,ES,Federal Contract Tower,0,17,15,0,32,0,9,113,4,126,0,26,128,4,158,138,0,138,296
12/21/2022,GMU,SC,ASO,ES,Federal Contract Tower,0,27,16,0,43,0,22,156,0,178,0,49,172,0,221,84,0,84,305
12/22/2022,GMU,SC,ASO,ES,Federal Contract Tower,0,30,6,0,36,0,2,1,0,3,0,32,7,0,39,0,0,0,39
12/23/2022,GMU,SC,ASO,ES,Federal Contract Tower,0,9,1,0,10,0,11,8,0,19,0,20,9,0,29,0,0,0,29
12/24/2022,GMU,SC,ASO,ES,Federal Contract Tower,0,7,7,0,14,0,13,29,0,42,0,20,36,0,56,50,0,50,106
12/25/2022,GMU,SC,ASO,ES,Federal Contract Tower,0,4,7,0,11,0,9,13,0,22,0,13,20,0,33,6,0,6,39
12/26/2022,GMU,SC,ASO,ES,Federal Contract Tower,0,13,23,0,36,0,32,110,0,142,0,45,133,0,178,82,0,82,260
12/27/2022,GMU,SC,ASO,ES,Federal Contract Tower,0,16,28,0,44,0,31,156,0,187,0,47,184,0,231,94,0,94,325
12/28/2022,GMU,SC,ASO,ES,Federal Contract Tower,0,18,18,0,36,0,24,165,0,189,0,42,183,0,225,80,0,80,305
12/29/2022,GMU,SC,ASO,ES,Federal Contract Tower,0,18,27,2,47,0,31,188,0,219,0,49,215,2,266,30,0,30,296
12/30/2022,GMU,SC,ASO,ES,Federal Contract Tower,0,26,32,1,59,0,8,64,14,86,0,34,96,15,145,54,2,56,201
12/31/2022,GMU,SC,ASO,ES,Federal Contract Tower,0,5,7,0,12,0,0,0,0,0,0,5,7,0,12,0,0,0,12
01/01/2023,GMU,SC,ASO,ES,Federal Contract Tower,0,14,9,0,23,0,0,0,0,0,0,14,9,0,23,0,0,0,23
01/02/2023,GMU,SC,ASO,ES,Federal Contract Tower,0,17,17,0,34,0,8,161,0,169,0,25,178,0,203,86,0,86,289
01/03/2023,GMU,SC,ASO,ES,Federal Contract Tower,0,20,8,0,28,0,0,0,0,0,0,20,8,0,28,4,0,4,32
01/04/2023,GMU,SC,ASO,ES,Federal Contract Tower,0,13,7,0,20,0,3,2,0,5,0,16,9,0,25,4,0,4,29
01/05/2023,GMU,SC,ASO,ES,Federal Contract Tower,0,11,19,0,30,0,23,149,3,175,0,34,168,3,205,40,0,40,245
01/06/2023,GMU,SC,ASO,ES,Federal Contract Tower,0,14,20,0,34,0,32,200,0,232,0,46,220,0,266,104,0,104,370
01/07/2023,GMU,SC,ASO,ES,Federal Contract Tower,0,15,23,0,38,0,13,189,0,202,0,28,212,0,240,144,0,144,384
01/08/2023,GMU,SC,ASO,ES,Federal Contract Tower,0,16,22,0,38,0,14,80,0,94,0,30,102,0,132,78,0,78,210
01/09/2023,GMU,SC,ASO,ES,Federal Contract Tower,0,19,28,0,47,0,44,142,0,186,0,63,170,0,233,60,0,60,293
01/10/2023,GMU,SC,ASO,ES,Federal Contract Tower,0,23,14,1,38,0,46,175,2,223,0,69,189,3,261,22,0,22,283
01/11/2023,GMU,SC,ASO,ES,Federal Contract Tower,0,26,32,0,58,0,27,164,2,193,0,53,196,2,251,84,0,84,335
01/12/2023,GMU,SC,ASO,ES,Federal Contract Tower,0,21,5,0,26,0,0,3,0,3,0,21,8,0,29,0,0,0,29
01/13/2023,GMU,SC,ASO,ES,Federal Contract Tower,0,28,20,0,48,0,25,109,1,135,0,53,129,1,183,58,0,58,241
01/14/2023,GMU,SC,ASO,ES,Federal Contract Tower,0,8,12,0,20,0,10,77,0,87,0,18,89,0,107,40,0,40,147
01/15/2023,GMU,SC,ASO,ES,Federal Contract Tower,0,17,30,0,47,0,14,115,8,137,0,31,145,8,184,84,0,84,268
01/16/2023,GMU,SC,ASO,ES,Federal Contract Tower,0,16,22,0,38,0,20,171,3,194,0,36,193,3,232,100,0,100,332
01/17/2023,GMU,SC,ASO,ES,Federal Contract Tower,0,19,14,0,33,0,0,2,0,2,0,19,16,0,35,6,0,6,41
01/18/2023,GMU,SC,ASO,ES,Federal Contract Tower,0,26,38,0,64,0,14,45,0,59,0,40,83,0,123,134,0,134,257
01/19/2023,GMU,SC,ASO,ES,Federal Contract Tower,0,24,21,0,45,0,13,7,12,32,0,37,28,12,77,8,4,12,89
01/20/2023,GMU,SC,ASO,ES,Federal Contract Tower,0,14,17,0,31,0,43,201,3,247,0,57,218,3,278,94,0,94,372
01/21/2023,GMU,SC,ASO,ES,Federal Contract Tower,0,10,29,0,39,0,11,189,0,200,0,21,218,0,239,68,0,68,307
01/22/2023,GMU,SC,ASO,ES,Federal Contract Tower,0,22,9,0,31,0,0,0,0,0,0,22,9,0,31,0,0,0,31
01/23/2023,GMU,SC,ASO,ES,Federal Contract Tower,0,17,26,0,43,0,27,145,0,172,0,44,171,0,215,88,0,88,303
01/24/2023,GMU,SC,ASO,ES,Federal Contract Tower,0,24,17,0,41,0,24,170,0,194,0,48,187,0,235,98,0,98,333
01/25/2023,GMU,SC,ASO,ES,Federal Contract Tower,0,18,3,0,21,0,2,0,0,2,0,20,3,0,23,0,0,0,23
01/26/2023,GMU,SC,ASO,ES,Federal Contract Tower,0,17,18,0,35,0,35,159,1,195,0,52,177,1,230,92,0,92,322
01/27/2023,GMU,SC,ASO,ES,Federal Contract Tower,0,28,30,0,58,0,30,206,8,244,0,58,236,8,302,62,0,62,364
01/28/2023,GMU,SC,ASO,ES,Federal Contract Tower,0,6,25,0,31,0,16,241,2,259,0,22,266,2,290,100,0,100,390
01/29/2023,GMU,SC,ASO,ES,Federal Contract Tower,0,10,25,0,35,0,19,36,1,56,0,29,61,1,91,104,0,104,195
01/30/2023,GMU,SC,ASO,ES,Federal Contract Tower,0,20,25,0,45,0,23,65,0,88,0,43,90,0,133,70,0,70,203
01/31/2023,GMU,SC,ASO,ES,Federal Contract Tower,0,19,6,0,25,0,9,0,0,9,0,28,6,0,34,0,0,0,34
02/01/2023,GMU,SC,ASO,ES,Federal Contract Tower,0,19,28,0,47,0,17,52,2,71,0,36,80,2,118,52,6,58,176
02/02/2023,GMU,SC,ASO,ES,Federal Contract Tower,0,35,6,0,41,0,0,0,0,0,0,35,6,0,41,0,0,0,41
02/03/2023,GMU,SC,ASO,ES,Federal Contract Tower,0,17,17,0,34,0,21,176,0,197,0,38,193,0,231,78,0,78,309
02/04/2023,GMU,SC,ASO,ES,Federal Contract Tower,0,10,27,0,37,0,35,201,4,240,0,45,228,4,277,56,0,56,333
02/05/2023,GMU,SC,ASO,ES,Federal Contract Tower,0,17,19,0,36,0,22,111,0,133,0,39,130,0,169,72,0,72,241
02/07/2023,GMU,SC,ASO,ES,Federal Contract Tower,0,17,8,0,25,0,14,136,11,161,0,31,144,11,186,68,4,72,258
02/08/2023,GMU,SC,ASO,ES,Federal Contract Tower,0,15,18,2,35,0,40,174,0,214,0,55,192,2,249,178,0,178,427
02/09/2023,GMU,SC,ASO,ES,Federal Contract Tower,0,26,14,2,42,0,16,38,0,54,0,42,52,2,96,66,0,66,162
02/10/2023,GMU,SC,ASO,ES,Federal Contract Tower,0,20,19,0,39,0,19,124,0,143,0,39,143,0,182,102,0,102,284
02/11/2023,GMU,SC,ASO,ES,Federal Contract Tower,0,9,17,0,26,0,4,87,0,91,0,13,104,0,117,14,0,14,131
02/12/2023,GMU,SC,ASO,ES,Federal Contract Tower,0,18,2,0,20,0,0,0,0,0,0,18,2,0,20,0,0,0,20
02/13/2023,GMU,SC,ASO,ES,Federal Contract Tower,0,17,25,5,47,0,24,169,1,194,0,41,194,6,241,84,0,84,325
02/14/2023,GMU,SC,ASO,ES,Federal Contract Tower,0,23,14,0,37,0,31,157,0,188,0,54,171,0,225,46,0,46,271
02/15/2023,GMU,SC,ASO,ES,Federal Contract Tower,0,42,40,0,82,0,6,65,0,71,0,48,105,0,153,124,0,124,277
02/16/2023,GMU,SC,ASO,ES,Federal Contract Tower,0,27,23,2,52,0,26,103,0,129,0,53,126,2,181,174,0,174,355
02/17/2023,GMU,SC,ASO,ES,Federal Contract Tower,0,29,18,2,49,0,20,44,0,64,0,49,62,2,113,68,0,68,181
02/18/2023,GMU,SC,ASO,ES,Federal Contract Tower,0,12,23,1,36,0,15,230,0,245,0,27,253,1,281,104,0,104,385
02/19/2023,GMU,SC,ASO,ES,Federal Contract Tower,0,24,19,0,43,0,6,100,0,106,0,30,119,0,149,102,0,102,251
02/20/2023,GMU,SC,ASO,ES,Federal Contract Tower,0,16,14,0,30,0,19,163,0,182,0,35,177,0,212,40,0,40,252
02/21/2023,GMU,SC,ASO,ES,Federal Contract Tower,0,11,22,1,34,0,41,82,6,129,0,52,104,7,163,54,6,60,223
02/22/2023,GMU,SC,ASO,ES,Federal Contract Tower,0,27,29,2,58,0,17,68,0,85,0,44,97,2,143,54,0,54,197
02/23/2023,GMU,SC,ASO,ES,Federal Contract Tower,0,25,34,0,59,0,16,57,0,73,0,41,91,0,132,90,0,90,222
02/24/2023,GMU,SC,ASO,ES,Federal Contract Tower,0,28,36,11,75,0,31,151,0,182,0,59,187,11,257,220,0,220,477
02/25/2023,GMU,SC,ASO,ES,Federal Contract Tower,0,13,26,0,39,0,0,5,0,5,0,13,31,0,44,60,0,60,104
02/26/2023,GMU,SC,ASO,ES,Federal Contract Tower,0,20,19,2,41,0,9,79,3,91,0,29,98,5,132,44,0,44,176
02/27/2023,GMU,SC,ASO,ES,Federal Contract Tower,0,23,10,0,33,0,9,18,0,27,0,32,28,0,60,58,0,58,118
02/28/2023,GMU,SC,ASO,ES,Federal Contract Tower,0,23,21,2,46,0,18,236,4,258,0,41,257,6,304,76,0,76,380
03/01/2023,GMU,SC,ASO,ES,Federal Contract Tower,0,35,14,0,49,0,28,207,7,242,0,63,221,7,291,162,0,162,453
03/02/2023,GMU,SC,ASO,ES,Federal Contract Tower,0,29,19,2,50,0,25,79,6,110,0,54,98,8,160,228,0,228,388
03/03/2023,GMU,SC,ASO,ES,Federal Contract Tower,0,35,11,0,46,0,0,18,0,18,0,35,29,0,64,12,0,12,76
03/04/2023,GMU,SC,ASO,ES,Federal Contract Tower,0,27,28,0,55,0,21,267,11,299,0,48,295,11,354,96,94,190,544
03/05/2023,GMU,SC,ASO,ES,Federal Contract Tower,0,19,20,0,39,0,11,170,6,187,0,30,190,6,226,84,0,84,310
03/06/2023,GMU,SC,ASO,ES,Federal Contract Tower,0,28,19,1,48,0,30,164,2,196,0,58,183,3,244,90,0,90,334
03/07/2023,GMU,SC,ASO,ES,Federal Contract Tower,0,35,6,0,41,0,27,157,2,186,0,62,163,2,227,88,0,88,315
03/08/2023,GMU,SC,ASO,ES,Federal Contract Tower,0,18,17,1,36,0,51,238,2,291,0,69,255,3,327,118,0,118,445
03/09/2023,GMU,SC,ASO,ES,Federal Contract Tower,0,25,20,0,45,0,22,228,0,250,0,47,248,0,295,102,0,102,397
03/10/2023,GMU,SC,ASO,ES,Federal Contract Tower,0,18,35,0,53,0,28,36,0,64,0,46,71,0,117,6,0,6,123
03/11/2023,GMU,SC,ASO,ES,Federal Contract Tower,0,15,15,0,30,0,17,179,0,196,0,32,194,0,226,54,0,54,280
03/12/2023,GMU,SC,ASO,ES,Federal Contract Tower,0,14,1,0,15,0,0,0,0,0,0,14,1,0,15,0,0,0,15
03/13/2023,GMU,SC,ASO,ES,Federal Contract Tower,0,27,29,3,59,0,18,124,0,142,0,45,153,3,201,132,0,132,333
03/14/2023,GMU,SC,ASO,ES,Federal Contract Tower,0,22,18,0,40,0,54,157,2,213,0,76,175,2,253,126,0,126,379
03/15/2023,GMU,SC,ASO,ES,Federal Contract Tower,0,23,16,0,39,0,40,198,0,238,0,63,214,0,277,54,0,54,331
03/16/2023,GMU,SC,ASO,ES,Federal Contract Tower,0,30,31,0,61,0,53,158,0,211,0,83,189,0,272,72,0,72,344
03/17/2023,GMU,SC,ASO,ES,Federal Contract Tower,0,23,15,0,38,0,2,2,0,4,0,25,17,0,42,12,0,12,54
03/18/2023,GMU,SC,ASO,ES,Federal Contract Tower,0,17,13,1,31,0,8,144,0,152,0,25,157,1,183,84,0,84,267
03/19/2023,GMU,SC,ASO,ES,Federal Contract Tower,0,13,20,0,33,0,12,140,2,154,0,25,160,2,187,98,0,98,285
03/20/2023,GMU,SC,ASO,ES,Federal Contract Tower,0,18,19,2,39,0,46,139,0,185,0,64,158,2,224,86,2,88,312
03/21/2023,GMU,SC,ASO,ES,Federal Contract Tower,0,16,18,0,34,0,32,216,2,250,0,48,234,2,284,100,0,100,384
03/22/2023,GMU,SC,ASO,ES,Federal Contract Tower,0,34,19,0,53,0,31,38,0,69,0,65,57,0,122,194,0,194,316
03/23/2023,GMU,SC,ASO,ES,Federal Contract Tower,0,28,18,0,46,0,24,136,5,165,0,52,154,5,211,136,2,138,349
03/24/2023,GMU,SC,ASO,ES,Federal Contract Tower,0,24,26,0,50,0,46,126,2,174,0,70,152,2,224,60,0,60,284
03/25/2023,GMU,SC,ASO,ES,Federal Contract Tower,0,14,9,0,23,0,2,14,0,16,0,16,23,0,39,68,0,68,107
03/26/2023,GMU,SC,ASO,ES,Federal Contract Tower,0,16,17,0,33,0,6,87,0,93,0,22,104,0,126,162,0,162,288
03/27/2023,GMU,SC,ASO,ES,Federal Contract Tower,0,34,17,1,52,0,57,74,0,131,0,91,91,1,183,100,0,100,283
03/28/2023,GMU,SC,ASO,ES,Federal Contract Tower,0,35,11,0,46,0,33,196,0,229,0,68,207,0,275,136,6,142,417
03/29/2023,GMU,SC,ASO,ES,Federal Contract Tower,0,42,25,0,67,0,57,199,0,256,0,99,224,0,323,28,0,28,351
03/30/2023,GMU,SC,ASO,ES,Federal Contract Tower,0,27,15,2,44,0,43,151,21,215,0,70,166,23,259,88,2,90,349
03/31/2023,GMU,SC,ASO,ES,Federal Contract Tower,0,31,27,0,58,0,26,179,0,205,0,57,206,0,263,120,0,120,383
04/01/2023,GMU,SC,ASO,ES,Federal Contract Tower,0,25,4,0,29,0,6,9,6,21,0,31,13,6,50,0,0,0,50
04/02/2023,GMU,SC,ASO,ES,Federal Contract Tower,0,18,26,0,44,0,15,166,2,183,0,33,192,2,227,40,0,40,267
04/03/2023,GMU,SC,ASO,ES,Federal Contract Tower,0,28,24,1,53,0,54,91,5,150,0,82,115,6,203,66,0,66,269
04/04/2023,GMU,SC,ASO,ES,Federal Contract Tower,0,24,28,0,52,0,15,172,1,188,0,39,200,1,240,144,0,144,384
04/05/2023,GMU,SC,ASO,ES,Federal Contract Tower,0,29,30,0,59,0,39,100,0,139,0,68,130,0,198,80,0,80,278
04/06/2023,GMU,SC,ASO,ES,Federal Contract Tower,0,30,29,0,59,0,31,174,6,211,0,61,203,6,270,32,0,32,302
04/07/2023,GMU,SC,ASO,ES,Federal Contract Tower,0,25,10,0,35,0,2,0,0,2,0,27,10,0,37,0,0,0,37
04/08/2023,GMU,SC,ASO,ES,Federal Contract Tower,0,9,0,0,9,0,0,0,2,2,0,9,0,2,11,0,0,0,11
04/09/2023,GMU,SC,ASO,ES,Federal Contract Tower,0,13,10,0,23,0,8,19,0,27,0,21,29,0,50,0,0,0,50
04/10/2023,GMU,SC,ASO,ES,Federal Contract Tower,0,26,32,0,58,0,46,132,0,178,0,72,164,0,236,4,0,4,240
04/11/2023,GMU,SC,ASO,ES,Federal Contract Tower,0,21,26,0,47,0,36,236,0,272,0,57,262,0,319,86,0,86,405
04/12/2023,GMU,SC,ASO,ES,Federal Contract Tower,0,25,24,0,49,0,48,190,9,247,0,73,214,9,296,42,0,42,338
04/13/2023,GMU,SC,ASO,ES,Federal Contract Tower,0,39,17,0,56,0,62,172,15,249,0,101,189,15,305,54,0,54,359
04/14/2023,GMU,SC,ASO,ES,Federal Contract Tower,0,23,19,0,42,0,3,25,0,28,0,26,44,0,70,2,0,2,72
04/15/2023,GMU,SC,ASO,ES,Federal Contract Tower,0,15,31,1,47,0,26,135,2,163,0,41,166,3,210,66,0,66,276
04/16/2023,GMU,SC,ASO,ES,Federal Contract Tower,0,23,13,0,36,0,11,29,0,40,0,34,42,0,76,38,0,38,114
04/17/2023,GMU,SC,ASO,ES,Federal Contract Tower,0,30,21,0,51,0,44,111,0,155,0,74,132,0,206,54,0,54,260
04/18/2023,GMU,SC,ASO,ES,Federal Contract Tower,0,17,21,0,38,0,41,188,0,229,0,58,209,0,267,78,0,78,345
04/19/2023,GMU,SC,ASO,ES,Federal Contract Tower,0,30,19,3,52,0,64,196,2,262,0,94,215,5,314,152,0,152,466
04/20/2023,GMU,SC,ASO,ES,Federal Contract Tower,0,32,18,0,50,0,37,203,0,240,0,69,221,0,290,94,0,94,384
04/21/2023,GMU,SC,ASO,ES,Federal Contract Tower,0,24,33,1,58,0,64,139,2,205,0,88,172,3,263,64,0,64,327
04/22/2023,GMU,SC,ASO,ES,Federal Contract Tower,0,11,20,0,31,0,20,25,0,45,0,31,45,0,76,76,0,76,152
04/23/2023,GMU,SC,ASO,ES,Federal Contract Tower,0,15,21,0,36,0,11,90,0,101,0,26,111,0,137,86,0,86,223
04/24/2023,GMU,SC,ASO,ES,Federal Contract Tower,0,19,15,2,36,0,67,175,2,244,0,86,190,4,280,100,0,100,380
04/25/2023,GMU,SC,ASO,ES,Federal Contract Tower,0,29,21,2,52,0,34,148,10,192,0,63,169,12,244,56,0,56,300
04/26/2023,GMU,SC,ASO,ES,Federal Contract Tower,0,34,24,0,58,0,18,18,0,36,0,52,42,0,94,56,0,56,150
04/27/2023,GMU,SC,ASO,ES,Federal Contract Tower,0,38,17,0,55,0,8,2,0,10,0,46,19,0,65,0,0,0,65
04/28/2023,GMU,SC,ASO,ES,Federal Contract Tower,0,36,19,0,55,0,31,44,0,75,0,67,63,0,130,46,0,46,176
04/29/2023,GMU,SC,ASO,ES,Federal Contract Tower,0,23,25,0,48,0,23,143,1,167,0,46,168,1,215,72,2,74,289
04/30/2023,GMU,SC,ASO,ES,Federal Contract Tower,0,27,22,0,49,0,8,27,0,35,0,35,49,0,84,62,0,62,146
05/01/2023,GMU,SC,ASO,ES,Federal Contract Tower,0,23,8,0,31,0,46,44,0,90,0,69,52,0,121,22,0,22,143
05/02/2023,GMU,SC,ASO,ES,Federal Contract Tower,0,12,1,0,13,0,27,39,0,66,0,39,40,0,79,42,0,42,121
05/03/2023,GMU,SC,ASO,ES,Federal Contract Tower,0,31,12,0,43,0,66,125,0,191,0,97,137,0,234,82,0,82,316
05/04/2023,GMU,SC,ASO,ES,Federal Contract Tower,0,36,28,0,64,0,50,224,2,276,0,86,252,2,340,78,0,78,418
05/05/2023,GMU,SC,ASO,ES,Federal Contract Tower,0,28,21,0,49,0,49,167,3,219,0,77,188,3,268,26,0,26,294
05/06/2023,GMU,SC,ASO,ES,Federal Contract Tower,0,19,17,0,36,0,34,130,0,164,0,53,147,0,200,72,0,72,272
05/07/2023,GMU,SC,ASO,ES,Federal Contract Tower,0,31,8,0,39,0,27,81,0,108,0,58,89,0,147,46,0,46,193
05/08/2023,GMU,SC,ASO,ES,Federal Contract Tower,0,29,21,0,50,0,29,64,0,93,0,58,85,0,143,20,0,20,163
05/09/2023,GMU,SC,ASO,ES,Federal Contract Tower,0,15,15,0,30,0,29,104,0,133,0,44,119,0,163,42,2,44,207
05/10/2023,GMU,SC,ASO,ES,Federal Contract Tower,0,34,31,0,65,0,38,141,11,190,0,72,172,11,255,76,0,76,331
05/11/2023,GMU,SC,ASO,ES,Federal Contract Tower,0,37,20,0,57,0,33,150,6,189,0,70,170,6,246,86,0,86,332
05/12/2023,GMU,SC,ASO,ES,Federal Contract Tower,0,17,30,0,47,0,13,10,1,24,0,30,40,1,71,8,0,8,79
05/13/2023,GMU,SC,ASO,ES,Federal Contract Tower,0,17,18,0,35,0,23,37,2,62,0,40,55,2,97,50,0,50,147
05/14/2023,GMU,SC,ASO,ES,Federal Contract Tower,0,25,6,0,31,0,30,69,0,99,0,55,75,0,130,20,0,20,150
05/15/2023,GMU,SC,ASO,ES,Federal Contract Tower,0,30,12,1,43,0,63,105,0,168,0,93,117,1,211,74,0,74,285
05/16/2023,GMU,SC,ASO,ES,Federal Contract Tower,0,37,24,1,62,0,8,58,0,66,0,45,82,1,128,80,0,80,208
05/17/2023,GMU,SC,ASO,ES,Federal Contract Tower,0,31,21,0,52,0,31,116,2,149,0,62,137,2,201,82,0,82,283
05/18/2023,GMU,SC,ASO,ES,Federal Contract Tower,0,43,27,0,70,0,35,13,2,50,0,78,40,2,120,38,0,38,158
05/19/2023,GMU,SC,ASO,ES,Federal Contract Tower,0,29,36,0,65,0,38,104,0,142,0,67,140,0,207,104,0,104,311
05/20/2023,GMU,SC,ASO,ES,Federal Contract Tower,0,21,28,0,49,0,33,40,2,75,0,54,68,2,124,58,0,58,182
05/21/2023,GMU,SC,ASO,ES,Federal Contract Tower,0,19,26,0,45,0,37,76,0,113,0,56,102,0,158,24,4,28,186
05/22/2023,GMU,SC,ASO,ES,Federal Contract Tower,0,25,20,0,45,0,52,122,0,174,0,77,142,0,219,26,0,26,245
05/23/2023,GMU,SC,ASO,ES,Federal Contract Tower,0,31,18,0,49,0,41,141,2,184,0,72,159,2,233,32,0,32,265
05/24/2023,GMU,SC,ASO,ES,Federal Contract Tower,0,26,28,0,54,0,35,150,1,186,0,61,178,1,240,114,0,114,354
05/25/2023,GMU,SC,ASO,ES,Federal Contract Tower,0,22,22,0,44,0,33,118,0,151,0,55,140,0,195,32,0,32,227
05/26/2023,GMU,SC,ASO,ES,Federal Contract Tower,0,21,21,0,42,0,20,41,0,61,0,41,62,0,103,4,0,4,107
05/27/2023,GMU,SC,ASO,ES,Federal Contract Tower,0,6,7,0,13,0,5,13,2,20,0,11,20,2,33,0,0,0,33
05/28/2023,GMU,SC,ASO,ES,Federal Contract Tower,0,7,8,0,15,0,0,2,0,2,0,7,10,0,17,0,0,0,17
05/29/2023,GMU,SC,ASO,ES,Federal Contract Tower,0,21,24,0,45,0,47,127,3,177,0,68,151,3,222,52,0,52,274
05/30/2023,GMU,SC,ASO,ES,Federal Contract Tower,0,18,24,2,44,0,21,58,2,81,0,39,82,4,125,32,0,32,157
05/31/2023,GMU,SC,ASO,ES,Federal Contract Tower,0,30,36,0,66,0,39,65,0,104,0,69,101,0,170,76,0,76,246
06/01/2023,GMU,SC,ASO,ES,Federal Contract Tower,0,43,19,0,62,0,40,168,2,210,0,83,187,2,272,70,0,70,342
06/02/2023,GMU,SC,ASO,ES,Federal Contract Tower,0,23,31,0,54,0,23,162,0,185,0,46,193,0,239,60,0,60,299
06/03/2023,GMU,SC,ASO,ES,Federal Contract Tower,0,7,12,0,19,0,11,111,0,122,0,18,123,0,141,38,0,38,179
06/04/2023,GMU,SC,ASO,ES,Federal Contract Tower,0,14,14,0,28,0,4,60,0,64,0,18,74,0,92,22,0,22,114
06/05/2023,GMU,SC,ASO,ES,Federal Contract Tower,0,26,21,0,47,0,21,62,0,83,0,47,83,0,130,210,0,210,340
06/06/2023,GMU,SC,ASO,ES,Federal Contract Tower,0,35,11,0,46,0,43,110,0,153,0,78,121,0,199,60,0,60,259
06/07/2023,GMU,SC,ASO,ES,Federal Contract Tower,0,29,23,0,52,0,28,168,2,198,0,57,191,2,250,82,0,82,332
06/08/2023,GMU,SC,ASO,ES,Federal Contract Tower,0,27,31,0,58,0,10,2,4,16,0,37,33,4,74,68,0,68,142
06/09/2023,GMU,SC,ASO,ES,Federal Contract Tower,0,29,31,0,60,0,30,132,0,162,0,59,163,0,222,20,0,20,242
06/10/2023,GMU,SC,ASO,ES,Federal Contract Tower,0,16,20,0,36,0,33,174,2,209,0,49,194,2,245,50,0,50,295
06/11/2023,GMU,SC,ASO,ES,Federal Contract Tower,0,20,14,0,34,0,6,2,0,8,0,26,16,0,42,0,0,0,42
06/12/2023,GMU,SC,ASO,ES,Federal Contract Tower,0,19,22,0,41,0,33,84,0,117,0,52,106,0,158,26,0,26,184
06/13/2023,GMU,SC,ASO,ES,Federal Contract Tower,0,21,8,0,29,0,30,134,2,166,0,51,142,2,195,48,0,48,243
06/14/2023,GMU,SC,ASO,ES,Federal Contract Tower,0,24,11,0,35,0,17,61,3,81,0,41,72,3,116,98,0,98,214
06/15/2023,GMU,SC,ASO,ES,Federal Contract Tower,0,19,21,1,41,0,10,125,0,135,0,29,146,1,176,68,0,68,244
06/16/2023,GMU,SC,ASO,ES,Federal Contract Tower,0,27,24,0,51,0,22,194,10,226,0,49,218,10,277,72,16,88,365
06/17/2023,GMU,SC,ASO,ES,Federal Contract Tower,0,15,23,0,38,0,36,129,1,166,0,51,152,1,204,38,0,38,242
06/18/2023,GMU,SC,ASO,ES,Federal Contract Tower,0,20,25,0,45,0,9,85,0,94,0,29,110,0,139,72,0,72,211
06/19/2023,GMU,SC,ASO,ES,Federal Contract Tower,0,20,10,0,30,0,4,5,0,9,0,24,15,0,39,16,0,16,55
06/20/2023,GMU,SC,ASO,ES,Federal Contract Tower,0,13,5,0,18,0,2,2,0,4,0,15,7,0,22,0,0,0,22
06/21/2023,GMU,SC,ASO,ES,Federal Contract Tower,0,31,14,0,45,0,0,0,0,0,0,31,14,0,45,0,0,0,45
06/22/2023,GMU,SC,ASO,ES,Federal Contract Tower,0,31,12,0,43,0,0,0,0,0,0,31,12,0,43,0,0,0,43
06/23/2023,GMU,SC,ASO,ES,Federal Contract Tower,0,23,21,0,44,0,32,79,0,111,0,55,100,0,155,100,0,100,255
06/24/2023,GMU,SC,ASO,ES,Federal Contract Tower,0,18,21,0,39,0,10,132,0,142,0,28,153,0,181,98,0,98,279
06/25/2023,GMU,SC,ASO,ES,Federal Contract Tower,0,25,17,0,42,0,17,103,0,120,0,42,120,0,162,72,0,72,234
06/26/2023,GMU,SC,ASO,ES,Federal Contract Tower,0,14,18,0,32,0,51,107,6,164,0,65,125,6,196,82,0,82,278
06/27/2023,GMU,SC,ASO,ES,Federal Contract Tower,0,27,18,0,45,0,30,142,3,175,0,57,160,3,220,72,0,72,292
06/28/2023,GMU,SC,ASO,ES,Federal Contract Tower,0,27,30,0,57,0,27,184,4,215,0,54,214,4,272,54,0,54,326
06/29/2023,GMU,SC,ASO,ES,Federal Contract Tower,0,45,25,0,70,0,29,184,0,213,0,74,209,0,283,14,0,14,297
06/30/2023,GMU,SC,ASO,ES,Federal Contract Tower,0,23,22,0,45,0,22,110,0,132,0,45,132,0,177,84,0,84,261
07/01/2023,GMU,SC,ASO,ES,Federal Contract Tower,0,14,24,0,38,0,20,98,0,118,0,34,122,0,156,40,0,40,196
07/02/2023,GMU,SC,ASO,ES,Federal Contract Tower,0,14,6,0,20,0,17,75,0,92,0,31,81,0,112,58,0,58,170
07/03/2023,GMU,SC,ASO,ES,Federal Contract Tower,0,11,14,3,28,0,33,120,5,158,0,44,134,8,186,48,0,48,234
07/04/2023,GMU,SC,ASO,ES,Federal Contract Tower,0,14,16,0,30,0,26,88,7,121,0,40,104,7,151,50,0,50,201
07/05/2023,GMU,SC,ASO,ES,Federal Contract Tower,0,29,23,1,53,0,16,118,2,136,0,45,141,3,189,44,0,44,233
07/06/2023,GMU,SC,ASO,ES,Federal Contract Tower,0,21,17,0,38,0,27,131,2,160,0,48,148,2,198,68,0,68,266
07/07/2023,GMU,SC,ASO,ES,Federal Contract Tower,0,22,18,0,40,0,14,123,0,137,0,36,141,0,177,46,0,46,223
07/08/2023,GMU,SC,ASO,ES,Federal Contract Tower,0,15,21,0,36,0,3,127,0,130,0,18,148,0,166,44,0,44,210
07/09/2023,GMU,SC,ASO,ES,Federal Contract Tower,0,15,16,0,31,0,24,89,2,115,0,39,105,2,146,72,0,72,218
07/10/2023,GMU,SC,ASO,ES,Federal Contract Tower,0,25,26,0,51,0,22,104,0,126,0,47,130,0,177,102,0,102,279
07/11/2023,GMU,SC,ASO,ES,Federal Contract Tower,0,26,19,0,45,0,28,146,0,174,0,54,165,0,219,70,0,70,289
07/12/2023,GMU,SC,ASO,ES,Federal Contract Tower,0,37,14,0,51,0,58,148,0,206,0,95,162,0,257,20,0,20,277
07/13/2023,GMU,SC,ASO,ES,Federal Contract Tower,0,18,21,1,40,0,28,126,2,156,0,46,147,3,196,84,4,88,284
07/14/2023,GMU,SC,ASO,ES,Federal Contract Tower,0,25,32,0,57,0,31,95,8,134,0,56,127,8,191,108,0,108,299
07/15/2023,GMU,SC,ASO,ES,Federal Contract Tower,0,9,23,0,32,0,5,60,0,65,0,14,83,0,97,82,0,82,179
07/16/2023,GMU,SC,ASO,ES,Federal Contract Tower,0,17,11,0,28,0,8,109,6,123,0,25,120,6,151,32,0,32,183
07/17/2023,GMU,SC,ASO,ES,Federal Contract Tower,0,29,17,2,48,0,33,76,2,111,0,62,93,4,159,54,0,54,213
07/18/2023,GMU,SC,ASO,ES,Federal Contract Tower,0,21,22,0,43,0,26,86,0,112,0,47,108,0,155,26,0,26,181
07/19/2023,GMU,SC,ASO,ES,Federal Contract Tower,0,20,14,0,34,0,32,98,2,132,0,52,112,2,166,122,2,124,290
07/20/2023,GMU,SC,ASO,ES,Federal Contract Tower,0,32,15,0,47,0,10,94,2,106,0,42,109,2,153,94,0,94,247
07/21/2023,GMU,SC,ASO,ES,Federal Contract Tower,0,25,20,0,45,0,23,132,0,155,0,48,152,0,200,34,0,34,234
07/22/2023,GMU,SC,ASO,ES,Federal Contract Tower,0,12,27,0,39,0,8,90,0,98,0,20,117,0,137,70,0,70,207
07/23/2023,GMU,SC,ASO,ES,Federal Contract Tower,0,20,21,0,41,0,10,90,1,101,0,30,111,1,142,88,0,88,230
07/24/2023,GMU,SC,ASO,ES,Federal Contract Tower,0,25,18,0,43,0,32,121,2,155,0,57,139,2,198,74,0,74,272
07/25/2023,GMU,SC,ASO,ES,Federal Contract Tower,0,16,14,0,30,0,19,144,0,163,0,35,158,0,193,84,4,88,281
07/26/2023,GMU,SC,ASO,ES,Federal Contract Tower,0,21,11,1,33,0,11,150,2,163,0,32,161,3,196,48,4,52,248
07/27/2023,GMU,SC,ASO,ES,Federal Contract Tower,0,27,21,1,49,0,30,152,7,189,0,57,173,8,238,80,0,80,318
07/28/2023,GMU,SC,ASO,ES,Federal Contract Tower,0,17,28,0,45,0,32,134,4,170,0,49,162,4,215,78,2,80,295
07/29/2023,GMU,SC,ASO,ES,Federal Contract Tower,0,7,26,0,33,0,20,118,4,142,0,27,144,4,175,38,0,38,213
07/30/2023,GMU,SC,ASO,ES,Federal Contract Tower,0,17,18,0,35,0,21,83,0,104,0,38,101,0,139,22,0,22,161
07/31/2023,GMU,SC,ASO,ES,Federal Contract Tower,0,20,12,0,32,0,72,113,0,185,0,92,125,0,217,84,0,84,301
08/01/2023,GMU,SC,ASO,ES,Federal Contract Tower,0,20,12,0,32,0,23,114,3,140,0,43,126,3,172,48,0,48,220
08/02/2023,GMU,SC,ASO,ES,Federal Contract Tower,0,14,33,0,47,0,17,102,0,119,0,31,135,0,166,98,0,98,264
08/03/2023,GMU,SC,ASO,ES,Federal Contract Tower,0,26,10,2,38,0,0,0,0,0,0,26,10,2,38,0,0,0,38
08/04/2023,GMU,SC,ASO,ES,Federal Contract Tower,0,11,21,0,32,0,22,73,0,95,0,33,94,0,127,52,0,52,179
08/05/2023,GMU,SC,ASO,ES,Federal Contract Tower,0,17,29,2,48,0,20,182,2,204,0,37,211,4,252,14,0,14,266
08/06/2023,GMU,SC,ASO,ES,Federal Contract Tower,0,12,25,0,37,0,18,59,6,83,0,30,84,6,120,64,0,64,184
08/07/2023,GMU,SC,ASO,ES,Federal Contract Tower,0,19,17,0,36,0,27,96,0,123,0,46,113,0,159,12,0,12,171
08/08/2023,GMU,SC,ASO,ES,Federal Contract Tower,0,10,16,0,26,0,43,152,28,223,0,53,168,28,249,108,0,108,357
08/09/2023,GMU,SC,ASO,ES,Federal Contract Tower,0,22,24,0,46,0,42,165,0,207,0,64,189,0,253,108,0,108,361
08/10/2023,GMU,SC,ASO,ES,Federal Contract Tower,0,17,19,0,36,0,29,47,4,80,0,46,66,4,116,64,0,64,180
08/11/2023,GMU,SC,ASO,ES,Federal Contract Tower,0,22,20,0,42,0,56,97,0,153,0,78,117,0,195,134,0,134,329
08/12/2023,GMU,SC,ASO,ES,Federal Contract Tower,0,16,16,0,32,0,15,141,0,156,0,31,157,0,188,96,0,96,284
08/13/2023,GMU,SC,ASO,ES,Federal Contract Tower,0,17,19,0,36,0,28,100,0,128,0,45,119,0,164,38,0,38,202
08/14/2023,GMU,SC,ASO,ES,Federal Contract Tower,0,19,12,0,31,0,52,121,0,173,0,71,133,0,204,82,0,82,286
08/15/2023,GMU,SC,ASO,ES,Federal Contract Tower,0,14,14,0,28,0,52,110,2,164,0,66,124,2,192,40,0,40,232
08/16/2023,GMU,SC,ASO,ES,Federal Contract Tower,0,30,24,2,56,0,27,149,7,183,0,57,173,9,239,102,0,102,341
08/17/2023,GMU,SC,ASO,ES,Federal Contract Tower,0,29,23,1,53,0,31,121,0,152,0,60,144,1,205,42,0,42,247
08/18/2023,GMU,SC,ASO,ES,Federal Contract Tower,0,25,21,0,46,0,32,157,0,189,0,57,178,0,235,90,0,90,325
08/19/2023,GMU,SC,ASO,ES,Federal Contract Tower,0,10,14,0,24,0,26,111,1,138,0,36,125,1,162,76,0,76,238
08/20/2023,GMU,SC,ASO,ES,Federal Contract Tower,0,23,20,0,43,0,41,110,0,151,0,64,130,0,194,142,0,142,336
08/21/2023,GMU,SC,ASO,ES,Federal Contract Tower,0,22,13,0,35,0,84,147,2,233,0,106,160,2,268,76,0,76,344
08/22/2023,GMU,SC,ASO,ES,Federal Contract Tower,0,24,10,0,34,0,70,114,8,192,0,94,124,8,226,66,0,66,292
08/23/2023,GMU,SC,ASO,ES,Federal Contract Tower,0,23,21,0,44,0,19,144,0,163,0,42,165,0,207,36,0,36,243
08/24/2023,GMU,SC,ASO,ES,Federal Contract Tower,0,19,13,0,32,0,62,125,3,190,0,81,138,3,222,50,0,50,272
08/25/2023,GMU,SC,ASO,ES,Federal Contract Tower,0,17,10,0,27,0,37,114,0,151,0,54,124,0,178,60,0,60,238
08/26/2023,GMU,SC,ASO,ES,Federal Contract Tower,0,11,18,0,29,0,28,106,1,135,0,39,124,1,164,54,0,54,218
08/27/2023,GMU,SC,ASO,ES,Federal Contract Tower,0,32,13,0,45,0,24,65,0,89,0,56,78,0,134,48,0,48,182
08/28/2023,GMU,SC,ASO,ES,Federal Contract Tower,0,53,26,0,79,0,14,32,2,48,0,67,58,2,127,60,0,60,187
08/29/2023,GMU,SC,ASO,ES,Federal Contract Tower,0,39,22,0,61,0,16,31,1,48,0,55,53,1,109,28,0,28,137
08/30/2023,GMU,SC,ASO,ES,Federal Contract Tower,0,19,27,0,46,0,4,3,0,7,0,23,30,0,53,0,0,0,53
08/31/2023,GMU,SC,ASO,ES,Federal Contract Tower,0,29,20,0,49,0,24,131,0,155,0,53,151,0,204,130,0,130,334
