01/01/2000,GNV,FL,ASO,ES,Federal Contract Tower,2,8,12,0,22,2,8,25,0,35,4,16,37,0,57,10,0,10,67
01/02/2000,GNV,FL,ASO,ES,Federal Contract Tower,4,12,18,0,34,1,7,58,0,66,5,19,76,0,100,48,0,48,148
01/03/2000,GNV,FL,ASO,ES,Federal Contract Tower,4,22,31,0,57,0,6,52,0,58,4,28,83,0,115,34,0,34,149
01/04/2000,GNV,FL,ASO,ES,Federal Contract Tower,4,30,48,4,86,0,0,10,0,10,4,30,58,4,96,22,0,22,118
01/05/2000,GNV,FL,ASO,ES,Federal Contract Tower,4,20,27,0,51,9,10,83,0,102,13,30,110,0,153,48,40,88,241
01/06/2000,GNV,FL,ASO,ES,Federal Contract Tower,4,24,33,0,61,1,4,80,0,85,5,28,113,0,146,74,0,74,220
01/07/2000,GNV,FL,ASO,ES,Federal Contract Tower,6,30,47,6,89,0,0,23,6,29,6,30,70,12,118,14,4,18,136
01/08/2000,GNV,FL,ASO,ES,Federal Contract Tower,4,19,29,4,56,3,0,43,0,46,7,19,72,4,102,4,0,4,106
01/09/2000,GNV,FL,ASO,ES,Federal Contract Tower,3,16,23,3,45,1,3,41,1,46,4,19,64,4,91,40,0,40,131
01/10/2000,GNV,FL,ASO,ES,Federal Contract Tower,3,24,31,0,58,0,5,21,0,26,3,29,52,0,84,22,0,22,106
01/11/2000,GNV,FL,ASO,ES,Federal Contract Tower,3,29,38,5,75,0,1,109,5,115,3,30,147,10,190,96,72,168,358
01/12/2000,GNV,FL,ASO,ES,Federal Contract Tower,5,28,37,2,72,0,0,127,0,127,5,28,164,2,199,186,0,186,385
01/13/2000,GNV,FL,ASO,ES,Federal Contract Tower,5,29,39,2,75,0,0,90,0,90,5,29,129,2,165,68,22,90,255
01/14/2000,GNV,FL,ASO,ES,Federal Contract Tower,5,30,38,0,73,0,4,62,0,66,5,34,100,0,139,48,0,48,187
01/15/2000,GNV,FL,ASO,ES,Federal Contract Tower,4,18,30,4,56,1,0,88,1,90,5,18,118,5,146,108,6,114,260
01/16/2000,GNV,FL,ASO,ES,Federal Contract Tower,3,19,24,0,46,0,2,109,0,111,3,21,133,0,157,106,0,106,263
01/17/2000,GNV,FL,ASO,ES,Federal Contract Tower,2,11,13,0,26,1,14,105,0,120,3,25,118,0,146,92,0,92,238
01/18/2000,GNV,FL,ASO,ES,Federal Contract Tower,4,27,35,4,70,0,4,77,4,85,4,31,112,8,155,68,28,96,251
01/19/2000,GNV,FL,ASO,ES,Federal Contract Tower,6,30,44,4,84,0,0,78,5,83,6,30,122,9,167,126,6,132,299
01/20/2000,GNV,FL,ASO,ES,Federal Contract Tower,4,26,35,2,67,0,2,38,0,40,4,28,73,2,107,0,0,0,107
01/21/2000,GNV,FL,ASO,ES,Federal Contract Tower,6,29,58,6,99,0,0,122,23,145,6,29,180,29,244,50,18,68,312
01/22/2000,GNV,FL,ASO,ES,Federal Contract Tower,4,18,29,2,53,3,0,94,0,97,7,18,123,2,150,92,2,94,244
01/23/2000,GNV,FL,ASO,ES,Federal Contract Tower,4,19,31,3,57,2,0,50,3,55,6,19,81,6,112,36,0,36,148
01/24/2000,GNV,FL,ASO,ES,Federal Contract Tower,4,21,29,1,55,1,5,0,0,6,5,26,29,1,61,0,0,0,61
01/25/2000,GNV,FL,ASO,ES,Federal Contract Tower,5,27,35,3,70,0,1,90,5,96,5,28,125,8,166,72,58,130,296
01/26/2000,GNV,FL,ASO,ES,Federal Contract Tower,4,29,42,4,79,0,0,87,18,105,4,29,129,22,184,82,12,94,278
01/27/2000,GNV,FL,ASO,ES,Federal Contract Tower,6,29,42,4,81,0,0,95,4,99,6,29,137,8,180,52,38,90,270
01/28/2000,GNV,FL,ASO,ES,Federal Contract Tower,1,15,34,3,53,0,0,17,20,37,1,15,51,23,90,0,0,0,90
01/29/2000,GNV,FL,ASO,ES,Federal Contract Tower,0,10,27,2,39,0,0,19,8,27,0,10,46,10,66,14,0,14,80
01/30/2000,GNV,FL,ASO,ES,Federal Contract Tower,4,16,29,1,50,13,0,41,0,54,17,16,70,1,104,56,0,56,160
01/31/2000,GNV,FL,ASO,ES,Federal Contract Tower,2,27,36,3,68,0,2,39,5,46,2,29,75,8,114,30,0,30,144
02/01/2000,GNV,FL,ASO,ES,Federal Contract Tower,3,26,40,4,73,0,6,95,6,107,3,32,135,10,180,62,64,126,306
02/02/2000,GNV,FL,ASO,ES,Federal Contract Tower,4,27,41,4,76,0,4,92,17,113,4,31,133,21,189,112,102,214,403
02/03/2000,GNV,FL,ASO,ES,Federal Contract Tower,4,26,40,0,70,0,6,98,0,104,4,32,138,0,174,64,0,64,238
02/04/2000,GNV,FL,ASO,ES,Federal Contract Tower,5,35,55,6,101,0,0,88,22,110,5,35,143,28,211,48,20,68,279
02/05/2000,GNV,FL,ASO,ES,Federal Contract Tower,4,17,26,0,47,1,4,184,0,189,5,21,210,0,236,42,0,42,278
02/06/2000,GNV,FL,ASO,ES,Federal Contract Tower,6,21,33,2,62,4,4,113,0,121,10,25,146,2,183,60,0,60,243
02/07/2000,GNV,FL,ASO,ES,Federal Contract Tower,7,31,47,5,90,0,0,111,11,122,7,31,158,16,212,142,30,172,384
02/08/2000,GNV,FL,ASO,ES,Federal Contract Tower,4,28,42,5,79,0,4,99,10,113,4,32,141,15,192,72,0,72,264
02/09/2000,GNV,FL,ASO,ES,Federal Contract Tower,5,24,37,1,67,0,5,98,0,103,5,29,135,1,170,130,30,160,330
02/10/2000,GNV,FL,ASO,ES,Federal Contract Tower,5,24,37,1,67,0,6,109,0,115,5,30,146,1,182,106,10,116,298
02/11/2000,GNV,FL,ASO,ES,Federal Contract Tower,5,33,50,1,89,0,0,86,0,86,5,33,136,1,175,54,0,54,229
02/12/2000,GNV,FL,ASO,ES,Federal Contract Tower,7,22,46,0,75,6,0,122,0,128,13,22,168,0,203,112,0,112,315
02/13/2000,GNV,FL,ASO,ES,Federal Contract Tower,7,23,50,1,81,15,0,99,0,114,22,23,149,1,195,58,0,58,253
02/14/2000,GNV,FL,ASO,ES,Federal Contract Tower,4,19,24,0,47,2,5,0,0,7,6,24,24,0,54,0,0,0,54
02/15/2000,GNV,FL,ASO,ES,Federal Contract Tower,5,28,40,0,73,5,3,86,0,94,10,31,126,0,167,92,0,92,259
02/16/2000,GNV,FL,ASO,ES,Federal Contract Tower,4,21,30,4,59,1,6,118,2,127,5,27,148,6,186,114,40,154,340
02/17/2000,GNV,FL,ASO,ES,Federal Contract Tower,5,27,39,0,71,0,3,93,0,96,5,30,132,0,167,44,0,44,211
02/18/2000,GNV,FL,ASO,ES,Federal Contract Tower,5,30,43,6,84,0,6,105,10,121,5,36,148,16,205,108,0,108,313
02/19/2000,GNV,FL,ASO,ES,Federal Contract Tower,5,20,32,4,61,0,0,56,0,56,5,20,88,4,117,68,0,68,185
02/20/2000,GNV,FL,ASO,ES,Federal Contract Tower,4,20,29,4,57,1,0,91,5,97,5,20,120,9,154,18,22,40,194
02/21/2000,GNV,FL,ASO,ES,Federal Contract Tower,4,24,34,1,63,0,5,124,0,129,4,29,158,1,192,74,0,74,266
02/22/2000,GNV,FL,ASO,ES,Federal Contract Tower,5,29,56,7,97,0,0,74,25,99,5,29,130,32,196,84,22,106,302
02/23/2000,GNV,FL,ASO,ES,Federal Contract Tower,5,31,45,6,87,0,0,80,15,95,5,31,125,21,182,94,20,114,296
02/24/2000,GNV,FL,ASO,ES,Federal Contract Tower,5,28,50,4,87,0,0,120,0,120,5,28,170,4,207,116,12,128,335
02/25/2000,GNV,FL,ASO,ES,Federal Contract Tower,5,32,55,4,96,0,0,110,0,110,5,32,165,4,206,84,10,94,300
02/26/2000,GNV,FL,ASO,ES,Federal Contract Tower,5,21,37,0,63,0,0,120,0,120,5,21,157,0,183,48,0,48,231
02/27/2000,GNV,FL,ASO,ES,Federal Contract Tower,5,23,41,4,73,0,0,73,8,81,5,23,114,12,154,22,0,22,176
02/28/2000,GNV,FL,ASO,ES,Federal Contract Tower,3,23,34,0,60,0,6,73,0,79,3,29,107,0,139,92,30,122,261
02/29/2000,GNV,FL,ASO,ES,Federal Contract Tower,4,28,55,6,93,0,0,116,18,134,4,28,171,24,227,110,28,138,365
03/01/2000,GNV,FL,ASO,ES,Federal Contract Tower,6,30,53,3,92,0,0,108,45,153,6,30,161,48,245,138,24,162,407
03/02/2000,GNV,FL,ASO,ES,Federal Contract Tower,5,31,43,2,81,0,9,53,13,75,5,40,96,15,156,96,6,102,258
03/03/2000,GNV,FL,ASO,ES,Federal Contract Tower,5,31,48,1,85,0,0,96,0,96,5,31,144,1,181,44,2,46,227
03/04/2000,GNV,FL,ASO,ES,Federal Contract Tower,4,18,26,0,48,1,5,33,0,39,5,23,59,0,87,0,0,0,87
03/05/2000,GNV,FL,ASO,ES,Federal Contract Tower,5,21,34,1,61,0,0,128,0,128,5,21,162,1,189,66,0,66,255
03/06/2000,GNV,FL,ASO,ES,Federal Contract Tower,5,28,40,0,73,0,5,83,0,88,5,33,123,0,161,156,0,156,317
03/07/2000,GNV,FL,ASO,ES,Federal Contract Tower,4,27,38,2,71,0,9,99,2,110,4,36,137,4,181,92,14,106,287
03/08/2000,GNV,FL,ASO,ES,Federal Contract Tower,5,25,35,0,65,0,10,97,0,107,5,35,132,0,172,28,0,28,200
03/09/2000,GNV,FL,ASO,ES,Federal Contract Tower,5,28,39,0,72,0,3,97,0,100,5,31,136,0,172,50,0,50,222
03/10/2000,GNV,FL,ASO,ES,Federal Contract Tower,5,23,31,0,59,0,8,89,0,97,5,31,120,0,156,62,0,62,218
03/11/2000,GNV,FL,ASO,ES,Federal Contract Tower,4,21,28,0,53,1,8,64,0,73,5,29,92,0,126,46,0,46,172
03/12/2000,GNV,FL,ASO,ES,Federal Contract Tower,4,23,32,0,59,1,0,95,0,96,5,23,127,0,155,58,0,58,213
03/13/2000,GNV,FL,ASO,ES,Federal Contract Tower,4,26,34,0,64,0,7,94,0,101,4,33,128,0,165,16,0,16,181
03/14/2000,GNV,FL,ASO,ES,Federal Contract Tower,4,30,43,4,81,0,0,101,6,107,4,30,144,10,188,76,6,82,270
03/15/2000,GNV,FL,ASO,ES,Federal Contract Tower,7,33,50,0,90,0,0,101,0,101,7,33,151,0,191,40,0,40,231
03/16/2000,GNV,FL,ASO,ES,Federal Contract Tower,5,32,42,3,82,0,0,32,1,33,5,32,74,4,115,50,0,50,165
03/17/2000,GNV,FL,ASO,ES,Federal Contract Tower,5,32,54,0,91,0,0,68,0,68,5,32,122,0,159,60,0,60,219
03/18/2000,GNV,FL,ASO,ES,Federal Contract Tower,4,20,37,0,61,1,0,99,0,100,5,20,136,0,161,12,0,12,173
03/19/2000,GNV,FL,ASO,ES,Federal Contract Tower,3,25,36,0,64,0,0,55,0,55,3,25,91,0,119,8,0,8,127
03/20/2000,GNV,FL,ASO,ES,Federal Contract Tower,4,25,32,3,64,2,5,86,0,93,6,30,118,3,157,130,0,130,287
03/21/2000,GNV,FL,ASO,ES,Federal Contract Tower,5,29,46,4,84,0,0,152,12,164,5,29,198,16,248,150,8,158,406
03/22/2000,GNV,FL,ASO,ES,Federal Contract Tower,5,31,40,3,79,2,0,127,3,132,7,31,167,6,211,88,30,118,329
03/23/2000,GNV,FL,ASO,ES,Federal Contract Tower,4,28,36,3,71,1,3,82,0,86,5,31,118,3,157,72,0,72,229
03/24/2000,GNV,FL,ASO,ES,Federal Contract Tower,6,30,47,1,84,3,0,117,0,120,9,30,164,1,204,46,6,52,256
03/25/2000,GNV,FL,ASO,ES,Federal Contract Tower,4,19,33,3,59,1,0,108,0,109,5,19,141,3,168,126,0,126,294
03/26/2000,GNV,FL,ASO,ES,Federal Contract Tower,5,25,40,1,71,1,0,43,0,44,6,25,83,1,115,52,0,52,167
03/27/2000,GNV,FL,ASO,ES,Federal Contract Tower,3,28,39,2,72,0,0,25,20,45,3,28,64,22,117,66,0,66,183
03/28/2000,GNV,FL,ASO,ES,Federal Contract Tower,6,32,46,3,87,0,0,119,11,130,6,32,165,14,217,50,8,58,275
03/29/2000,GNV,FL,ASO,ES,Federal Contract Tower,6,31,47,3,87,3,0,159,2,164,9,31,206,5,251,60,8,68,319
03/30/2000,GNV,FL,ASO,ES,Federal Contract Tower,4,21,28,0,53,3,15,3,0,21,7,36,31,0,74,30,0,30,104
03/31/2000,GNV,FL,ASO,ES,Federal Contract Tower,7,36,59,0,102,0,0,50,0,50,7,36,109,0,152,94,0,94,246
04/01/2000,GNV,FL,ASO,ES,Federal Contract Tower,5,20,35,2,62,0,0,80,0,80,5,20,115,2,142,78,0,78,220
04/02/2000,GNV,FL,ASO,ES,Federal Contract Tower,5,21,33,2,61,0,2,132,0,134,5,23,165,2,195,74,0,74,269
04/03/2000,GNV,FL,ASO,ES,Federal Contract Tower,3,21,33,0,57,0,3,92,0,95,3,24,125,0,152,116,39,155,307
04/04/2000,GNV,FL,ASO,ES,Federal Contract Tower,6,27,40,2,75,8,6,43,2,59,14,33,83,4,134,80,12,92,226
04/05/2000,GNV,FL,ASO,ES,Federal Contract Tower,7,30,48,3,88,2,0,133,9,144,9,30,181,12,232,102,0,102,334
04/06/2000,GNV,FL,ASO,ES,Federal Contract Tower,5,31,47,3,86,0,0,118,4,122,5,31,165,7,208,140,0,140,348
04/07/2000,GNV,FL,ASO,ES,Federal Contract Tower,4,29,51,3,87,0,0,160,7,167,4,29,211,10,254,168,0,168,422
04/08/2000,GNV,FL,ASO,ES,Federal Contract Tower,4,17,41,0,62,0,0,117,0,117,4,17,158,0,179,30,0,30,209
04/09/2000,GNV,FL,ASO,ES,Federal Contract Tower,5,21,40,2,68,0,0,157,8,165,5,21,197,10,233,42,0,42,275
04/10/2000,GNV,FL,ASO,ES,Federal Contract Tower,5,26,38,2,71,0,2,137,0,139,5,28,175,2,210,76,0,76,286
04/11/2000,GNV,FL,ASO,ES,Federal Contract Tower,4,30,46,3,83,0,0,142,1,143,4,30,188,4,226,100,0,100,326
04/12/2000,GNV,FL,ASO,ES,Federal Contract Tower,5,28,39,2,74,0,1,108,0,109,5,29,147,2,183,48,30,78,261
04/13/2000,GNV,FL,ASO,ES,Federal Contract Tower,5,31,50,3,89,0,0,84,18,102,5,31,134,21,191,40,32,72,263
04/14/2000,GNV,FL,ASO,ES,Federal Contract Tower,5,27,41,4,77,3,0,0,6,9,8,27,41,10,86,0,0,0,86
04/15/2000,GNV,FL,ASO,ES,Federal Contract Tower,4,17,32,0,53,2,0,37,0,39,6,17,69,0,92,24,0,24,116
04/16/2000,GNV,FL,ASO,ES,Federal Contract Tower,3,21,28,0,52,0,1,88,0,89,3,22,116,0,141,28,0,28,169
04/17/2000,GNV,FL,ASO,ES,Federal Contract Tower,3,29,40,4,76,0,12,86,4,102,3,41,126,8,178,74,0,74,252
04/18/2000,GNV,FL,ASO,ES,Federal Contract Tower,4,31,45,4,84,0,0,114,10,124,4,31,159,14,208,98,0,98,306
04/19/2000,GNV,FL,ASO,ES,Federal Contract Tower,4,25,34,3,66,3,4,99,15,121,7,29,133,18,187,94,34,128,315
04/20/2000,GNV,FL,ASO,ES,Federal Contract Tower,5,33,47,4,89,0,0,127,2,129,5,33,174,6,218,68,0,68,286
04/21/2000,GNV,FL,ASO,ES,Federal Contract Tower,5,29,41,4,79,0,1,87,8,96,5,30,128,12,175,48,14,62,237
04/22/2000,GNV,FL,ASO,ES,Federal Contract Tower,2,16,22,0,40,3,0,99,0,102,5,16,121,0,142,8,0,8,150
04/23/2000,GNV,FL,ASO,ES,Federal Contract Tower,3,21,29,0,53,1,2,94,0,97,4,23,123,0,150,20,0,20,170
04/24/2000,GNV,FL,ASO,ES,Federal Contract Tower,4,23,32,2,61,0,13,40,0,53,4,36,72,2,114,34,0,34,148
04/25/2000,GNV,FL,ASO,ES,Federal Contract Tower,4,27,37,3,71,0,4,60,5,69,4,31,97,8,140,50,30,80,220
04/26/2000,GNV,FL,ASO,ES,Federal Contract Tower,4,24,34,2,64,1,7,115,0,123,5,31,149,2,187,52,20,72,259
04/27/2000,GNV,FL,ASO,ES,Federal Contract Tower,5,29,41,0,75,0,0,124,0,124,5,29,165,0,199,106,0,106,305
04/28/2000,GNV,FL,ASO,ES,Federal Contract Tower,4,27,38,0,69,1,3,45,0,49,5,30,83,0,118,46,0,46,164
04/29/2000,GNV,FL,ASO,ES,Federal Contract Tower,4,18,35,0,57,2,0,102,0,104,6,18,137,0,161,62,0,62,223
04/30/2000,GNV,FL,ASO,ES,Federal Contract Tower,3,20,28,0,51,0,1,91,0,92,3,21,119,0,143,46,0,46,189
05/01/2000,GNV,FL,ASO,ES,Federal Contract Tower,3,27,32,2,64,0,19,97,4,120,3,46,129,6,184,74,58,132,316
05/02/2000,GNV,FL,ASO,ES,Federal Contract Tower,4,28,33,0,65,0,3,148,0,151,4,31,181,0,216,206,0,206,422
05/03/2000,GNV,FL,ASO,ES,Federal Contract Tower,4,27,32,2,65,0,3,68,27,98,4,30,100,29,163,0,48,48,211
05/04/2000,GNV,FL,ASO,ES,Federal Contract Tower,5,32,38,0,75,0,0,83,0,83,5,32,121,0,158,92,0,92,250
05/05/2000,GNV,FL,ASO,ES,Federal Contract Tower,6,29,39,1,75,2,0,108,0,110,8,29,147,1,185,82,0,82,267
05/06/2000,GNV,FL,ASO,ES,Federal Contract Tower,3,17,25,0,45,0,0,121,0,121,3,17,146,0,166,80,0,80,246
05/07/2000,GNV,FL,ASO,ES,Federal Contract Tower,5,22,31,2,60,3,0,70,3,76,8,22,101,5,136,6,24,30,166
05/08/2000,GNV,FL,ASO,ES,Federal Contract Tower,4,28,37,0,69,0,0,100,0,100,4,28,137,0,169,56,0,56,225
05/09/2000,GNV,FL,ASO,ES,Federal Contract Tower,4,26,30,2,62,0,5,98,4,107,4,31,128,6,169,80,26,106,275
05/10/2000,GNV,FL,ASO,ES,Federal Contract Tower,5,29,35,2,71,0,0,73,6,79,5,29,108,8,150,0,2,2,152
05/11/2000,GNV,FL,ASO,ES,Federal Contract Tower,5,32,39,3,79,0,0,87,3,90,5,32,126,6,169,30,4,34,203
05/12/2000,GNV,FL,ASO,ES,Federal Contract Tower,5,30,37,2,74,0,0,104,0,104,5,30,141,2,178,48,0,48,226
05/13/2000,GNV,FL,ASO,ES,Federal Contract Tower,3,17,23,0,43,2,0,129,0,131,5,17,152,0,174,44,0,44,218
05/14/2000,GNV,FL,ASO,ES,Federal Contract Tower,3,20,22,0,45,1,2,86,0,89,4,22,108,0,134,32,0,32,166
05/15/2000,GNV,FL,ASO,ES,Federal Contract Tower,5,26,32,0,63,3,0,105,0,108,8,26,137,0,171,94,0,94,265
05/16/2000,GNV,FL,ASO,ES,Federal Contract Tower,4,29,32,3,68,0,7,83,11,101,4,36,115,14,169,78,80,158,327
05/17/2000,GNV,FL,ASO,ES,Federal Contract Tower,5,31,38,4,78,0,0,134,19,153,5,31,172,23,231,90,26,116,347
05/18/2000,GNV,FL,ASO,ES,Federal Contract Tower,5,29,40,4,78,0,0,95,27,122,5,29,135,31,200,66,12,78,278
05/19/2000,GNV,FL,ASO,ES,Federal Contract Tower,4,30,33,3,70,0,5,78,2,85,4,35,111,5,155,78,2,80,235
05/20/2000,GNV,FL,ASO,ES,Federal Contract Tower,4,18,25,3,50,0,0,116,5,121,4,18,141,8,171,70,0,70,241
05/21/2000,GNV,FL,ASO,ES,Federal Contract Tower,3,19,20,0,42,0,3,75,0,78,3,22,95,0,120,44,0,44,164
05/22/2000,GNV,FL,ASO,ES,Federal Contract Tower,4,26,29,3,62,2,2,70,6,80,6,28,99,9,142,26,84,110,252
05/23/2000,GNV,FL,ASO,ES,Federal Contract Tower,4,32,35,0,71,0,2,113,0,115,4,34,148,0,186,100,0,100,286
05/24/2000,GNV,FL,ASO,ES,Federal Contract Tower,5,31,35,3,74,0,0,121,7,128,5,31,156,10,202,74,20,94,296
05/25/2000,GNV,FL,ASO,ES,Federal Contract Tower,5,28,31,3,67,0,4,96,4,104,5,32,127,7,171,50,40,90,261
05/26/2000,GNV,FL,ASO,ES,Federal Contract Tower,5,30,39,0,74,0,0,90,0,90,5,30,129,0,164,28,0,28,192
05/27/2000,GNV,FL,ASO,ES,Federal Contract Tower,3,19,22,0,44,2,0,82,0,84,5,19,104,0,128,26,0,26,154
05/28/2000,GNV,FL,ASO,ES,Federal Contract Tower,2,13,15,0,30,2,6,29,0,37,4,19,44,0,67,0,0,0,67
05/29/2000,GNV,FL,ASO,ES,Federal Contract Tower,4,27,33,2,66,0,0,119,5,124,4,27,152,7,190,16,0,16,206
05/30/2000,GNV,FL,ASO,ES,Federal Contract Tower,4,34,39,2,79,0,0,130,0,130,4,34,169,2,209,64,0,64,273
05/31/2000,GNV,FL,ASO,ES,Federal Contract Tower,5,31,36,2,74,2,0,104,4,110,7,31,140,6,184,140,46,186,370
06/01/2000,GNV,FL,ASO,ES,Federal Contract Tower,5,30,38,2,75,0,0,83,7,90,5,30,121,9,165,32,8,40,205
06/02/2000,GNV,FL,ASO,ES,Federal Contract Tower,5,29,34,0,68,0,0,89,0,89,5,29,123,0,157,106,0,106,263
06/03/2000,GNV,FL,ASO,ES,Federal Contract Tower,3,15,19,0,37,0,0,85,0,85,3,15,104,0,122,42,0,42,164
06/04/2000,GNV,FL,ASO,ES,Federal Contract Tower,2,21,22,0,45,0,1,69,0,70,2,22,91,0,115,40,0,40,155
06/05/2000,GNV,FL,ASO,ES,Federal Contract Tower,4,23,24,1,52,0,7,66,1,74,4,30,90,2,126,62,20,82,208
06/06/2000,GNV,FL,ASO,ES,Federal Contract Tower,4,26,27,1,58,0,6,48,3,57,4,32,75,4,115,56,2,58,173
06/07/2000,GNV,FL,ASO,ES,Federal Contract Tower,6,30,32,1,69,0,0,79,5,84,6,30,111,6,153,78,0,78,231
06/08/2000,GNV,FL,ASO,ES,Federal Contract Tower,5,29,35,0,69,0,0,103,0,103,5,29,138,0,172,78,0,78,250
06/09/2000,GNV,FL,ASO,ES,Federal Contract Tower,5,31,36,0,72,0,0,117,0,117,5,31,153,0,189,32,0,32,221
06/10/2000,GNV,FL,ASO,ES,Federal Contract Tower,4,16,21,0,41,1,0,142,0,143,5,16,163,0,184,44,0,44,228
06/11/2000,GNV,FL,ASO,ES,Federal Contract Tower,4,20,25,0,49,0,0,56,0,56,4,20,81,0,105,44,0,44,149
06/12/2000,GNV,FL,ASO,ES,Federal Contract Tower,5,25,27,0,57,1,4,59,0,64,6,29,86,0,121,54,0,54,175
06/13/2000,GNV,FL,ASO,ES,Federal Contract Tower,4,29,31,2,66,0,0,77,3,80,4,29,108,5,146,70,38,108,254
06/14/2000,GNV,FL,ASO,ES,Federal Contract Tower,5,25,27,2,59,0,0,83,6,89,5,25,110,8,148,82,0,82,230
06/15/2000,GNV,FL,ASO,ES,Federal Contract Tower,5,28,28,2,63,0,1,99,6,106,5,29,127,8,169,44,0,44,213
06/16/2000,GNV,FL,ASO,ES,Federal Contract Tower,4,24,24,0,52,3,1,118,0,122,7,25,142,0,174,128,0,128,302
06/17/2000,GNV,FL,ASO,ES,Federal Contract Tower,2,15,14,1,32,3,2,75,0,80,5,17,89,1,112,78,0,78,190
06/18/2000,GNV,FL,ASO,ES,Federal Contract Tower,3,17,16,0,36,2,1,53,0,56,5,18,69,0,92,14,0,14,106
06/19/2000,GNV,FL,ASO,ES,Federal Contract Tower,4,27,28,0,59,0,0,78,0,78,4,27,106,0,137,92,0,92,229
06/20/2000,GNV,FL,ASO,ES,Federal Contract Tower,4,28,28,2,62,0,1,56,4,61,4,29,84,6,123,20,2,22,145
06/21/2000,GNV,FL,ASO,ES,Federal Contract Tower,4,26,26,2,58,3,0,32,2,37,7,26,58,4,95,60,0,60,155
06/22/2000,GNV,FL,ASO,ES,Federal Contract Tower,5,26,27,2,60,0,0,31,12,43,5,26,58,14,103,56,2,58,161
06/23/2000,GNV,FL,ASO,ES,Federal Contract Tower,4,22,22,0,48,3,2,45,0,50,7,24,67,0,98,52,0,52,150
06/24/2000,GNV,FL,ASO,ES,Federal Contract Tower,3,19,20,0,42,2,0,71,0,73,5,19,91,0,115,68,0,68,183
06/25/2000,GNV,FL,ASO,ES,Federal Contract Tower,2,20,21,0,43,0,0,73,0,73,2,20,94,0,116,44,0,44,160
06/26/2000,GNV,FL,ASO,ES,Federal Contract Tower,4,23,22,2,51,0,4,34,0,38,4,27,56,2,89,12,0,12,101
06/27/2000,GNV,FL,ASO,ES,Federal Contract Tower,4,27,26,2,59,0,1,44,4,49,4,28,70,6,108,40,0,40,148
06/28/2000,GNV,FL,ASO,ES,Federal Contract Tower,4,26,27,0,57,3,1,64,0,68,7,27,91,0,125,100,0,100,225
06/29/2000,GNV,FL,ASO,ES,Federal Contract Tower,4,24,24,1,53,0,4,33,3,40,4,28,57,4,93,10,16,26,119
06/30/2000,GNV,FL,ASO,ES,Federal Contract Tower,4,26,29,0,59,0,0,45,0,45,4,26,74,0,104,20,0,20,124
07/01/2000,GNV,FL,ASO,ES,Federal Contract Tower,3,17,24,0,44,0,0,74,0,74,3,17,98,0,118,36,0,36,154
07/02/2000,GNV,FL,ASO,ES,Federal Contract Tower,4,13,22,0,39,3,0,67,0,70,7,13,89,0,109,98,0,98,207
07/03/2000,GNV,FL,ASO,ES,Federal Contract Tower,4,16,23,0,43,4,4,76,0,84,8,20,99,0,127,60,0,60,187
07/04/2000,GNV,FL,ASO,ES,Federal Contract Tower,4,19,32,0,55,0,0,90,0,90,4,19,122,0,145,68,0,68,213
07/05/2000,GNV,FL,ASO,ES,Federal Contract Tower,5,24,33,1,63,0,2,76,5,83,5,26,109,6,146,44,6,50,196
07/06/2000,GNV,FL,ASO,ES,Federal Contract Tower,4,22,30,1,57,0,0,79,5,84,4,22,109,6,141,104,0,104,245
07/07/2000,GNV,FL,ASO,ES,Federal Contract Tower,1,16,23,0,40,0,9,54,0,63,1,25,77,0,103,28,0,28,131
07/08/2000,GNV,FL,ASO,ES,Federal Contract Tower,4,17,21,0,42,0,0,42,0,42,4,17,63,0,84,24,0,24,108
07/09/2000,GNV,FL,ASO,ES,Federal Contract Tower,4,19,25,0,48,5,0,52,0,57,9,19,77,0,105,62,0,62,167
07/10/2000,GNV,FL,ASO,ES,Federal Contract Tower,3,26,34,1,64,0,0,76,10,86,3,26,110,11,150,84,34,118,268
07/11/2000,GNV,FL,ASO,ES,Federal Contract Tower,4,26,33,1,64,0,0,101,1,102,4,26,134,2,166,30,52,82,248
07/12/2000,GNV,FL,ASO,ES,Federal Contract Tower,3,22,28,0,53,0,5,66,0,71,3,27,94,0,124,60,0,60,184
07/13/2000,GNV,FL,ASO,ES,Federal Contract Tower,1,23,28,0,52,0,4,57,0,61,1,27,85,0,113,104,0,104,217
07/14/2000,GNV,FL,ASO,ES,Federal Contract Tower,4,24,30,0,58,1,2,84,0,87,5,26,114,0,145,14,0,14,159
07/15/2000,GNV,FL,ASO,ES,Federal Contract Tower,2,14,17,0,33,4,3,40,0,47,6,17,57,0,80,24,0,24,104
07/16/2000,GNV,FL,ASO,ES,Federal Contract Tower,3,18,24,0,45,1,0,47,0,48,4,18,71,0,93,20,0,20,113
07/17/2000,GNV,FL,ASO,ES,Federal Contract Tower,4,27,37,2,70,0,0,63,15,78,4,27,100,17,148,12,0,12,160
07/18/2000,GNV,FL,ASO,ES,Federal Contract Tower,3,24,29,1,57,1,8,83,0,92,4,32,112,1,149,102,28,130,279
07/19/2000,GNV,FL,ASO,ES,Federal Contract Tower,4,27,33,0,64,1,2,108,0,111,5,29,141,0,175,74,0,74,249
07/20/2000,GNV,FL,ASO,ES,Federal Contract Tower,4,24,33,2,63,1,0,63,0,64,5,24,96,2,127,54,24,78,205
07/21/2000,GNV,FL,ASO,ES,Federal Contract Tower,4,24,31,0,59,0,5,100,0,105,4,29,131,0,164,54,0,54,218
07/22/2000,GNV,FL,ASO,ES,Federal Contract Tower,4,18,33,2,57,0,0,29,12,41,4,18,62,14,98,52,0,52,150
07/23/2000,GNV,FL,ASO,ES,Federal Contract Tower,2,19,25,0,46,0,0,33,0,33,2,19,58,0,79,6,0,6,85
07/24/2000,GNV,FL,ASO,ES,Federal Contract Tower,4,27,40,0,71,0,0,30,0,30,4,27,70,0,101,54,0,54,155
07/25/2000,GNV,FL,ASO,ES,Federal Contract Tower,4,26,32,2,64,0,2,84,7,93,4,28,116,9,157,50,14,64,221
07/26/2000,GNV,FL,ASO,ES,Federal Contract Tower,5,26,46,0,77,0,0,73,0,73,5,26,119,0,150,64,0,64,214
07/27/2000,GNV,FL,ASO,ES,Federal Contract Tower,5,27,47,2,81,0,0,58,2,60,5,27,105,4,141,66,0,66,207
07/28/2000,GNV,FL,ASO,ES,Federal Contract Tower,4,27,39,1,71,0,0,93,6,99,4,27,132,7,170,70,0,70,240
07/29/2000,GNV,FL,ASO,ES,Federal Contract Tower,4,17,36,0,57,0,0,72,0,72,4,17,108,0,129,76,0,76,205
07/30/2000,GNV,FL,ASO,ES,Federal Contract Tower,4,19,33,0,56,0,0,63,0,63,4,19,96,0,119,46,0,46,165
07/31/2000,GNV,FL,ASO,ES,Federal Contract Tower,2,24,30,1,57,0,5,70,1,76,2,29,100,2,133,86,12,98,231
08/01/2000,GNV,FL,ASO,ES,Federal Contract Tower,2,18,27,1,48,0,5,63,5,73,2,23,90,6,121,40,28,68,189
08/02/2000,GNV,FL,ASO,ES,Federal Contract Tower,5,22,38,1,66,0,0,96,3,99,5,22,134,4,165,116,0,116,281
08/03/2000,GNV,FL,ASO,ES,Federal Contract Tower,5,18,34,0,57,0,0,54,0,54,5,18,88,0,111,28,0,28,139
08/04/2000,GNV,FL,ASO,ES,Federal Contract Tower,4,15,24,0,43,0,3,44,0,47,4,18,68,0,90,54,0,54,144
08/05/2000,GNV,FL,ASO,ES,Federal Contract Tower,4,15,24,0,43,0,1,84,0,85,4,16,108,0,128,82,0,82,210
08/06/2000,GNV,FL,ASO,ES,Federal Contract Tower,3,11,16,0,30,1,6,37,0,44,4,17,53,0,74,10,0,10,84
08/07/2000,GNV,FL,ASO,ES,Federal Contract Tower,2,21,31,1,55,0,0,67,2,69,2,21,98,3,124,102,20,122,246
08/08/2000,GNV,FL,ASO,ES,Federal Contract Tower,4,18,27,1,50,0,4,72,3,79,4,22,99,4,129,64,0,64,193
08/09/2000,GNV,FL,ASO,ES,Federal Contract Tower,3,19,37,2,61,0,0,96,12,108,3,19,133,14,169,60,8,68,237
08/10/2000,GNV,FL,ASO,ES,Federal Contract Tower,5,22,33,2,62,1,0,86,10,97,6,22,119,12,159,90,24,114,273
08/11/2000,GNV,FL,ASO,ES,Federal Contract Tower,4,21,31,2,58,1,0,95,2,98,5,21,126,4,156,96,18,114,270
08/12/2000,GNV,FL,ASO,ES,Federal Contract Tower,3,14,19,1,37,2,2,22,1,27,5,16,41,2,64,0,0,0,64
08/13/2000,GNV,FL,ASO,ES,Federal Contract Tower,3,15,22,0,40,2,0,77,0,79,5,15,99,0,119,40,0,40,159
08/14/2000,GNV,FL,ASO,ES,Federal Contract Tower,4,20,28,2,54,0,7,48,2,57,4,27,76,4,111,118,0,118,229
08/15/2000,GNV,FL,ASO,ES,Federal Contract Tower,3,22,37,1,63,0,0,109,0,109,3,22,146,1,172,102,10,112,284
08/16/2000,GNV,FL,ASO,ES,Federal Contract Tower,5,21,33,2,61,0,0,82,8,90,5,21,115,10,151,80,0,80,231
08/17/2000,GNV,FL,ASO,ES,Federal Contract Tower,4,21,31,0,56,1,0,119,0,120,5,21,150,0,176,126,0,126,302
08/18/2000,GNV,FL,ASO,ES,Federal Contract Tower,5,23,32,1,61,0,1,74,0,75,5,24,106,1,136,36,2,38,174
08/19/2000,GNV,FL,ASO,ES,Federal Contract Tower,3,13,18,1,35,1,4,51,0,56,4,17,69,1,91,74,0,74,165
08/20/2000,GNV,FL,ASO,ES,Federal Contract Tower,3,15,20,0,38,2,0,42,0,44,5,15,62,0,82,28,0,28,110
08/21/2000,GNV,FL,ASO,ES,Federal Contract Tower,3,19,25,0,47,1,2,32,0,35,4,21,57,0,82,66,0,66,148
08/22/2000,GNV,FL,ASO,ES,Federal Contract Tower,3,23,36,0,62,0,0,71,0,71,3,23,107,0,133,44,0,44,177
08/23/2000,GNV,FL,ASO,ES,Federal Contract Tower,5,22,34,2,63,0,0,85,9,94,5,22,119,11,157,84,34,118,275
08/24/2000,GNV,FL,ASO,ES,Federal Contract Tower,4,23,37,0,64,0,0,76,0,76,4,23,113,0,140,96,0,96,236
08/25/2000,GNV,FL,ASO,ES,Federal Contract Tower,4,23,38,1,66,0,0,94,7,101,4,23,132,8,167,128,0,128,295
08/26/2000,GNV,FL,ASO,ES,Federal Contract Tower,3,15,24,0,42,1,0,102,0,103,4,15,126,0,145,136,0,136,281
08/27/2000,GNV,FL,ASO,ES,Federal Contract Tower,4,17,31,0,52,1,0,73,0,74,5,17,104,0,126,58,0,58,184
08/28/2000,GNV,FL,ASO,ES,Federal Contract Tower,4,23,34,0,61,0,0,109,0,109,4,23,143,0,170,112,0,112,282
08/29/2000,GNV,FL,ASO,ES,Federal Contract Tower,4,20,29,1,54,0,2,45,2,49,4,22,74,3,103,78,0,78,181
08/30/2000,GNV,FL,ASO,ES,Federal Contract Tower,4,19,29,1,53,1,3,54,1,59,5,22,83,2,112,58,0,58,170
08/31/2000,GNV,FL,ASO,ES,Federal Contract Tower,4,20,30,0,54,1,6,86,0,93,5,26,116,0,147,42,0,42,189
09/01/2000,GNV,FL,ASO,ES,Federal Contract Tower,5,17,30,0,52,3,5,44,0,52,8,22,74,0,104,48,0,48,152
09/02/2000,GNV,FL,ASO,ES,Federal Contract Tower,3,13,24,0,40,0,4,47,0,51,3,17,71,0,91,80,0,80,171
09/03/2000,GNV,FL,ASO,ES,Federal Contract Tower,4,10,21,1,36,0,0,33,8,41,4,10,54,9,77,14,6,20,97
09/04/2000,GNV,FL,ASO,ES,Federal Contract Tower,4,13,23,1,41,1,1,62,7,71,5,14,85,8,112,78,0,78,190
09/05/2000,GNV,FL,ASO,ES,Federal Contract Tower,3,23,38,1,65,0,0,41,3,44,3,23,79,4,109,54,0,54,163
09/06/2000,GNV,FL,ASO,ES,Federal Contract Tower,4,15,25,1,45,0,6,45,1,52,4,21,70,2,97,68,0,68,165
09/07/2000,GNV,FL,ASO,ES,Federal Contract Tower,5,19,32,0,56,0,2,52,0,54,5,21,84,0,110,66,0,66,176
09/08/2000,GNV,FL,ASO,ES,Federal Contract Tower,7,22,43,0,72,0,0,40,0,40,7,22,83,0,112,26,0,26,138
09/09/2000,GNV,FL,ASO,ES,Federal Contract Tower,4,19,29,0,52,0,0,18,0,18,4,19,47,0,70,34,0,34,104
09/10/2000,GNV,FL,ASO,ES,Federal Contract Tower,3,16,29,2,50,0,0,53,12,65,3,16,82,14,115,28,0,28,143
09/11/2000,GNV,FL,ASO,ES,Federal Contract Tower,3,17,26,2,48,1,5,90,4,100,4,22,116,6,148,64,84,148,296
09/12/2000,GNV,FL,ASO,ES,Federal Contract Tower,4,22,37,2,65,0,0,95,4,99,4,22,132,6,164,134,0,134,298
09/13/2000,GNV,FL,ASO,ES,Federal Contract Tower,5,20,31,0,56,0,1,78,0,79,5,21,109,0,135,146,0,146,281
09/14/2000,GNV,FL,ASO,ES,Federal Contract Tower,6,22,42,3,73,1,0,92,3,96,7,22,134,6,169,130,4,134,303
09/15/2000,GNV,FL,ASO,ES,Federal Contract Tower,7,23,48,0,78,0,0,114,0,114,7,23,162,0,192,120,0,120,312
09/16/2000,GNV,FL,ASO,ES,Federal Contract Tower,4,14,30,0,48,1,0,69,0,70,5,14,99,0,118,60,0,60,178
09/17/2000,GNV,FL,ASO,ES,Federal Contract Tower,1,10,15,0,26,0,5,1,0,6,1,15,16,0,32,0,0,0,32
09/18/2000,GNV,FL,ASO,ES,Federal Contract Tower,3,19,30,2,54,0,4,19,4,27,3,23,49,6,81,2,12,14,95
09/19/2000,GNV,FL,ASO,ES,Federal Contract Tower,4,18,27,2,51,0,5,91,3,99,4,23,118,5,150,60,20,80,230
09/20/2000,GNV,FL,ASO,ES,Federal Contract Tower,5,22,34,2,63,0,1,45,2,48,5,23,79,4,111,46,26,72,183
09/21/2000,GNV,FL,ASO,ES,Federal Contract Tower,4,19,30,2,55,1,3,74,4,82,5,22,104,6,137,62,38,100,237
09/22/2000,GNV,FL,ASO,ES,Federal Contract Tower,6,21,36,0,63,1,0,42,0,43,7,21,78,0,106,30,6,36,142
09/23/2000,GNV,FL,ASO,ES,Federal Contract Tower,6,20,48,0,74,0,0,154,0,154,6,20,202,0,228,104,0,104,332
09/24/2000,GNV,FL,ASO,ES,Federal Contract Tower,4,20,33,0,57,0,0,42,0,42,4,20,75,0,99,22,0,22,121
09/25/2000,GNV,FL,ASO,ES,Federal Contract Tower,4,20,32,1,57,0,1,89,2,92,4,21,121,3,149,96,6,102,251
09/26/2000,GNV,FL,ASO,ES,Federal Contract Tower,4,23,36,0,63,0,0,64,0,64,4,23,100,0,127,38,0,38,165
09/27/2000,GNV,FL,ASO,ES,Federal Contract Tower,6,27,43,2,78,0,0,128,2,130,6,27,171,4,208,114,8,122,330
09/28/2000,GNV,FL,ASO,ES,Federal Contract Tower,5,23,36,0,64,0,0,113,0,113,5,23,149,0,177,136,0,136,313
09/29/2000,GNV,FL,ASO,ES,Federal Contract Tower,5,22,38,0,65,1,0,87,0,88,6,22,125,0,153,30,0,30,183
09/30/2000,GNV,FL,ASO,ES,Federal Contract Tower,3,13,21,1,38,3,2,22,1,28,6,15,43,2,66,14,0,14,80
10/01/2000,GNV,FL,ASO,ES,Federal Contract Tower,4,14,27,0,45,0,5,49,0,54,4,19,76,0,99,22,0,22,121
10/02/2000,GNV,FL,ASO,ES,Federal Contract Tower,5,19,37,0,61,0,1,96,0,97,5,20,133,0,158,210,0,210,368
10/03/2000,GNV,FL,ASO,ES,Federal Contract Tower,4,14,28,2,48,0,6,44,0,50,4,20,72,2,98,145,11,156,254
10/04/2000,GNV,FL,ASO,ES,Federal Contract Tower,5,18,48,3,74,0,0,86,10,96,5,18,134,13,170,108,0,108,278
10/05/2000,GNV,FL,ASO,ES,Federal Contract Tower,5,20,38,0,63,0,3,102,0,105,5,23,140,0,168,104,10,114,282
10/06/2000,GNV,FL,ASO,ES,Federal Contract Tower,6,20,40,0,66,1,7,66,0,74,7,27,106,0,140,110,0,110,250
10/07/2000,GNV,FL,ASO,ES,Federal Contract Tower,6,36,71,0,113,0,0,83,0,83,6,36,154,0,196,170,0,170,366
10/08/2000,GNV,FL,ASO,ES,Federal Contract Tower,4,14,33,0,51,1,0,54,0,55,5,14,87,0,106,46,0,46,152
10/09/2000,GNV,FL,ASO,ES,Federal Contract Tower,5,20,37,0,62,0,5,29,0,34,5,25,66,0,96,72,0,72,168
10/10/2000,GNV,FL,ASO,ES,Federal Contract Tower,4,17,33,3,57,0,6,76,2,84,4,23,109,5,141,70,26,96,237
10/11/2000,GNV,FL,ASO,ES,Federal Contract Tower,5,26,45,4,80,0,2,85,6,93,5,28,130,10,173,90,70,160,333
10/12/2000,GNV,FL,ASO,ES,Federal Contract Tower,5,23,41,4,73,0,0,85,0,85,5,23,126,4,158,76,12,88,246
10/13/2000,GNV,FL,ASO,ES,Federal Contract Tower,5,22,40,2,69,2,0,155,0,157,7,22,195,2,226,146,2,148,374
10/14/2000,GNV,FL,ASO,ES,Federal Contract Tower,9,15,76,0,100,0,0,190,0,190,9,15,266,0,290,122,0,122,412
10/15/2000,GNV,FL,ASO,ES,Federal Contract Tower,5,25,44,0,74,1,1,110,0,112,6,26,154,0,186,60,0,60,246
10/16/2000,GNV,FL,ASO,ES,Federal Contract Tower,3,17,30,2,52,1,2,118,0,121,4,19,148,2,173,86,26,112,285
10/17/2000,GNV,FL,ASO,ES,Federal Contract Tower,4,20,34,3,61,0,3,101,7,111,4,23,135,10,172,100,8,108,280
10/18/2000,GNV,FL,ASO,ES,Federal Contract Tower,5,22,40,0,67,5,0,75,0,80,10,22,115,0,147,58,0,58,205
10/19/2000,GNV,FL,ASO,ES,Federal Contract Tower,4,18,32,0,54,1,4,78,0,83,5,22,110,0,137,140,0,140,277
10/20/2000,GNV,FL,ASO,ES,Federal Contract Tower,5,23,48,4,80,0,0,41,9,50,5,23,89,13,130,52,26,78,208
10/21/2000,GNV,FL,ASO,ES,Federal Contract Tower,5,17,38,0,60,0,0,108,0,108,5,17,146,0,168,60,0,60,228
10/22/2000,GNV,FL,ASO,ES,Federal Contract Tower,5,14,36,0,55,0,0,108,0,108,5,14,144,0,163,52,0,52,215
10/23/2000,GNV,FL,ASO,ES,Federal Contract Tower,3,15,26,0,44,1,5,29,0,35,4,20,55,0,79,0,0,0,79
10/24/2000,GNV,FL,ASO,ES,Federal Contract Tower,4,20,36,2,62,0,1,52,26,79,4,21,88,28,141,16,116,132,273
10/25/2000,GNV,FL,ASO,ES,Federal Contract Tower,4,19,33,2,58,1,2,72,6,81,5,21,105,8,139,140,0,140,279
10/26/2000,GNV,FL,ASO,ES,Federal Contract Tower,5,25,45,3,78,0,0,93,15,108,5,25,138,18,186,72,42,114,300
10/27/2000,GNV,FL,ASO,ES,Federal Contract Tower,4,20,35,0,59,1,2,80,0,83,5,22,115,0,142,144,4,148,290
10/28/2000,GNV,FL,ASO,ES,Federal Contract Tower,4,19,33,2,58,5,2,165,3,175,9,21,198,5,233,58,6,64,297
10/29/2000,GNV,FL,ASO,ES,Federal Contract Tower,4,17,31,0,52,0,0,34,0,34,4,17,65,0,86,64,0,64,150
10/30/2000,GNV,FL,ASO,ES,Federal Contract Tower,5,21,39,3,68,0,1,38,29,68,5,22,77,32,136,132,26,158,294
10/31/2000,GNV,FL,ASO,ES,Federal Contract Tower,4,19,33,1,57,0,2,74,0,76,4,21,107,1,133,98,2,100,233
11/01/2000,GNV,FL,ASO,ES,Federal Contract Tower,6,24,49,3,82,0,0,83,2,85,6,24,132,5,167,104,74,178,345
11/02/2000,GNV,FL,ASO,ES,Federal Contract Tower,6,21,42,3,72,0,1,86,1,88,6,22,128,4,160,64,0,64,224
11/03/2000,GNV,FL,ASO,ES,Federal Contract Tower,6,23,46,0,75,3,4,98,0,105,9,27,144,0,180,102,0,102,282
11/04/2000,GNV,FL,ASO,ES,Federal Contract Tower,4,13,25,0,42,3,2,96,0,101,7,15,121,0,143,32,0,32,175
11/05/2000,GNV,FL,ASO,ES,Federal Contract Tower,4,14,31,0,49,2,0,58,0,60,6,14,89,0,109,42,0,42,151
11/06/2000,GNV,FL,ASO,ES,Federal Contract Tower,4,16,33,2,55,0,6,44,2,52,4,22,77,4,107,102,16,118,225
11/07/2000,GNV,FL,ASO,ES,Federal Contract Tower,4,20,41,0,65,0,5,52,0,57,4,25,93,0,122,80,0,80,202
11/08/2000,GNV,FL,ASO,ES,Federal Contract Tower,2,20,39,2,63,0,3,62,2,67,2,23,101,4,130,106,0,106,236
11/09/2000,GNV,FL,ASO,ES,Federal Contract Tower,4,19,38,2,63,0,4,48,2,54,4,23,86,4,117,4,0,4,121
11/10/2000,GNV,FL,ASO,ES,Federal Contract Tower,4,21,52,2,79,0,0,89,0,89,4,21,141,2,168,260,0,260,428
11/11/2000,GNV,FL,ASO,ES,Federal Contract Tower,7,23,57,4,91,1,0,223,0,224,8,23,280,4,315,260,2,262,577
11/12/2000,GNV,FL,ASO,ES,Federal Contract Tower,3,14,30,2,49,1,0,90,0,91,4,14,120,2,140,62,10,72,212
11/13/2000,GNV,FL,ASO,ES,Federal Contract Tower,5,20,40,4,69,0,0,48,8,56,5,20,88,12,125,80,22,102,227
11/14/2000,GNV,FL,ASO,ES,Federal Contract Tower,4,20,37,3,64,0,0,33,3,36,4,20,70,6,100,46,0,46,146
11/15/2000,GNV,FL,ASO,ES,Federal Contract Tower,5,21,42,4,72,0,0,112,6,118,5,21,154,10,190,150,24,174,364
11/16/2000,GNV,FL,ASO,ES,Federal Contract Tower,4,21,38,3,66,1,0,79,6,86,5,21,117,9,152,150,0,150,302
11/17/2000,GNV,FL,ASO,ES,Federal Contract Tower,5,21,47,4,77,0,0,76,2,78,5,21,123,6,155,144,0,144,299
11/18/2000,GNV,FL,ASO,ES,Federal Contract Tower,3,14,29,0,46,2,0,95,0,97,5,14,124,0,143,138,0,138,281
11/19/2000,GNV,FL,ASO,ES,Federal Contract Tower,3,15,30,1,49,2,0,38,0,40,5,15,68,1,89,0,0,0,89
11/20/2000,GNV,FL,ASO,ES,Federal Contract Tower,4,21,42,4,71,0,0,41,2,43,4,21,83,6,114,8,0,8,122
11/21/2000,GNV,FL,ASO,ES,Federal Contract Tower,3,21,38,3,65,0,1,62,1,64,3,22,100,4,129,76,12,88,217
11/22/2000,GNV,FL,ASO,ES,Federal Contract Tower,4,22,39,2,67,0,1,137,0,138,4,23,176,2,205,226,0,226,431
11/23/2000,GNV,FL,ASO,ES,Federal Contract Tower,3,11,24,0,38,0,0,53,0,53,3,11,77,0,91,30,0,30,121
11/24/2000,GNV,FL,ASO,ES,Federal Contract Tower,2,13,24,0,39,0,8,58,0,66,2,21,82,0,105,36,0,36,141
11/25/2000,GNV,FL,ASO,ES,Federal Contract Tower,2,13,23,0,38,3,1,8,0,12,5,14,31,0,50,0,0,0,50
11/26/2000,GNV,FL,ASO,ES,Federal Contract Tower,4,16,49,0,69,0,0,39,0,39,4,16,88,0,108,18,0,18,126
11/27/2000,GNV,FL,ASO,ES,Federal Contract Tower,3,15,29,2,49,2,5,67,6,80,5,20,96,8,129,74,0,74,203
11/28/2000,GNV,FL,ASO,ES,Federal Contract Tower,3,21,39,2,65,0,4,134,2,140,3,25,173,4,205,178,0,178,383
11/29/2000,GNV,FL,ASO,ES,Federal Contract Tower,5,23,47,3,78,0,0,88,20,108,5,23,135,23,186,100,0,100,286
11/30/2000,GNV,FL,ASO,ES,Federal Contract Tower,5,22,41,3,71,0,3,122,9,134,5,25,163,12,205,150,62,212,417
12/01/2000,GNV,FL,ASO,ES,Federal Contract Tower,7,22,44,4,77,6,0,71,7,84,13,22,115,11,161,112,54,166,327
12/02/2000,GNV,FL,ASO,ES,Federal Contract Tower,4,18,30,2,54,0,4,73,0,77,4,22,103,2,131,92,0,92,223
12/03/2000,GNV,FL,ASO,ES,Federal Contract Tower,5,20,37,0,62,11,0,12,0,23,16,20,49,0,85,0,0,0,85
12/04/2000,GNV,FL,ASO,ES,Federal Contract Tower,5,21,36,0,62,0,0,80,0,80,5,21,116,0,142,124,20,144,286
12/05/2000,GNV,FL,ASO,ES,Federal Contract Tower,3,24,42,3,72,0,0,109,0,109,3,24,151,3,181,110,2,112,293
12/06/2000,GNV,FL,ASO,ES,Federal Contract Tower,5,23,45,4,77,0,0,69,0,69,5,23,114,4,146,50,0,50,196
12/07/2000,GNV,FL,ASO,ES,Federal Contract Tower,5,20,34,3,62,1,3,90,3,97,6,23,124,6,159,88,8,96,255
12/08/2000,GNV,FL,ASO,ES,Federal Contract Tower,5,19,32,0,56,0,1,91,0,92,5,20,123,0,148,82,0,82,230
12/09/2000,GNV,FL,ASO,ES,Federal Contract Tower,1,18,30,3,52,0,0,74,7,81,1,18,104,10,133,86,6,92,225
12/10/2000,GNV,FL,ASO,ES,Federal Contract Tower,2,17,27,2,48,0,0,40,8,48,2,17,67,10,96,48,0,48,144
12/11/2000,GNV,FL,ASO,ES,Federal Contract Tower,4,23,37,0,64,0,0,17,0,17,4,23,54,0,81,46,0,46,127
12/12/2000,GNV,FL,ASO,ES,Federal Contract Tower,5,21,51,6,83,0,0,26,35,61,5,21,77,41,144,108,86,194,338
12/13/2000,GNV,FL,ASO,ES,Federal Contract Tower,3,26,47,5,81,0,0,72,6,78,3,26,119,11,159,138,30,168,327
12/14/2000,GNV,FL,ASO,ES,Federal Contract Tower,5,26,41,5,77,0,0,51,5,56,5,26,92,10,133,76,0,76,209
12/15/2000,GNV,FL,ASO,ES,Federal Contract Tower,2,18,39,0,59,0,0,56,0,56,2,18,95,0,115,68,0,68,183
12/16/2000,GNV,FL,ASO,ES,Federal Contract Tower,4,19,30,0,53,0,6,36,0,42,4,25,66,0,95,58,0,58,153
12/17/2000,GNV,FL,ASO,ES,Federal Contract Tower,1,13,22,3,39,0,0,26,11,37,1,13,48,14,76,12,0,12,88
12/18/2000,GNV,FL,ASO,ES,Federal Contract Tower,3,18,31,4,56,0,0,90,4,94,3,18,121,8,150,74,6,80,230
12/19/2000,GNV,FL,ASO,ES,Federal Contract Tower,3,17,27,0,47,1,2,11,0,14,4,19,38,0,61,10,0,10,71
12/20/2000,GNV,FL,ASO,ES,Federal Contract Tower,1,16,26,3,46,0,4,65,0,69,1,20,91,3,115,80,32,112,227
12/21/2000,GNV,FL,ASO,ES,Federal Contract Tower,5,15,39,4,63,0,0,67,25,92,5,15,106,29,155,52,28,80,235
12/22/2000,GNV,FL,ASO,ES,Federal Contract Tower,4,20,32,0,56,1,0,68,0,69,5,20,100,0,125,60,0,60,185
12/23/2000,GNV,FL,ASO,ES,Federal Contract Tower,2,14,21,0,37,3,1,49,0,53,5,15,70,0,90,62,0,62,152
12/24/2000,GNV,FL,ASO,ES,Federal Contract Tower,2,13,20,0,35,1,3,26,0,30,3,16,46,0,65,2,0,2,67
12/25/2000,GNV,FL,ASO,ES,Federal Contract Tower,1,7,11,0,19,2,6,32,0,40,3,13,43,0,59,0,0,0,59
12/26/2000,GNV,FL,ASO,ES,Federal Contract Tower,3,20,34,0,57,0,1,72,0,73,3,21,106,0,130,28,0,28,158
12/27/2000,GNV,FL,ASO,ES,Federal Contract Tower,4,20,34,3,61,3,8,31,7,49,7,28,65,10,110,100,0,100,210
12/28/2000,GNV,FL,ASO,ES,Federal Contract Tower,4,19,32,0,55,1,3,2,0,6,5,22,34,0,61,2,0,2,63
12/29/2000,GNV,FL,ASO,ES,Federal Contract Tower,5,21,39,2,67,0,0,32,0,32,5,21,71,2,99,34,0,34,133
12/30/2000,GNV,FL,ASO,ES,Federal Contract Tower,2,13,22,2,39,1,7,35,4,47,3,20,57,6,86,22,0,22,108
12/31/2000,GNV,FL,ASO,ES,Federal Contract Tower,2,13,21,0,36,4,3,21,0,28,6,16,42,0,64,40,0,40,104
01/01/2001,GNV,FL,ASO,ES,Federal Contract Tower,3,8,17,0,28,1,0,26,0,27,4,8,43,0,55,12,0,12,67
01/02/2001,GNV,FL,ASO,ES,Federal Contract Tower,3,18,31,0,52,0,2,44,0,46,3,20,75,0,98,48,0,48,146
01/03/2001,GNV,FL,ASO,ES,Federal Contract Tower,7,22,35,3,67,1,3,45,0,49,8,25,80,3,116,22,24,46,162
01/04/2001,GNV,FL,ASO,ES,Federal Contract Tower,5,21,32,3,61,0,0,55,19,74,5,21,87,22,135,56,12,68,203
01/05/2001,GNV,FL,ASO,ES,Federal Contract Tower,5,18,29,0,52,0,5,50,0,55,5,23,79,0,107,44,0,44,151
01/06/2001,GNV,FL,ASO,ES,Federal Contract Tower,5,21,32,0,58,0,8,93,0,101,5,29,125,0,159,112,0,112,271
01/07/2001,GNV,FL,ASO,ES,Federal Contract Tower,3,14,22,2,41,2,1,46,10,59,5,15,68,12,100,38,0,38,138
01/08/2001,GNV,FL,ASO,ES,Federal Contract Tower,3,16,26,0,45,0,3,18,0,21,3,19,44,0,66,16,0,16,82
01/09/2001,GNV,FL,ASO,ES,Federal Contract Tower,4,24,38,4,70,0,0,64,4,68,4,24,102,8,138,46,4,50,188
01/10/2001,GNV,FL,ASO,ES,Federal Contract Tower,4,19,30,0,53,1,5,105,0,111,5,24,135,0,164,105,0,105,269
01/11/2001,GNV,FL,ASO,ES,Federal Contract Tower,4,20,32,2,58,1,3,100,0,104,5,23,132,2,162,50,0,50,212
01/12/2001,GNV,FL,ASO,ES,Federal Contract Tower,4,20,35,5,64,2,0,50,8,60,6,20,85,13,124,32,0,32,156
01/13/2001,GNV,FL,ASO,ES,Federal Contract Tower,4,15,30,2,51,0,0,114,0,114,4,15,144,2,165,100,0,100,265
01/14/2001,GNV,FL,ASO,ES,Federal Contract Tower,3,13,30,0,46,0,0,53,0,53,3,13,83,0,99,64,0,64,163
01/15/2001,GNV,FL,ASO,ES,Federal Contract Tower,4,20,32,4,60,0,0,76,0,76,4,20,108,4,136,102,4,106,242
01/16/2001,GNV,FL,ASO,ES,Federal Contract Tower,4,21,31,0,56,0,5,89,0,94,4,26,120,0,150,128,0,128,278
01/17/2001,GNV,FL,ASO,ES,Federal Contract Tower,5,23,36,5,69,0,1,73,0,74,5,24,109,5,143,38,0,38,181
01/18/2001,GNV,FL,ASO,ES,Federal Contract Tower,3,23,45,6,77,0,0,68,20,88,3,23,113,26,165,88,18,106,271
01/19/2001,GNV,FL,ASO,ES,Federal Contract Tower,5,25,39,5,74,0,0,53,18,71,5,25,92,23,145,26,2,28,173
01/20/2001,GNV,FL,ASO,ES,Federal Contract Tower,4,23,33,0,60,0,0,24,0,24,4,23,57,0,84,8,0,8,92
01/21/2001,GNV,FL,ASO,ES,Federal Contract Tower,2,19,30,0,51,0,0,89,0,89,2,19,119,0,140,40,0,40,180
01/22/2001,GNV,FL,ASO,ES,Federal Contract Tower,4,22,32,4,62,0,1,59,13,73,4,23,91,17,135,126,26,152,287
01/23/2001,GNV,FL,ASO,ES,Federal Contract Tower,4,23,33,2,62,0,2,99,0,101,4,25,132,2,163,148,0,148,311
01/24/2001,GNV,FL,ASO,ES,Federal Contract Tower,5,24,41,5,75,0,0,90,11,101,5,24,131,16,176,78,50,128,304
01/25/2001,GNV,FL,ASO,ES,Federal Contract Tower,5,27,48,6,86,0,0,92,3,95,5,27,140,9,181,22,10,32,213
01/26/2001,GNV,FL,ASO,ES,Federal Contract Tower,5,26,41,4,76,0,0,109,11,120,5,26,150,15,196,148,42,190,386
01/27/2001,GNV,FL,ASO,ES,Federal Contract Tower,3,19,28,0,50,1,0,112,0,113,4,19,140,0,163,32,0,32,195
01/28/2001,GNV,FL,ASO,ES,Federal Contract Tower,2,13,20,0,35,2,0,63,0,65,4,13,83,0,100,50,0,50,150
01/29/2001,GNV,FL,ASO,ES,Federal Contract Tower,3,18,27,3,51,5,2,45,2,54,8,20,72,5,105,62,20,82,187
01/30/2001,GNV,FL,ASO,ES,Federal Contract Tower,5,26,39,4,74,0,1,1,0,2,5,27,40,4,76,0,18,18,94
01/31/2001,GNV,FL,ASO,ES,Federal Contract Tower,3,22,32,3,60,0,9,3,1,13,3,31,35,4,73,20,0,20,93
02/01/2001,GNV,FL,ASO,ES,Federal Contract Tower,5,23,36,1,65,0,2,44,0,46,5,25,80,1,111,90,0,90,201
02/02/2001,GNV,FL,ASO,ES,Federal Contract Tower,5,27,41,0,73,0,6,27,0,33,5,33,68,0,106,110,0,110,216
02/03/2001,GNV,FL,ASO,ES,Federal Contract Tower,4,14,26,0,44,0,0,63,0,63,4,14,89,0,107,26,0,26,133
02/04/2001,GNV,FL,ASO,ES,Federal Contract Tower,3,14,27,0,44,0,0,5,0,5,3,14,32,0,49,8,0,8,57
02/05/2001,GNV,FL,ASO,ES,Federal Contract Tower,5,20,31,0,56,0,4,60,0,64,5,24,91,0,120,84,0,84,204
02/06/2001,GNV,FL,ASO,ES,Federal Contract Tower,5,21,33,1,60,0,7,82,13,102,5,28,115,14,162,106,0,106,268
02/07/2001,GNV,FL,ASO,ES,Federal Contract Tower,5,24,36,2,67,1,10,89,5,105,6,34,125,7,172,84,0,84,256
02/08/2001,GNV,FL,ASO,ES,Federal Contract Tower,4,21,30,0,55,2,3,87,0,92,6,24,117,0,147,40,0,40,187
02/09/2001,GNV,FL,ASO,ES,Federal Contract Tower,4,21,32,1,58,1,0,75,0,76,5,21,107,1,134,50,0,50,184
02/10/2001,GNV,FL,ASO,ES,Federal Contract Tower,4,18,34,0,56,0,0,83,0,83,4,18,117,0,139,58,0,58,197
02/11/2001,GNV,FL,ASO,ES,Federal Contract Tower,3,17,35,0,55,0,0,68,0,68,3,17,103,0,123,76,0,76,199
02/12/2001,GNV,FL,ASO,ES,Federal Contract Tower,3,23,34,2,62,0,1,38,3,42,3,24,72,5,104,72,20,92,196
02/13/2001,GNV,FL,ASO,ES,Federal Contract Tower,4,20,29,2,55,0,4,22,7,33,4,24,51,9,88,26,0,26,114
02/14/2001,GNV,FL,ASO,ES,Federal Contract Tower,3,20,28,2,53,1,5,50,0,56,4,25,78,2,109,46,0,46,155
02/15/2001,GNV,FL,ASO,ES,Federal Contract Tower,5,25,46,2,78,0,0,83,0,83,5,25,129,2,161,78,0,78,239
02/16/2001,GNV,FL,ASO,ES,Federal Contract Tower,3,26,42,2,73,0,0,77,0,77,3,26,119,2,150,114,0,114,264
02/17/2001,GNV,FL,ASO,ES,Federal Contract Tower,3,17,29,0,49,1,0,67,0,68,4,17,96,0,117,48,0,48,165
02/18/2001,GNV,FL,ASO,ES,Federal Contract Tower,4,15,34,0,53,0,0,94,0,94,4,15,128,0,147,74,0,74,221
02/19/2001,GNV,FL,ASO,ES,Federal Contract Tower,4,23,35,0,62,0,0,81,0,81,4,23,116,0,143,10,0,10,153
02/20/2001,GNV,FL,ASO,ES,Federal Contract Tower,4,26,41,0,71,1,0,91,0,92,5,26,132,0,163,98,0,98,261
02/21/2001,GNV,FL,ASO,ES,Federal Contract Tower,3,23,33,2,61,1,2,71,4,78,4,25,104,6,139,116,0,116,255
02/22/2001,GNV,FL,ASO,ES,Federal Contract Tower,5,30,45,0,80,0,8,96,0,104,5,38,141,0,184,36,0,36,220
02/23/2001,GNV,FL,ASO,ES,Federal Contract Tower,4,27,55,3,89,0,0,25,37,62,4,27,80,40,151,106,28,134,285
02/24/2001,GNV,FL,ASO,ES,Federal Contract Tower,4,20,36,2,62,1,0,53,1,55,5,20,89,3,117,96,2,98,215
02/25/2001,GNV,FL,ASO,ES,Federal Contract Tower,2,12,27,1,42,0,0,42,0,42,2,12,69,1,84,24,0,24,108
02/26/2001,GNV,FL,ASO,ES,Federal Contract Tower,2,18,29,1,50,0,0,53,11,64,2,18,82,12,114,114,68,182,296
02/27/2001,GNV,FL,ASO,ES,Federal Contract Tower,3,22,33,0,58,0,7,84,0,91,3,29,117,0,149,124,0,124,273
02/28/2001,GNV,FL,ASO,ES,Federal Contract Tower,4,27,41,2,74,0,2,118,4,124,4,29,159,6,198,142,6,148,346
03/01/2001,GNV,FL,ASO,ES,Federal Contract Tower,6,32,51,3,92,0,1,77,16,94,6,33,128,19,186,82,42,124,310
03/02/2001,GNV,FL,ASO,ES,Federal Contract Tower,6,28,46,0,80,0,0,42,0,42,6,28,88,0,122,138,0,138,260
03/03/2001,GNV,FL,ASO,ES,Federal Contract Tower,3,12,20,0,35,4,1,7,0,12,7,13,27,0,47,26,0,26,73
03/04/2001,GNV,FL,ASO,ES,Federal Contract Tower,4,18,33,0,55,0,0,7,0,7,4,18,40,0,62,0,0,0,62
03/05/2001,GNV,FL,ASO,ES,Federal Contract Tower,4,18,29,2,53,2,3,22,0,27,6,21,51,2,80,4,0,4,84
03/06/2001,GNV,FL,ASO,ES,Federal Contract Tower,4,17,28,2,51,0,8,33,10,51,4,25,61,12,102,32,14,46,148
03/07/2001,GNV,FL,ASO,ES,Federal Contract Tower,4,16,27,2,49,0,11,58,0,69,4,27,85,2,118,30,10,40,158
03/08/2001,GNV,FL,ASO,ES,Federal Contract Tower,4,22,34,0,60,0,7,83,0,90,4,29,117,0,150,116,0,116,266
03/09/2001,GNV,FL,ASO,ES,Federal Contract Tower,3,25,37,3,68,0,0,89,19,108,3,25,126,22,176,48,44,92,268
03/10/2001,GNV,FL,ASO,ES,Federal Contract Tower,3,19,29,0,51,1,2,49,0,52,4,21,78,0,103,66,0,66,169
03/11/2001,GNV,FL,ASO,ES,Federal Contract Tower,3,16,29,2,50,0,0,80,0,80,3,16,109,2,130,80,0,80,210
03/12/2001,GNV,FL,ASO,ES,Federal Contract Tower,2,16,25,3,46,0,1,52,4,57,2,17,77,7,103,34,10,44,147
03/13/2001,GNV,FL,ASO,ES,Federal Contract Tower,4,25,43,0,72,0,0,33,0,33,4,25,76,0,105,142,0,142,247
03/14/2001,GNV,FL,ASO,ES,Federal Contract Tower,7,31,58,2,98,1,0,94,0,95,8,31,152,2,193,80,30,110,303
03/15/2001,GNV,FL,ASO,ES,Federal Contract Tower,4,22,33,3,62,1,2,16,2,21,5,24,49,5,83,0,0,0,83
03/16/2001,GNV,FL,ASO,ES,Federal Contract Tower,4,30,49,0,83,0,0,41,0,41,4,30,90,0,124,68,0,68,192
03/17/2001,GNV,FL,ASO,ES,Federal Contract Tower,6,13,46,4,69,1,0,81,0,82,7,13,127,4,151,74,16,90,241
03/18/2001,GNV,FL,ASO,ES,Federal Contract Tower,3,15,33,2,53,0,0,8,0,8,3,15,41,2,61,0,0,0,61
03/19/2001,GNV,FL,ASO,ES,Federal Contract Tower,3,16,19,0,38,0,7,0,0,7,3,23,19,0,45,0,0,0,45
03/20/2001,GNV,FL,ASO,ES,Federal Contract Tower,3,21,35,3,62,0,0,47,14,61,3,21,82,17,123,50,0,50,173
03/21/2001,GNV,FL,ASO,ES,Federal Contract Tower,4,25,39,4,72,0,2,42,17,61,4,27,81,21,133,24,2,26,159
03/22/2001,GNV,FL,ASO,ES,Federal Contract Tower,4,25,37,2,68,0,1,100,0,101,4,26,137,2,169,162,0,162,331
03/23/2001,GNV,FL,ASO,ES,Federal Contract Tower,4,23,34,0,61,0,2,92,0,94,4,25,126,0,155,86,0,86,241
03/24/2001,GNV,FL,ASO,ES,Federal Contract Tower,4,15,34,2,55,0,0,116,0,116,4,15,150,2,171,110,2,112,283
03/25/2001,GNV,FL,ASO,ES,Federal Contract Tower,3,15,29,0,47,0,0,38,0,38,3,15,67,0,85,30,0,30,115
03/26/2001,GNV,FL,ASO,ES,Federal Contract Tower,3,21,33,2,59,1,2,96,3,102,4,23,129,5,161,88,0,88,249
03/27/2001,GNV,FL,ASO,ES,Federal Contract Tower,5,25,42,3,75,0,0,129,19,148,5,25,171,22,223,168,12,180,403
03/28/2001,GNV,FL,ASO,ES,Federal Contract Tower,4,21,33,0,58,0,3,60,0,63,4,24,93,0,121,20,0,20,141
03/29/2001,GNV,FL,ASO,ES,Federal Contract Tower,4,22,35,0,61,1,0,14,0,15,5,22,49,0,76,6,0,6,82
03/30/2001,GNV,FL,ASO,ES,Federal Contract Tower,4,26,41,0,71,1,1,33,0,35,5,27,74,0,106,34,0,34,140
03/31/2001,GNV,FL,ASO,ES,Federal Contract Tower,3,15,24,0,42,0,0,48,0,48,3,15,72,0,90,72,0,72,162
04/01/2001,GNV,FL,ASO,ES,Federal Contract Tower,3,11,20,1,35,1,5,50,1,57,4,16,70,2,92,6,0,6,98
04/02/2001,GNV,FL,ASO,ES,Federal Contract Tower,4,16,30,0,50,1,6,74,0,81,5,22,104,0,131,74,0,74,205
04/03/2001,GNV,FL,ASO,ES,Federal Contract Tower,2,19,34,2,57,0,4,66,0,70,2,23,100,2,127,88,0,88,215
04/04/2001,GNV,FL,ASO,ES,Federal Contract Tower,4,24,42,3,73,0,2,31,4,37,4,26,73,7,110,34,0,34,144
04/05/2001,GNV,FL,ASO,ES,Federal Contract Tower,4,25,48,3,80,0,0,67,3,70,4,25,115,6,150,56,8,64,214
04/06/2001,GNV,FL,ASO,ES,Federal Contract Tower,4,28,54,4,90,0,0,127,5,132,4,28,181,9,222,152,0,152,374
04/07/2001,GNV,FL,ASO,ES,Federal Contract Tower,4,18,33,1,56,1,0,160,0,161,5,18,193,1,217,104,0,104,321
04/08/2001,GNV,FL,ASO,ES,Federal Contract Tower,4,13,37,2,56,0,0,87,0,87,4,13,124,2,143,84,0,84,227
04/09/2001,GNV,FL,ASO,ES,Federal Contract Tower,4,16,31,2,53,3,0,131,0,134,7,16,162,2,187,46,0,46,233
04/10/2001,GNV,FL,ASO,ES,Federal Contract Tower,4,23,40,3,70,0,0,63,1,64,4,23,103,4,134,68,0,68,202
04/11/2001,GNV,FL,ASO,ES,Federal Contract Tower,5,27,45,3,80,0,1,87,7,95,5,28,132,10,175,54,0,54,229
04/12/2001,GNV,FL,ASO,ES,Federal Contract Tower,4,24,40,3,71,0,0,120,14,134,4,24,160,17,205,116,48,164,369
04/13/2001,GNV,FL,ASO,ES,Federal Contract Tower,2,24,39,0,65,0,8,98,0,106,2,32,137,0,171,40,0,40,211
04/14/2001,GNV,FL,ASO,ES,Federal Contract Tower,4,16,49,4,73,0,0,87,7,94,4,16,136,11,167,54,0,54,221
04/15/2001,GNV,FL,ASO,ES,Federal Contract Tower,3,12,26,0,41,1,0,40,0,41,4,12,66,0,82,24,0,24,106
04/16/2001,GNV,FL,ASO,ES,Federal Contract Tower,3,17,30,0,50,4,0,70,0,74,7,17,100,0,124,66,0,66,190
04/17/2001,GNV,FL,ASO,ES,Federal Contract Tower,5,23,38,0,66,0,3,68,0,71,5,26,106,0,137,58,0,58,195
04/18/2001,GNV,FL,ASO,ES,Federal Contract Tower,3,20,33,2,58,2,5,70,0,77,5,25,103,2,135,84,0,84,219
04/19/2001,GNV,FL,ASO,ES,Federal Contract Tower,4,27,54,5,90,0,0,100,1,101,4,27,154,6,191,156,28,184,375
04/20/2001,GNV,FL,ASO,ES,Federal Contract Tower,4,26,43,4,77,0,2,108,13,123,4,28,151,17,200,56,0,56,256
04/21/2001,GNV,FL,ASO,ES,Federal Contract Tower,4,22,36,0,62,1,2,115,0,118,5,24,151,0,180,138,0,138,318
04/22/2001,GNV,FL,ASO,ES,Federal Contract Tower,3,17,27,2,49,2,2,61,0,65,5,19,88,2,114,8,2,10,124
04/23/2001,GNV,FL,ASO,ES,Federal Contract Tower,4,21,34,3,62,1,0,39,5,45,5,21,73,8,107,6,10,16,123
04/24/2001,GNV,FL,ASO,ES,Federal Contract Tower,3,26,44,4,77,0,0,61,12,73,3,26,105,16,150,74,78,152,302
04/25/2001,GNV,FL,ASO,ES,Federal Contract Tower,4,24,39,0,67,1,1,14,0,16,5,25,53,0,83,6,0,6,89
04/26/2001,GNV,FL,ASO,ES,Federal Contract Tower,5,30,52,5,92,0,0,92,7,99,5,30,144,12,191,64,48,112,303
04/27/2001,GNV,FL,ASO,ES,Federal Contract Tower,4,28,47,3,82,0,1,114,4,119,4,29,161,7,201,160,18,178,379
04/28/2001,GNV,FL,ASO,ES,Federal Contract Tower,2,12,20,0,34,2,4,106,0,112,4,16,126,0,146,70,0,70,216
04/29/2001,GNV,FL,ASO,ES,Federal Contract Tower,3,18,34,0,55,1,0,49,0,50,4,18,83,0,105,30,0,30,135
04/30/2001,GNV,FL,ASO,ES,Federal Contract Tower,3,15,27,0,45,2,5,26,0,33,5,20,53,0,78,30,0,30,108
05/01/2001,GNV,FL,ASO,ES,Federal Contract Tower,4,26,33,7,70,0,1,64,7,72,4,27,97,14,142,50,24,74,216
05/02/2001,GNV,FL,ASO,ES,Federal Contract Tower,7,20,40,0,67,0,0,63,0,63,7,20,103,0,130,64,0,64,194
05/03/2001,GNV,FL,ASO,ES,Federal Contract Tower,4,23,42,10,79,0,1,81,0,82,4,24,123,10,161,38,22,60,221
05/04/2001,GNV,FL,ASO,ES,Federal Contract Tower,4,24,43,0,71,0,2,85,0,87,4,26,128,0,158,84,0,84,242
05/05/2001,GNV,FL,ASO,ES,Federal Contract Tower,6,15,36,0,57,0,1,107,0,108,6,16,143,0,165,118,0,118,283
05/06/2001,GNV,FL,ASO,ES,Federal Contract Tower,3,22,22,0,47,0,0,53,0,53,3,22,75,0,100,6,0,6,106
05/07/2001,GNV,FL,ASO,ES,Federal Contract Tower,3,22,39,2,66,0,0,18,5,23,3,22,57,7,89,4,18,22,111
05/08/2001,GNV,FL,ASO,ES,Federal Contract Tower,5,23,36,0,64,0,1,68,0,69,5,24,104,0,133,62,0,62,195
05/09/2001,GNV,FL,ASO,ES,Federal Contract Tower,5,24,42,3,74,0,0,41,9,50,5,24,83,12,124,52,18,70,194
05/10/2001,GNV,FL,ASO,ES,Federal Contract Tower,5,22,27,0,54,0,0,84,0,84,5,22,111,0,138,60,0,60,198
05/11/2001,GNV,FL,ASO,ES,Federal Contract Tower,5,21,38,2,66,0,0,69,4,73,5,21,107,6,139,66,0,66,205
05/12/2001,GNV,FL,ASO,ES,Federal Contract Tower,4,15,14,0,33,0,0,98,0,98,4,15,112,0,131,74,0,74,205
05/13/2001,GNV,FL,ASO,ES,Federal Contract Tower,4,15,31,0,50,0,0,37,0,37,4,15,68,0,87,0,0,0,87
05/14/2001,GNV,FL,ASO,ES,Federal Contract Tower,4,21,24,5,54,0,0,56,4,60,4,21,80,9,114,18,46,64,178
05/15/2001,GNV,FL,ASO,ES,Federal Contract Tower,4,25,39,4,72,0,0,52,7,59,4,25,91,11,131,46,0,46,177
05/16/2001,GNV,FL,ASO,ES,Federal Contract Tower,5,27,37,0,69,0,0,103,8,111,5,27,140,8,180,94,0,94,274
05/17/2001,GNV,FL,ASO,ES,Federal Contract Tower,5,28,39,2,74,0,0,77,6,83,5,28,116,8,157,36,0,36,193
05/18/2001,GNV,FL,ASO,ES,Federal Contract Tower,4,26,34,5,69,0,0,96,6,102,4,26,130,11,171,36,0,36,207
05/19/2001,GNV,FL,ASO,ES,Federal Contract Tower,4,18,15,0,37,0,0,120,0,120,4,18,135,0,157,134,0,134,291
05/20/2001,GNV,FL,ASO,ES,Federal Contract Tower,3,15,22,4,44,0,0,51,9,60,3,15,73,13,104,32,0,32,136
05/21/2001,GNV,FL,ASO,ES,Federal Contract Tower,4,20,38,0,62,0,17,56,2,75,4,37,94,2,137,50,18,68,205
05/22/2001,GNV,FL,ASO,ES,Federal Contract Tower,4,23,34,7,68,0,3,83,0,86,4,26,117,7,154,72,16,88,242
05/23/2001,GNV,FL,ASO,ES,Federal Contract Tower,4,27,28,9,68,0,0,70,17,87,4,27,98,26,155,90,12,102,257
05/24/2001,GNV,FL,ASO,ES,Federal Contract Tower,4,30,55,9,98,0,0,101,13,114,4,30,156,22,212,44,80,124,336
05/25/2001,GNV,FL,ASO,ES,Federal Contract Tower,4,22,38,3,67,0,0,127,0,127,4,22,165,3,194,56,2,58,252
05/26/2001,GNV,FL,ASO,ES,Federal Contract Tower,5,22,28,0,55,0,0,37,0,37,5,22,65,0,92,0,0,0,92
05/27/2001,GNV,FL,ASO,ES,Federal Contract Tower,4,17,23,0,44,0,0,5,0,5,4,17,28,0,49,6,0,6,55
05/28/2001,GNV,FL,ASO,ES,Federal Contract Tower,6,15,31,0,52,0,0,35,0,35,6,15,66,0,87,60,0,60,147
05/29/2001,GNV,FL,ASO,ES,Federal Contract Tower,4,26,28,0,58,0,0,56,0,56,4,26,84,0,114,64,0,64,178
05/30/2001,GNV,FL,ASO,ES,Federal Contract Tower,5,30,50,2,87,0,0,24,2,26,5,30,74,4,113,62,16,78,191
05/31/2001,GNV,FL,ASO,ES,Federal Contract Tower,5,27,26,0,58,0,1,62,0,63,5,28,88,0,121,34,0,34,155
06/01/2001,GNV,FL,ASO,ES,Federal Contract Tower,2,32,27,5,66,0,3,64,2,69,2,35,91,7,135,186,0,186,321
06/02/2001,GNV,FL,ASO,ES,Federal Contract Tower,4,17,25,1,47,0,1,98,0,99,4,18,123,1,146,60,0,60,206
06/03/2001,GNV,FL,ASO,ES,Federal Contract Tower,1,12,25,0,38,0,1,76,0,77,1,13,101,0,115,32,0,32,147
06/04/2001,GNV,FL,ASO,ES,Federal Contract Tower,4,23,27,4,58,0,0,67,5,72,4,23,94,9,130,76,20,96,226
06/05/2001,GNV,FL,ASO,ES,Federal Contract Tower,4,25,33,3,65,1,0,85,3,89,5,25,118,6,154,61,8,69,223
06/06/2001,GNV,FL,ASO,ES,Federal Contract Tower,4,32,24,4,64,0,0,49,4,53,4,32,73,8,117,58,0,58,175
06/07/2001,GNV,FL,ASO,ES,Federal Contract Tower,4,25,29,1,59,0,3,71,3,77,4,28,100,4,136,50,0,50,186
06/08/2001,GNV,FL,ASO,ES,Federal Contract Tower,4,28,33,0,65,0,0,87,2,89,4,28,120,2,154,70,0,70,224
06/09/2001,GNV,FL,ASO,ES,Federal Contract Tower,4,21,23,0,48,0,0,61,0,61,4,21,84,0,109,54,0,54,163
06/10/2001,GNV,FL,ASO,ES,Federal Contract Tower,4,14,24,0,42,0,3,13,0,16,4,17,37,0,58,4,0,4,62
06/11/2001,GNV,FL,ASO,ES,Federal Contract Tower,4,27,39,2,72,0,0,31,0,31,4,27,70,2,103,6,0,6,109
06/12/2001,GNV,FL,ASO,ES,Federal Contract Tower,4,26,19,0,49,0,2,20,0,22,4,28,39,0,71,0,0,0,71
06/13/2001,GNV,FL,ASO,ES,Federal Contract Tower,5,29,17,11,62,0,0,54,6,60,5,29,71,17,122,38,38,76,198
06/14/2001,GNV,FL,ASO,ES,Federal Contract Tower,4,29,41,2,76,0,0,64,0,64,4,29,105,2,140,40,0,40,180
06/15/2001,GNV,FL,ASO,ES,Federal Contract Tower,2,27,38,1,68,0,0,72,0,72,2,27,110,1,140,100,0,100,240
06/16/2001,GNV,FL,ASO,ES,Federal Contract Tower,2,21,22,0,45,0,0,89,0,89,2,21,111,0,134,84,0,84,218
06/17/2001,GNV,FL,ASO,ES,Federal Contract Tower,5,17,17,0,39,0,1,62,0,63,5,18,79,0,102,98,0,98,200
06/18/2001,GNV,FL,ASO,ES,Federal Contract Tower,4,25,26,0,55,0,0,39,0,39,4,25,65,0,94,30,0,30,124
06/19/2001,GNV,FL,ASO,ES,Federal Contract Tower,4,25,48,2,79,0,0,32,0,32,4,25,80,2,111,68,18,86,197
06/20/2001,GNV,FL,ASO,ES,Federal Contract Tower,4,33,20,0,57,0,0,62,2,64,4,33,82,2,121,88,12,100,221
06/21/2001,GNV,FL,ASO,ES,Federal Contract Tower,4,31,27,0,62,0,1,66,0,67,4,32,93,0,129,50,0,50,179
06/22/2001,GNV,FL,ASO,ES,Federal Contract Tower,2,27,43,0,72,0,1,48,0,49,2,28,91,0,121,50,0,50,171
06/23/2001,GNV,FL,ASO,ES,Federal Contract Tower,4,20,20,0,44,0,0,37,0,37,4,20,57,0,81,20,0,20,101
06/24/2001,GNV,FL,ASO,ES,Federal Contract Tower,5,14,30,0,49,0,0,34,0,34,5,14,64,0,83,22,0,22,105
06/25/2001,GNV,FL,ASO,ES,Federal Contract Tower,2,24,23,2,51,0,0,64,2,66,2,24,87,4,117,28,14,42,159
06/26/2001,GNV,FL,ASO,ES,Federal Contract Tower,4,30,29,4,67,0,0,48,6,54,4,30,77,10,121,62,8,70,191
06/27/2001,GNV,FL,ASO,ES,Federal Contract Tower,2,34,42,0,78,0,0,67,0,67,2,34,109,0,145,36,0,36,181
06/28/2001,GNV,FL,ASO,ES,Federal Contract Tower,4,28,41,2,75,0,2,50,2,54,4,30,91,4,129,24,0,24,153
06/29/2001,GNV,FL,ASO,ES,Federal Contract Tower,4,29,39,6,78,0,0,49,4,53,4,29,88,10,131,40,34,74,205
06/30/2001,GNV,FL,ASO,ES,Federal Contract Tower,4,20,20,0,44,0,3,33,0,36,4,23,53,0,80,48,0,48,128
07/01/2001,GNV,FL,ASO,ES,Federal Contract Tower,4,16,9,0,29,0,0,66,0,66,4,16,75,0,95,86,0,86,181
07/02/2001,GNV,FL,ASO,ES,Federal Contract Tower,4,14,29,6,53,0,11,62,0,73,4,25,91,6,126,78,4,82,208
07/03/2001,GNV,FL,ASO,ES,Federal Contract Tower,4,27,29,0,60,0,0,63,2,65,4,27,92,2,125,88,0,88,213
07/04/2001,GNV,FL,ASO,ES,Federal Contract Tower,1,15,11,4,31,0,0,63,0,63,1,15,74,4,94,36,0,36,130
07/05/2001,GNV,FL,ASO,ES,Federal Contract Tower,3,35,23,0,61,0,0,53,0,53,3,35,76,0,114,120,0,120,234
07/06/2001,GNV,FL,ASO,ES,Federal Contract Tower,2,28,38,0,68,0,0,52,0,52,2,28,90,0,120,30,0,30,150
07/07/2001,GNV,FL,ASO,ES,Federal Contract Tower,2,18,21,2,43,0,0,87,0,87,2,18,108,2,130,60,0,60,190
07/08/2001,GNV,FL,ASO,ES,Federal Contract Tower,4,15,25,0,44,0,0,68,0,68,4,15,93,0,112,50,0,50,162
07/09/2001,GNV,FL,ASO,ES,Federal Contract Tower,3,25,25,6,59,0,0,45,4,49,3,25,70,10,108,98,8,106,214
07/10/2001,GNV,FL,ASO,ES,Federal Contract Tower,4,34,39,0,77,0,0,20,2,22,4,34,59,2,99,0,0,0,99
07/11/2001,GNV,FL,ASO,ES,Federal Contract Tower,4,31,33,0,68,0,0,61,0,61,4,31,94,0,129,78,0,78,207
07/12/2001,GNV,FL,ASO,ES,Federal Contract Tower,4,29,29,13,75,0,0,64,11,75,4,29,93,24,150,84,18,102,252
07/13/2001,GNV,FL,ASO,ES,Federal Contract Tower,4,29,40,0,73,0,0,54,0,54,4,29,94,0,127,50,0,50,177
07/14/2001,GNV,FL,ASO,ES,Federal Contract Tower,5,21,20,2,48,0,1,41,0,42,5,22,61,2,90,30,0,30,120
07/15/2001,GNV,FL,ASO,ES,Federal Contract Tower,4,15,31,2,52,0,0,48,2,50,4,15,79,4,102,38,10,48,150
07/16/2001,GNV,FL,ASO,ES,Federal Contract Tower,2,27,37,6,72,0,0,67,2,69,2,27,104,8,141,80,0,80,221
07/17/2001,GNV,FL,ASO,ES,Federal Contract Tower,0,36,29,0,65,0,0,78,0,78,0,36,107,0,143,102,0,102,245
07/18/2001,GNV,FL,ASO,ES,Federal Contract Tower,4,27,39,7,77,0,0,58,5,63,4,27,97,12,140,88,40,128,268
07/19/2001,GNV,FL,ASO,ES,Federal Contract Tower,2,31,31,5,69,0,1,85,0,86,2,32,116,5,155,60,32,92,247
07/20/2001,GNV,FL,ASO,ES,Federal Contract Tower,4,30,28,0,62,0,0,47,0,47,4,30,75,0,109,90,0,90,199
07/21/2001,GNV,FL,ASO,ES,Federal Contract Tower,2,20,40,4,66,0,0,53,4,57,2,20,93,8,123,50,10,60,183
07/22/2001,GNV,FL,ASO,ES,Federal Contract Tower,2,15,26,0,43,0,0,24,0,24,2,15,50,0,67,50,0,50,117
07/23/2001,GNV,FL,ASO,ES,Federal Contract Tower,4,26,20,6,56,0,1,27,0,28,4,27,47,6,84,16,4,20,104
07/24/2001,GNV,FL,ASO,ES,Federal Contract Tower,4,28,32,5,69,0,0,52,3,55,4,28,84,8,124,46,8,54,178
07/25/2001,GNV,FL,ASO,ES,Federal Contract Tower,4,31,30,5,70,0,0,105,3,108,4,31,135,8,178,86,42,128,306
07/26/2001,GNV,FL,ASO,ES,Federal Contract Tower,2,28,30,4,64,0,0,86,2,88,2,28,116,6,152,106,0,106,258
07/27/2001,GNV,FL,ASO,ES,Federal Contract Tower,2,30,34,2,68,0,1,60,0,61,2,31,94,2,129,10,0,10,139
07/28/2001,GNV,FL,ASO,ES,Federal Contract Tower,3,23,25,0,51,0,0,72,0,72,3,23,97,0,123,50,0,50,173
07/29/2001,GNV,FL,ASO,ES,Federal Contract Tower,2,16,24,0,42,0,0,54,0,54,2,16,78,0,96,48,0,48,144
07/30/2001,GNV,FL,ASO,ES,Federal Contract Tower,2,27,22,10,61,0,0,69,3,72,2,27,91,13,133,30,16,46,179
07/31/2001,GNV,FL,ASO,ES,Federal Contract Tower,4,29,35,1,69,0,0,19,0,19,4,29,54,1,88,12,0,12,100
08/01/2001,GNV,FL,ASO,ES,Federal Contract Tower,4,29,42,0,75,1,0,45,0,46,5,29,87,0,121,68,0,68,189
08/02/2001,GNV,FL,ASO,ES,Federal Contract Tower,3,30,28,0,61,1,0,42,0,43,4,30,70,0,104,52,0,52,156
08/03/2001,GNV,FL,ASO,ES,Federal Contract Tower,5,27,24,1,57,0,0,41,3,44,5,27,65,4,101,92,0,92,193
08/04/2001,GNV,FL,ASO,ES,Federal Contract Tower,4,23,21,0,48,0,0,105,0,105,4,23,126,0,153,92,0,92,245
08/05/2001,GNV,FL,ASO,ES,Federal Contract Tower,2,13,28,0,43,0,0,40,0,40,2,13,68,0,83,80,0,80,163
08/06/2001,GNV,FL,ASO,ES,Federal Contract Tower,4,28,19,4,55,0,0,48,2,50,4,28,67,6,105,96,0,96,201
08/07/2001,GNV,FL,ASO,ES,Federal Contract Tower,2,30,18,12,62,0,0,53,4,57,2,30,71,16,119,58,28,86,205
08/08/2001,GNV,FL,ASO,ES,Federal Contract Tower,2,26,27,0,55,0,0,79,0,79,2,26,106,0,134,62,0,62,196
08/09/2001,GNV,FL,ASO,ES,Federal Contract Tower,2,35,33,1,71,0,0,105,1,106,2,35,138,2,177,86,0,86,263
08/10/2001,GNV,FL,ASO,ES,Federal Contract Tower,2,28,41,5,76,0,0,80,6,86,2,28,121,11,162,94,0,94,256
08/11/2001,GNV,FL,ASO,ES,Federal Contract Tower,2,18,20,0,40,0,0,72,0,72,2,18,92,0,112,114,0,114,226
08/12/2001,GNV,FL,ASO,ES,Federal Contract Tower,4,18,17,0,39,0,0,65,0,65,4,18,82,0,104,86,0,86,190
08/13/2001,GNV,FL,ASO,ES,Federal Contract Tower,4,25,26,3,58,0,0,53,3,56,4,25,79,6,114,120,10,130,244
08/14/2001,GNV,FL,ASO,ES,Federal Contract Tower,2,28,36,5,71,0,0,107,5,112,2,28,143,10,183,130,0,130,313
08/15/2001,GNV,FL,ASO,ES,Federal Contract Tower,5,31,51,12,99,0,0,68,12,80,5,31,119,24,179,98,42,140,319
08/16/2001,GNV,FL,ASO,ES,Federal Contract Tower,4,42,48,2,96,0,9,55,0,64,4,51,103,2,160,60,0,60,220
08/17/2001,GNV,FL,ASO,ES,Federal Contract Tower,2,32,50,0,84,0,0,60,0,60,2,32,110,0,144,90,0,90,234
08/18/2001,GNV,FL,ASO,ES,Federal Contract Tower,2,20,21,0,43,0,0,110,1,111,2,20,131,1,154,92,0,92,246
08/19/2001,GNV,FL,ASO,ES,Federal Contract Tower,2,20,20,6,48,0,0,56,2,58,2,20,76,8,106,56,0,56,162
08/20/2001,GNV,FL,ASO,ES,Federal Contract Tower,5,32,38,0,75,0,0,78,0,78,5,32,116,0,153,72,0,72,225
08/21/2001,GNV,FL,ASO,ES,Federal Contract Tower,4,29,25,0,58,0,0,113,4,117,4,29,138,4,175,160,0,160,335
08/22/2001,GNV,FL,ASO,ES,Federal Contract Tower,5,30,41,0,76,0,0,64,6,70,5,30,105,6,146,40,40,80,226
08/23/2001,GNV,FL,ASO,ES,Federal Contract Tower,5,39,28,3,75,0,0,69,1,70,5,39,97,4,145,80,0,80,225
08/24/2001,GNV,FL,ASO,ES,Federal Contract Tower,5,29,24,0,58,0,0,78,0,78,5,29,102,0,136,88,0,88,224
08/25/2001,GNV,FL,ASO,ES,Federal Contract Tower,2,20,17,0,39,0,0,61,0,61,2,20,78,0,100,72,0,72,172
08/26/2001,GNV,FL,ASO,ES,Federal Contract Tower,3,18,24,5,50,0,0,90,3,93,3,18,114,8,143,148,0,148,291
08/27/2001,GNV,FL,ASO,ES,Federal Contract Tower,2,29,31,5,67,0,0,55,3,58,2,29,86,8,125,84,0,84,209
08/28/2001,GNV,FL,ASO,ES,Federal Contract Tower,4,30,31,6,71,0,0,70,6,76,4,30,101,12,147,94,16,110,257
08/29/2001,GNV,FL,ASO,ES,Federal Contract Tower,4,29,35,0,68,0,0,83,2,85,4,29,118,2,153,70,6,76,229
08/30/2001,GNV,FL,ASO,ES,Federal Contract Tower,2,29,47,11,89,0,0,52,8,60,2,29,99,19,149,38,12,50,199
08/31/2001,GNV,FL,ASO,ES,Federal Contract Tower,5,30,37,4,76,0,0,109,6,115,5,30,146,10,191,60,18,78,269
09/01/2001,GNV,FL,ASO,ES,Federal Contract Tower,6,21,34,0,61,0,0,120,0,120,6,21,154,0,181,58,0,58,239
09/02/2001,GNV,FL,ASO,ES,Federal Contract Tower,2,16,21,0,39,0,0,66,0,66,2,16,87,0,105,20,0,20,125
09/03/2001,GNV,FL,ASO,ES,Federal Contract Tower,2,16,16,0,34,0,0,65,0,65,2,16,81,0,99,42,0,42,141
09/04/2001,GNV,FL,ASO,ES,Federal Contract Tower,2,24,30,3,59,0,0,38,6,44,2,24,68,9,103,58,30,88,191
09/05/2001,GNV,FL,ASO,ES,Federal Contract Tower,4,31,18,0,53,0,0,58,0,58,4,31,76,0,111,60,0,60,171
09/06/2001,GNV,FL,ASO,ES,Federal Contract Tower,2,35,25,0,62,0,0,47,0,47,2,35,72,0,109,50,0,50,159
09/07/2001,GNV,FL,ASO,ES,Federal Contract Tower,6,26,29,6,67,0,0,65,5,70,6,26,94,11,137,40,22,62,199
09/08/2001,GNV,FL,ASO,ES,Federal Contract Tower,4,23,31,0,58,0,0,98,0,98,4,23,129,0,156,64,0,64,220
09/09/2001,GNV,FL,ASO,ES,Federal Contract Tower,3,15,26,6,50,0,0,47,0,47,3,15,73,6,97,50,0,50,147
09/10/2001,GNV,FL,ASO,ES,Federal Contract Tower,4,22,29,2,57,0,0,74,0,74,4,22,103,2,131,110,0,110,241
09/11/2001,GNV,FL,ASO,ES,Federal Contract Tower,0,7,2,0,9,0,0,12,0,12,0,7,14,0,21,0,0,0,21
09/12/2001,GNV,FL,ASO,ES,Federal Contract Tower,0,0,0,0,0,0,0,6,0,6,0,0,6,0,6,0,0,0,6
09/13/2001,GNV,FL,ASO,ES,Federal Contract Tower,4,2,16,0,22,0,1,1,0,2,4,3,17,0,24,0,0,0,24
09/14/2001,GNV,FL,ASO,ES,Federal Contract Tower,1,6,3,0,10,1,6,0,0,7,2,12,3,0,17,0,0,0,17
09/15/2001,GNV,FL,ASO,ES,Federal Contract Tower,1,6,4,1,12,1,4,0,1,6,2,10,4,2,18,0,0,0,18
09/16/2001,GNV,FL,ASO,ES,Federal Contract Tower,2,13,55,0,70,0,0,2,0,2,2,13,57,0,72,0,0,0,72
09/17/2001,GNV,FL,ASO,ES,Federal Contract Tower,4,27,42,3,76,0,0,3,1,4,4,27,45,4,80,0,4,4,84
09/18/2001,GNV,FL,ASO,ES,Federal Contract Tower,4,23,66,6,99,0,0,1,4,5,4,23,67,10,104,0,40,40,144
09/19/2001,GNV,FL,ASO,ES,Federal Contract Tower,4,32,72,0,108,0,0,7,0,7,4,32,79,0,115,0,0,0,115
09/20/2001,GNV,FL,ASO,ES,Federal Contract Tower,4,28,62,0,94,0,1,38,0,39,4,29,100,0,133,0,0,0,133
09/21/2001,GNV,FL,ASO,ES,Federal Contract Tower,4,28,38,5,75,0,0,16,2,18,4,28,54,7,93,0,10,10,103
09/22/2001,GNV,FL,ASO,ES,Federal Contract Tower,6,19,29,0,54,0,0,64,0,64,6,19,93,0,118,6,0,6,124
09/23/2001,GNV,FL,ASO,ES,Federal Contract Tower,4,13,31,6,54,0,0,41,0,41,4,13,72,6,95,36,0,36,131
09/24/2001,GNV,FL,ASO,ES,Federal Contract Tower,4,21,28,0,53,0,0,25,0,25,4,21,53,0,78,48,0,48,126
09/25/2001,GNV,FL,ASO,ES,Federal Contract Tower,5,22,51,2,80,0,0,65,0,65,5,22,116,2,145,110,16,126,271
09/26/2001,GNV,FL,ASO,ES,Federal Contract Tower,4,25,30,13,72,0,0,101,7,108,4,25,131,20,180,130,0,130,310
09/27/2001,GNV,FL,ASO,ES,Federal Contract Tower,4,25,69,2,100,0,0,86,0,86,4,25,155,2,186,120,18,138,324
09/28/2001,GNV,FL,ASO,ES,Federal Contract Tower,6,27,53,5,91,0,1,91,0,92,6,28,144,5,183,160,18,178,361
09/29/2001,GNV,FL,ASO,ES,Federal Contract Tower,6,22,82,0,110,0,0,45,0,45,6,22,127,0,155,36,0,36,191
09/30/2001,GNV,FL,ASO,ES,Federal Contract Tower,4,13,42,0,59,0,0,52,0,52,4,13,94,0,111,82,0,82,193
10/01/2001,GNV,FL,ASO,ES,Federal Contract Tower,4,20,33,3,60,0,0,69,2,71,4,20,102,5,131,64,0,64,195
10/02/2001,GNV,FL,ASO,ES,Federal Contract Tower,0,26,42,5,73,0,1,82,6,89,0,27,124,11,162,90,0,90,252
10/03/2001,GNV,FL,ASO,ES,Federal Contract Tower,3,25,45,1,74,0,0,108,0,108,3,25,153,1,182,110,0,110,292
10/04/2001,GNV,FL,ASO,ES,Federal Contract Tower,4,30,42,4,80,0,1,109,0,110,4,31,151,4,190,160,14,174,364
10/05/2001,GNV,FL,ASO,ES,Federal Contract Tower,7,23,35,0,65,0,0,105,0,105,7,23,140,0,170,130,0,130,300
10/06/2001,GNV,FL,ASO,ES,Federal Contract Tower,5,20,34,0,59,0,0,46,0,46,5,20,80,0,105,52,0,52,157
10/07/2001,GNV,FL,ASO,ES,Federal Contract Tower,2,21,29,0,52,0,0,14,0,14,2,21,43,0,66,12,0,12,78
10/08/2001,GNV,FL,ASO,ES,Federal Contract Tower,2,20,27,2,51,2,2,58,0,62,4,22,85,2,113,30,0,30,143
10/09/2001,GNV,FL,ASO,ES,Federal Contract Tower,5,21,36,7,69,0,0,74,5,79,5,21,110,12,148,50,16,66,214
10/10/2001,GNV,FL,ASO,ES,Federal Contract Tower,4,23,38,2,67,0,0,85,2,87,4,23,123,4,154,140,10,150,304
10/11/2001,GNV,FL,ASO,ES,Federal Contract Tower,4,22,27,0,53,0,0,112,3,115,4,22,139,3,168,70,0,70,238
10/12/2001,GNV,FL,ASO,ES,Federal Contract Tower,6,22,55,6,89,0,0,84,4,88,6,22,139,10,177,100,30,130,307
10/13/2001,GNV,FL,ASO,ES,Federal Contract Tower,2,21,22,0,45,0,0,86,0,86,2,21,108,0,131,122,0,122,253
10/14/2001,GNV,FL,ASO,ES,Federal Contract Tower,4,14,38,0,56,0,0,38,0,38,4,14,76,0,94,14,0,14,108
10/15/2001,GNV,FL,ASO,ES,Federal Contract Tower,0,24,39,0,63,0,0,55,2,57,0,24,94,2,120,68,0,68,188
10/16/2001,GNV,FL,ASO,ES,Federal Contract Tower,5,27,32,2,66,0,0,89,4,93,5,27,121,6,159,130,30,160,319
10/17/2001,GNV,FL,ASO,ES,Federal Contract Tower,3,28,29,7,67,0,0,70,3,73,3,28,99,10,140,50,0,50,190
10/18/2001,GNV,FL,ASO,ES,Federal Contract Tower,2,30,33,0,65,0,0,77,2,79,2,30,110,2,144,70,42,112,256
10/19/2001,GNV,FL,ASO,ES,Federal Contract Tower,2,26,48,0,76,0,0,64,0,64,2,26,112,0,140,40,0,40,180
10/20/2001,GNV,FL,ASO,ES,Federal Contract Tower,3,20,29,0,52,1,4,66,0,71,4,24,95,0,123,38,0,38,161
10/21/2001,GNV,FL,ASO,ES,Federal Contract Tower,4,19,49,1,73,0,0,31,0,31,4,19,80,1,104,20,0,20,124
10/22/2001,GNV,FL,ASO,ES,Federal Contract Tower,4,22,27,11,64,0,2,31,6,39,4,24,58,17,103,38,0,38,141
10/23/2001,GNV,FL,ASO,ES,Federal Contract Tower,4,27,36,3,70,0,3,47,0,50,4,30,83,3,120,70,30,100,220
10/24/2001,GNV,FL,ASO,ES,Federal Contract Tower,4,22,38,4,68,0,0,50,4,54,4,22,88,8,122,80,0,80,202
10/25/2001,GNV,FL,ASO,ES,Federal Contract Tower,5,29,28,4,66,0,0,58,0,58,5,29,86,4,124,100,30,130,254
10/26/2001,GNV,FL,ASO,ES,Federal Contract Tower,5,24,45,4,78,0,0,75,0,75,5,24,120,4,153,74,0,74,227
10/27/2001,GNV,FL,ASO,ES,Federal Contract Tower,4,17,19,0,40,0,0,54,0,54,4,17,73,0,94,22,0,22,116
10/28/2001,GNV,FL,ASO,ES,Federal Contract Tower,4,13,31,4,52,0,0,57,0,57,4,13,88,4,109,4,0,4,113
10/29/2001,GNV,FL,ASO,ES,Federal Contract Tower,5,22,25,6,58,0,0,67,2,69,5,22,92,8,127,30,0,30,157
10/30/2001,GNV,FL,ASO,ES,Federal Contract Tower,4,27,40,2,73,0,9,83,0,92,4,36,123,2,165,140,46,186,351
10/31/2001,GNV,FL,ASO,ES,Federal Contract Tower,4,25,36,3,68,0,0,78,4,82,4,25,114,7,150,90,2,92,242
11/01/2001,GNV,FL,ASO,ES,Federal Contract Tower,4,27,39,0,70,0,1,90,0,91,4,28,129,0,161,100,0,100,261
11/02/2001,GNV,FL,ASO,ES,Federal Contract Tower,6,28,53,1,88,0,1,95,3,99,6,29,148,4,187,60,0,60,247
11/03/2001,GNV,FL,ASO,ES,Federal Contract Tower,6,23,72,0,101,0,1,84,0,85,6,24,156,0,186,74,0,74,260
11/04/2001,GNV,FL,ASO,ES,Federal Contract Tower,4,16,78,0,98,0,0,61,1,62,4,16,139,1,160,64,0,64,224
11/05/2001,GNV,FL,ASO,ES,Federal Contract Tower,4,20,20,2,46,0,1,43,2,46,4,21,63,4,92,48,2,50,142
11/06/2001,GNV,FL,ASO,ES,Federal Contract Tower,5,24,44,0,73,0,1,93,16,110,5,25,137,16,183,104,0,104,287
11/07/2001,GNV,FL,ASO,ES,Federal Contract Tower,6,26,44,0,76,0,1,136,2,139,6,27,180,2,215,110,20,130,345
11/08/2001,GNV,FL,ASO,ES,Federal Contract Tower,4,27,35,0,66,0,0,78,0,78,4,27,113,0,144,104,0,104,248
11/09/2001,GNV,FL,ASO,ES,Federal Contract Tower,5,24,54,2,85,1,0,100,0,101,6,24,154,2,186,100,0,100,286
11/10/2001,GNV,FL,ASO,ES,Federal Contract Tower,4,20,31,1,56,0,1,109,0,110,4,21,140,1,166,52,0,52,218
11/11/2001,GNV,FL,ASO,ES,Federal Contract Tower,4,18,36,1,59,0,0,112,0,112,4,18,148,1,171,40,0,40,211
11/12/2001,GNV,FL,ASO,ES,Federal Contract Tower,5,21,29,2,57,0,0,72,1,73,5,21,101,3,130,86,10,96,226
11/13/2001,GNV,FL,ASO,ES,Federal Contract Tower,4,23,40,0,67,0,0,38,0,38,4,23,78,0,105,50,0,50,155
11/14/2001,GNV,FL,ASO,ES,Federal Contract Tower,4,23,49,0,76,0,0,21,2,23,4,23,70,2,99,0,0,0,99
11/15/2001,GNV,FL,ASO,ES,Federal Contract Tower,4,27,38,6,75,0,0,38,4,42,4,27,76,10,117,32,10,42,159
11/16/2001,GNV,FL,ASO,ES,Federal Contract Tower,2,24,45,2,73,0,0,95,0,95,2,24,140,2,168,100,0,100,268
11/17/2001,GNV,FL,ASO,ES,Federal Contract Tower,5,37,76,0,118,1,0,119,2,122,6,37,195,2,240,102,0,102,342
11/18/2001,GNV,FL,ASO,ES,Federal Contract Tower,4,24,53,0,81,0,0,92,0,92,4,24,145,0,173,68,0,68,241
11/19/2001,GNV,FL,ASO,ES,Federal Contract Tower,4,25,31,2,62,0,0,50,0,50,4,25,81,2,112,58,0,58,170
11/20/2001,GNV,FL,ASO,ES,Federal Contract Tower,4,24,47,0,75,0,1,77,0,78,4,25,124,0,153,12,0,12,165
11/21/2001,GNV,FL,ASO,ES,Federal Contract Tower,4,25,52,2,83,0,0,104,2,106,4,25,156,4,189,90,20,110,299
11/22/2001,GNV,FL,ASO,ES,Federal Contract Tower,3,16,13,0,32,0,0,27,0,27,3,16,40,0,59,0,0,0,59
11/23/2001,GNV,FL,ASO,ES,Federal Contract Tower,0,21,27,0,48,0,0,42,0,42,0,21,69,0,90,28,0,28,118
11/24/2001,GNV,FL,ASO,ES,Federal Contract Tower,4,17,20,4,45,0,0,61,2,63,4,17,81,6,108,56,0,56,164
11/25/2001,GNV,FL,ASO,ES,Federal Contract Tower,4,19,56,0,79,0,0,85,0,85,4,19,141,0,164,10,0,10,174
11/26/2001,GNV,FL,ASO,ES,Federal Contract Tower,4,20,43,8,75,0,0,70,2,72,4,20,113,10,147,122,8,130,277
11/27/2001,GNV,FL,ASO,ES,Federal Contract Tower,4,27,40,0,71,0,1,82,0,83,4,28,122,0,154,90,0,90,244
11/28/2001,GNV,FL,ASO,ES,Federal Contract Tower,3,22,46,5,76,0,0,91,1,92,3,22,137,6,168,80,0,80,248
11/29/2001,GNV,FL,ASO,ES,Federal Contract Tower,4,21,36,4,65,0,0,120,1,121,4,21,156,5,186,90,14,104,290
11/30/2001,GNV,FL,ASO,ES,Federal Contract Tower,6,37,46,2,91,0,0,101,0,101,6,37,147,2,192,70,0,70,262
12/01/2001,GNV,FL,ASO,ES,Federal Contract Tower,6,33,152,0,191,0,2,202,0,204,6,35,354,0,395,34,0,34,429
12/02/2001,GNV,FL,ASO,ES,Federal Contract Tower,4,14,41,0,59,0,0,134,0,134,4,14,175,0,193,54,0,54,247
12/03/2001,GNV,FL,ASO,ES,Federal Contract Tower,4,20,33,3,60,0,1,40,2,43,4,21,73,5,103,30,30,60,163
12/04/2001,GNV,FL,ASO,ES,Federal Contract Tower,4,24,37,0,65,0,3,60,0,63,4,27,97,0,128,50,0,50,178
12/05/2001,GNV,FL,ASO,ES,Federal Contract Tower,4,28,56,2,90,0,1,108,2,111,4,29,164,4,201,60,20,80,281
12/06/2001,GNV,FL,ASO,ES,Federal Contract Tower,4,22,32,1,59,0,3,103,1,107,4,25,135,2,166,80,0,80,246
12/07/2001,GNV,FL,ASO,ES,Federal Contract Tower,4,25,47,0,76,0,0,94,0,94,4,25,141,0,170,67,0,67,237
12/08/2001,GNV,FL,ASO,ES,Federal Contract Tower,2,15,21,1,39,0,0,44,7,51,2,15,65,8,90,60,0,60,150
12/09/2001,GNV,FL,ASO,ES,Federal Contract Tower,4,16,34,3,57,0,0,32,5,37,4,16,66,8,94,68,0,68,162
12/10/2001,GNV,FL,ASO,ES,Federal Contract Tower,0,19,28,11,58,0,0,26,10,36,0,19,54,21,94,30,0,30,124
12/11/2001,GNV,FL,ASO,ES,Federal Contract Tower,4,28,53,2,87,0,0,59,1,60,4,28,112,3,147,74,4,78,225
12/12/2001,GNV,FL,ASO,ES,Federal Contract Tower,6,29,54,11,100,0,0,44,4,48,6,29,98,15,148,18,44,62,210
12/13/2001,GNV,FL,ASO,ES,Federal Contract Tower,4,26,48,5,83,0,0,89,2,91,4,26,137,7,174,60,0,60,234
12/14/2001,GNV,FL,ASO,ES,Federal Contract Tower,4,23,44,1,72,0,0,53,7,60,4,23,97,8,132,78,36,114,246
12/15/2001,GNV,FL,ASO,ES,Federal Contract Tower,5,22,50,0,77,0,0,49,0,49,5,22,99,0,126,50,0,50,176
12/16/2001,GNV,FL,ASO,ES,Federal Contract Tower,4,15,22,1,42,0,0,37,3,40,4,15,59,4,82,34,0,34,116
12/17/2001,GNV,FL,ASO,ES,Federal Contract Tower,3,17,29,0,49,0,6,55,0,61,3,23,84,0,110,48,0,48,158
12/18/2001,GNV,FL,ASO,ES,Federal Contract Tower,5,21,38,4,68,0,0,76,2,78,5,21,114,6,146,94,2,96,242
12/19/2001,GNV,FL,ASO,ES,Federal Contract Tower,5,30,34,4,73,0,0,72,0,72,5,30,106,4,145,78,0,78,223
12/20/2001,GNV,FL,ASO,ES,Federal Contract Tower,5,31,27,8,71,0,0,96,4,100,5,31,123,12,171,32,20,52,223
12/21/2001,GNV,FL,ASO,ES,Federal Contract Tower,5,34,44,2,85,0,0,89,0,89,5,34,133,2,174,86,0,86,260
12/22/2001,GNV,FL,ASO,ES,Federal Contract Tower,5,19,35,0,59,0,0,85,0,85,5,19,120,0,144,146,0,146,290
12/23/2001,GNV,FL,ASO,ES,Federal Contract Tower,4,14,21,0,39,0,0,52,0,52,4,14,73,0,91,80,0,80,171
12/24/2001,GNV,FL,ASO,ES,Federal Contract Tower,1,7,11,0,19,2,13,32,0,47,3,20,43,0,66,28,0,28,94
12/25/2001,GNV,FL,ASO,ES,Federal Contract Tower,3,12,11,0,26,0,0,19,0,19,3,12,30,0,45,2,0,2,47
12/26/2001,GNV,FL,ASO,ES,Federal Contract Tower,4,26,37,0,67,0,0,41,0,41,4,26,78,0,108,16,0,16,124
12/27/2001,GNV,FL,ASO,ES,Federal Contract Tower,4,23,26,2,55,0,0,60,0,60,4,23,86,2,115,28,0,28,143
12/28/2001,GNV,FL,ASO,ES,Federal Contract Tower,4,21,33,4,62,0,2,62,6,70,4,23,95,10,132,36,0,36,168
12/29/2001,GNV,FL,ASO,ES,Federal Contract Tower,5,17,13,0,35,0,0,45,3,48,5,17,58,3,83,26,0,26,109
12/30/2001,GNV,FL,ASO,ES,Federal Contract Tower,4,15,32,0,51,0,0,41,2,43,4,15,73,2,94,76,0,76,170
12/31/2001,GNV,FL,ASO,ES,Federal Contract Tower,6,20,23,2,51,0,0,39,0,39,6,20,62,2,90,30,0,30,120
01/01/2002,GNV,FL,ASO,ES,Federal Contract Tower,4,14,21,0,39,1,0,37,0,38,5,14,58,0,77,18,0,18,95
01/02/2002,GNV,FL,ASO,ES,Federal Contract Tower,1,26,19,0,46,1,0,0,0,1,2,26,19,0,47,0,0,0,47
01/03/2002,GNV,FL,ASO,ES,Federal Contract Tower,6,16,30,1,53,0,0,7,1,8,6,16,37,2,61,0,0,0,61
01/04/2002,GNV,FL,ASO,ES,Federal Contract Tower,2,24,36,2,64,0,3,73,4,80,2,27,109,6,144,38,6,44,188
01/05/2002,GNV,FL,ASO,ES,Federal Contract Tower,6,23,24,0,53,1,0,59,2,62,7,23,83,2,115,20,14,34,149
01/06/2002,GNV,FL,ASO,ES,Federal Contract Tower,4,17,14,1,36,0,0,9,1,10,4,17,23,2,46,4,0,4,50
01/07/2002,GNV,FL,ASO,ES,Federal Contract Tower,2,22,33,0,57,0,1,37,2,40,2,23,70,2,97,30,10,40,137
01/08/2002,GNV,FL,ASO,ES,Federal Contract Tower,5,27,31,2,65,2,0,58,0,60,7,27,89,2,125,16,0,16,141
01/09/2002,GNV,FL,ASO,ES,Federal Contract Tower,5,29,31,12,77,0,0,76,11,87,5,29,107,23,164,62,20,82,246
01/10/2002,GNV,FL,ASO,ES,Federal Contract Tower,4,24,46,6,80,0,0,48,4,52,4,24,94,10,132,112,0,112,244
01/11/2002,GNV,FL,ASO,ES,Federal Contract Tower,5,27,37,2,71,0,0,106,0,106,5,27,143,2,177,90,0,90,267
01/12/2002,GNV,FL,ASO,ES,Federal Contract Tower,2,24,25,0,51,0,0,61,0,61,2,24,86,0,112,72,0,72,184
01/13/2002,GNV,FL,ASO,ES,Federal Contract Tower,4,21,16,0,41,0,0,47,0,47,4,21,63,0,88,40,0,40,128
01/14/2002,GNV,FL,ASO,ES,Federal Contract Tower,2,27,16,0,45,0,0,1,0,1,2,27,17,0,46,0,0,0,46
01/15/2002,GNV,FL,ASO,ES,Federal Contract Tower,5,27,66,0,98,0,0,80,3,83,5,27,146,3,181,24,6,30,211
01/16/2002,GNV,FL,ASO,ES,Federal Contract Tower,3,30,35,10,78,0,0,88,8,96,3,30,123,18,174,104,16,120,294
01/17/2002,GNV,FL,ASO,ES,Federal Contract Tower,4,25,53,4,86,0,1,57,3,61,4,26,110,7,147,88,0,88,235
01/18/2002,GNV,FL,ASO,ES,Federal Contract Tower,5,23,83,3,114,0,0,79,3,82,5,23,162,6,196,90,4,94,290
01/19/2002,GNV,FL,ASO,ES,Federal Contract Tower,3,27,35,7,72,0,0,85,9,94,3,27,120,16,166,74,0,74,240
01/20/2002,GNV,FL,ASO,ES,Federal Contract Tower,4,17,31,0,52,0,0,31,0,31,4,17,62,0,83,4,0,4,87
01/21/2002,GNV,FL,ASO,ES,Federal Contract Tower,2,18,29,0,49,0,0,4,0,4,2,18,33,0,53,0,0,0,53
01/22/2002,GNV,FL,ASO,ES,Federal Contract Tower,5,28,34,7,74,0,0,34,4,38,5,28,68,11,112,70,0,70,182
01/23/2002,GNV,FL,ASO,ES,Federal Contract Tower,4,29,57,8,98,0,0,90,4,94,4,29,147,12,192,34,0,34,226
01/24/2002,GNV,FL,ASO,ES,Federal Contract Tower,4,18,29,2,53,0,0,57,2,59,4,18,86,4,112,14,4,18,130
01/25/2002,GNV,FL,ASO,ES,Federal Contract Tower,7,18,29,13,67,0,0,24,9,33,7,18,53,22,100,46,12,58,158
01/26/2002,GNV,FL,ASO,ES,Federal Contract Tower,5,19,28,1,53,0,0,3,0,3,5,19,31,1,56,0,0,0,56
01/27/2002,GNV,FL,ASO,ES,Federal Contract Tower,4,15,49,8,76,0,0,21,3,24,4,15,70,11,100,22,0,22,122
01/28/2002,GNV,FL,ASO,ES,Federal Contract Tower,4,23,21,6,54,0,0,35,2,37,4,23,56,8,91,56,0,56,147
01/29/2002,GNV,FL,ASO,ES,Federal Contract Tower,4,28,42,0,74,0,0,63,0,63,4,28,105,0,137,65,0,65,202
01/30/2002,GNV,FL,ASO,ES,Federal Contract Tower,5,23,66,5,99,0,0,94,6,100,5,23,160,11,199,124,12,136,335
01/31/2002,GNV,FL,ASO,ES,Federal Contract Tower,5,25,40,0,70,0,1,76,0,77,5,26,116,0,147,66,0,66,213
02/01/2002,GNV,FL,ASO,ES,Federal Contract Tower,5,32,40,0,77,0,2,78,0,80,5,34,118,0,157,94,0,94,251
02/02/2002,GNV,FL,ASO,ES,Federal Contract Tower,7,19,36,0,62,0,0,73,0,73,7,19,109,0,135,42,0,42,177
02/03/2002,GNV,FL,ASO,ES,Federal Contract Tower,6,16,46,0,68,0,0,93,0,93,6,16,139,0,161,120,0,120,281
02/04/2002,GNV,FL,ASO,ES,Federal Contract Tower,4,25,32,4,65,0,0,79,4,83,4,25,111,8,148,84,22,106,254
02/05/2002,GNV,FL,ASO,ES,Federal Contract Tower,4,23,25,2,54,0,0,51,8,59,4,23,76,10,113,42,10,52,165
02/06/2002,GNV,FL,ASO,ES,Federal Contract Tower,3,18,23,6,50,0,0,54,14,68,3,18,77,20,118,6,12,18,136
02/07/2002,GNV,FL,ASO,ES,Federal Contract Tower,4,25,26,3,58,0,0,16,1,17,4,25,42,4,75,0,0,0,75
02/08/2002,GNV,FL,ASO,ES,Federal Contract Tower,5,28,53,0,86,0,0,115,0,115,5,28,168,0,201,154,0,154,355
02/09/2002,GNV,FL,ASO,ES,Federal Contract Tower,4,26,79,0,109,0,0,146,0,146,4,26,225,0,255,98,0,98,353
02/10/2002,GNV,FL,ASO,ES,Federal Contract Tower,4,20,53,0,77,0,0,39,0,39,4,20,92,0,116,76,0,76,192
02/11/2002,GNV,FL,ASO,ES,Federal Contract Tower,4,22,49,4,79,0,0,83,2,85,4,22,132,6,164,86,14,100,264
02/12/2002,GNV,FL,ASO,ES,Federal Contract Tower,5,24,54,9,92,0,0,107,3,110,5,24,161,12,202,44,24,68,270
02/13/2002,GNV,FL,ASO,ES,Federal Contract Tower,4,22,32,12,70,0,2,71,10,83,4,24,103,22,153,68,16,84,237
02/14/2002,GNV,FL,ASO,ES,Federal Contract Tower,5,27,30,0,62,0,0,96,0,96,5,27,126,0,158,66,0,66,224
02/15/2002,GNV,FL,ASO,ES,Federal Contract Tower,4,26,51,11,92,0,0,85,0,85,4,26,136,11,177,102,0,102,279
02/16/2002,GNV,FL,ASO,ES,Federal Contract Tower,4,23,41,0,68,0,4,50,0,54,4,27,91,0,122,38,0,38,160
02/17/2002,GNV,FL,ASO,ES,Federal Contract Tower,4,20,32,0,56,0,0,131,2,133,4,20,163,2,189,80,0,80,269
02/18/2002,GNV,FL,ASO,ES,Federal Contract Tower,4,21,32,0,57,0,0,105,0,105,4,21,137,0,162,50,0,50,212
02/19/2002,GNV,FL,ASO,ES,Federal Contract Tower,4,28,41,0,73,0,0,147,0,147,4,28,188,0,220,80,0,80,300
02/20/2002,GNV,FL,ASO,ES,Federal Contract Tower,4,26,34,3,67,0,0,48,1,49,4,26,82,4,116,8,60,68,184
02/21/2002,GNV,FL,ASO,ES,Federal Contract Tower,5,22,33,0,60,0,0,80,0,80,5,22,113,0,140,106,0,106,246
02/22/2002,GNV,FL,ASO,ES,Federal Contract Tower,4,32,41,0,77,0,0,45,0,45,4,32,86,0,122,86,0,86,208
02/23/2002,GNV,FL,ASO,ES,Federal Contract Tower,4,20,37,0,61,0,0,0,0,0,4,20,37,0,61,0,0,0,61
02/24/2002,GNV,FL,ASO,ES,Federal Contract Tower,4,17,47,0,68,0,0,157,0,157,4,17,204,0,225,92,0,92,317
02/25/2002,GNV,FL,ASO,ES,Federal Contract Tower,4,23,39,2,68,0,0,91,0,91,4,23,130,2,159,106,0,106,265
02/26/2002,GNV,FL,ASO,ES,Federal Contract Tower,7,23,21,9,60,0,0,95,7,102,7,23,116,16,162,76,0,76,238
02/27/2002,GNV,FL,ASO,ES,Federal Contract Tower,6,25,30,5,66,0,2,66,5,73,6,27,96,10,139,26,0,26,165
02/28/2002,GNV,FL,ASO,ES,Federal Contract Tower,4,35,42,0,81,0,2,107,0,109,4,37,149,0,190,86,0,86,276
03/01/2002,GNV,FL,ASO,ES,Federal Contract Tower,4,31,45,2,82,0,0,77,0,77,4,31,122,2,159,70,0,70,229
03/02/2002,GNV,FL,ASO,ES,Federal Contract Tower,3,22,6,0,31,0,0,14,0,14,3,22,20,0,45,20,0,20,65
03/03/2002,GNV,FL,ASO,ES,Federal Contract Tower,4,18,23,0,45,0,0,0,0,0,4,18,23,0,45,0,0,0,45
03/04/2002,GNV,FL,ASO,ES,Federal Contract Tower,4,22,22,16,64,0,0,44,4,48,4,22,66,20,112,10,4,14,126
03/05/2002,GNV,FL,ASO,ES,Federal Contract Tower,5,25,22,6,58,0,0,58,2,60,5,25,80,8,118,62,0,62,180
03/06/2002,GNV,FL,ASO,ES,Federal Contract Tower,4,27,25,2,58,0,0,99,4,103,4,27,124,6,161,52,10,62,223
03/07/2002,GNV,FL,ASO,ES,Federal Contract Tower,4,23,35,4,66,0,0,88,0,88,4,23,123,4,154,80,0,80,234
03/08/2002,GNV,FL,ASO,ES,Federal Contract Tower,4,18,19,4,45,0,0,52,2,54,4,18,71,6,99,86,0,86,185
03/09/2002,GNV,FL,ASO,ES,Federal Contract Tower,4,18,37,0,59,0,0,88,0,88,4,18,125,0,147,96,0,96,243
03/10/2002,GNV,FL,ASO,ES,Federal Contract Tower,4,16,31,0,51,0,0,65,0,65,4,16,96,0,116,44,0,44,160
03/11/2002,GNV,FL,ASO,ES,Federal Contract Tower,5,19,41,6,71,0,0,77,11,88,5,19,118,17,159,76,42,118,277
03/12/2002,GNV,FL,ASO,ES,Federal Contract Tower,2,26,31,0,59,0,0,51,0,51,2,26,82,0,110,34,0,34,144
03/13/2002,GNV,FL,ASO,ES,Federal Contract Tower,6,23,47,15,91,0,0,73,11,84,6,23,120,26,175,108,38,146,321
03/14/2002,GNV,FL,ASO,ES,Federal Contract Tower,8,33,57,0,98,0,0,107,11,118,8,33,164,11,216,56,26,82,298
03/15/2002,GNV,FL,ASO,ES,Federal Contract Tower,4,26,72,8,110,0,0,108,3,111,4,26,180,11,221,48,6,54,275
03/16/2002,GNV,FL,ASO,ES,Federal Contract Tower,4,17,63,0,84,0,0,76,0,76,4,17,139,0,160,74,0,74,234
03/17/2002,GNV,FL,ASO,ES,Federal Contract Tower,6,24,67,6,103,0,0,125,1,126,6,24,192,7,229,100,0,100,329
03/18/2002,GNV,FL,ASO,ES,Federal Contract Tower,4,24,27,3,58,0,0,100,4,104,4,24,127,7,162,150,8,158,320
03/19/2002,GNV,FL,ASO,ES,Federal Contract Tower,4,24,40,3,71,0,0,80,2,82,4,24,120,5,153,84,0,84,237
03/20/2002,GNV,FL,ASO,ES,Federal Contract Tower,4,27,32,1,64,0,0,61,0,61,4,27,93,1,125,32,0,32,157
03/21/2002,GNV,FL,ASO,ES,Federal Contract Tower,4,23,50,13,90,0,1,37,3,41,4,24,87,16,131,20,28,48,179
03/22/2002,GNV,FL,ASO,ES,Federal Contract Tower,5,22,48,0,75,0,0,94,0,94,5,22,142,0,169,30,0,30,199
03/23/2002,GNV,FL,ASO,ES,Federal Contract Tower,5,17,51,4,77,0,0,135,4,139,5,17,186,8,216,78,6,84,300
03/24/2002,GNV,FL,ASO,ES,Federal Contract Tower,5,17,28,0,50,0,0,77,0,77,5,17,105,0,127,82,0,82,209
03/25/2002,GNV,FL,ASO,ES,Federal Contract Tower,3,23,15,0,41,0,0,73,0,73,3,23,88,0,114,94,0,94,208
03/26/2002,GNV,FL,ASO,ES,Federal Contract Tower,5,21,35,0,61,0,0,45,10,55,5,21,80,10,116,48,0,48,164
03/27/2002,GNV,FL,ASO,ES,Federal Contract Tower,4,23,42,9,78,0,0,86,8,94,4,23,128,17,172,208,80,288,460
03/28/2002,GNV,FL,ASO,ES,Federal Contract Tower,5,24,48,2,79,0,0,127,0,127,5,24,175,2,206,112,0,112,318
03/29/2002,GNV,FL,ASO,ES,Federal Contract Tower,5,18,61,0,84,0,1,80,0,81,5,19,141,0,165,152,0,152,317
03/30/2002,GNV,FL,ASO,ES,Federal Contract Tower,3,20,30,2,55,0,0,93,2,95,3,20,123,4,150,198,10,208,358
03/31/2002,GNV,FL,ASO,ES,Federal Contract Tower,1,12,22,2,37,0,0,40,0,40,1,12,62,2,77,90,30,120,197
04/01/2002,GNV,FL,ASO,ES,Federal Contract Tower,4,20,39,16,79,0,0,56,11,67,4,20,95,27,146,60,0,60,206
04/02/2002,GNV,FL,ASO,ES,Federal Contract Tower,4,22,34,0,60,0,4,56,0,60,4,26,90,0,120,42,0,42,162
04/03/2002,GNV,FL,ASO,ES,Federal Contract Tower,4,28,31,0,63,0,0,41,0,41,4,28,72,0,104,62,0,62,166
04/04/2002,GNV,FL,ASO,ES,Federal Contract Tower,5,26,47,1,79,0,0,88,6,94,5,26,135,7,173,130,8,138,311
04/05/2002,GNV,FL,ASO,ES,Federal Contract Tower,5,29,50,4,88,0,0,94,4,98,5,29,144,8,186,126,2,128,314
04/06/2002,GNV,FL,ASO,ES,Federal Contract Tower,5,22,63,1,91,0,1,132,1,134,5,23,195,2,225,124,2,126,351
04/07/2002,GNV,FL,ASO,ES,Federal Contract Tower,4,22,35,1,62,0,0,94,0,94,4,22,129,1,156,34,0,34,190
04/08/2002,GNV,FL,ASO,ES,Federal Contract Tower,4,22,34,0,60,0,0,119,0,119,4,22,153,0,179,24,0,24,203
04/09/2002,GNV,FL,ASO,ES,Federal Contract Tower,4,27,26,19,76,0,0,64,14,78,4,27,90,33,154,28,38,66,220
04/10/2002,GNV,FL,ASO,ES,Federal Contract Tower,5,28,68,9,110,0,0,174,2,176,5,28,242,11,286,66,0,66,352
04/11/2002,GNV,FL,ASO,ES,Federal Contract Tower,4,24,55,8,91,0,0,88,11,99,4,24,143,19,190,40,0,40,230
04/12/2002,GNV,FL,ASO,ES,Federal Contract Tower,4,22,47,3,76,0,0,137,13,150,4,22,184,16,226,100,10,110,336
04/13/2002,GNV,FL,ASO,ES,Federal Contract Tower,4,19,28,0,51,0,0,76,2,78,4,19,104,2,129,30,0,30,159
04/14/2002,GNV,FL,ASO,ES,Federal Contract Tower,4,17,39,3,63,0,0,79,3,82,4,17,118,6,145,62,4,66,211
04/15/2002,GNV,FL,ASO,ES,Federal Contract Tower,4,28,29,8,69,0,5,63,9,77,4,33,92,17,146,90,0,90,236
04/16/2002,GNV,FL,ASO,ES,Federal Contract Tower,5,45,41,3,94,0,8,79,5,92,5,53,120,8,186,46,0,46,232
04/17/2002,GNV,FL,ASO,ES,Federal Contract Tower,7,26,57,8,98,1,0,80,8,89,8,26,137,16,187,104,42,146,333
04/18/2002,GNV,FL,ASO,ES,Federal Contract Tower,4,27,54,4,89,0,0,113,2,115,4,27,167,6,204,140,0,140,344
04/19/2002,GNV,FL,ASO,ES,Federal Contract Tower,4,26,64,8,102,0,0,118,12,130,4,26,182,20,232,90,10,100,332
04/20/2002,GNV,FL,ASO,ES,Federal Contract Tower,5,17,38,2,62,1,0,124,6,131,6,17,162,8,193,170,0,170,363
04/21/2002,GNV,FL,ASO,ES,Federal Contract Tower,4,14,33,4,55,0,0,91,0,91,4,14,124,4,146,88,0,88,234
04/22/2002,GNV,FL,ASO,ES,Federal Contract Tower,4,17,42,3,66,0,3,77,0,80,4,20,119,3,146,110,0,110,256
04/23/2002,GNV,FL,ASO,ES,Federal Contract Tower,6,21,43,0,70,0,0,82,0,82,6,21,125,0,152,40,0,40,192
04/24/2002,GNV,FL,ASO,ES,Federal Contract Tower,5,23,38,0,66,0,0,82,0,82,5,23,120,0,148,52,0,52,200
04/25/2002,GNV,FL,ASO,ES,Federal Contract Tower,4,23,39,2,68,1,3,87,0,91,5,26,126,2,159,54,0,54,213
04/26/2002,GNV,FL,ASO,ES,Federal Contract Tower,5,28,42,2,77,0,0,60,5,65,5,28,102,7,142,70,0,70,212
04/27/2002,GNV,FL,ASO,ES,Federal Contract Tower,3,19,29,0,51,0,0,66,0,66,3,19,95,0,117,180,0,180,297
04/28/2002,GNV,FL,ASO,ES,Federal Contract Tower,4,20,26,4,54,0,0,70,2,72,4,20,96,6,126,150,0,150,276
04/29/2002,GNV,FL,ASO,ES,Federal Contract Tower,5,23,34,0,62,0,9,67,5,81,5,32,101,5,143,60,0,60,203
04/30/2002,GNV,FL,ASO,ES,Federal Contract Tower,5,27,53,2,87,0,0,52,0,52,5,27,105,2,139,32,0,32,171
05/01/2002,GNV,FL,ASO,ES,Federal Contract Tower,4,24,54,12,94,0,0,57,8,65,4,24,111,20,159,58,6,64,223
05/02/2002,GNV,FL,ASO,ES,Federal Contract Tower,5,29,38,0,72,0,0,101,0,101,5,29,139,0,173,130,0,130,303
05/03/2002,GNV,FL,ASO,ES,Federal Contract Tower,2,26,39,5,72,0,0,49,6,55,2,26,88,11,127,30,0,30,157
05/04/2002,GNV,FL,ASO,ES,Federal Contract Tower,2,19,34,0,55,0,0,96,0,96,2,19,130,0,151,114,0,114,265
05/05/2002,GNV,FL,ASO,ES,Federal Contract Tower,6,13,54,2,75,0,0,35,1,36,6,13,89,3,111,44,0,44,155
05/06/2002,GNV,FL,ASO,ES,Federal Contract Tower,4,22,27,1,54,0,0,69,3,72,4,22,96,4,126,40,8,48,174
05/07/2002,GNV,FL,ASO,ES,Federal Contract Tower,4,23,51,0,78,0,0,60,0,60,4,23,111,0,138,74,0,74,212
05/08/2002,GNV,FL,ASO,ES,Federal Contract Tower,4,23,36,5,68,0,0,82,2,84,4,23,118,7,152,88,10,98,250
05/09/2002,GNV,FL,ASO,ES,Federal Contract Tower,5,26,39,5,75,0,0,83,1,84,5,26,122,6,159,112,10,122,281
05/10/2002,GNV,FL,ASO,ES,Federal Contract Tower,4,23,29,3,59,0,0,111,2,113,4,23,140,5,172,110,0,110,282
05/11/2002,GNV,FL,ASO,ES,Federal Contract Tower,4,18,36,0,58,0,0,104,0,104,4,18,140,0,162,90,0,90,252
05/12/2002,GNV,FL,ASO,ES,Federal Contract Tower,4,17,35,0,56,0,0,76,0,76,4,17,111,0,132,78,0,78,210
05/13/2002,GNV,FL,ASO,ES,Federal Contract Tower,4,25,24,9,62,0,1,55,3,59,4,26,79,12,121,62,22,84,205
05/14/2002,GNV,FL,ASO,ES,Federal Contract Tower,5,28,36,2,71,0,0,55,0,55,5,28,91,2,126,108,0,108,234
05/15/2002,GNV,FL,ASO,ES,Federal Contract Tower,5,24,40,0,69,0,5,85,2,92,5,29,125,2,161,88,0,88,249
05/16/2002,GNV,FL,ASO,ES,Federal Contract Tower,5,31,40,2,78,0,0,85,2,87,5,31,125,4,165,72,0,72,237
05/17/2002,GNV,FL,ASO,ES,Federal Contract Tower,4,23,36,10,73,0,0,65,3,68,4,23,101,13,141,72,0,72,213
05/18/2002,GNV,FL,ASO,ES,Federal Contract Tower,4,18,26,0,48,0,1,26,0,27,4,19,52,0,75,24,0,24,99
05/19/2002,GNV,FL,ASO,ES,Federal Contract Tower,6,16,37,8,67,0,0,5,4,9,6,16,42,12,76,0,0,0,76
05/20/2002,GNV,FL,ASO,ES,Federal Contract Tower,4,26,30,11,71,0,2,77,0,79,4,28,107,11,150,56,0,56,206
05/21/2002,GNV,FL,ASO,ES,Federal Contract Tower,5,27,30,0,62,0,0,93,0,93,5,27,123,0,155,142,0,142,297
05/22/2002,GNV,FL,ASO,ES,Federal Contract Tower,5,29,37,6,77,0,0,70,4,74,5,29,107,10,151,18,0,18,169
05/23/2002,GNV,FL,ASO,ES,Federal Contract Tower,5,25,32,0,62,0,1,74,0,75,5,26,106,0,137,84,0,84,221
05/24/2002,GNV,FL,ASO,ES,Federal Contract Tower,3,28,23,9,63,0,0,142,0,142,3,28,165,9,205,80,2,82,287
05/25/2002,GNV,FL,ASO,ES,Federal Contract Tower,5,16,21,0,42,0,0,70,0,70,5,16,91,0,112,80,0,80,192
05/26/2002,GNV,FL,ASO,ES,Federal Contract Tower,4,13,21,0,38,0,0,72,0,72,4,13,93,0,110,70,0,70,180
05/27/2002,GNV,FL,ASO,ES,Federal Contract Tower,4,15,26,0,45,0,0,87,0,87,4,15,113,0,132,72,0,72,204
05/28/2002,GNV,FL,ASO,ES,Federal Contract Tower,5,18,48,2,73,0,0,77,0,77,5,18,125,2,150,18,0,18,168
05/29/2002,GNV,FL,ASO,ES,Federal Contract Tower,5,25,35,13,78,0,0,54,5,59,5,25,89,18,137,54,0,54,191
05/30/2002,GNV,FL,ASO,ES,Federal Contract Tower,5,25,31,3,64,0,0,51,1,52,5,25,82,4,116,2,20,22,138
05/31/2002,GNV,FL,ASO,ES,Federal Contract Tower,3,18,28,2,51,1,4,65,18,88,4,22,93,20,139,70,38,108,247
06/01/2002,GNV,FL,ASO,ES,Federal Contract Tower,3,17,31,0,51,0,0,85,0,85,3,17,116,0,136,120,0,120,256
06/02/2002,GNV,FL,ASO,ES,Federal Contract Tower,5,16,31,0,52,0,1,74,0,75,5,17,105,0,127,102,0,102,229
06/03/2002,GNV,FL,ASO,ES,Federal Contract Tower,4,22,35,14,75,0,0,69,1,70,4,22,104,15,145,80,16,96,241
06/04/2002,GNV,FL,ASO,ES,Federal Contract Tower,4,27,28,4,63,0,0,37,3,40,4,27,65,7,103,70,6,76,179
06/05/2002,GNV,FL,ASO,ES,Federal Contract Tower,5,37,49,4,95,0,1,75,0,76,5,38,124,4,171,102,0,102,273
06/06/2002,GNV,FL,ASO,ES,Federal Contract Tower,4,27,29,6,66,0,0,44,0,44,4,27,73,6,110,52,34,86,196
06/07/2002,GNV,FL,ASO,ES,Federal Contract Tower,4,22,42,1,69,0,0,51,0,51,4,22,93,1,120,56,0,56,176
06/08/2002,GNV,FL,ASO,ES,Federal Contract Tower,4,16,23,0,43,0,0,22,0,22,4,16,45,0,65,34,0,34,99
06/09/2002,GNV,FL,ASO,ES,Federal Contract Tower,4,17,42,0,63,0,0,44,0,44,4,17,86,0,107,56,0,56,163
06/10/2002,GNV,FL,ASO,ES,Federal Contract Tower,1,23,24,0,48,0,0,50,0,50,1,23,74,0,98,32,0,32,130
06/11/2002,GNV,FL,ASO,ES,Federal Contract Tower,5,22,40,5,72,0,0,56,1,57,5,22,96,6,129,62,0,62,191
06/12/2002,GNV,FL,ASO,ES,Federal Contract Tower,5,21,36,8,70,0,0,73,3,76,5,21,109,11,146,148,16,164,310
06/13/2002,GNV,FL,ASO,ES,Federal Contract Tower,3,24,30,2,59,0,1,52,0,53,3,25,82,2,112,26,4,30,142
06/14/2002,GNV,FL,ASO,ES,Federal Contract Tower,4,25,24,8,61,0,0,75,3,78,4,25,99,11,139,40,2,42,181
06/15/2002,GNV,FL,ASO,ES,Federal Contract Tower,5,18,9,1,33,0,0,84,0,84,5,18,93,1,117,40,0,40,157
06/16/2002,GNV,FL,ASO,ES,Federal Contract Tower,4,13,13,4,34,0,0,109,4,113,4,13,122,8,147,64,8,72,219
06/17/2002,GNV,FL,ASO,ES,Federal Contract Tower,4,24,24,1,53,0,0,44,3,47,4,24,68,4,100,32,0,32,132
06/18/2002,GNV,FL,ASO,ES,Federal Contract Tower,5,25,25,0,55,0,1,26,0,27,5,26,51,0,82,8,0,8,90
06/19/2002,GNV,FL,ASO,ES,Federal Contract Tower,6,26,31,0,63,0,1,53,4,58,6,27,84,4,121,14,0,14,135
06/20/2002,GNV,FL,ASO,ES,Federal Contract Tower,3,23,37,3,66,0,0,54,0,54,3,23,91,3,120,48,0,48,168
06/21/2002,GNV,FL,ASO,ES,Federal Contract Tower,4,22,38,3,67,0,0,26,1,27,4,22,64,4,94,20,0,20,114
06/22/2002,GNV,FL,ASO,ES,Federal Contract Tower,4,18,10,0,32,0,0,5,0,5,4,18,15,0,37,0,0,0,37
06/23/2002,GNV,FL,ASO,ES,Federal Contract Tower,4,12,29,0,45,0,0,41,0,41,4,12,70,0,86,69,0,69,155
06/24/2002,GNV,FL,ASO,ES,Federal Contract Tower,5,20,39,3,67,0,0,62,5,67,5,20,101,8,134,56,22,78,212
06/25/2002,GNV,FL,ASO,ES,Federal Contract Tower,4,21,22,1,48,0,3,33,0,36,4,24,55,1,84,76,0,76,160
06/26/2002,GNV,FL,ASO,ES,Federal Contract Tower,5,24,41,13,83,0,0,70,22,92,5,24,111,35,175,56,84,140,315
06/27/2002,GNV,FL,ASO,ES,Federal Contract Tower,5,22,34,3,64,0,0,64,5,69,5,22,98,8,133,70,32,102,235
06/28/2002,GNV,FL,ASO,ES,Federal Contract Tower,4,23,48,17,92,0,0,74,11,85,4,23,122,28,177,50,6,56,233
06/29/2002,GNV,FL,ASO,ES,Federal Contract Tower,4,16,33,2,55,0,0,45,0,45,4,16,78,2,100,22,0,22,122
06/30/2002,GNV,FL,ASO,ES,Federal Contract Tower,4,14,20,10,48,0,0,54,5,59,4,14,74,15,107,34,4,38,145
07/01/2002,GNV,FL,ASO,ES,Federal Contract Tower,1,22,33,0,56,1,0,55,0,56,2,22,88,0,112,72,0,72,184
07/02/2002,GNV,FL,ASO,ES,Federal Contract Tower,3,25,25,6,59,2,0,95,3,100,5,25,120,9,159,114,20,134,293
07/03/2002,GNV,FL,ASO,ES,Federal Contract Tower,4,26,40,13,83,1,0,88,16,105,5,26,128,29,188,10,6,16,204
07/04/2002,GNV,FL,ASO,ES,Federal Contract Tower,3,13,27,2,45,0,1,31,0,32,3,14,58,2,77,20,2,22,99
07/05/2002,GNV,FL,ASO,ES,Federal Contract Tower,4,20,32,0,56,0,1,32,0,33,4,21,64,0,89,10,0,10,99
07/06/2002,GNV,FL,ASO,ES,Federal Contract Tower,4,15,33,0,52,0,1,100,0,101,4,16,133,0,153,80,0,80,233
07/07/2002,GNV,FL,ASO,ES,Federal Contract Tower,4,13,41,0,58,0,1,74,0,75,4,14,115,0,133,70,0,70,203
07/08/2002,GNV,FL,ASO,ES,Federal Contract Tower,5,20,32,0,57,0,1,50,0,51,5,21,82,0,108,48,0,48,156
07/09/2002,GNV,FL,ASO,ES,Federal Contract Tower,5,24,32,9,70,0,1,51,9,61,5,25,83,18,131,52,4,56,187
07/10/2002,GNV,FL,ASO,ES,Federal Contract Tower,2,18,41,3,64,0,0,84,2,86,2,18,125,5,150,160,12,172,322
07/11/2002,GNV,FL,ASO,ES,Federal Contract Tower,5,25,42,8,80,0,0,81,9,90,5,25,123,17,170,46,12,58,228
07/12/2002,GNV,FL,ASO,ES,Federal Contract Tower,5,26,37,6,74,0,0,59,2,61,5,26,96,8,135,40,0,40,175
07/13/2002,GNV,FL,ASO,ES,Federal Contract Tower,3,14,15,0,32,0,0,3,0,3,3,14,18,0,35,20,0,20,55
07/14/2002,GNV,FL,ASO,ES,Federal Contract Tower,4,15,21,0,40,0,0,53,0,53,4,15,74,0,93,52,0,52,145
07/15/2002,GNV,FL,ASO,ES,Federal Contract Tower,4,23,30,2,59,0,0,87,0,87,4,23,117,2,146,56,0,56,202
07/16/2002,GNV,FL,ASO,ES,Federal Contract Tower,5,27,34,9,75,0,0,75,9,84,5,27,109,18,159,96,2,98,257
07/17/2002,GNV,FL,ASO,ES,Federal Contract Tower,4,22,36,2,64,0,0,64,1,65,4,22,100,3,129,77,11,88,217
07/18/2002,GNV,FL,ASO,ES,Federal Contract Tower,5,26,44,2,77,0,0,54,0,54,5,26,98,2,131,28,0,28,159
07/19/2002,GNV,FL,ASO,ES,Federal Contract Tower,4,24,40,0,68,0,0,41,0,41,4,24,81,0,109,50,6,56,165
07/20/2002,GNV,FL,ASO,ES,Federal Contract Tower,2,17,28,0,47,0,0,57,0,57,2,17,85,0,104,30,0,30,134
07/21/2002,GNV,FL,ASO,ES,Federal Contract Tower,4,16,28,0,48,0,0,48,0,48,4,16,76,0,96,46,0,46,142
07/22/2002,GNV,FL,ASO,ES,Federal Contract Tower,4,18,27,2,51,0,0,65,2,67,4,18,92,4,118,58,0,58,176
07/23/2002,GNV,FL,ASO,ES,Federal Contract Tower,3,24,30,0,57,0,0,77,2,79,3,24,107,2,136,136,0,136,272
07/24/2002,GNV,FL,ASO,ES,Federal Contract Tower,5,29,37,9,80,0,0,54,5,59,5,29,91,14,139,56,16,72,211
07/25/2002,GNV,FL,ASO,ES,Federal Contract Tower,5,23,32,5,65,0,0,51,1,52,5,23,83,6,117,18,0,18,135
07/26/2002,GNV,FL,ASO,ES,Federal Contract Tower,4,23,55,2,84,0,1,90,0,91,4,24,145,2,175,50,0,50,225
07/27/2002,GNV,FL,ASO,ES,Federal Contract Tower,15,15,26,3,59,0,0,89,3,92,15,15,115,6,151,56,10,66,217
07/28/2002,GNV,FL,ASO,ES,Federal Contract Tower,4,15,32,0,51,0,0,62,0,62,4,15,94,0,113,20,0,20,133
07/29/2002,GNV,FL,ASO,ES,Federal Contract Tower,4,20,24,11,59,0,0,61,5,66,4,20,85,16,125,46,12,58,183
07/30/2002,GNV,FL,ASO,ES,Federal Contract Tower,4,26,37,0,67,0,1,75,2,78,4,27,112,2,145,104,0,104,249
07/31/2002,GNV,FL,ASO,ES,Federal Contract Tower,5,31,34,3,73,0,2,85,4,91,5,33,119,7,164,60,24,84,248
08/01/2002,GNV,FL,ASO,ES,Federal Contract Tower,5,26,14,3,48,0,0,45,1,46,5,26,59,4,94,32,0,32,126
08/02/2002,GNV,FL,ASO,ES,Federal Contract Tower,4,21,37,4,66,0,0,73,4,77,4,21,110,8,143,54,4,58,201
08/03/2002,GNV,FL,ASO,ES,Federal Contract Tower,5,17,20,1,43,0,0,29,1,30,5,17,49,2,73,4,0,4,77
08/04/2002,GNV,FL,ASO,ES,Federal Contract Tower,4,16,25,0,45,0,0,31,0,31,4,16,56,0,76,32,0,32,108
08/05/2002,GNV,FL,ASO,ES,Federal Contract Tower,3,24,28,11,66,0,0,80,8,88,3,24,108,19,154,40,66,106,260
08/06/2002,GNV,FL,ASO,ES,Federal Contract Tower,5,25,36,0,66,0,0,82,2,84,5,25,118,2,150,70,0,70,220
08/07/2002,GNV,FL,ASO,ES,Federal Contract Tower,7,22,31,5,65,0,0,54,6,60,7,22,85,11,125,90,80,170,295
08/08/2002,GNV,FL,ASO,ES,Federal Contract Tower,4,25,46,5,80,0,0,100,6,106,4,25,146,11,186,62,22,84,270
08/09/2002,GNV,FL,ASO,ES,Federal Contract Tower,4,25,38,1,68,0,0,85,1,86,4,25,123,2,154,36,0,36,190
08/10/2002,GNV,FL,ASO,ES,Federal Contract Tower,6,16,40,2,64,0,0,140,3,143,6,16,180,5,207,71,4,75,282
08/11/2002,GNV,FL,ASO,ES,Federal Contract Tower,4,21,30,5,60,0,0,83,4,87,4,21,113,9,147,74,0,74,221
08/12/2002,GNV,FL,ASO,ES,Federal Contract Tower,4,21,21,1,47,0,0,23,1,24,4,21,44,2,71,0,0,0,71
08/13/2002,GNV,FL,ASO,ES,Federal Contract Tower,5,29,25,4,63,0,4,63,6,73,5,33,88,10,136,80,0,80,216
08/14/2002,GNV,FL,ASO,ES,Federal Contract Tower,5,24,61,2,92,0,0,160,0,160,5,24,221,2,252,62,0,62,314
08/15/2002,GNV,FL,ASO,ES,Federal Contract Tower,5,22,48,2,77,0,0,73,0,73,5,22,121,2,150,38,0,38,188
08/16/2002,GNV,FL,ASO,ES,Federal Contract Tower,5,26,29,2,62,0,0,55,1,56,5,26,84,3,118,54,6,60,178
08/17/2002,GNV,FL,ASO,ES,Federal Contract Tower,5,17,19,0,41,0,0,133,0,133,5,17,152,0,174,56,12,68,242
08/18/2002,GNV,FL,ASO,ES,Federal Contract Tower,3,13,15,0,31,0,0,42,0,42,3,13,57,0,73,30,0,30,103
08/19/2002,GNV,FL,ASO,ES,Federal Contract Tower,5,20,44,6,75,0,0,75,7,82,5,20,119,13,157,54,44,98,255
08/20/2002,GNV,FL,ASO,ES,Federal Contract Tower,5,24,33,3,65,0,1,20,1,22,5,25,53,4,87,12,28,40,127
08/21/2002,GNV,FL,ASO,ES,Federal Contract Tower,4,21,48,10,83,0,0,134,12,146,4,21,182,22,229,216,94,310,539
08/22/2002,GNV,FL,ASO,ES,Federal Contract Tower,5,23,34,16,78,0,0,70,15,85,5,23,104,31,163,96,48,144,307
08/23/2002,GNV,FL,ASO,ES,Federal Contract Tower,5,23,44,5,77,0,0,99,1,100,5,23,143,6,177,80,0,80,257
08/24/2002,GNV,FL,ASO,ES,Federal Contract Tower,4,13,17,0,34,0,1,93,0,94,4,14,110,0,128,74,4,78,206
08/25/2002,GNV,FL,ASO,ES,Federal Contract Tower,5,14,36,2,57,0,0,73,3,76,5,14,109,5,133,56,0,56,189
08/26/2002,GNV,FL,ASO,ES,Federal Contract Tower,5,19,24,3,51,0,0,31,3,34,5,19,55,6,85,0,0,0,85
08/27/2002,GNV,FL,ASO,ES,Federal Contract Tower,3,15,23,0,41,2,7,4,0,13,5,22,27,0,54,0,0,0,54
08/28/2002,GNV,FL,ASO,ES,Federal Contract Tower,5,18,36,2,61,0,1,57,10,68,5,19,93,12,129,68,8,76,205
08/29/2002,GNV,FL,ASO,ES,Federal Contract Tower,5,25,32,14,76,0,0,17,7,24,5,25,49,21,100,26,18,44,144
08/30/2002,GNV,FL,ASO,ES,Federal Contract Tower,6,26,35,7,74,0,0,34,6,40,6,26,69,13,114,24,12,36,150
08/31/2002,GNV,FL,ASO,ES,Federal Contract Tower,6,21,54,2,83,0,3,57,0,60,6,24,111,2,143,10,0,10,153
09/01/2002,GNV,FL,ASO,ES,Federal Contract Tower,5,13,40,0,58,0,0,42,0,42,5,13,82,0,100,30,0,30,130
09/02/2002,GNV,FL,ASO,ES,Federal Contract Tower,4,13,55,0,72,0,0,46,2,48,4,13,101,2,120,36,0,36,156
09/03/2002,GNV,FL,ASO,ES,Federal Contract Tower,4,21,29,3,57,0,0,38,5,43,4,21,67,8,100,40,6,46,146
09/04/2002,GNV,FL,ASO,ES,Federal Contract Tower,5,23,25,1,54,0,0,59,1,60,5,23,84,2,114,10,18,28,142
09/05/2002,GNV,FL,ASO,ES,Federal Contract Tower,5,29,36,16,86,0,0,25,2,27,5,29,61,18,113,30,0,30,143
09/06/2002,GNV,FL,ASO,ES,Federal Contract Tower,6,29,54,5,94,0,0,88,3,91,6,29,142,8,185,86,0,86,271
09/07/2002,GNV,FL,ASO,ES,Federal Contract Tower,6,29,161,0,196,0,0,182,0,182,6,29,343,0,378,22,0,22,400
09/08/2002,GNV,FL,ASO,ES,Federal Contract Tower,5,20,47,2,74,0,0,97,0,97,5,20,144,2,171,20,0,20,191
09/09/2002,GNV,FL,ASO,ES,Federal Contract Tower,5,21,32,4,62,0,0,73,2,75,5,21,105,6,137,64,0,64,201
09/10/2002,GNV,FL,ASO,ES,Federal Contract Tower,3,27,32,4,66,0,0,96,4,100,3,27,128,8,166,70,36,106,272
09/11/2002,GNV,FL,ASO,ES,Federal Contract Tower,3,23,34,8,68,0,0,73,3,76,3,23,107,11,144,36,32,68,212
09/12/2002,GNV,FL,ASO,ES,Federal Contract Tower,3,22,37,2,64,0,0,58,0,58,3,22,95,2,122,54,0,54,176
09/13/2002,GNV,FL,ASO,ES,Federal Contract Tower,6,25,28,11,70,0,0,36,4,40,6,25,64,15,110,56,4,60,170
09/14/2002,GNV,FL,ASO,ES,Federal Contract Tower,2,11,24,2,39,0,3,31,1,35,2,14,55,3,74,24,4,28,102
09/15/2002,GNV,FL,ASO,ES,Federal Contract Tower,2,16,23,0,41,0,0,64,0,64,2,16,87,0,105,40,0,40,145
09/16/2002,GNV,FL,ASO,ES,Federal Contract Tower,4,20,16,0,40,0,0,64,0,64,4,20,80,0,104,88,0,88,192
09/17/2002,GNV,FL,ASO,ES,Federal Contract Tower,5,24,28,7,64,0,0,74,11,85,5,24,102,18,149,74,0,74,223
09/18/2002,GNV,FL,ASO,ES,Federal Contract Tower,5,23,50,7,85,0,0,91,4,95,5,23,141,11,180,56,0,56,236
09/19/2002,GNV,FL,ASO,ES,Federal Contract Tower,5,23,36,0,64,0,0,67,2,69,5,23,103,2,133,88,0,88,221
09/20/2002,GNV,FL,ASO,ES,Federal Contract Tower,6,26,38,6,76,0,0,74,3,77,6,26,112,9,153,56,18,74,227
09/21/2002,GNV,FL,ASO,ES,Federal Contract Tower,4,17,46,0,67,0,0,80,2,82,4,17,126,2,149,60,10,70,219
09/22/2002,GNV,FL,ASO,ES,Federal Contract Tower,4,15,31,1,51,0,2,91,1,94,4,17,122,2,145,70,0,70,215
09/23/2002,GNV,FL,ASO,ES,Federal Contract Tower,3,20,29,3,55,0,0,83,1,84,3,20,112,4,139,94,0,94,233
09/24/2002,GNV,FL,ASO,ES,Federal Contract Tower,2,12,23,0,37,4,8,3,0,15,6,20,26,0,52,20,0,20,72
09/25/2002,GNV,FL,ASO,ES,Federal Contract Tower,4,21,42,8,75,0,0,43,2,45,4,21,85,10,120,50,52,102,222
09/26/2002,GNV,FL,ASO,ES,Federal Contract Tower,4,21,29,0,54,0,0,28,0,28,4,21,57,0,82,14,0,14,96
09/27/2002,GNV,FL,ASO,ES,Federal Contract Tower,7,22,54,10,93,0,0,63,12,75,7,22,117,22,168,40,12,52,220
09/28/2002,GNV,FL,ASO,ES,Federal Contract Tower,7,23,93,0,123,0,0,88,2,90,7,23,181,2,213,34,0,34,247
09/29/2002,GNV,FL,ASO,ES,Federal Contract Tower,4,18,39,0,61,0,0,93,0,93,4,18,132,0,154,80,0,80,234
09/30/2002,GNV,FL,ASO,ES,Federal Contract Tower,4,18,39,3,64,1,0,58,3,62,5,18,97,6,126,54,0,54,180
10/01/2002,GNV,FL,ASO,ES,Federal Contract Tower,4,27,43,0,74,1,1,51,4,57,5,28,94,4,131,26,8,34,165
10/02/2002,GNV,FL,ASO,ES,Federal Contract Tower,5,23,46,9,83,0,0,91,3,94,5,23,137,12,177,106,0,106,283
10/03/2002,GNV,FL,ASO,ES,Federal Contract Tower,5,23,63,13,104,0,0,110,3,113,5,23,173,16,217,66,0,66,283
10/04/2002,GNV,FL,ASO,ES,Federal Contract Tower,7,21,47,6,81,0,0,99,4,103,7,21,146,10,184,56,36,92,276
10/05/2002,GNV,FL,ASO,ES,Federal Contract Tower,6,17,49,1,73,0,0,113,1,114,6,17,162,2,187,18,6,24,211
10/06/2002,GNV,FL,ASO,ES,Federal Contract Tower,6,14,49,0,69,0,0,92,0,92,6,14,141,0,161,30,0,30,191
10/07/2002,GNV,FL,ASO,ES,Federal Contract Tower,5,19,34,0,58,0,0,72,1,73,5,19,106,1,131,38,0,38,169
10/08/2002,GNV,FL,ASO,ES,Federal Contract Tower,5,26,30,3,64,0,0,76,1,77,5,26,106,4,141,40,94,134,275
10/09/2002,GNV,FL,ASO,ES,Federal Contract Tower,4,20,38,4,66,0,0,31,5,36,4,20,69,9,102,40,0,40,142
10/10/2002,GNV,FL,ASO,ES,Federal Contract Tower,4,21,42,22,89,0,0,27,19,46,4,21,69,41,135,14,50,64,199
10/11/2002,GNV,FL,ASO,ES,Federal Contract Tower,7,26,61,10,104,0,0,74,2,76,7,26,135,12,180,26,4,30,210
10/12/2002,GNV,FL,ASO,ES,Federal Contract Tower,6,21,72,0,99,0,0,81,0,81,6,21,153,0,180,18,0,18,198
10/13/2002,GNV,FL,ASO,ES,Federal Contract Tower,5,17,62,4,88,0,0,67,4,71,5,17,129,8,159,68,0,68,227
10/14/2002,GNV,FL,ASO,ES,Federal Contract Tower,5,25,37,0,67,0,0,49,0,49,5,25,86,0,116,40,0,40,156
10/15/2002,GNV,FL,ASO,ES,Federal Contract Tower,2,23,36,6,67,0,0,0,5,5,2,23,36,11,72,0,0,0,72
10/16/2002,GNV,FL,ASO,ES,Federal Contract Tower,5,22,46,9,82,0,0,69,1,70,5,22,115,10,152,84,4,88,240
10/17/2002,GNV,FL,ASO,ES,Federal Contract Tower,7,21,51,3,82,0,0,97,3,100,7,21,148,6,182,58,0,58,240
10/18/2002,GNV,FL,ASO,ES,Federal Contract Tower,7,23,45,5,80,0,0,121,1,122,7,23,166,6,202,58,0,58,260
10/19/2002,GNV,FL,ASO,ES,Federal Contract Tower,7,20,92,3,122,0,0,149,5,154,7,20,241,8,276,64,0,64,340
10/20/2002,GNV,FL,ASO,ES,Federal Contract Tower,4,16,51,2,73,0,0,138,6,144,4,16,189,8,217,70,0,70,287
10/21/2002,GNV,FL,ASO,ES,Federal Contract Tower,5,17,19,12,53,0,0,50,9,59,5,17,69,21,112,60,8,68,180
10/22/2002,GNV,FL,ASO,ES,Federal Contract Tower,4,20,33,7,64,0,0,79,5,84,4,20,112,12,148,40,20,60,208
10/23/2002,GNV,FL,ASO,ES,Federal Contract Tower,2,25,49,5,81,0,1,60,4,65,2,26,109,9,146,52,4,56,202
10/24/2002,GNV,FL,ASO,ES,Federal Contract Tower,3,24,47,2,76,0,0,21,0,21,3,24,68,2,97,10,0,10,107
10/25/2002,GNV,FL,ASO,ES,Federal Contract Tower,3,17,54,11,85,0,0,40,3,43,3,17,94,14,128,26,4,30,158
10/26/2002,GNV,FL,ASO,ES,Federal Contract Tower,5,18,46,0,69,0,0,49,0,49,5,18,95,0,118,20,0,20,138
10/27/2002,GNV,FL,ASO,ES,Federal Contract Tower,2,12,42,4,60,0,0,112,9,121,2,12,154,13,181,26,0,26,207
10/28/2002,GNV,FL,ASO,ES,Federal Contract Tower,3,20,28,1,52,0,0,92,1,93,3,20,120,2,145,55,0,55,200
10/29/2002,GNV,FL,ASO,ES,Federal Contract Tower,3,18,38,2,61,0,5,83,0,88,3,23,121,2,149,62,0,62,211
10/30/2002,GNV,FL,ASO,ES,Federal Contract Tower,3,18,40,4,65,1,3,74,1,79,4,21,114,5,144,108,42,150,294
10/31/2002,GNV,FL,ASO,ES,Federal Contract Tower,4,23,33,0,60,0,1,105,0,106,4,24,138,0,166,60,0,60,226
11/01/2002,GNV,FL,ASO,ES,Federal Contract Tower,5,20,36,5,66,0,1,101,11,113,5,21,137,16,179,74,34,108,287
11/02/2002,GNV,FL,ASO,ES,Federal Contract Tower,4,12,17,2,35,0,0,102,4,106,4,12,119,6,141,44,22,66,207
11/03/2002,GNV,FL,ASO,ES,Federal Contract Tower,4,10,19,3,36,0,0,76,6,82,4,10,95,9,118,88,0,88,206
11/04/2002,GNV,FL,ASO,ES,Federal Contract Tower,4,17,32,9,62,0,0,78,15,93,4,17,110,24,155,68,76,144,299
11/05/2002,GNV,FL,ASO,ES,Federal Contract Tower,4,29,29,2,64,0,0,51,4,55,4,29,80,6,119,10,30,40,159
11/06/2002,GNV,FL,ASO,ES,Federal Contract Tower,5,21,22,6,54,0,0,36,5,41,5,21,58,11,95,50,0,50,145
11/07/2002,GNV,FL,ASO,ES,Federal Contract Tower,5,31,56,1,93,0,0,140,2,142,5,31,196,3,235,68,8,76,311
11/08/2002,GNV,FL,ASO,ES,Federal Contract Tower,6,23,50,4,83,0,0,63,6,69,6,23,113,10,152,56,0,56,208
11/09/2002,GNV,FL,ASO,ES,Federal Contract Tower,8,13,47,0,68,0,0,128,0,128,8,13,175,0,196,52,0,52,248
11/10/2002,GNV,FL,ASO,ES,Federal Contract Tower,4,13,22,1,40,0,0,34,1,35,4,13,56,2,75,0,0,0,75
11/11/2002,GNV,FL,ASO,ES,Federal Contract Tower,4,16,30,6,56,0,0,36,0,36,4,16,66,6,92,30,0,30,122
11/12/2002,GNV,FL,ASO,ES,Federal Contract Tower,4,15,20,4,43,0,0,12,1,13,4,15,32,5,56,30,0,30,86
11/13/2002,GNV,FL,ASO,ES,Federal Contract Tower,5,24,37,6,72,0,1,60,6,67,5,25,97,12,139,30,20,50,189
11/14/2002,GNV,FL,ASO,ES,Federal Contract Tower,5,24,44,6,79,0,0,136,4,140,5,24,180,10,219,90,8,98,317
11/15/2002,GNV,FL,ASO,ES,Federal Contract Tower,4,28,76,14,122,0,0,105,22,127,4,28,181,36,249,28,44,72,321
11/16/2002,GNV,FL,ASO,ES,Federal Contract Tower,6,13,21,1,41,0,0,0,10,10,6,13,21,11,51,0,0,0,51
11/17/2002,GNV,FL,ASO,ES,Federal Contract Tower,4,20,34,5,63,0,0,25,3,28,4,20,59,8,91,0,0,0,91
11/18/2002,GNV,FL,ASO,ES,Federal Contract Tower,5,17,38,3,63,0,2,90,0,92,5,19,128,3,155,110,0,110,265
11/19/2002,GNV,FL,ASO,ES,Federal Contract Tower,5,20,36,6,67,0,0,154,0,154,5,20,190,6,221,50,20,70,291
11/20/2002,GNV,FL,ASO,ES,Federal Contract Tower,4,21,36,7,68,0,0,117,5,122,4,21,153,12,190,90,4,94,284
11/21/2002,GNV,FL,ASO,ES,Federal Contract Tower,5,21,38,10,74,0,0,55,3,58,5,21,93,13,132,76,0,76,208
11/22/2002,GNV,FL,ASO,ES,Federal Contract Tower,5,25,44,10,84,0,0,90,9,99,5,25,134,19,183,34,8,42,225
11/23/2002,GNV,FL,ASO,ES,Federal Contract Tower,5,11,38,6,60,0,0,120,4,124,5,11,158,10,184,70,0,70,254
11/24/2002,GNV,FL,ASO,ES,Federal Contract Tower,4,20,31,2,57,0,1,131,0,132,4,21,162,2,189,26,4,30,219
11/25/2002,GNV,FL,ASO,ES,Federal Contract Tower,4,20,36,22,82,0,0,86,18,104,4,20,122,40,186,54,70,124,310
11/26/2002,GNV,FL,ASO,ES,Federal Contract Tower,5,23,39,3,70,0,0,107,1,108,5,23,146,4,178,20,60,80,258
11/27/2002,GNV,FL,ASO,ES,Federal Contract Tower,4,26,47,4,81,0,0,121,3,124,4,26,168,7,205,80,6,86,291
11/28/2002,GNV,FL,ASO,ES,Federal Contract Tower,4,12,19,0,35,0,0,50,0,50,4,12,69,0,85,0,0,0,85
11/29/2002,GNV,FL,ASO,ES,Federal Contract Tower,3,14,25,0,42,1,6,82,0,89,4,20,107,0,131,14,0,14,145
11/30/2002,GNV,FL,ASO,ES,Federal Contract Tower,5,13,44,0,62,0,0,55,0,55,5,13,99,0,117,12,0,12,129
12/01/2002,GNV,FL,ASO,ES,Federal Contract Tower,5,12,42,1,60,0,0,61,1,62,5,12,103,2,122,44,0,44,166
12/02/2002,GNV,FL,ASO,ES,Federal Contract Tower,6,24,35,0,65,0,0,95,0,95,6,24,130,0,160,44,0,44,204
12/03/2002,GNV,FL,ASO,ES,Federal Contract Tower,5,22,24,8,59,0,0,76,2,78,5,22,100,10,137,38,0,38,175
12/04/2002,GNV,FL,ASO,ES,Federal Contract Tower,5,23,25,6,59,0,0,68,5,73,5,23,93,11,132,8,36,44,176
12/05/2002,GNV,FL,ASO,ES,Federal Contract Tower,4,18,46,2,70,0,0,10,1,11,4,18,56,3,81,10,20,30,111
12/06/2002,GNV,FL,ASO,ES,Federal Contract Tower,5,24,51,7,87,0,0,29,2,31,5,24,80,9,118,54,22,76,194
12/07/2002,GNV,FL,ASO,ES,Federal Contract Tower,3,13,27,0,43,0,0,117,0,117,3,13,144,0,160,78,0,78,238
12/08/2002,GNV,FL,ASO,ES,Federal Contract Tower,4,13,34,0,51,0,0,73,0,73,4,13,107,0,124,26,0,26,150
12/09/2002,GNV,FL,ASO,ES,Federal Contract Tower,6,21,27,4,58,0,0,8,2,10,6,21,35,6,68,10,0,10,78
12/10/2002,GNV,FL,ASO,ES,Federal Contract Tower,5,27,44,8,84,0,0,5,0,5,5,27,49,8,89,0,0,0,89
12/11/2002,GNV,FL,ASO,ES,Federal Contract Tower,5,26,43,4,78,0,1,65,1,67,5,27,108,5,145,20,0,20,165
12/12/2002,GNV,FL,ASO,ES,Federal Contract Tower,5,24,58,4,91,0,0,73,8,81,5,24,131,12,172,48,0,48,220
12/13/2002,GNV,FL,ASO,ES,Federal Contract Tower,4,21,33,18,76,0,0,16,6,22,4,21,49,24,98,0,0,0,98
12/14/2002,GNV,FL,ASO,ES,Federal Contract Tower,3,15,34,2,54,0,0,61,26,87,3,15,95,28,141,60,0,60,201
12/15/2002,GNV,FL,ASO,ES,Federal Contract Tower,6,13,57,0,76,0,0,78,0,78,6,13,135,0,154,82,0,82,236
12/16/2002,GNV,FL,ASO,ES,Federal Contract Tower,5,20,37,4,66,0,0,71,5,76,5,20,108,9,142,62,36,98,240
12/17/2002,GNV,FL,ASO,ES,Federal Contract Tower,5,25,31,4,65,0,1,85,2,88,5,26,116,6,153,40,0,40,193
12/18/2002,GNV,FL,ASO,ES,Federal Contract Tower,4,23,44,2,73,0,0,129,0,129,4,23,173,2,202,52,0,52,254
12/19/2002,GNV,FL,ASO,ES,Federal Contract Tower,4,24,38,3,69,0,0,79,1,80,4,24,117,4,149,42,0,42,191
12/20/2002,GNV,FL,ASO,ES,Federal Contract Tower,5,25,32,3,65,0,0,66,5,71,5,25,98,8,136,42,0,42,178
12/21/2002,GNV,FL,ASO,ES,Federal Contract Tower,2,18,26,2,48,0,0,103,0,103,2,18,129,2,151,120,0,120,271
12/22/2002,GNV,FL,ASO,ES,Federal Contract Tower,4,14,20,0,38,0,0,57,0,57,4,14,77,0,95,70,0,70,165
12/23/2002,GNV,FL,ASO,ES,Federal Contract Tower,4,21,40,9,74,0,0,64,6,70,4,21,104,15,144,106,26,132,276
12/24/2002,GNV,FL,ASO,ES,Federal Contract Tower,2,17,9,0,28,0,0,1,0,1,2,17,10,0,29,0,0,0,29
12/25/2002,GNV,FL,ASO,ES,Federal Contract Tower,3,12,12,0,27,1,1,11,0,13,4,13,23,0,40,0,0,0,40
12/26/2002,GNV,FL,ASO,ES,Federal Contract Tower,5,27,24,4,60,0,1,62,5,68,5,28,86,9,128,24,0,24,152
12/27/2002,GNV,FL,ASO,ES,Federal Contract Tower,5,19,37,0,61,0,0,94,0,94,5,19,131,0,155,84,0,84,239
12/28/2002,GNV,FL,ASO,ES,Federal Contract Tower,3,13,23,0,39,0,0,61,0,61,3,13,84,0,100,70,0,70,170
12/29/2002,GNV,FL,ASO,ES,Federal Contract Tower,4,14,22,0,40,0,0,73,0,73,4,14,95,0,113,64,0,64,177
12/30/2002,GNV,FL,ASO,ES,Federal Contract Tower,5,17,24,9,55,0,0,81,5,86,5,17,105,14,141,74,6,80,221
12/31/2002,GNV,FL,ASO,ES,Federal Contract Tower,2,20,16,4,42,0,0,37,2,39,2,20,53,6,81,40,0,40,121
01/01/2003,GNV,FL,ASO,ES,Federal Contract Tower,2,13,13,0,28,1,0,23,0,24,3,13,36,0,52,4,0,4,56
01/02/2003,GNV,FL,ASO,ES,Federal Contract Tower,5,18,38,5,66,0,1,64,1,66,5,19,102,6,132,82,0,82,214
01/03/2003,GNV,FL,ASO,ES,Federal Contract Tower,4,22,20,2,48,0,1,37,0,38,4,23,57,2,86,10,0,10,96
01/04/2003,GNV,FL,ASO,ES,Federal Contract Tower,3,9,28,1,41,0,0,97,1,98,3,9,125,2,139,60,2,62,201
01/05/2003,GNV,FL,ASO,ES,Federal Contract Tower,4,16,20,0,40,0,0,86,0,86,4,16,106,0,126,140,0,140,266
01/06/2003,GNV,FL,ASO,ES,Federal Contract Tower,5,21,38,0,64,0,0,68,0,68,5,21,106,0,132,52,0,52,184
01/07/2003,GNV,FL,ASO,ES,Federal Contract Tower,4,20,29,5,58,0,0,53,9,62,4,20,82,14,120,150,2,152,272
01/08/2003,GNV,FL,ASO,ES,Federal Contract Tower,4,27,33,0,64,0,0,53,0,53,4,27,86,0,117,90,2,92,209
01/09/2003,GNV,FL,ASO,ES,Federal Contract Tower,5,20,35,8,68,0,0,71,2,73,5,20,106,10,141,62,0,62,203
01/10/2003,GNV,FL,ASO,ES,Federal Contract Tower,5,22,44,6,77,0,0,48,1,49,5,22,92,7,126,20,0,20,146
01/11/2003,GNV,FL,ASO,ES,Federal Contract Tower,3,21,53,16,93,0,0,159,6,165,3,21,212,22,258,80,20,100,358
01/12/2003,GNV,FL,ASO,ES,Federal Contract Tower,4,13,34,4,55,0,0,44,2,46,4,13,78,6,101,18,12,30,131
01/13/2003,GNV,FL,ASO,ES,Federal Contract Tower,5,17,26,3,51,0,0,17,0,17,5,17,43,3,68,20,0,20,88
01/14/2003,GNV,FL,ASO,ES,Federal Contract Tower,5,23,46,3,77,0,0,90,4,94,5,23,136,7,171,30,0,30,201
01/15/2003,GNV,FL,ASO,ES,Federal Contract Tower,4,29,45,12,90,0,0,100,11,111,4,29,145,23,201,106,0,106,307
01/16/2003,GNV,FL,ASO,ES,Federal Contract Tower,5,33,53,10,101,0,3,115,14,132,5,36,168,24,233,70,56,126,359
01/17/2003,GNV,FL,ASO,ES,Federal Contract Tower,5,28,47,8,88,0,2,69,15,86,5,30,116,23,174,50,10,60,234
01/18/2003,GNV,FL,ASO,ES,Federal Contract Tower,2,16,24,13,55,0,0,124,7,131,2,16,148,20,186,120,0,120,306
01/19/2003,GNV,FL,ASO,ES,Federal Contract Tower,5,14,19,3,41,0,0,53,1,54,5,14,72,4,95,26,0,26,121
01/20/2003,GNV,FL,ASO,ES,Federal Contract Tower,5,13,30,11,59,0,0,85,11,96,5,13,115,22,155,50,0,50,205
01/21/2003,GNV,FL,ASO,ES,Federal Contract Tower,7,20,27,4,58,0,0,68,6,74,7,20,95,10,132,44,8,52,184
01/22/2003,GNV,FL,ASO,ES,Federal Contract Tower,5,22,56,4,87,0,0,14,7,21,5,22,70,11,108,18,14,32,140
01/23/2003,GNV,FL,ASO,ES,Federal Contract Tower,5,24,14,0,43,0,0,42,0,42,5,24,56,0,85,34,0,34,119
01/24/2003,GNV,FL,ASO,ES,Federal Contract Tower,5,22,32,4,63,0,0,75,0,75,5,22,107,4,138,70,0,70,208
01/25/2003,GNV,FL,ASO,ES,Federal Contract Tower,3,15,33,7,58,0,0,136,3,139,3,15,169,10,197,90,0,90,287
01/26/2003,GNV,FL,ASO,ES,Federal Contract Tower,5,15,28,4,52,0,0,94,0,94,5,15,122,4,146,42,0,42,188
01/27/2003,GNV,FL,ASO,ES,Federal Contract Tower,5,20,32,3,60,0,0,91,1,92,5,20,123,4,152,42,0,42,194
01/28/2003,GNV,FL,ASO,ES,Federal Contract Tower,5,22,28,2,57,0,0,90,2,92,5,22,118,4,149,74,0,74,223
01/29/2003,GNV,FL,ASO,ES,Federal Contract Tower,4,22,24,4,54,0,0,86,8,94,4,22,110,12,148,58,0,58,206
01/30/2003,GNV,FL,ASO,ES,Federal Contract Tower,4,18,41,16,79,0,0,85,8,93,4,18,126,24,172,40,10,50,222
01/31/2003,GNV,FL,ASO,ES,Federal Contract Tower,6,22,45,14,87,0,0,104,6,110,6,22,149,20,197,80,0,80,277
02/01/2003,GNV,FL,ASO,ES,Federal Contract Tower,5,13,47,1,66,0,0,104,2,106,5,13,151,3,172,140,0,140,312
02/02/2003,GNV,FL,ASO,ES,Federal Contract Tower,5,12,44,11,72,0,0,89,6,95,5,12,133,17,167,90,0,90,257
02/03/2003,GNV,FL,ASO,ES,Federal Contract Tower,2,17,20,0,39,0,0,54,0,54,2,17,74,0,93,68,0,68,161
02/04/2003,GNV,FL,ASO,ES,Federal Contract Tower,5,18,37,4,64,0,0,0,0,0,5,18,37,4,64,0,0,0,64
02/05/2003,GNV,FL,ASO,ES,Federal Contract Tower,5,22,26,10,63,0,0,100,2,102,5,22,126,12,165,48,4,52,217
02/06/2003,GNV,FL,ASO,ES,Federal Contract Tower,4,19,53,4,80,0,0,74,8,82,4,19,127,12,162,40,0,40,202
02/07/2003,GNV,FL,ASO,ES,Federal Contract Tower,4,28,46,9,87,0,0,6,4,10,4,28,52,13,97,20,0,20,117
02/08/2003,GNV,FL,ASO,ES,Federal Contract Tower,3,21,45,2,71,0,0,78,2,80,3,21,123,4,151,50,0,50,201
02/09/2003,GNV,FL,ASO,ES,Federal Contract Tower,4,22,46,6,78,0,0,12,0,12,4,22,58,6,90,8,0,8,98
02/10/2003,GNV,FL,ASO,ES,Federal Contract Tower,4,16,18,0,38,0,0,28,0,28,4,16,46,0,66,18,0,18,84
02/11/2003,GNV,FL,ASO,ES,Federal Contract Tower,5,22,38,3,68,0,0,98,5,103,5,22,136,8,171,44,10,54,225
02/12/2003,GNV,FL,ASO,ES,Federal Contract Tower,5,19,39,2,65,0,0,113,6,119,5,19,152,8,184,72,0,72,256
02/13/2003,GNV,FL,ASO,ES,Federal Contract Tower,4,18,56,2,80,0,0,73,0,73,4,18,129,2,153,58,0,58,211
02/14/2003,GNV,FL,ASO,ES,Federal Contract Tower,6,20,52,2,80,0,0,81,0,81,6,20,133,2,161,30,0,30,191
02/15/2003,GNV,FL,ASO,ES,Federal Contract Tower,4,15,21,5,45,0,0,76,3,79,4,15,97,8,124,20,0,20,144
02/16/2003,GNV,FL,ASO,ES,Federal Contract Tower,6,10,34,0,50,0,0,16,0,16,6,10,50,0,66,8,0,8,74
02/17/2003,GNV,FL,ASO,ES,Federal Contract Tower,7,14,25,0,46,0,0,41,0,41,7,14,66,0,87,32,0,32,119
02/18/2003,GNV,FL,ASO,ES,Federal Contract Tower,8,17,17,2,44,0,0,93,5,98,8,17,110,7,142,54,0,54,196
02/19/2003,GNV,FL,ASO,ES,Federal Contract Tower,7,19,43,7,76,0,0,91,3,94,7,19,134,10,170,54,0,54,224
02/20/2003,GNV,FL,ASO,ES,Federal Contract Tower,7,18,49,6,80,0,0,54,8,62,7,18,103,14,142,18,12,30,172
02/21/2003,GNV,FL,ASO,ES,Federal Contract Tower,6,20,54,13,93,0,0,61,0,61,6,20,115,13,154,80,0,80,234
02/22/2003,GNV,FL,ASO,ES,Federal Contract Tower,4,10,17,0,31,0,0,5,0,5,4,10,22,0,36,6,0,6,42
02/23/2003,GNV,FL,ASO,ES,Federal Contract Tower,7,12,39,9,67,0,0,106,2,108,7,12,145,11,175,94,0,94,269
02/24/2003,GNV,FL,ASO,ES,Federal Contract Tower,7,13,36,4,60,0,0,111,8,119,7,13,147,12,179,68,12,80,259
02/25/2003,GNV,FL,ASO,ES,Federal Contract Tower,7,18,40,7,72,0,9,102,16,127,7,27,142,23,199,110,8,118,317
02/26/2003,GNV,FL,ASO,ES,Federal Contract Tower,6,20,35,4,65,0,0,70,4,74,6,20,105,8,139,92,20,112,251
02/27/2003,GNV,FL,ASO,ES,Federal Contract Tower,7,19,51,14,91,0,0,29,3,32,7,19,80,17,123,50,0,50,173
02/28/2003,GNV,FL,ASO,ES,Federal Contract Tower,5,20,42,4,71,2,0,4,0,6,7,20,46,4,77,0,0,0,77
03/01/2003,GNV,FL,ASO,ES,Federal Contract Tower,4,15,26,0,45,0,0,3,0,3,4,15,29,0,48,0,0,0,48
03/02/2003,GNV,FL,ASO,ES,Federal Contract Tower,7,15,34,0,56,0,0,33,0,33,7,15,67,0,89,36,0,36,125
03/03/2003,GNV,FL,ASO,ES,Federal Contract Tower,7,16,17,5,45,0,0,28,3,31,7,16,45,8,76,32,0,32,108
03/04/2003,GNV,FL,ASO,ES,Federal Contract Tower,6,18,20,0,44,0,0,0,0,0,6,18,20,0,44,0,0,0,44
03/05/2003,GNV,FL,ASO,ES,Federal Contract Tower,7,15,37,7,66,0,0,42,9,51,7,15,79,16,117,80,10,90,207
03/06/2003,GNV,FL,ASO,ES,Federal Contract Tower,5,14,48,1,68,0,0,62,7,69,5,14,110,8,137,66,44,110,247
03/07/2003,GNV,FL,ASO,ES,Federal Contract Tower,8,16,40,4,68,0,0,5,0,5,8,16,45,4,73,0,0,0,73
03/08/2003,GNV,FL,ASO,ES,Federal Contract Tower,7,15,81,0,103,0,0,56,4,60,7,15,137,4,163,100,0,100,263
03/09/2003,GNV,FL,ASO,ES,Federal Contract Tower,6,10,11,0,27,0,0,9,0,9,6,10,20,0,36,24,0,24,60
03/10/2003,GNV,FL,ASO,ES,Federal Contract Tower,7,13,36,0,56,0,0,110,0,110,7,13,146,0,166,30,0,30,196
03/11/2003,GNV,FL,ASO,ES,Federal Contract Tower,7,14,37,5,63,0,0,95,7,102,7,14,132,12,165,82,40,122,287
03/12/2003,GNV,FL,ASO,ES,Federal Contract Tower,7,15,46,4,72,0,0,90,1,91,7,15,136,5,163,106,48,154,317
03/13/2003,GNV,FL,ASO,ES,Federal Contract Tower,7,14,57,7,85,0,0,75,5,80,7,14,132,12,165,82,40,122,287
03/14/2003,GNV,FL,ASO,ES,Federal Contract Tower,4,18,41,20,83,0,0,93,12,105,4,18,134,32,188,30,20,50,238
03/15/2003,GNV,FL,ASO,ES,Federal Contract Tower,4,12,40,0,56,0,0,38,0,38,4,12,78,0,94,30,0,30,124
03/16/2003,GNV,FL,ASO,ES,Federal Contract Tower,6,16,76,3,101,0,0,82,2,84,6,16,158,5,185,106,0,106,291
03/17/2003,GNV,FL,ASO,ES,Federal Contract Tower,5,12,31,0,48,0,0,34,0,34,5,12,65,0,82,54,0,54,136
03/18/2003,GNV,FL,ASO,ES,Federal Contract Tower,6,14,48,8,76,0,0,114,3,117,6,14,162,11,193,104,6,110,303
03/19/2003,GNV,FL,ASO,ES,Federal Contract Tower,6,16,55,13,90,0,0,43,13,56,6,16,98,26,146,102,12,114,260
03/20/2003,GNV,FL,ASO,ES,Federal Contract Tower,7,15,30,2,54,0,0,24,2,26,7,15,54,4,80,0,4,4,84
03/21/2003,GNV,FL,ASO,ES,Federal Contract Tower,5,18,49,24,96,0,1,64,15,80,5,19,113,39,176,20,6,26,202
03/22/2003,GNV,FL,ASO,ES,Federal Contract Tower,7,11,40,2,60,0,0,128,0,128,7,11,168,2,188,76,0,76,264
03/23/2003,GNV,FL,ASO,ES,Federal Contract Tower,6,11,50,0,67,0,0,24,2,26,6,11,74,2,93,38,6,44,137
03/24/2003,GNV,FL,ASO,ES,Federal Contract Tower,7,16,24,1,48,0,0,87,1,88,7,16,111,2,136,42,0,42,178
03/25/2003,GNV,FL,ASO,ES,Federal Contract Tower,7,18,36,7,68,0,0,150,12,162,7,18,186,19,230,78,28,106,336
03/26/2003,GNV,FL,ASO,ES,Federal Contract Tower,7,15,76,10,108,0,1,109,10,120,7,16,185,20,228,94,26,120,348
03/27/2003,GNV,FL,ASO,ES,Federal Contract Tower,7,17,38,0,62,0,0,18,0,18,7,17,56,0,80,4,0,4,84
03/28/2003,GNV,FL,ASO,ES,Federal Contract Tower,5,9,46,0,60,0,0,95,12,107,5,9,141,12,167,90,0,90,257
03/29/2003,GNV,FL,ASO,ES,Federal Contract Tower,5,9,55,0,69,1,6,44,0,51,6,15,99,0,120,50,0,50,170
03/30/2003,GNV,FL,ASO,ES,Federal Contract Tower,7,15,38,8,68,0,1,24,7,32,7,16,62,15,100,46,6,52,152
03/31/2003,GNV,FL,ASO,ES,Federal Contract Tower,7,12,30,4,53,0,0,60,2,62,7,12,90,6,115,34,0,34,149
04/01/2003,GNV,FL,ASO,ES,Federal Contract Tower,7,13,24,2,46,0,2,119,1,122,7,15,143,3,168,114,22,136,304
04/02/2003,GNV,FL,ASO,ES,Federal Contract Tower,8,16,34,18,76,0,0,123,5,128,8,16,157,23,204,108,26,134,338
04/03/2003,GNV,FL,ASO,ES,Federal Contract Tower,7,16,48,10,81,0,0,96,10,106,7,16,144,20,187,74,88,162,349
04/04/2003,GNV,FL,ASO,ES,Federal Contract Tower,6,15,43,11,75,1,0,124,17,142,7,15,167,28,217,40,8,48,265
04/05/2003,GNV,FL,ASO,ES,Federal Contract Tower,8,6,33,0,47,1,0,74,0,75,9,6,107,0,122,8,0,8,130
04/06/2003,GNV,FL,ASO,ES,Federal Contract Tower,5,13,56,4,78,0,0,140,1,141,5,13,196,5,219,84,10,94,313
04/07/2003,GNV,FL,ASO,ES,Federal Contract Tower,6,16,30,6,58,0,2,46,9,57,6,18,76,15,115,16,30,46,161
04/08/2003,GNV,FL,ASO,ES,Federal Contract Tower,4,17,25,4,50,0,3,35,4,42,4,20,60,8,92,30,64,94,186
04/09/2003,GNV,FL,ASO,ES,Federal Contract Tower,4,18,59,8,89,0,0,53,1,54,4,18,112,9,143,4,36,40,183
04/10/2003,GNV,FL,ASO,ES,Federal Contract Tower,4,19,50,9,82,0,1,73,4,78,4,20,123,13,160,76,70,146,306
04/11/2003,GNV,FL,ASO,ES,Federal Contract Tower,5,16,50,13,84,0,2,100,19,121,5,18,150,32,205,70,16,86,291
04/12/2003,GNV,FL,ASO,ES,Federal Contract Tower,3,15,45,2,65,0,0,111,5,116,3,15,156,7,181,66,12,78,259
04/13/2003,GNV,FL,ASO,ES,Federal Contract Tower,7,7,41,0,55,0,0,90,1,91,7,7,131,1,146,90,10,100,246
04/14/2003,GNV,FL,ASO,ES,Federal Contract Tower,5,13,13,10,41,0,0,76,7,83,5,13,89,17,124,56,36,92,216
04/15/2003,GNV,FL,ASO,ES,Federal Contract Tower,5,20,45,4,74,0,0,96,3,99,5,20,141,7,173,94,70,164,337
04/16/2003,GNV,FL,ASO,ES,Federal Contract Tower,5,18,52,0,75,0,0,83,0,83,5,18,135,0,158,82,22,104,262
04/17/2003,GNV,FL,ASO,ES,Federal Contract Tower,5,16,77,6,104,0,0,73,1,74,5,16,150,7,178,152,0,152,330
04/18/2003,GNV,FL,ASO,ES,Federal Contract Tower,5,17,55,10,87,0,0,113,2,115,5,17,168,12,202,120,24,144,346
04/19/2003,GNV,FL,ASO,ES,Federal Contract Tower,3,10,30,0,43,0,0,65,0,65,3,10,95,0,108,80,0,80,188
04/20/2003,GNV,FL,ASO,ES,Federal Contract Tower,5,13,34,0,52,0,0,82,0,82,5,13,116,0,134,18,0,18,152
04/21/2003,GNV,FL,ASO,ES,Federal Contract Tower,5,14,29,0,48,0,0,60,2,62,5,14,89,2,110,84,8,92,202
04/22/2003,GNV,FL,ASO,ES,Federal Contract Tower,6,16,52,14,88,0,0,56,9,65,6,16,108,23,153,72,82,154,307
04/23/2003,GNV,FL,ASO,ES,Federal Contract Tower,6,17,54,25,102,0,0,87,18,105,6,17,141,43,207,118,4,122,329
04/24/2003,GNV,FL,ASO,ES,Federal Contract Tower,5,16,43,6,70,0,0,90,2,92,5,16,133,8,162,84,0,84,246
04/25/2003,GNV,FL,ASO,ES,Federal Contract Tower,1,21,25,2,49,1,1,18,4,24,2,22,43,6,73,2,0,2,75
04/26/2003,GNV,FL,ASO,ES,Federal Contract Tower,2,13,55,1,71,0,0,52,0,52,2,13,107,1,123,40,0,40,163
04/27/2003,GNV,FL,ASO,ES,Federal Contract Tower,3,14,46,0,63,0,0,108,4,112,3,14,154,4,175,88,0,88,263
04/28/2003,GNV,FL,ASO,ES,Federal Contract Tower,5,19,33,3,60,0,0,62,1,63,5,19,95,4,123,14,0,14,137
04/29/2003,GNV,FL,ASO,ES,Federal Contract Tower,3,21,29,3,56,0,0,65,4,69,3,21,94,7,125,68,8,76,201
04/30/2003,GNV,FL,ASO,ES,Federal Contract Tower,3,18,51,3,75,0,0,47,2,49,3,18,98,5,124,42,0,42,166
05/01/2003,GNV,FL,ASO,ES,Federal Contract Tower,5,17,45,16,83,0,0,42,10,52,5,17,87,26,135,28,64,92,227
05/02/2003,GNV,FL,ASO,ES,Federal Contract Tower,3,15,41,0,59,0,0,64,0,64,3,15,105,0,123,30,0,30,153
05/03/2003,GNV,FL,ASO,ES,Federal Contract Tower,3,10,29,9,51,0,0,76,1,77,3,10,105,10,128,28,0,28,156
05/04/2003,GNV,FL,ASO,ES,Federal Contract Tower,6,8,53,0,67,0,0,62,2,64,6,8,115,2,131,30,0,30,161
05/05/2003,GNV,FL,ASO,ES,Federal Contract Tower,6,13,31,14,64,0,0,83,3,86,6,13,114,17,150,50,32,82,232
05/06/2003,GNV,FL,ASO,ES,Federal Contract Tower,5,13,33,3,54,0,0,64,3,67,5,13,97,6,121,48,68,116,237
05/07/2003,GNV,FL,ASO,ES,Federal Contract Tower,6,17,38,11,72,0,0,85,5,90,6,17,123,16,162,134,26,160,322
05/08/2003,GNV,FL,ASO,ES,Federal Contract Tower,6,14,33,15,68,0,0,81,13,94,6,14,114,28,162,24,28,52,214
05/09/2003,GNV,FL,ASO,ES,Federal Contract Tower,6,13,41,4,64,0,0,67,1,68,6,13,108,5,132,50,18,68,200
05/10/2003,GNV,FL,ASO,ES,Federal Contract Tower,3,10,32,0,45,0,0,126,0,126,3,10,158,0,171,90,0,90,261
05/11/2003,GNV,FL,ASO,ES,Federal Contract Tower,6,8,24,0,38,0,0,53,0,53,6,8,77,0,91,12,0,12,103
05/12/2003,GNV,FL,ASO,ES,Federal Contract Tower,7,11,38,3,59,0,0,63,1,64,7,11,101,4,123,80,0,80,203
05/13/2003,GNV,FL,ASO,ES,Federal Contract Tower,8,15,53,8,84,0,0,98,10,108,8,15,151,18,192,90,36,126,318
05/14/2003,GNV,FL,ASO,ES,Federal Contract Tower,6,16,50,9,81,0,0,73,3,76,6,16,123,12,157,64,12,76,233
05/15/2003,GNV,FL,ASO,ES,Federal Contract Tower,6,15,42,5,68,0,0,82,1,83,6,15,124,6,151,62,0,62,213
05/16/2003,GNV,FL,ASO,ES,Federal Contract Tower,7,12,35,6,60,0,0,53,1,54,7,12,88,7,114,10,2,12,126
05/17/2003,GNV,FL,ASO,ES,Federal Contract Tower,3,10,26,2,41,0,0,63,4,67,3,10,89,6,108,50,0,50,158
05/18/2003,GNV,FL,ASO,ES,Federal Contract Tower,2,13,21,1,37,0,0,48,0,48,2,13,69,1,85,52,0,52,137
05/19/2003,GNV,FL,ASO,ES,Federal Contract Tower,6,11,30,9,56,0,0,76,4,80,6,11,106,13,136,60,32,92,228
05/20/2003,GNV,FL,ASO,ES,Federal Contract Tower,6,14,50,6,76,0,0,49,2,51,6,14,99,8,127,60,0,60,187
05/21/2003,GNV,FL,ASO,ES,Federal Contract Tower,6,16,32,4,58,0,0,78,3,81,6,16,110,7,139,90,2,92,231
05/22/2003,GNV,FL,ASO,ES,Federal Contract Tower,5,20,10,5,40,0,0,22,2,24,5,20,32,7,64,36,8,44,108
05/23/2003,GNV,FL,ASO,ES,Federal Contract Tower,7,13,61,9,90,0,0,53,5,58,7,13,114,14,148,50,0,50,198
05/24/2003,GNV,FL,ASO,ES,Federal Contract Tower,3,8,27,0,38,1,0,43,0,44,4,8,70,0,82,50,0,50,132
05/25/2003,GNV,FL,ASO,ES,Federal Contract Tower,5,11,26,0,42,0,0,48,0,48,5,11,74,0,90,12,0,12,102
05/26/2003,GNV,FL,ASO,ES,Federal Contract Tower,7,10,45,0,62,10,1,66,0,77,17,11,111,0,139,16,0,16,155
05/27/2003,GNV,FL,ASO,ES,Federal Contract Tower,7,12,47,3,69,0,0,64,2,66,7,12,111,5,135,84,4,88,223
05/28/2003,GNV,FL,ASO,ES,Federal Contract Tower,7,14,55,22,98,0,0,88,16,104,7,14,143,38,202,74,58,132,334
05/29/2003,GNV,FL,ASO,ES,Federal Contract Tower,6,15,29,11,61,0,0,64,9,73,6,15,93,20,134,44,80,124,258
05/30/2003,GNV,FL,ASO,ES,Federal Contract Tower,6,16,41,2,65,0,0,70,1,71,6,16,111,3,136,90,42,132,268
05/31/2003,GNV,FL,ASO,ES,Federal Contract Tower,3,7,35,9,54,0,0,59,1,60,3,7,94,10,114,32,0,32,146
06/01/2003,GNV,FL,ASO,ES,Federal Contract Tower,6,10,56,3,75,0,0,39,1,40,6,10,95,4,115,36,0,36,151
06/02/2003,GNV,FL,ASO,ES,Federal Contract Tower,6,12,33,1,52,0,0,37,3,40,6,12,70,4,92,14,0,14,106
06/03/2003,GNV,FL,ASO,ES,Federal Contract Tower,8,15,28,7,58,0,0,24,4,28,8,15,52,11,86,20,16,36,122
06/04/2003,GNV,FL,ASO,ES,Federal Contract Tower,7,14,18,1,40,0,1,27,4,32,7,15,45,5,72,38,8,46,118
06/05/2003,GNV,FL,ASO,ES,Federal Contract Tower,7,16,23,0,46,0,0,73,3,76,7,16,96,3,122,52,0,52,174
06/06/2003,GNV,FL,ASO,ES,Federal Contract Tower,6,13,29,6,54,0,0,75,10,85,6,13,104,16,139,40,6,46,185
06/07/2003,GNV,FL,ASO,ES,Federal Contract Tower,2,8,26,0,36,0,0,48,0,48,2,8,74,0,84,40,0,40,124
06/08/2003,GNV,FL,ASO,ES,Federal Contract Tower,6,9,20,0,35,0,0,24,0,24,6,9,44,0,59,48,0,48,107
06/09/2003,GNV,FL,ASO,ES,Federal Contract Tower,7,15,27,18,67,0,0,50,15,65,7,15,77,33,132,52,44,96,228
06/10/2003,GNV,FL,ASO,ES,Federal Contract Tower,8,18,39,2,67,0,1,100,8,109,8,19,139,10,176,130,24,154,330
06/11/2003,GNV,FL,ASO,ES,Federal Contract Tower,6,20,48,5,79,0,0,89,5,94,6,20,137,10,173,74,0,74,247
06/12/2003,GNV,FL,ASO,ES,Federal Contract Tower,7,18,36,12,73,0,0,68,4,72,7,18,104,16,145,18,8,26,171
06/13/2003,GNV,FL,ASO,ES,Federal Contract Tower,4,17,31,4,56,0,0,86,0,86,4,17,117,4,142,60,0,60,202
06/14/2003,GNV,FL,ASO,ES,Federal Contract Tower,0,11,24,0,35,0,0,65,0,65,0,11,89,0,100,46,0,46,146
06/15/2003,GNV,FL,ASO,ES,Federal Contract Tower,6,13,28,13,60,0,0,66,5,71,6,13,94,18,131,72,0,72,203
06/16/2003,GNV,FL,ASO,ES,Federal Contract Tower,6,14,23,7,50,0,0,68,16,84,6,14,91,23,134,24,34,58,192
06/17/2003,GNV,FL,ASO,ES,Federal Contract Tower,4,20,37,4,65,0,0,64,4,68,4,20,101,8,133,116,20,136,269
06/18/2003,GNV,FL,ASO,ES,Federal Contract Tower,7,19,29,7,62,0,0,53,2,55,7,19,82,9,117,70,34,104,221
06/19/2003,GNV,FL,ASO,ES,Federal Contract Tower,6,16,34,2,58,0,1,17,0,18,6,17,51,2,76,28,0,28,104
06/20/2003,GNV,FL,ASO,ES,Federal Contract Tower,7,14,33,2,56,0,0,0,0,0,7,14,33,2,56,0,0,0,56
06/21/2003,GNV,FL,ASO,ES,Federal Contract Tower,3,9,27,0,39,0,0,26,0,26,3,9,53,0,65,48,0,48,113
06/22/2003,GNV,FL,ASO,ES,Federal Contract Tower,7,9,35,0,51,0,0,16,0,16,7,9,51,0,67,10,0,10,77
06/23/2003,GNV,FL,ASO,ES,Federal Contract Tower,6,16,39,9,70,0,0,63,5,68,6,16,102,14,138,78,0,78,216
06/24/2003,GNV,FL,ASO,ES,Federal Contract Tower,7,16,36,10,69,0,0,95,3,98,7,16,131,13,167,180,70,250,417
06/25/2003,GNV,FL,ASO,ES,Federal Contract Tower,7,16,39,7,69,0,0,65,6,71,7,16,104,13,140,92,8,100,240
06/26/2003,GNV,FL,ASO,ES,Federal Contract Tower,7,18,50,0,75,0,0,100,0,100,7,18,150,0,175,82,0,82,257
06/27/2003,GNV,FL,ASO,ES,Federal Contract Tower,10,17,42,7,76,0,1,109,6,116,10,18,151,13,192,100,34,134,326
06/28/2003,GNV,FL,ASO,ES,Federal Contract Tower,4,14,26,0,44,0,0,55,0,55,4,14,81,0,99,60,0,60,159
06/29/2003,GNV,FL,ASO,ES,Federal Contract Tower,5,11,14,0,30,0,0,46,0,46,5,11,60,0,76,82,0,82,158
06/30/2003,GNV,FL,ASO,ES,Federal Contract Tower,6,14,33,2,55,0,0,49,2,51,6,14,82,4,106,38,0,38,144
07/01/2003,GNV,FL,ASO,ES,Federal Contract Tower,7,16,36,16,75,0,0,58,11,69,7,16,94,27,144,58,32,90,234
07/02/2003,GNV,FL,ASO,ES,Federal Contract Tower,7,16,47,5,75,0,2,61,6,69,7,18,108,11,144,74,36,110,254
07/03/2003,GNV,FL,ASO,ES,Federal Contract Tower,7,17,34,0,58,0,0,49,0,49,7,17,83,0,107,40,0,40,147
07/04/2003,GNV,FL,ASO,ES,Federal Contract Tower,5,11,14,0,30,0,0,34,0,34,5,11,48,0,64,10,0,10,74
07/05/2003,GNV,FL,ASO,ES,Federal Contract Tower,2,9,28,0,39,0,0,69,0,69,2,9,97,0,108,30,0,30,138
07/06/2003,GNV,FL,ASO,ES,Federal Contract Tower,4,14,37,0,55,0,0,54,0,54,4,14,91,0,109,54,0,54,163
07/07/2003,GNV,FL,ASO,ES,Federal Contract Tower,6,13,27,10,56,0,0,93,13,106,6,13,120,23,162,78,4,82,244
07/08/2003,GNV,FL,ASO,ES,Federal Contract Tower,6,15,38,9,68,0,1,90,14,105,6,16,128,23,173,124,90,214,387
07/09/2003,GNV,FL,ASO,ES,Federal Contract Tower,6,18,36,0,60,0,0,74,0,74,6,18,110,0,134,46,0,46,180
07/10/2003,GNV,FL,ASO,ES,Federal Contract Tower,3,17,47,3,70,0,0,69,3,72,3,17,116,6,142,98,10,108,250
07/11/2003,GNV,FL,ASO,ES,Federal Contract Tower,6,17,48,5,76,0,0,52,2,54,6,17,100,7,130,60,26,86,216
07/12/2003,GNV,FL,ASO,ES,Federal Contract Tower,8,11,32,0,51,0,0,76,0,76,8,11,108,0,127,20,0,20,147
07/13/2003,GNV,FL,ASO,ES,Federal Contract Tower,6,11,11,7,35,0,0,70,7,77,6,11,81,14,112,116,0,116,228
07/14/2003,GNV,FL,ASO,ES,Federal Contract Tower,5,15,33,2,55,0,0,64,3,67,5,15,97,5,122,46,16,62,184
07/15/2003,GNV,FL,ASO,ES,Federal Contract Tower,6,19,41,2,68,0,0,48,0,48,6,19,89,2,116,130,0,130,246
07/16/2003,GNV,FL,ASO,ES,Federal Contract Tower,6,17,29,7,59,0,0,81,3,84,6,17,110,10,143,132,0,132,275
07/17/2003,GNV,FL,ASO,ES,Federal Contract Tower,5,19,32,8,64,0,0,93,2,95,5,19,125,10,159,124,0,124,283
07/18/2003,GNV,FL,ASO,ES,Federal Contract Tower,6,17,41,3,67,0,0,86,7,93,6,17,127,10,160,70,10,80,240
07/19/2003,GNV,FL,ASO,ES,Federal Contract Tower,2,10,25,0,37,0,0,79,0,79,2,10,104,0,116,90,0,90,206
07/20/2003,GNV,FL,ASO,ES,Federal Contract Tower,8,12,27,0,47,0,0,49,0,49,8,12,76,0,96,82,0,82,178
07/21/2003,GNV,FL,ASO,ES,Federal Contract Tower,6,14,28,12,60,0,0,71,0,71,6,14,99,12,131,130,12,142,273
07/22/2003,GNV,FL,ASO,ES,Federal Contract Tower,0,15,24,2,41,0,0,37,0,37,0,15,61,2,78,58,2,60,138
07/23/2003,GNV,FL,ASO,ES,Federal Contract Tower,7,19,29,2,57,0,0,56,0,56,7,19,85,2,113,62,0,62,175
07/24/2003,GNV,FL,ASO,ES,Federal Contract Tower,7,16,42,0,65,0,0,52,0,52,7,16,94,0,117,64,0,64,181
07/25/2003,GNV,FL,ASO,ES,Federal Contract Tower,7,18,37,10,72,0,0,48,4,52,7,18,85,14,124,74,22,96,220
07/26/2003,GNV,FL,ASO,ES,Federal Contract Tower,2,11,39,0,52,0,0,36,0,36,2,11,75,0,88,50,0,50,138
07/27/2003,GNV,FL,ASO,ES,Federal Contract Tower,4,14,39,0,57,0,0,108,0,108,4,14,147,0,165,96,0,96,261
07/28/2003,GNV,FL,ASO,ES,Federal Contract Tower,6,15,21,19,61,0,0,72,11,83,6,15,93,30,144,54,20,74,218
07/29/2003,GNV,FL,ASO,ES,Federal Contract Tower,6,19,58,4,87,0,0,73,2,75,6,19,131,6,162,74,0,74,236
07/30/2003,GNV,FL,ASO,ES,Federal Contract Tower,7,18,28,13,66,0,0,73,20,93,7,18,101,33,159,54,60,114,273
07/31/2003,GNV,FL,ASO,ES,Federal Contract Tower,7,17,37,4,65,0,0,68,2,70,7,17,105,6,135,124,12,136,271
08/01/2003,GNV,FL,ASO,ES,Federal Contract Tower,5,17,37,4,63,0,1,57,0,58,5,18,94,4,121,28,6,34,155
08/02/2003,GNV,FL,ASO,ES,Federal Contract Tower,3,9,32,6,50,0,1,43,4,48,3,10,75,10,98,50,6,56,154
08/03/2003,GNV,FL,ASO,ES,Federal Contract Tower,3,15,32,1,51,0,0,29,1,30,3,15,61,2,81,22,0,22,103
08/04/2003,GNV,FL,ASO,ES,Federal Contract Tower,7,13,22,16,58,0,0,76,8,84,7,13,98,24,142,78,6,84,226
08/05/2003,GNV,FL,ASO,ES,Federal Contract Tower,7,15,29,4,55,0,0,71,6,77,7,15,100,10,132,92,10,102,234
08/06/2003,GNV,FL,ASO,ES,Federal Contract Tower,6,18,22,6,52,0,0,71,11,82,6,18,93,17,134,64,30,94,228
08/07/2003,GNV,FL,ASO,ES,Federal Contract Tower,5,18,34,3,60,0,0,34,3,37,5,18,68,6,97,24,0,24,121
08/08/2003,GNV,FL,ASO,ES,Federal Contract Tower,6,17,35,12,70,0,0,33,4,37,6,17,68,16,107,32,34,66,173
08/09/2003,GNV,FL,ASO,ES,Federal Contract Tower,3,10,22,0,35,0,0,22,0,22,3,10,44,0,57,20,0,20,77
08/10/2003,GNV,FL,ASO,ES,Federal Contract Tower,6,11,36,2,55,0,0,26,3,29,6,11,62,5,84,48,10,58,142
08/11/2003,GNV,FL,ASO,ES,Federal Contract Tower,4,13,29,2,48,0,0,31,0,31,4,13,60,2,79,46,0,46,125
08/12/2003,GNV,FL,ASO,ES,Federal Contract Tower,7,16,22,0,45,0,0,40,0,40,7,16,62,0,85,50,0,50,135
08/13/2003,GNV,FL,ASO,ES,Federal Contract Tower,7,20,24,4,55,0,0,70,2,72,7,20,94,6,127,94,4,98,225
08/14/2003,GNV,FL,ASO,ES,Federal Contract Tower,5,28,33,10,76,0,0,72,8,80,5,28,105,18,156,56,50,106,262
08/15/2003,GNV,FL,ASO,ES,Federal Contract Tower,4,19,43,0,66,0,0,75,0,75,4,19,118,0,141,48,0,48,189
08/16/2003,GNV,FL,ASO,ES,Federal Contract Tower,4,11,24,0,39,0,0,78,0,78,4,11,102,0,117,106,0,106,223
08/17/2003,GNV,FL,ASO,ES,Federal Contract Tower,7,17,25,0,49,0,0,103,0,103,7,17,128,0,152,92,0,92,244
08/18/2003,GNV,FL,ASO,ES,Federal Contract Tower,7,20,20,2,49,0,0,55,1,56,7,20,75,3,105,50,16,66,171
08/19/2003,GNV,FL,ASO,ES,Federal Contract Tower,7,17,47,5,76,0,0,58,5,63,7,17,105,10,139,60,10,70,209
08/20/2003,GNV,FL,ASO,ES,Federal Contract Tower,7,16,31,7,61,0,0,54,3,57,7,16,85,10,118,40,50,90,208
08/21/2003,GNV,FL,ASO,ES,Federal Contract Tower,4,20,38,4,66,0,0,43,1,44,4,20,81,5,110,40,0,40,150
08/22/2003,GNV,FL,ASO,ES,Federal Contract Tower,6,16,43,11,76,0,0,52,15,67,6,16,95,26,143,50,36,86,229
08/23/2003,GNV,FL,ASO,ES,Federal Contract Tower,3,10,29,0,42,0,0,60,0,60,3,10,89,0,102,64,0,64,166
08/24/2003,GNV,FL,ASO,ES,Federal Contract Tower,9,14,51,0,74,0,0,96,0,96,9,14,147,0,170,102,0,102,272
08/25/2003,GNV,FL,ASO,ES,Federal Contract Tower,7,13,27,9,56,0,0,48,8,56,7,13,75,17,112,98,30,128,240
08/26/2003,GNV,FL,ASO,ES,Federal Contract Tower,7,14,37,11,69,0,0,68,11,79,7,14,105,22,148,84,30,114,262
08/27/2003,GNV,FL,ASO,ES,Federal Contract Tower,6,16,48,9,79,0,0,80,5,85,6,16,128,14,164,94,12,106,270
08/28/2003,GNV,FL,ASO,ES,Federal Contract Tower,4,16,33,8,61,0,0,74,10,84,4,16,107,18,145,94,24,118,263
08/29/2003,GNV,FL,ASO,ES,Federal Contract Tower,4,13,26,3,46,0,0,85,6,91,4,13,111,9,137,62,18,80,217
08/30/2003,GNV,FL,ASO,ES,Federal Contract Tower,3,14,42,0,59,0,0,53,1,54,3,14,95,1,113,4,0,4,117
08/31/2003,GNV,FL,ASO,ES,Federal Contract Tower,6,19,41,2,68,2,0,60,0,62,8,19,101,2,130,28,0,28,158
09/01/2003,GNV,FL,ASO,ES,Federal Contract Tower,6,10,27,0,43,0,0,57,0,57,6,10,84,0,100,62,0,62,162
09/02/2003,GNV,FL,ASO,ES,Federal Contract Tower,4,17,27,2,50,0,0,52,0,52,4,17,79,2,102,60,0,60,162
09/03/2003,GNV,FL,ASO,ES,Federal Contract Tower,7,16,31,13,67,0,0,57,15,72,7,16,88,28,139,90,42,132,271
09/04/2003,GNV,FL,ASO,ES,Federal Contract Tower,7,14,26,12,59,0,0,63,15,78,7,14,89,27,137,110,30,140,277
09/05/2003,GNV,FL,ASO,ES,Federal Contract Tower,9,17,35,2,63,0,0,42,3,45,9,17,77,5,108,8,38,46,154
09/06/2003,GNV,FL,ASO,ES,Federal Contract Tower,3,10,19,0,32,0,0,27,0,27,3,10,46,0,59,16,0,16,75
09/07/2003,GNV,FL,ASO,ES,Federal Contract Tower,6,8,40,3,57,0,0,21,3,24,6,8,61,6,81,16,0,16,97
09/08/2003,GNV,FL,ASO,ES,Federal Contract Tower,7,12,31,6,56,0,0,42,9,51,7,12,73,15,107,44,46,90,197
09/09/2003,GNV,FL,ASO,ES,Federal Contract Tower,7,20,38,7,72,0,0,59,5,64,7,20,97,12,136,50,10,60,196
09/10/2003,GNV,FL,ASO,ES,Federal Contract Tower,7,16,38,11,72,0,0,112,7,119,7,16,150,18,191,140,26,166,357
09/11/2003,GNV,FL,ASO,ES,Federal Contract Tower,7,17,50,12,86,0,0,105,2,107,7,17,155,14,193,108,6,114,307
09/12/2003,GNV,FL,ASO,ES,Federal Contract Tower,7,18,37,20,82,0,0,104,20,124,7,18,141,40,206,74,2,76,282
09/13/2003,GNV,FL,ASO,ES,Federal Contract Tower,3,16,49,0,68,0,0,148,0,148,3,16,197,0,216,4,0,4,220
09/14/2003,GNV,FL,ASO,ES,Federal Contract Tower,6,12,36,0,54,0,0,90,2,92,6,12,126,2,146,54,0,54,200
09/15/2003,GNV,FL,ASO,ES,Federal Contract Tower,7,12,22,6,47,0,0,73,4,77,7,12,95,10,124,18,4,22,146
09/16/2003,GNV,FL,ASO,ES,Federal Contract Tower,7,17,30,7,61,0,0,74,10,84,7,17,104,17,145,90,30,120,265
09/17/2003,GNV,FL,ASO,ES,Federal Contract Tower,7,14,30,17,68,0,0,58,16,74,7,14,88,33,142,50,30,80,222
09/18/2003,GNV,FL,ASO,ES,Federal Contract Tower,7,16,34,7,64,0,0,114,5,119,7,16,148,12,183,152,0,152,335
09/19/2003,GNV,FL,ASO,ES,Federal Contract Tower,9,22,60,1,92,0,0,69,2,71,9,22,129,3,163,16,0,16,179
09/20/2003,GNV,FL,ASO,ES,Federal Contract Tower,4,20,138,4,166,0,0,131,3,134,4,20,269,7,300,36,0,36,336
09/21/2003,GNV,FL,ASO,ES,Federal Contract Tower,7,11,51,3,72,0,0,48,6,54,7,11,99,9,126,34,6,40,166
09/22/2003,GNV,FL,ASO,ES,Federal Contract Tower,6,11,24,3,44,0,0,54,3,57,6,11,78,6,101,104,74,178,279
09/23/2003,GNV,FL,ASO,ES,Federal Contract Tower,9,15,36,2,62,0,0,66,4,70,9,15,102,6,132,90,60,150,282
09/24/2003,GNV,FL,ASO,ES,Federal Contract Tower,7,11,51,3,72,0,0,67,12,79,7,11,118,15,151,36,0,36,187
09/25/2003,GNV,FL,ASO,ES,Federal Contract Tower,4,14,25,3,46,0,1,39,3,43,4,15,64,6,89,22,0,22,111
09/26/2003,GNV,FL,ASO,ES,Federal Contract Tower,9,13,34,2,58,0,0,39,8,47,9,13,73,10,105,62,30,92,197
09/27/2003,GNV,FL,ASO,ES,Federal Contract Tower,5,8,33,11,57,0,0,62,7,69,5,8,95,18,126,42,8,50,176
09/28/2003,GNV,FL,ASO,ES,Federal Contract Tower,6,10,40,2,58,0,0,66,2,68,6,10,106,4,126,78,0,78,204
09/29/2003,GNV,FL,ASO,ES,Federal Contract Tower,6,13,33,7,59,0,0,82,5,87,6,13,115,12,146,38,32,70,216
09/30/2003,GNV,FL,ASO,ES,Federal Contract Tower,7,17,27,3,54,0,0,65,10,75,7,17,92,13,129,150,10,160,289
10/01/2003,GNV,FL,ASO,ES,Federal Contract Tower,7,14,48,4,73,0,0,66,2,68,7,14,114,6,141,50,0,50,191
10/02/2003,GNV,FL,ASO,ES,Federal Contract Tower,7,17,47,4,75,0,0,87,15,102,7,17,134,19,177,70,40,110,287
10/03/2003,GNV,FL,ASO,ES,Federal Contract Tower,8,21,54,4,87,0,2,104,0,106,8,23,158,4,193,16,0,16,209
10/04/2003,GNV,FL,ASO,ES,Federal Contract Tower,4,14,78,0,96,0,0,152,0,152,4,14,230,0,248,36,0,36,284
10/05/2003,GNV,FL,ASO,ES,Federal Contract Tower,6,13,38,3,60,0,0,116,5,121,6,13,154,8,181,102,6,108,289
10/06/2003,GNV,FL,ASO,ES,Federal Contract Tower,6,11,30,2,49,1,2,78,6,87,7,13,108,8,136,140,0,140,276
10/07/2003,GNV,FL,ASO,ES,Federal Contract Tower,5,10,27,1,43,0,10,28,0,38,5,20,55,1,81,28,0,28,109
10/08/2003,GNV,FL,ASO,ES,Federal Contract Tower,7,17,46,4,74,0,2,41,12,55,7,19,87,16,129,50,30,80,209
10/09/2003,GNV,FL,ASO,ES,Federal Contract Tower,7,15,42,2,66,0,0,82,0,82,7,15,124,2,148,74,0,74,222
10/10/2003,GNV,FL,ASO,ES,Federal Contract Tower,6,14,42,0,62,3,0,41,0,44,9,14,83,0,106,52,0,52,158
10/11/2003,GNV,FL,ASO,ES,Federal Contract Tower,4,7,20,0,31,0,1,27,0,28,4,8,47,0,59,38,0,38,97
10/12/2003,GNV,FL,ASO,ES,Federal Contract Tower,6,14,39,0,59,0,0,25,0,25,6,14,64,0,84,8,0,8,92
10/13/2003,GNV,FL,ASO,ES,Federal Contract Tower,5,13,35,0,53,1,3,19,0,23,6,16,54,0,76,30,0,30,106
10/14/2003,GNV,FL,ASO,ES,Federal Contract Tower,5,15,37,4,61,0,1,53,7,61,5,16,90,11,122,70,10,80,202
10/15/2003,GNV,FL,ASO,ES,Federal Contract Tower,5,14,34,4,57,2,1,107,3,113,7,15,141,7,170,120,60,180,350
10/16/2003,GNV,FL,ASO,ES,Federal Contract Tower,6,16,41,4,67,1,0,121,8,130,7,16,162,12,197,150,6,156,353
10/17/2003,GNV,FL,ASO,ES,Federal Contract Tower,6,15,43,4,68,0,0,84,2,86,6,15,127,6,154,130,0,130,284
10/18/2003,GNV,FL,ASO,ES,Federal Contract Tower,3,10,27,3,43,0,0,58,14,72,3,10,85,17,115,62,0,62,177
10/19/2003,GNV,FL,ASO,ES,Federal Contract Tower,6,11,39,2,58,1,0,134,0,135,7,11,173,2,193,102,2,104,297
10/20/2003,GNV,FL,ASO,ES,Federal Contract Tower,5,13,31,3,52,1,0,75,5,81,6,13,106,8,133,104,44,148,281
10/21/2003,GNV,FL,ASO,ES,Federal Contract Tower,4,10,24,0,38,2,9,83,0,94,6,19,107,0,132,132,0,132,264
10/22/2003,GNV,FL,ASO,ES,Federal Contract Tower,7,17,41,4,69,0,3,105,6,114,7,20,146,10,183,146,90,236,419
10/23/2003,GNV,FL,ASO,ES,Federal Contract Tower,6,14,39,4,63,1,0,133,5,139,7,14,172,9,202,100,66,166,368
10/24/2003,GNV,FL,ASO,ES,Federal Contract Tower,7,13,39,4,63,0,0,123,10,133,7,13,162,14,196,86,14,100,296
10/25/2003,GNV,FL,ASO,ES,Federal Contract Tower,3,8,27,0,38,0,0,110,0,110,3,8,137,0,148,42,0,42,190
10/26/2003,GNV,FL,ASO,ES,Federal Contract Tower,5,13,31,2,51,0,2,60,1,63,5,15,91,3,114,66,0,66,180
10/27/2003,GNV,FL,ASO,ES,Federal Contract Tower,4,10,27,2,43,2,3,31,2,38,6,13,58,4,81,18,0,18,99
10/28/2003,GNV,FL,ASO,ES,Federal Contract Tower,4,11,27,2,44,3,5,11,2,21,7,16,38,4,65,40,0,40,105
10/29/2003,GNV,FL,ASO,ES,Federal Contract Tower,6,17,49,4,76,0,0,114,28,142,6,17,163,32,218,90,8,98,316
10/30/2003,GNV,FL,ASO,ES,Federal Contract Tower,5,14,34,3,56,2,7,72,6,87,7,21,106,9,143,70,6,76,219
10/31/2003,GNV,FL,ASO,ES,Federal Contract Tower,5,14,36,3,58,4,0,68,10,82,9,14,104,13,140,74,16,90,230
11/01/2003,GNV,FL,ASO,ES,Federal Contract Tower,4,6,22,1,33,0,2,77,5,84,4,8,99,6,117,34,0,34,151
11/02/2003,GNV,FL,ASO,ES,Federal Contract Tower,6,8,32,0,46,0,1,80,0,81,6,9,112,0,127,74,0,74,201
11/03/2003,GNV,FL,ASO,ES,Federal Contract Tower,6,7,29,2,44,1,4,43,4,52,7,11,72,6,96,28,18,46,142
11/04/2003,GNV,FL,ASO,ES,Federal Contract Tower,7,9,37,2,55,0,9,53,0,62,7,18,90,2,117,50,10,60,177
11/05/2003,GNV,FL,ASO,ES,Federal Contract Tower,6,11,48,4,69,0,6,29,11,46,6,17,77,15,115,53,30,83,198
11/06/2003,GNV,FL,ASO,ES,Federal Contract Tower,7,18,69,5,99,0,2,41,33,76,7,20,110,38,175,96,20,116,291
11/07/2003,GNV,FL,ASO,ES,Federal Contract Tower,9,13,55,4,81,1,0,76,34,111,10,13,131,38,192,30,14,44,236
11/08/2003,GNV,FL,ASO,ES,Federal Contract Tower,5,14,60,4,83,0,0,82,0,82,5,14,142,4,165,34,0,34,199
11/09/2003,GNV,FL,ASO,ES,Federal Contract Tower,6,12,45,3,66,0,0,20,1,21,6,12,65,4,87,4,0,4,91
11/10/2003,GNV,FL,ASO,ES,Federal Contract Tower,6,10,42,0,58,2,0,37,0,39,8,10,79,0,97,76,0,76,173
11/11/2003,GNV,FL,ASO,ES,Federal Contract Tower,5,10,33,0,48,2,7,122,0,131,7,17,155,0,179,124,0,124,303
11/12/2003,GNV,FL,ASO,ES,Federal Contract Tower,7,11,51,3,72,2,0,126,0,128,9,11,177,3,200,158,0,158,358
11/13/2003,GNV,FL,ASO,ES,Federal Contract Tower,9,17,62,6,94,10,0,102,0,112,19,17,164,6,206,104,8,112,318
11/14/2003,GNV,FL,ASO,ES,Federal Contract Tower,9,14,63,6,92,2,0,106,15,123,11,14,169,21,215,94,12,106,321
11/15/2003,GNV,FL,ASO,ES,Federal Contract Tower,4,9,28,3,44,4,1,111,1,117,8,10,139,4,161,108,26,134,295
11/16/2003,GNV,FL,ASO,ES,Federal Contract Tower,5,11,39,3,58,2,0,161,0,163,7,11,200,3,221,116,6,122,343
11/17/2003,GNV,FL,ASO,ES,Federal Contract Tower,7,13,49,5,74,0,0,98,6,104,7,13,147,11,178,70,6,76,254
11/18/2003,GNV,FL,ASO,ES,Federal Contract Tower,6,13,42,4,65,2,3,72,11,88,8,16,114,15,153,64,8,72,225
11/19/2003,GNV,FL,ASO,ES,Federal Contract Tower,6,13,43,4,66,1,3,32,12,48,7,16,75,16,114,40,0,40,154
11/20/2003,GNV,FL,ASO,ES,Federal Contract Tower,7,13,44,4,68,0,7,82,5,94,7,20,126,9,162,124,24,148,310
11/21/2003,GNV,FL,ASO,ES,Federal Contract Tower,7,16,63,6,92,0,0,166,18,184,7,16,229,24,276,142,12,154,430
11/22/2003,GNV,FL,ASO,ES,Federal Contract Tower,3,8,37,0,48,0,0,116,0,116,3,8,153,0,164,136,0,136,300
11/23/2003,GNV,FL,ASO,ES,Federal Contract Tower,4,8,28,3,43,2,3,109,0,114,6,11,137,3,157,96,0,96,253
11/24/2003,GNV,FL,ASO,ES,Federal Contract Tower,4,9,31,2,46,3,4,60,1,68,7,13,91,3,114,86,16,102,216
11/25/2003,GNV,FL,ASO,ES,Federal Contract Tower,7,13,72,6,98,0,0,66,5,71,7,13,138,11,169,42,0,42,211
11/26/2003,GNV,FL,ASO,ES,Federal Contract Tower,7,15,63,5,90,0,0,104,11,115,7,15,167,16,205,70,18,88,293
11/27/2003,GNV,FL,ASO,ES,Federal Contract Tower,2,5,18,0,25,0,5,28,0,33,2,10,46,0,58,58,0,58,116
11/28/2003,GNV,FL,ASO,ES,Federal Contract Tower,4,9,29,0,42,2,8,37,0,47,6,17,66,0,89,28,0,28,117
11/29/2003,GNV,FL,ASO,ES,Federal Contract Tower,4,25,110,0,139,0,0,141,0,141,4,25,251,0,280,36,0,36,316
11/30/2003,GNV,FL,ASO,ES,Federal Contract Tower,7,8,49,2,66,0,0,114,0,114,7,8,163,2,180,62,0,62,242
12/01/2003,GNV,FL,ASO,ES,Federal Contract Tower,6,12,30,3,51,1,1,94,2,98,7,13,124,5,149,100,10,110,259
12/02/2003,GNV,FL,ASO,ES,Federal Contract Tower,8,15,43,5,71,0,0,67,12,79,8,15,110,17,150,60,8,68,218
12/03/2003,GNV,FL,ASO,ES,Federal Contract Tower,8,16,42,2,68,1,2,62,0,65,9,18,104,2,133,50,12,62,195
12/04/2003,GNV,FL,ASO,ES,Federal Contract Tower,4,16,43,5,68,0,0,91,13,104,4,16,134,18,172,80,0,80,252
12/05/2003,GNV,FL,ASO,ES,Federal Contract Tower,9,19,61,7,96,0,0,57,1,58,9,19,118,8,154,40,4,44,198
12/06/2003,GNV,FL,ASO,ES,Federal Contract Tower,2,7,25,0,34,0,0,94,0,94,2,7,119,0,128,66,0,66,194
12/07/2003,GNV,FL,ASO,ES,Federal Contract Tower,5,10,25,3,43,3,0,136,4,143,8,10,161,7,186,114,2,116,302
12/08/2003,GNV,FL,ASO,ES,Federal Contract Tower,7,13,39,5,64,0,0,94,16,110,7,13,133,21,174,84,58,142,316
12/09/2003,GNV,FL,ASO,ES,Federal Contract Tower,7,13,35,4,59,0,2,85,4,91,7,15,120,8,150,68,20,88,238
12/10/2003,GNV,FL,ASO,ES,Federal Contract Tower,6,18,46,2,72,0,1,26,0,27,6,19,72,2,99,8,0,8,107
12/11/2003,GNV,FL,ASO,ES,Federal Contract Tower,7,16,61,8,92,0,0,141,20,161,7,16,202,28,253,112,28,140,393
12/12/2003,GNV,FL,ASO,ES,Federal Contract Tower,5,16,57,8,86,0,0,125,12,137,5,16,182,20,223,144,36,180,403
12/13/2003,GNV,FL,ASO,ES,Federal Contract Tower,2,13,29,0,44,0,0,77,0,77,2,13,106,0,121,100,0,100,221
12/14/2003,GNV,FL,ASO,ES,Federal Contract Tower,4,8,25,0,37,3,0,8,0,11,7,8,33,0,48,6,0,6,54
12/15/2003,GNV,FL,ASO,ES,Federal Contract Tower,7,12,42,6,67,0,0,89,30,119,7,12,131,36,186,54,26,80,266
12/16/2003,GNV,FL,ASO,ES,Federal Contract Tower,7,17,43,6,73,2,0,57,34,93,9,17,100,40,166,44,0,44,210
12/17/2003,GNV,FL,ASO,ES,Federal Contract Tower,6,16,36,5,63,0,3,26,5,34,6,19,62,10,97,26,0,26,123
12/18/2003,GNV,FL,ASO,ES,Federal Contract Tower,6,17,38,6,67,1,7,83,13,104,7,24,121,19,171,38,10,48,219
12/19/2003,GNV,FL,ASO,ES,Federal Contract Tower,6,19,43,6,74,0,2,63,2,67,6,21,106,8,141,82,36,118,259
12/20/2003,GNV,FL,ASO,ES,Federal Contract Tower,4,12,26,0,42,0,0,86,0,86,4,12,112,0,128,84,0,84,212
12/21/2003,GNV,FL,ASO,ES,Federal Contract Tower,4,9,21,3,37,2,0,72,11,85,6,9,93,14,122,58,0,58,180
12/22/2003,GNV,FL,ASO,ES,Federal Contract Tower,5,10,28,4,47,1,0,102,2,105,6,10,130,6,152,110,20,130,282
12/23/2003,GNV,FL,ASO,ES,Federal Contract Tower,6,14,32,5,57,1,8,58,0,67,7,22,90,5,124,46,6,52,176
12/24/2003,GNV,FL,ASO,ES,Federal Contract Tower,5,13,30,4,52,2,10,25,2,39,7,23,55,6,91,6,0,6,97
12/25/2003,GNV,FL,ASO,ES,Federal Contract Tower,2,7,15,0,24,4,2,19,0,25,6,9,34,0,49,0,0,0,49
12/26/2003,GNV,FL,ASO,ES,Federal Contract Tower,4,12,26,0,42,3,2,65,0,70,7,14,91,0,112,48,0,48,160
12/27/2003,GNV,FL,ASO,ES,Federal Contract Tower,3,8,24,0,35,0,0,98,0,98,3,8,122,0,133,66,0,66,199
12/28/2003,GNV,FL,ASO,ES,Federal Contract Tower,3,8,19,0,30,3,0,67,0,70,6,8,86,0,100,60,0,60,160
12/29/2003,GNV,FL,ASO,ES,Federal Contract Tower,5,12,31,5,53,1,0,49,5,55,6,12,80,10,108,40,20,60,168
12/30/2003,GNV,FL,ASO,ES,Federal Contract Tower,6,16,37,2,61,0,5,39,0,44,6,21,76,2,105,32,26,58,163
12/31/2003,GNV,FL,ASO,ES,Federal Contract Tower,5,13,31,2,51,2,3,64,0,69,7,16,95,2,120,46,0,46,166
01/01/2004,GNV,FL,ASO,ES,Federal Contract Tower,4,8,24,0,36,3,2,42,0,47,7,10,66,0,83,16,0,16,99
01/02/2004,GNV,FL,ASO,ES,Federal Contract Tower,7,12,36,0,55,0,3,59,0,62,7,15,95,0,117,70,0,70,187
01/03/2004,GNV,FL,ASO,ES,Federal Contract Tower,5,7,41,4,57,0,0,96,0,96,5,7,137,4,153,70,18,88,241
01/04/2004,GNV,FL,ASO,ES,Federal Contract Tower,6,9,28,0,43,1,2,82,0,85,7,11,110,0,128,80,0,80,208
01/05/2004,GNV,FL,ASO,ES,Federal Contract Tower,6,10,32,0,48,0,2,51,0,53,6,12,83,0,101,10,0,10,111
01/06/2004,GNV,FL,ASO,ES,Federal Contract Tower,8,15,45,0,68,0,2,37,0,39,8,17,82,0,107,22,0,22,129
01/07/2004,GNV,FL,ASO,ES,Federal Contract Tower,7,15,44,7,73,0,1,47,23,71,7,16,91,30,144,58,32,90,234
01/08/2004,GNV,FL,ASO,ES,Federal Contract Tower,7,14,41,7,69,0,0,38,6,44,7,14,79,13,113,26,30,56,169
01/09/2004,GNV,FL,ASO,ES,Federal Contract Tower,6,15,42,4,67,1,2,68,0,71,7,17,110,4,138,42,2,44,182
01/10/2004,GNV,FL,ASO,ES,Federal Contract Tower,4,10,25,4,43,1,1,17,7,26,5,11,42,11,69,48,0,48,117
01/11/2004,GNV,FL,ASO,ES,Federal Contract Tower,5,8,32,0,45,2,0,111,0,113,7,8,143,0,158,28,0,28,186
01/12/2004,GNV,FL,ASO,ES,Federal Contract Tower,5,12,33,5,55,2,0,106,0,108,7,12,139,5,163,104,6,110,273
01/13/2004,GNV,FL,ASO,ES,Federal Contract Tower,5,20,51,9,85,0,1,74,39,114,5,21,125,48,199,70,30,100,299
01/14/2004,GNV,FL,ASO,ES,Federal Contract Tower,7,17,44,7,75,0,4,99,9,112,7,21,143,16,187,48,6,54,241
01/15/2004,GNV,FL,ASO,ES,Federal Contract Tower,6,16,40,7,69,1,0,58,4,63,7,16,98,11,132,38,8,46,178
01/16/2004,GNV,FL,ASO,ES,Federal Contract Tower,7,19,61,10,97,0,0,80,53,133,7,19,141,63,230,66,88,154,384
01/17/2004,GNV,FL,ASO,ES,Federal Contract Tower,4,10,25,0,39,1,2,72,0,75,5,12,97,0,114,60,0,60,174
01/18/2004,GNV,FL,ASO,ES,Federal Contract Tower,4,11,27,1,43,2,0,44,0,46,6,11,71,1,89,6,0,6,95
01/19/2004,GNV,FL,ASO,ES,Federal Contract Tower,6,11,34,5,56,1,0,25,0,26,7,11,59,5,82,24,0,24,106
01/20/2004,GNV,FL,ASO,ES,Federal Contract Tower,7,16,42,4,69,1,3,77,0,81,8,19,119,4,150,70,8,78,228
01/21/2004,GNV,FL,ASO,ES,Federal Contract Tower,7,17,43,6,73,1,2,102,0,105,8,19,145,6,178,36,0,36,214
01/22/2004,GNV,FL,ASO,ES,Federal Contract Tower,8,17,45,6,76,0,7,63,3,73,8,24,108,9,149,52,0,52,201
01/23/2004,GNV,FL,ASO,ES,Federal Contract Tower,6,15,39,6,66,2,5,92,5,104,8,20,131,11,170,62,6,68,238
01/24/2004,GNV,FL,ASO,ES,Federal Contract Tower,6,8,67,10,91,0,0,179,2,181,6,8,246,12,272,116,0,116,388
01/25/2004,GNV,FL,ASO,ES,Federal Contract Tower,6,9,49,2,66,0,0,144,0,144,6,9,193,2,210,60,0,60,270
01/26/2004,GNV,FL,ASO,ES,Federal Contract Tower,2,9,22,3,36,0,0,24,0,24,2,9,46,3,60,10,0,10,70
01/27/2004,GNV,FL,ASO,ES,Federal Contract Tower,6,15,39,6,66,2,0,40,0,42,8,15,79,6,108,52,46,98,206
01/28/2004,GNV,FL,ASO,ES,Federal Contract Tower,7,18,52,7,84,0,0,79,5,84,7,18,131,12,168,70,0,70,238
01/29/2004,GNV,FL,ASO,ES,Federal Contract Tower,6,14,37,2,59,1,9,123,0,133,7,23,160,2,192,126,24,150,342
01/30/2004,GNV,FL,ASO,ES,Federal Contract Tower,7,18,55,8,88,0,0,68,28,96,7,18,123,36,184,144,42,186,370
01/31/2004,GNV,FL,ASO,ES,Federal Contract Tower,4,11,28,0,43,2,0,62,0,64,6,11,90,0,107,78,0,78,185
02/01/2004,GNV,FL,ASO,ES,Federal Contract Tower,5,8,26,0,39,1,0,11,0,12,6,8,37,0,51,8,0,8,59
02/02/2004,GNV,FL,ASO,ES,Federal Contract Tower,5,10,27,3,45,0,7,0,0,7,5,17,27,3,52,0,0,0,52
02/03/2004,GNV,FL,ASO,ES,Federal Contract Tower,8,18,66,7,99,0,0,19,4,23,8,18,85,11,122,14,2,16,138
02/04/2004,GNV,FL,ASO,ES,Federal Contract Tower,6,11,33,3,53,1,5,86,4,96,7,16,119,7,149,154,0,154,303
02/05/2004,GNV,FL,ASO,ES,Federal Contract Tower,6,15,42,4,67,0,6,61,8,75,6,21,103,12,142,88,12,100,242
02/06/2004,GNV,FL,ASO,ES,Federal Contract Tower,1,13,37,4,55,0,2,22,20,44,1,15,59,24,99,4,14,18,117
02/07/2004,GNV,FL,ASO,ES,Federal Contract Tower,4,8,22,2,36,2,3,69,0,74,6,11,91,2,110,54,4,58,168
02/08/2004,GNV,FL,ASO,ES,Federal Contract Tower,7,13,37,2,59,1,6,110,0,117,8,19,147,2,176,90,6,96,272
02/09/2004,GNV,FL,ASO,ES,Federal Contract Tower,5,11,31,4,51,2,1,97,2,102,7,12,128,6,153,170,8,178,331
02/10/2004,GNV,FL,ASO,ES,Federal Contract Tower,6,17,46,2,71,0,0,62,0,62,6,17,108,2,133,56,0,56,189
02/11/2004,GNV,FL,ASO,ES,Federal Contract Tower,7,18,53,2,80,0,0,39,0,39,7,18,92,2,119,64,0,64,183
02/12/2004,GNV,FL,ASO,ES,Federal Contract Tower,7,14,49,6,76,0,0,69,2,71,7,14,118,8,147,44,42,86,233
02/13/2004,GNV,FL,ASO,ES,Federal Contract Tower,7,17,48,4,76,0,0,4,0,4,7,17,52,4,80,0,0,0,80
02/14/2004,GNV,FL,ASO,ES,Federal Contract Tower,3,9,22,0,34,0,3,1,0,4,3,12,23,0,38,0,0,0,38
02/15/2004,GNV,FL,ASO,ES,Federal Contract Tower,5,9,32,0,46,4,0,58,0,62,9,9,90,0,108,60,0,60,168
02/16/2004,GNV,FL,ASO,ES,Federal Contract Tower,6,16,40,0,62,0,2,88,0,90,6,18,128,0,152,30,0,30,182
02/17/2004,GNV,FL,ASO,ES,Federal Contract Tower,7,16,43,6,72,0,3,3,2,8,7,19,46,8,80,16,0,16,96
02/18/2004,GNV,FL,ASO,ES,Federal Contract Tower,6,16,44,6,72,0,4,95,4,103,6,20,139,10,175,120,34,154,329
02/19/2004,GNV,FL,ASO,ES,Federal Contract Tower,7,15,39,5,66,0,1,103,21,125,7,16,142,26,191,94,38,132,323
02/20/2004,GNV,FL,ASO,ES,Federal Contract Tower,8,19,51,7,85,1,0,105,14,120,9,19,156,21,205,178,86,264,469
02/21/2004,GNV,FL,ASO,ES,Federal Contract Tower,5,7,30,4,46,1,0,95,1,97,6,7,125,5,143,114,0,114,257
02/22/2004,GNV,FL,ASO,ES,Federal Contract Tower,7,12,48,6,73,0,0,129,1,130,7,12,177,7,203,142,0,142,345
02/23/2004,GNV,FL,ASO,ES,Federal Contract Tower,5,14,36,5,60,1,1,85,6,93,6,15,121,11,153,38,0,38,191
02/24/2004,GNV,FL,ASO,ES,Federal Contract Tower,4,11,20,0,35,4,8,0,0,12,8,19,20,0,47,0,0,0,47
02/25/2004,GNV,FL,ASO,ES,Federal Contract Tower,7,17,45,0,69,3,3,15,0,21,10,20,60,0,90,0,0,0,90
02/26/2004,GNV,FL,ASO,ES,Federal Contract Tower,7,13,68,8,96,0,0,16,8,24,7,13,84,16,120,18,0,18,138
02/27/2004,GNV,FL,ASO,ES,Federal Contract Tower,7,17,57,6,87,0,0,48,14,62,7,17,105,20,149,148,16,164,313
02/28/2004,GNV,FL,ASO,ES,Federal Contract Tower,5,11,36,2,54,1,0,91,0,92,6,11,127,2,146,102,0,102,248
02/29/2004,GNV,FL,ASO,ES,Federal Contract Tower,6,12,39,3,60,1,0,100,0,101,7,12,139,3,161,90,6,96,257
03/01/2004,GNV,FL,ASO,ES,Federal Contract Tower,5,13,34,4,56,0,3,69,0,72,5,16,103,4,128,90,0,90,218
03/02/2004,GNV,FL,ASO,ES,Federal Contract Tower,5,17,46,8,76,0,2,68,21,91,5,19,114,29,167,110,40,150,317
03/03/2004,GNV,FL,ASO,ES,Federal Contract Tower,8,16,46,8,78,0,0,47,21,68,8,16,93,29,146,40,16,56,202
03/04/2004,GNV,FL,ASO,ES,Federal Contract Tower,6,14,37,7,64,2,14,91,3,110,8,28,128,10,174,70,10,80,254
03/05/2004,GNV,FL,ASO,ES,Federal Contract Tower,7,17,48,9,81,0,2,65,5,72,7,19,113,14,153,52,0,52,205
03/06/2004,GNV,FL,ASO,ES,Federal Contract Tower,4,12,34,6,56,0,2,52,4,58,4,14,86,10,114,60,0,60,174
03/07/2004,GNV,FL,ASO,ES,Federal Contract Tower,7,15,52,10,84,0,0,76,31,107,7,15,128,41,191,28,8,36,227
03/08/2004,GNV,FL,ASO,ES,Federal Contract Tower,6,16,44,9,75,0,0,49,22,71,6,16,93,31,146,78,56,134,280
03/09/2004,GNV,FL,ASO,ES,Federal Contract Tower,4,17,45,8,74,0,3,132,2,137,4,20,177,10,211,112,36,148,359
03/10/2004,GNV,FL,ASO,ES,Federal Contract Tower,7,14,39,7,67,0,3,47,13,63,7,17,86,20,130,100,52,152,282
03/11/2004,GNV,FL,ASO,ES,Federal Contract Tower,7,16,42,8,73,0,5,128,12,145,7,21,170,20,218,122,36,158,376
03/12/2004,GNV,FL,ASO,ES,Federal Contract Tower,7,15,51,10,83,0,0,115,2,117,7,15,166,12,200,126,0,126,326
03/13/2004,GNV,FL,ASO,ES,Federal Contract Tower,2,6,15,0,23,3,2,87,0,92,5,8,102,0,115,66,0,66,181
03/14/2004,GNV,FL,ASO,ES,Federal Contract Tower,4,12,29,0,45,3,1,105,0,109,7,13,134,0,154,68,0,68,222
03/15/2004,GNV,FL,ASO,ES,Federal Contract Tower,6,13,38,8,65,1,0,44,8,53,7,13,82,16,118,20,46,66,184
03/16/2004,GNV,FL,ASO,ES,Federal Contract Tower,6,15,41,9,71,3,0,29,5,37,9,15,70,14,108,34,6,40,148
03/17/2004,GNV,FL,ASO,ES,Federal Contract Tower,7,18,47,8,80,0,0,97,0,97,7,18,144,8,177,28,14,42,219
03/18/2004,GNV,FL,ASO,ES,Federal Contract Tower,10,27,70,14,121,0,0,115,4,119,10,27,185,18,240,60,2,62,302
03/19/2004,GNV,FL,ASO,ES,Federal Contract Tower,7,17,51,8,83,0,0,147,0,147,7,17,198,8,230,82,8,90,320
03/20/2004,GNV,FL,ASO,ES,Federal Contract Tower,5,9,45,9,68,0,0,116,8,124,5,9,161,17,192,84,0,84,276
03/21/2004,GNV,FL,ASO,ES,Federal Contract Tower,6,20,56,12,94,0,0,131,2,133,6,20,187,14,227,16,0,16,243
03/22/2004,GNV,FL,ASO,ES,Federal Contract Tower,4,14,39,6,63,0,0,89,0,89,4,14,128,6,152,130,22,152,304
03/23/2004,GNV,FL,ASO,ES,Federal Contract Tower,5,13,32,7,57,2,3,87,0,92,7,16,119,7,149,78,38,116,265
03/24/2004,GNV,FL,ASO,ES,Federal Contract Tower,5,14,34,7,60,2,1,62,9,74,7,15,96,16,134,44,88,132,266
03/25/2004,GNV,FL,ASO,ES,Federal Contract Tower,7,19,52,11,89,0,0,78,0,78,7,19,130,11,167,48,12,60,227
03/26/2004,GNV,FL,ASO,ES,Federal Contract Tower,6,14,42,9,71,2,0,79,4,85,8,14,121,13,156,146,20,166,322
03/27/2004,GNV,FL,ASO,ES,Federal Contract Tower,5,13,33,6,57,2,2,96,0,100,7,15,129,6,157,152,0,152,309
03/28/2004,GNV,FL,ASO,ES,Federal Contract Tower,7,12,53,7,79,0,0,116,0,116,7,12,169,7,195,170,2,172,367
03/29/2004,GNV,FL,ASO,ES,Federal Contract Tower,5,15,38,7,65,2,0,80,9,91,7,15,118,16,156,120,66,186,342
03/30/2004,GNV,FL,ASO,ES,Federal Contract Tower,6,15,45,5,71,0,0,85,0,85,6,15,130,5,156,88,6,94,250
03/31/2004,GNV,FL,ASO,ES,Federal Contract Tower,5,12,33,6,56,2,4,61,8,75,7,16,94,14,131,34,18,52,183
04/01/2004,GNV,FL,ASO,ES,Federal Contract Tower,8,17,45,7,77,0,0,108,15,123,8,17,153,22,200,122,106,228,428
04/02/2004,GNV,FL,ASO,ES,Federal Contract Tower,7,16,52,8,83,0,0,69,57,126,7,16,121,65,209,82,120,202,411
04/03/2004,GNV,FL,ASO,ES,Federal Contract Tower,5,12,45,0,62,0,0,119,0,119,5,12,164,0,181,76,0,76,257
04/04/2004,GNV,FL,ASO,ES,Federal Contract Tower,8,14,37,5,64,0,1,72,20,93,8,15,109,25,157,20,0,20,177
04/05/2004,GNV,FL,ASO,ES,Federal Contract Tower,6,12,32,5,55,0,9,113,3,125,6,21,145,8,180,128,0,128,308
04/06/2004,GNV,FL,ASO,ES,Federal Contract Tower,7,15,40,6,68,0,3,92,4,99,7,18,132,10,167,156,18,174,341
04/07/2004,GNV,FL,ASO,ES,Federal Contract Tower,7,19,54,8,88,0,0,93,20,113,7,19,147,28,201,106,46,152,353
04/08/2004,GNV,FL,ASO,ES,Federal Contract Tower,7,11,32,0,50,1,8,45,0,54,8,19,77,0,104,66,12,78,182
04/09/2004,GNV,FL,ASO,ES,Federal Contract Tower,6,17,44,7,74,0,2,160,21,183,6,19,204,28,257,140,20,160,417
04/10/2004,GNV,FL,ASO,ES,Federal Contract Tower,5,14,39,1,59,0,4,97,0,101,5,18,136,1,160,64,0,64,224
04/11/2004,GNV,FL,ASO,ES,Federal Contract Tower,6,11,31,0,48,0,2,46,0,48,6,13,77,0,96,14,0,14,110
04/12/2004,GNV,FL,ASO,ES,Federal Contract Tower,5,12,33,2,52,0,5,34,0,39,5,17,67,2,91,40,0,40,131
04/13/2004,GNV,FL,ASO,ES,Federal Contract Tower,6,13,35,6,60,0,4,26,8,38,6,17,61,14,98,14,20,34,132
04/14/2004,GNV,FL,ASO,ES,Federal Contract Tower,7,15,40,7,69,0,4,83,4,91,7,19,123,11,160,82,14,96,256
04/15/2004,GNV,FL,ASO,ES,Federal Contract Tower,6,20,50,9,85,0,0,176,22,198,6,20,226,31,283,110,26,136,419
04/16/2004,GNV,FL,ASO,ES,Federal Contract Tower,7,15,36,6,64,0,3,139,8,150,7,18,175,14,214,110,60,170,384
04/17/2004,GNV,FL,ASO,ES,Federal Contract Tower,6,13,32,6,57,0,1,116,0,117,6,14,148,6,174,116,6,122,296
04/18/2004,GNV,FL,ASO,ES,Federal Contract Tower,6,14,33,2,55,0,5,104,0,109,6,19,137,2,164,116,0,116,280
04/19/2004,GNV,FL,ASO,ES,Federal Contract Tower,5,11,27,5,48,1,0,78,5,84,6,11,105,10,132,100,14,114,246
04/20/2004,GNV,FL,ASO,ES,Federal Contract Tower,7,14,35,6,62,0,2,102,5,109,7,16,137,11,171,60,34,94,265
04/21/2004,GNV,FL,ASO,ES,Federal Contract Tower,8,15,40,3,66,3,0,132,0,135,11,15,172,3,201,102,32,134,335
04/22/2004,GNV,FL,ASO,ES,Federal Contract Tower,9,12,45,2,68,2,0,96,0,98,11,12,141,2,166,58,0,58,224
04/23/2004,GNV,FL,ASO,ES,Federal Contract Tower,8,16,41,6,71,2,0,120,0,122,10,16,161,6,193,90,0,90,283
04/24/2004,GNV,FL,ASO,ES,Federal Contract Tower,4,3,20,2,29,5,0,87,0,92,9,3,107,2,121,30,0,30,151
04/25/2004,GNV,FL,ASO,ES,Federal Contract Tower,6,5,30,0,41,4,0,89,0,93,10,5,119,0,134,48,0,48,182
04/26/2004,GNV,FL,ASO,ES,Federal Contract Tower,6,10,30,0,46,4,0,45,0,49,10,10,75,0,95,66,0,66,161
04/27/2004,GNV,FL,ASO,ES,Federal Contract Tower,10,13,54,9,86,1,0,65,33,99,11,13,119,42,185,142,38,180,365
04/28/2004,GNV,FL,ASO,ES,Federal Contract Tower,8,17,41,7,73,1,2,80,13,96,9,19,121,20,169,160,40,200,369
04/29/2004,GNV,FL,ASO,ES,Federal Contract Tower,8,14,42,6,70,3,0,95,2,100,11,14,137,8,170,104,34,138,308
04/30/2004,GNV,FL,ASO,ES,Federal Contract Tower,6,13,34,0,53,6,0,40,0,46,12,13,74,0,99,24,0,24,123
05/01/2004,GNV,FL,ASO,ES,Federal Contract Tower,5,12,26,0,43,0,3,29,0,32,5,15,55,0,75,10,0,10,85
05/02/2004,GNV,FL,ASO,ES,Federal Contract Tower,6,12,25,0,43,0,0,40,0,40,6,12,65,0,83,14,0,14,97
05/03/2004,GNV,FL,ASO,ES,Federal Contract Tower,7,18,42,6,73,0,0,38,10,48,7,18,80,16,121,58,0,58,179
05/04/2004,GNV,FL,ASO,ES,Federal Contract Tower,7,14,29,0,50,0,8,114,0,122,7,22,143,0,172,90,0,90,262
05/05/2004,GNV,FL,ASO,ES,Federal Contract Tower,6,14,29,4,53,1,2,93,4,100,7,16,122,8,153,102,16,118,271
05/06/2004,GNV,FL,ASO,ES,Federal Contract Tower,7,19,37,2,65,0,0,148,0,148,7,19,185,2,213,106,0,106,319
05/07/2004,GNV,FL,ASO,ES,Federal Contract Tower,7,16,35,5,63,0,0,119,10,129,7,16,154,15,192,142,10,152,344
05/08/2004,GNV,FL,ASO,ES,Federal Contract Tower,4,9,20,0,33,1,0,88,0,89,5,9,108,0,122,30,0,30,152
05/09/2004,GNV,FL,ASO,ES,Federal Contract Tower,6,11,27,4,48,0,0,81,16,97,6,11,108,20,145,36,20,56,201
05/10/2004,GNV,FL,ASO,ES,Federal Contract Tower,6,12,35,5,58,0,0,95,12,107,6,12,130,17,165,30,30,60,225
05/11/2004,GNV,FL,ASO,ES,Federal Contract Tower,6,17,31,4,58,0,1,43,14,58,6,18,74,18,116,24,44,68,184
05/12/2004,GNV,FL,ASO,ES,Federal Contract Tower,6,18,36,6,66,0,0,66,29,95,6,18,102,35,161,132,70,202,363
05/13/2004,GNV,FL,ASO,ES,Federal Contract Tower,3,18,33,6,60,0,6,53,8,67,3,24,86,14,127,40,10,50,177
05/14/2004,GNV,FL,ASO,ES,Federal Contract Tower,4,17,39,7,67,0,0,87,16,103,4,17,126,23,170,100,40,140,310
05/15/2004,GNV,FL,ASO,ES,Federal Contract Tower,3,10,19,4,36,2,0,80,7,89,5,10,99,11,125,80,70,150,275
05/16/2004,GNV,FL,ASO,ES,Federal Contract Tower,4,12,24,4,44,1,0,70,3,74,5,12,94,7,118,16,0,16,134
05/17/2004,GNV,FL,ASO,ES,Federal Contract Tower,5,13,26,5,49,1,5,41,5,52,6,18,67,10,101,68,10,78,179
05/18/2004,GNV,FL,ASO,ES,Federal Contract Tower,6,17,35,4,62,0,0,97,0,97,6,17,132,4,159,118,18,136,295
05/19/2004,GNV,FL,ASO,ES,Federal Contract Tower,6,18,38,6,68,0,0,69,5,74,6,18,107,11,142,64,108,172,314
05/20/2004,GNV,FL,ASO,ES,Federal Contract Tower,6,16,30,1,53,1,4,90,0,95,7,20,120,1,148,48,4,52,200
05/21/2004,GNV,FL,ASO,ES,Federal Contract Tower,6,15,31,3,55,0,0,130,0,130,6,15,161,3,185,120,0,120,305
05/22/2004,GNV,FL,ASO,ES,Federal Contract Tower,4,7,20,0,31,0,0,86,0,86,4,7,106,0,117,50,0,50,167
05/23/2004,GNV,FL,ASO,ES,Federal Contract Tower,4,12,21,0,37,2,0,86,0,88,6,12,107,0,125,120,0,120,245
05/24/2004,GNV,FL,ASO,ES,Federal Contract Tower,5,15,27,5,52,1,1,74,12,88,6,16,101,17,140,72,8,80,220
05/25/2004,GNV,FL,ASO,ES,Federal Contract Tower,6,17,34,5,62,0,1,103,6,110,6,18,137,11,172,96,62,158,330
05/26/2004,GNV,FL,ASO,ES,Federal Contract Tower,8,17,42,6,73,0,0,93,11,104,8,17,135,17,177,82,74,156,333
05/27/2004,GNV,FL,ASO,ES,Federal Contract Tower,7,19,38,5,69,0,0,80,1,81,7,19,118,6,150,46,24,70,220
05/28/2004,GNV,FL,ASO,ES,Federal Contract Tower,6,21,40,6,73,0,3,107,2,112,6,24,147,8,185,80,0,80,265
05/29/2004,GNV,FL,ASO,ES,Federal Contract Tower,3,9,20,2,34,2,0,91,0,93,5,9,111,2,127,130,0,130,257
05/30/2004,GNV,FL,ASO,ES,Federal Contract Tower,3,10,19,0,32,5,2,45,0,52,8,12,64,0,84,66,0,66,150
05/31/2004,GNV,FL,ASO,ES,Federal Contract Tower,5,11,27,0,43,0,0,71,0,71,5,11,98,0,114,98,0,98,212
06/01/2004,GNV,FL,ASO,ES,Federal Contract Tower,5,11,24,4,44,1,1,51,0,53,6,12,75,4,97,76,0,76,173
06/02/2004,GNV,FL,ASO,ES,Federal Contract Tower,6,13,37,0,56,0,0,56,0,56,6,13,93,0,112,42,0,42,154
06/03/2004,GNV,FL,ASO,ES,Federal Contract Tower,7,16,34,6,63,0,1,50,7,58,7,17,84,13,121,56,6,62,183
06/04/2004,GNV,FL,ASO,ES,Federal Contract Tower,6,13,30,2,51,0,13,36,0,49,6,26,66,2,100,118,0,118,218
06/05/2004,GNV,FL,ASO,ES,Federal Contract Tower,5,6,23,4,38,0,0,59,4,63,5,6,82,8,101,104,0,104,205
06/06/2004,GNV,FL,ASO,ES,Federal Contract Tower,5,9,21,0,35,1,1,64,0,66,6,10,85,0,101,28,0,28,129
06/07/2004,GNV,FL,ASO,ES,Federal Contract Tower,5,12,28,5,50,0,2,54,9,65,5,14,82,14,115,80,0,80,195
06/08/2004,GNV,FL,ASO,ES,Federal Contract Tower,6,14,31,0,51,0,1,91,0,92,6,15,122,0,143,112,0,112,255
06/09/2004,GNV,FL,ASO,ES,Federal Contract Tower,6,14,31,6,57,0,5,47,1,53,6,19,78,7,110,62,14,76,186
06/10/2004,GNV,FL,ASO,ES,Federal Contract Tower,7,16,37,8,68,0,3,94,22,119,7,19,131,30,187,124,30,154,341
06/11/2004,GNV,FL,ASO,ES,Federal Contract Tower,5,12,26,0,43,1,1,91,0,93,6,13,117,0,136,120,0,120,256
06/12/2004,GNV,FL,ASO,ES,Federal Contract Tower,4,7,18,4,33,1,0,86,0,87,5,7,104,4,120,130,16,146,266
06/13/2004,GNV,FL,ASO,ES,Federal Contract Tower,5,8,23,4,40,1,0,51,0,52,6,8,74,4,92,36,0,36,128
06/14/2004,GNV,FL,ASO,ES,Federal Contract Tower,5,10,23,0,38,1,0,29,0,30,6,10,52,0,68,10,0,10,78
06/15/2004,GNV,FL,ASO,ES,Federal Contract Tower,7,15,34,7,63,0,0,59,0,59,7,15,93,7,122,44,8,52,174
06/16/2004,GNV,FL,ASO,ES,Federal Contract Tower,6,14,33,7,60,0,0,66,12,78,6,14,99,19,138,110,16,126,264
06/17/2004,GNV,FL,ASO,ES,Federal Contract Tower,7,14,44,9,74,0,0,116,12,128,7,14,160,21,202,150,46,196,398
06/18/2004,GNV,FL,ASO,ES,Federal Contract Tower,5,12,23,5,45,1,2,112,9,124,6,14,135,14,169,150,24,174,343
06/19/2004,GNV,FL,ASO,ES,Federal Contract Tower,3,6,19,0,28,2,0,64,0,66,5,6,83,0,94,70,0,70,164
06/20/2004,GNV,FL,ASO,ES,Federal Contract Tower,6,11,28,0,45,1,0,29,0,30,7,11,57,0,75,42,0,42,117
06/21/2004,GNV,FL,ASO,ES,Federal Contract Tower,4,15,31,6,56,0,0,70,0,70,4,15,101,6,126,46,0,46,172
06/22/2004,GNV,FL,ASO,ES,Federal Contract Tower,5,16,33,0,54,0,2,40,0,42,5,18,73,0,96,40,0,40,136
06/23/2004,GNV,FL,ASO,ES,Federal Contract Tower,4,17,35,4,60,0,1,96,0,97,4,18,131,4,157,88,0,88,245
06/24/2004,GNV,FL,ASO,ES,Federal Contract Tower,6,19,40,8,73,0,0,103,28,131,6,19,143,36,204,160,42,202,406
06/25/2004,GNV,FL,ASO,ES,Federal Contract Tower,7,17,36,6,66,0,3,81,17,101,7,20,117,23,167,120,30,150,317
06/26/2004,GNV,FL,ASO,ES,Federal Contract Tower,3,5,16,3,27,3,0,66,0,69,6,5,82,3,96,118,12,130,226
06/27/2004,GNV,FL,ASO,ES,Federal Contract Tower,4,8,19,3,34,1,0,79,3,83,5,8,98,6,117,58,0,58,175
06/28/2004,GNV,FL,ASO,ES,Federal Contract Tower,5,13,26,4,48,2,1,56,4,63,7,14,82,8,111,120,2,122,233
06/29/2004,GNV,FL,ASO,ES,Federal Contract Tower,6,14,35,0,55,3,0,79,0,82,9,14,114,0,137,194,0,194,331
06/30/2004,GNV,FL,ASO,ES,Federal Contract Tower,5,12,24,4,45,0,3,57,4,64,5,15,81,8,109,90,18,108,217
07/01/2004,GNV,FL,ASO,ES,Federal Contract Tower,8,13,30,4,55,0,4,83,1,88,8,17,113,5,143,58,10,68,211
07/02/2004,GNV,FL,ASO,ES,Federal Contract Tower,8,11,25,0,44,1,2,82,0,85,9,13,107,0,129,100,0,100,229
07/03/2004,GNV,FL,ASO,ES,Federal Contract Tower,6,5,16,0,27,1,0,80,0,81,7,5,96,0,108,110,0,110,218
07/04/2004,GNV,FL,ASO,ES,Federal Contract Tower,7,7,17,0,31,1,2,42,0,45,8,9,59,0,76,28,0,28,104
07/05/2004,GNV,FL,ASO,ES,Federal Contract Tower,6,8,19,0,33,2,3,108,0,113,8,11,127,0,146,76,0,76,222
07/06/2004,GNV,FL,ASO,ES,Federal Contract Tower,8,15,41,6,70,0,0,77,20,97,8,15,118,26,167,100,8,108,275
07/07/2004,GNV,FL,ASO,ES,Federal Contract Tower,9,13,30,4,56,0,2,82,0,84,9,15,112,4,140,48,8,56,196
07/08/2004,GNV,FL,ASO,ES,Federal Contract Tower,10,14,40,6,70,0,0,69,28,97,10,14,109,34,167,114,12,126,293
07/09/2004,GNV,FL,ASO,ES,Federal Contract Tower,9,15,35,5,64,0,0,85,20,105,9,15,120,25,169,190,8,198,367
07/10/2004,GNV,FL,ASO,ES,Federal Contract Tower,7,9,29,6,51,0,0,125,20,145,7,9,154,26,196,110,40,150,346
07/11/2004,GNV,FL,ASO,ES,Federal Contract Tower,8,7,27,5,47,2,0,44,7,53,10,7,71,12,100,16,0,16,116
07/12/2004,GNV,FL,ASO,ES,Federal Contract Tower,8,14,28,0,50,1,1,55,0,57,9,15,83,0,107,52,0,52,159
07/13/2004,GNV,FL,ASO,ES,Federal Contract Tower,7,11,24,5,47,2,1,58,8,69,9,12,82,13,116,98,0,98,214
07/14/2004,GNV,FL,ASO,ES,Federal Contract Tower,7,13,27,4,51,0,6,63,0,69,7,19,90,4,120,108,0,108,228
07/15/2004,GNV,FL,ASO,ES,Federal Contract Tower,7,12,24,4,47,2,0,51,0,53,9,12,75,4,100,94,0,94,194
07/16/2004,GNV,FL,ASO,ES,Federal Contract Tower,6,11,21,4,42,2,2,85,2,91,8,13,106,6,133,62,60,122,255
07/17/2004,GNV,FL,ASO,ES,Federal Contract Tower,4,8,18,4,34,0,4,34,0,38,4,12,52,4,72,40,4,44,116
07/18/2004,GNV,FL,ASO,ES,Federal Contract Tower,5,6,16,0,27,4,0,16,0,20,9,6,32,0,47,8,0,8,55
07/19/2004,GNV,FL,ASO,ES,Federal Contract Tower,5,9,19,0,33,4,2,31,0,37,9,11,50,0,70,16,0,16,86
07/20/2004,GNV,FL,ASO,ES,Federal Contract Tower,9,15,35,2,61,0,0,51,0,51,9,15,86,2,112,86,20,106,218
07/21/2004,GNV,FL,ASO,ES,Federal Contract Tower,9,11,27,0,47,0,0,60,0,60,9,11,87,0,107,80,0,80,187
07/22/2004,GNV,FL,ASO,ES,Federal Contract Tower,12,14,42,8,76,0,0,79,22,101,12,14,121,30,177,124,16,140,317
07/23/2004,GNV,FL,ASO,ES,Federal Contract Tower,7,12,25,2,46,0,5,61,0,66,7,17,86,2,112,40,0,40,152
07/24/2004,GNV,FL,ASO,ES,Federal Contract Tower,5,8,21,0,34,0,0,54,0,54,5,8,75,0,88,110,0,110,198
07/25/2004,GNV,FL,ASO,ES,Federal Contract Tower,8,5,29,6,48,0,0,82,6,88,8,5,111,12,136,120,30,150,286
07/26/2004,GNV,FL,ASO,ES,Federal Contract Tower,6,11,23,0,40,2,1,72,0,75,8,12,95,0,115,92,0,92,207
07/27/2004,GNV,FL,ASO,ES,Federal Contract Tower,8,16,34,5,63,0,4,90,5,99,8,20,124,10,162,70,14,84,246
07/28/2004,GNV,FL,ASO,ES,Federal Contract Tower,8,14,29,4,55,3,4,70,1,78,11,18,99,5,133,56,10,66,199
07/29/2004,GNV,FL,ASO,ES,Federal Contract Tower,9,14,31,5,59,0,1,74,5,80,9,15,105,10,139,112,0,112,251
07/30/2004,GNV,FL,ASO,ES,Federal Contract Tower,8,12,26,4,50,1,1,73,2,77,9,13,99,6,127,72,4,76,203
07/31/2004,GNV,FL,ASO,ES,Federal Contract Tower,5,7,18,0,30,1,0,64,0,65,6,7,82,0,95,100,0,100,195
08/01/2004,GNV,FL,ASO,ES,Federal Contract Tower,9,11,26,2,48,0,0,71,5,76,9,11,97,7,124,98,0,98,222
08/02/2004,GNV,FL,ASO,ES,Federal Contract Tower,8,8,22,2,40,0,0,43,5,48,8,8,65,7,88,44,0,44,132
08/03/2004,GNV,FL,ASO,ES,Federal Contract Tower,8,11,28,2,49,0,8,55,17,80,8,19,83,19,129,140,74,214,343
08/04/2004,GNV,FL,ASO,ES,Federal Contract Tower,8,11,27,2,48,0,7,74,0,81,8,18,101,2,129,40,0,40,169
08/05/2004,GNV,FL,ASO,ES,Federal Contract Tower,10,14,39,3,66,0,0,96,19,115,10,14,135,22,181,136,52,188,369
08/06/2004,GNV,FL,ASO,ES,Federal Contract Tower,10,13,32,3,58,0,0,52,5,57,10,13,84,8,115,60,46,106,221
08/07/2004,GNV,FL,ASO,ES,Federal Contract Tower,8,7,25,2,42,0,0,47,8,55,8,7,72,10,97,56,2,58,155
08/08/2004,GNV,FL,ASO,ES,Federal Contract Tower,10,8,23,0,41,1,0,46,0,47,11,8,69,0,88,30,0,30,118
08/09/2004,GNV,FL,ASO,ES,Federal Contract Tower,8,9,24,2,43,0,1,38,0,39,8,10,62,2,82,34,0,34,116
08/10/2004,GNV,FL,ASO,ES,Federal Contract Tower,10,10,25,2,47,0,2,53,8,63,10,12,78,10,110,48,6,54,164
08/11/2004,GNV,FL,ASO,ES,Federal Contract Tower,8,9,22,2,41,4,3,51,0,58,12,12,73,2,99,94,0,94,193
08/12/2004,GNV,FL,ASO,ES,Federal Contract Tower,8,10,20,1,39,0,4,39,0,43,8,14,59,1,82,118,0,118,200
08/13/2004,GNV,FL,ASO,ES,Federal Contract Tower,4,5,8,0,17,6,3,0,0,9,10,8,8,0,26,0,0,0,26
08/14/2004,GNV,FL,ASO,ES,Federal Contract Tower,5,4,13,0,22,3,0,15,0,18,8,4,28,0,40,26,0,26,66
08/15/2004,GNV,FL,ASO,ES,Federal Contract Tower,7,7,18,0,32,4,0,51,0,55,11,7,69,0,87,78,0,78,165
08/16/2004,GNV,FL,ASO,ES,Federal Contract Tower,9,8,23,3,43,1,0,60,5,66,10,8,83,8,109,110,0,110,219
08/17/2004,GNV,FL,ASO,ES,Federal Contract Tower,11,11,31,4,57,0,0,54,5,59,11,11,85,9,116,80,2,82,198
08/18/2004,GNV,FL,ASO,ES,Federal Contract Tower,11,13,29,0,53,0,1,63,0,64,11,14,92,0,117,110,0,110,227
08/19/2004,GNV,FL,ASO,ES,Federal Contract Tower,10,12,36,4,62,0,0,96,0,96,10,12,132,4,158,118,10,128,286
08/20/2004,GNV,FL,ASO,ES,Federal Contract Tower,12,10,29,3,54,0,0,67,1,68,12,10,96,4,122,50,0,50,172
08/21/2004,GNV,FL,ASO,ES,Federal Contract Tower,8,7,21,0,36,0,0,59,0,59,8,7,80,0,95,60,0,60,155
08/22/2004,GNV,FL,ASO,ES,Federal Contract Tower,8,9,20,0,37,2,0,75,0,77,10,9,95,0,114,56,0,56,170
08/23/2004,GNV,FL,ASO,ES,Federal Contract Tower,8,9,19,2,38,3,4,17,6,30,11,13,36,8,68,2,0,2,70
08/24/2004,GNV,FL,ASO,ES,Federal Contract Tower,9,11,23,3,46,3,0,47,8,58,12,11,70,11,104,50,0,50,154
08/25/2004,GNV,FL,ASO,ES,Federal Contract Tower,10,12,27,0,49,0,6,38,0,44,10,18,65,0,93,90,0,90,183
08/26/2004,GNV,FL,ASO,ES,Federal Contract Tower,11,13,37,0,61,0,0,69,0,69,11,13,106,0,130,66,0,66,196
08/27/2004,GNV,FL,ASO,ES,Federal Contract Tower,8,10,23,0,41,2,2,46,0,50,10,12,69,0,91,64,0,64,155
08/28/2004,GNV,FL,ASO,ES,Federal Contract Tower,9,6,23,2,40,1,0,137,2,140,10,6,160,4,180,88,0,88,268
08/29/2004,GNV,FL,ASO,ES,Federal Contract Tower,6,5,18,0,29,4,0,67,0,71,10,5,85,0,100,34,0,34,134
08/30/2004,GNV,FL,ASO,ES,Federal Contract Tower,10,12,26,2,50,0,0,45,4,49,10,12,71,6,99,26,4,30,129
08/31/2004,GNV,FL,ASO,ES,Federal Contract Tower,9,10,24,2,45,1,4,51,2,58,10,14,75,4,103,70,4,74,177
09/01/2004,GNV,FL,ASO,ES,Federal Contract Tower,8,15,27,1,51,3,0,61,5,69,11,15,88,6,120,30,0,30,150
09/02/2004,GNV,FL,ASO,ES,Federal Contract Tower,7,20,43,0,70,0,0,118,0,118,7,20,161,0,188,58,0,58,246
09/03/2004,GNV,FL,ASO,ES,Federal Contract Tower,6,11,19,0,36,2,2,37,0,41,8,13,56,0,77,14,0,14,91
09/04/2004,GNV,FL,ASO,ES,Federal Contract Tower,2,4,3,0,9,2,4,0,0,6,4,8,3,0,15,0,0,0,15
09/05/2004,GNV,FL,ASO,ES,Federal Contract Tower,0,0,0,0,0,0,0,0,0,0,0,0,0,0,0,0,0,0,0
09/06/2004,GNV,FL,ASO,ES,Federal Contract Tower,0,0,1,0,1,0,2,0,0,2,0,2,1,0,3,0,0,0,3
09/07/2004,GNV,FL,ASO,ES,Federal Contract Tower,5,10,18,1,34,4,5,13,5,27,9,15,31,6,61,0,0,0,61
09/08/2004,GNV,FL,ASO,ES,Federal Contract Tower,7,17,30,1,55,0,4,26,17,47,7,21,56,18,102,2,10,12,114
09/09/2004,GNV,FL,ASO,ES,Federal Contract Tower,8,18,35,2,63,0,0,52,2,54,8,18,87,4,117,44,0,44,161
09/10/2004,GNV,FL,ASO,ES,Federal Contract Tower,9,15,36,2,62,0,0,48,9,57,9,15,84,11,119,58,24,82,201
09/11/2004,GNV,FL,ASO,ES,Federal Contract Tower,8,12,30,0,50,0,0,47,0,47,8,12,77,0,97,48,0,48,145
09/12/2004,GNV,FL,ASO,ES,Federal Contract Tower,7,15,24,0,46,1,0,40,0,41,8,15,64,0,87,30,0,30,117
09/13/2004,GNV,FL,ASO,ES,Federal Contract Tower,7,12,26,2,47,2,0,20,8,30,9,12,46,10,77,2,10,12,89
09/14/2004,GNV,FL,ASO,ES,Federal Contract Tower,7,15,26,2,50,5,0,51,2,58,12,15,77,4,108,18,0,18,126
09/15/2004,GNV,FL,ASO,ES,Federal Contract Tower,7,16,26,2,51,0,9,45,3,57,7,25,71,5,108,0,6,6,114
09/16/2004,GNV,FL,ASO,ES,Federal Contract Tower,5,11,18,0,34,2,5,27,0,34,7,16,45,0,68,28,0,28,96
09/17/2004,GNV,FL,ASO,ES,Federal Contract Tower,7,14,25,2,48,4,0,41,6,51,11,14,66,8,99,22,0,22,121
09/18/2004,GNV,FL,ASO,ES,Federal Contract Tower,6,6,21,2,35,0,0,112,4,116,6,6,133,6,151,104,0,104,255
09/19/2004,GNV,FL,ASO,ES,Federal Contract Tower,6,10,21,0,37,3,0,73,0,76,9,10,94,0,113,82,0,82,195
09/20/2004,GNV,FL,ASO,ES,Federal Contract Tower,8,19,32,3,62,0,1,38,3,42,8,20,70,6,104,26,0,26,130
09/21/2004,GNV,FL,ASO,ES,Federal Contract Tower,9,20,33,2,64,0,1,43,0,44,9,21,76,2,108,6,0,6,114
09/22/2004,GNV,FL,ASO,ES,Federal Contract Tower,9,20,40,3,72,0,0,97,4,101,9,20,137,7,173,84,50,134,307
09/23/2004,GNV,FL,ASO,ES,Federal Contract Tower,8,23,39,3,73,0,0,98,0,98,8,23,137,3,171,82,0,82,253
09/24/2004,GNV,FL,ASO,ES,Federal Contract Tower,10,23,43,3,79,0,0,86,1,87,10,23,129,4,166,46,0,46,212
09/25/2004,GNV,FL,ASO,ES,Federal Contract Tower,8,17,31,0,56,0,0,32,0,32,8,17,63,0,88,4,0,4,92
09/26/2004,GNV,FL,ASO,ES,Federal Contract Tower,0,0,0,0,0,0,0,0,0,0,0,0,0,0,0,0,0,0,0
09/27/2004,GNV,FL,ASO,ES,Federal Contract Tower,2,8,11,0,21,0,7,8,0,15,2,15,19,0,36,8,0,8,44
09/28/2004,GNV,FL,ASO,ES,Federal Contract Tower,6,15,25,1,47,3,3,59,1,66,9,18,84,2,113,80,8,88,201
09/29/2004,GNV,FL,ASO,ES,Federal Contract Tower,6,17,27,0,50,0,2,64,0,66,6,19,91,0,116,50,0,50,166
09/30/2004,GNV,FL,ASO,ES,Federal Contract Tower,10,26,43,2,81,0,6,107,0,113,10,32,150,2,194,162,0,162,356
10/01/2004,GNV,FL,ASO,ES,Federal Contract Tower,10,31,28,0,69,0,0,56,0,56,10,31,84,0,125,38,0,38,163
10/02/2004,GNV,FL,ASO,ES,Federal Contract Tower,9,18,107,0,134,0,0,126,0,126,9,18,233,0,260,80,0,80,340
10/03/2004,GNV,FL,ASO,ES,Federal Contract Tower,8,18,35,7,68,0,0,112,5,117,8,18,147,12,185,100,0,100,285
10/04/2004,GNV,FL,ASO,ES,Federal Contract Tower,6,26,27,3,62,0,0,65,1,66,6,26,92,4,128,54,6,60,188
10/05/2004,GNV,FL,ASO,ES,Federal Contract Tower,9,30,38,3,80,0,0,74,2,76,9,30,112,5,156,100,60,160,316
10/06/2004,GNV,FL,ASO,ES,Federal Contract Tower,9,35,29,14,87,1,0,84,4,89,10,35,113,18,176,50,0,50,226
10/07/2004,GNV,FL,ASO,ES,Federal Contract Tower,9,32,51,9,101,0,0,97,5,102,9,32,148,14,203,76,124,200,403
10/08/2004,GNV,FL,ASO,ES,Federal Contract Tower,10,40,46,3,99,0,0,91,4,95,10,40,137,7,194,28,16,44,238
10/09/2004,GNV,FL,ASO,ES,Federal Contract Tower,10,23,114,0,147,0,1,120,0,121,10,24,234,0,268,48,0,48,316
10/10/2004,GNV,FL,ASO,ES,Federal Contract Tower,8,22,81,1,112,0,0,84,1,85,8,22,165,2,197,82,0,82,279
10/11/2004,GNV,FL,ASO,ES,Federal Contract Tower,10,32,42,2,86,0,0,38,0,38,10,32,80,2,124,6,0,6,130
10/12/2004,GNV,FL,ASO,ES,Federal Contract Tower,8,31,28,7,74,0,0,91,4,95,8,31,119,11,169,110,50,160,329
10/13/2004,GNV,FL,ASO,ES,Federal Contract Tower,10,27,31,7,75,0,1,85,7,93,10,28,116,14,168,120,0,120,288
10/14/2004,GNV,FL,ASO,ES,Federal Contract Tower,9,29,32,6,76,0,0,133,2,135,9,29,165,8,211,96,46,142,353
10/15/2004,GNV,FL,ASO,ES,Federal Contract Tower,11,34,32,10,87,0,0,42,10,52,11,34,74,20,139,46,0,46,185
10/16/2004,GNV,FL,ASO,ES,Federal Contract Tower,8,11,36,5,60,0,0,120,0,120,8,11,156,5,180,34,12,46,226
10/17/2004,GNV,FL,ASO,ES,Federal Contract Tower,10,22,42,5,79,0,0,124,5,129,10,22,166,10,208,146,0,146,354
10/18/2004,GNV,FL,ASO,ES,Federal Contract Tower,7,24,34,9,74,0,0,82,13,95,7,24,116,22,169,66,22,88,257
10/19/2004,GNV,FL,ASO,ES,Federal Contract Tower,7,33,34,4,78,0,0,75,5,80,7,33,109,9,158,120,30,150,308
10/20/2004,GNV,FL,ASO,ES,Federal Contract Tower,9,33,34,3,79,0,0,87,5,92,9,33,121,8,171,110,22,132,303
10/21/2004,GNV,FL,ASO,ES,Federal Contract Tower,10,31,65,6,112,0,0,67,0,67,10,31,132,6,179,74,0,74,253
10/22/2004,GNV,FL,ASO,ES,Federal Contract Tower,8,35,45,15,103,0,4,80,3,87,8,39,125,18,190,46,0,46,236
10/23/2004,GNV,FL,ASO,ES,Federal Contract Tower,9,14,27,13,63,0,1,126,12,139,9,15,153,25,202,106,20,126,328
10/24/2004,GNV,FL,ASO,ES,Federal Contract Tower,6,21,40,4,71,0,0,116,3,119,6,21,156,7,190,82,4,86,276
10/25/2004,GNV,FL,ASO,ES,Federal Contract Tower,8,33,30,2,73,0,0,73,5,78,8,33,103,7,151,120,18,138,289
10/26/2004,GNV,FL,ASO,ES,Federal Contract Tower,8,33,36,0,77,0,0,90,3,93,8,33,126,3,170,160,8,168,338
10/27/2004,GNV,FL,ASO,ES,Federal Contract Tower,9,32,30,7,78,0,0,91,5,96,9,32,121,12,174,120,16,136,310
10/28/2004,GNV,FL,ASO,ES,Federal Contract Tower,10,32,55,11,108,0,0,69,6,75,10,32,124,17,183,142,10,152,335
10/29/2004,GNV,FL,ASO,ES,Federal Contract Tower,8,29,52,4,93,0,1,57,2,60,8,30,109,6,153,56,0,56,209
10/30/2004,GNV,FL,ASO,ES,Federal Contract Tower,8,13,23,2,46,0,0,43,0,43,8,13,66,2,89,32,0,32,121
10/31/2004,GNV,FL,ASO,ES,Federal Contract Tower,8,16,29,12,65,0,0,32,6,38,8,16,61,18,103,28,0,28,131
11/01/2004,GNV,FL,ASO,ES,Federal Contract Tower,10,29,37,4,80,0,0,67,0,67,10,29,104,4,147,72,44,116,263
11/02/2004,GNV,FL,ASO,ES,Federal Contract Tower,7,37,26,5,75,0,0,92,4,96,7,37,118,9,171,90,18,108,279
11/03/2004,GNV,FL,ASO,ES,Federal Contract Tower,13,29,37,0,79,0,0,118,6,124,13,29,155,6,203,130,40,170,373
11/04/2004,GNV,FL,ASO,ES,Federal Contract Tower,11,34,30,13,88,0,1,62,7,70,11,35,92,20,158,24,16,40,198
11/05/2004,GNV,FL,ASO,ES,Federal Contract Tower,13,32,44,6,95,0,0,115,4,119,13,32,159,10,214,85,32,117,331
11/06/2004,GNV,FL,ASO,ES,Federal Contract Tower,12,9,31,17,69,0,0,124,12,136,12,9,155,29,205,120,24,144,349
11/07/2004,GNV,FL,ASO,ES,Federal Contract Tower,11,17,53,8,89,0,0,137,0,137,11,17,190,8,226,98,0,98,324
11/08/2004,GNV,FL,ASO,ES,Federal Contract Tower,10,29,29,0,68,0,0,92,2,94,10,29,121,2,162,74,0,74,236
11/09/2004,GNV,FL,ASO,ES,Federal Contract Tower,11,30,27,0,68,0,0,63,1,64,11,30,90,1,132,130,74,204,336
11/10/2004,GNV,FL,ASO,ES,Federal Contract Tower,10,33,26,2,71,0,1,87,1,89,10,34,113,3,160,140,12,152,312
11/11/2004,GNV,FL,ASO,ES,Federal Contract Tower,9,32,50,6,97,0,1,114,0,115,9,33,164,6,212,110,0,110,322
11/12/2004,GNV,FL,ASO,ES,Federal Contract Tower,10,30,44,5,89,0,0,105,3,108,10,30,149,8,197,52,2,54,251
11/13/2004,GNV,FL,ASO,ES,Federal Contract Tower,11,9,69,2,91,0,0,68,2,70,11,9,137,4,161,20,4,24,185
11/14/2004,GNV,FL,ASO,ES,Federal Contract Tower,11,15,42,5,73,0,0,17,2,19,11,15,59,7,92,10,0,10,102
11/15/2004,GNV,FL,ASO,ES,Federal Contract Tower,8,29,44,3,84,0,0,55,5,60,8,29,99,8,144,62,64,126,270
11/16/2004,GNV,FL,ASO,ES,Federal Contract Tower,11,34,35,3,83,0,0,139,4,143,11,34,174,7,226,180,46,226,452
11/17/2004,GNV,FL,ASO,ES,Federal Contract Tower,11,30,28,3,72,0,0,118,6,124,11,30,146,9,196,164,70,234,430
11/18/2004,GNV,FL,ASO,ES,Federal Contract Tower,11,33,47,12,103,0,0,110,10,120,11,33,157,22,223,94,30,124,347
11/19/2004,GNV,FL,ASO,ES,Federal Contract Tower,10,30,56,10,106,0,0,122,2,124,10,30,178,12,230,154,0,154,384
11/20/2004,GNV,FL,ASO,ES,Federal Contract Tower,8,11,28,0,47,0,4,105,0,109,8,15,133,0,156,182,0,182,338
11/21/2004,GNV,FL,ASO,ES,Federal Contract Tower,10,15,29,3,57,0,0,78,2,80,10,15,107,5,137,20,0,20,157
11/22/2004,GNV,FL,ASO,ES,Federal Contract Tower,10,22,27,5,64,0,0,60,2,62,10,22,87,7,126,104,76,180,306
11/23/2004,GNV,FL,ASO,ES,Federal Contract Tower,10,27,22,19,78,0,0,113,20,133,10,27,135,39,211,190,44,234,445
11/24/2004,GNV,FL,ASO,ES,Federal Contract Tower,5,27,36,4,72,0,0,54,4,58,5,27,90,8,130,60,10,70,200
11/25/2004,GNV,FL,ASO,ES,Federal Contract Tower,11,19,41,0,71,0,0,66,0,66,11,19,107,0,137,0,0,0,137
11/26/2004,GNV,FL,ASO,ES,Federal Contract Tower,10,27,20,0,57,0,0,110,0,110,10,27,130,0,167,54,0,54,221
11/27/2004,GNV,FL,ASO,ES,Federal Contract Tower,8,8,39,1,56,0,0,58,1,59,8,8,97,2,115,34,8,42,157
11/28/2004,GNV,FL,ASO,ES,Federal Contract Tower,11,21,81,0,113,0,0,86,0,86,11,21,167,0,199,106,0,106,305
11/29/2004,GNV,FL,ASO,ES,Federal Contract Tower,13,23,38,9,83,1,0,76,10,87,14,23,114,19,170,60,20,80,250
11/30/2004,GNV,FL,ASO,ES,Federal Contract Tower,8,39,42,5,94,0,0,81,13,94,8,39,123,18,188,60,10,70,258
12/01/2004,GNV,FL,ASO,ES,Federal Contract Tower,11,36,29,1,77,0,0,45,7,52,11,36,74,8,129,60,30,90,219
12/02/2004,GNV,FL,ASO,ES,Federal Contract Tower,12,28,35,3,78,0,0,103,4,107,12,28,138,7,185,94,6,100,285
12/03/2004,GNV,FL,ASO,ES,Federal Contract Tower,11,33,30,3,77,0,1,79,3,83,11,34,109,6,160,78,6,84,244
12/04/2004,GNV,FL,ASO,ES,Federal Contract Tower,9,7,67,0,83,0,0,76,0,76,9,7,143,0,159,126,0,126,285
12/05/2004,GNV,FL,ASO,ES,Federal Contract Tower,9,16,30,5,60,0,0,92,3,95,9,16,122,8,155,88,14,102,257
12/06/2004,GNV,FL,ASO,ES,Federal Contract Tower,6,27,32,4,69,0,0,64,5,69,6,27,96,9,138,100,54,154,292
12/07/2004,GNV,FL,ASO,ES,Federal Contract Tower,10,29,40,3,82,0,0,70,2,72,10,29,110,5,154,90,40,130,284
12/08/2004,GNV,FL,ASO,ES,Federal Contract Tower,11,29,53,6,99,0,0,104,2,106,11,29,157,8,205,120,20,140,345
12/09/2004,GNV,FL,ASO,ES,Federal Contract Tower,12,30,33,8,83,0,0,100,7,107,12,30,133,15,190,80,40,120,310
12/10/2004,GNV,FL,ASO,ES,Federal Contract Tower,14,27,31,7,79,0,0,52,7,59,14,27,83,14,138,76,38,114,252
12/11/2004,GNV,FL,ASO,ES,Federal Contract Tower,9,10,23,0,42,0,0,82,1,83,9,10,105,1,125,26,0,26,151
12/12/2004,GNV,FL,ASO,ES,Federal Contract Tower,14,22,35,0,71,0,0,97,0,97,14,22,132,0,168,82,0,82,250
12/13/2004,GNV,FL,ASO,ES,Federal Contract Tower,12,21,29,16,78,0,0,98,12,110,12,21,127,28,188,60,18,78,266
12/14/2004,GNV,FL,ASO,ES,Federal Contract Tower,10,35,27,6,78,0,0,91,2,93,10,35,118,8,171,28,10,38,209
12/15/2004,GNV,FL,ASO,ES,Federal Contract Tower,10,29,39,6,84,0,0,81,1,82,10,29,120,7,166,98,2,100,266
12/16/2004,GNV,FL,ASO,ES,Federal Contract Tower,10,30,46,0,86,0,0,103,3,106,10,30,149,3,192,62,26,88,280
12/17/2004,GNV,FL,ASO,ES,Federal Contract Tower,12,27,47,7,93,0,0,85,3,88,12,27,132,10,181,94,14,108,289
12/18/2004,GNV,FL,ASO,ES,Federal Contract Tower,9,10,56,0,75,0,0,99,0,99,9,10,155,0,174,92,0,92,266
12/19/2004,GNV,FL,ASO,ES,Federal Contract Tower,8,24,24,1,57,1,0,47,0,48,9,24,71,1,105,70,0,70,175
12/20/2004,GNV,FL,ASO,ES,Federal Contract Tower,11,22,19,9,61,0,0,68,2,70,11,22,87,11,131,104,2,106,237
12/21/2004,GNV,FL,ASO,ES,Federal Contract Tower,11,30,24,5,70,0,0,78,6,84,11,30,102,11,154,90,36,126,280
12/22/2004,GNV,FL,ASO,ES,Federal Contract Tower,11,31,28,8,78,0,0,72,6,78,11,31,100,14,156,112,12,124,280
12/23/2004,GNV,FL,ASO,ES,Federal Contract Tower,12,22,22,0,56,0,0,14,0,14,12,22,36,0,70,0,0,0,70
12/24/2004,GNV,FL,ASO,ES,Federal Contract Tower,12,24,23,0,59,0,0,30,0,30,12,24,53,0,89,10,0,10,99
12/25/2004,GNV,FL,ASO,ES,Federal Contract Tower,9,8,6,0,23,0,0,0,0,0,9,8,6,0,23,0,0,0,23
12/26/2004,GNV,FL,ASO,ES,Federal Contract Tower,10,12,24,0,46,0,0,14,0,14,10,12,38,0,60,0,0,0,60
12/27/2004,GNV,FL,ASO,ES,Federal Contract Tower,11,28,20,0,59,0,0,73,1,74,11,28,93,1,133,14,4,18,151
12/28/2004,GNV,FL,ASO,ES,Federal Contract Tower,11,23,20,0,54,0,0,85,0,85,11,23,105,0,139,70,0,70,209
12/29/2004,GNV,FL,ASO,ES,Federal Contract Tower,10,29,25,4,68,0,0,82,2,84,10,29,107,6,152,74,4,78,230
12/30/2004,GNV,FL,ASO,ES,Federal Contract Tower,12,26,35,0,73,0,0,110,0,110,12,26,145,0,183,118,0,118,301
12/31/2004,GNV,FL,ASO,ES,Federal Contract Tower,11,21,22,0,54,0,0,65,0,65,11,21,87,0,119,102,0,102,221
01/01/2005,GNV,FL,ASO,ES,Federal Contract Tower,8,12,14,0,34,0,0,74,0,74,8,12,88,0,108,18,0,18,126
01/02/2005,GNV,FL,ASO,ES,Federal Contract Tower,11,15,27,0,53,0,0,67,0,67,11,15,94,0,120,100,0,100,220
01/03/2005,GNV,FL,ASO,ES,Federal Contract Tower,10,19,26,0,55,0,0,55,0,55,10,19,81,0,110,60,0,60,170
01/04/2005,GNV,FL,ASO,ES,Federal Contract Tower,11,27,17,4,59,0,0,48,6,54,11,27,65,10,113,22,10,32,145
01/05/2005,GNV,FL,ASO,ES,Federal Contract Tower,10,33,36,14,93,0,0,66,13,79,10,33,102,27,172,64,40,104,276
01/06/2005,GNV,FL,ASO,ES,Federal Contract Tower,12,34,40,4,90,0,0,62,4,66,12,34,102,8,156,54,0,54,210
01/07/2005,GNV,FL,ASO,ES,Federal Contract Tower,9,33,50,30,122,0,0,61,31,92,9,33,111,61,214,54,22,76,290
01/08/2005,GNV,FL,ASO,ES,Federal Contract Tower,12,13,39,0,64,0,0,67,0,67,12,13,106,0,131,70,0,70,201
01/09/2005,GNV,FL,ASO,ES,Federal Contract Tower,10,16,33,13,72,0,144,80,5,229,10,160,113,18,301,40,14,54,355
01/10/2005,GNV,FL,ASO,ES,Federal Contract Tower,11,25,48,15,99,0,0,54,24,78,11,25,102,39,177,70,0,70,247
01/11/2005,GNV,FL,ASO,ES,Federal Contract Tower,10,30,40,6,86,0,0,61,3,64,10,30,101,9,150,94,52,146,296
01/12/2005,GNV,FL,ASO,ES,Federal Contract Tower,11,33,45,21,110,0,0,83,12,95,11,33,128,33,205,58,40,98,303
01/13/2005,GNV,FL,ASO,ES,Federal Contract Tower,9,35,34,10,88,0,0,55,5,60,9,35,89,15,148,26,0,26,174
01/14/2005,GNV,FL,ASO,ES,Federal Contract Tower,10,33,33,15,91,0,0,34,4,38,10,33,67,19,129,46,14,60,189
01/15/2005,GNV,FL,ASO,ES,Federal Contract Tower,9,14,50,4,77,0,0,16,4,20,9,14,66,8,97,2,0,2,99
01/16/2005,GNV,FL,ASO,ES,Federal Contract Tower,11,17,51,0,79,0,0,61,0,61,11,17,112,0,140,90,0,90,230
01/17/2005,GNV,FL,ASO,ES,Federal Contract Tower,11,29,31,4,75,0,0,95,0,95,11,29,126,4,170,38,12,50,220
01/18/2005,GNV,FL,ASO,ES,Federal Contract Tower,10,30,27,0,67,0,1,66,8,75,10,31,93,8,142,66,8,74,216
01/19/2005,GNV,FL,ASO,ES,Federal Contract Tower,10,30,30,5,75,0,0,102,3,105,10,30,132,8,180,70,0,70,250
01/20/2005,GNV,FL,ASO,ES,Federal Contract Tower,10,25,43,16,94,0,0,105,11,116,10,25,148,27,210,94,20,114,324
01/21/2005,GNV,FL,ASO,ES,Federal Contract Tower,8,35,42,6,91,0,0,69,8,77,8,35,111,14,168,62,12,74,242
01/22/2005,GNV,FL,ASO,ES,Federal Contract Tower,9,15,53,14,91,0,0,61,7,68,9,15,114,21,159,36,0,36,195
01/23/2005,GNV,FL,ASO,ES,Federal Contract Tower,11,15,34,10,70,0,0,53,7,60,11,15,87,17,130,0,0,0,130
01/24/2005,GNV,FL,ASO,ES,Federal Contract Tower,10,28,21,23,82,1,0,94,22,117,11,28,115,45,199,90,60,150,349
01/25/2005,GNV,FL,ASO,ES,Federal Contract Tower,12,37,25,2,76,0,6,63,9,78,12,43,88,11,154,48,58,106,260
01/26/2005,GNV,FL,ASO,ES,Federal Contract Tower,8,35,52,10,105,0,0,71,10,81,8,35,123,20,186,104,0,104,290
01/27/2005,GNV,FL,ASO,ES,Federal Contract Tower,10,41,55,2,108,0,0,47,6,53,10,41,102,8,161,20,0,20,181
01/28/2005,GNV,FL,ASO,ES,Federal Contract Tower,7,34,54,6,101,0,0,13,6,19,7,34,67,12,120,48,0,48,168
01/29/2005,GNV,FL,ASO,ES,Federal Contract Tower,0,14,40,8,62,0,0,43,0,43,0,14,83,8,105,66,0,66,171
01/30/2005,GNV,FL,ASO,ES,Federal Contract Tower,2,24,38,18,82,0,0,52,4,56,2,24,90,22,138,42,8,50,188
01/31/2005,GNV,FL,ASO,ES,Federal Contract Tower,11,33,39,12,95,0,0,42,7,49,11,33,81,19,144,40,0,40,184
02/01/2005,GNV,FL,ASO,ES,Federal Contract Tower,13,32,38,10,93,0,0,64,9,73,13,32,102,19,166,32,8,40,206
02/02/2005,GNV,FL,ASO,ES,Federal Contract Tower,9,32,36,5,82,0,0,11,1,12,9,32,47,6,94,18,0,18,112
02/03/2005,GNV,FL,ASO,ES,Federal Contract Tower,14,39,44,1,98,0,0,19,1,20,14,39,63,2,118,8,0,8,126
02/04/2005,GNV,FL,ASO,ES,Federal Contract Tower,13,31,57,8,109,0,1,60,0,61,13,32,117,8,170,32,0,32,202
02/05/2005,GNV,FL,ASO,ES,Federal Contract Tower,11,21,22,4,58,0,0,95,0,95,11,21,117,4,153,98,0,98,251
02/06/2005,GNV,FL,ASO,ES,Federal Contract Tower,12,25,20,0,57,0,2,76,0,78,12,27,96,0,135,80,0,80,215
02/07/2005,GNV,FL,ASO,ES,Federal Contract Tower,11,33,37,13,94,0,0,76,8,84,11,33,113,21,178,60,54,114,292
02/08/2005,GNV,FL,ASO,ES,Federal Contract Tower,10,34,51,16,111,0,0,146,23,169,10,34,197,39,280,118,74,192,472
02/09/2005,GNV,FL,ASO,ES,Federal Contract Tower,11,39,38,13,101,0,0,109,13,122,11,39,147,26,223,98,80,178,401
02/10/2005,GNV,FL,ASO,ES,Federal Contract Tower,11,33,41,5,90,0,0,78,10,88,11,33,119,15,178,16,116,132,310
02/11/2005,GNV,FL,ASO,ES,Federal Contract Tower,11,43,54,13,121,0,0,126,8,134,11,43,180,21,255,84,16,100,355
02/12/2005,GNV,FL,ASO,ES,Federal Contract Tower,11,16,44,8,79,0,0,106,0,106,11,16,150,8,185,134,4,138,323
02/13/2005,GNV,FL,ASO,ES,Federal Contract Tower,10,20,31,15,76,0,0,113,13,126,10,20,144,28,202,52,10,62,264
02/14/2005,GNV,FL,ASO,ES,Federal Contract Tower,8,31,21,6,66,0,0,61,6,67,8,31,82,12,133,26,0,26,159
02/15/2005,GNV,FL,ASO,ES,Federal Contract Tower,5,34,45,13,97,0,0,61,13,74,5,34,106,26,171,44,10,54,225
02/16/2005,GNV,FL,ASO,ES,Federal Contract Tower,11,37,44,8,100,0,0,103,11,114,11,37,147,19,214,64,16,80,294
02/17/2005,GNV,FL,ASO,ES,Federal Contract Tower,12,35,55,0,102,0,0,62,6,68,12,35,117,6,170,102,0,102,272
02/18/2005,GNV,FL,ASO,ES,Federal Contract Tower,11,32,37,6,86,0,0,94,7,101,11,32,131,13,187,72,8,80,267
02/19/2005,GNV,FL,ASO,ES,Federal Contract Tower,11,17,52,11,91,0,0,133,12,145,11,17,185,23,236,106,14,120,356
02/20/2005,GNV,FL,ASO,ES,Federal Contract Tower,9,26,36,11,82,0,0,106,3,109,9,26,142,14,191,60,0,60,251
02/21/2005,GNV,FL,ASO,ES,Federal Contract Tower,10,27,34,3,74,0,0,58,2,60,10,27,92,5,134,20,0,20,154
02/22/2005,GNV,FL,ASO,ES,Federal Contract Tower,10,34,44,9,97,0,0,59,6,65,10,34,103,15,162,47,32,79,241
02/23/2005,GNV,FL,ASO,ES,Federal Contract Tower,10,35,58,4,107,0,0,78,3,81,10,35,136,7,188,52,2,54,242
02/24/2005,GNV,FL,ASO,ES,Federal Contract Tower,10,33,46,4,93,0,0,45,1,46,10,33,91,5,139,60,0,60,199
02/25/2005,GNV,FL,ASO,ES,Federal Contract Tower,11,38,48,21,118,0,0,0,0,0,11,38,48,21,118,0,0,0,118
02/26/2005,GNV,FL,ASO,ES,Federal Contract Tower,13,16,49,1,79,0,0,39,0,39,13,16,88,1,118,58,0,58,176
02/27/2005,GNV,FL,ASO,ES,Federal Contract Tower,8,32,24,2,66,0,0,0,0,0,8,32,24,2,66,0,0,0,66
02/28/2005,GNV,FL,ASO,ES,Federal Contract Tower,11,34,37,14,96,0,0,41,22,63,11,34,78,36,159,0,6,6,165
03/01/2005,GNV,FL,ASO,ES,Federal Contract Tower,11,41,29,8,89,0,0,47,11,58,11,41,76,19,147,4,56,60,207
03/02/2005,GNV,FL,ASO,ES,Federal Contract Tower,10,34,38,4,86,0,0,77,9,86,10,34,115,13,172,68,12,80,252
03/03/2005,GNV,FL,ASO,ES,Federal Contract Tower,9,39,34,3,85,0,0,25,5,30,9,39,59,8,115,34,0,34,149
03/04/2005,GNV,FL,ASO,ES,Federal Contract Tower,8,36,67,20,131,0,0,113,16,129,8,36,180,36,260,92,10,102,362
03/05/2005,GNV,FL,ASO,ES,Federal Contract Tower,8,16,46,2,72,0,0,173,0,173,8,16,219,2,245,112,0,112,357
03/06/2005,GNV,FL,ASO,ES,Federal Contract Tower,10,28,64,2,104,0,0,124,0,124,10,28,188,2,228,62,0,62,290
03/07/2005,GNV,FL,ASO,ES,Federal Contract Tower,8,34,46,4,92,0,0,105,4,109,8,34,151,8,201,90,100,190,391
03/08/2005,GNV,FL,ASO,ES,Federal Contract Tower,11,31,25,33,100,0,0,33,11,44,11,31,58,44,144,6,30,36,180
03/09/2005,GNV,FL,ASO,ES,Federal Contract Tower,10,36,36,10,92,0,0,72,7,79,10,36,108,17,171,90,50,140,311
03/10/2005,GNV,FL,ASO,ES,Federal Contract Tower,8,38,47,4,97,0,0,110,4,114,8,38,157,8,211,104,16,120,331
03/11/2005,GNV,FL,ASO,ES,Federal Contract Tower,8,44,48,24,124,0,0,111,25,136,8,44,159,49,260,102,78,180,440
03/12/2005,GNV,FL,ASO,ES,Federal Contract Tower,8,14,39,0,61,0,0,105,0,105,8,14,144,0,166,88,0,88,254
03/13/2005,GNV,FL,ASO,ES,Federal Contract Tower,7,23,44,10,84,0,0,92,3,95,7,23,136,13,179,44,0,44,223
03/14/2005,GNV,FL,ASO,ES,Federal Contract Tower,9,31,26,0,66,0,0,32,1,33,9,31,58,1,99,30,0,30,129
03/15/2005,GNV,FL,ASO,ES,Federal Contract Tower,7,30,56,5,98,0,3,3,1,7,7,33,59,6,105,24,0,24,129
03/16/2005,GNV,FL,ASO,ES,Federal Contract Tower,11,33,19,0,63,0,0,6,0,6,11,33,25,0,69,10,0,10,79
03/17/2005,GNV,FL,ASO,ES,Federal Contract Tower,7,40,35,0,82,0,0,0,0,0,7,40,35,0,82,0,0,0,82
03/18/2005,GNV,FL,ASO,ES,Federal Contract Tower,8,42,73,18,141,0,0,62,14,76,8,42,135,32,217,30,48,78,295
03/19/2005,GNV,FL,ASO,ES,Federal Contract Tower,8,19,53,15,95,0,0,158,11,169,8,19,211,26,264,92,44,136,400
03/20/2005,GNV,FL,ASO,ES,Federal Contract Tower,10,30,68,19,127,0,2,158,9,169,10,32,226,28,296,80,0,80,376
03/21/2005,GNV,FL,ASO,ES,Federal Contract Tower,6,40,28,9,83,0,0,71,11,82,6,40,99,20,165,80,38,118,283
03/22/2005,GNV,FL,ASO,ES,Federal Contract Tower,5,37,14,0,56,0,0,16,0,16,5,37,30,0,72,22,0,22,94
03/23/2005,GNV,FL,ASO,ES,Federal Contract Tower,9,38,51,19,117,0,4,60,0,64,9,42,111,19,181,72,2,74,255
03/24/2005,GNV,FL,ASO,ES,Federal Contract Tower,8,36,82,11,137,0,0,149,4,153,8,36,231,15,290,118,6,124,414
03/25/2005,GNV,FL,ASO,ES,Federal Contract Tower,8,28,82,0,118,0,0,25,0,25,8,28,107,0,143,0,0,0,143
03/26/2005,GNV,FL,ASO,ES,Federal Contract Tower,8,14,27,0,49,0,0,18,0,18,8,14,45,0,67,6,0,6,73
03/27/2005,GNV,FL,ASO,ES,Federal Contract Tower,4,21,22,0,47,0,0,14,0,14,4,21,36,0,61,18,0,18,79
03/28/2005,GNV,FL,ASO,ES,Federal Contract Tower,7,36,30,6,79,0,0,42,0,42,7,36,72,6,121,18,10,28,149
03/29/2005,GNV,FL,ASO,ES,Federal Contract Tower,8,37,53,4,102,0,0,174,2,176,8,37,227,6,278,142,30,172,450
03/30/2005,GNV,FL,ASO,ES,Federal Contract Tower,8,36,41,1,86,0,1,186,4,191,8,37,227,5,277,124,52,176,453
03/31/2005,GNV,FL,ASO,ES,Federal Contract Tower,6,44,51,8,109,0,0,146,1,147,6,44,197,9,256,12,6,18,274
04/01/2005,GNV,FL,ASO,ES,Federal Contract Tower,4,39,38,13,94,0,0,53,7,60,4,39,91,20,154,54,0,54,208
04/02/2005,GNV,FL,ASO,ES,Federal Contract Tower,6,15,15,7,43,0,0,39,7,46,6,15,54,14,89,8,0,8,97
04/03/2005,GNV,FL,ASO,ES,Federal Contract Tower,6,21,65,2,94,0,0,133,1,134,6,21,198,3,228,76,2,78,306
04/04/2005,GNV,FL,ASO,ES,Federal Contract Tower,6,32,25,7,70,0,0,129,3,132,6,32,154,10,202,112,0,112,314
04/05/2005,GNV,FL,ASO,ES,Federal Contract Tower,6,39,28,31,104,0,0,114,22,136,6,39,142,53,240,182,54,236,476
04/06/2005,GNV,FL,ASO,ES,Federal Contract Tower,7,35,61,22,125,0,4,106,12,122,7,39,167,34,247,166,68,234,481
04/07/2005,GNV,FL,ASO,ES,Federal Contract Tower,8,40,23,0,71,0,0,4,0,4,8,40,27,0,75,12,0,12,87
04/08/2005,GNV,FL,ASO,ES,Federal Contract Tower,6,40,59,23,128,0,0,110,19,129,6,40,169,42,257,50,16,66,323
04/09/2005,GNV,FL,ASO,ES,Federal Contract Tower,6,19,72,10,107,0,0,151,0,151,6,19,223,10,258,176,10,186,444
04/10/2005,GNV,FL,ASO,ES,Federal Contract Tower,4,25,55,18,102,0,0,133,13,146,4,25,188,31,248,104,6,110,358
04/11/2005,GNV,FL,ASO,ES,Federal Contract Tower,5,33,34,8,80,0,0,136,4,140,5,33,170,12,220,92,0,92,312
04/12/2005,GNV,FL,ASO,ES,Federal Contract Tower,6,41,54,11,112,0,0,91,7,98,6,41,145,18,210,128,134,262,472
04/13/2005,GNV,FL,ASO,ES,Federal Contract Tower,6,43,54,17,120,0,0,90,29,119,6,43,144,46,239,62,158,220,459
04/14/2005,GNV,FL,ASO,ES,Federal Contract Tower,6,40,48,28,122,0,1,127,11,139,6,41,175,39,261,150,42,192,453
04/15/2005,GNV,FL,ASO,ES,Federal Contract Tower,6,37,35,5,83,0,0,113,9,122,6,37,148,14,205,20,18,38,243
04/16/2005,GNV,FL,ASO,ES,Federal Contract Tower,6,20,33,1,60,0,0,105,0,105,6,20,138,1,165,34,4,38,203
04/17/2005,GNV,FL,ASO,ES,Federal Contract Tower,6,24,38,10,78,0,0,108,2,110,6,24,146,12,188,46,0,46,234
04/18/2005,GNV,FL,ASO,ES,Federal Contract Tower,6,39,40,17,102,0,0,122,9,131,6,39,162,26,233,152,38,190,423
04/19/2005,GNV,FL,ASO,ES,Federal Contract Tower,6,49,42,16,113,0,0,150,15,165,6,49,192,31,278,226,24,250,528
04/20/2005,GNV,FL,ASO,ES,Federal Contract Tower,6,39,27,7,79,0,0,122,4,126,6,39,149,11,205,212,0,212,417
04/21/2005,GNV,FL,ASO,ES,Federal Contract Tower,7,40,42,8,97,0,1,166,4,171,7,41,208,12,268,68,88,156,424
04/22/2005,GNV,FL,ASO,ES,Federal Contract Tower,4,39,59,49,151,0,0,124,23,147,4,39,183,72,298,84,18,102,400
04/23/2005,GNV,FL,ASO,ES,Federal Contract Tower,4,22,23,0,49,0,0,43,0,43,4,22,66,0,92,54,0,54,146
04/24/2005,GNV,FL,ASO,ES,Federal Contract Tower,6,23,36,2,67,0,0,95,3,98,6,23,131,5,165,56,0,56,221
04/25/2005,GNV,FL,ASO,ES,Federal Contract Tower,6,39,48,10,103,0,0,115,0,115,6,39,163,10,218,190,54,244,462
04/26/2005,GNV,FL,ASO,ES,Federal Contract Tower,6,47,44,10,107,0,0,45,4,49,6,47,89,14,156,36,12,48,204
04/27/2005,GNV,FL,ASO,ES,Federal Contract Tower,6,44,52,8,110,0,0,68,3,71,6,44,120,11,181,98,0,98,279
04/28/2005,GNV,FL,ASO,ES,Federal Contract Tower,6,44,61,9,120,0,0,136,11,147,6,44,197,20,267,80,94,174,441
04/29/2005,GNV,FL,ASO,ES,Federal Contract Tower,6,41,36,5,88,1,2,110,7,120,7,43,146,12,208,130,10,140,348
04/30/2005,GNV,FL,ASO,ES,Federal Contract Tower,0,15,61,4,80,0,0,78,2,80,0,15,139,6,160,54,0,54,214
05/01/2005,GNV,FL,ASO,ES,Federal Contract Tower,6,25,37,8,76,0,0,27,4,31,6,25,64,12,107,12,0,12,119
05/02/2005,GNV,FL,ASO,ES,Federal Contract Tower,6,35,36,18,95,0,2,63,0,65,6,37,99,18,160,68,28,96,256
05/03/2005,GNV,FL,ASO,ES,Federal Contract Tower,6,43,33,16,98,0,0,99,11,110,6,43,132,27,208,102,92,194,402
05/04/2005,GNV,FL,ASO,ES,Federal Contract Tower,6,42,24,3,75,0,0,22,1,23,6,42,46,4,98,6,0,6,104
05/05/2005,GNV,FL,ASO,ES,Federal Contract Tower,4,39,30,0,73,0,0,8,0,8,4,39,38,0,81,0,0,0,81
05/06/2005,GNV,FL,ASO,ES,Federal Contract Tower,6,39,71,7,123,0,0,72,4,76,6,39,143,11,199,72,0,72,271
05/07/2005,GNV,FL,ASO,ES,Federal Contract Tower,8,21,31,2,62,0,0,106,0,106,8,21,137,2,168,60,0,60,228
05/08/2005,GNV,FL,ASO,ES,Federal Contract Tower,6,26,20,6,58,0,0,88,3,91,6,26,108,9,149,44,0,44,193
05/09/2005,GNV,FL,ASO,ES,Federal Contract Tower,7,32,35,7,81,0,0,89,3,92,7,32,124,10,173,40,0,40,213
05/10/2005,GNV,FL,ASO,ES,Federal Contract Tower,6,41,41,9,97,0,0,91,10,101,6,41,132,19,198,96,36,132,330
05/11/2005,GNV,FL,ASO,ES,Federal Contract Tower,6,42,52,11,111,0,0,93,12,105,6,42,145,23,216,118,10,128,344
05/12/2005,GNV,FL,ASO,ES,Federal Contract Tower,6,40,45,10,101,0,0,98,10,108,6,40,143,20,209,90,64,154,363
05/13/2005,GNV,FL,ASO,ES,Federal Contract Tower,6,40,46,6,98,0,0,96,12,108,6,40,142,18,206,74,10,84,290
05/14/2005,GNV,FL,ASO,ES,Federal Contract Tower,6,16,20,0,42,0,0,124,0,124,6,16,144,0,166,130,0,130,296
05/15/2005,GNV,FL,ASO,ES,Federal Contract Tower,6,24,31,1,62,0,0,67,1,68,6,24,98,2,130,88,0,88,218
05/16/2005,GNV,FL,ASO,ES,Federal Contract Tower,6,40,20,13,79,0,0,67,7,74,6,40,87,20,153,12,12,24,177
05/17/2005,GNV,FL,ASO,ES,Federal Contract Tower,6,43,40,11,100,0,1,86,13,100,6,44,126,24,200,78,68,146,346
05/18/2005,GNV,FL,ASO,ES,Federal Contract Tower,6,47,34,6,93,0,3,91,3,97,6,50,125,9,190,86,0,86,276
05/19/2005,GNV,FL,ASO,ES,Federal Contract Tower,8,38,33,2,81,0,0,63,2,65,8,38,96,4,146,68,4,72,218
05/20/2005,GNV,FL,ASO,ES,Federal Contract Tower,6,29,29,11,75,0,0,103,0,103,6,29,132,11,178,100,50,150,328
05/21/2005,GNV,FL,ASO,ES,Federal Contract Tower,6,22,21,2,51,0,1,46,2,49,6,23,67,4,100,36,0,36,136
05/22/2005,GNV,FL,ASO,ES,Federal Contract Tower,6,22,33,0,61,0,0,82,2,84,6,22,115,2,145,36,0,36,181
05/23/2005,GNV,FL,ASO,ES,Federal Contract Tower,6,35,36,3,80,0,0,90,4,94,6,35,126,7,174,20,62,82,256
05/24/2005,GNV,FL,ASO,ES,Federal Contract Tower,6,45,36,7,94,0,0,70,39,109,6,45,106,46,203,78,34,112,315
05/25/2005,GNV,FL,ASO,ES,Federal Contract Tower,6,47,38,14,105,0,0,93,2,95,6,47,131,16,200,84,0,84,284
05/26/2005,GNV,FL,ASO,ES,Federal Contract Tower,6,41,60,21,128,0,0,148,17,165,6,41,208,38,293,98,0,98,391
05/27/2005,GNV,FL,ASO,ES,Federal Contract Tower,7,41,53,2,103,0,0,127,0,127,7,41,180,2,230,100,0,100,330
05/28/2005,GNV,FL,ASO,ES,Federal Contract Tower,6,18,44,0,68,1,0,117,0,118,7,18,161,0,186,100,0,100,286
05/29/2005,GNV,FL,ASO,ES,Federal Contract Tower,6,26,18,0,50,0,0,51,0,51,6,26,69,0,101,48,0,48,149
05/30/2005,GNV,FL,ASO,ES,Federal Contract Tower,6,30,32,0,68,0,0,32,0,32,6,30,64,0,100,46,0,46,146
05/31/2005,GNV,FL,ASO,ES,Federal Contract Tower,5,36,21,2,64,0,0,29,0,29,5,36,50,2,93,42,0,42,135
06/01/2005,GNV,FL,ASO,ES,Federal Contract Tower,2,47,33,8,90,0,0,56,3,59,2,47,89,11,149,72,30,102,251
06/02/2005,GNV,FL,ASO,ES,Federal Contract Tower,4,44,47,4,99,0,0,57,0,57,4,44,104,4,156,34,0,34,190
06/03/2005,GNV,FL,ASO,ES,Federal Contract Tower,7,41,32,4,84,0,0,68,2,70,7,41,100,6,154,52,10,62,216
06/04/2005,GNV,FL,ASO,ES,Federal Contract Tower,4,16,71,0,91,0,0,65,0,65,4,16,136,0,156,68,0,68,224
06/05/2005,GNV,FL,ASO,ES,Federal Contract Tower,4,30,32,5,71,0,0,92,1,93,4,30,124,6,164,68,0,68,232
06/06/2005,GNV,FL,ASO,ES,Federal Contract Tower,4,35,58,6,103,0,0,88,2,90,4,35,146,8,193,18,0,18,211
06/07/2005,GNV,FL,ASO,ES,Federal Contract Tower,7,44,60,5,116,0,0,72,2,74,7,44,132,7,190,58,0,58,248
06/08/2005,GNV,FL,ASO,ES,Federal Contract Tower,6,45,25,0,76,0,0,54,0,54,6,45,79,0,130,58,0,58,188
06/09/2005,GNV,FL,ASO,ES,Federal Contract Tower,6,40,49,0,95,0,0,46,2,48,6,40,95,2,143,26,0,26,169
06/10/2005,GNV,FL,ASO,ES,Federal Contract Tower,6,43,41,1,91,0,0,14,3,17,6,43,55,4,108,0,0,0,108
06/11/2005,GNV,FL,ASO,ES,Federal Contract Tower,8,15,11,0,34,0,0,10,0,10,8,15,21,0,44,0,0,0,44
06/12/2005,GNV,FL,ASO,ES,Federal Contract Tower,6,25,38,0,69,0,0,8,1,9,6,25,46,1,78,20,0,20,98
06/13/2005,GNV,FL,ASO,ES,Federal Contract Tower,6,43,36,4,89,0,0,35,3,38,6,43,71,7,127,14,2,16,143
06/14/2005,GNV,FL,ASO,ES,Federal Contract Tower,6,37,38,1,82,0,0,66,0,66,6,37,104,1,148,54,0,54,202
06/15/2005,GNV,FL,ASO,ES,Federal Contract Tower,9,42,36,0,87,0,0,74,0,74,9,42,110,0,161,66,0,66,227
06/16/2005,GNV,FL,ASO,ES,Federal Contract Tower,7,40,56,7,110,0,0,74,4,78,7,40,130,11,188,56,10,66,254
06/17/2005,GNV,FL,ASO,ES,Federal Contract Tower,6,40,28,19,93,0,0,112,21,133,6,40,140,40,226,100,10,110,336
06/18/2005,GNV,FL,ASO,ES,Federal Contract Tower,4,19,15,0,38,0,1,62,0,63,4,20,77,0,101,70,0,70,171
06/19/2005,GNV,FL,ASO,ES,Federal Contract Tower,6,24,28,0,58,0,0,60,0,60,6,24,88,0,118,98,0,98,216
06/20/2005,GNV,FL,ASO,ES,Federal Contract Tower,6,28,30,15,79,0,0,80,8,88,6,28,110,23,167,68,0,68,235
06/21/2005,GNV,FL,ASO,ES,Federal Contract Tower,4,37,27,12,80,0,0,95,6,101,4,37,122,18,181,98,20,118,299
06/22/2005,GNV,FL,ASO,ES,Federal Contract Tower,10,37,37,4,88,0,1,70,6,77,10,38,107,10,165,64,22,86,251
06/23/2005,GNV,FL,ASO,ES,Federal Contract Tower,6,40,68,8,122,0,0,132,26,158,6,40,200,34,280,90,44,134,414
06/24/2005,GNV,FL,ASO,ES,Federal Contract Tower,4,36,36,5,81,0,0,81,1,82,4,36,117,6,163,50,8,58,221
06/25/2005,GNV,FL,ASO,ES,Federal Contract Tower,6,17,31,0,54,0,0,41,0,41,6,17,72,0,95,36,0,36,131
06/26/2005,GNV,FL,ASO,ES,Federal Contract Tower,4,24,24,2,54,0,0,69,7,76,4,24,93,9,130,70,14,84,214
06/27/2005,GNV,FL,ASO,ES,Federal Contract Tower,4,40,28,14,86,0,0,20,3,23,4,40,48,17,109,16,6,22,131
06/28/2005,GNV,FL,ASO,ES,Federal Contract Tower,6,37,32,10,85,0,0,39,0,39,6,37,71,10,124,14,0,14,138
06/29/2005,GNV,FL,ASO,ES,Federal Contract Tower,6,40,33,0,79,0,0,20,0,20,6,40,53,0,99,22,0,22,121
06/30/2005,GNV,FL,ASO,ES,Federal Contract Tower,6,40,36,0,82,0,0,38,0,38,6,40,74,0,120,24,0,24,144
07/01/2005,GNV,FL,ASO,ES,Federal Contract Tower,5,40,34,3,82,0,0,49,5,54,5,40,83,8,136,30,0,30,166
07/02/2005,GNV,FL,ASO,ES,Federal Contract Tower,6,18,26,0,50,0,0,51,0,51,6,18,77,0,101,50,0,50,151
07/03/2005,GNV,FL,ASO,ES,Federal Contract Tower,5,21,15,0,41,0,2,28,0,30,5,23,43,0,71,0,0,0,71
07/04/2005,GNV,FL,ASO,ES,Federal Contract Tower,1,27,33,0,61,0,0,76,1,77,1,27,109,1,138,90,0,90,228
07/05/2005,GNV,FL,ASO,ES,Federal Contract Tower,7,35,37,12,91,0,0,112,3,115,7,35,149,15,206,82,0,82,288
07/06/2005,GNV,FL,ASO,ES,Federal Contract Tower,9,38,39,0,86,0,0,98,0,98,9,38,137,0,184,24,0,24,208
07/07/2005,GNV,FL,ASO,ES,Federal Contract Tower,7,36,30,0,73,0,0,108,0,108,7,36,138,0,181,62,0,62,243
07/08/2005,GNV,FL,ASO,ES,Federal Contract Tower,7,39,23,3,72,0,0,52,3,55,7,39,75,6,127,16,0,16,143
07/09/2005,GNV,FL,ASO,ES,Federal Contract Tower,3,15,9,2,29,0,0,11,0,11,3,15,20,2,40,0,0,0,40
07/10/2005,GNV,FL,ASO,ES,Federal Contract Tower,7,14,6,0,27,0,0,2,0,2,7,14,8,0,29,0,0,0,29
07/11/2005,GNV,FL,ASO,ES,Federal Contract Tower,3,33,30,9,75,0,0,40,7,47,3,33,70,16,122,118,26,144,266
07/12/2005,GNV,FL,ASO,ES,Federal Contract Tower,7,37,31,1,76,0,0,73,5,78,7,37,104,6,154,58,24,82,236
07/13/2005,GNV,FL,ASO,ES,Federal Contract Tower,8,41,31,0,80,0,0,62,0,62,8,41,93,0,142,8,0,8,150
07/14/2005,GNV,FL,ASO,ES,Federal Contract Tower,3,37,25,0,65,0,0,89,0,89,3,37,114,0,154,54,0,54,208
07/15/2005,GNV,FL,ASO,ES,Federal Contract Tower,5,34,29,3,71,0,0,68,6,74,5,34,97,9,145,34,20,54,199
07/16/2005,GNV,FL,ASO,ES,Federal Contract Tower,5,16,21,1,43,0,0,98,0,98,5,16,119,1,141,50,0,50,191
07/17/2005,GNV,FL,ASO,ES,Federal Contract Tower,7,23,30,0,60,0,0,90,0,90,7,23,120,0,150,102,0,102,252
07/18/2005,GNV,FL,ASO,ES,Federal Contract Tower,8,32,53,6,99,0,0,100,11,111,8,32,153,17,210,78,24,102,312
07/19/2005,GNV,FL,ASO,ES,Federal Contract Tower,5,36,29,11,81,0,0,101,14,115,5,36,130,25,196,86,0,86,282
07/20/2005,GNV,FL,ASO,ES,Federal Contract Tower,4,42,47,11,104,0,0,126,13,139,4,42,173,24,243,58,20,78,321
07/21/2005,GNV,FL,ASO,ES,Federal Contract Tower,5,47,28,3,83,0,0,92,3,95,5,47,120,6,178,64,16,80,258
07/22/2005,GNV,FL,ASO,ES,Federal Contract Tower,7,36,27,13,83,0,0,75,10,85,7,36,102,23,168,80,6,86,254
07/23/2005,GNV,FL,ASO,ES,Federal Contract Tower,7,19,20,0,46,0,0,50,0,50,7,19,70,0,96,54,0,54,150
07/24/2005,GNV,FL,ASO,ES,Federal Contract Tower,7,27,31,0,65,0,0,76,0,76,7,27,107,0,141,96,0,96,237
07/25/2005,GNV,FL,ASO,ES,Federal Contract Tower,7,33,49,2,91,0,2,59,4,65,7,35,108,6,156,130,8,138,294
07/26/2005,GNV,FL,ASO,ES,Federal Contract Tower,7,37,28,13,85,0,0,106,17,123,7,37,134,30,208,156,12,168,376
07/27/2005,GNV,FL,ASO,ES,Federal Contract Tower,7,38,48,12,105,0,0,84,8,92,7,38,132,20,197,112,0,112,309
07/28/2005,GNV,FL,ASO,ES,Federal Contract Tower,8,40,41,14,103,0,0,82,0,82,8,40,123,14,185,130,0,130,315
07/29/2005,GNV,FL,ASO,ES,Federal Contract Tower,5,38,42,7,92,1,0,61,4,66,6,38,103,11,158,54,0,54,212
07/30/2005,GNV,FL,ASO,ES,Federal Contract Tower,7,24,34,3,68,0,0,66,1,67,7,24,100,4,135,58,0,58,193
07/31/2005,GNV,FL,ASO,ES,Federal Contract Tower,7,22,42,7,78,0,0,60,4,64,7,22,102,11,142,32,0,32,174
08/01/2005,GNV,FL,ASO,ES,Federal Contract Tower,3,45,19,5,72,0,0,45,0,45,3,45,64,5,117,28,0,28,145
08/02/2005,GNV,FL,ASO,ES,Federal Contract Tower,3,41,38,16,98,0,5,60,11,76,3,46,98,27,174,102,6,108,282
08/03/2005,GNV,FL,ASO,ES,Federal Contract Tower,5,43,47,0,95,0,0,46,4,50,5,43,93,4,145,70,0,70,215
08/04/2005,GNV,FL,ASO,ES,Federal Contract Tower,5,52,37,5,99,0,0,42,3,45,5,52,79,8,144,42,20,62,206
08/05/2005,GNV,FL,ASO,ES,Federal Contract Tower,5,39,23,14,81,0,0,42,13,55,5,39,65,27,136,64,12,76,212
08/06/2005,GNV,FL,ASO,ES,Federal Contract Tower,5,17,25,8,55,0,1,71,9,81,5,18,96,17,136,72,0,72,208
08/07/2005,GNV,FL,ASO,ES,Federal Contract Tower,7,27,22,0,56,0,0,65,2,67,7,27,87,2,123,32,0,32,155
08/08/2005,GNV,FL,ASO,ES,Federal Contract Tower,5,36,21,5,67,0,0,42,0,42,5,36,63,5,109,28,0,28,137
08/09/2005,GNV,FL,ASO,ES,Federal Contract Tower,3,52,37,2,94,0,0,80,6,86,3,52,117,8,180,80,18,98,278
08/10/2005,GNV,FL,ASO,ES,Federal Contract Tower,2,45,36,3,86,0,0,73,1,74,2,45,109,4,160,120,0,120,280
08/11/2005,GNV,FL,ASO,ES,Federal Contract Tower,3,40,37,6,86,0,3,61,8,72,3,43,98,14,158,44,20,64,222
08/12/2005,GNV,FL,ASO,ES,Federal Contract Tower,5,38,29,17,89,0,0,85,19,104,5,38,114,36,193,44,22,66,259
08/13/2005,GNV,FL,ASO,ES,Federal Contract Tower,4,18,34,0,56,0,0,75,0,75,4,18,109,0,131,82,0,82,213
08/14/2005,GNV,FL,ASO,ES,Federal Contract Tower,4,24,36,0,64,0,0,87,0,87,4,24,123,0,151,74,0,74,225
08/15/2005,GNV,FL,ASO,ES,Federal Contract Tower,3,36,42,0,81,0,1,99,0,100,3,37,141,0,181,108,0,108,289
08/16/2005,GNV,FL,ASO,ES,Federal Contract Tower,3,42,32,8,85,0,0,85,7,92,3,42,117,15,177,100,32,132,309
08/17/2005,GNV,FL,ASO,ES,Federal Contract Tower,2,43,45,9,99,0,0,67,9,76,2,43,112,18,175,46,0,46,221
08/18/2005,GNV,FL,ASO,ES,Federal Contract Tower,4,48,43,6,101,0,0,81,6,87,4,48,124,12,188,52,20,72,260
08/19/2005,GNV,FL,ASO,ES,Federal Contract Tower,3,37,55,9,104,0,0,90,10,100,3,37,145,19,204,80,0,80,284
08/20/2005,GNV,FL,ASO,ES,Federal Contract Tower,2,18,23,0,43,0,0,60,0,60,2,18,83,0,103,106,0,106,209
08/21/2005,GNV,FL,ASO,ES,Federal Contract Tower,4,28,27,9,68,0,0,73,10,83,4,28,100,19,151,84,28,112,263
08/22/2005,GNV,FL,ASO,ES,Federal Contract Tower,4,34,44,0,82,0,0,69,1,70,4,34,113,1,152,110,12,122,274
08/23/2005,GNV,FL,ASO,ES,Federal Contract Tower,3,37,16,2,58,0,0,65,0,65,3,37,81,2,123,80,0,80,203
08/24/2005,GNV,FL,ASO,ES,Federal Contract Tower,3,44,49,2,98,0,0,62,0,62,3,44,111,2,160,62,30,92,252
08/25/2005,GNV,FL,ASO,ES,Federal Contract Tower,5,38,37,0,80,0,0,51,0,51,5,38,88,0,131,30,0,30,161
08/26/2005,GNV,FL,ASO,ES,Federal Contract Tower,4,40,13,5,62,0,0,22,6,28,4,40,35,11,90,14,0,14,104
08/27/2005,GNV,FL,ASO,ES,Federal Contract Tower,5,19,15,0,39,0,0,52,2,54,5,19,67,2,93,66,0,66,159
08/28/2005,GNV,FL,ASO,ES,Federal Contract Tower,1,23,18,0,42,0,0,52,0,52,1,23,70,0,94,116,0,116,210
08/29/2005,GNV,FL,ASO,ES,Federal Contract Tower,4,37,26,0,67,0,0,78,0,78,4,37,104,0,145,54,0,54,199
08/30/2005,GNV,FL,ASO,ES,Federal Contract Tower,5,47,18,1,71,0,0,42,3,45,5,47,60,4,116,40,0,40,156
08/31/2005,GNV,FL,ASO,ES,Federal Contract Tower,5,46,45,3,99,0,3,40,1,44,5,49,85,4,143,22,0,22,165
09/01/2005,GNV,FL,ASO,ES,Federal Contract Tower,4,39,42,9,94,0,1,40,5,46,4,40,82,14,140,74,2,76,216
09/02/2005,GNV,FL,ASO,ES,Federal Contract Tower,5,44,42,20,111,0,0,95,12,107,5,44,137,32,218,102,0,102,320
09/03/2005,GNV,FL,ASO,ES,Federal Contract Tower,7,26,57,2,92,0,0,126,3,129,7,26,183,5,221,20,0,20,241
09/04/2005,GNV,FL,ASO,ES,Federal Contract Tower,4,25,34,0,63,0,3,71,0,74,4,28,105,0,137,90,0,90,227
09/05/2005,GNV,FL,ASO,ES,Federal Contract Tower,5,32,47,2,86,0,0,87,0,87,5,32,134,2,173,58,0,58,231
09/06/2005,GNV,FL,ASO,ES,Federal Contract Tower,7,34,25,0,66,0,0,27,0,27,7,34,52,0,93,0,0,0,93
09/07/2005,GNV,FL,ASO,ES,Federal Contract Tower,7,48,26,5,86,0,0,10,1,11,7,48,36,6,97,18,0,18,115
09/08/2005,GNV,FL,ASO,ES,Federal Contract Tower,7,42,21,8,78,0,0,16,7,23,7,42,37,15,101,0,0,0,101
09/09/2005,GNV,FL,ASO,ES,Federal Contract Tower,8,42,43,9,102,0,0,50,3,53,8,42,93,12,155,20,0,20,175
09/10/2005,GNV,FL,ASO,ES,Federal Contract Tower,4,21,68,0,93,0,0,120,0,120,4,21,188,0,213,10,0,10,223
09/11/2005,GNV,FL,ASO,ES,Federal Contract Tower,7,26,41,0,74,0,0,94,0,94,7,26,135,0,168,100,0,100,268
09/12/2005,GNV,FL,ASO,ES,Federal Contract Tower,7,40,36,10,93,0,1,103,4,108,7,41,139,14,201,136,0,136,337
09/13/2005,GNV,FL,ASO,ES,Federal Contract Tower,7,36,36,3,82,0,1,121,5,127,7,37,157,8,209,152,18,170,379
09/14/2005,GNV,FL,ASO,ES,Federal Contract Tower,7,37,41,9,94,0,0,94,7,101,7,37,135,16,195,92,34,126,321
09/15/2005,GNV,FL,ASO,ES,Federal Contract Tower,7,47,41,7,102,0,0,76,7,83,7,47,117,14,185,68,24,92,277
09/16/2005,GNV,FL,ASO,ES,Federal Contract Tower,7,45,83,20,155,0,0,102,16,118,7,45,185,36,273,68,0,68,341
09/17/2005,GNV,FL,ASO,ES,Federal Contract Tower,5,44,176,0,225,0,0,82,1,83,5,44,258,1,308,44,0,44,352
09/18/2005,GNV,FL,ASO,ES,Federal Contract Tower,7,28,68,10,113,0,0,76,5,81,7,28,144,15,194,50,0,50,244
09/19/2005,GNV,FL,ASO,ES,Federal Contract Tower,7,36,38,2,83,0,0,80,2,82,7,36,118,4,165,74,4,78,243
09/20/2005,GNV,FL,ASO,ES,Federal Contract Tower,7,40,34,3,84,0,1,56,3,60,7,41,90,6,144,70,16,86,230
09/21/2005,GNV,FL,ASO,ES,Federal Contract Tower,7,43,28,5,83,0,0,14,4,18,7,43,42,9,101,18,0,18,119
09/22/2005,GNV,FL,ASO,ES,Federal Contract Tower,8,34,25,6,73,0,0,15,1,16,8,34,40,7,89,2,4,6,95
09/23/2005,GNV,FL,ASO,ES,Federal Contract Tower,9,37,17,7,70,0,0,41,2,43,9,37,58,9,113,0,0,0,113
09/24/2005,GNV,FL,ASO,ES,Federal Contract Tower,5,16,2,0,23,0,0,67,0,67,5,16,69,0,90,10,0,10,100
09/25/2005,GNV,FL,ASO,ES,Federal Contract Tower,6,28,16,2,52,0,0,46,0,46,6,28,62,2,98,0,0,0,98
09/26/2005,GNV,FL,ASO,ES,Federal Contract Tower,6,39,35,12,92,0,0,68,3,71,6,39,103,15,163,48,6,54,217
09/27/2005,GNV,FL,ASO,ES,Federal Contract Tower,6,46,49,1,102,0,1,82,2,85,6,47,131,3,187,70,0,70,257
09/28/2005,GNV,FL,ASO,ES,Federal Contract Tower,7,40,20,3,70,0,0,73,3,76,7,40,93,6,146,112,24,136,282
09/29/2005,GNV,FL,ASO,ES,Federal Contract Tower,7,43,29,2,81,0,0,88,0,88,7,43,117,2,169,150,2,152,321
09/30/2005,GNV,FL,ASO,ES,Federal Contract Tower,8,40,56,0,104,0,0,118,0,118,8,40,174,0,222,98,0,98,320
10/01/2005,GNV,FL,ASO,ES,Federal Contract Tower,6,15,17,0,38,0,0,67,0,67,6,15,84,0,105,48,0,48,153
10/02/2005,GNV,FL,ASO,ES,Federal Contract Tower,7,25,29,0,61,0,0,74,0,74,7,25,103,0,135,60,0,60,195
10/03/2005,GNV,FL,ASO,ES,Federal Contract Tower,7,35,44,7,93,0,0,40,1,41,7,35,84,8,134,28,6,34,168
10/04/2005,GNV,FL,ASO,ES,Federal Contract Tower,5,43,28,0,76,0,0,36,0,36,5,43,64,0,112,30,4,34,146
10/05/2005,GNV,FL,ASO,ES,Federal Contract Tower,7,32,29,0,68,0,0,9,0,9,7,32,38,0,77,26,0,26,103
10/06/2005,GNV,FL,ASO,ES,Federal Contract Tower,7,44,41,5,97,0,0,6,4,10,7,44,47,9,107,2,0,2,109
10/07/2005,GNV,FL,ASO,ES,Federal Contract Tower,9,48,63,10,130,0,0,27,7,34,9,48,90,17,164,4,0,4,168
10/08/2005,GNV,FL,ASO,ES,Federal Contract Tower,6,21,80,6,113,0,0,33,1,34,6,21,113,7,147,0,0,0,147
10/09/2005,GNV,FL,ASO,ES,Federal Contract Tower,5,23,53,1,82,0,0,34,0,34,5,23,87,1,116,36,0,36,152
10/10/2005,GNV,FL,ASO,ES,Federal Contract Tower,5,38,51,5,99,0,0,53,3,56,5,38,104,8,155,42,0,42,197
10/11/2005,GNV,FL,ASO,ES,Federal Contract Tower,4,42,54,7,107,0,0,49,5,54,4,42,103,12,161,116,0,116,277
10/12/2005,GNV,FL,ASO,ES,Federal Contract Tower,7,40,23,9,79,0,0,29,2,31,7,40,52,11,110,120,0,120,230
10/13/2005,GNV,FL,ASO,ES,Federal Contract Tower,7,40,45,9,101,0,0,25,7,32,7,40,70,16,133,78,26,104,237
10/14/2005,GNV,FL,ASO,ES,Federal Contract Tower,9,42,33,21,105,0,0,125,16,141,9,42,158,37,246,121,10,131,377
10/15/2005,GNV,FL,ASO,ES,Federal Contract Tower,5,15,11,2,33,0,3,121,0,124,5,18,132,2,157,78,6,84,241
10/16/2005,GNV,FL,ASO,ES,Federal Contract Tower,7,23,58,19,107,0,0,113,12,125,7,23,171,31,232,192,18,210,442
10/17/2005,GNV,FL,ASO,ES,Federal Contract Tower,7,33,29,13,82,0,1,101,4,106,7,34,130,17,188,176,2,178,366
10/18/2005,GNV,FL,ASO,ES,Federal Contract Tower,6,37,39,8,90,0,0,114,6,120,6,37,153,14,210,170,20,190,400
10/19/2005,GNV,FL,ASO,ES,Federal Contract Tower,7,44,47,3,101,0,0,69,9,78,7,44,116,12,179,92,12,104,283
10/20/2005,GNV,FL,ASO,ES,Federal Contract Tower,8,49,41,3,101,0,0,110,0,110,8,49,151,3,211,62,0,62,273
10/21/2005,GNV,FL,ASO,ES,Federal Contract Tower,7,37,38,0,82,0,0,49,0,49,7,37,87,0,131,66,0,66,197
10/22/2005,GNV,FL,ASO,ES,Federal Contract Tower,4,16,15,0,35,0,0,44,0,44,4,16,59,0,79,36,0,36,115
10/23/2005,GNV,FL,ASO,ES,Federal Contract Tower,7,30,49,0,86,0,0,31,0,31,7,30,80,0,117,70,0,70,187
10/24/2005,GNV,FL,ASO,ES,Federal Contract Tower,7,30,13,3,53,0,0,27,1,28,7,30,40,4,81,24,0,24,105
10/25/2005,GNV,FL,ASO,ES,Federal Contract Tower,6,30,21,4,61,0,0,121,2,123,6,30,142,6,184,60,24,84,268
10/26/2005,GNV,FL,ASO,ES,Federal Contract Tower,7,38,32,27,104,0,1,107,25,133,7,39,139,52,237,108,24,132,369
10/27/2005,GNV,FL,ASO,ES,Federal Contract Tower,5,41,31,10,87,0,0,140,8,148,5,41,171,18,235,106,0,106,341
10/28/2005,GNV,FL,ASO,ES,Federal Contract Tower,4,40,32,20,96,0,0,84,28,112,4,40,116,48,208,46,14,60,268
10/29/2005,GNV,FL,ASO,ES,Federal Contract Tower,7,17,30,5,59,0,0,67,1,68,7,17,97,6,127,114,4,118,245
10/30/2005,GNV,FL,ASO,ES,Federal Contract Tower,7,21,36,2,66,0,1,82,0,83,7,22,118,2,149,58,2,60,209
10/31/2005,GNV,FL,ASO,ES,Federal Contract Tower,7,33,33,6,79,0,1,87,5,93,7,34,120,11,172,62,6,68,240
11/01/2005,GNV,FL,ASO,ES,Federal Contract Tower,6,39,48,8,101,1,2,89,6,98,7,41,137,14,199,34,30,64,263
11/02/2005,GNV,FL,ASO,ES,Federal Contract Tower,5,41,29,4,79,0,0,81,4,85,5,41,110,8,164,106,18,124,288
11/03/2005,GNV,FL,ASO,ES,Federal Contract Tower,7,39,48,7,101,0,0,112,8,120,7,39,160,15,221,108,15,123,344
11/04/2005,GNV,FL,ASO,ES,Federal Contract Tower,9,43,60,18,130,0,0,118,20,138,9,43,178,38,268,56,26,82,350
11/05/2005,GNV,FL,ASO,ES,Federal Contract Tower,8,18,53,13,92,0,0,88,3,91,8,18,141,16,183,52,0,52,235
11/06/2005,GNV,FL,ASO,ES,Federal Contract Tower,6,25,54,0,85,0,0,108,2,110,6,25,162,2,195,70,0,70,265
11/07/2005,GNV,FL,ASO,ES,Federal Contract Tower,7,36,36,4,83,0,0,86,3,89,7,36,122,7,172,68,24,92,264
11/08/2005,GNV,FL,ASO,ES,Federal Contract Tower,5,45,39,19,108,0,0,143,0,143,5,45,182,19,251,120,48,168,419
11/09/2005,GNV,FL,ASO,ES,Federal Contract Tower,5,37,26,5,73,0,0,80,7,87,5,37,106,12,160,84,12,96,256
11/10/2005,GNV,FL,ASO,ES,Federal Contract Tower,7,43,42,3,95,0,0,66,8,74,7,43,108,11,169,136,2,138,307
11/11/2005,GNV,FL,ASO,ES,Federal Contract Tower,8,42,50,0,100,0,0,92,2,94,8,42,142,2,194,92,0,92,286
11/12/2005,GNV,FL,ASO,ES,Federal Contract Tower,7,28,25,1,61,0,2,143,1,146,7,30,168,2,207,48,0,48,255
11/13/2005,GNV,FL,ASO,ES,Federal Contract Tower,8,23,45,5,81,0,0,96,3,99,8,23,141,8,180,60,6,66,246
11/14/2005,GNV,FL,ASO,ES,Federal Contract Tower,7,41,52,3,103,0,0,104,2,106,7,41,156,5,209,102,28,130,339
11/15/2005,GNV,FL,ASO,ES,Federal Contract Tower,5,41,48,21,115,2,0,93,18,113,7,41,141,39,228,114,10,124,352
11/16/2005,GNV,FL,ASO,ES,Federal Contract Tower,5,37,49,13,104,0,0,84,3,87,5,37,133,16,191,122,0,122,313
11/17/2005,GNV,FL,ASO,ES,Federal Contract Tower,5,38,43,20,106,0,0,57,9,66,5,38,100,29,172,94,8,102,274
11/18/2005,GNV,FL,ASO,ES,Federal Contract Tower,6,47,30,15,98,0,0,108,6,114,6,47,138,21,212,64,0,64,276
11/19/2005,GNV,FL,ASO,ES,Federal Contract Tower,6,17,27,11,61,0,0,75,8,83,6,17,102,19,144,100,2,102,246
11/20/2005,GNV,FL,ASO,ES,Federal Contract Tower,6,23,40,8,77,0,0,28,5,33,6,23,68,13,110,32,0,32,142
11/21/2005,GNV,FL,ASO,ES,Federal Contract Tower,6,42,26,12,86,0,0,10,3,13,6,42,36,15,99,0,12,12,111
11/22/2005,GNV,FL,ASO,ES,Federal Contract Tower,7,39,46,46,138,0,0,58,48,106,7,39,104,94,244,50,26,76,320
11/23/2005,GNV,FL,ASO,ES,Federal Contract Tower,7,41,61,3,112,0,0,114,0,114,7,41,175,3,226,70,0,70,296
11/24/2005,GNV,FL,ASO,ES,Federal Contract Tower,3,28,16,0,47,0,0,43,0,43,3,28,59,0,90,6,0,6,96
11/25/2005,GNV,FL,ASO,ES,Federal Contract Tower,3,44,32,0,79,0,0,97,0,97,3,44,129,0,176,74,0,74,250
11/26/2005,GNV,FL,ASO,ES,Federal Contract Tower,4,24,97,0,125,0,0,101,0,101,4,24,198,0,226,34,0,34,260
11/27/2005,GNV,FL,ASO,ES,Federal Contract Tower,5,32,73,0,110,0,0,99,0,99,5,32,172,0,209,106,0,106,315
11/28/2005,GNV,FL,ASO,ES,Federal Contract Tower,5,34,19,3,61,0,0,7,1,8,5,34,26,4,69,4,0,4,73
11/29/2005,GNV,FL,ASO,ES,Federal Contract Tower,5,41,24,0,70,0,0,35,2,37,5,41,59,2,107,10,10,20,127
11/30/2005,GNV,FL,ASO,ES,Federal Contract Tower,5,37,32,18,92,0,0,133,9,142,5,37,165,27,234,112,6,118,352
12/01/2005,GNV,FL,ASO,ES,Federal Contract Tower,6,39,32,8,85,0,0,145,5,150,6,39,177,13,235,146,0,146,381
12/02/2005,GNV,FL,ASO,ES,Federal Contract Tower,6,43,37,14,100,0,0,67,13,80,6,43,104,27,180,132,10,142,322
12/03/2005,GNV,FL,ASO,ES,Federal Contract Tower,7,15,25,4,51,0,2,131,1,134,7,17,156,5,185,52,4,56,241
12/04/2005,GNV,FL,ASO,ES,Federal Contract Tower,6,21,37,0,64,0,0,87,4,91,6,21,124,4,155,44,8,52,207
12/05/2005,GNV,FL,ASO,ES,Federal Contract Tower,5,39,24,8,76,0,0,51,9,60,5,39,75,17,136,8,28,36,172
12/06/2005,GNV,FL,ASO,ES,Federal Contract Tower,6,37,39,27,109,0,0,91,21,112,6,37,130,48,221,130,60,190,411
12/07/2005,GNV,FL,ASO,ES,Federal Contract Tower,6,39,57,16,118,0,0,44,3,47,6,39,101,19,165,94,2,96,261
12/08/2005,GNV,FL,ASO,ES,Federal Contract Tower,4,39,56,15,114,0,0,5,13,18,4,39,61,28,132,0,0,0,132
12/09/2005,GNV,FL,ASO,ES,Federal Contract Tower,5,44,40,13,102,0,0,28,6,34,5,44,68,19,136,36,0,36,172
12/10/2005,GNV,FL,ASO,ES,Federal Contract Tower,3,16,45,2,66,0,11,106,1,118,3,27,151,3,184,150,0,150,334
12/11/2005,GNV,FL,ASO,ES,Federal Contract Tower,5,24,36,6,71,0,1,48,4,53,5,25,84,10,124,110,0,110,234
12/12/2005,GNV,FL,ASO,ES,Federal Contract Tower,6,31,35,14,86,0,0,101,9,110,6,31,136,23,196,90,0,90,286
12/13/2005,GNV,FL,ASO,ES,Federal Contract Tower,6,43,41,19,109,0,0,126,19,145,6,43,167,38,254,132,76,208,462
12/14/2005,GNV,FL,ASO,ES,Federal Contract Tower,5,39,62,13,119,0,0,118,10,128,5,39,180,23,247,82,30,112,359
12/15/2005,GNV,FL,ASO,ES,Federal Contract Tower,4,38,38,0,80,0,0,22,2,24,4,38,60,2,104,20,0,20,124
12/16/2005,GNV,FL,ASO,ES,Federal Contract Tower,5,43,43,15,106,0,0,127,24,151,5,43,170,39,257,52,32,84,341
12/17/2005,GNV,FL,ASO,ES,Federal Contract Tower,3,20,21,6,50,0,0,2,3,5,3,20,23,9,55,28,0,28,83
12/18/2005,GNV,FL,ASO,ES,Federal Contract Tower,5,21,27,3,56,0,0,1,1,2,5,21,28,4,58,0,0,0,58
12/19/2005,GNV,FL,ASO,ES,Federal Contract Tower,6,42,26,7,81,0,0,35,5,40,6,42,61,12,121,50,0,50,171
12/20/2005,GNV,FL,ASO,ES,Federal Contract Tower,6,40,40,10,96,0,0,82,10,92,6,40,122,20,188,116,12,128,316
12/21/2005,GNV,FL,ASO,ES,Federal Contract Tower,6,39,36,9,90,0,0,94,5,99,6,39,130,14,189,66,12,78,267
12/22/2005,GNV,FL,ASO,ES,Federal Contract Tower,6,37,28,10,81,0,0,68,5,73,6,37,96,15,154,94,10,104,258
12/23/2005,GNV,FL,ASO,ES,Federal Contract Tower,6,34,28,0,68,0,0,68,0,68,6,34,96,0,136,64,0,64,200
12/24/2005,GNV,FL,ASO,ES,Federal Contract Tower,2,26,10,0,38,0,0,35,0,35,2,26,45,0,73,32,0,32,105
12/25/2005,GNV,FL,ASO,ES,Federal Contract Tower,3,19,7,0,29,0,0,5,0,5,3,19,12,0,34,2,0,2,36
12/26/2005,GNV,FL,ASO,ES,Federal Contract Tower,5,22,30,0,57,0,0,48,0,48,5,22,78,0,105,20,0,20,125
12/27/2005,GNV,FL,ASO,ES,Federal Contract Tower,6,32,22,0,60,0,0,107,0,107,6,32,129,0,167,74,6,80,247
12/28/2005,GNV,FL,ASO,ES,Federal Contract Tower,7,29,34,0,70,0,0,36,0,36,7,29,70,0,106,32,0,32,138
12/29/2005,GNV,FL,ASO,ES,Federal Contract Tower,6,34,24,1,65,0,0,55,5,60,6,34,79,6,125,60,0,60,185
12/30/2005,GNV,FL,ASO,ES,Federal Contract Tower,6,31,36,0,73,0,0,110,0,110,6,31,146,0,183,46,0,46,229
12/31/2005,GNV,FL,ASO,ES,Federal Contract Tower,4,17,21,0,42,0,0,38,0,38,4,17,59,0,80,30,0,30,110
01/01/2006,GNV,FL,ASO,ES,Federal Contract Tower,4,19,23,0,46,0,0,53,0,53,4,19,76,0,99,18,0,18,117
01/02/2006,GNV,FL,ASO,ES,Federal Contract Tower,3,23,18,0,44,0,0,29,0,29,3,23,47,0,73,30,0,30,103
01/03/2006,GNV,FL,ASO,ES,Federal Contract Tower,6,33,43,3,85,0,0,63,1,64,6,33,106,4,149,38,0,38,187
01/04/2006,GNV,FL,ASO,ES,Federal Contract Tower,4,41,23,15,83,0,0,90,5,95,4,41,113,20,178,102,0,102,280
01/05/2006,GNV,FL,ASO,ES,Federal Contract Tower,6,40,57,18,121,0,0,56,23,79,6,40,113,41,200,10,44,54,254
01/06/2006,GNV,FL,ASO,ES,Federal Contract Tower,7,41,60,28,136,0,0,115,34,149,7,41,175,62,285,94,8,102,387
01/07/2006,GNV,FL,ASO,ES,Federal Contract Tower,3,24,33,8,68,0,0,130,5,135,3,24,163,13,203,98,34,132,335
01/08/2006,GNV,FL,ASO,ES,Federal Contract Tower,6,22,31,9,68,0,0,86,5,91,6,22,117,14,159,18,8,26,185
01/09/2006,GNV,FL,ASO,ES,Federal Contract Tower,6,32,26,3,67,0,0,92,0,92,6,32,118,3,159,170,0,170,329
01/10/2006,GNV,FL,ASO,ES,Federal Contract Tower,7,40,31,36,114,0,0,73,22,95,7,40,104,58,209,76,20,96,305
01/11/2006,GNV,FL,ASO,ES,Federal Contract Tower,9,35,38,2,84,0,0,89,4,93,9,35,127,6,177,68,6,74,251
01/12/2006,GNV,FL,ASO,ES,Federal Contract Tower,6,43,60,12,121,0,2,76,4,82,6,45,136,16,203,80,6,86,289
01/13/2006,GNV,FL,ASO,ES,Federal Contract Tower,6,36,43,17,102,0,0,48,1,49,6,36,91,18,151,14,2,16,167
01/14/2006,GNV,FL,ASO,ES,Federal Contract Tower,4,17,38,7,66,0,0,53,7,60,4,17,91,14,126,12,12,24,150
01/15/2006,GNV,FL,ASO,ES,Federal Contract Tower,6,26,19,7,58,0,3,76,5,84,6,29,95,12,142,90,16,106,248
01/16/2006,GNV,FL,ASO,ES,Federal Contract Tower,6,28,43,0,77,0,0,112,2,114,6,28,155,2,191,140,0,140,331
01/17/2006,GNV,FL,ASO,ES,Federal Contract Tower,6,37,33,4,80,0,0,61,3,64,6,37,94,7,144,76,0,76,220
01/18/2006,GNV,FL,ASO,ES,Federal Contract Tower,5,40,43,8,96,0,0,101,6,107,5,40,144,14,203,80,12,92,295
01/19/2006,GNV,FL,ASO,ES,Federal Contract Tower,5,44,36,4,89,0,0,145,6,151,5,44,181,10,240,112,4,116,356
01/20/2006,GNV,FL,ASO,ES,Federal Contract Tower,5,41,33,43,122,0,0,122,24,146,5,41,155,67,268,88,72,160,428
01/21/2006,GNV,FL,ASO,ES,Federal Contract Tower,3,18,24,2,47,0,1,85,5,91,3,19,109,7,138,74,12,86,224
01/22/2006,GNV,FL,ASO,ES,Federal Contract Tower,8,23,38,4,73,0,0,79,4,83,8,23,117,8,156,90,0,90,246
01/23/2006,GNV,FL,ASO,ES,Federal Contract Tower,6,39,33,9,87,0,0,42,8,50,6,39,75,17,137,30,10,40,177
01/24/2006,GNV,FL,ASO,ES,Federal Contract Tower,6,36,34,19,95,0,0,70,15,85,6,36,104,34,180,70,0,70,250
01/25/2006,GNV,FL,ASO,ES,Federal Contract Tower,5,45,41,6,97,0,0,154,3,157,5,45,195,9,254,48,0,48,302
01/26/2006,GNV,FL,ASO,ES,Federal Contract Tower,6,42,56,12,116,0,0,321,12,333,6,42,377,24,449,126,22,148,597
01/27/2006,GNV,FL,ASO,ES,Federal Contract Tower,5,42,42,13,102,0,0,135,3,138,5,42,177,16,240,34,0,34,274
01/28/2006,GNV,FL,ASO,ES,Federal Contract Tower,6,22,55,10,93,0,0,129,6,135,6,22,184,16,228,174,2,176,404
01/29/2006,GNV,FL,ASO,ES,Federal Contract Tower,8,19,29,8,64,0,0,64,9,73,8,19,93,17,137,4,4,8,145
01/30/2006,GNV,FL,ASO,ES,Federal Contract Tower,7,39,37,9,92,0,0,25,1,26,7,39,62,10,118,20,20,40,158
01/31/2006,GNV,FL,ASO,ES,Federal Contract Tower,6,37,56,13,112,0,1,145,14,160,6,38,201,27,272,196,0,196,468
02/01/2006,GNV,FL,ASO,ES,Federal Contract Tower,6,39,50,11,106,0,0,135,9,144,6,39,185,20,250,146,12,158,408
02/02/2006,GNV,FL,ASO,ES,Federal Contract Tower,6,36,32,2,76,0,0,13,2,15,6,36,45,4,91,18,0,18,109
02/03/2006,GNV,FL,ASO,ES,Federal Contract Tower,11,39,40,14,104,0,0,38,7,45,11,39,78,21,149,58,0,58,207
02/04/2006,GNV,FL,ASO,ES,Federal Contract Tower,7,24,47,7,85,0,0,68,6,74,7,24,115,13,159,86,22,108,267
02/05/2006,GNV,FL,ASO,ES,Federal Contract Tower,6,24,31,0,61,0,0,88,0,88,6,24,119,0,149,28,0,28,177
02/06/2006,GNV,FL,ASO,ES,Federal Contract Tower,6,37,27,11,81,0,0,144,6,150,6,37,171,17,231,110,0,110,341
02/07/2006,GNV,FL,ASO,ES,Federal Contract Tower,6,43,42,7,98,0,1,27,3,31,6,44,69,10,129,34,0,34,163
02/08/2006,GNV,FL,ASO,ES,Federal Contract Tower,5,39,56,18,118,0,0,161,9,170,5,39,217,27,288,94,0,94,382
02/09/2006,GNV,FL,ASO,ES,Federal Contract Tower,7,43,47,7,104,0,0,74,2,76,7,43,121,9,180,48,0,48,228
02/10/2006,GNV,FL,ASO,ES,Federal Contract Tower,6,37,38,19,100,0,0,126,22,148,6,37,164,41,248,82,2,84,332
02/11/2006,GNV,FL,ASO,ES,Federal Contract Tower,6,15,41,5,67,0,0,18,4,22,6,15,59,9,89,4,0,4,93
02/12/2006,GNV,FL,ASO,ES,Federal Contract Tower,6,23,17,8,54,0,0,51,9,60,6,23,68,17,114,20,26,46,160
02/13/2006,GNV,FL,ASO,ES,Federal Contract Tower,9,29,25,21,84,1,1,96,7,105,10,30,121,28,189,48,10,58,247
02/14/2006,GNV,FL,ASO,ES,Federal Contract Tower,6,38,25,7,76,0,1,95,3,99,6,39,120,10,175,50,26,76,251
02/15/2006,GNV,FL,ASO,ES,Federal Contract Tower,7,39,36,25,107,0,0,128,14,142,7,39,164,39,249,164,8,172,421
02/16/2006,GNV,FL,ASO,ES,Federal Contract Tower,7,38,67,22,134,0,0,138,5,143,7,38,205,27,277,176,14,190,467
02/17/2006,GNV,FL,ASO,ES,Federal Contract Tower,6,42,62,18,128,0,0,132,8,140,6,42,194,26,268,116,26,142,410
02/18/2006,GNV,FL,ASO,ES,Federal Contract Tower,5,22,49,1,77,0,0,173,4,177,5,22,222,5,254,156,2,158,412
02/19/2006,GNV,FL,ASO,ES,Federal Contract Tower,5,23,110,2,140,0,0,30,0,30,5,23,140,2,170,0,0,0,170
02/20/2006,GNV,FL,ASO,ES,Federal Contract Tower,5,38,43,11,97,0,0,81,0,81,5,38,124,11,178,112,0,112,290
02/21/2006,GNV,FL,ASO,ES,Federal Contract Tower,4,43,41,16,104,0,0,60,13,73,4,43,101,29,177,60,30,90,267
02/22/2006,GNV,FL,ASO,ES,Federal Contract Tower,3,40,55,6,104,0,0,68,13,81,3,40,123,19,185,154,22,176,361
02/23/2006,GNV,FL,ASO,ES,Federal Contract Tower,6,36,41,0,83,0,0,12,0,12,6,36,53,0,95,0,0,0,95
02/24/2006,GNV,FL,ASO,ES,Federal Contract Tower,6,38,61,21,126,0,0,92,21,113,6,38,153,42,239,94,32,126,365
02/25/2006,GNV,FL,ASO,ES,Federal Contract Tower,6,18,22,1,47,0,0,40,0,40,6,18,62,1,87,120,0,120,207
02/26/2006,GNV,FL,ASO,ES,Federal Contract Tower,9,25,29,14,77,0,0,59,20,79,9,25,88,34,156,30,12,42,198
02/27/2006,GNV,FL,ASO,ES,Federal Contract Tower,9,38,38,6,91,0,0,202,10,212,9,38,240,16,303,130,0,130,433
02/28/2006,GNV,FL,ASO,ES,Federal Contract Tower,4,42,41,21,108,0,0,143,8,151,4,42,184,29,259,119,72,191,450
03/01/2006,GNV,FL,ASO,ES,Federal Contract Tower,4,45,54,13,116,0,0,119,6,125,4,45,173,19,241,128,56,184,425
03/02/2006,GNV,FL,ASO,ES,Federal Contract Tower,6,44,42,18,110,0,0,92,3,95,6,44,134,21,205,54,32,86,291
03/03/2006,GNV,FL,ASO,ES,Federal Contract Tower,6,46,64,16,132,0,0,112,7,119,6,46,176,23,251,114,10,124,375
03/04/2006,GNV,FL,ASO,ES,Federal Contract Tower,4,23,23,4,54,0,0,104,2,106,4,23,127,6,160,112,3,115,275
03/05/2006,GNV,FL,ASO,ES,Federal Contract Tower,6,30,48,0,84,0,1,166,0,167,6,31,214,0,251,90,0,90,341
03/06/2006,GNV,FL,ASO,ES,Federal Contract Tower,5,40,50,8,103,0,9,115,13,137,5,49,165,21,240,64,0,64,304
03/07/2006,GNV,FL,ASO,ES,Federal Contract Tower,3,41,28,13,85,0,0,122,6,128,3,41,150,19,213,56,0,56,269
03/08/2006,GNV,FL,ASO,ES,Federal Contract Tower,4,40,49,7,100,0,0,111,3,114,4,40,160,10,214,148,0,148,362
03/09/2006,GNV,FL,ASO,ES,Federal Contract Tower,8,37,51,14,110,0,0,99,4,103,8,37,150,18,213,110,30,140,353
03/10/2006,GNV,FL,ASO,ES,Federal Contract Tower,6,39,61,36,142,0,0,87,17,104,6,39,148,53,246,22,12,34,280
03/11/2006,GNV,FL,ASO,ES,Federal Contract Tower,3,21,39,3,66,0,0,98,2,100,3,21,137,5,166,102,12,114,280
03/12/2006,GNV,FL,ASO,ES,Federal Contract Tower,6,28,41,20,95,0,0,84,15,99,6,28,125,35,194,92,22,114,308
03/13/2006,GNV,FL,ASO,ES,Federal Contract Tower,8,32,34,10,84,0,0,92,2,94,8,32,126,12,178,100,2,102,280
03/14/2006,GNV,FL,ASO,ES,Federal Contract Tower,4,39,34,7,84,0,0,32,4,36,4,39,66,11,120,26,0,26,146
03/15/2006,GNV,FL,ASO,ES,Federal Contract Tower,3,44,52,7,106,0,1,87,3,91,3,45,139,10,197,92,12,104,301
03/16/2006,GNV,FL,ASO,ES,Federal Contract Tower,8,43,46,14,111,0,0,138,13,151,8,43,184,27,262,66,4,70,332
03/17/2006,GNV,FL,ASO,ES,Federal Contract Tower,7,51,54,6,118,0,0,133,1,134,7,51,187,7,252,10,2,12,264
03/18/2006,GNV,FL,ASO,ES,Federal Contract Tower,4,19,49,2,74,0,0,125,2,127,4,19,174,4,201,62,2,64,265
03/19/2006,GNV,FL,ASO,ES,Federal Contract Tower,9,26,71,31,137,0,0,173,35,208,9,26,244,66,345,50,0,50,395
03/20/2006,GNV,FL,ASO,ES,Federal Contract Tower,7,39,34,24,104,0,0,99,18,117,7,39,133,42,221,64,6,70,291
03/21/2006,GNV,FL,ASO,ES,Federal Contract Tower,4,37,24,15,80,0,0,36,3,39,4,37,60,18,119,10,0,10,129
03/22/2006,GNV,FL,ASO,ES,Federal Contract Tower,6,42,47,13,108,0,0,122,8,130,6,42,169,21,238,140,20,160,398
03/23/2006,GNV,FL,ASO,ES,Federal Contract Tower,7,35,42,4,88,0,0,18,1,19,7,35,60,5,107,16,0,16,123
03/24/2006,GNV,FL,ASO,ES,Federal Contract Tower,6,39,54,15,114,0,0,85,14,99,6,39,139,29,213,40,10,50,263
03/25/2006,GNV,FL,ASO,ES,Federal Contract Tower,4,17,50,0,71,0,0,85,1,86,4,17,135,1,157,4,0,4,161
03/26/2006,GNV,FL,ASO,ES,Federal Contract Tower,6,22,44,13,85,0,0,121,2,123,6,22,165,15,208,48,1,49,257
03/27/2006,GNV,FL,ASO,ES,Federal Contract Tower,9,33,47,9,98,0,1,99,7,107,9,34,146,16,205,120,12,132,337
03/28/2006,GNV,FL,ASO,ES,Federal Contract Tower,4,45,51,12,112,0,0,127,10,137,4,45,178,22,249,124,14,138,387
03/29/2006,GNV,FL,ASO,ES,Federal Contract Tower,4,38,38,4,84,0,0,103,4,107,4,38,141,8,191,130,0,130,321
03/30/2006,GNV,FL,ASO,ES,Federal Contract Tower,8,49,33,7,97,0,0,85,3,88,8,49,118,10,185,66,6,72,257
03/31/2006,GNV,FL,ASO,ES,Federal Contract Tower,9,44,38,13,104,0,0,129,22,151,9,44,167,35,255,130,20,150,405
04/01/2006,GNV,FL,ASO,ES,Federal Contract Tower,3,20,38,0,61,0,0,115,0,115,3,20,153,0,176,94,0,94,270
04/02/2006,GNV,FL,ASO,ES,Federal Contract Tower,6,28,59,5,98,0,1,83,2,86,6,29,142,7,184,46,18,64,248
04/03/2006,GNV,FL,ASO,ES,Federal Contract Tower,4,35,47,10,96,0,1,106,4,111,4,36,153,14,207,88,18,106,313
04/04/2006,GNV,FL,ASO,ES,Federal Contract Tower,10,41,44,5,100,0,0,121,8,129,10,41,165,13,229,36,6,42,271
04/05/2006,GNV,FL,ASO,ES,Federal Contract Tower,4,45,40,10,99,0,0,104,13,117,4,45,144,23,216,168,0,168,384
04/06/2006,GNV,FL,ASO,ES,Federal Contract Tower,10,47,56,3,116,0,0,133,0,133,10,47,189,3,249,172,34,206,455
04/07/2006,GNV,FL,ASO,ES,Federal Contract Tower,5,38,39,6,88,0,0,119,2,121,5,38,158,8,209,48,0,48,257
04/08/2006,GNV,FL,ASO,ES,Federal Contract Tower,2,14,27,2,45,0,0,60,2,62,2,14,87,4,107,22,0,22,129
04/09/2006,GNV,FL,ASO,ES,Federal Contract Tower,6,24,57,4,91,0,0,55,1,56,6,24,112,5,147,14,2,16,163
04/10/2006,GNV,FL,ASO,ES,Federal Contract Tower,6,33,28,2,69,0,1,57,2,60,6,34,85,4,129,36,2,38,167
04/11/2006,GNV,FL,ASO,ES,Federal Contract Tower,4,37,25,6,72,0,0,89,9,98,4,37,114,15,170,40,8,48,218
04/12/2006,GNV,FL,ASO,ES,Federal Contract Tower,5,40,42,10,97,0,1,90,9,100,5,41,132,19,197,114,10,124,321
04/13/2006,GNV,FL,ASO,ES,Federal Contract Tower,5,36,55,21,117,0,0,100,10,110,5,36,155,31,227,124,32,156,383
04/14/2006,GNV,FL,ASO,ES,Federal Contract Tower,5,39,33,10,87,0,0,151,0,151,5,39,184,10,238,90,0,90,328
04/15/2006,GNV,FL,ASO,ES,Federal Contract Tower,2,18,21,0,41,0,0,128,0,128,2,18,149,0,169,106,0,106,275
04/16/2006,GNV,FL,ASO,ES,Federal Contract Tower,2,14,39,0,55,0,0,50,0,50,2,14,89,0,105,6,0,6,111
04/17/2006,GNV,FL,ASO,ES,Federal Contract Tower,3,30,37,14,84,0,0,52,4,56,3,30,89,18,140,26,0,26,166
04/18/2006,GNV,FL,ASO,ES,Federal Contract Tower,4,44,72,26,146,0,0,68,7,75,4,44,140,33,221,46,2,48,269
04/19/2006,GNV,FL,ASO,ES,Federal Contract Tower,1,46,39,26,112,0,0,109,17,126,1,46,148,43,238,112,16,128,366
04/20/2006,GNV,FL,ASO,ES,Federal Contract Tower,4,41,48,19,112,0,0,84,22,106,4,41,132,41,218,80,18,98,316
04/21/2006,GNV,FL,ASO,ES,Federal Contract Tower,7,39,51,19,116,0,0,0,0,0,7,39,51,19,116,7,39,46,162
04/22/2006,GNV,FL,ASO,ES,Federal Contract Tower,3,22,32,0,57,0,0,29,2,31,3,22,61,2,88,82,0,82,170
04/23/2006,GNV,FL,ASO,ES,Federal Contract Tower,4,23,43,9,79,0,0,92,3,95,4,23,135,12,174,64,26,90,264
04/24/2006,GNV,FL,ASO,ES,Federal Contract Tower,6,35,31,19,91,0,0,108,3,111,6,35,139,22,202,46,0,46,248
04/25/2006,GNV,FL,ASO,ES,Federal Contract Tower,4,39,36,2,81,0,0,91,0,91,4,39,127,2,172,48,0,48,220
04/26/2006,GNV,FL,ASO,ES,Federal Contract Tower,4,39,48,0,91,0,0,60,0,60,4,39,108,0,151,46,0,46,197
04/27/2006,GNV,FL,ASO,ES,Federal Contract Tower,6,37,41,14,98,0,0,40,8,48,6,37,81,22,146,10,0,10,156
04/28/2006,GNV,FL,ASO,ES,Federal Contract Tower,7,42,39,21,109,0,1,155,15,171,7,43,194,36,280,50,20,70,350
04/29/2006,GNV,FL,ASO,ES,Federal Contract Tower,2,20,46,10,78,0,0,77,4,81,2,20,123,14,159,30,11,41,200
04/30/2006,GNV,FL,ASO,ES,Federal Contract Tower,6,18,31,8,63,0,1,74,1,76,6,19,105,9,139,98,0,98,237
05/01/2006,GNV,FL,ASO,ES,Federal Contract Tower,4,40,54,20,118,0,0,86,9,95,4,40,140,29,213,50,34,84,297
05/02/2006,GNV,FL,ASO,ES,Federal Contract Tower,3,39,44,10,96,0,0,93,5,98,3,39,137,15,194,104,4,108,302
05/03/2006,GNV,FL,ASO,ES,Federal Contract Tower,4,38,37,5,84,0,0,108,1,109,4,38,145,6,193,112,32,144,337
05/04/2006,GNV,FL,ASO,ES,Federal Contract Tower,4,38,53,21,116,0,1,105,12,118,4,39,158,33,234,54,14,68,302
05/05/2006,GNV,FL,ASO,ES,Federal Contract Tower,5,32,68,18,123,0,0,107,5,112,5,32,175,23,235,60,94,154,389
05/06/2006,GNV,FL,ASO,ES,Federal Contract Tower,2,15,30,1,48,0,0,61,0,61,2,15,91,1,109,34,1,35,144
05/07/2006,GNV,FL,ASO,ES,Federal Contract Tower,4,23,30,4,61,0,0,70,5,75,4,23,100,9,136,70,1,71,207
05/08/2006,GNV,FL,ASO,ES,Federal Contract Tower,4,42,58,5,109,0,0,53,3,56,4,42,111,8,165,34,0,34,199
05/09/2006,GNV,FL,ASO,ES,Federal Contract Tower,2,42,39,1,84,0,0,65,2,67,2,42,104,3,151,44,2,46,197
05/10/2006,GNV,FL,ASO,ES,Federal Contract Tower,5,35,53,3,96,0,0,50,1,51,5,35,103,4,147,48,0,48,195
05/11/2006,GNV,FL,ASO,ES,Federal Contract Tower,3,35,32,2,72,1,0,14,4,19,4,35,46,6,91,0,0,0,91
05/12/2006,GNV,FL,ASO,ES,Federal Contract Tower,4,34,64,7,109,0,0,163,2,165,4,34,227,9,274,50,1,51,325
05/13/2006,GNV,FL,ASO,ES,Federal Contract Tower,2,15,44,11,72,0,0,102,0,102,2,15,146,11,174,78,0,78,252
05/14/2006,GNV,FL,ASO,ES,Federal Contract Tower,4,18,29,3,54,0,0,78,0,78,4,18,107,3,132,22,0,22,154
05/15/2006,GNV,FL,ASO,ES,Federal Contract Tower,4,27,36,12,79,0,0,74,2,76,4,27,110,14,155,44,12,56,211
05/16/2006,GNV,FL,ASO,ES,Federal Contract Tower,2,35,31,5,73,0,0,51,7,58,2,35,82,12,131,98,28,126,257
05/17/2006,GNV,FL,ASO,ES,Federal Contract Tower,4,34,68,35,141,0,0,95,17,112,4,34,163,52,253,94,22,116,369
05/18/2006,GNV,FL,ASO,ES,Federal Contract Tower,4,30,45,11,90,0,0,100,4,104,4,30,145,15,194,68,32,100,294
05/19/2006,GNV,FL,ASO,ES,Federal Contract Tower,4,32,37,16,89,0,0,91,2,93,4,32,128,18,182,34,0,34,216
05/20/2006,GNV,FL,ASO,ES,Federal Contract Tower,2,13,20,4,39,0,0,89,4,93,2,13,109,8,132,40,8,48,180
05/21/2006,GNV,FL,ASO,ES,Federal Contract Tower,3,23,24,1,51,0,0,85,1,86,3,23,109,2,137,66,0,66,203
05/22/2006,GNV,FL,ASO,ES,Federal Contract Tower,4,32,35,23,94,0,0,78,15,93,4,32,113,38,187,104,55,159,346
05/23/2006,GNV,FL,ASO,ES,Federal Contract Tower,2,34,39,19,94,0,0,54,12,66,2,34,93,31,160,32,68,100,260
05/24/2006,GNV,FL,ASO,ES,Federal Contract Tower,4,35,48,14,101,0,0,77,6,83,4,35,125,20,184,48,0,48,232
05/25/2006,GNV,FL,ASO,ES,Federal Contract Tower,4,35,42,5,86,0,0,80,4,84,4,35,122,9,170,82,14,96,266
05/26/2006,GNV,FL,ASO,ES,Federal Contract Tower,4,36,59,0,99,0,0,80,0,80,4,36,139,0,179,80,20,100,279
05/27/2006,GNV,FL,ASO,ES,Federal Contract Tower,2,16,18,8,44,0,0,98,7,105,2,16,116,15,149,104,0,104,253
05/28/2006,GNV,FL,ASO,ES,Federal Contract Tower,4,20,16,0,40,0,0,40,0,40,4,20,56,0,80,38,0,38,118
05/29/2006,GNV,FL,ASO,ES,Federal Contract Tower,4,26,34,0,64,0,0,59,0,59,4,26,93,0,123,36,0,36,159
05/30/2006,GNV,FL,ASO,ES,Federal Contract Tower,2,30,34,6,72,0,0,55,4,59,2,30,89,10,131,46,0,46,177
05/31/2006,GNV,FL,ASO,ES,Federal Contract Tower,4,37,47,3,91,0,0,78,7,85,4,37,125,10,176,74,0,74,250
06/01/2006,GNV,FL,ASO,ES,Federal Contract Tower,4,44,42,15,105,0,0,67,11,78,4,44,109,26,183,22,32,54,237
06/02/2006,GNV,FL,ASO,ES,Federal Contract Tower,2,36,45,7,90,0,0,92,8,100,2,36,137,15,190,48,16,64,254
06/03/2006,GNV,FL,ASO,ES,Federal Contract Tower,2,10,21,8,41,0,0,32,4,36,2,10,53,12,77,10,1,11,88
06/04/2006,GNV,FL,ASO,ES,Federal Contract Tower,1,23,43,0,67,0,0,95,0,95,1,23,138,0,162,68,6,74,236
06/05/2006,GNV,FL,ASO,ES,Federal Contract Tower,6,30,25,14,75,0,0,75,6,81,6,30,100,20,156,48,8,56,212
06/06/2006,GNV,FL,ASO,ES,Federal Contract Tower,2,37,34,7,80,0,0,125,10,135,2,37,159,17,215,68,10,78,293
06/07/2006,GNV,FL,ASO,ES,Federal Contract Tower,3,36,34,16,89,0,1,157,8,166,3,37,191,24,255,78,0,78,333
06/08/2006,GNV,FL,ASO,ES,Federal Contract Tower,5,36,35,26,102,0,1,115,18,134,5,37,150,44,236,100,44,144,380
06/09/2006,GNV,FL,ASO,ES,Federal Contract Tower,4,33,44,9,90,0,0,110,6,116,4,33,154,15,206,96,8,104,310
06/10/2006,GNV,FL,ASO,ES,Federal Contract Tower,0,14,13,3,30,0,0,105,2,107,0,14,118,5,137,56,11,67,204
06/11/2006,GNV,FL,ASO,ES,Federal Contract Tower,4,20,34,1,59,0,0,74,4,78,4,20,108,5,137,44,4,48,185
06/12/2006,GNV,FL,ASO,ES,Federal Contract Tower,2,32,16,2,52,0,0,11,2,13,2,32,27,4,65,32,0,32,97
06/13/2006,GNV,FL,ASO,ES,Federal Contract Tower,2,24,4,0,30,0,0,4,0,4,2,24,8,0,34,0,0,0,34
06/14/2006,GNV,FL,ASO,ES,Federal Contract Tower,4,35,51,12,102,0,0,88,10,98,4,35,139,22,200,100,126,226,426
06/15/2006,GNV,FL,ASO,ES,Federal Contract Tower,5,36,33,6,80,0,0,115,6,121,5,36,148,12,201,112,0,112,313
06/16/2006,GNV,FL,ASO,ES,Federal Contract Tower,4,37,37,14,92,0,1,104,7,112,4,38,141,21,204,122,32,154,358
06/17/2006,GNV,FL,ASO,ES,Federal Contract Tower,0,14,24,0,38,0,0,78,0,78,0,14,102,0,116,80,0,80,196
06/18/2006,GNV,FL,ASO,ES,Federal Contract Tower,4,15,46,14,79,0,0,80,3,83,4,15,126,17,162,74,0,74,236
06/19/2006,GNV,FL,ASO,ES,Federal Contract Tower,4,33,34,8,79,0,0,79,5,84,4,33,113,13,163,112,0,112,275
06/20/2006,GNV,FL,ASO,ES,Federal Contract Tower,4,32,31,5,72,0,1,86,3,90,4,33,117,8,162,172,0,172,334
06/21/2006,GNV,FL,ASO,ES,Federal Contract Tower,4,35,47,5,91,0,0,105,3,108,4,35,152,8,199,148,10,158,357
06/22/2006,GNV,FL,ASO,ES,Federal Contract Tower,4,33,43,13,93,0,0,120,4,124,4,33,163,17,217,108,6,114,331
06/23/2006,GNV,FL,ASO,ES,Federal Contract Tower,4,36,44,8,92,0,0,109,5,114,4,36,153,13,206,66,30,96,302
06/24/2006,GNV,FL,ASO,ES,Federal Contract Tower,0,15,25,0,40,0,0,70,0,70,0,15,95,0,110,92,0,92,202
06/25/2006,GNV,FL,ASO,ES,Federal Contract Tower,4,22,29,0,55,0,0,22,0,22,4,22,51,0,77,42,0,42,119
06/26/2006,GNV,FL,ASO,ES,Federal Contract Tower,4,27,43,6,80,0,0,32,2,34,4,27,75,8,114,14,0,14,128
06/27/2006,GNV,FL,ASO,ES,Federal Contract Tower,4,31,40,5,80,0,0,38,4,42,4,31,78,9,122,58,4,62,184
06/28/2006,GNV,FL,ASO,ES,Federal Contract Tower,4,30,57,8,99,0,0,77,4,81,4,30,134,12,180,118,16,134,314
06/29/2006,GNV,FL,ASO,ES,Federal Contract Tower,4,32,41,9,86,0,0,96,4,100,4,32,137,13,186,90,8,98,284
06/30/2006,GNV,FL,ASO,ES,Federal Contract Tower,4,35,38,2,79,0,0,108,4,112,4,35,146,6,191,128,20,148,339
07/01/2006,GNV,FL,ASO,ES,Federal Contract Tower,0,15,45,1,61,0,0,107,0,107,0,15,152,1,168,104,0,104,272
07/02/2006,GNV,FL,ASO,ES,Federal Contract Tower,2,23,33,0,58,0,0,43,0,43,2,23,76,0,101,64,0,64,165
07/03/2006,GNV,FL,ASO,ES,Federal Contract Tower,0,26,39,0,65,0,0,78,0,78,0,26,117,0,143,44,0,44,187
07/04/2006,GNV,FL,ASO,ES,Federal Contract Tower,2,25,28,0,55,0,0,66,1,67,2,25,94,1,122,56,0,56,178
07/05/2006,GNV,FL,ASO,ES,Federal Contract Tower,4,36,46,8,94,0,0,118,9,127,4,36,164,17,221,102,12,114,335
07/06/2006,GNV,FL,ASO,ES,Federal Contract Tower,3,33,23,10,69,1,1,81,11,94,4,34,104,21,163,54,10,64,227
07/07/2006,GNV,FL,ASO,ES,Federal Contract Tower,4,27,43,0,74,0,0,17,0,17,4,27,60,0,91,18,0,18,109
07/08/2006,GNV,FL,ASO,ES,Federal Contract Tower,0,16,24,2,42,0,0,62,3,65,0,16,86,5,107,84,0,84,191
07/09/2006,GNV,FL,ASO,ES,Federal Contract Tower,4,17,37,2,60,0,0,103,0,103,4,17,140,2,163,24,0,24,187
07/10/2006,GNV,FL,ASO,ES,Federal Contract Tower,2,27,34,9,72,0,0,88,5,93,2,27,122,14,165,78,10,88,253
07/11/2006,GNV,FL,ASO,ES,Federal Contract Tower,4,32,20,8,64,0,0,81,2,83,4,32,101,10,147,132,0,132,279
07/12/2006,GNV,FL,ASO,ES,Federal Contract Tower,4,34,22,9,69,0,0,57,3,60,4,34,79,12,129,34,0,34,163
07/13/2006,GNV,FL,ASO,ES,Federal Contract Tower,4,33,49,12,98,0,0,114,4,118,4,33,163,16,216,140,0,140,356
07/14/2006,GNV,FL,ASO,ES,Federal Contract Tower,4,29,43,12,88,0,0,111,8,119,4,29,154,20,207,196,2,198,405
07/15/2006,GNV,FL,ASO,ES,Federal Contract Tower,0,12,27,0,39,0,0,96,0,96,0,12,123,0,135,68,0,68,203
07/16/2006,GNV,FL,ASO,ES,Federal Contract Tower,4,15,25,18,62,0,0,66,11,77,4,15,91,29,139,42,8,50,189
07/17/2006,GNV,FL,ASO,ES,Federal Contract Tower,6,30,31,0,67,0,0,75,2,77,6,30,106,2,144,40,60,100,244
07/18/2006,GNV,FL,ASO,ES,Federal Contract Tower,4,29,37,0,70,0,1,81,3,85,4,30,118,3,155,122,6,128,283
07/19/2006,GNV,FL,ASO,ES,Federal Contract Tower,4,33,49,13,99,0,0,103,13,116,4,33,152,26,215,86,0,86,301
07/20/2006,GNV,FL,ASO,ES,Federal Contract Tower,2,34,25,3,64,0,0,127,8,135,2,34,152,11,199,186,26,212,411
07/21/2006,GNV,FL,ASO,ES,Federal Contract Tower,4,29,65,6,104,0,1,104,4,109,4,30,169,10,213,124,0,124,337
07/22/2006,GNV,FL,ASO,ES,Federal Contract Tower,0,12,39,11,62,0,0,73,4,77,0,12,112,15,139,40,2,42,181
07/23/2006,GNV,FL,ASO,ES,Federal Contract Tower,4,17,36,0,57,0,0,48,0,48,4,17,84,0,105,32,0,32,137
07/24/2006,GNV,FL,ASO,ES,Federal Contract Tower,4,27,31,0,62,0,0,41,0,41,4,27,72,0,103,122,0,122,225
07/25/2006,GNV,FL,ASO,ES,Federal Contract Tower,4,33,46,6,89,0,0,71,4,75,4,33,117,10,164,94,68,162,326
07/26/2006,GNV,FL,ASO,ES,Federal Contract Tower,5,30,47,20,102,0,0,115,15,130,5,30,162,35,232,128,16,144,376
07/27/2006,GNV,FL,ASO,ES,Federal Contract Tower,4,30,35,40,109,0,0,82,30,112,4,30,117,70,221,92,80,172,393
07/28/2006,GNV,FL,ASO,ES,Federal Contract Tower,2,32,46,15,95,0,0,98,15,113,2,32,144,30,208,74,36,110,318
07/29/2006,GNV,FL,ASO,ES,Federal Contract Tower,0,12,32,3,47,0,0,93,2,95,0,12,125,5,142,88,0,88,230
07/30/2006,GNV,FL,ASO,ES,Federal Contract Tower,2,16,36,0,54,0,0,50,0,50,2,16,86,0,104,24,0,24,128
07/31/2006,GNV,FL,ASO,ES,Federal Contract Tower,4,30,31,0,65,0,0,49,0,49,4,30,80,0,114,70,0,70,184
08/01/2006,GNV,FL,ASO,ES,Federal Contract Tower,4,32,40,10,86,0,0,97,8,105,4,32,137,18,191,122,0,122,313
08/02/2006,GNV,FL,ASO,ES,Federal Contract Tower,4,32,56,14,106,0,0,110,14,124,4,32,166,28,230,60,0,60,290
08/03/2006,GNV,FL,ASO,ES,Federal Contract Tower,4,34,51,8,97,0,0,105,8,113,4,34,156,16,210,80,0,80,290
08/04/2006,GNV,FL,ASO,ES,Federal Contract Tower,4,29,54,10,97,0,0,78,6,84,4,29,132,16,181,40,0,40,221
08/05/2006,GNV,FL,ASO,ES,Federal Contract Tower,0,11,33,0,44,0,0,101,0,101,0,11,134,0,145,118,0,118,263
08/06/2006,GNV,FL,ASO,ES,Federal Contract Tower,4,18,20,2,44,0,1,73,2,76,4,19,93,4,120,28,0,28,148
08/07/2006,GNV,FL,ASO,ES,Federal Contract Tower,4,27,40,8,79,0,0,70,4,74,4,27,110,12,153,70,0,70,223
08/08/2006,GNV,FL,ASO,ES,Federal Contract Tower,4,34,43,11,92,0,0,76,9,85,4,34,119,20,177,60,0,60,237
08/09/2006,GNV,FL,ASO,ES,Federal Contract Tower,4,39,24,14,81,0,0,102,5,107,4,39,126,19,188,102,16,118,306
08/10/2006,GNV,FL,ASO,ES,Federal Contract Tower,4,31,66,10,111,0,0,165,8,173,4,31,231,18,284,130,8,138,422
08/11/2006,GNV,FL,ASO,ES,Federal Contract Tower,4,31,54,10,99,0,0,106,15,121,4,31,160,25,220,70,20,90,310
08/12/2006,GNV,FL,ASO,ES,Federal Contract Tower,0,14,28,14,56,0,0,80,9,89,0,14,108,23,145,88,34,122,267
08/13/2006,GNV,FL,ASO,ES,Federal Contract Tower,4,17,26,5,52,0,0,33,1,34,4,17,59,6,86,24,0,24,110
08/14/2006,GNV,FL,ASO,ES,Federal Contract Tower,4,27,53,9,93,0,0,69,3,72,4,27,122,12,165,46,0,46,211
08/15/2006,GNV,FL,ASO,ES,Federal Contract Tower,4,36,51,15,106,0,0,78,11,89,4,36,129,26,195,72,2,74,269
08/16/2006,GNV,FL,ASO,ES,Federal Contract Tower,4,35,47,32,118,0,0,97,0,97,4,35,144,32,215,120,24,144,359
08/17/2006,GNV,FL,ASO,ES,Federal Contract Tower,4,38,31,4,77,0,0,104,5,109,4,38,135,9,186,100,24,124,310
08/18/2006,GNV,FL,ASO,ES,Federal Contract Tower,4,33,50,14,101,0,0,68,4,72,4,33,118,18,173,68,0,68,241
08/19/2006,GNV,FL,ASO,ES,Federal Contract Tower,0,16,28,0,44,0,0,49,0,49,0,16,77,0,93,28,0,28,121
08/20/2006,GNV,FL,ASO,ES,Federal Contract Tower,2,20,38,10,70,0,0,104,1,105,2,20,142,11,175,84,14,98,273
08/21/2006,GNV,FL,ASO,ES,Federal Contract Tower,4,36,26,14,80,0,0,65,6,71,4,36,91,20,151,78,18,96,247
08/22/2006,GNV,FL,ASO,ES,Federal Contract Tower,4,38,30,41,113,0,0,81,25,106,4,38,111,66,219,94,6,100,319
08/23/2006,GNV,FL,ASO,ES,Federal Contract Tower,4,41,28,13,86,0,0,57,8,65,4,41,85,21,151,46,50,96,247
08/24/2006,GNV,FL,ASO,ES,Federal Contract Tower,4,31,35,3,73,0,0,77,1,78,4,31,112,4,151,46,0,46,197
08/25/2006,GNV,FL,ASO,ES,Federal Contract Tower,4,33,26,2,65,0,0,26,2,28,4,33,52,4,93,34,0,34,127
08/26/2006,GNV,FL,ASO,ES,Federal Contract Tower,0,18,25,2,45,0,0,59,0,59,0,18,84,2,104,62,0,62,166
08/27/2006,GNV,FL,ASO,ES,Federal Contract Tower,4,18,49,3,74,0,0,50,2,52,4,18,99,5,126,46,4,50,176
08/28/2006,GNV,FL,ASO,ES,Federal Contract Tower,4,32,19,16,71,0,0,56,0,56,4,32,75,16,127,74,14,88,215
08/29/2006,GNV,FL,ASO,ES,Federal Contract Tower,4,31,25,9,69,0,0,96,9,105,4,31,121,18,174,96,0,96,270
08/30/2006,GNV,FL,ASO,ES,Federal Contract Tower,4,31,8,0,43,0,0,27,2,29,4,31,35,2,72,30,0,30,102
08/31/2006,GNV,FL,ASO,ES,Federal Contract Tower,3,34,33,11,81,0,0,58,4,62,3,34,91,15,143,20,0,20,163
09/01/2006,GNV,FL,ASO,ES,Federal Contract Tower,4,36,52,7,99,0,0,65,1,66,4,36,117,8,165,120,0,120,285
09/02/2006,GNV,FL,ASO,ES,Federal Contract Tower,0,15,60,0,75,0,0,131,0,131,0,15,191,0,206,32,0,32,238
09/03/2006,GNV,FL,ASO,ES,Federal Contract Tower,2,16,31,0,49,0,0,63,0,63,2,16,94,0,112,32,0,32,144
09/04/2006,GNV,FL,ASO,ES,Federal Contract Tower,3,23,47,0,73,0,0,74,0,74,3,23,121,0,147,84,0,84,231
09/05/2006,GNV,FL,ASO,ES,Federal Contract Tower,4,30,45,17,96,0,0,67,11,78,4,30,112,28,174,108,10,118,292
09/06/2006,GNV,FL,ASO,ES,Federal Contract Tower,4,32,56,3,95,0,0,56,3,59,4,32,112,6,154,56,0,56,210
09/07/2006,GNV,FL,ASO,ES,Federal Contract Tower,2,40,26,8,76,0,0,25,2,27,2,40,51,10,103,10,0,10,113
09/08/2006,GNV,FL,ASO,ES,Federal Contract Tower,2,33,32,0,67,0,0,87,0,87,2,33,119,0,154,52,0,52,206
09/09/2006,GNV,FL,ASO,ES,Federal Contract Tower,2,16,59,0,77,0,0,101,0,101,2,16,160,0,178,20,0,20,198
09/10/2006,GNV,FL,ASO,ES,Federal Contract Tower,4,26,56,10,96,0,0,65,2,67,4,26,121,12,163,56,10,66,229
09/11/2006,GNV,FL,ASO,ES,Federal Contract Tower,2,35,38,11,86,0,0,91,6,97,2,35,129,17,183,148,0,148,331
09/12/2006,GNV,FL,ASO,ES,Federal Contract Tower,2,34,24,3,63,0,0,92,3,95,2,34,116,6,158,114,12,126,284
09/13/2006,GNV,FL,ASO,ES,Federal Contract Tower,2,41,34,2,79,0,0,35,0,35,2,41,69,2,114,34,0,34,148
09/14/2006,GNV,FL,ASO,ES,Federal Contract Tower,0,39,39,19,97,0,0,67,5,72,0,39,106,24,169,28,0,28,197
09/15/2006,GNV,FL,ASO,ES,Federal Contract Tower,4,35,35,12,86,0,0,91,8,99,4,35,126,20,185,42,4,46,231
09/16/2006,GNV,FL,ASO,ES,Federal Contract Tower,2,14,16,0,32,0,0,116,0,116,2,14,132,0,148,44,0,44,192
09/17/2006,GNV,FL,ASO,ES,Federal Contract Tower,4,17,45,6,72,0,0,85,4,89,4,17,130,10,161,66,7,73,234
09/18/2006,GNV,FL,ASO,ES,Federal Contract Tower,2,33,45,9,89,0,0,71,16,87,2,33,116,25,176,24,10,34,210
09/19/2006,GNV,FL,ASO,ES,Federal Contract Tower,2,36,35,15,88,0,0,47,12,59,2,36,82,27,147,32,0,32,179
09/20/2006,GNV,FL,ASO,ES,Federal Contract Tower,4,33,36,7,80,0,0,107,7,114,4,33,143,14,194,40,54,94,288
09/21/2006,GNV,FL,ASO,ES,Federal Contract Tower,2,44,52,8,106,0,0,121,11,132,2,44,173,19,238,60,26,86,324
09/22/2006,GNV,FL,ASO,ES,Federal Contract Tower,2,38,48,8,96,0,0,115,2,117,2,38,163,10,213,88,44,132,345
09/23/2006,GNV,FL,ASO,ES,Federal Contract Tower,1,20,60,1,82,0,0,110,0,110,1,20,170,1,192,20,0,20,212
09/24/2006,GNV,FL,ASO,ES,Federal Contract Tower,4,25,33,5,67,0,0,89,3,92,4,25,122,8,159,66,0,66,225
09/25/2006,GNV,FL,ASO,ES,Federal Contract Tower,2,36,50,7,95,0,1,68,3,72,2,37,118,10,167,12,0,12,179
09/26/2006,GNV,FL,ASO,ES,Federal Contract Tower,0,45,47,24,116,0,0,88,19,107,0,45,135,43,223,90,32,122,345
09/27/2006,GNV,FL,ASO,ES,Federal Contract Tower,4,38,42,2,86,0,0,99,0,99,4,38,141,2,185,100,0,100,285
09/28/2006,GNV,FL,ASO,ES,Federal Contract Tower,2,36,31,4,73,0,0,18,1,19,2,36,49,5,92,42,2,44,136
09/29/2006,GNV,FL,ASO,ES,Federal Contract Tower,4,43,71,4,122,0,0,136,2,138,4,43,207,6,260,94,2,96,356
09/30/2006,GNV,FL,ASO,ES,Federal Contract Tower,4,24,145,0,173,0,0,100,0,100,4,24,245,0,273,34,0,34,307
10/01/2006,GNV,FL,ASO,ES,Federal Contract Tower,4,26,58,0,88,0,0,86,0,86,4,26,144,0,174,54,0,54,228
10/02/2006,GNV,FL,ASO,ES,Federal Contract Tower,4,31,43,11,89,0,0,92,5,97,4,31,135,16,186,80,6,86,272
10/03/2006,GNV,FL,ASO,ES,Federal Contract Tower,4,35,42,11,92,0,0,94,13,107,4,35,136,24,199,130,10,140,339
10/04/2006,GNV,FL,ASO,ES,Federal Contract Tower,4,40,35,15,94,0,0,122,6,128,4,40,157,21,222,84,10,94,316
10/05/2006,GNV,FL,ASO,ES,Federal Contract Tower,4,37,52,14,107,0,0,125,4,129,4,37,177,18,236,80,0,80,316
10/06/2006,GNV,FL,ASO,ES,Federal Contract Tower,5,40,51,40,136,0,0,112,12,124,5,40,163,52,260,64,4,68,328
10/07/2006,GNV,FL,ASO,ES,Federal Contract Tower,4,28,139,1,172,0,0,107,3,110,4,28,246,4,282,20,0,20,302
10/08/2006,GNV,FL,ASO,ES,Federal Contract Tower,4,21,56,14,95,0,0,110,5,115,4,21,166,19,210,90,7,97,307
10/09/2006,GNV,FL,ASO,ES,Federal Contract Tower,4,32,41,9,86,0,0,91,5,96,4,32,132,14,182,98,2,100,282
10/10/2006,GNV,FL,ASO,ES,Federal Contract Tower,4,33,65,29,131,0,0,105,29,134,4,33,170,58,265,100,30,130,395
10/11/2006,GNV,FL,ASO,ES,Federal Contract Tower,4,35,43,17,99,0,1,84,9,94,4,36,127,26,193,104,0,104,297
10/12/2006,GNV,FL,ASO,ES,Federal Contract Tower,4,43,47,8,102,0,0,77,5,82,4,43,124,13,184,86,71,157,341
10/13/2006,GNV,FL,ASO,ES,Federal Contract Tower,6,7,59,1,73,0,0,119,0,119,6,7,178,1,192,116,3,119,311
10/14/2006,GNV,FL,ASO,ES,Federal Contract Tower,2,18,47,9,76,0,0,73,21,94,2,18,120,30,170,54,18,72,242
10/15/2006,GNV,FL,ASO,ES,Federal Contract Tower,4,30,31,11,76,0,0,147,5,152,4,30,178,16,228,100,0,100,328
10/16/2006,GNV,FL,ASO,ES,Federal Contract Tower,4,30,22,9,65,0,0,57,9,66,4,30,79,18,131,12,30,42,173
10/17/2006,GNV,FL,ASO,ES,Federal Contract Tower,4,33,37,12,86,0,0,78,6,84,4,33,115,18,170,80,22,102,272
10/18/2006,GNV,FL,ASO,ES,Federal Contract Tower,4,38,40,13,95,0,0,38,2,40,4,38,78,15,135,86,14,100,235
10/19/2006,GNV,FL,ASO,ES,Federal Contract Tower,4,38,54,17,113,0,0,58,14,72,4,38,112,31,185,40,10,50,235
10/20/2006,GNV,FL,ASO,ES,Federal Contract Tower,4,34,60,30,128,0,0,96,0,96,4,34,156,30,224,28,18,46,270
10/21/2006,GNV,FL,ASO,ES,Federal Contract Tower,2,16,30,2,50,0,0,101,0,101,2,16,131,2,151,70,0,70,221
10/22/2006,GNV,FL,ASO,ES,Federal Contract Tower,4,17,48,0,69,0,0,83,0,83,4,17,131,0,152,32,0,32,184
10/23/2006,GNV,FL,ASO,ES,Federal Contract Tower,4,29,52,12,97,0,0,84,7,91,4,29,136,19,188,94,0,94,282
10/24/2006,GNV,FL,ASO,ES,Federal Contract Tower,7,36,74,10,127,0,0,114,6,120,7,36,188,16,247,110,0,110,357
10/25/2006,GNV,FL,ASO,ES,Federal Contract Tower,4,34,57,10,105,0,0,116,5,121,4,34,173,15,226,142,0,142,368
10/26/2006,GNV,FL,ASO,ES,Federal Contract Tower,4,40,51,11,106,0,0,105,7,112,4,40,156,18,218,126,38,164,382
10/27/2006,GNV,FL,ASO,ES,Federal Contract Tower,4,2,25,18,49,0,30,77,11,118,4,32,102,29,167,44,15,59,226
10/28/2006,GNV,FL,ASO,ES,Federal Contract Tower,2,16,30,9,57,0,0,42,5,47,2,16,72,14,104,32,2,34,138
10/29/2006,GNV,FL,ASO,ES,Federal Contract Tower,4,17,24,3,48,0,0,98,0,98,4,17,122,3,146,76,0,76,222
10/30/2006,GNV,FL,ASO,ES,Federal Contract Tower,4,29,34,10,77,0,2,84,10,96,4,31,118,20,173,66,46,112,285
10/31/2006,GNV,FL,ASO,ES,Federal Contract Tower,4,40,38,15,97,0,0,129,15,144,4,40,167,30,241,108,42,150,391
11/01/2006,GNV,FL,ASO,ES,Federal Contract Tower,4,43,69,4,120,0,0,117,10,127,4,43,186,14,247,102,24,126,373
11/02/2006,GNV,FL,ASO,ES,Federal Contract Tower,4,37,35,17,93,0,0,80,5,85,4,37,115,22,178,90,10,100,278
11/03/2006,GNV,FL,ASO,ES,Federal Contract Tower,5,47,41,9,102,0,0,46,8,54,5,47,87,17,156,44,2,46,202
11/04/2006,GNV,FL,ASO,ES,Federal Contract Tower,2,18,22,0,42,0,0,96,0,96,2,18,118,0,138,50,0,50,188
11/05/2006,GNV,FL,ASO,ES,Federal Contract Tower,4,23,41,12,80,0,0,59,3,62,4,23,100,15,142,24,0,24,166
11/06/2006,GNV,FL,ASO,ES,Federal Contract Tower,4,32,37,10,83,0,0,72,7,79,4,32,109,17,162,28,0,28,190
11/07/2006,GNV,FL,ASO,ES,Federal Contract Tower,4,33,32,6,75,0,0,26,9,35,4,33,58,15,110,0,0,0,110
11/08/2006,GNV,FL,ASO,ES,Federal Contract Tower,4,34,48,11,97,0,0,76,8,84,4,34,124,19,181,60,0,60,241
11/09/2006,GNV,FL,ASO,ES,Federal Contract Tower,4,37,66,10,117,0,0,128,14,142,4,37,194,24,259,86,2,88,347
11/10/2006,GNV,FL,ASO,ES,Federal Contract Tower,6,40,75,2,123,0,0,132,0,132,6,40,207,2,255,42,0,42,297
11/11/2006,GNV,FL,ASO,ES,Federal Contract Tower,4,25,102,0,131,0,0,87,3,90,4,25,189,3,221,14,0,14,235
11/12/2006,GNV,FL,ASO,ES,Federal Contract Tower,4,29,82,11,126,0,0,106,4,110,4,29,188,15,236,66,0,66,302
11/13/2006,GNV,FL,ASO,ES,Federal Contract Tower,2,35,42,12,91,0,0,67,3,70,2,35,109,15,161,42,20,62,223
11/14/2006,GNV,FL,ASO,ES,Federal Contract Tower,4,38,62,18,122,0,0,127,13,140,4,38,189,31,262,118,50,168,430
11/15/2006,GNV,FL,ASO,ES,Federal Contract Tower,4,36,37,8,85,0,0,73,4,77,4,36,110,12,162,42,6,48,210
11/16/2006,GNV,FL,ASO,ES,Federal Contract Tower,4,34,47,28,113,0,0,21,20,41,4,34,68,48,154,60,100,160,314
11/17/2006,GNV,FL,ASO,ES,Federal Contract Tower,4,33,71,22,130,0,0,117,12,129,4,33,188,34,259,54,56,110,369
11/18/2006,GNV,FL,ASO,ES,Federal Contract Tower,2,20,58,8,88,0,0,114,4,118,2,20,172,12,206,34,6,40,246
11/19/2006,GNV,FL,ASO,ES,Federal Contract Tower,4,22,59,18,103,0,0,124,0,124,4,22,183,18,227,64,19,83,310
11/20/2006,GNV,FL,ASO,ES,Federal Contract Tower,4,29,55,32,120,0,0,76,14,90,4,29,131,46,210,48,0,48,258
11/21/2006,GNV,FL,ASO,ES,Federal Contract Tower,4,31,30,9,74,0,0,65,9,74,4,31,95,18,148,56,0,56,204
11/22/2006,GNV,FL,ASO,ES,Federal Contract Tower,4,36,63,2,105,0,0,69,4,73,4,36,132,6,178,44,0,44,222
11/23/2006,GNV,FL,ASO,ES,Federal Contract Tower,2,25,11,0,38,0,0,44,0,44,2,25,55,0,82,12,0,12,94
11/24/2006,GNV,FL,ASO,ES,Federal Contract Tower,2,29,23,0,54,0,0,73,0,73,2,29,96,0,127,18,0,18,145
11/25/2006,GNV,FL,ASO,ES,Federal Contract Tower,4,15,37,0,56,0,0,86,0,86,4,15,123,0,142,68,0,68,210
11/26/2006,GNV,FL,ASO,ES,Federal Contract Tower,4,24,64,2,94,0,0,84,1,85,4,24,148,3,179,72,4,76,255
11/27/2006,GNV,FL,ASO,ES,Federal Contract Tower,4,27,48,12,91,0,0,42,4,46,4,27,90,16,137,12,12,24,161
11/28/2006,GNV,FL,ASO,ES,Federal Contract Tower,4,33,26,8,71,0,0,84,7,91,4,33,110,15,162,68,14,82,244
11/29/2006,GNV,FL,ASO,ES,Federal Contract Tower,4,37,33,24,98,0,0,39,11,50,4,37,72,35,148,80,48,128,276
11/30/2006,GNV,FL,ASO,ES,Federal Contract Tower,4,35,25,34,98,0,0,57,13,70,4,35,82,47,168,18,6,24,192
12/01/2006,GNV,FL,ASO,ES,Federal Contract Tower,6,37,62,12,117,0,0,34,9,43,6,37,96,21,160,12,0,12,172
12/02/2006,GNV,FL,ASO,ES,Federal Contract Tower,2,19,49,0,70,0,0,4,0,4,2,19,53,0,74,2,0,2,76
12/03/2006,GNV,FL,ASO,ES,Federal Contract Tower,4,25,54,7,90,0,0,29,1,30,4,25,83,8,120,22,0,22,142
12/04/2006,GNV,FL,ASO,ES,Federal Contract Tower,4,31,38,17,90,0,0,67,12,79,4,31,105,29,169,48,6,54,223
12/05/2006,GNV,FL,ASO,ES,Federal Contract Tower,5,31,43,12,91,0,0,134,11,145,5,31,177,23,236,77,60,137,373
12/06/2006,GNV,FL,ASO,ES,Federal Contract Tower,5,36,35,6,82,0,0,128,7,135,5,36,163,13,217,100,16,116,333
12/07/2006,GNV,FL,ASO,ES,Federal Contract Tower,4,35,57,7,103,0,0,93,8,101,4,35,150,15,204,94,18,112,316
12/08/2006,GNV,FL,ASO,ES,Federal Contract Tower,2,37,36,20,95,0,0,75,17,92,2,37,111,37,187,120,2,122,309
12/09/2006,GNV,FL,ASO,ES,Federal Contract Tower,2,22,27,1,52,0,0,77,1,78,2,22,104,2,130,34,8,42,172
12/10/2006,GNV,FL,ASO,ES,Federal Contract Tower,5,20,43,8,76,0,0,85,1,86,5,20,128,9,162,94,2,96,258
12/11/2006,GNV,FL,ASO,ES,Federal Contract Tower,5,28,77,11,121,0,0,98,5,103,5,28,175,16,224,150,18,168,392
12/12/2006,GNV,FL,ASO,ES,Federal Contract Tower,4,31,42,19,96,0,0,84,14,98,4,31,126,33,194,128,76,204,398
12/13/2006,GNV,FL,ASO,ES,Federal Contract Tower,4,35,60,7,106,0,0,55,1,56,4,35,115,8,162,36,0,36,198
12/14/2006,GNV,FL,ASO,ES,Federal Contract Tower,4,30,56,9,99,0,0,67,4,71,4,30,123,13,170,52,0,52,222
12/15/2006,GNV,FL,ASO,ES,Federal Contract Tower,6,27,63,14,110,0,0,46,2,48,6,27,109,16,158,72,2,74,232
12/16/2006,GNV,FL,ASO,ES,Federal Contract Tower,0,18,44,4,66,0,0,83,1,84,0,18,127,5,150,80,0,80,230
12/17/2006,GNV,FL,ASO,ES,Federal Contract Tower,6,18,50,4,78,0,0,81,0,81,6,18,131,4,159,40,2,42,201
12/18/2006,GNV,FL,ASO,ES,Federal Contract Tower,6,26,46,10,88,0,0,72,2,74,6,26,118,12,162,66,12,78,240
12/19/2006,GNV,FL,ASO,ES,Federal Contract Tower,4,41,62,8,115,0,0,117,6,123,4,41,179,14,238,76,20,96,334
12/20/2006,GNV,FL,ASO,ES,Federal Contract Tower,6,36,46,11,99,0,0,84,16,100,6,36,130,27,199,50,20,70,269
12/21/2006,GNV,FL,ASO,ES,Federal Contract Tower,6,30,45,8,89,0,0,55,8,63,6,30,100,16,152,28,28,56,208
12/22/2006,GNV,FL,ASO,ES,Federal Contract Tower,6,31,44,5,86,0,0,33,2,35,6,31,77,7,121,4,10,14,135
12/23/2006,GNV,FL,ASO,ES,Federal Contract Tower,3,31,48,0,82,0,0,32,0,32,3,31,80,0,114,52,0,52,166
12/24/2006,GNV,FL,ASO,ES,Federal Contract Tower,3,15,24,0,42,1,0,16,0,17,4,15,40,0,59,2,0,2,61
12/25/2006,GNV,FL,ASO,ES,Federal Contract Tower,2,18,3,0,23,0,0,0,0,0,2,18,3,0,23,0,0,0,23
12/26/2006,GNV,FL,ASO,ES,Federal Contract Tower,5,29,39,5,78,0,1,43,5,49,5,30,82,10,127,20,0,20,147
12/27/2006,GNV,FL,ASO,ES,Federal Contract Tower,4,30,34,5,73,0,0,91,4,95,4,30,125,9,168,64,10,74,242
12/28/2006,GNV,FL,ASO,ES,Federal Contract Tower,6,30,41,1,78,0,0,113,1,114,6,30,154,2,192,48,18,66,258
12/29/2006,GNV,FL,ASO,ES,Federal Contract Tower,4,33,23,7,67,0,0,90,3,93,4,33,113,10,160,32,0,32,192
12/30/2006,GNV,FL,ASO,ES,Federal Contract Tower,2,14,34,2,52,0,0,56,0,56,2,14,90,2,108,32,0,32,140
12/31/2006,GNV,FL,ASO,ES,Federal Contract Tower,6,18,23,0,47,0,4,42,0,46,6,22,65,0,93,10,0,10,103
01/01/2007,GNV,FL,ASO,ES,Federal Contract Tower,2,24,21,0,47,0,0,16,0,16,2,24,37,0,63,0,0,0,63
01/02/2007,GNV,FL,ASO,ES,Federal Contract Tower,10,28,36,0,74,0,0,72,0,72,10,28,108,0,146,42,0,42,188
01/03/2007,GNV,FL,ASO,ES,Federal Contract Tower,5,39,38,2,84,0,0,2,0,2,5,39,40,2,86,4,0,4,90
01/04/2007,GNV,FL,ASO,ES,Federal Contract Tower,4,33,42,14,93,0,0,42,7,49,4,33,84,21,142,26,16,42,184
01/05/2007,GNV,FL,ASO,ES,Federal Contract Tower,6,31,21,8,66,0,0,13,14,27,6,31,34,22,93,12,0,12,105
01/06/2007,GNV,FL,ASO,ES,Federal Contract Tower,19,20,46,7,92,0,0,71,1,72,19,20,117,8,164,30,0,30,194
01/07/2007,GNV,FL,ASO,ES,Federal Contract Tower,6,18,29,10,63,0,0,64,3,67,6,18,93,13,130,54,0,54,184
01/08/2007,GNV,FL,ASO,ES,Federal Contract Tower,6,29,9,0,44,0,0,0,0,0,6,29,9,0,44,32,0,32,76
01/09/2007,GNV,FL,ASO,ES,Federal Contract Tower,19,43,48,2,112,0,0,63,0,63,19,43,111,2,175,6,0,6,181
01/10/2007,GNV,FL,ASO,ES,Federal Contract Tower,9,36,44,13,102,0,0,73,10,83,9,36,117,23,185,100,10,110,295
01/11/2007,GNV,FL,ASO,ES,Federal Contract Tower,6,32,33,9,80,0,0,110,13,123,6,32,143,22,203,62,8,70,273
01/12/2007,GNV,FL,ASO,ES,Federal Contract Tower,6,34,53,31,124,0,0,95,28,123,6,34,148,59,247,80,40,120,367
01/13/2007,GNV,FL,ASO,ES,Federal Contract Tower,2,20,51,10,83,0,0,118,7,125,2,20,169,17,208,134,2,136,344
01/14/2007,GNV,FL,ASO,ES,Federal Contract Tower,6,23,47,2,78,0,0,42,2,44,6,23,89,4,122,18,6,24,146
01/15/2007,GNV,FL,ASO,ES,Federal Contract Tower,6,23,51,31,111,0,0,114,30,144,6,23,165,61,255,130,0,130,385
01/16/2007,GNV,FL,ASO,ES,Federal Contract Tower,4,31,43,4,82,0,0,79,4,83,4,31,122,8,165,100,12,112,277
01/17/2007,GNV,FL,ASO,ES,Federal Contract Tower,7,30,32,3,72,0,0,16,4,20,7,30,48,7,92,36,0,36,128
01/18/2007,GNV,FL,ASO,ES,Federal Contract Tower,7,27,39,8,81,0,0,29,0,29,7,27,68,8,110,10,0,10,120
01/19/2007,GNV,FL,ASO,ES,Federal Contract Tower,5,34,51,34,124,0,0,83,15,98,5,34,134,49,222,52,16,68,290
01/20/2007,GNV,FL,ASO,ES,Federal Contract Tower,3,15,49,22,89,0,2,170,21,193,3,17,219,43,282,116,0,116,398
01/21/2007,GNV,FL,ASO,ES,Federal Contract Tower,7,18,29,19,73,0,0,88,16,104,7,18,117,35,177,66,10,76,253
01/22/2007,GNV,FL,ASO,ES,Federal Contract Tower,6,33,22,24,85,0,0,13,10,23,6,33,35,34,108,0,0,0,108
01/23/2007,GNV,FL,ASO,ES,Federal Contract Tower,4,37,35,14,90,0,0,48,10,58,4,37,83,24,148,108,14,122,270
01/24/2007,GNV,FL,ASO,ES,Federal Contract Tower,7,30,55,4,96,0,0,77,8,85,7,30,132,12,181,70,12,82,263
01/25/2007,GNV,FL,ASO,ES,Federal Contract Tower,6,34,55,18,113,0,0,49,12,61,6,34,104,30,174,88,64,152,326
01/26/2007,GNV,FL,ASO,ES,Federal Contract Tower,6,31,74,18,129,0,0,137,1,138,6,31,211,19,267,76,2,78,345
01/27/2007,GNV,FL,ASO,ES,Federal Contract Tower,2,19,80,4,105,0,0,234,9,243,2,19,314,13,348,42,6,48,396
01/28/2007,GNV,FL,ASO,ES,Federal Contract Tower,6,21,141,6,174,0,0,111,5,116,6,21,252,11,290,40,0,40,330
01/29/2007,GNV,FL,ASO,ES,Federal Contract Tower,6,30,50,36,122,0,0,94,33,127,6,30,144,69,249,132,16,148,397
01/30/2007,GNV,FL,ASO,ES,Federal Contract Tower,4,36,42,23,105,0,0,110,14,124,4,36,152,37,229,98,10,108,337
01/31/2007,GNV,FL,ASO,ES,Federal Contract Tower,7,33,56,27,123,0,0,124,33,157,7,33,180,60,280,108,54,162,442
02/01/2007,GNV,FL,ASO,ES,Federal Contract Tower,5,33,35,7,80,0,0,23,4,27,5,33,58,11,107,0,2,2,109
02/02/2007,GNV,FL,ASO,ES,Federal Contract Tower,7,29,70,11,117,0,0,50,7,57,7,29,120,18,174,40,6,46,220
02/03/2007,GNV,FL,ASO,ES,Federal Contract Tower,3,21,58,18,100,0,0,129,15,144,3,21,187,33,244,122,6,128,372
02/04/2007,GNV,FL,ASO,ES,Federal Contract Tower,6,21,27,24,78,0,0,79,6,85,6,21,106,30,163,60,0,60,223
02/05/2007,GNV,FL,ASO,ES,Federal Contract Tower,4,32,41,12,89,0,0,96,2,98,4,32,137,14,187,78,6,84,271
02/06/2007,GNV,FL,ASO,ES,Federal Contract Tower,4,31,51,18,104,0,1,78,10,89,4,32,129,28,193,132,56,188,381
02/07/2007,GNV,FL,ASO,ES,Federal Contract Tower,6,29,36,5,76,0,0,99,1,100,6,29,135,6,176,56,0,56,232
02/08/2007,GNV,FL,ASO,ES,Federal Contract Tower,6,27,68,7,108,0,0,86,3,89,6,27,154,10,197,148,0,148,345
02/09/2007,GNV,FL,ASO,ES,Federal Contract Tower,6,32,51,18,107,0,0,90,12,102,6,32,141,30,209,98,0,98,307
02/10/2007,GNV,FL,ASO,ES,Federal Contract Tower,2,13,52,6,73,0,0,89,7,96,2,13,141,13,169,64,0,64,233
02/11/2007,GNV,FL,ASO,ES,Federal Contract Tower,6,19,73,5,103,0,0,107,8,115,6,19,180,13,218,80,8,88,306
02/12/2007,GNV,FL,ASO,ES,Federal Contract Tower,4,27,31,7,69,0,0,63,11,74,4,27,94,18,143,84,52,136,279
02/13/2007,GNV,FL,ASO,ES,Federal Contract Tower,2,37,48,17,104,0,0,50,11,61,2,37,98,28,165,28,46,74,239
02/14/2007,GNV,FL,ASO,ES,Federal Contract Tower,6,35,51,6,98,0,0,68,4,72,6,35,119,10,170,42,0,42,212
02/15/2007,GNV,FL,ASO,ES,Federal Contract Tower,6,31,42,8,87,0,0,70,4,74,6,31,112,12,161,94,26,120,281
02/16/2007,GNV,FL,ASO,ES,Federal Contract Tower,6,32,55,19,112,0,0,70,15,85,6,32,125,34,197,76,12,88,285
02/17/2007,GNV,FL,ASO,ES,Federal Contract Tower,4,15,28,3,50,0,0,84,1,85,4,15,112,4,135,62,0,62,197
02/18/2007,GNV,FL,ASO,ES,Federal Contract Tower,6,24,40,5,75,0,0,54,5,59,6,24,94,10,134,16,0,16,150
02/19/2007,GNV,FL,ASO,ES,Federal Contract Tower,9,29,62,0,100,0,0,161,1,162,9,29,223,1,262,200,0,200,462
02/20/2007,GNV,FL,ASO,ES,Federal Contract Tower,6,30,60,26,122,0,0,145,23,168,6,30,205,49,290,78,25,103,393
02/21/2007,GNV,FL,ASO,ES,Federal Contract Tower,7,29,42,22,100,0,0,68,9,77,7,29,110,31,177,62,30,92,269
02/22/2007,GNV,FL,ASO,ES,Federal Contract Tower,6,28,72,12,118,0,0,81,9,90,6,28,153,21,208,110,6,116,324
02/23/2007,GNV,FL,ASO,ES,Federal Contract Tower,6,33,50,19,108,0,0,116,15,131,6,33,166,34,239,78,40,118,357
02/24/2007,GNV,FL,ASO,ES,Federal Contract Tower,4,19,37,0,60,0,1,164,0,165,4,20,201,0,225,46,0,46,271
02/25/2007,GNV,FL,ASO,ES,Federal Contract Tower,6,27,46,20,99,0,0,73,16,89,6,27,119,36,188,0,26,26,214
02/26/2007,GNV,FL,ASO,ES,Federal Contract Tower,6,26,37,8,77,0,0,116,6,122,6,26,153,14,199,48,6,54,253
02/27/2007,GNV,FL,ASO,ES,Federal Contract Tower,4,38,25,5,72,0,0,83,5,88,4,38,108,10,160,94,20,114,274
02/28/2007,GNV,FL,ASO,ES,Federal Contract Tower,6,32,52,9,99,0,0,121,3,124,6,32,173,12,223,136,14,150,373
03/01/2007,GNV,FL,ASO,ES,Federal Contract Tower,7,28,35,0,70,0,0,29,1,30,7,28,64,1,100,40,0,40,140
03/02/2007,GNV,FL,ASO,ES,Federal Contract Tower,6,40,45,3,94,0,0,17,0,17,6,40,62,3,111,0,0,0,111
03/03/2007,GNV,FL,ASO,ES,Federal Contract Tower,9,15,35,0,59,0,0,39,0,39,9,15,74,0,98,36,0,36,134
03/04/2007,GNV,FL,ASO,ES,Federal Contract Tower,7,24,53,4,88,0,0,93,3,96,7,24,146,7,184,40,0,40,224
03/05/2007,GNV,FL,ASO,ES,Federal Contract Tower,6,31,34,0,71,3,0,125,0,128,9,31,159,0,199,122,0,122,321
03/06/2007,GNV,FL,ASO,ES,Federal Contract Tower,7,34,34,3,78,0,0,95,3,98,7,34,129,6,176,106,12,118,294
03/07/2007,GNV,FL,ASO,ES,Federal Contract Tower,7,30,48,13,98,0,0,110,13,123,7,30,158,26,221,50,22,72,293
03/08/2007,GNV,FL,ASO,ES,Federal Contract Tower,8,35,50,14,107,0,0,121,8,129,8,35,171,22,236,160,6,166,402
03/09/2007,GNV,FL,ASO,ES,Federal Contract Tower,6,32,41,8,87,0,0,96,7,103,6,32,137,15,190,62,6,68,258
03/10/2007,GNV,FL,ASO,ES,Federal Contract Tower,5,16,30,0,51,0,0,83,0,83,5,16,113,0,134,74,0,74,208
03/11/2007,GNV,FL,ASO,ES,Federal Contract Tower,9,21,42,5,77,0,0,105,3,108,9,21,147,8,185,72,2,74,259
03/12/2007,GNV,FL,ASO,ES,Federal Contract Tower,6,26,27,23,82,0,0,94,12,106,6,26,121,35,188,46,42,88,276
03/13/2007,GNV,FL,ASO,ES,Federal Contract Tower,7,34,36,16,93,0,0,77,14,91,7,34,113,30,184,34,26,60,244
03/14/2007,GNV,FL,ASO,ES,Federal Contract Tower,8,35,51,16,110,0,0,66,7,73,8,35,117,23,183,54,6,60,243
03/15/2007,GNV,FL,ASO,ES,Federal Contract Tower,8,29,49,18,104,0,0,52,27,79,8,29,101,45,183,48,0,48,231
03/16/2007,GNV,FL,ASO,ES,Federal Contract Tower,5,33,48,11,97,1,1,50,5,57,6,34,98,16,154,18,4,22,176
03/17/2007,GNV,FL,ASO,ES,Federal Contract Tower,5,12,61,0,78,0,0,138,0,138,5,12,199,0,216,16,0,16,232
03/18/2007,GNV,FL,ASO,ES,Federal Contract Tower,11,21,61,8,101,0,0,142,2,144,11,21,203,10,245,82,6,88,333
03/19/2007,GNV,FL,ASO,ES,Federal Contract Tower,11,26,49,6,92,0,0,92,1,93,11,26,141,7,185,60,2,62,247
03/20/2007,GNV,FL,ASO,ES,Federal Contract Tower,6,34,31,3,74,0,0,73,4,77,6,34,104,7,151,68,26,94,245
03/21/2007,GNV,FL,ASO,ES,Federal Contract Tower,13,31,38,15,97,0,0,91,17,108,13,31,129,32,205,32,58,90,295
03/22/2007,GNV,FL,ASO,ES,Federal Contract Tower,6,33,42,15,96,0,0,94,11,105,6,33,136,26,201,70,18,88,289
03/23/2007,GNV,FL,ASO,ES,Federal Contract Tower,6,29,58,15,108,0,0,141,19,160,6,29,199,34,268,112,0,112,380
03/24/2007,GNV,FL,ASO,ES,Federal Contract Tower,5,14,40,2,61,0,0,98,1,99,5,14,138,3,160,108,2,110,270
03/25/2007,GNV,FL,ASO,ES,Federal Contract Tower,7,25,29,6,67,0,0,80,10,90,7,25,109,16,157,66,14,80,237
03/26/2007,GNV,FL,ASO,ES,Federal Contract Tower,6,35,36,4,81,0,0,76,2,78,6,35,112,6,159,102,4,106,265
03/27/2007,GNV,FL,ASO,ES,Federal Contract Tower,6,33,48,11,98,0,0,90,0,90,6,33,138,11,188,90,38,128,316
03/28/2007,GNV,FL,ASO,ES,Federal Contract Tower,6,36,53,15,110,0,0,106,11,117,6,36,159,26,227,130,12,142,369
03/29/2007,GNV,FL,ASO,ES,Federal Contract Tower,6,36,77,6,125,0,0,88,10,98,6,36,165,16,223,64,22,86,309
03/30/2007,GNV,FL,ASO,ES,Federal Contract Tower,5,37,50,30,122,0,3,85,8,96,5,40,135,38,218,30,22,52,270
03/31/2007,GNV,FL,ASO,ES,Federal Contract Tower,4,11,40,11,66,0,0,100,11,111,4,11,140,22,177,90,48,138,315
04/01/2007,GNV,FL,ASO,ES,Federal Contract Tower,6,16,54,4,80,0,0,64,7,71,6,16,118,11,151,26,0,26,177
04/02/2007,GNV,FL,ASO,ES,Federal Contract Tower,7,20,66,5,98,0,0,99,2,101,7,20,165,7,199,42,0,42,241
04/03/2007,GNV,FL,ASO,ES,Federal Contract Tower,8,30,44,9,91,0,1,101,11,113,8,31,145,20,204,64,30,94,298
04/04/2007,GNV,FL,ASO,ES,Federal Contract Tower,4,28,41,1,74,0,0,62,2,64,4,28,103,3,138,20,2,22,160
04/05/2007,GNV,FL,ASO,ES,Federal Contract Tower,6,28,51,0,85,0,0,71,0,71,6,28,122,0,156,42,0,42,198
04/06/2007,GNV,FL,ASO,ES,Federal Contract Tower,8,32,61,7,108,0,0,83,4,87,8,32,144,11,195,85,12,97,292
04/07/2007,GNV,FL,ASO,ES,Federal Contract Tower,5,16,34,2,57,0,1,86,0,87,5,17,120,2,144,28,0,28,172
04/08/2007,GNV,FL,ASO,ES,Federal Contract Tower,10,18,41,2,71,0,0,109,0,109,10,18,150,2,180,74,0,74,254
04/09/2007,GNV,FL,ASO,ES,Federal Contract Tower,7,26,56,8,97,0,0,46,4,50,7,26,102,12,147,4,2,6,153
04/10/2007,GNV,FL,ASO,ES,Federal Contract Tower,6,28,54,8,96,0,0,25,2,27,6,28,79,10,123,18,4,22,145
04/11/2007,GNV,FL,ASO,ES,Federal Contract Tower,7,31,51,6,95,0,0,42,1,43,7,31,93,7,138,14,14,28,166
04/12/2007,GNV,FL,ASO,ES,Federal Contract Tower,7,33,54,13,107,0,1,56,1,58,7,34,110,14,165,44,0,44,209
04/13/2007,GNV,FL,ASO,ES,Federal Contract Tower,6,29,30,12,77,0,0,92,0,92,6,29,122,12,169,18,12,30,199
04/14/2007,GNV,FL,ASO,ES,Federal Contract Tower,4,11,17,0,32,0,2,39,0,41,4,13,56,0,73,8,0,8,81
04/15/2007,GNV,FL,ASO,ES,Federal Contract Tower,7,19,11,4,41,0,0,20,3,23,7,19,31,7,64,8,0,8,72
04/16/2007,GNV,FL,ASO,ES,Federal Contract Tower,4,22,41,25,92,0,1,75,5,81,4,23,116,30,173,68,20,88,261
04/17/2007,GNV,FL,ASO,ES,Federal Contract Tower,7,24,30,9,70,0,0,77,6,83,7,24,107,15,153,20,46,66,219
04/18/2007,GNV,FL,ASO,ES,Federal Contract Tower,9,28,61,5,103,0,1,76,1,78,9,29,137,6,181,62,0,62,243
04/19/2007,GNV,FL,ASO,ES,Federal Contract Tower,10,30,39,1,80,1,1,76,2,80,11,31,115,3,160,84,12,96,256
04/20/2007,GNV,FL,ASO,ES,Federal Contract Tower,10,22,40,6,78,0,0,45,2,47,10,22,85,8,125,4,0,4,129
04/21/2007,GNV,FL,ASO,ES,Federal Contract Tower,9,7,29,3,48,0,0,110,3,113,9,7,139,6,161,24,8,32,193
04/22/2007,GNV,FL,ASO,ES,Federal Contract Tower,11,14,24,14,63,0,0,105,8,113,11,14,129,22,176,48,22,70,246
04/23/2007,GNV,FL,ASO,ES,Federal Contract Tower,10,24,33,8,75,0,0,85,11,96,10,24,118,19,171,64,12,76,247
04/24/2007,GNV,FL,ASO,ES,Federal Contract Tower,9,27,42,8,86,0,0,87,3,90,9,27,129,11,176,110,10,120,296
04/25/2007,GNV,FL,ASO,ES,Federal Contract Tower,10,25,40,4,79,0,0,86,2,88,10,25,126,6,167,78,8,86,253
04/26/2007,GNV,FL,ASO,ES,Federal Contract Tower,10,25,41,0,76,0,0,72,0,72,10,25,113,0,148,78,18,96,244
04/27/2007,GNV,FL,ASO,ES,Federal Contract Tower,12,20,41,2,75,0,4,58,2,64,12,24,99,4,139,38,0,38,177
04/28/2007,GNV,FL,ASO,ES,Federal Contract Tower,10,7,25,0,42,0,0,115,0,115,10,7,140,0,157,60,0,60,217
04/29/2007,GNV,FL,ASO,ES,Federal Contract Tower,11,13,37,9,70,0,0,102,0,102,11,13,139,9,172,24,4,28,200
04/30/2007,GNV,FL,ASO,ES,Federal Contract Tower,10,23,51,4,88,0,0,33,0,33,10,23,84,4,121,32,0,32,153
05/01/2007,GNV,FL,ASO,ES,Federal Contract Tower,8,26,24,2,60,0,0,64,2,66,8,26,88,4,126,60,28,88,214
05/02/2007,GNV,FL,ASO,ES,Federal Contract Tower,11,9,56,9,85,0,0,58,8,66,11,9,114,17,151,50,22,72,223
05/03/2007,GNV,FL,ASO,ES,Federal Contract Tower,15,27,61,10,113,0,0,41,12,53,15,27,102,22,166,20,18,38,204
05/04/2007,GNV,FL,ASO,ES,Federal Contract Tower,11,29,60,17,117,0,0,42,7,49,11,29,102,24,166,76,2,78,244
05/05/2007,GNV,FL,ASO,ES,Federal Contract Tower,12,8,31,3,54,0,0,48,6,54,12,8,79,9,108,28,0,28,136
05/06/2007,GNV,FL,ASO,ES,Federal Contract Tower,10,17,36,6,69,0,0,30,0,30,10,17,66,6,99,48,0,48,147
05/07/2007,GNV,FL,ASO,ES,Federal Contract Tower,13,22,47,10,92,0,0,62,0,62,13,22,109,10,154,66,2,68,222
05/08/2007,GNV,FL,ASO,ES,Federal Contract Tower,8,25,42,5,80,0,0,14,2,16,8,25,56,7,96,2,4,6,102
05/09/2007,GNV,FL,ASO,ES,Federal Contract Tower,11,27,63,2,103,0,0,38,1,39,11,27,101,3,142,50,14,64,206
05/10/2007,GNV,FL,ASO,ES,Federal Contract Tower,11,23,44,5,83,0,0,17,0,17,11,23,61,5,100,0,0,0,100
05/11/2007,GNV,FL,ASO,ES,Federal Contract Tower,10,25,40,6,81,0,3,27,2,32,10,28,67,8,113,28,0,28,141
05/12/2007,GNV,FL,ASO,ES,Federal Contract Tower,9,12,38,0,59,0,0,10,2,12,9,12,48,2,71,8,0,8,79
05/13/2007,GNV,FL,ASO,ES,Federal Contract Tower,11,17,28,0,56,0,0,8,0,8,11,17,36,0,64,0,0,0,64
05/14/2007,GNV,FL,ASO,ES,Federal Contract Tower,11,20,46,2,79,0,0,36,4,40,11,20,82,6,119,2,0,2,121
05/15/2007,GNV,FL,ASO,ES,Federal Contract Tower,9,29,49,8,95,0,0,92,0,92,9,29,141,8,187,16,56,72,259
05/16/2007,GNV,FL,ASO,ES,Federal Contract Tower,9,28,38,4,79,0,0,57,0,57,9,28,95,4,136,80,0,80,216
05/17/2007,GNV,FL,ASO,ES,Federal Contract Tower,10,23,39,7,79,0,1,60,6,67,10,24,99,13,146,58,8,66,212
05/18/2007,GNV,FL,ASO,ES,Federal Contract Tower,11,23,41,25,100,0,2,33,14,49,11,25,74,39,149,60,12,72,221
05/19/2007,GNV,FL,ASO,ES,Federal Contract Tower,9,12,33,8,62,0,0,72,0,72,9,12,105,8,134,22,6,28,162
05/20/2007,GNV,FL,ASO,ES,Federal Contract Tower,11,10,25,18,64,0,0,86,13,99,11,10,111,31,163,24,16,40,203
05/21/2007,GNV,FL,ASO,ES,Federal Contract Tower,10,20,40,11,81,0,0,101,3,104,10,20,141,14,185,36,2,38,223
05/22/2007,GNV,FL,ASO,ES,Federal Contract Tower,9,32,33,11,85,0,0,88,7,95,9,32,121,18,180,28,6,34,214
05/23/2007,GNV,FL,ASO,ES,Federal Contract Tower,8,33,59,0,100,0,0,95,0,95,8,33,154,0,195,42,0,42,237
05/24/2007,GNV,FL,ASO,ES,Federal Contract Tower,11,29,65,5,110,0,0,85,5,90,11,29,150,10,200,30,0,30,230
05/25/2007,GNV,FL,ASO,ES,Federal Contract Tower,10,30,48,9,97,0,1,51,3,55,10,31,99,12,152,2,8,10,162
05/26/2007,GNV,FL,ASO,ES,Federal Contract Tower,8,6,39,4,57,0,0,91,12,103,8,6,130,16,160,74,12,86,246
05/27/2007,GNV,FL,ASO,ES,Federal Contract Tower,6,11,27,1,45,0,0,57,1,58,6,11,84,2,103,24,6,30,133
05/28/2007,GNV,FL,ASO,ES,Federal Contract Tower,10,20,42,1,73,0,0,70,1,71,10,20,112,2,144,40,0,40,184
05/29/2007,GNV,FL,ASO,ES,Federal Contract Tower,9,21,39,7,76,0,0,75,7,82,9,21,114,14,158,30,8,38,196
05/30/2007,GNV,FL,ASO,ES,Federal Contract Tower,11,27,8,9,55,0,0,115,6,121,11,27,123,15,176,16,0,16,192
05/31/2007,GNV,FL,ASO,ES,Federal Contract Tower,11,29,56,10,106,0,0,62,8,70,11,29,118,18,176,74,24,98,274
06/01/2007,GNV,FL,ASO,ES,Federal Contract Tower,10,22,55,7,94,0,0,45,8,53,10,22,100,15,147,102,6,108,255
06/02/2007,GNV,FL,ASO,ES,Federal Contract Tower,9,9,8,0,26,0,0,0,0,0,9,9,8,0,26,0,0,0,26
06/03/2007,GNV,FL,ASO,ES,Federal Contract Tower,10,9,29,9,57,0,0,49,11,60,10,9,78,20,117,36,16,52,169
06/04/2007,GNV,FL,ASO,ES,Federal Contract Tower,10,18,39,3,70,0,0,30,7,37,10,18,69,10,107,68,0,68,175
06/05/2007,GNV,FL,ASO,ES,Federal Contract Tower,8,22,34,0,64,0,0,56,6,62,8,22,90,6,126,42,8,50,176
06/06/2007,GNV,FL,ASO,ES,Federal Contract Tower,9,30,55,0,94,0,0,87,3,90,9,30,142,3,184,156,0,156,340
06/07/2007,GNV,FL,ASO,ES,Federal Contract Tower,9,29,72,4,114,0,0,89,7,96,9,29,161,11,210,94,12,106,316
06/08/2007,GNV,FL,ASO,ES,Federal Contract Tower,8,4,61,8,81,0,0,65,12,77,8,4,126,20,158,88,6,94,252
06/09/2007,GNV,FL,ASO,ES,Federal Contract Tower,10,0,35,1,46,0,10,66,0,76,10,10,101,1,122,34,0,34,156
06/10/2007,GNV,FL,ASO,ES,Federal Contract Tower,7,12,46,11,76,0,0,78,0,78,7,12,124,11,154,18,8,26,180
06/11/2007,GNV,FL,ASO,ES,Federal Contract Tower,8,20,52,0,80,0,0,45,0,45,8,20,97,0,125,50,0,50,175
06/12/2007,GNV,FL,ASO,ES,Federal Contract Tower,8,21,44,0,73,0,0,12,2,14,8,21,56,2,87,0,22,22,109
06/13/2007,GNV,FL,ASO,ES,Federal Contract Tower,10,26,50,3,89,0,0,40,6,46,10,26,90,9,135,42,0,42,177
06/14/2007,GNV,FL,ASO,ES,Federal Contract Tower,10,23,52,2,87,0,0,98,0,98,10,23,150,2,185,124,0,124,309
06/15/2007,GNV,FL,ASO,ES,Federal Contract Tower,11,25,44,5,85,0,0,121,3,124,11,25,165,8,209,108,0,108,317
06/16/2007,GNV,FL,ASO,ES,Federal Contract Tower,11,11,27,0,49,0,0,72,0,72,11,11,99,0,121,64,0,64,185
06/17/2007,GNV,FL,ASO,ES,Federal Contract Tower,9,11,26,2,48,0,0,110,0,110,9,11,136,2,158,54,0,54,212
06/18/2007,GNV,FL,ASO,ES,Federal Contract Tower,9,18,50,3,80,0,0,74,3,77,9,18,124,6,157,24,0,24,181
06/19/2007,GNV,FL,ASO,ES,Federal Contract Tower,9,24,38,1,72,2,0,73,1,76,11,24,111,2,148,108,16,124,272
06/20/2007,GNV,FL,ASO,ES,Federal Contract Tower,11,23,35,6,75,0,0,0,0,0,11,23,35,6,75,11,23,34,109
06/21/2007,GNV,FL,ASO,ES,Federal Contract Tower,10,30,63,5,108,0,0,36,2,38,10,30,99,7,146,18,8,26,172
06/22/2007,GNV,FL,ASO,ES,Federal Contract Tower,12,29,72,12,125,0,0,90,3,93,12,29,162,15,218,58,6,64,282
06/23/2007,GNV,FL,ASO,ES,Federal Contract Tower,10,10,53,0,73,0,0,92,2,94,10,10,145,2,167,86,0,86,253
06/24/2007,GNV,FL,ASO,ES,Federal Contract Tower,11,19,31,4,65,0,0,76,6,82,11,19,107,10,147,40,0,40,187
06/25/2007,GNV,FL,ASO,ES,Federal Contract Tower,7,23,47,0,77,0,0,49,0,49,7,23,96,0,126,26,0,26,152
06/26/2007,GNV,FL,ASO,ES,Federal Contract Tower,7,23,53,6,89,0,0,73,11,84,7,23,126,17,173,40,14,54,227
06/27/2007,GNV,FL,ASO,ES,Federal Contract Tower,8,25,39,0,72,0,0,75,0,75,8,25,114,0,147,36,0,36,183
06/28/2007,GNV,FL,ASO,ES,Federal Contract Tower,8,23,45,1,77,0,0,64,3,67,8,23,109,4,144,104,0,104,248
06/29/2007,GNV,FL,ASO,ES,Federal Contract Tower,8,23,48,2,81,0,0,67,0,67,8,23,115,2,148,38,0,38,186
06/30/2007,GNV,FL,ASO,ES,Federal Contract Tower,8,7,37,8,60,0,0,99,0,99,8,7,136,8,159,84,14,98,257
07/01/2007,GNV,FL,ASO,ES,Federal Contract Tower,10,12,33,8,63,0,0,60,0,60,10,12,93,8,123,30,4,34,157
07/02/2007,GNV,FL,ASO,ES,Federal Contract Tower,11,20,32,11,74,0,0,70,4,74,11,20,102,15,148,84,2,86,234
07/03/2007,GNV,FL,ASO,ES,Federal Contract Tower,7,20,38,6,71,0,0,19,4,23,7,20,57,10,94,20,0,20,114
07/04/2007,GNV,FL,ASO,ES,Federal Contract Tower,11,13,9,1,34,0,0,12,0,12,11,13,21,1,46,28,0,28,74
07/05/2007,GNV,FL,ASO,ES,Federal Contract Tower,7,21,38,4,70,0,0,36,2,38,7,21,74,6,108,20,0,20,128
07/06/2007,GNV,FL,ASO,ES,Federal Contract Tower,9,19,37,26,91,0,0,75,9,84,9,19,112,35,175,54,4,58,233
07/07/2007,GNV,FL,ASO,ES,Federal Contract Tower,9,10,38,0,57,0,0,104,0,104,9,10,142,0,161,44,0,44,205
07/08/2007,GNV,FL,ASO,ES,Federal Contract Tower,9,11,42,7,69,0,0,83,2,85,9,11,125,9,154,56,0,56,210
07/09/2007,GNV,FL,ASO,ES,Federal Contract Tower,10,21,39,7,77,0,0,86,7,93,10,21,125,14,170,40,18,58,228
07/10/2007,GNV,FL,ASO,ES,Federal Contract Tower,9,21,56,9,95,0,0,61,3,64,9,21,117,12,159,84,22,106,265
07/11/2007,GNV,FL,ASO,ES,Federal Contract Tower,8,21,43,0,72,0,2,101,0,103,8,23,144,0,175,96,0,96,271
07/12/2007,GNV,FL,ASO,ES,Federal Contract Tower,11,26,32,0,69,0,2,59,1,62,11,28,91,1,131,76,0,76,207
07/13/2007,GNV,FL,ASO,ES,Federal Contract Tower,8,23,44,12,87,0,0,98,6,104,8,23,142,18,191,78,8,86,277
07/14/2007,GNV,FL,ASO,ES,Federal Contract Tower,8,12,29,0,49,0,0,32,0,32,8,12,61,0,81,24,0,24,105
07/15/2007,GNV,FL,ASO,ES,Federal Contract Tower,10,12,35,1,58,0,0,39,1,40,10,12,74,2,98,34,0,34,132
07/16/2007,GNV,FL,ASO,ES,Federal Contract Tower,7,22,53,14,96,0,0,118,3,121,7,22,171,17,217,70,24,94,311
07/17/2007,GNV,FL,ASO,ES,Federal Contract Tower,10,23,40,4,77,0,0,78,7,85,10,23,118,11,162,60,12,72,234
07/18/2007,GNV,FL,ASO,ES,Federal Contract Tower,10,32,45,2,89,0,2,91,2,95,10,34,136,4,184,36,0,36,220
07/19/2007,GNV,FL,ASO,ES,Federal Contract Tower,8,25,51,10,94,0,0,106,4,110,8,25,157,14,204,202,20,222,426
07/20/2007,GNV,FL,ASO,ES,Federal Contract Tower,9,17,71,26,123,0,0,105,22,127,9,17,176,48,250,106,2,108,358
07/21/2007,GNV,FL,ASO,ES,Federal Contract Tower,12,13,38,1,64,0,0,56,0,56,12,13,94,1,120,40,0,40,160
07/22/2007,GNV,FL,ASO,ES,Federal Contract Tower,11,12,25,15,63,0,0,68,13,81,11,12,93,28,144,66,4,70,214
07/23/2007,GNV,FL,ASO,ES,Federal Contract Tower,10,19,39,6,74,0,0,86,8,94,10,19,125,14,168,68,0,68,236
07/24/2007,GNV,FL,ASO,ES,Federal Contract Tower,11,25,34,1,71,0,0,64,11,75,11,25,98,12,146,116,0,116,262
07/25/2007,GNV,FL,ASO,ES,Federal Contract Tower,10,22,40,11,83,0,0,108,10,118,10,22,148,21,201,152,6,158,359
07/26/2007,GNV,FL,ASO,ES,Federal Contract Tower,10,23,50,15,98,0,0,85,7,92,10,23,135,22,190,100,28,128,318
07/27/2007,GNV,FL,ASO,ES,Federal Contract Tower,8,22,75,17,122,0,0,141,7,148,8,22,216,24,270,114,4,118,388
07/28/2007,GNV,FL,ASO,ES,Federal Contract Tower,11,6,25,1,43,0,0,85,0,85,11,6,110,1,128,52,0,52,180
07/29/2007,GNV,FL,ASO,ES,Federal Contract Tower,11,10,51,3,75,0,0,54,0,54,11,10,105,3,129,32,0,32,161
07/30/2007,GNV,FL,ASO,ES,Federal Contract Tower,8,21,40,10,79,0,0,79,6,85,8,21,119,16,164,62,22,84,248
07/31/2007,GNV,FL,ASO,ES,Federal Contract Tower,10,26,51,0,87,0,0,57,0,57,10,26,108,0,144,14,0,14,158
08/01/2007,GNV,FL,ASO,ES,Federal Contract Tower,11,26,47,3,87,0,0,82,12,94,11,26,129,15,181,58,6,64,245
08/02/2007,GNV,FL,ASO,ES,Federal Contract Tower,10,24,57,0,91,0,0,27,2,29,10,24,84,2,120,0,0,0,120
08/03/2007,GNV,FL,ASO,ES,Federal Contract Tower,10,23,36,0,69,0,1,48,0,49,10,24,84,0,118,46,0,46,164
08/04/2007,GNV,FL,ASO,ES,Federal Contract Tower,9,11,29,1,50,0,0,76,3,79,9,11,105,4,129,54,0,54,183
08/05/2007,GNV,FL,ASO,ES,Federal Contract Tower,10,19,22,2,53,0,0,80,12,92,10,19,102,14,145,42,2,44,189
08/06/2007,GNV,FL,ASO,ES,Federal Contract Tower,8,27,43,13,91,0,0,75,5,80,8,27,118,18,171,58,0,58,229
08/07/2007,GNV,FL,ASO,ES,Federal Contract Tower,11,27,62,8,108,0,0,80,7,87,11,27,142,15,195,116,0,116,311
08/08/2007,GNV,FL,ASO,ES,Federal Contract Tower,11,25,61,9,106,0,1,76,8,85,11,26,137,17,191,118,8,126,317
08/09/2007,GNV,FL,ASO,ES,Federal Contract Tower,10,26,53,0,89,0,0,50,2,52,10,26,103,2,141,32,0,32,173
08/10/2007,GNV,FL,ASO,ES,Federal Contract Tower,10,21,47,6,84,0,0,81,6,87,10,21,128,12,171,148,0,148,319
08/11/2007,GNV,FL,ASO,ES,Federal Contract Tower,11,7,40,4,62,0,0,67,0,67,11,7,107,4,129,52,16,68,197
08/12/2007,GNV,FL,ASO,ES,Federal Contract Tower,10,10,36,1,57,0,0,55,1,56,10,10,91,2,113,48,0,48,161
08/13/2007,GNV,FL,ASO,ES,Federal Contract Tower,7,23,51,7,88,0,0,51,2,53,7,23,102,9,141,56,0,56,197
08/14/2007,GNV,FL,ASO,ES,Federal Contract Tower,10,21,35,8,74,0,0,69,0,69,10,21,104,8,143,38,0,38,181
08/15/2007,GNV,FL,ASO,ES,Federal Contract Tower,9,30,61,6,106,0,0,82,1,83,9,30,143,7,189,42,0,42,231
08/16/2007,GNV,FL,ASO,ES,Federal Contract Tower,9,27,46,2,84,0,2,56,0,58,9,29,102,2,142,36,0,36,178
08/17/2007,GNV,FL,ASO,ES,Federal Contract Tower,8,25,62,0,95,0,0,76,2,78,8,25,138,2,173,80,0,80,253
08/18/2007,GNV,FL,ASO,ES,Federal Contract Tower,8,11,33,0,52,0,0,79,0,79,8,11,112,0,131,94,0,94,225
08/19/2007,GNV,FL,ASO,ES,Federal Contract Tower,5,12,37,4,58,0,0,84,5,89,5,12,121,9,147,72,0,72,219
08/20/2007,GNV,FL,ASO,ES,Federal Contract Tower,11,22,43,0,76,0,0,88,1,89,11,22,131,1,165,36,8,44,209
08/21/2007,GNV,FL,ASO,ES,Federal Contract Tower,8,27,61,12,108,0,3,73,4,80,8,30,134,16,188,100,50,150,338
08/22/2007,GNV,FL,ASO,ES,Federal Contract Tower,5,24,57,10,96,0,2,66,10,78,5,26,123,20,174,20,0,20,194
08/23/2007,GNV,FL,ASO,ES,Federal Contract Tower,9,26,43,18,96,0,2,82,0,84,9,28,125,18,180,62,22,84,264
08/24/2007,GNV,FL,ASO,ES,Federal Contract Tower,6,26,55,0,87,0,0,45,0,45,6,26,100,0,132,36,0,36,168
08/25/2007,GNV,FL,ASO,ES,Federal Contract Tower,7,10,47,0,64,0,0,51,2,53,7,10,98,2,117,58,0,58,175
08/26/2007,GNV,FL,ASO,ES,Federal Contract Tower,7,15,22,1,45,0,0,40,0,40,7,15,62,1,85,34,0,34,119
08/27/2007,GNV,FL,ASO,ES,Federal Contract Tower,9,22,49,7,87,0,0,49,5,54,9,22,98,12,141,38,0,38,179
08/28/2007,GNV,FL,ASO,ES,Federal Contract Tower,3,28,50,0,81,0,0,103,0,103,3,28,153,0,184,62,0,62,246
08/29/2007,GNV,FL,ASO,ES,Federal Contract Tower,7,29,56,11,103,0,0,75,12,87,7,29,131,23,190,56,0,56,246
08/30/2007,GNV,FL,ASO,ES,Federal Contract Tower,9,24,84,18,135,0,0,83,11,94,9,24,167,29,229,6,0,6,235
08/31/2007,GNV,FL,ASO,ES,Federal Contract Tower,10,24,63,6,103,0,0,60,3,63,10,24,123,9,166,46,0,46,212
09/01/2007,GNV,FL,ASO,ES,Federal Contract Tower,7,10,61,0,78,0,0,28,1,29,7,10,89,1,107,18,0,18,125
09/02/2007,GNV,FL,ASO,ES,Federal Contract Tower,6,17,25,0,48,0,0,23,0,23,6,17,48,0,71,16,0,16,87
09/03/2007,GNV,FL,ASO,ES,Federal Contract Tower,7,17,43,1,68,0,0,48,0,48,7,17,91,1,116,64,0,64,180
09/04/2007,GNV,FL,ASO,ES,Federal Contract Tower,8,18,62,10,98,0,1,66,6,73,8,19,128,16,171,114,18,132,303
09/05/2007,GNV,FL,ASO,ES,Federal Contract Tower,8,23,75,15,121,0,2,82,18,102,8,25,157,33,223,82,32,114,337
09/06/2007,GNV,FL,ASO,ES,Federal Contract Tower,9,33,42,9,93,0,1,88,3,92,9,34,130,12,185,38,0,38,223
09/07/2007,GNV,FL,ASO,ES,Federal Contract Tower,7,26,60,11,104,0,0,120,11,131,7,26,180,22,235,84,22,106,341
09/08/2007,GNV,FL,ASO,ES,Federal Contract Tower,6,11,61,3,81,0,0,138,1,139,6,11,199,4,220,66,6,72,292
09/09/2007,GNV,FL,ASO,ES,Federal Contract Tower,9,14,52,11,86,0,0,66,12,78,9,14,118,23,164,8,14,22,186
09/10/2007,GNV,FL,ASO,ES,Federal Contract Tower,7,23,37,3,70,0,0,69,1,70,7,23,106,4,140,60,0,60,200
09/11/2007,GNV,FL,ASO,ES,Federal Contract Tower,6,29,35,3,73,0,3,54,0,57,6,32,89,3,130,48,0,48,178
09/12/2007,GNV,FL,ASO,ES,Federal Contract Tower,9,30,40,6,85,0,0,78,4,82,9,30,118,10,167,54,24,78,245
09/13/2007,GNV,FL,ASO,ES,Federal Contract Tower,7,27,56,0,90,0,0,70,2,72,7,27,126,2,162,58,0,58,220
09/14/2007,GNV,FL,ASO,ES,Federal Contract Tower,9,31,73,13,126,0,0,104,10,114,9,31,177,23,240,84,4,88,328
09/15/2007,GNV,FL,ASO,ES,Federal Contract Tower,11,21,176,2,210,0,0,106,0,106,11,21,282,2,316,4,0,4,320
09/16/2007,GNV,FL,ASO,ES,Federal Contract Tower,7,21,68,1,97,0,0,53,1,54,7,21,121,2,151,20,0,20,171
09/17/2007,GNV,FL,ASO,ES,Federal Contract Tower,6,25,32,6,69,0,0,33,2,35,6,25,65,8,104,16,6,22,126
09/18/2007,GNV,FL,ASO,ES,Federal Contract Tower,8,36,49,3,96,0,1,61,0,62,8,37,110,3,158,24,0,24,182
09/19/2007,GNV,FL,ASO,ES,Federal Contract Tower,9,36,37,6,88,0,0,17,0,17,9,36,54,6,105,14,0,14,119
09/20/2007,GNV,FL,ASO,ES,Federal Contract Tower,9,44,47,5,105,0,0,60,2,62,9,44,107,7,167,64,52,116,283
09/21/2007,GNV,FL,ASO,ES,Federal Contract Tower,10,34,57,12,113,0,0,80,15,95,10,34,137,27,208,94,18,112,320
09/22/2007,GNV,FL,ASO,ES,Federal Contract Tower,6,10,51,0,67,0,1,66,0,67,6,11,117,0,134,88,0,88,222
09/23/2007,GNV,FL,ASO,ES,Federal Contract Tower,7,22,57,0,86,0,0,48,0,48,7,22,105,0,134,24,0,24,158
09/24/2007,GNV,FL,ASO,ES,Federal Contract Tower,10,31,49,4,94,0,0,59,1,60,10,31,108,5,154,52,0,52,206
09/25/2007,GNV,FL,ASO,ES,Federal Contract Tower,7,38,42,8,95,0,0,86,1,87,7,38,128,9,182,102,30,132,314
09/26/2007,GNV,FL,ASO,ES,Federal Contract Tower,8,41,58,3,110,0,0,60,4,64,8,41,118,7,174,90,12,102,276
09/27/2007,GNV,FL,ASO,ES,Federal Contract Tower,9,33,58,1,101,0,0,77,7,84,9,33,135,8,185,96,30,126,311
09/28/2007,GNV,FL,ASO,ES,Federal Contract Tower,8,44,74,12,138,0,0,95,12,107,8,44,169,24,245,78,16,94,339
09/29/2007,GNV,FL,ASO,ES,Federal Contract Tower,11,28,143,1,183,0,0,92,7,99,11,28,235,8,282,6,0,6,288
09/30/2007,GNV,FL,ASO,ES,Federal Contract Tower,11,22,77,7,117,0,0,69,1,70,11,22,146,8,187,8,0,8,195
10/01/2007,GNV,FL,ASO,ES,Federal Contract Tower,8,31,41,2,82,0,0,40,0,40,8,31,81,2,122,28,0,28,150
10/02/2007,GNV,FL,ASO,ES,Federal Contract Tower,7,38,41,0,86,0,3,13,0,16,7,41,54,0,102,0,0,0,102
10/03/2007,GNV,FL,ASO,ES,Federal Contract Tower,5,35,56,5,101,0,0,54,12,66,5,35,110,17,167,70,0,70,237
10/04/2007,GNV,FL,ASO,ES,Federal Contract Tower,12,41,40,4,97,0,0,31,0,31,12,41,71,4,128,28,12,40,168
10/05/2007,GNV,FL,ASO,ES,Federal Contract Tower,8,41,56,11,116,0,0,9,4,13,8,41,65,15,129,10,70,80,209
10/06/2007,GNV,FL,ASO,ES,Federal Contract Tower,2,14,40,1,57,0,0,21,0,21,2,14,61,1,78,14,0,14,92
10/07/2007,GNV,FL,ASO,ES,Federal Contract Tower,8,16,49,0,73,0,0,28,0,28,8,16,77,0,101,24,0,24,125
10/08/2007,GNV,FL,ASO,ES,Federal Contract Tower,4,32,49,1,86,0,0,74,3,77,4,32,123,4,163,88,0,88,251
10/09/2007,GNV,FL,ASO,ES,Federal Contract Tower,5,38,37,4,84,0,0,122,1,123,5,38,159,5,207,60,0,60,267
10/10/2007,GNV,FL,ASO,ES,Federal Contract Tower,6,38,43,5,92,0,1,98,3,102,6,39,141,8,194,124,4,128,322
10/11/2007,GNV,FL,ASO,ES,Federal Contract Tower,9,39,50,11,109,0,1,103,12,116,9,40,153,23,225,100,18,118,343
10/12/2007,GNV,FL,ASO,ES,Federal Contract Tower,8,29,51,1,89,0,3,103,0,106,8,32,154,1,195,120,0,120,315
10/13/2007,GNV,FL,ASO,ES,Federal Contract Tower,2,13,36,11,62,0,0,126,5,131,2,13,162,16,193,8,22,30,223
10/14/2007,GNV,FL,ASO,ES,Federal Contract Tower,6,28,41,1,76,0,0,78,3,81,6,28,119,4,157,68,0,68,225
10/15/2007,GNV,FL,ASO,ES,Federal Contract Tower,3,28,47,0,78,0,0,99,0,99,3,28,146,0,177,58,0,58,235
10/16/2007,GNV,FL,ASO,ES,Federal Contract Tower,7,28,46,2,83,0,0,64,0,64,7,28,110,2,147,96,0,96,243
10/17/2007,GNV,FL,ASO,ES,Federal Contract Tower,7,27,50,10,94,0,0,70,9,79,7,27,120,19,173,74,10,84,257
10/18/2007,GNV,FL,ASO,ES,Federal Contract Tower,8,39,69,2,118,0,1,58,1,60,8,40,127,3,178,46,0,46,224
10/19/2007,GNV,FL,ASO,ES,Federal Contract Tower,9,34,50,6,99,0,0,20,3,23,9,34,70,9,122,34,0,34,156
10/20/2007,GNV,FL,ASO,ES,Federal Contract Tower,2,12,44,4,62,0,0,59,0,59,2,12,103,4,121,82,0,82,203
10/21/2007,GNV,FL,ASO,ES,Federal Contract Tower,7,16,42,0,65,0,0,34,0,34,7,16,76,0,99,20,0,20,119
10/22/2007,GNV,FL,ASO,ES,Federal Contract Tower,7,30,51,23,111,0,0,39,1,40,7,30,90,24,151,76,0,76,227
10/23/2007,GNV,FL,ASO,ES,Federal Contract Tower,5,35,41,6,87,0,2,59,8,69,5,37,100,14,156,48,34,82,238
10/24/2007,GNV,FL,ASO,ES,Federal Contract Tower,6,42,41,5,94,0,0,0,0,0,6,42,41,5,94,56,8,64,158
10/25/2007,GNV,FL,ASO,ES,Federal Contract Tower,8,35,65,11,119,0,2,101,4,107,8,37,166,15,226,158,28,186,412
10/26/2007,GNV,FL,ASO,ES,Federal Contract Tower,8,39,55,4,106,0,0,23,2,25,8,39,78,6,131,22,10,32,163
10/27/2007,GNV,FL,ASO,ES,Federal Contract Tower,3,15,26,7,51,0,0,8,4,12,3,15,34,11,63,36,5,41,104
10/28/2007,GNV,FL,ASO,ES,Federal Contract Tower,6,22,46,2,76,0,0,34,0,34,6,22,80,2,110,16,0,16,126
10/29/2007,GNV,FL,ASO,ES,Federal Contract Tower,8,34,43,3,88,0,0,0,0,0,8,34,43,3,88,3,2,5,93
10/30/2007,GNV,FL,ASO,ES,Federal Contract Tower,6,37,43,10,96,0,1,46,2,49,6,38,89,12,145,58,20,78,223
10/31/2007,GNV,FL,ASO,ES,Federal Contract Tower,7,32,36,0,75,0,0,52,0,52,7,32,88,0,127,53,0,53,180
11/01/2007,GNV,FL,ASO,ES,Federal Contract Tower,8,32,40,0,80,0,0,26,0,26,8,32,66,0,106,10,0,10,116
11/02/2007,GNV,FL,ASO,ES,Federal Contract Tower,9,42,67,12,130,0,0,79,2,81,9,42,146,14,211,72,2,74,285
11/03/2007,GNV,FL,ASO,ES,Federal Contract Tower,5,18,68,0,91,0,0,120,5,125,5,18,188,5,216,36,0,36,252
11/04/2007,GNV,FL,ASO,ES,Federal Contract Tower,7,20,46,3,76,0,0,131,0,131,7,20,177,3,207,98,0,98,305
11/05/2007,GNV,FL,ASO,ES,Federal Contract Tower,7,32,45,2,86,0,0,91,4,95,7,32,136,6,181,152,22,174,355
11/06/2007,GNV,FL,ASO,ES,Federal Contract Tower,6,39,26,0,71,0,2,157,3,162,6,41,183,3,233,196,0,196,429
11/07/2007,GNV,FL,ASO,ES,Federal Contract Tower,6,42,39,6,93,0,1,128,1,130,6,43,167,7,223,158,0,158,381
11/08/2007,GNV,FL,ASO,ES,Federal Contract Tower,7,36,48,8,99,1,1,107,15,124,8,37,155,23,223,66,20,86,309
11/09/2007,GNV,FL,ASO,ES,Federal Contract Tower,9,36,46,13,104,0,0,109,12,121,9,36,155,25,225,58,12,70,295
11/10/2007,GNV,FL,ASO,ES,Federal Contract Tower,3,13,59,2,77,0,0,73,5,78,3,13,132,7,155,42,2,44,199
11/11/2007,GNV,FL,ASO,ES,Federal Contract Tower,8,14,41,0,63,0,0,64,0,64,8,14,105,0,127,50,0,50,177
11/12/2007,GNV,FL,ASO,ES,Federal Contract Tower,5,28,27,2,62,0,0,78,2,80,5,28,105,4,142,60,8,68,210
11/13/2007,GNV,FL,ASO,ES,Federal Contract Tower,4,46,34,4,88,0,0,86,2,88,4,46,120,6,176,42,4,46,222
11/14/2007,GNV,FL,ASO,ES,Federal Contract Tower,8,43,49,2,102,0,0,83,0,83,8,43,132,2,185,36,0,36,221
11/15/2007,GNV,FL,ASO,ES,Federal Contract Tower,6,42,55,12,115,0,0,71,0,71,6,42,126,12,186,60,16,76,262
11/16/2007,GNV,FL,ASO,ES,Federal Contract Tower,6,40,68,3,117,0,0,80,3,83,6,40,148,6,200,48,0,48,248
11/17/2007,GNV,FL,ASO,ES,Federal Contract Tower,4,17,60,0,81,0,0,84,0,84,4,17,144,0,165,20,0,20,185
11/18/2007,GNV,FL,ASO,ES,Federal Contract Tower,7,28,32,0,67,0,0,92,2,94,7,28,124,2,161,74,0,74,235
11/19/2007,GNV,FL,ASO,ES,Federal Contract Tower,7,34,52,6,99,0,0,93,20,113,7,34,145,26,212,52,32,84,296
11/20/2007,GNV,FL,ASO,ES,Federal Contract Tower,7,37,41,9,94,0,1,98,9,108,7,38,139,18,202,78,10,88,290
11/21/2007,GNV,FL,ASO,ES,Federal Contract Tower,7,46,49,0,102,0,0,101,0,101,7,46,150,0,203,60,24,84,287
11/22/2007,GNV,FL,ASO,ES,Federal Contract Tower,3,12,8,0,23,0,0,8,0,8,3,12,16,0,31,4,0,4,35
11/23/2007,GNV,FL,ASO,ES,Federal Contract Tower,3,24,34,1,62,0,0,54,1,55,3,24,88,2,117,34,0,34,151
11/24/2007,GNV,FL,ASO,ES,Federal Contract Tower,7,32,136,1,176,0,0,58,0,58,7,32,194,1,234,14,0,14,248
11/25/2007,GNV,FL,ASO,ES,Federal Contract Tower,6,20,61,0,87,0,2,43,0,45,6,22,104,0,132,12,0,12,144
11/26/2007,GNV,FL,ASO,ES,Federal Contract Tower,6,32,33,6,77,0,0,51,2,53,6,32,84,8,130,44,14,58,188
11/27/2007,GNV,FL,ASO,ES,Federal Contract Tower,7,29,65,10,111,0,0,37,6,43,7,29,102,16,154,22,0,22,176
11/28/2007,GNV,FL,ASO,ES,Federal Contract Tower,8,37,69,0,114,0,2,50,3,55,8,39,119,3,169,58,0,58,227
11/29/2007,GNV,FL,ASO,ES,Federal Contract Tower,8,29,78,17,132,0,0,30,1,31,8,29,108,18,163,34,0,34,197
11/30/2007,GNV,FL,ASO,ES,Federal Contract Tower,6,34,47,18,105,0,0,68,20,88,6,34,115,38,193,90,58,148,341
12/01/2007,GNV,FL,ASO,ES,Federal Contract Tower,3,17,33,0,53,0,0,91,0,91,3,17,124,0,144,76,0,76,220
12/02/2007,GNV,FL,ASO,ES,Federal Contract Tower,5,21,32,19,77,0,2,75,8,85,5,23,107,27,162,38,0,38,200
12/03/2007,GNV,FL,ASO,ES,Federal Contract Tower,5,34,35,5,79,0,0,38,9,47,5,34,73,14,126,44,0,44,170
12/04/2007,GNV,FL,ASO,ES,Federal Contract Tower,4,43,50,16,113,0,0,89,12,101,4,43,139,28,214,74,22,96,310
12/05/2007,GNV,FL,ASO,ES,Federal Contract Tower,5,31,52,3,91,0,0,131,12,143,5,31,183,15,234,38,0,38,272
12/06/2007,GNV,FL,ASO,ES,Federal Contract Tower,5,35,52,5,97,0,1,109,6,116,5,36,161,11,213,42,0,42,255
12/07/2007,GNV,FL,ASO,ES,Federal Contract Tower,8,30,64,10,112,0,0,56,2,58,8,30,120,12,170,40,0,40,210
12/08/2007,GNV,FL,ASO,ES,Federal Contract Tower,2,13,35,1,51,0,0,94,2,96,2,13,129,3,147,90,2,92,239
12/09/2007,GNV,FL,ASO,ES,Federal Contract Tower,4,18,30,9,61,0,0,76,12,88,4,18,106,21,149,52,4,56,205
12/10/2007,GNV,FL,ASO,ES,Federal Contract Tower,5,37,46,0,88,0,2,92,5,99,5,39,138,5,187,134,0,134,321
12/11/2007,GNV,FL,ASO,ES,Federal Contract Tower,5,43,29,7,84,0,1,97,4,102,5,44,126,11,186,74,0,74,260
12/12/2007,GNV,FL,ASO,ES,Federal Contract Tower,5,46,73,6,130,0,0,104,1,105,5,46,177,7,235,102,6,108,343
12/13/2007,GNV,FL,ASO,ES,Federal Contract Tower,6,42,61,7,116,0,1,110,2,113,6,43,171,9,229,30,10,40,269
12/14/2007,GNV,FL,ASO,ES,Federal Contract Tower,3,44,53,13,113,1,0,65,0,66,4,44,118,13,179,58,38,96,275
12/15/2007,GNV,FL,ASO,ES,Federal Contract Tower,3,18,35,11,67,0,0,28,2,30,3,18,63,13,97,26,0,26,123
12/16/2007,GNV,FL,ASO,ES,Federal Contract Tower,4,18,22,12,56,0,0,31,7,38,4,18,53,19,94,26,0,26,120
12/17/2007,GNV,FL,ASO,ES,Federal Contract Tower,1,31,45,18,95,0,0,58,14,72,1,31,103,32,167,74,30,104,271
12/18/2007,GNV,FL,ASO,ES,Federal Contract Tower,8,34,44,4,90,0,0,139,6,145,8,34,183,10,235,100,10,110,345
12/19/2007,GNV,FL,ASO,ES,Federal Contract Tower,6,33,46,11,96,0,0,88,8,96,6,33,134,19,192,70,16,86,278
12/20/2007,GNV,FL,ASO,ES,Federal Contract Tower,9,34,44,0,87,0,1,94,3,98,9,35,138,3,185,32,6,38,223
12/21/2007,GNV,FL,ASO,ES,Federal Contract Tower,6,32,52,0,90,0,5,33,0,38,6,37,85,0,128,44,0,44,172
12/22/2007,GNV,FL,ASO,ES,Federal Contract Tower,5,16,45,0,66,0,0,5,0,5,5,16,50,0,71,0,0,0,71
12/23/2007,GNV,FL,ASO,ES,Federal Contract Tower,5,14,20,0,39,0,1,26,0,27,5,15,46,0,66,22,0,22,88
12/24/2007,GNV,FL,ASO,ES,Federal Contract Tower,3,21,22,0,46,0,0,40,0,40,3,21,62,0,86,28,0,28,114
12/25/2007,GNV,FL,ASO,ES,Federal Contract Tower,3,16,8,0,27,0,0,2,0,2,3,16,10,0,29,8,0,8,37
12/26/2007,GNV,FL,ASO,ES,Federal Contract Tower,6,24,49,0,79,0,0,36,0,36,6,24,85,0,115,4,0,4,119
12/27/2007,GNV,FL,ASO,ES,Federal Contract Tower,6,29,46,1,82,0,0,64,3,67,6,29,110,4,149,34,4,38,187
12/28/2007,GNV,FL,ASO,ES,Federal Contract Tower,4,26,25,8,63,0,0,66,4,70,4,26,91,12,133,20,0,20,153
12/29/2007,GNV,FL,ASO,ES,Federal Contract Tower,5,10,31,0,46,0,0,25,7,32,5,10,56,7,78,46,0,46,124
12/30/2007,GNV,FL,ASO,ES,Federal Contract Tower,5,14,15,2,36,0,0,21,0,21,5,14,36,2,57,22,0,22,79
12/31/2007,GNV,FL,ASO,ES,Federal Contract Tower,4,29,26,0,59,0,0,36,0,36,4,29,62,0,95,34,0,34,129
01/01/2008,GNV,FL,ASO,ES,Federal Contract Tower,3,16,19,0,38,0,0,56,0,56,3,16,75,0,94,2,0,2,96
01/02/2008,GNV,FL,ASO,ES,Federal Contract Tower,6,26,25,0,57,0,0,38,0,38,6,26,63,0,95,12,0,12,107
01/03/2008,GNV,FL,ASO,ES,Federal Contract Tower,8,29,34,0,71,0,0,22,0,22,8,29,56,0,93,8,0,8,101
01/04/2008,GNV,FL,ASO,ES,Federal Contract Tower,7,36,37,12,92,0,0,69,4,73,7,36,106,16,165,38,0,38,203
01/05/2008,GNV,FL,ASO,ES,Federal Contract Tower,3,17,57,0,77,0,0,71,1,72,3,17,128,1,149,32,0,32,181
01/06/2008,GNV,FL,ASO,ES,Federal Contract Tower,7,16,34,11,68,0,0,97,2,99,7,16,131,13,167,118,0,118,285
01/07/2008,GNV,FL,ASO,ES,Federal Contract Tower,7,37,36,0,80,0,0,100,4,104,7,37,136,4,184,126,0,126,310
01/08/2008,GNV,FL,ASO,ES,Federal Contract Tower,6,32,57,18,113,0,1,71,11,83,6,33,128,29,196,110,26,136,332
01/09/2008,GNV,FL,ASO,ES,Federal Contract Tower,7,35,61,5,108,0,0,77,3,80,7,35,138,8,188,104,0,104,292
01/10/2008,GNV,FL,ASO,ES,Federal Contract Tower,8,41,54,11,114,0,0,64,6,70,8,41,118,17,184,64,18,82,266
01/11/2008,GNV,FL,ASO,ES,Federal Contract Tower,6,42,56,14,118,0,0,70,5,75,6,42,126,19,193,52,14,66,259
01/12/2008,GNV,FL,ASO,ES,Federal Contract Tower,4,16,68,0,88,0,0,20,0,20,4,16,88,0,108,64,0,64,172
01/13/2008,GNV,FL,ASO,ES,Federal Contract Tower,7,18,18,0,43,0,1,22,2,25,7,19,40,2,68,4,0,4,72
01/14/2008,GNV,FL,ASO,ES,Federal Contract Tower,7,36,42,5,90,0,2,99,1,102,7,38,141,6,192,58,4,62,254
01/15/2008,GNV,FL,ASO,ES,Federal Contract Tower,5,41,63,0,109,0,2,110,0,112,5,43,173,0,221,146,0,146,367
01/16/2008,GNV,FL,ASO,ES,Federal Contract Tower,8,33,66,1,108,0,1,36,10,47,8,34,102,11,155,138,0,138,293
01/17/2008,GNV,FL,ASO,ES,Federal Contract Tower,3,47,40,8,98,0,0,25,5,30,3,47,65,13,128,50,22,72,200
01/18/2008,GNV,FL,ASO,ES,Federal Contract Tower,10,50,78,13,151,0,0,4,0,4,10,50,82,13,155,0,0,0,155
01/19/2008,GNV,FL,ASO,ES,Federal Contract Tower,1,23,31,4,59,0,0,3,0,3,1,23,34,4,62,0,0,0,62
01/20/2008,GNV,FL,ASO,ES,Federal Contract Tower,5,11,37,13,66,0,3,79,2,84,5,14,116,15,150,26,14,40,190
01/21/2008,GNV,FL,ASO,ES,Federal Contract Tower,4,41,52,17,114,0,0,77,13,90,4,41,129,30,204,32,14,46,250
01/22/2008,GNV,FL,ASO,ES,Federal Contract Tower,5,42,42,14,103,0,0,65,5,70,5,42,107,19,173,84,1,85,258
01/23/2008,GNV,FL,ASO,ES,Federal Contract Tower,8,38,50,1,97,0,0,25,1,26,8,38,75,2,123,72,0,72,195
01/24/2008,GNV,FL,ASO,ES,Federal Contract Tower,7,42,52,11,112,0,0,15,6,21,7,42,67,17,133,26,0,26,159
01/25/2008,GNV,FL,ASO,ES,Federal Contract Tower,7,38,90,35,170,0,0,106,17,123,7,38,196,52,293,18,0,18,311
01/26/2008,GNV,FL,ASO,ES,Federal Contract Tower,5,14,89,3,111,0,0,23,0,23,5,14,112,3,134,30,20,50,184
01/27/2008,GNV,FL,ASO,ES,Federal Contract Tower,8,18,114,33,173,0,0,115,20,135,8,18,229,53,308,40,10,50,358
01/28/2008,GNV,FL,ASO,ES,Federal Contract Tower,5,38,50,12,105,0,2,119,2,123,5,40,169,14,228,140,0,140,368
01/29/2008,GNV,FL,ASO,ES,Federal Contract Tower,7,38,59,17,121,0,2,127,6,135,7,40,186,23,256,104,14,118,374
01/30/2008,GNV,FL,ASO,ES,Federal Contract Tower,6,35,79,43,163,0,1,16,5,22,6,36,95,48,185,22,0,22,207
01/31/2008,GNV,FL,ASO,ES,Federal Contract Tower,6,38,57,3,104,0,0,92,7,99,6,38,149,10,203,110,13,123,326
02/01/2008,GNV,FL,ASO,ES,Federal Contract Tower,7,41,58,6,112,0,0,58,5,63,7,41,116,11,175,76,10,86,261
02/02/2008,GNV,FL,ASO,ES,Federal Contract Tower,4,15,66,0,85,0,0,107,0,107,4,15,173,0,192,86,0,86,278
02/03/2008,GNV,FL,ASO,ES,Federal Contract Tower,8,18,29,9,64,0,0,71,8,79,8,18,100,17,143,96,0,96,239
02/04/2008,GNV,FL,ASO,ES,Federal Contract Tower,8,41,42,11,102,0,0,69,0,69,8,41,111,11,171,90,0,90,261
02/05/2008,GNV,FL,ASO,ES,Federal Contract Tower,8,39,53,4,104,0,2,73,6,81,8,41,126,10,185,108,0,108,293
02/06/2008,GNV,FL,ASO,ES,Federal Contract Tower,6,50,60,5,121,0,0,26,4,30,6,50,86,9,151,0,2,2,153
02/07/2008,GNV,FL,ASO,ES,Federal Contract Tower,7,44,76,7,134,0,0,50,2,52,7,44,126,9,186,60,12,72,258
02/08/2008,GNV,FL,ASO,ES,Federal Contract Tower,6,42,56,12,116,0,0,129,10,139,6,42,185,22,255,148,8,156,411
02/09/2008,GNV,FL,ASO,ES,Federal Contract Tower,4,17,51,0,72,1,0,75,0,76,5,17,126,0,148,86,0,86,234
02/10/2008,GNV,FL,ASO,ES,Federal Contract Tower,8,20,37,10,75,0,0,102,13,115,8,20,139,23,190,94,0,94,284
02/11/2008,GNV,FL,ASO,ES,Federal Contract Tower,7,39,51,10,107,0,0,91,3,94,7,39,142,13,201,66,4,70,271
02/12/2008,GNV,FL,ASO,ES,Federal Contract Tower,9,43,52,6,110,0,0,56,2,58,9,43,108,8,168,46,0,46,214
02/13/2008,GNV,FL,ASO,ES,Federal Contract Tower,8,44,51,3,106,0,0,12,1,13,8,44,63,4,119,8,6,14,133
02/14/2008,GNV,FL,ASO,ES,Federal Contract Tower,5,43,38,8,94,0,0,95,7,102,5,43,133,15,196,86,0,86,282
02/15/2008,GNV,FL,ASO,ES,Federal Contract Tower,9,28,72,13,122,0,0,80,4,84,9,28,152,17,206,62,0,62,268
02/16/2008,GNV,FL,ASO,ES,Federal Contract Tower,4,21,47,2,74,0,0,81,0,81,4,21,128,2,155,90,16,106,261
02/17/2008,GNV,FL,ASO,ES,Federal Contract Tower,4,15,32,2,53,0,0,68,0,68,4,15,100,2,121,60,0,60,181
02/18/2008,GNV,FL,ASO,ES,Federal Contract Tower,4,35,39,1,79,0,0,28,0,28,4,35,67,1,107,48,0,48,155
02/19/2008,GNV,FL,ASO,ES,Federal Contract Tower,6,39,70,7,122,0,0,90,1,91,6,39,160,8,213,42,0,42,255
02/20/2008,GNV,FL,ASO,ES,Federal Contract Tower,5,34,43,1,83,1,3,96,0,100,6,37,139,1,183,97,16,113,296
02/21/2008,GNV,FL,ASO,ES,Federal Contract Tower,5,34,42,3,84,0,0,36,0,36,5,34,78,3,120,20,0,20,140
02/22/2008,GNV,FL,ASO,ES,Federal Contract Tower,5,49,44,10,108,0,0,37,0,37,5,49,81,10,145,16,10,26,171
02/23/2008,GNV,FL,ASO,ES,Federal Contract Tower,8,13,62,5,88,0,0,26,0,26,8,13,88,5,114,90,0,90,204
02/24/2008,GNV,FL,ASO,ES,Federal Contract Tower,6,25,55,0,86,0,0,104,0,104,6,25,159,0,190,48,0,48,238
02/25/2008,GNV,FL,ASO,ES,Federal Contract Tower,7,46,55,3,111,0,0,114,2,116,7,46,169,5,227,116,0,116,343
02/26/2008,GNV,FL,ASO,ES,Federal Contract Tower,5,34,28,4,71,0,0,5,2,7,5,34,33,6,78,24,0,24,102
02/27/2008,GNV,FL,ASO,ES,Federal Contract Tower,7,44,38,5,94,0,0,105,7,112,7,44,143,12,206,24,12,36,242
02/28/2008,GNV,FL,ASO,ES,Federal Contract Tower,8,41,52,5,106,0,0,113,5,118,8,41,165,10,224,92,14,106,330
02/29/2008,GNV,FL,ASO,ES,Federal Contract Tower,7,34,42,9,92,0,0,84,3,87,7,34,126,12,179,58,12,70,249
03/01/2008,GNV,FL,ASO,ES,Federal Contract Tower,3,24,47,5,79,0,0,124,6,130,3,24,171,11,209,118,0,118,327
03/02/2008,GNV,FL,ASO,ES,Federal Contract Tower,6,21,48,6,81,0,0,115,3,118,6,21,163,9,199,56,0,56,255
03/03/2008,GNV,FL,ASO,ES,Federal Contract Tower,6,35,39,3,83,0,0,82,10,92,6,35,121,13,175,80,0,80,255
03/04/2008,GNV,FL,ASO,ES,Federal Contract Tower,3,33,26,4,66,0,0,6,4,10,3,33,32,8,76,10,0,10,86
03/05/2008,GNV,FL,ASO,ES,Federal Contract Tower,6,35,69,5,115,0,4,138,0,142,6,39,207,5,257,60,12,72,329
03/06/2008,GNV,FL,ASO,ES,Federal Contract Tower,6,37,38,3,84,0,0,96,3,99,6,37,134,6,183,38,0,38,221
03/07/2008,GNV,FL,ASO,ES,Federal Contract Tower,5,23,11,0,39,0,0,0,0,0,5,23,11,0,39,0,0,0,39
03/08/2008,GNV,FL,ASO,ES,Federal Contract Tower,3,21,34,0,58,0,0,15,4,19,3,21,49,4,77,46,0,46,123
03/09/2008,GNV,FL,ASO,ES,Federal Contract Tower,8,14,35,2,59,0,0,84,0,84,8,14,119,2,143,50,2,52,195
03/10/2008,GNV,FL,ASO,ES,Federal Contract Tower,4,37,106,0,147,0,0,61,0,61,4,37,167,0,208,106,0,106,314
03/11/2008,GNV,FL,ASO,ES,Federal Contract Tower,4,38,38,8,88,0,0,80,0,80,4,38,118,8,168,94,8,102,270
03/12/2008,GNV,FL,ASO,ES,Federal Contract Tower,6,46,60,10,122,0,0,50,4,54,6,46,110,14,176,155,0,155,331
03/13/2008,GNV,FL,ASO,ES,Federal Contract Tower,5,42,77,3,127,0,0,89,7,96,5,42,166,10,223,52,18,70,293
03/14/2008,GNV,FL,ASO,ES,Federal Contract Tower,1,47,58,5,111,0,0,28,2,30,1,47,86,7,141,24,0,24,165
03/15/2008,GNV,FL,ASO,ES,Federal Contract Tower,2,22,51,0,75,0,0,37,0,37,2,22,88,0,112,24,0,24,136
03/16/2008,GNV,FL,ASO,ES,Federal Contract Tower,6,23,59,5,93,0,0,88,0,88,6,23,147,5,181,86,0,86,267
03/17/2008,GNV,FL,ASO,ES,Federal Contract Tower,5,35,34,11,85,0,0,59,7,66,5,35,93,18,151,84,16,100,251
03/18/2008,GNV,FL,ASO,ES,Federal Contract Tower,4,40,32,7,83,0,0,68,3,71,4,40,100,10,154,61,0,61,215
03/19/2008,GNV,FL,ASO,ES,Federal Contract Tower,4,34,30,1,69,0,0,34,7,41,4,34,64,8,110,28,14,42,152
03/20/2008,GNV,FL,ASO,ES,Federal Contract Tower,6,42,42,9,99,0,0,64,7,71,6,42,106,16,170,66,20,86,256
03/21/2008,GNV,FL,ASO,ES,Federal Contract Tower,4,35,47,13,99,1,0,143,3,147,5,35,190,16,246,100,14,114,360
03/22/2008,GNV,FL,ASO,ES,Federal Contract Tower,3,18,30,0,51,0,0,78,0,78,3,18,108,0,129,64,0,64,193
03/23/2008,GNV,FL,ASO,ES,Federal Contract Tower,5,25,34,4,68,0,0,84,2,86,5,25,118,6,154,60,2,62,216
03/24/2008,GNV,FL,ASO,ES,Federal Contract Tower,6,30,40,19,95,0,0,62,9,71,6,30,102,28,166,94,52,146,312
03/25/2008,GNV,FL,ASO,ES,Federal Contract Tower,3,39,49,6,97,0,0,105,3,108,3,39,154,9,205,46,4,50,255
03/26/2008,GNV,FL,ASO,ES,Federal Contract Tower,6,36,62,8,112,0,0,113,12,125,6,36,175,20,237,124,36,160,397
03/27/2008,GNV,FL,ASO,ES,Federal Contract Tower,7,43,54,7,111,0,1,90,3,94,7,44,144,10,205,46,4,50,255
03/28/2008,GNV,FL,ASO,ES,Federal Contract Tower,7,39,69,33,148,0,0,106,19,125,7,39,175,52,273,78,44,122,395
03/29/2008,GNV,FL,ASO,ES,Federal Contract Tower,4,18,25,21,68,0,0,119,2,121,4,18,144,23,189,90,12,102,291
03/30/2008,GNV,FL,ASO,ES,Federal Contract Tower,6,20,42,3,71,0,0,17,5,22,6,20,59,8,93,0,0,0,93
03/31/2008,GNV,FL,ASO,ES,Federal Contract Tower,5,44,52,0,101,0,1,30,2,33,5,45,82,2,134,48,0,48,182
04/01/2008,GNV,FL,ASO,ES,Federal Contract Tower,5,32,37,15,89,0,0,109,7,116,5,32,146,22,205,80,26,106,311
04/02/2008,GNV,FL,ASO,ES,Federal Contract Tower,8,49,52,0,109,0,0,113,10,123,8,49,165,10,232,88,36,124,356
04/03/2008,GNV,FL,ASO,ES,Federal Contract Tower,7,40,54,10,111,0,0,66,2,68,7,40,120,12,179,82,6,88,267
04/04/2008,GNV,FL,ASO,ES,Federal Contract Tower,6,34,57,27,124,0,0,89,2,91,6,34,146,29,215,88,2,90,305
04/05/2008,GNV,FL,ASO,ES,Federal Contract Tower,5,13,26,2,46,0,0,43,0,43,5,13,69,2,89,52,0,52,141
04/06/2008,GNV,FL,ASO,ES,Federal Contract Tower,6,16,25,8,55,0,0,58,4,62,6,16,83,12,117,24,0,24,141
04/07/2008,GNV,FL,ASO,ES,Federal Contract Tower,4,42,62,12,120,0,1,42,4,47,4,43,104,16,167,26,22,48,215
04/08/2008,GNV,FL,ASO,ES,Federal Contract Tower,4,40,60,3,107,0,1,56,3,60,4,41,116,6,167,32,14,46,213
04/09/2008,GNV,FL,ASO,ES,Federal Contract Tower,4,36,33,7,80,0,0,79,0,79,4,36,112,7,159,35,0,35,194
04/10/2008,GNV,FL,ASO,ES,Federal Contract Tower,7,38,48,2,95,0,1,148,14,163,7,39,196,16,258,60,12,72,330
04/11/2008,GNV,FL,ASO,ES,Federal Contract Tower,3,38,34,10,85,0,0,180,3,183,3,38,214,13,268,88,0,88,356
04/12/2008,GNV,FL,ASO,ES,Federal Contract Tower,3,17,40,3,63,0,0,76,2,78,3,17,116,5,141,16,10,26,167
04/13/2008,GNV,FL,ASO,ES,Federal Contract Tower,5,22,33,12,72,0,0,51,3,54,5,22,84,15,126,40,0,40,166
04/14/2008,GNV,FL,ASO,ES,Federal Contract Tower,5,33,50,12,100,0,0,106,1,107,5,33,156,13,207,80,6,86,293
04/15/2008,GNV,FL,ASO,ES,Federal Contract Tower,5,31,64,0,100,0,0,76,4,80,5,31,140,4,180,50,0,50,230
04/16/2008,GNV,FL,ASO,ES,Federal Contract Tower,4,31,45,0,80,0,0,82,0,82,4,31,127,0,162,32,0,32,194
04/17/2008,GNV,FL,ASO,ES,Federal Contract Tower,5,39,51,3,98,0,1,114,2,117,5,40,165,5,215,62,0,62,277
04/18/2008,GNV,FL,ASO,ES,Federal Contract Tower,6,39,56,44,145,0,2,133,30,165,6,41,189,74,310,62,62,124,434
04/19/2008,GNV,FL,ASO,ES,Federal Contract Tower,5,9,32,10,56,0,0,59,7,66,5,9,91,17,122,26,10,36,158
04/20/2008,GNV,FL,ASO,ES,Federal Contract Tower,4,20,48,6,78,0,0,134,8,142,4,20,182,14,220,44,0,44,264
04/21/2008,GNV,FL,ASO,ES,Federal Contract Tower,6,40,51,3,100,0,1,112,1,114,6,41,163,4,214,46,0,46,260
04/22/2008,GNV,FL,ASO,ES,Federal Contract Tower,4,39,36,4,83,0,0,115,2,117,4,39,151,6,200,44,4,48,248
04/23/2008,GNV,FL,ASO,ES,Federal Contract Tower,4,34,46,3,87,0,0,80,2,82,4,34,126,5,169,74,0,74,243
04/24/2008,GNV,FL,ASO,ES,Federal Contract Tower,6,37,77,21,141,0,0,71,0,71,6,37,148,21,212,8,0,8,220
04/25/2008,GNV,FL,ASO,ES,Federal Contract Tower,6,36,52,41,135,0,0,117,23,140,6,36,169,64,275,58,42,100,375
04/26/2008,GNV,FL,ASO,ES,Federal Contract Tower,7,12,42,2,63,0,0,81,1,82,7,12,123,3,145,28,0,28,173
04/27/2008,GNV,FL,ASO,ES,Federal Contract Tower,4,13,21,31,69,0,0,86,9,95,4,13,107,40,164,46,6,52,216
04/28/2008,GNV,FL,ASO,ES,Federal Contract Tower,6,28,33,6,73,0,1,16,2,19,6,29,49,8,92,30,0,30,122
04/29/2008,GNV,FL,ASO,ES,Federal Contract Tower,6,33,46,5,90,0,0,88,3,91,6,33,134,8,181,80,0,80,261
04/30/2008,GNV,FL,ASO,ES,Federal Contract Tower,4,30,37,5,76,0,0,79,11,90,4,30,116,16,166,48,12,60,226
05/01/2008,GNV,FL,ASO,ES,Federal Contract Tower,5,36,50,0,91,0,0,67,3,70,5,36,117,3,161,90,0,90,251
05/02/2008,GNV,FL,ASO,ES,Federal Contract Tower,6,35,58,13,112,0,0,115,0,115,6,35,173,13,227,38,22,60,287
05/03/2008,GNV,FL,ASO,ES,Federal Contract Tower,5,13,35,0,53,0,0,92,0,92,5,13,127,0,145,48,0,48,193
05/04/2008,GNV,FL,ASO,ES,Federal Contract Tower,5,23,38,4,70,0,0,57,4,61,5,23,95,8,131,28,0,28,159
05/05/2008,GNV,FL,ASO,ES,Federal Contract Tower,5,35,45,10,95,0,0,86,7,93,5,35,131,17,188,64,2,66,254
05/06/2008,GNV,FL,ASO,ES,Federal Contract Tower,4,27,62,7,100,0,5,110,2,117,4,32,172,9,217,106,0,106,323
05/07/2008,GNV,FL,ASO,ES,Federal Contract Tower,5,36,51,12,104,0,0,84,5,89,5,36,135,17,193,50,2,52,245
05/08/2008,GNV,FL,ASO,ES,Federal Contract Tower,7,33,51,6,97,0,0,73,6,79,7,33,124,12,176,120,20,140,316
05/09/2008,GNV,FL,ASO,ES,Federal Contract Tower,6,34,35,22,97,0,0,54,3,57,6,34,89,25,154,32,6,38,192
05/10/2008,GNV,FL,ASO,ES,Federal Contract Tower,4,10,30,7,51,0,0,53,7,60,4,10,83,14,111,22,2,24,135
05/11/2008,GNV,FL,ASO,ES,Federal Contract Tower,6,20,35,2,63,0,0,26,0,26,6,20,61,2,89,0,0,0,89
05/12/2008,GNV,FL,ASO,ES,Federal Contract Tower,6,28,41,0,75,0,0,104,4,108,6,28,145,4,183,74,0,74,257
05/13/2008,GNV,FL,ASO,ES,Federal Contract Tower,3,34,40,10,87,0,0,118,10,128,3,34,158,20,215,72,2,74,289
05/14/2008,GNV,FL,ASO,ES,Federal Contract Tower,4,34,76,8,122,0,0,93,0,93,4,34,169,8,215,106,0,106,321
05/15/2008,GNV,FL,ASO,ES,Federal Contract Tower,6,33,40,1,80,0,0,119,7,126,6,33,159,8,206,44,12,56,262
05/16/2008,GNV,FL,ASO,ES,Federal Contract Tower,5,32,43,13,93,0,0,44,9,53,5,32,87,22,146,36,13,49,195
05/17/2008,GNV,FL,ASO,ES,Federal Contract Tower,5,12,40,0,57,0,0,46,0,46,5,12,86,0,103,48,0,48,151
05/18/2008,GNV,FL,ASO,ES,Federal Contract Tower,4,16,27,3,50,0,0,28,3,31,4,16,55,6,81,4,0,4,85
05/19/2008,GNV,FL,ASO,ES,Federal Contract Tower,6,25,34,4,69,0,0,109,0,109,6,25,143,4,178,58,0,58,236
05/20/2008,GNV,FL,ASO,ES,Federal Contract Tower,4,33,41,4,82,0,1,90,0,91,4,34,131,4,173,82,18,100,273
05/21/2008,GNV,FL,ASO,ES,Federal Contract Tower,4,35,67,6,112,0,0,100,6,106,4,35,167,12,218,126,24,150,368
05/22/2008,GNV,FL,ASO,ES,Federal Contract Tower,5,36,43,0,84,0,0,70,0,70,5,36,113,0,154,28,0,28,182
05/23/2008,GNV,FL,ASO,ES,Federal Contract Tower,5,33,51,3,92,0,0,68,1,69,5,33,119,4,161,90,0,90,251
05/24/2008,GNV,FL,ASO,ES,Federal Contract Tower,5,12,43,0,60,0,0,46,0,46,5,12,89,0,106,46,0,46,152
05/25/2008,GNV,FL,ASO,ES,Federal Contract Tower,2,15,10,0,27,0,0,41,0,41,2,15,51,0,68,8,0,8,76
05/26/2008,GNV,FL,ASO,ES,Federal Contract Tower,4,26,27,0,57,0,0,66,0,66,4,26,93,0,123,50,0,50,173
05/27/2008,GNV,FL,ASO,ES,Federal Contract Tower,6,29,49,0,84,0,0,95,2,97,6,29,144,2,181,82,0,82,263
05/28/2008,GNV,FL,ASO,ES,Federal Contract Tower,5,52,55,0,112,0,0,108,1,109,5,52,163,1,221,66,0,66,287
05/29/2008,GNV,FL,ASO,ES,Federal Contract Tower,9,36,50,11,106,0,0,146,8,154,9,36,196,19,260,78,6,84,344
05/30/2008,GNV,FL,ASO,ES,Federal Contract Tower,5,30,49,14,98,0,0,97,4,101,5,30,146,18,199,94,0,94,293
05/31/2008,GNV,FL,ASO,ES,Federal Contract Tower,5,9,19,1,34,0,0,101,1,102,5,9,120,2,136,60,0,60,196
06/01/2008,GNV,FL,ASO,ES,Federal Contract Tower,6,16,36,9,67,0,0,70,5,75,6,16,106,14,142,64,0,64,206
06/02/2008,GNV,FL,ASO,ES,Federal Contract Tower,7,37,31,0,75,0,1,54,4,59,7,38,85,4,134,24,4,28,162
06/03/2008,GNV,FL,ASO,ES,Federal Contract Tower,5,41,25,0,71,0,0,66,3,69,5,41,91,3,140,30,0,30,170
06/04/2008,GNV,FL,ASO,ES,Federal Contract Tower,4,34,34,5,77,0,1,85,4,90,4,35,119,9,167,52,0,52,219
06/05/2008,GNV,FL,ASO,ES,Federal Contract Tower,1,43,42,0,86,0,0,86,4,90,1,43,128,4,176,80,0,80,256
06/06/2008,GNV,FL,ASO,ES,Federal Contract Tower,0,35,57,17,109,0,0,84,6,90,0,35,141,23,199,56,0,56,255
06/07/2008,GNV,FL,ASO,ES,Federal Contract Tower,1,16,27,2,46,0,0,100,3,103,1,16,127,5,149,62,0,62,211
06/08/2008,GNV,FL,ASO,ES,Federal Contract Tower,0,16,22,12,50,0,0,58,0,58,0,16,80,12,108,20,0,20,128
06/09/2008,GNV,FL,ASO,ES,Federal Contract Tower,0,33,31,2,66,0,0,54,6,60,0,33,85,8,126,120,0,120,246
06/10/2008,GNV,FL,ASO,ES,Federal Contract Tower,0,39,30,0,69,0,0,63,3,66,0,39,93,3,135,46,0,46,181
06/11/2008,GNV,FL,ASO,ES,Federal Contract Tower,0,45,26,1,72,0,2,43,4,49,0,47,69,5,121,26,0,26,147
06/12/2008,GNV,FL,ASO,ES,Federal Contract Tower,0,36,29,1,66,0,2,40,2,44,0,38,69,3,110,14,0,14,124
06/13/2008,GNV,FL,ASO,ES,Federal Contract Tower,0,38,42,5,85,0,0,74,4,78,0,38,116,9,163,108,24,132,295
06/14/2008,GNV,FL,ASO,ES,Federal Contract Tower,0,20,28,0,48,0,0,87,0,87,0,20,115,0,135,52,0,52,187
06/15/2008,GNV,FL,ASO,ES,Federal Contract Tower,0,16,23,3,42,0,0,44,0,44,0,16,67,3,86,30,0,30,116
06/16/2008,GNV,FL,ASO,ES,Federal Contract Tower,2,22,23,0,47,0,0,54,2,56,2,22,77,2,103,26,0,26,129
06/17/2008,GNV,FL,ASO,ES,Federal Contract Tower,0,34,46,0,80,0,2,78,2,82,0,36,124,2,162,76,0,76,238
06/18/2008,GNV,FL,ASO,ES,Federal Contract Tower,0,29,49,5,83,0,0,75,3,78,0,29,124,8,161,46,32,78,239
06/19/2008,GNV,FL,ASO,ES,Federal Contract Tower,2,39,60,17,118,0,0,138,1,139,2,39,198,18,257,60,12,72,329
06/20/2008,GNV,FL,ASO,ES,Federal Contract Tower,0,36,57,6,99,0,0,88,17,105,0,36,145,23,204,124,18,142,346
06/21/2008,GNV,FL,ASO,ES,Federal Contract Tower,0,20,30,2,52,0,0,34,0,34,0,20,64,2,86,18,0,18,104
06/22/2008,GNV,FL,ASO,ES,Federal Contract Tower,0,19,36,1,56,0,0,28,6,34,0,19,64,7,90,42,0,42,132
06/23/2008,GNV,FL,ASO,ES,Federal Contract Tower,0,33,30,4,67,0,0,57,0,57,0,33,87,4,124,64,0,64,188
06/24/2008,GNV,FL,ASO,ES,Federal Contract Tower,0,32,36,9,77,0,0,60,22,82,0,32,96,31,159,98,0,98,257
06/25/2008,GNV,FL,ASO,ES,Federal Contract Tower,0,47,43,14,104,0,1,61,26,88,0,48,104,40,192,80,80,160,352
06/26/2008,GNV,FL,ASO,ES,Federal Contract Tower,0,37,31,2,70,0,1,69,1,71,0,38,100,3,141,96,0,96,237
06/27/2008,GNV,FL,ASO,ES,Federal Contract Tower,0,35,49,4,88,0,1,83,0,84,0,36,132,4,172,96,0,96,268
06/28/2008,GNV,FL,ASO,ES,Federal Contract Tower,0,15,30,0,45,0,0,99,0,99,0,15,129,0,144,42,0,42,186
06/29/2008,GNV,FL,ASO,ES,Federal Contract Tower,0,17,44,3,64,0,0,62,1,63,0,17,106,4,127,30,0,30,157
06/30/2008,GNV,FL,ASO,ES,Federal Contract Tower,0,30,24,2,56,0,0,51,0,51,0,30,75,2,107,68,0,68,175
07/01/2008,GNV,FL,ASO,ES,Federal Contract Tower,0,35,30,1,66,0,0,45,9,54,0,35,75,10,120,66,28,94,214
07/02/2008,GNV,FL,ASO,ES,Federal Contract Tower,0,37,40,2,79,0,0,75,6,81,0,37,115,8,160,68,0,68,228
07/03/2008,GNV,FL,ASO,ES,Federal Contract Tower,0,38,30,0,68,0,1,82,0,83,0,39,112,0,151,50,0,50,201
07/04/2008,GNV,FL,ASO,ES,Federal Contract Tower,0,15,13,0,28,0,0,59,0,59,0,15,72,0,87,34,0,34,121
07/05/2008,GNV,FL,ASO,ES,Federal Contract Tower,0,13,8,0,21,0,0,70,0,70,0,13,78,0,91,8,0,8,99
07/06/2008,GNV,FL,ASO,ES,Federal Contract Tower,0,14,31,0,45,0,33,0,0,33,0,47,31,0,78,20,0,20,98
07/07/2008,GNV,FL,ASO,ES,Federal Contract Tower,0,29,37,5,71,0,0,93,0,93,0,29,130,5,164,30,2,32,196
07/08/2008,GNV,FL,ASO,ES,Federal Contract Tower,1,33,22,6,62,0,0,616,0,616,1,33,638,6,678,84,2,86,764
07/09/2008,GNV,FL,ASO,ES,Federal Contract Tower,0,27,50,6,83,0,2,102,11,115,0,29,152,17,198,76,18,94,292
07/10/2008,GNV,FL,ASO,ES,Federal Contract Tower,2,28,35,3,68,0,2,109,4,115,2,30,144,7,183,142,14,156,339
07/11/2008,GNV,FL,ASO,ES,Federal Contract Tower,0,32,40,6,78,0,0,101,7,108,0,32,141,13,186,76,0,76,262
07/12/2008,GNV,FL,ASO,ES,Federal Contract Tower,0,16,24,0,40,0,0,27,2,29,0,16,51,2,69,56,0,56,125
07/13/2008,GNV,FL,ASO,ES,Federal Contract Tower,0,13,37,4,54,0,0,53,0,53,0,13,90,4,107,28,0,28,135
07/14/2008,GNV,FL,ASO,ES,Federal Contract Tower,0,29,19,6,54,0,0,82,0,82,0,29,101,6,136,78,0,78,214
07/15/2008,GNV,FL,ASO,ES,Federal Contract Tower,2,35,68,1,106,0,0,37,1,38,2,35,105,2,144,80,0,80,224
07/16/2008,GNV,FL,ASO,ES,Federal Contract Tower,0,34,50,8,92,0,0,43,0,43,0,34,93,8,135,56,0,56,191
07/17/2008,GNV,FL,ASO,ES,Federal Contract Tower,0,43,67,0,110,0,0,41,0,41,0,43,108,0,151,102,0,102,253
07/18/2008,GNV,FL,ASO,ES,Federal Contract Tower,2,36,56,24,118,0,0,66,6,72,2,36,122,30,190,33,42,75,265
07/19/2008,GNV,FL,ASO,ES,Federal Contract Tower,0,25,37,1,63,0,0,102,0,102,0,25,139,1,165,42,32,74,239
07/20/2008,GNV,FL,ASO,ES,Federal Contract Tower,0,19,27,6,52,0,0,70,2,72,0,19,97,8,124,22,12,34,158
07/21/2008,GNV,FL,ASO,ES,Federal Contract Tower,0,31,34,0,65,0,0,96,0,96,0,31,130,0,161,103,0,103,264
07/22/2008,GNV,FL,ASO,ES,Federal Contract Tower,0,33,49,5,87,0,0,75,6,81,0,33,124,11,168,16,34,50,218
07/23/2008,GNV,FL,ASO,ES,Federal Contract Tower,0,36,51,2,89,0,1,51,6,58,0,37,102,8,147,28,0,28,175
07/24/2008,GNV,FL,ASO,ES,Federal Contract Tower,0,33,61,2,96,0,2,83,6,91,0,35,144,8,187,52,6,58,245
07/25/2008,GNV,FL,ASO,ES,Federal Contract Tower,0,30,25,3,58,0,1,88,0,89,0,31,113,3,147,72,0,72,219
07/26/2008,GNV,FL,ASO,ES,Federal Contract Tower,0,26,34,5,65,0,0,79,2,81,0,26,113,7,146,64,10,74,220
07/27/2008,GNV,FL,ASO,ES,Federal Contract Tower,0,18,20,1,39,0,0,44,2,46,0,18,64,3,85,70,0,70,155
07/28/2008,GNV,FL,ASO,ES,Federal Contract Tower,0,22,32,0,54,0,0,43,2,45,0,22,75,2,99,62,0,62,161
07/29/2008,GNV,FL,ASO,ES,Federal Contract Tower,0,33,32,2,67,0,9,46,4,59,0,42,78,6,126,24,0,24,150
07/30/2008,GNV,FL,ASO,ES,Federal Contract Tower,0,41,39,4,84,0,1,48,5,54,0,42,87,9,138,24,0,24,162
07/31/2008,GNV,FL,ASO,ES,Federal Contract Tower,0,35,35,3,73,0,2,55,7,64,0,37,90,10,137,46,0,46,183
08/01/2008,GNV,FL,ASO,ES,Federal Contract Tower,0,33,27,2,62,0,0,54,12,66,0,33,81,14,128,40,10,50,178
08/02/2008,GNV,FL,ASO,ES,Federal Contract Tower,2,15,25,5,47,0,0,30,7,37,2,15,55,12,84,48,2,50,134
08/03/2008,GNV,FL,ASO,ES,Federal Contract Tower,0,14,34,1,49,0,0,75,4,79,0,14,109,5,128,68,0,68,196
08/04/2008,GNV,FL,ASO,ES,Federal Contract Tower,0,36,42,0,78,0,0,100,2,102,0,36,142,2,180,40,10,50,230
08/05/2008,GNV,FL,ASO,ES,Federal Contract Tower,0,29,53,3,85,0,0,78,7,85,0,29,131,10,170,138,22,160,330
08/06/2008,GNV,FL,ASO,ES,Federal Contract Tower,0,30,38,8,76,0,2,110,2,114,0,32,148,10,190,124,26,150,340
08/07/2008,GNV,FL,ASO,ES,Federal Contract Tower,0,36,54,13,103,0,0,74,2,76,0,36,128,15,179,100,0,100,279
08/08/2008,GNV,FL,ASO,ES,Federal Contract Tower,4,31,21,22,78,0,0,46,1,47,4,31,67,23,125,64,0,64,189
08/09/2008,GNV,FL,ASO,ES,Federal Contract Tower,0,13,44,4,61,0,0,77,0,77,0,13,121,4,138,68,0,68,206
08/10/2008,GNV,FL,ASO,ES,Federal Contract Tower,2,14,30,3,49,0,0,87,1,88,2,14,117,4,137,58,0,58,195
08/11/2008,GNV,FL,ASO,ES,Federal Contract Tower,0,40,26,8,74,0,0,72,2,74,0,40,98,10,148,80,0,80,228
08/12/2008,GNV,FL,ASO,ES,Federal Contract Tower,2,40,37,0,79,0,0,23,0,23,2,40,60,0,102,24,0,24,126
08/13/2008,GNV,FL,ASO,ES,Federal Contract Tower,0,38,34,0,72,0,0,19,2,21,0,38,53,2,93,0,0,0,93
08/14/2008,GNV,FL,ASO,ES,Federal Contract Tower,0,35,38,0,73,0,1,29,2,32,0,36,67,2,105,6,0,6,111
08/15/2008,GNV,FL,ASO,ES,Federal Contract Tower,0,27,38,26,91,0,1,61,8,70,0,28,99,34,161,70,10,80,241
08/16/2008,GNV,FL,ASO,ES,Federal Contract Tower,0,17,15,5,37,0,0,31,1,32,0,17,46,6,69,39,15,54,123
08/17/2008,GNV,FL,ASO,ES,Federal Contract Tower,0,16,25,0,41,0,0,84,1,85,0,16,109,1,126,14,0,14,140
08/18/2008,GNV,FL,ASO,ES,Federal Contract Tower,0,33,26,0,59,0,0,24,0,24,0,33,50,0,83,11,0,11,94
08/19/2008,GNV,FL,ASO,ES,Federal Contract Tower,0,28,16,1,45,0,1,11,0,12,0,29,27,1,57,0,0,0,57
08/20/2008,GNV,FL,ASO,ES,Federal Contract Tower,0,24,12,0,36,0,0,5,0,5,0,24,17,0,41,6,0,6,47
08/21/2008,GNV,FL,ASO,ES,Federal Contract Tower,1,17,3,0,21,0,0,0,0,0,1,17,3,0,21,0,0,0,21
08/22/2008,GNV,FL,ASO,ES,Federal Contract Tower,1,12,3,0,16,0,0,0,0,0,1,12,3,0,16,0,0,0,16
08/23/2008,GNV,FL,ASO,ES,Federal Contract Tower,0,12,11,0,23,0,0,0,0,0,0,12,11,0,23,0,0,0,23
08/24/2008,GNV,FL,ASO,ES,Federal Contract Tower,0,14,19,1,34,0,0,4,0,4,0,14,23,1,38,10,0,10,48
08/25/2008,GNV,FL,ASO,ES,Federal Contract Tower,0,34,30,20,84,0,0,75,2,77,0,34,105,22,161,60,36,96,257
08/26/2008,GNV,FL,ASO,ES,Federal Contract Tower,0,30,51,26,107,0,0,120,7,127,0,30,171,33,234,112,0,112,346
08/27/2008,GNV,FL,ASO,ES,Federal Contract Tower,0,27,49,6,82,0,14,108,3,125,0,41,157,9,207,98,4,102,309
08/28/2008,GNV,FL,ASO,ES,Federal Contract Tower,2,33,58,5,98,0,2,100,7,109,2,35,158,12,207,78,18,96,303
08/29/2008,GNV,FL,ASO,ES,Federal Contract Tower,0,45,51,7,103,0,2,141,2,145,0,47,192,9,248,132,0,132,380
08/30/2008,GNV,FL,ASO,ES,Federal Contract Tower,2,17,59,0,78,0,0,35,0,35,2,17,94,0,113,20,0,20,133
08/31/2008,GNV,FL,ASO,ES,Federal Contract Tower,0,9,29,0,38,0,0,24,0,24,0,9,53,0,62,4,0,4,66
09/01/2008,GNV,FL,ASO,ES,Federal Contract Tower,0,20,34,0,54,0,11,31,0,42,0,31,65,0,96,44,0,44,140
09/02/2008,GNV,FL,ASO,ES,Federal Contract Tower,0,34,41,24,99,0,42,3,0,45,0,76,44,24,144,4,0,4,148
09/03/2008,GNV,FL,ASO,ES,Federal Contract Tower,0,38,37,9,84,0,0,109,7,116,0,38,146,16,200,108,4,112,312
09/04/2008,GNV,FL,ASO,ES,Federal Contract Tower,2,42,34,3,81,0,0,92,8,100,2,42,126,11,181,52,0,52,233
09/05/2008,GNV,FL,ASO,ES,Federal Contract Tower,2,45,43,7,97,43,5,0,0,48,45,50,43,7,145,8,0,8,153
09/06/2008,GNV,FL,ASO,ES,Federal Contract Tower,3,41,106,0,150,0,0,145,2,147,3,41,251,2,297,31,0,31,328
09/07/2008,GNV,FL,ASO,ES,Federal Contract Tower,3,53,80,7,143,0,0,110,4,114,3,53,190,11,257,98,0,98,355
09/08/2008,GNV,FL,ASO,ES,Federal Contract Tower,0,37,44,5,86,0,8,82,2,92,0,45,126,7,178,72,30,102,280
09/09/2008,GNV,FL,ASO,ES,Federal Contract Tower,0,36,46,2,84,0,2,71,5,78,0,38,117,7,162,84,0,84,246
09/10/2008,GNV,FL,ASO,ES,Federal Contract Tower,0,42,39,1,82,0,0,42,6,48,0,42,81,7,130,56,0,56,186
09/11/2008,GNV,FL,ASO,ES,Federal Contract Tower,0,34,43,4,81,0,0,38,7,45,0,34,81,11,126,38,12,50,176
09/12/2008,GNV,FL,ASO,ES,Federal Contract Tower,0,33,55,12,100,0,0,78,5,83,0,33,133,17,183,54,40,94,277
09/13/2008,GNV,FL,ASO,ES,Federal Contract Tower,0,17,39,4,60,0,0,79,3,82,0,17,118,7,142,90,12,102,244
09/14/2008,GNV,FL,ASO,ES,Federal Contract Tower,0,24,45,8,77,0,0,65,13,78,0,24,110,21,155,90,0,90,245
09/15/2008,GNV,FL,ASO,ES,Federal Contract Tower,0,33,31,7,71,0,85,1,0,86,0,118,32,7,157,52,0,52,209
09/16/2008,GNV,FL,ASO,ES,Federal Contract Tower,0,35,36,3,74,0,2,103,0,105,0,37,139,3,179,80,0,80,259
09/17/2008,GNV,FL,ASO,ES,Federal Contract Tower,0,37,53,23,113,0,0,65,0,65,0,37,118,23,178,92,2,94,272
09/18/2008,GNV,FL,ASO,ES,Federal Contract Tower,0,44,61,0,105,0,0,64,0,64,0,44,125,0,169,44,0,44,213
09/19/2008,GNV,FL,ASO,ES,Federal Contract Tower,4,42,80,3,129,0,0,84,5,89,4,42,164,8,218,74,2,76,294
09/20/2008,GNV,FL,ASO,ES,Federal Contract Tower,3,16,31,0,50,0,0,39,0,39,3,16,70,0,89,4,0,4,93
09/21/2008,GNV,FL,ASO,ES,Federal Contract Tower,0,26,47,0,73,0,0,48,3,51,0,26,95,3,124,66,0,66,190
09/22/2008,GNV,FL,ASO,ES,Federal Contract Tower,0,22,63,4,89,0,0,15,0,15,0,22,78,4,104,26,0,26,130
09/23/2008,GNV,FL,ASO,ES,Federal Contract Tower,0,35,36,0,71,0,2,72,4,78,0,37,108,4,149,46,36,82,231
09/24/2008,GNV,FL,ASO,ES,Federal Contract Tower,0,31,30,7,68,0,2,48,2,52,0,33,78,9,120,44,0,44,164
09/25/2008,GNV,FL,ASO,ES,Federal Contract Tower,0,31,44,6,81,0,2,127,0,129,0,33,171,6,210,77,0,77,287
09/26/2008,GNV,FL,ASO,ES,Federal Contract Tower,0,30,72,13,115,0,0,117,3,120,0,30,189,16,235,34,2,36,271
09/27/2008,GNV,FL,ASO,ES,Federal Contract Tower,4,22,94,2,122,0,0,145,0,145,4,22,239,2,267,58,6,64,331
09/28/2008,GNV,FL,ASO,ES,Federal Contract Tower,0,24,59,3,86,0,0,100,0,100,0,24,159,3,186,34,0,34,220
09/29/2008,GNV,FL,ASO,ES,Federal Contract Tower,0,26,62,6,94,0,0,86,0,86,0,26,148,6,180,46,0,46,226
09/30/2008,GNV,FL,ASO,ES,Federal Contract Tower,0,31,65,10,106,0,1,68,2,71,0,32,133,12,177,70,4,74,251
10/01/2008,GNV,FL,ASO,ES,Federal Contract Tower,0,28,64,0,92,0,1,86,2,89,0,29,150,2,181,46,0,46,227
10/02/2008,GNV,FL,ASO,ES,Federal Contract Tower,0,31,67,3,101,0,0,117,0,117,0,31,184,3,218,74,22,96,314
10/03/2008,GNV,FL,ASO,ES,Federal Contract Tower,3,24,57,26,110,0,0,122,5,127,3,24,179,31,237,58,66,124,361
10/04/2008,GNV,FL,ASO,ES,Federal Contract Tower,5,18,33,0,56,0,0,87,1,88,5,18,120,1,144,50,6,56,200
10/05/2008,GNV,FL,ASO,ES,Federal Contract Tower,1,25,36,24,86,0,0,66,7,73,1,25,102,31,159,58,0,58,217
10/06/2008,GNV,FL,ASO,ES,Federal Contract Tower,0,32,40,6,78,0,0,35,0,35,0,32,75,6,113,26,0,26,139
10/07/2008,GNV,FL,ASO,ES,Federal Contract Tower,0,31,56,1,88,0,2,50,3,55,0,33,106,4,143,44,0,44,187
10/08/2008,GNV,FL,ASO,ES,Federal Contract Tower,0,32,47,0,79,0,0,24,0,24,0,32,71,0,103,8,0,8,111
10/09/2008,GNV,FL,ASO,ES,Federal Contract Tower,0,26,44,8,78,0,1,36,6,43,0,27,80,14,121,22,0,22,143
10/10/2008,GNV,FL,ASO,ES,Federal Contract Tower,3,39,58,6,106,0,0,64,0,64,3,39,122,6,170,31,0,31,201
10/11/2008,GNV,FL,ASO,ES,Federal Contract Tower,3,22,85,0,110,0,0,38,0,38,3,22,123,0,148,0,0,0,148
10/12/2008,GNV,FL,ASO,ES,Federal Contract Tower,1,30,90,0,121,0,0,53,0,53,1,30,143,0,174,38,0,38,212
10/13/2008,GNV,FL,ASO,ES,Federal Contract Tower,0,23,43,6,72,0,0,58,2,60,0,23,101,8,132,0,0,0,132
10/14/2008,GNV,FL,ASO,ES,Federal Contract Tower,0,36,41,10,87,0,90,3,0,93,0,126,44,10,180,46,12,58,238
10/15/2008,GNV,FL,ASO,ES,Federal Contract Tower,0,30,52,9,91,0,1,113,2,116,0,31,165,11,207,84,60,144,351
10/16/2008,GNV,FL,ASO,ES,Federal Contract Tower,0,36,56,0,92,0,0,82,0,82,0,36,138,0,174,42,0,42,216
10/17/2008,GNV,FL,ASO,ES,Federal Contract Tower,0,28,53,18,99,0,1,83,3,87,0,29,136,21,186,68,0,68,254
10/18/2008,GNV,FL,ASO,ES,Federal Contract Tower,0,15,37,4,56,0,0,60,10,70,0,15,97,14,126,22,10,32,158
10/19/2008,GNV,FL,ASO,ES,Federal Contract Tower,0,20,38,11,69,0,0,83,4,87,0,20,121,15,156,20,0,20,176
10/20/2008,GNV,FL,ASO,ES,Federal Contract Tower,0,24,51,2,77,0,0,94,0,94,0,24,145,2,171,62,0,62,233
10/21/2008,GNV,FL,ASO,ES,Federal Contract Tower,0,28,51,2,81,0,2,109,0,111,0,30,160,2,192,76,46,122,314
10/22/2008,GNV,FL,ASO,ES,Federal Contract Tower,0,31,30,7,68,0,0,100,0,100,0,31,130,7,168,76,0,76,244
10/23/2008,GNV,FL,ASO,ES,Federal Contract Tower,0,32,72,10,114,0,0,14,8,22,0,32,86,18,136,6,10,16,152
10/24/2008,GNV,FL,ASO,ES,Federal Contract Tower,2,21,34,15,72,0,0,8,0,8,2,21,42,15,80,0,0,0,80
10/25/2008,GNV,FL,ASO,ES,Federal Contract Tower,6,18,79,0,103,0,0,32,8,40,6,18,111,8,143,4,0,4,147
10/26/2008,GNV,FL,ASO,ES,Federal Contract Tower,0,22,43,12,77,0,0,132,3,135,0,22,175,15,212,66,2,68,280
10/27/2008,GNV,FL,ASO,ES,Federal Contract Tower,0,23,38,24,85,0,0,123,0,123,0,23,161,24,208,78,40,118,326
10/28/2008,GNV,FL,ASO,ES,Federal Contract Tower,0,27,44,11,82,0,0,88,0,88,0,27,132,11,170,0,0,0,170
10/29/2008,GNV,FL,ASO,ES,Federal Contract Tower,0,31,65,1,97,0,0,106,6,112,0,31,171,7,209,0,0,0,209
10/30/2008,GNV,FL,ASO,ES,Federal Contract Tower,0,32,44,17,93,0,0,122,4,126,0,32,166,21,219,100,4,104,323
10/31/2008,GNV,FL,ASO,ES,Federal Contract Tower,0,29,46,10,85,0,0,84,6,90,0,29,130,16,175,38,6,44,219
11/01/2008,GNV,FL,ASO,ES,Federal Contract Tower,2,16,39,0,57,0,89,2,0,91,2,105,41,0,148,61,0,61,209
11/02/2008,GNV,FL,ASO,ES,Federal Contract Tower,8,23,40,8,79,0,0,79,2,81,8,23,119,10,160,20,0,20,180
11/03/2008,GNV,FL,ASO,ES,Federal Contract Tower,0,32,65,3,100,0,0,44,0,44,0,32,109,3,144,32,12,44,188
11/04/2008,GNV,FL,ASO,ES,Federal Contract Tower,0,30,68,9,107,0,0,30,3,33,0,30,98,12,140,34,0,34,174
11/05/2008,GNV,FL,ASO,ES,Federal Contract Tower,0,29,65,2,96,0,0,62,0,62,0,29,127,2,158,140,0,140,298
11/06/2008,GNV,FL,ASO,ES,Federal Contract Tower,0,31,48,12,91,0,2,113,4,119,0,33,161,16,210,70,28,98,308
11/07/2008,GNV,FL,ASO,ES,Federal Contract Tower,2,31,44,27,104,0,0,111,12,123,2,31,155,39,227,58,8,66,293
11/08/2008,GNV,FL,ASO,ES,Federal Contract Tower,0,20,46,5,71,0,0,77,5,82,0,20,123,10,153,76,18,94,247
11/09/2008,GNV,FL,ASO,ES,Federal Contract Tower,2,19,37,12,70,0,0,121,8,129,2,19,158,20,199,94,12,106,305
11/10/2008,GNV,FL,ASO,ES,Federal Contract Tower,0,28,38,14,80,0,0,104,2,106,0,28,142,16,186,106,4,110,296
11/11/2008,GNV,FL,ASO,ES,Federal Contract Tower,0,34,43,4,81,0,0,107,12,119,0,34,150,16,200,48,0,48,248
11/12/2008,GNV,FL,ASO,ES,Federal Contract Tower,0,32,76,10,118,0,0,44,0,44,0,32,120,10,162,84,0,84,246
11/13/2008,GNV,FL,ASO,ES,Federal Contract Tower,0,34,66,6,106,0,3,52,0,55,0,37,118,6,161,46,0,46,207
11/14/2008,GNV,FL,ASO,ES,Federal Contract Tower,1,26,71,28,126,0,0,71,2,73,1,26,142,30,199,34,0,34,233
11/15/2008,GNV,FL,ASO,ES,Federal Contract Tower,1,27,90,0,118,0,0,22,0,22,1,27,112,0,140,0,0,0,140
11/16/2008,GNV,FL,ASO,ES,Federal Contract Tower,2,25,62,9,98,0,0,129,5,134,2,25,191,14,232,80,0,80,312
11/17/2008,GNV,FL,ASO,ES,Federal Contract Tower,0,32,56,2,90,0,0,124,0,124,0,32,180,2,214,130,32,162,376
11/18/2008,GNV,FL,ASO,ES,Federal Contract Tower,0,36,54,6,96,0,0,104,3,107,0,36,158,9,203,83,34,117,320
11/19/2008,GNV,FL,ASO,ES,Federal Contract Tower,0,37,66,18,121,0,0,125,2,127,0,37,191,20,248,116,28,144,392
11/20/2008,GNV,FL,ASO,ES,Federal Contract Tower,0,32,59,6,97,0,0,149,1,150,0,32,208,7,247,82,10,92,339
11/21/2008,GNV,FL,ASO,ES,Federal Contract Tower,0,38,61,21,120,0,0,83,6,89,0,38,144,27,209,44,8,52,261
11/22/2008,GNV,FL,ASO,ES,Federal Contract Tower,5,20,52,0,77,0,0,83,4,87,5,20,135,4,164,8,0,8,172
11/23/2008,GNV,FL,ASO,ES,Federal Contract Tower,2,21,40,12,75,0,126,6,0,132,2,147,46,12,207,58,0,58,265
11/24/2008,GNV,FL,ASO,ES,Federal Contract Tower,0,32,33,30,95,0,0,86,14,100,0,32,119,44,195,152,76,228,423
11/25/2008,GNV,FL,ASO,ES,Federal Contract Tower,0,33,51,15,99,2,66,10,0,78,2,99,61,15,177,20,8,28,205
11/26/2008,GNV,FL,ASO,ES,Federal Contract Tower,0,29,55,0,84,0,0,141,0,141,0,29,196,0,225,48,0,48,273
11/27/2008,GNV,FL,ASO,ES,Federal Contract Tower,0,24,13,0,37,0,0,75,0,75,0,24,88,0,112,38,0,38,150
11/28/2008,GNV,FL,ASO,ES,Federal Contract Tower,0,20,32,0,52,0,0,56,0,56,0,20,88,0,108,30,0,30,138
11/29/2008,GNV,FL,ASO,ES,Federal Contract Tower,0,20,59,0,79,0,0,49,0,49,0,20,108,0,128,0,0,0,128
11/30/2008,GNV,FL,ASO,ES,Federal Contract Tower,0,18,35,2,55,0,0,9,0,9,0,18,44,2,64,18,0,18,82
12/01/2008,GNV,FL,ASO,ES,Federal Contract Tower,0,25,54,2,81,0,1,82,8,91,0,26,136,10,172,74,0,74,246
12/02/2008,GNV,FL,ASO,ES,Federal Contract Tower,0,32,60,2,94,1,95,8,0,104,1,127,68,2,198,78,16,94,292
12/03/2008,GNV,FL,ASO,ES,Federal Contract Tower,0,36,61,0,97,0,0,122,0,122,0,36,183,0,219,150,0,150,369
12/04/2008,GNV,FL,ASO,ES,Federal Contract Tower,0,27,52,5,84,0,2,116,4,122,0,29,168,9,206,108,8,116,322
12/05/2008,GNV,FL,ASO,ES,Federal Contract Tower,2,29,63,27,121,0,0,109,9,118,2,29,172,36,239,106,10,116,355
12/06/2008,GNV,FL,ASO,ES,Federal Contract Tower,2,23,67,0,92,0,0,22,0,22,2,23,89,0,114,24,0,24,138
12/07/2008,GNV,FL,ASO,ES,Federal Contract Tower,0,23,47,19,89,0,0,89,9,98,0,23,136,28,187,32,0,32,219
12/08/2008,GNV,FL,ASO,ES,Federal Contract Tower,0,48,49,0,97,0,2,103,2,107,0,50,152,2,204,74,20,94,298
12/09/2008,GNV,FL,ASO,ES,Federal Contract Tower,0,32,65,14,111,0,2,97,0,99,0,34,162,14,210,60,62,122,332
12/10/2008,GNV,FL,ASO,ES,Federal Contract Tower,0,25,89,8,122,0,1,36,6,43,0,26,125,14,165,30,8,38,203
12/11/2008,GNV,FL,ASO,ES,Federal Contract Tower,0,38,24,1,63,0,1,15,1,17,0,39,39,2,80,14,6,20,100
12/12/2008,GNV,FL,ASO,ES,Federal Contract Tower,0,29,54,27,110,0,0,98,6,104,0,29,152,33,214,90,32,122,336
12/13/2008,GNV,FL,ASO,ES,Federal Contract Tower,0,13,49,0,62,0,0,121,0,121,0,13,170,0,183,78,0,78,261
12/14/2008,GNV,FL,ASO,ES,Federal Contract Tower,0,19,35,22,76,0,1,69,20,90,0,20,104,42,166,38,16,54,220
12/15/2008,GNV,FL,ASO,ES,Federal Contract Tower,0,29,32,5,66,0,2,73,4,79,0,31,105,9,145,80,4,84,229
12/16/2008,GNV,FL,ASO,ES,Federal Contract Tower,0,26,43,26,95,0,2,83,2,87,0,28,126,28,182,33,14,47,229
12/17/2008,GNV,FL,ASO,ES,Federal Contract Tower,0,25,58,9,92,0,0,98,0,98,0,25,156,9,190,100,0,100,290
12/18/2008,GNV,FL,ASO,ES,Federal Contract Tower,0,29,53,3,85,0,1,110,5,116,0,30,163,8,201,34,6,40,241
12/19/2008,GNV,FL,ASO,ES,Federal Contract Tower,0,33,51,20,104,0,0,116,1,117,0,33,167,21,221,50,0,50,271
12/20/2008,GNV,FL,ASO,ES,Federal Contract Tower,0,23,54,1,78,0,0,49,2,51,0,23,103,3,129,22,0,22,151
12/21/2008,GNV,FL,ASO,ES,Federal Contract Tower,0,16,55,4,75,0,0,25,0,25,0,16,80,4,100,38,0,38,138
12/22/2008,GNV,FL,ASO,ES,Federal Contract Tower,0,19,31,22,72,0,0,70,2,72,0,19,101,24,144,52,0,52,196
12/23/2008,GNV,FL,ASO,ES,Federal Contract Tower,0,33,33,0,66,0,67,1,0,68,0,100,34,0,134,44,0,44,178
12/24/2008,GNV,FL,ASO,ES,Federal Contract Tower,0,26,22,0,48,0,0,45,0,45,0,26,67,0,93,26,0,26,119
12/25/2008,GNV,FL,ASO,ES,Federal Contract Tower,0,17,5,0,22,0,0,16,0,16,0,17,21,0,38,18,0,18,56
12/26/2008,GNV,FL,ASO,ES,Federal Contract Tower,0,17,41,0,58,0,0,81,0,81,0,17,122,0,139,18,0,18,157
12/27/2008,GNV,FL,ASO,ES,Federal Contract Tower,0,15,25,0,40,0,0,46,0,46,0,15,71,0,86,20,0,20,106
12/28/2008,GNV,FL,ASO,ES,Federal Contract Tower,0,23,17,0,40,0,0,92,0,92,0,23,109,0,132,40,0,40,172
12/29/2008,GNV,FL,ASO,ES,Federal Contract Tower,0,28,24,24,76,0,1,77,9,87,0,29,101,33,163,50,24,74,237
12/30/2008,GNV,FL,ASO,ES,Federal Contract Tower,0,27,31,0,58,0,0,102,0,102,0,27,133,0,160,34,0,34,194
12/31/2008,GNV,FL,ASO,ES,Federal Contract Tower,0,26,29,2,57,0,2,63,0,65,0,28,92,2,122,60,0,60,182
01/01/2009,GNV,FL,ASO,ES,Federal Contract Tower,0,15,17,0,32,0,0,41,0,41,0,15,58,0,73,6,2,8,81
01/02/2009,GNV,FL,ASO,ES,Federal Contract Tower,2,32,35,0,69,0,0,91,0,91,2,32,126,0,160,50,0,50,210
01/03/2009,GNV,FL,ASO,ES,Federal Contract Tower,0,19,55,0,74,0,0,16,0,16,0,19,71,0,90,28,0,28,118
01/04/2009,GNV,FL,ASO,ES,Federal Contract Tower,0,17,49,0,66,0,0,99,0,99,0,17,148,0,165,48,0,48,213
01/05/2009,GNV,FL,ASO,ES,Federal Contract Tower,0,25,53,16,94,0,1,100,1,102,0,26,153,17,196,18,0,18,214
01/06/2009,GNV,FL,ASO,ES,Federal Contract Tower,0,37,29,38,104,0,0,71,5,76,0,37,100,43,180,54,30,84,264
01/07/2009,GNV,FL,ASO,ES,Federal Contract Tower,0,26,40,6,72,0,0,24,5,29,0,26,64,11,101,0,0,0,101
01/08/2009,GNV,FL,ASO,ES,Federal Contract Tower,0,26,81,28,135,0,0,88,5,93,0,26,169,33,228,30,4,34,262
01/09/2009,GNV,FL,ASO,ES,Federal Contract Tower,2,24,56,26,108,0,0,137,6,143,2,24,193,32,251,104,0,104,355
01/10/2009,GNV,FL,ASO,ES,Federal Contract Tower,0,15,22,10,47,0,0,98,3,101,0,15,120,13,148,134,12,146,294
01/11/2009,GNV,FL,ASO,ES,Federal Contract Tower,0,20,37,11,68,0,0,15,1,16,0,20,52,12,84,6,0,6,90
01/12/2009,GNV,FL,ASO,ES,Federal Contract Tower,0,23,24,14,61,0,0,45,2,47,0,23,69,16,108,52,16,68,176
01/13/2009,GNV,FL,ASO,ES,Federal Contract Tower,0,31,32,5,68,0,0,2,0,2,0,31,34,5,70,0,0,0,70
01/14/2009,GNV,FL,ASO,ES,Federal Contract Tower,0,32,61,6,99,0,0,126,7,133,0,32,187,13,232,114,30,144,376
01/15/2009,GNV,FL,ASO,ES,Federal Contract Tower,0,26,49,8,83,0,0,75,8,83,0,26,124,16,166,168,6,174,340
01/16/2009,GNV,FL,ASO,ES,Federal Contract Tower,0,29,53,24,106,0,1,97,9,107,0,30,150,33,213,62,44,106,319
01/17/2009,GNV,FL,ASO,ES,Federal Contract Tower,0,20,24,0,44,0,0,129,1,130,0,20,153,1,174,104,0,104,278
01/18/2009,GNV,FL,ASO,ES,Federal Contract Tower,0,20,22,9,51,0,0,72,5,77,0,20,94,14,128,46,12,58,186
01/19/2009,GNV,FL,ASO,ES,Federal Contract Tower,0,25,39,19,83,0,2,54,0,56,0,27,93,19,139,6,0,6,145
01/20/2009,GNV,FL,ASO,ES,Federal Contract Tower,0,24,46,10,80,0,0,58,2,60,0,24,104,12,140,100,38,138,278
01/21/2009,GNV,FL,ASO,ES,Federal Contract Tower,0,31,44,5,80,0,1,100,1,102,0,32,144,6,182,24,0,24,206
01/22/2009,GNV,FL,ASO,ES,Federal Contract Tower,0,27,49,14,90,0,1,117,10,128,0,28,166,24,218,74,12,86,304
01/23/2009,GNV,FL,ASO,ES,Federal Contract Tower,0,28,65,22,115,0,0,130,6,136,0,28,195,28,251,128,38,166,417
01/24/2009,GNV,FL,ASO,ES,Federal Contract Tower,2,16,48,7,73,0,0,109,4,113,2,16,157,11,186,60,16,76,262
01/25/2009,GNV,FL,ASO,ES,Federal Contract Tower,0,21,47,5,73,0,0,70,8,78,0,21,117,13,151,44,0,44,195
01/26/2009,GNV,FL,ASO,ES,Federal Contract Tower,0,32,27,15,74,0,2,58,0,60,0,34,85,15,134,102,0,102,236
01/27/2009,GNV,FL,ASO,ES,Federal Contract Tower,2,23,40,22,87,0,1,71,4,76,2,24,111,26,163,44,18,62,225
01/28/2009,GNV,FL,ASO,ES,Federal Contract Tower,0,26,70,0,96,0,1,25,0,26,0,27,95,0,122,2,0,2,124
01/29/2009,GNV,FL,ASO,ES,Federal Contract Tower,0,29,39,10,78,0,0,2,0,2,0,29,41,10,80,0,0,0,80
01/30/2009,GNV,FL,ASO,ES,Federal Contract Tower,0,35,72,17,124,0,2,68,12,82,0,37,140,29,206,54,8,62,268
01/31/2009,GNV,FL,ASO,ES,Federal Contract Tower,0,18,18,1,37,0,0,123,0,123,0,18,141,1,160,76,0,76,236
02/01/2009,GNV,FL,ASO,ES,Federal Contract Tower,0,25,32,26,83,0,0,99,11,110,0,25,131,37,193,58,0,58,251
02/02/2009,GNV,FL,ASO,ES,Federal Contract Tower,0,32,30,0,62,0,1,16,0,17,0,33,46,0,79,6,0,6,85
02/03/2009,GNV,FL,ASO,ES,Federal Contract Tower,0,31,45,10,86,0,3,81,2,86,0,34,126,12,172,54,0,54,226
02/04/2009,GNV,FL,ASO,ES,Federal Contract Tower,0,34,31,3,68,0,2,81,0,83,0,36,112,3,151,12,52,64,215
02/05/2009,GNV,FL,ASO,ES,Federal Contract Tower,0,31,35,40,106,0,0,87,2,89,0,31,122,42,195,44,34,78,273
02/06/2009,GNV,FL,ASO,ES,Federal Contract Tower,0,26,58,29,113,0,0,123,19,142,0,26,181,48,255,76,6,82,337
02/07/2009,GNV,FL,ASO,ES,Federal Contract Tower,0,17,30,8,55,0,0,147,3,150,0,17,177,11,205,74,6,80,285
02/08/2009,GNV,FL,ASO,ES,Federal Contract Tower,0,24,39,22,85,0,0,129,17,146,0,24,168,39,231,48,8,56,287
02/09/2009,GNV,FL,ASO,ES,Federal Contract Tower,0,27,30,17,74,0,0,93,4,97,0,27,123,21,171,35,8,43,214
02/10/2009,GNV,FL,ASO,ES,Federal Contract Tower,0,29,41,17,87,0,0,91,5,96,0,29,132,22,183,78,24,102,285
02/11/2009,GNV,FL,ASO,ES,Federal Contract Tower,0,33,31,12,76,0,0,70,2,72,0,33,101,14,148,26,20,46,194
02/12/2009,GNV,FL,ASO,ES,Federal Contract Tower,0,26,81,4,111,0,0,0,0,0,0,26,81,4,111,110,0,110,221
02/13/2009,GNV,FL,ASO,ES,Federal Contract Tower,0,29,41,18,88,0,0,121,0,121,0,29,162,18,209,108,2,110,319
02/14/2009,GNV,FL,ASO,ES,Federal Contract Tower,0,17,26,0,43,0,0,8,0,8,0,17,34,0,51,6,0,6,57
02/15/2009,GNV,FL,ASO,ES,Federal Contract Tower,0,16,50,1,67,0,0,11,1,12,0,16,61,2,79,6,0,6,85
02/16/2009,GNV,FL,ASO,ES,Federal Contract Tower,0,24,26,0,50,0,2,96,0,98,0,26,122,0,148,68,0,68,216
02/17/2009,GNV,FL,ASO,ES,Federal Contract Tower,0,28,51,8,87,0,2,135,3,140,0,30,186,11,227,86,30,116,343
02/18/2009,GNV,FL,ASO,ES,Federal Contract Tower,0,25,47,4,76,0,1,26,2,29,0,26,73,6,105,8,0,8,113
02/19/2009,GNV,FL,ASO,ES,Federal Contract Tower,0,29,51,1,81,0,0,36,1,37,0,29,87,2,118,26,16,42,160
02/20/2009,GNV,FL,ASO,ES,Federal Contract Tower,0,35,57,27,119,0,0,116,24,140,0,35,173,51,259,16,0,16,275
02/21/2009,GNV,FL,ASO,ES,Federal Contract Tower,0,20,60,12,92,0,0,157,6,163,0,20,217,18,255,92,12,104,359
02/22/2009,GNV,FL,ASO,ES,Federal Contract Tower,0,19,66,7,92,0,0,110,2,112,0,19,176,9,204,58,0,58,262
02/23/2009,GNV,FL,ASO,ES,Federal Contract Tower,0,26,33,14,73,0,67,1,0,68,0,93,34,14,141,32,0,32,173
02/24/2009,GNV,FL,ASO,ES,Federal Contract Tower,0,23,41,21,85,0,0,98,3,101,0,23,139,24,186,61,38,99,285
02/25/2009,GNV,FL,ASO,ES,Federal Contract Tower,0,26,67,4,97,0,0,84,2,86,0,26,151,6,183,40,14,54,237
02/26/2009,GNV,FL,ASO,ES,Federal Contract Tower,0,27,46,15,88,0,0,142,4,146,0,27,188,19,234,132,0,132,366
02/27/2009,GNV,FL,ASO,ES,Federal Contract Tower,0,30,44,8,82,0,0,107,14,121,0,30,151,22,203,76,24,100,303
02/28/2009,GNV,FL,ASO,ES,Federal Contract Tower,0,25,37,0,62,0,0,70,0,70,0,25,107,0,132,6,0,6,138
03/01/2009,GNV,FL,ASO,ES,Federal Contract Tower,0,21,20,7,48,0,2,7,18,27,0,23,27,25,75,0,0,0,75
03/02/2009,GNV,FL,ASO,ES,Federal Contract Tower,0,23,25,7,55,0,0,65,2,67,0,23,90,9,122,34,18,52,174
03/03/2009,GNV,FL,ASO,ES,Federal Contract Tower,0,32,33,6,71,0,2,78,7,87,0,34,111,13,158,72,62,134,292
03/04/2009,GNV,FL,ASO,ES,Federal Contract Tower,0,33,43,47,123,0,0,124,2,126,0,33,167,49,249,48,0,48,297
03/05/2009,GNV,FL,ASO,ES,Federal Contract Tower,0,33,46,1,80,0,3,180,4,187,0,36,226,5,267,64,8,72,339
03/06/2009,GNV,FL,ASO,ES,Federal Contract Tower,2,26,50,39,117,0,0,113,11,124,2,26,163,50,241,82,22,104,345
03/07/2009,GNV,FL,ASO,ES,Federal Contract Tower,4,20,44,2,70,0,125,2,0,127,4,145,46,2,197,68,2,70,267
03/08/2009,GNV,FL,ASO,ES,Federal Contract Tower,0,20,30,34,84,0,0,76,18,94,0,20,106,52,178,32,9,41,219
03/09/2009,GNV,FL,ASO,ES,Federal Contract Tower,0,25,28,9,62,0,2,88,1,91,0,27,116,10,153,46,42,88,241
03/10/2009,GNV,FL,ASO,ES,Federal Contract Tower,0,27,34,1,62,0,5,93,3,101,0,32,127,4,163,32,0,32,195
03/11/2009,GNV,FL,ASO,ES,Federal Contract Tower,0,28,35,29,92,0,4,84,3,91,0,32,119,32,183,44,16,60,243
03/12/2009,GNV,FL,ASO,ES,Federal Contract Tower,0,35,44,58,137,0,0,97,3,100,0,35,141,61,237,72,34,106,343
03/13/2009,GNV,FL,ASO,ES,Federal Contract Tower,0,29,43,35,107,0,86,16,0,102,0,115,59,35,209,20,0,20,229
03/14/2009,GNV,FL,ASO,ES,Federal Contract Tower,0,21,59,0,80,0,0,95,0,95,0,21,154,0,175,16,0,16,191
03/15/2009,GNV,FL,ASO,ES,Federal Contract Tower,0,34,57,30,121,0,0,68,19,87,0,34,125,49,208,40,2,42,250
03/16/2009,GNV,FL,ASO,ES,Federal Contract Tower,0,27,56,7,90,0,1,63,10,74,0,28,119,17,164,14,70,84,248
03/17/2009,GNV,FL,ASO,ES,Federal Contract Tower,0,37,33,8,78,0,2,66,0,68,0,39,99,8,146,58,0,58,204
03/18/2009,GNV,FL,ASO,ES,Federal Contract Tower,0,25,57,4,86,0,2,66,0,68,0,27,123,4,154,26,0,26,180
03/19/2009,GNV,FL,ASO,ES,Federal Contract Tower,0,33,37,8,78,0,0,71,3,74,0,33,108,11,152,88,30,118,270
03/20/2009,GNV,FL,ASO,ES,Federal Contract Tower,2,27,45,13,87,0,0,116,5,121,2,27,161,18,208,122,0,122,330
03/21/2009,GNV,FL,ASO,ES,Federal Contract Tower,0,21,35,0,56,0,0,79,1,80,0,21,114,1,136,50,2,52,188
03/22/2009,GNV,FL,ASO,ES,Federal Contract Tower,0,21,26,10,57,0,0,67,1,68,0,21,93,11,125,86,0,86,211
03/23/2009,GNV,FL,ASO,ES,Federal Contract Tower,0,30,37,6,73,0,0,13,1,14,0,30,50,7,87,2,0,2,89
03/24/2009,GNV,FL,ASO,ES,Federal Contract Tower,0,32,31,0,63,0,2,106,0,108,0,34,137,0,171,68,0,68,239
03/25/2009,GNV,FL,ASO,ES,Federal Contract Tower,0,27,33,13,73,0,1,70,0,71,0,28,103,13,144,28,4,32,176
03/26/2009,GNV,FL,ASO,ES,Federal Contract Tower,0,27,31,4,62,0,1,94,9,104,0,28,125,13,166,48,36,84,250
03/27/2009,GNV,FL,ASO,ES,Federal Contract Tower,2,26,27,0,55,0,1,34,1,36,2,27,61,1,91,12,0,12,103
03/28/2009,GNV,FL,ASO,ES,Federal Contract Tower,0,20,18,0,38,0,0,14,10,24,0,20,32,10,62,0,0,0,62
03/29/2009,GNV,FL,ASO,ES,Federal Contract Tower,0,29,38,1,68,0,0,46,6,52,0,29,84,7,120,44,0,44,164
03/30/2009,GNV,FL,ASO,ES,Federal Contract Tower,0,26,20,5,51,0,2,115,1,118,0,28,135,6,169,62,14,76,245
03/31/2009,GNV,FL,ASO,ES,Federal Contract Tower,0,29,23,0,52,0,2,36,0,38,0,31,59,0,90,108,0,108,198
04/01/2009,GNV,FL,ASO,ES,Federal Contract Tower,3,30,27,0,60,0,0,3,0,3,3,30,30,0,63,0,0,0,63
04/02/2009,GNV,FL,ASO,ES,Federal Contract Tower,0,29,50,0,79,0,0,15,0,15,0,29,65,0,94,30,0,30,124
04/03/2009,GNV,FL,ASO,ES,Federal Contract Tower,0,35,36,34,105,0,1,65,5,71,0,36,101,39,176,82,18,100,276
04/04/2009,GNV,FL,ASO,ES,Federal Contract Tower,0,16,45,13,74,0,0,121,2,123,0,16,166,15,197,92,6,98,295
04/05/2009,GNV,FL,ASO,ES,Federal Contract Tower,0,23,47,37,107,0,0,47,1,48,0,23,94,38,155,74,0,74,229
04/06/2009,GNV,FL,ASO,ES,Federal Contract Tower,0,28,22,3,53,0,0,21,1,22,0,28,43,4,75,0,0,0,75
04/07/2009,GNV,FL,ASO,ES,Federal Contract Tower,0,30,32,32,94,0,2,59,1,62,0,32,91,33,156,14,12,26,182
04/08/2009,GNV,FL,ASO,ES,Federal Contract Tower,0,30,39,19,88,0,0,124,4,128,0,30,163,23,216,82,24,106,322
04/09/2009,GNV,FL,ASO,ES,Federal Contract Tower,0,39,72,24,135,0,0,139,0,139,0,39,211,24,274,108,24,132,406
04/10/2009,GNV,FL,ASO,ES,Federal Contract Tower,0,27,44,12,83,0,2,84,2,88,0,29,128,14,171,80,14,94,265
04/11/2009,GNV,FL,ASO,ES,Federal Contract Tower,0,17,25,0,42,0,0,43,0,43,0,17,68,0,85,40,0,40,125
04/12/2009,GNV,FL,ASO,ES,Federal Contract Tower,0,25,40,3,68,0,0,112,6,118,0,25,152,9,186,40,6,46,232
04/13/2009,GNV,FL,ASO,ES,Federal Contract Tower,0,26,27,0,53,0,0,34,0,34,0,26,61,0,87,38,0,38,125
04/14/2009,GNV,FL,ASO,ES,Federal Contract Tower,0,29,27,2,58,0,1,8,4,13,0,30,35,6,71,0,10,10,81
04/15/2009,GNV,FL,ASO,ES,Federal Contract Tower,0,33,61,12,106,0,2,108,5,115,0,35,169,17,221,92,32,124,345
04/16/2009,GNV,FL,ASO,ES,Federal Contract Tower,0,35,44,0,79,0,1,99,0,100,0,36,143,0,179,108,0,108,287
04/17/2009,GNV,FL,ASO,ES,Federal Contract Tower,0,28,59,36,123,0,0,94,9,103,0,28,153,45,226,132,6,138,364
04/18/2009,GNV,FL,ASO,ES,Federal Contract Tower,0,15,46,4,65,0,0,146,3,149,0,15,192,7,214,102,10,112,326
04/19/2009,GNV,FL,ASO,ES,Federal Contract Tower,0,26,46,22,94,0,0,111,3,114,0,26,157,25,208,98,0,98,306
04/20/2009,GNV,FL,ASO,ES,Federal Contract Tower,0,22,24,2,48,0,1,26,0,27,0,23,50,2,75,32,0,32,107
04/21/2009,GNV,FL,ASO,ES,Federal Contract Tower,0,32,34,0,66,0,2,84,2,88,0,34,118,2,154,90,0,90,244
04/22/2009,GNV,FL,ASO,ES,Federal Contract Tower,0,29,31,7,67,0,2,86,13,101,0,31,117,20,168,44,24,68,236
04/23/2009,GNV,FL,ASO,ES,Federal Contract Tower,4,27,52,11,94,0,0,79,7,86,4,27,131,18,180,112,4,116,296
04/24/2009,GNV,FL,ASO,ES,Federal Contract Tower,0,32,49,50,131,0,3,131,6,140,0,35,180,56,271,46,18,64,335
04/25/2009,GNV,FL,ASO,ES,Federal Contract Tower,0,18,37,14,69,0,0,91,4,95,0,18,128,18,164,52,14,66,230
04/26/2009,GNV,FL,ASO,ES,Federal Contract Tower,0,26,31,12,69,0,0,67,7,74,0,26,98,19,143,22,0,22,165
04/27/2009,GNV,FL,ASO,ES,Federal Contract Tower,0,30,31,1,62,0,3,65,2,70,0,33,96,3,132,74,0,74,206
04/28/2009,GNV,FL,ASO,ES,Federal Contract Tower,0,42,37,20,99,0,3,78,1,82,0,45,115,21,181,50,44,94,275
04/29/2009,GNV,FL,ASO,ES,Federal Contract Tower,0,35,26,14,75,0,2,106,2,110,0,37,132,16,185,64,10,74,259
04/30/2009,GNV,FL,ASO,ES,Federal Contract Tower,0,32,30,10,72,0,0,95,8,103,0,32,125,18,175,66,10,76,251
05/01/2009,GNV,FL,ASO,ES,Federal Contract Tower,0,42,25,18,85,0,2,88,7,97,0,44,113,25,182,54,16,70,252
05/02/2009,GNV,FL,ASO,ES,Federal Contract Tower,0,23,21,20,64,0,0,99,2,101,0,23,120,22,165,10,60,70,235
05/03/2009,GNV,FL,ASO,ES,Federal Contract Tower,0,35,25,16,76,0,0,71,9,80,0,35,96,25,156,42,0,42,198
05/04/2009,GNV,FL,ASO,ES,Federal Contract Tower,0,30,27,8,65,0,2,69,0,71,0,32,96,8,136,76,0,76,212
05/05/2009,GNV,FL,ASO,ES,Federal Contract Tower,0,35,33,9,77,0,2,80,8,90,0,37,113,17,167,32,14,46,213
05/06/2009,GNV,FL,ASO,ES,Federal Contract Tower,0,36,51,6,93,0,0,74,6,80,0,36,125,12,173,42,22,64,237
05/07/2009,GNV,FL,ASO,ES,Federal Contract Tower,0,36,43,11,90,0,0,95,5,100,0,36,138,16,190,80,18,98,288
05/08/2009,GNV,FL,ASO,ES,Federal Contract Tower,0,30,49,21,100,0,0,94,4,98,0,30,143,25,198,60,16,76,274
05/09/2009,GNV,FL,ASO,ES,Federal Contract Tower,0,17,23,13,53,0,0,80,4,84,0,17,103,17,137,84,2,86,223
05/10/2009,GNV,FL,ASO,ES,Federal Contract Tower,0,23,23,8,54,0,1,84,0,85,0,24,107,8,139,54,2,56,195
05/11/2009,GNV,FL,ASO,ES,Federal Contract Tower,0,36,43,18,97,0,1,65,3,69,0,37,108,21,166,28,10,38,204
05/12/2009,GNV,FL,ASO,ES,Federal Contract Tower,0,37,58,2,97,0,0,35,4,39,0,37,93,6,136,44,42,86,222
05/13/2009,GNV,FL,ASO,ES,Federal Contract Tower,2,32,27,2,63,0,0,37,0,37,2,32,64,2,100,8,44,52,152
05/14/2009,GNV,FL,ASO,ES,Federal Contract Tower,0,36,46,0,82,0,0,29,0,29,0,36,75,0,111,12,0,12,123
05/15/2009,GNV,FL,ASO,ES,Federal Contract Tower,0,33,50,13,96,0,0,64,5,69,0,33,114,18,165,70,2,72,237
05/16/2009,GNV,FL,ASO,ES,Federal Contract Tower,0,14,34,3,51,0,0,49,8,57,0,14,83,11,108,8,0,8,116
05/17/2009,GNV,FL,ASO,ES,Federal Contract Tower,0,22,21,4,47,0,0,42,4,46,0,22,63,8,93,18,2,20,113
05/18/2009,GNV,FL,ASO,ES,Federal Contract Tower,0,31,47,1,79,0,0,0,0,0,0,31,47,1,79,0,0,0,79
05/19/2009,GNV,FL,ASO,ES,Federal Contract Tower,0,27,32,2,61,0,0,1,0,1,0,27,33,2,62,0,0,0,62
05/20/2009,GNV,FL,ASO,ES,Federal Contract Tower,0,38,46,0,84,0,0,4,0,4,0,38,50,0,88,0,0,0,88
05/21/2009,GNV,FL,ASO,ES,Federal Contract Tower,0,32,32,0,64,0,1,5,0,6,0,33,37,0,70,8,0,8,78
05/22/2009,GNV,FL,ASO,ES,Federal Contract Tower,0,33,37,2,72,0,1,17,0,18,0,34,54,2,90,2,0,2,92
05/23/2009,GNV,FL,ASO,ES,Federal Contract Tower,0,15,25,0,40,0,0,13,0,13,0,15,38,0,53,0,0,0,53
05/24/2009,GNV,FL,ASO,ES,Federal Contract Tower,0,17,21,8,46,0,0,18,0,18,0,17,39,8,64,10,0,10,74
05/25/2009,GNV,FL,ASO,ES,Federal Contract Tower,0,24,34,0,58,0,0,52,0,52,0,24,86,0,110,22,0,22,132
05/26/2009,GNV,FL,ASO,ES,Federal Contract Tower,0,36,36,0,72,0,1,37,0,38,0,37,73,0,110,45,0,45,155
05/27/2009,GNV,FL,ASO,ES,Federal Contract Tower,0,36,39,27,102,0,1,80,8,89,0,37,119,35,191,74,18,92,283
05/28/2009,GNV,FL,ASO,ES,Federal Contract Tower,0,41,51,9,101,0,0,26,0,26,0,41,77,9,127,50,0,50,177
05/29/2009,GNV,FL,ASO,ES,Federal Contract Tower,0,28,30,16,74,0,2,57,2,61,0,30,87,18,135,62,0,62,197
05/30/2009,GNV,FL,ASO,ES,Federal Contract Tower,0,14,22,0,36,0,0,68,0,68,0,14,90,0,104,44,0,44,148
05/31/2009,GNV,FL,ASO,ES,Federal Contract Tower,0,20,41,12,73,0,0,64,0,64,0,20,105,12,137,30,0,30,167
06/01/2009,GNV,FL,ASO,ES,Federal Contract Tower,0,27,36,13,76,0,0,118,3,121,0,27,154,16,197,48,18,66,263
06/02/2009,GNV,FL,ASO,ES,Federal Contract Tower,2,31,62,7,102,0,4,125,9,138,2,35,187,16,240,74,24,98,338
06/03/2009,GNV,FL,ASO,ES,Federal Contract Tower,0,30,42,8,80,0,2,72,1,75,0,32,114,9,155,68,0,68,223
06/04/2009,GNV,FL,ASO,ES,Federal Contract Tower,0,37,52,11,100,0,1,22,0,23,0,38,74,11,123,2,0,2,125
06/05/2009,GNV,FL,ASO,ES,Federal Contract Tower,2,29,29,12,72,0,2,36,0,38,2,31,65,12,110,30,0,30,140
06/06/2009,GNV,FL,ASO,ES,Federal Contract Tower,0,20,48,0,68,0,0,16,2,18,0,20,64,2,86,40,0,40,126
06/07/2009,GNV,FL,ASO,ES,Federal Contract Tower,0,27,27,0,54,0,0,45,2,47,0,27,72,2,101,80,0,80,181
06/08/2009,GNV,FL,ASO,ES,Federal Contract Tower,0,31,33,18,82,0,0,60,0,60,0,31,93,18,142,100,0,100,242
06/09/2009,GNV,FL,ASO,ES,Federal Contract Tower,0,28,33,0,61,0,1,97,0,98,0,29,130,0,159,82,0,82,241
06/10/2009,GNV,FL,ASO,ES,Federal Contract Tower,0,34,33,2,69,0,0,134,6,140,0,34,167,8,209,141,20,161,370
06/11/2009,GNV,FL,ASO,ES,Federal Contract Tower,0,39,36,16,91,0,2,100,3,105,0,41,136,19,196,72,6,78,274
06/12/2009,GNV,FL,ASO,ES,Federal Contract Tower,0,36,44,6,86,0,1,82,12,95,0,37,126,18,181,52,6,58,239
06/13/2009,GNV,FL,ASO,ES,Federal Contract Tower,0,18,24,20,62,0,0,73,10,83,0,18,97,30,145,44,18,62,207
06/14/2009,GNV,FL,ASO,ES,Federal Contract Tower,0,21,38,23,82,0,0,85,5,90,0,21,123,28,172,44,0,44,216
06/15/2009,GNV,FL,ASO,ES,Federal Contract Tower,0,27,26,0,53,0,0,71,0,71,0,27,97,0,124,44,0,44,168
06/16/2009,GNV,FL,ASO,ES,Federal Contract Tower,0,29,35,18,82,0,1,82,1,84,0,30,117,19,166,62,0,62,228
06/17/2009,GNV,FL,ASO,ES,Federal Contract Tower,0,30,42,0,72,0,1,67,2,70,0,31,109,2,142,60,2,62,204
06/18/2009,GNV,FL,ASO,ES,Federal Contract Tower,0,33,26,9,68,0,0,45,2,47,0,33,71,11,115,50,6,56,171
06/19/2009,GNV,FL,ASO,ES,Federal Contract Tower,0,39,60,23,122,0,0,109,5,114,0,39,169,28,236,54,2,56,292
06/20/2009,GNV,FL,ASO,ES,Federal Contract Tower,0,15,21,10,46,0,0,78,0,78,0,15,99,10,124,54,0,54,178
06/21/2009,GNV,FL,ASO,ES,Federal Contract Tower,0,18,35,11,64,0,0,49,2,51,0,18,84,13,115,24,0,24,139
06/22/2009,GNV,FL,ASO,ES,Federal Contract Tower,0,23,26,0,49,0,0,57,5,62,0,23,83,5,111,42,8,50,161
06/23/2009,GNV,FL,ASO,ES,Federal Contract Tower,0,29,29,7,65,0,1,67,0,68,0,30,96,7,133,44,10,54,187
06/24/2009,GNV,FL,ASO,ES,Federal Contract Tower,0,27,41,8,76,0,2,93,9,104,0,29,134,17,180,26,0,26,206
06/25/2009,GNV,FL,ASO,ES,Federal Contract Tower,0,29,29,16,74,0,0,87,2,89,0,29,116,18,163,46,26,72,235
06/26/2009,GNV,FL,ASO,ES,Federal Contract Tower,0,31,36,4,71,0,0,69,0,69,0,31,105,4,140,36,0,36,176
06/27/2009,GNV,FL,ASO,ES,Federal Contract Tower,0,18,27,0,45,0,0,55,0,55,0,18,82,0,100,28,0,28,128
06/28/2009,GNV,FL,ASO,ES,Federal Contract Tower,0,19,25,0,44,0,0,50,6,56,0,19,75,6,100,40,26,66,166
06/29/2009,GNV,FL,ASO,ES,Federal Contract Tower,0,34,24,9,67,0,2,39,0,41,0,36,63,9,108,36,6,42,150
06/30/2009,GNV,FL,ASO,ES,Federal Contract Tower,0,29,15,8,52,0,0,18,0,18,0,29,33,8,70,72,0,72,142
07/01/2009,GNV,FL,ASO,ES,Federal Contract Tower,0,31,46,6,83,0,4,56,3,63,0,35,102,9,146,55,6,61,207
07/02/2009,GNV,FL,ASO,ES,Federal Contract Tower,0,31,48,12,91,0,2,51,0,53,0,33,99,12,144,56,6,62,206
07/03/2009,GNV,FL,ASO,ES,Federal Contract Tower,0,29,31,0,60,0,0,62,0,62,0,29,93,0,122,72,0,72,194
07/04/2009,GNV,FL,ASO,ES,Federal Contract Tower,0,20,7,0,27,0,0,40,0,40,0,20,47,0,67,52,0,52,119
07/05/2009,GNV,FL,ASO,ES,Federal Contract Tower,0,24,36,6,66,0,0,73,0,73,0,24,109,6,139,50,0,50,189
07/06/2009,GNV,FL,ASO,ES,Federal Contract Tower,2,30,24,0,56,0,1,22,0,23,2,31,46,0,79,8,0,8,87
07/07/2009,GNV,FL,ASO,ES,Federal Contract Tower,0,30,22,4,56,0,0,29,4,33,0,30,51,8,89,20,54,74,163
07/08/2009,GNV,FL,ASO,ES,Federal Contract Tower,0,30,28,2,60,0,0,9,0,9,0,30,37,2,69,2,0,2,71
07/09/2009,GNV,FL,ASO,ES,Federal Contract Tower,0,30,48,10,88,0,3,21,0,24,0,33,69,10,112,10,36,46,158
07/10/2009,GNV,FL,ASO,ES,Federal Contract Tower,0,26,50,16,92,0,0,42,5,47,0,26,92,21,139,44,2,46,185
07/11/2009,GNV,FL,ASO,ES,Federal Contract Tower,0,18,26,2,46,0,0,25,1,26,0,18,51,3,72,16,0,16,88
07/12/2009,GNV,FL,ASO,ES,Federal Contract Tower,0,22,37,11,70,0,0,55,2,57,0,22,92,13,127,30,0,30,157
07/13/2009,GNV,FL,ASO,ES,Federal Contract Tower,0,28,28,6,62,0,0,84,2,86,0,28,112,8,148,82,0,82,230
07/14/2009,GNV,FL,ASO,ES,Federal Contract Tower,0,33,30,10,73,0,1,56,1,58,0,34,86,11,131,48,32,80,211
07/15/2009,GNV,FL,ASO,ES,Federal Contract Tower,0,37,65,13,115,0,1,50,6,57,0,38,115,19,172,68,6,74,246
07/16/2009,GNV,FL,ASO,ES,Federal Contract Tower,0,30,76,4,110,0,2,71,0,73,0,32,147,4,183,54,8,62,245
07/17/2009,GNV,FL,ASO,ES,Federal Contract Tower,0,32,52,14,98,0,0,94,5,99,0,32,146,19,197,76,2,78,275
07/18/2009,GNV,FL,ASO,ES,Federal Contract Tower,0,20,15,1,36,0,0,22,4,26,0,20,37,5,62,6,10,16,78
07/19/2009,GNV,FL,ASO,ES,Federal Contract Tower,0,21,49,9,79,0,0,56,7,63,0,21,105,16,142,20,0,20,162
07/20/2009,GNV,FL,ASO,ES,Federal Contract Tower,2,24,32,2,60,0,1,55,0,56,2,25,87,2,116,52,0,52,168
07/21/2009,GNV,FL,ASO,ES,Federal Contract Tower,0,28,45,4,77,0,3,132,0,135,0,31,177,4,212,68,2,70,282
07/22/2009,GNV,FL,ASO,ES,Federal Contract Tower,0,26,38,2,66,0,3,66,2,71,0,29,104,4,137,54,0,54,191
07/23/2009,GNV,FL,ASO,ES,Federal Contract Tower,2,29,19,7,57,0,3,85,2,90,2,32,104,9,147,126,8,134,281
07/24/2009,GNV,FL,ASO,ES,Federal Contract Tower,0,26,38,12,76,0,1,137,6,144,0,27,175,18,220,62,16,78,298
07/25/2009,GNV,FL,ASO,ES,Federal Contract Tower,0,21,24,0,45,0,0,73,0,73,0,21,97,0,118,76,0,76,194
07/26/2009,GNV,FL,ASO,ES,Federal Contract Tower,0,20,33,2,55,0,0,44,1,45,0,20,77,3,100,16,0,16,116
07/27/2009,GNV,FL,ASO,ES,Federal Contract Tower,0,24,28,4,56,0,1,68,0,69,0,25,96,4,125,56,0,56,181
07/28/2009,GNV,FL,ASO,ES,Federal Contract Tower,0,28,33,30,91,0,3,56,5,64,0,31,89,35,155,76,64,140,295
07/29/2009,GNV,FL,ASO,ES,Federal Contract Tower,0,34,24,34,92,0,0,74,2,76,0,34,98,36,168,98,22,120,288
07/30/2009,GNV,FL,ASO,ES,Federal Contract Tower,0,38,60,2,100,0,1,48,3,52,0,39,108,5,152,58,22,80,232
07/31/2009,GNV,FL,ASO,ES,Federal Contract Tower,0,32,21,2,55,0,0,45,2,47,0,32,66,4,102,12,0,12,114
08/01/2009,GNV,FL,ASO,ES,Federal Contract Tower,0,15,38,0,53,0,0,59,0,59,0,15,97,0,112,60,0,60,172
08/02/2009,GNV,FL,ASO,ES,Federal Contract Tower,0,18,31,0,49,0,0,45,2,47,0,18,76,2,96,24,0,24,120
08/03/2009,GNV,FL,ASO,ES,Federal Contract Tower,0,29,22,1,52,0,0,34,0,34,0,29,56,1,86,9,0,9,95
08/04/2009,GNV,FL,ASO,ES,Federal Contract Tower,0,30,29,2,61,0,1,65,0,66,0,31,94,2,127,34,0,34,161
08/05/2009,GNV,FL,ASO,ES,Federal Contract Tower,0,29,43,4,76,0,2,78,3,83,0,31,121,7,159,38,0,38,197
08/06/2009,GNV,FL,ASO,ES,Federal Contract Tower,0,31,31,0,62,0,1,49,3,53,0,32,80,3,115,24,0,24,139
08/07/2009,GNV,FL,ASO,ES,Federal Contract Tower,0,33,48,0,81,0,0,114,14,128,0,33,162,14,209,94,0,94,303
08/08/2009,GNV,FL,ASO,ES,Federal Contract Tower,0,25,27,0,52,0,2,67,0,69,0,27,94,0,121,70,0,70,191
08/09/2009,GNV,FL,ASO,ES,Federal Contract Tower,0,20,34,16,70,0,0,75,11,86,0,20,109,27,156,62,4,66,222
08/10/2009,GNV,FL,ASO,ES,Federal Contract Tower,0,30,31,11,72,0,1,79,1,81,0,31,110,12,153,58,4,62,215
08/11/2009,GNV,FL,ASO,ES,Federal Contract Tower,0,29,29,2,60,0,3,77,0,80,0,32,106,2,140,104,0,104,244
08/12/2009,GNV,FL,ASO,ES,Federal Contract Tower,0,32,38,0,70,0,2,89,6,97,0,34,127,6,167,120,0,120,287
08/13/2009,GNV,FL,ASO,ES,Federal Contract Tower,0,33,38,4,75,0,0,68,1,69,0,33,106,5,144,6,0,6,150
08/14/2009,GNV,FL,ASO,ES,Federal Contract Tower,0,31,49,3,83,0,0,43,3,46,0,31,92,6,129,48,0,48,177
08/15/2009,GNV,FL,ASO,ES,Federal Contract Tower,0,25,50,0,75,0,0,41,0,41,0,25,91,0,116,22,0,22,138
08/16/2009,GNV,FL,ASO,ES,Federal Contract Tower,0,26,30,9,65,0,0,55,0,55,0,26,85,9,120,40,0,40,160
08/17/2009,GNV,FL,ASO,ES,Federal Contract Tower,0,28,23,5,56,0,0,39,1,40,0,28,62,6,96,28,0,28,124
08/18/2009,GNV,FL,ASO,ES,Federal Contract Tower,0,39,34,0,73,0,2,32,0,34,0,41,66,0,107,0,0,0,107
08/19/2009,GNV,FL,ASO,ES,Federal Contract Tower,0,32,31,1,64,0,2,27,3,32,0,34,58,4,96,14,0,14,110
08/20/2009,GNV,FL,ASO,ES,Federal Contract Tower,0,31,27,0,58,0,4,52,18,74,0,35,79,18,132,44,16,60,192
08/21/2009,GNV,FL,ASO,ES,Federal Contract Tower,0,35,32,26,93,0,0,75,2,77,0,35,107,28,170,116,0,116,286
08/22/2009,GNV,FL,ASO,ES,Federal Contract Tower,0,16,17,1,34,0,0,39,2,41,0,16,56,3,75,6,0,6,81
08/23/2009,GNV,FL,ASO,ES,Federal Contract Tower,0,24,36,0,60,0,0,63,4,67,0,24,99,4,127,28,0,28,155
08/24/2009,GNV,FL,ASO,ES,Federal Contract Tower,0,31,16,11,58,0,1,54,1,56,0,32,70,12,114,17,0,17,131
08/25/2009,GNV,FL,ASO,ES,Federal Contract Tower,0,28,33,0,61,0,2,64,0,66,0,30,97,0,127,14,0,14,141
08/26/2009,GNV,FL,ASO,ES,Federal Contract Tower,0,33,24,0,57,0,2,38,0,40,0,35,62,0,97,28,0,28,125
08/27/2009,GNV,FL,ASO,ES,Federal Contract Tower,0,32,42,5,79,0,2,12,0,14,0,34,54,5,93,2,0,2,95
08/28/2009,GNV,FL,ASO,ES,Federal Contract Tower,0,29,41,8,78,0,2,53,0,55,0,31,94,8,133,62,0,62,195
08/29/2009,GNV,FL,ASO,ES,Federal Contract Tower,0,16,46,3,65,0,0,107,1,108,0,16,153,4,173,124,0,124,297
08/30/2009,GNV,FL,ASO,ES,Federal Contract Tower,0,18,25,1,44,0,0,72,0,72,0,18,97,1,116,80,0,80,196
08/31/2009,GNV,FL,ASO,ES,Federal Contract Tower,0,26,15,9,50,0,1,56,5,62,0,27,71,14,112,16,6,22,134
09/01/2009,GNV,FL,ASO,ES,Federal Contract Tower,0,31,25,6,62,0,1,39,0,40,0,32,64,6,102,20,0,20,122
09/02/2009,GNV,FL,ASO,ES,Federal Contract Tower,0,28,43,3,74,0,1,11,0,12,0,29,54,3,86,10,0,10,96
09/03/2009,GNV,FL,ASO,ES,Federal Contract Tower,0,29,24,1,54,0,2,31,1,34,0,31,55,2,88,74,0,74,162
09/04/2009,GNV,FL,ASO,ES,Federal Contract Tower,0,26,36,0,62,0,2,82,0,84,0,28,118,0,146,28,0,28,174
09/05/2009,GNV,FL,ASO,ES,Federal Contract Tower,0,14,48,3,65,0,0,58,1,59,0,14,106,4,124,28,6,34,158
09/06/2009,GNV,FL,ASO,ES,Federal Contract Tower,0,17,30,1,48,0,0,46,1,47,0,17,76,2,95,40,10,50,145
09/07/2009,GNV,FL,ASO,ES,Federal Contract Tower,0,25,32,0,57,0,0,42,0,42,0,25,74,0,99,30,0,30,129
09/08/2009,GNV,FL,ASO,ES,Federal Contract Tower,0,24,23,3,50,0,2,108,2,112,0,26,131,5,162,52,14,66,228
09/09/2009,GNV,FL,ASO,ES,Federal Contract Tower,0,26,36,3,65,0,1,108,4,113,0,27,144,7,178,136,0,136,314
09/10/2009,GNV,FL,ASO,ES,Federal Contract Tower,0,28,44,6,78,0,0,97,3,100,0,28,141,9,178,90,0,90,268
09/11/2009,GNV,FL,ASO,ES,Federal Contract Tower,0,38,33,5,76,0,0,77,8,85,0,38,110,13,161,38,0,38,199
09/12/2009,GNV,FL,ASO,ES,Federal Contract Tower,0,18,57,0,75,0,0,14,0,14,0,18,71,0,89,4,0,4,93
09/13/2009,GNV,FL,ASO,ES,Federal Contract Tower,0,22,35,2,59,0,0,36,0,36,0,22,71,2,95,104,0,104,199
09/14/2009,GNV,FL,ASO,ES,Federal Contract Tower,0,24,19,0,43,0,0,53,2,55,0,24,72,2,98,78,0,78,176
09/15/2009,GNV,FL,ASO,ES,Federal Contract Tower,0,29,23,0,52,0,1,52,2,55,0,30,75,2,107,44,0,44,151
09/16/2009,GNV,FL,ASO,ES,Federal Contract Tower,0,26,44,15,85,0,0,82,6,88,0,26,126,21,173,52,12,64,237
09/17/2009,GNV,FL,ASO,ES,Federal Contract Tower,0,35,32,9,76,0,0,47,5,52,0,35,79,14,128,68,4,72,200
09/18/2009,GNV,FL,ASO,ES,Federal Contract Tower,2,36,65,12,115,0,1,81,0,82,2,37,146,12,197,12,0,12,209
09/19/2009,GNV,FL,ASO,ES,Federal Contract Tower,2,48,37,1,88,0,2,77,0,79,2,50,114,1,167,14,0,14,181
09/20/2009,GNV,FL,ASO,ES,Federal Contract Tower,0,31,71,8,110,0,0,73,1,74,0,31,144,9,184,60,4,64,248
09/21/2009,GNV,FL,ASO,ES,Federal Contract Tower,0,26,27,0,53,0,1,39,0,40,0,27,66,0,93,18,0,18,111
09/22/2009,GNV,FL,ASO,ES,Federal Contract Tower,0,33,40,16,89,0,1,73,4,78,0,34,113,20,167,20,34,54,221
09/23/2009,GNV,FL,ASO,ES,Federal Contract Tower,0,36,62,0,98,0,3,35,3,41,0,39,97,3,139,48,0,48,187
09/24/2009,GNV,FL,ASO,ES,Federal Contract Tower,0,35,49,12,96,0,58,5,0,63,0,93,54,12,159,66,10,76,235
09/25/2009,GNV,FL,ASO,ES,Federal Contract Tower,2,32,53,6,93,0,0,69,0,69,2,32,122,6,162,62,0,62,224
09/26/2009,GNV,FL,ASO,ES,Federal Contract Tower,0,18,25,4,47,0,0,59,7,66,0,18,84,11,113,32,2,34,147
09/27/2009,GNV,FL,ASO,ES,Federal Contract Tower,0,27,47,8,82,0,0,56,1,57,0,27,103,9,139,48,0,48,187
09/28/2009,GNV,FL,ASO,ES,Federal Contract Tower,0,27,37,23,87,0,2,114,0,116,0,29,151,23,203,64,0,64,267
09/29/2009,GNV,FL,ASO,ES,Federal Contract Tower,0,23,34,8,65,0,4,55,0,59,0,27,89,8,124,36,8,44,168
09/30/2009,GNV,FL,ASO,ES,Federal Contract Tower,0,23,58,0,81,0,2,121,4,127,0,25,179,4,208,70,10,80,288
10/01/2009,GNV,FL,ASO,ES,Federal Contract Tower,0,32,41,17,90,0,4,99,4,107,0,36,140,21,197,56,32,88,285
10/02/2009,GNV,FL,ASO,ES,Federal Contract Tower,0,26,29,21,76,0,1,74,13,88,0,27,103,34,164,2,0,2,166
10/03/2009,GNV,FL,ASO,ES,Federal Contract Tower,0,21,31,7,59,0,0,92,9,101,0,21,123,16,160,28,4,32,192
10/04/2009,GNV,FL,ASO,ES,Federal Contract Tower,0,26,33,14,73,0,0,57,4,61,0,26,90,18,134,26,0,26,160
10/05/2009,GNV,FL,ASO,ES,Federal Contract Tower,0,24,34,10,68,0,0,30,2,32,0,24,64,12,100,0,6,6,106
10/06/2009,GNV,FL,ASO,ES,Federal Contract Tower,0,27,43,16,86,0,0,46,3,49,0,27,89,19,135,62,0,62,197
10/07/2009,GNV,FL,ASO,ES,Federal Contract Tower,0,22,38,4,64,0,0,58,2,60,0,22,96,6,124,30,0,30,154
10/08/2009,GNV,FL,ASO,ES,Federal Contract Tower,0,38,64,14,116,0,0,43,1,44,0,38,107,15,160,32,0,32,192
10/09/2009,GNV,FL,ASO,ES,Federal Contract Tower,2,31,54,31,118,0,0,83,14,97,2,31,137,45,215,18,0,18,233
10/10/2009,GNV,FL,ASO,ES,Federal Contract Tower,2,21,35,3,61,0,0,43,0,43,2,21,78,3,104,30,0,30,134
10/11/2009,GNV,FL,ASO,ES,Federal Contract Tower,0,26,40,2,68,0,0,72,0,72,0,26,112,2,140,38,0,38,178
10/12/2009,GNV,FL,ASO,ES,Federal Contract Tower,0,22,23,26,71,0,1,39,0,40,0,23,62,26,111,32,0,32,143
10/13/2009,GNV,FL,ASO,ES,Federal Contract Tower,0,28,43,4,75,0,0,14,1,15,0,28,57,5,90,2,0,2,92
10/14/2009,GNV,FL,ASO,ES,Federal Contract Tower,0,23,44,10,77,0,0,47,2,49,0,23,91,12,126,64,0,64,190
10/15/2009,GNV,FL,ASO,ES,Federal Contract Tower,0,34,36,0,70,0,1,30,2,33,0,35,66,2,103,46,0,46,149
10/16/2009,GNV,FL,ASO,ES,Federal Contract Tower,2,31,63,0,96,0,2,17,4,23,2,33,80,4,119,4,8,12,131
10/17/2009,GNV,FL,ASO,ES,Federal Contract Tower,3,28,84,8,123,0,0,91,3,94,3,28,175,11,217,38,4,42,259
10/18/2009,GNV,FL,ASO,ES,Federal Contract Tower,2,29,62,5,98,0,0,74,6,80,2,29,136,11,178,0,0,0,178
10/19/2009,GNV,FL,ASO,ES,Federal Contract Tower,0,27,43,1,71,0,0,81,1,82,0,27,124,2,153,56,0,56,209
10/20/2009,GNV,FL,ASO,ES,Federal Contract Tower,0,24,41,9,74,0,1,69,4,74,0,25,110,13,148,36,78,114,262
10/21/2009,GNV,FL,ASO,ES,Federal Contract Tower,2,24,39,8,73,0,1,98,7,106,2,25,137,15,179,82,14,96,275
10/22/2009,GNV,FL,ASO,ES,Federal Contract Tower,0,29,36,0,65,0,0,98,9,107,0,29,134,9,172,104,0,104,276
10/23/2009,GNV,FL,ASO,ES,Federal Contract Tower,2,31,46,19,98,0,1,69,3,73,2,32,115,22,171,54,2,56,227
10/24/2009,GNV,FL,ASO,ES,Federal Contract Tower,2,23,22,4,51,0,0,62,0,62,2,23,84,4,113,26,0,26,139
10/25/2009,GNV,FL,ASO,ES,Federal Contract Tower,0,24,49,20,93,0,0,90,3,93,0,24,139,23,186,46,0,46,232
10/26/2009,GNV,FL,ASO,ES,Federal Contract Tower,0,26,42,20,88,0,0,55,3,58,0,26,97,23,146,64,4,68,214
10/27/2009,GNV,FL,ASO,ES,Federal Contract Tower,0,28,27,15,70,0,1,10,2,13,0,29,37,17,83,24,18,42,125
10/28/2009,GNV,FL,ASO,ES,Federal Contract Tower,0,25,39,8,72,0,4,40,3,47,0,29,79,11,119,66,18,84,203
10/29/2009,GNV,FL,ASO,ES,Federal Contract Tower,0,29,51,19,99,0,1,63,1,65,0,30,114,20,164,44,8,52,216
10/30/2009,GNV,FL,ASO,ES,Federal Contract Tower,0,30,47,18,95,0,1,38,4,43,0,31,85,22,138,42,8,50,188
10/31/2009,GNV,FL,ASO,ES,Federal Contract Tower,0,17,26,0,43,0,0,72,0,72,0,17,98,0,115,20,0,20,135
11/01/2009,GNV,FL,ASO,ES,Federal Contract Tower,0,21,27,6,54,0,0,75,0,75,0,21,102,6,129,56,0,56,185
11/02/2009,GNV,FL,ASO,ES,Federal Contract Tower,0,22,33,0,55,0,1,50,0,51,0,23,83,0,106,24,0,24,130
11/03/2009,GNV,FL,ASO,ES,Federal Contract Tower,6,27,24,0,57,0,2,56,6,64,6,29,80,6,121,64,22,86,207
11/04/2009,GNV,FL,ASO,ES,Federal Contract Tower,0,24,44,8,76,0,3,92,7,102,0,27,136,15,178,68,74,142,320
11/05/2009,GNV,FL,ASO,ES,Federal Contract Tower,0,27,38,16,81,0,2,101,6,109,0,29,139,22,190,98,0,98,288
11/06/2009,GNV,FL,ASO,ES,Federal Contract Tower,1,29,39,18,87,0,1,78,1,80,1,30,117,19,167,46,20,66,233
11/07/2009,GNV,FL,ASO,ES,Federal Contract Tower,0,28,57,6,91,0,0,105,0,105,0,28,162,6,196,54,0,54,250
11/08/2009,GNV,FL,ASO,ES,Federal Contract Tower,0,27,44,14,85,0,0,85,16,101,0,27,129,30,186,24,0,24,210
11/09/2009,GNV,FL,ASO,ES,Federal Contract Tower,0,21,24,17,62,0,3,34,0,37,0,24,58,17,99,18,10,28,127
11/10/2009,GNV,FL,ASO,ES,Federal Contract Tower,0,29,18,0,47,0,0,26,1,27,0,29,44,1,74,2,0,2,76
11/11/2009,GNV,FL,ASO,ES,Federal Contract Tower,0,27,31,3,61,0,0,6,0,6,0,27,37,3,67,10,0,10,77
11/12/2009,GNV,FL,ASO,ES,Federal Contract Tower,0,27,73,7,107,0,6,35,7,48,0,33,108,14,155,28,16,44,199
11/13/2009,GNV,FL,ASO,ES,Federal Contract Tower,2,23,43,36,104,0,2,104,14,120,2,25,147,50,224,52,10,62,286
11/14/2009,GNV,FL,ASO,ES,Federal Contract Tower,1,21,38,1,61,0,0,104,3,107,1,21,142,4,168,40,10,50,218
11/15/2009,GNV,FL,ASO,ES,Federal Contract Tower,0,19,39,17,75,0,0,101,3,104,0,19,140,20,179,56,0,56,235
11/16/2009,GNV,FL,ASO,ES,Federal Contract Tower,0,23,33,6,62,0,2,80,9,91,0,25,113,15,153,64,20,84,237
11/17/2009,GNV,FL,ASO,ES,Federal Contract Tower,0,23,70,8,101,0,2,84,5,91,0,25,154,13,192,140,26,166,358
11/18/2009,GNV,FL,ASO,ES,Federal Contract Tower,0,27,69,4,100,0,0,92,5,97,0,27,161,9,197,74,0,74,271
11/19/2009,GNV,FL,ASO,ES,Federal Contract Tower,0,29,61,35,125,0,2,122,7,131,0,31,183,42,256,80,47,127,383
11/20/2009,GNV,FL,ASO,ES,Federal Contract Tower,0,26,45,16,87,0,0,80,3,83,0,26,125,19,170,54,0,54,224
11/21/2009,GNV,FL,ASO,ES,Federal Contract Tower,0,19,65,4,88,0,0,107,0,107,0,19,172,4,195,50,0,50,245
11/22/2009,GNV,FL,ASO,ES,Federal Contract Tower,0,26,34,0,60,0,0,10,0,10,0,26,44,0,70,2,0,2,72
11/23/2009,GNV,FL,ASO,ES,Federal Contract Tower,2,26,38,2,68,0,0,61,3,64,2,26,99,5,132,86,0,86,218
11/24/2009,GNV,FL,ASO,ES,Federal Contract Tower,0,33,38,2,73,0,0,0,0,0,0,33,38,2,73,0,0,0,73
11/25/2009,GNV,FL,ASO,ES,Federal Contract Tower,0,30,0,0,30,0,0,6,0,6,0,30,6,0,36,0,0,0,36
11/26/2009,GNV,FL,ASO,ES,Federal Contract Tower,0,17,17,0,34,0,0,40,0,40,0,17,57,0,74,0,0,0,74
11/27/2009,GNV,FL,ASO,ES,Federal Contract Tower,0,21,41,0,62,0,1,74,0,75,0,22,115,0,137,18,0,18,155
11/28/2009,GNV,FL,ASO,ES,Federal Contract Tower,0,41,105,0,146,0,0,106,0,106,0,41,211,0,252,22,0,22,274
11/29/2009,GNV,FL,ASO,ES,Federal Contract Tower,0,33,55,0,88,0,0,88,0,88,0,33,143,0,176,40,0,40,216
11/30/2009,GNV,FL,ASO,ES,Federal Contract Tower,1,35,39,14,89,0,0,84,3,87,1,35,123,17,176,70,12,82,258
12/01/2009,GNV,FL,ASO,ES,Federal Contract Tower,0,29,63,2,94,0,0,23,1,24,0,29,86,3,118,4,12,16,134
12/02/2009,GNV,FL,ASO,ES,Federal Contract Tower,0,26,16,0,42,0,0,14,0,14,0,26,30,0,56,0,0,0,56
12/03/2009,GNV,FL,ASO,ES,Federal Contract Tower,0,20,50,5,75,0,0,68,5,73,0,20,118,10,148,102,26,128,276
12/04/2009,GNV,FL,ASO,ES,Federal Contract Tower,2,33,50,22,107,0,0,19,4,23,2,33,69,26,130,32,0,32,162
12/05/2009,GNV,FL,ASO,ES,Federal Contract Tower,0,15,30,2,47,0,0,18,0,18,0,15,48,2,65,0,0,0,65
12/06/2009,GNV,FL,ASO,ES,Federal Contract Tower,0,22,38,12,72,0,0,77,8,85,0,22,115,20,157,32,2,34,191
12/07/2009,GNV,FL,ASO,ES,Federal Contract Tower,0,27,57,14,98,0,1,29,5,35,0,28,86,19,133,34,18,52,185
12/08/2009,GNV,FL,ASO,ES,Federal Contract Tower,0,25,42,20,87,0,0,53,4,57,0,25,95,24,144,88,8,96,240
12/09/2009,GNV,FL,ASO,ES,Federal Contract Tower,4,31,35,1,71,0,0,11,1,12,4,31,46,2,83,0,0,0,83
12/10/2009,GNV,FL,ASO,ES,Federal Contract Tower,0,27,49,10,86,0,1,60,0,61,0,28,109,10,147,36,0,36,183
12/11/2009,GNV,FL,ASO,ES,Federal Contract Tower,0,30,36,15,81,0,1,85,17,103,0,31,121,32,184,58,4,62,246
12/12/2009,GNV,FL,ASO,ES,Federal Contract Tower,2,18,26,0,46,0,0,0,0,0,2,18,26,0,46,0,0,0,46
12/13/2009,GNV,FL,ASO,ES,Federal Contract Tower,2,25,34,20,81,0,0,14,7,21,2,25,48,27,102,8,0,8,110
12/14/2009,GNV,FL,ASO,ES,Federal Contract Tower,0,34,39,8,81,0,0,46,0,46,0,34,85,8,127,76,0,76,203
12/15/2009,GNV,FL,ASO,ES,Federal Contract Tower,0,20,29,7,56,0,0,51,1,52,0,20,80,8,108,52,0,52,160
12/16/2009,GNV,FL,ASO,ES,Federal Contract Tower,0,29,54,9,92,0,0,20,6,26,0,29,74,15,118,66,28,94,212
12/17/2009,GNV,FL,ASO,ES,Federal Contract Tower,0,32,33,24,89,0,0,57,0,57,0,32,90,24,146,74,0,74,220
12/18/2009,GNV,FL,ASO,ES,Federal Contract Tower,0,31,20,12,63,0,0,3,0,3,0,31,23,12,66,74,0,74,140
12/19/2009,GNV,FL,ASO,ES,Federal Contract Tower,0,26,36,12,74,0,0,59,0,59,0,26,95,12,133,68,6,74,207
12/20/2009,GNV,FL,ASO,ES,Federal Contract Tower,0,22,22,2,46,0,0,76,0,76,0,22,98,2,122,70,0,70,192
12/21/2009,GNV,FL,ASO,ES,Federal Contract Tower,0,26,25,0,51,0,4,130,0,134,0,30,155,0,185,78,0,78,263
12/22/2009,GNV,FL,ASO,ES,Federal Contract Tower,0,25,40,10,75,0,1,127,2,130,0,26,167,12,205,120,6,126,331
12/23/2009,GNV,FL,ASO,ES,Federal Contract Tower,0,25,20,1,46,0,1,0,0,1,0,26,20,1,47,108,20,128,175
12/24/2009,GNV,FL,ASO,ES,Federal Contract Tower,0,17,16,2,35,0,0,44,0,44,0,17,60,2,79,20,0,20,99
12/25/2009,GNV,FL,ASO,ES,Federal Contract Tower,0,19,7,0,26,0,0,4,0,4,0,19,11,0,30,12,0,12,42
12/26/2009,GNV,FL,ASO,ES,Federal Contract Tower,0,16,17,2,35,0,0,54,0,54,0,16,71,2,89,26,0,26,115
12/27/2009,GNV,FL,ASO,ES,Federal Contract Tower,2,25,21,5,53,0,0,44,0,44,2,25,65,5,97,24,0,24,121
12/28/2009,GNV,FL,ASO,ES,Federal Contract Tower,0,28,14,1,43,0,2,70,4,76,0,30,84,5,119,30,12,42,161
12/29/2009,GNV,FL,ASO,ES,Federal Contract Tower,0,23,46,4,73,0,2,123,3,128,0,25,169,7,201,44,13,57,258
12/30/2009,GNV,FL,ASO,ES,Federal Contract Tower,0,26,32,2,60,0,1,120,0,121,0,27,152,2,181,78,0,78,259
12/31/2009,GNV,FL,ASO,ES,Federal Contract Tower,0,20,41,0,61,0,0,27,0,27,0,20,68,0,88,36,0,36,124
01/01/2010,GNV,FL,ASO,ES,Federal Contract Tower,0,16,19,0,35,0,0,5,0,5,0,16,24,0,40,0,0,0,40
01/02/2010,GNV,FL,ASO,ES,Federal Contract Tower,2,20,27,0,49,0,0,81,0,81,2,20,108,0,130,2,0,2,132
01/03/2010,GNV,FL,ASO,ES,Federal Contract Tower,0,20,46,8,74,0,0,64,0,64,0,20,110,8,138,20,0,20,158
01/04/2010,GNV,FL,ASO,ES,Federal Contract Tower,0,18,34,20,72,0,4,97,2,103,0,22,131,22,175,60,4,64,239
01/05/2010,GNV,FL,ASO,ES,Federal Contract Tower,0,19,24,7,50,0,3,83,3,89,0,22,107,10,139,60,22,82,221
01/06/2010,GNV,FL,ASO,ES,Federal Contract Tower,0,29,22,16,67,0,1,78,2,81,0,30,100,18,148,50,64,114,262
01/07/2010,GNV,FL,ASO,ES,Federal Contract Tower,0,23,30,19,72,0,1,97,1,99,0,24,127,20,171,58,30,88,259
01/08/2010,GNV,FL,ASO,ES,Federal Contract Tower,0,33,31,3,67,0,1,9,7,17,0,34,40,10,84,0,0,0,84
01/09/2010,GNV,FL,ASO,ES,Federal Contract Tower,0,27,12,15,54,0,0,18,12,30,0,27,30,27,84,8,22,30,114
01/10/2010,GNV,FL,ASO,ES,Federal Contract Tower,0,22,31,8,61,0,0,51,8,59,0,22,82,16,120,34,0,34,154
01/11/2010,GNV,FL,ASO,ES,Federal Contract Tower,0,22,29,26,77,0,2,62,4,68,0,24,91,30,145,56,44,100,245
01/12/2010,GNV,FL,ASO,ES,Federal Contract Tower,0,36,35,28,99,0,1,100,11,112,0,37,135,39,211,112,70,182,393
01/13/2010,GNV,FL,ASO,ES,Federal Contract Tower,0,29,39,4,72,0,1,83,2,86,0,30,122,6,158,106,0,106,264
01/14/2010,GNV,FL,ASO,ES,Federal Contract Tower,0,33,36,3,72,0,1,66,4,71,0,34,102,7,143,50,0,50,193
01/15/2010,GNV,FL,ASO,ES,Federal Contract Tower,0,27,47,29,103,0,2,59,6,67,0,29,106,35,170,70,4,74,244
01/16/2010,GNV,FL,ASO,ES,Federal Contract Tower,0,21,20,10,51,0,0,0,3,3,0,21,20,13,54,10,6,16,70
01/17/2010,GNV,FL,ASO,ES,Federal Contract Tower,0,20,25,24,69,0,0,26,7,33,0,20,51,31,102,4,0,4,106
01/18/2010,GNV,FL,ASO,ES,Federal Contract Tower,0,23,42,10,75,0,0,68,0,68,0,23,110,10,143,116,14,130,273
01/19/2010,GNV,FL,ASO,ES,Federal Contract Tower,0,18,34,22,74,0,2,82,7,91,0,20,116,29,165,168,98,266,431
01/20/2010,GNV,FL,ASO,ES,Federal Contract Tower,0,32,33,34,99,0,1,63,0,64,0,33,96,34,163,44,26,70,233
01/21/2010,GNV,FL,ASO,ES,Federal Contract Tower,2,30,30,3,65,0,0,2,0,2,2,30,32,3,67,0,0,0,67
01/22/2010,GNV,FL,ASO,ES,Federal Contract Tower,0,29,62,17,108,0,2,96,2,100,0,31,158,19,208,30,0,30,238
01/23/2010,GNV,FL,ASO,ES,Federal Contract Tower,0,22,33,9,64,0,0,83,0,83,0,22,116,9,147,18,0,18,165
01/24/2010,GNV,FL,ASO,ES,Federal Contract Tower,1,14,18,3,36,0,0,34,0,34,1,14,52,3,70,8,0,8,78
01/25/2010,GNV,FL,ASO,ES,Federal Contract Tower,2,25,26,13,66,0,2,51,4,57,2,27,77,17,123,2,108,110,233
01/26/2010,GNV,FL,ASO,ES,Federal Contract Tower,0,21,37,9,67,0,4,58,3,65,0,25,95,12,132,50,30,80,212
01/27/2010,GNV,FL,ASO,ES,Federal Contract Tower,2,28,30,3,63,0,2,93,10,105,2,30,123,13,168,70,10,80,248
01/28/2010,GNV,FL,ASO,ES,Federal Contract Tower,0,22,58,9,89,0,2,115,1,118,0,24,173,10,207,24,2,26,233
01/29/2010,GNV,FL,ASO,ES,Federal Contract Tower,0,24,44,50,118,0,3,95,18,116,0,27,139,68,234,76,44,120,354
01/30/2010,GNV,FL,ASO,ES,Federal Contract Tower,0,22,4,0,26,0,0,1,0,1,0,22,5,0,27,0,0,0,27
01/31/2010,GNV,FL,ASO,ES,Federal Contract Tower,0,28,40,52,120,0,0,35,18,53,0,28,75,70,173,32,14,46,219
02/01/2010,GNV,FL,ASO,ES,Federal Contract Tower,0,32,31,0,63,0,2,50,2,54,0,34,81,2,117,28,0,28,145
02/02/2010,GNV,FL,ASO,ES,Federal Contract Tower,0,27,31,2,60,0,2,18,2,22,0,29,49,4,82,6,12,18,100
02/03/2010,GNV,FL,ASO,ES,Federal Contract Tower,0,29,24,12,65,0,0,94,16,110,0,29,118,28,175,54,24,78,253
02/04/2010,GNV,FL,ASO,ES,Federal Contract Tower,0,25,28,18,71,0,0,66,1,67,0,25,94,19,138,24,0,24,162
02/05/2010,GNV,FL,ASO,ES,Federal Contract Tower,0,30,20,15,65,0,0,4,0,4,0,30,24,15,69,0,0,0,69
02/06/2010,GNV,FL,ASO,ES,Federal Contract Tower,0,19,39,0,58,0,0,46,0,46,0,19,85,0,104,12,0,12,116
02/07/2010,GNV,FL,ASO,ES,Federal Contract Tower,0,19,28,13,60,0,0,87,1,88,0,19,115,14,148,124,12,136,284
02/08/2010,GNV,FL,ASO,ES,Federal Contract Tower,0,22,24,0,46,0,2,97,0,99,0,24,121,0,145,125,0,125,270
02/09/2010,GNV,FL,ASO,ES,Federal Contract Tower,0,31,24,0,55,0,0,12,0,12,0,31,36,0,67,0,0,0,67
02/10/2010,GNV,FL,ASO,ES,Federal Contract Tower,0,32,32,31,95,0,2,58,2,62,0,34,90,33,157,20,18,38,195
02/11/2010,GNV,FL,ASO,ES,Federal Contract Tower,0,26,38,22,86,0,1,115,4,120,0,27,153,26,206,36,32,68,274
02/12/2010,GNV,FL,ASO,ES,Federal Contract Tower,0,18,21,2,41,0,0,1,0,1,0,18,22,2,42,0,0,0,42
02/13/2010,GNV,FL,ASO,ES,Federal Contract Tower,0,16,38,0,54,0,0,74,0,74,0,16,112,0,128,46,0,46,174
02/14/2010,GNV,FL,ASO,ES,Federal Contract Tower,0,24,30,2,56,0,0,112,0,112,0,24,142,2,168,70,0,70,238
02/15/2010,GNV,FL,ASO,ES,Federal Contract Tower,0,23,23,0,46,0,0,66,0,66,0,23,89,0,112,36,0,36,148
02/16/2010,GNV,FL,ASO,ES,Federal Contract Tower,0,22,25,33,80,0,1,82,0,83,0,23,107,33,163,46,28,74,237
02/17/2010,GNV,FL,ASO,ES,Federal Contract Tower,0,27,18,1,46,0,2,74,1,77,0,29,92,2,123,22,0,22,145
02/18/2010,GNV,FL,ASO,ES,Federal Contract Tower,0,37,36,21,94,0,2,88,0,90,0,39,124,21,184,74,23,97,281
02/19/2010,GNV,FL,ASO,ES,Federal Contract Tower,0,41,66,37,144,0,0,109,11,120,0,41,175,48,264,78,12,90,354
02/20/2010,GNV,FL,ASO,ES,Federal Contract Tower,0,22,49,37,108,0,0,146,13,159,0,22,195,50,267,34,78,112,379
02/21/2010,GNV,FL,ASO,ES,Federal Contract Tower,0,21,29,32,82,0,0,116,11,127,0,21,145,43,209,30,8,38,247
02/22/2010,GNV,FL,ASO,ES,Federal Contract Tower,2,26,19,12,59,0,0,20,0,20,2,26,39,12,79,12,24,36,115
02/23/2010,GNV,FL,ASO,ES,Federal Contract Tower,0,26,46,10,82,0,2,44,12,58,0,28,90,22,140,68,0,68,208
02/24/2010,GNV,FL,ASO,ES,Federal Contract Tower,2,29,45,6,82,0,2,39,6,47,2,31,84,12,129,68,20,88,217
02/25/2010,GNV,FL,ASO,ES,Federal Contract Tower,0,30,48,16,94,0,1,64,9,74,0,31,112,25,168,28,38,66,234
02/26/2010,GNV,FL,ASO,ES,Federal Contract Tower,0,29,61,35,125,0,1,114,7,122,0,30,175,42,247,49,32,81,328
02/27/2010,GNV,FL,ASO,ES,Federal Contract Tower,1,18,55,0,74,0,0,46,0,46,1,18,101,0,120,12,0,12,132
02/28/2010,GNV,FL,ASO,ES,Federal Contract Tower,1,20,33,18,72,0,0,79,2,81,1,20,112,20,153,22,0,22,175
03/01/2010,GNV,FL,ASO,ES,Federal Contract Tower,0,25,48,9,82,0,1,113,0,114,0,26,161,9,196,120,0,120,316
03/02/2010,GNV,FL,ASO,ES,Federal Contract Tower,0,25,36,11,72,0,1,15,0,16,0,26,51,11,88,8,0,8,96
03/03/2010,GNV,FL,ASO,ES,Federal Contract Tower,0,21,44,0,65,0,4,45,0,49,0,25,89,0,114,42,0,42,156
03/04/2010,GNV,FL,ASO,ES,Federal Contract Tower,0,26,47,6,79,0,4,94,10,108,0,30,141,16,187,10,36,46,233
03/05/2010,GNV,FL,ASO,ES,Federal Contract Tower,0,36,34,19,89,0,1,121,10,132,0,37,155,29,221,40,8,48,269
03/06/2010,GNV,FL,ASO,ES,Federal Contract Tower,0,19,30,19,68,0,1,90,8,99,0,20,120,27,167,34,64,98,265
03/07/2010,GNV,FL,ASO,ES,Federal Contract Tower,0,18,28,6,52,0,0,102,5,107,0,18,130,11,159,48,0,48,207
03/08/2010,GNV,FL,ASO,ES,Federal Contract Tower,0,26,34,3,63,0,5,107,3,115,0,31,141,6,178,46,16,62,240
03/09/2010,GNV,FL,ASO,ES,Federal Contract Tower,0,24,37,3,64,0,3,68,6,77,0,27,105,9,141,26,28,54,195
03/10/2010,GNV,FL,ASO,ES,Federal Contract Tower,2,31,33,18,84,0,1,82,9,92,2,32,115,27,176,64,18,82,258
03/11/2010,GNV,FL,ASO,ES,Federal Contract Tower,4,31,35,0,70,0,0,2,0,2,4,31,37,0,72,0,0,0,72
03/12/2010,GNV,FL,ASO,ES,Federal Contract Tower,0,35,35,13,83,0,0,5,1,6,0,35,40,14,89,0,2,2,91
03/13/2010,GNV,FL,ASO,ES,Federal Contract Tower,0,22,44,6,72,0,0,53,1,54,0,22,97,7,126,12,6,18,144
03/14/2010,GNV,FL,ASO,ES,Federal Contract Tower,0,27,57,10,94,0,0,58,1,59,0,27,115,11,153,16,0,16,169
03/15/2010,GNV,FL,ASO,ES,Federal Contract Tower,0,23,25,13,61,0,1,62,9,72,0,24,87,22,133,34,34,68,201
03/16/2010,GNV,FL,ASO,ES,Federal Contract Tower,2,23,43,13,81,0,4,121,5,130,2,27,164,18,211,134,26,160,371
03/17/2010,GNV,FL,ASO,ES,Federal Contract Tower,0,30,45,24,99,0,1,47,0,48,0,31,92,24,147,52,0,52,199
03/18/2010,GNV,FL,ASO,ES,Federal Contract Tower,0,31,38,20,89,0,1,37,7,45,0,32,75,27,134,28,26,54,188
03/19/2010,GNV,FL,ASO,ES,Federal Contract Tower,0,31,39,28,98,0,1,147,5,153,0,32,186,33,251,24,12,36,287
03/20/2010,GNV,FL,ASO,ES,Federal Contract Tower,0,18,38,6,62,0,0,118,5,123,0,18,156,11,185,58,10,68,253
03/21/2010,GNV,FL,ASO,ES,Federal Contract Tower,0,24,41,5,70,0,0,1,0,1,0,24,42,5,71,0,0,0,71
03/22/2010,GNV,FL,ASO,ES,Federal Contract Tower,0,27,24,5,56,0,0,40,5,45,0,27,64,10,101,6,30,36,137
03/23/2010,GNV,FL,ASO,ES,Federal Contract Tower,0,26,39,4,69,0,2,120,3,125,0,28,159,7,194,28,16,44,238
03/24/2010,GNV,FL,ASO,ES,Federal Contract Tower,2,25,26,24,77,0,5,91,2,98,2,30,117,26,175,68,4,72,247
03/25/2010,GNV,FL,ASO,ES,Federal Contract Tower,0,30,57,8,95,0,0,87,3,90,0,30,144,11,185,58,0,58,243
03/26/2010,GNV,FL,ASO,ES,Federal Contract Tower,2,31,61,13,107,0,0,65,1,66,2,31,126,14,173,32,0,32,205
03/27/2010,GNV,FL,ASO,ES,Federal Contract Tower,0,21,16,6,43,0,0,82,4,86,0,21,98,10,129,44,2,46,175
03/28/2010,GNV,FL,ASO,ES,Federal Contract Tower,0,24,21,1,46,0,0,31,0,31,0,24,52,1,77,0,0,0,77
03/29/2010,GNV,FL,ASO,ES,Federal Contract Tower,0,25,19,5,49,0,1,51,4,56,0,26,70,9,105,32,14,46,151
03/30/2010,GNV,FL,ASO,ES,Federal Contract Tower,0,28,27,2,57,0,3,152,8,163,0,31,179,10,220,46,10,56,276
03/31/2010,GNV,FL,ASO,ES,Federal Contract Tower,0,25,31,9,65,0,2,142,1,145,0,27,173,10,210,80,4,84,294
04/01/2010,GNV,FL,ASO,ES,Federal Contract Tower,0,25,35,10,70,0,4,135,5,144,0,29,170,15,214,72,0,72,286
04/02/2010,GNV,FL,ASO,ES,Federal Contract Tower,0,3,323,7,333,0,1,107,2,110,0,4,430,9,443,84,0,84,527
04/03/2010,GNV,FL,ASO,ES,Federal Contract Tower,0,22,42,10,74,0,0,85,16,101,0,22,127,26,175,40,8,48,223
04/04/2010,GNV,FL,ASO,ES,Federal Contract Tower,0,21,17,11,49,0,0,86,7,93,0,21,103,18,142,84,0,84,226
04/05/2010,GNV,FL,ASO,ES,Federal Contract Tower,0,20,45,8,73,0,0,81,1,82,0,20,126,9,155,64,6,70,225
04/06/2010,GNV,FL,ASO,ES,Federal Contract Tower,0,24,36,2,62,0,0,91,2,93,0,24,127,4,155,74,0,74,229
04/07/2010,GNV,FL,ASO,ES,Federal Contract Tower,0,25,28,1,54,0,0,129,2,131,0,25,157,3,185,50,2,52,237
04/08/2010,GNV,FL,ASO,ES,Federal Contract Tower,0,31,39,4,74,0,0,113,2,115,0,31,152,6,189,89,0,89,278
04/09/2010,GNV,FL,ASO,ES,Federal Contract Tower,0,31,35,4,70,0,0,96,3,99,0,31,131,7,169,56,6,62,231
04/10/2010,GNV,FL,ASO,ES,Federal Contract Tower,0,22,34,7,63,0,0,107,5,112,0,22,141,12,175,38,30,68,243
04/11/2010,GNV,FL,ASO,ES,Federal Contract Tower,0,26,41,8,75,0,1,77,1,79,0,27,118,9,154,108,0,108,262
04/12/2010,GNV,FL,ASO,ES,Federal Contract Tower,0,22,33,0,55,0,2,54,2,58,0,24,87,2,113,42,0,42,155
04/13/2010,GNV,FL,ASO,ES,Federal Contract Tower,0,32,37,8,77,0,1,62,3,66,0,33,99,11,143,28,28,56,199
04/14/2010,GNV,FL,ASO,ES,Federal Contract Tower,0,27,27,5,59,0,5,106,3,114,0,32,133,8,173,40,20,60,233
04/15/2010,GNV,FL,ASO,ES,Federal Contract Tower,0,28,59,2,89,0,2,63,2,67,0,30,122,4,156,62,0,62,218
04/16/2010,GNV,FL,ASO,ES,Federal Contract Tower,0,29,32,5,66,0,2,126,6,134,0,31,158,11,200,80,0,80,280
04/17/2010,GNV,FL,ASO,ES,Federal Contract Tower,0,18,29,30,77,0,0,138,2,140,0,18,167,32,217,70,22,92,309
04/18/2010,GNV,FL,ASO,ES,Federal Contract Tower,0,25,48,8,81,0,0,54,6,60,0,25,102,14,141,52,0,52,193
04/19/2010,GNV,FL,ASO,ES,Federal Contract Tower,0,29,37,1,67,0,8,38,0,46,0,37,75,1,113,66,0,66,179
04/20/2010,GNV,FL,ASO,ES,Federal Contract Tower,0,29,35,6,70,0,1,82,0,83,0,30,117,6,153,58,8,66,219
04/21/2010,GNV,FL,ASO,ES,Federal Contract Tower,2,26,44,15,87,0,1,91,2,94,2,27,135,17,181,32,0,32,213
04/22/2010,GNV,FL,ASO,ES,Federal Contract Tower,0,31,46,2,79,0,1,158,2,161,0,32,204,4,240,76,0,76,316
04/23/2010,GNV,FL,ASO,ES,Federal Contract Tower,0,31,35,7,73,0,2,112,6,120,0,33,147,13,193,58,0,58,251
04/24/2010,GNV,FL,ASO,ES,Federal Contract Tower,0,17,21,10,48,0,0,61,0,61,0,17,82,10,109,48,14,62,171
04/25/2010,GNV,FL,ASO,ES,Federal Contract Tower,0,23,15,0,38,0,0,5,0,5,0,23,20,0,43,0,0,0,43
04/26/2010,GNV,FL,ASO,ES,Federal Contract Tower,0,22,32,6,60,0,0,42,3,45,0,22,74,9,105,22,0,22,127
04/27/2010,GNV,FL,ASO,ES,Federal Contract Tower,0,29,32,24,85,0,0,77,0,77,0,29,109,24,162,10,0,10,172
04/28/2010,GNV,FL,ASO,ES,Federal Contract Tower,0,30,46,12,88,0,1,116,7,124,0,31,162,19,212,58,26,84,296
04/29/2010,GNV,FL,ASO,ES,Federal Contract Tower,0,31,47,10,88,0,2,127,5,134,0,33,174,15,222,84,6,90,312
04/30/2010,GNV,FL,ASO,ES,Federal Contract Tower,0,29,40,26,95,0,5,74,3,82,0,34,114,29,177,16,10,26,203
05/01/2010,GNV,FL,ASO,ES,Federal Contract Tower,0,20,29,1,50,0,0,64,0,64,0,20,93,1,114,24,0,24,138
05/02/2010,GNV,FL,ASO,ES,Federal Contract Tower,0,24,38,7,69,0,0,54,2,56,0,24,92,9,125,16,24,40,165
05/03/2010,GNV,FL,ASO,ES,Federal Contract Tower,0,21,30,5,56,0,0,43,5,48,0,21,73,10,104,24,36,60,164
05/04/2010,GNV,FL,ASO,ES,Federal Contract Tower,0,26,27,4,57,0,0,20,1,21,0,26,47,5,78,10,6,16,94
05/05/2010,GNV,FL,ASO,ES,Federal Contract Tower,0,28,29,8,65,0,2,14,9,25,0,30,43,17,90,8,26,34,124
05/06/2010,GNV,FL,ASO,ES,Federal Contract Tower,0,32,53,6,91,0,2,74,9,85,0,34,127,15,176,84,26,110,286
05/07/2010,GNV,FL,ASO,ES,Federal Contract Tower,0,28,38,19,85,0,3,70,4,77,0,31,108,23,162,62,24,86,248
05/08/2010,GNV,FL,ASO,ES,Federal Contract Tower,0,18,31,6,55,0,0,74,3,77,0,18,105,9,132,46,0,46,178
05/09/2010,GNV,FL,ASO,ES,Federal Contract Tower,0,24,47,5,76,0,0,75,4,79,0,24,122,9,155,48,0,48,203
05/10/2010,GNV,FL,ASO,ES,Federal Contract Tower,0,20,37,4,61,0,2,81,0,83,0,22,118,4,144,138,40,178,322
05/11/2010,GNV,FL,ASO,ES,Federal Contract Tower,0,29,49,2,80,0,0,87,2,89,0,29,136,4,169,60,8,68,237
05/12/2010,GNV,FL,ASO,ES,Federal Contract Tower,0,27,35,13,75,0,0,134,1,135,0,27,169,14,210,78,22,100,310
05/13/2010,GNV,FL,ASO,ES,Federal Contract Tower,0,26,56,5,87,0,0,110,14,124,0,26,166,19,211,82,18,100,311
05/14/2010,GNV,FL,ASO,ES,Federal Contract Tower,0,23,36,30,89,0,2,105,5,112,0,25,141,35,201,36,0,36,237
05/15/2010,GNV,FL,ASO,ES,Federal Contract Tower,0,16,35,26,77,0,0,101,16,117,0,16,136,42,194,66,60,126,320
05/16/2010,GNV,FL,ASO,ES,Federal Contract Tower,0,24,34,9,67,0,0,60,15,75,0,24,94,24,142,86,0,86,228
05/17/2010,GNV,FL,ASO,ES,Federal Contract Tower,2,24,32,18,76,0,0,25,7,32,2,24,57,25,108,10,2,12,120
05/18/2010,GNV,FL,ASO,ES,Federal Contract Tower,0,30,20,7,57,0,1,81,2,84,0,31,101,9,141,90,0,90,231
05/19/2010,GNV,FL,ASO,ES,Federal Contract Tower,2,32,42,26,102,0,1,112,4,117,2,33,154,30,219,83,26,109,328
05/20/2010,GNV,FL,ASO,ES,Federal Contract Tower,0,29,34,10,73,0,0,85,3,88,0,29,119,13,161,42,16,58,219
05/21/2010,GNV,FL,ASO,ES,Federal Contract Tower,0,23,24,13,60,0,2,59,2,63,0,25,83,15,123,39,0,39,162
05/22/2010,GNV,FL,ASO,ES,Federal Contract Tower,0,20,32,0,52,0,0,88,0,88,0,20,120,0,140,16,0,16,156
05/23/2010,GNV,FL,ASO,ES,Federal Contract Tower,0,25,26,6,57,0,0,68,6,74,0,25,94,12,131,46,0,46,177
05/24/2010,GNV,FL,ASO,ES,Federal Contract Tower,0,26,28,9,63,0,1,69,5,75,0,27,97,14,138,36,0,36,174
05/25/2010,GNV,FL,ASO,ES,Federal Contract Tower,0,29,31,0,60,0,0,31,2,33,0,29,62,2,93,36,0,36,129
05/26/2010,GNV,FL,ASO,ES,Federal Contract Tower,0,25,44,4,73,0,0,73,4,77,0,25,117,8,150,32,0,32,182
05/27/2010,GNV,FL,ASO,ES,Federal Contract Tower,0,32,48,12,92,0,1,125,3,129,0,33,173,15,221,104,0,104,325
05/28/2010,GNV,FL,ASO,ES,Federal Contract Tower,0,28,19,9,56,0,0,48,0,48,0,28,67,9,104,40,0,40,144
05/29/2010,GNV,FL,ASO,ES,Federal Contract Tower,0,13,14,0,27,0,0,24,0,24,0,13,38,0,51,6,0,6,57
05/30/2010,GNV,FL,ASO,ES,Federal Contract Tower,0,20,12,8,40,0,0,24,0,24,0,20,36,8,64,14,0,14,78
05/31/2010,GNV,FL,ASO,ES,Federal Contract Tower,2,22,27,3,54,0,0,21,0,21,2,22,48,3,75,6,0,6,81
06/01/2010,GNV,FL,ASO,ES,Federal Contract Tower,0,26,62,1,89,0,0,74,0,74,0,26,136,1,163,10,0,10,173
06/02/2010,GNV,FL,ASO,ES,Federal Contract Tower,0,30,36,7,73,0,0,77,3,80,0,30,113,10,153,68,10,78,231
06/03/2010,GNV,FL,ASO,ES,Federal Contract Tower,0,23,27,1,51,0,0,74,2,76,0,23,101,3,127,34,30,64,191
06/04/2010,GNV,FL,ASO,ES,Federal Contract Tower,0,27,32,13,72,0,0,52,1,53,0,27,84,14,125,54,0,54,179
06/05/2010,GNV,FL,ASO,ES,Federal Contract Tower,0,17,25,0,42,0,0,37,1,38,0,17,62,1,80,44,6,50,130
06/06/2010,GNV,FL,ASO,ES,Federal Contract Tower,0,22,29,4,55,0,0,27,5,32,0,22,56,9,87,6,6,12,99
06/07/2010,GNV,FL,ASO,ES,Federal Contract Tower,0,22,54,2,78,0,0,59,4,63,0,22,113,6,141,72,14,86,227
06/08/2010,GNV,FL,ASO,ES,Federal Contract Tower,0,27,32,6,65,0,0,65,3,68,0,27,97,9,133,54,8,62,195
06/09/2010,GNV,FL,ASO,ES,Federal Contract Tower,0,27,65,11,103,0,0,123,4,127,0,27,188,15,230,98,0,98,328
06/10/2010,GNV,FL,ASO,ES,Federal Contract Tower,0,26,28,16,70,0,1,138,6,145,0,27,166,22,215,150,52,202,417
06/11/2010,GNV,FL,ASO,ES,Federal Contract Tower,0,31,29,4,64,0,0,112,1,113,0,31,141,5,177,48,0,48,225
06/12/2010,GNV,FL,ASO,ES,Federal Contract Tower,0,18,30,2,50,0,0,65,5,70,0,18,95,7,120,56,0,56,176
06/13/2010,GNV,FL,ASO,ES,Federal Contract Tower,0,18,45,20,83,0,0,78,0,78,0,18,123,20,161,66,0,66,227
06/14/2010,GNV,FL,ASO,ES,Federal Contract Tower,0,22,39,1,62,0,1,79,1,81,0,23,118,2,143,56,0,56,199
06/15/2010,GNV,FL,ASO,ES,Federal Contract Tower,0,32,20,2,54,0,0,79,0,79,0,32,99,2,133,57,0,57,190
06/16/2010,GNV,FL,ASO,ES,Federal Contract Tower,0,22,38,2,62,0,0,64,0,64,0,22,102,2,126,41,0,41,167
06/17/2010,GNV,FL,ASO,ES,Federal Contract Tower,2,29,42,32,105,0,2,101,6,109,2,31,143,38,214,110,26,136,350
06/18/2010,GNV,FL,ASO,ES,Federal Contract Tower,0,26,35,7,68,0,2,91,1,94,0,28,126,8,162,52,0,52,214
06/19/2010,GNV,FL,ASO,ES,Federal Contract Tower,0,14,21,6,41,0,0,51,0,51,0,14,72,6,92,34,0,34,126
06/20/2010,GNV,FL,ASO,ES,Federal Contract Tower,0,16,20,0,36,0,0,50,0,50,0,16,70,0,86,24,0,24,110
06/21/2010,GNV,FL,ASO,ES,Federal Contract Tower,0,27,26,6,59,0,0,59,6,65,0,27,85,12,124,58,6,64,188
06/22/2010,GNV,FL,ASO,ES,Federal Contract Tower,2,28,18,0,48,0,0,67,8,75,2,28,85,8,123,58,8,66,189
06/23/2010,GNV,FL,ASO,ES,Federal Contract Tower,0,24,32,7,63,0,3,77,8,88,0,27,109,15,151,80,50,130,281
06/24/2010,GNV,FL,ASO,ES,Federal Contract Tower,0,29,32,13,74,0,1,110,2,113,0,30,142,15,187,88,28,116,303
06/25/2010,GNV,FL,ASO,ES,Federal Contract Tower,0,29,43,15,87,0,0,92,0,92,0,29,135,15,179,66,5,71,250
06/26/2010,GNV,FL,ASO,ES,Federal Contract Tower,0,17,47,14,78,0,0,72,1,73,0,17,119,15,151,14,10,24,175
06/27/2010,GNV,FL,ASO,ES,Federal Contract Tower,0,16,29,10,55,0,0,61,4,65,0,16,90,14,120,34,0,34,154
06/28/2010,GNV,FL,ASO,ES,Federal Contract Tower,0,24,17,4,45,0,1,61,4,66,0,25,78,8,111,80,6,86,197
06/29/2010,GNV,FL,ASO,ES,Federal Contract Tower,0,33,24,8,65,0,0,43,0,43,0,33,67,8,108,48,0,48,156
06/30/2010,GNV,FL,ASO,ES,Federal Contract Tower,0,28,29,6,63,0,0,45,8,53,0,28,74,14,116,76,10,86,202
07/01/2010,GNV,FL,ASO,ES,Federal Contract Tower,0,23,28,0,51,0,0,23,5,28,0,23,51,5,79,6,8,14,93
07/02/2010,GNV,FL,ASO,ES,Federal Contract Tower,0,26,37,4,67,0,0,23,0,23,0,26,60,4,90,34,0,34,124
07/03/2010,GNV,FL,ASO,ES,Federal Contract Tower,0,15,10,0,25,0,0,41,0,41,0,15,51,0,66,8,0,8,74
07/04/2010,GNV,FL,ASO,ES,Federal Contract Tower,0,13,10,0,23,0,0,12,0,12,0,13,22,0,35,0,0,0,35
07/05/2010,GNV,FL,ASO,ES,Federal Contract Tower,0,17,22,0,39,0,0,35,0,35,0,17,57,0,74,24,0,24,98
07/06/2010,GNV,FL,ASO,ES,Federal Contract Tower,0,26,37,1,64,0,0,71,1,72,0,26,108,2,136,54,0,54,190
07/07/2010,GNV,FL,ASO,ES,Federal Contract Tower,0,29,39,2,70,0,0,89,2,91,0,29,128,4,161,140,0,140,301
07/08/2010,GNV,FL,ASO,ES,Federal Contract Tower,0,28,35,2,65,0,0,109,4,113,0,28,144,6,178,80,0,80,258
07/09/2010,GNV,FL,ASO,ES,Federal Contract Tower,0,22,20,32,74,4,0,89,17,110,4,22,109,49,184,62,88,150,334
07/10/2010,GNV,FL,ASO,ES,Federal Contract Tower,0,15,32,8,55,0,0,75,2,77,0,15,107,10,132,60,18,78,210
07/11/2010,GNV,FL,ASO,ES,Federal Contract Tower,0,13,24,30,67,0,0,22,1,23,0,13,46,31,90,12,0,12,102
07/12/2010,GNV,FL,ASO,ES,Federal Contract Tower,0,25,19,2,46,0,0,31,0,31,0,25,50,2,77,22,0,22,99
07/13/2010,GNV,FL,ASO,ES,Federal Contract Tower,0,23,30,4,57,0,0,0,0,0,0,23,30,4,57,58,30,88,145
07/14/2010,GNV,FL,ASO,ES,Federal Contract Tower,0,26,28,9,63,0,0,48,4,52,0,26,76,13,115,40,0,40,155
07/15/2010,GNV,FL,ASO,ES,Federal Contract Tower,0,28,27,9,64,0,0,40,1,41,0,28,67,10,105,34,22,56,161
07/16/2010,GNV,FL,ASO,ES,Federal Contract Tower,0,24,37,13,74,0,1,78,14,93,0,25,115,27,167,58,2,60,227
07/17/2010,GNV,FL,ASO,ES,Federal Contract Tower,0,16,47,4,67,0,2,69,5,76,0,18,116,9,143,66,0,66,209
07/18/2010,GNV,FL,ASO,ES,Federal Contract Tower,0,18,15,16,49,0,0,82,7,89,0,18,97,23,138,54,0,54,192
07/19/2010,GNV,FL,ASO,ES,Federal Contract Tower,0,23,30,20,73,0,1,94,11,106,0,24,124,31,179,78,16,94,273
07/20/2010,GNV,FL,ASO,ES,Federal Contract Tower,0,27,44,9,80,0,0,97,2,99,0,27,141,11,179,22,8,30,209
07/21/2010,GNV,FL,ASO,ES,Federal Contract Tower,0,26,36,15,77,0,0,102,2,104,0,26,138,17,181,98,12,110,291
07/22/2010,GNV,FL,ASO,ES,Federal Contract Tower,0,29,44,2,75,0,0,89,2,91,0,29,133,4,166,84,0,84,250
07/23/2010,GNV,FL,ASO,ES,Federal Contract Tower,0,24,29,6,59,0,2,84,2,88,0,26,113,8,147,36,20,56,203
07/24/2010,GNV,FL,ASO,ES,Federal Contract Tower,0,14,22,10,46,0,0,38,1,39,0,14,60,11,85,26,10,36,121
07/25/2010,GNV,FL,ASO,ES,Federal Contract Tower,0,12,18,8,38,0,0,53,4,57,0,12,71,12,95,12,0,12,107
07/26/2010,GNV,FL,ASO,ES,Federal Contract Tower,0,23,31,0,54,0,0,61,5,66,0,23,92,5,120,50,6,56,176
07/27/2010,GNV,FL,ASO,ES,Federal Contract Tower,0,26,18,21,65,0,0,67,7,74,0,26,85,28,139,34,97,131,270
07/28/2010,GNV,FL,ASO,ES,Federal Contract Tower,0,30,33,12,75,0,0,70,5,75,0,30,103,17,150,24,14,38,188
07/29/2010,GNV,FL,ASO,ES,Federal Contract Tower,1,29,46,6,82,0,0,73,7,80,1,29,119,13,162,100,16,116,278
07/30/2010,GNV,FL,ASO,ES,Federal Contract Tower,0,23,14,38,75,0,0,71,16,87,0,23,85,54,162,84,6,90,252
07/31/2010,GNV,FL,ASO,ES,Federal Contract Tower,0,16,25,0,41,0,0,42,0,42,0,16,67,0,83,46,0,46,129
08/01/2010,GNV,FL,ASO,ES,Federal Contract Tower,0,17,17,17,51,0,0,25,7,32,0,17,42,24,83,36,0,36,119
08/02/2010,GNV,FL,ASO,ES,Federal Contract Tower,0,24,34,26,84,0,0,58,8,66,0,24,92,34,150,73,0,73,223
08/03/2010,GNV,FL,ASO,ES,Federal Contract Tower,0,32,27,3,62,0,0,62,0,62,0,32,89,3,124,136,0,136,260
08/04/2010,GNV,FL,ASO,ES,Federal Contract Tower,0,27,48,8,83,0,1,122,6,129,0,28,170,14,212,120,26,146,358
08/05/2010,GNV,FL,ASO,ES,Federal Contract Tower,0,23,37,0,60,0,0,61,0,61,0,23,98,0,121,66,0,66,187
08/06/2010,GNV,FL,ASO,ES,Federal Contract Tower,0,20,29,9,58,0,0,69,2,71,0,20,98,11,129,40,4,44,173
08/07/2010,GNV,FL,ASO,ES,Federal Contract Tower,0,18,25,2,45,0,0,52,0,52,0,18,77,2,97,34,0,34,131
08/08/2010,GNV,FL,ASO,ES,Federal Contract Tower,0,17,35,1,53,0,0,36,3,39,0,17,71,4,92,38,22,60,152
08/09/2010,GNV,FL,ASO,ES,Federal Contract Tower,0,25,40,6,71,0,1,24,7,32,0,26,64,13,103,4,0,4,107
08/10/2010,GNV,FL,ASO,ES,Federal Contract Tower,0,24,34,7,65,0,1,46,2,49,0,25,80,9,114,20,0,20,134
08/11/2010,GNV,FL,ASO,ES,Federal Contract Tower,0,31,39,6,76,0,0,79,0,79,0,31,118,6,155,94,0,94,249
08/12/2010,GNV,FL,ASO,ES,Federal Contract Tower,0,22,26,1,49,0,0,51,1,52,0,22,77,2,101,42,0,42,143
08/13/2010,GNV,FL,ASO,ES,Federal Contract Tower,0,27,24,9,60,0,0,45,0,45,0,27,69,9,105,82,14,96,201
08/14/2010,GNV,FL,ASO,ES,Federal Contract Tower,0,23,33,6,62,0,0,43,0,43,0,23,76,6,105,62,0,62,167
08/15/2010,GNV,FL,ASO,ES,Federal Contract Tower,0,16,24,1,41,0,0,55,0,55,0,16,79,1,96,18,0,18,114
08/16/2010,GNV,FL,ASO,ES,Federal Contract Tower,0,22,20,9,51,0,1,50,6,57,0,23,70,15,108,58,32,90,198
08/17/2010,GNV,FL,ASO,ES,Federal Contract Tower,0,29,26,4,59,0,0,63,0,63,0,29,89,4,122,58,0,58,180
08/18/2010,GNV,FL,ASO,ES,Federal Contract Tower,0,29,30,6,65,0,0,76,2,78,0,29,106,8,143,54,6,60,203
08/19/2010,GNV,FL,ASO,ES,Federal Contract Tower,0,26,38,21,85,0,0,103,2,105,0,26,141,23,190,84,20,104,294
08/20/2010,GNV,FL,ASO,ES,Federal Contract Tower,0,27,33,25,85,0,1,74,16,91,0,28,107,41,176,72,0,72,248
08/21/2010,GNV,FL,ASO,ES,Federal Contract Tower,0,18,29,0,47,0,0,39,1,40,0,18,68,1,87,58,0,58,145
08/22/2010,GNV,FL,ASO,ES,Federal Contract Tower,0,16,24,10,50,0,0,47,5,52,0,16,71,15,102,52,0,52,154
08/23/2010,GNV,FL,ASO,ES,Federal Contract Tower,0,29,33,23,85,0,0,17,3,20,0,29,50,26,105,6,0,6,111
08/24/2010,GNV,FL,ASO,ES,Federal Contract Tower,0,33,16,0,49,0,0,13,1,14,0,33,29,1,63,0,0,0,63
08/25/2010,GNV,FL,ASO,ES,Federal Contract Tower,0,35,43,2,80,0,1,44,5,50,0,36,87,7,130,66,12,78,208
08/26/2010,GNV,FL,ASO,ES,Federal Contract Tower,0,30,46,5,81,0,0,74,2,76,0,30,120,7,157,34,0,34,191
08/27/2010,GNV,FL,ASO,ES,Federal Contract Tower,0,20,47,14,81,0,0,50,2,52,0,20,97,16,133,66,40,106,239
08/28/2010,GNV,FL,ASO,ES,Federal Contract Tower,0,18,38,2,58,0,0,72,4,76,0,18,110,6,134,76,6,82,216
08/29/2010,GNV,FL,ASO,ES,Federal Contract Tower,0,16,52,31,99,0,0,21,4,25,0,16,73,35,124,60,14,74,198
08/30/2010,GNV,FL,ASO,ES,Federal Contract Tower,0,21,20,6,47,0,2,80,2,84,0,23,100,8,131,74,8,82,213
08/31/2010,GNV,FL,ASO,ES,Federal Contract Tower,0,29,35,12,76,0,0,114,3,117,0,29,149,15,193,66,8,74,267
09/01/2010,GNV,FL,ASO,ES,Federal Contract Tower,0,29,20,18,67,0,2,78,5,85,0,31,98,23,152,98,16,114,266
09/02/2010,GNV,FL,ASO,ES,Federal Contract Tower,0,23,34,10,67,0,0,83,5,88,0,23,117,15,155,60,73,133,288
09/03/2010,GNV,FL,ASO,ES,Federal Contract Tower,4,22,47,5,78,0,0,101,1,102,4,22,148,6,180,74,6,80,260
09/04/2010,GNV,FL,ASO,ES,Federal Contract Tower,2,16,39,0,57,0,0,89,0,89,2,16,128,0,146,12,0,12,158
09/05/2010,GNV,FL,ASO,ES,Federal Contract Tower,0,15,17,0,32,0,0,45,0,45,0,15,62,0,77,42,0,42,119
09/06/2010,GNV,FL,ASO,ES,Federal Contract Tower,1,20,26,0,47,0,0,62,0,62,1,20,88,0,109,2,0,2,111
09/07/2010,GNV,FL,ASO,ES,Federal Contract Tower,0,23,29,26,78,0,0,56,3,59,0,23,85,29,137,18,82,100,237
09/08/2010,GNV,FL,ASO,ES,Federal Contract Tower,0,32,31,19,82,0,0,77,4,81,0,32,108,23,163,22,28,50,213
09/09/2010,GNV,FL,ASO,ES,Federal Contract Tower,0,22,38,6,66,0,0,70,2,72,0,22,108,8,138,14,28,42,180
09/10/2010,GNV,FL,ASO,ES,Federal Contract Tower,2,26,44,11,83,0,1,87,3,91,2,27,131,14,174,20,44,64,238
09/11/2010,GNV,FL,ASO,ES,Federal Contract Tower,0,17,66,23,106,0,0,120,4,124,0,17,186,27,230,32,10,42,272
09/12/2010,GNV,FL,ASO,ES,Federal Contract Tower,1,14,39,0,54,0,0,68,2,70,1,14,107,2,124,12,0,12,136
09/13/2010,GNV,FL,ASO,ES,Federal Contract Tower,4,20,28,4,56,0,5,49,0,54,4,25,77,4,110,64,0,64,174
09/14/2010,GNV,FL,ASO,ES,Federal Contract Tower,0,24,26,2,52,0,1,83,1,85,0,25,109,3,137,18,0,18,155
09/15/2010,GNV,FL,ASO,ES,Federal Contract Tower,2,26,40,4,72,0,2,96,1,99,2,28,136,5,171,70,0,70,241
09/16/2010,GNV,FL,ASO,ES,Federal Contract Tower,0,21,34,11,66,0,0,98,1,99,0,21,132,12,165,54,6,60,225
09/17/2010,GNV,FL,ASO,ES,Federal Contract Tower,2,22,42,11,77,0,0,92,3,95,2,22,134,14,172,30,22,52,224
09/18/2010,GNV,FL,ASO,ES,Federal Contract Tower,1,13,41,0,55,0,0,71,0,71,1,13,112,0,126,26,0,26,152
09/19/2010,GNV,FL,ASO,ES,Federal Contract Tower,0,22,28,6,56,0,0,69,4,73,0,22,97,10,129,38,0,38,167
09/20/2010,GNV,FL,ASO,ES,Federal Contract Tower,0,23,29,2,54,0,2,97,0,99,0,25,126,2,153,66,0,66,219
09/21/2010,GNV,FL,ASO,ES,Federal Contract Tower,0,28,38,3,69,0,0,80,3,83,0,28,118,6,152,74,18,92,244
09/22/2010,GNV,FL,ASO,ES,Federal Contract Tower,0,22,36,14,72,0,1,87,3,91,0,23,123,17,163,38,0,38,201
09/23/2010,GNV,FL,ASO,ES,Federal Contract Tower,0,23,42,0,65,0,1,58,4,63,0,24,100,4,128,58,0,58,186
09/24/2010,GNV,FL,ASO,ES,Federal Contract Tower,0,25,43,18,86,0,0,52,6,58,0,25,95,24,144,48,14,62,206
09/25/2010,GNV,FL,ASO,ES,Federal Contract Tower,2,22,61,1,86,0,0,86,2,88,2,22,147,3,174,50,6,56,230
09/26/2010,GNV,FL,ASO,ES,Federal Contract Tower,0,16,43,10,69,0,0,49,3,52,0,16,92,13,121,28,0,28,149
09/27/2010,GNV,FL,ASO,ES,Federal Contract Tower,0,24,30,0,54,0,0,38,4,42,0,24,68,4,96,24,0,24,120
09/28/2010,GNV,FL,ASO,ES,Federal Contract Tower,0,28,31,5,64,0,1,28,2,31,0,29,59,7,95,18,0,18,113
09/29/2010,GNV,FL,ASO,ES,Federal Contract Tower,0,29,36,2,67,0,1,19,1,21,0,30,55,3,88,4,32,36,124
09/30/2010,GNV,FL,ASO,ES,Federal Contract Tower,0,24,39,9,72,0,1,72,6,79,0,25,111,15,151,56,72,128,279
10/01/2010,GNV,FL,ASO,ES,Federal Contract Tower,5,27,41,32,105,0,0,124,18,142,5,27,165,50,247,60,30,90,337
10/02/2010,GNV,FL,ASO,ES,Federal Contract Tower,6,18,21,0,45,0,1,71,2,74,6,19,92,2,119,36,0,36,155
10/03/2010,GNV,FL,ASO,ES,Federal Contract Tower,3,24,52,3,82,0,0,77,8,85,3,24,129,11,167,20,0,20,187
10/04/2010,GNV,FL,ASO,ES,Federal Contract Tower,4,25,15,11,55,0,1,63,0,64,4,26,78,11,119,16,8,24,143
10/05/2010,GNV,FL,ASO,ES,Federal Contract Tower,6,24,35,11,76,0,2,45,0,47,6,26,80,11,123,26,0,26,149
10/06/2010,GNV,FL,ASO,ES,Federal Contract Tower,3,24,16,20,63,0,2,62,3,67,3,26,78,23,130,56,14,70,200
10/07/2010,GNV,FL,ASO,ES,Federal Contract Tower,4,26,26,5,61,0,1,105,4,110,4,27,131,9,171,66,58,124,295
10/08/2010,GNV,FL,ASO,ES,Federal Contract Tower,6,25,47,52,130,0,2,102,6,110,6,27,149,58,240,68,16,84,324
10/09/2010,GNV,FL,ASO,ES,Federal Contract Tower,4,24,55,14,97,0,0,113,2,115,4,24,168,16,212,28,8,36,248
10/10/2010,GNV,FL,ASO,ES,Federal Contract Tower,4,21,64,17,106,0,0,118,18,136,4,21,182,35,242,64,14,78,320
10/11/2010,GNV,FL,ASO,ES,Federal Contract Tower,4,27,25,1,57,0,0,80,0,80,4,27,105,1,137,60,0,60,197
10/12/2010,GNV,FL,ASO,ES,Federal Contract Tower,4,23,27,15,69,0,0,54,3,57,4,23,81,18,126,50,12,62,188
10/13/2010,GNV,FL,ASO,ES,Federal Contract Tower,3,25,30,21,79,0,1,86,2,89,3,26,116,23,168,18,38,56,224
10/14/2010,GNV,FL,ASO,ES,Federal Contract Tower,4,22,28,32,86,0,1,81,2,84,4,23,109,34,170,48,0,48,218
10/15/2010,GNV,FL,ASO,ES,Federal Contract Tower,3,24,33,2,62,0,3,107,6,116,3,27,140,8,178,100,0,100,278
10/16/2010,GNV,FL,ASO,ES,Federal Contract Tower,5,16,49,0,70,0,0,94,0,94,5,16,143,0,164,20,0,20,184
10/17/2010,GNV,FL,ASO,ES,Federal Contract Tower,5,19,44,0,68,0,0,85,6,91,5,19,129,6,159,22,24,46,205
10/18/2010,GNV,FL,ASO,ES,Federal Contract Tower,3,26,28,14,71,0,3,80,2,85,3,29,108,16,156,32,6,38,194
10/19/2010,GNV,FL,ASO,ES,Federal Contract Tower,4,26,16,12,58,0,1,63,5,69,4,27,79,17,127,24,44,68,195
10/20/2010,GNV,FL,ASO,ES,Federal Contract Tower,4,27,34,10,75,0,2,108,2,112,4,29,142,12,187,50,66,116,303
10/21/2010,GNV,FL,ASO,ES,Federal Contract Tower,6,29,48,0,83,0,1,82,3,86,6,30,130,3,169,24,16,40,209
10/22/2010,GNV,FL,ASO,ES,Federal Contract Tower,4,22,31,7,64,0,4,81,8,93,4,26,112,15,157,28,2,30,187
10/23/2010,GNV,FL,ASO,ES,Federal Contract Tower,4,19,19,4,46,0,0,66,5,71,4,19,85,9,117,50,0,50,167
10/24/2010,GNV,FL,ASO,ES,Federal Contract Tower,4,22,23,25,74,0,0,83,4,87,4,22,106,29,161,44,0,44,205
10/25/2010,GNV,FL,ASO,ES,Federal Contract Tower,4,29,21,1,55,0,4,44,5,53,4,33,65,6,108,18,34,52,160
10/26/2010,GNV,FL,ASO,ES,Federal Contract Tower,4,24,29,15,72,0,0,35,0,35,4,24,64,15,107,24,4,28,135
10/27/2010,GNV,FL,ASO,ES,Federal Contract Tower,4,34,35,12,85,0,0,61,2,63,4,34,96,14,148,34,14,48,196
10/28/2010,GNV,FL,ASO,ES,Federal Contract Tower,3,26,50,11,90,0,0,42,8,50,3,26,92,19,140,20,50,70,210
10/29/2010,GNV,FL,ASO,ES,Federal Contract Tower,4,26,34,23,87,0,1,78,6,85,4,27,112,29,172,62,36,98,270
10/30/2010,GNV,FL,ASO,ES,Federal Contract Tower,4,15,19,0,38,0,0,87,0,87,4,15,106,0,125,68,0,68,193
10/31/2010,GNV,FL,ASO,ES,Federal Contract Tower,4,20,19,3,46,0,1,86,2,89,4,21,105,5,135,48,4,52,187
11/01/2010,GNV,FL,ASO,ES,Federal Contract Tower,4,24,20,6,54,0,4,64,2,70,4,28,84,8,124,56,0,56,180
11/02/2010,GNV,FL,ASO,ES,Federal Contract Tower,3,31,47,21,102,0,0,51,2,53,3,31,98,23,155,18,18,36,191
11/03/2010,GNV,FL,ASO,ES,Federal Contract Tower,3,30,41,15,89,0,0,13,0,13,3,30,54,15,102,0,0,0,102
11/04/2010,GNV,FL,ASO,ES,Federal Contract Tower,4,25,37,3,69,0,0,12,2,14,4,25,49,5,83,10,0,10,93
11/05/2010,GNV,FL,ASO,ES,Federal Contract Tower,6,24,32,12,74,0,0,71,6,77,6,24,103,18,151,74,24,98,249
11/06/2010,GNV,FL,ASO,ES,Federal Contract Tower,6,15,15,2,38,0,0,74,0,74,6,15,89,2,112,22,0,22,134
11/07/2010,GNV,FL,ASO,ES,Federal Contract Tower,4,20,43,16,83,0,0,51,4,55,4,20,94,20,138,20,10,30,168
11/08/2010,GNV,FL,ASO,ES,Federal Contract Tower,4,26,15,18,63,0,1,96,2,99,4,27,111,20,162,32,32,64,226
11/09/2010,GNV,FL,ASO,ES,Federal Contract Tower,4,32,39,7,82,0,0,109,4,113,4,32,148,11,195,36,16,52,247
11/10/2010,GNV,FL,ASO,ES,Federal Contract Tower,4,32,40,15,91,0,0,94,5,99,4,32,134,20,190,36,32,68,258
11/11/2010,GNV,FL,ASO,ES,Federal Contract Tower,3,22,50,2,77,0,0,89,4,93,3,22,139,6,170,12,0,12,182
11/12/2010,GNV,FL,ASO,ES,Federal Contract Tower,6,27,61,10,104,0,3,102,7,112,6,30,163,17,216,32,18,50,266
11/13/2010,GNV,FL,ASO,ES,Federal Contract Tower,3,32,80,9,124,0,0,115,2,117,3,32,195,11,241,24,0,24,265
11/14/2010,GNV,FL,ASO,ES,Federal Contract Tower,4,20,70,26,120,0,0,100,7,107,4,20,170,33,227,77,22,99,326
11/15/2010,GNV,FL,ASO,ES,Federal Contract Tower,5,25,27,6,63,0,0,68,0,68,5,25,95,6,131,12,32,44,175
11/16/2010,GNV,FL,ASO,ES,Federal Contract Tower,4,26,18,10,58,0,0,14,0,14,4,26,32,10,72,0,18,18,90
11/17/2010,GNV,FL,ASO,ES,Federal Contract Tower,4,35,40,4,83,0,0,83,3,86,4,35,123,7,169,104,10,114,283
11/18/2010,GNV,FL,ASO,ES,Federal Contract Tower,4,31,51,17,103,0,1,107,4,112,4,32,158,21,215,44,8,52,267
11/19/2010,GNV,FL,ASO,ES,Federal Contract Tower,6,29,40,16,91,0,1,88,10,99,6,30,128,26,190,52,34,86,276
11/20/2010,GNV,FL,ASO,ES,Federal Contract Tower,8,16,47,1,72,0,0,90,1,91,8,16,137,2,163,32,0,32,195
11/21/2010,GNV,FL,ASO,ES,Federal Contract Tower,3,29,31,19,82,0,0,76,12,88,3,29,107,31,170,76,24,100,270
11/22/2010,GNV,FL,ASO,ES,Federal Contract Tower,4,22,38,10,74,0,2,62,3,67,4,24,100,13,141,56,70,126,267
11/23/2010,GNV,FL,ASO,ES,Federal Contract Tower,4,31,50,12,97,0,2,102,7,111,4,33,152,19,208,38,6,44,252
11/24/2010,GNV,FL,ASO,ES,Federal Contract Tower,5,38,53,2,98,0,0,87,4,91,5,38,140,6,189,40,18,58,247
11/25/2010,GNV,FL,ASO,ES,Federal Contract Tower,5,14,16,0,35,0,0,28,0,28,5,14,44,0,63,8,0,8,71
11/26/2010,GNV,FL,ASO,ES,Federal Contract Tower,4,15,34,0,53,0,0,26,0,26,4,15,60,0,79,28,0,28,107
11/27/2010,GNV,FL,ASO,ES,Federal Contract Tower,4,21,26,0,51,0,0,69,0,69,4,21,95,0,120,30,0,30,150
11/28/2010,GNV,FL,ASO,ES,Federal Contract Tower,4,26,49,0,79,0,0,94,0,94,4,26,143,0,173,44,0,44,217
11/29/2010,GNV,FL,ASO,ES,Federal Contract Tower,4,32,20,6,62,0,0,24,1,25,4,32,44,7,87,9,6,15,102
11/30/2010,GNV,FL,ASO,ES,Federal Contract Tower,4,29,30,1,64,0,1,38,4,43,4,30,68,5,107,26,6,32,139
12/01/2010,GNV,FL,ASO,ES,Federal Contract Tower,3,30,24,6,63,0,0,29,6,35,3,30,53,12,98,6,50,56,154
12/02/2010,GNV,FL,ASO,ES,Federal Contract Tower,4,22,36,10,72,0,0,79,1,80,4,22,115,11,152,70,10,80,232
12/03/2010,GNV,FL,ASO,ES,Federal Contract Tower,4,25,39,33,101,0,2,81,2,85,4,27,120,35,186,92,20,112,298
12/04/2010,GNV,FL,ASO,ES,Federal Contract Tower,3,22,50,2,77,0,0,74,0,74,3,22,124,2,151,112,0,112,263
12/05/2010,GNV,FL,ASO,ES,Federal Contract Tower,4,23,22,15,64,0,1,97,5,103,4,24,119,20,167,18,6,24,191
12/06/2010,GNV,FL,ASO,ES,Federal Contract Tower,4,25,45,20,94,0,1,54,1,56,4,26,99,21,150,48,22,70,220
12/07/2010,GNV,FL,ASO,ES,Federal Contract Tower,5,32,44,27,108,0,0,49,3,52,5,32,93,30,160,36,26,62,222
12/08/2010,GNV,FL,ASO,ES,Federal Contract Tower,6,38,58,26,128,0,0,121,2,123,6,38,179,28,251,112,0,112,363
12/09/2010,GNV,FL,ASO,ES,Federal Contract Tower,4,23,61,9,97,0,0,96,0,96,4,23,157,9,193,64,0,64,257
12/10/2010,GNV,FL,ASO,ES,Federal Contract Tower,6,24,49,41,120,0,0,47,5,52,6,24,96,46,172,50,16,66,238
12/11/2010,GNV,FL,ASO,ES,Federal Contract Tower,4,14,48,0,66,0,0,69,0,69,4,14,117,0,135,34,0,34,169
12/12/2010,GNV,FL,ASO,ES,Federal Contract Tower,4,17,31,24,76,0,0,7,14,21,4,17,38,38,97,0,2,2,99
12/13/2010,GNV,FL,ASO,ES,Federal Contract Tower,4,24,19,8,55,0,0,29,8,37,4,24,48,16,92,6,42,48,140
12/14/2010,GNV,FL,ASO,ES,Federal Contract Tower,5,35,38,2,80,0,0,59,3,62,5,35,97,5,142,100,14,114,256
12/15/2010,GNV,FL,ASO,ES,Federal Contract Tower,4,23,38,2,67,0,2,81,3,86,4,25,119,5,153,64,42,106,259
12/16/2010,GNV,FL,ASO,ES,Federal Contract Tower,4,22,45,4,75,0,1,100,0,101,4,23,145,4,176,14,0,14,190
12/17/2010,GNV,FL,ASO,ES,Federal Contract Tower,4,30,25,20,79,0,0,77,1,78,4,30,102,21,157,42,16,58,215
12/18/2010,GNV,FL,ASO,ES,Federal Contract Tower,4,17,24,0,45,0,0,16,0,16,4,17,40,0,61,8,0,8,69
12/19/2010,GNV,FL,ASO,ES,Federal Contract Tower,4,19,34,0,57,0,0,2,0,2,4,19,36,0,59,0,0,0,59
12/20/2010,GNV,FL,ASO,ES,Federal Contract Tower,4,25,15,4,48,0,1,90,0,91,4,26,105,4,139,52,0,52,191
12/21/2010,GNV,FL,ASO,ES,Federal Contract Tower,4,29,26,6,65,0,0,116,0,116,4,29,142,6,181,56,0,56,237
12/22/2010,GNV,FL,ASO,ES,Federal Contract Tower,4,34,40,36,114,0,0,56,3,59,4,34,96,39,173,16,20,36,209
12/23/2010,GNV,FL,ASO,ES,Federal Contract Tower,4,21,25,3,53,0,0,75,2,77,4,21,100,5,130,20,0,20,150
12/24/2010,GNV,FL,ASO,ES,Federal Contract Tower,4,23,21,0,48,0,1,46,0,47,4,24,67,0,95,6,0,6,101
12/25/2010,GNV,FL,ASO,ES,Federal Contract Tower,3,8,11,0,22,0,0,6,0,6,3,8,17,0,28,0,0,0,28
12/26/2010,GNV,FL,ASO,ES,Federal Contract Tower,2,14,21,13,50,0,0,12,0,12,2,14,33,13,62,0,14,14,76
12/27/2010,GNV,FL,ASO,ES,Federal Contract Tower,4,25,28,0,57,0,2,25,0,27,4,27,53,0,84,14,0,14,98
12/28/2010,GNV,FL,ASO,ES,Federal Contract Tower,3,29,38,21,91,0,1,68,2,71,3,30,106,23,162,14,0,14,176
12/29/2010,GNV,FL,ASO,ES,Federal Contract Tower,6,26,24,10,66,0,0,74,4,78,6,26,98,14,144,96,18,114,258
12/30/2010,GNV,FL,ASO,ES,Federal Contract Tower,4,22,35,11,72,0,3,79,4,86,4,25,114,15,158,36,2,38,196
12/31/2010,GNV,FL,ASO,ES,Federal Contract Tower,4,28,21,0,53,0,1,45,0,46,4,29,66,0,99,40,0,40,139
01/01/2011,GNV,FL,ASO,ES,Federal Contract Tower,4,14,13,0,31,0,0,16,0,16,4,14,29,0,47,0,0,0,47
01/02/2011,GNV,FL,ASO,ES,Federal Contract Tower,4,19,49,2,74,0,0,39,3,42,4,19,88,5,116,18,0,18,134
01/03/2011,GNV,FL,ASO,ES,Federal Contract Tower,4,25,38,1,68,0,1,68,0,69,4,26,106,1,137,40,0,40,177
01/04/2011,GNV,FL,ASO,ES,Federal Contract Tower,4,28,43,0,75,0,0,66,0,66,4,28,109,0,141,24,0,24,165
01/05/2011,GNV,FL,ASO,ES,Federal Contract Tower,4,34,55,6,99,0,0,36,1,37,4,34,91,7,136,40,22,62,198
01/06/2011,GNV,FL,ASO,ES,Federal Contract Tower,4,28,29,0,61,0,0,66,6,72,4,28,95,6,133,82,16,98,231
01/07/2011,GNV,FL,ASO,ES,Federal Contract Tower,4,25,25,28,82,0,1,69,4,74,4,26,94,32,156,52,6,58,214
01/08/2011,GNV,FL,ASO,ES,Federal Contract Tower,4,17,23,9,53,0,0,75,3,78,4,17,98,12,131,42,6,48,179
01/09/2011,GNV,FL,ASO,ES,Federal Contract Tower,4,20,16,4,44,0,0,57,6,63,4,20,73,10,107,22,2,24,131
01/10/2011,GNV,FL,ASO,ES,Federal Contract Tower,7,17,21,0,45,0,0,5,0,5,7,17,26,0,50,0,0,0,50
01/11/2011,GNV,FL,ASO,ES,Federal Contract Tower,4,8,38,0,50,0,0,0,0,0,4,8,38,0,50,6,0,6,56
01/12/2011,GNV,FL,ASO,ES,Federal Contract Tower,4,29,28,10,71,0,1,59,0,60,4,30,87,10,131,134,30,164,295
01/13/2011,GNV,FL,ASO,ES,Federal Contract Tower,4,28,24,29,85,0,0,58,10,68,4,28,82,39,153,40,4,44,197
01/14/2011,GNV,FL,ASO,ES,Federal Contract Tower,4,33,37,24,98,0,2,112,6,120,4,35,149,30,218,54,50,104,322
01/15/2011,GNV,FL,ASO,ES,Federal Contract Tower,5,20,28,8,61,0,0,87,0,87,5,20,115,8,148,18,0,18,166
01/16/2011,GNV,FL,ASO,ES,Federal Contract Tower,4,19,38,5,66,0,1,74,1,76,4,20,112,6,142,26,0,26,168
01/17/2011,GNV,FL,ASO,ES,Federal Contract Tower,2,21,30,0,53,0,0,2,0,2,2,21,32,0,55,14,0,14,69
01/18/2011,GNV,FL,ASO,ES,Federal Contract Tower,3,28,35,8,74,0,0,7,0,7,3,28,42,8,81,0,0,0,81
01/19/2011,GNV,FL,ASO,ES,Federal Contract Tower,3,40,57,14,114,0,1,42,2,45,3,41,99,16,159,14,0,14,173
01/20/2011,GNV,FL,ASO,ES,Federal Contract Tower,4,28,47,26,105,0,0,54,9,63,4,28,101,35,168,92,48,140,308
01/21/2011,GNV,FL,ASO,ES,Federal Contract Tower,4,26,40,38,108,0,0,4,3,7,4,26,44,41,115,0,0,0,115
01/22/2011,GNV,FL,ASO,ES,Federal Contract Tower,4,22,23,2,51,0,0,82,3,85,4,22,105,5,136,54,0,54,190
01/23/2011,GNV,FL,ASO,ES,Federal Contract Tower,4,20,36,76,136,0,0,109,11,120,4,20,145,87,256,34,22,56,312
01/24/2011,GNV,FL,ASO,ES,Federal Contract Tower,4,26,30,8,68,0,7,90,0,97,4,33,120,8,165,40,0,40,205
01/25/2011,GNV,FL,ASO,ES,Federal Contract Tower,3,28,16,4,51,0,0,9,0,9,3,28,25,4,60,4,0,4,64
01/26/2011,GNV,FL,ASO,ES,Federal Contract Tower,4,26,34,16,80,0,0,36,6,42,4,26,70,22,122,18,12,30,152
01/27/2011,GNV,FL,ASO,ES,Federal Contract Tower,4,26,41,14,85,0,1,90,13,104,4,27,131,27,189,14,0,14,203
01/28/2011,GNV,FL,ASO,ES,Federal Contract Tower,4,29,48,28,109,0,3,80,26,109,4,32,128,54,218,14,48,62,280
01/29/2011,GNV,FL,ASO,ES,Federal Contract Tower,4,18,42,0,64,0,0,96,0,96,4,18,138,0,160,84,0,84,244
01/30/2011,GNV,FL,ASO,ES,Federal Contract Tower,4,23,25,17,69,0,0,77,8,85,4,23,102,25,154,36,0,36,190
01/31/2011,GNV,FL,ASO,ES,Federal Contract Tower,4,23,32,33,92,0,1,65,4,70,4,24,97,37,162,36,24,60,222
02/01/2011,GNV,FL,ASO,ES,Federal Contract Tower,4,30,30,12,76,0,0,70,3,73,4,30,100,15,149,34,24,58,207
02/02/2011,GNV,FL,ASO,ES,Federal Contract Tower,4,31,42,6,83,0,0,4,2,6,4,31,46,8,89,0,0,0,89
02/03/2011,GNV,FL,ASO,ES,Federal Contract Tower,4,24,41,2,71,0,0,0,0,0,4,24,41,2,71,0,0,0,71
02/04/2011,GNV,FL,ASO,ES,Federal Contract Tower,4,34,37,2,77,0,0,27,0,27,4,34,64,2,104,38,0,38,142
02/05/2011,GNV,FL,ASO,ES,Federal Contract Tower,2,18,38,7,65,0,0,8,0,8,2,18,46,7,73,22,0,22,95
02/06/2011,GNV,FL,ASO,ES,Federal Contract Tower,3,22,41,17,83,0,0,37,0,37,3,22,78,17,120,54,0,54,174
02/07/2011,GNV,FL,ASO,ES,Federal Contract Tower,4,21,21,0,46,0,0,0,0,0,4,21,21,0,46,0,0,0,46
02/08/2011,GNV,FL,ASO,ES,Federal Contract Tower,4,31,63,22,120,0,2,71,2,75,4,33,134,24,195,54,8,62,257
02/09/2011,GNV,FL,ASO,ES,Federal Contract Tower,4,29,64,30,127,0,2,107,0,109,4,31,171,30,236,50,2,52,288
02/10/2011,GNV,FL,ASO,ES,Federal Contract Tower,4,23,50,4,81,0,0,0,0,0,4,23,50,4,81,0,0,0,81
02/11/2011,GNV,FL,ASO,ES,Federal Contract Tower,3,27,49,15,94,0,1,52,1,54,3,28,101,16,148,8,0,8,156
02/12/2011,GNV,FL,ASO,ES,Federal Contract Tower,4,21,20,18,63,0,0,129,2,131,4,21,149,20,194,28,10,38,232
02/13/2011,GNV,FL,ASO,ES,Federal Contract Tower,4,24,33,4,65,0,0,95,0,95,4,24,128,4,160,54,0,54,214
02/14/2011,GNV,FL,ASO,ES,Federal Contract Tower,4,25,24,15,68,0,0,87,2,89,4,25,111,17,157,10,0,10,167
02/15/2011,GNV,FL,ASO,ES,Federal Contract Tower,4,30,36,13,83,0,1,101,0,102,4,31,137,13,185,38,6,44,229
02/16/2011,GNV,FL,ASO,ES,Federal Contract Tower,4,30,58,16,108,0,1,52,4,57,4,31,110,20,165,24,2,26,191
02/17/2011,GNV,FL,ASO,ES,Federal Contract Tower,4,27,72,42,145,0,0,62,2,64,4,27,134,44,209,30,26,56,265
02/18/2011,GNV,FL,ASO,ES,Federal Contract Tower,4,28,64,10,106,0,1,99,0,100,4,29,163,10,206,26,0,26,232
02/19/2011,GNV,FL,ASO,ES,Federal Contract Tower,4,21,42,2,69,0,0,101,0,101,4,21,143,2,170,24,0,24,194
02/20/2011,GNV,FL,ASO,ES,Federal Contract Tower,4,18,30,6,58,0,0,73,0,73,4,18,103,6,131,26,2,28,159
02/21/2011,GNV,FL,ASO,ES,Federal Contract Tower,3,25,19,8,55,0,0,71,3,74,3,25,90,11,129,26,0,26,155
02/22/2011,GNV,FL,ASO,ES,Federal Contract Tower,4,29,45,5,83,0,1,84,3,88,4,30,129,8,171,22,20,42,213
02/23/2011,GNV,FL,ASO,ES,Federal Contract Tower,4,31,47,10,92,0,0,58,7,65,4,31,105,17,157,24,24,48,205
02/24/2011,GNV,FL,ASO,ES,Federal Contract Tower,4,25,50,13,92,0,1,73,3,77,4,26,123,16,169,29,30,59,228
02/25/2011,GNV,FL,ASO,ES,Federal Contract Tower,4,25,44,42,115,0,0,83,13,96,4,25,127,55,211,0,0,0,211
02/26/2011,GNV,FL,ASO,ES,Federal Contract Tower,2,18,31,19,70,0,1,49,2,52,2,19,80,21,122,32,8,40,162
02/27/2011,GNV,FL,ASO,ES,Federal Contract Tower,4,17,34,7,62,0,0,96,20,116,4,17,130,27,178,14,16,30,208
02/28/2011,GNV,FL,ASO,ES,Federal Contract Tower,5,28,35,11,79,0,1,45,0,46,5,29,80,11,125,18,16,34,159
03/01/2011,GNV,FL,ASO,ES,Federal Contract Tower,4,36,55,6,101,0,1,53,1,55,4,37,108,7,156,22,4,26,182
03/02/2011,GNV,FL,ASO,ES,Federal Contract Tower,3,27,58,6,94,0,2,77,2,81,3,29,135,8,175,20,8,28,203
03/03/2011,GNV,FL,ASO,ES,Federal Contract Tower,4,28,48,17,97,0,0,80,2,82,4,28,128,19,179,62,28,90,269
03/04/2011,GNV,FL,ASO,ES,Federal Contract Tower,4,30,37,23,94,0,0,49,7,56,4,30,86,30,150,0,14,14,164
03/05/2011,GNV,FL,ASO,ES,Federal Contract Tower,4,15,29,5,53,0,0,83,0,83,4,15,112,5,136,54,66,120,256
03/06/2011,GNV,FL,ASO,ES,Federal Contract Tower,4,25,21,21,71,0,0,19,6,25,4,25,40,27,96,22,0,22,118
03/07/2011,GNV,FL,ASO,ES,Federal Contract Tower,4,27,32,2,65,0,2,108,2,112,4,29,140,4,177,92,2,94,271
03/08/2011,GNV,FL,ASO,ES,Federal Contract Tower,4,27,41,2,74,0,0,111,0,111,4,27,152,2,185,56,0,56,241
03/09/2011,GNV,FL,ASO,ES,Federal Contract Tower,3,26,54,10,93,0,0,67,2,69,3,26,121,12,162,24,18,42,204
03/10/2011,GNV,FL,ASO,ES,Federal Contract Tower,2,29,43,19,93,0,0,42,0,42,2,29,85,19,135,28,62,90,225
03/11/2011,GNV,FL,ASO,ES,Federal Contract Tower,2,28,47,30,107,0,0,98,2,100,2,28,145,32,207,22,2,24,231
03/12/2011,GNV,FL,ASO,ES,Federal Contract Tower,4,19,53,26,102,0,0,152,0,152,4,19,205,26,254,52,8,60,314
03/13/2011,GNV,FL,ASO,ES,Federal Contract Tower,4,22,65,4,95,0,0,173,0,173,4,22,238,4,268,28,0,28,296
03/14/2011,GNV,FL,ASO,ES,Federal Contract Tower,3,28,35,7,73,0,0,109,0,109,3,28,144,7,182,36,0,36,218
03/15/2011,GNV,FL,ASO,ES,Federal Contract Tower,3,29,38,20,90,0,0,111,5,116,3,29,149,25,206,66,18,84,290
03/16/2011,GNV,FL,ASO,ES,Federal Contract Tower,3,32,54,5,94,0,0,101,1,102,3,32,155,6,196,16,0,16,212
03/17/2011,GNV,FL,ASO,ES,Federal Contract Tower,4,22,63,16,105,0,1,126,3,130,4,23,189,19,235,46,46,92,327
03/18/2011,GNV,FL,ASO,ES,Federal Contract Tower,4,25,31,29,89,0,1,123,10,134,4,26,154,39,223,70,10,80,303
03/19/2011,GNV,FL,ASO,ES,Federal Contract Tower,4,13,31,8,56,0,0,103,0,103,4,13,134,8,159,28,0,28,187
03/20/2011,GNV,FL,ASO,ES,Federal Contract Tower,4,17,27,8,56,0,0,62,10,72,4,17,89,18,128,24,0,24,152
03/21/2011,GNV,FL,ASO,ES,Federal Contract Tower,4,25,33,27,89,0,1,130,7,138,4,26,163,34,227,68,34,102,329
03/22/2011,GNV,FL,ASO,ES,Federal Contract Tower,6,28,21,28,83,0,0,95,6,101,6,28,116,34,184,62,4,66,250
03/23/2011,GNV,FL,ASO,ES,Federal Contract Tower,4,29,17,0,50,0,3,98,2,103,4,32,115,2,153,24,6,30,183
03/24/2011,GNV,FL,ASO,ES,Federal Contract Tower,4,27,42,18,91,0,1,47,2,50,4,28,89,20,141,18,28,46,187
03/25/2011,GNV,FL,ASO,ES,Federal Contract Tower,4,25,42,33,104,0,2,121,3,126,4,27,163,36,230,100,2,102,332
03/26/2011,GNV,FL,ASO,ES,Federal Contract Tower,4,15,26,26,71,0,0,111,6,117,4,15,137,32,188,30,20,50,238
03/27/2011,GNV,FL,ASO,ES,Federal Contract Tower,4,18,48,14,84,0,0,66,5,71,4,18,114,19,155,16,0,16,171
03/28/2011,GNV,FL,ASO,ES,Federal Contract Tower,4,26,45,5,80,0,0,3,0,3,4,26,48,5,83,0,0,0,83
03/29/2011,GNV,FL,ASO,ES,Federal Contract Tower,4,32,59,0,95,0,0,9,0,9,4,32,68,0,104,0,0,0,104
03/30/2011,GNV,FL,ASO,ES,Federal Contract Tower,4,31,26,0,61,0,0,9,0,9,4,31,35,0,70,0,0,0,70
03/31/2011,GNV,FL,ASO,ES,Federal Contract Tower,1,24,50,1,76,0,0,15,4,19,1,24,65,5,95,22,0,22,117
04/01/2011,GNV,FL,ASO,ES,Federal Contract Tower,2,25,38,8,73,0,0,82,8,90,2,25,120,16,163,56,54,110,273
04/02/2011,GNV,FL,ASO,ES,Federal Contract Tower,4,13,25,20,62,0,0,110,5,115,4,13,135,25,177,48,4,52,229
04/03/2011,GNV,FL,ASO,ES,Federal Contract Tower,4,18,42,0,64,0,0,107,2,109,4,18,149,2,173,82,8,90,263
04/04/2011,GNV,FL,ASO,ES,Federal Contract Tower,3,23,23,4,53,0,1,94,10,105,3,24,117,14,158,22,16,38,196
04/05/2011,GNV,FL,ASO,ES,Federal Contract Tower,4,24,35,5,68,0,0,36,2,38,4,24,71,7,106,34,18,52,158
04/06/2011,GNV,FL,ASO,ES,Federal Contract Tower,3,32,29,12,76,0,0,170,4,174,3,32,199,16,250,86,12,98,348
04/07/2011,GNV,FL,ASO,ES,Federal Contract Tower,4,22,50,8,84,0,0,135,3,138,4,22,185,11,222,68,12,80,302
04/08/2011,GNV,FL,ASO,ES,Federal Contract Tower,4,22,43,15,84,0,1,115,3,119,4,23,158,18,203,112,19,131,334
04/09/2011,GNV,FL,ASO,ES,Federal Contract Tower,2,13,25,5,45,0,0,108,1,109,2,13,133,6,154,58,0,58,212
04/10/2011,GNV,FL,ASO,ES,Federal Contract Tower,4,23,32,11,70,0,0,115,0,115,4,23,147,11,185,66,0,66,251
04/11/2011,GNV,FL,ASO,ES,Federal Contract Tower,4,21,23,0,48,0,2,112,0,114,4,23,135,0,162,54,0,54,216
04/12/2011,GNV,FL,ASO,ES,Federal Contract Tower,4,26,39,10,79,0,0,32,1,33,4,26,71,11,112,8,0,8,120
04/13/2011,GNV,FL,ASO,ES,Federal Contract Tower,4,37,29,12,82,0,0,126,3,129,4,37,155,15,211,78,18,96,307
04/14/2011,GNV,FL,ASO,ES,Federal Contract Tower,4,25,39,13,81,0,1,163,9,173,4,26,202,22,254,96,16,112,366
04/15/2011,GNV,FL,ASO,ES,Federal Contract Tower,4,22,33,19,78,0,1,81,27,109,4,23,114,46,187,56,16,72,259
04/16/2011,GNV,FL,ASO,ES,Federal Contract Tower,2,13,24,0,39,0,0,38,0,38,2,13,62,0,77,48,0,48,125
04/17/2011,GNV,FL,ASO,ES,Federal Contract Tower,4,22,35,5,66,0,0,117,16,133,4,22,152,21,199,60,0,60,259
04/18/2011,GNV,FL,ASO,ES,Federal Contract Tower,4,20,42,8,74,0,1,126,4,131,4,21,168,12,205,66,14,80,285
04/19/2011,GNV,FL,ASO,ES,Federal Contract Tower,4,32,63,3,102,0,0,70,2,72,4,32,133,5,174,52,16,68,242
04/20/2011,GNV,FL,ASO,ES,Federal Contract Tower,4,29,34,8,75,0,0,67,2,69,4,29,101,10,144,28,40,68,212
04/21/2011,GNV,FL,ASO,ES,Federal Contract Tower,4,27,62,18,111,0,0,101,2,103,4,27,163,20,214,78,26,104,318
04/22/2011,GNV,FL,ASO,ES,Federal Contract Tower,4,25,23,39,91,0,1,107,2,110,4,26,130,41,201,155,40,195,396
04/23/2011,GNV,FL,ASO,ES,Federal Contract Tower,2,13,35,8,58,0,0,215,2,217,2,13,250,10,275,44,0,44,319
04/24/2011,GNV,FL,ASO,ES,Federal Contract Tower,5,20,19,11,55,0,0,54,0,54,5,20,73,11,109,58,0,58,167
04/25/2011,GNV,FL,ASO,ES,Federal Contract Tower,4,25,22,16,67,0,0,49,0,49,4,25,71,16,116,32,0,32,148
04/26/2011,GNV,FL,ASO,ES,Federal Contract Tower,3,29,28,28,88,0,2,58,2,62,3,31,86,30,150,36,16,52,202
04/27/2011,GNV,FL,ASO,ES,Federal Contract Tower,3,24,36,22,85,0,1,49,7,57,3,25,85,29,142,28,28,56,198
04/28/2011,GNV,FL,ASO,ES,Federal Contract Tower,3,22,24,8,57,0,0,14,4,18,3,22,38,12,75,4,0,4,79
04/29/2011,GNV,FL,ASO,ES,Federal Contract Tower,2,26,70,14,112,0,0,117,0,117,2,26,187,14,229,46,0,46,275
04/30/2011,GNV,FL,ASO,ES,Federal Contract Tower,1,18,23,2,44,0,1,104,1,106,1,19,127,3,150,36,0,36,186
05/01/2011,GNV,FL,ASO,ES,Federal Contract Tower,5,22,31,1,59,0,0,93,0,93,5,22,124,1,152,38,20,58,210
05/02/2011,GNV,FL,ASO,ES,Federal Contract Tower,4,26,32,22,84,0,1,85,3,89,4,27,117,25,173,24,4,28,201
05/03/2011,GNV,FL,ASO,ES,Federal Contract Tower,4,29,24,22,79,0,0,83,6,89,4,29,107,28,168,64,42,106,274
05/04/2011,GNV,FL,ASO,ES,Federal Contract Tower,3,25,34,21,83,0,2,106,1,109,3,27,140,22,192,30,50,80,272
05/05/2011,GNV,FL,ASO,ES,Federal Contract Tower,4,21,36,21,82,0,1,77,10,88,4,22,113,31,170,40,0,40,210
05/06/2011,GNV,FL,ASO,ES,Federal Contract Tower,3,22,35,29,89,0,0,28,2,30,3,22,63,31,119,36,0,36,155
05/07/2011,GNV,FL,ASO,ES,Federal Contract Tower,2,16,16,11,45,0,0,106,6,112,2,16,122,17,157,50,18,68,225
05/08/2011,GNV,FL,ASO,ES,Federal Contract Tower,3,29,28,9,69,0,0,68,1,69,3,29,96,10,138,38,0,38,176
05/09/2011,GNV,FL,ASO,ES,Federal Contract Tower,4,30,22,8,64,0,2,78,0,80,4,32,100,8,144,14,0,14,158
05/10/2011,GNV,FL,ASO,ES,Federal Contract Tower,3,26,41,6,76,0,0,84,22,106,3,26,125,28,182,12,30,42,224
05/11/2011,GNV,FL,ASO,ES,Federal Contract Tower,4,25,34,12,75,0,0,82,1,83,4,25,116,13,158,30,0,30,188
05/12/2011,GNV,FL,ASO,ES,Federal Contract Tower,4,21,35,17,77,0,1,68,2,71,4,22,103,19,148,46,0,46,194
05/13/2011,GNV,FL,ASO,ES,Federal Contract Tower,3,28,50,15,96,0,0,98,2,100,3,28,148,17,196,66,0,66,262
05/14/2011,GNV,FL,ASO,ES,Federal Contract Tower,3,14,21,0,38,0,0,35,2,37,3,14,56,2,75,10,0,10,85
05/15/2011,GNV,FL,ASO,ES,Federal Contract Tower,3,19,31,13,66,0,5,39,2,46,3,24,70,15,112,12,0,12,124
05/16/2011,GNV,FL,ASO,ES,Federal Contract Tower,4,25,28,12,69,0,0,77,7,84,4,25,105,19,153,0,62,62,215
05/17/2011,GNV,FL,ASO,ES,Federal Contract Tower,3,28,23,14,68,0,0,92,5,97,3,28,115,19,165,22,16,38,203
05/18/2011,GNV,FL,ASO,ES,Federal Contract Tower,4,28,51,37,120,0,0,145,6,151,4,28,196,43,271,56,88,144,415
05/19/2011,GNV,FL,ASO,ES,Federal Contract Tower,5,21,45,26,97,0,0,109,7,116,5,21,154,33,213,60,48,108,321
05/20/2011,GNV,FL,ASO,ES,Federal Contract Tower,3,22,32,34,91,0,1,57,13,71,3,23,89,47,162,54,95,149,311
05/21/2011,GNV,FL,ASO,ES,Federal Contract Tower,3,16,18,28,65,0,0,143,6,149,3,16,161,34,214,26,4,30,244
05/22/2011,GNV,FL,ASO,ES,Federal Contract Tower,4,21,26,18,69,0,0,91,5,96,4,21,117,23,165,76,0,76,241
05/23/2011,GNV,FL,ASO,ES,Federal Contract Tower,4,25,29,33,91,0,1,101,4,106,4,26,130,37,197,56,4,60,257
05/24/2011,GNV,FL,ASO,ES,Federal Contract Tower,4,35,41,18,98,0,0,117,4,121,4,35,158,22,219,48,34,82,301
05/25/2011,GNV,FL,ASO,ES,Federal Contract Tower,4,25,35,3,67,0,0,138,1,139,4,25,173,4,206,50,0,50,256
05/26/2011,GNV,FL,ASO,ES,Federal Contract Tower,4,20,39,10,73,0,0,121,4,125,4,20,160,14,198,82,2,84,282
05/27/2011,GNV,FL,ASO,ES,Federal Contract Tower,4,16,31,10,61,0,0,52,0,52,4,16,83,10,113,54,0,54,167
05/28/2011,GNV,FL,ASO,ES,Federal Contract Tower,1,13,15,6,35,0,0,81,1,82,1,13,96,7,117,50,14,64,181
05/29/2011,GNV,FL,ASO,ES,Federal Contract Tower,3,16,9,0,28,0,0,61,0,61,3,16,70,0,89,32,0,32,121
05/30/2011,GNV,FL,ASO,ES,Federal Contract Tower,6,23,29,0,58,0,0,92,0,92,6,23,121,0,150,68,0,68,218
05/31/2011,GNV,FL,ASO,ES,Federal Contract Tower,3,25,22,12,62,0,0,63,0,63,3,25,85,12,125,82,0,82,207
06/01/2011,GNV,FL,ASO,ES,Federal Contract Tower,4,24,37,1,66,0,1,46,2,49,4,25,83,3,115,62,0,62,177
06/02/2011,GNV,FL,ASO,ES,Federal Contract Tower,4,22,21,12,59,0,1,81,1,83,4,23,102,13,142,100,16,116,258
06/03/2011,GNV,FL,ASO,ES,Federal Contract Tower,4,23,33,35,95,0,1,82,2,85,4,24,115,37,180,98,22,120,300
06/04/2011,GNV,FL,ASO,ES,Federal Contract Tower,2,12,25,18,57,0,0,77,3,80,2,12,102,21,137,48,8,56,193
06/05/2011,GNV,FL,ASO,ES,Federal Contract Tower,6,24,29,14,73,0,0,114,3,117,6,24,143,17,190,30,0,30,220
06/06/2011,GNV,FL,ASO,ES,Federal Contract Tower,4,22,30,12,68,0,2,31,2,35,4,24,61,14,103,22,0,22,125
06/07/2011,GNV,FL,ASO,ES,Federal Contract Tower,4,27,37,6,74,0,0,57,4,61,4,27,94,10,135,59,46,105,240
06/08/2011,GNV,FL,ASO,ES,Federal Contract Tower,5,25,36,1,67,0,1,93,0,94,5,26,129,1,161,34,0,34,195
06/09/2011,GNV,FL,ASO,ES,Federal Contract Tower,0,26,36,10,72,0,2,77,1,80,0,28,113,11,152,28,0,28,180
06/10/2011,GNV,FL,ASO,ES,Federal Contract Tower,0,21,33,1,55,0,0,57,3,60,0,21,90,4,115,38,0,38,153
06/11/2011,GNV,FL,ASO,ES,Federal Contract Tower,3,18,33,4,58,0,0,32,0,32,3,18,65,4,90,30,0,30,120
06/12/2011,GNV,FL,ASO,ES,Federal Contract Tower,0,23,21,12,56,0,0,50,1,51,0,23,71,13,107,6,2,8,115
06/13/2011,GNV,FL,ASO,ES,Federal Contract Tower,0,28,18,8,54,0,1,40,0,41,0,29,58,8,95,12,0,12,107
06/14/2011,GNV,FL,ASO,ES,Federal Contract Tower,0,34,12,0,46,0,0,73,2,75,0,34,85,2,121,66,8,74,195
06/15/2011,GNV,FL,ASO,ES,Federal Contract Tower,2,23,48,19,92,0,1,47,9,57,2,24,95,28,149,36,34,70,219
06/16/2011,GNV,FL,ASO,ES,Federal Contract Tower,0,23,24,17,64,0,0,65,2,67,0,23,89,19,131,30,0,30,161
06/17/2011,GNV,FL,ASO,ES,Federal Contract Tower,2,29,21,29,81,0,0,54,5,59,2,29,75,34,140,58,14,72,212
06/18/2011,GNV,FL,ASO,ES,Federal Contract Tower,0,15,15,27,57,0,0,68,5,73,0,15,83,32,130,44,26,70,200
06/19/2011,GNV,FL,ASO,ES,Federal Contract Tower,0,26,30,12,68,0,0,79,10,89,0,26,109,22,157,12,8,20,177
06/20/2011,GNV,FL,ASO,ES,Federal Contract Tower,0,25,30,16,71,0,2,87,0,89,0,27,117,16,160,38,36,74,234
06/21/2011,GNV,FL,ASO,ES,Federal Contract Tower,2,25,53,15,95,0,0,52,2,54,2,25,105,17,149,20,0,20,169
06/22/2011,GNV,FL,ASO,ES,Federal Contract Tower,0,24,22,32,78,0,0,51,8,59,0,24,73,40,137,46,12,58,195
06/23/2011,GNV,FL,ASO,ES,Federal Contract Tower,0,26,30,6,62,0,0,60,4,64,0,26,90,10,126,22,8,30,156
06/24/2011,GNV,FL,ASO,ES,Federal Contract Tower,0,23,23,12,58,0,1,48,0,49,0,24,71,12,107,22,10,32,139
06/25/2011,GNV,FL,ASO,ES,Federal Contract Tower,0,18,9,0,27,0,0,42,1,43,0,18,51,1,70,20,8,28,98
06/26/2011,GNV,FL,ASO,ES,Federal Contract Tower,0,22,17,0,39,0,0,47,0,47,0,22,64,0,86,46,0,46,132
06/27/2011,GNV,FL,ASO,ES,Federal Contract Tower,0,24,12,16,52,0,0,65,0,65,0,24,77,16,117,24,0,24,141
06/28/2011,GNV,FL,ASO,ES,Federal Contract Tower,29,17,10,0,56,0,0,28,0,28,29,17,38,0,84,24,6,30,114
06/29/2011,GNV,FL,ASO,ES,Federal Contract Tower,2,26,18,14,60,0,0,60,0,60,2,26,78,14,120,62,0,62,182
06/30/2011,GNV,FL,ASO,ES,Federal Contract Tower,0,23,43,0,66,0,0,9,0,9,0,23,52,0,75,24,0,24,99
07/01/2011,GNV,FL,ASO,ES,Federal Contract Tower,0,26,50,4,80,0,0,54,0,54,0,26,104,4,134,60,0,60,194
07/02/2011,GNV,FL,ASO,ES,Federal Contract Tower,0,20,18,0,38,0,0,63,0,63,0,20,81,0,101,20,0,20,121
07/03/2011,GNV,FL,ASO,ES,Federal Contract Tower,0,18,23,0,41,0,0,69,0,69,0,18,92,0,110,44,0,44,154
07/04/2011,GNV,FL,ASO,ES,Federal Contract Tower,0,14,14,0,28,0,0,47,0,47,0,14,61,0,75,2,0,2,77
07/05/2011,GNV,FL,ASO,ES,Federal Contract Tower,0,25,26,12,63,0,3,77,0,80,0,28,103,12,143,80,4,84,227
07/06/2011,GNV,FL,ASO,ES,Federal Contract Tower,0,36,20,7,63,0,0,90,3,93,0,36,110,10,156,94,8,102,258
07/07/2011,GNV,FL,ASO,ES,Federal Contract Tower,0,23,29,16,68,0,1,16,0,17,0,24,45,16,85,12,0,12,97
07/08/2011,GNV,FL,ASO,ES,Federal Contract Tower,0,21,28,4,53,0,0,7,0,7,0,21,35,4,60,0,0,0,60
07/09/2011,GNV,FL,ASO,ES,Federal Contract Tower,0,20,16,4,40,0,0,27,2,29,0,20,43,6,69,0,0,0,69
07/10/2011,GNV,FL,ASO,ES,Federal Contract Tower,0,23,16,11,50,0,0,32,5,37,0,23,48,16,87,60,14,74,161
07/11/2011,GNV,FL,ASO,ES,Federal Contract Tower,0,28,33,0,61,0,0,21,0,21,0,28,54,0,82,22,0,22,104
07/12/2011,GNV,FL,ASO,ES,Federal Contract Tower,0,23,31,4,58,0,2,58,0,60,0,25,89,4,118,24,6,30,148
07/13/2011,GNV,FL,ASO,ES,Federal Contract Tower,0,19,38,6,63,0,1,82,7,90,0,20,120,13,153,102,66,168,321
07/14/2011,GNV,FL,ASO,ES,Federal Contract Tower,0,27,28,15,70,0,0,94,5,99,0,27,122,20,169,58,86,144,313
07/15/2011,GNV,FL,ASO,ES,Federal Contract Tower,0,27,37,3,67,0,0,50,1,51,0,27,87,4,118,16,0,16,134
07/16/2011,GNV,FL,ASO,ES,Federal Contract Tower,0,17,19,0,36,0,0,50,0,50,0,17,69,0,86,36,2,38,124
07/17/2011,GNV,FL,ASO,ES,Federal Contract Tower,2,22,32,8,64,0,0,58,0,58,2,22,90,8,122,46,0,46,168
07/18/2011,GNV,FL,ASO,ES,Federal Contract Tower,0,29,34,13,76,0,0,87,0,87,0,29,121,13,163,54,4,58,221
07/19/2011,GNV,FL,ASO,ES,Federal Contract Tower,0,25,33,8,66,0,0,91,4,95,0,25,124,12,161,72,8,80,241
07/20/2011,GNV,FL,ASO,ES,Federal Contract Tower,0,27,38,2,67,0,0,87,2,89,0,27,125,4,156,86,0,86,242
07/21/2011,GNV,FL,ASO,ES,Federal Contract Tower,0,23,50,7,80,0,0,77,0,77,0,23,127,7,157,40,0,40,197
07/22/2011,GNV,FL,ASO,ES,Federal Contract Tower,0,26,46,10,82,0,0,52,1,53,0,26,98,11,135,28,0,28,163
07/23/2011,GNV,FL,ASO,ES,Federal Contract Tower,0,16,21,0,37,0,0,48,0,48,0,16,69,0,85,10,0,10,95
07/24/2011,GNV,FL,ASO,ES,Federal Contract Tower,0,18,21,10,49,0,0,48,3,51,0,18,69,13,100,24,0,24,124
07/25/2011,GNV,FL,ASO,ES,Federal Contract Tower,0,22,26,25,73,0,0,42,6,48,0,22,68,31,121,20,28,48,169
07/26/2011,GNV,FL,ASO,ES,Federal Contract Tower,1,29,30,14,74,0,2,38,2,42,1,31,68,16,116,36,22,58,174
07/27/2011,GNV,FL,ASO,ES,Federal Contract Tower,0,28,34,0,62,0,0,64,1,65,0,28,98,1,127,88,0,88,215
07/28/2011,GNV,FL,ASO,ES,Federal Contract Tower,0,25,26,0,51,0,0,99,2,101,0,25,125,2,152,84,0,84,236
07/29/2011,GNV,FL,ASO,ES,Federal Contract Tower,0,27,35,27,89,0,0,123,1,124,0,27,158,28,213,34,0,34,247
07/30/2011,GNV,FL,ASO,ES,Federal Contract Tower,0,14,25,2,41,0,0,99,0,99,0,14,124,2,140,24,0,24,164
07/31/2011,GNV,FL,ASO,ES,Federal Contract Tower,0,18,20,1,39,0,0,57,9,66,0,18,77,10,105,20,0,20,125
08/01/2011,GNV,FL,ASO,ES,Federal Contract Tower,0,28,17,2,47,0,0,28,0,28,0,28,45,2,75,32,20,52,127
08/02/2011,GNV,FL,ASO,ES,Federal Contract Tower,1,27,30,10,68,0,0,70,5,75,1,27,100,15,143,48,34,82,225
08/03/2011,GNV,FL,ASO,ES,Federal Contract Tower,0,34,50,6,90,0,2,71,12,85,0,36,121,18,175,44,8,52,227
08/04/2011,GNV,FL,ASO,ES,Federal Contract Tower,1,26,35,6,68,0,0,96,2,98,1,26,131,8,166,60,0,60,226
08/05/2011,GNV,FL,ASO,ES,Federal Contract Tower,0,28,30,0,58,0,0,73,2,75,0,28,103,2,133,62,0,62,195
08/06/2011,GNV,FL,ASO,ES,Federal Contract Tower,0,17,33,4,54,0,0,81,0,81,0,17,114,4,135,22,0,22,157
08/07/2011,GNV,FL,ASO,ES,Federal Contract Tower,0,23,17,0,40,0,0,39,0,39,0,23,56,0,79,36,0,36,115
08/08/2011,GNV,FL,ASO,ES,Federal Contract Tower,0,26,15,10,51,0,0,24,0,24,0,26,39,10,75,0,0,0,75
08/09/2011,GNV,FL,ASO,ES,Federal Contract Tower,0,38,26,1,65,0,0,29,1,30,0,38,55,2,95,36,0,36,131
08/10/2011,GNV,FL,ASO,ES,Federal Contract Tower,0,36,32,16,84,0,1,105,0,106,0,37,137,16,190,102,0,102,292
08/11/2011,GNV,FL,ASO,ES,Federal Contract Tower,0,24,41,0,65,0,0,102,0,102,0,24,143,0,167,66,8,74,241
08/12/2011,GNV,FL,ASO,ES,Federal Contract Tower,0,27,23,11,61,0,0,83,5,88,0,27,106,16,149,34,26,60,209
08/13/2011,GNV,FL,ASO,ES,Federal Contract Tower,0,18,23,0,41,0,0,63,0,63,0,18,86,0,104,14,0,14,118
08/14/2011,GNV,FL,ASO,ES,Federal Contract Tower,0,23,24,21,68,0,0,56,1,57,0,23,80,22,125,56,30,86,211
08/15/2011,GNV,FL,ASO,ES,Federal Contract Tower,0,30,40,9,79,0,0,62,3,65,0,30,102,12,144,68,58,126,270
08/16/2011,GNV,FL,ASO,ES,Federal Contract Tower,0,25,30,12,67,0,0,105,0,105,0,25,135,12,172,56,24,80,252
08/17/2011,GNV,FL,ASO,ES,Federal Contract Tower,0,25,37,4,66,0,0,67,0,67,0,25,104,4,133,50,0,50,183
08/18/2011,GNV,FL,ASO,ES,Federal Contract Tower,0,27,27,27,81,0,0,73,0,73,0,27,100,27,154,30,0,30,184
08/19/2011,GNV,FL,ASO,ES,Federal Contract Tower,0,26,31,4,61,0,0,50,6,56,0,26,81,10,117,0,12,12,129
08/20/2011,GNV,FL,ASO,ES,Federal Contract Tower,0,17,13,0,30,0,0,71,0,71,0,17,84,0,101,14,0,14,115
08/21/2011,GNV,FL,ASO,ES,Federal Contract Tower,0,18,25,0,43,0,0,43,4,47,0,18,68,4,90,12,0,12,102
08/22/2011,GNV,FL,ASO,ES,Federal Contract Tower,0,23,33,2,58,0,0,65,0,65,0,23,98,2,123,38,4,42,165
08/23/2011,GNV,FL,ASO,ES,Federal Contract Tower,0,26,35,1,62,0,0,65,1,66,0,26,100,2,128,46,0,46,174
08/24/2011,GNV,FL,ASO,ES,Federal Contract Tower,0,26,35,8,69,0,0,75,0,75,0,26,110,8,144,34,0,34,178
08/25/2011,GNV,FL,ASO,ES,Federal Contract Tower,0,27,19,4,50,0,0,26,1,27,0,27,45,5,77,4,22,26,103
08/26/2011,GNV,FL,ASO,ES,Federal Contract Tower,0,33,30,8,71,0,0,42,11,53,0,33,72,19,124,0,6,6,130
08/27/2011,GNV,FL,ASO,ES,Federal Contract Tower,0,15,30,11,56,0,0,59,5,64,0,15,89,16,120,52,14,66,186
08/28/2011,GNV,FL,ASO,ES,Federal Contract Tower,0,22,37,0,59,0,0,70,1,71,0,22,107,1,130,38,0,38,168
08/29/2011,GNV,FL,ASO,ES,Federal Contract Tower,0,26,34,1,61,0,0,38,1,39,0,26,72,2,100,40,0,40,140
08/30/2011,GNV,FL,ASO,ES,Federal Contract Tower,0,26,23,4,53,0,0,58,0,58,0,26,81,4,111,50,8,58,169
08/31/2011,GNV,FL,ASO,ES,Federal Contract Tower,0,27,33,15,75,0,0,84,2,86,0,27,117,17,161,54,18,72,233
09/01/2011,GNV,FL,ASO,ES,Federal Contract Tower,0,24,26,5,55,0,0,74,8,82,0,24,100,13,137,90,14,104,241
09/02/2011,GNV,FL,ASO,ES,Federal Contract Tower,0,26,51,3,80,0,0,83,0,83,0,26,134,3,163,24,0,24,187
09/03/2011,GNV,FL,ASO,ES,Federal Contract Tower,0,20,33,0,53,0,0,70,0,70,0,20,103,0,123,8,0,8,131
09/04/2011,GNV,FL,ASO,ES,Federal Contract Tower,0,17,34,0,51,0,0,55,0,55,0,17,89,0,106,30,0,30,136
09/05/2011,GNV,FL,ASO,ES,Federal Contract Tower,0,20,31,0,51,0,2,35,0,37,0,22,66,0,88,10,0,10,98
09/06/2011,GNV,FL,ASO,ES,Federal Contract Tower,0,26,61,1,88,0,0,15,0,15,0,26,76,1,103,28,0,28,131
09/07/2011,GNV,FL,ASO,ES,Federal Contract Tower,0,22,38,10,70,0,1,66,2,69,0,23,104,12,139,64,6,70,209
09/08/2011,GNV,FL,ASO,ES,Federal Contract Tower,0,29,38,4,71,0,2,117,4,123,0,31,155,8,194,92,12,104,298
09/09/2011,GNV,FL,ASO,ES,Federal Contract Tower,0,29,34,15,78,0,1,62,11,74,0,30,96,26,152,26,26,52,204
09/10/2011,GNV,FL,ASO,ES,Federal Contract Tower,1,16,21,0,38,0,0,61,0,61,1,16,82,0,99,8,0,8,107
09/11/2011,GNV,FL,ASO,ES,Federal Contract Tower,0,24,20,5,49,0,0,65,2,67,0,24,85,7,116,38,0,38,154
09/12/2011,GNV,FL,ASO,ES,Federal Contract Tower,0,32,24,17,73,0,0,58,2,60,0,32,82,19,133,12,4,16,149
09/13/2011,GNV,FL,ASO,ES,Federal Contract Tower,0,26,42,11,79,0,0,52,0,52,0,26,94,11,131,18,0,18,149
09/14/2011,GNV,FL,ASO,ES,Federal Contract Tower,0,21,42,11,74,0,1,90,0,91,0,22,132,11,165,16,0,16,181
09/15/2011,GNV,FL,ASO,ES,Federal Contract Tower,0,30,29,11,70,0,0,110,0,110,0,30,139,11,180,32,0,32,212
09/16/2011,GNV,FL,ASO,ES,Federal Contract Tower,2,28,38,5,73,0,0,73,6,79,2,28,111,11,152,10,0,10,162
09/17/2011,GNV,FL,ASO,ES,Federal Contract Tower,3,18,106,2,129,0,0,46,0,46,3,18,152,2,175,4,0,4,179
09/18/2011,GNV,FL,ASO,ES,Federal Contract Tower,2,25,53,9,89,0,0,24,6,30,2,25,77,15,119,0,26,26,145
09/19/2011,GNV,FL,ASO,ES,Federal Contract Tower,0,25,18,3,46,0,0,28,0,28,0,25,46,3,74,2,16,18,92
09/20/2011,GNV,FL,ASO,ES,Federal Contract Tower,0,24,36,7,67,0,0,45,7,52,0,24,81,14,119,26,100,126,245
09/21/2011,GNV,FL,ASO,ES,Federal Contract Tower,0,22,39,11,72,0,0,78,6,84,0,22,117,17,156,46,44,90,246
09/22/2011,GNV,FL,ASO,ES,Federal Contract Tower,0,24,30,0,54,0,0,25,1,26,0,24,55,1,80,0,0,0,80
09/23/2011,GNV,FL,ASO,ES,Federal Contract Tower,2,29,35,6,72,0,0,30,12,42,2,29,65,18,114,26,24,50,164
09/24/2011,GNV,FL,ASO,ES,Federal Contract Tower,0,15,36,4,55,0,0,36,0,36,0,15,72,4,91,0,14,14,105
09/25/2011,GNV,FL,ASO,ES,Federal Contract Tower,0,22,28,1,51,0,0,50,1,51,0,22,78,2,102,26,0,26,128
09/26/2011,GNV,FL,ASO,ES,Federal Contract Tower,0,28,36,33,97,0,0,44,0,44,0,28,80,33,141,16,12,28,169
09/27/2011,GNV,FL,ASO,ES,Federal Contract Tower,0,24,38,21,83,0,0,55,0,55,0,24,93,21,138,46,0,46,184
09/28/2011,GNV,FL,ASO,ES,Federal Contract Tower,0,19,33,20,72,0,0,87,1,88,0,19,120,21,160,38,10,48,208
09/29/2011,GNV,FL,ASO,ES,Federal Contract Tower,0,28,37,15,80,0,0,82,8,90,0,28,119,23,170,68,2,70,240
09/30/2011,GNV,FL,ASO,ES,Federal Contract Tower,0,2,61,13,76,0,0,86,0,86,0,2,147,13,162,30,2,32,194
10/01/2011,GNV,FL,ASO,ES,Federal Contract Tower,4,31,129,0,164,0,0,92,0,92,4,31,221,0,256,20,0,20,276
10/02/2011,GNV,FL,ASO,ES,Federal Contract Tower,2,23,58,20,103,0,0,107,0,107,2,23,165,20,210,40,2,42,252
10/03/2011,GNV,FL,ASO,ES,Federal Contract Tower,0,24,46,7,77,0,0,60,0,60,0,24,106,7,137,44,0,44,181
10/04/2011,GNV,FL,ASO,ES,Federal Contract Tower,0,20,25,10,55,0,1,84,4,89,0,21,109,14,144,50,6,56,200
10/05/2011,GNV,FL,ASO,ES,Federal Contract Tower,0,21,37,25,83,0,1,115,6,122,0,22,152,31,205,64,22,86,291
10/06/2011,GNV,FL,ASO,ES,Federal Contract Tower,0,32,29,7,68,0,0,60,2,62,0,32,89,9,130,76,52,128,258
10/07/2011,GNV,FL,ASO,ES,Federal Contract Tower,2,29,25,4,60,0,0,28,0,28,2,29,53,4,88,10,6,16,104
10/08/2011,GNV,FL,ASO,ES,Federal Contract Tower,0,15,16,0,31,0,0,3,0,3,0,15,19,0,34,0,0,0,34
10/09/2011,GNV,FL,ASO,ES,Federal Contract Tower,0,31,31,0,62,0,0,10,0,10,0,31,41,0,72,0,0,0,72
10/10/2011,GNV,FL,ASO,ES,Federal Contract Tower,0,26,21,0,47,0,0,4,0,4,0,26,25,0,51,8,0,8,59
10/11/2011,GNV,FL,ASO,ES,Federal Contract Tower,0,24,23,0,47,0,1,49,0,50,0,25,72,0,97,90,4,94,191
10/12/2011,GNV,FL,ASO,ES,Federal Contract Tower,0,24,46,17,87,0,2,50,5,57,0,26,96,22,144,14,30,44,188
10/13/2011,GNV,FL,ASO,ES,Federal Contract Tower,0,24,51,20,95,0,0,55,0,55,0,24,106,20,150,16,32,48,198
10/14/2011,GNV,FL,ASO,ES,Federal Contract Tower,5,22,32,18,77,0,0,138,6,144,5,22,170,24,221,62,0,62,283
10/15/2011,GNV,FL,ASO,ES,Federal Contract Tower,1,15,18,10,44,0,0,95,5,100,1,15,113,15,144,16,16,32,176
10/16/2011,GNV,FL,ASO,ES,Federal Contract Tower,0,27,35,11,73,0,0,76,7,83,0,27,111,18,156,22,10,32,188
10/17/2011,GNV,FL,ASO,ES,Federal Contract Tower,0,25,27,8,60,0,0,70,3,73,0,25,97,11,133,60,44,104,237
10/18/2011,GNV,FL,ASO,ES,Federal Contract Tower,0,20,39,10,69,0,0,22,0,22,0,20,61,10,91,18,0,18,109
10/19/2011,GNV,FL,ASO,ES,Federal Contract Tower,0,25,32,12,69,0,0,25,0,25,0,25,57,12,94,6,0,6,100
10/20/2011,GNV,FL,ASO,ES,Federal Contract Tower,0,24,31,8,63,0,0,122,10,132,0,24,153,18,195,50,8,58,253
10/21/2011,GNV,FL,ASO,ES,Federal Contract Tower,0,25,47,6,78,0,0,104,8,112,0,25,151,14,190,48,0,48,238
10/22/2011,GNV,FL,ASO,ES,Federal Contract Tower,0,16,26,6,48,0,0,86,4,90,0,16,112,10,138,54,0,54,192
10/23/2011,GNV,FL,ASO,ES,Federal Contract Tower,0,29,26,10,65,0,0,76,14,90,0,29,102,24,155,10,0,10,165
10/24/2011,GNV,FL,ASO,ES,Federal Contract Tower,0,25,23,6,54,0,0,74,0,74,0,25,97,6,128,14,6,20,148
10/25/2011,GNV,FL,ASO,ES,Federal Contract Tower,0,23,37,10,70,0,0,112,0,112,0,23,149,10,182,40,16,56,238
10/26/2011,GNV,FL,ASO,ES,Federal Contract Tower,0,25,34,2,61,0,0,92,0,92,0,25,126,2,153,72,0,72,225
10/27/2011,GNV,FL,ASO,ES,Federal Contract Tower,0,23,29,3,55,0,0,94,1,95,0,23,123,4,150,28,0,28,178
10/28/2011,GNV,FL,ASO,ES,Federal Contract Tower,0,25,43,20,88,0,0,64,3,67,0,25,107,23,155,46,6,52,207
10/29/2011,GNV,FL,ASO,ES,Federal Contract Tower,0,16,23,6,45,0,0,9,0,9,0,16,32,6,54,2,0,2,56
10/30/2011,GNV,FL,ASO,ES,Federal Contract Tower,0,23,32,16,71,0,0,44,8,52,0,23,76,24,123,16,20,36,159
10/31/2011,GNV,FL,ASO,ES,Federal Contract Tower,0,23,16,19,58,0,0,16,0,16,0,23,32,19,74,22,10,32,106
11/01/2011,GNV,FL,ASO,ES,Federal Contract Tower,0,26,28,19,73,0,0,42,1,43,0,26,70,20,116,82,20,102,218
11/02/2011,GNV,FL,ASO,ES,Federal Contract Tower,0,20,21,19,60,0,0,95,1,96,0,20,116,20,156,76,28,104,260
11/03/2011,GNV,FL,ASO,ES,Federal Contract Tower,0,24,43,20,87,0,0,122,0,122,0,24,165,20,209,68,0,68,277
11/04/2011,GNV,FL,ASO,ES,Federal Contract Tower,4,30,41,23,98,0,0,44,7,51,4,30,85,30,149,6,0,6,155
11/05/2011,GNV,FL,ASO,ES,Federal Contract Tower,2,24,43,0,69,0,0,62,0,62,2,24,105,0,131,18,0,18,149
11/06/2011,GNV,FL,ASO,ES,Federal Contract Tower,3,23,40,18,84,0,0,41,4,45,3,23,81,22,129,2,2,4,133
11/07/2011,GNV,FL,ASO,ES,Federal Contract Tower,0,23,46,1,70,0,0,40,3,43,0,23,86,4,113,30,24,54,167
11/08/2011,GNV,FL,ASO,ES,Federal Contract Tower,0,30,43,5,78,0,1,64,8,73,0,31,107,13,151,76,22,98,249
11/09/2011,GNV,FL,ASO,ES,Federal Contract Tower,0,22,48,4,74,0,0,151,0,151,0,22,199,4,225,138,0,138,363
11/10/2011,GNV,FL,ASO,ES,Federal Contract Tower,0,31,37,29,97,0,0,104,5,109,0,31,141,34,206,36,24,60,266
11/11/2011,GNV,FL,ASO,ES,Federal Contract Tower,2,27,26,14,69,0,1,80,1,82,2,28,106,15,151,46,0,46,197
11/12/2011,GNV,FL,ASO,ES,Federal Contract Tower,2,14,13,4,33,0,0,97,0,97,2,14,110,4,130,32,0,32,162
11/13/2011,GNV,FL,ASO,ES,Federal Contract Tower,0,24,26,17,67,0,0,80,0,80,0,24,106,17,147,50,0,50,197
11/14/2011,GNV,FL,ASO,ES,Federal Contract Tower,0,26,36,6,68,0,0,90,0,90,0,26,126,6,158,58,28,86,244
11/15/2011,GNV,FL,ASO,ES,Federal Contract Tower,0,20,27,27,74,0,0,26,5,31,0,20,53,32,105,10,44,54,159
11/16/2011,GNV,FL,ASO,ES,Federal Contract Tower,0,24,48,18,90,0,0,28,0,28,0,24,76,18,118,16,0,16,134
11/17/2011,GNV,FL,ASO,ES,Federal Contract Tower,0,25,42,18,85,0,0,54,2,56,0,25,96,20,141,540,4,544,685
11/18/2011,GNV,FL,ASO,ES,Federal Contract Tower,2,28,35,36,101,0,0,54,10,64,2,28,89,46,165,40,2,42,207
11/19/2011,GNV,FL,ASO,ES,Federal Contract Tower,2,19,60,4,85,0,0,62,2,64,2,19,122,6,149,8,0,8,157
11/20/2011,GNV,FL,ASO,ES,Federal Contract Tower,0,24,34,17,75,0,0,72,2,74,0,24,106,19,149,48,0,48,197
11/21/2011,GNV,FL,ASO,ES,Federal Contract Tower,0,30,28,20,78,0,0,85,2,87,0,30,113,22,165,44,66,110,275
11/22/2011,GNV,FL,ASO,ES,Federal Contract Tower,0,39,38,7,84,0,0,44,0,44,0,39,82,7,128,14,0,14,142
11/23/2011,GNV,FL,ASO,ES,Federal Contract Tower,0,26,39,3,68,0,0,26,0,26,0,26,65,3,94,16,0,16,110
11/24/2011,GNV,FL,ASO,ES,Federal Contract Tower,1,12,12,0,25,0,0,31,0,31,1,12,43,0,56,0,0,0,56
11/25/2011,GNV,FL,ASO,ES,Federal Contract Tower,1,12,24,0,37,0,2,60,0,62,1,14,84,0,99,0,0,0,99
11/26/2011,GNV,FL,ASO,ES,Federal Contract Tower,1,36,61,2,100,0,0,105,0,105,1,36,166,2,205,16,0,16,221
11/27/2011,GNV,FL,ASO,ES,Federal Contract Tower,4,25,50,0,79,0,0,77,0,77,4,25,127,0,156,16,0,16,172
11/28/2011,GNV,FL,ASO,ES,Federal Contract Tower,0,27,25,15,67,0,0,7,1,8,0,27,32,16,75,0,8,8,83
11/29/2011,GNV,FL,ASO,ES,Federal Contract Tower,0,32,52,12,96,0,0,84,0,84,0,32,136,12,180,42,44,86,266
11/30/2011,GNV,FL,ASO,ES,Federal Contract Tower,0,24,41,14,79,0,0,96,2,98,0,24,137,16,177,42,16,58,235
12/01/2011,GNV,FL,ASO,ES,Federal Contract Tower,0,30,39,22,91,0,0,94,3,97,0,30,133,25,188,68,14,82,270
12/02/2011,GNV,FL,ASO,ES,Federal Contract Tower,0,28,38,34,100,0,0,76,5,81,0,28,114,39,181,32,0,32,213
12/03/2011,GNV,FL,ASO,ES,Federal Contract Tower,0,20,22,8,50,0,0,88,0,88,0,20,110,8,138,34,0,34,172
12/04/2011,GNV,FL,ASO,ES,Federal Contract Tower,0,31,25,6,62,0,0,71,2,73,0,31,96,8,135,4,0,4,139
12/05/2011,GNV,FL,ASO,ES,Federal Contract Tower,2,25,25,9,61,0,0,75,0,75,2,25,100,9,136,62,14,76,212
12/06/2011,GNV,FL,ASO,ES,Federal Contract Tower,1,21,35,29,86,0,0,70,13,83,1,21,105,42,169,76,24,100,269
12/07/2011,GNV,FL,ASO,ES,Federal Contract Tower,0,28,33,32,93,0,0,41,3,44,0,28,74,35,137,48,36,84,221
12/08/2011,GNV,FL,ASO,ES,Federal Contract Tower,2,22,36,11,71,0,0,76,5,81,2,22,112,16,152,60,16,76,228
12/09/2011,GNV,FL,ASO,ES,Federal Contract Tower,0,26,34,6,66,0,0,119,4,123,0,26,153,10,189,68,2,70,259
12/10/2011,GNV,FL,ASO,ES,Federal Contract Tower,0,18,33,4,55,0,1,14,1,16,0,19,47,5,71,32,0,32,103
12/11/2011,GNV,FL,ASO,ES,Federal Contract Tower,0,29,21,10,60,0,3,1,6,10,0,32,22,16,70,0,0,0,70
12/12/2011,GNV,FL,ASO,ES,Federal Contract Tower,0,27,22,11,60,0,0,0,0,0,0,27,22,11,60,0,0,0,60
12/13/2011,GNV,FL,ASO,ES,Federal Contract Tower,0,26,26,8,60,0,0,9,4,13,0,26,35,12,73,22,16,38,111
12/14/2011,GNV,FL,ASO,ES,Federal Contract Tower,0,22,36,8,66,0,0,129,4,133,0,22,165,12,199,78,0,78,277
12/15/2011,GNV,FL,ASO,ES,Federal Contract Tower,0,22,48,7,77,0,0,109,4,113,0,22,157,11,190,44,20,64,254
12/16/2011,GNV,FL,ASO,ES,Federal Contract Tower,0,28,28,23,79,0,0,700,2,702,0,28,728,25,781,44,0,44,825
12/17/2011,GNV,FL,ASO,ES,Federal Contract Tower,0,20,21,1,42,0,0,56,1,57,0,20,77,2,99,44,0,44,143
12/18/2011,GNV,FL,ASO,ES,Federal Contract Tower,0,23,16,4,43,0,0,69,2,71,0,23,85,6,114,46,4,50,164
12/19/2011,GNV,FL,ASO,ES,Federal Contract Tower,0,28,11,2,41,0,0,74,1,75,0,28,85,3,116,52,0,52,168
12/20/2011,GNV,FL,ASO,ES,Federal Contract Tower,0,26,23,7,56,0,0,79,5,84,0,26,102,12,140,96,2,98,238
12/21/2011,GNV,FL,ASO,ES,Federal Contract Tower,0,22,24,0,46,0,0,66,0,66,0,22,90,0,112,32,0,32,144
12/22/2011,GNV,FL,ASO,ES,Federal Contract Tower,0,22,32,6,60,0,0,63,1,64,0,22,95,7,124,12,6,18,142
12/23/2011,GNV,FL,ASO,ES,Federal Contract Tower,0,27,18,2,47,0,0,35,0,35,0,27,53,2,82,8,0,8,90
12/24/2011,GNV,FL,ASO,ES,Federal Contract Tower,0,16,5,0,21,0,0,27,0,27,0,16,32,0,48,8,0,8,56
12/25/2011,GNV,FL,ASO,ES,Federal Contract Tower,0,17,7,0,24,0,0,8,0,8,0,17,15,0,32,22,0,22,54
12/26/2011,GNV,FL,ASO,ES,Federal Contract Tower,0,23,32,0,55,0,0,43,0,43,0,23,75,0,98,18,0,18,116
12/27/2011,GNV,FL,ASO,ES,Federal Contract Tower,0,23,25,0,48,0,0,12,4,16,0,23,37,4,64,14,16,30,94
12/28/2011,GNV,FL,ASO,ES,Federal Contract Tower,2,32,25,4,63,0,0,123,2,125,2,32,148,6,188,96,0,96,284
12/29/2011,GNV,FL,ASO,ES,Federal Contract Tower,0,22,29,12,63,0,0,134,0,134,0,22,163,12,197,130,0,130,327
12/30/2011,GNV,FL,ASO,ES,Federal Contract Tower,0,23,31,0,54,0,0,58,0,58,0,23,89,0,112,66,0,66,178
12/31/2011,GNV,FL,ASO,ES,Federal Contract Tower,0,17,12,0,29,0,0,37,0,37,0,17,49,0,66,12,0,12,78
01/01/2012,GNV,FL,ASO,ES,Federal Contract Tower,0,20,9,0,29,0,0,39,0,39,0,20,48,0,68,16,0,16,84
01/02/2012,GNV,FL,ASO,ES,Federal Contract Tower,0,24,25,0,49,0,0,55,0,55,0,24,80,0,104,28,0,28,132
01/03/2012,GNV,FL,ASO,ES,Federal Contract Tower,0,23,17,0,40,0,1,43,0,44,0,24,60,0,84,26,0,26,110
01/04/2012,GNV,FL,ASO,ES,Federal Contract Tower,0,28,33,10,71,0,1,61,5,67,0,29,94,15,138,72,16,88,226
01/05/2012,GNV,FL,ASO,ES,Federal Contract Tower,0,34,36,25,95,0,0,99,4,103,0,34,135,29,198,38,50,88,286
01/06/2012,GNV,FL,ASO,ES,Federal Contract Tower,0,29,28,16,73,0,0,78,3,81,0,29,106,19,154,58,28,86,240
01/07/2012,GNV,FL,ASO,ES,Federal Contract Tower,0,19,18,30,67,0,0,59,8,67,0,19,77,38,134,26,52,78,212
01/08/2012,GNV,FL,ASO,ES,Federal Contract Tower,0,26,27,11,64,0,0,51,0,51,0,26,78,11,115,12,0,12,127
01/09/2012,GNV,FL,ASO,ES,Federal Contract Tower,0,25,34,12,71,0,0,54,1,55,0,25,88,13,126,30,2,32,158
01/10/2012,GNV,FL,ASO,ES,Federal Contract Tower,0,24,31,22,77,0,0,56,4,60,0,24,87,26,137,46,8,54,191
01/11/2012,GNV,FL,ASO,ES,Federal Contract Tower,0,28,16,23,67,0,0,20,1,21,0,28,36,24,88,4,0,4,92
01/12/2012,GNV,FL,ASO,ES,Federal Contract Tower,0,19,37,18,74,0,0,46,2,48,0,19,83,20,122,6,0,6,128
01/13/2012,GNV,FL,ASO,ES,Federal Contract Tower,0,28,32,2,62,0,0,81,16,97,0,28,113,18,159,12,20,32,191
01/14/2012,GNV,FL,ASO,ES,Federal Contract Tower,0,20,18,6,44,0,0,65,0,65,0,20,83,6,109,38,0,38,147
01/15/2012,GNV,FL,ASO,ES,Federal Contract Tower,0,28,26,14,68,0,0,78,8,86,0,28,104,22,154,42,8,50,204
01/16/2012,GNV,FL,ASO,ES,Federal Contract Tower,0,28,32,1,61,0,0,92,0,92,0,28,124,1,153,58,0,58,211
01/17/2012,GNV,FL,ASO,ES,Federal Contract Tower,0,21,46,29,96,0,0,98,15,113,0,21,144,44,209,72,58,130,339
01/18/2012,GNV,FL,ASO,ES,Federal Contract Tower,1,23,30,0,54,0,0,2,0,2,1,23,32,0,56,0,0,0,56
01/19/2012,GNV,FL,ASO,ES,Federal Contract Tower,0,29,33,15,77,0,0,102,3,105,0,29,135,18,182,76,10,86,268
01/20/2012,GNV,FL,ASO,ES,Federal Contract Tower,0,29,39,24,92,0,2,108,11,121,0,31,147,35,213,32,0,32,245
01/21/2012,GNV,FL,ASO,ES,Federal Contract Tower,0,22,25,10,57,0,0,72,8,80,0,22,97,18,137,22,2,24,161
01/22/2012,GNV,FL,ASO,ES,Federal Contract Tower,0,33,32,29,94,0,0,48,12,60,0,33,80,41,154,32,0,32,186
01/23/2012,GNV,FL,ASO,ES,Federal Contract Tower,0,25,29,19,73,0,0,69,0,69,0,25,98,19,142,20,0,20,162
01/24/2012,GNV,FL,ASO,ES,Federal Contract Tower,0,25,28,9,62,0,0,114,7,121,0,25,142,16,183,30,36,66,249
01/25/2012,GNV,FL,ASO,ES,Federal Contract Tower,0,28,33,23,84,0,0,71,6,77,0,28,104,29,161,48,24,72,233
01/26/2012,GNV,FL,ASO,ES,Federal Contract Tower,0,23,34,1,58,0,0,67,6,73,0,23,101,7,131,2,48,50,181
01/27/2012,GNV,FL,ASO,ES,Federal Contract Tower,0,25,33,22,80,0,50,14,0,64,0,75,47,22,144,44,8,52,196
01/28/2012,GNV,FL,ASO,ES,Federal Contract Tower,0,19,31,21,71,0,0,84,5,89,0,19,115,26,160,66,10,76,236
01/29/2012,GNV,FL,ASO,ES,Federal Contract Tower,0,26,40,23,89,0,0,92,19,111,0,26,132,42,200,18,8,26,226
01/30/2012,GNV,FL,ASO,ES,Federal Contract Tower,0,25,24,8,57,0,0,89,0,89,0,25,113,8,146,56,2,58,204
01/31/2012,GNV,FL,ASO,ES,Federal Contract Tower,0,22,38,2,62,0,0,114,3,117,0,22,152,5,179,40,16,56,235
02/01/2012,GNV,FL,ASO,ES,Federal Contract Tower,0,29,29,14,72,0,0,83,2,85,0,29,112,16,157,68,22,90,247
02/02/2012,GNV,FL,ASO,ES,Federal Contract Tower,0,27,45,10,82,0,0,65,2,67,0,27,110,12,149,56,6,62,211
02/03/2012,GNV,FL,ASO,ES,Federal Contract Tower,0,30,41,56,127,0,0,65,10,75,0,30,106,66,202,12,40,52,254
02/04/2012,GNV,FL,ASO,ES,Federal Contract Tower,0,21,38,25,84,0,0,75,3,78,0,21,113,28,162,32,16,48,210
02/05/2012,GNV,FL,ASO,ES,Federal Contract Tower,0,24,23,25,72,0,0,41,8,49,0,24,64,33,121,20,0,20,141
02/06/2012,GNV,FL,ASO,ES,Federal Contract Tower,0,28,22,16,66,0,0,31,4,35,0,28,53,20,101,6,0,6,107
02/07/2012,GNV,FL,ASO,ES,Federal Contract Tower,0,21,39,8,68,0,0,17,3,20,0,21,56,11,88,6,14,20,108
02/08/2012,GNV,FL,ASO,ES,Federal Contract Tower,0,28,48,6,82,0,0,86,5,91,0,28,134,11,173,50,4,54,227
02/09/2012,GNV,FL,ASO,ES,Federal Contract Tower,0,24,43,26,93,0,0,76,9,85,0,24,119,35,178,222,76,298,476
02/10/2012,GNV,FL,ASO,ES,Federal Contract Tower,0,27,47,37,111,0,0,52,0,52,0,27,99,37,163,0,10,10,173
02/11/2012,GNV,FL,ASO,ES,Federal Contract Tower,0,18,44,0,62,0,0,47,1,48,0,18,91,1,110,14,0,14,124
02/12/2012,GNV,FL,ASO,ES,Federal Contract Tower,0,27,36,55,118,0,0,70,12,82,0,27,106,67,200,44,12,56,256
02/13/2012,GNV,FL,ASO,ES,Federal Contract Tower,0,25,28,25,78,0,0,107,2,109,0,25,135,27,187,12,8,20,207
02/14/2012,GNV,FL,ASO,ES,Federal Contract Tower,0,23,17,20,60,0,0,75,0,75,0,23,92,20,135,4,0,4,139
02/15/2012,GNV,FL,ASO,ES,Federal Contract Tower,2,25,31,10,68,0,0,63,0,63,2,25,94,10,131,58,0,58,189
02/16/2012,GNV,FL,ASO,ES,Federal Contract Tower,0,25,44,20,89,0,0,38,2,40,0,25,82,22,129,26,6,32,161
02/17/2012,GNV,FL,ASO,ES,Federal Contract Tower,0,25,43,5,73,0,0,7,3,10,0,25,50,8,83,6,0,6,89
02/18/2012,GNV,FL,ASO,ES,Federal Contract Tower,2,19,40,4,65,0,0,26,0,26,2,19,66,4,91,8,0,8,99
02/19/2012,GNV,FL,ASO,ES,Federal Contract Tower,0,25,43,6,74,0,0,5,0,5,0,25,48,6,79,0,0,0,79
02/20/2012,GNV,FL,ASO,ES,Federal Contract Tower,0,3,34,5,42,0,0,76,0,76,0,3,110,5,118,30,6,36,154
02/21/2012,GNV,FL,ASO,ES,Federal Contract Tower,4,31,53,4,92,0,0,73,2,75,4,31,126,6,167,36,24,60,227
02/22/2012,GNV,FL,ASO,ES,Federal Contract Tower,0,31,54,2,87,0,0,70,0,70,0,31,124,2,157,24,0,24,181
02/23/2012,GNV,FL,ASO,ES,Federal Contract Tower,0,27,29,0,56,0,0,22,0,22,0,27,51,0,78,14,14,28,106
02/24/2012,GNV,FL,ASO,ES,Federal Contract Tower,0,22,35,22,79,0,0,29,3,32,0,22,64,25,111,0,0,0,111
02/25/2012,GNV,FL,ASO,ES,Federal Contract Tower,0,29,25,22,76,0,0,64,9,73,0,29,89,31,149,48,30,78,227
02/26/2012,GNV,FL,ASO,ES,Federal Contract Tower,0,35,51,0,86,0,0,12,1,13,0,35,63,1,99,0,0,0,99
02/27/2012,GNV,FL,ASO,ES,Federal Contract Tower,0,26,25,0,51,0,0,10,0,10,0,26,35,0,61,6,0,6,67
02/28/2012,GNV,FL,ASO,ES,Federal Contract Tower,0,23,34,3,60,0,0,17,0,17,0,23,51,3,77,16,0,16,93
02/29/2012,GNV,FL,ASO,ES,Federal Contract Tower,0,28,52,4,84,0,0,69,2,71,0,28,121,6,155,28,14,42,197
03/01/2012,GNV,FL,ASO,ES,Federal Contract Tower,0,26,49,2,77,0,0,45,0,45,0,26,94,2,122,32,0,32,154
03/02/2012,GNV,FL,ASO,ES,Federal Contract Tower,0,34,41,25,100,0,0,51,5,56,0,34,92,30,156,10,12,22,178
03/03/2012,GNV,FL,ASO,ES,Federal Contract Tower,1,20,21,3,45,0,0,8,2,10,1,20,29,5,55,0,0,0,55
03/04/2012,GNV,FL,ASO,ES,Federal Contract Tower,1,26,39,22,88,0,0,32,1,33,1,26,71,23,121,38,0,38,159
03/05/2012,GNV,FL,ASO,ES,Federal Contract Tower,0,25,30,4,59,0,0,100,0,100,0,25,130,4,159,38,0,38,197
03/06/2012,GNV,FL,ASO,ES,Federal Contract Tower,0,27,19,5,51,0,0,84,1,85,0,27,103,6,136,6,30,36,172
03/07/2012,GNV,FL,ASO,ES,Federal Contract Tower,0,20,40,4,64,0,0,64,1,65,0,20,104,5,129,40,42,82,211
03/08/2012,GNV,FL,ASO,ES,Federal Contract Tower,2,23,60,4,89,0,0,64,0,64,2,23,124,4,153,42,0,42,195
03/09/2012,GNV,FL,ASO,ES,Federal Contract Tower,0,23,56,6,85,0,0,64,0,64,0,23,120,6,149,52,0,52,201
03/10/2012,GNV,FL,ASO,ES,Federal Contract Tower,1,21,50,2,74,0,0,38,2,40,1,21,88,4,114,36,12,48,162
03/11/2012,GNV,FL,ASO,ES,Federal Contract Tower,0,24,66,10,100,0,0,24,4,28,0,24,90,14,128,10,0,10,138
03/12/2012,GNV,FL,ASO,ES,Federal Contract Tower,0,25,44,8,77,0,0,93,0,93,0,25,137,8,170,40,50,90,260
03/13/2012,GNV,FL,ASO,ES,Federal Contract Tower,0,23,36,34,93,0,0,118,0,118,0,23,154,34,211,86,12,98,309
03/14/2012,GNV,FL,ASO,ES,Federal Contract Tower,2,27,43,3,75,0,0,138,6,144,2,27,181,9,219,78,28,106,325
03/15/2012,GNV,FL,ASO,ES,Federal Contract Tower,0,39,33,11,83,0,0,114,14,128,0,39,147,25,211,92,68,160,371
03/16/2012,GNV,FL,ASO,ES,Federal Contract Tower,2,30,36,29,97,0,0,96,11,107,2,30,132,40,204,72,21,93,297
03/17/2012,GNV,FL,ASO,ES,Federal Contract Tower,0,16,28,4,48,0,0,85,0,85,0,16,113,4,133,20,0,20,153
03/18/2012,GNV,FL,ASO,ES,Federal Contract Tower,0,23,24,26,73,0,0,90,4,94,0,23,114,30,167,44,0,44,211
03/19/2012,GNV,FL,ASO,ES,Federal Contract Tower,0,26,28,7,61,0,0,63,0,63,0,26,91,7,124,36,0,36,160
03/20/2012,GNV,FL,ASO,ES,Federal Contract Tower,0,27,30,1,58,0,0,82,3,85,0,27,112,4,143,54,0,54,197
03/21/2012,GNV,FL,ASO,ES,Federal Contract Tower,1,26,16,16,59,0,0,82,8,90,1,26,98,24,149,30,36,66,215
03/22/2012,GNV,FL,ASO,ES,Federal Contract Tower,2,26,35,26,89,0,0,107,8,115,2,26,142,34,204,106,4,110,314
03/23/2012,GNV,FL,ASO,ES,Federal Contract Tower,0,29,30,2,61,0,0,73,1,74,0,29,103,3,135,62,0,62,197
03/24/2012,GNV,FL,ASO,ES,Federal Contract Tower,0,18,27,6,51,0,0,39,1,40,0,18,66,7,91,12,6,18,109
03/25/2012,GNV,FL,ASO,ES,Federal Contract Tower,0,29,37,30,96,0,0,87,4,91,0,29,124,34,187,26,4,30,217
03/26/2012,GNV,FL,ASO,ES,Federal Contract Tower,0,29,27,7,63,0,0,103,2,105,0,29,130,9,168,62,22,84,252
03/27/2012,GNV,FL,ASO,ES,Federal Contract Tower,0,27,48,7,82,0,0,120,0,120,0,27,168,7,202,48,0,48,250
03/28/2012,GNV,FL,ASO,ES,Federal Contract Tower,0,25,41,3,69,0,0,103,2,105,0,25,144,5,174,30,4,34,208
03/29/2012,GNV,FL,ASO,ES,Federal Contract Tower,0,29,41,9,79,0,0,127,2,129,0,29,168,11,208,30,12,42,250
03/30/2012,GNV,FL,ASO,ES,Federal Contract Tower,0,27,22,24,73,0,0,114,6,120,0,27,136,30,193,24,12,36,229
03/31/2012,GNV,FL,ASO,ES,Federal Contract Tower,0,18,20,0,38,0,0,21,0,21,0,18,41,0,59,8,0,8,67
04/01/2012,GNV,FL,ASO,ES,Federal Contract Tower,0,22,28,2,52,0,0,73,5,78,0,22,101,7,130,20,0,20,150
04/02/2012,GNV,FL,ASO,ES,Federal Contract Tower,0,26,25,6,57,0,0,77,2,79,0,26,102,8,136,92,0,92,228
04/03/2012,GNV,FL,ASO,ES,Federal Contract Tower,0,24,37,6,67,0,0,90,0,90,0,24,127,6,157,104,40,144,301
04/04/2012,GNV,FL,ASO,ES,Federal Contract Tower,2,34,27,3,66,0,0,87,3,90,2,34,114,6,156,52,0,52,208
04/05/2012,GNV,FL,ASO,ES,Federal Contract Tower,0,22,66,5,93,0,0,91,5,96,0,22,157,10,189,56,46,102,291
04/06/2012,GNV,FL,ASO,ES,Federal Contract Tower,0,28,15,6,49,0,0,61,0,61,0,28,76,6,110,14,0,14,124
04/07/2012,GNV,FL,ASO,ES,Federal Contract Tower,0,23,34,0,57,0,0,52,0,52,0,23,86,0,109,18,0,18,127
04/08/2012,GNV,FL,ASO,ES,Federal Contract Tower,0,24,29,2,55,0,0,34,0,34,0,24,63,2,89,16,0,16,105
04/09/2012,GNV,FL,ASO,ES,Federal Contract Tower,1,28,27,20,76,0,0,58,2,60,1,28,85,22,136,38,2,40,176
04/10/2012,GNV,FL,ASO,ES,Federal Contract Tower,0,26,35,10,71,0,0,47,1,48,0,26,82,11,119,44,0,44,163
04/11/2012,GNV,FL,ASO,ES,Federal Contract Tower,0,33,34,5,72,0,0,27,2,29,0,33,61,7,101,20,0,20,121
04/12/2012,GNV,FL,ASO,ES,Federal Contract Tower,0,22,55,9,86,0,0,95,7,102,0,22,150,16,188,102,30,132,320
04/13/2012,GNV,FL,ASO,ES,Federal Contract Tower,0,26,32,28,86,0,0,73,16,89,0,26,105,44,175,37,44,81,256
04/14/2012,GNV,FL,ASO,ES,Federal Contract Tower,0,28,29,37,94,0,0,57,11,68,0,28,86,48,162,20,22,42,204
04/15/2012,GNV,FL,ASO,ES,Federal Contract Tower,0,25,25,16,66,0,0,59,11,70,0,25,84,27,136,14,18,32,168
04/16/2012,GNV,FL,ASO,ES,Federal Contract Tower,0,44,26,12,82,0,0,120,0,120,0,44,146,12,202,36,0,36,238
04/17/2012,GNV,FL,ASO,ES,Federal Contract Tower,0,34,26,6,66,0,0,138,3,141,0,34,164,9,207,28,0,28,235
04/18/2012,GNV,FL,ASO,ES,Federal Contract Tower,0,41,30,6,77,0,0,110,2,112,0,41,140,8,189,122,0,122,311
04/19/2012,GNV,FL,ASO,ES,Federal Contract Tower,0,30,42,30,102,0,0,42,0,42,0,30,84,30,144,24,0,24,168
04/20/2012,GNV,FL,ASO,ES,Federal Contract Tower,0,36,23,12,71,0,0,48,5,53,0,36,71,17,124,16,0,16,140
04/21/2012,GNV,FL,ASO,ES,Federal Contract Tower,0,22,13,1,36,0,0,12,0,12,0,22,25,1,48,24,0,24,72
04/22/2012,GNV,FL,ASO,ES,Federal Contract Tower,0,29,27,9,65,0,0,16,5,21,0,29,43,14,86,14,0,14,100
04/23/2012,GNV,FL,ASO,ES,Federal Contract Tower,0,34,32,28,94,0,0,66,0,66,0,34,98,28,160,50,0,50,210
04/24/2012,GNV,FL,ASO,ES,Federal Contract Tower,0,33,34,4,71,0,0,89,0,89,0,33,123,4,160,70,0,70,230
04/25/2012,GNV,FL,ASO,ES,Federal Contract Tower,0,37,60,14,111,0,0,139,9,148,0,37,199,23,259,100,0,100,359
04/26/2012,GNV,FL,ASO,ES,Federal Contract Tower,0,32,38,30,100,0,0,114,6,120,0,32,152,36,220,106,30,136,356
04/27/2012,GNV,FL,ASO,ES,Federal Contract Tower,0,32,45,33,110,0,0,113,8,121,0,32,158,41,231,30,40,70,301
04/28/2012,GNV,FL,ASO,ES,Federal Contract Tower,0,26,19,6,51,0,0,197,3,200,0,26,216,9,251,34,0,34,285
04/29/2012,GNV,FL,ASO,ES,Federal Contract Tower,0,38,42,23,103,0,0,100,13,113,0,38,142,36,216,50,2,52,268
04/30/2012,GNV,FL,ASO,ES,Federal Contract Tower,0,35,52,0,87,0,0,59,0,59,0,35,111,0,146,24,0,24,170
05/01/2012,GNV,FL,ASO,ES,Federal Contract Tower,0,35,29,11,75,0,0,63,9,72,0,35,92,20,147,62,0,62,209
05/02/2012,GNV,FL,ASO,ES,Federal Contract Tower,2,35,38,7,82,0,0,89,1,90,2,35,127,8,172,107,8,115,287
05/03/2012,GNV,FL,ASO,ES,Federal Contract Tower,0,31,33,19,83,0,0,77,10,87,0,31,110,29,170,110,0,110,280
05/04/2012,GNV,FL,ASO,ES,Federal Contract Tower,0,35,25,28,88,0,0,131,2,133,0,35,156,30,221,88,0,88,309
05/05/2012,GNV,FL,ASO,ES,Federal Contract Tower,0,27,17,0,44,0,0,128,0,128,0,27,145,0,172,67,0,67,239
05/06/2012,GNV,FL,ASO,ES,Federal Contract Tower,0,25,28,19,72,0,2,75,0,77,0,27,103,19,149,46,0,46,195
05/07/2012,GNV,FL,ASO,ES,Federal Contract Tower,0,29,25,0,54,0,0,25,0,25,0,29,50,0,79,12,0,12,91
05/08/2012,GNV,FL,ASO,ES,Federal Contract Tower,0,32,35,16,83,0,0,33,0,33,0,32,68,16,116,34,50,84,200
05/09/2012,GNV,FL,ASO,ES,Federal Contract Tower,0,39,29,2,70,0,0,71,0,71,0,39,100,2,141,24,0,24,165
05/10/2012,GNV,FL,ASO,ES,Federal Contract Tower,0,31,60,23,114,0,0,106,10,116,0,31,166,33,230,42,38,80,310
05/11/2012,GNV,FL,ASO,ES,Federal Contract Tower,0,29,42,5,76,0,0,96,2,98,0,29,138,7,174,86,0,86,260
05/12/2012,GNV,FL,ASO,ES,Federal Contract Tower,0,27,17,5,49,0,0,105,2,107,0,27,122,7,156,18,8,26,182
05/13/2012,GNV,FL,ASO,ES,Federal Contract Tower,0,32,24,8,64,0,0,43,0,43,0,32,67,8,107,4,0,4,111
05/14/2012,GNV,FL,ASO,ES,Federal Contract Tower,0,34,22,10,66,0,0,71,0,71,0,34,93,10,137,59,40,99,236
05/15/2012,GNV,FL,ASO,ES,Federal Contract Tower,0,33,29,18,80,0,1,59,1,61,0,34,88,19,141,56,8,64,205
05/16/2012,GNV,FL,ASO,ES,Federal Contract Tower,0,42,46,0,88,0,0,12,0,12,0,42,58,0,100,2,0,2,102
05/17/2012,GNV,FL,ASO,ES,Federal Contract Tower,0,30,42,7,79,0,0,34,5,39,0,30,76,12,118,10,6,16,134
05/18/2012,GNV,FL,ASO,ES,Federal Contract Tower,0,38,52,27,117,0,0,57,1,58,0,38,109,28,175,22,0,22,197
05/19/2012,GNV,FL,ASO,ES,Federal Contract Tower,0,32,33,12,77,0,0,97,5,102,0,32,130,17,179,40,8,48,227
05/20/2012,GNV,FL,ASO,ES,Federal Contract Tower,2,30,26,11,69,0,0,69,2,71,2,30,95,13,140,4,6,10,150
05/21/2012,GNV,FL,ASO,ES,Federal Contract Tower,0,35,33,13,81,0,0,102,0,102,0,35,135,13,183,56,0,56,239
05/22/2012,GNV,FL,ASO,ES,Federal Contract Tower,2,31,34,8,75,0,0,98,0,98,2,31,132,8,173,34,6,40,213
05/23/2012,GNV,FL,ASO,ES,Federal Contract Tower,0,37,42,9,88,0,0,80,2,82,0,37,122,11,170,60,12,72,242
05/24/2012,GNV,FL,ASO,ES,Federal Contract Tower,0,33,43,0,76,0,0,89,3,92,0,33,132,3,168,40,0,40,208
05/25/2012,GNV,FL,ASO,ES,Federal Contract Tower,0,28,38,0,66,0,0,100,0,100,0,28,138,0,166,32,0,32,198
05/26/2012,GNV,FL,ASO,ES,Federal Contract Tower,0,25,28,0,53,0,0,46,0,46,0,25,74,0,99,4,0,4,103
05/27/2012,GNV,FL,ASO,ES,Federal Contract Tower,0,32,10,0,42,0,0,20,0,20,0,32,30,0,62,16,0,16,78
05/28/2012,GNV,FL,ASO,ES,Federal Contract Tower,0,30,8,0,38,0,0,0,0,0,0,30,8,0,38,0,0,0,38
05/29/2012,GNV,FL,ASO,ES,Federal Contract Tower,2,30,14,0,46,0,0,1,0,1,2,30,15,0,47,0,0,0,47
05/30/2012,GNV,FL,ASO,ES,Federal Contract Tower,0,37,35,18,90,0,0,53,0,53,0,37,88,18,143,32,0,32,175
05/31/2012,GNV,FL,ASO,ES,Federal Contract Tower,0,37,35,12,84,0,0,53,1,54,0,37,88,13,138,76,6,82,220
06/01/2012,GNV,FL,ASO,ES,Federal Contract Tower,0,32,40,0,72,0,0,25,0,25,0,32,65,0,97,36,0,36,133
06/02/2012,GNV,FL,ASO,ES,Federal Contract Tower,0,30,13,0,43,0,0,102,0,102,0,30,115,0,145,14,0,14,159
06/03/2012,GNV,FL,ASO,ES,Federal Contract Tower,0,30,27,2,59,0,0,87,0,87,0,30,114,2,146,64,0,64,210
06/04/2012,GNV,FL,ASO,ES,Federal Contract Tower,0,39,28,14,81,0,0,110,2,112,0,39,138,16,193,68,4,72,265
06/05/2012,GNV,FL,ASO,ES,Federal Contract Tower,0,28,28,11,67,0,0,35,2,37,0,28,63,13,104,18,6,24,128
06/06/2012,GNV,FL,ASO,ES,Federal Contract Tower,0,31,37,12,80,0,0,22,0,22,0,31,59,12,102,12,18,30,132
06/07/2012,GNV,FL,ASO,ES,Federal Contract Tower,0,34,38,7,79,0,0,34,8,42,0,34,72,15,121,8,30,38,159
06/08/2012,GNV,FL,ASO,ES,Federal Contract Tower,0,33,25,15,73,0,0,8,6,14,0,33,33,21,87,0,4,4,91
06/09/2012,GNV,FL,ASO,ES,Federal Contract Tower,0,22,30,2,54,0,0,23,4,27,0,22,53,6,81,10,0,10,91
06/10/2012,GNV,FL,ASO,ES,Federal Contract Tower,0,30,23,5,58,0,0,81,1,82,0,30,104,6,140,66,0,66,206
06/11/2012,GNV,FL,ASO,ES,Federal Contract Tower,0,34,25,0,59,0,0,82,0,82,0,34,107,0,141,54,0,54,195
06/12/2012,GNV,FL,ASO,ES,Federal Contract Tower,0,36,36,10,82,0,0,85,2,87,0,36,121,12,169,78,8,86,255
06/13/2012,GNV,FL,ASO,ES,Federal Contract Tower,2,31,45,8,86,0,0,100,0,100,2,31,145,8,186,68,2,70,256
06/14/2012,GNV,FL,ASO,ES,Federal Contract Tower,0,24,46,2,72,0,0,56,0,56,0,24,102,2,128,54,0,54,182
06/15/2012,GNV,FL,ASO,ES,Federal Contract Tower,0,29,45,7,81,0,0,59,4,63,0,29,104,11,144,42,6,48,192
06/16/2012,GNV,FL,ASO,ES,Federal Contract Tower,0,31,25,0,56,0,0,73,0,73,0,31,98,0,129,40,0,40,169
06/17/2012,GNV,FL,ASO,ES,Federal Contract Tower,0,30,28,10,68,0,0,86,3,89,0,30,114,13,157,80,0,80,237
06/18/2012,GNV,FL,ASO,ES,Federal Contract Tower,0,31,41,4,76,0,0,115,0,115,0,31,156,4,191,38,0,38,229
06/19/2012,GNV,FL,ASO,ES,Federal Contract Tower,2,36,50,2,90,0,0,59,0,59,2,36,109,2,149,54,0,54,203
06/20/2012,GNV,FL,ASO,ES,Federal Contract Tower,0,27,42,11,80,0,0,54,0,54,0,27,96,11,134,36,0,36,170
06/21/2012,GNV,FL,ASO,ES,Federal Contract Tower,0,34,34,3,71,0,0,36,2,38,0,34,70,5,109,18,0,18,127
06/22/2012,GNV,FL,ASO,ES,Federal Contract Tower,0,36,41,6,83,0,0,28,12,40,0,36,69,18,123,24,0,24,147
06/23/2012,GNV,FL,ASO,ES,Federal Contract Tower,0,29,14,2,45,0,0,43,2,45,0,29,57,4,90,22,12,34,124
06/24/2012,GNV,FL,ASO,ES,Federal Contract Tower,0,34,9,0,43,0,0,0,0,0,0,34,9,0,43,0,0,0,43
06/25/2012,GNV,FL,ASO,ES,Federal Contract Tower,0,36,13,0,49,0,0,3,0,3,0,36,16,0,52,24,0,24,76
06/26/2012,GNV,FL,ASO,ES,Federal Contract Tower,0,30,16,2,48,0,0,0,0,0,0,30,16,2,48,0,0,0,48
06/27/2012,GNV,FL,ASO,ES,Federal Contract Tower,0,32,24,6,62,0,1,39,2,42,0,33,63,8,104,10,16,26,130
06/28/2012,GNV,FL,ASO,ES,Federal Contract Tower,0,32,31,32,95,0,0,140,4,144,0,32,171,36,239,84,26,110,349
06/29/2012,GNV,FL,ASO,ES,Federal Contract Tower,0,33,25,43,101,0,0,103,7,110,0,33,128,50,211,30,6,36,247
06/30/2012,GNV,FL,ASO,ES,Federal Contract Tower,0,28,30,2,60,0,0,108,4,112,0,28,138,6,172,16,6,22,194
07/01/2012,GNV,FL,ASO,ES,Federal Contract Tower,0,31,23,15,69,0,0,79,5,84,0,31,102,20,153,82,2,84,237
07/02/2012,GNV,FL,ASO,ES,Federal Contract Tower,0,29,20,4,53,0,0,51,2,53,0,29,71,6,106,26,8,34,140
07/03/2012,GNV,FL,ASO,ES,Federal Contract Tower,0,26,26,6,58,0,0,70,1,71,0,26,96,7,129,52,34,86,215
07/04/2012,GNV,FL,ASO,ES,Federal Contract Tower,0,21,20,0,41,0,0,44,0,44,0,21,64,0,85,30,0,30,115
07/05/2012,GNV,FL,ASO,ES,Federal Contract Tower,0,29,23,3,55,0,0,44,2,46,0,29,67,5,101,100,16,116,217
07/06/2012,GNV,FL,ASO,ES,Federal Contract Tower,0,32,23,1,56,0,0,68,1,69,0,32,91,2,125,22,16,38,163
07/07/2012,GNV,FL,ASO,ES,Federal Contract Tower,0,29,14,0,43,0,0,56,0,56,0,29,70,0,99,12,0,12,111
07/08/2012,GNV,FL,ASO,ES,Federal Contract Tower,0,27,24,1,52,0,0,73,1,74,0,27,97,2,126,28,0,28,154
07/09/2012,GNV,FL,ASO,ES,Federal Contract Tower,0,29,19,14,62,0,0,49,0,49,0,29,68,14,111,8,8,16,127
07/10/2012,GNV,FL,ASO,ES,Federal Contract Tower,0,37,20,12,69,0,0,57,1,58,0,37,77,13,127,48,20,68,195
07/11/2012,GNV,FL,ASO,ES,Federal Contract Tower,0,34,30,20,84,0,0,77,10,87,0,34,107,30,171,112,32,144,315
07/12/2012,GNV,FL,ASO,ES,Federal Contract Tower,0,28,39,4,71,0,0,71,4,75,0,28,110,8,146,56,8,64,210
07/13/2012,GNV,FL,ASO,ES,Federal Contract Tower,0,26,17,7,50,0,0,48,4,52,0,26,65,11,102,46,16,62,164
07/14/2012,GNV,FL,ASO,ES,Federal Contract Tower,0,29,10,9,48,0,0,62,0,62,0,29,72,9,110,22,8,30,140
07/15/2012,GNV,FL,ASO,ES,Federal Contract Tower,0,35,11,9,55,0,0,57,0,57,0,35,68,9,112,18,0,18,130
07/16/2012,GNV,FL,ASO,ES,Federal Contract Tower,0,33,26,6,65,0,0,40,4,44,0,33,66,10,109,24,30,54,163
07/17/2012,GNV,FL,ASO,ES,Federal Contract Tower,0,33,15,6,54,0,0,21,0,21,0,33,36,6,75,34,0,34,109
07/18/2012,GNV,FL,ASO,ES,Federal Contract Tower,0,31,38,0,69,0,0,38,0,38,0,31,76,0,107,26,0,26,133
07/19/2012,GNV,FL,ASO,ES,Federal Contract Tower,0,29,39,0,68,0,0,34,2,36,0,29,73,2,104,16,0,16,120
07/20/2012,GNV,FL,ASO,ES,Federal Contract Tower,0,37,47,7,91,0,0,50,5,55,0,37,97,12,146,32,16,48,194
07/21/2012,GNV,FL,ASO,ES,Federal Contract Tower,0,26,29,6,61,0,0,114,0,114,0,26,143,6,175,32,0,32,207
07/22/2012,GNV,FL,ASO,ES,Federal Contract Tower,0,30,33,7,70,0,0,56,4,60,0,30,89,11,130,24,8,32,162
07/23/2012,GNV,FL,ASO,ES,Federal Contract Tower,0,31,22,19,72,0,0,53,5,58,0,31,75,24,130,98,26,124,254
07/24/2012,GNV,FL,ASO,ES,Federal Contract Tower,2,32,25,12,71,0,0,90,2,92,2,32,115,14,163,74,0,74,237
07/25/2012,GNV,FL,ASO,ES,Federal Contract Tower,0,32,25,6,63,0,0,89,5,94,0,32,114,11,157,72,4,76,233
07/26/2012,GNV,FL,ASO,ES,Federal Contract Tower,0,26,24,8,58,0,0,101,7,108,0,26,125,15,166,70,18,88,254
07/27/2012,GNV,FL,ASO,ES,Federal Contract Tower,0,34,45,37,116,0,0,126,2,128,0,34,171,39,244,68,16,84,328
07/28/2012,GNV,FL,ASO,ES,Federal Contract Tower,0,29,16,6,51,0,0,72,3,75,0,29,88,9,126,40,18,58,184
07/29/2012,GNV,FL,ASO,ES,Federal Contract Tower,0,29,17,6,52,0,0,40,0,40,0,29,57,6,92,18,0,18,110
07/30/2012,GNV,FL,ASO,ES,Federal Contract Tower,0,37,28,19,84,0,0,38,5,43,0,37,66,24,127,4,4,8,135
07/31/2012,GNV,FL,ASO,ES,Federal Contract Tower,0,36,14,13,63,0,0,56,11,67,0,36,70,24,130,30,20,50,180
08/01/2012,GNV,FL,ASO,ES,Federal Contract Tower,0,35,28,16,79,0,0,64,1,65,0,35,92,17,144,78,22,100,244
08/02/2012,GNV,FL,ASO,ES,Federal Contract Tower,0,26,52,2,80,0,0,77,0,77,0,26,129,2,157,54,4,58,215
08/03/2012,GNV,FL,ASO,ES,Federal Contract Tower,0,34,33,7,74,0,0,60,4,64,0,34,93,11,138,48,0,48,186
08/04/2012,GNV,FL,ASO,ES,Federal Contract Tower,0,27,27,6,60,0,0,58,3,61,0,27,85,9,121,32,0,32,153
08/05/2012,GNV,FL,ASO,ES,Federal Contract Tower,0,30,17,4,51,0,0,18,0,18,0,30,35,4,69,6,0,6,75
08/06/2012,GNV,FL,ASO,ES,Federal Contract Tower,0,30,31,2,63,0,0,35,5,40,0,30,66,7,103,40,30,70,173
08/07/2012,GNV,FL,ASO,ES,Federal Contract Tower,0,33,22,0,55,0,0,40,3,43,0,33,62,3,98,38,10,48,146
08/08/2012,GNV,FL,ASO,ES,Federal Contract Tower,0,35,23,34,92,0,0,56,3,59,0,35,79,37,151,54,66,120,271
08/09/2012,GNV,FL,ASO,ES,Federal Contract Tower,0,27,23,3,53,0,0,64,2,66,0,27,87,5,119,26,14,40,159
08/10/2012,GNV,FL,ASO,ES,Federal Contract Tower,0,29,29,20,78,0,0,72,2,74,0,29,101,22,152,54,40,94,246
08/11/2012,GNV,FL,ASO,ES,Federal Contract Tower,0,33,20,2,55,0,0,82,0,82,0,33,102,2,137,36,10,46,183
08/12/2012,GNV,FL,ASO,ES,Federal Contract Tower,0,31,35,15,81,0,0,76,0,76,0,31,111,15,157,20,0,20,177
08/13/2012,GNV,FL,ASO,ES,Federal Contract Tower,0,32,27,2,61,0,0,96,4,100,0,32,123,6,161,62,18,80,241
08/14/2012,GNV,FL,ASO,ES,Federal Contract Tower,0,31,25,0,56,0,0,65,0,65,0,31,90,0,121,26,0,26,147
08/15/2012,GNV,FL,ASO,ES,Federal Contract Tower,0,37,35,24,96,0,0,64,5,69,0,37,99,29,165,22,18,40,205
08/16/2012,GNV,FL,ASO,ES,Federal Contract Tower,0,35,34,2,71,0,0,61,1,62,0,35,95,3,133,28,0,28,161
08/17/2012,GNV,FL,ASO,ES,Federal Contract Tower,0,27,31,1,59,0,0,46,0,46,0,27,77,1,105,32,0,32,137
08/18/2012,GNV,FL,ASO,ES,Federal Contract Tower,0,26,34,0,60,0,0,53,0,53,0,26,87,0,113,26,0,26,139
08/19/2012,GNV,FL,ASO,ES,Federal Contract Tower,0,31,20,3,54,0,0,29,0,29,0,31,49,3,83,0,0,0,83
08/20/2012,GNV,FL,ASO,ES,Federal Contract Tower,0,30,29,1,60,0,0,9,0,9,0,30,38,1,69,2,0,2,71
08/21/2012,GNV,FL,ASO,ES,Federal Contract Tower,0,32,22,0,54,0,0,2,2,4,0,32,24,2,58,0,0,0,58
08/22/2012,GNV,FL,ASO,ES,Federal Contract Tower,1,30,41,6,78,0,0,36,3,39,1,30,77,9,117,52,8,60,177
08/23/2012,GNV,FL,ASO,ES,Federal Contract Tower,1,30,7,0,38,0,0,29,2,31,1,30,36,2,69,20,0,20,89
08/24/2012,GNV,FL,ASO,ES,Federal Contract Tower,0,28,29,6,63,0,0,100,2,102,0,28,129,8,165,50,0,50,215
08/25/2012,GNV,FL,ASO,ES,Federal Contract Tower,0,33,24,5,62,0,0,57,1,58,0,33,81,6,120,40,0,40,160
08/26/2012,GNV,FL,ASO,ES,Federal Contract Tower,0,36,32,0,68,0,0,17,3,20,0,36,49,3,88,0,0,0,88
08/27/2012,GNV,FL,ASO,ES,Federal Contract Tower,0,32,7,0,39,0,0,4,0,4,0,32,11,0,43,0,0,0,43
08/28/2012,GNV,FL,ASO,ES,Federal Contract Tower,0,28,20,24,72,0,0,19,5,24,0,28,39,29,96,26,4,30,126
08/29/2012,GNV,FL,ASO,ES,Federal Contract Tower,0,32,39,18,89,0,0,16,6,22,0,32,55,24,111,0,30,30,141
08/30/2012,GNV,FL,ASO,ES,Federal Contract Tower,0,29,53,2,84,0,0,57,4,61,0,29,110,6,145,40,14,54,199
08/31/2012,GNV,FL,ASO,ES,Federal Contract Tower,3,35,56,2,96,0,0,71,2,73,3,35,127,4,169,42,0,42,211
09/01/2012,GNV,FL,ASO,ES,Federal Contract Tower,0,24,39,2,65,0,0,65,2,67,0,24,104,4,132,6,0,6,138
09/02/2012,GNV,FL,ASO,ES,Federal Contract Tower,0,26,32,1,59,0,0,41,0,41,0,26,73,1,100,30,0,30,130
09/03/2012,GNV,FL,ASO,ES,Federal Contract Tower,0,28,25,0,53,0,0,62,0,62,0,28,87,0,115,32,0,32,147
09/04/2012,GNV,FL,ASO,ES,Federal Contract Tower,0,33,19,2,54,0,0,64,0,64,0,33,83,2,118,38,0,38,156
09/05/2012,GNV,FL,ASO,ES,Federal Contract Tower,0,32,23,18,73,0,0,28,0,28,0,32,51,18,101,74,6,80,181
09/06/2012,GNV,FL,ASO,ES,Federal Contract Tower,0,27,27,23,77,0,0,66,3,69,0,27,93,26,146,40,0,40,186
09/07/2012,GNV,FL,ASO,ES,Federal Contract Tower,2,30,38,15,85,0,0,55,2,57,2,30,93,17,142,8,76,84,226
09/08/2012,GNV,FL,ASO,ES,Federal Contract Tower,0,25,21,0,46,0,0,22,0,22,0,25,43,0,68,8,0,8,76
09/09/2012,GNV,FL,ASO,ES,Federal Contract Tower,0,34,16,0,50,0,0,7,0,7,0,34,23,0,57,0,0,0,57
09/10/2012,GNV,FL,ASO,ES,Federal Contract Tower,0,33,31,2,66,0,0,73,4,77,0,33,104,6,143,18,38,56,199
09/11/2012,GNV,FL,ASO,ES,Federal Contract Tower,0,29,34,5,68,0,0,80,3,83,0,29,114,8,151,22,24,46,197
09/12/2012,GNV,FL,ASO,ES,Federal Contract Tower,0,34,17,3,54,0,0,67,4,71,0,34,84,7,125,38,14,52,177
09/13/2012,GNV,FL,ASO,ES,Federal Contract Tower,0,28,42,9,79,0,0,68,5,73,0,28,110,14,152,16,54,70,222
09/14/2012,GNV,FL,ASO,ES,Federal Contract Tower,2,34,23,8,67,0,0,41,6,47,2,34,64,14,114,26,0,26,140
09/15/2012,GNV,FL,ASO,ES,Federal Contract Tower,0,27,19,9,55,0,0,67,3,70,0,27,86,12,125,8,8,16,141
09/16/2012,GNV,FL,ASO,ES,Federal Contract Tower,0,31,27,2,60,0,0,50,10,60,0,31,77,12,120,42,0,42,162
09/17/2012,GNV,FL,ASO,ES,Federal Contract Tower,0,27,16,2,45,0,0,76,0,76,0,27,92,2,121,32,0,32,153
09/18/2012,GNV,FL,ASO,ES,Federal Contract Tower,0,26,14,2,42,0,0,8,1,9,0,26,22,3,51,26,4,30,81
09/19/2012,GNV,FL,ASO,ES,Federal Contract Tower,0,32,33,10,75,0,0,56,0,56,0,32,89,10,131,10,0,10,141
09/20/2012,GNV,FL,ASO,ES,Federal Contract Tower,0,33,43,2,78,0,0,52,2,54,0,33,95,4,132,20,20,40,172
09/21/2012,GNV,FL,ASO,ES,Federal Contract Tower,0,28,45,30,103,0,0,43,2,45,0,28,88,32,148,34,30,64,212
09/22/2012,GNV,FL,ASO,ES,Federal Contract Tower,2,28,49,0,79,0,0,104,0,104,2,28,153,0,183,60,0,60,243
09/23/2012,GNV,FL,ASO,ES,Federal Contract Tower,7,21,46,28,102,0,0,99,3,102,7,21,145,31,204,10,0,10,214
09/24/2012,GNV,FL,ASO,ES,Federal Contract Tower,0,39,30,4,73,0,0,120,0,120,0,39,150,4,193,38,46,84,277
09/25/2012,GNV,FL,ASO,ES,Federal Contract Tower,0,28,29,12,69,0,0,51,1,52,0,28,80,13,121,55,0,55,176
09/26/2012,GNV,FL,ASO,ES,Federal Contract Tower,0,38,24,8,70,0,0,74,7,81,0,38,98,15,151,56,16,72,223
09/27/2012,GNV,FL,ASO,ES,Federal Contract Tower,0,30,48,8,86,0,0,46,7,53,0,30,94,15,139,40,0,40,179
09/28/2012,GNV,FL,ASO,ES,Federal Contract Tower,0,29,35,4,68,0,2,97,0,99,0,31,132,4,167,52,0,52,219
09/29/2012,GNV,FL,ASO,ES,Federal Contract Tower,0,23,29,0,52,0,0,73,0,73,0,23,102,0,125,34,0,34,159
09/30/2012,GNV,FL,ASO,ES,Federal Contract Tower,0,37,30,2,69,0,0,60,1,61,0,37,90,3,130,60,0,60,190
10/01/2012,GNV,FL,ASO,ES,Federal Contract Tower,0,29,20,2,51,0,0,35,0,35,0,29,55,2,86,22,12,34,120
10/02/2012,GNV,FL,ASO,ES,Federal Contract Tower,0,33,20,9,62,0,0,14,1,15,0,33,34,10,77,0,0,0,77
10/03/2012,GNV,FL,ASO,ES,Federal Contract Tower,2,33,28,0,63,0,0,8,0,8,2,33,36,0,71,0,0,0,71
10/04/2012,GNV,FL,ASO,ES,Federal Contract Tower,0,31,40,0,71,0,0,46,1,47,0,31,86,1,118,12,0,12,130
10/05/2012,GNV,FL,ASO,ES,Federal Contract Tower,2,44,59,16,121,0,0,26,1,27,2,44,85,17,148,14,0,14,162
10/06/2012,GNV,FL,ASO,ES,Federal Contract Tower,6,28,124,0,158,0,0,41,1,42,6,28,165,1,200,0,0,0,200
10/07/2012,GNV,FL,ASO,ES,Federal Contract Tower,0,33,60,5,98,0,0,118,3,121,0,33,178,8,219,24,4,28,247
10/08/2012,GNV,FL,ASO,ES,Federal Contract Tower,0,33,26,0,59,0,0,60,0,60,0,33,86,0,119,18,0,18,137
10/09/2012,GNV,FL,ASO,ES,Federal Contract Tower,0,39,47,0,86,0,0,7,1,8,0,39,54,1,94,0,0,0,94
10/10/2012,GNV,FL,ASO,ES,Federal Contract Tower,0,37,51,0,88,0,0,91,2,93,0,37,142,2,181,62,6,68,249
10/11/2012,GNV,FL,ASO,ES,Federal Contract Tower,0,35,33,11,79,0,0,115,6,121,0,35,148,17,200,50,76,126,326
10/12/2012,GNV,FL,ASO,ES,Federal Contract Tower,2,31,41,10,84,0,0,74,9,83,2,31,115,19,167,12,12,24,191
10/13/2012,GNV,FL,ASO,ES,Federal Contract Tower,2,27,50,3,82,0,0,85,1,86,2,27,135,4,168,25,1,26,194
10/14/2012,GNV,FL,ASO,ES,Federal Contract Tower,0,38,27,19,84,0,0,65,0,65,0,38,92,19,149,20,4,24,173
10/15/2012,GNV,FL,ASO,ES,Federal Contract Tower,0,33,14,11,58,0,0,62,1,63,0,33,76,12,121,22,12,34,155
10/16/2012,GNV,FL,ASO,ES,Federal Contract Tower,0,28,24,10,62,0,0,87,0,87,0,28,111,10,149,74,0,74,223
10/17/2012,GNV,FL,ASO,ES,Federal Contract Tower,0,32,33,16,81,0,0,63,11,74,0,32,96,27,155,32,76,108,263
10/18/2012,GNV,FL,ASO,ES,Federal Contract Tower,0,39,48,9,96,0,0,75,0,75,0,39,123,9,171,30,0,30,201
10/19/2012,GNV,FL,ASO,ES,Federal Contract Tower,0,41,70,1,112,0,0,58,0,58,0,41,128,1,170,97,19,116,286
10/20/2012,GNV,FL,ASO,ES,Federal Contract Tower,2,35,69,2,108,0,0,151,0,151,2,35,220,2,259,14,0,14,273
10/21/2012,GNV,FL,ASO,ES,Federal Contract Tower,0,37,51,0,88,0,0,118,3,121,0,37,169,3,209,58,0,58,267
10/22/2012,GNV,FL,ASO,ES,Federal Contract Tower,0,36,25,17,78,0,0,60,2,62,0,36,85,19,140,34,34,68,208
10/23/2012,GNV,FL,ASO,ES,Federal Contract Tower,0,36,17,17,70,0,0,77,9,86,0,36,94,26,156,40,4,44,200
10/24/2012,GNV,FL,ASO,ES,Federal Contract Tower,0,35,25,9,69,0,0,78,4,82,0,35,103,13,151,50,10,60,211
10/25/2012,GNV,FL,ASO,ES,Federal Contract Tower,0,38,39,0,77,0,0,42,0,42,0,38,81,0,119,4,0,4,123
10/26/2012,GNV,FL,ASO,ES,Federal Contract Tower,0,31,25,6,62,0,0,9,1,10,0,31,34,7,72,0,14,14,86
10/27/2012,GNV,FL,ASO,ES,Federal Contract Tower,0,24,20,0,44,0,0,13,0,13,0,24,33,0,57,0,0,0,57
10/28/2012,GNV,FL,ASO,ES,Federal Contract Tower,0,33,34,11,78,0,0,52,6,58,0,33,86,17,136,62,0,62,198
10/29/2012,GNV,FL,ASO,ES,Federal Contract Tower,0,27,23,29,79,0,0,39,4,43,0,27,62,33,122,12,18,30,152
10/30/2012,GNV,FL,ASO,ES,Federal Contract Tower,0,31,33,9,73,0,0,57,4,61,0,31,90,13,134,12,8,20,154
10/31/2012,GNV,FL,ASO,ES,Federal Contract Tower,0,34,23,9,66,0,0,72,8,80,0,34,95,17,146,50,12,62,208
11/01/2012,GNV,FL,ASO,ES,Federal Contract Tower,0,34,45,16,95,0,0,89,2,91,0,34,134,18,186,28,30,58,244
11/02/2012,GNV,FL,ASO,ES,Federal Contract Tower,4,44,45,26,119,0,0,130,6,136,4,44,175,32,255,52,10,62,317
11/03/2012,GNV,FL,ASO,ES,Federal Contract Tower,1,26,67,14,108,0,0,113,0,113,1,26,180,14,221,32,0,32,253
11/04/2012,GNV,FL,ASO,ES,Federal Contract Tower,2,31,44,34,111,0,0,89,16,105,2,31,133,50,216,116,32,148,364
11/05/2012,GNV,FL,ASO,ES,Federal Contract Tower,2,30,21,6,59,0,0,91,2,93,2,30,112,8,152,20,0,20,172
11/06/2012,GNV,FL,ASO,ES,Federal Contract Tower,2,34,20,6,62,0,0,53,2,55,2,34,73,8,117,54,4,58,175
11/07/2012,GNV,FL,ASO,ES,Federal Contract Tower,0,37,23,8,68,0,0,55,1,56,0,37,78,9,124,14,6,20,144
11/08/2012,GNV,FL,ASO,ES,Federal Contract Tower,2,27,27,6,62,0,0,96,0,96,2,27,123,6,158,74,6,80,238
11/09/2012,GNV,FL,ASO,ES,Federal Contract Tower,1,27,31,19,78,0,0,86,2,88,1,27,117,21,166,42,2,44,210
11/10/2012,GNV,FL,ASO,ES,Federal Contract Tower,1,25,24,0,50,0,0,120,0,120,1,25,144,0,170,48,0,48,218
11/11/2012,GNV,FL,ASO,ES,Federal Contract Tower,1,30,40,21,92,0,0,63,5,68,1,30,103,26,160,42,16,58,218
11/12/2012,GNV,FL,ASO,ES,Federal Contract Tower,2,32,34,0,68,0,0,38,0,38,2,32,72,0,106,16,0,16,122
11/13/2012,GNV,FL,ASO,ES,Federal Contract Tower,3,26,24,9,62,0,0,46,0,46,3,26,70,9,108,10,14,24,132
11/14/2012,GNV,FL,ASO,ES,Federal Contract Tower,1,36,48,9,94,0,0,2,0,2,1,36,50,9,96,0,0,0,96
11/15/2012,GNV,FL,ASO,ES,Federal Contract Tower,0,26,32,0,58,0,0,0,0,0,0,26,32,0,58,0,0,0,58
11/16/2012,GNV,FL,ASO,ES,Federal Contract Tower,2,28,34,6,70,0,0,5,4,9,2,28,39,10,79,12,2,14,93
11/17/2012,GNV,FL,ASO,ES,Federal Contract Tower,1,24,46,8,79,0,0,22,2,24,1,24,68,10,103,44,0,44,147
11/18/2012,GNV,FL,ASO,ES,Federal Contract Tower,0,40,39,3,82,0,0,54,6,60,0,40,93,9,142,4,0,4,146
11/19/2012,GNV,FL,ASO,ES,Federal Contract Tower,0,34,28,14,76,0,0,20,2,22,0,34,48,16,98,28,0,28,126
11/20/2012,GNV,FL,ASO,ES,Federal Contract Tower,0,31,33,7,71,0,0,75,3,78,0,31,108,10,149,32,22,54,203
11/21/2012,GNV,FL,ASO,ES,Federal Contract Tower,2,32,49,0,83,0,0,106,0,106,2,32,155,0,189,0,66,66,255
11/22/2012,GNV,FL,ASO,ES,Federal Contract Tower,0,19,9,0,28,0,0,23,0,23,0,19,32,0,51,4,0,4,55
11/23/2012,GNV,FL,ASO,ES,Federal Contract Tower,0,24,29,0,53,0,0,66,0,66,0,24,95,0,119,22,0,22,141
11/24/2012,GNV,FL,ASO,ES,Federal Contract Tower,0,28,27,0,55,0,0,66,0,66,0,28,93,0,121,12,0,12,133
11/25/2012,GNV,FL,ASO,ES,Federal Contract Tower,0,32,40,0,72,0,0,90,0,90,0,32,130,0,162,40,0,40,202
11/26/2012,GNV,FL,ASO,ES,Federal Contract Tower,0,34,28,10,72,0,0,75,0,75,0,34,103,10,147,48,0,48,195
11/27/2012,GNV,FL,ASO,ES,Federal Contract Tower,0,35,27,0,62,0,0,46,2,48,0,35,73,2,110,36,0,36,146
11/28/2012,GNV,FL,ASO,ES,Federal Contract Tower,1,32,56,0,89,0,0,1,0,1,1,32,57,0,90,0,0,0,90
11/29/2012,GNV,FL,ASO,ES,Federal Contract Tower,0,31,34,8,73,0,0,67,2,69,0,31,101,10,142,52,0,52,194
11/30/2012,GNV,FL,ASO,ES,Federal Contract Tower,0,31,38,41,110,0,0,77,10,87,0,31,115,51,197,26,14,40,237
12/01/2012,GNV,FL,ASO,ES,Federal Contract Tower,0,26,17,22,65,0,0,77,3,80,0,26,94,25,145,34,28,62,207
12/02/2012,GNV,FL,ASO,ES,Federal Contract Tower,0,35,29,25,89,0,0,75,4,79,0,35,104,29,168,24,4,28,196
12/03/2012,GNV,FL,ASO,ES,Federal Contract Tower,0,32,18,5,55,0,0,66,1,67,0,32,84,6,122,28,4,32,154
12/04/2012,GNV,FL,ASO,ES,Federal Contract Tower,0,31,35,0,66,0,0,81,4,85,0,31,116,4,151,26,10,36,187
12/05/2012,GNV,FL,ASO,ES,Federal Contract Tower,0,43,34,16,93,0,0,75,4,79,0,43,109,20,172,52,38,90,262
12/06/2012,GNV,FL,ASO,ES,Federal Contract Tower,0,33,34,9,76,0,0,78,2,80,0,33,112,11,156,72,52,124,280
12/07/2012,GNV,FL,ASO,ES,Federal Contract Tower,0,32,38,46,116,0,0,14,5,19,0,32,52,51,135,0,0,0,135
12/08/2012,GNV,FL,ASO,ES,Federal Contract Tower,0,26,28,25,79,0,0,10,0,10,0,26,38,25,89,8,0,8,97
12/09/2012,GNV,FL,ASO,ES,Federal Contract Tower,0,35,64,48,147,0,0,15,0,15,0,35,79,48,162,14,0,14,176
12/10/2012,GNV,FL,ASO,ES,Federal Contract Tower,0,33,23,6,62,0,0,23,0,23,0,33,46,6,85,10,0,10,95
12/11/2012,GNV,FL,ASO,ES,Federal Contract Tower,0,29,44,16,89,0,0,4,5,9,0,29,48,21,98,0,0,0,98
12/12/2012,GNV,FL,ASO,ES,Federal Contract Tower,0,30,39,23,92,0,0,1,0,1,0,30,40,23,93,0,0,0,93
12/13/2012,GNV,FL,ASO,ES,Federal Contract Tower,0,28,65,9,102,0,0,0,0,0,0,28,65,9,102,0,0,0,102
12/14/2012,GNV,FL,ASO,ES,Federal Contract Tower,2,37,38,30,107,0,0,19,5,24,2,37,57,35,131,20,0,20,151
12/15/2012,GNV,FL,ASO,ES,Federal Contract Tower,0,27,37,14,78,0,0,97,9,106,0,27,134,23,184,60,36,96,280
12/16/2012,GNV,FL,ASO,ES,Federal Contract Tower,2,32,60,35,129,0,0,62,0,62,2,32,122,35,191,40,0,40,231
12/17/2012,GNV,FL,ASO,ES,Federal Contract Tower,0,27,50,14,91,0,0,57,2,59,0,27,107,16,150,30,4,34,184
12/18/2012,GNV,FL,ASO,ES,Federal Contract Tower,0,33,43,14,90,0,0,65,4,69,0,33,108,18,159,28,6,34,193
12/19/2012,GNV,FL,ASO,ES,Federal Contract Tower,0,34,31,21,86,0,0,135,0,135,0,34,166,21,221,38,4,42,263
12/20/2012,GNV,FL,ASO,ES,Federal Contract Tower,0,33,22,9,64,0,0,49,0,49,0,33,71,9,113,2,0,2,115
12/21/2012,GNV,FL,ASO,ES,Federal Contract Tower,0,31,25,0,56,0,0,38,0,38,0,31,63,0,94,32,0,32,126
12/22/2012,GNV,FL,ASO,ES,Federal Contract Tower,0,27,27,0,54,0,0,78,0,78,0,27,105,0,132,28,0,28,160
12/23/2012,GNV,FL,ASO,ES,Federal Contract Tower,0,22,34,6,62,0,0,74,0,74,0,22,108,6,136,48,0,48,184
12/24/2012,GNV,FL,ASO,ES,Federal Contract Tower,0,22,19,0,41,0,0,60,0,60,0,22,79,0,101,6,0,6,107
12/25/2012,GNV,FL,ASO,ES,Federal Contract Tower,0,22,9,0,31,0,0,14,0,14,0,22,23,0,45,18,0,18,63
12/26/2012,GNV,FL,ASO,ES,Federal Contract Tower,0,26,22,0,48,0,0,12,0,12,0,26,34,0,60,6,0,6,66
12/27/2012,GNV,FL,ASO,ES,Federal Contract Tower,4,25,46,8,83,0,2,79,0,81,4,27,125,8,164,52,8,60,224
12/28/2012,GNV,FL,ASO,ES,Federal Contract Tower,0,35,37,15,87,0,0,75,2,77,0,35,112,17,164,26,6,32,196
12/29/2012,GNV,FL,ASO,ES,Federal Contract Tower,0,22,31,0,53,0,0,34,0,34,0,22,65,0,87,6,0,6,93
12/30/2012,GNV,FL,ASO,ES,Federal Contract Tower,0,32,28,0,60,0,0,67,0,67,0,32,95,0,127,38,0,38,165
12/31/2012,GNV,FL,ASO,ES,Federal Contract Tower,1,27,19,0,47,0,0,59,0,59,1,27,78,0,106,16,0,16,122
01/01/2013,GNV,FL,ASO,ES,Federal Contract Tower,0,32,15,0,47,0,0,25,0,25,0,32,40,0,72,24,0,24,96
01/02/2013,GNV,FL,ASO,ES,Federal Contract Tower,0,36,33,4,73,0,0,18,0,18,0,36,51,4,91,0,2,2,93
01/03/2013,GNV,FL,ASO,ES,Federal Contract Tower,6,35,37,1,79,0,0,2,0,2,6,35,39,1,81,0,0,0,81
01/04/2013,GNV,FL,ASO,ES,Federal Contract Tower,0,30,40,26,96,0,0,13,0,13,0,30,53,26,109,4,8,12,121
01/05/2013,GNV,FL,ASO,ES,Federal Contract Tower,0,20,33,2,55,0,0,72,0,72,0,20,105,2,127,56,0,56,183
01/06/2013,GNV,FL,ASO,ES,Federal Contract Tower,0,30,30,2,62,0,0,5,0,5,0,30,35,2,67,0,0,0,67
01/07/2013,GNV,FL,ASO,ES,Federal Contract Tower,0,31,28,10,69,0,0,63,0,63,0,31,91,10,132,28,0,28,160
01/08/2013,GNV,FL,ASO,ES,Federal Contract Tower,0,42,39,6,87,0,0,49,2,51,0,42,88,8,138,38,0,38,176
01/09/2013,GNV,FL,ASO,ES,Federal Contract Tower,0,30,54,8,92,0,0,0,0,0,0,30,54,8,92,6,0,6,98
01/10/2013,GNV,FL,ASO,ES,Federal Contract Tower,0,31,33,2,66,0,0,43,4,47,0,31,76,6,113,40,28,68,181
01/11/2013,GNV,FL,ASO,ES,Federal Contract Tower,0,34,37,55,126,0,0,99,19,118,0,34,136,74,244,24,18,42,286
01/12/2013,GNV,FL,ASO,ES,Federal Contract Tower,0,25,20,6,51,0,0,97,6,103,0,25,117,12,154,38,0,38,192
01/13/2013,GNV,FL,ASO,ES,Federal Contract Tower,0,29,40,89,158,0,0,91,20,111,0,29,131,109,269,28,0,28,297
01/14/2013,GNV,FL,ASO,ES,Federal Contract Tower,0,30,49,15,94,0,0,97,0,97,0,30,146,15,191,88,0,88,279
01/15/2013,GNV,FL,ASO,ES,Federal Contract Tower,0,34,45,13,92,0,0,63,3,66,0,34,108,16,158,50,4,54,212
01/16/2013,GNV,FL,ASO,ES,Federal Contract Tower,0,37,33,29,99,0,0,123,12,135,0,37,156,41,234,82,26,108,342
01/17/2013,GNV,FL,ASO,ES,Federal Contract Tower,2,38,63,23,126,0,0,8,0,8,2,38,71,23,134,10,0,10,144
01/18/2013,GNV,FL,ASO,ES,Federal Contract Tower,2,35,45,27,109,0,0,19,19,38,2,35,64,46,147,6,0,6,153
01/19/2013,GNV,FL,ASO,ES,Federal Contract Tower,0,26,26,12,64,0,0,81,0,81,0,26,107,12,145,40,0,40,185
01/20/2013,GNV,FL,ASO,ES,Federal Contract Tower,0,29,31,11,71,0,0,68,8,76,0,29,99,19,147,34,0,34,181
01/21/2013,GNV,FL,ASO,ES,Federal Contract Tower,0,31,22,2,55,0,0,84,0,84,0,31,106,2,139,48,0,48,187
01/22/2013,GNV,FL,ASO,ES,Federal Contract Tower,0,33,20,10,63,0,0,89,3,92,0,33,109,13,155,56,12,68,223
01/23/2013,GNV,FL,ASO,ES,Federal Contract Tower,0,41,41,6,88,0,0,140,0,140,0,41,181,6,228,170,0,170,398
01/24/2013,GNV,FL,ASO,ES,Federal Contract Tower,0,32,35,5,72,0,0,85,1,86,0,32,120,6,158,84,20,104,262
01/25/2013,GNV,FL,ASO,ES,Federal Contract Tower,0,28,24,53,105,0,0,75,21,96,0,28,99,74,201,29,44,73,274
01/26/2013,GNV,FL,ASO,ES,Federal Contract Tower,0,24,34,20,78,0,0,91,22,113,0,24,125,42,191,66,28,94,285
01/27/2013,GNV,FL,ASO,ES,Federal Contract Tower,0,33,32,14,79,0,0,55,23,78,0,33,87,37,157,30,10,40,197
01/28/2013,GNV,FL,ASO,ES,Federal Contract Tower,0,30,42,23,95,0,0,68,0,68,0,30,110,23,163,44,28,72,235
01/29/2013,GNV,FL,ASO,ES,Federal Contract Tower,0,28,40,14,82,0,0,45,5,50,0,28,85,19,132,66,8,74,206
01/30/2013,GNV,FL,ASO,ES,Federal Contract Tower,0,27,30,14,71,0,0,49,10,59,0,27,79,24,130,40,16,56,186
01/31/2013,GNV,FL,ASO,ES,Federal Contract Tower,30,62,24,0,116,0,57,4,0,61,30,119,28,0,177,46,0,46,223
02/01/2013,GNV,FL,ASO,ES,Federal Contract Tower,0,35,23,42,100,0,0,96,6,102,0,35,119,48,202,84,0,84,286
02/02/2013,GNV,FL,ASO,ES,Federal Contract Tower,0,38,38,18,94,0,0,120,0,120,0,38,158,18,214,18,0,18,232
02/03/2013,GNV,FL,ASO,ES,Federal Contract Tower,0,37,32,4,73,0,0,83,8,91,0,37,115,12,164,67,0,67,231
02/04/2013,GNV,FL,ASO,ES,Federal Contract Tower,0,33,23,30,86,0,0,112,0,112,0,33,135,30,198,62,56,118,316
02/05/2013,GNV,FL,ASO,ES,Federal Contract Tower,0,24,34,12,70,0,0,104,6,110,0,24,138,18,180,56,0,56,236
02/06/2013,GNV,FL,ASO,ES,Federal Contract Tower,0,33,43,0,76,0,0,60,4,64,0,33,103,4,140,58,10,68,208
02/07/2013,GNV,FL,ASO,ES,Federal Contract Tower,0,35,25,0,60,0,0,9,1,10,0,35,34,1,70,0,0,0,70
02/08/2013,GNV,FL,ASO,ES,Federal Contract Tower,0,30,38,46,114,0,0,49,8,57,0,30,87,54,171,36,0,36,207
02/09/2013,GNV,FL,ASO,ES,Federal Contract Tower,0,32,21,0,53,0,0,86,1,87,0,32,107,1,140,20,0,20,160
02/10/2013,GNV,FL,ASO,ES,Federal Contract Tower,0,30,36,7,73,0,0,69,2,71,0,30,105,9,144,20,0,20,164
02/11/2013,GNV,FL,ASO,ES,Federal Contract Tower,0,33,21,4,58,0,0,79,0,79,0,33,100,4,137,22,0,22,159
02/12/2013,GNV,FL,ASO,ES,Federal Contract Tower,2,32,34,19,87,0,0,18,4,22,2,32,52,23,109,18,6,24,133
02/13/2013,GNV,FL,ASO,ES,Federal Contract Tower,0,33,31,8,72,0,0,6,0,6,0,33,37,8,78,8,0,8,86
02/14/2013,GNV,FL,ASO,ES,Federal Contract Tower,0,30,47,2,79,0,0,15,2,17,0,30,62,4,96,28,0,28,124
02/15/2013,GNV,FL,ASO,ES,Federal Contract Tower,0,30,45,52,127,0,0,125,2,127,0,30,170,54,254,76,10,86,340
02/16/2013,GNV,FL,ASO,ES,Federal Contract Tower,0,25,23,1,49,0,0,58,0,58,0,25,81,1,107,12,0,12,119
02/17/2013,GNV,FL,ASO,ES,Federal Contract Tower,0,31,23,16,70,0,0,61,4,65,0,31,84,20,135,24,0,24,159
02/18/2013,GNV,FL,ASO,ES,Federal Contract Tower,0,40,26,18,84,0,0,112,2,114,0,40,138,20,198,80,4,84,282
02/19/2013,GNV,FL,ASO,ES,Federal Contract Tower,0,38,25,6,69,0,0,71,4,75,0,38,96,10,144,6,0,6,150
02/20/2013,GNV,FL,ASO,ES,Federal Contract Tower,0,31,54,7,92,0,0,110,2,112,0,31,164,9,204,48,8,56,260
02/21/2013,GNV,FL,ASO,ES,Federal Contract Tower,0,33,47,22,102,0,0,111,9,120,0,33,158,31,222,56,60,116,338
02/22/2013,GNV,FL,ASO,ES,Federal Contract Tower,0,31,37,6,74,0,0,74,6,80,0,31,111,12,154,66,20,86,240
02/23/2013,GNV,FL,ASO,ES,Federal Contract Tower,0,30,29,5,64,0,0,23,2,25,0,30,52,7,89,20,0,20,109
02/24/2013,GNV,FL,ASO,ES,Federal Contract Tower,0,38,24,5,67,0,0,16,0,16,0,38,40,5,83,34,0,34,117
02/25/2013,GNV,FL,ASO,ES,Federal Contract Tower,0,35,12,2,49,0,0,3,0,3,0,35,15,2,52,0,0,0,52
02/26/2013,GNV,FL,ASO,ES,Federal Contract Tower,0,32,28,0,60,0,0,43,2,45,0,32,71,2,105,0,2,2,107
02/27/2013,GNV,FL,ASO,ES,Federal Contract Tower,0,35,28,12,75,0,0,132,13,145,0,35,160,25,220,150,63,213,433
02/28/2013,GNV,FL,ASO,ES,Federal Contract Tower,0,29,38,16,83,0,0,104,8,112,0,29,142,24,195,92,10,102,297
03/01/2013,GNV,FL,ASO,ES,Federal Contract Tower,0,33,29,28,90,0,0,100,3,103,0,33,129,31,193,72,42,114,307
03/02/2013,GNV,FL,ASO,ES,Federal Contract Tower,0,27,32,4,63,0,0,46,10,56,0,27,78,14,119,12,16,28,147
03/03/2013,GNV,FL,ASO,ES,Federal Contract Tower,0,30,19,33,82,0,0,48,3,51,0,30,67,36,133,22,0,22,155
03/04/2013,GNV,FL,ASO,ES,Federal Contract Tower,1,37,16,9,63,0,0,101,6,107,1,37,117,15,170,76,6,82,252
03/05/2013,GNV,FL,ASO,ES,Federal Contract Tower,0,40,20,22,82,0,0,82,4,86,0,40,102,26,168,12,6,18,186
03/06/2013,GNV,FL,ASO,ES,Federal Contract Tower,1,31,30,22,84,0,0,63,11,74,1,31,93,33,158,14,50,64,222
03/07/2013,GNV,FL,ASO,ES,Federal Contract Tower,1,24,21,17,63,0,0,101,16,117,1,24,122,33,180,94,27,121,301
03/08/2013,GNV,FL,ASO,ES,Federal Contract Tower,1,34,39,17,91,0,0,107,8,115,1,34,146,25,206,40,20,60,266
03/09/2013,GNV,FL,ASO,ES,Federal Contract Tower,0,32,32,3,67,0,0,92,5,97,0,32,124,8,164,60,0,60,224
03/10/2013,GNV,FL,ASO,ES,Federal Contract Tower,2,29,28,14,73,0,0,73,3,76,2,29,101,17,149,36,0,36,185
03/11/2013,GNV,FL,ASO,ES,Federal Contract Tower,0,30,32,8,70,0,0,97,2,99,0,30,129,10,169,14,0,14,183
03/12/2013,GNV,FL,ASO,ES,Federal Contract Tower,1,30,44,10,85,0,0,21,8,29,1,30,65,18,114,52,36,88,202
03/13/2013,GNV,FL,ASO,ES,Federal Contract Tower,2,34,26,17,79,0,0,87,6,93,2,34,113,23,172,80,20,100,272
03/14/2013,GNV,FL,ASO,ES,Federal Contract Tower,3,29,34,12,78,0,0,116,6,122,3,29,150,18,200,44,0,44,244
03/15/2013,GNV,FL,ASO,ES,Federal Contract Tower,1,33,34,38,106,0,0,138,9,147,1,33,172,47,253,90,16,106,359
03/16/2013,GNV,FL,ASO,ES,Federal Contract Tower,1,27,42,17,87,0,0,129,0,129,1,27,171,17,216,24,0,24,240
03/17/2013,GNV,FL,ASO,ES,Federal Contract Tower,1,31,50,8,90,0,0,100,3,103,1,31,150,11,193,10,0,10,203
03/18/2013,GNV,FL,ASO,ES,Federal Contract Tower,1,32,26,30,89,0,0,74,0,74,1,32,100,30,163,54,0,54,217
03/19/2013,GNV,FL,ASO,ES,Federal Contract Tower,0,32,33,2,67,0,0,45,1,46,0,32,78,3,113,32,0,32,145
03/20/2013,GNV,FL,ASO,ES,Federal Contract Tower,2,34,31,12,79,0,0,47,2,49,2,34,78,14,128,62,18,80,208
03/21/2013,GNV,FL,ASO,ES,Federal Contract Tower,1,37,36,11,85,0,0,137,3,140,1,37,173,14,225,78,4,82,307
03/22/2013,GNV,FL,ASO,ES,Federal Contract Tower,1,38,39,26,104,0,0,122,9,131,1,38,161,35,235,50,0,50,285
03/23/2013,GNV,FL,ASO,ES,Federal Contract Tower,1,23,18,0,42,0,0,2,1,3,1,23,20,1,45,0,0,0,45
03/24/2013,GNV,FL,ASO,ES,Federal Contract Tower,0,28,18,1,47,0,0,5,4,9,0,28,23,5,56,0,0,0,56
03/25/2013,GNV,FL,ASO,ES,Federal Contract Tower,1,30,23,33,87,0,0,60,1,61,1,30,83,34,148,0,34,34,182
03/26/2013,GNV,FL,ASO,ES,Federal Contract Tower,1,33,30,22,86,0,0,66,5,71,1,33,96,27,157,20,8,28,185
03/27/2013,GNV,FL,ASO,ES,Federal Contract Tower,2,30,30,12,74,0,0,134,2,136,2,30,164,14,210,110,10,120,330
03/28/2013,GNV,FL,ASO,ES,Federal Contract Tower,3,26,44,7,80,0,0,168,6,174,3,26,212,13,254,124,16,140,394
03/29/2013,GNV,FL,ASO,ES,Federal Contract Tower,1,33,40,7,81,0,0,153,7,160,1,33,193,14,241,60,0,60,301
03/30/2013,GNV,FL,ASO,ES,Federal Contract Tower,0,27,34,0,61,0,0,122,1,123,0,27,156,1,184,28,0,28,212
03/31/2013,GNV,FL,ASO,ES,Federal Contract Tower,0,34,38,2,74,0,4,50,4,58,0,38,88,6,132,34,0,34,166
04/01/2013,GNV,FL,ASO,ES,Federal Contract Tower,1,31,17,8,57,0,0,39,0,39,1,31,56,8,96,26,0,26,122
04/02/2013,GNV,FL,ASO,ES,Federal Contract Tower,1,27,22,6,56,0,0,57,1,58,1,27,79,7,114,84,0,84,198
04/03/2013,GNV,FL,ASO,ES,Federal Contract Tower,0,32,22,7,61,0,0,83,0,83,0,32,105,7,144,40,0,40,184
04/04/2013,GNV,FL,ASO,ES,Federal Contract Tower,1,27,27,4,59,0,0,9,1,10,1,27,36,5,69,6,0,6,75
04/05/2013,GNV,FL,ASO,ES,Federal Contract Tower,0,27,66,41,134,0,0,3,4,7,0,27,69,45,141,0,0,0,141
04/06/2013,GNV,FL,ASO,ES,Federal Contract Tower,1,23,20,4,48,0,0,103,4,107,1,23,123,8,155,24,0,24,179
04/07/2013,GNV,FL,ASO,ES,Federal Contract Tower,0,28,21,14,63,0,0,116,6,122,0,28,137,20,185,30,0,30,215
04/08/2013,GNV,FL,ASO,ES,Federal Contract Tower,3,28,18,12,61,0,0,118,8,126,3,28,136,20,187,70,0,70,257
04/09/2013,GNV,FL,ASO,ES,Federal Contract Tower,0,35,29,12,76,0,0,95,3,98,0,35,124,15,174,106,4,110,284
04/10/2013,GNV,FL,ASO,ES,Federal Contract Tower,0,33,34,2,69,0,0,115,8,123,0,33,149,10,192,84,0,84,276
04/11/2013,GNV,FL,ASO,ES,Federal Contract Tower,0,30,43,21,94,0,0,43,7,50,0,30,86,28,144,14,14,28,172
04/12/2013,GNV,FL,ASO,ES,Federal Contract Tower,0,30,20,6,56,0,0,39,0,39,0,30,59,6,95,4,0,4,99
04/13/2013,GNV,FL,ASO,ES,Federal Contract Tower,1,23,14,4,42,0,0,77,0,77,1,23,91,4,119,22,0,22,141
04/14/2013,GNV,FL,ASO,ES,Federal Contract Tower,1,28,28,4,61,0,0,36,0,36,1,28,64,4,97,14,0,14,111
04/15/2013,GNV,FL,ASO,ES,Federal Contract Tower,1,32,18,22,73,0,0,97,3,100,1,32,115,25,173,64,12,76,249
04/16/2013,GNV,FL,ASO,ES,Federal Contract Tower,1,29,21,2,53,0,0,79,4,83,1,29,100,6,136,40,12,52,188
04/17/2013,GNV,FL,ASO,ES,Federal Contract Tower,0,30,54,10,94,0,1,61,3,65,0,31,115,13,159,42,10,52,211
04/18/2013,GNV,FL,ASO,ES,Federal Contract Tower,0,32,33,19,84,0,0,119,7,126,0,32,152,26,210,62,16,78,288
04/19/2013,GNV,FL,ASO,ES,Federal Contract Tower,1,27,25,13,66,0,0,44,1,45,1,27,69,14,111,8,4,12,123
04/20/2013,GNV,FL,ASO,ES,Federal Contract Tower,0,25,31,0,56,0,0,14,0,14,0,25,45,0,70,0,0,0,70
04/21/2013,GNV,FL,ASO,ES,Federal Contract Tower,1,34,16,4,55,0,0,14,0,14,1,34,30,4,69,0,0,0,69
04/22/2013,GNV,FL,ASO,ES,Federal Contract Tower,1,28,40,4,73,0,1,3,0,4,1,29,43,4,77,0,0,0,77
04/23/2013,GNV,FL,ASO,ES,Federal Contract Tower,1,30,45,22,98,0,1,89,6,96,1,31,134,28,194,40,26,66,260
04/24/2013,GNV,FL,ASO,ES,Federal Contract Tower,0,34,42,17,93,0,1,142,6,149,0,35,184,23,242,74,24,98,340
04/25/2013,GNV,FL,ASO,ES,Federal Contract Tower,1,29,53,12,95,0,0,133,8,141,1,29,186,20,236,70,22,92,328
04/26/2013,GNV,FL,ASO,ES,Federal Contract Tower,1,30,32,28,91,0,0,77,12,89,1,30,109,40,180,24,0,24,204
04/27/2013,GNV,FL,ASO,ES,Federal Contract Tower,3,26,27,10,66,0,0,94,11,105,3,26,121,21,171,36,10,46,217
04/28/2013,GNV,FL,ASO,ES,Federal Contract Tower,1,27,25,12,65,0,0,77,4,81,1,27,102,16,146,2,34,36,182
04/29/2013,GNV,FL,ASO,ES,Federal Contract Tower,0,37,47,3,87,0,0,67,0,67,0,37,114,3,154,26,0,26,180
04/30/2013,GNV,FL,ASO,ES,Federal Contract Tower,1,33,28,7,69,0,0,82,7,89,1,33,110,14,158,52,10,62,220
05/01/2013,GNV,FL,ASO,ES,Federal Contract Tower,1,27,42,10,80,0,0,6,2,8,1,27,48,12,88,12,24,36,124
05/02/2013,GNV,FL,ASO,ES,Federal Contract Tower,0,41,54,2,97,0,0,2,0,2,0,41,56,2,99,0,0,0,99
05/03/2013,GNV,FL,ASO,ES,Federal Contract Tower,0,41,30,13,84,0,0,0,1,1,0,41,30,14,85,0,0,0,85
05/04/2013,GNV,FL,ASO,ES,Federal Contract Tower,1,30,36,0,67,0,0,2,0,2,1,30,38,0,69,0,0,0,69
05/05/2013,GNV,FL,ASO,ES,Federal Contract Tower,1,32,48,10,91,0,0,41,0,41,1,32,89,10,132,4,0,4,136
05/06/2013,GNV,FL,ASO,ES,Federal Contract Tower,0,29,25,6,60,0,0,108,4,112,0,29,133,10,172,52,14,66,238
05/07/2013,GNV,FL,ASO,ES,Federal Contract Tower,0,31,27,16,74,0,0,84,2,86,0,31,111,18,160,70,0,70,230
05/08/2013,GNV,FL,ASO,ES,Federal Contract Tower,0,34,31,21,86,0,0,148,8,156,0,34,179,29,242,98,16,114,356
05/09/2013,GNV,FL,ASO,ES,Federal Contract Tower,0,30,34,10,74,0,0,132,2,134,0,30,166,12,208,96,0,96,304
05/10/2013,GNV,FL,ASO,ES,Federal Contract Tower,0,36,29,38,103,0,0,126,13,139,0,36,155,51,242,42,0,42,284
05/11/2013,GNV,FL,ASO,ES,Federal Contract Tower,1,25,20,0,46,0,0,64,0,64,1,25,84,0,110,56,0,56,166
05/12/2013,GNV,FL,ASO,ES,Federal Contract Tower,0,32,40,22,94,0,0,36,2,38,0,32,76,24,132,10,0,10,142
05/13/2013,GNV,FL,ASO,ES,Federal Contract Tower,0,36,35,19,90,0,0,84,3,87,0,36,119,22,177,32,50,82,259
05/14/2013,GNV,FL,ASO,ES,Federal Contract Tower,0,34,42,33,109,0,0,125,5,130,0,34,167,38,239,72,18,90,329
05/15/2013,GNV,FL,ASO,ES,Federal Contract Tower,0,33,48,13,94,0,0,132,0,132,0,33,180,13,226,82,0,82,308
05/16/2013,GNV,FL,ASO,ES,Federal Contract Tower,2,39,79,35,155,0,0,98,4,102,2,39,177,39,257,46,0,46,303
05/17/2013,GNV,FL,ASO,ES,Federal Contract Tower,0,33,25,36,94,0,0,117,12,129,0,33,142,48,223,32,0,32,255
05/18/2013,GNV,FL,ASO,ES,Federal Contract Tower,1,27,22,15,65,0,0,137,4,141,1,27,159,19,206,24,18,42,248
05/19/2013,GNV,FL,ASO,ES,Federal Contract Tower,0,30,32,11,73,0,0,39,2,41,0,30,71,13,114,0,0,0,114
05/20/2013,GNV,FL,ASO,ES,Federal Contract Tower,0,30,21,8,59,0,0,46,0,46,0,30,67,8,105,22,0,22,127
05/21/2013,GNV,FL,ASO,ES,Federal Contract Tower,0,34,35,8,77,0,0,28,5,33,0,34,63,13,110,8,0,8,118
05/22/2013,GNV,FL,ASO,ES,Federal Contract Tower,1,36,44,14,95,0,0,35,11,46,1,36,79,25,141,0,70,70,211
05/23/2013,GNV,FL,ASO,ES,Federal Contract Tower,1,39,37,17,94,0,0,106,5,111,1,39,143,22,205,130,38,168,373
05/24/2013,GNV,FL,ASO,ES,Federal Contract Tower,0,33,25,2,60,0,0,91,0,91,0,33,116,2,151,10,0,10,161
05/25/2013,GNV,FL,ASO,ES,Federal Contract Tower,0,27,20,0,47,0,0,101,0,101,0,27,121,0,148,48,0,48,196
05/26/2013,GNV,FL,ASO,ES,Federal Contract Tower,0,26,22,0,48,0,1,85,0,86,0,27,107,0,134,14,0,14,148
05/27/2013,GNV,FL,ASO,ES,Federal Contract Tower,0,32,25,3,60,0,0,53,2,55,0,32,78,5,115,6,4,10,125
05/28/2013,GNV,FL,ASO,ES,Federal Contract Tower,1,28,41,11,81,0,0,84,8,92,1,28,125,19,173,95,56,151,324
05/29/2013,GNV,FL,ASO,ES,Federal Contract Tower,3,27,49,10,89,0,0,67,7,74,3,27,116,17,163,42,8,50,213
05/30/2013,GNV,FL,ASO,ES,Federal Contract Tower,1,29,35,22,87,0,0,76,0,76,1,29,111,22,163,44,20,64,227
05/31/2013,GNV,FL,ASO,ES,Federal Contract Tower,1,27,27,26,81,0,0,46,7,53,1,27,73,33,134,23,26,49,183
06/01/2013,GNV,FL,ASO,ES,Federal Contract Tower,0,23,24,3,50,0,0,54,0,54,0,23,78,3,104,66,0,66,170
06/02/2013,GNV,FL,ASO,ES,Federal Contract Tower,1,30,23,11,65,0,0,30,3,33,1,30,53,14,98,0,0,0,98
06/03/2013,GNV,FL,ASO,ES,Federal Contract Tower,2,26,23,8,59,0,0,28,4,32,2,26,51,12,91,24,18,42,133
06/04/2013,GNV,FL,ASO,ES,Federal Contract Tower,1,38,19,0,58,0,0,8,0,8,1,38,27,0,66,8,0,8,74
06/05/2013,GNV,FL,ASO,ES,Federal Contract Tower,1,33,32,0,66,0,0,55,2,57,1,33,87,2,123,46,0,46,169
06/06/2013,GNV,FL,ASO,ES,Federal Contract Tower,2,30,14,0,46,0,0,0,0,0,2,30,14,0,46,0,0,0,46
06/07/2013,GNV,FL,ASO,ES,Federal Contract Tower,1,34,44,1,80,0,0,28,0,28,1,34,72,1,108,40,0,40,148
06/08/2013,GNV,FL,ASO,ES,Federal Contract Tower,2,25,36,0,63,0,0,81,0,81,2,25,117,0,144,26,0,26,170
06/09/2013,GNV,FL,ASO,ES,Federal Contract Tower,1,31,20,4,56,0,0,66,0,66,1,31,86,4,122,62,0,62,184
06/10/2013,GNV,FL,ASO,ES,Federal Contract Tower,1,27,25,5,58,0,0,71,3,74,1,27,96,8,132,140,6,146,278
06/11/2013,GNV,FL,ASO,ES,Federal Contract Tower,2,30,32,13,77,0,0,72,3,75,2,30,104,16,152,60,26,86,238
06/12/2013,GNV,FL,ASO,ES,Federal Contract Tower,1,31,36,4,72,0,0,116,6,122,1,31,152,10,194,128,12,140,334
06/13/2013,GNV,FL,ASO,ES,Federal Contract Tower,4,26,55,21,106,0,0,90,6,96,4,26,145,27,202,70,42,112,314
06/14/2013,GNV,FL,ASO,ES,Federal Contract Tower,0,31,17,2,50,0,0,68,0,68,0,31,85,2,118,50,0,50,168
06/15/2013,GNV,FL,ASO,ES,Federal Contract Tower,1,29,31,0,61,0,0,111,0,111,1,29,142,0,172,34,0,34,206
06/16/2013,GNV,FL,ASO,ES,Federal Contract Tower,0,34,28,0,62,0,0,63,1,64,0,34,91,1,126,8,0,8,134
06/17/2013,GNV,FL,ASO,ES,Federal Contract Tower,0,32,32,6,70,0,0,51,12,63,0,32,83,18,133,58,36,94,227
06/18/2013,GNV,FL,ASO,ES,Federal Contract Tower,2,27,21,28,78,0,0,58,4,62,2,27,79,32,140,50,20,70,210
06/19/2013,GNV,FL,ASO,ES,Federal Contract Tower,2,29,29,36,96,0,0,83,1,84,2,29,112,37,180,74,16,90,270
06/20/2013,GNV,FL,ASO,ES,Federal Contract Tower,2,36,46,6,90,0,0,67,1,68,2,36,113,7,158,58,0,58,216
06/21/2013,GNV,FL,ASO,ES,Federal Contract Tower,0,32,33,18,83,0,0,24,1,25,0,32,57,19,108,2,0,2,110
06/22/2013,GNV,FL,ASO,ES,Federal Contract Tower,1,26,11,2,40,0,0,66,1,67,1,26,77,3,107,18,4,22,129
06/23/2013,GNV,FL,ASO,ES,Federal Contract Tower,0,34,20,1,55,0,0,89,0,89,0,34,109,1,144,38,0,38,182
06/24/2013,GNV,FL,ASO,ES,Federal Contract Tower,0,32,20,12,64,0,0,89,4,93,0,32,109,16,157,94,20,114,271
06/25/2013,GNV,FL,ASO,ES,Federal Contract Tower,2,27,23,6,58,0,0,86,2,88,2,27,109,8,146,105,0,105,251
06/26/2013,GNV,FL,ASO,ES,Federal Contract Tower,2,29,34,5,70,0,0,98,0,98,2,29,132,5,168,62,0,62,230
06/27/2013,GNV,FL,ASO,ES,Federal Contract Tower,2,30,31,9,72,0,0,78,8,86,2,30,109,17,158,18,10,28,186
06/28/2013,GNV,FL,ASO,ES,Federal Contract Tower,2,32,20,0,54,0,0,51,2,53,2,32,71,2,107,48,0,48,155
06/29/2013,GNV,FL,ASO,ES,Federal Contract Tower,1,25,17,7,50,0,0,34,1,35,1,25,51,8,85,24,6,30,115
06/30/2013,GNV,FL,ASO,ES,Federal Contract Tower,0,30,27,3,60,0,0,19,3,22,0,30,46,6,82,34,2,36,118
07/01/2013,GNV,FL,ASO,ES,Federal Contract Tower,2,30,22,3,57,0,0,2,0,2,2,30,24,3,59,0,0,0,59
07/02/2013,GNV,FL,ASO,ES,Federal Contract Tower,2,32,18,3,55,0,0,21,1,22,2,32,39,4,77,12,0,12,89
07/03/2013,GNV,FL,ASO,ES,Federal Contract Tower,0,33,33,2,68,0,0,21,5,26,0,33,54,7,94,8,45,53,147
07/04/2013,GNV,FL,ASO,ES,Federal Contract Tower,0,23,16,0,39,0,0,20,0,20,0,23,36,0,59,26,0,26,85
07/05/2013,GNV,FL,ASO,ES,Federal Contract Tower,2,35,14,4,55,0,0,34,0,34,2,35,48,4,89,48,0,48,137
07/06/2013,GNV,FL,ASO,ES,Federal Contract Tower,1,23,25,0,49,0,0,51,0,51,1,23,76,0,100,52,0,52,152
07/07/2013,GNV,FL,ASO,ES,Federal Contract Tower,1,34,45,0,80,0,0,54,0,54,1,34,99,0,134,10,0,10,144
07/08/2013,GNV,FL,ASO,ES,Federal Contract Tower,1,38,29,8,76,0,0,67,0,67,1,38,96,8,143,46,0,46,189
07/09/2013,GNV,FL,ASO,ES,Federal Contract Tower,2,29,24,6,61,0,0,71,6,77,2,29,95,12,138,106,8,114,252
07/10/2013,GNV,FL,ASO,ES,Federal Contract Tower,1,30,28,3,62,0,0,88,2,90,1,30,116,5,152,24,2,26,178
07/11/2013,GNV,FL,ASO,ES,Federal Contract Tower,1,28,45,11,85,0,0,65,10,75,1,28,110,21,160,84,50,134,294
07/12/2013,GNV,FL,ASO,ES,Federal Contract Tower,2,37,25,9,73,0,0,71,1,72,2,37,96,10,145,32,0,32,177
07/13/2013,GNV,FL,ASO,ES,Federal Contract Tower,3,26,14,4,47,0,0,12,0,12,3,26,26,4,59,4,0,4,63
07/14/2013,GNV,FL,ASO,ES,Federal Contract Tower,2,24,20,3,49,0,0,10,4,14,2,24,30,7,63,4,0,4,67
07/15/2013,GNV,FL,ASO,ES,Federal Contract Tower,1,35,34,2,72,0,0,36,0,36,1,35,70,2,108,24,0,24,132
07/16/2013,GNV,FL,ASO,ES,Federal Contract Tower,4,30,33,7,74,0,0,61,1,62,4,30,94,8,136,26,0,26,162
07/17/2013,GNV,FL,ASO,ES,Federal Contract Tower,2,35,52,16,105,0,0,60,2,62,2,35,112,18,167,54,8,62,229
07/18/2013,GNV,FL,ASO,ES,Federal Contract Tower,2,32,31,11,76,0,0,62,7,69,2,32,93,18,145,42,60,102,247
07/19/2013,GNV,FL,ASO,ES,Federal Contract Tower,2,29,24,17,72,0,0,48,4,52,2,29,72,21,124,36,22,58,182
07/20/2013,GNV,FL,ASO,ES,Federal Contract Tower,1,27,27,14,69,0,0,34,3,37,1,27,61,17,106,25,4,29,135
07/21/2013,GNV,FL,ASO,ES,Federal Contract Tower,2,33,17,4,56,0,0,41,1,42,2,33,58,5,98,42,0,42,140
07/22/2013,GNV,FL,ASO,ES,Federal Contract Tower,2,32,17,4,55,0,0,38,0,38,2,32,55,4,93,36,38,74,167
07/23/2013,GNV,FL,ASO,ES,Federal Contract Tower,1,38,25,3,67,0,0,8,0,8,1,38,33,3,75,4,0,4,79
07/24/2013,GNV,FL,ASO,ES,Federal Contract Tower,1,35,39,22,97,0,0,28,0,28,1,35,67,22,125,62,14,76,201
07/25/2013,GNV,FL,ASO,ES,Federal Contract Tower,0,32,43,20,95,0,0,55,2,57,0,32,98,22,152,4,10,14,166
07/26/2013,GNV,FL,ASO,ES,Federal Contract Tower,0,30,22,17,69,0,0,81,1,82,0,30,103,18,151,64,0,64,215
07/27/2013,GNV,FL,ASO,ES,Federal Contract Tower,0,29,34,0,63,0,0,57,0,57,0,29,91,0,120,54,0,54,174
07/28/2013,GNV,FL,ASO,ES,Federal Contract Tower,0,30,18,9,57,0,0,37,2,39,0,30,55,11,96,64,0,64,160
07/29/2013,GNV,FL,ASO,ES,Federal Contract Tower,0,37,15,8,60,0,0,88,0,88,0,37,103,8,148,86,16,102,250
07/30/2013,GNV,FL,ASO,ES,Federal Contract Tower,0,33,21,12,66,0,0,67,3,70,0,33,88,15,136,80,22,102,238
07/31/2013,GNV,FL,ASO,ES,Federal Contract Tower,0,34,26,3,63,0,0,51,1,52,0,34,77,4,115,108,4,112,227
08/01/2013,GNV,FL,ASO,ES,Federal Contract Tower,1,37,25,8,71,0,0,32,1,33,1,37,57,9,104,32,14,46,150
08/02/2013,GNV,FL,ASO,ES,Federal Contract Tower,1,34,26,5,66,0,0,87,3,90,1,34,113,8,156,8,0,8,164
08/03/2013,GNV,FL,ASO,ES,Federal Contract Tower,1,26,24,2,53,0,0,55,2,57,1,26,79,4,110,42,0,42,152
08/04/2013,GNV,FL,ASO,ES,Federal Contract Tower,1,32,18,0,51,0,0,18,0,18,1,32,36,0,69,10,0,10,79
08/05/2013,GNV,FL,ASO,ES,Federal Contract Tower,2,29,16,3,50,0,0,62,2,64,2,29,78,5,114,146,0,146,260
08/06/2013,GNV,FL,ASO,ES,Federal Contract Tower,2,38,36,12,88,0,0,69,0,69,2,38,105,12,157,62,0,62,219
08/07/2013,GNV,FL,ASO,ES,Federal Contract Tower,1,31,49,16,97,0,0,32,7,39,1,31,81,23,136,34,12,46,182
08/08/2013,GNV,FL,ASO,ES,Federal Contract Tower,2,33,38,5,78,0,1,58,13,72,2,34,96,18,150,20,42,62,212
08/09/2013,GNV,FL,ASO,ES,Federal Contract Tower,2,32,25,8,67,0,0,49,2,51,2,32,74,10,118,28,14,42,160
08/10/2013,GNV,FL,ASO,ES,Federal Contract Tower,1,23,29,0,53,0,0,69,0,69,1,23,98,0,122,34,0,34,156
08/11/2013,GNV,FL,ASO,ES,Federal Contract Tower,0,34,37,8,79,0,0,59,0,59,0,34,96,8,138,20,31,51,189
08/12/2013,GNV,FL,ASO,ES,Federal Contract Tower,0,32,20,2,54,0,0,59,2,61,0,32,79,4,115,12,36,48,163
08/13/2013,GNV,FL,ASO,ES,Federal Contract Tower,2,30,31,25,88,0,0,70,0,70,2,30,101,25,158,44,0,44,202
08/14/2013,GNV,FL,ASO,ES,Federal Contract Tower,1,35,37,20,93,0,0,64,7,71,1,35,101,27,164,44,22,66,230
08/15/2013,GNV,FL,ASO,ES,Federal Contract Tower,2,33,28,0,63,0,0,59,2,61,2,33,87,2,124,56,0,56,180
08/16/2013,GNV,FL,ASO,ES,Federal Contract Tower,2,28,31,23,84,0,0,13,0,13,2,28,44,23,97,0,0,0,97
08/17/2013,GNV,FL,ASO,ES,Federal Contract Tower,1,25,31,2,59,0,0,19,1,20,1,25,50,3,79,4,0,4,83
08/18/2013,GNV,FL,ASO,ES,Federal Contract Tower,1,32,29,0,62,0,0,15,0,15,1,32,44,0,77,0,0,0,77
08/19/2013,GNV,FL,ASO,ES,Federal Contract Tower,1,31,17,5,54,0,0,23,8,31,1,31,40,13,85,46,32,78,163
08/20/2013,GNV,FL,ASO,ES,Federal Contract Tower,1,30,29,9,69,0,0,49,3,52,1,30,78,12,121,16,26,42,163
08/21/2013,GNV,FL,ASO,ES,Federal Contract Tower,4,35,37,14,90,0,0,34,4,38,4,35,71,18,128,44,22,66,194
08/22/2013,GNV,FL,ASO,ES,Federal Contract Tower,0,30,27,13,70,0,0,52,4,56,0,30,79,17,126,50,6,56,182
08/23/2013,GNV,FL,ASO,ES,Federal Contract Tower,0,35,28,16,79,0,0,16,14,30,0,35,44,30,109,8,0,8,117
08/24/2013,GNV,FL,ASO,ES,Federal Contract Tower,0,25,32,18,75,0,0,18,7,25,0,25,50,25,100,34,4,38,138
08/25/2013,GNV,FL,ASO,ES,Federal Contract Tower,0,31,31,0,62,0,0,37,3,40,0,31,68,3,102,30,0,30,132
08/26/2013,GNV,FL,ASO,ES,Federal Contract Tower,0,31,42,14,87,0,0,56,4,60,0,31,98,18,147,42,34,76,223
08/27/2013,GNV,FL,ASO,ES,Federal Contract Tower,0,37,32,20,89,0,0,69,6,75,0,37,101,26,164,118,20,138,302
08/28/2013,GNV,FL,ASO,ES,Federal Contract Tower,0,35,31,7,73,0,0,111,3,114,0,35,142,10,187,106,14,120,307
08/29/2013,GNV,FL,ASO,ES,Federal Contract Tower,0,36,43,16,95,0,0,99,1,100,0,36,142,17,195,38,40,78,273
08/30/2013,GNV,FL,ASO,ES,Federal Contract Tower,2,344,35,7,388,0,0,68,4,72,2,344,103,11,460,46,0,46,506
08/31/2013,GNV,FL,ASO,ES,Federal Contract Tower,2,21,40,0,63,0,0,74,0,74,2,21,114,0,137,40,0,40,177
09/01/2013,GNV,FL,ASO,ES,Federal Contract Tower,0,24,34,0,58,0,0,55,0,55,0,24,89,0,113,66,0,66,179
09/02/2013,GNV,FL,ASO,ES,Federal Contract Tower,0,30,41,0,71,0,0,52,0,52,0,30,93,0,123,30,0,30,153
09/03/2013,GNV,FL,ASO,ES,Federal Contract Tower,0,35,20,0,55,0,0,52,4,56,0,35,72,4,111,114,0,114,225
09/04/2013,GNV,FL,ASO,ES,Federal Contract Tower,0,36,32,2,70,0,0,85,6,91,0,36,117,8,161,96,20,116,277
09/05/2013,GNV,FL,ASO,ES,Federal Contract Tower,0,37,22,41,100,0,0,81,2,83,0,37,103,43,183,68,70,138,321
09/06/2013,GNV,FL,ASO,ES,Federal Contract Tower,2,38,33,19,92,0,0,67,1,68,2,38,100,20,160,22,58,80,240
09/07/2013,GNV,FL,ASO,ES,Federal Contract Tower,2,22,30,16,70,0,2,49,7,58,2,24,79,23,128,24,8,32,160
09/08/2013,GNV,FL,ASO,ES,Federal Contract Tower,0,32,29,6,67,0,2,93,0,95,0,34,122,6,162,72,0,72,234
09/09/2013,GNV,FL,ASO,ES,Federal Contract Tower,0,30,25,24,79,0,0,83,0,83,0,30,108,24,162,42,0,42,204
09/10/2013,GNV,FL,ASO,ES,Federal Contract Tower,0,25,20,11,56,0,0,73,2,75,0,25,93,13,131,46,1,47,178
09/11/2013,GNV,FL,ASO,ES,Federal Contract Tower,0,33,28,3,64,0,0,63,17,80,0,33,91,20,144,40,84,124,268
09/12/2013,GNV,FL,ASO,ES,Federal Contract Tower,0,34,26,7,67,0,0,35,4,39,0,34,61,11,106,27,30,57,163
09/13/2013,GNV,FL,ASO,ES,Federal Contract Tower,0,35,34,20,89,0,0,129,9,138,0,35,163,29,227,84,88,172,399
09/14/2013,GNV,FL,ASO,ES,Federal Contract Tower,0,27,38,1,66,0,0,99,0,99,0,27,137,1,165,58,18,76,241
09/15/2013,GNV,FL,ASO,ES,Federal Contract Tower,0,36,32,5,73,0,0,37,2,39,0,36,69,7,112,20,0,20,132
09/16/2013,GNV,FL,ASO,ES,Federal Contract Tower,0,31,19,4,54,0,0,41,0,41,0,31,60,4,95,24,0,24,119
09/17/2013,GNV,FL,ASO,ES,Federal Contract Tower,0,29,31,6,66,0,0,49,0,49,0,29,80,6,115,38,24,62,177
09/18/2013,GNV,FL,ASO,ES,Federal Contract Tower,0,27,19,7,53,0,0,34,4,38,0,27,53,11,91,14,14,28,119
09/19/2013,GNV,FL,ASO,ES,Federal Contract Tower,0,36,37,6,79,0,0,52,8,60,0,36,89,14,139,62,84,146,285
09/20/2013,GNV,FL,ASO,ES,Federal Contract Tower,0,41,44,43,128,0,0,125,9,134,0,41,169,52,262,18,12,30,292
09/21/2013,GNV,FL,ASO,ES,Federal Contract Tower,2,35,55,0,92,0,0,123,0,123,2,35,178,0,215,8,0,8,223
09/22/2013,GNV,FL,ASO,ES,Federal Contract Tower,0,38,23,4,65,0,0,21,0,21,0,38,44,4,86,16,0,16,102
09/23/2013,GNV,FL,ASO,ES,Federal Contract Tower,0,28,17,4,49,0,0,2,0,2,0,28,19,4,51,0,0,0,51
09/24/2013,GNV,FL,ASO,ES,Federal Contract Tower,0,28,28,10,66,0,0,11,0,11,0,28,39,10,77,2,0,2,79
09/25/2013,GNV,FL,ASO,ES,Federal Contract Tower,0,29,36,7,72,0,0,45,6,51,0,29,81,13,123,44,14,58,181
09/26/2013,GNV,FL,ASO,ES,Federal Contract Tower,0,38,34,28,100,0,0,54,9,63,0,38,88,37,163,56,28,84,247
09/27/2013,GNV,FL,ASO,ES,Federal Contract Tower,2,29,45,20,96,0,0,60,8,68,2,29,105,28,164,68,10,78,242
09/28/2013,GNV,FL,ASO,ES,Federal Contract Tower,0,23,30,6,59,0,0,10,4,14,0,23,40,10,73,2,0,2,75
09/29/2013,GNV,FL,ASO,ES,Federal Contract Tower,0,32,35,23,90,0,0,58,17,75,0,32,93,40,165,52,0,52,217
09/30/2013,GNV,FL,ASO,ES,Federal Contract Tower,0,27,25,0,52,0,0,81,2,83,0,27,106,2,135,48,10,58,193
10/01/2013,GNV,FL,ASO,ES,Federal Contract Tower,0,37,28,12,77,0,0,90,0,90,0,37,118,12,167,58,0,58,225
10/02/2013,GNV,FL,ASO,ES,Federal Contract Tower,0,30,48,10,88,0,0,143,0,143,0,30,191,10,231,102,22,124,355
10/03/2013,GNV,FL,ASO,ES,Federal Contract Tower,0,41,38,0,79,0,0,120,0,120,0,41,158,0,199,38,0,38,237
10/04/2013,GNV,FL,ASO,ES,Federal Contract Tower,0,35,30,16,81,0,0,89,1,90,0,35,119,17,171,44,105,149,320
10/05/2013,GNV,FL,ASO,ES,Federal Contract Tower,2,25,48,6,81,0,0,74,0,74,2,25,122,6,155,23,0,23,178
10/06/2013,GNV,FL,ASO,ES,Federal Contract Tower,1,43,44,0,88,0,0,64,0,64,1,43,108,0,152,26,0,26,178
10/07/2013,GNV,FL,ASO,ES,Federal Contract Tower,0,33,20,2,55,0,0,27,0,27,0,33,47,2,82,38,0,38,120
10/08/2013,GNV,FL,ASO,ES,Federal Contract Tower,0,35,39,7,81,0,0,12,12,24,0,35,51,19,105,0,0,0,105
10/09/2013,GNV,FL,ASO,ES,Federal Contract Tower,0,37,55,6,98,0,0,4,3,7,0,37,59,9,105,4,22,26,131
10/10/2013,GNV,FL,ASO,ES,Federal Contract Tower,0,38,27,6,71,0,0,130,0,130,0,38,157,6,201,56,0,56,257
10/11/2013,GNV,FL,ASO,ES,Federal Contract Tower,2,37,30,14,83,0,0,111,13,124,2,37,141,27,207,68,0,68,275
10/12/2013,GNV,FL,ASO,ES,Federal Contract Tower,1,28,28,1,58,0,0,104,0,104,1,28,132,1,162,62,0,62,224
10/13/2013,GNV,FL,ASO,ES,Federal Contract Tower,0,27,40,0,67,0,0,92,0,92,0,27,132,0,159,64,0,64,223
10/14/2013,GNV,FL,ASO,ES,Federal Contract Tower,0,38,24,0,62,0,0,54,0,54,0,38,78,0,116,44,0,44,160
10/15/2013,GNV,FL,ASO,ES,Federal Contract Tower,0,30,47,2,79,0,0,6,0,6,0,30,53,2,85,0,0,0,85
10/16/2013,GNV,FL,ASO,ES,Federal Contract Tower,0,37,39,2,78,0,0,41,2,43,0,37,80,4,121,42,0,42,163
10/17/2013,GNV,FL,ASO,ES,Federal Contract Tower,0,51,40,4,95,0,0,78,2,80,0,51,118,6,175,58,0,58,233
10/18/2013,GNV,FL,ASO,ES,Federal Contract Tower,4,28,32,13,77,0,0,74,4,78,4,28,106,17,155,12,4,16,171
10/19/2013,GNV,FL,ASO,ES,Federal Contract Tower,2,26,35,0,63,0,0,78,0,78,2,26,113,0,141,34,0,34,175
10/20/2013,GNV,FL,ASO,ES,Federal Contract Tower,0,36,35,2,73,0,0,33,2,35,0,36,68,4,108,20,0,20,128
10/21/2013,GNV,FL,ASO,ES,Federal Contract Tower,0,39,35,5,79,0,0,19,2,21,0,39,54,7,100,16,12,28,128
10/22/2013,GNV,FL,ASO,ES,Federal Contract Tower,0,40,18,8,66,0,0,3,0,3,0,40,21,8,69,0,0,0,69
10/23/2013,GNV,FL,ASO,ES,Federal Contract Tower,0,36,28,8,72,0,0,73,8,81,0,36,101,16,153,60,0,60,213
10/24/2013,GNV,FL,ASO,ES,Federal Contract Tower,0,41,32,9,82,0,0,130,2,132,0,41,162,11,214,82,10,92,306
10/25/2013,GNV,FL,ASO,ES,Federal Contract Tower,0,41,34,5,80,0,0,123,14,137,0,41,157,19,217,32,0,32,249
10/26/2013,GNV,FL,ASO,ES,Federal Contract Tower,0,25,17,0,42,0,0,95,4,99,0,25,112,4,141,72,0,72,213
10/27/2013,GNV,FL,ASO,ES,Federal Contract Tower,0,42,32,4,78,0,0,79,4,83,0,42,111,8,161,28,0,28,189
10/28/2013,GNV,FL,ASO,ES,Federal Contract Tower,0,33,21,2,56,0,0,58,6,64,0,33,79,8,120,28,6,34,154
10/29/2013,GNV,FL,ASO,ES,Federal Contract Tower,0,33,29,11,73,0,0,96,1,97,0,33,125,12,170,90,4,94,264
10/30/2013,GNV,FL,ASO,ES,Federal Contract Tower,0,31,26,8,65,0,0,114,0,114,0,31,140,8,179,76,0,76,255
10/31/2013,GNV,FL,ASO,ES,Federal Contract Tower,0,45,33,11,89,0,0,89,2,91,0,45,122,13,180,112,6,118,298
11/01/2013,GNV,FL,ASO,ES,Federal Contract Tower,0,33,31,32,96,0,0,70,0,70,0,33,101,32,166,40,0,40,206
11/02/2013,GNV,FL,ASO,ES,Federal Contract Tower,0,27,29,0,56,0,0,20,0,20,0,27,49,0,76,0,0,0,76
11/03/2013,GNV,FL,ASO,ES,Federal Contract Tower,0,38,27,0,65,0,0,64,2,66,0,38,91,2,131,2,0,2,133
11/04/2013,GNV,FL,ASO,ES,Federal Contract Tower,0,36,26,0,62,0,0,49,0,49,0,36,75,0,111,18,0,18,129
11/05/2013,GNV,FL,ASO,ES,Federal Contract Tower,0,33,27,2,62,0,0,9,2,11,0,33,36,4,73,36,6,42,115
11/06/2013,GNV,FL,ASO,ES,Federal Contract Tower,0,33,22,5,60,0,0,26,4,30,0,33,48,9,90,28,20,48,138
11/07/2013,GNV,FL,ASO,ES,Federal Contract Tower,0,36,32,4,72,0,0,45,5,50,0,36,77,9,122,16,0,16,138
11/08/2013,GNV,FL,ASO,ES,Federal Contract Tower,0,31,31,9,71,0,0,56,4,60,0,31,87,13,131,10,0,10,141
11/09/2013,GNV,FL,ASO,ES,Federal Contract Tower,2,27,35,6,70,0,0,78,0,78,2,27,113,6,148,6,0,6,154
11/10/2013,GNV,FL,ASO,ES,Federal Contract Tower,0,34,43,12,89,0,0,61,0,61,0,34,104,12,150,56,0,56,206
11/11/2013,GNV,FL,ASO,ES,Federal Contract Tower,2,31,28,0,61,0,0,109,0,109,2,31,137,0,170,54,0,54,224
11/12/2013,GNV,FL,ASO,ES,Federal Contract Tower,0,33,38,8,79,0,0,35,2,37,0,33,73,10,116,62,18,80,196
11/13/2013,GNV,FL,ASO,ES,Federal Contract Tower,0,42,18,10,70,0,2,26,47,75,0,44,44,57,145,12,22,34,179
11/14/2013,GNV,FL,ASO,ES,Federal Contract Tower,0,37,38,14,89,0,0,65,12,77,0,37,103,26,166,78,34,112,278
11/15/2013,GNV,FL,ASO,ES,Federal Contract Tower,2,34,39,40,115,0,0,15,9,24,2,34,54,49,139,30,4,34,173
11/16/2013,GNV,FL,ASO,ES,Federal Contract Tower,0,28,30,5,63,0,0,6,2,8,0,28,36,7,71,0,0,0,71
11/17/2013,GNV,FL,ASO,ES,Federal Contract Tower,0,36,21,34,91,0,0,38,11,49,0,36,59,45,140,12,0,12,152
11/18/2013,GNV,FL,ASO,ES,Federal Contract Tower,0,40,37,34,111,0,0,1,1,2,0,40,38,35,113,0,0,0,113
11/19/2013,GNV,FL,ASO,ES,Federal Contract Tower,0,39,50,14,103,0,0,83,2,85,0,39,133,16,188,28,2,30,218
11/20/2013,GNV,FL,ASO,ES,Federal Contract Tower,0,42,43,2,87,0,3,28,0,31,0,45,71,2,118,2,10,12,130
11/21/2013,GNV,FL,ASO,ES,Federal Contract Tower,0,37,72,6,115,0,0,41,0,41,0,37,113,6,156,12,2,14,170
11/22/2013,GNV,FL,ASO,ES,Federal Contract Tower,0,44,38,29,111,0,0,94,2,96,0,44,132,31,207,32,2,34,241
11/23/2013,GNV,FL,ASO,ES,Federal Contract Tower,0,29,57,38,124,0,0,131,6,137,0,29,188,44,261,74,20,94,355
11/24/2013,GNV,FL,ASO,ES,Federal Contract Tower,0,35,31,12,78,0,0,35,0,35,0,35,66,12,113,30,0,30,143
11/25/2013,GNV,FL,ASO,ES,Federal Contract Tower,0,42,27,4,73,0,0,55,1,56,0,42,82,5,129,17,1,18,147
11/26/2013,GNV,FL,ASO,ES,Federal Contract Tower,0,33,16,0,49,0,0,1,2,3,0,33,17,2,52,0,0,0,52
11/27/2013,GNV,FL,ASO,ES,Federal Contract Tower,0,39,47,0,86,0,0,18,0,18,0,39,65,0,104,0,0,0,104
11/28/2013,GNV,FL,ASO,ES,Federal Contract Tower,0,27,12,0,39,0,0,33,0,33,0,27,45,0,72,30,0,30,102
11/29/2013,GNV,FL,ASO,ES,Federal Contract Tower,2,38,24,0,64,0,0,0,0,0,2,38,24,0,64,52,0,52,116
11/30/2013,GNV,FL,ASO,ES,Federal Contract Tower,0,40,97,0,137,0,0,40,0,40,0,40,137,0,177,0,0,0,177
12/01/2013,GNV,FL,ASO,ES,Federal Contract Tower,0,42,49,0,91,0,0,49,0,49,0,42,98,0,140,24,0,24,164
12/02/2013,GNV,FL,ASO,ES,Federal Contract Tower,0,47,32,14,93,0,0,43,2,45,0,47,75,16,138,66,0,66,204
12/03/2013,GNV,FL,ASO,ES,Federal Contract Tower,0,32,41,10,83,0,0,100,8,108,0,32,141,18,191,60,0,60,251
12/04/2013,GNV,FL,ASO,ES,Federal Contract Tower,0,49,37,6,92,0,0,63,2,65,0,49,100,8,157,32,44,76,233
12/05/2013,GNV,FL,ASO,ES,Federal Contract Tower,0,43,50,46,139,0,0,174,9,183,0,43,224,55,322,76,14,90,412
12/06/2013,GNV,FL,ASO,ES,Federal Contract Tower,0,36,28,92,156,0,0,70,2,72,0,36,98,94,228,48,30,78,306
12/07/2013,GNV,FL,ASO,ES,Federal Contract Tower,0,35,27,50,112,0,0,96,15,111,0,35,123,65,223,42,28,70,293
12/08/2013,GNV,FL,ASO,ES,Federal Contract Tower,0,34,22,45,101,0,0,39,1,40,0,34,61,46,141,56,18,74,215
12/09/2013,GNV,FL,ASO,ES,Federal Contract Tower,2,39,47,27,115,0,0,60,1,61,2,39,107,28,176,64,4,68,244
12/10/2013,GNV,FL,ASO,ES,Federal Contract Tower,0,37,30,4,71,0,0,20,0,20,0,37,50,4,91,0,4,4,95
12/11/2013,GNV,FL,ASO,ES,Federal Contract Tower,0,31,47,25,103,0,0,65,10,75,0,31,112,35,178,92,10,102,280
12/12/2013,GNV,FL,ASO,ES,Federal Contract Tower,0,34,32,22,88,0,0,64,13,77,0,34,96,35,165,40,24,64,229
12/13/2013,GNV,FL,ASO,ES,Federal Contract Tower,0,39,28,15,82,0,0,103,19,122,0,39,131,34,204,34,4,38,242
12/14/2013,GNV,FL,ASO,ES,Federal Contract Tower,0,26,15,0,41,0,0,40,0,40,0,26,55,0,81,64,0,64,145
12/15/2013,GNV,FL,ASO,ES,Federal Contract Tower,0,30,19,6,55,0,0,17,0,17,0,30,36,6,72,22,0,22,94
12/16/2013,GNV,FL,ASO,ES,Federal Contract Tower,0,39,23,0,62,0,0,66,0,66,0,39,89,0,128,20,0,20,148
12/17/2013,GNV,FL,ASO,ES,Federal Contract Tower,0,38,21,9,68,0,0,74,4,78,0,38,95,13,146,32,6,38,184
12/18/2013,GNV,FL,ASO,ES,Federal Contract Tower,0,37,48,5,90,0,0,90,0,90,0,37,138,5,180,44,12,56,236
12/19/2013,GNV,FL,ASO,ES,Federal Contract Tower,0,38,21,1,60,0,0,116,4,120,0,38,137,5,180,32,0,32,212
12/20/2013,GNV,FL,ASO,ES,Federal Contract Tower,0,33,21,0,54,0,0,60,0,60,0,33,81,0,114,60,0,60,174
12/21/2013,GNV,FL,ASO,ES,Federal Contract Tower,0,27,28,18,73,0,0,48,0,48,0,27,76,18,121,0,2,2,123
12/22/2013,GNV,FL,ASO,ES,Federal Contract Tower,0,32,17,10,59,0,0,19,4,23,0,32,36,14,82,16,0,16,98
12/23/2013,GNV,FL,ASO,ES,Federal Contract Tower,0,41,28,10,79,0,0,20,3,23,0,41,48,13,102,6,0,6,108
12/24/2013,GNV,FL,ASO,ES,Federal Contract Tower,0,26,20,0,46,0,0,24,0,24,0,26,44,0,70,0,0,0,70
12/25/2013,GNV,FL,ASO,ES,Federal Contract Tower,0,20,12,0,32,0,0,13,0,13,0,20,25,0,45,6,0,6,51
12/26/2013,GNV,FL,ASO,ES,Federal Contract Tower,0,38,38,0,76,0,0,55,0,55,0,38,93,0,131,44,0,44,175
12/27/2013,GNV,FL,ASO,ES,Federal Contract Tower,0,28,25,0,53,0,0,5,0,5,0,28,30,0,58,8,0,8,66
12/28/2013,GNV,FL,ASO,ES,Federal Contract Tower,0,28,29,0,57,0,0,1,0,1,0,28,30,0,58,0,0,0,58
12/29/2013,GNV,FL,ASO,ES,Federal Contract Tower,0,32,19,0,51,0,0,9,0,9,0,32,28,0,60,4,0,4,64
12/30/2013,GNV,FL,ASO,ES,Federal Contract Tower,0,30,29,15,74,0,0,90,0,90,0,30,119,15,164,26,0,26,190
12/31/2013,GNV,FL,ASO,ES,Federal Contract Tower,0,23,17,0,40,0,0,77,0,77,0,23,94,0,117,50,0,50,167
01/01/2014,GNV,FL,ASO,ES,Federal Contract Tower,0,23,14,0,37,0,0,1,0,1,0,23,15,0,38,0,0,0,38
01/02/2014,GNV,FL,ASO,ES,Federal Contract Tower,0,31,15,0,46,0,0,0,0,0,0,31,15,0,46,0,0,0,46
01/03/2014,GNV,FL,ASO,ES,Federal Contract Tower,0,30,24,16,70,0,0,40,0,40,0,30,64,16,110,4,0,4,114
01/04/2014,GNV,FL,ASO,ES,Federal Contract Tower,0,28,28,5,61,0,0,49,5,54,0,28,77,10,115,28,32,60,175
01/05/2014,GNV,FL,ASO,ES,Federal Contract Tower,0,39,49,2,90,0,0,68,4,72,0,39,117,6,162,40,12,52,214
01/06/2014,GNV,FL,ASO,ES,Federal Contract Tower,0,32,22,2,56,0,0,22,0,22,0,32,44,2,78,6,6,12,90
01/07/2014,GNV,FL,ASO,ES,Federal Contract Tower,0,38,30,19,87,0,0,80,8,88,0,38,110,27,175,24,0,24,199
01/08/2014,GNV,FL,ASO,ES,Federal Contract Tower,0,39,20,11,70,0,0,68,3,71,0,39,88,14,141,48,3,51,192
01/09/2014,GNV,FL,ASO,ES,Federal Contract Tower,0,31,19,16,66,0,0,0,0,0,0,31,19,16,66,0,0,0,66
01/10/2014,GNV,FL,ASO,ES,Federal Contract Tower,0,29,24,22,75,0,20,3,0,23,0,49,27,22,98,14,0,14,112
01/11/2014,GNV,FL,ASO,ES,Federal Contract Tower,0,28,19,2,49,0,0,2,8,10,0,28,21,10,59,0,0,0,59
01/12/2014,GNV,FL,ASO,ES,Federal Contract Tower,0,33,35,7,75,0,0,134,5,139,0,33,169,12,214,54,0,54,268
01/13/2014,GNV,FL,ASO,ES,Federal Contract Tower,0,28,27,15,70,0,0,58,4,62,0,28,85,19,132,32,72,104,236
01/14/2014,GNV,FL,ASO,ES,Federal Contract Tower,0,32,35,2,69,0,0,42,1,43,0,32,77,3,112,162,0,162,274
01/15/2014,GNV,FL,ASO,ES,Federal Contract Tower,0,32,41,8,81,0,0,106,0,106,0,32,147,8,187,64,2,66,253
01/16/2014,GNV,FL,ASO,ES,Federal Contract Tower,0,35,51,22,108,0,0,67,2,69,0,35,118,24,177,12,22,34,211
01/17/2014,GNV,FL,ASO,ES,Federal Contract Tower,0,36,44,57,137,0,0,77,2,79,0,36,121,59,216,68,0,68,284
01/18/2014,GNV,FL,ASO,ES,Federal Contract Tower,0,28,15,0,43,0,0,68,0,68,0,28,83,0,111,42,0,42,153
01/19/2014,GNV,FL,ASO,ES,Federal Contract Tower,0,32,32,17,81,0,0,49,0,49,0,32,81,17,130,12,0,12,142
01/20/2014,GNV,FL,ASO,ES,Federal Contract Tower,0,39,23,0,62,0,0,103,0,103,0,39,126,0,165,48,0,48,213
01/21/2014,GNV,FL,ASO,ES,Federal Contract Tower,0,35,29,25,89,0,0,36,0,36,0,35,65,25,125,32,0,32,157
01/22/2014,GNV,FL,ASO,ES,Federal Contract Tower,0,35,34,0,69,0,0,75,2,77,0,35,109,2,146,18,8,26,172
01/23/2014,GNV,FL,ASO,ES,Federal Contract Tower,0,38,53,26,117,0,0,142,1,143,0,38,195,27,260,36,16,52,312
01/24/2014,GNV,FL,ASO,ES,Federal Contract Tower,0,38,24,49,111,0,0,56,10,66,0,38,80,59,177,26,0,26,203
01/25/2014,GNV,FL,ASO,ES,Federal Contract Tower,0,26,30,27,83,0,0,94,0,94,0,26,124,27,177,20,0,20,197
01/26/2014,GNV,FL,ASO,ES,Federal Contract Tower,0,30,29,16,75,0,0,89,13,102,0,30,118,29,177,74,0,74,251
01/27/2014,GNV,FL,ASO,ES,Federal Contract Tower,0,27,27,32,86,0,0,71,8,79,0,27,98,40,165,60,0,60,225
01/28/2014,GNV,FL,ASO,ES,Federal Contract Tower,0,34,22,0,56,0,0,7,0,7,0,34,29,0,63,2,0,2,65
01/29/2014,GNV,FL,ASO,ES,Federal Contract Tower,0,18,16,0,34,0,0,4,0,4,0,18,20,0,38,0,0,0,38
01/30/2014,GNV,FL,ASO,ES,Federal Contract Tower,2,36,30,3,71,0,0,13,2,15,2,36,43,5,86,6,0,6,92
01/31/2014,GNV,FL,ASO,ES,Federal Contract Tower,0,33,47,5,85,0,0,19,0,19,0,33,66,5,104,30,0,30,134
02/01/2014,GNV,FL,ASO,ES,Federal Contract Tower,0,31,31,0,62,0,0,25,0,25,0,31,56,0,87,8,0,8,95
02/02/2014,GNV,FL,ASO,ES,Federal Contract Tower,0,32,22,9,63,0,0,13,0,13,0,32,35,9,76,0,0,0,76
02/03/2014,GNV,FL,ASO,ES,Federal Contract Tower,0,36,31,3,70,0,0,54,0,54,0,36,85,3,124,42,0,42,166
02/04/2014,GNV,FL,ASO,ES,Federal Contract Tower,0,28,23,4,55,0,0,43,0,43,0,28,66,4,98,31,0,31,129
02/05/2014,GNV,FL,ASO,ES,Federal Contract Tower,0,33,31,8,72,0,0,26,3,29,0,33,57,11,101,22,0,22,123
02/06/2014,GNV,FL,ASO,ES,Federal Contract Tower,2,32,38,3,75,0,0,19,2,21,2,32,57,5,96,12,0,12,108
02/07/2014,GNV,FL,ASO,ES,Federal Contract Tower,0,33,54,26,113,0,0,0,0,0,0,33,54,26,113,0,0,0,113
02/08/2014,GNV,FL,ASO,ES,Federal Contract Tower,0,26,34,3,63,0,0,0,0,0,0,26,34,3,63,0,0,0,63
02/09/2014,GNV,FL,ASO,ES,Federal Contract Tower,0,30,34,13,77,0,0,96,12,108,0,30,130,25,185,66,4,70,255
02/10/2014,GNV,FL,ASO,ES,Federal Contract Tower,0,28,26,21,75,0,0,140,5,145,0,28,166,26,220,54,18,72,292
02/11/2014,GNV,FL,ASO,ES,Federal Contract Tower,0,27,32,11,70,0,0,90,18,108,0,27,122,29,178,102,10,112,290
02/12/2014,GNV,FL,ASO,ES,Federal Contract Tower,0,11,13,4,28,0,0,0,0,0,0,11,13,4,28,0,0,0,28
02/13/2014,GNV,FL,ASO,ES,Federal Contract Tower,0,20,49,15,84,0,0,22,4,26,0,20,71,19,110,0,0,0,110
02/14/2014,GNV,FL,ASO,ES,Federal Contract Tower,0,32,30,12,74,0,0,112,0,112,0,32,142,12,186,59,16,75,261
02/15/2014,GNV,FL,ASO,ES,Federal Contract Tower,0,24,26,7,57,0,0,27,5,32,0,24,53,12,89,10,2,12,101
02/16/2014,GNV,FL,ASO,ES,Federal Contract Tower,0,29,40,6,75,0,0,83,1,84,0,29,123,7,159,66,0,66,225
02/17/2014,GNV,FL,ASO,ES,Federal Contract Tower,0,42,30,0,72,0,0,136,0,136,0,42,166,0,208,76,0,76,284
02/18/2014,GNV,FL,ASO,ES,Federal Contract Tower,2,34,32,6,74,0,0,94,4,98,2,34,126,10,172,64,26,90,262
02/19/2014,GNV,FL,ASO,ES,Federal Contract Tower,0,40,51,11,102,0,0,78,5,83,0,40,129,16,185,10,4,14,199
02/20/2014,GNV,FL,ASO,ES,Federal Contract Tower,0,37,34,17,88,0,0,79,0,79,0,37,113,17,167,40,4,44,211
02/21/2014,GNV,FL,ASO,ES,Federal Contract Tower,0,28,36,0,64,0,0,7,1,8,0,28,43,1,72,0,0,0,72
02/22/2014,GNV,FL,ASO,ES,Federal Contract Tower,0,36,40,7,83,0,0,33,1,34,0,36,73,8,117,26,0,26,143
02/23/2014,GNV,FL,ASO,ES,Federal Contract Tower,0,31,13,0,44,0,0,5,0,5,0,31,18,0,49,0,0,0,49
02/24/2014,GNV,FL,ASO,ES,Federal Contract Tower,0,29,27,0,56,0,0,18,0,18,0,29,45,0,74,0,0,0,74
02/25/2014,GNV,FL,ASO,ES,Federal Contract Tower,0,31,33,4,68,0,0,55,4,59,0,31,88,8,127,52,0,52,179
02/26/2014,GNV,FL,ASO,ES,Federal Contract Tower,0,36,26,0,62,0,0,1,0,1,0,36,27,0,63,0,0,0,63
02/27/2014,GNV,FL,ASO,ES,Federal Contract Tower,0,37,31,2,70,0,0,74,2,76,0,37,105,4,146,22,14,36,182
02/28/2014,GNV,FL,ASO,ES,Federal Contract Tower,0,35,30,16,81,0,0,113,6,119,0,35,143,22,200,68,0,68,268
03/01/2014,GNV,FL,ASO,ES,Federal Contract Tower,0,27,42,0,69,0,0,66,0,66,0,27,108,0,135,38,0,38,173
03/02/2014,GNV,FL,ASO,ES,Federal Contract Tower,0,33,24,7,64,0,0,59,3,62,0,33,83,10,126,50,0,50,176
03/03/2014,GNV,FL,ASO,ES,Federal Contract Tower,0,32,12,41,85,0,0,65,6,71,0,32,77,47,156,50,14,64,220
03/04/2014,GNV,FL,ASO,ES,Federal Contract Tower,0,35,42,16,93,0,0,0,2,2,0,35,42,18,95,0,0,0,95
03/05/2014,GNV,FL,ASO,ES,Federal Contract Tower,0,32,27,5,64,0,0,0,0,0,0,32,27,5,64,0,0,0,64
03/06/2014,GNV,FL,ASO,ES,Federal Contract Tower,0,37,17,0,54,0,0,0,0,0,0,37,17,0,54,0,0,0,54
03/07/2014,GNV,FL,ASO,ES,Federal Contract Tower,0,34,35,32,101,0,0,16,4,20,0,34,51,36,121,0,2,2,123
03/08/2014,GNV,FL,ASO,ES,Federal Contract Tower,0,32,36,30,98,0,0,137,0,137,0,32,173,30,235,54,30,84,319
03/09/2014,GNV,FL,ASO,ES,Federal Contract Tower,0,26,21,10,57,0,0,115,2,117,0,26,136,12,174,64,0,64,238
03/10/2014,GNV,FL,ASO,ES,Federal Contract Tower,0,34,23,2,59,0,0,127,8,135,0,34,150,10,194,36,10,46,240
03/11/2014,GNV,FL,ASO,ES,Federal Contract Tower,0,37,17,19,73,0,0,68,5,73,0,37,85,24,146,40,24,64,210
03/12/2014,GNV,FL,ASO,ES,Federal Contract Tower,0,30,33,32,95,0,0,24,4,28,0,30,57,36,123,62,10,72,195
03/13/2014,GNV,FL,ASO,ES,Federal Contract Tower,0,45,40,4,89,0,0,81,2,83,0,45,121,6,172,26,8,34,206
03/14/2014,GNV,FL,ASO,ES,Federal Contract Tower,0,43,36,31,110,0,0,118,6,124,0,43,154,37,234,38,6,44,278
03/15/2014,GNV,FL,ASO,ES,Federal Contract Tower,0,26,45,36,107,0,0,131,4,135,0,26,176,40,242,68,24,92,334
03/16/2014,GNV,FL,ASO,ES,Federal Contract Tower,0,30,42,27,99,0,0,41,2,43,0,30,83,29,142,0,0,0,142
03/17/2014,GNV,FL,ASO,ES,Federal Contract Tower,0,32,17,5,54,0,0,0,0,0,0,32,17,5,54,0,0,0,54
03/18/2014,GNV,FL,ASO,ES,Federal Contract Tower,0,35,38,0,73,0,0,51,3,54,0,35,89,3,127,0,0,0,127
03/19/2014,GNV,FL,ASO,ES,Federal Contract Tower,2,35,55,23,115,0,0,40,1,41,2,35,95,24,156,32,2,34,190
03/20/2014,GNV,FL,ASO,ES,Federal Contract Tower,0,42,22,4,68,0,0,136,6,142,0,42,158,10,210,32,12,44,254
03/21/2014,GNV,FL,ASO,ES,Federal Contract Tower,0,36,39,51,126,0,0,124,13,137,0,36,163,64,263,52,0,52,315
03/22/2014,GNV,FL,ASO,ES,Federal Contract Tower,0,24,25,6,55,0,1,78,0,79,0,25,103,6,134,32,0,32,166
03/23/2014,GNV,FL,ASO,ES,Federal Contract Tower,0,29,34,24,87,0,0,44,2,46,0,29,78,26,133,18,2,20,153
03/24/2014,GNV,FL,ASO,ES,Federal Contract Tower,0,32,18,10,60,0,0,18,2,20,0,32,36,12,80,12,30,42,122
03/25/2014,GNV,FL,ASO,ES,Federal Contract Tower,2,30,22,18,72,0,0,51,4,55,2,30,73,22,127,46,0,46,173
03/26/2014,GNV,FL,ASO,ES,Federal Contract Tower,2,50,26,9,87,1,2,85,11,99,3,52,111,20,186,120,8,128,314
03/27/2014,GNV,FL,ASO,ES,Federal Contract Tower,0,37,23,10,70,0,0,117,2,119,0,37,140,12,189,60,4,64,253
03/28/2014,GNV,FL,ASO,ES,Federal Contract Tower,0,36,13,0,49,0,0,22,0,22,0,36,35,0,71,2,0,2,73
03/29/2014,GNV,FL,ASO,ES,Federal Contract Tower,0,24,28,0,52,0,0,10,0,10,0,24,38,0,62,6,0,6,68
03/30/2014,GNV,FL,ASO,ES,Federal Contract Tower,0,30,21,8,59,0,2,58,1,61,0,32,79,9,120,22,0,22,142
03/31/2014,GNV,FL,ASO,ES,Federal Contract Tower,0,30,16,0,46,0,0,106,2,108,0,30,122,2,154,72,2,74,228
04/01/2014,GNV,FL,ASO,ES,Federal Contract Tower,7,28,25,7,67,0,0,84,9,93,7,28,109,16,160,66,16,82,242
04/02/2014,GNV,FL,ASO,ES,Federal Contract Tower,14,29,25,15,83,0,0,108,4,112,14,29,133,19,195,26,26,52,247
04/03/2014,GNV,FL,ASO,ES,Federal Contract Tower,7,22,29,6,64,0,0,107,5,112,7,22,136,11,176,36,0,36,212
04/04/2014,GNV,FL,ASO,ES,Federal Contract Tower,15,16,41,45,117,0,0,70,14,84,15,16,111,59,201,26,8,34,235
04/05/2014,GNV,FL,ASO,ES,Federal Contract Tower,6,17,21,11,55,0,0,0,0,0,6,17,21,11,55,10,28,38,93
04/06/2014,GNV,FL,ASO,ES,Federal Contract Tower,9,26,31,9,75,0,2,68,5,75,9,28,99,14,150,0,4,4,154
04/07/2014,GNV,FL,ASO,ES,Federal Contract Tower,3,30,20,18,71,0,0,36,6,42,3,30,56,24,113,8,18,26,139
04/08/2014,GNV,FL,ASO,ES,Federal Contract Tower,8,28,24,9,69,0,0,31,3,34,8,28,55,12,103,0,0,0,103
04/09/2014,GNV,FL,ASO,ES,Federal Contract Tower,6,19,37,17,79,0,2,101,13,116,6,21,138,30,195,32,38,70,265
04/10/2014,GNV,FL,ASO,ES,Federal Contract Tower,9,21,25,10,65,0,0,176,1,177,9,21,201,11,242,42,0,42,284
04/11/2014,GNV,FL,ASO,ES,Federal Contract Tower,8,24,41,22,95,0,0,98,1,99,8,24,139,23,194,40,8,48,242
04/12/2014,GNV,FL,ASO,ES,Federal Contract Tower,1,26,25,3,55,0,0,115,1,116,1,26,140,4,171,26,8,34,205
04/13/2014,GNV,FL,ASO,ES,Federal Contract Tower,4,24,33,7,68,0,0,47,6,53,4,24,80,13,121,4,0,4,125
04/14/2014,GNV,FL,ASO,ES,Federal Contract Tower,10,24,33,0,67,0,0,46,3,49,10,24,79,3,116,12,0,12,128
04/15/2014,GNV,FL,ASO,ES,Federal Contract Tower,7,25,10,1,43,0,0,15,1,16,7,25,25,2,59,0,6,6,65
04/16/2014,GNV,FL,ASO,ES,Federal Contract Tower,8,26,38,7,79,0,0,48,11,59,8,26,86,18,138,10,2,12,150
04/17/2014,GNV,FL,ASO,ES,Federal Contract Tower,8,22,36,20,86,0,0,22,2,24,8,22,58,22,110,0,0,0,110
04/18/2014,GNV,FL,ASO,ES,Federal Contract Tower,10,21,9,0,40,0,0,3,0,3,10,21,12,0,43,0,0,0,43
04/19/2014,GNV,FL,ASO,ES,Federal Contract Tower,5,18,32,0,55,0,0,0,0,0,5,18,32,0,55,0,0,0,55
04/20/2014,GNV,FL,ASO,ES,Federal Contract Tower,6,14,21,3,44,0,3,8,0,11,6,17,29,3,55,1,0,1,56
04/21/2014,GNV,FL,ASO,ES,Federal Contract Tower,11,21,31,5,68,0,0,48,1,49,11,21,79,6,117,20,0,20,137
04/22/2014,GNV,FL,ASO,ES,Federal Contract Tower,10,23,24,10,67,0,0,104,4,108,10,23,128,14,175,10,14,24,199
04/23/2014,GNV,FL,ASO,ES,Federal Contract Tower,10,24,49,3,86,0,0,98,0,98,10,24,147,3,184,38,16,54,238
04/24/2014,GNV,FL,ASO,ES,Federal Contract Tower,10,21,44,21,96,0,0,68,3,71,10,21,112,24,167,36,0,36,203
04/25/2014,GNV,FL,ASO,ES,Federal Contract Tower,9,22,32,49,112,0,0,59,6,65,9,22,91,55,177,30,10,40,217
04/26/2014,GNV,FL,ASO,ES,Federal Contract Tower,8,19,24,11,62,0,0,79,3,82,8,19,103,14,144,42,44,86,230
04/27/2014,GNV,FL,ASO,ES,Federal Contract Tower,10,21,34,32,97,0,1,95,5,101,10,22,129,37,198,28,2,30,228
04/28/2014,GNV,FL,ASO,ES,Federal Contract Tower,10,18,24,17,69,0,0,82,3,85,10,18,106,20,154,50,14,64,218
04/29/2014,GNV,FL,ASO,ES,Federal Contract Tower,11,29,41,3,84,0,0,26,1,27,11,29,67,4,111,2,4,6,117
04/30/2014,GNV,FL,ASO,ES,Federal Contract Tower,10,17,24,0,51,0,1,23,0,24,10,18,47,0,75,16,0,16,91
05/01/2014,GNV,FL,ASO,ES,Federal Contract Tower,7,34,36,44,121,0,0,41,3,44,7,34,77,47,165,26,0,26,191
05/02/2014,GNV,FL,ASO,ES,Federal Contract Tower,12,18,18,18,66,0,0,2,0,2,12,18,20,18,68,0,0,0,68
05/03/2014,GNV,FL,ASO,ES,Federal Contract Tower,6,17,29,11,63,5,8,0,0,13,11,25,29,11,76,0,10,10,86
05/04/2014,GNV,FL,ASO,ES,Federal Contract Tower,2,26,39,36,103,0,0,66,5,71,2,26,105,41,174,8,46,54,228
05/05/2014,GNV,FL,ASO,ES,Federal Contract Tower,6,24,26,2,58,0,0,118,2,120,6,24,144,4,178,36,0,36,214
05/06/2014,GNV,FL,ASO,ES,Federal Contract Tower,9,26,27,9,71,0,0,96,2,98,9,26,123,11,169,28,2,30,199
05/07/2014,GNV,FL,ASO,ES,Federal Contract Tower,8,29,42,23,102,0,0,90,5,95,8,29,132,28,197,38,0,38,235
05/08/2014,GNV,FL,ASO,ES,Federal Contract Tower,10,26,46,15,97,0,0,99,7,106,10,26,145,22,203,52,16,68,271
05/09/2014,GNV,FL,ASO,ES,Federal Contract Tower,10,23,24,38,95,0,0,50,23,73,10,23,74,61,168,38,16,54,222
05/10/2014,GNV,FL,ASO,ES,Federal Contract Tower,6,16,20,9,51,0,0,56,12,68,6,16,76,21,119,56,12,68,187
05/11/2014,GNV,FL,ASO,ES,Federal Contract Tower,9,20,17,8,54,0,0,33,16,49,9,20,50,24,103,6,6,12,115
05/12/2014,GNV,FL,ASO,ES,Federal Contract Tower,9,22,18,1,50,0,0,86,3,89,9,22,104,4,139,40,8,48,187
05/13/2014,GNV,FL,ASO,ES,Federal Contract Tower,6,31,26,11,74,0,0,80,2,82,6,31,106,13,156,32,4,36,192
05/14/2014,GNV,FL,ASO,ES,Federal Contract Tower,5,28,33,5,71,0,0,17,0,17,5,28,50,5,88,4,0,4,92
05/15/2014,GNV,FL,ASO,ES,Federal Contract Tower,8,23,21,1,53,0,0,5,8,13,8,23,26,9,66,0,6,6,72
05/16/2014,GNV,FL,ASO,ES,Federal Contract Tower,9,29,31,45,114,0,0,88,6,94,9,29,119,51,208,12,0,12,220
05/17/2014,GNV,FL,ASO,ES,Federal Contract Tower,8,20,18,2,48,0,0,101,6,107,8,20,119,8,155,6,0,6,161
05/18/2014,GNV,FL,ASO,ES,Federal Contract Tower,4,27,25,28,84,0,0,64,6,70,4,27,89,34,154,26,4,30,184
05/19/2014,GNV,FL,ASO,ES,Federal Contract Tower,10,28,11,0,49,0,0,84,0,84,10,28,95,0,133,34,0,34,167
05/20/2014,GNV,FL,ASO,ES,Federal Contract Tower,9,26,23,11,69,0,0,76,10,86,9,26,99,21,155,36,2,38,193
05/21/2014,GNV,FL,ASO,ES,Federal Contract Tower,8,21,39,2,70,0,0,99,3,102,8,21,138,5,172,32,8,40,212
05/22/2014,GNV,FL,ASO,ES,Federal Contract Tower,8,23,22,23,76,0,0,76,7,83,8,23,98,30,159,36,40,76,235
05/23/2014,GNV,FL,ASO,ES,Federal Contract Tower,9,18,32,9,68,0,0,55,0,55,9,18,87,9,123,32,8,40,163
05/24/2014,GNV,FL,ASO,ES,Federal Contract Tower,6,19,27,2,54,0,0,0,0,0,6,19,27,2,54,0,0,0,54
05/25/2014,GNV,FL,ASO,ES,Federal Contract Tower,4,26,20,0,50,0,0,23,0,23,4,26,43,0,73,10,0,10,83
05/26/2014,GNV,FL,ASO,ES,Federal Contract Tower,7,21,11,1,40,0,0,25,0,25,7,21,36,1,65,24,0,24,89
05/27/2014,GNV,FL,ASO,ES,Federal Contract Tower,10,24,26,19,79,0,1,58,3,62,10,25,84,22,141,26,20,46,187
05/28/2014,GNV,FL,ASO,ES,Federal Contract Tower,11,26,28,11,76,0,0,50,6,56,11,26,78,17,132,28,6,34,166
05/29/2014,GNV,FL,ASO,ES,Federal Contract Tower,9,22,28,17,76,0,0,89,22,111,9,22,117,39,187,62,14,76,263
05/30/2014,GNV,FL,ASO,ES,Federal Contract Tower,11,24,35,24,94,0,0,48,6,54,11,24,83,30,148,14,10,24,172
05/31/2014,GNV,FL,ASO,ES,Federal Contract Tower,8,16,26,9,59,0,0,31,1,32,8,16,57,10,91,22,6,28,119
06/01/2014,GNV,FL,ASO,ES,Federal Contract Tower,4,33,30,0,67,0,0,21,12,33,4,33,51,12,100,18,14,32,132
06/02/2014,GNV,FL,ASO,ES,Federal Contract Tower,10,23,30,14,77,0,0,62,2,64,10,23,92,16,141,42,10,52,193
06/03/2014,GNV,FL,ASO,ES,Federal Contract Tower,10,17,17,25,69,0,0,87,5,92,10,17,104,30,161,26,22,48,209
06/04/2014,GNV,FL,ASO,ES,Federal Contract Tower,10,29,22,16,77,0,0,116,12,128,10,29,138,28,205,28,4,32,237
06/05/2014,GNV,FL,ASO,ES,Federal Contract Tower,6,30,25,9,70,0,0,106,3,109,6,30,131,12,179,102,0,102,281
06/06/2014,GNV,FL,ASO,ES,Federal Contract Tower,5,27,37,24,93,0,0,80,16,96,5,27,117,40,189,16,14,30,219
06/07/2014,GNV,FL,ASO,ES,Federal Contract Tower,5,22,20,7,54,0,0,37,9,46,5,22,57,16,100,18,0,18,118
06/08/2014,GNV,FL,ASO,ES,Federal Contract Tower,4,24,29,3,60,0,0,29,2,31,4,24,58,5,91,4,4,8,99
06/09/2014,GNV,FL,ASO,ES,Federal Contract Tower,5,30,13,15,63,0,0,59,7,66,5,30,72,22,129,20,0,20,149
06/10/2014,GNV,FL,ASO,ES,Federal Contract Tower,4,23,29,5,61,0,0,50,2,52,4,23,79,7,113,20,0,20,133
06/11/2014,GNV,FL,ASO,ES,Federal Contract Tower,4,31,25,0,60,0,0,20,0,20,4,31,45,0,80,12,0,12,92
06/12/2014,GNV,FL,ASO,ES,Federal Contract Tower,3,29,32,5,69,0,0,56,4,60,3,29,88,9,129,46,8,54,183
06/13/2014,GNV,FL,ASO,ES,Federal Contract Tower,6,24,31,3,64,0,0,39,0,39,6,24,70,3,103,18,2,20,123
06/14/2014,GNV,FL,ASO,ES,Federal Contract Tower,5,18,14,0,37,0,0,27,0,27,5,18,41,0,64,12,0,12,76
06/15/2014,GNV,FL,ASO,ES,Federal Contract Tower,4,24,15,6,49,0,0,35,0,35,4,24,50,6,84,54,0,54,138
06/16/2014,GNV,FL,ASO,ES,Federal Contract Tower,5,24,18,4,51,0,0,53,2,55,5,24,71,6,106,30,0,30,136
06/17/2014,GNV,FL,ASO,ES,Federal Contract Tower,5,25,43,30,103,0,1,68,8,77,5,26,111,38,180,32,39,71,251
06/18/2014,GNV,FL,ASO,ES,Federal Contract Tower,1,27,17,15,60,0,1,82,10,93,1,28,99,25,153,28,20,48,201
06/19/2014,GNV,FL,ASO,ES,Federal Contract Tower,5,30,20,15,70,0,0,83,12,95,5,30,103,27,165,72,10,82,247
06/20/2014,GNV,FL,ASO,ES,Federal Contract Tower,4,41,37,17,99,0,0,68,4,72,4,41,105,21,171,44,0,44,215
06/21/2014,GNV,FL,ASO,ES,Federal Contract Tower,2,23,27,3,55,0,0,43,0,43,2,23,70,3,98,28,0,28,126
06/22/2014,GNV,FL,ASO,ES,Federal Contract Tower,6,23,20,1,50,0,0,29,0,29,6,23,49,1,79,16,0,16,95
06/23/2014,GNV,FL,ASO,ES,Federal Contract Tower,10,26,27,2,65,0,0,36,1,37,10,26,63,3,102,20,6,26,128
06/24/2014,GNV,FL,ASO,ES,Federal Contract Tower,5,27,26,2,60,0,0,51,3,54,5,27,77,5,114,28,6,34,148
06/25/2014,GNV,FL,ASO,ES,Federal Contract Tower,4,25,53,5,87,0,0,81,2,83,4,25,134,7,170,26,0,26,196
06/26/2014,GNV,FL,ASO,ES,Federal Contract Tower,3,31,37,11,82,0,0,80,0,80,3,31,117,11,162,46,0,46,208
06/27/2014,GNV,FL,ASO,ES,Federal Contract Tower,4,24,52,45,125,0,0,85,6,91,4,24,137,51,216,38,6,44,260
06/28/2014,GNV,FL,ASO,ES,Federal Contract Tower,5,21,19,12,57,0,0,57,16,73,5,21,76,28,130,20,2,22,152
06/29/2014,GNV,FL,ASO,ES,Federal Contract Tower,4,22,21,5,52,0,0,53,4,57,4,22,74,9,109,10,0,10,119
06/30/2014,GNV,FL,ASO,ES,Federal Contract Tower,3,27,37,8,75,0,0,39,2,41,3,27,76,10,116,40,0,40,156
07/01/2014,GNV,FL,ASO,ES,Federal Contract Tower,5,21,19,12,57,0,0,23,2,25,5,21,42,14,82,24,0,24,106
07/02/2014,GNV,FL,ASO,ES,Federal Contract Tower,6,26,33,2,67,0,0,26,8,34,6,26,59,10,101,4,0,4,105
07/03/2014,GNV,FL,ASO,ES,Federal Contract Tower,7,23,20,1,51,0,0,40,0,40,7,23,60,1,91,4,0,4,95
07/04/2014,GNV,FL,ASO,ES,Federal Contract Tower,3,21,8,0,32,0,0,29,0,29,3,21,37,0,61,6,0,6,67
07/05/2014,GNV,FL,ASO,ES,Federal Contract Tower,6,18,21,4,49,0,0,40,0,40,6,18,61,4,89,12,0,12,101
07/06/2014,GNV,FL,ASO,ES,Federal Contract Tower,4,24,21,1,50,0,0,12,0,12,4,24,33,1,62,24,0,24,86
07/07/2014,GNV,FL,ASO,ES,Federal Contract Tower,6,34,39,11,90,0,1,26,2,29,6,35,65,13,119,34,8,42,161
07/08/2014,GNV,FL,ASO,ES,Federal Contract Tower,8,22,21,11,62,0,0,41,1,42,8,22,62,12,104,34,6,40,144
07/09/2014,GNV,FL,ASO,ES,Federal Contract Tower,6,26,28,17,77,0,3,86,7,96,6,29,114,24,173,80,6,86,259
07/10/2014,GNV,FL,ASO,ES,Federal Contract Tower,9,24,16,6,55,0,0,37,3,40,9,24,53,9,95,0,20,20,115
07/11/2014,GNV,FL,ASO,ES,Federal Contract Tower,4,25,22,11,62,0,0,72,0,72,4,25,94,11,134,36,0,36,170
07/12/2014,GNV,FL,ASO,ES,Federal Contract Tower,6,17,33,0,56,0,0,28,0,28,6,17,61,0,84,10,0,10,94
07/13/2014,GNV,FL,ASO,ES,Federal Contract Tower,6,21,28,15,70,0,0,23,3,26,6,21,51,18,96,6,4,10,106
07/14/2014,GNV,FL,ASO,ES,Federal Contract Tower,7,27,16,1,51,0,0,49,1,50,7,27,65,2,101,20,0,20,121
07/15/2014,GNV,FL,ASO,ES,Federal Contract Tower,8,21,19,2,50,0,0,13,4,17,8,21,32,6,67,12,2,14,81
07/16/2014,GNV,FL,ASO,ES,Federal Contract Tower,7,28,29,2,66,0,0,12,0,12,7,28,41,2,78,4,0,4,82
07/17/2014,GNV,FL,ASO,ES,Federal Contract Tower,6,26,46,5,83,0,0,54,7,61,6,26,100,12,144,14,4,18,162
07/18/2014,GNV,FL,ASO,ES,Federal Contract Tower,6,22,30,43,101,0,0,111,8,119,6,22,141,51,220,38,16,54,274
07/19/2014,GNV,FL,ASO,ES,Federal Contract Tower,6,16,23,23,68,0,0,63,8,71,6,16,86,31,139,16,22,38,177
07/20/2014,GNV,FL,ASO,ES,Federal Contract Tower,4,27,22,20,73,0,0,42,1,43,4,27,64,21,116,38,0,38,154
07/21/2014,GNV,FL,ASO,ES,Federal Contract Tower,4,27,34,15,80,0,0,57,5,62,4,27,91,20,142,22,18,40,182
07/22/2014,GNV,FL,ASO,ES,Federal Contract Tower,8,24,27,8,67,0,0,54,8,62,8,24,81,16,129,2,22,24,153
07/23/2014,GNV,FL,ASO,ES,Federal Contract Tower,3,23,40,4,70,0,3,60,10,73,3,26,100,14,143,44,0,44,187
07/24/2014,GNV,FL,ASO,ES,Federal Contract Tower,7,23,28,3,61,0,0,72,2,74,7,23,100,5,135,4,8,12,147
07/25/2014,GNV,FL,ASO,ES,Federal Contract Tower,8,28,42,26,104,0,0,55,20,75,8,28,97,46,179,28,12,40,219
07/26/2014,GNV,FL,ASO,ES,Federal Contract Tower,6,21,28,16,71,0,2,77,13,92,6,23,105,29,163,38,10,48,211
07/27/2014,GNV,FL,ASO,ES,Federal Contract Tower,3,30,25,21,79,0,1,65,9,75,3,31,90,30,154,25,0,25,179
07/28/2014,GNV,FL,ASO,ES,Federal Contract Tower,8,22,24,0,54,0,0,27,0,27,8,22,51,0,81,0,0,0,81
07/29/2014,GNV,FL,ASO,ES,Federal Contract Tower,6,27,19,10,62,0,0,43,3,46,6,27,62,13,108,8,0,8,116
07/30/2014,GNV,FL,ASO,ES,Federal Contract Tower,8,22,24,7,61,0,6,86,2,94,8,28,110,9,155,56,12,68,223
07/31/2014,GNV,FL,ASO,ES,Federal Contract Tower,8,26,14,18,66,0,0,46,0,46,8,26,60,18,112,6,26,32,144
08/01/2014,GNV,FL,ASO,ES,Federal Contract Tower,5,24,23,10,62,0,2,40,10,52,5,26,63,20,114,10,0,10,124
08/02/2014,GNV,FL,ASO,ES,Federal Contract Tower,6,20,16,18,60,0,0,55,15,70,6,20,71,33,130,20,8,28,158
08/03/2014,GNV,FL,ASO,ES,Federal Contract Tower,6,22,18,3,49,0,0,26,3,29,6,22,44,6,78,0,0,0,78
08/04/2014,GNV,FL,ASO,ES,Federal Contract Tower,8,27,19,7,61,0,0,18,0,18,8,27,37,7,79,0,0,0,79
08/05/2014,GNV,FL,ASO,ES,Federal Contract Tower,9,29,28,8,74,0,0,48,11,59,9,29,76,19,133,18,2,20,153
08/06/2014,GNV,FL,ASO,ES,Federal Contract Tower,6,31,28,8,73,0,0,44,3,47,6,31,72,11,120,24,0,24,144
08/07/2014,GNV,FL,ASO,ES,Federal Contract Tower,7,21,30,13,71,0,0,55,7,62,7,21,85,20,133,8,10,18,151
08/08/2014,GNV,FL,ASO,ES,Federal Contract Tower,7,24,23,13,67,0,0,62,8,70,7,24,85,21,137,30,0,30,167
08/09/2014,GNV,FL,ASO,ES,Federal Contract Tower,5,19,30,10,64,0,0,28,5,33,5,19,58,15,97,0,4,4,101
08/10/2014,GNV,FL,ASO,ES,Federal Contract Tower,7,21,11,18,57,0,0,41,5,46,7,21,52,23,103,6,0,6,109
08/11/2014,GNV,FL,ASO,ES,Federal Contract Tower,8,29,19,3,59,0,0,25,1,26,8,29,44,4,85,16,4,20,105
08/12/2014,GNV,FL,ASO,ES,Federal Contract Tower,8,25,13,1,47,0,0,4,1,5,8,25,17,2,52,2,0,2,54
08/13/2014,GNV,FL,ASO,ES,Federal Contract Tower,6,34,28,6,74,0,0,20,5,25,6,34,48,11,99,16,4,20,119
08/14/2014,GNV,FL,ASO,ES,Federal Contract Tower,8,25,20,4,57,0,0,26,0,26,8,25,46,4,83,10,0,10,93
08/15/2014,GNV,FL,ASO,ES,Federal Contract Tower,6,35,29,0,70,0,0,22,2,24,6,35,51,2,94,12,0,12,106
08/16/2014,GNV,FL,ASO,ES,Federal Contract Tower,5,22,15,14,56,0,0,49,7,56,5,22,64,21,112,8,4,12,124
08/17/2014,GNV,FL,ASO,ES,Federal Contract Tower,6,33,18,3,60,0,0,44,4,48,6,33,62,7,108,0,0,0,108
08/18/2014,GNV,FL,ASO,ES,Federal Contract Tower,7,24,32,10,73,0,0,48,0,48,7,24,80,10,121,6,14,20,141
08/19/2014,GNV,FL,ASO,ES,Federal Contract Tower,6,29,21,13,69,0,0,79,7,86,6,29,100,20,155,12,18,30,185
08/20/2014,GNV,FL,ASO,ES,Federal Contract Tower,5,24,31,20,80,0,0,66,6,72,5,24,97,26,152,16,0,16,168
08/21/2014,GNV,FL,ASO,ES,Federal Contract Tower,6,26,27,0,59,0,0,40,2,42,6,26,67,2,101,10,0,10,111
08/22/2014,GNV,FL,ASO,ES,Federal Contract Tower,5,25,29,26,85,0,0,54,6,60,5,25,83,32,145,24,0,24,169
08/23/2014,GNV,FL,ASO,ES,Federal Contract Tower,6,15,19,10,50,0,2,72,16,90,6,17,91,26,140,14,2,16,156
08/24/2014,GNV,FL,ASO,ES,Federal Contract Tower,2,31,16,11,60,0,0,43,7,50,2,31,59,18,110,10,0,10,120
08/25/2014,GNV,FL,ASO,ES,Federal Contract Tower,5,25,23,7,60,0,0,18,2,20,5,25,41,9,80,0,4,4,84
08/26/2014,GNV,FL,ASO,ES,Federal Contract Tower,4,29,25,11,69,0,0,44,1,45,4,29,69,12,114,32,6,38,152
08/27/2014,GNV,FL,ASO,ES,Federal Contract Tower,4,33,34,7,78,0,0,34,9,43,4,33,68,16,121,2,0,2,123
08/28/2014,GNV,FL,ASO,ES,Federal Contract Tower,4,37,23,9,73,0,0,85,3,88,4,37,108,12,161,44,8,52,213
08/29/2014,GNV,FL,ASO,ES,Federal Contract Tower,7,30,36,4,77,0,55,0,0,55,7,85,36,4,132,28,2,30,162
08/30/2014,GNV,FL,ASO,ES,Federal Contract Tower,4,17,35,0,56,0,0,54,0,54,4,17,89,0,110,0,0,0,110
08/31/2014,GNV,FL,ASO,ES,Federal Contract Tower,4,24,16,0,44,0,0,49,0,49,4,24,65,0,93,6,0,6,99
09/01/2014,GNV,FL,ASO,ES,Federal Contract Tower,6,26,25,0,57,0,0,52,0,52,6,26,77,0,109,14,0,14,123
09/02/2014,GNV,FL,ASO,ES,Federal Contract Tower,6,26,14,0,46,0,0,43,4,47,6,26,57,4,93,14,0,14,107
09/03/2014,GNV,FL,ASO,ES,Federal Contract Tower,5,31,30,8,74,0,0,52,8,60,5,31,82,16,134,0,0,0,134
09/04/2014,GNV,FL,ASO,ES,Federal Contract Tower,8,23,31,8,70,0,0,40,6,46,8,23,71,14,116,14,0,14,130
09/05/2014,GNV,FL,ASO,ES,Federal Contract Tower,9,27,25,22,83,0,0,42,8,50,9,27,67,30,133,0,12,12,145
09/06/2014,GNV,FL,ASO,ES,Federal Contract Tower,5,17,30,14,66,0,0,20,4,24,5,17,50,18,90,0,8,8,98
09/07/2014,GNV,FL,ASO,ES,Federal Contract Tower,7,19,32,16,74,0,0,15,7,22,7,19,47,23,96,8,0,8,104
09/08/2014,GNV,FL,ASO,ES,Federal Contract Tower,3,23,28,7,61,0,0,35,2,37,3,23,63,9,98,0,0,0,98
09/09/2014,GNV,FL,ASO,ES,Federal Contract Tower,7,22,25,0,54,0,0,38,5,43,7,22,63,5,97,14,0,14,111
09/10/2014,GNV,FL,ASO,ES,Federal Contract Tower,5,28,19,14,66,0,0,65,6,71,5,28,84,20,137,4,10,14,151
09/11/2014,GNV,FL,ASO,ES,Federal Contract Tower,6,24,31,3,64,0,0,80,3,83,6,24,111,6,147,38,0,38,185
09/12/2014,GNV,FL,ASO,ES,Federal Contract Tower,6,24,22,38,90,0,0,57,13,70,6,24,79,51,160,6,36,42,202
09/13/2014,GNV,FL,ASO,ES,Federal Contract Tower,4,24,39,4,71,0,7,116,8,131,4,31,155,12,202,42,8,50,252
09/14/2014,GNV,FL,ASO,ES,Federal Contract Tower,5,29,27,3,64,0,0,59,0,59,5,29,86,3,123,20,0,20,143
09/15/2014,GNV,FL,ASO,ES,Federal Contract Tower,4,29,21,18,72,0,0,57,5,62,4,29,78,23,134,26,6,32,166
09/16/2014,GNV,FL,ASO,ES,Federal Contract Tower,6,25,19,2,52,0,0,21,0,21,6,25,40,2,73,24,0,24,97
09/17/2014,GNV,FL,ASO,ES,Federal Contract Tower,6,27,33,6,72,0,0,54,0,54,6,27,87,6,126,46,0,46,172
09/18/2014,GNV,FL,ASO,ES,Federal Contract Tower,5,25,30,13,73,0,0,71,1,72,5,25,101,14,145,34,6,40,185
09/19/2014,GNV,FL,ASO,ES,Federal Contract Tower,4,29,28,7,68,0,0,31,3,34,4,29,59,10,102,28,0,28,130
09/20/2014,GNV,FL,ASO,ES,Federal Contract Tower,4,17,36,3,60,0,0,13,8,21,4,17,49,11,81,2,8,10,91
09/21/2014,GNV,FL,ASO,ES,Federal Contract Tower,7,27,18,12,64,0,0,70,4,74,7,27,88,16,138,26,0,26,164
09/22/2014,GNV,FL,ASO,ES,Federal Contract Tower,8,24,20,5,57,0,0,56,0,56,8,24,76,5,113,6,0,6,119
09/23/2014,GNV,FL,ASO,ES,Federal Contract Tower,9,20,30,10,69,0,0,9,0,9,9,20,39,10,78,0,4,4,82
09/24/2014,GNV,FL,ASO,ES,Federal Contract Tower,4,30,42,8,84,0,0,16,6,22,4,30,58,14,106,2,10,12,118
09/25/2014,GNV,FL,ASO,ES,Federal Contract Tower,8,26,27,14,75,0,0,24,0,24,8,26,51,14,99,26,1,27,126
09/26/2014,GNV,FL,ASO,ES,Federal Contract Tower,5,32,43,16,96,0,0,12,2,14,5,32,55,18,110,8,0,8,118
09/27/2014,GNV,FL,ASO,ES,Federal Contract Tower,3,15,30,0,48,0,0,14,0,14,3,15,44,0,62,10,0,10,72
09/28/2014,GNV,FL,ASO,ES,Federal Contract Tower,7,29,20,11,67,0,0,9,0,9,7,29,29,11,76,0,0,0,76
09/29/2014,GNV,FL,ASO,ES,Federal Contract Tower,7,29,19,3,58,0,0,2,0,2,7,29,21,3,60,0,0,0,60
09/30/2014,GNV,FL,ASO,ES,Federal Contract Tower,9,22,33,5,69,0,0,10,2,12,9,22,43,7,81,14,0,14,95
10/01/2014,GNV,FL,ASO,ES,Federal Contract Tower,7,18,40,19,84,0,0,41,2,43,7,18,81,21,127,0,16,16,143
10/02/2014,GNV,FL,ASO,ES,Federal Contract Tower,7,27,31,22,87,0,0,66,1,67,7,27,97,23,154,28,14,42,196
10/03/2014,GNV,FL,ASO,ES,Federal Contract Tower,6,24,31,13,74,0,0,74,0,74,6,24,105,13,148,24,0,24,172
10/04/2014,GNV,FL,ASO,ES,Federal Contract Tower,6,23,29,0,58,0,2,49,1,52,6,25,78,1,110,6,0,6,116
10/05/2014,GNV,FL,ASO,ES,Federal Contract Tower,6,30,34,13,83,0,0,110,1,111,6,30,144,14,194,28,0,28,222
10/06/2014,GNV,FL,ASO,ES,Federal Contract Tower,6,24,17,21,68,0,0,88,3,91,6,24,105,24,159,36,4,40,199
10/07/2014,GNV,FL,ASO,ES,Federal Contract Tower,6,27,27,24,84,0,0,90,5,95,6,27,117,29,179,30,6,36,215
10/08/2014,GNV,FL,ASO,ES,Federal Contract Tower,5,31,31,3,70,0,0,76,7,83,5,31,107,10,153,34,2,36,189
10/09/2014,GNV,FL,ASO,ES,Federal Contract Tower,7,26,38,0,71,0,0,90,0,90,7,26,128,0,161,10,12,22,183
10/10/2014,GNV,FL,ASO,ES,Federal Contract Tower,3,38,45,30,116,0,0,50,1,51,3,38,95,31,167,26,8,34,201
10/11/2014,GNV,FL,ASO,ES,Federal Contract Tower,6,40,31,4,81,0,0,67,0,67,6,40,98,4,148,4,0,4,152
10/12/2014,GNV,FL,ASO,ES,Federal Contract Tower,6,33,47,9,95,0,0,71,1,72,6,33,118,10,167,12,12,24,191
10/13/2014,GNV,FL,ASO,ES,Federal Contract Tower,6,32,18,0,56,0,0,62,0,62,6,32,80,0,118,18,0,18,136
10/14/2014,GNV,FL,ASO,ES,Federal Contract Tower,7,34,9,0,50,0,0,26,0,26,7,34,35,0,76,2,0,2,78
10/15/2014,GNV,FL,ASO,ES,Federal Contract Tower,7,30,37,17,91,0,0,59,3,62,7,30,96,20,153,42,30,72,225
10/16/2014,GNV,FL,ASO,ES,Federal Contract Tower,6,24,37,22,89,0,0,103,3,106,6,24,140,25,195,16,0,16,211
10/17/2014,GNV,FL,ASO,ES,Federal Contract Tower,5,33,45,22,105,0,0,134,10,144,5,33,179,32,249,30,26,56,305
10/18/2014,GNV,FL,ASO,ES,Federal Contract Tower,6,35,52,0,93,0,0,123,1,124,6,35,175,1,217,28,0,28,245
10/19/2014,GNV,FL,ASO,ES,Federal Contract Tower,7,29,39,20,95,0,0,61,1,62,7,29,100,21,157,10,2,12,169
10/20/2014,GNV,FL,ASO,ES,Federal Contract Tower,7,27,28,13,75,0,0,63,0,63,7,27,91,13,138,20,0,20,158
10/21/2014,GNV,FL,ASO,ES,Federal Contract Tower,6,29,50,14,99,0,0,99,2,101,6,29,149,16,200,59,20,79,279
10/22/2014,GNV,FL,ASO,ES,Federal Contract Tower,6,29,56,18,109,0,0,86,0,86,6,29,142,18,195,14,0,14,209
10/23/2014,GNV,FL,ASO,ES,Federal Contract Tower,7,33,31,11,82,0,0,89,2,91,7,33,120,13,173,62,42,104,277
10/24/2014,GNV,FL,ASO,ES,Federal Contract Tower,7,23,39,12,81,0,0,60,6,66,7,23,99,18,147,24,0,24,171
10/25/2014,GNV,FL,ASO,ES,Federal Contract Tower,5,20,29,0,54,0,0,85,0,85,5,20,114,0,139,12,0,12,151
10/26/2014,GNV,FL,ASO,ES,Federal Contract Tower,5,22,21,5,53,0,3,75,4,82,5,25,96,9,135,18,0,18,153
10/27/2014,GNV,FL,ASO,ES,Federal Contract Tower,7,29,25,15,76,0,0,45,5,50,7,29,70,20,126,4,20,24,150
10/28/2014,GNV,FL,ASO,ES,Federal Contract Tower,9,30,24,20,83,0,4,51,9,64,9,34,75,29,147,32,8,40,187
10/29/2014,GNV,FL,ASO,ES,Federal Contract Tower,7,22,40,25,94,0,2,71,0,73,7,24,111,25,167,36,0,36,203
10/30/2014,GNV,FL,ASO,ES,Federal Contract Tower,7,29,37,10,83,0,0,10,1,11,7,29,47,11,94,0,16,16,110
10/31/2014,GNV,FL,ASO,ES,Federal Contract Tower,5,26,32,5,68,0,0,47,1,48,5,26,79,6,116,10,0,10,126
11/01/2014,GNV,FL,ASO,ES,Federal Contract Tower,5,19,18,4,46,0,1,22,0,23,5,20,40,4,69,2,0,2,71
11/02/2014,GNV,FL,ASO,ES,Federal Contract Tower,7,26,36,0,69,0,3,43,0,46,7,29,79,0,115,0,0,0,115
11/03/2014,GNV,FL,ASO,ES,Federal Contract Tower,9,33,24,6,72,0,0,55,5,60,9,33,79,11,132,60,2,62,194
11/04/2014,GNV,FL,ASO,ES,Federal Contract Tower,10,25,21,6,62,0,0,64,2,66,10,25,85,8,128,26,6,32,160
11/05/2014,GNV,FL,ASO,ES,Federal Contract Tower,9,26,28,5,68,0,0,54,15,69,9,26,82,20,137,30,38,68,205
11/06/2014,GNV,FL,ASO,ES,Federal Contract Tower,9,26,31,14,80,0,1,43,2,46,9,27,74,16,126,8,0,8,134
11/07/2014,GNV,FL,ASO,ES,Federal Contract Tower,9,24,31,16,80,0,2,73,4,79,9,26,104,20,159,42,38,80,239
11/08/2014,GNV,FL,ASO,ES,Federal Contract Tower,7,20,21,0,48,0,0,75,4,79,7,20,96,4,127,12,4,16,143
11/09/2014,GNV,FL,ASO,ES,Federal Contract Tower,9,22,31,6,68,0,0,41,0,41,9,22,72,6,109,18,0,18,127
11/10/2014,GNV,FL,ASO,ES,Federal Contract Tower,9,22,24,3,58,0,0,47,2,49,9,22,71,5,107,6,0,6,113
11/11/2014,GNV,FL,ASO,ES,Federal Contract Tower,9,24,36,0,69,0,3,81,0,84,9,27,117,0,153,16,0,16,169
11/12/2014,GNV,FL,ASO,ES,Federal Contract Tower,11,25,32,17,85,0,0,71,3,74,11,25,103,20,159,63,30,93,252
11/13/2014,GNV,FL,ASO,ES,Federal Contract Tower,9,27,49,11,96,0,0,71,0,71,9,27,120,11,167,70,10,80,247
11/14/2014,GNV,FL,ASO,ES,Federal Contract Tower,7,30,51,20,108,0,0,63,9,72,7,30,114,29,180,178,0,178,358
11/15/2014,GNV,FL,ASO,ES,Federal Contract Tower,10,35,72,5,122,0,1,104,4,109,10,36,176,9,231,0,10,10,241
11/16/2014,GNV,FL,ASO,ES,Federal Contract Tower,9,23,52,11,95,0,0,63,6,69,9,23,115,17,164,18,0,18,182
11/17/2014,GNV,FL,ASO,ES,Federal Contract Tower,9,23,20,12,64,0,0,4,12,16,9,23,24,24,80,0,0,0,80
11/18/2014,GNV,FL,ASO,ES,Federal Contract Tower,7,31,34,2,74,0,0,58,4,62,7,31,92,6,136,56,16,72,208
11/19/2014,GNV,FL,ASO,ES,Federal Contract Tower,9,36,38,16,99,0,2,56,0,58,9,38,94,16,157,40,10,50,207
11/20/2014,GNV,FL,ASO,ES,Federal Contract Tower,9,33,41,3,86,0,0,97,2,99,9,33,138,5,185,56,18,74,259
11/21/2014,GNV,FL,ASO,ES,Federal Contract Tower,7,30,33,15,85,0,0,60,6,66,7,30,93,21,151,8,22,30,181
11/22/2014,GNV,FL,ASO,ES,Federal Contract Tower,9,20,36,13,78,0,0,27,0,27,9,20,63,13,105,0,0,0,105
11/23/2014,GNV,FL,ASO,ES,Federal Contract Tower,10,38,15,6,69,0,0,6,0,6,10,38,21,6,75,0,0,0,75
11/24/2014,GNV,FL,ASO,ES,Federal Contract Tower,8,24,39,10,81,0,0,15,1,16,8,24,54,11,97,4,0,4,101
11/25/2014,GNV,FL,ASO,ES,Federal Contract Tower,9,20,18,6,53,0,0,0,1,1,9,20,18,7,54,0,0,0,54
11/26/2014,GNV,FL,ASO,ES,Federal Contract Tower,6,30,50,0,86,0,1,44,0,45,6,31,94,0,131,10,0,10,141
11/27/2014,GNV,FL,ASO,ES,Federal Contract Tower,4,16,9,0,29,0,0,18,0,18,4,16,27,0,47,4,0,4,51
11/28/2014,GNV,FL,ASO,ES,Federal Contract Tower,5,21,13,1,40,0,0,35,0,35,5,21,48,1,75,16,0,16,91
11/29/2014,GNV,FL,ASO,ES,Federal Contract Tower,9,23,28,0,60,0,0,94,0,94,9,23,122,0,154,34,0,34,188
11/30/2014,GNV,FL,ASO,ES,Federal Contract Tower,10,26,43,1,80,0,2,79,1,82,10,28,122,2,162,4,0,4,166
12/01/2014,GNV,FL,ASO,ES,Federal Contract Tower,8,27,27,9,71,0,0,88,5,93,8,27,115,14,164,12,16,28,192
12/02/2014,GNV,FL,ASO,ES,Federal Contract Tower,5,28,20,7,60,0,0,71,4,75,5,28,91,11,135,12,6,18,153
12/03/2014,GNV,FL,ASO,ES,Federal Contract Tower,7,28,24,4,63,0,0,18,7,25,7,28,42,11,88,24,4,28,116
12/04/2014,GNV,FL,ASO,ES,Federal Contract Tower,6,30,30,8,74,0,0,55,0,55,6,30,85,8,129,34,12,46,175
12/05/2014,GNV,FL,ASO,ES,Federal Contract Tower,5,35,36,43,119,0,0,14,8,22,5,35,50,51,141,4,2,6,147
12/06/2014,GNV,FL,ASO,ES,Federal Contract Tower,1,23,21,4,49,0,0,30,0,30,1,23,51,4,79,14,2,16,95
12/07/2014,GNV,FL,ASO,ES,Federal Contract Tower,3,31,32,26,92,0,0,7,8,15,3,31,39,34,107,0,20,20,127
12/08/2014,GNV,FL,ASO,ES,Federal Contract Tower,5,25,27,8,65,0,0,15,0,15,5,25,42,8,80,0,0,0,80
12/09/2014,GNV,FL,ASO,ES,Federal Contract Tower,4,25,23,3,55,0,0,68,4,72,4,25,91,7,127,24,22,46,173
12/10/2014,GNV,FL,ASO,ES,Federal Contract Tower,7,27,40,10,84,0,0,120,4,124,7,27,160,14,208,54,18,72,280
12/11/2014,GNV,FL,ASO,ES,Federal Contract Tower,5,35,22,6,68,0,0,85,0,85,5,35,107,6,153,26,6,32,185
12/12/2014,GNV,FL,ASO,ES,Federal Contract Tower,4,30,27,28,89,0,0,85,17,102,4,30,112,45,191,0,26,26,217
12/13/2014,GNV,FL,ASO,ES,Federal Contract Tower,4,21,18,0,43,0,0,99,0,99,4,21,117,0,142,0,0,0,142
12/14/2014,GNV,FL,ASO,ES,Federal Contract Tower,3,32,38,20,93,0,0,75,11,86,3,32,113,31,179,36,0,36,215
12/15/2014,GNV,FL,ASO,ES,Federal Contract Tower,5,27,26,12,70,0,0,64,3,67,5,27,90,15,137,30,4,34,171
12/16/2014,GNV,FL,ASO,ES,Federal Contract Tower,5,24,24,5,58,0,0,47,4,51,5,24,71,9,109,0,14,14,123
12/17/2014,GNV,FL,ASO,ES,Federal Contract Tower,5,31,62,19,117,0,0,85,7,92,5,31,147,26,209,28,0,28,237
12/18/2014,GNV,FL,ASO,ES,Federal Contract Tower,5,34,44,26,109,0,0,102,4,106,5,34,146,30,215,24,16,40,255
12/19/2014,GNV,FL,ASO,ES,Federal Contract Tower,6,27,25,6,64,0,0,81,0,81,6,27,106,6,145,62,4,66,211
12/20/2014,GNV,FL,ASO,ES,Federal Contract Tower,2,19,23,2,46,0,0,58,0,58,2,19,81,2,104,12,0,12,116
12/21/2014,GNV,FL,ASO,ES,Federal Contract Tower,0,15,9,0,24,0,0,0,0,0,0,15,9,0,24,0,0,0,24
12/22/2014,GNV,FL,ASO,ES,Federal Contract Tower,1,34,22,0,57,0,1,0,0,1,1,35,22,0,58,0,0,0,58
12/23/2014,GNV,FL,ASO,ES,Federal Contract Tower,1,35,14,13,63,0,0,6,0,6,1,35,20,13,69,0,0,0,69
12/24/2014,GNV,FL,ASO,ES,Federal Contract Tower,1,22,8,0,31,0,0,4,0,4,1,22,12,0,35,0,0,0,35
12/25/2014,GNV,FL,ASO,ES,Federal Contract Tower,2,22,5,0,29,0,0,17,1,18,2,22,22,1,47,10,0,10,57
12/26/2014,GNV,FL,ASO,ES,Federal Contract Tower,0,31,26,2,59,0,0,76,0,76,0,31,102,2,135,6,0,6,141
12/27/2014,GNV,FL,ASO,ES,Federal Contract Tower,0,29,20,0,49,0,0,32,0,32,0,29,52,0,81,34,0,34,115
12/28/2014,GNV,FL,ASO,ES,Federal Contract Tower,0,31,17,6,54,0,0,31,0,31,0,31,48,6,85,34,0,34,119
12/29/2014,GNV,FL,ASO,ES,Federal Contract Tower,0,27,29,10,66,0,0,6,1,7,0,27,35,11,73,0,2,2,75
12/30/2014,GNV,FL,ASO,ES,Federal Contract Tower,4,26,19,0,49,0,0,10,0,10,4,26,29,0,59,0,0,0,59
12/31/2014,GNV,FL,ASO,ES,Federal Contract Tower,0,27,16,0,43,0,0,1,0,1,0,27,17,0,44,0,0,0,44
01/01/2015,GNV,FL,ASO,ES,Federal Contract Tower,4,22,19,0,45,0,0,22,0,22,4,22,41,0,67,0,0,0,67
01/02/2015,GNV,FL,ASO,ES,Federal Contract Tower,0,30,26,0,56,0,0,24,0,24,0,30,50,0,80,44,0,44,124
01/03/2015,GNV,FL,ASO,ES,Federal Contract Tower,3,27,32,2,64,0,0,13,0,13,3,27,45,2,77,0,0,0,77
01/04/2015,GNV,FL,ASO,ES,Federal Contract Tower,0,33,22,0,55,0,0,11,0,11,0,33,33,0,66,24,0,24,90
01/05/2015,GNV,FL,ASO,ES,Federal Contract Tower,3,26,18,0,47,0,0,74,2,76,3,26,92,2,123,14,0,14,137
01/06/2015,GNV,FL,ASO,ES,Federal Contract Tower,6,23,35,15,79,0,0,68,7,75,6,23,103,22,154,42,76,118,272
01/07/2015,GNV,FL,ASO,ES,Federal Contract Tower,3,26,32,4,65,0,0,36,14,50,3,26,68,18,115,40,14,54,169
01/08/2015,GNV,FL,ASO,ES,Federal Contract Tower,4,27,25,4,60,0,0,25,4,29,4,27,50,8,89,8,24,32,121
01/09/2015,GNV,FL,ASO,ES,Federal Contract Tower,3,30,44,18,95,0,0,0,0,0,3,30,44,18,95,112,0,112,207
01/10/2015,GNV,FL,ASO,ES,Federal Contract Tower,5,24,24,4,57,0,0,88,5,93,5,24,112,9,150,54,0,54,204
01/11/2015,GNV,FL,ASO,ES,Federal Contract Tower,3,26,20,13,62,0,0,13,12,25,3,26,33,25,87,0,6,6,93
01/12/2015,GNV,FL,ASO,ES,Federal Contract Tower,2,28,12,0,42,0,0,0,0,0,2,28,12,0,42,0,0,0,42
01/13/2015,GNV,FL,ASO,ES,Federal Contract Tower,3,26,19,0,48,0,0,3,0,3,3,26,22,0,51,0,0,0,51
01/14/2015,GNV,FL,ASO,ES,Federal Contract Tower,4,36,36,4,80,0,0,0,0,0,4,36,36,4,80,0,0,0,80
01/15/2015,GNV,FL,ASO,ES,Federal Contract Tower,5,33,38,8,84,0,0,0,0,0,5,33,38,8,84,0,0,0,84
01/16/2015,GNV,FL,ASO,ES,Federal Contract Tower,4,26,32,37,99,0,0,77,10,87,4,26,109,47,186,18,8,26,212
01/17/2015,GNV,FL,ASO,ES,Federal Contract Tower,4,20,28,0,52,0,1,135,0,136,4,21,163,0,188,54,0,54,242
01/18/2015,GNV,FL,ASO,ES,Federal Contract Tower,3,24,26,7,60,0,0,49,8,57,3,24,75,15,117,14,0,14,131
01/19/2015,GNV,FL,ASO,ES,Federal Contract Tower,3,28,19,3,53,0,0,95,1,96,3,28,114,4,149,40,0,40,189
01/20/2015,GNV,FL,ASO,ES,Federal Contract Tower,3,28,40,2,73,0,0,72,0,72,3,28,112,2,145,28,14,42,187
01/21/2015,GNV,FL,ASO,ES,Federal Contract Tower,3,29,33,9,74,0,0,71,8,79,3,29,104,17,153,24,8,32,185
01/22/2015,GNV,FL,ASO,ES,Federal Contract Tower,3,29,23,5,60,0,0,85,3,88,3,29,108,8,148,46,0,46,194
01/23/2015,GNV,FL,ASO,ES,Federal Contract Tower,5,27,19,1,52,0,0,6,0,6,5,27,25,1,58,0,0,0,58
01/24/2015,GNV,FL,ASO,ES,Federal Contract Tower,4,25,21,6,56,0,0,22,4,26,4,25,43,10,82,6,6,12,94
01/25/2015,GNV,FL,ASO,ES,Federal Contract Tower,4,27,27,11,69,0,0,104,3,107,4,27,131,14,176,4,4,8,184
01/26/2015,GNV,FL,ASO,ES,Federal Contract Tower,5,29,28,1,63,0,0,21,1,22,5,29,49,2,85,0,12,12,97
01/27/2015,GNV,FL,ASO,ES,Federal Contract Tower,3,27,30,2,62,0,0,64,5,69,3,27,94,7,131,8,48,56,187
01/28/2015,GNV,FL,ASO,ES,Federal Contract Tower,4,33,40,6,83,0,0,61,4,65,4,33,101,10,148,6,2,8,156
01/29/2015,GNV,FL,ASO,ES,Federal Contract Tower,3,33,27,13,76,0,0,112,14,126,3,33,139,27,202,60,10,70,272
01/30/2015,GNV,FL,ASO,ES,Federal Contract Tower,6,29,45,20,100,0,0,50,30,80,6,29,95,50,180,8,16,24,204
01/31/2015,GNV,FL,ASO,ES,Federal Contract Tower,10,22,27,0,59,0,4,87,0,91,10,26,114,0,150,14,0,14,164
02/01/2015,GNV,FL,ASO,ES,Federal Contract Tower,5,20,19,8,52,0,0,62,19,81,5,20,81,27,133,0,0,0,133
02/02/2015,GNV,FL,ASO,ES,Federal Contract Tower,5,25,22,3,55,0,0,18,5,23,5,25,40,8,78,0,10,10,88
02/03/2015,GNV,FL,ASO,ES,Federal Contract Tower,6,22,20,0,48,0,0,78,0,78,6,22,98,0,126,8,0,8,134
02/04/2015,GNV,FL,ASO,ES,Federal Contract Tower,5,26,24,3,58,0,0,12,0,12,5,26,36,3,70,0,0,0,70
02/05/2015,GNV,FL,ASO,ES,Federal Contract Tower,6,27,12,5,50,0,0,31,2,33,6,27,43,7,83,0,0,0,83
02/06/2015,GNV,FL,ASO,ES,Federal Contract Tower,5,26,29,5,65,0,0,72,4,76,5,26,101,9,141,0,0,0,141
02/07/2015,GNV,FL,ASO,ES,Federal Contract Tower,4,25,36,0,65,0,0,104,2,106,4,25,140,2,171,2,0,2,173
02/08/2015,GNV,FL,ASO,ES,Federal Contract Tower,4,26,28,12,70,0,0,100,3,103,4,26,128,15,173,0,0,0,173
02/09/2015,GNV,FL,ASO,ES,Federal Contract Tower,6,24,18,0,48,0,0,27,0,27,6,24,45,0,75,0,0,0,75
02/10/2015,GNV,FL,ASO,ES,Federal Contract Tower,4,27,32,7,70,0,0,27,6,33,4,27,59,13,103,0,0,0,103
02/11/2015,GNV,FL,ASO,ES,Federal Contract Tower,4,25,30,4,63,0,0,70,4,74,4,25,100,8,137,8,12,20,157
02/12/2015,GNV,FL,ASO,ES,Federal Contract Tower,4,30,44,0,78,0,0,52,0,52,4,30,96,0,130,0,0,0,130
02/13/2015,GNV,FL,ASO,ES,Federal Contract Tower,7,25,24,0,56,0,0,52,2,54,7,25,76,2,110,0,0,0,110
02/14/2015,GNV,FL,ASO,ES,Federal Contract Tower,4,23,15,0,42,0,0,63,0,63,4,23,78,0,105,0,0,0,105
02/15/2015,GNV,FL,ASO,ES,Federal Contract Tower,6,19,29,0,54,0,0,67,0,67,6,19,96,0,121,2,0,2,123
02/16/2015,GNV,FL,ASO,ES,Federal Contract Tower,4,23,27,0,54,0,0,47,0,47,4,23,74,0,101,20,0,20,121
02/17/2015,GNV,FL,ASO,ES,Federal Contract Tower,5,32,18,6,61,0,0,7,0,7,5,32,25,6,68,0,0,0,68
02/18/2015,GNV,FL,ASO,ES,Federal Contract Tower,5,34,30,4,73,0,1,63,5,69,5,35,93,9,142,0,32,32,174
02/19/2015,GNV,FL,ASO,ES,Federal Contract Tower,4,27,19,4,54,0,0,54,2,56,4,27,73,6,110,4,42,46,156
02/20/2015,GNV,FL,ASO,ES,Federal Contract Tower,5,35,36,17,93,0,0,73,14,87,5,35,109,31,180,16,0,16,196
02/21/2015,GNV,FL,ASO,ES,Federal Contract Tower,8,28,27,2,65,0,0,73,2,75,8,28,100,4,140,0,0,0,140
02/22/2015,GNV,FL,ASO,ES,Federal Contract Tower,6,29,35,30,100,0,0,50,16,66,6,29,85,46,166,0,0,0,166
02/23/2015,GNV,FL,ASO,ES,Federal Contract Tower,7,28,27,17,79,0,0,10,1,11,7,28,37,18,90,0,0,0,90
02/24/2015,GNV,FL,ASO,ES,Federal Contract Tower,7,19,36,1,63,0,0,1,0,1,7,19,37,1,64,0,0,0,64
02/25/2015,GNV,FL,ASO,ES,Federal Contract Tower,5,27,30,6,68,0,0,5,0,5,5,27,35,6,73,0,0,0,73
02/26/2015,GNV,FL,ASO,ES,Federal Contract Tower,4,27,43,5,79,0,0,8,3,11,4,27,51,8,90,0,0,0,90
02/27/2015,GNV,FL,ASO,ES,Federal Contract Tower,3,28,23,8,62,0,0,48,9,57,3,28,71,17,119,2,12,14,133
02/28/2015,GNV,FL,ASO,ES,Federal Contract Tower,1,41,19,1,62,0,0,1,0,1,1,41,20,1,63,0,0,0,63
03/01/2015,GNV,FL,ASO,ES,Federal Contract Tower,4,19,18,4,45,2,0,3,0,5,6,19,21,4,50,0,0,0,50
03/02/2015,GNV,FL,ASO,ES,Federal Contract Tower,6,30,18,12,66,0,0,25,5,30,6,30,43,17,96,0,2,2,98
03/03/2015,GNV,FL,ASO,ES,Federal Contract Tower,4,28,19,2,53,0,0,52,1,53,4,28,71,3,106,0,12,12,118
03/04/2015,GNV,FL,ASO,ES,Federal Contract Tower,4,31,40,10,85,0,0,31,8,39,4,31,71,18,124,4,2,6,130
03/05/2015,GNV,FL,ASO,ES,Federal Contract Tower,5,29,28,11,73,0,0,25,0,25,5,29,53,11,98,0,0,0,98
03/06/2015,GNV,FL,ASO,ES,Federal Contract Tower,6,31,24,34,95,0,0,2,0,2,6,31,26,34,97,0,0,0,97
03/07/2015,GNV,FL,ASO,ES,Federal Contract Tower,6,19,16,6,47,0,1,47,3,51,6,20,63,9,98,2,10,12,110
03/08/2015,GNV,FL,ASO,ES,Federal Contract Tower,3,23,31,4,61,0,0,87,5,92,3,23,118,9,153,16,8,24,177
03/09/2015,GNV,FL,ASO,ES,Federal Contract Tower,3,32,23,4,62,0,0,68,2,70,3,32,91,6,132,0,4,4,136
03/10/2015,GNV,FL,ASO,ES,Federal Contract Tower,2,35,28,16,81,0,0,53,4,57,2,35,81,20,138,0,16,16,154
03/11/2015,GNV,FL,ASO,ES,Federal Contract Tower,6,37,25,17,85,0,0,22,14,36,6,37,47,31,121,0,8,8,129
03/12/2015,GNV,FL,ASO,ES,Federal Contract Tower,4,36,50,8,98,0,0,34,4,38,4,36,84,12,136,0,0,0,136
03/13/2015,GNV,FL,ASO,ES,Federal Contract Tower,7,27,33,48,115,0,0,52,2,54,7,27,85,50,169,0,2,2,171
03/14/2015,GNV,FL,ASO,ES,Federal Contract Tower,2,25,23,2,52,0,0,65,0,65,2,25,88,2,117,0,2,2,119
03/15/2015,GNV,FL,ASO,ES,Federal Contract Tower,3,34,39,22,98,0,0,72,6,78,3,34,111,28,176,10,0,10,186
03/16/2015,GNV,FL,ASO,ES,Federal Contract Tower,4,32,22,11,69,0,3,77,1,81,4,35,99,12,150,0,0,0,150
03/17/2015,GNV,FL,ASO,ES,Federal Contract Tower,3,32,43,7,85,0,0,72,2,74,3,32,115,9,159,12,0,12,171
03/18/2015,GNV,FL,ASO,ES,Federal Contract Tower,4,32,34,14,84,0,0,55,6,61,4,32,89,20,145,0,10,10,155
03/19/2015,GNV,FL,ASO,ES,Federal Contract Tower,4,28,34,7,73,0,0,29,3,32,4,28,63,10,105,6,14,20,125
03/20/2015,GNV,FL,ASO,ES,Federal Contract Tower,4,34,32,23,93,0,0,25,11,36,4,34,57,34,129,0,30,30,159
03/21/2015,GNV,FL,ASO,ES,Federal Contract Tower,4,26,25,0,55,0,0,46,1,47,4,26,71,1,102,0,0,0,102
03/22/2015,GNV,FL,ASO,ES,Federal Contract Tower,2,30,41,10,83,0,0,20,9,29,2,30,61,19,112,4,2,6,118
03/23/2015,GNV,FL,ASO,ES,Federal Contract Tower,4,25,33,0,62,0,0,2,0,2,4,25,35,0,64,0,0,0,64
03/24/2015,GNV,FL,ASO,ES,Federal Contract Tower,3,28,31,2,64,0,0,9,1,10,3,28,40,3,74,0,30,30,104
03/25/2015,GNV,FL,ASO,ES,Federal Contract Tower,4,28,34,9,75,0,0,57,1,58,4,28,91,10,133,4,0,4,137
03/26/2015,GNV,FL,ASO,ES,Federal Contract Tower,4,25,19,0,48,0,0,10,1,11,4,25,29,1,59,0,0,0,59
03/27/2015,GNV,FL,ASO,ES,Federal Contract Tower,4,28,22,28,82,0,0,0,0,0,4,28,22,28,82,0,0,0,82
03/28/2015,GNV,FL,ASO,ES,Federal Contract Tower,4,19,27,0,50,0,0,109,0,109,4,19,136,0,159,12,0,12,171
03/29/2015,GNV,FL,ASO,ES,Federal Contract Tower,2,28,19,40,89,0,0,85,7,92,2,28,104,47,181,8,0,8,189
03/30/2015,GNV,FL,ASO,ES,Federal Contract Tower,4,31,22,4,61,0,2,106,1,109,4,33,128,5,170,22,0,22,192
03/31/2015,GNV,FL,ASO,ES,Federal Contract Tower,4,25,35,4,68,0,1,47,2,50,4,26,82,6,118,20,0,20,138
04/01/2015,GNV,FL,ASO,ES,Federal Contract Tower,4,25,15,2,46,0,0,44,5,49,4,25,59,7,95,4,0,4,99
04/02/2015,GNV,FL,ASO,ES,Federal Contract Tower,5,39,35,0,79,0,0,78,4,82,5,39,113,4,161,10,20,30,191
04/03/2015,GNV,FL,ASO,ES,Federal Contract Tower,6,26,25,10,67,0,0,110,7,117,6,26,135,17,184,18,0,18,202
04/04/2015,GNV,FL,ASO,ES,Federal Contract Tower,3,21,28,0,52,0,0,47,0,47,3,21,75,0,99,0,0,0,99
04/05/2015,GNV,FL,ASO,ES,Federal Contract Tower,4,24,25,0,53,0,0,26,0,26,4,24,51,0,79,2,0,2,81
04/06/2015,GNV,FL,ASO,ES,Federal Contract Tower,4,28,24,6,62,0,0,54,4,58,4,28,78,10,120,22,20,42,162
04/07/2015,GNV,FL,ASO,ES,Federal Contract Tower,6,29,19,2,56,0,1,49,0,50,6,30,68,2,106,4,2,6,112
04/08/2015,GNV,FL,ASO,ES,Federal Contract Tower,7,30,24,3,64,0,0,111,2,113,7,30,135,5,177,14,0,14,191
04/09/2015,GNV,FL,ASO,ES,Federal Contract Tower,6,30,29,7,72,0,0,86,8,94,6,30,115,15,166,10,0,10,176
04/10/2015,GNV,FL,ASO,ES,Federal Contract Tower,6,29,43,92,170,0,0,61,2,63,6,29,104,94,233,10,0,10,243
04/11/2015,GNV,FL,ASO,ES,Federal Contract Tower,3,18,25,0,46,0,0,55,0,55,3,18,80,0,101,0,0,0,101
04/12/2015,GNV,FL,ASO,ES,Federal Contract Tower,5,22,22,14,63,0,2,35,2,39,5,24,57,16,102,0,0,0,102
04/13/2015,GNV,FL,ASO,ES,Federal Contract Tower,4,28,17,5,54,0,0,6,0,6,4,28,23,5,60,0,0,0,60
04/14/2015,GNV,FL,ASO,ES,Federal Contract Tower,7,29,12,10,58,0,0,28,2,30,7,29,40,12,88,2,0,2,90
04/15/2015,GNV,FL,ASO,ES,Federal Contract Tower,4,32,22,16,74,0,0,34,7,41,4,32,56,23,115,0,2,2,117
04/16/2015,GNV,FL,ASO,ES,Federal Contract Tower,3,30,28,6,67,0,0,1,0,1,3,30,29,6,68,0,0,0,68
04/17/2015,GNV,FL,ASO,ES,Federal Contract Tower,5,29,30,22,86,0,0,0,0,0,5,29,30,22,86,0,0,0,86
04/18/2015,GNV,FL,ASO,ES,Federal Contract Tower,3,22,24,6,55,0,0,45,4,49,3,22,69,10,104,0,4,4,108
04/19/2015,GNV,FL,ASO,ES,Federal Contract Tower,2,30,28,17,77,0,0,45,11,56,2,30,73,28,133,0,0,0,133
04/20/2015,GNV,FL,ASO,ES,Federal Contract Tower,4,24,29,0,57,0,0,40,6,46,4,24,69,6,103,0,26,26,129
04/21/2015,GNV,FL,ASO,ES,Federal Contract Tower,6,31,28,12,77,0,0,103,4,107,6,31,131,16,184,14,4,18,202
04/22/2015,GNV,FL,ASO,ES,Federal Contract Tower,6,23,26,2,57,0,0,105,2,107,6,23,131,4,164,15,22,37,201
04/23/2015,GNV,FL,ASO,ES,Federal Contract Tower,4,31,39,14,88,0,0,108,3,111,4,31,147,17,199,6,0,6,205
04/24/2015,GNV,FL,ASO,ES,Federal Contract Tower,4,25,21,22,72,0,0,80,4,84,4,25,101,26,156,16,0,16,172
04/25/2015,GNV,FL,ASO,ES,Federal Contract Tower,2,27,23,2,54,0,2,41,0,43,2,29,64,2,97,0,0,0,97
04/26/2015,GNV,FL,ASO,ES,Federal Contract Tower,4,29,18,2,53,0,0,27,2,29,4,29,45,4,82,0,0,0,82
04/27/2015,GNV,FL,ASO,ES,Federal Contract Tower,5,34,13,0,52,0,0,10,2,12,5,34,23,2,64,8,4,12,76
04/28/2015,GNV,FL,ASO,ES,Federal Contract Tower,6,20,13,2,41,0,0,9,0,9,6,20,22,2,50,2,0,2,52
04/29/2015,GNV,FL,ASO,ES,Federal Contract Tower,6,26,38,5,75,0,0,14,1,15,6,26,52,6,90,2,0,2,92
04/30/2015,GNV,FL,ASO,ES,Federal Contract Tower,4,28,36,3,71,0,0,57,4,61,4,28,93,7,132,8,0,8,140
05/01/2015,GNV,FL,ASO,ES,Federal Contract Tower,5,32,28,29,94,0,0,100,4,104,5,32,128,33,198,6,0,6,204
05/02/2015,GNV,FL,ASO,ES,Federal Contract Tower,2,23,24,2,51,0,0,87,5,92,2,23,111,7,143,2,2,4,147
05/03/2015,GNV,FL,ASO,ES,Federal Contract Tower,4,26,32,24,86,0,0,70,9,79,4,26,102,33,165,8,0,8,173
05/04/2015,GNV,FL,ASO,ES,Federal Contract Tower,4,23,34,6,67,0,0,52,6,58,4,23,86,12,125,8,12,20,145
05/05/2015,GNV,FL,ASO,ES,Federal Contract Tower,4,31,26,8,69,0,0,53,2,55,4,31,79,10,124,0,36,36,160
05/06/2015,GNV,FL,ASO,ES,Federal Contract Tower,2,29,35,6,72,0,4,35,8,47,2,33,70,14,119,0,2,2,121
05/07/2015,GNV,FL,ASO,ES,Federal Contract Tower,4,30,40,4,78,0,0,130,4,134,4,30,170,8,212,0,16,16,228
05/08/2015,GNV,FL,ASO,ES,Federal Contract Tower,3,39,38,1,81,0,0,90,5,95,3,39,128,6,176,0,0,0,176
05/09/2015,GNV,FL,ASO,ES,Federal Contract Tower,5,17,25,6,53,0,0,115,2,117,5,17,140,8,170,2,0,2,172
05/10/2015,GNV,FL,ASO,ES,Federal Contract Tower,3,29,16,5,53,0,0,57,8,65,3,29,73,13,118,0,10,10,128
05/11/2015,GNV,FL,ASO,ES,Federal Contract Tower,4,27,15,6,52,0,0,56,4,60,4,27,71,10,112,0,0,0,112
05/12/2015,GNV,FL,ASO,ES,Federal Contract Tower,7,26,23,13,69,0,0,68,2,70,7,26,91,15,139,2,4,6,145
05/13/2015,GNV,FL,ASO,ES,Federal Contract Tower,2,34,33,4,73,0,0,61,2,63,2,34,94,6,136,0,26,26,162
05/14/2015,GNV,FL,ASO,ES,Federal Contract Tower,2,35,20,3,60,0,0,50,1,51,2,35,70,4,111,4,0,4,115
05/15/2015,GNV,FL,ASO,ES,Federal Contract Tower,5,30,17,14,66,0,0,31,14,45,5,30,48,28,111,0,0,0,111
05/16/2015,GNV,FL,ASO,ES,Federal Contract Tower,3,24,27,2,56,0,0,77,0,77,3,24,104,2,133,0,0,0,133
05/17/2015,GNV,FL,ASO,ES,Federal Contract Tower,1,25,16,8,50,0,2,29,6,37,1,27,45,14,87,0,0,0,87
05/18/2015,GNV,FL,ASO,ES,Federal Contract Tower,3,30,17,2,52,0,0,106,0,106,3,30,123,2,158,2,0,2,160
05/19/2015,GNV,FL,ASO,ES,Federal Contract Tower,5,26,14,8,53,0,0,74,4,78,5,26,88,12,131,4,4,8,139
05/20/2015,GNV,FL,ASO,ES,Federal Contract Tower,2,33,32,8,75,0,0,76,1,77,2,33,108,9,152,6,0,6,158
05/21/2015,GNV,FL,ASO,ES,Federal Contract Tower,4,33,24,8,69,0,0,103,0,103,4,33,127,8,172,10,0,10,182
05/22/2015,GNV,FL,ASO,ES,Federal Contract Tower,4,23,38,0,65,0,0,102,0,102,4,23,140,0,167,0,0,0,167
05/23/2015,GNV,FL,ASO,ES,Federal Contract Tower,3,21,22,0,46,0,0,70,0,70,3,21,92,0,116,2,0,2,118
05/24/2015,GNV,FL,ASO,ES,Federal Contract Tower,5,21,17,0,43,0,0,40,0,40,5,21,57,0,83,2,0,2,85
05/25/2015,GNV,FL,ASO,ES,Federal Contract Tower,7,20,14,0,41,0,0,40,0,40,7,20,54,0,81,0,0,0,81
05/26/2015,GNV,FL,ASO,ES,Federal Contract Tower,4,24,22,2,52,0,0,40,7,47,4,24,62,9,99,8,0,8,107
05/27/2015,GNV,FL,ASO,ES,Federal Contract Tower,3,27,32,5,67,0,0,74,1,75,3,27,106,6,142,24,0,24,166
05/28/2015,GNV,FL,ASO,ES,Federal Contract Tower,6,32,19,0,57,0,0,74,11,85,6,32,93,11,142,0,8,8,150
05/29/2015,GNV,FL,ASO,ES,Federal Contract Tower,5,31,40,23,99,0,0,90,2,92,5,31,130,25,191,14,8,22,213
05/30/2015,GNV,FL,ASO,ES,Federal Contract Tower,2,19,18,2,41,0,2,40,0,42,2,21,58,2,83,0,0,0,83
05/31/2015,GNV,FL,ASO,ES,Federal Contract Tower,3,26,16,20,65,0,0,46,7,53,3,26,62,27,118,12,0,12,130
06/01/2015,GNV,FL,ASO,ES,Federal Contract Tower,5,30,5,0,40,0,0,38,0,38,5,30,43,0,78,24,0,24,102
06/02/2015,GNV,FL,ASO,ES,Federal Contract Tower,5,29,18,9,61,0,0,34,0,34,5,29,52,9,95,0,0,0,95
06/03/2015,GNV,FL,ASO,ES,Federal Contract Tower,2,29,27,2,60,0,0,102,0,102,2,29,129,2,162,2,14,16,178
06/04/2015,GNV,FL,ASO,ES,Federal Contract Tower,3,40,24,0,67,0,0,114,0,114,3,40,138,0,181,0,0,0,181
06/05/2015,GNV,FL,ASO,ES,Federal Contract Tower,0,38,18,18,74,0,0,84,5,89,0,38,102,23,163,6,18,24,187
06/06/2015,GNV,FL,ASO,ES,Federal Contract Tower,1,24,19,1,45,0,0,109,2,111,1,24,128,3,156,0,0,0,156
06/07/2015,GNV,FL,ASO,ES,Federal Contract Tower,1,32,29,11,73,0,0,58,2,60,1,32,87,13,133,14,0,14,147
06/08/2015,GNV,FL,ASO,ES,Federal Contract Tower,4,30,24,4,62,0,1,64,0,65,4,31,88,4,127,42,0,42,169
06/09/2015,GNV,FL,ASO,ES,Federal Contract Tower,2,28,27,1,58,0,0,60,4,64,2,28,87,5,122,4,0,4,126
06/10/2015,GNV,FL,ASO,ES,Federal Contract Tower,3,35,32,2,72,0,0,41,0,41,3,35,73,2,113,14,0,14,127
06/11/2015,GNV,FL,ASO,ES,Federal Contract Tower,4,31,25,4,64,0,0,42,0,42,4,31,67,4,106,0,0,0,106
06/12/2015,GNV,FL,ASO,ES,Federal Contract Tower,1,30,41,6,78,0,0,107,5,112,1,30,148,11,190,2,1,3,193
06/13/2015,GNV,FL,ASO,ES,Federal Contract Tower,1,16,30,0,47,0,0,53,0,53,1,16,83,0,100,4,0,4,104
06/14/2015,GNV,FL,ASO,ES,Federal Contract Tower,1,28,39,5,73,0,0,78,3,81,1,28,117,8,154,0,0,0,154
06/15/2015,GNV,FL,ASO,ES,Federal Contract Tower,2,32,24,5,63,0,0,91,4,95,2,32,115,9,158,20,0,20,178
06/16/2015,GNV,FL,ASO,ES,Federal Contract Tower,3,32,18,8,61,0,0,106,0,106,3,32,124,8,167,0,22,22,189
06/17/2015,GNV,FL,ASO,ES,Federal Contract Tower,1,38,24,2,65,0,2,89,1,92,1,40,113,3,157,28,2,30,187
06/18/2015,GNV,FL,ASO,ES,Federal Contract Tower,2,28,20,6,56,0,0,84,6,90,2,28,104,12,146,0,0,0,146
06/19/2015,GNV,FL,ASO,ES,Federal Contract Tower,5,26,27,15,73,0,0,66,2,68,5,26,93,17,141,0,8,8,149
06/20/2015,GNV,FL,ASO,ES,Federal Contract Tower,2,25,20,10,57,0,0,67,0,67,2,25,87,10,124,0,0,0,124
06/21/2015,GNV,FL,ASO,ES,Federal Contract Tower,2,24,25,17,68,0,0,63,1,64,2,24,88,18,132,6,0,6,138
06/22/2015,GNV,FL,ASO,ES,Federal Contract Tower,3,27,28,1,59,0,0,62,3,65,3,27,90,4,124,16,6,22,146
06/23/2015,GNV,FL,ASO,ES,Federal Contract Tower,3,21,23,8,55,0,0,53,2,55,3,21,76,10,110,0,0,0,110
06/24/2015,GNV,FL,ASO,ES,Federal Contract Tower,1,25,24,4,54,0,0,63,0,63,1,25,87,4,117,26,8,34,151
06/25/2015,GNV,FL,ASO,ES,Federal Contract Tower,1,34,30,0,65,0,0,81,3,84,1,34,111,3,149,8,0,8,157
06/26/2015,GNV,FL,ASO,ES,Federal Contract Tower,1,32,24,1,58,0,0,60,3,63,1,32,84,4,121,6,0,6,127
06/27/2015,GNV,FL,ASO,ES,Federal Contract Tower,2,19,22,0,43,0,0,30,0,30,2,19,52,0,73,0,0,0,73
06/28/2015,GNV,FL,ASO,ES,Federal Contract Tower,1,34,21,1,57,0,0,85,1,86,1,34,106,2,143,0,0,0,143
06/29/2015,GNV,FL,ASO,ES,Federal Contract Tower,2,33,11,0,46,0,0,29,0,29,2,33,40,0,75,0,0,0,75
06/30/2015,GNV,FL,ASO,ES,Federal Contract Tower,2,25,8,0,35,0,2,51,0,53,2,27,59,0,88,2,0,2,90
07/01/2015,GNV,FL,ASO,ES,Federal Contract Tower,0,34,24,6,64,0,4,93,5,102,0,38,117,11,166,12,10,22,188
07/02/2015,GNV,FL,ASO,ES,Federal Contract Tower,1,26,29,2,58,0,0,67,1,68,1,26,96,3,126,10,0,10,136
07/03/2015,GNV,FL,ASO,ES,Federal Contract Tower,3,14,24,0,41,0,0,62,0,62,3,14,86,0,103,20,0,20,123
07/04/2015,GNV,FL,ASO,ES,Federal Contract Tower,2,12,5,0,19,0,0,35,0,35,2,12,40,0,54,0,0,0,54
07/05/2015,GNV,FL,ASO,ES,Federal Contract Tower,1,22,19,0,42,0,0,29,0,29,1,22,48,0,71,0,0,0,71
07/06/2015,GNV,FL,ASO,ES,Federal Contract Tower,3,25,14,4,46,0,0,41,0,41,3,25,55,4,87,22,0,22,109
07/07/2015,GNV,FL,ASO,ES,Federal Contract Tower,3,25,19,4,51,0,2,53,0,55,3,27,72,4,106,16,0,16,122
07/08/2015,GNV,FL,ASO,ES,Federal Contract Tower,1,24,18,0,43,0,0,59,4,63,1,24,77,4,106,8,22,30,136
07/09/2015,GNV,FL,ASO,ES,Federal Contract Tower,3,24,31,3,61,0,0,64,5,69,3,24,95,8,130,84,18,102,232
07/10/2015,GNV,FL,ASO,ES,Federal Contract Tower,2,26,18,20,66,0,0,63,5,68,2,26,81,25,134,10,0,10,144
07/11/2015,GNV,FL,ASO,ES,Federal Contract Tower,3,24,16,7,50,0,0,91,1,92,3,24,107,8,142,0,0,0,142
07/12/2015,GNV,FL,ASO,ES,Federal Contract Tower,2,28,16,12,58,0,0,53,4,57,2,28,69,16,115,14,0,14,129
07/13/2015,GNV,FL,ASO,ES,Federal Contract Tower,3,25,21,0,49,0,0,51,0,51,3,25,72,0,100,18,0,18,118
07/14/2015,GNV,FL,ASO,ES,Federal Contract Tower,3,23,14,0,40,0,0,36,4,40,3,23,50,4,80,14,8,22,102
07/15/2015,GNV,FL,ASO,ES,Federal Contract Tower,1,26,24,1,52,0,0,24,0,24,1,26,48,1,76,0,0,0,76
07/16/2015,GNV,FL,ASO,ES,Federal Contract Tower,1,29,25,0,55,0,0,36,1,37,1,29,61,1,92,12,0,12,104
07/17/2015,GNV,FL,ASO,ES,Federal Contract Tower,3,24,20,9,56,0,0,19,1,20,3,24,39,10,76,8,0,8,84
07/18/2015,GNV,FL,ASO,ES,Federal Contract Tower,3,17,24,0,44,0,0,17,0,17,3,17,41,0,61,10,0,10,71
07/19/2015,GNV,FL,ASO,ES,Federal Contract Tower,1,26,20,8,55,0,2,31,0,33,1,28,51,8,88,4,0,4,92
07/20/2015,GNV,FL,ASO,ES,Federal Contract Tower,3,28,31,0,62,0,0,58,0,58,3,28,89,0,120,18,0,18,138
07/21/2015,GNV,FL,ASO,ES,Federal Contract Tower,3,27,33,4,67,0,0,72,0,72,3,27,105,4,139,36,0,36,175
07/22/2015,GNV,FL,ASO,ES,Federal Contract Tower,1,28,39,1,69,0,0,36,4,40,1,28,75,5,109,40,0,40,149
07/23/2015,GNV,FL,ASO,ES,Federal Contract Tower,1,28,22,4,55,0,0,61,5,66,1,28,83,9,121,0,0,0,121
07/24/2015,GNV,FL,ASO,ES,Federal Contract Tower,2,23,34,4,63,0,0,56,2,58,2,23,90,6,121,0,0,0,121
07/25/2015,GNV,FL,ASO,ES,Federal Contract Tower,4,13,11,0,28,0,1,46,0,47,4,14,57,0,75,0,0,0,75
07/26/2015,GNV,FL,ASO,ES,Federal Contract Tower,0,30,16,0,46,0,0,19,2,21,0,30,35,2,67,15,0,15,82
07/27/2015,GNV,FL,ASO,ES,Federal Contract Tower,2,30,12,0,44,0,1,36,0,37,2,31,48,0,81,8,0,8,89
07/28/2015,GNV,FL,ASO,ES,Federal Contract Tower,4,28,21,0,53,0,0,31,3,34,4,28,52,3,87,2,0,2,89
07/29/2015,GNV,FL,ASO,ES,Federal Contract Tower,2,28,27,0,57,0,0,55,2,57,2,28,82,2,114,20,0,20,134
07/30/2015,GNV,FL,ASO,ES,Federal Contract Tower,2,27,30,0,59,0,1,68,0,69,2,28,98,0,128,4,0,4,132
07/31/2015,GNV,FL,ASO,ES,Federal Contract Tower,3,23,33,4,63,0,0,54,0,54,3,23,87,4,117,26,0,26,143
08/01/2015,GNV,FL,ASO,ES,Federal Contract Tower,3,19,11,0,33,0,0,5,0,5,3,19,16,0,38,0,0,0,38
08/02/2015,GNV,FL,ASO,ES,Federal Contract Tower,2,32,12,6,52,0,0,0,0,0,2,32,12,6,52,0,0,0,52
08/03/2015,GNV,FL,ASO,ES,Federal Contract Tower,4,33,9,2,48,0,0,0,0,0,4,33,9,2,48,0,0,0,48
08/04/2015,GNV,FL,ASO,ES,Federal Contract Tower,3,29,21,7,60,0,0,13,0,13,3,29,34,7,73,8,0,8,81
08/05/2015,GNV,FL,ASO,ES,Federal Contract Tower,4,25,25,4,58,0,0,43,2,45,4,25,68,6,103,16,0,16,119
08/06/2015,GNV,FL,ASO,ES,Federal Contract Tower,1,26,36,9,72,0,0,117,2,119,1,26,153,11,191,24,0,24,215
08/07/2015,GNV,FL,ASO,ES,Federal Contract Tower,3,34,35,0,72,0,0,36,2,38,3,34,71,2,110,0,0,0,110
08/08/2015,GNV,FL,ASO,ES,Federal Contract Tower,2,17,27,0,46,0,0,49,0,49,2,17,76,0,95,24,0,24,119
08/09/2015,GNV,FL,ASO,ES,Federal Contract Tower,2,29,27,4,62,0,0,65,2,67,2,29,92,6,129,8,0,8,137
08/10/2015,GNV,FL,ASO,ES,Federal Contract Tower,1,35,24,3,63,0,0,99,1,100,1,35,123,4,163,22,0,22,185
08/11/2015,GNV,FL,ASO,ES,Federal Contract Tower,5,26,28,0,59,0,0,98,5,103,5,26,126,5,162,2,0,2,164
08/12/2015,GNV,FL,ASO,ES,Federal Contract Tower,1,30,24,5,60,0,2,56,4,62,1,32,80,9,122,0,0,0,122
08/13/2015,GNV,FL,ASO,ES,Federal Contract Tower,4,31,13,0,48,0,0,34,0,34,4,31,47,0,82,0,0,0,82
08/14/2015,GNV,FL,ASO,ES,Federal Contract Tower,2,27,26,2,57,0,0,37,2,39,2,27,63,4,96,0,0,0,96
08/15/2015,GNV,FL,ASO,ES,Federal Contract Tower,6,17,19,0,42,0,0,39,0,39,6,17,58,0,81,6,0,6,87
08/16/2015,GNV,FL,ASO,ES,Federal Contract Tower,2,27,22,0,51,0,4,31,0,35,2,31,53,0,86,8,0,8,94
08/17/2015,GNV,FL,ASO,ES,Federal Contract Tower,3,30,25,0,58,0,0,73,0,73,3,30,98,0,131,0,16,16,147
08/18/2015,GNV,FL,ASO,ES,Federal Contract Tower,4,29,31,10,74,0,0,71,1,72,4,29,102,11,146,8,0,8,154
08/19/2015,GNV,FL,ASO,ES,Federal Contract Tower,0,25,29,6,60,0,0,71,5,76,0,25,100,11,136,10,0,10,146
08/20/2015,GNV,FL,ASO,ES,Federal Contract Tower,0,29,30,3,62,0,0,80,3,83,0,29,110,6,145,22,32,54,199
08/21/2015,GNV,FL,ASO,ES,Federal Contract Tower,0,30,33,13,76,0,0,76,0,76,0,30,109,13,152,0,1,1,153
08/22/2015,GNV,FL,ASO,ES,Federal Contract Tower,0,21,34,0,55,0,0,71,3,74,0,21,105,3,129,0,0,0,129
08/23/2015,GNV,FL,ASO,ES,Federal Contract Tower,0,22,8,57,87,0,0,50,2,52,0,22,58,59,139,34,0,34,173
08/24/2015,GNV,FL,ASO,ES,Federal Contract Tower,2,27,30,0,59,0,0,52,0,52,2,27,82,0,111,0,0,0,111
08/25/2015,GNV,FL,ASO,ES,Federal Contract Tower,2,22,39,4,67,0,0,100,5,105,2,22,139,9,172,2,13,15,187
08/26/2015,GNV,FL,ASO,ES,Federal Contract Tower,2,23,31,6,62,0,74,3,0,77,2,97,34,6,139,6,0,6,145
08/27/2015,GNV,FL,ASO,ES,Federal Contract Tower,0,29,39,6,74,0,0,73,2,75,0,29,112,8,149,0,0,0,149
08/28/2015,GNV,FL,ASO,ES,Federal Contract Tower,0,34,21,20,75,0,0,48,0,48,0,34,69,20,123,0,0,0,123
08/29/2015,GNV,FL,ASO,ES,Federal Contract Tower,1,20,30,0,51,0,0,46,0,46,1,20,76,0,97,24,6,30,127
08/30/2015,GNV,FL,ASO,ES,Federal Contract Tower,2,23,14,10,49,0,0,21,3,24,2,23,35,13,73,16,0,16,89
08/31/2015,GNV,FL,ASO,ES,Federal Contract Tower,3,29,14,0,46,0,0,6,0,6,3,29,20,0,52,0,0,0,52
09/01/2015,GNV,FL,ASO,ES,Federal Contract Tower,2,26,28,2,58,0,0,16,3,19,2,26,44,5,77,0,0,0,77
09/02/2015,GNV,FL,ASO,ES,Federal Contract Tower,2,33,19,4,58,0,0,53,6,59,2,33,72,10,117,0,10,10,127
09/03/2015,GNV,FL,ASO,ES,Federal Contract Tower,2,31,31,2,66,0,1,87,5,93,2,32,118,7,159,0,4,4,163
09/04/2015,GNV,FL,ASO,ES,Federal Contract Tower,2,34,31,4,71,0,0,63,2,65,2,34,94,6,136,26,18,44,180
09/05/2015,GNV,FL,ASO,ES,Federal Contract Tower,3,18,28,0,49,0,0,52,0,52,3,18,80,0,101,28,0,28,129
09/06/2015,GNV,FL,ASO,ES,Federal Contract Tower,2,13,28,0,43,0,0,46,0,46,2,13,74,0,89,22,0,22,111
09/07/2015,GNV,FL,ASO,ES,Federal Contract Tower,4,19,30,0,53,0,0,2,0,2,4,19,32,0,55,0,0,0,55
09/08/2015,GNV,FL,ASO,ES,Federal Contract Tower,2,24,17,2,45,0,0,34,2,36,2,24,51,4,81,2,0,2,83
09/09/2015,GNV,FL,ASO,ES,Federal Contract Tower,2,24,39,8,73,0,0,71,9,80,2,24,110,17,153,60,4,64,217
09/10/2015,GNV,FL,ASO,ES,Federal Contract Tower,2,25,22,0,49,0,0,65,9,74,2,25,87,9,123,36,0,36,159
09/11/2015,GNV,FL,ASO,ES,Federal Contract Tower,2,22,34,17,75,0,0,54,5,59,2,22,88,22,134,26,4,30,164
09/12/2015,GNV,FL,ASO,ES,Federal Contract Tower,2,24,33,0,59,0,0,14,0,14,2,24,47,0,73,6,0,6,79
09/13/2015,GNV,FL,ASO,ES,Federal Contract Tower,0,32,37,5,74,0,0,61,0,61,0,32,98,5,135,34,0,34,169
09/14/2015,GNV,FL,ASO,ES,Federal Contract Tower,2,23,24,2,51,0,0,104,0,104,2,23,128,2,155,38,0,38,193
09/15/2015,GNV,FL,ASO,ES,Federal Contract Tower,2,24,30,4,60,0,0,32,3,35,2,24,62,7,95,52,10,62,157
09/16/2015,GNV,FL,ASO,ES,Federal Contract Tower,2,21,50,0,73,0,0,31,0,31,2,21,81,0,104,4,0,4,108
09/17/2015,GNV,FL,ASO,ES,Federal Contract Tower,2,22,29,6,59,0,0,11,6,17,2,22,40,12,76,24,0,24,100
09/18/2015,GNV,FL,ASO,ES,Federal Contract Tower,4,25,32,11,72,0,0,12,2,14,4,25,44,13,86,0,0,0,86
09/19/2015,GNV,FL,ASO,ES,Federal Contract Tower,3,18,30,0,51,0,0,48,2,50,3,18,78,2,101,24,14,38,139
09/20/2015,GNV,FL,ASO,ES,Federal Contract Tower,0,24,34,3,61,0,0,77,4,81,0,24,111,7,142,26,0,26,168
09/21/2015,GNV,FL,ASO,ES,Federal Contract Tower,2,21,32,16,71,0,0,89,4,93,2,21,121,20,164,82,8,90,254
09/22/2015,GNV,FL,ASO,ES,Federal Contract Tower,3,22,29,2,56,0,0,83,1,84,3,22,112,3,140,40,22,62,202
09/23/2015,GNV,FL,ASO,ES,Federal Contract Tower,2,25,27,18,72,0,0,33,1,34,2,25,60,19,106,20,58,78,184
09/24/2015,GNV,FL,ASO,ES,Federal Contract Tower,0,29,29,4,62,0,0,30,5,35,0,29,59,9,97,32,6,38,135
09/25/2015,GNV,FL,ASO,ES,Federal Contract Tower,0,32,46,34,112,0,0,38,8,46,0,32,84,42,158,0,0,0,158
09/26/2015,GNV,FL,ASO,ES,Federal Contract Tower,6,24,74,5,109,0,0,28,0,28,6,24,102,5,137,0,0,0,137
09/27/2015,GNV,FL,ASO,ES,Federal Contract Tower,0,27,49,2,78,0,0,5,0,5,0,27,54,2,83,0,0,0,83
09/28/2015,GNV,FL,ASO,ES,Federal Contract Tower,2,23,23,0,48,0,0,11,0,11,2,23,34,0,59,4,0,4,63
09/29/2015,GNV,FL,ASO,ES,Federal Contract Tower,4,25,25,9,63,0,0,28,5,33,4,25,53,14,96,26,0,26,122
09/30/2015,GNV,FL,ASO,ES,Federal Contract Tower,3,31,47,6,87,0,0,37,2,39,3,31,84,8,126,4,0,4,130
10/01/2015,GNV,FL,ASO,ES,Federal Contract Tower,3,21,28,13,65,0,0,30,5,35,3,21,58,18,100,28,28,56,156
10/02/2015,GNV,FL,ASO,ES,Federal Contract Tower,6,26,41,11,84,0,0,16,2,18,6,26,57,13,102,0,0,0,102
10/03/2015,GNV,FL,ASO,ES,Federal Contract Tower,5,19,107,0,131,0,0,27,0,27,5,19,134,0,158,6,0,6,164
10/04/2015,GNV,FL,ASO,ES,Federal Contract Tower,2,29,67,18,116,0,0,54,5,59,2,29,121,23,175,56,0,56,231
10/05/2015,GNV,FL,ASO,ES,Federal Contract Tower,5,27,33,9,74,0,0,32,0,32,5,27,65,9,106,26,34,60,166
10/06/2015,GNV,FL,ASO,ES,Federal Contract Tower,2,25,23,9,59,0,0,47,1,48,2,25,70,10,107,34,0,34,141
10/07/2015,GNV,FL,ASO,ES,Federal Contract Tower,2,22,48,5,77,0,0,78,1,79,2,22,126,6,156,30,0,30,186
10/08/2015,GNV,FL,ASO,ES,Federal Contract Tower,3,21,24,10,58,0,1,110,3,114,3,22,134,13,172,90,10,100,272
10/09/2015,GNV,FL,ASO,ES,Federal Contract Tower,2,33,22,14,71,0,0,70,1,71,2,33,92,15,142,22,16,38,180
10/10/2015,GNV,FL,ASO,ES,Federal Contract Tower,2,17,25,0,44,0,2,46,0,48,2,19,71,0,92,30,0,30,122
10/11/2015,GNV,FL,ASO,ES,Federal Contract Tower,4,21,30,4,59,0,0,57,3,60,4,21,87,7,119,78,4,82,201
10/12/2015,GNV,FL,ASO,ES,Federal Contract Tower,4,26,33,0,63,0,0,83,0,83,4,26,116,0,146,12,0,12,158
10/13/2015,GNV,FL,ASO,ES,Federal Contract Tower,4,23,31,1,59,0,0,96,4,100,4,23,127,5,159,36,0,36,195
10/14/2015,GNV,FL,ASO,ES,Federal Contract Tower,2,31,49,6,88,0,1,69,2,72,2,32,118,8,160,34,0,34,194
10/15/2015,GNV,FL,ASO,ES,Federal Contract Tower,2,21,33,6,62,0,0,108,3,111,2,21,141,9,173,44,10,54,227
10/16/2015,GNV,FL,ASO,ES,Federal Contract Tower,4,24,42,12,82,0,0,138,5,143,4,24,180,17,225,20,8,28,253
10/17/2015,GNV,FL,ASO,ES,Federal Contract Tower,3,15,18,17,53,0,0,121,5,126,3,15,139,22,179,22,4,26,205
10/18/2015,GNV,FL,ASO,ES,Federal Contract Tower,2,24,31,0,57,0,0,36,2,38,2,24,67,2,95,8,0,8,103
10/19/2015,GNV,FL,ASO,ES,Federal Contract Tower,4,22,25,3,54,0,0,45,1,46,4,22,70,4,100,20,0,20,120
10/20/2015,GNV,FL,ASO,ES,Federal Contract Tower,4,19,23,4,50,0,0,52,11,63,4,19,75,15,113,8,12,20,133
10/21/2015,GNV,FL,ASO,ES,Federal Contract Tower,2,29,48,11,90,0,0,26,2,28,2,29,74,13,118,16,8,24,142
10/22/2015,GNV,FL,ASO,ES,Federal Contract Tower,2,27,31,12,72,0,1,38,2,41,2,28,69,14,113,26,0,26,139
10/23/2015,GNV,FL,ASO,ES,Federal Contract Tower,1,27,34,8,70,0,0,55,3,58,1,27,89,11,128,86,0,86,214
10/24/2015,GNV,FL,ASO,ES,Federal Contract Tower,2,22,25,7,56,0,163,0,0,163,2,185,25,7,219,52,0,52,271
10/25/2015,GNV,FL,ASO,ES,Federal Contract Tower,4,31,37,3,75,0,0,87,0,87,4,31,124,3,162,110,0,110,272
10/26/2015,GNV,FL,ASO,ES,Federal Contract Tower,4,21,19,2,46,0,0,45,1,46,4,21,64,3,92,40,14,54,146
10/27/2015,GNV,FL,ASO,ES,Federal Contract Tower,5,24,26,12,67,0,0,12,0,12,5,24,38,12,79,12,0,12,91
10/28/2015,GNV,FL,ASO,ES,Federal Contract Tower,2,28,46,5,81,0,0,33,3,36,2,28,79,8,117,50,2,52,169
10/29/2015,GNV,FL,ASO,ES,Federal Contract Tower,0,23,38,19,80,0,0,81,5,86,0,23,119,24,166,34,0,34,200
10/30/2015,GNV,FL,ASO,ES,Federal Contract Tower,2,28,39,12,81,0,0,55,7,62,2,28,94,19,143,84,0,84,227
10/31/2015,GNV,FL,ASO,ES,Federal Contract Tower,2,17,29,0,48,0,2,115,0,117,2,19,144,0,165,98,0,98,263
11/01/2015,GNV,FL,ASO,ES,Federal Contract Tower,5,28,8,10,51,0,0,59,6,65,5,28,67,16,116,20,0,20,136
11/02/2015,GNV,FL,ASO,ES,Federal Contract Tower,6,25,32,8,71,0,1,56,0,57,6,26,88,8,128,34,0,34,162
11/03/2015,GNV,FL,ASO,ES,Federal Contract Tower,6,19,36,10,71,0,0,95,1,96,6,19,131,11,167,28,6,34,201
11/04/2015,GNV,FL,ASO,ES,Federal Contract Tower,6,24,33,2,65,0,0,40,0,40,6,24,73,2,105,34,0,34,139
11/05/2015,GNV,FL,ASO,ES,Federal Contract Tower,6,22,35,19,82,0,0,48,0,48,6,22,83,19,130,20,4,24,154
11/06/2015,GNV,FL,ASO,ES,Federal Contract Tower,6,24,46,22,98,0,1,61,9,71,6,25,107,31,169,4,18,22,191
11/07/2015,GNV,FL,ASO,ES,Federal Contract Tower,5,16,34,0,55,0,0,70,6,76,5,16,104,6,131,32,0,32,163
11/08/2015,GNV,FL,ASO,ES,Federal Contract Tower,6,23,19,32,80,0,0,4,5,9,6,23,23,37,89,0,0,0,89
11/09/2015,GNV,FL,ASO,ES,Federal Contract Tower,5,23,15,9,52,0,0,11,2,13,5,23,26,11,65,12,2,14,79
11/10/2015,GNV,FL,ASO,ES,Federal Contract Tower,8,20,31,9,68,0,0,28,3,31,8,20,59,12,99,0,28,28,127
11/11/2015,GNV,FL,ASO,ES,Federal Contract Tower,6,24,28,1,59,0,0,69,0,69,6,24,97,1,128,46,0,46,174
11/12/2015,GNV,FL,ASO,ES,Federal Contract Tower,6,19,43,17,85,0,0,115,0,115,6,19,158,17,200,100,16,116,316
11/13/2015,GNV,FL,ASO,ES,Federal Contract Tower,9,21,27,7,64,0,0,76,10,86,9,21,103,17,150,32,4,36,186
11/14/2015,GNV,FL,ASO,ES,Federal Contract Tower,7,15,27,0,49,0,2,66,0,68,7,17,93,0,117,28,0,28,145
11/15/2015,GNV,FL,ASO,ES,Federal Contract Tower,9,21,28,4,62,0,0,51,11,62,9,21,79,15,124,18,4,22,146
11/16/2015,GNV,FL,ASO,ES,Federal Contract Tower,6,17,22,7,52,0,2,67,1,70,6,19,89,8,122,42,10,52,174
11/17/2015,GNV,FL,ASO,ES,Federal Contract Tower,6,21,28,13,68,0,2,66,1,69,6,23,94,14,137,72,20,92,229
11/18/2015,GNV,FL,ASO,ES,Federal Contract Tower,3,25,34,8,70,0,1,28,8,37,3,26,62,16,107,4,42,46,153
11/19/2015,GNV,FL,ASO,ES,Federal Contract Tower,6,23,36,13,78,0,0,5,1,6,6,23,41,14,84,0,0,0,84
11/20/2015,GNV,FL,ASO,ES,Federal Contract Tower,6,25,47,36,114,0,0,94,6,100,6,25,141,42,214,12,44,56,270
11/21/2015,GNV,FL,ASO,ES,Federal Contract Tower,6,14,46,0,66,0,0,35,0,35,6,14,81,0,101,10,0,10,111
11/22/2015,GNV,FL,ASO,ES,Federal Contract Tower,8,20,26,7,61,0,0,9,0,9,8,20,35,7,70,0,0,0,70
11/23/2015,GNV,FL,ASO,ES,Federal Contract Tower,6,22,34,8,70,0,0,111,0,111,6,22,145,8,181,38,0,38,219
11/24/2015,GNV,FL,ASO,ES,Federal Contract Tower,8,30,38,4,80,0,1,81,1,83,8,31,119,5,163,30,6,36,199
11/25/2015,GNV,FL,ASO,ES,Federal Contract Tower,6,22,35,0,63,0,0,40,0,40,6,22,75,0,103,18,0,18,121
11/26/2015,GNV,FL,ASO,ES,Federal Contract Tower,3,15,5,0,23,0,0,24,0,24,3,15,29,0,47,6,0,6,53
11/27/2015,GNV,FL,ASO,ES,Federal Contract Tower,5,23,37,0,65,0,0,29,0,29,5,23,66,0,94,8,0,8,102
11/28/2015,GNV,FL,ASO,ES,Federal Contract Tower,6,36,54,0,96,0,0,60,0,60,6,36,114,0,156,38,0,38,194
11/29/2015,GNV,FL,ASO,ES,Federal Contract Tower,12,19,53,0,84,0,0,76,2,78,12,19,129,2,162,22,0,22,184
11/30/2015,GNV,FL,ASO,ES,Federal Contract Tower,5,28,31,10,74,0,0,87,0,87,5,28,118,10,161,16,0,16,177
12/01/2015,GNV,FL,ASO,ES,Federal Contract Tower,3,21,52,12,88,0,0,49,4,53,3,21,101,16,141,26,24,50,191
12/02/2015,GNV,FL,ASO,ES,Federal Contract Tower,6,21,38,11,76,0,0,23,0,23,6,21,61,11,99,42,0,42,141
12/03/2015,GNV,FL,ASO,ES,Federal Contract Tower,7,21,46,8,82,0,1,91,6,98,7,22,137,14,180,46,16,62,242
12/04/2015,GNV,FL,ASO,ES,Federal Contract Tower,10,22,62,15,109,0,0,14,5,19,10,22,76,20,128,0,0,0,128
12/05/2015,GNV,FL,ASO,ES,Federal Contract Tower,2,18,30,0,50,0,0,53,0,53,2,18,83,0,103,0,0,0,103
12/06/2015,GNV,FL,ASO,ES,Federal Contract Tower,6,21,47,16,90,0,0,25,7,32,6,21,72,23,122,38,14,52,174
12/07/2015,GNV,FL,ASO,ES,Federal Contract Tower,5,22,45,7,79,1,1,45,3,50,6,23,90,10,129,32,2,34,163
12/08/2015,GNV,FL,ASO,ES,Federal Contract Tower,6,24,34,5,69,0,0,84,3,87,6,24,118,8,156,46,0,46,202
12/09/2015,GNV,FL,ASO,ES,Federal Contract Tower,9,26,29,10,74,0,2,96,10,108,9,28,125,20,182,30,25,55,237
12/10/2015,GNV,FL,ASO,ES,Federal Contract Tower,6,31,34,7,78,0,0,152,7,159,6,31,186,14,237,82,22,104,341
12/11/2015,GNV,FL,ASO,ES,Federal Contract Tower,7,29,24,19,79,0,0,103,4,107,7,29,127,23,186,60,0,60,246
12/12/2015,GNV,FL,ASO,ES,Federal Contract Tower,2,19,26,4,51,0,0,121,6,127,2,19,147,10,178,22,0,22,200
12/13/2015,GNV,FL,ASO,ES,Federal Contract Tower,6,20,33,6,65,0,0,71,2,73,6,20,104,8,138,30,0,30,168
12/14/2015,GNV,FL,ASO,ES,Federal Contract Tower,7,26,28,0,61,0,0,25,1,26,7,26,53,1,87,48,0,48,135
12/15/2015,GNV,FL,ASO,ES,Federal Contract Tower,5,27,38,0,70,0,0,3,0,3,5,27,41,0,73,0,0,0,73
12/16/2015,GNV,FL,ASO,ES,Federal Contract Tower,8,33,21,14,76,0,0,40,7,47,8,33,61,21,123,32,6,38,161
12/17/2015,GNV,FL,ASO,ES,Federal Contract Tower,6,27,29,8,70,0,0,45,5,50,6,27,74,13,120,50,36,86,206
12/18/2015,GNV,FL,ASO,ES,Federal Contract Tower,5,22,51,15,93,0,0,52,4,56,5,22,103,19,149,8,52,60,209
12/19/2015,GNV,FL,ASO,ES,Federal Contract Tower,5,13,27,4,49,0,3,72,0,75,5,16,99,4,124,12,0,12,136
12/20/2015,GNV,FL,ASO,ES,Federal Contract Tower,0,24,21,0,45,0,0,69,0,69,0,24,90,0,114,36,4,40,154
12/21/2015,GNV,FL,ASO,ES,Federal Contract Tower,2,25,34,19,80,0,0,71,2,73,2,25,105,21,153,0,74,74,227
12/22/2015,GNV,FL,ASO,ES,Federal Contract Tower,4,30,24,2,60,0,1,6,2,9,4,31,30,4,69,20,0,20,89
12/23/2015,GNV,FL,ASO,ES,Federal Contract Tower,6,25,15,2,48,0,0,11,0,11,6,25,26,2,59,0,0,0,59
12/24/2015,GNV,FL,ASO,ES,Federal Contract Tower,2,24,18,0,44,0,0,28,0,28,2,24,46,0,72,4,0,4,76
12/25/2015,GNV,FL,ASO,ES,Federal Contract Tower,1,19,15,0,35,0,0,12,0,12,1,19,27,0,47,0,0,0,47
12/26/2015,GNV,FL,ASO,ES,Federal Contract Tower,2,35,35,0,72,0,0,23,0,23,2,35,58,0,95,0,0,0,95
12/27/2015,GNV,FL,ASO,ES,Federal Contract Tower,0,28,27,0,55,0,3,51,0,54,0,31,78,0,109,8,0,8,117
12/28/2015,GNV,FL,ASO,ES,Federal Contract Tower,0,23,40,4,67,0,0,18,1,19,0,23,58,5,86,0,0,0,86
12/29/2015,GNV,FL,ASO,ES,Federal Contract Tower,2,24,35,0,61,0,0,36,2,38,2,24,71,2,99,8,0,8,107
12/30/2015,GNV,FL,ASO,ES,Federal Contract Tower,2,33,18,5,58,0,0,46,2,48,2,33,64,7,106,12,28,40,146
12/31/2015,GNV,FL,ASO,ES,Federal Contract Tower,2,18,29,0,49,0,0,31,0,31,2,18,60,0,80,10,0,10,90
01/01/2016,GNV,FL,ASO,ES,Federal Contract Tower,0,25,12,0,37,0,0,1,0,1,0,25,13,0,38,2,0,2,40
01/02/2016,GNV,FL,ASO,ES,Federal Contract Tower,1,26,20,0,47,0,0,5,0,5,1,26,25,0,52,0,0,0,52
01/03/2016,GNV,FL,ASO,ES,Federal Contract Tower,0,23,24,0,47,0,0,4,0,4,0,23,28,0,51,0,0,0,51
01/04/2016,GNV,FL,ASO,ES,Federal Contract Tower,2,24,26,7,59,0,1,66,0,67,2,25,92,7,126,14,0,14,140
01/05/2016,GNV,FL,ASO,ES,Federal Contract Tower,3,25,19,16,63,0,0,26,0,26,3,25,45,16,89,12,8,20,109
01/06/2016,GNV,FL,ASO,ES,Federal Contract Tower,4,27,32,7,70,0,0,8,2,10,4,27,40,9,80,0,8,8,88
01/07/2016,GNV,FL,ASO,ES,Federal Contract Tower,4,23,24,7,58,0,0,9,2,11,4,23,33,9,69,22,0,22,91
01/08/2016,GNV,FL,ASO,ES,Federal Contract Tower,4,25,48,5,82,0,0,10,2,12,4,25,58,7,94,8,0,8,102
01/09/2016,GNV,FL,ASO,ES,Federal Contract Tower,2,22,16,0,40,0,0,1,0,1,2,22,17,0,41,0,0,0,41
01/10/2016,GNV,FL,ASO,ES,Federal Contract Tower,4,26,30,17,77,0,0,33,4,37,4,26,63,21,114,8,8,16,130
01/11/2016,GNV,FL,ASO,ES,Federal Contract Tower,4,26,26,14,70,0,0,0,0,0,4,26,26,14,70,42,28,70,140
01/12/2016,GNV,FL,ASO,ES,Federal Contract Tower,4,22,24,12,62,0,0,100,1,101,4,22,124,13,163,36,10,46,209
01/13/2016,GNV,FL,ASO,ES,Federal Contract Tower,4,23,25,12,64,0,0,89,3,92,4,23,114,15,156,48,4,52,208
01/14/2016,GNV,FL,ASO,ES,Federal Contract Tower,2,24,39,9,74,0,0,87,9,96,2,24,126,18,170,30,24,54,224
01/15/2016,GNV,FL,ASO,ES,Federal Contract Tower,4,25,15,5,49,0,0,27,15,42,4,25,42,20,91,8,0,8,99
01/16/2016,GNV,FL,ASO,ES,Federal Contract Tower,2,25,37,2,66,0,0,36,0,36,2,25,73,2,102,4,0,4,106
01/17/2016,GNV,FL,ASO,ES,Federal Contract Tower,2,24,9,5,40,0,3,18,12,33,2,27,27,17,73,6,0,6,79
01/18/2016,GNV,FL,ASO,ES,Federal Contract Tower,4,25,43,0,72,0,0,97,0,97,4,25,140,0,169,54,0,54,223
01/19/2016,GNV,FL,ASO,ES,Federal Contract Tower,4,23,36,6,69,0,0,94,4,98,4,23,130,10,167,68,0,68,235
01/20/2016,GNV,FL,ASO,ES,Federal Contract Tower,4,22,51,8,85,0,0,112,7,119,4,22,163,15,204,76,18,94,298
01/21/2016,GNV,FL,ASO,ES,Federal Contract Tower,4,27,44,11,86,0,0,93,2,95,4,27,137,13,181,42,0,42,223
01/22/2016,GNV,FL,ASO,ES,Federal Contract Tower,4,19,21,1,45,0,0,10,3,13,4,19,31,4,58,16,0,16,74
01/23/2016,GNV,FL,ASO,ES,Federal Contract Tower,2,16,20,1,39,0,2,23,1,26,2,18,43,2,65,92,0,92,157
01/24/2016,GNV,FL,ASO,ES,Federal Contract Tower,4,30,23,4,61,0,0,101,7,108,4,30,124,11,169,30,0,30,199
01/25/2016,GNV,FL,ASO,ES,Federal Contract Tower,4,26,48,20,98,0,6,95,1,102,4,32,143,21,200,70,0,70,270
01/26/2016,GNV,FL,ASO,ES,Federal Contract Tower,4,18,24,14,60,0,0,69,4,73,4,18,93,18,133,30,6,36,169
01/27/2016,GNV,FL,ASO,ES,Federal Contract Tower,4,27,45,7,83,0,0,26,2,28,4,27,71,9,111,52,0,52,163
01/28/2016,GNV,FL,ASO,ES,Federal Contract Tower,2,32,17,0,51,0,0,0,0,0,2,32,17,0,51,0,0,0,51
01/29/2016,GNV,FL,ASO,ES,Federal Contract Tower,5,34,46,11,96,0,0,87,22,109,5,34,133,33,205,146,6,152,357
01/30/2016,GNV,FL,ASO,ES,Federal Contract Tower,3,22,44,3,72,0,2,134,0,136,3,24,178,3,208,18,6,24,232
01/31/2016,GNV,FL,ASO,ES,Federal Contract Tower,4,24,25,14,67,0,0,73,17,90,4,24,98,31,157,34,0,34,191
02/01/2016,GNV,FL,ASO,ES,Federal Contract Tower,4,20,24,41,89,0,0,74,0,74,4,20,98,41,163,22,0,22,185
02/02/2016,GNV,FL,ASO,ES,Federal Contract Tower,6,23,17,2,48,0,0,44,2,46,6,23,61,4,94,20,16,36,130
02/03/2016,GNV,FL,ASO,ES,Federal Contract Tower,4,20,29,3,56,0,0,63,0,63,4,20,92,3,119,6,6,12,131
02/04/2016,GNV,FL,ASO,ES,Federal Contract Tower,2,0,28,24,54,0,0,0,0,0,2,0,28,24,54,0,0,0,54
02/05/2016,GNV,FL,ASO,ES,Federal Contract Tower,4,25,37,12,78,0,0,71,16,87,4,25,108,28,165,24,0,24,189
02/06/2016,GNV,FL,ASO,ES,Federal Contract Tower,3,21,26,4,54,0,0,32,0,32,3,21,58,4,86,10,0,10,96
02/07/2016,GNV,FL,ASO,ES,Federal Contract Tower,2,19,13,14,48,0,2,22,13,37,2,21,35,27,85,0,0,0,85
02/08/2016,GNV,FL,ASO,ES,Federal Contract Tower,4,22,26,0,52,0,0,70,3,73,4,22,96,3,125,16,0,16,141
02/09/2016,GNV,FL,ASO,ES,Federal Contract Tower,6,13,13,6,38,0,0,36,11,47,6,13,49,17,85,8,18,26,111
02/10/2016,GNV,FL,ASO,ES,Federal Contract Tower,6,24,33,12,75,0,2,52,5,59,6,26,85,17,134,14,0,14,148
02/11/2016,GNV,FL,ASO,ES,Federal Contract Tower,5,22,59,8,94,0,0,133,2,135,5,22,192,10,229,26,0,26,255
02/12/2016,GNV,FL,ASO,ES,Federal Contract Tower,2,25,38,20,85,0,0,72,3,75,2,25,110,23,160,16,0,16,176
02/13/2016,GNV,FL,ASO,ES,Federal Contract Tower,2,28,40,6,76,0,2,90,0,92,2,30,130,6,168,28,0,28,196
02/14/2016,GNV,FL,ASO,ES,Federal Contract Tower,5,18,25,0,48,0,0,74,2,76,5,18,99,2,124,40,0,40,164
02/15/2016,GNV,FL,ASO,ES,Federal Contract Tower,4,22,47,4,77,0,0,44,4,48,4,22,91,8,125,22,0,22,147
02/16/2016,GNV,FL,ASO,ES,Federal Contract Tower,6,26,37,2,71,0,0,49,4,53,6,26,86,6,124,32,20,52,176
02/17/2016,GNV,FL,ASO,ES,Federal Contract Tower,4,28,53,5,90,0,0,121,4,125,4,28,174,9,215,80,12,92,307
02/18/2016,GNV,FL,ASO,ES,Federal Contract Tower,2,37,32,0,71,0,0,128,0,128,2,37,160,0,199,12,18,30,229
02/19/2016,GNV,FL,ASO,ES,Federal Contract Tower,2,31,46,16,95,0,0,78,19,97,2,31,124,35,192,4,0,4,196
02/20/2016,GNV,FL,ASO,ES,Federal Contract Tower,5,18,35,2,60,0,0,96,0,96,5,18,131,2,156,10,2,12,168
02/21/2016,GNV,FL,ASO,ES,Federal Contract Tower,3,24,35,25,87,0,0,81,16,97,3,24,116,41,184,22,0,22,206
02/22/2016,GNV,FL,ASO,ES,Federal Contract Tower,6,23,43,12,84,0,0,84,2,86,6,23,127,14,170,28,24,52,222
02/23/2016,GNV,FL,ASO,ES,Federal Contract Tower,5,20,26,0,51,0,2,36,0,38,5,22,62,0,89,12,0,12,101
02/24/2016,GNV,FL,ASO,ES,Federal Contract Tower,4,21,11,3,39,0,0,4,2,6,4,21,15,5,45,0,8,8,53
02/25/2016,GNV,FL,ASO,ES,Federal Contract Tower,2,20,44,18,84,0,0,60,1,61,2,20,104,19,145,10,12,22,167
02/26/2016,GNV,FL,ASO,ES,Federal Contract Tower,3,26,25,17,71,0,0,93,1,94,3,26,118,18,165,68,0,68,233
02/27/2016,GNV,FL,ASO,ES,Federal Contract Tower,2,29,23,0,54,0,0,126,0,126,2,29,149,0,180,24,0,24,204
02/28/2016,GNV,FL,ASO,ES,Federal Contract Tower,3,23,12,2,40,0,0,75,0,75,3,23,87,2,115,60,0,60,175
02/29/2016,GNV,FL,ASO,ES,Federal Contract Tower,5,24,26,23,78,0,0,113,5,118,5,24,139,28,196,0,32,32,228
03/01/2016,GNV,FL,ASO,ES,Federal Contract Tower,3,28,34,9,74,0,0,117,1,118,3,28,151,10,192,30,16,46,238
03/02/2016,GNV,FL,ASO,ES,Federal Contract Tower,5,25,58,17,105,0,2,42,1,45,5,27,100,18,150,10,0,10,160
03/03/2016,GNV,FL,ASO,ES,Federal Contract Tower,4,21,33,2,60,0,124,5,0,129,4,145,38,2,189,28,48,76,265
03/04/2016,GNV,FL,ASO,ES,Federal Contract Tower,4,26,37,5,72,0,0,33,3,36,4,26,70,8,108,2,0,2,110
03/05/2016,GNV,FL,ASO,ES,Federal Contract Tower,1,18,36,8,63,0,0,112,14,126,1,18,148,22,189,24,0,24,213
03/06/2016,GNV,FL,ASO,ES,Federal Contract Tower,3,24,21,7,55,0,0,77,1,78,3,24,98,8,133,32,4,36,169
03/07/2016,GNV,FL,ASO,ES,Federal Contract Tower,5,27,34,16,82,0,3,94,8,105,5,30,128,24,187,36,38,74,261
03/08/2016,GNV,FL,ASO,ES,Federal Contract Tower,7,22,32,4,65,0,0,76,6,82,7,22,108,10,147,12,4,16,163
03/09/2016,GNV,FL,ASO,ES,Federal Contract Tower,6,29,45,13,93,0,1,76,7,84,6,30,121,20,177,46,12,58,235
03/10/2016,GNV,FL,ASO,ES,Federal Contract Tower,6,18,23,16,63,0,0,85,1,86,6,18,108,17,149,24,4,28,177
03/11/2016,GNV,FL,ASO,ES,Federal Contract Tower,6,25,32,19,82,0,0,88,10,98,6,25,120,29,180,38,0,38,218
03/12/2016,GNV,FL,ASO,ES,Federal Contract Tower,2,25,26,0,53,0,0,71,0,71,2,25,97,0,124,10,0,10,134
03/13/2016,GNV,FL,ASO,ES,Federal Contract Tower,4,26,16,0,46,0,0,18,0,18,4,26,34,0,64,4,0,4,68
03/14/2016,GNV,FL,ASO,ES,Federal Contract Tower,5,23,35,4,67,0,0,25,0,25,5,23,60,4,92,16,0,16,108
03/15/2016,GNV,FL,ASO,ES,Federal Contract Tower,6,23,37,8,74,0,0,87,1,88,6,23,124,9,162,50,0,50,212
03/16/2016,GNV,FL,ASO,ES,Federal Contract Tower,9,27,55,9,100,0,0,57,3,60,9,27,112,12,160,4,2,6,166
03/17/2016,GNV,FL,ASO,ES,Federal Contract Tower,6,34,28,17,85,0,0,16,0,16,6,34,44,17,101,4,6,10,111
03/18/2016,GNV,FL,ASO,ES,Federal Contract Tower,6,25,55,7,93,0,0,32,2,34,6,25,87,9,127,12,14,26,153
03/20/2016,GNV,FL,ASO,ES,Federal Contract Tower,5,30,49,18,102,0,0,58,4,62,5,30,107,22,164,72,0,72,236
03/21/2016,GNV,FL,ASO,ES,Federal Contract Tower,6,29,31,7,73,0,0,79,0,79,6,29,110,7,152,14,0,14,166
03/22/2016,GNV,FL,ASO,ES,Federal Contract Tower,8,21,25,1,55,0,0,148,3,151,8,21,173,4,206,66,0,66,272
03/23/2016,GNV,FL,ASO,ES,Federal Contract Tower,7,18,38,4,67,0,0,144,2,146,7,18,182,6,213,12,0,12,225
03/24/2016,GNV,FL,ASO,ES,Federal Contract Tower,5,22,32,10,69,0,0,80,2,82,5,22,112,12,151,38,2,40,191
03/25/2016,GNV,FL,ASO,ES,Federal Contract Tower,4,26,26,0,56,0,0,28,0,28,4,26,54,0,84,30,0,30,114
03/26/2016,GNV,FL,ASO,ES,Federal Contract Tower,3,27,22,0,52,0,0,25,0,25,3,27,47,0,77,24,0,24,101
03/27/2016,GNV,FL,ASO,ES,Federal Contract Tower,4,22,9,0,35,0,0,3,0,3,4,22,12,0,38,0,0,0,38
03/28/2016,GNV,FL,ASO,ES,Federal Contract Tower,4,27,47,17,95,0,0,26,5,31,4,27,73,22,126,18,14,32,158
03/29/2016,GNV,FL,ASO,ES,Federal Contract Tower,6,18,57,15,96,0,0,79,0,79,6,18,136,15,175,24,6,30,205
03/30/2016,GNV,FL,ASO,ES,Federal Contract Tower,4,22,56,12,94,0,1,111,2,114,4,23,167,14,208,10,0,10,218
03/31/2016,GNV,FL,ASO,ES,Federal Contract Tower,6,33,40,10,89,0,0,75,3,78,6,33,115,13,167,4,0,4,171
04/01/2016,GNV,FL,ASO,ES,Federal Contract Tower,6,23,46,8,83,0,0,45,2,47,6,23,91,10,130,32,0,32,162
04/02/2016,GNV,FL,ASO,ES,Federal Contract Tower,4,18,19,0,41,0,0,3,0,3,4,18,22,0,44,0,0,0,44
04/03/2016,GNV,FL,ASO,ES,Federal Contract Tower,6,22,40,0,68,0,0,81,0,81,6,22,121,0,149,40,0,40,189
04/04/2016,GNV,FL,ASO,ES,Federal Contract Tower,1,25,46,7,79,0,0,175,2,177,1,25,221,9,256,46,28,74,330
04/05/2016,GNV,FL,ASO,ES,Federal Contract Tower,3,33,45,8,89,0,0,162,4,166,3,33,207,12,255,46,24,70,325
04/06/2016,GNV,FL,ASO,ES,Federal Contract Tower,2,23,36,19,80,0,2,96,1,99,2,25,132,20,179,34,18,52,231
04/07/2016,GNV,FL,ASO,ES,Federal Contract Tower,2,34,33,13,82,0,0,66,6,72,2,34,99,19,154,28,4,32,186
04/08/2016,GNV,FL,ASO,ES,Federal Contract Tower,3,36,49,48,136,0,0,106,19,125,3,36,155,67,261,38,0,38,299
04/09/2016,GNV,FL,ASO,ES,Federal Contract Tower,2,23,33,4,62,0,0,99,1,100,2,23,132,5,162,22,0,22,184
04/10/2016,GNV,FL,ASO,ES,Federal Contract Tower,2,26,25,22,75,0,0,67,14,81,2,26,92,36,156,24,0,24,180
04/11/2016,GNV,FL,ASO,ES,Federal Contract Tower,2,22,23,18,65,0,0,66,2,68,2,22,89,20,133,74,17,91,224
04/12/2016,GNV,FL,ASO,ES,Federal Contract Tower,2,36,29,24,91,0,0,97,1,98,2,36,126,25,189,16,0,16,205
04/13/2016,GNV,FL,ASO,ES,Federal Contract Tower,2,29,33,2,66,0,0,18,2,20,2,29,51,4,86,20,6,26,112
04/14/2016,GNV,FL,ASO,ES,Federal Contract Tower,2,23,44,0,69,0,0,2,0,2,2,23,46,0,71,0,0,0,71
04/15/2016,GNV,FL,ASO,ES,Federal Contract Tower,2,24,44,20,90,0,4,6,2,12,2,28,50,22,102,2,0,2,104
04/16/2016,GNV,FL,ASO,ES,Federal Contract Tower,2,16,29,0,47,0,0,44,0,44,2,16,73,0,91,12,0,12,103
04/17/2016,GNV,FL,ASO,ES,Federal Contract Tower,2,21,21,13,57,0,0,58,2,60,2,21,79,15,117,10,2,12,129
04/18/2016,GNV,FL,ASO,ES,Federal Contract Tower,6,24,35,7,72,0,1,76,0,77,6,25,111,7,149,26,0,26,175
04/19/2016,GNV,FL,ASO,ES,Federal Contract Tower,2,28,39,3,72,0,1,145,7,153,2,29,184,10,225,56,12,68,293
04/20/2016,GNV,FL,ASO,ES,Federal Contract Tower,2,30,32,17,81,0,2,107,6,115,2,32,139,23,196,22,8,30,226
04/21/2016,GNV,FL,ASO,ES,Federal Contract Tower,1,28,34,4,67,0,0,108,15,123,1,28,142,19,190,40,38,78,268
04/22/2016,GNV,FL,ASO,ES,Federal Contract Tower,2,30,26,10,68,0,0,41,11,52,2,30,67,21,120,16,0,16,136
04/23/2016,GNV,FL,ASO,ES,Federal Contract Tower,2,22,47,0,71,0,0,49,0,49,2,22,96,0,120,32,0,32,152
04/24/2016,GNV,FL,ASO,ES,Federal Contract Tower,2,26,21,0,49,0,2,109,0,111,2,28,130,0,160,124,0,124,284
04/25/2016,GNV,FL,ASO,ES,Federal Contract Tower,2,26,28,0,56,0,0,93,0,93,2,26,121,0,149,12,0,12,161
04/26/2016,GNV,FL,ASO,ES,Federal Contract Tower,2,31,31,4,68,0,1,111,5,117,2,32,142,9,185,52,2,54,239
04/27/2016,GNV,FL,ASO,ES,Federal Contract Tower,2,26,24,2,54,0,1,107,5,113,2,27,131,7,167,52,0,52,219
04/28/2016,GNV,FL,ASO,ES,Federal Contract Tower,2,27,46,4,79,0,0,133,0,133,2,27,179,4,212,12,6,18,230
04/29/2016,GNV,FL,ASO,ES,Federal Contract Tower,2,24,52,48,126,0,0,50,5,55,2,24,102,53,181,18,0,18,199
04/30/2016,GNV,FL,ASO,ES,Federal Contract Tower,2,21,20,0,43,0,2,93,0,95,2,23,113,0,138,36,0,36,174
05/01/2016,GNV,FL,ASO,ES,Federal Contract Tower,1,20,30,9,60,0,0,88,5,93,1,20,118,14,153,60,0,60,213
05/02/2016,GNV,FL,ASO,ES,Federal Contract Tower,1,29,18,17,65,0,0,64,2,66,1,29,82,19,131,52,12,64,195
05/03/2016,GNV,FL,ASO,ES,Federal Contract Tower,6,22,44,6,78,0,0,37,0,37,6,22,81,6,115,16,0,16,131
05/04/2016,GNV,FL,ASO,ES,Federal Contract Tower,5,21,13,2,41,0,0,13,2,15,5,21,26,4,56,36,0,36,92
05/05/2016,GNV,FL,ASO,ES,Federal Contract Tower,4,32,31,13,80,0,1,85,5,91,4,33,116,18,171,32,24,56,227
05/06/2016,GNV,FL,ASO,ES,Federal Contract Tower,6,24,41,16,87,0,0,123,1,124,6,24,164,17,211,60,12,72,283
05/07/2016,GNV,FL,ASO,ES,Federal Contract Tower,3,18,42,1,64,0,1,136,2,139,3,19,178,3,203,30,4,34,237
05/08/2016,GNV,FL,ASO,ES,Federal Contract Tower,4,20,18,1,43,0,0,85,1,86,4,20,103,2,129,38,0,38,167
05/09/2016,GNV,FL,ASO,ES,Federal Contract Tower,1,25,19,8,53,0,0,128,1,129,1,25,147,9,182,16,0,16,198
05/10/2016,GNV,FL,ASO,ES,Federal Contract Tower,4,24,31,16,75,0,0,115,3,118,4,24,146,19,193,36,16,52,245
05/11/2016,GNV,FL,ASO,ES,Federal Contract Tower,2,33,30,1,66,0,0,109,2,111,2,33,139,3,177,40,6,46,223
05/12/2016,GNV,FL,ASO,ES,Federal Contract Tower,6,21,57,18,102,0,1,157,1,159,6,22,214,19,261,22,5,27,288
05/13/2016,GNV,FL,ASO,ES,Federal Contract Tower,6,24,24,55,109,0,1,104,8,113,6,25,128,63,222,36,0,36,258
05/14/2016,GNV,FL,ASO,ES,Federal Contract Tower,2,18,23,2,45,0,0,112,0,112,2,18,135,2,157,12,0,12,169
05/15/2016,GNV,FL,ASO,ES,Federal Contract Tower,3,28,21,19,71,0,0,82,11,93,3,28,103,30,164,24,0,24,188
05/16/2016,GNV,FL,ASO,ES,Federal Contract Tower,2,23,14,0,39,0,0,77,0,77,2,23,91,0,116,34,0,34,150
05/17/2016,GNV,FL,ASO,ES,Federal Contract Tower,9,20,24,0,53,0,0,14,1,15,9,20,38,1,68,16,0,16,84
05/18/2016,GNV,FL,ASO,ES,Federal Contract Tower,4,27,34,2,67,0,0,44,8,52,4,27,78,10,119,60,72,132,251
05/19/2016,GNV,FL,ASO,ES,Federal Contract Tower,8,22,27,4,61,0,0,46,2,48,8,22,73,6,109,36,0,36,145
05/20/2016,GNV,FL,ASO,ES,Federal Contract Tower,8,18,32,8,66,0,0,23,0,23,8,18,55,8,89,4,0,4,93
05/21/2016,GNV,FL,ASO,ES,Federal Contract Tower,4,16,47,2,69,0,0,52,0,52,4,16,99,2,121,36,0,36,157
05/22/2016,GNV,FL,ASO,ES,Federal Contract Tower,4,20,22,21,67,0,2,60,6,68,4,22,82,27,135,26,0,26,161
05/23/2016,GNV,FL,ASO,ES,Federal Contract Tower,5,20,30,2,57,0,1,160,2,163,5,21,190,4,220,18,6,24,244
05/24/2016,GNV,FL,ASO,ES,Federal Contract Tower,2,32,36,4,74,0,0,91,4,95,2,32,127,8,169,42,72,114,283
05/25/2016,GNV,FL,ASO,ES,Federal Contract Tower,4,26,35,9,74,0,0,147,6,153,4,26,182,15,227,66,12,78,305
05/26/2016,GNV,FL,ASO,ES,Federal Contract Tower,5,22,39,1,67,0,0,96,2,98,5,22,135,3,165,74,6,80,245
05/27/2016,GNV,FL,ASO,ES,Federal Contract Tower,6,27,29,0,62,0,0,70,2,72,6,27,99,2,134,34,0,34,168
05/28/2016,GNV,FL,ASO,ES,Federal Contract Tower,4,19,25,0,48,0,0,69,0,69,4,19,94,0,117,18,0,18,135
05/29/2016,GNV,FL,ASO,ES,Federal Contract Tower,3,10,20,0,33,0,2,66,0,68,3,12,86,0,101,50,0,50,151
05/30/2016,GNV,FL,ASO,ES,Federal Contract Tower,6,21,24,0,51,0,0,65,0,65,6,21,89,0,116,26,0,26,142
05/31/2016,GNV,FL,ASO,ES,Federal Contract Tower,6,20,20,9,55,0,2,63,5,70,6,22,83,14,125,90,24,114,239
06/01/2016,GNV,FL,ASO,ES,Federal Contract Tower,8,27,30,10,75,0,0,81,2,83,8,27,111,12,158,36,60,96,254
06/02/2016,GNV,FL,ASO,ES,Federal Contract Tower,6,28,44,12,90,0,2,78,2,82,6,30,122,14,172,20,14,34,206
06/03/2016,GNV,FL,ASO,ES,Federal Contract Tower,6,17,18,21,62,0,0,93,16,109,6,17,111,37,171,58,0,58,229
06/04/2016,GNV,FL,ASO,ES,Federal Contract Tower,3,17,34,2,56,0,1,69,0,70,3,18,103,2,126,24,0,24,150
06/05/2016,GNV,FL,ASO,ES,Federal Contract Tower,2,24,22,8,56,0,0,33,12,45,2,24,55,20,101,22,0,22,123
06/06/2016,GNV,FL,ASO,ES,Federal Contract Tower,6,22,6,0,34,0,0,3,0,3,6,22,9,0,37,0,0,0,37
06/07/2016,GNV,FL,ASO,ES,Federal Contract Tower,7,22,20,0,49,0,0,14,0,14,7,22,34,0,63,0,0,0,63
06/08/2016,GNV,FL,ASO,ES,Federal Contract Tower,2,24,36,5,67,0,1,123,14,138,2,25,159,19,205,42,2,44,249
06/09/2016,GNV,FL,ASO,ES,Federal Contract Tower,3,26,24,4,57,0,0,104,2,106,3,26,128,6,163,58,6,64,227
06/10/2016,GNV,FL,ASO,ES,Federal Contract Tower,4,18,42,18,82,2,0,61,4,67,6,18,103,22,149,12,2,14,163
06/11/2016,GNV,FL,ASO,ES,Federal Contract Tower,0,16,21,0,37,0,0,91,0,91,0,16,112,0,128,18,0,18,146
06/12/2016,GNV,FL,ASO,ES,Federal Contract Tower,2,21,20,0,43,0,0,52,0,52,2,21,72,0,95,40,0,40,135
06/13/2016,GNV,FL,ASO,ES,Federal Contract Tower,1,26,29,16,72,0,1,92,3,96,1,27,121,19,168,28,36,64,232
06/14/2016,GNV,FL,ASO,ES,Federal Contract Tower,1,23,36,14,74,0,0,114,13,127,1,23,150,27,201,32,28,60,261
06/15/2016,GNV,FL,ASO,ES,Federal Contract Tower,4,21,47,5,77,0,3,93,10,106,4,24,140,15,183,30,0,30,213
06/16/2016,GNV,FL,ASO,ES,Federal Contract Tower,6,26,33,0,65,0,0,26,8,34,6,26,59,8,99,12,0,12,111
06/17/2016,GNV,FL,ASO,ES,Federal Contract Tower,4,29,23,2,58,0,0,36,9,45,4,29,59,11,103,2,0,2,105
06/18/2016,GNV,FL,ASO,ES,Federal Contract Tower,2,23,21,0,46,0,0,26,0,26,2,23,47,0,72,10,0,10,82
06/19/2016,GNV,FL,ASO,ES,Federal Contract Tower,3,16,26,2,47,0,0,38,2,40,3,16,64,4,87,20,0,20,107
06/20/2016,GNV,FL,ASO,ES,Federal Contract Tower,2,22,25,8,57,0,0,80,3,83,2,22,105,11,140,26,0,26,166
06/21/2016,GNV,FL,ASO,ES,Federal Contract Tower,4,18,26,4,52,0,0,114,10,124,4,18,140,14,176,42,10,52,228
06/22/2016,GNV,FL,ASO,ES,Federal Contract Tower,5,19,57,3,84,0,0,126,5,131,5,19,183,8,215,40,8,48,263
06/23/2016,GNV,FL,ASO,ES,Federal Contract Tower,4,23,61,5,93,0,0,117,3,120,4,23,178,8,213,44,0,44,257
06/24/2016,GNV,FL,ASO,ES,Federal Contract Tower,7,18,46,22,93,0,0,88,1,89,7,18,134,23,182,42,0,42,224
06/25/2016,GNV,FL,ASO,ES,Federal Contract Tower,1,19,33,0,53,0,2,74,0,76,1,21,107,0,129,14,0,14,143
06/26/2016,GNV,FL,ASO,ES,Federal Contract Tower,3,19,20,2,44,0,0,30,7,37,3,19,50,9,81,22,0,22,103
06/27/2016,GNV,FL,ASO,ES,Federal Contract Tower,3,26,39,0,68,0,0,60,0,60,3,26,99,0,128,32,0,32,160
06/28/2016,GNV,FL,ASO,ES,Federal Contract Tower,1,21,26,13,61,0,0,87,7,94,1,21,113,20,155,36,2,38,193
06/29/2016,GNV,FL,ASO,ES,Federal Contract Tower,4,21,45,2,72,0,0,95,8,103,4,21,140,10,175,48,4,52,227
06/30/2016,GNV,FL,ASO,ES,Federal Contract Tower,1,30,20,0,51,0,0,50,0,50,1,30,70,0,101,4,0,4,105
07/01/2016,GNV,FL,ASO,ES,Federal Contract Tower,1,29,23,0,53,0,0,36,0,36,1,29,59,0,89,8,0,8,97
07/02/2016,GNV,FL,ASO,ES,Federal Contract Tower,4,13,17,0,34,0,0,19,0,19,4,13,36,0,53,2,0,2,55
07/03/2016,GNV,FL,ASO,ES,Federal Contract Tower,3,19,21,0,43,0,0,54,0,54,3,19,75,0,97,8,0,8,105
07/04/2016,GNV,FL,ASO,ES,Federal Contract Tower,3,14,10,0,27,0,0,70,0,70,3,14,80,0,97,8,0,8,105
07/05/2016,GNV,FL,ASO,ES,Federal Contract Tower,3,25,25,0,53,0,0,67,0,67,3,25,92,0,120,18,0,18,138
07/06/2016,GNV,FL,ASO,ES,Federal Contract Tower,2,26,33,5,66,0,0,83,9,92,2,26,116,14,158,68,0,68,226
07/07/2016,GNV,FL,ASO,ES,Federal Contract Tower,4,25,29,8,66,0,0,102,8,110,4,25,131,16,176,20,6,26,202
07/08/2016,GNV,FL,ASO,ES,Federal Contract Tower,6,19,29,33,87,0,0,97,9,106,6,19,126,42,193,78,8,86,279
07/09/2016,GNV,FL,ASO,ES,Federal Contract Tower,2,27,25,4,58,0,0,115,5,120,2,27,140,9,178,48,0,48,226
07/10/2016,GNV,FL,ASO,ES,Federal Contract Tower,2,19,27,50,98,0,2,58,12,72,2,21,85,62,170,84,2,86,256
07/11/2016,GNV,FL,ASO,ES,Federal Contract Tower,2,26,34,10,72,0,0,57,4,61,2,26,91,14,133,38,18,56,189
07/12/2016,GNV,FL,ASO,ES,Federal Contract Tower,5,23,34,4,66,0,0,64,1,65,5,23,98,5,131,6,0,6,137
07/13/2016,GNV,FL,ASO,ES,Federal Contract Tower,2,27,50,2,81,0,1,81,1,83,2,28,131,3,164,28,0,28,192
07/14/2016,GNV,FL,ASO,ES,Federal Contract Tower,2,20,35,1,58,0,0,98,8,106,2,20,133,9,164,148,10,158,322
07/15/2016,GNV,FL,ASO,ES,Federal Contract Tower,4,17,25,21,67,0,0,60,8,68,4,17,85,29,135,18,10,28,163
07/16/2016,GNV,FL,ASO,ES,Federal Contract Tower,3,21,23,0,47,0,0,68,4,72,3,21,91,4,119,38,0,38,157
07/17/2016,GNV,FL,ASO,ES,Federal Contract Tower,2,16,34,2,54,0,0,66,0,66,2,16,100,2,120,6,0,6,126
07/18/2016,GNV,FL,ASO,ES,Federal Contract Tower,4,20,19,3,46,0,1,84,4,89,4,21,103,7,135,48,0,48,183
07/19/2016,GNV,FL,ASO,ES,Federal Contract Tower,2,27,25,16,70,0,5,95,2,102,2,32,120,18,172,26,36,62,234
07/20/2016,GNV,FL,ASO,ES,Federal Contract Tower,3,23,39,15,80,0,0,89,4,93,3,23,128,19,173,50,12,62,235
07/21/2016,GNV,FL,ASO,ES,Federal Contract Tower,2,23,26,20,71,0,0,79,7,86,2,23,105,27,157,34,2,36,193
07/22/2016,GNV,FL,ASO,ES,Federal Contract Tower,2,22,20,99,143,0,0,110,7,117,2,22,130,106,260,40,22,62,322
07/23/2016,GNV,FL,ASO,ES,Federal Contract Tower,6,21,34,8,69,0,0,81,1,82,6,21,115,9,151,78,32,110,261
07/24/2016,GNV,FL,ASO,ES,Federal Contract Tower,3,16,15,46,80,0,0,50,10,60,3,16,65,56,140,4,4,8,148
07/25/2016,GNV,FL,ASO,ES,Federal Contract Tower,3,21,31,4,59,0,0,118,0,118,3,21,149,4,177,50,0,50,227
07/26/2016,GNV,FL,ASO,ES,Federal Contract Tower,5,22,25,4,56,0,2,87,2,91,5,24,112,6,147,28,0,28,175
07/27/2016,GNV,FL,ASO,ES,Federal Contract Tower,1,29,41,0,71,0,2,111,6,119,1,31,152,6,190,22,0,22,212
07/28/2016,GNV,FL,ASO,ES,Federal Contract Tower,3,22,36,8,69,0,0,110,6,116,3,22,146,14,185,48,26,74,259
07/29/2016,GNV,FL,ASO,ES,Federal Contract Tower,3,22,26,12,63,0,0,107,3,110,3,22,133,15,173,48,38,86,259
07/30/2016,GNV,FL,ASO,ES,Federal Contract Tower,6,14,31,1,52,0,3,73,1,77,6,17,104,2,129,38,8,46,175
07/31/2016,GNV,FL,ASO,ES,Federal Contract Tower,3,23,16,15,57,0,0,50,1,51,3,23,66,16,108,58,0,58,166
08/01/2016,GNV,FL,ASO,ES,Federal Contract Tower,5,22,21,0,48,0,0,62,0,62,5,22,83,0,110,4,0,4,114
08/02/2016,GNV,FL,ASO,ES,Federal Contract Tower,4,19,21,2,46,0,0,76,3,79,4,19,97,5,125,48,0,48,173
08/03/2016,GNV,FL,ASO,ES,Federal Contract Tower,5,20,21,0,46,0,2,56,2,60,5,22,77,2,106,52,0,52,158
08/04/2016,GNV,FL,ASO,ES,Federal Contract Tower,6,19,20,4,49,0,0,76,2,78,6,19,96,6,127,64,12,76,203
08/05/2016,GNV,FL,ASO,ES,Federal Contract Tower,4,22,34,5,65,0,0,61,1,62,4,22,95,6,127,44,0,44,171
08/06/2016,GNV,FL,ASO,ES,Federal Contract Tower,6,18,19,0,43,0,0,21,0,21,6,18,40,0,64,16,0,16,80
08/07/2016,GNV,FL,ASO,ES,Federal Contract Tower,0,18,30,1,49,0,0,1,0,1,0,18,31,1,50,0,0,0,50
08/08/2016,GNV,FL,ASO,ES,Federal Contract Tower,2,18,14,0,34,0,0,12,0,12,2,18,26,0,46,28,0,28,74
08/09/2016,GNV,FL,ASO,ES,Federal Contract Tower,2,19,17,0,38,0,0,19,0,19,2,19,36,0,57,54,26,80,137
08/10/2016,GNV,FL,ASO,ES,Federal Contract Tower,4,21,28,4,57,0,0,76,3,79,4,21,104,7,136,26,38,64,200
08/11/2016,GNV,FL,ASO,ES,Federal Contract Tower,4,18,38,16,76,0,0,50,6,56,4,18,88,22,132,36,22,58,190
08/12/2016,GNV,FL,ASO,ES,Federal Contract Tower,3,25,29,17,74,0,0,63,1,64,3,25,92,18,138,38,0,38,176
08/13/2016,GNV,FL,ASO,ES,Federal Contract Tower,4,19,14,0,37,0,0,98,0,98,4,19,112,0,135,18,0,18,153
08/14/2016,GNV,FL,ASO,ES,Federal Contract Tower,3,19,23,2,47,0,50,2,0,52,3,69,25,2,99,12,0,12,111
08/15/2016,GNV,FL,ASO,ES,Federal Contract Tower,3,25,33,1,62,0,0,46,1,47,3,25,79,2,109,16,0,16,125
08/16/2016,GNV,FL,ASO,ES,Federal Contract Tower,4,16,35,3,58,0,0,62,2,64,4,16,97,5,122,46,0,46,168
08/17/2016,GNV,FL,ASO,ES,Federal Contract Tower,5,18,37,3,63,0,2,105,1,108,5,20,142,4,171,48,0,48,219
08/18/2016,GNV,FL,ASO,ES,Federal Contract Tower,3,23,29,2,57,0,2,102,9,113,3,25,131,11,170,12,14,26,196
08/19/2016,GNV,FL,ASO,ES,Federal Contract Tower,3,27,29,12,71,0,0,89,0,89,3,27,118,12,160,22,0,22,182
08/20/2016,GNV,FL,ASO,ES,Federal Contract Tower,6,19,20,2,47,0,0,105,0,105,6,19,125,2,152,98,4,102,254
08/21/2016,GNV,FL,ASO,ES,Federal Contract Tower,3,15,18,20,56,0,0,78,4,82,3,15,96,24,138,84,0,84,222
08/22/2016,GNV,FL,ASO,ES,Federal Contract Tower,0,26,28,2,56,0,0,106,1,107,0,26,134,3,163,32,0,32,195
08/23/2016,GNV,FL,ASO,ES,Federal Contract Tower,5,15,19,6,45,0,0,83,1,84,5,15,102,7,129,38,24,62,191
08/24/2016,GNV,FL,ASO,ES,Federal Contract Tower,1,24,26,0,51,0,2,88,0,90,1,26,114,0,141,36,0,36,177
08/25/2016,GNV,FL,ASO,ES,Federal Contract Tower,0,26,41,5,72,0,0,89,3,92,0,26,130,8,164,42,0,42,206
08/26/2016,GNV,FL,ASO,ES,Federal Contract Tower,3,25,39,32,99,0,0,72,6,78,3,25,111,38,177,52,52,104,281
08/27/2016,GNV,FL,ASO,ES,Federal Contract Tower,5,14,15,1,35,0,2,63,2,67,5,16,78,3,102,76,6,82,184
08/28/2016,GNV,FL,ASO,ES,Federal Contract Tower,4,17,17,0,38,0,0,34,0,34,4,17,51,0,72,34,0,34,106
08/29/2016,GNV,FL,ASO,ES,Federal Contract Tower,3,20,27,17,67,0,0,61,1,62,3,20,88,18,129,18,30,48,177
08/30/2016,GNV,FL,ASO,ES,Federal Contract Tower,4,17,32,0,53,0,0,15,0,15,4,17,47,0,68,2,0,2,70
08/31/2016,GNV,FL,ASO,ES,Federal Contract Tower,2,27,23,0,52,0,0,8,2,10,2,27,31,2,62,6,0,6,68
09/01/2016,GNV,FL,ASO,ES,Federal Contract Tower,3,22,8,0,33,0,0,2,0,2,3,22,10,0,35,0,0,0,35
09/02/2016,GNV,FL,ASO,ES,Federal Contract Tower,4,20,9,0,33,0,0,7,0,7,4,20,16,0,40,0,0,0,40
09/03/2016,GNV,FL,ASO,ES,Federal Contract Tower,4,19,27,0,50,0,0,25,0,25,4,19,52,0,75,6,0,6,81
09/04/2016,GNV,FL,ASO,ES,Federal Contract Tower,3,16,21,0,40,0,0,13,0,13,3,16,34,0,53,0,0,0,53
09/05/2016,GNV,FL,ASO,ES,Federal Contract Tower,4,20,25,0,49,0,0,72,0,72,4,20,97,0,121,8,0,8,129
09/06/2016,GNV,FL,ASO,ES,Federal Contract Tower,4,22,30,4,60,0,0,115,5,120,4,22,145,9,180,22,0,22,202
09/07/2016,GNV,FL,ASO,ES,Federal Contract Tower,2,21,43,0,66,0,2,112,4,118,2,23,155,4,184,64,8,72,256
09/08/2016,GNV,FL,ASO,ES,Federal Contract Tower,2,24,30,9,65,0,0,107,7,114,2,24,137,16,179,72,8,80,259
09/09/2016,GNV,FL,ASO,ES,Federal Contract Tower,5,32,55,11,103,0,0,85,6,91,5,32,140,17,194,92,4,96,290
09/10/2016,GNV,FL,ASO,ES,Federal Contract Tower,6,14,48,0,68,0,0,62,0,62,6,14,110,0,130,22,0,22,152
09/11/2016,GNV,FL,ASO,ES,Federal Contract Tower,5,24,32,7,68,0,4,71,13,88,5,28,103,20,156,64,6,70,226
09/12/2016,GNV,FL,ASO,ES,Federal Contract Tower,3,28,33,0,64,0,0,29,0,29,3,28,62,0,93,0,0,0,93
09/13/2016,GNV,FL,ASO,ES,Federal Contract Tower,3,19,21,20,63,0,0,11,1,12,3,19,32,21,75,26,0,26,101
09/14/2016,GNV,FL,ASO,ES,Federal Contract Tower,1,30,29,8,68,0,0,22,0,22,1,30,51,8,90,0,0,0,90
09/15/2016,GNV,FL,ASO,ES,Federal Contract Tower,3,23,35,1,62,0,0,83,1,84,3,23,118,2,146,54,0,54,200
09/16/2016,GNV,FL,ASO,ES,Federal Contract Tower,6,26,33,42,107,0,0,57,4,61,6,26,90,46,168,32,0,32,200
09/17/2016,GNV,FL,ASO,ES,Federal Contract Tower,9,17,42,0,68,0,1,65,0,66,9,18,107,0,134,60,0,60,194
09/18/2016,GNV,FL,ASO,ES,Federal Contract Tower,3,21,21,35,80,0,0,38,2,40,3,21,59,37,120,24,0,24,144
09/19/2016,GNV,FL,ASO,ES,Federal Contract Tower,3,19,9,12,43,0,1,43,0,44,3,20,52,12,87,62,8,70,157
09/20/2016,GNV,FL,ASO,ES,Federal Contract Tower,4,22,27,1,54,0,57,1,0,58,4,79,28,1,112,26,0,26,138
09/21/2016,GNV,FL,ASO,ES,Federal Contract Tower,3,29,42,6,80,0,0,87,24,111,3,29,129,30,191,38,2,40,231
09/22/2016,GNV,FL,ASO,ES,Federal Contract Tower,2,25,62,9,98,0,0,112,3,115,2,25,174,12,213,40,0,40,253
09/23/2016,GNV,FL,ASO,ES,Federal Contract Tower,4,20,32,15,71,0,0,93,2,95,4,20,125,17,166,28,8,36,202
09/24/2016,GNV,FL,ASO,ES,Federal Contract Tower,0,0,28,4,32,0,2,76,3,81,0,2,104,7,113,44,0,44,157
09/25/2016,GNV,FL,ASO,ES,Federal Contract Tower,5,18,34,6,63,0,0,50,2,52,5,18,84,8,115,0,0,0,115
09/26/2016,GNV,FL,ASO,ES,Federal Contract Tower,2,26,46,9,83,0,0,73,0,73,2,26,119,9,156,0,0,0,156
09/27/2016,GNV,FL,ASO,ES,Federal Contract Tower,4,23,33,12,72,0,0,60,0,60,4,23,93,12,132,16,4,20,152
09/28/2016,GNV,FL,ASO,ES,Federal Contract Tower,4,22,41,0,67,0,1,42,0,43,4,23,83,0,110,18,0,18,128
09/29/2016,GNV,FL,ASO,ES,Federal Contract Tower,4,25,40,4,73,0,0,36,2,38,4,25,76,6,111,10,2,12,123
09/30/2016,GNV,FL,ASO,ES,Federal Contract Tower,5,25,49,10,89,0,0,80,1,81,5,25,129,11,170,68,14,82,252
10/01/2016,GNV,FL,ASO,ES,Federal Contract Tower,7,14,26,3,50,0,1,79,2,82,7,15,105,5,132,30,6,36,168
10/02/2016,GNV,FL,ASO,ES,Federal Contract Tower,4,21,30,2,57,0,0,59,3,62,4,21,89,5,119,76,4,80,199
10/03/2016,GNV,FL,ASO,ES,Federal Contract Tower,6,23,28,0,57,0,0,52,1,53,6,23,80,1,110,6,0,6,116
10/04/2016,GNV,FL,ASO,ES,Federal Contract Tower,4,16,52,0,72,0,0,63,0,63,4,16,115,0,135,16,0,16,151
10/05/2016,GNV,FL,ASO,ES,Federal Contract Tower,2,30,41,0,73,0,0,21,0,21,2,30,62,0,94,18,0,18,112
10/06/2016,GNV,FL,ASO,ES,Federal Contract Tower,6,17,20,0,43,0,0,1,0,1,6,17,21,0,44,0,0,0,44
10/07/2016,GNV,FL,ASO,ES,Federal Contract Tower,0,0,6,0,6,0,0,0,0,0,0,0,6,0,6,0,0,0,6
10/08/2016,GNV,FL,ASO,ES,Federal Contract Tower,3,12,24,2,41,0,0,29,4,33,3,12,53,6,74,34,0,34,108
10/09/2016,GNV,FL,ASO,ES,Federal Contract Tower,13,11,43,1,68,0,0,74,0,74,13,11,117,1,142,48,0,48,190
10/10/2016,GNV,FL,ASO,ES,Federal Contract Tower,2,22,53,2,79,0,3,77,0,80,2,25,130,2,159,22,0,22,181
10/11/2016,GNV,FL,ASO,ES,Federal Contract Tower,6,20,43,1,70,0,0,71,5,76,6,20,114,6,146,64,14,78,224
10/12/2016,GNV,FL,ASO,ES,Federal Contract Tower,4,21,46,3,74,0,0,46,2,48,4,21,92,5,122,28,0,28,150
10/13/2016,GNV,FL,ASO,ES,Federal Contract Tower,7,28,53,0,88,0,0,72,26,98,7,28,125,26,186,48,0,48,234
10/14/2016,GNV,FL,ASO,ES,Federal Contract Tower,7,29,37,14,87,0,0,119,11,130,7,29,156,25,217,74,26,100,317
10/15/2016,GNV,FL,ASO,ES,Federal Contract Tower,6,27,62,2,97,0,0,65,0,65,6,27,127,2,162,14,0,14,176
10/16/2016,GNV,FL,ASO,ES,Federal Contract Tower,10,17,48,6,81,0,0,86,2,88,10,17,134,8,169,42,0,42,211
10/17/2016,GNV,FL,ASO,ES,Federal Contract Tower,4,22,33,0,59,0,0,78,4,82,4,22,111,4,141,16,0,16,157
10/18/2016,GNV,FL,ASO,ES,Federal Contract Tower,5,20,38,2,65,0,0,93,1,94,5,20,131,3,159,40,0,40,199
10/19/2016,GNV,FL,ASO,ES,Federal Contract Tower,3,25,37,2,67,0,0,96,3,99,3,25,133,5,166,12,0,12,178
10/20/2016,GNV,FL,ASO,ES,Federal Contract Tower,5,29,51,17,102,0,0,100,7,107,5,29,151,24,209,48,10,58,267
10/21/2016,GNV,FL,ASO,ES,Federal Contract Tower,7,19,45,14,85,0,0,91,11,102,7,19,136,25,187,18,0,18,205
10/22/2016,GNV,FL,ASO,ES,Federal Contract Tower,3,16,30,0,49,0,2,98,0,100,3,18,128,0,149,64,0,64,213
10/23/2016,GNV,FL,ASO,ES,Federal Contract Tower,8,25,27,6,66,0,0,95,13,108,8,25,122,19,174,24,0,24,198
10/24/2016,GNV,FL,ASO,ES,Federal Contract Tower,3,24,26,16,69,0,0,114,2,116,3,24,140,18,185,26,0,26,211
10/25/2016,GNV,FL,ASO,ES,Federal Contract Tower,3,24,21,3,51,0,0,115,1,116,3,24,136,4,167,20,0,20,187
10/26/2016,GNV,FL,ASO,ES,Federal Contract Tower,3,26,42,0,71,0,0,63,6,69,3,26,105,6,140,18,60,78,218
10/27/2016,GNV,FL,ASO,ES,Federal Contract Tower,5,36,36,11,88,0,0,72,3,75,5,36,108,14,163,6,0,6,169
10/28/2016,GNV,FL,ASO,ES,Federal Contract Tower,6,26,42,2,76,0,0,110,3,113,6,26,152,5,189,16,2,18,207
10/29/2016,GNV,FL,ASO,ES,Federal Contract Tower,3,17,26,0,46,0,0,87,0,87,3,17,113,0,133,102,0,102,235
10/30/2016,GNV,FL,ASO,ES,Federal Contract Tower,5,20,25,0,50,0,2,72,0,74,5,22,97,0,124,26,0,26,150
10/31/2016,GNV,FL,ASO,ES,Federal Contract Tower,2,21,42,0,65,0,0,78,2,80,2,21,120,2,145,30,4,34,179
11/01/2016,GNV,FL,ASO,ES,Federal Contract Tower,2,25,39,22,88,0,0,77,2,79,2,25,116,24,167,46,20,66,233
11/02/2016,GNV,FL,ASO,ES,Federal Contract Tower,0,27,38,3,68,0,0,89,2,91,0,27,127,5,159,52,14,66,225
11/03/2016,GNV,FL,ASO,ES,Federal Contract Tower,3,27,36,0,66,0,0,79,24,103,3,27,115,24,169,23,32,55,224
11/04/2016,GNV,FL,ASO,ES,Federal Contract Tower,6,24,41,26,97,0,0,100,11,111,6,24,141,37,208,46,0,46,254
11/05/2016,GNV,FL,ASO,ES,Federal Contract Tower,4,19,37,12,72,0,0,75,3,78,4,19,112,15,150,64,10,74,224
11/06/2016,GNV,FL,ASO,ES,Federal Contract Tower,6,21,30,13,70,0,0,56,12,68,6,21,86,25,138,24,0,24,162
11/07/2016,GNV,FL,ASO,ES,Federal Contract Tower,5,21,32,21,79,0,0,100,14,114,5,21,132,35,193,44,58,102,295
11/08/2016,GNV,FL,ASO,ES,Federal Contract Tower,7,22,46,15,90,0,0,45,5,50,7,22,91,20,140,50,18,68,208
11/09/2016,GNV,FL,ASO,ES,Federal Contract Tower,7,23,20,12,62,0,0,77,17,94,7,23,97,29,156,22,16,38,194
11/10/2016,GNV,FL,ASO,ES,Federal Contract Tower,6,26,28,1,61,0,0,104,10,114,6,26,132,11,175,44,0,44,219
11/11/2016,GNV,FL,ASO,ES,Federal Contract Tower,5,29,42,6,82,0,0,122,7,129,5,29,164,13,211,60,6,66,277
11/12/2016,GNV,FL,ASO,ES,Federal Contract Tower,6,29,50,5,90,0,0,100,5,105,6,29,150,10,195,12,0,12,207
11/13/2016,GNV,FL,ASO,ES,Federal Contract Tower,7,31,40,3,81,0,0,49,0,49,7,31,89,3,130,52,0,52,182
11/14/2016,GNV,FL,ASO,ES,Federal Contract Tower,6,15,23,13,57,0,0,37,17,54,6,15,60,30,111,38,46,84,195
11/15/2016,GNV,FL,ASO,ES,Federal Contract Tower,5,24,34,17,80,0,0,105,16,121,5,24,139,33,201,32,10,42,243
11/16/2016,GNV,FL,ASO,ES,Federal Contract Tower,6,25,49,1,81,0,1,63,1,65,6,26,112,2,146,10,0,10,156
11/17/2016,GNV,FL,ASO,ES,Federal Contract Tower,6,18,34,6,64,0,0,87,2,89,6,18,121,8,153,18,0,18,171
11/18/2016,GNV,FL,ASO,ES,Federal Contract Tower,8,22,35,13,78,0,0,55,0,55,8,22,90,13,133,44,0,44,177
11/19/2016,GNV,FL,ASO,ES,Federal Contract Tower,8,17,27,10,62,0,4,70,0,74,8,21,97,10,136,20,0,20,156
11/20/2016,GNV,FL,ASO,ES,Federal Contract Tower,5,18,19,12,54,0,0,73,0,73,5,18,92,12,127,70,0,70,197
11/21/2016,GNV,FL,ASO,ES,Federal Contract Tower,7,23,46,20,96,0,0,107,6,113,7,23,153,26,209,50,32,82,291
11/22/2016,GNV,FL,ASO,ES,Federal Contract Tower,6,24,38,0,68,0,1,115,0,116,6,25,153,0,184,30,0,30,214
11/23/2016,GNV,FL,ASO,ES,Federal Contract Tower,5,25,29,1,60,0,2,96,0,98,5,27,125,1,158,44,0,44,202
11/24/2016,GNV,FL,ASO,ES,Federal Contract Tower,3,11,13,0,27,0,1,35,0,36,3,12,48,0,63,40,0,40,103
11/25/2016,GNV,FL,ASO,ES,Federal Contract Tower,4,28,24,0,56,0,0,84,0,84,4,28,108,0,140,56,0,56,196
11/26/2016,GNV,FL,ASO,ES,Federal Contract Tower,6,14,28,0,48,0,0,103,0,103,6,14,131,0,151,26,0,26,177
11/27/2016,GNV,FL,ASO,ES,Federal Contract Tower,6,29,37,0,72,0,2,97,0,99,6,31,134,0,171,64,0,64,235
11/28/2016,GNV,FL,ASO,ES,Federal Contract Tower,8,18,21,8,55,0,2,66,2,70,8,20,87,10,125,22,0,22,147
11/29/2016,GNV,FL,ASO,ES,Federal Contract Tower,4,23,23,14,64,0,0,43,4,47,4,23,66,18,111,26,0,26,137
11/30/2016,GNV,FL,ASO,ES,Federal Contract Tower,4,26,29,6,65,0,0,27,3,30,4,26,56,9,95,30,0,30,125
12/01/2016,GNV,FL,ASO,ES,Federal Contract Tower,8,30,35,14,87,0,0,29,0,29,8,30,64,14,116,32,8,40,156
12/02/2016,GNV,FL,ASO,ES,Federal Contract Tower,8,21,36,5,70,0,0,120,0,120,8,21,156,5,190,50,2,52,242
12/03/2016,GNV,FL,ASO,ES,Federal Contract Tower,5,12,32,0,49,0,9,108,0,117,5,21,140,0,166,59,0,59,225
12/04/2016,GNV,FL,ASO,ES,Federal Contract Tower,7,22,34,28,91,0,1,44,0,45,7,23,78,28,136,52,0,52,188
12/05/2016,GNV,FL,ASO,ES,Federal Contract Tower,8,24,35,2,69,0,1,13,0,14,8,25,48,2,83,20,6,26,109
12/06/2016,GNV,FL,ASO,ES,Federal Contract Tower,7,21,40,11,79,0,0,14,8,22,7,21,54,19,101,8,6,14,115
12/07/2016,GNV,FL,ASO,ES,Federal Contract Tower,8,29,31,39,107,0,2,80,14,96,8,31,111,53,203,44,22,66,269
12/08/2016,GNV,FL,ASO,ES,Federal Contract Tower,8,26,56,0,90,0,0,92,0,92,8,26,148,0,182,24,0,24,206
12/09/2016,GNV,FL,ASO,ES,Federal Contract Tower,10,21,38,5,74,0,0,72,1,73,10,21,110,6,147,62,10,72,219
12/10/2016,GNV,FL,ASO,ES,Federal Contract Tower,2,27,34,6,69,0,0,48,0,48,2,27,82,6,117,14,0,14,131
12/11/2016,GNV,FL,ASO,ES,Federal Contract Tower,7,22,21,8,58,0,0,62,0,62,7,22,83,8,120,66,0,66,186
12/12/2016,GNV,FL,ASO,ES,Federal Contract Tower,10,30,27,2,69,0,1,21,2,24,10,31,48,4,93,6,0,6,99
12/13/2016,GNV,FL,ASO,ES,Federal Contract Tower,5,27,30,30,92,0,0,77,6,83,5,27,107,36,175,42,82,124,299
12/14/2016,GNV,FL,ASO,ES,Federal Contract Tower,5,28,60,18,111,0,0,23,4,27,5,28,83,22,138,18,26,44,182
12/15/2016,GNV,FL,ASO,ES,Federal Contract Tower,4,27,40,0,71,0,0,51,3,54,4,27,91,3,125,16,0,16,141
12/16/2016,GNV,FL,ASO,ES,Federal Contract Tower,1,32,43,4,80,0,0,136,2,138,1,32,179,6,218,52,0,52,270
12/17/2016,GNV,FL,ASO,ES,Federal Contract Tower,6,20,23,7,56,0,0,73,0,73,6,20,96,7,129,48,0,48,177
12/18/2016,GNV,FL,ASO,ES,Federal Contract Tower,4,28,23,0,55,0,0,12,0,12,4,28,35,0,67,36,0,36,103
12/19/2016,GNV,FL,ASO,ES,Federal Contract Tower,4,19,22,0,45,0,0,1,0,1,4,19,23,0,46,4,0,4,50
12/20/2016,GNV,FL,ASO,ES,Federal Contract Tower,6,25,35,0,66,0,0,1,0,1,6,25,36,0,67,0,0,0,67
12/21/2016,GNV,FL,ASO,ES,Federal Contract Tower,6,25,54,7,92,0,2,37,3,42,6,27,91,10,134,0,20,20,154
12/22/2016,GNV,FL,ASO,ES,Federal Contract Tower,8,20,32,3,63,0,0,78,2,80,8,20,110,5,143,36,0,36,179
12/23/2016,GNV,FL,ASO,ES,Federal Contract Tower,8,18,30,0,56,0,0,93,0,93,8,18,123,0,149,58,0,58,207
12/25/2016,GNV,FL,ASO,ES,Federal Contract Tower,5,13,13,0,31,0,0,13,0,13,5,13,26,0,44,12,0,12,56
12/26/2016,GNV,FL,ASO,ES,Federal Contract Tower,4,17,39,0,60,0,4,28,0,32,4,21,67,0,92,14,0,14,106
12/27/2016,GNV,FL,ASO,ES,Federal Contract Tower,4,26,24,0,54,0,0,37,0,37,4,26,61,0,91,14,0,14,105
12/28/2016,GNV,FL,ASO,ES,Federal Contract Tower,6,28,43,0,77,0,0,30,0,30,6,28,73,0,107,32,0,32,139
12/29/2016,GNV,FL,ASO,ES,Federal Contract Tower,6,21,23,15,65,0,0,8,0,8,6,21,31,15,73,2,4,6,79
12/30/2016,GNV,FL,ASO,ES,Federal Contract Tower,5,20,27,15,67,0,0,62,1,63,5,20,89,16,130,54,6,60,190
12/31/2016,GNV,FL,ASO,ES,Federal Contract Tower,5,12,16,0,33,0,0,84,0,84,5,12,100,0,117,42,0,42,159
01/01/2017,GNV,FL,ASO,ES,Federal Contract Tower,5,12,34,0,51,0,0,29,0,29,5,12,63,0,80,2,0,2,82
01/02/2017,GNV,FL,ASO,ES,Federal Contract Tower,6,17,42,0,65,0,0,49,0,49,6,17,91,0,114,20,0,20,134
01/03/2017,GNV,FL,ASO,ES,Federal Contract Tower,11,20,33,0,64,0,0,7,0,7,11,20,40,0,71,2,6,8,79
01/04/2017,GNV,FL,ASO,ES,Federal Contract Tower,9,19,28,11,67,0,1,80,0,81,9,20,108,11,148,40,2,42,190
01/05/2017,GNV,FL,ASO,ES,Federal Contract Tower,10,11,45,6,72,0,4,120,2,126,10,15,165,8,198,108,0,108,306
01/06/2017,GNV,FL,ASO,ES,Federal Contract Tower,7,14,28,73,122,0,0,74,8,82,7,14,102,81,204,28,6,34,238
01/07/2017,GNV,FL,ASO,ES,Federal Contract Tower,4,24,25,0,53,0,0,9,1,10,4,24,34,1,63,0,0,0,63
01/08/2017,GNV,FL,ASO,ES,Federal Contract Tower,7,23,21,33,84,0,6,51,11,68,7,29,72,44,152,36,0,36,188
01/09/2017,GNV,FL,ASO,ES,Federal Contract Tower,6,29,40,4,79,0,0,84,0,84,6,29,124,4,163,54,0,54,217
01/10/2017,GNV,FL,ASO,ES,Federal Contract Tower,7,19,46,1,73,0,0,112,3,115,7,19,158,4,188,14,28,42,230
01/11/2017,GNV,FL,ASO,ES,Federal Contract Tower,6,20,37,10,73,0,0,82,4,86,6,20,119,14,159,58,20,78,237
01/12/2017,GNV,FL,ASO,ES,Federal Contract Tower,10,21,36,13,80,0,0,106,3,109,10,21,142,16,189,22,0,22,211
01/13/2017,GNV,FL,ASO,ES,Federal Contract Tower,11,25,41,17,94,0,0,90,3,93,11,25,131,20,187,22,0,22,209
01/14/2017,GNV,FL,ASO,ES,Federal Contract Tower,6,22,27,0,55,0,0,48,0,48,6,22,75,0,103,14,0,14,117
01/15/2017,GNV,FL,ASO,ES,Federal Contract Tower,7,15,16,2,40,0,0,63,0,63,7,15,79,2,103,44,0,44,147
01/16/2017,GNV,FL,ASO,ES,Federal Contract Tower,8,22,30,0,60,0,0,76,0,76,8,22,106,0,136,42,0,42,178
01/17/2017,GNV,FL,ASO,ES,Federal Contract Tower,9,34,18,0,61,0,0,101,2,103,9,34,119,2,164,42,10,52,216
01/18/2017,GNV,FL,ASO,ES,Federal Contract Tower,9,20,46,20,95,0,0,78,5,83,9,20,124,25,178,2,0,2,180
01/19/2017,GNV,FL,ASO,ES,Federal Contract Tower,11,20,24,17,72,0,0,24,1,25,11,20,48,18,97,36,30,66,163
01/20/2017,GNV,FL,ASO,ES,Federal Contract Tower,7,30,37,44,118,0,2,81,23,106,7,32,118,67,224,8,36,44,268
01/21/2017,GNV,FL,ASO,ES,Federal Contract Tower,1,16,24,2,43,0,0,52,0,52,1,16,76,2,95,2,2,4,99
01/22/2017,GNV,FL,ASO,ES,Federal Contract Tower,11,18,8,0,37,0,0,1,5,6,11,18,9,5,43,0,0,0,43
01/23/2017,GNV,FL,ASO,ES,Federal Contract Tower,8,16,17,31,72,0,0,18,10,28,8,16,35,41,100,4,0,4,104
01/24/2017,GNV,FL,ASO,ES,Federal Contract Tower,10,25,60,9,104,0,0,84,4,88,10,25,144,13,192,78,14,92,284
01/25/2017,GNV,FL,ASO,ES,Federal Contract Tower,5,25,51,12,93,0,0,66,2,68,5,25,117,14,161,32,8,40,201
01/26/2017,GNV,FL,ASO,ES,Federal Contract Tower,9,22,27,0,58,0,0,9,3,12,9,22,36,3,70,8,0,8,78
01/27/2017,GNV,FL,ASO,ES,Federal Contract Tower,10,22,42,16,90,0,0,87,18,105,10,22,129,34,195,42,0,42,237
01/28/2017,GNV,FL,ASO,ES,Federal Contract Tower,4,20,32,5,61,0,0,94,0,94,4,20,126,5,155,26,0,26,181
01/29/2017,GNV,FL,ASO,ES,Federal Contract Tower,8,21,24,18,71,0,4,32,16,52,8,25,56,34,123,36,2,38,161
01/30/2017,GNV,FL,ASO,ES,Federal Contract Tower,7,20,40,6,73,0,0,63,3,66,7,20,103,9,139,42,0,42,181
01/31/2017,GNV,FL,ASO,ES,Federal Contract Tower,6,24,36,3,69,0,0,103,5,108,6,24,139,8,177,38,14,52,229
02/01/2017,GNV,FL,ASO,ES,Federal Contract Tower,10,27,25,5,67,0,0,93,8,101,10,27,118,13,168,14,62,76,244
02/02/2017,GNV,FL,ASO,ES,Federal Contract Tower,8,23,39,15,85,0,0,120,1,121,8,23,159,16,206,22,0,22,228
02/03/2017,GNV,FL,ASO,ES,Federal Contract Tower,10,24,57,39,130,0,0,117,1,118,10,24,174,40,248,20,0,20,268
02/04/2017,GNV,FL,ASO,ES,Federal Contract Tower,3,13,37,2,55,0,3,30,5,38,3,16,67,7,93,86,0,86,179
02/05/2017,GNV,FL,ASO,ES,Federal Contract Tower,6,16,36,22,80,0,1,54,3,58,6,17,90,25,138,12,0,12,150
02/06/2017,GNV,FL,ASO,ES,Federal Contract Tower,8,22,35,7,72,0,1,74,1,76,8,23,109,8,148,34,18,52,200
02/07/2017,GNV,FL,ASO,ES,Federal Contract Tower,6,23,32,2,63,0,0,63,3,66,6,23,95,5,129,16,8,24,153
02/08/2017,GNV,FL,ASO,ES,Federal Contract Tower,11,36,33,31,111,0,1,34,4,39,11,37,67,35,150,4,6,10,160
02/09/2017,GNV,FL,ASO,ES,Federal Contract Tower,10,20,29,9,68,0,2,36,2,40,10,22,65,11,108,30,14,44,152
02/10/2017,GNV,FL,ASO,ES,Federal Contract Tower,11,30,48,27,116,0,0,137,3,140,11,30,185,30,256,78,0,78,334
02/11/2017,GNV,FL,ASO,ES,Federal Contract Tower,5,17,22,0,44,0,0,115,7,122,5,17,137,7,166,34,0,34,200
02/12/2017,GNV,FL,ASO,ES,Federal Contract Tower,7,28,21,35,91,0,1,48,4,53,7,29,69,39,144,14,2,16,160
02/13/2017,GNV,FL,ASO,ES,Federal Contract Tower,7,22,41,12,82,0,3,32,3,38,7,25,73,15,120,0,0,0,120
02/14/2017,GNV,FL,ASO,ES,Federal Contract Tower,7,23,42,7,79,0,0,60,4,64,7,23,102,11,143,20,0,20,163
02/15/2017,GNV,FL,ASO,ES,Federal Contract Tower,9,24,20,10,63,0,0,13,3,16,9,24,33,13,79,0,0,0,79
02/16/2017,GNV,FL,ASO,ES,Federal Contract Tower,9,23,54,0,86,0,0,84,4,88,9,23,138,4,174,76,0,76,250
02/17/2017,GNV,FL,ASO,ES,Federal Contract Tower,8,34,51,6,99,0,0,108,3,111,8,34,159,9,210,68,8,76,286
02/18/2017,GNV,FL,ASO,ES,Federal Contract Tower,6,20,14,2,42,0,0,28,0,28,6,20,42,2,70,20,0,20,90
02/19/2017,GNV,FL,ASO,ES,Federal Contract Tower,8,17,29,11,65,0,0,68,0,68,8,17,97,11,133,30,0,30,163
02/20/2017,GNV,FL,ASO,ES,Federal Contract Tower,8,30,17,0,55,0,0,76,0,76,8,30,93,0,131,40,0,40,171
02/21/2017,GNV,FL,ASO,ES,Federal Contract Tower,6,28,53,22,109,0,0,86,3,89,6,28,139,25,198,44,12,56,254
02/22/2017,GNV,FL,ASO,ES,Federal Contract Tower,5,33,20,9,67,1,2,8,0,11,6,35,28,9,78,10,6,16,94
02/23/2017,GNV,FL,ASO,ES,Federal Contract Tower,6,22,53,3,84,0,0,25,3,28,6,22,78,6,112,2,0,2,114
02/24/2017,GNV,FL,ASO,ES,Federal Contract Tower,3,32,64,50,149,0,0,41,5,46,3,32,105,55,195,40,14,54,249
02/25/2017,GNV,FL,ASO,ES,Federal Contract Tower,7,17,35,0,59,0,0,47,0,47,7,17,82,0,106,30,0,30,136
02/26/2017,GNV,FL,ASO,ES,Federal Contract Tower,9,32,35,24,100,0,0,67,10,77,9,32,102,34,177,10,0,10,187
02/27/2017,GNV,FL,ASO,ES,Federal Contract Tower,6,27,28,8,69,0,0,59,4,63,6,27,87,12,132,20,10,30,162
02/28/2017,GNV,FL,ASO,ES,Federal Contract Tower,7,28,28,10,73,0,0,41,7,48,7,28,69,17,121,40,16,56,177
03/01/2017,GNV,FL,ASO,ES,Federal Contract Tower,5,27,45,6,83,0,0,81,2,83,5,27,126,8,166,44,0,44,210
03/02/2017,GNV,FL,ASO,ES,Federal Contract Tower,5,27,37,6,75,0,0,9,3,12,5,27,46,9,87,8,4,12,99
03/03/2017,GNV,FL,ASO,ES,Federal Contract Tower,5,39,40,5,89,0,0,81,5,86,5,39,121,10,175,14,10,24,199
03/04/2017,GNV,FL,ASO,ES,Federal Contract Tower,3,22,24,0,49,0,0,58,0,58,3,22,82,0,107,32,0,32,139
03/05/2017,GNV,FL,ASO,ES,Federal Contract Tower,5,22,18,27,72,0,4,26,3,33,5,26,44,30,105,26,12,38,143
03/06/2017,GNV,FL,ASO,ES,Federal Contract Tower,8,26,31,8,73,0,1,56,4,61,8,27,87,12,134,22,0,22,156
03/07/2017,GNV,FL,ASO,ES,Federal Contract Tower,8,33,26,2,69,0,0,80,3,83,8,33,106,5,152,70,0,70,222
03/08/2017,GNV,FL,ASO,ES,Federal Contract Tower,8,36,31,2,77,0,0,76,0,76,8,36,107,2,153,22,0,22,175
03/09/2017,GNV,FL,ASO,ES,Federal Contract Tower,9,21,35,20,85,0,0,104,4,108,9,21,139,24,193,62,16,78,271
03/10/2017,GNV,FL,ASO,ES,Federal Contract Tower,10,16,37,28,91,0,0,56,4,60,10,16,93,32,151,4,0,4,155
03/11/2017,GNV,FL,ASO,ES,Federal Contract Tower,3,21,25,0,49,0,0,58,2,60,3,21,83,2,109,7,0,7,116
03/12/2017,GNV,FL,ASO,ES,Federal Contract Tower,6,20,27,5,58,0,0,26,0,26,6,20,53,5,84,10,0,10,94
03/13/2017,GNV,FL,ASO,ES,Federal Contract Tower,7,20,27,0,54,0,0,0,0,0,7,20,27,0,54,0,0,0,54
03/14/2017,GNV,FL,ASO,ES,Federal Contract Tower,7,21,32,6,66,0,0,36,0,36,7,21,68,6,102,24,0,24,126
03/15/2017,GNV,FL,ASO,ES,Federal Contract Tower,5,31,25,13,74,0,0,76,4,80,5,31,101,17,154,46,6,52,206
03/16/2017,GNV,FL,ASO,ES,Federal Contract Tower,10,25,46,12,93,0,0,90,3,93,10,25,136,15,186,68,6,74,260
03/17/2017,GNV,FL,ASO,ES,Federal Contract Tower,6,34,36,5,81,0,0,150,0,150,6,34,186,5,231,74,0,74,305
03/18/2017,GNV,FL,ASO,ES,Federal Contract Tower,3,21,47,3,74,0,0,102,2,104,3,21,149,5,178,28,0,28,206
03/19/2017,GNV,FL,ASO,ES,Federal Contract Tower,7,23,50,8,88,0,0,66,2,68,7,23,116,10,156,44,0,44,200
03/20/2017,GNV,FL,ASO,ES,Federal Contract Tower,10,19,40,9,78,0,0,131,1,132,10,19,171,10,210,14,32,46,256
03/21/2017,GNV,FL,ASO,ES,Federal Contract Tower,9,19,43,7,78,0,101,1,0,102,9,120,44,7,180,56,12,68,248
03/22/2017,GNV,FL,ASO,ES,Federal Contract Tower,9,29,51,8,97,0,0,53,2,55,9,29,104,10,152,18,16,34,186
03/23/2017,GNV,FL,ASO,ES,Federal Contract Tower,8,25,42,0,75,0,0,26,0,26,8,25,68,0,101,6,0,6,107
03/24/2017,GNV,FL,ASO,ES,Federal Contract Tower,4,29,38,1,72,0,0,70,3,73,4,29,108,4,145,30,2,32,177
03/25/2017,GNV,FL,ASO,ES,Federal Contract Tower,5,13,31,9,58,0,2,71,0,73,5,15,102,9,131,46,32,78,209
03/26/2017,GNV,FL,ASO,ES,Federal Contract Tower,11,17,33,2,63,0,2,59,4,65,11,19,92,6,128,18,8,26,154
03/27/2017,GNV,FL,ASO,ES,Federal Contract Tower,11,17,13,11,52,0,2,81,0,83,11,19,94,11,135,76,0,76,211
03/28/2017,GNV,FL,ASO,ES,Federal Contract Tower,7,33,55,23,118,0,2,88,4,94,7,35,143,27,212,68,22,90,302
03/29/2017,GNV,FL,ASO,ES,Federal Contract Tower,8,30,52,5,95,0,0,96,0,96,8,30,148,5,191,56,0,56,247
03/30/2017,GNV,FL,ASO,ES,Federal Contract Tower,10,31,37,8,86,0,0,89,1,90,10,31,126,9,176,102,4,106,282
03/31/2017,GNV,FL,ASO,ES,Federal Contract Tower,5,30,58,0,93,0,0,55,3,58,5,30,113,3,151,22,0,22,173
04/01/2017,GNV,FL,ASO,ES,Federal Contract Tower,7,14,34,5,60,0,0,141,0,141,7,14,175,5,201,72,0,72,273
04/02/2017,GNV,FL,ASO,ES,Federal Contract Tower,10,25,29,2,66,0,0,84,2,86,10,25,113,4,152,44,0,44,196
04/03/2017,GNV,FL,ASO,ES,Federal Contract Tower,10,14,22,0,46,0,0,24,1,25,10,14,46,1,71,2,6,8,79
04/04/2017,GNV,FL,ASO,ES,Federal Contract Tower,7,27,23,0,57,0,0,42,0,42,7,27,65,0,99,18,0,18,117
04/05/2017,GNV,FL,ASO,ES,Federal Contract Tower,9,21,28,0,58,0,0,55,0,55,9,21,83,0,113,14,0,14,127
04/06/2017,GNV,FL,ASO,ES,Federal Contract Tower,9,20,31,4,64,0,0,41,0,41,9,20,72,4,105,18,0,18,123
04/07/2017,GNV,FL,ASO,ES,Federal Contract Tower,9,25,38,17,89,0,0,83,8,91,9,25,121,25,180,20,0,20,200
04/08/2017,GNV,FL,ASO,ES,Federal Contract Tower,5,16,31,0,52,0,0,149,0,149,5,16,180,0,201,34,0,34,235
04/09/2017,GNV,FL,ASO,ES,Federal Contract Tower,7,20,34,9,70,0,3,100,9,112,7,23,134,18,182,20,0,20,202
04/10/2017,GNV,FL,ASO,ES,Federal Contract Tower,10,17,21,2,50,0,0,90,2,92,10,17,111,4,142,111,0,111,253
04/11/2017,GNV,FL,ASO,ES,Federal Contract Tower,13,16,17,4,50,0,0,103,4,107,13,16,120,8,157,26,42,68,225
04/12/2017,GNV,FL,ASO,ES,Federal Contract Tower,9,23,30,6,68,0,0,80,1,81,9,23,110,7,149,58,4,62,211
04/13/2017,GNV,FL,ASO,ES,Federal Contract Tower,8,26,40,3,77,0,1,79,6,86,8,27,119,9,163,42,8,50,213
04/14/2017,GNV,FL,ASO,ES,Federal Contract Tower,9,21,44,9,83,0,0,97,2,99,9,21,141,11,182,78,0,78,260
04/15/2017,GNV,FL,ASO,ES,Federal Contract Tower,7,8,38,2,55,0,0,62,2,64,7,8,100,4,119,40,18,58,177
04/16/2017,GNV,FL,ASO,ES,Federal Contract Tower,10,18,27,2,57,0,0,68,0,68,10,18,95,2,125,60,0,60,185
04/17/2017,GNV,FL,ASO,ES,Federal Contract Tower,11,22,42,5,80,0,0,122,1,123,11,22,164,6,203,62,0,62,265
04/18/2017,GNV,FL,ASO,ES,Federal Contract Tower,8,17,40,13,78,0,0,125,10,135,8,17,165,23,213,124,32,156,369
04/19/2017,GNV,FL,ASO,ES,Federal Contract Tower,10,23,22,7,62,0,0,98,5,103,10,23,120,12,165,52,6,58,223
04/20/2017,GNV,FL,ASO,ES,Federal Contract Tower,8,24,47,6,85,0,0,103,9,112,8,24,150,15,197,40,6,46,243
04/21/2017,GNV,FL,ASO,ES,Federal Contract Tower,8,24,61,53,146,0,0,115,13,128,8,24,176,66,274,14,0,14,288
04/22/2017,GNV,FL,ASO,ES,Federal Contract Tower,5,18,34,2,59,0,0,68,3,71,5,18,102,5,130,18,0,18,148
04/23/2017,GNV,FL,ASO,ES,Federal Contract Tower,7,13,22,31,73,0,0,37,8,45,7,13,59,39,118,38,0,38,156
04/24/2017,GNV,FL,ASO,ES,Federal Contract Tower,11,24,36,0,71,0,0,37,2,39,11,24,73,2,110,92,0,92,202
04/25/2017,GNV,FL,ASO,ES,Federal Contract Tower,8,28,58,4,98,0,4,92,9,105,8,32,150,13,203,32,10,42,245
04/26/2017,GNV,FL,ASO,ES,Federal Contract Tower,11,22,81,21,135,0,0,152,2,154,11,22,233,23,289,88,14,102,391
04/27/2017,GNV,FL,ASO,ES,Federal Contract Tower,6,21,30,0,57,0,0,71,0,71,6,21,101,0,128,52,0,52,180
04/28/2017,GNV,FL,ASO,ES,Federal Contract Tower,7,22,41,6,76,0,0,94,0,94,7,22,135,6,170,46,0,46,216
04/29/2017,GNV,FL,ASO,ES,Federal Contract Tower,5,14,31,0,50,0,0,59,0,59,5,14,90,0,109,16,0,16,125
04/30/2017,GNV,FL,ASO,ES,Federal Contract Tower,7,19,35,1,62,0,0,28,0,28,7,19,63,1,90,26,0,26,116
05/01/2017,GNV,FL,ASO,ES,Federal Contract Tower,9,32,20,9,70,0,0,21,0,21,9,32,41,9,91,26,0,26,117
05/02/2017,GNV,FL,ASO,ES,Federal Contract Tower,9,19,55,16,99,0,0,66,0,66,9,19,121,16,165,86,20,106,271
05/03/2017,GNV,FL,ASO,ES,Federal Contract Tower,9,22,33,4,68,0,0,95,2,97,9,22,128,6,165,42,24,66,231
05/04/2017,GNV,FL,ASO,ES,Federal Contract Tower,9,25,22,6,62,0,0,44,2,46,9,25,66,8,108,8,30,38,146
05/05/2017,GNV,FL,ASO,ES,Federal Contract Tower,8,25,45,39,117,0,0,41,7,48,8,25,86,46,165,14,6,20,185
05/06/2017,GNV,FL,ASO,ES,Federal Contract Tower,11,10,16,0,37,0,0,53,4,57,11,10,69,4,94,88,0,88,182
05/07/2017,GNV,FL,ASO,ES,Federal Contract Tower,5,27,27,12,71,0,0,62,7,69,5,27,89,19,140,35,4,39,179
05/08/2017,GNV,FL,ASO,ES,Federal Contract Tower,8,19,40,6,73,0,4,57,1,62,8,23,97,7,135,42,36,78,213
05/09/2017,GNV,FL,ASO,ES,Federal Contract Tower,10,21,21,3,55,0,0,80,0,80,10,21,101,3,135,60,0,60,195
05/10/2017,GNV,FL,ASO,ES,Federal Contract Tower,9,15,28,3,55,0,0,114,0,114,9,15,142,3,169,150,0,150,319
05/11/2017,GNV,FL,ASO,ES,Federal Contract Tower,7,22,35,11,75,0,0,75,5,80,7,22,110,16,155,58,0,58,213
05/12/2017,GNV,FL,ASO,ES,Federal Contract Tower,6,21,41,14,82,0,0,81,0,81,6,21,122,14,163,50,0,50,213
05/13/2017,GNV,FL,ASO,ES,Federal Contract Tower,11,11,8,0,30,0,0,5,0,5,11,11,13,0,35,0,0,0,35
05/14/2017,GNV,FL,ASO,ES,Federal Contract Tower,5,20,35,0,60,0,0,34,0,34,5,20,69,0,94,46,0,46,140
05/15/2017,GNV,FL,ASO,ES,Federal Contract Tower,8,26,39,13,86,0,1,69,4,74,8,27,108,17,160,46,46,92,252
05/16/2017,GNV,FL,ASO,ES,Federal Contract Tower,9,14,32,11,66,0,0,91,6,97,9,14,123,17,163,36,10,46,209
05/17/2017,GNV,FL,ASO,ES,Federal Contract Tower,6,24,37,28,95,0,0,82,5,87,6,24,119,33,182,36,56,92,274
05/18/2017,GNV,FL,ASO,ES,Federal Contract Tower,7,24,39,8,78,0,0,81,0,81,7,24,120,8,159,44,0,44,203
05/19/2017,GNV,FL,ASO,ES,Federal Contract Tower,6,25,28,0,59,0,0,44,4,48,6,25,72,4,107,60,0,60,167
05/20/2017,GNV,FL,ASO,ES,Federal Contract Tower,8,12,25,0,45,0,0,46,0,46,8,12,71,0,91,18,0,18,109
05/21/2017,GNV,FL,ASO,ES,Federal Contract Tower,5,29,14,0,48,0,1,29,2,32,5,30,43,2,80,12,0,12,92
05/22/2017,GNV,FL,ASO,ES,Federal Contract Tower,9,28,21,15,73,0,0,76,3,79,9,28,97,18,152,44,12,56,208
05/23/2017,GNV,FL,ASO,ES,Federal Contract Tower,8,20,31,0,59,0,0,31,0,31,8,20,62,0,90,18,0,18,108
05/24/2017,GNV,FL,ASO,ES,Federal Contract Tower,8,21,11,0,40,0,0,2,0,2,8,21,13,0,42,0,0,0,42
05/25/2017,GNV,FL,ASO,ES,Federal Contract Tower,6,21,47,17,91,0,2,93,6,101,6,23,140,23,192,76,14,90,282
05/26/2017,GNV,FL,ASO,ES,Federal Contract Tower,9,23,53,0,85,0,0,136,2,138,9,23,189,2,223,36,0,36,259
05/27/2017,GNV,FL,ASO,ES,Federal Contract Tower,10,15,21,0,46,0,0,117,2,119,10,15,138,2,165,34,0,34,199
05/28/2017,GNV,FL,ASO,ES,Federal Contract Tower,7,14,19,0,40,0,0,35,0,35,7,14,54,0,75,0,0,0,75
05/29/2017,GNV,FL,ASO,ES,Federal Contract Tower,11,17,25,0,53,0,4,75,0,79,11,21,100,0,132,14,0,14,146
05/30/2017,GNV,FL,ASO,ES,Federal Contract Tower,9,18,38,0,65,0,0,44,0,44,9,18,82,0,109,12,0,12,121
05/31/2017,GNV,FL,ASO,ES,Federal Contract Tower,10,21,53,0,84,0,0,61,5,66,10,21,114,5,150,68,6,74,224
06/01/2017,GNV,FL,ASO,ES,Federal Contract Tower,7,22,30,4,63,0,0,46,0,46,7,22,76,4,109,12,0,12,121
06/02/2017,GNV,FL,ASO,ES,Federal Contract Tower,5,26,12,2,45,0,0,29,3,32,5,26,41,5,77,30,0,30,107
06/04/2017,GNV,FL,ASO,ES,Federal Contract Tower,10,19,21,6,56,0,1,57,1,59,10,20,78,7,115,28,0,28,143
06/05/2017,GNV,FL,ASO,ES,Federal Contract Tower,8,14,26,0,48,0,0,23,1,24,8,14,49,1,72,48,0,48,120
06/06/2017,GNV,FL,ASO,ES,Federal Contract Tower,8,21,13,0,42,0,0,4,0,4,8,21,17,0,46,0,10,10,56
06/07/2017,GNV,FL,ASO,ES,Federal Contract Tower,7,23,11,2,43,0,0,2,2,4,7,23,13,4,47,2,0,2,49
06/08/2017,GNV,FL,ASO,ES,Federal Contract Tower,6,21,44,0,71,0,0,8,0,8,6,21,52,0,79,0,0,0,79
06/09/2017,GNV,FL,ASO,ES,Federal Contract Tower,7,26,28,2,63,0,0,92,14,106,7,26,120,16,169,76,18,94,263
06/10/2017,GNV,FL,ASO,ES,Federal Contract Tower,11,10,23,0,44,0,0,62,0,62,11,10,85,0,106,10,26,36,142
06/11/2017,GNV,FL,ASO,ES,Federal Contract Tower,9,14,22,0,45,0,0,30,8,38,9,14,52,8,83,20,0,20,103
06/12/2017,GNV,FL,ASO,ES,Federal Contract Tower,6,25,20,2,53,0,0,20,2,22,6,25,40,4,75,6,14,20,95
06/13/2017,GNV,FL,ASO,ES,Federal Contract Tower,3,18,24,0,45,0,0,7,3,10,3,18,31,3,55,0,4,4,59
06/14/2017,GNV,FL,ASO,ES,Federal Contract Tower,10,20,39,2,71,0,0,22,2,24,10,20,61,4,95,20,0,20,115
06/15/2017,GNV,FL,ASO,ES,Federal Contract Tower,5,19,47,0,71,0,2,45,1,48,5,21,92,1,119,44,6,50,169
06/16/2017,GNV,FL,ASO,ES,Federal Contract Tower,6,20,46,1,73,0,0,20,3,23,6,20,66,4,96,0,0,0,96
06/17/2017,GNV,FL,ASO,ES,Federal Contract Tower,9,12,31,4,56,0,0,40,0,40,9,12,71,4,96,16,0,16,112
06/18/2017,GNV,FL,ASO,ES,Federal Contract Tower,6,18,20,0,44,0,2,62,0,64,6,20,82,0,108,0,0,0,108
06/19/2017,GNV,FL,ASO,ES,Federal Contract Tower,6,28,25,9,68,0,0,46,0,46,6,28,71,9,114,12,8,20,134
06/20/2017,GNV,FL,ASO,ES,Federal Contract Tower,4,22,53,12,91,0,0,38,2,40,4,22,91,14,131,0,0,0,131
06/21/2017,GNV,FL,ASO,ES,Federal Contract Tower,5,28,35,11,79,0,0,13,2,15,5,28,48,13,94,4,10,14,108
06/22/2017,GNV,FL,ASO,ES,Federal Contract Tower,2,23,22,21,68,0,2,39,5,46,2,25,61,26,114,10,10,20,134
06/23/2017,GNV,FL,ASO,ES,Federal Contract Tower,6,20,31,0,57,0,0,85,2,87,6,20,116,2,144,30,0,30,174
06/24/2017,GNV,FL,ASO,ES,Federal Contract Tower,9,9,26,0,44,0,0,90,0,90,9,9,116,0,134,26,0,26,160
06/25/2017,GNV,FL,ASO,ES,Federal Contract Tower,8,14,26,0,48,0,0,36,1,37,8,14,62,1,85,30,0,30,115
06/26/2017,GNV,FL,ASO,ES,Federal Contract Tower,3,24,17,2,46,0,0,50,4,54,3,24,67,6,100,38,0,38,138
06/27/2017,GNV,FL,ASO,ES,Federal Contract Tower,6,18,28,9,61,0,0,34,4,38,6,18,62,13,99,32,4,36,135
06/28/2017,GNV,FL,ASO,ES,Federal Contract Tower,7,23,37,0,67,0,0,40,6,46,7,23,77,6,113,18,0,18,131
06/29/2017,GNV,FL,ASO,ES,Federal Contract Tower,5,19,51,4,79,0,0,0,0,0,5,19,51,4,79,56,2,58,137
06/30/2017,GNV,FL,ASO,ES,Federal Contract Tower,9,19,41,0,69,0,0,61,0,61,9,19,102,0,130,24,0,24,154
07/01/2017,GNV,FL,ASO,ES,Federal Contract Tower,4,12,30,0,46,0,2,47,0,49,4,14,77,0,95,22,0,22,117
07/02/2017,GNV,FL,ASO,ES,Federal Contract Tower,9,9,20,0,38,0,0,53,0,53,9,9,73,0,91,18,0,18,109
07/03/2017,GNV,FL,ASO,ES,Federal Contract Tower,5,18,12,0,35,0,60,0,0,60,5,78,12,0,95,4,0,4,99
07/04/2017,GNV,FL,ASO,ES,Federal Contract Tower,6,12,19,0,37,0,0,73,0,73,6,12,92,0,110,22,0,22,132
07/05/2017,GNV,FL,ASO,ES,Federal Contract Tower,3,20,36,6,65,0,2,83,2,87,3,22,119,8,152,22,0,22,174
07/06/2017,GNV,FL,ASO,ES,Federal Contract Tower,6,23,30,3,62,0,1,104,2,107,6,24,134,5,169,64,4,68,237
07/07/2017,GNV,FL,ASO,ES,Federal Contract Tower,5,16,43,6,70,0,0,74,0,74,5,16,117,6,144,24,2,26,170
07/08/2017,GNV,FL,ASO,ES,Federal Contract Tower,4,14,16,2,36,0,0,59,1,60,4,14,75,3,96,20,0,20,116
07/09/2017,GNV,FL,ASO,ES,Federal Contract Tower,8,16,16,0,40,0,3,41,0,44,8,19,57,0,84,30,0,30,114
07/10/2017,GNV,FL,ASO,ES,Federal Contract Tower,5,19,22,0,46,0,0,59,0,59,5,19,81,0,105,64,0,64,169
07/11/2017,GNV,FL,ASO,ES,Federal Contract Tower,7,23,23,0,53,0,1,75,2,78,7,24,98,2,131,60,0,60,191
07/12/2017,GNV,FL,ASO,ES,Federal Contract Tower,9,26,34,11,80,0,2,66,2,70,9,28,100,13,150,26,0,26,176
07/13/2017,GNV,FL,ASO,ES,Federal Contract Tower,5,20,30,2,57,0,4,41,0,45,5,24,71,2,102,8,0,8,110
07/14/2017,GNV,FL,ASO,ES,Federal Contract Tower,6,20,24,12,62,0,0,52,2,54,6,20,76,14,116,28,0,28,144
07/15/2017,GNV,FL,ASO,ES,Federal Contract Tower,3,9,27,0,39,0,0,74,0,74,3,9,101,0,113,58,0,58,171
07/16/2017,GNV,FL,ASO,ES,Federal Contract Tower,5,18,19,8,50,0,0,44,3,47,5,18,63,11,97,36,0,36,133
07/17/2017,GNV,FL,ASO,ES,Federal Contract Tower,6,16,20,7,49,0,0,40,1,41,6,16,60,8,90,50,10,60,150
07/18/2017,GNV,FL,ASO,ES,Federal Contract Tower,7,21,27,2,57,0,0,49,0,49,7,21,76,2,106,14,0,14,120
07/19/2017,GNV,FL,ASO,ES,Federal Contract Tower,5,23,31,2,61,0,2,41,0,43,5,25,72,2,104,30,0,30,134
07/20/2017,GNV,FL,ASO,ES,Federal Contract Tower,8,19,39,24,90,0,0,41,2,43,8,19,80,26,133,14,16,30,163
07/21/2017,GNV,FL,ASO,ES,Federal Contract Tower,6,18,23,0,47,0,0,86,11,97,6,18,109,11,144,26,4,30,174
07/22/2017,GNV,FL,ASO,ES,Federal Contract Tower,4,13,32,0,49,0,0,39,0,39,4,13,71,0,88,6,0,6,94
07/23/2017,GNV,FL,ASO,ES,Federal Contract Tower,11,14,15,0,40,0,0,19,0,19,11,14,34,0,59,4,0,4,63
07/24/2017,GNV,FL,ASO,ES,Federal Contract Tower,7,21,39,6,73,0,2,41,0,43,7,23,80,6,116,26,0,26,142
07/25/2017,GNV,FL,ASO,ES,Federal Contract Tower,7,21,19,10,57,0,0,55,15,70,7,21,74,25,127,30,8,38,165
07/26/2017,GNV,FL,ASO,ES,Federal Contract Tower,5,18,31,4,58,0,3,82,5,90,5,21,113,9,148,44,22,66,214
07/27/2017,GNV,FL,ASO,ES,Federal Contract Tower,6,26,48,16,96,0,0,63,2,65,6,26,111,18,161,24,12,36,197
07/28/2017,GNV,FL,ASO,ES,Federal Contract Tower,3,28,33,3,67,0,0,75,4,79,3,28,108,7,146,22,0,22,168
07/29/2017,GNV,FL,ASO,ES,Federal Contract Tower,4,15,29,0,48,0,0,50,0,50,4,15,79,0,98,18,0,18,116
07/30/2017,GNV,FL,ASO,ES,Federal Contract Tower,8,16,18,3,45,0,0,16,1,17,8,16,34,4,62,2,0,2,64
07/31/2017,GNV,FL,ASO,ES,Federal Contract Tower,5,18,19,10,52,0,2,31,2,35,5,20,50,12,87,36,18,54,141
08/01/2017,GNV,FL,ASO,ES,Federal Contract Tower,5,19,24,2,50,0,0,64,2,66,5,19,88,4,116,44,8,52,168
08/02/2017,GNV,FL,ASO,ES,Federal Contract Tower,3,22,19,1,45,0,0,5,1,6,3,22,24,2,51,0,0,0,51
08/03/2017,GNV,FL,ASO,ES,Federal Contract Tower,3,20,10,10,43,0,0,9,1,10,3,20,19,11,53,6,8,14,67
08/04/2017,GNV,FL,ASO,ES,Federal Contract Tower,3,27,27,0,57,0,0,44,0,44,3,27,71,0,101,10,0,10,111
08/05/2017,GNV,FL,ASO,ES,Federal Contract Tower,6,13,33,0,52,0,0,62,0,62,6,13,95,0,114,18,0,18,132
08/06/2017,GNV,FL,ASO,ES,Federal Contract Tower,9,17,23,0,49,0,3,45,0,48,9,20,68,0,97,0,0,0,97
08/07/2017,GNV,FL,ASO,ES,Federal Contract Tower,4,21,17,4,46,0,3,58,0,61,4,24,75,4,107,6,2,8,115
08/08/2017,GNV,FL,ASO,ES,Federal Contract Tower,4,35,36,5,80,0,1,72,5,78,4,36,108,10,158,16,22,38,196
08/09/2017,GNV,FL,ASO,ES,Federal Contract Tower,5,19,33,4,61,0,0,56,1,57,5,19,89,5,118,22,2,24,142
08/10/2017,GNV,FL,ASO,ES,Federal Contract Tower,3,30,37,14,84,0,0,42,5,47,3,30,79,19,131,38,30,68,199
08/11/2017,GNV,FL,ASO,ES,Federal Contract Tower,3,27,35,3,68,0,0,36,3,39,3,27,71,6,107,26,12,38,145
08/12/2017,GNV,FL,ASO,ES,Federal Contract Tower,5,13,28,0,46,0,0,55,2,57,5,13,83,2,103,21,0,21,124
08/13/2017,GNV,FL,ASO,ES,Federal Contract Tower,8,10,21,2,41,0,1,49,0,50,8,11,70,2,91,34,0,34,125
08/14/2017,GNV,FL,ASO,ES,Federal Contract Tower,4,21,24,0,49,0,1,35,0,36,4,22,59,0,85,36,0,36,121
08/15/2017,GNV,FL,ASO,ES,Federal Contract Tower,3,22,28,0,53,0,0,69,0,69,3,22,97,0,122,46,0,46,168
08/16/2017,GNV,FL,ASO,ES,Federal Contract Tower,3,29,51,15,98,0,0,84,13,97,3,29,135,28,195,28,0,28,223
08/17/2017,GNV,FL,ASO,ES,Federal Contract Tower,5,27,38,3,73,0,0,0,0,0,5,27,38,3,73,36,0,36,109
08/18/2017,GNV,FL,ASO,ES,Federal Contract Tower,3,26,47,4,80,0,0,33,4,37,3,26,80,8,117,10,0,10,127
08/19/2017,GNV,FL,ASO,ES,Federal Contract Tower,5,18,29,4,56,0,0,58,0,58,5,18,87,4,114,14,0,14,128
08/20/2017,GNV,FL,ASO,ES,Federal Contract Tower,7,14,21,5,47,0,0,81,3,84,7,14,102,8,131,26,0,26,157
08/21/2017,GNV,FL,ASO,ES,Federal Contract Tower,8,20,43,0,71,0,0,44,0,44,8,20,87,0,115,8,0,8,123
08/22/2017,GNV,FL,ASO,ES,Federal Contract Tower,5,15,40,6,66,0,0,98,2,100,5,15,138,8,166,56,0,56,222
08/23/2017,GNV,FL,ASO,ES,Federal Contract Tower,6,20,53,10,89,0,3,32,5,40,6,23,85,15,129,20,26,46,175
08/24/2017,GNV,FL,ASO,ES,Federal Contract Tower,5,28,28,1,62,0,0,70,3,73,5,28,98,4,135,28,22,50,185
08/25/2017,GNV,FL,ASO,ES,Federal Contract Tower,5,24,24,7,60,0,0,47,0,47,5,24,71,7,107,24,0,24,131
08/26/2017,GNV,FL,ASO,ES,Federal Contract Tower,6,11,27,0,44,0,0,25,0,25,6,11,52,0,69,8,0,8,77
08/27/2017,GNV,FL,ASO,ES,Federal Contract Tower,5,23,34,4,66,0,1,26,0,27,5,24,60,4,93,14,0,14,107
08/28/2017,GNV,FL,ASO,ES,Federal Contract Tower,8,21,49,2,80,0,1,2,0,3,8,22,51,2,83,16,0,16,99
08/29/2017,GNV,FL,ASO,ES,Federal Contract Tower,7,25,42,9,83,0,6,39,3,48,7,31,81,12,131,48,24,72,203
08/30/2017,GNV,FL,ASO,ES,Federal Contract Tower,7,29,38,5,79,0,0,54,4,58,7,29,92,9,137,8,4,12,149
08/31/2017,GNV,FL,ASO,ES,Federal Contract Tower,5,30,26,1,62,0,0,75,1,76,5,30,101,2,138,32,8,40,178
09/01/2017,GNV,FL,ASO,ES,Federal Contract Tower,7,38,36,0,81,0,0,55,0,55,7,38,91,0,136,10,0,10,146
09/02/2017,GNV,FL,ASO,ES,Federal Contract Tower,5,9,20,0,34,0,0,30,0,30,5,9,50,0,64,30,0,30,94
09/03/2017,GNV,FL,ASO,ES,Federal Contract Tower,7,16,19,0,42,0,0,60,0,60,7,16,79,0,102,52,0,52,154
09/04/2017,GNV,FL,ASO,ES,Federal Contract Tower,6,19,39,0,64,0,4,77,0,81,6,23,116,0,145,22,0,22,167
09/05/2017,GNV,FL,ASO,ES,Federal Contract Tower,7,18,30,5,60,0,0,69,0,69,7,18,99,5,129,60,0,60,189
09/06/2017,GNV,FL,ASO,ES,Federal Contract Tower,6,19,35,14,74,0,0,36,0,36,6,19,71,14,110,4,0,4,114
09/07/2017,GNV,FL,ASO,ES,Federal Contract Tower,6,27,38,2,73,0,0,83,2,85,6,27,121,4,158,6,0,6,164
09/08/2017,GNV,FL,ASO,ES,Federal Contract Tower,5,21,68,0,94,0,0,65,1,66,5,21,133,1,160,0,0,0,160
09/09/2017,GNV,FL,ASO,ES,Federal Contract Tower,4,15,25,0,44,0,0,7,0,7,4,15,32,0,51,0,0,0,51
09/10/2017,GNV,FL,ASO,ES,Federal Contract Tower,0,0,3,0,3,0,0,0,0,0,0,0,3,0,3,0,0,0,3
09/12/2017,GNV,FL,ASO,ES,Federal Contract Tower,5,15,22,0,42,0,0,39,0,39,5,15,61,0,81,0,0,0,81
09/13/2017,GNV,FL,ASO,ES,Federal Contract Tower,4,30,49,0,83,0,4,52,1,57,4,34,101,1,140,6,0,6,146
09/14/2017,GNV,FL,ASO,ES,Federal Contract Tower,6,20,27,8,61,0,1,53,2,56,6,21,80,10,117,8,6,14,131
09/15/2017,GNV,FL,ASO,ES,Federal Contract Tower,6,32,44,8,90,0,0,70,0,70,6,32,114,8,160,22,0,22,182
09/16/2017,GNV,FL,ASO,ES,Federal Contract Tower,7,27,92,0,126,0,0,59,0,59,7,27,151,0,185,14,0,14,199
09/17/2017,GNV,FL,ASO,ES,Federal Contract Tower,9,18,47,7,81,0,1,57,3,61,9,19,104,10,142,14,0,14,156
09/18/2017,GNV,FL,ASO,ES,Federal Contract Tower,4,23,21,0,48,0,3,63,0,66,4,26,84,0,114,22,0,22,136
09/19/2017,GNV,FL,ASO,ES,Federal Contract Tower,7,25,36,3,71,0,0,72,4,76,7,25,108,7,147,44,0,44,191
09/20/2017,GNV,FL,ASO,ES,Federal Contract Tower,6,24,57,4,91,0,0,80,5,85,6,24,137,9,176,54,22,76,252
09/21/2017,GNV,FL,ASO,ES,Federal Contract Tower,8,23,25,14,70,0,0,64,6,70,8,23,89,20,140,26,16,42,182
09/22/2017,GNV,FL,ASO,ES,Federal Contract Tower,8,32,44,8,92,0,0,57,3,60,8,32,101,11,152,38,0,38,190
09/23/2017,GNV,FL,ASO,ES,Federal Contract Tower,6,19,15,2,42,0,3,40,0,43,6,22,55,2,85,6,0,6,91
09/24/2017,GNV,FL,ASO,ES,Federal Contract Tower,8,22,29,5,64,0,3,48,0,51,8,25,77,5,115,20,0,20,135
09/25/2017,GNV,FL,ASO,ES,Federal Contract Tower,9,26,35,3,73,0,7,51,2,60,9,33,86,5,133,60,0,60,193
09/26/2017,GNV,FL,ASO,ES,Federal Contract Tower,7,23,21,10,61,0,0,72,2,74,7,23,93,12,135,20,10,30,165
09/27/2017,GNV,FL,ASO,ES,Federal Contract Tower,6,21,47,20,94,0,3,66,2,71,6,24,113,22,165,38,0,38,203
09/28/2017,GNV,FL,ASO,ES,Federal Contract Tower,4,23,44,1,72,0,0,62,7,69,4,23,106,8,141,30,0,30,171
09/29/2017,GNV,FL,ASO,ES,Federal Contract Tower,4,28,33,0,65,0,0,66,0,66,4,28,99,0,131,30,0,30,161
09/30/2017,GNV,FL,ASO,ES,Federal Contract Tower,7,17,30,0,54,0,0,21,2,23,7,17,51,2,77,6,0,6,83
10/01/2017,GNV,FL,ASO,ES,Federal Contract Tower,9,21,35,0,65,0,0,1,0,1,9,21,36,0,66,0,0,0,66
10/02/2017,GNV,FL,ASO,ES,Federal Contract Tower,7,18,19,0,44,0,2,40,0,42,7,20,59,0,86,12,0,12,98
10/03/2017,GNV,FL,ASO,ES,Federal Contract Tower,7,21,29,9,66,0,0,60,0,60,7,21,89,9,126,0,0,0,126
10/04/2017,GNV,FL,ASO,ES,Federal Contract Tower,8,22,32,16,78,1,1,39,6,47,9,23,71,22,125,44,10,54,179
10/05/2017,GNV,FL,ASO,ES,Federal Contract Tower,5,22,21,0,48,0,5,18,5,28,5,27,39,5,76,12,6,18,94
10/06/2017,GNV,FL,ASO,ES,Federal Contract Tower,7,24,41,3,75,0,0,52,0,52,7,24,93,3,127,50,0,50,177
10/07/2017,GNV,FL,ASO,ES,Federal Contract Tower,9,35,46,0,90,0,4,39,0,43,9,39,85,0,133,12,0,12,145
10/08/2017,GNV,FL,ASO,ES,Federal Contract Tower,12,14,35,0,61,0,1,25,0,26,12,15,60,0,87,0,0,0,87
10/09/2017,GNV,FL,ASO,ES,Federal Contract Tower,7,22,31,0,60,0,0,41,0,41,7,22,72,0,101,10,0,10,111
10/10/2017,GNV,FL,ASO,ES,Federal Contract Tower,7,22,19,6,54,0,0,54,3,57,7,22,73,9,111,20,14,34,145
10/11/2017,GNV,FL,ASO,ES,Federal Contract Tower,5,16,28,9,58,0,4,77,4,85,5,20,105,13,143,82,26,108,251
10/12/2017,GNV,FL,ASO,ES,Federal Contract Tower,7,27,47,11,92,0,1,61,2,64,7,28,108,13,156,16,4,20,176
10/13/2017,GNV,FL,ASO,ES,Federal Contract Tower,6,26,26,9,67,0,2,82,2,86,6,28,108,11,153,24,0,24,177
10/14/2017,GNV,FL,ASO,ES,Federal Contract Tower,9,28,54,0,91,0,0,80,0,80,9,28,134,0,171,6,0,6,177
10/15/2017,GNV,FL,ASO,ES,Federal Contract Tower,12,22,55,2,91,0,0,49,2,51,12,22,104,4,142,10,0,10,152
10/16/2017,GNV,FL,ASO,ES,Federal Contract Tower,7,24,31,8,70,0,0,47,5,52,7,24,78,13,122,46,0,46,168
10/17/2017,GNV,FL,ASO,ES,Federal Contract Tower,7,16,33,5,61,0,0,23,2,25,7,16,56,7,86,18,0,18,104
10/18/2017,GNV,FL,ASO,ES,Federal Contract Tower,9,20,36,4,69,0,0,40,2,42,9,20,76,6,111,4,0,4,115
10/19/2017,GNV,FL,ASO,ES,Federal Contract Tower,5,26,50,2,83,0,0,74,2,76,5,26,124,4,159,28,2,30,189
10/20/2017,GNV,FL,ASO,ES,Federal Contract Tower,6,19,49,12,86,0,0,76,4,80,6,19,125,16,166,34,8,42,208
10/21/2017,GNV,FL,ASO,ES,Federal Contract Tower,10,14,25,23,72,0,0,112,4,116,10,14,137,27,188,6,0,6,194
10/22/2017,GNV,FL,ASO,ES,Federal Contract Tower,10,15,38,6,69,0,0,56,5,61,10,15,94,11,130,12,0,12,142
10/23/2017,GNV,FL,ASO,ES,Federal Contract Tower,7,18,11,2,38,0,1,6,0,7,7,19,17,2,45,24,0,24,69
10/24/2017,GNV,FL,ASO,ES,Federal Contract Tower,6,21,39,1,67,0,7,56,3,66,6,28,95,4,133,26,0,26,159
10/25/2017,GNV,FL,ASO,ES,Federal Contract Tower,4,29,47,4,84,0,2,76,2,80,4,31,123,6,164,22,10,32,196
10/26/2017,GNV,FL,ASO,ES,Federal Contract Tower,6,21,21,11,59,0,0,129,1,130,6,21,150,12,189,70,0,70,259
10/27/2017,GNV,FL,ASO,ES,Federal Contract Tower,7,22,43,16,88,0,1,118,6,125,7,23,161,22,213,16,0,16,229
10/28/2017,GNV,FL,ASO,ES,Federal Contract Tower,5,15,27,35,82,0,0,80,2,82,5,15,107,37,164,28,4,32,196
10/29/2017,GNV,FL,ASO,ES,Federal Contract Tower,9,16,37,15,77,0,0,55,2,57,9,16,92,17,134,20,0,20,154
10/30/2017,GNV,FL,ASO,ES,Federal Contract Tower,6,19,26,6,57,0,0,99,0,99,6,19,125,6,156,16,0,16,172
10/31/2017,GNV,FL,ASO,ES,Federal Contract Tower,8,14,31,8,61,0,0,76,3,79,8,14,107,11,140,48,14,62,202
11/01/2017,GNV,FL,ASO,ES,Federal Contract Tower,7,17,26,9,59,0,6,88,9,103,7,23,114,18,162,40,8,48,210
11/02/2017,GNV,FL,ASO,ES,Federal Contract Tower,5,20,47,14,86,0,2,80,4,86,5,22,127,18,172,48,22,70,242
11/03/2017,GNV,FL,ASO,ES,Federal Contract Tower,12,14,40,29,95,0,0,85,24,109,12,14,125,53,204,58,8,66,270
11/05/2017,GNV,FL,ASO,ES,Federal Contract Tower,6,17,32,29,84,0,3,37,28,68,6,20,69,57,152,24,0,24,176
11/06/2017,GNV,FL,ASO,ES,Federal Contract Tower,7,17,43,31,98,0,0,77,2,79,7,17,120,33,177,80,8,88,265
11/07/2017,GNV,FL,ASO,ES,Federal Contract Tower,7,17,35,8,67,0,0,72,3,75,7,17,107,11,142,44,2,46,188
11/08/2017,GNV,FL,ASO,ES,Federal Contract Tower,6,27,59,10,102,0,2,76,4,82,6,29,135,14,184,58,8,66,250
11/09/2017,GNV,FL,ASO,ES,Federal Contract Tower,6,22,75,23,126,0,1,64,4,69,6,23,139,27,195,52,10,62,257
11/10/2017,GNV,FL,ASO,ES,Federal Contract Tower,9,21,53,0,83,0,1,6,2,9,9,22,59,2,92,2,0,2,94
11/11/2017,GNV,FL,ASO,ES,Federal Contract Tower,8,13,23,0,44,0,0,36,0,36,8,13,59,0,80,26,0,26,106
11/12/2017,GNV,FL,ASO,ES,Federal Contract Tower,7,18,32,0,57,0,5,35,0,40,7,23,67,0,97,10,0,10,107
11/13/2017,GNV,FL,ASO,ES,Federal Contract Tower,6,23,27,1,57,0,10,39,5,54,6,33,66,6,111,14,0,14,125
11/14/2017,GNV,FL,ASO,ES,Federal Contract Tower,4,26,36,11,77,0,2,41,2,45,4,28,77,13,122,18,28,46,168
11/15/2017,GNV,FL,ASO,ES,Federal Contract Tower,7,18,37,9,71,0,5,54,8,67,7,23,91,17,138,0,60,60,198
11/16/2017,GNV,FL,ASO,ES,Federal Contract Tower,6,33,26,13,78,0,0,93,6,99,6,33,119,19,177,46,6,52,229
11/17/2017,GNV,FL,ASO,ES,Federal Contract Tower,10,30,47,13,100,0,0,119,0,119,10,30,166,13,219,40,0,40,259
11/18/2017,GNV,FL,ASO,ES,Federal Contract Tower,8,15,29,0,52,0,1,110,6,117,8,16,139,6,169,52,0,52,221
11/19/2017,GNV,FL,ASO,ES,Federal Contract Tower,5,24,30,12,71,0,0,43,4,47,5,24,73,16,118,10,0,10,128
11/20/2017,GNV,FL,ASO,ES,Federal Contract Tower,7,24,25,12,68,0,4,81,2,87,7,28,106,14,155,60,0,60,215
11/21/2017,GNV,FL,ASO,ES,Federal Contract Tower,8,27,25,8,68,0,0,39,0,39,8,27,64,8,107,0,0,0,107
11/22/2017,GNV,FL,ASO,ES,Federal Contract Tower,7,20,39,2,68,0,0,77,0,77,7,20,116,2,145,64,0,64,209
11/23/2017,GNV,FL,ASO,ES,Federal Contract Tower,1,11,3,0,15,0,0,0,0,0,1,11,3,0,15,0,0,0,15
11/24/2017,GNV,FL,ASO,ES,Federal Contract Tower,5,13,43,0,61,0,0,54,0,54,5,13,97,0,115,22,0,22,137
11/25/2017,GNV,FL,ASO,ES,Federal Contract Tower,6,21,42,0,69,0,2,101,0,103,6,23,143,0,172,6,0,6,178
11/26/2017,GNV,FL,ASO,ES,Federal Contract Tower,7,24,40,2,73,0,5,89,0,94,7,29,129,2,167,6,0,6,173
11/27/2017,GNV,FL,ASO,ES,Federal Contract Tower,6,24,35,0,65,0,6,70,2,78,6,30,105,2,143,40,0,40,183
11/28/2017,GNV,FL,ASO,ES,Federal Contract Tower,6,32,29,6,73,0,0,54,3,57,6,32,83,9,130,12,40,52,182
11/29/2017,GNV,FL,ASO,ES,Federal Contract Tower,6,25,61,23,115,0,8,55,13,76,6,33,116,36,191,6,54,60,251
11/30/2017,GNV,FL,ASO,ES,Federal Contract Tower,6,22,56,28,112,0,0,70,2,72,6,22,126,30,184,34,20,54,238
12/01/2017,GNV,FL,ASO,ES,Federal Contract Tower,6,24,27,22,79,0,0,70,16,86,6,24,97,38,165,48,0,48,213
12/02/2017,GNV,FL,ASO,ES,Federal Contract Tower,4,17,36,29,86,0,0,88,1,89,4,17,124,30,175,4,14,18,193
12/03/2017,GNV,FL,ASO,ES,Federal Contract Tower,7,19,27,26,79,0,1,40,11,52,7,20,67,37,131,38,0,38,169
12/04/2017,GNV,FL,ASO,ES,Federal Contract Tower,6,19,60,0,85,0,0,64,2,66,6,19,124,2,151,10,0,10,161
12/05/2017,GNV,FL,ASO,ES,Federal Contract Tower,6,22,36,27,91,0,1,47,0,48,6,23,83,27,139,28,0,28,167
12/06/2017,GNV,FL,ASO,ES,Federal Contract Tower,8,20,58,7,93,0,0,35,3,38,8,20,93,10,131,42,0,42,173
12/07/2017,GNV,FL,ASO,ES,Federal Contract Tower,6,20,40,0,66,0,0,0,0,0,6,20,40,0,66,0,0,0,66
12/08/2017,GNV,FL,ASO,ES,Federal Contract Tower,4,12,21,0,37,0,0,0,0,0,4,12,21,0,37,0,0,0,37
12/09/2017,GNV,FL,ASO,ES,Federal Contract Tower,5,14,24,3,46,0,16,0,0,16,5,30,24,3,62,0,0,0,62
12/10/2017,GNV,FL,ASO,ES,Federal Contract Tower,8,13,39,10,70,0,0,94,4,98,8,13,133,14,168,34,0,34,202
12/11/2017,GNV,FL,ASO,ES,Federal Contract Tower,7,21,55,10,93,0,0,88,2,90,7,21,143,12,183,58,0,58,241
12/12/2017,GNV,FL,ASO,ES,Federal Contract Tower,8,23,36,7,74,0,0,41,1,42,8,23,77,8,116,2,0,2,118
12/13/2017,GNV,FL,ASO,ES,Federal Contract Tower,4,26,25,22,77,0,8,112,4,124,4,34,137,26,201,54,14,68,269
12/14/2017,GNV,FL,ASO,ES,Federal Contract Tower,5,22,40,22,89,0,88,5,0,93,5,110,45,22,182,62,0,62,244
12/15/2017,GNV,FL,ASO,ES,Federal Contract Tower,5,24,69,34,132,0,4,75,3,82,5,28,144,37,214,34,0,34,248
12/16/2017,GNV,FL,ASO,ES,Federal Contract Tower,4,19,27,3,53,0,0,75,1,76,4,19,102,4,129,22,0,22,151
12/17/2017,GNV,FL,ASO,ES,Federal Contract Tower,6,13,26,16,61,0,0,55,1,56,6,13,81,17,117,10,0,10,127
12/18/2017,GNV,FL,ASO,ES,Federal Contract Tower,8,27,38,0,73,0,0,30,1,31,8,27,68,1,104,34,0,34,138
12/19/2017,GNV,FL,ASO,ES,Federal Contract Tower,7,23,31,5,66,0,1,39,2,42,7,24,70,7,108,6,0,6,114
12/20/2017,GNV,FL,ASO,ES,Federal Contract Tower,8,26,23,11,68,0,2,37,2,41,8,28,60,13,109,0,0,0,109
12/21/2017,GNV,FL,ASO,ES,Federal Contract Tower,7,17,32,2,58,0,0,49,0,49,7,17,81,2,107,46,0,46,153
12/22/2017,GNV,FL,ASO,ES,Federal Contract Tower,8,26,34,5,73,0,0,60,0,60,8,26,94,5,133,2,0,2,135
12/23/2017,GNV,FL,ASO,ES,Federal Contract Tower,8,18,23,0,49,0,0,40,0,40,8,18,63,0,89,12,0,12,101
12/24/2017,GNV,FL,ASO,ES,Federal Contract Tower,6,21,10,0,37,0,0,16,0,16,6,21,26,0,53,4,0,4,57
12/25/2017,GNV,FL,ASO,ES,Federal Contract Tower,4,14,4,0,22,0,0,19,0,19,4,14,23,0,41,0,0,0,41
12/26/2017,GNV,FL,ASO,ES,Federal Contract Tower,5,18,39,0,62,0,0,65,0,65,5,18,104,0,127,22,0,22,149
12/27/2017,GNV,FL,ASO,ES,Federal Contract Tower,7,25,29,2,63,0,0,15,0,15,7,25,44,2,78,0,0,0,78
12/28/2017,GNV,FL,ASO,ES,Federal Contract Tower,7,25,16,0,48,0,0,0,0,0,7,25,16,0,48,0,0,0,48
12/29/2017,GNV,FL,ASO,ES,Federal Contract Tower,5,25,22,2,54,0,0,2,0,2,5,25,24,2,56,18,0,18,74
12/30/2017,GNV,FL,ASO,ES,Federal Contract Tower,7,16,34,0,57,0,0,34,0,34,7,16,68,0,91,2,0,2,93
12/31/2017,GNV,FL,ASO,ES,Federal Contract Tower,4,18,25,0,47,0,0,58,0,58,4,18,83,0,105,24,0,24,129
01/01/2018,GNV,FL,ASO,ES,Federal Contract Tower,4,13,15,0,32,0,0,5,0,5,4,13,20,0,37,0,0,0,37
01/02/2018,GNV,FL,ASO,ES,Federal Contract Tower,4,27,17,0,48,0,4,22,0,26,4,31,39,0,74,0,0,0,74
01/03/2018,GNV,FL,ASO,ES,Federal Contract Tower,3,22,18,0,43,0,0,2,0,2,3,22,20,0,45,0,0,0,45
01/04/2018,GNV,FL,ASO,ES,Federal Contract Tower,2,25,26,8,61,0,0,64,1,65,2,25,90,9,126,14,6,20,146
01/05/2018,GNV,FL,ASO,ES,Federal Contract Tower,6,34,30,56,126,0,0,72,11,83,6,34,102,67,209,10,0,10,219
01/06/2018,GNV,FL,ASO,ES,Federal Contract Tower,6,13,29,0,48,0,0,64,4,68,6,13,93,4,116,36,0,36,152
01/07/2018,GNV,FL,ASO,ES,Federal Contract Tower,5,24,17,31,77,0,8,81,7,96,5,32,98,38,173,22,0,22,195
01/08/2018,GNV,FL,ASO,ES,Federal Contract Tower,7,25,33,3,68,0,0,47,0,47,7,25,80,3,115,54,0,54,169
01/09/2018,GNV,FL,ASO,ES,Federal Contract Tower,6,20,40,11,77,0,2,9,1,12,6,22,49,12,89,48,0,48,137
01/10/2018,GNV,FL,ASO,ES,Federal Contract Tower,8,23,22,3,56,0,0,0,4,4,8,23,22,7,60,0,0,0,60
01/11/2018,GNV,FL,ASO,ES,Federal Contract Tower,6,25,56,13,100,0,2,29,4,35,6,27,85,17,135,52,36,88,223
01/12/2018,GNV,FL,ASO,ES,Federal Contract Tower,5,31,28,14,78,0,6,6,0,12,5,37,34,14,90,0,0,0,90
01/13/2018,GNV,FL,ASO,ES,Federal Contract Tower,6,20,47,4,77,0,0,30,1,31,6,20,77,5,108,2,0,2,110
01/14/2018,GNV,FL,ASO,ES,Federal Contract Tower,10,9,29,12,60,0,0,86,17,103,10,9,115,29,163,18,14,32,195
01/15/2018,GNV,FL,ASO,ES,Federal Contract Tower,5,28,33,0,66,0,4,61,0,65,5,32,94,0,131,30,0,30,161
01/16/2018,GNV,FL,ASO,ES,Federal Contract Tower,6,26,37,7,76,0,4,122,2,128,6,30,159,9,204,58,0,58,262
01/17/2018,GNV,FL,ASO,ES,Federal Contract Tower,3,22,34,5,64,0,2,76,0,78,3,24,110,5,142,12,0,12,154
01/18/2018,GNV,FL,ASO,ES,Federal Contract Tower,3,25,40,12,80,0,5,57,1,63,3,30,97,13,143,24,0,24,167
01/19/2018,GNV,FL,ASO,ES,Federal Contract Tower,5,30,22,53,110,0,0,85,7,92,5,30,107,60,202,36,0,36,238
01/20/2018,GNV,FL,ASO,ES,Federal Contract Tower,5,16,33,0,54,0,5,70,1,76,5,21,103,1,130,24,0,24,154
01/21/2018,GNV,FL,ASO,ES,Federal Contract Tower,6,23,39,10,78,0,0,65,8,73,6,23,104,18,151,12,0,12,163
01/22/2018,GNV,FL,ASO,ES,Federal Contract Tower,5,22,25,5,57,0,0,40,0,40,5,22,65,5,97,60,0,60,157
01/23/2018,GNV,FL,ASO,ES,Federal Contract Tower,7,26,51,2,86,0,3,26,0,29,7,29,77,2,115,6,0,6,121
01/24/2018,GNV,FL,ASO,ES,Federal Contract Tower,7,25,61,0,93,0,12,102,0,114,7,37,163,0,207,42,0,42,249
01/25/2018,GNV,FL,ASO,ES,Federal Contract Tower,11,24,52,10,97,0,6,75,10,91,11,30,127,20,188,18,12,30,218
01/26/2018,GNV,FL,ASO,ES,Federal Contract Tower,5,27,23,9,64,0,3,54,16,73,5,30,77,25,137,10,16,26,163
01/27/2018,GNV,FL,ASO,ES,Federal Contract Tower,6,17,35,1,59,0,2,67,1,70,6,19,102,2,129,30,0,30,159
01/28/2018,GNV,FL,ASO,ES,Federal Contract Tower,9,19,31,4,63,0,0,26,9,35,9,19,57,13,98,0,0,0,98
01/29/2018,GNV,FL,ASO,ES,Federal Contract Tower,9,21,32,10,72,0,0,7,6,13,9,21,39,16,85,30,0,30,115
01/30/2018,GNV,FL,ASO,ES,Federal Contract Tower,6,26,34,8,74,0,0,86,6,92,6,26,120,14,166,34,0,34,200
01/31/2018,GNV,FL,ASO,ES,Federal Contract Tower,7,25,61,12,105,0,5,93,13,111,7,30,154,25,216,46,46,92,308
02/01/2018,GNV,FL,ASO,ES,Federal Contract Tower,4,32,40,3,79,0,0,115,3,118,4,32,155,6,197,52,0,52,249
02/02/2018,GNV,FL,ASO,ES,Federal Contract Tower,6,33,48,51,138,0,2,64,18,84,6,35,112,69,222,44,0,44,266
02/03/2018,GNV,FL,ASO,ES,Federal Contract Tower,7,10,34,0,51,0,5,56,0,61,7,15,90,0,112,36,0,36,148
02/04/2018,GNV,FL,ASO,ES,Federal Contract Tower,6,12,16,12,46,0,0,11,8,19,6,12,27,20,65,0,0,0,65
02/05/2018,GNV,FL,ASO,ES,Federal Contract Tower,4,33,35,6,78,0,0,76,6,82,4,33,111,12,160,6,0,6,166
02/06/2018,GNV,FL,ASO,ES,Federal Contract Tower,6,34,38,36,114,0,2,53,1,56,6,36,91,37,170,12,0,12,182
02/07/2018,GNV,FL,ASO,ES,Federal Contract Tower,5,37,35,26,103,0,0,61,6,67,5,37,96,32,170,36,10,46,216
02/08/2018,GNV,FL,ASO,ES,Federal Contract Tower,7,21,40,4,72,0,0,11,0,11,7,21,51,4,83,4,2,6,89
02/09/2018,GNV,FL,ASO,ES,Federal Contract Tower,5,32,52,3,92,0,0,57,4,61,5,32,109,7,153,102,0,102,255
02/10/2018,GNV,FL,ASO,ES,Federal Contract Tower,4,15,58,7,84,0,0,31,8,39,4,15,89,15,123,12,8,20,143
02/11/2018,GNV,FL,ASO,ES,Federal Contract Tower,5,26,45,14,90,0,0,31,12,43,5,26,76,26,133,11,12,23,156
02/12/2018,GNV,FL,ASO,ES,Federal Contract Tower,4,27,23,4,58,0,0,4,1,5,4,27,27,5,63,0,0,0,63
02/13/2018,GNV,FL,ASO,ES,Federal Contract Tower,4,32,10,0,46,0,0,0,0,0,4,32,10,0,46,0,0,0,46
02/14/2018,GNV,FL,ASO,ES,Federal Contract Tower,4,25,31,4,64,0,0,22,0,22,4,25,53,4,86,10,0,10,96
02/15/2018,GNV,FL,ASO,ES,Federal Contract Tower,3,28,63,16,110,0,4,80,10,94,3,32,143,26,204,36,6,42,246
02/16/2018,GNV,FL,ASO,ES,Federal Contract Tower,7,36,64,4,111,0,0,74,0,74,7,36,138,4,185,32,0,32,217
02/17/2018,GNV,FL,ASO,ES,Federal Contract Tower,6,23,63,0,92,0,0,74,1,75,6,23,137,1,167,22,0,22,189
02/18/2018,GNV,FL,ASO,ES,Federal Contract Tower,7,25,38,6,76,0,0,57,2,59,7,25,95,8,135,16,0,16,151
02/19/2018,GNV,FL,ASO,ES,Federal Contract Tower,4,31,37,0,72,0,1,56,0,57,4,32,93,0,129,22,0,22,151
02/20/2018,GNV,FL,ASO,ES,Federal Contract Tower,4,29,47,6,86,0,0,59,4,63,4,29,106,10,149,38,8,46,195
02/21/2018,GNV,FL,ASO,ES,Federal Contract Tower,4,31,44,19,98,0,11,59,2,72,4,42,103,21,170,10,6,16,186
02/22/2018,GNV,FL,ASO,ES,Federal Contract Tower,6,31,41,13,91,0,0,73,7,80,6,31,114,20,171,52,16,68,239
02/23/2018,GNV,FL,ASO,ES,Federal Contract Tower,4,26,55,30,115,0,4,63,20,87,4,30,118,50,202,40,28,68,270
02/24/2018,GNV,FL,ASO,ES,Federal Contract Tower,6,12,26,3,47,0,2,72,4,78,6,14,98,7,125,26,38,64,189
02/25/2018,GNV,FL,ASO,ES,Federal Contract Tower,6,22,58,37,123,0,0,107,34,141,6,22,165,71,264,16,0,16,280
02/26/2018,GNV,FL,ASO,ES,Federal Contract Tower,3,27,44,34,108,0,0,62,4,66,3,27,106,38,174,92,4,96,270
02/27/2018,GNV,FL,ASO,ES,Federal Contract Tower,4,25,33,20,82,0,1,40,6,47,4,26,73,26,129,20,6,26,155
02/28/2018,GNV,FL,ASO,ES,Federal Contract Tower,2,28,44,21,95,0,0,90,6,96,2,28,134,27,191,62,18,80,271
03/01/2018,GNV,FL,ASO,ES,Federal Contract Tower,6,20,33,33,92,0,3,66,12,81,6,23,99,45,173,28,4,32,205
03/02/2018,GNV,FL,ASO,ES,Federal Contract Tower,6,30,39,33,108,0,0,118,13,131,6,30,157,46,239,92,14,106,345
03/03/2018,GNV,FL,ASO,ES,Federal Contract Tower,8,12,32,8,60,0,2,77,11,90,8,14,109,19,150,36,4,40,190
03/04/2018,GNV,FL,ASO,ES,Federal Contract Tower,9,20,24,12,65,0,0,38,13,51,9,20,62,25,116,37,0,37,153
03/05/2018,GNV,FL,ASO,ES,Federal Contract Tower,9,18,46,36,109,0,0,109,21,130,9,18,155,57,239,92,10,102,341
03/06/2018,GNV,FL,ASO,ES,Federal Contract Tower,8,23,41,40,112,0,2,56,8,66,8,25,97,48,178,22,8,30,208
03/07/2018,GNV,FL,ASO,ES,Federal Contract Tower,9,22,38,25,94,0,2,51,9,62,9,24,89,34,156,34,8,42,198
03/08/2018,GNV,FL,ASO,ES,Federal Contract Tower,7,21,47,26,101,0,0,55,2,57,7,21,102,28,158,70,4,74,232
03/09/2018,GNV,FL,ASO,ES,Federal Contract Tower,9,30,25,25,89,0,7,105,7,119,9,37,130,32,208,18,22,40,248
03/10/2018,GNV,FL,ASO,ES,Federal Contract Tower,7,11,18,8,44,0,1,86,1,88,7,12,104,9,132,50,4,54,186
03/11/2018,GNV,FL,ASO,ES,Federal Contract Tower,9,22,36,7,74,0,0,56,0,56,9,22,92,7,130,20,0,20,150
03/12/2018,GNV,FL,ASO,ES,Federal Contract Tower,9,18,32,7,66,0,0,35,0,35,9,18,67,7,101,2,0,2,103
03/13/2018,GNV,FL,ASO,ES,Federal Contract Tower,10,27,46,8,91,0,0,95,0,95,10,27,141,8,186,62,0,62,248
03/14/2018,GNV,FL,ASO,ES,Federal Contract Tower,8,22,37,11,78,0,2,75,6,83,8,24,112,17,161,42,6,48,209
03/15/2018,GNV,FL,ASO,ES,Federal Contract Tower,10,23,51,5,89,0,1,74,8,83,10,24,125,13,172,86,0,86,258
03/16/2018,GNV,FL,ASO,ES,Federal Contract Tower,7,21,44,4,76,0,3,104,5,112,7,24,148,9,188,62,0,62,250
03/17/2018,GNV,FL,ASO,ES,Federal Contract Tower,7,19,35,6,67,0,5,101,0,106,7,24,136,6,173,6,8,14,187
03/18/2018,GNV,FL,ASO,ES,Federal Contract Tower,10,26,51,2,89,0,0,43,0,43,10,26,94,2,132,8,0,8,140
03/19/2018,GNV,FL,ASO,ES,Federal Contract Tower,8,27,13,1,49,0,0,7,0,7,8,27,20,1,56,12,0,12,68
03/21/2018,GNV,FL,ASO,ES,Federal Contract Tower,9,24,33,17,83,0,6,39,6,51,9,30,72,23,134,6,30,36,170
03/22/2018,GNV,FL,ASO,ES,Federal Contract Tower,9,24,59,1,93,0,0,89,5,94,9,24,148,6,187,64,4,68,255
03/23/2018,GNV,FL,ASO,ES,Federal Contract Tower,9,22,54,10,95,0,0,88,10,98,9,22,142,20,193,46,0,46,239
03/24/2018,GNV,FL,ASO,ES,Federal Contract Tower,7,15,53,28,103,0,0,120,1,121,7,15,173,29,224,72,18,90,314
03/25/2018,GNV,FL,ASO,ES,Federal Contract Tower,9,22,40,4,75,0,0,64,2,66,9,22,104,6,141,24,0,24,165
03/26/2018,GNV,FL,ASO,ES,Federal Contract Tower,9,25,30,4,68,0,0,4,0,4,9,25,34,4,72,10,0,10,82
03/27/2018,GNV,FL,ASO,ES,Federal Contract Tower,7,22,27,6,62,0,0,48,4,52,7,22,75,10,114,54,0,54,168
03/28/2018,GNV,FL,ASO,ES,Federal Contract Tower,10,26,41,9,86,0,3,65,5,73,10,29,106,14,159,30,6,36,195
03/29/2018,GNV,FL,ASO,ES,Federal Contract Tower,12,16,46,8,82,0,0,92,0,92,12,16,138,8,174,38,0,38,212
03/30/2018,GNV,FL,ASO,ES,Federal Contract Tower,9,25,34,0,68,0,0,38,0,38,9,25,72,0,106,6,0,6,112
03/31/2018,GNV,FL,ASO,ES,Federal Contract Tower,8,12,53,0,73,0,0,67,0,67,8,12,120,0,140,50,0,50,190
04/01/2018,GNV,FL,ASO,ES,Federal Contract Tower,7,20,37,0,64,0,0,39,0,39,7,20,76,0,103,22,0,22,125
04/02/2018,GNV,FL,ASO,ES,Federal Contract Tower,8,32,29,2,71,0,0,82,2,84,8,32,111,4,155,50,4,54,209
04/03/2018,GNV,FL,ASO,ES,Federal Contract Tower,11,27,34,12,84,0,4,89,5,98,11,31,123,17,182,48,0,48,230
04/04/2018,GNV,FL,ASO,ES,Federal Contract Tower,7,15,25,6,53,0,2,62,0,64,7,17,87,6,117,84,0,84,201
04/05/2018,GNV,FL,ASO,ES,Federal Contract Tower,12,14,38,3,67,0,6,110,7,123,12,20,148,10,190,54,0,54,244
04/06/2018,GNV,FL,ASO,ES,Federal Contract Tower,12,17,43,33,105,0,9,136,17,162,12,26,179,50,267,28,14,42,309
04/07/2018,GNV,FL,ASO,ES,Federal Contract Tower,9,16,27,3,55,0,1,90,2,93,9,17,117,5,148,4,4,8,156
04/08/2018,GNV,FL,ASO,ES,Federal Contract Tower,7,21,67,12,107,0,0,47,3,50,7,21,114,15,157,16,0,16,173
04/09/2018,GNV,FL,ASO,ES,Federal Contract Tower,12,18,10,0,40,0,0,1,0,1,12,18,11,0,41,0,0,0,41
04/10/2018,GNV,FL,ASO,ES,Federal Contract Tower,12,18,19,0,49,0,0,0,0,0,12,18,19,0,49,0,0,0,49
04/11/2018,GNV,FL,ASO,ES,Federal Contract Tower,10,17,42,2,71,0,2,64,0,66,10,19,106,2,137,88,0,88,225
04/12/2018,GNV,FL,ASO,ES,Federal Contract Tower,9,15,30,1,55,0,1,98,8,107,9,16,128,9,162,60,0,60,222
04/13/2018,GNV,FL,ASO,ES,Federal Contract Tower,10,19,41,26,96,0,2,99,14,115,10,21,140,40,211,28,0,28,239
04/14/2018,GNV,FL,ASO,ES,Federal Contract Tower,8,11,49,1,69,0,2,100,3,105,8,13,149,4,174,90,0,90,264
04/15/2018,GNV,FL,ASO,ES,Federal Contract Tower,6,14,15,7,42,0,0,9,14,23,6,14,24,21,65,0,0,0,65
04/16/2018,GNV,FL,ASO,ES,Federal Contract Tower,9,23,55,1,88,0,0,75,5,80,9,23,130,6,168,12,22,34,202
04/17/2018,GNV,FL,ASO,ES,Federal Contract Tower,8,21,50,13,92,0,0,104,7,111,8,21,154,20,203,94,38,132,335
04/18/2018,GNV,FL,ASO,ES,Federal Contract Tower,8,23,83,24,138,0,2,96,1,99,8,25,179,25,237,14,10,24,261
04/19/2018,GNV,FL,ASO,ES,Federal Contract Tower,9,22,53,18,102,0,0,0,0,0,9,22,53,18,102,28,0,28,130
04/20/2018,GNV,FL,ASO,ES,Federal Contract Tower,11,23,31,18,83,0,4,74,5,83,11,27,105,23,166,86,14,100,266
04/21/2018,GNV,FL,ASO,ES,Federal Contract Tower,8,8,43,0,59,0,2,28,0,30,8,10,71,0,89,36,0,36,125
04/22/2018,GNV,FL,ASO,ES,Federal Contract Tower,5,25,23,16,69,0,1,36,4,41,5,26,59,20,110,32,0,32,142
04/23/2018,GNV,FL,ASO,ES,Federal Contract Tower,10,21,21,0,52,0,0,10,0,10,10,21,31,0,62,16,0,16,78
04/24/2018,GNV,FL,ASO,ES,Federal Contract Tower,10,14,45,6,75,0,2,99,9,110,10,16,144,15,185,50,4,54,239
04/25/2018,GNV,FL,ASO,ES,Federal Contract Tower,8,17,72,5,102,0,0,92,4,96,8,17,164,9,198,72,0,72,270
04/26/2018,GNV,FL,ASO,ES,Federal Contract Tower,15,13,44,10,82,0,6,87,7,100,15,19,131,17,182,62,4,66,248
04/27/2018,GNV,FL,ASO,ES,Federal Contract Tower,10,23,57,29,119,0,0,94,9,103,10,23,151,38,222,52,12,64,286
04/28/2018,GNV,FL,ASO,ES,Federal Contract Tower,7,13,25,10,55,0,0,112,0,112,7,13,137,10,167,34,0,34,201
04/29/2018,GNV,FL,ASO,ES,Federal Contract Tower,10,22,44,3,79,0,0,94,2,96,10,22,138,5,175,16,2,18,193
04/30/2018,GNV,FL,ASO,ES,Federal Contract Tower,7,13,32,6,58,0,0,78,4,82,7,13,110,10,140,16,2,18,158
05/01/2018,GNV,FL,ASO,ES,Federal Contract Tower,10,18,28,4,60,0,0,76,2,78,10,18,104,6,138,18,8,26,164
05/02/2018,GNV,FL,ASO,ES,Federal Contract Tower,23,21,40,8,92,0,14,137,9,160,23,35,177,17,252,12,0,12,264
05/03/2018,GNV,FL,ASO,ES,Federal Contract Tower,10,22,50,7,89,0,2,95,4,101,10,24,145,11,190,34,12,46,236
05/04/2018,GNV,FL,ASO,ES,Federal Contract Tower,10,26,35,21,92,0,0,140,6,146,10,26,175,27,238,36,14,50,288
05/05/2018,GNV,FL,ASO,ES,Federal Contract Tower,6,11,44,9,70,0,0,70,3,73,6,11,114,12,143,26,2,28,171
05/06/2018,GNV,FL,ASO,ES,Federal Contract Tower,9,18,35,12,74,0,0,43,8,51,9,18,78,20,125,22,0,22,147
05/07/2018,GNV,FL,ASO,ES,Federal Contract Tower,7,21,43,4,75,0,0,144,5,149,7,21,187,9,224,8,16,24,248
05/08/2018,GNV,FL,ASO,ES,Federal Contract Tower,9,17,47,0,73,0,4,66,0,70,9,21,113,0,143,28,0,28,171
05/09/2018,GNV,FL,ASO,ES,Federal Contract Tower,13,25,28,1,67,0,2,70,2,74,13,27,98,3,141,22,0,22,163
05/10/2018,GNV,FL,ASO,ES,Federal Contract Tower,9,17,41,8,75,0,0,93,5,98,9,17,134,13,173,30,0,30,203
05/11/2018,GNV,FL,ASO,ES,Federal Contract Tower,8,21,37,19,85,0,0,88,6,94,8,21,125,25,179,68,2,70,249
05/12/2018,GNV,FL,ASO,ES,Federal Contract Tower,8,12,34,0,54,0,2,66,1,69,8,14,100,1,123,4,0,4,127
05/13/2018,GNV,FL,ASO,ES,Federal Contract Tower,10,18,28,12,68,0,0,26,2,28,10,18,54,14,96,0,0,0,96
05/14/2018,GNV,FL,ASO,ES,Federal Contract Tower,8,30,11,0,49,0,3,0,0,3,8,33,11,0,52,0,0,0,52
05/15/2018,GNV,FL,ASO,ES,Federal Contract Tower,9,21,14,0,44,0,0,14,0,14,9,21,28,0,58,12,0,12,70
05/16/2018,GNV,FL,ASO,ES,Federal Contract Tower,14,24,26,2,66,0,4,18,1,23,14,28,44,3,89,36,0,36,125
05/17/2018,GNV,FL,ASO,ES,Federal Contract Tower,7,30,24,0,61,0,0,6,0,6,7,30,30,0,67,4,0,4,71
05/18/2018,GNV,FL,ASO,ES,Federal Contract Tower,13,19,52,7,91,0,1,28,2,31,13,20,80,9,122,96,0,96,218
05/19/2018,GNV,FL,ASO,ES,Federal Contract Tower,7,11,34,7,59,0,1,47,0,48,7,12,81,7,107,76,0,76,183
05/20/2018,GNV,FL,ASO,ES,Federal Contract Tower,10,21,38,1,70,0,0,4,0,4,10,21,42,1,74,0,0,0,74
05/21/2018,GNV,FL,ASO,ES,Federal Contract Tower,10,24,27,2,63,0,0,9,0,9,10,24,36,2,72,6,0,6,78
05/22/2018,GNV,FL,ASO,ES,Federal Contract Tower,11,21,48,3,83,0,23,1,0,24,11,44,49,3,107,16,0,16,123
05/23/2018,GNV,FL,ASO,ES,Federal Contract Tower,14,23,62,7,106,0,0,103,5,108,14,23,165,12,214,46,20,66,280
05/24/2018,GNV,FL,ASO,ES,Federal Contract Tower,7,24,30,0,61,0,0,61,2,63,7,24,91,2,124,18,16,34,158
05/25/2018,GNV,FL,ASO,ES,Federal Contract Tower,7,23,52,5,87,0,1,47,3,51,7,24,99,8,138,56,0,56,194
05/26/2018,GNV,FL,ASO,ES,Federal Contract Tower,6,13,31,0,50,0,0,29,0,29,6,13,60,0,79,16,0,16,95
05/27/2018,GNV,FL,ASO,ES,Federal Contract Tower,6,8,9,0,23,0,0,4,0,4,6,8,13,0,27,0,0,0,27
05/28/2018,GNV,FL,ASO,ES,Federal Contract Tower,7,14,13,0,34,0,0,12,0,12,7,14,25,0,46,0,0,0,46
05/29/2018,GNV,FL,ASO,ES,Federal Contract Tower,8,26,30,23,87,0,2,20,0,22,8,28,50,23,109,14,0,14,123
05/30/2018,GNV,FL,ASO,ES,Federal Contract Tower,12,16,17,0,45,0,0,8,0,8,12,16,25,0,53,0,0,0,53
05/31/2018,GNV,FL,ASO,ES,Federal Contract Tower,9,20,43,17,89,0,3,25,4,32,9,23,68,21,121,18,20,38,159
06/01/2018,GNV,FL,ASO,ES,Federal Contract Tower,15,16,53,49,133,0,0,49,5,54,15,16,102,54,187,54,4,58,245
06/02/2018,GNV,FL,ASO,ES,Federal Contract Tower,9,12,39,0,60,0,0,35,3,38,9,12,74,3,98,16,0,16,114
06/03/2018,GNV,FL,ASO,ES,Federal Contract Tower,8,16,30,0,54,0,0,28,6,34,8,16,58,6,88,34,0,34,122
06/04/2018,GNV,FL,ASO,ES,Federal Contract Tower,9,21,55,8,93,0,0,46,3,49,9,21,101,11,142,0,14,14,156
06/05/2018,GNV,FL,ASO,ES,Federal Contract Tower,12,16,41,12,81,0,0,98,0,98,12,16,139,12,179,70,2,72,251
06/06/2018,GNV,FL,ASO,ES,Federal Contract Tower,13,20,27,1,61,0,0,21,3,24,13,20,48,4,85,18,0,18,103
06/07/2018,GNV,FL,ASO,ES,Federal Contract Tower,10,19,60,5,94,0,1,56,0,57,10,20,116,5,151,44,0,44,195
06/08/2018,GNV,FL,ASO,ES,Federal Contract Tower,12,12,34,6,64,0,0,59,2,61,12,12,93,8,125,30,2,32,157
06/09/2018,GNV,FL,ASO,ES,Federal Contract Tower,3,14,40,16,73,0,0,58,0,58,3,14,98,16,131,6,10,16,147
06/10/2018,GNV,FL,ASO,ES,Federal Contract Tower,8,16,33,9,66,0,0,55,3,58,8,16,88,12,124,32,14,46,170
06/11/2018,GNV,FL,ASO,ES,Federal Contract Tower,7,16,23,0,46,0,0,47,0,47,7,16,70,0,93,36,0,36,129
06/12/2018,GNV,FL,ASO,ES,Federal Contract Tower,9,15,30,2,56,0,0,68,0,68,9,15,98,2,124,36,0,36,160
06/13/2018,GNV,FL,ASO,ES,Federal Contract Tower,11,15,46,3,75,0,0,81,0,81,11,15,127,3,156,78,0,78,234
06/14/2018,GNV,FL,ASO,ES,Federal Contract Tower,9,24,39,0,72,0,0,87,0,87,9,24,126,0,159,62,0,62,221
06/15/2018,GNV,FL,ASO,ES,Federal Contract Tower,4,19,37,2,62,0,0,76,3,79,4,19,113,5,141,20,0,20,161
06/16/2018,GNV,FL,ASO,ES,Federal Contract Tower,4,8,32,0,44,0,0,65,0,65,4,8,97,0,109,10,0,10,119
06/17/2018,GNV,FL,ASO,ES,Federal Contract Tower,4,15,25,2,46,0,0,41,4,45,4,15,66,6,91,22,0,22,113
06/18/2018,GNV,FL,ASO,ES,Federal Contract Tower,2,17,34,2,55,0,0,44,0,44,2,17,78,2,99,48,0,48,147
06/19/2018,GNV,FL,ASO,ES,Federal Contract Tower,4,14,26,7,51,0,0,64,2,66,4,14,90,9,117,54,18,72,189
06/20/2018,GNV,FL,ASO,ES,Federal Contract Tower,3,23,52,0,78,0,1,43,2,46,3,24,95,2,124,44,0,44,168
06/21/2018,GNV,FL,ASO,ES,Federal Contract Tower,11,24,28,2,65,0,2,46,2,50,11,26,74,4,115,84,0,84,199
06/22/2018,GNV,FL,ASO,ES,Federal Contract Tower,8,20,36,26,90,0,0,83,3,86,8,20,119,29,176,42,0,42,218
06/23/2018,GNV,FL,ASO,ES,Federal Contract Tower,4,14,44,2,64,0,1,67,0,68,4,15,111,2,132,26,6,32,164
06/24/2018,GNV,FL,ASO,ES,Federal Contract Tower,6,19,16,6,47,0,0,58,4,62,6,19,74,10,109,0,0,0,109
06/25/2018,GNV,FL,ASO,ES,Federal Contract Tower,8,19,40,21,88,0,0,88,0,88,8,19,128,21,176,20,6,26,202
06/26/2018,GNV,FL,ASO,ES,Federal Contract Tower,10,15,26,10,61,0,2,67,0,69,10,17,93,10,130,38,0,38,168
06/27/2018,GNV,FL,ASO,ES,Federal Contract Tower,10,17,52,2,81,0,1,72,2,75,10,18,124,4,156,54,0,54,210
06/28/2018,GNV,FL,ASO,ES,Federal Contract Tower,15,17,39,0,71,0,0,50,0,50,15,17,89,0,121,40,0,40,161
06/29/2018,GNV,FL,ASO,ES,Federal Contract Tower,11,17,40,0,68,0,0,49,2,51,11,17,89,2,119,44,0,44,163
06/30/2018,GNV,FL,ASO,ES,Federal Contract Tower,6,12,24,0,42,0,2,17,0,19,6,14,41,0,61,6,0,6,67
07/01/2018,GNV,FL,ASO,ES,Federal Contract Tower,8,13,24,0,45,0,0,49,0,49,8,13,73,0,94,22,0,22,116
07/02/2018,GNV,FL,ASO,ES,Federal Contract Tower,9,21,24,1,55,0,0,74,0,74,9,21,98,1,129,40,0,40,169
07/03/2018,GNV,FL,ASO,ES,Federal Contract Tower,7,13,35,9,64,0,0,64,2,66,7,13,99,11,130,64,12,76,206
07/05/2018,GNV,FL,ASO,ES,Federal Contract Tower,8,20,32,4,64,0,4,42,2,48,8,24,74,6,112,44,0,44,156
07/06/2018,GNV,FL,ASO,ES,Federal Contract Tower,8,19,37,11,75,0,0,51,1,52,8,19,88,12,127,12,10,22,149
07/07/2018,GNV,FL,ASO,ES,Federal Contract Tower,6,12,20,0,38,0,4,86,0,90,6,16,106,0,128,6,0,6,134
07/08/2018,GNV,FL,ASO,ES,Federal Contract Tower,13,15,19,0,47,0,0,70,0,70,13,15,89,0,117,28,0,28,145
07/09/2018,GNV,FL,ASO,ES,Federal Contract Tower,7,20,20,11,58,0,0,58,0,58,7,20,78,11,116,44,8,52,168
07/10/2018,GNV,FL,ASO,ES,Federal Contract Tower,7,21,26,2,56,0,1,93,2,96,7,22,119,4,152,84,0,84,236
07/11/2018,GNV,FL,ASO,ES,Federal Contract Tower,10,13,48,0,71,0,0,121,0,121,10,13,169,0,192,62,0,62,254
07/12/2018,GNV,FL,ASO,ES,Federal Contract Tower,7,22,42,0,71,0,2,92,0,94,7,24,134,0,165,78,0,78,243
07/13/2018,GNV,FL,ASO,ES,Federal Contract Tower,6,21,33,18,78,0,1,90,3,94,6,22,123,21,172,42,10,52,224
07/14/2018,GNV,FL,ASO,ES,Federal Contract Tower,6,13,22,0,41,0,1,70,0,71,6,14,92,0,112,42,0,42,154
07/15/2018,GNV,FL,ASO,ES,Federal Contract Tower,7,16,19,0,42,0,0,55,0,55,7,16,74,0,97,96,0,96,193
07/16/2018,GNV,FL,ASO,ES,Federal Contract Tower,8,24,22,4,58,0,6,67,0,73,8,30,89,4,131,94,0,94,225
07/17/2018,GNV,FL,ASO,ES,Federal Contract Tower,6,19,30,0,55,0,2,47,0,49,6,21,77,0,104,48,0,48,152
07/18/2018,GNV,FL,ASO,ES,Federal Contract Tower,6,23,28,0,57,0,0,40,2,42,6,23,68,2,99,24,0,24,123
07/19/2018,GNV,FL,ASO,ES,Federal Contract Tower,11,18,35,11,75,0,0,32,6,38,11,18,67,17,113,42,2,44,157
07/20/2018,GNV,FL,ASO,ES,Federal Contract Tower,10,20,27,1,58,0,0,15,1,16,10,20,42,2,74,22,0,22,96
07/21/2018,GNV,FL,ASO,ES,Federal Contract Tower,4,17,27,0,48,0,2,26,2,30,4,19,53,2,78,20,0,20,98
07/22/2018,GNV,FL,ASO,ES,Federal Contract Tower,6,13,22,0,41,0,0,5,0,5,6,13,27,0,46,6,0,6,52
07/23/2018,GNV,FL,ASO,ES,Federal Contract Tower,7,26,43,5,81,0,0,52,5,57,7,26,95,10,138,26,0,26,164
07/24/2018,GNV,FL,ASO,ES,Federal Contract Tower,7,19,35,5,66,0,0,38,1,39,7,19,73,6,105,8,0,8,113
07/25/2018,GNV,FL,ASO,ES,Federal Contract Tower,10,19,32,3,64,0,2,83,2,87,10,21,115,5,151,38,0,38,189
07/26/2018,GNV,FL,ASO,ES,Federal Contract Tower,9,26,27,2,64,0,0,0,0,0,9,26,27,2,64,44,4,48,112
07/27/2018,GNV,FL,ASO,ES,Federal Contract Tower,11,14,64,20,109,0,0,71,2,73,11,14,135,22,182,24,0,24,206
07/28/2018,GNV,FL,ASO,ES,Federal Contract Tower,6,7,52,0,65,0,1,65,0,66,6,8,117,0,131,28,0,28,159
07/29/2018,GNV,FL,ASO,ES,Federal Contract Tower,9,25,32,0,66,0,0,49,6,55,9,25,81,6,121,10,0,10,131
07/30/2018,GNV,FL,ASO,ES,Federal Contract Tower,10,17,25,16,68,0,0,41,0,41,10,17,66,16,109,34,12,46,155
07/31/2018,GNV,FL,ASO,ES,Federal Contract Tower,8,18,26,0,52,0,0,52,0,52,8,18,78,0,104,40,0,40,144
08/01/2018,GNV,FL,ASO,ES,Federal Contract Tower,7,21,45,9,82,0,3,50,8,61,7,24,95,17,143,10,0,10,153
08/02/2018,GNV,FL,ASO,ES,Federal Contract Tower,6,17,28,1,52,0,0,37,3,40,6,17,65,4,92,28,0,28,120
08/03/2018,GNV,FL,ASO,ES,Federal Contract Tower,7,21,33,10,71,0,0,55,4,59,7,21,88,14,130,38,0,38,168
08/04/2018,GNV,FL,ASO,ES,Federal Contract Tower,4,11,48,2,65,0,0,87,2,89,4,11,135,4,154,28,0,28,182
08/05/2018,GNV,FL,ASO,ES,Federal Contract Tower,7,21,32,2,62,0,0,74,2,76,7,21,106,4,138,24,0,24,162
08/06/2018,GNV,FL,ASO,ES,Federal Contract Tower,6,16,29,30,81,0,0,59,9,68,6,16,88,39,149,18,20,38,187
08/07/2018,GNV,FL,ASO,ES,Federal Contract Tower,9,18,41,8,76,0,0,90,3,93,9,18,131,11,169,54,0,54,223
08/08/2018,GNV,FL,ASO,ES,Federal Contract Tower,9,20,66,4,99,0,7,105,1,113,9,27,171,5,212,68,12,80,292
08/09/2018,GNV,FL,ASO,ES,Federal Contract Tower,10,16,30,10,66,0,0,70,2,72,10,16,100,12,138,62,0,62,200
08/10/2018,GNV,FL,ASO,ES,Federal Contract Tower,10,18,13,3,44,0,1,48,5,54,10,19,61,8,98,38,8,46,144
08/11/2018,GNV,FL,ASO,ES,Federal Contract Tower,5,15,30,1,51,0,1,89,1,91,5,16,119,2,142,34,8,42,184
08/12/2018,GNV,FL,ASO,ES,Federal Contract Tower,12,22,27,1,62,0,0,67,4,71,12,22,94,5,133,98,0,98,231
08/13/2018,GNV,FL,ASO,ES,Federal Contract Tower,6,19,29,9,63,0,0,46,1,47,6,19,75,10,110,112,0,112,222
08/14/2018,GNV,FL,ASO,ES,Federal Contract Tower,7,22,22,16,67,0,3,64,2,69,7,25,86,18,136,114,0,114,250
08/15/2018,GNV,FL,ASO,ES,Federal Contract Tower,12,15,29,6,62,0,2,63,0,65,12,17,92,6,127,44,0,44,171
08/16/2018,GNV,FL,ASO,ES,Federal Contract Tower,9,23,39,0,71,0,0,74,5,79,9,23,113,5,150,82,8,90,240
08/17/2018,GNV,FL,ASO,ES,Federal Contract Tower,7,17,41,13,78,0,0,100,3,103,7,17,141,16,181,30,4,34,215
08/18/2018,GNV,FL,ASO,ES,Federal Contract Tower,3,15,46,3,67,0,0,100,0,100,3,15,146,3,167,56,0,56,223
08/19/2018,GNV,FL,ASO,ES,Federal Contract Tower,8,13,32,10,63,0,3,70,7,80,8,16,102,17,143,32,6,38,181
08/20/2018,GNV,FL,ASO,ES,Federal Contract Tower,7,23,20,4,54,0,0,66,1,67,7,23,86,5,121,54,6,60,181
08/21/2018,GNV,FL,ASO,ES,Federal Contract Tower,7,22,22,11,62,0,0,56,3,59,7,22,78,14,121,106,16,122,243
08/23/2018,GNV,FL,ASO,ES,Federal Contract Tower,6,16,41,2,65,0,0,116,3,119,6,16,157,5,184,36,30,66,250
08/24/2018,GNV,FL,ASO,ES,Federal Contract Tower,7,21,30,4,62,0,0,29,0,29,7,21,59,4,91,70,0,70,161
08/25/2018,GNV,FL,ASO,ES,Federal Contract Tower,6,14,45,0,65,0,0,36,0,36,6,14,81,0,101,4,0,4,105
08/26/2018,GNV,FL,ASO,ES,Federal Contract Tower,8,10,29,2,49,0,0,45,0,45,8,10,74,2,94,20,8,28,122
08/27/2018,GNV,FL,ASO,ES,Federal Contract Tower,7,19,35,0,61,0,0,72,6,78,7,19,107,6,139,36,16,52,191
08/28/2018,GNV,FL,ASO,ES,Federal Contract Tower,10,19,33,4,66,0,0,55,2,57,10,19,88,6,123,4,4,8,131
08/29/2018,GNV,FL,ASO,ES,Federal Contract Tower,8,16,39,8,71,0,0,35,2,37,8,16,74,10,108,24,14,38,146
08/30/2018,GNV,FL,ASO,ES,Federal Contract Tower,9,17,16,2,44,0,1,38,2,41,9,18,54,4,85,10,2,12,97
08/31/2018,GNV,FL,ASO,ES,Federal Contract Tower,9,17,36,0,62,0,0,65,0,65,9,17,101,0,127,88,0,88,215
09/01/2018,GNV,FL,ASO,ES,Federal Contract Tower,3,12,44,0,59,0,0,63,0,63,3,12,107,0,122,0,78,78,200
09/02/2018,GNV,FL,ASO,ES,Federal Contract Tower,9,11,18,0,38,0,0,38,0,38,9,11,56,0,76,8,0,8,84
09/03/2018,GNV,FL,ASO,ES,Federal Contract Tower,7,12,22,0,41,0,0,30,0,30,7,12,52,0,71,2,0,2,73
09/04/2018,GNV,FL,ASO,ES,Federal Contract Tower,6,20,29,13,68,0,0,50,0,50,6,20,79,13,118,36,14,50,168
09/05/2018,GNV,FL,ASO,ES,Federal Contract Tower,7,17,40,11,75,0,2,75,5,82,7,19,115,16,157,54,4,58,215
09/06/2018,GNV,FL,ASO,ES,Federal Contract Tower,7,24,44,20,95,0,0,49,2,51,7,24,93,22,146,28,6,34,180
09/07/2018,GNV,FL,ASO,ES,Federal Contract Tower,7,21,41,17,86,0,0,70,0,70,7,21,111,17,156,22,4,26,182
09/08/2018,GNV,FL,ASO,ES,Federal Contract Tower,7,22,44,4,77,0,0,85,0,85,7,22,129,4,162,46,0,46,208
09/09/2018,GNV,FL,ASO,ES,Federal Contract Tower,11,26,40,29,106,0,0,68,0,68,11,26,108,29,174,10,2,12,186
09/10/2018,GNV,FL,ASO,ES,Federal Contract Tower,9,22,33,2,66,0,0,81,10,91,9,22,114,12,157,42,0,42,199
09/11/2018,GNV,FL,ASO,ES,Federal Contract Tower,7,31,22,6,66,0,3,82,2,87,7,34,104,8,153,70,4,74,227
09/12/2018,GNV,FL,ASO,ES,Federal Contract Tower,7,27,41,15,90,0,4,64,4,72,7,31,105,19,162,84,18,102,264
09/13/2018,GNV,FL,ASO,ES,Federal Contract Tower,8,22,32,6,68,0,2,76,2,80,8,24,108,8,148,50,2,52,200
09/14/2018,GNV,FL,ASO,ES,Federal Contract Tower,6,19,55,16,96,0,0,112,4,116,6,19,167,20,212,30,6,36,248
09/15/2018,GNV,FL,ASO,ES,Federal Contract Tower,6,17,54,2,79,0,0,98,0,98,6,17,152,2,177,14,0,14,191
09/16/2018,GNV,FL,ASO,ES,Federal Contract Tower,12,16,14,0,42,0,0,58,1,59,12,16,72,1,101,26,0,26,127
09/17/2018,GNV,FL,ASO,ES,Federal Contract Tower,6,22,36,4,68,0,0,102,0,102,6,22,138,4,170,24,0,24,194
09/18/2018,GNV,FL,ASO,ES,Federal Contract Tower,8,18,39,2,67,0,0,46,2,48,8,18,85,4,115,64,38,102,217
09/19/2018,GNV,FL,ASO,ES,Federal Contract Tower,10,19,26,1,56,0,0,53,0,53,10,19,79,1,109,20,0,20,129
09/20/2018,GNV,FL,ASO,ES,Federal Contract Tower,3,22,37,6,68,0,10,95,1,106,3,32,132,7,174,16,17,33,207
09/21/2018,GNV,FL,ASO,ES,Federal Contract Tower,8,21,42,6,77,0,0,95,1,96,8,21,137,7,173,40,0,40,213
09/22/2018,GNV,FL,ASO,ES,Federal Contract Tower,6,16,38,6,66,0,0,78,1,79,6,16,116,7,145,26,0,26,171
09/23/2018,GNV,FL,ASO,ES,Federal Contract Tower,8,14,41,2,65,0,0,77,1,78,8,14,118,3,143,42,0,42,185
09/24/2018,GNV,FL,ASO,ES,Federal Contract Tower,8,23,18,5,54,0,0,56,2,58,8,23,74,7,112,86,0,86,198
09/25/2018,GNV,FL,ASO,ES,Federal Contract Tower,7,27,33,4,71,0,2,120,7,129,7,29,153,11,200,74,0,74,274
09/26/2018,GNV,FL,ASO,ES,Federal Contract Tower,7,20,35,10,72,0,0,77,0,77,7,20,112,10,149,36,4,40,189
09/27/2018,GNV,FL,ASO,ES,Federal Contract Tower,9,16,41,11,77,0,0,83,2,85,9,16,124,13,162,78,36,114,276
09/28/2018,GNV,FL,ASO,ES,Federal Contract Tower,11,19,29,14,73,0,2,83,2,87,11,21,112,16,160,30,4,34,194
09/29/2018,GNV,FL,ASO,ES,Federal Contract Tower,6,16,25,0,47,0,2,71,0,73,6,18,96,0,120,36,2,38,158
09/30/2018,GNV,FL,ASO,ES,Federal Contract Tower,8,16,30,4,58,0,0,63,0,63,8,16,93,4,121,30,0,30,151
10/01/2018,GNV,FL,ASO,ES,Federal Contract Tower,7,22,22,2,53,0,0,55,2,57,7,22,77,4,110,32,0,32,142
10/02/2018,GNV,FL,ASO,ES,Federal Contract Tower,7,20,40,1,68,0,3,63,5,71,7,23,103,6,139,52,0,52,191
10/03/2018,GNV,FL,ASO,ES,Federal Contract Tower,7,22,56,4,89,0,1,92,1,94,7,23,148,5,183,58,8,66,249
10/04/2018,GNV,FL,ASO,ES,Federal Contract Tower,7,22,41,2,72,0,0,96,2,98,7,22,137,4,170,34,0,34,204
10/05/2018,GNV,FL,ASO,ES,Federal Contract Tower,7,24,55,3,89,0,1,91,1,93,7,25,146,4,182,46,20,66,248
10/06/2018,GNV,FL,ASO,ES,Federal Contract Tower,9,36,86,0,131,0,0,130,2,132,9,36,216,2,263,4,0,4,267
10/07/2018,GNV,FL,ASO,ES,Federal Contract Tower,7,22,64,20,113,0,0,73,5,78,7,22,137,25,191,0,16,16,207
10/08/2018,GNV,FL,ASO,ES,Federal Contract Tower,7,28,32,1,68,0,0,40,0,40,7,28,72,1,108,26,0,26,134
10/09/2018,GNV,FL,ASO,ES,Federal Contract Tower,7,29,25,0,61,0,0,17,0,17,7,29,42,0,78,2,0,2,80
10/10/2018,GNV,FL,ASO,ES,Federal Contract Tower,7,15,7,0,29,0,0,2,0,2,7,15,9,0,31,0,0,0,31
10/11/2018,GNV,FL,ASO,ES,Federal Contract Tower,4,26,44,1,75,0,2,87,1,90,4,28,131,2,165,40,2,42,207
10/12/2018,GNV,FL,ASO,ES,Federal Contract Tower,11,28,45,0,84,0,0,132,0,132,11,28,177,0,216,32,0,32,248
10/13/2018,GNV,FL,ASO,ES,Federal Contract Tower,8,24,64,15,111,0,1,159,3,163,8,25,223,18,274,10,18,28,302
10/14/2018,GNV,FL,ASO,ES,Federal Contract Tower,7,24,54,0,85,0,0,176,0,176,7,24,230,0,261,16,0,16,277
10/15/2018,GNV,FL,ASO,ES,Federal Contract Tower,6,29,55,6,96,0,0,155,3,158,6,29,210,9,254,32,6,38,292
10/16/2018,GNV,FL,ASO,ES,Federal Contract Tower,8,22,73,10,113,0,0,135,1,136,8,22,208,11,249,40,0,40,289
10/17/2018,GNV,FL,ASO,ES,Federal Contract Tower,5,26,49,15,95,0,0,124,2,126,5,26,173,17,221,14,6,20,241
10/18/2018,GNV,FL,ASO,ES,Federal Contract Tower,6,30,48,3,87,0,0,83,18,101,6,30,131,21,188,18,10,28,216
10/19/2018,GNV,FL,ASO,ES,Federal Contract Tower,7,26,57,55,145,0,0,83,2,85,7,26,140,57,230,10,0,10,240
10/20/2018,GNV,FL,ASO,ES,Federal Contract Tower,5,14,51,0,70,0,0,106,0,106,5,14,157,0,176,44,0,44,220
10/21/2018,GNV,FL,ASO,ES,Federal Contract Tower,7,22,61,5,95,0,0,99,11,110,7,22,160,16,205,14,2,16,221
10/22/2018,GNV,FL,ASO,ES,Federal Contract Tower,7,20,40,0,67,0,0,101,0,101,7,20,141,0,168,32,0,32,200
10/23/2018,GNV,FL,ASO,ES,Federal Contract Tower,8,25,45,4,82,0,3,66,0,69,8,28,111,4,151,48,0,48,199
10/24/2018,GNV,FL,ASO,ES,Federal Contract Tower,8,28,46,7,89,0,7,78,3,88,8,35,124,10,177,14,34,48,225
10/25/2018,GNV,FL,ASO,ES,Federal Contract Tower,7,24,44,2,77,0,0,41,0,41,7,24,85,2,118,0,0,0,118
10/26/2018,GNV,FL,ASO,ES,Federal Contract Tower,4,19,47,24,94,0,0,15,0,15,4,19,62,24,109,9,0,9,118
10/27/2018,GNV,FL,ASO,ES,Federal Contract Tower,5,14,40,1,60,0,0,81,0,81,5,14,121,1,141,44,0,44,185
10/28/2018,GNV,FL,ASO,ES,Federal Contract Tower,10,19,48,6,83,0,0,142,3,145,10,19,190,9,228,50,0,50,278
10/29/2018,GNV,FL,ASO,ES,Federal Contract Tower,5,18,46,3,72,0,2,94,6,102,5,20,140,9,174,8,26,34,208
10/30/2018,GNV,FL,ASO,ES,Federal Contract Tower,7,17,51,9,84,0,1,116,3,120,7,18,167,12,204,62,0,62,266
10/31/2018,GNV,FL,ASO,ES,Federal Contract Tower,8,18,52,4,82,0,0,73,1,74,8,18,125,5,156,48,0,48,204
11/01/2018,GNV,FL,ASO,ES,Federal Contract Tower,6,25,45,6,82,0,0,48,10,58,6,25,93,16,140,60,6,66,206
11/02/2018,GNV,FL,ASO,ES,Federal Contract Tower,6,18,58,4,86,0,1,21,3,25,6,19,79,7,111,2,0,2,113
11/03/2018,GNV,FL,ASO,ES,Federal Contract Tower,5,15,64,0,84,0,0,87,11,98,5,15,151,11,182,18,0,18,200
11/04/2018,GNV,FL,ASO,ES,Federal Contract Tower,7,21,38,1,67,0,0,35,4,39,7,21,73,5,106,26,0,26,132
11/05/2018,GNV,FL,ASO,ES,Federal Contract Tower,11,20,72,7,110,0,0,63,1,64,11,20,135,8,174,32,0,32,206
11/06/2018,GNV,FL,ASO,ES,Federal Contract Tower,9,15,38,8,70,0,0,110,2,112,9,15,148,10,182,36,0,36,218
11/07/2018,GNV,FL,ASO,ES,Federal Contract Tower,10,25,59,14,108,0,0,99,2,101,10,25,158,16,209,72,36,108,317
11/08/2018,GNV,FL,ASO,ES,Federal Contract Tower,10,21,41,6,78,0,2,63,2,67,10,23,104,8,145,20,0,20,165
11/09/2018,GNV,FL,ASO,ES,Federal Contract Tower,8,30,63,25,126,0,0,74,3,77,8,30,137,28,203,66,0,66,269
11/10/2018,GNV,FL,ASO,ES,Federal Contract Tower,8,22,93,0,123,0,0,15,0,15,8,22,108,0,138,24,0,24,162
11/11/2018,GNV,FL,ASO,ES,Federal Contract Tower,8,24,52,10,94,0,0,124,4,128,8,24,176,14,222,36,0,36,258
11/12/2018,GNV,FL,ASO,ES,Federal Contract Tower,7,20,43,0,70,0,0,57,0,57,7,20,100,0,127,28,0,28,155
11/13/2018,GNV,FL,ASO,ES,Federal Contract Tower,12,24,37,41,114,0,0,51,3,54,12,24,88,44,168,16,14,30,198
11/14/2018,GNV,FL,ASO,ES,Federal Contract Tower,10,25,43,0,78,0,0,18,0,18,10,25,61,0,96,54,0,54,150
11/15/2018,GNV,FL,ASO,ES,Federal Contract Tower,10,24,64,13,111,0,0,27,2,29,10,24,91,15,140,32,32,64,204
11/16/2018,GNV,FL,ASO,ES,Federal Contract Tower,5,27,70,34,136,0,0,86,18,104,5,27,156,52,240,27,0,27,267
11/17/2018,GNV,FL,ASO,ES,Federal Contract Tower,9,23,52,2,86,0,0,129,0,129,9,23,181,2,215,26,0,26,241
11/18/2018,GNV,FL,ASO,ES,Federal Contract Tower,8,21,35,17,81,0,0,76,15,91,8,21,111,32,172,46,0,46,218
11/19/2018,GNV,FL,ASO,ES,Federal Contract Tower,12,23,57,4,96,0,0,85,7,92,12,23,142,11,188,24,32,56,244
11/20/2018,GNV,FL,ASO,ES,Federal Contract Tower,10,24,50,12,96,0,0,52,4,56,10,24,102,16,152,20,12,32,184
11/21/2018,GNV,FL,ASO,ES,Federal Contract Tower,9,21,100,2,132,0,4,136,0,140,9,25,236,2,272,72,0,72,344
11/22/2018,GNV,FL,ASO,ES,Federal Contract Tower,4,10,11,0,25,0,0,28,0,28,4,10,39,0,53,22,0,22,75
11/23/2018,GNV,FL,ASO,ES,Federal Contract Tower,6,14,18,0,38,0,0,42,0,42,6,14,60,0,80,14,0,14,94
11/24/2018,GNV,FL,ASO,ES,Federal Contract Tower,9,18,42,0,69,0,0,60,0,60,9,18,102,0,129,50,0,50,179
11/25/2018,GNV,FL,ASO,ES,Federal Contract Tower,9,28,45,0,82,0,0,34,0,34,9,28,79,0,116,0,0,0,116
11/26/2018,GNV,FL,ASO,ES,Federal Contract Tower,7,22,13,0,42,0,0,5,0,5,7,22,18,0,47,0,0,0,47
11/27/2018,GNV,FL,ASO,ES,Federal Contract Tower,10,20,35,0,65,0,0,103,0,103,10,20,138,0,168,30,0,30,198
11/28/2018,GNV,FL,ASO,ES,Federal Contract Tower,10,22,44,17,93,0,0,78,3,81,10,22,122,20,174,52,8,60,234
11/29/2018,GNV,FL,ASO,ES,Federal Contract Tower,11,21,69,3,104,0,0,101,3,104,11,21,170,6,208,22,0,22,230
11/30/2018,GNV,FL,ASO,ES,Federal Contract Tower,3,27,43,32,105,0,6,127,16,149,3,33,170,48,254,44,34,78,332
12/01/2018,GNV,FL,ASO,ES,Federal Contract Tower,7,16,14,0,37,0,0,8,0,8,7,16,22,0,45,2,0,2,47
12/02/2018,GNV,FL,ASO,ES,Federal Contract Tower,7,25,28,5,65,0,0,9,17,26,7,25,37,22,91,12,0,12,103
12/03/2018,GNV,FL,ASO,ES,Federal Contract Tower,13,17,27,3,60,0,0,4,6,10,13,17,31,9,70,0,0,0,70
12/04/2018,GNV,FL,ASO,ES,Federal Contract Tower,8,26,62,12,108,0,0,108,2,110,8,26,170,14,218,78,10,88,306
12/05/2018,GNV,FL,ASO,ES,Federal Contract Tower,12,21,75,26,134,0,0,102,3,105,12,21,177,29,239,22,0,22,261
12/06/2018,GNV,FL,ASO,ES,Federal Contract Tower,13,21,52,10,96,0,0,132,0,132,13,21,184,10,228,58,9,67,295
12/07/2018,GNV,FL,ASO,ES,Federal Contract Tower,6,22,34,19,81,0,2,134,8,144,6,24,168,27,225,44,2,46,271
12/08/2018,GNV,FL,ASO,ES,Federal Contract Tower,7,14,38,0,59,0,0,82,0,82,7,14,120,0,141,12,0,12,153
12/09/2018,GNV,FL,ASO,ES,Federal Contract Tower,7,12,26,4,49,0,0,14,4,18,7,12,40,8,67,12,0,12,79
12/10/2018,GNV,FL,ASO,ES,Federal Contract Tower,8,18,31,17,74,0,0,25,1,26,8,18,56,18,100,32,10,42,142
12/11/2018,GNV,FL,ASO,ES,Federal Contract Tower,10,21,48,9,88,0,0,71,2,73,10,21,119,11,161,16,20,36,197
12/12/2018,GNV,FL,ASO,ES,Federal Contract Tower,14,27,65,14,120,0,0,111,0,111,14,27,176,14,231,58,0,58,289
12/13/2018,GNV,FL,ASO,ES,Federal Contract Tower,11,19,50,7,87,0,4,65,0,69,11,23,115,7,156,44,0,44,200
12/14/2018,GNV,FL,ASO,ES,Federal Contract Tower,4,19,11,0,34,0,0,0,0,0,4,19,11,0,34,0,0,0,34
12/15/2018,GNV,FL,ASO,ES,Federal Contract Tower,8,13,65,0,86,0,2,28,0,30,8,15,93,0,116,24,0,24,140
12/16/2018,GNV,FL,ASO,ES,Federal Contract Tower,10,18,36,3,67,0,0,75,0,75,10,18,111,3,142,48,0,48,190
12/17/2018,GNV,FL,ASO,ES,Federal Contract Tower,12,19,47,23,101,0,0,110,2,112,12,19,157,25,213,46,4,50,263
12/18/2018,GNV,FL,ASO,ES,Federal Contract Tower,9,23,40,16,88,0,0,124,3,127,9,23,164,19,215,54,14,68,283
12/19/2018,GNV,FL,ASO,ES,Federal Contract Tower,11,17,50,11,89,0,0,93,1,94,11,17,143,12,183,46,6,52,235
12/20/2018,GNV,FL,ASO,ES,Federal Contract Tower,3,20,9,0,32,0,0,2,0,2,3,20,11,0,34,2,0,2,36
12/21/2018,GNV,FL,ASO,ES,Federal Contract Tower,5,14,23,15,57,0,1,16,1,18,5,15,39,16,75,4,0,4,79
12/22/2018,GNV,FL,ASO,ES,Federal Contract Tower,2,19,40,0,61,0,0,87,0,87,2,19,127,0,148,20,0,20,168
12/23/2018,GNV,FL,ASO,ES,Federal Contract Tower,8,19,43,0,70,0,0,81,0,81,8,19,124,0,151,82,0,82,233
12/24/2018,GNV,FL,ASO,ES,Federal Contract Tower,4,12,28,0,44,0,0,52,0,52,4,12,80,0,96,18,0,18,114
12/25/2018,GNV,FL,ASO,ES,Federal Contract Tower,8,21,0,0,29,0,0,33,0,33,8,21,33,0,62,0,0,0,62
12/26/2018,GNV,FL,ASO,ES,Federal Contract Tower,8,16,37,0,61,0,4,28,2,34,8,20,65,2,95,0,0,0,95
12/27/2018,GNV,FL,ASO,ES,Federal Contract Tower,8,14,36,10,68,0,50,5,0,55,8,64,41,10,123,6,38,44,167
12/28/2018,GNV,FL,ASO,ES,Federal Contract Tower,8,18,41,2,69,0,0,16,0,16,8,18,57,2,85,38,0,38,123
12/29/2018,GNV,FL,ASO,ES,Federal Contract Tower,8,20,33,0,61,0,0,12,0,12,8,20,45,0,73,14,0,14,87
12/30/2018,GNV,FL,ASO,ES,Federal Contract Tower,2,15,34,0,51,0,0,18,0,18,2,15,52,0,69,6,0,6,75
12/31/2018,GNV,FL,ASO,ES,Federal Contract Tower,6,17,23,0,46,0,0,28,0,28,6,17,51,0,74,6,0,6,80
01/01/2019,GNV,FL,ASO,ES,Federal Contract Tower,1,15,16,0,32,0,1,48,0,49,1,16,64,0,81,54,0,54,135
01/02/2019,GNV,FL,ASO,ES,Federal Contract Tower,12,18,21,2,53,0,0,56,1,57,12,18,77,3,110,46,0,46,156
01/03/2019,GNV,FL,ASO,ES,Federal Contract Tower,8,19,35,28,90,0,2,61,3,66,8,21,96,31,156,26,34,60,216
01/04/2019,GNV,FL,ASO,ES,Federal Contract Tower,12,28,16,6,62,0,0,16,0,16,12,28,32,6,78,0,0,0,78
01/05/2019,GNV,FL,ASO,ES,Federal Contract Tower,9,13,45,2,69,0,0,81,0,81,9,13,126,2,150,12,0,12,162
01/06/2019,GNV,FL,ASO,ES,Federal Contract Tower,13,16,40,16,85,0,0,100,1,101,13,16,140,17,186,48,0,48,234
01/07/2019,GNV,FL,ASO,ES,Federal Contract Tower,8,17,33,42,100,0,1,88,11,100,8,18,121,53,200,22,74,96,296
01/08/2019,GNV,FL,ASO,ES,Federal Contract Tower,9,23,56,21,109,0,0,88,4,92,9,23,144,25,201,28,0,28,229
01/09/2019,GNV,FL,ASO,ES,Federal Contract Tower,10,16,54,30,110,0,0,64,5,69,10,16,118,35,179,12,54,66,245
01/10/2019,GNV,FL,ASO,ES,Federal Contract Tower,14,14,37,9,74,0,0,80,4,84,14,14,117,13,158,26,0,26,184
01/11/2019,GNV,FL,ASO,ES,Federal Contract Tower,8,22,62,35,127,0,1,72,13,86,8,23,134,48,213,30,0,30,243
01/12/2019,GNV,FL,ASO,ES,Federal Contract Tower,8,10,44,0,62,0,0,87,1,88,8,10,131,1,150,34,0,34,184
01/13/2019,GNV,FL,ASO,ES,Federal Contract Tower,8,16,23,21,68,0,2,60,6,68,8,18,83,27,136,18,0,18,154
01/14/2019,GNV,FL,ASO,ES,Federal Contract Tower,15,15,45,10,85,0,0,50,15,65,15,15,95,25,150,36,26,62,212
01/15/2019,GNV,FL,ASO,ES,Federal Contract Tower,5,21,24,11,61,0,0,43,7,50,5,21,67,18,111,54,30,84,195
01/16/2019,GNV,FL,ASO,ES,Federal Contract Tower,11,20,31,9,71,0,0,82,3,85,11,20,113,12,156,38,6,44,200
01/17/2019,GNV,FL,ASO,ES,Federal Contract Tower,11,21,30,23,85,0,5,133,2,140,11,26,163,25,225,62,68,130,355
01/18/2019,GNV,FL,ASO,ES,Federal Contract Tower,11,16,66,94,187,0,3,110,8,121,11,19,176,102,308,56,16,72,380
01/19/2019,GNV,FL,ASO,ES,Federal Contract Tower,5,16,25,0,46,0,0,93,0,93,5,16,118,0,139,4,0,4,143
01/20/2019,GNV,FL,ASO,ES,Federal Contract Tower,12,11,28,20,71,0,0,20,9,29,12,11,48,29,100,4,0,4,104
01/21/2019,GNV,FL,ASO,ES,Federal Contract Tower,6,20,35,0,61,0,2,87,0,89,6,22,122,0,150,26,0,26,176
01/22/2019,GNV,FL,ASO,ES,Federal Contract Tower,10,13,33,5,61,0,0,84,11,95,10,13,117,16,156,122,30,152,308
01/23/2019,GNV,FL,ASO,ES,Federal Contract Tower,8,17,46,22,93,0,0,62,0,62,8,17,108,22,155,84,40,124,279
01/24/2019,GNV,FL,ASO,ES,Federal Contract Tower,15,23,44,17,99,0,9,37,2,48,15,32,81,19,147,70,8,78,225
01/25/2019,GNV,FL,ASO,ES,Federal Contract Tower,6,21,50,45,122,0,0,88,11,99,6,21,138,56,221,54,46,100,321
01/26/2019,GNV,FL,ASO,ES,Federal Contract Tower,8,9,58,0,75,0,2,97,0,99,8,11,155,0,174,54,0,54,228
01/27/2019,GNV,FL,ASO,ES,Federal Contract Tower,8,17,18,9,52,0,2,0,4,6,8,19,18,13,58,0,0,0,58
01/28/2019,GNV,FL,ASO,ES,Federal Contract Tower,14,20,37,17,88,0,0,75,6,81,14,20,112,23,169,32,27,59,228
01/29/2019,GNV,FL,ASO,ES,Federal Contract Tower,6,19,46,24,95,0,0,63,4,67,6,19,109,28,162,14,0,14,176
01/30/2019,GNV,FL,ASO,ES,Federal Contract Tower,12,15,59,2,88,0,0,87,4,91,12,15,146,6,179,22,6,28,207
02/01/2019,GNV,FL,ASO,ES,Federal Contract Tower,12,15,52,10,89,0,2,55,2,59,12,17,107,12,148,18,26,44,192
02/02/2019,GNV,FL,ASO,ES,Federal Contract Tower,7,12,51,0,70,0,0,30,0,30,7,12,81,0,100,24,0,24,124
02/03/2019,GNV,FL,ASO,ES,Federal Contract Tower,12,7,10,0,29,0,0,0,1,1,12,7,10,1,30,0,0,0,30
02/04/2019,GNV,FL,ASO,ES,Federal Contract Tower,8,18,85,15,126,0,2,63,3,68,8,20,148,18,194,38,24,62,256
02/05/2019,GNV,FL,ASO,ES,Federal Contract Tower,7,25,43,5,80,0,0,98,3,101,7,25,141,8,181,48,0,48,229
02/06/2019,GNV,FL,ASO,ES,Federal Contract Tower,11,25,72,27,135,0,0,129,3,132,11,25,201,30,267,48,0,48,315
02/07/2019,GNV,FL,ASO,ES,Federal Contract Tower,12,21,44,10,87,0,2,128,6,136,12,23,172,16,223,62,16,78,301
02/08/2019,GNV,FL,ASO,ES,Federal Contract Tower,12,14,47,13,86,0,0,124,7,131,12,14,171,20,217,36,0,36,253
02/09/2019,GNV,FL,ASO,ES,Federal Contract Tower,6,13,30,7,56,0,0,60,2,62,6,13,90,9,118,10,4,14,132
02/10/2019,GNV,FL,ASO,ES,Federal Contract Tower,13,14,20,20,67,0,0,10,9,19,13,14,30,29,86,30,12,42,128
02/11/2019,GNV,FL,ASO,ES,Federal Contract Tower,8,17,59,17,101,0,0,66,1,67,8,17,125,18,168,52,6,58,226
02/12/2019,GNV,FL,ASO,ES,Federal Contract Tower,7,17,57,1,82,0,0,19,0,19,7,17,76,1,101,8,0,8,109
02/13/2019,GNV,FL,ASO,ES,Federal Contract Tower,10,21,83,12,126,0,0,70,0,70,10,21,153,12,196,24,6,30,226
02/14/2019,GNV,FL,ASO,ES,Federal Contract Tower,15,20,40,2,77,0,0,98,0,98,15,20,138,2,175,54,2,56,231
02/15/2019,GNV,FL,ASO,ES,Federal Contract Tower,16,20,43,0,79,0,0,135,3,138,16,20,178,3,217,56,0,56,273
02/16/2019,GNV,FL,ASO,ES,Federal Contract Tower,4,21,56,0,81,0,0,61,0,61,4,21,117,0,142,16,0,16,158
02/17/2019,GNV,FL,ASO,ES,Federal Contract Tower,12,19,41,3,75,0,0,39,5,44,12,19,80,8,119,30,0,30,149
02/18/2019,GNV,FL,ASO,ES,Federal Contract Tower,8,16,44,0,68,0,2,64,0,66,8,18,108,0,134,20,0,20,154
02/19/2019,GNV,FL,ASO,ES,Federal Contract Tower,12,20,36,23,91,0,0,42,4,46,12,20,78,27,137,72,6,78,215
02/20/2019,GNV,FL,ASO,ES,Federal Contract Tower,13,25,38,2,78,0,0,20,9,29,13,25,58,11,107,4,4,8,115
02/21/2019,GNV,FL,ASO,ES,Federal Contract Tower,11,21,42,5,79,0,0,76,8,84,11,21,118,13,163,50,16,66,229
02/22/2019,GNV,FL,ASO,ES,Federal Contract Tower,8,16,66,57,147,0,1,69,13,83,8,17,135,70,230,48,4,52,282
02/23/2019,GNV,FL,ASO,ES,Federal Contract Tower,3,16,39,14,72,0,0,88,13,101,3,16,127,27,173,18,12,30,203
02/24/2019,GNV,FL,ASO,ES,Federal Contract Tower,14,14,59,11,98,0,0,22,11,33,14,14,81,22,131,0,0,0,131
02/25/2019,GNV,FL,ASO,ES,Federal Contract Tower,9,18,57,15,99,0,0,98,5,103,9,18,155,20,202,26,24,50,252
02/26/2019,GNV,FL,ASO,ES,Federal Contract Tower,14,13,43,6,76,0,0,38,0,38,14,13,81,6,114,44,0,44,158
02/27/2019,GNV,FL,ASO,ES,Federal Contract Tower,13,21,27,0,61,0,0,42,2,44,13,21,69,2,105,26,6,32,137
02/28/2019,GNV,FL,ASO,ES,Federal Contract Tower,14,28,61,7,110,0,1,82,11,94,14,29,143,18,204,26,22,48,252
03/01/2019,GNV,FL,ASO,ES,Federal Contract Tower,6,30,35,23,94,0,0,71,2,73,6,30,106,25,167,12,0,12,179
03/02/2019,GNV,FL,ASO,ES,Federal Contract Tower,9,17,26,1,53,0,0,46,0,46,9,17,72,1,99,16,0,16,115
03/03/2019,GNV,FL,ASO,ES,Federal Contract Tower,3,19,25,0,47,0,0,40,3,43,3,19,65,3,90,6,4,10,100
03/04/2019,GNV,FL,ASO,ES,Federal Contract Tower,9,24,43,10,86,0,0,37,0,37,9,24,80,10,123,26,0,26,149
03/05/2019,GNV,FL,ASO,ES,Federal Contract Tower,5,26,53,15,99,0,0,22,5,27,5,26,75,20,126,4,18,22,148
03/06/2019,GNV,FL,ASO,ES,Federal Contract Tower,9,37,51,10,107,0,0,111,2,113,9,37,162,12,220,40,0,40,260
03/07/2019,GNV,FL,ASO,ES,Federal Contract Tower,9,24,58,2,93,0,0,131,0,131,9,24,189,2,224,16,0,16,240
03/08/2019,GNV,FL,ASO,ES,Federal Contract Tower,6,28,78,31,143,0,0,126,8,134,6,28,204,39,277,36,8,44,321
03/09/2019,GNV,FL,ASO,ES,Federal Contract Tower,4,20,31,5,60,0,0,117,3,120,4,20,148,8,180,22,2,24,204
03/10/2019,GNV,FL,ASO,ES,Federal Contract Tower,10,25,38,25,98,0,0,59,6,65,10,25,97,31,163,28,22,50,213
03/11/2019,GNV,FL,ASO,ES,Federal Contract Tower,3,24,50,9,86,0,0,82,3,85,3,24,132,12,171,48,0,48,219
03/12/2019,GNV,FL,ASO,ES,Federal Contract Tower,8,25,72,3,108,0,0,64,1,65,8,25,136,4,173,68,0,68,241
03/13/2019,GNV,FL,ASO,ES,Federal Contract Tower,9,33,67,11,120,0,0,77,8,85,9,33,144,19,205,22,16,38,243
03/14/2019,GNV,FL,ASO,ES,Federal Contract Tower,7,27,61,6,101,0,0,110,0,110,7,27,171,6,211,66,0,66,277
03/15/2019,GNV,FL,ASO,ES,Federal Contract Tower,6,25,88,75,194,0,2,162,8,172,6,27,250,83,366,30,4,34,400
03/16/2019,GNV,FL,ASO,ES,Federal Contract Tower,10,12,66,0,88,0,0,57,0,57,10,12,123,0,145,20,0,20,165
03/17/2019,GNV,FL,ASO,ES,Federal Contract Tower,9,23,44,4,80,0,0,39,0,39,9,23,83,4,119,18,0,18,137
03/18/2019,GNV,FL,ASO,ES,Federal Contract Tower,8,26,48,0,82,0,0,65,0,65,8,26,113,0,147,56,0,56,203
03/19/2019,GNV,FL,ASO,ES,Federal Contract Tower,8,26,33,4,71,0,0,66,6,72,8,26,99,10,143,4,0,4,147
03/20/2019,GNV,FL,ASO,ES,Federal Contract Tower,8,23,64,4,99,0,0,79,2,81,8,23,143,6,180,22,0,22,202
03/21/2019,GNV,FL,ASO,ES,Federal Contract Tower,8,26,34,0,68,0,1,83,0,84,8,27,117,0,152,34,0,34,186
03/22/2019,GNV,FL,ASO,ES,Federal Contract Tower,9,18,43,39,109,0,2,126,4,132,9,20,169,43,241,46,2,48,289
03/23/2019,GNV,FL,ASO,ES,Federal Contract Tower,9,13,51,0,73,0,0,232,4,236,9,13,283,4,309,8,0,8,317
03/24/2019,GNV,FL,ASO,ES,Federal Contract Tower,10,17,36,17,80,0,0,96,10,106,10,17,132,27,186,50,6,56,242
03/25/2019,GNV,FL,ASO,ES,Federal Contract Tower,8,29,52,18,107,0,0,89,2,91,8,29,141,20,198,38,0,38,236
03/26/2019,GNV,FL,ASO,ES,Federal Contract Tower,7,25,48,21,101,0,0,71,2,73,7,25,119,23,174,26,24,50,224
03/27/2019,GNV,FL,ASO,ES,Federal Contract Tower,10,24,29,11,74,0,0,42,2,44,10,24,71,13,118,2,0,2,120
03/28/2019,GNV,FL,ASO,ES,Federal Contract Tower,8,33,52,3,96,0,0,46,4,50,8,33,98,7,146,44,16,60,206
03/29/2019,GNV,FL,ASO,ES,Federal Contract Tower,6,32,71,14,123,0,0,150,0,150,6,32,221,14,273,58,0,58,331
03/30/2019,GNV,FL,ASO,ES,Federal Contract Tower,8,11,38,6,63,0,2,168,2,172,8,13,206,8,235,36,20,56,291
03/31/2019,GNV,FL,ASO,ES,Federal Contract Tower,9,20,47,8,84,0,0,75,6,81,9,20,122,14,165,32,0,32,197
04/01/2019,GNV,FL,ASO,ES,Federal Contract Tower,6,26,54,4,90,0,0,7,0,7,6,26,61,4,97,14,0,14,111
04/02/2019,GNV,FL,ASO,ES,Federal Contract Tower,4,30,58,13,105,0,0,57,1,58,4,30,115,14,163,44,0,44,207
04/03/2019,GNV,FL,ASO,ES,Federal Contract Tower,6,32,63,10,111,0,0,156,0,156,6,32,219,10,267,44,6,50,317
04/04/2019,GNV,FL,ASO,ES,Federal Contract Tower,8,25,54,7,94,0,0,110,0,110,8,25,164,7,204,70,2,72,276
04/05/2019,GNV,FL,ASO,ES,Federal Contract Tower,7,19,61,8,95,0,0,61,3,64,7,19,122,11,159,52,36,88,247
04/06/2019,GNV,FL,ASO,ES,Federal Contract Tower,5,19,34,2,60,0,1,102,2,105,5,20,136,4,165,26,0,26,191
04/07/2019,GNV,FL,ASO,ES,Federal Contract Tower,8,22,27,13,70,0,0,96,3,99,8,22,123,16,169,32,4,36,205
04/08/2019,GNV,FL,ASO,ES,Federal Contract Tower,3,27,23,0,53,0,0,41,0,41,3,27,64,0,94,42,0,42,136
04/09/2019,GNV,FL,ASO,ES,Federal Contract Tower,4,31,30,0,65,0,0,12,0,12,4,31,42,0,77,2,0,2,79
04/10/2019,GNV,FL,ASO,ES,Federal Contract Tower,7,34,75,9,125,0,96,6,0,102,7,130,81,9,227,54,6,60,287
04/11/2019,GNV,FL,ASO,ES,Federal Contract Tower,4,30,55,9,98,0,2,65,1,68,4,32,120,10,166,50,0,50,216
04/12/2019,GNV,FL,ASO,ES,Federal Contract Tower,7,34,51,28,120,0,0,81,6,87,7,34,132,34,207,40,36,76,283
04/13/2019,GNV,FL,ASO,ES,Federal Contract Tower,5,13,55,0,73,0,0,84,1,85,5,13,139,1,158,48,8,56,214
04/14/2019,GNV,FL,ASO,ES,Federal Contract Tower,10,24,33,14,81,0,0,30,2,32,10,24,63,16,113,4,0,4,117
04/15/2019,GNV,FL,ASO,ES,Federal Contract Tower,4,31,45,19,99,0,3,134,5,142,4,34,179,24,241,40,0,40,281
04/16/2019,GNV,FL,ASO,ES,Federal Contract Tower,3,34,64,19,120,0,143,8,0,151,3,177,72,19,271,38,20,58,329
04/17/2019,GNV,FL,ASO,ES,Federal Contract Tower,6,33,57,11,107,0,0,134,2,136,6,33,191,13,243,52,2,54,297
04/18/2019,GNV,FL,ASO,ES,Federal Contract Tower,6,27,79,18,130,0,2,103,3,108,6,29,182,21,238,34,6,40,278
04/19/2019,GNV,FL,ASO,ES,Federal Contract Tower,5,22,19,1,47,0,0,4,0,4,5,22,23,1,51,4,0,4,55
04/20/2019,GNV,FL,ASO,ES,Federal Contract Tower,7,24,65,0,96,0,0,29,0,29,7,24,94,0,125,26,0,26,151
04/21/2019,GNV,FL,ASO,ES,Federal Contract Tower,11,22,25,0,58,0,2,102,0,104,11,24,127,0,162,30,0,30,192
04/22/2019,GNV,FL,ASO,ES,Federal Contract Tower,8,26,49,7,90,0,0,127,0,127,8,26,176,7,217,56,50,106,323
04/23/2019,GNV,FL,ASO,ES,Federal Contract Tower,6,29,46,1,82,0,0,106,1,107,6,29,152,2,189,58,0,58,247
04/24/2019,GNV,FL,ASO,ES,Federal Contract Tower,8,27,57,10,102,0,0,111,11,122,8,27,168,21,224,50,12,62,286
04/25/2019,GNV,FL,ASO,ES,Federal Contract Tower,6,28,85,6,125,0,0,85,3,88,6,28,170,9,213,40,0,40,253
04/26/2019,GNV,FL,ASO,ES,Federal Contract Tower,6,28,44,10,88,0,3,27,0,30,6,31,71,10,118,12,0,12,130
04/27/2019,GNV,FL,ASO,ES,Federal Contract Tower,8,13,40,0,61,0,0,133,0,133,8,13,173,0,194,50,0,50,244
04/28/2019,GNV,FL,ASO,ES,Federal Contract Tower,7,23,53,15,98,0,4,86,3,93,7,27,139,18,191,76,0,76,267
04/29/2019,GNV,FL,ASO,ES,Federal Contract Tower,6,27,51,15,99,0,0,92,0,92,6,27,143,15,191,34,0,34,225
04/30/2019,GNV,FL,ASO,ES,Federal Contract Tower,6,36,45,8,95,0,0,58,0,58,6,36,103,8,153,66,0,66,219
05/01/2019,GNV,FL,ASO,ES,Federal Contract Tower,8,31,59,20,118,0,0,66,0,66,8,31,125,20,184,20,6,26,210
05/02/2019,GNV,FL,ASO,ES,Federal Contract Tower,7,29,45,5,86,0,0,36,4,40,7,29,81,9,126,64,8,72,198
05/03/2019,GNV,FL,ASO,ES,Federal Contract Tower,6,27,41,2,76,0,2,6,3,11,6,29,47,5,87,0,0,0,87
05/04/2019,GNV,FL,ASO,ES,Federal Contract Tower,7,15,51,19,92,0,0,68,1,69,7,15,119,20,161,54,0,54,215
05/05/2019,GNV,FL,ASO,ES,Federal Contract Tower,6,28,26,3,63,0,0,11,1,12,6,28,37,4,75,0,0,0,75
05/06/2019,GNV,FL,ASO,ES,Federal Contract Tower,8,22,55,2,87,0,0,113,0,113,8,22,168,2,200,74,0,74,274
05/07/2019,GNV,FL,ASO,ES,Federal Contract Tower,6,26,51,4,87,0,0,122,2,124,6,26,173,6,211,74,8,82,293
05/08/2019,GNV,FL,ASO,ES,Federal Contract Tower,8,30,61,0,99,0,0,106,0,106,8,30,167,0,205,38,0,38,243
05/10/2019,GNV,FL,ASO,ES,Federal Contract Tower,6,29,69,19,123,0,0,126,12,138,6,29,195,31,261,92,0,92,353
05/11/2019,GNV,FL,ASO,ES,Federal Contract Tower,4,13,52,12,81,0,0,117,0,117,4,13,169,12,198,42,0,42,240
05/12/2019,GNV,FL,ASO,ES,Federal Contract Tower,8,24,25,29,86,0,0,30,24,54,8,24,55,53,140,14,6,20,160
05/13/2019,GNV,FL,ASO,ES,Federal Contract Tower,8,19,27,1,55,0,0,20,2,22,8,19,47,3,77,32,0,32,109
05/14/2019,GNV,FL,ASO,ES,Federal Contract Tower,8,26,41,10,85,0,0,117,4,121,8,26,158,14,206,66,20,86,292
05/15/2019,GNV,FL,ASO,ES,Federal Contract Tower,8,24,44,6,82,0,0,162,4,166,8,24,206,10,248,58,0,58,306
05/16/2019,GNV,FL,ASO,ES,Federal Contract Tower,8,24,64,6,102,0,3,125,4,132,8,27,189,10,234,44,0,44,278
05/17/2019,GNV,FL,ASO,ES,Federal Contract Tower,8,21,60,7,96,0,0,170,0,170,8,21,230,7,266,72,10,82,348
05/18/2019,GNV,FL,ASO,ES,Federal Contract Tower,8,12,31,0,51,0,1,148,1,150,8,13,179,1,201,46,4,50,251
05/19/2019,GNV,FL,ASO,ES,Federal Contract Tower,10,20,36,6,72,0,2,73,1,76,10,22,109,7,148,26,0,26,174
05/20/2019,GNV,FL,ASO,ES,Federal Contract Tower,6,20,58,0,84,0,0,124,0,124,6,20,182,0,208,30,0,30,238
05/21/2019,GNV,FL,ASO,ES,Federal Contract Tower,10,22,63,0,95,0,0,133,0,133,10,22,196,0,228,18,0,18,246
05/22/2019,GNV,FL,ASO,ES,Federal Contract Tower,8,22,64,2,96,0,0,115,0,115,8,22,179,2,211,16,0,16,227
05/23/2019,GNV,FL,ASO,ES,Federal Contract Tower,8,20,52,3,83,0,4,99,1,104,8,24,151,4,187,22,0,22,209
05/24/2019,GNV,FL,ASO,ES,Federal Contract Tower,8,24,29,1,62,0,0,123,4,127,8,24,152,5,189,54,2,56,245
05/25/2019,GNV,FL,ASO,ES,Federal Contract Tower,7,12,31,0,50,0,0,139,0,139,7,12,170,0,189,14,0,14,203
05/26/2019,GNV,FL,ASO,ES,Federal Contract Tower,8,16,14,0,38,0,0,66,0,66,8,16,80,0,104,24,0,24,128
05/27/2019,GNV,FL,ASO,ES,Federal Contract Tower,5,22,45,0,72,0,0,86,0,86,5,22,131,0,158,4,0,4,162
05/28/2019,GNV,FL,ASO,ES,Federal Contract Tower,6,23,26,2,57,0,4,83,0,87,6,27,109,2,144,42,0,42,186
05/29/2019,GNV,FL,ASO,ES,Federal Contract Tower,11,21,73,13,118,0,13,110,7,130,11,34,183,20,248,28,10,38,286
05/30/2019,GNV,FL,ASO,ES,Federal Contract Tower,8,22,53,11,94,0,4,97,2,103,8,26,150,13,197,52,0,52,249
05/31/2019,GNV,FL,ASO,ES,Federal Contract Tower,6,20,56,0,82,0,0,84,0,84,6,20,140,0,166,46,0,46,212
06/01/2019,GNV,FL,ASO,ES,Federal Contract Tower,7,12,28,0,47,0,0,66,0,66,7,12,94,0,113,16,0,16,129
06/02/2019,GNV,FL,ASO,ES,Federal Contract Tower,8,19,20,0,47,0,0,49,0,49,8,19,69,0,96,10,0,10,106
06/03/2019,GNV,FL,ASO,ES,Federal Contract Tower,9,25,38,6,78,0,0,86,0,86,9,25,124,6,164,46,0,46,210
06/04/2019,GNV,FL,ASO,ES,Federal Contract Tower,9,22,34,4,69,0,0,79,0,79,9,22,113,4,148,36,0,36,184
06/05/2019,GNV,FL,ASO,ES,Federal Contract Tower,8,25,41,7,81,0,2,66,2,70,8,27,107,9,151,16,18,34,185
06/06/2019,GNV,FL,ASO,ES,Federal Contract Tower,7,22,34,2,65,0,0,65,2,67,7,22,99,4,132,12,0,12,144
06/07/2019,GNV,FL,ASO,ES,Federal Contract Tower,6,22,34,7,69,0,0,26,3,29,6,22,60,10,98,2,4,6,104
06/08/2019,GNV,FL,ASO,ES,Federal Contract Tower,4,13,15,6,38,0,0,34,0,34,4,13,49,6,72,32,0,32,104
06/09/2019,GNV,FL,ASO,ES,Federal Contract Tower,9,16,14,0,39,0,0,0,0,0,9,16,14,0,39,0,0,0,39
06/10/2019,GNV,FL,ASO,ES,Federal Contract Tower,12,23,35,3,73,0,3,42,0,45,12,26,77,3,118,46,0,46,164
06/11/2019,GNV,FL,ASO,ES,Federal Contract Tower,8,20,25,3,56,0,0,48,4,52,8,20,73,7,108,26,0,26,134
06/12/2019,GNV,FL,ASO,ES,Federal Contract Tower,7,24,30,0,61,0,0,16,5,21,7,24,46,5,82,24,42,66,148
06/13/2019,GNV,FL,ASO,ES,Federal Contract Tower,12,17,35,4,68,0,1,14,4,19,12,18,49,8,87,24,6,30,117
06/14/2019,GNV,FL,ASO,ES,Federal Contract Tower,10,16,48,3,77,0,3,108,1,112,10,19,156,4,189,38,0,38,227
06/15/2019,GNV,FL,ASO,ES,Federal Contract Tower,7,13,49,0,69,0,0,89,0,89,7,13,138,0,158,58,0,58,216
06/16/2019,GNV,FL,ASO,ES,Federal Contract Tower,8,15,19,2,44,0,0,34,0,34,8,15,53,2,78,8,0,8,86
06/17/2019,GNV,FL,ASO,ES,Federal Contract Tower,13,17,29,2,61,0,0,53,0,53,13,17,82,2,114,14,0,14,128
06/18/2019,GNV,FL,ASO,ES,Federal Contract Tower,10,18,27,2,57,0,0,44,2,46,10,18,71,4,103,42,0,42,145
06/19/2019,GNV,FL,ASO,ES,Federal Contract Tower,15,22,20,0,57,0,0,14,0,14,15,22,34,0,71,38,0,38,109
06/20/2019,GNV,FL,ASO,ES,Federal Contract Tower,15,20,47,0,82,0,0,43,2,45,15,20,90,2,127,70,0,70,197
06/21/2019,GNV,FL,ASO,ES,Federal Contract Tower,13,18,65,4,100,0,4,83,1,88,13,22,148,5,188,80,0,80,268
06/22/2019,GNV,FL,ASO,ES,Federal Contract Tower,5,14,56,0,75,0,3,91,0,94,5,17,147,0,169,90,0,90,259
06/23/2019,GNV,FL,ASO,ES,Federal Contract Tower,9,12,23,0,44,0,0,94,0,94,9,12,117,0,138,42,0,42,180
06/24/2019,GNV,FL,ASO,ES,Federal Contract Tower,12,19,49,2,82,0,0,112,0,112,12,19,161,2,194,184,0,184,378
06/25/2019,GNV,FL,ASO,ES,Federal Contract Tower,10,21,61,0,92,0,0,0,0,0,10,21,61,0,92,72,0,72,164
06/26/2019,GNV,FL,ASO,ES,Federal Contract Tower,11,17,57,2,87,0,0,111,4,115,11,17,168,6,202,68,16,84,286
06/27/2019,GNV,FL,ASO,ES,Federal Contract Tower,13,16,57,7,93,0,3,103,7,113,13,19,160,14,206,62,24,86,292
06/28/2019,GNV,FL,ASO,ES,Federal Contract Tower,10,17,44,7,78,0,0,67,2,69,10,17,111,9,147,46,0,46,193
06/29/2019,GNV,FL,ASO,ES,Federal Contract Tower,7,9,22,0,38,0,2,50,0,52,7,11,72,0,90,40,0,40,130
07/01/2019,GNV,FL,ASO,ES,Federal Contract Tower,7,22,33,13,75,0,0,86,0,86,7,22,119,13,161,46,16,62,223
07/02/2019,GNV,FL,ASO,ES,Federal Contract Tower,9,18,33,7,67,0,9,85,0,94,9,27,118,7,161,54,2,56,217
07/03/2019,GNV,FL,ASO,ES,Federal Contract Tower,10,16,36,8,70,0,5,79,2,86,10,21,115,10,156,94,0,94,250
07/04/2019,GNV,FL,ASO,ES,Federal Contract Tower,6,14,21,0,41,0,3,49,0,52,6,17,70,0,93,38,0,38,131
07/05/2019,GNV,FL,ASO,ES,Federal Contract Tower,6,19,32,0,57,0,3,50,0,53,6,22,82,0,110,10,0,10,120
07/06/2019,GNV,FL,ASO,ES,Federal Contract Tower,5,15,33,0,53,0,0,60,0,60,5,15,93,0,113,30,0,30,143
07/07/2019,GNV,FL,ASO,ES,Federal Contract Tower,6,20,18,1,45,0,0,33,0,33,6,20,51,1,78,32,0,32,110
07/08/2019,GNV,FL,ASO,ES,Federal Contract Tower,11,20,43,4,78,0,4,60,1,65,11,24,103,5,143,74,0,74,217
07/09/2019,GNV,FL,ASO,ES,Federal Contract Tower,9,21,46,4,80,0,0,41,0,41,9,21,87,4,121,34,0,34,155
07/10/2019,GNV,FL,ASO,ES,Federal Contract Tower,11,22,55,2,90,0,2,41,0,43,11,24,96,2,133,94,0,94,227
07/11/2019,GNV,FL,ASO,ES,Federal Contract Tower,9,20,39,9,77,0,0,79,5,84,9,20,118,14,161,86,0,86,247
07/12/2019,GNV,FL,ASO,ES,Federal Contract Tower,12,17,37,37,103,0,0,60,8,68,12,17,97,45,171,26,0,26,197
07/13/2019,GNV,FL,ASO,ES,Federal Contract Tower,8,15,54,3,80,0,2,107,1,110,8,17,161,4,190,128,0,128,318
07/14/2019,GNV,FL,ASO,ES,Federal Contract Tower,6,19,34,0,59,0,2,90,6,98,6,21,124,6,157,54,0,54,211
07/15/2019,GNV,FL,ASO,ES,Federal Contract Tower,10,24,37,0,71,0,0,88,2,90,10,24,125,2,161,78,0,78,239
07/16/2019,GNV,FL,ASO,ES,Federal Contract Tower,9,21,26,17,73,0,0,107,5,112,9,21,133,22,185,64,10,74,259
07/17/2019,GNV,FL,ASO,ES,Federal Contract Tower,13,22,43,26,104,0,2,67,1,70,13,24,110,27,174,30,0,30,204
07/18/2019,GNV,FL,ASO,ES,Federal Contract Tower,13,21,41,8,83,0,0,100,5,105,13,21,141,13,188,62,4,66,254
07/19/2019,GNV,FL,ASO,ES,Federal Contract Tower,11,21,27,0,59,0,2,90,0,92,11,23,117,0,151,18,0,18,169
07/20/2019,GNV,FL,ASO,ES,Federal Contract Tower,14,9,31,0,54,0,2,87,0,89,14,11,118,0,143,32,0,32,175
07/21/2019,GNV,FL,ASO,ES,Federal Contract Tower,6,18,22,0,46,0,0,74,0,74,6,18,96,0,120,36,0,36,156
07/22/2019,GNV,FL,ASO,ES,Federal Contract Tower,11,23,24,14,72,0,0,66,0,66,11,23,90,14,138,18,20,38,176
07/23/2019,GNV,FL,ASO,ES,Federal Contract Tower,11,19,42,4,76,0,0,70,0,70,11,19,112,4,146,28,0,28,174
07/24/2019,GNV,FL,ASO,ES,Federal Contract Tower,11,23,20,12,66,0,0,21,0,21,11,23,41,12,87,6,0,6,93
07/25/2019,GNV,FL,ASO,ES,Federal Contract Tower,11,23,38,0,72,0,0,35,0,35,11,23,73,0,107,16,0,16,123
07/26/2019,GNV,FL,ASO,ES,Federal Contract Tower,9,17,31,8,65,0,0,20,0,20,9,17,51,8,85,0,0,0,85
07/27/2019,GNV,FL,ASO,ES,Federal Contract Tower,7,12,35,0,54,0,0,44,0,44,7,12,79,0,98,14,0,14,112
07/28/2019,GNV,FL,ASO,ES,Federal Contract Tower,6,19,26,0,51,0,0,46,0,46,6,19,72,0,97,32,0,32,129
07/29/2019,GNV,FL,ASO,ES,Federal Contract Tower,11,18,62,4,95,0,0,73,0,73,11,18,135,4,168,44,0,44,212
07/30/2019,GNV,FL,ASO,ES,Federal Contract Tower,9,23,33,0,65,0,1,132,4,137,9,24,165,4,202,48,0,48,250
07/31/2019,GNV,FL,ASO,ES,Federal Contract Tower,11,23,41,2,77,0,0,82,4,86,11,23,123,6,163,54,0,54,217
08/01/2019,GNV,FL,ASO,ES,Federal Contract Tower,10,18,40,0,68,0,0,66,4,70,10,18,106,4,138,82,34,116,254
08/02/2019,GNV,FL,ASO,ES,Federal Contract Tower,10,25,36,1,72,0,0,35,0,35,10,25,71,1,107,48,0,48,155
08/03/2019,GNV,FL,ASO,ES,Federal Contract Tower,8,12,34,0,54,0,0,65,0,65,8,12,99,0,119,92,0,92,211
08/04/2019,GNV,FL,ASO,ES,Federal Contract Tower,7,17,32,0,56,0,0,89,0,89,7,17,121,0,145,42,0,42,187
08/05/2019,GNV,FL,ASO,ES,Federal Contract Tower,9,23,52,13,97,0,0,77,4,81,9,23,129,17,178,44,4,48,226
08/06/2019,GNV,FL,ASO,ES,Federal Contract Tower,10,21,60,13,104,0,0,67,1,68,10,21,127,14,172,16,6,22,194
08/07/2019,GNV,FL,ASO,ES,Federal Contract Tower,8,21,34,0,63,0,0,58,2,60,8,21,92,2,123,86,4,90,213
08/08/2019,GNV,FL,ASO,ES,Federal Contract Tower,11,24,54,2,91,0,0,61,4,65,11,24,115,6,156,32,38,70,226
08/09/2019,GNV,FL,ASO,ES,Federal Contract Tower,9,25,39,8,81,0,0,93,0,93,9,25,132,8,174,98,0,98,272
08/10/2019,GNV,FL,ASO,ES,Federal Contract Tower,7,13,55,0,75,0,0,78,0,78,7,13,133,0,153,46,0,46,199
08/11/2019,GNV,FL,ASO,ES,Federal Contract Tower,9,14,30,0,53,0,0,58,12,70,9,14,88,12,123,24,0,24,147
08/12/2019,GNV,FL,ASO,ES,Federal Contract Tower,9,20,28,4,61,0,0,45,0,45,9,20,73,4,106,28,0,28,134
08/13/2019,GNV,FL,ASO,ES,Federal Contract Tower,7,23,40,0,70,0,1,46,1,48,7,24,86,1,118,31,0,31,149
08/14/2019,GNV,FL,ASO,ES,Federal Contract Tower,9,21,29,0,59,0,2,45,1,48,9,23,74,1,107,28,0,28,135
08/15/2019,GNV,FL,ASO,ES,Federal Contract Tower,9,23,44,0,76,0,0,11,3,14,9,23,55,3,90,0,0,0,90
08/16/2019,GNV,FL,ASO,ES,Federal Contract Tower,9,13,20,0,42,0,0,0,0,0,9,13,20,0,42,0,0,0,42
08/17/2019,GNV,FL,ASO,ES,Federal Contract Tower,5,12,17,0,34,0,0,8,0,8,5,12,25,0,42,0,0,0,42
08/18/2019,GNV,FL,ASO,ES,Federal Contract Tower,6,22,17,1,46,0,0,30,0,30,6,22,47,1,76,6,0,6,82
08/19/2019,GNV,FL,ASO,ES,Federal Contract Tower,9,23,32,2,66,0,0,91,2,93,9,23,123,4,159,50,10,60,219
08/21/2019,GNV,FL,ASO,ES,Federal Contract Tower,10,23,44,4,81,0,0,97,0,97,10,23,141,4,178,64,0,64,242
08/22/2019,GNV,FL,ASO,ES,Federal Contract Tower,8,29,55,0,92,0,0,98,16,114,8,29,153,16,206,72,0,72,278
08/23/2019,GNV,FL,ASO,ES,Federal Contract Tower,9,15,50,5,79,0,3,113,0,116,9,18,163,5,195,50,0,50,245
08/24/2019,GNV,FL,ASO,ES,Federal Contract Tower,11,9,48,0,68,0,0,110,0,110,11,9,158,0,178,42,0,42,220
08/25/2019,GNV,FL,ASO,ES,Federal Contract Tower,10,15,27,0,52,0,0,43,0,43,10,15,70,0,95,6,0,6,101
08/26/2019,GNV,FL,ASO,ES,Federal Contract Tower,12,29,18,15,74,0,0,64,0,64,12,29,82,15,138,14,0,14,152
08/27/2019,GNV,FL,ASO,ES,Federal Contract Tower,10,19,33,2,64,0,0,67,0,67,10,19,100,2,131,10,0,10,141
08/28/2019,GNV,FL,ASO,ES,Federal Contract Tower,8,21,35,4,68,0,2,63,0,65,8,23,98,4,133,42,0,42,175
08/29/2019,GNV,FL,ASO,ES,Federal Contract Tower,10,17,42,0,69,0,2,61,1,64,10,19,103,1,133,34,0,34,167
08/30/2019,GNV,FL,ASO,ES,Federal Contract Tower,13,13,36,2,64,0,0,81,1,82,13,13,117,3,146,24,0,24,170
08/31/2019,GNV,FL,ASO,ES,Federal Contract Tower,9,17,28,0,54,0,0,86,0,86,9,17,114,0,140,14,0,14,154
09/01/2019,GNV,FL,ASO,ES,Federal Contract Tower,6,17,18,0,41,0,0,18,2,20,6,17,36,2,61,2,0,2,63
09/02/2019,GNV,FL,ASO,ES,Federal Contract Tower,5,18,8,0,31,0,0,3,0,3,5,18,11,0,34,0,0,0,34
09/03/2019,GNV,FL,ASO,ES,Federal Contract Tower,12,14,17,0,43,0,0,6,0,6,12,14,23,0,49,8,0,8,57
09/04/2019,GNV,FL,ASO,ES,Federal Contract Tower,7,20,13,0,40,0,0,7,1,8,7,20,20,1,48,0,0,0,48
09/05/2019,GNV,FL,ASO,ES,Federal Contract Tower,8,17,22,4,51,0,1,113,4,118,8,18,135,8,169,42,0,42,211
09/06/2019,GNV,FL,ASO,ES,Federal Contract Tower,6,18,22,10,56,0,4,81,10,95,6,22,103,20,151,60,0,60,211
09/07/2019,GNV,FL,ASO,ES,Federal Contract Tower,12,10,51,0,73,0,13,131,2,146,12,23,182,2,219,64,0,64,283
09/08/2019,GNV,FL,ASO,ES,Federal Contract Tower,5,22,41,25,93,0,0,106,4,110,5,22,147,29,203,50,6,56,259
09/09/2019,GNV,FL,ASO,ES,Federal Contract Tower,7,29,32,1,69,0,0,111,9,120,7,29,143,10,189,58,8,66,255
09/10/2019,GNV,FL,ASO,ES,Federal Contract Tower,6,21,40,6,73,0,0,118,0,118,6,21,158,6,191,38,6,44,235
09/11/2019,GNV,FL,ASO,ES,Federal Contract Tower,6,21,45,4,76,0,0,75,2,77,6,21,120,6,153,56,0,56,209
09/12/2019,GNV,FL,ASO,ES,Federal Contract Tower,8,26,42,0,76,0,0,92,2,94,8,26,134,2,170,76,0,76,246
09/13/2019,GNV,FL,ASO,ES,Federal Contract Tower,8,18,39,0,65,0,2,78,0,80,8,20,117,0,145,94,0,94,239
09/14/2019,GNV,FL,ASO,ES,Federal Contract Tower,9,10,17,0,36,0,0,35,0,35,9,10,52,0,71,22,0,22,93
09/15/2019,GNV,FL,ASO,ES,Federal Contract Tower,9,17,35,0,61,0,0,13,2,15,9,17,48,2,76,8,0,8,84
09/16/2019,GNV,FL,ASO,ES,Federal Contract Tower,11,18,33,5,67,0,0,83,5,88,11,18,116,10,155,112,14,126,281
09/17/2019,GNV,FL,ASO,ES,Federal Contract Tower,6,32,46,6,90,0,1,115,2,118,6,33,161,8,208,38,8,46,254
09/18/2019,GNV,FL,ASO,ES,Federal Contract Tower,10,20,39,1,70,0,0,77,4,81,10,20,116,5,151,46,0,46,197
09/19/2019,GNV,FL,ASO,ES,Federal Contract Tower,12,29,17,0,58,0,0,73,0,73,12,29,90,0,131,60,0,60,191
09/20/2019,GNV,FL,ASO,ES,Federal Contract Tower,7,33,56,0,96,0,2,95,0,97,7,35,151,0,193,74,0,74,267
09/21/2019,GNV,FL,ASO,ES,Federal Contract Tower,11,18,69,0,98,0,0,89,0,89,11,18,158,0,187,32,0,32,219
09/22/2019,GNV,FL,ASO,ES,Federal Contract Tower,9,23,38,0,70,0,0,98,0,98,9,23,136,0,168,70,0,70,238
09/23/2019,GNV,FL,ASO,ES,Federal Contract Tower,9,19,46,1,75,0,0,128,0,128,9,19,174,1,203,116,10,126,329
09/25/2019,GNV,FL,ASO,ES,Federal Contract Tower,7,24,52,5,88,0,0,122,2,124,7,24,174,7,212,84,24,108,320
09/26/2019,GNV,FL,ASO,ES,Federal Contract Tower,8,24,50,8,90,0,0,96,0,96,8,24,146,8,186,62,4,66,252
09/27/2019,GNV,FL,ASO,ES,Federal Contract Tower,8,25,52,0,85,0,1,108,2,111,8,26,160,2,196,64,0,64,260
09/28/2019,GNV,FL,ASO,ES,Federal Contract Tower,13,17,52,0,82,0,0,68,0,68,13,17,120,0,150,30,0,30,180
09/29/2019,GNV,FL,ASO,ES,Federal Contract Tower,7,18,22,8,55,0,0,69,0,69,7,18,91,8,124,24,0,24,148
09/30/2019,GNV,FL,ASO,ES,Federal Contract Tower,8,32,57,2,99,0,0,61,1,62,8,32,118,3,161,28,2,30,191
10/01/2019,GNV,FL,ASO,ES,Federal Contract Tower,9,26,44,8,87,0,0,65,3,68,9,26,109,11,155,42,18,60,215
10/02/2019,GNV,FL,ASO,ES,Federal Contract Tower,11,20,42,3,76,0,2,53,1,56,11,22,95,4,132,76,0,76,208
10/03/2019,GNV,FL,ASO,ES,Federal Contract Tower,7,26,47,2,82,0,0,51,3,54,7,26,98,5,136,36,0,36,172
10/04/2019,GNV,FL,ASO,ES,Federal Contract Tower,7,37,58,2,104,0,0,105,3,108,7,37,163,5,212,32,14,46,258
10/05/2019,GNV,FL,ASO,ES,Federal Contract Tower,8,41,129,1,179,0,0,107,1,108,8,41,236,2,287,28,0,28,315
10/06/2019,GNV,FL,ASO,ES,Federal Contract Tower,12,24,53,0,89,0,0,66,0,66,12,24,119,0,155,6,0,6,161
10/07/2019,GNV,FL,ASO,ES,Federal Contract Tower,9,25,15,2,51,0,0,0,5,5,9,25,15,7,56,0,0,0,56
10/08/2019,GNV,FL,ASO,ES,Federal Contract Tower,7,20,56,0,83,0,2,39,0,41,7,22,95,0,124,44,0,44,168
10/09/2019,GNV,FL,ASO,ES,Federal Contract Tower,9,22,57,2,90,0,0,41,10,51,9,22,98,12,141,20,8,28,169
10/10/2019,GNV,FL,ASO,ES,Federal Contract Tower,11,23,71,3,108,0,1,69,13,83,11,24,140,16,191,46,0,46,237
10/11/2019,GNV,FL,ASO,ES,Federal Contract Tower,11,24,36,2,73,0,0,131,0,131,11,24,167,2,204,24,0,24,228
10/12/2019,GNV,FL,ASO,ES,Federal Contract Tower,7,15,29,13,64,0,0,143,0,143,7,15,172,13,207,60,12,72,279
10/13/2019,GNV,FL,ASO,ES,Federal Contract Tower,7,29,41,0,77,0,0,119,0,119,7,29,160,0,196,16,0,16,212
10/15/2019,GNV,FL,ASO,ES,Federal Contract Tower,7,32,40,9,88,0,0,90,0,90,7,32,130,9,178,62,0,62,240
10/16/2019,GNV,FL,ASO,ES,Federal Contract Tower,8,25,36,2,71,0,2,39,3,44,8,27,75,5,115,34,0,34,149
10/17/2019,GNV,FL,ASO,ES,Federal Contract Tower,14,24,44,13,95,0,2,120,8,130,14,26,164,21,225,62,32,94,319
10/18/2019,GNV,FL,ASO,ES,Federal Contract Tower,9,26,26,2,63,0,0,48,4,52,9,26,74,6,115,22,0,22,137
10/19/2019,GNV,FL,ASO,ES,Federal Contract Tower,10,14,20,0,44,0,0,4,0,4,10,14,24,0,48,0,0,0,48
10/20/2019,GNV,FL,ASO,ES,Federal Contract Tower,9,21,55,0,85,0,0,93,0,93,9,21,148,0,178,76,0,76,254
10/21/2019,GNV,FL,ASO,ES,Federal Contract Tower,9,19,55,17,100,0,0,39,4,43,9,19,94,21,143,44,10,54,197
10/22/2019,GNV,FL,ASO,ES,Federal Contract Tower,6,24,52,0,82,0,0,40,0,40,6,24,92,0,122,22,0,22,144
10/23/2019,GNV,FL,ASO,ES,Federal Contract Tower,7,32,50,6,95,0,1,119,2,122,7,33,169,8,217,66,4,70,287
10/24/2019,GNV,FL,ASO,ES,Federal Contract Tower,7,22,49,12,90,0,0,65,3,68,7,22,114,15,158,46,14,60,218
10/25/2019,GNV,FL,ASO,ES,Federal Contract Tower,7,26,50,50,133,0,0,73,3,76,7,26,123,53,209,42,6,48,257
10/26/2019,GNV,FL,ASO,ES,Federal Contract Tower,6,22,30,3,61,0,0,45,0,45,6,22,75,3,106,24,8,32,138
10/27/2019,GNV,FL,ASO,ES,Federal Contract Tower,9,17,32,1,59,0,0,25,1,26,9,17,57,2,85,0,0,0,85
10/28/2019,GNV,FL,ASO,ES,Federal Contract Tower,9,28,69,26,132,0,0,64,1,65,9,28,133,27,197,62,0,62,259
10/29/2019,GNV,FL,ASO,ES,Federal Contract Tower,10,34,61,0,105,0,0,30,2,32,10,34,91,2,137,10,0,10,147
10/30/2019,GNV,FL,ASO,ES,Federal Contract Tower,9,35,69,21,134,0,1,45,5,51,9,36,114,26,185,84,0,84,269
10/31/2019,GNV,FL,ASO,ES,Federal Contract Tower,10,20,45,15,90,0,0,85,14,99,10,20,130,29,189,28,26,54,243
11/01/2019,GNV,FL,ASO,ES,Federal Contract Tower,11,13,73,27,124,0,0,90,9,99,11,13,163,36,223,90,0,90,313
11/02/2019,GNV,FL,ASO,ES,Federal Contract Tower,10,15,51,3,79,0,0,54,3,57,10,15,105,6,136,50,0,50,186
11/03/2019,GNV,FL,ASO,ES,Federal Contract Tower,7,27,42,22,98,0,0,107,5,112,7,27,149,27,210,42,0,42,252
11/04/2019,GNV,FL,ASO,ES,Federal Contract Tower,10,21,29,22,82,0,0,99,2,101,10,21,128,24,183,46,12,58,241
11/05/2019,GNV,FL,ASO,ES,Federal Contract Tower,9,19,50,12,90,0,0,25,0,25,9,19,75,12,115,18,0,18,133
11/06/2019,GNV,FL,ASO,ES,Federal Contract Tower,14,23,73,27,137,0,4,54,12,70,14,27,127,39,207,40,28,68,275
11/07/2019,GNV,FL,ASO,ES,Federal Contract Tower,13,20,45,2,80,0,0,64,0,64,13,20,109,2,144,36,0,36,180
11/08/2019,GNV,FL,ASO,ES,Federal Contract Tower,9,35,61,0,105,0,0,6,1,7,9,35,67,1,112,18,0,18,130
11/09/2019,GNV,FL,ASO,ES,Federal Contract Tower,9,27,58,1,95,0,0,91,5,96,9,27,149,6,191,20,0,20,211
11/10/2019,GNV,FL,ASO,ES,Federal Contract Tower,12,14,55,6,87,0,0,162,2,164,12,14,217,8,251,18,0,18,269
11/11/2019,GNV,FL,ASO,ES,Federal Contract Tower,14,18,57,13,102,0,0,136,0,136,14,18,193,13,238,16,54,70,308
11/12/2019,GNV,FL,ASO,ES,Federal Contract Tower,11,17,50,5,83,0,2,42,6,50,11,19,92,11,133,6,4,10,143
11/13/2019,GNV,FL,ASO,ES,Federal Contract Tower,16,17,56,36,125,0,1,61,6,68,16,18,117,42,193,36,2,38,231
11/14/2019,GNV,FL,ASO,ES,Federal Contract Tower,15,16,61,6,98,0,0,9,0,9,15,16,70,6,107,0,0,0,107
11/15/2019,GNV,FL,ASO,ES,Federal Contract Tower,12,23,42,4,81,0,0,0,0,0,12,23,42,4,81,0,0,0,81
11/16/2019,GNV,FL,ASO,ES,Federal Contract Tower,12,13,60,2,87,0,0,2,0,2,12,13,62,2,89,6,0,6,95
11/17/2019,GNV,FL,ASO,ES,Federal Contract Tower,11,18,62,4,95,0,0,35,0,35,11,18,97,4,130,48,0,48,178
11/18/2019,GNV,FL,ASO,ES,Federal Contract Tower,14,17,58,0,89,0,0,89,0,89,14,17,147,0,178,85,0,85,263
11/19/2019,GNV,FL,ASO,ES,Federal Contract Tower,11,21,73,3,108,0,0,118,3,121,11,21,191,6,229,76,8,84,313
11/20/2019,GNV,FL,ASO,ES,Federal Contract Tower,11,24,81,0,116,0,0,123,2,125,11,24,204,2,241,74,6,80,321
11/21/2019,GNV,FL,ASO,ES,Federal Contract Tower,11,18,65,0,94,0,1,110,6,117,11,19,175,6,211,56,0,56,267
11/22/2019,GNV,FL,ASO,ES,Federal Contract Tower,12,16,48,14,90,0,6,106,9,121,12,22,154,23,211,76,4,80,291
11/23/2019,GNV,FL,ASO,ES,Federal Contract Tower,8,20,47,0,75,0,0,87,0,87,8,20,134,0,162,12,0,12,174
11/24/2019,GNV,FL,ASO,ES,Federal Contract Tower,9,23,48,9,89,0,0,102,12,114,9,23,150,21,203,30,0,30,233
11/25/2019,GNV,FL,ASO,ES,Federal Contract Tower,12,19,46,2,79,0,1,101,1,103,12,20,147,3,182,76,6,82,264
11/27/2019,GNV,FL,ASO,ES,Federal Contract Tower,11,23,49,7,90,0,3,102,2,107,11,26,151,9,197,50,14,64,261
11/28/2019,GNV,FL,ASO,ES,Federal Contract Tower,8,7,8,0,23,0,2,30,0,32,8,9,38,0,55,6,0,6,61
11/29/2019,GNV,FL,ASO,ES,Federal Contract Tower,9,18,60,0,87,0,0,89,0,89,9,18,149,0,176,18,0,18,194
11/30/2019,GNV,FL,ASO,ES,Federal Contract Tower,10,22,64,0,96,0,0,112,0,112,10,22,176,0,208,12,0,12,220
12/01/2019,GNV,FL,ASO,ES,Federal Contract Tower,14,23,47,0,84,0,0,40,0,40,14,23,87,0,124,2,0,2,126
12/02/2019,GNV,FL,ASO,ES,Federal Contract Tower,10,20,64,2,96,0,0,64,2,66,10,20,128,4,162,28,0,28,190
12/03/2019,GNV,FL,ASO,ES,Federal Contract Tower,9,22,48,4,83,0,0,115,5,120,9,22,163,9,203,36,16,52,255
12/04/2019,GNV,FL,ASO,ES,Federal Contract Tower,10,21,82,0,113,0,0,113,0,113,10,21,195,0,226,38,0,38,264
12/05/2019,GNV,FL,ASO,ES,Federal Contract Tower,10,15,43,0,68,0,5,104,2,111,10,20,147,2,179,32,0,32,211
12/06/2019,GNV,FL,ASO,ES,Federal Contract Tower,10,30,53,38,131,0,1,120,5,126,10,31,173,43,257,30,0,30,287
12/07/2019,GNV,FL,ASO,ES,Federal Contract Tower,10,16,31,0,57,0,0,107,0,107,10,16,138,0,164,30,0,30,194
12/08/2019,GNV,FL,ASO,ES,Federal Contract Tower,9,18,46,16,89,0,0,63,6,69,9,18,109,22,158,30,8,38,196
12/09/2019,GNV,FL,ASO,ES,Federal Contract Tower,10,17,60,6,93,0,0,105,2,107,10,17,165,8,200,68,8,76,276
12/10/2019,GNV,FL,ASO,ES,Federal Contract Tower,11,15,68,16,110,0,0,110,9,119,11,15,178,25,229,54,38,92,321
12/11/2019,GNV,FL,ASO,ES,Federal Contract Tower,12,19,91,4,126,0,0,11,2,13,12,19,102,6,139,0,16,16,155
12/12/2019,GNV,FL,ASO,ES,Federal Contract Tower,12,21,56,2,91,0,0,25,0,25,12,21,81,2,116,16,0,16,132
12/13/2019,GNV,FL,ASO,ES,Federal Contract Tower,11,19,27,0,57,0,0,0,0,0,11,19,27,0,57,0,0,0,57
12/14/2019,GNV,FL,ASO,ES,Federal Contract Tower,10,21,46,0,77,0,0,81,0,81,10,21,127,0,158,24,0,24,182
12/15/2019,GNV,FL,ASO,ES,Federal Contract Tower,9,20,50,10,89,0,0,130,0,130,9,20,180,10,219,38,0,38,257
12/17/2019,GNV,FL,ASO,ES,Federal Contract Tower,9,16,42,0,67,0,0,6,0,6,9,16,48,0,73,0,0,0,73
12/18/2019,GNV,FL,ASO,ES,Federal Contract Tower,10,21,48,9,88,0,2,96,4,102,10,23,144,13,190,62,0,62,252
12/19/2019,GNV,FL,ASO,ES,Federal Contract Tower,13,24,42,3,82,0,0,100,2,102,13,24,142,5,184,40,0,40,224
12/20/2019,GNV,FL,ASO,ES,Federal Contract Tower,14,15,36,7,72,0,0,60,0,60,14,15,96,7,132,20,0,20,152
12/21/2019,GNV,FL,ASO,ES,Federal Contract Tower,13,11,22,0,46,0,0,44,0,44,13,11,66,0,90,0,0,0,90
12/22/2019,GNV,FL,ASO,ES,Federal Contract Tower,15,13,4,0,32,0,0,1,0,1,15,13,5,0,33,0,0,0,33
12/23/2019,GNV,FL,ASO,ES,Federal Contract Tower,16,17,19,0,52,0,0,39,0,39,16,17,58,0,91,16,0,16,107
12/24/2019,GNV,FL,ASO,ES,Federal Contract Tower,12,9,14,0,35,0,2,0,0,2,12,11,14,0,37,2,0,2,39
12/25/2019,GNV,FL,ASO,ES,Federal Contract Tower,13,3,12,0,28,0,0,22,0,22,13,3,34,0,50,6,0,6,56
12/26/2019,GNV,FL,ASO,ES,Federal Contract Tower,17,9,42,1,69,0,0,39,0,39,17,9,81,1,108,18,0,18,126
12/27/2019,GNV,FL,ASO,ES,Federal Contract Tower,15,15,39,8,77,0,2,80,0,82,15,17,119,8,159,38,0,38,197
12/28/2019,GNV,FL,ASO,ES,Federal Contract Tower,13,14,34,0,61,0,0,4,0,4,13,14,38,0,65,0,0,0,65
12/29/2019,GNV,FL,ASO,ES,Federal Contract Tower,18,9,24,0,51,0,0,10,0,10,18,9,34,0,61,4,0,4,65
12/30/2019,GNV,FL,ASO,ES,Federal Contract Tower,16,14,32,9,71,0,5,35,0,40,16,19,67,9,111,12,8,20,131
12/31/2019,GNV,FL,ASO,ES,Federal Contract Tower,12,12,40,0,64,0,0,160,0,160,12,12,200,0,224,52,0,52,276
01/01/2020,GNV,FL,ASO,ES,Federal Contract Tower,16,9,10,0,35,0,2,70,0,72,16,11,80,0,107,28,0,28,135
01/02/2020,GNV,FL,ASO,ES,Federal Contract Tower,15,10,35,14,74,0,0,100,0,100,15,10,135,14,174,36,0,36,210
01/03/2020,GNV,FL,ASO,ES,Federal Contract Tower,17,18,53,5,93,0,0,47,3,50,17,18,100,8,143,14,0,14,157
01/04/2020,GNV,FL,ASO,ES,Federal Contract Tower,17,19,31,0,67,0,0,15,0,15,17,19,46,0,82,6,0,6,88
01/05/2020,GNV,FL,ASO,ES,Federal Contract Tower,17,14,55,6,92,0,0,87,5,92,17,14,142,11,184,14,0,14,198
01/06/2020,GNV,FL,ASO,ES,Federal Contract Tower,17,17,60,14,108,0,0,112,2,114,17,17,172,16,222,54,10,64,286
01/07/2020,GNV,FL,ASO,ES,Federal Contract Tower,11,26,60,0,97,0,0,116,0,116,11,26,176,0,213,26,0,26,239
01/08/2020,GNV,FL,ASO,ES,Federal Contract Tower,13,23,51,8,95,0,3,132,0,135,13,26,183,8,230,56,0,56,286
01/09/2020,GNV,FL,ASO,ES,Federal Contract Tower,21,18,30,13,82,0,4,79,1,84,21,22,109,14,166,40,33,73,239
01/10/2020,GNV,FL,ASO,ES,Federal Contract Tower,15,21,45,48,129,0,0,94,34,128,15,21,139,82,257,16,0,16,273
01/11/2020,GNV,FL,ASO,ES,Federal Contract Tower,5,11,19,8,43,0,0,33,4,37,5,11,52,12,80,6,8,14,94
01/12/2020,GNV,FL,ASO,ES,Federal Contract Tower,12,29,54,65,160,0,0,71,21,92,12,29,125,86,252,16,8,24,276
01/14/2020,GNV,FL,ASO,ES,Federal Contract Tower,10,27,55,30,122,0,0,68,0,68,10,27,123,30,190,44,0,44,234
01/15/2020,GNV,FL,ASO,ES,Federal Contract Tower,12,31,41,17,101,0,0,112,6,118,12,31,153,23,219,54,36,90,309
01/16/2020,GNV,FL,ASO,ES,Federal Contract Tower,18,22,50,10,100,0,1,29,0,30,18,23,79,10,130,58,0,58,188
01/17/2020,GNV,FL,ASO,ES,Federal Contract Tower,12,24,44,32,112,0,0,75,13,88,12,24,119,45,200,38,0,38,238
01/18/2020,GNV,FL,ASO,ES,Federal Contract Tower,10,11,44,3,68,0,0,100,3,103,10,11,144,6,171,46,12,58,229
01/19/2020,GNV,FL,ASO,ES,Federal Contract Tower,11,14,19,12,56,0,0,15,10,25,11,14,34,22,81,0,0,0,81
01/20/2020,GNV,FL,ASO,ES,Federal Contract Tower,19,31,47,5,102,0,0,119,0,119,19,31,166,5,221,52,4,56,277
01/21/2020,GNV,FL,ASO,ES,Federal Contract Tower,9,31,32,4,76,0,2,49,0,51,9,33,81,4,127,18,0,18,145
01/22/2020,GNV,FL,ASO,ES,Federal Contract Tower,17,20,50,2,89,0,0,45,0,45,17,20,95,2,134,14,0,14,148
01/23/2020,GNV,FL,ASO,ES,Federal Contract Tower,13,26,56,6,101,0,3,30,6,39,13,29,86,12,140,128,0,128,268
01/24/2020,GNV,FL,ASO,ES,Federal Contract Tower,12,30,48,18,108,0,0,43,33,76,12,30,91,51,184,34,8,42,226
01/25/2020,GNV,FL,ASO,ES,Federal Contract Tower,10,17,70,5,102,0,1,192,0,193,10,18,262,5,295,54,0,54,349
01/26/2020,GNV,FL,ASO,ES,Federal Contract Tower,13,23,58,10,104,0,0,143,35,178,13,23,201,45,282,56,0,56,338
01/27/2020,GNV,FL,ASO,ES,Federal Contract Tower,16,21,45,0,82,0,0,132,0,132,16,21,177,0,214,70,0,70,284
01/28/2020,GNV,FL,ASO,ES,Federal Contract Tower,9,28,55,13,105,0,1,135,5,141,9,29,190,18,246,84,18,102,348
01/29/2020,GNV,FL,ASO,ES,Federal Contract Tower,15,29,73,0,117,0,0,75,3,78,15,29,148,3,195,40,6,46,241
01/30/2020,GNV,FL,ASO,ES,Federal Contract Tower,15,29,50,4,98,0,0,22,2,24,15,29,72,6,122,48,0,48,170
01/31/2020,GNV,FL,ASO,ES,Federal Contract Tower,14,32,46,0,92,0,0,49,2,51,14,32,95,2,143,42,0,42,185
02/01/2020,GNV,FL,ASO,ES,Federal Contract Tower,12,14,48,4,78,0,0,30,0,30,12,14,78,4,108,10,0,10,118
02/02/2020,GNV,FL,ASO,ES,Federal Contract Tower,10,13,48,0,71,0,0,122,0,122,10,13,170,0,193,18,0,18,211
02/03/2020,GNV,FL,ASO,ES,Federal Contract Tower,21,18,35,0,74,0,0,144,0,144,21,18,179,0,218,100,6,106,324
02/04/2020,GNV,FL,ASO,ES,Federal Contract Tower,10,24,43,15,92,0,0,88,3,91,10,24,131,18,183,120,8,128,311
02/05/2020,GNV,FL,ASO,ES,Federal Contract Tower,11,30,41,16,98,0,4,97,5,106,11,34,138,21,204,26,12,38,242
02/06/2020,GNV,FL,ASO,ES,Federal Contract Tower,6,18,6,7,37,0,2,16,5,23,6,20,22,12,60,0,18,18,78
02/07/2020,GNV,FL,ASO,ES,Federal Contract Tower,9,28,29,43,109,0,0,78,5,83,9,28,107,48,192,42,0,42,234
02/08/2020,GNV,FL,ASO,ES,Federal Contract Tower,10,12,45,3,70,0,0,123,1,124,10,12,168,4,194,18,6,24,218
02/09/2020,GNV,FL,ASO,ES,Federal Contract Tower,12,21,39,2,74,0,0,81,2,83,12,21,120,4,157,22,0,22,179
02/10/2020,GNV,FL,ASO,ES,Federal Contract Tower,13,24,41,2,80,0,0,82,0,82,13,24,123,2,162,26,0,26,188
02/11/2020,GNV,FL,ASO,ES,Federal Contract Tower,9,25,51,13,98,0,1,67,4,72,9,26,118,17,170,60,24,84,254
02/12/2020,GNV,FL,ASO,ES,Federal Contract Tower,13,23,46,4,86,0,2,31,9,42,13,25,77,13,128,8,0,8,136
02/13/2020,GNV,FL,ASO,ES,Federal Contract Tower,13,27,33,8,81,0,2,16,10,28,13,29,49,18,109,22,14,36,145
02/14/2020,GNV,FL,ASO,ES,Federal Contract Tower,11,23,46,6,86,0,0,21,0,21,11,23,67,6,107,14,0,14,121
02/15/2020,GNV,FL,ASO,ES,Federal Contract Tower,11,14,32,1,58,0,0,98,0,98,11,14,130,1,156,54,0,54,210
02/16/2020,GNV,FL,ASO,ES,Federal Contract Tower,17,21,33,0,71,0,0,38,0,38,17,21,71,0,109,14,0,14,123
02/17/2020,GNV,FL,ASO,ES,Federal Contract Tower,16,19,31,0,66,0,0,12,0,12,16,19,43,0,78,18,0,18,96
02/18/2020,GNV,FL,ASO,ES,Federal Contract Tower,13,31,50,8,102,0,2,69,1,72,13,33,119,9,174,38,8,46,220
02/19/2020,GNV,FL,ASO,ES,Federal Contract Tower,11,27,78,55,171,0,0,62,20,82,11,27,140,75,253,34,32,66,319
02/20/2020,GNV,FL,ASO,ES,Federal Contract Tower,10,24,65,10,109,0,0,10,3,13,10,24,75,13,122,32,8,40,162
02/21/2020,GNV,FL,ASO,ES,Federal Contract Tower,13,28,31,19,91,0,0,26,9,35,13,28,57,28,126,24,0,24,150
02/22/2020,GNV,FL,ASO,ES,Federal Contract Tower,12,13,47,0,72,0,0,103,0,103,12,13,150,0,175,32,0,32,207
02/23/2020,GNV,FL,ASO,ES,Federal Contract Tower,10,21,29,0,60,0,0,158,13,171,10,21,187,13,231,60,0,60,291
02/24/2020,GNV,FL,ASO,ES,Federal Contract Tower,13,22,54,13,102,0,0,130,2,132,13,22,184,15,234,80,6,86,320
02/25/2020,GNV,FL,ASO,ES,Federal Contract Tower,16,28,17,0,61,0,0,5,0,5,16,28,22,0,66,0,0,0,66
02/27/2020,GNV,FL,ASO,ES,Federal Contract Tower,13,33,57,24,127,0,4,113,0,117,13,37,170,24,244,146,0,146,390
02/28/2020,GNV,FL,ASO,ES,Federal Contract Tower,13,22,55,4,94,0,0,162,6,168,13,22,217,10,262,110,2,112,374
02/29/2020,GNV,FL,ASO,ES,Federal Contract Tower,15,17,33,0,65,0,0,58,0,58,15,17,91,0,123,22,0,22,145
03/01/2020,GNV,FL,ASO,ES,Federal Contract Tower,11,20,26,0,57,0,0,135,0,135,11,20,161,0,192,26,0,26,218
03/02/2020,GNV,FL,ASO,ES,Federal Contract Tower,13,17,50,9,89,0,0,72,1,73,13,17,122,10,162,70,0,70,232
03/03/2020,GNV,FL,ASO,ES,Federal Contract Tower,15,22,41,14,92,0,2,92,4,98,15,24,133,18,190,48,0,48,238
03/04/2020,GNV,FL,ASO,ES,Federal Contract Tower,18,29,57,7,111,0,6,45,11,62,18,35,102,18,173,52,14,66,239
03/05/2020,GNV,FL,ASO,ES,Federal Contract Tower,19,21,31,6,77,0,0,10,2,12,19,21,41,8,89,3,4,7,96
03/06/2020,GNV,FL,ASO,ES,Federal Contract Tower,17,24,49,15,105,0,2,94,4,100,17,26,143,19,205,56,0,56,261
03/07/2020,GNV,FL,ASO,ES,Federal Contract Tower,13,28,42,0,83,0,0,113,0,113,13,28,155,0,196,26,0,26,222
03/08/2020,GNV,FL,ASO,ES,Federal Contract Tower,11,18,31,0,60,0,0,72,0,72,11,18,103,0,132,34,0,34,166
03/09/2020,GNV,FL,ASO,ES,Federal Contract Tower,18,19,40,7,84,0,0,102,10,112,18,19,142,17,196,72,10,82,278
03/10/2020,GNV,FL,ASO,ES,Federal Contract Tower,11,25,37,20,93,0,3,159,10,172,11,28,196,30,265,112,0,112,377
03/11/2020,GNV,FL,ASO,ES,Federal Contract Tower,20,30,78,12,140,0,0,148,0,148,20,30,226,12,288,56,0,56,344
03/13/2020,GNV,FL,ASO,ES,Federal Contract Tower,19,20,42,51,132,0,0,115,5,120,19,20,157,56,252,116,0,116,368
03/14/2020,GNV,FL,ASO,ES,Federal Contract Tower,12,16,38,0,66,0,0,128,4,132,12,16,166,4,198,46,0,46,244
03/15/2020,GNV,FL,ASO,ES,Federal Contract Tower,16,15,40,11,82,0,0,97,4,101,16,15,137,15,183,42,0,42,225
03/16/2020,GNV,FL,ASO,ES,Federal Contract Tower,21,31,20,0,72,0,0,72,0,72,21,31,92,0,144,116,0,116,260
03/17/2020,GNV,FL,ASO,ES,Federal Contract Tower,13,21,33,12,79,0,3,93,0,96,13,24,126,12,175,50,0,50,225
03/19/2020,GNV,FL,ASO,ES,Federal Contract Tower,15,19,22,10,66,0,0,132,3,135,15,19,154,13,201,92,28,120,321
03/20/2020,GNV,FL,ASO,ES,Federal Contract Tower,13,4,35,0,52,0,1,92,0,93,13,5,127,0,145,82,0,82,227
03/21/2020,GNV,FL,ASO,ES,Federal Contract Tower,11,11,29,0,51,0,0,100,1,101,11,11,129,1,152,68,0,68,220
03/22/2020,GNV,FL,ASO,ES,Federal Contract Tower,12,13,29,0,54,0,0,45,1,46,12,13,74,1,100,14,0,14,114
03/23/2020,GNV,FL,ASO,ES,Federal Contract Tower,10,18,39,2,69,0,0,58,1,59,10,18,97,3,128,70,10,80,208
03/24/2020,GNV,FL,ASO,ES,Federal Contract Tower,10,15,23,8,56,0,2,70,0,72,10,17,93,8,128,46,0,46,174
03/25/2020,GNV,FL,ASO,ES,Federal Contract Tower,7,9,46,15,77,0,0,46,7,53,7,9,92,22,130,20,14,34,164
03/26/2020,GNV,FL,ASO,ES,Federal Contract Tower,18,5,37,6,66,0,2,66,0,68,18,7,103,6,134,42,0,42,176
03/27/2020,GNV,FL,ASO,ES,Federal Contract Tower,5,12,42,10,69,0,0,92,0,92,5,12,134,10,161,72,0,72,233
03/28/2020,GNV,FL,ASO,ES,Federal Contract Tower,9,9,19,0,37,0,0,94,0,94,9,9,113,0,131,36,0,36,167
03/29/2020,GNV,FL,ASO,ES,Federal Contract Tower,8,10,23,0,41,0,0,77,2,79,8,10,100,2,120,56,0,56,176
03/30/2020,GNV,FL,ASO,ES,Federal Contract Tower,8,7,15,2,32,0,0,78,0,78,8,7,93,2,110,90,8,98,208
03/31/2020,GNV,FL,ASO,ES,Federal Contract Tower,5,8,16,4,33,0,0,33,4,37,5,8,49,8,70,30,0,30,100
04/01/2020,GNV,FL,ASO,ES,Federal Contract Tower,5,7,40,0,52,0,0,75,0,75,5,7,115,0,127,68,0,68,195
04/02/2020,GNV,FL,ASO,ES,Federal Contract Tower,7,5,20,4,36,0,0,104,0,104,7,5,124,4,140,46,0,46,186
04/03/2020,GNV,FL,ASO,ES,Federal Contract Tower,6,5,29,2,42,0,0,98,0,98,6,5,127,2,140,68,0,68,208
04/04/2020,GNV,FL,ASO,ES,Federal Contract Tower,9,8,15,0,32,0,0,54,0,54,9,8,69,0,86,44,0,44,130
04/05/2020,GNV,FL,ASO,ES,Federal Contract Tower,7,9,7,0,23,0,0,11,0,11,7,9,18,0,34,10,0,10,44
04/06/2020,GNV,FL,ASO,ES,Federal Contract Tower,9,4,35,0,48,0,0,70,0,70,9,4,105,0,118,80,0,80,198
04/07/2020,GNV,FL,ASO,ES,Federal Contract Tower,8,2,27,5,42,0,0,76,1,77,8,2,103,6,119,68,2,70,189
04/08/2020,GNV,FL,ASO,ES,Federal Contract Tower,8,7,36,6,57,0,1,40,5,46,8,8,76,11,103,58,46,104,207
04/09/2020,GNV,FL,ASO,ES,Federal Contract Tower,7,4,29,10,50,0,0,54,2,56,7,4,83,12,106,100,0,100,206
04/10/2020,GNV,FL,ASO,ES,Federal Contract Tower,7,8,15,4,34,0,0,53,0,53,7,8,68,4,87,44,0,44,131
04/11/2020,GNV,FL,ASO,ES,Federal Contract Tower,8,9,24,0,41,0,0,114,0,114,8,9,138,0,155,38,0,38,193
04/12/2020,GNV,FL,ASO,ES,Federal Contract Tower,9,5,6,2,22,0,0,20,0,20,9,5,26,2,42,10,0,10,52
04/13/2020,GNV,FL,ASO,ES,Federal Contract Tower,7,6,5,12,30,0,0,4,0,4,7,6,9,12,34,0,0,0,34
04/14/2020,GNV,FL,ASO,ES,Federal Contract Tower,5,11,3,0,19,0,0,4,0,4,5,11,7,0,23,0,0,0,23
04/15/2020,GNV,FL,ASO,ES,Federal Contract Tower,5,9,9,0,23,0,0,0,0,0,5,9,9,0,23,0,0,0,23
04/16/2020,GNV,FL,ASO,ES,Federal Contract Tower,6,9,14,0,29,0,2,52,0,54,6,11,66,0,83,56,0,56,139
04/17/2020,GNV,FL,ASO,ES,Federal Contract Tower,7,11,20,0,38,0,0,65,2,67,7,11,85,2,105,48,0,48,153
04/18/2020,GNV,FL,ASO,ES,Federal Contract Tower,6,6,9,0,21,0,0,1,0,1,6,6,10,0,22,0,0,0,22
04/19/2020,GNV,FL,ASO,ES,Federal Contract Tower,8,1,16,0,25,0,0,40,0,40,8,1,56,0,65,18,0,18,83
04/20/2020,GNV,FL,ASO,ES,Federal Contract Tower,6,9,11,0,26,0,0,36,0,36,6,9,47,0,62,2,0,2,64
04/21/2020,GNV,FL,ASO,ES,Federal Contract Tower,6,9,25,0,40,0,0,112,0,112,6,9,137,0,152,56,0,56,208
04/22/2020,GNV,FL,ASO,ES,Federal Contract Tower,6,5,18,0,29,0,0,101,0,101,6,5,119,0,130,70,0,70,200
04/23/2020,GNV,FL,ASO,ES,Federal Contract Tower,5,8,13,2,28,0,0,39,0,39,5,8,52,2,67,10,4,14,81
04/24/2020,GNV,FL,ASO,ES,Federal Contract Tower,8,7,14,0,29,0,0,6,0,6,8,7,20,0,35,0,0,0,35
04/25/2020,GNV,FL,ASO,ES,Federal Contract Tower,5,4,51,2,62,0,0,53,0,53,5,4,104,2,115,34,0,34,149
04/26/2020,GNV,FL,ASO,ES,Federal Contract Tower,6,4,18,4,32,0,0,61,0,61,6,4,79,4,93,28,0,28,121
04/27/2020,GNV,FL,ASO,ES,Federal Contract Tower,8,3,13,0,24,0,0,93,0,93,8,3,106,0,117,32,0,32,149
04/28/2020,GNV,FL,ASO,ES,Federal Contract Tower,7,9,25,11,52,0,0,96,2,98,7,9,121,13,150,102,32,134,284
04/29/2020,GNV,FL,ASO,ES,Federal Contract Tower,6,5,15,6,32,0,0,46,0,46,6,5,61,6,78,22,0,22,100
04/30/2020,GNV,FL,ASO,ES,Federal Contract Tower,6,5,26,0,37,0,0,62,2,64,6,5,88,2,101,44,14,58,159
05/01/2020,GNV,FL,ASO,ES,Federal Contract Tower,7,12,32,0,51,0,0,104,0,104,7,12,136,0,155,36,0,36,191
05/02/2020,GNV,FL,ASO,ES,Federal Contract Tower,7,8,12,0,27,0,0,103,0,103,7,8,115,0,130,76,0,76,206
05/03/2020,GNV,FL,ASO,ES,Federal Contract Tower,8,5,26,0,39,0,0,107,0,107,8,5,133,0,146,74,0,74,220
05/04/2020,GNV,FL,ASO,ES,Federal Contract Tower,12,3,36,0,51,0,0,80,0,80,12,3,116,0,131,36,0,36,167
05/05/2020,GNV,FL,ASO,ES,Federal Contract Tower,5,8,25,4,42,0,0,56,0,56,5,8,81,4,98,42,0,42,140
05/06/2020,GNV,FL,ASO,ES,Federal Contract Tower,5,11,43,8,67,0,3,76,0,79,5,14,119,8,146,48,0,48,194
05/07/2020,GNV,FL,ASO,ES,Federal Contract Tower,7,6,23,0,36,0,0,58,0,58,7,6,81,0,94,34,8,42,136
05/08/2020,GNV,FL,ASO,ES,Federal Contract Tower,8,6,36,9,59,0,0,94,2,96,8,6,130,11,155,30,18,48,203
05/09/2020,GNV,FL,ASO,ES,Federal Contract Tower,10,1,16,0,27,0,0,69,0,69,10,1,85,0,96,30,0,30,126
05/10/2020,GNV,FL,ASO,ES,Federal Contract Tower,9,3,12,0,24,0,0,27,0,27,9,3,39,0,51,64,0,64,115
05/11/2020,GNV,FL,ASO,ES,Federal Contract Tower,9,8,33,4,54,0,0,87,0,87,9,8,120,4,141,48,0,48,189
05/12/2020,GNV,FL,ASO,ES,Federal Contract Tower,9,5,24,0,38,0,0,86,4,90,9,5,110,4,128,109,0,109,237
05/13/2020,GNV,FL,ASO,ES,Federal Contract Tower,7,12,31,4,54,0,0,76,0,76,7,12,107,4,130,44,0,44,174
05/14/2020,GNV,FL,ASO,ES,Federal Contract Tower,9,8,20,0,37,0,4,53,0,57,9,12,73,0,94,54,0,54,148
05/15/2020,GNV,FL,ASO,ES,Federal Contract Tower,9,6,31,2,48,0,3,84,0,87,9,9,115,2,135,38,0,38,173
05/16/2020,GNV,FL,ASO,ES,Federal Contract Tower,7,9,18,0,34,0,0,38,0,38,7,9,56,0,72,0,0,0,72
05/17/2020,GNV,FL,ASO,ES,Federal Contract Tower,9,3,37,0,49,0,0,46,0,46,9,3,83,0,95,54,0,54,149
05/18/2020,GNV,FL,ASO,ES,Federal Contract Tower,10,6,16,0,32,0,0,43,0,43,10,6,59,0,75,72,0,72,147
05/19/2020,GNV,FL,ASO,ES,Federal Contract Tower,8,10,19,7,44,0,2,67,1,70,8,12,86,8,114,28,0,28,142
05/20/2020,GNV,FL,ASO,ES,Federal Contract Tower,10,5,35,4,54,0,0,92,2,94,10,5,127,6,148,50,0,50,198
05/21/2020,GNV,FL,ASO,ES,Federal Contract Tower,10,11,34,14,69,0,2,58,4,64,10,13,92,18,133,22,22,44,177
05/22/2020,GNV,FL,ASO,ES,Federal Contract Tower,10,2,33,2,47,0,0,132,0,132,10,2,165,2,179,42,0,42,221
05/23/2020,GNV,FL,ASO,ES,Federal Contract Tower,11,2,25,0,38,0,2,88,0,90,11,4,113,0,128,26,0,26,154
05/24/2020,GNV,FL,ASO,ES,Federal Contract Tower,9,5,13,0,27,0,0,76,0,76,9,5,89,0,103,84,0,84,187
05/25/2020,GNV,FL,ASO,ES,Federal Contract Tower,10,4,7,0,21,0,0,22,0,22,10,4,29,0,43,32,0,32,75
05/26/2020,GNV,FL,ASO,ES,Federal Contract Tower,16,14,19,0,49,0,0,15,0,15,16,14,34,0,64,26,0,26,90
05/27/2020,GNV,FL,ASO,ES,Federal Contract Tower,10,11,40,0,61,0,0,41,0,41,10,11,81,0,102,30,0,30,132
05/28/2020,GNV,FL,ASO,ES,Federal Contract Tower,10,7,48,4,69,0,0,25,0,25,10,7,73,4,94,54,0,54,148
05/29/2020,GNV,FL,ASO,ES,Federal Contract Tower,9,7,31,5,52,0,0,51,2,53,9,7,82,7,105,42,4,46,151
05/30/2020,GNV,FL,ASO,ES,Federal Contract Tower,11,7,29,0,47,0,0,48,0,48,11,7,77,0,95,48,0,48,143
05/31/2020,GNV,FL,ASO,ES,Federal Contract Tower,10,2,24,0,36,0,0,86,0,86,10,2,110,0,122,52,0,52,174
06/01/2020,GNV,FL,ASO,ES,Federal Contract Tower,10,11,26,1,48,0,0,57,1,58,10,11,83,2,106,18,8,26,132
06/02/2020,GNV,FL,ASO,ES,Federal Contract Tower,10,6,27,1,44,0,0,72,4,76,10,6,99,5,120,22,4,26,146
06/03/2020,GNV,FL,ASO,ES,Federal Contract Tower,10,4,47,0,61,0,0,68,2,70,10,4,115,2,131,88,0,88,219
06/04/2020,GNV,FL,ASO,ES,Federal Contract Tower,10,7,47,0,64,0,0,14,2,16,10,7,61,2,80,20,0,20,100
06/05/2020,GNV,FL,ASO,ES,Federal Contract Tower,10,9,35,0,54,0,4,47,2,53,10,13,82,2,107,54,0,54,161
06/06/2020,GNV,FL,ASO,ES,Federal Contract Tower,12,4,15,0,31,0,0,15,0,15,12,4,30,0,46,16,0,16,62
06/07/2020,GNV,FL,ASO,ES,Federal Contract Tower,11,3,17,0,31,0,0,0,0,0,11,3,17,0,31,0,0,0,31
06/08/2020,GNV,FL,ASO,ES,Federal Contract Tower,10,10,25,0,45,0,0,30,0,30,10,10,55,0,75,22,0,22,97
06/09/2020,GNV,FL,ASO,ES,Federal Contract Tower,10,2,21,0,33,0,2,10,0,12,10,4,31,0,45,14,0,14,59
06/11/2020,GNV,FL,ASO,ES,Federal Contract Tower,9,14,36,2,61,0,0,65,0,65,9,14,101,2,126,76,0,76,202
06/12/2020,GNV,FL,ASO,ES,Federal Contract Tower,11,5,35,0,51,0,0,111,0,111,11,5,146,0,162,38,0,38,200
06/13/2020,GNV,FL,ASO,ES,Federal Contract Tower,9,0,25,6,40,0,0,63,6,69,9,0,88,12,109,42,0,42,151
06/14/2020,GNV,FL,ASO,ES,Federal Contract Tower,12,2,25,0,39,0,0,43,0,43,12,2,68,0,82,64,0,64,146
06/15/2020,GNV,FL,ASO,ES,Federal Contract Tower,10,6,47,0,63,0,0,88,0,88,10,6,135,0,151,94,0,94,245
06/16/2020,GNV,FL,ASO,ES,Federal Contract Tower,9,9,31,7,56,0,0,111,1,112,9,9,142,8,168,80,10,90,258
06/17/2020,GNV,FL,ASO,ES,Federal Contract Tower,10,7,30,6,53,0,0,98,6,104,10,7,128,12,157,54,14,68,225
06/18/2020,GNV,FL,ASO,ES,Federal Contract Tower,10,14,25,0,49,0,0,107,1,108,10,14,132,1,157,76,0,76,233
06/19/2020,GNV,FL,ASO,ES,Federal Contract Tower,11,18,42,0,71,0,0,63,0,63,11,18,105,0,134,84,0,84,218
06/20/2020,GNV,FL,ASO,ES,Federal Contract Tower,10,5,43,0,58,0,0,51,0,51,10,5,94,0,109,52,0,52,161
06/21/2020,GNV,FL,ASO,ES,Federal Contract Tower,10,9,29,0,48,0,0,115,2,117,10,9,144,2,165,60,16,76,241
06/22/2020,GNV,FL,ASO,ES,Federal Contract Tower,10,8,36,1,55,0,0,99,0,99,10,8,135,1,154,70,0,70,224
06/23/2020,GNV,FL,ASO,ES,Federal Contract Tower,10,10,32,16,68,0,0,102,0,102,10,10,134,16,170,20,0,20,190
06/24/2020,GNV,FL,ASO,ES,Federal Contract Tower,10,7,26,4,47,0,1,102,1,104,10,8,128,5,151,90,0,90,241
06/25/2020,GNV,FL,ASO,ES,Federal Contract Tower,10,6,55,29,100,0,0,78,1,79,10,6,133,30,179,112,24,136,315
06/26/2020,GNV,FL,ASO,ES,Federal Contract Tower,9,9,27,2,47,0,0,85,0,85,9,9,112,2,132,98,0,98,230
06/27/2020,GNV,FL,ASO,ES,Federal Contract Tower,12,7,14,0,33,0,0,64,0,64,12,7,78,0,97,8,0,8,105
06/28/2020,GNV,FL,ASO,ES,Federal Contract Tower,10,7,19,0,36,0,0,74,0,74,10,7,93,0,110,64,0,64,174
06/29/2020,GNV,FL,ASO,ES,Federal Contract Tower,10,5,27,0,42,0,0,68,2,70,10,5,95,2,112,64,2,66,178
06/30/2020,GNV,FL,ASO,ES,Federal Contract Tower,10,12,34,3,59,0,0,44,0,44,10,12,78,3,103,36,0,36,139
07/01/2020,GNV,FL,ASO,ES,Federal Contract Tower,9,8,21,0,38,0,0,53,2,55,9,8,74,2,93,46,0,46,139
07/02/2020,GNV,FL,ASO,ES,Federal Contract Tower,12,11,31,0,54,0,0,72,0,72,12,11,103,0,126,86,0,86,212
07/03/2020,GNV,FL,ASO,ES,Federal Contract Tower,12,4,19,0,35,0,0,55,0,55,12,4,74,0,90,32,0,32,122
07/04/2020,GNV,FL,ASO,ES,Federal Contract Tower,11,0,7,0,18,0,0,28,0,28,11,0,35,0,46,18,0,18,64
07/05/2020,GNV,FL,ASO,ES,Federal Contract Tower,13,2,21,0,36,0,0,18,0,18,13,2,39,0,54,8,0,8,62
07/06/2020,GNV,FL,ASO,ES,Federal Contract Tower,11,5,12,0,28,0,0,29,0,29,11,5,41,0,57,14,0,14,71
07/07/2020,GNV,FL,ASO,ES,Federal Contract Tower,10,9,30,4,53,0,2,44,4,50,10,11,74,8,103,20,12,32,135
07/08/2020,GNV,FL,ASO,ES,Federal Contract Tower,10,11,39,7,67,0,5,53,1,59,10,16,92,8,126,40,2,42,168
07/09/2020,GNV,FL,ASO,ES,Federal Contract Tower,12,12,39,1,64,0,4,51,4,59,12,16,90,5,123,74,16,90,213
07/10/2020,GNV,FL,ASO,ES,Federal Contract Tower,12,6,29,0,47,0,2,52,0,54,12,8,81,0,101,32,0,32,133
07/11/2020,GNV,FL,ASO,ES,Federal Contract Tower,10,4,28,0,42,0,0,64,0,64,10,4,92,0,106,62,0,62,168
07/12/2020,GNV,FL,ASO,ES,Federal Contract Tower,13,1,35,7,56,0,0,86,7,93,13,1,121,14,149,22,8,30,179
07/13/2020,GNV,FL,ASO,ES,Federal Contract Tower,12,4,21,7,44,0,0,95,0,95,12,4,116,7,139,68,18,86,225
07/14/2020,GNV,FL,ASO,ES,Federal Contract Tower,10,8,27,4,49,0,1,93,2,96,10,9,120,6,145,36,2,38,183
07/15/2020,GNV,FL,ASO,ES,Federal Contract Tower,9,9,33,0,51,0,0,106,0,106,9,9,139,0,157,26,0,26,183
07/16/2020,GNV,FL,ASO,ES,Federal Contract Tower,15,5,35,4,59,0,0,104,0,104,15,5,139,4,163,80,0,80,243
07/17/2020,GNV,FL,ASO,ES,Federal Contract Tower,12,8,33,1,54,0,0,82,1,83,12,8,115,2,137,42,6,48,185
07/18/2020,GNV,FL,ASO,ES,Federal Contract Tower,10,6,30,0,46,0,0,53,0,53,10,6,83,0,99,14,0,14,113
07/19/2020,GNV,FL,ASO,ES,Federal Contract Tower,11,4,18,0,33,0,0,85,0,85,11,4,103,0,118,72,0,72,190
07/20/2020,GNV,FL,ASO,ES,Federal Contract Tower,11,3,33,2,49,0,0,88,3,91,11,3,121,5,140,108,0,108,248
07/21/2020,GNV,FL,ASO,ES,Federal Contract Tower,10,5,40,0,55,0,2,62,4,68,10,7,102,4,123,72,12,84,207
07/22/2020,GNV,FL,ASO,ES,Federal Contract Tower,11,9,22,3,45,0,0,40,7,47,11,9,62,10,92,48,4,52,144
07/23/2020,GNV,FL,ASO,ES,Federal Contract Tower,12,5,28,6,51,0,0,0,0,0,12,5,28,6,51,90,0,90,141
07/24/2020,GNV,FL,ASO,ES,Federal Contract Tower,12,12,41,0,65,0,0,73,2,75,12,12,114,2,140,70,0,70,210
07/25/2020,GNV,FL,ASO,ES,Federal Contract Tower,10,9,24,0,43,0,0,53,0,53,10,9,77,0,96,42,0,42,138
07/26/2020,GNV,FL,ASO,ES,Federal Contract Tower,14,5,20,0,39,0,0,63,0,63,14,5,83,0,102,68,0,68,170
07/27/2020,GNV,FL,ASO,ES,Federal Contract Tower,13,8,20,9,50,0,0,64,6,70,13,8,84,15,120,96,24,120,240
07/28/2020,GNV,FL,ASO,ES,Federal Contract Tower,12,7,30,6,55,0,0,72,1,73,12,7,102,7,128,154,0,154,282
07/29/2020,GNV,FL,ASO,ES,Federal Contract Tower,10,10,19,0,39,0,0,43,4,47,10,10,62,4,86,56,0,56,142
07/30/2020,GNV,FL,ASO,ES,Federal Contract Tower,13,9,33,8,63,0,0,84,2,86,13,9,117,10,149,86,0,86,235
07/31/2020,GNV,FL,ASO,ES,Federal Contract Tower,11,8,54,1,74,0,0,69,0,69,11,8,123,1,143,60,0,60,203
08/01/2020,GNV,FL,ASO,ES,Federal Contract Tower,13,4,32,0,49,0,0,99,0,99,13,4,131,0,148,38,0,38,186
08/02/2020,GNV,FL,ASO,ES,Federal Contract Tower,13,4,8,0,25,0,0,34,0,34,13,4,42,0,59,48,0,48,107
08/03/2020,GNV,FL,ASO,ES,Federal Contract Tower,13,11,40,8,72,0,0,59,1,60,13,11,99,9,132,72,0,72,204
08/04/2020,GNV,FL,ASO,ES,Federal Contract Tower,10,6,31,0,47,0,0,103,0,103,10,6,134,0,150,50,0,50,200
08/05/2020,GNV,FL,ASO,ES,Federal Contract Tower,9,7,27,4,47,0,0,68,1,69,9,7,95,5,116,68,14,82,198
08/06/2020,GNV,FL,ASO,ES,Federal Contract Tower,13,10,29,2,54,0,2,54,0,56,13,12,83,2,110,50,0,50,160
08/07/2020,GNV,FL,ASO,ES,Federal Contract Tower,14,5,36,0,55,0,0,69,0,69,14,5,105,0,124,58,0,58,182
08/08/2020,GNV,FL,ASO,ES,Federal Contract Tower,14,4,28,0,46,0,0,77,0,77,14,4,105,0,123,30,0,30,153
08/09/2020,GNV,FL,ASO,ES,Federal Contract Tower,14,5,13,0,32,0,0,73,0,73,14,5,86,0,105,32,0,32,137
08/10/2020,GNV,FL,ASO,ES,Federal Contract Tower,13,11,30,4,58,0,0,87,4,91,13,11,117,8,149,30,0,30,179
08/11/2020,GNV,FL,ASO,ES,Federal Contract Tower,9,4,24,6,43,0,0,47,5,52,9,4,71,11,95,44,10,54,149
08/12/2020,GNV,FL,ASO,ES,Federal Contract Tower,9,6,17,2,34,0,0,73,0,73,9,6,90,2,107,46,0,46,153
08/13/2020,GNV,FL,ASO,ES,Federal Contract Tower,12,3,31,6,52,0,0,72,0,72,12,3,103,6,124,80,4,84,208
08/14/2020,GNV,FL,ASO,ES,Federal Contract Tower,15,5,40,0,60,0,0,93,0,93,15,5,133,0,153,88,0,88,241
08/15/2020,GNV,FL,ASO,ES,Federal Contract Tower,13,4,28,0,45,0,0,54,0,54,13,4,82,0,99,48,0,48,147
08/16/2020,GNV,FL,ASO,ES,Federal Contract Tower,13,5,33,0,51,0,0,62,0,62,13,5,95,0,113,64,0,64,177
08/17/2020,GNV,FL,ASO,ES,Federal Contract Tower,14,6,39,11,70,0,0,81,1,82,14,6,120,12,152,78,6,84,236
08/18/2020,GNV,FL,ASO,ES,Federal Contract Tower,14,9,36,2,61,0,0,29,0,29,14,9,65,2,90,44,0,44,134
08/19/2020,GNV,FL,ASO,ES,Federal Contract Tower,11,8,21,9,49,0,0,48,0,48,11,8,69,9,97,104,0,104,201
08/20/2020,GNV,FL,ASO,ES,Federal Contract Tower,15,3,30,4,52,0,3,13,0,16,15,6,43,4,68,8,0,8,76
08/21/2020,GNV,FL,ASO,ES,Federal Contract Tower,16,5,40,2,63,0,0,26,0,26,16,5,66,2,89,42,0,42,131
08/22/2020,GNV,FL,ASO,ES,Federal Contract Tower,15,4,35,0,54,0,0,45,0,45,15,4,80,0,99,26,0,26,125
08/23/2020,GNV,FL,ASO,ES,Federal Contract Tower,15,6,37,0,58,0,0,36,0,36,15,6,73,0,94,54,0,54,148
08/24/2020,GNV,FL,ASO,ES,Federal Contract Tower,17,4,46,13,80,0,0,40,0,40,17,4,86,13,120,46,0,46,166
08/25/2020,GNV,FL,ASO,ES,Federal Contract Tower,11,9,41,2,63,0,5,42,4,51,11,14,83,6,114,24,0,24,138
08/26/2020,GNV,FL,ASO,ES,Federal Contract Tower,11,10,42,8,71,0,2,75,0,77,11,12,117,8,148,58,0,58,206
08/27/2020,GNV,FL,ASO,ES,Federal Contract Tower,15,11,47,13,86,0,0,76,2,78,15,11,123,15,164,40,4,44,208
08/28/2020,GNV,FL,ASO,ES,Federal Contract Tower,16,8,39,2,65,0,0,74,7,81,16,8,113,9,146,54,0,54,200
08/29/2020,GNV,FL,ASO,ES,Federal Contract Tower,14,2,29,0,45,0,0,30,0,30,14,2,59,0,75,46,0,46,121
08/30/2020,GNV,FL,ASO,ES,Federal Contract Tower,16,2,30,1,49,0,0,24,2,26,16,2,54,3,75,28,0,28,103
08/31/2020,GNV,FL,ASO,ES,Federal Contract Tower,16,5,20,0,41,0,0,15,0,15,16,5,35,0,56,30,0,30,86
09/01/2020,GNV,FL,ASO,ES,Federal Contract Tower,11,4,30,4,49,0,0,27,4,31,11,4,57,8,80,22,24,46,126
09/02/2020,GNV,FL,ASO,ES,Federal Contract Tower,12,3,53,0,68,0,0,40,2,42,12,3,93,2,110,38,4,42,152
09/03/2020,GNV,FL,ASO,ES,Federal Contract Tower,17,13,56,17,103,0,1,87,2,90,17,14,143,19,193,66,0,66,259
09/04/2020,GNV,FL,ASO,ES,Federal Contract Tower,16,10,26,9,61,0,2,92,3,97,16,12,118,12,158,62,0,62,220
09/05/2020,GNV,FL,ASO,ES,Federal Contract Tower,15,2,33,0,50,0,0,103,0,103,15,2,136,0,153,40,0,40,193
09/06/2020,GNV,FL,ASO,ES,Federal Contract Tower,15,0,7,0,22,0,0,42,0,42,15,0,49,0,64,32,0,32,96
09/07/2020,GNV,FL,ASO,ES,Federal Contract Tower,13,8,33,0,54,0,0,56,0,56,13,8,89,0,110,22,0,22,132
09/08/2020,GNV,FL,ASO,ES,Federal Contract Tower,13,13,25,2,53,0,0,33,0,33,13,13,58,2,86,60,0,60,146
09/09/2020,GNV,FL,ASO,ES,Federal Contract Tower,12,8,32,2,54,0,4,22,10,36,12,12,54,12,90,38,0,38,128
09/10/2020,GNV,FL,ASO,ES,Federal Contract Tower,15,9,31,1,56,0,0,48,12,60,15,9,79,13,116,64,10,74,190
09/11/2020,GNV,FL,ASO,ES,Federal Contract Tower,15,4,36,2,57,0,0,30,0,30,15,4,66,2,87,54,0,54,141
09/12/2020,GNV,FL,ASO,ES,Federal Contract Tower,15,6,27,0,48,0,0,39,0,39,15,6,66,0,87,12,0,12,99
09/13/2020,GNV,FL,ASO,ES,Federal Contract Tower,15,6,23,2,46,0,0,10,0,10,15,6,33,2,56,18,4,22,78
09/14/2020,GNV,FL,ASO,ES,Federal Contract Tower,15,6,21,3,45,0,0,58,4,62,15,6,79,7,107,84,30,114,221
09/15/2020,GNV,FL,ASO,ES,Federal Contract Tower,11,2,24,17,54,0,3,44,8,55,11,5,68,25,109,50,2,52,161
09/16/2020,GNV,FL,ASO,ES,Federal Contract Tower,12,3,35,0,50,0,0,30,8,38,12,3,65,8,88,22,4,26,114
09/17/2020,GNV,FL,ASO,ES,Federal Contract Tower,14,7,19,2,42,0,0,13,3,16,14,7,32,5,58,2,0,2,60
09/18/2020,GNV,FL,ASO,ES,Federal Contract Tower,18,10,61,2,91,0,0,88,0,88,18,10,149,2,179,28,0,28,207
09/19/2020,GNV,FL,ASO,ES,Federal Contract Tower,15,5,31,0,51,0,0,0,0,0,15,5,31,0,51,0,0,0,51
09/20/2020,GNV,FL,ASO,ES,Federal Contract Tower,14,9,14,0,37,0,0,1,0,1,14,9,15,0,38,0,0,0,38
09/21/2020,GNV,FL,ASO,ES,Federal Contract Tower,13,7,34,0,54,0,0,30,0,30,13,7,64,0,84,0,0,0,84
09/22/2020,GNV,FL,ASO,ES,Federal Contract Tower,12,7,44,3,66,0,4,52,4,60,12,11,96,7,126,48,0,48,174
09/23/2020,GNV,FL,ASO,ES,Federal Contract Tower,12,11,44,9,76,0,3,106,2,111,12,14,150,11,187,72,10,82,269
09/24/2020,GNV,FL,ASO,ES,Federal Contract Tower,13,15,55,4,87,0,0,81,8,89,13,15,136,12,176,30,24,54,230
09/25/2020,GNV,FL,ASO,ES,Federal Contract Tower,16,13,60,19,108,0,0,105,3,108,16,13,165,22,216,60,6,66,282
09/26/2020,GNV,FL,ASO,ES,Federal Contract Tower,16,9,41,0,66,0,0,73,0,73,16,9,114,0,139,36,0,36,175
09/27/2020,GNV,FL,ASO,ES,Federal Contract Tower,14,10,39,0,63,0,0,22,9,31,14,10,61,9,94,14,0,14,108
09/28/2020,GNV,FL,ASO,ES,Federal Contract Tower,17,12,29,0,58,0,0,36,0,36,17,12,65,0,94,26,0,26,120
09/29/2020,GNV,FL,ASO,ES,Federal Contract Tower,13,15,38,0,66,0,0,35,2,37,13,15,73,2,103,52,0,52,155
09/30/2020,GNV,FL,ASO,ES,Federal Contract Tower,12,10,72,0,94,0,3,113,6,122,12,13,185,6,216,48,0,48,264
10/01/2020,GNV,FL,ASO,ES,Federal Contract Tower,15,6,29,6,56,0,1,128,2,131,15,7,157,8,187,52,0,52,239
10/02/2020,GNV,FL,ASO,ES,Federal Contract Tower,18,19,59,12,108,0,0,92,7,99,18,19,151,19,207,86,0,86,293
10/03/2020,GNV,FL,ASO,ES,Federal Contract Tower,16,4,45,0,65,0,0,61,0,61,16,4,106,0,126,32,0,32,158
10/04/2020,GNV,FL,ASO,ES,Federal Contract Tower,16,8,28,5,57,0,0,4,3,7,16,8,32,8,64,0,0,0,64
10/05/2020,GNV,FL,ASO,ES,Federal Contract Tower,16,4,32,0,52,0,0,0,0,0,16,4,32,0,52,0,0,0,52
10/06/2020,GNV,FL,ASO,ES,Federal Contract Tower,12,8,36,0,56,0,0,28,0,28,12,8,64,0,84,12,0,12,96
10/07/2020,GNV,FL,ASO,ES,Federal Contract Tower,12,11,44,6,73,0,3,29,2,34,12,14,73,8,107,40,0,40,147
10/08/2020,GNV,FL,ASO,ES,Federal Contract Tower,19,9,47,6,81,0,0,39,0,39,19,9,86,6,120,26,6,32,152
10/09/2020,GNV,FL,ASO,ES,Federal Contract Tower,19,6,37,2,64,0,0,21,0,21,19,6,58,2,85,18,0,18,103
10/10/2020,GNV,FL,ASO,ES,Federal Contract Tower,17,2,31,0,50,0,0,37,0,37,17,2,68,0,87,16,0,16,103
10/11/2020,GNV,FL,ASO,ES,Federal Contract Tower,17,6,24,0,47,0,0,55,0,55,17,6,79,0,102,72,0,72,174
10/12/2020,GNV,FL,ASO,ES,Federal Contract Tower,15,4,45,0,64,0,0,67,0,67,15,4,112,0,131,36,0,36,167
10/13/2020,GNV,FL,ASO,ES,Federal Contract Tower,12,8,37,1,58,0,2,96,4,102,12,10,133,5,160,68,0,68,228
10/14/2020,GNV,FL,ASO,ES,Federal Contract Tower,12,4,36,2,54,0,2,101,7,110,12,6,137,9,164,74,12,86,250
10/15/2020,GNV,FL,ASO,ES,Federal Contract Tower,17,6,39,0,62,0,4,86,0,90,17,10,125,0,152,66,0,66,218
10/16/2020,GNV,FL,ASO,ES,Federal Contract Tower,19,6,43,4,72,0,0,98,0,98,19,6,141,4,170,44,0,44,214
10/17/2020,GNV,FL,ASO,ES,Federal Contract Tower,17,4,15,2,38,0,0,86,2,88,17,4,101,4,126,62,0,62,188
10/18/2020,GNV,FL,ASO,ES,Federal Contract Tower,18,2,17,10,47,0,0,49,0,49,18,2,66,10,96,16,0,16,112
10/19/2020,GNV,FL,ASO,ES,Federal Contract Tower,17,4,28,2,51,0,0,62,2,64,17,4,90,4,115,14,14,28,143
10/20/2020,GNV,FL,ASO,ES,Federal Contract Tower,13,3,36,0,52,0,5,16,0,21,13,8,52,0,73,22,0,22,95
10/21/2020,GNV,FL,ASO,ES,Federal Contract Tower,12,8,26,0,46,0,0,30,1,31,12,8,56,1,77,10,0,10,87
10/22/2020,GNV,FL,ASO,ES,Federal Contract Tower,16,9,35,0,60,0,0,44,0,44,16,9,79,0,104,16,0,16,120
10/23/2020,GNV,FL,ASO,ES,Federal Contract Tower,17,18,25,9,69,0,2,42,5,49,17,20,67,14,118,64,0,64,182
10/24/2020,GNV,FL,ASO,ES,Federal Contract Tower,17,7,33,3,60,0,0,92,3,95,17,7,125,6,155,62,8,70,225
10/25/2020,GNV,FL,ASO,ES,Federal Contract Tower,17,0,26,2,45,0,0,83,11,94,17,0,109,13,139,52,0,52,191
10/26/2020,GNV,FL,ASO,ES,Federal Contract Tower,17,8,30,4,59,0,0,73,4,77,17,8,103,8,136,50,4,54,190
10/27/2020,GNV,FL,ASO,ES,Federal Contract Tower,12,10,33,0,55,0,0,56,10,66,12,10,89,10,121,40,4,44,165
10/28/2020,GNV,FL,ASO,ES,Federal Contract Tower,12,9,38,0,59,0,0,81,10,91,12,9,119,10,150,62,0,62,212
10/29/2020,GNV,FL,ASO,ES,Federal Contract Tower,16,9,26,7,58,0,1,25,0,26,16,10,51,7,84,4,0,4,88
10/30/2020,GNV,FL,ASO,ES,Federal Contract Tower,19,10,29,3,61,0,0,101,1,102,19,10,130,4,163,70,0,70,233
10/31/2020,GNV,FL,ASO,ES,Federal Contract Tower,11,7,41,0,59,0,0,84,0,84,11,7,125,0,143,26,0,26,169
11/01/2020,GNV,FL,ASO,ES,Federal Contract Tower,15,4,43,0,62,0,0,34,0,34,15,4,77,0,96,14,0,14,110
11/02/2020,GNV,FL,ASO,ES,Federal Contract Tower,14,6,22,4,46,0,0,60,1,61,14,6,82,5,107,22,6,28,135
11/03/2020,GNV,FL,ASO,ES,Federal Contract Tower,7,6,34,11,58,0,0,84,7,91,7,6,118,18,149,24,4,28,177
11/04/2020,GNV,FL,ASO,ES,Federal Contract Tower,12,6,38,0,56,0,0,79,5,84,12,6,117,5,140,38,20,58,198
11/05/2020,GNV,FL,ASO,ES,Federal Contract Tower,18,10,41,2,71,0,0,89,2,91,18,10,130,4,162,96,0,96,258
11/06/2020,GNV,FL,ASO,ES,Federal Contract Tower,16,9,36,4,65,0,0,55,3,58,16,9,91,7,123,38,0,38,161
11/07/2020,GNV,FL,ASO,ES,Federal Contract Tower,17,9,29,0,55,0,0,34,4,38,17,9,63,4,93,8,0,8,101
11/08/2020,GNV,FL,ASO,ES,Federal Contract Tower,17,6,11,0,34,0,0,25,0,25,17,6,36,0,59,4,0,4,63
11/09/2020,GNV,FL,ASO,ES,Federal Contract Tower,17,3,17,0,37,0,0,6,0,6,17,3,23,0,43,0,0,0,43
11/10/2020,GNV,FL,ASO,ES,Federal Contract Tower,12,7,26,4,49,0,2,8,5,15,12,9,34,9,64,0,0,0,64
11/11/2020,GNV,FL,ASO,ES,Federal Contract Tower,14,11,25,0,50,0,0,3,0,3,14,11,28,0,53,0,0,0,53
11/12/2020,GNV,FL,ASO,ES,Federal Contract Tower,16,4,20,0,40,0,1,10,0,11,16,5,30,0,51,14,0,14,65
11/13/2020,GNV,FL,ASO,ES,Federal Contract Tower,18,6,53,2,79,0,0,22,1,23,18,6,75,3,102,16,4,20,122
11/14/2020,GNV,FL,ASO,ES,Federal Contract Tower,20,8,58,2,88,0,2,69,0,71,20,10,127,2,159,20,0,20,179
11/15/2020,GNV,FL,ASO,ES,Federal Contract Tower,19,7,39,6,71,0,0,73,3,76,19,7,112,9,147,84,0,84,231
11/16/2020,GNV,FL,ASO,ES,Federal Contract Tower,17,3,34,0,54,0,0,77,0,77,17,3,111,0,131,32,0,32,163
11/18/2020,GNV,FL,ASO,ES,Federal Contract Tower,12,18,27,1,58,0,0,62,7,69,12,18,89,8,127,12,0,12,139
11/19/2020,GNV,FL,ASO,ES,Federal Contract Tower,18,2,30,0,50,0,0,83,0,83,18,2,113,0,133,112,0,112,245
11/20/2020,GNV,FL,ASO,ES,Federal Contract Tower,19,4,53,6,82,0,0,35,30,65,19,4,88,36,147,42,0,42,189
11/21/2020,GNV,FL,ASO,ES,Federal Contract Tower,21,6,43,0,70,0,0,53,0,53,21,6,96,0,123,40,0,40,163
11/22/2020,GNV,FL,ASO,ES,Federal Contract Tower,21,13,35,9,78,0,0,44,26,70,21,13,79,35,148,47,0,47,195
11/23/2020,GNV,FL,ASO,ES,Federal Contract Tower,17,7,40,0,64,0,1,92,0,93,17,8,132,0,157,68,0,68,225
11/24/2020,GNV,FL,ASO,ES,Federal Contract Tower,20,5,35,2,62,0,12,119,2,133,20,17,154,4,195,42,0,42,237
11/25/2020,GNV,FL,ASO,ES,Federal Contract Tower,18,7,31,0,56,0,0,104,0,104,18,7,135,0,160,40,0,40,200
11/26/2020,GNV,FL,ASO,ES,Federal Contract Tower,9,4,17,0,30,0,0,33,0,33,9,4,50,0,63,10,0,10,73
11/27/2020,GNV,FL,ASO,ES,Federal Contract Tower,15,9,27,0,51,0,2,79,0,81,15,11,106,0,132,32,0,32,164
11/28/2020,GNV,FL,ASO,ES,Federal Contract Tower,20,10,41,0,71,0,0,49,0,49,20,10,90,0,120,44,0,44,164
11/29/2020,GNV,FL,ASO,ES,Federal Contract Tower,22,6,44,0,72,0,0,7,0,7,22,6,51,0,79,6,0,6,85
11/30/2020,GNV,FL,ASO,ES,Federal Contract Tower,19,5,25,5,54,0,0,49,2,51,19,5,74,7,105,6,6,12,117
12/01/2020,GNV,FL,ASO,ES,Federal Contract Tower,19,11,33,11,74,0,0,96,4,100,19,11,129,15,174,20,8,28,202
12/02/2020,GNV,FL,ASO,ES,Federal Contract Tower,13,8,47,3,71,0,0,79,1,80,13,8,126,4,151,30,10,40,191
12/03/2020,GNV,FL,ASO,ES,Federal Contract Tower,15,9,53,4,81,0,1,88,14,103,15,10,141,18,184,54,0,54,238
12/04/2020,GNV,FL,ASO,ES,Federal Contract Tower,20,15,39,10,84,0,0,70,25,95,20,15,109,35,179,26,0,26,205
12/05/2020,GNV,FL,ASO,ES,Federal Contract Tower,14,11,32,3,60,0,0,119,3,122,14,11,151,6,182,30,0,30,212
12/06/2020,GNV,FL,ASO,ES,Federal Contract Tower,16,0,32,13,61,0,5,78,13,96,16,5,110,26,157,22,15,37,194
12/07/2020,GNV,FL,ASO,ES,Federal Contract Tower,18,9,25,1,53,0,0,52,4,56,18,9,77,5,109,54,0,54,163
12/08/2020,GNV,FL,ASO,ES,Federal Contract Tower,14,9,33,1,57,0,0,97,1,98,14,9,130,2,155,40,0,40,195
12/09/2020,GNV,FL,ASO,ES,Federal Contract Tower,16,12,40,3,71,0,0,100,4,104,16,12,140,7,175,36,0,36,211
12/10/2020,GNV,FL,ASO,ES,Federal Contract Tower,18,12,33,1,64,0,0,98,6,104,18,12,131,7,168,54,0,54,222
12/11/2020,GNV,FL,ASO,ES,Federal Contract Tower,18,3,30,8,59,0,0,127,10,137,18,3,157,18,196,100,4,104,300
12/12/2020,GNV,FL,ASO,ES,Federal Contract Tower,13,4,39,3,59,0,0,31,2,33,13,4,70,5,92,16,14,30,122
12/13/2020,GNV,FL,ASO,ES,Federal Contract Tower,16,6,46,2,70,0,0,64,2,66,16,6,110,4,136,18,0,18,154
12/14/2020,GNV,FL,ASO,ES,Federal Contract Tower,17,7,41,0,65,0,0,33,0,33,17,7,74,0,98,32,0,32,130
12/15/2020,GNV,FL,ASO,ES,Federal Contract Tower,12,7,37,3,59,0,36,50,2,88,12,43,87,5,147,52,0,52,199
12/16/2020,GNV,FL,ASO,ES,Federal Contract Tower,14,3,21,1,39,0,0,0,0,0,14,3,21,1,39,0,0,0,39
12/17/2020,GNV,FL,ASO,ES,Federal Contract Tower,16,8,62,6,92,0,4,78,2,84,16,12,140,8,176,70,0,70,246
12/18/2020,GNV,FL,ASO,ES,Federal Contract Tower,20,13,37,8,78,0,0,144,0,144,20,13,181,8,222,44,8,52,274
12/19/2020,GNV,FL,ASO,ES,Federal Contract Tower,20,2,30,7,59,0,2,80,1,83,20,4,110,8,142,40,20,60,202
12/20/2020,GNV,FL,ASO,ES,Federal Contract Tower,18,2,28,0,48,0,0,9,0,9,18,2,37,0,57,12,0,12,69
12/21/2020,GNV,FL,ASO,ES,Federal Contract Tower,16,7,31,0,54,0,0,49,2,51,16,7,80,2,105,66,0,66,171
12/22/2020,GNV,FL,ASO,ES,Federal Contract Tower,17,6,19,0,42,0,7,134,0,141,17,13,153,0,183,54,0,54,237
12/23/2020,GNV,FL,ASO,ES,Federal Contract Tower,18,4,38,0,60,0,3,102,0,105,18,7,140,0,165,44,0,44,209
12/24/2020,GNV,FL,ASO,ES,Federal Contract Tower,16,4,8,0,28,0,0,16,0,16,16,4,24,0,44,0,0,0,44
12/25/2020,GNV,FL,ASO,ES,Federal Contract Tower,12,4,6,0,22,0,0,27,0,27,12,4,33,0,49,2,0,2,51
12/26/2020,GNV,FL,ASO,ES,Federal Contract Tower,18,4,21,0,43,0,0,56,0,56,18,4,77,0,99,24,0,24,123
12/27/2020,GNV,FL,ASO,ES,Federal Contract Tower,15,13,14,0,42,0,0,74,0,74,15,13,88,0,116,28,0,28,144
12/28/2020,GNV,FL,ASO,ES,Federal Contract Tower,22,7,15,0,44,0,0,118,2,120,22,7,133,2,164,56,0,56,220
12/29/2020,GNV,FL,ASO,ES,Federal Contract Tower,20,3,26,4,53,0,0,88,4,92,20,3,114,8,145,40,6,46,191
12/30/2020,GNV,FL,ASO,ES,Federal Contract Tower,17,10,38,6,71,0,2,64,4,70,17,12,102,10,141,70,4,74,215
12/31/2020,GNV,FL,ASO,ES,Federal Contract Tower,18,11,10,0,39,0,3,36,0,39,18,14,46,0,78,10,0,10,88
01/01/2021,GNV,FL,ASO,ES,Federal Contract Tower,13,4,12,0,29,0,0,14,0,14,13,4,26,0,43,0,0,0,43
01/02/2021,GNV,FL,ASO,ES,Federal Contract Tower,18,5,22,1,46,0,0,40,0,40,18,5,62,1,86,70,0,70,156
01/03/2021,GNV,FL,ASO,ES,Federal Contract Tower,19,6,24,0,49,0,0,71,0,71,19,6,95,0,120,38,0,38,158
01/04/2021,GNV,FL,ASO,ES,Federal Contract Tower,19,4,29,4,56,0,0,100,0,100,19,4,129,4,156,30,14,44,200
01/05/2021,GNV,FL,ASO,ES,Federal Contract Tower,14,5,52,0,71,0,3,67,0,70,14,8,119,0,141,36,0,36,177
01/06/2021,GNV,FL,ASO,ES,Federal Contract Tower,12,9,15,0,36,0,1,100,1,102,12,10,115,1,138,37,0,37,175
01/07/2021,GNV,FL,ASO,ES,Federal Contract Tower,17,9,15,4,45,0,0,54,0,54,17,9,69,4,99,32,0,32,131
01/08/2021,GNV,FL,ASO,ES,Federal Contract Tower,15,3,42,21,81,0,0,59,14,73,15,3,101,35,154,50,0,50,204
01/09/2021,GNV,FL,ASO,ES,Federal Contract Tower,16,7,38,0,61,0,2,32,0,34,16,9,70,0,95,30,0,30,125
01/10/2021,GNV,FL,ASO,ES,Federal Contract Tower,18,8,29,15,70,0,0,101,17,118,18,8,130,32,188,20,6,26,214
01/11/2021,GNV,FL,ASO,ES,Federal Contract Tower,15,8,24,4,51,0,0,85,3,88,15,8,109,7,139,48,20,68,207
01/12/2021,GNV,FL,ASO,ES,Federal Contract Tower,12,11,39,10,72,0,0,4,5,9,12,11,43,15,81,0,0,0,81
01/13/2021,GNV,FL,ASO,ES,Federal Contract Tower,15,12,37,0,64,0,0,19,0,19,15,12,56,0,83,4,0,4,87
01/14/2021,GNV,FL,ASO,ES,Federal Contract Tower,17,11,42,3,73,0,2,80,7,89,17,13,122,10,162,38,10,48,210
01/15/2021,GNV,FL,ASO,ES,Federal Contract Tower,17,8,19,0,44,0,0,47,0,47,17,8,66,0,91,20,0,20,111
01/16/2021,GNV,FL,ASO,ES,Federal Contract Tower,16,2,24,0,42,0,0,46,1,47,16,2,70,1,89,22,2,24,113
01/17/2021,GNV,FL,ASO,ES,Federal Contract Tower,16,7,32,0,55,0,0,86,0,86,16,7,118,0,141,50,2,52,193
01/18/2021,GNV,FL,ASO,ES,Federal Contract Tower,18,10,35,0,63,0,0,116,1,117,18,10,151,1,180,44,4,48,228
01/19/2021,GNV,FL,ASO,ES,Federal Contract Tower,13,4,52,12,81,0,0,77,6,83,13,4,129,18,164,49,9,58,222
01/20/2021,GNV,FL,ASO,ES,Federal Contract Tower,13,6,25,9,53,0,2,88,8,98,13,8,113,17,151,68,8,76,227
01/21/2021,GNV,FL,ASO,ES,Federal Contract Tower,15,8,61,20,104,0,0,115,10,125,15,8,176,30,229,48,30,78,307
01/22/2021,GNV,FL,ASO,ES,Federal Contract Tower,16,8,39,78,141,0,0,17,19,36,16,8,56,97,177,6,20,26,203
01/23/2021,GNV,FL,ASO,ES,Federal Contract Tower,11,5,20,0,36,0,0,17,0,17,11,5,37,0,53,10,0,10,63
01/24/2021,GNV,FL,ASO,ES,Federal Contract Tower,18,17,32,16,83,0,0,9,13,22,18,17,41,29,105,16,0,16,121
01/25/2021,GNV,FL,ASO,ES,Federal Contract Tower,17,5,44,18,84,0,0,50,5,55,17,5,94,23,139,20,22,42,181
01/26/2021,GNV,FL,ASO,ES,Federal Contract Tower,13,12,48,2,75,0,0,52,0,52,13,12,100,2,127,44,0,44,171
01/27/2021,GNV,FL,ASO,ES,Federal Contract Tower,14,13,40,1,68,0,0,0,0,0,14,13,40,1,68,0,0,0,68
01/28/2021,GNV,FL,ASO,ES,Federal Contract Tower,14,12,41,6,73,0,2,71,1,74,14,14,112,7,147,44,0,44,191
01/29/2021,GNV,FL,ASO,ES,Federal Contract Tower,21,3,35,9,68,0,0,132,13,145,21,3,167,22,213,44,0,44,257
01/30/2021,GNV,FL,ASO,ES,Federal Contract Tower,18,6,31,0,55,0,0,132,0,132,18,6,163,0,187,42,0,42,229
01/31/2021,GNV,FL,ASO,ES,Federal Contract Tower,21,4,14,8,47,0,0,39,14,53,21,4,53,22,100,0,0,0,100
02/01/2021,GNV,FL,ASO,ES,Federal Contract Tower,16,9,28,34,87,0,0,34,0,34,16,9,62,34,121,55,8,63,184
02/02/2021,GNV,FL,ASO,ES,Federal Contract Tower,12,11,28,13,64,0,0,48,6,54,12,11,76,19,118,2,0,2,120
02/03/2021,GNV,FL,ASO,ES,Federal Contract Tower,12,10,33,30,85,0,0,103,18,121,12,10,136,48,206,32,8,40,246
02/04/2021,GNV,FL,ASO,ES,Federal Contract Tower,18,15,50,11,94,0,0,106,2,108,18,15,156,13,202,122,0,122,324
02/05/2021,GNV,FL,ASO,ES,Federal Contract Tower,19,10,40,2,71,0,0,10,3,13,19,10,50,5,84,28,0,28,112
02/06/2021,GNV,FL,ASO,ES,Federal Contract Tower,13,4,28,0,45,0,0,2,0,2,13,4,30,0,47,0,0,0,47
02/07/2021,GNV,FL,ASO,ES,Federal Contract Tower,12,7,25,17,61,0,0,51,6,57,12,7,76,23,118,20,0,20,138
02/08/2021,GNV,FL,ASO,ES,Federal Contract Tower,17,3,48,0,68,0,0,73,0,73,17,3,121,0,141,100,0,100,241
02/09/2021,GNV,FL,ASO,ES,Federal Contract Tower,11,11,29,0,51,0,0,1,0,1,11,11,30,0,52,4,0,4,56
02/10/2021,GNV,FL,ASO,ES,Federal Contract Tower,14,12,37,9,72,0,0,46,2,48,14,12,83,11,120,20,16,36,156
02/11/2021,GNV,FL,ASO,ES,Federal Contract Tower,16,10,42,5,73,0,2,56,0,58,16,12,98,5,131,32,0,32,163
02/12/2021,GNV,FL,ASO,ES,Federal Contract Tower,17,13,45,10,85,0,0,31,2,33,17,13,76,12,118,26,0,26,144
02/13/2021,GNV,FL,ASO,ES,Federal Contract Tower,14,6,13,0,33,0,0,8,0,8,14,6,21,0,41,12,0,12,53
02/14/2021,GNV,FL,ASO,ES,Federal Contract Tower,12,7,20,8,47,0,0,2,0,2,12,7,22,8,49,0,0,0,49
02/15/2021,GNV,FL,ASO,ES,Federal Contract Tower,16,6,20,0,42,0,0,2,0,2,16,6,22,0,44,0,0,0,44
02/16/2021,GNV,FL,ASO,ES,Federal Contract Tower,8,13,53,2,76,0,0,95,2,97,8,13,148,4,173,100,0,100,273
02/17/2021,GNV,FL,ASO,ES,Federal Contract Tower,12,7,42,0,61,0,2,36,4,42,12,9,78,4,103,32,0,32,135
02/18/2021,GNV,FL,ASO,ES,Federal Contract Tower,17,18,32,8,75,0,1,44,2,47,17,19,76,10,122,6,0,6,128
02/19/2021,GNV,FL,ASO,ES,Federal Contract Tower,17,14,28,9,68,0,0,0,0,0,17,14,28,9,68,0,0,0,68
02/20/2021,GNV,FL,ASO,ES,Federal Contract Tower,16,7,39,1,63,0,0,136,1,137,16,7,175,2,200,78,0,78,278
02/21/2021,GNV,FL,ASO,ES,Federal Contract Tower,19,4,40,5,68,0,0,84,3,87,19,4,124,8,155,24,0,24,179
02/22/2021,GNV,FL,ASO,ES,Federal Contract Tower,21,3,50,8,82,0,0,61,3,64,21,3,111,11,146,42,0,42,188
02/23/2021,GNV,FL,ASO,ES,Federal Contract Tower,14,13,43,2,72,0,0,94,0,94,14,13,137,2,166,42,2,44,210
02/24/2021,GNV,FL,ASO,ES,Federal Contract Tower,14,4,51,6,75,0,0,115,1,116,14,4,166,7,191,86,16,102,293
02/25/2021,GNV,FL,ASO,ES,Federal Contract Tower,19,11,50,10,90,0,0,114,3,117,19,11,164,13,207,72,8,80,287
02/26/2021,GNV,FL,ASO,ES,Federal Contract Tower,22,15,46,16,99,0,0,108,13,121,22,15,154,29,220,40,0,40,260
02/27/2021,GNV,FL,ASO,ES,Federal Contract Tower,15,3,33,2,53,0,0,93,0,93,15,3,126,2,146,146,0,146,292
02/28/2021,GNV,FL,ASO,ES,Federal Contract Tower,19,11,33,11,74,0,0,75,13,88,19,11,108,24,162,14,6,20,182
03/01/2021,GNV,FL,ASO,ES,Federal Contract Tower,20,5,42,4,71,0,0,37,0,37,20,5,79,4,108,52,4,56,164
03/02/2021,GNV,FL,ASO,ES,Federal Contract Tower,13,8,31,0,52,0,0,0,0,0,13,8,31,0,52,0,0,0,52
03/03/2021,GNV,FL,ASO,ES,Federal Contract Tower,14,8,40,0,62,0,0,31,1,32,14,8,71,1,94,36,0,36,130
03/04/2021,GNV,FL,ASO,ES,Federal Contract Tower,21,14,60,7,102,0,0,148,8,156,21,14,208,15,258,48,20,68,326
03/05/2021,GNV,FL,ASO,ES,Federal Contract Tower,16,18,45,16,95,0,2,139,10,151,16,20,184,26,246,56,0,56,302
03/06/2021,GNV,FL,ASO,ES,Federal Contract Tower,19,10,27,0,56,0,0,24,0,24,19,10,51,0,80,48,0,48,128
03/07/2021,GNV,FL,ASO,ES,Federal Contract Tower,20,4,29,18,71,0,0,76,15,91,20,4,105,33,162,60,0,60,222
03/08/2021,GNV,FL,ASO,ES,Federal Contract Tower,17,8,31,5,61,0,0,68,2,70,17,8,99,7,131,76,0,76,207
03/09/2021,GNV,FL,ASO,ES,Federal Contract Tower,18,3,43,0,64,0,2,103,9,114,18,5,146,9,178,50,0,50,228
03/10/2021,GNV,FL,ASO,ES,Federal Contract Tower,17,12,40,0,69,0,2,104,6,112,17,14,144,6,181,52,0,52,233
03/11/2021,GNV,FL,ASO,ES,Federal Contract Tower,18,15,68,1,102,0,0,135,4,139,18,15,203,5,241,94,0,94,335
03/12/2021,GNV,FL,ASO,ES,Federal Contract Tower,21,9,38,2,70,0,0,146,2,148,21,9,184,4,218,58,0,58,276
03/13/2021,GNV,FL,ASO,ES,Federal Contract Tower,14,12,43,0,69,0,0,0,0,0,14,12,43,0,69,66,0,66,135
03/14/2021,GNV,FL,ASO,ES,Federal Contract Tower,19,8,82,8,117,0,0,126,7,133,19,8,208,15,250,26,0,26,276
03/15/2021,GNV,FL,ASO,ES,Federal Contract Tower,18,6,36,4,64,0,0,106,0,106,18,6,142,4,170,28,0,28,198
03/16/2021,GNV,FL,ASO,ES,Federal Contract Tower,17,13,65,8,103,0,0,88,7,95,17,13,153,15,198,46,24,70,268
03/17/2021,GNV,FL,ASO,ES,Federal Contract Tower,19,9,39,0,67,0,2,75,9,86,19,11,114,9,153,77,14,91,244
03/18/2021,GNV,FL,ASO,ES,Federal Contract Tower,17,13,22,6,58,0,2,8,1,11,17,15,30,7,69,0,10,10,79
03/19/2021,GNV,FL,ASO,ES,Federal Contract Tower,21,14,62,5,102,0,0,92,5,97,21,14,154,10,199,22,0,22,221
03/20/2021,GNV,FL,ASO,ES,Federal Contract Tower,16,11,31,2,60,0,2,63,0,65,16,13,94,2,125,24,6,30,155
03/21/2021,GNV,FL,ASO,ES,Federal Contract Tower,18,8,49,3,78,0,0,1,1,2,18,8,50,4,80,0,0,0,80
03/22/2021,GNV,FL,ASO,ES,Federal Contract Tower,21,7,31,12,71,0,0,56,6,62,21,7,87,18,133,28,0,28,161
03/23/2021,GNV,FL,ASO,ES,Federal Contract Tower,16,8,35,6,65,0,3,58,8,69,16,11,93,14,134,54,0,54,188
03/24/2021,GNV,FL,ASO,ES,Federal Contract Tower,15,16,51,9,91,0,4,102,3,109,15,20,153,12,200,32,16,48,248
03/25/2021,GNV,FL,ASO,ES,Federal Contract Tower,18,8,41,5,72,0,0,69,5,74,18,8,110,10,146,12,0,12,158
03/26/2021,GNV,FL,ASO,ES,Federal Contract Tower,18,13,51,52,134,0,0,93,25,118,18,13,144,77,252,50,18,68,320
03/27/2021,GNV,FL,ASO,ES,Federal Contract Tower,15,11,30,0,56,0,0,69,1,70,15,11,99,1,126,44,0,44,170
03/28/2021,GNV,FL,ASO,ES,Federal Contract Tower,18,19,39,8,84,0,2,75,10,87,18,21,114,18,171,36,0,36,207
03/29/2021,GNV,FL,ASO,ES,Federal Contract Tower,19,9,41,0,69,0,0,72,1,73,19,9,113,1,142,44,0,44,186
03/30/2021,GNV,FL,ASO,ES,Federal Contract Tower,18,12,23,2,55,0,0,46,0,46,18,12,69,2,101,22,0,22,123
03/31/2021,GNV,FL,ASO,ES,Federal Contract Tower,16,17,52,0,85,0,10,55,2,67,16,27,107,2,152,82,0,82,234
04/01/2021,GNV,FL,ASO,ES,Federal Contract Tower,18,6,33,0,57,0,0,25,4,29,18,6,58,4,86,8,2,10,96
04/02/2021,GNV,FL,ASO,ES,Federal Contract Tower,19,8,36,3,66,0,0,78,5,83,19,8,114,8,149,38,0,38,187
04/03/2021,GNV,FL,ASO,ES,Federal Contract Tower,17,8,25,1,51,0,0,93,3,96,17,8,118,4,147,8,4,12,159
04/04/2021,GNV,FL,ASO,ES,Federal Contract Tower,18,6,35,0,59,0,0,109,0,109,18,6,144,0,168,32,0,32,200
04/05/2021,GNV,FL,ASO,ES,Federal Contract Tower,17,9,45,10,81,0,0,113,10,123,17,9,158,20,204,130,4,134,338
04/06/2021,GNV,FL,ASO,ES,Federal Contract Tower,15,4,49,4,72,0,3,96,13,112,15,7,145,17,184,44,6,50,234
04/07/2021,GNV,FL,ASO,ES,Federal Contract Tower,16,8,26,7,57,0,0,107,23,130,16,8,133,30,187,38,2,40,227
04/08/2021,GNV,FL,ASO,ES,Federal Contract Tower,18,5,51,12,86,0,0,178,27,205,18,5,229,39,291,44,0,44,335
04/09/2021,GNV,FL,ASO,ES,Federal Contract Tower,18,2,30,17,67,0,0,231,22,253,18,2,261,39,320,22,0,22,342
04/10/2021,GNV,FL,ASO,ES,Federal Contract Tower,18,3,23,1,45,0,0,119,1,120,18,3,142,2,165,12,0,12,177
04/11/2021,GNV,FL,ASO,ES,Federal Contract Tower,23,0,22,2,47,0,0,20,0,20,23,0,42,2,67,4,0,4,71
04/12/2021,GNV,FL,ASO,ES,Federal Contract Tower,17,16,46,23,102,0,0,114,33,147,17,16,160,56,249,52,10,62,311
04/13/2021,GNV,FL,ASO,ES,Federal Contract Tower,20,10,41,10,81,0,2,118,18,138,20,12,159,28,219,44,6,50,269
04/14/2021,GNV,FL,ASO,ES,Federal Contract Tower,16,9,29,14,68,0,6,107,7,120,16,15,136,21,188,34,20,54,242
04/15/2021,GNV,FL,ASO,ES,Federal Contract Tower,21,5,53,13,92,0,3,62,16,81,21,8,115,29,173,56,18,74,247
04/16/2021,GNV,FL,ASO,ES,Federal Contract Tower,18,3,35,7,63,0,0,29,15,44,18,3,64,22,107,26,0,26,133
04/17/2021,GNV,FL,ASO,ES,Federal Contract Tower,20,2,32,1,55,0,0,15,1,16,20,2,47,2,71,20,0,20,91
04/18/2021,GNV,FL,ASO,ES,Federal Contract Tower,16,6,23,1,46,0,0,14,0,14,16,6,37,1,60,0,0,0,60
04/19/2021,GNV,FL,ASO,ES,Federal Contract Tower,19,3,41,0,63,0,0,59,3,62,19,3,100,3,125,56,2,58,183
04/20/2021,GNV,FL,ASO,ES,Federal Contract Tower,18,9,67,4,98,0,0,55,4,59,18,9,122,8,157,48,0,48,205
04/21/2021,GNV,FL,ASO,ES,Federal Contract Tower,19,6,66,15,106,0,6,99,9,114,19,12,165,24,220,72,42,114,334
04/22/2021,GNV,FL,ASO,ES,Federal Contract Tower,14,13,32,11,70,0,0,137,6,143,14,13,169,17,213,82,10,92,305
04/23/2021,GNV,FL,ASO,ES,Federal Contract Tower,18,8,47,6,79,0,0,140,2,142,18,8,187,8,221,62,2,64,285
04/24/2021,GNV,FL,ASO,ES,Federal Contract Tower,15,1,22,1,39,0,2,26,0,28,15,3,48,1,67,2,0,2,69
04/25/2021,GNV,FL,ASO,ES,Federal Contract Tower,19,12,41,2,74,0,0,84,0,84,19,12,125,2,158,42,0,42,200
04/26/2021,GNV,FL,ASO,ES,Federal Contract Tower,18,14,47,0,79,0,0,107,2,109,18,14,154,2,188,56,12,68,256
04/27/2021,GNV,FL,ASO,ES,Federal Contract Tower,16,7,50,0,73,0,0,97,7,104,16,7,147,7,177,50,42,92,269
04/28/2021,GNV,FL,ASO,ES,Federal Contract Tower,17,12,46,2,77,0,0,115,2,117,17,12,161,4,194,56,6,62,256
04/29/2021,GNV,FL,ASO,ES,Federal Contract Tower,14,13,50,4,81,0,2,73,3,78,14,15,123,7,159,92,0,92,251
04/30/2021,GNV,FL,ASO,ES,Federal Contract Tower,17,12,40,1,70,0,0,69,5,74,17,12,109,6,144,22,0,22,166
05/01/2021,GNV,FL,ASO,ES,Federal Contract Tower,17,14,33,0,64,0,0,85,0,85,17,14,118,0,149,48,0,48,197
05/02/2021,GNV,FL,ASO,ES,Federal Contract Tower,21,10,32,4,67,0,0,70,9,79,21,10,102,13,146,20,0,20,166
05/03/2021,GNV,FL,ASO,ES,Federal Contract Tower,13,13,40,0,66,0,0,87,3,90,13,13,127,3,156,32,0,32,188
05/04/2021,GNV,FL,ASO,ES,Federal Contract Tower,15,4,50,18,87,0,0,82,6,88,15,4,132,24,175,58,16,74,249
05/05/2021,GNV,FL,ASO,ES,Federal Contract Tower,16,9,46,2,73,0,2,52,0,54,16,11,98,2,127,10,0,10,137
05/06/2021,GNV,FL,ASO,ES,Federal Contract Tower,17,12,34,17,80,0,0,47,3,50,17,12,81,20,130,68,0,68,198
05/07/2021,GNV,FL,ASO,ES,Federal Contract Tower,22,17,50,15,104,0,0,94,8,102,22,17,144,23,206,68,12,80,286
05/08/2021,GNV,FL,ASO,ES,Federal Contract Tower,16,7,40,14,77,0,0,146,6,152,16,7,186,20,229,68,22,90,319
05/09/2021,GNV,FL,ASO,ES,Federal Contract Tower,16,1,23,7,47,0,0,56,13,69,16,1,79,20,116,14,8,22,138
05/10/2021,GNV,FL,ASO,ES,Federal Contract Tower,15,3,40,14,72,0,0,53,4,57,15,3,93,18,129,16,12,28,157
05/11/2021,GNV,FL,ASO,ES,Federal Contract Tower,15,14,27,6,62,0,0,56,0,56,15,14,83,6,118,40,0,40,158
05/12/2021,GNV,FL,ASO,ES,Federal Contract Tower,20,3,29,1,53,0,4,88,4,96,20,7,117,5,149,32,0,32,181
05/13/2021,GNV,FL,ASO,ES,Federal Contract Tower,16,4,47,1,68,0,2,2,0,4,16,6,49,1,72,0,0,0,72
05/14/2021,GNV,FL,ASO,ES,Federal Contract Tower,16,10,25,7,58,0,0,87,8,95,16,10,112,15,153,34,0,34,187
05/15/2021,GNV,FL,ASO,ES,Federal Contract Tower,15,10,37,1,63,0,0,96,2,98,15,10,133,3,161,48,0,48,209
05/16/2021,GNV,FL,ASO,ES,Federal Contract Tower,15,4,35,3,57,0,0,68,0,68,15,4,103,3,125,12,0,12,137
05/17/2021,GNV,FL,ASO,ES,Federal Contract Tower,16,7,30,12,65,0,0,93,5,98,16,7,123,17,163,68,4,72,235
05/18/2021,GNV,FL,ASO,ES,Federal Contract Tower,13,16,29,11,69,0,2,71,12,85,13,18,100,23,154,40,14,54,208
05/19/2021,GNV,FL,ASO,ES,Federal Contract Tower,16,11,25,5,57,0,0,45,1,46,16,11,70,6,103,16,0,16,119
05/20/2021,GNV,FL,ASO,ES,Federal Contract Tower,19,9,44,6,78,0,0,56,5,61,19,9,100,11,139,36,2,38,177
05/21/2021,GNV,FL,ASO,ES,Federal Contract Tower,16,4,41,16,77,0,0,70,14,84,16,4,111,30,161,20,4,24,185
05/22/2021,GNV,FL,ASO,ES,Federal Contract Tower,19,6,16,3,44,0,0,80,2,82,19,6,96,5,126,40,0,40,166
05/23/2021,GNV,FL,ASO,ES,Federal Contract Tower,17,3,35,11,66,0,2,94,12,108,17,5,129,23,174,96,0,96,270
05/24/2021,GNV,FL,ASO,ES,Federal Contract Tower,16,13,43,0,72,0,0,123,0,123,16,13,166,0,195,98,0,98,293
05/25/2021,GNV,FL,ASO,ES,Federal Contract Tower,14,12,56,2,84,0,1,123,7,131,14,13,179,9,215,35,6,41,256
05/26/2021,GNV,FL,ASO,ES,Federal Contract Tower,19,12,24,18,73,0,1,106,10,117,19,13,130,28,190,66,26,92,282
05/27/2021,GNV,FL,ASO,ES,Federal Contract Tower,16,8,33,9,66,0,0,117,0,117,16,8,150,9,183,48,8,56,239
05/28/2021,GNV,FL,ASO,ES,Federal Contract Tower,19,3,47,3,72,0,0,139,1,140,19,3,186,4,212,80,0,80,292
05/29/2021,GNV,FL,ASO,ES,Federal Contract Tower,16,5,36,0,57,0,2,100,0,102,16,7,136,0,159,36,0,36,195
05/30/2021,GNV,FL,ASO,ES,Federal Contract Tower,15,8,15,0,38,0,0,70,0,70,15,8,85,0,108,56,0,56,164
05/31/2021,GNV,FL,ASO,ES,Federal Contract Tower,21,5,36,0,62,0,0,61,0,61,21,5,97,0,123,10,0,10,133
06/01/2021,GNV,FL,ASO,ES,Federal Contract Tower,16,14,37,0,67,0,2,96,0,98,16,16,133,0,165,26,0,26,191
06/02/2021,GNV,FL,ASO,ES,Federal Contract Tower,16,12,34,8,70,0,5,60,4,69,16,17,94,12,139,20,8,28,167
06/03/2021,GNV,FL,ASO,ES,Federal Contract Tower,16,6,33,6,61,0,0,34,0,34,16,6,67,6,95,44,0,44,139
06/04/2021,GNV,FL,ASO,ES,Federal Contract Tower,18,10,43,2,73,0,1,55,2,58,18,11,98,4,131,56,0,56,187
06/05/2021,GNV,FL,ASO,ES,Federal Contract Tower,19,12,25,0,56,0,2,52,2,56,19,14,77,2,112,20,0,20,132
06/06/2021,GNV,FL,ASO,ES,Federal Contract Tower,19,10,28,12,69,0,0,59,5,64,19,10,87,17,133,14,0,14,147
06/07/2021,GNV,FL,ASO,ES,Federal Contract Tower,20,11,25,10,66,0,0,22,0,22,20,11,47,10,88,34,0,34,122
06/08/2021,GNV,FL,ASO,ES,Federal Contract Tower,22,10,26,7,65,0,0,78,4,82,22,10,104,11,147,75,0,75,222
06/09/2021,GNV,FL,ASO,ES,Federal Contract Tower,15,16,42,6,79,0,0,75,0,75,15,16,117,6,154,98,0,98,252
06/10/2021,GNV,FL,ASO,ES,Federal Contract Tower,19,12,28,3,62,0,0,108,0,108,19,12,136,3,170,82,0,82,252
06/11/2021,GNV,FL,ASO,ES,Federal Contract Tower,21,8,38,2,69,0,0,81,0,81,21,8,119,2,150,26,0,26,176
06/12/2021,GNV,FL,ASO,ES,Federal Contract Tower,22,0,26,0,48,0,0,64,0,64,22,0,90,0,112,2,0,2,114
06/13/2021,GNV,FL,ASO,ES,Federal Contract Tower,20,9,28,0,57,0,0,26,0,26,20,9,54,0,83,30,0,30,113
06/14/2021,GNV,FL,ASO,ES,Federal Contract Tower,18,11,30,0,59,0,0,12,4,16,18,11,42,4,75,0,0,0,75
06/15/2021,GNV,FL,ASO,ES,Federal Contract Tower,15,16,15,0,46,0,0,38,0,38,15,16,53,0,84,56,0,56,140
06/16/2021,GNV,FL,ASO,ES,Federal Contract Tower,17,15,30,1,63,0,2,69,2,73,17,17,99,3,136,76,6,82,218
06/17/2021,GNV,FL,ASO,ES,Federal Contract Tower,18,7,32,4,61,0,0,63,1,64,18,7,95,5,125,60,0,60,185
06/18/2021,GNV,FL,ASO,ES,Federal Contract Tower,19,13,41,1,74,0,0,91,8,99,19,13,132,9,173,54,0,54,227
06/19/2021,GNV,FL,ASO,ES,Federal Contract Tower,20,7,25,0,52,0,0,69,0,69,20,7,94,0,121,8,0,8,129
06/20/2021,GNV,FL,ASO,ES,Federal Contract Tower,23,7,19,0,49,0,0,11,12,23,23,7,30,12,72,0,0,0,72
06/21/2021,GNV,FL,ASO,ES,Federal Contract Tower,15,15,32,8,70,0,0,6,0,6,15,15,38,8,76,16,0,16,92
06/22/2021,GNV,FL,ASO,ES,Federal Contract Tower,17,14,8,0,39,0,2,26,0,28,17,16,34,0,67,42,0,42,109
06/23/2021,GNV,FL,ASO,ES,Federal Contract Tower,17,12,29,0,58,0,0,32,2,34,17,12,61,2,92,22,0,22,114
06/24/2021,GNV,FL,ASO,ES,Federal Contract Tower,22,8,26,2,58,0,0,19,2,21,22,8,45,4,79,26,0,26,105
06/25/2021,GNV,FL,ASO,ES,Federal Contract Tower,22,6,34,12,74,0,0,37,10,47,22,6,71,22,121,24,0,24,145
06/26/2021,GNV,FL,ASO,ES,Federal Contract Tower,21,5,27,0,53,0,0,21,0,21,21,5,48,0,74,48,0,48,122
06/27/2021,GNV,FL,ASO,ES,Federal Contract Tower,21,4,46,3,74,0,0,65,7,72,21,4,111,10,146,44,0,44,190
06/28/2021,GNV,FL,ASO,ES,Federal Contract Tower,17,6,33,0,56,0,0,86,0,86,17,6,119,0,142,52,0,52,194
06/30/2021,GNV,FL,ASO,ES,Federal Contract Tower,16,17,25,9,67,0,0,28,2,30,16,17,53,11,97,24,0,24,121
07/01/2021,GNV,FL,ASO,ES,Federal Contract Tower,18,14,29,6,67,0,0,43,3,46,18,14,72,9,113,12,2,14,127
07/02/2021,GNV,FL,ASO,ES,Federal Contract Tower,14,9,23,0,46,0,0,19,0,19,14,9,42,0,65,0,0,0,65
07/03/2021,GNV,FL,ASO,ES,Federal Contract Tower,16,11,15,0,42,0,0,5,0,5,16,11,20,0,47,0,0,0,47
07/04/2021,GNV,FL,ASO,ES,Federal Contract Tower,12,10,8,0,30,2,0,0,0,2,14,10,8,0,32,8,0,8,40
07/05/2021,GNV,FL,ASO,ES,Federal Contract Tower,18,16,37,0,71,0,0,40,0,40,18,16,77,0,111,4,0,4,115
07/06/2021,GNV,FL,ASO,ES,Federal Contract Tower,17,12,16,0,45,33,0,0,0,33,50,12,16,0,78,0,0,0,78
07/07/2021,GNV,FL,ASO,ES,Federal Contract Tower,15,2,3,0,20,0,0,1,0,1,15,2,4,0,21,0,0,0,21
07/08/2021,GNV,FL,ASO,ES,Federal Contract Tower,19,6,36,0,61,0,0,52,8,60,19,6,88,8,121,62,54,116,237
07/09/2021,GNV,FL,ASO,ES,Federal Contract Tower,19,6,29,3,57,0,0,50,2,52,19,6,79,5,109,52,0,52,161
07/10/2021,GNV,FL,ASO,ES,Federal Contract Tower,18,8,29,0,55,0,0,94,0,94,18,8,123,0,149,32,0,32,181
07/11/2021,GNV,FL,ASO,ES,Federal Contract Tower,19,9,23,0,51,0,0,46,2,48,19,9,69,2,99,24,0,24,123
07/12/2021,GNV,FL,ASO,ES,Federal Contract Tower,19,12,24,5,60,0,0,58,1,59,19,12,82,6,119,44,0,44,163
07/13/2021,GNV,FL,ASO,ES,Federal Contract Tower,18,8,16,3,45,0,4,59,2,65,18,12,75,5,110,50,4,54,164
07/14/2021,GNV,FL,ASO,ES,Federal Contract Tower,18,10,37,0,65,0,10,66,2,78,18,20,103,2,143,40,0,40,183
07/15/2021,GNV,FL,ASO,ES,Federal Contract Tower,21,7,33,1,62,0,2,93,6,101,21,9,126,7,163,96,0,96,259
07/16/2021,GNV,FL,ASO,ES,Federal Contract Tower,17,9,31,16,73,0,7,118,7,132,17,16,149,23,205,100,8,108,313
07/17/2021,GNV,FL,ASO,ES,Federal Contract Tower,18,12,19,0,49,0,0,89,0,89,18,12,108,0,138,52,0,52,190
07/18/2021,GNV,FL,ASO,ES,Federal Contract Tower,17,9,22,9,57,0,5,52,16,73,17,14,74,25,130,14,0,14,144
07/19/2021,GNV,FL,ASO,ES,Federal Contract Tower,18,15,26,2,61,0,0,49,16,65,18,15,75,18,126,34,0,34,160
07/20/2021,GNV,FL,ASO,ES,Federal Contract Tower,17,7,26,8,58,0,0,40,6,46,17,7,66,14,104,34,0,34,138
07/21/2021,GNV,FL,ASO,ES,Federal Contract Tower,17,13,43,0,73,0,2,47,2,51,17,15,90,2,124,30,2,32,156
07/22/2021,GNV,FL,ASO,ES,Federal Contract Tower,18,10,20,0,48,0,0,60,5,65,18,10,80,5,113,74,26,100,213
07/23/2021,GNV,FL,ASO,ES,Federal Contract Tower,18,8,24,3,53,0,0,32,7,39,18,8,56,10,92,24,0,24,116
07/24/2021,GNV,FL,ASO,ES,Federal Contract Tower,19,5,31,0,55,0,0,66,2,68,19,5,97,2,123,10,0,10,133
07/25/2021,GNV,FL,ASO,ES,Federal Contract Tower,20,5,40,6,71,0,3,80,4,87,20,8,120,10,158,74,0,74,232
07/26/2021,GNV,FL,ASO,ES,Federal Contract Tower,17,10,36,0,63,0,0,47,0,47,17,10,83,0,110,70,0,70,180
07/27/2021,GNV,FL,ASO,ES,Federal Contract Tower,17,11,24,0,52,0,5,65,0,70,17,16,89,0,122,96,16,112,234
07/28/2021,GNV,FL,ASO,ES,Federal Contract Tower,17,15,32,12,76,0,0,48,9,57,17,15,80,21,133,34,0,34,167
07/29/2021,GNV,FL,ASO,ES,Federal Contract Tower,16,16,55,17,104,0,2,64,1,67,16,18,119,18,171,96,0,96,267
07/30/2021,GNV,FL,ASO,ES,Federal Contract Tower,17,10,40,1,68,0,2,60,11,73,17,12,100,12,141,40,0,40,181
07/31/2021,GNV,FL,ASO,ES,Federal Contract Tower,21,11,45,0,77,0,0,73,4,77,21,11,118,4,154,48,0,48,202
08/01/2021,GNV,FL,ASO,ES,Federal Contract Tower,18,9,27,0,54,0,0,28,6,34,18,9,55,6,88,22,0,22,110
08/02/2021,GNV,FL,ASO,ES,Federal Contract Tower,14,8,28,0,50,0,3,41,1,45,14,11,69,1,95,46,0,46,141
08/03/2021,GNV,FL,ASO,ES,Federal Contract Tower,17,15,17,0,49,0,2,4,0,6,17,17,21,0,55,0,0,0,55
08/04/2021,GNV,FL,ASO,ES,Federal Contract Tower,19,10,43,0,72,0,2,31,0,33,19,12,74,0,105,12,0,12,117
08/05/2021,GNV,FL,ASO,ES,Federal Contract Tower,19,9,21,0,49,0,0,20,0,20,19,9,41,0,69,38,0,38,107
08/06/2021,GNV,FL,ASO,ES,Federal Contract Tower,18,7,41,8,74,0,5,41,10,56,18,12,82,18,130,26,0,26,156
08/07/2021,GNV,FL,ASO,ES,Federal Contract Tower,14,5,29,4,52,0,7,76,0,83,14,12,105,4,135,58,0,58,193
08/08/2021,GNV,FL,ASO,ES,Federal Contract Tower,21,7,33,11,72,0,1,69,10,80,21,8,102,21,152,12,38,50,202
08/09/2021,GNV,FL,ASO,ES,Federal Contract Tower,15,15,19,1,50,0,0,66,1,67,15,15,85,2,117,94,0,94,211
08/10/2021,GNV,FL,ASO,ES,Federal Contract Tower,17,9,27,3,56,0,2,93,5,100,17,11,120,8,156,66,0,66,222
08/11/2021,GNV,FL,ASO,ES,Federal Contract Tower,19,7,26,2,54,0,0,108,2,110,19,7,134,4,164,114,0,114,278
08/12/2021,GNV,FL,ASO,ES,Federal Contract Tower,19,10,24,2,55,0,0,56,2,58,19,10,80,4,113,70,14,84,197
08/13/2021,GNV,FL,ASO,ES,Federal Contract Tower,18,12,33,0,63,0,3,80,0,83,18,15,113,0,146,48,0,48,194
08/14/2021,GNV,FL,ASO,ES,Federal Contract Tower,10,6,23,0,39,0,0,35,0,35,10,6,58,0,74,18,0,18,92
08/15/2021,GNV,FL,ASO,ES,Federal Contract Tower,18,3,17,0,38,0,0,46,0,46,18,3,63,0,84,13,0,13,97
08/16/2021,GNV,FL,ASO,ES,Federal Contract Tower,16,7,33,2,58,0,0,30,3,33,16,7,63,5,91,22,10,32,123
08/17/2021,GNV,FL,ASO,ES,Federal Contract Tower,14,9,35,12,70,0,2,18,4,24,14,11,53,16,94,10,10,20,114
08/18/2021,GNV,FL,ASO,ES,Federal Contract Tower,15,8,31,6,60,0,4,72,7,83,15,12,103,13,143,36,0,36,179
08/19/2021,GNV,FL,ASO,ES,Federal Contract Tower,18,7,25,8,58,0,2,81,6,89,18,9,106,14,147,60,8,68,215
08/20/2021,GNV,FL,ASO,ES,Federal Contract Tower,16,11,28,2,57,0,6,90,0,96,16,17,118,2,153,40,0,40,193
08/21/2021,GNV,FL,ASO,ES,Federal Contract Tower,11,8,25,1,45,0,0,103,0,103,11,8,128,1,148,48,0,48,196
08/22/2021,GNV,FL,ASO,ES,Federal Contract Tower,16,2,27,0,45,0,0,65,0,65,16,2,92,0,110,40,0,40,150
08/23/2021,GNV,FL,ASO,ES,Federal Contract Tower,13,11,39,2,65,0,4,47,4,55,13,15,86,6,120,50,10,60,180
08/24/2021,GNV,FL,ASO,ES,Federal Contract Tower,16,8,34,4,62,0,0,36,2,38,16,8,70,6,100,58,0,58,158
08/25/2021,GNV,FL,ASO,ES,Federal Contract Tower,16,4,25,1,46,0,0,43,2,45,16,4,68,3,91,38,0,38,129
08/26/2021,GNV,FL,ASO,ES,Federal Contract Tower,16,5,34,0,55,0,0,30,2,32,16,5,64,2,87,20,0,20,107
08/27/2021,GNV,FL,ASO,ES,Federal Contract Tower,16,6,39,3,64,0,1,11,4,16,16,7,50,7,80,18,0,18,98
08/28/2021,GNV,FL,ASO,ES,Federal Contract Tower,12,6,19,2,39,0,0,40,0,40,12,6,59,2,79,12,0,12,91
08/29/2021,GNV,FL,ASO,ES,Federal Contract Tower,16,6,33,0,55,0,0,34,0,34,16,6,67,0,89,34,0,34,123
08/30/2021,GNV,FL,ASO,ES,Federal Contract Tower,14,12,40,4,70,0,0,117,0,117,14,12,157,4,187,174,0,174,361
08/31/2021,GNV,FL,ASO,ES,Federal Contract Tower,14,6,28,6,54,0,0,57,3,60,14,6,85,9,114,30,0,30,144
09/01/2021,GNV,FL,ASO,ES,Federal Contract Tower,10,14,31,5,60,0,0,0,0,0,10,14,31,5,60,0,0,0,60
09/02/2021,GNV,FL,ASO,ES,Federal Contract Tower,15,8,30,0,53,0,2,30,0,32,15,10,60,0,85,12,0,12,97
09/03/2021,GNV,FL,ASO,ES,Federal Contract Tower,13,21,53,0,87,0,0,42,0,42,13,21,95,0,129,38,0,38,167
09/04/2021,GNV,FL,ASO,ES,Federal Contract Tower,12,18,30,0,60,0,0,128,2,130,12,18,158,2,190,42,0,42,232
09/05/2021,GNV,FL,ASO,ES,Federal Contract Tower,15,3,39,0,57,0,0,56,0,56,15,3,95,0,113,14,0,14,127
09/06/2021,GNV,FL,ASO,ES,Federal Contract Tower,16,2,15,0,33,0,0,71,0,71,16,2,86,0,104,46,0,46,150
09/07/2021,GNV,FL,ASO,ES,Federal Contract Tower,16,3,29,3,51,0,0,41,4,45,16,3,70,7,96,76,0,76,172
09/08/2021,GNV,FL,ASO,ES,Federal Contract Tower,15,13,39,0,67,0,4,64,3,71,15,17,103,3,138,50,0,50,188
09/09/2021,GNV,FL,ASO,ES,Federal Contract Tower,17,5,28,1,51,0,8,18,5,31,17,13,46,6,82,60,0,60,142
09/10/2021,GNV,FL,ASO,ES,Federal Contract Tower,16,10,50,2,78,0,3,45,6,54,16,13,95,8,132,72,0,72,204
09/11/2021,GNV,FL,ASO,ES,Federal Contract Tower,13,4,31,0,48,0,0,44,0,44,13,4,75,0,92,22,0,22,114
09/12/2021,GNV,FL,ASO,ES,Federal Contract Tower,19,5,38,0,62,0,0,87,2,89,19,5,125,2,151,64,0,64,215
09/13/2021,GNV,FL,ASO,ES,Federal Contract Tower,20,7,36,4,67,0,1,130,3,134,20,8,166,7,201,104,12,116,317
09/14/2021,GNV,FL,ASO,ES,Federal Contract Tower,18,7,26,7,58,0,0,56,1,57,18,7,82,8,115,86,0,86,201
09/15/2021,GNV,FL,ASO,ES,Federal Contract Tower,18,11,22,6,57,0,0,41,6,47,18,11,63,12,104,28,14,42,146
09/16/2021,GNV,FL,ASO,ES,Federal Contract Tower,22,6,25,2,55,0,0,37,14,51,22,6,62,16,106,28,18,46,152
09/17/2021,GNV,FL,ASO,ES,Federal Contract Tower,20,25,51,3,99,0,0,24,2,26,20,25,75,5,125,26,0,26,151
09/18/2021,GNV,FL,ASO,ES,Federal Contract Tower,19,39,131,2,191,0,0,27,2,29,19,39,158,4,220,0,0,0,220
09/19/2021,GNV,FL,ASO,ES,Federal Contract Tower,19,10,73,1,103,0,0,23,0,23,19,10,96,1,126,32,0,32,158
09/20/2021,GNV,FL,ASO,ES,Federal Contract Tower,20,8,19,5,52,0,0,13,0,13,20,8,32,5,65,26,0,26,91
09/21/2021,GNV,FL,ASO,ES,Federal Contract Tower,16,17,37,5,75,0,0,41,0,41,16,17,78,5,116,6,6,12,128
09/22/2021,GNV,FL,ASO,ES,Federal Contract Tower,16,13,50,2,81,0,0,67,1,68,16,13,117,3,149,98,0,98,247
09/23/2021,GNV,FL,ASO,ES,Federal Contract Tower,22,7,33,4,66,0,0,105,5,110,22,7,138,9,176,44,6,50,226
09/24/2021,GNV,FL,ASO,ES,Federal Contract Tower,19,14,62,2,97,0,6,98,3,107,19,20,160,5,204,88,4,92,296
09/25/2021,GNV,FL,ASO,ES,Federal Contract Tower,19,20,67,0,106,0,11,122,2,135,19,31,189,2,241,18,0,18,259
09/26/2021,GNV,FL,ASO,ES,Federal Contract Tower,20,6,49,0,75,0,0,139,0,139,20,6,188,0,214,32,0,32,246
09/27/2021,GNV,FL,ASO,ES,Federal Contract Tower,17,8,41,6,72,0,3,104,2,109,17,11,145,8,181,38,0,38,219
09/28/2021,GNV,FL,ASO,ES,Federal Contract Tower,16,12,25,2,55,0,5,110,8,123,16,17,135,10,178,88,6,94,272
09/29/2021,GNV,FL,ASO,ES,Federal Contract Tower,18,6,44,4,72,0,0,101,1,102,18,6,145,5,174,126,2,128,302
09/30/2021,GNV,FL,ASO,ES,Federal Contract Tower,20,12,32,2,66,0,10,96,4,110,20,22,128,6,176,40,0,40,216
10/01/2021,GNV,FL,ASO,ES,Federal Contract Tower,22,12,28,12,74,0,0,83,3,86,22,12,111,15,160,44,0,44,204
10/02/2021,GNV,FL,ASO,ES,Federal Contract Tower,16,3,28,2,49,0,0,71,10,81,16,3,99,12,130,52,0,52,182
10/03/2021,GNV,FL,ASO,ES,Federal Contract Tower,32,8,31,28,99,0,0,71,9,80,32,8,102,37,179,0,0,0,179
10/04/2021,GNV,FL,ASO,ES,Federal Contract Tower,20,12,22,2,56,0,6,67,0,73,20,18,89,2,129,24,0,24,153
10/05/2021,GNV,FL,ASO,ES,Federal Contract Tower,18,11,24,10,63,0,2,48,0,50,18,13,72,10,113,44,16,60,173
10/06/2021,GNV,FL,ASO,ES,Federal Contract Tower,16,5,27,2,50,0,0,45,8,53,16,5,72,10,103,12,0,12,115
10/07/2021,GNV,FL,ASO,ES,Federal Contract Tower,21,12,24,0,57,0,0,74,1,75,21,12,98,1,132,60,10,70,202
10/08/2021,GNV,FL,ASO,ES,Federal Contract Tower,22,13,53,0,88,0,0,42,4,46,22,13,95,4,134,0,0,0,134
10/09/2021,GNV,FL,ASO,ES,Federal Contract Tower,18,16,44,0,78,0,0,60,2,62,18,16,104,2,140,12,0,12,152
10/10/2021,GNV,FL,ASO,ES,Federal Contract Tower,21,1,56,0,78,0,0,111,1,112,21,1,167,1,190,52,0,52,242
10/11/2021,GNV,FL,ASO,ES,Federal Contract Tower,17,15,31,0,63,0,0,67,1,68,17,15,98,1,131,82,0,82,213
10/12/2021,GNV,FL,ASO,ES,Federal Contract Tower,15,15,39,5,74,0,0,75,4,79,15,15,114,9,153,98,8,106,259
10/13/2021,GNV,FL,ASO,ES,Federal Contract Tower,19,6,33,3,61,0,0,104,3,107,19,6,137,6,168,98,0,98,266
10/14/2021,GNV,FL,ASO,ES,Federal Contract Tower,19,15,30,5,69,0,5,66,5,76,19,20,96,10,145,85,12,97,242
10/15/2021,GNV,FL,ASO,ES,Federal Contract Tower,19,15,50,17,101,0,3,79,4,86,19,18,129,21,187,38,20,58,245
10/16/2021,GNV,FL,ASO,ES,Federal Contract Tower,14,14,27,7,62,0,0,86,0,86,14,14,113,7,148,18,0,18,166
10/17/2021,GNV,FL,ASO,ES,Federal Contract Tower,13,21,27,18,79,0,0,112,4,116,13,21,139,22,195,14,0,14,209
10/18/2021,GNV,FL,ASO,ES,Federal Contract Tower,19,8,30,6,63,0,0,99,7,106,19,8,129,13,169,32,0,32,201
10/19/2021,GNV,FL,ASO,ES,Federal Contract Tower,16,4,24,4,48,0,1,80,6,87,16,5,104,10,135,72,6,78,213
10/20/2021,GNV,FL,ASO,ES,Federal Contract Tower,13,15,23,14,65,0,10,89,15,114,13,25,112,29,179,34,74,108,287
10/21/2021,GNV,FL,ASO,ES,Federal Contract Tower,20,13,35,3,71,0,0,78,3,81,20,13,113,6,152,68,0,68,220
10/22/2021,GNV,FL,ASO,ES,Federal Contract Tower,24,15,31,14,84,0,0,83,4,87,24,15,114,18,171,78,0,78,249
10/23/2021,GNV,FL,ASO,ES,Federal Contract Tower,15,11,24,2,52,0,0,107,0,107,15,11,131,2,159,40,0,40,199
10/24/2021,GNV,FL,ASO,ES,Federal Contract Tower,16,13,27,8,64,0,0,73,0,73,16,13,100,8,137,8,0,8,145
10/25/2021,GNV,FL,ASO,ES,Federal Contract Tower,22,11,26,9,68,0,0,48,5,53,22,11,74,14,121,24,0,24,145
10/26/2021,GNV,FL,ASO,ES,Federal Contract Tower,18,13,39,13,83,0,0,106,14,120,18,13,145,27,203,106,8,114,317
10/27/2021,GNV,FL,ASO,ES,Federal Contract Tower,20,5,32,15,72,0,8,92,19,119,20,13,124,34,191,83,0,83,274
10/28/2021,GNV,FL,ASO,ES,Federal Contract Tower,18,16,27,0,61,0,0,0,0,0,18,16,27,0,61,0,0,0,61
10/29/2021,GNV,FL,ASO,ES,Federal Contract Tower,19,13,34,4,70,0,0,46,0,46,19,13,80,4,116,30,10,40,156
10/30/2021,GNV,FL,ASO,ES,Federal Contract Tower,16,8,20,0,44,0,0,74,0,74,16,8,94,0,118,32,0,32,150
10/31/2021,GNV,FL,ASO,ES,Federal Contract Tower,15,15,35,6,71,0,0,96,4,100,15,15,131,10,171,28,2,30,201
11/01/2021,GNV,FL,ASO,ES,Federal Contract Tower,18,9,20,2,49,0,0,82,0,82,18,9,102,2,131,32,0,32,163
11/02/2021,GNV,FL,ASO,ES,Federal Contract Tower,16,12,33,2,63,0,1,84,9,94,16,13,117,11,157,60,14,74,231
11/03/2021,GNV,FL,ASO,ES,Federal Contract Tower,16,18,38,0,72,0,0,96,6,102,16,18,134,6,174,58,2,60,234
11/04/2021,GNV,FL,ASO,ES,Federal Contract Tower,14,11,49,0,74,0,0,10,3,13,14,11,59,3,87,0,0,0,87
11/05/2021,GNV,FL,ASO,ES,Federal Contract Tower,11,24,15,0,50,0,0,1,0,1,11,24,16,0,51,0,0,0,51
11/06/2021,GNV,FL,ASO,ES,Federal Contract Tower,15,13,10,0,38,0,0,2,0,2,15,13,12,0,40,0,0,0,40
11/07/2021,GNV,FL,ASO,ES,Federal Contract Tower,22,9,37,0,68,0,0,73,0,73,22,9,110,0,141,10,0,10,151
11/09/2021,GNV,FL,ASO,ES,Federal Contract Tower,17,10,27,1,55,0,0,102,5,107,17,10,129,6,162,82,8,90,252
11/10/2021,GNV,FL,ASO,ES,Federal Contract Tower,18,9,32,13,72,0,0,115,9,124,18,9,147,22,196,78,0,78,274
11/11/2021,GNV,FL,ASO,ES,Federal Contract Tower,20,14,42,0,76,0,2,54,0,56,20,16,96,0,132,76,0,76,208
11/12/2021,GNV,FL,ASO,ES,Federal Contract Tower,18,14,49,4,85,0,0,34,0,34,18,14,83,4,119,80,0,80,199
11/13/2021,GNV,FL,ASO,ES,Federal Contract Tower,14,14,34,2,64,0,0,38,0,38,14,14,72,2,102,12,0,12,114
11/14/2021,GNV,FL,ASO,ES,Federal Contract Tower,18,12,38,2,70,0,0,112,0,112,18,12,150,2,182,94,0,94,276
11/15/2021,GNV,FL,ASO,ES,Federal Contract Tower,20,7,35,0,62,0,0,135,17,152,20,7,170,17,214,104,0,104,318
11/16/2021,GNV,FL,ASO,ES,Federal Contract Tower,15,18,31,1,65,0,2,136,15,153,15,20,167,16,218,86,28,114,332
11/17/2021,GNV,FL,ASO,ES,Federal Contract Tower,19,12,37,8,76,0,3,115,10,128,19,15,152,18,204,141,24,165,369
11/18/2021,GNV,FL,ASO,ES,Federal Contract Tower,17,11,38,6,72,0,0,63,0,63,17,11,101,6,135,50,10,60,195
11/19/2021,GNV,FL,ASO,ES,Federal Contract Tower,19,12,58,20,109,0,0,99,10,109,19,12,157,30,218,34,0,34,252
11/20/2021,GNV,FL,ASO,ES,Federal Contract Tower,16,10,36,0,62,0,0,40,3,43,16,10,76,3,105,18,0,18,123
11/21/2021,GNV,FL,ASO,ES,Federal Contract Tower,23,10,46,4,83,0,0,74,4,78,23,10,120,8,161,22,0,22,183
11/22/2021,GNV,FL,ASO,ES,Federal Contract Tower,14,14,57,0,85,0,0,48,0,48,14,14,105,0,133,84,0,84,217
11/23/2021,GNV,FL,ASO,ES,Federal Contract Tower,15,12,47,1,75,0,0,95,3,98,15,12,142,4,173,76,2,78,251
11/24/2021,GNV,FL,ASO,ES,Federal Contract Tower,18,13,45,0,76,0,14,146,0,160,18,27,191,0,236,106,0,106,342
11/25/2021,GNV,FL,ASO,ES,Federal Contract Tower,12,7,9,0,28,0,0,40,0,40,12,7,49,0,68,22,0,22,90
11/26/2021,GNV,FL,ASO,ES,Federal Contract Tower,14,10,29,0,53,0,2,38,0,40,14,12,67,0,93,30,0,30,123
11/27/2021,GNV,FL,ASO,ES,Federal Contract Tower,19,19,73,0,111,0,0,144,2,146,19,19,217,2,257,26,4,30,287
11/28/2021,GNV,FL,ASO,ES,Federal Contract Tower,18,14,51,5,88,0,0,98,0,98,18,14,149,5,186,48,0,48,234
11/29/2021,GNV,FL,ASO,ES,Federal Contract Tower,24,7,48,8,87,0,1,123,2,126,24,8,171,10,213,110,0,110,323
11/30/2021,GNV,FL,ASO,ES,Federal Contract Tower,18,15,50,0,83,0,1,111,3,115,18,16,161,3,198,46,0,46,244
12/01/2021,GNV,FL,ASO,ES,Federal Contract Tower,18,19,37,4,78,0,0,93,9,102,18,19,130,13,180,46,12,58,238
12/02/2021,GNV,FL,ASO,ES,Federal Contract Tower,21,14,46,6,87,0,0,129,4,133,21,14,175,10,220,40,0,40,260
12/03/2021,GNV,FL,ASO,ES,Federal Contract Tower,18,11,36,17,82,0,0,74,4,78,18,11,110,21,160,16,4,20,180
12/04/2021,GNV,FL,ASO,ES,Federal Contract Tower,14,5,41,8,68,0,0,57,4,61,14,5,98,12,129,2,0,2,131
12/05/2021,GNV,FL,ASO,ES,Federal Contract Tower,21,6,51,1,79,0,0,89,3,92,21,6,140,4,171,56,0,56,227
12/06/2021,GNV,FL,ASO,ES,Federal Contract Tower,18,9,41,10,78,0,0,100,4,104,18,9,141,14,182,120,12,132,314
12/07/2021,GNV,FL,ASO,ES,Federal Contract Tower,14,25,39,8,86,0,0,31,1,32,14,25,70,9,118,48,0,48,166
12/08/2021,GNV,FL,ASO,ES,Federal Contract Tower,18,15,39,2,74,0,0,31,3,34,18,15,70,5,108,2,0,2,110
12/09/2021,GNV,FL,ASO,ES,Federal Contract Tower,21,13,47,4,85,0,0,4,2,6,21,13,51,6,91,0,0,0,91
12/10/2021,GNV,FL,ASO,ES,Federal Contract Tower,14,16,38,31,99,0,0,102,11,113,14,16,140,42,212,44,14,58,270
12/11/2021,GNV,FL,ASO,ES,Federal Contract Tower,13,6,34,0,53,0,0,76,2,78,13,6,110,2,131,14,0,14,145
12/12/2021,GNV,FL,ASO,ES,Federal Contract Tower,18,4,33,6,61,0,0,9,4,13,18,4,42,10,74,0,0,0,74
12/13/2021,GNV,FL,ASO,ES,Federal Contract Tower,19,10,40,0,69,0,0,97,2,99,19,10,137,2,168,62,0,62,230
12/14/2021,GNV,FL,ASO,ES,Federal Contract Tower,13,12,39,0,64,0,0,37,0,37,13,12,76,0,101,74,0,74,175
12/15/2021,GNV,FL,ASO,ES,Federal Contract Tower,17,18,53,7,95,0,1,64,11,76,17,19,117,18,171,20,0,20,191
12/16/2021,GNV,FL,ASO,ES,Federal Contract Tower,19,19,25,1,64,0,0,65,6,71,19,19,90,7,135,98,0,98,233
12/17/2021,GNV,FL,ASO,ES,Federal Contract Tower,16,9,35,10,70,0,0,126,2,128,16,9,161,12,198,54,6,60,258
12/18/2021,GNV,FL,ASO,ES,Federal Contract Tower,13,10,32,18,73,0,0,74,0,74,13,10,106,18,147,22,24,46,193
12/19/2021,GNV,FL,ASO,ES,Federal Contract Tower,17,12,25,58,112,0,0,10,1,11,17,12,35,59,123,4,0,4,127
12/20/2021,GNV,FL,ASO,ES,Federal Contract Tower,17,6,34,0,57,0,0,5,0,5,17,6,39,0,62,0,0,0,62
12/21/2021,GNV,FL,ASO,ES,Federal Contract Tower,16,12,18,0,46,0,0,0,0,0,16,12,18,0,46,0,0,0,46
12/22/2021,GNV,FL,ASO,ES,Federal Contract Tower,17,13,41,7,78,0,0,60,5,65,17,13,101,12,143,64,0,64,207
12/23/2021,GNV,FL,ASO,ES,Federal Contract Tower,13,9,21,2,45,0,0,100,0,100,13,9,121,2,145,34,0,34,179
12/24/2021,GNV,FL,ASO,ES,Federal Contract Tower,12,8,17,0,37,0,0,52,0,52,12,8,69,0,89,26,0,26,115
12/25/2021,GNV,FL,ASO,ES,Federal Contract Tower,11,7,11,0,29,0,0,26,0,26,11,7,37,0,55,0,0,0,55
12/26/2021,GNV,FL,ASO,ES,Federal Contract Tower,9,15,23,0,47,0,0,55,0,55,9,15,78,0,102,0,0,0,102
12/27/2021,GNV,FL,ASO,ES,Federal Contract Tower,15,14,45,2,76,0,0,31,0,31,15,14,76,2,107,4,0,4,111
12/28/2021,GNV,FL,ASO,ES,Federal Contract Tower,17,9,39,21,86,2,1,63,1,67,19,10,102,22,153,38,6,44,197
12/29/2021,GNV,FL,ASO,ES,Federal Contract Tower,16,13,27,3,59,0,0,89,1,90,16,13,116,4,149,30,2,32,181
12/30/2021,GNV,FL,ASO,ES,Federal Contract Tower,17,11,38,0,66,0,0,27,0,27,17,11,65,0,93,0,0,0,93
12/31/2021,GNV,FL,ASO,ES,Federal Contract Tower,17,14,30,0,61,0,0,22,0,22,17,14,52,0,83,14,0,14,97
01/01/2022,GNV,FL,ASO,ES,Federal Contract Tower,14,5,15,0,34,0,0,25,0,25,14,5,40,0,59,2,0,2,61
01/02/2022,GNV,FL,ASO,ES,Federal Contract Tower,11,11,21,0,43,0,0,23,0,23,11,11,44,0,66,0,0,0,66
01/03/2022,GNV,FL,ASO,ES,Federal Contract Tower,15,11,29,0,55,0,0,70,0,70,15,11,99,0,125,22,0,22,147
01/04/2022,GNV,FL,ASO,ES,Federal Contract Tower,16,9,26,15,66,0,0,78,1,79,16,9,104,16,145,46,0,46,191
01/05/2022,GNV,FL,ASO,ES,Federal Contract Tower,18,7,39,5,69,0,0,6,7,13,18,7,45,12,82,0,0,0,82
01/06/2022,GNV,FL,ASO,ES,Federal Contract Tower,19,6,50,11,86,0,0,72,4,76,19,6,122,15,162,16,0,16,178
01/07/2022,GNV,FL,ASO,ES,Federal Contract Tower,17,6,26,14,63,0,0,52,7,59,17,6,78,21,122,76,0,76,198
01/08/2022,GNV,FL,ASO,ES,Federal Contract Tower,17,6,23,2,48,0,0,57,0,57,17,6,80,2,105,32,0,32,137
01/09/2022,GNV,FL,ASO,ES,Federal Contract Tower,19,11,14,4,48,0,0,61,10,71,19,11,75,14,119,22,8,30,149
01/10/2022,GNV,FL,ASO,ES,Federal Contract Tower,17,6,21,6,50,0,0,45,0,45,17,6,66,6,95,30,12,42,137
01/11/2022,GNV,FL,ASO,ES,Federal Contract Tower,17,6,21,4,48,0,0,70,0,70,17,6,91,4,118,54,0,54,172
01/12/2022,GNV,FL,ASO,ES,Federal Contract Tower,16,7,33,2,58,0,0,103,2,105,16,7,136,4,163,42,0,42,205
01/13/2022,GNV,FL,ASO,ES,Federal Contract Tower,19,8,57,2,86,0,1,95,5,101,19,9,152,7,187,86,0,86,273
01/14/2022,GNV,FL,ASO,ES,Federal Contract Tower,22,14,20,4,60,0,0,107,0,107,22,14,127,4,167,56,4,60,227
01/15/2022,GNV,FL,ASO,ES,Federal Contract Tower,18,13,20,0,51,0,0,95,0,95,18,13,115,0,146,60,0,60,206
01/16/2022,GNV,FL,ASO,ES,Federal Contract Tower,13,2,13,8,36,0,0,7,0,7,13,2,20,8,43,0,0,0,43
01/17/2022,GNV,FL,ASO,ES,Federal Contract Tower,16,5,25,2,48,0,0,45,0,45,16,5,70,2,93,8,0,8,101
01/18/2022,GNV,FL,ASO,ES,Federal Contract Tower,17,18,17,4,56,0,0,141,3,144,17,18,158,7,200,36,0,36,236
01/19/2022,GNV,FL,ASO,ES,Federal Contract Tower,17,8,35,5,65,0,2,128,6,136,17,10,163,11,201,84,6,90,291
01/20/2022,GNV,FL,ASO,ES,Federal Contract Tower,22,7,32,29,90,0,0,77,5,82,22,7,109,34,172,48,12,60,232
01/21/2022,GNV,FL,ASO,ES,Federal Contract Tower,19,6,30,0,55,0,0,0,0,0,19,6,30,0,55,0,0,0,55
01/22/2022,GNV,FL,ASO,ES,Federal Contract Tower,19,1,25,0,45,0,0,2,0,2,19,1,27,0,47,0,0,0,47
01/23/2022,GNV,FL,ASO,ES,Federal Contract Tower,19,6,43,0,68,0,0,51,3,54,19,6,94,3,122,22,0,22,144
01/24/2022,GNV,FL,ASO,ES,Federal Contract Tower,19,14,24,6,63,0,0,101,0,101,19,14,125,6,164,94,0,94,258
01/25/2022,GNV,FL,ASO,ES,Federal Contract Tower,16,8,36,2,62,0,0,33,0,33,16,8,69,2,95,16,0,16,111
01/26/2022,GNV,FL,ASO,ES,Federal Contract Tower,15,5,47,5,72,0,0,41,1,42,15,5,88,6,114,78,28,106,220
01/27/2022,GNV,FL,ASO,ES,Federal Contract Tower,18,17,41,0,76,0,0,5,5,10,18,17,46,5,86,11,2,13,99
01/28/2022,GNV,FL,ASO,ES,Federal Contract Tower,17,11,57,8,93,0,0,54,7,61,17,11,111,15,154,52,0,52,206
01/29/2022,GNV,FL,ASO,ES,Federal Contract Tower,17,8,24,3,52,0,0,68,2,70,17,8,92,5,122,25,2,27,149
01/30/2022,GNV,FL,ASO,ES,Federal Contract Tower,21,4,45,12,82,0,0,133,18,151,21,4,178,30,233,92,0,92,325
01/31/2022,GNV,FL,ASO,ES,Federal Contract Tower,17,19,44,0,80,0,0,106,0,106,17,19,150,0,186,62,0,62,248
02/01/2022,GNV,FL,ASO,ES,Federal Contract Tower,19,14,36,0,69,0,1,101,0,102,19,15,137,0,171,20,0,20,191
02/02/2022,GNV,FL,ASO,ES,Federal Contract Tower,18,11,33,4,66,0,0,83,0,83,18,11,116,4,149,56,6,62,211
02/03/2022,GNV,FL,ASO,ES,Federal Contract Tower,24,6,34,9,73,0,0,62,4,66,24,6,96,13,139,36,6,42,181
02/04/2022,GNV,FL,ASO,ES,Federal Contract Tower,18,26,25,2,71,0,0,37,3,40,18,26,62,5,111,10,0,10,121
02/05/2022,GNV,FL,ASO,ES,Federal Contract Tower,18,8,40,7,73,0,0,54,6,60,18,8,94,13,133,32,2,34,167
02/06/2022,GNV,FL,ASO,ES,Federal Contract Tower,23,13,21,6,63,0,0,0,0,0,23,13,21,6,63,0,0,0,63
02/07/2022,GNV,FL,ASO,ES,Federal Contract Tower,17,5,16,12,50,0,0,0,0,0,17,5,16,12,50,0,0,0,50
02/08/2022,GNV,FL,ASO,ES,Federal Contract Tower,16,6,22,0,44,0,1,19,0,20,16,7,41,0,64,30,0,30,94
02/09/2022,GNV,FL,ASO,ES,Federal Contract Tower,16,12,27,23,78,0,0,102,1,103,16,12,129,24,181,70,0,70,251
02/10/2022,GNV,FL,ASO,ES,Federal Contract Tower,22,13,39,16,90,0,0,113,1,114,22,13,152,17,204,102,2,104,308
02/11/2022,GNV,FL,ASO,ES,Federal Contract Tower,23,11,48,18,100,0,0,105,17,122,23,11,153,35,222,56,0,56,278
02/12/2022,GNV,FL,ASO,ES,Federal Contract Tower,19,11,28,0,58,0,0,84,0,84,19,11,112,0,142,54,0,54,196
02/13/2022,GNV,FL,ASO,ES,Federal Contract Tower,20,7,28,14,69,0,0,38,14,52,20,7,66,28,121,122,0,122,243
02/14/2022,GNV,FL,ASO,ES,Federal Contract Tower,20,5,29,13,67,0,0,105,4,109,20,5,134,17,176,192,0,192,368
02/15/2022,GNV,FL,ASO,ES,Federal Contract Tower,19,12,18,2,51,0,0,79,2,81,19,12,97,4,132,44,0,44,176
02/16/2022,GNV,FL,ASO,ES,Federal Contract Tower,15,3,35,8,61,0,0,88,9,97,15,3,123,17,158,86,10,96,254
02/17/2022,GNV,FL,ASO,ES,Federal Contract Tower,20,13,51,13,97,0,0,53,1,54,20,13,104,14,151,63,26,89,240
02/18/2022,GNV,FL,ASO,ES,Federal Contract Tower,21,13,36,6,76,0,0,2,2,4,21,13,38,8,80,16,0,16,96
02/19/2022,GNV,FL,ASO,ES,Federal Contract Tower,17,2,46,0,65,0,0,107,0,107,17,2,153,0,172,36,0,36,208
02/20/2022,GNV,FL,ASO,ES,Federal Contract Tower,21,10,31,7,69,0,0,94,10,104,21,10,125,17,173,44,4,48,221
02/21/2022,GNV,FL,ASO,ES,Federal Contract Tower,23,13,27,0,63,0,0,121,12,133,23,13,148,12,196,146,0,146,342
02/22/2022,GNV,FL,ASO,ES,Federal Contract Tower,17,5,18,3,43,0,0,92,3,95,17,5,110,6,138,70,0,70,208
02/23/2022,GNV,FL,ASO,ES,Federal Contract Tower,16,10,58,5,89,0,0,79,3,82,16,10,137,8,171,98,8,106,277
02/24/2022,GNV,FL,ASO,ES,Federal Contract Tower,18,13,32,11,74,0,0,91,0,91,18,13,123,11,165,60,10,70,235
02/25/2022,GNV,FL,ASO,ES,Federal Contract Tower,21,21,41,49,132,0,0,71,6,77,21,21,112,55,209,38,6,44,253
02/26/2022,GNV,FL,ASO,ES,Federal Contract Tower,17,7,36,0,60,0,0,128,4,132,17,7,164,4,192,34,0,34,226
02/27/2022,GNV,FL,ASO,ES,Federal Contract Tower,19,17,35,28,99,0,0,95,7,102,19,17,130,35,201,18,0,18,219
02/28/2022,GNV,FL,ASO,ES,Federal Contract Tower,24,24,29,0,77,0,0,1,0,1,24,24,30,0,78,0,0,0,78
03/01/2022,GNV,FL,ASO,ES,Federal Contract Tower,20,14,46,11,91,0,0,79,1,80,20,14,125,12,171,72,8,80,251
03/02/2022,GNV,FL,ASO,ES,Federal Contract Tower,15,13,26,12,66,0,1,113,6,120,15,14,139,18,186,80,2,82,268
03/03/2022,GNV,FL,ASO,ES,Federal Contract Tower,20,27,53,3,103,0,1,113,0,114,20,28,166,3,217,43,0,43,260
03/04/2022,GNV,FL,ASO,ES,Federal Contract Tower,22,14,32,6,74,0,2,122,6,130,22,16,154,12,204,26,0,26,230
03/05/2022,GNV,FL,ASO,ES,Federal Contract Tower,22,15,45,17,99,0,0,79,0,79,22,15,124,17,178,6,0,6,184
03/06/2022,GNV,FL,ASO,ES,Federal Contract Tower,17,11,32,0,60,0,0,102,3,105,17,11,134,3,165,26,0,26,191
03/07/2022,GNV,FL,ASO,ES,Federal Contract Tower,16,11,26,7,60,0,0,48,2,50,16,11,74,9,110,60,4,64,174
03/08/2022,GNV,FL,ASO,ES,Federal Contract Tower,16,10,23,10,59,0,0,31,4,35,16,10,54,14,94,50,10,60,154
03/09/2022,GNV,FL,ASO,ES,Federal Contract Tower,13,6,25,4,48,0,0,3,0,3,13,6,28,4,51,0,0,0,51
03/10/2022,GNV,FL,ASO,ES,Federal Contract Tower,17,14,13,8,52,0,0,8,0,8,17,14,21,8,60,6,0,6,66
03/11/2022,GNV,FL,ASO,ES,Federal Contract Tower,16,12,9,0,37,0,0,7,0,7,16,12,16,0,44,6,10,16,60
03/12/2022,GNV,FL,ASO,ES,Federal Contract Tower,15,15,12,4,46,0,0,13,0,13,15,15,25,4,59,2,0,2,61
03/13/2022,GNV,FL,ASO,ES,Federal Contract Tower,18,13,61,0,92,0,0,120,0,120,18,13,181,0,212,50,0,50,262
03/14/2022,GNV,FL,ASO,ES,Federal Contract Tower,17,25,31,7,80,0,0,97,6,103,17,25,128,13,183,52,21,73,256
03/15/2022,GNV,FL,ASO,ES,Federal Contract Tower,18,9,24,4,55,0,0,26,8,34,18,9,50,12,89,14,2,16,105
03/16/2022,GNV,FL,ASO,ES,Federal Contract Tower,14,13,43,6,76,0,0,28,0,28,14,13,71,6,104,4,0,4,108
03/17/2022,GNV,FL,ASO,ES,Federal Contract Tower,22,18,57,20,117,0,0,88,4,92,22,18,145,24,209,52,6,58,267
03/18/2022,GNV,FL,ASO,ES,Federal Contract Tower,13,14,40,3,70,0,0,55,3,58,13,14,95,6,128,56,0,56,184
03/19/2022,GNV,FL,ASO,ES,Federal Contract Tower,11,12,36,4,63,0,0,185,8,193,11,12,221,12,256,38,0,38,294
03/20/2022,GNV,FL,ASO,ES,Federal Contract Tower,21,11,44,1,77,0,0,109,1,110,21,11,153,2,187,46,0,46,233
03/21/2022,GNV,FL,ASO,ES,Federal Contract Tower,14,17,33,2,66,0,0,100,3,103,14,17,133,5,169,80,0,80,249
03/22/2022,GNV,FL,ASO,ES,Federal Contract Tower,14,11,28,7,60,0,0,97,2,99,14,11,125,9,159,36,0,36,195
03/23/2022,GNV,FL,ASO,ES,Federal Contract Tower,14,15,9,3,41,0,0,9,1,10,14,15,18,4,51,12,4,16,67
03/24/2022,GNV,FL,ASO,ES,Federal Contract Tower,18,5,16,0,39,0,0,0,0,0,18,5,16,0,39,4,0,4,43
03/25/2022,GNV,FL,ASO,ES,Federal Contract Tower,13,23,45,29,110,0,0,107,5,112,13,23,152,34,222,64,34,98,320
03/26/2022,GNV,FL,ASO,ES,Federal Contract Tower,15,15,20,4,54,0,0,111,0,111,15,15,131,4,165,34,6,40,205
03/27/2022,GNV,FL,ASO,ES,Federal Contract Tower,18,9,33,5,65,0,0,105,0,105,18,9,138,5,170,66,0,66,236
03/28/2022,GNV,FL,ASO,ES,Federal Contract Tower,18,12,38,12,80,0,0,96,6,102,18,12,134,18,182,94,12,106,288
03/29/2022,GNV,FL,ASO,ES,Federal Contract Tower,14,8,46,7,75,0,0,99,18,117,14,8,145,25,192,110,38,148,340
03/30/2022,GNV,FL,ASO,ES,Federal Contract Tower,14,9,50,4,77,0,0,72,12,84,14,9,122,16,161,62,0,62,223
03/31/2022,GNV,FL,ASO,ES,Federal Contract Tower,17,11,16,0,44,0,0,5,0,5,17,11,21,0,49,0,0,0,49
04/01/2022,GNV,FL,ASO,ES,Federal Contract Tower,21,10,58,26,115,0,0,68,14,82,21,10,126,40,197,98,26,124,321
04/02/2022,GNV,FL,ASO,ES,Federal Contract Tower,15,6,23,0,44,0,0,1,0,1,15,6,24,0,45,0,0,0,45
04/03/2022,GNV,FL,ASO,ES,Federal Contract Tower,17,18,37,3,75,0,0,108,9,117,17,18,145,12,192,14,12,26,218
04/04/2022,GNV,FL,ASO,ES,Federal Contract Tower,21,22,41,2,86,0,0,113,8,121,21,22,154,10,207,24,2,26,233
04/05/2022,GNV,FL,ASO,ES,Federal Contract Tower,18,13,21,5,57,0,0,30,9,39,18,13,51,14,96,0,6,6,102
04/06/2022,GNV,FL,ASO,ES,Federal Contract Tower,21,9,37,4,71,0,0,20,8,28,21,9,57,12,99,66,0,66,165
04/07/2022,GNV,FL,ASO,ES,Federal Contract Tower,20,26,20,5,71,0,0,21,3,24,20,26,41,8,95,0,0,0,95
04/08/2022,GNV,FL,ASO,ES,Federal Contract Tower,20,17,39,13,89,0,0,89,6,95,20,17,128,19,184,28,26,54,238
04/09/2022,GNV,FL,ASO,ES,Federal Contract Tower,20,6,29,6,61,0,0,66,5,71,20,6,95,11,132,4,0,4,136
04/10/2022,GNV,FL,ASO,ES,Federal Contract Tower,18,14,30,4,66,0,0,103,12,115,18,14,133,16,181,62,0,62,243
04/11/2022,GNV,FL,ASO,ES,Federal Contract Tower,20,14,18,4,56,0,0,126,1,127,20,14,144,5,183,64,0,64,247
04/12/2022,GNV,FL,ASO,ES,Federal Contract Tower,19,15,30,15,79,0,0,104,0,104,19,15,134,15,183,40,18,58,241
04/13/2022,GNV,FL,ASO,ES,Federal Contract Tower,16,15,28,16,75,0,0,86,2,88,16,15,114,18,163,58,8,66,229
04/14/2022,GNV,FL,ASO,ES,Federal Contract Tower,23,18,33,9,83,0,0,38,0,38,23,18,71,9,121,18,8,26,147
04/15/2022,GNV,FL,ASO,ES,Federal Contract Tower,19,19,59,5,102,0,0,79,3,82,19,19,138,8,184,96,18,114,298
04/16/2022,GNV,FL,ASO,ES,Federal Contract Tower,23,16,34,0,73,0,0,94,0,94,23,16,128,0,167,32,0,32,199
04/17/2022,GNV,FL,ASO,ES,Federal Contract Tower,19,12,26,3,60,0,0,31,3,34,19,12,57,6,94,26,0,26,120
04/18/2022,GNV,FL,ASO,ES,Federal Contract Tower,19,16,32,0,67,0,0,63,1,64,19,16,95,1,131,100,0,100,231
04/19/2022,GNV,FL,ASO,ES,Federal Contract Tower,21,19,50,8,98,0,0,113,11,124,21,19,163,19,222,48,16,64,286
04/20/2022,GNV,FL,ASO,ES,Federal Contract Tower,18,31,29,9,87,0,0,133,3,136,18,31,162,12,223,66,6,72,295
04/21/2022,GNV,FL,ASO,ES,Federal Contract Tower,19,13,42,6,80,0,0,85,0,85,19,13,127,6,165,100,0,100,265
04/22/2022,GNV,FL,ASO,ES,Federal Contract Tower,20,15,38,7,80,0,0,80,0,80,20,15,118,7,160,66,6,72,232
04/23/2022,GNV,FL,ASO,ES,Federal Contract Tower,19,4,38,0,61,0,0,114,0,114,19,4,152,0,175,82,0,82,257
04/24/2022,GNV,FL,ASO,ES,Federal Contract Tower,23,22,29,8,82,0,0,89,0,89,23,22,118,8,171,36,0,36,207
04/25/2022,GNV,FL,ASO,ES,Federal Contract Tower,17,12,31,6,66,0,0,112,0,112,17,12,143,6,178,64,10,74,252
04/26/2022,GNV,FL,ASO,ES,Federal Contract Tower,19,12,32,6,69,0,0,108,6,114,19,12,140,12,183,68,14,82,265
04/27/2022,GNV,FL,ASO,ES,Federal Contract Tower,21,21,15,4,61,0,0,72,2,74,21,21,87,6,135,46,0,46,181
04/28/2022,GNV,FL,ASO,ES,Federal Contract Tower,17,19,50,2,88,0,0,73,0,73,17,19,123,2,161,38,4,42,203
04/29/2022,GNV,FL,ASO,ES,Federal Contract Tower,22,16,40,2,80,0,1,100,3,104,22,17,140,5,184,30,8,38,222
04/30/2022,GNV,FL,ASO,ES,Federal Contract Tower,19,7,30,0,56,0,0,84,0,84,19,7,114,0,140,24,0,24,164
05/01/2022,GNV,FL,ASO,ES,Federal Contract Tower,22,9,26,10,67,0,0,50,3,53,22,9,76,13,120,34,0,34,154
05/02/2022,GNV,FL,ASO,ES,Federal Contract Tower,20,21,26,0,67,0,0,66,1,67,20,21,92,1,134,6,20,26,160
05/03/2022,GNV,FL,ASO,ES,Federal Contract Tower,16,13,25,8,62,0,0,103,0,103,16,13,128,8,165,24,10,34,199
05/04/2022,GNV,FL,ASO,ES,Federal Contract Tower,16,10,37,3,66,0,0,134,16,150,16,10,171,19,216,86,60,146,362
05/05/2022,GNV,FL,ASO,ES,Federal Contract Tower,20,18,22,16,76,0,0,116,3,119,20,18,138,19,195,100,48,148,343
05/06/2022,GNV,FL,ASO,ES,Federal Contract Tower,20,15,30,40,105,0,0,89,3,92,20,15,119,43,197,46,12,58,255
05/07/2022,GNV,FL,ASO,ES,Federal Contract Tower,16,9,27,0,52,0,0,71,0,71,16,9,98,0,123,14,0,14,137
05/08/2022,GNV,FL,ASO,ES,Federal Contract Tower,17,15,18,14,64,0,0,89,0,89,17,15,107,14,153,50,0,50,203
05/09/2022,GNV,FL,ASO,ES,Federal Contract Tower,19,10,27,0,56,0,0,77,10,87,19,10,104,10,143,28,0,28,171
05/10/2022,GNV,FL,ASO,ES,Federal Contract Tower,14,5,31,2,52,0,0,69,4,73,14,5,100,6,125,24,0,24,149
05/11/2022,GNV,FL,ASO,ES,Federal Contract Tower,20,11,24,3,58,0,0,87,5,92,20,11,111,8,150,42,0,42,192
05/12/2022,GNV,FL,ASO,ES,Federal Contract Tower,16,18,40,5,79,0,0,84,6,90,16,18,124,11,169,58,12,70,239
05/13/2022,GNV,FL,ASO,ES,Federal Contract Tower,19,18,27,0,64,0,0,58,2,60,19,18,85,2,124,80,0,80,204
05/14/2022,GNV,FL,ASO,ES,Federal Contract Tower,22,3,18,0,43,0,0,95,8,103,22,3,113,8,146,64,0,64,210
05/15/2022,GNV,FL,ASO,ES,Federal Contract Tower,20,13,24,1,58,0,0,31,11,42,20,13,55,12,100,20,0,20,120
05/16/2022,GNV,FL,ASO,ES,Federal Contract Tower,19,10,34,0,63,0,0,50,0,50,19,10,84,0,113,6,0,6,119
05/17/2022,GNV,FL,ASO,ES,Federal Contract Tower,14,16,44,2,76,0,0,77,2,79,14,16,121,4,155,14,0,14,169
05/18/2022,GNV,FL,ASO,ES,Federal Contract Tower,14,4,54,7,79,0,0,92,0,92,14,4,146,7,171,34,12,46,217
05/19/2022,GNV,FL,ASO,ES,Federal Contract Tower,19,12,42,2,75,0,0,81,2,83,19,12,123,4,158,48,0,48,206
05/20/2022,GNV,FL,ASO,ES,Federal Contract Tower,19,7,30,6,62,0,0,73,0,73,19,7,103,6,135,26,0,26,161
05/21/2022,GNV,FL,ASO,ES,Federal Contract Tower,16,9,17,0,42,0,0,22,0,22,16,9,39,0,64,16,0,16,80
05/22/2022,GNV,FL,ASO,ES,Federal Contract Tower,19,0,19,0,38,0,0,37,0,37,19,0,56,0,75,28,0,28,103
05/23/2022,GNV,FL,ASO,ES,Federal Contract Tower,14,2,19,2,37,0,0,68,0,68,14,2,87,2,105,74,0,74,179
05/24/2022,GNV,FL,ASO,ES,Federal Contract Tower,14,5,32,2,53,0,0,92,2,94,14,5,124,4,147,20,8,28,175
05/25/2022,GNV,FL,ASO,ES,Federal Contract Tower,16,6,51,2,75,0,0,124,0,124,16,6,175,2,199,64,0,64,263
05/26/2022,GNV,FL,ASO,ES,Federal Contract Tower,16,9,38,3,66,0,0,62,4,66,16,9,100,7,132,52,0,52,184
05/27/2022,GNV,FL,ASO,ES,Federal Contract Tower,20,6,30,0,56,0,0,31,0,31,20,6,61,0,87,0,0,0,87
05/28/2022,GNV,FL,ASO,ES,Federal Contract Tower,17,1,19,0,37,0,0,59,0,59,17,1,78,0,96,56,0,56,152
05/29/2022,GNV,FL,ASO,ES,Federal Contract Tower,17,1,26,0,44,0,0,100,0,100,17,1,126,0,144,36,0,36,180
05/30/2022,GNV,FL,ASO,ES,Federal Contract Tower,20,4,30,0,54,0,0,68,0,68,20,4,98,0,122,10,2,12,134
05/31/2022,GNV,FL,ASO,ES,Federal Contract Tower,14,7,38,2,61,0,0,61,4,65,14,7,99,6,126,34,0,34,160
06/01/2022,GNV,FL,ASO,ES,Federal Contract Tower,14,11,32,13,70,0,0,102,9,111,14,11,134,22,181,88,26,114,295
06/02/2022,GNV,FL,ASO,ES,Federal Contract Tower,19,12,30,12,73,0,0,120,8,128,19,12,150,20,201,48,50,98,299
06/03/2022,GNV,FL,ASO,ES,Federal Contract Tower,14,8,31,3,56,0,1,58,1,60,14,9,89,4,116,30,0,30,146
06/04/2022,GNV,FL,ASO,ES,Federal Contract Tower,15,10,26,0,51,0,0,60,0,60,15,10,86,0,111,48,0,48,159
06/05/2022,GNV,FL,ASO,ES,Federal Contract Tower,17,12,31,0,60,0,0,6,0,6,17,12,37,0,66,6,0,6,72
06/06/2022,GNV,FL,ASO,ES,Federal Contract Tower,23,10,17,0,50,0,0,46,0,46,23,10,63,0,96,46,0,46,142
06/07/2022,GNV,FL,ASO,ES,Federal Contract Tower,19,8,36,6,69,0,0,54,2,56,19,8,90,8,125,26,0,26,151
06/08/2022,GNV,FL,ASO,ES,Federal Contract Tower,16,5,29,4,54,0,0,81,3,84,16,5,110,7,138,56,6,62,200
06/09/2022,GNV,FL,ASO,ES,Federal Contract Tower,22,8,40,0,70,0,0,80,2,82,22,8,120,2,152,20,0,20,172
06/10/2022,GNV,FL,ASO,ES,Federal Contract Tower,16,14,28,3,61,0,0,41,11,52,16,14,69,14,113,38,2,40,153
06/11/2022,GNV,FL,ASO,ES,Federal Contract Tower,14,7,24,6,51,0,0,29,0,29,14,7,53,6,80,30,0,30,110
06/12/2022,GNV,FL,ASO,ES,Federal Contract Tower,18,9,28,0,55,0,0,21,0,21,18,9,49,0,76,16,0,16,92
06/13/2022,GNV,FL,ASO,ES,Federal Contract Tower,17,5,28,2,52,0,0,55,0,55,17,5,83,2,107,26,0,26,133
06/14/2022,GNV,FL,ASO,ES,Federal Contract Tower,18,8,28,0,54,0,0,76,0,76,18,8,104,0,130,80,0,80,210
06/15/2022,GNV,FL,ASO,ES,Federal Contract Tower,17,22,27,4,70,0,0,113,0,113,17,22,140,4,183,28,14,42,225
06/16/2022,GNV,FL,ASO,ES,Federal Contract Tower,20,4,47,13,84,0,0,81,3,84,20,4,128,16,168,84,16,100,268
06/17/2022,GNV,FL,ASO,ES,Federal Contract Tower,14,3,25,2,44,0,1,93,2,96,14,4,118,4,140,31,0,31,171
06/18/2022,GNV,FL,ASO,ES,Federal Contract Tower,15,6,20,0,41,0,0,59,0,59,15,6,79,0,100,70,0,70,170
06/19/2022,GNV,FL,ASO,ES,Federal Contract Tower,19,4,15,7,45,0,0,38,2,40,19,4,53,9,85,26,0,26,111
06/20/2022,GNV,FL,ASO,ES,Federal Contract Tower,18,7,20,0,45,0,0,76,0,76,18,7,96,0,121,40,0,40,161
06/21/2022,GNV,FL,ASO,ES,Federal Contract Tower,17,2,34,7,60,0,0,109,0,109,17,2,143,7,169,68,0,68,237
06/22/2022,GNV,FL,ASO,ES,Federal Contract Tower,17,7,22,24,70,0,0,107,9,116,17,7,129,33,186,42,56,98,284
06/23/2022,GNV,FL,ASO,ES,Federal Contract Tower,16,8,21,13,58,0,2,71,1,74,16,10,92,14,132,52,6,58,190
06/24/2022,GNV,FL,ASO,ES,Federal Contract Tower,19,4,25,4,52,0,0,41,0,41,19,4,66,4,93,8,34,42,135
06/25/2022,GNV,FL,ASO,ES,Federal Contract Tower,15,8,20,0,43,0,0,54,0,54,15,8,74,0,97,60,0,60,157
06/26/2022,GNV,FL,ASO,ES,Federal Contract Tower,16,5,35,0,56,0,0,86,0,86,16,5,121,0,142,26,0,26,168
06/27/2022,GNV,FL,ASO,ES,Federal Contract Tower,17,14,33,4,68,0,0,60,0,60,17,14,93,4,128,28,0,28,156
06/28/2022,GNV,FL,ASO,ES,Federal Contract Tower,20,4,26,0,50,0,0,76,0,76,20,4,102,0,126,74,0,74,200
06/29/2022,GNV,FL,ASO,ES,Federal Contract Tower,19,4,28,25,76,0,0,96,19,115,19,4,124,44,191,60,46,106,297
06/30/2022,GNV,FL,ASO,ES,Federal Contract Tower,16,15,43,5,79,0,0,60,2,62,16,15,103,7,141,72,14,86,227
07/01/2022,GNV,FL,ASO,ES,Federal Contract Tower,18,10,43,4,75,0,0,46,4,50,18,10,89,8,125,60,4,64,189
07/02/2022,GNV,FL,ASO,ES,Federal Contract Tower,16,5,21,0,42,0,0,56,0,56,16,5,77,0,98,14,0,14,112
07/03/2022,GNV,FL,ASO,ES,Federal Contract Tower,14,3,17,0,34,0,0,40,0,40,14,3,57,0,74,38,0,38,112
07/04/2022,GNV,FL,ASO,ES,Federal Contract Tower,11,1,9,0,21,0,0,38,0,38,11,1,47,0,59,52,0,52,111
07/05/2022,GNV,FL,ASO,ES,Federal Contract Tower,20,8,20,2,50,0,0,43,0,43,20,8,63,2,93,60,0,60,153
07/06/2022,GNV,FL,ASO,ES,Federal Contract Tower,11,10,28,6,55,0,0,65,0,65,11,10,93,6,120,36,0,36,156
07/07/2022,GNV,FL,ASO,ES,Federal Contract Tower,15,10,29,6,60,0,0,104,4,108,15,10,133,10,168,84,0,84,252
07/08/2022,GNV,FL,ASO,ES,Federal Contract Tower,11,5,25,0,41,0,4,89,6,99,11,9,114,6,140,42,20,62,202
07/09/2022,GNV,FL,ASO,ES,Federal Contract Tower,16,8,19,0,43,0,0,77,0,77,16,8,96,0,120,52,0,52,172
07/10/2022,GNV,FL,ASO,ES,Federal Contract Tower,14,4,22,0,40,0,0,31,6,37,14,4,53,6,77,8,0,8,85
07/11/2022,GNV,FL,ASO,ES,Federal Contract Tower,14,3,27,1,45,0,0,52,0,52,14,3,79,1,97,36,0,36,133
07/12/2022,GNV,FL,ASO,ES,Federal Contract Tower,17,12,35,3,67,0,0,75,4,79,17,12,110,7,146,112,28,140,286
07/13/2022,GNV,FL,ASO,ES,Federal Contract Tower,14,10,37,13,74,0,0,99,9,108,14,10,136,22,182,84,36,120,302
07/14/2022,GNV,FL,ASO,ES,Federal Contract Tower,18,4,30,8,60,0,0,74,4,78,18,4,104,12,138,94,0,94,232
07/15/2022,GNV,FL,ASO,ES,Federal Contract Tower,15,9,39,7,70,0,0,99,1,100,15,9,138,8,170,62,10,72,242
07/16/2022,GNV,FL,ASO,ES,Federal Contract Tower,17,3,25,1,46,0,0,38,1,39,17,3,63,2,85,42,0,42,127
07/17/2022,GNV,FL,ASO,ES,Federal Contract Tower,16,7,18,2,43,0,0,52,0,52,16,7,70,2,95,52,0,52,147
07/18/2022,GNV,FL,ASO,ES,Federal Contract Tower,16,8,22,0,46,0,0,24,0,24,16,8,46,0,70,14,0,14,84
07/19/2022,GNV,FL,ASO,ES,Federal Contract Tower,16,7,19,0,42,0,0,32,4,36,16,7,51,4,78,26,0,26,104
07/20/2022,GNV,FL,ASO,ES,Federal Contract Tower,15,5,32,0,52,0,0,30,4,34,15,5,62,4,86,0,0,0,86
07/21/2022,GNV,FL,ASO,ES,Federal Contract Tower,13,10,44,4,71,0,0,102,0,102,13,10,146,4,173,46,0,46,219
07/22/2022,GNV,FL,ASO,ES,Federal Contract Tower,18,12,44,4,78,0,0,64,1,65,18,12,108,5,143,26,0,26,169
07/23/2022,GNV,FL,ASO,ES,Federal Contract Tower,15,3,18,0,36,0,0,76,0,76,15,3,94,0,112,34,0,34,146
07/24/2022,GNV,FL,ASO,ES,Federal Contract Tower,16,4,15,6,41,0,0,40,2,42,16,4,55,8,83,12,0,12,95
07/25/2022,GNV,FL,ASO,ES,Federal Contract Tower,16,19,47,0,82,0,0,96,0,96,16,19,143,0,178,64,0,64,242
07/26/2022,GNV,FL,ASO,ES,Federal Contract Tower,15,8,22,4,49,0,1,64,4,69,15,9,86,8,118,78,0,78,196
07/27/2022,GNV,FL,ASO,ES,Federal Contract Tower,13,5,22,8,48,0,0,48,7,55,13,5,70,15,103,78,0,78,181
07/28/2022,GNV,FL,ASO,ES,Federal Contract Tower,15,2,45,9,71,0,0,82,4,86,15,2,127,13,157,100,0,100,257
07/29/2022,GNV,FL,ASO,ES,Federal Contract Tower,13,8,34,15,70,0,0,68,6,74,13,8,102,21,144,62,14,76,220
07/30/2022,GNV,FL,ASO,ES,Federal Contract Tower,15,5,21,0,41,0,0,93,0,93,15,5,114,0,134,46,0,46,180
07/31/2022,GNV,FL,ASO,ES,Federal Contract Tower,17,0,31,6,54,0,0,55,12,67,17,0,86,18,121,38,0,38,159
08/01/2022,GNV,FL,ASO,ES,Federal Contract Tower,14,10,23,3,50,0,0,57,1,58,14,10,80,4,108,54,0,54,162
08/02/2022,GNV,FL,ASO,ES,Federal Contract Tower,16,11,19,10,56,0,0,44,21,65,16,11,63,31,121,24,32,56,177
08/03/2022,GNV,FL,ASO,ES,Federal Contract Tower,15,4,24,13,56,0,2,53,0,55,15,6,77,13,111,22,16,38,149
08/04/2022,GNV,FL,ASO,ES,Federal Contract Tower,15,13,40,2,70,0,0,72,4,76,15,13,112,6,146,66,0,66,212
08/05/2022,GNV,FL,ASO,ES,Federal Contract Tower,15,3,32,16,66,0,0,63,13,76,15,3,95,29,142,66,6,72,214
08/06/2022,GNV,FL,ASO,ES,Federal Contract Tower,12,9,18,6,45,0,0,56,0,56,12,9,74,6,101,14,0,14,115
08/07/2022,GNV,FL,ASO,ES,Federal Contract Tower,15,1,31,8,55,0,0,51,2,53,15,1,82,10,108,20,0,20,128
08/08/2022,GNV,FL,ASO,ES,Federal Contract Tower,16,10,13,1,40,0,0,54,3,57,16,10,67,4,97,42,16,58,155
08/09/2022,GNV,FL,ASO,ES,Federal Contract Tower,14,6,25,0,45,0,0,50,2,52,14,6,75,2,97,124,0,124,221
08/10/2022,GNV,FL,ASO,ES,Federal Contract Tower,14,16,27,5,62,0,0,64,7,71,14,16,91,12,133,62,38,100,233
08/11/2022,GNV,FL,ASO,ES,Federal Contract Tower,17,15,34,0,66,0,0,47,1,48,17,15,81,1,114,66,0,66,180
08/12/2022,GNV,FL,ASO,ES,Federal Contract Tower,17,6,28,0,51,0,0,62,7,69,17,6,90,7,120,72,4,76,196
08/13/2022,GNV,FL,ASO,ES,Federal Contract Tower,15,7,16,0,38,0,0,53,0,53,15,7,69,0,91,24,0,24,115
08/14/2022,GNV,FL,ASO,ES,Federal Contract Tower,17,1,37,1,56,0,0,50,8,58,17,1,87,9,114,14,0,14,128
08/15/2022,GNV,FL,ASO,ES,Federal Contract Tower,14,12,24,2,52,0,0,93,2,95,14,12,117,4,147,102,0,102,249
08/16/2022,GNV,FL,ASO,ES,Federal Contract Tower,21,6,32,2,61,0,0,90,0,90,21,6,122,2,151,86,0,86,237
08/17/2022,GNV,FL,ASO,ES,Federal Contract Tower,18,13,26,4,61,0,2,58,3,63,18,15,84,7,124,36,4,40,164
08/18/2022,GNV,FL,ASO,ES,Federal Contract Tower,16,8,23,6,53,0,1,32,3,36,16,9,55,9,89,10,2,12,101
08/19/2022,GNV,FL,ASO,ES,Federal Contract Tower,17,6,21,7,51,0,53,9,0,62,17,59,30,7,113,102,0,102,215
08/20/2022,GNV,FL,ASO,ES,Federal Contract Tower,14,9,21,0,44,0,0,77,0,77,14,9,98,0,121,34,0,34,155
08/21/2022,GNV,FL,ASO,ES,Federal Contract Tower,19,8,18,0,45,0,0,60,0,60,19,8,78,0,105,76,0,76,181
08/22/2022,GNV,FL,ASO,ES,Federal Contract Tower,19,10,22,9,60,0,0,62,2,64,19,10,84,11,124,54,18,72,196
08/23/2022,GNV,FL,ASO,ES,Federal Contract Tower,22,11,21,1,55,0,0,54,0,54,22,11,75,1,109,84,0,84,193
08/24/2022,GNV,FL,ASO,ES,Federal Contract Tower,19,5,28,10,62,0,0,83,2,85,19,5,111,12,147,60,0,60,207
08/25/2022,GNV,FL,ASO,ES,Federal Contract Tower,17,18,26,24,85,0,0,59,4,63,17,18,85,28,148,32,36,68,216
08/26/2022,GNV,FL,ASO,ES,Federal Contract Tower,19,12,26,7,64,0,0,56,4,60,19,12,82,11,124,142,30,172,296
08/27/2022,GNV,FL,ASO,ES,Federal Contract Tower,16,5,57,0,78,0,0,20,0,20,16,5,77,0,98,74,0,74,172
08/28/2022,GNV,FL,ASO,ES,Federal Contract Tower,17,4,26,4,51,0,0,38,0,38,17,4,64,4,89,56,0,56,145
08/29/2022,GNV,FL,ASO,ES,Federal Contract Tower,18,7,29,14,68,0,0,64,0,64,18,7,93,14,132,68,14,82,214
08/30/2022,GNV,FL,ASO,ES,Federal Contract Tower,17,8,43,0,68,0,0,51,0,51,17,8,94,0,119,24,0,24,143
08/31/2022,GNV,FL,ASO,ES,Federal Contract Tower,19,6,36,4,65,0,0,40,0,40,19,6,76,4,105,124,0,124,229
09/01/2022,GNV,FL,ASO,ES,Federal Contract Tower,17,4,16,2,39,0,0,62,2,64,17,4,78,4,103,84,24,108,211
09/02/2022,GNV,FL,ASO,ES,Federal Contract Tower,18,5,37,0,60,0,0,31,0,31,18,5,68,0,91,22,0,22,113
09/03/2022,GNV,FL,ASO,ES,Federal Contract Tower,18,18,68,0,104,0,0,64,0,64,18,18,132,0,168,26,0,26,194
09/04/2022,GNV,FL,ASO,ES,Federal Contract Tower,21,8,22,0,51,0,0,57,0,57,21,8,79,0,108,16,0,16,124
09/05/2022,GNV,FL,ASO,ES,Federal Contract Tower,17,4,26,0,47,0,0,77,0,77,17,4,103,0,124,40,0,40,164
09/06/2022,GNV,FL,ASO,ES,Federal Contract Tower,17,7,23,8,55,0,0,98,0,98,17,7,121,8,153,116,8,124,277
09/07/2022,GNV,FL,ASO,ES,Federal Contract Tower,18,8,42,5,73,0,0,113,1,114,18,8,155,6,187,78,0,78,265
09/08/2022,GNV,FL,ASO,ES,Federal Contract Tower,20,7,21,4,52,0,2,13,0,15,20,9,34,4,67,16,0,16,83
09/09/2022,GNV,FL,ASO,ES,Federal Contract Tower,20,9,40,2,71,0,0,18,2,20,20,9,58,4,91,0,0,0,91
09/10/2022,GNV,FL,ASO,ES,Federal Contract Tower,19,14,61,0,94,0,0,41,0,41,19,14,102,0,135,20,0,20,155
09/11/2022,GNV,FL,ASO,ES,Federal Contract Tower,20,3,39,0,62,0,0,46,0,46,20,3,85,0,108,58,0,58,166
09/12/2022,GNV,FL,ASO,ES,Federal Contract Tower,19,6,31,5,61,0,0,31,0,31,19,6,62,5,92,34,8,42,134
09/13/2022,GNV,FL,ASO,ES,Federal Contract Tower,18,10,35,2,65,0,0,40,2,42,18,10,75,4,107,76,0,76,183
09/14/2022,GNV,FL,ASO,ES,Federal Contract Tower,18,12,32,15,77,0,2,50,4,56,18,14,82,19,133,36,22,58,191
09/15/2022,GNV,FL,ASO,ES,Federal Contract Tower,19,11,26,0,56,0,0,60,0,60,19,11,86,0,116,78,0,78,194
09/16/2022,GNV,FL,ASO,ES,Federal Contract Tower,19,5,41,6,71,0,0,48,3,51,19,5,89,9,122,78,0,78,200
09/17/2022,GNV,FL,ASO,ES,Federal Contract Tower,17,14,43,0,74,0,0,52,0,52,17,14,95,0,126,42,0,42,168
09/18/2022,GNV,FL,ASO,ES,Federal Contract Tower,19,6,51,5,81,0,0,10,2,12,19,6,61,7,93,0,0,0,93
09/19/2022,GNV,FL,ASO,ES,Federal Contract Tower,19,4,38,0,61,0,0,48,0,48,19,4,86,0,109,96,0,96,205
09/20/2022,GNV,FL,ASO,ES,Federal Contract Tower,18,6,37,6,67,0,0,71,0,71,18,6,108,6,138,90,0,90,228
09/21/2022,GNV,FL,ASO,ES,Federal Contract Tower,18,14,26,14,72,0,0,117,4,121,18,14,143,18,193,76,36,112,305
09/22/2022,GNV,FL,ASO,ES,Federal Contract Tower,19,15,45,9,88,0,0,89,6,95,19,15,134,15,183,80,4,84,267
09/23/2022,GNV,FL,ASO,ES,Federal Contract Tower,21,9,50,2,82,0,0,80,0,80,21,9,130,2,162,46,0,46,208
09/24/2022,GNV,FL,ASO,ES,Federal Contract Tower,20,4,29,0,53,0,0,126,0,126,20,4,155,0,179,20,0,20,199
09/25/2022,GNV,FL,ASO,ES,Federal Contract Tower,21,6,48,0,75,0,0,79,2,81,21,6,127,2,156,24,0,24,180
09/26/2022,GNV,FL,ASO,ES,Federal Contract Tower,20,5,34,2,61,0,0,127,0,127,20,5,161,2,188,16,0,16,204
09/27/2022,GNV,FL,ASO,ES,Federal Contract Tower,18,11,21,0,50,0,0,62,0,62,18,11,83,0,112,34,0,34,146
09/28/2022,GNV,FL,ASO,ES,Federal Contract Tower,11,2,3,0,16,0,0,0,0,0,11,2,3,0,16,0,0,0,16
09/29/2022,GNV,FL,ASO,ES,Federal Contract Tower,0,0,0,6,6,0,0,0,0,0,0,0,0,6,6,0,0,0,6
09/30/2022,GNV,FL,ASO,ES,Federal Contract Tower,11,8,14,2,35,0,1,25,4,30,11,9,39,6,65,6,0,6,71
10/01/2022,GNV,FL,ASO,ES,Federal Contract Tower,16,6,21,0,43,0,0,57,0,57,16,6,78,0,100,34,0,34,134
10/02/2022,GNV,FL,ASO,ES,Federal Contract Tower,26,7,28,0,61,0,0,88,0,88,26,7,116,0,149,36,0,36,185
10/03/2022,GNV,FL,ASO,ES,Federal Contract Tower,19,8,17,0,44,0,0,73,2,75,19,8,90,2,119,88,0,88,207
10/04/2022,GNV,FL,ASO,ES,Federal Contract Tower,18,25,31,2,76,0,1,90,0,91,18,26,121,2,167,30,0,30,197
10/05/2022,GNV,FL,ASO,ES,Federal Contract Tower,18,6,42,5,71,0,0,116,1,117,18,6,158,6,188,88,14,102,290
10/06/2022,GNV,FL,ASO,ES,Federal Contract Tower,18,13,53,2,86,0,0,133,0,133,18,13,186,2,219,78,0,78,297
10/07/2022,GNV,FL,ASO,ES,Federal Contract Tower,19,12,67,1,99,0,0,122,0,122,19,12,189,1,221,78,0,78,299
10/08/2022,GNV,FL,ASO,ES,Federal Contract Tower,15,13,36,0,64,1,0,128,0,129,16,13,164,0,193,26,0,26,219
10/09/2022,GNV,FL,ASO,ES,Federal Contract Tower,19,14,36,6,75,0,0,71,0,71,19,14,107,6,146,70,0,70,216
10/10/2022,GNV,FL,ASO,ES,Federal Contract Tower,18,6,23,1,48,0,0,105,0,105,18,6,128,1,153,86,0,86,239
10/11/2022,GNV,FL,ASO,ES,Federal Contract Tower,19,8,33,12,72,0,0,49,0,49,19,8,82,12,121,58,0,58,179
10/12/2022,GNV,FL,ASO,ES,Federal Contract Tower,18,11,35,15,79,0,0,80,1,81,18,11,115,16,160,92,0,92,252
10/13/2022,GNV,FL,ASO,ES,Federal Contract Tower,17,21,33,6,77,0,0,89,0,89,17,21,122,6,166,68,0,68,234
10/14/2022,GNV,FL,ASO,ES,Federal Contract Tower,21,14,68,5,108,0,0,144,0,144,21,14,212,5,252,58,0,58,310
10/15/2022,GNV,FL,ASO,ES,Federal Contract Tower,17,28,62,3,110,0,0,153,7,160,17,28,215,10,270,12,12,24,294
10/16/2022,GNV,FL,ASO,ES,Federal Contract Tower,22,6,57,4,89,0,0,117,0,117,22,6,174,4,206,32,14,46,252
10/17/2022,GNV,FL,ASO,ES,Federal Contract Tower,19,9,35,1,64,0,0,72,0,72,19,9,107,1,136,58,0,58,194
10/18/2022,GNV,FL,ASO,ES,Federal Contract Tower,18,11,46,0,75,0,0,111,0,111,18,11,157,0,186,72,0,72,258
10/19/2022,GNV,FL,ASO,ES,Federal Contract Tower,19,10,45,2,76,0,0,99,0,99,19,10,144,2,175,104,0,104,279
10/20/2022,GNV,FL,ASO,ES,Federal Contract Tower,17,12,29,0,58,0,0,112,0,112,17,12,141,0,170,58,0,58,228
10/21/2022,GNV,FL,ASO,ES,Federal Contract Tower,20,17,55,19,111,0,0,121,5,126,20,17,176,24,237,48,14,62,299
10/22/2022,GNV,FL,ASO,ES,Federal Contract Tower,16,9,29,0,54,0,0,96,2,98,16,9,125,2,152,16,8,24,176
10/23/2022,GNV,FL,ASO,ES,Federal Contract Tower,17,4,25,0,46,0,0,61,0,61,17,4,86,0,107,30,0,30,137
10/24/2022,GNV,FL,ASO,ES,Federal Contract Tower,18,11,40,0,69,0,0,72,0,72,18,11,112,0,141,60,0,60,201
10/25/2022,GNV,FL,ASO,ES,Federal Contract Tower,18,5,30,2,55,0,2,83,0,85,18,7,113,2,140,64,0,64,204
10/26/2022,GNV,FL,ASO,ES,Federal Contract Tower,19,7,35,4,65,0,0,86,0,86,19,7,121,4,151,98,0,98,249
10/27/2022,GNV,FL,ASO,ES,Federal Contract Tower,19,9,54,1,83,0,0,91,0,91,19,9,145,1,174,89,0,89,263
10/28/2022,GNV,FL,ASO,ES,Federal Contract Tower,19,18,52,3,92,0,0,22,0,22,19,18,74,3,114,20,0,20,134
10/29/2022,GNV,FL,ASO,ES,Federal Contract Tower,16,17,39,0,72,0,0,0,0,0,16,17,39,0,72,0,0,0,72
10/30/2022,GNV,FL,ASO,ES,Federal Contract Tower,16,4,34,0,54,0,0,31,0,31,16,4,65,0,85,40,0,40,125
10/31/2022,GNV,FL,ASO,ES,Federal Contract Tower,14,20,39,14,87,0,0,77,1,78,14,20,116,15,165,42,26,68,233
11/01/2022,GNV,FL,ASO,ES,Federal Contract Tower,17,10,54,6,87,0,0,113,2,115,17,10,167,8,202,52,0,52,254
11/02/2022,GNV,FL,ASO,ES,Federal Contract Tower,17,6,35,0,58,0,0,64,2,66,17,6,99,2,124,56,0,56,180
11/03/2022,GNV,FL,ASO,ES,Federal Contract Tower,18,9,27,1,55,0,0,74,5,79,18,9,101,6,134,72,0,72,206
11/04/2022,GNV,FL,ASO,ES,Federal Contract Tower,19,4,54,11,88,0,0,102,28,130,19,4,156,39,218,58,22,80,298
11/05/2022,GNV,FL,ASO,ES,Federal Contract Tower,18,9,28,2,57,0,0,54,0,54,18,9,82,2,111,46,0,46,157
11/06/2022,GNV,FL,ASO,ES,Federal Contract Tower,17,9,22,8,56,0,0,64,28,92,17,9,86,36,148,22,0,22,170
11/07/2022,GNV,FL,ASO,ES,Federal Contract Tower,15,13,26,3,57,0,0,80,6,86,15,13,106,9,143,26,2,28,171
11/08/2022,GNV,FL,ASO,ES,Federal Contract Tower,17,8,19,13,57,0,0,37,4,41,17,8,56,17,98,6,4,10,108
11/09/2022,GNV,FL,ASO,ES,Federal Contract Tower,12,2,14,0,28,0,0,0,0,0,12,2,14,0,28,0,0,0,28
11/10/2022,GNV,FL,ASO,ES,Federal Contract Tower,13,0,1,0,14,0,0,0,0,0,13,0,1,0,14,0,0,0,14
11/11/2022,GNV,FL,ASO,ES,Federal Contract Tower,20,10,52,15,97,0,0,24,3,27,20,10,76,18,124,2,0,2,126
11/12/2022,GNV,FL,ASO,ES,Federal Contract Tower,18,17,78,0,113,0,0,67,0,67,18,17,145,0,180,6,0,6,186
11/13/2022,GNV,FL,ASO,ES,Federal Contract Tower,17,13,61,0,91,0,0,41,0,41,17,13,102,0,132,26,0,26,158
11/14/2022,GNV,FL,ASO,ES,Federal Contract Tower,17,10,70,0,97,0,0,93,0,93,17,10,163,0,190,72,0,72,262
11/15/2022,GNV,FL,ASO,ES,Federal Contract Tower,17,11,29,9,66,0,0,31,2,33,17,11,60,11,99,66,14,80,179
11/16/2022,GNV,FL,ASO,ES,Federal Contract Tower,17,11,43,8,79,0,0,64,6,70,17,11,107,14,149,44,4,48,197
11/17/2022,GNV,FL,ASO,ES,Federal Contract Tower,16,10,39,9,74,0,0,134,12,146,16,10,173,21,220,80,24,104,324
11/18/2022,GNV,FL,ASO,ES,Federal Contract Tower,19,14,45,8,86,0,0,152,3,155,19,14,197,11,241,72,6,78,319
11/19/2022,GNV,FL,ASO,ES,Federal Contract Tower,17,6,40,0,63,0,0,108,2,110,17,6,148,2,173,80,0,80,253
11/20/2022,GNV,FL,ASO,ES,Federal Contract Tower,18,10,26,3,57,0,0,26,5,31,18,10,52,8,88,0,0,0,88
11/21/2022,GNV,FL,ASO,ES,Federal Contract Tower,18,11,47,8,84,0,0,70,2,72,18,11,117,10,156,46,0,46,202
11/22/2022,GNV,FL,ASO,ES,Federal Contract Tower,18,9,46,2,75,0,0,1,0,1,18,9,47,2,76,0,0,0,76
11/23/2022,GNV,FL,ASO,ES,Federal Contract Tower,19,9,35,5,68,0,0,27,0,27,19,9,62,5,95,12,0,12,107
11/24/2022,GNV,FL,ASO,ES,Federal Contract Tower,9,7,9,0,25,0,0,1,0,1,9,7,10,0,26,0,0,0,26
11/25/2022,GNV,FL,ASO,ES,Federal Contract Tower,16,4,29,0,49,0,0,13,0,13,16,4,42,0,62,6,0,6,68
11/26/2022,GNV,FL,ASO,ES,Federal Contract Tower,17,4,35,0,56,0,0,18,0,18,17,4,53,0,74,54,0,54,128
11/27/2022,GNV,FL,ASO,ES,Federal Contract Tower,17,11,29,0,57,0,1,15,0,16,17,12,44,0,73,16,0,16,89
11/28/2022,GNV,FL,ASO,ES,Federal Contract Tower,17,7,62,1,87,0,0,118,1,119,17,7,180,2,206,94,4,98,304
11/29/2022,GNV,FL,ASO,ES,Federal Contract Tower,17,11,39,2,69,0,0,127,1,128,17,11,166,3,197,58,46,104,301
11/30/2022,GNV,FL,ASO,ES,Federal Contract Tower,17,4,37,0,58,0,0,51,0,51,17,4,88,0,109,56,0,56,165
12/01/2022,GNV,FL,ASO,ES,Federal Contract Tower,17,10,34,3,64,0,0,108,1,109,17,10,142,4,173,52,0,52,225
12/02/2022,GNV,FL,ASO,ES,Federal Contract Tower,17,6,43,2,68,0,0,110,6,116,17,6,153,8,184,58,0,58,242
12/03/2022,GNV,FL,ASO,ES,Federal Contract Tower,15,3,30,11,59,0,0,137,0,137,15,3,167,11,196,82,20,102,298
12/04/2022,GNV,FL,ASO,ES,Federal Contract Tower,18,5,35,8,66,0,0,77,12,89,18,5,112,20,155,47,0,47,202
12/05/2022,GNV,FL,ASO,ES,Federal Contract Tower,18,9,53,0,80,0,0,42,0,42,18,9,95,0,122,56,0,56,178
12/06/2022,GNV,FL,ASO,ES,Federal Contract Tower,19,13,34,5,71,0,0,114,10,124,19,13,148,15,195,174,2,176,371
12/07/2022,GNV,FL,ASO,ES,Federal Contract Tower,19,13,35,6,73,0,0,117,2,119,19,13,152,8,192,46,4,50,242
12/08/2022,GNV,FL,ASO,ES,Federal Contract Tower,18,9,30,3,60,0,0,123,4,127,18,9,153,7,187,92,0,92,279
12/09/2022,GNV,FL,ASO,ES,Federal Contract Tower,17,11,39,9,76,0,0,103,17,120,17,11,142,26,196,56,2,58,254
12/10/2022,GNV,FL,ASO,ES,Federal Contract Tower,18,9,16,12,55,0,0,46,1,47,18,9,62,13,102,76,6,82,184
12/11/2022,GNV,FL,ASO,ES,Federal Contract Tower,19,8,52,11,90,0,0,2,0,2,19,8,54,11,92,0,0,0,92
12/12/2022,GNV,FL,ASO,ES,Federal Contract Tower,16,11,38,16,81,0,0,94,2,96,16,11,132,18,177,80,0,80,257
12/13/2022,GNV,FL,ASO,ES,Federal Contract Tower,18,14,58,6,96,0,0,50,0,50,18,14,108,6,146,56,0,56,202
12/14/2022,GNV,FL,ASO,ES,Federal Contract Tower,17,16,28,6,67,0,0,62,2,64,17,16,90,8,131,36,14,50,181
12/15/2022,GNV,FL,ASO,ES,Federal Contract Tower,21,11,45,6,83,0,0,8,2,10,21,11,53,8,93,16,0,16,109
12/16/2022,GNV,FL,ASO,ES,Federal Contract Tower,14,15,52,19,100,0,0,138,2,140,14,15,190,21,240,78,2,80,320
12/17/2022,GNV,FL,ASO,ES,Federal Contract Tower,11,11,28,2,52,0,0,97,0,97,11,11,125,2,149,62,0,62,211
12/18/2022,GNV,FL,ASO,ES,Federal Contract Tower,14,10,38,26,88,0,0,66,8,74,14,10,104,34,162,8,0,8,170
12/19/2022,GNV,FL,ASO,ES,Federal Contract Tower,16,14,31,2,63,0,0,106,2,108,16,14,137,4,171,36,2,38,209
12/20/2022,GNV,FL,ASO,ES,Federal Contract Tower,10,20,13,3,46,0,0,31,1,32,10,20,44,4,78,34,14,48,126
12/21/2022,GNV,FL,ASO,ES,Federal Contract Tower,13,15,24,0,52,0,0,0,0,0,13,15,24,0,52,0,0,0,52
12/22/2022,GNV,FL,ASO,ES,Federal Contract Tower,12,13,19,0,44,0,0,18,0,18,12,13,37,0,62,34,0,34,96
12/23/2022,GNV,FL,ASO,ES,Federal Contract Tower,14,8,24,0,46,0,0,20,0,20,14,8,44,0,66,0,10,10,76
12/24/2022,GNV,FL,ASO,ES,Federal Contract Tower,7,8,10,0,25,0,0,38,0,38,7,8,48,0,63,0,0,0,63
12/25/2022,GNV,FL,ASO,ES,Federal Contract Tower,10,14,8,0,32,0,0,19,0,19,10,14,27,0,51,2,0,2,53
12/26/2022,GNV,FL,ASO,ES,Federal Contract Tower,16,8,33,0,57,0,0,66,0,66,16,8,99,0,123,6,0,6,129
12/27/2022,GNV,FL,ASO,ES,Federal Contract Tower,15,12,23,2,52,0,0,83,2,85,15,12,106,4,137,36,0,36,173
12/28/2022,GNV,FL,ASO,ES,Federal Contract Tower,13,21,31,0,65,0,2,124,0,126,13,23,155,0,191,30,0,30,221
12/29/2022,GNV,FL,ASO,ES,Federal Contract Tower,15,16,35,2,68,0,2,102,0,104,15,18,137,2,172,44,0,44,216
12/30/2022,GNV,FL,ASO,ES,Federal Contract Tower,12,15,32,0,59,0,0,68,0,68,12,15,100,0,127,82,0,82,209
12/31/2022,GNV,FL,ASO,ES,Federal Contract Tower,8,6,20,0,34,0,0,4,0,4,8,6,24,0,38,0,0,0,38
01/01/2023,GNV,FL,ASO,ES,Federal Contract Tower,13,12,19,0,44,0,0,13,0,13,13,12,32,0,57,6,0,6,63
01/02/2023,GNV,FL,ASO,ES,Federal Contract Tower,18,11,32,0,61,0,0,54,0,54,18,11,86,0,115,38,0,38,153
01/03/2023,GNV,FL,ASO,ES,Federal Contract Tower,16,12,25,8,61,0,0,71,4,75,16,12,96,12,136,66,0,66,202
01/04/2023,GNV,FL,ASO,ES,Federal Contract Tower,15,7,33,0,55,0,0,6,0,6,15,7,39,0,61,0,0,0,61
01/05/2023,GNV,FL,ASO,ES,Federal Contract Tower,14,11,66,2,93,0,0,77,7,84,14,11,143,9,177,24,28,52,229
01/06/2023,GNV,FL,ASO,ES,Federal Contract Tower,14,13,42,44,113,0,0,125,6,131,14,13,167,50,244,88,12,100,344
01/07/2023,GNV,FL,ASO,ES,Federal Contract Tower,12,12,31,3,58,0,4,137,6,147,12,16,168,9,205,78,18,96,301
01/08/2023,GNV,FL,ASO,ES,Federal Contract Tower,12,18,44,22,96,0,0,83,18,101,12,18,127,40,197,74,2,76,273
01/09/2023,GNV,FL,ASO,ES,Federal Contract Tower,19,12,20,0,51,0,0,94,0,94,19,12,114,0,145,58,0,58,203
01/10/2023,GNV,FL,ASO,ES,Federal Contract Tower,15,10,35,2,62,0,0,134,6,140,15,10,169,8,202,124,26,150,352
01/11/2023,GNV,FL,ASO,ES,Federal Contract Tower,20,12,45,12,89,0,0,128,2,130,20,12,173,14,219,170,30,200,419
01/12/2023,GNV,FL,ASO,ES,Federal Contract Tower,17,10,45,6,78,0,0,108,2,110,17,10,153,8,188,70,0,70,258
01/13/2023,GNV,FL,ASO,ES,Federal Contract Tower,18,10,73,7,108,0,0,46,8,54,18,10,119,15,162,34,22,56,218
01/14/2023,GNV,FL,ASO,ES,Federal Contract Tower,9,13,48,0,70,0,0,70,0,70,9,13,118,0,140,20,0,20,160
01/15/2023,GNV,FL,ASO,ES,Federal Contract Tower,15,5,47,1,68,0,0,116,5,121,15,5,163,6,189,58,0,58,247
01/16/2023,GNV,FL,ASO,ES,Federal Contract Tower,17,7,49,2,75,0,0,117,0,117,17,7,166,2,192,62,0,62,254
01/17/2023,GNV,FL,ASO,ES,Federal Contract Tower,19,10,61,4,94,0,0,147,0,147,19,10,208,4,241,72,0,72,313
01/18/2023,GNV,FL,ASO,ES,Federal Contract Tower,19,12,35,14,80,0,0,112,3,115,19,12,147,17,195,72,40,112,307
01/19/2023,GNV,FL,ASO,ES,Federal Contract Tower,20,5,70,2,97,0,0,60,0,60,20,5,130,2,157,36,0,36,193
01/20/2023,GNV,FL,ASO,ES,Federal Contract Tower,19,12,41,5,77,0,0,102,6,108,19,12,143,11,185,16,0,16,201
01/21/2023,GNV,FL,ASO,ES,Federal Contract Tower,17,5,34,0,56,0,0,45,0,45,17,5,79,0,101,44,0,44,145
01/22/2023,GNV,FL,ASO,ES,Federal Contract Tower,20,2,17,12,51,0,0,18,1,19,20,2,35,13,70,28,0,28,98
01/23/2023,GNV,FL,ASO,ES,Federal Contract Tower,18,6,54,3,81,0,0,89,1,90,18,6,143,4,171,62,0,62,233
01/24/2023,GNV,FL,ASO,ES,Federal Contract Tower,17,11,39,0,67,0,0,113,0,113,17,11,152,0,180,32,0,32,212
01/25/2023,GNV,FL,ASO,ES,Federal Contract Tower,16,6,17,0,39,0,0,9,3,12,16,6,26,3,51,26,0,26,77
01/26/2023,GNV,FL,ASO,ES,Federal Contract Tower,17,20,68,4,109,0,0,127,2,129,17,20,195,6,238,86,8,94,332
01/27/2023,GNV,FL,ASO,ES,Federal Contract Tower,16,10,44,7,77,0,0,113,3,116,16,10,157,10,193,100,0,100,293
01/28/2023,GNV,FL,ASO,ES,Federal Contract Tower,13,8,30,20,71,0,0,107,2,109,13,8,137,22,180,102,12,114,294
01/29/2023,GNV,FL,ASO,ES,Federal Contract Tower,18,10,39,14,81,0,0,86,4,90,18,10,125,18,171,84,0,84,255
01/30/2023,GNV,FL,ASO,ES,Federal Contract Tower,17,19,35,19,90,0,0,103,4,107,17,19,138,23,197,148,52,200,397
01/31/2023,GNV,FL,ASO,ES,Federal Contract Tower,16,16,38,54,124,0,0,109,9,118,16,16,147,63,242,54,58,112,354
02/01/2023,GNV,FL,ASO,ES,Federal Contract Tower,14,25,33,45,117,0,0,97,6,103,14,25,130,51,220,32,44,76,296
02/02/2023,GNV,FL,ASO,ES,Federal Contract Tower,21,17,30,30,98,0,0,82,4,86,21,17,112,34,184,38,34,72,256
02/03/2023,GNV,FL,ASO,ES,Federal Contract Tower,17,14,30,10,71,0,0,11,16,27,17,14,41,26,98,0,0,0,98
02/04/2023,GNV,FL,ASO,ES,Federal Contract Tower,11,15,36,2,64,0,0,60,0,60,11,15,96,2,124,32,12,44,168
02/05/2023,GNV,FL,ASO,ES,Federal Contract Tower,14,11,39,15,79,0,0,45,7,52,14,11,84,22,131,24,0,24,155
02/06/2023,GNV,FL,ASO,ES,Federal Contract Tower,15,5,32,3,55,0,0,131,22,153,15,5,163,25,208,104,20,124,332
02/07/2023,GNV,FL,ASO,ES,Federal Contract Tower,13,13,35,2,63,0,0,126,2,128,13,13,161,4,191,42,4,46,237
02/08/2023,GNV,FL,ASO,ES,Federal Contract Tower,14,16,16,12,58,0,2,130,2,134,14,18,146,14,192,88,18,106,298
02/09/2023,GNV,FL,ASO,ES,Federal Contract Tower,16,6,59,14,95,0,0,82,1,83,16,6,141,15,178,26,38,64,242
02/10/2023,GNV,FL,ASO,ES,Federal Contract Tower,15,7,63,1,86,0,0,25,0,25,15,7,88,1,111,12,0,12,123
02/11/2023,GNV,FL,ASO,ES,Federal Contract Tower,17,6,23,1,47,0,0,0,0,0,17,6,23,1,47,0,0,0,47
02/12/2023,GNV,FL,ASO,ES,Federal Contract Tower,11,21,31,0,63,0,0,15,0,15,11,21,46,0,78,2,0,2,80
02/13/2023,GNV,FL,ASO,ES,Federal Contract Tower,14,7,43,0,64,0,0,137,2,139,14,7,180,2,203,74,0,74,277
02/14/2023,GNV,FL,ASO,ES,Federal Contract Tower,13,19,46,4,82,0,0,132,4,136,13,19,178,8,218,82,14,96,314
02/15/2023,GNV,FL,ASO,ES,Federal Contract Tower,14,18,41,0,73,0,0,102,1,103,14,18,143,1,176,46,24,70,246
02/16/2023,GNV,FL,ASO,ES,Federal Contract Tower,15,5,67,4,91,0,0,115,8,123,15,5,182,12,214,54,36,90,304
02/17/2023,GNV,FL,ASO,ES,Federal Contract Tower,9,28,29,17,83,0,0,35,1,36,9,28,64,18,119,22,0,22,141
02/18/2023,GNV,FL,ASO,ES,Federal Contract Tower,13,16,33,3,65,0,0,103,2,105,13,16,136,5,170,62,0,62,232
02/19/2023,GNV,FL,ASO,ES,Federal Contract Tower,13,13,34,4,64,0,0,96,2,98,13,13,130,6,162,30,0,30,192
02/20/2023,GNV,FL,ASO,ES,Federal Contract Tower,16,9,45,0,70,0,0,75,0,75,16,9,120,0,145,48,6,54,199
02/21/2023,GNV,FL,ASO,ES,Federal Contract Tower,12,31,54,2,99,0,0,63,0,63,12,31,117,2,162,32,2,34,196
02/22/2023,GNV,FL,ASO,ES,Federal Contract Tower,12,14,97,50,173,0,0,81,12,93,12,14,178,62,266,32,46,78,344
02/23/2023,GNV,FL,ASO,ES,Federal Contract Tower,15,20,69,21,125,0,0,97,5,102,15,20,166,26,227,58,20,78,305
02/24/2023,GNV,FL,ASO,ES,Federal Contract Tower,16,20,39,40,115,0,0,97,8,105,16,20,136,48,220,58,4,62,282
02/25/2023,GNV,FL,ASO,ES,Federal Contract Tower,17,20,37,10,84,0,2,100,0,102,17,22,137,10,186,44,0,44,230
02/26/2023,GNV,FL,ASO,ES,Federal Contract Tower,14,21,42,19,96,0,0,87,17,104,14,21,129,36,200,12,4,16,216
02/27/2023,GNV,FL,ASO,ES,Federal Contract Tower,22,6,58,2,88,0,0,78,4,82,22,6,136,6,170,16,8,24,194
02/28/2023,GNV,FL,ASO,ES,Federal Contract Tower,13,20,34,21,88,0,0,58,5,63,13,20,92,26,151,82,18,100,251
03/01/2023,GNV,FL,ASO,ES,Federal Contract Tower,16,17,73,14,120,0,0,101,3,104,16,17,174,17,224,64,36,100,324
03/02/2023,GNV,FL,ASO,ES,Federal Contract Tower,17,14,78,25,134,0,0,79,12,91,17,14,157,37,225,36,24,60,285
03/03/2023,GNV,FL,ASO,ES,Federal Contract Tower,16,11,27,5,59,0,0,55,7,62,16,11,82,12,121,6,0,6,127
03/04/2023,GNV,FL,ASO,ES,Federal Contract Tower,15,12,28,0,55,0,0,18,0,18,15,12,46,0,73,34,0,34,107
03/05/2023,GNV,FL,ASO,ES,Federal Contract Tower,17,6,57,8,88,0,0,35,0,35,17,6,92,8,123,40,0,40,163
03/06/2023,GNV,FL,ASO,ES,Federal Contract Tower,18,15,42,0,75,0,0,94,4,98,18,15,136,4,173,84,0,84,257
03/07/2023,GNV,FL,ASO,ES,Federal Contract Tower,15,16,50,9,90,0,0,89,8,97,15,16,139,17,187,52,0,52,239
03/08/2023,GNV,FL,ASO,ES,Federal Contract Tower,13,15,50,5,83,0,0,94,5,99,13,15,144,10,182,52,28,80,262
03/09/2023,GNV,FL,ASO,ES,Federal Contract Tower,17,17,51,30,115,0,0,135,3,138,17,17,186,33,253,78,0,78,331
03/10/2023,GNV,FL,ASO,ES,Federal Contract Tower,25,13,45,11,94,0,0,64,11,75,25,13,109,22,169,32,4,36,205
03/11/2023,GNV,FL,ASO,ES,Federal Contract Tower,16,23,67,0,106,0,0,128,4,132,16,23,195,4,238,46,0,46,284
03/12/2023,GNV,FL,ASO,ES,Federal Contract Tower,17,10,69,5,101,0,0,70,3,73,17,10,139,8,174,12,0,12,186
03/13/2023,GNV,FL,ASO,ES,Federal Contract Tower,16,13,19,0,48,0,0,5,0,5,16,13,24,0,53,0,0,0,53
03/14/2023,GNV,FL,ASO,ES,Federal Contract Tower,17,9,36,12,74,0,0,131,2,133,17,9,167,14,207,136,10,146,353
03/15/2023,GNV,FL,ASO,ES,Federal Contract Tower,16,17,36,10,79,0,0,125,4,129,16,17,161,14,208,88,16,104,312
03/16/2023,GNV,FL,ASO,ES,Federal Contract Tower,25,23,52,0,100,0,0,130,7,137,25,23,182,7,237,52,0,52,289
03/17/2023,GNV,FL,ASO,ES,Federal Contract Tower,16,10,31,6,63,0,0,74,4,78,16,10,105,10,141,12,0,12,153
03/18/2023,GNV,FL,ASO,ES,Federal Contract Tower,16,19,28,0,63,0,0,3,0,3,16,19,31,0,66,0,0,0,66
03/19/2023,GNV,FL,ASO,ES,Federal Contract Tower,14,13,43,7,77,0,0,75,3,78,14,13,118,10,155,20,0,20,175
03/20/2023,GNV,FL,ASO,ES,Federal Contract Tower,17,14,38,15,84,0,0,132,10,142,17,14,170,25,226,124,18,142,368
03/21/2023,GNV,FL,ASO,ES,Federal Contract Tower,14,11,38,15,78,0,0,85,7,92,14,11,123,22,170,142,16,158,328
03/22/2023,GNV,FL,ASO,ES,Federal Contract Tower,14,16,26,9,65,0,0,103,29,132,14,16,129,38,197,88,30,118,315
03/23/2023,GNV,FL,ASO,ES,Federal Contract Tower,16,15,29,7,67,0,0,142,14,156,16,15,171,21,223,72,0,72,295
03/24/2023,GNV,FL,ASO,ES,Federal Contract Tower,16,12,46,12,86,0,0,163,14,177,16,12,209,26,263,62,26,88,351
03/25/2023,GNV,FL,ASO,ES,Federal Contract Tower,17,23,41,4,85,0,2,150,3,155,17,25,191,7,240,28,6,34,274
03/26/2023,GNV,FL,ASO,ES,Federal Contract Tower,17,12,38,8,75,0,0,62,4,66,17,12,100,12,141,22,8,30,171
03/27/2023,GNV,FL,ASO,ES,Federal Contract Tower,18,22,37,29,106,0,0,92,5,97,18,22,129,34,203,120,10,130,333
03/28/2023,GNV,FL,ASO,ES,Federal Contract Tower,15,14,58,10,97,0,0,54,3,57,15,14,112,13,154,172,6,178,332
03/29/2023,GNV,FL,ASO,ES,Federal Contract Tower,13,10,37,7,67,0,0,141,3,144,13,10,178,10,211,172,18,190,401
03/30/2023,GNV,FL,ASO,ES,Federal Contract Tower,17,16,52,7,92,1,1,164,2,168,18,17,216,9,260,60,2,62,322
03/31/2023,GNV,FL,ASO,ES,Federal Contract Tower,16,7,37,21,81,0,0,118,10,128,16,7,155,31,209,58,20,78,287
04/01/2023,GNV,FL,ASO,ES,Federal Contract Tower,11,12,34,6,63,0,0,54,0,54,11,12,88,6,117,40,10,50,167
04/02/2023,GNV,FL,ASO,ES,Federal Contract Tower,16,13,55,3,87,0,0,82,1,83,16,13,137,4,170,40,0,40,210
04/03/2023,GNV,FL,ASO,ES,Federal Contract Tower,16,14,50,2,82,0,0,78,2,80,16,14,128,4,162,82,0,82,244
04/04/2023,GNV,FL,ASO,ES,Federal Contract Tower,15,10,39,9,73,0,0,77,2,79,15,10,116,11,152,62,12,74,226
04/05/2023,GNV,FL,ASO,ES,Federal Contract Tower,15,22,32,6,75,0,0,81,2,83,15,22,113,8,158,92,4,96,254
04/06/2023,GNV,FL,ASO,ES,Federal Contract Tower,16,16,35,11,78,0,0,135,5,140,16,16,170,16,218,72,8,80,298
04/07/2023,GNV,FL,ASO,ES,Federal Contract Tower,19,9,27,7,62,0,2,85,0,87,19,11,112,7,149,20,10,30,179
04/08/2023,GNV,FL,ASO,ES,Federal Contract Tower,13,10,26,6,55,0,0,53,2,55,13,10,79,8,110,36,4,40,150
04/09/2023,GNV,FL,ASO,ES,Federal Contract Tower,19,15,19,0,53,0,0,4,0,4,19,15,23,0,57,0,0,0,57
04/10/2023,GNV,FL,ASO,ES,Federal Contract Tower,16,14,21,2,53,0,0,8,2,10,16,14,29,4,63,14,28,42,105
04/11/2023,GNV,FL,ASO,ES,Federal Contract Tower,15,14,53,5,87,0,0,60,4,64,15,14,113,9,151,98,8,106,257
04/12/2023,GNV,FL,ASO,ES,Federal Contract Tower,14,13,36,2,65,0,0,63,10,73,14,13,99,12,138,54,0,54,192
04/13/2023,GNV,FL,ASO,ES,Federal Contract Tower,22,9,36,2,69,0,0,33,2,35,22,9,69,4,104,64,2,66,170
04/14/2023,GNV,FL,ASO,ES,Federal Contract Tower,17,17,48,10,92,0,0,92,12,104,17,17,140,22,196,78,20,98,294
04/15/2023,GNV,FL,ASO,ES,Federal Contract Tower,15,13,51,11,90,0,0,143,3,146,15,13,194,14,236,102,26,128,364
04/16/2023,GNV,FL,ASO,ES,Federal Contract Tower,22,20,51,13,106,0,0,57,3,60,22,20,108,16,166,46,0,46,212
04/17/2023,GNV,FL,ASO,ES,Federal Contract Tower,15,19,38,9,81,0,0,89,3,92,15,19,127,12,173,84,26,110,283
04/18/2023,GNV,FL,ASO,ES,Federal Contract Tower,15,10,28,10,63,0,0,155,0,155,15,10,183,10,218,98,0,98,316
04/19/2023,GNV,FL,ASO,ES,Federal Contract Tower,14,26,31,4,75,0,0,151,6,157,14,26,182,10,232,88,14,102,334
04/20/2023,GNV,FL,ASO,ES,Federal Contract Tower,20,10,44,13,87,0,0,129,0,129,20,10,173,13,216,52,0,52,268
04/21/2023,GNV,FL,ASO,ES,Federal Contract Tower,18,5,46,8,77,0,0,134,10,144,18,5,180,18,221,82,6,88,309
04/22/2023,GNV,FL,ASO,ES,Federal Contract Tower,14,10,40,1,65,0,0,88,3,91,14,10,128,4,156,42,0,42,198
04/23/2023,GNV,FL,ASO,ES,Federal Contract Tower,18,9,46,5,78,0,0,80,10,90,18,9,126,15,168,40,16,56,224
04/24/2023,GNV,FL,ASO,ES,Federal Contract Tower,15,11,42,0,68,0,0,77,2,79,15,11,119,2,147,78,34,112,259
04/25/2023,GNV,FL,ASO,ES,Federal Contract Tower,14,14,19,4,51,0,0,56,2,58,14,14,75,6,109,154,0,154,263
04/26/2023,GNV,FL,ASO,ES,Federal Contract Tower,14,25,37,4,80,0,0,113,7,120,14,25,150,11,200,98,0,98,298
04/27/2023,GNV,FL,ASO,ES,Federal Contract Tower,20,4,38,8,70,0,0,37,2,39,20,4,75,10,109,24,18,42,151
04/28/2023,GNV,FL,ASO,ES,Federal Contract Tower,17,19,32,10,78,0,0,65,0,65,17,19,97,10,143,50,0,50,193
04/29/2023,GNV,FL,ASO,ES,Federal Contract Tower,13,6,19,2,40,0,0,52,0,52,13,6,71,2,92,28,0,28,120
04/30/2023,GNV,FL,ASO,ES,Federal Contract Tower,22,10,25,0,57,0,0,28,2,30,22,10,53,2,87,12,0,12,99
05/01/2023,GNV,FL,ASO,ES,Federal Contract Tower,19,15,34,2,70,0,0,92,5,97,19,15,126,7,167,32,0,32,199
05/02/2023,GNV,FL,ASO,ES,Federal Contract Tower,14,16,37,2,69,0,0,146,5,151,14,16,183,7,220,76,16,92,312
05/03/2023,GNV,FL,ASO,ES,Federal Contract Tower,14,19,23,6,62,0,0,118,0,118,14,19,141,6,180,38,4,42,222
05/04/2023,GNV,FL,ASO,ES,Federal Contract Tower,20,11,54,2,87,0,0,148,4,152,20,11,202,6,239,112,18,130,369
05/05/2023,GNV,FL,ASO,ES,Federal Contract Tower,17,12,54,41,124,0,0,123,8,131,17,12,177,49,255,12,26,38,293
05/06/2023,GNV,FL,ASO,ES,Federal Contract Tower,12,16,30,0,58,0,0,60,4,64,12,16,90,4,122,44,0,44,166
05/07/2023,GNV,FL,ASO,ES,Federal Contract Tower,16,12,51,15,94,0,0,76,9,85,16,12,127,24,179,12,2,14,193
05/08/2023,GNV,FL,ASO,ES,Federal Contract Tower,15,13,36,8,72,0,0,107,2,109,15,13,143,10,181,64,0,64,245
05/09/2023,GNV,FL,ASO,ES,Federal Contract Tower,9,14,29,0,52,0,0,113,0,113,9,14,142,0,165,74,0,74,239
05/10/2023,GNV,FL,ASO,ES,Federal Contract Tower,15,8,30,10,63,0,0,65,4,69,15,8,95,14,132,50,0,50,182
05/11/2023,GNV,FL,ASO,ES,Federal Contract Tower,20,6,37,0,63,0,0,35,0,35,20,6,72,0,98,16,14,30,128
05/12/2023,GNV,FL,ASO,ES,Federal Contract Tower,18,23,38,8,87,0,0,64,4,68,18,23,102,12,155,48,0,48,203
05/13/2023,GNV,FL,ASO,ES,Federal Contract Tower,12,9,28,0,49,0,0,49,0,49,12,9,77,0,98,50,0,50,148
05/14/2023,GNV,FL,ASO,ES,Federal Contract Tower,19,13,22,9,63,0,6,63,3,72,19,19,85,12,135,40,0,40,175
05/15/2023,GNV,FL,ASO,ES,Federal Contract Tower,16,15,27,0,58,0,0,140,0,140,16,15,167,0,198,72,0,72,270
05/16/2023,GNV,FL,ASO,ES,Federal Contract Tower,13,11,23,6,53,0,0,66,0,66,13,11,89,6,119,52,0,52,171
05/17/2023,GNV,FL,ASO,ES,Federal Contract Tower,15,18,47,7,87,0,0,87,3,90,15,18,134,10,177,62,10,72,249
05/18/2023,GNV,FL,ASO,ES,Federal Contract Tower,17,5,43,0,65,0,0,59,0,59,17,5,102,0,124,120,0,120,244
05/19/2023,GNV,FL,ASO,ES,Federal Contract Tower,15,17,36,8,76,0,0,61,4,65,15,17,97,12,141,90,0,90,231
05/20/2023,GNV,FL,ASO,ES,Federal Contract Tower,18,4,22,8,52,0,0,63,0,63,18,4,85,8,115,18,4,22,137
05/21/2023,GNV,FL,ASO,ES,Federal Contract Tower,12,18,15,5,50,0,0,59,0,59,12,18,74,5,109,64,0,64,173
05/22/2023,GNV,FL,ASO,ES,Federal Contract Tower,15,14,27,2,58,0,0,30,0,30,15,14,57,2,88,40,10,50,138
05/23/2023,GNV,FL,ASO,ES,Federal Contract Tower,12,7,17,1,37,0,0,28,0,28,12,7,45,1,65,92,0,92,157
05/24/2023,GNV,FL,ASO,ES,Federal Contract Tower,10,15,29,1,55,0,0,26,4,30,10,15,55,5,85,46,0,46,131
05/25/2023,GNV,FL,ASO,ES,Federal Contract Tower,17,9,42,5,73,0,0,88,4,92,17,9,130,9,165,66,20,86,251
05/26/2023,GNV,FL,ASO,ES,Federal Contract Tower,17,12,33,0,62,0,0,6,0,6,17,12,39,0,68,4,0,4,72
05/27/2023,GNV,FL,ASO,ES,Federal Contract Tower,9,15,39,0,63,0,3,75,0,78,9,18,114,0,141,34,0,34,175
05/28/2023,GNV,FL,ASO,ES,Federal Contract Tower,17,8,26,0,51,0,0,103,0,103,17,8,129,0,154,58,0,58,212
05/29/2023,GNV,FL,ASO,ES,Federal Contract Tower,13,14,48,0,75,0,0,112,0,112,13,14,160,0,187,70,0,70,257
05/30/2023,GNV,FL,ASO,ES,Federal Contract Tower,14,14,41,5,74,0,0,107,3,110,14,14,148,8,184,50,4,54,238
05/31/2023,GNV,FL,ASO,ES,Federal Contract Tower,16,15,40,4,75,0,0,100,3,103,16,15,140,7,178,78,28,106,284
06/01/2023,GNV,FL,ASO,ES,Federal Contract Tower,18,3,38,0,59,0,0,57,2,59,18,3,95,2,118,48,0,48,166
06/02/2023,GNV,FL,ASO,ES,Federal Contract Tower,15,22,42,23,102,0,0,85,7,92,15,22,127,30,194,50,0,50,244
06/03/2023,GNV,FL,ASO,ES,Federal Contract Tower,11,9,36,0,56,0,0,50,0,50,11,9,86,0,106,62,0,62,168
06/04/2023,GNV,FL,ASO,ES,Federal Contract Tower,19,4,21,3,47,0,0,21,2,23,19,4,42,5,70,12,0,12,82
06/05/2023,GNV,FL,ASO,ES,Federal Contract Tower,18,19,37,2,76,0,0,97,4,101,18,19,134,6,177,104,8,112,289
06/06/2023,GNV,FL,ASO,ES,Federal Contract Tower,10,15,20,8,53,0,0,149,3,152,10,15,169,11,205,74,10,84,289
06/07/2023,GNV,FL,ASO,ES,Federal Contract Tower,14,15,30,6,65,0,0,72,1,73,14,15,102,7,138,68,14,82,220
06/08/2023,GNV,FL,ASO,ES,Federal Contract Tower,27,9,42,3,81,0,0,110,6,116,27,9,152,9,197,76,40,116,313
06/09/2023,GNV,FL,ASO,ES,Federal Contract Tower,16,29,42,9,96,0,0,60,2,62,16,29,102,11,158,26,22,48,206
06/10/2023,GNV,FL,ASO,ES,Federal Contract Tower,13,15,23,2,53,0,0,65,2,67,13,15,88,4,120,68,0,68,188
06/11/2023,GNV,FL,ASO,ES,Federal Contract Tower,20,18,15,1,54,0,0,64,6,70,20,18,79,7,124,58,0,58,182
06/12/2023,GNV,FL,ASO,ES,Federal Contract Tower,18,11,38,6,73,0,0,105,1,106,18,11,143,7,179,96,8,104,283
06/13/2023,GNV,FL,ASO,ES,Federal Contract Tower,11,17,42,4,74,0,0,94,4,98,11,17,136,8,172,42,10,52,224
06/14/2023,GNV,FL,ASO,ES,Federal Contract Tower,15,18,60,20,113,0,0,70,2,72,15,18,130,22,185,110,10,120,305
06/15/2023,GNV,FL,ASO,ES,Federal Contract Tower,18,6,34,1,59,0,0,27,0,27,18,6,61,1,86,68,0,68,154
06/16/2023,GNV,FL,ASO,ES,Federal Contract Tower,16,14,23,0,53,0,0,35,0,35,16,14,58,0,88,34,0,34,122
06/17/2023,GNV,FL,ASO,ES,Federal Contract Tower,9,13,9,0,31,0,0,31,0,31,9,13,40,0,62,8,0,8,70
06/18/2023,GNV,FL,ASO,ES,Federal Contract Tower,16,12,17,0,45,0,0,44,0,44,16,12,61,0,89,8,0,8,97
06/19/2023,GNV,FL,ASO,ES,Federal Contract Tower,16,19,16,0,51,0,0,79,0,79,16,19,95,0,130,36,0,36,166
06/20/2023,GNV,FL,ASO,ES,Federal Contract Tower,13,12,25,0,50,0,0,29,0,29,13,12,54,0,79,46,0,46,125
06/21/2023,GNV,FL,ASO,ES,Federal Contract Tower,14,19,19,16,68,0,0,36,0,36,14,19,55,16,104,56,12,68,172
06/22/2023,GNV,FL,ASO,ES,Federal Contract Tower,12,15,8,0,35,0,0,19,0,19,12,15,27,0,54,74,0,74,128
06/23/2023,GNV,FL,ASO,ES,Federal Contract Tower,16,9,31,0,56,0,0,36,3,39,16,9,67,3,95,38,0,38,133
06/24/2023,GNV,FL,ASO,ES,Federal Contract Tower,15,8,18,0,41,0,0,118,2,120,15,8,136,2,161,42,0,42,203
06/25/2023,GNV,FL,ASO,ES,Federal Contract Tower,17,16,20,0,53,0,0,111,4,115,17,16,131,4,168,66,0,66,234
06/26/2023,GNV,FL,ASO,ES,Federal Contract Tower,15,17,48,3,83,0,0,120,5,125,15,17,168,8,208,72,0,72,280
06/27/2023,GNV,FL,ASO,ES,Federal Contract Tower,13,20,30,2,65,0,0,88,6,94,13,20,118,8,159,50,0,50,209
06/28/2023,GNV,FL,ASO,ES,Federal Contract Tower,11,21,39,1,72,0,0,85,4,89,11,21,124,5,161,26,0,26,187
06/29/2023,GNV,FL,ASO,ES,Federal Contract Tower,12,15,47,0,74,0,0,112,2,114,12,15,159,2,188,46,0,46,234
06/30/2023,GNV,FL,ASO,ES,Federal Contract Tower,15,16,27,0,58,0,0,104,0,104,15,16,131,0,162,52,0,52,214
07/01/2023,GNV,FL,ASO,ES,Federal Contract Tower,15,10,20,7,52,0,0,74,1,75,15,10,94,8,127,50,0,50,177
07/02/2023,GNV,FL,ASO,ES,Federal Contract Tower,15,13,18,0,46,0,2,86,0,88,15,15,104,0,134,18,0,18,152
07/03/2023,GNV,FL,ASO,ES,Federal Contract Tower,15,11,27,0,53,0,0,66,0,66,15,11,93,0,119,58,0,58,177
07/04/2023,GNV,FL,ASO,ES,Federal Contract Tower,10,11,14,0,35,0,0,61,0,61,10,11,75,0,96,44,0,44,140
07/05/2023,GNV,FL,ASO,ES,Federal Contract Tower,12,19,20,17,68,0,0,61,0,61,12,19,81,17,129,16,0,16,145
07/06/2023,GNV,FL,ASO,ES,Federal Contract Tower,19,13,22,11,65,0,0,83,9,92,19,13,105,20,157,50,6,56,213
07/07/2023,GNV,FL,ASO,ES,Federal Contract Tower,14,19,31,36,100,0,0,65,15,80,14,19,96,51,180,18,0,18,198
07/08/2023,GNV,FL,ASO,ES,Federal Contract Tower,11,20,30,0,61,0,0,50,0,50,11,20,80,0,111,18,0,18,129
07/09/2023,GNV,FL,ASO,ES,Federal Contract Tower,17,7,20,21,65,0,0,49,6,55,17,7,69,27,120,28,0,28,148
07/10/2023,GNV,FL,ASO,ES,Federal Contract Tower,15,8,29,0,52,0,0,29,0,29,15,8,58,0,81,34,0,34,115
07/11/2023,GNV,FL,ASO,ES,Federal Contract Tower,11,15,55,0,81,0,0,38,0,38,11,15,93,0,119,66,0,66,185
07/12/2023,GNV,FL,ASO,ES,Federal Contract Tower,10,21,29,3,63,0,0,86,8,94,10,21,115,11,157,64,12,76,233
07/13/2023,GNV,FL,ASO,ES,Federal Contract Tower,16,9,56,8,89,0,0,95,5,100,16,9,151,13,189,56,12,68,257
07/14/2023,GNV,FL,ASO,ES,Federal Contract Tower,14,5,48,4,71,0,0,81,0,81,14,5,129,4,152,44,0,44,196
07/15/2023,GNV,FL,ASO,ES,Federal Contract Tower,10,10,28,0,48,0,0,57,0,57,10,10,85,0,105,26,0,26,131
07/16/2023,GNV,FL,ASO,ES,Federal Contract Tower,19,9,27,0,55,0,0,12,0,12,19,9,39,0,67,10,0,10,77
07/17/2023,GNV,FL,ASO,ES,Federal Contract Tower,10,28,27,0,65,0,0,48,1,49,10,28,75,1,114,24,2,26,140
07/18/2023,GNV,FL,ASO,ES,Federal Contract Tower,16,4,28,6,54,0,0,95,6,101,16,4,123,12,155,70,24,94,249
07/19/2023,GNV,FL,ASO,ES,Federal Contract Tower,16,18,32,5,71,0,0,96,4,100,16,18,128,9,171,6,28,34,205
07/20/2023,GNV,FL,ASO,ES,Federal Contract Tower,13,12,38,3,66,0,0,90,5,95,13,12,128,8,161,30,2,32,193
07/21/2023,GNV,FL,ASO,ES,Federal Contract Tower,16,7,59,16,98,0,0,129,0,129,16,7,188,16,227,16,6,22,249
07/22/2023,GNV,FL,ASO,ES,Federal Contract Tower,15,9,15,0,39,0,0,83,0,83,15,9,98,0,122,52,0,52,174
07/23/2023,GNV,FL,ASO,ES,Federal Contract Tower,17,10,16,0,43,0,0,9,4,13,17,10,25,4,56,0,0,0,56
07/24/2023,GNV,FL,ASO,ES,Federal Contract Tower,16,11,19,2,48,0,0,43,0,43,16,11,62,2,91,34,0,34,125
07/25/2023,GNV,FL,ASO,ES,Federal Contract Tower,13,15,30,0,58,0,0,48,0,48,13,15,78,0,106,102,0,102,208
07/26/2023,GNV,FL,ASO,ES,Federal Contract Tower,13,15,36,6,70,0,0,105,6,111,13,15,141,12,181,54,0,54,235
07/27/2023,GNV,FL,ASO,ES,Federal Contract Tower,17,9,35,3,64,0,0,61,2,63,17,9,96,5,127,42,2,44,171
07/28/2023,GNV,FL,ASO,ES,Federal Contract Tower,15,11,32,0,58,0,0,78,0,78,15,11,110,0,136,48,0,48,184
07/29/2023,GNV,FL,ASO,ES,Federal Contract Tower,14,7,38,0,59,0,0,80,2,82,14,7,118,2,141,56,1,57,198
07/30/2023,GNV,FL,ASO,ES,Federal Contract Tower,17,6,23,2,48,0,0,67,8,75,17,6,90,10,123,9,0,9,132
07/31/2023,GNV,FL,ASO,ES,Federal Contract Tower,16,14,17,0,47,0,0,65,2,67,16,14,82,2,114,44,0,44,158
08/01/2023,GNV,FL,ASO,ES,Federal Contract Tower,11,7,14,7,39,0,0,54,6,60,11,7,68,13,99,14,20,34,133
08/02/2023,GNV,FL,ASO,ES,Federal Contract Tower,11,13,26,2,52,0,0,78,17,95,11,13,104,19,147,82,0,82,229
08/03/2023,GNV,FL,ASO,ES,Federal Contract Tower,18,11,35,15,79,0,0,109,6,115,18,11,144,21,194,42,12,54,248
08/04/2023,GNV,FL,ASO,ES,Federal Contract Tower,12,12,18,4,46,0,0,81,0,81,12,12,99,4,127,50,0,50,177
08/05/2023,GNV,FL,ASO,ES,Federal Contract Tower,16,4,14,0,34,0,0,49,0,49,16,4,63,0,83,18,0,18,101
08/06/2023,GNV,FL,ASO,ES,Federal Contract Tower,18,3,37,0,58,0,0,70,4,74,18,3,107,4,132,38,0,38,170
08/07/2023,GNV,FL,ASO,ES,Federal Contract Tower,12,7,16,0,35,0,0,126,0,126,12,7,142,0,161,42,0,42,203
08/08/2023,GNV,FL,ASO,ES,Federal Contract Tower,14,8,52,4,78,0,0,79,10,89,14,8,131,14,167,34,0,34,201
08/09/2023,GNV,FL,ASO,ES,Federal Contract Tower,15,17,40,4,76,0,0,107,6,113,15,17,147,10,189,44,12,56,245
08/10/2023,GNV,FL,ASO,ES,Federal Contract Tower,15,13,51,4,83,0,0,107,2,109,15,13,158,6,192,62,0,62,254
08/11/2023,GNV,FL,ASO,ES,Federal Contract Tower,18,8,45,0,71,0,0,127,8,135,18,8,172,8,206,78,12,90,296
08/12/2023,GNV,FL,ASO,ES,Federal Contract Tower,12,14,27,0,53,0,0,70,0,70,12,14,97,0,123,22,0,22,145
08/13/2023,GNV,FL,ASO,ES,Federal Contract Tower,19,5,32,1,57,0,0,81,1,82,19,5,113,2,139,22,0,22,161
08/14/2023,GNV,FL,ASO,ES,Federal Contract Tower,19,5,29,8,61,0,0,89,2,91,19,5,118,10,152,56,10,66,218
08/15/2023,GNV,FL,ASO,ES,Federal Contract Tower,15,9,21,4,49,0,0,56,2,58,15,9,77,6,107,42,0,42,149
08/16/2023,GNV,FL,ASO,ES,Federal Contract Tower,14,16,32,16,78,0,0,36,11,47,14,16,68,27,125,32,14,46,171
08/17/2023,GNV,FL,ASO,ES,Federal Contract Tower,18,9,36,0,63,0,0,46,0,46,18,9,82,0,109,34,0,34,143
08/18/2023,GNV,FL,ASO,ES,Federal Contract Tower,18,23,44,6,91,0,0,73,4,77,18,23,117,10,168,10,0,10,178
08/19/2023,GNV,FL,ASO,ES,Federal Contract Tower,15,4,29,2,50,0,0,102,0,102,15,4,131,2,152,18,0,18,170
08/20/2023,GNV,FL,ASO,ES,Federal Contract Tower,16,6,27,0,49,0,0,33,0,33,16,6,60,0,82,4,0,4,86
08/21/2023,GNV,FL,ASO,ES,Federal Contract Tower,15,14,52,0,81,0,0,114,0,114,15,14,166,0,195,32,0,32,227
08/22/2023,GNV,FL,ASO,ES,Federal Contract Tower,15,9,29,2,55,0,0,118,4,122,15,9,147,6,177,50,0,50,227
08/23/2023,GNV,FL,ASO,ES,Federal Contract Tower,14,12,34,2,62,0,0,118,11,129,14,12,152,13,191,34,28,62,253
08/24/2023,GNV,FL,ASO,ES,Federal Contract Tower,18,9,49,2,78,0,0,123,2,125,18,9,172,4,203,76,4,80,283
08/25/2023,GNV,FL,ASO,ES,Federal Contract Tower,14,8,39,31,92,0,0,146,19,165,14,8,185,50,257,48,4,52,309
08/26/2023,GNV,FL,ASO,ES,Federal Contract Tower,18,11,22,2,53,0,0,95,0,95,18,11,117,2,148,38,0,38,186
08/27/2023,GNV,FL,ASO,ES,Federal Contract Tower,17,9,22,2,50,0,0,78,6,84,17,9,100,8,134,2,0,2,136
08/28/2023,GNV,FL,ASO,ES,Federal Contract Tower,17,8,20,0,45,0,0,56,3,59,17,8,76,3,104,28,0,28,132
08/29/2023,GNV,FL,ASO,ES,Federal Contract Tower,16,6,21,2,45,0,0,33,0,33,16,6,54,2,78,20,0,20,98
08/30/2023,GNV,FL,ASO,ES,Federal Contract Tower,0,0,0,0,0,0,0,0,0,0,0,0,0,0,0,0,0,0,0
08/31/2023,GNV,FL,ASO,ES,Federal Contract Tower,17,15,28,2,62,0,0,90,0,90,17,15,118,2,152,40,0,40,192
