01/01/2000,GON,CT,ANE,EN,Federal Contract Tower,0,0,4,0,4,0,4,0,0,4,0,4,4,0,8,0,0,0,8
01/02/2000,GON,CT,ANE,EN,Federal Contract Tower,0,8,15,0,23,0,6,42,0,48,0,14,57,0,71,64,0,64,135
01/03/2000,GON,CT,ANE,EN,Federal Contract Tower,0,7,13,0,20,0,0,48,0,48,0,7,61,0,68,174,0,174,242
01/04/2000,GON,CT,ANE,EN,Federal Contract Tower,0,5,3,0,8,2,1,0,0,3,2,6,3,0,11,6,0,6,17
01/05/2000,GON,CT,ANE,EN,Federal Contract Tower,0,4,6,1,11,0,2,50,3,55,0,6,56,4,66,60,0,60,126
01/06/2000,GON,CT,ANE,EN,Federal Contract Tower,0,7,15,2,24,0,2,93,2,97,0,9,108,4,121,112,4,116,237
01/07/2000,GON,CT,ANE,EN,Federal Contract Tower,0,8,17,2,27,0,1,48,2,51,0,9,65,4,78,76,2,78,156
01/08/2000,GON,CT,ANE,EN,Federal Contract Tower,0,7,14,0,21,0,5,117,11,133,0,12,131,11,154,170,0,170,324
01/09/2000,GON,CT,ANE,EN,Federal Contract Tower,0,8,22,2,32,0,0,111,2,113,0,8,133,4,145,156,0,156,301
01/10/2000,GON,CT,ANE,EN,Federal Contract Tower,0,6,14,2,22,0,0,13,1,14,0,6,27,3,36,10,0,10,46
01/11/2000,GON,CT,ANE,EN,Federal Contract Tower,0,6,11,0,17,0,1,36,0,37,0,7,47,0,54,28,0,28,82
01/12/2000,GON,CT,ANE,EN,Federal Contract Tower,0,5,9,0,14,0,2,34,16,52,0,7,43,16,66,18,12,30,96
01/13/2000,GON,CT,ANE,EN,Federal Contract Tower,0,6,13,0,19,0,0,10,0,10,0,6,23,0,29,18,0,18,47
01/14/2000,GON,CT,ANE,EN,Federal Contract Tower,0,5,10,0,15,0,6,34,0,40,0,11,44,0,55,8,0,8,63
01/15/2000,GON,CT,ANE,EN,Federal Contract Tower,0,5,11,0,16,0,6,99,2,107,0,11,110,2,123,116,0,116,239
01/16/2000,GON,CT,ANE,EN,Federal Contract Tower,0,5,11,0,16,0,2,24,2,28,0,7,35,2,44,50,0,50,94
01/17/2000,GON,CT,ANE,EN,Federal Contract Tower,0,4,9,0,13,0,5,12,1,18,0,9,21,1,31,0,0,0,31
01/18/2000,GON,CT,ANE,EN,Federal Contract Tower,0,5,9,0,14,0,10,78,6,94,0,15,87,6,108,112,0,112,220
01/19/2000,GON,CT,ANE,EN,Federal Contract Tower,0,8,19,2,29,0,0,69,0,69,0,8,88,2,98,124,0,124,222
01/20/2000,GON,CT,ANE,EN,Federal Contract Tower,0,2,6,0,8,0,3,12,0,15,0,5,18,0,23,38,2,40,63
01/21/2000,GON,CT,ANE,EN,Federal Contract Tower,0,6,13,0,19,0,1,7,0,8,0,7,20,0,27,0,0,0,27
01/22/2000,GON,CT,ANE,EN,Federal Contract Tower,0,3,7,0,10,0,5,15,0,20,0,8,22,0,30,0,0,0,30
01/23/2000,GON,CT,ANE,EN,Federal Contract Tower,0,5,17,2,24,0,0,50,0,50,0,5,67,2,74,80,0,80,154
01/24/2000,GON,CT,ANE,EN,Federal Contract Tower,0,7,14,2,23,0,4,59,4,67,0,11,73,6,90,116,4,120,210
01/25/2000,GON,CT,ANE,EN,Federal Contract Tower,0,0,1,0,1,0,0,0,0,0,0,0,1,0,1,0,0,0,1
01/26/2000,GON,CT,ANE,EN,Federal Contract Tower,0,5,11,0,16,0,0,12,4,16,0,5,23,4,32,20,18,38,70
01/27/2000,GON,CT,ANE,EN,Federal Contract Tower,0,5,10,0,15,0,1,60,6,67,0,6,70,6,82,106,4,110,192
01/28/2000,GON,CT,ANE,EN,Federal Contract Tower,0,5,11,0,16,0,3,60,6,69,0,8,71,6,85,38,6,44,129
01/29/2000,GON,CT,ANE,EN,Federal Contract Tower,0,10,19,0,29,0,1,76,0,77,0,11,95,0,106,102,0,102,208
01/30/2000,GON,CT,ANE,EN,Federal Contract Tower,0,4,9,0,13,0,0,82,0,82,0,4,91,0,95,76,0,76,171
01/31/2000,GON,CT,ANE,EN,Federal Contract Tower,0,7,14,0,21,0,0,7,0,7,0,7,21,0,28,2,0,2,30
02/01/2000,GON,CT,ANE,EN,Federal Contract Tower,0,6,25,3,34,0,0,48,4,52,0,6,73,7,86,116,4,120,206
02/02/2000,GON,CT,ANE,EN,Federal Contract Tower,0,7,19,2,28,0,1,22,4,27,0,8,41,6,55,30,0,30,85
02/03/2000,GON,CT,ANE,EN,Federal Contract Tower,0,4,13,2,19,0,2,58,5,65,0,6,71,7,84,94,0,94,178
02/04/2000,GON,CT,ANE,EN,Federal Contract Tower,0,7,18,2,27,0,0,15,6,21,0,7,33,8,48,78,4,82,130
02/05/2000,GON,CT,ANE,EN,Federal Contract Tower,0,6,14,2,22,0,0,91,8,99,0,6,105,10,121,88,0,88,209
02/06/2000,GON,CT,ANE,EN,Federal Contract Tower,0,3,6,1,10,0,2,41,1,44,0,5,47,2,54,46,2,48,102
02/07/2000,GON,CT,ANE,EN,Federal Contract Tower,0,4,12,2,18,0,5,45,4,54,0,9,57,6,72,52,2,54,126
02/08/2000,GON,CT,ANE,EN,Federal Contract Tower,0,6,14,0,20,0,1,105,0,106,0,7,119,0,126,120,0,120,246
02/09/2000,GON,CT,ANE,EN,Federal Contract Tower,0,5,13,2,20,0,1,62,5,68,0,6,75,7,88,102,0,102,190
02/10/2000,GON,CT,ANE,EN,Federal Contract Tower,0,6,14,2,22,0,4,91,10,105,0,10,105,12,127,130,12,142,269
02/11/2000,GON,CT,ANE,EN,Federal Contract Tower,0,5,13,2,20,0,0,9,2,11,0,5,22,4,31,20,0,20,51
02/12/2000,GON,CT,ANE,EN,Federal Contract Tower,0,6,15,2,23,0,0,98,2,100,0,6,113,4,123,120,4,124,247
02/13/2000,GON,CT,ANE,EN,Federal Contract Tower,0,9,22,1,32,0,2,73,0,75,0,11,95,1,107,154,2,156,263
02/14/2000,GON,CT,ANE,EN,Federal Contract Tower,0,3,8,0,11,0,2,4,0,6,0,5,12,0,17,0,0,0,17
02/15/2000,GON,CT,ANE,EN,Federal Contract Tower,0,6,15,2,23,0,2,53,8,63,0,8,68,10,86,70,10,80,166
02/16/2000,GON,CT,ANE,EN,Federal Contract Tower,0,5,13,1,19,0,2,40,4,46,0,7,53,5,65,92,0,92,157
02/17/2000,GON,CT,ANE,EN,Federal Contract Tower,0,6,15,1,22,0,0,56,5,61,0,6,71,6,83,88,4,92,175
02/18/2000,GON,CT,ANE,EN,Federal Contract Tower,0,4,10,0,14,0,1,9,11,21,0,5,19,11,35,40,2,42,77
02/19/2000,GON,CT,ANE,EN,Federal Contract Tower,0,4,12,0,16,0,2,0,0,2,0,6,12,0,18,12,0,12,30
02/20/2000,GON,CT,ANE,EN,Federal Contract Tower,0,3,7,0,10,0,6,63,2,71,0,9,70,2,81,64,0,64,145
02/21/2000,GON,CT,ANE,EN,Federal Contract Tower,0,6,16,0,22,0,1,113,0,114,0,7,129,0,136,178,0,178,314
02/22/2000,GON,CT,ANE,EN,Federal Contract Tower,0,4,11,1,16,0,8,82,3,93,0,12,93,4,109,126,0,126,235
02/23/2000,GON,CT,ANE,EN,Federal Contract Tower,0,7,21,2,30,0,2,88,3,93,0,9,109,5,123,174,0,174,297
02/24/2000,GON,CT,ANE,EN,Federal Contract Tower,0,6,16,1,23,0,4,100,9,113,0,10,116,10,136,136,18,154,290
02/25/2000,GON,CT,ANE,EN,Federal Contract Tower,0,6,25,0,31,0,0,3,0,3,0,6,28,0,34,12,0,12,46
02/26/2000,GON,CT,ANE,EN,Federal Contract Tower,0,5,20,0,25,0,0,0,0,0,0,5,20,0,25,4,0,4,29
02/27/2000,GON,CT,ANE,EN,Federal Contract Tower,0,2,0,0,2,0,4,0,0,4,0,6,0,0,6,2,0,2,8
02/28/2000,GON,CT,ANE,EN,Federal Contract Tower,0,8,19,1,28,0,0,52,2,54,0,8,71,3,82,48,0,48,130
02/29/2000,GON,CT,ANE,EN,Federal Contract Tower,0,7,17,1,25,0,0,79,1,80,0,7,96,2,105,70,0,70,175
03/01/2000,GON,CT,ANE,EN,Federal Contract Tower,0,6,20,4,30,0,2,99,3,104,0,8,119,7,134,160,0,160,294
03/02/2000,GON,CT,ANE,EN,Federal Contract Tower,0,5,18,4,27,0,1,58,4,63,0,6,76,8,90,74,6,80,170
03/03/2000,GON,CT,ANE,EN,Federal Contract Tower,0,4,9,2,15,0,9,43,3,55,0,13,52,5,70,34,2,36,106
03/04/2000,GON,CT,ANE,EN,Federal Contract Tower,0,4,11,3,18,0,4,113,5,122,0,8,124,8,140,126,2,128,268
03/05/2000,GON,CT,ANE,EN,Federal Contract Tower,0,4,13,3,20,0,1,72,6,79,0,5,85,9,99,136,16,152,251
03/06/2000,GON,CT,ANE,EN,Federal Contract Tower,0,5,16,4,25,0,3,96,1,100,0,8,112,5,125,108,0,108,233
03/07/2000,GON,CT,ANE,EN,Federal Contract Tower,0,5,16,0,21,0,4,91,0,95,0,9,107,0,116,156,0,156,272
03/08/2000,GON,CT,ANE,EN,Federal Contract Tower,0,6,24,5,35,0,0,90,7,97,0,6,114,12,132,90,4,94,226
03/09/2000,GON,CT,ANE,EN,Federal Contract Tower,0,5,14,3,22,0,4,52,3,59,0,9,66,6,81,94,0,94,175
03/10/2000,GON,CT,ANE,EN,Federal Contract Tower,0,5,16,3,24,0,3,52,0,55,0,8,68,3,79,72,6,78,157
03/11/2000,GON,CT,ANE,EN,Federal Contract Tower,0,4,13,2,19,0,1,6,0,7,0,5,19,2,26,28,0,28,54
03/12/2000,GON,CT,ANE,EN,Federal Contract Tower,0,4,13,0,17,0,5,16,0,21,0,9,29,0,38,30,0,30,68
03/13/2000,GON,CT,ANE,EN,Federal Contract Tower,0,6,15,3,24,0,1,113,5,119,0,7,128,8,143,118,0,118,261
03/14/2000,GON,CT,ANE,EN,Federal Contract Tower,0,6,16,4,26,0,3,66,6,75,0,9,82,10,101,150,8,158,259
03/15/2000,GON,CT,ANE,EN,Federal Contract Tower,0,7,18,4,29,0,4,110,10,124,0,11,128,14,153,72,6,78,231
03/16/2000,GON,CT,ANE,EN,Federal Contract Tower,0,7,19,4,30,0,2,45,10,57,0,9,64,14,87,46,8,54,141
03/17/2000,GON,CT,ANE,EN,Federal Contract Tower,0,6,14,0,20,0,0,5,0,5,0,6,19,0,25,0,0,0,25
03/18/2000,GON,CT,ANE,EN,Federal Contract Tower,0,4,14,2,20,0,3,89,2,94,0,7,103,4,114,88,4,92,206
03/19/2000,GON,CT,ANE,EN,Federal Contract Tower,0,8,21,2,31,0,2,108,0,110,0,10,129,2,141,162,0,162,303
03/20/2000,GON,CT,ANE,EN,Federal Contract Tower,0,7,19,3,29,0,1,36,3,40,0,8,55,6,69,116,0,116,185
03/21/2000,GON,CT,ANE,EN,Federal Contract Tower,0,4,16,2,22,0,0,6,7,13,0,4,22,9,35,16,0,16,51
03/22/2000,GON,CT,ANE,EN,Federal Contract Tower,0,9,30,5,44,0,0,36,5,41,0,9,66,10,85,116,0,116,201
03/23/2000,GON,CT,ANE,EN,Federal Contract Tower,0,9,25,4,38,0,2,98,12,112,0,11,123,16,150,118,34,152,302
03/24/2000,GON,CT,ANE,EN,Federal Contract Tower,0,6,21,3,30,0,0,94,5,99,0,6,115,8,129,152,12,164,293
03/25/2000,GON,CT,ANE,EN,Federal Contract Tower,0,7,23,4,34,0,5,74,0,79,0,12,97,4,113,148,14,162,275
03/26/2000,GON,CT,ANE,EN,Federal Contract Tower,0,6,18,2,26,0,1,49,0,50,0,7,67,2,76,86,0,86,162
03/27/2000,GON,CT,ANE,EN,Federal Contract Tower,0,7,20,3,30,0,3,76,9,88,0,10,96,12,118,116,6,122,240
03/28/2000,GON,CT,ANE,EN,Federal Contract Tower,0,4,15,2,21,0,0,5,3,8,0,4,20,5,29,12,10,22,51
03/29/2000,GON,CT,ANE,EN,Federal Contract Tower,0,6,16,2,24,0,2,41,9,52,0,8,57,11,76,50,4,54,130
03/30/2000,GON,CT,ANE,EN,Federal Contract Tower,0,8,25,4,37,0,6,85,7,98,0,14,110,11,135,96,20,116,251
03/31/2000,GON,CT,ANE,EN,Federal Contract Tower,0,8,25,4,37,0,8,97,8,113,0,16,122,12,150,182,4,186,336
04/01/2000,GON,CT,ANE,EN,Federal Contract Tower,0,1,8,2,11,0,10,135,10,155,0,11,143,12,166,168,48,216,382
04/02/2000,GON,CT,ANE,EN,Federal Contract Tower,0,5,13,2,20,0,3,74,5,82,0,8,87,7,102,60,28,88,190
04/03/2000,GON,CT,ANE,EN,Federal Contract Tower,0,7,21,4,32,0,0,4,1,5,0,7,25,5,37,14,0,14,51
04/04/2000,GON,CT,ANE,EN,Federal Contract Tower,0,8,21,2,31,0,0,2,0,2,0,8,23,2,33,0,2,2,35
04/05/2000,GON,CT,ANE,EN,Federal Contract Tower,0,6,15,3,24,0,1,50,5,56,0,7,65,8,80,42,6,48,128
04/06/2000,GON,CT,ANE,EN,Federal Contract Tower,0,7,21,5,33,0,4,71,1,76,0,11,92,6,109,104,0,104,213
04/07/2000,GON,CT,ANE,EN,Federal Contract Tower,0,6,15,4,25,0,12,112,6,130,0,18,127,10,155,142,6,148,303
04/08/2000,GON,CT,ANE,EN,Federal Contract Tower,0,2,5,1,8,0,9,51,0,60,0,11,56,1,68,44,0,44,112
04/09/2000,GON,CT,ANE,EN,Federal Contract Tower,0,3,9,2,14,0,2,2,0,4,0,5,11,2,18,2,0,2,20
04/10/2000,GON,CT,ANE,EN,Federal Contract Tower,0,5,13,3,21,0,12,65,7,84,0,17,78,10,105,50,6,56,161
04/11/2000,GON,CT,ANE,EN,Federal Contract Tower,0,6,17,3,26,0,5,19,1,25,0,11,36,4,51,44,8,52,103
04/12/2000,GON,CT,ANE,EN,Federal Contract Tower,0,7,22,3,32,0,6,67,14,87,0,13,89,17,119,94,22,116,235
04/13/2000,GON,CT,ANE,EN,Federal Contract Tower,0,7,19,2,28,0,9,89,0,98,0,16,108,2,126,102,0,102,228
04/14/2000,GON,CT,ANE,EN,Federal Contract Tower,0,7,21,2,30,0,4,87,10,101,0,11,108,12,131,122,22,144,275
04/15/2000,GON,CT,ANE,EN,Federal Contract Tower,0,5,26,0,31,0,0,12,0,12,0,5,38,0,43,8,24,32,75
04/16/2000,GON,CT,ANE,EN,Federal Contract Tower,0,11,33,2,46,0,2,17,0,19,0,13,50,2,65,44,4,48,113
04/17/2000,GON,CT,ANE,EN,Federal Contract Tower,0,8,24,3,35,0,0,26,7,33,0,8,50,10,68,32,4,36,104
04/18/2000,GON,CT,ANE,EN,Federal Contract Tower,0,6,18,1,25,0,1,7,0,8,0,7,25,1,33,16,0,16,49
04/19/2000,GON,CT,ANE,EN,Federal Contract Tower,0,8,25,3,36,0,4,9,1,14,0,12,34,4,50,24,0,24,74
04/20/2000,GON,CT,ANE,EN,Federal Contract Tower,0,9,26,3,38,0,1,69,14,84,0,10,95,17,122,120,14,134,256
04/21/2000,GON,CT,ANE,EN,Federal Contract Tower,0,5,14,1,20,0,3,6,1,10,0,8,20,2,30,22,0,22,52
04/22/2000,GON,CT,ANE,EN,Federal Contract Tower,0,1,2,0,3,0,2,0,0,2,0,3,2,0,5,0,0,0,5
04/23/2000,GON,CT,ANE,EN,Federal Contract Tower,0,4,12,0,16,0,5,0,0,5,0,9,12,0,21,0,0,0,21
04/24/2000,GON,CT,ANE,EN,Federal Contract Tower,0,10,30,4,44,0,3,56,8,67,0,13,86,12,111,114,0,114,225
04/25/2000,GON,CT,ANE,EN,Federal Contract Tower,0,9,27,3,39,0,6,82,2,90,0,15,109,5,129,164,6,170,299
04/26/2000,GON,CT,ANE,EN,Federal Contract Tower,0,10,29,2,41,0,1,7,0,8,0,11,36,2,49,8,0,8,57
04/27/2000,GON,CT,ANE,EN,Federal Contract Tower,0,7,23,3,33,0,3,70,1,74,0,10,93,4,107,68,28,96,203
04/28/2000,GON,CT,ANE,EN,Federal Contract Tower,0,9,28,3,40,0,5,59,3,67,0,14,87,6,107,176,2,178,285
04/29/2000,GON,CT,ANE,EN,Federal Contract Tower,0,8,25,3,36,0,5,89,0,94,0,13,114,3,130,156,14,170,300
04/30/2000,GON,CT,ANE,EN,Federal Contract Tower,0,5,14,0,19,0,14,44,0,58,0,19,58,0,77,60,2,62,139
05/01/2000,GON,CT,ANE,EN,Federal Contract Tower,0,4,18,2,24,0,19,75,0,94,0,23,93,2,118,80,0,80,198
05/02/2000,GON,CT,ANE,EN,Federal Contract Tower,0,6,18,3,27,0,5,33,5,43,0,11,51,8,70,38,2,40,110
05/03/2000,GON,CT,ANE,EN,Federal Contract Tower,0,6,18,3,27,0,7,138,2,147,0,13,156,5,174,136,4,140,314
05/04/2000,GON,CT,ANE,EN,Federal Contract Tower,0,8,24,4,36,0,7,89,9,105,0,15,113,13,141,128,20,148,289
05/05/2000,GON,CT,ANE,EN,Federal Contract Tower,0,6,19,3,28,0,7,95,2,104,0,13,114,5,132,116,2,118,250
05/06/2000,GON,CT,ANE,EN,Federal Contract Tower,0,5,17,3,25,0,17,115,12,144,0,22,132,15,169,172,18,190,359
05/07/2000,GON,CT,ANE,EN,Federal Contract Tower,0,6,15,2,23,0,11,78,8,97,0,17,93,10,120,108,16,124,244
05/08/2000,GON,CT,ANE,EN,Federal Contract Tower,0,6,15,2,23,0,9,51,0,60,0,15,66,2,83,72,2,74,157
05/09/2000,GON,CT,ANE,EN,Federal Contract Tower,0,6,19,3,28,0,7,59,3,69,0,13,78,6,97,60,2,62,159
05/10/2000,GON,CT,ANE,EN,Federal Contract Tower,0,4,12,2,18,0,2,4,1,7,0,6,16,3,25,8,0,8,33
05/11/2000,GON,CT,ANE,EN,Federal Contract Tower,0,9,26,4,39,0,0,75,4,79,0,9,101,8,118,84,12,96,214
05/12/2000,GON,CT,ANE,EN,Federal Contract Tower,0,6,15,2,23,0,9,72,8,89,0,15,87,10,112,134,2,136,248
05/13/2000,GON,CT,ANE,EN,Federal Contract Tower,0,3,14,0,17,0,0,3,0,3,0,3,17,0,20,6,0,6,26
05/14/2000,GON,CT,ANE,EN,Federal Contract Tower,0,3,10,2,15,0,10,94,0,104,0,13,104,2,119,116,0,116,235
05/15/2000,GON,CT,ANE,EN,Federal Contract Tower,0,6,19,3,28,0,10,72,1,83,0,16,91,4,111,96,6,102,213
05/16/2000,GON,CT,ANE,EN,Federal Contract Tower,0,5,16,3,24,0,8,102,11,121,0,13,118,14,145,84,2,86,231
05/17/2000,GON,CT,ANE,EN,Federal Contract Tower,0,8,25,2,35,0,6,95,18,119,0,14,120,20,154,90,16,106,260
05/18/2000,GON,CT,ANE,EN,Federal Contract Tower,0,5,20,2,27,0,0,13,3,16,0,5,33,5,43,14,20,34,77
05/19/2000,GON,CT,ANE,EN,Federal Contract Tower,0,9,29,0,38,0,6,1,0,7,0,15,30,0,45,0,2,2,47
05/20/2000,GON,CT,ANE,EN,Federal Contract Tower,0,6,18,2,26,0,3,24,8,35,0,9,42,10,61,90,24,114,175
05/21/2000,GON,CT,ANE,EN,Federal Contract Tower,0,10,29,2,41,0,3,1,0,4,0,13,30,2,45,26,0,26,71
05/22/2000,GON,CT,ANE,EN,Federal Contract Tower,0,8,27,0,35,0,1,13,0,14,0,9,40,0,49,18,0,18,67
05/23/2000,GON,CT,ANE,EN,Federal Contract Tower,0,10,32,0,42,0,3,23,0,26,0,13,55,0,68,40,0,40,108
05/24/2000,GON,CT,ANE,EN,Federal Contract Tower,0,6,19,2,27,0,5,16,14,35,0,11,35,16,62,44,4,48,110
05/25/2000,GON,CT,ANE,EN,Federal Contract Tower,0,6,16,1,23,0,7,65,13,85,0,13,81,14,108,58,0,58,166
05/26/2000,GON,CT,ANE,EN,Federal Contract Tower,0,6,16,1,23,0,19,99,9,127,0,25,115,10,150,138,8,146,296
05/27/2000,GON,CT,ANE,EN,Federal Contract Tower,0,5,16,1,22,0,18,118,10,146,0,23,134,11,168,162,0,162,330
05/28/2000,GON,CT,ANE,EN,Federal Contract Tower,0,7,22,0,29,0,5,61,0,66,0,12,83,0,95,122,4,126,221
05/29/2000,GON,CT,ANE,EN,Federal Contract Tower,0,7,21,2,30,0,15,49,0,64,0,22,70,2,94,94,4,98,192
05/30/2000,GON,CT,ANE,EN,Federal Contract Tower,0,8,27,3,38,0,3,65,6,74,0,11,92,9,112,110,0,110,222
05/31/2000,GON,CT,ANE,EN,Federal Contract Tower,0,10,30,3,43,0,0,60,11,71,0,10,90,14,114,110,10,120,234
06/01/2000,GON,CT,ANE,EN,Federal Contract Tower,0,5,20,3,28,0,6,90,9,105,0,11,110,12,133,150,4,154,287
06/02/2000,GON,CT,ANE,EN,Federal Contract Tower,0,6,16,0,22,0,18,55,0,73,0,24,71,0,95,122,0,122,217
06/03/2000,GON,CT,ANE,EN,Federal Contract Tower,0,6,16,2,24,0,9,70,1,80,0,15,86,3,104,94,2,96,200
06/04/2000,GON,CT,ANE,EN,Federal Contract Tower,0,6,17,3,26,0,24,167,4,195,0,30,184,7,221,158,0,158,379
06/05/2000,GON,CT,ANE,EN,Federal Contract Tower,0,7,21,3,31,0,5,47,2,54,0,12,68,5,85,82,2,84,169
06/06/2000,GON,CT,ANE,EN,Federal Contract Tower,0,6,15,0,21,0,1,1,0,2,0,7,16,0,23,0,2,2,25
06/07/2000,GON,CT,ANE,EN,Federal Contract Tower,0,5,14,2,21,0,11,61,3,75,0,16,75,5,96,70,0,70,166
06/08/2000,GON,CT,ANE,EN,Federal Contract Tower,0,9,27,4,40,0,1,107,3,111,0,10,134,7,151,148,0,148,299
06/09/2000,GON,CT,ANE,EN,Federal Contract Tower,0,6,17,3,26,0,13,92,9,114,0,19,109,12,140,86,10,96,236
06/10/2000,GON,CT,ANE,EN,Federal Contract Tower,0,4,13,2,19,0,9,103,5,117,0,13,116,7,136,128,2,130,266
06/11/2000,GON,CT,ANE,EN,Federal Contract Tower,0,6,17,2,25,0,9,50,8,67,0,15,67,10,92,108,2,110,202
06/12/2000,GON,CT,ANE,EN,Federal Contract Tower,0,12,42,5,59,0,0,4,2,6,0,12,46,7,65,2,0,2,67
06/13/2000,GON,CT,ANE,EN,Federal Contract Tower,0,9,28,4,41,0,7,53,5,65,0,16,81,9,106,96,2,98,204
06/14/2000,GON,CT,ANE,EN,Federal Contract Tower,0,10,31,4,45,0,0,59,6,65,0,10,90,10,110,114,4,118,228
06/15/2000,GON,CT,ANE,EN,Federal Contract Tower,0,6,15,2,23,0,4,0,0,4,0,10,15,2,27,0,0,0,27
06/16/2000,GON,CT,ANE,EN,Federal Contract Tower,0,8,23,3,34,0,13,85,6,104,0,21,108,9,138,80,0,80,218
06/17/2000,GON,CT,ANE,EN,Federal Contract Tower,0,6,16,2,24,0,9,82,1,92,0,15,98,3,116,86,0,86,202
06/18/2000,GON,CT,ANE,EN,Federal Contract Tower,0,7,23,0,30,0,28,75,0,103,0,35,98,0,133,86,0,86,219
06/19/2000,GON,CT,ANE,EN,Federal Contract Tower,0,12,35,3,50,0,4,35,7,46,0,16,70,10,96,104,6,110,206
06/20/2000,GON,CT,ANE,EN,Federal Contract Tower,0,6,19,2,27,0,19,175,15,209,0,25,194,17,236,204,4,208,444
06/21/2000,GON,CT,ANE,EN,Federal Contract Tower,0,6,18,1,25,0,12,69,7,88,0,18,87,8,113,94,4,98,211
06/22/2000,GON,CT,ANE,EN,Federal Contract Tower,0,6,21,2,29,0,9,77,0,86,0,15,98,2,115,132,6,138,253
06/23/2000,GON,CT,ANE,EN,Federal Contract Tower,0,7,22,2,31,0,15,115,3,133,0,22,137,5,164,128,6,134,298
06/24/2000,GON,CT,ANE,EN,Federal Contract Tower,0,6,17,1,24,0,7,144,3,154,0,13,161,4,178,174,0,174,352
06/25/2000,GON,CT,ANE,EN,Federal Contract Tower,0,6,17,1,24,0,15,48,3,66,0,21,65,4,90,76,0,76,166
06/26/2000,GON,CT,ANE,EN,Federal Contract Tower,0,7,21,2,30,0,5,25,3,33,0,12,46,5,63,36,0,36,99
06/27/2000,GON,CT,ANE,EN,Federal Contract Tower,0,7,23,2,32,0,3,38,10,51,0,10,61,12,83,90,2,92,175
06/28/2000,GON,CT,ANE,EN,Federal Contract Tower,0,7,23,2,32,0,4,98,13,115,0,11,121,15,147,114,8,122,269
06/29/2000,GON,CT,ANE,EN,Federal Contract Tower,0,10,31,3,44,0,11,55,2,68,0,21,86,5,112,100,2,102,214
06/30/2000,GON,CT,ANE,EN,Federal Contract Tower,0,9,25,2,36,0,19,116,9,144,0,28,141,11,180,160,12,172,352
07/01/2000,GON,CT,ANE,EN,Federal Contract Tower,0,9,26,2,37,0,19,146,3,168,0,28,172,5,205,150,0,150,355
07/02/2000,GON,CT,ANE,EN,Federal Contract Tower,0,3,11,0,14,0,5,99,0,104,0,8,110,0,118,144,0,144,262
07/03/2000,GON,CT,ANE,EN,Federal Contract Tower,0,6,17,2,25,0,16,77,0,93,0,22,94,2,118,152,0,152,270
07/04/2000,GON,CT,ANE,EN,Federal Contract Tower,0,11,29,0,40,0,12,29,0,41,0,23,58,0,81,44,0,44,125
07/05/2000,GON,CT,ANE,EN,Federal Contract Tower,0,7,19,2,28,0,20,108,1,129,0,27,127,3,157,170,0,170,327
07/06/2000,GON,CT,ANE,EN,Federal Contract Tower,0,5,13,2,20,0,16,146,5,167,0,21,159,7,187,156,6,162,349
07/07/2000,GON,CT,ANE,EN,Federal Contract Tower,0,8,20,2,30,0,12,146,6,164,0,20,166,8,194,134,6,140,334
07/08/2000,GON,CT,ANE,EN,Federal Contract Tower,0,4,10,1,15,0,31,198,8,237,0,35,208,9,252,144,4,148,400
07/09/2000,GON,CT,ANE,EN,Federal Contract Tower,0,9,23,2,34,0,23,129,5,157,0,32,152,7,191,202,8,210,401
07/10/2000,GON,CT,ANE,EN,Federal Contract Tower,0,9,24,2,35,0,8,43,0,51,0,17,67,2,86,78,0,78,164
07/11/2000,GON,CT,ANE,EN,Federal Contract Tower,0,8,21,2,31,0,8,158,12,178,0,16,179,14,209,192,14,206,415
07/12/2000,GON,CT,ANE,EN,Federal Contract Tower,0,4,13,2,19,0,19,258,18,295,0,23,271,20,314,302,14,316,630
07/13/2000,GON,CT,ANE,EN,Federal Contract Tower,0,9,23,2,34,0,17,193,8,218,0,26,216,10,252,204,16,220,472
07/14/2000,GON,CT,ANE,EN,Federal Contract Tower,0,5,12,1,18,0,13,106,11,130,0,18,118,12,148,208,6,214,362
07/15/2000,GON,CT,ANE,EN,Federal Contract Tower,0,7,19,2,28,0,5,26,1,32,0,12,45,3,60,76,0,76,136
07/16/2000,GON,CT,ANE,EN,Federal Contract Tower,0,13,34,2,49,0,6,76,0,82,0,19,110,2,131,82,4,86,217
07/17/2000,GON,CT,ANE,EN,Federal Contract Tower,0,13,35,2,50,0,7,51,7,65,0,20,86,9,115,70,26,96,211
07/18/2000,GON,CT,ANE,EN,Federal Contract Tower,0,9,23,1,33,0,10,23,6,39,0,19,46,7,72,64,8,72,144
07/19/2000,GON,CT,ANE,EN,Federal Contract Tower,0,7,21,1,29,0,15,102,10,127,0,22,123,11,156,104,6,110,266
07/20/2000,GON,CT,ANE,EN,Federal Contract Tower,0,9,27,2,38,0,16,173,7,196,0,25,200,9,234,140,6,146,380
07/21/2000,GON,CT,ANE,EN,Federal Contract Tower,0,9,23,1,33,0,19,119,9,147,0,28,142,10,180,200,0,200,380
07/22/2000,GON,CT,ANE,EN,Federal Contract Tower,0,8,21,1,30,0,12,92,2,106,0,20,113,3,136,150,10,160,296
07/23/2000,GON,CT,ANE,EN,Federal Contract Tower,0,10,25,1,36,0,10,158,1,169,0,20,183,2,205,166,4,170,375
07/24/2000,GON,CT,ANE,EN,Federal Contract Tower,0,10,29,2,41,0,18,83,0,101,0,28,112,2,142,118,2,120,262
07/25/2000,GON,CT,ANE,EN,Federal Contract Tower,0,11,32,2,45,0,10,44,1,55,0,21,76,3,100,142,0,142,242
07/26/2000,GON,CT,ANE,EN,Federal Contract Tower,0,11,3,0,14,0,0,0,0,0,0,11,3,0,14,4,4,8,22
07/27/2000,GON,CT,ANE,EN,Federal Contract Tower,0,15,44,1,60,0,11,5,0,16,0,26,49,1,76,30,4,34,110
07/28/2000,GON,CT,ANE,EN,Federal Contract Tower,0,20,56,4,80,0,3,55,3,61,0,23,111,7,141,108,4,112,253
07/29/2000,GON,CT,ANE,EN,Federal Contract Tower,0,14,38,2,54,0,4,18,0,22,0,18,56,2,76,52,0,52,128
07/30/2000,GON,CT,ANE,EN,Federal Contract Tower,0,14,41,0,55,0,20,26,0,46,0,34,67,0,101,68,0,68,169
07/31/2000,GON,CT,ANE,EN,Federal Contract Tower,0,6,11,1,18,0,8,0,1,9,0,14,11,2,27,0,0,0,27
08/01/2000,GON,CT,ANE,EN,Federal Contract Tower,0,12,32,1,45,0,6,0,0,6,0,18,32,1,51,20,0,20,71
08/02/2000,GON,CT,ANE,EN,Federal Contract Tower,0,12,32,2,46,0,2,12,0,14,0,14,44,2,60,55,0,55,115
08/03/2000,GON,CT,ANE,EN,Federal Contract Tower,0,17,48,4,69,0,0,17,13,30,0,17,65,17,99,68,24,92,191
08/04/2000,GON,CT,ANE,EN,Federal Contract Tower,0,11,27,2,40,0,14,175,35,224,0,25,202,37,264,182,0,182,446
08/05/2000,GON,CT,ANE,EN,Federal Contract Tower,0,5,13,2,20,0,14,173,3,190,0,19,186,5,210,200,0,200,410
08/06/2000,GON,CT,ANE,EN,Federal Contract Tower,0,8,24,1,33,0,28,125,0,153,0,36,149,1,186,122,8,130,316
08/07/2000,GON,CT,ANE,EN,Federal Contract Tower,0,10,28,0,38,0,3,15,0,18,0,13,43,0,56,64,4,68,124
08/08/2000,GON,CT,ANE,EN,Federal Contract Tower,0,7,19,2,28,0,3,95,7,105,0,10,114,9,133,112,8,120,253
08/09/2000,GON,CT,ANE,EN,Federal Contract Tower,0,10,30,4,44,0,9,82,4,95,0,19,112,8,139,136,2,138,277
08/10/2000,GON,CT,ANE,EN,Federal Contract Tower,0,7,20,3,30,0,7,126,3,136,0,14,146,6,166,116,6,122,288
08/11/2000,GON,CT,ANE,EN,Federal Contract Tower,0,7,18,2,27,0,18,78,3,99,0,25,96,5,126,130,10,140,266
08/12/2000,GON,CT,ANE,EN,Federal Contract Tower,0,7,20,3,30,0,12,40,0,52,0,19,60,3,82,36,24,60,142
08/13/2000,GON,CT,ANE,EN,Federal Contract Tower,0,15,43,5,63,0,4,36,8,48,0,19,79,13,111,68,12,80,191
08/14/2000,GON,CT,ANE,EN,Federal Contract Tower,0,9,24,3,36,0,3,1,2,6,0,12,25,5,42,18,0,18,60
08/15/2000,GON,CT,ANE,EN,Federal Contract Tower,0,11,31,3,45,0,3,62,0,65,0,14,93,3,110,72,0,72,182
08/16/2000,GON,CT,ANE,EN,Federal Contract Tower,0,6,17,2,25,0,10,51,0,61,0,16,68,2,86,38,0,38,124
08/17/2000,GON,CT,ANE,EN,Federal Contract Tower,0,7,17,2,26,0,23,196,5,224,0,30,213,7,250,124,12,136,386
08/18/2000,GON,CT,ANE,EN,Federal Contract Tower,0,14,39,4,57,0,5,46,3,54,0,19,85,7,111,110,8,118,229
08/19/2000,GON,CT,ANE,EN,Federal Contract Tower,0,9,24,3,36,0,5,187,0,192,0,14,211,3,228,134,0,134,362
08/20/2000,GON,CT,ANE,EN,Federal Contract Tower,0,5,16,1,22,0,20,157,0,177,0,25,173,1,199,118,0,118,317
08/21/2000,GON,CT,ANE,EN,Federal Contract Tower,0,7,22,2,31,0,12,136,7,155,0,19,158,9,186,214,18,232,418
08/22/2000,GON,CT,ANE,EN,Federal Contract Tower,0,8,22,2,32,0,6,158,10,174,0,14,180,12,206,162,12,174,380
08/23/2000,GON,CT,ANE,EN,Federal Contract Tower,0,8,22,0,30,0,7,74,0,81,0,15,96,0,111,68,2,70,181
08/24/2000,GON,CT,ANE,EN,Federal Contract Tower,0,10,29,2,41,0,15,53,22,90,0,25,82,24,131,112,66,178,309
08/25/2000,GON,CT,ANE,EN,Federal Contract Tower,0,7,22,2,31,0,21,140,4,165,0,28,162,6,196,140,4,144,340
08/26/2000,GON,CT,ANE,EN,Federal Contract Tower,0,7,19,1,27,0,13,176,1,190,0,20,195,2,217,186,4,190,407
08/27/2000,GON,CT,ANE,EN,Federal Contract Tower,0,5,16,1,22,0,16,134,1,151,0,21,150,2,173,136,0,136,309
08/28/2000,GON,CT,ANE,EN,Federal Contract Tower,0,13,37,3,53,0,8,53,3,64,0,21,90,6,117,130,6,136,253
08/29/2000,GON,CT,ANE,EN,Federal Contract Tower,0,7,19,1,27,0,19,120,0,139,0,26,139,1,166,120,0,120,286
08/30/2000,GON,CT,ANE,EN,Federal Contract Tower,0,12,46,1,59,0,0,28,0,28,0,12,74,1,87,26,2,28,115
08/31/2000,GON,CT,ANE,EN,Federal Contract Tower,0,12,34,3,49,0,8,56,7,71,0,20,90,10,120,48,12,60,180
09/01/2000,GON,CT,ANE,EN,Federal Contract Tower,0,6,19,1,26,0,13,57,0,70,0,19,76,1,96,82,2,84,180
09/02/2000,GON,CT,ANE,EN,Federal Contract Tower,0,7,23,1,31,0,3,13,0,16,0,10,36,1,47,64,0,64,111
09/03/2000,GON,CT,ANE,EN,Federal Contract Tower,0,6,14,0,20,0,3,0,0,3,0,9,14,0,23,14,0,14,37
09/04/2000,GON,CT,ANE,EN,Federal Contract Tower,0,10,29,0,39,0,6,22,0,28,0,16,51,0,67,8,0,8,75
09/05/2000,GON,CT,ANE,EN,Federal Contract Tower,0,9,21,3,33,0,10,133,1,144,0,19,154,4,177,118,0,118,295
09/06/2000,GON,CT,ANE,EN,Federal Contract Tower,0,6,14,2,22,0,6,168,1,175,0,12,182,3,197,100,10,110,307
09/07/2000,GON,CT,ANE,EN,Federal Contract Tower,0,8,21,3,32,0,7,154,12,173,0,15,175,15,205,142,2,144,349
09/08/2000,GON,CT,ANE,EN,Federal Contract Tower,0,8,22,4,34,0,18,132,11,161,0,26,154,15,195,142,8,150,345
09/09/2000,GON,CT,ANE,EN,Federal Contract Tower,0,7,19,3,29,0,4,78,28,110,0,11,97,31,139,88,48,136,275
09/10/2000,GON,CT,ANE,EN,Federal Contract Tower,0,8,20,3,31,0,6,134,3,143,0,14,154,6,174,214,8,222,396
09/11/2000,GON,CT,ANE,EN,Federal Contract Tower,0,9,25,3,37,0,5,77,0,82,0,14,102,3,119,98,2,100,219
09/12/2000,GON,CT,ANE,EN,Federal Contract Tower,0,6,16,3,25,0,10,66,1,77,0,16,82,4,102,110,2,112,214
09/13/2000,GON,CT,ANE,EN,Federal Contract Tower,0,9,23,4,36,0,0,84,11,95,0,9,107,15,131,56,6,62,193
09/14/2000,GON,CT,ANE,EN,Federal Contract Tower,0,8,20,3,31,0,4,173,10,187,0,12,193,13,218,112,14,126,344
09/15/2000,GON,CT,ANE,EN,Federal Contract Tower,0,6,15,2,23,0,3,17,0,20,0,9,32,2,43,8,2,10,53
09/16/2000,GON,CT,ANE,EN,Federal Contract Tower,0,5,16,2,23,0,5,134,9,148,0,10,150,11,171,134,6,140,311
09/17/2000,GON,CT,ANE,EN,Federal Contract Tower,0,4,11,1,16,0,9,142,5,156,0,13,153,6,172,112,2,114,286
09/18/2000,GON,CT,ANE,EN,Federal Contract Tower,0,11,30,4,45,0,0,99,7,106,0,11,129,11,151,102,6,108,259
09/19/2000,GON,CT,ANE,EN,Federal Contract Tower,0,8,24,3,35,0,2,17,8,27,0,10,41,11,62,66,0,66,128
09/20/2000,GON,CT,ANE,EN,Federal Contract Tower,0,7,30,4,41,0,0,91,10,101,0,7,121,14,142,102,8,110,252
09/21/2000,GON,CT,ANE,EN,Federal Contract Tower,0,9,22,2,33,0,9,52,8,69,0,18,74,10,102,94,34,128,230
09/22/2000,GON,CT,ANE,EN,Federal Contract Tower,0,9,25,3,37,0,3,140,14,157,0,12,165,17,194,128,0,128,322
09/23/2000,GON,CT,ANE,EN,Federal Contract Tower,0,8,20,2,30,0,3,78,3,84,0,11,98,5,114,76,12,88,202
09/24/2000,GON,CT,ANE,EN,Federal Contract Tower,0,13,34,0,47,0,2,28,0,30,0,15,62,0,77,24,2,26,103
09/25/2000,GON,CT,ANE,EN,Federal Contract Tower,0,4,10,0,14,0,5,93,0,98,0,9,103,0,112,124,2,126,238
09/26/2000,GON,CT,ANE,EN,Federal Contract Tower,0,7,18,0,25,0,3,0,0,3,0,10,18,0,28,2,0,2,30
09/27/2000,GON,CT,ANE,EN,Federal Contract Tower,0,5,14,1,20,0,6,137,10,153,0,11,151,11,173,88,18,106,279
09/28/2000,GON,CT,ANE,EN,Federal Contract Tower,0,8,24,3,35,0,3,108,11,122,0,11,132,14,157,132,28,160,317
09/29/2000,GON,CT,ANE,EN,Federal Contract Tower,0,6,18,2,26,0,5,169,12,186,0,11,187,14,212,146,14,160,372
09/30/2000,GON,CT,ANE,EN,Federal Contract Tower,0,4,12,1,17,0,4,140,5,149,0,8,152,6,166,128,4,132,298
10/01/2000,GON,CT,ANE,EN,Federal Contract Tower,0,5,19,1,25,0,3,169,0,172,0,8,188,1,197,120,0,120,317
10/02/2000,GON,CT,ANE,EN,Federal Contract Tower,0,6,19,2,27,0,3,79,0,82,0,9,98,2,109,66,0,66,175
10/03/2000,GON,CT,ANE,EN,Federal Contract Tower,0,7,20,3,30,0,3,107,11,121,0,10,127,14,151,72,0,72,223
10/04/2000,GON,CT,ANE,EN,Federal Contract Tower,0,7,21,3,31,0,0,94,6,100,0,7,115,9,131,138,4,142,273
10/05/2000,GON,CT,ANE,EN,Federal Contract Tower,0,10,25,2,37,0,2,70,0,72,0,12,95,2,109,68,2,70,179
10/06/2000,GON,CT,ANE,EN,Federal Contract Tower,0,8,27,2,37,0,0,7,0,7,0,8,34,2,44,8,0,8,52
10/07/2000,GON,CT,ANE,EN,Federal Contract Tower,0,4,11,2,17,0,5,137,3,145,0,9,148,5,162,74,0,74,236
10/08/2000,GON,CT,ANE,EN,Federal Contract Tower,0,6,19,3,28,0,3,117,0,120,0,9,136,3,148,102,0,102,250
10/09/2000,GON,CT,ANE,EN,Federal Contract Tower,0,5,13,0,18,0,6,60,0,66,0,11,73,0,84,52,2,54,138
10/10/2000,GON,CT,ANE,EN,Federal Contract Tower,0,8,23,3,34,0,3,55,3,61,0,11,78,6,95,82,2,84,179
10/11/2000,GON,CT,ANE,EN,Federal Contract Tower,0,8,23,3,34,0,3,79,1,83,0,11,102,4,117,66,2,68,185
10/12/2000,GON,CT,ANE,EN,Federal Contract Tower,0,7,19,3,29,0,7,163,7,177,0,14,182,10,206,110,32,142,348
10/13/2000,GON,CT,ANE,EN,Federal Contract Tower,0,7,19,0,26,0,6,172,0,178,0,13,191,0,204,202,20,222,426
10/14/2000,GON,CT,ANE,EN,Federal Contract Tower,0,6,16,2,24,0,7,168,7,182,0,13,184,9,206,142,32,174,380
10/15/2000,GON,CT,ANE,EN,Federal Contract Tower,0,9,26,0,35,0,4,155,0,159,0,13,181,0,194,144,2,146,340
10/16/2000,GON,CT,ANE,EN,Federal Contract Tower,0,8,38,5,51,0,0,22,0,22,0,8,60,5,73,66,2,68,141
10/17/2000,GON,CT,ANE,EN,Federal Contract Tower,0,8,25,2,35,0,0,46,0,46,0,8,71,2,81,76,6,82,163
10/18/2000,GON,CT,ANE,EN,Federal Contract Tower,0,6,23,0,29,0,0,2,0,2,0,6,25,0,31,2,0,2,33
10/19/2000,GON,CT,ANE,EN,Federal Contract Tower,0,6,16,1,23,0,12,105,2,119,0,18,121,3,142,82,8,90,232
10/20/2000,GON,CT,ANE,EN,Federal Contract Tower,0,6,17,1,24,0,3,154,14,171,0,9,171,15,195,150,22,172,367
10/21/2000,GON,CT,ANE,EN,Federal Contract Tower,0,6,17,1,24,0,6,160,5,171,0,12,177,6,195,154,0,154,349
10/22/2000,GON,CT,ANE,EN,Federal Contract Tower,0,6,17,1,24,0,1,148,1,150,0,7,165,2,174,116,0,116,290
10/23/2000,GON,CT,ANE,EN,Federal Contract Tower,0,6,16,1,23,0,5,87,3,95,0,11,103,4,118,78,0,78,196
10/24/2000,GON,CT,ANE,EN,Federal Contract Tower,0,5,16,1,22,0,9,113,3,125,0,14,129,4,147,86,0,86,233
10/25/2000,GON,CT,ANE,EN,Federal Contract Tower,0,5,15,1,21,0,5,136,18,159,0,10,151,19,180,184,38,222,402
10/26/2000,GON,CT,ANE,EN,Federal Contract Tower,0,9,24,2,35,0,2,83,3,88,0,11,107,5,123,178,2,180,303
10/27/2000,GON,CT,ANE,EN,Federal Contract Tower,0,10,26,2,38,0,5,57,2,64,0,15,83,4,102,98,8,106,208
10/28/2000,GON,CT,ANE,EN,Federal Contract Tower,0,3,9,0,12,0,4,14,0,18,0,7,23,0,30,4,0,4,34
10/29/2000,GON,CT,ANE,EN,Federal Contract Tower,0,6,16,1,23,0,0,40,0,40,0,6,56,1,63,48,12,60,123
10/30/2000,GON,CT,ANE,EN,Federal Contract Tower,0,7,21,2,30,0,0,29,3,32,0,7,50,5,62,104,8,112,174
10/31/2000,GON,CT,ANE,EN,Federal Contract Tower,0,3,11,1,15,0,2,28,0,30,0,5,39,1,45,24,2,26,71
11/01/2000,GON,CT,ANE,EN,Federal Contract Tower,0,6,19,2,27,0,0,56,8,64,0,6,75,10,91,86,14,100,191
11/02/2000,GON,CT,ANE,EN,Federal Contract Tower,0,8,22,2,32,0,0,129,6,135,0,8,151,8,167,134,0,134,301
11/03/2000,GON,CT,ANE,EN,Federal Contract Tower,0,11,32,4,47,0,2,153,11,166,0,13,185,15,213,184,4,188,401
11/04/2000,GON,CT,ANE,EN,Federal Contract Tower,0,4,13,2,19,0,1,168,2,171,0,5,181,4,190,184,6,190,380
11/05/2000,GON,CT,ANE,EN,Federal Contract Tower,0,6,15,2,23,0,0,112,3,115,0,6,127,5,138,88,8,96,234
11/06/2000,GON,CT,ANE,EN,Federal Contract Tower,0,6,20,2,28,0,7,89,0,96,0,13,109,2,124,56,2,58,182
11/07/2000,GON,CT,ANE,EN,Federal Contract Tower,0,6,18,1,25,0,8,127,0,135,0,14,145,1,160,118,0,118,278
11/08/2000,GON,CT,ANE,EN,Federal Contract Tower,0,7,31,4,42,0,0,109,4,113,0,7,140,8,155,148,10,158,313
11/09/2000,GON,CT,ANE,EN,Federal Contract Tower,0,9,28,4,41,0,0,44,2,46,0,9,72,6,87,78,20,98,185
11/10/2000,GON,CT,ANE,EN,Federal Contract Tower,0,8,27,0,35,0,1,0,0,1,0,9,27,0,36,6,0,6,42
11/11/2000,GON,CT,ANE,EN,Federal Contract Tower,0,7,24,0,31,0,0,25,0,25,0,7,49,0,56,70,0,70,126
11/12/2000,GON,CT,ANE,EN,Federal Contract Tower,0,8,25,3,36,0,0,200,4,204,0,8,225,7,240,212,26,238,478
11/13/2000,GON,CT,ANE,EN,Federal Contract Tower,0,6,31,0,37,0,0,35,0,35,0,6,66,0,72,40,0,40,112
11/14/2000,GON,CT,ANE,EN,Federal Contract Tower,0,6,18,2,26,0,2,4,0,6,0,8,22,2,32,16,0,16,48
11/15/2000,GON,CT,ANE,EN,Federal Contract Tower,0,7,20,3,30,0,1,68,3,72,0,8,88,6,102,68,4,72,174
11/16/2000,GON,CT,ANE,EN,Federal Contract Tower,0,7,29,3,39,0,0,138,9,147,0,7,167,12,186,120,0,120,306
11/17/2000,GON,CT,ANE,EN,Federal Contract Tower,0,6,19,2,27,0,0,68,7,75,0,6,87,9,102,80,2,82,184
11/18/2000,GON,CT,ANE,EN,Federal Contract Tower,0,5,16,1,22,0,1,136,9,146,0,6,152,10,168,142,6,148,316
11/19/2000,GON,CT,ANE,EN,Federal Contract Tower,0,6,17,1,24,0,0,178,11,189,0,6,195,12,213,220,12,232,445
11/20/2000,GON,CT,ANE,EN,Federal Contract Tower,0,6,21,2,29,0,3,97,1,101,0,9,118,3,130,138,2,140,270
11/21/2000,GON,CT,ANE,EN,Federal Contract Tower,0,3,11,1,15,0,5,93,1,99,0,8,104,2,114,106,20,126,240
11/22/2000,GON,CT,ANE,EN,Federal Contract Tower,0,6,16,1,23,0,7,35,1,43,0,13,51,2,66,66,0,66,132
11/23/2000,GON,CT,ANE,EN,Federal Contract Tower,0,1,4,0,5,0,3,24,0,27,0,4,28,0,32,14,0,14,46
11/24/2000,GON,CT,ANE,EN,Federal Contract Tower,0,3,7,0,10,0,1,117,1,119,0,4,124,1,129,136,0,136,265
11/25/2000,GON,CT,ANE,EN,Federal Contract Tower,0,4,16,1,21,0,0,167,0,167,0,4,183,1,188,98,0,98,286
11/26/2000,GON,CT,ANE,EN,Federal Contract Tower,0,3,11,0,14,0,3,0,0,3,0,6,11,0,17,6,0,6,23
11/27/2000,GON,CT,ANE,EN,Federal Contract Tower,0,6,21,2,29,0,1,50,2,53,0,7,71,4,82,110,0,110,192
11/28/2000,GON,CT,ANE,EN,Federal Contract Tower,0,7,22,2,31,0,5,144,7,156,0,12,166,9,187,118,2,120,307
11/29/2000,GON,CT,ANE,EN,Federal Contract Tower,0,9,25,2,36,0,0,121,9,130,0,9,146,11,166,104,2,106,272
11/30/2000,GON,CT,ANE,EN,Federal Contract Tower,0,3,13,1,17,0,0,18,1,19,0,3,31,2,36,10,0,10,46
12/01/2000,GON,CT,ANE,EN,Federal Contract Tower,0,8,18,5,31,0,0,102,8,110,0,8,120,13,141,166,8,174,315
12/02/2000,GON,CT,ANE,EN,Federal Contract Tower,0,5,14,5,24,0,0,149,4,153,0,5,163,9,177,96,0,96,273
12/03/2000,GON,CT,ANE,EN,Federal Contract Tower,0,4,11,2,17,0,0,152,0,152,0,4,163,2,169,182,2,184,353
12/04/2000,GON,CT,ANE,EN,Federal Contract Tower,0,6,14,5,25,0,2,83,3,88,0,8,97,8,113,84,2,86,199
12/05/2000,GON,CT,ANE,EN,Federal Contract Tower,0,7,24,7,38,0,0,83,15,98,0,7,107,22,136,124,2,126,262
12/06/2000,GON,CT,ANE,EN,Federal Contract Tower,0,7,15,5,27,0,4,87,1,92,0,11,102,6,119,104,2,106,225
12/07/2000,GON,CT,ANE,EN,Federal Contract Tower,0,6,28,8,42,0,0,69,20,89,0,6,97,28,131,94,16,110,241
12/08/2000,GON,CT,ANE,EN,Federal Contract Tower,0,7,15,4,26,0,0,8,0,8,0,7,23,4,34,18,0,18,52
12/09/2000,GON,CT,ANE,EN,Federal Contract Tower,0,7,20,5,32,0,0,143,0,143,0,7,163,5,175,138,14,152,327
12/10/2000,GON,CT,ANE,EN,Federal Contract Tower,0,5,10,0,15,0,1,158,0,159,0,6,168,0,174,172,0,172,346
12/11/2000,GON,CT,ANE,EN,Federal Contract Tower,0,6,18,4,28,0,0,19,0,19,0,6,37,4,47,68,2,70,117
12/12/2000,GON,CT,ANE,EN,Federal Contract Tower,0,4,9,0,13,0,2,3,0,5,0,6,12,0,18,4,4,8,26
12/13/2000,GON,CT,ANE,EN,Federal Contract Tower,0,5,20,6,31,0,0,118,2,120,0,5,138,8,151,150,0,150,301
12/14/2000,GON,CT,ANE,EN,Federal Contract Tower,0,5,15,5,25,0,0,1,0,1,0,5,16,5,26,0,0,0,26
12/15/2000,GON,CT,ANE,EN,Federal Contract Tower,0,7,16,5,28,0,3,112,3,118,0,10,128,8,146,162,4,166,312
12/16/2000,GON,CT,ANE,EN,Federal Contract Tower,0,3,6,0,9,0,3,35,0,38,0,6,41,0,47,80,6,86,133
12/17/2000,GON,CT,ANE,EN,Federal Contract Tower,0,1,3,0,4,0,0,0,0,0,0,1,3,0,4,4,2,6,10
12/18/2000,GON,CT,ANE,EN,Federal Contract Tower,0,6,16,4,26,0,0,69,10,79,0,6,85,14,105,32,6,38,143
12/19/2000,GON,CT,ANE,EN,Federal Contract Tower,0,5,12,2,19,0,1,82,0,83,0,6,94,2,102,96,2,98,200
12/20/2000,GON,CT,ANE,EN,Federal Contract Tower,0,4,10,2,16,0,5,6,7,18,0,9,16,9,34,8,10,18,52
12/21/2000,GON,CT,ANE,EN,Federal Contract Tower,0,6,14,3,23,0,3,146,5,154,0,9,160,8,177,156,2,158,335
12/22/2000,GON,CT,ANE,EN,Federal Contract Tower,0,4,7,0,11,0,0,8,0,8,0,4,15,0,19,0,0,0,19
12/23/2000,GON,CT,ANE,EN,Federal Contract Tower,0,4,9,1,14,0,4,85,0,89,0,8,94,1,103,90,0,90,193
12/24/2000,GON,CT,ANE,EN,Federal Contract Tower,0,4,7,0,11,0,0,38,0,38,0,4,45,0,49,16,0,16,65
12/25/2000,GON,CT,ANE,EN,Federal Contract Tower,0,2,2,0,4,0,4,0,0,4,0,6,2,0,8,0,0,0,8
12/26/2000,GON,CT,ANE,EN,Federal Contract Tower,0,5,11,0,16,0,2,16,0,18,0,7,27,0,34,8,2,10,44
12/27/2000,GON,CT,ANE,EN,Federal Contract Tower,0,4,10,1,15,0,3,59,0,62,0,7,69,1,77,48,8,56,133
12/28/2000,GON,CT,ANE,EN,Federal Contract Tower,0,4,9,2,15,0,2,45,10,57,0,6,54,12,72,36,6,42,114
12/29/2000,GON,CT,ANE,EN,Federal Contract Tower,0,4,11,2,17,0,0,104,4,108,0,4,115,6,125,72,6,78,203
12/30/2000,GON,CT,ANE,EN,Federal Contract Tower,0,0,0,0,0,0,0,2,0,2,0,0,2,0,2,12,0,12,14
12/31/2000,GON,CT,ANE,EN,Federal Contract Tower,0,1,3,0,4,0,3,6,0,9,0,4,9,0,13,14,0,14,27
01/01/2001,GON,CT,ANE,EN,Federal Contract Tower,0,0,4,0,4,0,4,20,0,24,0,4,24,0,28,4,0,4,32
01/02/2001,GON,CT,ANE,EN,Federal Contract Tower,0,3,10,2,15,0,3,68,0,71,0,6,78,2,86,38,2,40,126
01/03/2001,GON,CT,ANE,EN,Federal Contract Tower,0,5,15,4,24,0,1,97,6,104,0,6,112,10,128,90,6,96,224
01/04/2001,GON,CT,ANE,EN,Federal Contract Tower,0,5,16,4,25,0,0,87,8,95,0,5,103,12,120,114,2,116,236
01/05/2001,GON,CT,ANE,EN,Federal Contract Tower,0,5,20,4,29,0,0,49,2,51,0,5,69,6,80,112,2,114,194
01/06/2001,GON,CT,ANE,EN,Federal Contract Tower,0,5,11,2,18,0,6,70,0,76,0,11,81,2,94,82,0,82,176
01/07/2001,GON,CT,ANE,EN,Federal Contract Tower,0,6,17,3,26,0,0,161,12,173,0,6,178,15,199,100,46,146,345
01/08/2001,GON,CT,ANE,EN,Federal Contract Tower,0,6,13,2,21,0,0,41,0,41,0,6,54,2,62,90,8,98,160
01/09/2001,GON,CT,ANE,EN,Federal Contract Tower,0,6,13,2,21,0,1,17,3,21,0,7,30,5,42,20,20,40,82
01/10/2001,GON,CT,ANE,EN,Federal Contract Tower,0,7,17,3,27,0,1,81,0,82,0,8,98,3,109,94,4,98,207
01/11/2001,GON,CT,ANE,EN,Federal Contract Tower,0,6,17,3,26,0,5,90,3,98,0,11,107,6,124,100,4,104,228
01/12/2001,GON,CT,ANE,EN,Federal Contract Tower,0,8,23,4,35,0,2,135,13,150,0,10,158,17,185,112,20,132,317
01/13/2001,GON,CT,ANE,EN,Federal Contract Tower,0,2,17,0,19,0,0,178,0,178,0,2,195,0,197,174,0,174,371
01/14/2001,GON,CT,ANE,EN,Federal Contract Tower,0,3,21,2,26,0,0,171,5,176,0,3,192,7,202,94,6,100,302
01/15/2001,GON,CT,ANE,EN,Federal Contract Tower,0,5,12,0,17,0,0,0,0,0,0,5,12,0,17,2,0,2,19
01/16/2001,GON,CT,ANE,EN,Federal Contract Tower,0,7,20,2,29,0,1,52,6,59,0,8,72,8,88,88,0,88,176
01/17/2001,GON,CT,ANE,EN,Federal Contract Tower,0,7,18,2,27,0,6,92,6,104,0,13,110,8,131,66,0,66,197
01/18/2001,GON,CT,ANE,EN,Federal Contract Tower,0,7,22,2,31,0,0,79,7,86,0,7,101,9,117,66,8,74,191
01/19/2001,GON,CT,ANE,EN,Federal Contract Tower,0,6,16,0,22,0,0,2,0,2,0,6,18,0,24,0,0,0,24
01/20/2001,GON,CT,ANE,EN,Federal Contract Tower,0,2,2,0,4,0,3,0,0,3,0,5,2,0,7,0,0,0,7
01/21/2001,GON,CT,ANE,EN,Federal Contract Tower,0,3,6,0,9,0,2,1,0,3,0,5,7,0,12,0,0,0,12
01/22/2001,GON,CT,ANE,EN,Federal Contract Tower,0,5,20,2,27,0,0,67,4,71,0,5,87,6,98,88,0,88,186
01/23/2001,GON,CT,ANE,EN,Federal Contract Tower,0,4,20,2,26,0,0,90,2,92,0,4,110,4,118,104,0,104,222
01/24/2001,GON,CT,ANE,EN,Federal Contract Tower,0,6,24,3,33,0,0,112,3,115,0,6,136,6,148,124,0,124,272
01/25/2001,GON,CT,ANE,EN,Federal Contract Tower,0,6,14,1,21,0,0,81,8,89,0,6,95,9,110,80,2,82,192
01/26/2001,GON,CT,ANE,EN,Federal Contract Tower,0,6,26,3,35,0,0,117,2,119,0,6,143,5,154,62,2,64,218
01/27/2001,GON,CT,ANE,EN,Federal Contract Tower,0,5,15,2,22,0,5,19,0,24,0,10,34,2,46,8,0,8,54
01/28/2001,GON,CT,ANE,EN,Federal Contract Tower,0,6,16,2,24,0,0,148,2,150,0,6,164,4,174,114,0,114,288
01/29/2001,GON,CT,ANE,EN,Federal Contract Tower,0,7,24,3,34,0,0,88,4,92,0,7,112,7,126,44,8,52,178
01/30/2001,GON,CT,ANE,EN,Federal Contract Tower,0,1,4,0,5,0,1,5,0,6,0,2,9,0,11,0,0,0,11
01/31/2001,GON,CT,ANE,EN,Federal Contract Tower,0,10,30,4,44,0,5,84,0,89,0,15,114,4,133,88,18,106,239
02/01/2001,GON,CT,ANE,EN,Federal Contract Tower,0,8,18,4,30,0,0,80,9,89,0,8,98,13,119,92,24,116,235
02/02/2001,GON,CT,ANE,EN,Federal Contract Tower,0,10,16,3,29,0,1,45,7,53,0,11,61,10,82,66,0,66,148
02/03/2001,GON,CT,ANE,EN,Federal Contract Tower,0,0,9,3,12,0,0,122,6,128,0,0,131,9,140,100,30,130,270
02/04/2001,GON,CT,ANE,EN,Federal Contract Tower,0,5,17,4,26,0,0,132,2,134,0,5,149,6,160,116,0,116,276
02/05/2001,GON,CT,ANE,EN,Federal Contract Tower,0,5,8,2,15,0,1,0,0,1,0,6,8,2,16,0,0,0,16
02/06/2001,GON,CT,ANE,EN,Federal Contract Tower,0,5,8,2,15,0,2,16,2,20,0,7,24,4,35,36,0,36,71
02/07/2001,GON,CT,ANE,EN,Federal Contract Tower,0,8,16,4,28,0,4,96,7,107,0,12,112,11,135,98,6,104,239
02/08/2001,GON,CT,ANE,EN,Federal Contract Tower,0,5,19,5,29,0,0,70,10,80,0,5,89,15,109,92,8,100,209
02/09/2001,GON,CT,ANE,EN,Federal Contract Tower,0,9,16,4,29,0,1,13,2,16,0,10,29,6,45,30,2,32,77
02/10/2001,GON,CT,ANE,EN,Federal Contract Tower,0,5,8,2,15,0,3,15,1,19,0,8,23,3,34,8,0,8,42
02/11/2001,GON,CT,ANE,EN,Federal Contract Tower,0,3,6,0,9,0,3,71,0,74,0,6,77,0,83,26,2,28,111
02/12/2001,GON,CT,ANE,EN,Federal Contract Tower,0,7,14,3,24,0,2,95,0,97,0,9,109,3,121,56,0,56,177
02/13/2001,GON,CT,ANE,EN,Federal Contract Tower,0,7,12,3,22,0,2,135,11,148,0,9,147,14,170,112,2,114,284
02/14/2001,GON,CT,ANE,EN,Federal Contract Tower,0,8,16,4,28,0,5,23,0,28,0,13,39,4,56,44,4,48,104
02/15/2001,GON,CT,ANE,EN,Federal Contract Tower,0,8,14,1,23,0,0,68,0,68,0,8,82,1,91,96,0,96,187
02/16/2001,GON,CT,ANE,EN,Federal Contract Tower,0,9,16,4,29,0,0,31,2,33,0,9,47,6,62,86,0,86,148
02/17/2001,GON,CT,ANE,EN,Federal Contract Tower,0,5,9,0,14,0,7,9,0,16,0,12,18,0,30,14,0,14,44
02/18/2001,GON,CT,ANE,EN,Federal Contract Tower,0,9,17,2,28,0,0,155,0,155,0,9,172,2,183,134,2,136,319
02/19/2001,GON,CT,ANE,EN,Federal Contract Tower,0,10,19,2,31,0,1,95,0,96,0,11,114,2,127,72,0,72,199
02/20/2001,GON,CT,ANE,EN,Federal Contract Tower,0,9,17,3,29,0,0,81,4,85,0,9,98,7,114,88,0,88,202
02/21/2001,GON,CT,ANE,EN,Federal Contract Tower,0,10,18,3,31,0,1,56,3,60,0,11,74,6,91,44,2,46,137
02/22/2001,GON,CT,ANE,EN,Federal Contract Tower,0,5,10,2,17,0,2,69,2,73,0,7,79,4,90,64,0,64,154
02/23/2001,GON,CT,ANE,EN,Federal Contract Tower,0,7,15,2,24,0,5,61,0,66,0,12,76,2,90,80,6,86,176
02/24/2001,GON,CT,ANE,EN,Federal Contract Tower,0,6,16,3,25,0,0,202,6,208,0,6,218,9,233,102,0,102,335
02/25/2001,GON,CT,ANE,EN,Federal Contract Tower,0,4,9,0,13,0,0,1,0,1,0,4,10,0,14,2,0,2,16
02/26/2001,GON,CT,ANE,EN,Federal Contract Tower,0,9,19,3,31,0,0,43,8,51,0,9,62,11,82,60,8,68,150
02/27/2001,GON,CT,ANE,EN,Federal Contract Tower,0,7,14,2,23,0,1,85,7,93,0,8,99,9,116,92,12,104,220
02/28/2001,GON,CT,ANE,EN,Federal Contract Tower,0,9,18,2,29,0,3,65,0,68,0,12,83,2,97,80,0,80,177
03/01/2001,GON,CT,ANE,EN,Federal Contract Tower,0,6,16,2,24,0,2,67,0,69,0,8,83,2,93,80,0,80,173
03/02/2001,GON,CT,ANE,EN,Federal Contract Tower,0,9,16,1,26,0,1,3,0,4,0,10,19,1,30,8,0,8,38
03/03/2001,GON,CT,ANE,EN,Federal Contract Tower,0,6,12,2,20,0,0,25,1,26,0,6,37,3,46,64,8,72,118
03/04/2001,GON,CT,ANE,EN,Federal Contract Tower,0,6,13,2,21,0,0,35,2,37,0,6,48,4,58,98,8,106,164
03/05/2001,GON,CT,ANE,EN,Federal Contract Tower,0,0,0,0,0,0,0,0,0,0,0,0,0,0,0,0,0,0,0
03/06/2001,GON,CT,ANE,EN,Federal Contract Tower,0,0,0,0,0,0,0,0,0,0,0,0,0,0,0,0,0,0,0
03/07/2001,GON,CT,ANE,EN,Federal Contract Tower,0,4,7,2,13,0,7,67,0,74,0,11,74,2,87,100,0,100,187
03/08/2001,GON,CT,ANE,EN,Federal Contract Tower,0,7,15,3,25,0,5,80,10,95,0,12,95,13,120,158,4,162,282
03/09/2001,GON,CT,ANE,EN,Federal Contract Tower,0,5,10,2,17,0,4,4,0,8,0,9,14,2,25,2,0,2,27
03/10/2001,GON,CT,ANE,EN,Federal Contract Tower,0,6,10,0,16,0,0,57,0,57,0,6,67,0,73,30,2,32,105
03/11/2001,GON,CT,ANE,EN,Federal Contract Tower,0,6,10,2,18,0,0,161,2,163,0,6,171,4,181,142,4,146,327
03/12/2001,GON,CT,ANE,EN,Federal Contract Tower,0,7,12,2,21,0,3,153,2,158,0,10,165,4,179,84,14,98,277
03/13/2001,GON,CT,ANE,EN,Federal Contract Tower,0,6,15,0,21,0,0,3,0,3,0,6,18,0,24,4,0,4,28
03/14/2001,GON,CT,ANE,EN,Federal Contract Tower,0,13,24,4,41,0,1,62,2,65,0,14,86,6,106,40,2,42,148
03/15/2001,GON,CT,ANE,EN,Federal Contract Tower,0,9,22,2,33,0,0,119,6,125,0,9,141,8,158,120,4,124,282
03/16/2001,GON,CT,ANE,EN,Federal Contract Tower,0,10,19,2,31,0,0,134,8,142,0,10,153,10,173,128,2,130,303
03/17/2001,GON,CT,ANE,EN,Federal Contract Tower,0,6,16,2,24,0,0,120,1,121,0,6,136,3,145,66,0,66,211
03/18/2001,GON,CT,ANE,EN,Federal Contract Tower,0,4,10,1,15,0,0,91,1,92,0,4,101,2,107,152,24,176,283
03/19/2001,GON,CT,ANE,EN,Federal Contract Tower,0,7,16,2,25,0,5,88,0,93,0,12,104,2,118,114,0,114,232
03/20/2001,GON,CT,ANE,EN,Federal Contract Tower,0,8,15,1,24,0,1,160,0,161,0,9,175,1,185,188,2,190,375
03/21/2001,GON,CT,ANE,EN,Federal Contract Tower,0,7,15,1,23,0,0,29,6,35,0,7,44,7,58,46,0,46,104
03/22/2001,GON,CT,ANE,EN,Federal Contract Tower,0,8,8,1,17,0,3,0,3,6,0,11,8,4,23,4,0,4,27
03/23/2001,GON,CT,ANE,EN,Federal Contract Tower,0,9,23,3,35,0,0,23,1,24,0,9,46,4,59,32,16,48,107
03/24/2001,GON,CT,ANE,EN,Federal Contract Tower,0,4,16,2,22,0,0,91,0,91,0,4,107,2,113,94,0,94,207
03/25/2001,GON,CT,ANE,EN,Federal Contract Tower,0,6,17,2,25,0,0,182,1,183,0,6,199,3,208,138,8,146,354
03/26/2001,GON,CT,ANE,EN,Federal Contract Tower,0,6,11,1,18,0,8,11,3,22,0,14,22,4,40,48,0,48,88
03/27/2001,GON,CT,ANE,EN,Federal Contract Tower,0,10,20,2,32,0,2,98,1,101,0,12,118,3,133,92,0,92,225
03/28/2001,GON,CT,ANE,EN,Federal Contract Tower,0,12,23,3,38,0,5,134,6,145,0,17,157,9,183,112,0,112,295
03/29/2001,GON,CT,ANE,EN,Federal Contract Tower,0,7,25,3,35,0,0,71,5,76,0,7,96,8,111,94,2,96,207
03/30/2001,GON,CT,ANE,EN,Federal Contract Tower,0,8,11,1,20,0,3,0,2,5,0,11,11,3,25,0,0,0,25
03/31/2001,GON,CT,ANE,EN,Federal Contract Tower,0,7,14,1,22,0,0,104,2,106,0,7,118,3,128,96,0,96,224
04/01/2001,GON,CT,ANE,EN,Federal Contract Tower,0,7,14,2,23,0,1,32,0,33,0,8,46,2,56,42,30,72,128
04/02/2001,GON,CT,ANE,EN,Federal Contract Tower,0,11,16,0,27,0,0,55,0,55,0,11,71,0,82,66,4,70,152
04/03/2001,GON,CT,ANE,EN,Federal Contract Tower,0,5,14,3,22,0,6,93,2,101,0,11,107,5,123,62,6,68,191
04/04/2001,GON,CT,ANE,EN,Federal Contract Tower,0,8,21,2,31,0,8,163,0,171,0,16,184,2,202,68,0,68,270
04/05/2001,GON,CT,ANE,EN,Federal Contract Tower,0,7,18,3,28,0,2,164,4,170,0,9,182,7,198,94,12,106,304
04/06/2001,GON,CT,ANE,EN,Federal Contract Tower,0,9,32,6,47,0,0,64,0,64,0,9,96,6,111,54,22,76,187
04/07/2001,GON,CT,ANE,EN,Federal Contract Tower,0,6,22,3,31,0,0,77,0,77,0,6,99,3,108,116,2,118,226
04/08/2001,GON,CT,ANE,EN,Federal Contract Tower,0,5,13,2,20,0,0,7,0,7,0,5,20,2,27,10,0,10,37
04/09/2001,GON,CT,ANE,EN,Federal Contract Tower,0,10,26,2,38,0,0,84,0,84,0,10,110,2,122,58,4,62,184
04/10/2001,GON,CT,ANE,EN,Federal Contract Tower,0,9,23,4,36,0,0,120,2,122,0,9,143,6,158,116,8,124,282
04/11/2001,GON,CT,ANE,EN,Federal Contract Tower,0,11,23,3,37,0,6,88,7,101,0,17,111,10,138,70,2,72,210
04/12/2001,GON,CT,ANE,EN,Federal Contract Tower,0,9,8,4,21,0,0,0,0,0,0,9,8,4,21,0,0,0,21
04/13/2001,GON,CT,ANE,EN,Federal Contract Tower,0,7,28,3,38,0,0,38,2,40,0,7,66,5,78,24,0,24,102
04/14/2001,GON,CT,ANE,EN,Federal Contract Tower,0,6,15,2,23,0,4,203,3,210,0,10,218,5,233,96,6,102,335
04/15/2001,GON,CT,ANE,EN,Federal Contract Tower,0,5,12,0,17,0,2,88,0,90,0,7,100,0,107,48,8,56,163
04/16/2001,GON,CT,ANE,EN,Federal Contract Tower,0,10,24,0,34,0,2,134,0,136,0,12,158,0,170,136,0,136,306
04/17/2001,GON,CT,ANE,EN,Federal Contract Tower,0,8,17,2,27,0,0,42,7,49,0,8,59,9,76,92,0,92,168
04/18/2001,GON,CT,ANE,EN,Federal Contract Tower,0,8,18,2,28,0,4,37,6,47,0,12,55,8,75,56,4,60,135
04/19/2001,GON,CT,ANE,EN,Federal Contract Tower,0,6,16,2,24,0,8,148,5,161,0,14,164,7,185,142,6,148,333
04/20/2001,GON,CT,ANE,EN,Federal Contract Tower,0,10,24,3,37,0,3,143,3,149,0,13,167,6,186,112,0,112,298
04/21/2001,GON,CT,ANE,EN,Federal Contract Tower,0,7,19,2,28,0,0,64,0,64,0,7,83,2,92,78,6,84,176
04/22/2001,GON,CT,ANE,EN,Federal Contract Tower,0,7,17,2,26,0,4,104,5,113,0,11,121,7,139,132,42,174,313
04/23/2001,GON,CT,ANE,EN,Federal Contract Tower,0,12,27,3,42,0,2,145,4,151,0,14,172,7,193,100,2,102,295
04/24/2001,GON,CT,ANE,EN,Federal Contract Tower,0,10,23,3,36,0,0,92,5,97,0,10,115,8,133,116,8,124,257
04/25/2001,GON,CT,ANE,EN,Federal Contract Tower,0,14,31,4,49,0,7,101,13,121,0,21,132,17,170,86,4,90,260
04/26/2001,GON,CT,ANE,EN,Federal Contract Tower,0,9,22,3,34,0,5,163,7,175,0,14,185,10,209,120,10,130,339
04/27/2001,GON,CT,ANE,EN,Federal Contract Tower,0,12,28,3,43,0,8,119,13,140,0,20,147,16,183,116,10,126,309
04/28/2001,GON,CT,ANE,EN,Federal Contract Tower,0,4,10,0,14,0,11,111,0,122,0,15,121,0,136,88,0,88,224
04/29/2001,GON,CT,ANE,EN,Federal Contract Tower,0,6,14,2,22,0,1,177,2,180,0,7,191,4,202,172,2,174,376
04/30/2001,GON,CT,ANE,EN,Federal Contract Tower,0,8,18,2,28,0,7,133,4,144,0,15,151,6,172,106,4,110,282
05/01/2001,GON,CT,ANE,EN,Federal Contract Tower,0,5,14,2,21,0,4,124,0,128,0,9,138,2,149,154,2,156,305
05/02/2001,GON,CT,ANE,EN,Federal Contract Tower,0,8,17,3,28,0,5,101,13,119,0,13,118,16,147,98,30,128,275
05/03/2001,GON,CT,ANE,EN,Federal Contract Tower,0,6,15,3,24,0,2,106,4,112,0,8,121,7,136,190,6,196,332
05/04/2001,GON,CT,ANE,EN,Federal Contract Tower,0,7,17,3,27,0,7,86,8,101,0,14,103,11,128,138,4,142,270
05/05/2001,GON,CT,ANE,EN,Federal Contract Tower,0,11,22,4,37,0,1,112,18,131,0,12,134,22,168,100,36,136,304
05/06/2001,GON,CT,ANE,EN,Federal Contract Tower,0,7,13,2,22,0,2,184,6,192,0,9,197,8,214,130,16,146,360
05/07/2001,GON,CT,ANE,EN,Federal Contract Tower,0,10,20,3,33,0,7,103,7,117,0,17,123,10,150,148,22,170,320
05/08/2001,GON,CT,ANE,EN,Federal Contract Tower,0,9,21,3,33,0,1,117,5,123,0,10,138,8,156,98,16,114,270
05/09/2001,GON,CT,ANE,EN,Federal Contract Tower,0,11,26,4,41,0,10,86,15,111,0,21,112,19,152,116,22,138,290
05/10/2001,GON,CT,ANE,EN,Federal Contract Tower,0,6,13,2,21,0,4,124,8,136,0,10,137,10,157,106,22,128,285
05/11/2001,GON,CT,ANE,EN,Federal Contract Tower,0,9,20,3,32,0,6,148,8,162,0,15,168,11,194,148,16,164,358
05/12/2001,GON,CT,ANE,EN,Federal Contract Tower,0,6,21,1,28,0,0,109,0,109,0,6,130,1,137,82,2,84,221
05/13/2001,GON,CT,ANE,EN,Federal Contract Tower,0,6,12,0,18,0,8,111,0,119,0,14,123,0,137,100,2,102,239
05/14/2001,GON,CT,ANE,EN,Federal Contract Tower,0,11,24,4,39,0,15,84,3,102,0,26,108,7,141,74,0,74,215
05/15/2001,GON,CT,ANE,EN,Federal Contract Tower,0,7,16,3,26,0,1,71,7,79,0,8,87,10,105,92,0,92,197
05/16/2001,GON,CT,ANE,EN,Federal Contract Tower,0,10,41,6,57,0,0,42,2,44,0,10,83,8,101,104,12,116,217
05/17/2001,GON,CT,ANE,EN,Federal Contract Tower,0,10,32,3,45,0,3,111,6,120,0,13,143,9,165,116,6,122,287
05/18/2001,GON,CT,ANE,EN,Federal Contract Tower,0,15,35,5,55,0,4,45,2,51,0,19,80,7,106,94,8,102,208
05/19/2001,GON,CT,ANE,EN,Federal Contract Tower,0,6,20,2,28,0,0,138,7,145,0,6,158,9,173,84,0,84,257
05/20/2001,GON,CT,ANE,EN,Federal Contract Tower,0,9,21,2,32,0,4,154,0,158,0,13,175,2,190,102,0,102,292
05/21/2001,GON,CT,ANE,EN,Federal Contract Tower,0,16,39,5,60,0,0,34,3,37,0,16,73,8,97,120,14,134,231
05/22/2001,GON,CT,ANE,EN,Federal Contract Tower,0,7,10,0,17,0,6,0,0,6,0,13,10,0,23,0,0,0,23
05/23/2001,GON,CT,ANE,EN,Federal Contract Tower,0,12,35,4,51,0,0,0,4,4,0,12,35,8,55,6,4,10,65
05/24/2001,GON,CT,ANE,EN,Federal Contract Tower,0,15,35,4,54,0,0,0,4,4,0,15,35,8,58,6,0,6,64
05/25/2001,GON,CT,ANE,EN,Federal Contract Tower,0,16,36,3,55,0,1,74,0,75,0,17,110,3,130,98,0,98,228
05/26/2001,GON,CT,ANE,EN,Federal Contract Tower,0,8,24,3,35,0,0,38,3,41,0,8,62,6,76,106,0,106,182
05/27/2001,GON,CT,ANE,EN,Federal Contract Tower,0,3,9,0,12,0,8,15,0,23,0,11,24,0,35,30,4,34,69
05/28/2001,GON,CT,ANE,EN,Federal Contract Tower,0,13,29,1,43,0,2,45,0,47,0,15,74,1,90,38,4,42,132
05/29/2001,GON,CT,ANE,EN,Federal Contract Tower,0,11,27,3,41,0,7,101,1,109,0,18,128,4,150,126,12,138,288
05/30/2001,GON,CT,ANE,EN,Federal Contract Tower,0,8,18,2,28,0,6,97,2,105,0,14,115,4,133,108,12,120,253
05/31/2001,GON,CT,ANE,EN,Federal Contract Tower,0,8,20,2,30,0,4,125,13,142,0,12,145,15,172,86,8,94,266
06/01/2001,GON,CT,ANE,EN,Federal Contract Tower,0,13,34,4,51,0,13,150,1,164,0,26,184,5,215,130,2,132,347
06/02/2001,GON,CT,ANE,EN,Federal Contract Tower,0,5,15,0,20,0,0,2,0,2,0,5,17,0,22,4,0,4,26
06/03/2001,GON,CT,ANE,EN,Federal Contract Tower,0,9,22,1,32,0,4,33,0,37,0,13,55,1,69,62,0,62,131
06/04/2001,GON,CT,ANE,EN,Federal Contract Tower,0,9,21,3,33,0,10,134,2,146,0,19,155,5,179,118,4,122,301
06/05/2001,GON,CT,ANE,EN,Federal Contract Tower,0,10,24,3,37,0,1,176,0,177,0,11,200,3,214,160,6,166,380
06/06/2001,GON,CT,ANE,EN,Federal Contract Tower,0,11,29,4,44,0,6,117,9,132,0,17,146,13,176,160,10,170,346
06/07/2001,GON,CT,ANE,EN,Federal Contract Tower,0,8,20,3,31,0,7,140,4,151,0,15,160,7,182,92,6,98,280
06/08/2001,GON,CT,ANE,EN,Federal Contract Tower,0,8,20,2,30,0,7,160,0,167,0,15,180,2,197,136,0,136,333
06/09/2001,GON,CT,ANE,EN,Federal Contract Tower,0,9,21,3,33,0,3,274,3,280,0,12,295,6,313,124,4,128,441
06/10/2001,GON,CT,ANE,EN,Federal Contract Tower,0,7,16,2,25,0,3,178,0,181,0,10,194,2,206,130,2,132,338
06/11/2001,GON,CT,ANE,EN,Federal Contract Tower,0,7,15,0,22,0,10,49,0,59,0,17,64,0,81,128,0,128,209
06/12/2001,GON,CT,ANE,EN,Federal Contract Tower,0,12,37,3,52,0,0,134,8,142,0,12,171,11,194,128,6,134,328
06/13/2001,GON,CT,ANE,EN,Federal Contract Tower,0,13,40,4,57,0,0,68,7,75,0,13,108,11,132,166,2,168,300
06/14/2001,GON,CT,ANE,EN,Federal Contract Tower,0,12,33,3,48,0,0,8,2,10,0,12,41,5,58,14,0,14,72
06/15/2001,GON,CT,ANE,EN,Federal Contract Tower,0,16,32,5,53,0,1,42,0,43,0,17,74,5,96,38,2,40,136
06/16/2001,GON,CT,ANE,EN,Federal Contract Tower,0,9,39,0,48,0,0,24,0,24,0,9,63,0,72,24,0,24,96
06/17/2001,GON,CT,ANE,EN,Federal Contract Tower,0,4,8,0,12,0,1,2,0,3,0,5,10,0,15,0,0,0,15
06/18/2001,GON,CT,ANE,EN,Federal Contract Tower,0,7,20,2,29,0,11,170,12,193,0,18,190,14,222,110,18,128,350
06/19/2001,GON,CT,ANE,EN,Federal Contract Tower,0,8,18,1,27,0,8,127,3,138,0,16,145,4,165,148,0,148,313
06/20/2001,GON,CT,ANE,EN,Federal Contract Tower,0,5,14,1,20,0,5,110,6,121,0,10,124,7,141,126,0,126,267
06/21/2001,GON,CT,ANE,EN,Federal Contract Tower,0,11,27,2,40,0,3,65,14,82,0,14,92,16,122,54,8,62,184
06/22/2001,GON,CT,ANE,EN,Federal Contract Tower,0,11,29,3,43,0,5,37,1,43,0,16,66,4,86,118,0,118,204
06/23/2001,GON,CT,ANE,EN,Federal Contract Tower,0,8,13,0,21,0,1,0,0,1,0,9,13,0,22,12,4,16,38
06/24/2001,GON,CT,ANE,EN,Federal Contract Tower,0,10,41,3,54,0,0,13,0,13,0,10,54,3,67,2,0,2,69
06/25/2001,GON,CT,ANE,EN,Federal Contract Tower,0,9,24,2,35,0,18,143,7,168,0,27,167,9,203,140,2,142,345
06/26/2001,GON,CT,ANE,EN,Federal Contract Tower,0,7,20,2,29,0,9,155,9,173,0,16,175,11,202,164,12,176,378
06/27/2001,GON,CT,ANE,EN,Federal Contract Tower,0,8,19,1,28,0,13,135,4,152,0,21,154,5,180,76,6,82,262
06/28/2001,GON,CT,ANE,EN,Federal Contract Tower,0,8,20,2,30,0,9,139,12,160,0,17,159,14,190,112,10,122,312
06/29/2001,GON,CT,ANE,EN,Federal Contract Tower,0,9,24,2,35,0,12,148,8,168,0,21,172,10,203,114,6,120,323
06/30/2001,GON,CT,ANE,EN,Federal Contract Tower,0,9,24,1,34,0,2,9,0,11,0,11,33,1,45,12,0,12,57
07/01/2001,GON,CT,ANE,EN,Federal Contract Tower,0,8,20,0,28,0,2,79,0,81,0,10,99,0,109,132,0,132,241
07/02/2001,GON,CT,ANE,EN,Federal Contract Tower,0,6,12,1,19,0,11,100,1,112,0,17,112,2,131,84,14,98,229
07/03/2001,GON,CT,ANE,EN,Federal Contract Tower,0,7,16,2,25,0,17,167,2,186,0,24,183,4,211,168,2,170,381
07/04/2001,GON,CT,ANE,EN,Federal Contract Tower,0,9,19,0,28,0,1,11,0,12,0,10,30,0,40,44,0,44,84
07/05/2001,GON,CT,ANE,EN,Federal Contract Tower,0,11,22,4,37,0,8,67,7,82,0,19,89,11,119,64,18,82,201
07/06/2001,GON,CT,ANE,EN,Federal Contract Tower,0,10,22,3,35,0,4,142,5,151,0,14,164,8,186,158,28,186,372
07/07/2001,GON,CT,ANE,EN,Federal Contract Tower,0,6,14,2,22,0,5,195,2,202,0,11,209,4,224,156,6,162,386
07/08/2001,GON,CT,ANE,EN,Federal Contract Tower,0,12,26,0,38,0,23,65,0,88,0,35,91,0,126,154,0,154,280
07/09/2001,GON,CT,ANE,EN,Federal Contract Tower,0,15,33,4,52,0,12,82,6,100,0,27,115,10,152,114,4,118,270
07/10/2001,GON,CT,ANE,EN,Federal Contract Tower,0,5,11,1,17,0,3,99,0,102,0,8,110,1,119,146,4,150,269
07/11/2001,GON,CT,ANE,EN,Federal Contract Tower,0,11,25,3,39,0,16,72,9,97,0,27,97,12,136,110,4,114,250
07/12/2001,GON,CT,ANE,EN,Federal Contract Tower,0,11,23,3,37,0,12,127,0,139,0,23,150,3,176,108,6,114,290
07/13/2001,GON,CT,ANE,EN,Federal Contract Tower,0,11,23,3,37,0,10,142,12,164,0,21,165,15,201,180,8,188,389
07/14/2001,GON,CT,ANE,EN,Federal Contract Tower,0,9,21,3,33,0,7,208,3,218,0,16,229,6,251,160,0,160,411
07/15/2001,GON,CT,ANE,EN,Federal Contract Tower,0,7,15,1,23,0,19,195,8,222,0,26,210,9,245,216,4,220,465
07/16/2001,GON,CT,ANE,EN,Federal Contract Tower,0,9,23,2,34,0,19,163,6,188,0,28,186,8,222,92,2,94,316
07/17/2001,GON,CT,ANE,EN,Federal Contract Tower,0,12,32,3,47,0,0,47,5,52,0,12,79,8,99,62,0,62,161
07/18/2001,GON,CT,ANE,EN,Federal Contract Tower,0,17,39,3,59,0,1,65,8,74,0,18,104,11,133,110,0,110,243
07/19/2001,GON,CT,ANE,EN,Federal Contract Tower,0,10,24,2,36,0,3,133,3,139,0,13,157,5,175,90,0,90,265
07/20/2001,GON,CT,ANE,EN,Federal Contract Tower,0,9,20,1,30,0,7,147,3,157,0,16,167,4,187,168,0,168,355
07/21/2001,GON,CT,ANE,EN,Federal Contract Tower,0,8,17,1,26,0,10,190,10,210,0,18,207,11,236,176,6,182,418
07/22/2001,GON,CT,ANE,EN,Federal Contract Tower,0,12,26,2,40,0,12,178,3,193,0,24,204,5,233,196,4,200,433
07/23/2001,GON,CT,ANE,EN,Federal Contract Tower,0,9,20,1,30,0,8,103,3,114,0,17,123,4,144,146,10,156,300
07/24/2001,GON,CT,ANE,EN,Federal Contract Tower,0,9,22,2,33,0,1,61,6,68,0,10,83,8,101,90,0,90,191
07/25/2001,GON,CT,ANE,EN,Federal Contract Tower,0,10,23,2,35,1,20,87,3,111,1,30,110,5,146,116,0,116,262
07/26/2001,GON,CT,ANE,EN,Federal Contract Tower,0,14,39,3,56,1,0,18,1,20,1,14,57,4,76,46,0,46,122
07/27/2001,GON,CT,ANE,EN,Federal Contract Tower,0,9,22,2,33,0,16,167,10,193,0,25,189,12,226,182,6,188,414
07/28/2001,GON,CT,ANE,EN,Federal Contract Tower,0,8,19,1,28,0,11,121,2,134,0,19,140,3,162,150,8,158,320
07/29/2001,GON,CT,ANE,EN,Federal Contract Tower,0,10,21,1,32,0,7,171,0,178,0,17,192,1,210,180,2,182,392
07/30/2001,GON,CT,ANE,EN,Federal Contract Tower,0,9,20,1,30,0,12,109,2,123,0,21,129,3,153,158,0,158,311
07/31/2001,GON,CT,ANE,EN,Federal Contract Tower,0,9,22,2,33,0,3,143,1,147,0,12,165,3,180,128,0,128,308
08/01/2001,GON,CT,ANE,EN,Federal Contract Tower,0,10,21,3,34,0,11,109,12,132,0,21,130,15,166,98,18,116,282
08/02/2001,GON,CT,ANE,EN,Federal Contract Tower,0,9,17,2,28,0,4,120,4,128,0,13,137,6,156,130,6,136,292
08/03/2001,GON,CT,ANE,EN,Federal Contract Tower,0,11,21,3,35,0,13,91,3,107,0,24,112,6,142,158,0,158,300
08/04/2001,GON,CT,ANE,EN,Federal Contract Tower,0,9,18,2,29,0,0,48,1,49,0,9,66,3,78,188,0,188,266
08/05/2001,GON,CT,ANE,EN,Federal Contract Tower,0,15,29,3,47,0,7,74,0,81,0,22,103,3,128,136,0,136,264
08/06/2001,GON,CT,ANE,EN,Federal Contract Tower,0,13,24,0,37,0,7,51,0,58,0,20,75,0,95,54,0,54,149
08/07/2001,GON,CT,ANE,EN,Federal Contract Tower,0,15,31,4,50,0,3,51,4,58,0,18,82,8,108,32,8,40,148
08/08/2001,GON,CT,ANE,EN,Federal Contract Tower,0,12,23,3,38,0,5,90,3,98,0,17,113,6,136,148,6,154,290
08/09/2001,GON,CT,ANE,EN,Federal Contract Tower,0,7,16,3,26,0,12,107,0,119,0,19,123,3,145,130,10,140,285
08/10/2001,GON,CT,ANE,EN,Federal Contract Tower,0,13,29,0,42,0,1,31,0,32,0,14,60,0,74,14,2,16,90
08/11/2001,GON,CT,ANE,EN,Federal Contract Tower,0,10,19,3,32,0,4,63,2,69,0,14,82,5,101,140,8,148,249
08/12/2001,GON,CT,ANE,EN,Federal Contract Tower,0,13,28,0,41,0,2,2,0,4,0,15,30,0,45,4,0,4,49
08/13/2001,GON,CT,ANE,EN,Federal Contract Tower,0,17,36,2,55,0,2,31,0,33,0,19,67,2,88,54,0,54,142
08/14/2001,GON,CT,ANE,EN,Federal Contract Tower,0,11,23,4,38,0,4,110,1,115,0,15,133,5,153,174,0,174,327
08/15/2001,GON,CT,ANE,EN,Federal Contract Tower,0,8,18,3,29,0,12,183,0,195,0,20,201,3,224,184,4,188,412
08/16/2001,GON,CT,ANE,EN,Federal Contract Tower,0,10,22,4,36,0,11,173,2,186,0,21,195,6,222,180,2,182,404
08/17/2001,GON,CT,ANE,EN,Federal Contract Tower,0,16,36,5,57,0,12,59,10,81,0,28,95,15,138,164,0,164,302
08/18/2001,GON,CT,ANE,EN,Federal Contract Tower,0,11,25,3,39,0,1,202,2,205,0,12,227,5,244,166,2,168,412
08/19/2001,GON,CT,ANE,EN,Federal Contract Tower,0,16,35,5,56,0,3,59,0,62,0,19,94,5,118,64,10,74,192
08/20/2001,GON,CT,ANE,EN,Federal Contract Tower,0,19,38,10,67,0,0,28,0,28,0,19,66,10,95,46,10,56,151
08/21/2001,GON,CT,ANE,EN,Federal Contract Tower,0,10,31,5,46,0,10,141,2,153,0,20,172,7,199,112,0,112,311
08/22/2001,GON,CT,ANE,EN,Federal Contract Tower,0,10,16,3,29,0,8,126,3,137,0,18,142,6,166,114,0,114,280
08/23/2001,GON,CT,ANE,EN,Federal Contract Tower,0,9,19,0,28,0,13,81,0,94,0,22,100,0,122,130,0,130,252
08/24/2001,GON,CT,ANE,EN,Federal Contract Tower,0,11,34,2,47,0,10,95,6,111,0,21,129,8,158,96,0,96,254
08/25/2001,GON,CT,ANE,EN,Federal Contract Tower,0,6,15,4,25,0,5,181,5,191,0,11,196,9,216,134,24,158,374
08/26/2001,GON,CT,ANE,EN,Federal Contract Tower,0,16,36,5,57,0,7,131,1,139,0,23,167,6,196,144,0,144,340
08/27/2001,GON,CT,ANE,EN,Federal Contract Tower,0,12,27,3,42,0,6,42,2,50,0,18,69,5,92,122,0,122,214
08/28/2001,GON,CT,ANE,EN,Federal Contract Tower,0,13,30,2,45,0,0,70,2,72,0,13,100,4,117,52,0,52,169
08/29/2001,GON,CT,ANE,EN,Federal Contract Tower,0,16,20,4,40,0,6,126,0,132,0,22,146,4,172,138,12,150,322
08/30/2001,GON,CT,ANE,EN,Federal Contract Tower,0,10,31,7,48,0,8,159,2,169,0,18,190,9,217,198,4,202,419
08/31/2001,GON,CT,ANE,EN,Federal Contract Tower,0,9,37,4,50,0,17,90,3,110,0,26,127,7,160,180,18,198,358
09/01/2001,GON,CT,ANE,EN,Federal Contract Tower,0,5,15,1,21,0,4,100,0,104,0,9,115,1,125,92,0,92,217
09/02/2001,GON,CT,ANE,EN,Federal Contract Tower,0,4,13,0,17,0,7,158,0,165,0,11,171,0,182,216,2,218,400
09/03/2001,GON,CT,ANE,EN,Federal Contract Tower,0,5,19,0,24,0,14,158,0,172,0,19,177,0,196,110,0,110,306
09/04/2001,GON,CT,ANE,EN,Federal Contract Tower,0,16,23,2,41,0,10,57,12,79,0,26,80,14,120,120,16,136,256
09/05/2001,GON,CT,ANE,EN,Federal Contract Tower,0,11,12,5,28,0,5,123,21,149,0,16,135,26,177,118,32,150,327
09/06/2001,GON,CT,ANE,EN,Federal Contract Tower,0,10,24,10,44,0,3,148,5,156,0,13,172,15,200,104,10,114,314
09/07/2001,GON,CT,ANE,EN,Federal Contract Tower,0,12,17,3,32,0,2,121,0,123,0,14,138,3,155,130,0,130,285
09/08/2001,GON,CT,ANE,EN,Federal Contract Tower,0,17,18,5,40,0,4,147,8,159,0,21,165,13,199,124,10,134,333
09/09/2001,GON,CT,ANE,EN,Federal Contract Tower,0,7,9,4,20,0,2,114,10,126,0,9,123,14,146,138,6,144,290
09/10/2001,GON,CT,ANE,EN,Federal Contract Tower,0,12,13,2,27,0,0,58,4,62,0,12,71,6,89,144,16,160,249
09/11/2001,GON,CT,ANE,EN,Federal Contract Tower,0,1,1,4,6,0,3,9,0,12,0,4,10,4,18,4,0,4,22
09/12/2001,GON,CT,ANE,EN,Federal Contract Tower,0,0,1,4,5,0,0,0,0,0,0,0,1,4,5,0,2,2,7
09/13/2001,GON,CT,ANE,EN,Federal Contract Tower,0,2,1,2,5,0,0,0,0,0,0,2,1,2,5,0,0,0,5
09/14/2001,GON,CT,ANE,EN,Federal Contract Tower,0,13,2,2,17,0,0,0,0,0,0,13,2,2,17,0,0,0,17
09/15/2001,GON,CT,ANE,EN,Federal Contract Tower,0,10,39,1,50,0,0,0,0,0,0,10,39,1,50,0,0,0,50
09/16/2001,GON,CT,ANE,EN,Federal Contract Tower,0,7,42,0,49,0,0,0,0,0,0,7,42,0,49,14,0,14,63
09/17/2001,GON,CT,ANE,EN,Federal Contract Tower,0,10,35,3,48,0,0,0,1,1,0,10,35,4,49,10,2,12,61
09/18/2001,GON,CT,ANE,EN,Federal Contract Tower,0,8,79,3,90,0,2,0,1,3,0,10,79,4,93,20,0,20,113
09/19/2001,GON,CT,ANE,EN,Federal Contract Tower,0,8,55,11,74,0,0,0,0,0,0,8,55,11,74,4,4,8,82
09/20/2001,GON,CT,ANE,EN,Federal Contract Tower,0,9,18,3,30,0,0,6,0,6,0,9,24,3,36,10,2,12,48
09/21/2001,GON,CT,ANE,EN,Federal Contract Tower,0,11,38,0,49,0,7,0,1,8,0,18,38,1,57,6,0,6,63
09/22/2001,GON,CT,ANE,EN,Federal Contract Tower,0,11,62,2,75,0,1,37,0,38,0,12,99,2,113,78,2,80,193
09/23/2001,GON,CT,ANE,EN,Federal Contract Tower,0,11,55,1,67,0,2,61,2,65,0,13,116,3,132,124,4,128,260
09/24/2001,GON,CT,ANE,EN,Federal Contract Tower,0,15,44,0,59,0,0,0,0,0,0,15,44,0,59,16,0,16,75
09/25/2001,GON,CT,ANE,EN,Federal Contract Tower,0,8,26,5,39,0,0,2,2,4,0,8,28,7,43,4,0,4,47
09/26/2001,GON,CT,ANE,EN,Federal Contract Tower,0,8,35,11,54,0,2,85,6,93,0,10,120,17,147,120,22,142,289
09/27/2001,GON,CT,ANE,EN,Federal Contract Tower,0,9,20,3,32,0,4,105,0,109,0,13,125,3,141,82,4,86,227
09/28/2001,GON,CT,ANE,EN,Federal Contract Tower,0,18,26,1,45,0,3,69,3,75,0,21,95,4,120,126,0,126,246
09/29/2001,GON,CT,ANE,EN,Federal Contract Tower,0,3,29,2,34,0,0,21,7,28,0,3,50,9,62,44,22,66,128
09/30/2001,GON,CT,ANE,EN,Federal Contract Tower,0,2,36,1,39,0,5,28,4,37,0,7,64,5,76,12,0,12,88
10/01/2001,GON,CT,ANE,EN,Federal Contract Tower,0,14,22,1,37,0,0,41,4,45,0,14,63,5,82,56,0,56,138
10/02/2001,GON,CT,ANE,EN,Federal Contract Tower,0,7,28,11,46,0,2,118,22,142,0,9,146,33,188,112,20,132,320
10/03/2001,GON,CT,ANE,EN,Federal Contract Tower,0,15,29,1,45,0,3,102,6,111,0,18,131,7,156,138,4,142,298
10/04/2001,GON,CT,ANE,EN,Federal Contract Tower,0,15,34,3,52,0,1,84,9,94,0,16,118,12,146,130,4,134,280
10/05/2001,GON,CT,ANE,EN,Federal Contract Tower,0,13,28,2,43,0,11,85,6,102,0,24,113,8,145,124,0,124,269
10/06/2001,GON,CT,ANE,EN,Federal Contract Tower,0,4,9,2,15,0,1,18,0,19,0,5,27,2,34,30,0,30,64
10/07/2001,GON,CT,ANE,EN,Federal Contract Tower,0,15,16,0,31,0,0,109,2,111,0,15,125,2,142,84,12,96,238
10/08/2001,GON,CT,ANE,EN,Federal Contract Tower,0,9,13,0,22,0,4,76,0,80,0,13,89,0,102,50,0,50,152
10/09/2001,GON,CT,ANE,EN,Federal Contract Tower,0,7,24,2,33,0,1,93,3,97,0,8,117,5,130,96,12,108,238
10/10/2001,GON,CT,ANE,EN,Federal Contract Tower,0,6,18,2,26,0,7,111,5,123,0,13,129,7,149,140,2,142,291
10/11/2001,GON,CT,ANE,EN,Federal Contract Tower,2,12,37,5,56,0,4,96,5,105,2,16,133,10,161,128,4,132,293
10/12/2001,GON,CT,ANE,EN,Federal Contract Tower,0,10,37,9,56,0,2,85,3,90,0,12,122,12,146,122,0,122,268
10/13/2001,GON,CT,ANE,EN,Federal Contract Tower,0,3,36,6,45,0,2,42,17,61,0,5,78,23,106,32,10,42,148
10/14/2001,GON,CT,ANE,EN,Federal Contract Tower,0,8,28,0,36,0,0,0,0,0,0,8,28,0,36,10,0,10,46
10/15/2001,GON,CT,ANE,EN,Federal Contract Tower,0,10,36,4,50,0,4,78,2,84,0,14,114,6,134,58,0,58,192
10/16/2001,GON,CT,ANE,EN,Federal Contract Tower,0,4,18,2,24,0,0,66,4,70,0,4,84,6,94,102,6,108,202
10/17/2001,GON,CT,ANE,EN,Federal Contract Tower,0,11,10,1,22,0,2,17,2,21,0,13,27,3,43,2,0,2,45
10/18/2001,GON,CT,ANE,EN,Federal Contract Tower,2,6,23,4,35,0,1,115,2,118,2,7,138,6,153,94,4,98,251
10/19/2001,GON,CT,ANE,EN,Federal Contract Tower,0,8,32,4,44,0,3,92,3,98,0,11,124,7,142,152,0,152,294
10/20/2001,GON,CT,ANE,EN,Federal Contract Tower,0,5,43,8,56,0,1,121,27,149,0,6,164,35,205,116,2,118,323
10/21/2001,GON,CT,ANE,EN,Federal Contract Tower,0,7,40,4,51,0,2,97,2,101,0,9,137,6,152,116,8,124,276
10/22/2001,GON,CT,ANE,EN,Federal Contract Tower,0,8,13,6,27,0,4,97,5,106,0,12,110,11,133,104,0,104,237
10/23/2001,GON,CT,ANE,EN,Federal Contract Tower,0,7,36,3,46,0,0,59,0,59,0,7,95,3,105,96,0,96,201
10/24/2001,GON,CT,ANE,EN,Federal Contract Tower,0,15,21,3,39,0,0,47,5,52,0,15,68,8,91,64,6,70,161
10/25/2001,GON,CT,ANE,EN,Federal Contract Tower,0,16,28,3,47,0,1,27,2,30,0,17,55,5,77,30,2,32,109
10/26/2001,GON,CT,ANE,EN,Federal Contract Tower,0,10,18,1,29,0,2,58,0,60,0,12,76,1,89,20,0,20,109
10/27/2001,GON,CT,ANE,EN,Federal Contract Tower,0,4,8,0,12,0,1,93,0,94,0,5,101,0,106,82,2,84,190
10/28/2001,GON,CT,ANE,EN,Federal Contract Tower,0,10,18,0,28,0,0,120,2,122,0,10,138,2,150,154,0,154,304
10/29/2001,GON,CT,ANE,EN,Federal Contract Tower,0,12,24,2,38,0,6,110,5,121,0,18,134,7,159,176,2,178,337
10/30/2001,GON,CT,ANE,EN,Federal Contract Tower,0,6,18,5,29,0,4,76,4,84,0,10,94,9,113,130,10,140,253
10/31/2001,GON,CT,ANE,EN,Federal Contract Tower,0,12,0,1,13,0,0,0,2,2,0,12,0,3,15,0,0,0,15
11/01/2001,GON,CT,ANE,EN,Federal Contract Tower,0,6,1,4,11,0,0,0,2,2,0,6,1,6,13,4,0,4,17
11/02/2001,GON,CT,ANE,EN,Federal Contract Tower,0,6,8,4,18,0,3,25,6,34,0,9,33,10,52,4,0,4,56
11/03/2001,GON,CT,ANE,EN,Federal Contract Tower,0,8,0,5,13,0,2,0,11,13,0,10,0,16,26,2,4,6,32
11/04/2001,GON,CT,ANE,EN,Federal Contract Tower,0,11,0,4,15,0,2,0,0,2,0,13,0,4,17,6,0,6,23
11/05/2001,GON,CT,ANE,EN,Federal Contract Tower,0,4,0,2,6,0,3,0,0,3,0,7,0,2,9,2,2,4,13
11/06/2001,GON,CT,ANE,EN,Federal Contract Tower,0,11,0,4,15,0,0,0,2,2,0,11,0,6,17,0,8,8,25
11/07/2001,GON,CT,ANE,EN,Federal Contract Tower,0,13,11,1,25,0,5,34,3,42,0,18,45,4,67,14,0,14,81
11/08/2001,GON,CT,ANE,EN,Federal Contract Tower,0,10,19,4,33,0,1,93,8,102,0,11,112,12,135,154,14,168,303
11/09/2001,GON,CT,ANE,EN,Federal Contract Tower,0,12,14,0,26,0,3,29,2,34,0,15,43,2,60,32,4,36,96
11/10/2001,GON,CT,ANE,EN,Federal Contract Tower,0,3,22,2,27,0,1,105,4,110,0,4,127,6,137,138,10,148,285
11/11/2001,GON,CT,ANE,EN,Federal Contract Tower,0,5,13,0,18,0,3,51,3,57,0,8,64,3,75,46,2,48,123
11/12/2001,GON,CT,ANE,EN,Federal Contract Tower,0,13,16,0,29,0,1,56,0,57,0,14,72,0,86,84,2,86,172
11/13/2001,GON,CT,ANE,EN,Federal Contract Tower,0,8,23,2,33,0,4,50,3,57,0,12,73,5,90,66,0,66,156
11/14/2001,GON,CT,ANE,EN,Federal Contract Tower,0,12,16,5,33,0,2,67,3,72,0,14,83,8,105,84,2,86,191
11/15/2001,GON,CT,ANE,EN,Federal Contract Tower,0,5,37,12,54,0,1,56,0,57,0,6,93,12,111,88,16,104,215
11/16/2001,GON,CT,ANE,EN,Federal Contract Tower,0,18,20,3,41,0,2,89,2,93,0,20,109,5,134,116,16,132,266
11/17/2001,GON,CT,ANE,EN,Federal Contract Tower,0,8,36,2,46,0,2,131,5,138,0,10,167,7,184,108,16,124,308
11/18/2001,GON,CT,ANE,EN,Federal Contract Tower,0,11,19,0,30,0,1,122,4,127,0,12,141,4,157,104,16,120,277
11/19/2001,GON,CT,ANE,EN,Federal Contract Tower,0,14,15,3,32,0,0,62,0,62,0,14,77,3,94,80,0,80,174
11/20/2001,GON,CT,ANE,EN,Federal Contract Tower,0,11,36,3,50,0,2,21,2,25,0,13,57,5,75,42,20,62,137
11/21/2001,GON,CT,ANE,EN,Federal Contract Tower,0,9,27,4,40,0,5,109,3,117,0,14,136,7,157,116,6,122,279
11/22/2001,GON,CT,ANE,EN,Federal Contract Tower,0,1,1,0,2,0,0,22,0,22,0,1,23,0,24,26,2,28,52
11/23/2001,GON,CT,ANE,EN,Federal Contract Tower,0,4,15,0,19,0,0,99,2,101,0,4,114,2,120,98,16,114,234
11/24/2001,GON,CT,ANE,EN,Federal Contract Tower,0,3,15,0,18,0,0,24,0,24,0,3,39,0,42,50,0,50,92
11/25/2001,GON,CT,ANE,EN,Federal Contract Tower,0,11,25,0,36,0,2,0,0,2,0,13,25,0,38,40,0,40,78
11/26/2001,GON,CT,ANE,EN,Federal Contract Tower,0,9,20,10,39,0,7,57,0,64,0,16,77,10,103,66,6,72,175
11/27/2001,GON,CT,ANE,EN,Federal Contract Tower,0,7,19,17,43,0,0,75,3,78,0,7,94,20,121,86,14,100,221
11/28/2001,GON,CT,ANE,EN,Federal Contract Tower,0,13,18,10,41,0,0,37,3,40,0,13,55,13,81,76,0,76,157
11/29/2001,GON,CT,ANE,EN,Federal Contract Tower,0,9,19,16,44,0,0,3,0,3,0,9,22,16,47,4,2,6,53
11/30/2001,GON,CT,ANE,EN,Federal Contract Tower,0,16,18,6,40,0,0,12,0,12,0,16,30,6,52,44,0,44,96
12/01/2001,GON,CT,ANE,EN,Federal Contract Tower,0,4,28,6,38,0,0,108,8,116,0,4,136,14,154,88,4,92,246
12/02/2001,GON,CT,ANE,EN,Federal Contract Tower,0,6,17,3,26,0,5,119,3,127,0,11,136,6,153,88,0,88,241
12/03/2001,GON,CT,ANE,EN,Federal Contract Tower,0,10,14,5,29,0,2,85,3,90,0,12,99,8,119,90,0,90,209
12/04/2001,GON,CT,ANE,EN,Federal Contract Tower,0,6,23,0,29,0,0,105,3,108,0,6,128,3,137,122,10,132,269
12/05/2001,GON,CT,ANE,EN,Federal Contract Tower,0,14,15,3,32,0,0,78,1,79,0,14,93,4,111,136,2,138,249
12/06/2001,GON,CT,ANE,EN,Federal Contract Tower,0,7,25,2,34,0,1,69,4,74,0,8,94,6,108,48,0,48,156
12/07/2001,GON,CT,ANE,EN,Federal Contract Tower,0,10,22,2,34,0,4,72,3,79,0,14,94,5,113,98,0,98,211
12/08/2001,GON,CT,ANE,EN,Federal Contract Tower,0,7,18,0,25,0,5,112,1,118,0,12,130,1,143,58,8,66,209
12/09/2001,GON,CT,ANE,EN,Federal Contract Tower,0,9,12,1,22,0,1,18,0,19,0,10,30,1,41,38,0,38,79
12/10/2001,GON,CT,ANE,EN,Federal Contract Tower,0,10,15,5,30,0,1,69,1,71,0,11,84,6,101,96,6,102,203
12/11/2001,GON,CT,ANE,EN,Federal Contract Tower,0,9,19,8,36,0,0,62,8,70,0,9,81,16,106,78,2,80,186
12/12/2001,GON,CT,ANE,EN,Federal Contract Tower,0,11,29,2,42,0,5,62,5,72,0,16,91,7,114,132,0,132,246
12/13/2001,GON,CT,ANE,EN,Federal Contract Tower,0,9,19,4,32,0,0,0,0,0,0,9,19,4,32,6,2,8,40
12/14/2001,GON,CT,ANE,EN,Federal Contract Tower,1,5,25,3,34,0,1,11,0,12,1,6,36,3,46,20,2,22,68
12/15/2001,GON,CT,ANE,EN,Federal Contract Tower,0,6,11,1,18,0,2,34,3,39,0,8,45,4,57,74,16,90,147
12/16/2001,GON,CT,ANE,EN,Federal Contract Tower,1,7,20,1,29,0,0,123,12,135,1,7,143,13,164,128,0,128,292
12/17/2001,GON,CT,ANE,EN,Federal Contract Tower,0,18,12,8,38,0,1,13,4,18,0,19,25,12,56,2,10,12,68
12/18/2001,GON,CT,ANE,EN,Federal Contract Tower,0,7,11,2,20,0,0,8,0,8,0,7,19,2,28,16,0,16,44
12/19/2001,GON,CT,ANE,EN,Federal Contract Tower,0,8,20,2,30,0,0,98,14,112,0,8,118,16,142,96,32,128,270
12/20/2001,GON,CT,ANE,EN,Federal Contract Tower,0,8,11,2,21,0,1,50,5,56,0,9,61,7,77,80,0,80,157
12/21/2001,GON,CT,ANE,EN,Federal Contract Tower,0,8,11,1,20,0,1,38,0,39,0,9,49,1,59,32,0,32,91
12/22/2001,GON,CT,ANE,EN,Federal Contract Tower,0,3,9,0,12,0,1,109,0,110,0,4,118,0,122,86,0,86,208
12/23/2001,GON,CT,ANE,EN,Federal Contract Tower,0,2,6,0,8,0,0,107,0,107,0,2,113,0,115,90,0,90,205
12/24/2001,GON,CT,ANE,EN,Federal Contract Tower,0,1,3,0,4,0,2,3,0,5,0,3,6,0,9,2,0,2,11
12/25/2001,GON,CT,ANE,EN,Federal Contract Tower,0,3,14,0,17,0,0,0,0,0,0,3,14,0,17,20,0,20,37
12/26/2001,GON,CT,ANE,EN,Federal Contract Tower,0,8,17,0,25,0,1,70,5,76,0,9,87,5,101,92,16,108,209
12/27/2001,GON,CT,ANE,EN,Federal Contract Tower,0,8,30,1,39,0,0,75,4,79,0,8,105,5,118,66,38,104,222
12/28/2001,GON,CT,ANE,EN,Federal Contract Tower,0,5,16,0,21,0,1,49,0,50,0,6,65,0,71,34,2,36,107
12/29/2001,GON,CT,ANE,EN,Federal Contract Tower,0,5,12,0,17,0,1,55,0,56,0,6,67,0,73,18,0,18,91
12/30/2001,GON,CT,ANE,EN,Federal Contract Tower,0,6,9,0,15,0,0,44,0,44,0,6,53,0,59,12,2,14,73
12/31/2001,GON,CT,ANE,EN,Federal Contract Tower,0,3,10,0,13,0,0,55,4,59,0,3,65,4,72,48,18,66,138
01/01/2002,GON,CT,ANE,EN,Federal Contract Tower,0,7,5,0,12,0,0,54,2,56,0,7,59,2,68,30,0,30,98
01/02/2002,GON,CT,ANE,EN,Federal Contract Tower,0,12,10,0,22,0,0,43,4,47,0,12,53,4,69,32,10,42,111
01/03/2002,GON,CT,ANE,EN,Federal Contract Tower,0,14,23,10,47,0,0,89,2,91,0,14,112,12,138,60,8,68,206
01/04/2002,GON,CT,ANE,EN,Federal Contract Tower,0,10,14,2,26,0,1,103,2,106,0,11,117,4,132,102,0,102,234
01/05/2002,GON,CT,ANE,EN,Federal Contract Tower,0,3,15,3,21,0,0,109,2,111,0,3,124,5,132,84,8,92,224
01/06/2002,GON,CT,ANE,EN,Federal Contract Tower,0,5,12,5,22,0,0,45,3,48,0,5,57,8,70,72,4,76,146
01/07/2002,GON,CT,ANE,EN,Federal Contract Tower,0,8,12,2,22,0,0,7,1,8,0,8,19,3,30,16,0,16,46
01/08/2002,GON,CT,ANE,EN,Federal Contract Tower,0,6,18,0,24,0,1,44,4,49,0,7,62,4,73,2,66,68,141
01/09/2002,GON,CT,ANE,EN,Federal Contract Tower,0,12,12,2,26,0,0,27,8,35,0,12,39,10,61,22,18,40,101
01/10/2002,GON,CT,ANE,EN,Federal Contract Tower,0,7,17,5,29,0,2,80,3,85,0,9,97,8,114,92,4,96,210
01/11/2002,GON,CT,ANE,EN,Federal Contract Tower,0,13,13,0,26,0,4,29,0,33,0,17,42,0,59,2,54,56,115
01/12/2002,GON,CT,ANE,EN,Federal Contract Tower,0,3,21,0,24,0,3,109,11,123,0,6,130,11,147,96,8,104,251
01/13/2002,GON,CT,ANE,EN,Federal Contract Tower,0,6,1,0,7,0,0,1,0,1,0,6,2,0,8,0,0,0,8
01/14/2002,GON,CT,ANE,EN,Federal Contract Tower,0,8,18,0,26,0,2,79,6,87,0,10,97,6,113,84,30,114,227
01/15/2002,GON,CT,ANE,EN,Federal Contract Tower,0,6,12,4,22,0,0,9,0,9,0,6,21,4,31,2,0,2,33
01/16/2002,GON,CT,ANE,EN,Federal Contract Tower,0,7,16,7,30,0,0,74,2,76,0,7,90,9,106,66,0,66,172
01/17/2002,GON,CT,ANE,EN,Federal Contract Tower,0,5,15,7,27,0,0,24,2,26,0,5,39,9,53,40,0,40,93
01/18/2002,GON,CT,ANE,EN,Federal Contract Tower,0,7,10,3,20,0,4,86,5,95,0,11,96,8,115,70,20,90,205
01/19/2002,GON,CT,ANE,EN,Federal Contract Tower,0,3,10,3,16,0,0,63,2,65,0,3,73,5,81,52,0,52,133
01/20/2002,GON,CT,ANE,EN,Federal Contract Tower,0,5,4,1,10,0,1,70,3,74,0,6,74,4,84,60,10,70,154
01/21/2002,GON,CT,ANE,EN,Federal Contract Tower,0,12,8,0,20,0,1,18,0,19,0,13,26,0,39,20,0,20,59
01/22/2002,GON,CT,ANE,EN,Federal Contract Tower,0,5,11,6,22,0,0,66,9,75,0,5,77,15,97,58,6,64,161
01/23/2002,GON,CT,ANE,EN,Federal Contract Tower,0,6,12,4,22,0,1,37,1,39,0,7,49,5,61,82,4,86,147
01/24/2002,GON,CT,ANE,EN,Federal Contract Tower,0,7,8,2,17,0,0,0,0,0,0,7,8,2,17,0,0,0,17
01/25/2002,GON,CT,ANE,EN,Federal Contract Tower,0,9,22,0,31,0,4,79,5,88,0,13,101,5,119,74,0,74,193
01/26/2002,GON,CT,ANE,EN,Federal Contract Tower,0,6,14,0,20,0,3,100,1,104,0,9,114,1,124,70,2,72,196
01/27/2002,GON,CT,ANE,EN,Federal Contract Tower,0,6,10,0,16,0,2,159,1,162,0,8,169,1,178,114,12,126,304
01/28/2002,GON,CT,ANE,EN,Federal Contract Tower,0,9,13,4,26,0,0,80,3,83,0,9,93,7,109,76,0,76,185
01/29/2002,GON,CT,ANE,EN,Federal Contract Tower,0,9,20,2,31,0,0,124,7,131,0,9,144,9,162,72,4,76,238
01/30/2002,GON,CT,ANE,EN,Federal Contract Tower,0,18,18,2,38,0,1,22,0,23,0,19,40,2,61,38,2,40,101
01/31/2002,GON,CT,ANE,EN,Federal Contract Tower,0,8,9,0,17,0,1,8,0,9,0,9,17,0,26,24,0,24,50
02/01/2002,GON,CT,ANE,EN,Federal Contract Tower,0,12,14,0,26,0,0,0,0,0,0,12,14,0,26,4,0,4,30
02/02/2002,GON,CT,ANE,EN,Federal Contract Tower,0,4,10,3,17,0,1,63,3,67,0,5,73,6,84,38,2,40,124
02/03/2002,GON,CT,ANE,EN,Federal Contract Tower,0,6,19,0,25,0,1,92,11,104,0,7,111,11,129,80,8,88,217
02/04/2002,GON,CT,ANE,EN,Federal Contract Tower,0,12,11,2,25,0,1,66,5,72,0,13,77,7,97,66,2,68,165
02/05/2002,GON,CT,ANE,EN,Federal Contract Tower,0,5,13,7,25,0,1,45,5,51,0,6,58,12,76,36,12,48,124
02/06/2002,GON,CT,ANE,EN,Federal Contract Tower,0,12,20,0,32,0,1,71,19,91,0,13,91,19,123,108,8,116,239
02/07/2002,GON,CT,ANE,EN,Federal Contract Tower,0,13,16,4,33,0,0,19,3,22,0,13,35,7,55,66,0,66,121
02/08/2002,GON,CT,ANE,EN,Federal Contract Tower,0,7,11,3,21,0,4,95,15,114,0,11,106,18,135,146,6,152,287
02/09/2002,GON,CT,ANE,EN,Federal Contract Tower,0,3,12,0,15,0,1,172,0,173,0,4,184,0,188,88,0,88,276
02/10/2002,GON,CT,ANE,EN,Federal Contract Tower,0,6,16,2,24,0,0,12,5,17,0,6,28,7,41,74,6,80,121
02/11/2002,GON,CT,ANE,EN,Federal Contract Tower,0,10,4,0,14,0,0,6,0,6,0,10,10,0,20,16,0,16,36
02/12/2002,GON,CT,ANE,EN,Federal Contract Tower,0,9,15,5,29,0,0,44,5,49,0,9,59,10,78,46,0,46,124
02/13/2002,GON,CT,ANE,EN,Federal Contract Tower,0,11,9,11,31,0,0,46,10,56,0,11,55,21,87,28,8,36,123
02/14/2002,GON,CT,ANE,EN,Federal Contract Tower,0,6,17,1,24,0,2,121,10,133,0,8,138,11,157,122,12,134,291
02/15/2002,GON,CT,ANE,EN,Federal Contract Tower,0,8,13,3,24,0,1,58,8,67,0,9,71,11,91,70,9,79,170
02/16/2002,GON,CT,ANE,EN,Federal Contract Tower,0,3,14,0,17,0,1,95,4,100,0,4,109,4,117,74,4,78,195
02/17/2002,GON,CT,ANE,EN,Federal Contract Tower,0,10,5,2,17,0,0,0,0,0,0,10,5,2,17,4,0,4,21
02/18/2002,GON,CT,ANE,EN,Federal Contract Tower,0,9,13,0,22,0,0,68,9,77,0,9,81,9,99,74,0,74,173
02/19/2002,GON,CT,ANE,EN,Federal Contract Tower,0,5,7,7,19,0,0,107,2,109,0,5,114,9,128,98,14,112,240
02/20/2002,GON,CT,ANE,EN,Federal Contract Tower,0,14,9,4,27,0,4,80,0,84,0,18,89,4,111,66,10,76,187
02/21/2002,GON,CT,ANE,EN,Federal Contract Tower,0,2,5,2,9,0,0,0,0,0,0,2,5,2,9,2,6,8,17
02/22/2002,GON,CT,ANE,EN,Federal Contract Tower,0,10,21,7,38,0,3,79,10,92,0,13,100,17,130,86,12,98,228
02/23/2002,GON,CT,ANE,EN,Federal Contract Tower,0,10,25,0,35,0,1,106,3,110,0,11,131,3,145,156,2,158,303
02/24/2002,GON,CT,ANE,EN,Federal Contract Tower,0,9,19,2,30,0,1,159,6,166,0,10,178,8,196,108,64,172,368
02/25/2002,GON,CT,ANE,EN,Federal Contract Tower,0,11,11,0,22,0,1,76,5,82,0,12,87,5,104,124,0,124,228
02/26/2002,GON,CT,ANE,EN,Federal Contract Tower,0,6,15,1,22,0,0,48,1,49,0,6,63,2,71,44,8,52,123
02/27/2002,GON,CT,ANE,EN,Federal Contract Tower,0,5,17,4,26,0,0,3,0,3,0,5,20,4,29,14,0,14,43
02/28/2002,GON,CT,ANE,EN,Federal Contract Tower,0,5,9,1,15,0,3,65,13,81,0,8,74,14,96,54,2,56,152
03/01/2002,GON,CT,ANE,EN,Federal Contract Tower,0,7,20,5,32,0,0,103,2,105,0,7,123,7,137,104,2,106,243
03/02/2002,GON,CT,ANE,EN,Federal Contract Tower,0,3,10,1,14,0,1,90,1,92,0,4,100,2,106,52,0,52,158
03/03/2002,GON,CT,ANE,EN,Federal Contract Tower,0,2,2,0,4,0,0,1,0,1,0,2,3,0,5,0,2,2,7
03/04/2002,GON,CT,ANE,EN,Federal Contract Tower,0,10,8,3,21,0,0,67,2,69,0,10,75,5,90,82,0,82,172
03/05/2002,GON,CT,ANE,EN,Federal Contract Tower,0,7,18,3,28,0,0,57,3,60,0,7,75,6,88,54,0,54,142
03/06/2002,GON,CT,ANE,EN,Federal Contract Tower,0,8,14,3,25,0,2,70,7,79,0,10,84,10,104,70,6,76,180
03/07/2002,GON,CT,ANE,EN,Federal Contract Tower,0,8,14,1,23,0,0,134,15,149,0,8,148,16,172,138,2,140,312
03/08/2002,GON,CT,ANE,EN,Federal Contract Tower,0,10,34,3,47,0,0,14,4,18,0,10,48,7,65,14,0,14,79
03/09/2002,GON,CT,ANE,EN,Federal Contract Tower,0,3,7,1,11,0,0,68,18,86,0,3,75,19,97,66,4,70,167
03/10/2002,GON,CT,ANE,EN,Federal Contract Tower,0,6,5,0,11,0,0,11,2,13,0,6,16,2,24,0,6,6,30
03/11/2002,GON,CT,ANE,EN,Federal Contract Tower,0,7,16,0,23,0,1,60,5,66,0,8,76,5,89,48,10,58,147
03/12/2002,GON,CT,ANE,EN,Federal Contract Tower,0,4,5,2,11,0,5,46,3,54,0,9,51,5,65,188,4,192,257
03/13/2002,GON,CT,ANE,EN,Federal Contract Tower,0,11,34,6,51,0,0,4,0,4,0,11,38,6,55,28,0,28,83
03/14/2002,GON,CT,ANE,EN,Federal Contract Tower,0,9,17,2,28,0,3,155,14,172,0,12,172,16,200,108,8,116,316
03/15/2002,GON,CT,ANE,EN,Federal Contract Tower,0,8,25,0,33,0,0,0,0,0,0,8,25,0,33,8,0,8,41
03/16/2002,GON,CT,ANE,EN,Federal Contract Tower,0,4,27,3,34,0,0,28,0,28,0,4,55,3,62,44,2,46,108
03/17/2002,GON,CT,ANE,EN,Federal Contract Tower,0,9,28,0,37,0,1,186,6,193,0,10,214,6,230,124,30,154,384
03/18/2002,GON,CT,ANE,EN,Federal Contract Tower,0,10,5,0,15,0,0,0,0,0,0,10,5,0,15,2,0,2,17
03/19/2002,GON,CT,ANE,EN,Federal Contract Tower,0,9,13,0,22,0,0,28,6,34,0,9,41,6,56,84,8,92,148
03/20/2002,GON,CT,ANE,EN,Federal Contract Tower,0,6,13,3,22,0,0,5,4,9,0,6,18,7,31,0,0,0,31
03/21/2002,GON,CT,ANE,EN,Federal Contract Tower,0,6,21,7,34,0,0,98,15,113,0,6,119,22,147,58,8,66,213
03/22/2002,GON,CT,ANE,EN,Federal Contract Tower,0,15,8,4,27,0,3,16,5,24,0,18,24,9,51,14,26,40,91
03/23/2002,GON,CT,ANE,EN,Federal Contract Tower,0,2,13,2,17,0,0,31,0,31,0,2,44,2,48,10,2,12,60
03/24/2002,GON,CT,ANE,EN,Federal Contract Tower,0,9,14,0,23,0,3,99,27,129,0,12,113,27,152,72,92,164,316
03/25/2002,GON,CT,ANE,EN,Federal Contract Tower,0,9,12,2,23,0,0,29,0,29,0,9,41,2,52,70,0,70,122
03/26/2002,GON,CT,ANE,EN,Federal Contract Tower,0,4,9,1,14,0,0,4,4,8,0,4,13,5,22,10,0,10,32
03/27/2002,GON,CT,ANE,EN,Federal Contract Tower,0,10,21,3,34,0,0,51,4,55,0,10,72,7,89,128,14,142,231
03/28/2002,GON,CT,ANE,EN,Federal Contract Tower,0,8,22,8,38,0,0,139,22,161,0,8,161,30,199,144,20,164,363
03/29/2002,GON,CT,ANE,EN,Federal Contract Tower,0,4,30,3,37,0,0,110,10,120,0,4,140,13,157,96,4,100,257
03/30/2002,GON,CT,ANE,EN,Federal Contract Tower,0,3,30,0,33,0,0,9,0,9,0,3,39,0,42,62,0,62,104
03/31/2002,GON,CT,ANE,EN,Federal Contract Tower,0,5,15,0,20,0,0,15,0,15,0,5,30,0,35,40,0,40,75
04/01/2002,GON,CT,ANE,EN,Federal Contract Tower,0,9,10,1,20,0,3,28,2,33,0,12,38,3,53,24,0,24,77
04/02/2002,GON,CT,ANE,EN,Federal Contract Tower,0,8,10,2,20,0,0,94,0,94,0,8,104,2,114,82,2,84,198
04/03/2002,GON,CT,ANE,EN,Federal Contract Tower,0,6,23,1,30,0,0,0,2,2,0,6,23,3,32,12,0,12,44
04/04/2002,GON,CT,ANE,EN,Federal Contract Tower,0,8,18,5,31,0,3,96,15,114,0,11,114,20,145,78,6,84,229
04/05/2002,GON,CT,ANE,EN,Federal Contract Tower,0,9,19,2,30,0,1,114,10,125,0,10,133,12,155,76,2,78,233
04/06/2002,GON,CT,ANE,EN,Federal Contract Tower,0,1,25,0,26,0,1,73,7,81,0,2,98,7,107,66,4,70,177
04/07/2002,GON,CT,ANE,EN,Federal Contract Tower,0,7,17,0,24,0,1,109,17,127,0,8,126,17,151,110,68,178,329
04/08/2002,GON,CT,ANE,EN,Federal Contract Tower,0,9,14,0,23,0,0,54,3,57,0,9,68,3,80,126,0,126,206
04/09/2002,GON,CT,ANE,EN,Federal Contract Tower,0,8,9,4,21,0,1,30,12,43,0,9,39,16,64,12,24,36,100
04/10/2002,GON,CT,ANE,EN,Federal Contract Tower,0,7,9,3,19,0,0,64,3,67,0,7,73,6,86,76,0,76,162
04/11/2002,GON,CT,ANE,EN,Federal Contract Tower,0,2,21,4,27,0,3,105,5,113,0,5,126,9,140,126,6,132,272
04/12/2002,GON,CT,ANE,EN,Federal Contract Tower,0,5,27,3,35,0,2,46,4,52,0,7,73,7,87,78,0,78,165
04/13/2002,GON,CT,ANE,EN,Federal Contract Tower,0,2,16,0,18,0,0,40,0,40,0,2,56,0,58,146,0,146,204
04/14/2002,GON,CT,ANE,EN,Federal Contract Tower,0,4,23,4,31,0,1,108,5,114,0,5,131,9,145,116,50,166,311
04/15/2002,GON,CT,ANE,EN,Federal Contract Tower,0,10,12,0,22,0,0,60,2,62,0,10,72,2,84,94,0,94,178
04/16/2002,GON,CT,ANE,EN,Federal Contract Tower,0,5,25,0,30,0,1,116,8,125,0,6,141,8,155,110,8,118,273
04/17/2002,GON,CT,ANE,EN,Federal Contract Tower,0,9,19,4,32,0,0,105,5,110,0,9,124,9,142,114,16,130,272
04/18/2002,GON,CT,ANE,EN,Federal Contract Tower,0,4,13,9,26,0,2,120,8,130,0,6,133,17,156,84,30,114,270
04/19/2002,GON,CT,ANE,EN,Federal Contract Tower,0,8,14,5,27,0,1,53,0,54,0,9,67,5,81,106,0,106,187
04/20/2002,GON,CT,ANE,EN,Federal Contract Tower,0,3,10,3,16,0,0,83,4,87,0,3,93,7,103,128,6,134,237
04/21/2002,GON,CT,ANE,EN,Federal Contract Tower,0,6,21,5,32,0,1,107,3,111,0,7,128,8,143,122,40,162,305
04/22/2002,GON,CT,ANE,EN,Federal Contract Tower,0,7,7,3,17,0,0,0,0,0,0,7,7,3,17,0,0,0,17
04/23/2002,GON,CT,ANE,EN,Federal Contract Tower,0,3,18,5,26,0,1,65,7,73,0,4,83,12,99,70,4,74,173
04/24/2002,GON,CT,ANE,EN,Federal Contract Tower,0,9,31,5,45,0,0,133,7,140,0,9,164,12,185,122,20,142,327
04/25/2002,GON,CT,ANE,EN,Federal Contract Tower,0,7,8,0,15,0,0,34,2,36,0,7,42,2,51,46,0,46,97
04/26/2002,GON,CT,ANE,EN,Federal Contract Tower,0,10,10,2,22,0,2,68,2,72,0,12,78,4,94,52,4,56,150
04/27/2002,GON,CT,ANE,EN,Federal Contract Tower,0,1,16,1,18,0,7,186,1,194,0,8,202,2,212,120,2,122,334
04/28/2002,GON,CT,ANE,EN,Federal Contract Tower,0,4,6,0,10,0,0,0,0,0,0,4,6,0,10,6,0,6,16
04/29/2002,GON,CT,ANE,EN,Federal Contract Tower,0,8,21,3,32,0,0,31,0,31,0,8,52,3,63,64,4,68,131
04/30/2002,GON,CT,ANE,EN,Federal Contract Tower,0,3,11,2,16,0,0,54,3,57,0,3,65,5,73,108,4,112,185
05/01/2002,GON,CT,ANE,EN,Federal Contract Tower,0,11,26,0,37,0,0,90,2,92,0,11,116,2,129,104,2,106,235
05/02/2002,GON,CT,ANE,EN,Federal Contract Tower,0,5,12,0,17,0,1,1,0,2,0,6,13,0,19,2,0,2,21
05/03/2002,GON,CT,ANE,EN,Federal Contract Tower,0,11,13,0,24,0,0,23,1,24,0,11,36,1,48,32,4,36,84
05/04/2002,GON,CT,ANE,EN,Federal Contract Tower,0,4,17,11,32,0,1,151,23,175,0,5,168,34,207,162,25,187,394
05/05/2002,GON,CT,ANE,EN,Federal Contract Tower,0,11,17,4,32,0,3,161,26,190,0,14,178,30,222,154,78,232,454
05/06/2002,GON,CT,ANE,EN,Federal Contract Tower,0,7,10,0,17,0,0,88,9,97,0,7,98,9,114,118,0,118,232
05/07/2002,GON,CT,ANE,EN,Federal Contract Tower,0,6,14,3,23,0,3,39,6,48,0,9,53,9,71,134,4,138,209
05/08/2002,GON,CT,ANE,EN,Federal Contract Tower,0,10,20,3,33,0,3,91,6,100,0,13,111,9,133,70,24,94,227
05/09/2002,GON,CT,ANE,EN,Federal Contract Tower,0,7,12,0,19,0,0,32,4,36,0,7,44,4,55,68,2,70,125
05/10/2002,GON,CT,ANE,EN,Federal Contract Tower,0,7,19,2,28,0,1,87,3,91,0,8,106,5,119,58,4,62,181
05/11/2002,GON,CT,ANE,EN,Federal Contract Tower,0,6,15,1,22,0,2,103,9,114,0,8,118,10,136,70,2,72,208
05/12/2002,GON,CT,ANE,EN,Federal Contract Tower,0,6,8,0,14,0,1,21,0,22,0,7,29,0,36,68,0,68,104
05/13/2002,GON,CT,ANE,EN,Federal Contract Tower,0,10,3,0,13,0,0,0,0,0,0,10,3,0,13,0,0,0,13
05/14/2002,GON,CT,ANE,EN,Federal Contract Tower,0,7,7,2,16,0,2,31,7,40,0,9,38,9,56,36,2,38,94
05/15/2002,GON,CT,ANE,EN,Federal Contract Tower,0,8,17,0,25,0,2,21,5,28,0,10,38,5,53,34,2,36,89
05/16/2002,GON,CT,ANE,EN,Federal Contract Tower,0,7,19,7,33,0,0,88,6,94,0,7,107,13,127,116,0,116,243
05/17/2002,GON,CT,ANE,EN,Federal Contract Tower,0,10,36,2,48,0,3,92,0,95,0,13,128,2,143,110,0,110,253
05/18/2002,GON,CT,ANE,EN,Federal Contract Tower,0,4,11,0,15,0,0,4,0,4,0,4,15,0,19,18,0,18,37
05/19/2002,GON,CT,ANE,EN,Federal Contract Tower,0,9,17,1,27,0,1,146,12,159,0,10,163,13,186,140,44,184,370
05/20/2002,GON,CT,ANE,EN,Federal Contract Tower,0,10,6,4,20,0,2,97,0,99,0,12,103,4,119,64,0,64,183
05/21/2002,GON,CT,ANE,EN,Federal Contract Tower,0,6,10,2,18,0,6,87,4,97,0,12,97,6,115,86,0,86,201
05/22/2002,GON,CT,ANE,EN,Federal Contract Tower,0,10,15,10,35,0,6,105,12,123,0,16,120,22,158,100,10,110,268
05/23/2002,GON,CT,ANE,EN,Federal Contract Tower,0,6,15,5,26,0,2,134,9,145,0,8,149,14,171,110,0,110,281
05/24/2002,GON,CT,ANE,EN,Federal Contract Tower,0,11,17,0,28,0,9,106,3,118,0,20,123,3,146,132,6,138,284
05/25/2002,GON,CT,ANE,EN,Federal Contract Tower,0,1,19,0,20,0,1,177,7,185,0,2,196,7,205,114,0,114,319
05/26/2002,GON,CT,ANE,EN,Federal Contract Tower,0,3,26,0,29,0,1,20,8,29,0,4,46,8,58,62,74,136,194
05/27/2002,GON,CT,ANE,EN,Federal Contract Tower,0,6,21,0,27,0,5,46,1,52,0,11,67,1,79,82,4,86,165
05/28/2002,GON,CT,ANE,EN,Federal Contract Tower,0,7,25,0,32,0,3,50,5,58,0,10,75,5,90,76,2,78,168
05/29/2002,GON,CT,ANE,EN,Federal Contract Tower,0,8,31,3,42,0,0,37,1,38,0,8,68,4,80,74,0,74,154
05/30/2002,GON,CT,ANE,EN,Federal Contract Tower,0,9,33,1,43,0,2,6,0,8,0,11,39,1,51,8,0,8,59
05/31/2002,GON,CT,ANE,EN,Federal Contract Tower,0,10,24,0,34,0,1,14,8,23,0,11,38,8,57,34,0,34,91
06/01/2002,GON,CT,ANE,EN,Federal Contract Tower,0,3,17,4,24,0,1,101,5,107,0,4,118,9,131,100,28,128,259
06/02/2002,GON,CT,ANE,EN,Federal Contract Tower,0,4,19,2,25,0,1,90,12,103,0,5,109,14,128,80,40,120,248
06/03/2002,GON,CT,ANE,EN,Federal Contract Tower,0,9,24,3,36,0,4,109,8,121,0,13,133,11,157,116,8,124,281
06/04/2002,GON,CT,ANE,EN,Federal Contract Tower,0,5,14,5,24,0,0,68,2,70,0,5,82,7,94,64,2,66,160
06/05/2002,GON,CT,ANE,EN,Federal Contract Tower,0,9,31,2,42,0,8,26,3,37,0,17,57,5,79,80,4,84,163
06/06/2002,GON,CT,ANE,EN,Federal Contract Tower,0,8,27,3,38,0,1,1,0,2,0,9,28,3,40,8,0,8,48
06/07/2002,GON,CT,ANE,EN,Federal Contract Tower,0,9,55,8,72,0,3,41,0,44,0,12,96,8,116,86,2,88,204
06/08/2002,GON,CT,ANE,EN,Federal Contract Tower,0,5,16,4,25,0,2,190,3,195,0,7,206,7,220,152,0,152,372
06/09/2002,GON,CT,ANE,EN,Federal Contract Tower,0,8,24,7,39,0,1,160,7,168,0,9,184,14,207,96,20,116,323
06/10/2002,GON,CT,ANE,EN,Federal Contract Tower,0,5,23,1,29,0,2,113,3,118,0,7,136,4,147,124,10,134,281
06/11/2002,GON,CT,ANE,EN,Federal Contract Tower,0,11,16,1,28,0,3,62,9,74,0,14,78,10,102,102,8,110,212
06/12/2002,GON,CT,ANE,EN,Federal Contract Tower,0,9,28,3,40,0,4,6,8,18,0,13,34,11,58,28,0,28,86
06/13/2002,GON,CT,ANE,EN,Federal Contract Tower,0,7,46,9,62,0,8,8,1,17,0,15,54,10,79,28,4,32,111
06/14/2002,GON,CT,ANE,EN,Federal Contract Tower,0,21,36,5,62,0,0,0,1,1,0,21,36,6,63,14,2,16,79
06/15/2002,GON,CT,ANE,EN,Federal Contract Tower,0,8,36,0,44,0,1,8,0,9,0,9,44,0,53,10,0,10,63
06/16/2002,GON,CT,ANE,EN,Federal Contract Tower,0,11,34,0,45,0,4,39,0,43,0,15,73,0,88,64,0,64,152
06/17/2002,GON,CT,ANE,EN,Federal Contract Tower,0,8,15,0,23,0,7,109,9,125,0,15,124,9,148,88,14,102,250
06/18/2002,GON,CT,ANE,EN,Federal Contract Tower,0,7,28,2,37,0,9,124,17,150,0,16,152,19,187,92,4,96,283
06/19/2002,GON,CT,ANE,EN,Federal Contract Tower,0,4,24,8,36,0,5,111,12,128,0,9,135,20,164,86,14,100,264
06/20/2002,GON,CT,ANE,EN,Federal Contract Tower,0,8,26,9,43,0,3,137,16,156,0,11,163,25,199,98,4,102,301
06/21/2002,GON,CT,ANE,EN,Federal Contract Tower,0,11,28,7,46,0,8,132,9,149,0,19,160,16,195,100,2,102,297
06/22/2002,GON,CT,ANE,EN,Federal Contract Tower,0,4,23,0,27,0,1,115,1,117,0,5,138,1,144,136,0,136,280
06/23/2002,GON,CT,ANE,EN,Federal Contract Tower,0,10,32,0,42,0,7,102,2,111,0,17,134,2,153,94,0,94,247
06/24/2002,GON,CT,ANE,EN,Federal Contract Tower,0,7,18,8,33,0,5,97,2,104,0,12,115,10,137,112,12,124,261
06/25/2002,GON,CT,ANE,EN,Federal Contract Tower,0,8,21,6,35,0,5,140,8,153,0,13,161,14,188,130,8,138,326
06/26/2002,GON,CT,ANE,EN,Federal Contract Tower,0,12,21,2,35,0,1,27,0,28,0,13,48,2,63,20,4,24,87
06/27/2002,GON,CT,ANE,EN,Federal Contract Tower,0,4,16,2,22,0,0,47,12,59,0,4,63,14,81,62,6,68,149
06/28/2002,GON,CT,ANE,EN,Federal Contract Tower,0,11,33,1,45,0,9,68,5,82,0,20,101,6,127,42,14,56,183
06/29/2002,GON,CT,ANE,EN,Federal Contract Tower,0,2,12,2,16,0,4,152,8,164,0,6,164,10,180,106,2,108,288
06/30/2002,GON,CT,ANE,EN,Federal Contract Tower,0,8,27,0,35,0,2,161,0,163,0,10,188,0,198,90,0,90,288
07/01/2002,GON,CT,ANE,EN,Federal Contract Tower,0,8,14,2,24,0,5,86,8,99,0,13,100,10,123,84,14,98,221
07/02/2002,GON,CT,ANE,EN,Federal Contract Tower,0,5,16,9,30,0,3,41,6,50,0,8,57,15,80,64,12,76,156
07/03/2002,GON,CT,ANE,EN,Federal Contract Tower,0,7,27,2,36,0,7,76,5,88,0,14,103,7,124,82,18,100,224
07/04/2002,GON,CT,ANE,EN,Federal Contract Tower,0,1,10,0,11,0,7,65,19,91,0,8,75,19,102,56,18,74,176
07/05/2002,GON,CT,ANE,EN,Federal Contract Tower,0,5,15,0,20,0,4,114,13,131,0,9,129,13,151,92,2,94,245
07/06/2002,GON,CT,ANE,EN,Federal Contract Tower,0,2,25,0,27,0,2,123,3,128,0,4,148,3,155,148,4,152,307
07/07/2002,GON,CT,ANE,EN,Federal Contract Tower,0,10,71,0,81,0,3,17,0,20,0,13,88,0,101,28,0,28,129
07/08/2002,GON,CT,ANE,EN,Federal Contract Tower,0,6,22,3,31,0,5,88,10,103,0,11,110,13,134,86,8,94,228
07/09/2002,GON,CT,ANE,EN,Federal Contract Tower,0,8,18,2,28,0,4,53,2,59,0,12,71,4,87,96,0,96,183
07/10/2002,GON,CT,ANE,EN,Federal Contract Tower,0,9,22,6,37,0,5,82,8,95,0,14,104,14,132,72,6,78,210
07/11/2002,GON,CT,ANE,EN,Federal Contract Tower,0,8,24,1,33,0,7,200,9,216,0,15,224,10,249,94,28,122,371
07/12/2002,GON,CT,ANE,EN,Federal Contract Tower,0,12,35,4,51,0,12,142,17,171,0,24,177,21,222,126,20,146,368
07/13/2002,GON,CT,ANE,EN,Federal Contract Tower,0,3,19,4,26,0,5,159,9,173,0,8,178,13,199,144,22,166,365
07/14/2002,GON,CT,ANE,EN,Federal Contract Tower,0,7,18,4,29,0,18,163,4,185,0,25,181,8,214,160,14,174,388
07/15/2002,GON,CT,ANE,EN,Federal Contract Tower,0,9,17,5,31,0,0,90,4,94,0,9,107,9,125,74,6,80,205
07/16/2002,GON,CT,ANE,EN,Federal Contract Tower,0,7,15,2,24,0,0,97,1,98,0,7,112,3,122,72,2,74,196
07/17/2002,GON,CT,ANE,EN,Federal Contract Tower,0,11,25,1,37,0,1,117,7,125,0,12,142,8,162,70,6,76,238
07/18/2002,GON,CT,ANE,EN,Federal Contract Tower,0,10,25,2,37,0,4,61,5,70,0,14,86,7,107,54,42,96,203
07/19/2002,GON,CT,ANE,EN,Federal Contract Tower,0,16,44,0,60,0,0,4,6,10,0,16,48,6,70,36,0,36,106
07/20/2002,GON,CT,ANE,EN,Federal Contract Tower,0,5,43,1,49,0,3,38,5,46,0,8,81,6,95,68,0,68,163
07/21/2002,GON,CT,ANE,EN,Federal Contract Tower,0,8,31,0,39,0,8,201,4,213,0,16,232,4,252,160,2,162,414
07/22/2002,GON,CT,ANE,EN,Federal Contract Tower,0,12,27,0,39,0,10,157,8,175,0,22,184,8,214,106,8,114,328
07/23/2002,GON,CT,ANE,EN,Federal Contract Tower,0,4,14,1,19,0,6,41,14,61,0,10,55,15,80,30,34,64,144
07/24/2002,GON,CT,ANE,EN,Federal Contract Tower,0,11,28,4,43,0,3,113,23,139,0,14,141,27,182,90,6,96,278
07/25/2002,GON,CT,ANE,EN,Federal Contract Tower,0,11,21,7,39,0,7,189,2,198,0,18,210,9,237,86,4,90,327
07/26/2002,GON,CT,ANE,EN,Federal Contract Tower,0,7,20,4,31,0,4,107,3,114,0,11,127,7,145,138,18,156,301
07/27/2002,GON,CT,ANE,EN,Federal Contract Tower,0,15,42,4,61,0,2,22,2,26,0,17,64,6,87,34,0,34,121
07/28/2002,GON,CT,ANE,EN,Federal Contract Tower,0,21,34,1,56,0,0,1,0,1,0,21,35,1,57,0,0,0,57
07/29/2002,GON,CT,ANE,EN,Federal Contract Tower,0,11,43,2,56,0,3,74,2,79,0,14,117,4,135,48,2,50,185
07/30/2002,GON,CT,ANE,EN,Federal Contract Tower,0,5,35,5,45,0,3,84,3,90,0,8,119,8,135,108,24,132,267
07/31/2002,GON,CT,ANE,EN,Federal Contract Tower,0,10,29,2,41,0,7,148,9,164,0,17,177,11,205,90,6,96,301
08/01/2002,GON,CT,ANE,EN,Federal Contract Tower,0,4,34,1,39,0,9,123,3,135,0,13,157,4,174,78,10,88,262
08/02/2002,GON,CT,ANE,EN,Federal Contract Tower,0,10,18,1,29,0,8,102,5,115,0,18,120,6,144,66,4,70,214
08/03/2002,GON,CT,ANE,EN,Federal Contract Tower,0,2,11,0,13,0,2,173,0,175,0,4,184,0,188,140,0,140,328
08/04/2002,GON,CT,ANE,EN,Federal Contract Tower,0,11,20,1,32,0,10,163,1,174,0,21,183,2,206,102,4,106,312
08/05/2002,GON,CT,ANE,EN,Federal Contract Tower,0,11,18,0,29,0,5,46,2,53,0,16,64,2,82,62,0,62,144
08/06/2002,GON,CT,ANE,EN,Federal Contract Tower,0,7,11,2,20,0,3,75,4,82,0,10,86,6,102,74,2,76,178
08/07/2002,GON,CT,ANE,EN,Federal Contract Tower,0,9,12,0,21,0,3,138,6,147,0,12,150,6,168,78,0,78,246
08/08/2002,GON,CT,ANE,EN,Federal Contract Tower,0,12,34,4,50,0,4,142,18,164,0,16,176,22,214,132,20,152,366
08/09/2002,GON,CT,ANE,EN,Federal Contract Tower,0,11,39,1,51,0,11,151,6,168,0,22,190,7,219,118,10,128,347
08/10/2002,GON,CT,ANE,EN,Federal Contract Tower,0,9,13,0,22,0,5,188,6,199,0,14,201,6,221,102,2,104,325
08/11/2002,GON,CT,ANE,EN,Federal Contract Tower,0,8,13,0,21,0,13,183,5,201,0,21,196,5,222,140,0,140,362
08/12/2002,GON,CT,ANE,EN,Federal Contract Tower,0,9,15,1,25,0,7,98,2,107,0,16,113,3,132,122,0,122,254
08/13/2002,GON,CT,ANE,EN,Federal Contract Tower,0,8,23,1,32,0,4,56,9,69,0,12,79,10,101,70,4,74,175
08/14/2002,GON,CT,ANE,EN,Federal Contract Tower,0,8,23,4,35,0,2,51,13,66,0,10,74,17,101,104,14,118,219
08/15/2002,GON,CT,ANE,EN,Federal Contract Tower,0,9,31,6,46,0,6,54,9,69,0,15,85,15,115,62,6,68,183
08/16/2002,GON,CT,ANE,EN,Federal Contract Tower,0,17,48,14,79,0,8,41,0,49,0,25,89,14,128,42,8,50,178
08/17/2002,GON,CT,ANE,EN,Federal Contract Tower,0,8,23,3,34,0,7,115,4,126,0,15,138,7,160,90,10,100,260
08/18/2002,GON,CT,ANE,EN,Federal Contract Tower,0,9,30,3,42,0,12,59,6,77,0,21,89,9,119,86,26,112,231
08/19/2002,GON,CT,ANE,EN,Federal Contract Tower,0,11,11,6,28,0,4,132,14,150,0,15,143,20,178,78,10,88,266
08/20/2002,GON,CT,ANE,EN,Federal Contract Tower,0,5,30,8,43,0,3,74,2,79,0,8,104,10,122,82,0,82,204
08/21/2002,GON,CT,ANE,EN,Federal Contract Tower,0,9,15,7,31,0,8,142,8,158,0,17,157,15,189,92,28,120,309
08/22/2002,GON,CT,ANE,EN,Federal Contract Tower,0,16,24,6,46,0,5,137,9,151,0,21,161,15,197,64,10,74,271
08/23/2002,GON,CT,ANE,EN,Federal Contract Tower,0,9,43,10,62,0,8,65,10,83,0,17,108,20,145,94,12,106,251
08/24/2002,GON,CT,ANE,EN,Federal Contract Tower,0,11,39,2,52,0,7,100,6,113,0,18,139,8,165,102,6,108,273
08/25/2002,GON,CT,ANE,EN,Federal Contract Tower,0,16,30,0,46,0,6,181,5,192,0,22,211,5,238,110,0,110,348
08/26/2002,GON,CT,ANE,EN,Federal Contract Tower,0,10,22,0,32,0,8,152,5,165,0,18,174,5,197,128,12,140,337
08/27/2002,GON,CT,ANE,EN,Federal Contract Tower,0,9,17,1,27,0,2,100,6,108,0,11,117,7,135,80,2,82,217
08/28/2002,GON,CT,ANE,EN,Federal Contract Tower,0,9,41,2,52,0,10,84,9,103,0,19,125,11,155,72,14,86,241
08/29/2002,GON,CT,ANE,EN,Federal Contract Tower,0,9,29,3,41,0,0,0,1,1,0,9,29,4,42,16,2,18,60
08/30/2002,GON,CT,ANE,EN,Federal Contract Tower,0,17,42,7,66,0,6,19,1,26,0,23,61,8,92,42,4,46,138
08/31/2002,GON,CT,ANE,EN,Federal Contract Tower,0,2,32,0,34,0,3,50,1,54,0,5,82,1,88,46,12,58,146
09/01/2002,GON,CT,ANE,EN,Federal Contract Tower,0,6,18,0,24,0,2,49,0,51,0,8,67,0,75,48,6,54,129
09/02/2002,GON,CT,ANE,EN,Federal Contract Tower,0,15,45,2,62,0,0,0,0,0,0,15,45,2,62,22,0,22,84
09/03/2002,GON,CT,ANE,EN,Federal Contract Tower,0,15,27,6,48,0,0,49,5,54,0,15,76,11,102,70,0,70,172
09/04/2002,GON,CT,ANE,EN,Federal Contract Tower,0,9,19,4,32,0,3,49,6,58,0,12,68,10,90,44,0,44,134
09/05/2002,GON,CT,ANE,EN,Federal Contract Tower,0,6,21,4,31,0,3,145,9,157,0,9,166,13,188,64,4,68,256
09/06/2002,GON,CT,ANE,EN,Federal Contract Tower,0,11,20,3,34,0,5,159,5,169,0,16,179,8,203,122,2,124,327
09/07/2002,GON,CT,ANE,EN,Federal Contract Tower,0,3,13,2,18,0,2,194,35,231,0,5,207,37,249,184,18,202,451
09/08/2002,GON,CT,ANE,EN,Federal Contract Tower,0,8,22,0,30,0,4,200,17,221,0,12,222,17,251,128,4,132,383
09/09/2002,GON,CT,ANE,EN,Federal Contract Tower,0,7,21,3,31,0,4,99,7,110,0,11,120,10,141,88,2,90,231
09/10/2002,GON,CT,ANE,EN,Federal Contract Tower,0,10,19,4,33,0,2,87,8,97,0,12,106,12,130,92,8,100,230
09/11/2002,GON,CT,ANE,EN,Federal Contract Tower,0,7,14,2,23,0,3,10,5,18,0,10,24,7,41,6,12,18,59
09/12/2002,GON,CT,ANE,EN,Federal Contract Tower,0,9,29,4,42,0,2,98,24,124,0,11,127,28,166,88,4,92,258
09/13/2002,GON,CT,ANE,EN,Federal Contract Tower,1,11,22,6,40,0,7,113,8,128,1,18,135,14,168,56,18,74,242
09/14/2002,GON,CT,ANE,EN,Federal Contract Tower,0,3,25,6,34,0,8,129,2,139,0,11,154,8,173,96,32,128,301
09/15/2002,GON,CT,ANE,EN,Federal Contract Tower,2,10,33,1,46,0,0,6,1,7,2,10,39,2,53,20,4,24,77
09/16/2002,GON,CT,ANE,EN,Federal Contract Tower,0,12,39,7,58,0,0,17,0,17,0,12,56,7,75,4,0,4,79
09/17/2002,GON,CT,ANE,EN,Federal Contract Tower,0,4,21,12,37,0,3,123,9,135,0,7,144,21,172,80,4,84,256
09/18/2002,GON,CT,ANE,EN,Federal Contract Tower,0,8,9,7,24,0,3,127,5,135,0,11,136,12,159,70,14,84,243
09/19/2002,GON,CT,ANE,EN,Federal Contract Tower,0,9,23,9,41,0,3,121,8,132,0,12,144,17,173,84,4,88,261
09/20/2002,GON,CT,ANE,EN,Federal Contract Tower,0,9,18,5,32,0,3,133,1,137,0,12,151,6,169,76,4,80,249
09/21/2002,GON,CT,ANE,EN,Federal Contract Tower,0,6,27,5,38,0,3,336,9,348,0,9,363,14,386,42,4,46,432
09/22/2002,GON,CT,ANE,EN,Federal Contract Tower,0,5,27,3,35,0,1,313,5,319,0,6,340,8,354,44,4,48,402
09/23/2002,GON,CT,ANE,EN,Federal Contract Tower,0,11,26,2,39,0,3,47,4,54,0,14,73,6,93,64,22,86,179
09/24/2002,GON,CT,ANE,EN,Federal Contract Tower,0,7,26,2,35,0,1,76,5,82,0,8,102,7,117,68,22,90,207
09/25/2002,GON,CT,ANE,EN,Federal Contract Tower,0,10,29,0,39,0,1,143,5,149,0,11,172,5,188,64,6,70,258
09/26/2002,GON,CT,ANE,EN,Federal Contract Tower,0,10,44,3,57,0,1,15,3,19,0,11,59,6,76,58,2,60,136
09/27/2002,GON,CT,ANE,EN,Federal Contract Tower,0,9,22,0,31,0,0,0,0,0,0,9,22,0,31,4,0,4,35
09/28/2002,GON,CT,ANE,EN,Federal Contract Tower,0,1,16,1,18,0,2,56,0,58,0,3,72,1,76,34,0,34,110
09/29/2002,GON,CT,ANE,EN,Federal Contract Tower,0,5,27,4,36,0,4,257,8,269,0,9,284,12,305,126,0,126,431
09/30/2002,GON,CT,ANE,EN,Federal Contract Tower,0,13,18,1,32,0,2,121,0,123,0,15,139,1,155,108,0,108,263
10/01/2002,GON,CT,ANE,EN,Federal Contract Tower,0,5,18,1,24,0,1,90,8,99,0,6,108,9,123,54,4,58,181
10/02/2002,GON,CT,ANE,EN,Federal Contract Tower,0,8,28,4,40,0,3,73,2,78,0,11,101,6,118,108,6,114,232
10/03/2002,GON,CT,ANE,EN,Federal Contract Tower,0,15,28,2,45,0,6,43,7,56,0,21,71,9,101,38,18,56,157
10/04/2002,GON,CT,ANE,EN,Federal Contract Tower,0,9,60,4,73,0,5,28,2,35,0,14,88,6,108,82,0,82,190
10/05/2002,GON,CT,ANE,EN,Federal Contract Tower,0,3,21,4,28,0,0,62,7,69,0,3,83,11,97,34,6,40,137
10/06/2002,GON,CT,ANE,EN,Federal Contract Tower,0,7,14,0,21,0,3,172,8,183,0,10,186,8,204,110,36,146,350
10/07/2002,GON,CT,ANE,EN,Federal Contract Tower,0,10,28,0,38,0,0,36,4,40,0,10,64,4,78,22,6,28,106
10/08/2002,GON,CT,ANE,EN,Federal Contract Tower,0,5,27,2,34,0,1,162,5,168,0,6,189,7,202,74,14,88,290
10/09/2002,GON,CT,ANE,EN,Federal Contract Tower,0,13,31,3,47,0,0,102,4,106,0,13,133,7,153,70,6,76,229
10/10/2002,GON,CT,ANE,EN,Federal Contract Tower,0,8,29,0,37,0,4,108,2,114,0,12,137,2,151,96,12,108,259
10/11/2002,GON,CT,ANE,EN,Federal Contract Tower,0,14,30,2,46,0,2,1,0,3,0,16,31,2,49,8,0,8,57
10/12/2002,GON,CT,ANE,EN,Federal Contract Tower,0,9,15,0,24,0,0,0,0,0,0,9,15,0,24,2,0,2,26
10/13/2002,GON,CT,ANE,EN,Federal Contract Tower,0,7,36,0,43,0,2,0,1,3,0,9,36,1,46,2,0,2,48
10/14/2002,GON,CT,ANE,EN,Federal Contract Tower,0,2,13,0,15,0,4,99,1,104,0,6,112,1,119,92,0,92,211
10/15/2002,GON,CT,ANE,EN,Federal Contract Tower,0,6,20,2,28,0,4,95,9,108,0,10,115,11,136,76,24,100,236
10/16/2002,GON,CT,ANE,EN,Federal Contract Tower,0,6,9,4,19,0,0,0,0,0,0,6,9,4,19,0,0,0,19
10/17/2002,GON,CT,ANE,EN,Federal Contract Tower,0,4,20,4,28,0,1,122,15,138,0,5,142,19,166,90,4,94,260
10/18/2002,GON,CT,ANE,EN,Federal Contract Tower,0,10,15,3,28,0,9,148,9,166,0,19,163,12,194,100,22,122,316
10/19/2002,GON,CT,ANE,EN,Federal Contract Tower,0,3,8,3,14,0,2,55,2,59,0,5,63,5,73,30,4,34,107
10/20/2002,GON,CT,ANE,EN,Federal Contract Tower,0,9,17,0,26,0,1,177,2,180,0,10,194,2,206,118,14,132,338
10/21/2002,GON,CT,ANE,EN,Federal Contract Tower,0,11,22,4,37,0,0,124,4,128,0,11,146,8,165,88,0,88,253
10/22/2002,GON,CT,ANE,EN,Federal Contract Tower,0,2,10,4,16,0,0,118,13,131,0,2,128,17,147,76,6,82,229
10/23/2002,GON,CT,ANE,EN,Federal Contract Tower,0,9,20,5,34,0,1,66,11,78,0,10,86,16,112,58,18,76,188
10/24/2002,GON,CT,ANE,EN,Federal Contract Tower,0,7,10,3,20,0,0,151,11,162,0,7,161,14,182,58,4,62,244
10/25/2002,GON,CT,ANE,EN,Federal Contract Tower,0,7,23,1,31,0,6,115,3,124,0,13,138,4,155,82,2,84,239
10/26/2002,GON,CT,ANE,EN,Federal Contract Tower,0,1,29,0,30,0,0,1,0,1,0,1,30,0,31,6,0,6,37
10/27/2002,GON,CT,ANE,EN,Federal Contract Tower,0,8,21,0,29,0,4,196,8,208,0,12,217,8,237,98,32,130,367
10/28/2002,GON,CT,ANE,EN,Federal Contract Tower,0,8,13,0,21,0,1,61,0,62,0,9,74,0,83,82,2,84,167
10/29/2002,GON,CT,ANE,EN,Federal Contract Tower,0,5,23,4,32,0,0,122,9,131,0,5,145,13,163,66,6,72,235
10/30/2002,GON,CT,ANE,EN,Federal Contract Tower,0,10,11,1,22,0,0,38,8,46,0,10,49,9,68,32,26,58,126
10/31/2002,GON,CT,ANE,EN,Federal Contract Tower,0,5,15,3,23,0,0,115,5,120,0,5,130,8,143,44,36,80,223
11/01/2002,GON,CT,ANE,EN,Federal Contract Tower,0,14,21,4,39,0,0,53,4,57,0,14,74,8,96,36,4,40,136
11/02/2002,GON,CT,ANE,EN,Federal Contract Tower,0,4,14,4,22,0,0,86,12,98,0,4,100,16,120,86,8,94,214
11/03/2002,GON,CT,ANE,EN,Federal Contract Tower,0,5,28,2,35,0,1,160,10,171,0,6,188,12,206,142,12,154,360
11/04/2002,GON,CT,ANE,EN,Federal Contract Tower,0,8,21,1,30,0,0,64,2,66,0,8,85,3,96,54,4,58,154
11/05/2002,GON,CT,ANE,EN,Federal Contract Tower,0,10,28,0,38,0,1,112,0,113,0,11,140,0,151,96,0,96,247
11/06/2002,GON,CT,ANE,EN,Federal Contract Tower,0,6,19,0,25,0,0,5,0,5,0,6,24,0,30,2,0,2,32
11/07/2002,GON,CT,ANE,EN,Federal Contract Tower,0,5,14,5,24,0,0,59,5,64,0,5,73,10,88,36,8,44,132
11/08/2002,GON,CT,ANE,EN,Federal Contract Tower,0,10,17,1,28,0,4,62,3,69,0,14,79,4,97,42,8,50,147
11/09/2002,GON,CT,ANE,EN,Federal Contract Tower,0,3,25,2,30,0,1,163,2,166,0,4,188,4,196,126,4,130,326
11/10/2002,GON,CT,ANE,EN,Federal Contract Tower,0,10,25,3,38,0,0,51,0,51,0,10,76,3,89,52,4,56,145
11/11/2002,GON,CT,ANE,EN,Federal Contract Tower,0,10,13,0,23,0,0,0,0,0,0,10,13,0,23,0,0,0,23
11/12/2002,GON,CT,ANE,EN,Federal Contract Tower,0,5,13,0,18,0,1,35,0,36,0,6,48,0,54,24,16,40,94
11/13/2002,GON,CT,ANE,EN,Federal Contract Tower,0,7,34,7,48,0,0,0,1,1,0,7,34,8,49,8,0,8,57
11/14/2002,GON,CT,ANE,EN,Federal Contract Tower,0,8,22,7,37,0,0,143,13,156,0,8,165,20,193,120,36,156,349
11/15/2002,GON,CT,ANE,EN,Federal Contract Tower,0,12,27,2,41,0,2,143,0,145,0,14,170,2,186,66,8,74,260
11/16/2002,GON,CT,ANE,EN,Federal Contract Tower,0,1,8,2,11,0,1,6,0,7,0,2,14,2,18,2,0,2,20
11/17/2002,GON,CT,ANE,EN,Federal Contract Tower,0,7,14,3,24,0,0,0,1,1,0,7,14,4,25,0,0,0,25
11/18/2002,GON,CT,ANE,EN,Federal Contract Tower,0,7,16,3,26,0,0,28,3,31,0,7,44,6,57,24,0,24,81
11/19/2002,GON,CT,ANE,EN,Federal Contract Tower,0,6,25,0,31,0,0,90,3,93,0,6,115,3,124,76,6,82,206
11/20/2002,GON,CT,ANE,EN,Federal Contract Tower,0,7,37,2,46,0,0,156,2,158,0,7,193,4,204,112,4,116,320
11/21/2002,GON,CT,ANE,EN,Federal Contract Tower,0,5,17,3,25,0,0,25,1,26,0,5,42,4,51,42,0,42,93
11/22/2002,GON,CT,ANE,EN,Federal Contract Tower,0,7,27,7,41,0,1,2,2,5,0,8,29,9,46,2,0,2,48
11/23/2002,GON,CT,ANE,EN,Federal Contract Tower,0,2,9,0,11,0,3,9,2,14,0,5,18,2,25,10,6,16,41
11/24/2002,GON,CT,ANE,EN,Federal Contract Tower,0,6,15,0,21,0,0,132,5,137,0,6,147,5,158,64,6,70,228
11/25/2002,GON,CT,ANE,EN,Federal Contract Tower,0,9,11,6,26,0,1,119,4,124,0,10,130,10,150,82,0,82,232
11/26/2002,GON,CT,ANE,EN,Federal Contract Tower,0,8,17,9,34,0,4,134,10,148,0,12,151,19,182,64,4,68,250
11/27/2002,GON,CT,ANE,EN,Federal Contract Tower,0,5,11,0,16,0,0,10,0,10,0,5,21,0,26,6,0,6,32
11/28/2002,GON,CT,ANE,EN,Federal Contract Tower,0,1,1,0,2,0,0,11,1,12,0,1,12,1,14,2,0,2,16
11/29/2002,GON,CT,ANE,EN,Federal Contract Tower,0,4,16,0,20,0,2,41,3,46,0,6,57,3,66,20,0,20,86
11/30/2002,GON,CT,ANE,EN,Federal Contract Tower,0,2,13,0,15,0,0,87,7,94,0,2,100,7,109,84,4,88,197
12/01/2002,GON,CT,ANE,EN,Federal Contract Tower,0,6,16,0,22,0,2,42,0,44,0,8,58,0,66,16,0,16,82
12/02/2002,GON,CT,ANE,EN,Federal Contract Tower,0,6,13,0,19,0,2,83,0,85,0,8,96,0,104,38,0,38,142
12/03/2002,GON,CT,ANE,EN,Federal Contract Tower,0,9,6,0,15,0,1,53,2,56,0,10,59,2,71,28,2,30,101
12/04/2002,GON,CT,ANE,EN,Federal Contract Tower,0,12,21,3,36,0,1,106,13,120,0,13,127,16,156,40,32,72,228
12/05/2002,GON,CT,ANE,EN,Federal Contract Tower,0,2,2,0,4,0,0,2,0,2,0,2,4,0,6,2,0,2,8
12/06/2002,GON,CT,ANE,EN,Federal Contract Tower,0,11,14,0,25,0,5,68,0,73,0,16,82,0,98,76,4,80,178
12/07/2002,GON,CT,ANE,EN,Federal Contract Tower,0,7,6,2,15,0,1,111,10,122,0,8,117,12,137,74,0,74,211
12/08/2002,GON,CT,ANE,EN,Federal Contract Tower,0,5,9,1,15,0,2,157,5,164,0,7,166,6,179,88,0,88,267
12/09/2002,GON,CT,ANE,EN,Federal Contract Tower,0,11,18,6,35,0,0,76,0,76,0,11,94,6,111,44,2,46,157
12/10/2002,GON,CT,ANE,EN,Federal Contract Tower,0,9,20,13,42,0,2,93,1,96,0,11,113,14,138,22,2,24,162
12/11/2002,GON,CT,ANE,EN,Federal Contract Tower,0,8,17,3,28,0,0,32,0,32,0,8,49,3,60,32,4,36,96
12/12/2002,GON,CT,ANE,EN,Federal Contract Tower,0,9,17,15,41,0,3,37,5,45,0,12,54,20,86,26,2,28,114
12/13/2002,GON,CT,ANE,EN,Federal Contract Tower,0,9,32,4,45,0,0,85,6,91,0,9,117,10,136,94,4,98,234
12/14/2002,GON,CT,ANE,EN,Federal Contract Tower,0,4,15,0,19,0,0,0,0,0,0,4,15,0,19,8,0,8,27
12/15/2002,GON,CT,ANE,EN,Federal Contract Tower,0,6,20,0,26,0,0,90,3,93,0,6,110,3,119,88,8,96,215
12/16/2002,GON,CT,ANE,EN,Federal Contract Tower,0,9,12,2,23,0,0,5,0,5,0,9,17,2,28,6,0,6,34
12/17/2002,GON,CT,ANE,EN,Federal Contract Tower,0,4,19,4,27,0,0,93,2,95,0,4,112,6,122,76,8,84,206
12/18/2002,GON,CT,ANE,EN,Federal Contract Tower,0,10,19,2,31,0,0,134,5,139,0,10,153,7,170,74,10,84,254
12/19/2002,GON,CT,ANE,EN,Federal Contract Tower,0,9,27,5,41,0,0,82,3,85,0,9,109,8,126,38,0,38,164
12/20/2002,GON,CT,ANE,EN,Federal Contract Tower,0,14,12,5,31,0,0,0,0,0,0,14,12,5,31,8,0,8,39
12/21/2002,GON,CT,ANE,EN,Federal Contract Tower,0,1,7,0,8,0,0,50,0,50,0,1,57,0,58,12,0,12,70
12/22/2002,GON,CT,ANE,EN,Federal Contract Tower,0,5,17,0,22,0,1,141,3,145,0,6,158,3,167,70,0,70,237
12/23/2002,GON,CT,ANE,EN,Federal Contract Tower,0,8,12,1,21,0,2,52,0,54,0,10,64,1,75,26,0,26,101
12/24/2002,GON,CT,ANE,EN,Federal Contract Tower,0,6,4,1,11,0,1,83,3,87,0,7,87,4,98,42,0,42,140
12/25/2002,GON,CT,ANE,EN,Federal Contract Tower,0,5,1,0,6,0,0,0,0,0,0,5,1,0,6,0,0,0,6
12/26/2002,GON,CT,ANE,EN,Federal Contract Tower,0,7,5,3,15,0,0,14,5,19,0,7,19,8,34,6,10,16,50
12/27/2002,GON,CT,ANE,EN,Federal Contract Tower,0,8,11,3,22,0,0,106,12,118,0,8,117,15,140,64,16,80,220
12/28/2002,GON,CT,ANE,EN,Federal Contract Tower,0,3,13,0,16,0,1,144,1,146,0,4,157,1,162,112,0,112,274
12/29/2002,GON,CT,ANE,EN,Federal Contract Tower,0,5,23,0,28,0,0,109,3,112,0,5,132,3,140,68,0,68,208
12/30/2002,GON,CT,ANE,EN,Federal Contract Tower,0,6,8,1,15,0,2,103,5,110,0,8,111,6,125,84,22,106,231
12/31/2002,GON,CT,ANE,EN,Federal Contract Tower,0,2,19,0,21,0,0,0,0,0,0,2,19,0,21,2,0,2,23
01/01/2003,GON,CT,ANE,EN,Federal Contract Tower,0,9,11,0,20,0,0,4,0,4,0,9,15,0,24,0,0,0,24
01/02/2003,GON,CT,ANE,EN,Federal Contract Tower,0,2,13,2,17,0,2,20,2,24,0,4,33,4,41,50,0,50,91
01/03/2003,GON,CT,ANE,EN,Federal Contract Tower,0,11,6,0,17,0,0,1,0,1,0,11,7,0,18,0,0,0,18
01/04/2003,GON,CT,ANE,EN,Federal Contract Tower,0,3,1,0,4,0,0,2,0,2,0,3,3,0,6,4,0,4,10
01/05/2003,GON,CT,ANE,EN,Federal Contract Tower,0,1,20,3,24,0,0,106,2,108,0,1,126,5,132,88,0,88,220
01/06/2003,GON,CT,ANE,EN,Federal Contract Tower,0,9,9,0,18,0,0,1,0,1,0,9,10,0,19,0,0,0,19
01/07/2003,GON,CT,ANE,EN,Federal Contract Tower,0,6,12,1,19,0,0,54,7,61,0,6,66,8,80,24,30,54,134
01/08/2003,GON,CT,ANE,EN,Federal Contract Tower,0,7,13,2,22,0,1,17,13,31,0,8,30,15,53,20,20,40,93
01/09/2003,GON,CT,ANE,EN,Federal Contract Tower,0,8,14,4,26,0,0,38,3,41,0,8,52,7,67,24,8,32,99
01/10/2003,GON,CT,ANE,EN,Federal Contract Tower,0,11,14,0,25,0,6,67,4,77,0,17,81,4,102,32,4,36,138
01/11/2003,GON,CT,ANE,EN,Federal Contract Tower,0,4,7,0,11,0,1,67,0,68,0,5,74,0,79,24,2,26,105
01/12/2003,GON,CT,ANE,EN,Federal Contract Tower,0,2,12,0,14,0,0,71,2,73,0,2,83,2,87,70,0,70,157
01/13/2003,GON,CT,ANE,EN,Federal Contract Tower,0,8,10,1,19,0,0,50,2,52,0,8,60,3,71,14,0,14,85
01/14/2003,GON,CT,ANE,EN,Federal Contract Tower,0,10,10,3,23,0,0,66,4,70,0,10,76,7,93,52,2,54,147
01/15/2003,GON,CT,ANE,EN,Federal Contract Tower,0,4,11,2,17,0,0,77,3,80,0,4,88,5,97,38,4,42,139
01/16/2003,GON,CT,ANE,EN,Federal Contract Tower,0,7,8,3,18,0,0,70,8,78,0,7,78,11,96,62,0,62,158
01/17/2003,GON,CT,ANE,EN,Federal Contract Tower,0,9,23,4,36,0,2,55,3,60,0,11,78,7,96,34,0,34,130
01/18/2003,GON,CT,ANE,EN,Federal Contract Tower,0,3,16,0,19,0,0,98,0,98,0,3,114,0,117,104,0,104,221
01/19/2003,GON,CT,ANE,EN,Federal Contract Tower,0,9,11,0,20,0,2,59,0,61,0,11,70,0,81,100,0,100,181
01/20/2003,GON,CT,ANE,EN,Federal Contract Tower,0,10,19,0,29,0,4,49,2,55,0,14,68,2,84,20,0,20,104
01/21/2003,GON,CT,ANE,EN,Federal Contract Tower,0,5,10,7,22,0,1,64,5,70,0,6,74,12,92,38,0,38,130
01/22/2003,GON,CT,ANE,EN,Federal Contract Tower,0,10,11,1,22,0,2,35,4,41,0,12,46,5,63,36,0,36,99
01/23/2003,GON,CT,ANE,EN,Federal Contract Tower,0,5,10,1,16,0,0,56,0,56,0,5,66,1,72,32,0,32,104
01/24/2003,GON,CT,ANE,EN,Federal Contract Tower,0,7,8,0,15,0,1,72,0,73,0,8,80,0,88,32,2,34,122
01/25/2003,GON,CT,ANE,EN,Federal Contract Tower,0,7,22,0,29,0,0,126,9,135,0,7,148,9,164,100,2,102,266
01/26/2003,GON,CT,ANE,EN,Federal Contract Tower,0,6,8,2,16,0,0,91,2,93,0,6,99,4,109,64,8,72,181
01/27/2003,GON,CT,ANE,EN,Federal Contract Tower,0,10,10,0,20,0,0,43,4,47,0,10,53,4,67,96,0,96,163
01/28/2003,GON,CT,ANE,EN,Federal Contract Tower,0,7,5,0,12,0,0,87,2,89,0,7,92,2,101,96,10,106,207
01/29/2003,GON,CT,ANE,EN,Federal Contract Tower,0,10,19,3,32,0,0,2,0,2,0,10,21,3,34,0,0,0,34
01/30/2003,GON,CT,ANE,EN,Federal Contract Tower,0,6,15,0,21,0,0,74,6,80,0,6,89,6,101,52,0,52,153
01/31/2003,GON,CT,ANE,EN,Federal Contract Tower,0,16,8,2,26,0,2,18,1,21,0,18,26,3,47,68,0,68,115
02/01/2003,GON,CT,ANE,EN,Federal Contract Tower,0,6,13,1,20,0,0,0,0,0,0,6,13,1,20,0,0,0,20
02/02/2003,GON,CT,ANE,EN,Federal Contract Tower,0,10,16,1,27,0,3,40,0,43,0,13,56,1,70,30,0,30,100
02/03/2003,GON,CT,ANE,EN,Federal Contract Tower,0,15,18,0,33,0,2,75,3,80,0,17,93,3,113,38,0,38,151
02/04/2003,GON,CT,ANE,EN,Federal Contract Tower,0,8,2,0,10,0,0,5,0,5,0,8,7,0,15,10,0,10,25
02/05/2003,GON,CT,ANE,EN,Federal Contract Tower,0,9,21,3,33,0,1,62,5,68,0,10,83,8,101,46,10,56,157
02/06/2003,GON,CT,ANE,EN,Federal Contract Tower,0,7,10,3,20,0,0,99,14,113,0,7,109,17,133,56,4,60,193
02/07/2003,GON,CT,ANE,EN,Federal Contract Tower,0,7,5,0,12,0,0,3,0,3,0,7,8,0,15,4,0,4,19
02/08/2003,GON,CT,ANE,EN,Federal Contract Tower,0,3,8,0,11,0,0,91,5,96,0,3,99,5,107,52,8,60,167
02/09/2003,GON,CT,ANE,EN,Federal Contract Tower,0,9,9,0,18,0,0,122,6,128,0,9,131,6,146,54,0,54,200
02/10/2003,GON,CT,ANE,EN,Federal Contract Tower,0,8,14,0,22,0,0,23,0,23,0,8,37,0,45,10,4,14,59
02/11/2003,GON,CT,ANE,EN,Federal Contract Tower,0,9,6,1,16,0,0,52,0,52,0,9,58,1,68,64,2,66,134
02/12/2003,GON,CT,ANE,EN,Federal Contract Tower,0,10,14,1,25,0,0,16,0,16,0,10,30,1,41,10,2,12,53
02/13/2003,GON,CT,ANE,EN,Federal Contract Tower,0,9,14,3,26,0,2,52,4,58,0,11,66,7,84,74,4,78,162
02/14/2003,GON,CT,ANE,EN,Federal Contract Tower,0,11,12,2,25,0,6,58,4,68,0,17,70,6,93,60,6,66,159
02/15/2003,GON,CT,ANE,EN,Federal Contract Tower,0,3,10,1,14,0,1,89,2,92,0,4,99,3,106,50,0,50,156
02/16/2003,GON,CT,ANE,EN,Federal Contract Tower,0,0,6,2,8,0,0,45,0,45,0,0,51,2,53,70,6,76,129
02/17/2003,GON,CT,ANE,EN,Federal Contract Tower,0,4,0,0,4,0,0,0,0,0,0,4,0,0,4,0,0,0,4
02/18/2003,GON,CT,ANE,EN,Federal Contract Tower,0,6,13,0,19,0,0,2,0,2,0,6,15,0,21,0,0,0,21
02/19/2003,GON,CT,ANE,EN,Federal Contract Tower,0,9,5,2,16,0,1,49,2,52,0,10,54,4,68,31,12,43,111
02/20/2003,GON,CT,ANE,EN,Federal Contract Tower,0,9,17,2,28,0,2,84,6,92,0,11,101,8,120,86,4,90,210
02/21/2003,GON,CT,ANE,EN,Federal Contract Tower,0,10,20,4,34,0,0,94,7,101,0,10,114,11,135,66,10,76,211
02/22/2003,GON,CT,ANE,EN,Federal Contract Tower,0,4,2,0,6,0,0,0,0,0,0,4,2,0,6,0,0,0,6
02/23/2003,GON,CT,ANE,EN,Federal Contract Tower,0,4,4,0,8,0,0,0,0,0,0,4,4,0,8,2,0,2,10
02/24/2003,GON,CT,ANE,EN,Federal Contract Tower,0,12,15,1,28,0,0,69,7,76,0,12,84,8,104,64,6,70,174
02/25/2003,GON,CT,ANE,EN,Federal Contract Tower,0,10,13,0,23,0,0,58,10,68,0,10,71,10,91,44,6,50,141
02/26/2003,GON,CT,ANE,EN,Federal Contract Tower,0,5,15,4,24,0,0,67,7,74,0,5,82,11,98,64,10,74,172
02/27/2003,GON,CT,ANE,EN,Federal Contract Tower,0,6,21,2,29,0,0,51,2,53,0,6,72,4,82,38,4,42,124
02/28/2003,GON,CT,ANE,EN,Federal Contract Tower,0,12,9,9,30,0,0,60,0,60,0,12,69,9,90,70,2,72,162
03/01/2003,GON,CT,ANE,EN,Federal Contract Tower,0,6,20,2,28,0,0,103,0,103,0,6,123,2,131,58,0,58,189
03/02/2003,GON,CT,ANE,EN,Federal Contract Tower,0,7,8,1,16,0,0,1,0,1,0,7,9,1,17,0,0,0,17
03/03/2003,GON,CT,ANE,EN,Federal Contract Tower,0,9,16,4,29,0,0,31,3,34,0,9,47,7,63,6,0,6,69
03/04/2003,GON,CT,ANE,EN,Federal Contract Tower,0,4,15,0,19,0,3,81,5,89,0,7,96,5,108,64,0,64,172
03/05/2003,GON,CT,ANE,EN,Federal Contract Tower,0,5,15,2,22,0,0,1,0,1,0,5,16,2,23,0,0,0,23
03/06/2003,GON,CT,ANE,EN,Federal Contract Tower,0,4,5,0,9,0,0,0,0,0,0,4,5,0,9,0,0,0,9
03/07/2003,GON,CT,ANE,EN,Federal Contract Tower,0,11,18,2,31,0,0,70,1,71,0,11,88,3,102,52,0,52,154
03/08/2003,GON,CT,ANE,EN,Federal Contract Tower,0,4,15,1,20,0,3,206,11,220,0,7,221,12,240,72,4,76,316
03/09/2003,GON,CT,ANE,EN,Federal Contract Tower,0,8,5,0,13,0,0,52,1,53,0,8,57,1,66,52,22,74,140
03/10/2003,GON,CT,ANE,EN,Federal Contract Tower,0,10,8,2,20,0,0,50,8,58,0,10,58,10,78,38,6,44,122
03/11/2003,GON,CT,ANE,EN,Federal Contract Tower,0,7,10,5,22,0,0,86,3,89,0,7,96,8,111,84,10,94,205
03/12/2003,GON,CT,ANE,EN,Federal Contract Tower,0,8,27,2,37,0,1,42,2,45,0,9,69,4,82,42,0,42,124
03/13/2003,GON,CT,ANE,EN,Federal Contract Tower,0,7,11,0,18,0,0,9,0,9,0,7,20,0,27,34,0,34,61
03/14/2003,GON,CT,ANE,EN,Federal Contract Tower,0,10,17,3,30,0,0,97,7,104,0,10,114,10,134,90,8,98,232
03/15/2003,GON,CT,ANE,EN,Federal Contract Tower,0,3,18,0,21,0,0,173,0,173,0,3,191,0,194,74,0,74,268
03/16/2003,GON,CT,ANE,EN,Federal Contract Tower,0,6,13,0,19,0,0,191,4,195,0,6,204,4,214,96,0,96,310
03/17/2003,GON,CT,ANE,EN,Federal Contract Tower,0,8,12,2,22,0,0,85,3,88,0,8,97,5,110,80,6,86,196
03/18/2003,GON,CT,ANE,EN,Federal Contract Tower,0,10,11,0,21,0,1,61,2,64,0,11,72,2,85,76,6,82,167
03/19/2003,GON,CT,ANE,EN,Federal Contract Tower,0,10,24,4,38,0,1,62,8,71,0,11,86,12,109,58,4,62,171
03/20/2003,GON,CT,ANE,EN,Federal Contract Tower,0,6,12,8,26,0,0,28,0,28,0,6,40,8,54,32,8,40,94
03/21/2003,GON,CT,ANE,EN,Federal Contract Tower,0,11,12,1,24,0,0,0,0,0,0,11,12,1,24,8,0,8,32
03/22/2003,GON,CT,ANE,EN,Federal Contract Tower,0,4,28,7,39,0,0,69,26,95,0,4,97,33,134,86,2,88,222
03/23/2003,GON,CT,ANE,EN,Federal Contract Tower,0,5,19,6,30,0,0,114,1,115,0,5,133,7,145,68,2,70,215
03/24/2003,GON,CT,ANE,EN,Federal Contract Tower,0,8,18,1,27,0,1,114,4,119,0,9,132,5,146,98,4,102,248
03/25/2003,GON,CT,ANE,EN,Federal Contract Tower,0,9,16,2,27,0,0,3,0,3,0,9,19,2,30,8,0,8,38
03/26/2003,GON,CT,ANE,EN,Federal Contract Tower,0,7,18,5,30,0,0,38,7,45,0,7,56,12,75,48,32,80,155
03/27/2003,GON,CT,ANE,EN,Federal Contract Tower,0,9,20,0,29,0,0,112,2,114,0,9,132,2,143,74,6,80,223
03/28/2003,GON,CT,ANE,EN,Federal Contract Tower,0,13,17,1,31,0,2,109,3,114,0,15,126,4,145,64,4,68,213
03/29/2003,GON,CT,ANE,EN,Federal Contract Tower,0,9,15,2,26,0,0,4,0,4,0,9,19,2,30,6,6,12,42
03/30/2003,GON,CT,ANE,EN,Federal Contract Tower,0,6,18,0,24,0,0,0,0,0,0,6,18,0,24,10,0,10,34
03/31/2003,GON,CT,ANE,EN,Federal Contract Tower,0,10,19,4,33,0,1,42,4,47,0,11,61,8,80,28,2,30,110
04/01/2003,GON,CT,ANE,EN,Federal Contract Tower,0,8,9,4,21,0,3,45,12,60,0,11,54,16,81,36,6,42,123
04/02/2003,GON,CT,ANE,EN,Federal Contract Tower,0,7,30,13,50,0,3,61,3,67,0,10,91,16,117,58,18,76,193
04/03/2003,GON,CT,ANE,EN,Federal Contract Tower,0,5,36,9,50,0,0,11,6,17,0,5,47,15,67,64,6,70,137
04/04/2003,GON,CT,ANE,EN,Federal Contract Tower,0,7,17,0,24,0,0,6,4,10,0,7,23,4,34,0,4,4,38
04/05/2003,GON,CT,ANE,EN,Federal Contract Tower,0,3,3,0,6,0,0,0,0,0,0,3,3,0,6,0,0,0,6
04/06/2003,GON,CT,ANE,EN,Federal Contract Tower,0,10,23,1,34,0,0,83,4,87,0,10,106,5,121,56,14,70,191
04/07/2003,GON,CT,ANE,EN,Federal Contract Tower,0,10,10,2,22,0,0,28,1,29,0,10,38,3,51,30,4,34,85
04/08/2003,GON,CT,ANE,EN,Federal Contract Tower,0,9,17,0,26,0,0,4,0,4,0,9,21,0,30,4,0,4,34
04/09/2003,GON,CT,ANE,EN,Federal Contract Tower,0,9,20,4,33,0,0,0,0,0,0,9,20,4,33,0,4,4,37
04/10/2003,GON,CT,ANE,EN,Federal Contract Tower,0,12,24,2,38,0,3,108,8,119,0,15,132,10,157,104,2,106,263
04/11/2003,GON,CT,ANE,EN,Federal Contract Tower,0,13,4,3,20,0,0,3,0,3,0,13,7,3,23,18,0,18,41
04/12/2003,GON,CT,ANE,EN,Federal Contract Tower,0,4,23,2,29,0,0,28,2,30,0,4,51,4,59,12,2,14,73
04/13/2003,GON,CT,ANE,EN,Federal Contract Tower,0,4,31,0,35,0,0,169,2,171,0,4,200,2,206,140,2,142,348
04/14/2003,GON,CT,ANE,EN,Federal Contract Tower,0,11,21,1,33,0,2,115,5,122,0,13,136,6,155,68,8,76,231
04/15/2003,GON,CT,ANE,EN,Federal Contract Tower,0,9,20,5,34,0,0,103,5,108,0,9,123,10,142,80,4,84,226
04/16/2003,GON,CT,ANE,EN,Federal Contract Tower,0,11,31,3,45,0,1,83,2,86,0,12,114,5,131,76,4,80,211
04/17/2003,GON,CT,ANE,EN,Federal Contract Tower,0,9,21,3,33,0,0,51,4,55,0,9,72,7,88,66,6,72,160
04/18/2003,GON,CT,ANE,EN,Federal Contract Tower,0,11,24,5,40,0,0,71,3,74,0,11,95,8,114,94,2,96,210
04/19/2003,GON,CT,ANE,EN,Federal Contract Tower,0,4,20,0,24,0,0,167,1,168,0,4,187,1,192,74,2,76,268
04/20/2003,GON,CT,ANE,EN,Federal Contract Tower,0,6,13,2,21,0,0,134,2,136,0,6,147,4,157,106,2,108,265
04/21/2003,GON,CT,ANE,EN,Federal Contract Tower,0,10,18,1,29,0,2,97,2,101,0,12,115,3,130,46,10,56,186
04/22/2003,GON,CT,ANE,EN,Federal Contract Tower,0,10,17,0,27,0,0,1,0,1,0,10,18,0,28,0,0,0,28
04/23/2003,GON,CT,ANE,EN,Federal Contract Tower,0,9,22,1,32,0,1,63,4,68,0,10,85,5,100,50,8,58,158
04/24/2003,GON,CT,ANE,EN,Federal Contract Tower,0,8,32,2,42,0,0,69,14,83,0,8,101,16,125,60,6,66,191
04/25/2003,GON,CT,ANE,EN,Federal Contract Tower,0,11,27,4,42,0,0,137,3,140,0,11,164,7,182,116,2,118,300
04/26/2003,GON,CT,ANE,EN,Federal Contract Tower,1,4,19,2,26,0,0,0,0,0,1,4,19,2,26,0,0,0,26
04/27/2003,GON,CT,ANE,EN,Federal Contract Tower,1,8,37,3,49,0,0,146,2,148,1,8,183,5,197,118,2,120,317
04/28/2003,GON,CT,ANE,EN,Federal Contract Tower,0,15,21,2,38,0,0,151,8,159,0,15,172,10,197,94,10,104,301
04/29/2003,GON,CT,ANE,EN,Federal Contract Tower,0,7,31,3,41,0,2,74,0,76,0,9,105,3,117,30,2,32,149
04/30/2003,GON,CT,ANE,EN,Federal Contract Tower,0,13,34,2,49,0,4,107,13,124,0,17,141,15,173,82,22,104,277
05/01/2003,GON,CT,ANE,EN,Federal Contract Tower,0,9,14,2,25,0,0,0,0,0,0,9,14,2,25,4,2,6,31
05/02/2003,GON,CT,ANE,EN,Federal Contract Tower,0,7,21,2,30,0,2,37,0,39,0,9,58,2,69,42,0,42,111
05/03/2003,GON,CT,ANE,EN,Federal Contract Tower,0,6,31,3,40,0,1,103,6,110,0,7,134,9,150,76,16,92,242
05/04/2003,GON,CT,ANE,EN,Federal Contract Tower,0,5,18,2,25,0,0,176,3,179,0,5,194,5,204,134,22,156,360
05/05/2003,GON,CT,ANE,EN,Federal Contract Tower,0,11,21,0,32,0,0,112,2,114,0,11,133,2,146,86,4,90,236
05/06/2003,GON,CT,ANE,EN,Federal Contract Tower,0,9,22,2,33,0,0,0,0,0,0,9,22,2,33,2,0,2,35
05/07/2003,GON,CT,ANE,EN,Federal Contract Tower,0,14,29,5,48,0,1,43,1,45,0,15,72,6,93,50,8,58,151
05/08/2003,GON,CT,ANE,EN,Federal Contract Tower,0,15,51,1,67,0,0,9,0,9,0,15,60,1,76,10,6,16,92
05/09/2003,GON,CT,ANE,EN,Federal Contract Tower,0,13,41,8,62,0,1,76,4,81,0,14,117,12,143,50,16,66,209
05/10/2003,GON,CT,ANE,EN,Federal Contract Tower,0,3,26,0,29,0,1,153,2,156,0,4,179,2,185,88,2,90,275
05/11/2003,GON,CT,ANE,EN,Federal Contract Tower,0,9,23,1,33,0,0,37,1,38,0,9,60,2,71,42,2,44,115
05/12/2003,GON,CT,ANE,EN,Federal Contract Tower,0,14,50,2,66,0,1,19,0,20,0,15,69,2,86,58,2,60,146
05/13/2003,GON,CT,ANE,EN,Federal Contract Tower,0,8,15,2,25,0,1,40,5,46,0,9,55,7,71,44,18,62,133
05/14/2003,GON,CT,ANE,EN,Federal Contract Tower,0,8,34,3,45,0,2,86,2,90,0,10,120,5,135,60,2,62,197
05/15/2003,GON,CT,ANE,EN,Federal Contract Tower,0,15,24,6,45,0,0,106,0,106,0,15,130,6,151,58,0,58,209
05/16/2003,GON,CT,ANE,EN,Federal Contract Tower,0,12,24,0,36,0,2,27,0,29,0,14,51,0,65,16,4,20,85
05/17/2003,GON,CT,ANE,EN,Federal Contract Tower,0,6,34,0,40,0,0,68,0,68,0,6,102,0,108,76,0,76,184
05/18/2003,GON,CT,ANE,EN,Federal Contract Tower,0,8,25,0,33,0,6,188,0,194,0,14,213,0,227,90,0,90,317
05/19/2003,GON,CT,ANE,EN,Federal Contract Tower,0,11,21,1,33,0,0,165,6,171,0,11,186,7,204,104,8,112,316
05/20/2003,GON,CT,ANE,EN,Federal Contract Tower,0,9,24,0,33,0,2,95,0,97,0,11,119,0,130,82,10,92,222
05/21/2003,GON,CT,ANE,EN,Federal Contract Tower,2,20,33,11,66,0,2,6,8,16,2,22,39,19,82,12,2,14,96
05/22/2003,GON,CT,ANE,EN,Federal Contract Tower,0,12,50,4,66,0,0,0,1,1,0,12,50,5,67,18,14,32,99
05/23/2003,GON,CT,ANE,EN,Federal Contract Tower,0,15,42,0,57,0,0,0,0,0,0,15,42,0,57,14,0,14,71
05/24/2003,GON,CT,ANE,EN,Federal Contract Tower,0,7,19,0,26,0,0,0,0,0,0,7,19,0,26,2,0,2,28
05/25/2003,GON,CT,ANE,EN,Federal Contract Tower,0,3,43,0,46,0,5,27,4,36,0,8,70,4,82,80,32,112,194
05/26/2003,GON,CT,ANE,EN,Federal Contract Tower,0,7,17,0,24,0,0,0,0,0,0,7,17,0,24,0,0,0,24
05/27/2003,GON,CT,ANE,EN,Federal Contract Tower,0,8,42,2,52,0,0,39,2,41,0,8,81,4,93,98,4,102,195
05/28/2003,GON,CT,ANE,EN,Federal Contract Tower,0,11,25,4,40,0,0,27,2,29,0,11,52,6,69,52,2,54,123
05/29/2003,GON,CT,ANE,EN,Federal Contract Tower,0,9,30,1,40,0,2,102,9,113,0,11,132,10,153,112,4,116,269
05/30/2003,GON,CT,ANE,EN,Federal Contract Tower,0,12,27,2,41,0,4,99,0,103,0,16,126,2,144,144,2,146,290
05/31/2003,GON,CT,ANE,EN,Federal Contract Tower,0,4,22,1,27,0,4,73,1,78,0,8,95,2,105,56,2,58,163
06/01/2003,GON,CT,ANE,EN,Federal Contract Tower,0,10,26,0,36,0,0,3,0,3,0,10,29,0,39,32,0,32,71
06/02/2003,GON,CT,ANE,EN,Federal Contract Tower,0,13,16,1,30,0,4,102,2,108,0,17,118,3,138,84,0,84,222
06/03/2003,GON,CT,ANE,EN,Federal Contract Tower,0,11,26,1,38,0,0,123,2,125,0,11,149,3,163,112,6,118,281
06/04/2003,GON,CT,ANE,EN,Federal Contract Tower,0,14,28,2,44,0,0,0,0,0,0,14,28,2,44,12,0,12,56
06/05/2003,GON,CT,ANE,EN,Federal Contract Tower,0,15,33,2,50,0,0,0,0,0,0,15,33,2,50,10,2,12,62
06/06/2003,GON,CT,ANE,EN,Federal Contract Tower,0,13,26,0,39,0,3,154,10,167,0,16,180,10,206,82,8,90,296
06/07/2003,GON,CT,ANE,EN,Federal Contract Tower,0,12,19,1,32,0,1,23,0,24,0,13,42,1,56,32,10,42,98
06/08/2003,GON,CT,ANE,EN,Federal Contract Tower,0,11,48,1,60,0,3,28,2,33,0,14,76,3,93,54,4,58,151
06/09/2003,GON,CT,ANE,EN,Federal Contract Tower,0,9,28,3,40,0,0,21,0,21,0,9,49,3,61,28,0,28,89
06/10/2003,GON,CT,ANE,EN,Federal Contract Tower,0,10,18,1,29,0,0,163,2,165,0,10,181,3,194,88,4,92,286
06/11/2003,GON,CT,ANE,EN,Federal Contract Tower,0,6,23,10,39,0,2,11,4,17,0,8,34,14,56,32,0,32,88
06/12/2003,GON,CT,ANE,EN,Federal Contract Tower,0,16,41,3,60,0,0,0,0,0,0,16,41,3,60,4,0,4,64
06/13/2003,GON,CT,ANE,EN,Federal Contract Tower,0,21,26,2,49,0,0,0,0,0,0,21,26,2,49,2,0,2,51
06/14/2003,GON,CT,ANE,EN,Federal Contract Tower,0,11,27,1,39,0,0,23,0,23,0,11,50,1,62,36,0,36,98
06/15/2003,GON,CT,ANE,EN,Federal Contract Tower,0,9,20,2,31,0,1,156,2,159,0,10,176,4,190,90,0,90,280
06/16/2003,GON,CT,ANE,EN,Federal Contract Tower,0,14,25,9,48,0,2,122,7,131,0,16,147,16,179,120,0,120,299
06/17/2003,GON,CT,ANE,EN,Federal Contract Tower,0,13,21,0,34,0,1,93,2,96,0,14,114,2,130,92,4,96,226
06/18/2003,GON,CT,ANE,EN,Federal Contract Tower,0,15,38,0,53,0,0,2,0,2,0,15,40,0,55,2,0,2,57
06/19/2003,GON,CT,ANE,EN,Federal Contract Tower,0,11,17,5,33,0,0,6,0,6,0,11,23,5,39,12,0,12,51
06/20/2003,GON,CT,ANE,EN,Federal Contract Tower,0,16,20,6,42,0,1,59,1,61,0,17,79,7,103,48,2,50,153
06/21/2003,GON,CT,ANE,EN,Federal Contract Tower,0,7,19,0,26,0,4,20,0,24,0,11,39,0,50,26,0,26,76
06/22/2003,GON,CT,ANE,EN,Federal Contract Tower,0,11,32,0,43,0,0,0,0,0,0,11,32,0,43,20,0,20,63
06/23/2003,GON,CT,ANE,EN,Federal Contract Tower,0,9,34,0,43,0,2,111,1,114,0,11,145,1,157,58,2,60,217
06/24/2003,GON,CT,ANE,EN,Federal Contract Tower,0,8,24,0,32,0,0,129,3,132,0,8,153,3,164,92,0,92,256
06/25/2003,GON,CT,ANE,EN,Federal Contract Tower,0,11,25,1,37,0,3,119,3,125,0,14,144,4,162,92,4,96,258
06/26/2003,GON,CT,ANE,EN,Federal Contract Tower,0,10,27,4,41,0,4,77,9,90,0,14,104,13,131,76,12,88,219
06/27/2003,GON,CT,ANE,EN,Federal Contract Tower,0,18,64,1,83,0,3,29,0,32,0,21,93,1,115,14,0,14,129
06/28/2003,GON,CT,ANE,EN,Federal Contract Tower,0,9,17,0,26,0,2,144,6,152,0,11,161,6,178,128,8,136,314
06/29/2003,GON,CT,ANE,EN,Federal Contract Tower,0,13,26,0,39,0,3,114,4,121,0,16,140,4,160,72,0,72,232
06/30/2003,GON,CT,ANE,EN,Federal Contract Tower,0,15,23,0,38,0,1,45,2,48,0,16,68,2,86,72,0,72,158
07/01/2003,GON,CT,ANE,EN,Federal Contract Tower,0,7,18,5,30,0,6,154,48,208,0,13,172,53,238,168,14,182,420
07/02/2003,GON,CT,ANE,EN,Federal Contract Tower,0,15,22,2,39,0,3,132,4,139,0,18,154,6,178,90,10,100,278
07/03/2003,GON,CT,ANE,EN,Federal Contract Tower,0,18,64,2,84,0,0,26,2,28,0,18,90,4,112,16,0,16,128
07/04/2003,GON,CT,ANE,EN,Federal Contract Tower,0,6,16,0,22,0,1,24,0,25,0,7,40,0,47,30,2,32,79
07/05/2003,GON,CT,ANE,EN,Federal Contract Tower,0,9,11,0,20,0,2,70,3,75,0,11,81,3,95,78,0,78,173
07/06/2003,GON,CT,ANE,EN,Federal Contract Tower,0,5,27,0,32,0,6,104,7,117,0,11,131,7,149,94,4,98,247
07/07/2003,GON,CT,ANE,EN,Federal Contract Tower,0,17,25,0,42,0,8,67,1,76,0,25,92,1,118,60,6,66,184
07/08/2003,GON,CT,ANE,EN,Federal Contract Tower,0,12,37,3,52,0,0,80,2,82,0,12,117,5,134,84,0,84,218
07/09/2003,GON,CT,ANE,EN,Federal Contract Tower,0,15,25,11,51,0,1,54,5,60,0,16,79,16,111,50,8,58,169
07/10/2003,GON,CT,ANE,EN,Federal Contract Tower,0,15,36,1,52,0,3,100,0,103,0,18,136,1,155,124,4,128,283
07/11/2003,GON,CT,ANE,EN,Federal Contract Tower,0,22,31,3,56,0,4,0,0,4,0,26,31,3,60,10,0,10,70
07/12/2003,GON,CT,ANE,EN,Federal Contract Tower,0,10,23,3,36,0,2,159,6,167,0,12,182,9,203,110,0,110,313
07/13/2003,GON,CT,ANE,EN,Federal Contract Tower,0,14,17,0,31,0,5,191,6,202,0,19,208,6,233,172,0,172,405
07/14/2003,GON,CT,ANE,EN,Federal Contract Tower,0,17,36,2,55,0,2,71,2,75,0,19,107,4,130,48,0,48,178
07/15/2003,GON,CT,ANE,EN,Federal Contract Tower,0,14,45,4,63,0,2,96,6,104,0,16,141,10,167,60,12,72,239
07/16/2003,GON,CT,ANE,EN,Federal Contract Tower,0,18,33,0,51,0,1,7,0,8,0,19,40,0,59,16,2,18,77
07/17/2003,GON,CT,ANE,EN,Federal Contract Tower,0,16,20,1,37,0,5,162,1,168,0,21,182,2,205,130,2,132,337
07/18/2003,GON,CT,ANE,EN,Federal Contract Tower,0,20,34,5,59,0,10,71,6,87,0,30,105,11,146,68,0,68,214
07/19/2003,GON,CT,ANE,EN,Federal Contract Tower,0,6,20,0,26,0,6,126,9,141,0,12,146,9,167,156,0,156,323
07/20/2003,GON,CT,ANE,EN,Federal Contract Tower,0,14,23,2,39,0,11,171,2,184,0,25,194,4,223,120,4,124,347
07/21/2003,GON,CT,ANE,EN,Federal Contract Tower,0,24,44,0,68,0,2,21,0,23,0,26,65,0,91,30,4,34,125
07/22/2003,GON,CT,ANE,EN,Federal Contract Tower,0,14,26,4,44,0,0,0,4,4,0,14,26,8,48,4,2,6,54
07/23/2003,GON,CT,ANE,EN,Federal Contract Tower,0,14,25,1,40,0,1,9,0,10,0,15,34,1,50,14,0,14,64
07/24/2003,GON,CT,ANE,EN,Federal Contract Tower,0,20,41,4,65,0,0,23,1,24,0,20,64,5,89,48,14,62,151
07/25/2003,GON,CT,ANE,EN,Federal Contract Tower,0,24,32,6,62,0,9,184,9,202,0,33,216,15,264,82,14,96,360
07/26/2003,GON,CT,ANE,EN,Federal Contract Tower,0,14,13,4,31,0,8,156,3,167,0,22,169,7,198,108,0,108,306
07/27/2003,GON,CT,ANE,EN,Federal Contract Tower,0,11,29,0,40,0,3,50,0,53,0,14,79,0,93,30,2,32,125
07/28/2003,GON,CT,ANE,EN,Federal Contract Tower,0,12,33,0,45,0,9,84,3,96,0,21,117,3,141,104,4,108,249
07/29/2003,GON,CT,ANE,EN,Federal Contract Tower,0,16,30,0,46,0,2,98,4,104,0,18,128,4,150,86,0,86,236
07/30/2003,GON,CT,ANE,EN,Federal Contract Tower,0,16,25,0,41,0,1,117,0,118,0,17,142,0,159,74,4,78,237
07/31/2003,GON,CT,ANE,EN,Federal Contract Tower,0,20,35,1,56,0,7,126,10,143,0,27,161,11,199,74,10,84,283
08/01/2003,GON,CT,ANE,EN,Federal Contract Tower,0,22,56,1,79,0,0,2,0,2,0,22,58,1,81,6,0,6,87
08/02/2003,GON,CT,ANE,EN,Federal Contract Tower,0,14,43,0,57,0,1,12,1,14,0,15,55,1,71,44,0,44,115
08/03/2003,GON,CT,ANE,EN,Federal Contract Tower,0,15,49,0,64,0,8,40,0,48,0,23,89,0,112,22,2,24,136
08/04/2003,GON,CT,ANE,EN,Federal Contract Tower,0,25,44,2,71,0,1,9,0,10,0,26,53,2,81,40,2,42,123
08/05/2003,GON,CT,ANE,EN,Federal Contract Tower,0,17,29,0,46,0,1,3,0,4,0,18,32,0,50,0,0,0,50
08/06/2003,GON,CT,ANE,EN,Federal Contract Tower,0,29,36,4,69,0,0,46,0,46,0,29,82,4,115,50,6,56,171
08/07/2003,GON,CT,ANE,EN,Federal Contract Tower,0,29,45,2,76,0,0,41,1,42,0,29,86,3,118,78,8,86,204
08/08/2003,GON,CT,ANE,EN,Federal Contract Tower,0,34,43,13,90,0,2,16,0,18,0,36,59,13,108,12,6,18,126
08/09/2003,GON,CT,ANE,EN,Federal Contract Tower,0,15,21,0,36,0,0,0,0,0,0,15,21,0,36,14,0,14,50
08/10/2003,GON,CT,ANE,EN,Federal Contract Tower,0,11,32,0,43,0,2,31,0,33,0,13,63,0,76,86,2,88,164
08/11/2003,GON,CT,ANE,EN,Federal Contract Tower,0,23,31,4,58,0,4,44,2,50,0,27,75,6,108,72,2,74,182
08/12/2003,GON,CT,ANE,EN,Federal Contract Tower,0,20,41,3,64,0,2,50,3,55,0,22,91,6,119,84,2,86,205
08/13/2003,GON,CT,ANE,EN,Federal Contract Tower,0,17,37,5,59,0,2,2,1,5,0,19,39,6,64,10,0,10,74
08/14/2003,GON,CT,ANE,EN,Federal Contract Tower,0,24,20,4,48,0,2,141,2,145,0,26,161,6,193,80,0,80,273
08/15/2003,GON,CT,ANE,EN,Federal Contract Tower,0,26,35,11,72,0,9,176,4,189,0,35,211,15,261,126,2,128,389
08/16/2003,GON,CT,ANE,EN,Federal Contract Tower,0,8,26,8,42,0,13,58,0,71,0,21,84,8,113,66,2,68,181
08/17/2003,GON,CT,ANE,EN,Federal Contract Tower,0,8,29,0,37,0,0,23,0,23,0,8,52,0,60,40,0,40,100
08/18/2003,GON,CT,ANE,EN,Federal Contract Tower,0,23,26,0,49,0,3,106,4,113,0,26,132,4,162,96,0,96,258
08/19/2003,GON,CT,ANE,EN,Federal Contract Tower,0,17,26,0,43,0,6,141,2,149,0,23,167,2,192,130,2,132,324
08/20/2003,GON,CT,ANE,EN,Federal Contract Tower,0,11,31,2,44,0,2,146,5,153,0,13,177,7,197,138,2,140,337
08/21/2003,GON,CT,ANE,EN,Federal Contract Tower,0,14,33,2,49,0,5,111,7,123,0,19,144,9,172,126,4,130,302
08/22/2003,GON,CT,ANE,EN,Federal Contract Tower,0,26,53,0,79,0,6,42,1,49,0,32,95,1,128,92,0,92,220
08/23/2003,GON,CT,ANE,EN,Federal Contract Tower,0,6,14,0,20,0,6,126,0,132,0,12,140,0,152,78,0,78,230
08/24/2003,GON,CT,ANE,EN,Federal Contract Tower,0,12,25,0,37,0,7,154,4,165,0,19,179,4,202,122,4,126,328
08/25/2003,GON,CT,ANE,EN,Federal Contract Tower,0,15,22,1,38,0,2,92,2,96,0,17,114,3,134,116,0,116,250
08/26/2003,GON,CT,ANE,EN,Federal Contract Tower,0,11,25,2,38,0,2,116,0,118,0,13,141,2,156,64,0,64,220
08/27/2003,GON,CT,ANE,EN,Federal Contract Tower,0,12,18,0,30,0,5,86,0,91,0,17,104,0,121,74,8,82,203
08/28/2003,GON,CT,ANE,EN,Federal Contract Tower,0,11,18,13,42,0,11,139,7,157,0,22,157,20,199,118,16,134,333
08/29/2003,GON,CT,ANE,EN,Federal Contract Tower,0,24,34,2,60,0,10,94,3,107,0,34,128,5,167,84,0,84,251
08/30/2003,GON,CT,ANE,EN,Federal Contract Tower,0,8,23,0,31,0,2,38,4,44,0,10,61,4,75,68,0,68,143
08/31/2003,GON,CT,ANE,EN,Federal Contract Tower,0,8,12,0,20,0,4,124,6,134,0,12,136,6,154,84,0,84,238
09/01/2003,GON,CT,ANE,EN,Federal Contract Tower,0,22,43,2,67,0,6,18,2,26,0,28,61,4,93,26,2,28,121
09/02/2003,GON,CT,ANE,EN,Federal Contract Tower,0,17,41,4,62,0,0,4,0,4,0,17,45,4,66,6,0,6,72
09/03/2003,GON,CT,ANE,EN,Federal Contract Tower,0,19,47,5,71,0,0,33,0,33,0,19,80,5,104,58,2,60,164
09/04/2003,GON,CT,ANE,EN,Federal Contract Tower,0,16,30,1,47,0,1,0,0,1,0,17,30,1,48,4,0,4,52
09/05/2003,GON,CT,ANE,EN,Federal Contract Tower,0,22,40,2,64,0,5,120,14,139,0,27,160,16,203,118,26,144,347
09/06/2003,GON,CT,ANE,EN,Federal Contract Tower,0,12,17,0,29,0,4,141,12,157,0,16,158,12,186,100,0,100,286
09/07/2003,GON,CT,ANE,EN,Federal Contract Tower,0,7,11,0,18,0,4,153,6,163,0,11,164,6,181,124,0,124,305
09/08/2003,GON,CT,ANE,EN,Federal Contract Tower,0,13,20,0,33,0,3,64,8,75,0,16,84,8,108,64,6,70,178
09/09/2003,GON,CT,ANE,EN,Federal Contract Tower,0,5,34,1,40,0,2,103,2,107,0,7,137,3,147,78,4,82,229
09/10/2003,GON,CT,ANE,EN,Federal Contract Tower,0,9,27,0,36,0,1,106,7,114,0,10,133,7,150,64,8,72,222
09/11/2003,GON,CT,ANE,EN,Federal Contract Tower,0,2,15,1,18,0,7,100,16,123,0,9,115,17,141,94,6,100,241
09/12/2003,GON,CT,ANE,EN,Federal Contract Tower,0,10,18,0,28,0,2,82,10,94,0,12,100,10,122,76,6,82,204
09/13/2003,GON,CT,ANE,EN,Federal Contract Tower,0,0,18,0,18,0,0,12,2,14,0,0,30,2,32,44,0,44,76
09/14/2003,GON,CT,ANE,EN,Federal Contract Tower,0,3,40,0,43,0,1,23,1,25,0,4,63,1,68,48,0,48,116
09/15/2003,GON,CT,ANE,EN,Federal Contract Tower,0,9,34,0,43,0,5,20,0,25,0,14,54,0,68,22,0,22,90
09/16/2003,GON,CT,ANE,EN,Federal Contract Tower,0,3,26,1,30,0,0,97,3,100,0,3,123,4,130,60,4,64,194
09/17/2003,GON,CT,ANE,EN,Federal Contract Tower,0,5,19,0,24,0,2,145,3,150,0,7,164,3,174,120,6,126,300
09/18/2003,GON,CT,ANE,EN,Federal Contract Tower,0,2,13,0,15,0,1,21,3,25,0,3,34,3,40,22,6,28,68
09/19/2003,GON,CT,ANE,EN,Federal Contract Tower,0,11,18,0,29,0,0,1,0,1,0,11,19,0,30,2,0,2,32
09/20/2003,GON,CT,ANE,EN,Federal Contract Tower,0,1,23,0,24,0,3,99,3,105,0,4,122,3,129,152,0,152,281
09/21/2003,GON,CT,ANE,EN,Federal Contract Tower,0,2,20,4,26,0,1,126,0,127,0,3,146,4,153,128,0,128,281
09/22/2003,GON,CT,ANE,EN,Federal Contract Tower,0,3,36,4,43,0,3,69,3,75,0,6,105,7,118,72,2,74,192
09/23/2003,GON,CT,ANE,EN,Federal Contract Tower,0,4,29,6,39,0,3,9,0,12,0,7,38,6,51,8,0,8,59
09/24/2003,GON,CT,ANE,EN,Federal Contract Tower,0,12,27,4,43,0,3,123,8,134,0,15,150,12,177,124,2,126,303
09/25/2003,GON,CT,ANE,EN,Federal Contract Tower,0,4,26,2,32,0,0,71,5,76,0,4,97,7,108,108,10,118,226
09/26/2003,GON,CT,ANE,EN,Federal Contract Tower,0,9,47,4,60,0,5,53,1,59,0,14,100,5,119,94,4,98,217
09/27/2003,GON,CT,ANE,EN,Federal Contract Tower,0,3,24,0,27,0,1,9,0,10,0,4,33,0,37,20,0,20,57
09/28/2003,GON,CT,ANE,EN,Federal Contract Tower,0,12,23,2,37,0,1,1,0,2,0,13,24,2,39,4,0,4,43
09/29/2003,GON,CT,ANE,EN,Federal Contract Tower,0,14,21,1,36,0,1,92,0,93,0,15,113,1,129,76,0,76,205
09/30/2003,GON,CT,ANE,EN,Federal Contract Tower,0,1,16,2,19,0,0,116,2,118,0,1,132,4,137,112,26,138,275
10/01/2003,GON,CT,ANE,EN,Federal Contract Tower,0,0,9,1,10,0,0,0,89,89,0,0,9,90,99,132,0,132,231
10/02/2003,GON,CT,ANE,EN,Federal Contract Tower,0,7,29,2,38,0,2,74,8,84,0,9,103,10,122,102,8,110,232
10/03/2003,GON,CT,ANE,EN,Federal Contract Tower,0,8,34,3,45,0,9,151,7,167,0,17,185,10,212,154,0,154,366
10/04/2003,GON,CT,ANE,EN,Federal Contract Tower,0,3,16,2,21,0,4,52,4,60,0,7,68,6,81,126,4,130,211
10/05/2003,GON,CT,ANE,EN,Federal Contract Tower,0,4,18,2,24,0,9,137,12,158,0,13,155,14,182,112,2,114,296
10/06/2003,GON,CT,ANE,EN,Federal Contract Tower,0,7,29,3,39,0,8,96,3,107,0,15,125,6,146,78,0,78,224
10/07/2003,GON,CT,ANE,EN,Federal Contract Tower,0,5,20,0,25,0,0,150,0,150,0,5,170,0,175,168,0,168,343
10/08/2003,GON,CT,ANE,EN,Federal Contract Tower,0,5,23,2,30,0,0,69,5,74,0,5,92,7,104,152,0,152,256
10/09/2003,GON,CT,ANE,EN,Federal Contract Tower,0,5,26,2,33,0,0,76,13,89,0,5,102,15,122,184,10,194,316
10/10/2003,GON,CT,ANE,EN,Federal Contract Tower,0,13,55,1,69,0,4,41,0,45,0,17,96,1,114,80,0,80,194
10/11/2003,GON,CT,ANE,EN,Federal Contract Tower,0,3,10,1,14,0,0,82,1,83,0,3,92,2,97,168,0,168,265
10/12/2003,GON,CT,ANE,EN,Federal Contract Tower,0,2,36,0,38,0,0,9,0,9,0,2,45,0,47,6,0,6,53
10/13/2003,GON,CT,ANE,EN,Federal Contract Tower,0,6,26,0,32,0,6,143,0,149,0,12,169,0,181,128,4,132,313
10/14/2003,GON,CT,ANE,EN,Federal Contract Tower,0,6,24,0,30,0,1,88,0,89,0,7,112,0,119,130,0,130,249
10/15/2003,GON,CT,ANE,EN,Federal Contract Tower,0,3,15,0,18,0,3,8,0,11,0,6,23,0,29,2,0,2,31
10/16/2003,GON,CT,ANE,EN,Federal Contract Tower,0,5,23,2,30,0,4,76,9,89,0,9,99,11,119,96,0,96,215
10/17/2003,GON,CT,ANE,EN,Federal Contract Tower,0,7,29,1,37,0,3,77,11,91,0,10,106,12,128,124,12,136,264
10/18/2003,GON,CT,ANE,EN,Federal Contract Tower,0,1,18,1,20,0,0,104,9,113,0,1,122,10,133,126,0,126,259
10/19/2003,GON,CT,ANE,EN,Federal Contract Tower,0,7,35,0,42,0,0,4,0,4,0,7,39,0,46,20,0,20,66
10/20/2003,GON,CT,ANE,EN,Federal Contract Tower,0,4,25,1,30,0,0,136,7,143,0,4,161,8,173,94,0,94,267
10/21/2003,GON,CT,ANE,EN,Federal Contract Tower,0,3,21,0,24,0,0,42,0,42,0,3,63,0,66,48,0,48,114
10/22/2003,GON,CT,ANE,EN,Federal Contract Tower,0,5,24,1,30,0,4,4,1,9,0,9,28,2,39,6,0,6,45
10/23/2003,GON,CT,ANE,EN,Federal Contract Tower,0,3,22,1,26,0,0,70,13,83,0,3,92,14,109,64,6,70,179
10/24/2003,GON,CT,ANE,EN,Federal Contract Tower,0,7,27,1,35,0,5,108,7,120,0,12,135,8,155,108,8,116,271
10/25/2003,GON,CT,ANE,EN,Federal Contract Tower,0,3,16,1,20,0,4,166,6,176,0,7,182,7,196,98,8,106,302
10/26/2003,GON,CT,ANE,EN,Federal Contract Tower,0,7,31,0,38,0,3,5,0,8,0,10,36,0,46,26,0,26,72
10/27/2003,GON,CT,ANE,EN,Federal Contract Tower,0,6,26,0,32,0,5,2,0,7,0,11,28,0,39,4,0,4,43
10/28/2003,GON,CT,ANE,EN,Federal Contract Tower,0,2,27,1,30,0,0,84,7,91,0,2,111,8,121,122,8,130,251
10/29/2003,GON,CT,ANE,EN,Federal Contract Tower,0,5,22,1,28,0,2,14,0,16,0,7,36,1,44,32,0,32,76
10/30/2003,GON,CT,ANE,EN,Federal Contract Tower,0,6,26,1,33,0,1,150,9,160,0,7,176,10,193,166,10,176,369
10/31/2003,GON,CT,ANE,EN,Federal Contract Tower,0,5,21,1,27,0,8,125,14,147,0,13,146,15,174,114,20,134,308
11/01/2003,GON,CT,ANE,EN,Federal Contract Tower,0,2,19,1,22,0,0,161,6,167,0,2,180,7,189,138,2,140,329
11/02/2003,GON,CT,ANE,EN,Federal Contract Tower,0,7,25,1,33,0,0,152,11,163,0,7,177,12,196,172,8,180,376
11/03/2003,GON,CT,ANE,EN,Federal Contract Tower,0,2,20,1,23,0,0,53,1,54,0,2,73,2,77,30,0,30,107
11/04/2003,GON,CT,ANE,EN,Federal Contract Tower,0,2,30,0,32,0,0,8,0,8,0,2,38,0,40,4,0,4,44
11/05/2003,GON,CT,ANE,EN,Federal Contract Tower,0,4,13,0,17,0,2,0,0,2,0,6,13,0,19,0,0,0,19
11/06/2003,GON,CT,ANE,EN,Federal Contract Tower,0,5,23,2,30,0,2,34,6,42,0,7,57,8,72,56,0,56,128
11/07/2003,GON,CT,ANE,EN,Federal Contract Tower,0,8,33,2,43,0,10,104,13,127,0,18,137,15,170,100,0,100,270
11/08/2003,GON,CT,ANE,EN,Federal Contract Tower,0,4,18,2,24,0,4,58,10,72,0,8,76,12,96,90,0,90,186
11/09/2003,GON,CT,ANE,EN,Federal Contract Tower,0,6,32,2,40,0,0,127,2,129,0,6,159,4,169,122,2,124,293
11/10/2003,GON,CT,ANE,EN,Federal Contract Tower,0,5,22,2,29,0,0,134,1,135,0,5,156,3,164,124,4,128,292
11/11/2003,GON,CT,ANE,EN,Federal Contract Tower,0,4,22,0,26,0,0,57,0,57,0,4,79,0,83,98,0,98,181
11/12/2003,GON,CT,ANE,EN,Federal Contract Tower,0,4,21,1,26,0,0,1,0,1,0,4,22,1,27,10,0,10,37
11/13/2003,GON,CT,ANE,EN,Federal Contract Tower,0,4,13,1,18,0,6,3,4,13,0,10,16,5,31,2,0,2,33
11/14/2003,GON,CT,ANE,EN,Federal Contract Tower,0,6,24,2,32,0,4,18,4,26,0,10,42,6,58,12,4,16,74
11/15/2003,GON,CT,ANE,EN,Federal Contract Tower,0,1,11,1,13,0,0,39,0,39,0,1,50,1,52,30,2,32,84
11/16/2003,GON,CT,ANE,EN,Federal Contract Tower,0,4,20,2,26,0,3,121,11,135,0,7,141,13,161,144,0,144,305
11/17/2003,GON,CT,ANE,EN,Federal Contract Tower,0,9,38,2,49,0,1,48,2,51,0,10,86,4,100,72,2,74,174
11/18/2003,GON,CT,ANE,EN,Federal Contract Tower,0,2,25,1,28,0,0,74,3,77,0,2,99,4,105,120,18,138,243
11/19/2003,GON,CT,ANE,EN,Federal Contract Tower,0,5,24,0,29,0,3,1,0,4,0,8,25,0,33,10,0,10,43
11/20/2003,GON,CT,ANE,EN,Federal Contract Tower,0,3,24,1,28,0,0,12,3,15,0,3,36,4,43,24,0,24,67
11/21/2003,GON,CT,ANE,EN,Federal Contract Tower,0,10,41,2,53,0,9,117,6,132,0,19,158,8,185,114,4,118,303
11/22/2003,GON,CT,ANE,EN,Federal Contract Tower,0,4,24,1,29,0,0,167,24,191,0,4,191,25,220,170,6,176,396
11/23/2003,GON,CT,ANE,EN,Federal Contract Tower,0,4,16,0,20,0,0,177,5,182,0,4,193,5,202,166,4,170,372
11/24/2003,GON,CT,ANE,EN,Federal Contract Tower,0,2,35,0,37,0,0,47,0,47,0,2,82,0,84,48,0,48,132
11/25/2003,GON,CT,ANE,EN,Federal Contract Tower,0,5,24,1,30,0,1,69,10,80,0,6,93,11,110,62,20,82,192
11/26/2003,GON,CT,ANE,EN,Federal Contract Tower,0,5,24,1,30,0,3,87,2,92,0,8,111,3,122,76,8,84,206
11/27/2003,GON,CT,ANE,EN,Federal Contract Tower,0,2,8,0,10,0,2,49,2,53,0,4,57,2,63,26,0,26,89
11/28/2003,GON,CT,ANE,EN,Federal Contract Tower,0,0,3,0,3,0,0,2,0,2,0,0,5,0,5,0,0,0,5
11/29/2003,GON,CT,ANE,EN,Federal Contract Tower,0,3,11,0,14,0,3,5,0,8,0,6,16,0,22,4,0,4,26
11/30/2003,GON,CT,ANE,EN,Federal Contract Tower,0,5,22,1,28,0,7,111,4,122,0,12,133,5,150,84,14,98,248
12/01/2003,GON,CT,ANE,EN,Federal Contract Tower,0,9,18,2,29,0,1,22,3,26,0,10,40,5,55,24,6,30,85
12/02/2003,GON,CT,ANE,EN,Federal Contract Tower,0,3,15,2,20,0,0,20,4,24,0,3,35,6,44,14,0,14,58
12/03/2003,GON,CT,ANE,EN,Federal Contract Tower,0,5,15,2,22,0,0,84,9,93,0,5,99,11,115,94,2,96,211
12/04/2003,GON,CT,ANE,EN,Federal Contract Tower,0,8,20,3,31,0,2,115,7,124,0,10,135,10,155,156,0,156,311
12/05/2003,GON,CT,ANE,EN,Federal Contract Tower,0,8,16,2,26,0,4,22,2,28,0,12,38,4,54,60,4,64,118
12/06/2003,GON,CT,ANE,EN,Federal Contract Tower,0,0,0,0,0,0,0,0,0,0,0,0,0,0,0,0,0,0,0
12/07/2003,GON,CT,ANE,EN,Federal Contract Tower,0,0,5,0,5,0,0,4,0,4,0,0,9,0,9,6,0,6,15
12/08/2003,GON,CT,ANE,EN,Federal Contract Tower,0,6,13,2,21,0,2,69,2,73,0,8,82,4,94,56,8,64,158
12/09/2003,GON,CT,ANE,EN,Federal Contract Tower,0,2,12,2,16,0,0,109,0,109,0,2,121,2,125,74,0,74,199
12/10/2003,GON,CT,ANE,EN,Federal Contract Tower,0,5,12,2,19,0,1,45,1,47,0,6,57,3,66,50,0,50,116
12/11/2003,GON,CT,ANE,EN,Federal Contract Tower,0,3,11,0,14,0,0,4,0,4,0,3,15,0,18,0,4,4,22
12/12/2003,GON,CT,ANE,EN,Federal Contract Tower,0,9,18,0,27,0,1,86,0,87,0,10,104,0,114,62,0,62,176
12/13/2003,GON,CT,ANE,EN,Federal Contract Tower,0,1,10,2,13,0,0,114,2,116,0,1,124,4,129,104,2,106,235
12/14/2003,GON,CT,ANE,EN,Federal Contract Tower,0,1,5,0,6,0,0,9,0,9,0,1,14,0,15,16,0,16,31
12/15/2003,GON,CT,ANE,EN,Federal Contract Tower,0,3,14,0,17,0,0,13,0,13,0,3,27,0,30,4,0,4,34
12/16/2003,GON,CT,ANE,EN,Federal Contract Tower,0,4,22,3,29,0,0,148,3,151,0,4,170,6,180,120,0,120,300
12/17/2003,GON,CT,ANE,EN,Federal Contract Tower,0,5,11,1,17,0,7,0,1,8,0,12,11,2,25,0,0,0,25
12/18/2003,GON,CT,ANE,EN,Federal Contract Tower,0,2,16,1,19,0,0,24,10,34,0,2,40,11,53,14,12,26,79
12/19/2003,GON,CT,ANE,EN,Federal Contract Tower,0,9,19,1,29,0,5,86,1,92,0,14,105,2,121,96,8,104,225
12/20/2003,GON,CT,ANE,EN,Federal Contract Tower,0,0,8,0,8,0,0,73,4,77,0,0,81,4,85,132,0,132,217
12/21/2003,GON,CT,ANE,EN,Federal Contract Tower,0,4,12,1,17,0,0,82,1,83,0,4,94,2,100,96,2,98,198
12/22/2003,GON,CT,ANE,EN,Federal Contract Tower,0,7,16,0,23,0,6,65,0,71,0,13,81,0,94,48,2,50,144
12/23/2003,GON,CT,ANE,EN,Federal Contract Tower,0,1,14,1,16,0,0,100,0,100,0,1,114,1,116,102,6,108,224
12/24/2003,GON,CT,ANE,EN,Federal Contract Tower,0,2,5,0,7,0,1,3,0,4,0,3,8,0,11,8,0,8,19
12/25/2003,GON,CT,ANE,EN,Federal Contract Tower,0,0,3,0,3,0,0,3,0,3,0,0,6,0,6,0,0,0,6
12/26/2003,GON,CT,ANE,EN,Federal Contract Tower,0,4,10,0,14,0,2,18,0,20,0,6,28,0,34,16,4,20,54
12/27/2003,GON,CT,ANE,EN,Federal Contract Tower,0,6,14,1,21,0,4,131,1,136,0,10,145,2,157,44,2,46,203
12/28/2003,GON,CT,ANE,EN,Federal Contract Tower,0,4,10,0,14,0,1,116,3,120,0,5,126,3,134,94,0,94,228
12/29/2003,GON,CT,ANE,EN,Federal Contract Tower,0,4,12,0,16,0,3,82,0,85,0,7,94,0,101,94,8,102,203
12/30/2003,GON,CT,ANE,EN,Federal Contract Tower,0,2,7,0,9,0,0,0,2,2,0,2,7,2,11,10,6,16,27
12/31/2003,GON,CT,ANE,EN,Federal Contract Tower,0,0,4,0,4,0,0,77,3,80,0,0,81,3,84,100,6,106,190
01/01/2004,GON,CT,ANE,EN,Federal Contract Tower,0,2,15,2,19,0,0,46,0,46,0,2,61,2,65,54,4,58,123
01/02/2004,GON,CT,ANE,EN,Federal Contract Tower,0,3,8,2,13,0,0,28,2,30,0,3,36,4,43,24,0,24,67
01/03/2004,GON,CT,ANE,EN,Federal Contract Tower,0,0,16,0,16,0,0,12,0,12,0,0,28,0,28,6,0,6,34
01/04/2004,GON,CT,ANE,EN,Federal Contract Tower,0,3,13,2,18,0,1,5,0,6,0,4,18,2,24,22,0,22,46
01/05/2004,GON,CT,ANE,EN,Federal Contract Tower,0,2,12,3,17,0,0,0,2,2,0,2,12,5,19,0,4,4,23
01/06/2004,GON,CT,ANE,EN,Federal Contract Tower,0,4,17,4,25,0,0,50,6,56,0,4,67,10,81,48,4,52,133
01/07/2004,GON,CT,ANE,EN,Federal Contract Tower,0,2,12,3,17,0,0,25,8,33,0,2,37,11,50,30,2,32,82
01/08/2004,GON,CT,ANE,EN,Federal Contract Tower,0,5,20,4,29,0,4,59,0,63,0,9,79,4,92,82,10,92,184
01/09/2004,GON,CT,ANE,EN,Federal Contract Tower,0,5,17,4,26,0,5,66,1,72,0,10,83,5,98,54,6,60,158
01/10/2004,GON,CT,ANE,EN,Federal Contract Tower,0,2,8,2,12,0,0,55,4,59,0,2,63,6,71,40,0,40,111
01/11/2004,GON,CT,ANE,EN,Federal Contract Tower,0,3,12,3,18,0,2,89,11,102,0,5,101,14,120,102,44,146,266
01/12/2004,GON,CT,ANE,EN,Federal Contract Tower,0,4,16,4,24,0,2,24,3,29,0,6,40,7,53,24,0,24,77
01/13/2004,GON,CT,ANE,EN,Federal Contract Tower,0,2,15,3,20,0,0,37,15,52,0,2,52,18,72,10,2,12,84
01/14/2004,GON,CT,ANE,EN,Federal Contract Tower,0,4,16,4,24,0,6,54,15,75,0,10,70,19,99,44,6,50,149
01/15/2004,GON,CT,ANE,EN,Federal Contract Tower,0,2,11,3,16,0,0,9,5,14,0,2,20,8,30,8,2,10,40
01/16/2004,GON,CT,ANE,EN,Federal Contract Tower,0,5,19,3,27,0,1,3,2,6,0,6,22,5,33,2,2,4,37
01/17/2004,GON,CT,ANE,EN,Federal Contract Tower,0,0,10,1,11,0,0,67,0,67,0,0,77,1,78,78,4,82,160
01/18/2004,GON,CT,ANE,EN,Federal Contract Tower,0,0,2,0,2,0,0,0,0,0,0,0,2,0,2,0,0,0,2
01/19/2004,GON,CT,ANE,EN,Federal Contract Tower,0,2,8,1,11,0,5,26,1,32,0,7,34,2,43,26,0,26,69
01/20/2004,GON,CT,ANE,EN,Federal Contract Tower,0,3,10,1,14,0,0,31,14,45,0,3,41,15,59,42,6,48,107
01/21/2004,GON,CT,ANE,EN,Federal Contract Tower,0,1,25,4,30,0,0,74,21,95,0,1,99,25,125,114,0,114,239
01/22/2004,GON,CT,ANE,EN,Federal Contract Tower,0,7,27,4,38,0,0,43,1,44,0,7,70,5,82,6,4,10,92
01/23/2004,GON,CT,ANE,EN,Federal Contract Tower,0,5,21,3,29,0,5,29,8,42,0,10,50,11,71,24,8,32,103
01/24/2004,GON,CT,ANE,EN,Federal Contract Tower,0,0,9,1,10,0,0,59,4,63,0,0,68,5,73,82,2,84,157
01/25/2004,GON,CT,ANE,EN,Federal Contract Tower,0,1,8,1,10,0,0,45,7,52,0,1,53,8,62,78,16,94,156
01/26/2004,GON,CT,ANE,EN,Federal Contract Tower,0,3,11,1,15,0,2,20,1,23,0,5,31,2,38,56,0,56,94
01/27/2004,GON,CT,ANE,EN,Federal Contract Tower,0,0,0,0,0,0,0,23,0,23,0,0,23,0,23,38,0,38,61
01/28/2004,GON,CT,ANE,EN,Federal Contract Tower,0,2,9,0,11,0,0,1,0,1,0,2,10,0,12,0,0,0,12
01/29/2004,GON,CT,ANE,EN,Federal Contract Tower,0,2,9,1,12,0,3,11,0,14,0,5,20,1,26,22,18,40,66
01/30/2004,GON,CT,ANE,EN,Federal Contract Tower,0,5,16,2,23,0,6,38,6,50,0,11,54,8,73,68,0,68,141
01/31/2004,GON,CT,ANE,EN,Federal Contract Tower,0,0,7,0,7,0,0,69,0,69,0,0,76,0,76,60,0,60,136
02/01/2004,GON,CT,ANE,EN,Federal Contract Tower,0,2,9,1,12,0,2,85,0,87,0,4,94,1,99,132,0,132,231
02/02/2004,GON,CT,ANE,EN,Federal Contract Tower,0,4,20,5,29,0,8,92,2,102,0,12,112,7,131,90,8,98,229
02/03/2004,GON,CT,ANE,EN,Federal Contract Tower,0,2,11,3,16,0,2,10,1,13,0,4,21,4,29,32,0,32,61
02/04/2004,GON,CT,ANE,EN,Federal Contract Tower,0,5,19,5,29,0,0,45,14,59,0,5,64,19,88,58,0,58,146
02/05/2004,GON,CT,ANE,EN,Federal Contract Tower,0,6,20,5,31,0,4,80,15,99,0,10,100,20,130,90,2,92,222
02/06/2004,GON,CT,ANE,EN,Federal Contract Tower,0,3,6,0,9,0,1,2,0,3,0,4,8,0,12,0,0,0,12
02/07/2004,GON,CT,ANE,EN,Federal Contract Tower,0,1,3,0,4,0,0,31,0,31,0,1,34,0,35,92,0,92,127
02/08/2004,GON,CT,ANE,EN,Federal Contract Tower,0,1,3,0,4,0,1,35,0,36,0,2,38,0,40,8,0,8,48
02/09/2004,GON,CT,ANE,EN,Federal Contract Tower,0,6,18,5,29,0,0,79,20,99,0,6,97,25,128,50,4,54,182
02/10/2004,GON,CT,ANE,EN,Federal Contract Tower,0,4,18,4,26,0,0,118,32,150,0,4,136,36,176,68,4,72,248
02/11/2004,GON,CT,ANE,EN,Federal Contract Tower,0,2,10,2,14,0,0,58,2,60,0,2,68,4,74,40,0,40,114
02/12/2004,GON,CT,ANE,EN,Federal Contract Tower,0,7,19,4,30,0,1,75,5,81,0,8,94,9,111,156,10,166,277
02/13/2004,GON,CT,ANE,EN,Federal Contract Tower,0,7,22,0,29,0,6,57,0,63,0,13,79,0,92,128,0,128,220
02/14/2004,GON,CT,ANE,EN,Federal Contract Tower,0,2,8,1,11,0,0,83,3,86,0,2,91,4,97,102,0,102,199
02/15/2004,GON,CT,ANE,EN,Federal Contract Tower,0,0,10,0,10,0,0,27,0,27,0,0,37,0,37,54,0,54,91
02/16/2004,GON,CT,ANE,EN,Federal Contract Tower,0,7,24,2,33,0,7,74,0,81,0,14,98,2,114,104,0,104,218
02/17/2004,GON,CT,ANE,EN,Federal Contract Tower,0,4,16,2,22,0,0,61,0,61,0,4,77,2,83,116,0,116,199
02/18/2004,GON,CT,ANE,EN,Federal Contract Tower,0,5,14,2,21,0,1,21,0,22,0,6,35,2,43,2,0,2,45
02/19/2004,GON,CT,ANE,EN,Federal Contract Tower,0,5,15,2,22,0,2,37,31,70,0,7,52,33,92,96,14,110,202
02/20/2004,GON,CT,ANE,EN,Federal Contract Tower,0,6,18,3,27,0,8,85,11,104,0,14,103,14,131,86,20,106,237
02/21/2004,GON,CT,ANE,EN,Federal Contract Tower,0,1,8,1,10,0,0,10,1,11,0,1,18,2,21,18,0,18,39
02/22/2004,GON,CT,ANE,EN,Federal Contract Tower,0,0,10,1,11,0,0,74,11,85,0,0,84,12,96,34,14,48,144
02/23/2004,GON,CT,ANE,EN,Federal Contract Tower,0,5,18,3,26,0,0,87,5,92,0,5,105,8,118,142,0,142,260
02/24/2004,GON,CT,ANE,EN,Federal Contract Tower,0,1,14,2,17,0,0,64,2,66,0,1,78,4,83,88,2,90,173
02/25/2004,GON,CT,ANE,EN,Federal Contract Tower,0,8,25,4,37,0,0,64,8,72,0,8,89,12,109,44,4,48,157
02/26/2004,GON,CT,ANE,EN,Federal Contract Tower,0,5,16,2,23,0,0,99,8,107,0,5,115,10,130,122,2,124,254
02/27/2004,GON,CT,ANE,EN,Federal Contract Tower,0,8,25,4,37,0,4,82,6,92,0,12,107,10,129,106,10,116,245
02/28/2004,GON,CT,ANE,EN,Federal Contract Tower,0,4,17,3,24,0,0,128,17,145,0,4,145,20,169,114,0,114,283
02/29/2004,GON,CT,ANE,EN,Federal Contract Tower,0,3,8,1,12,0,0,166,1,167,0,3,174,2,179,90,0,90,269
03/01/2004,GON,CT,ANE,EN,Federal Contract Tower,0,7,21,3,31,0,8,74,13,95,0,15,95,16,126,52,2,54,180
03/02/2004,GON,CT,ANE,EN,Federal Contract Tower,0,5,18,2,25,0,0,37,5,42,0,5,55,7,67,42,4,46,113
03/03/2004,GON,CT,ANE,EN,Federal Contract Tower,0,3,22,3,28,0,0,89,10,99,0,3,111,13,127,116,0,116,243
03/04/2004,GON,CT,ANE,EN,Federal Contract Tower,0,7,23,3,33,0,0,21,4,25,0,7,44,7,58,34,0,34,92
03/05/2004,GON,CT,ANE,EN,Federal Contract Tower,0,7,17,3,27,0,5,0,0,5,0,12,17,3,32,0,0,0,32
03/06/2004,GON,CT,ANE,EN,Federal Contract Tower,0,0,15,0,15,0,0,6,0,6,0,0,21,0,21,8,0,8,29
03/07/2004,GON,CT,ANE,EN,Federal Contract Tower,0,2,12,0,14,0,0,111,0,111,0,2,123,0,125,88,0,88,213
03/08/2004,GON,CT,ANE,EN,Federal Contract Tower,0,5,10,0,15,0,7,0,0,7,0,12,10,0,22,0,0,0,22
03/09/2004,GON,CT,ANE,EN,Federal Contract Tower,0,6,17,2,25,0,1,15,3,19,0,7,32,5,44,120,0,120,164
03/10/2004,GON,CT,ANE,EN,Federal Contract Tower,0,4,19,2,25,0,0,60,14,74,0,4,79,16,99,92,2,94,193
03/11/2004,GON,CT,ANE,EN,Federal Contract Tower,0,7,18,2,27,0,4,49,2,55,0,11,67,4,82,66,0,66,148
03/12/2004,GON,CT,ANE,EN,Federal Contract Tower,0,5,14,2,21,0,7,12,1,20,0,12,26,3,41,10,6,16,57
03/13/2004,GON,CT,ANE,EN,Federal Contract Tower,0,1,9,1,11,0,0,57,3,60,0,1,66,4,71,56,12,68,139
03/14/2004,GON,CT,ANE,EN,Federal Contract Tower,0,5,15,2,22,0,1,122,12,135,0,6,137,14,157,114,0,114,271
03/15/2004,GON,CT,ANE,EN,Federal Contract Tower,0,5,15,2,22,0,4,54,6,64,0,9,69,8,86,60,2,62,148
03/16/2004,GON,CT,ANE,EN,Federal Contract Tower,0,3,12,0,15,0,0,7,0,7,0,3,19,0,22,12,0,12,34
03/17/2004,GON,CT,ANE,EN,Federal Contract Tower,0,3,17,1,21,0,0,6,4,10,0,3,23,5,31,4,0,4,35
03/18/2004,GON,CT,ANE,EN,Federal Contract Tower,0,5,21,0,26,0,0,12,0,12,0,5,33,0,38,20,0,20,58
03/19/2004,GON,CT,ANE,EN,Federal Contract Tower,0,6,21,2,29,0,6,8,3,17,0,12,29,5,46,24,4,28,74
03/20/2004,GON,CT,ANE,EN,Federal Contract Tower,0,0,9,0,9,0,0,102,16,118,0,0,111,16,127,130,0,130,257
03/21/2004,GON,CT,ANE,EN,Federal Contract Tower,0,7,21,0,28,0,2,41,0,43,0,9,62,0,71,22,0,22,93
03/22/2004,GON,CT,ANE,EN,Federal Contract Tower,0,3,12,1,16,0,5,68,6,79,0,8,80,7,95,50,4,54,149
03/23/2004,GON,CT,ANE,EN,Federal Contract Tower,0,5,15,1,21,0,0,81,2,83,0,5,96,3,104,102,0,102,206
03/24/2004,GON,CT,ANE,EN,Federal Contract Tower,0,7,25,2,34,0,0,75,25,100,0,7,100,27,134,100,2,102,236
03/25/2004,GON,CT,ANE,EN,Federal Contract Tower,0,6,22,0,28,0,0,34,0,34,0,6,56,0,62,54,4,58,120
03/26/2004,GON,CT,ANE,EN,Federal Contract Tower,0,9,25,2,36,0,1,88,3,92,0,10,113,5,128,104,4,108,236
03/27/2004,GON,CT,ANE,EN,Federal Contract Tower,0,4,16,1,21,0,0,54,3,57,0,4,70,4,78,56,10,66,144
03/28/2004,GON,CT,ANE,EN,Federal Contract Tower,0,5,28,2,35,0,0,42,3,45,0,5,70,5,80,32,2,34,114
03/29/2004,GON,CT,ANE,EN,Federal Contract Tower,0,7,23,2,32,0,0,99,3,102,0,7,122,5,134,86,4,90,224
03/30/2004,GON,CT,ANE,EN,Federal Contract Tower,0,13,39,3,55,0,0,19,2,21,0,13,58,5,76,98,4,102,178
03/31/2004,GON,CT,ANE,EN,Federal Contract Tower,0,8,20,2,30,0,3,0,1,4,0,11,20,3,34,4,0,4,38
04/01/2004,GON,CT,ANE,EN,Federal Contract Tower,0,2,18,0,20,0,0,4,0,4,0,2,22,0,24,0,0,0,24
04/02/2004,GON,CT,ANE,EN,Federal Contract Tower,0,6,29,3,38,0,5,3,0,8,0,11,32,3,46,28,4,32,78
04/03/2004,GON,CT,ANE,EN,Federal Contract Tower,0,5,31,2,38,0,0,3,0,3,0,5,34,2,41,0,0,0,41
04/04/2004,GON,CT,ANE,EN,Federal Contract Tower,0,2,20,0,22,0,0,27,0,27,0,2,47,0,49,74,0,74,123
04/05/2004,GON,CT,ANE,EN,Federal Contract Tower,0,3,14,2,19,0,9,39,0,48,0,12,53,2,67,24,2,26,93
04/06/2004,GON,CT,ANE,EN,Federal Contract Tower,0,5,17,2,24,0,2,41,3,46,0,7,58,5,70,36,0,36,106
04/07/2004,GON,CT,ANE,EN,Federal Contract Tower,0,6,28,3,37,0,0,92,10,102,0,6,120,13,139,88,2,90,229
04/08/2004,GON,CT,ANE,EN,Federal Contract Tower,0,7,23,2,32,0,1,88,9,98,0,8,111,11,130,80,8,88,218
04/09/2004,GON,CT,ANE,EN,Federal Contract Tower,0,4,26,0,30,0,0,114,0,114,0,4,140,0,144,64,2,66,210
04/10/2004,GON,CT,ANE,EN,Federal Contract Tower,0,0,8,1,9,0,0,136,5,141,0,0,144,6,150,136,2,138,288
04/11/2004,GON,CT,ANE,EN,Federal Contract Tower,0,1,5,0,6,0,1,25,0,26,0,2,30,0,32,66,0,66,98
04/12/2004,GON,CT,ANE,EN,Federal Contract Tower,0,9,35,3,47,0,5,25,1,31,0,14,60,4,78,58,2,60,138
04/13/2004,GON,CT,ANE,EN,Federal Contract Tower,0,2,11,0,13,0,0,3,0,3,0,2,14,0,16,0,0,0,16
04/14/2004,GON,CT,ANE,EN,Federal Contract Tower,0,3,13,0,16,0,0,2,0,2,0,3,15,0,18,2,0,2,20
04/15/2004,GON,CT,ANE,EN,Federal Contract Tower,0,6,23,2,31,0,5,29,7,41,0,11,52,9,72,42,6,48,120
04/16/2004,GON,CT,ANE,EN,Federal Contract Tower,0,6,25,3,34,0,3,107,2,112,0,9,132,5,146,166,6,172,318
04/17/2004,GON,CT,ANE,EN,Federal Contract Tower,0,3,19,1,23,0,0,124,3,127,0,3,143,4,150,134,2,136,286
04/18/2004,GON,CT,ANE,EN,Federal Contract Tower,0,5,21,1,27,0,0,80,1,81,0,5,101,2,108,80,0,80,188
04/19/2004,GON,CT,ANE,EN,Federal Contract Tower,0,6,25,2,33,0,1,43,13,57,0,7,68,15,90,68,16,84,174
04/20/2004,GON,CT,ANE,EN,Federal Contract Tower,0,5,18,1,24,0,7,134,1,142,0,12,152,2,166,90,4,94,260
04/21/2004,GON,CT,ANE,EN,Federal Contract Tower,0,3,16,1,20,0,0,44,8,52,0,3,60,9,72,94,22,116,188
04/22/2004,GON,CT,ANE,EN,Federal Contract Tower,0,8,32,2,42,0,0,29,7,36,0,8,61,9,78,72,4,76,154
04/23/2004,GON,CT,ANE,EN,Federal Contract Tower,0,6,27,2,35,0,7,24,0,31,0,13,51,2,66,62,0,62,128
04/24/2004,GON,CT,ANE,EN,Federal Contract Tower,0,1,9,0,10,0,0,100,10,110,0,1,109,10,120,106,2,108,228
04/25/2004,GON,CT,ANE,EN,Federal Contract Tower,0,5,21,1,27,0,1,132,8,141,0,6,153,9,168,154,4,158,326
04/26/2004,GON,CT,ANE,EN,Federal Contract Tower,0,6,18,1,25,0,4,0,0,4,0,10,18,1,29,0,4,4,33
04/27/2004,GON,CT,ANE,EN,Federal Contract Tower,0,4,20,1,25,0,0,66,0,66,0,4,86,1,91,88,0,88,179
04/28/2004,GON,CT,ANE,EN,Federal Contract Tower,0,4,23,1,28,0,0,51,13,64,0,4,74,14,92,110,16,126,218
04/29/2004,GON,CT,ANE,EN,Federal Contract Tower,0,4,15,1,20,0,0,104,13,117,0,4,119,14,137,152,6,158,295
04/30/2004,GON,CT,ANE,EN,Federal Contract Tower,0,6,23,1,30,0,6,113,7,126,0,12,136,8,156,134,2,136,292
05/01/2004,GON,CT,ANE,EN,Federal Contract Tower,0,1,9,1,11,0,3,139,18,160,0,4,148,19,171,124,4,128,299
05/02/2004,GON,CT,ANE,EN,Federal Contract Tower,0,4,13,2,19,0,0,0,0,0,0,4,13,2,19,6,0,6,25
05/03/2004,GON,CT,ANE,EN,Federal Contract Tower,0,5,13,0,18,0,6,0,0,6,0,11,13,0,24,4,0,4,28
05/04/2004,GON,CT,ANE,EN,Federal Contract Tower,0,4,17,2,23,0,0,100,4,104,0,4,117,6,127,28,0,28,155
05/05/2004,GON,CT,ANE,EN,Federal Contract Tower,0,6,21,2,29,0,1,120,16,137,0,7,141,18,166,170,8,178,344
05/06/2004,GON,CT,ANE,EN,Federal Contract Tower,0,6,25,3,34,0,5,140,4,149,0,11,165,7,183,122,4,126,309
05/07/2004,GON,CT,ANE,EN,Federal Contract Tower,0,6,27,2,35,0,1,124,0,125,0,7,151,2,160,152,0,152,312
05/08/2004,GON,CT,ANE,EN,Federal Contract Tower,0,1,11,1,13,0,0,142,7,149,0,1,153,8,162,114,12,126,288
05/09/2004,GON,CT,ANE,EN,Federal Contract Tower,0,2,26,2,30,0,0,33,2,35,0,2,59,4,65,26,0,26,91
05/10/2004,GON,CT,ANE,EN,Federal Contract Tower,0,8,36,2,46,0,0,68,0,68,0,8,104,2,114,76,4,80,194
05/11/2004,GON,CT,ANE,EN,Federal Contract Tower,0,3,14,2,19,0,2,66,8,76,0,5,80,10,95,82,8,90,185
05/12/2004,GON,CT,ANE,EN,Federal Contract Tower,0,4,21,1,26,0,0,86,12,98,0,4,107,13,124,142,2,144,268
05/13/2004,GON,CT,ANE,EN,Federal Contract Tower,0,6,28,2,36,0,2,74,18,94,0,8,102,20,130,128,26,154,284
05/14/2004,GON,CT,ANE,EN,Federal Contract Tower,0,7,19,0,26,0,2,0,0,2,0,9,19,0,28,26,0,26,54
05/15/2004,GON,CT,ANE,EN,Federal Contract Tower,0,3,15,1,19,0,1,52,7,60,0,4,67,8,79,58,12,70,149
05/16/2004,GON,CT,ANE,EN,Federal Contract Tower,0,2,19,1,22,0,0,96,5,101,0,2,115,6,123,98,0,98,221
05/17/2004,GON,CT,ANE,EN,Federal Contract Tower,0,3,30,2,35,0,0,3,4,7,0,3,33,6,42,22,4,26,68
05/18/2004,GON,CT,ANE,EN,Federal Contract Tower,0,7,32,2,41,0,0,14,5,19,0,7,46,7,60,36,42,78,138
05/19/2004,GON,CT,ANE,EN,Federal Contract Tower,0,6,30,2,38,0,2,16,16,34,0,8,46,18,72,38,12,50,122
05/20/2004,GON,CT,ANE,EN,Federal Contract Tower,0,3,16,1,20,0,3,125,7,135,0,6,141,8,155,90,4,94,249
05/21/2004,GON,CT,ANE,EN,Federal Contract Tower,0,10,41,2,53,0,1,29,6,36,0,11,70,8,89,28,0,28,117
05/22/2004,GON,CT,ANE,EN,Federal Contract Tower,0,1,5,0,6,0,0,0,0,0,0,1,5,0,6,22,0,22,28
05/23/2004,GON,CT,ANE,EN,Federal Contract Tower,0,4,17,1,22,0,0,41,4,45,0,4,58,5,67,80,0,80,147
05/24/2004,GON,CT,ANE,EN,Federal Contract Tower,0,5,16,1,22,0,3,0,0,3,0,8,16,1,25,6,0,6,31
05/25/2004,GON,CT,ANE,EN,Federal Contract Tower,0,7,43,3,53,0,0,37,0,37,0,7,80,3,90,68,0,68,158
05/26/2004,GON,CT,ANE,EN,Federal Contract Tower,0,7,33,0,40,0,2,1,0,3,0,9,34,0,43,6,0,6,49
05/27/2004,GON,CT,ANE,EN,Federal Contract Tower,0,8,33,2,43,0,4,91,7,102,0,12,124,9,145,132,0,132,277
05/28/2004,GON,CT,ANE,EN,Federal Contract Tower,0,5,21,0,26,0,1,6,0,7,0,6,27,0,33,20,0,20,53
05/29/2004,GON,CT,ANE,EN,Federal Contract Tower,0,1,7,0,8,0,0,103,1,104,0,1,110,1,112,64,0,64,176
05/30/2004,GON,CT,ANE,EN,Federal Contract Tower,0,1,7,0,8,0,3,135,2,140,0,4,142,2,148,82,0,82,230
05/31/2004,GON,CT,ANE,EN,Federal Contract Tower,0,4,18,1,23,0,9,56,1,66,0,13,74,2,89,92,10,102,191
06/01/2004,GON,CT,ANE,EN,Federal Contract Tower,0,8,30,0,38,0,3,19,0,22,0,11,49,0,60,44,6,50,110
06/02/2004,GON,CT,ANE,EN,Federal Contract Tower,0,1,13,2,16,0,0,33,2,35,0,1,46,4,51,48,0,48,99
06/03/2004,GON,CT,ANE,EN,Federal Contract Tower,0,3,22,3,28,0,0,88,5,93,0,3,110,8,121,96,8,104,225
06/04/2004,GON,CT,ANE,EN,Federal Contract Tower,0,8,34,4,46,0,0,141,6,147,0,8,175,10,193,100,12,112,305
06/05/2004,GON,CT,ANE,EN,Federal Contract Tower,0,5,35,4,44,0,0,94,9,103,0,5,129,13,147,90,26,116,263
06/06/2004,GON,CT,ANE,EN,Federal Contract Tower,0,4,37,0,41,0,0,3,0,3,0,4,40,0,44,14,0,14,58
06/07/2004,GON,CT,ANE,EN,Federal Contract Tower,0,4,26,3,33,0,0,83,3,86,0,4,109,6,119,134,4,138,257
06/08/2004,GON,CT,ANE,EN,Federal Contract Tower,0,6,28,3,37,0,7,58,6,71,0,13,86,9,108,66,4,70,178
06/09/2004,GON,CT,ANE,EN,Federal Contract Tower,0,6,27,3,36,0,4,40,3,47,0,10,67,6,83,46,12,58,141
06/10/2004,GON,CT,ANE,EN,Federal Contract Tower,0,5,24,3,32,0,9,50,16,75,0,14,74,19,107,98,6,104,211
06/11/2004,GON,CT,ANE,EN,Federal Contract Tower,0,6,26,0,32,0,15,172,0,187,0,21,198,0,219,102,0,102,321
06/12/2004,GON,CT,ANE,EN,Federal Contract Tower,0,3,14,0,17,0,0,182,0,182,0,3,196,0,199,160,0,160,359
06/13/2004,GON,CT,ANE,EN,Federal Contract Tower,0,2,10,2,14,0,4,180,7,191,0,6,190,9,205,122,6,128,333
06/14/2004,GON,CT,ANE,EN,Federal Contract Tower,0,5,22,3,30,0,8,17,0,25,0,13,39,3,55,34,0,34,89
06/15/2004,GON,CT,ANE,EN,Federal Contract Tower,0,5,20,1,26,0,0,74,3,77,0,5,94,4,103,108,2,110,213
06/16/2004,GON,CT,ANE,EN,Federal Contract Tower,0,6,27,2,35,0,1,92,15,108,0,7,119,17,143,84,2,86,229
06/17/2004,GON,CT,ANE,EN,Federal Contract Tower,0,7,34,3,44,0,1,24,6,31,0,8,58,9,75,28,0,28,103
06/18/2004,GON,CT,ANE,EN,Federal Contract Tower,0,12,50,1,63,0,7,0,0,7,0,19,50,1,70,6,0,6,76
06/19/2004,GON,CT,ANE,EN,Federal Contract Tower,0,5,26,2,33,0,2,59,0,61,0,7,85,2,94,82,0,82,176
06/20/2004,GON,CT,ANE,EN,Federal Contract Tower,0,2,11,1,14,0,7,117,4,128,0,9,128,5,142,110,0,110,252
06/21/2004,GON,CT,ANE,EN,Federal Contract Tower,0,6,29,2,37,0,5,128,5,138,0,11,157,7,175,156,4,160,335
06/22/2004,GON,CT,ANE,EN,Federal Contract Tower,0,5,23,2,30,0,1,32,2,35,0,6,55,4,65,48,0,48,113
06/23/2004,GON,CT,ANE,EN,Federal Contract Tower,0,6,28,2,36,0,6,125,3,134,0,12,153,5,170,98,0,98,268
06/24/2004,GON,CT,ANE,EN,Federal Contract Tower,0,3,14,1,18,0,6,79,23,108,0,9,93,24,126,72,2,74,200
06/25/2004,GON,CT,ANE,EN,Federal Contract Tower,0,6,32,3,41,0,14,34,2,50,0,20,66,5,91,116,6,122,213
06/26/2004,GON,CT,ANE,EN,Federal Contract Tower,0,7,35,3,45,0,56,66,44,166,0,63,101,47,211,46,12,58,269
06/27/2004,GON,CT,ANE,EN,Federal Contract Tower,0,4,16,1,21,0,84,351,1,436,0,88,367,2,457,146,0,146,603
06/28/2004,GON,CT,ANE,EN,Federal Contract Tower,0,4,23,2,29,0,7,91,7,105,0,11,114,9,134,74,4,78,212
06/29/2004,GON,CT,ANE,EN,Federal Contract Tower,0,6,26,2,34,0,7,105,3,115,0,13,131,5,149,110,20,130,279
06/30/2004,GON,CT,ANE,EN,Federal Contract Tower,0,5,20,1,26,0,3,110,5,118,0,8,130,6,144,132,6,138,282
07/01/2004,GON,CT,ANE,EN,Federal Contract Tower,0,3,16,0,19,0,9,105,10,124,0,12,121,10,143,120,20,140,283
07/02/2004,GON,CT,ANE,EN,Federal Contract Tower,0,7,32,2,41,0,14,31,0,45,0,21,63,2,86,56,0,56,142
07/03/2004,GON,CT,ANE,EN,Federal Contract Tower,0,1,9,1,11,0,10,153,7,170,0,11,162,8,181,184,20,204,385
07/04/2004,GON,CT,ANE,EN,Federal Contract Tower,0,2,12,1,15,0,1,94,1,96,0,3,106,2,111,128,8,136,247
07/05/2004,GON,CT,ANE,EN,Federal Contract Tower,0,8,37,0,45,0,0,5,0,5,0,8,42,0,50,44,0,44,94
07/06/2004,GON,CT,ANE,EN,Federal Contract Tower,0,7,30,2,39,0,10,86,7,103,0,17,116,9,142,74,20,94,236
07/07/2004,GON,CT,ANE,EN,Federal Contract Tower,0,4,17,2,23,0,9,105,1,115,0,13,122,3,138,110,0,110,248
07/08/2004,GON,CT,ANE,EN,Federal Contract Tower,0,6,26,2,34,0,8,48,2,58,0,14,74,4,92,104,2,106,198
07/09/2004,GON,CT,ANE,EN,Federal Contract Tower,0,8,30,2,40,0,10,91,8,109,0,18,121,10,149,70,24,94,243
07/10/2004,GON,CT,ANE,EN,Federal Contract Tower,0,3,11,1,15,0,2,113,7,122,0,5,124,8,137,202,0,202,339
07/11/2004,GON,CT,ANE,EN,Federal Contract Tower,0,7,30,0,37,0,2,141,0,143,0,9,171,0,180,160,0,160,340
07/12/2004,GON,CT,ANE,EN,Federal Contract Tower,0,7,28,0,35,0,1,54,0,55,0,8,82,0,90,48,6,54,144
07/13/2004,GON,CT,ANE,EN,Federal Contract Tower,0,4,31,1,36,0,0,7,0,7,0,4,38,1,43,4,2,6,49
07/14/2004,GON,CT,ANE,EN,Federal Contract Tower,0,9,38,3,50,0,4,18,1,23,0,13,56,4,73,64,6,70,143
07/15/2004,GON,CT,ANE,EN,Federal Contract Tower,0,10,44,3,57,0,8,36,2,46,0,18,80,5,103,98,6,104,207
07/16/2004,GON,CT,ANE,EN,Federal Contract Tower,0,8,35,3,46,0,14,117,3,134,0,22,152,6,180,180,6,186,366
07/17/2004,GON,CT,ANE,EN,Federal Contract Tower,0,5,20,2,27,0,4,154,8,166,0,9,174,10,193,136,18,154,347
07/18/2004,GON,CT,ANE,EN,Federal Contract Tower,0,9,41,0,50,0,4,20,0,24,0,13,61,0,74,12,0,12,86
07/19/2004,GON,CT,ANE,EN,Federal Contract Tower,0,6,26,0,32,0,4,16,0,20,0,10,42,0,52,32,0,32,84
07/20/2004,GON,CT,ANE,EN,Federal Contract Tower,0,6,27,0,33,0,4,46,0,50,0,10,73,0,83,90,6,96,179
07/21/2004,GON,CT,ANE,EN,Federal Contract Tower,0,7,33,2,42,0,7,102,10,119,0,14,135,12,161,156,10,166,327
07/22/2004,GON,CT,ANE,EN,Federal Contract Tower,0,7,39,2,48,0,0,66,9,75,0,7,105,11,123,94,10,104,227
07/23/2004,GON,CT,ANE,EN,Federal Contract Tower,0,7,47,2,56,0,0,27,1,28,0,7,74,3,84,34,16,50,134
07/24/2004,GON,CT,ANE,EN,Federal Contract Tower,0,6,32,1,39,0,0,37,3,40,0,6,69,4,79,60,18,78,157
07/25/2004,GON,CT,ANE,EN,Federal Contract Tower,0,7,30,1,38,1,7,93,5,106,1,14,123,6,144,102,2,104,248
07/26/2004,GON,CT,ANE,EN,Federal Contract Tower,0,8,35,2,45,0,10,107,9,126,0,18,142,11,171,134,12,146,317
07/27/2004,GON,CT,ANE,EN,Federal Contract Tower,0,6,28,1,35,0,3,47,11,61,0,9,75,12,96,62,32,94,190
07/28/2004,GON,CT,ANE,EN,Federal Contract Tower,0,4,17,1,22,0,2,0,1,3,0,6,17,2,25,4,0,4,29
07/29/2004,GON,CT,ANE,EN,Federal Contract Tower,0,7,34,2,43,0,4,90,9,103,0,11,124,11,146,66,8,74,220
07/30/2004,GON,CT,ANE,EN,Federal Contract Tower,0,14,60,3,77,0,0,53,12,65,0,14,113,15,142,84,2,86,228
07/31/2004,GON,CT,ANE,EN,Federal Contract Tower,0,8,35,0,43,0,1,87,0,88,0,9,122,0,131,84,0,84,215
08/01/2004,GON,CT,ANE,EN,Federal Contract Tower,0,5,24,0,29,0,0,7,0,7,0,5,31,0,36,18,0,18,54
08/02/2004,GON,CT,ANE,EN,Federal Contract Tower,0,7,24,0,31,0,12,76,0,88,0,19,100,0,119,118,2,120,239
08/03/2004,GON,CT,ANE,EN,Federal Contract Tower,0,10,32,2,44,0,3,21,6,30,0,13,53,8,74,70,18,88,162
08/04/2004,GON,CT,ANE,EN,Federal Contract Tower,0,9,38,2,49,0,0,83,3,86,0,9,121,5,135,100,6,106,241
08/05/2004,GON,CT,ANE,EN,Federal Contract Tower,0,9,32,2,43,0,8,40,6,54,0,17,72,8,97,78,6,84,181
08/06/2004,GON,CT,ANE,EN,Federal Contract Tower,0,9,30,2,41,0,10,116,6,132,0,19,146,8,173,86,22,108,281
08/07/2004,GON,CT,ANE,EN,Federal Contract Tower,0,5,17,1,23,0,1,162,7,170,0,6,179,8,193,82,0,82,275
08/08/2004,GON,CT,ANE,EN,Federal Contract Tower,0,8,26,2,36,0,5,149,7,161,0,13,175,9,197,128,2,130,327
08/09/2004,GON,CT,ANE,EN,Federal Contract Tower,0,12,38,2,52,0,11,125,5,141,0,23,163,7,193,142,8,150,343
08/10/2004,GON,CT,ANE,EN,Federal Contract Tower,0,8,27,2,37,0,4,86,4,94,0,12,113,6,131,80,6,86,217
08/11/2004,GON,CT,ANE,EN,Federal Contract Tower,0,11,41,3,55,0,2,29,4,35,0,13,70,7,90,74,34,108,198
08/12/2004,GON,CT,ANE,EN,Federal Contract Tower,0,9,29,2,40,0,10,25,1,36,0,19,54,3,76,46,6,52,128
08/13/2004,GON,CT,ANE,EN,Federal Contract Tower,0,6,22,0,28,0,5,4,0,9,0,11,26,0,37,18,0,18,55
08/14/2004,GON,CT,ANE,EN,Federal Contract Tower,0,6,26,2,34,0,0,108,2,110,0,6,134,4,144,114,14,128,272
08/15/2004,GON,CT,ANE,EN,Federal Contract Tower,0,10,34,0,44,0,1,18,0,19,0,11,52,0,63,12,0,12,75
08/16/2004,GON,CT,ANE,EN,Federal Contract Tower,0,9,35,2,46,0,0,9,0,9,0,9,44,2,55,12,2,14,69
08/17/2004,GON,CT,ANE,EN,Federal Contract Tower,0,11,36,2,49,0,1,132,7,140,0,12,168,9,189,116,4,120,309
08/18/2004,GON,CT,ANE,EN,Federal Contract Tower,0,8,44,0,52,0,0,29,0,29,0,8,73,0,81,70,6,76,157
08/19/2004,GON,CT,ANE,EN,Federal Contract Tower,0,18,61,2,81,0,0,0,3,3,0,18,61,5,84,32,0,32,116
08/20/2004,GON,CT,ANE,EN,Federal Contract Tower,0,16,56,2,74,0,12,50,2,64,0,28,106,4,138,58,4,62,200
08/21/2004,GON,CT,ANE,EN,Federal Contract Tower,0,8,25,0,33,0,3,0,0,3,0,11,25,0,36,14,0,14,50
08/22/2004,GON,CT,ANE,EN,Federal Contract Tower,0,8,27,1,36,0,9,135,1,145,0,17,162,2,181,138,4,142,323
08/23/2004,GON,CT,ANE,EN,Federal Contract Tower,0,9,33,1,43,0,5,137,5,147,0,14,170,6,190,106,2,108,298
08/24/2004,GON,CT,ANE,EN,Federal Contract Tower,0,4,14,0,18,0,9,84,4,97,0,13,98,4,115,120,0,120,235
08/25/2004,GON,CT,ANE,EN,Federal Contract Tower,0,11,39,1,51,0,0,104,4,108,0,11,143,5,159,142,4,146,305
08/26/2004,GON,CT,ANE,EN,Federal Contract Tower,0,6,19,0,25,0,5,122,7,134,0,11,141,7,159,166,2,168,327
08/27/2004,GON,CT,ANE,EN,Federal Contract Tower,0,16,56,2,74,0,7,71,5,83,0,23,127,7,157,110,4,114,271
08/28/2004,GON,CT,ANE,EN,Federal Contract Tower,0,9,32,1,42,0,1,70,1,72,0,10,102,2,114,112,4,116,230
08/29/2004,GON,CT,ANE,EN,Federal Contract Tower,0,9,30,1,40,0,4,90,3,97,0,13,120,4,137,160,0,160,297
08/30/2004,GON,CT,ANE,EN,Federal Contract Tower,0,11,36,0,47,0,1,13,0,14,0,12,49,0,61,26,0,26,87
08/31/2004,GON,CT,ANE,EN,Federal Contract Tower,0,7,27,1,35,0,2,38,4,44,0,9,65,5,79,52,2,54,133
09/01/2004,GON,CT,ANE,EN,Federal Contract Tower,0,5,22,3,30,0,7,134,23,164,0,12,156,26,194,148,6,154,348
09/02/2004,GON,CT,ANE,EN,Federal Contract Tower,0,6,24,4,34,0,4,140,2,146,0,10,164,6,180,164,4,168,348
09/03/2004,GON,CT,ANE,EN,Federal Contract Tower,0,3,15,3,21,0,13,151,6,170,0,16,166,9,191,208,14,222,413
09/04/2004,GON,CT,ANE,EN,Federal Contract Tower,0,2,8,0,10,0,4,98,0,102,0,6,106,0,112,116,0,116,228
09/05/2004,GON,CT,ANE,EN,Federal Contract Tower,0,4,16,3,23,0,0,52,1,53,0,4,68,4,76,70,0,70,146
09/06/2004,GON,CT,ANE,EN,Federal Contract Tower,0,5,22,4,31,0,7,76,5,88,0,12,98,9,119,126,24,150,269
09/07/2004,GON,CT,ANE,EN,Federal Contract Tower,0,8,35,5,48,0,0,50,13,63,0,8,85,18,111,172,8,180,291
09/08/2004,GON,CT,ANE,EN,Federal Contract Tower,0,5,27,2,34,0,0,25,0,25,0,5,52,2,59,156,2,158,217
09/09/2004,GON,CT,ANE,EN,Federal Contract Tower,0,4,24,0,28,0,0,12,0,12,0,4,36,0,40,6,0,6,46
09/10/2004,GON,CT,ANE,EN,Federal Contract Tower,0,7,29,4,40,0,4,89,17,110,0,11,118,21,150,112,6,118,268
09/11/2004,GON,CT,ANE,EN,Federal Contract Tower,0,4,27,4,35,0,0,131,11,142,0,4,158,15,177,162,12,174,351
09/12/2004,GON,CT,ANE,EN,Federal Contract Tower,0,4,17,3,24,0,2,164,12,178,0,6,181,15,202,206,0,206,408
09/13/2004,GON,CT,ANE,EN,Federal Contract Tower,0,5,23,2,30,0,3,102,0,105,0,8,125,2,135,104,0,104,239
09/14/2004,GON,CT,ANE,EN,Federal Contract Tower,0,3,21,3,27,0,0,106,7,113,0,3,127,10,140,108,2,110,250
09/15/2004,GON,CT,ANE,EN,Federal Contract Tower,0,8,32,5,45,0,1,75,8,84,0,9,107,13,129,136,2,138,267
09/16/2004,GON,CT,ANE,EN,Federal Contract Tower,0,7,32,3,42,0,2,17,0,19,0,9,49,3,61,24,0,24,85
09/17/2004,GON,CT,ANE,EN,Federal Contract Tower,0,9,35,4,48,0,8,7,2,17,0,17,42,6,65,68,4,72,137
09/18/2004,GON,CT,ANE,EN,Federal Contract Tower,0,2,6,0,8,0,1,0,0,1,0,3,6,0,9,0,0,0,9
09/19/2004,GON,CT,ANE,EN,Federal Contract Tower,0,6,25,3,34,0,1,67,1,69,0,7,92,4,103,122,0,122,225
09/20/2004,GON,CT,ANE,EN,Federal Contract Tower,0,6,27,3,36,0,0,81,11,92,0,6,108,14,128,194,16,210,338
09/21/2004,GON,CT,ANE,EN,Federal Contract Tower,0,8,33,4,45,0,20,66,3,89,0,28,99,7,134,102,4,106,240
09/22/2004,GON,CT,ANE,EN,Federal Contract Tower,0,4,18,2,24,0,5,98,8,111,0,9,116,10,135,116,2,118,253
09/23/2004,GON,CT,ANE,EN,Federal Contract Tower,0,5,22,2,29,0,5,87,11,103,0,10,109,13,132,100,0,100,232
09/24/2004,GON,CT,ANE,EN,Federal Contract Tower,0,6,26,3,35,0,10,86,1,97,0,16,112,4,132,150,2,152,284
09/25/2004,GON,CT,ANE,EN,Federal Contract Tower,0,2,13,1,16,0,0,86,1,87,0,2,99,2,103,146,6,152,255
09/26/2004,GON,CT,ANE,EN,Federal Contract Tower,0,2,11,1,14,0,1,106,6,113,0,3,117,7,127,128,2,130,257
09/27/2004,GON,CT,ANE,EN,Federal Contract Tower,0,5,20,2,27,0,4,89,1,94,0,9,109,3,121,136,2,138,259
09/28/2004,GON,CT,ANE,EN,Federal Contract Tower,0,4,13,2,19,0,4,0,0,4,0,8,13,2,23,0,0,0,23
09/29/2004,GON,CT,ANE,EN,Federal Contract Tower,0,7,29,0,36,0,0,21,0,21,0,7,50,0,57,38,6,44,101
09/30/2004,GON,CT,ANE,EN,Federal Contract Tower,0,5,24,3,32,0,2,64,18,84,0,7,88,21,116,114,14,128,244
10/01/2004,GON,CT,ANE,EN,Federal Contract Tower,0,5,39,0,44,0,1,99,6,106,0,6,138,6,150,158,0,158,308
10/02/2004,GON,CT,ANE,EN,Federal Contract Tower,0,5,20,2,27,0,2,28,0,30,0,7,48,2,57,50,0,50,107
10/03/2004,GON,CT,ANE,EN,Federal Contract Tower,0,5,7,0,12,0,1,117,2,120,0,6,124,2,132,98,0,98,230
10/04/2004,GON,CT,ANE,EN,Federal Contract Tower,0,8,31,0,39,0,4,64,7,75,0,12,95,7,114,208,34,242,356
10/05/2004,GON,CT,ANE,EN,Federal Contract Tower,0,5,27,2,34,0,2,73,1,76,0,7,100,3,110,80,16,96,206
10/06/2004,GON,CT,ANE,EN,Federal Contract Tower,0,9,10,4,23,0,0,110,4,114,0,9,120,8,137,158,16,174,311
10/07/2004,GON,CT,ANE,EN,Federal Contract Tower,0,6,12,4,22,0,5,86,11,102,0,11,98,15,124,132,4,136,260
10/08/2004,GON,CT,ANE,EN,Federal Contract Tower,0,6,33,1,40,0,5,64,6,75,0,11,97,7,115,110,8,118,233
10/09/2004,GON,CT,ANE,EN,Federal Contract Tower,0,3,18,0,21,0,4,60,5,69,0,7,78,5,90,130,2,132,222
10/10/2004,GON,CT,ANE,EN,Federal Contract Tower,0,2,27,0,29,0,3,96,4,103,0,5,123,4,132,150,18,168,300
10/11/2004,GON,CT,ANE,EN,Federal Contract Tower,0,2,16,0,18,0,3,51,0,54,0,5,67,0,72,70,0,70,142
10/12/2004,GON,CT,ANE,EN,Federal Contract Tower,0,4,9,2,15,0,1,61,0,62,0,5,70,2,77,68,6,74,151
10/13/2004,GON,CT,ANE,EN,Federal Contract Tower,0,4,25,4,33,0,0,113,1,114,0,4,138,5,147,172,6,178,325
10/14/2004,GON,CT,ANE,EN,Federal Contract Tower,0,5,48,2,55,0,4,13,2,19,0,9,61,4,74,44,3,47,121
10/15/2004,GON,CT,ANE,EN,Federal Contract Tower,0,8,35,0,43,0,0,0,0,0,0,8,35,0,43,0,0,0,43
10/16/2004,GON,CT,ANE,EN,Federal Contract Tower,0,0,15,0,15,0,1,51,2,54,0,1,66,2,69,78,0,78,147
10/17/2004,GON,CT,ANE,EN,Federal Contract Tower,0,0,16,2,18,0,3,42,8,53,0,3,58,10,71,36,0,36,107
10/18/2004,GON,CT,ANE,EN,Federal Contract Tower,0,4,17,0,21,0,5,83,5,93,0,9,100,5,114,128,0,128,242
10/19/2004,GON,CT,ANE,EN,Federal Contract Tower,0,4,23,6,33,0,0,0,0,0,0,4,23,6,33,4,0,4,37
10/20/2004,GON,CT,ANE,EN,Federal Contract Tower,0,4,29,1,34,0,0,46,2,48,0,4,75,3,82,68,2,70,152
10/21/2004,GON,CT,ANE,EN,Federal Contract Tower,0,4,26,4,34,0,1,47,2,50,0,5,73,6,84,192,10,202,286
10/22/2004,GON,CT,ANE,EN,Federal Contract Tower,0,11,35,4,50,0,1,60,3,64,0,12,95,7,114,72,2,74,188
10/23/2004,GON,CT,ANE,EN,Federal Contract Tower,0,2,24,0,26,0,0,64,2,66,0,2,88,2,92,178,4,182,274
10/24/2004,GON,CT,ANE,EN,Federal Contract Tower,0,4,24,1,29,0,0,65,5,70,0,4,89,6,99,148,0,148,247
10/25/2004,GON,CT,ANE,EN,Federal Contract Tower,0,3,35,0,38,0,0,65,0,65,0,3,100,0,103,164,0,164,267
10/26/2004,GON,CT,ANE,EN,Federal Contract Tower,0,3,19,1,23,0,0,86,2,88,0,3,105,3,111,116,8,124,235
10/27/2004,GON,CT,ANE,EN,Federal Contract Tower,0,10,17,3,30,0,1,101,10,112,0,11,118,13,142,190,6,196,338
10/28/2004,GON,CT,ANE,EN,Federal Contract Tower,0,7,24,0,31,0,3,85,6,94,0,10,109,6,125,170,0,170,295
10/29/2004,GON,CT,ANE,EN,Federal Contract Tower,0,8,24,0,32,0,0,67,0,67,0,8,91,0,99,194,16,210,309
10/30/2004,GON,CT,ANE,EN,Federal Contract Tower,0,2,13,0,15,0,0,0,0,0,0,2,13,0,15,18,0,18,33
10/31/2004,GON,CT,ANE,EN,Federal Contract Tower,0,5,18,0,23,0,0,53,2,55,0,5,71,2,78,46,2,48,126
11/01/2004,GON,CT,ANE,EN,Federal Contract Tower,0,7,13,0,20,0,0,39,10,49,0,7,52,10,69,26,4,30,99
11/02/2004,GON,CT,ANE,EN,Federal Contract Tower,0,3,21,4,28,0,0,30,4,34,0,3,51,8,62,106,2,108,170
11/03/2004,GON,CT,ANE,EN,Federal Contract Tower,0,8,7,0,15,0,0,36,9,45,0,8,43,9,60,28,0,28,88
11/04/2004,GON,CT,ANE,EN,Federal Contract Tower,0,4,21,1,26,0,1,41,3,45,0,5,62,4,71,138,0,138,209
11/05/2004,GON,CT,ANE,EN,Federal Contract Tower,0,10,10,2,22,0,2,14,2,18,0,12,24,4,40,0,2,2,42
11/06/2004,GON,CT,ANE,EN,Federal Contract Tower,0,2,11,0,13,0,0,66,6,72,0,2,77,6,85,104,2,106,191
11/07/2004,GON,CT,ANE,EN,Federal Contract Tower,0,4,15,0,19,0,0,120,5,125,0,4,135,5,144,232,0,232,376
11/08/2004,GON,CT,ANE,EN,Federal Contract Tower,0,9,17,2,28,0,2,55,3,60,0,11,72,5,88,164,2,166,254
11/09/2004,GON,CT,ANE,EN,Federal Contract Tower,0,4,19,2,25,0,2,90,1,93,0,6,109,3,118,88,12,100,218
11/10/2004,GON,CT,ANE,EN,Federal Contract Tower,0,6,19,0,25,0,3,95,0,98,0,9,114,0,123,86,2,88,211
11/11/2004,GON,CT,ANE,EN,Federal Contract Tower,0,4,17,0,21,0,2,77,3,82,0,6,94,3,103,186,0,186,289
11/12/2004,GON,CT,ANE,EN,Federal Contract Tower,0,9,12,0,21,0,0,3,0,3,0,9,15,0,24,2,6,8,32
11/13/2004,GON,CT,ANE,EN,Federal Contract Tower,0,0,8,1,9,0,0,21,0,21,0,0,29,1,30,76,2,78,108
11/14/2004,GON,CT,ANE,EN,Federal Contract Tower,0,2,14,0,16,0,0,123,3,126,0,2,137,3,142,128,6,134,276
11/15/2004,GON,CT,ANE,EN,Federal Contract Tower,0,9,32,5,46,0,2,72,3,77,0,11,104,8,123,116,0,116,239
11/16/2004,GON,CT,ANE,EN,Federal Contract Tower,0,6,19,7,32,0,1,51,12,64,0,7,70,19,96,112,20,132,228
11/17/2004,GON,CT,ANE,EN,Federal Contract Tower,0,7,17,5,29,0,1,73,7,81,0,8,90,12,110,92,20,112,222
11/18/2004,GON,CT,ANE,EN,Federal Contract Tower,0,7,23,13,43,0,2,100,14,116,0,9,123,27,159,180,4,184,343
11/19/2004,GON,CT,ANE,EN,Federal Contract Tower,0,9,24,7,40,0,4,53,7,64,0,13,77,14,104,74,14,88,192
11/20/2004,GON,CT,ANE,EN,Federal Contract Tower,0,2,32,0,34,0,0,46,0,46,0,2,78,0,80,120,0,120,200
11/21/2004,GON,CT,ANE,EN,Federal Contract Tower,0,4,29,1,34,0,0,5,0,5,0,4,34,1,39,24,0,24,63
11/22/2004,GON,CT,ANE,EN,Federal Contract Tower,0,6,27,4,37,0,0,58,10,68,0,6,85,14,105,110,12,122,227
11/23/2004,GON,CT,ANE,EN,Federal Contract Tower,0,7,22,4,33,0,3,87,5,95,0,10,109,9,128,116,10,126,254
11/24/2004,GON,CT,ANE,EN,Federal Contract Tower,0,13,25,0,38,0,0,2,0,2,0,13,27,0,40,4,0,4,44
11/25/2004,GON,CT,ANE,EN,Federal Contract Tower,0,1,1,0,2,0,0,0,0,0,0,1,1,0,2,4,0,4,6
11/26/2004,GON,CT,ANE,EN,Federal Contract Tower,0,6,18,1,25,0,2,87,3,92,0,8,105,4,117,124,6,130,247
11/27/2004,GON,CT,ANE,EN,Federal Contract Tower,0,6,32,2,40,0,2,99,2,103,0,8,131,4,143,174,2,176,319
11/28/2004,GON,CT,ANE,EN,Federal Contract Tower,0,4,21,0,25,0,0,0,0,0,0,4,21,0,25,14,0,14,39
11/29/2004,GON,CT,ANE,EN,Federal Contract Tower,0,5,25,1,31,0,2,59,4,65,0,7,84,5,96,82,6,88,184
11/30/2004,GON,CT,ANE,EN,Federal Contract Tower,0,6,14,5,25,0,3,106,4,113,0,9,120,9,138,182,2,184,322
12/01/2004,GON,CT,ANE,EN,Federal Contract Tower,0,7,6,0,13,0,1,1,0,2,0,8,7,0,15,8,0,8,23
12/02/2004,GON,CT,ANE,EN,Federal Contract Tower,0,5,23,0,28,0,2,55,3,60,0,7,78,3,88,82,2,84,172
12/03/2004,GON,CT,ANE,EN,Federal Contract Tower,0,7,25,7,39,0,3,50,5,58,0,10,75,12,97,54,2,56,153
12/04/2004,GON,CT,ANE,EN,Federal Contract Tower,0,2,17,2,21,0,2,94,8,104,0,4,111,10,125,114,2,116,241
12/05/2004,GON,CT,ANE,EN,Federal Contract Tower,0,0,14,0,14,0,0,111,2,113,0,0,125,2,127,108,0,108,235
12/06/2004,GON,CT,ANE,EN,Federal Contract Tower,0,8,16,0,24,0,2,14,0,16,0,10,30,0,40,16,0,16,56
12/07/2004,GON,CT,ANE,EN,Federal Contract Tower,0,8,8,3,19,0,0,0,0,0,0,8,8,3,19,0,0,0,19
12/08/2004,GON,CT,ANE,EN,Federal Contract Tower,0,4,16,0,20,0,6,47,15,68,0,10,63,15,88,32,0,32,120
12/09/2004,GON,CT,ANE,EN,Federal Contract Tower,0,2,19,3,24,0,2,96,9,107,0,4,115,12,131,90,26,116,247
12/10/2004,GON,CT,ANE,EN,Federal Contract Tower,0,13,20,4,37,0,0,0,0,0,0,13,20,4,37,8,0,8,45
12/11/2004,GON,CT,ANE,EN,Federal Contract Tower,0,1,26,4,31,0,0,10,4,14,0,1,36,8,45,54,26,80,125
12/12/2004,GON,CT,ANE,EN,Federal Contract Tower,0,3,19,2,24,0,1,63,2,66,0,4,82,4,90,102,0,102,192
12/13/2004,GON,CT,ANE,EN,Federal Contract Tower,0,9,11,1,21,0,0,23,5,28,0,9,34,6,49,16,0,16,65
12/14/2004,GON,CT,ANE,EN,Federal Contract Tower,0,7,12,1,20,0,1,58,8,67,0,8,70,9,87,42,28,70,157
12/15/2004,GON,CT,ANE,EN,Federal Contract Tower,0,4,13,2,19,0,1,80,3,84,0,5,93,5,103,94,10,104,207
12/16/2004,GON,CT,ANE,EN,Federal Contract Tower,0,7,11,1,19,0,3,102,8,113,0,10,113,9,132,82,4,86,218
12/17/2004,GON,CT,ANE,EN,Federal Contract Tower,0,7,13,2,22,0,0,63,6,69,0,7,76,8,91,62,0,62,153
12/18/2004,GON,CT,ANE,EN,Federal Contract Tower,0,0,14,1,15,0,1,102,9,112,0,1,116,10,127,132,16,148,275
12/19/2004,GON,CT,ANE,EN,Federal Contract Tower,0,0,14,0,14,0,0,55,4,59,0,0,69,4,73,84,0,84,157
12/20/2004,GON,CT,ANE,EN,Federal Contract Tower,0,4,0,0,4,0,0,3,0,3,0,4,3,0,7,2,0,2,9
12/21/2004,GON,CT,ANE,EN,Federal Contract Tower,0,4,18,1,23,0,0,58,5,63,0,4,76,6,86,78,4,82,168
12/22/2004,GON,CT,ANE,EN,Federal Contract Tower,0,2,15,3,20,0,0,77,11,88,0,2,92,14,108,76,0,76,184
12/23/2004,GON,CT,ANE,EN,Federal Contract Tower,0,3,12,0,15,0,0,2,0,2,0,3,14,0,17,4,0,4,21
12/24/2004,GON,CT,ANE,EN,Federal Contract Tower,0,0,1,0,1,0,1,35,0,36,0,1,36,0,37,20,0,20,57
12/25/2004,GON,CT,ANE,EN,Federal Contract Tower,0,0,0,0,0,0,0,13,0,13,0,0,13,0,13,16,0,16,29
12/26/2004,GON,CT,ANE,EN,Federal Contract Tower,0,0,9,0,9,0,0,13,1,14,0,0,22,1,23,26,0,26,49
12/27/2004,GON,CT,ANE,EN,Federal Contract Tower,0,4,8,1,13,0,0,4,3,7,0,4,12,4,20,8,0,8,28
12/28/2004,GON,CT,ANE,EN,Federal Contract Tower,0,0,14,1,15,0,1,76,6,83,0,1,90,7,98,42,4,46,144
12/29/2004,GON,CT,ANE,EN,Federal Contract Tower,0,0,10,1,11,0,0,41,4,45,0,0,51,5,56,138,0,138,194
12/30/2004,GON,CT,ANE,EN,Federal Contract Tower,0,4,16,0,20,0,1,89,5,95,0,5,105,5,115,118,0,118,233
12/31/2004,GON,CT,ANE,EN,Federal Contract Tower,0,1,22,1,24,0,0,16,4,20,0,1,38,5,44,44,2,46,90
01/01/2005,GON,CT,ANE,EN,Federal Contract Tower,0,0,7,0,7,0,0,67,2,69,0,0,74,2,76,50,0,50,126
01/02/2005,GON,CT,ANE,EN,Federal Contract Tower,0,5,17,0,22,0,0,76,0,76,0,5,93,0,98,75,0,75,173
01/03/2005,GON,CT,ANE,EN,Federal Contract Tower,0,3,16,2,21,0,0,10,0,10,0,3,26,2,31,18,4,22,53
01/04/2005,GON,CT,ANE,EN,Federal Contract Tower,0,2,22,4,28,0,0,30,0,30,0,2,52,4,58,16,0,16,74
01/05/2005,GON,CT,ANE,EN,Federal Contract Tower,0,3,5,0,8,0,0,0,0,0,0,3,5,0,8,0,0,0,8
01/06/2005,GON,CT,ANE,EN,Federal Contract Tower,0,4,8,0,12,0,0,0,0,0,0,4,8,0,12,0,0,0,12
01/07/2005,GON,CT,ANE,EN,Federal Contract Tower,0,6,18,0,24,0,0,75,5,80,0,6,93,5,104,62,0,62,166
01/08/2005,GON,CT,ANE,EN,Federal Contract Tower,0,0,6,0,6,0,0,0,0,0,0,0,6,0,6,2,0,2,8
01/09/2005,GON,CT,ANE,EN,Federal Contract Tower,0,0,20,0,20,0,0,66,0,66,0,0,86,0,86,138,0,138,224
01/10/2005,GON,CT,ANE,EN,Federal Contract Tower,0,6,15,4,25,0,0,48,4,52,0,6,63,8,77,86,10,96,173
01/11/2005,GON,CT,ANE,EN,Federal Contract Tower,0,1,26,9,36,0,0,41,7,48,0,1,67,16,84,46,0,46,130
01/12/2005,GON,CT,ANE,EN,Federal Contract Tower,0,6,11,1,18,0,0,0,0,0,0,6,11,1,18,0,0,0,18
01/13/2005,GON,CT,ANE,EN,Federal Contract Tower,0,3,6,0,9,0,0,0,0,0,0,3,6,0,9,0,0,0,9
01/14/2005,GON,CT,ANE,EN,Federal Contract Tower,0,9,7,0,16,0,0,5,0,5,0,9,12,0,21,0,0,0,21
01/15/2005,GON,CT,ANE,EN,Federal Contract Tower,0,2,20,0,22,0,0,92,2,94,0,2,112,2,116,162,2,164,280
01/16/2005,GON,CT,ANE,EN,Federal Contract Tower,0,0,13,0,13,0,2,62,2,66,0,2,75,2,79,102,0,102,181
01/17/2005,GON,CT,ANE,EN,Federal Contract Tower,0,6,17,0,23,0,0,46,0,46,0,6,63,0,69,32,0,32,101
01/18/2005,GON,CT,ANE,EN,Federal Contract Tower,0,1,15,0,16,0,1,23,2,26,0,2,38,2,42,20,0,20,62
01/19/2005,GON,CT,ANE,EN,Federal Contract Tower,0,5,11,5,21,0,0,4,0,4,0,5,15,5,25,6,0,6,31
01/20/2005,GON,CT,ANE,EN,Federal Contract Tower,0,2,15,3,20,0,1,64,3,68,0,3,79,6,88,56,0,56,144
01/21/2005,GON,CT,ANE,EN,Federal Contract Tower,0,14,15,4,33,0,0,46,5,51,0,14,61,9,84,62,0,62,146
01/22/2005,GON,CT,ANE,EN,Federal Contract Tower,0,1,3,2,6,0,0,14,3,17,0,1,17,5,23,56,0,56,79
01/23/2005,GON,CT,ANE,EN,Federal Contract Tower,0,0,2,0,2,0,0,2,0,2,0,0,4,0,4,0,0,0,4
01/24/2005,GON,CT,ANE,EN,Federal Contract Tower,0,6,11,0,17,0,0,25,2,27,0,6,36,2,44,18,2,20,64
01/25/2005,GON,CT,ANE,EN,Federal Contract Tower,0,1,11,10,22,0,0,36,3,39,0,1,47,13,61,44,2,46,107
01/26/2005,GON,CT,ANE,EN,Federal Contract Tower,0,6,3,3,12,0,0,0,0,0,0,6,3,3,12,0,0,0,12
01/27/2005,GON,CT,ANE,EN,Federal Contract Tower,0,4,13,0,17,0,0,44,10,54,0,4,57,10,71,38,0,38,109
01/28/2005,GON,CT,ANE,EN,Federal Contract Tower,0,11,8,3,22,0,0,69,2,71,0,11,77,5,93,72,0,72,165
01/29/2005,GON,CT,ANE,EN,Federal Contract Tower,0,1,17,0,18,0,0,85,3,88,0,1,102,3,106,104,0,104,210
01/30/2005,GON,CT,ANE,EN,Federal Contract Tower,0,1,6,0,7,0,0,65,2,67,0,1,71,2,74,54,0,54,128
01/31/2005,GON,CT,ANE,EN,Federal Contract Tower,0,5,16,2,23,0,0,84,2,86,0,5,100,4,109,62,2,64,173
02/01/2005,GON,CT,ANE,EN,Federal Contract Tower,0,4,17,3,24,0,1,79,7,87,0,5,96,10,111,46,40,86,197
02/02/2005,GON,CT,ANE,EN,Federal Contract Tower,0,3,23,5,31,0,2,84,1,87,0,5,107,6,118,50,38,88,206
02/03/2005,GON,CT,ANE,EN,Federal Contract Tower,0,4,18,5,27,0,0,19,8,27,0,4,37,13,54,46,2,48,102
02/04/2005,GON,CT,ANE,EN,Federal Contract Tower,0,7,14,2,23,0,0,10,0,10,0,7,24,2,33,12,0,12,45
02/05/2005,GON,CT,ANE,EN,Federal Contract Tower,0,0,14,0,14,0,0,101,4,105,0,0,115,4,119,92,4,96,215
02/06/2005,GON,CT,ANE,EN,Federal Contract Tower,0,0,16,2,18,0,0,85,9,94,0,0,101,11,112,90,10,100,212
02/07/2005,GON,CT,ANE,EN,Federal Contract Tower,0,8,13,3,24,0,2,75,5,82,0,10,88,8,106,78,0,78,184
02/08/2005,GON,CT,ANE,EN,Federal Contract Tower,0,2,24,4,30,0,0,63,10,73,0,2,87,14,103,80,46,126,229
02/09/2005,GON,CT,ANE,EN,Federal Contract Tower,0,5,30,2,37,0,1,70,8,79,0,6,100,10,116,58,30,88,204
02/10/2005,GON,CT,ANE,EN,Federal Contract Tower,0,6,4,0,10,0,0,2,0,2,0,6,6,0,12,4,0,4,16
02/11/2005,GON,CT,ANE,EN,Federal Contract Tower,0,7,5,0,12,0,1,24,15,40,0,8,29,15,52,14,2,16,68
02/12/2005,GON,CT,ANE,EN,Federal Contract Tower,0,0,15,4,19,0,0,63,26,89,0,0,78,30,108,66,12,78,186
02/13/2005,GON,CT,ANE,EN,Federal Contract Tower,0,0,7,5,12,0,0,90,0,90,0,0,97,5,102,106,16,122,224
02/14/2005,GON,CT,ANE,EN,Federal Contract Tower,0,8,9,0,17,0,0,13,2,15,0,8,22,2,32,14,2,16,48
02/15/2005,GON,CT,ANE,EN,Federal Contract Tower,0,2,24,2,28,0,0,53,7,60,0,2,77,9,88,30,0,30,118
02/16/2005,GON,CT,ANE,EN,Federal Contract Tower,0,3,14,4,21,0,3,24,2,29,0,6,38,6,50,18,2,20,70
02/17/2005,GON,CT,ANE,EN,Federal Contract Tower,0,6,14,2,22,0,0,60,4,64,0,6,74,6,86,110,4,114,200
02/18/2005,GON,CT,ANE,EN,Federal Contract Tower,0,11,24,8,43,0,0,37,12,49,0,11,61,20,92,64,10,74,166
02/19/2005,GON,CT,ANE,EN,Federal Contract Tower,0,2,18,7,27,0,0,83,16,99,0,2,101,23,126,88,24,112,238
02/20/2005,GON,CT,ANE,EN,Federal Contract Tower,0,4,16,1,21,0,0,103,25,128,0,4,119,26,149,114,0,114,263
02/21/2005,GON,CT,ANE,EN,Federal Contract Tower,0,7,10,0,17,0,0,0,0,0,0,7,10,0,17,2,0,2,19
02/22/2005,GON,CT,ANE,EN,Federal Contract Tower,0,4,12,2,18,0,1,25,8,34,0,5,37,10,52,60,2,62,114
02/23/2005,GON,CT,ANE,EN,Federal Contract Tower,0,4,16,5,25,0,3,41,11,55,0,7,57,16,80,60,14,74,154
02/24/2005,GON,CT,ANE,EN,Federal Contract Tower,0,5,9,2,16,0,3,33,8,44,0,8,42,10,60,46,2,48,108
02/25/2005,GON,CT,ANE,EN,Federal Contract Tower,0,8,12,2,22,0,4,49,2,55,0,12,61,4,77,50,12,62,139
02/26/2005,GON,CT,ANE,EN,Federal Contract Tower,0,3,23,2,28,0,0,50,15,65,0,3,73,17,93,104,0,104,197
02/27/2005,GON,CT,ANE,EN,Federal Contract Tower,0,2,10,5,17,0,0,84,14,98,0,2,94,19,115,100,0,100,215
02/28/2005,GON,CT,ANE,EN,Federal Contract Tower,0,4,12,1,17,0,0,21,2,23,0,4,33,3,40,30,0,30,70
03/01/2005,GON,CT,ANE,EN,Federal Contract Tower,0,5,6,0,11,0,0,6,0,6,0,5,12,0,17,2,0,2,19
03/02/2005,GON,CT,ANE,EN,Federal Contract Tower,0,3,5,2,10,0,2,27,11,40,0,5,32,13,50,18,14,32,82
03/03/2005,GON,CT,ANE,EN,Federal Contract Tower,0,4,11,4,19,0,5,30,9,44,0,9,41,13,63,22,6,28,91
03/04/2005,GON,CT,ANE,EN,Federal Contract Tower,0,10,21,2,33,0,1,71,8,80,0,11,92,10,113,40,6,46,159
03/05/2005,GON,CT,ANE,EN,Federal Contract Tower,0,2,27,2,31,0,0,88,16,104,0,2,115,18,135,136,0,136,271
03/06/2005,GON,CT,ANE,EN,Federal Contract Tower,0,0,14,0,14,0,0,35,4,39,0,0,49,4,53,116,0,116,169
03/07/2005,GON,CT,ANE,EN,Federal Contract Tower,0,9,9,1,19,0,0,61,4,65,0,9,70,5,84,66,0,66,150
03/08/2005,GON,CT,ANE,EN,Federal Contract Tower,0,1,3,2,6,0,0,0,0,0,0,1,3,2,6,4,0,4,10
03/09/2005,GON,CT,ANE,EN,Federal Contract Tower,0,3,15,4,22,0,1,25,0,26,0,4,40,4,48,8,4,12,60
03/10/2005,GON,CT,ANE,EN,Federal Contract Tower,0,7,12,3,22,0,0,51,10,61,0,7,63,13,83,32,4,36,119
03/11/2005,GON,CT,ANE,EN,Federal Contract Tower,0,4,10,4,18,0,0,1,0,1,0,4,11,4,19,0,0,0,19
03/12/2005,GON,CT,ANE,EN,Federal Contract Tower,0,2,7,0,9,0,0,12,2,14,0,2,19,2,23,26,0,26,49
03/13/2005,GON,CT,ANE,EN,Federal Contract Tower,0,0,27,2,29,0,0,88,7,95,0,0,115,9,124,148,20,168,292
03/14/2005,GON,CT,ANE,EN,Federal Contract Tower,0,7,14,3,24,0,1,69,7,77,0,8,83,10,101,92,2,94,195
03/15/2005,GON,CT,ANE,EN,Federal Contract Tower,0,5,9,3,17,0,0,42,9,51,0,5,51,12,68,30,12,42,110
03/16/2005,GON,CT,ANE,EN,Federal Contract Tower,0,3,13,1,17,0,2,71,10,83,0,5,84,11,100,70,34,104,204
03/17/2005,GON,CT,ANE,EN,Federal Contract Tower,0,9,15,5,29,0,0,83,13,96,0,9,98,18,125,120,30,150,275
03/18/2005,GON,CT,ANE,EN,Federal Contract Tower,0,9,13,2,24,0,1,87,8,96,0,10,100,10,120,90,14,104,224
03/19/2005,GON,CT,ANE,EN,Federal Contract Tower,0,1,16,1,18,0,1,108,12,121,0,2,124,13,139,150,2,152,291
03/20/2005,GON,CT,ANE,EN,Federal Contract Tower,0,2,13,0,15,0,0,13,2,15,0,2,26,2,30,22,0,22,52
03/21/2005,GON,CT,ANE,EN,Federal Contract Tower,0,2,23,0,25,0,0,12,0,12,0,2,35,0,37,16,0,16,53
03/22/2005,GON,CT,ANE,EN,Federal Contract Tower,0,5,14,5,24,0,1,75,7,83,0,6,89,12,107,76,18,94,201
03/23/2005,GON,CT,ANE,EN,Federal Contract Tower,0,5,8,0,13,0,0,40,4,44,0,5,48,4,57,26,16,42,99
03/24/2005,GON,CT,ANE,EN,Federal Contract Tower,0,8,22,2,32,0,1,12,1,14,0,9,34,3,46,28,0,28,74
03/25/2005,GON,CT,ANE,EN,Federal Contract Tower,0,4,17,1,22,0,0,73,11,84,0,4,90,12,106,128,4,132,238
03/26/2005,GON,CT,ANE,EN,Federal Contract Tower,0,1,22,1,24,0,0,131,1,132,0,1,153,2,156,134,2,136,292
03/27/2005,GON,CT,ANE,EN,Federal Contract Tower,0,2,12,0,14,0,0,46,2,48,0,2,58,2,62,72,0,72,134
03/28/2005,GON,CT,ANE,EN,Federal Contract Tower,0,9,20,1,30,0,0,0,0,0,0,9,20,1,30,0,4,4,34
03/29/2005,GON,CT,ANE,EN,Federal Contract Tower,0,2,23,1,26,0,1,5,0,6,0,3,28,1,32,12,0,12,44
03/30/2005,GON,CT,ANE,EN,Federal Contract Tower,0,6,32,0,38,0,1,86,5,92,0,7,118,5,130,72,2,74,204
03/31/2005,GON,CT,ANE,EN,Federal Contract Tower,0,6,14,1,21,0,3,96,8,107,0,9,110,9,128,86,8,94,222
04/01/2005,GON,CT,ANE,EN,Federal Contract Tower,0,3,23,2,28,0,0,48,8,56,0,3,71,10,84,58,40,98,182
04/02/2005,GON,CT,ANE,EN,Federal Contract Tower,0,1,3,0,4,0,0,0,0,0,0,1,3,0,4,0,0,0,4
04/03/2005,GON,CT,ANE,EN,Federal Contract Tower,0,6,14,0,20,0,2,27,2,31,0,8,41,2,51,66,12,78,129
04/04/2005,GON,CT,ANE,EN,Federal Contract Tower,0,4,21,4,29,0,1,22,12,35,0,5,43,16,64,40,22,62,126
04/05/2005,GON,CT,ANE,EN,Federal Contract Tower,0,3,20,2,25,0,1,79,19,99,0,4,99,21,124,52,14,66,190
04/06/2005,GON,CT,ANE,EN,Federal Contract Tower,0,7,19,7,33,0,1,99,21,121,0,8,118,28,154,80,28,108,262
04/07/2005,GON,CT,ANE,EN,Federal Contract Tower,0,6,18,3,27,0,1,41,10,52,0,7,59,13,79,56,8,64,143
04/08/2005,GON,CT,ANE,EN,Federal Contract Tower,0,6,15,1,22,0,1,46,4,51,0,7,61,5,73,32,0,32,105
04/09/2005,GON,CT,ANE,EN,Federal Contract Tower,0,2,21,3,26,0,0,79,12,91,0,2,100,15,117,88,2,90,207
04/10/2005,GON,CT,ANE,EN,Federal Contract Tower,0,1,20,1,22,0,1,125,5,131,0,2,145,6,153,136,8,144,297
04/11/2005,GON,CT,ANE,EN,Federal Contract Tower,0,3,9,0,12,0,0,36,3,39,0,3,45,3,51,24,0,24,75
04/12/2005,GON,CT,ANE,EN,Federal Contract Tower,0,4,18,2,24,0,1,61,8,70,0,5,79,10,94,56,2,58,152
04/13/2005,GON,CT,ANE,EN,Federal Contract Tower,0,5,21,3,29,0,4,63,9,76,0,9,84,12,105,52,2,54,159
04/14/2005,GON,CT,ANE,EN,Federal Contract Tower,0,4,27,0,31,0,3,52,5,60,0,7,79,5,91,74,6,80,171
04/15/2005,GON,CT,ANE,EN,Federal Contract Tower,0,0,0,0,0,0,14,65,11,90,0,14,65,11,90,60,4,64,154
04/16/2005,GON,CT,ANE,EN,Federal Contract Tower,0,4,16,1,21,0,2,123,2,127,0,6,139,3,148,140,0,140,288
04/17/2005,GON,CT,ANE,EN,Federal Contract Tower,0,2,16,0,18,0,2,157,3,162,0,4,173,3,180,180,0,180,360
04/18/2005,GON,CT,ANE,EN,Federal Contract Tower,0,11,18,2,31,0,5,93,4,102,0,16,111,6,133,88,2,90,223
04/19/2005,GON,CT,ANE,EN,Federal Contract Tower,0,2,24,0,26,0,0,80,1,81,0,2,104,1,107,94,0,94,201
04/20/2005,GON,CT,ANE,EN,Federal Contract Tower,0,5,17,0,22,0,2,51,4,57,0,7,68,4,79,64,2,66,145
04/21/2005,GON,CT,ANE,EN,Federal Contract Tower,0,4,12,3,19,0,1,63,10,74,0,5,75,13,93,98,6,104,197
04/22/2005,GON,CT,ANE,EN,Federal Contract Tower,0,5,13,2,20,0,3,67,5,75,0,8,80,7,95,110,4,114,209
04/23/2005,GON,CT,ANE,EN,Federal Contract Tower,0,2,1,0,3,0,0,0,0,0,0,2,1,0,3,0,0,0,3
04/24/2005,GON,CT,ANE,EN,Federal Contract Tower,0,1,19,2,22,0,1,24,0,25,0,2,43,2,47,84,0,84,131
04/25/2005,GON,CT,ANE,EN,Federal Contract Tower,0,3,19,0,22,0,2,35,0,37,0,5,54,0,59,78,6,84,143
04/26/2005,GON,CT,ANE,EN,Federal Contract Tower,0,1,19,3,23,0,1,47,5,53,0,2,66,8,76,44,0,44,120
04/27/2005,GON,CT,ANE,EN,Federal Contract Tower,0,2,11,0,13,0,0,0,0,0,0,2,11,0,13,2,0,2,15
04/28/2005,GON,CT,ANE,EN,Federal Contract Tower,0,6,14,2,22,0,0,34,9,43,0,6,48,11,65,56,2,58,123
04/29/2005,GON,CT,ANE,EN,Federal Contract Tower,0,10,19,1,30,0,0,93,14,107,0,10,112,15,137,94,8,102,239
04/30/2005,GON,CT,ANE,EN,Federal Contract Tower,0,1,5,0,6,0,0,0,0,0,0,1,5,0,6,4,0,4,10
05/01/2005,GON,CT,ANE,EN,Federal Contract Tower,0,2,22,0,24,0,1,38,0,39,0,3,60,0,63,24,2,26,89
05/02/2005,GON,CT,ANE,EN,Federal Contract Tower,0,7,17,0,24,0,0,7,4,11,0,7,24,4,35,28,20,48,83
05/03/2005,GON,CT,ANE,EN,Federal Contract Tower,0,3,25,1,29,0,2,74,11,87,0,5,99,12,116,124,16,140,256
05/04/2005,GON,CT,ANE,EN,Federal Contract Tower,0,5,20,2,27,0,0,66,4,70,0,5,86,6,97,70,6,76,173
05/05/2005,GON,CT,ANE,EN,Federal Contract Tower,0,6,14,2,22,0,1,123,3,127,0,7,137,5,149,156,12,168,317
05/06/2005,GON,CT,ANE,EN,Federal Contract Tower,0,8,33,0,41,0,6,79,6,91,0,14,112,6,132,68,30,98,230
05/07/2005,GON,CT,ANE,EN,Federal Contract Tower,0,1,2,0,3,0,1,4,0,5,0,2,6,0,8,2,0,2,10
05/08/2005,GON,CT,ANE,EN,Federal Contract Tower,0,3,3,1,7,0,1,10,0,11,0,4,13,1,18,6,6,12,30
05/09/2005,GON,CT,ANE,EN,Federal Contract Tower,0,13,23,3,39,0,0,54,1,55,0,13,77,4,94,72,2,74,168
05/10/2005,GON,CT,ANE,EN,Federal Contract Tower,0,4,15,3,22,0,0,88,16,104,0,4,103,19,126,162,4,166,292
05/11/2005,GON,CT,ANE,EN,Federal Contract Tower,0,4,30,3,37,0,1,64,2,67,0,5,94,5,104,116,0,116,220
05/12/2005,GON,CT,ANE,EN,Federal Contract Tower,0,4,12,3,19,0,1,42,3,46,0,5,54,6,65,56,4,60,125
05/13/2005,GON,CT,ANE,EN,Federal Contract Tower,0,6,16,1,23,0,2,102,9,113,0,8,118,10,136,92,4,96,232
05/14/2005,GON,CT,ANE,EN,Federal Contract Tower,0,1,19,2,22,0,0,41,1,42,0,1,60,3,64,68,0,68,132
05/15/2005,GON,CT,ANE,EN,Federal Contract Tower,0,3,36,1,40,0,0,17,0,17,0,3,53,1,57,16,0,16,73
05/16/2005,GON,CT,ANE,EN,Federal Contract Tower,0,11,21,5,37,0,0,23,3,26,0,11,44,8,63,28,6,34,97
05/17/2005,GON,CT,ANE,EN,Federal Contract Tower,0,4,17,0,21,0,0,83,18,101,0,4,100,18,122,74,4,78,200
05/18/2005,GON,CT,ANE,EN,Federal Contract Tower,0,9,23,4,36,0,1,52,17,70,0,10,75,21,106,52,10,62,168
05/19/2005,GON,CT,ANE,EN,Federal Contract Tower,0,5,22,8,35,0,2,81,7,90,0,7,103,15,125,102,12,114,239
05/20/2005,GON,CT,ANE,EN,Federal Contract Tower,0,8,21,0,29,0,2,54,2,58,0,10,75,2,87,86,10,96,183
05/21/2005,GON,CT,ANE,EN,Federal Contract Tower,0,1,65,1,67,0,3,135,9,147,0,4,200,10,214,56,6,62,276
05/22/2005,GON,CT,ANE,EN,Federal Contract Tower,0,4,37,0,41,0,0,40,0,40,0,4,77,0,81,96,0,96,177
05/23/2005,GON,CT,ANE,EN,Federal Contract Tower,0,6,33,1,40,0,0,61,0,61,0,6,94,1,101,56,2,58,159
05/24/2005,GON,CT,ANE,EN,Federal Contract Tower,0,1,11,0,12,0,0,1,0,1,0,1,12,0,13,8,0,8,21
05/25/2005,GON,CT,ANE,EN,Federal Contract Tower,0,4,17,0,21,0,4,7,0,11,0,8,24,0,32,0,0,0,32
05/26/2005,GON,CT,ANE,EN,Federal Contract Tower,0,4,16,1,21,0,4,10,3,17,0,8,26,4,38,20,4,24,62
05/27/2005,GON,CT,ANE,EN,Federal Contract Tower,0,13,26,7,46,0,4,96,2,102,0,17,122,9,148,98,2,100,248
05/28/2005,GON,CT,ANE,EN,Federal Contract Tower,0,4,10,0,14,0,1,97,3,101,0,5,107,3,115,140,0,140,255
05/29/2005,GON,CT,ANE,EN,Federal Contract Tower,0,1,8,0,9,0,1,56,6,63,0,2,64,6,72,84,2,86,158
05/30/2005,GON,CT,ANE,EN,Federal Contract Tower,0,5,10,0,15,0,3,92,0,95,0,8,102,0,110,64,18,82,192
05/31/2005,GON,CT,ANE,EN,Federal Contract Tower,0,2,23,13,38,0,3,51,9,63,0,5,74,22,101,70,8,78,179
06/01/2005,GON,CT,ANE,EN,Federal Contract Tower,0,5,26,7,38,0,2,60,15,77,0,7,86,22,115,78,6,84,199
06/02/2005,GON,CT,ANE,EN,Federal Contract Tower,0,9,16,1,26,0,4,51,7,62,0,13,67,8,88,88,8,96,184
06/03/2005,GON,CT,ANE,EN,Federal Contract Tower,0,11,28,0,39,0,3,59,4,66,0,14,87,4,105,124,4,128,233
06/04/2005,GON,CT,ANE,EN,Federal Contract Tower,0,8,19,0,27,0,1,82,4,87,0,9,101,4,114,88,2,90,204
06/05/2005,GON,CT,ANE,EN,Federal Contract Tower,0,5,24,0,29,0,0,161,1,162,0,5,185,1,191,124,6,130,321
06/06/2005,GON,CT,ANE,EN,Federal Contract Tower,0,7,45,0,52,0,1,19,2,22,0,8,64,2,74,38,4,42,116
06/07/2005,GON,CT,ANE,EN,Federal Contract Tower,0,4,25,1,30,0,3,66,2,71,0,7,91,3,101,98,2,100,201
06/08/2005,GON,CT,ANE,EN,Federal Contract Tower,0,7,30,6,43,0,7,109,19,135,0,14,139,25,178,90,24,114,292
06/09/2005,GON,CT,ANE,EN,Federal Contract Tower,0,7,30,0,37,0,4,60,7,71,0,11,90,7,108,124,6,130,238
06/10/2005,GON,CT,ANE,EN,Federal Contract Tower,0,13,33,1,47,0,2,21,0,23,0,15,54,1,70,52,6,58,128
06/11/2005,GON,CT,ANE,EN,Federal Contract Tower,0,4,20,2,26,0,6,46,4,56,0,10,66,6,82,88,0,88,170
06/12/2005,GON,CT,ANE,EN,Federal Contract Tower,0,6,32,4,42,0,9,43,14,66,0,15,75,18,108,120,12,132,240
06/13/2005,GON,CT,ANE,EN,Federal Contract Tower,0,5,29,9,43,0,5,60,9,74,0,10,89,18,117,120,8,128,245
06/14/2005,GON,CT,ANE,EN,Federal Contract Tower,0,1,15,13,29,0,2,36,13,51,0,3,51,26,80,24,14,38,118
06/15/2005,GON,CT,ANE,EN,Federal Contract Tower,0,4,48,5,57,0,2,12,4,18,0,6,60,9,75,42,0,42,117
06/16/2005,GON,CT,ANE,EN,Federal Contract Tower,0,17,36,13,66,0,1,5,3,9,0,18,41,16,75,0,2,2,77
06/17/2005,GON,CT,ANE,EN,Federal Contract Tower,0,13,41,2,56,0,7,70,14,91,0,20,111,16,147,92,18,110,257
06/18/2005,GON,CT,ANE,EN,Federal Contract Tower,0,5,24,1,30,0,1,53,6,60,0,6,77,7,90,110,2,112,202
06/19/2005,GON,CT,ANE,EN,Federal Contract Tower,0,1,21,1,23,0,2,79,3,84,0,3,100,4,107,110,0,110,217
06/20/2005,GON,CT,ANE,EN,Federal Contract Tower,0,10,12,0,22,0,1,126,6,133,0,11,138,6,155,122,18,140,295
06/21/2005,GON,CT,ANE,EN,Federal Contract Tower,0,5,12,4,21,0,3,99,5,107,0,8,111,9,128,132,2,134,262
06/22/2005,GON,CT,ANE,EN,Federal Contract Tower,0,5,18,2,25,0,3,45,5,53,0,8,63,7,78,46,20,66,144
06/23/2005,GON,CT,ANE,EN,Federal Contract Tower,0,4,15,2,21,0,6,118,12,136,0,10,133,14,157,170,18,188,345
06/24/2005,GON,CT,ANE,EN,Federal Contract Tower,0,9,22,2,33,0,7,118,1,126,0,16,140,3,159,74,4,78,237
06/25/2005,GON,CT,ANE,EN,Federal Contract Tower,0,3,14,0,17,0,0,119,21,140,0,3,133,21,157,102,0,102,259
06/26/2005,GON,CT,ANE,EN,Federal Contract Tower,0,6,16,0,22,0,5,105,1,111,0,11,121,1,133,82,0,82,215
06/27/2005,GON,CT,ANE,EN,Federal Contract Tower,0,7,38,0,45,0,0,0,0,0,0,7,38,0,45,12,0,12,57
06/28/2005,GON,CT,ANE,EN,Federal Contract Tower,0,8,21,1,30,0,0,2,1,3,0,8,23,2,33,8,0,8,41
06/29/2005,GON,CT,ANE,EN,Federal Contract Tower,0,14,17,1,32,0,1,23,5,29,0,15,40,6,61,22,18,40,101
06/30/2005,GON,CT,ANE,EN,Federal Contract Tower,0,12,28,0,40,0,2,0,0,2,0,14,28,0,42,12,0,12,54
07/01/2005,GON,CT,ANE,EN,Federal Contract Tower,0,21,40,2,63,0,1,14,0,15,0,22,54,2,78,16,2,18,96
07/02/2005,GON,CT,ANE,EN,Federal Contract Tower,0,3,22,0,25,0,5,92,2,99,0,8,114,2,124,160,8,168,292
07/03/2005,GON,CT,ANE,EN,Federal Contract Tower,0,1,14,0,15,0,0,113,5,118,0,1,127,5,133,108,0,108,241
07/04/2005,GON,CT,ANE,EN,Federal Contract Tower,0,2,18,0,20,0,4,95,3,102,0,6,113,3,122,84,4,88,210
07/05/2005,GON,CT,ANE,EN,Federal Contract Tower,0,6,38,7,51,0,2,5,2,9,0,8,43,9,60,16,0,16,76
07/06/2005,GON,CT,ANE,EN,Federal Contract Tower,0,6,23,4,33,0,2,19,0,21,0,8,42,4,54,20,0,20,74
07/07/2005,GON,CT,ANE,EN,Federal Contract Tower,0,13,43,3,59,0,5,39,1,45,0,18,82,4,104,36,10,46,150
07/08/2005,GON,CT,ANE,EN,Federal Contract Tower,0,11,21,0,32,0,2,0,0,2,0,13,21,0,34,12,0,12,46
07/09/2005,GON,CT,ANE,EN,Federal Contract Tower,0,8,48,2,58,0,1,65,2,68,0,9,113,4,126,120,4,124,250
07/10/2005,GON,CT,ANE,EN,Federal Contract Tower,0,3,41,0,44,0,3,157,7,167,0,6,198,7,211,112,8,120,331
07/11/2005,GON,CT,ANE,EN,Federal Contract Tower,0,6,32,1,39,0,6,123,4,133,0,12,155,5,172,144,2,146,318
07/12/2005,GON,CT,ANE,EN,Federal Contract Tower,0,3,31,1,35,0,2,98,14,114,0,5,129,15,149,92,8,100,249
07/13/2005,GON,CT,ANE,EN,Federal Contract Tower,0,13,80,3,96,0,0,28,0,28,0,13,108,3,124,34,4,38,162
07/14/2005,GON,CT,ANE,EN,Federal Contract Tower,0,6,37,3,46,0,5,24,3,32,0,11,61,6,78,14,4,18,96
07/15/2005,GON,CT,ANE,EN,Federal Contract Tower,0,13,72,2,87,0,7,74,1,82,0,20,146,3,169,88,0,88,257
07/16/2005,GON,CT,ANE,EN,Federal Contract Tower,0,6,33,0,39,0,0,10,0,10,0,6,43,0,49,16,0,16,65
07/17/2005,GON,CT,ANE,EN,Federal Contract Tower,0,4,30,1,35,0,0,0,0,0,0,4,30,1,35,8,2,10,45
07/18/2005,GON,CT,ANE,EN,Federal Contract Tower,0,11,9,0,20,0,0,0,0,0,0,11,9,0,20,20,4,24,44
07/19/2005,GON,CT,ANE,EN,Federal Contract Tower,0,8,17,0,25,0,1,4,1,6,0,9,21,1,31,2,0,2,33
07/20/2005,GON,CT,ANE,EN,Federal Contract Tower,0,9,51,6,66,0,1,134,9,144,0,10,185,15,210,118,2,120,330
07/21/2005,GON,CT,ANE,EN,Federal Contract Tower,0,3,26,4,33,0,4,148,10,162,0,7,174,14,195,116,36,152,347
07/22/2005,GON,CT,ANE,EN,Federal Contract Tower,0,15,19,2,36,0,3,114,7,124,0,18,133,9,160,118,2,120,280
07/23/2005,GON,CT,ANE,EN,Federal Contract Tower,0,6,18,3,27,0,8,73,1,82,0,14,91,4,109,60,10,70,179
07/24/2005,GON,CT,ANE,EN,Federal Contract Tower,0,7,32,1,40,0,8,152,1,161,0,15,184,2,201,126,2,128,329
07/25/2005,GON,CT,ANE,EN,Federal Contract Tower,0,6,33,6,45,0,12,44,7,63,0,18,77,13,108,62,0,62,170
07/26/2005,GON,CT,ANE,EN,Federal Contract Tower,0,8,25,4,37,0,3,47,3,53,0,11,72,7,90,102,4,106,196
07/27/2005,GON,CT,ANE,EN,Federal Contract Tower,0,17,28,4,49,0,0,0,0,0,0,17,28,4,49,6,0,6,55
07/28/2005,GON,CT,ANE,EN,Federal Contract Tower,0,5,25,2,32,0,7,98,17,122,0,12,123,19,154,162,2,164,318
07/29/2005,GON,CT,ANE,EN,Federal Contract Tower,0,16,15,12,43,0,9,94,9,112,0,25,109,21,155,90,0,90,245
07/30/2005,GON,CT,ANE,EN,Federal Contract Tower,0,0,22,1,23,0,8,52,3,63,0,8,74,4,86,84,0,84,170
07/31/2005,GON,CT,ANE,EN,Federal Contract Tower,0,8,47,7,62,0,0,0,0,0,0,8,47,7,62,2,6,8,70
08/01/2005,GON,CT,ANE,EN,Federal Contract Tower,0,9,30,0,39,0,8,54,0,62,0,17,84,0,101,60,0,60,161
08/02/2005,GON,CT,ANE,EN,Federal Contract Tower,0,10,26,0,36,0,2,73,3,78,0,12,99,3,114,166,2,168,282
08/03/2005,GON,CT,ANE,EN,Federal Contract Tower,0,7,18,4,29,0,4,74,10,88,0,11,92,14,117,102,6,108,225
08/04/2005,GON,CT,ANE,EN,Federal Contract Tower,0,7,25,1,33,0,1,60,8,69,0,8,85,9,102,84,16,100,202
08/05/2005,GON,CT,ANE,EN,Federal Contract Tower,1,10,29,8,48,0,1,12,2,15,1,11,41,10,63,20,6,26,89
08/06/2005,GON,CT,ANE,EN,Federal Contract Tower,0,1,14,3,18,0,8,125,5,138,0,9,139,8,156,130,2,132,288
08/07/2005,GON,CT,ANE,EN,Federal Contract Tower,1,4,31,2,38,0,7,58,28,93,1,11,89,30,131,136,6,142,273
08/08/2005,GON,CT,ANE,EN,Federal Contract Tower,0,10,33,0,43,0,4,7,1,12,0,14,40,1,55,98,0,98,153
08/09/2005,GON,CT,ANE,EN,Federal Contract Tower,0,7,29,0,36,0,1,32,4,37,0,8,61,4,73,86,0,86,159
08/10/2005,GON,CT,ANE,EN,Federal Contract Tower,0,8,25,1,34,0,2,53,5,60,0,10,78,6,94,88,12,100,194
08/11/2005,GON,CT,ANE,EN,Federal Contract Tower,0,8,30,2,40,0,6,53,9,68,0,14,83,11,108,72,0,72,180
08/12/2005,GON,CT,ANE,EN,Federal Contract Tower,0,15,40,9,64,0,4,63,7,74,0,19,103,16,138,74,4,78,216
08/13/2005,GON,CT,ANE,EN,Federal Contract Tower,0,10,39,4,53,0,2,7,1,10,0,12,46,5,63,30,0,30,93
08/14/2005,GON,CT,ANE,EN,Federal Contract Tower,0,15,42,5,62,0,2,4,0,6,0,17,46,5,68,4,0,4,72
08/15/2005,GON,CT,ANE,EN,Federal Contract Tower,0,15,40,1,56,0,0,31,0,31,0,15,71,1,87,96,0,96,183
08/16/2005,GON,CT,ANE,EN,Federal Contract Tower,0,6,27,2,35,0,3,90,5,98,0,9,117,7,133,190,4,194,327
08/17/2005,GON,CT,ANE,EN,Federal Contract Tower,0,11,28,1,40,0,5,96,10,111,0,16,124,11,151,108,10,118,269
08/18/2005,GON,CT,ANE,EN,Federal Contract Tower,0,7,20,6,33,0,13,127,9,149,0,20,147,15,182,220,60,280,462
08/19/2005,GON,CT,ANE,EN,Federal Contract Tower,0,13,23,3,39,0,9,84,21,114,0,22,107,24,153,110,2,112,265
08/20/2005,GON,CT,ANE,EN,Federal Contract Tower,0,7,20,1,28,0,2,24,3,29,0,9,44,4,57,42,0,42,99
08/21/2005,GON,CT,ANE,EN,Federal Contract Tower,0,7,35,0,42,0,2,22,0,24,0,9,57,0,66,78,0,78,144
08/22/2005,GON,CT,ANE,EN,Federal Contract Tower,0,10,15,1,26,0,5,119,1,125,0,15,134,2,151,106,4,110,261
08/23/2005,GON,CT,ANE,EN,Federal Contract Tower,0,6,30,3,39,0,10,83,3,96,0,16,113,6,135,154,0,154,289
08/24/2005,GON,CT,ANE,EN,Federal Contract Tower,0,7,17,1,25,0,10,88,6,104,0,17,105,7,129,136,12,148,277
08/25/2005,GON,CT,ANE,EN,Federal Contract Tower,0,6,20,5,31,0,6,123,7,136,0,12,143,12,167,118,4,122,289
08/26/2005,GON,CT,ANE,EN,Federal Contract Tower,0,9,14,2,25,0,5,112,18,135,0,14,126,20,160,96,2,98,258
08/27/2005,GON,CT,ANE,EN,Federal Contract Tower,0,3,17,1,21,0,6,91,9,106,0,9,108,10,127,138,2,140,267
08/28/2005,GON,CT,ANE,EN,Federal Contract Tower,0,5,27,0,32,0,5,41,0,46,0,10,68,0,78,96,0,96,174
08/29/2005,GON,CT,ANE,EN,Federal Contract Tower,0,8,35,0,43,0,2,15,0,17,0,10,50,0,60,64,0,64,124
08/30/2005,GON,CT,ANE,EN,Federal Contract Tower,0,6,22,0,28,0,4,2,0,6,0,10,24,0,34,4,0,4,38
08/31/2005,GON,CT,ANE,EN,Federal Contract Tower,0,4,18,3,25,0,1,5,0,6,0,5,23,3,31,0,0,0,31
09/01/2005,GON,CT,ANE,EN,Federal Contract Tower,0,6,13,0,19,0,13,79,11,103,0,19,92,11,122,98,16,114,236
09/02/2005,GON,CT,ANE,EN,Federal Contract Tower,0,16,15,2,33,0,11,113,9,133,0,27,128,11,166,148,16,164,330
09/03/2005,GON,CT,ANE,EN,Federal Contract Tower,0,5,4,6,15,0,2,96,0,98,0,7,100,6,113,112,8,120,233
09/04/2005,GON,CT,ANE,EN,Federal Contract Tower,0,4,3,0,7,0,3,107,0,110,0,7,110,0,117,112,0,112,229
09/05/2005,GON,CT,ANE,EN,Federal Contract Tower,0,5,13,3,21,0,3,137,3,143,0,8,150,6,164,118,0,118,282
09/06/2005,GON,CT,ANE,EN,Federal Contract Tower,0,6,15,0,21,0,4,79,3,86,0,10,94,3,107,114,0,114,221
09/07/2005,GON,CT,ANE,EN,Federal Contract Tower,0,6,18,2,26,0,5,67,11,83,0,11,85,13,109,86,34,120,229
09/08/2005,GON,CT,ANE,EN,Federal Contract Tower,0,2,17,3,22,0,9,95,11,115,0,11,112,14,137,142,14,156,293
09/09/2005,GON,CT,ANE,EN,Federal Contract Tower,0,9,23,1,33,0,7,77,16,100,0,16,100,17,133,98,26,124,257
09/10/2005,GON,CT,ANE,EN,Federal Contract Tower,0,5,21,1,27,0,0,117,10,127,0,5,138,11,154,142,4,146,300
09/11/2005,GON,CT,ANE,EN,Federal Contract Tower,0,4,23,4,31,0,6,106,6,118,0,10,129,10,149,132,4,136,285
09/12/2005,GON,CT,ANE,EN,Federal Contract Tower,0,7,21,4,32,0,1,72,2,75,0,8,93,6,107,56,0,56,163
09/13/2005,GON,CT,ANE,EN,Federal Contract Tower,0,5,46,9,60,0,2,51,14,67,0,7,97,23,127,88,6,94,221
09/14/2005,GON,CT,ANE,EN,Federal Contract Tower,0,7,48,4,59,0,3,39,2,44,0,10,87,6,103,70,4,74,177
09/15/2005,GON,CT,ANE,EN,Federal Contract Tower,0,8,27,2,37,0,0,0,0,0,0,8,27,2,37,4,0,4,41
09/16/2005,GON,CT,ANE,EN,Federal Contract Tower,0,10,61,5,76,0,0,0,0,0,0,10,61,5,76,10,0,10,86
09/17/2005,GON,CT,ANE,EN,Federal Contract Tower,0,4,37,0,41,0,4,39,0,43,0,8,76,0,84,48,0,48,132
09/18/2005,GON,CT,ANE,EN,Federal Contract Tower,0,0,63,0,63,0,2,102,3,107,0,2,165,3,170,64,0,64,234
09/19/2005,GON,CT,ANE,EN,Federal Contract Tower,0,11,22,1,34,0,4,101,4,109,0,15,123,5,143,92,2,94,237
09/20/2005,GON,CT,ANE,EN,Federal Contract Tower,0,8,18,3,29,0,5,23,3,31,0,13,41,6,60,20,8,28,88
09/21/2005,GON,CT,ANE,EN,Federal Contract Tower,0,7,29,2,38,0,1,130,14,145,0,8,159,16,183,86,2,88,271
09/22/2005,GON,CT,ANE,EN,Federal Contract Tower,0,6,21,1,28,0,1,114,13,128,0,7,135,14,156,166,12,178,334
09/23/2005,GON,CT,ANE,EN,Federal Contract Tower,0,10,20,2,32,0,11,80,10,101,0,21,100,12,133,52,14,66,199
09/24/2005,GON,CT,ANE,EN,Federal Contract Tower,0,0,9,2,11,0,3,79,5,87,0,3,88,7,98,94,4,98,196
09/25/2005,GON,CT,ANE,EN,Federal Contract Tower,0,4,11,0,15,0,3,67,5,75,0,7,78,5,90,70,8,78,168
09/26/2005,GON,CT,ANE,EN,Federal Contract Tower,0,7,15,0,22,0,1,37,4,42,0,8,52,4,64,48,0,48,112
09/27/2005,GON,CT,ANE,EN,Federal Contract Tower,0,3,25,2,30,0,2,37,0,39,0,5,62,2,69,68,8,76,145
09/28/2005,GON,CT,ANE,EN,Federal Contract Tower,0,8,15,5,28,0,0,98,7,105,0,8,113,12,133,114,14,128,261
09/29/2005,GON,CT,ANE,EN,Federal Contract Tower,0,10,15,5,30,0,0,17,0,17,0,10,32,5,47,6,12,18,65
09/30/2005,GON,CT,ANE,EN,Federal Contract Tower,0,11,11,2,24,0,3,99,12,114,0,14,110,14,138,90,32,122,260
10/01/2005,GON,CT,ANE,EN,Federal Contract Tower,0,1,14,3,18,0,5,128,1,134,0,6,142,4,152,138,4,142,294
10/02/2005,GON,CT,ANE,EN,Federal Contract Tower,0,2,12,1,15,0,2,101,5,108,0,4,113,6,123,118,26,144,267
10/03/2005,GON,CT,ANE,EN,Federal Contract Tower,0,7,19,0,26,0,1,67,2,70,0,8,86,2,96,122,0,122,218
10/04/2005,GON,CT,ANE,EN,Federal Contract Tower,0,3,24,2,29,0,2,69,2,73,0,5,93,4,102,106,14,120,222
10/05/2005,GON,CT,ANE,EN,Federal Contract Tower,0,3,17,0,20,0,8,35,5,48,0,11,52,5,68,22,8,30,98
10/06/2005,GON,CT,ANE,EN,Federal Contract Tower,0,12,29,3,44,29,1,10,2,42,29,13,39,5,86,10,0,10,96
10/07/2005,GON,CT,ANE,EN,Federal Contract Tower,0,14,25,0,39,0,1,11,0,12,0,15,36,0,51,12,0,12,63
10/08/2005,GON,CT,ANE,EN,Federal Contract Tower,1,5,28,0,34,0,0,0,0,0,1,5,28,0,34,0,0,0,34
10/09/2005,GON,CT,ANE,EN,Federal Contract Tower,0,3,28,0,31,0,0,0,0,0,0,3,28,0,31,4,0,4,35
10/10/2005,GON,CT,ANE,EN,Federal Contract Tower,1,2,24,0,27,0,0,0,0,0,1,2,24,0,27,6,0,6,33
10/11/2005,GON,CT,ANE,EN,Federal Contract Tower,0,7,21,0,28,0,0,0,0,0,0,7,21,0,28,4,0,4,32
10/12/2005,GON,CT,ANE,EN,Federal Contract Tower,0,7,16,1,24,0,0,0,0,0,0,7,16,1,24,0,0,0,24
10/13/2005,GON,CT,ANE,EN,Federal Contract Tower,0,10,14,0,24,0,0,0,1,1,0,10,14,1,25,4,2,6,31
10/14/2005,GON,CT,ANE,EN,Federal Contract Tower,0,11,10,0,21,0,0,0,0,0,0,11,10,0,21,0,0,0,21
10/15/2005,GON,CT,ANE,EN,Federal Contract Tower,0,1,17,1,19,0,0,0,4,4,0,1,17,5,23,8,6,14,37
10/16/2005,GON,CT,ANE,EN,Federal Contract Tower,0,2,7,0,9,0,1,7,2,10,0,3,14,2,19,2,0,2,21
10/17/2005,GON,CT,ANE,EN,Federal Contract Tower,0,4,24,3,31,0,2,52,8,62,0,6,76,11,93,58,2,60,153
10/18/2005,GON,CT,ANE,EN,Federal Contract Tower,0,3,14,5,22,0,2,55,53,110,0,5,69,58,132,56,14,70,202
10/19/2005,GON,CT,ANE,EN,Federal Contract Tower,0,9,19,1,29,0,6,111,7,124,0,15,130,8,153,92,0,92,245
10/20/2005,GON,CT,ANE,EN,Federal Contract Tower,0,8,20,3,31,0,1,84,11,96,0,9,104,14,127,86,0,86,213
10/21/2005,GON,CT,ANE,EN,Federal Contract Tower,0,10,20,0,30,0,6,105,9,120,0,16,125,9,150,58,8,66,216
10/22/2005,GON,CT,ANE,EN,Federal Contract Tower,0,1,10,0,11,0,1,11,1,13,0,2,21,1,24,20,0,20,44
10/23/2005,GON,CT,ANE,EN,Federal Contract Tower,0,4,21,0,25,0,0,20,0,20,0,4,41,0,45,18,0,18,63
10/24/2005,GON,CT,ANE,EN,Federal Contract Tower,0,6,24,0,30,0,2,41,2,45,0,8,65,2,75,56,0,56,131
10/25/2005,GON,CT,ANE,EN,Federal Contract Tower,0,0,2,0,2,0,0,0,0,0,0,0,2,0,2,0,0,0,2
10/26/2005,GON,CT,ANE,EN,Federal Contract Tower,0,12,17,0,29,0,7,39,9,55,0,19,56,9,84,40,0,40,124
10/27/2005,GON,CT,ANE,EN,Federal Contract Tower,0,6,33,3,42,0,0,65,14,79,0,6,98,17,121,92,2,94,215
10/28/2005,GON,CT,ANE,EN,Federal Contract Tower,0,11,19,2,32,0,3,40,7,50,0,14,59,9,82,44,0,44,126
10/29/2005,GON,CT,ANE,EN,Federal Contract Tower,0,4,17,4,25,0,3,37,13,53,0,7,54,17,78,66,0,66,144
10/30/2005,GON,CT,ANE,EN,Federal Contract Tower,0,4,18,0,22,0,7,88,4,99,0,11,106,4,121,42,4,46,167
10/31/2005,GON,CT,ANE,EN,Federal Contract Tower,0,4,12,3,19,0,3,88,11,102,0,7,100,14,121,76,4,80,201
11/01/2005,GON,CT,ANE,EN,Federal Contract Tower,0,5,18,0,23,0,1,65,3,69,0,6,83,3,92,92,4,96,188
11/02/2005,GON,CT,ANE,EN,Federal Contract Tower,0,5,21,0,26,0,0,71,5,76,0,5,92,5,102,80,0,80,182
11/03/2005,GON,CT,ANE,EN,Federal Contract Tower,0,6,13,5,24,0,2,41,8,51,0,8,54,13,75,74,6,80,155
11/04/2005,GON,CT,ANE,EN,Federal Contract Tower,0,6,18,2,26,0,6,95,11,112,0,12,113,13,138,110,2,112,250
11/05/2005,GON,CT,ANE,EN,Federal Contract Tower,0,2,16,3,21,0,1,85,37,123,0,3,101,40,144,100,40,140,284
11/06/2005,GON,CT,ANE,EN,Federal Contract Tower,0,0,27,5,32,0,2,15,1,18,0,2,42,6,50,14,0,14,64
11/07/2005,GON,CT,ANE,EN,Federal Contract Tower,0,8,6,4,18,0,0,44,3,47,0,8,50,7,65,48,4,52,117
11/08/2005,GON,CT,ANE,EN,Federal Contract Tower,0,3,13,2,18,0,4,87,14,105,0,7,100,16,123,76,6,82,205
11/09/2005,GON,CT,ANE,EN,Federal Contract Tower,0,6,14,1,21,0,1,32,6,39,0,7,46,7,60,16,0,16,76
11/10/2005,GON,CT,ANE,EN,Federal Contract Tower,0,5,14,0,19,0,2,15,8,25,0,7,29,8,44,28,0,28,72
11/11/2005,GON,CT,ANE,EN,Federal Contract Tower,0,1,19,0,20,0,2,69,8,79,0,3,88,8,99,52,0,52,151
11/12/2005,GON,CT,ANE,EN,Federal Contract Tower,0,3,25,2,30,0,0,148,2,150,0,3,173,4,180,118,2,120,300
11/13/2005,GON,CT,ANE,EN,Federal Contract Tower,0,2,15,0,17,0,0,120,28,148,0,2,135,28,165,74,2,76,241
11/14/2005,GON,CT,ANE,EN,Federal Contract Tower,0,4,24,3,31,0,2,51,6,59,0,6,75,9,90,58,4,62,152
11/15/2005,GON,CT,ANE,EN,Federal Contract Tower,0,5,16,1,22,0,0,12,2,14,0,5,28,3,36,18,6,24,60
11/16/2005,GON,CT,ANE,EN,Federal Contract Tower,0,4,28,2,34,0,0,31,0,31,0,4,59,2,65,12,0,12,77
11/17/2005,GON,CT,ANE,EN,Federal Contract Tower,0,7,25,6,38,0,1,58,10,69,0,8,83,16,107,74,6,80,187
11/18/2005,GON,CT,ANE,EN,Federal Contract Tower,0,9,16,3,28,0,3,100,7,110,0,12,116,10,138,98,10,108,246
11/19/2005,GON,CT,ANE,EN,Federal Contract Tower,0,6,8,1,15,0,1,109,8,118,0,7,117,9,133,90,2,92,225
11/20/2005,GON,CT,ANE,EN,Federal Contract Tower,0,3,17,3,23,0,2,125,10,137,0,5,142,13,160,114,4,118,278
11/21/2005,GON,CT,ANE,EN,Federal Contract Tower,0,5,14,0,19,0,0,48,14,62,0,5,62,14,81,48,8,56,137
11/22/2005,GON,CT,ANE,EN,Federal Contract Tower,0,11,9,0,20,0,3,0,0,3,0,14,9,0,23,0,0,0,23
11/23/2005,GON,CT,ANE,EN,Federal Contract Tower,0,5,11,1,17,0,0,32,7,39,0,5,43,8,56,32,4,36,92
11/24/2005,GON,CT,ANE,EN,Federal Contract Tower,0,0,2,0,2,0,0,2,2,4,0,0,4,2,6,0,0,0,6
11/25/2005,GON,CT,ANE,EN,Federal Contract Tower,0,4,7,0,11,0,3,92,7,102,0,7,99,7,113,60,12,72,185
11/26/2005,GON,CT,ANE,EN,Federal Contract Tower,0,2,25,0,27,0,0,61,4,65,0,2,86,4,92,102,0,102,194
11/27/2005,GON,CT,ANE,EN,Federal Contract Tower,0,3,19,0,22,0,0,81,3,84,0,3,100,3,106,106,0,106,212
11/28/2005,GON,CT,ANE,EN,Federal Contract Tower,0,11,31,3,45,0,0,12,4,16,0,11,43,7,61,22,0,22,83
11/29/2005,GON,CT,ANE,EN,Federal Contract Tower,0,3,13,0,16,0,0,25,4,29,0,3,38,4,45,22,10,32,77
11/30/2005,GON,CT,ANE,EN,Federal Contract Tower,0,5,17,2,24,0,1,0,0,1,0,6,17,2,25,14,4,18,43
12/01/2005,GON,CT,ANE,EN,Federal Contract Tower,0,6,14,7,27,0,3,91,11,105,0,9,105,18,132,90,16,106,238
12/02/2005,GON,CT,ANE,EN,Federal Contract Tower,0,9,15,0,24,0,1,55,11,67,0,10,70,11,91,48,4,52,143
12/03/2005,GON,CT,ANE,EN,Federal Contract Tower,0,0,11,2,13,0,0,83,12,95,0,0,94,14,108,46,0,46,154
12/04/2005,GON,CT,ANE,EN,Federal Contract Tower,0,0,4,1,5,0,0,0,0,0,0,0,4,1,5,0,0,0,5
12/05/2005,GON,CT,ANE,EN,Federal Contract Tower,0,10,17,2,29,0,0,35,2,37,0,10,52,4,66,70,4,74,140
12/06/2005,GON,CT,ANE,EN,Federal Contract Tower,0,7,14,5,26,0,1,19,0,20,0,8,33,5,46,16,0,16,62
12/07/2005,GON,CT,ANE,EN,Federal Contract Tower,0,11,14,1,26,0,6,21,7,34,0,17,35,8,60,50,0,50,110
12/08/2005,GON,CT,ANE,EN,Federal Contract Tower,0,9,11,11,31,0,4,97,0,101,0,13,108,11,132,84,2,86,218
12/09/2005,GON,CT,ANE,EN,Federal Contract Tower,0,7,7,0,14,0,0,6,0,6,0,7,13,0,20,2,0,2,22
12/10/2005,GON,CT,ANE,EN,Federal Contract Tower,0,2,4,1,7,0,0,66,11,77,0,2,70,12,84,84,8,92,176
12/11/2005,GON,CT,ANE,EN,Federal Contract Tower,0,2,24,0,26,0,4,72,10,86,0,6,96,10,112,48,6,54,166
12/12/2005,GON,CT,ANE,EN,Federal Contract Tower,0,5,12,2,19,0,3,34,2,39,0,8,46,4,58,20,8,28,86
12/13/2005,GON,CT,ANE,EN,Federal Contract Tower,0,5,9,4,18,0,2,29,2,33,0,7,38,6,51,38,2,40,91
12/14/2005,GON,CT,ANE,EN,Federal Contract Tower,0,5,17,1,23,0,2,73,9,84,0,7,90,10,107,72,2,74,181
12/15/2005,GON,CT,ANE,EN,Federal Contract Tower,0,3,13,0,16,0,1,73,12,86,0,4,86,12,102,66,6,72,174
12/16/2005,GON,CT,ANE,EN,Federal Contract Tower,0,11,10,2,23,0,0,4,0,4,0,11,14,2,27,10,0,10,37
12/17/2005,GON,CT,ANE,EN,Federal Contract Tower,0,1,15,0,16,0,0,72,17,89,0,1,87,17,105,72,8,80,185
12/18/2005,GON,CT,ANE,EN,Federal Contract Tower,0,2,7,0,9,0,0,87,8,95,0,2,94,8,104,72,18,90,194
12/19/2005,GON,CT,ANE,EN,Federal Contract Tower,0,2,13,0,15,0,0,53,5,58,0,2,66,5,73,22,0,22,95
12/20/2005,GON,CT,ANE,EN,Federal Contract Tower,0,1,12,4,17,0,0,81,14,95,0,1,93,18,112,58,4,62,174
12/21/2005,GON,CT,ANE,EN,Federal Contract Tower,0,4,17,1,22,0,3,79,7,89,0,7,96,8,111,80,0,80,191
12/22/2005,GON,CT,ANE,EN,Federal Contract Tower,0,0,12,3,15,0,0,42,6,48,0,0,54,9,63,52,12,64,127
12/23/2005,GON,CT,ANE,EN,Federal Contract Tower,0,11,9,0,20,0,2,54,2,58,0,13,63,2,78,58,4,62,140
12/24/2005,GON,CT,ANE,EN,Federal Contract Tower,0,0,6,0,6,0,0,65,0,65,0,0,71,0,71,72,0,72,143
12/25/2005,GON,CT,ANE,EN,Federal Contract Tower,0,0,4,0,4,0,0,4,0,4,0,0,8,0,8,0,0,0,8
12/26/2005,GON,CT,ANE,EN,Federal Contract Tower,0,2,1,0,3,0,1,1,0,2,0,3,2,0,5,0,0,0,5
12/27/2005,GON,CT,ANE,EN,Federal Contract Tower,0,5,9,0,14,0,1,61,4,66,0,6,70,4,80,48,0,48,128
12/28/2005,GON,CT,ANE,EN,Federal Contract Tower,0,3,8,0,11,0,0,74,13,87,0,3,82,13,98,82,18,100,198
12/29/2005,GON,CT,ANE,EN,Federal Contract Tower,0,5,9,0,14,0,0,0,0,0,0,5,9,0,14,12,0,12,26
12/30/2005,GON,CT,ANE,EN,Federal Contract Tower,0,5,15,0,20,0,0,31,1,32,0,5,46,1,52,64,4,68,120
12/31/2005,GON,CT,ANE,EN,Federal Contract Tower,0,1,10,0,11,0,1,25,2,28,0,2,35,2,39,16,0,16,55
01/01/2006,GON,CT,ANE,EN,Federal Contract Tower,0,0,13,0,13,0,0,48,0,48,0,0,61,0,61,16,0,16,77
01/02/2006,GON,CT,ANE,EN,Federal Contract Tower,0,8,20,0,28,0,0,45,0,45,0,8,65,0,73,102,0,102,175
01/03/2006,GON,CT,ANE,EN,Federal Contract Tower,0,2,5,0,7,0,0,0,0,0,0,2,5,0,7,0,0,0,7
01/04/2006,GON,CT,ANE,EN,Federal Contract Tower,0,9,15,5,29,0,4,56,6,66,0,13,71,11,95,72,14,86,181
01/05/2006,GON,CT,ANE,EN,Federal Contract Tower,0,8,5,2,15,0,0,12,1,13,0,8,17,3,28,10,2,12,40
01/06/2006,GON,CT,ANE,EN,Federal Contract Tower,0,11,11,4,26,0,3,44,4,51,0,14,55,8,77,72,10,82,159
01/07/2006,GON,CT,ANE,EN,Federal Contract Tower,0,1,18,0,19,0,1,114,8,123,0,2,132,8,142,94,4,98,240
01/08/2006,GON,CT,ANE,EN,Federal Contract Tower,0,0,15,4,19,0,0,51,14,65,0,0,66,18,84,38,22,60,144
01/09/2006,GON,CT,ANE,EN,Federal Contract Tower,0,5,15,4,24,0,0,32,11,43,0,5,47,15,67,62,0,62,129
01/10/2006,GON,CT,ANE,EN,Federal Contract Tower,0,5,12,6,23,0,2,61,8,71,0,7,73,14,94,64,6,70,164
01/11/2006,GON,CT,ANE,EN,Federal Contract Tower,0,5,26,4,35,0,0,8,0,8,0,5,34,4,43,12,0,12,55
01/12/2006,GON,CT,ANE,EN,Federal Contract Tower,0,9,12,4,25,0,3,84,21,108,0,12,96,25,133,78,10,88,221
01/13/2006,GON,CT,ANE,EN,Federal Contract Tower,0,3,1,0,4,0,0,0,0,0,0,3,1,0,4,0,0,0,4
01/14/2006,GON,CT,ANE,EN,Federal Contract Tower,0,0,8,0,8,0,0,0,0,0,0,0,8,0,8,0,0,0,8
01/15/2006,GON,CT,ANE,EN,Federal Contract Tower,0,0,1,0,1,0,0,0,0,0,0,0,1,0,1,0,0,0,1
01/16/2006,GON,CT,ANE,EN,Federal Contract Tower,0,5,14,2,21,0,0,79,4,83,0,5,93,6,104,42,0,42,146
01/17/2006,GON,CT,ANE,EN,Federal Contract Tower,0,3,14,2,19,0,0,88,4,92,0,3,102,6,111,44,0,44,155
01/18/2006,GON,CT,ANE,EN,Federal Contract Tower,0,4,11,0,15,0,0,0,0,0,0,4,11,0,15,0,0,0,15
01/19/2006,GON,CT,ANE,EN,Federal Contract Tower,0,3,23,6,32,0,3,67,15,85,0,6,90,21,117,44,8,52,169
01/20/2006,GON,CT,ANE,EN,Federal Contract Tower,0,10,20,2,32,0,2,80,15,97,0,12,100,17,129,78,8,86,215
01/21/2006,GON,CT,ANE,EN,Federal Contract Tower,0,0,10,2,12,0,0,44,13,57,0,0,54,15,69,40,67,107,176
01/22/2006,GON,CT,ANE,EN,Federal Contract Tower,0,5,34,1,40,0,0,101,14,115,0,5,135,15,155,98,32,130,285
01/23/2006,GON,CT,ANE,EN,Federal Contract Tower,0,7,6,0,13,0,1,6,0,7,0,8,12,0,20,0,0,0,20
01/24/2006,GON,CT,ANE,EN,Federal Contract Tower,0,5,16,5,26,0,4,80,14,98,0,9,96,19,124,52,10,62,186
01/25/2006,GON,CT,ANE,EN,Federal Contract Tower,0,5,14,0,19,0,1,44,3,48,0,6,58,3,67,96,0,96,163
01/26/2006,GON,CT,ANE,EN,Federal Contract Tower,0,6,3,0,9,0,0,60,18,78,0,6,63,18,87,36,2,38,125
01/27/2006,GON,CT,ANE,EN,Federal Contract Tower,0,11,22,2,35,0,2,60,3,65,0,13,82,5,100,112,14,126,226
01/28/2006,GON,CT,ANE,EN,Federal Contract Tower,0,0,13,3,16,0,0,90,17,107,0,0,103,20,123,138,2,140,263
01/29/2006,GON,CT,ANE,EN,Federal Contract Tower,0,0,26,1,27,0,0,40,20,60,0,0,66,21,87,32,8,40,127
01/30/2006,GON,CT,ANE,EN,Federal Contract Tower,0,7,22,0,29,0,0,0,0,0,0,7,22,0,29,0,0,0,29
01/31/2006,GON,CT,ANE,EN,Federal Contract Tower,0,3,5,0,8,0,0,1,0,1,0,3,6,0,9,2,0,2,11
02/01/2006,GON,CT,ANE,EN,Federal Contract Tower,0,7,17,4,28,0,2,77,10,89,0,9,94,14,117,126,0,126,243
02/02/2006,GON,CT,ANE,EN,Federal Contract Tower,0,3,11,5,19,0,2,66,20,88,0,5,77,25,107,106,12,118,225
02/03/2006,GON,CT,ANE,EN,Federal Contract Tower,0,12,6,2,20,0,0,0,0,0,0,12,6,2,20,0,0,0,20
02/04/2006,GON,CT,ANE,EN,Federal Contract Tower,0,3,27,2,32,0,0,44,5,49,0,3,71,7,81,48,0,48,129
02/05/2006,GON,CT,ANE,EN,Federal Contract Tower,0,4,6,0,10,0,0,33,10,43,0,4,39,10,53,30,8,38,91
02/06/2006,GON,CT,ANE,EN,Federal Contract Tower,0,6,12,0,18,0,0,15,8,23,0,6,27,8,41,28,0,28,69
02/07/2006,GON,CT,ANE,EN,Federal Contract Tower,0,2,16,0,18,0,3,85,7,95,0,5,101,7,113,48,2,50,163
02/08/2006,GON,CT,ANE,EN,Federal Contract Tower,0,6,14,0,20,0,0,123,6,129,0,6,137,6,149,84,0,84,233
02/09/2006,GON,CT,ANE,EN,Federal Contract Tower,0,3,10,0,13,0,6,86,7,99,0,9,96,7,112,70,0,70,182
02/10/2006,GON,CT,ANE,EN,Federal Contract Tower,0,13,9,3,25,0,5,78,4,87,0,18,87,7,112,56,2,58,170
02/11/2006,GON,CT,ANE,EN,Federal Contract Tower,0,0,13,3,16,0,0,43,11,54,0,0,56,14,70,20,2,22,92
02/12/2006,GON,CT,ANE,EN,Federal Contract Tower,0,0,0,0,0,0,0,0,0,0,0,0,0,0,0,0,0,0,0
02/13/2006,GON,CT,ANE,EN,Federal Contract Tower,0,5,9,1,15,0,3,23,1,27,0,8,32,2,42,14,6,20,62
02/14/2006,GON,CT,ANE,EN,Federal Contract Tower,0,1,20,2,23,0,0,57,9,66,0,1,77,11,89,50,14,64,153
02/15/2006,GON,CT,ANE,EN,Federal Contract Tower,0,3,15,3,21,0,0,54,20,74,0,3,69,23,95,128,18,146,241
02/16/2006,GON,CT,ANE,EN,Federal Contract Tower,0,4,28,0,32,0,0,53,11,64,0,4,81,11,96,44,0,44,140
02/17/2006,GON,CT,ANE,EN,Federal Contract Tower,0,11,16,0,27,0,2,12,0,14,0,13,28,0,41,10,0,10,51
02/18/2006,GON,CT,ANE,EN,Federal Contract Tower,0,7,5,0,12,0,0,29,0,29,0,7,34,0,41,12,0,12,53
02/19/2006,GON,CT,ANE,EN,Federal Contract Tower,0,4,15,0,19,0,0,30,7,37,0,4,45,7,56,34,6,40,96
02/20/2006,GON,CT,ANE,EN,Federal Contract Tower,0,4,24,2,30,0,2,36,6,44,0,6,60,8,74,78,22,100,174
02/21/2006,GON,CT,ANE,EN,Federal Contract Tower,0,6,14,1,21,0,0,31,7,38,0,6,45,8,59,34,4,38,97
02/22/2006,GON,CT,ANE,EN,Federal Contract Tower,0,7,14,4,25,0,0,55,7,62,0,7,69,11,87,70,16,86,173
02/23/2006,GON,CT,ANE,EN,Federal Contract Tower,0,6,14,1,21,0,0,7,7,14,0,6,21,8,35,10,24,34,69
02/24/2006,GON,CT,ANE,EN,Federal Contract Tower,0,9,7,1,17,0,5,14,0,19,0,14,21,1,36,14,0,14,50
02/25/2006,GON,CT,ANE,EN,Federal Contract Tower,0,2,7,0,9,0,0,29,14,43,0,2,36,14,52,38,6,44,96
02/26/2006,GON,CT,ANE,EN,Federal Contract Tower,0,2,12,0,14,0,0,29,16,45,0,2,41,16,59,20,12,32,91
02/27/2006,GON,CT,ANE,EN,Federal Contract Tower,0,8,10,2,20,0,0,23,2,25,0,8,33,4,45,14,2,16,61
02/28/2006,GON,CT,ANE,EN,Federal Contract Tower,0,0,8,4,12,0,0,35,7,42,0,0,43,11,54,18,0,18,72
03/01/2006,GON,CT,ANE,EN,Federal Contract Tower,0,4,16,4,24,0,0,72,9,81,0,4,88,13,105,102,10,112,217
03/02/2006,GON,CT,ANE,EN,Federal Contract Tower,0,4,1,0,5,0,0,8,2,10,0,4,9,2,15,4,0,4,19
03/03/2006,GON,CT,ANE,EN,Federal Contract Tower,0,7,4,2,13,0,1,19,7,27,0,8,23,9,40,12,2,14,54
03/04/2006,GON,CT,ANE,EN,Federal Contract Tower,0,0,5,0,5,0,2,36,0,38,0,2,41,0,43,58,0,58,101
03/05/2006,GON,CT,ANE,EN,Federal Contract Tower,0,2,10,1,13,0,0,75,10,85,0,2,85,11,98,52,16,68,166
03/06/2006,GON,CT,ANE,EN,Federal Contract Tower,0,6,13,1,20,0,0,68,14,82,0,6,81,15,102,70,0,70,172
03/07/2006,GON,CT,ANE,EN,Federal Contract Tower,0,1,14,4,19,0,0,75,6,81,0,1,89,10,100,100,4,104,204
03/08/2006,GON,CT,ANE,EN,Federal Contract Tower,0,6,20,6,32,0,0,120,8,128,0,6,140,14,160,92,18,110,270
03/09/2006,GON,CT,ANE,EN,Federal Contract Tower,0,4,11,3,18,0,1,35,3,39,0,5,46,6,57,52,0,52,109
03/10/2006,GON,CT,ANE,EN,Federal Contract Tower,0,14,9,5,28,0,1,25,0,26,0,15,34,5,54,26,0,26,80
03/11/2006,GON,CT,ANE,EN,Federal Contract Tower,0,1,4,0,5,0,0,119,24,143,0,1,123,24,148,96,12,108,256
03/12/2006,GON,CT,ANE,EN,Federal Contract Tower,0,4,13,0,17,0,0,10,6,16,0,4,23,6,33,46,0,46,79
03/13/2006,GON,CT,ANE,EN,Federal Contract Tower,0,4,15,0,19,0,0,28,0,28,0,4,43,0,47,52,0,52,99
03/14/2006,GON,CT,ANE,EN,Federal Contract Tower,0,3,10,3,16,0,0,22,2,24,0,3,32,5,40,16,0,16,56
03/15/2006,GON,CT,ANE,EN,Federal Contract Tower,0,7,9,0,16,0,0,15,2,17,0,7,24,2,33,4,4,8,41
03/16/2006,GON,CT,ANE,EN,Federal Contract Tower,0,4,14,7,25,0,0,93,6,99,0,4,107,13,124,46,0,46,170
03/17/2006,GON,CT,ANE,EN,Federal Contract Tower,0,9,13,3,25,0,2,57,3,62,0,11,70,6,87,80,0,80,167
03/18/2006,GON,CT,ANE,EN,Federal Contract Tower,0,0,13,2,15,0,4,74,10,88,0,4,87,12,103,82,24,106,209
03/19/2006,GON,CT,ANE,EN,Federal Contract Tower,0,1,12,1,14,0,0,58,10,68,0,1,70,11,82,42,4,46,128
03/20/2006,GON,CT,ANE,EN,Federal Contract Tower,0,5,19,0,24,0,0,45,4,49,0,5,64,4,73,26,0,26,99
03/21/2006,GON,CT,ANE,EN,Federal Contract Tower,0,2,17,2,21,0,0,96,5,101,0,2,113,7,122,80,0,80,202
03/22/2006,GON,CT,ANE,EN,Federal Contract Tower,0,8,20,7,35,0,0,74,1,75,0,8,94,8,110,72,4,76,186
03/23/2006,GON,CT,ANE,EN,Federal Contract Tower,0,5,12,3,20,0,1,61,5,67,0,6,73,8,87,46,8,54,141
03/24/2006,GON,CT,ANE,EN,Federal Contract Tower,0,7,17,0,24,0,0,45,11,56,0,7,62,11,80,72,4,76,156
03/25/2006,GON,CT,ANE,EN,Federal Contract Tower,0,3,7,2,12,0,0,43,17,60,0,3,50,19,72,116,54,170,242
03/26/2006,GON,CT,ANE,EN,Federal Contract Tower,0,0,20,0,20,0,0,44,14,58,0,0,64,14,78,54,8,62,140
03/27/2006,GON,CT,ANE,EN,Federal Contract Tower,0,4,23,0,27,0,4,51,7,62,0,8,74,7,89,90,18,108,197
03/28/2006,GON,CT,ANE,EN,Federal Contract Tower,0,1,18,0,19,0,0,64,9,73,0,1,82,9,92,28,0,28,120
03/29/2006,GON,CT,ANE,EN,Federal Contract Tower,0,9,31,0,40,0,0,69,8,77,0,9,100,8,117,116,0,116,233
03/30/2006,GON,CT,ANE,EN,Federal Contract Tower,0,3,14,8,25,0,3,98,8,109,0,6,112,16,134,110,18,128,262
03/31/2006,GON,CT,ANE,EN,Federal Contract Tower,0,12,11,3,26,0,1,61,6,68,0,13,72,9,94,74,12,86,180
04/01/2006,GON,CT,ANE,EN,Federal Contract Tower,0,3,14,5,22,0,0,13,1,14,0,3,27,6,36,54,12,66,102
04/02/2006,GON,CT,ANE,EN,Federal Contract Tower,0,12,15,1,28,0,0,110,8,118,0,12,125,9,146,52,2,54,200
04/03/2006,GON,CT,ANE,EN,Federal Contract Tower,0,3,25,2,30,0,0,37,0,37,0,3,62,2,67,46,2,48,115
04/04/2006,GON,CT,ANE,EN,Federal Contract Tower,0,4,18,6,28,0,0,12,3,15,0,4,30,9,43,12,2,14,57
04/05/2006,GON,CT,ANE,EN,Federal Contract Tower,0,7,27,4,38,0,0,9,2,11,0,7,36,6,49,26,0,26,75
04/06/2006,GON,CT,ANE,EN,Federal Contract Tower,0,7,12,5,24,0,2,72,10,84,0,9,84,15,108,92,2,94,202
04/07/2006,GON,CT,ANE,EN,Federal Contract Tower,0,7,20,3,30,0,0,30,2,32,0,7,50,5,62,24,14,38,100
04/08/2006,GON,CT,ANE,EN,Federal Contract Tower,0,2,13,1,16,0,0,3,1,4,0,2,16,2,20,26,2,28,48
04/09/2006,GON,CT,ANE,EN,Federal Contract Tower,0,5,13,0,18,0,2,120,21,143,0,7,133,21,161,98,10,108,269
04/10/2006,GON,CT,ANE,EN,Federal Contract Tower,0,5,15,1,21,0,0,66,3,69,0,5,81,4,90,52,12,64,154
04/11/2006,GON,CT,ANE,EN,Federal Contract Tower,0,4,12,4,20,0,0,73,10,83,0,4,85,14,103,82,30,112,215
04/12/2006,GON,CT,ANE,EN,Federal Contract Tower,0,5,11,2,18,0,2,91,11,104,0,7,102,13,122,116,4,120,242
04/13/2006,GON,CT,ANE,EN,Federal Contract Tower,0,8,13,3,24,0,3,69,12,84,0,11,82,15,108,140,32,172,280
04/14/2006,GON,CT,ANE,EN,Federal Contract Tower,0,6,14,2,22,0,3,52,6,61,0,9,66,8,83,92,2,94,177
04/15/2006,GON,CT,ANE,EN,Federal Contract Tower,0,3,13,0,16,0,0,10,0,10,0,3,23,0,26,42,0,42,68
04/16/2006,GON,CT,ANE,EN,Federal Contract Tower,0,3,7,0,10,0,0,30,2,32,0,3,37,2,42,20,0,20,62
04/17/2006,GON,CT,ANE,EN,Federal Contract Tower,0,8,16,0,24,0,2,62,14,78,0,10,78,14,102,84,24,108,210
04/18/2006,GON,CT,ANE,EN,Federal Contract Tower,0,4,16,7,27,0,0,51,5,56,0,4,67,12,83,58,10,68,151
04/19/2006,GON,CT,ANE,EN,Federal Contract Tower,0,3,21,4,28,0,0,58,11,69,0,3,79,15,97,80,20,100,197
04/20/2006,GON,CT,ANE,EN,Federal Contract Tower,0,5,17,1,23,0,1,127,7,135,0,6,144,8,158,140,4,144,302
04/21/2006,GON,CT,ANE,EN,Federal Contract Tower,0,6,27,4,37,0,3,107,11,121,0,9,134,15,158,128,20,148,306
04/22/2006,GON,CT,ANE,EN,Federal Contract Tower,0,1,20,0,21,0,2,27,2,31,0,3,47,2,52,66,0,66,118
04/23/2006,GON,CT,ANE,EN,Federal Contract Tower,0,1,5,0,6,0,0,0,0,0,0,1,5,0,6,2,0,2,8
04/24/2006,GON,CT,ANE,EN,Federal Contract Tower,0,6,20,3,29,0,0,5,0,5,0,6,25,3,34,18,0,18,52
04/25/2006,GON,CT,ANE,EN,Federal Contract Tower,0,4,17,4,25,0,1,64,8,73,0,5,81,12,98,56,4,60,158
04/26/2006,GON,CT,ANE,EN,Federal Contract Tower,0,1,15,2,18,0,1,81,10,92,0,2,96,12,110,106,0,106,216
04/27/2006,GON,CT,ANE,EN,Federal Contract Tower,0,2,11,3,16,0,0,78,22,100,0,2,89,25,116,82,18,100,216
04/28/2006,GON,CT,ANE,EN,Federal Contract Tower,0,8,19,0,27,0,7,102,11,120,0,15,121,11,147,104,14,118,265
04/29/2006,GON,CT,ANE,EN,Federal Contract Tower,0,1,12,0,13,0,0,90,14,104,0,1,102,14,117,78,0,78,195
04/30/2006,GON,CT,ANE,EN,Federal Contract Tower,0,0,22,0,22,0,3,149,4,156,0,3,171,4,178,92,2,94,272
05/01/2006,GON,CT,ANE,EN,Federal Contract Tower,0,3,18,2,23,0,0,32,9,41,0,3,50,11,64,52,8,60,124
05/02/2006,GON,CT,ANE,EN,Federal Contract Tower,0,3,27,2,32,0,0,0,1,1,0,3,27,3,33,4,0,4,37
05/03/2006,GON,CT,ANE,EN,Federal Contract Tower,0,4,26,4,34,0,0,6,0,6,0,4,32,4,40,2,0,2,42
05/04/2006,GON,CT,ANE,EN,Federal Contract Tower,0,4,23,1,28,0,1,122,11,134,0,5,145,12,162,132,24,156,318
05/05/2006,GON,CT,ANE,EN,Federal Contract Tower,0,5,10,2,17,0,1,90,9,100,0,6,100,11,117,114,4,118,235
05/06/2006,GON,CT,ANE,EN,Federal Contract Tower,0,1,13,0,14,0,4,142,5,151,0,5,155,5,165,130,10,140,305
05/07/2006,GON,CT,ANE,EN,Federal Contract Tower,0,0,8,0,8,0,0,104,3,107,0,0,112,3,115,106,0,106,221
05/08/2006,GON,CT,ANE,EN,Federal Contract Tower,0,4,9,0,13,0,2,56,1,59,0,6,65,1,72,54,0,54,126
05/09/2006,GON,CT,ANE,EN,Federal Contract Tower,0,2,18,4,24,0,0,11,6,17,0,2,29,10,41,14,4,18,59
05/10/2006,GON,CT,ANE,EN,Federal Contract Tower,0,4,22,0,26,0,0,1,7,8,0,4,23,7,34,8,0,8,42
05/11/2006,GON,CT,ANE,EN,Federal Contract Tower,0,4,25,2,31,0,0,0,1,1,0,4,25,3,32,2,14,16,48
05/12/2006,GON,CT,ANE,EN,Federal Contract Tower,0,6,20,0,26,0,1,4,0,5,0,7,24,0,31,4,2,6,37
05/13/2006,GON,CT,ANE,EN,Federal Contract Tower,0,0,21,1,22,0,0,0,0,0,0,0,21,1,22,8,0,8,30
05/14/2006,GON,CT,ANE,EN,Federal Contract Tower,0,1,21,0,22,0,0,0,0,0,0,1,21,0,22,2,0,2,24
05/15/2006,GON,CT,ANE,EN,Federal Contract Tower,0,8,15,2,25,0,0,0,0,0,0,8,15,2,25,0,0,0,25
05/16/2006,GON,CT,ANE,EN,Federal Contract Tower,0,3,13,11,27,0,0,8,3,11,0,3,21,14,38,4,4,8,46
05/17/2006,GON,CT,ANE,EN,Federal Contract Tower,0,2,28,3,33,0,0,100,13,113,0,2,128,16,146,80,16,96,242
05/18/2006,GON,CT,ANE,EN,Federal Contract Tower,0,7,34,4,45,0,0,81,7,88,0,7,115,11,133,82,8,90,223
05/19/2006,GON,CT,ANE,EN,Federal Contract Tower,0,7,20,4,31,0,2,14,5,21,0,9,34,9,52,70,0,70,122
05/20/2006,GON,CT,ANE,EN,Federal Contract Tower,1,0,16,2,19,0,0,49,4,53,1,0,65,6,72,88,12,100,172
05/21/2006,GON,CT,ANE,EN,Federal Contract Tower,0,5,16,0,21,0,0,41,3,44,0,5,57,3,65,62,18,80,145
05/22/2006,GON,CT,ANE,EN,Federal Contract Tower,1,4,11,0,16,0,0,40,0,40,1,4,51,0,56,42,2,44,100
05/23/2006,GON,CT,ANE,EN,Federal Contract Tower,0,1,17,4,22,0,0,75,8,83,0,1,92,12,105,124,2,126,231
05/24/2006,GON,CT,ANE,EN,Federal Contract Tower,0,3,32,1,36,0,4,93,7,104,0,7,125,8,140,150,0,150,290
05/25/2006,GON,CT,ANE,EN,Federal Contract Tower,0,7,5,6,18,0,1,95,13,109,0,8,100,19,127,70,4,74,201
05/26/2006,GON,CT,ANE,EN,Federal Contract Tower,0,12,38,0,50,0,0,0,0,0,0,12,38,0,50,6,0,6,56
05/27/2006,GON,CT,ANE,EN,Federal Contract Tower,0,12,26,0,38,0,0,14,6,20,0,12,40,6,58,72,2,74,132
05/28/2006,GON,CT,ANE,EN,Federal Contract Tower,0,2,8,0,10,0,2,119,7,128,0,4,127,7,138,104,6,110,248
05/29/2006,GON,CT,ANE,EN,Federal Contract Tower,0,4,8,0,12,0,0,50,4,54,0,4,58,4,66,100,12,112,178
05/30/2006,GON,CT,ANE,EN,Federal Contract Tower,0,3,16,2,21,0,3,45,3,51,0,6,61,5,72,58,4,62,134
05/31/2006,GON,CT,ANE,EN,Federal Contract Tower,0,2,34,3,39,0,2,11,0,13,0,4,45,3,52,4,0,4,56
06/01/2006,GON,CT,ANE,EN,Federal Contract Tower,0,1,17,1,19,0,2,25,2,29,0,3,42,3,48,44,12,56,104
06/02/2006,GON,CT,ANE,EN,Federal Contract Tower,0,7,13,1,21,0,0,0,2,2,0,7,13,3,23,2,0,2,25
06/03/2006,GON,CT,ANE,EN,Federal Contract Tower,0,1,13,2,16,0,0,0,0,0,0,1,13,2,16,2,0,2,18
06/04/2006,GON,CT,ANE,EN,Federal Contract Tower,0,9,45,4,58,0,3,29,0,32,0,12,74,4,90,70,2,72,162
06/05/2006,GON,CT,ANE,EN,Federal Contract Tower,0,4,24,3,31,0,0,47,3,50,0,4,71,6,81,100,4,104,185
06/06/2006,GON,CT,ANE,EN,Federal Contract Tower,0,2,24,6,32,0,2,70,11,83,0,4,94,17,115,76,22,98,213
06/07/2006,GON,CT,ANE,EN,Federal Contract Tower,0,2,2,0,4,0,5,17,0,22,0,7,19,0,26,4,0,4,30
06/08/2006,GON,CT,ANE,EN,Federal Contract Tower,0,10,18,8,36,0,0,19,11,30,0,10,37,19,66,46,6,52,118
06/09/2006,GON,CT,ANE,EN,Federal Contract Tower,0,15,43,0,58,0,0,6,1,7,0,15,49,1,65,24,0,24,89
06/10/2006,GON,CT,ANE,EN,Federal Contract Tower,0,3,14,0,17,0,4,27,0,31,0,7,41,0,48,50,4,54,102
06/11/2006,GON,CT,ANE,EN,Federal Contract Tower,0,9,17,4,30,0,3,65,11,79,0,12,82,15,109,132,26,158,267
06/12/2006,GON,CT,ANE,EN,Federal Contract Tower,0,4,27,6,37,0,4,79,8,91,0,8,106,14,128,120,2,122,250
06/13/2006,GON,CT,ANE,EN,Federal Contract Tower,0,3,33,3,39,0,2,75,14,91,0,5,108,17,130,130,16,146,276
06/14/2006,GON,CT,ANE,EN,Federal Contract Tower,0,11,16,2,29,0,0,62,12,74,0,11,78,14,103,62,20,82,185
06/15/2006,GON,CT,ANE,EN,Federal Contract Tower,0,7,26,3,36,0,1,68,21,90,0,8,94,24,126,102,12,114,240
06/16/2006,GON,CT,ANE,EN,Federal Contract Tower,0,16,19,7,42,0,1,115,18,134,0,17,134,25,176,160,6,166,342
06/17/2006,GON,CT,ANE,EN,Federal Contract Tower,0,3,19,6,28,0,3,88,4,95,0,6,107,10,123,112,6,118,241
06/18/2006,GON,CT,ANE,EN,Federal Contract Tower,0,4,23,2,29,0,1,94,3,98,0,5,117,5,127,164,0,164,291
06/19/2006,GON,CT,ANE,EN,Federal Contract Tower,0,5,22,1,28,0,2,47,3,52,0,7,69,4,80,62,0,62,142
06/20/2006,GON,CT,ANE,EN,Federal Contract Tower,0,3,15,17,35,0,5,41,5,51,0,8,56,22,86,54,8,62,148
06/21/2006,GON,CT,ANE,EN,Federal Contract Tower,0,7,30,4,41,0,0,120,4,124,0,7,150,8,165,126,4,130,295
06/22/2006,GON,CT,ANE,EN,Federal Contract Tower,0,14,24,10,48,0,0,45,5,50,0,14,69,15,98,72,2,74,172
06/23/2006,GON,CT,ANE,EN,Federal Contract Tower,0,7,12,5,24,0,1,47,0,48,0,8,59,5,72,72,0,72,144
06/24/2006,GON,CT,ANE,EN,Federal Contract Tower,0,0,9,0,9,0,0,1,0,1,0,0,10,0,10,0,0,0,10
06/25/2006,GON,CT,ANE,EN,Federal Contract Tower,0,3,9,0,12,0,0,0,0,0,0,3,9,0,12,8,0,8,20
06/26/2006,GON,CT,ANE,EN,Federal Contract Tower,0,5,26,1,32,0,0,20,1,21,0,5,46,2,53,30,10,40,93
06/27/2006,GON,CT,ANE,EN,Federal Contract Tower,0,8,25,2,35,0,4,33,4,41,0,12,58,6,76,30,2,32,108
06/28/2006,GON,CT,ANE,EN,Federal Contract Tower,0,9,17,0,26,0,1,0,0,1,0,10,17,0,27,10,4,14,41
06/29/2006,GON,CT,ANE,EN,Federal Contract Tower,0,6,24,0,30,0,0,0,0,0,0,6,24,0,30,14,0,14,44
06/30/2006,GON,CT,ANE,EN,Federal Contract Tower,0,19,24,3,46,0,3,69,3,75,0,22,93,6,121,94,0,94,215
07/01/2006,GON,CT,ANE,EN,Federal Contract Tower,0,1,11,0,12,0,11,117,2,130,0,12,128,2,142,132,0,132,274
07/02/2006,GON,CT,ANE,EN,Federal Contract Tower,0,5,8,0,13,0,3,45,0,48,0,8,53,0,61,70,0,70,131
07/03/2006,GON,CT,ANE,EN,Federal Contract Tower,0,8,18,0,26,0,2,83,30,115,0,10,101,30,141,90,2,92,233
07/04/2006,GON,CT,ANE,EN,Federal Contract Tower,0,3,25,0,28,0,2,28,1,31,0,5,53,1,59,42,4,46,105
07/05/2006,GON,CT,ANE,EN,Federal Contract Tower,0,7,22,0,29,0,5,8,0,13,0,12,30,0,42,48,0,48,90
07/06/2006,GON,CT,ANE,EN,Federal Contract Tower,0,3,10,0,13,0,5,64,5,74,0,8,74,5,87,90,36,126,213
07/07/2006,GON,CT,ANE,EN,Federal Contract Tower,0,9,18,0,27,0,5,126,1,132,0,14,144,1,159,112,2,114,273
07/08/2006,GON,CT,ANE,EN,Federal Contract Tower,0,4,17,0,21,0,3,98,5,106,0,7,115,5,127,144,10,154,281
07/09/2006,GON,CT,ANE,EN,Federal Contract Tower,0,2,37,0,39,0,1,73,9,83,0,3,110,9,122,196,2,198,320
07/10/2006,GON,CT,ANE,EN,Federal Contract Tower,0,7,22,1,30,0,2,64,2,68,0,9,86,3,98,54,0,54,152
07/11/2006,GON,CT,ANE,EN,Federal Contract Tower,0,10,24,0,34,0,2,34,4,40,0,12,58,4,74,52,2,54,128
07/12/2006,GON,CT,ANE,EN,Federal Contract Tower,0,6,51,0,57,0,0,0,0,0,0,6,51,0,57,16,0,16,73
07/13/2006,GON,CT,ANE,EN,Federal Contract Tower,0,4,28,0,32,0,5,22,1,28,0,9,50,1,60,46,6,52,112
07/14/2006,GON,CT,ANE,EN,Federal Contract Tower,0,9,19,1,29,0,7,135,10,152,0,16,154,11,181,138,14,152,333
07/15/2006,GON,CT,ANE,EN,Federal Contract Tower,0,2,12,0,14,0,9,67,13,89,0,11,79,13,103,136,4,140,243
07/16/2006,GON,CT,ANE,EN,Federal Contract Tower,0,6,18,2,26,0,8,84,2,94,0,14,102,4,120,124,2,126,246
07/17/2006,GON,CT,ANE,EN,Federal Contract Tower,0,6,17,1,24,0,5,110,0,115,0,11,127,1,139,92,4,96,235
07/18/2006,GON,CT,ANE,EN,Federal Contract Tower,0,5,22,2,29,0,6,93,19,118,0,11,115,21,147,100,18,118,265
07/19/2006,GON,CT,ANE,EN,Federal Contract Tower,0,9,26,0,35,0,4,94,12,110,0,13,120,12,145,88,0,88,233
07/20/2006,GON,CT,ANE,EN,Federal Contract Tower,0,12,30,7,49,0,2,30,3,35,0,14,60,10,84,30,2,32,116
07/21/2006,GON,CT,ANE,EN,Federal Contract Tower,0,13,29,4,46,0,9,39,10,58,0,22,68,14,104,56,0,56,160
07/22/2006,GON,CT,ANE,EN,Federal Contract Tower,0,5,11,5,21,0,0,0,1,1,0,5,11,6,22,6,0,6,28
07/23/2006,GON,CT,ANE,EN,Federal Contract Tower,0,12,38,3,53,0,4,51,0,55,0,16,89,3,108,142,6,148,256
07/24/2006,GON,CT,ANE,EN,Federal Contract Tower,0,10,19,3,32,0,1,140,12,153,0,11,159,15,185,84,6,90,275
07/25/2006,GON,CT,ANE,EN,Federal Contract Tower,0,8,13,9,30,0,2,106,17,125,0,10,119,26,155,96,8,104,259
07/26/2006,GON,CT,ANE,EN,Federal Contract Tower,0,11,21,6,38,0,4,67,9,80,0,15,88,15,118,68,6,74,192
07/27/2006,GON,CT,ANE,EN,Federal Contract Tower,0,11,25,2,38,0,4,54,4,62,0,15,79,6,100,48,0,48,148
07/28/2006,GON,CT,ANE,EN,Federal Contract Tower,0,9,15,3,27,0,2,49,3,54,0,11,64,6,81,88,6,94,175
07/29/2006,GON,CT,ANE,EN,Federal Contract Tower,0,1,9,1,11,0,6,126,1,133,0,7,135,2,144,148,10,158,302
07/30/2006,GON,CT,ANE,EN,Federal Contract Tower,0,1,12,2,15,0,3,71,0,74,0,4,83,2,89,102,0,102,191
07/31/2006,GON,CT,ANE,EN,Federal Contract Tower,0,7,17,2,26,0,8,96,2,106,0,15,113,4,132,102,0,102,234
08/01/2006,GON,CT,ANE,EN,Federal Contract Tower,0,9,16,2,27,0,3,75,14,92,0,12,91,16,119,76,12,88,207
08/02/2006,GON,CT,ANE,EN,Federal Contract Tower,0,8,23,0,31,0,2,38,13,53,0,10,61,13,84,32,0,32,116
08/03/2006,GON,CT,ANE,EN,Federal Contract Tower,0,7,16,2,25,0,7,67,16,90,0,14,83,18,115,39,4,43,158
08/04/2006,GON,CT,ANE,EN,Federal Contract Tower,0,18,28,2,48,0,0,38,0,38,0,18,66,2,86,52,0,52,138
08/05/2006,GON,CT,ANE,EN,Federal Contract Tower,0,1,6,1,8,0,6,133,6,145,0,7,139,7,153,162,6,168,321
08/06/2006,GON,CT,ANE,EN,Federal Contract Tower,0,10,22,0,32,0,5,88,4,97,0,15,110,4,129,106,0,106,235
08/07/2006,GON,CT,ANE,EN,Federal Contract Tower,0,12,24,1,37,0,2,65,5,72,0,14,89,6,109,102,0,102,211
08/08/2006,GON,CT,ANE,EN,Federal Contract Tower,0,6,22,0,28,0,3,119,8,130,0,9,141,8,158,92,0,92,250
08/09/2006,GON,CT,ANE,EN,Federal Contract Tower,0,6,20,3,29,0,5,132,8,145,0,11,152,11,174,115,4,119,293
08/10/2006,GON,CT,ANE,EN,Federal Contract Tower,0,8,10,7,25,0,3,76,7,86,0,11,86,14,111,86,4,90,201
08/11/2006,GON,CT,ANE,EN,Federal Contract Tower,0,10,36,0,46,0,1,100,3,104,0,11,136,3,150,102,10,112,262
08/12/2006,GON,CT,ANE,EN,Federal Contract Tower,0,5,8,0,13,0,3,100,12,115,0,8,108,12,128,96,6,102,230
08/13/2006,GON,CT,ANE,EN,Federal Contract Tower,0,6,16,1,23,0,4,105,7,116,0,10,121,8,139,114,6,120,259
08/14/2006,GON,CT,ANE,EN,Federal Contract Tower,0,9,8,1,18,0,19,84,0,103,0,28,92,1,121,90,6,96,217
08/15/2006,GON,CT,ANE,EN,Federal Contract Tower,0,10,18,0,28,0,7,33,3,43,0,17,51,3,71,38,0,38,109
08/16/2006,GON,CT,ANE,EN,Federal Contract Tower,0,10,19,0,29,0,5,84,8,97,0,15,103,8,126,70,0,70,196
08/17/2006,GON,CT,ANE,EN,Federal Contract Tower,0,6,16,1,23,0,2,103,8,113,0,8,119,9,136,112,12,124,260
08/18/2006,GON,CT,ANE,EN,Federal Contract Tower,0,12,18,0,30,0,8,65,0,73,0,20,83,0,103,96,2,98,201
08/19/2006,GON,CT,ANE,EN,Federal Contract Tower,0,3,15,0,18,0,5,90,6,101,0,8,105,6,119,130,4,134,253
08/20/2006,GON,CT,ANE,EN,Federal Contract Tower,0,5,23,0,28,0,4,32,0,36,0,9,55,0,64,44,0,44,108
08/21/2006,GON,CT,ANE,EN,Federal Contract Tower,0,6,28,2,36,0,3,80,7,90,0,9,108,9,126,88,2,90,216
08/22/2006,GON,CT,ANE,EN,Federal Contract Tower,0,4,25,5,34,0,2,129,16,147,0,6,154,21,181,94,6,100,281
08/23/2006,GON,CT,ANE,EN,Federal Contract Tower,0,9,17,2,28,0,6,83,14,103,0,15,100,16,131,56,4,60,191
08/24/2006,GON,CT,ANE,EN,Federal Contract Tower,0,6,18,3,27,0,7,51,11,69,0,13,69,14,96,108,6,114,210
08/25/2006,GON,CT,ANE,EN,Federal Contract Tower,0,17,29,9,55,0,0,0,0,0,0,17,29,9,55,4,2,6,61
08/26/2006,GON,CT,ANE,EN,Federal Contract Tower,0,2,23,1,26,0,8,37,1,46,0,10,60,2,72,120,0,120,192
08/27/2006,GON,CT,ANE,EN,Federal Contract Tower,0,6,18,2,26,0,1,19,0,20,0,7,37,2,46,52,0,52,98
08/28/2006,GON,CT,ANE,EN,Federal Contract Tower,0,10,37,2,49,0,2,0,0,2,0,12,37,2,51,14,0,14,65
08/29/2006,GON,CT,ANE,EN,Federal Contract Tower,0,7,19,0,26,0,1,3,0,4,0,8,22,0,30,2,0,2,32
08/30/2006,GON,CT,ANE,EN,Federal Contract Tower,0,17,39,3,59,0,6,55,7,68,0,23,94,10,127,82,8,90,217
08/31/2006,GON,CT,ANE,EN,Federal Contract Tower,0,4,27,7,38,0,5,110,11,126,0,9,137,18,164,90,2,92,256
09/01/2006,GON,CT,ANE,EN,Federal Contract Tower,0,11,20,0,31,0,6,76,2,84,0,17,96,2,115,116,2,118,233
09/02/2006,GON,CT,ANE,EN,Federal Contract Tower,0,1,12,0,13,0,0,0,0,0,0,1,12,0,13,0,0,0,13
09/03/2006,GON,CT,ANE,EN,Federal Contract Tower,0,2,13,0,15,0,3,27,0,30,0,5,40,0,45,26,0,26,71
09/04/2006,GON,CT,ANE,EN,Federal Contract Tower,0,1,15,0,16,0,4,109,2,115,0,5,124,2,131,124,0,124,255
09/05/2006,GON,CT,ANE,EN,Federal Contract Tower,0,5,22,7,34,0,2,77,3,82,0,7,99,10,116,52,8,60,176
09/06/2006,GON,CT,ANE,EN,Federal Contract Tower,0,9,28,5,42,0,3,42,15,60,0,12,70,20,102,64,6,70,172
09/07/2006,GON,CT,ANE,EN,Federal Contract Tower,0,7,16,5,28,0,4,86,14,104,0,11,102,19,132,132,10,142,274
09/08/2006,GON,CT,ANE,EN,Federal Contract Tower,0,9,14,7,30,0,6,112,23,141,0,15,126,30,171,174,0,174,345
09/09/2006,GON,CT,ANE,EN,Federal Contract Tower,0,5,22,0,27,0,2,74,12,88,0,7,96,12,115,80,26,106,221
09/10/2006,GON,CT,ANE,EN,Federal Contract Tower,0,5,31,0,36,0,3,76,14,93,0,8,107,14,129,86,0,86,215
09/11/2006,GON,CT,ANE,EN,Federal Contract Tower,0,4,20,8,32,0,2,59,3,64,0,6,79,11,96,78,6,84,180
09/12/2006,GON,CT,ANE,EN,Federal Contract Tower,0,2,26,1,29,0,2,106,9,117,0,4,132,10,146,110,2,112,258
09/13/2006,GON,CT,ANE,EN,Federal Contract Tower,0,7,26,6,39,0,3,82,21,106,0,10,108,27,145,84,0,84,229
09/14/2006,GON,CT,ANE,EN,Federal Contract Tower,0,4,31,0,35,0,0,9,2,11,0,4,40,2,46,12,2,14,60
09/15/2006,GON,CT,ANE,EN,Federal Contract Tower,0,13,27,0,40,0,0,2,0,2,0,13,29,0,42,8,0,8,50
09/16/2006,GON,CT,ANE,EN,Federal Contract Tower,0,8,9,0,17,0,3,79,3,85,0,11,88,3,102,66,0,66,168
09/17/2006,GON,CT,ANE,EN,Federal Contract Tower,0,3,21,2,26,0,0,110,8,118,0,3,131,10,144,126,10,136,280
09/18/2006,GON,CT,ANE,EN,Federal Contract Tower,0,11,23,3,37,0,0,31,2,33,0,11,54,5,70,64,2,66,136
09/19/2006,GON,CT,ANE,EN,Federal Contract Tower,0,3,34,1,38,0,3,23,3,29,0,6,57,4,67,34,0,34,101
09/20/2006,GON,CT,ANE,EN,Federal Contract Tower,0,6,15,3,24,0,2,50,17,69,0,8,65,20,93,52,2,54,147
09/21/2006,GON,CT,ANE,EN,Federal Contract Tower,0,6,20,4,30,0,0,87,15,102,0,6,107,19,132,74,14,88,220
09/22/2006,GON,CT,ANE,EN,Federal Contract Tower,0,6,22,4,32,0,10,69,2,81,0,16,91,6,113,72,0,72,185
09/23/2006,GON,CT,ANE,EN,Federal Contract Tower,0,2,23,1,26,0,0,2,1,3,0,2,25,2,29,8,0,8,37
09/24/2006,GON,CT,ANE,EN,Federal Contract Tower,0,6,10,0,16,0,1,12,0,13,0,7,22,0,29,20,0,20,49
09/25/2006,GON,CT,ANE,EN,Federal Contract Tower,0,4,13,0,17,0,6,66,2,74,0,10,79,2,91,74,4,78,169
09/26/2006,GON,CT,ANE,EN,Federal Contract Tower,0,3,19,6,28,0,0,95,8,103,0,3,114,14,131,92,10,102,233
09/27/2006,GON,CT,ANE,EN,Federal Contract Tower,0,8,26,3,37,0,1,61,15,77,0,9,87,18,114,114,0,114,228
09/28/2006,GON,CT,ANE,EN,Federal Contract Tower,0,8,30,1,39,0,2,64,6,72,0,10,94,7,111,80,0,80,191
09/29/2006,GON,CT,ANE,EN,Federal Contract Tower,0,9,23,1,33,0,2,39,3,44,0,11,62,4,77,36,0,36,113
09/30/2006,GON,CT,ANE,EN,Federal Contract Tower,0,5,13,0,18,0,0,136,6,142,0,5,149,6,160,128,0,128,288
10/01/2006,GON,CT,ANE,EN,Federal Contract Tower,0,7,37,0,44,0,0,1,0,1,0,7,38,0,45,6,0,6,51
10/02/2006,GON,CT,ANE,EN,Federal Contract Tower,0,3,18,0,21,0,0,63,8,71,0,3,81,8,92,60,0,60,152
10/03/2006,GON,CT,ANE,EN,Federal Contract Tower,0,3,24,0,27,0,2,56,11,69,0,5,80,11,96,66,2,68,164
10/04/2006,GON,CT,ANE,EN,Federal Contract Tower,0,10,31,1,42,0,0,60,28,88,0,10,91,29,130,52,0,52,182
10/05/2006,GON,CT,ANE,EN,Federal Contract Tower,0,4,21,2,27,0,6,69,9,84,0,10,90,11,111,56,8,64,175
10/06/2006,GON,CT,ANE,EN,Federal Contract Tower,0,13,13,2,28,0,4,39,3,46,0,17,52,5,74,40,0,40,114
10/07/2006,GON,CT,ANE,EN,Federal Contract Tower,0,4,12,0,16,0,0,53,1,54,0,4,65,1,70,76,0,76,146
10/08/2006,GON,CT,ANE,EN,Federal Contract Tower,0,2,14,0,16,0,2,95,3,100,0,4,109,3,116,142,2,144,260
10/09/2006,GON,CT,ANE,EN,Federal Contract Tower,0,8,28,1,37,0,1,101,5,107,0,9,129,6,144,54,8,62,206
10/10/2006,GON,CT,ANE,EN,Federal Contract Tower,0,8,20,0,28,0,2,54,9,65,0,10,74,9,93,74,0,74,167
10/11/2006,GON,CT,ANE,EN,Federal Contract Tower,0,6,41,2,49,0,0,2,11,13,0,6,43,13,62,22,2,24,86
10/12/2006,GON,CT,ANE,EN,Federal Contract Tower,0,4,23,1,28,0,0,24,7,31,0,4,47,8,59,24,20,44,103
10/13/2006,GON,CT,ANE,EN,Federal Contract Tower,0,8,19,0,27,0,5,73,5,83,0,13,92,5,110,70,4,74,184
10/14/2006,GON,CT,ANE,EN,Federal Contract Tower,0,1,11,1,13,0,0,82,3,85,0,1,93,4,98,60,4,64,162
10/15/2006,GON,CT,ANE,EN,Federal Contract Tower,0,2,12,0,14,0,2,79,4,85,0,4,91,4,99,56,0,56,155
10/16/2006,GON,CT,ANE,EN,Federal Contract Tower,0,5,15,0,20,0,3,69,10,82,0,8,84,10,102,88,8,96,198
10/17/2006,GON,CT,ANE,EN,Federal Contract Tower,0,2,10,0,12,0,0,25,5,30,0,2,35,5,42,26,0,26,68
10/18/2006,GON,CT,ANE,EN,Federal Contract Tower,0,6,18,2,26,0,0,24,8,32,0,6,42,10,58,36,14,50,108
10/19/2006,GON,CT,ANE,EN,Federal Contract Tower,0,3,22,4,29,0,0,66,28,94,0,3,88,32,123,98,38,136,259
10/20/2006,GON,CT,ANE,EN,Federal Contract Tower,0,9,18,0,27,0,0,0,0,0,0,9,18,0,27,6,0,6,33
10/21/2006,GON,CT,ANE,EN,Federal Contract Tower,0,0,10,4,14,0,1,65,5,71,0,1,75,9,85,48,22,70,155
10/22/2006,GON,CT,ANE,EN,Federal Contract Tower,0,2,27,0,29,0,0,89,0,89,0,2,116,0,118,92,0,92,210
10/23/2006,GON,CT,ANE,EN,Federal Contract Tower,0,6,17,0,23,0,0,43,1,44,0,6,60,1,67,60,0,60,127
10/24/2006,GON,CT,ANE,EN,Federal Contract Tower,0,2,18,0,20,0,0,69,12,81,0,2,87,12,101,78,14,92,193
10/25/2006,GON,CT,ANE,EN,Federal Contract Tower,0,5,18,1,24,0,0,49,10,59,0,5,67,11,83,54,0,54,137
10/26/2006,GON,CT,ANE,EN,Federal Contract Tower,0,5,17,3,25,0,3,76,19,98,0,8,93,22,123,82,0,82,205
10/27/2006,GON,CT,ANE,EN,Federal Contract Tower,0,11,11,0,22,0,1,90,20,111,0,12,101,20,133,84,30,114,247
10/28/2006,GON,CT,ANE,EN,Federal Contract Tower,0,1,1,0,2,0,0,0,0,0,0,1,1,0,2,0,0,0,2
10/29/2006,GON,CT,ANE,EN,Federal Contract Tower,0,1,7,0,8,0,0,5,0,5,0,1,12,0,13,0,2,2,15
10/30/2006,GON,CT,ANE,EN,Federal Contract Tower,0,9,20,0,29,0,0,30,14,44,0,9,50,14,73,76,30,106,179
10/31/2006,GON,CT,ANE,EN,Federal Contract Tower,0,1,12,1,14,0,1,59,12,72,0,2,71,13,86,56,2,58,144
11/01/2006,GON,CT,ANE,EN,Federal Contract Tower,0,8,16,0,24,0,0,79,7,86,0,8,95,7,110,46,16,62,172
11/02/2006,GON,CT,ANE,EN,Federal Contract Tower,0,5,17,2,24,0,0,32,6,38,0,5,49,8,62,46,0,46,108
11/03/2006,GON,CT,ANE,EN,Federal Contract Tower,0,9,15,0,24,0,13,58,18,89,0,22,73,18,113,108,2,110,223
11/04/2006,GON,CT,ANE,EN,Federal Contract Tower,0,0,10,0,10,0,3,105,10,118,0,3,115,10,128,178,12,190,318
11/05/2006,GON,CT,ANE,EN,Federal Contract Tower,0,0,22,0,22,0,0,88,15,103,0,0,110,15,125,80,2,82,207
11/06/2006,GON,CT,ANE,EN,Federal Contract Tower,0,6,8,0,14,0,0,41,7,48,0,6,49,7,62,70,2,72,134
11/07/2006,GON,CT,ANE,EN,Federal Contract Tower,0,3,13,0,16,0,0,26,5,31,0,3,39,5,47,18,0,18,65
11/08/2006,GON,CT,ANE,EN,Federal Contract Tower,0,4,21,0,25,0,0,0,0,0,0,4,21,0,25,0,0,0,25
11/09/2006,GON,CT,ANE,EN,Federal Contract Tower,0,9,0,0,9,0,6,54,17,77,0,15,54,17,86,56,2,58,144
11/10/2006,GON,CT,ANE,EN,Federal Contract Tower,0,4,17,0,21,0,3,87,6,96,0,7,104,6,117,84,0,84,201
11/11/2006,GON,CT,ANE,EN,Federal Contract Tower,0,4,11,0,15,0,0,77,10,87,0,4,88,10,102,86,2,88,190
11/12/2006,GON,CT,ANE,EN,Federal Contract Tower,0,4,12,0,16,0,0,0,0,0,0,4,12,0,16,0,2,2,18
11/13/2006,GON,CT,ANE,EN,Federal Contract Tower,0,3,21,0,24,0,0,0,0,0,0,3,21,0,24,0,0,0,24
11/14/2006,GON,CT,ANE,EN,Federal Contract Tower,0,0,33,1,34,0,0,4,1,5,0,0,37,2,39,4,2,6,45
11/15/2006,GON,CT,ANE,EN,Federal Contract Tower,0,4,46,0,50,0,0,9,0,9,0,4,55,0,59,42,4,46,105
11/16/2006,GON,CT,ANE,EN,Federal Contract Tower,0,4,22,0,26,0,1,15,0,16,0,5,37,0,42,10,2,12,54
11/17/2006,GON,CT,ANE,EN,Federal Contract Tower,0,6,23,4,33,0,0,54,14,68,0,6,77,18,101,76,4,80,181
11/18/2006,GON,CT,ANE,EN,Federal Contract Tower,0,0,18,0,18,0,0,80,10,90,0,0,98,10,108,114,20,134,242
11/19/2006,GON,CT,ANE,EN,Federal Contract Tower,0,1,17,0,18,0,0,70,8,78,0,1,87,8,96,92,12,104,200
11/20/2006,GON,CT,ANE,EN,Federal Contract Tower,0,5,19,0,24,0,0,48,0,48,0,5,67,0,72,48,6,54,126
11/21/2006,GON,CT,ANE,EN,Federal Contract Tower,0,6,27,4,37,0,0,73,7,80,0,6,100,11,117,98,2,100,217
11/22/2006,GON,CT,ANE,EN,Federal Contract Tower,0,6,29,0,35,0,0,45,3,48,0,6,74,3,83,44,2,46,129
11/23/2006,GON,CT,ANE,EN,Federal Contract Tower,0,1,3,0,4,0,0,0,0,0,0,1,3,0,4,0,0,0,4
11/24/2006,GON,CT,ANE,EN,Federal Contract Tower,0,1,19,0,20,0,0,44,3,47,0,1,63,3,67,50,2,52,119
11/25/2006,GON,CT,ANE,EN,Federal Contract Tower,0,2,14,0,16,0,0,77,0,77,0,2,91,0,93,92,0,92,185
11/26/2006,GON,CT,ANE,EN,Federal Contract Tower,0,1,29,0,30,0,0,82,2,84,0,1,111,2,114,62,8,70,184
11/27/2006,GON,CT,ANE,EN,Federal Contract Tower,0,3,23,5,31,0,2,22,1,25,0,5,45,6,56,18,6,24,80
11/28/2006,GON,CT,ANE,EN,Federal Contract Tower,0,3,29,4,36,0,0,0,0,0,0,3,29,4,36,8,4,12,48
11/29/2006,GON,CT,ANE,EN,Federal Contract Tower,0,9,30,12,51,0,0,0,0,0,0,9,30,12,51,2,14,16,67
11/30/2006,GON,CT,ANE,EN,Federal Contract Tower,0,4,20,1,25,0,0,49,15,64,0,4,69,16,89,28,16,44,133
12/01/2006,GON,CT,ANE,EN,Federal Contract Tower,0,5,4,0,9,0,0,0,0,0,0,5,4,0,9,2,0,2,11
12/02/2006,GON,CT,ANE,EN,Federal Contract Tower,0,1,17,2,20,0,0,56,1,57,0,1,73,3,77,42,8,50,127
12/03/2006,GON,CT,ANE,EN,Federal Contract Tower,0,1,16,2,19,0,0,99,4,103,0,1,115,6,122,98,0,98,220
12/04/2006,GON,CT,ANE,EN,Federal Contract Tower,0,3,10,1,14,0,1,29,1,31,0,4,39,2,45,10,0,10,55
12/05/2006,GON,CT,ANE,EN,Federal Contract Tower,0,1,28,4,33,0,1,58,0,59,0,2,86,4,92,70,0,70,162
12/06/2006,GON,CT,ANE,EN,Federal Contract Tower,0,4,21,2,27,0,1,49,9,59,0,5,70,11,86,22,6,28,114
12/07/2006,GON,CT,ANE,EN,Federal Contract Tower,0,5,11,3,19,0,3,71,5,79,0,8,82,8,98,42,0,42,140
12/08/2006,GON,CT,ANE,EN,Federal Contract Tower,0,3,6,2,11,0,1,29,2,32,0,4,35,4,43,6,4,10,53
12/09/2006,GON,CT,ANE,EN,Federal Contract Tower,0,2,12,0,14,0,1,61,7,69,0,3,73,7,83,32,0,32,115
12/10/2006,GON,CT,ANE,EN,Federal Contract Tower,0,3,7,0,10,0,0,67,2,69,0,3,74,2,79,28,0,28,107
12/11/2006,GON,CT,ANE,EN,Federal Contract Tower,0,2,15,2,19,0,0,40,2,42,0,2,55,4,61,18,0,18,79
12/12/2006,GON,CT,ANE,EN,Federal Contract Tower,0,2,27,1,30,0,0,37,10,47,0,2,64,11,77,40,2,42,119
12/13/2006,GON,CT,ANE,EN,Federal Contract Tower,0,5,37,1,43,0,0,4,0,4,0,5,41,1,47,8,0,8,55
12/14/2006,GON,CT,ANE,EN,Federal Contract Tower,0,9,41,3,53,0,0,15,5,20,0,9,56,8,73,14,10,24,97
12/15/2006,GON,CT,ANE,EN,Federal Contract Tower,0,9,31,5,45,0,0,2,1,3,0,9,33,6,48,6,14,20,68
12/16/2006,GON,CT,ANE,EN,Federal Contract Tower,0,1,18,1,20,0,0,88,8,96,0,1,106,9,116,74,10,84,200
12/17/2006,GON,CT,ANE,EN,Federal Contract Tower,0,6,15,0,21,0,0,48,2,50,0,6,63,2,71,40,2,42,113
12/18/2006,GON,CT,ANE,EN,Federal Contract Tower,0,5,18,0,23,0,0,50,0,50,0,5,68,0,73,50,2,52,125
12/19/2006,GON,CT,ANE,EN,Federal Contract Tower,0,0,13,4,17,0,0,69,8,77,0,0,82,12,94,64,0,64,158
12/20/2006,GON,CT,ANE,EN,Federal Contract Tower,0,3,19,4,26,0,0,67,2,69,0,3,86,6,95,66,4,70,165
12/21/2006,GON,CT,ANE,EN,Federal Contract Tower,0,4,12,1,17,0,2,54,0,56,0,6,66,1,73,38,0,38,111
12/22/2006,GON,CT,ANE,EN,Federal Contract Tower,0,3,13,0,16,0,0,57,4,61,0,3,70,4,77,38,2,40,117
12/23/2006,GON,CT,ANE,EN,Federal Contract Tower,0,0,10,0,10,0,0,1,0,1,0,0,11,0,11,2,0,2,13
12/24/2006,GON,CT,ANE,EN,Federal Contract Tower,0,1,3,0,4,0,0,22,0,22,0,1,25,0,26,20,0,20,46
12/25/2006,GON,CT,ANE,EN,Federal Contract Tower,0,1,1,0,2,0,0,4,0,4,0,1,5,0,6,6,0,6,12
12/26/2006,GON,CT,ANE,EN,Federal Contract Tower,0,3,11,0,14,0,0,0,0,0,0,3,11,0,14,0,0,0,14
12/27/2006,GON,CT,ANE,EN,Federal Contract Tower,0,1,17,6,24,0,0,34,16,50,0,1,51,22,74,26,24,50,124
12/28/2006,GON,CT,ANE,EN,Federal Contract Tower,0,0,8,2,10,0,0,123,2,125,0,0,131,4,135,60,22,82,217
12/29/2006,GON,CT,ANE,EN,Federal Contract Tower,0,0,16,4,20,0,0,104,8,112,0,0,120,12,132,64,10,74,206
12/30/2006,GON,CT,ANE,EN,Federal Contract Tower,0,4,11,0,15,0,0,32,1,33,0,4,43,1,48,76,6,82,130
12/31/2006,GON,CT,ANE,EN,Federal Contract Tower,0,0,13,0,13,0,0,55,0,55,0,0,68,0,68,104,2,106,174
01/01/2007,GON,CT,ANE,EN,Federal Contract Tower,0,0,5,0,5,0,0,0,0,0,0,0,5,0,5,2,0,2,7
01/02/2007,GON,CT,ANE,EN,Federal Contract Tower,0,3,13,0,16,0,1,30,0,31,0,4,43,0,47,14,0,14,61
01/03/2007,GON,CT,ANE,EN,Federal Contract Tower,0,0,24,0,24,0,0,68,14,82,0,0,92,14,106,104,0,104,210
01/04/2007,GON,CT,ANE,EN,Federal Contract Tower,0,1,19,3,23,0,0,86,5,91,0,1,105,8,114,82,10,92,206
01/05/2007,GON,CT,ANE,EN,Federal Contract Tower,0,5,11,1,17,0,0,9,0,9,0,5,20,1,26,8,0,8,34
01/06/2007,GON,CT,ANE,EN,Federal Contract Tower,0,0,6,0,6,0,0,3,0,3,0,0,9,0,9,6,0,6,15
01/07/2007,GON,CT,ANE,EN,Federal Contract Tower,0,4,23,3,30,0,0,98,2,100,0,4,121,5,130,62,4,66,196
01/08/2007,GON,CT,ANE,EN,Federal Contract Tower,0,4,13,0,17,0,0,1,0,1,0,4,14,0,18,2,0,2,20
01/09/2007,GON,CT,ANE,EN,Federal Contract Tower,0,2,16,4,22,0,0,62,4,66,0,2,78,8,88,58,0,58,146
01/10/2007,GON,CT,ANE,EN,Federal Contract Tower,0,4,14,2,20,0,0,48,0,48,0,4,62,2,68,30,4,34,102
01/11/2007,GON,CT,ANE,EN,Federal Contract Tower,0,4,15,0,19,0,0,82,11,93,0,4,97,11,112,90,0,90,202
01/12/2007,GON,CT,ANE,EN,Federal Contract Tower,0,9,10,4,23,0,0,52,11,63,0,9,62,15,86,46,0,46,132
01/13/2007,GON,CT,ANE,EN,Federal Contract Tower,0,0,23,1,24,0,0,0,0,0,0,0,23,1,24,10,0,10,34
01/14/2007,GON,CT,ANE,EN,Federal Contract Tower,0,0,3,0,3,0,0,0,0,0,0,0,3,0,3,0,0,0,3
01/15/2007,GON,CT,ANE,EN,Federal Contract Tower,0,5,14,0,19,0,0,0,0,0,0,5,14,0,19,0,0,0,19
01/16/2007,GON,CT,ANE,EN,Federal Contract Tower,0,6,11,2,19,0,0,64,5,69,0,6,75,7,88,26,0,26,114
01/17/2007,GON,CT,ANE,EN,Federal Contract Tower,0,4,26,0,30,0,0,59,12,71,0,4,85,12,101,24,2,26,127
01/18/2007,GON,CT,ANE,EN,Federal Contract Tower,0,6,16,0,22,0,1,44,7,52,0,7,60,7,74,38,0,38,112
01/19/2007,GON,CT,ANE,EN,Federal Contract Tower,0,8,10,0,18,0,0,17,6,23,0,8,27,6,41,8,6,14,55
01/20/2007,GON,CT,ANE,EN,Federal Contract Tower,0,1,7,0,8,0,0,2,5,7,0,1,9,5,15,2,0,2,17
01/21/2007,GON,CT,ANE,EN,Federal Contract Tower,0,4,18,0,22,0,1,68,1,70,0,5,86,1,92,30,2,32,124
01/22/2007,GON,CT,ANE,EN,Federal Contract Tower,0,1,11,0,12,0,0,15,0,15,0,1,26,0,27,30,4,34,61
01/23/2007,GON,CT,ANE,EN,Federal Contract Tower,0,0,20,4,24,0,0,36,6,42,0,0,56,10,66,100,4,104,170
01/24/2007,GON,CT,ANE,EN,Federal Contract Tower,0,0,23,3,26,0,0,50,2,52,0,0,73,5,78,88,4,92,170
01/25/2007,GON,CT,ANE,EN,Federal Contract Tower,0,3,6,1,10,0,0,33,3,36,0,3,39,4,46,70,4,74,120
01/26/2007,GON,CT,ANE,EN,Federal Contract Tower,0,6,10,4,20,0,0,17,2,19,0,6,27,6,39,8,0,8,47
01/27/2007,GON,CT,ANE,EN,Federal Contract Tower,0,2,9,4,15,0,0,40,10,50,0,2,49,14,65,72,36,108,173
01/28/2007,GON,CT,ANE,EN,Federal Contract Tower,0,2,17,3,22,0,0,60,5,65,0,2,77,8,87,70,8,78,165
01/29/2007,GON,CT,ANE,EN,Federal Contract Tower,0,4,15,2,21,0,0,32,2,34,0,4,47,4,55,22,4,26,81
01/30/2007,GON,CT,ANE,EN,Federal Contract Tower,0,0,10,3,13,0,0,52,8,60,0,0,62,11,73,66,2,68,141
01/31/2007,GON,CT,ANE,EN,Federal Contract Tower,0,0,12,2,14,0,0,45,5,50,0,0,57,7,64,58,2,60,124
02/01/2007,GON,CT,ANE,EN,Federal Contract Tower,0,3,16,3,22,0,0,37,2,39,0,3,53,5,61,70,0,70,131
02/02/2007,GON,CT,ANE,EN,Federal Contract Tower,0,6,15,0,21,0,0,7,0,7,0,6,22,0,28,4,0,4,32
02/03/2007,GON,CT,ANE,EN,Federal Contract Tower,0,3,8,1,12,0,0,49,1,50,0,3,57,2,62,22,8,30,92
02/04/2007,GON,CT,ANE,EN,Federal Contract Tower,0,1,8,0,9,0,0,15,2,17,0,1,23,2,26,14,0,14,40
02/05/2007,GON,CT,ANE,EN,Federal Contract Tower,0,5,16,0,21,0,0,18,4,22,0,5,34,4,43,10,2,12,55
02/06/2007,GON,CT,ANE,EN,Federal Contract Tower,0,1,6,0,7,0,0,32,4,36,0,1,38,4,43,18,0,18,61
02/07/2007,GON,CT,ANE,EN,Federal Contract Tower,0,1,13,2,16,0,0,41,2,43,0,1,54,4,59,26,10,36,95
02/08/2007,GON,CT,ANE,EN,Federal Contract Tower,0,3,9,5,17,0,0,29,0,29,0,3,38,5,46,22,4,26,72
02/09/2007,GON,CT,ANE,EN,Federal Contract Tower,0,12,10,2,24,0,0,33,0,33,0,12,43,2,57,22,0,22,79
02/10/2007,GON,CT,ANE,EN,Federal Contract Tower,0,2,19,1,22,0,0,77,5,82,0,2,96,6,104,94,4,98,202
02/11/2007,GON,CT,ANE,EN,Federal Contract Tower,0,0,19,1,20,0,0,120,2,122,0,0,139,3,142,66,4,70,212
02/12/2007,GON,CT,ANE,EN,Federal Contract Tower,0,7,17,0,24,0,0,95,12,107,0,7,112,12,131,86,2,88,219
02/13/2007,GON,CT,ANE,EN,Federal Contract Tower,0,0,6,0,6,0,0,51,3,54,0,0,57,3,60,32,10,42,102
02/14/2007,GON,CT,ANE,EN,Federal Contract Tower,0,0,8,0,8,0,0,0,0,0,0,0,8,0,8,0,0,0,8
02/15/2007,GON,CT,ANE,EN,Federal Contract Tower,0,3,10,0,13,0,0,7,0,7,0,3,17,0,20,12,0,12,32
02/16/2007,GON,CT,ANE,EN,Federal Contract Tower,0,9,15,0,24,0,0,22,7,29,0,9,37,7,53,18,0,18,71
02/17/2007,GON,CT,ANE,EN,Federal Contract Tower,0,0,6,0,6,0,0,111,8,119,0,0,117,8,125,42,4,46,171
02/18/2007,GON,CT,ANE,EN,Federal Contract Tower,0,0,8,0,8,0,0,39,3,42,0,0,47,3,50,26,6,32,82
02/19/2007,GON,CT,ANE,EN,Federal Contract Tower,0,5,18,3,26,0,0,12,3,15,0,5,30,6,41,10,2,12,53
02/20/2007,GON,CT,ANE,EN,Federal Contract Tower,0,0,16,0,16,0,0,49,7,56,0,0,65,7,72,52,6,58,130
02/21/2007,GON,CT,ANE,EN,Federal Contract Tower,0,1,22,3,26,0,0,79,4,83,0,1,101,7,109,70,18,88,197
02/22/2007,GON,CT,ANE,EN,Federal Contract Tower,0,5,12,0,17,0,0,29,8,37,0,5,41,8,54,44,2,46,100
02/23/2007,GON,CT,ANE,EN,Federal Contract Tower,0,6,17,0,23,0,0,7,6,13,0,6,24,6,36,14,2,16,52
02/24/2007,GON,CT,ANE,EN,Federal Contract Tower,0,4,13,2,19,0,0,66,23,89,0,4,79,25,108,32,6,38,146
02/25/2007,GON,CT,ANE,EN,Federal Contract Tower,0,3,18,3,24,0,0,102,19,121,0,3,120,22,145,88,18,106,251
02/26/2007,GON,CT,ANE,EN,Federal Contract Tower,0,5,10,0,15,0,0,0,0,0,0,5,10,0,15,2,0,2,17
02/27/2007,GON,CT,ANE,EN,Federal Contract Tower,0,1,27,3,31,0,0,0,1,1,0,1,27,4,32,2,0,2,34
02/28/2007,GON,CT,ANE,EN,Federal Contract Tower,0,2,21,0,23,0,0,87,8,95,0,2,108,8,118,138,0,138,256
03/01/2007,GON,CT,ANE,EN,Federal Contract Tower,0,6,21,1,28,0,0,66,9,75,0,6,87,10,103,86,8,94,197
03/02/2007,GON,CT,ANE,EN,Federal Contract Tower,0,1,4,0,5,0,1,10,0,11,0,2,14,0,16,2,0,2,18
03/03/2007,GON,CT,ANE,EN,Federal Contract Tower,0,0,22,2,24,0,2,75,23,100,0,2,97,25,124,100,8,108,232
03/04/2007,GON,CT,ANE,EN,Federal Contract Tower,0,0,14,0,14,0,0,66,16,82,0,0,80,16,96,64,4,68,164
03/05/2007,GON,CT,ANE,EN,Federal Contract Tower,0,5,11,0,16,0,11,15,0,26,0,16,26,0,42,12,0,12,54
03/06/2007,GON,CT,ANE,EN,Federal Contract Tower,0,0,19,2,21,0,0,15,1,16,0,0,34,3,37,10,0,10,47
03/07/2007,GON,CT,ANE,EN,Federal Contract Tower,0,0,16,5,21,0,0,9,12,21,0,0,25,17,42,24,10,34,76
03/08/2007,GON,CT,ANE,EN,Federal Contract Tower,0,4,25,0,29,0,0,41,7,48,0,4,66,7,77,20,4,24,101
03/09/2007,GON,CT,ANE,EN,Federal Contract Tower,0,11,22,0,33,0,1,95,5,101,0,12,117,5,134,84,0,84,218
03/10/2007,GON,CT,ANE,EN,Federal Contract Tower,0,4,16,1,21,0,0,36,5,41,0,4,52,6,62,56,26,82,144
03/11/2007,GON,CT,ANE,EN,Federal Contract Tower,0,1,18,1,20,0,1,58,6,65,0,2,76,7,85,56,6,62,147
03/12/2007,GON,CT,ANE,EN,Federal Contract Tower,0,3,11,4,18,0,0,97,4,101,0,3,108,8,119,58,4,62,181
03/13/2007,GON,CT,ANE,EN,Federal Contract Tower,0,0,26,0,26,0,1,75,4,80,0,1,101,4,106,82,2,84,190
03/14/2007,GON,CT,ANE,EN,Federal Contract Tower,0,4,29,1,34,0,0,50,5,55,0,4,79,6,89,52,44,96,185
03/15/2007,GON,CT,ANE,EN,Federal Contract Tower,0,6,22,4,32,0,0,15,0,15,0,6,37,4,47,8,48,56,103
03/16/2007,GON,CT,ANE,EN,Federal Contract Tower,0,4,10,0,14,0,0,0,0,0,0,4,10,0,14,0,0,0,14
03/17/2007,GON,CT,ANE,EN,Federal Contract Tower,0,1,3,0,4,0,0,3,0,3,0,1,6,0,7,0,0,0,7
03/18/2007,GON,CT,ANE,EN,Federal Contract Tower,0,0,9,3,12,0,0,53,14,67,0,0,62,17,79,22,6,28,107
03/19/2007,GON,CT,ANE,EN,Federal Contract Tower,0,13,13,0,26,0,2,53,5,60,0,15,66,5,86,30,12,42,128
03/20/2007,GON,CT,ANE,EN,Federal Contract Tower,0,5,12,5,22,0,0,41,7,48,0,5,53,12,70,32,4,36,106
03/21/2007,GON,CT,ANE,EN,Federal Contract Tower,0,2,25,4,31,0,15,78,4,97,0,17,103,8,128,72,2,74,202
03/22/2007,GON,CT,ANE,EN,Federal Contract Tower,0,5,17,2,24,0,0,11,0,11,0,5,28,2,35,6,4,10,45
03/23/2007,GON,CT,ANE,EN,Federal Contract Tower,0,13,22,0,35,0,0,65,10,75,0,13,87,10,110,36,0,36,146
03/24/2007,GON,CT,ANE,EN,Federal Contract Tower,0,2,17,0,19,0,2,96,5,103,0,4,113,5,122,110,0,110,232
03/25/2007,GON,CT,ANE,EN,Federal Contract Tower,0,4,31,0,35,0,0,49,12,61,0,4,80,12,96,42,4,46,142
03/26/2007,GON,CT,ANE,EN,Federal Contract Tower,0,5,34,0,39,0,0,35,3,38,0,5,69,3,77,40,0,40,117
03/27/2007,GON,CT,ANE,EN,Federal Contract Tower,0,0,25,4,29,0,0,50,8,58,0,0,75,12,87,34,8,42,129
03/28/2007,GON,CT,ANE,EN,Federal Contract Tower,0,1,13,1,15,0,1,58,9,68,0,2,71,10,83,50,0,50,133
03/29/2007,GON,CT,ANE,EN,Federal Contract Tower,0,4,13,8,25,0,0,42,1,43,0,4,55,9,68,62,2,64,132
03/30/2007,GON,CT,ANE,EN,Federal Contract Tower,0,9,17,1,27,0,1,112,10,123,0,10,129,11,150,82,0,82,232
03/31/2007,GON,CT,ANE,EN,Federal Contract Tower,0,3,14,1,18,0,0,150,16,166,0,3,164,17,184,88,0,88,272
04/01/2007,GON,CT,ANE,EN,Federal Contract Tower,0,6,19,2,27,0,0,63,11,74,0,6,82,13,101,64,6,70,171
04/02/2007,GON,CT,ANE,EN,Federal Contract Tower,0,6,29,0,35,0,0,0,0,0,0,6,29,0,35,4,0,4,39
04/03/2007,GON,CT,ANE,EN,Federal Contract Tower,0,0,37,3,40,0,0,50,2,52,0,0,87,5,92,40,6,46,138
04/04/2007,GON,CT,ANE,EN,Federal Contract Tower,0,1,14,0,15,0,1,9,0,10,0,2,23,0,25,0,0,0,25
04/05/2007,GON,CT,ANE,EN,Federal Contract Tower,0,8,12,4,24,0,1,28,2,31,0,9,40,6,55,32,4,36,91
04/06/2007,GON,CT,ANE,EN,Federal Contract Tower,0,4,22,0,26,0,0,57,7,64,0,4,79,7,90,56,4,60,150
04/07/2007,GON,CT,ANE,EN,Federal Contract Tower,0,0,5,2,7,0,1,79,3,83,0,1,84,5,90,88,0,88,178
04/08/2007,GON,CT,ANE,EN,Federal Contract Tower,0,2,9,0,11,0,0,22,2,24,0,2,31,2,35,24,0,24,59
04/09/2007,GON,CT,ANE,EN,Federal Contract Tower,0,6,18,2,26,0,2,70,6,78,0,8,88,8,104,64,8,72,176
04/10/2007,GON,CT,ANE,EN,Federal Contract Tower,0,0,21,6,27,0,1,77,2,80,0,1,98,8,107,66,6,72,179
04/11/2007,GON,CT,ANE,EN,Federal Contract Tower,0,1,29,5,35,0,0,90,12,102,0,1,119,17,137,92,14,106,243
04/12/2007,GON,CT,ANE,EN,Federal Contract Tower,0,4,11,1,16,0,0,2,0,2,0,4,13,1,18,0,0,0,18
04/13/2007,GON,CT,ANE,EN,Federal Contract Tower,0,5,15,0,20,0,0,71,18,89,0,5,86,18,109,36,10,46,155
04/14/2007,GON,CT,ANE,EN,Federal Contract Tower,0,2,27,3,32,0,2,114,16,132,0,4,141,19,164,46,4,50,214
04/15/2007,GON,CT,ANE,EN,Federal Contract Tower,0,0,2,2,4,0,0,1,0,1,0,0,3,2,5,0,0,0,5
04/16/2007,GON,CT,ANE,EN,Federal Contract Tower,0,4,12,0,16,0,0,0,0,0,0,4,12,0,16,0,4,4,20
04/17/2007,GON,CT,ANE,EN,Federal Contract Tower,0,2,12,2,16,0,0,8,0,8,0,2,20,2,24,0,2,2,26
04/18/2007,GON,CT,ANE,EN,Federal Contract Tower,0,0,27,3,30,0,0,6,6,12,0,0,33,9,42,20,2,22,64
04/19/2007,GON,CT,ANE,EN,Federal Contract Tower,0,6,5,1,12,0,0,47,14,61,0,6,52,15,73,52,6,58,131
04/20/2007,GON,CT,ANE,EN,Federal Contract Tower,0,6,25,5,36,0,2,83,9,94,0,8,108,14,130,84,6,90,220
04/21/2007,GON,CT,ANE,EN,Federal Contract Tower,0,1,17,0,18,0,0,121,11,132,0,1,138,11,150,116,0,116,266
04/22/2007,GON,CT,ANE,EN,Federal Contract Tower,0,2,23,2,27,0,0,97,9,106,0,2,120,11,133,122,8,130,263
04/23/2007,GON,CT,ANE,EN,Federal Contract Tower,0,8,27,0,35,0,0,78,4,82,0,8,105,4,117,36,0,36,153
04/24/2007,GON,CT,ANE,EN,Federal Contract Tower,0,2,20,3,25,0,1,67,7,75,0,3,87,10,100,64,2,66,166
04/25/2007,GON,CT,ANE,EN,Federal Contract Tower,0,3,20,6,29,0,0,54,9,63,0,3,74,15,92,30,6,36,128
04/26/2007,GON,CT,ANE,EN,Federal Contract Tower,0,4,19,1,24,0,0,70,11,81,0,4,89,12,105,70,8,78,183
04/27/2007,GON,CT,ANE,EN,Federal Contract Tower,0,7,18,0,25,0,0,0,0,0,0,7,18,0,25,2,0,2,27
04/28/2007,GON,CT,ANE,EN,Federal Contract Tower,0,0,22,0,22,0,0,18,10,28,0,0,40,10,50,16,2,18,68
04/29/2007,GON,CT,ANE,EN,Federal Contract Tower,0,2,30,1,33,0,1,59,25,85,0,3,89,26,118,38,6,44,162
04/30/2007,GON,CT,ANE,EN,Federal Contract Tower,0,2,20,2,24,0,0,66,7,73,0,2,86,9,97,56,10,66,163
05/01/2007,GON,CT,ANE,EN,Federal Contract Tower,0,0,14,4,18,0,2,74,7,83,0,2,88,11,101,42,6,48,149
05/02/2007,GON,CT,ANE,EN,Federal Contract Tower,0,5,42,3,50,0,0,42,6,48,0,5,84,9,98,106,4,110,208
05/03/2007,GON,CT,ANE,EN,Federal Contract Tower,0,5,17,0,22,0,2,122,21,145,0,7,139,21,167,98,4,102,269
05/04/2007,GON,CT,ANE,EN,Federal Contract Tower,0,9,16,6,31,0,1,100,4,105,0,10,116,10,136,66,8,74,210
05/05/2007,GON,CT,ANE,EN,Federal Contract Tower,0,4,14,10,28,0,0,136,4,140,0,4,150,14,168,100,2,102,270
05/06/2007,GON,CT,ANE,EN,Federal Contract Tower,0,3,20,0,23,0,2,45,0,47,0,5,65,0,70,68,2,70,140
05/07/2007,GON,CT,ANE,EN,Federal Contract Tower,0,5,21,1,27,0,0,49,5,54,0,5,70,6,81,44,6,50,131
05/08/2007,GON,CT,ANE,EN,Federal Contract Tower,0,2,25,5,32,0,2,84,9,95,0,4,109,14,127,50,12,62,189
05/09/2007,GON,CT,ANE,EN,Federal Contract Tower,0,1,27,3,31,0,0,54,11,65,0,1,81,14,96,58,0,58,154
05/10/2007,GON,CT,ANE,EN,Federal Contract Tower,0,1,17,1,19,0,0,10,0,10,0,1,27,1,29,16,0,16,45
05/11/2007,GON,CT,ANE,EN,Federal Contract Tower,0,6,18,4,28,0,0,8,0,8,0,6,26,4,36,12,0,12,48
05/12/2007,GON,CT,ANE,EN,Federal Contract Tower,0,1,18,7,26,0,0,72,1,73,0,1,90,8,99,66,8,74,173
05/13/2007,GON,CT,ANE,EN,Federal Contract Tower,0,0,8,2,10,0,1,60,0,61,0,1,68,2,71,108,2,110,181
05/14/2007,GON,CT,ANE,EN,Federal Contract Tower,0,6,26,1,33,0,1,83,12,96,0,7,109,13,129,72,8,80,209
05/15/2007,GON,CT,ANE,EN,Federal Contract Tower,0,1,23,2,26,0,0,49,27,76,0,1,72,29,102,62,0,62,164
05/16/2007,GON,CT,ANE,EN,Federal Contract Tower,0,3,20,2,25,0,0,61,5,66,0,3,81,7,91,68,0,68,159
05/17/2007,GON,CT,ANE,EN,Federal Contract Tower,0,11,34,7,52,0,2,49,12,63,0,13,83,19,115,42,14,56,171
05/18/2007,GON,CT,ANE,EN,Federal Contract Tower,0,10,32,0,42,0,0,2,0,2,0,10,34,0,44,8,2,10,54
05/19/2007,GON,CT,ANE,EN,Federal Contract Tower,0,4,59,2,65,0,0,6,0,6,0,4,65,2,71,26,2,28,99
05/20/2007,GON,CT,ANE,EN,Federal Contract Tower,0,4,34,0,38,0,2,32,8,42,0,6,66,8,80,64,16,80,160
05/21/2007,GON,CT,ANE,EN,Federal Contract Tower,0,4,23,1,28,0,1,99,17,117,0,5,122,18,145,98,8,106,251
05/22/2007,GON,CT,ANE,EN,Federal Contract Tower,0,3,19,3,25,0,0,93,21,114,0,3,112,24,139,84,10,94,233
05/23/2007,GON,CT,ANE,EN,Federal Contract Tower,0,0,15,4,19,0,0,30,9,39,0,0,45,13,58,20,0,20,78
05/24/2007,GON,CT,ANE,EN,Federal Contract Tower,0,7,10,6,23,0,1,95,23,119,0,8,105,29,142,100,12,112,254
05/25/2007,GON,CT,ANE,EN,Federal Contract Tower,0,3,22,1,26,0,3,82,12,97,0,6,104,13,123,126,4,130,253
05/26/2007,GON,CT,ANE,EN,Federal Contract Tower,0,1,7,0,8,0,5,74,7,86,0,6,81,7,94,74,2,76,170
05/27/2007,GON,CT,ANE,EN,Federal Contract Tower,0,1,9,2,12,0,0,62,20,82,0,1,71,22,94,52,12,64,158
05/28/2007,GON,CT,ANE,EN,Federal Contract Tower,0,1,11,1,13,0,0,45,12,57,0,1,56,13,70,28,24,52,122
05/29/2007,GON,CT,ANE,EN,Federal Contract Tower,0,2,12,2,16,0,3,85,7,95,0,5,97,9,111,96,10,106,217
05/30/2007,GON,CT,ANE,EN,Federal Contract Tower,0,5,22,2,29,0,5,113,10,128,0,10,135,12,157,84,6,90,247
05/31/2007,GON,CT,ANE,EN,Federal Contract Tower,0,3,20,4,27,0,3,80,10,93,0,6,100,14,120,98,4,102,222
06/01/2007,GON,CT,ANE,EN,Federal Contract Tower,0,6,31,0,37,0,3,63,2,68,0,9,94,2,105,40,0,40,145
06/02/2007,GON,CT,ANE,EN,Federal Contract Tower,0,1,16,0,17,0,4,46,8,58,0,5,62,8,75,106,0,106,181
06/03/2007,GON,CT,ANE,EN,Federal Contract Tower,0,3,37,1,41,0,1,33,0,34,0,4,70,1,75,56,0,56,131
06/04/2007,GON,CT,ANE,EN,Federal Contract Tower,0,4,27,2,33,0,0,0,0,0,0,4,27,2,33,2,0,2,35
06/05/2007,GON,CT,ANE,EN,Federal Contract Tower,0,3,32,0,35,0,0,31,0,31,0,3,63,0,66,2,0,2,68
06/06/2007,GON,CT,ANE,EN,Federal Contract Tower,0,7,32,1,40,0,1,97,11,109,0,8,129,12,149,78,8,86,235
06/07/2007,GON,CT,ANE,EN,Federal Contract Tower,0,3,21,0,24,0,3,93,5,101,0,6,114,5,125,132,0,132,257
06/08/2007,GON,CT,ANE,EN,Federal Contract Tower,0,6,19,1,26,0,0,29,7,36,0,6,48,8,62,58,4,62,124
06/09/2007,GON,CT,ANE,EN,Federal Contract Tower,0,3,17,0,20,0,0,2,0,2,0,3,19,0,22,4,0,4,26
06/10/2007,GON,CT,ANE,EN,Federal Contract Tower,0,5,28,1,34,0,3,102,4,109,0,8,130,5,143,100,10,110,253
06/11/2007,GON,CT,ANE,EN,Federal Contract Tower,0,11,18,10,39,0,1,68,10,79,0,12,86,20,118,48,0,48,166
06/12/2007,GON,CT,ANE,EN,Federal Contract Tower,0,1,20,2,23,0,0,49,3,52,0,1,69,5,75,30,6,36,111
06/13/2007,GON,CT,ANE,EN,Federal Contract Tower,0,3,26,3,32,0,0,26,7,33,0,3,52,10,65,16,4,20,85
06/14/2007,GON,CT,ANE,EN,Federal Contract Tower,0,7,23,5,35,0,1,52,7,60,0,8,75,12,95,142,0,142,237
06/15/2007,GON,CT,ANE,EN,Federal Contract Tower,0,5,15,7,27,0,3,115,7,125,0,8,130,14,152,106,10,116,268
06/16/2007,GON,CT,ANE,EN,Federal Contract Tower,0,0,10,4,14,0,3,119,0,122,0,3,129,4,136,118,0,118,254
06/17/2007,GON,CT,ANE,EN,Federal Contract Tower,0,4,15,2,21,0,1,115,4,120,0,5,130,6,141,94,0,94,235
06/18/2007,GON,CT,ANE,EN,Federal Contract Tower,0,4,22,0,26,0,4,104,1,109,0,8,126,1,135,80,6,86,221
06/19/2007,GON,CT,ANE,EN,Federal Contract Tower,0,0,22,2,24,0,5,105,2,112,0,5,127,4,136,30,4,34,170
06/20/2007,GON,CT,ANE,EN,Federal Contract Tower,0,2,29,0,31,0,1,31,1,33,0,3,60,1,64,20,0,20,84
06/21/2007,GON,CT,ANE,EN,Federal Contract Tower,0,10,12,2,24,0,4,110,13,127,0,14,122,15,151,102,4,106,257
06/22/2007,GON,CT,ANE,EN,Federal Contract Tower,0,5,16,2,23,0,6,120,16,142,0,11,136,18,165,62,24,86,251
06/23/2007,GON,CT,ANE,EN,Federal Contract Tower,0,3,19,0,22,0,4,117,10,131,0,7,136,10,153,138,0,138,291
06/24/2007,GON,CT,ANE,EN,Federal Contract Tower,0,6,20,0,26,0,6,141,6,153,0,12,161,6,179,122,2,124,303
06/25/2007,GON,CT,ANE,EN,Federal Contract Tower,0,5,28,0,33,0,2,105,7,114,0,7,133,7,147,106,8,114,261
06/26/2007,GON,CT,ANE,EN,Federal Contract Tower,0,4,27,3,34,0,5,78,5,88,0,9,105,8,122,40,4,44,166
06/27/2007,GON,CT,ANE,EN,Federal Contract Tower,0,2,44,3,49,0,0,37,5,42,0,2,81,8,91,16,0,16,107
06/28/2007,GON,CT,ANE,EN,Federal Contract Tower,0,10,27,1,38,0,0,26,5,31,0,10,53,6,69,20,2,22,91
06/29/2007,GON,CT,ANE,EN,Federal Contract Tower,0,10,21,1,32,0,5,127,9,141,0,15,148,10,173,108,4,112,285
06/30/2007,GON,CT,ANE,EN,Federal Contract Tower,0,7,14,0,21,0,19,124,0,143,0,26,138,0,164,104,4,108,272
07/01/2007,GON,CT,ANE,EN,Federal Contract Tower,0,4,12,0,16,0,3,165,5,173,0,7,177,5,189,114,4,118,307
07/02/2007,GON,CT,ANE,EN,Federal Contract Tower,0,9,17,0,26,0,1,132,49,182,0,10,149,49,208,88,8,96,304
07/03/2007,GON,CT,ANE,EN,Federal Contract Tower,0,1,11,3,15,0,1,93,4,98,0,2,104,7,113,136,12,148,261
07/04/2007,GON,CT,ANE,EN,Federal Contract Tower,0,4,13,0,17,0,0,44,12,56,0,4,57,12,73,56,8,64,137
07/05/2007,GON,CT,ANE,EN,Federal Contract Tower,0,6,27,2,35,0,0,12,5,17,0,6,39,7,52,22,0,22,74
07/06/2007,GON,CT,ANE,EN,Federal Contract Tower,0,17,21,3,41,0,4,66,10,80,0,21,87,13,121,58,8,66,187
07/07/2007,GON,CT,ANE,EN,Federal Contract Tower,0,3,8,0,11,0,5,105,6,116,0,8,113,6,127,124,0,124,251
07/08/2007,GON,CT,ANE,EN,Federal Contract Tower,0,2,27,0,29,0,2,104,12,118,0,4,131,12,147,104,2,106,253
07/09/2007,GON,CT,ANE,EN,Federal Contract Tower,0,8,26,3,37,0,4,73,9,86,0,12,99,12,123,44,0,44,167
07/10/2007,GON,CT,ANE,EN,Federal Contract Tower,0,3,32,3,38,0,1,11,16,28,0,4,43,19,66,32,6,38,104
07/11/2007,GON,CT,ANE,EN,Federal Contract Tower,0,3,25,1,29,0,0,4,0,4,0,3,29,1,33,4,0,4,37
07/12/2007,GON,CT,ANE,EN,Federal Contract Tower,0,12,11,7,30,0,3,104,9,116,0,15,115,16,146,110,22,132,278
07/13/2007,GON,CT,ANE,EN,Federal Contract Tower,0,10,12,5,27,0,8,95,2,105,0,18,107,7,132,70,2,72,204
07/14/2007,GON,CT,ANE,EN,Federal Contract Tower,0,1,13,0,14,0,5,105,2,112,0,6,118,2,126,96,2,98,224
07/15/2007,GON,CT,ANE,EN,Federal Contract Tower,0,6,24,0,30,0,6,61,5,72,0,12,85,5,102,56,0,56,158
07/16/2007,GON,CT,ANE,EN,Federal Contract Tower,0,5,29,1,35,0,3,103,6,112,0,8,132,7,147,52,0,52,199
07/17/2007,GON,CT,ANE,EN,Federal Contract Tower,0,0,16,0,16,0,3,63,10,76,0,3,79,10,92,64,26,90,182
07/18/2007,GON,CT,ANE,EN,Federal Contract Tower,0,6,16,0,22,0,1,0,0,1,0,7,16,0,23,0,0,0,23
07/19/2007,GON,CT,ANE,EN,Federal Contract Tower,0,14,26,5,45,0,2,0,0,2,0,16,26,5,47,16,2,18,65
07/20/2007,GON,CT,ANE,EN,Federal Contract Tower,0,10,28,0,38,0,8,67,13,88,0,18,95,13,126,78,10,88,214
07/21/2007,GON,CT,ANE,EN,Federal Contract Tower,0,5,17,2,24,0,7,86,6,99,0,12,103,8,123,110,0,110,233
07/22/2007,GON,CT,ANE,EN,Federal Contract Tower,0,3,26,1,30,0,10,115,8,133,0,13,141,9,163,146,2,148,311
07/23/2007,GON,CT,ANE,EN,Federal Contract Tower,0,8,31,1,40,0,0,0,1,1,0,8,31,2,41,16,2,18,59
07/24/2007,GON,CT,ANE,EN,Federal Contract Tower,0,4,18,2,24,0,1,84,1,86,0,5,102,3,110,92,2,94,204
07/25/2007,GON,CT,ANE,EN,Federal Contract Tower,0,4,30,4,38,0,5,72,6,83,0,9,102,10,121,90,10,100,221
07/26/2007,GON,CT,ANE,EN,Federal Contract Tower,0,7,20,0,27,0,5,87,15,107,0,12,107,15,134,74,6,80,214
07/27/2007,GON,CT,ANE,EN,Federal Contract Tower,0,11,34,2,47,0,7,25,6,38,0,18,59,8,85,34,4,38,123
07/28/2007,GON,CT,ANE,EN,Federal Contract Tower,0,4,26,4,34,0,3,25,0,28,0,7,51,4,62,40,6,46,108
07/29/2007,GON,CT,ANE,EN,Federal Contract Tower,0,5,34,0,39,0,1,15,0,16,0,6,49,0,55,28,0,28,83
07/30/2007,GON,CT,ANE,EN,Federal Contract Tower,0,14,22,4,40,0,2,27,2,31,0,16,49,6,71,48,2,50,121
07/31/2007,GON,CT,ANE,EN,Federal Contract Tower,0,6,31,3,40,0,4,76,5,85,0,10,107,8,125,96,4,100,225
08/01/2007,GON,CT,ANE,EN,Federal Contract Tower,0,10,45,3,58,0,2,87,5,94,0,12,132,8,152,106,8,114,266
08/02/2007,GON,CT,ANE,EN,Federal Contract Tower,0,10,24,2,36,0,6,108,6,120,0,16,132,8,156,138,14,152,308
08/03/2007,GON,CT,ANE,EN,Federal Contract Tower,0,12,31,1,44,0,5,70,14,89,0,17,101,15,133,74,2,76,209
08/04/2007,GON,CT,ANE,EN,Federal Contract Tower,0,4,12,2,18,0,2,45,12,59,0,6,57,14,77,98,4,102,179
08/05/2007,GON,CT,ANE,EN,Federal Contract Tower,0,4,32,0,36,0,3,99,6,108,0,7,131,6,144,114,6,120,264
08/06/2007,GON,CT,ANE,EN,Federal Contract Tower,0,17,34,0,51,0,2,7,4,13,0,19,41,4,64,22,0,22,86
08/07/2007,GON,CT,ANE,EN,Federal Contract Tower,0,10,27,7,44,0,0,24,2,26,0,10,51,9,70,50,2,52,122
08/08/2007,GON,CT,ANE,EN,Federal Contract Tower,0,8,34,1,43,0,2,19,9,30,0,10,53,10,73,34,4,38,111
08/09/2007,GON,CT,ANE,EN,Federal Contract Tower,0,9,22,0,31,0,5,108,13,126,0,14,130,13,157,114,4,118,275
08/10/2007,GON,CT,ANE,EN,Federal Contract Tower,0,14,22,0,36,0,0,0,2,2,0,14,22,2,38,18,2,20,58
08/11/2007,GON,CT,ANE,EN,Federal Contract Tower,0,8,18,0,26,0,7,116,11,134,0,15,134,11,160,120,8,128,288
08/12/2007,GON,CT,ANE,EN,Federal Contract Tower,0,4,28,0,32,0,2,95,2,99,0,6,123,2,131,122,2,124,255
08/13/2007,GON,CT,ANE,EN,Federal Contract Tower,0,6,21,0,27,0,10,58,4,72,0,16,79,4,99,108,6,114,213
08/14/2007,GON,CT,ANE,EN,Federal Contract Tower,0,9,31,3,43,0,1,98,10,109,0,10,129,13,152,90,0,90,242
08/15/2007,GON,CT,ANE,EN,Federal Contract Tower,0,12,20,1,33,0,4,69,25,98,0,16,89,26,131,110,0,110,241
08/16/2007,GON,CT,ANE,EN,Federal Contract Tower,0,13,42,3,58,0,1,36,5,42,0,14,78,8,100,70,8,78,178
08/17/2007,GON,CT,ANE,EN,Federal Contract Tower,0,8,31,3,42,0,6,90,17,113,0,14,121,20,155,58,4,62,217
08/18/2007,GON,CT,ANE,EN,Federal Contract Tower,0,1,14,0,15,0,2,39,13,54,0,3,53,13,69,32,12,44,113
08/19/2007,GON,CT,ANE,EN,Federal Contract Tower,0,7,35,0,42,0,3,87,8,98,0,10,122,8,140,94,0,94,234
08/20/2007,GON,CT,ANE,EN,Federal Contract Tower,0,12,28,0,40,0,1,45,20,66,0,13,73,20,106,74,6,80,186
08/21/2007,GON,CT,ANE,EN,Federal Contract Tower,0,3,31,7,41,0,2,1,7,10,0,5,32,14,51,26,0,26,77
08/22/2007,GON,CT,ANE,EN,Federal Contract Tower,0,8,41,3,52,0,0,61,4,65,0,8,102,7,117,68,0,68,185
08/23/2007,GON,CT,ANE,EN,Federal Contract Tower,0,10,47,4,61,0,0,9,12,21,0,10,56,16,82,22,10,32,114
08/24/2007,GON,CT,ANE,EN,Federal Contract Tower,0,13,26,2,41,0,3,48,18,69,0,16,74,20,110,68,2,70,180
08/25/2007,GON,CT,ANE,EN,Federal Contract Tower,0,6,38,1,45,0,0,5,0,5,0,6,43,1,50,22,4,26,76
08/26/2007,GON,CT,ANE,EN,Federal Contract Tower,0,6,33,3,42,0,3,66,5,74,0,9,99,8,116,54,10,64,180
08/27/2007,GON,CT,ANE,EN,Federal Contract Tower,0,2,29,1,32,0,3,84,12,99,0,5,113,13,131,100,4,104,235
08/28/2007,GON,CT,ANE,EN,Federal Contract Tower,0,2,17,2,21,0,6,102,15,123,0,8,119,17,144,84,0,84,228
08/29/2007,GON,CT,ANE,EN,Federal Contract Tower,0,6,26,1,33,0,1,83,9,93,0,7,109,10,126,90,0,90,216
08/30/2007,GON,CT,ANE,EN,Federal Contract Tower,0,11,25,1,37,0,0,89,6,95,0,11,114,7,132,72,10,82,214
08/31/2007,GON,CT,ANE,EN,Federal Contract Tower,0,14,23,0,37,0,0,79,6,85,0,14,102,6,122,80,4,84,206
09/01/2007,GON,CT,ANE,EN,Federal Contract Tower,0,3,17,0,20,0,4,78,6,88,0,7,95,6,108,78,2,80,188
09/02/2007,GON,CT,ANE,EN,Federal Contract Tower,0,4,10,0,14,0,0,91,3,94,0,4,101,3,108,78,2,80,188
09/03/2007,GON,CT,ANE,EN,Federal Contract Tower,0,8,13,0,21,0,0,82,0,82,0,8,95,0,103,76,2,78,181
09/04/2007,GON,CT,ANE,EN,Federal Contract Tower,0,5,11,0,16,0,6,54,0,60,0,11,65,0,76,66,10,76,152
09/05/2007,GON,CT,ANE,EN,Federal Contract Tower,0,6,19,1,26,0,0,91,13,104,0,6,110,14,130,82,4,86,216
09/06/2007,GON,CT,ANE,EN,Federal Contract Tower,0,14,15,1,30,0,5,80,2,87,0,19,95,3,117,122,2,124,241
09/07/2007,GON,CT,ANE,EN,Federal Contract Tower,0,10,19,0,29,0,4,36,3,43,0,14,55,3,72,32,0,32,104
09/08/2007,GON,CT,ANE,EN,Federal Contract Tower,0,5,7,2,14,0,3,64,7,74,0,8,71,9,88,72,12,84,172
09/09/2007,GON,CT,ANE,EN,Federal Contract Tower,0,6,22,0,28,0,4,43,21,68,0,10,65,21,96,34,0,34,130
09/10/2007,GON,CT,ANE,EN,Federal Contract Tower,0,5,30,3,38,0,0,0,0,0,0,5,30,3,38,12,0,12,50
09/11/2007,GON,CT,ANE,EN,Federal Contract Tower,0,5,23,1,29,0,0,1,0,1,0,5,24,1,30,6,0,6,36
09/12/2007,GON,CT,ANE,EN,Federal Contract Tower,0,17,26,3,46,0,0,72,8,80,0,17,98,11,126,56,0,56,182
09/13/2007,GON,CT,ANE,EN,Federal Contract Tower,0,6,34,4,44,0,0,65,11,76,0,6,99,15,120,84,2,86,206
09/14/2007,GON,CT,ANE,EN,Federal Contract Tower,0,14,19,1,34,0,0,84,15,99,0,14,103,16,133,98,2,100,233
09/15/2007,GON,CT,ANE,EN,Federal Contract Tower,0,6,23,1,30,0,0,27,45,72,0,6,50,46,102,4,0,4,106
09/16/2007,GON,CT,ANE,EN,Federal Contract Tower,0,4,22,0,26,0,1,100,25,126,0,5,122,25,152,98,6,104,256
09/17/2007,GON,CT,ANE,EN,Federal Contract Tower,0,9,23,0,32,0,0,69,4,73,0,9,92,4,105,58,4,62,167
09/18/2007,GON,CT,ANE,EN,Federal Contract Tower,0,4,22,1,27,0,6,70,14,90,0,10,92,15,117,46,10,56,173
09/19/2007,GON,CT,ANE,EN,Federal Contract Tower,0,7,24,3,34,0,0,52,13,65,0,7,76,16,99,84,20,104,203
09/20/2007,GON,CT,ANE,EN,Federal Contract Tower,0,5,28,3,36,0,1,87,4,92,0,6,115,7,128,58,6,64,192
09/21/2007,GON,CT,ANE,EN,Federal Contract Tower,0,13,15,1,29,0,4,67,17,88,0,17,82,18,117,52,2,54,171
09/22/2007,GON,CT,ANE,EN,Federal Contract Tower,0,2,27,4,33,0,0,13,4,17,0,2,40,8,50,24,6,30,80
09/23/2007,GON,CT,ANE,EN,Federal Contract Tower,0,1,22,0,23,0,2,95,13,110,0,3,117,13,133,82,6,88,221
09/24/2007,GON,CT,ANE,EN,Federal Contract Tower,0,7,25,0,32,0,2,68,6,76,0,9,93,6,108,40,4,44,152
09/25/2007,GON,CT,ANE,EN,Federal Contract Tower,0,1,17,0,18,0,0,52,11,63,0,1,69,11,81,54,0,54,135
09/26/2007,GON,CT,ANE,EN,Federal Contract Tower,0,6,25,8,39,0,4,34,2,40,0,10,59,10,79,36,16,52,131
09/27/2007,GON,CT,ANE,EN,Federal Contract Tower,0,8,28,0,36,0,0,0,0,0,0,8,28,0,36,20,4,24,60
09/28/2007,GON,CT,ANE,EN,Federal Contract Tower,0,13,24,1,38,0,2,30,8,40,0,15,54,9,78,68,14,82,160
09/29/2007,GON,CT,ANE,EN,Federal Contract Tower,0,0,9,0,9,0,1,78,9,88,0,1,87,9,97,66,10,76,173
09/30/2007,GON,CT,ANE,EN,Federal Contract Tower,0,2,21,0,23,0,3,84,12,99,0,5,105,12,122,62,2,64,186
10/01/2007,GON,CT,ANE,EN,Federal Contract Tower,0,13,18,0,31,0,0,65,2,67,0,13,83,2,98,48,6,54,152
10/02/2007,GON,CT,ANE,EN,Federal Contract Tower,0,10,19,0,29,0,2,33,7,42,0,12,52,7,71,36,0,36,107
10/03/2007,GON,CT,ANE,EN,Federal Contract Tower,0,9,35,0,44,0,0,0,0,0,0,9,35,0,44,8,2,10,54
10/04/2007,GON,CT,ANE,EN,Federal Contract Tower,0,17,32,7,56,0,0,41,4,45,0,17,73,11,101,30,4,34,135
10/05/2007,GON,CT,ANE,EN,Federal Contract Tower,0,17,19,1,37,0,1,14,0,15,0,18,33,1,52,14,0,14,66
10/06/2007,GON,CT,ANE,EN,Federal Contract Tower,0,5,40,1,46,0,3,14,3,20,0,8,54,4,66,22,0,22,88
10/07/2007,GON,CT,ANE,EN,Federal Contract Tower,0,5,27,1,33,0,2,48,0,50,0,7,75,1,83,60,2,62,145
10/08/2007,GON,CT,ANE,EN,Federal Contract Tower,0,8,24,0,32,0,0,56,7,63,0,8,80,7,95,64,6,70,165
10/09/2007,GON,CT,ANE,EN,Federal Contract Tower,0,8,21,0,29,0,3,45,21,69,0,11,66,21,98,28,6,34,132
10/10/2007,GON,CT,ANE,EN,Federal Contract Tower,0,15,33,4,52,0,0,1,0,1,0,15,34,4,53,0,8,8,61
10/11/2007,GON,CT,ANE,EN,Federal Contract Tower,0,10,31,6,47,0,0,0,0,0,0,10,31,6,47,8,0,8,55
10/12/2007,GON,CT,ANE,EN,Federal Contract Tower,0,17,17,3,37,0,0,22,7,29,0,17,39,10,66,86,4,90,156
10/13/2007,GON,CT,ANE,EN,Federal Contract Tower,0,3,8,0,11,0,0,99,1,100,0,3,107,1,111,82,2,84,195
10/14/2007,GON,CT,ANE,EN,Federal Contract Tower,0,6,24,1,31,0,2,80,13,95,0,8,104,14,126,96,2,98,224
10/15/2007,GON,CT,ANE,EN,Federal Contract Tower,0,8,22,0,30,0,2,47,10,59,0,10,69,10,89,62,2,64,153
10/16/2007,GON,CT,ANE,EN,Federal Contract Tower,0,4,19,0,23,0,0,56,8,64,0,4,75,8,87,58,0,58,145
10/17/2007,GON,CT,ANE,EN,Federal Contract Tower,0,7,41,6,54,0,0,26,17,43,0,7,67,23,97,20,8,28,125
10/18/2007,GON,CT,ANE,EN,Federal Contract Tower,0,9,39,2,50,0,0,9,17,26,0,9,48,19,76,28,4,32,108
10/19/2007,GON,CT,ANE,EN,Federal Contract Tower,0,10,36,3,49,0,3,0,3,6,0,13,36,6,55,16,0,16,71
10/20/2007,GON,CT,ANE,EN,Federal Contract Tower,0,1,29,7,37,0,0,65,18,83,0,1,94,25,120,84,12,96,216
10/21/2007,GON,CT,ANE,EN,Federal Contract Tower,0,9,20,0,29,0,0,107,8,115,0,9,127,8,144,72,2,74,218
10/22/2007,GON,CT,ANE,EN,Federal Contract Tower,0,4,15,0,19,0,0,90,8,98,0,4,105,8,117,90,2,92,209
10/23/2007,GON,CT,ANE,EN,Federal Contract Tower,0,4,19,6,29,0,0,12,8,20,0,4,31,14,49,8,0,8,57
10/24/2007,GON,CT,ANE,EN,Federal Contract Tower,0,7,33,10,50,0,0,4,0,4,0,7,37,10,54,20,2,22,76
10/25/2007,GON,CT,ANE,EN,Federal Contract Tower,0,19,23,5,47,0,3,33,13,49,0,22,56,18,96,20,2,22,118
10/26/2007,GON,CT,ANE,EN,Federal Contract Tower,0,17,34,6,57,0,0,39,4,43,0,17,73,10,100,46,24,70,170
10/27/2007,GON,CT,ANE,EN,Federal Contract Tower,0,3,21,0,24,0,0,0,0,0,0,3,21,0,24,22,0,22,46
10/28/2007,GON,CT,ANE,EN,Federal Contract Tower,0,8,16,0,24,0,1,77,21,99,0,9,93,21,123,50,0,50,173
10/29/2007,GON,CT,ANE,EN,Federal Contract Tower,0,8,21,2,31,0,0,76,2,78,0,8,97,4,109,54,2,56,165
10/30/2007,GON,CT,ANE,EN,Federal Contract Tower,0,6,17,6,29,0,1,56,5,62,0,7,73,11,91,46,16,62,153
10/31/2007,GON,CT,ANE,EN,Federal Contract Tower,0,16,11,0,27,0,1,53,11,65,0,17,64,11,92,46,8,54,146
11/01/2007,GON,CT,ANE,EN,Federal Contract Tower,0,7,26,3,36,0,0,58,8,66,0,7,84,11,102,56,0,56,158
11/02/2007,GON,CT,ANE,EN,Federal Contract Tower,0,13,21,2,36,0,1,92,11,104,0,14,113,13,140,76,18,94,234
11/03/2007,GON,CT,ANE,EN,Federal Contract Tower,0,0,9,0,9,0,0,1,0,1,0,0,10,0,10,0,0,0,10
11/04/2007,GON,CT,ANE,EN,Federal Contract Tower,0,5,17,0,22,0,0,63,18,81,0,5,80,18,103,86,6,92,195
11/05/2007,GON,CT,ANE,EN,Federal Contract Tower,0,8,21,1,30,0,0,49,6,55,0,8,70,7,85,24,0,24,109
11/06/2007,GON,CT,ANE,EN,Federal Contract Tower,0,5,15,1,21,0,0,6,0,6,0,5,21,1,27,16,0,16,43
11/07/2007,GON,CT,ANE,EN,Federal Contract Tower,0,12,25,0,37,0,1,45,20,66,0,13,70,20,103,38,12,50,153
11/08/2007,GON,CT,ANE,EN,Federal Contract Tower,0,13,10,4,27,0,0,67,6,73,0,13,77,10,100,50,10,60,160
11/09/2007,GON,CT,ANE,EN,Federal Contract Tower,0,9,16,1,26,0,3,23,14,40,0,12,39,15,66,30,0,30,96
11/10/2007,GON,CT,ANE,EN,Federal Contract Tower,0,3,10,0,13,0,3,58,0,61,0,6,68,0,74,52,2,54,128
11/11/2007,GON,CT,ANE,EN,Federal Contract Tower,0,5,18,0,23,0,1,89,18,108,0,6,107,18,131,38,0,38,169
11/12/2007,GON,CT,ANE,EN,Federal Contract Tower,0,2,17,3,22,0,0,38,8,46,0,2,55,11,68,16,0,16,84
11/13/2007,GON,CT,ANE,EN,Federal Contract Tower,0,3,10,0,13,0,4,20,2,26,0,7,30,2,39,6,4,10,49
11/14/2007,GON,CT,ANE,EN,Federal Contract Tower,0,5,23,0,28,0,0,28,10,38,0,5,51,10,66,14,2,16,82
11/15/2007,GON,CT,ANE,EN,Federal Contract Tower,0,6,10,3,19,0,0,13,1,14,0,6,23,4,33,18,0,18,51
11/16/2007,GON,CT,ANE,EN,Federal Contract Tower,0,11,11,4,26,0,4,28,2,34,0,15,39,6,60,22,12,34,94
11/17/2007,GON,CT,ANE,EN,Federal Contract Tower,0,2,23,0,25,0,1,87,0,88,0,3,110,0,113,46,4,50,163
11/18/2007,GON,CT,ANE,EN,Federal Contract Tower,0,4,12,4,20,0,2,56,15,73,0,6,68,19,93,50,2,52,145
11/19/2007,GON,CT,ANE,EN,Federal Contract Tower,0,11,17,4,32,0,0,48,0,48,0,11,65,4,80,34,0,34,114
11/20/2007,GON,CT,ANE,EN,Federal Contract Tower,0,10,24,1,35,0,0,4,0,4,0,10,28,1,39,10,4,14,53
11/21/2007,GON,CT,ANE,EN,Federal Contract Tower,0,5,42,5,52,0,0,0,2,2,0,5,42,7,54,14,0,14,68
11/22/2007,GON,CT,ANE,EN,Federal Contract Tower,0,0,2,0,2,0,0,3,0,3,0,0,5,0,5,6,0,6,11
11/23/2007,GON,CT,ANE,EN,Federal Contract Tower,0,9,9,0,18,0,2,47,6,55,0,11,56,6,73,78,2,80,153
11/24/2007,GON,CT,ANE,EN,Federal Contract Tower,0,7,8,0,15,0,1,109,7,117,0,8,117,7,132,76,12,88,220
11/25/2007,GON,CT,ANE,EN,Federal Contract Tower,0,4,29,0,33,0,0,107,4,111,0,4,136,4,144,74,0,74,218
11/26/2007,GON,CT,ANE,EN,Federal Contract Tower,0,16,10,0,26,0,0,0,0,0,0,16,10,0,26,2,0,2,28
11/27/2007,GON,CT,ANE,EN,Federal Contract Tower,0,2,13,2,17,0,0,37,9,46,0,2,50,11,63,6,2,8,71
11/28/2007,GON,CT,ANE,EN,Federal Contract Tower,0,7,19,2,28,0,4,70,7,81,0,11,89,9,109,82,2,84,193
11/29/2007,GON,CT,ANE,EN,Federal Contract Tower,0,6,13,0,19,0,2,25,6,33,0,8,38,6,52,44,2,46,98
11/30/2007,GON,CT,ANE,EN,Federal Contract Tower,0,11,10,2,23,0,2,64,9,75,0,13,74,11,98,68,20,88,186
12/01/2007,GON,CT,ANE,EN,Federal Contract Tower,0,5,10,1,16,0,0,59,4,63,0,5,69,5,79,18,2,20,99
12/02/2007,GON,CT,ANE,EN,Federal Contract Tower,0,2,14,0,16,0,1,10,0,11,0,3,24,0,27,32,0,32,59
12/03/2007,GON,CT,ANE,EN,Federal Contract Tower,0,7,12,2,21,0,0,5,0,5,0,7,17,2,26,4,4,8,34
12/04/2007,GON,CT,ANE,EN,Federal Contract Tower,0,2,16,2,20,0,0,17,2,19,0,2,33,4,39,10,4,14,53
12/05/2007,GON,CT,ANE,EN,Federal Contract Tower,0,7,19,2,28,0,0,43,9,52,0,7,62,11,80,34,6,40,120
12/06/2007,GON,CT,ANE,EN,Federal Contract Tower,0,7,17,2,26,0,1,48,5,54,0,8,65,7,80,26,0,26,106
12/07/2007,GON,CT,ANE,EN,Federal Contract Tower,0,10,21,2,33,0,0,33,6,39,0,10,54,8,72,32,8,40,112
12/08/2007,GON,CT,ANE,EN,Federal Contract Tower,0,1,21,0,22,0,0,63,7,70,0,1,84,7,92,40,2,42,134
12/09/2007,GON,CT,ANE,EN,Federal Contract Tower,0,4,13,0,17,0,2,45,0,47,0,6,58,0,64,34,0,34,98
12/10/2007,GON,CT,ANE,EN,Federal Contract Tower,0,2,18,0,20,0,0,0,0,0,0,2,18,0,20,4,0,4,24
12/11/2007,GON,CT,ANE,EN,Federal Contract Tower,0,1,19,2,22,0,0,49,5,54,0,1,68,7,76,48,4,52,128
12/12/2007,GON,CT,ANE,EN,Federal Contract Tower,0,9,14,1,24,0,0,36,4,40,0,9,50,5,64,18,0,18,82
12/13/2007,GON,CT,ANE,EN,Federal Contract Tower,0,3,3,0,6,0,1,10,0,11,0,4,13,0,17,2,12,14,31
12/14/2007,GON,CT,ANE,EN,Federal Contract Tower,0,9,23,0,32,0,0,35,0,35,0,9,58,0,67,34,2,36,103
12/15/2007,GON,CT,ANE,EN,Federal Contract Tower,0,3,16,2,21,0,0,62,8,70,0,3,78,10,91,58,12,70,161
12/16/2007,GON,CT,ANE,EN,Federal Contract Tower,0,1,2,0,3,0,0,0,0,0,0,1,2,0,3,0,0,0,3
12/17/2007,GON,CT,ANE,EN,Federal Contract Tower,0,1,9,3,13,0,0,15,4,19,0,1,24,7,32,2,0,2,34
12/18/2007,GON,CT,ANE,EN,Federal Contract Tower,0,22,1,0,23,0,55,25,0,80,0,77,26,0,103,94,4,98,201
12/19/2007,GON,CT,ANE,EN,Federal Contract Tower,0,4,9,3,16,0,0,33,20,53,0,4,42,23,69,6,12,18,87
12/20/2007,GON,CT,ANE,EN,Federal Contract Tower,0,5,17,2,24,0,1,44,13,58,0,6,61,15,82,22,16,38,120
12/21/2007,GON,CT,ANE,EN,Federal Contract Tower,0,4,14,3,21,0,0,27,17,44,0,4,41,20,65,38,6,44,109
12/22/2007,GON,CT,ANE,EN,Federal Contract Tower,0,2,16,0,18,0,1,47,0,48,0,3,63,0,66,60,0,60,126
12/23/2007,GON,CT,ANE,EN,Federal Contract Tower,0,0,7,0,7,0,0,10,0,10,0,0,17,0,17,14,2,16,33
12/24/2007,GON,CT,ANE,EN,Federal Contract Tower,0,0,2,0,2,0,0,21,1,22,0,0,23,1,24,8,0,8,32
12/25/2007,GON,CT,ANE,EN,Federal Contract Tower,0,0,0,0,0,0,17,4,0,21,0,17,4,0,21,32,2,34,55
12/26/2007,GON,CT,ANE,EN,Federal Contract Tower,0,3,20,2,25,0,0,77,4,81,0,3,97,6,106,64,6,70,176
12/27/2007,GON,CT,ANE,EN,Federal Contract Tower,0,8,3,2,13,0,0,0,0,0,0,8,3,2,13,0,0,0,13
12/28/2007,GON,CT,ANE,EN,Federal Contract Tower,0,3,16,2,21,0,0,90,2,92,0,3,106,4,113,88,2,90,203
12/29/2007,GON,CT,ANE,EN,Federal Contract Tower,0,2,14,0,16,0,0,23,0,23,0,2,37,0,39,42,2,44,83
12/30/2007,GON,CT,ANE,EN,Federal Contract Tower,0,1,5,2,8,0,0,71,2,73,0,1,76,4,81,18,0,18,99
12/31/2007,GON,CT,ANE,EN,Federal Contract Tower,0,0,3,0,3,0,0,33,0,33,0,0,36,0,36,30,4,34,70
01/01/2008,GON,CT,ANE,EN,Federal Contract Tower,0,2,3,0,5,0,0,4,0,4,0,2,7,0,9,2,0,2,11
01/02/2008,GON,CT,ANE,EN,Federal Contract Tower,0,0,22,1,23,0,0,13,5,18,0,0,35,6,41,42,2,44,85
01/03/2008,GON,CT,ANE,EN,Federal Contract Tower,0,3,4,2,9,0,0,23,13,36,0,3,27,15,45,10,4,14,59
01/04/2008,GON,CT,ANE,EN,Federal Contract Tower,0,3,23,6,32,0,1,36,7,44,0,4,59,13,76,32,0,32,108
01/05/2008,GON,CT,ANE,EN,Federal Contract Tower,0,1,21,0,22,0,3,108,19,130,0,4,129,19,152,60,14,74,226
01/06/2008,GON,CT,ANE,EN,Federal Contract Tower,0,1,20,0,21,0,0,46,8,54,0,1,66,8,75,64,2,66,141
01/07/2008,GON,CT,ANE,EN,Federal Contract Tower,0,6,19,2,27,0,1,61,8,70,0,7,80,10,97,74,0,74,171
01/08/2008,GON,CT,ANE,EN,Federal Contract Tower,0,4,23,5,32,0,3,72,20,95,0,7,95,25,127,90,20,110,237
01/09/2008,GON,CT,ANE,EN,Federal Contract Tower,0,4,29,4,37,0,0,7,0,7,0,4,36,4,44,6,2,8,52
01/10/2008,GON,CT,ANE,EN,Federal Contract Tower,0,7,14,7,28,0,3,71,21,95,0,10,85,28,123,74,6,80,203
01/11/2008,GON,CT,ANE,EN,Federal Contract Tower,0,6,6,0,12,0,0,0,0,0,0,6,6,0,12,2,0,2,14
01/12/2008,GON,CT,ANE,EN,Federal Contract Tower,0,2,19,2,23,0,0,117,4,121,0,2,136,6,144,136,8,144,288
01/13/2008,GON,CT,ANE,EN,Federal Contract Tower,0,2,24,1,27,0,0,65,7,72,0,2,89,8,99,72,14,86,185
01/14/2008,GON,CT,ANE,EN,Federal Contract Tower,0,2,10,2,14,0,0,9,0,9,0,2,19,2,23,0,0,0,23
01/15/2008,GON,CT,ANE,EN,Federal Contract Tower,0,0,18,2,20,0,2,37,10,49,0,2,55,12,69,24,24,48,117
01/16/2008,GON,CT,ANE,EN,Federal Contract Tower,0,3,27,2,32,0,1,68,10,79,0,4,95,12,111,68,12,80,191
01/17/2008,GON,CT,ANE,EN,Federal Contract Tower,0,3,13,5,21,0,0,49,12,61,0,3,62,17,82,48,16,64,146
01/18/2008,GON,CT,ANE,EN,Federal Contract Tower,0,8,19,2,29,0,0,33,1,34,0,8,52,3,63,36,8,44,107
01/19/2008,GON,CT,ANE,EN,Federal Contract Tower,0,1,13,1,15,0,1,59,0,60,0,2,72,1,75,54,2,56,131
01/20/2008,GON,CT,ANE,EN,Federal Contract Tower,0,4,9,0,13,0,1,25,0,26,0,5,34,0,39,12,2,14,53
01/21/2008,GON,CT,ANE,EN,Federal Contract Tower,0,7,17,0,24,0,0,59,6,65,0,7,76,6,89,48,0,48,137
01/22/2008,GON,CT,ANE,EN,Federal Contract Tower,0,5,7,1,13,0,1,22,1,24,0,6,29,2,37,18,6,24,61
01/23/2008,GON,CT,ANE,EN,Federal Contract Tower,0,7,16,4,27,0,0,96,16,112,0,7,112,20,139,92,10,102,241
01/24/2008,GON,CT,ANE,EN,Federal Contract Tower,0,11,10,3,24,0,0,48,3,51,0,11,58,6,75,30,2,32,107
01/25/2008,GON,CT,ANE,EN,Federal Contract Tower,0,7,11,1,19,0,1,61,6,68,0,8,72,7,87,58,0,58,145
01/26/2008,GON,CT,ANE,EN,Federal Contract Tower,0,5,17,2,24,0,1,63,3,67,0,6,80,5,91,46,0,46,137
01/27/2008,GON,CT,ANE,EN,Federal Contract Tower,0,5,10,0,15,0,0,10,0,10,0,5,20,0,25,0,0,0,25
01/28/2008,GON,CT,ANE,EN,Federal Contract Tower,0,11,13,0,24,0,0,34,2,36,0,11,47,2,60,30,0,30,90
01/29/2008,GON,CT,ANE,EN,Federal Contract Tower,0,4,14,4,22,0,0,46,7,53,0,4,60,11,75,44,2,46,121
01/30/2008,GON,CT,ANE,EN,Federal Contract Tower,0,7,21,2,30,0,1,8,1,10,0,8,29,3,40,24,2,26,66
01/31/2008,GON,CT,ANE,EN,Federal Contract Tower,0,6,16,1,23,0,2,81,7,90,0,8,97,8,113,90,2,92,205
02/01/2008,GON,CT,ANE,EN,Federal Contract Tower,0,6,8,2,16,0,0,2,3,5,0,6,10,5,21,4,2,6,27
02/02/2008,GON,CT,ANE,EN,Federal Contract Tower,0,1,9,0,10,0,0,55,7,62,0,1,64,7,72,36,8,44,116
02/03/2008,GON,CT,ANE,EN,Federal Contract Tower,0,2,22,0,24,0,0,87,3,90,0,2,109,3,114,94,0,94,208
02/04/2008,GON,CT,ANE,EN,Federal Contract Tower,0,8,10,0,18,0,1,31,0,32,0,9,41,0,50,18,0,18,68
02/05/2008,GON,CT,ANE,EN,Federal Contract Tower,0,1,14,2,17,0,0,3,0,3,0,1,17,2,20,0,0,0,20
02/06/2008,GON,CT,ANE,EN,Federal Contract Tower,0,4,21,0,25,0,0,0,0,0,0,4,21,0,25,4,0,4,29
02/07/2008,GON,CT,ANE,EN,Federal Contract Tower,0,13,22,3,38,0,0,32,6,38,0,13,54,9,76,32,6,38,114
02/08/2008,GON,CT,ANE,EN,Federal Contract Tower,0,8,11,2,21,0,0,9,5,14,0,8,20,7,35,14,4,18,53
02/09/2008,GON,CT,ANE,EN,Federal Contract Tower,0,2,5,2,9,0,0,37,2,39,0,2,42,4,48,28,4,32,80
02/10/2008,GON,CT,ANE,EN,Federal Contract Tower,0,2,5,0,7,0,0,14,0,14,0,2,19,0,21,4,0,4,25
02/11/2008,GON,CT,ANE,EN,Federal Contract Tower,0,5,13,2,20,0,0,26,6,32,0,5,39,8,52,22,2,24,76
02/12/2008,GON,CT,ANE,EN,Federal Contract Tower,0,1,15,3,19,0,0,59,6,65,0,1,74,9,84,48,20,68,152
02/13/2008,GON,CT,ANE,EN,Federal Contract Tower,0,7,8,0,15,0,0,0,0,0,0,7,8,0,15,0,0,0,15
02/14/2008,GON,CT,ANE,EN,Federal Contract Tower,0,11,12,5,28,0,11,49,8,68,0,22,61,13,96,32,20,52,148
02/15/2008,GON,CT,ANE,EN,Federal Contract Tower,0,7,11,2,20,0,0,52,6,58,0,7,63,8,78,32,4,36,114
02/16/2008,GON,CT,ANE,EN,Federal Contract Tower,0,5,21,0,26,0,3,111,3,117,0,8,132,3,143,84,0,84,227
02/17/2008,GON,CT,ANE,EN,Federal Contract Tower,0,2,13,2,17,0,0,40,11,51,0,2,53,13,68,46,0,46,114
02/18/2008,GON,CT,ANE,EN,Federal Contract Tower,0,5,10,0,15,0,0,3,0,3,0,5,13,0,18,10,0,10,28
02/19/2008,GON,CT,ANE,EN,Federal Contract Tower,0,3,10,2,15,0,0,64,10,74,0,3,74,12,89,32,8,40,129
02/20/2008,GON,CT,ANE,EN,Federal Contract Tower,0,3,14,2,19,0,11,59,20,90,0,14,73,22,109,42,20,62,171
02/21/2008,GON,CT,ANE,EN,Federal Contract Tower,0,7,14,2,23,0,2,88,10,100,0,9,102,12,123,56,4,60,183
02/22/2008,GON,CT,ANE,EN,Federal Contract Tower,0,3,3,0,6,0,0,0,0,0,0,3,3,0,6,0,0,0,6
02/23/2008,GON,CT,ANE,EN,Federal Contract Tower,0,1,12,0,13,0,0,3,8,11,0,1,15,8,24,4,2,6,30
02/24/2008,GON,CT,ANE,EN,Federal Contract Tower,0,1,9,0,10,0,0,96,4,100,0,1,105,4,110,50,2,52,162
02/25/2008,GON,CT,ANE,EN,Federal Contract Tower,0,4,10,2,16,0,1,89,2,92,0,5,99,4,108,90,6,96,204
02/26/2008,GON,CT,ANE,EN,Federal Contract Tower,0,1,12,0,13,0,0,18,0,18,0,1,30,0,31,22,2,24,55
02/27/2008,GON,CT,ANE,EN,Federal Contract Tower,0,4,12,3,19,0,1,11,0,12,0,5,23,3,31,24,0,24,55
02/28/2008,GON,CT,ANE,EN,Federal Contract Tower,0,9,17,5,31,0,1,76,5,82,0,10,93,10,113,52,8,60,173
02/29/2008,GON,CT,ANE,EN,Federal Contract Tower,0,10,9,0,19,0,0,64,5,69,0,10,73,5,88,38,2,40,128
03/01/2008,GON,CT,ANE,EN,Federal Contract Tower,0,0,4,0,4,0,0,9,1,10,0,0,13,1,14,58,0,58,72
03/02/2008,GON,CT,ANE,EN,Federal Contract Tower,0,1,17,0,18,0,0,74,14,88,0,1,91,14,106,82,10,92,198
03/03/2008,GON,CT,ANE,EN,Federal Contract Tower,0,3,17,0,20,0,0,67,2,69,0,3,84,2,89,78,0,78,167
03/04/2008,GON,CT,ANE,EN,Federal Contract Tower,0,1,12,11,24,0,0,19,5,24,0,1,31,16,48,18,16,34,82
03/05/2008,GON,CT,ANE,EN,Federal Contract Tower,0,1,19,0,20,0,0,8,0,8,0,1,27,0,28,4,0,4,32
03/06/2008,GON,CT,ANE,EN,Federal Contract Tower,0,5,17,1,23,0,0,90,14,104,0,5,107,15,127,90,18,108,235
03/07/2008,GON,CT,ANE,EN,Federal Contract Tower,0,11,14,4,29,0,1,67,9,77,0,12,81,13,106,44,2,46,152
03/08/2008,GON,CT,ANE,EN,Federal Contract Tower,0,0,5,0,5,0,0,0,0,0,0,0,5,0,5,2,0,2,7
03/09/2008,GON,CT,ANE,EN,Federal Contract Tower,0,0,10,0,10,0,0,10,5,15,0,0,20,5,25,2,16,18,43
03/10/2008,GON,CT,ANE,EN,Federal Contract Tower,0,2,19,0,21,0,0,54,0,54,0,2,73,0,75,60,0,60,135
03/11/2008,GON,CT,ANE,EN,Federal Contract Tower,0,0,30,3,33,0,0,50,7,57,0,0,80,10,90,64,28,92,182
03/12/2008,GON,CT,ANE,EN,Federal Contract Tower,0,1,23,4,28,0,0,22,6,28,0,1,45,10,56,14,0,14,70
03/13/2008,GON,CT,ANE,EN,Federal Contract Tower,0,4,16,2,22,0,0,79,2,81,0,4,95,4,103,60,2,62,165
03/14/2008,GON,CT,ANE,EN,Federal Contract Tower,0,9,20,3,32,0,0,38,11,49,0,9,58,14,81,50,6,56,137
03/15/2008,GON,CT,ANE,EN,Federal Contract Tower,0,3,12,0,15,0,0,21,0,21,0,3,33,0,36,22,0,22,58
03/16/2008,GON,CT,ANE,EN,Federal Contract Tower,0,0,16,0,16,0,1,12,0,13,0,1,28,0,29,18,0,18,47
03/17/2008,GON,CT,ANE,EN,Federal Contract Tower,0,3,17,2,22,0,1,39,15,55,0,4,56,17,77,44,18,62,139
03/18/2008,GON,CT,ANE,EN,Federal Contract Tower,0,0,12,4,16,0,0,59,2,61,0,0,71,6,77,50,0,50,127
03/19/2008,GON,CT,ANE,EN,Federal Contract Tower,0,0,17,0,17,0,0,0,0,0,0,0,17,0,17,0,0,0,17
03/20/2008,GON,CT,ANE,EN,Federal Contract Tower,0,5,22,1,28,0,0,14,12,26,0,5,36,13,54,26,20,46,100
03/21/2008,GON,CT,ANE,EN,Federal Contract Tower,0,3,9,3,15,0,0,16,5,21,0,3,25,8,36,2,4,6,42
03/22/2008,GON,CT,ANE,EN,Federal Contract Tower,0,2,9,0,11,0,0,108,2,110,0,2,117,2,121,38,0,38,159
03/23/2008,GON,CT,ANE,EN,Federal Contract Tower,0,2,10,0,12,0,0,98,0,98,0,2,108,0,110,42,0,42,152
03/24/2008,GON,CT,ANE,EN,Federal Contract Tower,0,3,17,3,23,0,0,78,4,82,0,3,95,7,105,44,8,52,157
03/25/2008,GON,CT,ANE,EN,Federal Contract Tower,0,1,17,3,21,0,1,86,8,95,0,2,103,11,116,68,4,72,188
03/26/2008,GON,CT,ANE,EN,Federal Contract Tower,0,2,22,4,28,0,0,33,11,44,0,2,55,15,72,20,8,28,100
03/27/2008,GON,CT,ANE,EN,Federal Contract Tower,0,6,13,0,19,0,0,42,4,46,0,6,55,4,65,44,8,52,117
03/28/2008,GON,CT,ANE,EN,Federal Contract Tower,0,9,20,7,36,0,0,9,0,9,0,9,29,7,45,4,4,8,53
03/29/2008,GON,CT,ANE,EN,Federal Contract Tower,0,0,11,0,11,0,4,72,20,96,0,4,83,20,107,38,0,38,145
03/30/2008,GON,CT,ANE,EN,Federal Contract Tower,0,2,15,0,17,0,1,108,7,116,0,3,123,7,133,88,10,98,231
03/31/2008,GON,CT,ANE,EN,Federal Contract Tower,0,4,20,0,24,0,0,25,0,25,0,4,45,0,49,18,2,20,69
04/01/2008,GON,CT,ANE,EN,Federal Contract Tower,0,0,15,0,15,0,0,0,0,0,0,0,15,0,15,10,0,10,25
04/02/2008,GON,CT,ANE,EN,Federal Contract Tower,0,0,30,0,30,0,2,41,6,49,0,2,71,6,79,32,10,42,121
04/03/2008,GON,CT,ANE,EN,Federal Contract Tower,0,6,19,1,26,0,1,126,24,151,0,7,145,25,177,62,30,92,269
04/04/2008,GON,CT,ANE,EN,Federal Contract Tower,0,18,15,0,33,0,0,0,0,0,0,18,15,0,33,0,0,0,33
04/05/2008,GON,CT,ANE,EN,Federal Contract Tower,0,4,12,2,18,0,0,29,6,35,0,4,41,8,53,36,12,48,101
04/06/2008,GON,CT,ANE,EN,Federal Contract Tower,0,1,38,0,39,0,0,19,8,27,0,1,57,8,66,32,4,36,102
04/07/2008,GON,CT,ANE,EN,Federal Contract Tower,0,7,19,2,28,0,1,22,1,24,0,8,41,3,52,32,0,32,84
04/08/2008,GON,CT,ANE,EN,Federal Contract Tower,0,2,18,0,20,0,0,96,3,99,0,2,114,3,119,58,0,58,177
04/09/2008,GON,CT,ANE,EN,Federal Contract Tower,0,6,35,0,41,0,0,8,0,8,0,6,43,0,49,8,0,8,57
04/10/2008,GON,CT,ANE,EN,Federal Contract Tower,0,7,13,1,21,0,0,59,1,60,0,7,72,2,81,50,10,60,141
04/11/2008,GON,CT,ANE,EN,Federal Contract Tower,0,8,20,3,31,0,0,29,1,30,0,8,49,4,61,18,6,24,85
04/12/2008,GON,CT,ANE,EN,Federal Contract Tower,0,2,23,1,26,0,0,1,0,1,0,2,24,1,27,2,0,2,29
04/13/2008,GON,CT,ANE,EN,Federal Contract Tower,0,1,26,0,27,0,0,50,8,58,0,1,76,8,85,64,10,74,159
04/14/2008,GON,CT,ANE,EN,Federal Contract Tower,0,4,14,2,20,0,0,85,5,90,0,4,99,7,110,48,0,48,158
04/15/2008,GON,CT,ANE,EN,Federal Contract Tower,0,0,16,0,16,0,0,84,2,86,0,0,100,2,102,42,0,42,144
04/16/2008,GON,CT,ANE,EN,Federal Contract Tower,0,0,23,0,23,0,0,137,3,140,0,0,160,3,163,62,2,64,227
04/17/2008,GON,CT,ANE,EN,Federal Contract Tower,0,9,9,1,19,0,1,89,9,99,0,10,98,10,118,50,4,54,172
04/18/2008,GON,CT,ANE,EN,Federal Contract Tower,0,9,21,3,33,0,2,102,3,107,0,11,123,6,140,62,0,62,202
04/19/2008,GON,CT,ANE,EN,Federal Contract Tower,0,2,14,0,16,0,2,81,10,93,0,4,95,10,109,80,0,80,189
04/20/2008,GON,CT,ANE,EN,Federal Contract Tower,0,4,21,0,25,0,2,44,5,51,0,6,65,5,76,32,6,38,114
04/21/2008,GON,CT,ANE,EN,Federal Contract Tower,0,3,28,0,31,0,0,51,1,52,0,3,79,1,83,38,10,48,131
04/22/2008,GON,CT,ANE,EN,Federal Contract Tower,0,0,22,5,27,0,0,60,11,71,0,0,82,16,98,38,4,42,140
04/23/2008,GON,CT,ANE,EN,Federal Contract Tower,0,6,21,1,28,0,1,77,17,95,0,7,98,18,123,58,16,74,197
04/24/2008,GON,CT,ANE,EN,Federal Contract Tower,0,6,17,4,27,0,1,64,7,72,0,7,81,11,99,92,10,102,201
04/25/2008,GON,CT,ANE,EN,Federal Contract Tower,0,9,21,3,33,0,5,75,10,90,0,14,96,13,123,48,2,50,173
04/26/2008,GON,CT,ANE,EN,Federal Contract Tower,0,1,12,0,13,0,2,62,4,68,0,3,74,4,81,52,4,56,137
04/27/2008,GON,CT,ANE,EN,Federal Contract Tower,0,3,27,0,30,0,2,24,0,26,0,5,51,0,56,54,0,54,110
04/28/2008,GON,CT,ANE,EN,Federal Contract Tower,0,6,19,0,25,0,0,0,0,0,0,6,19,0,25,2,2,4,29
04/29/2008,GON,CT,ANE,EN,Federal Contract Tower,0,7,26,9,42,0,1,10,5,16,0,8,36,14,58,4,6,10,68
04/30/2008,GON,CT,ANE,EN,Federal Contract Tower,0,4,24,7,35,0,3,86,13,102,0,7,110,20,137,36,14,50,187
05/01/2008,GON,CT,ANE,EN,Federal Contract Tower,0,6,18,4,28,0,2,64,18,84,0,8,82,22,112,64,6,70,182
05/02/2008,GON,CT,ANE,EN,Federal Contract Tower,0,6,21,0,27,0,0,1,0,1,0,6,22,0,28,0,0,0,28
05/03/2008,GON,CT,ANE,EN,Federal Contract Tower,0,11,34,0,45,0,2,9,11,22,0,13,43,11,67,46,2,48,115
05/04/2008,GON,CT,ANE,EN,Federal Contract Tower,0,1,21,0,22,0,0,13,0,13,0,1,34,0,35,26,0,26,61
05/05/2008,GON,CT,ANE,EN,Federal Contract Tower,0,4,26,0,30,0,1,87,0,88,0,5,113,0,118,70,6,76,194
05/06/2008,GON,CT,ANE,EN,Federal Contract Tower,0,0,23,2,25,0,0,62,12,74,0,0,85,14,99,54,10,64,163
05/07/2008,GON,CT,ANE,EN,Federal Contract Tower,0,1,21,7,29,0,0,103,11,114,0,1,124,18,143,40,8,48,191
05/08/2008,GON,CT,ANE,EN,Federal Contract Tower,0,5,39,6,50,0,1,26,2,29,0,6,65,8,79,40,0,40,119
05/09/2008,GON,CT,ANE,EN,Federal Contract Tower,0,10,27,0,37,0,0,6,0,6,0,10,33,0,43,6,0,6,49
05/10/2008,GON,CT,ANE,EN,Federal Contract Tower,0,1,13,0,14,0,1,62,0,63,0,2,75,0,77,54,0,54,131
05/11/2008,GON,CT,ANE,EN,Federal Contract Tower,0,2,11,0,13,0,2,66,0,68,0,4,77,0,81,106,0,106,187
05/12/2008,GON,CT,ANE,EN,Federal Contract Tower,0,5,20,0,25,0,0,1,0,1,0,5,21,0,26,6,0,6,32
05/13/2008,GON,CT,ANE,EN,Federal Contract Tower,0,3,13,2,18,0,4,23,4,31,0,7,36,6,49,20,4,24,73
05/14/2008,GON,CT,ANE,EN,Federal Contract Tower,0,2,23,2,27,0,1,118,15,134,0,3,141,17,161,94,6,100,261
05/15/2008,GON,CT,ANE,EN,Federal Contract Tower,0,8,13,2,23,0,5,57,3,65,0,13,70,5,88,26,2,28,116
05/16/2008,GON,CT,ANE,EN,Federal Contract Tower,0,8,27,0,35,0,0,22,2,24,0,8,49,2,59,22,4,26,85
05/17/2008,GON,CT,ANE,EN,Federal Contract Tower,0,3,11,0,14,0,1,93,11,105,0,4,104,11,119,28,2,30,149
05/18/2008,GON,CT,ANE,EN,Federal Contract Tower,0,8,39,0,47,0,0,51,11,62,0,8,90,11,109,94,26,120,229
05/19/2008,GON,CT,ANE,EN,Federal Contract Tower,0,3,12,0,15,0,1,38,1,40,0,4,50,1,55,16,0,16,71
05/20/2008,GON,CT,ANE,EN,Federal Contract Tower,0,2,25,0,27,0,5,39,3,47,0,7,64,3,74,22,8,30,104
05/21/2008,GON,CT,ANE,EN,Federal Contract Tower,0,3,23,6,32,0,0,34,1,35,0,3,57,7,67,40,10,50,117
05/22/2008,GON,CT,ANE,EN,Federal Contract Tower,0,4,23,7,34,0,2,37,2,41,0,6,60,9,75,39,0,39,114
05/23/2008,GON,CT,ANE,EN,Federal Contract Tower,0,7,23,0,30,0,0,101,6,107,0,7,124,6,137,20,0,20,157
05/24/2008,GON,CT,ANE,EN,Federal Contract Tower,0,3,10,2,15,0,3,94,4,101,0,6,104,6,116,98,4,102,218
05/25/2008,GON,CT,ANE,EN,Federal Contract Tower,0,3,24,1,28,0,1,112,3,116,0,4,136,4,144,122,0,122,266
05/26/2008,GON,CT,ANE,EN,Federal Contract Tower,0,1,9,0,10,0,2,63,13,78,0,3,72,13,88,72,8,80,168
05/27/2008,GON,CT,ANE,EN,Federal Contract Tower,0,3,26,3,32,0,0,19,4,23,0,3,45,7,55,18,8,26,81
05/28/2008,GON,CT,ANE,EN,Federal Contract Tower,0,2,22,4,28,0,5,87,13,105,0,7,109,17,133,84,2,86,219
05/29/2008,GON,CT,ANE,EN,Federal Contract Tower,0,6,23,4,33,0,1,105,1,107,0,7,128,5,140,76,0,76,216
05/30/2008,GON,CT,ANE,EN,Federal Contract Tower,0,10,17,4,31,0,3,124,11,138,0,13,141,15,169,84,22,106,275
05/31/2008,GON,CT,ANE,EN,Federal Contract Tower,0,3,6,1,10,0,0,5,0,5,0,3,11,1,15,0,0,0,15
06/01/2008,GON,CT,ANE,EN,Federal Contract Tower,0,7,10,0,17,0,5,56,3,64,0,12,66,3,81,90,2,92,173
06/02/2008,GON,CT,ANE,EN,Federal Contract Tower,0,4,32,0,36,0,1,63,3,67,0,5,95,3,103,128,0,128,231
06/03/2008,GON,CT,ANE,EN,Federal Contract Tower,0,2,27,5,34,0,0,86,5,91,0,2,113,10,125,82,10,92,217
06/04/2008,GON,CT,ANE,EN,Federal Contract Tower,0,10,33,2,45,0,0,0,1,1,0,10,33,3,46,0,0,0,46
06/05/2008,GON,CT,ANE,EN,Federal Contract Tower,0,12,31,4,47,0,0,45,2,47,0,12,76,6,94,60,6,66,160
06/06/2008,GON,CT,ANE,EN,Federal Contract Tower,0,7,54,0,61,0,0,0,0,0,0,7,54,0,61,8,4,12,73
06/07/2008,GON,CT,ANE,EN,Federal Contract Tower,0,5,15,2,22,0,1,58,10,69,0,6,73,12,91,38,0,38,129
06/08/2008,GON,CT,ANE,EN,Federal Contract Tower,0,2,20,0,22,0,4,77,4,85,0,6,97,4,107,76,2,78,185
06/09/2008,GON,CT,ANE,EN,Federal Contract Tower,0,4,16,0,20,0,0,70,4,74,0,4,86,4,94,72,8,80,174
06/10/2008,GON,CT,ANE,EN,Federal Contract Tower,0,0,19,2,21,0,0,63,8,71,0,0,82,10,92,80,0,80,172
06/11/2008,GON,CT,ANE,EN,Federal Contract Tower,0,1,24,2,27,0,2,71,4,77,0,3,95,6,104,72,0,72,176
06/12/2008,GON,CT,ANE,EN,Federal Contract Tower,0,6,18,2,26,0,0,103,7,110,0,6,121,9,136,120,4,124,260
06/13/2008,GON,CT,ANE,EN,Federal Contract Tower,0,16,21,0,37,0,2,101,16,119,0,18,122,16,156,92,14,106,262
06/14/2008,GON,CT,ANE,EN,Federal Contract Tower,0,7,19,0,26,0,3,54,6,63,0,10,73,6,89,28,4,32,121
06/15/2008,GON,CT,ANE,EN,Federal Contract Tower,0,6,40,0,46,0,0,1,0,1,0,6,41,0,47,4,0,4,51
06/16/2008,GON,CT,ANE,EN,Federal Contract Tower,0,7,20,0,27,0,0,0,0,0,0,7,20,0,27,6,0,6,33
06/17/2008,GON,CT,ANE,EN,Federal Contract Tower,0,6,29,0,35,0,0,57,3,60,0,6,86,3,95,34,12,46,141
06/18/2008,GON,CT,ANE,EN,Federal Contract Tower,0,4,24,0,28,0,0,113,10,123,0,4,137,10,151,66,0,66,217
06/19/2008,GON,CT,ANE,EN,Federal Contract Tower,0,6,12,4,22,0,1,83,7,91,0,7,95,11,113,92,0,92,205
06/20/2008,GON,CT,ANE,EN,Federal Contract Tower,0,15,23,6,44,0,2,89,10,101,0,17,112,16,145,84,6,90,235
06/21/2008,GON,CT,ANE,EN,Federal Contract Tower,0,5,31,8,44,0,1,115,4,120,0,6,146,12,164,110,4,114,278
06/22/2008,GON,CT,ANE,EN,Federal Contract Tower,0,8,20,0,28,0,0,25,0,25,0,8,45,0,53,70,0,70,123
06/23/2008,GON,CT,ANE,EN,Federal Contract Tower,0,3,29,0,32,0,0,0,0,0,0,3,29,0,32,10,0,10,42
06/24/2008,GON,CT,ANE,EN,Federal Contract Tower,0,3,21,5,29,0,0,47,5,52,0,3,68,10,81,48,4,52,133
06/25/2008,GON,CT,ANE,EN,Federal Contract Tower,0,3,24,2,29,0,0,110,9,119,0,3,134,11,148,108,2,110,258
06/26/2008,GON,CT,ANE,EN,Federal Contract Tower,0,10,24,5,39,0,3,44,15,62,0,13,68,20,101,42,16,58,159
06/27/2008,GON,CT,ANE,EN,Federal Contract Tower,0,9,24,1,34,0,2,49,3,54,0,11,73,4,88,44,0,44,132
06/28/2008,GON,CT,ANE,EN,Federal Contract Tower,0,7,30,0,37,0,5,64,8,77,0,12,94,8,114,62,8,70,184
06/29/2008,GON,CT,ANE,EN,Federal Contract Tower,0,6,25,1,32,0,3,33,4,40,0,9,58,5,72,46,4,50,122
06/30/2008,GON,CT,ANE,EN,Federal Contract Tower,0,5,31,0,36,0,1,37,0,38,0,6,68,0,74,70,10,80,154
07/01/2008,GON,CT,ANE,EN,Federal Contract Tower,0,2,26,3,31,0,0,49,1,50,0,2,75,4,81,54,0,54,135
07/02/2008,GON,CT,ANE,EN,Federal Contract Tower,0,4,27,6,37,0,1,66,0,67,0,5,93,6,104,32,0,32,136
07/03/2008,GON,CT,ANE,EN,Federal Contract Tower,0,2,19,0,21,0,4,109,6,119,0,6,128,6,140,38,0,38,178
07/04/2008,GON,CT,ANE,EN,Federal Contract Tower,0,5,11,0,16,0,0,32,0,32,0,5,43,0,48,18,6,24,72
07/05/2008,GON,CT,ANE,EN,Federal Contract Tower,0,5,13,0,18,0,0,1,0,1,0,5,14,0,19,0,0,0,19
07/06/2008,GON,CT,ANE,EN,Federal Contract Tower,0,3,46,0,49,0,1,12,0,13,0,4,58,0,62,34,0,34,96
07/07/2008,GON,CT,ANE,EN,Federal Contract Tower,0,10,22,2,34,0,2,22,2,26,0,12,44,4,60,18,0,18,78
07/08/2008,GON,CT,ANE,EN,Federal Contract Tower,0,3,27,1,31,0,2,59,7,68,0,5,86,8,99,42,0,42,141
07/09/2008,GON,CT,ANE,EN,Federal Contract Tower,0,1,18,13,32,0,4,53,11,68,0,5,71,24,100,80,0,80,180
07/10/2008,GON,CT,ANE,EN,Federal Contract Tower,0,4,16,0,20,0,3,89,26,118,0,7,105,26,138,48,4,52,190
07/11/2008,GON,CT,ANE,EN,Federal Contract Tower,0,7,23,2,32,0,5,120,8,133,0,12,143,10,165,56,10,66,231
07/12/2008,GON,CT,ANE,EN,Federal Contract Tower,0,6,15,3,24,0,6,112,6,124,0,12,127,9,148,48,0,48,196
07/13/2008,GON,CT,ANE,EN,Federal Contract Tower,0,5,17,0,22,0,3,71,1,75,0,8,88,1,97,26,0,26,123
07/14/2008,GON,CT,ANE,EN,Federal Contract Tower,0,5,27,2,34,0,2,62,0,64,0,7,89,2,98,34,2,36,134
07/15/2008,GON,CT,ANE,EN,Federal Contract Tower,0,1,11,0,12,0,0,65,2,67,0,1,76,2,79,36,6,42,121
07/16/2008,GON,CT,ANE,EN,Federal Contract Tower,0,3,26,1,30,0,3,79,7,89,0,6,105,8,119,36,0,36,155
07/17/2008,GON,CT,ANE,EN,Federal Contract Tower,0,6,18,0,24,0,2,98,0,100,0,8,116,0,124,22,2,24,148
07/18/2008,GON,CT,ANE,EN,Federal Contract Tower,0,7,14,5,26,0,2,90,6,98,0,9,104,11,124,80,0,80,204
07/19/2008,GON,CT,ANE,EN,Federal Contract Tower,0,4,29,0,33,0,2,52,2,56,0,6,81,2,89,54,2,56,145
07/20/2008,GON,CT,ANE,EN,Federal Contract Tower,0,3,28,1,32,0,2,71,1,74,0,5,99,2,106,76,0,76,182
07/21/2008,GON,CT,ANE,EN,Federal Contract Tower,0,7,29,0,36,0,2,45,1,48,0,9,74,1,84,40,0,40,124
07/22/2008,GON,CT,ANE,EN,Federal Contract Tower,0,1,25,0,26,0,1,64,0,65,0,2,89,0,91,48,0,48,139
07/23/2008,GON,CT,ANE,EN,Federal Contract Tower,0,7,16,4,27,0,0,4,0,4,0,7,20,4,31,2,4,6,37
07/24/2008,GON,CT,ANE,EN,Federal Contract Tower,0,6,14,0,20,0,1,6,0,7,0,7,20,0,27,0,0,0,27
07/25/2008,GON,CT,ANE,EN,Federal Contract Tower,0,11,32,0,43,0,7,113,5,125,0,18,145,5,168,38,8,46,214
07/26/2008,GON,CT,ANE,EN,Federal Contract Tower,0,6,14,0,20,0,3,111,11,125,0,9,125,11,145,58,6,64,209
07/27/2008,GON,CT,ANE,EN,Federal Contract Tower,0,5,11,0,16,0,1,15,2,18,0,6,26,2,34,0,0,0,34
07/28/2008,GON,CT,ANE,EN,Federal Contract Tower,0,4,25,5,34,0,4,63,5,72,0,8,88,10,106,64,4,68,174
07/29/2008,GON,CT,ANE,EN,Federal Contract Tower,0,0,14,2,16,0,2,82,7,91,0,2,96,9,107,44,8,52,159
07/30/2008,GON,CT,ANE,EN,Federal Contract Tower,0,2,26,2,30,0,0,55,6,61,0,2,81,8,91,28,2,30,121
07/31/2008,GON,CT,ANE,EN,Federal Contract Tower,0,13,43,5,61,0,1,33,3,37,0,14,76,8,98,26,0,26,124
08/01/2008,GON,CT,ANE,EN,Federal Contract Tower,0,9,22,1,32,0,4,122,8,134,0,13,144,9,166,40,10,50,216
08/02/2008,GON,CT,ANE,EN,Federal Contract Tower,0,2,12,2,16,0,2,35,2,39,0,4,47,4,55,16,0,16,71
08/03/2008,GON,CT,ANE,EN,Federal Contract Tower,0,8,32,0,40,0,1,86,0,87,0,9,118,0,127,26,0,26,153
08/04/2008,GON,CT,ANE,EN,Federal Contract Tower,0,7,17,4,28,0,3,84,15,102,0,10,101,19,130,50,8,58,188
08/05/2008,GON,CT,ANE,EN,Federal Contract Tower,0,2,24,1,27,0,1,53,2,56,0,3,77,3,83,28,4,32,115
08/06/2008,GON,CT,ANE,EN,Federal Contract Tower,0,3,25,2,30,0,0,13,0,13,0,3,38,2,43,0,0,0,43
08/07/2008,GON,CT,ANE,EN,Federal Contract Tower,0,5,24,2,31,1,28,9,0,38,1,33,33,2,69,20,8,28,97
08/08/2008,GON,CT,ANE,EN,Federal Contract Tower,0,11,31,4,46,0,4,54,4,62,0,15,85,8,108,22,8,30,138
08/09/2008,GON,CT,ANE,EN,Federal Contract Tower,0,7,18,0,25,0,0,106,0,106,0,7,124,0,131,28,0,28,159
08/10/2008,GON,CT,ANE,EN,Federal Contract Tower,0,5,15,0,20,0,1,53,0,54,0,6,68,0,74,26,0,26,100
08/11/2008,GON,CT,ANE,EN,Federal Contract Tower,0,5,23,4,32,0,1,36,3,40,0,6,59,7,72,16,0,16,88
08/12/2008,GON,CT,ANE,EN,Federal Contract Tower,0,2,17,4,23,0,2,71,8,81,0,4,88,12,104,32,0,32,136
08/13/2008,GON,CT,ANE,EN,Federal Contract Tower,0,7,26,1,34,0,1,100,15,116,0,8,126,16,150,46,10,56,206
08/14/2008,GON,CT,ANE,EN,Federal Contract Tower,0,3,17,3,23,0,2,61,4,67,0,5,78,7,90,18,0,18,108
08/15/2008,GON,CT,ANE,EN,Federal Contract Tower,0,10,18,4,32,0,2,65,4,71,0,12,83,8,103,62,4,66,169
08/16/2008,GON,CT,ANE,EN,Federal Contract Tower,0,2,22,1,25,0,4,78,8,90,0,6,100,9,115,44,0,44,159
08/17/2008,GON,CT,ANE,EN,Federal Contract Tower,0,0,22,0,22,0,4,136,5,145,0,4,158,5,167,46,6,52,219
08/18/2008,GON,CT,ANE,EN,Federal Contract Tower,0,3,27,6,36,0,1,75,5,81,0,4,102,11,117,74,2,76,193
08/19/2008,GON,CT,ANE,EN,Federal Contract Tower,0,4,13,3,20,0,3,59,4,66,0,7,72,7,86,38,10,48,134
08/20/2008,GON,CT,ANE,EN,Federal Contract Tower,0,5,35,1,41,0,1,122,18,141,0,6,157,19,182,58,4,62,244
08/21/2008,GON,CT,ANE,EN,Federal Contract Tower,0,5,17,6,28,0,1,92,16,109,0,6,109,22,137,82,0,82,219
08/22/2008,GON,CT,ANE,EN,Federal Contract Tower,0,11,19,2,32,0,4,126,9,139,0,15,145,11,171,28,0,28,199
08/23/2008,GON,CT,ANE,EN,Federal Contract Tower,0,5,9,0,14,0,3,99,8,110,0,8,108,8,124,46,0,46,170
08/24/2008,GON,CT,ANE,EN,Federal Contract Tower,0,5,26,0,31,0,0,91,2,93,0,5,117,2,124,36,4,40,164
08/25/2008,GON,CT,ANE,EN,Federal Contract Tower,0,8,30,3,41,0,3,53,0,56,0,11,83,3,97,32,0,32,129
08/26/2008,GON,CT,ANE,EN,Federal Contract Tower,0,0,27,2,29,0,0,86,7,93,0,0,113,9,122,48,0,48,170
08/27/2008,GON,CT,ANE,EN,Federal Contract Tower,0,2,24,2,28,0,1,104,3,108,0,3,128,5,136,32,2,34,170
08/28/2008,GON,CT,ANE,EN,Federal Contract Tower,0,10,24,5,39,0,0,107,13,120,0,10,131,18,159,46,16,62,221
08/29/2008,GON,CT,ANE,EN,Federal Contract Tower,0,6,24,1,31,0,1,84,9,94,0,7,108,10,125,56,0,56,181
08/30/2008,GON,CT,ANE,EN,Federal Contract Tower,0,4,32,2,38,0,1,6,0,7,0,5,38,2,45,8,0,8,53
08/31/2008,GON,CT,ANE,EN,Federal Contract Tower,0,0,11,0,11,0,3,89,2,94,0,3,100,2,105,44,12,56,161
09/01/2008,GON,CT,ANE,EN,Federal Contract Tower,0,2,12,6,20,0,0,84,4,88,0,2,96,10,108,20,0,20,128
09/02/2008,GON,CT,ANE,EN,Federal Contract Tower,0,0,20,4,24,0,2,79,2,83,0,2,99,6,107,14,0,14,121
09/03/2008,GON,CT,ANE,EN,Federal Contract Tower,0,4,16,1,21,0,1,52,8,61,0,5,68,9,82,4,8,12,94
09/04/2008,GON,CT,ANE,EN,Federal Contract Tower,0,3,32,2,37,0,1,66,2,69,0,4,98,4,106,24,0,24,130
09/05/2008,GON,CT,ANE,EN,Federal Contract Tower,1,10,20,0,31,0,6,74,6,86,1,16,94,6,117,28,0,28,145
09/06/2008,GON,CT,ANE,EN,Federal Contract Tower,0,0,3,0,3,0,0,0,0,0,0,0,3,0,3,0,0,0,3
09/07/2008,GON,CT,ANE,EN,Federal Contract Tower,0,6,16,3,25,0,3,48,3,54,0,9,64,6,79,0,4,4,83
09/08/2008,GON,CT,ANE,EN,Federal Contract Tower,1,6,17,5,29,0,0,79,13,92,1,6,96,18,121,30,0,30,151
09/09/2008,GON,CT,ANE,EN,Federal Contract Tower,0,1,20,1,22,0,0,5,0,5,0,1,25,1,27,12,0,12,39
09/10/2008,GON,CT,ANE,EN,Federal Contract Tower,0,2,20,3,25,0,2,110,2,114,0,4,130,5,139,40,0,40,179
09/11/2008,GON,CT,ANE,EN,Federal Contract Tower,0,3,25,3,31,0,1,72,4,77,0,4,97,7,108,48,0,48,156
09/12/2008,GON,CT,ANE,EN,Federal Contract Tower,0,12,32,1,45,0,3,56,11,70,0,15,88,12,115,38,0,38,153
09/13/2008,GON,CT,ANE,EN,Federal Contract Tower,0,1,39,1,41,0,0,6,0,6,0,1,45,1,47,2,0,2,49
09/14/2008,GON,CT,ANE,EN,Federal Contract Tower,0,5,28,0,33,0,0,0,0,0,0,5,28,0,33,0,0,0,33
09/15/2008,GON,CT,ANE,EN,Federal Contract Tower,0,0,14,2,16,0,5,33,4,42,0,5,47,6,58,18,0,18,76
09/16/2008,GON,CT,ANE,EN,Federal Contract Tower,0,5,23,1,29,0,5,61,1,67,0,10,84,2,96,16,0,16,112
09/17/2008,GON,CT,ANE,EN,Federal Contract Tower,0,2,27,1,30,0,0,98,7,105,0,2,125,8,135,10,0,10,145
09/18/2008,GON,CT,ANE,EN,Federal Contract Tower,0,5,26,1,32,0,0,94,14,108,0,5,120,15,140,46,6,52,192
09/19/2008,GON,CT,ANE,EN,Federal Contract Tower,0,6,25,0,31,0,4,87,7,98,0,10,112,7,129,22,2,24,153
09/20/2008,GON,CT,ANE,EN,Federal Contract Tower,0,7,12,1,20,0,0,98,6,104,0,7,110,7,124,68,0,68,192
09/21/2008,GON,CT,ANE,EN,Federal Contract Tower,0,5,25,0,30,0,2,104,2,108,0,7,129,2,138,64,0,64,202
09/22/2008,GON,CT,ANE,EN,Federal Contract Tower,0,2,32,5,39,0,2,32,7,41,0,4,64,12,80,12,0,12,92
09/23/2008,GON,CT,ANE,EN,Federal Contract Tower,0,3,26,1,30,0,1,71,4,76,0,4,97,5,106,26,0,26,132
09/24/2008,GON,CT,ANE,EN,Federal Contract Tower,0,4,20,2,26,0,3,99,11,113,0,7,119,13,139,28,0,28,167
09/25/2008,GON,CT,ANE,EN,Federal Contract Tower,0,3,10,0,13,0,0,35,4,39,0,3,45,4,52,0,0,0,52
09/26/2008,GON,CT,ANE,EN,Federal Contract Tower,0,7,17,0,24,0,0,0,0,0,0,7,17,0,24,0,0,0,24
09/27/2008,GON,CT,ANE,EN,Federal Contract Tower,0,2,6,0,8,0,0,0,0,0,0,2,6,0,8,0,0,0,8
09/28/2008,GON,CT,ANE,EN,Federal Contract Tower,0,0,34,2,36,0,0,0,0,0,0,0,34,2,36,0,0,0,36
09/29/2008,GON,CT,ANE,EN,Federal Contract Tower,0,2,47,0,49,0,0,42,3,45,0,2,89,3,94,46,0,46,140
09/30/2008,GON,CT,ANE,EN,Federal Contract Tower,0,3,26,0,29,0,0,52,10,62,0,3,78,10,91,32,4,36,127
10/01/2008,GON,CT,ANE,EN,Federal Contract Tower,0,7,30,0,37,0,0,29,1,30,0,7,59,1,67,12,0,12,79
10/02/2008,GON,CT,ANE,EN,Federal Contract Tower,0,8,10,1,19,0,0,43,2,45,0,8,53,3,64,32,0,32,96
10/03/2008,GON,CT,ANE,EN,Federal Contract Tower,0,10,24,2,36,0,1,43,2,46,0,11,67,4,82,8,0,8,90
10/04/2008,GON,CT,ANE,EN,Federal Contract Tower,0,4,5,0,9,0,0,83,1,84,0,4,88,1,93,30,0,30,123
10/05/2008,GON,CT,ANE,EN,Federal Contract Tower,0,3,37,0,40,0,1,19,5,25,0,4,56,5,65,16,0,16,81
10/06/2008,GON,CT,ANE,EN,Federal Contract Tower,0,5,14,0,19,0,6,44,1,51,0,11,58,1,70,19,0,19,89
10/07/2008,GON,CT,ANE,EN,Federal Contract Tower,0,2,8,3,13,0,0,79,5,84,0,2,87,8,97,64,0,64,161
10/08/2008,GON,CT,ANE,EN,Federal Contract Tower,0,7,20,3,30,0,1,70,11,82,0,8,90,14,112,30,4,34,146
10/09/2008,GON,CT,ANE,EN,Federal Contract Tower,0,5,13,4,22,0,0,39,6,45,0,5,52,10,67,30,2,32,99
10/10/2008,GON,CT,ANE,EN,Federal Contract Tower,0,2,18,0,20,0,4,87,3,94,0,6,105,3,114,72,0,72,186
10/11/2008,GON,CT,ANE,EN,Federal Contract Tower,0,1,14,1,16,0,0,90,3,93,0,1,104,4,109,44,4,48,157
10/12/2008,GON,CT,ANE,EN,Federal Contract Tower,0,4,11,1,16,0,1,96,2,99,0,5,107,3,115,52,0,52,167
10/13/2008,GON,CT,ANE,EN,Federal Contract Tower,0,2,19,4,25,0,0,77,3,80,0,2,96,7,105,44,6,50,155
10/14/2008,GON,CT,ANE,EN,Federal Contract Tower,0,4,16,0,20,0,0,34,6,40,0,4,50,6,60,10,12,22,82
10/15/2008,GON,CT,ANE,EN,Federal Contract Tower,0,7,24,0,31,0,2,56,8,66,0,9,80,8,97,12,0,12,109
10/16/2008,GON,CT,ANE,EN,Federal Contract Tower,0,8,12,4,24,0,0,16,7,23,0,8,28,11,47,0,6,6,53
10/17/2008,GON,CT,ANE,EN,Federal Contract Tower,0,4,10,1,15,0,0,89,0,89,0,4,99,1,104,2,2,4,108
10/18/2008,GON,CT,ANE,EN,Federal Contract Tower,0,1,14,0,15,0,0,67,2,69,0,1,81,2,84,36,0,36,120
10/19/2008,GON,CT,ANE,EN,Federal Contract Tower,0,6,18,0,24,0,2,38,1,41,0,8,56,1,65,4,0,4,69
10/20/2008,GON,CT,ANE,EN,Federal Contract Tower,0,1,12,0,13,0,0,74,3,77,0,1,86,3,90,14,0,14,104
10/21/2008,GON,CT,ANE,EN,Federal Contract Tower,0,0,14,6,20,0,0,44,9,53,0,0,58,15,73,6,8,14,87
10/22/2008,GON,CT,ANE,EN,Federal Contract Tower,0,3,8,2,13,0,0,30,0,30,0,3,38,2,43,2,4,6,49
10/23/2008,GON,CT,ANE,EN,Federal Contract Tower,0,2,8,3,13,0,0,77,11,88,0,2,85,14,101,30,0,30,131
10/24/2008,GON,CT,ANE,EN,Federal Contract Tower,0,7,12,3,22,0,1,95,17,113,0,8,107,20,135,54,0,54,189
10/25/2008,GON,CT,ANE,EN,Federal Contract Tower,0,1,12,0,13,0,0,17,7,24,0,1,29,7,37,26,0,26,63
10/26/2008,GON,CT,ANE,EN,Federal Contract Tower,0,8,21,3,32,0,3,105,5,113,0,11,126,8,145,50,0,50,195
10/27/2008,GON,CT,ANE,EN,Federal Contract Tower,0,6,21,0,27,0,0,69,5,74,0,6,90,5,101,24,0,24,125
10/28/2008,GON,CT,ANE,EN,Federal Contract Tower,0,1,11,0,12,0,0,1,0,1,0,1,12,0,13,0,0,0,13
10/29/2008,GON,CT,ANE,EN,Federal Contract Tower,0,6,16,1,23,0,0,25,0,25,0,6,41,1,48,14,0,14,62
10/30/2008,GON,CT,ANE,EN,Federal Contract Tower,0,6,20,2,28,0,0,77,13,90,0,6,97,15,118,24,2,26,144
10/31/2008,GON,CT,ANE,EN,Federal Contract Tower,0,6,23,1,30,0,0,81,4,85,0,6,104,5,115,30,0,30,145
11/01/2008,GON,CT,ANE,EN,Federal Contract Tower,0,3,10,0,13,0,0,54,0,54,0,3,64,0,67,34,0,34,101
11/02/2008,GON,CT,ANE,EN,Federal Contract Tower,0,5,16,2,23,0,0,55,0,55,0,5,71,2,78,42,0,42,120
11/03/2008,GON,CT,ANE,EN,Federal Contract Tower,0,5,15,0,20,0,0,31,0,31,0,5,46,0,51,2,2,4,55
11/04/2008,GON,CT,ANE,EN,Federal Contract Tower,0,6,17,1,24,0,0,22,3,25,0,6,39,4,49,4,0,4,53
11/05/2008,GON,CT,ANE,EN,Federal Contract Tower,0,0,15,0,15,0,0,46,5,51,0,0,61,5,66,28,6,34,100
11/06/2008,GON,CT,ANE,EN,Federal Contract Tower,0,5,19,0,24,0,0,2,0,2,0,5,21,0,26,0,0,0,26
11/07/2008,GON,CT,ANE,EN,Federal Contract Tower,0,5,25,4,34,0,0,5,0,5,0,5,30,4,39,0,0,0,39
11/08/2008,GON,CT,ANE,EN,Federal Contract Tower,0,4,17,1,22,0,0,0,0,0,0,4,17,1,22,4,2,6,28
11/09/2008,GON,CT,ANE,EN,Federal Contract Tower,0,1,17,0,18,0,1,76,0,77,0,2,93,0,95,28,0,28,123
11/10/2008,GON,CT,ANE,EN,Federal Contract Tower,0,5,6,0,11,0,1,50,1,52,0,6,56,1,63,24,0,24,87
11/11/2008,GON,CT,ANE,EN,Federal Contract Tower,0,1,7,1,9,0,0,63,5,68,0,1,70,6,77,24,0,24,101
11/12/2008,GON,CT,ANE,EN,Federal Contract Tower,0,5,15,1,21,0,2,92,6,100,0,7,107,7,121,25,2,27,148
11/13/2008,GON,CT,ANE,EN,Federal Contract Tower,0,3,17,5,25,0,0,27,1,28,0,3,44,6,53,18,6,24,77
11/14/2008,GON,CT,ANE,EN,Federal Contract Tower,0,5,29,1,35,0,0,0,0,0,0,5,29,1,35,4,0,4,39
11/15/2008,GON,CT,ANE,EN,Federal Contract Tower,0,1,8,0,9,0,0,0,0,0,0,1,8,0,9,0,0,0,9
11/16/2008,GON,CT,ANE,EN,Federal Contract Tower,0,2,11,4,17,0,0,21,0,21,0,2,32,4,38,6,0,6,44
11/17/2008,GON,CT,ANE,EN,Federal Contract Tower,0,4,13,3,20,0,0,56,6,62,0,4,69,9,82,14,0,14,96
11/18/2008,GON,CT,ANE,EN,Federal Contract Tower,0,2,14,0,16,0,0,48,2,50,0,2,62,2,66,2,0,2,68
11/19/2008,GON,CT,ANE,EN,Federal Contract Tower,0,2,34,0,36,0,0,56,6,62,0,2,90,6,98,26,0,26,124
11/20/2008,GON,CT,ANE,EN,Federal Contract Tower,0,3,10,4,17,0,0,70,0,70,0,3,80,4,87,8,2,10,97
11/21/2008,GON,CT,ANE,EN,Federal Contract Tower,0,6,11,7,24,0,0,41,2,43,0,6,52,9,67,24,0,24,91
11/22/2008,GON,CT,ANE,EN,Federal Contract Tower,0,1,12,3,16,0,0,38,0,38,0,1,50,3,54,2,0,2,56
11/23/2008,GON,CT,ANE,EN,Federal Contract Tower,0,2,8,1,11,0,0,74,9,83,0,2,82,10,94,36,0,36,130
11/24/2008,GON,CT,ANE,EN,Federal Contract Tower,0,2,16,0,18,0,0,54,5,59,0,2,70,5,77,26,0,26,103
11/25/2008,GON,CT,ANE,EN,Federal Contract Tower,0,8,13,2,23,0,0,3,4,7,0,8,16,6,30,0,4,4,34
11/26/2008,GON,CT,ANE,EN,Federal Contract Tower,0,7,21,2,30,0,0,87,3,90,0,7,108,5,120,30,0,30,150
11/27/2008,GON,CT,ANE,EN,Federal Contract Tower,0,0,1,0,1,0,0,12,1,13,0,0,13,1,14,2,0,2,16
11/28/2008,GON,CT,ANE,EN,Federal Contract Tower,0,4,9,0,13,0,2,48,1,51,0,6,57,1,64,18,2,20,84
11/29/2008,GON,CT,ANE,EN,Federal Contract Tower,0,1,10,0,11,0,0,93,0,93,0,1,103,0,104,24,0,24,128
11/30/2008,GON,CT,ANE,EN,Federal Contract Tower,0,3,18,0,21,0,0,3,0,3,0,3,21,0,24,0,0,0,24
12/01/2008,GON,CT,ANE,EN,Federal Contract Tower,0,6,8,3,17,0,0,38,0,38,0,6,46,3,55,28,2,30,85
12/02/2008,GON,CT,ANE,EN,Federal Contract Tower,0,1,12,3,16,0,0,52,4,56,0,1,64,7,72,22,8,30,102
12/03/2008,GON,CT,ANE,EN,Federal Contract Tower,0,2,15,0,17,0,0,77,3,80,0,2,92,3,97,14,2,16,113
12/04/2008,GON,CT,ANE,EN,Federal Contract Tower,0,4,14,2,20,0,1,22,6,29,0,5,36,8,49,6,0,6,55
12/05/2008,GON,CT,ANE,EN,Federal Contract Tower,0,6,14,2,22,0,0,60,0,60,0,6,74,2,82,20,0,20,102
12/06/2008,GON,CT,ANE,EN,Federal Contract Tower,0,3,12,2,17,0,0,90,1,91,0,3,102,3,108,14,2,16,124
12/07/2008,GON,CT,ANE,EN,Federal Contract Tower,0,2,6,2,10,0,0,3,1,4,0,2,9,3,14,16,0,16,30
12/08/2008,GON,CT,ANE,EN,Federal Contract Tower,0,4,12,0,16,0,0,37,7,44,0,4,49,7,60,16,12,28,88
12/09/2008,GON,CT,ANE,EN,Federal Contract Tower,0,3,9,0,12,0,0,41,0,41,0,3,50,0,53,26,0,26,79
12/10/2008,GON,CT,ANE,EN,Federal Contract Tower,0,12,4,5,21,0,0,2,1,3,0,12,6,6,24,0,0,0,24
12/11/2008,GON,CT,ANE,EN,Federal Contract Tower,0,4,18,0,22,0,0,1,0,1,0,4,19,0,23,2,0,2,25
12/12/2008,GON,CT,ANE,EN,Federal Contract Tower,0,7,14,0,21,0,0,5,0,5,0,7,19,0,26,0,0,0,26
12/13/2008,GON,CT,ANE,EN,Federal Contract Tower,0,1,20,1,22,0,0,47,1,48,0,1,67,2,70,34,0,34,104
12/14/2008,GON,CT,ANE,EN,Federal Contract Tower,0,1,17,0,18,0,0,59,5,64,0,1,76,5,82,42,0,42,124
12/15/2008,GON,CT,ANE,EN,Federal Contract Tower,0,3,10,2,15,0,2,30,4,36,0,5,40,6,51,10,0,10,61
12/16/2008,GON,CT,ANE,EN,Federal Contract Tower,0,2,9,0,11,0,0,5,2,7,0,2,14,2,18,0,0,0,18
12/17/2008,GON,CT,ANE,EN,Federal Contract Tower,0,6,8,4,18,0,0,0,0,0,0,6,8,4,18,0,0,0,18
12/18/2008,GON,CT,ANE,EN,Federal Contract Tower,0,2,16,4,22,0,0,76,7,83,0,2,92,11,105,40,0,40,145
12/19/2008,GON,CT,ANE,EN,Federal Contract Tower,0,0,2,1,3,0,0,5,9,14,0,0,7,10,17,0,0,0,17
12/20/2008,GON,CT,ANE,EN,Federal Contract Tower,0,0,4,0,4,0,0,0,0,0,0,0,4,0,4,0,0,0,4
12/21/2008,GON,CT,ANE,EN,Federal Contract Tower,0,0,2,0,2,0,0,0,0,0,0,0,2,0,2,0,0,0,2
12/22/2008,GON,CT,ANE,EN,Federal Contract Tower,0,3,3,3,9,0,0,6,6,12,0,3,9,9,21,0,0,0,21
12/23/2008,GON,CT,ANE,EN,Federal Contract Tower,0,4,12,5,21,0,0,55,4,59,0,4,67,9,80,36,0,36,116
12/24/2008,GON,CT,ANE,EN,Federal Contract Tower,0,0,1,0,1,0,0,2,0,2,0,0,3,0,3,0,0,0,3
12/25/2008,GON,CT,ANE,EN,Federal Contract Tower,0,0,0,0,0,0,0,8,0,8,0,0,8,0,8,0,0,0,8
12/26/2008,GON,CT,ANE,EN,Federal Contract Tower,0,4,7,0,11,0,0,70,1,71,0,4,77,1,82,38,0,38,120
12/27/2008,GON,CT,ANE,EN,Federal Contract Tower,0,2,7,0,9,0,0,2,0,2,0,2,9,0,11,2,0,2,13
12/28/2008,GON,CT,ANE,EN,Federal Contract Tower,0,0,1,0,1,0,0,0,0,0,0,0,1,0,1,0,0,0,1
12/29/2008,GON,CT,ANE,EN,Federal Contract Tower,0,2,7,0,9,0,0,81,0,81,0,2,88,0,90,28,0,28,118
12/30/2008,GON,CT,ANE,EN,Federal Contract Tower,0,0,6,0,6,0,0,7,0,7,0,0,13,0,13,0,0,0,13
12/31/2008,GON,CT,ANE,EN,Federal Contract Tower,0,0,2,0,2,0,0,0,0,0,0,0,2,0,2,0,0,0,2
01/01/2009,GON,CT,ANE,EN,Federal Contract Tower,0,2,5,0,7,0,0,7,2,9,0,2,12,2,16,0,0,0,16
01/02/2009,GON,CT,ANE,EN,Federal Contract Tower,0,1,4,0,5,0,2,8,0,10,0,3,12,0,15,0,0,0,15
01/03/2009,GON,CT,ANE,EN,Federal Contract Tower,0,4,5,0,9,0,0,28,0,28,0,4,33,0,37,6,0,6,43
01/04/2009,GON,CT,ANE,EN,Federal Contract Tower,0,3,7,0,10,0,0,67,0,67,0,3,74,0,77,32,0,32,109
01/05/2009,GON,CT,ANE,EN,Federal Contract Tower,0,1,11,3,15,0,0,40,9,49,0,1,51,12,64,30,10,40,104
01/06/2009,GON,CT,ANE,EN,Federal Contract Tower,0,0,8,1,9,0,0,22,2,24,0,0,30,3,33,26,0,26,59
01/07/2009,GON,CT,ANE,EN,Federal Contract Tower,0,2,8,2,12,0,0,0,0,0,0,2,8,2,12,0,0,0,12
01/08/2009,GON,CT,ANE,EN,Federal Contract Tower,0,2,2,5,9,0,0,10,13,23,0,2,12,18,32,0,2,2,34
01/09/2009,GON,CT,ANE,EN,Federal Contract Tower,0,2,17,6,25,0,0,31,17,48,0,2,48,23,73,6,6,12,85
01/10/2009,GON,CT,ANE,EN,Federal Contract Tower,0,1,8,0,9,0,0,31,4,35,0,1,39,4,44,14,8,22,66
01/11/2009,GON,CT,ANE,EN,Federal Contract Tower,0,1,6,0,7,0,0,1,0,1,0,1,7,0,8,0,0,0,8
01/12/2009,GON,CT,ANE,EN,Federal Contract Tower,0,2,12,1,15,0,0,60,7,67,0,2,72,8,82,38,0,38,120
01/13/2009,GON,CT,ANE,EN,Federal Contract Tower,0,1,8,0,9,0,0,47,14,61,0,1,55,14,70,8,0,8,78
01/14/2009,GON,CT,ANE,EN,Federal Contract Tower,0,1,6,1,8,0,0,21,16,37,0,1,27,17,45,2,8,10,55
01/15/2009,GON,CT,ANE,EN,Federal Contract Tower,0,1,3,0,4,0,0,4,0,4,0,1,7,0,8,0,0,0,8
01/16/2009,GON,CT,ANE,EN,Federal Contract Tower,0,2,16,4,22,0,0,28,9,37,0,2,44,13,59,36,2,38,97
01/17/2009,GON,CT,ANE,EN,Federal Contract Tower,0,3,7,3,13,0,0,56,3,59,0,3,63,6,72,58,2,60,132
01/18/2009,GON,CT,ANE,EN,Federal Contract Tower,0,2,2,0,4,0,0,2,0,2,0,2,4,0,6,0,0,0,6
01/19/2009,GON,CT,ANE,EN,Federal Contract Tower,0,7,11,0,18,0,0,23,0,23,0,7,34,0,41,10,0,10,51
01/20/2009,GON,CT,ANE,EN,Federal Contract Tower,0,3,3,2,8,0,0,30,7,37,0,3,33,9,45,8,12,20,65
01/21/2009,GON,CT,ANE,EN,Federal Contract Tower,0,0,9,1,10,0,4,45,0,49,0,4,54,1,59,26,0,26,85
01/22/2009,GON,CT,ANE,EN,Federal Contract Tower,0,2,2,4,8,0,0,29,1,30,0,2,31,5,38,8,10,18,56
01/23/2009,GON,CT,ANE,EN,Federal Contract Tower,0,4,17,5,26,0,0,57,3,60,0,4,74,8,86,24,2,26,112
01/24/2009,GON,CT,ANE,EN,Federal Contract Tower,0,0,7,0,7,0,0,28,0,28,0,0,35,0,35,22,0,22,57
01/25/2009,GON,CT,ANE,EN,Federal Contract Tower,0,4,12,0,16,0,1,68,1,70,0,5,80,1,86,52,0,52,138
01/26/2009,GON,CT,ANE,EN,Federal Contract Tower,0,4,10,7,21,0,0,56,5,61,0,4,66,12,82,8,8,16,98
01/27/2009,GON,CT,ANE,EN,Federal Contract Tower,0,0,7,2,9,0,0,53,0,53,0,0,60,2,62,52,0,52,114
01/28/2009,GON,CT,ANE,EN,Federal Contract Tower,0,3,5,0,8,0,0,1,0,1,0,3,6,0,9,0,0,0,9
01/29/2009,GON,CT,ANE,EN,Federal Contract Tower,0,1,14,0,15,0,0,45,6,51,0,1,59,6,66,32,16,48,114
01/30/2009,GON,CT,ANE,EN,Federal Contract Tower,0,5,14,3,22,0,0,50,4,54,0,5,64,7,76,16,4,20,96
01/31/2009,GON,CT,ANE,EN,Federal Contract Tower,0,0,6,1,7,0,0,50,4,54,0,0,56,5,61,26,6,32,93
02/01/2009,GON,CT,ANE,EN,Federal Contract Tower,0,1,3,0,4,0,0,58,0,58,0,1,61,0,62,30,0,30,92
02/02/2009,GON,CT,ANE,EN,Federal Contract Tower,0,5,5,6,16,0,0,48,7,55,0,5,53,13,71,22,0,22,93
02/03/2009,GON,CT,ANE,EN,Federal Contract Tower,0,0,4,2,6,0,0,0,0,0,0,0,4,2,6,0,0,0,6
02/04/2009,GON,CT,ANE,EN,Federal Contract Tower,0,0,11,0,11,0,0,23,1,24,0,0,34,1,35,14,0,14,49
02/05/2009,GON,CT,ANE,EN,Federal Contract Tower,0,1,7,1,9,0,0,32,2,34,0,1,39,3,43,34,2,36,79
02/06/2009,GON,CT,ANE,EN,Federal Contract Tower,0,6,7,6,19,0,0,39,2,41,0,6,46,8,60,24,2,26,86
02/07/2009,GON,CT,ANE,EN,Federal Contract Tower,0,0,10,1,11,0,0,62,3,65,0,0,72,4,76,62,4,66,142
02/08/2009,GON,CT,ANE,EN,Federal Contract Tower,0,2,1,0,3,0,0,27,0,27,0,2,28,0,30,24,0,24,54
02/09/2009,GON,CT,ANE,EN,Federal Contract Tower,0,2,8,0,10,0,0,57,2,59,0,2,65,2,69,46,0,46,115
02/10/2009,GON,CT,ANE,EN,Federal Contract Tower,0,0,12,2,14,0,0,41,0,41,0,0,53,2,55,20,0,20,75
02/11/2009,GON,CT,ANE,EN,Federal Contract Tower,0,1,6,3,10,0,0,40,3,43,0,1,46,6,53,10,4,14,67
02/12/2009,GON,CT,ANE,EN,Federal Contract Tower,0,2,6,0,8,0,1,14,3,18,0,3,20,3,26,0,0,0,26
02/13/2009,GON,CT,ANE,EN,Federal Contract Tower,0,4,3,5,12,0,0,21,3,24,0,4,24,8,36,6,0,6,42
02/14/2009,GON,CT,ANE,EN,Federal Contract Tower,0,0,18,0,18,0,0,74,5,79,0,0,92,5,97,46,10,56,153
02/15/2009,GON,CT,ANE,EN,Federal Contract Tower,0,0,5,0,5,0,0,65,2,67,0,0,70,2,72,58,0,58,130
02/16/2009,GON,CT,ANE,EN,Federal Contract Tower,0,1,9,2,12,0,0,76,4,80,0,1,85,6,92,26,10,36,128
02/17/2009,GON,CT,ANE,EN,Federal Contract Tower,0,4,12,2,18,0,0,74,0,74,0,4,86,2,92,32,0,32,124
02/18/2009,GON,CT,ANE,EN,Federal Contract Tower,0,2,17,4,23,0,0,21,5,26,0,2,38,9,49,10,0,10,59
02/19/2009,GON,CT,ANE,EN,Federal Contract Tower,0,2,11,0,13,0,0,16,0,16,0,2,27,0,29,28,0,28,57
02/20/2009,GON,CT,ANE,EN,Federal Contract Tower,0,4,7,2,13,0,0,26,0,26,0,4,33,2,39,16,0,16,55
02/21/2009,GON,CT,ANE,EN,Federal Contract Tower,0,0,12,4,16,0,0,82,12,94,0,0,94,16,110,52,0,52,162
02/22/2009,GON,CT,ANE,EN,Federal Contract Tower,0,0,3,0,3,0,0,6,2,8,0,0,9,2,11,18,0,18,29
02/23/2009,GON,CT,ANE,EN,Federal Contract Tower,0,5,6,0,11,0,0,8,0,8,0,5,14,0,19,8,0,8,27
02/24/2009,GON,CT,ANE,EN,Federal Contract Tower,0,4,5,2,11,0,0,44,2,46,0,4,49,4,57,34,10,44,101
02/25/2009,GON,CT,ANE,EN,Federal Contract Tower,0,3,11,2,16,0,1,64,0,65,0,4,75,2,81,40,0,40,121
02/26/2009,GON,CT,ANE,EN,Federal Contract Tower,0,2,8,0,10,0,0,65,0,65,0,2,73,0,75,40,0,40,115
02/27/2009,GON,CT,ANE,EN,Federal Contract Tower,0,4,12,6,22,0,0,32,0,32,0,4,44,6,54,10,2,12,66
02/28/2009,GON,CT,ANE,EN,Federal Contract Tower,0,0,9,3,12,0,0,62,6,68,0,0,71,9,80,70,0,70,150
03/01/2009,GON,CT,ANE,EN,Federal Contract Tower,0,2,1,0,3,0,0,9,0,9,0,2,10,0,12,4,0,4,16
03/02/2009,GON,CT,ANE,EN,Federal Contract Tower,0,1,1,0,2,0,0,0,0,0,0,1,1,0,2,0,0,0,2
03/03/2009,GON,CT,ANE,EN,Federal Contract Tower,0,0,4,3,7,0,1,22,5,28,0,1,26,8,35,2,10,12,47
03/04/2009,GON,CT,ANE,EN,Federal Contract Tower,0,1,9,2,12,0,0,32,0,32,0,1,41,2,44,44,0,44,88
03/05/2009,GON,CT,ANE,EN,Federal Contract Tower,0,1,5,2,8,0,0,83,1,84,0,1,88,3,92,84,0,84,176
03/06/2009,GON,CT,ANE,EN,Federal Contract Tower,0,4,12,2,18,0,0,41,1,42,0,4,53,3,60,28,0,28,88
03/07/2009,GON,CT,ANE,EN,Federal Contract Tower,0,0,11,0,11,0,0,70,2,72,0,0,81,2,83,54,4,58,141
03/08/2009,GON,CT,ANE,EN,Federal Contract Tower,0,5,6,2,13,0,0,45,2,47,0,5,51,4,60,32,4,36,96
03/09/2009,GON,CT,ANE,EN,Federal Contract Tower,0,2,7,2,11,0,0,1,0,1,0,2,8,2,12,0,0,0,12
03/10/2009,GON,CT,ANE,EN,Federal Contract Tower,0,0,12,2,14,0,0,61,2,63,0,0,73,4,77,64,0,64,141
03/11/2009,GON,CT,ANE,EN,Federal Contract Tower,0,5,11,0,16,0,0,2,0,2,0,5,13,0,18,0,0,0,18
03/12/2009,GON,CT,ANE,EN,Federal Contract Tower,0,2,19,2,23,0,1,48,7,56,0,3,67,9,79,48,4,52,131
03/13/2009,GON,CT,ANE,EN,Federal Contract Tower,0,2,14,3,19,0,0,71,1,72,0,2,85,4,91,60,12,72,163
03/14/2009,GON,CT,ANE,EN,Federal Contract Tower,0,5,19,1,25,0,2,94,4,100,0,7,113,5,125,80,0,80,205
03/15/2009,GON,CT,ANE,EN,Federal Contract Tower,0,2,9,0,11,0,0,61,1,62,0,2,70,1,73,88,0,88,161
03/16/2009,GON,CT,ANE,EN,Federal Contract Tower,0,2,5,5,12,0,0,34,2,36,0,2,39,7,48,32,0,32,80
03/17/2009,GON,CT,ANE,EN,Federal Contract Tower,0,2,12,6,20,0,1,67,8,76,0,3,79,14,96,50,2,52,148
03/18/2009,GON,CT,ANE,EN,Federal Contract Tower,0,4,13,3,20,0,2,52,0,54,0,6,65,3,74,56,0,56,130
03/19/2009,GON,CT,ANE,EN,Federal Contract Tower,0,2,6,1,9,0,0,24,0,24,0,2,30,1,33,24,2,26,59
03/20/2009,GON,CT,ANE,EN,Federal Contract Tower,0,2,17,5,24,0,2,72,4,78,0,4,89,9,102,50,8,58,160
03/21/2009,GON,CT,ANE,EN,Federal Contract Tower,0,1,15,3,19,0,0,113,19,132,0,1,128,22,151,80,10,90,241
03/22/2009,GON,CT,ANE,EN,Federal Contract Tower,0,3,12,1,16,0,0,47,0,47,0,3,59,1,63,56,0,56,119
03/23/2009,GON,CT,ANE,EN,Federal Contract Tower,0,3,9,2,14,0,3,21,0,24,0,6,30,2,38,30,4,34,72
03/24/2009,GON,CT,ANE,EN,Federal Contract Tower,0,0,6,4,10,0,0,19,2,21,0,0,25,6,31,2,0,2,33
03/25/2009,GON,CT,ANE,EN,Federal Contract Tower,0,6,23,3,32,0,2,79,9,90,0,8,102,12,122,88,6,94,216
03/26/2009,GON,CT,ANE,EN,Federal Contract Tower,0,5,8,2,15,0,0,23,13,36,0,5,31,15,51,34,10,44,95
03/27/2009,GON,CT,ANE,EN,Federal Contract Tower,0,1,12,2,15,0,0,44,3,47,0,1,56,5,62,38,0,38,100
03/28/2009,GON,CT,ANE,EN,Federal Contract Tower,0,2,30,1,33,0,0,36,5,41,0,2,66,6,74,32,0,32,106
03/29/2009,GON,CT,ANE,EN,Federal Contract Tower,0,2,9,3,14,0,0,0,0,0,0,2,9,3,14,2,0,2,16
03/30/2009,GON,CT,ANE,EN,Federal Contract Tower,0,2,10,0,12,0,0,18,6,24,0,2,28,6,36,4,0,4,40
03/31/2009,GON,CT,ANE,EN,Federal Contract Tower,0,0,14,2,16,0,0,72,6,78,0,0,86,8,94,44,6,50,144
04/01/2009,GON,CT,ANE,EN,Federal Contract Tower,0,0,20,5,25,0,0,12,1,13,0,0,32,6,38,58,0,58,96
04/02/2009,GON,CT,ANE,EN,Federal Contract Tower,0,2,22,0,24,0,0,1,0,1,0,2,23,0,25,0,0,0,25
04/03/2009,GON,CT,ANE,EN,Federal Contract Tower,0,1,8,0,9,0,0,0,0,0,0,1,8,0,9,0,0,0,9
04/04/2009,GON,CT,ANE,EN,Federal Contract Tower,0,0,15,1,16,0,0,12,0,12,0,0,27,1,28,2,0,2,30
04/05/2009,GON,CT,ANE,EN,Federal Contract Tower,0,2,9,3,14,0,0,52,0,52,0,2,61,3,66,24,14,38,104
04/06/2009,GON,CT,ANE,EN,Federal Contract Tower,0,4,12,2,18,0,0,5,0,5,0,4,17,2,23,2,0,2,25
04/07/2009,GON,CT,ANE,EN,Federal Contract Tower,0,1,15,3,19,0,0,43,0,43,0,1,58,3,62,42,0,42,104
04/08/2009,GON,CT,ANE,EN,Federal Contract Tower,0,4,15,0,19,0,0,43,3,46,0,4,58,3,65,14,0,14,79
04/09/2009,GON,CT,ANE,EN,Federal Contract Tower,0,7,12,10,29,0,0,110,5,115,0,7,122,15,144,70,0,70,214
04/10/2009,GON,CT,ANE,EN,Federal Contract Tower,0,3,17,4,24,0,2,81,2,85,0,5,98,6,109,42,2,44,153
04/11/2009,GON,CT,ANE,EN,Federal Contract Tower,0,2,10,0,12,0,0,2,0,2,0,2,12,0,14,0,0,0,14
04/12/2009,GON,CT,ANE,EN,Federal Contract Tower,0,3,10,0,13,0,1,42,1,44,0,4,52,1,57,32,0,32,89
04/13/2009,GON,CT,ANE,EN,Federal Contract Tower,0,9,8,2,19,0,0,56,7,63,0,9,64,9,82,48,10,58,140
04/14/2009,GON,CT,ANE,EN,Federal Contract Tower,0,2,14,0,16,0,0,55,11,66,0,2,69,11,82,36,18,54,136
04/15/2009,GON,CT,ANE,EN,Federal Contract Tower,0,6,6,4,16,0,0,22,2,24,0,6,28,6,40,12,12,24,64
04/16/2009,GON,CT,ANE,EN,Federal Contract Tower,0,1,13,0,14,0,0,97,4,101,0,1,110,4,115,68,10,78,193
04/17/2009,GON,CT,ANE,EN,Federal Contract Tower,0,6,12,3,21,0,0,99,3,102,0,6,111,6,123,42,0,42,165
04/18/2009,GON,CT,ANE,EN,Federal Contract Tower,0,3,8,0,11,0,0,54,0,54,0,3,62,0,65,42,0,42,107
04/19/2009,GON,CT,ANE,EN,Federal Contract Tower,0,6,13,1,20,0,0,77,5,82,0,6,90,6,102,64,0,64,166
04/20/2009,GON,CT,ANE,EN,Federal Contract Tower,0,3,4,0,7,0,0,19,0,19,0,3,23,0,26,0,0,0,26
04/21/2009,GON,CT,ANE,EN,Federal Contract Tower,0,0,8,0,8,0,0,0,0,0,0,0,8,0,8,0,0,0,8
04/22/2009,GON,CT,ANE,EN,Federal Contract Tower,0,4,11,0,15,0,0,7,5,12,0,4,18,5,27,8,0,8,35
04/23/2009,GON,CT,ANE,EN,Federal Contract Tower,0,5,4,5,14,0,0,52,17,69,0,5,56,22,83,54,2,56,139
04/24/2009,GON,CT,ANE,EN,Federal Contract Tower,0,5,8,2,15,0,0,73,3,76,0,5,81,5,91,48,2,50,141
04/25/2009,GON,CT,ANE,EN,Federal Contract Tower,0,3,9,0,12,0,0,51,9,60,0,3,60,9,72,44,0,44,116
04/26/2009,GON,CT,ANE,EN,Federal Contract Tower,0,8,5,2,15,0,0,83,11,94,0,8,88,13,109,54,6,60,169
04/27/2009,GON,CT,ANE,EN,Federal Contract Tower,0,2,18,0,20,0,0,54,12,66,0,2,72,12,86,48,2,50,136
04/28/2009,GON,CT,ANE,EN,Federal Contract Tower,0,0,5,1,6,0,0,58,2,60,0,0,63,3,66,44,4,48,114
04/29/2009,GON,CT,ANE,EN,Federal Contract Tower,0,7,16,1,24,0,0,63,11,74,0,7,79,12,98,32,8,40,138
04/30/2009,GON,CT,ANE,EN,Federal Contract Tower,0,5,10,1,16,0,0,74,7,81,0,5,84,8,97,76,6,82,179
05/01/2009,GON,CT,ANE,EN,Federal Contract Tower,0,3,17,2,22,0,0,0,0,0,0,3,17,2,22,4,4,8,30
05/02/2009,GON,CT,ANE,EN,Federal Contract Tower,0,1,16,2,19,0,0,54,8,62,0,1,70,10,81,50,0,50,131
05/03/2009,GON,CT,ANE,EN,Federal Contract Tower,0,5,27,0,32,0,0,26,0,26,0,5,53,0,58,26,0,26,84
05/04/2009,GON,CT,ANE,EN,Federal Contract Tower,0,2,16,0,18,0,0,10,1,11,0,2,26,1,29,12,2,14,43
05/05/2009,GON,CT,ANE,EN,Federal Contract Tower,0,3,12,5,20,0,0,2,0,2,0,3,14,5,22,0,0,0,22
05/06/2009,GON,CT,ANE,EN,Federal Contract Tower,0,5,22,2,29,0,0,43,11,54,0,5,65,13,83,30,5,35,118
05/07/2009,GON,CT,ANE,EN,Federal Contract Tower,0,3,10,3,16,0,0,0,0,0,0,3,10,3,16,0,0,0,16
05/08/2009,GON,CT,ANE,EN,Federal Contract Tower,0,7,25,0,32,0,1,70,2,73,0,8,95,2,105,66,4,70,175
05/09/2009,GON,CT,ANE,EN,Federal Contract Tower,0,0,10,0,10,0,0,0,0,0,0,0,10,0,10,0,0,0,10
05/10/2009,GON,CT,ANE,EN,Federal Contract Tower,0,7,5,2,14,0,0,34,2,36,0,7,39,4,50,14,0,14,64
05/11/2009,GON,CT,ANE,EN,Federal Contract Tower,0,7,14,1,22,0,0,50,6,56,0,7,64,7,78,62,0,62,140
05/12/2009,GON,CT,ANE,EN,Federal Contract Tower,0,4,4,0,8,0,0,33,0,33,0,4,37,0,41,30,0,30,71
05/13/2009,GON,CT,ANE,EN,Federal Contract Tower,0,8,14,4,26,0,0,89,3,92,0,8,103,7,118,84,4,88,206
05/14/2009,GON,CT,ANE,EN,Federal Contract Tower,0,6,13,10,29,0,0,19,2,21,0,6,32,12,50,18,2,20,70
05/15/2009,GON,CT,ANE,EN,Federal Contract Tower,0,11,22,3,36,0,0,47,4,51,0,11,69,7,87,38,2,40,127
05/16/2009,GON,CT,ANE,EN,Federal Contract Tower,0,5,17,2,24,0,0,19,6,25,0,5,36,8,49,18,0,18,67
05/17/2009,GON,CT,ANE,EN,Federal Contract Tower,0,5,8,0,13,0,0,31,6,37,0,5,39,6,50,44,0,44,94
05/18/2009,GON,CT,ANE,EN,Federal Contract Tower,0,5,16,1,22,0,0,74,4,78,0,5,90,5,100,46,0,46,146
05/19/2009,GON,CT,ANE,EN,Federal Contract Tower,0,7,24,2,33,0,3,92,6,101,0,10,116,8,134,64,0,64,198
05/20/2009,GON,CT,ANE,EN,Federal Contract Tower,0,2,26,5,33,0,2,106,28,136,0,4,132,33,169,68,20,88,257
05/21/2009,GON,CT,ANE,EN,Federal Contract Tower,0,2,12,4,18,0,2,80,9,91,0,4,92,13,109,52,6,58,167
05/22/2009,GON,CT,ANE,EN,Federal Contract Tower,0,3,13,2,18,0,5,102,6,113,0,8,115,8,131,54,2,56,187
05/23/2009,GON,CT,ANE,EN,Federal Contract Tower,0,1,4,1,6,0,1,68,10,79,0,2,72,11,85,56,0,56,141
05/24/2009,GON,CT,ANE,EN,Federal Contract Tower,0,1,12,1,14,0,0,20,3,23,0,1,32,4,37,14,0,14,51
05/25/2009,GON,CT,ANE,EN,Federal Contract Tower,0,0,3,1,4,0,1,98,5,104,0,1,101,6,108,82,14,96,204
05/26/2009,GON,CT,ANE,EN,Federal Contract Tower,0,3,18,3,24,0,0,88,1,89,0,3,106,4,113,40,0,40,153
05/27/2009,GON,CT,ANE,EN,Federal Contract Tower,0,0,31,0,31,0,0,3,0,3,0,0,34,0,34,0,0,0,34
05/28/2009,GON,CT,ANE,EN,Federal Contract Tower,0,2,25,4,31,0,0,4,0,4,0,2,29,4,35,8,0,8,43
05/29/2009,GON,CT,ANE,EN,Federal Contract Tower,0,7,24,2,33,0,3,92,6,101,0,10,116,8,134,64,0,64,198
05/30/2009,GON,CT,ANE,EN,Federal Contract Tower,0,0,11,0,11,0,0,113,6,119,0,0,124,6,130,72,0,72,202
05/31/2009,GON,CT,ANE,EN,Federal Contract Tower,0,4,12,2,18,0,0,105,1,106,0,4,117,3,124,100,0,100,224
06/01/2009,GON,CT,ANE,EN,Federal Contract Tower,0,8,16,0,24,0,3,97,3,103,0,11,113,3,127,56,0,56,183
06/02/2009,GON,CT,ANE,EN,Federal Contract Tower,0,0,7,1,8,0,0,40,4,44,0,0,47,5,52,36,0,36,88
06/03/2009,GON,CT,ANE,EN,Federal Contract Tower,0,4,23,0,27,0,0,58,9,67,0,4,81,9,94,50,20,70,164
06/04/2009,GON,CT,ANE,EN,Federal Contract Tower,0,2,21,4,27,0,0,31,8,39,0,2,52,12,66,22,0,22,88
06/05/2009,GON,CT,ANE,EN,Federal Contract Tower,0,9,37,2,48,0,0,5,4,9,0,9,42,6,57,18,8,26,83
06/06/2009,GON,CT,ANE,EN,Federal Contract Tower,0,0,31,4,35,0,2,44,10,56,0,2,75,14,91,62,4,66,157
06/07/2009,GON,CT,ANE,EN,Federal Contract Tower,0,0,9,1,10,0,0,105,6,111,0,0,114,7,121,54,0,54,175
06/08/2009,GON,CT,ANE,EN,Federal Contract Tower,0,2,12,1,15,0,0,74,14,88,0,2,86,15,103,62,8,70,173
06/09/2009,GON,CT,ANE,EN,Federal Contract Tower,0,3,18,0,21,0,0,0,0,0,0,3,18,0,21,0,0,0,21
06/10/2009,GON,CT,ANE,EN,Federal Contract Tower,0,5,32,4,41,0,0,6,0,6,0,5,38,4,47,8,0,8,55
06/11/2009,GON,CT,ANE,EN,Federal Contract Tower,0,1,21,5,27,0,0,1,0,1,0,1,22,5,28,2,0,2,30
06/12/2009,GON,CT,ANE,EN,Federal Contract Tower,0,3,17,2,22,0,0,6,0,6,0,3,23,2,28,8,0,8,36
06/13/2009,GON,CT,ANE,EN,Federal Contract Tower,0,2,24,0,26,0,1,64,10,75,0,3,88,10,101,24,0,24,125
06/14/2009,GON,CT,ANE,EN,Federal Contract Tower,0,1,22,0,23,0,0,64,4,68,0,1,86,4,91,52,14,66,157
06/15/2009,GON,CT,ANE,EN,Federal Contract Tower,0,4,28,1,33,0,0,57,4,61,0,4,85,5,94,30,10,40,134
06/16/2009,GON,CT,ANE,EN,Federal Contract Tower,0,1,32,0,33,0,0,55,6,61,0,1,87,6,94,52,4,56,150
06/17/2009,GON,CT,ANE,EN,Federal Contract Tower,0,8,20,9,37,0,0,111,14,125,0,8,131,23,162,70,10,80,242
06/18/2009,GON,CT,ANE,EN,Federal Contract Tower,0,2,21,0,23,0,0,14,1,15,0,2,35,1,38,28,0,28,66
06/19/2009,GON,CT,ANE,EN,Federal Contract Tower,0,10,27,1,38,0,1,46,2,49,0,11,73,3,87,28,0,28,115
06/20/2009,GON,CT,ANE,EN,Federal Contract Tower,0,2,14,4,20,0,0,2,1,3,0,2,16,5,23,4,0,4,27
06/21/2009,GON,CT,ANE,EN,Federal Contract Tower,0,3,18,2,23,0,0,2,0,2,0,3,20,2,25,4,0,4,29
06/22/2009,GON,CT,ANE,EN,Federal Contract Tower,0,6,29,0,35,0,1,16,1,18,0,7,45,1,53,0,0,0,53
06/23/2009,GON,CT,ANE,EN,Federal Contract Tower,0,0,23,3,26,0,0,35,14,49,0,0,58,17,75,28,6,34,109
06/24/2009,GON,CT,ANE,EN,Federal Contract Tower,0,4,33,3,40,0,0,2,1,3,0,4,35,4,43,0,0,0,43
06/25/2009,GON,CT,ANE,EN,Federal Contract Tower,0,10,25,0,35,0,2,65,7,74,0,12,90,7,109,38,2,40,149
06/26/2009,GON,CT,ANE,EN,Federal Contract Tower,0,10,31,2,43,0,6,44,0,50,0,16,75,2,93,14,0,14,107
06/27/2009,GON,CT,ANE,EN,Federal Contract Tower,0,2,18,3,23,0,4,59,11,74,0,6,77,14,97,28,8,36,133
06/28/2009,GON,CT,ANE,EN,Federal Contract Tower,0,2,45,2,49,0,2,41,2,45,0,4,86,4,94,38,0,38,132
06/29/2009,GON,CT,ANE,EN,Federal Contract Tower,0,7,22,2,31,0,0,62,6,68,0,7,84,8,99,42,4,46,145
06/30/2009,GON,CT,ANE,EN,Federal Contract Tower,0,0,24,5,29,0,3,89,16,108,0,3,113,21,137,60,10,70,207
07/01/2009,GON,CT,ANE,EN,Federal Contract Tower,0,3,8,4,15,0,0,14,1,15,0,3,22,5,30,6,0,6,36
07/02/2009,GON,CT,ANE,EN,Federal Contract Tower,0,9,32,3,44,0,1,17,1,19,0,10,49,4,63,12,0,12,75
07/03/2009,GON,CT,ANE,EN,Federal Contract Tower,0,4,11,0,15,0,2,74,1,77,0,6,85,1,92,98,8,106,198
07/04/2009,GON,CT,ANE,EN,Federal Contract Tower,0,3,10,0,13,0,0,61,10,71,0,3,71,10,84,66,0,66,150
07/05/2009,GON,CT,ANE,EN,Federal Contract Tower,0,3,15,0,18,0,0,109,4,113,0,3,124,4,131,108,8,116,247
07/06/2009,GON,CT,ANE,EN,Federal Contract Tower,0,5,12,4,21,0,1,97,13,111,0,6,109,17,132,80,4,84,216
07/07/2009,GON,CT,ANE,EN,Federal Contract Tower,0,3,13,0,16,0,1,19,0,20,0,4,32,0,36,16,0,16,52
07/08/2009,GON,CT,ANE,EN,Federal Contract Tower,0,2,21,2,25,0,0,68,2,70,0,2,89,4,95,50,0,50,145
07/09/2009,GON,CT,ANE,EN,Federal Contract Tower,0,3,31,1,35,0,0,53,4,57,0,3,84,5,92,28,0,28,120
07/10/2009,GON,CT,ANE,EN,Federal Contract Tower,0,12,21,0,33,0,5,175,3,183,0,17,196,3,216,66,2,68,284
07/11/2009,GON,CT,ANE,EN,Federal Contract Tower,0,2,12,1,15,0,3,76,16,95,0,5,88,17,110,62,4,66,176
07/12/2009,GON,CT,ANE,EN,Federal Contract Tower,0,4,32,0,36,0,2,95,7,104,0,6,127,7,140,88,2,90,230
07/13/2009,GON,CT,ANE,EN,Federal Contract Tower,0,5,12,0,17,0,2,86,0,88,0,7,98,0,105,44,0,44,149
07/14/2009,GON,CT,ANE,EN,Federal Contract Tower,0,4,22,0,26,0,4,110,7,121,0,8,132,7,147,76,2,78,225
07/15/2009,GON,CT,ANE,EN,Federal Contract Tower,0,3,23,8,34,0,1,83,8,92,0,4,106,16,126,78,10,88,214
07/16/2009,GON,CT,ANE,EN,Federal Contract Tower,5,18,0,0,23,0,1,30,3,34,5,19,30,3,57,40,0,40,97
07/17/2009,GON,CT,ANE,EN,Federal Contract Tower,0,6,18,1,25,0,1,60,3,64,0,7,78,4,89,44,0,44,133
07/18/2009,GON,CT,ANE,EN,Federal Contract Tower,0,3,19,2,24,0,1,57,5,63,0,4,76,7,87,38,8,46,133
07/19/2009,GON,CT,ANE,EN,Federal Contract Tower,0,0,16,0,16,0,3,110,1,114,0,3,126,1,130,80,0,80,210
07/20/2009,GON,CT,ANE,EN,Federal Contract Tower,0,4,8,0,12,0,0,80,1,81,0,4,88,1,93,54,0,54,147
07/21/2009,GON,CT,ANE,EN,Federal Contract Tower,0,1,14,0,15,0,0,4,0,4,0,1,18,0,19,0,0,0,19
07/22/2009,GON,CT,ANE,EN,Federal Contract Tower,0,6,16,0,22,0,3,75,22,100,0,9,91,22,122,42,6,48,170
07/23/2009,GON,CT,ANE,EN,Federal Contract Tower,0,10,26,3,39,0,0,7,18,25,0,10,33,21,64,12,2,14,78
07/24/2009,GON,CT,ANE,EN,Federal Contract Tower,0,5,23,4,32,0,1,62,6,69,0,6,85,10,101,36,2,38,139
07/25/2009,GON,CT,ANE,EN,Federal Contract Tower,0,6,25,2,33,0,2,77,1,80,0,8,102,3,113,46,0,46,159
07/26/2009,GON,CT,ANE,EN,Federal Contract Tower,0,10,30,2,42,0,0,6,0,6,0,10,36,2,48,12,0,12,60
07/27/2009,GON,CT,ANE,EN,Federal Contract Tower,0,6,22,2,30,0,0,44,3,47,0,6,66,5,77,16,0,16,93
07/28/2009,GON,CT,ANE,EN,Federal Contract Tower,0,6,28,6,40,0,0,17,6,23,0,6,45,12,63,26,12,38,101
07/29/2009,GON,CT,ANE,EN,Federal Contract Tower,0,4,22,6,32,0,0,1,0,1,0,4,23,6,33,0,0,0,33
07/30/2009,GON,CT,ANE,EN,Federal Contract Tower,0,7,21,4,32,0,2,58,6,66,0,9,79,10,98,52,0,52,150
07/31/2009,GON,CT,ANE,EN,Federal Contract Tower,0,10,23,2,35,0,1,14,2,17,0,11,37,4,52,12,0,12,64
08/01/2009,GON,CT,ANE,EN,Federal Contract Tower,0,5,11,1,17,0,5,111,7,123,0,10,122,8,140,82,0,82,222
08/02/2009,GON,CT,ANE,EN,Federal Contract Tower,0,10,17,1,28,0,0,21,7,28,0,10,38,8,56,22,0,22,78
08/03/2009,GON,CT,ANE,EN,Federal Contract Tower,0,5,14,0,19,0,1,75,11,87,0,6,89,11,106,52,0,52,158
08/04/2009,GON,CT,ANE,EN,Federal Contract Tower,0,3,21,6,30,0,1,45,10,56,0,4,66,16,86,22,10,32,118
08/05/2009,GON,CT,ANE,EN,Federal Contract Tower,0,12,16,3,31,0,1,31,10,42,0,13,47,13,73,26,4,30,103
08/06/2009,GON,CT,ANE,EN,Federal Contract Tower,0,3,13,7,23,0,2,87,7,96,0,5,100,14,119,60,2,62,181
08/07/2009,GON,CT,ANE,EN,Federal Contract Tower,0,7,12,5,24,0,0,114,17,131,0,7,126,22,155,60,2,62,217
08/08/2009,GON,CT,ANE,EN,Federal Contract Tower,0,1,11,0,12,0,2,109,16,127,0,3,120,16,139,86,12,98,237
08/09/2009,GON,CT,ANE,EN,Federal Contract Tower,0,8,23,0,31,0,0,38,2,40,0,8,61,2,71,30,14,44,115
08/10/2009,GON,CT,ANE,EN,Federal Contract Tower,0,4,17,0,21,0,2,74,4,80,0,6,91,4,101,38,0,38,139
08/11/2009,GON,CT,ANE,EN,Federal Contract Tower,0,2,9,0,11,0,2,51,13,66,0,4,60,13,77,18,8,26,103
08/12/2009,GON,CT,ANE,EN,Federal Contract Tower,0,12,30,1,43,0,0,20,10,30,0,12,50,11,73,6,8,14,87
08/13/2009,GON,CT,ANE,EN,Federal Contract Tower,0,6,41,6,53,0,3,18,0,21,0,9,59,6,74,28,0,28,102
08/14/2009,GON,CT,ANE,EN,Federal Contract Tower,0,9,15,1,25,0,1,107,11,119,0,10,122,12,144,66,8,74,218
08/15/2009,GON,CT,ANE,EN,Federal Contract Tower,0,7,17,1,25,0,2,66,11,79,0,9,83,12,104,48,0,48,152
08/16/2009,GON,CT,ANE,EN,Federal Contract Tower,0,2,19,1,22,0,0,65,7,72,0,2,84,8,94,40,6,46,140
08/17/2009,GON,CT,ANE,EN,Federal Contract Tower,0,5,28,4,37,0,0,40,55,95,0,5,68,59,132,14,14,28,160
08/18/2009,GON,CT,ANE,EN,Federal Contract Tower,0,3,19,1,23,0,0,79,14,93,0,3,98,15,116,22,6,28,144
08/19/2009,GON,CT,ANE,EN,Federal Contract Tower,0,2,16,9,27,0,0,45,19,64,0,2,61,28,91,34,18,52,143
08/20/2009,GON,CT,ANE,EN,Federal Contract Tower,0,4,16,4,24,0,3,29,3,35,0,7,45,7,59,38,0,38,97
08/21/2009,GON,CT,ANE,EN,Federal Contract Tower,0,8,21,2,31,0,1,28,0,29,0,9,49,2,60,40,2,42,102
08/22/2009,GON,CT,ANE,EN,Federal Contract Tower,0,9,16,0,25,0,1,20,0,21,0,10,36,0,46,4,0,4,50
08/23/2009,GON,CT,ANE,EN,Federal Contract Tower,0,3,21,0,24,0,1,39,0,40,0,4,60,0,64,58,0,58,122
08/24/2009,GON,CT,ANE,EN,Federal Contract Tower,0,4,44,1,49,0,2,61,0,63,0,6,105,1,112,38,0,38,150
08/25/2009,GON,CT,ANE,EN,Federal Contract Tower,0,2,23,1,26,0,1,86,1,88,0,3,109,2,114,66,0,66,180
08/26/2009,GON,CT,ANE,EN,Federal Contract Tower,0,4,21,2,27,0,1,61,22,84,0,5,82,24,111,28,26,54,165
08/27/2009,GON,CT,ANE,EN,Federal Contract Tower,0,6,10,1,17,0,3,90,21,114,0,9,100,22,131,78,26,104,235
08/28/2009,GON,CT,ANE,EN,Federal Contract Tower,0,14,14,1,29,0,1,34,2,37,0,15,48,3,66,10,0,10,76
08/29/2009,GON,CT,ANE,EN,Federal Contract Tower,0,0,11,0,11,0,0,0,0,0,0,0,11,0,11,0,0,0,11
08/30/2009,GON,CT,ANE,EN,Federal Contract Tower,0,5,28,0,33,0,0,11,0,11,0,5,39,0,44,14,0,14,58
08/31/2009,GON,CT,ANE,EN,Federal Contract Tower,0,6,21,0,27,0,0,70,17,87,0,6,91,17,114,54,20,74,188
09/01/2009,GON,CT,ANE,EN,Federal Contract Tower,0,1,15,0,16,0,1,85,6,92,0,2,100,6,108,84,2,86,194
09/02/2009,GON,CT,ANE,EN,Federal Contract Tower,0,7,11,1,19,0,0,87,24,111,0,7,98,25,130,70,26,96,226
09/03/2009,GON,CT,ANE,EN,Federal Contract Tower,0,2,16,2,20,0,2,85,6,93,0,4,101,8,113,76,18,94,207
09/04/2009,GON,CT,ANE,EN,Federal Contract Tower,0,5,25,0,30,0,4,90,7,101,0,9,115,7,131,56,0,56,187
09/05/2009,GON,CT,ANE,EN,Federal Contract Tower,0,1,12,1,14,0,4,75,6,85,0,5,87,7,99,60,2,62,161
09/06/2009,GON,CT,ANE,EN,Federal Contract Tower,0,3,7,1,11,0,7,75,9,91,0,10,82,10,102,42,2,44,146
09/07/2009,GON,CT,ANE,EN,Federal Contract Tower,0,6,24,0,30,0,4,120,6,130,0,10,144,6,160,52,6,58,218
09/08/2009,GON,CT,ANE,EN,Federal Contract Tower,0,1,9,0,10,0,58,3,0,61,0,59,12,0,71,28,0,28,99
09/09/2009,GON,CT,ANE,EN,Federal Contract Tower,0,2,17,3,22,0,0,36,5,41,0,2,53,8,63,20,6,26,89
09/10/2009,GON,CT,ANE,EN,Federal Contract Tower,0,5,16,6,27,0,2,56,5,63,0,7,72,11,90,30,0,30,120
09/11/2009,GON,CT,ANE,EN,Federal Contract Tower,0,7,18,2,27,0,0,0,0,0,0,7,18,2,27,0,0,0,27
09/12/2009,GON,CT,ANE,EN,Federal Contract Tower,0,4,34,0,38,0,0,0,0,0,0,4,34,0,38,0,0,0,38
09/13/2009,GON,CT,ANE,EN,Federal Contract Tower,0,8,29,2,39,0,0,60,3,63,0,8,89,5,102,42,0,42,144
09/14/2009,GON,CT,ANE,EN,Federal Contract Tower,0,7,9,0,16,0,2,92,11,105,0,9,101,11,121,24,0,24,145
09/15/2009,GON,CT,ANE,EN,Federal Contract Tower,0,1,8,0,9,0,1,72,15,88,0,2,80,15,97,14,4,18,115
09/16/2009,GON,CT,ANE,EN,Federal Contract Tower,0,4,22,4,30,0,0,14,9,23,0,4,36,13,53,8,18,26,79
09/17/2009,GON,CT,ANE,EN,Federal Contract Tower,0,2,11,0,13,0,1,80,11,92,0,3,91,11,105,44,2,46,151
09/18/2009,GON,CT,ANE,EN,Federal Contract Tower,0,11,14,3,28,0,4,81,19,104,0,15,95,22,132,40,2,42,174
09/19/2009,GON,CT,ANE,EN,Federal Contract Tower,0,3,9,4,16,0,0,61,9,70,0,3,70,13,86,48,24,72,158
09/20/2009,GON,CT,ANE,EN,Federal Contract Tower,0,1,26,0,27,0,1,90,7,98,0,2,116,7,125,48,4,52,177
09/21/2009,GON,CT,ANE,EN,Federal Contract Tower,0,5,14,7,26,0,1,62,12,75,0,6,76,19,101,70,6,76,177
09/22/2009,GON,CT,ANE,EN,Federal Contract Tower,0,4,20,8,32,0,0,48,34,82,0,4,68,42,114,36,28,64,178
09/23/2009,GON,CT,ANE,EN,Federal Contract Tower,0,5,30,2,37,0,0,44,6,50,0,5,74,8,87,22,6,28,115
09/24/2009,GON,CT,ANE,EN,Federal Contract Tower,0,3,14,4,21,0,1,84,23,108,0,4,98,27,129,42,16,58,187
09/25/2009,GON,CT,ANE,EN,Federal Contract Tower,0,7,14,0,21,0,0,92,12,104,0,7,106,12,125,40,4,44,169
09/26/2009,GON,CT,ANE,EN,Federal Contract Tower,0,2,13,2,17,0,0,74,7,81,0,2,87,9,98,38,4,42,140
09/27/2009,GON,CT,ANE,EN,Federal Contract Tower,0,1,7,0,8,0,0,0,0,0,0,1,7,0,8,0,0,0,8
09/28/2009,GON,CT,ANE,EN,Federal Contract Tower,0,4,15,1,20,0,0,56,5,61,0,4,71,6,81,4,4,8,89
09/29/2009,GON,CT,ANE,EN,Federal Contract Tower,0,3,7,7,17,0,0,35,5,40,0,3,42,12,57,12,6,18,75
09/30/2009,GON,CT,ANE,EN,Federal Contract Tower,0,5,23,5,33,0,4,50,3,57,0,9,73,8,90,36,0,36,126
10/01/2009,GON,CT,ANE,EN,Federal Contract Tower,0,4,22,3,29,0,0,82,5,87,0,4,104,8,116,62,6,68,184
10/02/2009,GON,CT,ANE,EN,Federal Contract Tower,0,8,25,0,33,0,1,74,1,76,0,9,99,1,109,40,0,40,149
10/03/2009,GON,CT,ANE,EN,Federal Contract Tower,0,5,7,0,12,0,0,0,0,0,0,5,7,0,12,2,0,2,14
10/04/2009,GON,CT,ANE,EN,Federal Contract Tower,0,3,20,0,23,0,0,32,1,33,0,3,52,1,56,56,0,56,112
10/05/2009,GON,CT,ANE,EN,Federal Contract Tower,0,3,12,0,15,0,1,70,1,72,0,4,82,1,87,4,0,4,91
10/06/2009,GON,CT,ANE,EN,Federal Contract Tower,0,0,15,1,16,0,0,83,3,86,0,0,98,4,102,56,0,56,158
10/07/2009,GON,CT,ANE,EN,Federal Contract Tower,0,4,13,2,19,0,0,4,0,4,0,4,17,2,23,0,0,0,23
10/08/2009,GON,CT,ANE,EN,Federal Contract Tower,0,3,17,6,26,0,0,63,8,71,0,3,80,14,97,40,6,46,143
10/09/2009,GON,CT,ANE,EN,Federal Contract Tower,0,10,20,0,30,0,0,40,2,42,0,10,60,2,72,18,0,18,90
10/10/2009,GON,CT,ANE,EN,Federal Contract Tower,0,1,14,0,15,0,0,44,2,46,0,1,58,2,61,34,0,34,95
10/11/2009,GON,CT,ANE,EN,Federal Contract Tower,0,3,22,1,26,0,2,77,0,79,0,5,99,1,105,68,0,68,173
10/12/2009,GON,CT,ANE,EN,Federal Contract Tower,0,4,10,2,16,0,0,85,4,89,0,4,95,6,105,52,0,52,157
10/13/2009,GON,CT,ANE,EN,Federal Contract Tower,0,3,17,0,20,0,0,30,12,42,0,3,47,12,62,8,6,14,76
10/14/2009,GON,CT,ANE,EN,Federal Contract Tower,0,2,20,3,25,0,1,64,7,72,0,3,84,10,97,52,6,58,155
10/15/2009,GON,CT,ANE,EN,Federal Contract Tower,0,1,12,2,15,0,0,29,6,35,0,1,41,8,50,32,0,32,82
10/16/2009,GON,CT,ANE,EN,Federal Contract Tower,0,6,7,0,13,0,0,5,0,5,0,6,12,0,18,0,0,0,18
10/17/2009,GON,CT,ANE,EN,Federal Contract Tower,0,3,8,0,11,0,0,25,0,25,0,3,33,0,36,8,0,8,44
10/18/2009,GON,CT,ANE,EN,Federal Contract Tower,0,2,6,0,8,0,0,1,0,1,0,2,7,0,9,0,0,0,9
10/19/2009,GON,CT,ANE,EN,Federal Contract Tower,0,3,11,1,15,0,0,72,10,82,0,3,83,11,97,44,0,44,141
10/20/2009,GON,CT,ANE,EN,Federal Contract Tower,0,1,15,2,18,0,0,55,8,63,0,1,70,10,81,32,2,34,115
10/21/2009,GON,CT,ANE,EN,Federal Contract Tower,0,4,17,0,21,0,0,76,11,87,0,4,93,11,108,56,2,58,166
10/22/2009,GON,CT,ANE,EN,Federal Contract Tower,0,6,13,3,22,0,0,81,3,84,0,6,94,6,106,38,0,38,144
10/23/2009,GON,CT,ANE,EN,Federal Contract Tower,0,4,19,1,24,0,0,53,14,67,0,4,72,15,91,34,4,38,129
10/24/2009,GON,CT,ANE,EN,Federal Contract Tower,0,1,4,0,5,0,0,2,0,2,0,1,6,0,7,0,0,0,7
10/25/2009,GON,CT,ANE,EN,Federal Contract Tower,0,1,19,0,20,0,0,67,4,71,0,1,86,4,91,22,14,36,127
10/26/2009,GON,CT,ANE,EN,Federal Contract Tower,0,5,17,1,23,0,1,58,2,61,0,6,75,3,84,48,0,48,132
10/27/2009,GON,CT,ANE,EN,Federal Contract Tower,0,9,20,2,31,0,0,16,6,22,0,9,36,8,53,14,0,14,67
10/28/2009,GON,CT,ANE,EN,Federal Contract Tower,0,4,12,0,16,0,0,1,0,1,0,4,13,0,17,4,0,4,21
10/29/2009,GON,CT,ANE,EN,Federal Contract Tower,0,4,19,4,27,0,1,98,13,112,0,5,117,17,139,40,8,48,187
10/30/2009,GON,CT,ANE,EN,Federal Contract Tower,0,2,29,2,33,0,0,91,12,103,0,2,120,14,136,24,4,28,164
10/31/2009,GON,CT,ANE,EN,Federal Contract Tower,0,1,7,0,8,0,0,0,0,0,0,1,7,0,8,0,0,0,8
11/01/2009,GON,CT,ANE,EN,Federal Contract Tower,0,2,15,0,17,0,0,49,0,49,0,2,64,0,66,14,0,14,80
11/02/2009,GON,CT,ANE,EN,Federal Contract Tower,0,2,16,10,28,0,0,27,8,35,0,2,43,18,63,4,4,8,71
11/03/2009,GON,CT,ANE,EN,Federal Contract Tower,0,1,11,4,16,0,0,62,7,69,0,1,73,11,85,44,2,46,131
11/04/2009,GON,CT,ANE,EN,Federal Contract Tower,0,6,18,4,28,0,0,52,5,57,0,6,70,9,85,26,0,26,111
11/05/2009,GON,CT,ANE,EN,Federal Contract Tower,0,2,14,0,16,0,0,34,4,38,0,2,48,4,54,4,2,6,60
11/06/2009,GON,CT,ANE,EN,Federal Contract Tower,0,5,8,2,15,0,0,33,8,41,0,5,41,10,56,6,0,6,62
11/07/2009,GON,CT,ANE,EN,Federal Contract Tower,0,0,15,0,15,0,0,85,4,89,0,0,100,4,104,36,0,36,140
11/08/2009,GON,CT,ANE,EN,Federal Contract Tower,0,0,12,0,12,0,0,97,8,105,0,0,109,8,117,88,2,90,207
11/09/2009,GON,CT,ANE,EN,Federal Contract Tower,0,4,16,0,20,0,0,63,12,75,0,4,79,12,95,42,2,44,139
11/10/2009,GON,CT,ANE,EN,Federal Contract Tower,0,0,18,4,22,0,0,34,4,38,0,0,52,8,60,12,0,12,72
11/11/2009,GON,CT,ANE,EN,Federal Contract Tower,0,0,5,0,5,0,0,40,5,45,0,0,45,5,50,10,0,10,60
11/12/2009,GON,CT,ANE,EN,Federal Contract Tower,0,2,13,1,16,0,0,30,4,34,0,2,43,5,50,0,2,2,52
11/13/2009,GON,CT,ANE,EN,Federal Contract Tower,0,0,2,15,17,0,0,9,2,11,0,0,11,17,28,4,0,4,32
11/14/2009,GON,CT,ANE,EN,Federal Contract Tower,0,1,18,4,23,0,0,0,0,0,0,1,18,4,23,0,0,0,23
11/15/2009,GON,CT,ANE,EN,Federal Contract Tower,0,4,33,6,43,0,1,15,0,16,0,5,48,6,59,8,0,8,67
11/16/2009,GON,CT,ANE,EN,Federal Contract Tower,0,8,15,2,25,0,0,59,2,61,0,8,74,4,86,26,2,28,114
11/17/2009,GON,CT,ANE,EN,Federal Contract Tower,0,2,13,0,15,0,0,58,5,63,0,2,71,5,78,30,0,30,108
11/18/2009,GON,CT,ANE,EN,Federal Contract Tower,0,7,31,9,47,0,0,60,9,69,0,7,91,18,116,36,4,40,156
11/19/2009,GON,CT,ANE,EN,Federal Contract Tower,0,2,18,2,22,0,0,35,2,37,0,2,53,4,59,12,0,12,71
11/20/2009,GON,CT,ANE,EN,Federal Contract Tower,0,6,18,0,24,0,0,43,7,50,0,6,61,7,74,30,0,30,104
11/21/2009,GON,CT,ANE,EN,Federal Contract Tower,0,1,21,3,25,0,0,97,7,104,0,1,118,10,129,46,1,47,176
11/22/2009,GON,CT,ANE,EN,Federal Contract Tower,0,1,7,0,8,0,0,91,3,94,0,1,98,3,102,74,0,74,176
11/23/2009,GON,CT,ANE,EN,Federal Contract Tower,0,4,23,6,33,0,0,11,6,17,0,4,34,12,50,8,2,10,60
11/24/2009,GON,CT,ANE,EN,Federal Contract Tower,0,1,27,8,36,0,0,9,4,13,0,1,36,12,49,2,16,18,67
11/25/2009,GON,CT,ANE,EN,Federal Contract Tower,0,2,17,2,21,0,0,0,0,0,0,2,17,2,21,0,0,0,21
11/26/2009,GON,CT,ANE,EN,Federal Contract Tower,0,2,17,0,19,0,0,0,0,0,0,2,17,0,19,0,0,0,19
11/27/2009,GON,CT,ANE,EN,Federal Contract Tower,0,3,7,0,10,0,0,17,2,19,0,3,24,2,29,6,10,16,45
11/28/2009,GON,CT,ANE,EN,Federal Contract Tower,0,0,3,0,3,0,0,19,0,19,0,0,22,0,22,2,0,2,24
11/29/2009,GON,CT,ANE,EN,Federal Contract Tower,0,4,22,3,29,0,0,106,0,106,0,4,128,3,135,64,0,64,199
11/30/2009,GON,CT,ANE,EN,Federal Contract Tower,0,4,21,2,27,0,0,25,1,26,0,4,46,3,53,22,6,28,81
12/01/2009,GON,CT,ANE,EN,Federal Contract Tower,0,6,13,2,21,0,0,45,8,53,0,6,58,10,74,34,0,34,108
12/02/2009,GON,CT,ANE,EN,Federal Contract Tower,0,1,12,4,17,0,0,67,13,80,0,1,79,17,97,18,20,38,135
12/03/2009,GON,CT,ANE,EN,Federal Contract Tower,0,3,7,2,12,0,0,24,1,25,0,3,31,3,37,24,4,28,65
12/04/2009,GON,CT,ANE,EN,Federal Contract Tower,0,6,20,7,33,0,0,97,11,108,0,6,117,18,141,56,6,62,203
12/05/2009,GON,CT,ANE,EN,Federal Contract Tower,0,3,7,7,17,0,0,2,0,2,0,3,9,7,19,0,0,0,19
12/06/2009,GON,CT,ANE,EN,Federal Contract Tower,0,4,11,0,15,0,0,46,3,49,0,4,57,3,64,14,0,14,78
12/07/2009,GON,CT,ANE,EN,Federal Contract Tower,0,5,11,2,18,0,0,40,12,52,0,5,51,14,70,30,6,36,106
12/08/2009,GON,CT,ANE,EN,Federal Contract Tower,0,6,11,3,20,0,1,67,9,77,0,7,78,12,97,32,2,34,131
12/09/2009,GON,CT,ANE,EN,Federal Contract Tower,0,4,8,0,12,0,0,0,0,0,0,4,8,0,12,0,0,0,12
12/10/2009,GON,CT,ANE,EN,Federal Contract Tower,0,1,5,2,8,0,0,41,13,54,0,1,46,15,62,22,10,32,94
12/11/2009,GON,CT,ANE,EN,Federal Contract Tower,0,3,6,0,9,0,0,30,0,30,0,3,36,0,39,10,0,10,49
12/12/2009,GON,CT,ANE,EN,Federal Contract Tower,0,1,13,2,16,0,0,63,5,68,0,1,76,7,84,30,4,34,118
12/13/2009,GON,CT,ANE,EN,Federal Contract Tower,0,1,9,0,10,0,0,38,0,38,0,1,47,0,48,36,0,36,84
12/14/2009,GON,CT,ANE,EN,Federal Contract Tower,0,7,28,0,35,0,0,72,2,74,0,7,100,2,109,24,0,24,133
12/15/2009,GON,CT,ANE,EN,Federal Contract Tower,0,0,9,0,9,0,0,19,3,22,0,0,28,3,31,12,0,12,43
12/16/2009,GON,CT,ANE,EN,Federal Contract Tower,0,2,23,7,32,0,0,29,0,29,0,2,52,7,61,14,0,14,75
12/17/2009,GON,CT,ANE,EN,Federal Contract Tower,0,1,7,2,10,0,0,51,7,58,0,1,58,9,68,26,4,30,98
12/18/2009,GON,CT,ANE,EN,Federal Contract Tower,0,2,4,4,10,0,0,60,12,72,0,2,64,16,82,32,6,38,120
12/19/2009,GON,CT,ANE,EN,Federal Contract Tower,0,2,6,1,9,0,0,21,1,22,0,2,27,2,31,4,4,8,39
12/20/2009,GON,CT,ANE,EN,Federal Contract Tower,0,0,2,0,2,0,0,0,0,0,0,0,2,0,2,0,0,0,2
12/21/2009,GON,CT,ANE,EN,Federal Contract Tower,0,1,7,0,8,0,0,9,0,9,0,1,16,0,17,2,0,2,19
12/22/2009,GON,CT,ANE,EN,Federal Contract Tower,0,0,7,3,10,0,0,30,5,35,0,0,37,8,45,44,10,54,99
12/23/2009,GON,CT,ANE,EN,Federal Contract Tower,0,1,11,1,13,0,0,33,8,41,0,1,44,9,54,6,10,16,70
12/24/2009,GON,CT,ANE,EN,Federal Contract Tower,0,0,8,0,8,0,0,22,0,22,0,0,30,0,30,16,0,16,46
12/25/2009,GON,CT,ANE,EN,Federal Contract Tower,0,0,0,0,0,0,0,0,0,0,0,0,0,0,0,0,0,0,0
12/26/2009,GON,CT,ANE,EN,Federal Contract Tower,0,4,7,0,11,0,0,0,0,0,0,4,7,0,11,0,0,0,11
12/27/2009,GON,CT,ANE,EN,Federal Contract Tower,0,3,13,1,17,0,1,15,0,16,0,4,28,1,33,2,0,2,35
12/28/2009,GON,CT,ANE,EN,Federal Contract Tower,0,5,5,0,10,0,0,22,0,22,0,5,27,0,32,4,0,4,36
12/29/2009,GON,CT,ANE,EN,Federal Contract Tower,0,0,9,0,9,0,0,2,0,2,0,0,11,0,11,0,0,0,11
12/30/2009,GON,CT,ANE,EN,Federal Contract Tower,0,1,6,0,7,0,0,71,28,99,0,1,77,28,106,42,14,56,162
12/31/2009,GON,CT,ANE,EN,Federal Contract Tower,0,0,6,0,6,0,0,1,0,1,0,0,7,0,7,0,0,0,7
01/01/2010,GON,CT,ANE,EN,Federal Contract Tower,0,0,5,0,5,0,0,1,0,1,0,0,6,0,6,0,0,0,6
01/02/2010,GON,CT,ANE,EN,Federal Contract Tower,0,0,4,0,4,0,0,2,0,2,0,0,6,0,6,0,0,0,6
01/03/2010,GON,CT,ANE,EN,Federal Contract Tower,0,0,4,0,4,0,0,0,0,0,0,0,4,0,4,0,0,0,4
01/04/2010,GON,CT,ANE,EN,Federal Contract Tower,0,1,4,0,5,0,0,12,5,17,0,1,16,5,22,0,0,0,22
01/05/2010,GON,CT,ANE,EN,Federal Contract Tower,0,0,11,4,15,0,0,50,8,58,0,0,61,12,73,23,0,23,96
01/06/2010,GON,CT,ANE,EN,Federal Contract Tower,0,3,14,2,19,0,0,35,8,43,0,3,49,10,62,12,0,12,74
01/07/2010,GON,CT,ANE,EN,Federal Contract Tower,0,1,12,12,25,0,0,51,25,76,0,1,63,37,101,38,10,48,149
01/08/2010,GON,CT,ANE,EN,Federal Contract Tower,0,3,8,1,12,0,0,12,0,12,0,3,20,1,24,0,0,0,24
01/09/2010,GON,CT,ANE,EN,Federal Contract Tower,0,1,11,0,12,0,0,57,8,65,0,1,68,8,77,48,0,48,125
01/10/2010,GON,CT,ANE,EN,Federal Contract Tower,0,3,1,0,4,0,0,60,4,64,0,3,61,4,68,52,0,52,120
01/11/2010,GON,CT,ANE,EN,Federal Contract Tower,0,3,15,0,18,0,0,43,3,46,0,3,58,3,64,30,0,30,94
01/12/2010,GON,CT,ANE,EN,Federal Contract Tower,0,1,14,2,17,0,0,22,15,37,0,1,36,17,54,16,4,20,74
01/13/2010,GON,CT,ANE,EN,Federal Contract Tower,0,1,12,1,14,0,0,23,16,39,0,1,35,17,53,28,30,58,111
01/14/2010,GON,CT,ANE,EN,Federal Contract Tower,0,1,15,5,21,0,0,96,12,108,0,1,111,17,129,76,12,88,217
01/15/2010,GON,CT,ANE,EN,Federal Contract Tower,0,5,18,2,25,0,0,45,11,56,0,5,63,13,81,54,4,58,139
01/16/2010,GON,CT,ANE,EN,Federal Contract Tower,0,0,15,4,19,0,0,79,4,83,0,0,94,8,102,48,14,62,164
01/17/2010,GON,CT,ANE,EN,Federal Contract Tower,0,3,9,0,12,0,1,22,1,24,0,4,31,1,36,18,2,20,56
01/18/2010,GON,CT,ANE,EN,Federal Contract Tower,0,2,5,0,7,0,0,10,0,10,0,2,15,0,17,6,0,6,23
01/19/2010,GON,CT,ANE,EN,Federal Contract Tower,0,1,7,2,10,0,0,0,0,0,0,1,7,2,10,0,0,0,10
01/20/2010,GON,CT,ANE,EN,Federal Contract Tower,0,1,15,1,17,0,0,26,8,34,0,1,41,9,51,14,0,14,65
01/21/2010,GON,CT,ANE,EN,Federal Contract Tower,0,2,8,0,10,0,0,59,2,61,0,2,67,2,71,28,0,28,99
01/22/2010,GON,CT,ANE,EN,Federal Contract Tower,0,4,8,0,12,0,2,31,4,37,0,6,39,4,49,18,0,18,67
01/23/2010,GON,CT,ANE,EN,Federal Contract Tower,0,0,1,2,3,0,0,109,11,120,0,0,110,13,123,52,0,52,175
01/24/2010,GON,CT,ANE,EN,Federal Contract Tower,0,4,8,1,13,0,0,22,0,22,0,4,30,1,35,22,2,24,59
01/25/2010,GON,CT,ANE,EN,Federal Contract Tower,0,1,7,0,8,0,0,0,0,0,0,1,7,0,8,0,0,0,8
01/26/2010,GON,CT,ANE,EN,Federal Contract Tower,0,0,14,3,17,0,6,26,3,35,0,6,40,6,52,6,0,6,58
01/27/2010,GON,CT,ANE,EN,Federal Contract Tower,0,3,20,0,23,0,0,69,6,75,0,3,89,6,98,86,0,86,184
01/28/2010,GON,CT,ANE,EN,Federal Contract Tower,0,1,7,1,9,0,0,8,2,10,0,1,15,3,19,2,0,2,21
01/29/2010,GON,CT,ANE,EN,Federal Contract Tower,0,1,8,3,12,0,0,10,1,11,0,1,18,4,23,0,2,2,25
01/30/2010,GON,CT,ANE,EN,Federal Contract Tower,0,0,5,0,5,0,0,35,0,35,0,0,40,0,40,22,0,22,62
01/31/2010,GON,CT,ANE,EN,Federal Contract Tower,0,0,9,1,10,0,0,68,22,90,0,0,77,23,100,40,52,92,192
02/01/2010,GON,CT,ANE,EN,Federal Contract Tower,0,4,8,2,14,0,0,45,6,51,0,4,53,8,65,12,0,12,77
02/02/2010,GON,CT,ANE,EN,Federal Contract Tower,0,2,7,0,9,0,0,34,6,40,0,2,41,6,49,44,16,60,109
02/03/2010,GON,CT,ANE,EN,Federal Contract Tower,0,2,11,6,19,0,0,14,8,22,0,2,25,14,41,0,28,28,69
02/04/2010,GON,CT,ANE,EN,Federal Contract Tower,0,3,13,3,19,0,1,66,9,76,0,4,79,12,95,34,2,36,131
02/05/2010,GON,CT,ANE,EN,Federal Contract Tower,0,4,9,1,14,0,0,46,7,53,0,4,55,8,67,30,2,32,99
02/06/2010,GON,CT,ANE,EN,Federal Contract Tower,0,0,4,0,4,0,0,15,0,15,0,0,19,0,19,4,0,4,23
02/07/2010,GON,CT,ANE,EN,Federal Contract Tower,0,1,18,0,19,0,0,39,0,39,0,1,57,0,58,48,0,48,106
02/08/2010,GON,CT,ANE,EN,Federal Contract Tower,0,4,10,2,16,0,0,38,2,40,0,4,48,4,56,16,2,18,74
02/09/2010,GON,CT,ANE,EN,Federal Contract Tower,0,4,10,1,15,0,2,44,6,52,0,6,54,7,67,34,8,42,109
02/10/2010,GON,CT,ANE,EN,Federal Contract Tower,0,0,0,0,0,0,0,0,0,0,0,0,0,0,0,0,0,0,0
02/11/2010,GON,CT,ANE,EN,Federal Contract Tower,0,2,8,0,10,0,0,23,8,31,0,2,31,8,41,0,0,0,41
02/12/2010,GON,CT,ANE,EN,Federal Contract Tower,0,3,13,3,19,0,0,48,4,52,0,3,61,7,71,38,0,38,109
02/13/2010,GON,CT,ANE,EN,Federal Contract Tower,0,0,10,0,10,0,0,49,0,49,0,0,59,0,59,16,0,16,75
02/14/2010,GON,CT,ANE,EN,Federal Contract Tower,0,6,3,0,9,0,0,28,0,28,0,6,31,0,37,2,0,2,39
02/15/2010,GON,CT,ANE,EN,Federal Contract Tower,0,4,7,0,11,0,0,44,2,46,0,4,51,2,57,16,0,16,73
02/16/2010,GON,CT,ANE,EN,Federal Contract Tower,0,2,4,2,8,0,0,0,0,0,0,2,4,2,8,0,0,0,8
02/17/2010,GON,CT,ANE,EN,Federal Contract Tower,0,4,9,1,14,0,0,16,11,27,0,4,25,12,41,20,46,66,107
02/18/2010,GON,CT,ANE,EN,Federal Contract Tower,0,1,8,0,9,0,0,32,16,48,0,1,40,16,57,30,16,46,103
02/19/2010,GON,CT,ANE,EN,Federal Contract Tower,0,7,7,0,14,0,0,24,10,34,0,7,31,10,48,42,6,48,96
02/20/2010,GON,CT,ANE,EN,Federal Contract Tower,0,3,10,1,14,0,0,70,8,78,0,3,80,9,92,64,8,72,164
02/21/2010,GON,CT,ANE,EN,Federal Contract Tower,0,3,22,1,26,0,0,61,4,65,0,3,83,5,91,42,0,42,133
02/22/2010,GON,CT,ANE,EN,Federal Contract Tower,0,2,15,0,17,0,0,78,1,79,0,2,93,1,96,50,0,50,146
02/23/2010,GON,CT,ANE,EN,Federal Contract Tower,0,0,2,0,2,0,0,0,2,2,0,0,2,2,4,0,0,0,4
02/24/2010,GON,CT,ANE,EN,Federal Contract Tower,0,2,5,5,12,0,0,0,0,0,0,2,5,5,12,2,0,2,14
02/25/2010,GON,CT,ANE,EN,Federal Contract Tower,0,3,0,2,5,0,0,0,0,0,0,3,0,2,5,0,0,0,5
02/26/2010,GON,CT,ANE,EN,Federal Contract Tower,0,4,1,0,5,0,0,0,0,0,0,4,1,0,5,0,0,0,5
02/27/2010,GON,CT,ANE,EN,Federal Contract Tower,0,0,16,2,18,0,0,21,10,31,0,0,37,12,49,26,30,56,105
02/28/2010,GON,CT,ANE,EN,Federal Contract Tower,0,4,8,1,13,0,0,23,10,33,0,4,31,11,46,14,14,28,74
03/01/2010,GON,CT,ANE,EN,Federal Contract Tower,0,3,12,0,15,0,0,14,0,14,0,3,26,0,29,6,0,6,35
03/02/2010,GON,CT,ANE,EN,Federal Contract Tower,0,0,8,1,9,0,0,62,5,67,0,0,70,6,76,30,2,32,108
03/03/2010,GON,CT,ANE,EN,Federal Contract Tower,0,4,6,0,10,0,0,0,0,0,0,4,6,0,10,0,0,0,10
03/04/2010,GON,CT,ANE,EN,Federal Contract Tower,0,1,18,0,19,0,0,15,6,21,0,1,33,6,40,44,4,48,88
03/05/2010,GON,CT,ANE,EN,Federal Contract Tower,0,6,11,0,17,0,0,45,8,53,0,6,56,8,70,36,4,40,110
03/06/2010,GON,CT,ANE,EN,Federal Contract Tower,0,0,19,2,21,0,1,112,9,122,0,1,131,11,143,84,24,108,251
03/07/2010,GON,CT,ANE,EN,Federal Contract Tower,0,0,18,0,18,0,1,90,5,96,0,1,108,5,114,90,6,96,210
03/08/2010,GON,CT,ANE,EN,Federal Contract Tower,0,2,9,0,11,0,0,55,2,57,0,2,64,2,68,40,0,40,108
03/09/2010,GON,CT,ANE,EN,Federal Contract Tower,0,0,9,2,11,0,0,85,4,89,0,0,94,6,100,78,2,80,180
03/10/2010,GON,CT,ANE,EN,Federal Contract Tower,0,3,17,5,25,0,0,80,4,84,0,3,97,9,109,34,2,36,145
03/11/2010,GON,CT,ANE,EN,Federal Contract Tower,0,1,14,2,17,0,0,34,7,41,0,1,48,9,58,48,0,48,106
03/12/2010,GON,CT,ANE,EN,Federal Contract Tower,0,3,16,0,19,0,0,12,2,14,0,3,28,2,33,4,2,6,39
03/13/2010,GON,CT,ANE,EN,Federal Contract Tower,0,0,2,0,2,0,0,0,0,0,0,0,2,0,2,0,0,0,2
03/14/2010,GON,CT,ANE,EN,Federal Contract Tower,0,0,9,0,9,0,0,0,0,0,0,0,9,0,9,0,0,0,9
03/15/2010,GON,CT,ANE,EN,Federal Contract Tower,0,2,6,1,9,0,0,0,0,0,0,2,6,1,9,0,0,0,9
03/16/2010,GON,CT,ANE,EN,Federal Contract Tower,0,0,4,0,4,0,0,42,8,50,0,0,46,8,54,34,4,38,92
03/17/2010,GON,CT,ANE,EN,Federal Contract Tower,0,4,10,2,16,0,0,59,11,70,0,4,69,13,86,38,2,40,126
03/18/2010,GON,CT,ANE,EN,Federal Contract Tower,0,1,17,2,20,0,0,67,7,74,0,1,84,9,94,40,4,44,138
03/19/2010,GON,CT,ANE,EN,Federal Contract Tower,0,2,10,0,12,0,0,102,9,111,0,2,112,9,123,56,0,56,179
03/20/2010,GON,CT,ANE,EN,Federal Contract Tower,0,0,9,1,10,0,0,107,30,137,0,0,116,31,147,36,42,78,225
03/21/2010,GON,CT,ANE,EN,Federal Contract Tower,0,0,15,2,17,0,0,72,11,83,0,0,87,13,100,90,20,110,210
03/22/2010,GON,CT,ANE,EN,Federal Contract Tower,0,7,9,0,16,0,0,0,0,0,0,7,9,0,16,0,0,0,16
03/23/2010,GON,CT,ANE,EN,Federal Contract Tower,0,0,9,0,9,0,0,0,0,0,0,0,9,0,9,0,0,0,9
03/24/2010,GON,CT,ANE,EN,Federal Contract Tower,0,0,21,2,23,0,0,23,6,29,0,0,44,8,52,4,0,4,56
03/25/2010,GON,CT,ANE,EN,Federal Contract Tower,0,3,12,6,21,0,0,55,11,66,0,3,67,17,87,28,8,36,123
03/26/2010,GON,CT,ANE,EN,Federal Contract Tower,0,2,16,3,21,0,0,26,8,34,0,2,42,11,55,4,0,4,59
03/27/2010,GON,CT,ANE,EN,Federal Contract Tower,0,0,18,0,18,0,0,78,6,84,0,0,96,6,102,32,0,32,134
03/28/2010,GON,CT,ANE,EN,Federal Contract Tower,0,0,12,0,12,0,0,39,0,39,0,0,51,0,51,70,0,70,121
03/29/2010,GON,CT,ANE,EN,Federal Contract Tower,0,4,2,0,6,0,0,0,0,0,0,4,2,0,6,0,0,0,6
03/30/2010,GON,CT,ANE,EN,Federal Contract Tower,0,1,4,0,5,0,0,0,0,0,0,1,4,0,5,0,0,0,5
03/31/2010,GON,CT,ANE,EN,Federal Contract Tower,0,6,11,0,17,0,0,13,12,25,0,6,24,12,42,16,14,30,72
04/01/2010,GON,CT,ANE,EN,Federal Contract Tower,0,3,5,2,10,0,0,75,17,92,0,3,80,19,102,38,2,40,142
04/02/2010,GON,CT,ANE,EN,Federal Contract Tower,0,1,10,0,11,0,0,87,18,105,0,1,97,18,116,72,18,90,206
04/03/2010,GON,CT,ANE,EN,Federal Contract Tower,0,0,8,1,9,0,0,71,7,78,0,0,79,8,87,40,8,48,135
04/04/2010,GON,CT,ANE,EN,Federal Contract Tower,0,1,8,0,9,0,0,28,0,28,0,1,36,0,37,22,0,22,59
04/05/2010,GON,CT,ANE,EN,Federal Contract Tower,0,5,20,2,27,0,0,45,19,64,0,5,65,21,91,44,32,76,167
04/06/2010,GON,CT,ANE,EN,Federal Contract Tower,0,1,13,4,18,0,0,54,10,64,0,1,67,14,82,68,6,74,156
04/07/2010,GON,CT,ANE,EN,Federal Contract Tower,0,3,13,0,16,0,0,44,16,60,0,3,57,16,76,24,2,26,102
04/08/2010,GON,CT,ANE,EN,Federal Contract Tower,0,4,19,0,23,0,0,64,21,85,0,4,83,21,108,34,18,52,160
04/09/2010,GON,CT,ANE,EN,Federal Contract Tower,0,2,19,1,22,0,0,1,0,1,0,2,20,1,23,0,0,0,23
04/10/2010,GON,CT,ANE,EN,Federal Contract Tower,0,0,11,2,13,0,0,54,1,55,0,0,65,3,68,28,0,28,96
04/11/2010,GON,CT,ANE,EN,Federal Contract Tower,0,3,29,0,32,0,0,63,5,68,0,3,92,5,100,74,2,76,176
04/12/2010,GON,CT,ANE,EN,Federal Contract Tower,0,4,12,1,17,0,0,54,5,59,0,4,66,6,76,40,6,46,122
04/13/2010,GON,CT,ANE,EN,Federal Contract Tower,0,4,12,6,22,0,0,58,14,72,0,4,70,20,94,40,32,72,166
04/14/2010,GON,CT,ANE,EN,Federal Contract Tower,0,7,15,3,25,0,0,58,6,64,0,7,73,9,89,24,2,26,115
04/15/2010,GON,CT,ANE,EN,Federal Contract Tower,0,3,23,1,27,0,0,69,13,82,0,3,92,14,109,40,0,40,149
04/16/2010,GON,CT,ANE,EN,Federal Contract Tower,0,4,12,2,18,0,1,25,11,37,0,5,37,13,55,6,8,14,69
04/17/2010,GON,CT,ANE,EN,Federal Contract Tower,0,1,18,0,19,0,0,7,0,7,0,1,25,0,26,14,0,14,40
04/18/2010,GON,CT,ANE,EN,Federal Contract Tower,0,1,16,1,18,0,0,44,8,52,0,1,60,9,70,22,0,22,92
04/19/2010,GON,CT,ANE,EN,Federal Contract Tower,0,3,8,2,13,0,0,54,3,57,0,3,62,5,70,36,6,42,112
04/20/2010,GON,CT,ANE,EN,Federal Contract Tower,0,0,13,3,16,0,0,83,14,97,0,0,96,17,113,72,11,83,196
04/21/2010,GON,CT,ANE,EN,Federal Contract Tower,0,4,19,4,27,0,0,60,14,74,0,4,79,18,101,52,14,66,167
04/22/2010,GON,CT,ANE,EN,Federal Contract Tower,0,6,11,2,19,0,0,41,8,49,0,6,52,10,68,66,0,66,134
04/23/2010,GON,CT,ANE,EN,Federal Contract Tower,0,3,29,1,33,0,0,64,21,85,0,3,93,22,118,44,0,44,162
04/24/2010,GON,CT,ANE,EN,Federal Contract Tower,0,2,8,2,12,0,2,88,4,94,0,4,96,6,106,108,10,118,224
04/25/2010,GON,CT,ANE,EN,Federal Contract Tower,0,2,16,2,20,0,0,3,0,3,0,2,19,2,23,12,0,12,35
04/26/2010,GON,CT,ANE,EN,Federal Contract Tower,0,7,17,2,26,0,0,2,4,6,0,7,19,6,32,8,0,8,40
04/27/2010,GON,CT,ANE,EN,Federal Contract Tower,0,2,21,0,23,0,0,14,2,16,0,2,35,2,39,36,0,36,75
04/28/2010,GON,CT,ANE,EN,Federal Contract Tower,0,2,19,4,25,0,0,27,0,27,0,2,46,4,52,30,0,30,82
04/29/2010,GON,CT,ANE,EN,Federal Contract Tower,0,1,9,4,14,0,2,45,7,54,0,3,54,11,68,24,8,32,100
04/30/2010,GON,CT,ANE,EN,Federal Contract Tower,0,3,14,0,17,0,0,65,30,95,0,3,79,30,112,62,16,78,190
05/01/2010,GON,CT,ANE,EN,Federal Contract Tower,0,3,14,0,17,0,0,98,5,103,0,3,112,5,120,68,0,68,188
05/02/2010,GON,CT,ANE,EN,Federal Contract Tower,0,0,17,0,17,0,0,74,5,79,0,0,91,5,96,66,0,66,162
05/03/2010,GON,CT,ANE,EN,Federal Contract Tower,0,5,15,1,21,0,0,5,1,6,0,5,20,2,27,4,0,4,31
05/04/2010,GON,CT,ANE,EN,Federal Contract Tower,1,1,18,3,23,0,0,67,3,70,1,1,85,6,93,60,0,60,153
05/05/2010,GON,CT,ANE,EN,Federal Contract Tower,1,1,19,4,25,0,2,85,8,95,1,3,104,12,120,46,0,46,166
05/06/2010,GON,CT,ANE,EN,Federal Contract Tower,0,5,12,0,17,0,0,28,2,30,0,5,40,2,47,82,0,82,129
05/07/2010,GON,CT,ANE,EN,Federal Contract Tower,0,5,20,0,25,0,0,102,7,109,0,5,122,7,134,28,0,28,162
05/08/2010,GON,CT,ANE,EN,Federal Contract Tower,0,0,4,2,6,0,0,3,0,3,0,0,7,2,9,0,0,0,9
05/09/2010,GON,CT,ANE,EN,Federal Contract Tower,0,3,11,1,15,0,0,17,0,17,0,3,28,1,32,14,0,14,46
05/10/2010,GON,CT,ANE,EN,Federal Contract Tower,0,6,12,2,20,0,2,56,5,63,0,8,68,7,83,68,0,68,151
05/11/2010,GON,CT,ANE,EN,Federal Contract Tower,0,0,10,0,10,0,0,74,8,82,0,0,84,8,92,42,0,42,134
05/12/2010,GON,CT,ANE,EN,Federal Contract Tower,0,4,19,0,23,0,0,5,0,5,0,4,24,0,28,16,0,16,44
05/13/2010,GON,CT,ANE,EN,Federal Contract Tower,0,3,31,2,36,0,0,76,16,92,0,3,107,18,128,70,2,72,200
05/14/2010,GON,CT,ANE,EN,Federal Contract Tower,0,3,15,1,19,0,0,19,3,22,0,3,34,4,41,20,8,28,69
05/15/2010,GON,CT,ANE,EN,Federal Contract Tower,0,1,9,2,12,0,0,59,9,68,0,1,68,11,80,28,0,28,108
05/16/2010,GON,CT,ANE,EN,Federal Contract Tower,0,3,15,0,18,0,1,107,8,116,0,4,122,8,134,76,0,76,210
05/17/2010,GON,CT,ANE,EN,Federal Contract Tower,0,7,10,3,20,0,0,72,8,80,0,7,82,11,100,18,0,18,118
05/18/2010,GON,CT,ANE,EN,Federal Contract Tower,0,0,18,4,22,0,0,12,5,17,0,0,30,9,39,4,14,18,57
05/19/2010,GON,CT,ANE,EN,Federal Contract Tower,0,4,24,10,38,0,1,6,10,17,0,5,30,20,55,10,4,14,69
05/20/2010,GON,CT,ANE,EN,Federal Contract Tower,0,1,20,4,25,0,0,92,12,104,0,1,112,16,129,78,0,78,207
05/21/2010,GON,CT,ANE,EN,Federal Contract Tower,0,5,17,3,25,0,1,95,8,104,0,6,112,11,129,76,2,78,207
05/22/2010,GON,CT,ANE,EN,Federal Contract Tower,0,2,25,0,27,0,0,40,0,40,0,2,65,0,67,32,0,32,99
05/23/2010,GON,CT,ANE,EN,Federal Contract Tower,0,3,23,2,28,0,0,17,0,17,0,3,40,2,45,14,0,14,59
05/24/2010,GON,CT,ANE,EN,Federal Contract Tower,0,3,18,1,22,0,0,43,4,47,0,3,61,5,69,32,0,32,101
05/25/2010,GON,CT,ANE,EN,Federal Contract Tower,0,2,14,0,16,0,3,82,8,93,0,5,96,8,109,38,0,38,147
05/26/2010,GON,CT,ANE,EN,Federal Contract Tower,0,1,31,11,43,0,0,83,13,96,0,1,114,24,139,46,2,48,187
05/27/2010,GON,CT,ANE,EN,Federal Contract Tower,0,4,20,0,24,0,3,57,15,75,0,7,77,15,99,22,6,28,127
05/28/2010,GON,CT,ANE,EN,Federal Contract Tower,0,4,17,0,21,0,3,87,4,94,0,7,104,4,115,70,0,70,185
05/29/2010,GON,CT,ANE,EN,Federal Contract Tower,0,0,12,0,12,0,0,44,15,59,0,0,56,15,71,46,32,78,149
05/30/2010,GON,CT,ANE,EN,Federal Contract Tower,0,0,11,0,11,0,0,83,9,92,0,0,94,9,103,62,0,62,165
05/31/2010,GON,CT,ANE,EN,Federal Contract Tower,0,4,5,0,9,0,0,99,10,109,0,4,104,10,118,42,14,56,174
06/01/2010,GON,CT,ANE,EN,Federal Contract Tower,0,2,8,3,13,0,3,15,4,22,0,5,23,7,35,6,2,8,43
06/02/2010,GON,CT,ANE,EN,Federal Contract Tower,0,2,10,0,12,0,0,85,3,88,0,2,95,3,100,26,12,38,138
06/03/2010,GON,CT,ANE,EN,Federal Contract Tower,0,5,18,0,23,0,0,17,0,17,0,5,35,0,40,2,0,2,42
06/04/2010,GON,CT,ANE,EN,Federal Contract Tower,0,6,39,0,45,0,0,70,23,93,0,6,109,23,138,36,12,48,186
06/05/2010,GON,CT,ANE,EN,Federal Contract Tower,0,2,27,0,29,0,0,43,11,54,0,2,70,11,83,18,0,18,101
06/06/2010,GON,CT,ANE,EN,Federal Contract Tower,0,3,13,0,16,0,0,36,0,36,0,3,49,0,52,40,0,40,92
06/07/2010,GON,CT,ANE,EN,Federal Contract Tower,0,2,17,5,24,0,1,76,16,93,0,3,93,21,117,54,10,64,181
06/08/2010,GON,CT,ANE,EN,Federal Contract Tower,0,2,14,0,16,0,1,79,10,90,0,3,93,10,106,26,0,26,132
06/09/2010,GON,CT,ANE,EN,Federal Contract Tower,0,6,28,2,36,0,1,56,8,65,0,7,84,10,101,16,0,16,117
06/10/2010,GON,CT,ANE,EN,Federal Contract Tower,0,5,36,5,46,0,0,29,8,37,0,5,65,13,83,20,18,38,121
06/11/2010,GON,CT,ANE,EN,Federal Contract Tower,0,5,24,2,31,0,0,54,5,59,0,5,78,7,90,30,0,30,120
06/12/2010,GON,CT,ANE,EN,Federal Contract Tower,0,6,22,2,30,0,0,31,0,31,0,6,53,2,61,6,0,6,67
06/13/2010,GON,CT,ANE,EN,Federal Contract Tower,0,5,15,0,20,0,1,12,0,13,0,6,27,0,33,34,0,34,67
06/14/2010,GON,CT,ANE,EN,Federal Contract Tower,0,5,14,3,22,0,0,31,0,31,0,5,45,3,53,36,0,36,89
06/15/2010,GON,CT,ANE,EN,Federal Contract Tower,0,3,25,2,30,0,0,78,7,85,0,3,103,9,115,86,2,88,203
06/16/2010,GON,CT,ANE,EN,Federal Contract Tower,0,6,17,3,26,0,3,31,11,45,0,9,48,14,71,8,10,18,89
06/17/2010,GON,CT,ANE,EN,Federal Contract Tower,0,2,29,6,37,0,1,46,9,56,0,3,75,15,93,46,12,58,151
06/18/2010,GON,CT,ANE,EN,Federal Contract Tower,0,8,13,0,21,0,1,129,2,132,0,9,142,2,153,52,4,56,209
06/19/2010,GON,CT,ANE,EN,Federal Contract Tower,0,6,14,0,20,0,0,83,6,89,0,6,97,6,109,56,0,56,165
06/20/2010,GON,CT,ANE,EN,Federal Contract Tower,0,2,10,0,12,0,3,29,0,32,0,5,39,0,44,10,0,10,54
06/21/2010,GON,CT,ANE,EN,Federal Contract Tower,0,4,17,8,29,0,0,62,5,67,0,4,79,13,96,38,2,40,136
06/22/2010,GON,CT,ANE,EN,Federal Contract Tower,0,2,20,7,29,0,0,61,11,72,0,2,81,18,101,32,4,36,137
06/23/2010,GON,CT,ANE,EN,Federal Contract Tower,0,3,18,4,25,0,1,62,0,63,0,4,80,4,88,26,0,26,114
06/24/2010,GON,CT,ANE,EN,Federal Contract Tower,0,6,10,15,31,0,2,47,8,57,0,8,57,23,88,8,0,8,96
06/25/2010,GON,CT,ANE,EN,Federal Contract Tower,0,9,22,2,33,0,4,99,7,110,0,13,121,9,143,28,0,28,171
06/26/2010,GON,CT,ANE,EN,Federal Contract Tower,0,0,12,1,13,0,1,106,5,112,0,1,118,6,125,52,6,58,183
06/27/2010,GON,CT,ANE,EN,Federal Contract Tower,0,6,24,5,35,0,5,38,9,52,0,11,62,14,87,12,0,12,99
06/28/2010,GON,CT,ANE,EN,Federal Contract Tower,0,2,12,4,18,0,9,35,5,49,0,11,47,9,67,16,8,24,91
06/29/2010,GON,CT,ANE,EN,Federal Contract Tower,0,1,15,3,19,0,0,54,8,62,0,1,69,11,81,66,0,66,147
06/30/2010,GON,CT,ANE,EN,Federal Contract Tower,0,1,23,2,26,0,1,108,9,118,0,2,131,11,144,62,6,68,212
07/01/2010,GON,CT,ANE,EN,Federal Contract Tower,0,8,15,6,29,0,0,69,3,72,0,8,84,9,101,50,0,50,151
07/02/2010,GON,CT,ANE,EN,Federal Contract Tower,0,9,10,3,22,0,3,91,2,96,0,12,101,5,118,66,0,66,184
07/03/2010,GON,CT,ANE,EN,Federal Contract Tower,0,2,5,1,8,0,2,80,1,83,0,4,85,2,91,86,2,88,179
07/04/2010,GON,CT,ANE,EN,Federal Contract Tower,0,2,8,1,11,0,0,58,7,65,0,2,66,8,76,6,0,6,82
07/05/2010,GON,CT,ANE,EN,Federal Contract Tower,0,3,10,0,13,0,1,77,10,88,0,4,87,10,101,26,0,26,127
07/06/2010,GON,CT,ANE,EN,Federal Contract Tower,0,2,14,0,16,0,3,92,3,98,0,5,106,3,114,20,0,20,134
07/07/2010,GON,CT,ANE,EN,Federal Contract Tower,0,4,20,2,26,0,2,43,2,47,0,6,63,4,73,42,0,42,115
07/08/2010,GON,CT,ANE,EN,Federal Contract Tower,0,0,34,2,36,0,2,56,2,60,0,2,90,4,96,30,0,30,126
07/09/2010,GON,CT,ANE,EN,Federal Contract Tower,0,6,23,2,31,0,1,61,2,64,0,7,84,4,95,34,0,34,129
07/10/2010,GON,CT,ANE,EN,Federal Contract Tower,0,4,7,1,12,0,1,9,0,10,0,5,16,1,22,12,0,12,34
07/11/2010,GON,CT,ANE,EN,Federal Contract Tower,0,7,24,1,32,0,1,73,3,77,0,8,97,4,109,34,2,36,145
07/12/2010,GON,CT,ANE,EN,Federal Contract Tower,0,3,34,1,38,0,0,46,3,49,0,3,80,4,87,8,0,8,95
07/13/2010,GON,CT,ANE,EN,Federal Contract Tower,0,1,11,4,16,0,3,11,6,20,0,4,22,10,36,0,2,2,38
07/14/2010,GON,CT,ANE,EN,Federal Contract Tower,0,7,17,0,24,0,0,2,0,2,0,7,19,0,26,0,0,0,26
07/15/2010,GON,CT,ANE,EN,Federal Contract Tower,0,13,34,5,52,0,1,51,4,56,0,14,85,9,108,26,2,28,136
07/16/2010,GON,CT,ANE,EN,Federal Contract Tower,0,9,27,2,38,0,0,53,0,53,0,9,80,2,91,40,0,40,131
07/17/2010,GON,CT,ANE,EN,Federal Contract Tower,0,12,10,3,25,0,1,65,12,78,0,13,75,15,103,44,0,44,147
07/18/2010,GON,CT,ANE,EN,Federal Contract Tower,0,6,17,3,26,0,3,66,0,69,0,9,83,3,95,12,2,14,109
07/19/2010,GON,CT,ANE,EN,Federal Contract Tower,0,6,27,2,35,0,1,29,4,34,0,7,56,6,69,26,0,26,95
07/20/2010,GON,CT,ANE,EN,Federal Contract Tower,0,1,25,2,28,0,2,55,5,62,0,3,80,7,90,34,4,38,128
07/21/2010,GON,CT,ANE,EN,Federal Contract Tower,0,9,23,1,33,0,0,34,9,43,0,9,57,10,76,10,6,16,92
07/22/2010,GON,CT,ANE,EN,Federal Contract Tower,0,2,23,4,29,0,2,83,10,95,0,4,106,14,124,10,0,10,134
07/23/2010,GON,CT,ANE,EN,Federal Contract Tower,0,10,32,3,45,0,3,47,11,61,0,13,79,14,106,50,6,56,162
07/24/2010,GON,CT,ANE,EN,Federal Contract Tower,0,9,18,4,31,0,5,64,6,75,0,14,82,10,106,18,0,18,124
07/25/2010,GON,CT,ANE,EN,Federal Contract Tower,0,3,22,1,26,0,1,51,11,63,0,4,73,12,89,16,6,22,111
07/26/2010,GON,CT,ANE,EN,Federal Contract Tower,0,4,25,0,29,0,7,84,5,96,0,11,109,5,125,30,0,30,155
07/27/2010,GON,CT,ANE,EN,Federal Contract Tower,0,9,10,3,22,0,2,110,8,120,0,11,120,11,142,26,2,28,170
07/28/2010,GON,CT,ANE,EN,Federal Contract Tower,0,4,14,0,18,0,2,58,7,67,0,6,72,7,85,22,0,22,107
07/29/2010,GON,CT,ANE,EN,Federal Contract Tower,0,6,18,4,28,0,0,57,2,59,0,6,75,6,87,22,0,22,109
07/30/2010,GON,CT,ANE,EN,Federal Contract Tower,0,10,26,6,42,0,2,73,3,78,0,12,99,9,120,44,0,44,164
07/31/2010,GON,CT,ANE,EN,Federal Contract Tower,0,6,19,6,31,0,1,105,7,113,0,7,124,13,144,22,0,22,166
08/01/2010,GON,CT,ANE,EN,Federal Contract Tower,0,5,11,0,16,0,1,64,6,71,0,6,75,6,87,22,0,22,109
08/02/2010,GON,CT,ANE,EN,Federal Contract Tower,0,9,11,0,20,0,0,50,2,52,0,9,61,2,72,32,0,32,104
08/03/2010,GON,CT,ANE,EN,Federal Contract Tower,0,3,27,3,33,0,1,81,67,149,0,4,108,70,182,8,0,8,190
08/04/2010,GON,CT,ANE,EN,Federal Contract Tower,0,8,28,3,39,0,1,28,7,36,0,9,56,10,75,4,4,8,83
08/05/2010,GON,CT,ANE,EN,Federal Contract Tower,0,6,22,0,28,0,0,21,0,21,0,6,43,0,49,6,0,6,55
08/06/2010,GON,CT,ANE,EN,Federal Contract Tower,0,13,24,2,39,0,1,90,11,102,0,14,114,13,141,14,18,32,173
08/07/2010,GON,CT,ANE,EN,Federal Contract Tower,0,0,7,0,7,0,4,73,2,79,0,4,80,2,86,36,0,36,122
08/08/2010,GON,CT,ANE,EN,Federal Contract Tower,0,2,26,0,28,0,2,74,0,76,0,4,100,0,104,16,0,16,120
08/09/2010,GON,CT,ANE,EN,Federal Contract Tower,0,4,21,0,25,0,0,37,8,45,0,4,58,8,70,2,4,6,76
08/10/2010,GON,CT,ANE,EN,Federal Contract Tower,0,1,17,1,19,0,0,58,3,61,0,1,75,4,80,46,4,50,130
08/11/2010,GON,CT,ANE,EN,Federal Contract Tower,0,3,20,4,27,0,1,61,3,65,0,4,81,7,92,32,8,40,132
08/12/2010,GON,CT,ANE,EN,Federal Contract Tower,0,4,21,0,25,0,1,69,3,73,0,5,90,3,98,24,22,46,144
08/13/2010,GON,CT,ANE,EN,Federal Contract Tower,0,10,19,4,33,0,2,100,13,115,0,12,119,17,148,24,8,32,180
08/14/2010,GON,CT,ANE,EN,Federal Contract Tower,0,2,6,0,8,0,2,92,1,95,0,4,98,1,103,56,0,56,159
08/15/2010,GON,CT,ANE,EN,Federal Contract Tower,0,5,21,0,26,0,4,54,5,63,0,9,75,5,89,20,0,20,109
08/16/2010,GON,CT,ANE,EN,Federal Contract Tower,0,4,13,0,17,0,1,22,0,23,0,5,35,0,40,26,0,26,66
08/17/2010,GON,CT,ANE,EN,Federal Contract Tower,0,7,22,0,29,0,1,36,8,45,0,8,58,8,74,12,2,14,88
08/18/2010,GON,CT,ANE,EN,Federal Contract Tower,0,3,13,2,18,0,2,57,4,63,0,5,70,6,81,18,0,18,99
08/19/2010,GON,CT,ANE,EN,Federal Contract Tower,0,3,9,4,16,0,1,91,6,98,0,4,100,10,114,28,4,32,146
08/20/2010,GON,CT,ANE,EN,Federal Contract Tower,0,7,22,3,32,0,0,84,7,91,0,7,106,10,123,24,2,26,149
08/21/2010,GON,CT,ANE,EN,Federal Contract Tower,0,3,18,1,22,0,1,91,6,98,0,4,109,7,120,46,0,46,166
08/22/2010,GON,CT,ANE,EN,Federal Contract Tower,0,10,22,0,32,0,0,0,1,1,0,10,22,1,33,0,0,0,33
08/23/2010,GON,CT,ANE,EN,Federal Contract Tower,0,7,20,0,27,0,0,9,0,9,0,7,29,0,36,0,0,0,36
08/24/2010,GON,CT,ANE,EN,Federal Contract Tower,0,4,12,2,18,0,0,1,0,1,0,4,13,2,19,0,0,0,19
08/25/2010,GON,CT,ANE,EN,Federal Contract Tower,0,3,28,1,32,0,0,23,2,25,0,3,51,3,57,38,0,38,95
08/26/2010,GON,CT,ANE,EN,Federal Contract Tower,0,4,20,4,28,0,3,83,14,100,0,7,103,18,128,58,4,62,190
08/27/2010,GON,CT,ANE,EN,Federal Contract Tower,0,8,13,6,27,0,1,108,10,119,0,9,121,16,146,58,6,64,210
08/28/2010,GON,CT,ANE,EN,Federal Contract Tower,0,2,16,1,19,0,4,92,6,102,0,6,108,7,121,42,0,42,163
08/29/2010,GON,CT,ANE,EN,Federal Contract Tower,0,2,18,0,20,0,3,66,5,74,0,5,84,5,94,44,0,44,138
08/30/2010,GON,CT,ANE,EN,Federal Contract Tower,0,8,22,1,31,0,3,64,7,74,0,11,86,8,105,42,14,56,161
08/31/2010,GON,CT,ANE,EN,Federal Contract Tower,0,5,8,3,16,0,2,89,18,109,0,7,97,21,125,26,4,30,155
09/01/2010,GON,CT,ANE,EN,Federal Contract Tower,0,2,15,4,21,0,1,74,11,86,0,3,89,15,107,58,6,64,171
09/02/2010,GON,CT,ANE,EN,Federal Contract Tower,0,1,16,3,20,0,2,79,20,101,0,3,95,23,121,28,18,46,167
09/03/2010,GON,CT,ANE,EN,Federal Contract Tower,0,4,7,0,11,0,0,5,0,5,0,4,12,0,16,0,0,0,16
09/04/2010,GON,CT,ANE,EN,Federal Contract Tower,0,4,13,0,17,0,1,35,2,38,0,5,48,2,55,4,0,4,59
09/05/2010,GON,CT,ANE,EN,Federal Contract Tower,0,3,9,0,12,0,0,51,6,57,0,3,60,6,69,26,0,26,95
09/06/2010,GON,CT,ANE,EN,Federal Contract Tower,0,2,12,0,14,0,1,74,3,78,0,3,86,3,92,20,2,22,114
09/07/2010,GON,CT,ANE,EN,Federal Contract Tower,0,2,11,2,15,0,0,60,8,68,0,2,71,10,83,36,0,36,119
09/08/2010,GON,CT,ANE,EN,Federal Contract Tower,0,8,13,1,22,0,0,34,4,38,0,8,47,5,60,10,4,14,74
09/09/2010,GON,CT,ANE,EN,Federal Contract Tower,0,4,18,2,24,0,0,40,4,44,0,4,58,6,68,44,0,44,112
09/10/2010,GON,CT,ANE,EN,Federal Contract Tower,0,6,10,1,17,0,2,42,0,44,0,8,52,1,61,34,2,36,97
09/11/2010,GON,CT,ANE,EN,Federal Contract Tower,0,0,6,2,8,0,0,80,0,80,0,0,86,2,88,34,6,40,128
09/12/2010,GON,CT,ANE,EN,Federal Contract Tower,0,4,25,0,29,0,1,35,0,36,0,5,60,0,65,8,0,8,73
09/13/2010,GON,CT,ANE,EN,Federal Contract Tower,0,11,26,0,37,0,2,14,0,16,0,13,40,0,53,8,0,8,61
09/14/2010,GON,CT,ANE,EN,Federal Contract Tower,0,1,16,0,17,0,2,55,15,72,0,3,71,15,89,60,4,64,153
09/15/2010,GON,CT,ANE,EN,Federal Contract Tower,0,4,12,0,16,0,0,78,24,102,0,4,90,24,118,42,22,64,182
09/16/2010,GON,CT,ANE,EN,Federal Contract Tower,0,4,15,5,24,0,3,46,8,57,0,7,61,13,81,32,0,32,113
09/17/2010,GON,CT,ANE,EN,Federal Contract Tower,0,3,31,3,37,0,4,46,13,63,0,7,77,16,100,22,4,26,126
09/18/2010,GON,CT,ANE,EN,Federal Contract Tower,0,2,8,0,10,0,2,45,3,50,0,4,53,3,60,44,0,44,104
09/19/2010,GON,CT,ANE,EN,Federal Contract Tower,0,2,8,0,10,0,0,63,5,68,0,2,71,5,78,32,0,32,110
09/20/2010,GON,CT,ANE,EN,Federal Contract Tower,0,4,21,4,29,0,0,52,5,57,0,4,73,9,86,16,0,16,102
09/21/2010,GON,CT,ANE,EN,Federal Contract Tower,0,1,13,2,16,0,0,85,4,89,0,1,98,6,105,16,0,16,121
09/22/2010,GON,CT,ANE,EN,Federal Contract Tower,0,4,16,7,27,0,1,57,6,64,0,5,73,13,91,44,0,44,135
09/23/2010,GON,CT,ANE,EN,Federal Contract Tower,0,3,13,4,20,0,1,65,2,68,0,4,78,6,88,40,2,42,130
09/24/2010,GON,CT,ANE,EN,Federal Contract Tower,0,6,33,1,40,0,0,6,0,6,0,6,39,1,46,14,2,16,62
09/25/2010,GON,CT,ANE,EN,Federal Contract Tower,0,0,16,0,16,0,0,83,0,83,0,0,99,0,99,56,0,56,155
09/26/2010,GON,CT,ANE,EN,Federal Contract Tower,0,1,27,0,28,0,0,78,0,78,0,1,105,0,106,44,0,44,150
09/27/2010,GON,CT,ANE,EN,Federal Contract Tower,0,2,11,0,13,0,0,0,0,0,0,2,11,0,13,0,0,0,13
09/28/2010,GON,CT,ANE,EN,Federal Contract Tower,0,2,6,0,8,0,0,0,0,0,0,2,6,0,8,0,0,0,8
09/29/2010,GON,CT,ANE,EN,Federal Contract Tower,0,6,25,1,32,0,1,47,3,51,0,7,72,4,83,16,0,16,99
09/30/2010,GON,CT,ANE,EN,Federal Contract Tower,0,2,2,0,4,0,0,0,0,0,0,2,2,0,4,0,0,0,4
10/01/2010,GON,CT,ANE,EN,Federal Contract Tower,0,6,12,1,19,0,0,0,0,0,0,6,12,1,19,0,0,0,19
10/02/2010,GON,CT,ANE,EN,Federal Contract Tower,0,0,9,0,9,0,1,67,0,68,0,1,76,0,77,32,0,32,109
10/03/2010,GON,CT,ANE,EN,Federal Contract Tower,0,7,20,5,32,0,3,38,0,41,0,10,58,5,73,4,0,4,77
10/04/2010,GON,CT,ANE,EN,Federal Contract Tower,0,5,17,2,24,0,1,2,0,3,0,6,19,2,27,2,0,2,29
10/05/2010,GON,CT,ANE,EN,Federal Contract Tower,0,1,26,3,30,0,0,2,0,2,0,1,28,3,32,0,0,0,32
10/06/2010,GON,CT,ANE,EN,Federal Contract Tower,0,3,18,2,23,0,0,4,1,5,0,3,22,3,28,12,0,12,40
10/07/2010,GON,CT,ANE,EN,Federal Contract Tower,0,5,16,3,24,0,4,42,8,54,0,9,58,11,78,10,2,12,90
10/08/2010,GON,CT,ANE,EN,Federal Contract Tower,0,9,14,0,23,0,0,76,6,82,0,9,90,6,105,20,0,20,125
10/09/2010,GON,CT,ANE,EN,Federal Contract Tower,0,1,16,0,17,0,0,75,4,79,0,1,91,4,96,58,0,58,154
10/10/2010,GON,CT,ANE,EN,Federal Contract Tower,0,3,13,0,16,0,0,76,0,76,0,3,89,0,92,50,0,50,142
10/11/2010,GON,CT,ANE,EN,Federal Contract Tower,0,1,10,0,11,0,0,63,2,65,0,1,73,2,76,24,0,24,100
10/12/2010,GON,CT,ANE,EN,Federal Contract Tower,0,3,12,3,18,0,0,45,5,50,0,3,57,8,68,14,4,18,86
10/13/2010,GON,CT,ANE,EN,Federal Contract Tower,0,3,6,3,12,0,3,103,11,117,0,6,109,14,129,48,8,56,185
10/14/2010,GON,CT,ANE,EN,Federal Contract Tower,0,3,10,6,19,0,2,33,2,37,0,5,43,8,56,36,8,44,100
10/15/2010,GON,CT,ANE,EN,Federal Contract Tower,0,2,8,0,10,0,2,7,0,9,0,4,15,0,19,0,0,0,19
10/16/2010,GON,CT,ANE,EN,Federal Contract Tower,0,2,2,1,5,0,0,17,0,17,0,2,19,1,22,8,0,8,30
10/17/2010,GON,CT,ANE,EN,Federal Contract Tower,0,4,8,0,12,0,1,55,2,58,0,5,63,2,70,18,0,18,88
10/18/2010,GON,CT,ANE,EN,Federal Contract Tower,0,2,11,0,13,0,0,56,2,58,0,2,67,2,71,12,0,12,83
10/19/2010,GON,CT,ANE,EN,Federal Contract Tower,0,0,10,0,10,0,0,37,7,44,0,0,47,7,54,10,0,10,64
10/20/2010,GON,CT,ANE,EN,Federal Contract Tower,0,8,17,4,29,0,0,58,5,63,0,8,75,9,92,44,4,48,140
10/21/2010,GON,CT,ANE,EN,Federal Contract Tower,0,4,15,0,19,0,0,31,15,46,0,4,46,15,65,38,2,40,105
10/22/2010,GON,CT,ANE,EN,Federal Contract Tower,0,3,17,5,25,0,2,60,1,63,0,5,77,6,88,42,4,46,134
10/23/2010,GON,CT,ANE,EN,Federal Contract Tower,0,0,9,5,14,0,0,91,13,104,0,0,100,18,118,8,10,18,136
10/24/2010,GON,CT,ANE,EN,Federal Contract Tower,0,6,9,0,15,0,0,47,14,61,0,6,56,14,76,26,4,30,106
10/25/2010,GON,CT,ANE,EN,Federal Contract Tower,0,1,21,7,29,0,0,19,0,19,0,1,40,7,48,8,0,8,56
10/26/2010,GON,CT,ANE,EN,Federal Contract Tower,0,4,20,6,30,0,0,9,2,11,0,4,29,8,41,4,0,4,45
10/27/2010,GON,CT,ANE,EN,Federal Contract Tower,0,8,18,2,28,0,0,0,0,0,0,8,18,2,28,4,0,4,32
10/28/2010,GON,CT,ANE,EN,Federal Contract Tower,0,4,15,7,26,0,0,38,6,44,0,4,53,13,70,34,0,34,104
10/29/2010,GON,CT,ANE,EN,Federal Contract Tower,0,8,17,3,28,0,0,71,9,80,0,8,88,12,108,50,0,50,158
10/30/2010,GON,CT,ANE,EN,Federal Contract Tower,0,2,14,0,16,0,0,57,11,68,0,2,71,11,84,42,0,42,126
10/31/2010,GON,CT,ANE,EN,Federal Contract Tower,0,0,0,7,7,0,1,45,0,46,0,1,45,7,53,40,0,40,93
11/01/2010,GON,CT,ANE,EN,Federal Contract Tower,0,2,11,0,13,0,0,37,4,41,0,2,48,4,54,32,0,32,86
11/02/2010,GON,CT,ANE,EN,Federal Contract Tower,0,0,11,2,13,0,0,89,5,94,0,0,100,7,107,22,2,24,131
11/03/2010,GON,CT,ANE,EN,Federal Contract Tower,0,2,19,1,22,0,1,65,3,69,0,3,84,4,91,46,0,46,137
11/04/2010,GON,CT,ANE,EN,Federal Contract Tower,0,4,4,1,9,0,0,0,0,0,0,4,4,1,9,0,0,0,9
11/05/2010,GON,CT,ANE,EN,Federal Contract Tower,0,2,21,0,23,0,0,0,0,0,0,2,21,0,23,0,0,0,23
11/06/2010,GON,CT,ANE,EN,Federal Contract Tower,0,1,17,0,18,0,0,86,0,86,0,1,103,0,104,78,0,78,182
11/07/2010,GON,CT,ANE,EN,Federal Contract Tower,0,2,8,2,12,0,0,79,0,79,0,2,87,2,91,34,0,34,125
11/08/2010,GON,CT,ANE,EN,Federal Contract Tower,0,3,4,0,7,0,0,2,0,2,0,3,6,0,9,0,0,0,9
11/09/2010,GON,CT,ANE,EN,Federal Contract Tower,0,3,11,1,15,0,23,12,0,35,0,26,23,1,50,20,0,20,70
11/10/2010,GON,CT,ANE,EN,Federal Contract Tower,0,3,20,2,25,0,0,33,16,49,0,3,53,18,74,36,10,46,120
11/11/2010,GON,CT,ANE,EN,Federal Contract Tower,0,0,14,2,16,0,0,64,6,70,0,0,78,8,86,14,4,18,104
11/12/2010,GON,CT,ANE,EN,Federal Contract Tower,0,5,14,1,20,0,0,84,4,88,0,5,98,5,108,22,4,26,134
11/13/2010,GON,CT,ANE,EN,Federal Contract Tower,0,3,9,1,13,0,0,97,6,103,0,3,106,7,116,74,0,74,190
11/14/2010,GON,CT,ANE,EN,Federal Contract Tower,0,0,30,2,32,0,0,105,4,109,0,0,135,6,141,66,0,66,207
11/15/2010,GON,CT,ANE,EN,Federal Contract Tower,0,5,20,3,28,0,0,7,12,19,0,5,27,15,47,0,4,4,51
11/16/2010,GON,CT,ANE,EN,Federal Contract Tower,0,1,14,1,16,0,0,21,3,24,0,1,35,4,40,64,0,64,104
11/17/2010,GON,CT,ANE,EN,Federal Contract Tower,0,4,16,1,21,0,0,21,9,30,0,4,37,10,51,6,0,6,57
11/18/2010,GON,CT,ANE,EN,Federal Contract Tower,0,3,12,2,17,0,0,68,17,85,0,3,80,19,102,46,2,48,150
11/19/2010,GON,CT,ANE,EN,Federal Contract Tower,0,4,19,1,24,0,0,84,6,90,0,4,103,7,114,46,2,48,162
11/20/2010,GON,CT,ANE,EN,Federal Contract Tower,0,2,7,0,9,0,0,67,6,73,0,2,74,6,82,24,0,24,106
11/21/2010,GON,CT,ANE,EN,Federal Contract Tower,0,1,18,1,20,0,0,94,10,104,0,1,112,11,124,80,0,80,204
11/22/2010,GON,CT,ANE,EN,Federal Contract Tower,0,7,30,4,41,0,0,38,5,43,0,7,68,9,84,74,0,74,158
11/23/2010,GON,CT,ANE,EN,Federal Contract Tower,0,9,18,4,31,0,1,42,7,50,0,10,60,11,81,60,0,60,141
11/24/2010,GON,CT,ANE,EN,Federal Contract Tower,0,2,8,1,11,0,0,26,5,31,0,2,34,6,42,10,0,10,52
11/25/2010,GON,CT,ANE,EN,Federal Contract Tower,0,0,4,0,4,0,0,9,0,9,0,0,13,0,13,4,0,4,17
11/26/2010,GON,CT,ANE,EN,Federal Contract Tower,0,1,11,0,12,0,0,14,0,14,0,1,25,0,26,26,0,26,52
11/27/2010,GON,CT,ANE,EN,Federal Contract Tower,0,1,13,0,14,0,0,65,0,65,0,1,78,0,79,30,0,30,109
11/28/2010,GON,CT,ANE,EN,Federal Contract Tower,0,4,16,1,21,0,0,110,1,111,0,4,126,2,132,32,0,32,164
11/29/2010,GON,CT,ANE,EN,Federal Contract Tower,0,2,5,0,7,0,0,81,4,85,0,2,86,4,92,50,0,50,142
11/30/2010,GON,CT,ANE,EN,Federal Contract Tower,0,1,16,3,20,0,0,30,1,31,0,1,46,4,51,10,6,16,67
12/01/2010,GON,CT,ANE,EN,Federal Contract Tower,0,5,11,0,16,0,0,1,0,1,0,5,12,0,17,0,0,0,17
12/02/2010,GON,CT,ANE,EN,Federal Contract Tower,0,2,25,0,27,0,0,61,21,82,0,2,86,21,109,24,10,34,143
12/03/2010,GON,CT,ANE,EN,Federal Contract Tower,0,3,11,0,14,0,3,49,17,69,0,6,60,17,83,12,8,20,103
12/04/2010,GON,CT,ANE,EN,Federal Contract Tower,0,1,7,0,8,0,2,68,2,72,0,3,75,2,80,40,0,40,120
12/05/2010,GON,CT,ANE,EN,Federal Contract Tower,0,0,15,0,15,0,2,61,3,66,0,2,76,3,81,44,0,44,125
12/06/2010,GON,CT,ANE,EN,Federal Contract Tower,0,9,12,2,23,0,2,24,6,32,0,11,36,8,55,4,4,8,63
12/07/2010,GON,CT,ANE,EN,Federal Contract Tower,0,5,5,3,13,0,0,23,22,45,0,5,28,25,58,12,22,34,92
12/08/2010,GON,CT,ANE,EN,Federal Contract Tower,0,4,23,1,28,0,3,53,11,67,0,7,76,12,95,36,12,48,143
12/09/2010,GON,CT,ANE,EN,Federal Contract Tower,0,1,9,3,13,0,0,80,10,90,0,1,89,13,103,24,0,24,127
12/10/2010,GON,CT,ANE,EN,Federal Contract Tower,0,2,11,4,17,0,0,79,0,79,0,2,90,4,96,48,0,48,144
12/11/2010,GON,CT,ANE,EN,Federal Contract Tower,0,0,4,1,5,0,0,101,7,108,0,0,105,8,113,24,2,26,139
12/12/2010,GON,CT,ANE,EN,Federal Contract Tower,0,2,1,0,3,0,0,0,0,0,0,2,1,0,3,0,0,0,3
12/13/2010,GON,CT,ANE,EN,Federal Contract Tower,0,4,15,0,19,0,0,4,3,7,0,4,19,3,26,20,0,20,46
12/14/2010,GON,CT,ANE,EN,Federal Contract Tower,0,2,10,0,12,0,0,29,0,29,0,2,39,0,41,20,0,20,61
12/15/2010,GON,CT,ANE,EN,Federal Contract Tower,0,1,12,2,15,0,1,14,0,15,0,2,26,2,30,6,0,6,36
12/16/2010,GON,CT,ANE,EN,Federal Contract Tower,0,4,6,0,10,0,0,66,5,71,0,4,72,5,81,30,2,32,113
12/17/2010,GON,CT,ANE,EN,Federal Contract Tower,0,2,14,0,16,0,1,49,9,59,0,3,63,9,75,24,4,28,103
12/18/2010,GON,CT,ANE,EN,Federal Contract Tower,0,0,19,0,19,0,1,73,6,80,0,1,92,6,99,108,0,108,207
12/19/2010,GON,CT,ANE,EN,Federal Contract Tower,0,0,11,0,11,0,0,30,13,43,0,0,41,13,54,12,2,14,68
12/20/2010,GON,CT,ANE,EN,Federal Contract Tower,0,2,6,0,8,0,2,18,3,23,0,4,24,3,31,2,10,12,43
12/21/2010,GON,CT,ANE,EN,Federal Contract Tower,0,0,5,2,7,0,1,18,0,19,0,1,23,2,26,8,0,8,34
12/22/2010,GON,CT,ANE,EN,Federal Contract Tower,0,1,9,3,13,0,0,24,13,37,0,1,33,16,50,6,0,6,56
12/23/2010,GON,CT,ANE,EN,Federal Contract Tower,0,3,3,0,6,0,0,8,0,8,0,3,11,0,14,4,0,4,18
12/24/2010,GON,CT,ANE,EN,Federal Contract Tower,0,1,6,0,7,0,0,40,9,49,0,1,46,9,56,24,0,24,80
12/25/2010,GON,CT,ANE,EN,Federal Contract Tower,0,1,0,0,1,0,0,7,2,9,0,1,7,2,10,0,0,0,10
12/26/2010,GON,CT,ANE,EN,Federal Contract Tower,0,0,4,0,4,0,0,0,0,0,0,0,4,0,4,0,0,0,4
12/27/2010,GON,CT,ANE,EN,Federal Contract Tower,0,0,2,0,2,0,0,0,0,0,0,0,2,0,2,0,0,0,2
12/28/2010,GON,CT,ANE,EN,Federal Contract Tower,0,4,4,0,8,0,0,5,4,9,0,4,9,4,17,0,2,2,19
12/29/2010,GON,CT,ANE,EN,Federal Contract Tower,0,4,7,0,11,0,2,33,6,41,0,6,40,6,52,30,2,32,84
12/30/2010,GON,CT,ANE,EN,Federal Contract Tower,0,2,9,0,11,0,2,59,20,81,0,4,68,20,92,30,0,30,122
12/31/2010,GON,CT,ANE,EN,Federal Contract Tower,0,0,8,2,10,0,2,60,8,70,0,2,68,10,80,34,4,38,118
01/01/2011,GON,CT,ANE,EN,Federal Contract Tower,0,0,6,0,6,0,0,54,4,58,0,0,60,4,64,30,0,30,94
01/02/2011,GON,CT,ANE,EN,Federal Contract Tower,0,5,10,1,16,0,0,1,0,1,0,5,11,1,17,0,0,0,17
01/03/2011,GON,CT,ANE,EN,Federal Contract Tower,0,2,9,1,12,0,0,17,0,17,0,2,26,1,29,4,0,4,33
01/04/2011,GON,CT,ANE,EN,Federal Contract Tower,0,0,1,0,1,0,0,44,6,50,0,0,45,6,51,46,2,48,99
01/05/2011,GON,CT,ANE,EN,Federal Contract Tower,0,1,12,3,16,0,1,64,8,73,0,2,76,11,89,14,0,14,103
01/06/2011,GON,CT,ANE,EN,Federal Contract Tower,0,1,14,5,20,0,0,45,10,55,0,1,59,15,75,34,10,44,119
01/07/2011,GON,CT,ANE,EN,Federal Contract Tower,0,3,9,2,14,0,1,2,4,7,0,4,11,6,21,0,0,0,21
01/08/2011,GON,CT,ANE,EN,Federal Contract Tower,0,0,3,0,3,0,0,32,0,32,0,0,35,0,35,4,0,4,39
01/09/2011,GON,CT,ANE,EN,Federal Contract Tower,0,0,2,0,2,0,0,21,0,21,0,0,23,0,23,2,0,2,25
01/10/2011,GON,CT,ANE,EN,Federal Contract Tower,0,6,17,0,23,0,0,43,6,49,0,6,60,6,72,18,0,18,90
01/11/2011,GON,CT,ANE,EN,Federal Contract Tower,0,4,9,1,14,0,0,37,14,51,0,4,46,15,65,24,12,36,101
01/12/2011,GON,CT,ANE,EN,Federal Contract Tower,0,0,0,0,0,0,0,0,0,0,0,0,0,0,0,0,0,0,0
01/13/2011,GON,CT,ANE,EN,Federal Contract Tower,0,1,5,1,7,0,1,17,16,34,0,2,22,17,41,6,0,6,47
01/14/2011,GON,CT,ANE,EN,Federal Contract Tower,0,3,14,0,17,0,1,42,4,47,0,4,56,4,64,42,0,42,106
01/15/2011,GON,CT,ANE,EN,Federal Contract Tower,0,4,11,1,16,0,2,46,2,50,0,6,57,3,66,46,0,46,112
01/16/2011,GON,CT,ANE,EN,Federal Contract Tower,0,0,9,0,9,0,0,66,2,68,0,0,75,2,77,92,0,92,169
01/17/2011,GON,CT,ANE,EN,Federal Contract Tower,0,1,11,0,12,0,0,57,9,66,0,1,68,9,78,70,0,70,148
01/18/2011,GON,CT,ANE,EN,Federal Contract Tower,0,0,0,0,0,0,0,0,0,0,0,0,0,0,0,0,0,0,0
01/19/2011,GON,CT,ANE,EN,Federal Contract Tower,0,6,13,0,19,0,1,14,0,15,0,7,27,0,34,24,0,24,58
01/20/2011,GON,CT,ANE,EN,Federal Contract Tower,0,5,4,2,11,0,0,41,18,59,0,5,45,20,70,30,6,36,106
01/21/2011,GON,CT,ANE,EN,Federal Contract Tower,0,2,11,0,13,0,0,13,0,13,0,2,24,0,26,0,0,0,26
01/22/2011,GON,CT,ANE,EN,Federal Contract Tower,0,0,13,3,16,0,0,56,2,58,0,0,69,5,74,50,0,50,124
01/23/2011,GON,CT,ANE,EN,Federal Contract Tower,0,4,9,0,13,0,0,43,0,43,0,4,52,0,56,68,0,68,124
01/24/2011,GON,CT,ANE,EN,Federal Contract Tower,0,4,13,0,17,0,0,39,4,43,0,4,52,4,60,22,0,22,82
01/25/2011,GON,CT,ANE,EN,Federal Contract Tower,0,0,7,0,7,0,0,2,0,2,0,0,9,0,9,0,0,0,9
01/26/2011,GON,CT,ANE,EN,Federal Contract Tower,0,3,3,0,6,0,0,0,0,0,0,3,3,0,6,0,0,0,6
01/27/2011,GON,CT,ANE,EN,Federal Contract Tower,0,1,1,0,2,0,0,6,0,6,0,1,7,0,8,0,0,0,8
01/28/2011,GON,CT,ANE,EN,Federal Contract Tower,0,8,4,2,14,0,1,20,2,23,0,9,24,4,37,2,0,2,39
01/29/2011,GON,CT,ANE,EN,Federal Contract Tower,0,0,3,0,3,0,1,22,0,23,0,1,25,0,26,24,0,24,50
01/30/2011,GON,CT,ANE,EN,Federal Contract Tower,0,0,19,0,19,0,1,77,9,87,0,1,96,9,106,62,0,62,168
01/31/2011,GON,CT,ANE,EN,Federal Contract Tower,0,4,8,3,15,0,0,46,1,47,0,4,54,4,62,10,4,14,76
02/01/2011,GON,CT,ANE,EN,Federal Contract Tower,0,0,0,0,0,0,0,0,0,0,0,0,0,0,0,0,0,0,0
02/02/2011,GON,CT,ANE,EN,Federal Contract Tower,0,0,6,0,6,0,0,0,0,0,0,0,6,0,6,0,0,0,6
02/03/2011,GON,CT,ANE,EN,Federal Contract Tower,0,2,6,7,15,0,0,30,6,36,0,2,36,13,51,14,4,18,69
02/04/2011,GON,CT,ANE,EN,Federal Contract Tower,0,3,13,0,16,0,0,52,9,61,0,3,65,9,77,18,2,20,97
02/05/2011,GON,CT,ANE,EN,Federal Contract Tower,0,0,2,0,2,0,0,6,0,6,0,0,8,0,8,30,0,30,38
02/06/2011,GON,CT,ANE,EN,Federal Contract Tower,0,1,11,0,12,0,0,42,3,45,0,1,53,3,57,46,0,46,103
02/07/2011,GON,CT,ANE,EN,Federal Contract Tower,0,1,11,8,20,0,0,45,0,45,0,1,56,8,65,26,0,26,91
02/08/2011,GON,CT,ANE,EN,Federal Contract Tower,0,0,10,0,10,0,0,0,0,0,0,0,10,0,10,0,2,2,12
02/09/2011,GON,CT,ANE,EN,Federal Contract Tower,0,2,12,3,17,0,1,30,17,48,0,3,42,20,65,20,4,24,89
02/10/2011,GON,CT,ANE,EN,Federal Contract Tower,0,1,7,0,8,0,0,20,10,30,0,1,27,10,38,18,8,26,64
02/11/2011,GON,CT,ANE,EN,Federal Contract Tower,0,1,11,4,16,0,0,65,20,85,0,1,76,24,101,26,8,34,135
02/12/2011,GON,CT,ANE,EN,Federal Contract Tower,0,0,4,0,4,0,0,58,0,58,0,0,62,0,62,56,0,56,118
02/13/2011,GON,CT,ANE,EN,Federal Contract Tower,0,2,13,4,19,0,0,41,9,50,0,2,54,13,69,64,6,70,139
02/14/2011,GON,CT,ANE,EN,Federal Contract Tower,0,2,11,1,14,0,0,33,2,35,0,2,44,3,49,48,0,48,97
02/15/2011,GON,CT,ANE,EN,Federal Contract Tower,0,2,9,1,12,0,0,21,0,21,0,2,30,1,33,26,4,30,63
02/16/2011,GON,CT,ANE,EN,Federal Contract Tower,0,6,14,4,24,0,0,75,12,87,0,6,89,16,111,56,20,76,187
02/17/2011,GON,CT,ANE,EN,Federal Contract Tower,0,5,4,3,12,0,0,46,6,52,0,5,50,9,64,34,4,38,102
02/18/2011,GON,CT,ANE,EN,Federal Contract Tower,0,5,8,4,17,0,0,39,0,39,0,5,47,4,56,48,0,48,104
02/19/2011,GON,CT,ANE,EN,Federal Contract Tower,0,5,3,0,8,0,0,4,0,4,0,5,7,0,12,0,0,0,12
02/20/2011,GON,CT,ANE,EN,Federal Contract Tower,0,1,12,0,13,0,0,33,0,33,0,1,45,0,46,42,0,42,88
02/21/2011,GON,CT,ANE,EN,Federal Contract Tower,0,6,1,0,7,0,0,2,0,2,0,6,3,0,9,0,0,0,9
02/22/2011,GON,CT,ANE,EN,Federal Contract Tower,0,1,14,0,15,0,0,55,3,58,0,1,69,3,73,24,12,36,109
02/23/2011,GON,CT,ANE,EN,Federal Contract Tower,0,7,7,1,15,0,5,55,6,66,0,12,62,7,81,22,8,30,111
02/24/2011,GON,CT,ANE,EN,Federal Contract Tower,0,4,15,0,19,0,0,44,8,52,0,4,59,8,71,20,14,34,105
02/25/2011,GON,CT,ANE,EN,Federal Contract Tower,0,2,4,0,6,0,0,0,0,0,0,2,4,0,6,0,0,0,6
02/26/2011,GON,CT,ANE,EN,Federal Contract Tower,0,0,16,1,17,0,0,68,6,74,0,0,84,7,91,58,6,64,155
02/27/2011,GON,CT,ANE,EN,Federal Contract Tower,0,3,9,0,12,0,0,19,0,19,0,3,28,0,31,42,0,42,73
02/28/2011,GON,CT,ANE,EN,Federal Contract Tower,0,2,12,0,14,0,0,1,0,1,0,2,13,0,15,0,0,0,15
03/01/2011,GON,CT,ANE,EN,Federal Contract Tower,0,0,7,2,9,0,0,40,5,45,0,0,47,7,54,16,0,16,70
03/02/2011,GON,CT,ANE,EN,Federal Contract Tower,0,4,14,3,21,0,0,30,5,35,0,4,44,8,56,30,2,32,88
03/03/2011,GON,CT,ANE,EN,Federal Contract Tower,0,2,23,4,29,0,0,54,11,65,0,2,77,15,94,24,0,24,118
03/04/2011,GON,CT,ANE,EN,Federal Contract Tower,0,2,16,3,21,0,0,55,3,58,0,2,71,6,79,50,0,50,129
03/05/2011,GON,CT,ANE,EN,Federal Contract Tower,0,0,9,0,9,0,0,41,2,43,0,0,50,2,52,68,4,72,124
03/06/2011,GON,CT,ANE,EN,Federal Contract Tower,0,0,0,0,0,0,0,5,0,5,0,0,5,0,5,10,0,10,15
03/07/2011,GON,CT,ANE,EN,Federal Contract Tower,0,5,4,0,9,0,0,6,0,6,0,5,10,0,15,8,0,8,23
03/08/2011,GON,CT,ANE,EN,Federal Contract Tower,0,1,16,2,19,0,0,81,13,94,0,1,97,15,113,58,8,66,179
03/09/2011,GON,CT,ANE,EN,Federal Contract Tower,0,8,8,6,22,0,1,49,8,58,0,9,57,14,80,18,2,20,100
03/10/2011,GON,CT,ANE,EN,Federal Contract Tower,0,1,16,1,18,0,0,0,1,1,0,1,16,2,19,0,0,0,19
03/11/2011,GON,CT,ANE,EN,Federal Contract Tower,0,5,13,0,18,0,0,12,0,12,0,5,25,0,30,8,0,8,38
03/12/2011,GON,CT,ANE,EN,Federal Contract Tower,0,0,4,0,4,0,0,66,0,66,0,0,70,0,70,28,12,40,110
03/13/2011,GON,CT,ANE,EN,Federal Contract Tower,0,2,9,1,12,0,0,99,0,99,0,2,108,1,111,62,2,64,175
03/14/2011,GON,CT,ANE,EN,Federal Contract Tower,0,2,23,0,25,0,0,50,0,50,0,2,73,0,75,50,0,50,125
03/15/2011,GON,CT,ANE,EN,Federal Contract Tower,0,0,10,1,11,0,0,40,6,46,0,0,50,7,57,40,0,40,97
03/16/2011,GON,CT,ANE,EN,Federal Contract Tower,0,0,14,0,14,0,0,0,0,0,0,0,14,0,14,0,0,0,14
03/17/2011,GON,CT,ANE,EN,Federal Contract Tower,0,1,9,5,15,0,0,88,11,99,0,1,97,16,114,28,8,36,150
03/18/2011,GON,CT,ANE,EN,Federal Contract Tower,0,3,15,4,22,0,2,38,8,48,0,5,53,12,70,60,0,60,130
03/19/2011,GON,CT,ANE,EN,Federal Contract Tower,0,2,7,0,9,0,0,57,12,69,0,2,64,12,78,44,4,48,126
03/20/2011,GON,CT,ANE,EN,Federal Contract Tower,0,1,8,3,12,0,1,78,12,91,0,2,86,15,103,68,14,82,185
03/21/2011,GON,CT,ANE,EN,Federal Contract Tower,0,3,2,1,6,0,0,1,0,1,0,3,3,1,7,0,0,0,7
03/22/2011,GON,CT,ANE,EN,Federal Contract Tower,0,0,20,2,22,0,0,32,3,35,0,0,52,5,57,6,10,16,73
03/23/2011,GON,CT,ANE,EN,Federal Contract Tower,0,2,9,2,13,0,0,4,0,4,0,2,13,2,17,0,0,0,17
03/24/2011,GON,CT,ANE,EN,Federal Contract Tower,0,3,15,0,18,0,2,19,0,21,0,5,34,0,39,26,0,26,65
03/25/2011,GON,CT,ANE,EN,Federal Contract Tower,0,5,17,0,22,0,0,55,4,59,0,5,72,4,81,50,2,52,133
03/26/2011,GON,CT,ANE,EN,Federal Contract Tower,0,1,10,0,11,0,1,85,15,101,0,2,95,15,112,50,0,50,162
03/27/2011,GON,CT,ANE,EN,Federal Contract Tower,0,2,4,0,6,0,0,73,0,73,0,2,77,0,79,74,2,76,155
03/28/2011,GON,CT,ANE,EN,Federal Contract Tower,0,3,19,0,22,0,0,15,7,22,0,3,34,7,44,8,0,8,52
03/29/2011,GON,CT,ANE,EN,Federal Contract Tower,0,4,13,0,17,0,0,54,0,54,0,4,67,0,71,48,0,48,119
03/30/2011,GON,CT,ANE,EN,Federal Contract Tower,0,3,15,6,24,0,0,65,14,79,0,3,80,20,103,68,12,80,183
03/31/2011,GON,CT,ANE,EN,Federal Contract Tower,0,2,8,1,11,0,0,7,13,20,0,2,15,14,31,8,2,10,41
04/01/2011,GON,CT,ANE,EN,Federal Contract Tower,0,5,8,5,18,0,0,5,0,5,0,5,13,5,23,0,0,0,23
04/02/2011,GON,CT,ANE,EN,Federal Contract Tower,0,0,8,0,8,0,0,56,13,69,0,0,64,13,77,54,0,54,131
04/03/2011,GON,CT,ANE,EN,Federal Contract Tower,0,0,10,0,10,0,0,38,0,38,0,0,48,0,48,20,0,20,68
04/04/2011,GON,CT,ANE,EN,Federal Contract Tower,0,3,18,0,21,0,0,7,0,7,0,3,25,0,28,8,0,8,36
04/05/2011,GON,CT,ANE,EN,Federal Contract Tower,0,0,2,1,3,0,0,1,0,1,0,0,3,1,4,0,0,0,4
04/06/2011,GON,CT,ANE,EN,Federal Contract Tower,0,1,6,3,10,0,0,37,11,48,0,1,43,14,58,8,10,18,76
04/07/2011,GON,CT,ANE,EN,Federal Contract Tower,0,1,13,1,15,0,1,39,5,45,0,2,52,6,60,22,2,24,84
04/08/2011,GON,CT,ANE,EN,Federal Contract Tower,0,8,7,1,16,0,0,65,11,76,0,8,72,12,92,30,0,30,122
04/09/2011,GON,CT,ANE,EN,Federal Contract Tower,0,0,16,2,18,0,0,80,3,83,0,0,96,5,101,70,2,72,173
04/10/2011,GON,CT,ANE,EN,Federal Contract Tower,0,5,17,0,22,0,0,61,7,68,0,5,78,7,90,38,4,42,132
04/11/2011,GON,CT,ANE,EN,Federal Contract Tower,0,6,8,4,18,0,0,0,0,0,0,6,8,4,18,2,0,2,20
04/12/2011,GON,CT,ANE,EN,Federal Contract Tower,0,1,15,2,18,0,0,13,0,13,0,1,28,2,31,22,4,26,57
04/13/2011,GON,CT,ANE,EN,Federal Contract Tower,0,2,19,2,23,0,0,0,0,0,0,2,19,2,23,0,0,0,23
04/14/2011,GON,CT,ANE,EN,Federal Contract Tower,0,3,6,6,15,0,0,64,13,77,0,3,70,19,92,12,2,14,106
04/15/2011,GON,CT,ANE,EN,Federal Contract Tower,0,4,9,1,14,0,2,74,7,83,0,6,83,8,97,54,0,54,151
04/16/2011,GON,CT,ANE,EN,Federal Contract Tower,0,0,18,1,19,0,0,7,4,11,0,0,25,5,30,4,4,8,38
04/17/2011,GON,CT,ANE,EN,Federal Contract Tower,0,0,7,0,7,0,0,22,4,26,0,0,29,4,33,8,0,8,41
04/18/2011,GON,CT,ANE,EN,Federal Contract Tower,0,3,16,1,20,0,0,53,4,57,0,3,69,5,77,40,2,42,119
04/19/2011,GON,CT,ANE,EN,Federal Contract Tower,0,0,8,2,10,0,0,30,6,36,0,0,38,8,46,30,0,30,76
04/20/2011,GON,CT,ANE,EN,Federal Contract Tower,0,4,14,0,18,0,0,3,0,3,0,4,17,0,21,0,0,0,21
04/21/2011,GON,CT,ANE,EN,Federal Contract Tower,0,5,4,3,12,0,0,59,11,70,0,5,63,14,82,14,6,20,102
04/22/2011,GON,CT,ANE,EN,Federal Contract Tower,0,5,21,0,26,0,0,74,11,85,0,5,95,11,111,54,0,54,165
04/23/2011,GON,CT,ANE,EN,Federal Contract Tower,0,0,4,0,4,0,0,0,0,0,0,0,4,0,4,0,0,0,4
04/24/2011,GON,CT,ANE,EN,Federal Contract Tower,0,1,16,0,17,0,0,7,0,7,0,1,23,0,24,2,0,2,26
04/25/2011,GON,CT,ANE,EN,Federal Contract Tower,0,4,11,0,15,0,0,24,0,24,0,4,35,0,39,32,0,32,71
04/26/2011,GON,CT,ANE,EN,Federal Contract Tower,0,0,11,2,13,0,0,16,1,17,0,0,27,3,30,24,0,24,54
04/27/2011,GON,CT,ANE,EN,Federal Contract Tower,0,1,12,0,13,0,0,0,0,0,0,1,12,0,13,0,0,0,13
04/28/2011,GON,CT,ANE,EN,Federal Contract Tower,0,3,2,0,5,0,0,0,0,0,0,3,2,0,5,4,0,4,9
04/29/2011,GON,CT,ANE,EN,Federal Contract Tower,0,3,10,1,14,0,0,75,4,79,0,3,85,5,93,44,0,44,137
04/30/2011,GON,CT,ANE,EN,Federal Contract Tower,0,0,13,0,13,0,0,70,7,77,0,0,83,7,90,52,0,52,142
05/01/2011,GON,CT,ANE,EN,Federal Contract Tower,0,0,11,0,11,0,0,66,2,68,0,0,77,2,79,36,0,36,115
05/02/2011,GON,CT,ANE,EN,Federal Contract Tower,0,3,29,0,32,0,0,59,0,59,0,3,88,0,91,70,0,70,161
05/03/2011,GON,CT,ANE,EN,Federal Contract Tower,0,0,10,2,12,0,0,31,3,34,0,0,41,5,46,38,0,38,84
05/04/2011,GON,CT,ANE,EN,Federal Contract Tower,0,2,19,4,25,0,0,0,0,0,0,2,19,4,25,0,0,0,25
05/05/2011,GON,CT,ANE,EN,Federal Contract Tower,0,0,17,2,19,0,0,40,11,51,0,0,57,13,70,32,2,34,104
05/06/2011,GON,CT,ANE,EN,Federal Contract Tower,0,0,23,1,24,0,0,67,12,79,0,0,90,13,103,54,0,54,157
05/07/2011,GON,CT,ANE,EN,Federal Contract Tower,0,0,7,2,9,0,0,65,5,70,0,0,72,7,79,72,0,72,151
05/08/2011,GON,CT,ANE,EN,Federal Contract Tower,0,2,18,3,23,0,0,50,2,52,0,2,68,5,75,26,0,26,101
05/09/2011,GON,CT,ANE,EN,Federal Contract Tower,0,8,10,1,19,0,0,52,4,56,0,8,62,5,75,30,0,30,105
05/10/2011,GON,CT,ANE,EN,Federal Contract Tower,0,2,8,1,11,0,0,25,8,33,0,2,33,9,44,16,0,16,60
05/11/2011,GON,CT,ANE,EN,Federal Contract Tower,0,6,31,5,42,0,0,22,2,24,0,6,53,7,66,38,0,38,104
05/12/2011,GON,CT,ANE,EN,Federal Contract Tower,0,1,15,0,16,0,0,57,10,67,0,1,72,10,83,34,4,38,121
05/13/2011,GON,CT,ANE,EN,Federal Contract Tower,0,8,15,1,24,0,2,90,12,104,0,10,105,13,128,78,2,80,208
05/14/2011,GON,CT,ANE,EN,Federal Contract Tower,0,8,25,0,33,0,0,26,3,29,0,8,51,3,62,12,2,14,76
05/15/2011,GON,CT,ANE,EN,Federal Contract Tower,0,1,20,0,21,0,0,10,0,10,0,1,30,0,31,28,0,28,59
05/16/2011,GON,CT,ANE,EN,Federal Contract Tower,0,8,16,2,26,0,0,0,0,0,0,8,16,2,26,0,0,0,26
05/17/2011,GON,CT,ANE,EN,Federal Contract Tower,0,2,14,2,18,0,0,0,3,3,0,2,14,5,21,0,6,6,27
05/18/2011,GON,CT,ANE,EN,Federal Contract Tower,0,5,11,12,28,0,0,0,0,0,0,5,11,12,28,0,0,0,28
05/19/2011,GON,CT,ANE,EN,Federal Contract Tower,0,7,26,6,39,0,0,1,2,3,0,7,27,8,42,0,4,4,46
05/20/2011,GON,CT,ANE,EN,Federal Contract Tower,0,5,19,1,25,0,0,2,0,2,0,5,21,1,27,8,0,8,35
05/21/2011,GON,CT,ANE,EN,Federal Contract Tower,0,3,24,1,28,0,0,21,3,24,0,3,45,4,52,34,4,38,90
05/22/2011,GON,CT,ANE,EN,Federal Contract Tower,0,7,23,1,31,0,0,31,6,37,0,7,54,7,68,60,10,70,138
05/23/2011,GON,CT,ANE,EN,Federal Contract Tower,0,5,9,0,14,0,0,0,0,0,0,5,9,0,14,0,0,0,14
05/24/2011,GON,CT,ANE,EN,Federal Contract Tower,0,2,16,1,19,0,2,14,2,18,0,4,30,3,37,18,26,44,81
05/25/2011,GON,CT,ANE,EN,Federal Contract Tower,0,5,20,5,30,0,0,115,16,131,0,5,135,21,161,104,8,112,273
05/26/2011,GON,CT,ANE,EN,Federal Contract Tower,0,7,17,0,24,0,0,0,0,0,0,7,17,0,24,6,0,6,30
05/27/2011,GON,CT,ANE,EN,Federal Contract Tower,0,11,21,1,33,0,0,85,0,85,0,11,106,1,118,72,0,72,190
05/28/2011,GON,CT,ANE,EN,Federal Contract Tower,0,5,10,0,15,0,0,4,0,4,0,5,14,0,19,6,0,6,25
05/29/2011,GON,CT,ANE,EN,Federal Contract Tower,0,5,8,3,16,0,0,10,5,15,0,5,18,8,31,14,8,22,53
05/30/2011,GON,CT,ANE,EN,Federal Contract Tower,0,1,11,0,12,0,4,33,2,39,0,5,44,2,51,24,0,24,75
05/31/2011,GON,CT,ANE,EN,Federal Contract Tower,0,5,12,3,20,0,1,91,13,105,0,6,103,16,125,68,8,76,201
06/01/2011,GON,CT,ANE,EN,Federal Contract Tower,0,2,12,4,18,0,0,8,2,10,0,2,20,6,28,10,0,10,38
06/02/2011,GON,CT,ANE,EN,Federal Contract Tower,0,3,8,6,17,0,0,44,15,59,0,3,52,21,76,26,18,44,120
06/03/2011,GON,CT,ANE,EN,Federal Contract Tower,0,4,15,6,25,0,2,78,16,96,0,6,93,22,121,54,2,56,177
06/04/2011,GON,CT,ANE,EN,Federal Contract Tower,0,0,20,0,20,0,2,80,5,87,0,2,100,5,107,60,0,60,167
06/05/2011,GON,CT,ANE,EN,Federal Contract Tower,0,4,16,2,22,0,0,68,8,76,0,4,84,10,98,78,18,96,194
06/06/2011,GON,CT,ANE,EN,Federal Contract Tower,0,6,16,2,24,0,2,56,9,67,0,8,72,11,91,58,2,60,151
06/07/2011,GON,CT,ANE,EN,Federal Contract Tower,0,3,12,2,17,0,0,75,13,88,0,3,87,15,105,40,6,46,151
06/08/2011,GON,CT,ANE,EN,Federal Contract Tower,0,2,12,4,18,0,1,50,10,61,0,3,62,14,79,40,4,44,123
06/09/2011,GON,CT,ANE,EN,Federal Contract Tower,0,4,12,8,24,0,1,30,9,40,0,5,42,17,64,12,18,30,94
06/10/2011,GON,CT,ANE,EN,Federal Contract Tower,0,4,18,5,27,0,3,51,8,62,0,7,69,13,89,56,0,56,145
06/11/2011,GON,CT,ANE,EN,Federal Contract Tower,0,0,17,2,19,0,0,21,3,24,0,0,38,5,43,18,0,18,61
06/12/2011,GON,CT,ANE,EN,Federal Contract Tower,0,1,15,1,17,0,0,0,0,0,0,1,15,1,17,0,0,0,17
06/13/2011,GON,CT,ANE,EN,Federal Contract Tower,0,7,26,2,35,0,0,54,6,60,0,7,80,8,95,54,0,54,149
06/14/2011,GON,CT,ANE,EN,Federal Contract Tower,0,2,17,5,24,0,1,21,6,28,0,3,38,11,52,22,8,30,82
06/15/2011,GON,CT,ANE,EN,Federal Contract Tower,0,2,17,5,24,0,1,64,14,79,0,3,81,19,103,46,0,46,149
06/16/2011,GON,CT,ANE,EN,Federal Contract Tower,0,4,18,1,23,0,2,113,9,124,0,6,131,10,147,40,0,40,187
06/17/2011,GON,CT,ANE,EN,Federal Contract Tower,0,9,23,0,32,0,0,12,0,12,0,9,35,0,44,2,0,2,46
06/18/2011,GON,CT,ANE,EN,Federal Contract Tower,0,2,28,0,30,0,1,34,1,36,0,3,62,1,66,24,0,24,90
06/19/2011,GON,CT,ANE,EN,Federal Contract Tower,0,12,16,2,30,0,1,86,7,94,0,13,102,9,124,58,0,58,182
06/20/2011,GON,CT,ANE,EN,Federal Contract Tower,0,4,19,8,31,0,1,70,2,73,0,5,89,10,104,62,0,62,166
06/21/2011,GON,CT,ANE,EN,Federal Contract Tower,0,0,25,8,33,0,2,67,13,82,0,2,92,21,115,90,6,96,211
06/22/2011,GON,CT,ANE,EN,Federal Contract Tower,0,1,36,4,41,0,1,13,7,21,0,2,49,11,62,24,0,24,86
06/23/2011,GON,CT,ANE,EN,Federal Contract Tower,0,8,25,8,41,0,0,6,3,9,0,8,31,11,50,2,6,8,58
06/24/2011,GON,CT,ANE,EN,Federal Contract Tower,0,6,35,4,45,0,0,0,0,0,0,6,35,4,45,2,2,4,49
06/25/2011,GON,CT,ANE,EN,Federal Contract Tower,0,3,32,1,36,0,1,32,1,34,0,4,64,2,70,26,0,26,96
06/26/2011,GON,CT,ANE,EN,Federal Contract Tower,0,7,8,1,16,0,0,65,8,73,0,7,73,9,89,58,26,84,173
06/27/2011,GON,CT,ANE,EN,Federal Contract Tower,0,3,27,0,30,0,0,92,9,101,0,3,119,9,131,106,6,112,243
06/28/2011,GON,CT,ANE,EN,Federal Contract Tower,0,3,18,1,22,0,0,39,0,39,0,3,57,1,61,60,0,60,121
06/29/2011,GON,CT,ANE,EN,Federal Contract Tower,0,7,12,2,21,0,0,75,13,88,0,7,87,15,109,32,6,38,147
06/30/2011,GON,CT,ANE,EN,Federal Contract Tower,0,13,22,1,36,0,1,67,2,70,0,14,89,3,106,26,6,32,138
07/01/2011,GON,CT,ANE,EN,Federal Contract Tower,0,3,21,2,26,0,0,90,2,92,0,3,111,4,118,54,0,54,172
07/02/2011,GON,CT,ANE,EN,Federal Contract Tower,0,0,11,0,11,0,0,80,1,81,0,0,91,1,92,80,0,80,172
07/03/2011,GON,CT,ANE,EN,Federal Contract Tower,0,1,11,0,12,0,1,20,0,21,0,2,31,0,33,8,0,8,41
07/04/2011,GON,CT,ANE,EN,Federal Contract Tower,0,4,11,0,15,0,1,25,0,26,0,5,36,0,41,14,0,14,55
07/05/2011,GON,CT,ANE,EN,Federal Contract Tower,0,2,26,2,30,0,3,80,8,91,0,5,106,10,121,44,0,44,165
07/06/2011,GON,CT,ANE,EN,Federal Contract Tower,0,7,19,0,26,0,0,34,4,38,0,7,53,4,64,66,0,66,130
07/07/2011,GON,CT,ANE,EN,Federal Contract Tower,0,5,8,4,17,0,2,54,0,56,0,7,62,4,73,22,0,22,95
07/08/2011,GON,CT,ANE,EN,Federal Contract Tower,0,4,39,0,43,0,0,0,0,0,0,4,39,0,43,24,0,24,67
07/09/2011,GON,CT,ANE,EN,Federal Contract Tower,0,0,11,1,12,0,3,73,12,88,0,3,84,13,100,66,0,66,166
07/10/2011,GON,CT,ANE,EN,Federal Contract Tower,0,6,25,0,31,0,0,142,8,150,0,6,167,8,181,52,0,52,233
07/11/2011,GON,CT,ANE,EN,Federal Contract Tower,0,9,14,0,23,0,1,53,0,54,0,10,67,0,77,74,0,74,151
07/12/2011,GON,CT,ANE,EN,Federal Contract Tower,0,0,14,0,14,0,1,34,0,35,0,1,48,0,49,42,2,44,93
07/13/2011,GON,CT,ANE,EN,Federal Contract Tower,0,3,10,2,15,0,1,58,4,63,0,4,68,6,78,30,0,30,108
07/14/2011,GON,CT,ANE,EN,Federal Contract Tower,0,6,17,2,25,0,0,84,6,90,0,6,101,8,115,50,0,50,165
07/15/2011,GON,CT,ANE,EN,Federal Contract Tower,0,12,19,1,32,0,1,110,6,117,0,13,129,7,149,54,0,54,203
07/16/2011,GON,CT,ANE,EN,Federal Contract Tower,0,2,15,1,18,0,1,74,5,80,0,3,89,6,98,68,0,68,166
07/17/2011,GON,CT,ANE,EN,Federal Contract Tower,0,3,16,0,19,0,2,84,2,88,0,5,100,2,107,52,0,52,159
07/18/2011,GON,CT,ANE,EN,Federal Contract Tower,0,12,20,1,33,0,0,43,2,45,0,12,63,3,78,20,2,22,100
07/19/2011,GON,CT,ANE,EN,Federal Contract Tower,0,0,21,2,23,0,3,68,13,84,0,3,89,15,107,28,10,38,145
07/20/2011,GON,CT,ANE,EN,Federal Contract Tower,0,6,26,2,34,0,0,66,20,86,0,6,92,22,120,24,8,32,152
07/21/2011,GON,CT,ANE,EN,Federal Contract Tower,0,9,26,5,40,0,2,31,2,35,0,11,57,7,75,22,0,22,97
07/22/2011,GON,CT,ANE,EN,Federal Contract Tower,0,8,18,3,29,0,1,57,8,66,0,9,75,11,95,58,8,66,161
07/23/2011,GON,CT,ANE,EN,Federal Contract Tower,0,1,19,1,21,0,1,88,7,96,0,2,107,8,117,78,6,84,201
07/24/2011,GON,CT,ANE,EN,Federal Contract Tower,0,8,14,4,26,0,0,54,5,59,0,8,68,9,85,20,8,28,113
07/25/2011,GON,CT,ANE,EN,Federal Contract Tower,0,6,26,0,32,0,0,39,2,41,0,6,65,2,73,58,0,58,131
07/26/2011,GON,CT,ANE,EN,Federal Contract Tower,0,3,17,3,23,0,2,50,2,54,0,5,67,5,77,30,0,30,107
07/27/2011,GON,CT,ANE,EN,Federal Contract Tower,0,3,21,2,26,0,3,103,5,111,0,6,124,7,137,60,2,62,199
07/28/2011,GON,CT,ANE,EN,Federal Contract Tower,0,1,10,0,11,0,1,56,10,67,0,2,66,10,78,44,10,54,132
07/29/2011,GON,CT,ANE,EN,Federal Contract Tower,0,12,48,0,60,0,1,17,1,19,0,13,65,1,79,10,0,10,89
07/30/2011,GON,CT,ANE,EN,Federal Contract Tower,0,2,14,2,18,0,2,87,3,92,0,4,101,5,110,52,0,52,162
07/31/2011,GON,CT,ANE,EN,Federal Contract Tower,0,7,16,1,24,0,0,113,3,116,0,7,129,4,140,58,0,58,198
08/01/2011,GON,CT,ANE,EN,Federal Contract Tower,0,8,12,0,20,0,1,56,3,60,0,9,68,3,80,74,0,74,154
08/02/2011,GON,CT,ANE,EN,Federal Contract Tower,0,2,21,0,23,0,2,70,18,90,0,4,91,18,113,42,10,52,165
08/03/2011,GON,CT,ANE,EN,Federal Contract Tower,0,8,34,2,44,0,0,54,16,70,0,8,88,18,114,94,8,102,216
08/04/2011,GON,CT,ANE,EN,Federal Contract Tower,0,6,20,2,28,0,2,83,9,94,0,8,103,11,122,62,0,62,184
08/05/2011,GON,CT,ANE,EN,Federal Contract Tower,0,6,25,0,31,0,0,85,12,97,0,6,110,12,128,108,0,108,236
08/06/2011,GON,CT,ANE,EN,Federal Contract Tower,0,0,13,0,13,0,0,61,0,61,0,0,74,0,74,50,0,50,124
08/07/2011,GON,CT,ANE,EN,Federal Contract Tower,0,7,22,0,29,0,1,12,0,13,0,8,34,0,42,6,0,6,48
08/08/2011,GON,CT,ANE,EN,Federal Contract Tower,0,9,26,1,36,0,0,46,0,46,0,9,72,1,82,20,0,20,102
08/09/2011,GON,CT,ANE,EN,Federal Contract Tower,0,3,19,6,28,0,0,50,23,73,0,3,69,29,101,10,10,20,121
08/10/2011,GON,CT,ANE,EN,Federal Contract Tower,0,9,28,0,37,0,0,60,25,85,0,9,88,25,122,60,4,64,186
08/11/2011,GON,CT,ANE,EN,Federal Contract Tower,0,3,22,2,27,0,0,90,9,99,0,3,112,11,126,92,0,92,218
08/12/2011,GON,CT,ANE,EN,Federal Contract Tower,0,6,20,0,26,0,2,138,11,151,0,8,158,11,177,54,0,54,231
08/13/2011,GON,CT,ANE,EN,Federal Contract Tower,0,2,19,2,23,0,3,106,8,117,0,5,125,10,140,80,6,86,226
08/14/2011,GON,CT,ANE,EN,Federal Contract Tower,0,7,15,0,22,0,1,5,0,6,0,8,20,0,28,0,0,0,28
08/15/2011,GON,CT,ANE,EN,Federal Contract Tower,0,11,9,0,20,0,0,1,0,1,0,11,10,0,21,0,0,0,21
08/16/2011,GON,CT,ANE,EN,Federal Contract Tower,0,3,19,1,23,0,3,20,7,30,0,6,39,8,53,30,0,30,83
08/17/2011,GON,CT,ANE,EN,Federal Contract Tower,0,2,22,0,24,0,2,105,8,115,0,4,127,8,139,52,0,52,191
08/18/2011,GON,CT,ANE,EN,Federal Contract Tower,0,6,18,1,25,0,3,43,7,53,0,9,61,8,78,56,6,62,140
08/19/2011,GON,CT,ANE,EN,Federal Contract Tower,0,4,18,3,25,0,0,67,9,76,0,4,85,12,101,76,12,88,189
08/20/2011,GON,CT,ANE,EN,Federal Contract Tower,0,2,14,0,16,0,3,81,7,91,0,5,95,7,107,100,2,102,209
08/21/2011,GON,CT,ANE,EN,Federal Contract Tower,0,5,35,0,40,0,2,48,1,51,0,7,83,1,91,30,0,30,121
08/22/2011,GON,CT,ANE,EN,Federal Contract Tower,0,5,14,2,21,0,1,64,4,69,0,6,78,6,90,62,2,64,154
08/23/2011,GON,CT,ANE,EN,Federal Contract Tower,0,2,18,0,20,0,0,93,2,95,0,2,111,2,115,46,2,48,163
08/24/2011,GON,CT,ANE,EN,Federal Contract Tower,0,2,23,4,29,0,2,86,13,101,0,4,109,17,130,66,2,68,198
08/25/2011,GON,CT,ANE,EN,Federal Contract Tower,0,7,12,2,21,0,5,21,1,27,0,12,33,3,48,42,0,42,90
08/26/2011,GON,CT,ANE,EN,Federal Contract Tower,0,13,17,1,31,0,1,86,8,95,0,14,103,9,126,80,0,80,206
08/27/2011,GON,CT,ANE,EN,Federal Contract Tower,0,3,8,0,11,0,0,0,0,0,0,3,8,0,11,0,0,0,11
08/28/2011,GON,CT,ANE,EN,Federal Contract Tower,0,0,0,0,0,0,0,0,0,0,0,0,0,0,0,0,0,0,0
08/29/2011,GON,CT,ANE,EN,Federal Contract Tower,0,9,13,1,23,0,1,41,2,44,0,10,54,3,67,6,0,6,73
08/30/2011,GON,CT,ANE,EN,Federal Contract Tower,0,5,17,0,22,0,1,61,2,64,0,6,78,2,86,24,0,24,110
08/31/2011,GON,CT,ANE,EN,Federal Contract Tower,0,6,20,0,26,0,0,53,8,61,0,6,73,8,87,82,8,90,177
09/01/2011,GON,CT,ANE,EN,Federal Contract Tower,0,3,14,1,18,0,1,74,15,90,0,4,88,16,108,46,4,50,158
09/02/2011,GON,CT,ANE,EN,Federal Contract Tower,0,5,15,0,20,0,1,61,7,69,0,6,76,7,89,46,0,46,135
09/03/2011,GON,CT,ANE,EN,Federal Contract Tower,0,0,4,0,4,0,1,49,1,51,0,1,53,1,55,76,0,76,131
09/04/2011,GON,CT,ANE,EN,Federal Contract Tower,0,0,7,0,7,0,3,34,1,38,0,3,41,1,45,30,0,30,75
09/05/2011,GON,CT,ANE,EN,Federal Contract Tower,0,0,9,0,9,0,0,17,0,17,0,0,26,0,26,22,0,22,48
09/06/2011,GON,CT,ANE,EN,Federal Contract Tower,0,3,21,0,24,0,1,1,0,2,0,4,22,0,26,0,0,0,26
09/07/2011,GON,CT,ANE,EN,Federal Contract Tower,0,4,20,0,24,0,0,0,0,0,0,4,20,0,24,0,0,0,24
09/08/2011,GON,CT,ANE,EN,Federal Contract Tower,0,5,14,4,23,0,2,20,1,23,0,7,34,5,46,8,2,10,56
09/09/2011,GON,CT,ANE,EN,Federal Contract Tower,0,2,22,0,24,0,0,65,10,75,0,2,87,10,99,62,0,62,161
09/10/2011,GON,CT,ANE,EN,Federal Contract Tower,0,0,9,1,10,0,2,96,6,104,0,2,105,7,114,50,22,72,186
09/11/2011,GON,CT,ANE,EN,Federal Contract Tower,0,3,20,0,23,0,0,77,9,86,0,3,97,9,109,68,6,74,183
09/12/2011,GON,CT,ANE,EN,Federal Contract Tower,0,4,12,0,16,0,0,33,2,35,0,4,45,2,51,10,0,10,61
09/13/2011,GON,CT,ANE,EN,Federal Contract Tower,0,0,5,2,7,0,2,44,14,60,0,2,49,16,67,6,22,28,95
09/14/2011,GON,CT,ANE,EN,Federal Contract Tower,0,3,7,3,13,0,0,45,14,59,0,3,52,17,72,42,6,48,120
09/15/2011,GON,CT,ANE,EN,Federal Contract Tower,0,1,14,3,18,0,2,9,1,12,0,3,23,4,30,4,0,4,34
09/16/2011,GON,CT,ANE,EN,Federal Contract Tower,0,2,8,2,12,0,2,95,2,99,0,4,103,4,111,40,0,40,151
09/17/2011,GON,CT,ANE,EN,Federal Contract Tower,0,0,3,0,3,0,0,72,2,74,0,0,75,2,77,54,0,54,131
09/18/2011,GON,CT,ANE,EN,Federal Contract Tower,0,0,7,0,7,0,2,48,0,50,0,2,55,0,57,14,0,14,71
09/19/2011,GON,CT,ANE,EN,Federal Contract Tower,0,2,10,2,14,0,0,35,2,37,0,2,45,4,51,12,0,12,63
09/20/2011,GON,CT,ANE,EN,Federal Contract Tower,0,2,22,2,26,0,0,20,2,22,0,2,42,4,48,6,2,8,56
09/21/2011,GON,CT,ANE,EN,Federal Contract Tower,0,3,12,2,17,0,1,20,4,25,0,4,32,6,42,2,0,2,44
09/22/2011,GON,CT,ANE,EN,Federal Contract Tower,0,4,4,2,10,0,1,6,2,9,0,5,10,4,19,2,2,4,23
09/23/2011,GON,CT,ANE,EN,Federal Contract Tower,0,2,6,0,8,0,0,0,0,0,0,2,6,0,8,0,0,0,8
09/24/2011,GON,CT,ANE,EN,Federal Contract Tower,0,1,10,1,12,0,0,6,0,6,0,1,16,1,18,16,2,18,36
09/25/2011,GON,CT,ANE,EN,Federal Contract Tower,0,0,1,0,1,0,0,73,2,75,0,0,74,2,76,42,0,42,118
09/26/2011,GON,CT,ANE,EN,Federal Contract Tower,0,4,11,2,17,0,0,42,16,58,0,4,53,18,75,10,4,14,89
09/27/2011,GON,CT,ANE,EN,Federal Contract Tower,0,0,3,0,3,0,0,0,0,0,0,0,3,0,3,0,0,0,3
09/28/2011,GON,CT,ANE,EN,Federal Contract Tower,0,3,11,2,16,0,0,12,6,18,0,3,23,8,34,2,4,6,40
09/29/2011,GON,CT,ANE,EN,Federal Contract Tower,0,2,7,2,11,0,0,6,0,6,0,2,13,2,17,0,0,0,17
09/30/2011,GON,CT,ANE,EN,Federal Contract Tower,0,2,13,0,15,0,0,72,6,78,0,2,85,6,93,24,0,24,117
10/01/2011,GON,CT,ANE,EN,Federal Contract Tower,0,1,19,2,22,0,2,9,0,11,0,3,28,2,33,4,0,4,37
10/02/2011,GON,CT,ANE,EN,Federal Contract Tower,0,0,18,0,18,0,0,63,0,63,0,0,81,0,81,40,0,40,121
10/03/2011,GON,CT,ANE,EN,Federal Contract Tower,0,3,7,4,14,0,2,34,0,36,0,5,41,4,50,38,0,38,88
10/04/2011,GON,CT,ANE,EN,Federal Contract Tower,0,0,15,3,18,0,0,27,4,31,0,0,42,7,49,10,2,12,61
10/05/2011,GON,CT,ANE,EN,Federal Contract Tower,0,2,12,2,16,0,0,44,10,54,0,2,56,12,70,12,4,16,86
10/06/2011,GON,CT,ANE,EN,Federal Contract Tower,0,1,7,5,13,0,2,58,5,65,0,3,65,10,78,40,0,40,118
10/07/2011,GON,CT,ANE,EN,Federal Contract Tower,0,8,9,2,19,0,3,76,10,89,0,11,85,12,108,20,0,20,128
10/08/2011,GON,CT,ANE,EN,Federal Contract Tower,0,0,4,0,4,0,2,56,0,58,0,2,60,0,62,36,0,36,98
10/09/2011,GON,CT,ANE,EN,Federal Contract Tower,0,4,5,0,9,0,0,83,2,85,0,4,88,2,94,66,0,66,160
10/10/2011,GON,CT,ANE,EN,Federal Contract Tower,0,0,4,0,4,0,0,73,0,73,0,0,77,0,77,56,0,56,133
10/11/2011,GON,CT,ANE,EN,Federal Contract Tower,0,1,12,0,13,0,3,61,0,64,0,4,73,0,77,6,0,6,83
10/12/2011,GON,CT,ANE,EN,Federal Contract Tower,0,7,16,3,26,0,4,35,0,39,0,11,51,3,65,10,0,10,75
10/13/2011,GON,CT,ANE,EN,Federal Contract Tower,0,6,8,0,14,0,0,2,0,2,0,6,10,0,16,0,0,0,16
10/14/2011,GON,CT,ANE,EN,Federal Contract Tower,0,6,16,0,22,0,1,6,0,7,0,7,22,0,29,0,0,0,29
10/15/2011,GON,CT,ANE,EN,Federal Contract Tower,0,2,5,0,7,0,0,26,0,26,0,2,31,0,33,4,0,4,37
10/16/2011,GON,CT,ANE,EN,Federal Contract Tower,0,3,2,0,5,0,0,29,0,29,0,3,31,0,34,6,6,12,46
10/17/2011,GON,CT,ANE,EN,Federal Contract Tower,0,4,13,0,17,0,2,56,4,62,0,6,69,4,79,20,0,20,99
10/18/2011,GON,CT,ANE,EN,Federal Contract Tower,0,0,17,4,21,0,0,54,10,64,0,0,71,14,85,34,2,36,121
10/19/2011,GON,CT,ANE,EN,Federal Contract Tower,0,1,8,0,9,0,0,0,0,0,0,1,8,0,9,0,0,0,9
10/20/2011,GON,CT,ANE,EN,Federal Contract Tower,0,4,18,2,24,0,1,14,1,16,0,5,32,3,40,0,2,2,42
10/21/2011,GON,CT,ANE,EN,Federal Contract Tower,0,7,21,3,31,0,2,93,8,103,0,9,114,11,134,28,2,30,164
10/22/2011,GON,CT,ANE,EN,Federal Contract Tower,0,2,23,0,25,0,1,95,46,142,0,3,118,46,167,80,12,92,259
10/23/2011,GON,CT,ANE,EN,Federal Contract Tower,0,4,21,2,27,0,2,101,14,117,0,6,122,16,144,52,0,52,196
10/24/2011,GON,CT,ANE,EN,Federal Contract Tower,0,5,14,1,20,0,2,46,9,57,0,7,60,10,77,48,0,48,125
10/25/2011,GON,CT,ANE,EN,Federal Contract Tower,0,10,13,0,23,0,4,32,0,36,0,14,45,0,59,6,0,6,65
10/26/2011,GON,CT,ANE,EN,Federal Contract Tower,0,1,26,5,32,0,1,36,3,40,0,2,62,8,72,26,0,26,98
10/27/2011,GON,CT,ANE,EN,Federal Contract Tower,0,5,9,2,16,0,0,0,0,0,0,5,9,2,16,0,0,0,16
10/28/2011,GON,CT,ANE,EN,Federal Contract Tower,0,4,14,2,20,0,0,46,4,50,0,4,60,6,70,22,2,24,94
10/29/2011,GON,CT,ANE,EN,Federal Contract Tower,0,2,4,0,6,0,0,2,0,2,0,2,6,0,8,2,0,2,10
10/30/2011,GON,CT,ANE,EN,Federal Contract Tower,0,1,3,0,4,0,1,20,0,21,0,2,23,0,25,2,0,2,27
10/31/2011,GON,CT,ANE,EN,Federal Contract Tower,0,4,8,0,12,0,1,48,0,49,0,5,56,0,61,22,2,24,85
11/01/2011,GON,CT,ANE,EN,Federal Contract Tower,0,0,10,2,12,0,0,29,2,31,0,0,39,4,43,36,0,36,79
11/02/2011,GON,CT,ANE,EN,Federal Contract Tower,0,2,14,4,20,0,0,47,7,54,0,2,61,11,74,38,4,42,116
11/03/2011,GON,CT,ANE,EN,Federal Contract Tower,0,1,14,1,16,0,0,57,8,65,0,1,71,9,81,36,12,48,129
11/04/2011,GON,CT,ANE,EN,Federal Contract Tower,0,3,22,4,29,0,0,50,8,58,0,3,72,12,87,10,6,16,103
11/05/2011,GON,CT,ANE,EN,Federal Contract Tower,0,1,10,0,11,0,0,71,0,71,0,1,81,0,82,60,0,60,142
11/06/2011,GON,CT,ANE,EN,Federal Contract Tower,0,0,14,1,15,0,0,71,0,71,0,0,85,1,86,34,0,34,120
11/07/2011,GON,CT,ANE,EN,Federal Contract Tower,0,6,14,0,20,0,0,45,0,45,0,6,59,0,65,40,0,40,105
11/08/2011,GON,CT,ANE,EN,Federal Contract Tower,0,2,21,0,23,0,0,65,3,68,0,2,86,3,91,36,14,50,141
11/09/2011,GON,CT,ANE,EN,Federal Contract Tower,0,0,14,3,17,0,0,19,2,21,0,0,33,5,38,26,0,26,64
11/10/2011,GON,CT,ANE,EN,Federal Contract Tower,0,4,18,3,25,0,0,0,0,0,0,4,18,3,25,0,4,4,29
11/11/2011,GON,CT,ANE,EN,Federal Contract Tower,0,2,9,0,11,0,2,27,0,29,0,4,36,0,40,4,0,4,44
11/12/2011,GON,CT,ANE,EN,Federal Contract Tower,0,2,8,0,10,0,0,43,0,43,0,2,51,0,53,58,0,58,111
11/13/2011,GON,CT,ANE,EN,Federal Contract Tower,0,0,16,0,16,0,0,67,4,71,0,0,83,4,87,54,0,54,141
11/14/2011,GON,CT,ANE,EN,Federal Contract Tower,0,0,14,1,15,0,0,35,0,35,0,0,49,1,50,20,2,22,72
11/15/2011,GON,CT,ANE,EN,Federal Contract Tower,0,0,5,1,6,0,0,34,0,34,0,0,39,1,40,22,0,22,62
11/16/2011,GON,CT,ANE,EN,Federal Contract Tower,0,1,3,0,4,0,0,1,0,1,0,1,4,0,5,0,0,0,5
11/17/2011,GON,CT,ANE,EN,Federal Contract Tower,0,1,20,3,24,0,0,18,3,21,0,1,38,6,45,8,4,12,57
11/18/2011,GON,CT,ANE,EN,Federal Contract Tower,0,6,16,3,25,0,0,74,6,80,0,6,90,9,105,68,0,68,173
11/19/2011,GON,CT,ANE,EN,Federal Contract Tower,0,5,8,0,13,0,1,51,7,59,0,6,59,7,72,36,14,50,122
11/20/2011,GON,CT,ANE,EN,Federal Contract Tower,0,2,7,2,11,0,0,56,5,61,0,2,63,7,72,44,2,46,118
11/21/2011,GON,CT,ANE,EN,Federal Contract Tower,0,4,15,0,19,0,0,45,4,49,0,4,60,4,68,12,0,12,80
11/22/2011,GON,CT,ANE,EN,Federal Contract Tower,0,4,16,0,20,0,0,29,2,31,0,4,45,2,51,14,0,14,65
11/23/2011,GON,CT,ANE,EN,Federal Contract Tower,0,7,6,0,13,0,0,0,0,0,0,7,6,0,13,0,0,0,13
11/24/2011,GON,CT,ANE,EN,Federal Contract Tower,0,0,10,0,10,0,0,17,0,17,0,0,27,0,27,6,0,6,33
11/25/2011,GON,CT,ANE,EN,Federal Contract Tower,0,2,9,0,11,0,0,67,0,67,0,2,76,0,78,32,0,32,110
11/26/2011,GON,CT,ANE,EN,Federal Contract Tower,0,4,11,0,15,0,0,79,0,79,0,4,90,0,94,78,0,78,172
11/27/2011,GON,CT,ANE,EN,Federal Contract Tower,0,1,17,0,18,0,0,46,0,46,0,1,63,0,64,34,0,34,98
11/28/2011,GON,CT,ANE,EN,Federal Contract Tower,0,10,15,0,25,0,0,48,1,49,0,10,63,1,74,42,0,42,116
11/29/2011,GON,CT,ANE,EN,Federal Contract Tower,0,1,9,1,11,0,0,23,9,32,0,1,32,10,43,14,0,14,57
11/30/2011,GON,CT,ANE,EN,Federal Contract Tower,0,3,16,1,20,0,0,28,6,34,0,3,44,7,54,4,24,28,82
12/01/2011,GON,CT,ANE,EN,Federal Contract Tower,0,2,5,0,7,0,0,49,10,59,0,2,54,10,66,70,0,70,136
12/02/2011,GON,CT,ANE,EN,Federal Contract Tower,0,5,14,4,23,0,1,85,18,104,0,6,99,22,127,88,12,100,227
12/03/2011,GON,CT,ANE,EN,Federal Contract Tower,0,1,11,3,15,0,1,68,2,71,0,2,79,5,86,74,10,84,170
12/04/2011,GON,CT,ANE,EN,Federal Contract Tower,0,0,11,0,11,0,0,64,0,64,0,0,75,0,75,90,0,90,165
12/05/2011,GON,CT,ANE,EN,Federal Contract Tower,0,5,5,1,11,0,0,1,0,1,0,5,6,1,12,4,0,4,16
12/06/2011,GON,CT,ANE,EN,Federal Contract Tower,0,1,11,0,12,0,0,2,0,2,0,1,13,0,14,2,0,2,16
12/07/2011,GON,CT,ANE,EN,Federal Contract Tower,0,6,4,0,10,0,0,0,0,0,0,6,4,0,10,2,0,2,12
12/08/2011,GON,CT,ANE,EN,Federal Contract Tower,0,2,2,1,5,0,0,39,14,53,0,2,41,15,58,10,0,10,68
12/09/2011,GON,CT,ANE,EN,Federal Contract Tower,0,5,23,0,28,0,1,68,4,73,0,6,91,4,101,52,0,52,153
12/10/2011,GON,CT,ANE,EN,Federal Contract Tower,0,5,8,2,15,0,0,49,13,62,0,5,57,15,77,30,4,34,111
12/11/2011,GON,CT,ANE,EN,Federal Contract Tower,0,8,7,0,15,0,0,73,12,85,0,8,80,12,100,66,8,74,174
12/12/2011,GON,CT,ANE,EN,Federal Contract Tower,0,6,13,2,21,0,0,53,2,55,0,6,66,4,76,74,0,74,150
12/13/2011,GON,CT,ANE,EN,Federal Contract Tower,0,2,9,0,11,0,0,66,6,72,0,2,75,6,83,40,4,44,127
12/14/2011,GON,CT,ANE,EN,Federal Contract Tower,0,4,7,3,14,0,0,38,10,48,0,4,45,13,62,76,4,80,142
12/15/2011,GON,CT,ANE,EN,Federal Contract Tower,0,3,8,0,11,0,0,21,2,23,0,3,29,2,34,12,2,14,48
12/16/2011,GON,CT,ANE,EN,Federal Contract Tower,0,2,7,0,9,0,0,25,2,27,0,2,32,2,36,2,0,2,38
12/17/2011,GON,CT,ANE,EN,Federal Contract Tower,0,1,17,0,18,0,0,58,0,58,0,1,75,0,76,46,0,46,122
12/18/2011,GON,CT,ANE,EN,Federal Contract Tower,0,2,11,1,14,0,0,38,4,42,0,2,49,5,56,20,0,20,76
12/19/2011,GON,CT,ANE,EN,Federal Contract Tower,0,4,8,0,12,0,0,22,0,22,0,4,30,0,34,8,0,8,42
12/20/2011,GON,CT,ANE,EN,Federal Contract Tower,0,0,10,1,11,0,0,61,8,69,0,0,71,9,80,46,0,46,126
12/21/2011,GON,CT,ANE,EN,Federal Contract Tower,0,2,4,0,6,0,0,1,0,1,0,2,5,0,7,2,0,2,9
12/22/2011,GON,CT,ANE,EN,Federal Contract Tower,0,1,25,4,30,0,0,63,9,72,0,1,88,13,102,36,2,38,140
12/23/2011,GON,CT,ANE,EN,Federal Contract Tower,0,6,11,0,17,0,0,16,0,16,0,6,27,0,33,38,0,38,71
12/24/2011,GON,CT,ANE,EN,Federal Contract Tower,0,0,2,0,2,0,0,10,0,10,0,0,12,0,12,4,0,4,16
12/25/2011,GON,CT,ANE,EN,Federal Contract Tower,0,0,3,0,3,0,0,4,0,4,0,0,7,0,7,0,0,0,7
12/26/2011,GON,CT,ANE,EN,Federal Contract Tower,0,2,4,0,6,0,1,34,0,35,0,3,38,0,41,2,0,2,43
12/27/2011,GON,CT,ANE,EN,Federal Contract Tower,0,3,11,1,15,0,0,26,5,31,0,3,37,6,46,28,0,28,74
12/28/2011,GON,CT,ANE,EN,Federal Contract Tower,0,3,4,0,7,0,0,14,2,16,0,3,18,2,23,0,0,0,23
12/29/2011,GON,CT,ANE,EN,Federal Contract Tower,0,4,12,2,18,0,0,48,11,59,0,4,60,13,77,36,0,36,113
12/30/2011,GON,CT,ANE,EN,Federal Contract Tower,0,1,10,1,12,0,0,67,10,77,0,1,77,11,89,86,2,88,177
12/31/2011,GON,CT,ANE,EN,Federal Contract Tower,0,0,6,0,6,0,0,18,0,18,0,0,24,0,24,8,2,10,34
01/01/2012,GON,CT,ANE,EN,Federal Contract Tower,0,1,5,0,6,0,2,39,0,41,0,3,44,0,47,12,0,12,59
01/02/2012,GON,CT,ANE,EN,Federal Contract Tower,0,2,4,0,6,0,1,17,0,18,0,3,21,0,24,0,0,0,24
01/03/2012,GON,CT,ANE,EN,Federal Contract Tower,0,0,6,1,7,0,0,21,2,23,0,0,27,3,30,26,0,26,56
01/04/2012,GON,CT,ANE,EN,Federal Contract Tower,0,4,6,1,11,0,0,44,2,46,0,4,50,3,57,16,6,22,79
01/05/2012,GON,CT,ANE,EN,Federal Contract Tower,0,1,11,6,18,0,0,39,4,43,0,1,50,10,61,42,10,52,113
01/06/2012,GON,CT,ANE,EN,Federal Contract Tower,0,2,6,2,10,0,0,52,8,60,0,2,58,10,70,40,8,48,118
01/07/2012,GON,CT,ANE,EN,Federal Contract Tower,0,0,9,0,9,0,0,94,0,94,0,0,103,0,103,72,0,72,175
01/08/2012,GON,CT,ANE,EN,Federal Contract Tower,0,0,5,0,5,0,0,52,2,54,0,0,57,2,59,50,0,50,109
01/09/2012,GON,CT,ANE,EN,Federal Contract Tower,0,4,9,0,13,0,0,32,0,32,0,4,41,0,45,14,0,14,59
01/10/2012,GON,CT,ANE,EN,Federal Contract Tower,0,1,6,4,11,0,0,42,4,46,0,1,48,8,57,34,8,42,99
01/11/2012,GON,CT,ANE,EN,Federal Contract Tower,0,1,17,0,18,0,0,77,8,85,0,1,94,8,103,90,0,90,193
01/12/2012,GON,CT,ANE,EN,Federal Contract Tower,0,5,9,0,14,0,0,0,0,0,0,5,9,0,14,0,0,0,14
01/13/2012,GON,CT,ANE,EN,Federal Contract Tower,0,3,6,2,11,0,0,6,2,8,0,3,12,4,19,0,0,0,19
01/14/2012,GON,CT,ANE,EN,Federal Contract Tower,0,0,6,2,8,0,0,58,0,58,0,0,64,2,66,40,2,42,108
01/15/2012,GON,CT,ANE,EN,Federal Contract Tower,0,0,9,1,10,0,1,45,3,49,0,1,54,4,59,44,0,44,103
01/16/2012,GON,CT,ANE,EN,Federal Contract Tower,0,3,13,0,16,0,1,57,5,63,0,4,70,5,79,68,0,68,147
01/17/2012,GON,CT,ANE,EN,Federal Contract Tower,0,1,3,2,6,0,0,2,0,2,0,1,5,2,8,10,0,10,18
01/18/2012,GON,CT,ANE,EN,Federal Contract Tower,0,5,7,0,12,0,1,24,2,27,0,6,31,2,39,12,0,12,51
01/19/2012,GON,CT,ANE,EN,Federal Contract Tower,0,0,9,2,11,0,0,43,6,49,0,0,52,8,60,36,2,38,98
01/20/2012,GON,CT,ANE,EN,Federal Contract Tower,0,5,14,1,20,0,0,39,13,52,0,5,53,14,72,22,4,26,98
01/21/2012,GON,CT,ANE,EN,Federal Contract Tower,0,0,2,0,2,0,0,0,0,0,0,0,2,0,2,0,0,0,2
01/22/2012,GON,CT,ANE,EN,Federal Contract Tower,0,0,7,0,7,0,0,16,4,20,0,0,23,4,27,34,4,38,65
01/23/2012,GON,CT,ANE,EN,Federal Contract Tower,0,2,7,0,9,0,0,1,0,1,0,2,8,0,10,0,0,0,10
01/24/2012,GON,CT,ANE,EN,Federal Contract Tower,0,0,8,1,9,0,0,53,9,62,0,0,61,10,71,6,0,6,77
01/25/2012,GON,CT,ANE,EN,Federal Contract Tower,0,2,13,2,17,0,0,40,11,51,0,2,53,13,68,42,2,44,112
01/26/2012,GON,CT,ANE,EN,Federal Contract Tower,0,3,13,0,16,0,0,12,7,19,0,3,25,7,35,4,10,14,49
01/27/2012,GON,CT,ANE,EN,Federal Contract Tower,0,2,14,0,16,0,0,0,0,0,0,2,14,0,16,0,0,0,16
01/28/2012,GON,CT,ANE,EN,Federal Contract Tower,0,3,11,0,14,0,5,77,0,82,0,8,88,0,96,72,0,72,168
01/29/2012,GON,CT,ANE,EN,Federal Contract Tower,0,2,6,2,10,0,0,65,15,80,0,2,71,17,90,36,18,54,144
01/30/2012,GON,CT,ANE,EN,Federal Contract Tower,0,3,4,2,9,0,0,29,2,31,0,3,33,4,40,30,0,30,70
01/31/2012,GON,CT,ANE,EN,Federal Contract Tower,0,0,14,4,18,0,0,32,3,35,0,0,46,7,53,16,2,18,71
02/01/2012,GON,CT,ANE,EN,Federal Contract Tower,0,5,9,0,14,0,0,30,4,34,0,5,39,4,48,22,16,38,86
02/02/2012,GON,CT,ANE,EN,Federal Contract Tower,0,6,6,0,12,0,0,44,11,55,0,6,50,11,67,38,16,54,121
02/03/2012,GON,CT,ANE,EN,Federal Contract Tower,0,9,5,1,15,0,0,67,14,81,0,9,72,15,96,30,2,32,128
02/04/2012,GON,CT,ANE,EN,Federal Contract Tower,0,3,9,1,13,0,0,65,10,75,0,3,74,11,88,68,0,68,156
02/05/2012,GON,CT,ANE,EN,Federal Contract Tower,0,0,14,0,14,0,0,56,0,56,0,0,70,0,70,44,0,44,114
02/06/2012,GON,CT,ANE,EN,Federal Contract Tower,0,8,10,2,20,0,0,33,4,37,0,8,43,6,57,30,2,32,89
02/07/2012,GON,CT,ANE,EN,Federal Contract Tower,0,0,7,9,16,0,0,38,3,41,0,0,45,12,57,22,10,32,89
02/08/2012,GON,CT,ANE,EN,Federal Contract Tower,0,6,17,0,23,0,0,24,8,32,0,6,41,8,55,8,6,14,69
02/09/2012,GON,CT,ANE,EN,Federal Contract Tower,0,4,9,2,15,0,4,59,7,70,0,8,68,9,85,54,2,56,141
02/10/2012,GON,CT,ANE,EN,Federal Contract Tower,0,4,6,3,13,0,0,56,11,67,0,4,62,14,80,74,0,74,154
02/11/2012,GON,CT,ANE,EN,Federal Contract Tower,0,2,3,0,5,0,0,1,0,1,0,2,4,0,6,0,0,0,6
02/12/2012,GON,CT,ANE,EN,Federal Contract Tower,0,4,2,2,8,0,1,30,0,31,0,5,32,2,39,12,0,12,51
02/13/2012,GON,CT,ANE,EN,Federal Contract Tower,0,2,5,0,7,0,0,26,7,33,0,2,31,7,40,10,0,10,50
02/14/2012,GON,CT,ANE,EN,Federal Contract Tower,0,0,5,7,12,0,0,31,7,38,0,0,36,14,50,20,4,24,74
02/15/2012,GON,CT,ANE,EN,Federal Contract Tower,0,3,15,1,19,0,0,17,1,18,0,3,32,2,37,42,0,42,79
02/16/2012,GON,CT,ANE,EN,Federal Contract Tower,0,1,8,0,9,0,0,14,5,19,0,1,22,5,28,18,4,22,50
02/17/2012,GON,CT,ANE,EN,Federal Contract Tower,0,2,11,0,13,0,0,20,3,23,0,2,31,3,36,42,2,44,80
02/18/2012,GON,CT,ANE,EN,Federal Contract Tower,0,1,11,0,12,0,0,64,4,68,0,1,75,4,80,42,6,48,128
02/19/2012,GON,CT,ANE,EN,Federal Contract Tower,0,1,4,0,5,0,0,74,3,77,0,1,78,3,82,62,0,62,144
02/20/2012,GON,CT,ANE,EN,Federal Contract Tower,0,2,13,0,15,0,0,39,0,39,0,2,52,0,54,40,0,40,94
02/21/2012,GON,CT,ANE,EN,Federal Contract Tower,0,0,6,4,10,0,0,41,2,43,0,0,47,6,53,40,0,40,93
02/22/2012,GON,CT,ANE,EN,Federal Contract Tower,0,3,9,2,14,0,3,32,3,38,0,6,41,5,52,48,0,48,100
02/23/2012,GON,CT,ANE,EN,Federal Contract Tower,0,1,12,0,13,0,0,25,6,31,0,1,37,6,44,38,16,54,98
02/24/2012,GON,CT,ANE,EN,Federal Contract Tower,0,4,4,0,8,0,0,0,0,0,0,4,4,0,8,2,0,2,10
02/25/2012,GON,CT,ANE,EN,Federal Contract Tower,0,3,3,0,6,0,0,2,2,4,0,3,5,2,10,4,0,4,14
02/26/2012,GON,CT,ANE,EN,Federal Contract Tower,0,2,17,0,19,0,0,70,11,81,0,2,87,11,100,52,34,86,186
02/27/2012,GON,CT,ANE,EN,Federal Contract Tower,0,3,11,3,17,0,0,57,11,68,0,3,68,14,85,58,12,70,155
02/28/2012,GON,CT,ANE,EN,Federal Contract Tower,0,0,11,1,12,0,0,33,2,35,0,0,44,3,47,18,2,20,67
02/29/2012,GON,CT,ANE,EN,Federal Contract Tower,0,3,7,3,13,0,0,13,0,13,0,3,20,3,26,38,0,38,64
03/01/2012,GON,CT,ANE,EN,Federal Contract Tower,0,1,5,5,11,0,0,2,0,2,0,1,7,5,13,1,0,1,14
03/02/2012,GON,CT,ANE,EN,Federal Contract Tower,0,5,14,0,19,0,0,22,9,31,0,5,36,9,50,30,24,54,104
03/03/2012,GON,CT,ANE,EN,Federal Contract Tower,0,3,8,3,14,0,0,4,0,4,0,3,12,3,18,2,2,4,22
03/04/2012,GON,CT,ANE,EN,Federal Contract Tower,0,0,5,2,7,0,0,73,2,75,0,0,78,4,82,110,14,124,206
03/05/2012,GON,CT,ANE,EN,Federal Contract Tower,0,4,9,0,13,0,0,54,1,55,0,4,63,1,68,52,0,52,120
03/06/2012,GON,CT,ANE,EN,Federal Contract Tower,0,2,9,0,11,0,0,59,3,62,0,2,68,3,73,52,0,52,125
03/07/2012,GON,CT,ANE,EN,Federal Contract Tower,0,3,8,0,11,0,0,45,4,49,0,3,53,4,60,16,2,18,78
03/08/2012,GON,CT,ANE,EN,Federal Contract Tower,0,2,10,6,18,0,0,17,3,20,0,2,27,9,38,32,12,44,82
03/09/2012,GON,CT,ANE,EN,Federal Contract Tower,0,3,16,4,23,0,0,34,7,41,0,3,50,11,64,16,2,18,82
03/10/2012,GON,CT,ANE,EN,Federal Contract Tower,0,3,5,0,8,0,3,50,0,53,0,6,55,0,61,88,0,88,149
03/11/2012,GON,CT,ANE,EN,Federal Contract Tower,0,0,10,0,10,0,1,46,1,48,0,1,56,1,58,38,0,38,96
03/12/2012,GON,CT,ANE,EN,Federal Contract Tower,0,5,9,2,16,0,0,72,2,74,0,5,81,4,90,56,0,56,146
03/13/2012,GON,CT,ANE,EN,Federal Contract Tower,0,1,12,2,15,0,0,16,7,23,0,1,28,9,38,8,18,26,64
03/14/2012,GON,CT,ANE,EN,Federal Contract Tower,0,6,9,5,20,0,0,50,18,68,0,6,59,23,88,40,4,44,132
03/15/2012,GON,CT,ANE,EN,Federal Contract Tower,0,5,23,2,30,0,0,20,1,21,0,5,43,3,51,60,8,68,119
03/16/2012,GON,CT,ANE,EN,Federal Contract Tower,0,2,23,2,27,0,0,3,0,3,0,2,26,2,30,2,0,2,32
03/17/2012,GON,CT,ANE,EN,Federal Contract Tower,0,2,13,2,17,0,0,42,15,57,0,2,55,17,74,22,10,32,106
03/18/2012,GON,CT,ANE,EN,Federal Contract Tower,0,1,18,1,20,0,0,34,4,38,0,1,52,5,58,24,0,24,82
03/19/2012,GON,CT,ANE,EN,Federal Contract Tower,0,2,12,4,18,0,0,75,1,76,0,2,87,5,94,64,0,64,158
03/20/2012,GON,CT,ANE,EN,Federal Contract Tower,0,0,3,1,4,0,0,18,4,22,0,0,21,5,26,4,12,16,42
03/21/2012,GON,CT,ANE,EN,Federal Contract Tower,0,3,22,6,31,0,0,7,2,9,0,3,29,8,40,16,0,16,56
03/22/2012,GON,CT,ANE,EN,Federal Contract Tower,0,1,11,2,14,0,0,19,2,21,0,1,30,4,35,36,0,36,71
03/23/2012,GON,CT,ANE,EN,Federal Contract Tower,0,6,15,1,22,0,2,75,15,92,0,8,90,16,114,64,4,68,182
03/24/2012,GON,CT,ANE,EN,Federal Contract Tower,0,3,13,0,16,0,0,57,15,72,0,3,70,15,88,36,0,36,124
03/25/2012,GON,CT,ANE,EN,Federal Contract Tower,0,0,21,0,21,0,0,2,0,2,0,0,23,0,23,4,0,4,27
03/26/2012,GON,CT,ANE,EN,Federal Contract Tower,0,8,7,2,17,0,0,21,5,26,0,8,28,7,43,16,0,16,59
03/27/2012,GON,CT,ANE,EN,Federal Contract Tower,0,2,13,0,15,0,0,53,14,67,0,2,66,14,82,22,2,24,106
03/28/2012,GON,CT,ANE,EN,Federal Contract Tower,0,1,13,2,16,0,0,27,2,29,0,1,40,4,45,12,2,14,59
03/29/2012,GON,CT,ANE,EN,Federal Contract Tower,0,4,8,5,17,0,0,27,18,45,0,4,35,23,62,14,18,32,94
03/30/2012,GON,CT,ANE,EN,Federal Contract Tower,0,6,6,3,15,0,0,54,7,61,0,6,60,10,76,62,2,64,140
03/31/2012,GON,CT,ANE,EN,Federal Contract Tower,0,0,1,0,1,0,0,0,0,0,0,0,1,0,1,0,0,0,1
04/01/2012,GON,CT,ANE,EN,Federal Contract Tower,0,0,19,0,19,0,0,59,0,59,0,0,78,0,78,44,0,44,122
04/02/2012,GON,CT,ANE,EN,Federal Contract Tower,0,2,9,0,11,0,0,34,2,36,0,2,43,2,47,14,2,16,63
04/03/2012,GON,CT,ANE,EN,Federal Contract Tower,0,0,6,4,10,0,0,54,1,55,0,0,60,5,65,56,12,68,133
04/04/2012,GON,CT,ANE,EN,Federal Contract Tower,0,2,9,0,11,0,0,37,7,44,0,2,46,7,55,10,0,10,65
04/05/2012,GON,CT,ANE,EN,Federal Contract Tower,0,4,19,5,28,0,0,46,14,60,0,4,65,19,88,38,6,44,132
04/06/2012,GON,CT,ANE,EN,Federal Contract Tower,0,1,7,3,11,0,1,45,5,51,0,2,52,8,62,40,8,48,110
04/07/2012,GON,CT,ANE,EN,Federal Contract Tower,0,1,7,0,8,0,0,49,3,52,0,1,56,3,60,42,0,42,102
04/08/2012,GON,CT,ANE,EN,Federal Contract Tower,0,0,7,0,7,0,0,21,0,21,0,0,28,0,28,0,0,0,28
04/09/2012,GON,CT,ANE,EN,Federal Contract Tower,0,5,9,5,19,0,0,20,4,24,0,5,29,9,43,0,0,0,43
04/10/2012,GON,CT,ANE,EN,Federal Contract Tower,0,3,6,0,9,0,0,39,6,45,0,3,45,6,54,4,0,4,58
04/11/2012,GON,CT,ANE,EN,Federal Contract Tower,0,3,13,2,18,0,0,30,3,33,0,3,43,5,51,10,2,12,63
04/12/2012,GON,CT,ANE,EN,Federal Contract Tower,0,2,11,0,13,0,2,16,6,24,0,4,27,6,37,12,0,12,49
04/13/2012,GON,CT,ANE,EN,Federal Contract Tower,0,2,12,3,17,0,1,73,4,78,0,3,85,7,95,52,2,54,149
04/14/2012,GON,CT,ANE,EN,Federal Contract Tower,0,2,8,1,11,0,0,99,5,104,0,2,107,6,115,60,12,72,187
04/15/2012,GON,CT,ANE,EN,Federal Contract Tower,0,5,16,0,21,0,0,41,0,41,0,5,57,0,62,14,0,14,76
04/16/2012,GON,CT,ANE,EN,Federal Contract Tower,0,2,6,0,8,0,0,55,2,57,0,2,61,2,65,24,0,24,89
04/17/2012,GON,CT,ANE,EN,Federal Contract Tower,0,4,13,4,21,0,0,40,4,44,0,4,53,8,65,16,0,16,81
04/18/2012,GON,CT,ANE,EN,Federal Contract Tower,0,2,13,1,16,0,0,60,6,66,0,2,73,7,82,42,0,42,124
04/19/2012,GON,CT,ANE,EN,Federal Contract Tower,0,3,14,0,17,0,1,61,2,64,0,4,75,2,81,32,4,36,117
04/20/2012,GON,CT,ANE,EN,Federal Contract Tower,0,7,17,0,24,0,0,64,0,64,0,7,81,0,88,66,0,66,154
04/21/2012,GON,CT,ANE,EN,Federal Contract Tower,0,3,5,3,11,0,0,19,2,21,0,3,24,5,32,18,2,20,52
04/22/2012,GON,CT,ANE,EN,Federal Contract Tower,0,1,13,1,15,0,0,1,0,1,0,1,14,1,16,0,0,0,16
04/23/2012,GON,CT,ANE,EN,Federal Contract Tower,0,3,9,0,12,0,0,5,0,5,0,3,14,0,17,4,0,4,21
04/24/2012,GON,CT,ANE,EN,Federal Contract Tower,0,0,9,2,11,0,0,34,4,38,0,0,43,6,49,26,10,36,85
04/25/2012,GON,CT,ANE,EN,Federal Contract Tower,0,2,17,7,26,0,0,51,6,57,0,2,68,13,83,22,2,24,107
04/26/2012,GON,CT,ANE,EN,Federal Contract Tower,0,1,13,2,16,0,0,31,4,35,0,1,44,6,51,22,2,24,75
04/27/2012,GON,CT,ANE,EN,Federal Contract Tower,0,4,10,0,14,0,0,29,6,35,0,4,39,6,49,2,2,4,53
04/28/2012,GON,CT,ANE,EN,Federal Contract Tower,0,4,2,1,7,0,0,36,8,44,0,4,38,9,51,46,10,56,107
04/29/2012,GON,CT,ANE,EN,Federal Contract Tower,0,2,6,0,8,0,0,50,6,56,0,2,56,6,64,26,18,44,108
04/30/2012,GON,CT,ANE,EN,Federal Contract Tower,0,0,10,2,12,0,0,63,4,67,0,0,73,6,79,58,0,58,137
05/01/2012,GON,CT,ANE,EN,Federal Contract Tower,0,0,22,2,24,0,0,1,0,1,0,0,23,2,25,0,0,0,25
05/02/2012,GON,CT,ANE,EN,Federal Contract Tower,0,1,28,4,33,0,0,18,6,24,0,1,46,10,57,28,6,34,91
05/03/2012,GON,CT,ANE,EN,Federal Contract Tower,0,2,18,1,21,0,0,0,0,0,0,2,18,1,21,0,0,0,21
05/04/2012,GON,CT,ANE,EN,Federal Contract Tower,0,2,28,2,32,0,0,0,0,0,0,2,28,2,32,2,0,2,34
05/05/2012,GON,CT,ANE,EN,Federal Contract Tower,0,0,21,0,21,0,0,0,0,0,0,0,21,0,21,4,0,4,25
05/06/2012,GON,CT,ANE,EN,Federal Contract Tower,0,2,19,2,23,0,0,77,8,85,0,2,96,10,108,50,2,52,160
05/07/2012,GON,CT,ANE,EN,Federal Contract Tower,0,0,21,2,23,0,0,55,4,59,0,0,76,6,82,44,0,44,126
05/08/2012,GON,CT,ANE,EN,Federal Contract Tower,0,4,10,2,16,0,1,18,4,23,0,5,28,6,39,18,0,18,57
05/09/2012,GON,CT,ANE,EN,Federal Contract Tower,0,1,14,3,18,0,0,0,0,0,0,1,14,3,18,0,0,0,18
05/10/2012,GON,CT,ANE,EN,Federal Contract Tower,0,3,13,0,16,0,0,36,2,38,0,3,49,2,54,58,0,58,112
05/11/2012,GON,CT,ANE,EN,Federal Contract Tower,0,3,16,1,20,0,7,62,0,69,0,10,78,1,89,36,4,40,129
05/12/2012,GON,CT,ANE,EN,Federal Contract Tower,0,1,13,0,14,0,0,78,12,90,0,1,91,12,104,98,0,98,202
05/13/2012,GON,CT,ANE,EN,Federal Contract Tower,0,3,10,0,13,0,3,67,0,70,0,6,77,0,83,44,0,44,127
05/14/2012,GON,CT,ANE,EN,Federal Contract Tower,0,6,27,1,34,0,4,55,2,61,0,10,82,3,95,34,0,34,129
05/15/2012,GON,CT,ANE,EN,Federal Contract Tower,0,3,17,0,20,0,0,26,0,26,0,3,43,0,46,30,0,30,76
05/16/2012,GON,CT,ANE,EN,Federal Contract Tower,0,6,10,4,20,0,0,0,0,0,0,6,10,4,20,0,0,0,20
05/17/2012,GON,CT,ANE,EN,Federal Contract Tower,0,5,18,0,23,0,1,97,2,100,0,6,115,2,123,76,0,76,199
05/18/2012,GON,CT,ANE,EN,Federal Contract Tower,0,6,9,1,16,0,0,90,10,100,0,6,99,11,116,68,12,80,196
05/19/2012,GON,CT,ANE,EN,Federal Contract Tower,0,1,6,0,7,0,1,84,5,90,0,2,90,5,97,44,0,44,141
05/20/2012,GON,CT,ANE,EN,Federal Contract Tower,0,2,10,1,13,0,0,71,9,80,0,2,81,10,93,40,10,50,143
05/21/2012,GON,CT,ANE,EN,Federal Contract Tower,0,5,15,0,20,0,0,0,0,0,0,5,15,0,20,0,0,0,20
05/22/2012,GON,CT,ANE,EN,Federal Contract Tower,0,5,13,2,20,0,0,0,0,0,0,5,13,2,20,0,0,0,20
05/23/2012,GON,CT,ANE,EN,Federal Contract Tower,0,6,41,2,49,0,2,35,10,47,0,8,76,12,96,18,26,44,140
05/24/2012,GON,CT,ANE,EN,Federal Contract Tower,0,3,29,0,32,0,0,1,0,1,0,3,30,0,33,14,0,14,47
05/25/2012,GON,CT,ANE,EN,Federal Contract Tower,0,9,28,2,39,0,0,0,0,0,0,9,28,2,39,10,0,10,49
05/26/2012,GON,CT,ANE,EN,Federal Contract Tower,0,0,12,0,12,0,2,15,3,20,0,2,27,3,32,6,0,6,38
05/27/2012,GON,CT,ANE,EN,Federal Contract Tower,0,1,6,0,7,0,1,73,0,74,0,2,79,0,81,50,0,50,131
05/28/2012,GON,CT,ANE,EN,Federal Contract Tower,0,0,9,0,9,0,0,50,0,50,0,0,59,0,59,8,0,8,67
05/29/2012,GON,CT,ANE,EN,Federal Contract Tower,0,3,13,7,23,0,1,43,6,50,0,4,56,13,73,14,36,50,123
05/30/2012,GON,CT,ANE,EN,Federal Contract Tower,0,3,9,1,13,0,0,63,15,78,0,3,72,16,91,26,26,52,143
05/31/2012,GON,CT,ANE,EN,Federal Contract Tower,0,5,15,0,20,0,0,70,10,80,0,5,85,10,100,38,0,38,138
06/01/2012,GON,CT,ANE,EN,Federal Contract Tower,0,4,14,0,18,0,0,75,5,80,0,4,89,5,98,64,0,64,162
06/02/2012,GON,CT,ANE,EN,Federal Contract Tower,0,2,6,4,12,0,0,1,0,1,0,2,7,4,13,0,0,0,13
06/03/2012,GON,CT,ANE,EN,Federal Contract Tower,0,0,16,0,16,0,0,59,0,59,0,0,75,0,75,38,0,38,113
06/04/2012,GON,CT,ANE,EN,Federal Contract Tower,0,2,11,0,13,0,0,22,0,22,0,2,33,0,35,22,0,22,57
06/05/2012,GON,CT,ANE,EN,Federal Contract Tower,0,3,14,2,19,0,2,29,1,32,0,5,43,3,51,48,0,48,99
06/06/2012,GON,CT,ANE,EN,Federal Contract Tower,0,1,19,3,23,0,0,40,5,45,0,1,59,8,68,84,0,84,152
06/07/2012,GON,CT,ANE,EN,Federal Contract Tower,0,7,22,5,34,0,1,62,5,68,0,8,84,10,102,64,16,80,182
06/08/2012,GON,CT,ANE,EN,Federal Contract Tower,0,5,18,0,23,0,1,82,2,85,0,6,100,2,108,68,0,68,176
06/09/2012,GON,CT,ANE,EN,Federal Contract Tower,0,0,15,0,15,0,2,69,6,77,0,2,84,6,92,52,0,52,144
06/10/2012,GON,CT,ANE,EN,Federal Contract Tower,0,6,22,0,28,0,0,89,2,91,0,6,111,2,119,50,0,50,169
06/11/2012,GON,CT,ANE,EN,Federal Contract Tower,0,2,19,0,21,0,2,54,4,60,0,4,73,4,81,68,0,68,149
06/12/2012,GON,CT,ANE,EN,Federal Contract Tower,0,1,23,4,28,0,0,29,14,43,0,1,52,18,71,20,14,34,105
06/13/2012,GON,CT,ANE,EN,Federal Contract Tower,0,6,23,0,29,0,0,0,0,0,0,6,23,0,29,0,0,0,29
06/14/2012,GON,CT,ANE,EN,Federal Contract Tower,0,1,15,2,18,0,1,53,13,67,0,2,68,15,85,28,8,36,121
06/15/2012,GON,CT,ANE,EN,Federal Contract Tower,0,5,18,0,23,0,2,114,7,123,0,7,132,7,146,64,4,68,214
06/16/2012,GON,CT,ANE,EN,Federal Contract Tower,0,2,13,0,15,0,0,85,4,89,0,2,98,4,104,46,2,48,152
06/17/2012,GON,CT,ANE,EN,Federal Contract Tower,0,6,19,0,25,0,0,79,2,81,0,6,98,2,106,70,10,80,186
06/18/2012,GON,CT,ANE,EN,Federal Contract Tower,0,4,17,1,22,0,0,34,4,38,0,4,51,5,60,42,10,52,112
06/19/2012,GON,CT,ANE,EN,Federal Contract Tower,0,3,39,0,42,0,0,51,0,51,0,3,90,0,93,82,0,82,175
06/20/2012,GON,CT,ANE,EN,Federal Contract Tower,0,3,15,0,18,0,0,63,6,69,0,3,78,6,87,40,0,40,127
06/21/2012,GON,CT,ANE,EN,Federal Contract Tower,0,9,15,0,24,0,0,74,6,80,0,9,89,6,104,70,0,70,174
06/22/2012,GON,CT,ANE,EN,Federal Contract Tower,0,8,10,1,19,0,12,31,7,50,0,20,41,8,69,44,0,44,113
06/23/2012,GON,CT,ANE,EN,Federal Contract Tower,0,2,21,0,23,0,1,83,7,91,0,3,104,7,114,44,0,44,158
06/24/2012,GON,CT,ANE,EN,Federal Contract Tower,0,6,15,0,21,0,2,119,4,125,0,8,134,4,146,40,2,42,188
06/25/2012,GON,CT,ANE,EN,Federal Contract Tower,0,1,22,0,23,0,1,8,0,9,0,2,30,0,32,10,0,10,42
06/26/2012,GON,CT,ANE,EN,Federal Contract Tower,0,3,19,5,27,0,0,62,9,71,0,3,81,14,98,42,4,46,144
06/27/2012,GON,CT,ANE,EN,Federal Contract Tower,0,2,6,1,9,0,0,68,9,77,0,2,74,10,86,40,6,46,132
06/28/2012,GON,CT,ANE,EN,Federal Contract Tower,0,5,22,3,30,0,3,89,12,104,0,8,111,15,134,96,8,104,238
06/29/2012,GON,CT,ANE,EN,Federal Contract Tower,0,7,22,2,31,0,2,75,12,89,0,9,97,14,120,86,14,100,220
06/30/2012,GON,CT,ANE,EN,Federal Contract Tower,0,2,13,0,15,0,0,94,3,97,0,2,107,3,112,90,6,96,208
07/01/2012,GON,CT,ANE,EN,Federal Contract Tower,0,13,17,1,31,0,1,53,5,59,0,14,70,6,90,68,14,82,172
07/02/2012,GON,CT,ANE,EN,Federal Contract Tower,0,9,10,0,19,0,0,55,10,65,0,9,65,10,84,58,6,64,148
07/03/2012,GON,CT,ANE,EN,Federal Contract Tower,0,2,10,2,14,0,0,81,13,94,0,2,91,15,108,62,4,66,174
07/04/2012,GON,CT,ANE,EN,Federal Contract Tower,0,1,4,0,5,0,0,25,0,25,0,1,29,0,30,34,0,34,64
07/05/2012,GON,CT,ANE,EN,Federal Contract Tower,0,3,8,3,14,0,2,54,4,60,0,5,62,7,74,32,6,38,112
07/06/2012,GON,CT,ANE,EN,Federal Contract Tower,0,3,11,5,19,0,9,82,9,100,0,12,93,14,119,44,4,48,167
07/07/2012,GON,CT,ANE,EN,Federal Contract Tower,0,4,7,0,11,0,1,56,4,61,0,5,63,4,72,22,0,22,94
07/08/2012,GON,CT,ANE,EN,Federal Contract Tower,0,6,26,1,33,0,2,56,1,59,0,8,82,2,92,42,0,42,134
07/09/2012,GON,CT,ANE,EN,Federal Contract Tower,0,5,17,5,27,0,3,78,2,83,0,8,95,7,110,44,2,46,156
07/10/2012,GON,CT,ANE,EN,Federal Contract Tower,0,7,15,1,23,0,1,70,15,86,0,8,85,16,109,80,4,84,193
07/11/2012,GON,CT,ANE,EN,Federal Contract Tower,0,11,21,4,36,0,2,86,12,100,0,13,107,16,136,76,4,80,216
07/12/2012,GON,CT,ANE,EN,Federal Contract Tower,0,11,16,4,31,0,1,60,20,81,0,12,76,24,112,50,2,52,164
07/13/2012,GON,CT,ANE,EN,Federal Contract Tower,0,11,17,5,33,0,4,93,19,116,0,15,110,24,149,62,12,74,223
07/14/2012,GON,CT,ANE,EN,Federal Contract Tower,0,2,13,0,15,0,2,90,12,104,0,4,103,12,119,66,8,74,193
07/15/2012,GON,CT,ANE,EN,Federal Contract Tower,0,10,21,2,33,0,1,43,5,49,0,11,64,7,82,68,0,68,150
07/16/2012,GON,CT,ANE,EN,Federal Contract Tower,0,9,13,1,23,0,0,75,8,83,0,9,88,9,106,22,0,22,128
07/17/2012,GON,CT,ANE,EN,Federal Contract Tower,0,7,13,2,22,0,1,64,16,81,0,8,77,18,103,18,8,26,129
07/18/2012,GON,CT,ANE,EN,Federal Contract Tower,0,7,18,1,26,0,5,33,7,45,0,12,51,8,71,16,0,16,87
07/19/2012,GON,CT,ANE,EN,Federal Contract Tower,0,8,19,0,27,0,0,80,8,88,0,8,99,8,115,46,8,54,169
07/20/2012,GON,CT,ANE,EN,Federal Contract Tower,0,7,34,4,45,0,3,23,0,26,0,10,57,4,71,12,2,14,85
07/21/2012,GON,CT,ANE,EN,Federal Contract Tower,0,1,16,0,17,0,4,84,2,90,0,5,100,2,107,90,2,92,199
07/22/2012,GON,CT,ANE,EN,Federal Contract Tower,0,5,26,1,32,0,4,95,4,103,0,9,121,5,135,96,14,110,245
07/23/2012,GON,CT,ANE,EN,Federal Contract Tower,0,9,11,2,22,0,3,24,3,30,0,12,35,5,52,4,0,4,56
07/24/2012,GON,CT,ANE,EN,Federal Contract Tower,0,3,6,4,13,0,7,44,1,52,0,10,50,5,65,8,0,8,73
07/25/2012,GON,CT,ANE,EN,Federal Contract Tower,0,5,25,0,30,0,2,82,4,88,0,7,107,4,118,22,8,30,148
07/26/2012,GON,CT,ANE,EN,Federal Contract Tower,9,8,1,0,18,0,2,21,1,24,9,10,22,1,42,6,0,6,48
07/27/2012,GON,CT,ANE,EN,Federal Contract Tower,0,13,20,0,33,0,1,59,0,60,0,14,79,0,93,36,0,36,129
07/28/2012,GON,CT,ANE,EN,Federal Contract Tower,0,6,17,0,23,0,0,7,0,7,0,6,24,0,30,28,0,28,58
07/29/2012,GON,CT,ANE,EN,Federal Contract Tower,0,2,25,2,29,0,1,24,0,25,0,3,49,2,54,18,0,18,72
07/30/2012,GON,CT,ANE,EN,Federal Contract Tower,0,7,19,0,26,0,2,50,0,52,0,9,69,0,78,10,0,10,88
07/31/2012,GON,CT,ANE,EN,Federal Contract Tower,0,1,26,4,31,0,0,21,0,21,0,1,47,4,52,4,0,4,56
08/01/2012,GON,CT,ANE,EN,Federal Contract Tower,0,2,27,0,29,0,0,29,0,29,0,2,56,0,58,6,0,6,64
08/02/2012,GON,CT,ANE,EN,Federal Contract Tower,0,4,9,1,14,0,2,56,12,70,0,6,65,13,84,36,2,38,122
08/03/2012,GON,CT,ANE,EN,Federal Contract Tower,0,10,22,1,33,0,0,80,5,85,0,10,102,6,118,28,8,36,154
08/04/2012,GON,CT,ANE,EN,Federal Contract Tower,0,0,16,0,16,0,0,36,1,37,0,0,52,1,53,26,0,26,79
08/05/2012,GON,CT,ANE,EN,Federal Contract Tower,0,11,21,0,32,0,2,32,1,35,0,13,53,1,67,6,0,6,73
08/06/2012,GON,CT,ANE,EN,Federal Contract Tower,0,9,16,2,27,0,2,49,16,67,0,11,65,18,94,20,6,26,120
08/07/2012,GON,CT,ANE,EN,Federal Contract Tower,0,7,15,1,23,0,0,103,8,111,0,7,118,9,134,26,0,26,160
08/08/2012,GON,CT,ANE,EN,Federal Contract Tower,0,6,27,2,35,0,2,94,7,103,0,8,121,9,138,8,2,10,148
08/09/2012,GON,CT,ANE,EN,Federal Contract Tower,0,6,12,1,19,0,1,62,1,64,0,7,74,2,83,34,22,56,139
08/10/2012,GON,CT,ANE,EN,Federal Contract Tower,0,9,19,0,28,0,1,18,0,19,0,10,37,0,47,0,0,0,47
08/11/2012,GON,CT,ANE,EN,Federal Contract Tower,0,1,9,1,11,0,0,16,0,16,0,1,25,1,27,20,0,20,47
08/12/2012,GON,CT,ANE,EN,Federal Contract Tower,0,9,31,1,41,0,4,30,0,34,0,13,61,1,75,26,2,28,103
08/13/2012,GON,CT,ANE,EN,Federal Contract Tower,0,7,14,0,21,0,4,79,1,84,0,11,93,1,105,14,0,14,119
08/14/2012,GON,CT,ANE,EN,Federal Contract Tower,0,3,14,1,18,0,2,65,1,68,0,5,79,2,86,6,0,6,92
08/15/2012,GON,CT,ANE,EN,Federal Contract Tower,0,2,14,4,20,0,2,28,0,30,0,4,42,4,50,16,0,16,66
08/16/2012,GON,CT,ANE,EN,Federal Contract Tower,0,2,20,0,22,0,2,66,11,79,0,4,86,11,101,60,0,60,161
08/17/2012,GON,CT,ANE,EN,Federal Contract Tower,0,10,5,0,15,0,2,92,2,96,0,12,97,2,111,50,2,52,163
08/18/2012,GON,CT,ANE,EN,Federal Contract Tower,0,3,17,1,21,0,1,11,1,13,0,4,28,2,34,2,0,2,36
08/19/2012,GON,CT,ANE,EN,Federal Contract Tower,0,2,18,0,20,0,2,90,4,96,0,4,108,4,116,46,0,46,162
08/20/2012,GON,CT,ANE,EN,Federal Contract Tower,0,4,15,2,21,0,5,41,3,49,0,9,56,5,70,24,0,24,94
08/21/2012,GON,CT,ANE,EN,Federal Contract Tower,0,3,17,2,22,0,2,55,4,61,0,5,72,6,83,13,1,14,97
08/22/2012,GON,CT,ANE,EN,Federal Contract Tower,0,4,15,4,23,0,3,73,2,78,0,7,88,6,101,6,0,6,107
08/23/2012,GON,CT,ANE,EN,Federal Contract Tower,0,3,17,0,20,0,2,49,4,55,0,5,66,4,75,22,2,24,99
08/24/2012,GON,CT,ANE,EN,Federal Contract Tower,0,3,27,0,30,0,2,99,1,102,0,5,126,1,132,70,0,70,202
08/25/2012,GON,CT,ANE,EN,Federal Contract Tower,0,3,16,0,19,0,0,57,1,58,0,3,73,1,77,78,0,78,155
08/26/2012,GON,CT,ANE,EN,Federal Contract Tower,0,3,23,0,26,0,2,84,1,87,0,5,107,1,113,54,0,54,167
08/27/2012,GON,CT,ANE,EN,Federal Contract Tower,0,2,22,2,26,0,1,63,2,66,0,3,85,4,92,16,0,16,108
08/28/2012,GON,CT,ANE,EN,Federal Contract Tower,0,0,15,0,15,0,3,60,1,64,0,3,75,1,79,28,0,28,107
08/29/2012,GON,CT,ANE,EN,Federal Contract Tower,0,1,19,5,25,0,0,90,2,92,0,1,109,7,117,66,0,66,183
08/30/2012,GON,CT,ANE,EN,Federal Contract Tower,0,3,11,0,14,0,2,76,2,80,0,5,87,2,94,14,4,18,112
08/31/2012,GON,CT,ANE,EN,Federal Contract Tower,0,5,20,0,25,0,7,73,0,80,0,12,93,0,105,42,0,42,147
09/01/2012,GON,CT,ANE,EN,Federal Contract Tower,0,1,8,0,9,0,1,83,1,85,0,2,91,1,94,78,0,78,172
09/02/2012,GON,CT,ANE,EN,Federal Contract Tower,0,0,9,0,9,0,4,101,0,105,0,4,110,0,114,84,0,84,198
09/03/2012,GON,CT,ANE,EN,Federal Contract Tower,0,5,12,0,17,0,2,50,2,54,0,7,62,2,71,70,0,70,141
09/04/2012,GON,CT,ANE,EN,Federal Contract Tower,0,1,25,0,26,0,0,2,0,2,0,1,27,0,28,0,0,0,28
09/05/2012,GON,CT,ANE,EN,Federal Contract Tower,0,3,16,0,19,0,0,10,3,13,0,3,26,3,32,10,2,12,44
09/06/2012,GON,CT,ANE,EN,Federal Contract Tower,0,3,38,2,43,0,1,41,4,46,0,4,79,6,89,16,4,20,109
09/07/2012,GON,CT,ANE,EN,Federal Contract Tower,0,3,31,2,36,0,2,42,8,52,0,5,73,10,88,16,30,46,134
09/08/2012,GON,CT,ANE,EN,Federal Contract Tower,0,1,19,5,25,0,0,27,6,33,0,1,46,11,58,24,0,24,82
09/09/2012,GON,CT,ANE,EN,Federal Contract Tower,0,6,12,0,18,0,0,74,0,74,0,6,86,0,92,26,2,28,120
09/10/2012,GON,CT,ANE,EN,Federal Contract Tower,0,6,15,2,23,0,4,47,4,55,0,10,62,6,78,14,6,20,98
09/11/2012,GON,CT,ANE,EN,Federal Contract Tower,0,1,18,0,19,0,0,80,8,88,0,1,98,8,107,12,0,12,119
09/12/2012,GON,CT,ANE,EN,Federal Contract Tower,0,1,15,1,17,0,0,76,5,81,0,1,91,6,98,40,8,48,146
09/13/2012,GON,CT,ANE,EN,Federal Contract Tower,0,6,11,0,17,0,0,58,6,64,0,6,69,6,81,26,0,26,107
09/14/2012,GON,CT,ANE,EN,Federal Contract Tower,0,8,17,5,30,0,7,76,0,83,0,15,93,5,113,46,0,46,159
09/15/2012,GON,CT,ANE,EN,Federal Contract Tower,0,0,7,0,7,0,3,76,0,79,0,3,83,0,86,30,0,30,116
09/16/2012,GON,CT,ANE,EN,Federal Contract Tower,0,4,12,0,16,0,2,92,0,94,0,6,104,0,110,42,0,42,152
09/17/2012,GON,CT,ANE,EN,Federal Contract Tower,0,4,12,0,16,0,1,49,0,50,0,5,61,0,66,40,2,42,108
09/18/2012,GON,CT,ANE,EN,Federal Contract Tower,0,5,3,2,10,0,0,6,0,6,0,5,9,2,16,0,2,2,18
09/19/2012,GON,CT,ANE,EN,Federal Contract Tower,0,5,16,0,21,0,0,41,2,43,0,5,57,2,64,8,2,10,74
09/20/2012,GON,CT,ANE,EN,Federal Contract Tower,0,3,14,2,19,0,3,52,4,59,0,6,66,6,78,30,2,32,110
09/21/2012,GON,CT,ANE,EN,Federal Contract Tower,0,3,15,0,18,0,0,84,8,92,0,3,99,8,110,34,4,38,148
09/22/2012,GON,CT,ANE,EN,Federal Contract Tower,0,1,18,0,19,0,2,43,0,45,0,3,61,0,64,44,0,44,108
09/23/2012,GON,CT,ANE,EN,Federal Contract Tower,0,2,13,0,15,0,1,65,13,79,0,3,78,13,94,12,0,12,106
09/24/2012,GON,CT,ANE,EN,Federal Contract Tower,0,3,17,5,25,0,3,41,5,49,0,6,58,10,74,60,0,60,134
09/25/2012,GON,CT,ANE,EN,Federal Contract Tower,0,3,19,7,29,0,0,37,6,43,0,3,56,13,72,20,0,20,92
09/26/2012,GON,CT,ANE,EN,Federal Contract Tower,0,2,17,1,20,0,1,28,4,33,0,3,45,5,53,16,0,16,69
09/27/2012,GON,CT,ANE,EN,Federal Contract Tower,0,3,24,3,30,0,2,78,5,85,0,5,102,8,115,12,0,12,127
09/28/2012,GON,CT,ANE,EN,Federal Contract Tower,0,4,33,2,39,0,1,15,0,16,0,5,48,2,55,20,0,20,75
09/29/2012,GON,CT,ANE,EN,Federal Contract Tower,0,0,44,0,44,0,0,0,0,0,0,0,44,0,44,0,0,0,44
09/30/2012,GON,CT,ANE,EN,Federal Contract Tower,0,3,27,0,30,0,0,16,0,16,0,3,43,0,46,4,0,4,50
10/01/2012,GON,CT,ANE,EN,Federal Contract Tower,0,0,21,0,21,0,3,37,0,40,0,3,58,0,61,2,0,2,63
10/02/2012,GON,CT,ANE,EN,Federal Contract Tower,0,2,20,3,25,0,0,23,5,28,0,2,43,8,53,18,0,18,71
10/03/2012,GON,CT,ANE,EN,Federal Contract Tower,0,5,21,0,26,0,0,0,0,0,0,5,21,0,26,0,0,0,26
10/04/2012,GON,CT,ANE,EN,Federal Contract Tower,0,0,20,0,20,0,0,5,0,5,0,0,25,0,25,0,0,0,25
10/05/2012,GON,CT,ANE,EN,Federal Contract Tower,0,12,27,1,40,0,6,104,10,120,0,18,131,11,160,60,4,64,224
10/06/2012,GON,CT,ANE,EN,Federal Contract Tower,0,2,10,0,12,0,0,57,2,59,0,2,67,2,71,64,0,64,135
10/07/2012,GON,CT,ANE,EN,Federal Contract Tower,0,3,11,0,14,0,0,22,1,23,0,3,33,1,37,46,0,46,83
10/08/2012,GON,CT,ANE,EN,Federal Contract Tower,0,6,15,0,21,0,2,91,0,93,0,8,106,0,114,20,0,20,134
10/09/2012,GON,CT,ANE,EN,Federal Contract Tower,0,2,13,1,16,0,0,10,2,12,0,2,23,3,28,4,0,4,32
10/10/2012,GON,CT,ANE,EN,Federal Contract Tower,0,3,19,2,24,0,0,14,0,14,0,3,33,2,38,0,0,0,38
10/11/2012,GON,CT,ANE,EN,Federal Contract Tower,0,4,18,2,24,0,0,90,12,102,0,4,108,14,126,24,8,32,158
10/12/2012,GON,CT,ANE,EN,Federal Contract Tower,0,6,14,0,20,0,1,39,5,45,0,7,53,5,65,32,0,32,97
10/13/2012,GON,CT,ANE,EN,Federal Contract Tower,0,1,13,0,14,0,1,99,0,100,0,2,112,0,114,22,0,22,136
10/14/2012,GON,CT,ANE,EN,Federal Contract Tower,0,2,8,0,10,0,0,21,0,21,0,2,29,0,31,2,0,2,33
10/15/2012,GON,CT,ANE,EN,Federal Contract Tower,0,2,6,2,10,0,4,4,0,8,0,6,10,2,18,2,4,6,24
10/16/2012,GON,CT,ANE,EN,Federal Contract Tower,0,2,11,2,15,0,0,23,8,31,0,2,34,10,46,8,2,10,56
10/17/2012,GON,CT,ANE,EN,Federal Contract Tower,0,3,14,3,20,0,2,61,10,73,0,5,75,13,93,48,0,48,141
10/18/2012,GON,CT,ANE,EN,Federal Contract Tower,0,2,15,0,17,0,2,26,9,37,0,4,41,9,54,30,8,38,92
10/19/2012,GON,CT,ANE,EN,Federal Contract Tower,0,3,11,3,17,0,0,0,0,0,0,3,11,3,17,0,4,4,21
10/20/2012,GON,CT,ANE,EN,Federal Contract Tower,0,0,10,1,11,0,0,24,3,27,0,0,34,4,38,8,0,8,46
10/21/2012,GON,CT,ANE,EN,Federal Contract Tower,0,6,14,0,20,0,0,76,1,77,0,6,90,1,97,40,0,40,137
10/22/2012,GON,CT,ANE,EN,Federal Contract Tower,0,0,10,2,12,0,1,24,1,26,0,1,34,3,38,0,0,0,38
10/23/2012,GON,CT,ANE,EN,Federal Contract Tower,0,3,12,1,16,0,0,32,6,38,0,3,44,7,54,12,0,12,66
10/24/2012,GON,CT,ANE,EN,Federal Contract Tower,0,3,23,0,26,0,0,17,2,19,0,3,40,2,45,8,0,8,53
10/25/2012,GON,CT,ANE,EN,Federal Contract Tower,0,4,16,0,20,0,0,44,4,48,0,4,60,4,68,2,0,2,70
10/26/2012,GON,CT,ANE,EN,Federal Contract Tower,0,3,10,6,19,0,0,44,5,49,0,3,54,11,68,22,0,22,90
10/27/2012,GON,CT,ANE,EN,Federal Contract Tower,0,4,9,4,17,0,0,54,10,64,0,4,63,14,81,24,0,24,105
10/28/2012,GON,CT,ANE,EN,Federal Contract Tower,0,2,9,0,11,0,0,14,3,17,0,2,23,3,28,0,0,0,28
10/29/2012,GON,CT,ANE,EN,Federal Contract Tower,0,0,0,0,0,0,0,0,0,0,0,0,0,0,0,0,0,0,0
10/30/2012,GON,CT,ANE,EN,Federal Contract Tower,0,0,0,0,0,0,0,0,0,0,0,0,0,0,0,0,0,0,0
10/31/2012,GON,CT,ANE,EN,Federal Contract Tower,0,2,13,0,15,0,0,20,4,24,0,2,33,4,39,0,4,4,43
11/01/2012,GON,CT,ANE,EN,Federal Contract Tower,0,0,6,1,7,0,0,31,1,32,0,0,37,2,39,0,0,0,39
11/02/2012,GON,CT,ANE,EN,Federal Contract Tower,0,2,16,2,20,0,0,71,7,78,0,2,87,9,98,6,6,12,110
11/03/2012,GON,CT,ANE,EN,Federal Contract Tower,0,0,7,0,7,0,0,59,0,59,0,0,66,0,66,26,0,26,92
11/04/2012,GON,CT,ANE,EN,Federal Contract Tower,0,0,12,0,12,0,0,96,0,96,0,0,108,0,108,30,0,30,138
11/05/2012,GON,CT,ANE,EN,Federal Contract Tower,0,1,10,0,11,0,1,37,10,48,0,2,47,10,59,8,0,8,67
11/06/2012,GON,CT,ANE,EN,Federal Contract Tower,0,2,8,0,10,0,2,56,8,66,0,4,64,8,76,34,8,42,118
11/07/2012,GON,CT,ANE,EN,Federal Contract Tower,0,5,5,0,10,0,0,0,0,0,0,5,5,0,10,0,0,0,10
11/08/2012,GON,CT,ANE,EN,Federal Contract Tower,0,0,6,0,6,0,0,2,0,2,0,0,8,0,8,0,4,4,12
11/09/2012,GON,CT,ANE,EN,Federal Contract Tower,0,4,20,0,24,0,2,62,1,65,0,6,82,1,89,8,0,8,97
11/10/2012,GON,CT,ANE,EN,Federal Contract Tower,0,1,22,0,23,0,0,75,2,77,0,1,97,2,100,44,0,44,144
11/11/2012,GON,CT,ANE,EN,Federal Contract Tower,0,1,5,0,6,0,0,90,0,90,0,1,95,0,96,42,0,42,138
11/12/2012,GON,CT,ANE,EN,Federal Contract Tower,0,0,13,0,13,0,0,28,0,28,0,0,41,0,41,6,0,6,47
11/13/2012,GON,CT,ANE,EN,Federal Contract Tower,0,5,3,0,8,0,0,1,0,1,0,5,4,0,9,0,0,0,9
11/14/2012,GON,CT,ANE,EN,Federal Contract Tower,0,2,14,2,18,0,0,51,5,56,0,2,65,7,74,22,0,22,96
11/15/2012,GON,CT,ANE,EN,Federal Contract Tower,0,1,12,0,13,0,0,44,7,51,0,1,56,7,64,32,0,32,96
11/16/2012,GON,CT,ANE,EN,Federal Contract Tower,0,2,15,1,18,0,1,71,3,75,0,3,86,4,93,16,2,18,111
11/17/2012,GON,CT,ANE,EN,Federal Contract Tower,0,0,10,0,10,0,0,87,2,89,0,0,97,2,99,50,0,50,149
11/18/2012,GON,CT,ANE,EN,Federal Contract Tower,0,3,12,0,15,0,1,83,2,86,0,4,95,2,101,52,0,52,153
11/19/2012,GON,CT,ANE,EN,Federal Contract Tower,0,0,22,2,24,0,0,25,17,42,0,0,47,19,66,20,12,32,98
11/20/2012,GON,CT,ANE,EN,Federal Contract Tower,0,4,11,4,19,0,0,59,4,63,0,4,70,8,82,36,8,44,126
11/21/2012,GON,CT,ANE,EN,Federal Contract Tower,0,2,10,6,18,0,0,50,6,56,0,2,60,12,74,6,6,12,86
11/22/2012,GON,CT,ANE,EN,Federal Contract Tower,0,1,2,0,3,0,0,11,0,11,0,1,13,0,14,2,0,2,16
11/23/2012,GON,CT,ANE,EN,Federal Contract Tower,0,2,8,0,10,0,0,58,0,58,0,2,66,0,68,44,0,44,112
11/24/2012,GON,CT,ANE,EN,Federal Contract Tower,0,3,1,0,4,0,1,16,0,17,0,4,17,0,21,18,0,18,39
11/25/2012,GON,CT,ANE,EN,Federal Contract Tower,0,2,12,0,14,0,1,25,0,26,0,3,37,0,40,0,0,0,40
11/26/2012,GON,CT,ANE,EN,Federal Contract Tower,0,0,18,2,20,0,2,29,0,31,0,2,47,2,51,8,0,8,59
11/27/2012,GON,CT,ANE,EN,Federal Contract Tower,0,3,4,2,9,0,0,3,0,3,0,3,7,2,12,0,0,0,12
11/28/2012,GON,CT,ANE,EN,Federal Contract Tower,0,2,17,1,20,0,0,61,4,65,0,2,78,5,85,12,0,12,97
11/29/2012,GON,CT,ANE,EN,Federal Contract Tower,0,1,8,7,16,0,0,54,11,65,0,1,62,18,81,30,0,30,111
11/30/2012,GON,CT,ANE,EN,Federal Contract Tower,0,5,13,0,18,0,0,57,5,62,0,5,70,5,80,14,0,14,94
12/01/2012,GON,CT,ANE,EN,Federal Contract Tower,0,0,5,0,5,0,0,2,0,2,0,0,7,0,7,6,0,6,13
12/02/2012,GON,CT,ANE,EN,Federal Contract Tower,0,7,16,0,23,0,0,41,0,41,0,7,57,0,64,10,0,10,74
12/03/2012,GON,CT,ANE,EN,Federal Contract Tower,0,5,14,1,20,0,0,33,3,36,0,5,47,4,56,8,4,12,68
12/04/2012,GON,CT,ANE,EN,Federal Contract Tower,0,3,16,2,21,0,0,8,0,8,0,3,24,2,29,2,0,2,31
12/05/2012,GON,CT,ANE,EN,Federal Contract Tower,0,3,17,2,22,0,0,51,3,54,0,3,68,5,76,18,0,18,94
12/06/2012,GON,CT,ANE,EN,Federal Contract Tower,0,3,9,4,16,0,0,64,3,67,0,3,73,7,83,32,18,50,133
12/07/2012,GON,CT,ANE,EN,Federal Contract Tower,0,4,11,1,16,0,0,27,3,30,0,4,38,4,46,18,0,18,64
12/08/2012,GON,CT,ANE,EN,Federal Contract Tower,0,4,2,0,6,0,0,1,0,1,0,4,3,0,7,0,0,0,7
12/09/2012,GON,CT,ANE,EN,Federal Contract Tower,0,1,21,0,22,0,0,43,0,43,0,1,64,0,65,30,0,30,95
12/10/2012,GON,CT,ANE,EN,Federal Contract Tower,0,1,10,0,11,0,0,0,0,0,0,1,10,0,11,0,0,0,11
12/11/2012,GON,CT,ANE,EN,Federal Contract Tower,0,2,10,3,15,0,0,36,9,45,0,2,46,12,60,32,6,38,98
12/12/2012,GON,CT,ANE,EN,Federal Contract Tower,0,5,19,7,31,0,0,61,1,62,0,5,80,8,93,20,0,20,113
12/13/2012,GON,CT,ANE,EN,Federal Contract Tower,0,1,7,1,9,0,0,48,0,48,0,1,55,1,57,32,2,34,91
12/14/2012,GON,CT,ANE,EN,Federal Contract Tower,0,4,6,2,12,0,0,54,2,56,0,4,60,4,68,18,12,30,98
12/15/2012,GON,CT,ANE,EN,Federal Contract Tower,0,1,14,0,15,0,0,65,0,65,0,1,79,0,80,88,0,88,168
12/16/2012,GON,CT,ANE,EN,Federal Contract Tower,0,5,7,0,12,0,0,2,0,2,0,5,9,0,14,0,0,0,14
12/17/2012,GON,CT,ANE,EN,Federal Contract Tower,0,2,19,0,21,0,0,0,0,0,0,2,19,0,21,0,0,0,21
12/18/2012,GON,CT,ANE,EN,Federal Contract Tower,0,0,9,0,9,0,1,3,0,4,0,1,12,0,13,0,0,0,13
12/19/2012,GON,CT,ANE,EN,Federal Contract Tower,0,1,5,0,6,0,0,33,0,33,0,1,38,0,39,20,0,20,59
12/20/2012,GON,CT,ANE,EN,Federal Contract Tower,0,4,13,3,20,0,2,74,9,85,0,6,87,12,105,52,6,58,163
12/21/2012,GON,CT,ANE,EN,Federal Contract Tower,0,5,2,0,7,0,0,1,0,1,0,5,3,0,8,4,0,4,12
12/22/2012,GON,CT,ANE,EN,Federal Contract Tower,0,2,3,0,5,0,0,10,0,10,0,2,13,0,15,2,0,2,17
12/23/2012,GON,CT,ANE,EN,Federal Contract Tower,0,4,9,0,13,0,0,41,0,41,0,4,50,0,54,22,0,22,76
12/24/2012,GON,CT,ANE,EN,Federal Contract Tower,0,2,6,0,8,0,0,34,0,34,0,2,40,0,42,14,0,14,56
12/25/2012,GON,CT,ANE,EN,Federal Contract Tower,0,0,1,0,1,0,0,2,0,2,0,0,3,0,3,0,0,0,3
12/26/2012,GON,CT,ANE,EN,Federal Contract Tower,0,0,8,0,8,0,0,20,0,20,0,0,28,0,28,0,0,0,28
12/27/2012,GON,CT,ANE,EN,Federal Contract Tower,0,3,3,0,6,0,0,0,0,0,0,3,3,0,6,0,0,0,6
12/28/2012,GON,CT,ANE,EN,Federal Contract Tower,0,3,5,3,11,0,1,50,13,64,0,4,55,16,75,14,2,16,91
12/29/2012,GON,CT,ANE,EN,Federal Contract Tower,0,3,1,0,4,0,0,17,0,17,0,3,18,0,21,0,0,0,21
12/30/2012,GON,CT,ANE,EN,Federal Contract Tower,0,2,2,0,4,0,0,3,0,3,0,2,5,0,7,0,0,0,7
12/31/2012,GON,CT,ANE,EN,Federal Contract Tower,0,0,4,0,4,0,0,33,1,34,0,0,37,1,38,20,0,20,58
01/01/2013,GON,CT,ANE,EN,Federal Contract Tower,0,0,5,0,5,0,0,14,0,14,0,0,19,0,19,0,0,0,19
01/02/2013,GON,CT,ANE,EN,Federal Contract Tower,0,3,8,2,13,0,0,26,4,30,0,3,34,6,43,44,2,46,89
01/03/2013,GON,CT,ANE,EN,Federal Contract Tower,0,0,1,4,5,0,0,38,17,55,0,0,39,21,60,16,12,28,88
01/04/2013,GON,CT,ANE,EN,Federal Contract Tower,0,3,8,6,17,0,2,34,7,43,0,5,42,13,60,4,0,4,64
01/05/2013,GON,CT,ANE,EN,Federal Contract Tower,0,2,8,0,10,0,0,36,0,36,0,2,44,0,46,46,0,46,92
01/06/2013,GON,CT,ANE,EN,Federal Contract Tower,0,0,8,2,10,0,0,15,0,15,0,0,23,2,25,6,0,6,31
01/07/2013,GON,CT,ANE,EN,Federal Contract Tower,0,2,5,1,8,0,0,42,8,50,0,2,47,9,58,22,6,28,86
01/08/2013,GON,CT,ANE,EN,Federal Contract Tower,0,1,9,3,13,0,0,30,2,32,0,1,39,5,45,20,0,20,65
01/09/2013,GON,CT,ANE,EN,Federal Contract Tower,0,1,19,3,23,0,0,24,0,24,0,1,43,3,47,12,0,12,59
01/10/2013,GON,CT,ANE,EN,Federal Contract Tower,0,1,17,0,18,0,0,37,7,44,0,1,54,7,62,0,8,8,70
01/11/2013,GON,CT,ANE,EN,Federal Contract Tower,0,6,13,3,22,0,0,60,4,64,0,6,73,7,86,8,0,8,94
01/12/2013,GON,CT,ANE,EN,Federal Contract Tower,0,0,7,0,7,0,0,2,0,2,0,0,9,0,9,0,0,0,9
01/13/2013,GON,CT,ANE,EN,Federal Contract Tower,0,2,1,0,3,0,0,0,0,0,0,2,1,0,3,0,0,0,3
01/14/2013,GON,CT,ANE,EN,Federal Contract Tower,0,2,7,0,9,0,0,18,6,24,0,2,25,6,33,8,8,16,49
01/15/2013,GON,CT,ANE,EN,Federal Contract Tower,0,0,5,6,11,0,0,70,0,70,0,0,75,6,81,24,2,26,107
01/16/2013,GON,CT,ANE,EN,Federal Contract Tower,0,2,6,0,8,0,0,0,0,0,0,2,6,0,8,0,0,0,8
01/17/2013,GON,CT,ANE,EN,Federal Contract Tower,0,1,5,0,6,0,0,47,7,54,0,1,52,7,60,14,2,16,76
01/18/2013,GON,CT,ANE,EN,Federal Contract Tower,0,3,5,0,8,0,0,78,3,81,0,3,83,3,89,10,0,10,99
01/19/2013,GON,CT,ANE,EN,Federal Contract Tower,0,0,2,0,2,0,2,29,0,31,0,2,31,0,33,2,0,2,35
01/20/2013,GON,CT,ANE,EN,Federal Contract Tower,0,4,2,0,6,0,0,16,0,16,0,4,18,0,22,10,0,10,32
01/21/2013,GON,CT,ANE,EN,Federal Contract Tower,0,0,11,0,11,0,0,41,0,41,0,0,52,0,52,28,0,28,80
01/22/2013,GON,CT,ANE,EN,Federal Contract Tower,0,1,10,2,13,0,2,22,4,28,0,3,32,6,41,0,0,0,41
01/23/2013,GON,CT,ANE,EN,Federal Contract Tower,0,2,10,2,14,0,2,33,5,40,0,4,43,7,54,10,6,16,70
01/24/2013,GON,CT,ANE,EN,Federal Contract Tower,0,1,14,1,16,0,0,32,7,39,0,1,46,8,55,4,14,18,73
01/25/2013,GON,CT,ANE,EN,Federal Contract Tower,0,5,9,2,16,0,1,33,4,38,0,6,42,6,54,18,0,18,72
01/26/2013,GON,CT,ANE,EN,Federal Contract Tower,0,0,5,0,5,0,0,28,4,32,0,0,33,4,37,38,12,50,87
01/27/2013,GON,CT,ANE,EN,Federal Contract Tower,0,0,11,1,12,0,0,69,3,72,0,0,80,4,84,38,2,40,124
01/28/2013,GON,CT,ANE,EN,Federal Contract Tower,0,0,6,0,6,0,0,17,0,17,0,0,23,0,23,2,0,2,25
01/29/2013,GON,CT,ANE,EN,Federal Contract Tower,0,1,8,4,13,0,0,18,1,19,0,1,26,5,32,18,0,18,50
01/30/2013,GON,CT,ANE,EN,Federal Contract Tower,0,2,8,0,10,0,0,0,0,0,0,2,8,0,10,0,0,0,10
01/31/2013,GON,CT,ANE,EN,Federal Contract Tower,0,1,0,3,4,0,0,16,3,19,0,1,16,6,23,0,0,0,23
02/01/2013,GON,CT,ANE,EN,Federal Contract Tower,0,2,11,4,17,0,0,40,3,43,0,2,51,7,60,12,0,12,72
02/02/2013,GON,CT,ANE,EN,Federal Contract Tower,0,0,12,1,13,0,0,82,2,84,0,0,94,3,97,42,0,42,139
02/03/2013,GON,CT,ANE,EN,Federal Contract Tower,0,0,3,0,3,0,0,38,0,38,0,0,41,0,41,10,0,10,51
02/04/2013,GON,CT,ANE,EN,Federal Contract Tower,0,3,3,2,8,0,0,30,0,30,0,3,33,2,38,4,0,4,42
02/05/2013,GON,CT,ANE,EN,Federal Contract Tower,0,2,6,3,11,0,0,4,1,5,0,2,10,4,16,22,0,22,38
02/06/2013,GON,CT,ANE,EN,Federal Contract Tower,0,6,18,2,26,0,0,76,2,78,0,6,94,4,104,28,0,28,132
02/07/2013,GON,CT,ANE,EN,Federal Contract Tower,0,1,8,2,11,0,1,50,8,59,0,2,58,10,70,30,4,34,104
02/08/2013,GON,CT,ANE,EN,Federal Contract Tower,0,2,2,0,4,0,0,0,0,0,0,2,2,0,4,0,0,0,4
02/09/2013,GON,CT,ANE,EN,Federal Contract Tower,0,0,0,0,0,0,0,0,0,0,0,0,0,0,0,0,0,0,0
02/10/2013,GON,CT,ANE,EN,Federal Contract Tower,0,0,3,0,3,0,0,2,0,2,0,0,5,0,5,0,0,0,5
02/11/2013,GON,CT,ANE,EN,Federal Contract Tower,0,0,4,0,4,0,0,0,0,0,0,0,4,0,4,0,0,0,4
02/12/2013,GON,CT,ANE,EN,Federal Contract Tower,0,1,14,2,17,0,0,29,4,33,0,1,43,6,50,24,0,24,74
02/13/2013,GON,CT,ANE,EN,Federal Contract Tower,0,3,8,3,14,0,0,28,2,30,0,3,36,5,44,8,0,8,52
02/14/2013,GON,CT,ANE,EN,Federal Contract Tower,0,0,1,2,3,0,0,46,5,51,0,0,47,7,54,12,4,16,70
02/15/2013,GON,CT,ANE,EN,Federal Contract Tower,0,6,12,1,19,0,0,64,0,64,0,6,76,1,83,20,0,20,103
02/16/2013,GON,CT,ANE,EN,Federal Contract Tower,0,0,7,0,7,0,0,17,0,17,0,0,24,0,24,8,0,8,32
02/17/2013,GON,CT,ANE,EN,Federal Contract Tower,0,1,0,0,1,0,0,0,0,0,0,1,0,0,1,0,0,0,1
02/18/2013,GON,CT,ANE,EN,Federal Contract Tower,0,1,12,0,13,0,0,29,0,29,0,1,41,0,42,12,0,12,54
02/19/2013,GON,CT,ANE,EN,Federal Contract Tower,0,1,5,0,6,0,0,11,2,13,0,1,16,2,19,0,2,2,21
02/20/2013,GON,CT,ANE,EN,Federal Contract Tower,0,1,8,2,11,0,0,19,12,31,0,1,27,14,42,2,6,8,50
02/21/2013,GON,CT,ANE,EN,Federal Contract Tower,0,2,9,0,11,0,0,39,2,41,0,2,48,2,52,2,0,2,54
02/22/2013,GON,CT,ANE,EN,Federal Contract Tower,0,3,9,0,12,0,1,79,7,87,0,4,88,7,99,16,0,16,115
02/23/2013,GON,CT,ANE,EN,Federal Contract Tower,0,0,2,0,2,0,0,2,2,4,0,0,4,2,6,0,0,0,6
02/24/2013,GON,CT,ANE,EN,Federal Contract Tower,0,2,10,0,12,0,0,0,4,4,0,2,10,4,16,0,18,18,34
02/25/2013,GON,CT,ANE,EN,Federal Contract Tower,0,2,16,2,20,0,0,50,3,53,0,2,66,5,73,20,12,32,105
02/26/2013,GON,CT,ANE,EN,Federal Contract Tower,0,5,8,3,16,0,0,52,6,58,0,5,60,9,74,0,2,2,76
02/27/2013,GON,CT,ANE,EN,Federal Contract Tower,0,2,8,0,10,0,0,0,0,0,0,2,8,0,10,0,0,0,10
02/28/2013,GON,CT,ANE,EN,Federal Contract Tower,0,5,8,0,13,0,1,48,8,57,0,6,56,8,70,14,4,18,88
03/01/2013,GON,CT,ANE,EN,Federal Contract Tower,0,6,10,0,16,0,0,46,9,55,0,6,56,9,71,14,4,18,89
03/02/2013,GON,CT,ANE,EN,Federal Contract Tower,0,0,6,1,7,0,0,56,1,57,0,0,62,2,64,30,0,30,94
03/03/2013,GON,CT,ANE,EN,Federal Contract Tower,0,1,8,0,9,0,0,48,0,48,0,1,56,0,57,36,0,36,93
03/04/2013,GON,CT,ANE,EN,Federal Contract Tower,0,6,4,4,14,0,0,33,0,33,0,6,37,4,47,28,0,28,75
03/05/2013,GON,CT,ANE,EN,Federal Contract Tower,0,1,5,2,8,0,0,58,9,67,0,1,63,11,75,38,2,40,115
03/06/2013,GON,CT,ANE,EN,Federal Contract Tower,0,2,5,0,7,0,0,5,2,7,0,2,10,2,14,0,0,0,14
03/07/2013,GON,CT,ANE,EN,Federal Contract Tower,0,4,0,0,4,0,0,0,0,0,0,4,0,0,4,0,0,0,4
03/08/2013,GON,CT,ANE,EN,Federal Contract Tower,0,5,3,0,8,0,0,2,0,2,0,5,5,0,10,0,0,0,10
03/09/2013,GON,CT,ANE,EN,Federal Contract Tower,0,2,18,2,22,0,0,78,1,79,0,2,96,3,101,66,10,76,177
03/10/2013,GON,CT,ANE,EN,Federal Contract Tower,0,1,17,6,24,0,1,68,0,69,0,2,85,6,93,42,2,44,137
03/11/2013,GON,CT,ANE,EN,Federal Contract Tower,0,6,16,0,22,0,3,6,2,11,0,9,22,2,33,0,0,0,33
03/12/2013,GON,CT,ANE,EN,Federal Contract Tower,0,4,9,0,13,0,2,0,0,2,0,6,9,0,15,0,0,0,15
03/13/2013,GON,CT,ANE,EN,Federal Contract Tower,0,3,10,3,16,0,0,73,8,81,0,3,83,11,97,30,0,30,127
03/14/2013,GON,CT,ANE,EN,Federal Contract Tower,0,3,5,0,8,0,2,28,5,35,0,5,33,5,43,6,0,6,49
03/15/2013,GON,CT,ANE,EN,Federal Contract Tower,0,7,8,1,16,0,0,41,4,45,0,7,49,5,61,34,8,42,103
03/16/2013,GON,CT,ANE,EN,Federal Contract Tower,0,1,11,2,14,0,0,62,11,73,0,1,73,13,87,56,0,56,143
03/17/2013,GON,CT,ANE,EN,Federal Contract Tower,0,2,8,3,13,0,0,48,0,48,0,2,56,3,61,40,0,40,101
03/18/2013,GON,CT,ANE,EN,Federal Contract Tower,0,3,8,0,11,0,0,47,0,47,0,3,55,0,58,32,0,32,90
03/19/2013,GON,CT,ANE,EN,Federal Contract Tower,0,1,1,0,2,0,0,0,0,0,0,1,1,0,2,0,0,0,2
03/20/2013,GON,CT,ANE,EN,Federal Contract Tower,0,3,13,2,18,0,0,31,5,36,0,3,44,7,54,14,24,38,92
03/21/2013,GON,CT,ANE,EN,Federal Contract Tower,0,1,3,0,4,0,2,47,5,54,0,3,50,5,58,32,0,32,90
03/22/2013,GON,CT,ANE,EN,Federal Contract Tower,0,10,13,2,25,0,0,59,17,76,0,10,72,19,101,32,8,40,141
03/23/2013,GON,CT,ANE,EN,Federal Contract Tower,0,0,5,0,5,0,1,38,0,39,0,1,43,0,44,16,0,16,60
03/24/2013,GON,CT,ANE,EN,Federal Contract Tower,0,0,10,2,12,0,0,85,2,87,0,0,95,4,99,52,6,58,157
03/25/2013,GON,CT,ANE,EN,Federal Contract Tower,0,2,5,0,7,0,0,8,2,10,0,2,13,2,17,2,2,4,21
03/26/2013,GON,CT,ANE,EN,Federal Contract Tower,0,1,4,2,7,0,0,54,12,66,0,1,58,14,73,26,6,32,105
03/27/2013,GON,CT,ANE,EN,Federal Contract Tower,0,3,7,4,14,0,0,39,10,49,0,3,46,14,63,22,8,30,93
03/28/2013,GON,CT,ANE,EN,Federal Contract Tower,0,2,10,0,12,0,0,0,0,0,0,2,10,0,12,22,2,24,36
03/29/2013,GON,CT,ANE,EN,Federal Contract Tower,0,2,5,6,13,0,2,89,10,101,0,4,94,16,114,54,4,58,172
03/30/2013,GON,CT,ANE,EN,Federal Contract Tower,0,0,10,1,11,0,0,93,6,99,0,0,103,7,110,38,0,38,148
03/31/2013,GON,CT,ANE,EN,Federal Contract Tower,0,1,4,0,5,0,0,31,0,31,0,1,35,0,36,16,0,16,52
04/01/2013,GON,CT,ANE,EN,Federal Contract Tower,0,2,15,0,17,0,2,28,0,30,0,4,43,0,47,0,0,0,47
04/02/2013,GON,CT,ANE,EN,Federal Contract Tower,0,3,5,1,9,0,3,41,4,48,0,6,46,5,57,14,4,18,75
04/03/2013,GON,CT,ANE,EN,Federal Contract Tower,0,3,3,3,9,0,0,20,7,27,0,3,23,10,36,2,0,2,38
04/04/2013,GON,CT,ANE,EN,Federal Contract Tower,0,1,11,1,13,0,0,70,13,83,0,1,81,14,96,12,4,16,112
04/05/2013,GON,CT,ANE,EN,Federal Contract Tower,0,6,20,0,26,0,2,66,7,75,0,8,86,7,101,48,2,50,151
04/06/2013,GON,CT,ANE,EN,Federal Contract Tower,0,2,16,0,18,0,1,112,0,113,0,3,128,0,131,86,0,86,217
04/07/2013,GON,CT,ANE,EN,Federal Contract Tower,0,1,14,0,15,0,4,61,0,65,0,5,75,0,80,32,0,32,112
04/08/2013,GON,CT,ANE,EN,Federal Contract Tower,0,5,10,1,16,0,9,66,3,78,0,14,76,4,94,20,14,34,128
04/09/2013,GON,CT,ANE,EN,Federal Contract Tower,0,1,13,2,16,0,0,68,7,75,0,1,81,9,91,22,6,28,119
04/10/2013,GON,CT,ANE,EN,Federal Contract Tower,0,1,8,0,9,0,0,63,0,63,0,1,71,0,72,48,0,48,120
04/11/2013,GON,CT,ANE,EN,Federal Contract Tower,0,3,4,7,14,0,0,22,6,28,0,3,26,13,42,6,4,10,52
04/12/2013,GON,CT,ANE,EN,Federal Contract Tower,0,6,5,1,12,0,0,0,0,0,0,6,5,1,12,0,0,0,12
04/13/2013,GON,CT,ANE,EN,Federal Contract Tower,0,3,6,0,9,0,0,71,3,74,0,3,77,3,83,22,0,22,105
04/14/2013,GON,CT,ANE,EN,Federal Contract Tower,0,0,8,0,8,0,0,71,0,71,0,0,79,0,79,12,0,12,91
04/15/2013,GON,CT,ANE,EN,Federal Contract Tower,0,1,8,4,13,0,0,77,1,78,0,1,85,5,91,28,0,28,119
04/16/2013,GON,CT,ANE,EN,Federal Contract Tower,0,6,7,5,18,0,0,45,4,49,0,6,52,9,67,38,2,40,107
04/17/2013,GON,CT,ANE,EN,Federal Contract Tower,0,3,13,8,24,0,0,115,4,119,0,3,128,12,143,56,0,56,199
04/18/2013,GON,CT,ANE,EN,Federal Contract Tower,0,5,12,2,19,0,3,52,9,64,0,8,64,11,83,20,2,22,105
04/19/2013,GON,CT,ANE,EN,Federal Contract Tower,0,3,6,0,9,0,2,2,1,5,0,5,8,1,14,0,0,0,14
04/20/2013,GON,CT,ANE,EN,Federal Contract Tower,0,5,3,2,10,0,0,37,2,39,0,5,40,4,49,14,12,26,75
04/21/2013,GON,CT,ANE,EN,Federal Contract Tower,0,4,7,0,11,0,1,78,5,84,0,5,85,5,95,14,0,14,109
04/22/2013,GON,CT,ANE,EN,Federal Contract Tower,0,3,10,0,13,0,2,41,1,44,0,5,51,1,57,8,0,8,65
04/23/2013,GON,CT,ANE,EN,Federal Contract Tower,0,3,15,2,20,0,0,0,0,0,0,3,15,2,20,0,0,0,20
04/24/2013,GON,CT,ANE,EN,Federal Contract Tower,0,4,11,4,19,0,0,60,15,75,0,4,71,19,94,26,0,26,120
04/25/2013,GON,CT,ANE,EN,Federal Contract Tower,0,6,4,2,12,0,0,74,9,83,0,6,78,11,95,12,6,18,113
04/26/2013,GON,CT,ANE,EN,Federal Contract Tower,0,6,11,3,20,0,1,84,15,100,0,7,95,18,120,46,12,58,178
04/27/2013,GON,CT,ANE,EN,Federal Contract Tower,0,4,11,0,15,0,0,75,0,75,0,4,86,0,90,42,0,42,132
04/28/2013,GON,CT,ANE,EN,Federal Contract Tower,0,0,11,0,11,0,4,80,1,85,0,4,91,1,96,56,0,56,152
04/29/2013,GON,CT,ANE,EN,Federal Contract Tower,0,6,17,3,26,0,0,47,4,51,0,6,64,7,77,28,8,36,113
04/30/2013,GON,CT,ANE,EN,Federal Contract Tower,0,2,7,0,9,0,3,83,6,92,0,5,90,6,101,62,6,68,169
05/01/2013,GON,CT,ANE,EN,Federal Contract Tower,0,3,18,4,25,0,0,82,10,92,0,3,100,14,117,74,18,92,209
05/02/2013,GON,CT,ANE,EN,Federal Contract Tower,0,2,10,0,12,0,2,65,6,73,0,4,75,6,85,10,12,22,107
05/03/2013,GON,CT,ANE,EN,Federal Contract Tower,0,6,12,0,18,0,3,70,5,78,0,9,82,5,96,16,0,16,112
05/04/2013,GON,CT,ANE,EN,Federal Contract Tower,0,0,17,0,17,0,1,73,0,74,0,1,90,0,91,42,0,42,133
05/05/2013,GON,CT,ANE,EN,Federal Contract Tower,0,1,13,0,14,0,0,78,0,78,0,1,91,0,92,36,0,36,128
05/06/2013,GON,CT,ANE,EN,Federal Contract Tower,0,5,18,1,24,0,2,52,4,58,0,7,70,5,82,24,6,30,112
05/07/2013,GON,CT,ANE,EN,Federal Contract Tower,0,2,10,1,13,0,0,27,0,27,0,2,37,1,40,10,0,10,50
05/08/2013,GON,CT,ANE,EN,Federal Contract Tower,0,5,21,1,27,0,0,0,0,0,0,5,21,1,27,2,0,2,29
05/09/2013,GON,CT,ANE,EN,Federal Contract Tower,0,1,31,1,33,0,0,4,0,4,0,1,35,1,37,4,0,4,41
05/10/2013,GON,CT,ANE,EN,Federal Contract Tower,0,7,9,1,17,0,1,72,16,89,0,8,81,17,106,58,20,78,184
05/11/2013,GON,CT,ANE,EN,Federal Contract Tower,0,0,18,0,18,0,0,8,0,8,0,0,26,0,26,2,0,2,28
05/12/2013,GON,CT,ANE,EN,Federal Contract Tower,0,0,5,0,5,0,2,44,6,52,0,2,49,6,57,2,0,2,59
05/13/2013,GON,CT,ANE,EN,Federal Contract Tower,0,4,10,2,16,0,0,49,3,52,0,4,59,5,68,20,18,38,106
05/14/2013,GON,CT,ANE,EN,Federal Contract Tower,0,4,14,7,25,0,1,62,3,66,0,5,76,10,91,28,14,42,133
05/15/2013,GON,CT,ANE,EN,Federal Contract Tower,0,2,13,2,17,0,0,34,3,37,0,2,47,5,54,2,0,2,56
05/16/2013,GON,CT,ANE,EN,Federal Contract Tower,0,4,10,1,15,0,1,65,15,81,0,5,75,16,96,50,2,52,148
05/17/2013,GON,CT,ANE,EN,Federal Contract Tower,0,7,11,1,19,0,0,83,7,90,0,7,94,8,109,38,0,38,147
05/18/2013,GON,CT,ANE,EN,Federal Contract Tower,0,1,9,0,10,0,0,57,2,59,0,1,66,2,69,48,2,50,119
05/19/2013,GON,CT,ANE,EN,Federal Contract Tower,0,6,26,0,32,0,0,48,0,48,0,6,74,0,80,16,4,20,100
05/20/2013,GON,CT,ANE,EN,Federal Contract Tower,0,10,15,1,26,0,0,15,0,15,0,10,30,1,41,0,0,0,41
05/21/2013,GON,CT,ANE,EN,Federal Contract Tower,0,5,13,1,19,0,0,37,5,42,0,5,50,6,61,28,0,28,89
05/22/2013,GON,CT,ANE,EN,Federal Contract Tower,0,3,40,9,52,0,0,2,0,2,0,3,42,9,54,0,0,0,54
05/23/2013,GON,CT,ANE,EN,Federal Contract Tower,0,5,26,0,31,0,1,5,0,6,0,6,31,0,37,2,0,2,39
05/24/2013,GON,CT,ANE,EN,Federal Contract Tower,0,14,30,0,44,0,0,3,0,3,0,14,33,0,47,14,0,14,61
05/25/2013,GON,CT,ANE,EN,Federal Contract Tower,0,7,6,0,13,0,0,0,0,0,0,7,6,0,13,0,0,0,13
05/26/2013,GON,CT,ANE,EN,Federal Contract Tower,0,0,9,0,9,0,0,26,0,26,0,0,35,0,35,4,0,4,39
05/27/2013,GON,CT,ANE,EN,Federal Contract Tower,0,7,14,2,23,0,2,103,3,108,0,9,117,5,131,62,0,62,193
05/28/2013,GON,CT,ANE,EN,Federal Contract Tower,0,3,14,2,19,0,1,42,0,43,0,4,56,2,62,22,2,24,86
05/29/2013,GON,CT,ANE,EN,Federal Contract Tower,0,4,16,8,28,0,0,21,2,23,0,4,37,10,51,8,6,14,65
05/30/2013,GON,CT,ANE,EN,Federal Contract Tower,0,1,10,4,15,0,1,61,24,86,0,2,71,28,101,36,16,52,153
05/31/2013,GON,CT,ANE,EN,Federal Contract Tower,0,7,24,2,33,0,7,55,11,73,0,14,79,13,106,34,4,38,144
06/01/2013,GON,CT,ANE,EN,Federal Contract Tower,0,3,17,0,20,0,0,86,1,87,0,3,103,1,107,88,0,88,195
06/02/2013,GON,CT,ANE,EN,Federal Contract Tower,0,5,19,0,24,0,2,61,0,63,0,7,80,0,87,36,0,36,123
06/03/2013,GON,CT,ANE,EN,Federal Contract Tower,0,3,23,0,26,0,0,0,0,0,0,3,23,0,26,0,0,0,26
06/04/2013,GON,CT,ANE,EN,Federal Contract Tower,0,3,14,7,24,0,6,90,2,98,0,9,104,9,122,44,0,44,166
06/05/2013,GON,CT,ANE,EN,Federal Contract Tower,0,4,24,0,28,0,30,69,1,100,0,34,93,1,128,98,0,98,226
06/06/2013,GON,CT,ANE,EN,Federal Contract Tower,0,2,19,0,21,0,1,0,0,1,0,3,19,0,22,40,0,40,62
06/07/2013,GON,CT,ANE,EN,Federal Contract Tower,0,4,6,0,10,0,0,0,0,0,0,4,6,0,10,0,0,0,10
06/08/2013,GON,CT,ANE,EN,Federal Contract Tower,0,5,38,0,43,0,0,46,0,46,0,5,84,0,89,40,0,40,129
06/09/2013,GON,CT,ANE,EN,Federal Contract Tower,0,7,20,0,27,0,0,106,3,109,0,7,126,3,136,68,2,70,206
06/10/2013,GON,CT,ANE,EN,Federal Contract Tower,0,4,13,2,19,0,1,28,0,29,0,5,41,2,48,18,2,20,68
06/11/2013,GON,CT,ANE,EN,Federal Contract Tower,0,2,10,0,12,0,1,9,0,10,0,3,19,0,22,2,0,2,24
06/12/2013,GON,CT,ANE,EN,Federal Contract Tower,0,4,24,2,30,0,1,80,10,91,0,5,104,12,121,56,2,58,179
06/13/2013,GON,CT,ANE,EN,Federal Contract Tower,0,3,20,0,23,0,0,27,0,27,0,3,47,0,50,2,4,6,56
06/14/2013,GON,CT,ANE,EN,Federal Contract Tower,0,4,18,2,24,0,3,40,1,44,0,7,58,3,68,22,0,22,90
06/15/2013,GON,CT,ANE,EN,Federal Contract Tower,0,4,22,2,28,0,2,115,0,117,0,6,137,2,145,72,0,72,217
06/16/2013,GON,CT,ANE,EN,Federal Contract Tower,0,0,20,0,20,0,2,59,0,61,0,2,79,0,81,100,4,104,185
06/17/2013,GON,CT,ANE,EN,Federal Contract Tower,0,4,14,2,20,0,1,52,5,58,0,5,66,7,78,38,24,62,140
06/18/2013,GON,CT,ANE,EN,Federal Contract Tower,0,4,16,1,21,0,3,16,7,26,0,7,32,8,47,6,24,30,77
06/19/2013,GON,CT,ANE,EN,Federal Contract Tower,0,4,18,10,32,0,1,91,8,100,0,5,109,18,132,56,16,72,204
06/20/2013,GON,CT,ANE,EN,Federal Contract Tower,0,1,18,1,20,0,2,82,5,89,0,3,100,6,109,52,16,68,177
06/21/2013,GON,CT,ANE,EN,Federal Contract Tower,0,7,21,1,29,0,0,98,9,107,0,7,119,10,136,76,12,88,224
06/22/2013,GON,CT,ANE,EN,Federal Contract Tower,0,4,6,0,10,0,0,74,3,77,0,4,80,3,87,58,0,58,145
06/23/2013,GON,CT,ANE,EN,Federal Contract Tower,0,6,19,0,25,0,0,51,4,55,0,6,70,4,80,54,0,54,134
06/24/2013,GON,CT,ANE,EN,Federal Contract Tower,0,1,17,0,18,0,3,51,2,56,0,4,68,2,74,40,0,40,114
06/25/2013,GON,CT,ANE,EN,Federal Contract Tower,0,7,14,0,21,0,2,72,2,76,0,9,86,2,97,32,0,32,129
06/26/2013,GON,CT,ANE,EN,Federal Contract Tower,0,1,12,0,13,0,0,64,11,75,0,1,76,11,88,46,18,64,152
06/27/2013,GON,CT,ANE,EN,Federal Contract Tower,0,10,38,6,54,0,1,9,0,10,0,11,47,6,64,6,0,6,70
06/28/2013,GON,CT,ANE,EN,Federal Contract Tower,0,12,22,2,36,0,0,6,8,14,0,12,28,10,50,2,0,2,52
06/29/2013,GON,CT,ANE,EN,Federal Contract Tower,0,3,20,0,23,0,0,12,0,12,0,3,32,0,35,4,0,4,39
06/30/2013,GON,CT,ANE,EN,Federal Contract Tower,0,6,29,0,35,0,1,9,0,10,0,7,38,0,45,58,0,58,103
07/01/2013,GON,CT,ANE,EN,Federal Contract Tower,0,8,13,2,23,0,0,1,0,1,0,8,14,2,24,0,0,0,24
07/02/2013,GON,CT,ANE,EN,Federal Contract Tower,0,5,33,7,45,0,0,10,0,10,0,5,43,7,55,0,0,0,55
07/03/2013,GON,CT,ANE,EN,Federal Contract Tower,0,2,30,0,32,0,1,66,5,72,0,3,96,5,104,62,2,64,168
07/04/2013,GON,CT,ANE,EN,Federal Contract Tower,0,2,5,0,7,0,1,49,0,50,0,3,54,0,57,2,0,2,59
07/05/2013,GON,CT,ANE,EN,Federal Contract Tower,0,1,12,2,15,0,1,98,0,99,0,2,110,2,114,88,0,88,202
07/06/2013,GON,CT,ANE,EN,Federal Contract Tower,0,2,18,0,20,0,3,79,0,82,0,5,97,0,102,130,0,130,232
07/07/2013,GON,CT,ANE,EN,Federal Contract Tower,0,7,17,0,24,0,8,66,0,74,0,15,83,0,98,76,0,76,174
07/08/2013,GON,CT,ANE,EN,Federal Contract Tower,0,0,19,1,20,0,0,69,4,73,0,0,88,5,93,56,0,56,149
07/09/2013,GON,CT,ANE,EN,Federal Contract Tower,0,6,24,4,34,0,0,13,3,16,0,6,37,7,50,2,2,4,54
07/10/2013,GON,CT,ANE,EN,Federal Contract Tower,0,9,18,2,29,0,3,13,3,19,0,12,31,5,48,2,22,24,72
07/11/2013,GON,CT,ANE,EN,Federal Contract Tower,0,4,15,0,19,0,2,38,0,40,0,6,53,0,59,70,0,70,129
07/12/2013,GON,CT,ANE,EN,Federal Contract Tower,0,7,17,6,30,0,1,45,9,55,0,8,62,15,85,22,0,22,107
07/13/2013,GON,CT,ANE,EN,Federal Contract Tower,0,11,24,0,35,0,0,0,0,0,0,11,24,0,35,8,0,8,43
07/14/2013,GON,CT,ANE,EN,Federal Contract Tower,0,9,19,0,28,0,3,43,0,46,0,12,62,0,74,52,0,52,126
07/15/2013,GON,CT,ANE,EN,Federal Contract Tower,0,7,18,4,29,0,2,53,6,61,0,9,71,10,90,20,4,24,114
07/16/2013,GON,CT,ANE,EN,Federal Contract Tower,0,3,12,6,21,0,0,64,0,64,0,3,76,6,85,58,0,58,143
07/17/2013,GON,CT,ANE,EN,Federal Contract Tower,0,6,28,0,34,0,3,81,2,86,0,9,109,2,120,84,8,92,212
07/18/2013,GON,CT,ANE,EN,Federal Contract Tower,0,1,8,0,9,0,5,61,1,67,0,6,69,1,76,24,0,24,100
07/19/2013,GON,CT,ANE,EN,Federal Contract Tower,0,4,24,0,28,0,1,74,11,86,0,5,98,11,114,74,2,76,190
07/20/2013,GON,CT,ANE,EN,Federal Contract Tower,0,4,8,0,12,0,4,31,0,35,0,8,39,0,47,4,0,4,51
07/21/2013,GON,CT,ANE,EN,Federal Contract Tower,0,8,13,0,21,0,4,55,0,59,0,12,68,0,80,30,0,30,110
07/22/2013,GON,CT,ANE,EN,Federal Contract Tower,0,8,39,0,47,0,1,32,0,33,0,9,71,0,80,26,0,26,106
07/23/2013,GON,CT,ANE,EN,Federal Contract Tower,0,4,16,0,20,0,0,11,0,11,0,4,27,0,31,4,0,4,35
07/24/2013,GON,CT,ANE,EN,Federal Contract Tower,0,9,28,1,38,0,1,78,16,95,0,10,106,17,133,70,16,86,219
07/25/2013,GON,CT,ANE,EN,Federal Contract Tower,0,15,24,0,39,0,3,14,0,17,0,18,38,0,56,56,0,56,112
07/26/2013,GON,CT,ANE,EN,Federal Contract Tower,0,10,19,0,29,0,1,57,2,60,0,11,76,2,89,24,4,28,117
07/27/2013,GON,CT,ANE,EN,Federal Contract Tower,0,3,11,0,14,0,0,111,4,115,0,3,122,4,129,72,0,72,201
07/28/2013,GON,CT,ANE,EN,Federal Contract Tower,0,4,28,0,32,0,2,38,2,42,0,6,66,2,74,18,0,18,92
07/29/2013,GON,CT,ANE,EN,Federal Contract Tower,0,14,14,0,28,0,4,50,0,54,0,18,64,0,82,12,0,12,94
07/30/2013,GON,CT,ANE,EN,Federal Contract Tower,0,9,15,0,24,0,2,120,6,128,0,11,135,6,152,52,2,54,206
07/31/2013,GON,CT,ANE,EN,Federal Contract Tower,0,3,13,2,18,0,3,105,7,115,0,6,118,9,133,92,10,102,235
08/01/2013,GON,CT,ANE,EN,Federal Contract Tower,0,3,15,2,20,0,3,55,6,64,0,6,70,8,84,72,20,92,176
08/02/2013,GON,CT,ANE,EN,Federal Contract Tower,0,8,16,0,24,0,0,79,2,81,0,8,95,2,105,94,4,98,203
08/03/2013,GON,CT,ANE,EN,Federal Contract Tower,0,5,12,5,22,0,0,51,4,55,0,5,63,9,77,20,0,20,97
08/04/2013,GON,CT,ANE,EN,Federal Contract Tower,0,2,15,0,17,0,1,73,1,75,0,3,88,1,92,46,0,46,138
08/05/2013,GON,CT,ANE,EN,Federal Contract Tower,0,5,22,2,29,0,5,76,0,81,0,10,98,2,110,58,4,62,172
08/06/2013,GON,CT,ANE,EN,Federal Contract Tower,0,5,17,2,24,0,1,91,5,97,0,6,108,7,121,62,0,62,183
08/07/2013,GON,CT,ANE,EN,Federal Contract Tower,0,7,20,1,28,0,4,75,8,87,0,11,95,9,115,12,0,12,127
08/08/2013,GON,CT,ANE,EN,Federal Contract Tower,0,10,24,0,34,0,1,39,0,40,0,11,63,0,74,48,0,48,122
08/09/2013,GON,CT,ANE,EN,Federal Contract Tower,0,26,29,1,56,0,0,0,0,0,0,26,29,1,56,6,2,8,64
08/10/2013,GON,CT,ANE,EN,Federal Contract Tower,0,5,12,0,17,0,4,72,1,77,0,9,84,1,94,78,0,78,172
08/11/2013,GON,CT,ANE,EN,Federal Contract Tower,0,7,21,0,28,0,7,107,3,117,0,14,128,3,145,56,0,56,201
08/12/2013,GON,CT,ANE,EN,Federal Contract Tower,0,6,25,0,31,0,1,72,2,75,0,7,97,2,106,60,0,60,166
08/13/2013,GON,CT,ANE,EN,Federal Contract Tower,0,2,19,0,21,0,0,14,0,14,0,2,33,0,35,18,0,18,53
08/14/2013,GON,CT,ANE,EN,Federal Contract Tower,0,3,19,2,24,0,2,82,4,88,0,5,101,6,112,56,0,56,168
08/15/2013,GON,CT,ANE,EN,Federal Contract Tower,0,9,15,0,24,0,4,118,6,128,0,13,133,6,152,78,0,78,230
08/16/2013,GON,CT,ANE,EN,Federal Contract Tower,0,10,22,8,40,0,3,106,3,112,0,13,128,11,152,52,4,56,208
08/17/2013,GON,CT,ANE,EN,Federal Contract Tower,0,4,15,2,21,0,2,83,1,86,0,6,98,3,107,40,0,40,147
08/18/2013,GON,CT,ANE,EN,Federal Contract Tower,0,8,20,0,28,0,2,43,0,45,0,10,63,0,73,18,0,18,91
08/19/2013,GON,CT,ANE,EN,Federal Contract Tower,0,8,20,0,28,0,2,59,1,62,0,10,79,1,90,12,0,12,102
08/20/2013,GON,CT,ANE,EN,Federal Contract Tower,0,6,20,0,26,0,6,98,6,110,0,12,118,6,136,70,4,74,210
08/21/2013,GON,CT,ANE,EN,Federal Contract Tower,0,4,12,1,17,0,4,72,6,82,0,8,84,7,99,42,14,56,155
08/22/2013,GON,CT,ANE,EN,Federal Contract Tower,0,5,19,2,26,0,2,33,0,35,0,7,52,2,61,32,0,32,93
08/23/2013,GON,CT,ANE,EN,Federal Contract Tower,0,11,25,0,36,0,3,88,10,101,0,14,113,10,137,78,12,90,227
08/24/2013,GON,CT,ANE,EN,Federal Contract Tower,0,0,11,0,11,0,3,75,3,81,0,3,86,3,92,68,0,68,160
08/25/2013,GON,CT,ANE,EN,Federal Contract Tower,0,1,14,0,15,0,4,74,1,79,0,5,88,1,94,58,0,58,152
08/26/2013,GON,CT,ANE,EN,Federal Contract Tower,0,4,15,0,19,0,4,41,4,49,0,8,56,4,68,42,0,42,110
08/27/2013,GON,CT,ANE,EN,Federal Contract Tower,0,6,10,0,16,0,1,17,5,23,0,7,27,5,39,2,0,2,41
08/28/2013,GON,CT,ANE,EN,Federal Contract Tower,0,5,16,0,21,0,4,21,7,32,0,9,37,7,53,8,4,12,65
08/29/2013,GON,CT,ANE,EN,Federal Contract Tower,0,4,22,2,28,0,2,36,3,41,0,6,58,5,69,28,0,28,97
08/30/2013,GON,CT,ANE,EN,Federal Contract Tower,0,3,24,2,29,0,1,38,0,39,0,4,62,2,68,50,2,52,120
08/31/2013,GON,CT,ANE,EN,Federal Contract Tower,0,3,18,0,21,0,3,24,0,27,0,6,42,0,48,48,0,48,96
09/01/2013,GON,CT,ANE,EN,Federal Contract Tower,0,5,19,0,24,0,0,3,0,3,0,5,22,0,27,6,0,6,33
09/02/2013,GON,CT,ANE,EN,Federal Contract Tower,0,5,12,0,17,0,0,0,0,0,0,5,12,0,17,0,0,0,17
09/03/2013,GON,CT,ANE,EN,Federal Contract Tower,0,6,20,2,28,0,0,8,3,11,0,6,28,5,39,6,4,10,49
09/04/2013,GON,CT,ANE,EN,Federal Contract Tower,0,1,18,0,19,0,5,73,3,81,0,6,91,3,100,56,0,56,156
09/05/2013,GON,CT,ANE,EN,Federal Contract Tower,0,6,12,1,19,0,4,79,4,87,0,10,91,5,106,68,8,76,182
09/06/2013,GON,CT,ANE,EN,Federal Contract Tower,0,5,18,5,28,0,0,0,0,0,0,5,18,5,28,56,0,56,84
09/07/2013,GON,CT,ANE,EN,Federal Contract Tower,0,0,29,1,30,0,3,111,17,131,0,3,140,18,161,58,4,62,223
09/08/2013,GON,CT,ANE,EN,Federal Contract Tower,0,6,10,2,18,0,4,55,2,61,0,10,65,4,79,8,0,8,87
09/09/2013,GON,CT,ANE,EN,Federal Contract Tower,0,3,16,0,19,0,2,71,0,73,0,5,87,0,92,36,0,36,128
09/10/2013,GON,CT,ANE,EN,Federal Contract Tower,0,9,11,0,20,0,1,27,0,28,0,10,38,0,48,22,0,22,70
09/11/2013,GON,CT,ANE,EN,Federal Contract Tower,0,4,20,1,25,0,0,51,9,60,0,4,71,10,85,10,10,20,105
09/12/2013,GON,CT,ANE,EN,Federal Contract Tower,0,5,15,2,22,0,0,9,1,10,0,5,24,3,32,2,2,4,36
09/13/2013,GON,CT,ANE,EN,Federal Contract Tower,0,8,13,3,24,0,1,42,5,48,0,9,55,8,72,50,2,52,124
09/14/2013,GON,CT,ANE,EN,Federal Contract Tower,0,0,15,0,15,0,0,73,6,79,0,0,88,6,94,36,0,36,130
09/15/2013,GON,CT,ANE,EN,Federal Contract Tower,0,7,15,2,24,0,2,70,1,73,0,9,85,3,97,14,0,14,111
09/16/2013,GON,CT,ANE,EN,Federal Contract Tower,0,3,19,0,22,0,1,46,0,47,0,4,65,0,69,14,0,14,83
09/17/2013,GON,CT,ANE,EN,Federal Contract Tower,0,5,18,1,24,0,1,54,5,60,0,6,72,6,84,12,2,14,98
09/18/2013,GON,CT,ANE,EN,Federal Contract Tower,0,7,15,7,29,0,7,74,13,94,0,14,89,20,123,46,14,60,183
09/19/2013,GON,CT,ANE,EN,Federal Contract Tower,0,1,14,3,18,0,3,80,2,85,0,4,94,5,103,24,0,24,127
09/20/2013,GON,CT,ANE,EN,Federal Contract Tower,0,10,35,0,45,0,4,98,1,103,0,14,133,1,148,72,0,72,220
09/21/2013,GON,CT,ANE,EN,Federal Contract Tower,0,2,17,0,19,0,2,46,0,48,0,4,63,0,67,28,0,28,95
09/22/2013,GON,CT,ANE,EN,Federal Contract Tower,0,5,23,0,28,0,6,32,0,38,0,11,55,0,66,18,0,18,84
09/23/2013,GON,CT,ANE,EN,Federal Contract Tower,0,7,10,0,17,0,0,49,0,49,0,7,59,0,66,30,0,30,96
09/24/2013,GON,CT,ANE,EN,Federal Contract Tower,0,3,15,5,23,0,0,62,5,67,0,3,77,10,90,54,10,64,154
09/25/2013,GON,CT,ANE,EN,Federal Contract Tower,0,2,15,7,24,0,2,62,3,67,0,4,77,10,91,58,0,58,149
09/26/2013,GON,CT,ANE,EN,Federal Contract Tower,0,3,11,0,14,0,1,46,0,47,0,4,57,0,61,28,0,28,89
09/27/2013,GON,CT,ANE,EN,Federal Contract Tower,0,7,14,0,21,0,0,82,2,84,0,7,96,2,105,26,0,26,131
09/28/2013,GON,CT,ANE,EN,Federal Contract Tower,0,3,6,0,9,0,4,112,0,116,0,7,118,0,125,44,0,44,169
09/29/2013,GON,CT,ANE,EN,Federal Contract Tower,0,5,10,0,15,0,0,74,0,74,0,5,84,0,89,68,0,68,157
09/30/2013,GON,CT,ANE,EN,Federal Contract Tower,0,1,9,0,10,0,0,62,2,64,0,1,71,2,74,40,0,40,114
10/01/2013,GON,CT,ANE,EN,Federal Contract Tower,0,1,9,0,10,0,3,70,0,73,0,4,79,0,83,32,0,32,115
10/02/2013,GON,CT,ANE,EN,Federal Contract Tower,0,2,16,0,18,0,0,71,0,71,0,2,87,0,89,56,0,56,145
10/03/2013,GON,CT,ANE,EN,Federal Contract Tower,0,3,7,0,10,0,2,48,0,50,0,5,55,0,60,66,0,66,126
10/04/2013,GON,CT,ANE,EN,Federal Contract Tower,0,3,29,0,32,0,1,61,0,62,0,4,90,0,94,20,0,20,114
10/05/2013,GON,CT,ANE,EN,Federal Contract Tower,0,0,23,0,23,0,0,41,2,43,0,0,64,2,66,44,0,44,110
10/06/2013,GON,CT,ANE,EN,Federal Contract Tower,0,4,11,0,15,0,0,2,0,2,0,4,13,0,17,0,0,0,17
10/07/2013,GON,CT,ANE,EN,Federal Contract Tower,0,5,6,0,11,0,0,5,2,7,0,5,11,2,18,0,4,4,22
10/08/2013,GON,CT,ANE,EN,Federal Contract Tower,0,1,5,0,6,0,1,31,0,32,0,2,36,0,38,42,0,42,80
10/09/2013,GON,CT,ANE,EN,Federal Contract Tower,0,2,22,0,24,0,2,47,0,49,0,4,69,0,73,18,0,18,91
10/10/2013,GON,CT,ANE,EN,Federal Contract Tower,0,4,18,0,22,0,1,47,0,48,0,5,65,0,70,38,0,38,108
10/11/2013,GON,CT,ANE,EN,Federal Contract Tower,0,8,17,0,25,0,2,37,0,39,0,10,54,0,64,14,0,14,78
10/12/2013,GON,CT,ANE,EN,Federal Contract Tower,0,4,13,0,17,0,0,37,0,37,0,4,50,0,54,16,0,16,70
10/13/2013,GON,CT,ANE,EN,Federal Contract Tower,0,2,19,0,21,0,2,49,0,51,0,4,68,0,72,24,0,24,96
10/14/2013,GON,CT,ANE,EN,Federal Contract Tower,0,2,17,0,19,0,1,76,0,77,0,3,93,0,96,20,0,20,116
10/15/2013,GON,CT,ANE,EN,Federal Contract Tower,0,4,23,0,27,0,0,55,0,55,0,4,78,0,82,104,0,104,186
10/16/2013,GON,CT,ANE,EN,Federal Contract Tower,0,7,18,0,25,0,5,29,0,34,0,12,47,0,59,16,0,16,75
10/17/2013,GON,CT,ANE,EN,Federal Contract Tower,0,5,18,1,24,0,0,23,0,23,0,5,41,1,47,24,0,24,71
10/18/2013,GON,CT,ANE,EN,Federal Contract Tower,0,6,24,0,30,0,0,71,0,71,0,6,95,0,101,46,0,46,147
10/19/2013,GON,CT,ANE,EN,Federal Contract Tower,0,0,8,1,9,0,0,64,0,64,0,0,72,1,73,72,0,72,145
10/20/2013,GON,CT,ANE,EN,Federal Contract Tower,0,1,13,0,14,0,0,101,0,101,0,1,114,0,115,28,0,28,143
10/21/2013,GON,CT,ANE,EN,Federal Contract Tower,0,2,10,0,12,0,0,63,2,65,0,2,73,2,77,40,0,40,117
10/22/2013,GON,CT,ANE,EN,Federal Contract Tower,0,3,5,2,10,0,0,58,2,60,0,3,63,4,70,16,0,16,86
10/23/2013,GON,CT,ANE,EN,Federal Contract Tower,0,3,17,2,22,0,0,26,0,26,0,3,43,2,48,24,0,24,72
10/24/2013,GON,CT,ANE,EN,Federal Contract Tower,0,6,10,0,16,0,0,40,2,42,0,6,50,2,58,16,2,18,76
10/25/2013,GON,CT,ANE,EN,Federal Contract Tower,0,4,10,2,16,0,0,64,15,79,0,4,74,17,95,46,0,46,141
10/26/2013,GON,CT,ANE,EN,Federal Contract Tower,0,2,5,0,7,0,0,46,2,48,0,2,51,2,55,24,2,26,81
10/27/2013,GON,CT,ANE,EN,Federal Contract Tower,0,0,8,0,8,0,0,43,3,46,0,0,51,3,54,40,4,44,98
10/28/2013,GON,CT,ANE,EN,Federal Contract Tower,0,2,12,0,14,0,0,68,0,68,0,2,80,0,82,52,0,52,134
10/29/2013,GON,CT,ANE,EN,Federal Contract Tower,0,4,16,8,28,0,2,44,3,49,0,6,60,11,77,106,0,106,183
10/30/2013,GON,CT,ANE,EN,Federal Contract Tower,0,2,24,4,30,0,0,46,5,51,0,2,70,9,81,38,0,38,119
10/31/2013,GON,CT,ANE,EN,Federal Contract Tower,0,5,9,0,14,0,0,10,0,10,0,5,19,0,24,10,2,12,36
11/01/2013,GON,CT,ANE,EN,Federal Contract Tower,0,4,5,0,9,0,0,3,0,3,0,4,8,0,12,2,0,2,14
11/02/2013,GON,CT,ANE,EN,Federal Contract Tower,0,4,11,0,15,0,0,80,3,83,0,4,91,3,98,112,0,112,210
11/03/2013,GON,CT,ANE,EN,Federal Contract Tower,0,14,1,0,15,0,0,46,3,49,0,14,47,3,64,86,0,86,150
11/04/2013,GON,CT,ANE,EN,Federal Contract Tower,0,4,11,0,15,0,0,69,2,71,0,4,80,2,86,44,0,44,130
11/05/2013,GON,CT,ANE,EN,Federal Contract Tower,0,2,12,0,14,0,0,49,0,49,0,2,61,0,63,30,0,30,93
11/06/2013,GON,CT,ANE,EN,Federal Contract Tower,0,3,9,0,12,0,0,67,9,76,0,3,76,9,88,10,6,16,104
11/07/2013,GON,CT,ANE,EN,Federal Contract Tower,0,1,9,0,10,0,0,0,0,0,0,1,9,0,10,0,0,0,10
11/08/2013,GON,CT,ANE,EN,Federal Contract Tower,0,4,7,0,11,0,0,56,2,58,0,4,63,2,69,36,0,36,105
11/09/2013,GON,CT,ANE,EN,Federal Contract Tower,0,2,28,0,30,0,0,99,9,108,0,2,127,9,138,48,0,48,186
11/10/2013,GON,CT,ANE,EN,Federal Contract Tower,0,0,5,0,5,0,0,41,0,41,0,0,46,0,46,54,0,54,100
11/11/2013,GON,CT,ANE,EN,Federal Contract Tower,0,0,3,0,3,0,0,41,2,43,0,0,44,2,46,28,0,28,74
11/12/2013,GON,CT,ANE,EN,Federal Contract Tower,0,0,7,0,7,0,0,20,0,20,0,0,27,0,27,2,0,2,29
11/13/2013,GON,CT,ANE,EN,Federal Contract Tower,0,3,13,4,20,0,1,35,4,40,0,4,48,8,60,14,0,14,74
11/14/2013,GON,CT,ANE,EN,Federal Contract Tower,0,1,17,0,18,0,1,61,0,62,0,2,78,0,80,44,0,44,124
11/15/2013,GON,CT,ANE,EN,Federal Contract Tower,0,6,9,0,15,0,1,65,0,66,0,7,74,0,81,40,0,40,121
11/16/2013,GON,CT,ANE,EN,Federal Contract Tower,0,2,18,0,20,0,0,91,4,95,0,2,109,4,115,60,0,60,175
11/17/2013,GON,CT,ANE,EN,Federal Contract Tower,0,0,21,2,23,0,0,7,0,7,0,0,28,2,30,0,2,2,32
11/18/2013,GON,CT,ANE,EN,Federal Contract Tower,0,2,12,1,15,0,0,35,0,35,0,2,47,1,50,2,0,2,52
11/19/2013,GON,CT,ANE,EN,Federal Contract Tower,0,2,9,2,13,0,2,28,9,39,0,4,37,11,52,28,4,32,84
11/20/2013,GON,CT,ANE,EN,Federal Contract Tower,0,5,17,4,26,0,2,71,8,81,0,7,88,12,107,48,0,48,155
11/21/2013,GON,CT,ANE,EN,Federal Contract Tower,0,2,22,0,24,0,0,82,4,86,0,2,104,4,110,48,0,48,158
11/22/2013,GON,CT,ANE,EN,Federal Contract Tower,0,8,23,0,31,0,0,0,0,0,0,8,23,0,31,0,0,0,31
11/23/2013,GON,CT,ANE,EN,Federal Contract Tower,0,6,8,2,16,0,0,42,0,42,0,6,50,2,58,26,0,26,84
11/24/2013,GON,CT,ANE,EN,Federal Contract Tower,0,1,7,0,8,0,0,11,0,11,0,1,18,0,19,0,0,0,19
11/25/2013,GON,CT,ANE,EN,Federal Contract Tower,0,1,7,1,9,0,7,70,1,78,0,8,77,2,87,26,0,26,113
11/26/2013,GON,CT,ANE,EN,Federal Contract Tower,0,4,7,0,11,0,0,35,4,39,0,4,42,4,50,22,0,22,72
11/27/2013,GON,CT,ANE,EN,Federal Contract Tower,0,3,6,0,9,0,0,0,0,0,0,3,6,0,9,2,0,2,11
11/28/2013,GON,CT,ANE,EN,Federal Contract Tower,0,3,1,0,4,0,0,6,2,8,0,3,7,2,12,0,0,0,12
11/29/2013,GON,CT,ANE,EN,Federal Contract Tower,0,0,6,0,6,0,0,0,0,0,0,0,6,0,6,34,0,34,40
11/30/2013,GON,CT,ANE,EN,Federal Contract Tower,0,1,14,0,15,0,0,72,0,72,0,1,86,0,87,64,0,64,151
12/01/2013,GON,CT,ANE,EN,Federal Contract Tower,0,3,21,0,24,0,0,9,0,9,0,3,30,0,33,24,0,24,57
12/02/2013,GON,CT,ANE,EN,Federal Contract Tower,0,3,10,0,13,0,0,16,0,16,0,3,26,0,29,0,0,0,29
12/03/2013,GON,CT,ANE,EN,Federal Contract Tower,0,1,13,0,14,0,0,45,2,47,0,1,58,2,61,12,0,12,73
12/04/2013,GON,CT,ANE,EN,Federal Contract Tower,0,2,25,0,27,0,0,69,9,78,0,2,94,9,105,30,2,32,137
12/05/2013,GON,CT,ANE,EN,Federal Contract Tower,0,3,11,2,16,0,0,0,0,0,0,3,11,2,16,0,0,0,16
12/06/2013,GON,CT,ANE,EN,Federal Contract Tower,0,6,12,0,18,0,0,2,2,4,0,6,14,2,22,0,0,0,22
12/07/2013,GON,CT,ANE,EN,Federal Contract Tower,0,5,7,2,14,0,1,69,0,70,0,6,76,2,84,64,4,68,152
12/08/2013,GON,CT,ANE,EN,Federal Contract Tower,0,0,7,0,7,0,0,40,0,40,0,0,47,0,47,54,0,54,101
12/09/2013,GON,CT,ANE,EN,Federal Contract Tower,0,3,6,0,9,0,0,0,0,0,0,3,6,0,9,0,0,0,9
12/10/2013,GON,CT,ANE,EN,Federal Contract Tower,0,1,3,0,4,0,0,1,2,3,0,1,4,2,7,0,2,2,9
12/11/2013,GON,CT,ANE,EN,Federal Contract Tower,0,1,13,2,16,0,0,44,6,50,0,1,57,8,66,28,2,30,96
12/12/2013,GON,CT,ANE,EN,Federal Contract Tower,0,3,9,4,16,0,0,51,9,60,0,3,60,13,76,16,8,24,100
12/13/2013,GON,CT,ANE,EN,Federal Contract Tower,0,7,12,0,19,0,0,46,0,46,0,7,58,0,65,52,0,52,117
12/14/2013,GON,CT,ANE,EN,Federal Contract Tower,0,0,3,0,3,0,0,0,0,0,0,0,3,0,3,0,0,0,3
12/15/2013,GON,CT,ANE,EN,Federal Contract Tower,0,0,2,0,2,0,0,3,0,3,0,0,5,0,5,0,0,0,5
12/16/2013,GON,CT,ANE,EN,Federal Contract Tower,0,1,8,0,9,0,0,21,7,28,0,1,29,7,37,12,0,12,49
12/17/2013,GON,CT,ANE,EN,Federal Contract Tower,0,5,3,0,8,0,0,0,2,2,0,5,3,2,10,0,2,2,12
12/18/2013,GON,CT,ANE,EN,Federal Contract Tower,0,4,9,1,14,0,0,58,7,65,0,4,67,8,79,34,0,34,113
12/19/2013,GON,CT,ANE,EN,Federal Contract Tower,0,0,10,0,10,0,0,60,4,64,0,0,70,4,74,12,0,12,86
12/20/2013,GON,CT,ANE,EN,Federal Contract Tower,0,7,7,2,16,0,0,53,6,59,0,7,60,8,75,44,0,44,119
12/21/2013,GON,CT,ANE,EN,Federal Contract Tower,0,0,6,0,6,0,2,35,0,37,0,2,41,0,43,60,0,60,103
12/22/2013,GON,CT,ANE,EN,Federal Contract Tower,0,1,5,0,6,0,1,4,0,5,0,2,9,0,11,0,0,0,11
12/23/2013,GON,CT,ANE,EN,Federal Contract Tower,0,2,3,0,5,0,0,0,0,0,0,2,3,0,5,0,0,0,5
12/24/2013,GON,CT,ANE,EN,Federal Contract Tower,0,2,9,3,14,0,0,39,2,41,0,2,48,5,55,14,0,14,69
12/25/2013,GON,CT,ANE,EN,Federal Contract Tower,0,0,2,0,2,0,0,6,0,6,0,0,8,0,8,0,0,0,8
12/26/2013,GON,CT,ANE,EN,Federal Contract Tower,0,0,14,0,14,0,0,8,0,8,0,0,22,0,22,16,0,16,38
12/27/2013,GON,CT,ANE,EN,Federal Contract Tower,0,2,15,0,17,0,1,66,4,71,0,3,81,4,88,76,0,76,164
12/28/2013,GON,CT,ANE,EN,Federal Contract Tower,0,3,9,0,12,0,0,53,0,53,0,3,62,0,65,24,0,24,89
12/29/2013,GON,CT,ANE,EN,Federal Contract Tower,0,3,6,0,9,0,0,4,0,4,0,3,10,0,13,0,0,0,13
12/30/2013,GON,CT,ANE,EN,Federal Contract Tower,0,3,4,0,7,0,0,31,7,38,0,3,35,7,45,14,16,30,75
12/31/2013,GON,CT,ANE,EN,Federal Contract Tower,0,1,7,0,8,0,0,32,2,34,0,1,39,2,42,12,0,12,54
01/01/2014,GON,CT,ANE,EN,Federal Contract Tower,0,1,8,0,9,0,0,37,0,37,0,1,45,0,46,4,0,4,50
01/02/2014,GON,CT,ANE,EN,Federal Contract Tower,0,0,2,0,2,0,0,1,0,1,0,0,3,0,3,0,0,0,3
01/03/2014,GON,CT,ANE,EN,Federal Contract Tower,0,1,0,0,1,0,0,0,0,0,0,1,0,0,1,0,0,0,1
01/04/2014,GON,CT,ANE,EN,Federal Contract Tower,0,2,4,0,6,0,3,29,0,32,0,5,33,0,38,22,0,22,60
01/05/2014,GON,CT,ANE,EN,Federal Contract Tower,0,0,1,0,1,0,0,6,0,6,0,0,7,0,7,2,0,2,9
01/06/2014,GON,CT,ANE,EN,Federal Contract Tower,0,2,4,0,6,0,0,1,0,1,0,2,5,0,7,0,0,0,7
01/07/2014,GON,CT,ANE,EN,Federal Contract Tower,0,1,2,4,7,0,0,15,4,19,0,1,17,8,26,2,12,14,40
01/08/2014,GON,CT,ANE,EN,Federal Contract Tower,0,2,5,2,9,0,0,39,8,47,0,2,44,10,56,10,6,16,72
01/09/2014,GON,CT,ANE,EN,Federal Contract Tower,0,3,1,2,6,0,5,34,6,45,0,8,35,8,51,48,26,74,125
01/10/2014,GON,CT,ANE,EN,Federal Contract Tower,0,4,3,2,9,0,0,0,0,0,0,4,3,2,9,0,0,0,9
01/11/2014,GON,CT,ANE,EN,Federal Contract Tower,0,1,3,0,4,0,0,0,0,0,0,1,3,0,4,0,0,0,4
01/12/2014,GON,CT,ANE,EN,Federal Contract Tower,0,0,4,2,6,0,0,59,0,59,0,0,63,2,65,30,2,32,97
01/13/2014,GON,CT,ANE,EN,Federal Contract Tower,0,3,8,5,16,0,1,41,1,43,0,4,49,6,59,76,12,88,147
01/14/2014,GON,CT,ANE,EN,Federal Contract Tower,0,1,7,0,8,0,0,0,0,0,0,1,7,0,8,0,0,0,8
01/15/2014,GON,CT,ANE,EN,Federal Contract Tower,0,2,7,3,12,0,1,29,9,39,0,3,36,12,51,58,10,68,119
01/16/2014,GON,CT,ANE,EN,Federal Contract Tower,0,1,10,0,11,0,0,0,0,0,0,1,10,0,11,0,0,0,11
01/17/2014,GON,CT,ANE,EN,Federal Contract Tower,0,4,16,1,21,0,0,0,0,0,0,4,16,1,21,62,4,66,87
01/18/2014,GON,CT,ANE,EN,Federal Contract Tower,0,0,2,1,3,0,0,12,1,13,0,0,14,2,16,30,0,30,46
01/19/2014,GON,CT,ANE,EN,Federal Contract Tower,0,0,9,0,9,0,0,41,0,41,0,0,50,0,50,32,0,32,82
01/20/2014,GON,CT,ANE,EN,Federal Contract Tower,0,0,10,0,10,0,0,51,4,55,0,0,61,4,65,26,0,26,91
01/21/2014,GON,CT,ANE,EN,Federal Contract Tower,0,3,4,4,11,0,0,8,0,8,0,3,12,4,19,12,0,12,31
01/22/2014,GON,CT,ANE,EN,Federal Contract Tower,0,0,0,0,0,0,0,13,0,13,0,0,13,0,13,8,0,8,21
01/23/2014,GON,CT,ANE,EN,Federal Contract Tower,0,1,11,2,14,0,0,38,10,48,0,1,49,12,62,52,0,52,114
01/24/2014,GON,CT,ANE,EN,Federal Contract Tower,0,4,14,6,24,0,0,67,4,71,0,4,81,10,95,80,0,80,175
01/25/2014,GON,CT,ANE,EN,Federal Contract Tower,0,0,1,0,1,0,0,6,0,6,0,0,7,0,7,0,0,0,7
01/26/2014,GON,CT,ANE,EN,Federal Contract Tower,0,0,12,0,12,0,0,30,10,40,0,0,42,10,52,8,0,8,60
01/27/2014,GON,CT,ANE,EN,Federal Contract Tower,0,2,7,4,13,0,2,19,4,25,0,4,26,8,38,0,4,4,42
01/28/2014,GON,CT,ANE,EN,Federal Contract Tower,0,3,4,0,7,0,0,46,6,52,0,3,50,6,59,22,16,38,97
01/29/2014,GON,CT,ANE,EN,Federal Contract Tower,0,0,12,0,12,0,0,29,4,33,0,0,41,4,45,14,6,20,65
01/30/2014,GON,CT,ANE,EN,Federal Contract Tower,0,1,10,3,14,0,0,57,5,62,0,1,67,8,76,38,0,38,114
01/31/2014,GON,CT,ANE,EN,Federal Contract Tower,0,3,11,4,18,0,0,49,0,49,0,3,60,4,67,22,0,22,89
02/01/2014,GON,CT,ANE,EN,Federal Contract Tower,0,2,16,0,18,0,0,72,1,73,0,2,88,1,91,32,0,32,123
02/02/2014,GON,CT,ANE,EN,Federal Contract Tower,0,0,6,0,6,0,0,7,0,7,0,0,13,0,13,16,0,16,29
02/03/2014,GON,CT,ANE,EN,Federal Contract Tower,0,4,6,0,10,0,0,0,0,0,0,4,6,0,10,0,0,0,10
02/04/2014,GON,CT,ANE,EN,Federal Contract Tower,0,3,11,1,15,0,0,26,6,32,0,3,37,7,47,8,6,14,61
02/05/2014,GON,CT,ANE,EN,Federal Contract Tower,0,0,1,0,1,0,0,0,0,0,0,0,1,0,1,0,0,0,1
02/06/2014,GON,CT,ANE,EN,Federal Contract Tower,0,4,8,6,18,0,0,33,13,46,0,4,41,19,64,34,4,38,102
02/07/2014,GON,CT,ANE,EN,Federal Contract Tower,0,4,8,0,12,0,0,42,3,45,0,4,50,3,57,16,0,16,73
02/08/2014,GON,CT,ANE,EN,Federal Contract Tower,0,1,4,0,5,0,0,63,2,65,0,1,67,2,70,98,2,100,170
02/09/2014,GON,CT,ANE,EN,Federal Contract Tower,0,1,8,0,9,0,0,35,4,39,0,1,43,4,48,62,0,62,110
02/10/2014,GON,CT,ANE,EN,Federal Contract Tower,0,2,6,1,9,0,1,27,5,33,0,3,33,6,42,12,2,14,56
02/11/2014,GON,CT,ANE,EN,Federal Contract Tower,0,1,8,0,9,0,0,47,1,48,0,1,55,1,57,30,0,30,87
02/12/2014,GON,CT,ANE,EN,Federal Contract Tower,0,6,12,0,18,0,0,55,7,62,0,6,67,7,80,26,14,40,120
02/13/2014,GON,CT,ANE,EN,Federal Contract Tower,0,0,0,0,0,0,0,0,0,0,0,0,0,0,0,0,0,0,0
02/14/2014,GON,CT,ANE,EN,Federal Contract Tower,0,3,3,0,6,0,0,5,0,5,0,3,8,0,11,0,0,0,11
02/15/2014,GON,CT,ANE,EN,Federal Contract Tower,0,0,0,0,0,0,0,4,0,4,0,0,4,0,4,0,0,0,4
02/16/2014,GON,CT,ANE,EN,Federal Contract Tower,0,1,5,0,6,0,0,8,0,8,0,1,13,0,14,38,0,38,52
02/17/2014,GON,CT,ANE,EN,Federal Contract Tower,0,2,12,0,14,0,2,51,3,56,0,4,63,3,70,48,0,48,118
02/18/2014,GON,CT,ANE,EN,Federal Contract Tower,0,4,2,0,6,0,0,1,0,1,0,4,3,0,7,0,0,0,7
02/19/2014,GON,CT,ANE,EN,Federal Contract Tower,0,3,9,2,14,0,0,20,0,20,0,3,29,2,34,12,0,12,46
02/20/2014,GON,CT,ANE,EN,Federal Contract Tower,0,3,11,4,18,0,0,48,3,51,0,3,59,7,69,84,16,100,169
02/21/2014,GON,CT,ANE,EN,Federal Contract Tower,0,3,1,0,4,0,0,0,0,0,0,3,1,0,4,0,0,0,4
02/22/2014,GON,CT,ANE,EN,Federal Contract Tower,0,0,10,0,10,0,0,66,4,70,0,0,76,4,80,72,4,76,156
02/23/2014,GON,CT,ANE,EN,Federal Contract Tower,0,0,7,0,7,0,0,48,4,52,0,0,55,4,59,60,0,60,119
02/24/2014,GON,CT,ANE,EN,Federal Contract Tower,0,2,15,4,21,0,0,21,3,24,0,2,36,7,45,14,14,28,73
02/25/2014,GON,CT,ANE,EN,Federal Contract Tower,0,1,5,12,18,0,0,26,2,28,0,1,31,14,46,4,0,4,50
02/26/2014,GON,CT,ANE,EN,Federal Contract Tower,0,2,5,4,11,0,0,10,8,18,0,2,15,12,29,0,12,12,41
02/27/2014,GON,CT,ANE,EN,Federal Contract Tower,0,1,11,9,21,0,0,25,7,32,0,1,36,16,53,6,6,12,65
02/28/2014,GON,CT,ANE,EN,Federal Contract Tower,0,3,13,1,17,0,1,53,4,58,0,4,66,5,75,48,0,48,123
03/01/2014,GON,CT,ANE,EN,Federal Contract Tower,0,2,9,0,11,0,0,94,0,94,0,2,103,0,105,78,0,78,183
03/02/2014,GON,CT,ANE,EN,Federal Contract Tower,0,0,4,0,4,0,0,17,0,17,0,0,21,0,21,28,0,28,49
03/03/2014,GON,CT,ANE,EN,Federal Contract Tower,0,4,1,0,5,0,0,18,0,18,0,4,19,0,23,6,0,6,29
03/04/2014,GON,CT,ANE,EN,Federal Contract Tower,0,1,9,0,10,0,0,58,6,64,0,1,67,6,74,34,14,48,122
03/05/2014,GON,CT,ANE,EN,Federal Contract Tower,0,3,16,6,25,0,0,49,14,63,0,3,65,20,88,54,36,90,178
03/06/2014,GON,CT,ANE,EN,Federal Contract Tower,0,5,10,1,16,0,0,53,5,58,0,5,63,6,74,42,2,44,118
03/07/2014,GON,CT,ANE,EN,Federal Contract Tower,0,3,9,0,12,0,0,36,12,48,0,3,45,12,60,36,4,40,100
03/08/2014,GON,CT,ANE,EN,Federal Contract Tower,0,0,9,6,15,0,0,115,9,124,0,0,124,15,139,124,24,148,287
03/09/2014,GON,CT,ANE,EN,Federal Contract Tower,0,0,8,0,8,0,0,47,0,47,0,0,55,0,55,26,2,28,83
03/10/2014,GON,CT,ANE,EN,Federal Contract Tower,0,2,11,2,15,0,0,16,6,22,0,2,27,8,37,22,0,22,59
03/11/2014,GON,CT,ANE,EN,Federal Contract Tower,0,1,11,4,16,0,0,66,5,71,0,1,77,9,87,16,0,16,103
03/12/2014,GON,CT,ANE,EN,Federal Contract Tower,0,1,8,3,12,0,0,4,7,11,0,1,12,10,23,2,0,2,25
03/13/2014,GON,CT,ANE,EN,Federal Contract Tower,0,3,3,0,6,0,0,0,2,2,0,3,3,2,8,0,8,8,16
03/14/2014,GON,CT,ANE,EN,Federal Contract Tower,0,8,8,3,19,0,0,41,8,49,0,8,49,11,68,10,2,12,80
03/15/2014,GON,CT,ANE,EN,Federal Contract Tower,0,6,10,2,18,0,0,28,7,35,0,6,38,9,53,22,12,34,87
03/16/2014,GON,CT,ANE,EN,Federal Contract Tower,0,2,17,0,19,0,0,62,10,72,0,2,79,10,91,34,0,34,125
03/17/2014,GON,CT,ANE,EN,Federal Contract Tower,0,2,1,0,3,0,0,11,0,11,0,2,12,0,14,4,0,4,18
03/18/2014,GON,CT,ANE,EN,Federal Contract Tower,0,2,15,0,17,0,0,73,6,79,0,2,88,6,96,32,4,36,132
03/19/2014,GON,CT,ANE,EN,Federal Contract Tower,0,4,10,6,20,0,0,24,10,34,0,4,34,16,54,26,10,36,90
03/20/2014,GON,CT,ANE,EN,Federal Contract Tower,0,3,8,4,15,0,0,18,4,22,0,3,26,8,37,56,0,56,93
03/21/2014,GON,CT,ANE,EN,Federal Contract Tower,0,4,4,0,8,0,0,35,11,46,0,4,39,11,54,22,0,22,76
03/22/2014,GON,CT,ANE,EN,Federal Contract Tower,0,1,5,0,6,0,0,30,0,30,0,1,35,0,36,48,0,48,84
03/23/2014,GON,CT,ANE,EN,Federal Contract Tower,0,0,14,0,14,0,0,50,4,54,0,0,64,4,68,34,0,34,102
03/24/2014,GON,CT,ANE,EN,Federal Contract Tower,0,8,13,1,22,0,2,31,4,37,0,10,44,5,59,26,0,26,85
03/25/2014,GON,CT,ANE,EN,Federal Contract Tower,0,0,15,4,19,0,1,50,2,53,0,1,65,6,72,14,0,14,86
03/26/2014,GON,CT,ANE,EN,Federal Contract Tower,0,2,4,1,7,0,0,7,6,13,0,2,11,7,20,0,0,0,20
03/27/2014,GON,CT,ANE,EN,Federal Contract Tower,0,2,20,0,22,0,0,55,12,67,0,2,75,12,89,20,0,20,109
03/28/2014,GON,CT,ANE,EN,Federal Contract Tower,0,4,7,2,13,0,0,17,2,19,0,4,24,4,32,6,0,6,38
03/29/2014,GON,CT,ANE,EN,Federal Contract Tower,0,2,17,2,21,0,0,25,9,34,0,2,42,11,55,18,0,18,73
03/30/2014,GON,CT,ANE,EN,Federal Contract Tower,0,2,6,0,8,0,0,0,0,0,0,2,6,0,8,0,0,0,8
03/31/2014,GON,CT,ANE,EN,Federal Contract Tower,0,2,7,0,9,0,0,0,0,0,0,2,7,0,9,0,0,0,9
04/01/2014,GON,CT,ANE,EN,Federal Contract Tower,0,1,8,1,10,0,0,64,2,66,0,1,72,3,76,44,0,44,120
04/02/2014,GON,CT,ANE,EN,Federal Contract Tower,0,6,10,2,18,0,0,47,8,55,0,6,57,10,73,38,8,46,119
04/03/2014,GON,CT,ANE,EN,Federal Contract Tower,0,1,6,1,8,0,0,53,8,61,0,1,59,9,69,54,0,54,123
04/04/2014,GON,CT,ANE,EN,Federal Contract Tower,0,6,6,0,12,0,0,19,5,24,0,6,25,5,36,4,0,4,40
04/05/2014,GON,CT,ANE,EN,Federal Contract Tower,0,0,8,0,8,0,2,29,5,36,0,2,37,5,44,12,0,12,56
04/06/2014,GON,CT,ANE,EN,Federal Contract Tower,0,1,20,0,21,0,4,51,4,59,0,5,71,4,80,30,0,30,110
04/07/2014,GON,CT,ANE,EN,Federal Contract Tower,0,5,18,0,23,0,0,35,3,38,0,5,53,3,61,16,0,16,77
04/08/2014,GON,CT,ANE,EN,Federal Contract Tower,0,3,3,0,6,0,1,1,1,3,0,4,4,1,9,2,0,2,11
04/09/2014,GON,CT,ANE,EN,Federal Contract Tower,0,2,4,3,9,0,0,33,9,42,0,2,37,12,51,28,8,36,87
04/10/2014,GON,CT,ANE,EN,Federal Contract Tower,0,3,9,2,14,0,0,73,10,83,0,3,82,12,97,34,10,44,141
04/11/2014,GON,CT,ANE,EN,Federal Contract Tower,0,4,11,2,17,0,0,23,5,28,0,4,34,7,45,16,0,16,61
04/12/2014,GON,CT,ANE,EN,Federal Contract Tower,0,0,14,3,17,0,0,105,7,112,0,0,119,10,129,68,0,68,197
04/13/2014,GON,CT,ANE,EN,Federal Contract Tower,0,2,20,1,23,0,0,60,0,60,0,2,80,1,83,28,0,28,111
04/14/2014,GON,CT,ANE,EN,Federal Contract Tower,0,2,16,0,18,0,0,24,0,24,0,2,40,0,42,56,0,56,98
04/15/2014,GON,CT,ANE,EN,Federal Contract Tower,0,3,5,0,8,0,0,0,0,0,0,3,5,0,8,0,0,0,8
04/16/2014,GON,CT,ANE,EN,Federal Contract Tower,0,4,15,1,20,0,0,27,9,36,0,4,42,10,56,44,10,54,110
04/17/2014,GON,CT,ANE,EN,Federal Contract Tower,0,17,0,0,17,0,0,59,3,62,0,17,59,3,79,16,0,16,95
04/18/2014,GON,CT,ANE,EN,Federal Contract Tower,0,3,17,1,21,0,0,35,2,37,0,3,52,3,58,38,0,38,96
04/19/2014,GON,CT,ANE,EN,Federal Contract Tower,0,0,8,4,12,0,1,37,4,42,0,1,45,8,54,32,0,32,86
04/20/2014,GON,CT,ANE,EN,Federal Contract Tower,0,0,3,0,3,0,0,38,0,38,0,0,41,0,41,16,0,16,57
04/21/2014,GON,CT,ANE,EN,Federal Contract Tower,0,2,8,0,10,0,2,75,2,79,0,4,83,2,89,36,0,36,125
04/22/2014,GON,CT,ANE,EN,Federal Contract Tower,0,3,5,0,8,0,0,57,2,59,0,3,62,2,67,34,0,34,101
04/23/2014,GON,CT,ANE,EN,Federal Contract Tower,0,1,8,0,9,0,1,24,2,27,0,2,32,2,36,8,4,12,48
04/24/2014,GON,CT,ANE,EN,Federal Contract Tower,0,2,6,2,10,0,2,8,0,10,0,4,14,2,20,2,2,4,24
04/25/2014,GON,CT,ANE,EN,Federal Contract Tower,0,3,6,1,10,0,2,70,13,85,0,5,76,14,95,26,2,28,123
04/26/2014,GON,CT,ANE,EN,Federal Contract Tower,0,1,8,0,9,0,0,4,0,4,0,1,12,0,13,2,0,2,15
04/27/2014,GON,CT,ANE,EN,Federal Contract Tower,0,0,9,0,9,0,2,46,4,52,0,2,55,4,61,30,0,30,91
04/28/2014,GON,CT,ANE,EN,Federal Contract Tower,0,0,5,0,5,0,0,92,6,98,0,0,97,6,103,56,2,58,161
04/29/2014,GON,CT,ANE,EN,Federal Contract Tower,0,3,8,0,11,0,0,7,1,8,0,3,15,1,19,0,0,0,19
04/30/2014,GON,CT,ANE,EN,Federal Contract Tower,0,1,5,0,6,0,0,0,0,0,0,1,5,0,6,0,0,0,6
05/01/2014,GON,CT,ANE,EN,Federal Contract Tower,0,0,8,0,8,0,0,6,0,6,0,0,14,0,14,0,0,0,14
05/02/2014,GON,CT,ANE,EN,Federal Contract Tower,0,4,13,0,17,0,2,69,11,82,0,6,82,11,99,34,4,38,137
05/03/2014,GON,CT,ANE,EN,Federal Contract Tower,0,1,15,3,19,0,4,81,4,89,0,5,96,7,108,50,14,64,172
05/04/2014,GON,CT,ANE,EN,Federal Contract Tower,0,0,7,0,7,0,0,16,2,18,0,0,23,2,25,0,2,2,27
05/05/2014,GON,CT,ANE,EN,Federal Contract Tower,0,2,11,0,13,0,0,56,3,59,0,2,67,3,72,26,0,26,98
05/06/2014,GON,CT,ANE,EN,Federal Contract Tower,0,3,5,0,8,0,0,67,5,72,0,3,72,5,80,24,0,24,104
05/07/2014,GON,CT,ANE,EN,Federal Contract Tower,0,2,9,1,12,0,2,81,5,88,0,4,90,6,100,38,20,58,158
05/08/2014,GON,CT,ANE,EN,Federal Contract Tower,0,1,16,2,19,0,0,0,0,0,0,1,16,2,19,2,0,2,21
05/09/2014,GON,CT,ANE,EN,Federal Contract Tower,0,6,9,0,15,0,0,0,0,0,0,6,9,0,15,0,0,0,15
05/10/2014,GON,CT,ANE,EN,Federal Contract Tower,0,0,2,0,2,0,0,10,0,10,0,0,12,0,12,6,0,6,18
05/11/2014,GON,CT,ANE,EN,Federal Contract Tower,0,0,7,0,7,0,0,43,0,43,0,0,50,0,50,24,0,24,74
05/12/2014,GON,CT,ANE,EN,Federal Contract Tower,0,2,10,0,12,0,1,48,1,50,0,3,58,1,62,18,0,18,80
05/13/2014,GON,CT,ANE,EN,Federal Contract Tower,0,7,10,3,20,0,2,46,5,53,0,9,56,8,73,18,2,20,93
05/14/2014,GON,CT,ANE,EN,Federal Contract Tower,0,2,20,0,22,0,1,38,9,48,0,3,58,9,70,48,20,68,138
05/15/2014,GON,CT,ANE,EN,Federal Contract Tower,0,5,14,3,22,0,0,3,3,6,0,5,17,6,28,4,8,12,40
05/16/2014,GON,CT,ANE,EN,Federal Contract Tower,0,4,4,0,8,0,0,9,0,9,0,4,13,0,17,2,0,2,19
05/17/2014,GON,CT,ANE,EN,Federal Contract Tower,0,0,7,0,7,0,1,40,2,43,0,1,47,2,50,6,0,6,56
05/18/2014,GON,CT,ANE,EN,Federal Contract Tower,0,0,11,0,11,0,0,51,8,59,0,0,62,8,70,28,2,30,100
05/19/2014,GON,CT,ANE,EN,Federal Contract Tower,0,2,18,0,20,0,1,39,7,47,0,3,57,7,67,60,2,62,129
05/20/2014,GON,CT,ANE,EN,Federal Contract Tower,0,4,10,1,15,0,6,75,8,89,0,10,85,9,104,32,2,34,138
05/21/2014,GON,CT,ANE,EN,Federal Contract Tower,0,1,10,0,11,0,2,83,2,87,0,3,93,2,98,6,10,16,114
05/22/2014,GON,CT,ANE,EN,Federal Contract Tower,0,5,14,0,19,0,0,7,0,7,0,5,21,0,26,6,0,6,32
05/23/2014,GON,CT,ANE,EN,Federal Contract Tower,0,8,13,8,29,0,1,23,1,25,0,9,36,9,54,68,0,68,122
05/24/2014,GON,CT,ANE,EN,Federal Contract Tower,0,0,2,0,2,0,2,61,4,67,0,2,63,4,69,26,0,26,95
05/25/2014,GON,CT,ANE,EN,Federal Contract Tower,0,2,4,0,6,0,2,58,0,60,0,4,62,0,66,44,0,44,110
05/26/2014,GON,CT,ANE,EN,Federal Contract Tower,0,0,13,0,13,0,2,52,0,54,0,2,65,0,67,38,0,38,105
05/27/2014,GON,CT,ANE,EN,Federal Contract Tower,0,2,13,1,16,0,0,77,2,79,0,2,90,3,95,52,0,52,147
05/28/2014,GON,CT,ANE,EN,Federal Contract Tower,0,1,18,7,26,0,0,9,2,11,0,1,27,9,37,8,0,8,45
05/29/2014,GON,CT,ANE,EN,Federal Contract Tower,0,1,15,0,16,0,0,70,7,77,0,1,85,7,93,44,0,44,137
05/30/2014,GON,CT,ANE,EN,Federal Contract Tower,0,6,34,0,40,0,2,84,2,88,0,8,118,2,128,88,2,90,218
05/31/2014,GON,CT,ANE,EN,Federal Contract Tower,0,1,25,2,28,0,0,66,2,68,0,1,91,4,96,44,0,44,140
06/01/2014,GON,CT,ANE,EN,Federal Contract Tower,0,5,14,0,19,0,3,146,0,149,0,8,160,0,168,36,0,36,204
06/02/2014,GON,CT,ANE,EN,Federal Contract Tower,0,2,17,8,27,0,0,77,4,81,0,2,94,12,108,40,4,44,152
06/03/2014,GON,CT,ANE,EN,Federal Contract Tower,0,6,14,0,20,0,2,66,3,71,0,8,80,3,91,38,24,62,153
06/04/2014,GON,CT,ANE,EN,Federal Contract Tower,0,5,21,2,28,0,1,11,0,12,0,6,32,2,40,12,0,12,52
06/05/2014,GON,CT,ANE,EN,Federal Contract Tower,0,9,20,0,29,0,0,3,0,3,0,9,23,0,32,0,0,0,32
06/06/2014,GON,CT,ANE,EN,Federal Contract Tower,0,7,22,5,34,0,2,56,1,59,0,9,78,6,93,52,8,60,153
06/07/2014,GON,CT,ANE,EN,Federal Contract Tower,0,2,20,0,22,0,1,81,16,98,0,3,101,16,120,42,0,42,162
06/08/2014,GON,CT,ANE,EN,Federal Contract Tower,0,1,4,0,5,0,3,91,2,96,0,4,95,2,101,44,0,44,145
06/09/2014,GON,CT,ANE,EN,Federal Contract Tower,0,6,24,2,32,0,2,13,2,17,0,8,37,4,49,8,0,8,57
06/10/2014,GON,CT,ANE,EN,Federal Contract Tower,0,2,15,1,18,0,0,0,0,0,0,2,15,1,18,0,0,0,18
06/11/2014,GON,CT,ANE,EN,Federal Contract Tower,0,3,18,5,26,0,1,38,15,54,0,4,56,20,80,46,2,48,128
06/12/2014,GON,CT,ANE,EN,Federal Contract Tower,0,4,30,4,38,0,0,13,0,13,0,4,43,4,51,0,0,0,51
06/13/2014,GON,CT,ANE,EN,Federal Contract Tower,0,9,17,0,26,0,0,0,0,0,0,9,17,0,26,0,0,0,26
06/14/2014,GON,CT,ANE,EN,Federal Contract Tower,0,0,17,4,21,0,0,25,6,31,0,0,42,10,52,6,0,6,58
06/15/2014,GON,CT,ANE,EN,Federal Contract Tower,0,4,7,1,12,0,2,57,3,62,0,6,64,4,74,4,0,4,78
06/16/2014,GON,CT,ANE,EN,Federal Contract Tower,0,2,18,2,22,0,2,82,0,84,0,4,100,2,106,52,0,52,158
06/17/2014,GON,CT,ANE,EN,Federal Contract Tower,0,4,27,0,31,0,0,33,0,33,0,4,60,0,64,24,0,24,88
06/18/2014,GON,CT,ANE,EN,Federal Contract Tower,0,1,13,6,20,0,0,67,2,69,0,1,80,8,89,44,0,44,133
06/19/2014,GON,CT,ANE,EN,Federal Contract Tower,0,6,14,4,24,0,0,35,11,46,0,6,49,15,70,12,10,22,92
06/20/2014,GON,CT,ANE,EN,Federal Contract Tower,0,7,16,0,23,0,0,91,0,91,0,7,107,0,114,66,0,66,180
06/21/2014,GON,CT,ANE,EN,Federal Contract Tower,0,3,28,0,31,0,1,90,2,93,0,4,118,2,124,64,0,64,188
06/22/2014,GON,CT,ANE,EN,Federal Contract Tower,0,5,15,0,20,0,2,93,7,102,0,7,108,7,122,30,0,30,152
06/23/2014,GON,CT,ANE,EN,Federal Contract Tower,0,6,21,0,27,0,2,66,3,71,0,8,87,3,98,34,0,34,132
06/24/2014,GON,CT,ANE,EN,Federal Contract Tower,0,4,12,1,17,0,2,74,7,83,0,6,86,8,100,30,2,32,132
06/25/2014,GON,CT,ANE,EN,Federal Contract Tower,0,13,26,4,43,0,2,25,0,27,0,15,51,4,70,16,0,16,86
06/26/2014,GON,CT,ANE,EN,Federal Contract Tower,0,8,15,3,26,0,1,21,5,27,0,9,36,8,53,4,2,6,59
06/27/2014,GON,CT,ANE,EN,Federal Contract Tower,0,10,19,3,32,0,6,84,6,96,0,16,103,9,128,54,26,80,208
06/28/2014,GON,CT,ANE,EN,Federal Contract Tower,0,1,25,1,27,0,0,157,2,159,0,1,182,3,186,84,0,84,270
06/29/2014,GON,CT,ANE,EN,Federal Contract Tower,0,2,12,0,14,0,4,92,0,96,0,6,104,0,110,48,0,48,158
06/30/2014,GON,CT,ANE,EN,Federal Contract Tower,0,1,25,0,26,0,2,62,0,64,0,3,87,0,90,26,0,26,116
07/01/2014,GON,CT,ANE,EN,Federal Contract Tower,0,2,17,7,26,0,6,78,5,89,0,8,95,12,115,46,0,46,161
07/02/2014,GON,CT,ANE,EN,Federal Contract Tower,0,4,13,2,19,0,3,46,11,60,0,7,59,13,79,14,40,54,133
07/03/2014,GON,CT,ANE,EN,Federal Contract Tower,0,6,20,6,32,0,2,30,5,37,0,8,50,11,69,24,0,24,93
07/04/2014,GON,CT,ANE,EN,Federal Contract Tower,0,4,2,0,6,0,1,0,0,1,0,5,2,0,7,0,0,0,7
07/05/2014,GON,CT,ANE,EN,Federal Contract Tower,0,0,13,0,13,0,1,63,0,64,0,1,76,0,77,20,0,20,97
07/06/2014,GON,CT,ANE,EN,Federal Contract Tower,0,11,13,0,24,0,4,80,2,86,0,15,93,2,110,24,0,24,134
07/07/2014,GON,CT,ANE,EN,Federal Contract Tower,0,6,8,2,16,0,5,48,0,53,0,11,56,2,69,24,0,24,93
07/08/2014,GON,CT,ANE,EN,Federal Contract Tower,0,3,15,1,19,0,2,48,3,53,0,5,63,4,72,10,2,12,84
07/09/2014,GON,CT,ANE,EN,Federal Contract Tower,0,0,18,7,25,0,3,47,9,59,0,3,65,16,84,12,18,30,114
07/10/2014,GON,CT,ANE,EN,Federal Contract Tower,0,4,29,2,35,0,5,63,14,82,0,9,92,16,117,16,16,32,149
07/11/2014,GON,CT,ANE,EN,Federal Contract Tower,0,4,18,0,22,0,3,103,0,106,0,7,121,0,128,48,0,48,176
07/12/2014,GON,CT,ANE,EN,Federal Contract Tower,0,2,25,0,27,0,10,92,4,106,0,12,117,4,133,36,0,36,169
07/13/2014,GON,CT,ANE,EN,Federal Contract Tower,0,2,15,0,17,0,6,59,2,67,0,8,74,2,84,18,0,18,102
07/14/2014,GON,CT,ANE,EN,Federal Contract Tower,0,3,30,3,36,0,1,17,4,22,0,4,47,7,58,8,0,8,66
07/15/2014,GON,CT,ANE,EN,Federal Contract Tower,0,2,4,0,6,0,0,0,0,0,0,2,4,0,6,0,0,0,6
07/16/2014,GON,CT,ANE,EN,Federal Contract Tower,0,5,11,8,24,0,0,18,6,24,0,5,29,14,48,4,2,6,54
07/17/2014,GON,CT,ANE,EN,Federal Contract Tower,0,5,10,2,17,0,1,89,10,100,0,6,99,12,117,58,8,66,183
07/18/2014,GON,CT,ANE,EN,Federal Contract Tower,0,7,19,1,27,0,2,101,6,109,0,9,120,7,136,54,18,72,208
07/19/2014,GON,CT,ANE,EN,Federal Contract Tower,0,4,15,0,19,0,6,58,4,68,0,10,73,4,87,26,0,26,113
07/20/2014,GON,CT,ANE,EN,Federal Contract Tower,0,6,21,1,28,0,1,64,3,68,0,7,85,4,96,56,0,56,152
07/21/2014,GON,CT,ANE,EN,Federal Contract Tower,0,4,21,0,25,0,3,61,2,66,0,7,82,2,91,34,0,34,125
07/22/2014,GON,CT,ANE,EN,Federal Contract Tower,0,2,14,6,22,0,1,88,12,101,0,3,102,18,123,40,8,48,171
07/23/2014,GON,CT,ANE,EN,Federal Contract Tower,0,9,27,2,38,0,1,55,2,58,0,10,82,4,96,16,2,18,114
07/24/2014,GON,CT,ANE,EN,Federal Contract Tower,0,3,18,0,21,0,1,34,0,35,0,4,52,0,56,14,0,14,70
07/25/2014,GON,CT,ANE,EN,Federal Contract Tower,0,8,19,6,33,0,3,89,4,96,0,11,108,10,129,60,0,60,189
07/26/2014,GON,CT,ANE,EN,Federal Contract Tower,0,3,23,1,27,0,3,95,4,102,0,6,118,5,129,72,0,72,201
07/27/2014,GON,CT,ANE,EN,Federal Contract Tower,0,3,26,0,29,0,3,33,1,37,0,6,59,1,66,2,6,8,74
07/28/2014,GON,CT,ANE,EN,Federal Contract Tower,0,8,17,1,26,0,0,32,0,32,0,8,49,1,58,36,0,36,94
07/29/2014,GON,CT,ANE,EN,Federal Contract Tower,0,7,18,0,25,0,6,68,2,76,0,13,86,2,101,44,0,44,145
07/30/2014,GON,CT,ANE,EN,Federal Contract Tower,0,3,19,0,22,0,1,55,3,59,0,4,74,3,81,44,0,44,125
07/31/2014,GON,CT,ANE,EN,Federal Contract Tower,0,4,8,8,20,0,4,48,12,64,0,8,56,20,84,48,14,62,146
08/01/2014,GON,CT,ANE,EN,Federal Contract Tower,0,9,20,3,32,0,4,45,3,52,0,13,65,6,84,22,2,24,108
08/02/2014,GON,CT,ANE,EN,Federal Contract Tower,0,5,21,6,32,0,0,8,0,8,0,5,29,6,40,0,0,0,40
08/03/2014,GON,CT,ANE,EN,Federal Contract Tower,0,4,35,2,41,0,3,16,0,19,0,7,51,2,60,0,0,0,60
08/04/2014,GON,CT,ANE,EN,Federal Contract Tower,0,0,19,2,21,0,2,49,2,53,0,2,68,4,74,26,0,26,100
08/05/2014,GON,CT,ANE,EN,Federal Contract Tower,0,2,15,2,19,0,1,69,8,78,0,3,84,10,97,38,16,54,151
08/06/2014,GON,CT,ANE,EN,Federal Contract Tower,0,1,7,3,11,0,1,80,11,92,0,2,87,14,103,36,24,60,163
08/07/2014,GON,CT,ANE,EN,Federal Contract Tower,0,1,22,0,23,0,4,92,4,100,0,5,114,4,123,28,0,28,151
08/08/2014,GON,CT,ANE,EN,Federal Contract Tower,0,5,27,1,33,0,4,99,4,107,0,9,126,5,140,64,4,68,208
08/09/2014,GON,CT,ANE,EN,Federal Contract Tower,0,0,14,3,17,0,2,83,12,97,0,2,97,15,114,70,0,70,184
08/10/2014,GON,CT,ANE,EN,Federal Contract Tower,0,2,14,0,16,0,4,96,6,106,0,6,110,6,122,44,0,44,166
08/11/2014,GON,CT,ANE,EN,Federal Contract Tower,0,5,16,4,25,0,5,83,4,92,0,10,99,8,117,42,0,42,159
08/12/2014,GON,CT,ANE,EN,Federal Contract Tower,0,4,15,1,20,0,2,41,5,48,0,6,56,6,68,20,0,20,88
08/13/2014,GON,CT,ANE,EN,Federal Contract Tower,0,8,16,0,24,0,0,6,0,6,0,8,22,0,30,0,14,14,44
08/14/2014,GON,CT,ANE,EN,Federal Contract Tower,0,5,11,4,20,0,1,87,24,112,0,6,98,28,132,40,8,48,180
08/15/2014,GON,CT,ANE,EN,Federal Contract Tower,0,9,22,6,37,0,3,78,23,104,0,12,100,29,141,38,0,38,179
08/16/2014,GON,CT,ANE,EN,Federal Contract Tower,0,5,18,0,23,0,8,73,15,96,0,13,91,15,119,44,0,44,163
08/17/2014,GON,CT,ANE,EN,Federal Contract Tower,0,9,22,0,31,0,3,67,0,70,0,12,89,0,101,38,0,38,139
08/18/2014,GON,CT,ANE,EN,Federal Contract Tower,0,4,16,1,21,0,4,42,2,48,0,8,58,3,69,34,4,38,107
08/19/2014,GON,CT,ANE,EN,Federal Contract Tower,0,0,11,0,11,0,1,52,4,57,0,1,63,4,68,16,2,18,86
08/20/2014,GON,CT,ANE,EN,Federal Contract Tower,0,7,20,0,27,0,0,58,2,60,0,7,78,2,87,62,0,62,149
08/21/2014,GON,CT,ANE,EN,Federal Contract Tower,0,2,15,3,20,0,2,58,5,65,0,4,73,8,85,30,18,48,133
08/22/2014,GON,CT,ANE,EN,Federal Contract Tower,0,4,21,5,30,0,5,28,2,35,0,9,49,7,65,20,16,36,101
08/23/2014,GON,CT,ANE,EN,Federal Contract Tower,0,2,23,0,25,0,2,40,4,46,0,4,63,4,71,24,0,24,95
08/24/2014,GON,CT,ANE,EN,Federal Contract Tower,0,0,15,0,15,0,5,62,1,68,0,5,77,1,83,28,0,28,111
08/25/2014,GON,CT,ANE,EN,Federal Contract Tower,0,7,11,1,19,0,3,36,2,41,0,10,47,3,60,4,0,4,64
08/26/2014,GON,CT,ANE,EN,Federal Contract Tower,0,8,18,0,26,0,4,76,6,86,0,12,94,6,112,32,0,32,144
08/27/2014,GON,CT,ANE,EN,Federal Contract Tower,0,11,16,1,28,0,2,84,4,90,0,13,100,5,118,30,10,40,158
08/28/2014,GON,CT,ANE,EN,Federal Contract Tower,0,2,24,1,27,0,4,54,1,59,0,6,78,2,86,22,2,24,110
08/29/2014,GON,CT,ANE,EN,Federal Contract Tower,0,5,23,0,28,0,9,45,3,57,0,14,68,3,85,38,0,38,123
08/30/2014,GON,CT,ANE,EN,Federal Contract Tower,0,1,17,0,18,0,4,47,3,54,0,5,64,3,72,40,0,40,112
08/31/2014,GON,CT,ANE,EN,Federal Contract Tower,0,3,23,0,26,0,2,8,0,10,0,5,31,0,36,0,0,0,36
09/01/2014,GON,CT,ANE,EN,Federal Contract Tower,0,3,16,0,19,0,1,27,0,28,0,4,43,0,47,2,0,2,49
09/02/2014,GON,CT,ANE,EN,Federal Contract Tower,0,7,17,0,24,0,1,25,0,26,0,8,42,0,50,22,16,38,88
09/03/2014,GON,CT,ANE,EN,Federal Contract Tower,0,4,10,1,15,0,2,64,3,69,0,6,74,4,84,16,18,34,118
09/04/2014,GON,CT,ANE,EN,Federal Contract Tower,0,2,13,0,15,0,3,54,0,57,0,5,67,0,72,28,0,28,100
09/05/2014,GON,CT,ANE,EN,Federal Contract Tower,0,8,30,1,39,0,4,42,7,53,0,12,72,8,92,18,0,18,110
09/06/2014,GON,CT,ANE,EN,Federal Contract Tower,0,1,8,0,9,0,1,17,0,18,0,2,25,0,27,24,0,24,51
09/07/2014,GON,CT,ANE,EN,Federal Contract Tower,0,0,3,0,3,0,2,76,0,78,0,2,79,0,81,60,0,60,141
09/08/2014,GON,CT,ANE,EN,Federal Contract Tower,0,4,13,0,17,0,2,61,0,63,0,6,74,0,80,38,0,38,118
09/09/2014,GON,CT,ANE,EN,Federal Contract Tower,0,4,11,1,16,0,0,46,5,51,0,4,57,6,67,34,0,34,101
09/10/2014,GON,CT,ANE,EN,Federal Contract Tower,0,5,12,0,17,0,3,54,9,66,0,8,66,9,83,32,6,38,121
09/11/2014,GON,CT,ANE,EN,Federal Contract Tower,0,3,24,0,27,0,7,33,7,47,0,10,57,7,74,24,14,38,112
09/12/2014,GON,CT,ANE,EN,Federal Contract Tower,0,6,15,0,21,0,6,89,0,95,0,12,104,0,116,60,0,60,176
09/13/2014,GON,CT,ANE,EN,Federal Contract Tower,0,6,15,3,24,0,2,30,1,33,0,8,45,4,57,4,0,4,61
09/14/2014,GON,CT,ANE,EN,Federal Contract Tower,0,6,9,0,15,0,2,96,3,101,0,8,105,3,116,60,10,70,186
09/15/2014,GON,CT,ANE,EN,Federal Contract Tower,0,5,22,0,27,0,5,72,0,77,0,10,94,0,104,18,0,18,122
09/16/2014,GON,CT,ANE,EN,Federal Contract Tower,0,2,13,2,17,0,5,36,0,41,0,7,49,2,58,42,0,42,100
09/17/2014,GON,CT,ANE,EN,Federal Contract Tower,0,0,23,2,25,0,2,79,8,89,0,2,102,10,114,64,18,82,196
09/18/2014,GON,CT,ANE,EN,Federal Contract Tower,0,3,22,4,29,0,3,90,10,103,0,6,112,14,132,72,6,78,210
09/19/2014,GON,CT,ANE,EN,Federal Contract Tower,0,6,10,0,16,0,4,42,5,51,0,10,52,5,67,24,2,26,93
09/20/2014,GON,CT,ANE,EN,Federal Contract Tower,0,4,5,3,12,0,0,42,2,44,0,4,47,5,56,16,20,36,92
09/21/2014,GON,CT,ANE,EN,Federal Contract Tower,0,2,25,0,27,0,0,15,0,15,0,2,40,0,42,2,0,2,44
09/22/2014,GON,CT,ANE,EN,Federal Contract Tower,0,3,12,5,20,0,4,45,3,52,0,7,57,8,72,22,2,24,96
09/23/2014,GON,CT,ANE,EN,Federal Contract Tower,0,1,6,6,13,0,1,72,7,80,0,2,78,13,93,78,2,80,173
09/24/2014,GON,CT,ANE,EN,Federal Contract Tower,0,2,12,5,19,0,0,47,7,54,0,2,59,12,73,28,0,28,101
09/25/2014,GON,CT,ANE,EN,Federal Contract Tower,0,3,27,2,32,0,1,3,2,6,0,4,30,4,38,2,4,6,44
09/26/2014,GON,CT,ANE,EN,Federal Contract Tower,0,4,18,0,22,0,3,82,15,100,0,7,100,15,122,65,10,75,197
09/27/2014,GON,CT,ANE,EN,Federal Contract Tower,0,0,7,0,7,0,0,77,5,82,0,0,84,5,89,50,0,50,139
09/28/2014,GON,CT,ANE,EN,Federal Contract Tower,0,1,8,0,9,0,2,80,3,85,0,3,88,3,94,40,8,48,142
09/29/2014,GON,CT,ANE,EN,Federal Contract Tower,0,2,13,0,15,0,0,36,2,38,0,2,49,2,53,20,0,20,73
09/30/2014,GON,CT,ANE,EN,Federal Contract Tower,0,5,17,8,30,0,0,0,0,0,0,5,17,8,30,0,0,0,30
10/01/2014,GON,CT,ANE,EN,Federal Contract Tower,0,9,17,1,27,0,0,3,0,3,0,9,20,1,30,0,0,0,30
10/02/2014,GON,CT,ANE,EN,Federal Contract Tower,0,1,25,3,29,0,0,21,4,25,0,1,46,7,54,10,0,10,64
10/03/2014,GON,CT,ANE,EN,Federal Contract Tower,0,4,22,3,29,0,0,75,5,80,0,4,97,8,109,48,16,64,173
10/04/2014,GON,CT,ANE,EN,Federal Contract Tower,0,0,9,0,9,0,0,0,0,0,0,0,9,0,9,0,0,0,9
10/05/2014,GON,CT,ANE,EN,Federal Contract Tower,0,0,9,0,9,0,0,79,0,79,0,0,88,0,88,26,0,26,114
10/06/2014,GON,CT,ANE,EN,Federal Contract Tower,0,3,28,0,31,0,2,60,0,62,0,5,88,0,93,76,0,76,169
10/07/2014,GON,CT,ANE,EN,Federal Contract Tower,0,1,12,2,15,0,0,24,0,24,0,1,36,2,39,28,0,28,67
10/08/2014,GON,CT,ANE,EN,Federal Contract Tower,0,1,15,3,19,0,0,45,8,53,0,1,60,11,72,56,14,70,142
10/09/2014,GON,CT,ANE,EN,Federal Contract Tower,0,1,18,0,19,0,0,57,4,61,0,1,75,4,80,30,0,30,110
10/10/2014,GON,CT,ANE,EN,Federal Contract Tower,0,4,20,1,25,0,1,73,4,78,0,5,93,5,103,52,0,52,155
10/11/2014,GON,CT,ANE,EN,Federal Contract Tower,0,2,19,0,21,0,1,6,0,7,0,3,25,0,28,0,0,0,28
10/12/2014,GON,CT,ANE,EN,Federal Contract Tower,0,0,13,0,13,0,0,96,0,96,0,0,109,0,109,46,0,46,155
10/13/2014,GON,CT,ANE,EN,Federal Contract Tower,0,0,21,0,21,0,4,58,2,64,0,4,79,2,85,30,0,30,115
10/14/2014,GON,CT,ANE,EN,Federal Contract Tower,0,2,13,2,17,0,0,56,5,61,0,2,69,7,78,50,0,50,128
10/15/2014,GON,CT,ANE,EN,Federal Contract Tower,0,4,14,2,20,0,2,37,0,39,0,6,51,2,59,30,0,30,89
10/16/2014,GON,CT,ANE,EN,Federal Contract Tower,0,5,13,0,18,0,0,2,0,2,0,5,15,0,20,0,0,0,20
10/17/2014,GON,CT,ANE,EN,Federal Contract Tower,0,6,19,0,25,0,1,57,3,61,0,7,76,3,86,36,2,38,124
10/18/2014,GON,CT,ANE,EN,Federal Contract Tower,0,3,7,0,10,0,0,43,2,45,0,3,50,2,55,40,0,40,95
10/19/2014,GON,CT,ANE,EN,Federal Contract Tower,0,2,16,1,19,0,0,36,0,36,0,2,52,1,55,16,2,18,73
10/20/2014,GON,CT,ANE,EN,Federal Contract Tower,0,2,14,3,19,0,2,57,6,65,0,4,71,9,84,48,0,48,132
10/21/2014,GON,CT,ANE,EN,Federal Contract Tower,0,2,14,1,17,0,0,27,0,27,0,2,41,1,44,16,6,22,66
10/22/2014,GON,CT,ANE,EN,Federal Contract Tower,0,7,5,1,13,0,0,0,0,0,0,7,5,1,13,0,0,0,13
10/23/2014,GON,CT,ANE,EN,Federal Contract Tower,0,1,18,0,19,0,0,8,0,8,0,1,26,0,27,0,14,14,41
10/24/2014,GON,CT,ANE,EN,Federal Contract Tower,0,7,14,0,21,0,0,30,4,34,0,7,44,4,55,30,0,30,85
10/25/2014,GON,CT,ANE,EN,Federal Contract Tower,0,2,14,4,20,0,0,72,4,76,0,2,86,8,96,56,10,66,162
10/26/2014,GON,CT,ANE,EN,Federal Contract Tower,0,2,16,0,18,0,0,35,2,37,0,2,51,2,55,26,0,26,81
10/27/2014,GON,CT,ANE,EN,Federal Contract Tower,0,1,17,2,20,0,1,47,2,50,0,2,64,4,70,32,0,32,102
10/28/2014,GON,CT,ANE,EN,Federal Contract Tower,0,1,15,0,16,0,0,59,2,61,0,1,74,2,77,40,0,40,117
10/29/2014,GON,CT,ANE,EN,Federal Contract Tower,0,1,20,0,21,0,0,54,9,63,0,1,74,9,84,74,32,106,190
10/30/2014,GON,CT,ANE,EN,Federal Contract Tower,0,2,7,5,14,0,0,49,3,52,0,2,56,8,66,36,0,36,102
10/31/2014,GON,CT,ANE,EN,Federal Contract Tower,0,4,7,0,11,0,0,25,3,28,0,4,32,3,39,46,4,50,89
11/01/2014,GON,CT,ANE,EN,Federal Contract Tower,0,0,4,0,4,0,0,1,0,1,0,0,5,0,5,0,0,0,5
11/02/2014,GON,CT,ANE,EN,Federal Contract Tower,0,0,6,0,6,0,0,0,0,0,0,0,6,0,6,0,0,0,6
11/03/2014,GON,CT,ANE,EN,Federal Contract Tower,0,2,10,4,16,0,0,28,0,28,0,2,38,4,44,20,0,20,64
11/04/2014,GON,CT,ANE,EN,Federal Contract Tower,0,1,12,2,15,0,0,76,9,85,0,1,88,11,100,82,26,108,208
11/05/2014,GON,CT,ANE,EN,Federal Contract Tower,0,4,18,0,22,0,0,78,3,81,0,4,96,3,103,84,2,86,189
11/06/2014,GON,CT,ANE,EN,Federal Contract Tower,0,3,10,5,18,0,0,2,0,2,0,3,12,5,20,0,0,0,20
11/07/2014,GON,CT,ANE,EN,Federal Contract Tower,0,3,20,1,24,0,0,22,1,23,0,3,42,2,47,18,0,18,65
11/08/2014,GON,CT,ANE,EN,Federal Contract Tower,0,1,15,0,16,0,0,102,1,103,0,1,117,1,119,96,2,98,217
11/09/2014,GON,CT,ANE,EN,Federal Contract Tower,0,1,16,1,18,0,0,76,1,77,0,1,92,2,95,108,0,108,203
11/10/2014,GON,CT,ANE,EN,Federal Contract Tower,0,2,8,0,10,0,0,64,0,64,0,2,72,0,74,22,0,22,96
11/11/2014,GON,CT,ANE,EN,Federal Contract Tower,0,0,26,1,27,0,0,10,1,11,0,0,36,2,38,2,0,2,40
11/12/2014,GON,CT,ANE,EN,Federal Contract Tower,0,1,9,2,12,0,0,8,2,10,0,1,17,4,22,0,14,14,36
11/13/2014,GON,CT,ANE,EN,Federal Contract Tower,0,1,11,3,15,0,0,72,1,73,0,1,83,4,88,36,2,38,126
11/14/2014,GON,CT,ANE,EN,Federal Contract Tower,0,4,7,1,12,0,0,42,12,54,0,4,49,13,66,18,6,24,90
11/15/2014,GON,CT,ANE,EN,Federal Contract Tower,0,0,7,0,7,0,0,74,9,83,0,0,81,9,90,18,22,40,130
11/16/2014,GON,CT,ANE,EN,Federal Contract Tower,0,1,22,0,23,0,0,57,3,60,0,1,79,3,83,42,2,44,127
11/17/2014,GON,CT,ANE,EN,Federal Contract Tower,0,2,6,0,8,0,0,0,0,0,0,2,6,0,8,0,0,0,8
11/18/2014,GON,CT,ANE,EN,Federal Contract Tower,0,1,2,0,3,0,0,4,6,10,0,1,6,6,13,2,0,2,15
11/19/2014,GON,CT,ANE,EN,Federal Contract Tower,0,2,20,0,22,0,0,72,0,72,0,2,92,0,94,14,4,18,112
11/20/2014,GON,CT,ANE,EN,Federal Contract Tower,0,1,18,0,19,0,0,29,3,32,0,1,47,3,51,0,0,0,51
11/21/2014,GON,CT,ANE,EN,Federal Contract Tower,0,4,14,0,18,0,0,39,0,39,0,4,53,0,57,10,0,10,67
11/22/2014,GON,CT,ANE,EN,Federal Contract Tower,0,3,10,0,13,0,0,44,2,46,0,3,54,2,59,38,0,38,97
11/23/2014,GON,CT,ANE,EN,Federal Contract Tower,0,1,20,0,21,0,0,72,0,72,0,1,92,0,93,80,0,80,173
11/24/2014,GON,CT,ANE,EN,Federal Contract Tower,0,1,13,0,14,0,0,0,0,0,0,1,13,0,14,10,0,10,24
11/25/2014,GON,CT,ANE,EN,Federal Contract Tower,0,8,8,3,19,0,0,63,0,63,0,8,71,3,82,42,2,44,126
11/26/2014,GON,CT,ANE,EN,Federal Contract Tower,0,2,2,0,4,0,0,0,0,0,0,2,2,0,4,0,0,0,4
11/27/2014,GON,CT,ANE,EN,Federal Contract Tower,0,2,3,0,5,0,0,9,2,11,0,2,12,2,16,0,0,0,16
11/28/2014,GON,CT,ANE,EN,Federal Contract Tower,0,0,6,0,6,0,0,23,0,23,0,0,29,0,29,6,0,6,35
11/29/2014,GON,CT,ANE,EN,Federal Contract Tower,0,0,10,0,10,0,0,58,2,60,0,0,68,2,70,26,0,26,96
11/30/2014,GON,CT,ANE,EN,Federal Contract Tower,0,4,8,0,12,0,0,61,0,61,0,4,69,0,73,58,0,58,131
12/01/2014,GON,CT,ANE,EN,Federal Contract Tower,0,8,17,0,25,0,0,38,2,40,0,8,55,2,65,36,0,36,101
12/02/2014,GON,CT,ANE,EN,Federal Contract Tower,0,1,13,0,14,0,0,23,6,29,0,1,36,6,43,16,2,18,61
12/03/2014,GON,CT,ANE,EN,Federal Contract Tower,0,2,9,0,11,0,0,0,0,0,0,2,9,0,11,0,0,0,11
12/04/2014,GON,CT,ANE,EN,Federal Contract Tower,0,1,14,0,15,0,0,81,4,85,0,1,95,4,100,16,2,18,118
12/05/2014,GON,CT,ANE,EN,Federal Contract Tower,0,6,26,0,32,0,7,37,4,48,0,13,63,4,80,44,0,44,124
12/06/2014,GON,CT,ANE,EN,Federal Contract Tower,0,1,14,0,15,0,0,4,0,4,0,1,18,0,19,0,0,0,19
12/07/2014,GON,CT,ANE,EN,Federal Contract Tower,0,3,9,0,12,0,0,12,4,16,0,3,21,4,28,2,0,2,30
12/08/2014,GON,CT,ANE,EN,Federal Contract Tower,0,4,5,0,9,0,0,17,0,17,0,4,22,0,26,0,0,0,26
12/09/2014,GON,CT,ANE,EN,Federal Contract Tower,0,1,1,0,2,0,0,0,0,0,0,1,1,0,2,0,0,0,2
12/10/2014,GON,CT,ANE,EN,Federal Contract Tower,0,1,7,0,8,0,0,0,0,0,0,1,7,0,8,0,0,0,8
12/11/2014,GON,CT,ANE,EN,Federal Contract Tower,0,1,6,0,7,0,0,4,0,4,0,1,10,0,11,0,0,0,11
12/12/2014,GON,CT,ANE,EN,Federal Contract Tower,0,4,16,1,21,0,0,52,10,62,0,4,68,11,83,28,0,28,111
12/13/2014,GON,CT,ANE,EN,Federal Contract Tower,0,1,14,2,17,0,0,0,0,0,0,1,14,2,17,50,2,52,69
12/14/2014,GON,CT,ANE,EN,Federal Contract Tower,0,0,13,0,13,0,0,74,0,74,0,0,87,0,87,72,0,72,159
12/15/2014,GON,CT,ANE,EN,Federal Contract Tower,0,5,11,0,16,0,0,71,10,81,0,5,82,10,97,48,0,48,145
12/16/2014,GON,CT,ANE,EN,Federal Contract Tower,0,4,10,4,18,0,0,21,0,21,0,4,31,4,39,30,0,30,69
12/17/2014,GON,CT,ANE,EN,Federal Contract Tower,0,4,15,4,23,0,0,25,4,29,0,4,40,8,52,30,34,64,116
12/18/2014,GON,CT,ANE,EN,Federal Contract Tower,0,3,11,0,14,0,0,36,4,40,0,3,47,4,54,6,22,28,82
12/19/2014,GON,CT,ANE,EN,Federal Contract Tower,0,9,8,0,17,0,0,51,2,53,0,9,59,2,70,32,0,32,102
12/20/2014,GON,CT,ANE,EN,Federal Contract Tower,0,0,12,0,12,0,0,45,0,45,0,0,57,0,57,34,0,34,91
12/21/2014,GON,CT,ANE,EN,Federal Contract Tower,0,1,17,0,18,0,1,6,0,7,0,2,23,0,25,0,0,0,25
12/22/2014,GON,CT,ANE,EN,Federal Contract Tower,0,5,10,0,15,0,1,6,0,7,0,6,16,0,22,28,0,28,50
12/23/2014,GON,CT,ANE,EN,Federal Contract Tower,0,8,13,0,21,0,0,0,0,0,0,8,13,0,21,0,0,0,21
12/24/2014,GON,CT,ANE,EN,Federal Contract Tower,0,1,0,0,1,0,0,0,0,0,0,1,0,0,1,0,0,0,1
12/25/2014,GON,CT,ANE,EN,Federal Contract Tower,0,1,1,0,2,0,0,1,0,1,0,1,2,0,3,0,0,0,3
12/26/2014,GON,CT,ANE,EN,Federal Contract Tower,0,2,12,0,14,0,2,69,0,71,0,4,81,0,85,38,0,38,123
12/27/2014,GON,CT,ANE,EN,Federal Contract Tower,0,1,15,0,16,0,0,87,2,89,0,1,102,2,105,60,0,60,165
12/28/2014,GON,CT,ANE,EN,Federal Contract Tower,0,4,6,0,10,0,0,23,0,23,0,4,29,0,33,24,0,24,57
12/29/2014,GON,CT,ANE,EN,Federal Contract Tower,0,2,7,0,9,0,1,52,9,62,0,3,59,9,71,44,6,50,121
12/30/2014,GON,CT,ANE,EN,Federal Contract Tower,0,2,10,0,12,0,0,57,6,63,0,2,67,6,75,62,6,68,143
12/31/2014,GON,CT,ANE,EN,Federal Contract Tower,0,1,2,0,3,0,0,45,0,45,0,1,47,0,48,32,6,38,86
01/01/2015,GON,CT,ANE,EN,Federal Contract Tower,0,2,9,0,11,0,3,21,0,24,0,5,30,0,35,2,0,2,37
01/02/2015,GON,CT,ANE,EN,Federal Contract Tower,0,2,7,0,9,0,0,26,0,26,0,2,33,0,35,20,0,20,55
01/03/2015,GON,CT,ANE,EN,Federal Contract Tower,0,1,4,0,5,0,0,19,0,19,0,1,23,0,24,18,0,18,42
01/04/2015,GON,CT,ANE,EN,Federal Contract Tower,0,0,3,0,3,0,0,0,0,0,0,0,3,0,3,0,0,0,3
01/05/2015,GON,CT,ANE,EN,Federal Contract Tower,0,2,6,0,8,0,0,17,0,17,0,2,23,0,25,0,0,0,25
01/06/2015,GON,CT,ANE,EN,Federal Contract Tower,0,1,9,0,10,0,0,7,0,7,0,1,16,0,17,0,0,0,17
01/07/2015,GON,CT,ANE,EN,Federal Contract Tower,0,4,15,1,20,0,0,13,8,21,0,4,28,9,41,0,4,4,45
01/08/2015,GON,CT,ANE,EN,Federal Contract Tower,0,1,8,4,13,0,0,13,3,16,0,1,21,7,29,36,0,36,65
01/09/2015,GON,CT,ANE,EN,Federal Contract Tower,0,6,6,2,14,0,2,8,0,10,0,8,14,2,24,0,0,0,24
01/10/2015,GON,CT,ANE,EN,Federal Contract Tower,0,0,5,1,6,0,0,51,0,51,0,0,56,1,57,26,2,28,85
01/11/2015,GON,CT,ANE,EN,Federal Contract Tower,0,4,11,1,16,0,0,64,0,64,0,4,75,1,80,42,2,44,124
01/12/2015,GON,CT,ANE,EN,Federal Contract Tower,0,0,8,0,8,0,0,0,0,0,0,0,8,0,8,0,0,0,8
01/13/2015,GON,CT,ANE,EN,Federal Contract Tower,0,3,8,4,15,0,0,38,0,38,0,3,46,4,53,30,0,30,83
01/14/2015,GON,CT,ANE,EN,Federal Contract Tower,0,2,8,2,12,0,0,16,6,22,0,2,24,8,34,20,8,28,62
01/15/2015,GON,CT,ANE,EN,Federal Contract Tower,0,2,3,0,5,0,0,32,4,36,0,2,35,4,41,60,2,62,103
01/16/2015,GON,CT,ANE,EN,Federal Contract Tower,0,6,10,1,17,0,2,25,0,27,0,8,35,1,44,10,2,12,56
01/17/2015,GON,CT,ANE,EN,Federal Contract Tower,0,0,15,0,15,0,0,57,2,59,0,0,72,2,74,30,0,30,104
01/18/2015,GON,CT,ANE,EN,Federal Contract Tower,0,0,3,0,3,0,0,2,0,2,0,0,5,0,5,0,0,0,5
01/19/2015,GON,CT,ANE,EN,Federal Contract Tower,0,1,6,3,10,0,0,48,1,49,0,1,54,4,59,6,0,6,65
01/20/2015,GON,CT,ANE,EN,Federal Contract Tower,0,5,9,0,14,0,0,31,13,44,0,5,40,13,58,24,16,40,98
01/21/2015,GON,CT,ANE,EN,Federal Contract Tower,0,2,7,0,9,0,0,29,8,37,0,2,36,8,46,6,0,6,52
01/22/2015,GON,CT,ANE,EN,Federal Contract Tower,0,1,7,4,12,0,0,36,4,40,0,1,43,8,52,44,10,54,106
01/23/2015,GON,CT,ANE,EN,Federal Contract Tower,0,4,4,0,8,0,0,85,4,89,0,4,89,4,97,56,28,84,181
01/24/2015,GON,CT,ANE,EN,Federal Contract Tower,0,0,3,0,3,0,0,0,0,0,0,0,3,0,3,0,0,0,3
01/25/2015,GON,CT,ANE,EN,Federal Contract Tower,0,0,5,0,5,0,0,40,0,40,0,0,45,0,45,56,0,56,101
01/26/2015,GON,CT,ANE,EN,Federal Contract Tower,0,2,2,0,4,0,0,0,0,0,0,2,2,0,4,0,0,0,4
01/27/2015,GON,CT,ANE,EN,Federal Contract Tower,0,0,0,0,0,0,0,0,0,0,0,0,0,0,0,0,0,0,0
01/28/2015,GON,CT,ANE,EN,Federal Contract Tower,0,0,2,0,2,0,0,20,3,23,0,0,22,3,25,22,12,34,59
01/29/2015,GON,CT,ANE,EN,Federal Contract Tower,0,1,4,1,6,0,0,49,7,56,0,1,53,8,62,44,4,48,110
01/30/2015,GON,CT,ANE,EN,Federal Contract Tower,0,3,5,0,8,0,0,8,0,8,0,3,13,0,16,2,0,2,18
01/31/2015,GON,CT,ANE,EN,Federal Contract Tower,0,0,1,0,1,0,0,7,0,7,0,0,8,0,8,6,0,6,14
02/01/2015,GON,CT,ANE,EN,Federal Contract Tower,0,0,4,0,4,0,0,50,0,50,0,0,54,0,54,54,0,54,108
02/02/2015,GON,CT,ANE,EN,Federal Contract Tower,0,0,0,0,0,0,0,0,0,0,0,0,0,0,0,0,0,0,0
02/03/2015,GON,CT,ANE,EN,Federal Contract Tower,0,0,7,2,9,0,0,7,3,10,0,0,14,5,19,8,0,8,27
02/04/2015,GON,CT,ANE,EN,Federal Contract Tower,0,7,14,2,23,0,0,21,8,29,0,7,35,10,52,12,18,30,82
02/05/2015,GON,CT,ANE,EN,Federal Contract Tower,0,4,3,0,7,0,0,4,3,7,0,4,7,3,14,0,18,18,32
02/06/2015,GON,CT,ANE,EN,Federal Contract Tower,0,4,7,5,16,0,0,29,9,38,0,4,36,14,54,20,6,26,80
02/07/2015,GON,CT,ANE,EN,Federal Contract Tower,0,2,7,0,9,0,0,21,3,24,0,2,28,3,33,36,6,42,75
02/08/2015,GON,CT,ANE,EN,Federal Contract Tower,0,0,0,0,0,0,0,0,0,0,0,0,0,0,0,0,0,0,0
02/09/2015,GON,CT,ANE,EN,Federal Contract Tower,0,0,0,0,0,0,0,0,0,0,0,0,0,0,0,0,0,0,0
02/10/2015,GON,CT,ANE,EN,Federal Contract Tower,0,1,8,0,9,0,0,31,2,33,0,1,39,2,42,14,8,22,64
02/11/2015,GON,CT,ANE,EN,Federal Contract Tower,0,2,10,6,18,0,0,41,9,50,0,2,51,15,68,8,24,32,100
02/12/2015,GON,CT,ANE,EN,Federal Contract Tower,0,0,4,0,4,0,0,0,0,0,0,0,4,0,4,0,0,0,4
02/13/2015,GON,CT,ANE,EN,Federal Contract Tower,0,5,9,0,14,0,0,30,0,30,0,5,39,0,44,6,0,6,50
02/14/2015,GON,CT,ANE,EN,Federal Contract Tower,0,0,5,0,5,0,0,15,0,15,0,0,20,0,20,0,0,0,20
02/15/2015,GON,CT,ANE,EN,Federal Contract Tower,0,0,3,0,3,0,0,0,0,0,0,0,3,0,3,0,0,0,3
02/16/2015,GON,CT,ANE,EN,Federal Contract Tower,0,2,5,0,7,0,2,8,0,10,0,4,13,0,17,4,0,4,21
02/17/2015,GON,CT,ANE,EN,Federal Contract Tower,0,0,1,0,1,0,0,3,0,3,0,0,4,0,4,6,0,6,10
02/18/2015,GON,CT,ANE,EN,Federal Contract Tower,0,3,11,2,16,0,0,27,4,31,0,3,38,6,47,4,0,4,51
02/19/2015,GON,CT,ANE,EN,Federal Contract Tower,0,2,4,4,10,0,0,35,4,39,0,2,39,8,49,2,16,18,67
02/20/2015,GON,CT,ANE,EN,Federal Contract Tower,0,5,5,0,10,0,0,46,2,48,0,5,51,2,58,4,0,4,62
02/21/2015,GON,CT,ANE,EN,Federal Contract Tower,0,0,4,1,5,0,0,29,5,34,0,0,33,6,39,36,22,58,97
02/22/2015,GON,CT,ANE,EN,Federal Contract Tower,0,0,5,0,5,0,0,4,0,4,0,0,9,0,9,16,0,16,25
02/23/2015,GON,CT,ANE,EN,Federal Contract Tower,0,1,11,0,12,0,0,34,0,34,0,1,45,0,46,44,0,44,90
02/24/2015,GON,CT,ANE,EN,Federal Contract Tower,0,1,7,0,8,0,4,42,7,53,0,5,49,7,61,30,0,30,91
02/25/2015,GON,CT,ANE,EN,Federal Contract Tower,0,2,11,2,15,0,0,50,4,54,0,2,61,6,69,36,4,40,109
02/26/2015,GON,CT,ANE,EN,Federal Contract Tower,0,1,10,0,11,0,0,23,1,24,0,1,33,1,35,46,28,74,109
02/27/2015,GON,CT,ANE,EN,Federal Contract Tower,0,5,9,0,14,0,0,39,4,43,0,5,48,4,57,34,0,34,91
02/28/2015,GON,CT,ANE,EN,Federal Contract Tower,0,0,8,0,8,0,0,103,6,109,0,0,111,6,117,86,0,86,203
03/01/2015,GON,CT,ANE,EN,Federal Contract Tower,0,1,8,0,9,0,0,16,0,16,0,1,24,0,25,8,0,8,33
03/02/2015,GON,CT,ANE,EN,Federal Contract Tower,0,3,8,0,11,0,0,20,0,20,0,3,28,0,31,10,0,10,41
03/03/2015,GON,CT,ANE,EN,Federal Contract Tower,0,0,5,1,6,0,0,11,4,15,0,0,16,5,21,6,6,12,33
03/04/2015,GON,CT,ANE,EN,Federal Contract Tower,0,6,10,6,22,0,0,1,1,2,0,6,11,7,24,14,6,20,44
03/07/2015,GON,CT,ANE,EN,Federal Contract Tower,0,0,1,0,1,0,0,61,0,61,0,0,62,0,62,60,0,60,122
03/08/2015,GON,CT,ANE,EN,Federal Contract Tower,0,0,9,0,9,0,0,54,2,56,0,0,63,2,65,40,0,40,105
03/09/2015,GON,CT,ANE,EN,Federal Contract Tower,0,2,7,0,9,0,1,56,2,59,0,3,63,2,68,46,0,46,114
03/10/2015,GON,CT,ANE,EN,Federal Contract Tower,0,2,9,5,16,0,0,28,2,30,0,2,37,7,46,14,4,18,64
03/11/2015,GON,CT,ANE,EN,Federal Contract Tower,0,4,8,0,12,0,0,50,16,66,0,4,58,16,78,40,0,40,118
03/12/2015,GON,CT,ANE,EN,Federal Contract Tower,0,1,7,0,8,0,1,41,0,42,0,2,48,0,50,8,6,14,64
03/13/2015,GON,CT,ANE,EN,Federal Contract Tower,0,4,7,2,13,0,0,70,0,70,0,4,77,2,83,32,0,32,115
03/14/2015,GON,CT,ANE,EN,Federal Contract Tower,0,0,4,0,4,0,0,0,0,0,0,0,4,0,4,0,0,0,4
03/15/2015,GON,CT,ANE,EN,Federal Contract Tower,0,0,8,0,8,0,0,33,0,33,0,0,41,0,41,26,2,28,69
03/16/2015,GON,CT,ANE,EN,Federal Contract Tower,0,2,10,0,12,0,0,71,0,71,0,2,81,0,83,44,0,44,127
03/17/2015,GON,CT,ANE,EN,Federal Contract Tower,0,1,3,2,6,0,0,6,4,10,0,1,9,6,16,2,6,8,24
03/18/2015,GON,CT,ANE,EN,Federal Contract Tower,0,1,4,3,8,0,0,12,7,19,0,1,16,10,27,8,12,20,47
03/19/2015,GON,CT,ANE,EN,Federal Contract Tower,0,1,5,2,8,0,0,76,10,86,0,1,81,12,94,50,12,62,156
03/20/2015,GON,CT,ANE,EN,Federal Contract Tower,0,5,8,0,13,0,0,12,4,16,0,5,20,4,29,18,0,18,47
03/21/2015,GON,CT,ANE,EN,Federal Contract Tower,0,4,11,0,15,0,0,18,0,18,0,4,29,0,33,4,0,4,37
03/22/2015,GON,CT,ANE,EN,Federal Contract Tower,0,0,11,0,11,0,0,30,5,35,0,0,41,5,46,50,8,58,104
03/23/2015,GON,CT,ANE,EN,Federal Contract Tower,0,2,10,0,12,0,0,49,5,54,0,2,59,5,66,38,8,46,112
03/24/2015,GON,CT,ANE,EN,Federal Contract Tower,0,1,8,1,10,0,0,96,8,104,0,1,104,9,114,50,4,54,168
03/25/2015,GON,CT,ANE,EN,Federal Contract Tower,0,3,14,0,17,0,3,58,9,70,0,6,72,9,87,24,14,38,125
03/26/2015,GON,CT,ANE,EN,Federal Contract Tower,0,6,3,0,9,0,0,0,0,0,0,6,3,0,9,0,0,0,9
03/27/2015,GON,CT,ANE,EN,Federal Contract Tower,0,4,18,3,25,0,0,14,1,15,0,4,32,4,40,10,2,12,52
03/28/2015,GON,CT,ANE,EN,Federal Contract Tower,0,1,6,0,7,0,0,0,0,0,0,1,6,0,7,0,0,0,7
03/29/2015,GON,CT,ANE,EN,Federal Contract Tower,0,1,17,0,18,0,0,84,2,86,0,1,101,2,104,38,0,38,142
03/30/2015,GON,CT,ANE,EN,Federal Contract Tower,0,2,10,0,12,0,0,20,0,20,0,2,30,0,32,32,0,32,64
03/31/2015,GON,CT,ANE,EN,Federal Contract Tower,0,1,11,1,13,0,0,48,7,55,0,1,59,8,68,22,10,32,100
04/01/2015,GON,CT,ANE,EN,Federal Contract Tower,0,5,8,3,16,0,0,39,3,42,0,5,47,6,58,22,0,22,80
04/02/2015,GON,CT,ANE,EN,Federal Contract Tower,0,2,7,1,10,0,0,44,1,45,0,2,51,2,55,14,12,26,81
04/03/2015,GON,CT,ANE,EN,Federal Contract Tower,0,0,21,0,21,0,0,11,0,11,0,0,32,0,32,32,0,32,64
04/04/2015,GON,CT,ANE,EN,Federal Contract Tower,0,0,2,0,2,0,0,11,0,11,0,0,13,0,13,0,0,0,13
04/05/2015,GON,CT,ANE,EN,Federal Contract Tower,0,0,9,0,9,0,0,35,0,35,0,0,44,0,44,14,0,14,58
04/06/2015,GON,CT,ANE,EN,Federal Contract Tower,0,2,13,0,15,0,1,60,2,63,0,3,73,2,78,68,0,68,146
04/07/2015,GON,CT,ANE,EN,Federal Contract Tower,0,2,21,2,25,0,2,7,0,9,0,4,28,2,34,12,0,12,46
04/08/2015,GON,CT,ANE,EN,Federal Contract Tower,0,3,9,2,14,0,0,12,3,15,0,3,21,5,29,0,2,2,31
04/09/2015,GON,CT,ANE,EN,Federal Contract Tower,0,6,11,4,21,0,0,1,1,2,0,6,12,5,23,0,0,0,23
04/10/2015,GON,CT,ANE,EN,Federal Contract Tower,0,8,15,0,23,0,0,0,0,0,0,8,15,0,23,2,0,2,25
04/11/2015,GON,CT,ANE,EN,Federal Contract Tower,0,2,13,2,17,0,2,57,0,59,0,4,70,2,76,20,0,20,96
04/12/2015,GON,CT,ANE,EN,Federal Contract Tower,0,2,15,0,17,0,0,114,0,114,0,2,129,0,131,84,0,84,215
04/13/2015,GON,CT,ANE,EN,Federal Contract Tower,0,4,18,5,27,0,0,43,4,47,0,4,61,9,74,24,0,24,98
04/14/2015,GON,CT,ANE,EN,Federal Contract Tower,0,1,7,0,8,0,0,26,16,42,0,1,33,16,50,24,0,24,74
04/15/2015,GON,CT,ANE,EN,Federal Contract Tower,0,3,23,4,30,0,0,63,3,66,0,3,86,7,96,16,0,16,112
04/16/2015,GON,CT,ANE,EN,Federal Contract Tower,0,3,2,2,7,0,0,74,3,77,0,3,76,5,84,88,8,96,180
04/17/2015,GON,CT,ANE,EN,Federal Contract Tower,0,8,18,2,28,0,0,9,0,9,0,8,27,2,37,12,0,12,49
04/18/2015,GON,CT,ANE,EN,Federal Contract Tower,0,0,14,1,15,0,0,99,1,100,0,0,113,2,115,46,2,48,163
04/19/2015,GON,CT,ANE,EN,Federal Contract Tower,0,1,10,1,12,0,0,81,0,81,0,1,91,1,93,54,0,54,147
04/20/2015,GON,CT,ANE,EN,Federal Contract Tower,0,2,10,2,14,0,0,0,4,4,0,2,10,6,18,0,4,4,22
04/21/2015,GON,CT,ANE,EN,Federal Contract Tower,0,1,14,0,15,0,0,27,1,28,0,1,41,1,43,16,0,16,59
04/22/2015,GON,CT,ANE,EN,Federal Contract Tower,0,6,9,2,17,0,3,28,5,36,0,9,37,7,53,20,12,32,85
04/23/2015,GON,CT,ANE,EN,Federal Contract Tower,0,1,13,1,15,0,0,44,7,51,0,1,57,8,66,8,6,14,80
04/24/2015,GON,CT,ANE,EN,Federal Contract Tower,0,5,6,1,12,0,2,65,7,74,0,7,71,8,86,14,8,22,108
04/25/2015,GON,CT,ANE,EN,Federal Contract Tower,0,2,17,0,19,0,0,58,12,70,0,2,75,12,89,54,2,56,145
04/26/2015,GON,CT,ANE,EN,Federal Contract Tower,0,0,8,0,8,0,2,80,4,86,0,2,88,4,94,42,0,42,136
04/27/2015,GON,CT,ANE,EN,Federal Contract Tower,0,4,27,0,31,0,2,81,0,83,0,6,108,0,114,10,0,10,124
04/28/2015,GON,CT,ANE,EN,Federal Contract Tower,0,2,9,0,11,0,0,40,2,42,0,2,49,2,53,28,0,28,81
04/29/2015,GON,CT,ANE,EN,Federal Contract Tower,0,1,20,0,21,0,0,77,2,79,0,1,97,2,100,50,0,50,150
04/30/2015,GON,CT,ANE,EN,Federal Contract Tower,0,3,12,3,18,0,0,28,1,29,0,3,40,4,47,16,0,16,63
05/01/2015,GON,CT,ANE,EN,Federal Contract Tower,0,3,9,0,12,0,1,37,0,38,0,4,46,0,50,18,0,18,68
05/02/2015,GON,CT,ANE,EN,Federal Contract Tower,0,0,8,2,10,0,0,68,0,68,0,0,76,2,78,28,0,28,106
05/03/2015,GON,CT,ANE,EN,Federal Contract Tower,0,5,15,0,20,0,0,99,2,101,0,5,114,2,121,74,0,74,195
05/04/2015,GON,CT,ANE,EN,Federal Contract Tower,0,3,19,0,22,0,2,63,1,66,0,5,82,1,88,70,0,70,158
05/05/2015,GON,CT,ANE,EN,Federal Contract Tower,0,4,9,0,13,0,5,44,2,51,0,9,53,2,64,58,0,58,122
05/06/2015,GON,CT,ANE,EN,Federal Contract Tower,0,6,11,6,23,0,0,51,8,59,0,6,62,14,82,44,0,44,126
05/07/2015,GON,CT,ANE,EN,Federal Contract Tower,0,3,15,0,18,0,1,109,2,112,0,4,124,2,130,64,0,64,194
05/08/2015,GON,CT,ANE,EN,Federal Contract Tower,0,8,15,0,23,0,0,61,2,63,0,8,76,2,86,46,0,46,132
05/09/2015,GON,CT,ANE,EN,Federal Contract Tower,0,4,28,4,36,0,0,0,0,0,0,4,28,4,36,0,0,0,36
05/10/2015,GON,CT,ANE,EN,Federal Contract Tower,0,1,26,0,27,0,2,25,0,27,0,3,51,0,54,42,0,42,96
05/11/2015,GON,CT,ANE,EN,Federal Contract Tower,0,5,20,0,25,0,0,32,1,33,0,5,52,1,58,68,0,68,126
05/12/2015,GON,CT,ANE,EN,Federal Contract Tower,0,4,9,4,17,0,1,24,0,25,0,5,33,4,42,48,0,48,90
05/13/2015,GON,CT,ANE,EN,Federal Contract Tower,0,2,14,0,16,0,2,50,3,55,0,4,64,3,71,30,0,30,101
05/14/2015,GON,CT,ANE,EN,Federal Contract Tower,0,6,15,1,22,0,2,104,7,113,0,8,119,8,135,42,4,46,181
05/15/2015,GON,CT,ANE,EN,Federal Contract Tower,0,7,15,0,22,0,2,57,2,61,0,9,72,2,83,52,0,52,135
05/16/2015,GON,CT,ANE,EN,Federal Contract Tower,0,0,15,2,17,0,0,12,0,12,0,0,27,2,29,16,0,16,45
05/17/2015,GON,CT,ANE,EN,Federal Contract Tower,0,2,13,3,18,0,2,53,5,60,0,4,66,8,78,48,0,48,126
05/18/2015,GON,CT,ANE,EN,Federal Contract Tower,0,1,16,1,18,0,2,32,0,34,0,3,48,1,52,16,0,16,68
05/19/2015,GON,CT,ANE,EN,Federal Contract Tower,0,1,27,2,30,0,0,0,0,0,0,1,27,2,30,0,0,0,30
05/20/2015,GON,CT,ANE,EN,Federal Contract Tower,0,5,20,8,33,0,0,30,5,35,0,5,50,13,68,2,4,6,74
05/21/2015,GON,CT,ANE,EN,Federal Contract Tower,0,8,12,4,24,0,2,89,3,94,0,10,101,7,118,74,2,76,194
05/22/2015,GON,CT,ANE,EN,Federal Contract Tower,0,5,19,2,26,0,4,74,2,80,0,9,93,4,106,46,0,46,152
05/23/2015,GON,CT,ANE,EN,Federal Contract Tower,0,2,12,0,14,0,4,66,2,72,0,6,78,2,86,44,0,44,130
05/24/2015,GON,CT,ANE,EN,Federal Contract Tower,0,0,5,0,5,0,0,69,0,69,0,0,74,0,74,38,0,38,112
05/25/2015,GON,CT,ANE,EN,Federal Contract Tower,0,0,13,0,13,0,2,76,1,79,0,2,89,1,92,66,0,66,158
05/26/2015,GON,CT,ANE,EN,Federal Contract Tower,0,0,15,8,23,0,0,46,0,46,0,0,61,8,69,36,0,36,105
05/27/2015,GON,CT,ANE,EN,Federal Contract Tower,0,1,18,2,21,0,2,12,1,15,0,3,30,3,36,4,18,22,58
05/28/2015,GON,CT,ANE,EN,Federal Contract Tower,0,5,16,6,27,0,0,14,0,14,0,5,30,6,41,12,0,12,53
05/29/2015,GON,CT,ANE,EN,Federal Contract Tower,0,5,21,5,31,0,0,0,0,0,0,5,21,5,31,98,6,104,135
05/30/2015,GON,CT,ANE,EN,Federal Contract Tower,0,6,17,0,23,0,0,53,3,56,0,6,70,3,79,40,0,40,119
05/31/2015,GON,CT,ANE,EN,Federal Contract Tower,0,4,10,0,14,0,2,16,0,18,0,6,26,0,32,16,0,16,48
06/01/2015,GON,CT,ANE,EN,Federal Contract Tower,0,3,17,0,20,0,0,0,0,0,0,3,17,0,20,0,0,0,20
06/02/2015,GON,CT,ANE,EN,Federal Contract Tower,0,5,16,0,21,0,0,8,0,8,0,5,24,0,29,0,0,0,29
06/03/2015,GON,CT,ANE,EN,Federal Contract Tower,0,4,9,2,15,0,0,54,0,54,0,4,63,2,69,84,2,86,155
06/04/2015,GON,CT,ANE,EN,Federal Contract Tower,0,2,25,0,27,0,4,81,8,93,0,6,106,8,120,46,0,46,166
06/05/2015,GON,CT,ANE,EN,Federal Contract Tower,0,7,16,2,25,0,0,50,0,50,0,7,66,2,75,52,0,52,127
06/06/2015,GON,CT,ANE,EN,Federal Contract Tower,0,3,18,0,21,0,1,51,4,56,0,4,69,4,77,78,0,78,155
06/07/2015,GON,CT,ANE,EN,Federal Contract Tower,0,1,21,0,22,0,1,99,1,101,0,2,120,1,123,68,0,68,191
06/08/2015,GON,CT,ANE,EN,Federal Contract Tower,0,6,15,0,21,0,5,20,2,27,0,11,35,2,48,26,0,26,74
06/09/2015,GON,CT,ANE,EN,Federal Contract Tower,0,2,22,6,30,0,0,9,0,9,0,2,31,6,39,0,0,0,39
06/10/2015,GON,CT,ANE,EN,Federal Contract Tower,0,2,19,0,21,0,4,136,6,146,0,6,155,6,167,120,12,132,299
06/11/2015,GON,CT,ANE,EN,Federal Contract Tower,0,0,15,3,18,0,2,55,0,57,0,2,70,3,75,48,0,48,123
06/12/2015,GON,CT,ANE,EN,Federal Contract Tower,0,4,15,0,19,0,2,76,6,84,0,6,91,6,103,74,4,78,181
06/13/2015,GON,CT,ANE,EN,Federal Contract Tower,0,4,12,0,16,0,5,75,2,82,0,9,87,2,98,78,4,82,180
06/14/2015,GON,CT,ANE,EN,Federal Contract Tower,0,0,20,0,20,0,1,110,0,111,0,1,130,0,131,70,0,70,201
06/15/2015,GON,CT,ANE,EN,Federal Contract Tower,0,1,28,0,29,0,0,0,0,0,0,1,28,0,29,0,0,0,29
06/16/2015,GON,CT,ANE,EN,Federal Contract Tower,0,3,24,0,27,0,1,3,0,4,0,4,27,0,31,0,0,0,31
06/17/2015,GON,CT,ANE,EN,Federal Contract Tower,0,2,22,6,30,0,2,73,11,86,0,4,95,17,116,18,4,22,138
06/18/2015,GON,CT,ANE,EN,Federal Contract Tower,0,4,10,6,20,0,4,54,4,62,0,8,64,10,82,50,2,52,134
06/19/2015,GON,CT,ANE,EN,Federal Contract Tower,0,7,30,0,37,0,2,63,5,70,0,9,93,5,107,58,20,78,185
06/20/2015,GON,CT,ANE,EN,Federal Contract Tower,0,1,23,0,24,0,1,51,6,58,0,2,74,6,82,54,0,54,136
06/21/2015,GON,CT,ANE,EN,Federal Contract Tower,0,5,11,1,17,0,3,7,0,10,0,8,18,1,27,0,4,4,31
06/22/2015,GON,CT,ANE,EN,Federal Contract Tower,0,2,21,0,23,0,1,72,4,77,0,3,93,4,100,38,4,42,142
06/23/2015,GON,CT,ANE,EN,Federal Contract Tower,0,2,16,0,18,0,0,24,2,26,0,2,40,2,44,34,6,40,84
06/24/2015,GON,CT,ANE,EN,Federal Contract Tower,0,2,24,5,31,0,3,96,14,113,0,5,120,19,144,70,6,76,220
06/25/2015,GON,CT,ANE,EN,Federal Contract Tower,0,5,15,0,20,0,2,84,4,90,0,7,99,4,110,118,0,118,228
06/26/2015,GON,CT,ANE,EN,Federal Contract Tower,0,10,16,2,28,0,1,69,2,72,0,11,85,4,100,92,0,92,192
06/27/2015,GON,CT,ANE,EN,Federal Contract Tower,0,4,11,0,15,0,2,54,7,63,0,6,65,7,78,74,0,74,152
06/28/2015,GON,CT,ANE,EN,Federal Contract Tower,0,6,19,0,25,0,1,0,0,1,0,7,19,0,26,0,0,0,26
06/29/2015,GON,CT,ANE,EN,Federal Contract Tower,0,0,23,0,23,0,4,49,1,54,0,4,72,1,77,78,0,78,155
06/30/2015,GON,CT,ANE,EN,Federal Contract Tower,0,7,11,6,24,0,2,66,3,71,0,9,77,9,95,84,10,94,189
07/01/2015,GON,CT,ANE,EN,Federal Contract Tower,0,4,9,0,13,0,2,22,2,26,0,6,31,2,39,32,2,34,73
07/02/2015,GON,CT,ANE,EN,Federal Contract Tower,0,7,14,0,21,0,5,93,0,98,0,12,107,0,119,76,0,76,195
07/03/2015,GON,CT,ANE,EN,Federal Contract Tower,0,0,14,0,14,0,1,94,0,95,0,1,108,0,109,106,0,106,215
07/04/2015,GON,CT,ANE,EN,Federal Contract Tower,0,6,10,0,16,0,0,30,0,30,0,6,40,0,46,4,0,4,50
07/05/2015,GON,CT,ANE,EN,Federal Contract Tower,0,10,14,0,24,0,3,78,0,81,0,13,92,0,105,40,0,40,145
07/06/2015,GON,CT,ANE,EN,Federal Contract Tower,0,4,35,0,39,0,4,67,2,73,0,8,102,2,112,48,0,48,160
07/07/2015,GON,CT,ANE,EN,Federal Contract Tower,0,3,26,0,29,0,0,0,0,0,0,3,26,0,29,0,0,0,29
07/08/2015,GON,CT,ANE,EN,Federal Contract Tower,0,3,13,3,19,0,1,42,3,46,0,4,55,6,65,60,2,62,127
07/09/2015,GON,CT,ANE,EN,Federal Contract Tower,0,4,19,0,23,0,4,42,0,46,0,8,61,0,69,56,0,56,125
07/10/2015,GON,CT,ANE,EN,Federal Contract Tower,0,4,26,6,36,0,2,82,7,91,0,6,108,13,127,34,8,42,169
07/11/2015,GON,CT,ANE,EN,Federal Contract Tower,0,2,8,0,10,0,5,95,1,101,0,7,103,1,111,86,0,86,197
07/12/2015,GON,CT,ANE,EN,Federal Contract Tower,0,8,14,2,24,0,8,108,0,116,0,16,122,2,140,78,0,78,218
07/13/2015,GON,CT,ANE,EN,Federal Contract Tower,0,6,20,0,26,0,2,57,4,63,0,8,77,4,89,56,0,56,145
07/14/2015,GON,CT,ANE,EN,Federal Contract Tower,0,2,19,0,21,0,1,13,0,14,0,3,32,0,35,0,0,0,35
07/15/2015,GON,CT,ANE,EN,Federal Contract Tower,0,6,18,2,26,0,2,17,0,19,0,8,35,2,45,26,0,26,71
07/16/2015,GON,CT,ANE,EN,Federal Contract Tower,0,7,24,4,35,0,6,76,8,90,0,13,100,12,125,20,6,26,151
07/17/2015,GON,CT,ANE,EN,Federal Contract Tower,0,6,21,3,30,0,5,97,4,106,0,11,118,7,136,68,4,72,208
07/18/2015,GON,CT,ANE,EN,Federal Contract Tower,0,2,16,0,18,0,4,24,4,32,0,6,40,4,50,26,0,26,76
07/19/2015,GON,CT,ANE,EN,Federal Contract Tower,0,10,23,0,33,0,4,57,2,63,0,14,80,2,96,10,0,10,106
07/20/2015,GON,CT,ANE,EN,Federal Contract Tower,0,1,21,0,22,0,3,28,2,33,0,4,49,2,55,32,0,32,87
07/21/2015,GON,CT,ANE,EN,Federal Contract Tower,0,6,15,0,21,0,5,41,2,48,0,11,56,2,69,16,0,16,85
07/22/2015,GON,CT,ANE,EN,Federal Contract Tower,0,8,21,2,31,0,7,57,9,73,0,15,78,11,104,16,6,22,126
07/23/2015,GON,CT,ANE,EN,Federal Contract Tower,0,2,30,2,34,0,5,88,6,99,0,7,118,8,133,38,0,38,171
07/24/2015,GON,CT,ANE,EN,Federal Contract Tower,0,8,16,5,29,0,7,89,17,113,0,15,105,22,142,90,32,122,264
07/25/2015,GON,CT,ANE,EN,Federal Contract Tower,0,12,13,0,25,0,5,93,3,101,0,17,106,3,126,100,0,100,226
07/26/2015,GON,CT,ANE,EN,Federal Contract Tower,0,4,11,1,16,0,1,43,5,49,0,5,54,6,65,74,16,90,155
07/27/2015,GON,CT,ANE,EN,Federal Contract Tower,0,3,23,0,26,0,1,38,1,40,0,4,61,1,66,52,0,52,118
07/28/2015,GON,CT,ANE,EN,Federal Contract Tower,0,6,25,4,35,0,1,61,16,78,0,7,86,20,113,132,12,144,257
07/29/2015,GON,CT,ANE,EN,Federal Contract Tower,0,3,21,2,26,0,0,98,1,99,0,3,119,3,125,106,0,106,231
07/30/2015,GON,CT,ANE,EN,Federal Contract Tower,0,2,26,0,28,0,4,45,4,53,0,6,71,4,81,60,0,60,141
07/31/2015,GON,CT,ANE,EN,Federal Contract Tower,0,8,24,2,34,0,3,81,3,87,0,11,105,5,121,66,20,86,207
08/01/2015,GON,CT,ANE,EN,Federal Contract Tower,0,6,20,0,26,0,3,69,1,73,0,9,89,1,99,70,2,72,171
08/02/2015,GON,CT,ANE,EN,Federal Contract Tower,0,7,12,0,19,0,5,139,4,148,0,12,151,4,167,112,0,112,279
08/03/2015,GON,CT,ANE,EN,Federal Contract Tower,0,8,13,0,21,0,4,69,3,76,0,12,82,3,97,46,0,46,143
08/04/2015,GON,CT,ANE,EN,Federal Contract Tower,0,7,11,2,20,0,1,56,7,64,0,8,67,9,84,70,0,70,154
08/05/2015,GON,CT,ANE,EN,Federal Contract Tower,0,3,19,2,24,0,4,126,20,150,0,7,145,22,174,30,0,30,204
08/06/2015,GON,CT,ANE,EN,Federal Contract Tower,0,6,17,2,25,0,5,84,15,104,0,11,101,17,129,40,6,46,175
08/07/2015,GON,CT,ANE,EN,Federal Contract Tower,0,7,16,4,27,0,6,87,21,114,0,13,103,25,141,70,2,72,213
08/08/2015,GON,CT,ANE,EN,Federal Contract Tower,0,6,19,0,25,0,3,65,0,68,0,9,84,0,93,82,0,82,175
08/09/2015,GON,CT,ANE,EN,Federal Contract Tower,0,3,20,0,23,0,4,61,0,65,0,7,81,0,88,28,0,28,116
08/10/2015,GON,CT,ANE,EN,Federal Contract Tower,0,2,14,0,16,0,1,67,0,68,0,3,81,0,84,78,0,78,162
08/11/2015,GON,CT,ANE,EN,Federal Contract Tower,0,6,10,0,16,0,0,2,0,2,0,6,12,0,18,0,0,0,18
08/12/2015,GON,CT,ANE,EN,Federal Contract Tower,0,6,17,1,24,0,0,88,10,98,0,6,105,11,122,86,2,88,210
08/13/2015,GON,CT,ANE,EN,Federal Contract Tower,0,1,28,1,30,0,1,82,5,88,0,2,110,6,118,44,0,44,162
08/14/2015,GON,CT,ANE,EN,Federal Contract Tower,0,6,29,0,35,0,2,111,6,119,0,8,140,6,154,68,0,68,222
08/15/2015,GON,CT,ANE,EN,Federal Contract Tower,0,7,15,0,22,0,2,95,4,101,0,9,110,4,123,146,0,146,269
08/16/2015,GON,CT,ANE,EN,Federal Contract Tower,0,5,15,0,20,0,8,68,0,76,0,13,83,0,96,138,0,138,234
08/17/2015,GON,CT,ANE,EN,Federal Contract Tower,1,4,21,0,26,0,6,62,0,68,1,10,83,0,94,96,0,96,190
08/18/2015,GON,CT,ANE,EN,Federal Contract Tower,1,9,17,4,31,0,1,67,0,68,1,10,84,4,99,102,4,106,205
08/19/2015,GON,CT,ANE,EN,Federal Contract Tower,0,7,18,3,28,0,0,49,2,51,0,7,67,5,79,30,8,38,117
08/20/2015,GON,CT,ANE,EN,Federal Contract Tower,0,6,27,9,42,0,0,35,4,39,0,6,62,13,81,30,0,30,111
08/21/2015,GON,CT,ANE,EN,Federal Contract Tower,0,12,28,1,41,0,1,28,1,30,0,13,56,2,71,26,0,26,97
08/22/2015,GON,CT,ANE,EN,Federal Contract Tower,0,3,18,0,21,0,3,69,3,75,0,6,87,3,96,70,0,70,166
08/23/2015,GON,CT,ANE,EN,Federal Contract Tower,0,12,23,0,35,0,2,22,1,25,0,14,45,1,60,44,0,44,104
08/24/2015,GON,CT,ANE,EN,Federal Contract Tower,0,3,24,0,27,0,4,26,0,30,0,7,50,0,57,44,0,44,101
08/25/2015,GON,CT,ANE,EN,Federal Contract Tower,0,1,16,0,17,0,1,14,0,15,0,2,30,0,32,10,0,10,42
08/26/2015,GON,CT,ANE,EN,Federal Contract Tower,0,3,25,1,29,0,2,68,11,81,0,5,93,12,110,54,6,60,170
08/27/2015,GON,CT,ANE,EN,Federal Contract Tower,0,5,12,0,17,0,3,71,0,74,0,8,83,0,91,40,0,40,131
08/28/2015,GON,CT,ANE,EN,Federal Contract Tower,0,7,15,0,22,0,2,102,7,111,0,9,117,7,133,46,2,48,181
08/29/2015,GON,CT,ANE,EN,Federal Contract Tower,0,3,12,0,15,0,1,80,3,84,0,4,92,3,99,64,0,64,163
08/30/2015,GON,CT,ANE,EN,Federal Contract Tower,0,2,4,2,8,0,2,78,0,80,0,4,82,2,88,42,2,44,132
08/31/2015,GON,CT,ANE,EN,Federal Contract Tower,0,4,17,0,21,0,6,56,2,64,0,10,73,2,85,28,0,28,113
09/01/2015,GON,CT,ANE,EN,Federal Contract Tower,0,5,14,3,22,0,4,53,9,66,0,9,67,12,88,28,0,28,116
09/02/2015,GON,CT,ANE,EN,Federal Contract Tower,0,3,19,0,22,0,0,48,4,52,0,3,67,4,74,64,30,94,168
09/03/2015,GON,CT,ANE,EN,Federal Contract Tower,0,5,9,3,17,0,5,36,1,42,0,10,45,4,59,22,0,22,81
09/04/2015,GON,CT,ANE,EN,Federal Contract Tower,0,9,27,1,37,0,4,46,1,51,0,13,73,2,88,32,0,32,120
09/05/2015,GON,CT,ANE,EN,Federal Contract Tower,0,1,9,0,10,0,2,57,2,61,0,3,66,2,71,58,0,58,129
09/06/2015,GON,CT,ANE,EN,Federal Contract Tower,0,0,8,0,8,0,3,86,0,89,0,3,94,0,97,84,0,84,181
09/07/2015,GON,CT,ANE,EN,Federal Contract Tower,0,6,15,0,21,0,2,58,0,60,0,8,73,0,81,26,0,26,107
09/08/2015,GON,CT,ANE,EN,Federal Contract Tower,0,1,20,5,26,0,3,65,6,74,0,4,85,11,100,46,0,46,146
09/09/2015,GON,CT,ANE,EN,Federal Contract Tower,0,2,25,3,30,0,2,53,2,57,0,4,78,5,87,72,20,92,179
09/10/2015,GON,CT,ANE,EN,Federal Contract Tower,0,7,17,2,26,0,3,9,0,12,0,10,26,2,38,0,0,0,38
09/11/2015,GON,CT,ANE,EN,Federal Contract Tower,0,9,44,2,55,0,3,36,4,43,0,12,80,6,98,34,6,40,138
09/12/2015,GON,CT,ANE,EN,Federal Contract Tower,0,5,17,0,22,0,0,30,4,34,0,5,47,4,56,34,16,50,106
09/13/2015,GON,CT,ANE,EN,Federal Contract Tower,0,5,16,0,21,0,0,11,0,11,0,5,27,0,32,8,0,8,40
09/14/2015,GON,CT,ANE,EN,Federal Contract Tower,0,0,9,6,15,0,2,41,0,43,0,2,50,6,58,32,0,32,90
09/15/2015,GON,CT,ANE,EN,Federal Contract Tower,0,4,9,2,15,0,0,89,8,97,0,4,98,10,112,56,2,58,170
09/16/2015,GON,CT,ANE,EN,Federal Contract Tower,0,5,11,0,16,0,2,65,1,68,0,7,76,1,84,44,0,44,128
09/17/2015,GON,CT,ANE,EN,Federal Contract Tower,0,2,13,0,15,0,3,77,1,81,0,5,90,1,96,50,0,50,146
09/18/2015,GON,CT,ANE,EN,Federal Contract Tower,0,8,13,0,21,0,5,76,0,81,0,13,89,0,102,30,0,30,132
09/19/2015,GON,CT,ANE,EN,Federal Contract Tower,0,1,17,0,18,0,0,50,0,50,0,1,67,0,68,24,0,24,92
09/20/2015,GON,CT,ANE,EN,Federal Contract Tower,0,6,17,0,23,0,3,60,0,63,0,9,77,0,86,30,0,30,116
09/21/2015,GON,CT,ANE,EN,Federal Contract Tower,0,3,18,2,23,0,0,46,0,46,0,3,64,2,69,30,0,30,99
09/22/2015,GON,CT,ANE,EN,Federal Contract Tower,0,5,20,1,26,0,4,44,2,50,0,9,64,3,76,60,0,60,136
09/23/2015,GON,CT,ANE,EN,Federal Contract Tower,0,3,23,4,30,0,2,54,1,57,0,5,77,5,87,40,0,40,127
09/24/2015,GON,CT,ANE,EN,Federal Contract Tower,0,0,19,2,21,0,4,65,6,75,0,4,84,8,96,62,0,62,158
09/25/2015,GON,CT,ANE,EN,Federal Contract Tower,0,5,8,2,15,0,5,64,5,74,0,10,72,7,89,90,0,90,179
09/26/2015,GON,CT,ANE,EN,Federal Contract Tower,0,7,8,2,17,0,6,71,1,78,0,13,79,3,95,68,0,68,163
09/27/2015,GON,CT,ANE,EN,Federal Contract Tower,0,4,21,0,25,0,2,83,0,85,0,6,104,0,110,18,0,18,128
09/28/2015,GON,CT,ANE,EN,Federal Contract Tower,0,0,17,0,17,0,1,35,0,36,0,1,52,0,53,22,0,22,75
09/29/2015,GON,CT,ANE,EN,Federal Contract Tower,0,3,11,3,17,0,0,21,4,25,0,3,32,7,42,34,0,34,76
09/30/2015,GON,CT,ANE,EN,Federal Contract Tower,0,4,19,0,23,0,0,1,0,1,0,4,20,0,24,0,0,0,24
10/01/2015,GON,CT,ANE,EN,Federal Contract Tower,0,0,14,0,14,0,0,12,2,14,0,0,26,2,28,12,0,12,40
10/02/2015,GON,CT,ANE,EN,Federal Contract Tower,0,8,7,0,15,0,0,2,2,4,0,8,9,2,19,0,0,0,19
10/03/2015,GON,CT,ANE,EN,Federal Contract Tower,0,4,7,0,11,0,0,0,0,0,0,4,7,0,11,0,0,0,11
10/04/2015,GON,CT,ANE,EN,Federal Contract Tower,0,1,12,0,13,0,4,20,2,26,0,5,32,2,39,4,0,4,43
10/05/2015,GON,CT,ANE,EN,Federal Contract Tower,0,0,14,0,14,0,0,34,0,34,0,0,48,0,48,72,0,72,120
10/06/2015,GON,CT,ANE,EN,Federal Contract Tower,0,1,5,0,6,0,5,65,8,78,0,6,70,8,84,20,0,20,104
10/07/2015,GON,CT,ANE,EN,Federal Contract Tower,0,3,24,4,31,0,3,55,3,61,0,6,79,7,92,32,8,40,132
10/08/2015,GON,CT,ANE,EN,Federal Contract Tower,0,2,29,2,33,0,0,42,9,51,0,2,71,11,84,40,0,40,124
10/09/2015,GON,CT,ANE,EN,Federal Contract Tower,0,11,27,3,41,0,1,27,8,36,0,12,54,11,77,36,2,38,115
10/10/2015,GON,CT,ANE,EN,Federal Contract Tower,2,3,22,3,30,0,0,72,0,72,2,3,94,3,102,88,0,88,190
10/11/2015,GON,CT,ANE,EN,Federal Contract Tower,0,2,4,0,6,0,3,83,0,86,0,5,87,0,92,26,0,26,118
10/12/2015,GON,CT,ANE,EN,Federal Contract Tower,0,7,18,0,25,0,5,61,0,66,0,12,79,0,91,18,0,18,109
10/13/2015,GON,CT,ANE,EN,Federal Contract Tower,0,6,18,2,26,0,3,26,6,35,0,9,44,8,61,52,2,54,115
10/14/2015,GON,CT,ANE,EN,Federal Contract Tower,0,7,33,2,42,0,2,62,2,66,0,9,95,4,108,66,0,66,174
10/15/2015,GON,CT,ANE,EN,Federal Contract Tower,0,3,17,1,21,0,0,60,4,64,0,3,77,5,85,44,2,46,131
10/16/2015,GON,CT,ANE,EN,Federal Contract Tower,0,6,13,1,20,0,3,48,2,53,0,9,61,3,73,50,0,50,123
10/17/2015,GON,CT,ANE,EN,Federal Contract Tower,0,1,11,3,15,0,2,59,2,63,0,3,70,5,78,54,0,54,132
10/18/2015,GON,CT,ANE,EN,Federal Contract Tower,0,4,10,0,14,0,2,68,0,70,0,6,78,0,84,32,0,32,116
10/19/2015,GON,CT,ANE,EN,Federal Contract Tower,0,3,10,0,13,0,0,42,0,42,0,3,52,0,55,40,0,40,95
10/20/2015,GON,CT,ANE,EN,Federal Contract Tower,0,6,19,0,25,0,2,41,10,53,0,8,60,10,78,16,0,16,94
10/21/2015,GON,CT,ANE,EN,Federal Contract Tower,0,5,14,6,25,0,1,62,7,70,0,6,76,13,95,72,10,82,177
10/22/2015,GON,CT,ANE,EN,Federal Contract Tower,0,2,11,2,15,0,1,32,1,34,0,3,43,3,49,80,6,86,135
10/23/2015,GON,CT,ANE,EN,Federal Contract Tower,0,9,15,1,25,0,0,44,1,45,0,9,59,2,70,46,0,46,116
10/24/2015,GON,CT,ANE,EN,Federal Contract Tower,0,5,14,0,19,0,0,60,0,60,0,5,74,0,79,26,0,26,105
10/25/2015,GON,CT,ANE,EN,Federal Contract Tower,0,7,23,0,30,0,0,20,0,20,0,7,43,0,50,14,0,14,64
10/26/2015,GON,CT,ANE,EN,Federal Contract Tower,0,6,13,0,19,0,2,48,0,50,0,8,61,0,69,70,0,70,139
10/27/2015,GON,CT,ANE,EN,Federal Contract Tower,0,2,13,2,17,0,0,50,2,52,0,2,63,4,69,8,0,8,77
10/28/2015,GON,CT,ANE,EN,Federal Contract Tower,0,3,11,0,14,0,0,1,2,3,0,3,12,2,17,0,0,0,17
10/29/2015,GON,CT,ANE,EN,Federal Contract Tower,0,5,16,3,24,0,0,23,0,23,0,5,39,3,47,12,0,12,59
10/30/2015,GON,CT,ANE,EN,Federal Contract Tower,0,6,9,2,17,0,0,77,1,78,0,6,86,3,95,42,0,42,137
10/31/2015,GON,CT,ANE,EN,Federal Contract Tower,0,2,14,0,16,0,1,92,1,94,0,3,106,1,110,98,0,98,208
11/01/2015,GON,CT,ANE,EN,Federal Contract Tower,0,8,8,0,16,0,0,31,0,31,0,8,39,0,47,18,0,18,65
11/02/2015,GON,CT,ANE,EN,Federal Contract Tower,0,5,10,2,17,0,0,52,3,55,0,5,62,5,72,30,0,30,102
11/03/2015,GON,CT,ANE,EN,Federal Contract Tower,0,4,12,2,18,0,1,69,4,74,0,5,81,6,92,34,0,34,126
11/04/2015,GON,CT,ANE,EN,Federal Contract Tower,0,1,13,2,16,0,0,65,3,68,0,1,78,5,84,60,0,60,144
11/05/2015,GON,CT,ANE,EN,Federal Contract Tower,0,3,23,2,28,0,0,12,1,13,0,3,35,3,41,8,0,8,49
11/06/2015,GON,CT,ANE,EN,Federal Contract Tower,0,4,7,0,11,0,0,1,0,1,0,4,8,0,12,4,0,4,16
11/07/2015,GON,CT,ANE,EN,Federal Contract Tower,0,1,6,0,7,0,0,51,2,53,0,1,57,2,60,54,0,54,114
11/08/2015,GON,CT,ANE,EN,Federal Contract Tower,0,2,9,0,11,0,1,69,0,70,0,3,78,0,81,32,0,32,113
11/09/2015,GON,CT,ANE,EN,Federal Contract Tower,0,4,17,2,23,0,1,75,3,79,0,5,92,5,102,30,4,34,136
11/10/2015,GON,CT,ANE,EN,Federal Contract Tower,0,1,8,0,9,0,0,10,0,10,0,1,18,0,19,10,0,10,29
11/11/2015,GON,CT,ANE,EN,Federal Contract Tower,0,2,18,0,20,0,0,1,0,1,0,2,19,0,21,0,0,0,21
11/12/2015,GON,CT,ANE,EN,Federal Contract Tower,0,7,14,0,21,0,0,1,0,1,0,7,15,0,22,0,0,0,22
11/13/2015,GON,CT,ANE,EN,Federal Contract Tower,0,9,11,0,20,0,0,13,3,16,0,9,24,3,36,22,10,32,68
11/14/2015,GON,CT,ANE,EN,Federal Contract Tower,0,4,2,0,6,0,3,40,0,43,0,7,42,0,49,2,0,2,51
11/15/2015,GON,CT,ANE,EN,Federal Contract Tower,0,6,19,0,25,0,1,66,6,73,0,7,85,6,98,18,6,24,122
11/16/2015,GON,CT,ANE,EN,Federal Contract Tower,0,2,25,0,27,0,0,74,0,74,0,2,99,0,101,32,0,32,133
11/17/2015,GON,CT,ANE,EN,Federal Contract Tower,0,2,19,1,22,0,1,79,5,85,0,3,98,6,107,58,0,58,165
11/18/2015,GON,CT,ANE,EN,Federal Contract Tower,0,4,18,4,26,0,2,53,14,69,0,6,71,18,95,92,22,114,209
11/19/2015,GON,CT,ANE,EN,Federal Contract Tower,0,3,12,0,15,0,1,9,0,10,0,4,21,0,25,32,0,32,57
11/20/2015,GON,CT,ANE,EN,Federal Contract Tower,0,6,16,2,24,0,1,51,6,58,0,7,67,8,82,24,8,32,114
11/21/2015,GON,CT,ANE,EN,Federal Contract Tower,0,0,19,0,19,0,0,71,12,83,0,0,90,12,102,104,42,146,248
11/22/2015,GON,CT,ANE,EN,Federal Contract Tower,0,2,11,0,13,0,2,12,0,14,0,4,23,0,27,16,0,16,43
11/23/2015,GON,CT,ANE,EN,Federal Contract Tower,0,1,7,0,8,0,1,56,0,57,0,2,63,0,65,30,0,30,95
11/24/2015,GON,CT,ANE,EN,Federal Contract Tower,0,3,20,6,29,0,0,72,11,83,0,3,92,17,112,80,10,90,202
11/25/2015,GON,CT,ANE,EN,Federal Contract Tower,0,4,11,0,15,0,0,67,3,70,0,4,78,3,85,68,0,68,153
11/26/2015,GON,CT,ANE,EN,Federal Contract Tower,0,0,4,0,4,0,0,14,0,14,0,0,18,0,18,22,0,22,40
11/27/2015,GON,CT,ANE,EN,Federal Contract Tower,0,2,15,0,17,0,3,39,0,42,0,5,54,0,59,50,0,50,109
11/28/2015,GON,CT,ANE,EN,Federal Contract Tower,0,0,21,0,21,0,0,20,2,22,0,0,41,2,43,32,0,32,75
11/29/2015,GON,CT,ANE,EN,Federal Contract Tower,0,3,11,0,14,0,2,74,2,78,0,5,85,2,92,64,0,64,156
11/30/2015,GON,CT,ANE,EN,Federal Contract Tower,0,2,16,0,18,0,0,37,2,39,0,2,53,2,57,42,0,42,99
12/01/2015,GON,CT,ANE,EN,Federal Contract Tower,0,4,10,0,14,0,0,7,0,7,0,4,17,0,21,18,0,18,39
12/02/2015,GON,CT,ANE,EN,Federal Contract Tower,0,2,7,0,9,0,0,0,0,0,0,2,7,0,9,0,0,0,9
12/03/2015,GON,CT,ANE,EN,Federal Contract Tower,0,2,17,0,19,0,3,23,6,32,0,5,40,6,51,0,0,0,51
12/04/2015,GON,CT,ANE,EN,Federal Contract Tower,0,3,10,0,13,0,2,82,9,93,0,5,92,9,106,110,0,110,216
12/05/2015,GON,CT,ANE,EN,Federal Contract Tower,0,1,15,0,16,0,0,70,5,75,0,1,85,5,91,64,0,64,155
12/06/2015,GON,CT,ANE,EN,Federal Contract Tower,0,2,7,0,9,0,2,80,0,82,0,4,87,0,91,138,0,138,229
12/07/2015,GON,CT,ANE,EN,Federal Contract Tower,0,1,22,0,23,0,0,64,1,65,0,1,86,1,88,108,0,108,196
12/08/2015,GON,CT,ANE,EN,Federal Contract Tower,0,1,9,3,13,0,0,39,2,41,0,1,48,5,54,26,0,26,80
12/09/2015,GON,CT,ANE,EN,Federal Contract Tower,0,7,12,3,22,0,0,49,3,52,0,7,61,6,74,28,0,28,102
12/10/2015,GON,CT,ANE,EN,Federal Contract Tower,0,3,16,0,19,0,0,39,11,50,0,3,55,11,69,8,12,20,89
12/11/2015,GON,CT,ANE,EN,Federal Contract Tower,0,6,13,2,21,0,0,49,1,50,0,6,62,3,71,32,0,32,103
12/12/2015,GON,CT,ANE,EN,Federal Contract Tower,0,4,9,0,13,0,1,88,9,98,0,5,97,9,111,88,2,90,201
12/13/2015,GON,CT,ANE,EN,Federal Contract Tower,0,1,10,3,14,0,1,35,1,37,0,2,45,4,51,50,0,50,101
12/14/2015,GON,CT,ANE,EN,Federal Contract Tower,0,3,7,0,10,0,0,0,0,0,0,3,7,0,10,0,0,0,10
12/15/2015,GON,CT,ANE,EN,Federal Contract Tower,0,0,12,0,12,0,0,35,4,39,0,0,47,4,51,18,0,18,69
12/16/2015,GON,CT,ANE,EN,Federal Contract Tower,0,6,25,0,31,0,2,66,2,70,0,8,91,2,101,52,0,52,153
12/17/2015,GON,CT,ANE,EN,Federal Contract Tower,0,1,10,0,11,0,0,0,0,0,0,1,10,0,11,0,0,0,11
12/18/2015,GON,CT,ANE,EN,Federal Contract Tower,0,4,19,0,23,0,0,0,0,0,0,4,19,0,23,6,0,6,29
12/19/2015,GON,CT,ANE,EN,Federal Contract Tower,0,0,2,3,5,0,0,39,0,39,0,0,41,3,44,14,2,16,60
12/20/2015,GON,CT,ANE,EN,Federal Contract Tower,0,0,8,0,8,0,0,70,1,71,0,0,78,1,79,46,2,48,127
12/21/2015,GON,CT,ANE,EN,Federal Contract Tower,0,1,12,2,15,0,0,33,7,40,0,1,45,9,55,28,0,28,83
12/22/2015,GON,CT,ANE,EN,Federal Contract Tower,0,0,11,4,15,0,0,5,0,5,0,0,16,4,20,24,0,24,44
12/23/2015,GON,CT,ANE,EN,Federal Contract Tower,0,2,11,2,15,0,0,12,0,12,0,2,23,2,27,18,0,18,45
12/24/2015,GON,CT,ANE,EN,Federal Contract Tower,0,2,8,0,10,0,1,3,0,4,0,3,11,0,14,0,0,0,14
12/25/2015,GON,CT,ANE,EN,Federal Contract Tower,0,1,1,0,2,0,0,12,0,12,0,1,13,0,14,0,0,0,14
12/26/2015,GON,CT,ANE,EN,Federal Contract Tower,0,0,11,0,11,0,0,39,0,39,0,0,50,0,50,20,0,20,70
12/27/2015,GON,CT,ANE,EN,Federal Contract Tower,0,0,17,0,17,0,0,3,0,3,0,0,20,0,20,0,0,0,20
12/28/2015,GON,CT,ANE,EN,Federal Contract Tower,0,4,12,1,17,0,0,48,3,51,0,4,60,4,68,12,4,16,84
12/29/2015,GON,CT,ANE,EN,Federal Contract Tower,0,1,1,0,2,0,0,0,0,0,0,1,1,0,2,0,0,0,2
12/30/2015,GON,CT,ANE,EN,Federal Contract Tower,0,0,12,0,12,0,0,0,0,0,0,0,12,0,12,0,0,0,12
12/31/2015,GON,CT,ANE,EN,Federal Contract Tower,0,1,20,0,21,0,0,46,6,52,0,1,66,6,73,28,16,44,117
01/01/2016,GON,CT,ANE,EN,Federal Contract Tower,0,3,5,0,8,0,0,20,0,20,0,3,25,0,28,20,0,20,48
01/02/2016,GON,CT,ANE,EN,Federal Contract Tower,0,1,11,0,12,0,0,43,0,43,0,1,54,0,55,22,0,22,77
01/03/2016,GON,CT,ANE,EN,Federal Contract Tower,0,0,2,0,2,0,0,32,0,32,0,0,34,0,34,8,0,8,42
01/04/2016,GON,CT,ANE,EN,Federal Contract Tower,0,3,9,0,12,0,0,11,0,11,0,3,20,0,23,4,0,4,27
01/05/2016,GON,CT,ANE,EN,Federal Contract Tower,0,0,5,0,5,0,0,25,0,25,0,0,30,0,30,14,0,14,44
01/06/2016,GON,CT,ANE,EN,Federal Contract Tower,0,2,10,8,20,0,0,92,4,96,0,2,102,12,116,42,18,60,176
01/07/2016,GON,CT,ANE,EN,Federal Contract Tower,0,4,6,2,12,0,0,71,3,74,0,4,77,5,86,26,6,32,118
01/08/2016,GON,CT,ANE,EN,Federal Contract Tower,0,6,10,0,16,0,0,54,0,54,0,6,64,0,70,28,2,30,100
01/09/2016,GON,CT,ANE,EN,Federal Contract Tower,0,0,6,2,8,0,0,34,0,34,0,0,40,2,42,56,4,60,102
01/10/2016,GON,CT,ANE,EN,Federal Contract Tower,0,0,7,0,7,0,0,0,0,0,0,0,7,0,7,0,0,0,7
01/11/2016,GON,CT,ANE,EN,Federal Contract Tower,0,3,7,0,10,0,0,32,3,35,0,3,39,3,45,16,0,16,61
01/12/2016,GON,CT,ANE,EN,Federal Contract Tower,0,0,7,1,8,0,0,31,0,31,0,0,38,1,39,24,0,24,63
01/13/2016,GON,CT,ANE,EN,Federal Contract Tower,0,2,6,0,8,0,0,26,1,27,0,2,32,1,35,2,6,8,43
01/14/2016,GON,CT,ANE,EN,Federal Contract Tower,0,3,15,0,18,0,0,59,7,66,0,3,74,7,84,52,12,64,148
01/15/2016,GON,CT,ANE,EN,Federal Contract Tower,0,6,12,2,20,0,0,48,0,48,0,6,60,2,68,46,0,46,114
01/16/2016,GON,CT,ANE,EN,Federal Contract Tower,0,1,3,0,4,0,0,28,0,28,0,1,31,0,32,54,0,54,86
01/17/2016,GON,CT,ANE,EN,Federal Contract Tower,0,0,14,1,15,0,0,57,1,58,0,0,71,2,73,94,0,94,167
01/18/2016,GON,CT,ANE,EN,Federal Contract Tower,0,0,5,0,5,0,0,4,0,4,0,0,9,0,9,0,0,0,9
01/19/2016,GON,CT,ANE,EN,Federal Contract Tower,0,1,1,0,2,0,0,12,2,14,0,1,13,2,16,6,0,6,22
01/20/2016,GON,CT,ANE,EN,Federal Contract Tower,0,3,14,0,17,0,0,50,3,53,0,3,64,3,70,26,0,26,96
01/21/2016,GON,CT,ANE,EN,Federal Contract Tower,0,5,6,0,11,0,0,56,2,58,0,5,62,2,69,6,4,10,79
01/22/2016,GON,CT,ANE,EN,Federal Contract Tower,0,3,3,0,6,0,0,68,2,70,0,3,71,2,76,62,10,72,148
01/23/2016,GON,CT,ANE,EN,Federal Contract Tower,0,1,0,0,1,0,0,0,0,0,0,1,0,0,1,0,0,0,1
01/24/2016,GON,CT,ANE,EN,Federal Contract Tower,0,0,1,0,1,0,0,21,0,21,0,0,22,0,22,20,0,20,42
01/25/2016,GON,CT,ANE,EN,Federal Contract Tower,0,3,7,0,10,0,0,29,1,30,0,3,36,1,40,8,0,8,48
01/26/2016,GON,CT,ANE,EN,Federal Contract Tower,0,2,5,1,8,0,0,23,6,29,0,2,28,7,37,24,0,24,61
01/27/2016,GON,CT,ANE,EN,Federal Contract Tower,0,5,5,0,10,0,2,45,2,49,0,7,50,2,59,60,2,62,121
01/28/2016,GON,CT,ANE,EN,Federal Contract Tower,0,2,5,3,10,0,0,42,5,47,0,2,47,8,57,16,0,16,73
01/29/2016,GON,CT,ANE,EN,Federal Contract Tower,0,5,16,0,21,0,0,50,0,50,0,5,66,0,71,42,0,42,113
01/30/2016,GON,CT,ANE,EN,Federal Contract Tower,0,0,12,2,14,0,0,100,7,107,0,0,112,9,121,90,16,106,227
01/31/2016,GON,CT,ANE,EN,Federal Contract Tower,0,1,6,0,7,0,0,75,0,75,0,1,81,0,82,60,0,60,142
02/01/2016,GON,CT,ANE,EN,Federal Contract Tower,0,1,9,0,10,0,0,31,1,32,0,1,40,1,42,20,0,20,62
02/02/2016,GON,CT,ANE,EN,Federal Contract Tower,0,1,6,0,7,0,0,93,1,94,0,1,99,1,101,28,0,28,129
02/03/2016,GON,CT,ANE,EN,Federal Contract Tower,0,3,4,0,7,0,0,2,0,2,0,3,6,0,9,0,0,0,9
02/04/2016,GON,CT,ANE,EN,Federal Contract Tower,0,3,13,2,18,0,0,15,6,21,0,3,28,8,39,16,0,16,55
02/05/2016,GON,CT,ANE,EN,Federal Contract Tower,0,4,2,0,6,0,0,0,0,0,0,4,2,0,6,0,0,0,6
02/06/2016,GON,CT,ANE,EN,Federal Contract Tower,0,2,10,0,12,0,1,70,2,73,0,3,80,2,85,28,0,28,113
02/07/2016,GON,CT,ANE,EN,Federal Contract Tower,0,1,15,0,16,0,0,79,3,82,0,1,94,3,98,54,2,56,154
02/08/2016,GON,CT,ANE,EN,Federal Contract Tower,0,0,3,0,3,0,0,0,0,0,0,0,3,0,3,0,0,0,3
02/09/2016,GON,CT,ANE,EN,Federal Contract Tower,0,0,2,2,4,0,0,17,0,17,0,0,19,2,21,2,0,2,23
02/10/2016,GON,CT,ANE,EN,Federal Contract Tower,0,7,13,2,22,0,1,16,4,21,0,8,29,6,43,24,8,32,75
02/11/2016,GON,CT,ANE,EN,Federal Contract Tower,1,1,9,0,11,0,1,12,0,13,1,2,21,0,24,10,0,10,34
02/12/2016,GON,CT,ANE,EN,Federal Contract Tower,0,3,13,0,16,0,0,60,0,60,0,3,73,0,76,54,0,54,130
02/13/2016,GON,CT,ANE,EN,Federal Contract Tower,0,0,1,0,1,0,0,2,0,2,0,0,3,0,3,10,0,10,13
02/14/2016,GON,CT,ANE,EN,Federal Contract Tower,0,0,5,0,5,0,0,28,0,28,0,0,33,0,33,32,0,32,65
02/15/2016,GON,CT,ANE,EN,Federal Contract Tower,0,1,12,0,13,0,0,16,0,16,0,1,28,0,29,56,0,56,85
02/16/2016,GON,CT,ANE,EN,Federal Contract Tower,0,4,1,0,5,0,0,0,0,0,0,4,1,0,5,0,0,0,5
02/17/2016,GON,CT,ANE,EN,Federal Contract Tower,0,9,13,2,24,0,0,47,4,51,0,9,60,6,75,50,0,50,125
02/18/2016,GON,CT,ANE,EN,Federal Contract Tower,0,3,2,5,10,0,2,54,3,59,0,5,56,8,69,12,0,12,81
02/19/2016,GON,CT,ANE,EN,Federal Contract Tower,0,6,8,1,15,0,0,71,0,71,0,6,79,1,86,36,2,38,124
02/20/2016,GON,CT,ANE,EN,Federal Contract Tower,0,3,8,1,12,0,0,75,4,79,0,3,83,5,91,98,0,98,189
02/21/2016,GON,CT,ANE,EN,Federal Contract Tower,0,1,8,0,9,0,0,114,0,114,0,1,122,0,123,64,0,64,187
02/22/2016,GON,CT,ANE,EN,Federal Contract Tower,0,2,14,0,16,0,0,60,0,60,0,2,74,0,76,10,0,10,86
02/23/2016,GON,CT,ANE,EN,Federal Contract Tower,0,1,3,1,5,0,0,0,0,0,0,1,3,1,5,0,2,2,7
02/24/2016,GON,CT,ANE,EN,Federal Contract Tower,0,3,12,0,15,0,0,0,0,0,0,3,12,0,15,0,0,0,15
02/25/2016,GON,CT,ANE,EN,Federal Contract Tower,0,4,5,6,15,0,0,8,4,12,0,4,13,10,27,4,6,10,37
02/26/2016,GON,CT,ANE,EN,Federal Contract Tower,0,6,4,2,12,0,0,36,5,41,0,6,40,7,53,12,8,20,73
02/27/2016,GON,CT,ANE,EN,Federal Contract Tower,0,3,15,0,18,0,1,74,0,75,0,4,89,0,93,40,0,40,133
02/28/2016,GON,CT,ANE,EN,Federal Contract Tower,0,2,16,0,18,0,2,88,1,91,0,4,104,1,109,76,0,76,185
02/29/2016,GON,CT,ANE,EN,Federal Contract Tower,0,2,11,1,14,0,0,28,2,30,0,2,39,3,44,6,0,6,50
03/01/2016,GON,CT,ANE,EN,Federal Contract Tower,0,4,14,2,20,0,0,83,7,90,0,4,97,9,110,10,14,24,134
03/02/2016,GON,CT,ANE,EN,Federal Contract Tower,0,2,8,3,13,0,0,5,3,8,0,2,13,6,21,0,22,22,43
03/03/2016,GON,CT,ANE,EN,Federal Contract Tower,0,1,11,1,13,0,0,52,7,59,0,1,63,8,72,28,0,28,100
03/04/2016,GON,CT,ANE,EN,Federal Contract Tower,0,3,11,8,22,0,0,6,0,6,0,3,17,8,28,4,0,4,32
03/05/2016,GON,CT,ANE,EN,Federal Contract Tower,0,0,12,0,12,0,1,82,4,87,0,1,94,4,99,34,0,34,133
03/06/2016,GON,CT,ANE,EN,Federal Contract Tower,0,0,9,0,9,0,2,78,1,81,0,2,87,1,90,48,0,48,138
03/07/2016,GON,CT,ANE,EN,Federal Contract Tower,0,2,8,0,10,0,0,25,7,32,0,2,33,7,42,4,10,14,56
03/08/2016,GON,CT,ANE,EN,Federal Contract Tower,0,1,8,1,10,0,2,59,1,62,0,3,67,2,72,44,0,44,116
03/09/2016,GON,CT,ANE,EN,Federal Contract Tower,0,2,12,0,14,0,0,83,7,90,0,2,95,7,104,42,16,58,162
03/10/2016,GON,CT,ANE,EN,Federal Contract Tower,0,1,17,2,20,0,0,49,8,57,0,1,66,10,77,36,16,52,129
03/11/2016,GON,CT,ANE,EN,Federal Contract Tower,0,4,14,0,18,0,0,53,5,58,0,4,67,5,76,52,0,52,128
03/12/2016,GON,CT,ANE,EN,Federal Contract Tower,0,0,5,0,5,0,0,75,0,75,0,0,80,0,80,84,0,84,164
03/13/2016,GON,CT,ANE,EN,Federal Contract Tower,0,0,8,0,8,0,0,62,6,68,0,0,70,6,76,48,0,48,124
03/14/2016,GON,CT,ANE,EN,Federal Contract Tower,0,0,17,1,18,0,0,2,1,3,0,0,19,2,21,2,0,2,23
03/15/2016,GON,CT,ANE,EN,Federal Contract Tower,0,5,20,2,27,0,0,4,0,4,0,5,24,2,31,0,0,0,31
03/16/2016,GON,CT,ANE,EN,Federal Contract Tower,0,1,15,4,20,0,0,53,7,60,0,1,68,11,80,28,8,36,116
03/17/2016,GON,CT,ANE,EN,Federal Contract Tower,0,0,15,0,15,0,0,37,9,46,0,0,52,9,61,14,2,16,77
03/18/2016,GON,CT,ANE,EN,Federal Contract Tower,0,5,12,0,17,0,0,40,6,46,0,5,52,6,63,10,22,32,95
03/19/2016,GON,CT,ANE,EN,Federal Contract Tower,0,0,9,0,9,0,0,102,10,112,0,0,111,10,121,64,12,76,197
03/20/2016,GON,CT,ANE,EN,Federal Contract Tower,0,0,7,0,7,0,0,31,0,31,0,0,38,0,38,34,0,34,72
03/21/2016,GON,CT,ANE,EN,Federal Contract Tower,0,0,10,0,10,0,0,12,4,16,0,0,22,4,26,8,0,8,34
03/22/2016,GON,CT,ANE,EN,Federal Contract Tower,0,2,10,2,14,0,0,53,4,57,0,2,63,6,71,12,0,12,83
03/23/2016,GON,CT,ANE,EN,Federal Contract Tower,0,3,22,3,28,0,0,76,15,91,0,3,98,18,119,28,26,54,173
03/24/2016,GON,CT,ANE,EN,Federal Contract Tower,0,3,14,1,18,0,0,34,0,34,0,3,48,1,52,14,0,14,66
03/25/2016,GON,CT,ANE,EN,Federal Contract Tower,0,3,1,2,6,0,0,0,0,0,0,3,1,2,6,0,2,2,8
03/26/2016,GON,CT,ANE,EN,Federal Contract Tower,0,2,10,0,12,0,0,84,0,84,0,2,94,0,96,98,0,98,194
03/27/2016,GON,CT,ANE,EN,Federal Contract Tower,0,0,16,0,16,0,0,40,0,40,0,0,56,0,56,54,0,54,110
03/28/2016,GON,CT,ANE,EN,Federal Contract Tower,0,2,15,0,17,0,0,2,0,2,0,2,17,0,19,0,0,0,19
03/29/2016,GON,CT,ANE,EN,Federal Contract Tower,0,3,5,0,8,0,0,8,0,8,0,3,13,0,16,0,6,6,22
03/30/2016,GON,CT,ANE,EN,Federal Contract Tower,0,2,19,8,29,0,0,112,6,118,0,2,131,14,147,50,0,50,197
03/31/2016,GON,CT,ANE,EN,Federal Contract Tower,0,2,8,4,14,0,0,0,0,0,0,2,8,4,14,2,0,2,16
04/01/2016,GON,CT,ANE,EN,Federal Contract Tower,0,1,6,0,7,0,0,0,0,0,0,1,6,0,7,0,0,0,7
04/02/2016,GON,CT,ANE,EN,Federal Contract Tower,0,8,13,0,21,0,0,4,0,4,0,8,17,0,25,0,0,0,25
04/03/2016,GON,CT,ANE,EN,Federal Contract Tower,0,0,3,0,3,0,0,3,0,3,0,0,6,0,6,0,0,0,6
04/04/2016,GON,CT,ANE,EN,Federal Contract Tower,0,0,9,0,9,0,0,0,0,0,0,0,9,0,9,0,0,0,9
04/05/2016,GON,CT,ANE,EN,Federal Contract Tower,0,1,9,0,10,0,0,44,4,48,0,1,53,4,58,22,0,22,80
04/06/2016,GON,CT,ANE,EN,Federal Contract Tower,0,2,17,5,24,0,0,55,14,69,0,2,72,19,93,14,8,22,115
04/07/2016,GON,CT,ANE,EN,Federal Contract Tower,0,1,11,4,16,0,0,3,0,3,0,1,14,4,19,0,0,0,19
04/08/2016,GON,CT,ANE,EN,Federal Contract Tower,0,7,23,3,33,0,0,30,0,30,0,7,53,3,63,26,0,26,89
04/09/2016,GON,CT,ANE,EN,Federal Contract Tower,0,3,5,3,11,0,0,57,0,57,0,3,62,3,68,224,0,224,292
04/10/2016,GON,CT,ANE,EN,Federal Contract Tower,0,2,13,1,16,0,4,75,1,80,0,6,88,2,96,64,0,64,160
04/11/2016,GON,CT,ANE,EN,Federal Contract Tower,0,0,16,0,16,0,0,19,0,19,0,0,35,0,35,16,0,16,51
04/12/2016,GON,CT,ANE,EN,Federal Contract Tower,0,3,19,2,24,0,0,12,1,13,0,3,31,3,37,0,0,0,37
04/13/2016,GON,CT,ANE,EN,Federal Contract Tower,0,5,4,2,11,0,1,77,5,83,0,6,81,7,94,34,0,34,128
04/14/2016,GON,CT,ANE,EN,Federal Contract Tower,0,5,12,4,21,0,2,47,7,56,0,7,59,11,77,54,0,54,131
04/15/2016,GON,CT,ANE,EN,Federal Contract Tower,0,3,13,0,16,0,0,55,7,62,0,3,68,7,78,40,0,40,118
04/16/2016,GON,CT,ANE,EN,Federal Contract Tower,0,3,6,0,9,0,0,35,6,41,0,3,41,6,50,24,10,34,84
04/17/2016,GON,CT,ANE,EN,Federal Contract Tower,0,2,8,0,10,0,0,121,4,125,0,2,129,4,135,52,2,54,189
04/18/2016,GON,CT,ANE,EN,Federal Contract Tower,0,1,13,2,16,0,0,69,2,71,0,1,82,4,87,66,2,68,155
04/19/2016,GON,CT,ANE,EN,Federal Contract Tower,0,2,10,2,14,0,0,34,3,37,0,2,44,5,51,22,0,22,73
04/20/2016,GON,CT,ANE,EN,Federal Contract Tower,0,9,9,0,18,0,0,65,4,69,0,9,74,4,87,72,14,86,173
04/21/2016,GON,CT,ANE,EN,Federal Contract Tower,0,4,28,5,37,0,2,104,5,111,0,6,132,10,148,34,2,36,184
04/22/2016,GON,CT,ANE,EN,Federal Contract Tower,0,4,17,5,26,0,0,31,2,33,0,4,48,7,59,30,0,30,89
04/23/2016,GON,CT,ANE,EN,Federal Contract Tower,0,3,29,0,32,0,0,30,0,30,0,3,59,0,62,24,0,24,86
04/24/2016,GON,CT,ANE,EN,Federal Contract Tower,0,4,8,0,12,0,1,71,4,76,0,5,79,4,88,26,0,26,114
04/25/2016,GON,CT,ANE,EN,Federal Contract Tower,0,2,11,0,13,0,3,71,0,74,0,5,82,0,87,40,0,40,127
04/26/2016,GON,CT,ANE,EN,Federal Contract Tower,0,2,22,5,29,0,0,5,2,7,0,2,27,7,36,0,2,2,38
04/27/2016,GON,CT,ANE,EN,Federal Contract Tower,0,3,7,2,12,0,3,53,0,56,0,6,60,2,68,22,0,22,90
04/28/2016,GON,CT,ANE,EN,Federal Contract Tower,0,2,16,2,20,0,0,72,3,75,0,2,88,5,95,14,0,14,109
04/29/2016,GON,CT,ANE,EN,Federal Contract Tower,0,7,5,0,12,0,0,46,2,48,0,7,51,2,60,50,0,50,110
04/30/2016,GON,CT,ANE,EN,Federal Contract Tower,0,4,10,0,14,0,0,86,2,88,0,4,96,2,102,62,0,62,164
05/01/2016,GON,CT,ANE,EN,Federal Contract Tower,0,2,14,0,16,0,2,12,0,14,0,4,26,0,30,12,0,12,42
05/02/2016,GON,CT,ANE,EN,Federal Contract Tower,0,8,18,2,28,0,0,1,0,1,0,8,19,2,29,0,0,0,29
05/03/2016,GON,CT,ANE,EN,Federal Contract Tower,0,1,15,2,18,0,0,1,0,1,0,1,16,2,19,0,0,0,19
05/04/2016,GON,CT,ANE,EN,Federal Contract Tower,0,2,17,10,29,0,1,9,0,10,0,3,26,10,39,30,0,30,69
05/05/2016,GON,CT,ANE,EN,Federal Contract Tower,0,7,14,2,23,0,0,1,2,3,0,7,15,4,26,0,0,0,26
05/06/2016,GON,CT,ANE,EN,Federal Contract Tower,0,10,12,2,24,0,0,8,0,8,0,10,20,2,32,2,0,2,34
05/07/2016,GON,CT,ANE,EN,Federal Contract Tower,0,6,18,0,24,0,0,5,0,5,0,6,23,0,29,4,0,4,33
05/08/2016,GON,CT,ANE,EN,Federal Contract Tower,0,9,4,0,13,0,0,11,0,11,0,9,15,0,24,12,0,12,36
05/09/2016,GON,CT,ANE,EN,Federal Contract Tower,0,2,7,0,9,0,2,58,0,60,0,4,65,0,69,36,0,36,105
05/10/2016,GON,CT,ANE,EN,Federal Contract Tower,0,5,8,4,17,0,0,0,1,1,0,5,8,5,18,68,10,78,96
05/12/2016,GON,CT,ANE,EN,Federal Contract Tower,0,6,24,0,30,0,1,86,7,94,0,7,110,7,124,90,12,102,226
05/13/2016,GON,CT,ANE,EN,Federal Contract Tower,0,9,19,0,28,0,0,3,0,3,0,9,22,0,31,2,0,2,33
05/14/2016,GON,CT,ANE,EN,Federal Contract Tower,0,3,27,0,30,0,2,112,9,123,0,5,139,9,153,82,0,82,235
05/15/2016,GON,CT,ANE,EN,Federal Contract Tower,0,2,7,0,9,0,0,33,0,33,0,2,40,0,42,14,0,14,56
05/16/2016,GON,CT,ANE,EN,Federal Contract Tower,0,6,7,0,13,0,2,15,0,17,0,8,22,0,30,14,0,14,44
05/17/2016,GON,CT,ANE,EN,Federal Contract Tower,0,1,19,0,20,0,0,39,3,42,0,1,58,3,62,40,4,44,106
05/18/2016,GON,CT,ANE,EN,Federal Contract Tower,0,5,24,5,34,0,0,0,0,0,0,5,24,5,34,100,6,106,140
05/19/2016,GON,CT,ANE,EN,Federal Contract Tower,0,9,16,3,28,0,0,74,13,87,0,9,90,16,115,40,4,44,159
05/20/2016,GON,CT,ANE,EN,Federal Contract Tower,0,9,9,0,18,0,0,96,5,101,0,9,105,5,119,52,0,52,171
05/21/2016,GON,CT,ANE,EN,Federal Contract Tower,0,1,14,0,15,0,0,50,7,57,0,1,64,7,72,62,4,66,138
05/22/2016,GON,CT,ANE,EN,Federal Contract Tower,0,7,19,2,28,0,0,45,1,46,0,7,64,3,74,46,4,50,124
05/23/2016,GON,CT,ANE,EN,Federal Contract Tower,0,2,9,1,12,0,1,61,0,62,0,3,70,1,74,64,0,64,138
05/24/2016,GON,CT,ANE,EN,Federal Contract Tower,0,7,15,1,23,0,0,9,0,9,0,7,24,1,32,0,0,0,32
05/25/2016,GON,CT,ANE,EN,Federal Contract Tower,0,3,37,2,42,0,3,96,7,106,0,6,133,9,148,70,6,76,224
05/26/2016,GON,CT,ANE,EN,Federal Contract Tower,0,6,18,0,24,0,0,85,8,93,0,6,103,8,117,88,0,88,205
05/27/2016,GON,CT,ANE,EN,Federal Contract Tower,0,8,21,0,29,0,1,63,2,66,0,9,84,2,95,50,0,50,145
05/28/2016,GON,CT,ANE,EN,Federal Contract Tower,0,3,7,2,12,0,3,85,6,94,0,6,92,8,106,36,0,36,142
05/29/2016,GON,CT,ANE,EN,Federal Contract Tower,0,0,14,0,14,0,2,41,0,43,0,2,55,0,57,36,0,36,93
05/30/2016,GON,CT,ANE,EN,Federal Contract Tower,0,14,27,0,41,0,0,0,0,0,0,14,27,0,41,0,0,0,41
05/31/2016,GON,CT,ANE,EN,Federal Contract Tower,0,7,12,1,20,0,1,38,11,50,0,8,50,12,70,26,0,26,96
06/01/2016,GON,CT,ANE,EN,Federal Contract Tower,0,14,27,2,43,0,2,54,8,64,0,16,81,10,107,34,0,34,141
06/02/2016,GON,CT,ANE,EN,Federal Contract Tower,0,9,19,2,30,0,1,59,0,60,0,10,78,2,90,24,0,24,114
06/03/2016,GON,CT,ANE,EN,Federal Contract Tower,0,5,22,0,27,0,0,3,0,3,0,5,25,0,30,0,0,0,30
06/04/2016,GON,CT,ANE,EN,Federal Contract Tower,0,1,20,0,21,0,0,77,2,79,0,1,97,2,100,38,0,38,138
06/05/2016,GON,CT,ANE,EN,Federal Contract Tower,0,8,24,0,32,0,0,1,0,1,0,8,25,0,33,2,0,2,35
06/06/2016,GON,CT,ANE,EN,Federal Contract Tower,0,5,16,0,21,0,2,53,2,57,0,7,69,2,78,22,0,22,100
06/07/2016,GON,CT,ANE,EN,Federal Contract Tower,0,6,21,5,32,0,1,56,15,72,0,7,77,20,104,70,6,76,180
06/08/2016,GON,CT,ANE,EN,Federal Contract Tower,0,6,18,2,26,0,1,34,3,38,0,7,52,5,64,34,12,46,110
06/09/2016,GON,CT,ANE,EN,Federal Contract Tower,0,2,10,0,12,0,0,0,0,0,0,2,10,0,12,2,10,12,24
06/10/2016,GON,CT,ANE,EN,Federal Contract Tower,0,15,6,1,22,0,4,107,9,120,0,19,113,10,142,40,0,40,182
06/11/2016,GON,CT,ANE,EN,Federal Contract Tower,0,4,23,0,27,0,1,52,0,53,0,5,75,0,80,48,0,48,128
06/12/2016,GON,CT,ANE,EN,Federal Contract Tower,0,3,18,0,21,0,3,66,6,75,0,6,84,6,96,36,0,36,132
06/13/2016,GON,CT,ANE,EN,Federal Contract Tower,0,4,14,2,20,0,0,42,4,46,0,4,56,6,66,10,8,18,84
06/14/2016,GON,CT,ANE,EN,Federal Contract Tower,0,3,7,1,11,0,4,68,7,79,0,7,75,8,90,26,6,32,122
06/15/2016,GON,CT,ANE,EN,Federal Contract Tower,0,5,21,3,29,0,1,87,7,95,0,6,108,10,124,96,6,102,226
06/16/2016,GON,CT,ANE,EN,Federal Contract Tower,0,1,24,2,27,0,6,102,7,115,0,7,126,9,142,70,0,70,212
06/17/2016,GON,CT,ANE,EN,Federal Contract Tower,0,7,17,2,26,0,3,129,1,133,0,10,146,3,159,94,0,94,253
06/18/2016,GON,CT,ANE,EN,Federal Contract Tower,0,0,10,1,11,0,1,97,0,98,0,1,107,1,109,34,0,34,143
06/19/2016,GON,CT,ANE,EN,Federal Contract Tower,0,4,5,0,9,0,2,77,0,79,0,6,82,0,88,32,0,32,120
06/20/2016,GON,CT,ANE,EN,Federal Contract Tower,0,0,21,0,21,0,2,63,6,71,0,2,84,6,92,48,0,48,140
06/21/2016,GON,CT,ANE,EN,Federal Contract Tower,0,1,16,2,19,0,2,36,3,41,0,3,52,5,60,50,0,50,110
06/22/2016,GON,CT,ANE,EN,Federal Contract Tower,0,6,14,3,23,0,2,104,3,109,0,8,118,6,132,56,0,56,188
06/23/2016,GON,CT,ANE,EN,Federal Contract Tower,0,7,22,0,29,0,3,50,8,61,0,10,72,8,90,32,8,40,130
06/24/2016,GON,CT,ANE,EN,Federal Contract Tower,0,12,31,0,43,0,5,123,0,128,0,17,154,0,171,78,2,80,251
06/25/2016,GON,CT,ANE,EN,Federal Contract Tower,0,3,25,0,28,0,2,110,0,112,0,5,135,0,140,80,0,80,220
06/26/2016,GON,CT,ANE,EN,Federal Contract Tower,0,14,21,0,35,0,1,93,2,96,0,15,114,2,131,32,0,32,163
06/27/2016,GON,CT,ANE,EN,Federal Contract Tower,0,5,12,0,17,0,0,74,5,79,0,5,86,5,96,48,0,48,144
06/28/2016,GON,CT,ANE,EN,Federal Contract Tower,0,1,13,9,23,0,0,2,0,2,0,1,15,9,25,4,4,8,33
06/29/2016,GON,CT,ANE,EN,Federal Contract Tower,0,8,27,2,37,0,3,55,2,60,0,11,82,4,97,54,0,54,151
06/30/2016,GON,CT,ANE,EN,Federal Contract Tower,0,4,23,4,31,0,4,108,5,117,0,8,131,9,148,42,0,42,190
07/01/2016,GON,CT,ANE,EN,Federal Contract Tower,2,6,27,0,35,0,2,50,1,53,2,8,77,1,88,50,0,50,138
07/02/2016,GON,CT,ANE,EN,Federal Contract Tower,0,9,11,0,20,0,1,69,1,71,0,10,80,1,91,44,0,44,135
07/03/2016,GON,CT,ANE,EN,Federal Contract Tower,0,0,9,0,9,0,0,78,0,78,0,0,87,0,87,36,0,36,123
07/04/2016,GON,CT,ANE,EN,Federal Contract Tower,0,2,8,0,10,0,2,69,2,73,0,4,77,2,83,14,0,14,97
07/05/2016,GON,CT,ANE,EN,Federal Contract Tower,0,10,23,4,37,0,1,22,4,27,0,11,45,8,64,50,0,50,114
07/06/2016,GON,CT,ANE,EN,Federal Contract Tower,0,4,27,4,35,0,4,92,12,108,0,8,119,16,143,76,0,76,219
07/07/2016,GON,CT,ANE,EN,Federal Contract Tower,0,6,15,2,23,0,3,8,4,15,0,9,23,6,38,0,0,0,38
07/08/2016,GON,CT,ANE,EN,Federal Contract Tower,0,7,31,0,38,0,1,14,6,21,0,8,45,6,59,12,2,14,73
07/09/2016,GON,CT,ANE,EN,Federal Contract Tower,0,5,24,4,33,0,2,7,0,9,0,7,31,4,42,2,0,2,44
07/10/2016,GON,CT,ANE,EN,Federal Contract Tower,0,6,36,1,43,0,3,18,0,21,0,9,54,1,64,22,0,22,86
07/11/2016,GON,CT,ANE,EN,Federal Contract Tower,0,1,21,0,22,0,1,50,3,54,0,2,71,3,76,62,6,68,144
07/12/2016,GON,CT,ANE,EN,Federal Contract Tower,0,5,15,3,23,0,4,104,6,114,0,9,119,9,137,58,0,58,195
07/13/2016,GON,CT,ANE,EN,Federal Contract Tower,0,2,29,2,33,0,2,75,1,78,0,4,104,3,111,20,0,20,131
07/14/2016,GON,CT,ANE,EN,Federal Contract Tower,0,8,26,2,36,0,1,4,0,5,0,9,30,2,41,16,0,16,57
07/15/2016,GON,CT,ANE,EN,Federal Contract Tower,0,7,27,0,34,0,3,71,3,77,0,10,98,3,111,48,0,48,159
07/16/2016,GON,CT,ANE,EN,Federal Contract Tower,0,6,9,0,15,0,1,93,0,94,0,7,102,0,109,54,6,60,169
07/17/2016,GON,CT,ANE,EN,Federal Contract Tower,0,7,23,0,30,0,2,72,0,74,0,9,95,0,104,74,2,76,180
07/18/2016,GON,CT,ANE,EN,Federal Contract Tower,0,1,18,2,21,0,4,58,4,66,0,5,76,6,87,18,0,18,105
07/19/2016,GON,CT,ANE,EN,Federal Contract Tower,0,3,16,2,21,0,3,63,1,67,0,6,79,3,88,34,0,34,122
07/20/2016,GON,CT,ANE,EN,Federal Contract Tower,0,9,23,1,33,0,7,109,2,118,0,16,132,3,151,38,0,38,189
07/21/2016,GON,CT,ANE,EN,Federal Contract Tower,0,6,27,2,35,0,4,88,4,96,0,10,115,6,131,64,4,68,199
07/22/2016,GON,CT,ANE,EN,Federal Contract Tower,0,5,26,1,32,0,4,89,7,100,0,9,115,8,132,74,0,74,206
07/23/2016,GON,CT,ANE,EN,Federal Contract Tower,0,0,8,5,13,0,2,75,12,89,0,2,83,17,102,62,6,68,170
07/24/2016,GON,CT,ANE,EN,Federal Contract Tower,0,8,19,0,27,0,3,93,2,98,0,11,112,2,125,42,14,56,181
07/25/2016,GON,CT,ANE,EN,Federal Contract Tower,0,2,17,0,19,0,3,36,8,47,0,5,53,8,66,26,0,26,92
07/26/2016,GON,CT,ANE,EN,Federal Contract Tower,0,3,19,2,24,0,1,53,3,57,0,4,72,5,81,36,0,36,117
07/27/2016,GON,CT,ANE,EN,Federal Contract Tower,0,4,30,1,35,0,0,87,3,90,0,4,117,4,125,64,0,64,189
07/28/2016,GON,CT,ANE,EN,Federal Contract Tower,0,1,27,4,32,0,2,47,7,56,0,3,74,11,88,36,8,44,132
07/29/2016,GON,CT,ANE,EN,Federal Contract Tower,0,6,22,2,30,0,4,27,0,31,0,10,49,2,61,10,4,14,75
07/30/2016,GON,CT,ANE,EN,Federal Contract Tower,0,2,9,0,11,0,0,90,5,95,0,2,99,5,106,58,6,64,170
07/31/2016,GON,CT,ANE,EN,Federal Contract Tower,0,7,39,2,48,0,2,24,0,26,0,9,63,2,74,22,0,22,96
08/01/2016,GON,CT,ANE,EN,Federal Contract Tower,0,1,20,2,23,0,2,47,1,50,0,3,67,3,73,64,0,64,137
08/02/2016,GON,CT,ANE,EN,Federal Contract Tower,0,4,30,0,34,0,2,58,5,65,0,6,88,5,99,46,0,46,145
08/03/2016,GON,CT,ANE,EN,Federal Contract Tower,0,9,25,0,34,0,1,94,0,95,0,10,119,0,129,52,0,52,181
08/04/2016,GON,CT,ANE,EN,Federal Contract Tower,0,5,32,2,39,0,3,89,1,93,0,8,121,3,132,40,0,40,172
08/05/2016,GON,CT,ANE,EN,Federal Contract Tower,0,7,18,0,25,0,3,76,2,81,0,10,94,2,106,22,4,26,132
08/06/2016,GON,CT,ANE,EN,Federal Contract Tower,0,0,18,0,18,0,3,30,2,35,0,3,48,2,53,36,0,36,89
08/07/2016,GON,CT,ANE,EN,Federal Contract Tower,0,6,17,0,23,0,5,103,59,167,0,11,120,59,190,68,4,72,262
08/08/2016,GON,CT,ANE,EN,Federal Contract Tower,0,4,25,1,30,0,3,72,9,84,0,7,97,10,114,38,2,40,154
08/09/2016,GON,CT,ANE,EN,Federal Contract Tower,0,3,16,2,21,0,9,84,5,98,0,12,100,7,119,64,2,66,185
08/10/2016,GON,CT,ANE,EN,Federal Contract Tower,0,9,19,1,29,0,3,6,0,9,0,12,25,1,38,10,0,10,48
08/11/2016,GON,CT,ANE,EN,Federal Contract Tower,0,3,14,0,17,0,3,48,2,53,0,6,62,2,70,54,0,54,124
08/12/2016,GON,CT,ANE,EN,Federal Contract Tower,0,7,17,0,24,0,4,59,0,63,0,11,76,0,87,20,0,20,107
08/13/2016,GON,CT,ANE,EN,Federal Contract Tower,0,6,15,2,23,0,0,58,0,58,0,6,73,2,81,52,4,56,137
08/14/2016,GON,CT,ANE,EN,Federal Contract Tower,0,3,9,0,12,0,2,61,0,63,0,5,70,0,75,44,0,44,119
08/15/2016,GON,CT,ANE,EN,Federal Contract Tower,0,5,21,5,31,0,2,79,4,85,0,7,100,9,116,38,2,40,156
08/16/2016,GON,CT,ANE,EN,Federal Contract Tower,0,4,19,5,28,0,2,39,2,43,0,6,58,7,71,24,0,24,95
08/17/2016,GON,CT,ANE,EN,Federal Contract Tower,0,9,10,8,27,0,0,64,20,84,0,9,74,28,111,20,10,30,141
08/18/2016,GON,CT,ANE,EN,Federal Contract Tower,0,3,18,3,24,0,4,67,8,79,0,7,85,11,103,16,16,32,135
08/19/2016,GON,CT,ANE,EN,Federal Contract Tower,0,6,17,0,23,0,3,107,1,111,0,9,124,1,134,42,0,42,176
08/20/2016,GON,CT,ANE,EN,Federal Contract Tower,0,8,19,2,29,0,2,52,4,58,0,10,71,6,87,44,0,44,131
08/21/2016,GON,CT,ANE,EN,Federal Contract Tower,0,12,17,6,35,0,1,25,4,30,0,13,42,10,65,10,0,10,75
08/22/2016,GON,CT,ANE,EN,Federal Contract Tower,0,1,9,2,12,0,6,48,4,58,0,7,57,6,70,20,0,20,90
08/23/2016,GON,CT,ANE,EN,Federal Contract Tower,0,1,18,3,22,0,0,126,6,132,0,1,144,9,154,80,6,86,240
08/24/2016,GON,CT,ANE,EN,Federal Contract Tower,0,0,17,2,19,0,0,70,2,72,0,0,87,4,91,44,0,44,135
08/25/2016,GON,CT,ANE,EN,Federal Contract Tower,0,2,17,0,19,0,1,78,8,87,0,3,95,8,106,32,0,32,138
08/26/2016,GON,CT,ANE,EN,Federal Contract Tower,0,3,23,0,26,0,3,78,3,84,0,6,101,3,110,66,0,66,176
08/27/2016,GON,CT,ANE,EN,Federal Contract Tower,0,3,13,0,16,0,6,121,0,127,0,9,134,0,143,62,0,62,205
08/28/2016,GON,CT,ANE,EN,Federal Contract Tower,0,4,10,0,14,0,4,95,0,99,0,8,105,0,113,52,0,52,165
08/29/2016,GON,CT,ANE,EN,Federal Contract Tower,0,0,15,0,15,0,3,77,0,80,0,3,92,0,95,48,0,48,143
08/30/2016,GON,CT,ANE,EN,Federal Contract Tower,0,4,16,0,20,0,6,59,6,71,0,10,75,6,91,44,0,44,135
08/31/2016,GON,CT,ANE,EN,Federal Contract Tower,0,0,24,0,24,0,2,39,0,41,0,2,63,0,65,62,0,62,127
09/01/2016,GON,CT,ANE,EN,Federal Contract Tower,0,5,40,0,45,0,4,22,2,28,0,9,62,2,73,10,2,12,85
09/02/2016,GON,CT,ANE,EN,Federal Contract Tower,0,0,28,0,28,0,3,71,6,80,0,3,99,6,108,72,0,72,180
09/03/2016,GON,CT,ANE,EN,Federal Contract Tower,0,0,7,0,7,0,3,95,0,98,0,3,102,0,105,62,0,62,167
09/04/2016,GON,CT,ANE,EN,Federal Contract Tower,0,0,8,0,8,0,4,23,0,27,0,4,31,0,35,0,0,0,35
09/05/2016,GON,CT,ANE,EN,Federal Contract Tower,0,7,8,0,15,0,4,21,0,25,0,11,29,0,40,0,0,0,40
09/06/2016,GON,CT,ANE,EN,Federal Contract Tower,0,3,16,0,19,0,0,0,0,0,0,3,16,0,19,0,0,0,19
09/07/2016,GON,CT,ANE,EN,Federal Contract Tower,0,0,21,4,25,0,0,18,0,18,0,0,39,4,43,34,0,34,77
09/08/2016,GON,CT,ANE,EN,Federal Contract Tower,0,2,29,4,35,0,0,60,4,64,0,2,89,8,99,44,10,54,153
09/09/2016,GON,CT,ANE,EN,Federal Contract Tower,0,2,34,0,36,0,1,88,0,89,0,3,122,0,125,94,0,94,219
09/10/2016,GON,CT,ANE,EN,Federal Contract Tower,0,4,21,2,27,0,1,60,11,72,0,5,81,13,99,54,6,60,159
09/11/2016,GON,CT,ANE,EN,Federal Contract Tower,0,5,13,0,18,0,1,43,0,44,0,6,56,0,62,10,0,10,72
09/12/2016,GON,CT,ANE,EN,Federal Contract Tower,0,7,14,0,21,0,1,77,3,81,0,8,91,3,102,38,4,42,144
09/13/2016,GON,CT,ANE,EN,Federal Contract Tower,0,4,15,0,19,0,2,77,1,80,0,6,92,1,99,36,2,38,137
09/14/2016,GON,CT,ANE,EN,Federal Contract Tower,0,4,17,0,21,0,1,52,2,55,0,5,69,2,76,20,0,20,96
09/15/2016,GON,CT,ANE,EN,Federal Contract Tower,0,7,16,9,32,0,2,61,2,65,0,9,77,11,97,16,2,18,115
09/16/2016,GON,CT,ANE,EN,Federal Contract Tower,0,2,29,0,31,0,4,78,2,84,0,6,107,2,115,60,0,60,175
09/17/2016,GON,CT,ANE,EN,Federal Contract Tower,0,2,18,0,20,0,0,67,2,69,0,2,85,2,89,66,0,66,155
09/18/2016,GON,CT,ANE,EN,Federal Contract Tower,0,5,25,0,30,0,1,34,0,35,0,6,59,0,65,40,0,40,105
09/19/2016,GON,CT,ANE,EN,Federal Contract Tower,0,0,24,1,25,0,0,1,0,1,0,0,25,1,26,0,0,0,26
09/20/2016,GON,CT,ANE,EN,Federal Contract Tower,0,3,26,4,33,0,0,22,0,22,0,3,48,4,55,26,0,26,81
09/21/2016,GON,CT,ANE,EN,Federal Contract Tower,0,6,18,8,32,0,5,70,8,83,0,11,88,16,115,64,2,66,181
09/22/2016,GON,CT,ANE,EN,Federal Contract Tower,0,2,31,4,37,0,4,70,5,79,0,6,101,9,116,40,0,40,156
09/23/2016,GON,CT,ANE,EN,Federal Contract Tower,0,1,23,4,28,0,2,77,0,79,0,3,100,4,107,28,0,28,135
09/24/2016,GON,CT,ANE,EN,Federal Contract Tower,0,0,18,0,18,0,3,55,0,58,0,3,73,0,76,100,0,100,176
09/25/2016,GON,CT,ANE,EN,Federal Contract Tower,0,2,13,0,15,0,0,79,0,79,0,2,92,0,94,28,0,28,122
09/26/2016,GON,CT,ANE,EN,Federal Contract Tower,0,5,13,0,18,0,3,77,0,80,0,8,90,0,98,52,0,52,150
09/27/2016,GON,CT,ANE,EN,Federal Contract Tower,0,2,10,0,12,0,1,37,0,38,0,3,47,0,50,18,0,18,68
09/28/2016,GON,CT,ANE,EN,Federal Contract Tower,0,2,32,1,35,0,2,42,3,47,0,4,74,4,82,36,0,36,118
09/29/2016,GON,CT,ANE,EN,Federal Contract Tower,0,3,11,0,14,0,0,37,4,41,0,3,48,4,55,36,0,36,91
09/30/2016,GON,CT,ANE,EN,Federal Contract Tower,0,2,19,1,22,0,0,18,2,20,0,2,37,3,42,10,6,16,58
10/01/2016,GON,CT,ANE,EN,Federal Contract Tower,0,3,5,7,15,0,0,6,0,6,0,3,11,7,21,4,0,4,25
10/02/2016,GON,CT,ANE,EN,Federal Contract Tower,0,0,30,3,33,0,0,9,0,9,0,0,39,3,42,36,0,36,78
10/03/2016,GON,CT,ANE,EN,Federal Contract Tower,0,4,12,0,16,0,0,16,4,20,0,4,28,4,36,22,0,22,58
10/04/2016,GON,CT,ANE,EN,Federal Contract Tower,0,5,21,3,29,0,1,29,1,31,0,6,50,4,60,16,2,18,78
10/05/2016,GON,CT,ANE,EN,Federal Contract Tower,0,2,25,2,29,0,0,87,3,90,0,2,112,5,119,30,0,30,149
10/06/2016,GON,CT,ANE,EN,Federal Contract Tower,0,0,22,0,22,0,0,90,8,98,0,0,112,8,120,108,0,108,228
10/07/2016,GON,CT,ANE,EN,Federal Contract Tower,0,1,17,0,18,0,1,85,3,89,0,2,102,3,107,80,0,80,187
10/08/2016,GON,CT,ANE,EN,Federal Contract Tower,0,4,20,1,25,0,0,28,3,31,0,4,48,4,56,2,0,2,58
10/09/2016,GON,CT,ANE,EN,Federal Contract Tower,0,1,11,0,12,0,3,1,0,4,0,4,12,0,16,0,0,0,16
10/10/2016,GON,CT,ANE,EN,Federal Contract Tower,0,5,13,0,18,0,4,47,0,51,0,9,60,0,69,12,0,12,81
10/11/2016,GON,CT,ANE,EN,Federal Contract Tower,0,2,7,3,12,0,0,51,4,55,0,2,58,7,67,32,12,44,111
10/12/2016,GON,CT,ANE,EN,Federal Contract Tower,0,3,14,2,19,0,3,36,3,42,0,6,50,5,61,40,4,44,105
10/13/2016,GON,CT,ANE,EN,Federal Contract Tower,0,5,19,6,30,0,2,47,7,56,0,7,66,13,86,20,12,32,118
10/14/2016,GON,CT,ANE,EN,Federal Contract Tower,0,5,30,0,35,0,2,95,2,99,0,7,125,2,134,30,0,30,164
10/15/2016,GON,CT,ANE,EN,Federal Contract Tower,0,2,20,1,23,0,3,73,1,77,0,5,93,2,100,56,0,56,156
10/16/2016,GON,CT,ANE,EN,Federal Contract Tower,0,3,22,0,25,0,2,72,0,74,0,5,94,0,99,14,0,14,113
10/17/2016,GON,CT,ANE,EN,Federal Contract Tower,0,1,21,0,22,0,1,55,0,56,0,2,76,0,78,10,0,10,88
10/18/2016,GON,CT,ANE,EN,Federal Contract Tower,0,0,11,1,12,0,0,62,0,62,0,0,73,1,74,34,0,34,108
10/19/2016,GON,CT,ANE,EN,Federal Contract Tower,0,4,13,2,19,0,1,88,4,93,0,5,101,6,112,26,0,26,138
10/20/2016,GON,CT,ANE,EN,Federal Contract Tower,0,0,7,1,8,0,1,53,1,55,0,1,60,2,63,22,8,30,93
10/21/2016,GON,CT,ANE,EN,Federal Contract Tower,0,2,28,3,33,0,0,5,0,5,0,2,33,3,38,2,0,2,40
10/22/2016,GON,CT,ANE,EN,Federal Contract Tower,0,2,16,3,21,0,0,1,0,1,0,2,17,3,22,0,0,0,22
10/23/2016,GON,CT,ANE,EN,Federal Contract Tower,0,3,7,0,10,0,2,25,1,28,0,5,32,1,38,8,0,8,46
10/24/2016,GON,CT,ANE,EN,Federal Contract Tower,0,3,22,1,26,0,4,48,3,55,0,7,70,4,81,6,0,6,87
10/25/2016,GON,CT,ANE,EN,Federal Contract Tower,0,0,14,0,14,0,0,28,2,30,0,0,42,2,44,6,2,8,52
10/26/2016,GON,CT,ANE,EN,Federal Contract Tower,0,3,12,2,17,0,2,64,2,68,0,5,76,4,85,42,6,48,133
10/27/2016,GON,CT,ANE,EN,Federal Contract Tower,0,4,12,0,16,0,2,9,0,11,0,6,21,0,27,32,0,32,59
10/28/2016,GON,CT,ANE,EN,Federal Contract Tower,0,7,15,2,24,0,3,12,2,17,0,10,27,4,41,4,0,4,45
10/29/2016,GON,CT,ANE,EN,Federal Contract Tower,0,9,13,4,26,0,1,62,6,69,0,10,75,10,95,18,0,18,113
10/30/2016,GON,CT,ANE,EN,Federal Contract Tower,0,6,19,0,25,0,2,64,2,68,0,8,83,2,93,34,0,34,127
10/31/2016,GON,CT,ANE,EN,Federal Contract Tower,0,2,8,0,10,0,0,39,0,39,0,2,47,0,49,14,0,14,63
11/01/2016,GON,CT,ANE,EN,Federal Contract Tower,0,4,18,0,22,0,1,55,3,59,0,5,73,3,81,26,4,30,111
11/02/2016,GON,CT,ANE,EN,Federal Contract Tower,0,5,16,1,22,0,2,64,5,71,0,7,80,6,93,48,4,52,145
11/03/2016,GON,CT,ANE,EN,Federal Contract Tower,0,2,20,0,22,0,0,11,0,11,0,2,31,0,33,0,0,0,33
11/04/2016,GON,CT,ANE,EN,Federal Contract Tower,0,5,16,0,21,0,0,57,3,60,0,5,73,3,81,24,2,26,107
11/05/2016,GON,CT,ANE,EN,Federal Contract Tower,0,2,8,4,14,0,0,72,7,79,0,2,80,11,93,42,2,44,137
11/06/2016,GON,CT,ANE,EN,Federal Contract Tower,0,4,6,0,10,0,0,30,4,34,0,4,36,4,44,20,0,20,64
11/07/2016,GON,CT,ANE,EN,Federal Contract Tower,0,2,22,0,24,0,0,53,1,54,0,2,75,1,78,22,4,26,104
11/08/2016,GON,CT,ANE,EN,Federal Contract Tower,0,2,5,0,7,0,0,69,2,71,0,2,74,2,78,32,4,36,114
11/09/2016,GON,CT,ANE,EN,Federal Contract Tower,0,3,13,2,18,0,0,30,2,32,0,3,43,4,50,64,24,88,138
11/10/2016,GON,CT,ANE,EN,Federal Contract Tower,0,1,11,0,12,0,2,60,0,62,0,3,71,0,74,32,0,32,106
11/11/2016,GON,CT,ANE,EN,Federal Contract Tower,0,0,6,0,6,0,0,29,0,29,0,0,35,0,35,32,0,32,67
11/12/2016,GON,CT,ANE,EN,Federal Contract Tower,0,0,22,0,22,0,2,71,0,73,0,2,93,0,95,34,0,34,129
11/13/2016,GON,CT,ANE,EN,Federal Contract Tower,0,1,13,1,15,0,1,93,0,94,0,2,106,1,109,18,0,18,127
11/14/2016,GON,CT,ANE,EN,Federal Contract Tower,0,0,16,0,16,0,0,45,2,47,0,0,61,2,63,34,0,34,97
11/15/2016,GON,CT,ANE,EN,Federal Contract Tower,0,1,19,0,20,0,0,1,0,1,0,1,20,0,21,0,0,0,21
11/16/2016,GON,CT,ANE,EN,Federal Contract Tower,0,3,12,1,16,0,0,44,5,49,0,3,56,6,65,28,0,28,93
11/17/2016,GON,CT,ANE,EN,Federal Contract Tower,0,1,18,0,19,0,0,54,5,59,0,1,72,5,78,14,0,14,92
11/18/2016,GON,CT,ANE,EN,Federal Contract Tower,0,8,27,0,35,0,0,89,2,91,0,8,116,2,126,40,2,42,168
11/19/2016,GON,CT,ANE,EN,Federal Contract Tower,0,9,25,0,34,0,1,96,5,102,0,10,121,5,136,24,12,36,172
11/20/2016,GON,CT,ANE,EN,Federal Contract Tower,0,2,6,0,8,0,0,6,0,6,0,2,12,0,14,0,0,0,14
11/21/2016,GON,CT,ANE,EN,Federal Contract Tower,0,1,10,4,15,0,2,2,0,4,0,3,12,4,19,0,2,2,21
11/22/2016,GON,CT,ANE,EN,Federal Contract Tower,0,1,11,2,14,0,4,14,4,22,0,5,25,6,36,2,0,2,38
11/23/2016,GON,CT,ANE,EN,Federal Contract Tower,0,1,12,4,17,0,2,50,0,52,0,3,62,4,69,30,0,30,99
11/24/2016,GON,CT,ANE,EN,Federal Contract Tower,0,0,4,2,6,0,2,10,0,12,0,2,14,2,18,2,0,2,20
11/25/2016,GON,CT,ANE,EN,Federal Contract Tower,0,2,12,0,14,0,0,2,0,2,0,2,14,0,16,12,0,12,28
11/26/2016,GON,CT,ANE,EN,Federal Contract Tower,0,0,11,2,13,0,2,48,0,50,0,2,59,2,63,46,0,46,109
11/27/2016,GON,CT,ANE,EN,Federal Contract Tower,0,1,8,0,9,0,2,51,0,53,0,3,59,0,62,20,0,20,82
11/28/2016,GON,CT,ANE,EN,Federal Contract Tower,0,3,19,2,24,0,2,63,4,69,0,5,82,6,93,46,2,48,141
11/29/2016,GON,CT,ANE,EN,Federal Contract Tower,0,1,12,0,13,0,0,5,0,5,0,1,17,0,18,12,0,12,30
11/30/2016,GON,CT,ANE,EN,Federal Contract Tower,0,4,14,2,20,0,1,2,0,3,0,5,16,2,23,8,0,8,31
12/01/2016,GON,CT,ANE,EN,Federal Contract Tower,0,4,22,0,26,0,4,35,6,45,0,8,57,6,71,6,12,18,89
12/02/2016,GON,CT,ANE,EN,Federal Contract Tower,0,4,15,1,20,0,2,51,5,58,0,6,66,6,78,36,2,38,116
12/03/2016,GON,CT,ANE,EN,Federal Contract Tower,0,2,3,1,6,0,1,33,0,34,0,3,36,1,40,18,0,18,58
12/04/2016,GON,CT,ANE,EN,Federal Contract Tower,0,1,10,1,12,0,0,87,1,88,0,1,97,2,100,76,0,76,176
12/05/2016,GON,CT,ANE,EN,Federal Contract Tower,0,4,7,0,11,0,3,10,0,13,0,7,17,0,24,22,0,22,46
12/06/2016,GON,CT,ANE,EN,Federal Contract Tower,0,0,6,1,7,0,0,44,7,51,0,0,50,8,58,12,0,12,70
12/07/2016,GON,CT,ANE,EN,Federal Contract Tower,0,2,20,0,22,0,0,19,0,19,0,2,39,0,41,0,0,0,41
12/08/2016,GON,CT,ANE,EN,Federal Contract Tower,0,6,9,1,16,0,1,45,2,48,0,7,54,3,64,52,0,52,116
12/09/2016,GON,CT,ANE,EN,Federal Contract Tower,0,2,14,2,18,0,2,39,0,41,0,4,53,2,59,6,0,6,65
12/10/2016,GON,CT,ANE,EN,Federal Contract Tower,0,0,15,0,15,0,0,57,1,58,0,0,72,1,73,80,0,80,153
12/11/2016,GON,CT,ANE,EN,Federal Contract Tower,0,1,11,0,12,0,0,76,0,76,0,1,87,0,88,122,0,122,210
12/12/2016,GON,CT,ANE,EN,Federal Contract Tower,0,1,2,0,3,0,0,4,0,4,0,1,6,0,7,0,0,0,7
12/13/2016,GON,CT,ANE,EN,Federal Contract Tower,0,0,10,0,10,0,0,77,7,84,0,0,87,7,94,36,0,36,130
12/14/2016,GON,CT,ANE,EN,Federal Contract Tower,0,0,18,4,22,0,0,45,6,51,0,0,63,10,73,36,44,80,153
12/15/2016,GON,CT,ANE,EN,Federal Contract Tower,0,1,16,0,17,0,1,12,5,18,0,2,28,5,35,0,0,0,35
12/16/2016,GON,CT,ANE,EN,Federal Contract Tower,0,3,14,2,19,0,0,21,2,23,0,3,35,4,42,8,10,18,60
12/17/2016,GON,CT,ANE,EN,Federal Contract Tower,0,1,1,0,2,0,0,0,0,0,0,1,1,0,2,0,0,0,2
12/18/2016,GON,CT,ANE,EN,Federal Contract Tower,0,1,4,0,5,0,0,1,0,1,0,1,5,0,6,0,0,0,6
12/19/2016,GON,CT,ANE,EN,Federal Contract Tower,0,1,9,1,11,0,2,62,5,69,0,3,71,6,80,36,0,36,116
12/20/2016,GON,CT,ANE,EN,Federal Contract Tower,0,0,14,0,14,0,0,63,5,68,0,0,77,5,82,56,2,58,140
12/21/2016,GON,CT,ANE,EN,Federal Contract Tower,0,0,12,1,13,0,3,42,2,47,0,3,54,3,60,44,4,48,108
12/22/2016,GON,CT,ANE,EN,Federal Contract Tower,0,1,15,2,18,0,0,44,2,46,0,1,59,4,64,60,0,60,124
12/23/2016,GON,CT,ANE,EN,Federal Contract Tower,0,1,12,1,14,0,0,57,9,66,0,1,69,10,80,42,0,42,122
12/24/2016,GON,CT,ANE,EN,Federal Contract Tower,0,2,1,0,3,0,0,1,0,1,0,2,2,0,4,0,0,0,4
12/25/2016,GON,CT,ANE,EN,Federal Contract Tower,0,1,4,0,5,0,0,20,0,20,0,1,24,0,25,8,0,8,33
12/26/2016,GON,CT,ANE,EN,Federal Contract Tower,0,2,10,0,12,0,0,24,0,24,0,2,34,0,36,16,0,16,52
12/27/2016,GON,CT,ANE,EN,Federal Contract Tower,0,2,15,2,19,0,0,10,11,21,0,2,25,13,40,0,0,0,40
12/28/2016,GON,CT,ANE,EN,Federal Contract Tower,0,4,9,1,14,0,0,60,21,81,0,4,69,22,95,24,4,28,123
12/29/2016,GON,CT,ANE,EN,Federal Contract Tower,0,0,0,0,0,0,0,7,0,7,0,0,7,0,7,16,0,16,23
12/30/2016,GON,CT,ANE,EN,Federal Contract Tower,0,3,4,0,7,0,0,20,0,20,0,3,24,0,27,52,0,52,79
12/31/2016,GON,CT,ANE,EN,Federal Contract Tower,0,4,4,0,8,0,1,48,3,52,0,5,52,3,60,32,0,32,92
01/01/2017,GON,CT,ANE,EN,Federal Contract Tower,0,4,2,0,6,0,0,25,0,25,0,4,27,0,31,24,0,24,55
01/02/2017,GON,CT,ANE,EN,Federal Contract Tower,0,1,15,0,16,0,0,36,0,36,0,1,51,0,52,26,0,26,78
01/03/2017,GON,CT,ANE,EN,Federal Contract Tower,0,1,13,0,14,0,0,0,0,0,0,1,13,0,14,0,0,0,14
01/04/2017,GON,CT,ANE,EN,Federal Contract Tower,0,3,26,0,29,0,0,20,0,20,0,3,46,0,49,4,2,6,55
01/05/2017,GON,CT,ANE,EN,Federal Contract Tower,0,4,12,2,18,0,0,35,4,39,0,4,47,6,57,28,2,30,87
01/06/2017,GON,CT,ANE,EN,Federal Contract Tower,0,1,7,0,8,0,0,25,0,25,0,1,32,0,33,40,0,40,73
01/07/2017,GON,CT,ANE,EN,Federal Contract Tower,0,0,0,0,0,0,0,2,0,2,0,0,2,0,2,0,0,0,2
01/08/2017,GON,CT,ANE,EN,Federal Contract Tower,0,0,1,0,1,0,0,26,1,27,0,0,27,1,28,40,0,40,68
01/09/2017,GON,CT,ANE,EN,Federal Contract Tower,0,0,12,2,14,0,1,61,5,67,0,1,73,7,81,28,0,28,109
01/10/2017,GON,CT,ANE,EN,Federal Contract Tower,0,0,8,2,10,0,0,36,2,38,0,0,44,4,48,32,36,68,116
01/11/2017,GON,CT,ANE,EN,Federal Contract Tower,0,4,7,2,13,0,0,39,4,43,0,4,46,6,56,22,0,22,78
01/12/2017,GON,CT,ANE,EN,Federal Contract Tower,0,1,10,0,11,0,0,22,6,28,0,1,32,6,39,8,2,10,49
01/13/2017,GON,CT,ANE,EN,Federal Contract Tower,0,3,17,0,20,0,0,45,6,51,0,3,62,6,71,28,6,34,105
01/14/2017,GON,CT,ANE,EN,Federal Contract Tower,0,0,17,1,18,0,0,52,6,58,0,0,69,7,76,66,2,68,144
01/15/2017,GON,CT,ANE,EN,Federal Contract Tower,0,0,14,0,14,0,0,90,0,90,0,0,104,0,104,58,0,58,162
01/16/2017,GON,CT,ANE,EN,Federal Contract Tower,0,0,8,0,8,0,2,64,2,68,0,2,72,2,76,32,0,32,108
01/17/2017,GON,CT,ANE,EN,Federal Contract Tower,0,3,12,2,17,0,4,17,0,21,0,7,29,2,38,20,0,20,58
01/18/2017,GON,CT,ANE,EN,Federal Contract Tower,0,3,5,1,9,0,0,3,0,3,0,3,8,1,12,12,0,12,24
01/19/2017,GON,CT,ANE,EN,Federal Contract Tower,0,0,10,0,10,0,1,37,8,46,0,1,47,8,56,26,12,38,94
01/20/2017,GON,CT,ANE,EN,Federal Contract Tower,0,1,19,0,20,0,1,25,1,27,0,2,44,1,47,26,0,26,73
01/21/2017,GON,CT,ANE,EN,Federal Contract Tower,0,1,14,2,17,0,0,7,0,7,0,1,21,2,24,14,0,14,38
01/22/2017,GON,CT,ANE,EN,Federal Contract Tower,0,0,11,0,11,0,0,24,0,24,0,0,35,0,35,40,0,40,75
01/23/2017,GON,CT,ANE,EN,Federal Contract Tower,0,3,1,0,4,0,0,0,0,0,0,3,1,0,4,0,0,0,4
01/24/2017,GON,CT,ANE,EN,Federal Contract Tower,0,0,7,0,7,0,0,3,0,3,0,0,10,0,10,0,0,0,10
01/25/2017,GON,CT,ANE,EN,Federal Contract Tower,0,4,11,2,17,0,2,63,7,72,0,6,74,9,89,14,10,24,113
01/26/2017,GON,CT,ANE,EN,Federal Contract Tower,0,5,5,0,10,0,0,21,4,25,0,5,26,4,35,14,2,16,51
01/27/2017,GON,CT,ANE,EN,Federal Contract Tower,0,0,7,0,7,0,0,26,6,32,0,0,33,6,39,20,0,20,59
01/28/2017,GON,CT,ANE,EN,Federal Contract Tower,0,3,11,1,15,0,1,50,4,55,0,4,61,5,70,38,14,52,122
01/29/2017,GON,CT,ANE,EN,Federal Contract Tower,0,0,10,0,10,0,0,88,4,92,0,0,98,4,102,132,0,132,234
01/30/2017,GON,CT,ANE,EN,Federal Contract Tower,0,2,10,0,12,0,2,29,2,33,0,4,39,2,45,24,0,24,69
01/31/2017,GON,CT,ANE,EN,Federal Contract Tower,0,3,5,0,8,0,0,12,0,12,0,3,17,0,20,26,0,26,46
02/01/2017,GON,CT,ANE,EN,Federal Contract Tower,0,0,8,4,12,0,0,61,2,63,0,0,69,6,75,72,20,92,167
02/02/2017,GON,CT,ANE,EN,Federal Contract Tower,0,0,22,1,23,0,0,42,3,45,0,0,64,4,68,24,2,26,94
02/03/2017,GON,CT,ANE,EN,Federal Contract Tower,0,1,11,0,12,0,0,6,2,8,0,1,17,2,20,76,2,78,98
02/04/2017,GON,CT,ANE,EN,Federal Contract Tower,0,0,7,3,10,0,2,65,7,74,0,2,72,10,84,48,6,54,138
02/05/2017,GON,CT,ANE,EN,Federal Contract Tower,0,0,7,0,7,0,1,45,2,48,0,1,52,2,55,34,0,34,89
02/06/2017,GON,CT,ANE,EN,Federal Contract Tower,0,0,14,1,15,0,0,50,3,53,0,0,64,4,68,52,0,52,120
02/07/2017,GON,CT,ANE,EN,Federal Contract Tower,0,0,6,2,8,0,0,5,0,5,0,0,11,2,13,4,0,4,17
02/08/2017,GON,CT,ANE,EN,Federal Contract Tower,0,2,22,3,27,0,0,37,1,38,0,2,59,4,65,30,2,32,97
02/11/2017,GON,CT,ANE,EN,Federal Contract Tower,0,0,7,0,7,0,0,29,2,31,0,0,36,2,38,24,0,24,62
02/12/2017,GON,CT,ANE,EN,Federal Contract Tower,0,0,2,0,2,0,0,0,0,0,0,0,2,0,2,0,0,0,2
02/13/2017,GON,CT,ANE,EN,Federal Contract Tower,0,0,5,2,7,0,0,2,0,2,0,0,7,2,9,0,0,0,9
02/14/2017,GON,CT,ANE,EN,Federal Contract Tower,0,0,7,0,7,0,0,0,0,0,0,0,7,0,7,38,4,42,49
02/15/2017,GON,CT,ANE,EN,Federal Contract Tower,0,2,7,0,9,0,0,0,0,0,0,2,7,0,9,90,8,98,107
02/16/2017,GON,CT,ANE,EN,Federal Contract Tower,0,4,12,3,19,0,0,40,0,40,0,4,52,3,59,12,14,26,85
02/17/2017,GON,CT,ANE,EN,Federal Contract Tower,0,4,9,5,18,0,3,45,9,57,0,7,54,14,75,36,2,38,113
02/18/2017,GON,CT,ANE,EN,Federal Contract Tower,0,0,13,0,13,0,0,91,1,92,0,0,104,1,105,26,2,28,133
02/19/2017,GON,CT,ANE,EN,Federal Contract Tower,0,4,7,0,11,0,0,100,5,105,0,4,107,5,116,54,0,54,170
02/20/2017,GON,CT,ANE,EN,Federal Contract Tower,0,0,14,0,14,0,0,62,0,62,0,0,76,0,76,34,0,34,110
02/21/2017,GON,CT,ANE,EN,Federal Contract Tower,0,0,15,3,18,0,5,70,15,90,0,5,85,18,108,20,0,20,128
02/22/2017,GON,CT,ANE,EN,Federal Contract Tower,0,2,14,0,16,0,0,42,7,49,0,2,56,7,65,48,2,50,115
02/23/2017,GON,CT,ANE,EN,Federal Contract Tower,0,0,18,7,25,0,0,3,2,5,0,0,21,9,30,2,0,2,32
02/24/2017,GON,CT,ANE,EN,Federal Contract Tower,0,2,19,2,23,0,1,80,1,82,0,3,99,3,105,6,4,10,115
02/25/2017,GON,CT,ANE,EN,Federal Contract Tower,0,0,8,0,8,0,0,4,0,4,0,0,12,0,12,2,0,2,14
02/26/2017,GON,CT,ANE,EN,Federal Contract Tower,0,2,8,2,12,0,0,38,4,42,0,2,46,6,54,14,4,18,72
02/27/2017,GON,CT,ANE,EN,Federal Contract Tower,0,2,13,0,15,0,0,33,0,33,0,2,46,0,48,6,0,6,54
02/28/2017,GON,CT,ANE,EN,Federal Contract Tower,0,0,12,4,16,0,0,18,5,23,0,0,30,9,39,10,0,10,49
03/01/2017,GON,CT,ANE,EN,Federal Contract Tower,0,0,5,0,5,0,0,1,0,1,0,0,6,0,6,0,0,0,6
03/02/2017,GON,CT,ANE,EN,Federal Contract Tower,0,2,7,0,9,0,0,7,0,7,0,2,14,0,16,0,0,0,16
03/03/2017,GON,CT,ANE,EN,Federal Contract Tower,0,2,17,0,19,0,2,41,10,53,0,4,58,10,72,20,4,24,96
03/04/2017,GON,CT,ANE,EN,Federal Contract Tower,0,0,9,0,9,0,0,19,0,19,0,0,28,0,28,12,2,14,42
03/05/2017,GON,CT,ANE,EN,Federal Contract Tower,0,3,6,0,9,0,0,28,4,32,0,3,34,4,41,4,0,4,45
03/06/2017,GON,CT,ANE,EN,Federal Contract Tower,0,1,27,3,31,0,0,71,2,73,0,1,98,5,104,50,0,50,154
03/07/2017,GON,CT,ANE,EN,Federal Contract Tower,0,0,6,1,7,0,0,12,6,18,0,0,18,7,25,34,0,34,59
03/08/2017,GON,CT,ANE,EN,Federal Contract Tower,0,3,13,5,21,0,1,29,0,30,0,4,42,5,51,32,0,32,83
03/09/2017,GON,CT,ANE,EN,Federal Contract Tower,0,1,7,2,10,0,4,22,0,26,0,5,29,2,36,6,6,12,48
03/10/2017,GON,CT,ANE,EN,Federal Contract Tower,0,0,5,0,5,0,0,1,0,1,0,0,6,0,6,0,0,0,6
03/11/2017,GON,CT,ANE,EN,Federal Contract Tower,0,0,4,0,4,0,0,5,2,7,0,0,9,2,11,2,0,2,13
03/12/2017,GON,CT,ANE,EN,Federal Contract Tower,0,0,5,1,6,0,0,46,7,53,0,0,51,8,59,38,0,38,97
03/13/2017,GON,CT,ANE,EN,Federal Contract Tower,0,2,17,0,19,0,0,84,0,84,0,2,101,0,103,20,0,20,123
03/14/2017,GON,CT,ANE,EN,Federal Contract Tower,0,0,0,0,0,0,0,0,0,0,0,0,0,0,0,0,0,0,0
03/15/2017,GON,CT,ANE,EN,Federal Contract Tower,0,0,11,3,14,0,2,32,11,45,0,2,43,14,59,4,4,8,67
03/16/2017,GON,CT,ANE,EN,Federal Contract Tower,0,0,10,2,12,0,0,60,3,63,0,0,70,5,75,24,2,26,101
03/17/2017,GON,CT,ANE,EN,Federal Contract Tower,0,2,11,0,13,0,0,69,6,75,0,2,80,6,88,30,0,30,118
03/18/2017,GON,CT,ANE,EN,Federal Contract Tower,0,1,5,0,6,0,0,30,4,34,0,1,35,4,40,6,26,32,72
03/19/2017,GON,CT,ANE,EN,Federal Contract Tower,0,1,7,0,8,0,0,28,2,30,0,1,35,2,38,58,0,58,96
03/20/2017,GON,CT,ANE,EN,Federal Contract Tower,0,1,14,5,20,0,0,50,2,52,0,1,64,7,72,24,2,26,98
03/21/2017,GON,CT,ANE,EN,Federal Contract Tower,0,0,17,8,25,0,0,91,5,96,0,0,108,13,121,118,0,118,239
03/22/2017,GON,CT,ANE,EN,Federal Contract Tower,0,1,12,0,13,0,0,10,4,14,0,1,22,4,27,8,32,40,67
03/23/2017,GON,CT,ANE,EN,Federal Contract Tower,0,0,11,3,14,0,0,67,2,69,0,0,78,5,83,58,22,80,163
03/24/2017,GON,CT,ANE,EN,Federal Contract Tower,0,0,18,0,18,0,0,38,0,38,0,0,56,0,56,2,0,2,58
03/25/2017,GON,CT,ANE,EN,Federal Contract Tower,0,2,30,0,32,0,1,47,0,48,0,3,77,0,80,68,0,68,148
03/26/2017,GON,CT,ANE,EN,Federal Contract Tower,0,0,13,0,13,0,2,13,0,15,0,2,26,0,28,30,0,30,58
03/27/2017,GON,CT,ANE,EN,Federal Contract Tower,0,0,9,0,9,0,0,1,0,1,0,0,10,0,10,0,0,0,10
03/28/2017,GON,CT,ANE,EN,Federal Contract Tower,0,0,9,0,9,0,0,0,0,0,0,0,9,0,9,0,0,0,9
03/29/2017,GON,CT,ANE,EN,Federal Contract Tower,0,0,17,0,17,0,7,69,4,80,0,7,86,4,97,70,0,70,167
03/30/2017,GON,CT,ANE,EN,Federal Contract Tower,0,0,5,4,9,0,0,84,10,94,0,0,89,14,103,34,6,40,143
03/31/2017,GON,CT,ANE,EN,Federal Contract Tower,0,1,7,0,8,0,0,0,0,0,0,1,7,0,8,0,0,0,8
04/01/2017,GON,CT,ANE,EN,Federal Contract Tower,0,0,3,0,3,0,0,0,0,0,0,0,3,0,3,2,0,2,5
04/02/2017,GON,CT,ANE,EN,Federal Contract Tower,0,0,20,0,20,0,0,97,2,99,0,0,117,2,119,50,0,50,169
04/03/2017,GON,CT,ANE,EN,Federal Contract Tower,0,2,16,0,18,0,0,82,3,85,0,2,98,3,103,20,0,20,123
04/04/2017,GON,CT,ANE,EN,Federal Contract Tower,0,0,5,0,5,0,0,0,0,0,0,0,5,0,5,0,0,0,5
04/05/2017,GON,CT,ANE,EN,Federal Contract Tower,0,0,18,2,20,0,0,48,8,56,0,0,66,10,76,31,2,33,109
04/06/2017,GON,CT,ANE,EN,Federal Contract Tower,0,0,9,0,9,0,0,0,0,0,0,0,9,0,9,0,0,0,9
04/07/2017,GON,CT,ANE,EN,Federal Contract Tower,0,4,15,0,19,0,0,36,9,45,0,4,51,9,64,31,4,35,99
04/08/2017,GON,CT,ANE,EN,Federal Contract Tower,0,0,10,2,12,0,0,33,1,34,0,0,43,3,46,20,0,20,66
04/09/2017,GON,CT,ANE,EN,Federal Contract Tower,0,0,23,0,23,0,2,111,0,113,0,2,134,0,136,84,0,84,220
04/10/2017,GON,CT,ANE,EN,Federal Contract Tower,0,0,15,0,15,0,0,77,6,83,0,0,92,6,98,38,6,44,142
04/11/2017,GON,CT,ANE,EN,Federal Contract Tower,0,2,11,2,15,0,0,91,11,102,0,2,102,13,117,76,12,88,205
04/12/2017,GON,CT,ANE,EN,Federal Contract Tower,0,0,11,2,13,0,0,46,7,53,0,0,57,9,66,17,2,19,85
04/13/2017,GON,CT,ANE,EN,Federal Contract Tower,0,0,18,3,21,0,3,72,4,79,0,3,90,7,100,38,0,38,138
04/14/2017,GON,CT,ANE,EN,Federal Contract Tower,0,0,9,0,9,0,1,129,5,135,0,1,138,5,144,74,4,78,222
04/15/2017,GON,CT,ANE,EN,Federal Contract Tower,0,4,16,0,20,0,2,75,1,78,0,6,91,1,98,84,0,84,182
04/16/2017,GON,CT,ANE,EN,Federal Contract Tower,0,2,8,0,10,0,0,29,1,30,0,2,37,1,40,2,0,2,42
04/17/2017,GON,CT,ANE,EN,Federal Contract Tower,0,1,18,0,19,0,0,60,3,63,0,1,78,3,82,22,2,24,106
04/18/2017,GON,CT,ANE,EN,Federal Contract Tower,0,1,15,1,17,0,0,72,0,72,0,1,87,1,89,44,0,44,133
04/19/2017,GON,CT,ANE,EN,Federal Contract Tower,0,0,26,3,29,0,1,42,6,49,0,1,68,9,78,46,2,48,126
04/20/2017,GON,CT,ANE,EN,Federal Contract Tower,0,5,34,2,41,0,2,16,1,19,0,7,50,3,60,4,4,8,68
04/21/2017,GON,CT,ANE,EN,Federal Contract Tower,0,4,15,0,19,0,0,0,0,0,0,4,15,0,19,0,0,0,19
04/22/2017,GON,CT,ANE,EN,Federal Contract Tower,0,6,40,1,47,0,0,19,4,23,0,6,59,5,70,48,12,60,130
04/23/2017,GON,CT,ANE,EN,Federal Contract Tower,0,3,24,1,28,0,2,146,4,152,0,5,170,5,180,62,8,70,250
04/24/2017,GON,CT,ANE,EN,Federal Contract Tower,0,4,19,0,23,0,5,51,1,57,0,9,70,1,80,40,0,40,120
04/25/2017,GON,CT,ANE,EN,Federal Contract Tower,0,0,13,3,16,0,0,1,1,2,0,0,14,4,18,0,4,4,22
04/26/2017,GON,CT,ANE,EN,Federal Contract Tower,0,1,10,0,11,0,0,0,0,0,0,1,10,0,11,0,0,0,11
04/27/2017,GON,CT,ANE,EN,Federal Contract Tower,0,7,20,5,32,0,0,2,0,2,0,7,22,5,34,0,0,0,34
04/28/2017,GON,CT,ANE,EN,Federal Contract Tower,0,1,23,1,25,0,0,54,8,62,0,1,77,9,87,40,2,42,129
04/29/2017,GON,CT,ANE,EN,Federal Contract Tower,0,1,8,2,11,0,0,38,2,40,0,1,46,4,51,34,0,34,85
04/30/2017,GON,CT,ANE,EN,Federal Contract Tower,0,0,13,0,13,0,0,122,2,124,0,0,135,2,137,30,0,30,167
05/01/2017,GON,CT,ANE,EN,Federal Contract Tower,0,3,18,0,21,0,0,0,0,0,0,3,18,0,21,0,0,0,21
05/02/2017,GON,CT,ANE,EN,Federal Contract Tower,0,0,21,0,21,0,0,18,0,18,0,0,39,0,39,12,0,12,51
05/03/2017,GON,CT,ANE,EN,Federal Contract Tower,0,0,24,4,28,0,0,49,3,52,0,0,73,7,80,10,10,20,100
05/04/2017,GON,CT,ANE,EN,Federal Contract Tower,0,4,15,2,21,0,0,0,0,0,0,4,15,2,21,64,6,70,91
05/05/2017,GON,CT,ANE,EN,Federal Contract Tower,0,3,5,0,8,0,0,0,0,0,0,3,5,0,8,0,0,0,8
05/06/2017,GON,CT,ANE,EN,Federal Contract Tower,0,1,7,13,21,0,0,18,0,18,0,1,25,13,39,18,0,18,57
05/07/2017,GON,CT,ANE,EN,Federal Contract Tower,0,1,14,0,15,0,0,42,0,42,0,1,56,0,57,32,0,32,89
05/08/2017,GON,CT,ANE,EN,Federal Contract Tower,0,3,25,0,28,0,3,55,2,60,0,6,80,2,88,60,0,60,148
05/09/2017,GON,CT,ANE,EN,Federal Contract Tower,0,1,16,0,17,0,6,57,2,65,0,7,73,2,82,80,2,82,164
05/10/2017,GON,CT,ANE,EN,Federal Contract Tower,0,5,15,1,21,0,2,121,6,129,0,7,136,7,150,74,14,88,238
05/11/2017,GON,CT,ANE,EN,Federal Contract Tower,0,3,22,2,27,0,0,74,8,82,0,3,96,10,109,30,16,46,155
05/12/2017,GON,CT,ANE,EN,Federal Contract Tower,0,2,20,3,25,0,4,41,2,47,0,6,61,5,72,16,0,16,88
05/13/2017,GON,CT,ANE,EN,Federal Contract Tower,0,7,13,0,20,0,0,4,0,4,0,7,17,0,24,6,0,6,30
05/14/2017,GON,CT,ANE,EN,Federal Contract Tower,0,2,3,2,7,0,0,7,1,8,0,2,10,3,15,6,0,6,21
05/15/2017,GON,CT,ANE,EN,Federal Contract Tower,0,6,19,2,27,0,0,20,0,20,0,6,39,2,47,32,0,32,79
05/16/2017,GON,CT,ANE,EN,Federal Contract Tower,0,1,9,9,19,0,1,74,9,84,0,2,83,18,103,40,2,42,145
05/17/2017,GON,CT,ANE,EN,Federal Contract Tower,0,1,18,4,23,0,0,46,7,53,0,1,64,11,76,24,2,26,102
05/18/2017,GON,CT,ANE,EN,Federal Contract Tower,0,1,22,7,30,0,1,68,6,75,0,2,90,13,105,80,20,100,205
05/19/2017,GON,CT,ANE,EN,Federal Contract Tower,0,5,16,0,21,0,4,70,4,78,0,9,86,4,99,68,0,68,167
05/20/2017,GON,CT,ANE,EN,Federal Contract Tower,0,3,10,1,14,0,1,76,12,89,0,4,86,13,103,44,4,48,151
05/21/2017,GON,CT,ANE,EN,Federal Contract Tower,0,3,19,3,25,0,1,117,11,129,0,4,136,14,154,126,16,142,296
05/22/2017,GON,CT,ANE,EN,Federal Contract Tower,0,5,14,1,20,0,0,20,0,20,0,5,34,1,40,4,0,4,44
05/23/2017,GON,CT,ANE,EN,Federal Contract Tower,0,0,20,0,20,0,1,83,7,91,0,1,103,7,111,62,12,74,185
05/24/2017,GON,CT,ANE,EN,Federal Contract Tower,0,1,26,0,27,0,0,57,7,64,0,1,83,7,91,24,2,26,117
05/25/2017,GON,CT,ANE,EN,Federal Contract Tower,0,4,19,3,26,0,0,0,0,0,0,4,19,3,26,2,2,4,30
05/26/2017,GON,CT,ANE,EN,Federal Contract Tower,0,6,37,1,44,0,0,30,2,32,0,6,67,3,76,16,2,18,94
05/27/2017,GON,CT,ANE,EN,Federal Contract Tower,0,4,21,0,25,0,2,72,4,78,0,6,93,4,103,80,8,88,191
05/28/2017,GON,CT,ANE,EN,Federal Contract Tower,0,6,16,0,22,0,0,41,1,42,0,6,57,1,64,16,0,16,80
05/29/2017,GON,CT,ANE,EN,Federal Contract Tower,0,1,29,7,37,0,0,6,0,6,0,1,35,7,43,4,0,4,47
05/30/2017,GON,CT,ANE,EN,Federal Contract Tower,0,3,41,0,44,0,0,0,0,0,0,3,41,0,44,0,0,0,44
05/31/2017,GON,CT,ANE,EN,Federal Contract Tower,0,2,32,0,34,0,0,0,0,0,0,2,32,0,34,0,0,0,34
06/01/2017,GON,CT,ANE,EN,Federal Contract Tower,0,3,19,2,24,0,0,96,3,99,0,3,115,5,123,58,4,62,185
06/02/2017,GON,CT,ANE,EN,Federal Contract Tower,0,5,25,0,30,0,1,110,2,113,0,6,135,2,143,58,0,58,201
06/03/2017,GON,CT,ANE,EN,Federal Contract Tower,0,0,19,2,21,0,0,113,2,115,0,0,132,4,136,84,0,84,220
06/04/2017,GON,CT,ANE,EN,Federal Contract Tower,0,4,17,0,21,0,1,49,0,50,0,5,66,0,71,48,0,48,119
06/05/2017,GON,CT,ANE,EN,Federal Contract Tower,0,6,25,0,31,0,0,0,0,0,0,6,25,0,31,0,0,0,31
06/06/2017,GON,CT,ANE,EN,Federal Contract Tower,0,2,22,1,25,0,2,7,1,10,0,4,29,2,35,0,0,0,35
06/07/2017,GON,CT,ANE,EN,Federal Contract Tower,0,1,24,0,25,0,0,60,4,64,0,1,84,4,89,40,0,40,129
06/08/2017,GON,CT,ANE,EN,Federal Contract Tower,0,1,20,2,23,0,2,102,8,112,0,3,122,10,135,46,4,50,185
06/09/2017,GON,CT,ANE,EN,Federal Contract Tower,0,3,22,0,25,0,4,79,5,88,0,7,101,5,113,108,0,108,221
06/10/2017,GON,CT,ANE,EN,Federal Contract Tower,0,5,15,2,22,0,8,108,17,133,0,13,123,19,155,80,2,82,237
06/11/2017,GON,CT,ANE,EN,Federal Contract Tower,0,2,15,0,17,0,4,77,3,84,0,6,92,3,101,48,0,48,149
06/12/2017,GON,CT,ANE,EN,Federal Contract Tower,0,2,8,1,11,0,5,82,5,92,0,7,90,6,103,76,2,78,181
06/13/2017,GON,CT,ANE,EN,Federal Contract Tower,0,1,17,5,23,0,6,59,3,68,0,7,76,8,91,70,0,70,161
06/14/2017,GON,CT,ANE,EN,Federal Contract Tower,0,3,17,2,22,0,5,103,1,109,0,8,120,3,131,34,0,34,165
06/15/2017,GON,CT,ANE,EN,Federal Contract Tower,0,5,33,3,41,0,4,113,12,129,0,9,146,15,170,54,4,58,228
06/16/2017,GON,CT,ANE,EN,Federal Contract Tower,0,7,22,0,29,0,0,21,2,23,0,7,43,2,52,16,0,16,68
06/17/2017,GON,CT,ANE,EN,Federal Contract Tower,0,4,19,0,23,0,0,0,0,0,0,4,19,0,23,4,0,4,27
06/18/2017,GON,CT,ANE,EN,Federal Contract Tower,0,6,24,0,30,0,1,0,0,1,0,7,24,0,31,2,0,2,33
06/19/2017,GON,CT,ANE,EN,Federal Contract Tower,0,8,15,2,25,0,0,9,0,9,0,8,24,2,34,6,0,6,40
06/20/2017,GON,CT,ANE,EN,Federal Contract Tower,0,5,19,0,24,0,1,49,0,50,0,6,68,0,74,38,0,38,112
06/21/2017,GON,CT,ANE,EN,Federal Contract Tower,0,2,38,2,42,0,2,66,3,71,0,4,104,5,113,36,18,54,167
06/22/2017,GON,CT,ANE,EN,Federal Contract Tower,0,6,22,6,34,0,5,129,1,135,0,11,151,7,169,44,12,56,225
06/23/2017,GON,CT,ANE,EN,Federal Contract Tower,0,14,30,0,44,0,5,60,0,65,0,19,90,0,109,50,0,50,159
06/24/2017,GON,CT,ANE,EN,Federal Contract Tower,0,9,19,0,28,0,5,50,2,57,0,14,69,2,85,42,0,42,127
06/25/2017,GON,CT,ANE,EN,Federal Contract Tower,0,6,20,1,27,0,3,110,8,121,0,9,130,9,148,62,0,62,210
06/26/2017,GON,CT,ANE,EN,Federal Contract Tower,0,2,16,0,18,0,5,78,0,83,0,7,94,0,101,62,0,62,163
06/27/2017,GON,CT,ANE,EN,Federal Contract Tower,0,2,19,0,21,0,1,58,1,60,0,3,77,1,81,38,0,38,119
06/28/2017,GON,CT,ANE,EN,Federal Contract Tower,0,4,23,7,34,0,5,82,2,89,0,9,105,9,123,52,0,52,175
06/29/2017,GON,CT,ANE,EN,Federal Contract Tower,0,7,22,2,31,0,9,76,2,87,0,16,98,4,118,58,0,58,176
06/30/2017,GON,CT,ANE,EN,Federal Contract Tower,0,7,32,2,41,0,8,76,3,87,0,15,108,5,128,96,0,96,224
07/01/2017,GON,CT,ANE,EN,Federal Contract Tower,0,9,39,0,48,0,2,4,0,6,0,11,43,0,54,4,0,4,58
07/02/2017,GON,CT,ANE,EN,Federal Contract Tower,0,6,23,0,29,0,1,104,2,107,0,7,127,2,136,146,0,146,282
07/03/2017,GON,CT,ANE,EN,Federal Contract Tower,0,3,18,0,21,0,10,90,1,101,0,13,108,1,122,84,0,84,206
07/04/2017,GON,CT,ANE,EN,Federal Contract Tower,0,3,8,0,11,0,6,65,0,71,0,9,73,0,82,84,0,84,166
07/05/2017,GON,CT,ANE,EN,Federal Contract Tower,0,7,22,0,29,0,7,92,5,104,0,14,114,5,133,46,0,46,179
07/06/2017,GON,CT,ANE,EN,Federal Contract Tower,0,11,5,2,18,0,6,94,5,105,0,17,99,7,123,46,14,60,183
07/07/2017,GON,CT,ANE,EN,Federal Contract Tower,0,8,33,0,41,0,2,12,0,14,0,10,45,0,55,0,0,0,55
07/08/2017,GON,CT,ANE,EN,Federal Contract Tower,0,3,13,0,16,0,6,68,5,79,0,9,81,5,95,60,0,60,155
07/09/2017,GON,CT,ANE,EN,Federal Contract Tower,0,5,31,2,38,0,6,95,2,103,0,11,126,4,141,88,0,88,229
07/10/2017,GON,CT,ANE,EN,Federal Contract Tower,0,1,17,0,18,0,7,108,0,115,0,8,125,0,133,46,0,46,179
07/11/2017,GON,CT,ANE,EN,Federal Contract Tower,0,3,10,0,13,0,2,28,7,37,0,5,38,7,50,32,8,40,90
07/12/2017,GON,CT,ANE,EN,Federal Contract Tower,0,7,20,1,28,0,1,35,0,36,0,8,55,1,64,16,0,16,80
07/13/2017,GON,CT,ANE,EN,Federal Contract Tower,0,5,22,0,27,0,0,49,0,49,0,5,71,0,76,56,0,56,132
07/14/2017,GON,CT,ANE,EN,Federal Contract Tower,0,14,43,0,57,0,0,0,0,0,0,14,43,0,57,0,0,0,57
07/15/2017,GON,CT,ANE,EN,Federal Contract Tower,0,7,33,1,41,0,1,74,3,78,0,8,107,4,119,34,0,34,153
07/16/2017,GON,CT,ANE,EN,Federal Contract Tower,0,1,20,0,21,0,14,121,0,135,0,15,141,0,156,70,0,70,226
07/17/2017,GON,CT,ANE,EN,Federal Contract Tower,0,7,21,2,30,0,1,80,6,87,0,8,101,8,117,94,0,94,211
07/18/2017,GON,CT,ANE,EN,Federal Contract Tower,0,5,27,2,34,0,0,66,6,72,0,5,93,8,106,108,46,154,260
07/19/2017,GON,CT,ANE,EN,Federal Contract Tower,0,3,34,1,38,0,3,75,2,80,0,6,109,3,118,12,0,12,130
07/20/2017,GON,CT,ANE,EN,Federal Contract Tower,0,7,14,3,24,0,5,111,11,127,0,12,125,14,151,86,0,86,237
07/21/2017,GON,CT,ANE,EN,Federal Contract Tower,0,11,26,0,37,0,6,131,0,137,0,17,157,0,174,108,2,110,284
07/22/2017,GON,CT,ANE,EN,Federal Contract Tower,0,7,11,0,18,0,2,125,0,127,0,9,136,0,145,100,0,100,245
07/23/2017,GON,CT,ANE,EN,Federal Contract Tower,0,3,25,0,28,0,6,73,2,81,0,9,98,2,109,60,2,62,171
07/24/2017,GON,CT,ANE,EN,Federal Contract Tower,0,5,35,3,43,0,2,5,0,7,0,7,40,3,50,8,0,8,58
07/25/2017,GON,CT,ANE,EN,Federal Contract Tower,0,6,31,3,40,0,1,46,5,52,0,7,77,8,92,64,30,94,186
07/26/2017,GON,CT,ANE,EN,Federal Contract Tower,0,4,25,1,30,0,0,132,6,138,0,4,157,7,168,82,2,84,252
07/27/2017,GON,CT,ANE,EN,Federal Contract Tower,0,7,32,2,41,0,6,72,15,93,0,13,104,17,134,66,2,68,202
07/28/2017,GON,CT,ANE,EN,Federal Contract Tower,0,14,24,3,41,0,7,104,18,129,0,21,128,21,170,78,12,90,260
07/29/2017,GON,CT,ANE,EN,Federal Contract Tower,0,1,8,0,9,0,1,37,11,49,0,2,45,11,58,14,0,14,72
07/30/2017,GON,CT,ANE,EN,Federal Contract Tower,0,4,17,2,23,0,3,107,7,117,0,7,124,9,140,106,0,106,246
07/31/2017,GON,CT,ANE,EN,Federal Contract Tower,0,7,13,2,22,0,8,91,7,106,0,15,104,9,128,70,0,70,198
08/01/2017,GON,CT,ANE,EN,Federal Contract Tower,0,7,17,0,24,0,1,123,15,139,0,8,140,15,163,46,4,50,213
08/02/2017,GON,CT,ANE,EN,Federal Contract Tower,0,11,23,4,38,0,3,19,3,25,0,14,42,7,63,6,0,6,69
08/03/2017,GON,CT,ANE,EN,Federal Contract Tower,1,14,25,2,42,0,2,93,11,106,1,16,118,13,148,90,10,100,248
08/04/2017,GON,CT,ANE,EN,Federal Contract Tower,0,12,35,0,47,0,4,79,0,83,0,16,114,0,130,52,0,52,182
08/05/2017,GON,CT,ANE,EN,Federal Contract Tower,0,14,15,0,29,0,1,19,0,20,0,15,34,0,49,30,0,30,79
08/06/2017,GON,CT,ANE,EN,Federal Contract Tower,0,4,15,3,22,0,8,111,2,121,0,12,126,5,143,82,0,82,225
08/07/2017,GON,CT,ANE,EN,Federal Contract Tower,0,1,17,0,18,0,3,36,1,40,0,4,53,1,58,50,2,52,110
08/08/2017,GON,CT,ANE,EN,Federal Contract Tower,0,3,34,0,37,0,7,42,0,49,0,10,76,0,86,16,0,16,102
08/09/2017,GON,CT,ANE,EN,Federal Contract Tower,0,3,26,3,32,0,2,128,13,143,0,5,154,16,175,84,4,88,263
08/10/2017,GON,CT,ANE,EN,Federal Contract Tower,0,7,26,2,35,0,6,144,1,151,0,13,170,3,186,60,0,60,246
08/11/2017,GON,CT,ANE,EN,Federal Contract Tower,0,5,24,1,30,0,11,129,12,152,0,16,153,13,182,96,4,100,282
08/12/2017,GON,CT,ANE,EN,Federal Contract Tower,0,8,39,0,47,0,1,26,0,27,0,9,65,0,74,30,0,30,104
08/13/2017,GON,CT,ANE,EN,Federal Contract Tower,0,9,37,0,46,0,6,84,0,90,0,15,121,0,136,20,0,20,156
08/14/2017,GON,CT,ANE,EN,Federal Contract Tower,0,3,18,1,22,0,14,83,0,97,0,17,101,1,119,120,4,124,243
08/15/2017,GON,CT,ANE,EN,Federal Contract Tower,0,6,36,1,43,0,1,74,9,84,0,7,110,10,127,62,0,62,189
08/16/2017,GON,CT,ANE,EN,Federal Contract Tower,0,6,21,1,28,0,4,113,41,158,0,10,134,42,186,42,12,54,240
08/17/2017,GON,CT,ANE,EN,Federal Contract Tower,0,5,29,1,35,0,5,125,26,156,0,10,154,27,191,126,0,126,317
08/18/2017,GON,CT,ANE,EN,Federal Contract Tower,0,15,27,0,42,0,0,0,0,0,0,15,27,0,42,0,0,0,42
08/19/2017,GON,CT,ANE,EN,Federal Contract Tower,0,6,14,0,20,0,3,183,2,188,0,9,197,2,208,60,0,60,268
08/20/2017,GON,CT,ANE,EN,Federal Contract Tower,0,8,22,0,30,0,7,98,13,118,0,15,120,13,148,80,0,80,228
08/21/2017,GON,CT,ANE,EN,Federal Contract Tower,0,2,20,2,24,0,4,75,4,83,0,6,95,6,107,58,0,58,165
08/22/2017,GON,CT,ANE,EN,Federal Contract Tower,0,2,30,6,38,0,0,33,2,35,0,2,63,8,73,26,0,26,99
08/23/2017,GON,CT,ANE,EN,Federal Contract Tower,0,0,14,0,14,0,8,99,2,109,0,8,113,2,123,56,8,64,187
08/24/2017,GON,CT,ANE,EN,Federal Contract Tower,0,7,16,0,23,0,12,95,7,114,0,19,111,7,137,108,8,116,253
08/25/2017,GON,CT,ANE,EN,Federal Contract Tower,0,4,20,0,24,0,5,132,7,144,0,9,152,7,168,82,0,82,250
08/26/2017,GON,CT,ANE,EN,Federal Contract Tower,0,6,18,1,25,0,1,105,0,106,0,7,123,1,131,122,0,122,253
08/27/2017,GON,CT,ANE,EN,Federal Contract Tower,0,6,11,0,17,0,4,108,0,112,0,10,119,0,129,74,0,74,203
08/28/2017,GON,CT,ANE,EN,Federal Contract Tower,0,4,23,0,27,0,0,89,0,89,0,4,112,0,116,64,0,64,180
08/29/2017,GON,CT,ANE,EN,Federal Contract Tower,0,3,19,3,25,0,1,51,8,60,0,4,70,11,85,8,2,10,95
08/30/2017,GON,CT,ANE,EN,Federal Contract Tower,0,3,20,5,28,0,1,69,5,75,0,4,89,10,103,32,6,38,141
08/31/2017,GON,CT,ANE,EN,Federal Contract Tower,0,2,21,0,23,0,4,79,2,85,0,6,100,2,108,38,2,40,148
09/01/2017,GON,CT,ANE,EN,Federal Contract Tower,0,3,19,0,22,0,4,80,11,95,0,7,99,11,117,26,0,26,143
09/02/2017,GON,CT,ANE,EN,Federal Contract Tower,0,4,6,0,10,0,2,132,0,134,0,6,138,0,144,80,0,80,224
09/03/2017,GON,CT,ANE,EN,Federal Contract Tower,0,6,20,0,26,0,1,4,0,5,0,7,24,0,31,0,0,0,31
09/04/2017,GON,CT,ANE,EN,Federal Contract Tower,0,1,11,0,12,0,1,104,1,106,0,2,115,1,118,54,0,54,172
09/05/2017,GON,CT,ANE,EN,Federal Contract Tower,0,1,15,1,17,0,2,48,1,51,0,3,63,2,68,50,0,50,118
09/06/2017,GON,CT,ANE,EN,Federal Contract Tower,0,19,22,4,45,0,2,2,0,4,0,21,24,4,49,0,0,0,49
09/07/2017,GON,CT,ANE,EN,Federal Contract Tower,0,5,35,1,41,0,1,71,13,85,0,6,106,14,126,40,0,40,166
09/08/2017,GON,CT,ANE,EN,Federal Contract Tower,0,1,21,2,24,0,9,107,12,128,0,10,128,14,152,70,4,74,226
09/09/2017,GON,CT,ANE,EN,Federal Contract Tower,0,4,16,2,22,0,3,107,12,122,0,7,123,14,144,32,14,46,190
09/10/2017,GON,CT,ANE,EN,Federal Contract Tower,0,2,13,0,15,0,2,87,6,95,0,4,100,6,110,46,0,46,156
09/11/2017,GON,CT,ANE,EN,Federal Contract Tower,0,3,14,1,18,0,0,93,9,102,0,3,107,10,120,100,0,100,220
09/12/2017,GON,CT,ANE,EN,Federal Contract Tower,0,2,9,0,11,0,4,96,5,105,0,6,105,5,116,86,2,88,204
09/13/2017,GON,CT,ANE,EN,Federal Contract Tower,0,2,15,1,18,0,3,86,9,98,0,5,101,10,116,36,4,40,156
09/14/2017,GON,CT,ANE,EN,Federal Contract Tower,0,3,17,2,22,0,0,42,8,50,0,3,59,10,72,16,28,44,116
09/15/2017,GON,CT,ANE,EN,Federal Contract Tower,0,9,24,1,34,0,5,68,9,82,0,14,92,10,116,44,22,66,182
09/16/2017,GON,CT,ANE,EN,Federal Contract Tower,0,8,39,0,47,0,1,20,0,21,0,9,59,0,68,4,0,4,72
09/17/2017,GON,CT,ANE,EN,Federal Contract Tower,0,7,42,0,49,0,0,7,0,7,0,7,49,0,56,0,0,0,56
09/18/2017,GON,CT,ANE,EN,Federal Contract Tower,0,6,29,4,39,0,2,10,0,12,0,8,39,4,51,26,0,26,77
09/19/2017,GON,CT,ANE,EN,Federal Contract Tower,0,4,9,3,16,0,0,3,1,4,0,4,12,4,20,0,0,0,20
09/20/2017,GON,CT,ANE,EN,Federal Contract Tower,0,0,6,1,7,0,0,0,6,6,0,0,6,7,13,0,18,18,31
09/21/2017,GON,CT,ANE,EN,Federal Contract Tower,0,2,26,0,28,0,3,40,9,52,0,5,66,9,80,10,30,40,120
09/22/2017,GON,CT,ANE,EN,Federal Contract Tower,0,8,20,0,28,0,4,21,4,29,0,12,41,4,57,0,0,0,57
09/23/2017,GON,CT,ANE,EN,Federal Contract Tower,0,3,21,0,24,0,2,75,4,81,0,5,96,4,105,40,0,40,145
09/24/2017,GON,CT,ANE,EN,Federal Contract Tower,0,6,12,0,18,0,3,104,1,108,0,9,116,1,126,50,0,50,176
09/25/2017,GON,CT,ANE,EN,Federal Contract Tower,0,6,25,3,34,0,1,66,4,71,0,7,91,7,105,58,0,58,163
09/26/2017,GON,CT,ANE,EN,Federal Contract Tower,0,4,19,0,23,0,2,34,2,38,0,6,53,2,61,28,0,28,89
09/27/2017,GON,CT,ANE,EN,Federal Contract Tower,0,9,26,1,36,0,0,32,6,38,0,9,58,7,74,8,8,16,90
09/28/2017,GON,CT,ANE,EN,Federal Contract Tower,0,4,22,3,29,0,0,53,10,63,0,4,75,13,92,20,6,26,118
09/29/2017,GON,CT,ANE,EN,Federal Contract Tower,0,5,16,4,25,0,5,119,6,130,0,10,135,10,155,94,10,104,259
09/30/2017,GON,CT,ANE,EN,Federal Contract Tower,0,2,7,2,11,0,1,24,0,25,0,3,31,2,36,36,0,36,72
10/01/2017,GON,CT,ANE,EN,Federal Contract Tower,0,1,18,0,19,0,7,121,0,128,0,8,139,0,147,80,0,80,227
10/02/2017,GON,CT,ANE,EN,Federal Contract Tower,0,2,23,0,25,0,0,80,3,83,0,2,103,3,108,96,0,96,204
10/03/2017,GON,CT,ANE,EN,Federal Contract Tower,0,7,22,2,31,0,4,79,3,86,0,11,101,5,117,68,0,68,185
10/04/2017,GON,CT,ANE,EN,Federal Contract Tower,0,1,23,3,27,0,2,117,7,126,0,3,140,10,153,66,8,74,227
10/05/2017,GON,CT,ANE,EN,Federal Contract Tower,0,4,23,1,28,0,10,132,11,153,0,14,155,12,181,32,2,34,215
10/06/2017,GON,CT,ANE,EN,Federal Contract Tower,0,1,33,0,34,0,9,260,0,269,0,10,293,0,303,0,0,0,303
10/07/2017,GON,CT,ANE,EN,Federal Contract Tower,0,3,135,0,138,0,1,158,0,159,0,4,293,0,297,0,0,0,297
10/08/2017,GON,CT,ANE,EN,Federal Contract Tower,0,5,19,0,24,0,1,4,0,5,0,6,23,0,29,10,0,10,39
10/09/2017,GON,CT,ANE,EN,Federal Contract Tower,0,1,10,0,11,0,0,2,0,2,0,1,12,0,13,0,0,0,13
10/10/2017,GON,CT,ANE,EN,Federal Contract Tower,0,1,10,1,12,0,0,61,1,62,0,1,71,2,74,32,6,38,112
10/11/2017,GON,CT,ANE,EN,Federal Contract Tower,0,3,19,0,22,0,3,67,2,72,0,6,86,2,94,46,4,50,144
10/12/2017,GON,CT,ANE,EN,Federal Contract Tower,0,4,14,4,22,0,3,66,2,71,0,7,80,6,93,50,18,68,161
10/13/2017,GON,CT,ANE,EN,Federal Contract Tower,0,5,33,0,38,0,7,123,6,136,0,12,156,6,174,84,0,84,258
10/14/2017,GON,CT,ANE,EN,Federal Contract Tower,0,4,35,4,43,0,0,0,0,0,0,4,35,4,43,0,0,0,43
10/15/2017,GON,CT,ANE,EN,Federal Contract Tower,0,5,29,0,34,0,1,3,0,4,0,6,32,0,38,0,0,0,38
10/16/2017,GON,CT,ANE,EN,Federal Contract Tower,0,3,18,0,21,0,0,39,0,39,0,3,57,0,60,22,0,22,82
10/17/2017,GON,CT,ANE,EN,Federal Contract Tower,0,3,14,1,18,0,4,81,22,107,0,7,95,23,125,36,4,40,165
10/18/2017,GON,CT,ANE,EN,Federal Contract Tower,0,4,13,2,19,0,0,81,5,86,0,4,94,7,105,54,4,58,163
10/19/2017,GON,CT,ANE,EN,Federal Contract Tower,0,1,10,3,14,0,7,79,7,93,0,8,89,10,107,48,8,56,163
10/20/2017,GON,CT,ANE,EN,Federal Contract Tower,0,3,23,2,28,0,3,106,4,113,0,6,129,6,141,50,0,50,191
10/21/2017,GON,CT,ANE,EN,Federal Contract Tower,0,2,17,0,19,0,0,144,1,145,0,2,161,1,164,42,0,42,206
10/22/2017,GON,CT,ANE,EN,Federal Contract Tower,0,1,8,1,10,0,1,96,1,98,0,2,104,2,108,82,0,82,190
10/23/2017,GON,CT,ANE,EN,Federal Contract Tower,0,2,28,0,30,0,0,18,2,20,0,2,46,2,50,0,0,0,50
10/24/2017,GON,CT,ANE,EN,Federal Contract Tower,0,0,7,0,7,0,0,10,0,10,0,0,17,0,17,2,0,2,19
10/25/2017,GON,CT,ANE,EN,Federal Contract Tower,0,1,38,4,43,0,0,0,0,0,0,1,38,4,43,0,0,0,43
10/26/2017,GON,CT,ANE,EN,Federal Contract Tower,0,0,17,0,17,0,0,29,4,33,0,0,46,4,50,40,4,44,94
10/27/2017,GON,CT,ANE,EN,Federal Contract Tower,0,7,22,0,29,0,3,114,0,117,0,10,136,0,146,78,0,78,224
10/28/2017,GON,CT,ANE,EN,Federal Contract Tower,0,0,28,1,29,0,0,143,19,162,0,0,171,20,191,94,0,94,285
10/29/2017,GON,CT,ANE,EN,Federal Contract Tower,0,2,7,0,9,0,0,6,0,6,0,2,13,0,15,2,0,2,17
10/30/2017,GON,CT,ANE,EN,Federal Contract Tower,0,0,6,0,6,0,0,10,0,10,0,0,16,0,16,0,0,0,16
10/31/2017,GON,CT,ANE,EN,Federal Contract Tower,0,0,14,0,14,0,1,38,4,43,0,1,52,4,57,34,0,34,91
11/01/2017,GON,CT,ANE,EN,Federal Contract Tower,0,1,20,5,26,0,0,56,26,82,0,1,76,31,108,22,0,22,130
11/02/2017,GON,CT,ANE,EN,Federal Contract Tower,0,4,17,1,22,0,3,62,26,91,0,7,79,27,113,34,0,34,147
11/03/2017,GON,CT,ANE,EN,Federal Contract Tower,0,9,12,1,22,0,4,40,13,57,0,13,52,14,79,18,0,18,97
11/04/2017,GON,CT,ANE,EN,Federal Contract Tower,0,3,20,2,25,0,8,148,4,160,0,11,168,6,185,106,0,106,291
11/05/2017,GON,CT,ANE,EN,Federal Contract Tower,0,1,44,2,47,0,0,12,0,12,0,1,56,2,59,18,0,18,77
11/06/2017,GON,CT,ANE,EN,Federal Contract Tower,0,2,11,0,13,0,0,4,0,4,0,2,15,0,17,0,0,0,17
11/07/2017,GON,CT,ANE,EN,Federal Contract Tower,0,2,16,0,18,0,0,71,0,71,0,2,87,0,89,34,4,38,127
11/08/2017,GON,CT,ANE,EN,Federal Contract Tower,0,0,26,3,29,0,2,35,5,42,0,2,61,8,71,14,0,14,85
11/09/2017,GON,CT,ANE,EN,Federal Contract Tower,0,2,18,1,21,0,2,67,2,71,0,4,85,3,92,24,0,24,116
11/10/2017,GON,CT,ANE,EN,Federal Contract Tower,0,1,10,0,11,0,0,20,0,20,0,1,30,0,31,2,0,2,33
11/11/2017,GON,CT,ANE,EN,Federal Contract Tower,0,4,7,2,13,0,1,88,10,99,0,5,95,12,112,82,0,82,194
11/12/2017,GON,CT,ANE,EN,Federal Contract Tower,0,1,14,1,16,0,0,77,4,81,0,1,91,5,97,44,6,50,147
11/13/2017,GON,CT,ANE,EN,Federal Contract Tower,0,0,13,0,13,0,0,27,0,27,0,0,40,0,40,16,0,16,56
11/14/2017,GON,CT,ANE,EN,Federal Contract Tower,0,1,6,1,8,0,0,25,30,55,0,1,31,31,63,36,0,36,99
11/15/2017,GON,CT,ANE,EN,Federal Contract Tower,0,2,24,3,29,0,0,73,4,77,0,2,97,7,106,22,6,28,134
11/16/2017,GON,CT,ANE,EN,Federal Contract Tower,0,6,18,2,26,0,0,22,2,24,0,6,40,4,50,6,0,6,56
11/17/2017,GON,CT,ANE,EN,Federal Contract Tower,0,0,6,0,6,0,2,41,10,53,0,2,47,10,59,18,0,18,77
11/18/2017,GON,CT,ANE,EN,Federal Contract Tower,0,5,10,0,15,0,2,83,51,136,0,7,93,51,151,56,10,66,217
11/19/2017,GON,CT,ANE,EN,Federal Contract Tower,0,2,1,2,5,0,0,16,7,23,0,2,17,9,28,2,0,2,30
11/20/2017,GON,CT,ANE,EN,Federal Contract Tower,0,1,11,0,12,0,6,51,0,57,0,7,62,0,69,24,2,26,95
11/21/2017,GON,CT,ANE,EN,Federal Contract Tower,0,5,9,4,18,0,3,62,0,65,0,8,71,4,83,20,0,20,103
11/22/2017,GON,CT,ANE,EN,Federal Contract Tower,0,4,26,0,30,0,0,10,0,10,0,4,36,0,40,0,0,0,40
11/23/2017,GON,CT,ANE,EN,Federal Contract Tower,0,4,5,0,9,0,0,41,0,41,0,4,46,0,50,10,0,10,60
11/24/2017,GON,CT,ANE,EN,Federal Contract Tower,0,1,11,0,12,0,1,116,8,125,0,2,127,8,137,52,8,60,197
11/25/2017,GON,CT,ANE,EN,Federal Contract Tower,0,3,11,0,14,0,0,70,2,72,0,3,81,2,86,42,0,42,128
11/26/2017,GON,CT,ANE,EN,Federal Contract Tower,0,2,18,0,20,0,2,70,0,72,0,4,88,0,92,40,0,40,132
11/27/2017,GON,CT,ANE,EN,Federal Contract Tower,0,1,20,0,21,0,2,38,0,40,0,3,58,0,61,20,0,20,81
11/28/2017,GON,CT,ANE,EN,Federal Contract Tower,0,0,13,0,13,0,0,65,14,79,0,0,78,14,92,24,0,24,116
11/29/2017,GON,CT,ANE,EN,Federal Contract Tower,0,4,11,0,15,0,1,44,0,45,0,5,55,0,60,2,0,2,62
11/30/2017,GON,CT,ANE,EN,Federal Contract Tower,0,0,23,1,24,0,1,81,5,87,0,1,104,6,111,40,4,44,155
12/01/2017,GON,CT,ANE,EN,Federal Contract Tower,0,7,14,0,21,0,6,87,8,101,0,13,101,8,122,68,12,80,202
12/02/2017,GON,CT,ANE,EN,Federal Contract Tower,0,0,3,0,3,0,0,154,2,156,0,0,157,2,159,108,0,108,267
12/03/2017,GON,CT,ANE,EN,Federal Contract Tower,0,1,12,1,14,0,2,65,1,68,0,3,77,2,82,30,0,30,112
12/04/2017,GON,CT,ANE,EN,Federal Contract Tower,0,3,10,0,13,0,2,77,1,80,0,5,87,1,93,72,0,72,165
12/05/2017,GON,CT,ANE,EN,Federal Contract Tower,0,3,16,3,22,0,0,6,0,6,0,3,22,3,28,0,0,0,28
12/06/2017,GON,CT,ANE,EN,Federal Contract Tower,0,2,15,1,18,0,2,57,10,69,0,4,72,11,87,12,4,16,103
12/07/2017,GON,CT,ANE,EN,Federal Contract Tower,0,2,13,1,16,0,0,66,12,78,0,2,79,13,94,10,2,12,106
12/08/2017,GON,CT,ANE,EN,Federal Contract Tower,0,2,17,2,21,0,3,92,0,95,0,5,109,2,116,40,0,40,156
12/09/2017,GON,CT,ANE,EN,Federal Contract Tower,0,2,3,0,5,0,0,2,0,2,0,2,5,0,7,0,0,0,7
12/10/2017,GON,CT,ANE,EN,Federal Contract Tower,0,2,7,0,9,0,0,47,0,47,0,2,54,0,56,74,0,74,130
12/11/2017,GON,CT,ANE,EN,Federal Contract Tower,0,4,24,2,30,0,3,56,3,62,0,7,80,5,92,36,2,38,130
12/12/2017,GON,CT,ANE,EN,Federal Contract Tower,0,0,4,0,4,0,0,8,0,8,0,0,12,0,12,0,0,0,12
12/13/2017,GON,CT,ANE,EN,Federal Contract Tower,0,5,13,0,18,0,1,15,9,25,0,6,28,9,43,24,13,37,80
12/14/2017,GON,CT,ANE,EN,Federal Contract Tower,0,0,8,2,10,0,0,26,0,26,0,0,34,2,36,28,12,40,76
12/15/2017,GON,CT,ANE,EN,Federal Contract Tower,0,2,12,2,16,0,5,37,3,45,0,7,49,5,61,30,0,30,91
12/16/2017,GON,CT,ANE,EN,Federal Contract Tower,0,1,12,0,13,0,4,56,4,64,0,5,68,4,77,38,0,38,115
12/17/2017,GON,CT,ANE,EN,Federal Contract Tower,0,3,12,0,15,0,4,50,1,55,0,7,62,1,70,32,0,32,102
12/18/2017,GON,CT,ANE,EN,Federal Contract Tower,0,1,14,0,15,0,0,5,0,5,0,1,19,0,20,0,0,0,20
12/19/2017,GON,CT,ANE,EN,Federal Contract Tower,0,0,12,1,13,0,0,66,6,72,0,0,78,7,85,38,0,38,123
12/20/2017,GON,CT,ANE,EN,Federal Contract Tower,0,1,5,0,6,0,0,100,4,104,0,1,105,4,110,28,6,34,144
12/21/2017,GON,CT,ANE,EN,Federal Contract Tower,0,6,15,2,23,0,3,96,1,100,0,9,111,3,123,52,0,52,175
12/22/2017,GON,CT,ANE,EN,Federal Contract Tower,0,7,16,0,23,0,6,26,2,34,0,13,42,2,57,18,2,20,77
12/23/2017,GON,CT,ANE,EN,Federal Contract Tower,0,2,4,0,6,0,0,0,0,0,0,2,4,0,6,0,0,0,6
12/24/2017,GON,CT,ANE,EN,Federal Contract Tower,0,0,5,0,5,0,0,46,0,46,0,0,51,0,51,4,0,4,55
12/25/2017,GON,CT,ANE,EN,Federal Contract Tower,0,0,1,0,1,0,0,0,0,0,0,0,1,0,1,0,0,0,1
12/26/2017,GON,CT,ANE,EN,Federal Contract Tower,0,2,16,0,18,0,0,49,0,49,0,2,65,0,67,16,0,16,83
12/27/2017,GON,CT,ANE,EN,Federal Contract Tower,0,0,12,1,13,0,1,67,3,71,0,1,79,4,84,70,0,70,154
12/28/2017,GON,CT,ANE,EN,Federal Contract Tower,0,1,4,0,5,0,0,18,2,20,0,1,22,2,25,12,0,12,37
12/29/2017,GON,CT,ANE,EN,Federal Contract Tower,0,3,5,0,8,0,1,57,2,60,0,4,62,2,68,20,0,20,88
12/30/2017,GON,CT,ANE,EN,Federal Contract Tower,0,4,4,0,8,0,0,3,0,3,0,4,7,0,11,6,0,6,17
12/31/2017,GON,CT,ANE,EN,Federal Contract Tower,0,0,2,0,2,0,0,9,0,9,0,0,11,0,11,0,0,0,11
01/01/2018,GON,CT,ANE,EN,Federal Contract Tower,0,0,7,0,7,0,0,14,2,16,0,0,21,2,23,22,0,22,45
01/02/2018,GON,CT,ANE,EN,Federal Contract Tower,0,0,5,0,5,0,0,63,0,63,0,0,68,0,68,14,0,14,82
01/03/2018,GON,CT,ANE,EN,Federal Contract Tower,0,0,10,0,10,0,1,67,3,71,0,1,77,3,81,36,0,36,117
01/04/2018,GON,CT,ANE,EN,Federal Contract Tower,0,0,0,0,0,0,0,0,0,0,0,0,0,0,0,0,0,0,0
01/05/2018,GON,CT,ANE,EN,Federal Contract Tower,0,0,1,0,1,0,0,2,2,4,0,0,3,2,5,0,0,0,5
01/06/2018,GON,CT,ANE,EN,Federal Contract Tower,0,0,5,0,5,0,0,2,0,2,0,0,7,0,7,0,0,0,7
01/07/2018,GON,CT,ANE,EN,Federal Contract Tower,0,2,6,4,12,0,0,17,2,19,0,2,23,6,31,30,0,30,61
01/08/2018,GON,CT,ANE,EN,Federal Contract Tower,0,0,9,0,9,0,0,8,0,8,0,0,17,0,17,12,0,12,29
01/09/2018,GON,CT,ANE,EN,Federal Contract Tower,0,0,10,0,10,0,0,25,4,29,0,0,35,4,39,26,0,26,65
01/10/2018,GON,CT,ANE,EN,Federal Contract Tower,0,0,12,1,13,0,3,66,10,79,0,3,78,11,92,48,0,48,140
01/11/2018,GON,CT,ANE,EN,Federal Contract Tower,0,0,14,1,15,0,2,11,4,17,0,2,25,5,32,2,0,2,34
01/12/2018,GON,CT,ANE,EN,Federal Contract Tower,0,0,5,0,5,0,0,0,0,0,0,0,5,0,5,0,0,0,5
01/13/2018,GON,CT,ANE,EN,Federal Contract Tower,0,0,9,0,9,0,0,4,0,4,0,0,13,0,13,0,0,0,13
01/14/2018,GON,CT,ANE,EN,Federal Contract Tower,0,0,8,0,8,0,0,59,15,74,0,0,67,15,82,34,0,34,116
01/15/2018,GON,CT,ANE,EN,Federal Contract Tower,0,1,10,0,11,0,1,9,0,10,0,2,19,0,21,28,0,28,49
01/16/2018,GON,CT,ANE,EN,Federal Contract Tower,0,3,6,0,9,0,2,29,6,37,0,5,35,6,46,24,20,44,90
01/18/2018,GON,CT,ANE,EN,Federal Contract Tower,0,0,11,6,17,0,2,65,15,82,0,2,76,21,99,68,10,78,177
01/19/2018,GON,CT,ANE,EN,Federal Contract Tower,0,2,10,0,12,0,3,67,6,76,0,5,77,6,88,94,0,94,182
01/20/2018,GON,CT,ANE,EN,Federal Contract Tower,0,2,9,0,11,0,3,55,4,62,0,5,64,4,73,14,0,14,87
01/21/2018,GON,CT,ANE,EN,Federal Contract Tower,0,2,23,0,25,0,4,70,7,81,0,6,93,7,106,56,0,56,162
01/22/2018,GON,CT,ANE,EN,Federal Contract Tower,0,1,8,3,12,0,1,0,0,1,0,2,8,3,13,0,2,2,15
01/23/2018,GON,CT,ANE,EN,Federal Contract Tower,0,2,7,0,9,0,1,1,0,2,0,3,8,0,11,0,0,0,11
01/24/2018,GON,CT,ANE,EN,Federal Contract Tower,0,1,21,0,22,0,2,72,6,80,0,3,93,6,102,28,12,40,142
01/25/2018,GON,CT,ANE,EN,Federal Contract Tower,0,2,9,0,11,0,0,29,18,47,0,2,38,18,58,16,22,38,96
01/26/2018,GON,CT,ANE,EN,Federal Contract Tower,0,3,15,0,18,0,1,62,2,65,0,4,77,2,83,22,0,22,105
01/27/2018,GON,CT,ANE,EN,Federal Contract Tower,0,2,5,0,7,0,4,77,4,85,0,6,82,4,92,56,0,56,148
01/28/2018,GON,CT,ANE,EN,Federal Contract Tower,0,1,10,0,11,0,0,0,0,0,0,1,10,0,11,2,0,2,13
01/29/2018,GON,CT,ANE,EN,Federal Contract Tower,0,1,11,0,12,0,0,17,2,19,0,1,28,2,31,2,22,24,55
01/30/2018,GON,CT,ANE,EN,Federal Contract Tower,0,0,2,3,5,0,0,0,0,0,0,0,2,3,5,0,0,0,5
01/31/2018,GON,CT,ANE,EN,Federal Contract Tower,0,3,12,0,15,0,2,77,4,83,0,5,89,4,98,34,18,52,150
02/01/2018,GON,CT,ANE,EN,Federal Contract Tower,0,0,11,0,11,0,3,44,19,66,0,3,55,19,77,30,2,32,109
02/02/2018,GON,CT,ANE,EN,Federal Contract Tower,0,2,4,0,6,0,0,0,0,0,0,2,4,0,6,0,0,0,6
02/03/2018,GON,CT,ANE,EN,Federal Contract Tower,0,3,13,0,16,0,0,80,4,84,0,3,93,4,100,46,0,46,146
02/04/2018,GON,CT,ANE,EN,Federal Contract Tower,0,2,2,0,4,0,0,27,0,27,0,2,29,0,31,14,0,14,45
02/05/2018,GON,CT,ANE,EN,Federal Contract Tower,0,2,11,0,13,0,0,18,0,18,0,2,29,0,31,14,0,14,45
02/06/2018,GON,CT,ANE,EN,Federal Contract Tower,0,2,13,2,17,0,1,45,0,46,0,3,58,2,63,34,0,34,97
02/07/2018,GON,CT,ANE,EN,Federal Contract Tower,0,1,9,0,10,0,0,0,0,0,0,1,9,0,10,0,0,0,10
02/08/2018,GON,CT,ANE,EN,Federal Contract Tower,0,2,13,1,16,0,0,82,5,87,0,2,95,6,103,18,12,30,133
02/09/2018,GON,CT,ANE,EN,Federal Contract Tower,0,5,18,0,23,0,0,92,6,98,0,5,110,6,121,66,4,70,191
02/10/2018,GON,CT,ANE,EN,Federal Contract Tower,0,3,13,1,17,0,2,44,2,48,0,5,57,3,65,84,0,84,149
02/11/2018,GON,CT,ANE,EN,Federal Contract Tower,0,2,3,0,5,0,0,0,0,0,0,2,3,0,5,0,0,0,5
02/12/2018,GON,CT,ANE,EN,Federal Contract Tower,0,5,10,0,15,0,1,47,5,53,0,6,57,5,68,24,0,24,92
02/13/2018,GON,CT,ANE,EN,Federal Contract Tower,0,1,23,1,25,0,1,69,4,74,0,2,92,5,99,22,0,22,121
02/14/2018,GON,CT,ANE,EN,Federal Contract Tower,0,4,9,3,16,0,1,41,3,45,0,5,50,6,61,20,0,20,81
02/15/2018,GON,CT,ANE,EN,Federal Contract Tower,0,2,4,4,10,0,0,1,0,1,0,2,5,4,11,2,0,2,13
02/16/2018,GON,CT,ANE,EN,Federal Contract Tower,0,4,21,2,27,0,0,27,2,29,0,4,48,4,56,34,2,36,92
02/17/2018,GON,CT,ANE,EN,Federal Contract Tower,0,11,2,0,13,0,2,135,7,144,0,13,137,7,157,7,0,7,164
02/18/2018,GON,CT,ANE,EN,Federal Contract Tower,0,1,3,1,5,0,0,49,2,51,0,1,52,3,56,34,0,34,90
02/19/2018,GON,CT,ANE,EN,Federal Contract Tower,0,4,21,0,25,0,1,66,0,67,0,5,87,0,92,90,0,90,182
02/20/2018,GON,CT,ANE,EN,Federal Contract Tower,0,0,7,0,7,0,0,0,0,0,0,0,7,0,7,0,0,0,7
02/21/2018,GON,CT,ANE,EN,Federal Contract Tower,0,0,4,1,5,0,0,2,0,2,0,0,6,1,7,2,0,2,9
02/22/2018,GON,CT,ANE,EN,Federal Contract Tower,0,0,4,0,4,0,2,18,0,20,0,2,22,0,24,16,0,16,40
02/23/2018,GON,CT,ANE,EN,Federal Contract Tower,0,3,16,0,19,0,0,11,2,13,0,3,27,2,32,16,0,16,48
02/24/2018,GON,CT,ANE,EN,Federal Contract Tower,0,0,12,0,12,0,0,52,2,54,0,0,64,2,66,62,0,62,128
02/25/2018,GON,CT,ANE,EN,Federal Contract Tower,0,8,5,0,13,0,0,0,0,0,0,8,5,0,13,0,0,0,13
02/26/2018,GON,CT,ANE,EN,Federal Contract Tower,0,0,10,3,13,0,0,57,2,59,0,0,67,5,72,54,0,54,126
02/27/2018,GON,CT,ANE,EN,Federal Contract Tower,0,0,13,5,18,0,2,154,4,160,0,2,167,9,178,76,0,76,254
03/01/2018,GON,CT,ANE,EN,Federal Contract Tower,0,1,13,4,18,0,0,93,0,93,0,1,106,4,111,56,0,56,167
03/02/2018,GON,CT,ANE,EN,Federal Contract Tower,0,0,2,0,2,0,0,0,0,0,0,0,2,0,2,0,0,0,2
03/03/2018,GON,CT,ANE,EN,Federal Contract Tower,0,2,9,7,18,0,0,6,0,6,0,2,15,7,24,8,0,8,32
03/04/2018,GON,CT,ANE,EN,Federal Contract Tower,0,0,5,0,5,0,3,33,1,37,0,3,38,1,42,42,0,42,84
03/05/2018,GON,CT,ANE,EN,Federal Contract Tower,0,2,11,0,13,0,0,36,0,36,0,2,47,0,49,36,0,36,85
03/06/2018,GON,CT,ANE,EN,Federal Contract Tower,0,3,13,4,20,0,1,82,1,84,0,4,95,5,104,26,0,26,130
03/07/2018,GON,CT,ANE,EN,Federal Contract Tower,0,0,8,2,10,0,0,0,0,0,0,0,8,2,10,0,0,0,10
03/08/2018,GON,CT,ANE,EN,Federal Contract Tower,0,0,13,0,13,0,2,17,0,19,0,2,30,0,32,26,2,28,60
03/09/2018,GON,CT,ANE,EN,Federal Contract Tower,0,6,10,0,16,0,4,41,0,45,0,10,51,0,61,34,4,38,99
03/10/2018,GON,CT,ANE,EN,Federal Contract Tower,0,3,6,3,12,0,0,88,8,96,0,3,94,11,108,86,2,88,196
03/11/2018,GON,CT,ANE,EN,Federal Contract Tower,0,2,13,2,17,0,0,135,8,143,0,2,148,10,160,72,4,76,236
03/12/2018,GON,CT,ANE,EN,Federal Contract Tower,0,0,12,0,12,0,2,68,1,71,0,2,80,1,83,32,0,32,115
03/13/2018,GON,CT,ANE,EN,Federal Contract Tower,0,0,0,0,0,0,0,0,0,0,0,0,0,0,0,0,0,0,0
03/14/2018,GON,CT,ANE,EN,Federal Contract Tower,0,0,12,0,12,0,0,26,2,28,0,0,38,2,40,10,14,24,64
03/15/2018,GON,CT,ANE,EN,Federal Contract Tower,0,1,9,2,12,0,2,35,2,39,0,3,44,4,51,38,10,48,99
03/16/2018,GON,CT,ANE,EN,Federal Contract Tower,0,3,14,0,17,0,1,11,6,18,0,4,25,6,35,8,0,8,43
03/17/2018,GON,CT,ANE,EN,Federal Contract Tower,0,2,5,1,8,0,0,75,3,78,0,2,80,4,86,78,2,80,166
03/18/2018,GON,CT,ANE,EN,Federal Contract Tower,0,0,7,0,7,0,2,80,3,85,0,2,87,3,92,68,14,82,174
03/19/2018,GON,CT,ANE,EN,Federal Contract Tower,0,0,14,0,14,0,0,44,0,44,0,0,58,0,58,44,0,44,102
03/20/2018,GON,CT,ANE,EN,Federal Contract Tower,0,3,21,0,24,0,2,43,9,54,0,5,64,9,78,18,8,26,104
03/21/2018,GON,CT,ANE,EN,Federal Contract Tower,0,0,0,0,0,0,0,0,0,0,0,0,0,0,0,0,0,0,0
03/22/2018,GON,CT,ANE,EN,Federal Contract Tower,0,1,10,7,18,0,1,27,2,30,0,2,37,9,48,72,10,82,130
03/23/2018,GON,CT,ANE,EN,Federal Contract Tower,0,1,15,0,16,0,1,67,0,68,0,2,82,0,84,120,0,120,204
03/24/2018,GON,CT,ANE,EN,Federal Contract Tower,0,0,9,4,13,0,1,96,9,106,0,1,105,13,119,120,26,146,265
03/25/2018,GON,CT,ANE,EN,Federal Contract Tower,0,2,11,1,14,0,0,27,2,29,0,2,38,3,43,68,6,74,117
03/26/2018,GON,CT,ANE,EN,Federal Contract Tower,0,1,13,0,14,0,3,44,0,47,0,4,57,0,61,58,0,58,119
03/27/2018,GON,CT,ANE,EN,Federal Contract Tower,0,0,15,3,18,0,6,63,10,79,0,6,78,13,97,34,14,48,145
03/28/2018,GON,CT,ANE,EN,Federal Contract Tower,0,2,15,0,17,0,1,54,6,61,0,3,69,6,78,88,38,126,204
03/29/2018,GON,CT,ANE,EN,Federal Contract Tower,0,4,20,3,27,0,2,36,7,45,0,6,56,10,72,110,16,126,198
03/30/2018,GON,CT,ANE,EN,Federal Contract Tower,0,1,20,1,22,0,1,1,2,4,0,2,21,3,26,0,0,0,26
03/31/2018,GON,CT,ANE,EN,Federal Contract Tower,0,0,13,3,16,0,3,158,3,164,0,3,171,6,180,122,0,122,302
04/01/2018,GON,CT,ANE,EN,Federal Contract Tower,0,2,5,0,7,0,0,45,0,45,0,2,50,0,52,14,0,14,66
04/02/2018,GON,CT,ANE,EN,Federal Contract Tower,0,1,11,0,12,0,0,27,2,29,0,1,38,2,41,40,0,40,81
04/03/2018,GON,CT,ANE,EN,Federal Contract Tower,0,0,23,0,23,0,0,13,6,19,0,0,36,6,42,14,4,18,60
04/04/2018,GON,CT,ANE,EN,Federal Contract Tower,0,0,8,0,8,0,0,0,0,0,0,0,8,0,8,0,0,0,8
04/05/2018,GON,CT,ANE,EN,Federal Contract Tower,0,0,15,2,17,0,0,50,11,61,0,0,65,13,78,38,28,66,144
04/06/2018,GON,CT,ANE,EN,Federal Contract Tower,0,7,10,0,17,0,2,19,2,23,0,9,29,2,40,22,0,22,62
04/07/2018,GON,CT,ANE,EN,Federal Contract Tower,0,2,4,1,7,0,0,65,5,70,0,2,69,6,77,128,0,128,205
04/08/2018,GON,CT,ANE,EN,Federal Contract Tower,0,2,24,0,26,0,0,83,6,89,0,2,107,6,115,72,0,72,187
04/09/2018,GON,CT,ANE,EN,Federal Contract Tower,0,2,14,3,19,0,0,76,8,84,0,2,90,11,103,56,12,68,171
04/10/2018,GON,CT,ANE,EN,Federal Contract Tower,0,2,5,0,7,0,0,5,3,8,0,2,10,3,15,10,6,16,31
04/11/2018,GON,CT,ANE,EN,Federal Contract Tower,0,1,12,3,16,0,6,89,7,102,0,7,101,10,118,60,10,70,188
04/12/2018,GON,CT,ANE,EN,Federal Contract Tower,0,1,17,3,21,0,2,70,13,85,0,3,87,16,106,82,10,92,198
04/13/2018,GON,CT,ANE,EN,Federal Contract Tower,0,4,15,0,19,0,1,68,17,86,0,5,83,17,105,114,10,124,229
04/14/2018,GON,CT,ANE,EN,Federal Contract Tower,0,2,16,2,20,0,0,87,1,88,0,2,103,3,108,104,0,104,212
04/15/2018,GON,CT,ANE,EN,Federal Contract Tower,0,3,9,0,12,0,0,16,0,16,0,3,25,0,28,18,0,18,46
04/16/2018,GON,CT,ANE,EN,Federal Contract Tower,0,3,6,0,9,0,0,1,0,1,0,3,7,0,10,2,0,2,12
04/17/2018,GON,CT,ANE,EN,Federal Contract Tower,0,0,13,2,15,0,0,35,12,47,0,0,48,14,62,6,24,30,92
04/18/2018,GON,CT,ANE,EN,Federal Contract Tower,0,0,22,1,23,0,0,65,11,76,0,0,87,12,99,88,30,118,217
04/19/2018,GON,CT,ANE,EN,Federal Contract Tower,0,0,22,1,23,0,2,13,0,15,0,2,35,1,38,12,0,12,50
04/20/2018,GON,CT,ANE,EN,Federal Contract Tower,0,1,19,2,22,0,0,96,9,105,0,1,115,11,127,100,36,136,263
04/21/2018,GON,CT,ANE,EN,Federal Contract Tower,0,4,16,0,20,0,4,164,0,168,0,8,180,0,188,162,2,164,352
04/22/2018,GON,CT,ANE,EN,Federal Contract Tower,0,4,21,0,25,0,0,129,3,132,0,4,150,3,157,116,0,116,273
04/23/2018,GON,CT,ANE,EN,Federal Contract Tower,0,0,17,0,17,0,4,93,9,106,0,4,110,9,123,80,0,80,203
04/24/2018,GON,CT,ANE,EN,Federal Contract Tower,0,0,8,0,8,0,2,75,12,89,0,2,83,12,97,62,2,64,161
04/25/2018,GON,CT,ANE,EN,Federal Contract Tower,0,2,11,0,13,0,0,0,0,0,0,2,11,0,13,0,0,0,13
04/26/2018,GON,CT,ANE,EN,Federal Contract Tower,0,5,16,2,23,0,3,95,13,111,0,8,111,15,134,66,10,76,210
04/27/2018,GON,CT,ANE,EN,Federal Contract Tower,0,5,24,0,29,0,0,10,0,10,0,5,34,0,39,46,0,46,85
04/28/2018,GON,CT,ANE,EN,Federal Contract Tower,0,4,14,0,18,0,4,37,8,49,0,8,51,8,67,34,8,42,109
04/29/2018,GON,CT,ANE,EN,Federal Contract Tower,0,1,17,0,18,0,1,49,8,58,0,2,66,8,76,76,28,104,180
04/30/2018,GON,CT,ANE,EN,Federal Contract Tower,0,2,15,0,17,0,2,36,1,39,0,4,51,1,56,40,4,44,100
05/01/2018,GON,CT,ANE,EN,Federal Contract Tower,0,1,19,4,24,0,4,71,8,83,0,5,90,12,107,28,12,40,147
05/02/2018,GON,CT,ANE,EN,Federal Contract Tower,0,3,8,7,18,0,0,66,13,79,0,3,74,20,97,58,4,62,159
05/03/2018,GON,CT,ANE,EN,Federal Contract Tower,0,0,18,4,22,0,2,74,4,80,0,2,92,8,102,92,0,92,194
05/04/2018,GON,CT,ANE,EN,Federal Contract Tower,0,3,18,2,23,0,0,78,6,84,0,3,96,8,107,50,0,50,157
05/05/2018,GON,CT,ANE,EN,Federal Contract Tower,0,1,7,0,8,0,1,141,5,147,0,2,148,5,155,96,0,96,251
05/06/2018,GON,CT,ANE,EN,Federal Contract Tower,0,4,17,1,22,0,0,39,1,40,0,4,56,2,62,68,2,70,132
05/07/2018,GON,CT,ANE,EN,Federal Contract Tower,0,2,17,3,22,0,0,64,6,70,0,2,81,9,92,84,4,88,180
05/08/2018,GON,CT,ANE,EN,Federal Contract Tower,0,3,12,1,16,0,2,65,5,72,0,5,77,6,88,48,12,60,148
05/09/2018,GON,CT,ANE,EN,Federal Contract Tower,0,2,35,2,39,0,0,85,3,88,0,2,120,5,127,48,12,60,187
05/10/2018,GON,CT,ANE,EN,Federal Contract Tower,0,3,32,5,40,0,0,31,1,32,0,3,63,6,72,70,0,70,142
05/11/2018,GON,CT,ANE,EN,Federal Contract Tower,0,2,12,0,14,0,5,115,8,128,0,7,127,8,142,112,2,114,256
05/12/2018,GON,CT,ANE,EN,Federal Contract Tower,0,1,13,0,14,0,0,20,0,20,0,1,33,0,34,62,0,62,96
05/13/2018,GON,CT,ANE,EN,Federal Contract Tower,0,0,32,2,34,0,2,13,2,17,0,2,45,4,51,30,30,60,111
05/14/2018,GON,CT,ANE,EN,Federal Contract Tower,0,2,36,2,40,0,1,53,3,57,0,3,89,5,97,84,2,86,183
05/15/2018,GON,CT,ANE,EN,Federal Contract Tower,0,3,9,1,13,0,0,22,6,28,0,3,31,7,41,32,0,32,73
05/16/2018,GON,CT,ANE,EN,Federal Contract Tower,0,4,27,6,37,0,1,14,14,29,0,5,41,20,66,24,14,38,104
05/17/2018,GON,CT,ANE,EN,Federal Contract Tower,0,5,38,8,51,0,0,1,0,1,0,5,39,8,52,4,0,4,56
05/18/2018,GON,CT,ANE,EN,Federal Contract Tower,0,3,30,0,33,0,0,58,8,66,0,3,88,8,99,76,0,76,175
05/19/2018,GON,CT,ANE,EN,Federal Contract Tower,0,7,14,2,23,0,0,0,0,0,0,7,14,2,23,0,0,0,23
05/20/2018,GON,CT,ANE,EN,Federal Contract Tower,0,3,20,0,23,0,1,20,1,22,0,4,40,1,45,14,0,14,59
05/21/2018,GON,CT,ANE,EN,Federal Contract Tower,0,1,25,0,26,0,6,107,4,117,0,7,132,4,143,48,0,48,191
05/22/2018,GON,CT,ANE,EN,Federal Contract Tower,0,3,18,2,23,0,1,37,2,40,0,4,55,4,63,14,0,14,77
05/23/2018,GON,CT,ANE,EN,Federal Contract Tower,0,1,10,6,17,0,1,39,7,47,0,2,49,13,64,30,14,44,108
05/24/2018,GON,CT,ANE,EN,Federal Contract Tower,0,11,26,0,37,0,2,64,4,70,0,13,90,4,107,78,0,78,185
05/25/2018,GON,CT,ANE,EN,Federal Contract Tower,0,2,24,2,28,0,7,89,9,105,0,9,113,11,133,62,0,62,195
05/26/2018,GON,CT,ANE,EN,Federal Contract Tower,0,0,9,0,9,0,1,110,15,126,0,1,119,15,135,72,0,72,207
05/27/2018,GON,CT,ANE,EN,Federal Contract Tower,0,2,28,2,32,0,0,0,0,0,0,2,28,2,32,0,0,0,32
05/28/2018,GON,CT,ANE,EN,Federal Contract Tower,0,1,38,7,46,0,2,54,6,62,0,3,92,13,108,74,0,74,182
05/29/2018,GON,CT,ANE,EN,Federal Contract Tower,0,1,28,4,33,0,2,72,4,78,0,3,100,8,111,38,0,38,149
05/30/2018,GON,CT,ANE,EN,Federal Contract Tower,0,4,30,14,48,0,4,66,11,81,0,8,96,25,129,104,8,112,241
05/31/2018,GON,CT,ANE,EN,Federal Contract Tower,0,8,32,4,44,0,2,59,10,71,0,10,91,14,115,70,32,102,217
06/01/2018,GON,CT,ANE,EN,Federal Contract Tower,0,5,19,0,24,0,0,0,0,0,0,5,19,0,24,0,0,0,24
06/02/2018,GON,CT,ANE,EN,Federal Contract Tower,0,3,3,0,6,0,1,62,0,63,0,4,65,0,69,92,0,92,161
06/03/2018,GON,CT,ANE,EN,Federal Contract Tower,0,2,16,0,18,0,0,78,3,81,0,2,94,3,99,38,0,38,137
06/04/2018,GON,CT,ANE,EN,Federal Contract Tower,0,2,27,1,30,0,0,7,1,8,0,2,34,2,38,0,0,0,38
06/05/2018,GON,CT,ANE,EN,Federal Contract Tower,0,2,10,4,16,0,2,44,1,47,0,4,54,5,63,32,0,32,95
06/06/2018,GON,CT,ANE,EN,Federal Contract Tower,0,2,24,0,26,0,4,89,16,109,0,6,113,16,135,56,2,58,193
06/07/2018,GON,CT,ANE,EN,Federal Contract Tower,0,1,63,4,68,0,3,137,10,150,0,4,200,14,218,66,0,66,284
06/08/2018,GON,CT,ANE,EN,Federal Contract Tower,0,7,27,0,34,0,4,103,0,107,0,11,130,0,141,82,0,82,223
06/09/2018,GON,CT,ANE,EN,Federal Contract Tower,0,0,10,1,11,0,3,115,9,127,0,3,125,10,138,104,0,104,242
06/10/2018,GON,CT,ANE,EN,Federal Contract Tower,0,6,16,2,24,0,5,103,3,111,0,11,119,5,135,80,2,82,217
06/11/2018,GON,CT,ANE,EN,Federal Contract Tower,0,3,12,0,15,0,4,108,0,112,0,7,120,0,127,50,0,50,177
06/12/2018,GON,CT,ANE,EN,Federal Contract Tower,0,5,18,0,23,0,6,96,3,105,0,11,114,3,128,80,0,80,208
06/13/2018,GON,CT,ANE,EN,Federal Contract Tower,0,18,27,1,46,0,3,16,2,21,0,21,43,3,67,26,0,26,93
06/14/2018,GON,CT,ANE,EN,Federal Contract Tower,0,17,31,0,48,0,6,97,4,107,0,23,128,4,155,62,0,62,217
06/15/2018,GON,CT,ANE,EN,Federal Contract Tower,0,12,49,1,62,0,1,27,2,30,0,13,76,3,92,18,0,18,110
06/16/2018,GON,CT,ANE,EN,Federal Contract Tower,0,8,9,1,18,0,2,126,10,138,0,10,135,11,156,102,10,112,268
06/17/2018,GON,CT,ANE,EN,Federal Contract Tower,0,13,18,0,31,0,8,90,7,105,0,21,108,7,136,58,0,58,194
06/18/2018,GON,CT,ANE,EN,Federal Contract Tower,0,0,23,0,23,0,3,72,1,76,0,3,95,1,99,102,0,102,201
06/19/2018,GON,CT,ANE,EN,Federal Contract Tower,0,3,18,0,21,0,3,70,3,76,0,6,88,3,97,2,2,4,101
06/20/2018,GON,CT,ANE,EN,Federal Contract Tower,0,8,34,1,43,0,1,153,10,164,0,9,187,11,207,124,0,124,331
06/21/2018,GON,CT,ANE,EN,Federal Contract Tower,0,4,36,2,42,0,5,91,4,100,0,9,127,6,142,104,0,104,246
06/22/2018,GON,CT,ANE,EN,Federal Contract Tower,0,9,48,0,57,0,3,84,0,87,0,12,132,0,144,40,0,40,184
06/23/2018,GON,CT,ANE,EN,Federal Contract Tower,0,8,32,0,40,0,0,4,2,6,0,8,36,2,46,6,16,22,68
06/24/2018,GON,CT,ANE,EN,Federal Contract Tower,0,11,40,0,51,0,0,7,0,7,0,11,47,0,58,22,0,22,80
06/25/2018,GON,CT,ANE,EN,Federal Contract Tower,0,4,24,0,28,0,0,81,5,86,0,4,105,5,114,40,8,48,162
06/26/2018,GON,CT,ANE,EN,Federal Contract Tower,0,2,18,0,20,0,0,118,2,120,0,2,136,2,140,70,0,70,210
06/27/2018,GON,CT,ANE,EN,Federal Contract Tower,0,3,37,3,43,0,2,86,8,96,0,5,123,11,139,26,20,46,185
06/28/2018,GON,CT,ANE,EN,Federal Contract Tower,0,13,29,2,44,0,0,0,0,0,0,13,29,2,44,0,0,0,44
06/29/2018,GON,CT,ANE,EN,Federal Contract Tower,0,7,46,2,55,0,3,157,2,162,0,10,203,4,217,98,0,98,315
06/30/2018,GON,CT,ANE,EN,Federal Contract Tower,0,5,9,3,17,0,3,105,2,110,0,8,114,5,127,90,0,90,217
07/01/2018,GON,CT,ANE,EN,Federal Contract Tower,0,4,13,1,18,0,6,68,0,74,0,10,81,1,92,22,0,22,114
07/02/2018,GON,CT,ANE,EN,Federal Contract Tower,0,8,17,8,33,0,5,57,8,70,0,13,74,16,103,56,0,56,159
07/03/2018,GON,CT,ANE,EN,Federal Contract Tower,0,9,20,0,29,0,1,13,0,14,0,10,33,0,43,0,0,0,43
07/04/2018,GON,CT,ANE,EN,Federal Contract Tower,0,7,11,0,18,0,5,38,0,43,0,12,49,0,61,30,0,30,91
07/05/2018,GON,CT,ANE,EN,Federal Contract Tower,0,13,27,2,42,0,2,64,4,70,0,15,91,6,112,36,0,36,148
07/06/2018,GON,CT,ANE,EN,Federal Contract Tower,0,5,17,0,22,0,1,11,0,12,0,6,28,0,34,26,0,26,60
07/07/2018,GON,CT,ANE,EN,Federal Contract Tower,0,6,29,3,38,0,13,178,9,200,0,19,207,12,238,128,12,140,378
07/08/2018,GON,CT,ANE,EN,Federal Contract Tower,0,4,29,1,34,0,9,145,3,157,0,13,174,4,191,78,0,78,269
07/09/2018,GON,CT,ANE,EN,Federal Contract Tower,0,1,27,0,28,0,10,91,4,105,0,11,118,4,133,62,12,74,207
07/10/2018,GON,CT,ANE,EN,Federal Contract Tower,0,4,16,1,21,0,3,75,16,94,0,7,91,17,115,46,0,46,161
07/11/2018,GON,CT,ANE,EN,Federal Contract Tower,0,7,22,1,30,0,4,73,6,83,0,11,95,7,113,50,6,56,169
07/12/2018,GON,CT,ANE,EN,Federal Contract Tower,0,12,26,0,38,0,8,85,10,103,0,20,111,10,141,60,0,60,201
07/13/2018,GON,CT,ANE,EN,Federal Contract Tower,0,8,26,0,34,0,3,98,3,104,0,11,124,3,138,48,0,48,186
07/14/2018,GON,CT,ANE,EN,Federal Contract Tower,0,3,9,1,13,0,0,148,2,150,0,3,157,3,163,58,0,58,221
07/15/2018,GON,CT,ANE,EN,Federal Contract Tower,0,8,21,0,29,0,3,41,0,44,0,11,62,0,73,46,0,46,119
07/16/2018,GON,CT,ANE,EN,Federal Contract Tower,0,7,18,0,25,0,4,80,0,84,0,11,98,0,109,40,0,40,149
07/17/2018,GON,CT,ANE,EN,Federal Contract Tower,0,10,34,0,44,0,1,2,0,3,0,11,36,0,47,2,0,2,49
07/18/2018,GON,CT,ANE,EN,Federal Contract Tower,0,10,27,0,37,0,6,113,0,119,0,16,140,0,156,72,0,72,228
07/19/2018,GON,CT,ANE,EN,Federal Contract Tower,0,10,25,3,38,0,6,144,10,160,0,16,169,13,198,80,14,94,292
07/20/2018,GON,CT,ANE,EN,Federal Contract Tower,0,6,24,1,31,0,4,180,4,188,0,10,204,5,219,68,2,70,289
07/21/2018,GON,CT,ANE,EN,Federal Contract Tower,0,7,25,3,35,0,11,135,12,158,0,18,160,15,193,94,6,100,293
07/22/2018,GON,CT,ANE,EN,Federal Contract Tower,0,9,31,0,40,0,0,4,0,4,0,9,35,0,44,8,0,8,52
07/23/2018,GON,CT,ANE,EN,Federal Contract Tower,0,8,31,0,39,0,1,35,4,40,0,9,66,4,79,26,12,38,117
07/24/2018,GON,CT,ANE,EN,Federal Contract Tower,0,2,32,5,39,0,2,47,11,60,0,4,79,16,99,36,0,36,135
07/25/2018,GON,CT,ANE,EN,Federal Contract Tower,0,4,21,0,25,0,0,18,2,20,0,4,39,2,45,46,6,52,97
07/26/2018,GON,CT,ANE,EN,Federal Contract Tower,0,11,33,2,46,0,0,43,4,47,0,11,76,6,93,60,8,68,161
07/27/2018,GON,CT,ANE,EN,Federal Contract Tower,0,12,44,0,56,0,2,67,2,71,0,14,111,2,127,64,0,64,191
07/28/2018,GON,CT,ANE,EN,Federal Contract Tower,0,6,27,2,35,0,4,81,14,99,0,10,108,16,134,82,14,96,230
07/29/2018,GON,CT,ANE,EN,Federal Contract Tower,0,3,37,1,41,0,2,121,3,126,0,5,158,4,167,60,0,60,227
07/30/2018,GON,CT,ANE,EN,Federal Contract Tower,0,6,17,0,23,0,6,76,8,90,0,12,93,8,113,68,14,82,195
07/31/2018,GON,CT,ANE,EN,Federal Contract Tower,0,8,21,1,30,0,0,74,5,79,0,8,95,6,109,90,2,92,201
08/01/2018,GON,CT,ANE,EN,Federal Contract Tower,0,18,32,1,51,0,1,12,1,14,0,19,44,2,65,0,0,0,65
08/02/2018,GON,CT,ANE,EN,Federal Contract Tower,0,4,16,2,22,0,4,44,7,55,0,8,60,9,77,22,0,22,99
08/03/2018,GON,CT,ANE,EN,Federal Contract Tower,0,7,31,0,38,0,9,78,2,89,0,16,109,2,127,72,0,72,199
08/04/2018,GON,CT,ANE,EN,Federal Contract Tower,0,12,14,0,26,0,2,17,0,19,0,14,31,0,45,12,0,12,57
08/05/2018,GON,CT,ANE,EN,Federal Contract Tower,0,5,17,0,22,0,8,122,4,134,0,13,139,4,156,68,0,68,224
08/06/2018,GON,CT,ANE,EN,Federal Contract Tower,0,7,28,0,35,0,3,122,4,129,0,10,150,4,164,112,4,116,280
08/07/2018,GON,CT,ANE,EN,Federal Contract Tower,0,3,19,1,23,0,6,50,3,59,0,9,69,4,82,68,0,68,150
08/08/2018,GON,CT,ANE,EN,Federal Contract Tower,0,7,23,1,31,0,0,81,13,94,0,7,104,14,125,80,0,80,205
08/09/2018,GON,CT,ANE,EN,Federal Contract Tower,0,10,31,6,47,0,4,73,16,93,0,14,104,22,140,54,10,64,204
08/10/2018,GON,CT,ANE,EN,Federal Contract Tower,0,12,44,1,57,0,7,119,9,135,0,19,163,10,192,88,0,88,280
08/11/2018,GON,CT,ANE,EN,Federal Contract Tower,0,7,11,0,18,0,2,17,0,19,0,9,28,0,37,12,0,12,49
08/12/2018,GON,CT,ANE,EN,Federal Contract Tower,0,16,31,0,47,0,3,33,0,36,0,19,64,0,83,14,0,14,97
08/13/2018,GON,CT,ANE,EN,Federal Contract Tower,0,9,28,0,37,0,0,0,0,0,0,9,28,0,37,0,0,0,37
08/14/2018,GON,CT,ANE,EN,Federal Contract Tower,0,2,17,2,21,0,0,36,19,55,0,2,53,21,76,46,0,46,122
08/15/2018,GON,CT,ANE,EN,Federal Contract Tower,0,3,28,0,31,0,0,113,40,153,0,3,141,40,184,92,0,92,276
08/16/2018,GON,CT,ANE,EN,Federal Contract Tower,0,6,25,7,38,0,7,154,49,210,0,13,179,56,248,80,0,80,328
08/17/2018,GON,CT,ANE,EN,Federal Contract Tower,0,8,21,1,30,0,5,76,6,87,0,13,97,7,117,94,16,110,227
08/18/2018,GON,CT,ANE,EN,Federal Contract Tower,0,7,21,1,29,0,2,23,1,26,0,9,44,2,55,34,0,34,89
08/19/2018,GON,CT,ANE,EN,Federal Contract Tower,0,8,40,0,48,0,5,107,1,113,0,13,147,1,161,62,0,62,223
08/20/2018,GON,CT,ANE,EN,Federal Contract Tower,0,11,36,0,47,0,1,41,0,42,0,12,77,0,89,70,0,70,159
08/21/2018,GON,CT,ANE,EN,Federal Contract Tower,0,6,39,2,47,0,1,63,15,79,0,7,102,17,126,18,0,18,144
08/22/2018,GON,CT,ANE,EN,Federal Contract Tower,0,5,18,2,25,0,1,56,0,57,0,6,74,2,82,66,0,66,148
08/23/2018,GON,CT,ANE,EN,Federal Contract Tower,0,6,29,0,35,0,5,109,2,116,0,11,138,2,151,60,0,60,211
08/24/2018,GON,CT,ANE,EN,Federal Contract Tower,0,5,31,0,36,0,4,194,0,198,0,9,225,0,234,100,0,100,334
08/25/2018,GON,CT,ANE,EN,Federal Contract Tower,0,0,13,5,18,0,8,113,4,125,0,8,126,9,143,62,0,62,205
08/26/2018,GON,CT,ANE,EN,Federal Contract Tower,0,4,16,0,20,0,6,114,0,120,0,10,130,0,140,96,0,96,236
08/27/2018,GON,CT,ANE,EN,Federal Contract Tower,0,3,14,2,19,0,2,90,0,92,0,5,104,2,111,70,0,70,181
08/28/2018,GON,CT,ANE,EN,Federal Contract Tower,0,1,11,2,14,0,0,63,6,69,0,1,74,8,83,20,4,24,107
08/29/2018,GON,CT,ANE,EN,Federal Contract Tower,0,7,14,0,21,0,3,75,5,83,0,10,89,5,104,104,0,104,208
08/30/2018,GON,CT,ANE,EN,Federal Contract Tower,0,7,23,1,31,0,2,67,4,73,0,9,90,5,104,48,2,50,154
08/31/2018,GON,CT,ANE,EN,Federal Contract Tower,0,9,24,0,33,0,7,73,0,80,0,16,97,0,113,92,0,92,205
09/01/2018,GON,CT,ANE,EN,Federal Contract Tower,0,4,14,0,18,0,2,89,0,91,0,6,103,0,109,142,0,142,251
09/02/2018,GON,CT,ANE,EN,Federal Contract Tower,0,4,11,0,15,0,0,71,0,71,0,4,82,0,86,114,0,114,200
09/03/2018,GON,CT,ANE,EN,Federal Contract Tower,0,3,16,3,22,0,2,80,0,82,0,5,96,3,104,44,0,44,148
09/04/2018,GON,CT,ANE,EN,Federal Contract Tower,0,3,14,0,17,0,5,53,0,58,0,8,67,0,75,58,0,58,133
09/05/2018,GON,CT,ANE,EN,Federal Contract Tower,0,10,35,0,45,0,1,36,0,37,0,11,71,0,82,56,0,56,138
09/06/2018,GON,CT,ANE,EN,Federal Contract Tower,0,2,15,0,17,0,1,23,0,24,0,3,38,0,41,10,0,10,51
09/07/2018,GON,CT,ANE,EN,Federal Contract Tower,0,10,32,1,43,0,2,35,1,38,0,12,67,2,81,74,0,74,155
09/08/2018,GON,CT,ANE,EN,Federal Contract Tower,0,9,17,0,26,0,0,75,12,87,0,9,92,12,113,50,0,50,163
09/09/2018,GON,CT,ANE,EN,Federal Contract Tower,0,3,13,3,19,0,1,63,4,68,0,4,76,7,87,44,0,44,131
09/10/2018,GON,CT,ANE,EN,Federal Contract Tower,0,1,14,2,17,0,0,6,0,6,0,1,20,2,23,10,0,10,33
09/11/2018,GON,CT,ANE,EN,Federal Contract Tower,0,8,21,2,31,0,2,6,0,8,0,10,27,2,39,6,0,6,45
09/12/2018,GON,CT,ANE,EN,Federal Contract Tower,0,6,14,0,20,0,0,0,0,0,0,6,14,0,20,0,0,0,20
09/13/2018,GON,CT,ANE,EN,Federal Contract Tower,0,3,28,2,33,0,1,22,0,23,0,4,50,2,56,62,0,62,118
09/14/2018,GON,CT,ANE,EN,Federal Contract Tower,0,6,25,1,32,0,6,77,3,86,0,12,102,4,118,96,4,100,218
09/15/2018,GON,CT,ANE,EN,Federal Contract Tower,0,4,24,0,28,0,3,107,2,112,0,7,131,2,140,58,0,58,198
09/16/2018,GON,CT,ANE,EN,Federal Contract Tower,0,5,26,0,31,0,6,125,2,133,0,11,151,2,164,88,0,88,252
09/17/2018,GON,CT,ANE,EN,Federal Contract Tower,0,5,26,0,31,0,2,67,0,69,0,7,93,0,100,46,0,46,146
09/18/2018,GON,CT,ANE,EN,Federal Contract Tower,0,6,12,2,20,0,2,2,0,4,0,8,14,2,24,6,0,6,30
09/19/2018,GON,CT,ANE,EN,Federal Contract Tower,0,7,35,3,45,0,0,26,2,28,0,7,61,5,73,78,0,78,151
09/20/2018,GON,CT,ANE,EN,Federal Contract Tower,0,0,26,1,27,0,1,96,9,106,0,1,122,10,133,70,2,72,205
09/21/2018,GON,CT,ANE,EN,Federal Contract Tower,0,9,26,0,35,0,2,68,2,72,0,11,94,2,107,100,0,100,207
09/22/2018,GON,CT,ANE,EN,Federal Contract Tower,0,1,11,0,12,0,7,83,7,97,0,8,94,7,109,44,0,44,153
09/23/2018,GON,CT,ANE,EN,Federal Contract Tower,0,4,13,1,18,0,3,79,8,90,0,7,92,9,108,102,0,102,210
09/24/2018,GON,CT,ANE,EN,Federal Contract Tower,0,6,51,0,57,0,2,43,0,45,0,8,94,0,102,60,0,60,162
09/25/2018,GON,CT,ANE,EN,Federal Contract Tower,0,0,12,4,16,0,1,1,0,2,0,1,13,4,18,4,0,4,22
09/26/2018,GON,CT,ANE,EN,Federal Contract Tower,0,3,28,2,33,0,2,0,0,2,0,5,28,2,35,0,0,0,35
09/27/2018,GON,CT,ANE,EN,Federal Contract Tower,0,4,10,9,23,0,9,121,8,138,0,13,131,17,161,122,0,122,283
09/28/2018,GON,CT,ANE,EN,Federal Contract Tower,0,5,39,2,46,0,0,1,0,1,0,5,40,2,47,0,0,0,47
09/29/2018,GON,CT,ANE,EN,Federal Contract Tower,0,5,18,2,25,0,3,136,4,143,0,8,154,6,168,114,0,114,282
09/30/2018,GON,CT,ANE,EN,Federal Contract Tower,0,3,20,1,24,0,6,120,3,129,0,9,140,4,153,120,0,120,273
10/01/2018,GON,CT,ANE,EN,Federal Contract Tower,0,11,37,1,49,0,1,35,1,37,0,12,72,2,86,42,4,46,132
10/02/2018,GON,CT,ANE,EN,Federal Contract Tower,0,2,28,0,30,0,2,16,0,18,0,4,44,0,48,18,0,18,66
10/03/2018,GON,CT,ANE,EN,Federal Contract Tower,0,13,37,3,53,0,5,59,5,69,0,18,96,8,122,62,0,62,184
10/04/2018,GON,CT,ANE,EN,Federal Contract Tower,0,11,31,3,45,0,5,47,1,53,0,16,78,4,98,72,0,72,170
10/05/2018,GON,CT,ANE,EN,Federal Contract Tower,0,7,30,0,37,0,7,119,1,127,0,14,149,1,164,72,0,72,236
10/06/2018,GON,CT,ANE,EN,Federal Contract Tower,0,4,18,0,22,0,6,98,1,105,0,10,116,1,127,108,0,108,235
10/07/2018,GON,CT,ANE,EN,Federal Contract Tower,0,4,40,0,44,0,0,19,0,19,0,4,59,0,63,34,0,34,97
10/08/2018,GON,CT,ANE,EN,Federal Contract Tower,0,10,49,0,59,0,3,19,6,28,0,13,68,6,87,70,0,70,157
10/09/2018,GON,CT,ANE,EN,Federal Contract Tower,0,4,41,0,45,0,3,30,0,33,0,7,71,0,78,28,0,28,106
10/10/2018,GON,CT,ANE,EN,Federal Contract Tower,0,5,37,4,46,0,0,50,2,52,0,5,87,6,98,24,0,24,122
10/11/2018,GON,CT,ANE,EN,Federal Contract Tower,0,0,31,0,31,0,0,4,0,4,0,0,35,0,35,0,0,0,35
10/12/2018,GON,CT,ANE,EN,Federal Contract Tower,0,7,30,1,38,0,4,42,1,47,0,11,72,2,85,26,0,26,111
10/13/2018,GON,CT,ANE,EN,Federal Contract Tower,0,3,25,0,28,0,0,65,0,65,0,3,90,0,93,100,0,100,193
10/14/2018,GON,CT,ANE,EN,Federal Contract Tower,0,1,21,6,28,0,0,121,1,122,0,1,142,7,150,96,0,96,246
10/15/2018,GON,CT,ANE,EN,Federal Contract Tower,0,3,35,0,38,0,2,18,0,20,0,5,53,0,58,34,0,34,92
10/16/2018,GON,CT,ANE,EN,Federal Contract Tower,0,0,11,0,11,0,7,82,24,113,0,7,93,24,124,42,0,42,166
10/17/2018,GON,CT,ANE,EN,Federal Contract Tower,0,7,16,1,24,0,8,44,2,54,0,15,60,3,78,62,4,66,144
10/18/2018,GON,CT,ANE,EN,Federal Contract Tower,0,6,27,0,33,0,2,70,9,81,0,8,97,9,114,76,16,92,206
10/19/2018,GON,CT,ANE,EN,Federal Contract Tower,0,3,27,0,30,0,0,136,4,140,0,3,163,4,170,74,2,76,246
10/20/2018,GON,CT,ANE,EN,Federal Contract Tower,0,1,23,1,25,0,0,27,1,28,0,1,50,2,53,8,0,8,61
10/21/2018,GON,CT,ANE,EN,Federal Contract Tower,0,4,10,1,15,0,0,44,0,44,0,4,54,1,59,26,0,26,85
10/22/2018,GON,CT,ANE,EN,Federal Contract Tower,0,3,22,1,26,0,2,92,8,102,0,5,114,9,128,86,0,86,214
10/23/2018,GON,CT,ANE,EN,Federal Contract Tower,0,2,17,3,22,0,0,35,4,39,0,2,52,7,61,50,0,50,111
10/24/2018,GON,CT,ANE,EN,Federal Contract Tower,0,7,23,4,34,0,0,58,3,61,0,7,81,7,95,18,0,18,113
10/25/2018,GON,CT,ANE,EN,Federal Contract Tower,0,2,25,4,31,0,3,82,8,93,0,5,107,12,124,96,6,102,226
10/26/2018,GON,CT,ANE,EN,Federal Contract Tower,0,2,23,2,27,0,3,80,0,83,0,5,103,2,110,58,0,58,168
10/27/2018,GON,CT,ANE,EN,Federal Contract Tower,0,2,8,0,10,0,0,0,0,0,0,2,8,0,10,0,0,0,10
10/28/2018,GON,CT,ANE,EN,Federal Contract Tower,0,6,28,0,34,0,0,28,0,28,0,6,56,0,62,42,0,42,104
10/29/2018,GON,CT,ANE,EN,Federal Contract Tower,0,0,17,2,19,0,0,22,5,27,0,0,39,7,46,14,0,14,60
10/30/2018,GON,CT,ANE,EN,Federal Contract Tower,0,2,11,7,20,0,0,49,5,54,0,2,60,12,74,28,0,28,102
10/31/2018,GON,CT,ANE,EN,Federal Contract Tower,0,0,17,5,22,0,0,100,4,104,0,0,117,9,126,68,0,68,194
11/01/2018,GON,CT,ANE,EN,Federal Contract Tower,0,2,10,2,14,0,1,123,7,131,0,3,133,9,145,62,18,80,225
11/02/2018,GON,CT,ANE,EN,Federal Contract Tower,0,4,18,1,23,0,0,4,2,6,0,4,22,3,29,0,2,2,31
11/03/2018,GON,CT,ANE,EN,Federal Contract Tower,0,2,12,0,14,0,0,3,0,3,0,2,15,0,17,0,0,0,17
11/04/2018,GON,CT,ANE,EN,Federal Contract Tower,0,0,12,0,12,0,0,189,2,191,0,0,201,2,203,102,0,102,305
11/05/2018,GON,CT,ANE,EN,Federal Contract Tower,0,2,24,0,26,0,0,25,0,25,0,2,49,0,51,16,0,16,67
11/06/2018,GON,CT,ANE,EN,Federal Contract Tower,0,0,12,0,12,0,0,0,0,0,0,0,12,0,12,0,0,0,12
11/07/2018,GON,CT,ANE,EN,Federal Contract Tower,0,0,25,0,25,0,2,115,2,119,0,2,140,2,144,82,0,82,226
11/08/2018,GON,CT,ANE,EN,Federal Contract Tower,0,2,34,2,38,0,0,143,7,150,0,2,177,9,188,72,8,80,268
11/09/2018,GON,CT,ANE,EN,Federal Contract Tower,0,5,19,1,25,0,2,47,4,53,0,7,66,5,78,48,2,50,128
11/10/2018,GON,CT,ANE,EN,Federal Contract Tower,0,4,6,9,19,0,1,31,2,34,0,5,37,11,53,6,0,6,59
11/11/2018,GON,CT,ANE,EN,Federal Contract Tower,0,0,7,1,8,0,0,91,7,98,0,0,98,8,106,64,2,66,172
11/12/2018,GON,CT,ANE,EN,Federal Contract Tower,0,3,15,1,19,0,4,78,14,96,0,7,93,15,115,134,2,136,251
11/13/2018,GON,CT,ANE,EN,Federal Contract Tower,0,7,5,0,12,0,0,5,2,7,0,7,10,2,19,4,0,4,23
11/14/2018,GON,CT,ANE,EN,Federal Contract Tower,0,0,15,4,19,0,0,52,10,62,0,0,67,14,81,30,2,32,113
11/15/2018,GON,CT,ANE,EN,Federal Contract Tower,0,1,12,0,13,0,0,35,2,37,0,1,47,2,50,46,0,46,96
11/16/2018,GON,CT,ANE,EN,Federal Contract Tower,0,6,9,0,15,0,1,8,0,9,0,7,17,0,24,0,0,0,24
11/17/2018,GON,CT,ANE,EN,Federal Contract Tower,0,1,24,0,25,0,6,108,30,144,0,7,132,30,169,56,18,74,243
11/18/2018,GON,CT,ANE,EN,Federal Contract Tower,0,1,13,1,15,0,1,110,17,128,0,2,123,18,143,86,2,88,231
11/19/2018,GON,CT,ANE,EN,Federal Contract Tower,0,3,19,0,22,0,2,42,2,46,0,5,61,2,68,74,14,88,156
11/20/2018,GON,CT,ANE,EN,Federal Contract Tower,0,3,11,5,19,0,0,4,0,4,0,3,15,5,23,0,0,0,23
11/21/2018,GON,CT,ANE,EN,Federal Contract Tower,0,4,20,3,27,0,4,62,0,66,0,8,82,3,93,58,2,60,153
11/22/2018,GON,CT,ANE,EN,Federal Contract Tower,0,0,4,0,4,0,2,6,0,8,0,2,10,0,12,0,0,0,12
11/23/2018,GON,CT,ANE,EN,Federal Contract Tower,0,2,11,0,13,0,2,131,0,133,0,4,142,0,146,86,0,86,232
11/24/2018,GON,CT,ANE,EN,Federal Contract Tower,0,0,10,1,11,0,0,71,2,73,0,0,81,3,84,74,4,78,162
11/25/2018,GON,CT,ANE,EN,Federal Contract Tower,0,3,32,0,35,0,0,48,0,48,0,3,80,0,83,52,0,52,135
11/26/2018,GON,CT,ANE,EN,Federal Contract Tower,0,1,16,2,19,0,1,11,0,12,0,2,27,2,31,4,2,6,37
11/27/2018,GON,CT,ANE,EN,Federal Contract Tower,0,2,16,1,19,0,1,40,2,43,0,3,56,3,62,24,0,24,86
11/28/2018,GON,CT,ANE,EN,Federal Contract Tower,0,2,11,1,14,0,2,43,1,46,0,4,54,2,60,44,4,48,108
11/29/2018,GON,CT,ANE,EN,Federal Contract Tower,0,0,11,1,12,0,0,56,4,60,0,0,67,5,72,38,10,48,120
11/30/2018,GON,CT,ANE,EN,Federal Contract Tower,0,1,15,1,17,0,3,116,1,120,0,4,131,2,137,48,0,48,185
12/01/2018,GON,CT,ANE,EN,Federal Contract Tower,0,3,12,0,15,0,4,138,4,146,0,7,150,4,161,94,0,94,255
12/02/2018,GON,CT,ANE,EN,Federal Contract Tower,0,1,5,0,6,0,0,0,0,0,0,1,5,0,6,0,0,0,6
12/03/2018,GON,CT,ANE,EN,Federal Contract Tower,0,1,14,0,15,0,2,45,0,47,0,3,59,0,62,54,0,54,116
12/04/2018,GON,CT,ANE,EN,Federal Contract Tower,0,2,12,2,16,0,0,95,4,99,0,2,107,6,115,66,0,66,181
12/05/2018,GON,CT,ANE,EN,Federal Contract Tower,0,0,12,0,12,0,0,133,0,133,0,0,145,0,145,136,0,136,281
12/06/2018,GON,CT,ANE,EN,Federal Contract Tower,0,0,14,0,14,0,4,94,2,100,0,4,108,2,114,98,4,102,216
12/07/2018,GON,CT,ANE,EN,Federal Contract Tower,0,3,17,0,20,0,4,102,0,106,0,7,119,0,126,36,0,36,162
12/08/2018,GON,CT,ANE,EN,Federal Contract Tower,0,0,8,0,8,0,2,93,2,97,0,2,101,2,105,54,0,54,159
12/09/2018,GON,CT,ANE,EN,Federal Contract Tower,0,0,7,1,8,0,2,75,0,77,0,2,82,1,85,110,2,112,197
12/10/2018,GON,CT,ANE,EN,Federal Contract Tower,0,2,16,0,18,0,1,70,8,79,0,3,86,8,97,50,4,54,151
12/11/2018,GON,CT,ANE,EN,Federal Contract Tower,0,1,15,0,16,0,1,75,22,98,0,2,90,22,114,76,6,82,196
12/12/2018,GON,CT,ANE,EN,Federal Contract Tower,0,1,13,2,16,0,1,56,6,63,0,2,69,8,79,54,0,54,133
12/13/2018,GON,CT,ANE,EN,Federal Contract Tower,0,0,16,0,16,0,1,25,0,26,0,1,41,0,42,12,0,12,54
12/14/2018,GON,CT,ANE,EN,Federal Contract Tower,0,1,14,1,16,0,1,58,4,63,0,2,72,5,79,8,0,8,87
12/15/2018,GON,CT,ANE,EN,Federal Contract Tower,0,0,17,4,21,0,0,15,0,15,0,0,32,4,36,0,0,0,36
12/16/2018,GON,CT,ANE,EN,Federal Contract Tower,0,2,7,0,9,0,0,0,0,0,0,2,7,0,9,0,0,0,9
12/17/2018,GON,CT,ANE,EN,Federal Contract Tower,0,0,19,0,19,0,0,32,8,40,0,0,51,8,59,40,0,40,99
12/18/2018,GON,CT,ANE,EN,Federal Contract Tower,0,1,9,2,12,0,0,28,0,28,0,1,37,2,40,34,0,34,74
12/19/2018,GON,CT,ANE,EN,Federal Contract Tower,0,2,9,1,12,0,5,92,14,111,0,7,101,15,123,56,24,80,203
12/20/2018,GON,CT,ANE,EN,Federal Contract Tower,0,0,14,5,19,0,3,129,4,136,0,3,143,9,155,64,4,68,223
12/21/2018,GON,CT,ANE,EN,Federal Contract Tower,0,6,0,0,6,0,0,0,0,0,0,6,0,0,6,0,0,0,6
12/22/2018,GON,CT,ANE,EN,Federal Contract Tower,0,7,7,0,14,0,0,21,4,25,0,7,28,4,39,50,26,76,115
12/23/2018,GON,CT,ANE,EN,Federal Contract Tower,0,1,4,0,5,0,0,97,4,101,0,1,101,4,106,100,0,100,206
12/24/2018,GON,CT,ANE,EN,Federal Contract Tower,0,1,0,0,1,0,0,6,0,6,0,1,6,0,7,18,0,18,25
12/25/2018,GON,CT,ANE,EN,Federal Contract Tower,0,2,4,0,6,0,0,20,0,20,0,2,24,0,26,4,0,4,30
12/26/2018,GON,CT,ANE,EN,Federal Contract Tower,0,1,12,0,13,0,0,65,8,73,0,1,77,8,86,40,0,40,126
12/27/2018,GON,CT,ANE,EN,Federal Contract Tower,0,1,22,6,29,0,2,108,2,112,0,3,130,8,141,82,2,84,225
12/28/2018,GON,CT,ANE,EN,Federal Contract Tower,0,0,0,0,0,0,0,0,0,0,0,0,0,0,0,0,0,0,0
12/29/2018,GON,CT,ANE,EN,Federal Contract Tower,0,4,9,0,13,0,0,60,0,60,0,4,69,0,73,52,0,52,125
12/30/2018,GON,CT,ANE,EN,Federal Contract Tower,0,1,9,0,10,0,0,57,2,59,0,1,66,2,69,82,0,82,151
12/31/2018,GON,CT,ANE,EN,Federal Contract Tower,0,0,3,0,3,0,1,34,2,37,0,1,37,2,40,64,0,64,104
01/01/2019,GON,CT,ANE,EN,Federal Contract Tower,0,1,2,0,3,0,0,14,0,14,0,1,16,0,17,0,0,0,17
01/02/2019,GON,CT,ANE,EN,Federal Contract Tower,0,0,10,0,10,0,0,101,7,108,0,0,111,7,118,74,0,74,192
01/03/2019,GON,CT,ANE,EN,Federal Contract Tower,0,0,15,0,15,0,0,74,2,76,0,0,89,2,91,80,0,80,171
01/04/2019,GON,CT,ANE,EN,Federal Contract Tower,0,0,23,0,23,0,4,97,4,105,0,4,120,4,128,46,0,46,174
01/05/2019,GON,CT,ANE,EN,Federal Contract Tower,0,0,2,0,2,0,0,0,0,0,0,0,2,0,2,0,0,0,2
01/06/2019,GON,CT,ANE,EN,Federal Contract Tower,0,0,6,1,7,0,0,70,5,75,0,0,76,6,82,42,6,48,130
01/07/2019,GON,CT,ANE,EN,Federal Contract Tower,0,0,9,0,9,0,0,52,2,54,0,0,61,2,63,34,0,34,97
01/08/2019,GON,CT,ANE,EN,Federal Contract Tower,0,0,7,0,7,0,0,0,0,0,0,0,7,0,7,0,0,0,7
01/09/2019,GON,CT,ANE,EN,Federal Contract Tower,0,0,9,0,9,0,0,17,0,17,0,0,26,0,26,22,0,22,48
01/10/2019,GON,CT,ANE,EN,Federal Contract Tower,0,2,14,1,17,0,0,52,4,56,0,2,66,5,73,62,6,68,141
01/11/2019,GON,CT,ANE,EN,Federal Contract Tower,0,1,8,3,12,0,0,55,2,57,0,1,63,5,69,20,6,26,95
01/12/2019,GON,CT,ANE,EN,Federal Contract Tower,0,6,2,0,8,0,0,163,11,174,0,6,165,11,182,86,0,86,268
01/13/2019,GON,CT,ANE,EN,Federal Contract Tower,0,2,3,0,5,0,0,60,4,64,0,2,63,4,69,76,0,76,145
01/14/2019,GON,CT,ANE,EN,Federal Contract Tower,0,3,17,0,20,0,0,74,5,79,0,3,91,5,99,44,10,54,153
01/15/2019,GON,CT,ANE,EN,Federal Contract Tower,0,0,9,5,14,0,4,83,13,100,0,4,92,18,114,72,2,74,188
01/16/2019,GON,CT,ANE,EN,Federal Contract Tower,0,3,14,2,19,0,0,71,2,73,0,3,85,4,92,82,16,98,190
01/17/2019,GON,CT,ANE,EN,Federal Contract Tower,0,0,16,0,16,0,0,128,18,146,0,0,144,18,162,50,8,58,220
01/18/2019,GON,CT,ANE,EN,Federal Contract Tower,0,1,14,0,15,0,0,9,3,12,0,1,23,3,27,8,0,8,35
01/19/2019,GON,CT,ANE,EN,Federal Contract Tower,0,0,13,0,13,0,0,124,4,128,0,0,137,4,141,84,6,90,231
01/20/2019,GON,CT,ANE,EN,Federal Contract Tower,0,0,2,0,2,0,0,0,0,0,0,0,2,0,2,0,0,0,2
01/21/2019,GON,CT,ANE,EN,Federal Contract Tower,0,0,4,0,4,0,0,7,0,7,0,0,11,0,11,0,0,0,11
01/22/2019,GON,CT,ANE,EN,Federal Contract Tower,0,0,9,2,11,0,0,56,8,64,0,0,65,10,75,40,0,40,115
01/23/2019,GON,CT,ANE,EN,Federal Contract Tower,0,0,13,2,15,0,0,19,7,26,0,0,32,9,41,20,0,20,61
01/24/2019,GON,CT,ANE,EN,Federal Contract Tower,0,4,9,0,13,0,0,0,0,0,0,4,9,0,13,0,0,0,13
01/25/2019,GON,CT,ANE,EN,Federal Contract Tower,0,2,16,0,18,0,0,77,4,81,0,2,93,4,99,66,0,66,165
01/26/2019,GON,CT,ANE,EN,Federal Contract Tower,0,0,12,0,12,0,0,126,5,131,0,0,138,5,143,96,0,96,239
01/27/2019,GON,CT,ANE,EN,Federal Contract Tower,0,0,14,0,14,0,0,72,3,75,0,0,86,3,89,70,0,70,159
01/28/2019,GON,CT,ANE,EN,Federal Contract Tower,0,0,12,0,12,0,0,84,0,84,0,0,96,0,96,84,0,84,180
01/29/2019,GON,CT,ANE,EN,Federal Contract Tower,0,0,5,0,5,0,0,13,0,13,0,0,18,0,18,0,0,0,18
01/30/2019,GON,CT,ANE,EN,Federal Contract Tower,0,1,10,0,11,0,0,20,0,20,0,1,30,0,31,32,0,32,63
01/31/2019,GON,CT,ANE,EN,Federal Contract Tower,0,3,15,0,18,0,0,43,3,46,0,3,58,3,64,74,0,74,138
02/01/2019,GON,CT,ANE,EN,Federal Contract Tower,0,3,15,1,19,0,1,60,5,66,0,4,75,6,85,30,6,36,121
02/02/2019,GON,CT,ANE,EN,Federal Contract Tower,0,2,4,0,6,0,0,85,5,90,0,2,89,5,96,106,0,106,202
02/03/2019,GON,CT,ANE,EN,Federal Contract Tower,0,2,5,0,7,0,0,96,0,96,0,2,101,0,103,40,0,40,143
02/04/2019,GON,CT,ANE,EN,Federal Contract Tower,0,2,20,1,23,0,0,57,0,57,0,2,77,1,80,36,0,36,116
02/05/2019,GON,CT,ANE,EN,Federal Contract Tower,0,0,13,8,21,0,0,97,4,101,0,0,110,12,122,28,2,30,152
02/06/2019,GON,CT,ANE,EN,Federal Contract Tower,0,0,20,0,20,0,1,65,20,86,0,1,85,20,106,82,8,90,196
02/07/2019,GON,CT,ANE,EN,Federal Contract Tower,0,0,9,0,9,0,0,0,0,0,0,0,9,0,9,0,0,0,9
02/08/2019,GON,CT,ANE,EN,Federal Contract Tower,0,1,19,2,22,0,0,8,0,8,0,1,27,2,30,2,0,2,32
02/09/2019,GON,CT,ANE,EN,Federal Contract Tower,0,2,6,0,8,0,0,15,4,19,0,2,21,4,27,8,0,8,35
02/10/2019,GON,CT,ANE,EN,Federal Contract Tower,0,1,14,0,15,0,3,116,2,121,0,4,130,2,136,76,0,76,212
02/11/2019,GON,CT,ANE,EN,Federal Contract Tower,0,0,12,1,13,0,0,81,6,87,0,0,93,7,100,76,2,78,178
02/12/2019,GON,CT,ANE,EN,Federal Contract Tower,0,1,8,2,11,0,0,6,0,6,0,1,14,2,17,4,0,4,21
02/13/2019,GON,CT,ANE,EN,Federal Contract Tower,0,4,16,6,26,0,6,17,14,37,0,10,33,20,63,30,6,36,99
02/14/2019,GON,CT,ANE,EN,Federal Contract Tower,0,5,22,2,29,0,0,73,0,73,0,5,95,2,102,32,0,32,134
02/15/2019,GON,CT,ANE,EN,Federal Contract Tower,0,2,8,6,16,0,0,36,2,38,0,2,44,8,54,34,0,34,88
02/16/2019,GON,CT,ANE,EN,Federal Contract Tower,0,1,11,0,12,0,2,124,6,132,0,3,135,6,144,142,0,142,286
02/17/2019,GON,CT,ANE,EN,Federal Contract Tower,0,3,15,0,18,0,0,129,10,139,0,3,144,10,157,80,0,80,237
02/18/2019,GON,CT,ANE,EN,Federal Contract Tower,0,1,10,0,11,0,0,0,0,0,0,1,10,0,11,0,0,0,11
02/19/2019,GON,CT,ANE,EN,Federal Contract Tower,0,0,13,1,14,0,0,65,4,69,0,0,78,5,83,32,0,32,115
02/20/2019,GON,CT,ANE,EN,Federal Contract Tower,0,0,15,0,15,0,0,24,2,26,0,0,39,2,41,44,0,44,85
02/21/2019,GON,CT,ANE,EN,Federal Contract Tower,0,6,20,1,27,0,0,49,0,49,0,6,69,1,76,68,0,68,144
02/22/2019,GON,CT,ANE,EN,Federal Contract Tower,0,3,27,0,30,0,2,124,13,139,0,5,151,13,169,88,6,94,263
02/23/2019,GON,CT,ANE,EN,Federal Contract Tower,0,1,11,0,12,0,1,135,20,156,0,2,146,20,168,146,2,148,316
02/24/2019,GON,CT,ANE,EN,Federal Contract Tower,0,3,3,0,6,0,1,0,0,1,0,4,3,0,7,0,0,0,7
02/25/2019,GON,CT,ANE,EN,Federal Contract Tower,0,1,3,0,4,0,0,1,0,1,0,1,4,0,5,0,0,0,5
02/26/2019,GON,CT,ANE,EN,Federal Contract Tower,0,0,9,4,13,0,0,36,9,45,0,0,45,13,58,0,2,2,60
02/27/2019,GON,CT,ANE,EN,Federal Contract Tower,0,7,17,1,25,0,1,65,6,72,0,8,82,7,97,96,16,112,209
02/28/2019,GON,CT,ANE,EN,Federal Contract Tower,0,0,17,1,18,0,0,54,6,60,0,0,71,7,78,46,4,50,128
03/01/2019,GON,CT,ANE,EN,Federal Contract Tower,0,2,12,3,17,0,0,46,4,50,0,2,58,7,67,66,6,72,139
03/02/2019,GON,CT,ANE,EN,Federal Contract Tower,0,0,1,0,1,0,0,20,0,20,0,0,21,0,21,16,0,16,37
03/03/2019,GON,CT,ANE,EN,Federal Contract Tower,0,2,12,2,16,0,1,90,2,93,0,3,102,4,109,94,2,96,205
03/04/2019,GON,CT,ANE,EN,Federal Contract Tower,0,4,8,0,12,0,6,34,4,44,0,10,42,4,56,60,0,60,116
03/05/2019,GON,CT,ANE,EN,Federal Contract Tower,0,0,15,4,19,0,0,92,3,95,0,0,107,7,114,80,0,80,194
03/06/2019,GON,CT,ANE,EN,Federal Contract Tower,0,1,10,6,17,0,0,51,1,52,0,1,61,7,69,122,6,128,197
03/07/2019,GON,CT,ANE,EN,Federal Contract Tower,0,0,12,5,17,0,0,62,3,65,0,0,74,8,82,110,8,118,200
03/08/2019,GON,CT,ANE,EN,Federal Contract Tower,0,4,16,1,21,0,6,122,5,133,0,10,138,6,154,136,8,144,298
03/09/2019,GON,CT,ANE,EN,Federal Contract Tower,0,2,13,0,15,0,0,174,13,187,0,2,187,13,202,136,0,136,338
03/10/2019,GON,CT,ANE,EN,Federal Contract Tower,0,0,6,0,6,0,0,0,0,0,0,0,6,0,6,0,0,0,6
03/11/2019,GON,CT,ANE,EN,Federal Contract Tower,0,3,14,2,19,0,0,76,0,76,0,3,90,2,95,66,0,66,161
03/12/2019,GON,CT,ANE,EN,Federal Contract Tower,0,0,20,0,20,0,0,44,0,44,0,0,64,0,64,32,0,32,96
03/13/2019,GON,CT,ANE,EN,Federal Contract Tower,0,0,18,5,23,0,0,95,4,99,0,0,113,9,122,126,6,132,254
03/14/2019,GON,CT,ANE,EN,Federal Contract Tower,0,2,21,0,23,0,0,72,6,78,0,2,93,6,101,84,12,96,197
03/15/2019,GON,CT,ANE,EN,Federal Contract Tower,0,4,10,0,14,0,0,11,0,11,0,4,21,0,25,6,0,6,31
03/16/2019,GON,CT,ANE,EN,Federal Contract Tower,0,0,9,0,9,0,2,57,4,63,0,2,66,4,72,22,0,22,94
03/17/2019,GON,CT,ANE,EN,Federal Contract Tower,0,1,10,1,12,0,0,104,2,106,0,1,114,3,118,54,2,56,174
03/18/2019,GON,CT,ANE,EN,Federal Contract Tower,0,2,13,0,15,0,0,76,0,76,0,2,89,0,91,46,0,46,137
03/19/2019,GON,CT,ANE,EN,Federal Contract Tower,0,0,8,3,11,0,0,63,1,64,0,0,71,4,75,44,0,44,119
03/20/2019,GON,CT,ANE,EN,Federal Contract Tower,0,1,20,3,24,0,6,94,0,100,0,7,114,3,124,114,0,114,238
03/21/2019,GON,CT,ANE,EN,Federal Contract Tower,0,2,14,3,19,0,0,28,0,28,0,2,42,3,47,6,0,6,53
03/22/2019,GON,CT,ANE,EN,Federal Contract Tower,0,4,9,0,13,0,0,1,0,1,0,4,10,0,14,0,0,0,14
03/23/2019,GON,CT,ANE,EN,Federal Contract Tower,0,2,7,0,9,0,0,11,1,12,0,2,18,1,21,2,6,8,29
03/24/2019,GON,CT,ANE,EN,Federal Contract Tower,0,1,6,0,7,0,0,113,11,124,0,1,119,11,131,88,0,88,219
03/25/2019,GON,CT,ANE,EN,Federal Contract Tower,0,2,14,0,16,0,1,78,0,79,0,3,92,0,95,88,0,88,183
03/26/2019,GON,CT,ANE,EN,Federal Contract Tower,0,0,14,1,15,0,0,59,3,62,0,0,73,4,77,38,2,40,117
03/27/2019,GON,CT,ANE,EN,Federal Contract Tower,0,0,12,7,19,0,0,113,4,117,0,0,125,11,136,68,0,68,204
03/28/2019,GON,CT,ANE,EN,Federal Contract Tower,0,6,15,0,21,0,0,65,4,69,0,6,80,4,90,34,8,42,132
03/29/2019,GON,CT,ANE,EN,Federal Contract Tower,0,5,21,0,26,0,0,78,4,82,0,5,99,4,108,130,0,130,238
03/30/2019,GON,CT,ANE,EN,Federal Contract Tower,0,2,18,0,20,0,2,129,3,134,0,4,147,3,154,168,0,168,322
03/31/2019,GON,CT,ANE,EN,Federal Contract Tower,0,1,6,0,7,0,0,2,0,2,0,1,8,0,9,0,0,0,9
04/01/2019,GON,CT,ANE,EN,Federal Contract Tower,0,1,9,0,10,0,0,39,0,39,0,1,48,0,49,12,0,12,61
04/02/2019,GON,CT,ANE,EN,Federal Contract Tower,0,2,11,1,14,0,3,64,15,82,0,5,75,16,96,32,4,36,132
04/03/2019,GON,CT,ANE,EN,Federal Contract Tower,0,1,15,6,22,0,2,48,4,54,0,3,63,10,76,52,8,60,136
04/04/2019,GON,CT,ANE,EN,Federal Contract Tower,0,2,12,1,15,0,2,54,8,64,0,4,66,9,79,46,0,46,125
04/05/2019,GON,CT,ANE,EN,Federal Contract Tower,0,3,21,3,27,0,2,63,8,73,0,5,84,11,100,64,12,76,176
04/06/2019,GON,CT,ANE,EN,Federal Contract Tower,0,0,19,1,20,0,0,58,3,61,0,0,77,4,81,52,0,52,133
04/07/2019,GON,CT,ANE,EN,Federal Contract Tower,0,0,12,0,12,0,4,113,6,123,0,4,125,6,135,104,0,104,239
04/08/2019,GON,CT,ANE,EN,Federal Contract Tower,0,4,10,0,14,0,0,0,0,0,0,4,10,0,14,0,0,0,14
04/09/2019,GON,CT,ANE,EN,Federal Contract Tower,0,2,13,0,15,0,0,0,0,0,0,2,13,0,15,0,0,0,15
04/10/2019,GON,CT,ANE,EN,Federal Contract Tower,0,0,30,2,32,0,0,69,7,76,0,0,99,9,108,94,0,94,202
04/11/2019,GON,CT,ANE,EN,Federal Contract Tower,0,0,27,0,27,0,5,140,19,164,0,5,167,19,191,82,6,88,279
04/12/2019,GON,CT,ANE,EN,Federal Contract Tower,0,2,35,0,37,0,0,51,0,51,0,2,86,0,88,108,0,108,196
04/13/2019,GON,CT,ANE,EN,Federal Contract Tower,0,0,25,2,27,0,0,0,0,0,0,0,25,2,27,0,0,0,27
04/14/2019,GON,CT,ANE,EN,Federal Contract Tower,0,0,12,0,12,0,0,17,0,17,0,0,29,0,29,30,0,30,59
04/15/2019,GON,CT,ANE,EN,Federal Contract Tower,0,2,7,0,9,0,0,10,10,20,0,2,17,10,29,32,0,32,61
04/16/2019,GON,CT,ANE,EN,Federal Contract Tower,0,1,14,0,15,0,2,41,0,43,0,3,55,0,58,40,0,40,98
04/17/2019,GON,CT,ANE,EN,Federal Contract Tower,0,2,32,2,36,0,3,197,2,202,0,5,229,4,238,148,0,148,386
04/18/2019,GON,CT,ANE,EN,Federal Contract Tower,0,0,31,0,31,0,1,17,0,18,0,1,48,0,49,14,0,14,63
04/19/2019,GON,CT,ANE,EN,Federal Contract Tower,0,0,14,0,14,0,0,35,0,35,0,0,49,0,49,72,0,72,121
04/20/2019,GON,CT,ANE,EN,Federal Contract Tower,0,5,0,0,5,0,0,0,0,0,0,5,0,0,5,0,0,0,5
04/21/2019,GON,CT,ANE,EN,Federal Contract Tower,0,0,18,0,18,0,0,14,0,14,0,0,32,0,32,22,0,22,54
04/22/2019,GON,CT,ANE,EN,Federal Contract Tower,0,4,26,0,30,0,0,26,0,26,0,4,52,0,56,44,0,44,100
04/23/2019,GON,CT,ANE,EN,Federal Contract Tower,0,0,21,10,31,0,2,106,7,115,0,2,127,17,146,80,0,80,226
04/24/2019,GON,CT,ANE,EN,Federal Contract Tower,0,0,25,0,25,0,2,95,10,107,0,2,120,10,132,78,0,78,210
04/25/2019,GON,CT,ANE,EN,Federal Contract Tower,0,3,30,1,34,0,2,181,6,189,0,5,211,7,223,122,0,122,345
04/26/2019,GON,CT,ANE,EN,Federal Contract Tower,0,8,23,0,31,0,0,1,0,1,0,8,24,0,32,0,0,0,32
04/27/2019,GON,CT,ANE,EN,Federal Contract Tower,0,1,5,2,8,0,0,42,5,47,0,1,47,7,55,28,0,28,83
04/28/2019,GON,CT,ANE,EN,Federal Contract Tower,0,2,11,0,13,0,4,41,4,49,0,6,52,4,62,82,2,84,146
04/29/2019,GON,CT,ANE,EN,Federal Contract Tower,0,2,22,4,28,0,2,82,7,91,0,4,104,11,119,106,6,112,231
04/30/2019,GON,CT,ANE,EN,Federal Contract Tower,0,0,24,2,26,0,0,13,1,14,0,0,37,3,40,22,4,26,66
05/01/2019,GON,CT,ANE,EN,Federal Contract Tower,0,7,18,4,29,0,1,43,15,59,0,8,61,19,88,40,4,44,132
05/02/2019,GON,CT,ANE,EN,Federal Contract Tower,0,3,55,4,62,0,1,43,6,50,0,4,98,10,112,48,18,66,178
05/03/2019,GON,CT,ANE,EN,Federal Contract Tower,0,2,32,2,36,0,0,8,0,8,0,2,40,2,44,0,6,6,50
05/04/2019,GON,CT,ANE,EN,Federal Contract Tower,0,5,29,0,34,0,0,4,0,4,0,5,33,0,38,8,0,8,46
05/05/2019,GON,CT,ANE,EN,Federal Contract Tower,0,0,14,0,14,0,2,1,0,3,0,2,15,0,17,0,0,0,17
05/06/2019,GON,CT,ANE,EN,Federal Contract Tower,0,3,45,1,49,0,1,91,5,97,0,4,136,6,146,81,8,89,235
05/07/2019,GON,CT,ANE,EN,Federal Contract Tower,0,2,21,7,30,0,1,59,7,67,0,3,80,14,97,88,4,92,189
05/08/2019,GON,CT,ANE,EN,Federal Contract Tower,0,1,25,2,28,0,4,126,10,140,0,5,151,12,168,106,0,106,274
05/09/2019,GON,CT,ANE,EN,Federal Contract Tower,0,4,26,6,36,0,1,59,3,63,0,5,85,9,99,52,0,52,151
05/10/2019,GON,CT,ANE,EN,Federal Contract Tower,0,8,32,0,40,0,1,25,2,28,0,9,57,2,68,2,0,2,70
05/11/2019,GON,CT,ANE,EN,Federal Contract Tower,0,2,8,1,11,0,2,212,10,224,0,4,220,11,235,156,0,156,391
05/12/2019,GON,CT,ANE,EN,Federal Contract Tower,0,0,10,0,10,0,0,5,0,5,0,0,15,0,15,14,0,14,29
05/13/2019,GON,CT,ANE,EN,Federal Contract Tower,0,5,16,0,21,0,0,27,0,27,0,5,43,0,48,34,0,34,82
05/14/2019,GON,CT,ANE,EN,Federal Contract Tower,0,3,30,14,47,0,0,21,0,21,0,3,51,14,68,40,0,40,108
05/15/2019,GON,CT,ANE,EN,Federal Contract Tower,0,8,21,1,30,0,2,93,14,109,0,10,114,15,139,120,2,122,261
05/16/2019,GON,CT,ANE,EN,Federal Contract Tower,0,4,28,0,32,0,6,117,20,143,0,10,145,20,175,104,14,118,293
05/17/2019,GON,CT,ANE,EN,Federal Contract Tower,0,3,21,7,31,0,4,111,0,115,0,7,132,7,146,36,12,48,194
05/18/2019,GON,CT,ANE,EN,Federal Contract Tower,0,4,6,2,12,0,0,145,4,149,0,4,151,6,161,60,2,62,223
05/19/2019,GON,CT,ANE,EN,Federal Contract Tower,0,0,21,2,23,0,1,70,5,76,0,1,91,7,99,76,0,76,175
05/20/2019,GON,CT,ANE,EN,Federal Contract Tower,0,4,20,0,24,0,0,73,5,78,0,4,93,5,102,50,0,50,152
05/21/2019,GON,CT,ANE,EN,Federal Contract Tower,0,2,11,1,14,0,1,28,0,29,0,3,39,1,43,36,0,36,79
05/22/2019,GON,CT,ANE,EN,Federal Contract Tower,0,3,20,8,31,0,1,116,10,127,0,4,136,18,158,120,8,128,286
05/23/2019,GON,CT,ANE,EN,Federal Contract Tower,0,8,19,0,27,0,0,66,2,68,0,8,85,2,95,96,0,96,191
05/24/2019,GON,CT,ANE,EN,Federal Contract Tower,0,10,20,0,30,0,6,43,0,49,0,16,63,0,79,4,0,4,83
05/25/2019,GON,CT,ANE,EN,Federal Contract Tower,0,2,15,0,17,0,5,125,11,141,0,7,140,11,158,30,0,30,188
05/26/2019,GON,CT,ANE,EN,Federal Contract Tower,0,0,16,0,16,0,1,50,6,57,0,1,66,6,73,38,0,38,111
05/27/2019,GON,CT,ANE,EN,Federal Contract Tower,0,1,17,0,18,0,5,99,6,110,0,6,116,6,128,70,0,70,198
05/28/2019,GON,CT,ANE,EN,Federal Contract Tower,0,1,17,0,18,0,2,18,3,23,0,3,35,3,41,2,12,14,55
05/29/2019,GON,CT,ANE,EN,Federal Contract Tower,0,6,35,3,44,0,0,38,0,38,0,6,73,3,82,58,0,58,140
05/30/2019,GON,CT,ANE,EN,Federal Contract Tower,0,4,36,6,46,0,2,7,0,9,0,6,43,6,55,12,0,12,67
05/31/2019,GON,CT,ANE,EN,Federal Contract Tower,0,7,39,1,47,0,3,82,0,85,0,10,121,1,132,34,0,34,166
06/01/2019,GON,CT,ANE,EN,Federal Contract Tower,0,0,19,2,21,0,0,94,5,99,0,0,113,7,120,72,0,72,192
06/02/2019,GON,CT,ANE,EN,Federal Contract Tower,0,9,17,0,26,0,1,18,0,19,0,10,35,0,45,6,0,6,51
06/03/2019,GON,CT,ANE,EN,Federal Contract Tower,0,1,21,0,22,0,0,83,0,83,0,1,104,0,105,84,0,84,189
06/04/2019,GON,CT,ANE,EN,Federal Contract Tower,0,2,24,0,26,0,3,106,2,111,0,5,130,2,137,66,0,66,203
06/05/2019,GON,CT,ANE,EN,Federal Contract Tower,0,2,25,2,29,0,3,48,2,53,0,5,73,4,82,80,4,84,166
06/06/2019,GON,CT,ANE,EN,Federal Contract Tower,0,8,30,4,42,0,0,108,8,116,0,8,138,12,158,64,4,68,226
06/07/2019,GON,CT,ANE,EN,Federal Contract Tower,0,4,41,2,47,0,4,107,4,115,0,8,148,6,162,96,0,96,258
06/08/2019,GON,CT,ANE,EN,Federal Contract Tower,0,0,3,1,4,0,2,133,2,137,0,2,136,3,141,112,2,114,255
06/09/2019,GON,CT,ANE,EN,Federal Contract Tower,0,4,22,0,26,0,2,116,8,126,0,6,138,8,152,86,0,86,238
06/10/2019,GON,CT,ANE,EN,Federal Contract Tower,0,2,23,2,27,0,1,40,0,41,0,3,63,2,68,46,0,46,114
06/11/2019,GON,CT,ANE,EN,Federal Contract Tower,0,1,37,2,40,0,1,34,12,47,0,2,71,14,87,20,0,20,107
06/12/2019,GON,CT,ANE,EN,Federal Contract Tower,0,6,23,2,31,0,3,100,8,111,0,9,123,10,142,138,6,144,286
06/13/2019,GON,CT,ANE,EN,Federal Contract Tower,0,4,27,3,34,0,0,1,0,1,0,4,28,3,35,0,0,0,35
06/14/2019,GON,CT,ANE,EN,Federal Contract Tower,0,4,29,0,33,0,5,86,4,95,0,9,115,4,128,90,0,90,218
06/15/2019,GON,CT,ANE,EN,Federal Contract Tower,0,2,16,0,18,0,0,143,4,147,0,2,159,4,165,156,6,162,327
06/16/2019,GON,CT,ANE,EN,Federal Contract Tower,0,6,3,1,10,0,1,37,0,38,0,7,40,1,48,60,0,60,108
06/17/2019,GON,CT,ANE,EN,Federal Contract Tower,0,4,14,0,18,0,1,74,0,75,0,5,88,0,93,78,0,78,171
06/18/2019,GON,CT,ANE,EN,Federal Contract Tower,0,2,25,2,29,0,0,0,0,0,0,2,25,2,29,0,0,0,29
06/19/2019,GON,CT,ANE,EN,Federal Contract Tower,0,5,55,2,62,0,0,2,1,3,0,5,57,3,65,0,4,4,69
06/20/2019,GON,CT,ANE,EN,Federal Contract Tower,0,6,9,2,17,0,0,0,0,0,0,6,9,2,17,0,2,2,19
06/21/2019,GON,CT,ANE,EN,Federal Contract Tower,0,4,35,0,39,0,0,39,0,39,0,4,74,0,78,4,0,4,82
06/22/2019,GON,CT,ANE,EN,Federal Contract Tower,0,2,17,0,19,0,1,144,0,145,0,3,161,0,164,100,2,102,266
06/23/2019,GON,CT,ANE,EN,Federal Contract Tower,0,3,22,0,25,0,4,122,8,134,0,7,144,8,159,80,8,88,247
06/24/2019,GON,CT,ANE,EN,Federal Contract Tower,0,7,21,0,28,0,1,112,2,115,0,8,133,2,143,58,0,58,201
06/25/2019,GON,CT,ANE,EN,Federal Contract Tower,0,0,13,1,14,0,1,2,2,5,0,1,15,3,19,0,8,8,27
06/26/2019,GON,CT,ANE,EN,Federal Contract Tower,0,5,32,0,37,0,4,102,7,113,0,9,134,7,150,108,0,108,258
06/27/2019,GON,CT,ANE,EN,Federal Contract Tower,0,16,37,4,57,0,2,146,12,160,0,18,183,16,217,130,0,130,347
06/28/2019,GON,CT,ANE,EN,Federal Contract Tower,0,12,23,2,37,0,10,147,4,161,0,22,170,6,198,110,4,114,312
06/29/2019,GON,CT,ANE,EN,Federal Contract Tower,0,3,25,0,28,0,4,119,4,127,0,7,144,4,155,112,0,112,267
06/30/2019,GON,CT,ANE,EN,Federal Contract Tower,0,6,9,1,16,0,10,81,3,94,0,16,90,4,110,94,2,96,206
07/01/2019,GON,CT,ANE,EN,Federal Contract Tower,0,2,16,0,18,0,2,103,0,105,0,4,119,0,123,76,0,76,199
07/02/2019,GON,CT,ANE,EN,Federal Contract Tower,0,3,34,1,38,0,3,75,4,82,0,6,109,5,120,116,12,128,248
07/03/2019,GON,CT,ANE,EN,Federal Contract Tower,0,7,27,5,39,0,3,119,4,126,0,10,146,9,165,134,0,134,299
07/04/2019,GON,CT,ANE,EN,Federal Contract Tower,0,1,7,0,8,0,1,48,4,53,0,2,55,4,61,52,0,52,113
07/05/2019,GON,CT,ANE,EN,Federal Contract Tower,0,5,18,1,24,0,3,85,2,90,0,8,103,3,114,88,0,88,202
07/06/2019,GON,CT,ANE,EN,Federal Contract Tower,0,11,24,0,35,0,2,23,0,25,0,13,47,0,60,50,0,50,110
07/07/2019,GON,CT,ANE,EN,Federal Contract Tower,0,8,13,4,25,0,7,98,10,115,0,15,111,14,140,64,2,66,206
07/08/2019,GON,CT,ANE,EN,Federal Contract Tower,0,4,22,0,26,0,2,110,3,115,0,6,132,3,141,62,0,62,203
07/09/2019,GON,CT,ANE,EN,Federal Contract Tower,0,7,18,0,25,0,4,107,6,117,0,11,125,6,142,52,0,52,194
07/10/2019,GON,CT,ANE,EN,Federal Contract Tower,0,5,27,2,34,0,4,115,4,123,0,9,142,6,157,74,0,74,231
07/11/2019,GON,CT,ANE,EN,Federal Contract Tower,0,6,26,2,34,0,5,90,4,99,0,11,116,6,133,94,4,98,231
07/12/2019,GON,CT,ANE,EN,Federal Contract Tower,0,12,21,0,33,0,13,75,4,92,0,25,96,4,125,90,0,90,215
07/13/2019,GON,CT,ANE,EN,Federal Contract Tower,0,1,20,0,21,0,6,146,4,156,0,7,166,4,177,102,0,102,279
07/14/2019,GON,CT,ANE,EN,Federal Contract Tower,0,4,13,0,17,0,12,109,2,123,0,16,122,2,140,50,0,50,190
07/15/2019,GON,CT,ANE,EN,Federal Contract Tower,0,8,21,0,29,0,4,135,0,139,0,12,156,0,168,102,0,102,270
07/16/2019,GON,CT,ANE,EN,Federal Contract Tower,0,2,8,3,13,0,0,103,0,103,0,2,111,3,116,70,0,70,186
07/17/2019,GON,CT,ANE,EN,Federal Contract Tower,0,11,31,3,45,0,4,33,15,52,0,15,64,18,97,44,0,44,141
07/18/2019,GON,CT,ANE,EN,Federal Contract Tower,0,16,44,2,62,0,0,2,0,2,0,16,46,2,64,0,0,0,64
07/19/2019,GON,CT,ANE,EN,Federal Contract Tower,0,20,47,0,67,0,4,116,2,122,0,24,163,2,189,136,0,136,325
07/20/2019,GON,CT,ANE,EN,Federal Contract Tower,0,7,15,1,23,0,5,147,1,153,0,12,162,2,176,88,0,88,264
07/21/2019,GON,CT,ANE,EN,Federal Contract Tower,0,9,19,0,28,0,8,115,10,133,0,17,134,10,161,100,0,100,261
07/22/2019,GON,CT,ANE,EN,Federal Contract Tower,0,9,24,0,33,0,4,50,4,58,0,13,74,4,91,102,0,102,193
07/23/2019,GON,CT,ANE,EN,Federal Contract Tower,0,5,27,2,34,0,0,8,0,8,0,5,35,2,42,6,0,6,48
07/24/2019,GON,CT,ANE,EN,Federal Contract Tower,0,2,26,0,28,0,0,117,20,137,0,2,143,20,165,106,0,106,271
07/25/2019,GON,CT,ANE,EN,Federal Contract Tower,0,6,24,3,33,0,8,150,8,166,0,14,174,11,199,128,12,140,339
07/26/2019,GON,CT,ANE,EN,Federal Contract Tower,0,2,35,0,37,0,5,143,6,154,0,7,178,6,191,112,6,118,309
07/27/2019,GON,CT,ANE,EN,Federal Contract Tower,0,0,14,0,14,0,2,160,5,167,0,2,174,5,181,174,0,174,355
07/28/2019,GON,CT,ANE,EN,Federal Contract Tower,0,4,8,1,13,0,7,136,5,148,0,11,144,6,161,136,0,136,297
07/29/2019,GON,CT,ANE,EN,Federal Contract Tower,0,0,27,0,27,0,2,100,3,105,0,2,127,3,132,38,18,56,188
07/30/2019,GON,CT,ANE,EN,Federal Contract Tower,0,2,16,2,20,0,5,69,7,81,0,7,85,9,101,56,10,66,167
07/31/2019,GON,CT,ANE,EN,Federal Contract Tower,0,1,9,2,12,0,2,82,3,87,0,3,91,5,99,60,16,76,175
08/01/2019,GON,CT,ANE,EN,Federal Contract Tower,0,8,20,3,31,0,4,133,5,142,0,12,153,8,173,100,0,100,273
08/02/2019,GON,CT,ANE,EN,Federal Contract Tower,0,3,23,1,27,0,5,101,23,129,0,8,124,24,156,86,18,104,260
08/03/2019,GON,CT,ANE,EN,Federal Contract Tower,0,5,7,0,12,0,7,94,0,101,0,12,101,0,113,124,0,124,237
08/04/2019,GON,CT,ANE,EN,Federal Contract Tower,0,5,27,0,32,0,4,126,0,130,0,9,153,0,162,100,0,100,262
08/05/2019,GON,CT,ANE,EN,Federal Contract Tower,0,3,17,1,21,0,3,112,6,121,0,6,129,7,142,88,2,90,232
08/06/2019,GON,CT,ANE,EN,Federal Contract Tower,0,3,31,0,34,0,0,31,0,31,0,3,62,0,65,40,0,40,105
08/07/2019,GON,CT,ANE,EN,Federal Contract Tower,0,0,27,0,27,0,1,28,2,31,0,1,55,2,58,78,0,78,136
08/08/2019,GON,CT,ANE,EN,Federal Contract Tower,0,11,37,1,49,0,1,79,6,86,0,12,116,7,135,102,0,102,237
08/09/2019,GON,CT,ANE,EN,Federal Contract Tower,0,4,24,0,28,0,8,100,0,108,0,12,124,0,136,32,0,32,168
08/10/2019,GON,CT,ANE,EN,Federal Contract Tower,0,3,12,0,15,0,5,123,3,131,0,8,135,3,146,92,6,98,244
08/11/2019,GON,CT,ANE,EN,Federal Contract Tower,0,5,29,1,35,0,6,117,26,149,0,11,146,27,184,56,0,56,240
08/12/2019,GON,CT,ANE,EN,Federal Contract Tower,0,3,13,0,16,0,0,100,33,133,0,3,113,33,149,60,2,62,211
08/13/2019,GON,CT,ANE,EN,Federal Contract Tower,0,6,40,0,46,0,4,21,0,25,0,10,61,0,71,6,0,6,77
08/14/2019,GON,CT,ANE,EN,Federal Contract Tower,0,6,45,7,58,0,1,44,32,77,0,7,89,39,135,86,16,102,237
08/15/2019,GON,CT,ANE,EN,Federal Contract Tower,0,10,26,0,36,0,2,109,34,145,0,12,135,34,181,88,4,92,273
08/16/2019,GON,CT,ANE,EN,Federal Contract Tower,0,15,52,1,68,0,0,53,2,55,0,15,105,3,123,66,2,68,191
08/17/2019,GON,CT,ANE,EN,Federal Contract Tower,0,7,36,2,45,0,0,2,0,2,0,7,38,2,47,0,0,0,47
08/18/2019,GON,CT,ANE,EN,Federal Contract Tower,0,2,27,0,29,0,4,75,4,83,0,6,102,4,112,110,0,110,222
08/19/2019,GON,CT,ANE,EN,Federal Contract Tower,0,4,30,4,38,0,1,94,1,96,0,5,124,5,134,54,2,56,190
08/20/2019,GON,CT,ANE,EN,Federal Contract Tower,0,0,27,4,31,0,0,119,1,120,0,0,146,5,151,86,0,86,237
08/21/2019,GON,CT,ANE,EN,Federal Contract Tower,0,10,29,1,40,0,0,28,1,29,0,10,57,2,69,12,0,12,81
08/22/2019,GON,CT,ANE,EN,Federal Contract Tower,0,5,28,0,33,0,1,96,8,105,0,6,124,8,138,68,8,76,214
08/23/2019,GON,CT,ANE,EN,Federal Contract Tower,0,15,32,0,47,0,5,96,0,101,0,20,128,0,148,66,0,66,214
08/24/2019,GON,CT,ANE,EN,Federal Contract Tower,0,7,18,1,26,0,0,158,5,163,0,7,176,6,189,110,0,110,299
08/25/2019,GON,CT,ANE,EN,Federal Contract Tower,0,3,20,0,23,0,4,86,8,98,0,7,106,8,121,34,0,34,155
08/26/2019,GON,CT,ANE,EN,Federal Contract Tower,0,4,36,1,41,0,3,80,2,85,0,7,116,3,126,90,0,90,216
08/27/2019,GON,CT,ANE,EN,Federal Contract Tower,0,4,35,3,42,0,3,81,3,87,0,7,116,6,129,60,2,62,191
08/28/2019,GON,CT,ANE,EN,Federal Contract Tower,0,12,30,0,42,0,0,10,9,19,0,12,40,9,61,2,18,20,81
08/29/2019,GON,CT,ANE,EN,Federal Contract Tower,0,3,23,0,26,0,2,148,6,156,0,5,171,6,182,102,6,108,290
08/30/2019,GON,CT,ANE,EN,Federal Contract Tower,0,12,34,1,47,0,5,106,16,127,0,17,140,17,174,78,20,98,272
08/31/2019,GON,CT,ANE,EN,Federal Contract Tower,0,4,13,0,17,0,4,143,8,155,0,8,156,8,172,80,0,80,252
09/01/2019,GON,CT,ANE,EN,Federal Contract Tower,0,1,9,0,10,0,4,102,4,110,0,5,111,4,120,44,2,46,166
09/02/2019,GON,CT,ANE,EN,Federal Contract Tower,0,8,24,0,32,0,2,45,0,47,0,10,69,0,79,12,0,12,91
09/03/2019,GON,CT,ANE,EN,Federal Contract Tower,0,1,26,0,27,0,1,48,16,65,0,2,74,16,92,40,10,50,142
09/04/2019,GON,CT,ANE,EN,Federal Contract Tower,0,6,30,0,36,0,1,16,0,17,0,7,46,0,53,34,0,34,87
09/05/2019,GON,CT,ANE,EN,Federal Contract Tower,0,3,24,1,28,0,2,102,8,112,0,5,126,9,140,90,14,104,244
09/06/2019,GON,CT,ANE,EN,Federal Contract Tower,0,3,15,1,19,0,6,25,2,33,0,9,40,3,52,46,0,46,98
09/07/2019,GON,CT,ANE,EN,Federal Contract Tower,0,1,16,0,17,0,3,56,3,62,0,4,72,3,79,70,0,70,149
09/08/2019,GON,CT,ANE,EN,Federal Contract Tower,0,3,12,1,16,0,5,124,3,132,0,8,136,4,148,54,2,56,204
09/09/2019,GON,CT,ANE,EN,Federal Contract Tower,0,3,23,0,26,0,4,111,1,116,0,7,134,1,142,68,0,68,210
09/10/2019,GON,CT,ANE,EN,Federal Contract Tower,0,5,28,1,34,0,1,82,2,85,0,6,110,3,119,80,0,80,199
09/11/2019,GON,CT,ANE,EN,Federal Contract Tower,0,5,21,1,27,0,4,74,5,83,0,9,95,6,110,46,0,46,156
09/12/2019,GON,CT,ANE,EN,Federal Contract Tower,0,8,25,0,33,0,2,41,2,45,0,10,66,2,78,100,0,100,178
09/13/2019,GON,CT,ANE,EN,Federal Contract Tower,0,2,25,1,28,0,5,67,4,76,0,7,92,5,104,66,0,66,170
09/14/2019,GON,CT,ANE,EN,Federal Contract Tower,0,3,9,2,14,0,3,77,4,84,0,6,86,6,98,92,0,92,190
09/15/2019,GON,CT,ANE,EN,Federal Contract Tower,0,5,25,0,30,0,8,96,5,109,0,13,121,5,139,74,0,74,213
09/16/2019,GON,CT,ANE,EN,Federal Contract Tower,0,16,20,0,36,0,7,74,7,88,0,23,94,7,124,50,2,52,176
09/17/2019,GON,CT,ANE,EN,Federal Contract Tower,0,7,12,0,19,0,0,74,8,82,0,7,86,8,101,26,12,38,139
09/18/2019,GON,CT,ANE,EN,Federal Contract Tower,0,6,14,4,24,0,0,59,9,68,0,6,73,13,92,46,22,68,160
09/19/2019,GON,CT,ANE,EN,Federal Contract Tower,0,0,20,0,20,0,1,90,6,97,0,1,110,6,117,118,14,132,249
09/20/2019,GON,CT,ANE,EN,Federal Contract Tower,0,1,31,0,32,0,1,90,6,97,0,2,121,6,129,92,0,92,221
09/21/2019,GON,CT,ANE,EN,Federal Contract Tower,0,2,19,0,21,0,3,132,10,145,0,5,151,10,166,96,0,96,262
09/22/2019,GON,CT,ANE,EN,Federal Contract Tower,0,11,10,0,21,0,2,87,0,89,0,13,97,0,110,76,0,76,186
09/23/2019,GON,CT,ANE,EN,Federal Contract Tower,0,7,15,1,23,0,0,66,1,67,0,7,81,2,90,70,0,70,160
09/24/2019,GON,CT,ANE,EN,Federal Contract Tower,0,5,11,0,16,0,0,32,4,36,0,5,43,4,52,32,6,38,90
09/25/2019,GON,CT,ANE,EN,Federal Contract Tower,0,8,20,4,32,0,2,72,4,78,0,10,92,8,110,68,0,68,178
09/26/2019,GON,CT,ANE,EN,Federal Contract Tower,0,9,22,4,35,0,1,68,0,69,0,10,90,4,104,38,0,38,142
09/27/2019,GON,CT,ANE,EN,Federal Contract Tower,0,6,23,1,30,0,2,105,6,113,0,8,128,7,143,45,0,45,188
09/28/2019,GON,CT,ANE,EN,Federal Contract Tower,0,3,6,2,11,0,2,83,0,85,0,5,89,2,96,60,0,60,156
09/29/2019,GON,CT,ANE,EN,Federal Contract Tower,0,4,15,0,19,0,3,69,0,72,0,7,84,0,91,90,2,92,183
09/30/2019,GON,CT,ANE,EN,Federal Contract Tower,0,5,18,2,25,0,0,72,2,74,0,5,90,4,99,48,0,48,147
10/01/2019,GON,CT,ANE,EN,Federal Contract Tower,0,0,15,0,15,0,6,30,2,38,0,6,45,2,53,24,0,24,77
10/02/2019,GON,CT,ANE,EN,Federal Contract Tower,0,4,11,1,16,0,2,39,3,44,0,6,50,4,60,62,0,62,122
10/03/2019,GON,CT,ANE,EN,Federal Contract Tower,0,5,17,0,22,0,1,21,3,25,0,6,38,3,47,76,10,86,133
10/04/2019,GON,CT,ANE,EN,Federal Contract Tower,0,3,11,1,15,0,6,43,0,49,0,9,54,1,64,66,2,68,132
10/05/2019,GON,CT,ANE,EN,Federal Contract Tower,0,4,10,0,14,0,0,145,2,147,0,4,155,2,161,42,2,44,205
10/06/2019,GON,CT,ANE,EN,Federal Contract Tower,0,4,18,1,23,0,0,44,0,44,0,4,62,1,67,54,0,54,121
10/07/2019,GON,CT,ANE,EN,Federal Contract Tower,0,8,22,0,30,0,1,51,0,52,0,9,73,0,82,46,0,46,128
10/08/2019,GON,CT,ANE,EN,Federal Contract Tower,0,4,21,4,29,0,4,39,4,47,0,8,60,8,76,24,6,30,106
10/09/2019,GON,CT,ANE,EN,Federal Contract Tower,0,5,10,0,15,0,0,5,0,5,0,5,15,0,20,10,0,10,30
10/10/2019,GON,CT,ANE,EN,Federal Contract Tower,0,7,12,0,19,0,0,2,0,2,0,7,14,0,21,0,0,0,21
10/11/2019,GON,CT,ANE,EN,Federal Contract Tower,0,13,13,0,26,0,0,5,0,5,0,13,18,0,31,0,0,0,31
10/12/2019,GON,CT,ANE,EN,Federal Contract Tower,0,3,59,0,62,0,3,55,0,58,0,6,114,0,120,80,0,80,200
10/13/2019,GON,CT,ANE,EN,Federal Contract Tower,0,4,12,0,16,0,2,107,5,114,0,6,119,5,130,116,0,116,246
10/14/2019,GON,CT,ANE,EN,Federal Contract Tower,0,3,29,1,33,0,0,68,2,70,0,3,97,3,103,48,2,50,153
10/15/2019,GON,CT,ANE,EN,Federal Contract Tower,0,1,20,2,23,0,2,78,9,89,0,3,98,11,112,66,18,84,196
10/16/2019,GON,CT,ANE,EN,Federal Contract Tower,0,1,12,2,15,0,0,20,2,22,0,1,32,4,37,4,0,4,41
10/17/2019,GON,CT,ANE,EN,Federal Contract Tower,0,0,9,0,9,0,0,0,0,0,0,0,9,0,9,2,0,2,11
10/18/2019,GON,CT,ANE,EN,Federal Contract Tower,0,4,22,0,26,0,5,70,3,78,0,9,92,3,104,44,0,44,148
10/19/2019,GON,CT,ANE,EN,Federal Contract Tower,0,2,13,1,16,0,1,98,5,104,0,3,111,6,120,140,2,142,262
10/20/2019,GON,CT,ANE,EN,Federal Contract Tower,0,3,20,0,23,0,2,72,8,82,0,5,92,8,105,90,0,90,195
10/21/2019,GON,CT,ANE,EN,Federal Contract Tower,0,0,28,1,29,0,2,69,4,75,0,2,97,5,104,44,4,48,152
10/22/2019,GON,CT,ANE,EN,Federal Contract Tower,0,4,19,0,23,0,0,5,4,9,0,4,24,4,32,4,21,25,57
10/23/2019,GON,CT,ANE,EN,Federal Contract Tower,0,0,23,3,26,0,5,60,2,67,0,5,83,5,93,10,0,10,103
10/24/2019,GON,CT,ANE,EN,Federal Contract Tower,0,4,24,3,31,0,1,107,5,113,0,5,131,8,144,84,14,98,242
10/25/2019,GON,CT,ANE,EN,Federal Contract Tower,0,4,16,3,23,0,0,113,5,118,0,4,129,8,141,66,0,66,207
10/26/2019,GON,CT,ANE,EN,Federal Contract Tower,0,0,16,1,17,0,2,109,0,111,0,2,125,1,128,84,2,86,214
10/27/2019,GON,CT,ANE,EN,Federal Contract Tower,0,3,9,0,12,0,0,9,0,9,0,3,18,0,21,10,0,10,31
10/28/2019,GON,CT,ANE,EN,Federal Contract Tower,0,30,0,0,30,0,0,74,0,74,0,30,74,0,104,72,0,72,176
10/29/2019,GON,CT,ANE,EN,Federal Contract Tower,0,0,17,0,17,0,0,0,0,0,0,0,17,0,17,0,0,0,17
10/30/2019,GON,CT,ANE,EN,Federal Contract Tower,0,2,24,0,26,0,0,0,0,0,0,2,24,0,26,0,0,0,26
10/31/2019,GON,CT,ANE,EN,Federal Contract Tower,0,3,9,0,12,0,0,2,0,2,0,3,11,0,14,0,0,0,14
11/01/2019,GON,CT,ANE,EN,Federal Contract Tower,0,3,19,2,24,0,3,9,10,22,0,6,28,12,46,4,2,6,52
11/02/2019,GON,CT,ANE,EN,Federal Contract Tower,0,8,19,0,27,0,2,124,9,135,0,10,143,9,162,82,0,82,244
11/03/2019,GON,CT,ANE,EN,Federal Contract Tower,0,7,17,0,24,0,0,104,4,108,0,7,121,4,132,172,0,172,304
11/04/2019,GON,CT,ANE,EN,Federal Contract Tower,0,3,15,0,18,0,0,72,1,73,0,3,87,1,91,52,0,52,143
11/05/2019,GON,CT,ANE,EN,Federal Contract Tower,0,4,18,1,23,0,0,11,0,11,0,4,29,1,34,0,4,4,38
11/06/2019,GON,CT,ANE,EN,Federal Contract Tower,0,0,24,4,28,0,0,86,5,91,0,0,110,9,119,38,8,46,165
11/07/2019,GON,CT,ANE,EN,Federal Contract Tower,0,2,14,0,16,0,0,23,0,23,0,2,37,0,39,22,0,22,61
11/08/2019,GON,CT,ANE,EN,Federal Contract Tower,0,1,8,0,9,0,0,21,0,21,0,1,29,0,30,20,0,20,50
11/09/2019,GON,CT,ANE,EN,Federal Contract Tower,0,0,7,0,7,0,0,99,2,101,0,0,106,2,108,78,0,78,186
11/10/2019,GON,CT,ANE,EN,Federal Contract Tower,0,5,13,0,18,0,1,60,2,63,0,6,73,2,81,62,0,62,143
11/11/2019,GON,CT,ANE,EN,Federal Contract Tower,0,1,20,1,22,0,1,66,2,69,0,2,86,3,91,66,2,68,159
11/12/2019,GON,CT,ANE,EN,Federal Contract Tower,0,3,15,0,18,0,0,7,0,7,0,3,22,0,25,4,0,4,29
11/13/2019,GON,CT,ANE,EN,Federal Contract Tower,0,8,26,1,35,0,1,50,3,54,0,9,76,4,89,56,0,56,145
11/14/2019,GON,CT,ANE,EN,Federal Contract Tower,0,2,8,0,10,0,0,48,1,49,0,2,56,1,59,34,0,34,93
11/15/2019,GON,CT,ANE,EN,Federal Contract Tower,0,4,19,2,25,0,0,69,4,73,0,4,88,6,98,26,4,30,128
11/16/2019,GON,CT,ANE,EN,Federal Contract Tower,0,2,11,2,15,0,0,25,2,27,0,2,36,4,42,18,0,18,60
11/17/2019,GON,CT,ANE,EN,Federal Contract Tower,0,2,10,0,12,0,0,29,0,29,0,2,39,0,41,28,0,28,69
11/18/2019,GON,CT,ANE,EN,Federal Contract Tower,0,2,8,0,10,0,0,4,0,4,0,2,12,0,14,32,0,32,46
11/19/2019,GON,CT,ANE,EN,Federal Contract Tower,0,2,18,1,21,0,0,9,4,13,0,2,27,5,34,6,0,6,40
11/20/2019,GON,CT,ANE,EN,Federal Contract Tower,0,1,18,1,20,0,0,6,0,6,0,1,24,1,26,0,0,0,26
11/21/2019,GON,CT,ANE,EN,Federal Contract Tower,0,3,20,1,24,0,1,84,3,88,0,4,104,4,112,46,0,46,158
11/22/2019,GON,CT,ANE,EN,Federal Contract Tower,0,6,15,0,21,0,0,33,2,35,0,6,48,2,56,18,0,18,74
11/23/2019,GON,CT,ANE,EN,Federal Contract Tower,0,1,9,0,10,0,0,96,4,100,0,1,105,4,110,70,0,70,180
11/24/2019,GON,CT,ANE,EN,Federal Contract Tower,0,2,4,0,6,0,0,0,0,0,0,2,4,0,6,0,0,0,6
11/25/2019,GON,CT,ANE,EN,Federal Contract Tower,0,2,21,3,26,0,6,103,10,119,0,8,124,13,145,66,0,66,211
11/26/2019,GON,CT,ANE,EN,Federal Contract Tower,0,11,26,1,38,0,0,74,4,78,0,11,100,5,116,56,4,60,176
11/27/2019,GON,CT,ANE,EN,Federal Contract Tower,0,7,24,0,31,0,2,7,0,9,0,9,31,0,40,12,0,12,52
11/28/2019,GON,CT,ANE,EN,Federal Contract Tower,0,3,2,0,5,0,0,0,0,0,0,3,2,0,5,0,0,0,5
11/29/2019,GON,CT,ANE,EN,Federal Contract Tower,0,3,5,0,8,0,2,60,4,66,0,5,65,4,74,16,0,16,90
11/30/2019,GON,CT,ANE,EN,Federal Contract Tower,0,1,10,0,11,0,1,71,3,75,0,2,81,3,86,36,0,36,122
12/01/2019,GON,CT,ANE,EN,Federal Contract Tower,0,3,9,0,12,0,0,43,0,43,0,3,52,0,55,10,0,10,65
12/02/2019,GON,CT,ANE,EN,Federal Contract Tower,0,0,9,0,9,0,0,0,0,0,0,0,9,0,9,0,0,0,9
12/03/2019,GON,CT,ANE,EN,Federal Contract Tower,0,1,14,4,19,0,2,24,0,26,0,3,38,4,45,16,0,16,61
12/04/2019,GON,CT,ANE,EN,Federal Contract Tower,0,1,10,0,11,0,0,39,0,39,0,1,49,0,50,34,0,34,84
12/05/2019,GON,CT,ANE,EN,Federal Contract Tower,0,2,10,3,15,0,0,46,3,49,0,2,56,6,64,18,12,30,94
12/06/2019,GON,CT,ANE,EN,Federal Contract Tower,0,1,16,0,17,0,1,49,6,56,0,2,65,6,73,32,0,32,105
12/07/2019,GON,CT,ANE,EN,Federal Contract Tower,0,7,15,1,23,0,1,55,2,58,0,8,70,3,81,58,0,58,139
12/08/2019,GON,CT,ANE,EN,Federal Contract Tower,0,1,9,0,10,0,3,101,6,110,0,4,110,6,120,80,0,80,200
12/09/2019,GON,CT,ANE,EN,Federal Contract Tower,0,6,9,0,15,0,0,0,0,0,0,6,9,0,15,0,0,0,15
12/10/2019,GON,CT,ANE,EN,Federal Contract Tower,0,4,21,6,31,0,0,4,0,4,0,4,25,6,35,22,8,30,65
12/11/2019,GON,CT,ANE,EN,Federal Contract Tower,0,5,17,2,24,0,0,25,3,28,0,5,42,5,52,8,2,10,62
12/12/2019,GON,CT,ANE,EN,Federal Contract Tower,0,9,18,0,27,0,2,84,9,95,0,11,102,9,122,38,4,42,164
12/13/2019,GON,CT,ANE,EN,Federal Contract Tower,0,6,32,0,38,0,2,19,4,25,0,8,51,4,63,34,2,36,99
12/14/2019,GON,CT,ANE,EN,Federal Contract Tower,0,0,4,0,4,0,0,0,0,0,0,0,4,0,4,0,0,0,4
12/15/2019,GON,CT,ANE,EN,Federal Contract Tower,0,0,7,0,7,0,0,21,0,21,0,0,28,0,28,6,4,10,38
12/16/2019,GON,CT,ANE,EN,Federal Contract Tower,0,0,21,2,23,0,0,72,19,91,0,0,93,21,114,26,0,26,140
12/17/2019,GON,CT,ANE,EN,Federal Contract Tower,0,0,1,0,1,0,0,0,0,0,0,0,1,0,1,0,0,0,1
12/18/2019,GON,CT,ANE,EN,Federal Contract Tower,0,5,21,1,27,0,0,50,7,57,0,5,71,8,84,34,14,48,132
12/19/2019,GON,CT,ANE,EN,Federal Contract Tower,0,4,10,0,14,0,1,31,0,32,0,5,41,0,46,10,0,10,56
12/20/2019,GON,CT,ANE,EN,Federal Contract Tower,0,4,14,0,18,0,0,85,2,87,0,4,99,2,105,96,0,96,201
12/21/2019,GON,CT,ANE,EN,Federal Contract Tower,0,3,15,0,18,0,0,90,5,95,0,3,105,5,113,80,2,82,195
12/22/2019,GON,CT,ANE,EN,Federal Contract Tower,0,6,9,1,16,0,0,80,3,83,0,6,89,4,99,40,6,46,145
12/23/2019,GON,CT,ANE,EN,Federal Contract Tower,0,5,4,1,10,0,1,78,2,81,0,6,82,3,91,84,2,86,177
12/24/2019,GON,CT,ANE,EN,Federal Contract Tower,0,1,5,0,6,0,0,47,0,47,0,1,52,0,53,34,0,34,87
12/25/2019,GON,CT,ANE,EN,Federal Contract Tower,0,1,0,0,1,0,0,13,0,13,0,1,13,0,14,0,0,0,14
12/26/2019,GON,CT,ANE,EN,Federal Contract Tower,0,6,13,0,19,0,0,33,0,33,0,6,46,0,52,56,0,56,108
12/27/2019,GON,CT,ANE,EN,Federal Contract Tower,0,5,19,2,26,0,0,25,4,29,0,5,44,6,55,24,4,28,83
12/28/2019,GON,CT,ANE,EN,Federal Contract Tower,0,4,13,0,17,0,1,108,6,115,0,5,121,6,132,48,0,48,180
12/29/2019,GON,CT,ANE,EN,Federal Contract Tower,0,0,4,0,4,0,0,61,6,67,0,0,65,6,71,92,0,92,163
12/30/2019,GON,CT,ANE,EN,Federal Contract Tower,0,0,3,0,3,0,0,0,0,0,0,0,3,0,3,0,0,0,3
12/31/2019,GON,CT,ANE,EN,Federal Contract Tower,0,2,11,2,15,0,0,20,2,22,0,2,31,4,37,18,4,22,59
01/01/2020,GON,CT,ANE,EN,Federal Contract Tower,0,0,1,0,1,0,2,24,0,26,0,2,25,0,27,16,0,16,43
01/02/2020,GON,CT,ANE,EN,Federal Contract Tower,0,7,14,1,22,0,3,65,0,68,0,10,79,1,90,102,2,104,194
01/04/2020,GON,CT,ANE,EN,Federal Contract Tower,0,2,9,0,11,0,0,0,0,0,0,2,9,0,11,0,0,0,11
01/05/2020,GON,CT,ANE,EN,Federal Contract Tower,0,0,7,1,8,0,0,10,1,11,0,0,17,2,19,0,0,0,19
01/06/2020,GON,CT,ANE,EN,Federal Contract Tower,0,1,9,0,10,0,0,34,0,34,0,1,43,0,44,40,0,40,84
01/07/2020,GON,CT,ANE,EN,Federal Contract Tower,0,1,8,0,9,0,4,82,4,90,0,5,90,4,99,80,0,80,179
01/08/2020,GON,CT,ANE,EN,Federal Contract Tower,0,0,10,1,11,0,0,16,6,22,0,0,26,7,33,12,0,12,45
01/09/2020,GON,CT,ANE,EN,Federal Contract Tower,0,1,16,2,19,0,2,80,5,87,0,3,96,7,106,68,4,72,178
01/10/2020,GON,CT,ANE,EN,Federal Contract Tower,0,3,26,0,29,0,0,35,0,35,0,3,61,0,64,52,0,52,116
01/11/2020,GON,CT,ANE,EN,Federal Contract Tower,0,0,6,0,6,0,0,20,2,22,0,0,26,2,28,18,0,18,46
01/12/2020,GON,CT,ANE,EN,Federal Contract Tower,0,2,1,0,3,0,2,16,0,18,0,4,17,0,21,8,0,8,29
01/13/2020,GON,CT,ANE,EN,Federal Contract Tower,0,0,20,0,20,0,0,23,0,23,0,0,43,0,43,0,0,0,43
01/14/2020,GON,CT,ANE,EN,Federal Contract Tower,0,1,15,0,16,0,0,30,0,30,0,1,45,0,46,56,0,56,102
01/15/2020,GON,CT,ANE,EN,Federal Contract Tower,0,2,13,0,15,0,2,102,0,104,0,4,115,0,119,66,6,72,191
01/16/2020,GON,CT,ANE,EN,Federal Contract Tower,0,2,4,4,10,0,0,2,8,10,0,2,6,12,20,0,0,0,20
01/17/2020,GON,CT,ANE,EN,Federal Contract Tower,0,1,6,0,7,0,1,23,0,24,0,2,29,0,31,8,2,10,41
01/18/2020,GON,CT,ANE,EN,Federal Contract Tower,0,2,1,0,3,0,0,41,2,43,0,2,42,2,46,38,0,38,84
01/19/2020,GON,CT,ANE,EN,Federal Contract Tower,0,1,4,0,5,0,1,63,2,66,0,2,67,2,71,92,0,92,163
01/20/2020,GON,CT,ANE,EN,Federal Contract Tower,0,4,6,0,10,0,2,64,0,66,0,6,70,0,76,20,0,20,96
01/21/2020,GON,CT,ANE,EN,Federal Contract Tower,0,1,18,0,19,0,4,93,4,101,0,5,111,4,120,68,0,68,188
01/22/2020,GON,CT,ANE,EN,Federal Contract Tower,0,5,10,2,17,0,0,101,2,103,0,5,111,4,120,90,0,90,210
01/23/2020,GON,CT,ANE,EN,Federal Contract Tower,0,0,18,1,19,0,3,77,4,84,0,3,95,5,103,66,2,68,171
01/24/2020,GON,CT,ANE,EN,Federal Contract Tower,0,5,9,6,20,0,0,90,2,92,0,5,99,8,112,72,0,72,184
01/25/2020,GON,CT,ANE,EN,Federal Contract Tower,0,0,9,0,9,0,0,0,0,0,0,0,9,0,9,4,0,4,13
01/26/2020,GON,CT,ANE,EN,Federal Contract Tower,0,0,13,0,13,0,0,86,0,86,0,0,99,0,99,62,0,62,161
01/27/2020,GON,CT,ANE,EN,Federal Contract Tower,0,1,9,1,11,0,0,34,1,35,0,1,43,2,46,22,0,22,68
01/28/2020,GON,CT,ANE,EN,Federal Contract Tower,0,2,13,0,15,0,3,52,4,59,0,5,65,4,74,80,0,80,154
01/29/2020,GON,CT,ANE,EN,Federal Contract Tower,0,0,25,1,26,0,2,71,8,81,0,2,96,9,107,84,6,90,197
01/30/2020,GON,CT,ANE,EN,Federal Contract Tower,0,2,5,0,7,0,2,83,1,86,0,4,88,1,93,42,0,42,135
01/31/2020,GON,CT,ANE,EN,Federal Contract Tower,0,10,13,1,24,0,2,68,4,74,0,12,81,5,98,56,8,64,162
02/01/2020,GON,CT,ANE,EN,Federal Contract Tower,0,2,4,0,6,0,0,0,0,0,0,2,4,0,6,0,0,0,6
02/02/2020,GON,CT,ANE,EN,Federal Contract Tower,0,2,8,1,11,0,2,71,1,74,0,4,79,2,85,96,2,98,183
02/03/2020,GON,CT,ANE,EN,Federal Contract Tower,0,1,18,3,22,0,3,72,0,75,0,4,90,3,97,82,0,82,179
02/04/2020,GON,CT,ANE,EN,Federal Contract Tower,0,0,12,0,12,0,2,33,0,35,0,2,45,0,47,62,0,62,109
02/05/2020,GON,CT,ANE,EN,Federal Contract Tower,0,2,12,1,15,0,1,44,2,47,0,3,56,3,62,70,2,72,134
02/06/2020,GON,CT,ANE,EN,Federal Contract Tower,0,5,5,0,10,0,0,0,0,0,0,5,5,0,10,0,0,0,10
02/07/2020,GON,CT,ANE,EN,Federal Contract Tower,0,1,5,0,6,0,0,0,0,0,0,1,5,0,6,0,0,0,6
02/08/2020,GON,CT,ANE,EN,Federal Contract Tower,0,0,9,0,9,0,2,58,3,63,0,2,67,3,72,66,0,66,138
02/09/2020,GON,CT,ANE,EN,Federal Contract Tower,0,2,8,0,10,0,0,77,2,79,0,2,85,2,89,48,0,48,137
02/10/2020,GON,CT,ANE,EN,Federal Contract Tower,0,2,20,3,25,0,0,11,1,12,0,2,31,4,37,4,10,14,51
02/11/2020,GON,CT,ANE,EN,Federal Contract Tower,0,0,14,0,14,0,0,0,0,0,0,0,14,0,14,0,0,0,14
02/12/2020,GON,CT,ANE,EN,Federal Contract Tower,0,0,36,0,36,0,1,75,0,76,0,1,111,0,112,56,0,56,168
02/13/2020,GON,CT,ANE,EN,Federal Contract Tower,0,0,12,2,14,0,0,0,0,0,0,0,12,2,14,0,0,0,14
02/14/2020,GON,CT,ANE,EN,Federal Contract Tower,0,5,18,0,23,0,0,49,0,49,0,5,67,0,72,30,0,30,102
02/15/2020,GON,CT,ANE,EN,Federal Contract Tower,0,1,6,1,8,0,2,108,2,112,0,3,114,3,120,142,0,142,262
02/16/2020,GON,CT,ANE,EN,Federal Contract Tower,0,0,11,0,11,0,0,76,4,80,0,0,87,4,91,106,0,106,197
02/17/2020,GON,CT,ANE,EN,Federal Contract Tower,0,1,17,0,18,0,0,143,0,143,0,1,160,0,161,108,0,108,269
02/18/2020,GON,CT,ANE,EN,Federal Contract Tower,0,0,26,0,26,0,0,6,0,6,0,0,32,0,32,0,0,0,32
02/19/2020,GON,CT,ANE,EN,Federal Contract Tower,0,0,23,0,23,0,0,78,0,78,0,0,101,0,101,74,0,74,175
02/20/2020,GON,CT,ANE,EN,Federal Contract Tower,0,2,9,2,13,0,0,71,0,71,0,2,80,2,84,56,0,56,140
02/21/2020,GON,CT,ANE,EN,Federal Contract Tower,0,3,17,2,22,0,0,69,6,75,0,3,86,8,97,50,4,54,151
02/22/2020,GON,CT,ANE,EN,Federal Contract Tower,0,8,2,0,10,0,0,87,6,93,0,8,89,6,103,156,0,156,259
02/23/2020,GON,CT,ANE,EN,Federal Contract Tower,0,2,18,1,21,0,0,128,5,133,0,2,146,6,154,134,0,134,288
02/24/2020,GON,CT,ANE,EN,Federal Contract Tower,0,0,12,2,14,0,0,123,2,125,0,0,135,4,139,84,0,84,223
02/25/2020,GON,CT,ANE,EN,Federal Contract Tower,0,0,13,4,17,0,1,36,4,41,0,1,49,8,58,38,0,38,96
02/26/2020,GON,CT,ANE,EN,Federal Contract Tower,0,0,24,1,25,0,0,48,0,48,0,0,72,1,73,26,0,26,99
02/27/2020,GON,CT,ANE,EN,Federal Contract Tower,0,0,11,2,13,0,0,2,0,2,0,0,13,2,15,0,0,0,15
02/28/2020,GON,CT,ANE,EN,Federal Contract Tower,0,0,24,0,24,0,0,35,5,40,0,0,59,5,64,12,0,12,76
02/29/2020,GON,CT,ANE,EN,Federal Contract Tower,0,1,10,0,11,0,0,89,3,92,0,1,99,3,103,134,0,134,237
03/01/2020,GON,CT,ANE,EN,Federal Contract Tower,0,0,16,2,18,0,0,95,10,105,0,0,111,12,123,72,2,74,197
03/02/2020,GON,CT,ANE,EN,Federal Contract Tower,0,0,16,0,16,0,2,86,5,93,0,2,102,5,109,52,0,52,161
03/03/2020,GON,CT,ANE,EN,Federal Contract Tower,0,1,26,3,30,0,0,49,5,54,0,1,75,8,84,36,2,38,122
03/04/2020,GON,CT,ANE,EN,Federal Contract Tower,0,1,22,1,24,0,0,41,5,46,0,1,63,6,70,10,0,10,80
03/05/2020,GON,CT,ANE,EN,Federal Contract Tower,0,1,22,4,27,0,0,95,15,110,0,1,117,19,137,52,30,82,219
03/06/2020,GON,CT,ANE,EN,Federal Contract Tower,0,5,16,0,21,0,0,24,7,31,0,5,40,7,52,12,0,12,64
03/07/2020,GON,CT,ANE,EN,Federal Contract Tower,0,0,5,0,5,0,0,53,0,53,0,0,58,0,58,8,0,8,66
03/08/2020,GON,CT,ANE,EN,Federal Contract Tower,0,1,7,0,8,0,1,111,2,114,0,2,118,2,122,102,0,102,224
03/09/2020,GON,CT,ANE,EN,Federal Contract Tower,0,3,12,0,15,0,0,91,0,91,0,3,103,0,106,104,0,104,210
03/10/2020,GON,CT,ANE,EN,Federal Contract Tower,0,1,14,7,22,0,0,34,4,38,0,1,48,11,60,60,12,72,132
03/11/2020,GON,CT,ANE,EN,Federal Contract Tower,0,1,18,4,23,0,0,90,8,98,0,1,108,12,121,76,10,86,207
03/12/2020,GON,CT,ANE,EN,Federal Contract Tower,0,5,14,2,21,0,2,59,0,61,0,7,73,2,82,12,0,12,94
03/13/2020,GON,CT,ANE,EN,Federal Contract Tower,0,6,5,0,11,0,0,7,0,7,0,6,12,0,18,2,0,2,20
03/14/2020,GON,CT,ANE,EN,Federal Contract Tower,0,4,5,2,11,0,0,69,2,71,0,4,74,4,82,30,0,30,112
03/15/2020,GON,CT,ANE,EN,Federal Contract Tower,0,5,12,0,17,0,1,101,0,102,0,6,113,0,119,148,0,148,267
03/16/2020,GON,CT,ANE,EN,Federal Contract Tower,0,2,12,0,14,0,1,91,6,98,0,3,103,6,112,84,10,94,206
03/17/2020,GON,CT,ANE,EN,Federal Contract Tower,0,0,8,4,12,0,0,1,0,1,0,0,9,4,13,0,0,0,13
03/18/2020,GON,CT,ANE,EN,Federal Contract Tower,0,3,26,3,32,0,0,120,4,124,0,3,146,7,156,114,2,116,272
03/19/2020,GON,CT,ANE,EN,Federal Contract Tower,0,2,2,0,4,0,0,0,0,0,0,2,2,0,4,0,0,0,4
03/20/2020,GON,CT,ANE,EN,Federal Contract Tower,0,1,6,0,7,0,0,0,0,0,0,1,6,0,7,0,0,0,7
03/21/2020,GON,CT,ANE,EN,Federal Contract Tower,0,1,11,0,12,0,0,81,0,81,0,1,92,0,93,98,0,98,191
03/22/2020,GON,CT,ANE,EN,Federal Contract Tower,0,3,17,0,20,0,0,89,4,93,0,3,106,4,113,68,0,68,181
03/23/2020,GON,CT,ANE,EN,Federal Contract Tower,0,0,0,0,0,0,0,10,2,12,0,0,10,2,12,12,0,12,24
03/24/2020,GON,CT,ANE,EN,Federal Contract Tower,0,0,7,3,10,0,0,25,13,38,0,0,32,16,48,26,8,34,82
03/25/2020,GON,CT,ANE,EN,Federal Contract Tower,0,0,3,1,4,0,0,10,1,11,0,0,13,2,15,24,0,24,39
03/26/2020,GON,CT,ANE,EN,Federal Contract Tower,0,0,2,1,3,0,0,55,7,62,0,0,57,8,65,70,8,78,143
03/27/2020,GON,CT,ANE,EN,Federal Contract Tower,0,0,3,0,3,0,0,49,0,49,0,0,52,0,52,30,0,30,82
03/28/2020,GON,CT,ANE,EN,Federal Contract Tower,0,0,10,0,10,0,0,63,0,63,0,0,73,0,73,60,0,60,133
03/29/2020,GON,CT,ANE,EN,Federal Contract Tower,0,0,4,0,4,0,0,0,0,0,0,0,4,0,4,0,0,0,4
03/30/2020,GON,CT,ANE,EN,Federal Contract Tower,0,0,7,4,11,0,0,24,4,28,0,0,31,8,39,34,16,50,89
03/31/2020,GON,CT,ANE,EN,Federal Contract Tower,0,0,12,0,12,0,0,44,2,46,0,0,56,2,58,28,0,28,86
04/01/2020,GON,CT,ANE,EN,Federal Contract Tower,0,0,4,3,7,0,0,35,5,40,0,0,39,8,47,4,26,30,77
04/02/2020,GON,CT,ANE,EN,Federal Contract Tower,0,0,0,0,0,0,0,2,2,4,0,0,2,2,4,0,0,0,4
04/03/2020,GON,CT,ANE,EN,Federal Contract Tower,0,0,2,0,2,0,0,0,0,0,0,0,2,0,2,0,0,0,2
04/04/2020,GON,CT,ANE,EN,Federal Contract Tower,0,0,4,0,4,0,0,38,0,38,0,0,42,0,42,40,0,40,82
04/05/2020,GON,CT,ANE,EN,Federal Contract Tower,0,0,19,0,19,0,0,28,0,28,0,0,47,0,47,68,0,68,115
04/06/2020,GON,CT,ANE,EN,Federal Contract Tower,0,0,9,0,9,0,1,59,7,67,0,1,68,7,76,70,0,70,146
04/07/2020,GON,CT,ANE,EN,Federal Contract Tower,0,0,3,0,3,0,0,83,2,85,0,0,86,2,88,64,0,64,152
04/08/2020,GON,CT,ANE,EN,Federal Contract Tower,0,0,10,0,10,0,0,18,0,18,0,0,28,0,28,52,0,52,80
04/09/2020,GON,CT,ANE,EN,Federal Contract Tower,0,0,3,0,3,0,0,0,0,0,0,0,3,0,3,0,0,0,3
04/10/2020,GON,CT,ANE,EN,Federal Contract Tower,0,0,1,1,2,0,0,2,2,4,0,0,3,3,6,0,0,0,6
04/11/2020,GON,CT,ANE,EN,Federal Contract Tower,0,0,5,0,5,0,0,29,0,29,0,0,34,0,34,4,0,4,38
04/12/2020,GON,CT,ANE,EN,Federal Contract Tower,0,1,7,0,8,0,1,45,0,46,0,2,52,0,54,60,2,62,116
04/13/2020,GON,CT,ANE,EN,Federal Contract Tower,0,0,0,0,0,0,0,0,0,0,0,0,0,0,0,0,0,0,0
04/14/2020,GON,CT,ANE,EN,Federal Contract Tower,0,2,3,0,5,0,0,37,4,41,0,2,40,4,46,54,2,56,102
04/15/2020,GON,CT,ANE,EN,Federal Contract Tower,0,0,5,1,6,0,0,27,2,29,0,0,32,3,35,26,18,44,79
04/16/2020,GON,CT,ANE,EN,Federal Contract Tower,0,1,7,0,8,0,0,25,7,32,0,1,32,7,40,4,12,16,56
04/17/2020,GON,CT,ANE,EN,Federal Contract Tower,0,3,3,0,6,0,0,27,0,27,0,3,30,0,33,14,0,14,47
04/18/2020,GON,CT,ANE,EN,Federal Contract Tower,0,0,0,0,0,0,0,0,0,0,0,0,0,0,0,0,0,0,0
04/19/2020,GON,CT,ANE,EN,Federal Contract Tower,0,0,15,0,15,0,0,56,1,57,0,0,71,1,72,8,0,8,80
04/20/2020,GON,CT,ANE,EN,Federal Contract Tower,0,0,2,0,2,0,0,58,0,58,0,0,60,0,60,28,0,28,88
04/21/2020,GON,CT,ANE,EN,Federal Contract Tower,0,0,0,0,0,0,0,3,0,3,0,0,3,0,3,0,0,0,3
04/22/2020,GON,CT,ANE,EN,Federal Contract Tower,0,0,0,0,0,0,0,12,4,16,0,0,12,4,16,4,12,16,32
04/23/2020,GON,CT,ANE,EN,Federal Contract Tower,0,0,6,0,6,0,0,68,5,73,0,0,74,5,79,40,22,62,141
04/24/2020,GON,CT,ANE,EN,Federal Contract Tower,0,1,7,0,8,0,0,3,0,3,0,1,10,0,11,2,0,2,13
04/25/2020,GON,CT,ANE,EN,Federal Contract Tower,0,1,6,0,7,0,0,121,0,121,0,1,127,0,128,106,0,106,234
04/26/2020,GON,CT,ANE,EN,Federal Contract Tower,0,1,2,0,3,0,0,4,0,4,0,1,6,0,7,34,0,34,41
04/27/2020,GON,CT,ANE,EN,Federal Contract Tower,0,0,4,0,4,0,0,1,0,1,0,0,5,0,5,0,0,0,5
04/28/2020,GON,CT,ANE,EN,Federal Contract Tower,0,0,0,0,0,0,0,3,0,3,0,0,3,0,3,0,0,0,3
04/29/2020,GON,CT,ANE,EN,Federal Contract Tower,0,0,0,0,0,0,0,1,4,5,0,0,1,4,5,0,0,0,5
04/30/2020,GON,CT,ANE,EN,Federal Contract Tower,0,0,0,0,0,0,0,0,0,0,0,0,0,0,0,0,0,0,0
05/01/2020,GON,CT,ANE,EN,Federal Contract Tower,0,0,0,0,0,0,0,0,0,0,0,0,0,0,0,0,0,0,0
05/02/2020,GON,CT,ANE,EN,Federal Contract Tower,0,0,15,0,15,0,0,49,0,49,0,0,64,0,64,66,2,68,132
05/03/2020,GON,CT,ANE,EN,Federal Contract Tower,0,1,13,0,14,0,0,101,12,113,0,1,114,12,127,46,8,54,181
05/04/2020,GON,CT,ANE,EN,Federal Contract Tower,0,2,9,0,11,0,0,63,0,63,0,2,72,0,74,74,0,74,148
05/05/2020,GON,CT,ANE,EN,Federal Contract Tower,0,5,11,2,18,0,0,72,27,99,0,5,83,29,117,42,4,46,163
05/06/2020,GON,CT,ANE,EN,Federal Contract Tower,0,1,15,0,16,0,0,22,2,24,0,1,37,2,40,44,12,56,96
05/07/2020,GON,CT,ANE,EN,Federal Contract Tower,0,2,9,4,15,0,0,51,6,57,0,2,60,10,72,40,28,68,140
05/08/2020,GON,CT,ANE,EN,Federal Contract Tower,0,0,10,0,10,0,3,40,0,43,0,3,50,0,53,58,0,58,111
05/09/2020,GON,CT,ANE,EN,Federal Contract Tower,0,2,2,0,4,0,0,0,0,0,0,2,2,0,4,0,0,0,4
05/10/2020,GON,CT,ANE,EN,Federal Contract Tower,0,0,2,0,2,0,2,25,0,27,0,2,27,0,29,12,0,12,41
05/11/2020,GON,CT,ANE,EN,Federal Contract Tower,0,2,5,0,7,0,0,34,0,34,0,2,39,0,41,16,0,16,57
05/12/2020,GON,CT,ANE,EN,Federal Contract Tower,0,3,3,0,6,0,0,68,4,72,0,3,71,4,78,58,12,70,148
05/13/2020,GON,CT,ANE,EN,Federal Contract Tower,0,0,0,0,0,0,0,1,8,9,0,0,1,8,9,0,0,0,9
05/14/2020,GON,CT,ANE,EN,Federal Contract Tower,0,1,10,7,18,0,6,83,9,98,0,7,93,16,116,66,12,78,194
05/15/2020,GON,CT,ANE,EN,Federal Contract Tower,0,2,11,0,13,0,0,33,0,33,0,2,44,0,46,4,4,8,54
05/16/2020,GON,CT,ANE,EN,Federal Contract Tower,0,1,15,0,16,0,1,69,4,74,0,2,84,4,90,78,26,104,194
05/17/2020,GON,CT,ANE,EN,Federal Contract Tower,0,3,10,0,13,0,0,63,0,63,0,3,73,0,76,96,0,96,172
05/18/2020,GON,CT,ANE,EN,Federal Contract Tower,0,4,7,0,11,0,6,36,4,46,0,10,43,4,57,50,0,50,107
05/19/2020,GON,CT,ANE,EN,Federal Contract Tower,0,2,3,0,5,0,1,9,6,16,0,3,12,6,21,0,10,10,31
05/20/2020,GON,CT,ANE,EN,Federal Contract Tower,0,6,5,2,13,0,3,73,9,85,0,9,78,11,98,102,2,104,202
05/21/2020,GON,CT,ANE,EN,Federal Contract Tower,0,6,9,2,17,0,1,98,8,107,0,7,107,10,124,64,10,74,198
05/22/2020,GON,CT,ANE,EN,Federal Contract Tower,0,4,9,0,13,0,1,46,0,47,0,5,55,0,60,56,2,58,118
05/23/2020,GON,CT,ANE,EN,Federal Contract Tower,0,2,22,0,24,0,0,3,0,3,0,2,25,0,27,0,0,0,27
05/24/2020,GON,CT,ANE,EN,Federal Contract Tower,0,3,12,0,15,0,0,63,0,63,0,3,75,0,78,92,0,92,170
05/25/2020,GON,CT,ANE,EN,Federal Contract Tower,0,3,30,0,33,0,2,9,0,11,0,5,39,0,44,38,0,38,82
05/26/2020,GON,CT,ANE,EN,Federal Contract Tower,0,2,16,5,23,0,0,35,19,54,0,2,51,24,77,42,2,44,121
05/27/2020,GON,CT,ANE,EN,Federal Contract Tower,0,1,21,2,24,0,0,29,10,39,0,1,50,12,63,44,0,44,107
05/28/2020,GON,CT,ANE,EN,Federal Contract Tower,0,4,16,0,20,0,1,7,0,8,0,5,23,0,28,0,0,0,28
05/29/2020,GON,CT,ANE,EN,Federal Contract Tower,0,0,10,0,10,0,0,0,0,0,0,0,10,0,10,4,0,4,14
05/30/2020,GON,CT,ANE,EN,Federal Contract Tower,0,0,12,0,12,0,1,51,2,54,0,1,63,2,66,38,0,38,104
05/31/2020,GON,CT,ANE,EN,Federal Contract Tower,0,1,11,1,13,0,0,79,1,80,0,1,90,2,93,68,0,68,161
06/01/2020,GON,CT,ANE,EN,Federal Contract Tower,0,4,13,0,17,0,0,73,2,75,0,4,86,2,92,30,6,36,128
06/02/2020,GON,CT,ANE,EN,Federal Contract Tower,0,3,9,0,12,0,0,72,4,76,0,3,81,4,88,84,10,94,182
06/03/2020,GON,CT,ANE,EN,Federal Contract Tower,0,1,11,0,12,0,0,50,4,54,0,1,61,4,66,48,2,50,116
06/04/2020,GON,CT,ANE,EN,Federal Contract Tower,0,7,14,0,21,0,2,78,10,90,0,9,92,10,111,40,16,56,167
06/05/2020,GON,CT,ANE,EN,Federal Contract Tower,0,2,11,3,16,0,4,54,2,60,0,6,65,5,76,64,0,64,140
06/06/2020,GON,CT,ANE,EN,Federal Contract Tower,0,1,32,0,33,0,0,20,2,22,0,1,52,2,55,30,6,36,91
06/07/2020,GON,CT,ANE,EN,Federal Contract Tower,0,2,18,1,21,0,2,69,1,72,0,4,87,2,93,36,0,36,129
06/08/2020,GON,CT,ANE,EN,Federal Contract Tower,0,2,13,0,15,0,0,107,4,111,0,2,120,4,126,64,14,78,204
06/09/2020,GON,CT,ANE,EN,Federal Contract Tower,0,1,10,1,12,0,1,93,0,94,0,2,103,1,106,92,8,100,206
06/10/2020,GON,CT,ANE,EN,Federal Contract Tower,0,2,23,0,25,0,3,51,8,62,0,5,74,8,87,66,18,84,171
06/11/2020,GON,CT,ANE,EN,Federal Contract Tower,0,2,24,2,28,0,0,8,0,8,0,2,32,2,36,18,0,18,54
06/12/2020,GON,CT,ANE,EN,Federal Contract Tower,0,5,27,3,35,0,4,83,3,90,0,9,110,6,125,78,8,86,211
06/13/2020,GON,CT,ANE,EN,Federal Contract Tower,0,7,23,0,30,0,0,91,1,92,0,7,114,1,122,62,0,62,184
06/14/2020,GON,CT,ANE,EN,Federal Contract Tower,0,2,17,0,19,0,2,114,3,119,0,4,131,3,138,116,0,116,254
06/15/2020,GON,CT,ANE,EN,Federal Contract Tower,0,12,17,0,29,0,5,77,15,97,0,17,94,15,126,50,0,50,176
06/16/2020,GON,CT,ANE,EN,Federal Contract Tower,0,3,27,2,32,0,2,96,3,101,0,5,123,5,133,82,8,90,223
06/17/2020,GON,CT,ANE,EN,Federal Contract Tower,0,2,17,0,19,0,2,76,8,86,0,4,93,8,105,72,8,80,185
06/18/2020,GON,CT,ANE,EN,Federal Contract Tower,0,5,33,2,40,0,1,12,8,21,0,6,45,10,61,4,0,4,65
06/19/2020,GON,CT,ANE,EN,Federal Contract Tower,0,5,15,0,20,0,1,81,6,88,0,6,96,6,108,112,0,112,220
06/20/2020,GON,CT,ANE,EN,Federal Contract Tower,0,3,17,0,20,0,0,86,0,86,0,3,103,0,106,120,0,120,226
06/21/2020,GON,CT,ANE,EN,Federal Contract Tower,0,3,12,0,15,0,0,75,2,77,0,3,87,2,92,142,4,146,238
06/22/2020,GON,CT,ANE,EN,Federal Contract Tower,0,5,22,0,27,0,3,76,0,79,0,8,98,0,106,50,0,50,156
06/23/2020,GON,CT,ANE,EN,Federal Contract Tower,0,14,12,2,28,0,0,51,0,51,0,14,63,2,79,38,0,38,117
06/24/2020,GON,CT,ANE,EN,Federal Contract Tower,0,11,18,0,29,0,3,51,0,54,0,14,69,0,83,94,0,94,177
06/25/2020,GON,CT,ANE,EN,Federal Contract Tower,0,8,18,0,26,0,1,98,1,100,0,9,116,1,126,50,4,54,180
06/26/2020,GON,CT,ANE,EN,Federal Contract Tower,0,3,18,0,21,0,5,118,8,131,0,8,136,8,152,78,2,80,232
06/27/2020,GON,CT,ANE,EN,Federal Contract Tower,0,1,10,0,11,0,1,48,0,49,0,2,58,0,60,40,0,40,100
06/28/2020,GON,CT,ANE,EN,Federal Contract Tower,0,5,22,0,27,0,2,60,0,62,0,7,82,0,89,90,0,90,179
06/29/2020,GON,CT,ANE,EN,Federal Contract Tower,0,1,25,2,28,0,1,34,1,36,0,2,59,3,64,98,6,104,168
06/30/2020,GON,CT,ANE,EN,Federal Contract Tower,0,4,18,7,29,0,2,28,0,30,0,6,46,7,59,48,0,48,107
07/01/2020,GON,CT,ANE,EN,Federal Contract Tower,0,4,26,2,32,0,4,27,3,34,0,8,53,5,66,24,8,32,98
07/02/2020,GON,CT,ANE,EN,Federal Contract Tower,0,4,35,0,39,0,4,114,0,118,0,8,149,0,157,54,0,54,211
07/03/2020,GON,CT,ANE,EN,Federal Contract Tower,0,2,21,0,23,0,3,33,4,40,0,5,54,4,63,26,0,26,89
07/04/2020,GON,CT,ANE,EN,Federal Contract Tower,0,2,14,0,16,0,2,36,5,43,0,4,50,5,59,4,0,4,63
07/05/2020,GON,CT,ANE,EN,Federal Contract Tower,0,8,22,0,30,0,2,62,1,65,0,10,84,1,95,64,0,64,159
07/06/2020,GON,CT,ANE,EN,Federal Contract Tower,0,4,20,1,25,0,1,76,2,79,0,5,96,3,104,68,0,68,172
07/07/2020,GON,CT,ANE,EN,Federal Contract Tower,0,3,29,2,34,0,0,4,0,4,0,3,33,2,38,0,0,0,38
07/08/2020,GON,CT,ANE,EN,Federal Contract Tower,0,2,29,3,34,0,0,49,5,54,0,2,78,8,88,74,14,88,176
07/09/2020,GON,CT,ANE,EN,Federal Contract Tower,0,4,36,6,46,0,3,87,10,100,0,7,123,16,146,56,0,56,202
07/10/2020,GON,CT,ANE,EN,Federal Contract Tower,0,5,15,1,21,0,1,3,0,4,0,6,18,1,25,0,0,0,25
07/11/2020,GON,CT,ANE,EN,Federal Contract Tower,0,1,39,2,42,0,0,10,0,10,0,1,49,2,52,0,0,0,52
07/12/2020,GON,CT,ANE,EN,Federal Contract Tower,0,2,12,0,14,0,9,105,1,115,0,11,117,1,129,118,4,122,251
07/13/2020,GON,CT,ANE,EN,Federal Contract Tower,0,5,16,0,21,0,2,89,4,95,0,7,105,4,116,110,0,110,226
07/14/2020,GON,CT,ANE,EN,Federal Contract Tower,0,2,18,3,23,0,1,83,4,88,0,3,101,7,111,62,2,64,175
07/15/2020,GON,CT,ANE,EN,Federal Contract Tower,0,5,32,4,41,0,0,83,5,88,0,5,115,9,129,92,0,92,221
07/16/2020,GON,CT,ANE,EN,Federal Contract Tower,0,9,26,1,36,0,3,109,7,119,0,12,135,8,155,98,0,98,253
07/17/2020,GON,CT,ANE,EN,Federal Contract Tower,0,2,27,0,29,0,0,18,1,19,0,2,45,1,48,26,14,40,88
07/18/2020,GON,CT,ANE,EN,Federal Contract Tower,0,2,12,0,14,0,1,98,0,99,0,3,110,0,113,92,0,92,205
07/19/2020,GON,CT,ANE,EN,Federal Contract Tower,0,6,26,0,32,0,2,80,0,82,0,8,106,0,114,82,0,82,196
07/20/2020,GON,CT,ANE,EN,Federal Contract Tower,0,4,38,0,42,0,1,49,0,50,0,5,87,0,92,36,0,36,128
07/21/2020,GON,CT,ANE,EN,Federal Contract Tower,0,6,12,6,24,0,0,128,2,130,0,6,140,8,154,70,8,78,232
07/22/2020,GON,CT,ANE,EN,Federal Contract Tower,0,7,22,1,30,0,0,47,0,47,0,7,69,1,77,44,8,52,129
07/23/2020,GON,CT,ANE,EN,Federal Contract Tower,0,9,23,0,32,0,0,50,1,51,0,9,73,1,83,42,4,46,129
07/24/2020,GON,CT,ANE,EN,Federal Contract Tower,0,5,20,3,28,0,3,76,4,83,0,8,96,7,111,108,0,108,219
07/25/2020,GON,CT,ANE,EN,Federal Contract Tower,0,1,33,1,35,0,1,112,4,117,0,2,145,5,152,50,4,54,206
07/26/2020,GON,CT,ANE,EN,Federal Contract Tower,0,5,17,2,24,0,2,89,5,96,0,7,106,7,120,80,2,82,202
07/27/2020,GON,CT,ANE,EN,Federal Contract Tower,0,2,16,2,20,0,1,88,0,89,0,3,104,2,109,64,0,64,173
07/28/2020,GON,CT,ANE,EN,Federal Contract Tower,0,2,16,0,18,0,4,60,4,68,0,6,76,4,86,66,4,70,156
07/29/2020,GON,CT,ANE,EN,Federal Contract Tower,0,5,25,2,32,0,1,107,3,111,0,6,132,5,143,92,2,94,237
07/30/2020,GON,CT,ANE,EN,Federal Contract Tower,0,6,17,0,23,0,2,59,6,67,0,8,76,6,90,36,0,36,126
07/31/2020,GON,CT,ANE,EN,Federal Contract Tower,0,7,32,3,42,0,4,30,3,37,0,11,62,6,79,38,0,38,117
08/01/2020,GON,CT,ANE,EN,Federal Contract Tower,0,6,12,0,18,0,2,117,2,121,0,8,129,2,139,82,0,82,221
08/02/2020,GON,CT,ANE,EN,Federal Contract Tower,0,2,24,0,26,0,5,40,2,47,0,7,64,2,73,48,0,48,121
08/03/2020,GON,CT,ANE,EN,Federal Contract Tower,0,6,30,3,39,0,5,96,1,102,0,11,126,4,141,40,0,40,181
08/04/2020,GON,CT,ANE,EN,Federal Contract Tower,0,3,6,0,9,0,0,0,0,0,0,3,6,0,9,0,0,0,9
08/05/2020,GON,CT,ANE,EN,Federal Contract Tower,0,2,15,4,21,0,2,57,3,62,0,4,72,7,83,48,2,50,133
08/06/2020,GON,CT,ANE,EN,Federal Contract Tower,0,5,26,0,31,0,4,80,5,89,0,9,106,5,120,104,0,104,224
08/07/2020,GON,CT,ANE,EN,Federal Contract Tower,0,9,24,1,34,0,4,44,0,48,0,13,68,1,82,80,0,80,162
08/08/2020,GON,CT,ANE,EN,Federal Contract Tower,0,2,25,0,27,0,1,57,12,70,0,3,82,12,97,66,0,66,163
08/09/2020,GON,CT,ANE,EN,Federal Contract Tower,0,6,18,2,26,0,3,81,7,91,0,9,99,9,117,50,0,50,167
08/10/2020,GON,CT,ANE,EN,Federal Contract Tower,0,9,19,0,28,0,4,100,1,105,0,13,119,1,133,62,0,62,195
08/11/2020,GON,CT,ANE,EN,Federal Contract Tower,0,11,18,2,31,0,5,68,0,73,0,16,86,2,104,30,0,30,134
08/12/2020,GON,CT,ANE,EN,Federal Contract Tower,0,5,15,2,22,0,2,49,2,53,0,7,64,4,75,16,0,16,91
08/13/2020,GON,CT,ANE,EN,Federal Contract Tower,0,6,17,1,24,0,2,45,2,49,0,8,62,3,73,22,0,22,95
08/14/2020,GON,CT,ANE,EN,Federal Contract Tower,0,10,18,0,28,0,4,78,3,85,0,14,96,3,113,48,0,48,161
08/15/2020,GON,CT,ANE,EN,Federal Contract Tower,0,8,22,2,32,0,1,55,7,63,0,9,77,9,95,28,0,28,123
08/16/2020,GON,CT,ANE,EN,Federal Contract Tower,0,9,40,4,53,0,1,24,0,25,0,10,64,4,78,56,0,56,134
08/17/2020,GON,CT,ANE,EN,Federal Contract Tower,0,7,18,0,25,0,2,85,2,89,0,9,103,2,114,74,0,74,188
08/18/2020,GON,CT,ANE,EN,Federal Contract Tower,0,7,21,0,28,0,3,98,0,101,0,10,119,0,129,62,0,62,191
08/19/2020,GON,CT,ANE,EN,Federal Contract Tower,0,8,12,0,20,0,2,39,2,43,0,10,51,2,63,62,0,62,125
08/20/2020,GON,CT,ANE,EN,Federal Contract Tower,0,5,30,1,36,0,4,99,3,106,0,9,129,4,142,56,2,58,200
08/21/2020,GON,CT,ANE,EN,Federal Contract Tower,0,8,16,4,28,0,5,122,4,131,0,13,138,8,159,116,0,116,275
08/22/2020,GON,CT,ANE,EN,Federal Contract Tower,0,15,15,0,30,0,1,60,2,63,0,16,75,2,93,60,0,60,153
08/23/2020,GON,CT,ANE,EN,Federal Contract Tower,0,6,16,1,23,0,4,82,4,90,0,10,98,5,113,66,2,68,181
08/24/2020,GON,CT,ANE,EN,Federal Contract Tower,0,2,28,0,30,0,1,32,0,33,0,3,60,0,63,40,0,40,103
08/25/2020,GON,CT,ANE,EN,Federal Contract Tower,0,6,20,0,26,0,4,60,9,73,0,10,80,9,99,50,0,50,149
08/26/2020,GON,CT,ANE,EN,Federal Contract Tower,0,4,24,5,33,0,3,117,7,127,0,7,141,12,160,76,14,90,250
08/27/2020,GON,CT,ANE,EN,Federal Contract Tower,0,6,15,0,21,0,4,25,0,29,0,10,40,0,50,32,0,32,82
08/28/2020,GON,CT,ANE,EN,Federal Contract Tower,0,4,31,0,35,0,6,88,4,98,0,10,119,4,133,92,0,92,225
08/29/2020,GON,CT,ANE,EN,Federal Contract Tower,0,0,10,0,10,0,0,7,0,7,0,0,17,0,17,0,0,0,17
08/30/2020,GON,CT,ANE,EN,Federal Contract Tower,0,6,14,1,21,0,1,95,3,99,0,7,109,4,120,68,0,68,188
08/31/2020,GON,CT,ANE,EN,Federal Contract Tower,0,8,23,2,33,0,0,100,2,102,0,8,123,4,135,70,0,70,205
09/01/2020,GON,CT,ANE,EN,Federal Contract Tower,0,3,18,6,27,0,3,55,2,60,0,6,73,8,87,42,0,42,129
09/02/2020,GON,CT,ANE,EN,Federal Contract Tower,0,8,23,0,31,0,0,0,0,0,0,8,23,0,31,0,0,0,31
09/03/2020,GON,CT,ANE,EN,Federal Contract Tower,0,3,20,1,24,0,1,61,4,66,0,4,81,5,90,74,8,82,172
09/04/2020,GON,CT,ANE,EN,Federal Contract Tower,0,2,22,1,25,0,3,120,2,125,0,5,142,3,150,106,2,108,258
09/05/2020,GON,CT,ANE,EN,Federal Contract Tower,0,1,20,0,21,0,3,115,0,118,0,4,135,0,139,102,0,102,241
09/06/2020,GON,CT,ANE,EN,Federal Contract Tower,0,9,11,0,20,0,2,90,1,93,0,11,101,1,113,74,0,74,187
09/07/2020,GON,CT,ANE,EN,Federal Contract Tower,0,3,11,0,14,0,10,79,0,89,0,13,90,0,103,48,2,50,153
09/08/2020,GON,CT,ANE,EN,Federal Contract Tower,0,12,30,0,42,0,0,52,6,58,0,12,82,6,100,30,0,30,130
09/09/2020,GON,CT,ANE,EN,Federal Contract Tower,0,5,28,1,34,0,1,50,3,54,0,6,78,4,88,24,0,24,112
09/10/2020,GON,CT,ANE,EN,Federal Contract Tower,0,4,18,0,22,0,0,6,0,6,0,4,24,0,28,16,0,16,44
09/11/2020,GON,CT,ANE,EN,Federal Contract Tower,0,4,30,0,34,0,3,44,5,52,0,7,74,5,86,50,12,62,148
09/12/2020,GON,CT,ANE,EN,Federal Contract Tower,0,8,14,4,26,0,0,84,9,93,0,8,98,13,119,54,8,62,181
09/13/2020,GON,CT,ANE,EN,Federal Contract Tower,0,4,16,0,20,0,0,64,3,67,0,4,80,3,87,62,0,62,149
09/14/2020,GON,CT,ANE,EN,Federal Contract Tower,0,2,13,0,15,0,2,73,2,77,0,4,86,2,92,46,0,46,138
09/15/2020,GON,CT,ANE,EN,Federal Contract Tower,0,7,15,0,22,0,3,103,3,109,0,10,118,3,131,76,2,78,209
09/16/2020,GON,CT,ANE,EN,Federal Contract Tower,0,10,18,4,32,0,2,63,5,70,0,12,81,9,102,94,2,96,198
09/17/2020,GON,CT,ANE,EN,Federal Contract Tower,0,4,27,1,32,0,2,50,2,54,0,6,77,3,86,56,0,56,142
09/18/2020,GON,CT,ANE,EN,Federal Contract Tower,0,10,15,2,27,0,0,27,2,29,0,10,42,4,56,34,0,34,90
09/19/2020,GON,CT,ANE,EN,Federal Contract Tower,0,6,11,0,17,0,0,80,3,83,0,6,91,3,100,70,2,72,172
09/20/2020,GON,CT,ANE,EN,Federal Contract Tower,0,2,8,1,11,0,1,63,9,73,0,3,71,10,84,50,0,50,134
09/21/2020,GON,CT,ANE,EN,Federal Contract Tower,0,7,17,2,26,0,1,68,0,69,0,8,85,2,95,72,4,76,171
09/22/2020,GON,CT,ANE,EN,Federal Contract Tower,0,3,8,0,11,0,0,34,1,35,0,3,42,1,46,64,18,82,128
09/23/2020,GON,CT,ANE,EN,Federal Contract Tower,0,11,5,1,17,0,0,65,2,67,0,11,70,3,84,92,0,92,176
09/24/2020,GON,CT,ANE,EN,Federal Contract Tower,0,3,8,3,14,0,1,92,4,97,0,4,100,7,111,98,8,106,217
09/25/2020,GON,CT,ANE,EN,Federal Contract Tower,0,13,24,0,37,0,1,81,2,84,0,14,105,2,121,60,0,60,181
09/26/2020,GON,CT,ANE,EN,Federal Contract Tower,0,5,31,0,36,0,8,56,0,64,0,13,87,0,100,82,0,82,182
09/27/2020,GON,CT,ANE,EN,Federal Contract Tower,0,6,29,0,35,0,0,9,2,11,0,6,38,2,46,6,0,6,52
09/28/2020,GON,CT,ANE,EN,Federal Contract Tower,0,2,28,0,30,0,0,10,0,10,0,2,38,0,40,2,0,2,42
09/29/2020,GON,CT,ANE,EN,Federal Contract Tower,0,3,31,0,34,0,0,30,2,32,0,3,61,2,66,60,22,82,148
09/30/2020,GON,CT,ANE,EN,Federal Contract Tower,0,5,10,0,15,0,1,17,0,18,0,6,27,0,33,2,0,2,35
10/01/2020,GON,CT,ANE,EN,Federal Contract Tower,0,1,21,0,22,0,3,98,2,103,0,4,119,2,125,82,0,82,207
10/02/2020,GON,CT,ANE,EN,Federal Contract Tower,0,2,32,0,34,0,3,69,3,75,0,5,101,3,109,68,10,78,187
10/03/2020,GON,CT,ANE,EN,Federal Contract Tower,0,2,8,0,10,0,0,91,0,91,0,2,99,0,101,46,0,46,147
10/04/2020,GON,CT,ANE,EN,Federal Contract Tower,0,9,12,0,21,0,2,107,0,109,0,11,119,0,130,136,0,136,266
10/05/2020,GON,CT,ANE,EN,Federal Contract Tower,0,1,17,0,18,0,0,24,0,24,0,1,41,0,42,30,0,30,72
10/06/2020,GON,CT,ANE,EN,Federal Contract Tower,0,2,22,0,24,0,0,44,2,46,0,2,66,2,70,36,0,36,106
10/07/2020,GON,CT,ANE,EN,Federal Contract Tower,0,4,21,1,26,0,0,29,3,32,0,4,50,4,58,50,6,56,114
10/08/2020,GON,CT,ANE,EN,Federal Contract Tower,0,7,25,3,35,0,2,72,2,76,0,9,97,5,111,94,2,96,207
10/09/2020,GON,CT,ANE,EN,Federal Contract Tower,0,7,30,0,37,0,5,94,1,100,0,12,124,1,137,78,0,78,215
10/10/2020,GON,CT,ANE,EN,Federal Contract Tower,0,3,10,0,13,0,1,30,0,31,0,4,40,0,44,4,0,4,48
10/11/2020,GON,CT,ANE,EN,Federal Contract Tower,0,10,15,0,25,0,2,81,0,83,0,12,96,0,108,84,0,84,192
10/12/2020,GON,CT,ANE,EN,Federal Contract Tower,0,2,17,0,19,0,0,12,0,12,0,2,29,0,31,16,0,16,47
10/13/2020,GON,CT,ANE,EN,Federal Contract Tower,0,4,23,0,27,0,0,0,0,0,0,4,23,0,27,0,0,0,27
10/14/2020,GON,CT,ANE,EN,Federal Contract Tower,0,8,8,8,24,0,0,97,4,101,0,8,105,12,125,100,16,116,241
10/15/2020,GON,CT,ANE,EN,Federal Contract Tower,0,1,5,6,12,0,0,74,7,81,0,1,79,13,93,108,4,112,205
10/16/2020,GON,CT,ANE,EN,Federal Contract Tower,0,4,20,2,26,0,0,11,0,11,0,4,31,2,37,18,0,18,55
10/17/2020,GON,CT,ANE,EN,Federal Contract Tower,0,8,16,2,26,0,1,52,1,54,0,9,68,3,80,60,8,68,148
10/18/2020,GON,CT,ANE,EN,Federal Contract Tower,0,3,21,0,24,0,1,113,3,117,0,4,134,3,141,70,6,76,217
10/19/2020,GON,CT,ANE,EN,Federal Contract Tower,0,3,29,0,32,0,1,88,0,89,0,4,117,0,121,114,0,114,235
10/20/2020,GON,CT,ANE,EN,Federal Contract Tower,0,4,25,2,31,0,0,0,0,0,0,4,25,2,31,0,0,0,31
10/21/2020,GON,CT,ANE,EN,Federal Contract Tower,0,1,33,5,39,0,0,0,0,0,0,1,33,5,39,0,0,0,39
10/22/2020,GON,CT,ANE,EN,Federal Contract Tower,0,5,23,2,30,0,1,30,1,32,0,6,53,3,62,14,4,18,80
10/23/2020,GON,CT,ANE,EN,Federal Contract Tower,0,4,41,1,46,0,0,35,0,35,0,4,76,1,81,64,2,66,147
10/24/2020,GON,CT,ANE,EN,Federal Contract Tower,0,2,63,2,67,0,0,16,0,16,0,2,79,2,83,24,0,24,107
10/25/2020,GON,CT,ANE,EN,Federal Contract Tower,0,3,32,0,35,0,0,99,6,105,0,3,131,6,140,164,0,164,304
10/26/2020,GON,CT,ANE,EN,Federal Contract Tower,0,2,22,1,25,0,1,9,0,10,0,3,31,1,35,38,0,38,73
10/27/2020,GON,CT,ANE,EN,Federal Contract Tower,0,3,34,7,44,0,0,39,1,40,0,3,73,8,84,70,4,74,158
10/28/2020,GON,CT,ANE,EN,Federal Contract Tower,0,8,10,0,18,0,0,20,0,20,0,8,30,0,38,0,0,0,38
10/29/2020,GON,CT,ANE,EN,Federal Contract Tower,0,4,26,0,30,0,0,4,0,4,0,4,30,0,34,0,0,0,34
10/30/2020,GON,CT,ANE,EN,Federal Contract Tower,0,3,12,0,15,0,0,4,0,4,0,3,16,0,19,0,0,0,19
10/31/2020,GON,CT,ANE,EN,Federal Contract Tower,0,5,26,0,31,0,3,110,0,113,0,8,136,0,144,110,0,110,254
11/01/2020,GON,CT,ANE,EN,Federal Contract Tower,0,2,20,0,22,0,1,29,0,30,0,3,49,0,52,72,0,72,124
11/02/2020,GON,CT,ANE,EN,Federal Contract Tower,0,1,9,2,12,0,2,5,0,7,0,3,14,2,19,2,0,2,21
11/03/2020,GON,CT,ANE,EN,Federal Contract Tower,0,0,11,2,13,0,0,28,4,32,0,0,39,6,45,10,2,12,57
11/04/2020,GON,CT,ANE,EN,Federal Contract Tower,0,1,24,2,27,0,0,70,2,72,0,1,94,4,99,58,0,58,157
11/05/2020,GON,CT,ANE,EN,Federal Contract Tower,0,1,27,8,36,0,0,48,14,62,0,1,75,22,98,32,6,38,136
11/06/2020,GON,CT,ANE,EN,Federal Contract Tower,0,0,22,0,22,0,0,76,4,80,0,0,98,4,102,94,0,94,196
11/07/2020,GON,CT,ANE,EN,Federal Contract Tower,0,3,10,3,16,0,0,130,4,134,0,3,140,7,150,72,2,74,224
11/08/2020,GON,CT,ANE,EN,Federal Contract Tower,0,3,14,2,19,0,0,101,2,103,0,3,115,4,122,80,0,80,202
11/09/2020,GON,CT,ANE,EN,Federal Contract Tower,0,2,16,2,20,0,1,98,2,101,0,3,114,4,121,68,0,68,189
11/10/2020,GON,CT,ANE,EN,Federal Contract Tower,0,1,22,0,23,0,0,51,2,53,0,1,73,2,76,34,2,36,112
11/11/2020,GON,CT,ANE,EN,Federal Contract Tower,0,8,11,0,19,0,0,21,2,23,0,8,32,2,42,36,0,36,78
11/12/2020,GON,CT,ANE,EN,Federal Contract Tower,0,4,12,0,16,0,0,11,0,11,0,4,23,0,27,20,0,20,47
11/13/2020,GON,CT,ANE,EN,Federal Contract Tower,0,4,20,0,24,0,0,3,0,3,0,4,23,0,27,12,0,12,39
11/14/2020,GON,CT,ANE,EN,Federal Contract Tower,0,4,24,1,29,0,1,116,4,121,0,5,140,5,150,76,0,76,226
11/15/2020,GON,CT,ANE,EN,Federal Contract Tower,0,6,9,0,15,0,0,45,0,45,0,6,54,0,60,84,0,84,144
11/16/2020,GON,CT,ANE,EN,Federal Contract Tower,0,5,12,2,19,0,0,47,5,52,0,5,59,7,71,24,2,26,97
11/17/2020,GON,CT,ANE,EN,Federal Contract Tower,0,3,9,0,12,0,0,24,6,30,0,3,33,6,42,22,2,24,66
11/18/2020,GON,CT,ANE,EN,Federal Contract Tower,0,3,21,0,24,0,0,83,6,89,0,3,104,6,113,28,0,28,141
11/19/2020,GON,CT,ANE,EN,Federal Contract Tower,0,5,12,0,17,0,0,62,2,64,0,5,74,2,81,46,4,50,131
11/20/2020,GON,CT,ANE,EN,Federal Contract Tower,0,4,20,2,26,0,0,70,5,75,0,4,90,7,101,48,4,52,153
11/21/2020,GON,CT,ANE,EN,Federal Contract Tower,0,4,25,1,30,0,2,113,6,121,0,6,138,7,151,80,12,92,243
11/22/2020,GON,CT,ANE,EN,Federal Contract Tower,0,6,26,2,34,0,0,33,0,33,0,6,59,2,67,50,0,50,117
11/23/2020,GON,CT,ANE,EN,Federal Contract Tower,0,5,10,0,15,0,0,14,0,14,0,5,24,0,29,0,0,0,29
11/24/2020,GON,CT,ANE,EN,Federal Contract Tower,0,0,17,1,18,0,2,89,0,91,0,2,106,1,109,48,0,48,157
11/25/2020,GON,CT,ANE,EN,Federal Contract Tower,0,1,11,1,13,0,0,45,5,50,0,1,56,6,63,34,8,42,105
11/26/2020,GON,CT,ANE,EN,Federal Contract Tower,0,4,0,0,4,0,0,0,0,0,0,4,0,0,4,0,0,0,4
11/27/2020,GON,CT,ANE,EN,Federal Contract Tower,0,7,9,0,16,0,2,52,0,54,0,9,61,0,70,50,0,50,120
11/28/2020,GON,CT,ANE,EN,Federal Contract Tower,0,2,13,1,16,0,0,110,0,110,0,2,123,1,126,72,0,72,198
11/29/2020,GON,CT,ANE,EN,Federal Contract Tower,0,5,13,0,18,0,0,119,0,119,0,5,132,0,137,44,0,44,181
11/30/2020,GON,CT,ANE,EN,Federal Contract Tower,0,0,10,0,10,0,0,10,0,10,0,0,20,0,20,6,0,6,26
12/01/2020,GON,CT,ANE,EN,Federal Contract Tower,0,1,9,0,10,0,0,20,0,20,0,1,29,0,30,66,0,66,96
12/02/2020,GON,CT,ANE,EN,Federal Contract Tower,0,3,5,2,10,0,0,37,2,39,0,3,42,4,49,18,0,18,67
12/03/2020,GON,CT,ANE,EN,Federal Contract Tower,0,1,9,2,12,0,1,112,8,121,0,2,121,10,133,88,4,92,225
12/04/2020,GON,CT,ANE,EN,Federal Contract Tower,0,2,15,0,17,0,0,55,0,55,0,2,70,0,72,72,2,74,146
12/05/2020,GON,CT,ANE,EN,Federal Contract Tower,0,0,0,0,0,0,0,0,0,0,0,0,0,0,0,0,0,0,0
12/06/2020,GON,CT,ANE,EN,Federal Contract Tower,0,2,5,0,7,0,0,59,0,59,0,2,64,0,66,96,0,96,162
12/07/2020,GON,CT,ANE,EN,Federal Contract Tower,0,4,6,0,10,0,0,88,0,88,0,4,94,0,98,18,0,18,116
12/08/2020,GON,CT,ANE,EN,Federal Contract Tower,0,3,9,0,12,0,1,39,2,42,0,4,48,2,54,36,4,40,94
12/09/2020,GON,CT,ANE,EN,Federal Contract Tower,0,0,11,5,16,0,0,33,4,37,0,0,44,9,53,38,4,42,95
12/10/2020,GON,CT,ANE,EN,Federal Contract Tower,0,2,7,2,11,0,1,81,6,88,0,3,88,8,99,104,6,110,209
12/11/2020,GON,CT,ANE,EN,Federal Contract Tower,0,0,16,2,18,0,2,98,4,104,0,2,114,6,122,66,0,66,188
12/12/2020,GON,CT,ANE,EN,Federal Contract Tower,0,0,13,0,13,0,0,0,0,0,0,0,13,0,13,0,0,0,13
12/13/2020,GON,CT,ANE,EN,Federal Contract Tower,0,2,10,0,12,0,0,103,2,105,0,2,113,2,117,144,0,144,261
12/14/2020,GON,CT,ANE,EN,Federal Contract Tower,0,2,9,0,11,0,0,14,0,14,0,2,23,0,25,46,0,46,71
12/15/2020,GON,CT,ANE,EN,Federal Contract Tower,0,1,8,1,10,0,0,60,0,60,0,1,68,1,70,60,0,60,130
12/16/2020,GON,CT,ANE,EN,Federal Contract Tower,0,3,6,2,11,0,0,37,3,40,0,3,43,5,51,44,4,48,99
12/17/2020,GON,CT,ANE,EN,Federal Contract Tower,0,0,0,0,0,0,0,0,0,0,0,0,0,0,0,0,0,0,0
12/18/2020,GON,CT,ANE,EN,Federal Contract Tower,0,0,8,0,8,0,0,9,5,14,0,0,17,5,22,4,0,4,26
12/19/2020,GON,CT,ANE,EN,Federal Contract Tower,0,1,20,0,21,0,2,94,0,96,0,3,114,0,117,44,0,44,161
12/20/2020,GON,CT,ANE,EN,Federal Contract Tower,0,3,7,0,10,0,0,34,3,37,0,3,41,3,47,60,0,60,107
12/21/2020,GON,CT,ANE,EN,Federal Contract Tower,0,5,12,0,17,0,0,19,0,19,0,5,31,0,36,68,0,68,104
12/22/2020,GON,CT,ANE,EN,Federal Contract Tower,0,4,8,1,13,0,2,65,4,71,0,6,73,5,84,46,2,48,132
12/23/2020,GON,CT,ANE,EN,Federal Contract Tower,0,2,13,0,15,0,3,101,2,106,0,5,114,2,121,68,18,86,207
12/24/2020,GON,CT,ANE,EN,Federal Contract Tower,0,4,5,0,9,0,0,13,0,13,0,4,18,0,22,28,0,28,50
12/25/2020,GON,CT,ANE,EN,Federal Contract Tower,0,1,1,0,2,0,0,1,0,1,0,1,2,0,3,0,0,0,3
12/26/2020,GON,CT,ANE,EN,Federal Contract Tower,0,2,4,0,6,0,0,39,0,39,0,2,43,0,45,44,0,44,89
12/27/2020,GON,CT,ANE,EN,Federal Contract Tower,0,1,20,0,21,0,0,127,6,133,0,1,147,6,154,102,4,106,260
12/28/2020,GON,CT,ANE,EN,Federal Contract Tower,0,3,8,0,11,0,0,59,4,63,0,3,67,4,74,78,0,78,152
12/29/2020,GON,CT,ANE,EN,Federal Contract Tower,0,6,8,0,14,0,0,45,0,45,0,6,53,0,59,30,0,30,89
12/31/2020,GON,CT,ANE,EN,Federal Contract Tower,0,1,3,0,4,0,0,19,0,19,0,1,22,0,23,26,0,26,49
01/01/2021,GON,CT,ANE,EN,Federal Contract Tower,0,2,8,0,10,0,2,45,0,47,0,4,53,0,57,20,0,20,77
01/02/2021,GON,CT,ANE,EN,Federal Contract Tower,0,2,8,0,10,0,0,20,0,20,0,2,28,0,30,2,0,2,32
01/03/2021,GON,CT,ANE,EN,Federal Contract Tower,0,2,3,0,5,0,0,42,0,42,0,2,45,0,47,64,0,64,111
01/04/2021,GON,CT,ANE,EN,Federal Contract Tower,0,1,14,0,15,0,1,36,2,39,0,2,50,2,54,24,0,24,78
01/05/2021,GON,CT,ANE,EN,Federal Contract Tower,0,1,21,8,30,0,1,42,6,49,0,2,63,14,79,58,0,58,137
01/06/2021,GON,CT,ANE,EN,Federal Contract Tower,0,3,5,0,8,0,0,87,9,96,0,3,92,9,104,71,10,81,185
01/07/2021,GON,CT,ANE,EN,Federal Contract Tower,0,6,19,8,33,0,1,59,6,66,0,7,78,14,99,28,4,32,131
01/08/2021,GON,CT,ANE,EN,Federal Contract Tower,0,2,12,2,16,0,0,85,2,87,0,2,97,4,103,70,0,70,173
01/09/2021,GON,CT,ANE,EN,Federal Contract Tower,0,1,12,0,13,0,0,73,1,74,0,1,85,1,87,56,0,56,143
01/10/2021,GON,CT,ANE,EN,Federal Contract Tower,0,5,15,0,20,0,2,134,4,140,0,7,149,4,160,58,0,58,218
01/11/2021,GON,CT,ANE,EN,Federal Contract Tower,0,0,13,3,16,0,0,86,2,88,0,0,99,5,104,36,8,44,148
01/12/2021,GON,CT,ANE,EN,Federal Contract Tower,0,4,10,0,14,0,2,80,2,84,0,6,90,2,98,88,2,90,188
01/13/2021,GON,CT,ANE,EN,Federal Contract Tower,0,4,6,3,13,0,0,80,10,90,0,4,86,13,103,56,14,70,173
01/14/2021,GON,CT,ANE,EN,Federal Contract Tower,0,4,15,4,23,0,2,50,6,58,0,6,65,10,81,84,2,86,167
01/15/2021,GON,CT,ANE,EN,Federal Contract Tower,0,4,24,9,37,0,0,26,0,26,0,4,50,9,63,32,0,32,95
01/16/2021,GON,CT,ANE,EN,Federal Contract Tower,0,1,8,0,9,0,0,8,0,8,0,1,16,0,17,32,0,32,49
01/17/2021,GON,CT,ANE,EN,Federal Contract Tower,0,1,9,0,10,0,0,30,0,30,0,1,39,0,40,14,0,14,54
01/18/2021,GON,CT,ANE,EN,Federal Contract Tower,0,5,15,0,20,0,0,84,0,84,0,5,99,0,104,52,0,52,156
01/19/2021,GON,CT,ANE,EN,Federal Contract Tower,0,5,14,2,21,0,2,53,7,62,0,7,67,9,83,124,10,134,217
01/20/2021,GON,CT,ANE,EN,Federal Contract Tower,0,2,1,0,3,0,0,36,4,40,0,2,37,4,43,20,10,30,73
01/21/2021,GON,CT,ANE,EN,Federal Contract Tower,0,8,13,7,28,0,0,60,5,65,0,8,73,12,93,50,0,50,143
01/22/2021,GON,CT,ANE,EN,Federal Contract Tower,0,6,20,0,26,0,0,73,4,77,0,6,93,4,103,82,0,82,185
01/23/2021,GON,CT,ANE,EN,Federal Contract Tower,0,0,5,0,5,0,1,17,0,18,0,1,22,0,23,0,0,0,23
01/24/2021,GON,CT,ANE,EN,Federal Contract Tower,0,1,11,0,12,0,0,50,0,50,0,1,61,0,62,44,0,44,106
01/25/2021,GON,CT,ANE,EN,Federal Contract Tower,0,1,12,4,17,0,0,91,2,93,0,1,103,6,110,56,0,56,166
01/26/2021,GON,CT,ANE,EN,Federal Contract Tower,0,0,11,0,11,0,0,31,0,31,0,0,42,0,42,44,0,44,86
01/27/2021,GON,CT,ANE,EN,Federal Contract Tower,0,7,10,0,17,0,0,26,0,26,0,7,36,0,43,46,0,46,89
01/28/2021,GON,CT,ANE,EN,Federal Contract Tower,0,3,7,0,10,0,1,22,0,23,0,4,29,0,33,4,2,6,39
01/29/2021,GON,CT,ANE,EN,Federal Contract Tower,0,1,9,2,12,0,0,6,0,6,0,1,15,2,18,0,0,0,18
01/30/2021,GON,CT,ANE,EN,Federal Contract Tower,0,8,23,0,31,0,0,61,0,61,0,8,84,0,92,90,2,92,184
01/31/2021,GON,CT,ANE,EN,Federal Contract Tower,0,2,16,0,18,0,2,67,6,75,0,4,83,6,93,64,12,76,169
02/01/2021,GON,CT,ANE,EN,Federal Contract Tower,0,0,0,0,0,0,0,0,0,0,0,0,0,0,0,0,0,0,0
02/02/2021,GON,CT,ANE,EN,Federal Contract Tower,0,0,2,0,2,0,0,0,0,0,0,0,2,0,2,0,0,0,2
02/03/2021,GON,CT,ANE,EN,Federal Contract Tower,0,0,3,2,5,0,0,47,5,52,0,0,50,7,57,58,20,78,135
02/04/2021,GON,CT,ANE,EN,Federal Contract Tower,0,1,19,0,20,0,7,80,21,108,0,8,99,21,128,60,18,78,206
02/05/2021,GON,CT,ANE,EN,Federal Contract Tower,0,4,10,0,14,0,0,14,0,14,0,4,24,0,28,18,2,20,48
02/06/2021,GON,CT,ANE,EN,Federal Contract Tower,0,2,6,0,8,0,0,62,0,62,0,2,68,0,70,64,2,66,136
02/07/2021,GON,CT,ANE,EN,Federal Contract Tower,0,0,1,0,1,0,0,0,0,0,0,0,1,0,1,0,0,0,1
02/08/2021,GON,CT,ANE,EN,Federal Contract Tower,0,0,11,0,11,0,2,56,0,58,0,2,67,0,69,46,6,52,121
02/09/2021,GON,CT,ANE,EN,Federal Contract Tower,0,0,4,1,5,0,0,0,0,0,0,0,4,1,5,0,0,0,5
02/10/2021,GON,CT,ANE,EN,Federal Contract Tower,0,2,10,1,13,0,0,74,0,74,0,2,84,1,87,88,0,88,175
02/11/2021,GON,CT,ANE,EN,Federal Contract Tower,0,3,11,1,15,0,2,66,2,70,0,5,77,3,85,34,8,42,127
02/12/2021,GON,CT,ANE,EN,Federal Contract Tower,0,2,12,0,14,0,0,92,0,92,0,2,104,0,106,26,0,26,132
02/13/2021,GON,CT,ANE,EN,Federal Contract Tower,0,1,11,0,12,0,0,94,0,94,0,1,105,0,106,140,0,140,246
02/14/2021,GON,CT,ANE,EN,Federal Contract Tower,0,1,3,0,4,0,0,3,0,3,0,1,6,0,7,2,0,2,9
02/15/2021,GON,CT,ANE,EN,Federal Contract Tower,0,0,7,0,7,0,0,10,0,10,0,0,17,0,17,56,0,56,73
02/16/2021,GON,CT,ANE,EN,Federal Contract Tower,0,0,6,0,6,0,3,7,0,10,0,3,13,0,16,8,2,10,26
02/17/2021,GON,CT,ANE,EN,Federal Contract Tower,0,6,17,2,25,0,0,114,6,120,0,6,131,8,145,122,4,126,271
02/18/2021,GON,CT,ANE,EN,Federal Contract Tower,0,0,3,0,3,0,0,4,0,4,0,0,7,0,7,22,0,22,29
02/19/2021,GON,CT,ANE,EN,Federal Contract Tower,0,0,4,0,4,0,0,0,0,0,0,0,4,0,4,0,0,0,4
02/20/2021,GON,CT,ANE,EN,Federal Contract Tower,0,3,10,0,13,0,3,36,2,41,0,6,46,2,54,20,2,22,76
02/21/2021,GON,CT,ANE,EN,Federal Contract Tower,0,1,13,0,14,0,0,98,2,100,0,1,111,2,114,60,0,60,174
02/22/2021,GON,CT,ANE,EN,Federal Contract Tower,0,0,7,0,7,0,0,19,0,19,0,0,26,0,26,46,0,46,72
02/23/2021,GON,CT,ANE,EN,Federal Contract Tower,0,1,8,0,9,0,1,40,6,47,0,2,48,6,56,28,2,30,86
02/24/2021,GON,CT,ANE,EN,Federal Contract Tower,0,0,26,0,26,0,0,81,2,83,0,0,107,2,109,84,2,86,195
02/25/2021,GON,CT,ANE,EN,Federal Contract Tower,0,3,4,5,12,0,0,30,6,36,0,3,34,11,48,22,18,40,88
02/26/2021,GON,CT,ANE,EN,Federal Contract Tower,0,1,28,0,29,0,2,113,0,115,0,3,141,0,144,104,0,104,248
02/27/2021,GON,CT,ANE,EN,Federal Contract Tower,0,0,2,0,2,0,0,0,0,0,0,0,2,0,2,0,0,0,2
02/28/2021,GON,CT,ANE,EN,Federal Contract Tower,0,0,16,1,17,0,1,63,2,66,0,1,79,3,83,98,4,102,185
03/01/2021,GON,CT,ANE,EN,Federal Contract Tower,0,7,13,0,20,0,0,5,2,7,0,7,18,2,27,4,0,4,31
03/02/2021,GON,CT,ANE,EN,Federal Contract Tower,0,0,0,0,0,0,0,20,0,20,0,0,20,0,20,0,0,0,20
03/03/2021,GON,CT,ANE,EN,Federal Contract Tower,0,3,11,1,15,0,0,99,7,106,0,3,110,8,121,86,16,102,223
03/04/2021,GON,CT,ANE,EN,Federal Contract Tower,0,1,9,4,14,0,1,44,3,48,0,2,53,7,62,62,0,62,124
03/05/2021,GON,CT,ANE,EN,Federal Contract Tower,0,0,9,0,9,0,0,28,1,29,0,0,37,1,38,8,0,8,46
03/06/2021,GON,CT,ANE,EN,Federal Contract Tower,0,4,12,0,16,0,0,63,2,65,0,4,75,2,81,86,0,86,167
03/07/2021,GON,CT,ANE,EN,Federal Contract Tower,0,1,10,0,11,0,0,94,0,94,0,1,104,0,105,76,0,76,181
03/08/2021,GON,CT,ANE,EN,Federal Contract Tower,0,2,11,0,13,0,1,56,0,57,0,3,67,0,70,60,2,62,132
03/09/2021,GON,CT,ANE,EN,Federal Contract Tower,0,2,7,3,12,0,1,68,0,69,0,3,75,3,81,60,12,72,153
03/10/2021,GON,CT,ANE,EN,Federal Contract Tower,0,0,20,1,21,0,3,114,5,122,0,3,134,6,143,98,2,100,243
03/11/2021,GON,CT,ANE,EN,Federal Contract Tower,0,6,14,3,23,0,0,74,5,79,0,6,88,8,102,88,10,98,200
03/12/2021,GON,CT,ANE,EN,Federal Contract Tower,0,5,16,1,22,0,2,47,3,52,0,7,63,4,74,46,0,46,120
03/13/2021,GON,CT,ANE,EN,Federal Contract Tower,0,0,8,0,8,0,0,69,0,69,0,0,77,0,77,70,0,70,147
03/14/2021,GON,CT,ANE,EN,Federal Contract Tower,0,1,13,0,14,0,2,50,0,52,0,3,63,0,66,76,0,76,142
03/15/2021,GON,CT,ANE,EN,Federal Contract Tower,0,5,6,4,15,0,1,31,0,32,0,6,37,4,47,10,2,12,59
03/16/2021,GON,CT,ANE,EN,Federal Contract Tower,0,1,7,2,10,0,4,65,1,70,0,5,72,3,80,68,8,76,156
03/17/2021,GON,CT,ANE,EN,Federal Contract Tower,0,4,16,6,26,0,2,51,9,62,0,6,67,15,88,106,22,128,216
03/18/2021,GON,CT,ANE,EN,Federal Contract Tower,0,0,8,2,10,0,0,2,0,2,0,0,10,2,12,0,0,0,12
03/19/2021,GON,CT,ANE,EN,Federal Contract Tower,0,7,4,0,11,0,0,16,0,16,0,7,20,0,27,64,0,64,91
03/20/2021,GON,CT,ANE,EN,Federal Contract Tower,0,3,10,2,15,0,0,111,4,115,0,3,121,6,130,94,6,100,230
03/21/2021,GON,CT,ANE,EN,Federal Contract Tower,0,0,22,1,23,0,0,127,2,129,0,0,149,3,152,66,2,68,220
03/22/2021,GON,CT,ANE,EN,Federal Contract Tower,0,1,22,0,23,0,0,71,1,72,0,1,93,1,95,90,0,90,185
03/23/2021,GON,CT,ANE,EN,Federal Contract Tower,0,2,15,0,17,0,0,54,4,58,0,2,69,4,75,60,0,60,135
03/24/2021,GON,CT,ANE,EN,Federal Contract Tower,0,5,12,3,20,0,4,37,0,41,0,9,49,3,61,28,8,36,97
03/25/2021,GON,CT,ANE,EN,Federal Contract Tower,0,2,25,3,30,0,0,4,0,4,0,2,29,3,34,0,0,0,34
03/26/2021,GON,CT,ANE,EN,Federal Contract Tower,0,3,9,0,12,0,0,3,0,3,0,3,12,0,15,0,0,0,15
03/27/2021,GON,CT,ANE,EN,Federal Contract Tower,0,0,24,0,24,0,0,106,6,112,0,0,130,6,136,84,0,84,220
03/28/2021,GON,CT,ANE,EN,Federal Contract Tower,0,2,7,0,9,0,0,0,0,0,0,2,7,0,9,0,0,0,9
03/29/2021,GON,CT,ANE,EN,Federal Contract Tower,0,3,4,2,9,0,0,8,0,8,0,3,12,2,17,2,0,2,19
03/30/2021,GON,CT,ANE,EN,Federal Contract Tower,0,3,26,3,32,0,1,92,11,104,0,4,118,14,136,86,20,106,242
03/31/2021,GON,CT,ANE,EN,Federal Contract Tower,0,0,8,6,14,0,0,38,2,40,0,0,46,8,54,32,0,32,86
04/01/2021,GON,CT,ANE,EN,Federal Contract Tower,0,1,13,1,15,0,1,9,2,12,0,2,22,3,27,8,2,10,37
04/02/2021,GON,CT,ANE,EN,Federal Contract Tower,0,6,15,1,22,0,3,65,0,68,0,9,80,1,90,48,0,48,138
04/03/2021,GON,CT,ANE,EN,Federal Contract Tower,0,3,12,2,17,0,0,92,1,93,0,3,104,3,110,106,0,106,216
04/04/2021,GON,CT,ANE,EN,Federal Contract Tower,0,1,14,0,15,0,0,55,0,55,0,1,69,0,70,44,0,44,114
04/05/2021,GON,CT,ANE,EN,Federal Contract Tower,0,0,7,2,9,0,0,49,2,51,0,0,56,4,60,2,0,2,62
04/06/2021,GON,CT,ANE,EN,Federal Contract Tower,0,6,18,0,24,0,2,50,1,53,0,8,68,1,77,20,2,22,99
04/07/2021,GON,CT,ANE,EN,Federal Contract Tower,0,2,9,1,12,0,1,110,3,114,0,3,119,4,126,84,14,98,224
04/08/2021,GON,CT,ANE,EN,Federal Contract Tower,0,4,23,1,28,0,2,95,5,102,0,6,118,6,130,60,6,66,196
04/09/2021,GON,CT,ANE,EN,Federal Contract Tower,0,2,18,0,20,0,3,33,2,38,0,5,51,2,58,38,0,38,96
04/10/2021,GON,CT,ANE,EN,Federal Contract Tower,0,6,39,3,48,0,0,23,0,23,0,6,62,3,71,86,0,86,157
04/11/2021,GON,CT,ANE,EN,Federal Contract Tower,0,3,13,0,16,0,0,0,0,0,0,3,13,0,16,0,0,0,16
04/12/2021,GON,CT,ANE,EN,Federal Contract Tower,0,3,14,0,17,0,0,15,0,15,0,3,29,0,32,30,0,30,62
04/13/2021,GON,CT,ANE,EN,Federal Contract Tower,0,3,20,2,25,0,0,44,11,55,0,3,64,13,80,48,4,52,132
04/14/2021,GON,CT,ANE,EN,Federal Contract Tower,0,3,20,4,27,0,3,68,0,71,0,6,88,4,98,52,4,56,154
04/15/2021,GON,CT,ANE,EN,Federal Contract Tower,0,5,15,0,20,0,0,1,0,1,0,5,16,0,21,0,0,0,21
04/16/2021,GON,CT,ANE,EN,Federal Contract Tower,0,5,10,0,15,0,0,12,0,12,0,5,22,0,27,8,0,8,35
04/17/2021,GON,CT,ANE,EN,Federal Contract Tower,0,7,10,0,17,0,1,74,0,75,0,8,84,0,92,128,0,128,220
04/18/2021,GON,CT,ANE,EN,Federal Contract Tower,0,7,14,0,21,0,1,120,4,125,0,8,134,4,146,142,0,142,288
04/19/2021,GON,CT,ANE,EN,Federal Contract Tower,0,0,15,0,15,0,2,105,0,107,0,2,120,0,122,54,0,54,176
04/20/2021,GON,CT,ANE,EN,Federal Contract Tower,0,0,12,2,14,0,4,75,6,85,0,4,87,8,99,90,4,94,193
04/21/2021,GON,CT,ANE,EN,Federal Contract Tower,0,3,10,4,17,0,0,36,0,36,0,3,46,4,53,62,0,62,115
04/22/2021,GON,CT,ANE,EN,Federal Contract Tower,0,4,0,0,4,0,1,9,2,12,0,5,9,2,16,8,4,12,28
04/23/2021,GON,CT,ANE,EN,Federal Contract Tower,0,7,21,0,28,0,5,53,2,60,0,12,74,2,88,22,0,22,110
04/24/2021,GON,CT,ANE,EN,Federal Contract Tower,0,1,3,0,4,0,1,121,6,128,0,2,124,6,132,116,6,122,254
04/25/2021,GON,CT,ANE,EN,Federal Contract Tower,0,4,35,0,39,0,0,10,0,10,0,4,45,0,49,28,0,28,77
04/26/2021,GON,CT,ANE,EN,Federal Contract Tower,0,2,4,0,6,0,2,37,0,39,0,4,41,0,45,36,2,38,83
04/27/2021,GON,CT,ANE,EN,Federal Contract Tower,0,0,11,2,13,0,1,95,4,100,0,1,106,6,113,60,0,60,173
04/28/2021,GON,CT,ANE,EN,Federal Contract Tower,0,2,27,8,37,0,1,105,5,111,0,3,132,13,148,84,6,90,238
04/29/2021,GON,CT,ANE,EN,Federal Contract Tower,0,4,20,7,31,0,2,12,2,16,0,6,32,9,47,18,0,18,65
04/30/2021,GON,CT,ANE,EN,Federal Contract Tower,0,2,8,3,13,0,4,21,5,30,0,6,29,8,43,4,4,8,51
05/01/2021,GON,CT,ANE,EN,Federal Contract Tower,0,7,7,0,14,0,4,83,0,87,0,11,90,0,101,56,0,56,157
05/02/2021,GON,CT,ANE,EN,Federal Contract Tower,0,4,19,2,25,0,0,75,1,76,0,4,94,3,101,70,0,70,171
05/03/2021,GON,CT,ANE,EN,Federal Contract Tower,0,4,16,2,22,0,1,62,0,63,0,5,78,2,85,50,0,50,135
05/04/2021,GON,CT,ANE,EN,Federal Contract Tower,0,5,26,0,31,0,2,9,0,11,0,7,35,0,42,34,0,34,76
05/05/2021,GON,CT,ANE,EN,Federal Contract Tower,0,0,14,0,14,0,0,0,0,0,0,0,14,0,14,0,0,0,14
05/06/2021,GON,CT,ANE,EN,Federal Contract Tower,0,7,17,2,26,0,6,111,7,124,0,13,128,9,150,88,4,92,242
05/07/2021,GON,CT,ANE,EN,Federal Contract Tower,0,7,21,0,28,0,2,105,5,112,0,9,126,5,140,104,0,104,244
05/08/2021,GON,CT,ANE,EN,Federal Contract Tower,0,2,7,1,10,0,4,69,5,78,0,6,76,6,88,94,8,102,190
05/09/2021,GON,CT,ANE,EN,Federal Contract Tower,0,7,11,0,18,0,6,77,2,85,0,13,88,2,103,94,0,94,197
05/10/2021,GON,CT,ANE,EN,Federal Contract Tower,0,5,20,0,25,0,0,51,0,51,0,5,71,0,76,64,0,64,140
05/11/2021,GON,CT,ANE,EN,Federal Contract Tower,0,2,12,4,18,0,0,56,0,56,0,2,68,4,74,54,0,54,128
05/12/2021,GON,CT,ANE,EN,Federal Contract Tower,0,0,17,2,19,0,0,100,4,104,0,0,117,6,123,134,4,138,261
05/13/2021,GON,CT,ANE,EN,Federal Contract Tower,0,7,17,2,26,0,2,136,10,148,0,9,153,12,174,122,2,124,298
05/14/2021,GON,CT,ANE,EN,Federal Contract Tower,0,21,13,0,34,0,5,93,4,102,0,26,106,4,136,56,0,56,192
05/15/2021,GON,CT,ANE,EN,Federal Contract Tower,0,24,30,2,56,0,0,127,10,137,0,24,157,12,193,108,0,108,301
05/16/2021,GON,CT,ANE,EN,Federal Contract Tower,0,3,12,0,15,0,0,95,5,100,0,3,107,5,115,76,4,80,195
05/17/2021,GON,CT,ANE,EN,Federal Contract Tower,0,4,14,0,18,0,1,76,4,81,0,5,90,4,99,56,0,56,155
05/18/2021,GON,CT,ANE,EN,Federal Contract Tower,0,5,18,3,26,0,0,77,0,77,0,5,95,3,103,108,0,108,211
05/19/2021,GON,CT,ANE,EN,Federal Contract Tower,0,1,6,3,10,0,0,36,9,45,0,1,42,12,55,30,0,30,85
05/20/2021,GON,CT,ANE,EN,Federal Contract Tower,0,17,17,7,41,0,3,118,3,124,0,20,135,10,165,62,2,64,229
05/21/2021,GON,CT,ANE,EN,Federal Contract Tower,0,2,29,2,33,0,6,89,4,99,0,8,118,6,132,80,2,82,214
05/22/2021,GON,CT,ANE,EN,Federal Contract Tower,0,3,20,3,26,0,0,94,3,97,0,3,114,6,123,72,2,74,197
05/23/2021,GON,CT,ANE,EN,Federal Contract Tower,0,6,12,3,21,0,0,86,5,91,0,6,98,8,112,38,2,40,152
05/24/2021,GON,CT,ANE,EN,Federal Contract Tower,0,0,11,2,13,0,0,69,2,71,0,0,80,4,84,66,4,70,154
05/25/2021,GON,CT,ANE,EN,Federal Contract Tower,0,2,22,1,25,0,1,76,0,77,0,3,98,1,102,54,4,58,160
05/26/2021,GON,CT,ANE,EN,Federal Contract Tower,0,6,28,3,37,0,3,42,0,45,0,9,70,3,82,80,0,80,162
05/27/2021,GON,CT,ANE,EN,Federal Contract Tower,0,8,25,0,33,0,6,103,6,115,0,14,128,6,148,50,0,50,198
05/28/2021,GON,CT,ANE,EN,Federal Contract Tower,0,1,17,0,18,0,5,78,0,83,0,6,95,0,101,62,0,62,163
05/29/2021,GON,CT,ANE,EN,Federal Contract Tower,0,5,11,0,16,0,0,1,0,1,0,5,12,0,17,0,0,0,17
05/30/2021,GON,CT,ANE,EN,Federal Contract Tower,0,1,16,0,17,0,0,0,0,0,0,1,16,0,17,0,0,0,17
05/31/2021,GON,CT,ANE,EN,Federal Contract Tower,0,6,53,0,59,0,2,28,5,35,0,8,81,5,94,28,40,68,162
06/01/2021,GON,CT,ANE,EN,Federal Contract Tower,0,11,22,0,33,0,2,80,12,94,0,13,102,12,127,48,18,66,193
06/02/2021,GON,CT,ANE,EN,Federal Contract Tower,0,8,28,2,38,0,3,108,3,114,0,11,136,5,152,102,0,102,254
06/03/2021,GON,CT,ANE,EN,Federal Contract Tower,0,1,38,2,41,0,1,1,0,2,0,2,39,2,43,0,0,0,43
06/04/2021,GON,CT,ANE,EN,Federal Contract Tower,0,6,15,0,21,0,0,6,0,6,0,6,21,0,27,0,0,0,27
06/05/2021,GON,CT,ANE,EN,Federal Contract Tower,0,3,17,0,20,0,1,114,5,120,0,4,131,5,140,104,16,120,260
06/06/2021,GON,CT,ANE,EN,Federal Contract Tower,0,4,19,0,23,0,3,96,0,99,0,7,115,0,122,84,0,84,206
06/07/2021,GON,CT,ANE,EN,Federal Contract Tower,0,2,9,0,11,0,3,95,2,100,0,5,104,2,111,46,0,46,157
06/08/2021,GON,CT,ANE,EN,Federal Contract Tower,0,4,21,0,25,0,2,68,5,75,0,6,89,5,100,82,0,82,182
06/09/2021,GON,CT,ANE,EN,Federal Contract Tower,0,6,17,0,23,0,3,46,7,56,0,9,63,7,79,54,16,70,149
06/10/2021,GON,CT,ANE,EN,Federal Contract Tower,0,6,21,4,31,0,2,117,8,127,0,8,138,12,158,46,2,48,206
06/11/2021,GON,CT,ANE,EN,Federal Contract Tower,0,8,19,0,27,0,11,110,2,123,0,19,129,2,150,70,0,70,220
06/12/2021,GON,CT,ANE,EN,Federal Contract Tower,0,9,29,0,38,0,3,77,3,83,0,12,106,3,121,122,2,124,245
06/13/2021,GON,CT,ANE,EN,Federal Contract Tower,0,5,12,0,17,0,2,100,5,107,0,7,112,5,124,127,0,127,251
06/14/2021,GON,CT,ANE,EN,Federal Contract Tower,0,5,18,0,23,0,0,10,0,10,0,5,28,0,33,22,0,22,55
06/15/2021,GON,CT,ANE,EN,Federal Contract Tower,0,13,29,3,45,0,2,46,5,53,0,15,75,8,98,38,2,40,138
06/16/2021,GON,CT,ANE,EN,Federal Contract Tower,0,9,25,1,35,0,6,88,6,100,0,15,113,7,135,120,0,120,255
06/17/2021,GON,CT,ANE,EN,Federal Contract Tower,0,7,19,0,26,0,4,81,4,89,0,11,100,4,115,90,0,90,205
06/18/2021,GON,CT,ANE,EN,Federal Contract Tower,0,0,17,0,17,0,8,114,5,127,0,8,131,5,144,70,10,80,224
06/19/2021,GON,CT,ANE,EN,Federal Contract Tower,0,3,12,2,17,0,4,82,1,87,0,7,94,3,104,130,2,132,236
06/20/2021,GON,CT,ANE,EN,Federal Contract Tower,0,4,17,0,21,0,1,97,0,98,0,5,114,0,119,54,0,54,173
06/21/2021,GON,CT,ANE,EN,Federal Contract Tower,0,10,23,2,35,0,0,0,0,0,0,10,23,2,35,0,0,0,35
06/22/2021,GON,CT,ANE,EN,Federal Contract Tower,0,8,10,0,18,0,2,30,2,34,0,10,40,2,52,38,0,38,90
06/23/2021,GON,CT,ANE,EN,Federal Contract Tower,0,15,38,2,55,0,7,101,3,111,0,22,139,5,166,98,10,108,274
06/24/2021,GON,CT,ANE,EN,Federal Contract Tower,0,10,21,0,31,0,9,95,13,117,0,19,116,13,148,64,6,70,218
06/25/2021,GON,CT,ANE,EN,Federal Contract Tower,0,11,61,6,78,0,1,17,0,18,0,12,78,6,96,14,0,14,110
06/26/2021,GON,CT,ANE,EN,Federal Contract Tower,0,16,44,0,60,0,1,8,0,9,0,17,52,0,69,0,0,0,69
06/27/2021,GON,CT,ANE,EN,Federal Contract Tower,0,9,42,0,51,0,2,39,0,41,0,11,81,0,92,42,0,42,134
06/28/2021,GON,CT,ANE,EN,Federal Contract Tower,0,5,18,0,23,0,4,76,6,86,0,9,94,6,109,54,0,54,163
06/29/2021,GON,CT,ANE,EN,Federal Contract Tower,0,16,18,1,35,0,6,91,4,101,0,22,109,5,136,64,0,64,200
06/30/2021,GON,CT,ANE,EN,Federal Contract Tower,0,12,18,5,35,0,8,103,9,120,0,20,121,14,155,96,10,106,261
07/01/2021,GON,CT,ANE,EN,Federal Contract Tower,0,10,13,2,25,0,4,30,0,34,0,14,43,2,59,50,0,50,109
07/02/2021,GON,CT,ANE,EN,Federal Contract Tower,0,8,24,4,36,0,2,6,0,8,0,10,30,4,44,0,0,0,44
07/03/2021,GON,CT,ANE,EN,Federal Contract Tower,0,6,47,0,53,0,0,1,0,1,0,6,48,0,54,2,0,2,56
07/04/2021,GON,CT,ANE,EN,Federal Contract Tower,0,3,25,0,28,0,0,42,1,43,0,3,67,1,71,66,0,66,137
07/05/2021,GON,CT,ANE,EN,Federal Contract Tower,0,6,42,0,48,0,6,52,0,58,0,12,94,0,106,68,0,68,174
07/06/2021,GON,CT,ANE,EN,Federal Contract Tower,0,11,8,3,22,0,10,73,0,83,0,21,81,3,105,42,6,48,153
07/07/2021,GON,CT,ANE,EN,Federal Contract Tower,0,12,14,0,26,0,2,92,3,97,0,14,106,3,123,96,16,112,235
07/08/2021,GON,CT,ANE,EN,Federal Contract Tower,0,18,54,4,76,0,0,2,2,4,0,18,56,6,80,8,0,8,88
07/09/2021,GON,CT,ANE,EN,Federal Contract Tower,0,4,8,2,14,0,0,16,4,20,0,4,24,6,34,12,0,12,46
07/11/2021,GON,CT,ANE,EN,Federal Contract Tower,0,9,40,0,49,0,7,68,0,75,0,16,108,0,124,0,0,0,124
07/12/2021,GON,CT,ANE,EN,Federal Contract Tower,0,16,22,2,40,0,0,3,0,3,0,16,25,2,43,8,0,8,51
07/13/2021,GON,CT,ANE,EN,Federal Contract Tower,0,7,35,4,46,0,1,7,0,8,0,8,42,4,54,16,0,16,70
07/14/2021,GON,CT,ANE,EN,Federal Contract Tower,0,4,19,17,40,0,0,21,0,21,0,4,40,17,61,58,0,58,119
07/15/2021,GON,CT,ANE,EN,Federal Contract Tower,0,14,27,4,45,0,4,114,16,134,0,18,141,20,179,62,16,78,257
07/16/2021,GON,CT,ANE,EN,Federal Contract Tower,0,14,23,1,38,0,4,82,8,94,0,18,105,9,132,40,10,50,182
07/17/2021,GON,CT,ANE,EN,Federal Contract Tower,0,14,17,0,31,0,6,32,1,39,0,20,49,1,70,16,0,16,86
07/18/2021,GON,CT,ANE,EN,Federal Contract Tower,0,4,21,6,31,0,5,44,0,49,0,9,65,6,80,58,0,58,138
07/19/2021,GON,CT,ANE,EN,Federal Contract Tower,0,8,30,0,38,0,4,52,1,57,0,12,82,1,95,40,0,40,135
07/20/2021,GON,CT,ANE,EN,Federal Contract Tower,0,8,30,0,38,0,4,52,1,57,0,12,82,1,95,40,0,40,135
07/21/2021,GON,CT,ANE,EN,Federal Contract Tower,0,4,17,1,22,0,3,59,4,66,0,7,76,5,88,62,2,64,152
07/22/2021,GON,CT,ANE,EN,Federal Contract Tower,0,8,11,3,22,0,6,131,6,143,0,14,142,9,165,122,0,122,287
07/23/2021,GON,CT,ANE,EN,Federal Contract Tower,0,5,30,0,35,0,10,120,11,141,0,15,150,11,176,70,0,70,246
07/24/2021,GON,CT,ANE,EN,Federal Contract Tower,0,4,20,0,24,0,6,105,3,114,0,10,125,3,138,94,0,94,232
07/25/2021,GON,CT,ANE,EN,Federal Contract Tower,0,9,29,0,38,0,4,18,0,22,0,13,47,0,60,22,0,22,82
07/26/2021,GON,CT,ANE,EN,Federal Contract Tower,0,14,23,0,37,0,4,110,19,133,0,18,133,19,170,64,8,72,242
07/27/2021,GON,CT,ANE,EN,Federal Contract Tower,0,3,20,2,25,0,0,90,12,102,0,3,110,14,127,30,4,34,161
07/28/2021,GON,CT,ANE,EN,Federal Contract Tower,0,6,28,2,36,0,4,69,3,76,0,10,97,5,112,68,2,70,182
07/29/2021,GON,CT,ANE,EN,Federal Contract Tower,0,5,25,0,30,0,2,29,4,35,0,7,54,4,65,10,4,14,79
07/30/2021,GON,CT,ANE,EN,Federal Contract Tower,0,9,20,4,33,0,4,91,3,98,0,13,111,7,131,46,0,46,177
07/31/2021,GON,CT,ANE,EN,Federal Contract Tower,0,10,20,2,32,0,2,122,0,124,0,12,142,2,156,56,0,56,212
08/01/2021,GON,CT,ANE,EN,Federal Contract Tower,0,6,16,0,22,0,4,70,0,74,0,10,86,0,96,44,0,44,140
08/02/2021,GON,CT,ANE,EN,Federal Contract Tower,0,4,56,0,60,0,2,93,0,95,0,6,149,0,155,42,0,42,197
08/03/2021,GON,CT,ANE,EN,Federal Contract Tower,0,5,18,3,26,0,3,102,2,107,0,8,120,5,133,40,0,40,173
08/04/2021,GON,CT,ANE,EN,Federal Contract Tower,0,7,20,5,32,0,4,75,9,88,0,11,95,14,120,28,8,36,156
08/05/2021,GON,CT,ANE,EN,Federal Contract Tower,0,13,42,2,57,0,3,11,0,14,0,16,53,2,71,4,0,4,75
08/06/2021,GON,CT,ANE,EN,Federal Contract Tower,0,12,22,0,34,0,5,105,2,112,0,17,127,2,146,36,0,36,182
08/07/2021,GON,CT,ANE,EN,Federal Contract Tower,0,5,19,2,26,0,7,108,1,116,0,12,127,3,142,70,0,70,212
08/08/2021,GON,CT,ANE,EN,Federal Contract Tower,0,7,19,0,26,0,6,68,0,74,0,13,87,0,100,56,0,56,156
08/09/2021,GON,CT,ANE,EN,Federal Contract Tower,0,9,39,0,48,0,4,10,0,14,0,13,49,0,62,8,0,8,70
08/10/2021,GON,CT,ANE,EN,Federal Contract Tower,0,8,37,4,49,0,2,22,9,33,0,10,59,13,82,2,4,6,88
08/11/2021,GON,CT,ANE,EN,Federal Contract Tower,0,20,39,0,59,0,6,81,5,92,0,26,120,5,151,56,2,58,209
08/12/2021,GON,CT,ANE,EN,Federal Contract Tower,0,3,15,2,20,0,8,83,4,95,0,11,98,6,115,26,10,36,151
08/13/2021,GON,CT,ANE,EN,Federal Contract Tower,0,9,14,0,23,0,12,105,11,128,0,21,119,11,151,20,0,20,171
08/14/2021,GON,CT,ANE,EN,Federal Contract Tower,0,6,15,1,22,0,1,93,0,94,0,7,108,1,116,68,0,68,184
08/15/2021,GON,CT,ANE,EN,Federal Contract Tower,0,12,18,0,30,0,3,127,2,132,0,15,145,2,162,80,0,80,242
08/16/2021,GON,CT,ANE,EN,Federal Contract Tower,0,4,12,0,16,0,0,104,9,113,0,4,116,9,129,66,0,66,195
08/17/2021,GON,CT,ANE,EN,Federal Contract Tower,0,4,10,2,16,0,2,89,6,97,0,6,99,8,113,52,10,62,175
08/18/2021,GON,CT,ANE,EN,Federal Contract Tower,0,6,27,0,33,0,2,44,6,52,0,8,71,6,85,48,2,50,135
08/19/2021,GON,CT,ANE,EN,Federal Contract Tower,0,12,22,0,34,0,1,24,0,25,0,13,46,0,59,0,0,0,59
08/20/2021,GON,CT,ANE,EN,Federal Contract Tower,0,11,36,0,47,0,9,53,2,64,0,20,89,2,111,46,0,46,157
08/21/2021,GON,CT,ANE,EN,Federal Contract Tower,0,10,26,0,36,0,3,46,0,49,0,13,72,0,85,34,0,34,119
08/22/2021,GON,CT,ANE,EN,Federal Contract Tower,0,0,0,0,0,0,0,0,0,0,0,0,0,0,0,0,0,0,0
08/23/2021,GON,CT,ANE,EN,Federal Contract Tower,0,6,25,1,32,0,0,4,1,5,0,6,29,2,37,0,0,0,37
08/24/2021,GON,CT,ANE,EN,Federal Contract Tower,0,8,24,0,32,0,5,78,3,86,0,13,102,3,118,54,8,62,180
08/25/2021,GON,CT,ANE,EN,Federal Contract Tower,0,13,22,4,39,0,10,116,0,126,0,23,138,4,165,78,8,86,251
08/26/2021,GON,CT,ANE,EN,Federal Contract Tower,0,8,20,2,30,0,6,61,0,67,0,14,81,2,97,38,0,38,135
08/27/2021,GON,CT,ANE,EN,Federal Contract Tower,0,9,13,1,23,0,7,96,2,105,0,16,109,3,128,68,0,68,196
08/28/2021,GON,CT,ANE,EN,Federal Contract Tower,0,3,8,0,11,0,4,55,0,59,0,7,63,0,70,58,0,58,128
08/29/2021,GON,CT,ANE,EN,Federal Contract Tower,0,12,41,0,53,0,3,48,0,51,0,15,89,0,104,28,0,28,132
08/30/2021,GON,CT,ANE,EN,Federal Contract Tower,0,3,24,0,27,0,1,40,2,43,0,4,64,2,70,28,4,32,102
08/31/2021,GON,CT,ANE,EN,Federal Contract Tower,0,4,13,0,17,0,2,136,2,140,0,6,149,2,157,54,0,54,211
09/01/2021,GON,CT,ANE,EN,Federal Contract Tower,0,3,13,2,18,0,2,18,0,20,0,5,31,2,38,18,0,18,56
09/02/2021,GON,CT,ANE,EN,Federal Contract Tower,0,5,13,2,20,0,0,35,0,35,0,5,48,2,55,22,0,22,77
09/03/2021,GON,CT,ANE,EN,Federal Contract Tower,0,9,19,0,28,0,7,114,0,121,0,16,133,0,149,62,0,62,211
09/04/2021,GON,CT,ANE,EN,Federal Contract Tower,0,5,15,0,20,0,1,128,0,129,0,6,143,0,149,58,0,58,207
09/05/2021,GON,CT,ANE,EN,Federal Contract Tower,0,7,11,0,18,0,3,77,2,82,0,10,88,2,100,40,0,40,140
09/06/2021,GON,CT,ANE,EN,Federal Contract Tower,0,3,24,0,27,0,5,59,0,64,0,8,83,0,91,18,0,18,109
09/07/2021,GON,CT,ANE,EN,Federal Contract Tower,0,8,18,0,26,0,3,100,3,106,0,11,118,3,132,54,0,54,186
09/08/2021,GON,CT,ANE,EN,Federal Contract Tower,0,6,8,4,18,0,7,42,3,52,0,13,50,7,70,28,26,54,124
09/09/2021,GON,CT,ANE,EN,Federal Contract Tower,0,9,16,0,25,0,0,4,0,4,0,9,20,0,29,0,0,0,29
09/10/2021,GON,CT,ANE,EN,Federal Contract Tower,0,9,10,2,21,0,2,106,6,114,0,11,116,8,135,40,0,40,175
09/11/2021,GON,CT,ANE,EN,Federal Contract Tower,0,7,15,2,24,0,4,96,10,110,0,11,111,12,134,28,2,30,164
09/12/2021,GON,CT,ANE,EN,Federal Contract Tower,0,7,17,1,25,0,4,69,2,75,0,11,86,3,100,32,0,32,132
09/13/2021,GON,CT,ANE,EN,Federal Contract Tower,0,9,18,0,27,0,1,90,0,91,0,10,108,0,118,28,0,28,146
09/14/2021,GON,CT,ANE,EN,Federal Contract Tower,0,5,12,2,19,0,0,93,3,96,0,5,105,5,115,36,6,42,157
09/15/2021,GON,CT,ANE,EN,Federal Contract Tower,0,8,27,2,37,0,0,25,2,27,0,8,52,4,64,20,0,20,84
09/16/2021,GON,CT,ANE,EN,Federal Contract Tower,0,3,10,2,15,0,0,23,0,23,0,3,33,2,38,18,0,18,56
09/17/2021,GON,CT,ANE,EN,Federal Contract Tower,0,16,47,3,66,0,6,9,0,15,0,22,56,3,81,6,0,6,87
09/18/2021,GON,CT,ANE,EN,Federal Contract Tower,0,5,31,1,37,0,3,70,1,74,0,8,101,2,111,38,0,38,149
09/19/2021,GON,CT,ANE,EN,Federal Contract Tower,0,13,21,1,35,0,2,128,3,133,0,15,149,4,168,60,0,60,228
09/20/2021,GON,CT,ANE,EN,Federal Contract Tower,0,3,19,0,22,0,2,127,7,136,0,5,146,7,158,88,4,92,250
09/21/2021,GON,CT,ANE,EN,Federal Contract Tower,0,2,26,1,29,0,0,73,3,76,0,2,99,4,105,64,2,66,171
09/22/2021,GON,CT,ANE,EN,Federal Contract Tower,0,8,41,2,51,0,0,0,0,0,0,8,41,2,51,0,0,0,51
09/23/2021,GON,CT,ANE,EN,Federal Contract Tower,0,7,21,2,30,0,1,34,0,35,0,8,55,2,65,18,0,18,83
09/24/2021,GON,CT,ANE,EN,Federal Contract Tower,0,9,28,0,37,0,0,44,0,44,0,9,72,0,81,30,0,30,111
09/25/2021,GON,CT,ANE,EN,Federal Contract Tower,0,6,16,0,22,0,13,92,2,107,0,19,108,2,129,24,0,24,153
09/26/2021,GON,CT,ANE,EN,Federal Contract Tower,0,1,14,0,15,0,2,97,0,99,0,3,111,0,114,22,0,22,136
09/27/2021,GON,CT,ANE,EN,Federal Contract Tower,0,1,17,0,18,0,1,54,2,57,0,2,71,2,75,2,0,2,77
09/28/2021,GON,CT,ANE,EN,Federal Contract Tower,0,2,14,0,16,0,4,18,2,24,0,6,32,2,40,0,0,0,40
09/29/2021,GON,CT,ANE,EN,Federal Contract Tower,0,7,25,0,32,0,3,61,6,70,0,10,86,6,102,14,0,14,116
09/30/2021,GON,CT,ANE,EN,Federal Contract Tower,0,11,12,0,23,0,0,66,8,74,0,11,78,8,97,4,0,4,101
10/01/2021,GON,CT,ANE,EN,Federal Contract Tower,0,4,20,1,25,0,8,85,6,99,0,12,105,7,124,8,0,8,132
10/02/2021,GON,CT,ANE,EN,Federal Contract Tower,0,6,21,0,27,0,1,85,1,87,0,7,106,1,114,16,0,16,130
10/03/2021,GON,CT,ANE,EN,Federal Contract Tower,0,15,19,1,35,0,2,89,1,92,0,17,108,2,127,16,0,16,143
10/04/2021,GON,CT,ANE,EN,Federal Contract Tower,0,12,27,0,39,0,0,0,0,0,0,12,27,0,39,0,0,0,39
10/05/2021,GON,CT,ANE,EN,Federal Contract Tower,0,13,22,2,37,0,1,8,2,11,0,14,30,4,48,0,32,32,80
10/06/2021,GON,CT,ANE,EN,Federal Contract Tower,0,7,20,0,27,0,3,45,2,50,0,10,65,2,77,2,0,2,79
10/07/2021,GON,CT,ANE,EN,Federal Contract Tower,0,4,29,2,35,0,5,77,6,88,0,9,106,8,123,32,0,32,155
10/08/2021,GON,CT,ANE,EN,Federal Contract Tower,0,5,27,2,34,0,6,64,2,72,0,11,91,4,106,18,2,20,126
10/09/2021,GON,CT,ANE,EN,Federal Contract Tower,0,6,17,0,23,0,1,29,0,30,0,7,46,0,53,24,0,24,77
10/10/2021,GON,CT,ANE,EN,Federal Contract Tower,0,6,16,0,22,0,2,19,0,21,0,8,35,0,43,26,0,26,69
10/11/2021,GON,CT,ANE,EN,Federal Contract Tower,0,4,36,0,40,0,4,55,0,59,0,8,91,0,99,56,0,56,155
10/13/2021,GON,CT,ANE,EN,Federal Contract Tower,0,3,50,3,56,0,0,58,4,62,0,3,108,7,118,42,6,48,166
10/14/2021,GON,CT,ANE,EN,Federal Contract Tower,0,1,27,4,32,0,0,97,7,104,0,1,124,11,136,44,16,60,196
10/15/2021,GON,CT,ANE,EN,Federal Contract Tower,0,8,27,0,35,0,0,44,0,44,0,8,71,0,79,12,0,12,91
10/16/2021,GON,CT,ANE,EN,Federal Contract Tower,0,4,9,0,13,0,1,24,0,25,0,5,33,0,38,22,0,22,60
10/17/2021,GON,CT,ANE,EN,Federal Contract Tower,0,5,23,0,28,0,0,75,4,79,0,5,98,4,107,28,12,40,147
10/18/2021,GON,CT,ANE,EN,Federal Contract Tower,0,3,16,4,23,0,2,51,0,53,0,5,67,4,76,26,0,26,102
10/19/2021,GON,CT,ANE,EN,Federal Contract Tower,0,8,14,1,23,0,4,57,2,63,0,12,71,3,86,38,0,38,124
10/20/2021,GON,CT,ANE,EN,Federal Contract Tower,0,3,17,3,23,0,3,70,7,80,0,6,87,10,103,52,0,52,155
10/21/2021,GON,CT,ANE,EN,Federal Contract Tower,0,4,23,0,27,0,0,116,0,116,0,4,139,0,143,82,0,82,225
10/22/2021,GON,CT,ANE,EN,Federal Contract Tower,0,3,13,0,16,0,2,98,2,102,0,5,111,2,118,66,0,66,184
10/23/2021,GON,CT,ANE,EN,Federal Contract Tower,0,3,16,0,19,0,5,93,6,104,0,8,109,6,123,64,6,70,193
10/24/2021,GON,CT,ANE,EN,Federal Contract Tower,0,2,15,0,17,0,0,132,6,138,0,2,147,6,155,90,0,90,245
10/25/2021,GON,CT,ANE,EN,Federal Contract Tower,0,4,24,0,28,0,0,26,0,26,0,4,50,0,54,44,0,44,98
10/26/2021,GON,CT,ANE,EN,Federal Contract Tower,0,3,4,0,7,0,0,0,0,0,0,3,4,0,7,0,0,0,7
10/27/2021,GON,CT,ANE,EN,Federal Contract Tower,0,5,14,0,19,0,0,1,0,1,0,5,15,0,20,0,0,0,20
10/28/2021,GON,CT,ANE,EN,Federal Contract Tower,0,7,42,1,50,0,1,48,2,51,0,8,90,3,101,34,2,36,137
10/29/2021,GON,CT,ANE,EN,Federal Contract Tower,0,6,21,3,30,0,0,31,2,33,0,6,52,5,63,18,6,24,87
10/30/2021,GON,CT,ANE,EN,Federal Contract Tower,0,1,19,0,20,0,0,0,0,0,0,1,19,0,20,4,0,4,24
10/31/2021,GON,CT,ANE,EN,Federal Contract Tower,0,4,15,1,20,0,0,47,2,49,0,4,62,3,69,80,16,96,165
11/01/2021,GON,CT,ANE,EN,Federal Contract Tower,0,6,20,0,26,0,0,74,2,76,0,6,94,2,102,58,0,58,160
11/02/2021,GON,CT,ANE,EN,Federal Contract Tower,0,3,20,2,25,0,0,57,4,61,0,3,77,6,86,74,0,74,160
11/03/2021,GON,CT,ANE,EN,Federal Contract Tower,0,4,14,3,21,0,0,72,5,77,0,4,86,8,98,66,22,88,186
11/04/2021,GON,CT,ANE,EN,Federal Contract Tower,0,9,27,1,37,0,0,67,7,74,0,9,94,8,111,56,0,56,167
11/05/2021,GON,CT,ANE,EN,Federal Contract Tower,0,11,16,0,27,0,6,87,2,95,0,17,103,2,122,50,0,50,172
11/06/2021,GON,CT,ANE,EN,Federal Contract Tower,0,2,20,0,22,0,0,123,2,125,0,2,143,2,147,146,0,146,293
11/07/2021,GON,CT,ANE,EN,Federal Contract Tower,0,4,16,0,20,0,4,84,2,90,0,8,100,2,110,130,0,130,240
11/08/2021,GON,CT,ANE,EN,Federal Contract Tower,0,5,11,8,24,0,1,80,5,86,0,6,91,13,110,92,0,92,202
11/09/2021,GON,CT,ANE,EN,Federal Contract Tower,0,1,27,3,31,0,3,111,6,120,0,4,138,9,151,72,14,86,237
11/10/2021,GON,CT,ANE,EN,Federal Contract Tower,0,4,16,2,22,0,2,84,14,100,0,6,100,16,122,42,22,64,186
11/11/2021,GON,CT,ANE,EN,Federal Contract Tower,0,2,14,0,16,0,5,94,0,99,0,7,108,0,115,46,0,46,161
11/12/2021,GON,CT,ANE,EN,Federal Contract Tower,0,1,8,0,9,0,0,7,0,7,0,1,15,0,16,0,0,0,16
11/13/2021,GON,CT,ANE,EN,Federal Contract Tower,0,5,12,4,21,0,1,61,0,62,0,6,73,4,83,43,0,43,126
11/14/2021,GON,CT,ANE,EN,Federal Contract Tower,0,1,25,0,26,0,0,90,1,91,0,1,115,1,117,92,2,94,211
11/15/2021,GON,CT,ANE,EN,Federal Contract Tower,0,0,8,0,8,0,2,85,10,97,0,2,93,10,105,68,2,70,175
11/16/2021,GON,CT,ANE,EN,Federal Contract Tower,0,0,20,2,22,0,0,76,5,81,0,0,96,7,103,36,4,40,143
11/17/2021,GON,CT,ANE,EN,Federal Contract Tower,0,2,24,0,26,0,1,68,2,71,0,3,92,2,97,60,0,60,157
11/18/2021,GON,CT,ANE,EN,Federal Contract Tower,0,6,22,4,32,0,1,63,5,69,0,7,85,9,101,46,10,56,157
11/19/2021,GON,CT,ANE,EN,Federal Contract Tower,0,8,26,0,34,0,3,80,4,87,0,11,106,4,121,78,0,78,199
11/20/2021,GON,CT,ANE,EN,Federal Contract Tower,0,2,23,1,26,0,5,113,8,126,0,7,136,9,152,128,6,134,286
11/21/2021,GON,CT,ANE,EN,Federal Contract Tower,0,10,23,4,37,0,2,68,7,77,0,12,91,11,114,134,12,146,260
11/22/2021,GON,CT,ANE,EN,Federal Contract Tower,0,8,14,0,22,0,0,27,0,27,0,8,41,0,49,44,0,44,93
11/23/2021,GON,CT,ANE,EN,Federal Contract Tower,0,4,18,0,22,0,0,41,7,48,0,4,59,7,70,32,12,44,114
11/24/2021,GON,CT,ANE,EN,Federal Contract Tower,0,6,13,1,20,0,3,63,1,67,0,9,76,2,87,30,2,32,119
11/25/2021,GON,CT,ANE,EN,Federal Contract Tower,0,7,3,0,10,0,0,34,0,34,0,7,37,0,44,10,0,10,54
11/26/2021,GON,CT,ANE,EN,Federal Contract Tower,0,3,2,0,5,0,0,1,0,1,0,3,3,0,6,0,0,0,6
11/27/2021,GON,CT,ANE,EN,Federal Contract Tower,0,4,20,0,24,0,0,44,0,44,0,4,64,0,68,14,0,14,82
11/28/2021,GON,CT,ANE,EN,Federal Contract Tower,0,7,9,0,16,0,4,38,0,42,0,11,47,0,58,70,0,70,128
11/29/2021,GON,CT,ANE,EN,Federal Contract Tower,0,5,15,4,24,0,2,48,0,50,0,7,63,4,74,50,0,50,124
11/30/2021,GON,CT,ANE,EN,Federal Contract Tower,0,2,13,0,15,0,1,33,0,34,0,3,46,0,49,26,0,26,75
12/01/2021,GON,CT,ANE,EN,Federal Contract Tower,0,5,8,3,16,0,3,97,11,111,0,8,105,14,127,74,2,76,203
12/02/2021,GON,CT,ANE,EN,Federal Contract Tower,0,6,22,3,31,0,3,29,1,33,0,9,51,4,64,64,0,64,128
12/03/2021,GON,CT,ANE,EN,Federal Contract Tower,0,4,13,0,17,0,5,50,5,60,0,9,63,5,77,34,6,40,117
12/04/2021,GON,CT,ANE,EN,Federal Contract Tower,0,1,14,0,15,0,2,95,2,99,0,3,109,2,114,30,0,30,144
12/05/2021,GON,CT,ANE,EN,Federal Contract Tower,0,1,15,1,17,0,1,103,2,106,0,2,118,3,123,74,4,78,201
12/06/2021,GON,CT,ANE,EN,Federal Contract Tower,0,3,8,2,13,0,1,1,0,2,0,4,9,2,15,0,0,0,15
12/07/2021,GON,CT,ANE,EN,Federal Contract Tower,0,1,14,4,19,0,0,68,6,74,0,1,82,10,93,44,4,48,141
12/08/2021,GON,CT,ANE,EN,Federal Contract Tower,0,1,4,3,8,0,3,11,1,15,0,4,15,4,23,22,0,22,45
12/09/2021,GON,CT,ANE,EN,Federal Contract Tower,0,4,20,2,26,0,1,95,2,98,0,5,115,4,124,28,0,28,152
12/10/2021,GON,CT,ANE,EN,Federal Contract Tower,0,3,12,8,23,0,1,68,1,70,0,4,80,9,93,62,0,62,155
12/11/2021,GON,CT,ANE,EN,Federal Contract Tower,0,1,2,0,3,0,0,0,0,0,0,1,2,0,3,0,0,0,3
12/12/2021,GON,CT,ANE,EN,Federal Contract Tower,0,1,7,0,8,0,0,52,0,52,0,1,59,0,60,22,2,24,84
12/13/2021,GON,CT,ANE,EN,Federal Contract Tower,0,2,9,0,11,0,0,56,0,56,0,2,65,0,67,54,0,54,121
12/14/2021,GON,CT,ANE,EN,Federal Contract Tower,0,2,16,3,21,0,0,96,2,98,0,2,112,5,119,28,10,38,157
12/15/2021,GON,CT,ANE,EN,Federal Contract Tower,0,2,17,0,19,0,0,73,3,76,0,2,90,3,95,44,0,44,139
12/16/2021,GON,CT,ANE,EN,Federal Contract Tower,0,4,14,0,18,0,2,56,7,65,0,6,70,7,83,44,22,66,149
12/17/2021,GON,CT,ANE,EN,Federal Contract Tower,0,3,22,0,25,0,0,72,2,74,0,3,94,2,99,18,0,18,117
12/18/2021,GON,CT,ANE,EN,Federal Contract Tower,0,1,7,0,8,0,0,11,1,12,0,1,18,1,20,10,0,10,30
12/19/2021,GON,CT,ANE,EN,Federal Contract Tower,0,4,5,0,9,0,0,30,0,30,0,4,35,0,39,20,0,20,59
12/20/2021,GON,CT,ANE,EN,Federal Contract Tower,0,4,16,1,21,0,0,68,0,68,0,4,84,1,89,36,2,38,127
12/21/2021,GON,CT,ANE,EN,Federal Contract Tower,0,0,24,0,24,0,3,111,4,118,0,3,135,4,142,90,20,110,252
12/22/2021,GON,CT,ANE,EN,Federal Contract Tower,0,3,10,0,13,0,2,24,4,30,0,5,34,4,43,44,0,44,87
12/23/2021,GON,CT,ANE,EN,Federal Contract Tower,0,2,4,0,6,0,3,45,0,48,0,5,49,0,54,38,8,46,100
12/24/2021,GON,CT,ANE,EN,Federal Contract Tower,0,1,4,0,5,0,0,0,0,0,0,1,4,0,5,0,0,0,5
12/25/2021,GON,CT,ANE,EN,Federal Contract Tower,0,2,2,0,4,0,0,0,0,0,0,2,2,0,4,0,0,0,4
12/26/2021,GON,CT,ANE,EN,Federal Contract Tower,0,2,14,0,16,0,0,41,0,41,0,2,55,0,57,16,0,16,73
12/27/2021,GON,CT,ANE,EN,Federal Contract Tower,0,0,15,0,15,0,2,64,1,67,0,2,79,1,82,60,0,60,142
12/28/2021,GON,CT,ANE,EN,Federal Contract Tower,0,3,10,0,13,0,0,37,0,37,0,3,47,0,50,20,0,20,70
12/29/2021,GON,CT,ANE,EN,Federal Contract Tower,0,1,3,0,4,0,0,19,0,19,0,1,22,0,23,36,0,36,59
12/30/2021,GON,CT,ANE,EN,Federal Contract Tower,0,5,10,0,15,0,0,1,0,1,0,5,11,0,16,0,0,0,16
12/31/2021,GON,CT,ANE,EN,Federal Contract Tower,0,3,16,0,19,0,0,0,0,0,0,3,16,0,19,0,0,0,19
01/01/2022,GON,CT,ANE,EN,Federal Contract Tower,0,3,0,0,3,0,0,0,0,0,0,3,0,0,3,0,0,0,3
01/02/2022,GON,CT,ANE,EN,Federal Contract Tower,0,6,10,0,16,0,1,6,0,7,0,7,16,0,23,6,0,6,29
01/03/2022,GON,CT,ANE,EN,Federal Contract Tower,0,0,17,0,17,0,0,17,0,17,0,0,34,0,34,6,0,6,40
01/04/2022,GON,CT,ANE,EN,Federal Contract Tower,0,3,21,3,27,0,1,98,7,106,0,4,119,10,133,12,8,20,153
01/05/2022,GON,CT,ANE,EN,Federal Contract Tower,0,0,7,2,9,0,0,2,0,2,0,0,9,2,11,0,0,0,11
01/06/2022,GON,CT,ANE,EN,Federal Contract Tower,0,1,15,2,18,0,2,91,9,102,0,3,106,11,120,88,2,90,210
01/07/2022,GON,CT,ANE,EN,Federal Contract Tower,0,0,6,0,6,0,2,0,0,2,0,2,6,0,8,0,0,0,8
01/08/2022,GON,CT,ANE,EN,Federal Contract Tower,0,0,10,3,13,0,1,87,1,89,0,1,97,4,102,40,0,40,142
01/09/2022,GON,CT,ANE,EN,Federal Contract Tower,0,2,7,0,9,0,0,15,0,15,0,2,22,0,24,56,0,56,80
01/10/2022,GON,CT,ANE,EN,Federal Contract Tower,0,1,10,0,11,0,0,40,2,42,0,1,50,2,53,16,0,16,69
01/11/2022,GON,CT,ANE,EN,Federal Contract Tower,0,0,9,4,13,0,1,53,2,56,0,1,62,6,69,40,6,46,115
01/12/2022,GON,CT,ANE,EN,Federal Contract Tower,0,1,15,1,17,0,0,44,9,53,0,1,59,10,70,18,2,20,90
01/13/2022,GON,CT,ANE,EN,Federal Contract Tower,0,7,9,2,18,0,4,112,8,124,0,11,121,10,142,52,10,62,204
01/14/2022,GON,CT,ANE,EN,Federal Contract Tower,0,4,15,0,19,0,1,31,0,32,0,5,46,0,51,34,0,34,85
01/15/2022,GON,CT,ANE,EN,Federal Contract Tower,0,1,8,0,9,0,0,36,2,38,0,1,44,2,47,40,0,40,87
01/16/2022,GON,CT,ANE,EN,Federal Contract Tower,0,2,7,0,9,0,4,73,2,79,0,6,80,2,88,110,0,110,198
01/17/2022,GON,CT,ANE,EN,Federal Contract Tower,0,2,2,0,4,0,0,4,0,4,0,2,6,0,8,0,0,0,8
01/18/2022,GON,CT,ANE,EN,Federal Contract Tower,0,2,6,1,9,0,0,17,2,19,0,2,23,3,28,4,2,6,34
01/19/2022,GON,CT,ANE,EN,Federal Contract Tower,0,2,18,0,20,0,1,28,0,29,0,3,46,0,49,8,0,8,57
01/20/2022,GON,CT,ANE,EN,Federal Contract Tower,0,0,3,2,5,0,0,10,0,10,0,0,13,2,15,8,0,8,23
01/21/2022,GON,CT,ANE,EN,Federal Contract Tower,0,2,10,0,12,0,0,70,6,76,0,2,80,6,88,60,0,60,148
01/22/2022,GON,CT,ANE,EN,Federal Contract Tower,0,0,19,3,22,0,0,107,0,107,0,0,126,3,129,100,2,102,231
01/23/2022,GON,CT,ANE,EN,Federal Contract Tower,0,0,8,1,9,0,0,131,2,133,0,0,139,3,142,72,0,72,214
01/24/2022,GON,CT,ANE,EN,Federal Contract Tower,0,2,11,0,13,0,0,52,2,54,0,2,63,2,67,34,0,34,101
01/25/2022,GON,CT,ANE,EN,Federal Contract Tower,0,0,6,0,6,0,0,62,2,64,0,0,68,2,70,58,2,60,130
01/26/2022,GON,CT,ANE,EN,Federal Contract Tower,0,3,16,2,21,0,2,62,7,71,0,5,78,9,92,24,2,26,118
01/27/2022,GON,CT,ANE,EN,Federal Contract Tower,0,1,13,0,14,0,3,86,2,91,0,4,99,2,105,44,0,44,149
01/28/2022,GON,CT,ANE,EN,Federal Contract Tower,0,3,11,0,14,0,0,48,0,48,0,3,59,0,62,58,0,58,120
01/29/2022,GON,CT,ANE,EN,Federal Contract Tower,0,0,0,0,0,0,0,0,0,0,0,0,0,0,0,0,0,0,0
01/30/2022,GON,CT,ANE,EN,Federal Contract Tower,0,0,1,1,2,0,0,22,0,22,0,0,23,1,24,8,14,22,46
01/31/2022,GON,CT,ANE,EN,Federal Contract Tower,0,2,18,1,21,0,0,63,9,72,0,2,81,10,93,50,24,74,167
02/01/2022,GON,CT,ANE,EN,Federal Contract Tower,0,0,15,0,15,0,2,70,8,80,0,2,85,8,95,74,16,90,185
02/02/2022,GON,CT,ANE,EN,Federal Contract Tower,0,0,15,5,20,0,0,16,0,16,0,0,31,5,36,12,0,12,48
02/03/2022,GON,CT,ANE,EN,Federal Contract Tower,0,0,3,0,3,0,0,0,0,0,0,0,3,0,3,0,0,0,3
02/04/2022,GON,CT,ANE,EN,Federal Contract Tower,0,2,4,0,6,0,0,0,0,0,0,2,4,0,6,0,0,0,6
02/05/2022,GON,CT,ANE,EN,Federal Contract Tower,0,0,3,0,3,0,0,38,0,38,0,0,41,0,41,10,0,10,51
02/06/2022,GON,CT,ANE,EN,Federal Contract Tower,0,0,10,0,10,0,0,91,2,93,0,0,101,2,103,30,0,30,133
02/07/2022,GON,CT,ANE,EN,Federal Contract Tower,0,3,4,2,9,0,0,0,0,0,0,3,4,2,9,0,0,0,9
02/08/2022,GON,CT,ANE,EN,Federal Contract Tower,0,1,16,4,21,0,1,28,8,37,0,2,44,12,58,48,38,86,144
02/09/2022,GON,CT,ANE,EN,Federal Contract Tower,0,1,11,0,12,0,0,88,12,100,0,1,99,12,112,44,44,88,200
02/10/2022,GON,CT,ANE,EN,Federal Contract Tower,0,0,23,4,27,0,2,54,6,62,0,2,77,10,89,28,40,68,157
02/11/2022,GON,CT,ANE,EN,Federal Contract Tower,0,2,17,0,19,0,2,67,10,79,0,4,84,10,98,50,22,72,170
02/12/2022,GON,CT,ANE,EN,Federal Contract Tower,0,2,14,0,16,0,3,99,0,102,0,5,113,0,118,54,0,54,172
02/13/2022,GON,CT,ANE,EN,Federal Contract Tower,0,2,1,0,3,0,0,0,0,0,0,2,1,0,3,0,0,0,3
02/14/2022,GON,CT,ANE,EN,Federal Contract Tower,0,0,10,0,10,0,0,19,2,21,0,0,29,2,31,6,0,6,37
02/15/2022,GON,CT,ANE,EN,Federal Contract Tower,0,0,11,1,12,0,1,51,8,60,0,1,62,9,72,24,58,82,154
02/16/2022,GON,CT,ANE,EN,Federal Contract Tower,0,1,10,0,11,0,0,41,14,55,0,1,51,14,66,32,38,70,136
02/17/2022,GON,CT,ANE,EN,Federal Contract Tower,0,2,10,2,14,0,1,15,5,21,0,3,25,7,35,0,0,0,35
02/18/2022,GON,CT,ANE,EN,Federal Contract Tower,0,1,15,0,16,0,0,16,0,16,0,1,31,0,32,2,0,2,34
02/19/2022,GON,CT,ANE,EN,Federal Contract Tower,0,4,1,0,5,0,1,18,0,19,0,5,19,0,24,6,0,6,30
02/20/2022,GON,CT,ANE,EN,Federal Contract Tower,0,0,14,1,15,0,0,102,4,106,0,0,116,5,121,118,2,120,241
02/21/2022,GON,CT,ANE,EN,Federal Contract Tower,0,0,24,0,24,0,1,128,3,132,0,1,152,3,156,98,0,98,254
02/22/2022,GON,CT,ANE,EN,Federal Contract Tower,0,4,13,2,19,0,0,1,0,1,0,4,14,2,20,0,0,0,20
02/23/2022,GON,CT,ANE,EN,Federal Contract Tower,0,6,14,4,24,0,0,0,0,0,0,6,14,4,24,14,14,28,52
02/24/2022,GON,CT,ANE,EN,Federal Contract Tower,0,2,21,3,26,0,0,63,15,78,0,2,84,18,104,50,42,92,196
02/25/2022,GON,CT,ANE,EN,Federal Contract Tower,0,3,4,0,7,0,0,1,0,1,0,3,5,0,8,0,0,0,8
02/26/2022,GON,CT,ANE,EN,Federal Contract Tower,0,5,25,2,32,0,1,107,2,110,0,6,132,4,142,84,0,84,226
02/27/2022,GON,CT,ANE,EN,Federal Contract Tower,0,7,14,2,23,0,0,35,4,39,0,7,49,6,62,30,2,32,94
02/28/2022,GON,CT,ANE,EN,Federal Contract Tower,0,0,14,3,17,0,0,69,2,71,0,0,83,5,88,58,0,58,146
03/01/2022,GON,CT,ANE,EN,Federal Contract Tower,0,3,24,2,29,0,2,52,1,55,0,5,76,3,84,12,6,18,102
03/02/2022,GON,CT,ANE,EN,Federal Contract Tower,0,2,18,4,24,0,2,72,15,89,0,4,90,19,113,56,34,90,203
03/03/2022,GON,CT,ANE,EN,Federal Contract Tower,0,1,17,2,20,0,1,24,12,37,0,2,41,14,57,6,4,10,67
03/04/2022,GON,CT,ANE,EN,Federal Contract Tower,0,6,17,0,23,0,0,83,3,86,0,6,100,3,109,72,18,90,199
03/05/2022,GON,CT,ANE,EN,Federal Contract Tower,0,2,18,0,20,0,3,125,1,129,0,5,143,1,149,80,0,80,229
03/06/2022,GON,CT,ANE,EN,Federal Contract Tower,0,2,4,0,6,0,0,0,0,0,0,2,4,0,6,0,0,0,6
03/07/2022,GON,CT,ANE,EN,Federal Contract Tower,0,0,26,0,26,0,0,14,0,14,0,0,40,0,40,24,0,24,64
03/08/2022,GON,CT,ANE,EN,Federal Contract Tower,0,1,13,0,14,0,1,39,2,42,0,2,52,2,56,12,2,14,70
03/09/2022,GON,CT,ANE,EN,Federal Contract Tower,0,0,4,0,4,0,0,0,0,0,0,0,4,0,4,0,0,0,4
03/10/2022,GON,CT,ANE,EN,Federal Contract Tower,0,3,31,0,34,0,1,91,2,94,0,4,122,2,128,56,0,56,184
03/11/2022,GON,CT,ANE,EN,Federal Contract Tower,0,5,26,1,32,0,0,88,3,91,0,5,114,4,123,48,2,50,173
03/12/2022,GON,CT,ANE,EN,Federal Contract Tower,0,0,2,0,2,0,0,2,0,2,0,0,4,0,4,0,0,0,4
03/13/2022,GON,CT,ANE,EN,Federal Contract Tower,0,0,4,0,4,0,0,37,0,37,0,0,41,0,41,22,0,22,63
03/14/2022,GON,CT,ANE,EN,Federal Contract Tower,0,2,16,1,19,0,0,85,0,85,0,2,101,1,104,88,0,88,192
03/15/2022,GON,CT,ANE,EN,Federal Contract Tower,0,4,20,2,26,0,2,104,4,110,0,6,124,6,136,40,0,40,176
03/16/2022,GON,CT,ANE,EN,Federal Contract Tower,0,5,17,9,31,0,2,90,14,106,0,7,107,23,137,76,12,88,225
03/17/2022,GON,CT,ANE,EN,Federal Contract Tower,0,3,17,0,20,0,0,0,0,0,0,3,17,0,20,0,0,0,20
03/18/2022,GON,CT,ANE,EN,Federal Contract Tower,0,0,20,0,20,0,0,98,14,112,0,0,118,14,132,90,0,90,222
03/19/2022,GON,CT,ANE,EN,Federal Contract Tower,0,2,8,0,10,0,0,0,0,0,0,2,8,0,10,0,0,0,10
03/20/2022,GON,CT,ANE,EN,Federal Contract Tower,0,0,21,0,21,0,0,95,2,97,0,0,116,2,118,120,0,120,238
03/21/2022,GON,CT,ANE,EN,Federal Contract Tower,0,0,10,0,10,0,0,51,4,55,0,0,61,4,65,16,0,16,81
03/22/2022,GON,CT,ANE,EN,Federal Contract Tower,0,0,6,3,9,0,0,40,3,43,0,0,46,6,52,48,6,54,106
03/23/2022,GON,CT,ANE,EN,Federal Contract Tower,0,2,15,3,20,0,0,75,10,85,0,2,90,13,105,44,16,60,165
03/24/2022,GON,CT,ANE,EN,Federal Contract Tower,0,4,7,0,11,0,0,0,0,0,0,4,7,0,11,0,0,0,11
03/25/2022,GON,CT,ANE,EN,Federal Contract Tower,0,5,21,1,27,0,0,69,2,71,0,5,90,3,98,30,2,32,130
03/26/2022,GON,CT,ANE,EN,Federal Contract Tower,0,0,16,0,16,0,2,57,4,63,0,2,73,4,79,126,6,132,211
03/27/2022,GON,CT,ANE,EN,Federal Contract Tower,0,3,10,0,13,0,1,51,0,52,0,4,61,0,65,74,8,82,147
03/28/2022,GON,CT,ANE,EN,Federal Contract Tower,0,1,6,0,7,0,0,18,2,20,0,1,24,2,27,4,6,10,37
03/29/2022,GON,CT,ANE,EN,Federal Contract Tower,0,1,10,0,11,0,0,44,4,48,0,1,54,4,59,16,4,20,79
03/30/2022,GON,CT,ANE,EN,Federal Contract Tower,0,1,10,2,13,0,1,88,2,91,0,2,98,4,104,64,0,64,168
03/31/2022,GON,CT,ANE,EN,Federal Contract Tower,0,0,12,0,12,0,0,2,0,2,0,0,14,0,14,0,0,0,14
04/01/2022,GON,CT,ANE,EN,Federal Contract Tower,0,3,19,0,22,0,1,46,0,47,0,4,65,0,69,24,0,24,93
04/02/2022,GON,CT,ANE,EN,Federal Contract Tower,0,0,18,0,18,0,0,91,1,92,0,0,109,1,110,114,0,114,224
04/03/2022,GON,CT,ANE,EN,Federal Contract Tower,0,1,12,0,13,0,1,31,0,32,0,2,43,0,45,36,0,36,81
04/04/2022,GON,CT,ANE,EN,Federal Contract Tower,0,2,13,1,16,0,2,71,1,74,0,4,84,2,90,62,0,62,152
04/05/2022,GON,CT,ANE,EN,Federal Contract Tower,0,6,7,1,14,0,2,84,5,91,0,8,91,6,105,64,0,64,169
04/06/2022,GON,CT,ANE,EN,Federal Contract Tower,0,5,11,3,19,0,0,0,0,0,0,5,11,3,19,2,0,2,21
04/07/2022,GON,CT,ANE,EN,Federal Contract Tower,0,4,17,0,21,0,0,5,0,5,0,4,22,0,26,0,0,0,26
04/08/2022,GON,CT,ANE,EN,Federal Contract Tower,0,4,15,2,21,0,0,73,0,73,0,4,88,2,94,64,4,68,162
04/09/2022,GON,CT,ANE,EN,Federal Contract Tower,0,3,10,2,15,0,0,40,0,40,0,3,50,2,55,46,0,46,101
04/10/2022,GON,CT,ANE,EN,Federal Contract Tower,0,3,9,1,13,0,0,70,1,71,0,3,79,2,84,14,0,14,98
04/11/2022,GON,CT,ANE,EN,Federal Contract Tower,0,4,24,2,30,0,0,120,0,120,0,4,144,2,150,50,0,50,200
04/12/2022,GON,CT,ANE,EN,Federal Contract Tower,0,4,26,0,30,0,1,65,4,70,0,5,91,4,100,64,6,70,170
04/13/2022,GON,CT,ANE,EN,Federal Contract Tower,0,1,17,0,18,0,0,93,2,95,0,1,110,2,113,58,0,58,171
04/14/2022,GON,CT,ANE,EN,Federal Contract Tower,0,2,6,0,8,0,0,54,8,62,0,2,60,8,70,26,0,26,96
04/15/2022,GON,CT,ANE,EN,Federal Contract Tower,0,0,13,0,13,0,2,103,0,105,0,2,116,0,118,50,0,50,168
04/16/2022,GON,CT,ANE,EN,Federal Contract Tower,0,0,16,0,16,0,1,51,0,52,0,1,67,0,68,62,0,62,130
04/17/2022,GON,CT,ANE,EN,Federal Contract Tower,0,1,7,0,8,0,2,26,0,28,0,3,33,0,36,32,0,32,68
04/18/2022,GON,CT,ANE,EN,Federal Contract Tower,0,4,14,0,18,0,1,82,0,83,0,5,96,0,101,42,0,42,143
04/19/2022,GON,CT,ANE,EN,Federal Contract Tower,0,2,7,1,10,0,0,2,2,4,0,2,9,3,14,0,0,0,14
04/20/2022,GON,CT,ANE,EN,Federal Contract Tower,0,2,13,2,17,0,1,76,6,83,0,3,89,8,100,48,4,52,152
04/21/2022,GON,CT,ANE,EN,Federal Contract Tower,0,2,8,0,10,0,1,96,1,98,0,3,104,1,108,48,0,48,156
04/22/2022,GON,CT,ANE,EN,Federal Contract Tower,0,0,15,2,17,0,0,76,4,80,0,0,91,6,97,26,2,28,125
04/23/2022,GON,CT,ANE,EN,Federal Contract Tower,0,3,23,0,26,0,1,123,3,127,0,4,146,3,153,106,2,108,261
04/24/2022,GON,CT,ANE,EN,Federal Contract Tower,0,3,14,0,17,0,1,90,2,93,0,4,104,2,110,46,0,46,156
04/25/2022,GON,CT,ANE,EN,Federal Contract Tower,0,7,16,2,25,0,5,107,2,114,0,12,123,4,139,64,2,66,205
04/26/2022,GON,CT,ANE,EN,Federal Contract Tower,0,5,24,1,30,0,0,8,0,8,0,5,32,1,38,18,0,18,56
04/27/2022,GON,CT,ANE,EN,Federal Contract Tower,0,1,12,5,18,0,0,57,2,59,0,1,69,7,77,32,20,52,129
04/28/2022,GON,CT,ANE,EN,Federal Contract Tower,0,6,7,2,15,0,0,28,6,34,0,6,35,8,49,2,4,6,55
04/29/2022,GON,CT,ANE,EN,Federal Contract Tower,0,0,33,0,33,0,3,61,2,66,0,3,94,2,99,18,0,18,117
04/30/2022,GON,CT,ANE,EN,Federal Contract Tower,0,2,9,0,11,0,0,96,4,100,0,2,105,4,111,46,0,46,157
05/01/2022,GON,CT,ANE,EN,Federal Contract Tower,0,4,13,0,17,0,0,119,4,123,0,4,132,4,140,116,0,116,256
05/02/2022,GON,CT,ANE,EN,Federal Contract Tower,0,2,21,0,23,0,0,17,0,17,0,2,38,0,40,8,0,8,48
05/03/2022,GON,CT,ANE,EN,Federal Contract Tower,0,2,50,0,52,0,0,17,0,17,0,2,67,0,69,46,0,46,115
05/04/2022,GON,CT,ANE,EN,Federal Contract Tower,0,4,12,3,19,0,0,2,0,2,0,4,14,3,21,0,0,0,21
05/05/2022,GON,CT,ANE,EN,Federal Contract Tower,0,6,22,0,28,0,0,126,5,131,0,6,148,5,159,64,2,66,225
05/06/2022,GON,CT,ANE,EN,Federal Contract Tower,0,2,17,0,19,0,2,51,0,53,0,4,68,0,72,62,0,62,134
05/07/2022,GON,CT,ANE,EN,Federal Contract Tower,0,4,20,0,24,0,0,3,0,3,0,4,23,0,27,2,0,2,29
05/08/2022,GON,CT,ANE,EN,Federal Contract Tower,0,1,14,0,15,0,1,24,0,25,0,2,38,0,40,12,0,12,52
05/09/2022,GON,CT,ANE,EN,Federal Contract Tower,0,4,10,0,14,0,0,14,2,16,0,4,24,2,30,2,0,2,32
05/10/2022,GON,CT,ANE,EN,Federal Contract Tower,0,3,13,0,16,0,2,41,4,47,0,5,54,4,63,8,0,8,71
05/11/2022,GON,CT,ANE,EN,Federal Contract Tower,0,6,8,0,14,0,1,47,0,48,0,7,55,0,62,38,0,38,100
05/12/2022,GON,CT,ANE,EN,Federal Contract Tower,0,8,14,0,22,0,0,59,1,60,0,8,73,1,82,70,0,70,152
05/13/2022,GON,CT,ANE,EN,Federal Contract Tower,0,22,34,2,58,0,0,0,0,0,0,22,34,2,58,0,0,0,58
05/14/2022,GON,CT,ANE,EN,Federal Contract Tower,0,4,21,0,25,0,0,2,0,2,0,4,23,0,27,0,0,0,27
05/15/2022,GON,CT,ANE,EN,Federal Contract Tower,0,10,12,0,22,0,0,5,0,5,0,10,17,0,27,32,0,32,59
05/16/2022,GON,CT,ANE,EN,Federal Contract Tower,0,6,12,0,18,0,0,25,0,25,0,6,37,0,43,32,0,32,75
05/17/2022,GON,CT,ANE,EN,Federal Contract Tower,0,3,9,1,13,0,2,84,2,88,0,5,93,3,101,40,6,46,147
05/18/2022,GON,CT,ANE,EN,Federal Contract Tower,0,3,11,5,19,0,0,48,7,55,0,3,59,12,74,8,0,8,82
05/19/2022,GON,CT,ANE,EN,Federal Contract Tower,0,4,19,2,25,0,0,2,0,2,0,4,21,2,27,0,0,0,27
05/20/2022,GON,CT,ANE,EN,Federal Contract Tower,0,8,22,0,30,0,2,37,0,39,0,10,59,0,69,64,0,64,133
05/21/2022,GON,CT,ANE,EN,Federal Contract Tower,0,2,36,1,39,0,0,77,0,77,0,2,113,1,116,50,0,50,166
05/22/2022,GON,CT,ANE,EN,Federal Contract Tower,0,11,14,0,25,0,1,119,4,124,0,12,133,4,149,60,8,68,217
05/23/2022,GON,CT,ANE,EN,Federal Contract Tower,0,3,14,0,17,0,2,121,0,123,0,5,135,0,140,82,0,82,222
05/24/2022,GON,CT,ANE,EN,Federal Contract Tower,0,7,22,0,29,0,2,121,2,125,0,9,143,2,154,72,10,82,236
05/25/2022,GON,CT,ANE,EN,Federal Contract Tower,0,8,12,0,20,0,5,109,4,118,0,13,121,4,138,48,8,56,194
05/26/2022,GON,CT,ANE,EN,Federal Contract Tower,0,4,11,0,15,0,0,112,2,114,0,4,123,2,129,46,0,46,175
05/27/2022,GON,CT,ANE,EN,Federal Contract Tower,0,4,19,0,23,0,1,3,0,4,0,5,22,0,27,0,0,0,27
05/28/2022,GON,CT,ANE,EN,Federal Contract Tower,0,7,17,0,24,0,0,9,0,9,0,7,26,0,33,10,0,10,43
05/29/2022,GON,CT,ANE,EN,Federal Contract Tower,0,5,13,0,18,0,0,148,0,148,0,5,161,0,166,78,0,78,244
05/30/2022,GON,CT,ANE,EN,Federal Contract Tower,0,3,7,0,10,0,7,122,0,129,0,10,129,0,139,54,0,54,193
05/31/2022,GON,CT,ANE,EN,Federal Contract Tower,0,9,17,2,28,0,1,83,0,84,0,10,100,2,112,44,0,44,156
06/01/2022,GON,CT,ANE,EN,Federal Contract Tower,0,8,13,0,21,0,2,69,2,73,0,10,82,2,94,32,0,32,126
06/02/2022,GON,CT,ANE,EN,Federal Contract Tower,0,7,14,3,24,0,0,16,0,16,0,7,30,3,40,6,0,6,46
06/03/2022,GON,CT,ANE,EN,Federal Contract Tower,0,10,21,4,35,0,5,50,1,56,0,15,71,5,91,56,22,78,169
06/04/2022,GON,CT,ANE,EN,Federal Contract Tower,0,4,14,0,18,0,0,51,1,52,0,4,65,1,70,50,0,50,120
06/05/2022,GON,CT,ANE,EN,Federal Contract Tower,0,3,9,0,12,0,1,123,0,124,0,4,132,0,136,88,0,88,224
06/06/2022,GON,CT,ANE,EN,Federal Contract Tower,0,3,17,1,21,0,0,95,3,98,0,3,112,4,119,48,0,48,167
06/07/2022,GON,CT,ANE,EN,Federal Contract Tower,0,4,16,0,20,0,2,68,6,76,0,6,84,6,96,46,0,46,142
06/08/2022,GON,CT,ANE,EN,Federal Contract Tower,0,3,14,4,21,0,0,63,5,68,0,3,77,9,89,92,18,110,199
06/09/2022,GON,CT,ANE,EN,Federal Contract Tower,0,0,19,0,19,0,0,31,0,31,0,0,50,0,50,2,0,2,52
06/10/2022,GON,CT,ANE,EN,Federal Contract Tower,0,2,31,0,33,0,9,133,11,153,0,11,164,11,186,110,0,110,296
06/11/2022,GON,CT,ANE,EN,Federal Contract Tower,0,8,12,0,20,0,1,100,2,103,0,9,112,2,123,50,14,64,187
06/12/2022,GON,CT,ANE,EN,Federal Contract Tower,0,3,30,0,33,0,2,74,2,78,0,5,104,2,111,16,0,16,127
06/13/2022,GON,CT,ANE,EN,Federal Contract Tower,0,12,13,1,26,0,2,88,2,92,0,14,101,3,118,68,0,68,186
06/14/2022,GON,CT,ANE,EN,Federal Contract Tower,0,1,21,0,22,0,2,109,0,111,0,3,130,0,133,62,0,62,195
06/15/2022,GON,CT,ANE,EN,Federal Contract Tower,0,3,8,2,13,0,0,89,6,95,0,3,97,8,108,58,0,58,166
06/16/2022,GON,CT,ANE,EN,Federal Contract Tower,0,16,29,4,49,0,6,57,5,68,0,22,86,9,117,60,0,60,177
06/17/2022,GON,CT,ANE,EN,Federal Contract Tower,0,4,31,0,35,0,1,25,5,31,0,5,56,5,66,40,0,40,106
06/18/2022,GON,CT,ANE,EN,Federal Contract Tower,0,3,10,0,13,0,1,57,2,60,0,4,67,2,73,32,0,32,105
06/19/2022,GON,CT,ANE,EN,Federal Contract Tower,0,1,22,1,24,0,3,46,2,51,0,4,68,3,75,28,12,40,115
06/20/2022,GON,CT,ANE,EN,Federal Contract Tower,0,6,17,2,25,0,1,117,4,122,0,7,134,6,147,86,2,88,235
06/21/2022,GON,CT,ANE,EN,Federal Contract Tower,0,4,38,2,44,0,2,90,10,102,0,6,128,12,146,58,4,62,208
06/22/2022,GON,CT,ANE,EN,Federal Contract Tower,0,7,21,3,31,0,2,13,0,15,0,9,34,3,46,34,0,34,80
06/23/2022,GON,CT,ANE,EN,Federal Contract Tower,0,4,21,2,27,0,2,85,1,88,0,6,106,3,115,64,6,70,185
06/24/2022,GON,CT,ANE,EN,Federal Contract Tower,0,8,29,0,37,0,2,92,2,96,0,10,121,2,133,122,0,122,255
06/25/2022,GON,CT,ANE,EN,Federal Contract Tower,0,5,27,0,32,0,2,152,0,154,0,7,179,0,186,54,0,54,240
06/26/2022,GON,CT,ANE,EN,Federal Contract Tower,0,7,17,0,24,0,1,121,2,124,0,8,138,2,148,64,0,64,212
06/27/2022,GON,CT,ANE,EN,Federal Contract Tower,0,6,24,0,30,0,1,28,0,29,0,7,52,0,59,10,0,10,69
06/28/2022,GON,CT,ANE,EN,Federal Contract Tower,0,7,16,4,27,0,3,108,4,115,0,10,124,8,142,24,0,24,166
06/29/2022,GON,CT,ANE,EN,Federal Contract Tower,0,10,17,2,29,0,2,81,0,83,0,12,98,2,112,52,0,52,164
06/30/2022,GON,CT,ANE,EN,Federal Contract Tower,0,13,27,2,42,0,7,130,2,139,0,20,157,4,181,82,0,82,263
07/01/2022,GON,CT,ANE,EN,Federal Contract Tower,0,13,23,0,36,0,2,106,0,108,0,15,129,0,144,100,0,100,244
07/02/2022,GON,CT,ANE,EN,Federal Contract Tower,0,10,10,0,20,0,2,15,0,17,0,12,25,0,37,16,0,16,53
07/03/2022,GON,CT,ANE,EN,Federal Contract Tower,0,0,20,0,20,0,3,105,0,108,0,3,125,0,128,16,0,16,144
07/04/2022,GON,CT,ANE,EN,Federal Contract Tower,0,6,8,0,14,0,3,91,1,95,0,9,99,1,109,38,0,38,147
07/05/2022,GON,CT,ANE,EN,Federal Contract Tower,0,9,21,0,30,0,1,72,1,74,0,10,93,1,104,60,0,60,164
07/06/2022,GON,CT,ANE,EN,Federal Contract Tower,0,10,25,5,40,0,3,64,4,71,0,13,89,9,111,26,0,26,137
07/07/2022,GON,CT,ANE,EN,Federal Contract Tower,0,7,9,0,16,0,9,94,3,106,0,16,103,3,122,50,8,58,180
07/08/2022,GON,CT,ANE,EN,Federal Contract Tower,0,6,19,1,26,0,2,103,3,108,0,8,122,4,134,54,0,54,188
07/09/2022,GON,CT,ANE,EN,Federal Contract Tower,0,2,14,0,16,0,0,119,0,119,0,2,133,0,135,90,0,90,225
07/10/2022,GON,CT,ANE,EN,Federal Contract Tower,0,6,9,0,15,0,5,133,0,138,0,11,142,0,153,54,0,54,207
07/11/2022,GON,CT,ANE,EN,Federal Contract Tower,0,6,12,1,19,0,4,100,1,105,0,10,112,2,124,48,0,48,172
07/12/2022,GON,CT,ANE,EN,Federal Contract Tower,0,7,10,4,21,0,2,74,5,81,0,9,84,9,102,74,16,90,192
07/13/2022,GON,CT,ANE,EN,Federal Contract Tower,0,8,13,3,24,0,5,116,6,127,0,13,129,9,151,76,0,76,227
07/14/2022,GON,CT,ANE,EN,Federal Contract Tower,0,10,25,0,35,0,8,85,2,95,0,18,110,2,130,64,0,64,194
07/15/2022,GON,CT,ANE,EN,Federal Contract Tower,0,5,24,2,31,0,5,121,0,126,0,10,145,2,157,68,4,72,229
07/16/2022,GON,CT,ANE,EN,Federal Contract Tower,0,14,17,4,35,0,2,72,0,74,0,16,89,4,109,56,0,56,165
07/17/2022,GON,CT,ANE,EN,Federal Contract Tower,0,9,23,0,32,0,5,67,0,72,0,14,90,0,104,34,0,34,138
07/18/2022,GON,CT,ANE,EN,Federal Contract Tower,0,15,22,0,37,0,0,0,0,0,0,15,22,0,37,0,0,0,37
07/19/2022,GON,CT,ANE,EN,Federal Contract Tower,0,5,22,4,31,0,3,88,0,91,0,8,110,4,122,44,0,44,166
07/20/2022,GON,CT,ANE,EN,Federal Contract Tower,0,9,12,2,23,0,5,122,2,129,0,14,134,4,152,108,12,120,272
07/21/2022,GON,CT,ANE,EN,Federal Contract Tower,0,12,22,4,38,0,0,32,2,34,0,12,54,6,72,14,0,14,86
07/22/2022,GON,CT,ANE,EN,Federal Contract Tower,0,12,22,1,35,0,7,115,16,138,0,19,137,17,173,86,6,92,265
07/23/2022,GON,CT,ANE,EN,Federal Contract Tower,0,4,19,0,23,0,3,75,0,78,0,7,94,0,101,82,4,86,187
07/24/2022,GON,CT,ANE,EN,Federal Contract Tower,0,8,16,0,24,0,6,73,0,79,0,14,89,0,103,36,0,36,139
07/25/2022,GON,CT,ANE,EN,Federal Contract Tower,0,12,21,0,33,0,0,16,0,16,0,12,37,0,49,24,0,24,73
07/26/2022,GON,CT,ANE,EN,Federal Contract Tower,0,3,17,0,20,0,3,124,0,127,0,6,141,0,147,72,0,72,219
07/27/2022,GON,CT,ANE,EN,Federal Contract Tower,0,6,10,0,16,0,2,103,0,105,0,8,113,0,121,74,0,74,195
07/28/2022,GON,CT,ANE,EN,Federal Contract Tower,0,15,25,1,41,0,1,37,9,47,0,16,62,10,88,10,30,40,128
07/29/2022,GON,CT,ANE,EN,Federal Contract Tower,0,11,21,3,35,0,4,77,0,81,0,15,98,3,116,26,0,26,142
07/30/2022,GON,CT,ANE,EN,Federal Contract Tower,0,8,9,0,17,0,3,90,0,93,0,11,99,0,110,76,0,76,186
07/31/2022,GON,CT,ANE,EN,Federal Contract Tower,0,11,9,0,20,0,12,120,0,132,0,23,129,0,152,66,0,66,218
08/01/2022,GON,CT,ANE,EN,Federal Contract Tower,0,4,48,0,52,0,1,27,0,28,0,5,75,0,80,22,0,22,102
08/02/2022,GON,CT,ANE,EN,Federal Contract Tower,0,7,23,4,34,0,1,74,0,75,0,8,97,4,109,90,0,90,199
08/03/2022,GON,CT,ANE,EN,Federal Contract Tower,0,7,17,2,26,0,3,146,5,154,0,10,163,7,180,120,8,128,308
08/04/2022,GON,CT,ANE,EN,Federal Contract Tower,0,9,24,2,35,0,7,108,5,120,0,16,132,7,155,76,2,78,233
08/05/2022,GON,CT,ANE,EN,Federal Contract Tower,0,7,9,0,16,0,5,88,2,95,0,12,97,2,111,104,2,106,217
08/06/2022,GON,CT,ANE,EN,Federal Contract Tower,0,4,11,0,15,0,2,80,0,82,0,6,91,0,97,56,0,56,153
08/07/2022,GON,CT,ANE,EN,Federal Contract Tower,0,5,12,0,17,0,2,124,0,126,0,7,136,0,143,94,0,94,237
08/08/2022,GON,CT,ANE,EN,Federal Contract Tower,0,7,10,0,17,0,1,53,0,54,0,8,63,0,71,80,0,80,151
08/09/2022,GON,CT,ANE,EN,Federal Contract Tower,0,4,11,1,16,0,3,72,2,77,0,7,83,3,93,78,0,78,171
08/10/2022,GON,CT,ANE,EN,Federal Contract Tower,0,8,26,0,34,0,3,74,5,82,0,11,100,5,116,64,22,86,202
08/11/2022,GON,CT,ANE,EN,Federal Contract Tower,0,26,36,3,65,0,3,38,0,41,0,29,74,3,106,12,0,12,118
08/12/2022,GON,CT,ANE,EN,Federal Contract Tower,0,3,18,0,21,0,5,131,2,138,0,8,149,2,159,82,0,82,241
08/13/2022,GON,CT,ANE,EN,Federal Contract Tower,0,6,13,0,19,0,7,117,0,124,0,13,130,0,143,108,0,108,251
08/14/2022,GON,CT,ANE,EN,Federal Contract Tower,0,7,12,0,19,0,6,115,0,121,0,13,127,0,140,94,0,94,234
08/15/2022,GON,CT,ANE,EN,Federal Contract Tower,0,2,14,0,16,0,1,91,0,92,0,3,105,0,108,72,0,72,180
08/16/2022,GON,CT,ANE,EN,Federal Contract Tower,0,5,23,0,28,0,4,57,9,70,0,9,80,9,98,74,22,96,194
08/17/2022,GON,CT,ANE,EN,Federal Contract Tower,0,7,11,0,18,0,1,61,4,66,0,8,72,4,84,28,6,34,118
08/18/2022,GON,CT,ANE,EN,Federal Contract Tower,0,12,15,3,30,0,4,78,1,83,0,16,93,4,113,48,2,50,163
08/19/2022,GON,CT,ANE,EN,Federal Contract Tower,0,2,15,1,18,0,7,136,5,148,0,9,151,6,166,84,2,86,252
08/20/2022,GON,CT,ANE,EN,Federal Contract Tower,0,4,11,0,15,0,7,118,0,125,0,11,129,0,140,120,0,120,260
08/21/2022,GON,CT,ANE,EN,Federal Contract Tower,0,9,28,0,37,0,10,78,0,88,0,19,106,0,125,80,0,80,205
08/22/2022,GON,CT,ANE,EN,Federal Contract Tower,0,16,21,0,37,0,0,0,0,0,0,16,21,0,37,2,0,2,39
08/23/2022,GON,CT,ANE,EN,Federal Contract Tower,0,12,26,0,38,0,1,29,0,30,0,13,55,0,68,26,0,26,94
08/24/2022,GON,CT,ANE,EN,Federal Contract Tower,0,9,24,2,35,0,7,132,2,141,0,16,156,4,176,30,4,34,210
08/25/2022,GON,CT,ANE,EN,Federal Contract Tower,0,7,19,0,26,0,6,110,4,120,0,13,129,4,146,90,4,94,240
08/26/2022,GON,CT,ANE,EN,Federal Contract Tower,0,9,14,2,25,0,8,98,3,109,0,17,112,5,134,90,4,94,228
08/27/2022,GON,CT,ANE,EN,Federal Contract Tower,0,6,15,0,21,0,1,92,0,93,0,7,107,0,114,82,0,82,196
08/28/2022,GON,CT,ANE,EN,Federal Contract Tower,0,10,31,2,43,0,2,105,0,107,0,12,136,2,150,66,0,66,216
08/29/2022,GON,CT,ANE,EN,Federal Contract Tower,0,5,32,0,37,0,1,66,4,71,0,6,98,4,108,152,14,166,274
08/30/2022,GON,CT,ANE,EN,Federal Contract Tower,0,2,38,2,42,0,0,42,4,46,0,2,80,6,88,42,0,42,130
08/31/2022,GON,CT,ANE,EN,Federal Contract Tower,0,5,20,2,27,0,5,57,9,71,0,10,77,11,98,50,0,50,148
09/01/2022,GON,CT,ANE,EN,Federal Contract Tower,0,14,22,2,38,0,2,123,9,134,0,16,145,11,172,60,0,60,232
09/02/2022,GON,CT,ANE,EN,Federal Contract Tower,0,6,27,0,33,0,4,112,1,117,0,10,139,1,150,122,0,122,272
09/03/2022,GON,CT,ANE,EN,Federal Contract Tower,0,3,18,0,21,0,5,111,0,116,0,8,129,0,137,94,0,94,231
09/04/2022,GON,CT,ANE,EN,Federal Contract Tower,0,8,7,0,15,0,1,64,0,65,0,9,71,0,80,90,0,90,170
09/05/2022,GON,CT,ANE,EN,Federal Contract Tower,0,5,22,0,27,0,3,22,0,25,0,8,44,0,52,40,0,40,92
09/06/2022,GON,CT,ANE,EN,Federal Contract Tower,0,4,24,0,28,0,0,0,0,0,0,4,24,0,28,0,0,0,28
09/07/2022,GON,CT,ANE,EN,Federal Contract Tower,0,12,33,2,47,0,0,31,12,43,0,12,64,14,90,38,8,46,136
09/08/2022,GON,CT,ANE,EN,Federal Contract Tower,0,4,20,1,25,0,2,74,7,83,0,6,94,8,108,68,0,68,176
09/09/2022,GON,CT,ANE,EN,Federal Contract Tower,0,14,32,0,46,0,9,111,4,124,0,23,143,4,170,92,10,102,272
09/10/2022,GON,CT,ANE,EN,Federal Contract Tower,0,4,20,2,26,0,1,98,18,117,0,5,118,20,143,46,0,46,189
09/11/2022,GON,CT,ANE,EN,Federal Contract Tower,0,8,20,0,28,0,5,75,4,84,0,13,95,4,112,80,0,80,192
09/12/2022,GON,CT,ANE,EN,Federal Contract Tower,0,3,19,2,24,0,0,14,0,14,0,3,33,2,38,32,0,32,70
09/13/2022,GON,CT,ANE,EN,Federal Contract Tower,0,8,22,2,32,0,0,1,0,1,0,8,23,2,33,0,0,0,33
09/14/2022,GON,CT,ANE,EN,Federal Contract Tower,0,9,22,0,31,0,4,98,11,113,0,13,120,11,144,58,28,86,230
09/15/2022,GON,CT,ANE,EN,Federal Contract Tower,0,10,19,1,30,0,4,89,5,98,0,14,108,6,128,84,8,92,220
09/16/2022,GON,CT,ANE,EN,Federal Contract Tower,0,8,19,0,27,0,6,125,1,132,0,14,144,1,159,136,0,136,295
09/17/2022,GON,CT,ANE,EN,Federal Contract Tower,0,1,6,0,7,0,6,119,2,127,0,7,125,2,134,74,0,74,208
09/18/2022,GON,CT,ANE,EN,Federal Contract Tower,0,5,19,0,24,0,2,82,0,84,0,7,101,0,108,54,0,54,162
09/19/2022,GON,CT,ANE,EN,Federal Contract Tower,0,5,10,0,15,0,1,66,0,67,0,6,76,0,82,82,0,82,164
09/20/2022,GON,CT,ANE,EN,Federal Contract Tower,0,10,14,2,26,0,1,52,2,55,0,11,66,4,81,96,0,96,177
09/21/2022,GON,CT,ANE,EN,Federal Contract Tower,0,12,20,3,35,0,2,61,1,64,0,14,81,4,99,108,0,108,207
09/22/2022,GON,CT,ANE,EN,Federal Contract Tower,0,2,10,0,12,0,2,4,0,6,0,4,14,0,18,0,0,0,18
09/23/2022,GON,CT,ANE,EN,Federal Contract Tower,0,2,5,0,7,0,2,29,6,37,0,4,34,6,44,46,0,46,90
09/24/2022,GON,CT,ANE,EN,Federal Contract Tower,0,2,17,0,19,0,0,113,0,113,0,2,130,0,132,84,0,84,216
09/25/2022,GON,CT,ANE,EN,Federal Contract Tower,0,2,15,0,17,0,0,90,0,90,0,2,105,0,107,92,0,92,199
09/26/2022,GON,CT,ANE,EN,Federal Contract Tower,0,3,23,2,28,0,0,58,1,59,0,3,81,3,87,38,6,44,131
09/27/2022,GON,CT,ANE,EN,Federal Contract Tower,0,9,19,0,28,0,4,99,5,108,0,13,118,5,136,88,0,88,224
09/28/2022,GON,CT,ANE,EN,Federal Contract Tower,0,4,15,0,19,0,0,74,6,80,0,4,89,6,99,98,18,116,215
09/29/2022,GON,CT,ANE,EN,Federal Contract Tower,0,9,13,0,22,0,0,90,10,100,0,9,103,10,122,108,22,130,252
09/30/2022,GON,CT,ANE,EN,Federal Contract Tower,0,2,23,0,25,0,3,94,0,97,0,5,117,0,122,82,0,82,204
10/01/2022,GON,CT,ANE,EN,Federal Contract Tower,0,6,8,0,14,0,0,0,0,0,0,6,8,0,14,0,0,0,14
10/02/2022,GON,CT,ANE,EN,Federal Contract Tower,0,8,11,0,19,0,0,9,0,9,0,8,20,0,28,22,0,22,50
10/03/2022,GON,CT,ANE,EN,Federal Contract Tower,0,8,8,0,16,0,0,40,0,40,0,8,48,0,56,48,0,48,104
10/04/2022,GON,CT,ANE,EN,Federal Contract Tower,0,3,9,2,14,0,0,7,0,7,0,3,16,2,21,10,0,10,31
10/05/2022,GON,CT,ANE,EN,Federal Contract Tower,0,3,7,4,14,0,0,6,0,6,0,3,13,4,20,0,0,0,20
10/06/2022,GON,CT,ANE,EN,Federal Contract Tower,0,4,29,0,33,0,0,119,2,121,0,4,148,2,154,156,0,156,310
10/07/2022,GON,CT,ANE,EN,Federal Contract Tower,0,0,20,0,20,0,1,125,1,127,0,1,145,1,147,72,10,82,229
10/08/2022,GON,CT,ANE,EN,Federal Contract Tower,0,3,23,0,26,0,2,103,0,105,0,5,126,0,131,112,0,112,243
10/09/2022,GON,CT,ANE,EN,Federal Contract Tower,0,1,8,0,9,0,2,103,0,105,0,3,111,0,114,58,0,58,172
10/10/2022,GON,CT,ANE,EN,Federal Contract Tower,0,3,17,0,20,0,2,131,0,133,0,5,148,0,153,28,0,28,181
10/11/2022,GON,CT,ANE,EN,Federal Contract Tower,0,3,16,1,20,0,0,93,0,93,0,3,109,1,113,114,0,114,227
10/12/2022,GON,CT,ANE,EN,Federal Contract Tower,0,2,20,1,23,0,2,103,0,105,0,4,123,1,128,72,12,84,212
10/13/2022,GON,CT,ANE,EN,Federal Contract Tower,0,1,18,1,20,0,0,4,0,4,0,1,22,1,24,0,8,8,32
10/14/2022,GON,CT,ANE,EN,Federal Contract Tower,0,2,21,0,23,0,1,66,0,67,0,3,87,0,90,78,4,82,172
10/15/2022,GON,CT,ANE,EN,Federal Contract Tower,0,5,15,0,20,0,0,121,2,123,0,5,136,2,143,60,4,64,207
10/16/2022,GON,CT,ANE,EN,Federal Contract Tower,0,3,14,1,18,0,3,136,0,139,0,6,150,1,157,64,0,64,221
10/17/2022,GON,CT,ANE,EN,Federal Contract Tower,0,5,19,0,24,0,0,23,0,23,0,5,42,0,47,16,0,16,63
10/18/2022,GON,CT,ANE,EN,Federal Contract Tower,0,9,18,2,29,0,2,57,8,67,0,11,75,10,96,70,30,100,196
10/19/2022,GON,CT,ANE,EN,Federal Contract Tower,0,5,14,2,21,0,0,67,1,68,0,5,81,3,89,54,4,58,147
10/20/2022,GON,CT,ANE,EN,Federal Contract Tower,0,4,7,2,13,0,4,78,6,88,0,8,85,8,101,72,4,76,177
10/21/2022,GON,CT,ANE,EN,Federal Contract Tower,0,5,13,2,20,0,3,136,0,139,0,8,149,2,159,98,6,104,263
10/22/2022,GON,CT,ANE,EN,Federal Contract Tower,0,2,21,2,25,0,1,105,6,112,0,3,126,8,137,154,0,154,291
10/23/2022,GON,CT,ANE,EN,Federal Contract Tower,0,6,12,0,18,0,1,32,0,33,0,7,44,0,51,36,0,36,87
10/24/2022,GON,CT,ANE,EN,Federal Contract Tower,0,7,11,0,18,0,0,0,0,0,0,7,11,0,18,0,0,0,18
10/25/2022,GON,CT,ANE,EN,Federal Contract Tower,0,8,8,0,16,0,0,2,0,2,0,8,10,0,18,0,0,0,18
10/26/2022,GON,CT,ANE,EN,Federal Contract Tower,0,6,15,1,22,0,0,0,0,0,0,6,15,1,22,2,0,2,24
10/27/2022,GON,CT,ANE,EN,Federal Contract Tower,0,1,29,0,30,0,0,91,0,91,0,1,120,0,121,62,0,62,183
10/28/2022,GON,CT,ANE,EN,Federal Contract Tower,0,0,25,2,27,0,0,77,0,77,0,0,102,2,104,60,6,66,170
10/29/2022,GON,CT,ANE,EN,Federal Contract Tower,0,0,18,0,18,0,0,101,0,101,0,0,119,0,119,136,0,136,255
10/30/2022,GON,CT,ANE,EN,Federal Contract Tower,0,1,12,0,13,0,0,108,0,108,0,1,120,0,121,78,0,78,199
10/31/2022,GON,CT,ANE,EN,Federal Contract Tower,0,3,25,0,28,0,0,37,0,37,0,3,62,0,65,34,0,34,99
11/01/2022,GON,CT,ANE,EN,Federal Contract Tower,0,6,16,2,24,0,0,4,0,4,0,6,20,2,28,4,0,4,32
11/02/2022,GON,CT,ANE,EN,Federal Contract Tower,0,1,20,2,23,0,2,125,2,129,0,3,145,4,152,64,40,104,256
11/03/2022,GON,CT,ANE,EN,Federal Contract Tower,0,3,17,2,22,0,1,115,4,120,0,4,132,6,142,70,0,70,212
11/04/2022,GON,CT,ANE,EN,Federal Contract Tower,0,10,34,4,48,0,0,100,3,103,0,10,134,7,151,98,8,106,257
11/05/2022,GON,CT,ANE,EN,Federal Contract Tower,0,3,29,0,32,0,0,102,0,102,0,3,131,0,134,146,0,146,280
11/06/2022,GON,CT,ANE,EN,Federal Contract Tower,0,6,11,0,17,0,0,76,2,78,0,6,87,2,95,34,0,34,129
11/07/2022,GON,CT,ANE,EN,Federal Contract Tower,0,1,18,0,19,0,1,72,0,73,0,2,90,0,92,124,0,124,216
11/08/2022,GON,CT,ANE,EN,Federal Contract Tower,0,2,10,4,16,0,0,53,4,57,0,2,63,8,73,54,0,54,127
11/09/2022,GON,CT,ANE,EN,Federal Contract Tower,0,4,22,1,27,0,0,123,4,127,0,4,145,5,154,78,6,84,238
11/10/2022,GON,CT,ANE,EN,Federal Contract Tower,0,0,16,0,16,0,0,97,5,102,0,0,113,5,118,74,0,74,192
11/11/2022,GON,CT,ANE,EN,Federal Contract Tower,0,2,13,0,15,0,0,43,0,43,0,2,56,0,58,72,0,72,130
11/12/2022,GON,CT,ANE,EN,Federal Contract Tower,0,3,8,0,11,0,0,24,0,24,0,3,32,0,35,26,2,28,63
11/13/2022,GON,CT,ANE,EN,Federal Contract Tower,0,3,13,0,16,0,0,28,0,28,0,3,41,0,44,24,0,24,68
11/14/2022,GON,CT,ANE,EN,Federal Contract Tower,0,3,21,0,24,0,0,81,0,81,0,3,102,0,105,52,0,52,157
11/15/2022,GON,CT,ANE,EN,Federal Contract Tower,0,6,13,4,23,0,0,78,2,80,0,6,91,6,103,40,0,40,143
11/16/2022,GON,CT,ANE,EN,Federal Contract Tower,0,0,13,2,15,0,0,10,2,12,0,0,23,4,27,6,0,6,33
11/17/2022,GON,CT,ANE,EN,Federal Contract Tower,0,3,10,0,13,0,1,62,0,63,0,4,72,0,76,30,0,30,106
11/18/2022,GON,CT,ANE,EN,Federal Contract Tower,0,9,16,0,25,0,0,85,0,85,0,9,101,0,110,92,0,92,202
11/19/2022,GON,CT,ANE,EN,Federal Contract Tower,0,2,8,2,12,0,0,100,16,116,0,2,108,18,128,132,12,144,272
11/20/2022,GON,CT,ANE,EN,Federal Contract Tower,0,4,6,0,10,0,0,25,0,25,0,4,31,0,35,24,0,24,59
11/21/2022,GON,CT,ANE,EN,Federal Contract Tower,0,1,13,0,14,0,0,81,2,83,0,1,94,2,97,66,14,80,177
11/22/2022,GON,CT,ANE,EN,Federal Contract Tower,0,8,17,5,30,0,0,98,11,109,0,8,115,16,139,58,32,90,229
11/23/2022,GON,CT,ANE,EN,Federal Contract Tower,0,5,19,0,24,0,0,101,1,102,0,5,120,1,126,46,12,58,184
11/24/2022,GON,CT,ANE,EN,Federal Contract Tower,0,0,3,0,3,0,1,59,0,60,0,1,62,0,63,30,0,30,93
11/25/2022,GON,CT,ANE,EN,Federal Contract Tower,0,0,7,0,7,0,0,35,0,35,0,0,42,0,42,68,0,68,110
11/26/2022,GON,CT,ANE,EN,Federal Contract Tower,0,2,15,0,17,0,1,117,3,121,0,3,132,3,138,100,0,100,238
11/27/2022,GON,CT,ANE,EN,Federal Contract Tower,0,7,10,0,17,0,2,33,0,35,0,9,43,0,52,28,0,28,80
11/28/2022,GON,CT,ANE,EN,Federal Contract Tower,0,2,20,0,22,0,0,60,0,60,0,2,80,0,82,16,0,16,98
11/29/2022,GON,CT,ANE,EN,Federal Contract Tower,0,4,15,0,19,0,0,75,5,80,0,4,90,5,99,128,0,128,227
11/30/2022,GON,CT,ANE,EN,Federal Contract Tower,0,2,5,0,7,0,0,12,1,13,0,2,17,1,20,2,8,10,30
12/01/2022,GON,CT,ANE,EN,Federal Contract Tower,0,5,9,0,14,0,0,58,5,63,0,5,67,5,77,60,2,62,139
12/02/2022,GON,CT,ANE,EN,Federal Contract Tower,0,5,17,0,22,0,0,126,2,128,0,5,143,2,150,86,0,86,236
12/03/2022,GON,CT,ANE,EN,Federal Contract Tower,0,1,6,0,7,0,0,0,0,0,0,1,6,0,7,2,0,2,9
12/04/2022,GON,CT,ANE,EN,Federal Contract Tower,0,3,8,0,11,0,2,115,0,117,0,5,123,0,128,96,0,96,224
12/05/2022,GON,CT,ANE,EN,Federal Contract Tower,0,0,22,2,24,0,0,126,3,129,0,0,148,5,153,78,2,80,233
12/06/2022,GON,CT,ANE,EN,Federal Contract Tower,0,2,18,0,20,0,0,40,9,49,0,2,58,9,69,52,16,68,137
12/07/2022,GON,CT,ANE,EN,Federal Contract Tower,0,1,19,0,20,0,0,0,0,0,0,1,19,0,20,0,0,0,20
12/08/2022,GON,CT,ANE,EN,Federal Contract Tower,0,0,14,0,14,0,0,89,3,92,0,0,103,3,106,28,8,36,142
12/09/2022,GON,CT,ANE,EN,Federal Contract Tower,0,1,16,0,17,0,0,105,0,105,0,1,121,0,122,76,0,76,198
12/10/2022,GON,CT,ANE,EN,Federal Contract Tower,0,3,13,0,16,0,0,41,8,49,0,3,54,8,65,128,6,134,199
12/11/2022,GON,CT,ANE,EN,Federal Contract Tower,0,6,5,0,11,0,0,31,5,36,0,6,36,5,47,70,12,82,129
12/12/2022,GON,CT,ANE,EN,Federal Contract Tower,0,1,9,0,10,0,0,40,0,40,0,1,49,0,50,42,0,42,92
12/13/2022,GON,CT,ANE,EN,Federal Contract Tower,0,0,18,3,21,0,0,70,7,77,0,0,88,10,98,48,2,50,148
12/14/2022,GON,CT,ANE,EN,Federal Contract Tower,0,3,11,1,15,0,0,59,4,63,0,3,70,5,78,22,0,22,100
12/15/2022,GON,CT,ANE,EN,Federal Contract Tower,0,3,9,0,12,0,2,42,5,49,0,5,51,5,61,58,32,90,151
12/16/2022,GON,CT,ANE,EN,Federal Contract Tower,1,7,6,0,14,0,0,0,0,0,1,7,6,0,14,0,0,0,14
12/17/2022,GON,CT,ANE,EN,Federal Contract Tower,0,0,7,0,7,0,0,58,0,58,0,0,65,0,65,102,0,102,167
12/18/2022,GON,CT,ANE,EN,Federal Contract Tower,1,1,15,0,17,0,2,131,0,133,1,3,146,0,150,86,0,86,236
12/19/2022,GON,CT,ANE,EN,Federal Contract Tower,0,3,6,0,9,0,3,95,4,102,0,6,101,4,111,92,0,92,203
12/20/2022,GON,CT,ANE,EN,Federal Contract Tower,0,2,17,0,19,0,1,80,6,87,0,3,97,6,106,48,22,70,176
12/21/2022,GON,CT,ANE,EN,Federal Contract Tower,0,4,22,0,26,0,1,126,5,132,0,5,148,5,158,88,6,94,252
12/22/2022,GON,CT,ANE,EN,Federal Contract Tower,0,3,5,0,8,0,0,7,0,7,0,3,12,0,15,0,0,0,15
12/23/2022,GON,CT,ANE,EN,Federal Contract Tower,0,0,1,0,1,0,0,0,0,0,0,0,1,0,1,0,0,0,1
12/24/2022,GON,CT,ANE,EN,Federal Contract Tower,0,0,0,0,0,0,0,2,0,2,0,0,2,0,2,0,0,0,2
12/25/2022,GON,CT,ANE,EN,Federal Contract Tower,0,0,1,0,1,0,0,1,0,1,0,0,2,0,2,0,0,0,2
12/26/2022,GON,CT,ANE,EN,Federal Contract Tower,0,3,4,0,7,0,0,78,0,78,0,3,82,0,85,58,0,58,143
12/27/2022,GON,CT,ANE,EN,Federal Contract Tower,0,2,9,0,11,0,0,88,0,88,0,2,97,0,99,56,0,56,155
12/28/2022,GON,CT,ANE,EN,Federal Contract Tower,0,0,8,0,8,0,0,58,3,61,0,0,66,3,69,30,0,30,99
12/29/2022,GON,CT,ANE,EN,Federal Contract Tower,0,5,18,0,23,0,1,123,0,124,0,6,141,0,147,58,8,66,213
12/30/2022,GON,CT,ANE,EN,Federal Contract Tower,0,3,11,0,14,0,0,99,0,99,0,3,110,0,113,48,0,48,161
12/31/2022,GON,CT,ANE,EN,Federal Contract Tower,0,0,2,0,2,0,0,0,0,0,0,0,2,0,2,0,0,0,2
01/01/2023,GON,CT,ANE,EN,Federal Contract Tower,0,0,6,0,6,0,0,35,0,35,0,0,41,0,41,12,0,12,53
01/02/2023,GON,CT,ANE,EN,Federal Contract Tower,0,2,13,0,15,0,0,95,0,95,0,2,108,0,110,118,0,118,228
01/03/2023,GON,CT,ANE,EN,Federal Contract Tower,0,5,9,1,15,0,0,3,0,3,0,5,12,1,18,6,0,6,24
01/04/2023,GON,CT,ANE,EN,Federal Contract Tower,0,2,5,1,8,0,0,12,0,12,0,2,17,1,20,0,2,2,22
01/05/2023,GON,CT,ANE,EN,Federal Contract Tower,0,3,11,2,16,0,0,8,0,8,0,3,19,2,24,12,0,12,36
01/06/2023,GON,CT,ANE,EN,Federal Contract Tower,0,2,7,0,9,0,0,1,0,1,0,2,8,0,10,0,0,0,10
01/07/2023,GON,CT,ANE,EN,Federal Contract Tower,0,3,19,0,22,0,0,112,0,112,0,3,131,0,134,116,0,116,250
01/08/2023,GON,CT,ANE,EN,Federal Contract Tower,0,0,14,0,14,0,1,130,0,131,0,1,144,0,145,62,0,62,207
01/09/2023,GON,CT,ANE,EN,Federal Contract Tower,0,4,6,0,10,0,0,33,2,35,0,4,39,2,45,56,6,62,107
01/10/2023,GON,CT,ANE,EN,Federal Contract Tower,0,2,7,1,10,0,0,63,11,74,0,2,70,12,84,58,16,74,158
01/11/2023,GON,CT,ANE,EN,Federal Contract Tower,0,2,9,0,11,0,0,77,10,87,0,2,86,10,98,36,6,42,140
01/12/2023,GON,CT,ANE,EN,Federal Contract Tower,0,1,10,0,11,0,0,14,0,14,0,1,24,0,25,26,0,26,51
01/13/2023,GON,CT,ANE,EN,Federal Contract Tower,0,6,15,0,21,0,1,5,0,6,0,7,20,0,27,12,0,12,39
01/14/2023,GON,CT,ANE,EN,Federal Contract Tower,0,2,1,0,3,0,1,5,1,7,0,3,6,1,10,2,0,2,12
01/15/2023,GON,CT,ANE,EN,Federal Contract Tower,0,1,6,0,7,0,0,24,0,24,0,1,30,0,31,34,0,34,65
01/16/2023,GON,CT,ANE,EN,Federal Contract Tower,0,1,8,0,9,0,0,72,0,72,0,1,80,0,81,30,0,30,111
01/17/2023,GON,CT,ANE,EN,Federal Contract Tower,0,4,9,8,21,0,0,53,0,53,0,4,62,8,74,78,0,78,152
01/18/2023,GON,CT,ANE,EN,Federal Contract Tower,0,3,13,0,16,0,0,73,0,73,0,3,86,0,89,56,2,58,147
01/19/2023,GON,CT,ANE,EN,Federal Contract Tower,0,4,4,0,8,0,0,25,0,25,0,4,29,0,33,20,0,20,53
01/20/2023,GON,CT,ANE,EN,Federal Contract Tower,0,4,16,0,20,0,0,19,1,20,0,4,35,1,40,2,0,2,42
01/21/2023,GON,CT,ANE,EN,Federal Contract Tower,0,0,15,0,15,0,0,52,0,52,0,0,67,0,67,76,0,76,143
01/22/2023,GON,CT,ANE,EN,Federal Contract Tower,0,2,4,0,6,0,0,81,0,81,0,2,85,0,87,146,0,146,233
01/23/2023,GON,CT,ANE,EN,Federal Contract Tower,0,0,5,0,5,0,0,0,0,0,0,0,5,0,5,0,0,0,5
01/24/2023,GON,CT,ANE,EN,Federal Contract Tower,0,1,22,3,26,0,0,58,10,68,0,1,80,13,94,44,8,52,146
01/25/2023,GON,CT,ANE,EN,Federal Contract Tower,0,0,7,0,7,0,0,34,4,38,0,0,41,4,45,34,6,40,85
01/26/2023,GON,CT,ANE,EN,Federal Contract Tower,0,0,10,0,10,0,0,9,10,19,0,0,19,10,29,12,18,30,59
01/27/2023,GON,CT,ANE,EN,Federal Contract Tower,0,7,12,0,19,0,1,124,3,128,0,8,136,3,147,62,0,62,209
01/28/2023,GON,CT,ANE,EN,Federal Contract Tower,0,3,8,0,11,0,1,73,2,76,0,4,81,2,87,64,0,64,151
01/29/2023,GON,CT,ANE,EN,Federal Contract Tower,0,0,6,0,6,0,0,128,3,131,0,0,134,3,137,72,10,82,219
01/30/2023,GON,CT,ANE,EN,Federal Contract Tower,0,0,16,2,18,0,0,98,4,102,0,0,114,6,120,52,0,52,172
01/31/2023,GON,CT,ANE,EN,Federal Contract Tower,0,4,10,0,14,0,0,36,3,39,0,4,46,3,53,84,2,86,139
02/01/2023,GON,CT,ANE,EN,Federal Contract Tower,0,6,12,3,21,0,1,124,2,127,0,7,136,5,148,70,6,76,224
02/02/2023,GON,CT,ANE,EN,Federal Contract Tower,0,1,6,0,7,0,0,114,2,116,0,1,120,2,123,74,2,76,199
02/03/2023,GON,CT,ANE,EN,Federal Contract Tower,0,0,3,0,3,0,2,6,2,10,0,2,9,2,13,0,0,0,13
02/04/2023,GON,CT,ANE,EN,Federal Contract Tower,0,0,7,0,7,0,0,68,0,68,0,0,75,0,75,64,0,64,139
02/05/2023,GON,CT,ANE,EN,Federal Contract Tower,0,3,7,0,10,0,0,67,2,69,0,3,74,2,79,48,2,50,129
02/06/2023,GON,CT,ANE,EN,Federal Contract Tower,0,2,10,0,12,0,0,87,0,87,0,2,97,0,99,34,0,34,133
02/07/2023,GON,CT,ANE,EN,Federal Contract Tower,0,0,9,0,9,0,0,91,0,91,0,0,100,0,100,78,0,78,178
02/08/2023,GON,CT,ANE,EN,Federal Contract Tower,0,2,27,0,29,0,0,88,4,92,0,2,115,4,121,74,8,82,203
02/09/2023,GON,CT,ANE,EN,Federal Contract Tower,0,0,8,0,8,0,0,81,0,81,0,0,89,0,89,62,0,62,151
02/10/2023,GON,CT,ANE,EN,Federal Contract Tower,0,3,9,3,15,0,3,61,1,65,0,6,70,4,80,26,0,26,106
02/11/2023,GON,CT,ANE,EN,Federal Contract Tower,0,1,20,0,21,0,0,120,0,120,0,1,140,0,141,82,0,82,223
02/12/2023,GON,CT,ANE,EN,Federal Contract Tower,0,0,15,0,15,0,1,100,0,101,0,1,115,0,116,118,2,120,236
02/13/2023,GON,CT,ANE,EN,Federal Contract Tower,0,0,9,0,9,0,0,55,0,55,0,0,64,0,64,52,0,52,116
02/14/2023,GON,CT,ANE,EN,Federal Contract Tower,0,2,22,2,26,0,0,75,1,76,0,2,97,3,102,100,0,100,202
02/15/2023,GON,CT,ANE,EN,Federal Contract Tower,0,2,11,4,17,0,0,57,4,61,0,2,68,8,78,56,16,72,150
02/16/2023,GON,CT,ANE,EN,Federal Contract Tower,0,3,7,0,10,0,0,76,0,76,0,3,83,0,86,48,0,48,134
02/17/2023,GON,CT,ANE,EN,Federal Contract Tower,0,1,13,0,14,0,0,5,0,5,0,1,18,0,19,0,0,0,19
02/18/2023,GON,CT,ANE,EN,Federal Contract Tower,0,3,9,0,12,0,0,110,0,110,0,3,119,0,122,84,0,84,206
02/19/2023,GON,CT,ANE,EN,Federal Contract Tower,0,3,4,0,7,0,0,81,0,81,0,3,85,0,88,46,0,46,134
02/20/2023,GON,CT,ANE,EN,Federal Contract Tower,0,0,22,0,22,0,0,32,0,32,0,0,54,0,54,26,0,26,80
02/21/2023,GON,CT,ANE,EN,Federal Contract Tower,0,3,10,2,15,0,0,12,0,12,0,3,22,2,27,42,0,42,69
02/22/2023,GON,CT,ANE,EN,Federal Contract Tower,0,8,13,0,21,0,0,64,2,66,0,8,77,2,87,24,0,24,111
02/23/2023,GON,CT,ANE,EN,Federal Contract Tower,0,3,6,0,9,0,0,0,0,0,0,3,6,0,9,0,0,0,9
02/24/2023,GON,CT,ANE,EN,Federal Contract Tower,0,2,6,1,9,0,0,24,4,28,0,2,30,5,37,8,0,8,45
02/25/2023,GON,CT,ANE,EN,Federal Contract Tower,0,0,5,0,5,0,0,40,2,42,0,0,45,2,47,42,0,42,89
02/26/2023,GON,CT,ANE,EN,Federal Contract Tower,0,9,6,3,18,0,0,25,3,28,0,9,31,6,46,56,18,74,120
02/27/2023,GON,CT,ANE,EN,Federal Contract Tower,0,0,13,3,16,0,0,96,3,99,0,0,109,6,115,22,0,22,137
02/28/2023,GON,CT,ANE,EN,Federal Contract Tower,0,1,2,1,4,0,0,0,0,0,0,1,2,1,4,0,0,0,4
03/01/2023,GON,CT,ANE,EN,Federal Contract Tower,0,8,10,2,20,0,0,87,10,97,0,8,97,12,117,56,2,58,175
03/02/2023,GON,CT,ANE,EN,Federal Contract Tower,0,1,8,2,11,0,0,18,0,18,0,1,26,2,29,8,6,14,43
03/03/2023,GON,CT,ANE,EN,Federal Contract Tower,0,4,9,2,15,0,0,78,0,78,0,4,87,2,93,96,8,104,197
03/04/2023,GON,CT,ANE,EN,Federal Contract Tower,0,3,0,0,3,0,0,1,0,1,0,3,1,0,4,0,0,0,4
03/05/2023,GON,CT,ANE,EN,Federal Contract Tower,0,4,11,2,17,0,0,95,0,95,0,4,106,2,112,68,0,68,180
03/06/2023,GON,CT,ANE,EN,Federal Contract Tower,0,0,9,0,9,0,0,66,0,66,0,0,75,0,75,38,0,38,113
03/07/2023,GON,CT,ANE,EN,Federal Contract Tower,0,1,13,0,14,0,0,35,3,38,0,1,48,3,52,26,4,30,82
03/08/2023,GON,CT,ANE,EN,Federal Contract Tower,0,6,29,0,35,0,0,52,4,56,0,6,81,4,91,34,8,42,133
03/09/2023,GON,CT,ANE,EN,Federal Contract Tower,0,3,13,0,16,0,0,76,0,76,0,3,89,0,92,84,0,84,176
03/10/2023,GON,CT,ANE,EN,Federal Contract Tower,0,4,16,0,20,0,0,66,3,69,0,4,82,3,89,58,0,58,147
03/11/2023,GON,CT,ANE,EN,Federal Contract Tower,0,5,0,0,5,0,0,10,0,10,0,5,10,0,15,0,0,0,15
03/12/2023,GON,CT,ANE,EN,Federal Contract Tower,0,7,25,0,32,0,0,106,0,106,0,7,131,0,138,54,0,54,192
03/13/2023,GON,CT,ANE,EN,Federal Contract Tower,0,0,12,0,12,0,0,14,0,14,0,0,26,0,26,32,0,32,58
03/14/2023,GON,CT,ANE,EN,Federal Contract Tower,0,2,0,0,2,0,0,0,0,0,0,2,0,0,2,0,0,0,2
03/15/2023,GON,CT,ANE,EN,Federal Contract Tower,0,2,7,0,9,0,0,6,3,9,0,2,13,3,18,4,2,6,24
03/16/2023,GON,CT,ANE,EN,Federal Contract Tower,0,1,16,0,17,0,0,86,5,91,0,1,102,5,108,62,4,66,174
03/17/2023,GON,CT,ANE,EN,Federal Contract Tower,0,3,14,0,17,0,0,95,3,98,0,3,109,3,115,52,0,52,167
03/18/2023,GON,CT,ANE,EN,Federal Contract Tower,0,2,2,0,4,0,0,106,7,113,0,2,108,7,117,198,2,200,317
03/19/2023,GON,CT,ANE,EN,Federal Contract Tower,0,0,8,2,10,0,0,55,8,63,0,0,63,10,73,30,2,32,105
03/20/2023,GON,CT,ANE,EN,Federal Contract Tower,0,2,19,0,21,0,0,109,0,109,0,2,128,0,130,54,0,54,184
03/21/2023,GON,CT,ANE,EN,Federal Contract Tower,0,1,24,0,25,0,0,118,0,118,0,1,142,0,143,92,0,92,235
03/22/2023,GON,CT,ANE,EN,Federal Contract Tower,0,1,24,0,25,0,0,74,4,78,0,1,98,4,103,56,4,60,163
03/23/2023,GON,CT,ANE,EN,Federal Contract Tower,0,0,14,2,16,0,0,11,7,18,0,0,25,9,34,12,4,16,50
03/24/2023,GON,CT,ANE,EN,Federal Contract Tower,0,5,21,2,28,0,0,90,0,90,0,5,111,2,118,106,2,108,226
03/25/2023,GON,CT,ANE,EN,Federal Contract Tower,0,0,2,1,3,0,0,15,0,15,0,0,17,1,18,14,0,14,32
03/26/2023,GON,CT,ANE,EN,Federal Contract Tower,0,3,9,0,12,0,0,54,0,54,0,3,63,0,66,34,0,34,100
03/27/2023,GON,CT,ANE,EN,Federal Contract Tower,0,3,17,0,20,0,0,101,0,101,0,3,118,0,121,64,0,64,185
03/28/2023,GON,CT,ANE,EN,Federal Contract Tower,0,1,5,0,6,0,0,18,5,23,0,1,23,5,29,42,0,42,71
03/29/2023,GON,CT,ANE,EN,Federal Contract Tower,0,3,23,0,26,0,0,116,2,118,0,3,139,2,144,70,0,70,214
03/30/2023,GON,CT,ANE,EN,Federal Contract Tower,0,5,12,1,18,0,0,63,0,63,0,5,75,1,81,52,0,52,133
03/31/2023,GON,CT,ANE,EN,Federal Contract Tower,0,2,13,2,17,0,0,69,3,72,0,2,82,5,89,42,0,42,131
04/01/2023,GON,CT,ANE,EN,Federal Contract Tower,0,2,3,0,5,0,0,0,0,0,0,2,3,0,5,0,0,0,5
04/02/2023,GON,CT,ANE,EN,Federal Contract Tower,0,5,11,0,16,0,0,59,0,59,0,5,70,0,75,34,0,34,109
04/03/2023,GON,CT,ANE,EN,Federal Contract Tower,0,1,13,0,14,0,0,77,4,81,0,1,90,4,95,56,0,56,151
04/04/2023,GON,CT,ANE,EN,Federal Contract Tower,0,3,18,0,21,0,1,67,0,68,0,4,85,0,89,42,0,42,131
04/05/2023,GON,CT,ANE,EN,Federal Contract Tower,0,4,13,5,22,0,0,29,3,32,0,4,42,8,54,16,6,22,76
04/06/2023,GON,CT,ANE,EN,Federal Contract Tower,0,6,12,0,18,0,2,26,2,30,0,8,38,2,48,30,8,38,86
04/07/2023,GON,CT,ANE,EN,Federal Contract Tower,0,3,13,0,16,0,3,95,0,98,0,6,108,0,114,54,0,54,168
04/08/2023,GON,CT,ANE,EN,Federal Contract Tower,0,3,3,0,6,0,5,135,0,140,0,8,138,0,146,180,0,180,326
04/09/2023,GON,CT,ANE,EN,Federal Contract Tower,0,2,8,0,10,0,0,80,0,80,0,2,88,0,90,30,0,30,120
04/10/2023,GON,CT,ANE,EN,Federal Contract Tower,0,4,15,0,19,0,0,122,2,124,0,4,137,2,143,120,0,120,263
04/11/2023,GON,CT,ANE,EN,Federal Contract Tower,0,2,13,3,18,0,3,95,8,106,0,5,108,11,124,140,6,146,270
04/12/2023,GON,CT,ANE,EN,Federal Contract Tower,0,5,15,0,20,0,0,45,5,50,0,5,60,5,70,28,0,28,98
04/13/2023,GON,CT,ANE,EN,Federal Contract Tower,0,5,8,4,17,0,0,103,16,119,0,5,111,20,136,92,0,92,228
04/14/2023,GON,CT,ANE,EN,Federal Contract Tower,0,2,8,0,10,0,0,105,4,109,0,2,113,4,119,94,0,94,213
04/15/2023,GON,CT,ANE,EN,Federal Contract Tower,0,6,17,2,25,0,0,0,0,0,0,6,17,2,25,4,0,4,29
04/16/2023,GON,CT,ANE,EN,Federal Contract Tower,0,0,13,0,13,0,0,0,0,0,0,0,13,0,13,4,0,4,17
04/17/2023,GON,CT,ANE,EN,Federal Contract Tower,0,2,8,0,10,0,0,0,0,0,0,2,8,0,10,0,0,0,10
04/18/2023,GON,CT,ANE,EN,Federal Contract Tower,0,3,12,1,16,0,0,66,0,66,0,3,78,1,82,36,4,40,122
04/19/2023,GON,CT,ANE,EN,Federal Contract Tower,0,5,14,1,20,0,0,108,5,113,0,5,122,6,133,90,0,90,223
04/20/2023,GON,CT,ANE,EN,Federal Contract Tower,0,5,26,0,31,0,0,168,4,172,0,5,194,4,203,112,0,112,315
04/21/2023,GON,CT,ANE,EN,Federal Contract Tower,0,3,11,1,15,0,0,90,5,95,0,3,101,6,110,56,0,56,166
04/22/2023,GON,CT,ANE,EN,Federal Contract Tower,0,5,11,0,16,0,0,16,3,19,0,5,27,3,35,10,0,10,45
04/23/2023,GON,CT,ANE,EN,Federal Contract Tower,0,3,8,0,11,0,0,3,0,3,0,3,11,0,14,2,0,2,16
04/24/2023,GON,CT,ANE,EN,Federal Contract Tower,0,3,14,1,18,0,0,64,4,68,0,3,78,5,86,70,0,70,156
04/25/2023,GON,CT,ANE,EN,Federal Contract Tower,0,5,18,0,23,0,2,76,10,88,0,7,94,10,111,80,2,82,193
04/26/2023,GON,CT,ANE,EN,Federal Contract Tower,0,1,16,0,17,0,0,80,0,80,0,1,96,0,97,52,0,52,149
04/27/2023,GON,CT,ANE,EN,Federal Contract Tower,0,3,29,1,33,0,0,54,5,59,0,3,83,6,92,90,2,92,184
04/28/2023,GON,CT,ANE,EN,Federal Contract Tower,0,7,20,0,27,0,1,55,3,59,0,8,75,3,86,76,0,76,162
04/29/2023,GON,CT,ANE,EN,Federal Contract Tower,0,2,4,0,6,0,0,4,0,4,0,2,8,0,10,0,0,0,10
04/30/2023,GON,CT,ANE,EN,Federal Contract Tower,0,2,9,0,11,0,0,0,0,0,0,2,9,0,11,0,0,0,11
05/01/2023,GON,CT,ANE,EN,Federal Contract Tower,0,3,11,0,14,0,0,35,0,35,0,3,46,0,49,0,0,0,49
05/02/2023,GON,CT,ANE,EN,Federal Contract Tower,0,3,15,1,19,0,0,53,0,53,0,3,68,1,72,66,16,82,154
05/03/2023,GON,CT,ANE,EN,Federal Contract Tower,0,5,13,0,18,0,5,84,0,89,0,10,97,0,107,70,0,70,177
05/04/2023,GON,CT,ANE,EN,Federal Contract Tower,0,3,14,0,17,0,0,34,0,34,0,3,48,0,51,54,2,56,107
05/05/2023,GON,CT,ANE,EN,Federal Contract Tower,0,6,15,0,21,0,0,65,0,65,0,6,80,0,86,90,0,90,176
05/06/2023,GON,CT,ANE,EN,Federal Contract Tower,0,4,12,0,16,0,6,160,1,167,0,10,172,1,183,40,0,40,223
05/07/2023,GON,CT,ANE,EN,Federal Contract Tower,0,7,19,1,27,0,15,132,2,149,0,22,151,3,176,120,0,120,296
05/08/2023,GON,CT,ANE,EN,Federal Contract Tower,0,3,8,4,15,0,2,72,1,75,0,5,80,5,90,64,0,64,154
05/09/2023,GON,CT,ANE,EN,Federal Contract Tower,0,5,11,6,22,0,0,91,0,91,0,5,102,6,113,104,4,108,221
05/10/2023,GON,CT,ANE,EN,Federal Contract Tower,0,8,21,6,35,0,0,65,11,76,0,8,86,17,111,48,0,48,159
05/11/2023,GON,CT,ANE,EN,Federal Contract Tower,0,1,23,3,27,0,0,94,1,95,0,1,117,4,122,58,2,60,182
05/12/2023,GON,CT,ANE,EN,Federal Contract Tower,0,4,16,2,22,0,0,115,4,119,0,4,131,6,141,66,4,70,211
05/13/2023,GON,CT,ANE,EN,Federal Contract Tower,0,1,8,1,10,0,0,98,0,98,0,1,106,1,108,66,0,66,174
05/14/2023,GON,CT,ANE,EN,Federal Contract Tower,0,0,12,0,12,0,3,100,0,103,0,3,112,0,115,54,0,54,169
05/15/2023,GON,CT,ANE,EN,Federal Contract Tower,0,4,10,0,14,0,0,103,2,105,0,4,113,2,119,42,2,44,163
05/16/2023,GON,CT,ANE,EN,Federal Contract Tower,0,11,17,7,35,0,1,49,2,52,0,12,66,9,87,54,0,54,141
05/17/2023,GON,CT,ANE,EN,Federal Contract Tower,0,7,11,5,23,0,3,38,10,51,0,10,49,15,74,28,0,28,102
05/18/2023,GON,CT,ANE,EN,Federal Contract Tower,0,2,22,1,25,0,0,119,3,122,0,2,141,4,147,98,0,98,245
05/19/2023,GON,CT,ANE,EN,Federal Contract Tower,0,3,18,3,24,0,0,85,2,87,0,3,103,5,111,42,0,42,153
05/20/2023,GON,CT,ANE,EN,Federal Contract Tower,0,6,18,0,24,0,0,0,0,0,0,6,18,0,24,0,0,0,24
05/21/2023,GON,CT,ANE,EN,Federal Contract Tower,0,2,12,2,16,0,1,102,4,107,0,3,114,6,123,98,8,106,229
05/22/2023,GON,CT,ANE,EN,Federal Contract Tower,0,3,15,0,18,0,3,89,2,94,0,6,104,2,112,48,0,48,160
05/23/2023,GON,CT,ANE,EN,Federal Contract Tower,0,9,16,0,25,0,6,83,1,90,0,15,99,1,115,60,0,60,175
05/24/2023,GON,CT,ANE,EN,Federal Contract Tower,0,11,19,3,33,0,1,101,7,109,0,12,120,10,142,36,16,52,194
05/25/2023,GON,CT,ANE,EN,Federal Contract Tower,0,6,15,2,23,0,4,123,5,132,0,10,138,7,155,64,0,64,219
05/26/2023,GON,CT,ANE,EN,Federal Contract Tower,0,6,10,1,17,0,13,123,2,138,0,19,133,3,155,104,0,104,259
05/27/2023,GON,CT,ANE,EN,Federal Contract Tower,0,8,6,0,14,0,3,106,0,109,0,11,112,0,123,98,0,98,221
05/28/2023,GON,CT,ANE,EN,Federal Contract Tower,0,2,3,0,5,0,3,92,1,96,0,5,95,1,101,88,0,88,189
05/29/2023,GON,CT,ANE,EN,Federal Contract Tower,0,10,7,0,17,0,2,63,0,65,0,12,70,0,82,34,0,34,116
05/30/2023,GON,CT,ANE,EN,Federal Contract Tower,0,3,14,5,22,0,2,71,3,76,0,5,85,8,98,80,2,82,180
05/31/2023,GON,CT,ANE,EN,Federal Contract Tower,0,4,10,2,16,0,2,71,6,79,0,6,81,8,95,60,8,68,163
06/01/2023,GON,CT,ANE,EN,Federal Contract Tower,0,6,5,2,13,0,1,91,1,93,0,7,96,3,106,52,10,62,168
06/02/2023,GON,CT,ANE,EN,Federal Contract Tower,0,1,14,0,15,0,0,84,5,89,0,1,98,5,104,76,0,76,180
06/03/2023,GON,CT,ANE,EN,Federal Contract Tower,0,2,20,4,26,0,1,16,1,18,0,3,36,5,44,0,0,0,44
06/04/2023,GON,CT,ANE,EN,Federal Contract Tower,0,5,12,2,19,0,1,51,8,60,0,6,63,10,79,54,30,84,163
06/05/2023,GON,CT,ANE,EN,Federal Contract Tower,0,4,16,1,21,0,0,49,8,57,0,4,65,9,78,40,2,42,120
06/06/2023,GON,CT,ANE,EN,Federal Contract Tower,0,5,19,0,24,0,4,32,12,48,0,9,51,12,72,72,24,96,168
06/07/2023,GON,CT,ANE,EN,Federal Contract Tower,0,6,20,2,28,0,0,34,4,38,0,6,54,6,66,56,0,56,122
06/08/2023,GON,CT,ANE,EN,Federal Contract Tower,0,5,19,3,27,0,0,64,7,71,0,5,83,10,98,60,2,62,160
06/09/2023,GON,CT,ANE,EN,Federal Contract Tower,0,7,19,2,28,0,2,70,8,80,0,9,89,10,108,62,18,80,188
06/10/2023,GON,CT,ANE,EN,Federal Contract Tower,0,1,13,0,14,0,0,113,10,123,0,1,126,10,137,92,0,92,229
06/11/2023,GON,CT,ANE,EN,Federal Contract Tower,0,8,18,0,26,0,6,122,5,133,0,14,140,5,159,114,14,128,287
06/12/2023,GON,CT,ANE,EN,Federal Contract Tower,0,6,18,2,26,0,1,36,13,50,0,7,54,15,76,32,0,32,108
06/13/2023,GON,CT,ANE,EN,Federal Contract Tower,0,2,15,11,28,0,0,51,2,53,0,2,66,13,81,52,0,52,133
06/14/2023,GON,CT,ANE,EN,Federal Contract Tower,0,12,9,0,21,0,3,47,4,54,0,15,56,4,75,32,2,34,109
06/15/2023,GON,CT,ANE,EN,Federal Contract Tower,0,14,23,0,37,0,2,105,3,110,0,16,128,3,147,140,0,140,287
06/16/2023,GON,CT,ANE,EN,Federal Contract Tower,0,14,22,3,39,0,2,78,0,80,0,16,100,3,119,46,0,46,165
06/17/2023,GON,CT,ANE,EN,Federal Contract Tower,0,8,13,1,22,0,0,24,0,24,0,8,37,1,46,32,0,32,78
06/18/2023,GON,CT,ANE,EN,Federal Contract Tower,0,4,12,0,16,0,2,94,0,96,0,6,106,0,112,94,0,94,206
06/19/2023,GON,CT,ANE,EN,Federal Contract Tower,0,6,23,0,29,0,7,118,0,125,0,13,141,0,154,76,0,76,230
06/20/2023,GON,CT,ANE,EN,Federal Contract Tower,0,2,15,0,17,0,2,86,0,88,0,4,101,0,105,82,0,82,187
06/21/2023,GON,CT,ANE,EN,Federal Contract Tower,0,3,18,0,21,0,4,80,11,95,0,7,98,11,116,62,10,72,188
06/22/2023,GON,CT,ANE,EN,Federal Contract Tower,0,6,23,0,29,0,0,29,0,29,0,6,52,0,58,58,0,58,116
06/23/2023,GON,CT,ANE,EN,Federal Contract Tower,0,12,40,3,55,0,2,14,1,17,0,14,54,4,72,10,2,12,84
06/24/2023,GON,CT,ANE,EN,Federal Contract Tower,0,6,15,0,21,0,2,3,0,5,0,8,18,0,26,0,0,0,26
06/25/2023,GON,CT,ANE,EN,Federal Contract Tower,0,7,32,2,41,0,1,16,0,17,0,8,48,2,58,12,2,14,72
06/26/2023,GON,CT,ANE,EN,Federal Contract Tower,0,5,23,0,28,0,0,1,0,1,0,5,24,0,29,0,0,0,29
06/27/2023,GON,CT,ANE,EN,Federal Contract Tower,0,10,32,1,43,0,1,19,0,20,0,11,51,1,63,20,0,20,83
06/28/2023,GON,CT,ANE,EN,Federal Contract Tower,0,4,18,2,24,0,3,16,0,19,0,7,34,2,43,36,0,36,79
06/29/2023,GON,CT,ANE,EN,Federal Contract Tower,0,6,59,3,68,0,4,142,9,155,0,10,201,12,223,124,12,136,359
06/30/2023,GON,CT,ANE,EN,Federal Contract Tower,0,15,42,0,57,0,4,100,0,104,0,19,142,0,161,104,0,104,265
07/01/2023,GON,CT,ANE,EN,Federal Contract Tower,0,10,32,0,42,0,3,53,0,56,0,13,85,0,98,90,0,90,188
07/02/2023,GON,CT,ANE,EN,Federal Contract Tower,0,10,16,0,26,0,0,12,0,12,0,10,28,0,38,36,0,36,74
07/03/2023,GON,CT,ANE,EN,Federal Contract Tower,0,5,7,0,12,0,1,54,0,55,0,6,61,0,67,42,0,42,109
07/04/2023,GON,CT,ANE,EN,Federal Contract Tower,0,2,5,0,7,0,0,11,0,11,0,2,16,0,18,42,0,42,60
07/05/2023,GON,CT,ANE,EN,Federal Contract Tower,0,8,29,5,42,0,6,77,3,86,0,14,106,8,128,24,0,24,152
07/06/2023,GON,CT,ANE,EN,Federal Contract Tower,0,7,24,0,31,0,0,99,3,102,0,7,123,3,133,94,0,94,227
07/07/2023,GON,CT,ANE,EN,Federal Contract Tower,0,9,33,0,42,0,0,25,5,30,0,9,58,5,72,6,0,6,78
07/08/2023,GON,CT,ANE,EN,Federal Contract Tower,0,17,18,0,35,0,3,62,0,65,0,20,80,0,100,66,0,66,166
07/09/2023,GON,CT,ANE,EN,Federal Contract Tower,0,6,21,2,29,0,0,15,0,15,0,6,36,2,44,12,0,12,56
07/10/2023,GON,CT,ANE,EN,Federal Contract Tower,0,9,22,2,33,0,0,10,0,10,0,9,32,2,43,0,0,0,43
07/11/2023,GON,CT,ANE,EN,Federal Contract Tower,0,5,25,3,33,0,6,105,5,116,0,11,130,8,149,80,16,96,245
07/12/2023,GON,CT,ANE,EN,Federal Contract Tower,0,3,28,0,31,0,2,139,4,145,0,5,167,4,176,130,0,130,306
07/13/2023,GON,CT,ANE,EN,Federal Contract Tower,0,5,16,3,24,0,1,103,3,107,0,6,119,6,131,102,2,104,235
07/14/2023,GON,CT,ANE,EN,Federal Contract Tower,0,9,23,0,32,0,4,37,0,41,0,13,60,0,73,18,0,18,91
07/15/2023,GON,CT,ANE,EN,Federal Contract Tower,0,12,14,0,26,0,39,2,0,41,0,51,16,0,67,52,0,52,119
07/16/2023,GON,CT,ANE,EN,Federal Contract Tower,0,11,13,0,24,0,0,1,0,1,0,11,14,0,25,0,0,0,25
07/17/2023,GON,CT,ANE,EN,Federal Contract Tower,0,9,19,0,28,0,2,66,2,70,0,11,85,2,98,20,2,22,120
07/18/2023,GON,CT,ANE,EN,Federal Contract Tower,0,4,47,0,51,0,0,8,0,8,0,4,55,0,59,8,0,8,67
07/19/2023,GON,CT,ANE,EN,Federal Contract Tower,0,6,30,2,38,0,1,86,5,92,0,7,116,7,130,74,0,74,204
07/20/2023,GON,CT,ANE,EN,Federal Contract Tower,0,12,9,2,23,0,13,135,4,152,0,25,144,6,175,124,0,124,299
07/21/2023,GON,CT,ANE,EN,Federal Contract Tower,0,15,22,2,39,0,1,57,0,58,0,16,79,2,97,110,10,120,217
07/22/2023,GON,CT,ANE,EN,Federal Contract Tower,0,8,15,0,23,0,1,110,11,122,0,9,125,11,145,104,4,108,253
07/23/2023,GON,CT,ANE,EN,Federal Contract Tower,0,8,13,1,22,0,3,134,4,141,0,11,147,5,163,78,2,80,243
07/24/2023,GON,CT,ANE,EN,Federal Contract Tower,0,5,26,3,34,0,6,114,0,120,0,11,140,3,154,80,0,80,234
07/25/2023,GON,CT,ANE,EN,Federal Contract Tower,0,2,16,1,19,0,2,52,9,63,0,4,68,10,82,80,6,86,168
07/26/2023,GON,CT,ANE,EN,Federal Contract Tower,0,6,26,2,34,0,0,119,1,120,0,6,145,3,154,89,4,93,247
07/27/2023,GON,CT,ANE,EN,Federal Contract Tower,0,9,12,2,23,0,2,76,0,78,0,11,88,2,101,56,0,56,157
07/28/2023,GON,CT,ANE,EN,Federal Contract Tower,0,6,17,0,23,0,1,88,4,93,0,7,105,4,116,108,2,110,226
07/29/2023,GON,CT,ANE,EN,Federal Contract Tower,0,2,8,0,10,0,6,57,2,65,0,8,65,2,75,26,0,26,101
07/30/2023,GON,CT,ANE,EN,Federal Contract Tower,0,5,29,0,34,0,4,125,14,143,0,9,154,14,177,74,0,74,251
07/31/2023,GON,CT,ANE,EN,Federal Contract Tower,0,8,11,0,19,0,1,105,10,116,0,9,116,10,135,110,0,110,245
08/01/2023,GON,CT,ANE,EN,Federal Contract Tower,0,7,12,0,19,0,3,104,2,109,0,10,116,2,128,46,0,46,174
08/02/2023,GON,CT,ANE,EN,Federal Contract Tower,0,13,11,1,25,0,1,122,8,131,0,14,133,9,156,100,2,102,258
08/03/2023,GON,CT,ANE,EN,Federal Contract Tower,0,16,23,0,39,0,2,118,2,122,0,18,141,2,161,120,0,120,281
08/04/2023,GON,CT,ANE,EN,Federal Contract Tower,0,8,23,0,31,0,4,74,0,78,0,12,97,0,109,48,0,48,157
08/05/2023,GON,CT,ANE,EN,Federal Contract Tower,0,5,13,2,20,0,1,118,3,122,0,6,131,5,142,92,0,92,234
08/06/2023,GON,CT,ANE,EN,Federal Contract Tower,1,7,11,0,19,0,2,129,0,131,1,9,140,0,150,84,0,84,234
08/07/2023,GON,CT,ANE,EN,Federal Contract Tower,1,0,25,0,26,0,4,28,0,32,1,4,53,0,58,50,0,50,108
08/08/2023,GON,CT,ANE,EN,Federal Contract Tower,0,15,14,0,29,0,2,60,0,62,0,17,74,0,91,88,0,88,179
08/09/2023,GON,CT,ANE,EN,Federal Contract Tower,0,4,22,5,31,0,6,101,4,111,0,10,123,9,142,64,0,64,206
08/10/2023,GON,CT,ANE,EN,Federal Contract Tower,0,18,24,1,43,0,6,113,1,120,0,24,137,2,163,110,0,110,273
08/11/2023,GON,CT,ANE,EN,Federal Contract Tower,0,10,14,2,26,0,2,150,0,152,0,12,164,2,178,52,0,52,230
08/12/2023,GON,CT,ANE,EN,Federal Contract Tower,0,4,12,2,18,0,1,85,0,86,0,5,97,2,104,80,0,80,184
08/13/2023,GON,CT,ANE,EN,Federal Contract Tower,0,13,21,0,34,0,1,84,7,92,0,14,105,7,126,58,0,58,184
08/14/2023,GON,CT,ANE,EN,Federal Contract Tower,0,3,24,2,29,0,1,147,1,149,0,4,171,3,178,64,0,64,242
08/15/2023,GON,CT,ANE,EN,Federal Contract Tower,0,6,24,2,32,0,5,14,2,21,0,11,38,4,53,16,0,16,69
08/16/2023,GON,CT,ANE,EN,Federal Contract Tower,0,12,29,1,42,0,3,8,2,13,0,15,37,3,55,0,0,0,55
08/17/2023,GON,CT,ANE,EN,Federal Contract Tower,0,18,54,1,73,0,0,7,1,8,0,18,61,2,81,2,0,2,83
08/18/2023,GON,CT,ANE,EN,Federal Contract Tower,0,10,14,0,24,0,1,75,0,76,0,11,89,0,100,44,0,44,144
08/19/2023,GON,CT,ANE,EN,Federal Contract Tower,0,3,7,0,10,0,3,144,0,147,0,6,151,0,157,150,0,150,307
08/20/2023,GON,CT,ANE,EN,Federal Contract Tower,0,8,10,0,18,0,9,140,0,149,0,17,150,0,167,68,0,68,235
08/21/2023,GON,CT,ANE,EN,Federal Contract Tower,0,5,21,0,26,0,3,84,2,89,0,8,105,2,115,42,0,42,157
08/22/2023,GON,CT,ANE,EN,Federal Contract Tower,0,4,12,1,17,0,0,67,2,69,0,4,79,3,86,22,0,22,108
08/23/2023,GON,CT,ANE,EN,Federal Contract Tower,0,10,21,0,31,0,2,137,2,141,0,12,158,2,172,22,0,22,194
08/24/2023,GON,CT,ANE,EN,Federal Contract Tower,0,13,14,1,28,0,5,72,1,78,0,18,86,2,106,42,0,42,148
08/25/2023,GON,CT,ANE,EN,Federal Contract Tower,0,16,16,0,32,0,0,12,0,12,0,16,28,0,44,4,0,4,48
08/26/2023,GON,CT,ANE,EN,Federal Contract Tower,0,12,5,0,17,0,0,69,0,69,0,12,74,0,86,80,0,80,166
08/27/2023,GON,CT,ANE,EN,Federal Contract Tower,0,4,19,0,23,0,5,89,0,94,0,9,108,0,117,110,0,110,227
08/28/2023,GON,CT,ANE,EN,Federal Contract Tower,0,11,23,0,34,0,1,37,0,38,0,12,60,0,72,40,0,40,112
08/29/2023,GON,CT,ANE,EN,Federal Contract Tower,0,13,23,7,43,0,0,0,0,0,0,13,23,7,43,0,0,0,43
08/30/2023,GON,CT,ANE,EN,Federal Contract Tower,0,13,27,0,40,0,3,47,0,50,0,16,74,0,90,60,0,60,150
08/31/2023,GON,CT,ANE,EN,Federal Contract Tower,0,8,14,1,23,0,4,79,7,90,0,12,93,8,113,70,2,72,185
